Barcode,Topic 1,Topic 2,Topic 3,Topic 4,Topic 5,Topic 6,Topic 7,Topic 8
AAACAACGAATAGTTC-1,0.005155,0.000031,0.006405,0.138561,0.18858,0.389301,0.050402,0.221565
AAACAAGTATCTCCCA-1,0.083663,0.090502,0.126662,0.01889,0.353706,0.031665,0.191226,0.103685
AAACACCAATAACTGC-1,0.018282,0.10223,0.030849,0.254393,0.319292,0.153284,0.054717,0.066954
AAACAGAGCGACTCCT-1,0.114528,0.175518,0.00693,0.055048,0.306926,0.052518,0.203143,0.085388
AAACAGCTTTCAGAAG-1,0.022261,0.009318,0.016237,0.217909,0.199477,0.086751,0.048505,0.399543
AAACAGGGTCTATATT-1,0.207829,0.000042,0.000826,0.000042,0.047347,0.075712,0.324422,0.34378
AAACAGTGTTCCTGGG-1,0.765511,0.23413,0.00006,0.00006,0.00006,0.00006,0.00006,0.00006
AAACATGGTGAGAGGA-1,0.027226,0.115255,0.169483,0.143478,0.119582,0.033823,0.039914,0.351238
AAACATTTCCCGGATT-1,0.001609,0.047265,0.228856,0.362775,0.152029,0.080524,0.020955,0.105987
AAACCCGAACGAAATC-1,0.052987,0.149028,0.246947,0.075191,0.179946,0.01264,0.004637,0.278625
AAACCGGAAATGTTAA-1,0.00002,0.349417,0.352481,0.02533,0.218795,0.025027,0.0016,0.027331
AAACCGGGTAGGTACC-1,0.001001,0.000035,0.025548,0.030375,0.290262,0.350675,0.261465,0.040638
AAACCGTTCGTCCAGG-1,0.032644,0.013054,0.001461,0.358746,0.00783,0.373882,0.192193,0.020191
AAACCTAAGCAGCCGG-1,0.063618,0.000046,0.181832,0.045575,0.080799,0.286334,0.315158,0.026639
AAACCTCATGAAGTTG-1,0.000035,0.092503,0.040375,0.051052,0.25433,0.442609,0.029083,0.090013
AAACGAAGATGGAGTA-1,0.126832,0.003045,0.191901,0.081169,0.04727,0.05222,0.041764,0.455801
AAACGAGACGGTTGAT-1,0.000021,0.008563,0.000021,0.290646,0.412347,0.287256,0.001123,0.000021
AAACGCTGGGCACGAC-1,0.107398,0.550977,0.087195,0.000063,0.000063,0.000063,0.000063,0.254176
AAACGGGCGTACGGGT-1,0.021546,0.00319,0.216871,0.157802,0.237755,0.14562,0.114158,0.103058
AAACGGGTTGGTATCC-1,0.055464,0.024554,0.000046,0.131139,0.098613,0.448676,0.060442,0.181066
AAACGGTTGCGAACTG-1,0.912379,0.053851,0.000082,0.000082,0.000082,0.005413,0.025985,0.002124
AAACGTGTTCGCCCTA-1,0.214387,0.261108,0.291289,0.002764,0.081962,0.010115,0.106412,0.031962
AAACTAACGTGGCGAC-1,0.071494,0.028703,0.218078,0.024687,0.345305,0.010962,0.036683,0.264087
AAACTCGGTTCGCAAT-1,0.061111,0.263569,0.006323,0.264215,0.001476,0.195054,0.204592,0.00366
AAACTCGTGATATAAG-1,0.037709,0.093744,0.017727,0.26298,0.089588,0.066853,0.01387,0.417529
AAACTGCTGGCTCCAA-1,0.006568,0.048154,0.015243,0.466847,0.009706,0.270371,0.159897,0.023214
AAACTTAATTGCACGC-1,0.000013,0.205257,0.112221,0.187152,0.417249,0.056223,0.001084,0.020801
AAACTTGCAAACGTAT-1,0.329941,0.032888,0.049708,0.00081,0.102548,0.003119,0.447033,0.033953
AAAGAATGACCTTAGA-1,0.000015,0.104344,0.360135,0.083516,0.153451,0.094333,0.001554,0.202653
AAAGAATGTGGACTAA-1,0.000475,0.594326,0.159937,0.12134,0.087159,0.011288,0.008135,0.01734
AAAGACTGGGCGCTTT-1,0.064708,0.006698,0.050965,0.011867,0.457561,0.060871,0.158138,0.189192
AAAGCTTGCCTACATA-1,0.029678,0.134091,0.235542,0.027751,0.06459,0.030338,0.147319,0.330692
AAAGGCCCTATAATAC-1,0.028104,0.079923,0.235298,0.096104,0.155253,0.216226,0.128707,0.060385
AAAGGCTACGGACCAT-1,0.997832,0.00006,0.00006,0.00006,0.00006,0.00006,0.00006,0.001809
AAAGGCTCTCGCGCCG-1,0.760952,0.238709,0.000057,0.000057,0.000057,0.000057,0.000057,0.000057
AAAGGGATGTAGCAAG-1,0.048589,0.000046,0.000046,0.043336,0.010109,0.392972,0.490748,0.014152
AAAGGGCAGCTTGAAT-1,0.04294,0.003519,0.01894,0.026724,0.512219,0.226382,0.134179,0.035097
AAAGGTAAGCTGTACC-1,0.061628,0.007904,0.050403,0.047695,0.652253,0.033455,0.019102,0.12756
AAAGTAGCATTGCTCA-1,0.000019,0.036489,0.009863,0.118713,0.407144,0.415414,0.01234,0.000019
AAAGTCGACCCTCAGT-1,0.02397,0.077154,0.004966,0.273474,0.513406,0.059712,0.025852,0.021466
AAAGTGCCATCAATTA-1,0.144358,0.149018,0.569815,0.001339,0.005401,0.003431,0.016483,0.110155
AAAGTGTGATTTATCT-1,0.060341,0.000095,0.079768,0.000095,0.032225,0.165775,0.550815,0.110887
AAAGTTGACTCCCGTA-1,0.099331,0.00004,0.124484,0.082223,0.386304,0.14307,0.158403,0.006144
AAATAACCATACGGGA-1,0.002972,0.069551,0.001687,0.181509,0.494618,0.231278,0.018364,0.000021
AAATAAGGTAGTGCCC-1,0.070359,0.000067,0.042037,0.002652,0.126401,0.021905,0.266948,0.469631
AAATACCTATAAGCAT-1,0.253436,0.032306,0.012337,0.404916,0.02623,0.022096,0.248646,0.000032
AAATAGCTTAGACTTT-1,0.119645,0.123964,0.049401,0.035858,0.120842,0.097533,0.24755,0.205208
AAATAGGGTGCTATTG-1,0.045095,0.000047,0.021074,0.031532,0.062038,0.457324,0.343461,0.03943
AAATCCGATACACGCC-1,0.095459,0.093388,0.107431,0.199745,0.237649,0.118162,0.147411,0.000755
AAATCGCGGAAGGAGT-1,0.076938,0.128961,0.08712,0.228368,0.090679,0.020545,0.215061,0.152327
AAATCGTGTACCACAA-1,0.999311,0.000098,0.000098,0.000098,0.000098,0.000098,0.000098,0.000098
AAATCTAGCCCTGCTA-1,0.000371,0.000042,0.143931,0.027023,0.126316,0.444296,0.098898,0.159123
AAATCTGCCCGCGTCC-1,0.045041,0.664023,0.259108,0.005906,0.000016,0.000016,0.000016,0.025873
AAATGACTGATCAAAC-1,0.829881,0.000076,0.113622,0.000076,0.000076,0.000076,0.016211,0.039983
AAATGATTCGATCAGC-1,0.214674,0.122411,0.004167,0.054915,0.431196,0.01514,0.066866,0.090632
AAATGCTCGTTACGTT-1,0.018942,0.000036,0.010586,0.003583,0.341863,0.512993,0.034796,0.0772
AAATGGCATGTCTTGT-1,0.137088,0.000045,0.002173,0.127422,0.122247,0.211451,0.395955,0.003618
AAATGGCCCGTGCCCT-1,0.038166,0.053809,0.087854,0.012944,0.299127,0.117814,0.282377,0.107911
AAATGGTCAATGTGCC-1,0.893649,0.000211,0.000211,0.000211,0.000211,0.000211,0.068665,0.036632
AAATGTATCTTATCCC-1,0.090465,0.00009,0.000582,0.00009,0.00009,0.030018,0.26127,0.617395
AAATTAACGGGTAGCT-1,0.468508,0.019679,0.000097,0.178334,0.000097,0.013539,0.281526,0.038221
AAATTAATAAGCGCGA-1,0.000024,0.091448,0.004711,0.194208,0.331346,0.093887,0.004273,0.280103
AAATTACACGACTCTG-1,0.031751,0.000045,0.010237,0.005636,0.2638,0.470739,0.121386,0.096406
AAATTACCTATCGATG-1,0.048616,0.000063,0.000063,0.010305,0.003784,0.143569,0.251438,0.542162
AAATTCCAGGTCCAAA-1,0.00002,0.02981,0.070612,0.052071,0.791289,0.032658,0.001959,0.021581
AAATTGATAGTCCTTT-1,0.085015,0.000061,0.004634,0.019037,0.116933,0.168068,0.53381,0.072443
AAATTGCGGCGGTTCT-1,0.06549,0.000047,0.000062,0.031024,0.111912,0.267081,0.14152,0.382865
AAATTGGTGAGAAGCA-1,0.000022,0.037645,0.364497,0.039942,0.422035,0.037706,0.000022,0.098131
AAATTTGCGGGTGTGG-1,0.049203,0.031409,0.002089,0.445694,0.259191,0.096239,0.115388,0.000787
AACAACTGGTAGTTGC-1,0.476815,0.000092,0.000092,0.000092,0.000092,0.000092,0.472271,0.050455
AACAATACATTGTCGA-1,0.04079,0.000024,0.044368,0.038305,0.105215,0.54569,0.222258,0.003351
AACAATTACTCTACGC-1,0.115677,0.006436,0.095467,0.050136,0.326915,0.246616,0.140373,0.018381
AACACACGCTCGCCGC-1,0.000047,0.000047,0.143244,0.000773,0.410745,0.166385,0.154365,0.124395
AACACGAGACGCGGCC-1,0.000017,0.016506,0.007029,0.103329,0.619269,0.191804,0.04075,0.021297
AACAGCTGTGTGGCAA-1,0.038691,0.012938,0.005191,0.076875,0.373996,0.360341,0.131948,0.000019
AACAGGAAATCGAATA-1,0.027895,0.000052,0.000052,0.04845,0.014615,0.323432,0.556876,0.028628
AACAGGATGGGCCGCG-1,0.000024,0.049734,0.000024,0.224813,0.444791,0.27902,0.00157,0.000024
AACAGGTAGTATGGAT-1,0.017508,0.049039,0.261385,0.062954,0.205995,0.035341,0.035924,0.331854
AACATAGCGTGTATCG-1,0.055409,0.185438,0.552625,0.00006,0.00006,0.00258,0.20068,0.003148
AACATATCAACTGGTG-1,0.028375,0.010602,0.019907,0.103404,0.328058,0.252301,0.013543,0.24381
AACATCGATACGTCTA-1,0.030268,0.000075,0.000075,0.000075,0.044741,0.114886,0.208311,0.60157
AACATTGAAGTTGATC-1,0.012967,0.010923,0.145678,0.091655,0.417112,0.197214,0.036623,0.087828
AACATTGGTCAGCCGT-1,0.082793,0.019044,0.000048,0.191816,0.162269,0.112217,0.082042,0.349772
AACATTGTGACTCGAG-1,0.889088,0.000269,0.00015,0.00015,0.00015,0.102439,0.007604,0.00015
AACCAAGACTTCTCTG-1,0.075774,0.000041,0.019326,0.064405,0.28762,0.18711,0.135746,0.229977
AACCAGTATCACTCTT-1,0.277484,0.172099,0.000103,0.07488,0.049283,0.099231,0.23662,0.0903
AACCATAGGGTTGAAC-1,0.10197,0.000028,0.247385,0.009873,0.091491,0.156031,0.166157,0.227065
AACCATGGGATCGCTA-1,0.028527,0.025558,0.001151,0.075336,0.158803,0.316853,0.260041,0.13373
AACCCAGAGACGGAGA-1,0.001176,0.006564,0.000032,0.261945,0.016743,0.446792,0.266242,0.000506
AACCCATCCCATGATC-1,0.000533,0.103463,0.068232,0.143011,0.521181,0.077126,0.0094,0.077054
AACCCGACAACCCGTG-1,0.817903,0.028672,0.050828,0.021319,0.000038,0.000236,0.009751,0.071252
AACCCGAGCAGAATCG-1,0.012245,0.000034,0.302164,0.000034,0.012518,0.009353,0.108001,0.555649
AACCCGATAGGGCTTC-1,0.001728,0.104513,0.388943,0.033824,0.092377,0.23499,0.007178,0.136446
AACCCGCTGTATTCCA-1,0.579652,0.376683,0.021153,0.022366,0.000036,0.000036,0.000036,0.000036
AACCCTACTGTCAATA-1,0.044482,0.092438,0.055129,0.052792,0.067395,0.330518,0.224695,0.13255
AACCGAGCTTGGTCAT-1,0.043493,0.129726,0.000039,0.081106,0.12045,0.233292,0.391855,0.000039
AACCGCTAAGGGATGC-1,0.069838,0.00009,0.016823,0.00009,0.00009,0.064328,0.58451,0.264232
AACCGTTGTGTTTGCT-1,0.000381,0.000263,0.002755,0.246291,0.020825,0.690768,0.037987,0.000729
AACCTCGCTTTAGCCC-1,0.000034,0.100255,0.106817,0.32967,0.16843,0.283731,0.011029,0.000034
AACCTGTCACGGAATT-1,0.07209,0.000096,0.233962,0.000096,0.031057,0.005,0.280066,0.377634
AACCTTTAAATACGGT-1,0.137242,0.009857,0.020951,0.220962,0.005542,0.078362,0.511835,0.015248
AACCTTTACGACGTCT-1,0.282343,0.000091,0.000091,0.000091,0.011682,0.000091,0.603984,0.101627
AACGAAAGTCGTCCCA-1,0.322091,0.206136,0.067579,0.116364,0.059472,0.010359,0.054381,0.163617
AACGACCTCCTAGCCG-1,0.000021,0.100951,0.521513,0.007755,0.358236,0.009434,0.000021,0.002069
AACGATAATGCCGTAG-1,0.11743,0.124473,0.011586,0.149809,0.048074,0.026829,0.521762,0.000037
AACGATAGAAGGGCCG-1,0.91824,0.00008,0.00008,0.00008,0.00008,0.00008,0.08128,0.00008
AACGATATGTCAACTG-1,0.093469,0.002179,0.015728,0.104855,0.25982,0.27494,0.244888,0.004121
AACGCATGATCTGGGT-1,0.095864,0.183224,0.001133,0.219522,0.166318,0.13082,0.059291,0.143827
AACGCGAACGGCAACA-1,0.021582,0.016463,0.000023,0.107296,0.801293,0.031316,0.021936,0.00009
AACGCGACCTTGGGCG-1,0.853759,0.000131,0.000131,0.000131,0.000131,0.000131,0.000131,0.145457
AACGCGGTCTCCAGCC-1,0.033338,0.089307,0.009331,0.444612,0.048635,0.292794,0.067458,0.014524
AACGCTGTTGCTGAAA-1,0.037192,0.000054,0.114786,0.013816,0.279559,0.194679,0.296635,0.063278
AACGGACGTACGTATA-1,0.022922,0.00006,0.014526,0.00006,0.271905,0.207289,0.260637,0.2226
AACGGCCATCTCCGGT-1,0.187094,0.04491,0.000844,0.150496,0.002986,0.155683,0.443552,0.014435
AACGTACTGTGGGTAC-1,0.175568,0.109393,0.000041,0.238175,0.023002,0.238883,0.214898,0.000041
AACGTCAGACTAGTGG-1,0.03742,0.059653,0.000031,0.326067,0.006711,0.234654,0.331025,0.004438
AACGTCGCTGCACTTC-1,0.000024,0.730139,0.201026,0.001283,0.031213,0.000093,0.000024,0.036199
AACGTGCGAAAGTCTC-1,0.000035,0.150331,0.004071,0.197179,0.109928,0.454646,0.081309,0.002502
AACGTTATCAGCACCT-1,0.046317,0.022322,0.000666,0.292748,0.148622,0.116823,0.008644,0.363858
AACGTTCTACCATTGT-1,0.37581,0.20537,0.398198,0.000084,0.000084,0.000084,0.000084,0.020288
AACTACCCGTTTGTCA-1,0.021598,0.000069,0.224013,0.000069,0.000084,0.022737,0.235048,0.496383
AACTAGGCTTGGGTGT-1,0.440641,0.000126,0.000126,0.000126,0.000126,0.000126,0.519808,0.038921
AACTCAAGTTAATTGC-1,0.653944,0.023318,0.000068,0.041898,0.000068,0.004927,0.260279,0.015498
AACTCCAGAGCGTGTT-1,0.002575,0.131653,0.034496,0.347287,0.048113,0.136924,0.058441,0.24051
AACTCCTAATCCCATG-1,0.20715,0.034066,0.053511,0.414895,0.112096,0.031653,0.029242,0.117388
AACTCGATAAACACGT-1,0.04202,0.000044,0.000044,0.047059,0.079556,0.308642,0.141373,0.381262
AACTCGATGGCGCAGT-1,0.142556,0.000062,0.000063,0.01032,0.031736,0.193947,0.394758,0.226558
AACTCTCAATAGAGCG-1,0.000052,0.083889,0.021975,0.034686,0.296709,0.358835,0.146945,0.056909
AACTCTCAGTGTGCTC-1,0.034215,0.000046,0.000046,0.046834,0.012297,0.262192,0.644323,0.000046
AACTGAGGTCAGCGTC-1,0.000045,0.043713,0.183572,0.008287,0.383806,0.027861,0.000045,0.352671
AACTGAGTTATACTGA-1,0.152889,0.000077,0.431481,0.001267,0.003069,0.060103,0.017087,0.334027
AACTGATATTAGGCCT-1,0.009145,0.007116,0.000339,0.194188,0.048498,0.683846,0.056832,0.000036
AACTGGGTCCCGACGT-1,0.035638,0.000035,0.000035,0.042501,0.094046,0.628754,0.173859,0.025132
AACTTCTGCGTCTATC-1,0.090958,0.006975,0.029431,0.024676,0.210133,0.297514,0.197931,0.142382
AACTTGCCCGTATGCA-1,0.134569,0.004447,0.00613,0.101958,0.141373,0.343926,0.263734,0.003863
AACTTGCGTTCTCGCG-1,0.000022,0.000022,0.000022,0.000022,0.95155,0.033164,0.012386,0.002812
AACTTTACGGGAGCTT-1,0.065312,0.181259,0.004126,0.387399,0.308853,0.000148,0.000153,0.052751
AACTTTCTCGATCATG-1,0.048074,0.486972,0.204641,0.036049,0.078524,0.013686,0.000255,0.131799
AAGAAATCACCAGATT-1,0.168678,0.07641,0.302349,0.000049,0.000049,0.000049,0.00005,0.452365
AAGAAGGATCAGTTAG-1,0.097765,0.088443,0.043088,0.077954,0.424277,0.138137,0.008132,0.122205
AAGACATACGTGGTTT-1,0.09701,0.065782,0.601901,0.000094,0.000094,0.000094,0.001202,0.233823
AAGACCAAATAACTCA-1,0.264946,0.154801,0.152206,0.272717,0.046193,0.004297,0.015744,0.089096
AAGACCCAACTGAACA-1,0.801855,0.000053,0.000238,0.085404,0.033636,0.063367,0.000183,0.015264
AAGACTAACCCGTTGT-1,0.136021,0.036496,0.000219,0.34258,0.110779,0.00022,0.287185,0.086501
AAGACTGCAAGCTACT-1,0.008647,0.000051,0.013691,0.091678,0.068812,0.584182,0.215643,0.017295
AAGAGATGAATCGGTA-1,0.029897,0.174799,0.001768,0.225601,0.127082,0.252972,0.113157,0.074723
AAGAGCTCTTTATCGG-1,0.000044,0.000044,0.005156,0.196554,0.147668,0.624582,0.025909,0.000044
AAGAGGATGTACGCGA-1,0.07776,0.000063,0.000063,0.002149,0.083662,0.170963,0.592286,0.073055
AAGAGGCATGGATCGC-1,0.1546,0.156894,0.000025,0.415137,0.203421,0.044467,0.008465,0.016991
AAGAGGCCCTTTGGAA-1,0.017324,0.004115,0.215318,0.033986,0.068326,0.141518,0.042412,0.477001
AAGATGGCACCGGACC-1,0.119675,0.000554,0.067136,0.208924,0.026676,0.148183,0.380149,0.048703
AAGATTGGCGGAACGT-1,0.353744,0.000049,0.001968,0.117996,0.120982,0.093708,0.250374,0.06118
AAGCACCCTGCGTATC-1,0.000027,0.019363,0.02388,0.553834,0.136356,0.256357,0.010157,0.000027
AAGCATACTCTCCTGA-1,0.126769,0.100594,0.003948,0.165529,0.00005,0.022413,0.559211,0.021484
AAGCCACTTGCAGGTA-1,0.127494,0.053776,0.423066,0.098593,0.000039,0.001595,0.286975,0.008462
AAGCCGAAGCGGTTTA-1,0.144599,0.000045,0.074088,0.195902,0.122661,0.056094,0.112022,0.294589
AAGCCGCCGTGAAATC-1,0.047374,0.012462,0.262751,0.019395,0.042468,0.063421,0.527689,0.02444
AAGCCGCTTTACCTTG-1,0.139458,0.02433,0.28153,0.000055,0.007415,0.031303,0.001235,0.514674
AAGCCGGAGAGCAGGA-1,0.000029,0.009527,0.662579,0.012614,0.207424,0.073761,0.001098,0.032969
AAGCGCAGGGCTTTGA-1,0.055428,0.21019,0.080832,0.06084,0.000084,0.257769,0.3157,0.019156
AAGCGGAGTGCGCGCA-1,0.083449,0.114377,0.287678,0.15303,0.030893,0.151978,0.010529,0.168066
AAGCGGCGTCATGGGT-1,0.021143,0.001652,0.068429,0.196876,0.283949,0.174514,0.035839,0.217598
AAGCGTCCCTCATCGA-1,0.007337,0.005172,0.006128,0.051032,0.142039,0.686732,0.095559,0.006001
AAGCTAGATCGAGTAA-1,0.000031,0.000503,0.000755,0.568009,0.008315,0.236007,0.185283,0.001099
AAGCTCGTGCCAAGTC-1,0.00018,0.00018,0.01343,0.11374,0.234381,0.078711,0.559199,0.00018
AAGCTCTTTCATGGTG-1,0.000037,0.058567,0.021854,0.357406,0.166496,0.355629,0.039973,0.000037
AAGGAGCGGTTGGTGC-1,0.719376,0.161833,0.015904,0.000201,0.000201,0.100656,0.001627,0.000201
AAGGATCGATCGCTTG-1,0.018419,0.000094,0.000094,0.000094,0.201544,0.125792,0.268869,0.385095
AAGGATGAGGGACCTC-1,0.038134,0.000036,0.000036,0.127811,0.270719,0.508129,0.010756,0.04438
AAGGCAGGCTGTCTCC-1,0.093422,0.558117,0.143033,0.000069,0.000069,0.000069,0.024982,0.180237
AAGGCGCGTAAAGCTT-1,0.001126,0.01675,0.024344,0.158192,0.054147,0.530221,0.179811,0.035409
AAGGCTGTGCTCATCG-1,0.999393,0.000087,0.000087,0.000087,0.000087,0.000087,0.000087,0.000087
AAGGGAACGACTGGCT-1,0.000903,0.000022,0.165551,0.159224,0.312322,0.29006,0.027509,0.044409
AAGGGACAGATTCTGT-1,0.016516,0.000032,0.015938,0.038939,0.279208,0.489079,0.052698,0.107591
AAGGGACTATGCATTC-1,0.060972,0.000662,0.08,0.022965,0.149475,0.245872,0.088236,0.351818
AAGGGTTAGCCATGCG-1,0.000085,0.837704,0.129325,0.000085,0.000085,0.000085,0.000085,0.032547
AAGGGTTTGATTTCAG-1,0.091288,0.055106,0.251732,0.054066,0.334716,0.006517,0.00067,0.205905
AAGGTATCCTAATATA-1,0.000035,0.081878,0.007077,0.201045,0.161933,0.308013,0.175279,0.064741
AAGGTGATAAACCAGC-1,0.148142,0.12362,0.051303,0.03512,0.041618,0.152936,0.414312,0.03295
AAGTAGAAGACCGGGT-1,0.993816,0.00584,0.000057,0.000057,0.000057,0.000057,0.000057,0.000057
AAGTAGTGACGCGAGG-1,0.084394,0.007507,0.000057,0.057406,0.059973,0.267906,0.254741,0.268017
AAGTCAATTGTCGTCA-1,0.000037,0.157714,0.039005,0.090404,0.393963,0.256589,0.020971,0.041318
AAGTCTAGTAGCTGCC-1,0.205991,0.000082,0.277481,0.000082,0.000082,0.000082,0.00036,0.515838
AAGTCTTCTGTGGCCT-1,0.010685,0.077324,0.061295,0.050602,0.674023,0.075327,0.006502,0.044243
AAGTGACGACCGAATT-1,0.01592,0.002706,0.016086,0.06335,0.120775,0.540481,0.160418,0.080265
AAGTGAGTCGGGTTTA-1,0.736274,0.111067,0.00618,0.011975,0.115969,0.008653,0.000085,0.009797
AAGTGCAAAGGTAGAC-1,0.001734,0.06354,0.000893,0.62238,0.13932,0.008576,0.000016,0.163539
AAGTGCCTTGACTGTA-1,0.091326,0.013632,0.068243,0.00011,0.00011,0.00011,0.633634,0.192833
AAGTGCGTTAGAATCT-1,0.059457,0.000038,0.009032,0.178987,0.341188,0.18227,0.048696,0.180332
AAGTGCTTCTCTATTG-1,0.043227,0.110542,0.152049,0.214403,0.030788,0.177201,0.271772,0.000019
AAGTGTTTGGAGACGG-1,0.156527,0.000049,0.001703,0.257582,0.021323,0.022187,0.506135,0.034494
AAGTTCACTCCAAGCT-1,0.039659,0.000053,0.056768,0.167852,0.056019,0.43699,0.16671,0.075949
AAGTTCAGTCTGCGTA-1,0.009553,0.000054,0.000054,0.023252,0.050859,0.319815,0.014616,0.581797
AAGTTCGGCCAACAGG-1,0.019224,0.108718,0.000845,0.311748,0.073815,0.14368,0.340488,0.001483
AAGTTGTGATGTTATA-1,0.054385,0.078929,0.516916,0.013644,0.111702,0.013508,0.033309,0.177607
AAGTTTATGGGCCCAA-1,0.00178,0.041247,0.173304,0.168924,0.028113,0.413153,0.167075,0.006405
AATAACAACGCTCGGC-1,0.100605,0.000918,0.006232,0.100117,0.136969,0.307527,0.176707,0.170925
AATAACACTAGAACAA-1,0.005877,0.040953,0.023372,0.28167,0.029022,0.543558,0.075531,0.000017
AATAACGTCGCGCCCA-1,0.002684,0.12019,0.64205,0.032604,0.106971,0.031131,0.000081,0.064289
AATAATCTTCGTATCG-1,0.006122,0.116966,0.5107,0.028481,0.024697,0.04427,0.070425,0.198339
AATACAATGTTTCAGG-1,0.160193,0.000068,0.005144,0.000068,0.011704,0.110075,0.456419,0.256329
AATACCGGAGGGCTGT-1,0.017447,0.010246,0.150874,0.061706,0.006725,0.583715,0.162747,0.006539
AATACCTGATGTGAAC-1,0.044401,0.013315,0.604704,0.103024,0.18891,0.006539,0.034863,0.004243
AATAGAACAGAGTGGC-1,0.990551,0.000069,0.000069,0.000069,0.000069,0.000069,0.009037,0.000069
AATAGAATCTGTTTCA-1,0.090984,0.000067,0.031042,0.014079,0.042791,0.140226,0.449963,0.230848
AATAGCAAGCCTCCTG-1,0.055706,0.016828,0.275192,0.015331,0.020209,0.03057,0.013686,0.572477
AATAGCTACCGCGTGC-1,0.083074,0.000054,0.006503,0.005027,0.368247,0.07969,0.054454,0.402951
AATAGGCACGACCCTT-1,0.044224,0.228363,0.232066,0.058293,0.002672,0.082704,0.351651,0.000026
AATAGTCCGTCCCGAC-1,0.865042,0.000094,0.000094,0.000094,0.000094,0.000094,0.000094,0.134396
AATAGTCGCGAGTCGG-1,0.161575,0.008032,0.009363,0.185005,0.142082,0.096829,0.021774,0.37534
AATATCAAGGTCGGAT-1,0.292199,0.000081,0.000081,0.000081,0.001916,0.058363,0.633982,0.013298
AATATCCTAGCAAACT-1,0.055111,0.074062,0.079524,0.100999,0.159899,0.042528,0.130646,0.35723
AATATCGAATCAATGC-1,0.077921,0.05952,0.152247,0.246753,0.096017,0.061729,0.020455,0.285358
AATATCGAGGGTTCTC-1,0.124843,0.007797,0.018938,0.105836,0.419406,0.121767,0.120553,0.080859
AATATTGGAGTATTGA-1,0.022445,0.001117,0.007935,0.126371,0.230714,0.106667,0.163918,0.340832
AATCAGACTGCAGGAC-1,0.030834,0.00004,0.012062,0.303848,0.151524,0.25914,0.074205,0.168347
AATCAGGTTTCATTTA-1,0.062586,0.147046,0.139841,0.049375,0.05449,0.258283,0.288344,0.000035
AATCATGTAAAGACTC-1,0.000071,0.00007,0.275318,0.000071,0.007709,0.144953,0.381048,0.19076
AATCCAAGGGCCTGAG-1,0.999481,0.000067,0.000067,0.000067,0.000067,0.000067,0.000115,0.000067
AATCCATGCAAGGGTG-1,0.006375,0.00006,0.00006,0.023919,0.028097,0.253496,0.341757,0.346237
AATCCCGCTCAGAGCC-1,0.893021,0.106745,0.000039,0.000039,0.000039,0.000039,0.000039,0.000039
AATCGAGGTCTCAAGG-1,0.030981,0.010736,0.543767,0.009618,0.000048,0.055243,0.290938,0.058668
AATCGCCTCAGCGCCA-1,0.001449,0.011788,0.001367,0.216881,0.226124,0.132591,0.276536,0.133263
AATCGCGCAGAGGACT-1,0.174644,0.107322,0.080015,0.13928,0.145874,0.006829,0.031468,0.314567
AATCGGTATAGCCCTC-1,0.000044,0.081709,0.748371,0.025219,0.029461,0.007298,0.000044,0.107854
AATCGTGAGCCGAGCA-1,0.02746,0.009534,0.195495,0.133117,0.026793,0.10369,0.499422,0.004489
AATCTAGGTTTACTTG-1,0.278929,0.102336,0.063092,0.120185,0.000049,0.001456,0.358815,0.075137
AATCTATGCCGGAGCC-1,0.013799,0.038225,0.024592,0.223175,0.095834,0.021159,0.198054,0.385162
AATCTCTACTGTGGTT-1,0.012181,0.000034,0.000922,0.130232,0.28299,0.17754,0.08596,0.310141
AATCTGCGTTGGGACG-1,0.039731,0.001433,0.047334,0.02355,0.254137,0.354489,0.221111,0.058215
AATCTGGCTTTCTAGT-1,0.029467,0.167652,0.024501,0.025744,0.364017,0.117576,0.085427,0.185615
AATGACAGCAATGTCT-1,0.062271,0.000044,0.000044,0.059004,0.368051,0.130009,0.32895,0.051627
AATGACGTAGGATGTC-1,0.009993,0.071703,0.000052,0.224409,0.021365,0.194702,0.477725,0.000052
AATGACTGTCAGCCGG-1,0.547107,0.451938,0.000159,0.000159,0.000159,0.000159,0.000159,0.000159
AATGAGTTCGCATATG-1,0.06888,0.000042,0.000596,0.018399,0.330546,0.250835,0.091302,0.239401
AATGATGATACGCTAT-1,0.077588,0.012715,0.014668,0.000072,0.062717,0.112887,0.431442,0.287911
AATGATGCGACTCCTG-1,0.117019,0.000068,0.000068,0.000068,0.108539,0.05035,0.428172,0.295716
AATGCAACCGGGTACC-1,0.247609,0.035544,0.000068,0.018469,0.000068,0.010056,0.688117,0.000068
AATGCACCAAGCAATG-1,0.233824,0.037376,0.000075,0.000075,0.004098,0.004712,0.455241,0.2646
AATGGCCGCCAATGCG-1,0.284596,0.087839,0.304448,0.000066,0.000066,0.000066,0.001057,0.321861
AATGGTCCACCGTTCA-1,0.012298,0.000065,0.000065,0.000065,0.086925,0.161327,0.244941,0.494313
AATGGTTCTCACAAGC-1,0.145188,0.000709,0.000033,0.293046,0.130787,0.074872,0.355331,0.000033
AATGTATGGCACTGTA-1,0.053012,0.003806,0.370527,0.081218,0.097812,0.043019,0.062221,0.288386
AATGTGCCCGAGGTGT-1,0.025105,0.110697,0.071338,0.217129,0.191947,0.155242,0.21644,0.012102
AATGTGCTAATCTGAG-1,0.006178,0.143695,0.114966,0.162882,0.052516,0.404871,0.075301,0.03959
AATGTTAAGACCCTGA-1,0.046612,0.324559,0.377248,0.019207,0.034828,0.112703,0.052179,0.032665
AATGTTGTCGTGAGAC-1,0.006648,0.279841,0.310086,0.036564,0.012608,0.03033,0.159479,0.164445
AATTAAAGGTCGGCGT-1,0.568021,0.00012,0.00012,0.107616,0.042299,0.250688,0.031015,0.00012
AATTAACGGATTTCCA-1,0.175443,0.016123,0.000055,0.157142,0.00019,0.010076,0.640916,0.000055
AATTACGAGACCCATC-1,0.012617,0.060618,0.214433,0.079875,0.066658,0.136724,0.109893,0.319181
AATTACTCGTACGCTC-1,0.061938,0.07413,0.005391,0.117404,0.15764,0.118543,0.062746,0.402208
AATTAGCGCTGCAGCG-1,0.773746,0.0001,0.00478,0.0001,0.0001,0.004127,0.14164,0.075408
AATTATACCCAGCAAG-1,0.039843,0.011343,0.412541,0.000059,0.000059,0.000059,0.427215,0.108881
AATTCATAAGGGATCT-1,0.049018,0.000038,0.005793,0.012745,0.4095,0.370744,0.136109,0.016052
AATTCATTGTCATGCA-1,0.030365,0.025351,0.241848,0.077387,0.388601,0.080111,0.036002,0.120335
AATTCCAACTTGGTGA-1,0.105672,0.000046,0.000046,0.172115,0.126028,0.190764,0.073805,0.331524
AATTCCAAGCATGTAC-1,0.50804,0.007231,0.058906,0.389647,0.000399,0.000053,0.031359,0.004366
AATTCGATTCGAGGAT-1,0.000052,0.00113,0.105563,0.157269,0.121035,0.455255,0.158386,0.00131
AATTCTAGAGTTAGGC-1,0.465524,0.092501,0.000104,0.000104,0.000104,0.000104,0.441453,0.000104
AATTGAACGCTCTGGT-1,0.104459,0.04835,0.047775,0.199784,0.224368,0.068831,0.276157,0.030276
AATTGCAGCAATCGAC-1,0.127527,0.031998,0.216233,0.000061,0.014843,0.007629,0.369109,0.232599
AATTGCGTGGATTACA-1,0.030927,0.171617,0.205828,0.111555,0.248768,0.114757,0.075494,0.041053
AATTGTGGTTGCCAAA-1,0.042064,0.037429,0.532726,0.0161,0.064795,0.011422,0.008192,0.287271
AATTTGGGACATAGTA-1,0.00004,0.002911,0.004408,0.027935,0.627302,0.227633,0.00004,0.109731
ACAAACCATGCGTCCT-1,0.122467,0.003411,0.194163,0.008867,0.165594,0.078336,0.26679,0.160372
ACAAACTCCATCAGAG-1,0.864679,0.000055,0.133606,0.000055,0.000055,0.000055,0.000055,0.001442
ACAAAGAAGGTAGGCC-1,0.269864,0.072696,0.007892,0.113446,0.133095,0.038517,0.066815,0.297675
ACAAAGCATGACCTAG-1,0.017044,0.040915,0.2171,0.064639,0.24193,0.172004,0.154612,0.091755
ACAAATCGCACCGAAT-1,0.000067,0.000067,0.033019,0.163101,0.041024,0.421067,0.292079,0.049575
ACAAATGGTAGTGTTT-1,0.001039,0.088172,0.011499,0.026953,0.068565,0.287604,0.363173,0.152994
ACAAATTCAGATCTGA-1,0.373493,0.014702,0.052405,0.014925,0.036551,0.000076,0.341179,0.166668
ACAACAGCATGAGCTA-1,0.000026,0.007406,0.000026,0.217847,0.244295,0.516279,0.014096,0.000026
ACAACGGTCCCTGCGA-1,0.04892,0.150859,0.000019,0.080725,0.402766,0.098126,0.218559,0.000026
ACAAGCAGTGCCTAGC-1,0.084216,0.108965,0.01047,0.171558,0.074448,0.18577,0.269061,0.095512
ACAAGCTATATGGAAG-1,0.054575,0.007621,0.006993,0.004113,0.369001,0.092058,0.175654,0.289984
ACAAGGAAATCCGCCC-1,0.061716,0.019582,0.040762,0.142669,0.044924,0.273578,0.411038,0.005731
ACAAGGACAAGAGGTT-1,0.06334,0.000041,0.0013,0.126775,0.03804,0.228618,0.403925,0.137961
ACAAGGATGCTTTAGG-1,0.236264,0.037452,0.092767,0.000084,0.029862,0.006926,0.532908,0.063737
ACAAGGGCAGGCTCTG-1,0.132686,0.056278,0.037288,0.390864,0.076881,0.027686,0.180856,0.097462
ACAATAGTCGTACGTT-1,0.005539,0.00003,0.001386,0.058481,0.496138,0.307826,0.028486,0.102115
ACAATCCATTTAAACC-1,0.076161,0.066075,0.026828,0.378668,0.036515,0.082573,0.259752,0.073428
ACAATGAATACGGAGA-1,0.036591,0.013086,0.036331,0.065787,0.177247,0.447024,0.113489,0.110445
ACAATGATTCTTCTAC-1,0.307095,0.308063,0.166034,0.002327,0.006481,0.000045,0.165448,0.044507
ACAATTGTGTCTCTTT-1,0.008639,0.297516,0.001813,0.064564,0.326191,0.198985,0.088525,0.013767
ACAATTTAGGAGGCTC-1,0.024668,0.000023,0.003122,0.199518,0.298413,0.157939,0.024212,0.292104
ACAATTTGAGCAGTGG-1,0.122494,0.000097,0.000097,0.000097,0.000097,0.034427,0.555101,0.287588
ACAATTTGGCCATATT-1,0.000051,0.015044,0.508145,0.000051,0.026317,0.11866,0.008925,0.322806
ACACAAAGACGGGTGG-1,0.539184,0.000095,0.000095,0.000095,0.000095,0.000095,0.435015,0.025325
ACACAAATATTCCTAG-1,0.12684,0.000059,0.386706,0.000059,0.000059,0.008805,0.11841,0.359063
ACACACCAGGACCAGT-1,0.103861,0.000054,0.005158,0.23935,0.160714,0.126687,0.081732,0.282446
ACACACTTTCTACACG-1,0.009615,0.090694,0.001978,0.529331,0.002916,0.156167,0.208795,0.000504
ACACATGATCAAATCT-1,0.034703,0.03038,0.087269,0.061976,0.227957,0.231876,0.157588,0.168251
ACACATTGACGCAACA-1,0.023587,0.003704,0.002534,0.030945,0.323525,0.167918,0.015111,0.432676
ACACATTTCCGTAGAC-1,0.000058,0.044593,0.495151,0.123812,0.000058,0.178743,0.157528,0.000058
ACACCACATAATTAGC-1,0.156271,0.000083,0.057257,0.010357,0.044013,0.006165,0.159876,0.565978
ACACCCAGCATGCAGC-1,0.475344,0.000095,0.000095,0.131758,0.162941,0.194419,0.035253,0.000095
ACACCCGAGAAATCCG-1,0.086332,0.002527,0.008304,0.305388,0.094589,0.173613,0.316176,0.01307
ACACCGAGCGCTCTTT-1,0.068245,0.072385,0.05154,0.063763,0.162725,0.126862,0.060857,0.393623
ACACCGGTCTGACCGC-1,0.021934,0.000044,0.151063,0.000044,0.160581,0.307625,0.110197,0.248513
ACACCTTAAGTAGGGC-1,0.622424,0.000087,0.000087,0.004849,0.000087,0.123679,0.197187,0.0516
ACACCTTACTACTTGC-1,0.271033,0.161353,0.068423,0.140263,0.056919,0.000061,0.080882,0.221067
ACACGAGACTCCTTCT-1,0.043687,0.009608,0.032559,0.317094,0.223754,0.19157,0.181694,0.000035
ACACGGGAACTTAGGG-1,0.094238,0.000029,0.001984,0.49721,0.176505,0.107022,0.101693,0.021319
ACACGTAGGCCACAAG-1,0.000029,0.09406,0.25764,0.175364,0.129767,0.061489,0.020749,0.260901
ACACTCCAATGTCACT-1,0.338734,0.05355,0.012915,0.188486,0.139152,0.000055,0.127141,0.139968
ACACTGATCAAGGTGT-1,0.999326,0.000096,0.000096,0.000096,0.000096,0.000096,0.000096,0.000096
ACACTGGGACAGTCGT-1,0.010218,0.272008,0.317169,0.064215,0.250359,0.001479,0.005008,0.079543
ACAGAACTGAGAACAA-1,0.072301,0.000042,0.012231,0.006676,0.158684,0.095895,0.448929,0.205242
ACAGCGACATTCTCAT-1,0.025443,0.000097,0.121492,0.000097,0.017398,0.008102,0.54283,0.284542
ACAGGAGGCGCAGCCG-1,0.102792,0.103539,0.004925,0.040311,0.258728,0.059881,0.021096,0.408729
ACAGGCACGGATCCTT-1,0.110927,0.214492,0.378527,0.015346,0.106725,0.019011,0.154922,0.00005
ACAGGCTTGCCCGACT-1,0.025497,0.000044,0.153551,0.13916,0.206598,0.217277,0.18308,0.074795
ACAGGTGGAGGTGAGG-1,0.03034,0.001826,0.000027,0.307967,0.011539,0.313958,0.326212,0.008131
ACAGGTGTGTTGTTGC-1,0.2275,0.23828,0.027509,0.041473,0.057281,0.011359,0.03797,0.358626
ACAGTAATACAACTTG-1,0.061497,0.003819,0.003353,0.160289,0.388075,0.134659,0.107739,0.140567
ACAGTATACCGTGGGA-1,0.053278,0.242371,0.145795,0.05101,0.363892,0.023291,0.005016,0.115346
ACATAAGTCGTGGTGA-1,0.299193,0.000059,0.017541,0.000059,0.000059,0.000059,0.377223,0.305807
ACATAATAAGGCGGTG-1,0.099375,0.001722,0.036452,0.235817,0.026237,0.270495,0.276003,0.053898
ACATACAATCAAGCGG-1,0.122792,0.010106,0.550815,0.000053,0.010302,0.031542,0.071099,0.203292
ACATCAGCTGGGACGC-1,0.000017,0.239286,0.000017,0.171675,0.542457,0.014772,0.000039,0.031736
ACATCCCGGCCATACG-1,0.86303,0.000079,0.000079,0.066867,0.059791,0.001908,0.008169,0.000079
ACATCCTGGTAACTGT-1,0.027056,0.152068,0.037822,0.096945,0.089572,0.126931,0.000816,0.46879
ACATCGATCGTTTACC-1,0.021885,0.035016,0.000069,0.498324,0.010469,0.220326,0.213843,0.000069
ACATCGGTCAGCCGCG-1,0.009222,0.000032,0.002227,0.456052,0.115432,0.391754,0.024423,0.000859
ACATCGTATGCAATGG-1,0.002359,0.00005,0.011982,0.04459,0.065143,0.655733,0.202592,0.017551
ACATGCTTACGGCAGC-1,0.01221,0.182611,0.406325,0.108945,0.166959,0.065539,0.054521,0.00289
ACATGGCGCCAAAGTA-1,0.185657,0.070487,0.039172,0.024513,0.157475,0.047696,0.221498,0.253502
ACATGGCTCAATTTAG-1,0.113902,0.00225,0.002866,0.162,0.280567,0.093107,0.019424,0.325885
ACATTAGTTTATATCC-1,0.748754,0.00014,0.00014,0.00014,0.00014,0.00014,0.250407,0.00014
ACATTCGCGCGGAATA-1,0.055093,0.450411,0.128217,0.090305,0.061961,0.078656,0.127191,0.008167
ACATTTGAAACCTAAC-1,0.000018,0.25501,0.387866,0.000018,0.357034,0.000018,0.000018,0.000018
ACCAAACACCCAGCGA-1,0.000019,0.12032,0.026221,0.066722,0.662807,0.051045,0.000532,0.072334
ACCAACACCACACACT-1,0.09773,0.35314,0.008402,0.11128,0.035248,0.008808,0.003564,0.381828
ACCAACCGCACTCCAC-1,0.000021,0.242494,0.106328,0.062419,0.529528,0.048296,0.006421,0.004495
ACCAACGCTTATTTAT-1,0.78595,0.000108,0.000108,0.000108,0.091311,0.122198,0.000108,0.000108
ACCAAGAACGCGTGTC-1,0.582931,0.235109,0.00015,0.123081,0.00674,0.051688,0.00015,0.00015
ACCAAGTCATCGGCAG-1,0.000055,0.076639,0.502674,0.018471,0.045945,0.155951,0.013568,0.186697
ACCAATATGCAAGTTA-1,0.145761,0.006451,0.039096,0.27189,0.09114,0.233893,0.2038,0.007969
ACCACAAGTTTCTATC-1,0.892077,0.103979,0.000102,0.000102,0.000102,0.000102,0.003436,0.000102
ACCACACGGTTGATGG-1,0.000531,0.018731,0.599239,0.018899,0.000059,0.057655,0.285969,0.018919
ACCACCAATGTAACAA-1,0.0798,0.103997,0.062597,0.105763,0.40844,0.018327,0.164135,0.056941
ACCACCCTCTCTTCTA-1,0.148416,0.321349,0.360955,0.011619,0.067684,0.008268,0.040554,0.041155
ACCACGTGCAGCTATA-1,0.139762,0.000065,0.000781,0.024479,0.094843,0.097303,0.568198,0.074568
ACCACTGTTCAAGAAG-1,0.018829,0.000039,0.01386,0.041177,0.352709,0.17555,0.107337,0.290498
ACCAGACCATAACAAC-1,0.014711,0.024193,0.046779,0.10633,0.430161,0.089622,0.00537,0.282833
ACCAGTGCCCGGTCAA-1,0.057855,0.000044,0.034385,0.239778,0.23146,0.229384,0.009803,0.197292
ACCAGTGCGGGAGACG-1,0.000059,0.000059,0.08259,0.000972,0.238166,0.502628,0.075145,0.100383
ACCATATCCGCAATAA-1,0.647206,0.000131,0.000131,0.009305,0.000131,0.005516,0.238089,0.099491
ACCATCCGCCAACTAG-1,0.027845,0.026168,0.004326,0.071348,0.708548,0.098056,0.028897,0.034811
ACCATCGTATATGGTA-1,0.326506,0.000094,0.000094,0.000094,0.000094,0.000862,0.579396,0.092859
ACCATTAAGGGTGTCA-1,0.267215,0.085751,0.003731,0.026541,0.045987,0.002675,0.156386,0.411714
ACCCAACGCCCGTGGC-1,0.028395,0.012305,0.01191,0.000068,0.030503,0.066156,0.574086,0.276577
ACCCACCTACATGCTC-1,0.042337,0.000042,0.037366,0.000519,0.149789,0.528877,0.103208,0.137864
ACCCATCTTGAGGGTA-1,0.000032,0.009481,0.005794,0.240705,0.122821,0.619162,0.001906,0.0001
ACCCATTTGTCCCTCT-1,0.000084,0.251253,0.137408,0.023544,0.150144,0.053624,0.249197,0.134745
ACCCGAGCGAAATTAC-1,0.181588,0.025206,0.111141,0.015653,0.13204,0.174028,0.355585,0.004759
ACCCGATTGGTTCCGA-1,0.220474,0.029104,0.155162,0.188123,0.012327,0.044107,0.348593,0.00211
ACCCGGAAACTCCCAG-1,0.259188,0.000105,0.000105,0.000105,0.000105,0.019322,0.637666,0.083405
ACCCGGAGCACCACAA-1,0.164072,0.529703,0.174299,0.000891,0.001662,0.000031,0.044395,0.084948
ACCCGGATGACGCATC-1,0.033792,0.000087,0.000087,0.000087,0.070814,0.013146,0.569097,0.312891
ACCCGGTTACACTTCC-1,0.586292,0.000058,0.000058,0.334197,0.012655,0.003606,0.000058,0.063074
ACCCGTAGCAGAGAAT-1,0.184705,0.068446,0.489021,0.000061,0.000061,0.000061,0.141971,0.115672
ACCCGTAGTCTAGTTG-1,0.030417,0.182465,0.650146,0.003505,0.021505,0.000047,0.00567,0.106244
ACCCGTGTCATCAGTA-1,0.976348,0.000059,0.000059,0.023299,0.000059,0.000059,0.000059,0.000059
ACCCTATAGGACTGAG-1,0.029643,0.037725,0.00665,0.019055,0.129611,0.392247,0.144261,0.240809
ACCCTATGCCATATCG-1,0.012733,0.015382,0.017102,0.382554,0.025689,0.31817,0.222604,0.005766
ACCCTCCCGTCAGGGC-1,0.049353,0.00006,0.503898,0.00006,0.003691,0.035202,0.170414,0.237322
ACCCTCCCTTGCTATT-1,0.096931,0.033825,0.068033,0.305244,0.225775,0.132442,0.121576,0.016175
ACCCTGGTAACGCCCT-1,0.097204,0.000074,0.025885,0.035739,0.056519,0.03515,0.155706,0.593723
ACCCTTCATCTGCGAA-1,0.001849,0.009336,0.000039,0.181231,0.069099,0.630097,0.108312,0.000039
ACCCTTGCCTGGGTCG-1,0.038119,0.013606,0.454372,0.057336,0.104077,0.069847,0.000034,0.262608
ACCGAAGAGTCTGGTT-1,0.002887,0.105933,0.185326,0.141677,0.184935,0.055706,0.189654,0.133882
ACCGACACATCTCCCA-1,0.050295,0.065459,0.053124,0.331281,0.007141,0.020897,0.446123,0.02568
ACCGACTGAGTCCCAC-1,0.088967,0.000051,0.033104,0.018887,0.067753,0.355227,0.435958,0.000051
ACCGAGTCTCCTTATT-1,0.003552,0.068312,0.444291,0.081526,0.068567,0.21912,0.103025,0.011607
ACCGATAGGCATAACC-1,0.000027,0.432914,0.243837,0.003546,0.258168,0.002181,0.002542,0.056785
ACCGATATTTAATCAT-1,0.031713,0.357047,0.288289,0.00485,0.307128,0.000023,0.000023,0.010927
ACCGATGGTAGCATCG-1,0.082185,0.000081,0.003598,0.000081,0.036607,0.364576,0.249386,0.263487
ACCGCAATAACTGCCT-1,0.089755,0.02985,0.095807,0.141956,0.093937,0.181258,0.366855,0.000583
ACCGCGGTGGAAGTCG-1,0.032811,0.000042,0.076579,0.081412,0.516674,0.080285,0.11141,0.100787
ACCGCTAGTCATTGGT-1,0.000015,0.313033,0.247683,0.247068,0.020182,0.161599,0.005019,0.005401
ACCGGGCCTTTGTTGA-1,0.114835,0.005425,0.093689,0.009081,0.193061,0.019014,0.512786,0.052109
ACCGGTCAGGTACACC-1,0.009819,0.000048,0.024644,0.004392,0.068029,0.126453,0.274069,0.492546
ACCGTCCACTGGGCCC-1,0.335758,0.182347,0.169189,0.04708,0.031121,0.003087,0.15994,0.071478
ACCGTGACCACGTGGG-1,0.058049,0.00005,0.011808,0.034583,0.00195,0.218343,0.651436,0.023782
ACCTAAGTACCTTTCA-1,0.186057,0.063907,0.014352,0.011058,0.176733,0.070032,0.4395,0.03836
ACCTAATCGACTTCCT-1,0.206478,0.093672,0.02008,0.041432,0.050725,0.011115,0.430216,0.146281
ACCTACAGTATGTGGT-1,0.007301,0.031684,0.041266,0.305252,0.20534,0.021073,0.005286,0.382797
ACCTACTATAAATCTA-1,0.870063,0.028462,0.063405,0.018207,0.00005,0.00005,0.00005,0.019714
ACCTCCGCCCTCGCTG-1,0.000039,0.000039,0.325533,0.00165,0.392433,0.10039,0.034598,0.145318
ACCTCCGTTATTCACC-1,0.033325,0.336527,0.046035,0.038438,0.146896,0.014025,0.230141,0.154613
ACCTCGAACTTATGCT-1,0.15317,0.000038,0.190233,0.000038,0.003743,0.002741,0.470284,0.179753
ACCTGCGTGTCATGTT-1,0.017449,0.000074,0.024648,0.051187,0.176138,0.367511,0.088355,0.274636
ACGAAATGGGCGGCAC-1,0.002557,0.174197,0.000021,0.156808,0.300926,0.231025,0.11466,0.019805
ACGACCCATGAGTTGC-1,0.009483,0.064212,0.582744,0.024113,0.233676,0.040323,0.04225,0.003199
ACGACTCTAGGGCCGA-1,0.065643,0.363123,0.448498,0.022767,0.037009,0.020377,0.005884,0.036699
ACGACTGGTCATACTC-1,0.028174,0.009798,0.09729,0.380029,0.134261,0.12132,0.159787,0.069341
ACGAGAACCCATCACG-1,0.15706,0.150718,0.00004,0.084413,0.00723,0.109347,0.46663,0.02456
ACGAGGATACCACTCT-1,0.024941,0.000043,0.073772,0.012803,0.29198,0.399401,0.124841,0.072219
ACGAGGTTTACAACGT-1,0.068331,0.083803,0.100224,0.177649,0.136624,0.060923,0.221539,0.150906
ACGAGTACGGATGCCC-1,0.020451,0.000031,0.003708,0.041025,0.640896,0.093994,0.152135,0.04776
ACGAGTCGCCGGCGTT-1,0.000022,0.003831,0.005185,0.030231,0.806012,0.116513,0.000732,0.037475
ACGATACATAGAACTA-1,0.075923,0.000065,0.000065,0.040597,0.047801,0.084724,0.666771,0.084054
ACGATACCTATCCTGA-1,0.016678,0.000061,0.000061,0.001128,0.154003,0.120791,0.121066,0.586212
ACGATCATACATAGAG-1,0.000033,0.000717,0.000033,0.557595,0.075683,0.34593,0.019977,0.000033
ACGATCATCTTGTAAA-1,0.0714,0.000057,0.012858,0.004559,0.324553,0.239959,0.131938,0.214676
ACGATGCATATGTTAT-1,0.654913,0.000091,0.000091,0.000091,0.000091,0.000091,0.344543,0.000091
ACGCAAACTAATAGAT-1,0.908369,0.000087,0.000087,0.000087,0.024327,0.000087,0.004795,0.062162
ACGCAATCACTACAGC-1,0.00003,0.00003,0.000873,0.067515,0.73464,0.181665,0.001636,0.013611
ACGCATAAATGACATG-1,0.000015,0.320309,0.039397,0.012307,0.583819,0.013754,0.000015,0.030383
ACGCATACGTTTACTA-1,0.141761,0.00006,0.101908,0.00006,0.14036,0.116503,0.258591,0.240758
ACGCATTCGTGAGTAC-1,0.056761,0.000082,0.000082,0.129585,0.023005,0.33265,0.456319,0.001515
ACGCCACTCGAAACAG-1,0.017093,0.030846,0.441714,0.016718,0.003578,0.153347,0.323316,0.013386
ACGCCAGATGATTTCT-1,0.000036,0.065276,0.000045,0.209971,0.169607,0.514661,0.039919,0.000485
ACGCCAGTGCGTTTGC-1,0.01461,0.472594,0.409802,0.003277,0.069844,0.020026,0.008546,0.001301
ACGCCGCTAGACGACC-1,0.023222,0.001355,0.010117,0.11443,0.095069,0.497996,0.246834,0.010978
ACGCGAAGTCAGACGA-1,0.654878,0.004262,0.004728,0.117533,0.000099,0.000099,0.14624,0.072161
ACGCGCTACACAGGGT-1,0.062094,0.107599,0.026456,0.356413,0.135698,0.229431,0.080118,0.002191
ACGCGGGCCAAGGACA-1,0.04064,0.032124,0.000038,0.176734,0.050516,0.228814,0.471097,0.000038
ACGCGTTTCTTAAGAG-1,0.000396,0.100749,0.000023,0.170199,0.480404,0.139399,0.006843,0.101988
ACGCTACTGAATGGGC-1,0.010998,0.40679,0.571652,0.000066,0.010294,0.000066,0.000066,0.000066
ACGCTAGTGATACACT-1,0.117554,0.024947,0.000053,0.053269,0.304639,0.060642,0.370995,0.067901
ACGCTGTGAGGCGTAG-1,0.157601,0.116818,0.003334,0.0307,0.482976,0.028141,0.143369,0.037062
ACGGAACACGAGTGCC-1,0.000028,0.146172,0.546679,0.023397,0.230187,0.037726,0.000028,0.015783
ACGGAATTTAGCAAAT-1,0.019908,0.000036,0.015356,0.079848,0.215414,0.505194,0.090498,0.073745
ACGGACGCAGCGACAA-1,0.279015,0.671416,0.042045,0.000068,0.000068,0.000068,0.004105,0.003214
ACGGACTCTCAAAGCG-1,0.024471,0.000042,0.044397,0.422676,0.000582,0.321886,0.179725,0.006222
ACGGAGCGCAAATTAC-1,0.006332,0.00967,0.006222,0.242409,0.347962,0.119487,0.012652,0.255266
ACGGATGGTGCGGATA-1,0.000051,0.097048,0.005719,0.092138,0.046834,0.464949,0.288328,0.004933
ACGGCACTTGCTTGGG-1,0.975784,0.000096,0.000096,0.000096,0.000096,0.000096,0.023643,0.000096
ACGGCCAACATGGACT-1,0.967684,0.031858,0.000076,0.000076,0.000076,0.000076,0.000076,0.000076
ACGGCGACGATGGGAA-1,0.049608,0.006121,0.02794,0.197827,0.082472,0.260477,0.369437,0.006117
ACGGCGGGTTGCCCTG-1,0.041107,0.000051,0.000052,0.022147,0.041715,0.38163,0.36649,0.146809
ACGGCTGGATGTAGAA-1,0.024391,0.005795,0.181024,0.003589,0.413637,0.129288,0.056307,0.185969
ACGGGAGTGTCGGCCC-1,0.00209,0.000034,0.001354,0.007287,0.239989,0.532832,0.033184,0.18323
ACGGGCGTATGCGACA-1,0.081799,0.180364,0.052564,0.182972,0.08646,0.02147,0.017506,0.376865
ACGGGTCATGTGACTT-1,0.204845,0.03101,0.002157,0.259735,0.214091,0.044181,0.089858,0.154123
ACGGGTTGTGACCTGT-1,0.018633,0.000055,0.706705,0.000055,0.01223,0.00158,0.208648,0.052092
