Barcode,Topic 1,Topic 2,Topic 3,Topic 4,Topic 5,Topic 6to8
AAACAATCTACTAGCA-1,0.726307,0.003332,0.001994,0.006686,0.003951,0.257729
AAACAGAGCGACTCCT-1,0.000087,0.006801,0.010874,0.053878,0.26259,0.66577
AAACATTTCCCGGATT-1,0.009632,0.007866,0.632415,0.103792,0.135782,0.110513
AAACCGGAAATGTTAA-1,0.380265,0.317423,0.193404,0.024811,0.018073,0.066024
AAACCGTTCGTCCAGG-1,0.305162,0.465516,0.216124,0.000031,0.000031,0.013137
AAACCTAAGCAGCCGG-1,0.02491,0.237901,0.357073,0.16332,0.083059,0.133737
AAACGAAGAACATACC-1,0.808711,0.002281,0.000123,0.008853,0.002221,0.17781
AAACGAGACGGTTGAT-1,0.002019,0.013485,0.078052,0.246563,0.389098,0.270783
AAACGCTGGGCACGAC-1,0.097028,0.168995,0.224176,0.19221,0.091134,0.226456
AAACGGGCGTACGGGT-1,0.051558,0.053378,0.293069,0.291139,0.166251,0.144606
AAACTCGTGATATAAG-1,0.036924,0.080119,0.471519,0.017201,0.132721,0.261515
AAACTGCTGGCTCCAA-1,0.208758,0.24514,0.509065,0.001509,0.006023,0.029505
AAACTTGCAAACGTAT-1,0.46002,0.539767,0.000036,0.000036,0.000036,0.000107
AAAGACCCAAGTCGCG-1,0.002533,0.002235,0.063565,0.045831,0.324551,0.561284
AAAGACTGGGCGCTTT-1,0.012402,0.11971,0.751193,0.025273,0.029374,0.062048
AAAGGCTACGGACCAT-1,0.001162,0.001852,0.631938,0.031698,0.266084,0.067266
AAAGGCTCTCGCGCCG-1,0.20255,0.343172,0.366057,0.022763,0.008475,0.056982
AAAGGGATGTAGCAAG-1,0.011146,0.091447,0.139389,0.049343,0.145937,0.562738
AAAGGGCAGCTTGAAT-1,0.025083,0.537058,0.093739,0.22794,0.047985,0.068194
AAAGTAGCATTGCTCA-1,0.018195,0.132201,0.631751,0.111501,0.040278,0.066073
AAAGTCACTGATGTAA-1,0.108375,0.034063,0.071252,0.017701,0.101792,0.666818
AAAGTGCCATCAATTA-1,0.025722,0.036182,0.414916,0.164444,0.214031,0.144705
AAAGTGTGATTTATCT-1,0.414662,0.197101,0.277322,0.003024,0.008882,0.099009
AAAGTTGACTCCCGTA-1,0.246009,0.229041,0.373844,0.006363,0.026489,0.118255
AAATAACCATACGGGA-1,0.000225,0.054772,0.005423,0.094317,0.122574,0.722689
AAATAAGGTAGTGCCC-1,0.533671,0.358099,0.076308,0.006009,0.002361,0.023552
AAATAGCTTAGACTTT-1,0.015719,0.009444,0.676481,0.026975,0.098197,0.173183
AAATAGGGTGCTATTG-1,0.898616,0.000047,0.101103,0.000047,0.000047,0.000141
AAATCCGATACACGCC-1,0.031304,0.000009,0.51043,0.069761,0.30922,0.079276
AAATCGTGTACCACAA-1,0.343974,0.117193,0.452156,0.002529,0.012777,0.071371
AAATCTAGCCCTGCTA-1,0.250267,0.038004,0.341767,0.006824,0.172863,0.190274
AAATGATTCGATCAGC-1,0.081422,0.301865,0.147853,0.065485,0.079468,0.323906
AAATGCTCGTTACGTT-1,0.026694,0.474806,0.010967,0.060158,0.067124,0.360251
AAATGGCATGTCTTGT-1,0.210399,0.185546,0.069683,0.019776,0.040238,0.474358
AAATGGTCAATGTGCC-1,0.011417,0.116433,0.229336,0.409307,0.145102,0.088405
AAATGTATCTTATCCC-1,0.046872,0.197008,0.64868,0.039454,0.015379,0.052607
AAATTAACGGGTAGCT-1,0.079085,0.242685,0.191919,0.232274,0.060275,0.193762
AAATTACACGACTCTG-1,0.041176,0.034813,0.042272,0.089648,0.138136,0.653955
AAATTACCTATCGATG-1,0.047993,0.170106,0.08066,0.164335,0.150172,0.386734
AAATTCCAGGTCCAAA-1,0.412302,0.022327,0.228855,0.00011,0.029929,0.306476
AAATTGATAGTCCTTT-1,0.009017,0.141425,0.351747,0.372544,0.074318,0.050949
AAATTGCGGCGGTTCT-1,0.160316,0.014544,0.011862,0.009238,0.169414,0.634625
AAATTTACCGAAATCC-1,0.617095,0.009785,0.011259,0.020537,0.011092,0.330233
AACAACTGGTAGTTGC-1,0.203737,0.287788,0.241573,0.052312,0.048009,0.166582
AACAATACATTGTCGA-1,0.242842,0.115481,0.192314,0.192656,0.105526,0.151181
AACAATTACTCTACGC-1,0.000028,0.467683,0.204352,0.309581,0.008166,0.01019
AACACACGCTCGCCGC-1,0.270185,0.000066,0.338684,0.000129,0.169719,0.221217
AACACGACTGTACTGA-1,0.203281,0.21023,0.02834,0.010658,0.017126,0.530366
AACACGAGACGCGGCC-1,0.669238,0.330582,0.00003,0.00003,0.00003,0.00009
AACACGCGGCCGCGAA-1,0.064015,0.010399,0.152214,0.009782,0.125693,0.637896
AACAGCTGTGTGGCAA-1,0.040735,0.034813,0.301839,0.125093,0.236701,0.260819
AACAGGAAATCGAATA-1,0.042452,0.059632,0.078945,0.02912,0.072009,0.717842
AACAGGATGGGCCGCG-1,0.079827,0.72123,0.131946,0.048094,0.006738,0.012164
AACAGGTAGTATGGAT-1,0.382128,0.357314,0.058988,0.128149,0.008574,0.064848
AACATATCAACTGGTG-1,0.00617,0.334209,0.059919,0.294303,0.096638,0.208761
AACATTGGTCAGCCGT-1,0.488511,0.009369,0.005907,0.009297,0.01156,0.475356
AACATTGTGACTCGAG-1,0.023147,0.336686,0.370942,0.126931,0.034112,0.108181
AACCAAGACTTCTCTG-1,0.461336,0.00344,0.357778,0.055557,0.051076,0.070812
AACCAGTATCACTCTT-1,0.568842,0.016902,0.008366,0.036203,0.02074,0.348947
AACCATGGGATCGCTA-1,0.130927,0.124366,0.04294,0.012516,0.033481,0.65577
AACCCAGAGACGGAGA-1,0.107224,0.000013,0.04372,0.005429,0.188503,0.65511
AACCCGAGCAGAATCG-1,0.018274,0.020856,0.714378,0.038129,0.066576,0.141787
AACCCTACTGTCAATA-1,0.011787,0.003086,0.50456,0.041817,0.257747,0.181003
AACCCTGGTGGAACCA-1,0.475674,0.03351,0.006782,0.012307,0.007103,0.464625
AACCGAGCTTGGTCAT-1,0.000008,0.000482,0.004038,0.147337,0.300863,0.547273
AACCGCTAAGGGATGC-1,0.737579,0.086969,0.138538,0.007932,0.00723,0.021752
AACCGTTGTGTTTGCT-1,0.129147,0.194486,0.042947,0.055405,0.064602,0.513414
AACCTCGCTTTAGCCC-1,0.004795,0.007569,0.542574,0.101429,0.266532,0.077101
AACCTTTAAATACGGT-1,0.694346,0.277942,0.027415,0.000059,0.000059,0.000178
AACCTTTACGACGTCT-1,0.00001,0.194673,0.010955,0.098966,0.074839,0.620557
AACGACCTCCTAGCCG-1,0.099744,0.029481,0.24553,0.197396,0.137795,0.290055
AACGATAATGCCGTAG-1,0.467463,0.010619,0.391807,0.000063,0.0214,0.108648
AACGATAGAAGGGCCG-1,0.068674,0.385302,0.011499,0.00554,0.029205,0.49978
AACGATATGTCAACTG-1,0.041182,0.129608,0.067815,0.063472,0.056356,0.641567
AACGCATGATCTGGGT-1,0.000006,0.006835,0.058401,0.562636,0.269966,0.102155
AACGCGAACGGCAACA-1,0.036692,0.155015,0.040852,0.004981,0.07887,0.683591
AACGCGGTCTCCAGCC-1,0.008808,0.131738,0.021204,0.043695,0.108753,0.685801
AACGCTGTTGCTGAAA-1,0.518205,0.013116,0.311224,0.005161,0.072658,0.079637
AACGGCCATCTCCGGT-1,0.337827,0.598369,0.060896,0.002561,0.000047,0.0003
AACGTACTGTGGGTAC-1,0.803648,0.19602,0.000055,0.000055,0.000055,0.000166
AACGTCAGACTAGTGG-1,0.038869,0.380732,0.045481,0.211316,0.074926,0.248676
AACGTGATGAAGGACA-1,0.027944,0.023135,0.066213,0.050385,0.126225,0.706098
AACGTGCGAAAGTCTC-1,0.026443,0.130207,0.194453,0.196606,0.145524,0.306767
AACGTTATCAGCACCT-1,0.003159,0.658628,0.047155,0.271531,0.006216,0.01331
AACGTTCTACCATTGT-1,0.180754,0.102078,0.220202,0.235474,0.110372,0.15112
AACTACCCGTTTGTCA-1,0.940692,0.005521,0.013673,0.000047,0.006479,0.033587
AACTAGCGTATCGCAC-1,0.860672,0.000022,0.000022,0.000022,0.000022,0.139239
AACTAGGCTTGGGTGT-1,0.501219,0.065207,0.284108,0.002199,0.044657,0.10261
AACTCAAGTTAATTGC-1,0.059552,0.08914,0.748283,0.023336,0.013864,0.065824
AACTCCAGAGCGTGTT-1,0.004833,0.001913,0.5841,0.023353,0.200686,0.185115
AACTCCTAATCCCATG-1,0.040329,0.356114,0.005297,0.01339,0.01335,0.571519
AACTCGATAAACACGT-1,0.105661,0.237735,0.011787,0.009395,0.023304,0.612117
AACTCGATGGCGCAGT-1,0.022033,0.054636,0.073522,0.031246,0.104083,0.714481
AACTCTCAATAGAGCG-1,0.022227,0.092221,0.190253,0.360918,0.175761,0.15862
AACTCTCAGTGTGCTC-1,0.036126,0.011397,0.843622,0.011465,0.026686,0.070705
AACTGATATTAGGCCT-1,0.080089,0.101996,0.069752,0.028347,0.072794,0.647022
AACTGGGTCCCGACGT-1,0.059581,0.245788,0.005784,0.013914,0.014869,0.660063
AACTGGTGTGGGCCTT-1,0.210212,0.016839,0.150971,0.024895,0.056834,0.540248
AACTTCTGCGTCTATC-1,0.00815,0.779572,0.002234,0.157331,0.003817,0.048897
AACTTGCCCGTATGCA-1,0.000395,0.607758,0.203258,0.16815,0.012525,0.007914
AACTTGCGTTCTCGCG-1,0.113752,0.125381,0.066743,0.029827,0.094508,0.569789
AACTTTACGGGAGCTT-1,0.221992,0.476949,0.120468,0.045224,0.010427,0.12494
AACTTTAGCTGCTGAG-1,0.54145,0.016228,0.012402,0.026291,0.013979,0.389649
AAGAAGGATCAGTTAG-1,0.007548,0.14996,0.027052,0.03144,0.113466,0.670535
AAGACATACGTGGTTT-1,0.036513,0.099751,0.221506,0.223745,0.266999,0.151486
AAGACCCAACTGAACA-1,0.027744,0.036915,0.687662,0.037216,0.081315,0.129148
AAGACTAACCCGTTGT-1,0.215278,0.005203,0.034459,0.007335,0.088342,0.649384
AAGACTGCAAGCTACT-1,0.017077,0.028496,0.070086,0.474696,0.296621,0.113024
AAGAGATGAATCGGTA-1,0.028979,0.109389,0.128376,0.50622,0.101516,0.12552
AAGAGCTCTTTATCGG-1,0.012345,0.026684,0.074045,0.356572,0.310431,0.219923
AAGAGGCATGGATCGC-1,0.018432,0.068201,0.146399,0.243227,0.195311,0.32843
AAGAGGCCCTTTGGAA-1,0.035052,0.207085,0.50306,0.101142,0.032835,0.120827
AAGATGGCACCGGACC-1,0.035647,0.061,0.519753,0.116121,0.086255,0.181223
AAGATTGGCGGAACGT-1,0.01489,0.079011,0.020146,0.269017,0.1175,0.499436
AAGCACCCTGCGTATC-1,0.09523,0.188661,0.613542,0.014697,0.034075,0.053795
AAGCATACTCTCCTGA-1,0.718301,0.112583,0.165077,0.000095,0.000095,0.003849
AAGCCGAAGCGGTTTA-1,0.321602,0.290387,0.146187,0.064923,0.021292,0.155609
AAGCCGGAGAGCAGGA-1,0.000006,0.000916,0.424592,0.132721,0.385775,0.05599
AAGCGGCGTCATGGGT-1,0.000007,0.027771,0.009175,0.295764,0.242266,0.425017
AAGCGTCCCTCATCGA-1,0.018735,0.335113,0.301013,0.162494,0.060237,0.12241
AAGCTAGATCGAGTAA-1,0.999432,0.000081,0.000081,0.000081,0.000081,0.000243
AAGCTCGTGCCAAGTC-1,0.075555,0.318114,0.091521,0.136795,0.066432,0.311582
AAGCTCTTTCATGGTG-1,0.273132,0.055143,0.501076,0.005136,0.05857,0.106944
AAGGAGAACTTATAAG-1,0.639508,0.006711,0.001224,0.010995,0.005228,0.336334
AAGGAGCGGTTGGTGC-1,0.008302,0.211478,0.119828,0.433805,0.114237,0.11235
AAGGATGAGGGACCTC-1,0.139815,0.134071,0.046236,0.089064,0.059037,0.531776
AAGGCGCGTAAAGCTT-1,0.0266,0.252237,0.103007,0.197228,0.200294,0.220635
AAGGCTGTGCTCATCG-1,0.056559,0.18674,0.185449,0.310621,0.059102,0.20153
AAGGGACAGATTCTGT-1,0.000649,0.028759,0.027275,0.292366,0.375054,0.275897
AAGGTATCCTAATATA-1,0.007319,0.042539,0.023144,0.098296,0.287599,0.541103
AAGGTGATAAACCAGC-1,0.415927,0.137162,0.347546,0.002589,0.020775,0.076002
AAGTAGAAGACCGGGT-1,0.025018,0.101026,0.041947,0.048383,0.109699,0.673928
AAGTAGTGACGCGAGG-1,0.015784,0.350935,0.556682,0.043229,0.01457,0.0188
AAGTCAATTGTCGTCA-1,0.412516,0.009378,0.335969,0.011701,0.121458,0.108978
AAGTGAGTCGGGTTTA-1,0.025395,0.148575,0.499176,0.063079,0.08815,0.175624
AAGTGCAAAGGTAGAC-1,0.029429,0.541876,0.409061,0.018407,0.000026,0.001201
AAGTGCCTTGACTGTA-1,0.246243,0.176054,0.213728,0.063653,0.056683,0.243638
AAGTGCGTTAGAATCT-1,0.006104,0.004816,0.865135,0.059572,0.039973,0.024401
AAGTGTTTGGAGACGG-1,0.521229,0.00009,0.290235,0.00009,0.098376,0.08998
AAGTTCACTCCAAGCT-1,0.30284,0.29198,0.333205,0.004688,0.02076,0.046526
AAGTTCAGTCTGCGTA-1,0.020457,0.146853,0.024822,0.205795,0.140288,0.461785
AAGTTGTGATGTTATA-1,0.017635,0.012926,0.196831,0.455246,0.207181,0.110181
AAGTTTACTAATGGCA-1,0.763945,0.00245,0.000018,0.005306,0.001799,0.226483
AATAACAACGCTCGGC-1,0.789947,0.209864,0.000032,0.000032,0.000032,0.000095
AATAACACTAGAACAA-1,0.124266,0.000501,0.749243,0.008733,0.046658,0.070598
AATAAGTCCTCGAGAC-1,0.684996,0.049563,0.001261,0.020106,0.003735,0.240339
AATAATCTTCGTATCG-1,0.463849,0.429325,0.102552,0.000053,0.000053,0.004169
AATACAATGTTTCAGG-1,0.008248,0.758292,0.035917,0.187251,0.004572,0.00572
AATAGAACAGAGTGGC-1,0.420066,0.400647,0.178664,0.000051,0.000051,0.00052
AATAGAATCTGTTTCA-1,0.624274,0.067274,0.239454,0.01508,0.008231,0.045687
AATAGCTACCGCGTGC-1,0.00195,0.026403,0.297274,0.38043,0.161877,0.132066
AATAGTCCGTCCCGAC-1,0.230342,0.507846,0.243213,0.004803,0.000624,0.013172
AATAGTCGCGAGTCGG-1,0.000024,0.418303,0.25686,0.266871,0.02593,0.032013
AATATCAAGGTCGGAT-1,0.028863,0.040216,0.049653,0.084388,0.070703,0.726176
AATATCGAATCAATGC-1,0.834361,0.00006,0.077239,0.00006,0.001746,0.086533
AATATCGAGGGTTCTC-1,0.027619,0.23729,0.110363,0.265479,0.131464,0.227785
AATCAGACTGCAGGAC-1,0.170454,0.021667,0.052284,0.00638,0.072472,0.676743
AATCATGTAAAGACTC-1,0.361869,0.085824,0.277914,0.084538,0.072509,0.117345
AATCCAAGGGCCTGAG-1,0.058269,0.049446,0.052105,0.014916,0.035819,0.789445
AATCCATGCAAGGGTG-1,0.054212,0.161782,0.031652,0.012636,0.030176,0.709542
AATCGCCTCAGCGCCA-1,0.006855,0.117599,0.318091,0.358739,0.120188,0.078529
AATCGGGACACTACGA-1,0.054315,0.003613,0.079149,0.019689,0.126342,0.716893
AATCTAGGTTTACTTG-1,0.002467,0.427091,0.237198,0.174903,0.063034,0.095307
AATCTATGCCGGAGCC-1,0.001655,0.08031,0.356905,0.195255,0.232677,0.133199
AATCTGCGTTGGGACG-1,0.004653,0.155646,0.065059,0.215457,0.267661,0.291524
AATGACAGCAATGTCT-1,0.198236,0.601368,0.200148,0.00005,0.00005,0.000149
AATGACGTAGGATGTC-1,0.029732,0.002274,0.756711,0.015035,0.115131,0.081117
AATGACTGTCAGCCGG-1,0.041671,0.109815,0.048615,0.127406,0.22792,0.444572
AATGAGTTCGCATATG-1,0.04491,0.433538,0.004949,0.137889,0.018966,0.359748
AATGATGATACGCTAT-1,0.01553,0.138321,0.008224,0.219371,0.078659,0.539895
AATGATGCGACTCCTG-1,0.028322,0.217948,0.064615,0.221571,0.149892,0.317651
AATGCAACCGGGTACC-1,0.131415,0.248593,0.090393,0.041033,0.056921,0.431645
AATGCACCAAGCAATG-1,0.099277,0.105157,0.041661,0.065736,0.088737,0.599433
AATGGTCCACCGTTCA-1,0.069226,0.521021,0.398919,0.002889,0.000237,0.007707
AATGGTTCTCACAAGC-1,0.006233,0.174651,0.031368,0.175383,0.18989,0.422475
AATGTGCCCGAGGTGT-1,0.09903,0.284102,0.270302,0.116449,0.021606,0.208511
AATGTTGTCGTGAGAC-1,0.127787,0.076248,0.298701,0.230492,0.10061,0.166162
AATTAAAGGTCGGCGT-1,0.165977,0.140041,0.575271,0.013122,0.019025,0.086564
AATTAACGGATTTCCA-1,0.362461,0.485485,0.138313,0.003712,0.000036,0.009993
AATTACTCGTACGCTC-1,0.00747,0.567933,0.010086,0.195195,0.020297,0.19902
AATTAGCGCTGCAGCG-1,0.333828,0.280177,0.194353,0.067295,0.030242,0.094104
AATTCATAAGGGATCT-1,0.05363,0.126939,0.063929,0.031704,0.083164,0.640635
AATTCCAACTTGGTGA-1,0.517236,0.0173,0.002072,0.011853,0.017975,0.433564
AATTCCAAGCATGTAC-1,0.078359,0.145805,0.384481,0.149632,0.070038,0.171684
AATTCGATTCGAGGAT-1,0.032211,0.325384,0.337312,0.111577,0.054164,0.139353
AATTCTAGAGTTAGGC-1,0.999068,0.000133,0.000133,0.000133,0.000133,0.000399
AATTGAACGCTCTGGT-1,0.091175,0.210989,0.582261,0.030857,0.035904,0.048813
AATTGCAGCAATCGAC-1,0.043336,0.32395,0.250232,0.10235,0.055477,0.224655
AATTGTGGTTGCCAAA-1,0.061765,0.323362,0.179902,0.197719,0.060258,0.176994
AATTTGGGACATAGTA-1,0.003274,0.104086,0.006003,0.091266,0.189614,0.605757
AATTTGGTTCCAAAGA-1,0.09749,0.005151,0.095425,0.013598,0.088202,0.700135
ACAAAGCATGACCTAG-1,0.000013,0.066795,0.527979,0.121234,0.094334,0.189644
ACAAATCGCACCGAAT-1,0.352886,0.007332,0.276492,0.024455,0.101113,0.237721
ACAAATGGTAGTGTTT-1,0.145167,0.205054,0.528834,0.011947,0.017986,0.091012
ACAACAGCATGAGCTA-1,0.004743,0.018383,0.083682,0.340635,0.273781,0.278776
ACAACGGTCCCTGCGA-1,0.016433,0.31619,0.061094,0.329431,0.072731,0.204121
ACAAGCAGTGCCTAGC-1,0.000026,0.365118,0.29538,0.319178,0.011182,0.009115
ACAAGGAAATCCGCCC-1,0.626233,0.040228,0.202953,0.001151,0.021561,0.107875
ACAAGGACAAGAGGTT-1,0.188962,0.357508,0.173037,0.072793,0.055907,0.151794
ACAAGGATGCTTTAGG-1,0.062807,0.036964,0.632309,0.038284,0.062807,0.166829
ACAAGGGCAGGCTCTG-1,0.149074,0.001132,0.58706,0.01241,0.058508,0.191816
ACAATCCATTTAAACC-1,0.406647,0.441956,0.133316,0.003273,0.000037,0.01477
ACAATGAATACGGAGA-1,0.002379,0.154863,0.317128,0.402839,0.063892,0.0589
ACAATTGTGTCTCTTT-1,0.999577,0.00006,0.00006,0.00006,0.00006,0.000182
ACAATTTAGGAGGCTC-1,0.868041,0.131578,0.000063,0.000063,0.000063,0.00019
ACAATTTGAGCAGTGG-1,0.000261,0.003473,0.007591,0.196491,0.508985,0.283199
ACACAAAGACGGGTGG-1,0.002366,0.002697,0.012882,0.112913,0.45857,0.410571
ACACACCAGGACCAGT-1,0.23654,0.099871,0.479619,0.002121,0.027455,0.154394
ACACACTTTCTACACG-1,0.087054,0.021681,0.101735,0.050823,0.093532,0.645175
ACACATTGACGCAACA-1,0.027687,0.225983,0.027201,0.186542,0.048966,0.483622
ACACCACATAATTAGC-1,0.497449,0.032281,0.144701,0.012012,0.096916,0.21664
ACACCCAGCATGCAGC-1,0.003809,0.080954,0.045744,0.123179,0.339792,0.406522
ACACCCGAGAAATCCG-1,0.031046,0.101841,0.050819,0.01633,0.04963,0.750334
ACACCGAGCGCTCTTT-1,0.006887,0.763405,0.007593,0.172193,0.00338,0.046542
ACACCTTAAGTAGGGC-1,0.01767,0.08932,0.089246,0.154517,0.252786,0.396462
ACACGAGACTCCTTCT-1,0.027312,0.147306,0.042505,0.355312,0.125397,0.302168
ACACGGCACTATGCAT-1,0.409146,0.088507,0.033392,0.087753,0.027167,0.354036
ACACGGGAACTTAGGG-1,0.08522,0.182506,0.03304,0.158757,0.061063,0.479414
ACACGTAGGCCACAAG-1,0.009869,0.085905,0.631375,0.069512,0.094138,0.1092
ACACTCCAATGTCACT-1,0.004514,0.775772,0.001773,0.140779,0.026225,0.050937
ACACTGATCAAGGTGT-1,0.420591,0.508326,0.070828,0.000051,0.000051,0.000154
ACACTGGGACAGTCGT-1,0.001928,0.001323,0.437962,0.109911,0.372995,0.075881
ACAGAACTGAGAACAA-1,0.027348,0.302866,0.441626,0.097712,0.045833,0.084615
ACAGATTAGGTTAGTG-1,0.062445,0.052436,0.078854,0.015711,0.076531,0.714024
ACAGCATAGAGCCAGT-1,0.007454,0.008376,0.076358,0.073211,0.295837,0.538763
ACAGCGACATTCTCAT-1,0.261709,0.043094,0.490901,0.125708,0.045766,0.032821
ACAGCGCACCCGCAGC-1,0.074986,0.231493,0.089574,0.009136,0.076248,0.518562
ACAGGCTTGCCCGACT-1,0.562353,0.05254,0.303821,0.006172,0.010989,0.064126
ACAGGTGGAGGTGAGG-1,0.513513,0.409951,0.076307,0.000046,0.000046,0.000137
ACATAATAAGGCGGTG-1,0.053157,0.193791,0.014228,0.036846,0.061327,0.640651
ACATCAGCTGGGACGC-1,0.75408,0.232018,0.013434,0.000094,0.000094,0.000281
ACATCCCGGCCATACG-1,0.251686,0.289063,0.450066,0.001596,0.00005,0.007539
ACATCCTGGTAACTGT-1,0.220487,0.153943,0.337314,0.021367,0.051909,0.214979
ACATCGATCGTTTACC-1,0.017651,0.004268,0.782498,0.006804,0.092282,0.096498
ACATCGGTCAGCCGCG-1,0.762719,0.000092,0.048476,0.014897,0.04615,0.127666
ACATCGTATGCAATGG-1,0.136771,0.025303,0.580383,0.021214,0.040086,0.196244
ACATCGTTAACCTAGT-1,0.150227,0.058125,0.127343,0.035185,0.031189,0.597931
ACATGGCGCCAAAGTA-1,0.109231,0.124356,0.441385,0.002271,0.061335,0.261422
ACATGGCTCAATTTAG-1,0.05182,0.320382,0.009314,0.00329,0.025068,0.590126
ACATTAGTTTATATCC-1,0.998994,0.000144,0.000144,0.000144,0.000144,0.000431
ACCAACACCACACACT-1,0.061598,0.000012,0.333242,0.100516,0.349461,0.155172
ACCAACCGCACTCCAC-1,0.007921,0.052409,0.298216,0.225181,0.311477,0.104795
ACCAACGCTTATTTAT-1,0.327021,0.394591,0.2771,0.000043,0.000043,0.001202
ACCAAGAACGCGTGTC-1,0.063088,0.119428,0.04126,0.017002,0.092258,0.666964
ACCAATATGCAAGTTA-1,0.315753,0.19592,0.305019,0.01604,0.04472,0.122548
ACCACAAGTTTCTATC-1,0.066931,0.253742,0.15217,0.260561,0.131703,0.134893
ACCACCAATGTAACAA-1,0.518656,0.086583,0.234248,0.008678,0.029531,0.122304
ACCACGTGCAGCTATA-1,0.682089,0.182822,0.121961,0.001386,0.004599,0.007143
ACCACTGTTCAAGAAG-1,0.020862,0.440267,0.004535,0.269489,0.034684,0.230163
ACCAGGAGTGTGATCT-1,0.5935,0.012616,0.004316,0.006091,0.001624,0.381852
ACCAGTGCCCGGTCAA-1,0.012232,0.012911,0.048174,0.027563,0.305068,0.594051
ACCAGTGCGGGAGACG-1,0.999687,0.000045,0.000045,0.000045,0.000045,0.000134
ACCATATCCGCAATAA-1,0.002127,0.026386,0.521538,0.128562,0.22485,0.096536
ACCATCGTATATGGTA-1,0.904171,0.000041,0.087981,0.000041,0.001922,0.005844
ACCATTAAGGGTGTCA-1,0.225672,0.673534,0.010874,0.023457,0.005899,0.060564
ACCCAACGCCCGTGGC-1,0.12481,0.060003,0.123558,0.121263,0.092427,0.47794
ACCCACCTACATGCTC-1,0.025887,0.613031,0.006039,0.354351,0.000047,0.000646
ACCCATCTTGAGGGTA-1,0.289122,0.634384,0.068012,0.000053,0.000053,0.008376
ACCCATTTGTCCCTCT-1,0.1262,0.249941,0.467727,0.034354,0.012497,0.109281
ACCCGGAAACTCCCAG-1,0.698784,0.007707,0.24798,0.01414,0.007317,0.024071
ACCCGGAGCACCACAA-1,0.001221,0.001684,0.694844,0.047273,0.178277,0.076701
ACCCGGATGACGCATC-1,0.011247,0.085376,0.499076,0.13125,0.123308,0.149743
ACCCGGTTACACTTCC-1,0.629258,0.250747,0.106147,0.000042,0.000042,0.013764
ACCCGTAGTCTAGTTG-1,0.08445,0.303457,0.19079,0.179052,0.056499,0.185752
ACCCGTGTCATCAGTA-1,0.085839,0.042318,0.731217,0.013155,0.047856,0.079614
ACCCTATAGGACTGAG-1,0.00042,0.110579,0.003752,0.507192,0.126952,0.251105
ACCCTATGCCATATCG-1,0.044535,0.092863,0.552911,0.070823,0.065883,0.172984
ACCCTCCCTTGCTATT-1,0.68617,0.178673,0.114501,0.01519,0.000201,0.005266
ACCCTTCATCTGCGAA-1,0.046928,0.012417,0.032097,0.303053,0.167204,0.438301
ACCGAAAGGGCCCTGC-1,0.150549,0.099244,0.056235,0.014663,0.043783,0.635526
ACCGACACATCTCCCA-1,0.022303,0.004909,0.654853,0.108,0.151638,0.058297
ACCGACTGAGTCCCAC-1,0.057188,0.079885,0.015941,0.283032,0.18207,0.381884
ACCGATAGGCATAACC-1,0.000011,0.005304,0.46805,0.129512,0.313156,0.083967
ACCGATATTTAATCAT-1,0.24479,0.432901,0.313677,0.000055,0.000055,0.008523
ACCGATGGTAGCATCG-1,0.000545,0.025402,0.235527,0.247966,0.338121,0.15244
ACCGCAATAACTGCCT-1,0.771076,0.000067,0.152533,0.000067,0.05354,0.022718
ACCGCGGTGGAAGTCG-1,0.999237,0.000664,0.000017,0.000017,0.000017,0.00005
ACCGGGCCTTTGTTGA-1,0.924559,0.000042,0.054444,0.000042,0.01802,0.002893
ACCGTGACCACGTGGG-1,0.098281,0.083666,0.42448,0.137078,0.083903,0.172593
ACCGTTCCCGCTCTGA-1,0.715496,0.018704,0.001769,0.018989,0.007046,0.237996
ACCTAAGTACCTTTCA-1,0.674684,0.028976,0.255734,0.039607,0.000921,0.000079
ACCTAATCGACTTCCT-1,0.067493,0.648792,0.281145,0.002408,0.00004,0.000121
ACCTCCGCCCTCGCTG-1,0.231696,0.190268,0.469031,0.00442,0.018478,0.086107
ACCTCCGTTATTCACC-1,0.334732,0.388904,0.140696,0.001027,0.021281,0.11336
ACCTGCGTGTCATGTT-1,0.449282,0.48656,0.051146,0.003955,0.000044,0.009013
ACGAAATGGGCGGCAC-1,0.034979,0.048274,0.813742,0.022089,0.033996,0.046919
ACGACCCATGAGTTGC-1,0.021859,0.169729,0.565442,0.0724,0.041718,0.128852
ACGAGAACCCATCACG-1,0.326507,0.020462,0.011859,0.007202,0.035005,0.598965
ACGAGATATTTGCTTA-1,0.071081,0.001744,0.170411,0.024608,0.158673,0.573482
ACGAGGATACCACTCT-1,0.000274,0.086744,0.587731,0.101227,0.103281,0.120743
ACGAGTACGGATGCCC-1,0.00001,0.000594,0.210789,0.284726,0.410194,0.093688
ACGATACATAGAACTA-1,0.005537,0.036208,0.022395,0.129594,0.22778,0.578485
ACGATCATACATAGAG-1,0.099415,0.260206,0.029965,0.028285,0.016303,0.565825
ACGATCATCTTGTAAA-1,0.03381,0.17246,0.469547,0.066336,0.069717,0.18813
ACGATGCATATGTTAT-1,0.066168,0.187463,0.60788,0.020964,0.014133,0.103392
ACGATGGATCCGATGC-1,0.098348,0.128954,0.059952,0.005622,0.035473,0.671652
ACGCAAACTAATAGAT-1,0.033868,0.21473,0.385222,0.063545,0.062332,0.240303
ACGCAATCACTACAGC-1,0.130347,0.209406,0.192876,0.110434,0.056955,0.299982
ACGCATACGTTTACTA-1,0.284343,0.333608,0.259366,0.010591,0.004529,0.107564
ACGCATTCGTGAGTAC-1,0.01989,0.429987,0.020063,0.248124,0.037855,0.244082
ACGCCAGATGATTTCT-1,0.188522,0.021122,0.058122,0.035922,0.039364,0.656948
ACGCCGCTAGACGACC-1,0.013944,0.087177,0.609671,0.075474,0.055344,0.15839
ACGCGAAGTCAGACGA-1,0.310733,0.238837,0.20957,0.139407,0.028999,0.072453
ACGCGGGCCAAGGACA-1,0.05535,0.327865,0.135294,0.090632,0.15826,0.2326
ACGCGTTTCTTAAGAG-1,0.343737,0.655954,0.000051,0.000051,0.000051,0.000154
ACGCTACTGAATGGGC-1,0.138168,0.1787,0.214025,0.256507,0.075902,0.136698
ACGCTAGTGATACACT-1,0.003197,0.167479,0.035022,0.36543,0.130224,0.298649
ACGGAATTTAGCAAAT-1,0.009036,0.116283,0.030751,0.156682,0.103992,0.583255
ACGGACTCTCAAAGCG-1,0.028814,0.02069,0.710006,0.010346,0.092196,0.137948
ACGGAGCGCAAATTAC-1,0.010891,0.064987,0.168514,0.208169,0.291837,0.255603
ACGGATGGTGCGGATA-1,0.278566,0.21841,0.407823,0.000186,0.012219,0.082795
ACGGCACTTGCTTGGG-1,0.981196,0.017441,0.001148,0.000043,0.000043,0.000129
ACGGCCAACATGGACT-1,0.700228,0.279469,0.019989,0.000063,0.000063,0.000189
ACGGCGACGATGGGAA-1,0.576175,0.084152,0.305056,0.000105,0.00786,0.026652
ACGGCGGGTTGCCCTG-1,0.397628,0.005134,0.040471,0.015137,0.020147,0.521482
ACGGGAGTGTCGGCCC-1,0.384206,0.601676,0.013822,0.000059,0.000059,0.000177
ACGGGCGTATGCGACA-1,0.326616,0.080132,0.099823,0.024887,0.046091,0.422451
ACGGGTCATGTGACTT-1,0.078808,0.747933,0.007143,0.131543,0.004184,0.030389
ACGTACAGATTTCTCT-1,0.009206,0.007654,0.173577,0.056401,0.213175,0.539987
ACGTAGATTGCTGATG-1,0.094986,0.226971,0.028615,0.169473,0.114384,0.365572
ACGTATTACTCCGATC-1,0.027475,0.130738,0.658011,0.024989,0.046655,0.112132
ACGTGCGCCTCGTGCA-1,0.198067,0.157902,0.010542,0.023836,0.03468,0.574973
ACGTTAATGTCGAAGA-1,0.004957,0.028747,0.542654,0.129872,0.201903,0.091868
ACGTTAGATTTGCCCG-1,0.357417,0.486518,0.125074,0.001306,0.000861,0.028824
ACGTTATTGGTCACTC-1,0.003161,0.459171,0.044105,0.353344,0.048149,0.092071
ACGTTCCGCGCTCCGT-1,0.070459,0.004476,0.033329,0.115993,0.198237,0.577505
ACGTTCGCAATCAATT-1,0.246927,0.399434,0.251271,0.004019,0.027595,0.070755
ACGTTCGTTCAGGAAA-1,0.016062,0.068187,0.451622,0.077562,0.126365,0.260202
ACGTTCTGTACAAGTC-1,0.012755,0.09686,0.304119,0.19674,0.252111,0.137415
ACGTTTAGTTGTGATC-1,0.071143,0.093019,0.098608,0.043383,0.262058,0.431789
ACGTTTCGGTGCACTT-1,0.164765,0.011299,0.219497,0.240946,0.241505,0.121989
ACTACCAGCTCTCTGG-1,0.097298,0.156929,0.116631,0.136082,0.098383,0.394677
ACTACGCGTTAGAATT-1,0.04022,0.043215,0.69704,0.049461,0.055447,0.114617
ACTAGTTGCGATCGTC-1,0.807719,0.003782,0.105178,0.000106,0.000106,0.083109
ACTATATGCTGTGTTC-1,0.016081,0.132615,0.024232,0.471452,0.058474,0.297146
ACTATCCAGGGCATGG-1,0.333997,0.413843,0.138396,0.005161,0.029003,0.079599
ACTATCGCCGGCTAAA-1,0.012631,0.439495,0.003766,0.404506,0.026383,0.113219
ACTATCTGCCCGCGTA-1,0.314579,0.466871,0.198785,0.003857,0.005162,0.010745
ACTATTCGTCCGTGGT-1,0.072836,0.132724,0.039378,0.023027,0.055207,0.676828
ACTATTTCCGGGCCCA-1,0.253214,0.034133,0.368795,0.086905,0.096809,0.160143
ACTCAACGAATGTATT-1,0.016588,0.006008,0.033656,0.039516,0.224716,0.679516
ACTCAAGTGCAAGGCT-1,0.041551,0.001561,0.684258,0.042994,0.115034,0.114601
ACTCAATAAAGGCACG-1,0.001332,0.021212,0.062408,0.052134,0.210844,0.65207
ACTCAGACCTGCTTCT-1,0.061408,0.184326,0.028402,0.013874,0.042914,0.669075
ACTCCCGAATTCGTTT-1,0.030368,0.241454,0.264185,0.123756,0.173596,0.16664
ACTCCCTAATGCTAAA-1,0.408324,0.496279,0.095175,0.000044,0.000044,0.000133
ACTCCCTAGAATAGTA-1,0.924691,0.00928,0.065848,0.000036,0.000036,0.000109
ACTCGATGTATTTCAT-1,0.025791,0.532527,0.042136,0.282572,0.05146,0.065514
ACTCGCCGTTCGATAA-1,0.025826,0.322702,0.216048,0.27361,0.067633,0.094181
ACTCGTAACCCGTCCT-1,0.031956,0.050909,0.767976,0.035956,0.038998,0.074205
ACTCGTCAGTAATCCC-1,0.036837,0.376316,0.184518,0.127579,0.032388,0.242363
ACTCTAAACCTGGGAT-1,0.063694,0.626024,0.307189,0.002418,0.000023,0.000652
ACTCTCTGACTTAGGT-1,0.002746,0.000434,0.471373,0.096893,0.34059,0.087964
ACTCTCTTATACACGA-1,0.110981,0.181828,0.043925,0.039339,0.029934,0.593993
ACTCTTGTATAGTAAC-1,0.05037,0.313258,0.183818,0.210712,0.059868,0.181974
ACTGAAACGCCGTTAG-1,0.260466,0.287268,0.29602,0.001644,0.002473,0.152129
ACTGAATGGCGAAAGT-1,0.490164,0.388,0.119413,0.000032,0.000032,0.00236
ACTGCCGTCGTAACTC-1,0.133601,0.139078,0.050285,0.029241,0.029376,0.618419
ACTGTACGATACACAT-1,0.036789,0.018937,0.027882,0.430239,0.162035,0.324118
ACTGTAGCACTTTGGA-1,0.109319,0.3699,0.190906,0.127621,0.035278,0.166975
ACTGTATACGCGAGCA-1,0.10824,0.113997,0.015433,0.018087,0.086135,0.658108
ACTGTCCAGGATTATA-1,0.069547,0.338487,0.249724,0.13806,0.053396,0.150785
ACTGTCTTCTTTAGAA-1,0.018209,0.024253,0.048791,0.30451,0.278854,0.325382
ACTGTGCTAGTAGATC-1,0.090079,0.242497,0.017661,0.000833,0.026303,0.622626
ACTTACCGGGCGCGCA-1,0.008801,0.116853,0.022362,0.030261,0.087724,0.733999
ACTTACGCATCCACGC-1,0.122837,0.158355,0.436401,0.011012,0.049095,0.2223
ACTTAGTACGACAAGA-1,0.042874,0.014415,0.045911,0.007193,0.074653,0.814954
ACTTATACTTACCCGG-1,0.002835,0.011509,0.245271,0.308266,0.268055,0.164064
ACTTATTAGGATCGGT-1,0.016647,0.097839,0.62668,0.114547,0.067427,0.07686
ACTTATTTATGTGCCA-1,0.424339,0.17668,0.293923,0.006162,0.016253,0.082644
ACTTCAGGCTGATCCC-1,0.559105,0.000099,0.130532,0.008989,0.261776,0.039499
ACTTCCATGCGGGACA-1,0.056634,0.006599,0.58188,0.023462,0.147096,0.184329
ACTTCGCCATACGCAC-1,0.12614,0.262349,0.024866,0.109091,0.043271,0.434283
ACTTGACTCCCTCTTT-1,0.064133,0.082008,0.573773,0.059946,0.061736,0.158405
ACTTGCCATATTGTAC-1,0.854786,0.004102,0.000027,0.010223,0.000027,0.130835
ACTTGGGACCCGGTGG-1,0.022587,0.411509,0.110507,0.240949,0.062974,0.151473
ACTTGTGGATGGAACG-1,0.406294,0.550209,0.043175,0.000064,0.000064,0.000193
ACTTTACCCTCATGAA-1,0.149123,0.370324,0.189084,0.140467,0.056279,0.094724
ACTTTCCTATAGCTTC-1,0.034229,0.129517,0.035582,0.341903,0.119402,0.339367
ACTTTGTCGACGCACT-1,0.037745,0.277479,0.54094,0.023308,0.027673,0.092854
AGAAATTATGACTCGC-1,0.392782,0.385034,0.183237,0.006511,0.004508,0.027928
AGAACGTGGTACATTC-1,0.036205,0.061879,0.024684,0.129018,0.087034,0.66118
AGAAGAGCGCCGTTCC-1,0.000149,0.355229,0.214934,0.1407,0.177189,0.111799
AGAAGGTTGCCGAATT-1,0.608698,0.19427,0.189272,0.000034,0.000034,0.007692
AGAAGGTTGTAGGTCG-1,0.025807,0.301964,0.389867,0.099177,0.032967,0.150218
AGAAGTGATTCGTGAT-1,0.093536,0.52648,0.366088,0.00843,0.000041,0.005426
AGAATTATGGATTCGA-1,0.011457,0.153513,0.131429,0.195465,0.144041,0.364096
AGAATTGTTTGACATA-1,0.031062,0.269044,0.016548,0.349078,0.099357,0.234912
AGACAGCTCAGAATCC-1,0.009657,0.687627,0.098769,0.188945,0.004646,0.010355
AGACAGGCATCTCAGC-1,0.452721,0.523887,0.023128,0.000053,0.000053,0.000158
AGACATAGATCCTTCC-1,0.07277,0.176306,0.090571,0.065947,0.061664,0.532742
AGACCATGGGATACAA-1,0.014994,0.257222,0.048868,0.396971,0.123793,0.158152
AGACCCACCGCTGATC-1,0.999419,0.000082,0.000087,0.000082,0.000082,0.000247
AGACCCGCCCTCCTCG-1,0.017258,0.014133,0.060057,0.302476,0.405809,0.200266
AGACCGCTCCGCGGTT-1,0.369926,0.208265,0.313571,0.011645,0.004561,0.092032
AGACGACGATGCCGCT-1,0.01595,0.105187,0.729894,0.057427,0.052813,0.038729
AGACGCCCACTTCGCC-1,0.001371,0.000117,0.527067,0.069371,0.286315,0.115758
AGACTAGCCTTCCAGA-1,0.029556,0.226405,0.154133,0.253155,0.108412,0.22834
AGACTGTTACCGGGTC-1,0.067229,0.229432,0.364454,0.065244,0.061625,0.212015
AGAGAACCGTCTAGGA-1,0.028554,0.256434,0.075856,0.070732,0.101042,0.467382
AGAGAAGGAGTACAAT-1,0.028203,0.128384,0.333192,0.257421,0.110992,0.141808
AGAGCAGTTATGAGAC-1,0.019195,0.316131,0.591768,0.048002,0.012329,0.012575
AGAGCCGCCGAGATTT-1,0.018867,0.037255,0.487759,0.164649,0.144473,0.146997
AGAGCGGGCTAATCAT-1,0.316854,0.163206,0.038897,0.013856,0.043095,0.424091
AGAGCGTACAAGCTCG-1,0.000416,0.914345,0.020507,0.059103,0.000588,0.00504
AGAGCTACGAAAGCAT-1,0.016153,0.216734,0.024889,0.019293,0.079743,0.643187
AGAGGCTTCGGAAACC-1,0.737855,0.058518,0.105799,0.008305,0.035949,0.053575
AGAGGTATCTCGGTCC-1,0.865456,0.000021,0.000021,0.000021,0.000021,0.134461
AGATAACTTCAGGGCC-1,0.094364,0.272404,0.313849,0.190328,0.019313,0.109742
AGATACCAATAGAACC-1,0.022957,0.178068,0.368724,0.235129,0.088112,0.107011
AGATACCGGTGTTCAC-1,0.539495,0.010427,0.323085,0.00006,0.019631,0.107302
AGATACGACTTCATAT-1,0.012729,0.159293,0.027964,0.158969,0.111049,0.529996
AGATACTCAAGATCGA-1,0.163662,0.452225,0.227314,0.004078,0.004163,0.148558
AGATATAATACGACTA-1,0.026254,0.091989,0.448584,0.158595,0.127912,0.146665
AGATCGTGCATAAGAT-1,0.020056,0.077194,0.034382,0.233484,0.108181,0.526704
AGATCTCAGGTGTGAT-1,0.000464,0.000328,0.002479,0.324303,0.419164,0.253262
AGATGACTCGCCCACG-1,0.00687,0.189012,0.020819,0.052141,0.078448,0.65271
AGATGAGGGTTGCGAT-1,0.003298,0.193611,0.01887,0.038526,0.083288,0.662407
AGATGATGGAGTCTGG-1,0.004196,0.009448,0.483118,0.128656,0.198281,0.1763
AGATGCTATAACGAGC-1,0.002841,0.42035,0.009631,0.337627,0.05248,0.177072
AGATTATAGGACGTTT-1,0.015125,0.401343,0.317145,0.200385,0.021916,0.044086
AGCAAAGGCCGCTAGT-1,0.067794,0.240645,0.626046,0.01189,0.015527,0.038097
AGCAACATATCTTATT-1,0.049491,0.056582,0.584439,0.039652,0.105257,0.16458
AGCACCAGTACTCACG-1,0.268709,0.187102,0.039829,0.097655,0.045703,0.361002
AGCACTACCGGCCTGT-1,0.825816,0.17337,0.000136,0.000136,0.000136,0.000407
AGCACTACCTCACCAG-1,0.599031,0.000794,0.073785,0.005804,0.181124,0.139462
AGCACTTAAGGACGCC-1,0.095782,0.573133,0.252593,0.057081,0.005923,0.015487
AGCAGAAGGAGAAAGA-1,0.043134,0.187469,0.381523,0.246952,0.081622,0.059302
AGCAGCCAGATGAATA-1,0.178849,0.435959,0.35955,0.010667,0.003172,0.011803
AGCATATCAATATGCT-1,0.441445,0.23893,0.143633,0.074399,0.053937,0.047656
AGCATCATTTCGAAAG-1,0.004764,0.046316,0.378041,0.138685,0.224834,0.207359
AGCATCGTCGATAATT-1,0.04818,0.13536,0.020132,0.216703,0.131287,0.448337
AGCATTACGAGGCAAG-1,0.135837,0.102225,0.272354,0.197578,0.09843,0.193576
AGCCAAGCTTTGTGTC-1,0.032529,0.074949,0.413322,0.204973,0.113012,0.161215
AGCCACAGGTTACCCG-1,0.013451,0.04197,0.472701,0.244012,0.164708,0.063157
AGCCACTCCCGTGCTT-1,0.006912,0.072439,0.041438,0.054722,0.219982,0.604507
AGCCCGGTAGCCTGTA-1,0.03681,0.011438,0.508081,0.076523,0.201225,0.165923
AGCCCTAAGCGAAGTT-1,0.163683,0.173694,0.050765,0.040828,0.053764,0.517267
AGCCCTTCTAATCCGA-1,0.000997,0.045064,0.012818,0.592518,0.150928,0.197675
AGCCCTTGGACATCCC-1,0.003869,0.005839,0.61226,0.053801,0.25806,0.066172
AGCCGCTTGATTAGCG-1,0.032035,0.415977,0.003589,0.461159,0.017474,0.069766
AGCCGTGGCTAAATGT-1,0.018646,0.262793,0.453374,0.152702,0.041113,0.071372
AGCCTTAAAGCGGAAG-1,0.027303,0.171464,0.070534,0.658819,0.040278,0.0316
AGCGACAGGAACGGTC-1,0.489268,0.238859,0.253948,0.013278,0.000313,0.004334
AGCGACATCCCATTCA-1,0.005989,0.073248,0.01612,0.14265,0.103147,0.658847
AGCGACCAACGATATT-1,0.005065,0.063337,0.029921,0.160428,0.282316,0.458934
AGCGATGCGCCTAATA-1,0.024849,0.123021,0.392463,0.115174,0.17211,0.172383
AGCGCATAATGAATCG-1,0.107946,0.33307,0.536688,0.002378,0.004778,0.01514
AGCGCGGGTGCCAATG-1,0.032766,0.047468,0.041694,0.124586,0.331454,0.422032
AGCGCTTATGGGCAAG-1,0.167382,0.077061,0.014416,0.062473,0.053955,0.624713
AGCGGACACTTCGTAG-1,0.112184,0.073512,0.472551,0.105729,0.140911,0.095113
AGCGGGAAGGGTCCAT-1,0.039196,0.006045,0.076526,0.018736,0.08931,0.770187
AGCGTACGAGAGCTAG-1,0.017329,0.016906,0.01,0.014427,0.296944,0.644394
AGCGTAGCGCTAGACC-1,0.55347,0.013864,0.005268,0.005487,0.005121,0.41679
AGCGTCTGAACCCGCA-1,0.05907,0.112914,0.046462,0.006841,0.032264,0.742449
AGCGTGGTATTCTACT-1,0.158711,0.016097,0.554955,0.06622,0.023504,0.180514
AGCTAACAAGCAATGT-1,0.071063,0.164972,0.29311,0.234571,0.074837,0.161446
AGCTAAGTACGCAGGC-1,0.057346,0.206393,0.478886,0.089057,0.04755,0.120768
AGCTAGAAGCAGAAGT-1,0.031931,0.355301,0.015275,0.12225,0.055715,0.419528
AGCTATTTAATCCAAC-1,0.06525,0.161516,0.063067,0.016965,0.081806,0.611396
AGCTCCATATATGTTC-1,0.107932,0.309019,0.455489,0.060333,0.025949,0.041277
AGCTCCTTCGCACATC-1,0.456928,0.000122,0.307574,0.000122,0.158213,0.077041
AGCTCTAGACGTTCCA-1,0.002639,0.01277,0.256827,0.278084,0.350231,0.099448
AGCTCTTCCCAGTGCA-1,0.087093,0.251229,0.005706,0.036607,0.02251,0.596855
AGCTCTTCGTAACCTT-1,0.159034,0.304633,0.294687,0.001318,0.017058,0.22327
AGCTCTTTACTCAGTT-1,0.404648,0.273744,0.302518,0.011798,0.000037,0.007255
AGCTGAAGTAAACCAA-1,0.036889,0.160473,0.029734,0.039838,0.086032,0.647034
AGCTGTAACCTCAATC-1,0.026843,0.086038,0.33185,0.278702,0.141965,0.134602
AGCTTATAGAGACCTG-1,0.714369,0.005686,0.000231,0.022423,0.005559,0.251732
AGCTTCTTCTCGAGCA-1,0.207789,0.017096,0.380593,0.053766,0.134616,0.20614
AGGAAAGCCTCTGATG-1,0.063194,0.20174,0.02624,0.01181,0.045624,0.651393
AGGAACGAACGACTTC-1,0.02289,0.014037,0.211836,0.497191,0.187721,0.066325
AGGAAGCTGTCCGCCG-1,0.002681,0.019647,0.572215,0.118254,0.210278,0.076926
AGGACAGTCGAATCCC-1,0.009605,0.008527,0.726913,0.078326,0.102416,0.074212
AGGACATCGCACGTCG-1,0.228744,0.000016,0.045336,0.003991,0.064832,0.657081
AGGACATCGGCACACT-1,0.001468,0.315924,0.107182,0.48111,0.051395,0.042922
AGGACGACCCATTAGA-1,0.571631,0.002209,0.247562,0.000055,0.035881,0.142663
AGGACGCTCGATGTTG-1,0.001188,0.073189,0.016877,0.241036,0.1137,0.554011
AGGACTTATAGGAGAA-1,0.072837,0.483845,0.034087,0.154069,0.037708,0.217455
AGGAGGCCTTCGCGCG-1,0.370378,0.004829,0.549258,0.000066,0.009648,0.065821
AGGATAAAGTCGGGAT-1,0.985187,0.014534,0.000046,0.000046,0.000046,0.000139
AGGATATAGGGATTTA-1,0.453198,0.080192,0.230157,0.002636,0.071372,0.162445
AGGCAATACGGAGGAC-1,0.194124,0.747289,0.000076,0.000694,0.000075,0.057743
AGGCACGTGACTGTCC-1,0.025692,0.189484,0.543165,0.058445,0.075084,0.108129
AGGCAGATGCGTAAAC-1,0.074883,0.140632,0.034005,0.070515,0.086007,0.593958
AGGCAGGGAGCGTACT-1,0.010096,0.009088,0.551024,0.152948,0.18709,0.089753
AGGCCACATTGGTTAC-1,0.414025,0.160084,0.093272,0.253888,0.040801,0.03793
AGGCCACCCGTTATGA-1,0.200425,0.224722,0.202598,0.151789,0.070074,0.150392
AGGCCCAGTGACTGGT-1,0.01462,0.22973,0.020235,0.116641,0.042988,0.575786
AGGCCCATTGTACAGG-1,0.075114,0.11384,0.047403,0.076852,0.09671,0.590081
AGGCCCTAGAACGCCA-1,0.837364,0.162157,0.00031,0.000034,0.000034,0.000101
AGGCCTGAGAATCTCG-1,0.007209,0.003275,0.47654,0.078717,0.302471,0.131788
AGGCGATAACTGGCGT-1,0.010587,0.019684,0.678405,0.024316,0.102112,0.164896
AGGCTATGGTTAGCTT-1,0.019283,0.225725,0.020677,0.706991,0.013232,0.014092
AGGCTTCCCGAAGAAG-1,0.438449,0.552683,0.008425,0.000049,0.000049,0.000346
AGGCTTGCTAGACACC-1,0.007138,0.809702,0.041115,0.118003,0.005687,0.018356
AGGGAAACGAGGTACT-1,0.046606,0.240164,0.013552,0.035564,0.022615,0.641499
AGGGACAGCACGGCGG-1,0.83964,0.001802,0.000025,0.004283,0.001289,0.15296
AGGGACCGGCTGCGTT-1,0.096909,0.302313,0.311074,0.000752,0.029172,0.25978
AGGGACTCTACGCGAC-1,0.327602,0.503627,0.168561,0.000042,0.000042,0.000126
AGGGAGACATACTTCG-1,0.102063,0.10771,0.434241,0.002452,0.064574,0.28896
AGGGCAGCGGCGTGGT-1,0.140149,0.156508,0.090063,0.02791,0.066024,0.519346
AGGGCCCTAATGTTCT-1,0.008178,0.241611,0.182469,0.398888,0.087367,0.081486
AGGGCGAGCAGCTGAT-1,0.710728,0.139968,0.11427,0.023088,0.002196,0.009751
AGGGCGTGATCGGCTA-1,0.018151,0.005564,0.034129,0.013161,0.125026,0.803969
AGGGCTGCAGTTACAG-1,0.010383,0.030116,0.141255,0.239617,0.307318,0.271311
AGGGTCGATGCGAACT-1,0.011035,0.152155,0.276582,0.161646,0.172382,0.2262
AGGGTCTGGACGCAGT-1,0.085147,0.131969,0.14438,0.317873,0.088405,0.232226
AGGGTGCTCTCGAGGG-1,0.025316,0.238042,0.22075,0.178524,0.173111,0.164257
AGGGTGGATAGTGCAT-1,0.130222,0.708587,0.160952,0.000048,0.000048,0.000143
AGGGTTCCCTTTGGTT-1,0.006373,0.044649,0.063236,0.339978,0.171387,0.374378
AGGGTTTAGTTCGGGA-1,0.001439,0.137746,0.107957,0.312045,0.107685,0.333128
AGGTAACCTCCTATTC-1,0.037966,0.069159,0.011975,0.009768,0.0287,0.842431
AGGTACGATATTGCCA-1,0.012474,0.003956,0.132388,0.031801,0.219815,0.599566
AGGTAGATCGAGATAT-1,0.032899,0.318256,0.259455,0.158229,0.079553,0.151607
AGGTAGGTACAAAGCT-1,0.32382,0.542391,0.123261,0.00393,0.000042,0.006556
AGGTATAATTGATAGT-1,0.095194,0.245462,0.393794,0.032873,0.057065,0.175611
AGGTCAGGTGAGAGTG-1,0.350919,0.648797,0.000047,0.000047,0.000047,0.000142
AGGTCGCCACTTCGGT-1,0.637298,0.00817,0.000964,0.006366,0.00728,0.339921
AGGTCGCCTCCCAACA-1,0.005297,0.034858,0.452449,0.162254,0.16735,0.177792
AGGTCGCGGAGTTACT-1,0.000008,0.007377,0.075154,0.38549,0.377667,0.154304
AGGTGGTGACCTTCGC-1,0.294051,0.095577,0.249108,0.225884,0.066975,0.068405
AGGTGTTGCCGACCAC-1,0.033445,0.420175,0.197131,0.243604,0.037407,0.068238
AGGTTGAGGCACGCTT-1,0.00001,0.000297,0.010596,0.041437,0.443343,0.504317
AGGTTTCACACACCTT-1,0.012292,0.059248,0.530728,0.21443,0.114628,0.068674
AGTAACGTTCATCCTG-1,0.238322,0.006697,0.020839,0.00283,0.059345,0.671967
AGTAATGTCTTGCCGC-1,0.028422,0.332792,0.024514,0.049286,0.059803,0.505184
AGTACATCATTTATCA-1,0.001828,0.015816,0.510972,0.132704,0.244586,0.094094
AGTACGGGCACCTGGC-1,0.019269,0.049728,0.055343,0.079891,0.156765,0.639004
AGTACGTGGCCTGTCT-1,0.594234,0.018074,0.006609,0.017819,0.011599,0.351666
AGTACTCTTATGCCCA-1,0.333565,0.290354,0.297106,0.000057,0.012945,0.065973
AGTAGGAAGGAAGTTG-1,0.00549,0.17795,0.025711,0.155077,0.150648,0.485123
AGTAGGTAACATACAT-1,0.086459,0.072867,0.081405,0.027262,0.047027,0.68498
AGTATAATACTAGGCA-1,0.046101,0.569074,0.012171,0.303686,0.020293,0.048674
AGTATACACAGCGACA-1,0.087371,0.228525,0.346395,0.092691,0.076459,0.16856
AGTATCCATAATAACG-1,0.291195,0.056399,0.041191,0.031009,0.042129,0.538077
AGTATTTGGCACGACC-1,0.045489,0.044176,0.708618,0.101754,0.059225,0.04074
AGTCAACACCACCATC-1,0.395114,0.475144,0.129561,0.000036,0.000036,0.000108
AGTCAAGATGACACTT-1,0.837874,0.000072,0.080998,0.000072,0.045782,0.035202
AGTCACTAGCTCTCGA-1,0.391475,0.302621,0.152868,0.016262,0.010835,0.125938
AGTCACTCCGCCTCAT-1,0.033879,0.090799,0.080732,0.051378,0.124445,0.618767
AGTCAGCCACCGCCTG-1,0.000644,0.025293,0.002456,0.49264,0.244186,0.234782
AGTCCAGCGGGTACGT-1,0.335908,0.014676,0.02767,0.007374,0.047752,0.566621
AGTCCATTGGCTGATG-1,0.101267,0.204437,0.309722,0.021334,0.055606,0.307634
