Barcode,Topic 1to3,Topic 4,Topic 5to10
AAACAAGTATCTCCCA-1,0.219227,0.000096,0.780677
AAACACCAATAACTGC-1,0.000182,0.018989,0.980829
AAACAGAGCGACTCCT-1,0.036999,0.000039,0.962962
AAACAGCTTTCAGAAG-1,0.0223,0.127367,0.850332
AAACAGGGTCTATATT-1,0.000224,0.150916,0.848859
AAACAGTGTTCCTGGG-1,0.069551,0.000239,0.930209
AAACATGGTGAGAGGA-1,0.000095,0.395087,0.604817
AAACATTTCCCGGATT-1,0.314464,0.000046,0.68549
AAACCACTACACAGAT-1,0.050265,0.072306,0.877429
AAACCCGAACGAAATC-1,0.805235,0.000573,0.194192
AAACCGGAAATGTTAA-1,0.925984,0.073876,0.00014
AAACCGGGTAGGTACC-1,0.0642,0.039389,0.896411
AAACCGTTCGTCCAGG-1,0.000811,0.177718,0.821471
AAACCTAAGCAGCCGG-1,0.085178,0.000148,0.914674
AAACCTCATGAAGTTG-1,0.0002,0.293428,0.706371
AAACGAAGAACATACC-1,0.041297,0.336794,0.621909
AAACGAAGATGGAGTA-1,0.000261,0.018345,0.981395
AAACGACAGTCTTGCC-1,0.024436,0.257481,0.718082
AAACGAGACGGTTGAT-1,0.002191,0.042793,0.955017
AAACGCCCGAGATCGG-1,0.000093,0.028863,0.971043
AAACGCTGGGCACGAC-1,0.938009,0.05946,0.002531
AAACGGGCGTACGGGT-1,0.569568,0.158893,0.271539
AAACGGTTGCGAACTG-1,0.019121,0.06737,0.913508
AAACGTGTTCGCCCTA-1,0.036256,0.237987,0.725757
AAACTAACGTGGCGAC-1,0.090791,0.007949,0.901261
AAACTCGGTTCGCAAT-1,0.129741,0.274204,0.596056
AAACTCGTGATATAAG-1,0.116672,0.00008,0.883248
AAACTGCTGGCTCCAA-1,0.067003,0.000087,0.932909
AAACTTAATTGCACGC-1,0.00021,0.054354,0.945436
AAACTTGCAAACGTAT-1,0.000323,0.000626,0.999051
AAAGAATGACCTTAGA-1,0.047379,0.000053,0.952568
AAAGAATGTGGACTAA-1,0.929169,0.00003,0.070801
AAAGACATGAAGTTTA-1,0.0007,0.157855,0.841445
AAAGACTGGGCGCTTT-1,0.000238,0.000079,0.999682
AAAGCTTGCCTACATA-1,0.250199,0.09423,0.655571
AAAGGCCCTATAATAC-1,0.042779,0.000082,0.957139
AAAGGCTACGGACCAT-1,0.000361,0.116684,0.882955
AAAGGCTCTCGCGCCG-1,0.000431,0.02858,0.970988
AAAGGGATGTAGCAAG-1,0.000197,0.000066,0.999737
AAAGGGCAGCTTGAAT-1,0.062462,0.021011,0.916527
AAAGGTAAGCTGTACC-1,0.172664,0.093269,0.734067
AAAGGTCAACGACATG-1,0.008889,0.036084,0.955026
AAAGTAGCATTGCTCA-1,0.0726,0.15206,0.77534
AAAGTCGACCCTCAGT-1,0.05966,0.000047,0.940293
AAAGTGCCATCAATTA-1,0.974153,0.000012,0.025835
AAAGTGTGATTTATCT-1,0.131667,0.000121,0.868212
AAAGTTGACTCCCGTA-1,0.000213,0.000071,0.999716
AAATAACCATACGGGA-1,0.000099,0.076163,0.923738
AAATAAGGTAGTGCCC-1,0.329533,0.000117,0.67035
AAATACCTATAAGCAT-1,0.050099,0.081104,0.868797
AAATAGCTTAGACTTT-1,0.25045,0.064464,0.685086
AAATAGGGTGCTATTG-1,0.354462,0.000075,0.645463
AAATCACTCCTAAACG-1,0.053203,0.085068,0.861729
AAATCCGATACACGCC-1,0.182929,0.042534,0.774537
AAATCGCGGAAGGAGT-1,0.013773,0.158137,0.82809
AAATCGTGTACCACAA-1,0.030372,0.356519,0.613109
AAATCTAGCCCTGCTA-1,0.389633,0.06044,0.549927
AAATCTGCCCGCGTCC-1,0.022059,0.00002,0.977921
AAATGACTGATCAAAC-1,0.065878,0.000147,0.933975
AAATGATTCGATCAGC-1,0.137575,0.087198,0.775226
AAATGCTCGTTACGTT-1,0.001124,0.000375,0.998501
AAATGGCATGTCTTGT-1,0.000176,0.252183,0.747641
AAATGGCCCGTGCCCT-1,0.000219,0.240007,0.759774
AAATGGTCAATGTGCC-1,0.03213,0.03561,0.932259
AAATGTATCTTATCCC-1,0.036791,0.02447,0.938739
AAATTAACGGGTAGCT-1,0.074469,0.091975,0.833555
AAATTAATAAGCGCGA-1,0.10276,0.197199,0.700041
AAATTACACGACTCTG-1,0.000145,0.212387,0.787467
AAATTACCTATCGATG-1,0.256692,0.029922,0.713385
AAATTCCAGGTCCAAA-1,0.606838,0.000074,0.393087
AAATTGATAGTCCTTT-1,0.026815,0.077119,0.896066
AAATTGCGGCGGTTCT-1,0.046778,0.000101,0.953121
AAATTGGTGAGAAGCA-1,0.144136,0.072862,0.783002
AAATTTACCGAAATCC-1,0.000091,0.125548,0.874361
AAATTTGCGGGTGTGG-1,0.098981,0.000217,0.900801
AACAACTGGTAGTTGC-1,0.215897,0.000217,0.783886
AACAATACATTGTCGA-1,0.095402,0.000153,0.904445
AACAATTACTCTACGC-1,0.000368,0.000123,0.999509
AACACACGCTCGCCGC-1,0.1093,0.000089,0.890611
AACACGACTGTACTGA-1,0.000248,0.000083,0.99967
AACACGAGACGCGGCC-1,0.119841,0.168136,0.712023
AACAGCTGTGTGGCAA-1,0.057194,0.000238,0.942568
AACAGGAAATCGAATA-1,0.000321,0.026133,0.973546
AACAGGATGGGCCGCG-1,0.00075,0.00025,0.999
AACAGGTAGTATGGAT-1,0.999552,0.000064,0.000384
AACATAGCGTGTATCG-1,0.048882,0.001644,0.949474
AACATATCAACTGGTG-1,0.129921,0.000067,0.870012
AACATCGATACGTCTA-1,0.000098,0.000033,0.999869
AACATTGAAGTTGATC-1,0.000414,0.328573,0.671014
AACATTGTGACTCGAG-1,0.000355,0.000118,0.999527
AACCAAGACTTCTCTG-1,0.050411,0.00528,0.944309
AACCAGTATCACTCTT-1,0.000336,0.096917,0.902748
AACCATAGGGTTGAAC-1,0.000121,0.00004,0.999838
AACCCATCCCATGATC-1,0.000203,0.001555,0.998242
AACCCGACAACCCGTG-1,0.130564,0.000299,0.869136
AACCCGAGCAGAATCG-1,0.930686,0.000034,0.06928
AACCCGATAGGGCTTC-1,0.073073,0.000022,0.926905
AACCCGCTGTATTCCA-1,0.000294,0.0001,0.999606
AACCCTACTGTCAATA-1,0.164565,0.000087,0.835348
AACCCTGGTGGAACCA-1,0.00015,0.00005,0.999799
AACCGAGCTTGGTCAT-1,0.000282,0.385192,0.614527
AACCGCTAAGGGATGC-1,0.078939,0.000042,0.921019
AACCGTTGTGTTTGCT-1,0.010989,0.000074,0.988937
AACCTAAAGCCGTCCG-1,0.000129,0.099973,0.899898
AACCTCGCTTTAGCCC-1,0.038932,0.000202,0.960866
AACCTGTCACGGAATT-1,0.861565,0.128005,0.01043
AACCTTTAAATACGGT-1,0.097141,0.093606,0.809253
AACCTTTACGACGTCT-1,0.174001,0.00017,0.825829
AACGAAAGTCGTCCCA-1,0.033266,0.186507,0.780228
AACGACCTCCTAGCCG-1,0.884139,0.110079,0.005783
AACGATAATGCCGTAG-1,0.10474,0.033755,0.861504
AACGATAGAAGGGCCG-1,0.000898,0.000299,0.998802
AACGATATGTCAACTG-1,0.132321,0.000117,0.867562
AACGCATGATCTGGGT-1,0.064439,0.167941,0.76762
AACGCGACCTTGGGCG-1,0.000138,0.026445,0.973417
AACGCGGTCTCCAGCC-1,0.000308,0.000103,0.999589
AACGCTGTTGCTGAAA-1,0.069993,0.093667,0.83634
AACGGACGTACGTATA-1,0.069411,0.000092,0.930498
AACGGCCATCTCCGGT-1,0.074839,0.085467,0.839694
AACGTACTGTGGGTAC-1,0.141159,0.000303,0.858538
AACGTCATCCGGCTTG-1,0.055012,0.0912,0.853788
AACGTCGCTGCACTTC-1,0.952332,0.000036,0.047633
AACGTGATGAAGGACA-1,0.00016,0.000053,0.999787
AACGTGCGAAAGTCTC-1,0.031362,0.131417,0.837221
AACGTTATCAGCACCT-1,0.000157,0.006603,0.993241
AACGTTCTACCATTGT-1,0.908648,0.09125,0.000102
AACTACCCGTTTGTCA-1,0.820265,0.000062,0.179673
AACTAGGCTTGGGTGT-1,0.000486,0.018365,0.981149
AACTCAAGTTAATTGC-1,0.105904,0.359872,0.534224
AACTCCAGAGCGTGTT-1,0.289957,0.000175,0.709868
AACTCCTAATCCCATG-1,0.000224,0.48177,0.518006
AACTCGATAAACACGT-1,0.03141,0.040464,0.928126
AACTCTCAATAGAGCG-1,0.095196,0.016943,0.887861
AACTCTCAGTGTGCTC-1,0.129776,0.000516,0.869708
AACTGAGGTCAGCGTC-1,0.079921,0.000124,0.919955
AACTGAGTTATACTGA-1,0.940493,0.056558,0.002949
AACTGATATTAGGCCT-1,0.000427,0.000142,0.99943
AACTGGGTCCCGACGT-1,0.029316,0.15317,0.817514
AACTGGGTTCGAGCCG-1,0.000234,0.055492,0.944275
AACTTCTGCGTCTATC-1,0.029747,0.166671,0.803582
AACTTGCCCGTATGCA-1,0.047234,0.022603,0.930163
AACTTGCGTTCTCGCG-1,0.056661,0.000426,0.942913
AACTTTACGGGAGCTT-1,0.029712,0.193809,0.77648
AACTTTCTCGATCATG-1,0.25115,0.000122,0.748728
AAGAAAGTTTGATGGG-1,0.041439,0.000042,0.95852
AAGAAATCACCAGATT-1,0.098475,0.118602,0.782924
AAGAAGGATCAGTTAG-1,0.120099,0.008235,0.871666
AAGACATACGTGGTTT-1,0.942637,0.057203,0.00016
AAGACCAAATAACTCA-1,0.000259,0.006343,0.993398
AAGACCCAACTGAACA-1,0.173328,0.000082,0.82659
AAGACTCACGCCCACT-1,0.000088,0.000029,0.999883
AAGACTGCAAGCTACT-1,0.01825,0.062802,0.918948
AAGAGATGAATCGGTA-1,0.043972,0.241786,0.714242
AAGAGCTCTTTATCGG-1,0.098838,0.000078,0.901084
AAGAGGATGTACGCGA-1,0.063974,0.000221,0.935805
AAGAGGCATGGATCGC-1,0.056677,0.000078,0.943245
AAGAGGCCCTTTGGAA-1,0.899037,0.000085,0.100878
AAGATGGCACCGGACC-1,0.239868,0.000144,0.759988
AAGATTGGCGGAACGT-1,0.107247,0.124352,0.768401
AAGCACCCTGCGTATC-1,0.011694,0.061916,0.926389
AAGCATACTCTCCTGA-1,0.078527,0.032988,0.888485
AAGCCACTTGCAGGTA-1,0.205158,0.000187,0.794655
AAGCCGAAGCGGTTTA-1,0.677685,0.088562,0.233754
AAGCCGCCGTGAAATC-1,0.016775,0.000093,0.983131
AAGCCGCTTTACCTTG-1,0.042669,0.000044,0.957286
AAGCCGGAGAGCAGGA-1,0.994638,0.000015,0.005346
AAGCGCAGGGCTTTGA-1,0.02906,0.000152,0.970789
AAGCGGAGTGCGCGCA-1,0.12186,0.000043,0.878097
AAGCGGCGTCATGGGT-1,0.09325,0.025431,0.881319
AAGCGTCCCTCATCGA-1,0.093723,0.000275,0.906003
AAGCTAGATCGAGTAA-1,0.096581,0.083279,0.82014
AAGCTATGGATTGACC-1,0.03066,0.000029,0.969311
AAGCTCGTGCCAAGTC-1,0.000155,0.015788,0.984057
AAGCTCTTTCATGGTG-1,0.118658,0.000422,0.88092
AAGGAGCGGTTGGTGC-1,0.082505,0.252241,0.665254
AAGGATCGATCGCTTG-1,0.395756,0.000051,0.604192
AAGGATGAGGGACCTC-1,0.156135,0.000095,0.843769
AAGGCAGGCTGTCTCC-1,0.864737,0.000065,0.135197
AAGGCTGTGCTCATCG-1,0.000831,0.000277,0.998892
AAGGGAACGACTGGCT-1,0.000289,0.000096,0.999614
AAGGGACAGATTCTGT-1,0.053065,0.00008,0.946856
AAGGGACTATGCATTC-1,0.000727,0.000242,0.999031
AAGGGTTAGCCATGCG-1,0.990494,0.009438,0.000068
AAGGGTTTGATTTCAG-1,0.13536,0.000058,0.864582
AAGGTATCCTAATATA-1,0.000084,0.004742,0.995174
AAGGTGATAAACCAGC-1,0.255168,0.073673,0.671159
AAGTAGAAGACCGGGT-1,0.147455,0.035314,0.817231
AAGTAGTGACGCGAGG-1,0.066008,0.092583,0.841409
AAGTCAATTGTCGTCA-1,0.065578,0.000021,0.934401
AAGTCTAGTAGCTGCC-1,0.07342,0.193168,0.733412
AAGTCTTCTGTGGCCT-1,0.000119,0.102888,0.896992
AAGTGACGACCGAATT-1,0.035592,0.50028,0.464127
AAGTGAGTCGGGTTTA-1,0.153999,0.000126,0.845875
AAGTGCAAAGGTAGAC-1,0.00019,0.025593,0.974216
AAGTGCCTTGACTGTA-1,0.152146,0.085457,0.762397
AAGTGCGTTAGAATCT-1,0.049383,0.055599,0.895018
AAGTGCTTCTCTATTG-1,0.092261,0.069859,0.837881
AAGTGTTTGGAGACGG-1,0.47267,0.029675,0.497655
AAGTTCACTCCAAGCT-1,0.035971,0.041763,0.922266
AAGTTCAGTCTGCGTA-1,0.015871,0.089492,0.894637
AAGTTCGGCCAACAGG-1,0.293185,0.380582,0.326233
AAGTTGTGATGTTATA-1,0.870062,0.000099,0.12984
AAGTTTACTAATGGCA-1,0.000598,0.000199,0.999203
AAGTTTATGGGCCCAA-1,0.05108,0.033875,0.915045
AATAACAACGCTCGGC-1,0.185125,0.000157,0.814718
AATAACACTAGAACAA-1,0.123856,0.099879,0.776265
AATAACGTCGCGCCCA-1,0.880826,0.00003,0.119143
AATAAGTCCTCGAGAC-1,0.00016,0.000053,0.999787
AATAATCTTCGTATCG-1,0.944538,0.000042,0.05542
AATACAATGTTTCAGG-1,0.009252,0.513621,0.477126
AATACCGGAGGGCTGT-1,0.117924,0.047558,0.834518
AATACCTGATGTGAAC-1,0.364973,0.000125,0.634902
AATAGAACAGAGTGGC-1,0.00049,0.122397,0.877114
AATAGAATCTGTTTCA-1,0.081742,0.098584,0.819674
AATAGCAAGCCTCCTG-1,0.000136,0.000045,0.999819
AATAGCTACCGCGTGC-1,0.144278,0.077422,0.7783
AATAGGCACGACCCTT-1,0.201242,0.07352,0.725237
AATAGTCCGTCCCGAC-1,0.000321,0.049208,0.950472
AATAGTCGCGAGTCGG-1,0.000081,0.000027,0.999892
AATATCCTAGCAAACT-1,0.0001,0.000033,0.999867
AATATCGAATCAATGC-1,0.841449,0.000098,0.158453
AATATCGAGGGTTCTC-1,0.057274,0.000134,0.942592
AATATTGGAGTATTGA-1,0.000258,0.331546,0.668196
AATCAGGTTTCATTTA-1,0.232861,0.000372,0.766767
AATCATGTAAAGACTC-1,0.00023,0.000077,0.999694
AATCCCGCTCAGAGCC-1,0.000194,0.000065,0.999742
AATCGAGGTCTCAAGG-1,0.045061,0.000202,0.954736
AATCGCCTCAGCGCCA-1,0.156157,0.113626,0.730217
AATCGCGCAGAGGACT-1,0.995996,0.000047,0.003957
AATCGGGACACTACGA-1,0.000822,0.000274,0.998904
AATCGGTATAGCCCTC-1,0.954764,0.000033,0.045203
AATCGTGAGCCGAGCA-1,0.056363,0.000147,0.94349
AATCTAGGTTTACTTG-1,0.013613,0.126976,0.859411
AATCTATGCCGGAGCC-1,0.204372,0.000111,0.795517
AATCTCTACTGTGGTT-1,0.000277,0.000092,0.999631
AATCTGCGTTGGGACG-1,0.17868,0.000129,0.821191
AATCTGGCTTTCTAGT-1,0.000505,0.000168,0.999326
AATCTGGGTAGACCCT-1,0.000122,0.031096,0.968782
AATGACAGCAATGTCT-1,0.110295,0.000146,0.889559
AATGACGTAGGATGTC-1,0.055332,0.321729,0.622939
AATGACTGTCAGCCGG-1,0.100286,0.000361,0.899353
AATGAGTTCGCATATG-1,0.082728,0.530501,0.386771
AATGATGATACGCTAT-1,0.091268,0.00013,0.908602
AATGATGCGACTCCTG-1,0.121426,0.404311,0.474263
AATGCAACCGGGTACC-1,0.000164,0.034765,0.965072
AATGCACCAAGCAATG-1,0.125216,0.111746,0.763039
AATGGCCGCCAATGCG-1,0.093403,0.286881,0.619715
AATGGTCCACCGTTCA-1,0.027857,0.534281,0.437862
AATGTATGGCACTGTA-1,0.004047,0.000049,0.995904
AATGTGCCCGAGGTGT-1,0.000351,0.000117,0.999531
AATGTGCTAATCTGAG-1,0.067633,0.098348,0.834018
AATGTTAAGACCCTGA-1,0.127637,0.000127,0.872236
AATGTTGTCGTGAGAC-1,0.99973,0.000039,0.000231
AATTAAAGGTCGGCGT-1,0.000349,0.000116,0.999535
AATTAACGGATTTCCA-1,0.022369,0.000125,0.977505
AATTACGAGACCCATC-1,0.00025,0.028985,0.970764
AATTACTCGTACGCTC-1,0.000382,0.000127,0.99949
AATTAGCGCTGCAGCG-1,0.014378,0.120564,0.865058
AATTATACCCAGCAAG-1,0.209494,0.000164,0.790342
AATTCATAAGGGATCT-1,0.030101,0.147709,0.82219
AATTCATTGTCATGCA-1,0.000327,0.218182,0.781491
AATTCCAAGCATGTAC-1,0.000343,0.049681,0.949976
AATTCGATTCGAGGAT-1,0.000337,0.098602,0.901061
AATTCTAGAGTTAGGC-1,0.000353,0.403013,0.596634
AATTGAACGCTCTGGT-1,0.100737,0.027805,0.871458
AATTGCAGCAATCGAC-1,0.583044,0.000055,0.416901
AATTGCGTGGATTACA-1,0.035869,0.000125,0.964006
AATTGTGGTTGCCAAA-1,0.97587,0.000017,0.024113
AATTTGGGACATAGTA-1,0.025555,0.000105,0.97434
AATTTGGTTCCAAAGA-1,0.000298,0.000099,0.999603
ACAAACCATGCGTCCT-1,0.004099,0.043454,0.952448
ACAAACCGACAAGGCG-1,0.000072,0.024965,0.974963
ACAAACTCCATCAGAG-1,0.096666,0.062994,0.84034
ACAAAGAAGGTAGGCC-1,0.000159,0.00156,0.998281
ACAAAGCATGACCTAG-1,0.270502,0.00014,0.729358
ACAAATCGCACCGAAT-1,0.035145,0.000122,0.964733
ACAAATGGTAGTGTTT-1,0.254498,0.000088,0.745414
ACAAATTCAGATCTGA-1,0.043014,0.077572,0.879414
ACAACAGCATGAGCTA-1,0.026114,0.079245,0.894642
ACAACGGTCCCTGCGA-1,0.168826,0.000362,0.830812
ACAAGCAGTGCCTAGC-1,0.000342,0.000114,0.999544
ACAAGCTATATGGAAG-1,0.000137,0.247499,0.752364
ACAAGGAAATCCGCCC-1,0.097711,0.129855,0.772433
ACAAGGACAAGAGGTT-1,0.087482,0.02446,0.888058
ACAAGGATGCTTTAGG-1,0.199999,0.155913,0.644087
ACAAGGCCTACCAGCC-1,0.040004,0.000067,0.959929
ACAAGGGCAGGCTCTG-1,0.000391,0.136348,0.863261
ACAAGTAATTGTAAGG-1,0.109207,0.000075,0.890718
ACAATAGTCGTACGTT-1,0.055393,0.003908,0.940699
ACAATCCATTTAAACC-1,0.043195,0.023899,0.932906
ACAATCGATCTTTATA-1,0.092179,0.000143,0.907678
ACAATGAATACGGAGA-1,0.207829,0.000266,0.791905
ACAATGATTCTTCTAC-1,0.024329,0.000068,0.975603
ACAATTGTGTCTCTTT-1,0.293665,0.000152,0.706182
ACAATTTAGGAGGCTC-1,0.044359,0.00013,0.955511
ACAATTTGAGCAGTGG-1,0.408944,0.158697,0.432359
ACAATTTGGCCATATT-1,0.942674,0.057151,0.000175
ACACAAAGACGGGTGG-1,0.000135,0.000045,0.99982
ACACAAATATTCCTAG-1,0.020451,0.000028,0.979521
ACACACCAGGACCAGT-1,0.100972,0.090078,0.80895
ACACACTTTCTACACG-1,0.000203,0.000068,0.999729
ACACATGATCAAATCT-1,0.00027,0.181207,0.818523
ACACATTGACGCAACA-1,0.000255,0.000085,0.99966
ACACATTTCCGTAGAC-1,0.157041,0.21094,0.632019
ACACCACATAATTAGC-1,0.315573,0.03492,0.649508
ACACCCAGCATGCAGC-1,0.000498,0.116593,0.882908
ACACCCGTAAATCTGT-1,0.000072,0.29929,0.700638
ACACCGAGCGCTCTTT-1,0.000232,0.000077,0.999691
ACACCGGTCTGACCGC-1,0.000197,0.000066,0.999737
ACACCTTAAGTAGGGC-1,0.155635,0.0004,0.843965
ACACCTTACTACTTGC-1,0.7846,0.000106,0.215294
ACACGAGACTCCTTCT-1,0.000195,0.000065,0.99974
ACACGGCACTATGCAT-1,0.00023,0.000077,0.999693
ACACGGGAACTTAGGG-1,0.040186,0.000107,0.959707
ACACGTAGGCCACAAG-1,0.969597,0.000046,0.030356
ACACTCCAATGTCACT-1,0.000461,0.000154,0.999385
ACACTGATCAAGGTGT-1,0.000568,0.000189,0.999242
ACACTGGGACAGTCGT-1,0.99978,0.000031,0.000189
ACAGAACTGAGAACAA-1,0.000211,0.222688,0.777101
ACAGCATAGAGCCAGT-1,0.141015,0.02472,0.834264
ACAGCGACATTCTCAT-1,0.392709,0.055612,0.551679
ACAGCGCACCCGCAGC-1,0.000206,0.26293,0.736864
ACAGGAGGCGCAGCCG-1,0.32935,0.031834,0.638816
ACAGGCACGGATCCTT-1,0.165792,0.000066,0.834141
ACAGGCTTGCCCGACT-1,0.018705,0.068716,0.912578
ACAGGTGGAGGTGAGG-1,0.066355,0.061997,0.871648
ACAGGTGTGTTGTTGC-1,0.023408,0.38588,0.590712
ACAGTAATACAACTTG-1,0.000203,0.000068,0.99973
ACAGTATACCGTGGGA-1,0.155696,0.060824,0.78348
ACAGTGCAGCGCATTT-1,0.000124,0.000041,0.999835
ACATAAGTCGTGGTGA-1,0.0053,0.002259,0.99244
ACATAATAAGGCGGTG-1,0.026803,0.000072,0.973125
ACATACAATCAAGCGG-1,0.311616,0.000033,0.688352
ACATCAGCTGGGACGC-1,0.000283,0.119098,0.88062
ACATCCCGGCCATACG-1,0.041424,0.193983,0.764593
ACATCCTGGTAACTGT-1,0.000152,0.000051,0.999797
ACATCGATCGTTTACC-1,0.081766,0.057411,0.860823
ACATCGCAATATTCGG-1,0.110319,0.011775,0.877906
ACATCGGTCAGCCGCG-1,0.228678,0.000236,0.771086
ACATCGTATGCAATGG-1,0.000129,0.057996,0.941875
ACATCGTTAACCTAGT-1,0.000148,0.000049,0.999802
ACATCTCAACGCGTAA-1,0.025301,0.054063,0.920636
ACATGCTTACGGCAGC-1,0.020083,0.000034,0.979882
ACATGGCGCCAAAGTA-1,0.156402,0.075789,0.767808
ACATGGCTCAATTTAG-1,0.081706,0.000449,0.917845
ACATTAGTTTATATCC-1,0.000388,0.322879,0.676733
ACATTCGCGCGGAATA-1,0.222657,0.000208,0.777135
ACATTTGAAACCTAAC-1,0.197119,0.000083,0.802798
ACCAAACACCCAGCGA-1,0.066565,0.000078,0.933357
ACCAAACTAGAAATCC-1,0.000476,0.000159,0.999366
ACCAACACCACACACT-1,0.039631,0.055113,0.905256
ACCAACCGCACTCCAC-1,0.227003,0.048867,0.72413
ACCAACGCTTATTTAT-1,0.000604,0.000201,0.999195
ACCAAGAACGCGTGTC-1,0.001154,0.000385,0.998461
ACCAAGTCATCGGCAG-1,0.959212,0.000051,0.040737
ACCAATATGCAAGTTA-1,0.097329,0.121457,0.781214
ACCACAACTCAGAACA-1,0.025429,0.187933,0.786638
ACCACAAGTTTCTATC-1,0.111542,0.008867,0.879591
ACCACACGGTTGATGG-1,0.104413,0.000113,0.895474
ACCACCAATGTAACAA-1,0.412809,0.000109,0.587082
ACCACCCTCTCTTCTA-1,0.000138,0.000046,0.999816
ACCACGTGCAGCTATA-1,0.06889,0.138478,0.792633
ACCACTGTTCAAGAAG-1,0.000199,0.10081,0.898992
ACCAGACCATAACAAC-1,0.14383,0.351682,0.504488
ACCAGCCCGGTCTTTG-1,0.000306,0.000102,0.999592
ACCAGTGCCCGGTCAA-1,0.102821,0.00008,0.897099
ACCAGTGCGGGAGACG-1,0.074719,0.000102,0.925179
ACCATATCCGCAATAA-1,0.088209,0.053759,0.858032
ACCATCCGCCAACTAG-1,0.000323,0.142265,0.857411
ACCATCGTATATGGTA-1,0.239992,0.000479,0.759529
ACCATTAAGGGTGTCA-1,0.000277,0.134627,0.865095
ACCCAACGCCCGTGGC-1,0.309981,0.185858,0.504161
ACCCACCTACATGCTC-1,0.000412,0.203241,0.796348
ACCCATCTTGAGGGTA-1,0.126888,0.000144,0.872967
ACCCATTTGTCCCTCT-1,0.086577,0.000131,0.913292
ACCCGAGCGAAATTAC-1,0.050003,0.191227,0.75877
ACCCGATTGGTTCCGA-1,0.100767,0.000294,0.898939
ACCCGGAAACTCCCAG-1,0.000175,0.212346,0.787479
ACCCGGAGCACCACAA-1,0.909402,0.039201,0.051398
ACCCGGATGACGCATC-1,0.008591,0.055039,0.93637
ACCCGGTTACACTTCC-1,0.000513,0.000171,0.999316
ACCCGTAGCAGAGAAT-1,0.013667,0.000043,0.986291
ACCCGTAGTCTAGTTG-1,0.914152,0.032742,0.053106
ACCCGTGTCATCAGTA-1,0.027149,0.278162,0.694689
ACCCTATAGGACTGAG-1,0.160864,0.000279,0.838857
ACCCTATGCCATATCG-1,0.12739,0.04784,0.82477
ACCCTCCCGTCAGGGC-1,0.733657,0.000067,0.266277
ACCCTCCCTTGCTATT-1,0.068993,0.000161,0.930846
ACCCTGGTAACGCCCT-1,0.084171,0.047125,0.868704
ACCCTTCATCTGCGAA-1,0.013857,0.078941,0.907202
ACCCTTGCCTGGGTCG-1,0.08079,0.000044,0.919166
ACCCTTTAGTTCTCCA-1,0.030061,0.092731,0.877207
ACCGAAGAGTCTGGTT-1,0.00027,0.00009,0.99964
ACCGACACATCTCCCA-1,0.000318,0.361278,0.638404
ACCGACTGAGTCCCAC-1,0.000263,0.365235,0.634502
ACCGAGTCTCCTTATT-1,0.017085,0.109736,0.873179
ACCGATAGGCATAACC-1,0.993042,0.006851,0.000107
ACCGATATTTAATCAT-1,0.954051,0.041314,0.004635
ACCGATGGTAGCATCG-1,0.528665,0.17657,0.294764
ACCGCAATAACTGCCT-1,0.195497,0.004806,0.799697
ACCGCGGTGGAAGTCG-1,0.393836,0.000173,0.605991
ACCGCTAGTCATTGGT-1,0.178126,0.000145,0.821729
ACCGGGCCTTTGTTGA-1,0.095564,0.094773,0.809663
ACCGGTCAGGTACACC-1,0.000386,0.326959,0.672655
ACCGGTCTGAGTACGG-1,0.087679,0.017568,0.894753
ACCGTCCACTGGGCCC-1,0.021993,0.13621,0.841797
ACCGTGACCACGTGGG-1,0.143696,0.021148,0.835156
ACCGTTCCCGCTCTGA-1,0.038559,0.105659,0.855782
ACCTAAGTACCTTTCA-1,0.051644,0.423038,0.525318
ACCTAATCGACTTCCT-1,0.000674,0.000225,0.999101
ACCTACAGTATGTGGT-1,0.759357,0.000067,0.240576
ACCTACTATAAATCTA-1,0.000165,0.000055,0.99978
ACCTCAGCGAGGCGCA-1,0.361028,0.000119,0.638853
ACCTCCGCCCTCGCTG-1,0.719997,0.000094,0.279909
ACCTCCGTTATTCACC-1,0.337525,0.000149,0.662327
ACCTCGAACTTATGCT-1,0.000189,0.000063,0.999748
ACCTGCGTGTCATGTT-1,0.000401,0.031503,0.968097
ACCTTTCCTTTAGAAG-1,0.146347,0.000217,0.853436
ACGAAATGGGCGGCAC-1,0.000327,0.000109,0.999565
ACGACCCATGAGTTGC-1,0.971016,0.028102,0.000881
ACGACTCTAGGGCCGA-1,0.075453,0.000138,0.924409
ACGACTGGTCATACTC-1,0.154623,0.000162,0.845216
ACGAGATATTTGCTTA-1,0.045867,0.070438,0.883695
ACGAGGATACCACTCT-1,0.000404,0.067128,0.932468
ACGAGGTTTACAACGT-1,0.000289,0.002142,0.997569
ACGAGTACGGATGCCC-1,0.075872,0.087387,0.836741
ACGAGTCGCCGGCGTT-1,0.045667,0.000166,0.954167
ACGATACATAGAACTA-1,0.067403,0.217566,0.71503
ACGATACCTATCCTGA-1,0.092818,0.000073,0.907109
ACGATCATACATAGAG-1,0.018376,0.305723,0.675901
ACGATCATCTTGTAAA-1,0.21366,0.081816,0.704524
ACGATGCATATGTTAT-1,0.151791,0.085637,0.762572
ACGATGGATCCGATGC-1,0.00022,0.000073,0.999706
ACGCAAACTAATAGAT-1,0.000439,0.000146,0.999414
ACGCAATCACTACAGC-1,0.105451,0.059364,0.835185
ACGCATAAATGACATG-1,0.043339,0.086523,0.870138
ACGCATACGTTTACTA-1,0.29729,0.43446,0.26825
ACGCATTCGTGAGTAC-1,0.000262,0.676187,0.323551
ACGCCACTCGAAACAG-1,0.00405,0.000056,0.995894
ACGCCAGATGATTTCT-1,0.000352,0.068037,0.931612
ACGCCAGTGCGTTTGC-1,0.649831,0.000178,0.34999
ACGCCCAGCTGTCGAT-1,0.000092,0.000031,0.999878
ACGCCGCTAGACGACC-1,0.028362,0.069482,0.902156
ACGCGAAGTCAGACGA-1,0.000416,0.117352,0.882232
ACGCGCTACACAGGGT-1,0.109131,0.034503,0.856366
ACGCGGGCCAAGGACA-1,0.00022,0.000073,0.999707
ACGCGTTTCTTAAGAG-1,0.000125,0.000042,0.999833
ACGCTACTGAATGGGC-1,0.935621,0.000025,0.064355
ACGCTAGTATCAGTGC-1,0.000095,0.080518,0.919387
ACGCTAGTGATACACT-1,0.182383,0.000094,0.817523
ACGCTGTGAGGCGTAG-1,0.015714,0.069502,0.914783
ACGCTTAGTGTCTCTC-1,0.000135,0.32686,0.673006
ACGGAACACGAGTGCC-1,0.473935,0.000082,0.525983
ACGGAATTTAGCAAAT-1,0.152463,0.016097,0.83144
ACGGACGCAGCGACAA-1,0.011894,0.000063,0.988042
ACGGACTCTCAAAGCG-1,0.191101,0.042818,0.766081
ACGGAGCGCAAATTAC-1,0.02646,0.020731,0.952809
ACGGATGGTGCGGATA-1,0.074286,0.00143,0.924284
ACGGCACTTGCTTGGG-1,0.000296,0.000099,0.999606
ACGGCCAACATGGACT-1,0.022188,0.62641,0.351402
ACGGCGACGATGGGAA-1,0.124926,0.458711,0.416363
ACGGCTGGATGTAGAA-1,0.050145,0.000122,0.949733
ACGGGAGTGTCGGCCC-1,0.106426,0.000151,0.893423
ACGGGCGTATGCGACA-1,0.120799,0.004731,0.87447
ACGGGTCATGTGACTT-1,0.000132,0.10259,0.897279
ACGGGTTGTGACCTGT-1,0.000244,0.049085,0.95067
ACGGTACAGTTCAATG-1,0.108777,0.00013,0.891093
ACGGTCACCGAGAACA-1,0.030186,0.140725,0.829088
ACGTACAGATTTCTCT-1,0.000343,0.000114,0.999543
ACGTACTTTGGCACGG-1,0.30969,0.000228,0.690082
ACGTAGATTGCTGATG-1,0.162898,0.206549,0.630553
ACGTAGGAGAGTCGCT-1,0.054929,0.076676,0.868395
ACGTATTACTCCGATC-1,0.384979,0.088272,0.526749
ACGTCGGGCAACTCGG-1,0.000209,0.003658,0.996133
ACGTCTCGTTCCGGGA-1,0.040514,0.056143,0.903343
ACGTGACAAAGTAAGT-1,0.068825,0.000113,0.931062
ACGTGCGCCTCGTGCA-1,0.000568,0.000189,0.999242
ACGTGGTCGAATGTGC-1,0.000083,0.144418,0.855499
ACGTTAATGTCGAAGA-1,0.000249,0.000083,0.999667
ACGTTAGATTTGCCCG-1,0.165323,0.050253,0.784424
ACGTTATTGGTCACTC-1,0.000195,0.000065,0.99974
ACGTTCACTATGCCGC-1,0.187619,0.000213,0.812168
ACGTTCGCAATCAATT-1,0.314624,0.02478,0.660596
ACGTTCGTTCAGGAAA-1,0.235944,0.08613,0.677925
ACGTTCTGTACAAGTC-1,0.091426,0.000141,0.908433
ACGTTGTCGTTGAAAG-1,0.139281,0.00012,0.860599
ACGTTTAGTTGTGATC-1,0.000114,0.000038,0.999848
ACGTTTCGGTGCACTT-1,0.947468,0.052456,0.000075
ACTAAGGACGCACACC-1,0.101269,0.465611,0.43312
ACTAATACGTCAGGCG-1,0.00022,0.026697,0.973083
ACTACAAAGAGAGGTG-1,0.098586,0.000065,0.901349
ACTACATCCCGACAAG-1,0.000252,0.06808,0.931668
ACTACCAGCTCTCTGG-1,0.091188,0.091885,0.816927
ACTACCATCCGAGGGC-1,0.192129,0.000203,0.807668
ACTACGCGTTAGAATT-1,0.122232,0.074821,0.802947
ACTAGTTGCGATCGTC-1,0.713608,0.218548,0.067844
ACTATATGCTGTGTTC-1,0.000286,0.136329,0.863385
ACTATCCAGGGCATGG-1,0.317766,0.161279,0.520955
ACTATCGCCGGCTAAA-1,0.00008,0.000027,0.999893
ACTATCTGCCCGCGTA-1,0.899557,0.000085,0.100358
ACTATGTCCAGCTGCC-1,0.000185,0.000062,0.999753
ACTATTCGTCCGTGGT-1,0.006789,0.086951,0.90626
ACTATTTCCGGGCCCA-1,0.095708,0.000212,0.90408
ACTCAAGTGCAAGGCT-1,0.025384,0.000197,0.974419
ACTCAATAAAGGCACG-1,0.000163,0.000054,0.999782
ACTCATGGCAGCCTTC-1,0.000176,0.000059,0.999766
ACTCCAATATCATCAT-1,0.08526,0.000317,0.914423
ACTCCCATTCCTAAAG-1,0.038777,0.080857,0.880366
ACTCCCGAATTCGTTT-1,0.2367,0.000103,0.763197
ACTCCCGTAGACTAGG-1,0.298156,0.000114,0.701729
ACTCCCTAATGCTAAA-1,0.059572,0.000083,0.940344
ACTCCCTAGAATAGTA-1,0.00012,0.00004,0.999841
ACTCCGGCCGACCACT-1,0.16985,0.000121,0.830029
ACTCGATGTATTTCAT-1,0.000393,0.000131,0.999476
ACTCGCCGTTCGATAA-1,0.963186,0.000065,0.036749
ACTCGCGATCTGACGC-1,0.871216,0.060942,0.067842
ACTCGTAACCCGTCCT-1,0.000297,0.039408,0.960295
ACTCGTCAGTAATCCC-1,0.114062,0.276429,0.609509
ACTCTAAACCTGGGAT-1,0.000083,0.383691,0.616226
ACTCTCTGACTTAGGT-1,0.145959,0.058069,0.795972
ACTCTCTTATACACGA-1,0.000192,0.184285,0.815523
ACTCTGACCTAATAGA-1,0.228648,0.013286,0.758067
ACTCTTCAGCTCCCGC-1,0.779992,0.021302,0.198706
ACTCTTGTATAGTAAC-1,0.077042,0.200111,0.722846
ACTGAAACGCCGTTAG-1,0.254661,0.000307,0.745032
ACTGAATGGCGAAAGT-1,0.095648,0.000112,0.90424
ACTGATTTAGTGATTC-1,0.007834,0.00006,0.992106
ACTGCCCGCCATTCTC-1,0.001686,0.000562,0.997752
ACTGCCGTCGTAACTC-1,0.000556,0.000185,0.999259
ACTGCGGACACACCGT-1,0.92699,0.055282,0.017729
ACTGCTCGGAAGGATG-1,0.073315,0.149543,0.777143
ACTGGCGAACCTGCGT-1,0.10644,0.005887,0.887673
ACTGGGATGCCAGTGC-1,0.000328,0.376181,0.623491
ACTGTACGATACACAT-1,0.32877,0.165352,0.505878
ACTGTAGCACTTTGGA-1,0.000554,0.012072,0.987374
ACTGTCCAGGATTATA-1,0.00027,0.003687,0.996043
ACTGTCTTCTTTAGAA-1,0.069656,0.05217,0.878173
ACTTACCGGGCGCGCA-1,0.000209,0.00007,0.999721
ACTTACGCATCCACGC-1,0.167502,0.194847,0.637652
ACTTATACTTACCCGG-1,0.042309,0.000125,0.957566
ACTTATTAGGATCGGT-1,0.000594,0.134303,0.865103
ACTTATTTATGTGCCA-1,0.228773,0.070451,0.700775
ACTTCAGGCTGATCCC-1,0.177656,0.000169,0.822175
ACTTCCAGTGGAAGCT-1,0.000231,0.304687,0.695082
ACTTCCATGCGGGACA-1,0.024865,0.000259,0.974876
ACTTCCTGTCGTGCGA-1,0.058281,0.090088,0.85163
ACTTCGCCATACGCAC-1,0.095598,0.155069,0.749333
ACTTCGCTAGCGAGTG-1,0.76249,0.000044,0.237466
ACTTGACTCCCTCTTT-1,0.074664,0.096064,0.829271
ACTTGCTCTATCTACC-1,0.21188,0.000091,0.788029
ACTTGGGACCCGGTGG-1,0.01131,0.000111,0.98858
ACTTGGGCTTTCGCCA-1,0.048834,0.000229,0.950937
ACTTGTAGTCCCTTCA-1,0.00015,0.00005,0.999799
ACTTGTGGATGGAACG-1,0.750372,0.000101,0.249528
ACTTGTTACCGGATCA-1,0.000578,0.119763,0.879659
ACTTTACCCTCATGAA-1,0.209697,0.074527,0.715776
ACTTTATACACCACTT-1,0.000175,0.000058,0.999767
ACTTTCCTATAGCTTC-1,0.000303,0.104452,0.895246
ACTTTGACTGCATCCT-1,0.000283,0.000094,0.999623
ACTTTGGTCGTGCTCC-1,0.038764,0.000145,0.961091
ACTTTGTCGACGCACT-1,0.999766,0.000033,0.000201
AGAAATTATGACTCGC-1,0.943692,0.02671,0.029598
AGAACACGGCGATGGT-1,0.090945,0.115519,0.793536
AGAACCCAGCGTGACA-1,0.966299,0.014346,0.019356
AGAACCCTCAATTGGG-1,0.000201,0.025159,0.97464
AGAACGTGGTACATTC-1,0.000246,0.161322,0.838432
AGAACTGTACTTTGTA-1,0.113443,0.000091,0.886466
AGAAGAGCGCCGTTCC-1,0.012003,0.004001,0.983995
AGAAGGTACACTTCAC-1,0.026454,0.126616,0.846929
AGAAGGTTGCCGAATT-1,0.100633,0.00032,0.899047
AGAAGGTTGTAGGTCG-1,0.013604,0.12537,0.861026
AGAAGTGATTCGTGAT-1,0.0404,0.000127,0.959473
AGAATAAATCTTCAGG-1,0.079092,0.000097,0.92081
AGAATACAGGCTATCC-1,0.079669,0.000034,0.920297
AGAATGCGGGTTCGGA-1,0.272125,0.139254,0.588621
AGAATTATGGATTCGA-1,0.226865,0.093534,0.679601
AGAATTGTTTGACATA-1,0.044844,0.000239,0.954916
AGACAGCTCAGAATCC-1,0.067269,0.000077,0.932654
AGACAGGCATCTCAGC-1,0.901019,0.098877,0.000103
AGACCAAACCACACCT-1,0.000151,0.2598,0.740049
AGACCATGGGATACAA-1,0.000612,0.336067,0.66332
AGACCCACCGCTGATC-1,0.000197,0.020608,0.979196
AGACCCGCCCTCCTCG-1,0.000279,0.000093,0.999628
AGACCGCTCCGCGGTT-1,0.842875,0.000102,0.157023
AGACCGGGAAACCCTG-1,0.000096,0.000032,0.999872
AGACGAAGTGCCGGTC-1,0.334043,0.0788,0.587157
AGACGACGATGCCGCT-1,0.16571,0.000271,0.834019
AGACGCCCACTTCGCC-1,0.999758,0.000035,0.000208
AGACGGGATTGGTATA-1,0.029146,0.000032,0.970822
AGACGGGCCGATTTAA-1,0.000245,0.000082,0.999673
AGACTAGCCTTCCAGA-1,0.051916,0.000382,0.947702
AGACTGTTACCGGGTC-1,0.001038,0.000346,0.998616
AGAGAAACACCAGAAA-1,0.194608,0.000114,0.805278
AGAGAACCGTCTAGGA-1,0.069698,0.100055,0.830246
AGAGAAGGAGTACAAT-1,0.153689,0.000202,0.846109
AGAGATCTCTAAAGCG-1,0.12463,0.120958,0.754412
AGAGCAGTTATGAGAC-1,0.000303,0.000101,0.999596
AGAGCCGCCGAGATTT-1,0.836894,0.06731,0.095796
AGAGCGCTTGTAACGG-1,0.247026,0.022102,0.730872
AGAGCGGGCTAATCAT-1,0.026969,0.000106,0.972925
AGAGCGTACAAGCTCG-1,0.000888,0.152867,0.846245
AGAGCTACGAAAGCAT-1,0.000405,0.46054,0.539055
AGAGGCTTCGGAAACC-1,0.155816,0.020292,0.823892
AGAGGGACAATTGTCC-1,0.026236,0.000258,0.973505
AGAGTAAACTTCACTA-1,0.42913,0.000165,0.570705
AGAGTATAGTGTTACG-1,0.351881,0.248723,0.399396
AGAGTCTTAATGAAAG-1,0.980994,0.016208,0.002798
AGAGTGAACAGACACC-1,0.04473,0.318423,0.636846
AGAGTTAGAGACCGAT-1,0.026849,0.000116,0.973035
AGAGTTGCAGGCCTCC-1,0.120494,0.000052,0.879453
AGATAACTTCAGGGCC-1,0.080013,0.003116,0.916871
AGATAATCACACCTAT-1,0.01456,0.000057,0.985383
AGATACCAATAGAACC-1,0.976731,0.022993,0.000276
AGATACCAGCACTTCA-1,0.146176,0.000109,0.853715
AGATACCGGTGTTCAC-1,0.120073,0.000123,0.879803
AGATACTCAAGATCGA-1,0.000235,0.178208,0.821558
AGATATAATACGACTA-1,0.066647,0.161167,0.772186
AGATCGTGCATAAGAT-1,0.000175,0.065106,0.934719
AGATCTCAGGTGTGAT-1,0.059243,0.452021,0.488736
AGATCTGGAGAGGATA-1,0.000286,0.000095,0.999618
AGATGACTCGCCCACG-1,0.000563,0.000188,0.999249
AGATGAGGGTTGCGAT-1,0.035264,0.000106,0.964631
AGATGATGGAGTCTGG-1,0.145132,0.000113,0.854755
AGATGCAAGACGTGCA-1,0.000344,0.262894,0.736762
AGATGCATCCTGTGTC-1,0.00013,0.000043,0.999827
AGATGCTATAACGAGC-1,0.000134,0.000045,0.999821
AGATTATAGGACGTTT-1,0.030014,0.000159,0.969827
AGATTCAAGCGGGTCG-1,0.000208,0.034169,0.965623
AGATTCACAACCGATA-1,0.086543,0.165436,0.748021
AGCAAAGGCCGCTAGT-1,0.049967,0.000108,0.949925
AGCAACATATCTTATT-1,0.00036,0.00012,0.99952
AGCAACCGAAAGTAAT-1,0.000108,0.052023,0.947869
AGCACACGTTTAGACT-1,0.039183,0.000293,0.960524
AGCACCAGTACTCACG-1,0.036013,0.000136,0.96385
AGCACTACCGGCCTGT-1,0.000362,0.000121,0.999518
AGCACTACCTCACCAG-1,0.134046,0.064442,0.801512
AGCACTTAAGGACGCC-1,0.215932,0.000248,0.783821
AGCAGAAGGAGAAAGA-1,0.183157,0.000059,0.816785
AGCAGCCAGATGAATA-1,0.000367,0.152025,0.847608
AGCAGTCGAAGCATGC-1,0.204575,0.020033,0.775393
AGCATATCAATATGCT-1,0.000402,0.006035,0.993564
AGCATCATTTCGAAAG-1,0.000555,0.000185,0.99926
AGCATCGTCGATAATT-1,0.130791,0.000161,0.869048
AGCATTACGAGGCAAG-1,0.830857,0.000066,0.169077
AGCCAAGCTTTGTGTC-1,0.018617,0.115986,0.865397
AGCCACAGGTTACCCG-1,0.17041,0.000339,0.829251
AGCCACTCCCGTGCTT-1,0.000303,0.000101,0.999597
AGCCATATAGTATGTG-1,0.000304,0.344385,0.655311
AGCCCATACATGTAAG-1,0.030097,0.000116,0.969788
AGCCCGCAACAAGCAG-1,0.000334,0.000308,0.999358
AGCCCGCACTACAATG-1,0.944074,0.000392,0.055534
AGCCCGGCATTAGAGG-1,0.105244,0.00024,0.894516
AGCCCGGTAGCCTGTA-1,0.000285,0.000095,0.99962
AGCCCTAAGCGAAGTT-1,0.000469,0.000156,0.999375
AGCCCTCCCTGGTGGC-1,0.136815,0.000301,0.862884
AGCCCTGTCGCACCGT-1,0.867423,0.000035,0.132542
AGCCCTTCTAATCCGA-1,0.055821,0.013157,0.931022
AGCCCTTGGACATCCC-1,0.940787,0.000054,0.059159
AGCCGCAAATTCAAAT-1,0.006796,0.557901,0.435303
AGCCGCTTGATTAGCG-1,0.000268,0.000089,0.999643
AGCCGTGGCTAAATGT-1,0.000221,0.162578,0.837201
AGCCTAATACCCACGT-1,0.032075,0.000138,0.967788
AGCCTTAAAGCGGAAG-1,0.032328,0.000114,0.967558
AGCCTTGTCACTGATA-1,0.070774,0.007863,0.921363
AGCGACAGGAACGGTC-1,0.041234,0.118176,0.84059
AGCGACATCCCATTCA-1,0.00557,0.050343,0.944087
AGCGACCAACGATATT-1,0.011256,0.034075,0.954669
AGCGACTTTGAAGACA-1,0.060539,0.000413,0.939047
AGCGAGACGTGAAGGC-1,0.055717,0.407802,0.536481
AGCGATGCGCCTAATA-1,0.939399,0.000061,0.060541
AGCGCATAATGAATCG-1,0.000305,0.07807,0.921625
AGCGCGGGTGCCAATG-1,0.094592,0.03732,0.868088
AGCGCTAGAGCGATGT-1,0.729308,0.000033,0.270658
AGCGCTTATGGGCAAG-1,0.000218,0.287494,0.712288
AGCGGACACTTCGTAG-1,0.085181,0.078137,0.836681
AGCGGCGGTTAGCGGT-1,0.080367,0.031085,0.888548
AGCGGGTCTGACACTC-1,0.000474,0.000158,0.999368
AGCGGTTGAGATGTAC-1,0.000186,0.000062,0.999752
AGCGGTTGCCGCTCTG-1,0.082356,0.045219,0.872425
AGCGTGGTATTCTACT-1,0.051095,0.26147,0.687435
AGCGTTCCGATTTAAA-1,0.029747,0.141863,0.82839
AGCTAACAAGCAATGT-1,0.063904,0.000391,0.935705
AGCTAAGCTCCGTCCG-1,0.166178,0.091497,0.742324
AGCTAAGTACGCAGGC-1,0.184953,0.000148,0.814899
AGCTACGAATGGTGGT-1,0.906726,0.017212,0.076063
AGCTAGAAGCAGAAGT-1,0.000126,0.051204,0.94867
AGCTATTTAATCCAAC-1,0.000151,0.003948,0.995901
AGCTCCATATATGTTC-1,0.846629,0.023023,0.130348
AGCTCCTTCGCACATC-1,0.435827,0.168925,0.395248
AGCTCGTTGATGGAAA-1,0.081276,0.000072,0.918652
AGCTCTAGACGTTCCA-1,0.086389,0.220962,0.692648
AGCTCTTCCCAGTGCA-1,0.000205,0.525778,0.474017
AGCTCTTCGTAACCTT-1,0.756144,0.110031,0.133824
AGCTCTTTACTCAGTT-1,0.087559,0.000308,0.912133
AGCTGAAGTAAACCAA-1,0.116103,0.199613,0.684284
AGCTGCATTTGAGGTG-1,0.00013,0.000043,0.999827
AGCTGCTGTGCCGAAT-1,0.000103,0.024673,0.975224
AGCTGTAACCTCAATC-1,0.024226,0.000114,0.97566
AGCTTCAATACTTTGA-1,0.00025,0.000083,0.999667
AGCTTCTTCTCGAGCA-1,0.252622,0.03445,0.712928
AGCTTGATCAGGGTAG-1,0.095193,0.000084,0.904723
AGCTTGATCTTAACTT-1,0.016795,0.00593,0.977276
AGGAACGAACGACTTC-1,0.999881,0.000017,0.000102
AGGAAGCTGTCCGCCG-1,0.008405,0.000195,0.9914
AGGACAGTCGAATCCC-1,0.003609,0.188165,0.808226
AGGACATCGGCACACT-1,0.969639,0.006844,0.023517
AGGACGACCCATTAGA-1,0.254196,0.000304,0.7455
AGGACGCTCGATGTTG-1,0.059895,0.196219,0.743886
AGGACTTATAGGAGAA-1,0.000168,0.082501,0.91733
AGGAGACATCCACAGT-1,0.067686,0.000039,0.932275
AGGAGAGTCTGGCTAC-1,0.273655,0.000091,0.726253
AGGAGCGTTTATTATC-1,0.896568,0.027268,0.076163
AGGAGGCCTTCGCGCG-1,0.125224,0.123313,0.751463
AGGATAAAGTCGGGAT-1,0.067956,0.113814,0.818231
AGGATATAGGGATTTA-1,0.186926,0.141077,0.671997
AGGATATCCGACTGCA-1,0.236149,0.020722,0.743128
AGGATCACGCGATCTG-1,0.000444,0.14321,0.856346
AGGATTGCTTACGACA-1,0.537088,0.00545,0.457463
AGGCAATACGGAGGAC-1,0.000641,0.029841,0.969517
AGGCACGTGACTGTCC-1,0.999651,0.00005,0.000299
AGGCAGATGCGTAAAC-1,0.039987,0.050803,0.90921
AGGCAGGGAGCGTACT-1,0.081976,0.189995,0.728029
AGGCATTGTCGTAGGG-1,0.305638,0.042013,0.652349
AGGCCACATTGGTTAC-1,0.98008,0.019774,0.000146
AGGCCACCCGTTATGA-1,0.181732,0.021691,0.796577
AGGCCCAGTGACTGGT-1,0.006098,0.000323,0.99358
AGGCCCATTGTACAGG-1,0.054696,0.0002,0.945104
AGGCCCTAGAACGCCA-1,0.065126,0.000065,0.934809
AGGCCTATCATACCAA-1,0.000317,0.002942,0.996741
AGGCCTGAGAATCTCG-1,0.277017,0.000167,0.722815
AGGCGATAACTGGCGT-1,0.956005,0.000045,0.04395
AGGCGGTTTGTCCCGC-1,0.00057,0.00019,0.999239
AGGCGTCTATGGACGG-1,0.00015,0.00005,0.9998
AGGCTATGGTTAGCTT-1,0.087192,0.000227,0.912581
AGGCTTAAGTTGCACA-1,0.000805,0.000268,0.998927
AGGCTTCCCGAAGAAG-1,0.200351,0.00027,0.799379
AGGCTTGCTAGACACC-1,0.000296,0.043025,0.956679
AGGGAAACGAGGTACT-1,0.000152,0.000051,0.999797
AGGGACCGGCTGCGTT-1,0.477667,0.00012,0.522213
AGGGACTCTACGCGAC-1,0.000593,0.000376,0.999031
AGGGAGACATACTTCG-1,0.425949,0.204228,0.369823
AGGGCAGCGGCGTGGT-1,0.000144,0.000048,0.999808
AGGGCCCTAATGTTCT-1,0.937513,0.062395,0.000093
AGGGCGAGCAGCTGAT-1,0.070957,0.000086,0.928957
AGGGCTGCAGTTACAG-1,0.039171,0.066596,0.894233
AGGGTCAGAGCACTCG-1,0.249409,0.0005,0.750091
AGGGTCAGTAACCCTA-1,0.19294,0.00834,0.79872
AGGGTCGATGCGAACT-1,0.128345,0.000122,0.871533
AGGGTCTGGACGCAGT-1,0.976445,0.017201,0.006354
AGGGTGCCGTTCTTTA-1,0.151936,0.00674,0.841323
AGGGTGCTCTCGAGGG-1,0.183836,0.0734,0.742764
AGGGTGGATAGTGCAT-1,0.000376,0.000125,0.999499
AGGGTGTGCTACACGC-1,0.246423,0.098993,0.654584
AGGGTTCAGACGGTCC-1,0.060835,0.199878,0.739287
AGGGTTCCCTTTGGTT-1,0.087301,0.234026,0.678673
AGGGTTTAGTTCGGGA-1,0.000268,0.363253,0.636479
AGGTACGATATTGCCA-1,0.000127,0.049474,0.950399
AGGTAGATCGAGATAT-1,0.162662,0.015001,0.822337
AGGTAGGTACAAAGCT-1,0.032045,0.125239,0.842716
AGGTATAATTGATAGT-1,0.503914,0.000113,0.495973
AGGTATGCGGACATTA-1,0.976747,0.000036,0.023218
AGGTCAGGTGAGAGTG-1,0.000368,0.000123,0.999509
AGGTCGCCTCCCAACA-1,0.975366,0.000033,0.024601
AGGTCGCGGAGTTACT-1,0.045008,0.000109,0.954883
AGGTGCACGTCCACAT-1,0.947195,0.000059,0.052746
AGGTGGTGACCTTCGC-1,0.00049,0.117152,0.882358
AGGTGTATCGCCATGA-1,0.026583,0.027904,0.945513
AGGTGTTGCCGACCAC-1,0.950945,0.048962,0.000093
AGGTTACACCATGCCG-1,0.959564,0.009953,0.030483
AGGTTCTCCTTTCCGG-1,0.021464,0.000121,0.978416
AGGTTGAGGCACGCTT-1,0.000158,0.133669,0.866173
AGGTTTCACACACCTT-1,0.066317,0.000126,0.933557
AGTAACGTTCATCCTG-1,0.000183,0.170572,0.829245
AGTAACTATAGCAGCC-1,0.954052,0.000064,0.045884
AGTAAGGGACAGAATC-1,0.843266,0.000068,0.156666
AGTAATCTAAGGGTGG-1,0.141329,0.000085,0.858586
AGTAATGTCTTGCCGC-1,0.00036,0.00012,0.99952
AGTAATTTGCAAGCGT-1,0.038633,0.29479,0.666577
AGTACAGAAGCTTATA-1,0.113135,0.000068,0.886798
AGTACATCATTTATCA-1,0.271577,0.289291,0.439132
AGTACCTTCGAGTGCT-1,0.035987,0.082679,0.881334
AGTACGGCCCGTATCG-1,0.000165,0.057738,0.942097
AGTACGGGCACCTGGC-1,0.15708,0.374949,0.467971
AGTACGTGGCCTGTCT-1,0.000125,0.051143,0.948732
AGTACTCTTATGCCCA-1,0.12496,0.000071,0.874968
AGTAGAAGGCGCCTCA-1,0.080422,0.022356,0.897221
AGTAGCGTGAACGAAC-1,0.017471,0.077566,0.904963
AGTAGCTAGACGCCGA-1,0.085703,0.000085,0.914212
AGTAGGAAGGAAGTTG-1,0.000105,0.019447,0.980448
AGTAGGTAACATACAT-1,0.198779,0.04189,0.759331
AGTATAATACTAGGCA-1,0.080377,0.000103,0.91952
AGTATACACAGCGACA-1,0.000497,0.000166,0.999338
AGTATGCTGGAGACCA-1,0.000493,0.000164,0.999343
AGTATTTGGCACGACC-1,0.040235,0.000166,0.959599
AGTCAAATGATGTGAT-1,0.231255,0.024595,0.744151
AGTCAACACCACCATC-1,0.079614,0.000163,0.920224
AGTCAAGATGACACTT-1,0.238067,0.030745,0.731188
AGTCACTAGCTCTCGA-1,0.532087,0.0001,0.467813
AGTCAGCCACCGCCTG-1,0.027892,0.000145,0.971963
AGTCCATTGGCTGATG-1,0.535188,0.000081,0.464731
AGTCCCGCCTTTAATT-1,0.089228,0.154969,0.755803
AGTCCCTCGCAGAAAG-1,0.168607,0.000074,0.831319
AGTCGAAACGATTCAG-1,0.00815,0.020193,0.971657
AGTCGAATTAGCGTAA-1,0.995031,0.00486,0.000109
AGTCGACGGTCTCAAG-1,0.116719,0.000136,0.883144
AGTCGGCCCAAACGAC-1,0.103521,0.02883,0.867648
AGTCGGCTCAACTTTA-1,0.000327,0.000109,0.999564
AGTCGGTTGCGTGAGA-1,0.694101,0.089724,0.216175
AGTCGTATAAAGCAGA-1,0.188889,0.016478,0.794633
AGTCGTCGACCACCAA-1,0.154355,0.000127,0.845518
AGTCGTGGGCATTACG-1,0.000984,0.000328,0.998688
AGTCTAAAGTATACTC-1,0.255003,0.000083,0.744914
AGTCTCACAAGACTAC-1,0.02998,0.000296,0.969724
AGTCTGGACATCCTTG-1,0.000426,0.478825,0.520749
AGTCTTCTCCTCAAAT-1,0.00019,0.000063,0.999747
AGTCTTTAAAGTGTCC-1,0.050479,0.000217,0.949305
AGTGAACAAACTTCTC-1,0.157592,0.000046,0.842362
AGTGAAGATGGTGTCC-1,0.534337,0.00005,0.465614
AGTGACCTACTTTACG-1,0.000304,0.210327,0.789368
AGTGACTGTGACACAA-1,0.001057,0.000352,0.998591
AGTGAGACTTCCAGTA-1,0.170392,0.075726,0.753882
AGTGAGCCTCGCCGCC-1,0.173696,0.180806,0.645498
AGTGAGGGTTTCTGAC-1,0.013502,0.00008,0.986417
AGTGAGTCGAATTAAC-1,0.99843,0.001384,0.000186
AGTGATAACCTGCGCG-1,0.290941,0.000157,0.708902
AGTGATATGAGTAGTT-1,0.084421,0.057943,0.857636
AGTGATTCAAGCAGGA-1,0.010711,0.093906,0.895382
AGTGCACGCTTAAGAA-1,0.598912,0.000083,0.401005
AGTGCGTAGCTCGTAA-1,0.079739,0.067056,0.853206
AGTGCTAAACACAGCA-1,0.340804,0.041658,0.617538
AGTGCTTGCACGAATA-1,0.110093,0.221956,0.667951
AGTGGCCCGCAAATGG-1,0.155798,0.000039,0.844163
AGTGGCGGCAATTTGA-1,0.054609,0.013114,0.932277
AGTGGCGTCTGAAGGT-1,0.527305,0.037826,0.434869
AGTGGCTCCGTCGGCC-1,0.004367,0.239738,0.755896
AGTGGGAGTATACACG-1,0.000252,0.29377,0.705978
AGTGGTGTTACCCGTG-1,0.000158,0.000053,0.99979
AGTGGTTGCGTATAGG-1,0.000077,0.000026,0.999898
AGTGTATTGCGCATTG-1,0.044827,0.144404,0.810769
AGTGTGCTAAGATCGC-1,0.000145,0.000097,0.999758
AGTGTGGTCTATTGTG-1,0.00066,0.00022,0.999121
AGTTAAACACTTGCGA-1,0.277334,0.000229,0.722437
AGTTAAGCGGTCCCGG-1,0.000156,0.000052,0.999792
AGTTAAGTCAACCGCT-1,0.00044,0.000147,0.999413
AGTTACCCTTAAGACT-1,0.104873,0.164205,0.730922
AGTTACCGCACATGGT-1,0.000204,0.258855,0.740941
AGTTACTCTATCGTGG-1,0.047265,0.146003,0.806732
AGTTATTCAGACTGTG-1,0.940365,0.014156,0.045479
AGTTATTGAAAGGTAA-1,0.000127,0.000042,0.999831
AGTTCACCGGTTGGAC-1,0.000384,0.000128,0.999488
AGTTCCTACAGAATTA-1,0.000579,0.000193,0.999228
AGTTCCTATTTATGTT-1,0.086008,0.023813,0.890179
AGTTCTGCGTTGTATC-1,0.07541,0.0004,0.92419
AGTTGACGGTCCTTGC-1,0.005786,0.015094,0.979121
AGTTGCGGTCCTCAAC-1,0.000243,0.000081,0.999676
AGTTGCTGACTGATAT-1,0.000579,0.072691,0.92673
