Barcode,Topic 1,Topic 2,Topic 3,Topic 4,Topic 5,Topic 6,Topic 7,Topic 8,Topic 9,Topic 10
AAACAAGTATCTCCCA-1,0.000027,0.00368,0.689991,0.189239,0.000027,0.013057,0.000027,0.000027,0.003994,0.099931
AAACAATCTACTAGCA-1,0.00003,0.001009,0.001802,0.00003,0.158822,0.075807,0.00787,0.602941,0.013001,0.138687
AAACACCAATAACTGC-1,0.00003,0.008302,0.00003,0.00003,0.263273,0.041801,0.343971,0.056044,0.271274,0.015246
AAACAGAGCGACTCCT-1,0.000042,0.000042,0.000042,0.000042,0.578051,0.00966,0.021804,0.003636,0.295442,0.091238
AAACAGCTTTCAGAAG-1,0.000016,0.007087,0.000016,0.000016,0.068629,0.000016,0.598036,0.001537,0.30493,0.019719
AAACAGGGTCTATATT-1,0.000029,0.001348,0.000029,0.000029,0.511363,0.000029,0.291204,0.047429,0.142739,0.0058
AAACAGTGTTCCTGGG-1,0.000047,0.000047,0.663708,0.08318,0.000047,0.165123,0.000047,0.000047,0.000047,0.08771
AAACATGGTGAGAGGA-1,0.000031,0.027829,0.065781,0.000031,0.098908,0.338462,0.010584,0.031901,0.419046,0.007427
AAACATTTCCCGGATT-1,0.000035,0.000035,0.648054,0.351669,0.000035,0.000035,0.000035,0.000035,0.000035,0.000035
AAACCACTACACAGAT-1,0.000017,0.000017,0.000017,0.000017,0.004817,0.05271,0.000018,0.537645,0.397326,0.007417
AAACCCGAACGAAATC-1,0.000013,0.036687,0.49969,0.012622,0.000013,0.000013,0.000013,0.100246,0.165452,0.185253
AAACCGGAAATGTTAA-1,0.000031,0.02322,0.832871,0.143694,0.000031,0.000031,0.000031,0.000031,0.000031,0.000031
AAACCGGGTAGGTACC-1,0.000038,0.106919,0.001274,0.073695,0.576773,0.054162,0.089852,0.023171,0.030246,0.043869
AAACCGTTCGTCCAGG-1,0.000043,0.018948,0.434439,0.131646,0.000043,0.396149,0.000043,0.000043,0.000043,0.018605
AAACCTAAGCAGCCGG-1,0.000027,0.035966,0.920392,0.022802,0.012034,0.000027,0.000027,0.000027,0.000027,0.008671
AAACCTCATGAAGTTG-1,0.000034,0.110954,0.000034,0.000034,0.429011,0.045215,0.315979,0.021358,0.077346,0.000034
AAACGAAGAACATACC-1,0.00005,0.00005,0.00005,0.00005,0.354852,0.281784,0.205246,0.136152,0.02172,0.00005
AAACGAAGATGGAGTA-1,0.000032,0.000032,0.000032,0.000032,0.1589,0.00633,0.212164,0.084408,0.531468,0.0066
AAACGACAGTCTTGCC-1,0.000033,0.000033,0.00507,0.000033,0.000033,0.958112,0.002754,0.020682,0.013221,0.000033
AAACGAGACGGTTGAT-1,0.000051,0.000051,0.000051,0.51055,0.145811,0.194748,0.017148,0.012851,0.118689,0.000051
AAACGCCCGAGATCGG-1,0.000028,0.000028,0.000028,0.000028,0.043667,0.059728,0.004936,0.573769,0.305862,0.011928
AAACGCTGGGCACGAC-1,0.000021,0.000021,0.414802,0.307589,0.000021,0.003061,0.000021,0.000021,0.000021,0.274422
AAACGGGCGTACGGGT-1,0.000028,0.050088,0.341499,0.188707,0.000028,0.000028,0.01679,0.104089,0.182114,0.116628
AAACGGGTTGGTATCC-1,0.000039,0.041682,0.000039,0.000039,0.118871,0.310058,0.23101,0.298183,0.000039,0.000039
AAACGGTTGCGAACTG-1,0.000055,0.000055,0.374892,0.370007,0.000055,0.114532,0.000055,0.000055,0.000055,0.140241
AAACGTGTTCGCCCTA-1,0.000013,0.069709,0.182675,0.000013,0.003982,0.000298,0.066717,0.232978,0.442949,0.000664
AAACTAACGTGGCGAC-1,0.000017,0.000017,0.037021,0.000017,0.000017,0.001821,0.021774,0.484889,0.266555,0.187874
AAACTCGGTTCGCAAT-1,0.000037,0.049656,0.808395,0.141687,0.000037,0.000037,0.000037,0.000037,0.000037,0.000037
AAACTCGTGATATAAG-1,0.000013,0.003828,0.056331,0.000013,0.000632,0.001434,0.314832,0.237197,0.375559,0.010162
AAACTGCTGGCTCCAA-1,0.000069,0.000069,0.000069,0.889175,0.022459,0.087882,0.000069,0.000069,0.000069,0.000069
AAACTTAATTGCACGC-1,0.000039,0.038211,0.097037,0.002413,0.509891,0.012768,0.034581,0.000039,0.304983,0.000039
AAACTTGCAAACGTAT-1,0.000012,0.133549,0.00719,0.000012,0.009938,0.000012,0.352166,0.124846,0.003295,0.36898
AAAGAATGACCTTAGA-1,0.000039,0.000039,0.000039,0.000039,0.289768,0.184697,0.039435,0.01229,0.448754,0.024901
AAAGAATGTGGACTAA-1,0.000016,0.099345,0.90053,0.000016,0.000016,0.000016,0.000016,0.000016,0.000016,0.000016
AAAGACATGAAGTTTA-1,0.000032,0.000032,0.035997,0.000032,0.000032,0.850295,0.000032,0.072388,0.000032,0.041131
AAAGACCCAAGTCGCG-1,0.000016,0.011903,0.002992,0.000016,0.027942,0.000017,0.689404,0.178532,0.000016,0.08916
AAAGACTGGGCGCTTT-1,0.000021,0.049633,0.006203,0.012801,0.061115,0.024424,0.726403,0.082194,0.023479,0.013727
AAAGCTTGCCTACATA-1,0.000014,0.004731,0.045441,0.01653,0.010928,0.059395,0.075058,0.376149,0.296495,0.115259
AAAGGCCCTATAATAC-1,0.000029,0.040263,0.000029,0.000029,0.284605,0.016686,0.231132,0.009857,0.24712,0.170249
AAAGGCTACGGACCAT-1,0.000036,0.076543,0.739975,0.055164,0.000036,0.000036,0.000036,0.000036,0.000036,0.128103
AAAGGCTCTCGCGCCG-1,0.000046,0.162606,0.544245,0.225691,0.060783,0.006444,0.000046,0.000046,0.000046,0.000046
AAAGGGATGTAGCAAG-1,0.000029,0.178284,0.000029,0.000029,0.38484,0.010859,0.103362,0.290397,0.031711,0.000461
AAAGGGCAGCTTGAAT-1,0.000028,0.045093,0.000028,0.000028,0.459273,0.000028,0.439575,0.048838,0.007084,0.000028
AAAGGTAAGCTGTACC-1,0.000028,0.000028,0.000028,0.000028,0.000028,0.000028,0.243844,0.091905,0.654765,0.009316
AAAGTAGCATTGCTCA-1,0.00003,0.374963,0.254796,0.00003,0.182898,0.00003,0.010463,0.045045,0.006497,0.125247
AAAGTCACTGATGTAA-1,0.000013,0.000013,0.000013,0.000013,0.000013,0.000013,0.715452,0.274595,0.001269,0.008607
AAAGTCGACCCTCAGT-1,0.000012,0.002803,0.000012,0.000012,0.003407,0.000012,0.624364,0.294141,0.040268,0.034967
AAAGTGCCATCAATTA-1,0.000036,0.038102,0.304399,0.208876,0.000036,0.000036,0.000036,0.156404,0.268139,0.023937
AAAGTGTGATTTATCT-1,0.00004,0.00004,0.491594,0.253533,0.00004,0.239202,0.00004,0.00004,0.00004,0.015431
AAAGTTGACTCCCGTA-1,0.000044,0.000044,0.402455,0.303721,0.000044,0.002536,0.000044,0.000044,0.000258,0.290808
AAATAACCATACGGGA-1,0.000017,0.016327,0.0533,0.000017,0.083572,0.027407,0.204844,0.34079,0.119045,0.15468
AAATAAGGTAGTGCCC-1,0.000021,0.029115,0.027699,0.076555,0.079537,0.019134,0.005444,0.114467,0.547167,0.100862
AAATACCTATAAGCAT-1,0.000053,0.091567,0.399794,0.494543,0.01378,0.000053,0.000053,0.000053,0.000053,0.000053
AAATAGCTTAGACTTT-1,0.000027,0.022278,0.594391,0.024254,0.000027,0.089797,0.044136,0.097628,0.093391,0.034071
AAATAGGGTGCTATTG-1,0.000037,0.000037,0.233436,0.598264,0.000578,0.022932,0.000037,0.000037,0.000037,0.144604
AAATCACTCCTAAACG-1,0.000037,0.043372,0.063521,0.049135,0.025839,0.763139,0.050059,0.000051,0.00481,0.000037
AAATCCGATACACGCC-1,0.000019,0.200974,0.582337,0.000885,0.000019,0.000019,0.003998,0.064177,0.083093,0.064479
AAATCGCGGAAGGAGT-1,0.00006,0.00006,0.00006,0.00006,0.845268,0.003906,0.014822,0.00006,0.135645,0.00006
AAATCGTGTACCACAA-1,0.00008,0.167485,0.032269,0.610461,0.00008,0.189307,0.00008,0.00008,0.00008,0.00008
AAATCTAGCCCTGCTA-1,0.000026,0.001168,0.894139,0.10451,0.000026,0.000026,0.000026,0.000026,0.000026,0.000026
AAATCTGCCCGCGTCC-1,0.000061,0.02065,0.000061,0.000061,0.16406,0.097093,0.000061,0.000061,0.655478,0.062412
AAATGATTCGATCAGC-1,0.000016,0.008695,0.000016,0.000016,0.160482,0.030869,0.19452,0.271632,0.058499,0.275255
AAATGCTCGTTACGTT-1,0.000022,0.062966,0.081977,0.000022,0.00451,0.000022,0.355985,0.438596,0.0357,0.0202
AAATGGCATGTCTTGT-1,0.000039,0.013932,0.000039,0.036853,0.571399,0.015175,0.353445,0.008373,0.000705,0.000039
AAATGGCCCGTGCCCT-1,0.000023,0.084044,0.000023,0.000023,0.186514,0.000023,0.381047,0.101044,0.242652,0.004606
AAATGGTCAATGTGCC-1,0.000038,0.02531,0.201915,0.455023,0.035257,0.226672,0.000038,0.000038,0.000038,0.05567
AAATGTATCTTATCCC-1,0.000034,0.011279,0.000034,0.000034,0.129747,0.001201,0.36069,0.275895,0.062522,0.158563
AAATGTGGGTGCTCCT-1,0.000035,0.000035,0.000035,0.000035,0.254432,0.075028,0.152978,0.131799,0.385586,0.000035
AAATTAACGGGTAGCT-1,0.000078,0.000078,0.000078,0.683891,0.315481,0.000078,0.000078,0.000078,0.000078,0.000078
AAATTAATAAGCGCGA-1,0.000017,0.000017,0.000017,0.000017,0.219196,0.000017,0.507725,0.117667,0.000424,0.154901
AAATTACACGACTCTG-1,0.000021,0.000021,0.000021,0.000021,0.016543,0.004379,0.29457,0.325005,0.177685,0.181731
AAATTACCTATCGATG-1,0.000023,0.104821,0.000023,0.011591,0.081615,0.214222,0.15218,0.268123,0.108312,0.059093
AAATTCCAGGTCCAAA-1,0.000019,0.000019,0.582362,0.010783,0.000019,0.077156,0.000019,0.000019,0.003866,0.325736
AAATTGATAGTCCTTT-1,0.000027,0.168468,0.000027,0.000027,0.112161,0.000027,0.172764,0.31307,0.180931,0.052499
AAATTGCGGCGGTTCT-1,0.000027,0.000027,0.000027,0.000027,0.195205,0.102984,0.007188,0.685955,0.003777,0.004782
AAATTGGTGAGAAGCA-1,0.000022,0.005859,0.015288,0.000022,0.12715,0.000022,0.35385,0.046756,0.417527,0.033503
AAATTTACCGAAATCC-1,0.000052,0.000052,0.000052,0.000052,0.303456,0.220698,0.079738,0.058936,0.336913,0.000052
AAATTTGCGGGTGTGG-1,0.000032,0.035466,0.000032,0.017953,0.430323,0.007755,0.019894,0.149244,0.159639,0.179662
AACAACTGGTAGTTGC-1,0.000063,0.000063,0.000063,0.20499,0.729944,0.064623,0.000063,0.000063,0.000063,0.000063
AACAATACATTGTCGA-1,0.000057,0.236058,0.154877,0.389475,0.190751,0.003838,0.000057,0.000057,0.024771,0.000057
AACAATTACTCTACGC-1,0.000053,0.045995,0.000053,0.042145,0.910238,0.000053,0.000744,0.000611,0.000053,0.000053
AACACACGCTCGCCGC-1,0.000031,0.000031,0.670233,0.244864,0.000031,0.042396,0.000031,0.000031,0.000031,0.042323
AACACGACTGTACTGA-1,0.000016,0.015379,0.034042,0.000016,0.000016,0.000016,0.741263,0.173446,0.03579,0.000016
AACACGAGACGCGGCC-1,0.000025,0.029445,0.000025,0.000025,0.437498,0.000102,0.231314,0.184869,0.088949,0.02775
AACACGCGGCCGCGAA-1,0.00004,0.057827,0.017616,0.00004,0.174287,0.064781,0.133596,0.410738,0.140802,0.000274
AACAGCTGTGTGGCAA-1,0.000039,0.244535,0.054115,0.065996,0.049978,0.228887,0.001654,0.078829,0.161538,0.114428
AACAGGAAATCGAATA-1,0.000039,0.056184,0.000039,0.000039,0.417779,0.280064,0.233186,0.011172,0.001458,0.000039
AACAGGATGGGCCGCG-1,0.000024,0.032398,0.000672,0.037941,0.181332,0.182292,0.115446,0.109923,0.016277,0.323694
AACAGGTAGTATGGAT-1,0.000019,0.000019,0.966728,0.000019,0.000019,0.000019,0.000019,0.000019,0.000019,0.033123
AACATATCAACTGGTG-1,0.000059,0.09687,0.198931,0.007875,0.394618,0.068663,0.000059,0.050494,0.000059,0.182371
AACATCGATACGTCTA-1,0.000028,0.032371,0.013344,0.023275,0.091157,0.125391,0.183349,0.024064,0.419459,0.087561
AACATTGAAGTTGATC-1,0.000038,0.150023,0.000038,0.017012,0.316566,0.001975,0.107845,0.032156,0.199377,0.17497
AACATTGTGACTCGAG-1,0.000084,0.028251,0.110566,0.706225,0.099599,0.054941,0.000084,0.000084,0.000084,0.000084
AACCAAGACTTCTCTG-1,0.000018,0.233355,0.000018,0.000018,0.050748,0.000018,0.337201,0.215906,0.072477,0.09024
AACCAGTATCACTCTT-1,0.000061,0.000061,0.000061,0.000061,0.225457,0.013018,0.125643,0.260384,0.3119,0.063352
AACCATAGGGTTGAAC-1,0.000022,0.000022,0.000022,0.000022,0.000022,0.000022,0.41105,0.000022,0.588772,0.000022
AACCATGGGATCGCTA-1,0.000038,0.008338,0.0081,0.010942,0.477765,0.001111,0.322733,0.147743,0.023192,0.000038
AACCCAGAGACGGAGA-1,0.000024,0.035584,0.03221,0.01026,0.207289,0.089255,0.449393,0.096591,0.056313,0.023081
AACCCATCCCATGATC-1,0.000051,0.000051,0.000051,0.019191,0.680165,0.055993,0.048611,0.000051,0.195786,0.000051
AACCCGACAACCCGTG-1,0.000054,0.000054,0.239854,0.536116,0.09699,0.000054,0.000054,0.000054,0.082206,0.044562
AACCCGAGCAGAATCG-1,0.000024,0.038138,0.868456,0.070158,0.000024,0.000024,0.000024,0.000024,0.023105,0.000024
AACCCGATAGGGCTTC-1,0.000026,0.000026,0.009741,0.000026,0.000026,0.03014,0.000975,0.498395,0.442585,0.018061
AACCCTACTGTCAATA-1,0.000067,0.057797,0.144708,0.560087,0.110903,0.015116,0.000067,0.000067,0.000067,0.111122
AACCCTGGTGGAACCA-1,0.000015,0.000015,0.000015,0.000015,0.000015,0.000015,0.300325,0.439188,0.011065,0.249332
AACCGAGCTTGGTCAT-1,0.000035,0.055287,0.000035,0.02331,0.512695,0.033243,0.080895,0.201398,0.083199,0.009902
AACCGCTAAGGGATGC-1,0.000032,0.048576,0.487644,0.354933,0.000032,0.102291,0.000032,0.000032,0.006395,0.000032
AACCGTTGTGTTTGCT-1,0.000052,0.015157,0.000052,0.000052,0.382776,0.016025,0.371925,0.191004,0.014811,0.008146
AACCTAAAGCCGTCCG-1,0.000064,0.000064,0.000064,0.000064,0.490446,0.509039,0.000064,0.000064,0.000064,0.000064
AACCTCGCTTTAGCCC-1,0.000058,0.005489,0.181343,0.603736,0.001557,0.000058,0.077329,0.01269,0.11072,0.007019
AACCTGTCACGGAATT-1,0.000029,0.000029,0.646836,0.068726,0.000029,0.25516,0.000029,0.000029,0.020964,0.008171
AACCTTTAAATACGGT-1,0.000031,0.033769,0.160229,0.363534,0.000031,0.052496,0.000031,0.001782,0.000031,0.388066
AACCTTTACGACGTCT-1,0.000019,0.005638,0.041639,0.000019,0.000019,0.000019,0.21393,0.319195,0.012908,0.406613
AACGAAAGTCGTCCCA-1,0.000041,0.000041,0.000041,0.000041,0.634911,0.006648,0.046469,0.000047,0.31172,0.000041
AACGACCTCCTAGCCG-1,0.000017,0.000017,0.850486,0.033008,0.000017,0.096262,0.000017,0.000017,0.006489,0.013672
AACGATAATGCCGTAG-1,0.000036,0.030776,0.541306,0.37671,0.04666,0.00437,0.000036,0.000036,0.000036,0.000036
AACGATAGAAGGGCCG-1,0.000051,0.122694,0.035906,0.004771,0.490686,0.137558,0.202183,0.006049,0.000051,0.000051
AACGATATGTCAACTG-1,0.000035,0.114441,0.000035,0.019207,0.450709,0.000035,0.082724,0.127773,0.084602,0.120441
AACGCATGATCTGGGT-1,0.000035,0.088814,0.022609,0.016245,0.235372,0.089916,0.066532,0.090658,0.362173,0.027647
AACGCGAACGGCAACA-1,0.000017,0.000017,0.000017,0.000017,0.001607,0.002638,0.321691,0.653567,0.020414,0.000017
AACGCGACCTTGGGCG-1,0.000054,0.000054,0.4624,0.389725,0.000054,0.140451,0.000054,0.000054,0.000054,0.007103
AACGCGGTCTCCAGCC-1,0.000021,0.221418,0.018545,0.017848,0.004856,0.008957,0.083111,0.441175,0.129485,0.074583
AACGCTGTTGCTGAAA-1,0.000056,0.095157,0.415131,0.482786,0.00659,0.000056,0.000056,0.000056,0.000056,0.000056
AACGGACGTACGTATA-1,0.000045,0.135964,0.552028,0.303658,0.008082,0.000045,0.000045,0.000045,0.000045,0.000045
AACGGCCATCTCCGGT-1,0.000052,0.018981,0.350185,0.315697,0.046642,0.107813,0.000052,0.000052,0.000052,0.160472
AACGTACTGTGGGTAC-1,0.000069,0.193145,0.239002,0.496054,0.037362,0.034094,0.000069,0.000069,0.000069,0.000069
AACGTAGTCTACCCAT-1,0.000033,0.000033,0.000033,0.000033,0.026229,0.435457,0.012371,0.518732,0.007046,0.000033
AACGTCAGACTAGTGG-1,0.00003,0.080838,0.00003,0.004713,0.450211,0.00003,0.155359,0.276937,0.030894,0.000958
AACGTCGCTGCACTTC-1,0.000014,0.197148,0.50122,0.082145,0.000217,0.027379,0.047035,0.116016,0.028811,0.000014
AACGTGATGAAGGACA-1,0.000036,0.000036,0.000036,0.017408,0.164649,0.015439,0.15934,0.246319,0.282289,0.11445
AACGTGCGAAAGTCTC-1,0.00003,0.273824,0.34173,0.165984,0.00003,0.090238,0.017974,0.089765,0.015534,0.004891
AACGTTATCAGCACCT-1,0.00003,0.00003,0.00003,0.00003,0.123808,0.00003,0.514993,0.203615,0.06682,0.090613
AACTACCCGTTTGTCA-1,0.00003,0.00003,0.683317,0.315041,0.00003,0.001432,0.00003,0.00003,0.00003,0.00003
AACTAGCGTATCGCAC-1,0.000041,0.016651,0.007589,0.027353,0.100652,0.000637,0.278869,0.370847,0.197322,0.000041
AACTAGGCTTGGGTGT-1,0.000025,0.222348,0.17415,0.206473,0.000025,0.002475,0.082879,0.086707,0.013492,0.211425
AACTCAAGTTAATTGC-1,0.000048,0.234534,0.070909,0.432989,0.213444,0.047883,0.000048,0.000048,0.000048,0.000048
AACTCCAGAGCGTGTT-1,0.000059,0.000059,0.030461,0.832715,0.046731,0.000059,0.000059,0.000059,0.089739,0.000059
AACTCCTAATCCCATG-1,0.000029,0.000029,0.000029,0.000029,0.159652,0.006367,0.244956,0.2118,0.259597,0.117511
AACTCGATGGCGCAGT-1,0.000042,0.006344,0.000042,0.008427,0.276676,0.000042,0.449519,0.242928,0.015939,0.000042
AACTCTCAATAGAGCG-1,0.000034,0.171878,0.392112,0.020381,0.000034,0.30189,0.00006,0.024537,0.000034,0.089038
AACTCTCAGTGTGCTC-1,0.000062,0.205001,0.37229,0.244207,0.009162,0.141344,0.000573,0.011947,0.015353,0.000062
AACTGAGGTCAGCGTC-1,0.000032,0.000032,0.01651,0.000032,0.000834,0.002136,0.137675,0.250015,0.564688,0.028047
AACTGAGTTATACTGA-1,0.000045,0.000045,0.399717,0.286252,0.000045,0.303349,0.000045,0.000045,0.000045,0.01041
AACTGATATTAGGCCT-1,0.000039,0.003702,0.000039,0.000039,0.273386,0.249306,0.277731,0.066734,0.035329,0.093694
AACTGGGTCCCGACGT-1,0.000011,0.068144,0.005458,0.000011,0.068383,0.000011,0.244243,0.415246,0.000011,0.198481
AACTGGGTTCGAGCCG-1,0.000022,0.000022,0.000022,0.000022,0.027133,0.049755,0.006904,0.75758,0.158518,0.000022
AACTGGTGTGGGCCTT-1,0.00002,0.00002,0.00002,0.00002,0.00002,0.00002,0.764108,0.209529,0.026221,0.00002
AACTTCTGCGTCTATC-1,0.000033,0.152043,0.067252,0.006867,0.029948,0.000033,0.42154,0.27494,0.034914,0.01243
AACTTGCCCGTATGCA-1,0.000025,0.075488,0.000025,0.012242,0.270541,0.000918,0.132382,0.330619,0.004014,0.173747
AACTTGCGTTCTCGCG-1,0.00003,0.00003,0.00003,0.002097,0.049582,0.004309,0.496447,0.362452,0.084993,0.00003
AACTTTACGGGAGCTT-1,0.00003,0.058498,0.00003,0.00003,0.407062,0.00003,0.425537,0.02643,0.030561,0.051793
AACTTTAGCTGCTGAG-1,0.000067,0.027019,0.000067,0.026982,0.480356,0.003908,0.174427,0.221091,0.066014,0.000067
AACTTTCTCGATCATG-1,0.00003,0.00003,0.004402,0.053717,0.173627,0.046455,0.167878,0.0305,0.523332,0.00003
AAGAAAGTTTGATGGG-1,0.000028,0.000028,0.000028,0.000028,0.000028,0.000028,0.000028,0.000028,0.226721,0.773055
AAGAAATCACCAGATT-1,0.000017,0.027058,0.086451,0.011387,0.019934,0.043999,0.163827,0.215158,0.343613,0.088556
AAGAAGGATCAGTTAG-1,0.000028,0.046259,0.028852,0.00954,0.11096,0.008415,0.499671,0.201861,0.094385,0.000028
AAGACATACGTGGTTT-1,0.000018,0.000018,0.965455,0.013044,0.000018,0.000018,0.000018,0.000018,0.008787,0.012602
AAGACCAAATAACTCA-1,0.000019,0.012604,0.019715,0.000019,0.052698,0.000019,0.169614,0.112412,0.497875,0.135026
AAGACCCAACTGAACA-1,0.000038,0.066166,0.486191,0.344716,0.030792,0.018078,0.000038,0.030489,0.017485,0.006008
AAGACTAACCCGTTGT-1,0.000052,0.000052,0.000052,0.000052,0.212427,0.427675,0.074345,0.244407,0.000052,0.040886
AAGACTCACGCCCACT-1,0.000039,0.034638,0.025035,0.005281,0.113063,0.417168,0.003212,0.247514,0.15401,0.000039
AAGACTGCAAGCTACT-1,0.00006,0.182306,0.200964,0.435809,0.172491,0.002764,0.005425,0.00006,0.00006,0.00006
AAGAGATGAATCGGTA-1,0.000023,0.055198,0.000023,0.000023,0.054266,0.000023,0.459542,0.277895,0.131922,0.021086
AAGAGCTCTTTATCGG-1,0.000094,0.037519,0.000094,0.639801,0.12219,0.199923,0.000094,0.000094,0.000094,0.000094
AAGAGGATGTACGCGA-1,0.000033,0.018098,0.000033,0.000033,0.400929,0.038152,0.05889,0.303961,0.024711,0.15516
AAGAGGCATGGATCGC-1,0.000072,0.022859,0.498071,0.00022,0.000072,0.069858,0.000072,0.000072,0.000072,0.408631
AAGAGGCCCTTTGGAA-1,0.000029,0.000029,0.743119,0.22231,0.000029,0.000029,0.000029,0.000029,0.000029,0.034366
AAGATGGCACCGGACC-1,0.000041,0.081373,0.705934,0.072533,0.125024,0.005738,0.000041,0.000041,0.000041,0.009234
AAGATTGGCGGAACGT-1,0.000019,0.109895,0.003532,0.006239,0.007852,0.148003,0.319513,0.262627,0.1318,0.010521
AAGCACCCTGCGTATC-1,0.000037,0.118785,0.763434,0.019021,0.000037,0.021836,0.000037,0.060766,0.000037,0.01601
AAGCATACTCTCCTGA-1,0.000025,0.098231,0.575223,0.153442,0.010624,0.023016,0.006098,0.039008,0.029583,0.064749
AAGCCACTTGCAGGTA-1,0.000061,0.014165,0.2001,0.095183,0.337084,0.073243,0.000061,0.000061,0.096571,0.183469
AAGCCGAAGCGGTTTA-1,0.000026,0.000026,0.622296,0.233384,0.000026,0.125439,0.000026,0.000026,0.000026,0.018722
AAGCCGCCGTGAAATC-1,0.000023,0.001357,0.000023,0.000023,0.192739,0.000023,0.292865,0.12491,0.163476,0.22456
AAGCCGCTTTACCTTG-1,0.000011,0.000011,0.000011,0.001587,0.000011,0.000011,0.369912,0.34463,0.180933,0.102881
AAGCCGGAGAGCAGGA-1,0.000043,0.000043,0.61263,0.101079,0.000043,0.172423,0.000043,0.000043,0.000043,0.113606
AAGCGCAGGGCTTTGA-1,0.000045,0.025676,0.827542,0.146464,0.000045,0.000045,0.000045,0.000045,0.000045,0.000045
AAGCGGAGTGCGCGCA-1,0.000044,0.000044,0.000044,0.050992,0.551317,0.008466,0.063639,0.000044,0.325368,0.000044
AAGCGGCGTCATGGGT-1,0.000098,0.000098,0.000098,0.000098,0.344643,0.289707,0.000098,0.000098,0.364963,0.000098
AAGCGTCCCTCATCGA-1,0.000092,0.000092,0.000092,0.333926,0.362882,0.202439,0.000092,0.000092,0.000092,0.100201
AAGCTAGATCGAGTAA-1,0.000048,0.026506,0.633932,0.268784,0.008439,0.000048,0.000048,0.000048,0.000048,0.0621
AAGCTATGGATTGACC-1,0.000022,0.035157,0.00986,0.000163,0.015768,0.016784,0.053336,0.159922,0.677019,0.03197
AAGCTCGTGCCAAGTC-1,0.000045,0.027976,0.165525,0.148402,0.57722,0.000045,0.000045,0.080651,0.000045,0.000045
AAGCTCTTTCATGGTG-1,0.000079,0.000079,0.39427,0.556769,0.031707,0.000079,0.016781,0.000079,0.000079,0.000079
AAGGAGAACTTATAAG-1,0.000047,0.000047,0.000047,0.007846,0.451096,0.009302,0.130981,0.200644,0.199944,0.000047
AAGGAGCGGTTGGTGC-1,0.000049,0.163015,0.000049,0.037168,0.344134,0.15222,0.126343,0.141228,0.002586,0.033208
AAGGATCGATCGCTTG-1,0.00002,0.000736,0.551344,0.00002,0.00002,0.0013,0.00002,0.002412,0.00002,0.444109
AAGGATGAGGGACCTC-1,0.000044,0.259372,0.146989,0.027471,0.396467,0.096102,0.000434,0.003053,0.064802,0.005266
AAGGCAGGCTGTCTCC-1,0.000025,0.00549,0.791002,0.147207,0.005867,0.00692,0.000025,0.000025,0.043413,0.000025
AAGGCGCGTAAAGCTT-1,0.000017,0.094645,0.000017,0.000017,0.113781,0.018727,0.149519,0.557244,0.053221,0.012809
AAGGCTGTGCTCATCG-1,0.000047,0.332939,0.000047,0.142122,0.393264,0.045317,0.07609,0.010079,0.000047,0.000047
AAGGGAACGACTGGCT-1,0.000027,0.194211,0.207986,0.000072,0.325774,0.035681,0.080088,0.017165,0.112975,0.026021
AAGGGACAGATTCTGT-1,0.000027,0.043829,0.000027,0.005509,0.211652,0.191938,0.054289,0.265682,0.146386,0.080661
AAGGGACTATGCATTC-1,0.000052,0.004852,0.000052,0.051577,0.617416,0.039392,0.097471,0.005059,0.151771,0.032357
AAGGGTTTGATTTCAG-1,0.000029,0.000029,0.000029,0.000029,0.000029,0.000029,0.144745,0.264,0.552199,0.038881
AAGGTATCCTAATATA-1,0.00005,0.087446,0.00005,0.072495,0.576304,0.064516,0.111009,0.080493,0.007586,0.00005
AAGGTGATAAACCAGC-1,0.000025,0.113348,0.522305,0.058125,0.000025,0.000025,0.107437,0.099731,0.069612,0.029369
AAGTAAGCTTCCAAAC-1,0.000037,0.034758,0.038848,0.000037,0.019074,0.782791,0.018789,0.105594,0.000037,0.000037
AAGTAGAAGACCGGGT-1,0.000027,0.07537,0.000027,0.000027,0.155227,0.131135,0.373946,0.202836,0.002171,0.059233
AAGTAGTGACGCGAGG-1,0.000039,0.112666,0.00004,0.037512,0.485818,0.12655,0.154698,0.073808,0.00883,0.00004
AAGTCAATTGTCGTCA-1,0.000032,0.169104,0.743422,0.084547,0.002707,0.000033,0.000058,0.000033,0.000033,0.000033
AAGTCTAGTAGCTGCC-1,0.000014,0.049959,0.043984,0.000571,0.000014,0.017635,0.284264,0.206495,0.395741,0.001322
AAGTCTTCTGTGGCCT-1,0.000016,0.000016,0.000016,0.000016,0.024904,0.000016,0.525776,0.220686,0.176936,0.051615
AAGTGACGACCGAATT-1,0.000025,0.049661,0.000025,0.018487,0.241427,0.025872,0.135841,0.122146,0.027965,0.378553
AAGTGAGTCGGGTTTA-1,0.00005,0.436505,0.162753,0.184506,0.00005,0.00005,0.00005,0.007592,0.208396,0.00005
AAGTGCAAAGGTAGAC-1,0.000023,0.000825,0.000023,0.000023,0.277312,0.060204,0.491014,0.100065,0.019465,0.051046
AAGTGCCTTGACTGTA-1,0.000022,0.03682,0.264445,0.088492,0.000022,0.000022,0.000615,0.152629,0.065938,0.390993
AAGTGCGTTAGAATCT-1,0.000017,0.093837,0.000017,0.000017,0.046637,0.018576,0.27122,0.379551,0.056746,0.133381
AAGTGCTTCTCTATTG-1,0.00002,0.02346,0.155474,0.024195,0.00002,0.00002,0.011366,0.305719,0.058065,0.42166
AAGTGTTTGGAGACGG-1,0.000056,0.022466,0.1357,0.83279,0.001234,0.007529,0.000056,0.000056,0.000056,0.000056
AAGTTCACTCCAAGCT-1,0.000043,0.034601,0.805193,0.132549,0.000043,0.027398,0.000043,0.000043,0.000043,0.000043
AAGTTCAGTCTGCGTA-1,0.000038,0.000038,0.000038,0.000038,0.610914,0.038817,0.069621,0.050353,0.230106,0.000038
AAGTTCGGCCAACAGG-1,0.000035,0.094761,0.000035,0.053761,0.385978,0.043831,0.006244,0.048026,0.00938,0.357949
AAGTTGTGATGTTATA-1,0.00007,0.00007,0.01117,0.878057,0.049504,0.00007,0.00007,0.00007,0.06085,0.00007
AAGTTTACTAATGGCA-1,0.000064,0.000064,0.000064,0.000064,0.207681,0.385558,0.20299,0.091447,0.112003,0.000064
AAGTTTATGGGCCCAA-1,0.000053,0.160649,0.439695,0.399288,0.000053,0.000053,0.000053,0.000053,0.000053,0.000053
AATAACAACGCTCGGC-1,0.000016,0.089578,0.000016,0.000016,0.36672,0.000016,0.155268,0.27911,0.099929,0.009331
AATAACACTAGAACAA-1,0.00005,0.005024,0.00005,0.376001,0.205177,0.366963,0.009339,0.000065,0.00005,0.03728
AATAAGTCCTCGAGAC-1,0.000038,0.000038,0.000038,0.000038,0.224188,0.016072,0.109136,0.437395,0.131855,0.081202
AATAATCTTCGTATCG-1,0.000033,0.000033,0.69205,0.17793,0.000033,0.129793,0.000033,0.000033,0.000033,0.000033
AATACAATGTTTCAGG-1,0.000023,0.030351,0.010122,0.0231,0.051418,0.004366,0.465436,0.291053,0.004088,0.120042
AATACCGGAGGGCTGT-1,0.000069,0.033294,0.000069,0.741989,0.06071,0.132019,0.031641,0.000069,0.000069,0.000069
AATAGAACAGAGTGGC-1,0.000039,0.076961,0.583805,0.181466,0.010051,0.147521,0.000039,0.000039,0.000039,0.000039
AATAGAATCTGTTTCA-1,0.000033,0.163598,0.630637,0.195058,0.000033,0.006242,0.000033,0.004299,0.000033,0.000033
AATAGCAAGCCTCCTG-1,0.000018,0.000018,0.031783,0.000018,0.000018,0.020159,0.005035,0.454009,0.411953,0.076989
AATAGCTACCGCGTGC-1,0.000021,0.052045,0.002508,0.000864,0.114675,0.002079,0.0895,0.265889,0.412757,0.059662
AATAGTCCGTCCCGAC-1,0.000037,0.175764,0.7886,0.035374,0.000037,0.000037,0.000037,0.000037,0.000037,0.000037
AATAGTCGCGAGTCGG-1,0.000011,0.000011,0.000011,0.000011,0.000011,0.000011,0.66827,0.233546,0.000011,0.098104
AATATCAAGGTCGGAT-1,0.000025,0.012542,0.000025,0.000025,0.026664,0.000025,0.388656,0.547683,0.02433,0.000025
AATATCCTAGCAAACT-1,0.000041,0.000041,0.000041,0.004454,0.193385,0.073711,0.244556,0.049675,0.417384,0.016713
AATATCGAATCAATGC-1,0.000026,0.000026,0.749626,0.239625,0.000026,0.010565,0.000026,0.000026,0.000026,0.000026
AATATCGAGGGTTCTC-1,0.000053,0.031283,0.116926,0.008787,0.161588,0.095537,0.182078,0.148002,0.193489,0.062256
AATATTGGAGTATTGA-1,0.000034,0.082085,0.000034,0.000034,0.202899,0.000034,0.48367,0.106687,0.123942,0.000579
AATCAGACTGCAGGAC-1,0.000041,0.000041,0.000041,0.000041,0.263983,0.001737,0.040672,0.655821,0.037583,0.000041
AATCAGGTTTCATTTA-1,0.000045,0.178364,0.505103,0.035866,0.001851,0.253805,0.000045,0.000045,0.003845,0.021032
AATCATGTAAAGACTC-1,0.000044,0.000044,0.426197,0.57345,0.000044,0.000044,0.000044,0.000044,0.000044,0.000044
AATCCAAGGGCCTGAG-1,0.000028,0.092216,0.000028,0.000028,0.284419,0.005805,0.402773,0.20299,0.011435,0.000279
AATCCATGCAAGGGTG-1,0.00003,0.070125,0.00003,0.00003,0.16433,0.00046,0.266644,0.430621,0.067699,0.00003
AATCGCCTCAGCGCCA-1,0.000038,0.078027,0.488649,0.181611,0.000038,0.163821,0.000038,0.031352,0.000038,0.056388
AATCGCGCAGAGGACT-1,0.000029,0.01749,0.684661,0.212157,0.016999,0.00091,0.000029,0.000029,0.067667,0.000029
AATCGGGACACTACGA-1,0.000048,0.000048,0.000048,0.000048,0.256648,0.000048,0.655748,0.005453,0.081863,0.000048
AATCGGTATAGCCCTC-1,0.000042,0.000042,0.474353,0.513482,0.000042,0.01187,0.000042,0.000042,0.000042,0.000042
AATCGTGAGCCGAGCA-1,0.000043,0.000043,0.630567,0.361593,0.000043,0.007538,0.000043,0.000043,0.000043,0.000043
AATCTAGGTTTACTTG-1,0.000055,0.000055,0.000055,0.000055,0.550149,0.052212,0.226448,0.000918,0.169997,0.000055
AATCTATGCCGGAGCC-1,0.000035,0.045068,0.208615,0.007063,0.220433,0.228057,0.006813,0.001123,0.282757,0.000035
AATCTCTACTGTGGTT-1,0.000019,0.005639,0.000019,0.000019,0.108373,0.000019,0.454554,0.291635,0.091111,0.048611
AATCTGCGTTGGGACG-1,0.000022,0.255454,0.238722,0.02552,0.022823,0.003981,0.022359,0.343479,0.072186,0.015454
AATCTGGCTTTCTAGT-1,0.000038,0.000038,0.000038,0.000038,0.369416,0.000038,0.199502,0.097637,0.214293,0.118961
AATCTGGGTAGACCCT-1,0.000041,0.000041,0.017774,0.000041,0.124186,0.158479,0.022437,0.208581,0.365371,0.103047
AATGACAGCAATGTCT-1,0.000023,0.023656,0.000023,0.009196,0.106421,0.000023,0.142023,0.451472,0.060813,0.206348
AATGACGTAGGATGTC-1,0.000024,0.085632,0.317148,0.109082,0.000024,0.128419,0.006856,0.040512,0.000024,0.312278
AATGACTGTCAGCCGG-1,0.000039,0.000039,0.000039,0.002303,0.763874,0.000039,0.026675,0.198428,0.008527,0.000039
AATGAGTTCGCATATG-1,0.000021,0.000021,0.000021,0.000021,0.000021,0.000021,0.868364,0.097351,0.014459,0.0197
AATGATGATACGCTAT-1,0.000048,0.115952,0.000048,0.013025,0.189764,0.32872,0.069662,0.158409,0.107989,0.016382
AATGATGCGACTCCTG-1,0.00006,0.209215,0.463022,0.00006,0.218078,0.00006,0.004742,0.00863,0.009673,0.086461
AATGCAACCGGGTACC-1,0.000021,0.195613,0.015691,0.000907,0.023137,0.203159,0.045134,0.227256,0.000021,0.289061
AATGCACCAAGCAATG-1,0.000014,0.047492,0.003932,0.000014,0.000014,0.000014,0.291639,0.412987,0.041248,0.202646
AATGGCCGCCAATGCG-1,0.000027,0.029171,0.030511,0.000027,0.062437,0.262442,0.000124,0.292739,0.296789,0.025733
AATGGTCCACCGTTCA-1,0.000014,0.00815,0.000014,0.000014,0.015599,0.000014,0.544004,0.153994,0.000028,0.27817
AATGGTTCTCACAAGC-1,0.00002,0.00002,0.00002,0.012182,0.032531,0.031627,0.652726,0.203751,0.066151,0.000972
AATGTATGGCACTGTA-1,0.000048,0.06192,0.009567,0.005851,0.398251,0.000048,0.099709,0.000051,0.405004,0.019552
AATGTGCCCGAGGTGT-1,0.000016,0.1687,0.11134,0.000016,0.000136,0.018245,0.013964,0.340972,0.000018,0.346594
AATGTGCTAATCTGAG-1,0.00007,0.00007,0.00007,0.189544,0.763205,0.00007,0.017476,0.00007,0.029356,0.00007
AATGTTGTCGTGAGAC-1,0.000029,0.031746,0.771006,0.191177,0.000106,0.000029,0.000029,0.000029,0.005819,0.000029
AATTAAAGGTCGGCGT-1,0.00005,0.426,0.025619,0.337842,0.00005,0.064576,0.032241,0.081942,0.013979,0.0177
AATTAACGGATTTCCA-1,0.000037,0.221602,0.432586,0.064172,0.000037,0.000037,0.000596,0.116635,0.039543,0.124754
AATTACGAGACCCATC-1,0.000029,0.000029,0.000029,0.000029,0.0131,0.034109,0.511468,0.068409,0.372767,0.000029
AATTAGCGCTGCAGCG-1,0.000042,0.230128,0.456032,0.144981,0.000049,0.026373,0.000042,0.021156,0.02581,0.095389
AATTCATAAGGGATCT-1,0.000021,0.19226,0.000021,0.000021,0.016891,0.000246,0.145571,0.370829,0.196693,0.077447
AATTCATTGTCATGCA-1,0.00003,0.00003,0.00003,0.00003,0.011193,0.121292,0.408533,0.05062,0.399941,0.0083
AATTCCAAGCATGTAC-1,0.00008,0.070096,0.291594,0.637188,0.000639,0.00008,0.00008,0.00008,0.00008,0.00008
AATTCGATTCGAGGAT-1,0.000054,0.077665,0.588444,0.237127,0.096443,0.000054,0.000054,0.000054,0.000054,0.000054
AATTCTAGAGTTAGGC-1,0.000056,0.196563,0.717943,0.085104,0.000056,0.000056,0.000056,0.000056,0.000056,0.000056
AATTGAACGCTCTGGT-1,0.000038,0.009031,0.872228,0.015008,0.000038,0.06384,0.000038,0.000038,0.000038,0.039705
AATTGCAGCAATCGAC-1,0.000048,0.000048,0.196058,0.598484,0.000048,0.000048,0.000048,0.000048,0.20512,0.000048
AATTGCGTGGATTACA-1,0.000031,0.000031,0.000031,0.000031,0.000031,0.000031,0.335034,0.033469,0.54931,0.082002
AATTGTGGTTGCCAAA-1,0.000024,0.000039,0.75585,0.228635,0.000024,0.000024,0.000024,0.000024,0.01533,0.000024
AATTTGGGACATAGTA-1,0.00004,0.00004,0.00004,0.00004,0.33199,0.038419,0.40029,0.061381,0.14549,0.022271
AATTTGGTTCCAAAGA-1,0.00003,0.138268,0.08008,0.007024,0.065509,0.075296,0.272974,0.203904,0.064159,0.092756
ACAAACCATGCGTCCT-1,0.000019,0.03005,0.000019,0.000019,0.261293,0.000019,0.142996,0.065257,0.418108,0.08222
ACAAACCGACAAGGCG-1,0.000065,0.000066,0.000066,0.000066,0.271776,0.7277,0.000066,0.000066,0.000066,0.000066
ACAAAGAAGGTAGGCC-1,0.000034,0.000034,0.000034,0.004666,0.432109,0.030385,0.157546,0.00332,0.371838,0.000034
ACAAAGCATGACCTAG-1,0.000025,0.020182,0.802978,0.164406,0.000025,0.000025,0.000025,0.000064,0.012246,0.000025
ACAAATCGCACCGAAT-1,0.000042,0.002855,0.422855,0.469415,0.029826,0.069541,0.000042,0.000042,0.000042,0.005342
ACAAATGGTAGTGTTT-1,0.000064,0.000064,0.164217,0.774431,0.0609,0.000064,0.000064,0.000064,0.000064,0.000064
ACAAATTCAGATCTGA-1,0.000048,0.000048,0.066349,0.000048,0.000048,0.23095,0.046749,0.184167,0.40781,0.063783
ACAACAGCATGAGCTA-1,0.000058,0.062565,0.000618,0.470813,0.238407,0.227308,0.000058,0.000058,0.000058,0.000058
ACAACGGTCCCTGCGA-1,0.000021,0.019812,0.000021,0.002018,0.264307,0.000021,0.420061,0.200621,0.002697,0.09042
ACAAGCAGTGCCTAGC-1,0.000015,0.014778,0.000015,0.000015,0.013866,0.000015,0.668746,0.261545,0.037205,0.003802
ACAAGCTATATGGAAG-1,0.000051,0.031695,0.000051,0.012478,0.753808,0.021637,0.150312,0.000051,0.029865,0.000051
ACAAGGAAATCCGCCC-1,0.000037,0.09364,0.610537,0.285931,0.009671,0.000037,0.000037,0.000037,0.000037,0.000037
ACAAGGACAAGAGGTT-1,0.000016,0.234561,0.000016,0.000016,0.063183,0.002082,0.191862,0.390282,0.029148,0.088834
ACAAGGATGCTTTAGG-1,0.000037,0.132745,0.758693,0.099611,0.008728,0.000037,0.000037,0.000037,0.000037,0.000037
ACAAGGCCTACCAGCC-1,0.000024,0.000024,0.000024,0.000024,0.003179,0.029083,0.036469,0.49991,0.423551,0.00771
ACAAGGGCAGGCTCTG-1,0.00003,0.226205,0.632127,0.040873,0.00003,0.00003,0.020941,0.032646,0.006652,0.040466
ACAATAGTCGTACGTT-1,0.000035,0.210679,0.11567,0.000035,0.323779,0.010698,0.142943,0.006086,0.018663,0.171413
ACAATCCATTTAAACC-1,0.000013,0.169509,0.003796,0.001723,0.138899,0.018195,0.066545,0.253551,0.042026,0.305743
ACAATCGATCTTTATA-1,0.00005,0.00005,0.00005,0.00005,0.210265,0.165989,0.000124,0.37558,0.223976,0.023864
ACAATGAATACGGAGA-1,0.000069,0.000069,0.175016,0.093262,0.000069,0.285636,0.000069,0.000069,0.000069,0.445672
ACAATGATTCTTCTAC-1,0.000035,0.034949,0.021706,0.00356,0.169433,0.088556,0.042106,0.046245,0.593374,0.000035
ACAATTGTGTCTCTTT-1,0.000032,0.103462,0.503035,0.167166,0.007163,0.000033,0.000033,0.000033,0.065285,0.153759
ACAATTTAGGAGGCTC-1,0.000021,0.000021,0.000021,0.000021,0.208775,0.050865,0.458215,0.125288,0.053014,0.103757
ACAATTTGAGCAGTGG-1,0.000051,0.155948,0.000052,0.245157,0.529119,0.013031,0.005654,0.009636,0.022567,0.018786
ACAATTTGGCCATATT-1,0.000059,0.000059,0.22143,0.733117,0.000059,0.000059,0.000059,0.000059,0.045039,0.000059
ACACAAAGACGGGTGG-1,0.000029,0.235018,0.076198,0.074175,0.379188,0.154271,0.067061,0.009678,0.004353,0.000029
ACACAAATATTCCTAG-1,0.000026,0.000026,0.040158,0.007549,0.17222,0.056821,0.112839,0.126266,0.432684,0.05141
ACACACCAGGACCAGT-1,0.000041,0.000041,0.50405,0.319571,0.000041,0.170836,0.000041,0.000041,0.000041,0.0053
ACACACTTTCTACACG-1,0.000022,0.086563,0.046506,0.000023,0.022157,0.000023,0.313649,0.400468,0.035618,0.094972
ACACATGATCAAATCT-1,0.000033,0.059528,0.036916,0.000033,0.379469,0.078459,0.167687,0.032194,0.234303,0.011377
ACACATTTCCGTAGAC-1,0.000029,0.000029,0.972666,0.000029,0.000029,0.000029,0.000029,0.000029,0.000029,0.027104
ACACCACATAATTAGC-1,0.000039,0.000039,0.000039,0.281689,0.230411,0.24024,0.000039,0.000039,0.247423,0.000039
ACACCCAGCATGCAGC-1,0.000022,0.024399,0.000022,0.000652,0.094998,0.091909,0.085255,0.392923,0.000022,0.309798
ACACCCGAGAAATCCG-1,0.000017,0.13197,0.006706,0.000017,0.180393,0.019254,0.181448,0.213089,0.009712,0.257394
ACACCCGTAAATCTGT-1,0.000052,0.024482,0.086772,0.007785,0.007896,0.74248,0.052989,0.03899,0.007383,0.03117
ACACCGAGCGCTCTTT-1,0.000019,0.000019,0.000019,0.000019,0.011222,0.039887,0.275525,0.631078,0.042192,0.000019
ACACCGGTCTGACCGC-1,0.000032,0.006283,0.000032,0.002578,0.323621,0.066476,0.227556,0.059222,0.109953,0.204248
ACACCTTAAGTAGGGC-1,0.000046,0.036078,0.000046,0.015592,0.488364,0.003403,0.134813,0.264081,0.000046,0.05753
ACACCTTACTACTTGC-1,0.000024,0.005296,0.947773,0.023192,0.000024,0.000024,0.000024,0.000024,0.023593,0.000024
ACACGAGACTCCTTCT-1,0.000044,0.279177,0.063045,0.365376,0.113487,0.140569,0.001215,0.028735,0.008308,0.000044
ACACGGCACTATGCAT-1,0.000052,0.000052,0.000052,0.000052,0.278295,0.141224,0.238122,0.260984,0.08018,0.000989
ACACGGGAACTTAGGG-1,0.000031,0.08961,0.044383,0.2461,0.198201,0.176174,0.003793,0.006998,0.000031,0.234677
ACACGTAGGCCACAAG-1,0.000033,0.000033,0.468127,0.346995,0.000033,0.01679,0.000033,0.000033,0.156167,0.011755
ACACTCCAATGTCACT-1,0.000026,0.000026,0.040552,0.000026,0.000026,0.008199,0.669847,0.25029,0.024708,0.006299
ACACTGATCAAGGTGT-1,0.000029,0.455215,0.090577,0.065043,0.000029,0.004076,0.123329,0.097605,0.094098,0.069998
ACACTGGGACAGTCGT-1,0.000041,0.000041,0.51275,0.479714,0.000041,0.000041,0.000041,0.000041,0.00725,0.000041
ACAGAACTGAGAACAA-1,0.000035,0.000659,0.000035,0.047362,0.494698,0.081396,0.175597,0.051083,0.123477,0.025659
ACAGATTAGGTTAGTG-1,0.000022,0.003851,0.000022,0.000022,0.005761,0.000022,0.408652,0.550721,0.013474,0.017451
ACAGCATAGAGCCAGT-1,0.000017,0.000242,0.000017,0.000017,0.034621,0.000017,0.833239,0.090755,0.032092,0.008984
ACAGCGACATTCTCAT-1,0.000053,0.014944,0.42601,0.558672,0.000053,0.000053,0.000053,0.000053,0.000053,0.000053
ACAGCGCACCCGCAGC-1,0.000045,0.000045,0.000045,0.000045,0.256133,0.045997,0.308787,0.039359,0.349498,0.000045
ACAGGCACGGATCCTT-1,0.000025,0.042283,0.891995,0.022467,0.000025,0.000025,0.003723,0.000025,0.039409,0.000025
ACAGGCTTGCCCGACT-1,0.000036,0.035369,0.664241,0.300136,0.000036,0.000036,0.000036,0.000036,0.000036,0.000036
ACAGGTGGAGGTGAGG-1,0.00005,0.113156,0.013983,0.255771,0.126666,0.274265,0.006518,0.035637,0.007734,0.166219
ACAGGTGTGTTGTTGC-1,0.000013,0.000013,0.000013,0.000013,0.000013,0.000013,0.484315,0.178106,0.003869,0.333631
ACAGTAATACAACTTG-1,0.000022,0.043591,0.000022,0.000022,0.242962,0.000765,0.410949,0.074179,0.224054,0.003434
ACAGTATACCGTGGGA-1,0.000039,0.000039,0.000039,0.000039,0.686612,0.026918,0.040195,0.000039,0.229304,0.016774
ACATAAGTCGTGGTGA-1,0.000026,0.021647,0.063975,0.000026,0.23521,0.02434,0.278648,0.018151,0.305612,0.052364
ACATAATAAGGCGGTG-1,0.000022,0.009119,0.000022,0.000022,0.171191,0.002412,0.303646,0.426095,0.077422,0.010047
ACATACAATCAAGCGG-1,0.000024,0.089337,0.594439,0.121608,0.095158,0.018656,0.001392,0.000024,0.058344,0.021019
ACATCAGCTGGGACGC-1,0.000023,0.024403,0.000023,0.001476,0.13589,0.137142,0.58652,0.066147,0.039014,0.009362
ACATCCCGGCCATACG-1,0.000035,0.071537,0.822191,0.10603,0.000035,0.000035,0.000035,0.000035,0.000035,0.000035
ACATCCTGGTAACTGT-1,0.000038,0.102511,0.446118,0.217672,0.000038,0.000038,0.000038,0.046781,0.134558,0.052206
ACATCGATCGTTTACC-1,0.000062,0.035037,0.372377,0.271397,0.000062,0.250816,0.000062,0.000062,0.000062,0.070065
ACATCGGTCAGCCGCG-1,0.000052,0.424974,0.131546,0.141498,0.190138,0.111583,0.000052,0.000052,0.000052,0.000052
ACATCGTATGCAATGG-1,0.000026,0.000026,0.722176,0.010836,0.000026,0.213758,0.000026,0.000026,0.000026,0.053072
ACATCGTTAACCTAGT-1,0.000078,0.117248,0.113562,0.000078,0.441522,0.027734,0.127627,0.052644,0.119428,0.000078
ACATCTCAACGCGTAA-1,0.000019,0.000019,0.000019,0.000019,0.000833,0.071809,0.048097,0.723136,0.146201,0.009848
ACATGCTTACGGCAGC-1,0.000043,0.000043,0.048252,0.008941,0.138182,0.012682,0.000043,0.000043,0.260663,0.531108
ACATGGCGCCAAAGTA-1,0.00004,0.061048,0.423363,0.460025,0.030444,0.001645,0.00004,0.00004,0.023314,0.00004
ACATTAGTTTATATCC-1,0.00005,0.137498,0.655179,0.143857,0.00005,0.063164,0.00005,0.00005,0.00005,0.00005
ACATTCGCGCGGAATA-1,0.000046,0.168399,0.000046,0.003202,0.242218,0.000046,0.077804,0.000046,0.37233,0.135864
ACATTTGAAACCTAAC-1,0.000024,0.008646,0.93743,0.023017,0.000024,0.000024,0.000024,0.000024,0.030762,0.000024
ACCAAACACCCAGCGA-1,0.000015,0.036525,0.118118,0.000015,0.136068,0.018596,0.191286,0.14006,0.172366,0.186951
ACCAAACTAGAAATCC-1,0.000035,0.000035,0.000035,0.000035,0.217437,0.148147,0.134124,0.359248,0.041198,0.099706
ACCAACACCACACACT-1,0.000027,0.106158,0.129749,0.000937,0.242194,0.10149,0.162891,0.01703,0.208447,0.031077
ACCAACCGCACTCCAC-1,0.000019,0.000019,0.965491,0.000019,0.000019,0.000019,0.000019,0.000019,0.000019,0.034358
ACCAACGCTTATTTAT-1,0.000061,0.000061,0.417167,0.344683,0.030782,0.147108,0.000061,0.000061,0.011343,0.048674
ACCAAGAACGCGTGTC-1,0.000012,0.238334,0.006238,0.000012,0.022782,0.014688,0.249192,0.458435,0.000529,0.009776
ACCAAGTCATCGGCAG-1,0.000033,0.000033,0.826136,0.173603,0.000033,0.000033,0.000033,0.000033,0.000033,0.000033
ACCAATATGCAAGTTA-1,0.00003,0.287602,0.436027,0.068455,0.00003,0.00003,0.001613,0.090413,0.097963,0.017838
ACCACAACTCAGAACA-1,0.00002,0.006171,0.003551,0.00002,0.00002,0.00002,0.178296,0.454556,0.357327,0.00002
ACCACAAGTTTCTATC-1,0.000029,0.194433,0.226695,0.089297,0.024456,0.199459,0.027053,0.052367,0.000029,0.186181
ACCACCAATGTAACAA-1,0.000026,0.000026,0.80247,0.027638,0.000026,0.079478,0.000026,0.000026,0.000026,0.090257
ACCACCCTCTCTTCTA-1,0.000016,0.013632,0.010546,0.009242,0.004174,0.027978,0.08947,0.248063,0.540216,0.056665
ACCACGTGCAGCTATA-1,0.000037,0.085796,0.658827,0.121977,0.006561,0.061432,0.000037,0.008396,0.000037,0.056899
ACCAGACCATAACAAC-1,0.000019,0.009319,0.000019,0.000019,0.302364,0.007967,0.41415,0.123124,0.14235,0.000669
ACCAGCCCGGTCTTTG-1,0.000024,0.000024,0.000024,0.000024,0.016354,0.000024,0.131649,0.718209,0.098193,0.035473
