Barcode,Topic 1to8,Topic 9,Topic 10
AAACAACGAATAGTTC-1,0.999952,0.000024,0.000024
AAACAAGTATCTCCCA-1,0.901681,0.022933,0.075386
AAACAATCTACTAGCA-1,0.904115,0.01057,0.085315
AAACACCAATAACTGC-1,0.737793,0.079318,0.182889
AAACAGAGCGACTCCT-1,0.999948,0.000026,0.000026
AAACAGCTTTCAGAAG-1,0.429862,0.512344,0.057794
AAACAGGGTCTATATT-1,0.571555,0.397353,0.031093
AAACAGTGTTCCTGGG-1,0.855798,0.000046,0.144156
AAACATGGTGAGAGGA-1,0.038667,0.795304,0.16603
AAACATTTCCCGGATT-1,0.981788,0.0182,0.000012
AAACCACTACACAGAT-1,0.897087,0.053633,0.04928
AAACCCGAACGAAATC-1,0.718613,0.281362,0.000025
AAACCGGAAATGTTAA-1,0.551522,0.448451,0.000027
AAACCGGGTAGGTACC-1,0.864117,0.000078,0.135805
AAACCGTTCGTCCAGG-1,0.927505,0.038447,0.034047
AAACCTAAGCAGCCGG-1,0.969032,0.004515,0.026453
AAACCTCATGAAGTTG-1,0.830343,0.077478,0.092179
AAACGAAGATGGAGTA-1,0.305092,0.69487,0.000038
AAACGACAGTCTTGCC-1,0.904332,0.057331,0.038338
AAACGAGACGGTTGAT-1,0.985176,0.014788,0.000036
AAACGCCCGAGATCGG-1,0.994397,0.005574,0.00003
AAACGCTGGGCACGAC-1,0.059045,0.359657,0.581298
AAACGGGCGTACGGGT-1,0.791395,0.001618,0.206987
AAACGGGTTGGTATCC-1,0.807607,0.000992,0.191401
AAACGGTTGCGAACTG-1,0.934919,0.037346,0.027736
AAACGTGTTCGCCCTA-1,0.948805,0.051174,0.000021
AAACTAACGTGGCGAC-1,0.991068,0.008913,0.000019
AAACTCGGTTCGCAAT-1,0.976822,0.001928,0.021251
AAACTCGTGATATAAG-1,0.982147,0.017813,0.000041
AAACTGCTGGCTCCAA-1,0.703888,0.114799,0.181314
AAACTTAATTGCACGC-1,0.602359,0.397609,0.000033
AAACTTGCAAACGTAT-1,0.871562,0.091185,0.037254
AAAGAATGACCTTAGA-1,0.025172,0.87176,0.103069
AAAGAATGTGGACTAA-1,0.769577,0.000005,0.230418
AAAGACATGAAGTTTA-1,0.941579,0.011151,0.047269
AAAGACCCAAGTCGCG-1,0.999917,0.000042,0.000042
AAAGACTGGGCGCTTT-1,0.735207,0.000169,0.264624
AAAGCTTGCCTACATA-1,0.866522,0.133461,0.000017
AAAGGCCCTATAATAC-1,0.816336,0.03134,0.152324
AAAGGCTACGGACCAT-1,0.977984,0.000029,0.021988
AAAGGCTCTCGCGCCG-1,0.908321,0.000058,0.091621
AAAGGGATGTAGCAAG-1,0.986103,0.000036,0.013861
AAAGGGCAGCTTGAAT-1,0.92584,0.074061,0.000099
AAAGGTAAGCTGTACC-1,0.949644,0.050326,0.00003
AAAGGTCAACGACATG-1,0.947535,0.04267,0.009796
AAAGTAGCATTGCTCA-1,0.973423,0.026524,0.000053
AAAGTCACTGATGTAA-1,0.951994,0.000032,0.047974
AAAGTCGACCCTCAGT-1,0.699478,0.300465,0.000057
AAAGTGCCATCAATTA-1,0.000224,0.594032,0.405744
AAAGTGTGATTTATCT-1,0.853823,0.052634,0.093543
AAAGTTGACTCCCGTA-1,0.927991,0.000023,0.071986
AAATAACCATACGGGA-1,0.920961,0.000031,0.079008
AAATAAGGTAGTGCCC-1,0.603321,0.143547,0.253133
AAATACCTATAAGCAT-1,0.803862,0.056198,0.139939
AAATAGCTTAGACTTT-1,0.970221,0.029756,0.000024
AAATAGGGTGCTATTG-1,0.962677,0.037256,0.000067
AAATCACTCCTAAACG-1,0.935947,0.049667,0.014386
AAATCCGATACACGCC-1,0.864962,0.060184,0.074854
AAATCGCGGAAGGAGT-1,0.083749,0.815939,0.100312
AAATCGTGTACCACAA-1,0.893992,0.00861,0.097398
AAATCTAGCCCTGCTA-1,0.904212,0.000016,0.095772
AAATCTGCCCGCGTCC-1,0.000471,0.468532,0.530997
AAATGACTGATCAAAC-1,0.974751,0.025169,0.00008
AAATGATTCGATCAGC-1,0.731208,0.077777,0.191016
AAATGCTCGTTACGTT-1,0.999848,0.000076,0.000076
AAATGGCCCGTGCCCT-1,0.638788,0.108832,0.25238
AAATGGTCAATGTGCC-1,0.983382,0.000099,0.016519
AAATGTATCTTATCCC-1,0.771412,0.055328,0.17326
AAATTAACGGGTAGCT-1,0.999868,0.000066,0.000066
AAATTAATAAGCGCGA-1,0.940021,0.059951,0.000028
AAATTACACGACTCTG-1,0.999896,0.000052,0.000052
AAATTACCTATCGATG-1,0.959983,0.036894,0.003123
AAATTCCAGGTCCAAA-1,0.735062,0.220003,0.044935
AAATTGATAGTCCTTT-1,0.900485,0.015306,0.084209
AAATTGCGGCGGTTCT-1,0.900692,0.061953,0.037355
AAATTGGTGAGAAGCA-1,0.906123,0.029753,0.064125
AAATTTACCGAAATCC-1,0.997157,0.002812,0.000031
AAATTTGCGGGTGTGG-1,0.999913,0.000044,0.000044
AACAACTGGTAGTTGC-1,0.879674,0.02411,0.096216
AACAATACATTGTCGA-1,0.880114,0.025585,0.094301
AACAATTACTCTACGC-1,0.778052,0.098297,0.123651
AACACACGCTCGCCGC-1,0.853306,0.014927,0.131767
AACACGAGACGCGGCC-1,0.998579,0.001399,0.000022
AACACGCGGCCGCGAA-1,0.742307,0.000099,0.257594
AACAGCTGTGTGGCAA-1,0.93225,0.000055,0.067695
AACAGGATGGGCCGCG-1,0.942029,0.057918,0.000054
AACAGGTAGTATGGAT-1,0.645918,0.354043,0.000039
AACATAGCGTGTATCG-1,0.866583,0.000029,0.133388
AACATATCAACTGGTG-1,0.973812,0.026159,0.000029
AACATCGATACGTCTA-1,0.958005,0.011088,0.030907
AACATTGAAGTTGATC-1,0.824181,0.114937,0.060882
AACATTGGTCAGCCGT-1,0.999926,0.000037,0.000037
AACATTGTGACTCGAG-1,0.870569,0.039704,0.089727
AACCAAGACTTCTCTG-1,0.940598,0.059353,0.000048
AACCAGTATCACTCTT-1,0.977997,0.021954,0.000049
AACCATAGGGTTGAAC-1,0.543176,0.352265,0.104559
AACCATGGGATCGCTA-1,0.999611,0.000195,0.000195
AACCCAGAGACGGAGA-1,0.810784,0.034573,0.154644
AACCCATCCCATGATC-1,0.849397,0.126672,0.02393
AACCCGACAACCCGTG-1,0.971191,0.016962,0.011847
AACCCGAGCAGAATCG-1,0.702713,0.216283,0.081004
AACCCGATAGGGCTTC-1,0.922933,0.076099,0.000968
AACCCGCTGTATTCCA-1,0.859049,0.140873,0.000078
AACCCTACTGTCAATA-1,0.997599,0.002377,0.000024
AACCCTGGTGGAACCA-1,0.881891,0.079672,0.038437
AACCGAGCTTGGTCAT-1,0.853415,0.146438,0.000148
AACCGCTAAGGGATGC-1,0.962145,0.037823,0.000031
AACCTAAAGCCGTCCG-1,0.997654,0.000019,0.002327
AACCTCGCTTTAGCCC-1,0.999605,0.000373,0.000021
AACCTGTCACGGAATT-1,0.763319,0.128672,0.108009
AACCTTTAAATACGGT-1,0.834358,0.057119,0.108523
AACCTTTACGACGTCT-1,0.990435,0.000012,0.009553
AACGAAAGTCGTCCCA-1,0.352122,0.626425,0.021452
AACGACCTCCTAGCCG-1,0.617864,0.096741,0.285395
AACGATAATGCCGTAG-1,0.958531,0.000025,0.041444
AACGATAGAAGGGCCG-1,0.999899,0.00005,0.00005
AACGATATGTCAACTG-1,0.969476,0.030466,0.000058
AACGCATGATCTGGGT-1,0.962156,0.000012,0.037832
AACGCGAACGGCAACA-1,0.999937,0.000032,0.000032
AACGCGACCTTGGGCG-1,0.846438,0.012491,0.14107
AACGCGGTCTCCAGCC-1,0.641877,0.240484,0.117639
AACGCTGTTGCTGAAA-1,0.903058,0.037565,0.059377
AACGGACGTACGTATA-1,0.93494,0.005147,0.059914
AACGGCCATCTCCGGT-1,0.90297,0.003921,0.093109
AACGTACTGTGGGTAC-1,0.999892,0.000054,0.000054
AACGTAGTCTACCCAT-1,0.911718,0.037212,0.051071
AACGTCAGACTAGTGG-1,0.999922,0.000039,0.000039
AACGTCATCCGGCTTG-1,0.999803,0.000098,0.000098
AACGTCGCTGCACTTC-1,0.709226,0.014788,0.275986
AACGTGATGAAGGACA-1,0.582445,0.033818,0.383737
AACGTGCGAAAGTCTC-1,0.999924,0.000038,0.000038
AACGTTATCAGCACCT-1,0.673734,0.039187,0.287079
AACGTTCTACCATTGT-1,0.708874,0.268986,0.02214
AACTACCCGTTTGTCA-1,0.741204,0.258761,0.000035
AACTAGCGTATCGCAC-1,0.954507,0.018576,0.026917
AACTAGGCTTGGGTGT-1,0.967185,0.032734,0.000081
AACTCAAGTTAATTGC-1,0.938573,0.025826,0.035601
AACTCCAGAGCGTGTT-1,0.982797,0.000022,0.017181
AACTCCTAATCCCATG-1,0.967086,0.000024,0.03289
AACTCGATAAACACGT-1,0.999969,0.000016,0.000016
AACTCGATGGCGCAGT-1,0.999927,0.000036,0.000036
AACTCTCAATAGAGCG-1,0.986868,0.006472,0.00666
AACTCTCAGTGTGCTC-1,0.724911,0.00007,0.275019
AACTGAGGTCAGCGTC-1,0.831876,0.051845,0.116279
AACTGAGTTATACTGA-1,0.109606,0.881499,0.008896
AACTGATATTAGGCCT-1,0.846878,0.050735,0.102387
AACTGGGTCCCGACGT-1,0.916156,0.064678,0.019166
AACTGGGTTCGAGCCG-1,0.970772,0.029179,0.000048
AACTGGTGTGGGCCTT-1,0.967974,0.000048,0.031978
AACTTCTGCGTCTATC-1,0.950381,0.000043,0.049576
AACTTGCCCGTATGCA-1,0.837823,0.048935,0.113242
AACTTGCGTTCTCGCG-1,0.967731,0.000055,0.032214
AACTTTACGGGAGCTT-1,0.879493,0.000055,0.120452
AACTTTAGCTGCTGAG-1,0.94407,0.055852,0.000079
AACTTTCTCGATCATG-1,0.833566,0.166405,0.000029
AAGAAAGTTTGATGGG-1,0.788164,0.191968,0.019868
AAGAAATCACCAGATT-1,0.743943,0.168583,0.087474
AAGAAGGATCAGTTAG-1,0.999906,0.000047,0.000047
AAGACATACGTGGTTT-1,0.400269,0.12165,0.478081
AAGACCAAATAACTCA-1,0.377592,0.622357,0.000051
AAGACCCAACTGAACA-1,0.945965,0.000049,0.053987
AAGACTAACCCGTTGT-1,0.999903,0.000048,0.000048
AAGACTCACGCCCACT-1,0.971272,0.009521,0.019207
AAGACTGCAAGCTACT-1,0.653445,0.000219,0.346335
AAGAGATGAATCGGTA-1,0.898507,0.015453,0.08604
AAGAGCTCTTTATCGG-1,0.976885,0.010456,0.012659
AAGAGGATGTACGCGA-1,0.979997,0.019951,0.000052
AAGAGGCATGGATCGC-1,0.999904,0.000048,0.000048
AAGAGGCCCTTTGGAA-1,0.941293,0.052427,0.00628
AAGATGGCACCGGACC-1,0.999936,0.000032,0.000032
AAGATTGGCGGAACGT-1,0.987554,0.00002,0.012426
AAGCACCCTGCGTATC-1,0.999894,0.000053,0.000053
AAGCATACTCTCCTGA-1,0.823476,0.07359,0.102933
AAGCCACTTGCAGGTA-1,0.785643,0.00003,0.214327
AAGCCGAAGCGGTTTA-1,0.882852,0.10063,0.016518
AAGCCGCCGTGAAATC-1,0.949988,0.02501,0.025002
AAGCCGCTTTACCTTG-1,0.853892,0.08928,0.056827
AAGCCGGAGAGCAGGA-1,0.074591,0.918861,0.006548
AAGCGCAGGGCTTTGA-1,0.906438,0.019566,0.073996
AAGCGGAGTGCGCGCA-1,0.354844,0.377863,0.267293
AAGCGGCGTCATGGGT-1,0.968614,0.004379,0.027007
AAGCGTCCCTCATCGA-1,0.978489,0.005112,0.016399
AAGCTAGATCGAGTAA-1,0.673443,0.010694,0.315863
AAGCTATGGATTGACC-1,0.229735,0.453643,0.316622
AAGCTCGTGCCAAGTC-1,0.999852,0.000074,0.000074
AAGCTCTTTCATGGTG-1,0.988675,0.011265,0.00006
AAGGAGCGGTTGGTGC-1,0.999844,0.000078,0.000078
AAGGATCGATCGCTTG-1,0.974882,0.025096,0.000023
AAGGATGAGGGACCTC-1,0.999943,0.000029,0.000029
AAGGCAGGCTGTCTCC-1,0.467248,0.532706,0.000046
AAGGCGCGTAAAGCTT-1,0.920127,0.010192,0.069681
AAGGCTGTGCTCATCG-1,0.971332,0.00009,0.028578
AAGGGAACGACTGGCT-1,0.868457,0.030522,0.101021
AAGGGACAGATTCTGT-1,0.992579,0.007399,0.000022
AAGGGACTATGCATTC-1,0.756805,0.019804,0.223391
AAGGGTTAGCCATGCG-1,0.882104,0.117809,0.000087
AAGGGTTTGATTTCAG-1,0.000441,0.796452,0.203107
AAGGTATCCTAATATA-1,0.970527,0.000025,0.029448
AAGGTGATAAACCAGC-1,0.982558,0.017418,0.000024
AAGTAGAAGACCGGGT-1,0.982269,0.000031,0.017701
AAGTAGTGACGCGAGG-1,0.964986,0.034937,0.000077
AAGTCAATTGTCGTCA-1,0.903944,0.058857,0.037199
AAGTCTAGTAGCTGCC-1,0.892938,0.041272,0.06579
AAGTCTTCTGTGGCCT-1,0.736307,0.263657,0.000036
AAGTGACGACCGAATT-1,0.99995,0.000025,0.000025
AAGTGAGTCGGGTTTA-1,0.999936,0.000032,0.000032
AAGTGCAAAGGTAGAC-1,0.786107,0.067336,0.146558
AAGTGCCTTGACTGTA-1,0.910409,0.04056,0.049032
AAGTGCGTTAGAATCT-1,0.93934,0.060616,0.000044
AAGTGCTTCTCTATTG-1,0.637056,0.001027,0.361916
AAGTGTTTGGAGACGG-1,0.999898,0.000051,0.000051
AAGTTCACTCCAAGCT-1,0.883451,0.00004,0.116509
AAGTTCAGTCTGCGTA-1,0.916167,0.049022,0.034811
AAGTTCGGCCAACAGG-1,0.943368,0.000034,0.056598
AAGTTGTGATGTTATA-1,0.834345,0.065842,0.099812
AAGTTTATGGGCCCAA-1,0.856514,0.008363,0.135123
AATAACAACGCTCGGC-1,0.999952,0.000025,0.000023
AATAACACTAGAACAA-1,0.95276,0.000015,0.047225
AATAACGTCGCGCCCA-1,0.945855,0.000036,0.05411
AATAAGTCCTCGAGAC-1,0.914926,0.055793,0.029281
AATAATCTTCGTATCG-1,0.665839,0.322697,0.011464
AATACAATGTTTCAGG-1,0.955301,0.010788,0.03391
AATACCGGAGGGCTGT-1,0.969818,0.021571,0.008611
AATACCTGATGTGAAC-1,0.733142,0.016655,0.250203
AATAGAACAGAGTGGC-1,0.961468,0.000085,0.038447
AATAGAATCTGTTTCA-1,0.820195,0.00034,0.179465
AATAGCAAGCCTCCTG-1,0.997147,0.002833,0.00002
AATAGCTACCGCGTGC-1,0.984384,0.015596,0.00002
AATAGGCACGACCCTT-1,0.99994,0.00003,0.00003
AATAGTCCGTCCCGAC-1,0.629911,0.000051,0.370038
AATAGTCGCGAGTCGG-1,0.94833,0.046218,0.005452
AATATCAAGGTCGGAT-1,0.9172,0.000078,0.082721
AATATCCTAGCAAACT-1,0.000283,0.692733,0.306984
AATATCGAATCAATGC-1,0.890465,0.107693,0.001842
AATATCGAGGGTTCTC-1,0.974259,0.025697,0.000043
AATATTGGAGTATTGA-1,0.953392,0.038946,0.007662
AATCAGACTGCAGGAC-1,0.997435,0.000035,0.00253
AATCAGGTTTCATTTA-1,0.847402,0.043633,0.108965
AATCATGTAAAGACTC-1,0.995526,0.000014,0.00446
AATCCAAGGGCCTGAG-1,0.99991,0.000045,0.000045
AATCCATGCAAGGGTG-1,0.999881,0.000059,0.000059
AATCCCGCTCAGAGCC-1,0.994985,0.000071,0.004944
AATCGAGGTCTCAAGG-1,0.999942,0.000029,0.000029
AATCGCCTCAGCGCCA-1,0.999916,0.000042,0.000042
AATCGCGCAGAGGACT-1,0.74982,0.176872,0.073307
AATCGGTATAGCCCTC-1,0.624116,0.104196,0.271688
AATCGTGAGCCGAGCA-1,0.99986,0.000124,0.000017
AATCTAGGTTTACTTG-1,0.667122,0.33282,0.000058
AATCTATGCCGGAGCC-1,0.92123,0.041369,0.0374
AATCTCTACTGTGGTT-1,0.457497,0.542413,0.00009
AATCTGCGTTGGGACG-1,0.832839,0.009689,0.157472
AATCTGGCTTTCTAGT-1,0.588536,0.389365,0.022099
AATCTGGGTAGACCCT-1,0.945081,0.018716,0.036203
AATGACAGCAATGTCT-1,0.981895,0.000041,0.018065
AATGACGTAGGATGTC-1,0.971289,0.00003,0.028681
AATGACTGTCAGCCGG-1,0.999933,0.000033,0.000033
AATGAGTTCGCATATG-1,0.896662,0.000061,0.103276
AATGATGATACGCTAT-1,0.946331,0.053643,0.000026
AATGATGCGACTCCTG-1,0.984021,0.000024,0.015955
AATGCAACCGGGTACC-1,0.974646,0.000041,0.025313
AATGCACCAAGCAATG-1,0.948676,0.000008,0.051316
AATGGCCGCCAATGCG-1,0.76407,0.195724,0.040206
AATGGTCCACCGTTCA-1,0.91076,0.000132,0.089107
AATGGTTCTCACAAGC-1,0.999887,0.000057,0.000057
AATGTATGGCACTGTA-1,0.431225,0.330024,0.238751
AATGTGCCCGAGGTGT-1,0.972584,0.027377,0.000039
AATGTGCTAATCTGAG-1,0.936191,0.016411,0.047398
AATGTTAAGACCCTGA-1,0.609146,0.000021,0.390833
AATGTTGTCGTGAGAC-1,0.828113,0.047322,0.124565
AATTAAAGGTCGGCGT-1,0.999855,0.000072,0.000072
AATTAACGGATTTCCA-1,0.324269,0.02034,0.655391
AATTACGAGACCCATC-1,0.082325,0.917627,0.000048
AATTACTCGTACGCTC-1,0.934188,0.028772,0.03704
AATTAGCGCTGCAGCG-1,0.908212,0.0917,0.000088
AATTATACCCAGCAAG-1,0.817511,0.000028,0.182461
AATTCATAAGGGATCT-1,0.998221,0.001741,0.000038
AATTCATTGTCATGCA-1,0.116157,0.346066,0.537777
AATTCCAACTTGGTGA-1,0.978432,0.004322,0.017246
AATTCCAAGCATGTAC-1,0.780694,0.000031,0.219275
AATTCGATTCGAGGAT-1,0.927508,0.041711,0.030781
AATTCTAGAGTTAGGC-1,0.912908,0.087004,0.000088
AATTGAACGCTCTGGT-1,0.938685,0.000035,0.06128
AATTGCAGCAATCGAC-1,0.937637,0.041466,0.020897
AATTGCGTGGATTACA-1,0.182053,0.679961,0.137986
AATTGTGGTTGCCAAA-1,0.59625,0.403731,0.000019
AATTTGGGACATAGTA-1,0.999892,0.000054,0.000054
ACAAACCATGCGTCCT-1,0.656628,0.041524,0.301848
ACAAACCGACAAGGCG-1,0.99991,0.000045,0.000045
ACAAACTCCATCAGAG-1,0.973821,0.00002,0.026159
ACAAAGAAGGTAGGCC-1,0.127694,0.714139,0.158167
ACAAAGCATGACCTAG-1,0.852017,0.07354,0.074443
ACAAATCGCACCGAAT-1,0.999954,0.000023,0.000023
ACAAATGGTAGTGTTT-1,0.879715,0.000028,0.120257
ACAAATTCAGATCTGA-1,0.975688,0.020508,0.003804
ACAACAGCATGAGCTA-1,0.899527,0.039867,0.060606
ACAACGGTCCCTGCGA-1,0.919286,0.08066,0.000054
ACAAGCAGTGCCTAGC-1,0.994125,0.00583,0.000044
ACAAGCTATATGGAAG-1,0.610512,0.057748,0.33174
ACAAGGAAATCCGCCC-1,0.984899,0.015054,0.000047
ACAAGGACAAGAGGTT-1,0.924476,0.057953,0.017571
ACAAGGATGCTTTAGG-1,0.937695,0.062269,0.000036
ACAAGGCCTACCAGCC-1,0.986421,0.000019,0.01356
ACAAGGGCAGGCTCTG-1,0.999955,0.000023,0.000023
ACAAGTAATTGTAAGG-1,0.999962,0.000019,0.000019
ACAATAGTCGTACGTT-1,0.836554,0.163382,0.000064
ACAATCCATTTAAACC-1,0.947396,0.052554,0.000051
ACAATGAATACGGAGA-1,0.974308,0.000037,0.025655
ACAATGATTCTTCTAC-1,0.784509,0.171348,0.044142
ACAATTGTGTCTCTTT-1,0.979255,0.020732,0.000014
ACAATTTAGGAGGCTC-1,0.758007,0.135965,0.106027
ACAATTTGAGCAGTGG-1,0.999946,0.000027,0.000027
ACAATTTGGCCATATT-1,0.059741,0.92026,0.019998
ACACAAAGACGGGTGG-1,0.999932,0.000034,0.000034
ACACAAATATTCCTAG-1,0.917992,0.081993,0.000015
ACACACCAGGACCAGT-1,0.988063,0.000032,0.011906
ACACACTTTCTACACG-1,0.872025,0.12616,0.001815
ACACATGATCAAATCT-1,0.633835,0.125807,0.240358
ACACATTGACGCAACA-1,0.993022,0.00696,0.000018
ACACATTTCCGTAGAC-1,0.626349,0.115231,0.25842
ACACCACATAATTAGC-1,0.80099,0.166603,0.032408
ACACCCAGCATGCAGC-1,0.999909,0.000045,0.000045
ACACCCGAGAAATCCG-1,0.953853,0.000015,0.046132
ACACCCGTAAATCTGT-1,0.529801,0.072422,0.397777
ACACCGAGCGCTCTTT-1,0.867797,0.132167,0.000036
ACACCGGTCTGACCGC-1,0.874058,0.000315,0.125627
ACACCTTAAGTAGGGC-1,0.903622,0.008154,0.088224
ACACCTTACTACTTGC-1,0.942961,0.057021,0.000019
ACACGAGACTCCTTCT-1,0.977084,0.022865,0.00005
ACACGGCACTATGCAT-1,0.899341,0.07719,0.023469
ACACGGGAACTTAGGG-1,0.898953,0.10098,0.000067
ACACGTAGGCCACAAG-1,0.571555,0.130186,0.298259
ACACTCCAATGTCACT-1,0.999906,0.000047,0.000047
ACACTGATCAAGGTGT-1,0.999898,0.000051,0.000051
ACACTGGGACAGTCGT-1,0.772845,0.227133,0.000022
ACAGAACTGAGAACAA-1,0.902342,0.00005,0.097608
ACAGATTAGGTTAGTG-1,0.965173,0.022029,0.012798
ACAGCATAGAGCCAGT-1,0.933173,0.066624,0.000203
ACAGCGACATTCTCAT-1,0.924771,0.075199,0.00003
ACAGCGCACCCGCAGC-1,0.658298,0.160088,0.181614
ACAGGAGGCGCAGCCG-1,0.955372,0.000027,0.0446
ACAGGCACGGATCCTT-1,0.899312,0.000017,0.100671
ACAGGCTTGCCCGACT-1,0.863467,0.006419,0.130114
ACAGGTGGAGGTGAGG-1,0.999907,0.000047,0.000047
ACAGGTGTGTTGTTGC-1,0.765265,0.181328,0.053407
ACAGTAATACAACTTG-1,0.684904,0.315042,0.000055
ACAGTATACCGTGGGA-1,0.936096,0.063866,0.000037
ACAGTGCAGCGCATTT-1,0.882565,0.011927,0.105508
ACATAAGTCGTGGTGA-1,0.200665,0.680069,0.119266
ACATAATAAGGCGGTG-1,0.999812,0.000094,0.000094
ACATACAATCAAGCGG-1,0.999933,0.000033,0.000033
ACATCAGCTGGGACGC-1,0.857731,0.00908,0.133189
ACATCCCGGCCATACG-1,0.296035,0.017243,0.686722
ACATCCTGGTAACTGT-1,0.871927,0.017277,0.110796
ACATCGATCGTTTACC-1,0.967324,0.000052,0.032624
ACATCGCAATATTCGG-1,0.999928,0.000036,0.000036
ACATCGGTCAGCCGCG-1,0.999947,0.000027,0.000027
ACATCGTATGCAATGG-1,0.974194,0.000024,0.025782
ACATCGTTAACCTAGT-1,0.908123,0.091806,0.000071
ACATCTCAACGCGTAA-1,0.690994,0.04999,0.259017
ACATGCTTACGGCAGC-1,0.703334,0.003658,0.293008
ACATGGCGCCAAAGTA-1,0.927011,0.072964,0.000025
ACATGGCTCAATTTAG-1,0.978653,0.001573,0.019774
ACATTAGTTTATATCC-1,0.999853,0.000073,0.000073
ACATTCGCGCGGAATA-1,0.592233,0.00018,0.407587
ACATTTGAAACCTAAC-1,0.717611,0.021901,0.260488
ACCAAACACCCAGCGA-1,0.964146,0.007823,0.028031
ACCAACACCACACACT-1,0.999985,0.000008,0.000008
ACCAACCGCACTCCAC-1,0.948788,0.051201,0.00001
ACCAACGCTTATTTAT-1,0.941182,0.000047,0.058771
ACCAAGAACGCGTGTC-1,0.892937,0.003136,0.103927
ACCAAGTCATCGGCAG-1,0.970148,0.00028,0.029572
ACCAATATGCAAGTTA-1,0.979206,0.000038,0.020756
ACCACAACTCAGAACA-1,0.999963,0.000019,0.000019
ACCACAAGTTTCTATC-1,0.999894,0.000053,0.000053
ACCACACGGTTGATGG-1,0.962619,0.000022,0.037359
ACCACCAATGTAACAA-1,0.999983,0.000009,0.000009
ACCACCCTCTCTTCTA-1,0.77671,0.14803,0.07526
ACCACGTGCAGCTATA-1,0.940422,0.003211,0.056367
ACCACTGTTCAAGAAG-1,0.885869,0.028048,0.086083
ACCAGACCATAACAAC-1,0.671827,0.111002,0.217171
ACCAGCCCGGTCTTTG-1,0.865121,0.089675,0.045205
ACCAGTGCCCGGTCAA-1,0.926282,0.073686,0.000032
ACCAGTGCGGGAGACG-1,0.907891,0.016342,0.075767
ACCATATCCGCAATAA-1,0.91222,0.000053,0.087727
ACCATCCGCCAACTAG-1,0.542008,0.457927,0.000064
ACCATCGTATATGGTA-1,0.999864,0.000068,0.000068
ACCATTAAGGGTGTCA-1,0.822885,0.171108,0.006007
ACCCAACGCCCGTGGC-1,0.999872,0.000064,0.000064
ACCCACCTACATGCTC-1,0.877613,0.099196,0.02319
ACCCATCTTGAGGGTA-1,0.96024,0.037123,0.002637
ACCCATTTGTCCCTCT-1,0.91867,0.081297,0.000032
ACCCGAGCGAAATTAC-1,0.9293,0.000029,0.070671
ACCCGATTGGTTCCGA-1,0.721989,0.000006,0.278004
ACCCGGAAACTCCCAG-1,0.817364,0.064461,0.118175
ACCCGGAGCACCACAA-1,0.280658,0.719313,0.00003
ACCCGGATGACGCATC-1,0.986344,0.013629,0.000027
ACCCGGTTACACTTCC-1,0.999877,0.000061,0.000061
ACCCGTAGCAGAGAAT-1,0.519674,0.213353,0.266974
ACCCGTAGTCTAGTTG-1,0.461858,0.312431,0.225711
ACCCGTGTCATCAGTA-1,0.984737,0.000078,0.015184
ACCCTATAGGACTGAG-1,0.999929,0.000036,0.000036
ACCCTATGCCATATCG-1,0.997551,0.000021,0.002427
ACCCTCCCGTCAGGGC-1,0.593349,0.000754,0.405898
ACCCTCCCTTGCTATT-1,0.928094,0.006242,0.065664
ACCCTGGTAACGCCCT-1,0.886956,0.106312,0.006732
ACCCTTGCCTGGGTCG-1,0.845464,0.154523,0.000013
ACCCTTTAGTTCTCCA-1,0.974179,0.025791,0.000031
ACCGAAAGGGCCCTGC-1,0.99993,0.000035,0.000035
ACCGAAGAGTCTGGTT-1,0.415521,0.454291,0.130188
ACCGACACATCTCCCA-1,0.819656,0.000146,0.180199
ACCGACTGAGTCCCAC-1,0.997717,0.002145,0.000138
ACCGAGTCTCCTTATT-1,0.905218,0.00001,0.094772
ACCGATAGGCATAACC-1,0.551787,0.210319,0.237894
ACCGATATTTAATCAT-1,0.587483,0.283243,0.129274
ACCGATGGTAGCATCG-1,0.996097,0.003863,0.00004
ACCGCAATAACTGCCT-1,0.980791,0.000022,0.019186
ACCGCGGTGGAAGTCG-1,0.952532,0.047443,0.000026
ACCGCTAGTCATTGGT-1,0.828763,0.000065,0.171172
ACCGGGCCTTTGTTGA-1,0.907736,0.084965,0.007299
ACCGGTCAGGTACACC-1,0.846663,0.136909,0.016427
ACCGGTCTGAGTACGG-1,0.880289,0.001945,0.117766
ACCGTCCACTGGGCCC-1,0.06417,0.674945,0.260885
ACCGTGACCACGTGGG-1,0.951397,0.030193,0.018411
ACCTAAGTACCTTTCA-1,0.776964,0.00006,0.222976
ACCTAATCGACTTCCT-1,0.969466,0.030477,0.000057
ACCTACAGTATGTGGT-1,0.806461,0.1935,0.000038
ACCTACTATAAATCTA-1,0.861011,0.000027,0.138962
ACCTCAGCGAGGCGCA-1,0.999228,0.000386,0.000386
ACCTCCGCCCTCGCTG-1,0.755992,0.131653,0.112355
ACCTCCGTTATTCACC-1,0.871784,0.098226,0.02999
ACCTCGAACTTATGCT-1,0.743531,0.235316,0.021153
ACCTGCGTGTCATGTT-1,0.688306,0.126732,0.184961
ACGAAATGGGCGGCAC-1,0.979324,0.020644,0.000032
ACGACCCATGAGTTGC-1,0.158244,0.841724,0.000032
ACGACTCTAGGGCCGA-1,0.966452,0.000011,0.033538
ACGACTGGTCATACTC-1,0.839633,0.101881,0.058486
ACGAGAACCCATCACG-1,0.782396,0.000121,0.217483
ACGAGATATTTGCTTA-1,0.975369,0.000061,0.02457
ACGAGGATACCACTCT-1,0.767212,0.089028,0.14376
ACGAGGTTTACAACGT-1,0.637866,0.362084,0.00005
ACGAGTACGGATGCCC-1,0.957136,0.04281,0.000054
ACGAGTCGCCGGCGTT-1,0.895106,0.004219,0.100675
ACGATACATAGAACTA-1,0.999936,0.000032,0.000032
ACGATACCTATCCTGA-1,0.866939,0.132952,0.000109
ACGATCATACATAGAG-1,0.999858,0.000071,0.000071
ACGATCATCTTGTAAA-1,0.971648,0.028323,0.000029
ACGATGCATATGTTAT-1,0.999898,0.000051,0.000051
ACGATGGATCCGATGC-1,0.693413,0.068088,0.238499
ACGCAAACTAATAGAT-1,0.964464,0.000017,0.035519
ACGCAATCACTACAGC-1,0.939325,0.017021,0.043654
ACGCATAAATGACATG-1,0.865246,0.070336,0.064418
ACGCATACGTTTACTA-1,0.982836,0.017132,0.000032
ACGCATTCGTGAGTAC-1,0.982833,0.017109,0.000058
ACGCCACTCGAAACAG-1,0.697297,0.000024,0.302678
ACGCCAGATGATTTCT-1,0.921366,0.078539,0.000095
ACGCCAGTGCGTTTGC-1,0.883519,0.037952,0.078529
ACGCCCAGCTGTCGAT-1,0.908653,0.05066,0.040687
ACGCCGCTAGACGACC-1,0.939962,0.059962,0.000076
ACGCCTGACACGCGCT-1,0.749198,0.109686,0.141117
ACGCGAAGTCAGACGA-1,0.978186,0.021758,0.000056
ACGCGCTACACAGGGT-1,0.999947,0.000026,0.000026
ACGCGGGCCAAGGACA-1,0.967413,0.032511,0.000076
ACGCGTTTCTTAAGAG-1,0.896512,0.092213,0.011276
ACGCTACTGAATGGGC-1,0.17702,0.00005,0.82293
ACGCTAGTATCAGTGC-1,0.917651,0.007245,0.075104
ACGCTAGTGATACACT-1,0.889258,0.000017,0.110725
ACGCTGTGAGGCGTAG-1,0.586399,0.413533,0.000068
ACGCTTAGTGTCTCTC-1,0.968352,0.000027,0.031621
ACGGAACACGAGTGCC-1,0.743901,0.000953,0.255146
ACGGAATTTAGCAAAT-1,0.877269,0.000086,0.122645
ACGGACGCAGCGACAA-1,0.585738,0.000026,0.414236
ACGGACTCTCAAAGCG-1,0.999899,0.000051,0.000051
ACGGAGCGCAAATTAC-1,0.930811,0.000008,0.069181
ACGGATGGTGCGGATA-1,0.999907,0.000047,0.000047
ACGGCACTTGCTTGGG-1,0.944253,0.037823,0.017924
ACGGCCAACATGGACT-1,0.98103,0.000047,0.018924
ACGGCGACGATGGGAA-1,0.861006,0.138966,0.000028
ACGGCGGGTTGCCCTG-1,0.738325,0.000057,0.261618
ACGGCTGGATGTAGAA-1,0.521606,0.450121,0.028273
ACGGGAGTGTCGGCCC-1,0.972452,0.027512,0.000035
ACGGGCGTATGCGACA-1,0.754506,0.245455,0.000039
ACGGGTCATGTGACTT-1,0.813674,0.021129,0.165196
ACGGGTTGTGACCTGT-1,0.063748,0.430021,0.506231
ACGGTACAGTTCAATG-1,0.647316,0.072723,0.279961
ACGGTCACCGAGAACA-1,0.882112,0.109771,0.008117
ACGTACTTTGGCACGG-1,0.666191,0.005461,0.328348
ACGTAGATTGCTGATG-1,0.852639,0.000274,0.147087
ACGTAGGAGAGTCGCT-1,0.749591,0.001732,0.248676
ACGTATTACTCCGATC-1,0.859763,0.031212,0.109025
ACGTCGGGCAACTCGG-1,0.035106,0.687327,0.277566
ACGTCTCGTTCCGGGA-1,0.079483,0.719508,0.201009
ACGTGACAAAGTAAGT-1,0.044016,0.912596,0.043388
ACGTGCGCCTCGTGCA-1,0.935304,0.023965,0.040731
ACGTGGTCGAATGTGC-1,0.997958,0.001967,0.000075
ACGTTAATGTCGAAGA-1,0.82198,0.177884,0.000136
ACGTTAGATTTGCCCG-1,0.984304,0.015632,0.000065
ACGTTATTGGTCACTC-1,0.984801,0.015153,0.000046
ACGTTCACTATGCCGC-1,0.956991,0.000064,0.042945
ACGTTCCGCGCTCCGT-1,0.990173,0.009741,0.000087
ACGTTCGCAATCAATT-1,0.805241,0.012468,0.182291
ACGTTCGTTCAGGAAA-1,0.999902,0.000049,0.000049
ACGTTCTGTACAAGTC-1,0.896265,0.102317,0.001418
ACGTTGTCGTTGAAAG-1,0.962261,0.000029,0.037711
ACGTTTCGGTGCACTT-1,0.748476,0.215908,0.035617
ACTAAGGACGCACACC-1,0.835407,0.164567,0.000026
ACTAATACGTCAGGCG-1,0.922078,0.040912,0.037009
ACTACAAAGAGAGGTG-1,0.999953,0.000024,0.000024
ACTACATCCCGACAAG-1,0.617948,0.21717,0.164882
ACTACCAGCTCTCTGG-1,0.954539,0.007687,0.037774
ACTACCATCCGAGGGC-1,0.784797,0.003211,0.211992
ACTACGCGTTAGAATT-1,0.947258,0.000058,0.052684
ACTAGTTGCGATCGTC-1,0.659602,0.075645,0.264753
ACTATATGCTGTGTTC-1,0.998153,0.001803,0.000044
ACTATCCAGGGCATGG-1,0.989423,0.010553,0.000023
ACTATCGCCGGCTAAA-1,0.698283,0.017476,0.284241
ACTATCTGCCCGCGTA-1,0.786805,0.213165,0.00003
ACTATGTCCAGCTGCC-1,0.889386,0.05777,0.052844
ACTATTCGTCCGTGGT-1,0.995918,0.003981,0.000101
ACTATTTCCGGGCCCA-1,0.999936,0.000032,0.000032
ACTCAACGAATGTATT-1,0.416675,0.000149,0.583176
ACTCAAGTGCAAGGCT-1,0.973787,0.02617,0.000043
ACTCAATAAAGGCACG-1,0.699865,0.000119,0.300016
ACTCAGACCTGCTTCT-1,0.972601,0.000093,0.027306
ACTCATGGCAGCCTTC-1,0.662948,0.071122,0.26593
ACTCCAATATCATCAT-1,0.719492,0.000025,0.280483
ACTCCCATTCCTAAAG-1,0.795651,0.204284,0.000065
ACTCCCGAATTCGTTT-1,0.999953,0.000024,0.000024
ACTCCCGTAGACTAGG-1,0.732662,0.105505,0.161833
ACTCCCTAATGCTAAA-1,0.774758,0.054208,0.171034
ACTCCCTAGAATAGTA-1,0.897123,0.102786,0.000091
ACTCCGGCCGACCACT-1,0.833583,0.032068,0.134349
ACTCGATGTATTTCAT-1,0.999887,0.000056,0.000056
ACTCGCCGTTCGATAA-1,0.963939,0.035677,0.000384
ACTCGCGATCTGACGC-1,0.336293,0.663655,0.000052
ACTCGTAACCCGTCCT-1,0.930858,0.028258,0.040884
ACTCGTCAGTAATCCC-1,0.999938,0.000031,0.000031
ACTCTAAACCTGGGAT-1,0.806344,0.079585,0.114071
ACTCTCTGACTTAGGT-1,0.999915,0.000043,0.000043
ACTCTCTTATACACGA-1,0.997619,0.000027,0.002354
ACTCTGACCTAATAGA-1,0.964414,0.024652,0.010934
ACTCTTCAGCTCCCGC-1,0.475481,0.403218,0.121301
ACTCTTGTATAGTAAC-1,0.788071,0.050285,0.161644
ACTGAAACGCCGTTAG-1,0.99859,0.001389,0.000021
ACTGAATGGCGAAAGT-1,0.958981,0.000027,0.040991
ACTGATTTAGTGATTC-1,0.999914,0.000043,0.000043
ACTGCCCGCCATTCTC-1,0.816701,0.109293,0.074007
ACTGCCGTCGTAACTC-1,0.89057,0.050523,0.058907
ACTGCGGACACACCGT-1,0.557869,0.44209,0.000041
ACTGCTCGGAAGGATG-1,0.3863,0.613663,0.000038
ACTGGCGAACCTGCGT-1,0.874355,0.125619,0.000026
ACTGGGATGCCAGTGC-1,0.871188,0.000032,0.12878
ACTGTACGATACACAT-1,0.999948,0.000026,0.000026
ACTGTAGCACTTTGGA-1,0.958213,0.041716,0.000071
ACTGTATACGCGAGCA-1,0.70625,0.033119,0.260631
ACTGTCCAGGATTATA-1,0.841127,0.000092,0.158782
ACTGTCTTCTTTAGAA-1,0.965415,0.000095,0.034491
ACTGTGCTAGTAGATC-1,0.722322,0.000242,0.277437
ACTTACCGGGCGCGCA-1,0.999905,0.000054,0.000041
ACTTACGCATCCACGC-1,0.954533,0.045401,0.000066
ACTTAGTACGACAAGA-1,0.816115,0.000183,0.183702
ACTTATACTTACCCGG-1,0.940651,0.039664,0.019684
ACTTATCTGATCTATA-1,0.917975,0.035307,0.046718
ACTTATTAGGATCGGT-1,0.969155,0.000061,0.030784
ACTTATTTATGTGCCA-1,0.838613,0.005316,0.156071
ACTTCAGGCTGATCCC-1,0.932622,0.00003,0.067349
ACTTCCAGTGGAAGCT-1,0.09097,0.908289,0.000741
ACTTCCATGCGGGACA-1,0.929233,0.038391,0.032376
ACTTCCTGTCGTGCGA-1,0.697915,0.134729,0.167356
ACTTCGCCATACGCAC-1,0.972704,0.027229,0.000067
ACTTCGCTAGCGAGTG-1,0.499269,0.50069,0.000041
ACTTGACTCCCTCTTT-1,0.821073,0.106321,0.072606
ACTTGCTCTATCTACC-1,0.194021,0.644633,0.161346
ACTTGGGACCCGGTGG-1,0.999905,0.000047,0.000047
ACTTGGGCTTTCGCCA-1,0.999825,0.000088,0.000088
ACTTGTAGTCCCTTCA-1,0.420935,0.579002,0.000063
ACTTGTGGATGGAACG-1,0.550735,0.40878,0.040485
ACTTGTTACCGGATCA-1,0.830672,0.051283,0.118046
ACTTTACCCTCATGAA-1,0.898004,0.052881,0.049115
ACTTTATACACCACTT-1,0.683029,0.176035,0.140937
ACTTTCCTATAGCTTC-1,0.935682,0.00008,0.064239
ACTTTGACTGCATCCT-1,0.430862,0.569046,0.000092
ACTTTGGTCGTGCTCC-1,0.656277,0.333161,0.010562
ACTTTGTCGACGCACT-1,0.780086,0.218744,0.001169
AGAAATTATGACTCGC-1,0.732983,0.266996,0.000021
AGAACACGGCGATGGT-1,0.499706,0.054324,0.44597
AGAACCCAGCGTGACA-1,0.157104,0.740635,0.102261
AGAACCCTCAATTGGG-1,0.646384,0.35182,0.001797
AGAACGTGGTACATTC-1,0.927172,0.072753,0.000074
AGAACTGTACTTTGTA-1,0.999936,0.000032,0.000032
AGAAGAGCGCCGTTCC-1,0.9689,0.030868,0.000232
AGAAGGTACACTTCAC-1,0.286772,0.453381,0.259846
AGAAGGTTGCCGAATT-1,0.999876,0.000062,0.000062
AGAAGGTTGTAGGTCG-1,0.948518,0.000023,0.051459
AGAAGTGATTCGTGAT-1,0.980616,0.019311,0.000072
AGAATAAATCTTCAGG-1,0.529371,0.470569,0.000061
AGAATACAGGCTATCC-1,0.905375,0.000022,0.094603
AGAATGCGGGTTCGGA-1,0.999984,0.000008,0.000008
AGAATTATGGATTCGA-1,0.979588,0.020389,0.000023
AGAATTGTTTGACATA-1,0.964621,0.000032,0.035347
AGACAGCTCAGAATCC-1,0.891529,0.000289,0.108182
AGACAGGCATCTCAGC-1,0.56642,0.433555,0.000026
AGACATAGATCCTTCC-1,0.98074,0.000042,0.019217
AGACCAAACCACACCT-1,0.189658,0.803767,0.006574
AGACCATGGGATACAA-1,0.734667,0.002775,0.262559
AGACCCACCGCTGATC-1,0.799314,0.134728,0.065958
AGACCCGCCCTCCTCG-1,0.999912,0.000044,0.000044
AGACCGCTCCGCGGTT-1,0.578888,0.196895,0.224218
AGACCGGGAAACCCTG-1,0.750249,0.249697,0.000053
AGACGAAGTGCCGGTC-1,0.977389,0.022579,0.000032
AGACGACGATGCCGCT-1,0.980414,0.000031,0.019555
AGACGCCCACTTCGCC-1,0.382887,0.617073,0.00004
AGACGGGATTGGTATA-1,0.981987,0.017979,0.000034
AGACGGGCCGATTTAA-1,0.719666,0.000014,0.28032
AGACTAGCCTTCCAGA-1,0.615936,0.01383,0.370234
AGACTGTTACCGGGTC-1,0.869297,0.035345,0.095358
AGAGAAACACCAGAAA-1,0.918622,0.014988,0.06639
AGAGAACCGTCTAGGA-1,0.999933,0.000034,0.000034
AGAGAAGGAGTACAAT-1,0.960995,0.011117,0.027888
AGAGATCTCTAAAGCG-1,0.909426,0.090517,0.000056
AGAGCAGTTATGAGAC-1,0.844332,0.031985,0.123683
AGAGCCGCCGAGATTT-1,0.714487,0.237546,0.047967
AGAGCGCTTGTAACGG-1,0.891873,0.108105,0.000022
AGAGCGGGCTAATCAT-1,0.999483,0.000258,0.000258
AGAGCGTACAAGCTCG-1,0.954554,0.045387,0.000059
AGAGCTACGAAAGCAT-1,0.984006,0.000028,0.015966
AGAGGCTTCGGAAACC-1,0.999973,0.000014,0.000014
AGAGGGACAATTGTCC-1,0.977205,0.022786,0.000009
AGAGTAAACTTCACTA-1,0.89661,0.103367,0.000022
AGAGTATAGTGTTACG-1,0.84694,0.114893,0.038166
AGAGTCTTAATGAAAG-1,0.9111,0.088719,0.000182
AGAGTGAACAGACACC-1,0.808285,0.081323,0.110392
AGAGTTAGAGACCGAT-1,0.914537,0.000015,0.085447
AGAGTTGCAGGCCTCC-1,0.956428,0.043551,0.00002
AGATAACTTCAGGGCC-1,0.932153,0.000136,0.067711
AGATAATCACACCTAT-1,0.945157,0.018561,0.036282
AGATACCAATAGAACC-1,0.84254,0.156868,0.000592
AGATACCAGCACTTCA-1,0.978894,0.018921,0.002185
AGATACCGGTGTTCAC-1,0.925266,0.000048,0.074686
AGATACGACTTCATAT-1,0.946323,0.000073,0.053603
AGATACTCAAGATCGA-1,0.999913,0.000044,0.000044
AGATATAATACGACTA-1,0.978765,0.000019,0.021216
AGATCGTGCATAAGAT-1,0.844667,0.03592,0.119413
AGATCTCAGGTGTGAT-1,0.999922,0.000039,0.000039
AGATCTGGAGAGGATA-1,0.651299,0.063507,0.285194
AGATGACTCGCCCACG-1,0.944516,0.000042,0.055442
AGATGAGGGTTGCGAT-1,0.985611,0.014361,0.000029
AGATGATGGAGTCTGG-1,0.947129,0.006112,0.046759
AGATGCAAGACGTGCA-1,0.970264,0.029696,0.00004
AGATGCATCCTGTGTC-1,0.129806,0.804063,0.066131
AGATGCTATAACGAGC-1,0.9525,0.001326,0.046174
AGATTATAGGACGTTT-1,0.999899,0.000051,0.000051
AGATTCAAGCGGGTCG-1,0.886079,0.003534,0.110387
AGATTCACAACCGATA-1,0.687476,0.312487,0.000037
AGCAAAGGCCGCTAGT-1,0.980214,0.000022,0.019764
AGCAACATATCTTATT-1,0.855799,0.009833,0.134369
AGCAACCGAAAGTAAT-1,0.806962,0.128197,0.06484
AGCACACGTTTAGACT-1,0.991811,0.000785,0.007405
AGCACCAGTACTCACG-1,0.906123,0.093786,0.000091
AGCACTACCGGCCTGT-1,0.860756,0.139193,0.000051
AGCACTACCTCACCAG-1,0.980979,0.000028,0.018994
AGCACTTAAGGACGCC-1,0.985464,0.014481,0.000055
AGCAGAAGGAGAAAGA-1,0.860811,0.103224,0.035965
AGCAGCCAGATGAATA-1,0.883918,0.035145,0.080937
AGCAGTCGAAGCATGC-1,0.949333,0.00609,0.044577
AGCATATCAATATGCT-1,0.968315,0.031643,0.000042
AGCATCATTTCGAAAG-1,0.810998,0.144843,0.044159
AGCATCGTCGATAATT-1,0.897802,0.00008,0.102119
AGCATTACGAGGCAAG-1,0.965059,0.004091,0.03085
AGCCAAGCTTTGTGTC-1,0.897599,0.000034,0.102368
AGCCACAGGTTACCCG-1,0.863788,0.073624,0.062588
AGCCACTCCCGTGCTT-1,0.999945,0.000027,0.000027
AGCCATATAGTATGTG-1,0.22246,0.072282,0.705257
AGCCCATACATGTAAG-1,0.791152,0.086748,0.1221
AGCCCGCAACAAGCAG-1,0.999811,0.000009,0.000181
AGCCCGCACTACAATG-1,0.999966,0.000017,0.000017
AGCCCGGCATTAGAGG-1,0.804431,0.134845,0.060724
AGCCCGGTAGCCTGTA-1,0.999857,0.000071,0.000072
AGCCCTAAGCGAAGTT-1,0.934351,0.000108,0.06554
AGCCCTCCCTGGTGGC-1,0.909939,0.037715,0.052347
AGCCCTGTCGCACCGT-1,0.339016,0.639807,0.021176
AGCCCTTCTAATCCGA-1,0.91748,0.082502,0.000018
AGCCCTTGGACATCCC-1,0.232327,0.767639,0.000034
AGCCGCAAATTCAAAT-1,0.795894,0.0884,0.115706
AGCCGCTTGATTAGCG-1,0.920623,0.022918,0.056459
AGCCGTGGCTAAATGT-1,0.806056,0.000045,0.193898
AGCCTAATACCCACGT-1,0.700067,0.269637,0.030296
AGCCTTAAAGCGGAAG-1,0.7466,0.000045,0.253355
AGCCTTGTCACTGATA-1,0.000408,0.426774,0.572817
AGCGACAGGAACGGTC-1,0.97206,0.000043,0.027896
AGCGACATCCCATTCA-1,0.9965,0.000042,0.003458
AGCGACCAACGATATT-1,0.975498,0.000045,0.024457
AGCGACTTTGAAGACA-1,0.999924,0.000038,0.000038
AGCGAGACGTGAAGGC-1,0.869977,0.082058,0.047964
AGCGATGCGCCTAATA-1,0.791717,0.208266,0.000017
AGCGCATAATGAATCG-1,0.999864,0.000068,0.000068
AGCGCGGGTGCCAATG-1,0.999964,0.000018,0.000018
AGCGCTAGAGCGATGT-1,0.209403,0.617485,0.173112
AGCGCTTATGGGCAAG-1,0.936951,0.03395,0.0291
AGCGGACACTTCGTAG-1,0.923394,0.024071,0.052535
AGCGGCGGTTAGCGGT-1,0.546572,0.453366,0.000062
AGCGGGAAGGGTCCAT-1,0.962187,0.037758,0.000055
AGCGGGTCTGACACTC-1,0.392801,0.090289,0.51691
AGCGGTTGAGATGTAC-1,0.994328,0.003087,0.002585
AGCGGTTGCCGCTCTG-1,0.855199,0.030902,0.113899
AGCGTACGAGAGCTAG-1,0.999896,0.000052,0.000052
AGCGTAGCGCTAGACC-1,0.999964,0.000018,0.000018
AGCGTCTGAACCCGCA-1,0.8922,0.000139,0.107661
AGCGTGGTATTCTACT-1,0.807243,0.066224,0.126534
AGCGTTCCGATTTAAA-1,0.880122,0.000031,0.119847
AGCTAACAAGCAATGT-1,0.885739,0.000028,0.114233
AGCTAAGCTCCGTCCG-1,0.980124,0.000026,0.01985
AGCTAAGTACGCAGGC-1,0.888569,0.028065,0.083366
AGCTACGAATGGTGGT-1,0.996666,0.001667,0.001667
AGCTAGAAGCAGAAGT-1,0.977788,0.000016,0.022195
AGCTATTTAATCCAAC-1,0.883263,0.116657,0.00008
AGCTCCATATATGTTC-1,0.696581,0.23028,0.073139
AGCTCCTTCGCACATC-1,0.765551,0.000064,0.234385
AGCTCGTTGATGGAAA-1,0.672541,0.230899,0.09656
AGCTCTAGACGTTCCA-1,0.885693,0.057367,0.056939
AGCTCTTCCCAGTGCA-1,0.989932,0.010023,0.000044
AGCTCTTCGTAACCTT-1,0.991403,0.00001,0.008587
AGCTCTTTACTCAGTT-1,0.937056,0.000092,0.062852
AGCTGAAGTAAACCAA-1,0.963746,0.000029,0.036226
AGCTGCATTTGAGGTG-1,0.970653,0.02932,0.000028
AGCTGCTGTGCCGAAT-1,0.754254,0.056852,0.188895
AGCTGTAACCTCAATC-1,0.923632,0.04122,0.035148
AGCTTATAGAGACCTG-1,0.999828,0.000086,0.000086
AGCTTCAATACTTTGA-1,0.965942,0.033983,0.000075
AGCTTCTTCTCGAGCA-1,0.821483,0.05681,0.121707
AGCTTGATCAGGGTAG-1,0.197927,0.040793,0.76128
AGCTTGATCTTAACTT-1,0.773389,0.042345,0.184266
AGGAAAGCCTCTGATG-1,0.999971,0.000014,0.000014
AGGAACGAACGACTTC-1,0.284887,0.332728,0.382385
AGGAAGCTGTCCGCCG-1,0.688122,0.020539,0.291339
AGGACAGTCGAATCCC-1,0.88858,0.001611,0.109809
AGGACATCGCACGTCG-1,0.9203,0.024179,0.055521
AGGACATCGGCACACT-1,0.000224,0.428891,0.570885
AGGACGACCCATTAGA-1,0.999884,0.000058,0.000058
AGGACGCTCGATGTTG-1,0.961333,0.02085,0.017817
AGGACTTATAGGAGAA-1,0.980982,0.017429,0.001589
AGGAGACATCCACAGT-1,0.787523,0.163377,0.049101
AGGAGAGTCTGGCTAC-1,0.000278,0.396647,0.603075
AGGAGCGTTTATTATC-1,0.916447,0.083401,0.000153
AGGAGGCCTTCGCGCG-1,0.888468,0.111509,0.000023
AGGATAAAGTCGGGAT-1,0.842505,0.146009,0.011486
AGGATATAGGGATTTA-1,0.967628,0.032343,0.000029
AGGATATCCGACTGCA-1,0.944684,0.019822,0.035494
AGGATCACGCGATCTG-1,0.702102,0.01184,0.286058
AGGATTGCTTACGACA-1,0.905668,0.094315,0.000016
AGGCAAAGAGGAATCA-1,0.980408,0.000086,0.019506
AGGCAATACGGAGGAC-1,0.992274,0.000021,0.007705
AGGCACGTGACTGTCC-1,0.348961,0.538046,0.112993
AGGCAGATGCGTAAAC-1,0.998453,0.001504,0.000043
AGGCAGGGAGCGTACT-1,0.844607,0.000035,0.155358
AGGCATTGTCGTAGGG-1,0.934007,0.06357,0.002422
AGGCCACATTGGTTAC-1,0.335628,0.466686,0.197687
AGGCCACCCGTTATGA-1,0.919577,0.002991,0.077433
AGGCCCAGTGACTGGT-1,0.920557,0.025941,0.053503
AGGCCCATTGTACAGG-1,0.909377,0.00006,0.090563
AGGCCCTAGAACGCCA-1,0.947418,0.000035,0.052546
AGGCCTATCATACCAA-1,0.997446,0.00003,0.002524
AGGCCTGAGAATCTCG-1,0.89286,0.071325,0.035815
AGGCGATAACTGGCGT-1,0.51798,0.332804,0.149216
AGGCGGTTTGTCCCGC-1,0.914037,0.085887,0.000076
AGGCGTCTATGGACGG-1,0.888219,0.001852,0.109928
AGGCTATGGTTAGCTT-1,0.97212,0.000061,0.027819
AGGCTTAAGTTGCACA-1,0.999898,0.000051,0.000051
AGGCTTCCCGAAGAAG-1,0.999893,0.000053,0.000053
AGGCTTGCTAGACACC-1,0.878087,0.000481,0.121432
AGGGAAACGAGGTACT-1,0.936101,0.038328,0.025572
AGGGACAGCACGGCGG-1,0.962908,0.037028,0.000064
AGGGACCGGCTGCGTT-1,0.866613,0.063599,0.069788
AGGGACTCTACGCGAC-1,0.942842,0.026093,0.031066
AGGGAGACATACTTCG-1,0.915328,0.003794,0.080879
AGGGCAGCGGCGTGGT-1,0.867729,0.008445,0.123827
AGGGCCCTAATGTTCT-1,0.161162,0.7679,0.070938
AGGGCGAGCAGCTGAT-1,0.919514,0.080442,0.000044
AGGGCGTGATCGGCTA-1,0.999893,0.000053,0.000053
AGGGCTGCAGTTACAG-1,0.924953,0.074948,0.000099
AGGGTCAGAGCACTCG-1,0.747585,0.022887,0.229529
AGGGTCAGTAACCCTA-1,0.938838,0.022642,0.038521
AGGGTCGATGCGAACT-1,0.999932,0.000034,0.000034
AGGGTCTGGACGCAGT-1,0.11659,0.428005,0.455405
AGGGTGCCGTTCTTTA-1,0.999977,0.000011,0.000011
AGGGTGCTCTCGAGGG-1,0.941507,0.000025,0.058468
AGGGTGGATAGTGCAT-1,0.706594,0.000078,0.293328
AGGGTGTGCTACACGC-1,0.950089,0.048137,0.001774
AGGGTTCAGACGGTCC-1,0.53949,0.000019,0.460492
AGGGTTCCCTTTGGTT-1,0.905196,0.000065,0.094739
AGGGTTTAGTTCGGGA-1,0.993019,0.006911,0.00007
AGGTAACCTCCTATTC-1,0.802788,0.000156,0.197056
AGGTACGATATTGCCA-1,0.999831,0.000085,0.000085
AGGTAGATCGAGATAT-1,0.83863,0.000018,0.161352
AGGTAGGTACAAAGCT-1,0.946217,0.002954,0.050829
AGGTATAATTGATAGT-1,0.953957,0.0408,0.005243
AGGTATGCGGACATTA-1,0.396171,0.603784,0.000045
AGGTCAGGTGAGAGTG-1,0.974997,0.024971,0.000032
AGGTCGCCACTTCGGT-1,0.49451,0.000084,0.505407
AGGTCGCCTCCCAACA-1,0.827305,0.149353,0.023342
AGGTCGCGGAGTTACT-1,0.984689,0.015251,0.00006
AGGTGCACGTCCACAT-1,0.725281,0.000008,0.274712
AGGTGGTGACCTTCGC-1,0.999943,0.000029,0.000029
AGGTGTATCGCCATGA-1,0.827111,0.144977,0.027912
AGGTGTTGCCGACCAC-1,0.226793,0.537084,0.236123
AGGTTACACCATGCCG-1,0.782485,0.159464,0.058051
AGGTTCTCCTTTCCGG-1,0.118307,0.368355,0.513338
AGGTTGAGGCACGCTT-1,0.98295,0.016968,0.000082
AGGTTTCACACACCTT-1,0.90122,0.09853,0.000249
AGTAACGTTCATCCTG-1,0.994908,0.000016,0.005076
AGTAACTATAGCAGCC-1,0.906414,0.000011,0.093575
AGTAAGGGACAGAATC-1,0.997752,0.001124,0.001124
AGTAATCTAAGGGTGG-1,0.795755,0.000043,0.204202
AGTAATGTCTTGCCGC-1,0.999818,0.000091,0.000091
AGTAATTTGCAAGCGT-1,0.579814,0.413497,0.006689
AGTACAGAAGCTTATA-1,0.999958,0.000021,0.000021
AGTACATCATTTATCA-1,0.924212,0.000022,0.075766
AGTACCTTCGAGTGCT-1,0.9665,0.033464,0.000037
AGTACGGCCCGTATCG-1,0.484517,0.515423,0.00006
AGTACGGGCACCTGGC-1,0.926552,0.000055,0.073392
AGTACGTGGCCTGTCT-1,0.708792,0.000047,0.291161
AGTACTCTTATGCCCA-1,0.860241,0.025009,0.11475
AGTAGAAGGCGCCTCA-1,0.530123,0.081475,0.388402
AGTAGCGTGAACGAAC-1,0.679221,0.108812,0.211967
AGTAGCTAGACGCCGA-1,0.964755,0.013921,0.021324
AGTAGGAAGGAAGTTG-1,0.945101,0.000015,0.054884
AGTAGGTAACATACAT-1,0.999878,0.000061,0.000061
AGTATAATACTAGGCA-1,0.987095,0.012854,0.000051
AGTATACACAGCGACA-1,0.910261,0.004151,0.085588
AGTATCCATAATAACG-1,0.977189,0.000024,0.022788
AGTATGCTGGAGACCA-1,0.924416,0.037504,0.038081
AGTATTTGGCACGACC-1,0.884603,0.000117,0.11528
AGTCAAATGATGTGAT-1,0.919685,0.06659,0.013725
AGTCAACACCACCATC-1,0.999954,0.000023,0.000023
AGTCAAGATGACACTT-1,0.825849,0.011591,0.16256
AGTCACTAGCTCTCGA-1,0.952034,0.047942,0.000023
AGTCACTCCGCCTCAT-1,0.93355,0.010495,0.055955
AGTCAGCCACCGCCTG-1,0.876542,0.000158,0.1233
AGTCCAGCGGGTACGT-1,0.999923,0.000038,0.000038
AGTCCATTGGCTGATG-1,0.924377,0.004711,0.070912
AGTCCCGCCTTTAATT-1,0.916996,0.000015,0.082989
AGTCCCTCGCAGAAAG-1,0.822092,0.17662,0.001289
AGTCGAAACGATTCAG-1,0.105067,0.527453,0.367479
AGTCGAATTAGCGTAA-1,0.481221,0.217009,0.30177
AGTCGACGGTCTCAAG-1,0.993836,0.000021,0.006142
AGTCGGCCCAAACGAC-1,0.999932,0.000034,0.000034
AGTCGGCTCAACTTTA-1,0.949088,0.000038,0.050874
AGTCGGTTGCGTGAGA-1,0.773604,0.072872,0.153524
AGTCGTATAAAGCAGA-1,0.999975,0.000013,0.000013
AGTCGTCGACCACCAA-1,0.97357,0.026408,0.000022
AGTCGTGGGCATTACG-1,0.999808,0.000096,0.000096
AGTCTAAAGTATACTC-1,0.989073,0.010908,0.000019
AGTCTCACAAGACTAC-1,0.999862,0.000069,0.000069
AGTCTGGACATCCTTG-1,0.999865,0.000068,0.000068
AGTCTTCTCCTCAAAT-1,0.772093,0.000213,0.227693
AGTCTTTAAAGTGTCC-1,0.949244,0.019244,0.031512
