Barcode,Topic 1,Topic 2to3,Topic 4,Topic 5,Topic 6to7,Topic 8to10,Topic 11,Topic 12,Topic 13
AAACAAGTATCTCCCA-1,0.004593,0.104006,0.342953,0.232607,0.003011,0.175102,0.136935,0.000011,0.000784
AAACACCAATAACTGC-1,0.074451,0.333021,0.005913,0.001863,0.02764,0.496608,0.000007,0.047673,0.012825
AAACAGAGCGACTCCT-1,0.043346,0.610699,0.014348,0.003276,0.170073,0.131252,0.000008,0.000659,0.026339
AAACAGCTTTCAGAAG-1,0.017302,0.166268,0.114109,0.019503,0.01595,0.454118,0.003425,0.01803,0.191294
AAACAGGGTCTATATT-1,0.687702,0.043004,0.019229,0.000496,0.000036,0.249518,0.000005,0.000005,0.000005
AAACAGTGTTCCTGGG-1,0.000034,0.000068,0.114917,0.17026,0.000068,0.000102,0.714484,0.000034,0.000034
AAACATGGTGAGAGGA-1,0.079161,0.073793,0.151279,0.000286,0.304024,0.170726,0.01158,0.004746,0.204405
AAACATTTCCCGGATT-1,0.053154,0.026334,0.814062,0.001168,0.026766,0.030881,0.008112,0.008484,0.031038
AAACCACTACACAGAT-1,0.008788,0.205853,0.155647,0.083106,0.009989,0.20385,0.003408,0.187138,0.142221
AAACCCGAACGAAATC-1,0.004306,0.035809,0.184578,0.254892,0.143754,0.154032,0.021913,0.028065,0.172652
AAACCGGAAATGTTAA-1,0.018044,0.064299,0.003562,0.379786,0.205846,0.030203,0.112268,0.070983,0.115008
AAACCGGGTAGGTACC-1,0.034975,0.604297,0.133812,0.010722,0.004065,0.211383,0.000006,0.000734,0.000006
AAACCGTTCGTCCAGG-1,0.000099,0.000198,0.000099,0.000099,0.000198,0.000297,0.57389,0.033069,0.39205
AAACCTAAGCAGCCGG-1,0.04203,0.058506,0.095741,0.015268,0.055702,0.164031,0.009594,0.037171,0.521957
AAACCTCATGAAGTTG-1,0.054074,0.341912,0.030852,0.033844,0.002066,0.460934,0.072887,0.003423,0.000009
AAACGAAGAACATACC-1,0.000015,0.659433,0.102093,0.000015,0.00467,0.000046,0.001489,0.163012,0.069226
AAACGAAGATGGAGTA-1,0.028048,0.054543,0.145968,0.010036,0.093448,0.424641,0.010602,0.005398,0.227316
AAACGACAGTCTTGCC-1,0.003911,0.015141,0.000016,0.011526,0.0515,0.288975,0.105091,0.376675,0.147164
AAACGAGACGGTTGAT-1,0.0399,0.373996,0.148237,0.000013,0.172678,0.033279,0.000013,0.004773,0.227111
AAACGCCCGAGATCGG-1,0.166219,0.331507,0.00001,0.00001,0.001234,0.43706,0.00001,0.061684,0.002268
AAACGCTGGGCACGAC-1,0.082279,0.006958,0.117054,0.108692,0.147376,0.391926,0.124717,0.002082,0.018917
AAACGGGCGTACGGGT-1,0.003224,0.052396,0.007306,0.144749,0.199779,0.330419,0.035186,0.043113,0.183828
AAACGGTTGCGAACTG-1,0.00537,0.484212,0.013584,0.040546,0.002856,0.312227,0.050306,0.090886,0.000013
AAACGTGTTCGCCCTA-1,0.03629,0.086331,0.120967,0.01606,0.128906,0.579012,0.006744,0.020069,0.005621
AAACTAACGTGGCGAC-1,0.304284,0.107432,0.100666,0.00543,0.017736,0.274588,0.000014,0.086958,0.102892
AAACTCGGTTCGCAAT-1,0.15345,0.115125,0.002894,0.185009,0.02759,0.198719,0.0502,0.214336,0.052676
AAACTCGTGATATAAG-1,0.15983,0.370482,0.183228,0.017391,0.133766,0.133392,0.000007,0.000438,0.001466
AAACTGCTGGCTCCAA-1,0.154393,0.634709,0.116999,0.000974,0.010813,0.046279,0.014557,0.016908,0.004368
AAACTTAATTGCACGC-1,0.791438,0.029634,0.055333,0.000003,0.004159,0.119423,0.000003,0.000003,0.000003
AAACTTGCAAACGTAT-1,0.119617,0.329167,0.00001,0.000705,0.022147,0.513404,0.00001,0.003491,0.011449
AAAGAATGACCTTAGA-1,0.003598,0.012713,0.000015,0.003173,0.221271,0.002812,0.071702,0.039379,0.645338
AAAGAATGTGGACTAA-1,0.034476,0.032847,0.067976,0.053049,0.352335,0.365238,0.051992,0.000526,0.041559
AAAGACATGAAGTTTA-1,0.029563,0.804337,0.049921,0.003333,0.004734,0.002993,0.009593,0.077835,0.017691
AAAGACCCAAGTCGCG-1,0.000055,0.00011,0.000055,0.000055,0.00011,0.000165,0.576087,0.420429,0.002933
AAAGACTGGGCGCTTT-1,0.027044,0.451478,0.009901,0.19131,0.048612,0.108387,0.001362,0.099361,0.062546
AAAGCTTGCCTACATA-1,0.061576,0.088165,0.10159,0.31719,0.149089,0.204273,0.006296,0.013746,0.058073
AAAGGCCCTATAATAC-1,0.216438,0.10067,0.022116,0.089252,0.037244,0.296366,0.011695,0.040874,0.185346
AAAGGCTACGGACCAT-1,0.000012,0.490201,0.165799,0.041451,0.004695,0.108135,0.000538,0.182233,0.006936
AAAGGCTCTCGCGCCG-1,0.015133,0.700651,0.00024,0.000019,0.02415,0.019549,0.000019,0.15653,0.083709
AAAGGGATGTAGCAAG-1,0.000031,0.188274,0.000031,0.000031,0.0152,0.033028,0.000031,0.441459,0.321914
AAAGGGCAGCTTGAAT-1,0.00002,0.052064,0.00002,0.00002,0.000041,0.032173,0.541457,0.374184,0.00002
AAAGGTAAGCTGTACC-1,0.254562,0.464085,0.000188,0.000009,0.018965,0.236155,0.000009,0.005727,0.020299
AAAGGTCAACGACATG-1,0.008328,0.131122,0.006046,0.087814,0.011217,0.34733,0.046122,0.358692,0.003328
AAAGTAGCATTGCTCA-1,0.030503,0.312358,0.007983,0.016002,0.000615,0.618107,0.001426,0.012997,0.000008
AAAGTCACTGATGTAA-1,0.000051,0.000102,0.000051,0.000051,0.000102,0.000153,0.267446,0.684294,0.047751
AAAGTCGACCCTCAGT-1,0.046323,0.114963,0.096062,0.000353,0.000955,0.583246,0.00298,0.052733,0.102385
AAAGTGCCATCAATTA-1,0.020848,0.017832,0.008986,0.248391,0.21136,0.342982,0.058018,0.068477,0.023105
AAAGTGTGATTTATCT-1,0.149802,0.367703,0.000012,0.000012,0.419422,0.016413,0.000012,0.002857,0.043765
AAAGTTGACTCCCGTA-1,0.094396,0.237894,0.002317,0.030752,0.404933,0.006779,0.050394,0.004988,0.167548
AAATAACCATACGGGA-1,0.000017,0.259729,0.064298,0.037765,0.044182,0.067011,0.030907,0.067159,0.428932
AAATAAGGTAGTGCCC-1,0.018448,0.352937,0.037913,0.01512,0.317138,0.19273,0.045628,0.00525,0.014837
AAATACCTATAAGCAT-1,0.08333,0.285227,0.237373,0.049018,0.007365,0.00386,0.143689,0.12206,0.068078
AAATAGCTTAGACTTT-1,0.026493,0.113787,0.338786,0.03738,0.234733,0.014352,0.00484,0.019874,0.209755
AAATAGGGTGCTATTG-1,0.169901,0.31214,0.000015,0.000015,0.028797,0.065279,0.000015,0.018666,0.405172
AAATCACTCCTAAACG-1,0.025128,0.351563,0.161321,0.010797,0.013924,0.371525,0.000658,0.046701,0.018382
AAATCCGATACACGCC-1,0.000406,0.038307,0.06698,0.062604,0.03705,0.312328,0.035793,0.007666,0.438866
AAATCGCGGAAGGAGT-1,0.062466,0.264749,0.341722,0.055778,0.164334,0.097022,0.010514,0.000006,0.003408
AAATCGTGTACCACAA-1,0.043879,0.596854,0.180544,0.000017,0.005441,0.000052,0.000017,0.162841,0.010355
AAATCTAGCCCTGCTA-1,0.091639,0.091611,0.268992,0.036431,0.290287,0.127925,0.034164,0.002832,0.05612
AAATCTGCCCGCGTCC-1,0.105614,0.261845,0.000256,0.000256,0.277557,0.353706,0.000256,0.000256,0.000256
AAATGACTGATCAAAC-1,0.115411,0.356785,0.000021,0.014712,0.117975,0.207329,0.006352,0.163172,0.018244
AAATGATTCGATCAGC-1,0.033832,0.422185,0.126197,0.01559,0.209247,0.076768,0.003553,0.01485,0.097777
AAATGGCATGTCTTGT-1,0.142735,0.691782,0.05583,0.000015,0.000029,0.089469,0.005316,0.014809,0.000015
AAATGGCCCGTGCCCT-1,0.197432,0.212459,0.045508,0.039395,0.001454,0.503733,0.000006,0.000006,0.000006
AAATGGTCAATGTGCC-1,0.001944,0.751222,0.008281,0.043634,0.010649,0.004824,0.004321,0.170616,0.004507
AAATGTATCTTATCCC-1,0.001609,0.060288,0.366583,0.035512,0.006746,0.455908,0.00639,0.003774,0.063189
AAATGTGGGTGCTCCT-1,0.000056,0.000111,0.000056,0.000056,0.000111,0.000167,0.632208,0.357739,0.009497
AAATTAACGGGTAGCT-1,0.007553,0.498117,0.00003,0.00003,0.025397,0.000091,0.00134,0.310735,0.156706
AAATTAATAAGCGCGA-1,0.000017,0.000033,0.000017,0.083272,0.042776,0.00005,0.168972,0.017539,0.687324
AAATTACACGACTCTG-1,0.173358,0.402401,0.016205,0.013797,0.05358,0.108097,0.002188,0.052806,0.177568
AAATTACCTATCGATG-1,0.338077,0.458682,0.023451,0.005532,0.078994,0.029647,0.005449,0.002073,0.058095
AAATTCCAGGTCCAAA-1,0.014147,0.030606,0.03335,0.040439,0.20328,0.031031,0.200878,0.080588,0.365681
AAATTGATAGTCCTTT-1,0.000012,0.344408,0.392257,0.028287,0.000025,0.175268,0.000012,0.059717,0.000012
AAATTGGTGAGAAGCA-1,0.748335,0.007358,0.000006,0.00111,0.087118,0.13455,0.000006,0.010177,0.011339
AAATTTACCGAAATCC-1,0.12633,0.255021,0.110793,0.00003,0.000061,0.000091,0.00003,0.250137,0.257506
AAATTTGCGGGTGTGG-1,0.000025,0.064435,0.000025,0.177986,0.007609,0.060898,0.086755,0.506072,0.096194
AACAACTGGTAGTTGC-1,0.000036,0.000073,0.086492,0.000036,0.000073,0.000109,0.759403,0.15374,0.000036
AACAATACATTGTCGA-1,0.000019,0.028476,0.000019,0.012517,0.000039,0.089444,0.567975,0.301489,0.000019
AACAATTACTCTACGC-1,0.000019,0.475155,0.128022,0.032214,0.015687,0.025944,0.009642,0.28762,0.025697
AACACACGCTCGCCGC-1,0.034354,0.415708,0.00001,0.045831,0.146631,0.20647,0.054955,0.02406,0.07198
AACACGACTGTACTGA-1,0.029345,0.758049,0.006417,0.00002,0.012538,0.001078,0.014959,0.165383,0.012212
AACACGAGACGCGGCC-1,0.112526,0.132332,0.004239,0.004028,0.021455,0.435825,0.056386,0.201777,0.031433
AACAGCTGTGTGGCAA-1,0.000009,0.253426,0.000009,0.026874,0.010003,0.53558,0.004845,0.167704,0.00155
AACAGGAAATCGAATA-1,0.14219,0.77137,0.000013,0.000013,0.021851,0.050846,0.000013,0.013691,0.000013
AACAGGATGGGCCGCG-1,0.000042,0.017348,0.000042,0.000042,0.000084,0.000126,0.923756,0.058517,0.000042
AACAGGTAGTATGGAT-1,0.059576,0.05045,0.000051,0.021809,0.292863,0.477903,0.008678,0.029312,0.059357
AACATAGCGTGTATCG-1,0.715683,0.070114,0.000015,0.000015,0.012896,0.043965,0.000015,0.129786,0.027512
AACATATCAACTGGTG-1,0.31803,0.369564,0.000013,0.000013,0.017566,0.00004,0.005305,0.038967,0.250502
AACATCGATACGTCTA-1,0.052704,0.290045,0.339306,0.023725,0.20348,0.062603,0.014424,0.003277,0.010436
AACATTGAAGTTGATC-1,0.047781,0.305797,0.000022,0.000022,0.043726,0.430544,0.000022,0.035977,0.13611
AACATTGTGACTCGAG-1,0.000031,0.264257,0.000031,0.012601,0.017848,0.0799,0.071349,0.544976,0.009007
AACCAAGACTTCTCTG-1,0.005726,0.579968,0.033527,0.043486,0.003875,0.308903,0.008551,0.015802,0.000162
AACCAGTATCACTCTT-1,0.148991,0.332016,0.000024,0.05208,0.015935,0.194915,0.101303,0.116039,0.038698
AACCATAGGGTTGAAC-1,0.011231,0.233126,0.041229,0.005313,0.1067,0.494113,0.003904,0.051438,0.052947
AACCCAGAGACGGAGA-1,0.000059,0.625453,0.125716,0.000059,0.000117,0.000176,0.100934,0.098048,0.049438
AACCCATCCCATGATC-1,0.202492,0.033909,0.436697,0.085973,0.002153,0.203207,0.000389,0.007064,0.028116
AACCCGACAACCCGTG-1,0.000087,0.000175,0.012747,0.069136,0.000175,0.018392,0.833008,0.022603,0.043677
AACCCGAGCAGAATCG-1,0.031486,0.017796,0.004323,0.152182,0.258727,0.276643,0.047276,0.134476,0.077091
AACCCGATAGGGCTTC-1,0.109502,0.16938,0.389172,0.01923,0.003559,0.28536,0.000043,0.009096,0.014657
AACCCGCTGTATTCCA-1,0.028083,0.353197,0.156116,0.022516,0.018547,0.347576,0.01049,0.061449,0.002025
AACCCTACTGTCAATA-1,0.046865,0.148771,0.000696,0.005535,0.344252,0.005991,0.038219,0.012925,0.396746
AACCCTGGTGGAACCA-1,0.075283,0.733416,0.092071,0.008639,0.010456,0.023955,0.003094,0.044904,0.008182
AACCGAGCTTGGTCAT-1,0.084358,0.144322,0.011118,0.000029,0.014164,0.018045,0.078157,0.25248,0.397326
AACCGCTAAGGGATGC-1,0.061994,0.07435,0.000017,0.000017,0.105529,0.00214,0.000017,0.031761,0.724175
AACCGTTGTGTTTGCT-1,0.022914,0.536424,0.04742,0.000028,0.000057,0.021376,0.000028,0.367087,0.004666
AACCTAAAGCCGTCCG-1,0.003498,0.560837,0.103374,0.000017,0.007591,0.001327,0.000017,0.309522,0.013817
AACCTCGCTTTAGCCC-1,0.068,0.0744,0.168397,0.001611,0.046312,0.115627,0.007059,0.03257,0.486023
AACCTGTCACGGAATT-1,0.038699,0.21183,0.000007,0.004289,0.271156,0.433885,0.000007,0.035196,0.004931
AACCTTTAAATACGGT-1,0.029518,0.275982,0.058992,0.020114,0.020223,0.01392,0.268856,0.225313,0.087082
AACCTTTACGACGTCT-1,0.004098,0.335233,0.115319,0.099993,0.066911,0.081416,0.006996,0.040908,0.249126
AACGAAAGTCGTCCCA-1,0.01023,0.118714,0.018859,0.009843,0.130401,0.677391,0.000005,0.004494,0.030064
AACGACCTCCTAGCCG-1,0.000146,0.000205,0.033968,0.195919,0.245449,0.304759,0.042599,0.059683,0.117271
AACGATAATGCCGTAG-1,0.112335,0.345026,0.000017,0.000017,0.045909,0.084766,0.00607,0.075905,0.329954
AACGATAGAAGGGCCG-1,0.000022,0.277188,0.01986,0.000022,0.000515,0.000067,0.01225,0.636206,0.053869
AACGATATGTCAACTG-1,0.25252,0.619552,0.000761,0.003508,0.031294,0.050823,0.029019,0.009613,0.002909
AACGCATGATCTGGGT-1,0.012827,0.385433,0.133012,0.015112,0.215464,0.008589,0.010576,0.016619,0.202368
AACGCGACCTTGGGCG-1,0.000024,0.207795,0.001631,0.094167,0.008918,0.206031,0.0004,0.481008,0.000024
AACGCGGTCTCCAGCC-1,0.15297,0.269355,0.000026,0.000026,0.020939,0.145073,0.000026,0.313827,0.097757
AACGCTGTTGCTGAAA-1,0.043046,0.285108,0.485825,0.000009,0.169194,0.00387,0.000896,0.003209,0.008843
AACGGACGTACGTATA-1,0.01582,0.305209,0.00444,0.000013,0.33768,0.067166,0.044878,0.024954,0.19984
AACGGCCATCTCCGGT-1,0.000049,0.000099,0.000049,0.000049,0.000099,0.000148,0.910675,0.000049,0.088781
AACGTACTGTGGGTAC-1,0.000126,0.000253,0.000126,0.000126,0.000253,0.000379,0.772836,0.000127,0.225774
AACGTCAGACTAGTGG-1,0.000058,0.533386,0.000058,0.000058,0.000115,0.000173,0.255463,0.128526,0.082164
AACGTCATCCGGCTTG-1,0.000045,0.01575,0.000045,0.014058,0.083155,0.028087,0.000045,0.562267,0.296548
AACGTCGCTGCACTTC-1,0.000021,0.000042,0.396603,0.239247,0.121853,0.071453,0.007221,0.000021,0.163539
AACGTGATGAAGGACA-1,0.092553,0.502466,0.000042,0.119224,0.021605,0.115897,0.026629,0.041359,0.080225
AACGTGCGAAAGTCTC-1,0.401306,0.33458,0.263098,0.000005,0.000043,0.000016,0.000005,0.000131,0.000816
AACGTTATCAGCACCT-1,0.00657,0.048659,0.000022,0.000022,0.007003,0.106115,0.549849,0.251369,0.030393
AACGTTCTACCATTGT-1,0.000041,0.000081,0.09925,0.182838,0.242186,0.039007,0.316265,0.001584,0.118747
AACTACCCGTTTGTCA-1,0.000012,0.006635,0.06277,0.497226,0.076938,0.119857,0.000351,0.049776,0.186434
AACTAGCGTATCGCAC-1,0.000057,0.454874,0.000057,0.000057,0.000114,0.000172,0.082727,0.453838,0.008104
AACTAGGCTTGGGTGT-1,0.089132,0.657702,0.076057,0.000018,0.015351,0.014713,0.009703,0.087219,0.050106
AACTCAAGTTAATTGC-1,0.000038,0.046979,0.000038,0.000038,0.000077,0.033944,0.476606,0.442241,0.000038
AACTCCAGAGCGTGTT-1,0.009222,0.206496,0.169788,0.115381,0.144842,0.342576,0.004592,0.005647,0.001457
AACTCCTAATCCCATG-1,0.197971,0.134359,0.00002,0.015975,0.108631,0.004151,0.00002,0.043802,0.495072
AACTCTCAATAGAGCG-1,0.003107,0.220975,0.00002,0.00002,0.261858,0.000059,0.052851,0.018351,0.44276
AACTCTCAGTGTGCTC-1,0.000117,0.000234,0.000117,0.000117,0.02182,0.000351,0.708241,0.136147,0.132855
AACTGAGGTCAGCGTC-1,0.1717,0.11751,0.042902,0.033428,0.121144,0.310245,0.000017,0.061258,0.141796
AACTGAGTTATACTGA-1,0.046123,0.112467,0.601197,0.00699,0.094844,0.133728,0.003535,0.001109,0.000007
AACTGATATTAGGCCT-1,0.038054,0.427524,0.00003,0.014512,0.051371,0.022539,0.048541,0.296829,0.1006
AACTGGGTCCCGACGT-1,0.120413,0.738721,0.039435,0.008553,0.009461,0.042079,0.003955,0.033036,0.004348
AACTGGGTTCGAGCCG-1,0.042037,0.387764,0.000042,0.000042,0.000084,0.000126,0.000042,0.321595,0.248268
AACTGGTGTGGGCCTT-1,0.000071,0.000142,0.000071,0.000071,0.000142,0.000213,0.602039,0.397179,0.000071
AACTTCTGCGTCTATC-1,0.000038,0.061086,0.000038,0.000038,0.000077,0.000115,0.485164,0.436181,0.017262
AACTTGCCCGTATGCA-1,0.00004,0.042293,0.00004,0.00004,0.015866,0.00012,0.00045,0.830802,0.110348
AACTTTACGGGAGCTT-1,0.002552,0.021003,0.000021,0.213281,0.024253,0.086193,0.18278,0.046578,0.423339
AACTTTAGCTGCTGAG-1,0.000064,0.346728,0.045687,0.000064,0.000127,0.000191,0.095809,0.498731,0.012599
AACTTTCTCGATCATG-1,0.078546,0.116341,0.000009,0.104586,0.293557,0.343282,0.000009,0.057865,0.005806
AAGAAAGTTTGATGGG-1,0.024733,0.010503,0.404876,0.005107,0.029734,0.525019,0.00001,0.00001,0.00001
AAGAAATCACCAGATT-1,0.003015,0.017567,0.006286,0.042385,0.244609,0.302768,0.00001,0.024357,0.359002
AAGACATACGTGGTTT-1,0.105253,0.049015,0.193581,0.191001,0.063569,0.359484,0.03794,0.000151,0.000006
AAGACCAAATAACTCA-1,0.091078,0.095628,0.081843,0.015071,0.24101,0.275453,0.00533,0.005161,0.189426
AAGACCCAACTGAACA-1,0.000012,0.689361,0.000012,0.002532,0.044995,0.085292,0.000012,0.16377,0.014015
AAGACTCACGCCCACT-1,0.05933,0.49801,0.00002,0.00002,0.028831,0.062558,0.00002,0.219183,0.132028
AAGACTGCAAGCTACT-1,0.317722,0.442647,0.000016,0.000016,0.017672,0.032383,0.01916,0.11717,0.053213
AAGAGATGAATCGGTA-1,0.000039,0.193451,0.07029,0.000039,0.001616,0.075607,0.131084,0.527836,0.000039
AAGAGCTCTTTATCGG-1,0.230321,0.437219,0.067675,0.005539,0.031344,0.004894,0.005692,0.043874,0.173441
AAGAGGATGTACGCGA-1,0.000012,0.665333,0.145467,0.067093,0.00673,0.018866,0.025596,0.070893,0.000012
AAGAGGCATGGATCGC-1,0.255954,0.251789,0.017463,0.000013,0.080151,0.000038,0.002103,0.000818,0.391671
AAGAGGCCCTTTGGAA-1,0.10044,0.132956,0.227871,0.016911,0.155877,0.363379,0.000525,0.001839,0.000201
AAGATGGCACCGGACC-1,0.000021,0.000043,0.000153,0.004745,0.000043,0.039733,0.955218,0.000022,0.000021
AAGATTGGCGGAACGT-1,0.003073,0.26479,0.000018,0.000018,0.249454,0.001122,0.000298,0.010922,0.470305
AAGCACCCTGCGTATC-1,0.256483,0.561092,0.032466,0.001704,0.005965,0.091031,0.042324,0.008927,0.000008
AAGCATACTCTCCTGA-1,0.084975,0.578482,0.001513,0.007089,0.04254,0.121593,0.022873,0.070371,0.070564
AAGCCACTTGCAGGTA-1,0.006407,0.004293,0.000024,0.393274,0.007225,0.136148,0.087706,0.301045,0.063879
AAGCCGAAGCGGTTTA-1,0.021881,0.226858,0.47477,0.0322,0.013753,0.158024,0.032273,0.033802,0.006438
AAGCCGCCGTGAAATC-1,0.281446,0.26838,0.004015,0.001876,0.015252,0.278311,0.027643,0.093457,0.029621
AAGCCGCTTTACCTTG-1,0.093902,0.023897,0.049053,0.225719,0.15374,0.379073,0.011478,0.022827,0.040311
AAGCCGGAGAGCAGGA-1,0.007323,0.112934,0.288649,0.133589,0.094877,0.324647,0.017631,0.01871,0.001641
AAGCGCAGGGCTTTGA-1,0.164945,0.373078,0.003639,0.001217,0.016903,0.435296,0.000006,0.004169,0.000746
AAGCGGAGTGCGCGCA-1,0.109024,0.082352,0.055404,0.167146,0.116708,0.46883,0.000322,0.000005,0.000209
AAGCGGCGTCATGGGT-1,0.020765,0.509006,0.130744,0.000016,0.000033,0.144651,0.016261,0.010758,0.167766
AAGCGTCCCTCATCGA-1,0.000013,0.635383,0.147877,0.061303,0.002566,0.052758,0.00076,0.098897,0.000443
AAGCTAGATCGAGTAA-1,0.042108,0.460665,0.157107,0.061512,0.00256,0.032559,0.130214,0.049105,0.064171
AAGCTATGGATTGACC-1,0.164083,0.004495,0.000024,0.000024,0.52107,0.068068,0.012114,0.08234,0.14778
AAGCTCGTGCCAAGTC-1,0.011428,0.057466,0.000032,0.000032,0.015204,0.000097,0.015398,0.323777,0.576564
AAGCTCTTTCATGGTG-1,0.350481,0.345024,0.068056,0.002744,0.003458,0.139445,0.020802,0.028079,0.041912
AAGGAGAACTTATAAG-1,0.000025,0.165398,0.000025,0.000025,0.000051,0.035316,0.162254,0.636879,0.000025
AAGGAGCGGTTGGTGC-1,0.006514,0.831999,0.04839,0.000011,0.010846,0.00055,0.000011,0.09767,0.00401
AAGGATCGATCGCTTG-1,0.038898,0.283584,0.182811,0.0005,0.345532,0.021056,0.009165,0.039944,0.07851
AAGGATGAGGGACCTC-1,0.044429,0.375735,0.257666,0.000015,0.142243,0.021183,0.039339,0.024874,0.094517
AAGGCAGGCTGTCTCC-1,0.018738,0.072033,0.055224,0.485072,0.082981,0.147421,0.126572,0.003452,0.008506
AAGGCGCGTAAAGCTT-1,0.000038,0.478803,0.040777,0.000038,0.000075,0.000113,0.14326,0.130703,0.206192
AAGGCTGTGCTCATCG-1,0.000031,0.345041,0.000031,0.000031,0.034448,0.000093,0.22315,0.396187,0.000988
AAGGGAACGACTGGCT-1,0.15275,0.095363,0.042091,0.046456,0.027536,0.355314,0.047289,0.102421,0.130781
AAGGGACAGATTCTGT-1,0.000026,0.04864,0.000026,0.100855,0.084103,0.000078,0.192099,0.105704,0.468468
AAGGGACTATGCATTC-1,0.070395,0.098284,0.048718,0.100666,0.028327,0.20108,0.094857,0.297883,0.059789
AAGGGTTAGCCATGCG-1,0.05215,0.013813,0.292906,0.00585,0.294519,0.112098,0.009289,0.026875,0.192499
AAGGGTTTGATTTCAG-1,0.108596,0.124967,0.145832,0.281105,0.16131,0.091166,0.000013,0.001028,0.085983
AAGGTATCCTAATATA-1,0.209348,0.437696,0.041875,0.014944,0.113379,0.022696,0.088393,0.016909,0.05476
AAGGTGATAAACCAGC-1,0.004768,0.371873,0.194705,0.000013,0.051507,0.025249,0.021242,0.000797,0.329845
AAGTAGAAGACCGGGT-1,0.000024,0.097151,0.000024,0.000024,0.009596,0.009171,0.266991,0.612515,0.004504
AAGTAGTGACGCGAGG-1,0.000035,0.000825,0.108114,0.008845,0.000071,0.000106,0.808051,0.073917,0.000035
AAGTCAATTGTCGTCA-1,0.055999,0.339224,0.184049,0.093822,0.250888,0.018792,0.016929,0.001384,0.038914
AAGTCTAGTAGCTGCC-1,0.025025,0.137673,0.02853,0.132538,0.13823,0.513219,0.010723,0.006293,0.007769
AAGTCTTCTGTGGCCT-1,0.013229,0.138665,0.214215,0.009348,0.021066,0.603464,0.000004,0.000004,0.000004
AAGTGACGACCGAATT-1,0.119358,0.328897,0.000021,0.000021,0.039129,0.310993,0.000021,0.167212,0.03435
AAGTGAGTCGGGTTTA-1,0.000023,0.011581,0.085164,0.029671,0.002483,0.172675,0.121995,0.569171,0.007238
AAGTGCAAAGGTAGAC-1,0.036939,0.322335,0.231097,0.113932,0.008243,0.031841,0.08818,0.054036,0.113398
AAGTGCCTTGACTGTA-1,0.001856,0.316354,0.326202,0.036511,0.12776,0.013352,0.000013,0.052058,0.125894
AAGTGCGTTAGAATCT-1,0.03583,0.299001,0.000015,0.000015,0.012009,0.372999,0.000015,0.279549,0.000568
AAGTGCTTCTCTATTG-1,0.000009,0.48443,0.099718,0.179099,0.000018,0.094515,0.087551,0.054651,0.000009
AAGTGTTTGGAGACGG-1,0.000032,0.000065,0.000032,0.000032,0.000065,0.000097,0.000032,0.093567,0.906076
AAGTTCACTCCAAGCT-1,0.026424,0.446859,0.070415,0.110916,0.034554,0.240736,0.005175,0.013365,0.051556
AAGTTCAGTCTGCGTA-1,0.059465,0.429725,0.311792,0.000008,0.193152,0.004561,0.000821,0.000008,0.000467
AAGTTCGGCCAACAGG-1,0.000025,0.160482,0.000025,0.007448,0.105236,0.021918,0.153013,0.496083,0.05577
AAGTTGTGATGTTATA-1,0.015993,0.025628,0.017125,0.645354,0.053708,0.036706,0.132967,0.015364,0.057155
AAGTTTACTAATGGCA-1,0.000046,0.200706,0.000046,0.000046,0.000092,0.000138,0.02233,0.610902,0.165694
AAGTTTATGGGCCCAA-1,0.143417,0.184299,0.000011,0.000875,0.043675,0.366969,0.000011,0.137892,0.122851
AATAACAACGCTCGGC-1,0.002423,0.155247,0.000021,0.000021,0.034683,0.073604,0.083252,0.635625,0.015123
AATAACACTAGAACAA-1,0.000023,0.000046,0.000023,0.000023,0.000046,0.023675,0.663105,0.28736,0.0257
AATAACGTCGCGCCCA-1,0.000041,0.000082,0.025774,0.300741,0.133524,0.000123,0.222709,0.000041,0.316967
AATAAGTCCTCGAGAC-1,0.002446,0.797737,0.000021,0.000021,0.004262,0.000063,0.000021,0.177914,0.017517
AATAATCTTCGTATCG-1,0.050408,0.078793,0.040284,0.34391,0.131744,0.310018,0.043182,0.001507,0.000154
AATACAATGTTTCAGG-1,0.00877,0.818771,0.000007,0.000007,0.010132,0.113522,0.000007,0.048778,0.000007
AATACCGGAGGGCTGT-1,0.000024,0.000048,0.000024,0.063801,0.00006,0.045808,0.599912,0.290299,0.000024
AATACCTGATGTGAAC-1,0.01431,0.0061,0.016165,0.036506,0.443998,0.196067,0.104641,0.02477,0.157443
AATAGAACAGAGTGGC-1,0.000045,0.00009,0.000045,0.000045,0.00009,0.000134,0.642226,0.261715,0.095611
AATAGAATCTGTTTCA-1,0.161399,0.30475,0.074209,0.002705,0.150607,0.054399,0.007511,0.034721,0.209697
AATAGCAAGCCTCCTG-1,0.049756,0.055132,0.00406,0.039062,0.040775,0.509374,0.00653,0.160046,0.135263
AATAGCTACCGCGTGC-1,0.05095,0.088044,0.08344,0.000021,0.154452,0.017795,0.074036,0.083693,0.447569
AATAGGCACGACCCTT-1,0.005571,0.520425,0.002429,0.096383,0.038143,0.196972,0.019115,0.082301,0.038662
AATAGTCCGTCCCGAC-1,0.01289,0.780747,0.093916,0.00001,0.005595,0.055505,0.001018,0.050034,0.000285
AATAGTCGCGAGTCGG-1,0.357856,0.293519,0.195486,0.002105,0.009854,0.055896,0.007984,0.01903,0.058271
AATATCCTAGCAAACT-1,0.000015,0.0262,0.000015,0.003994,0.134187,0.212853,0.066506,0.162332,0.393898
AATATCGAATCAATGC-1,0.026116,0.038639,0.483515,0.094653,0.074488,0.166439,0.001813,0.006417,0.107919
AATATCGAGGGTTCTC-1,0.033788,0.269944,0.464214,0.0168,0.117839,0.002087,0.004175,0.014371,0.076782
AATATTGGAGTATTGA-1,0.000043,0.007405,0.000043,0.000044,0.002289,0.127336,0.000045,0.531764,0.33103
AATCAGGTTTCATTTA-1,0.00174,0.373605,0.130078,0.093337,0.004887,0.332812,0.005268,0.056455,0.001818
AATCATGTAAAGACTC-1,0.011411,0.22396,0.023034,0.179262,0.111307,0.258886,0.091612,0.024507,0.076022
AATCCAAGGGCCTGAG-1,0.00005,0.0001,0.00005,0.00005,0.0001,0.00015,0.764834,0.221839,0.012828
AATCCCGCTCAGAGCC-1,0.033571,0.245857,0.03998,0.011143,0.035126,0.165454,0.062045,0.384203,0.022622
AATCGAGGTCTCAAGG-1,0.576804,0.070732,0.000016,0.000016,0.097269,0.036103,0.009364,0.079694,0.130002
AATCGCCTCAGCGCCA-1,0.06606,0.419607,0.09848,0.130214,0.048802,0.001176,0.066086,0.004893,0.164681
AATCGCGCAGAGGACT-1,0.013472,0.032017,0.499482,0.095646,0.122797,0.060768,0.013485,0.018758,0.143575
AATCGGGACACTACGA-1,0.000027,0.620466,0.028566,0.000027,0.000054,0.000081,0.000027,0.317999,0.032754
AATCGGTATAGCCCTC-1,0.17551,0.07378,0.003737,0.112465,0.233444,0.344332,0.056696,0.000018,0.000018
AATCGTGAGCCGAGCA-1,0.592102,0.035068,0.001713,0.106401,0.045275,0.009776,0.045645,0.042569,0.121451
AATCTAGGTTTACTTG-1,0.663383,0.014179,0.000007,0.001743,0.011357,0.289186,0.000624,0.014748,0.004773
AATCTATGCCGGAGCC-1,0.021561,0.208979,0.2186,0.136292,0.168614,0.001585,0.197656,0.000015,0.046698
AATCTCTACTGTGGTT-1,0.000024,0.000047,0.000024,0.000024,0.033093,0.242182,0.000024,0.044587,0.679997
AATCTGCGTTGGGACG-1,0.000186,0.4104,0.500316,0.000009,0.065913,0.000028,0.000009,0.000433,0.022705
AATCTGGCTTTCTAGT-1,0.33039,0.083138,0.226146,0.003761,0.001547,0.321918,0.000011,0.007922,0.025167
AATCTGGGTAGACCCT-1,0.050634,0.563549,0.000024,0.024259,0.089305,0.022015,0.000024,0.17368,0.07651
AATGACAGCAATGTCT-1,0.000013,0.23788,0.327287,0.021844,0.000026,0.159314,0.006852,0.245516,0.001268
AATGACGTAGGATGTC-1,0.00003,0.063745,0.00003,0.00003,0.004171,0.000089,0.058015,0.039585,0.834306
AATGACTGTCAGCCGG-1,0.000023,0.152032,0.000023,0.000023,0.004889,0.040198,0.035648,0.763365,0.003798
AATGATGATACGCTAT-1,0.000029,0.130814,0.000029,0.000029,0.123788,0.000087,0.035116,0.110768,0.59934
AATGATGCGACTCCTG-1,0.057985,0.271383,0.190914,0.008983,0.178291,0.013361,0.059818,0.052873,0.166392
AATGCAACCGGGTACC-1,0.059377,0.502848,0.000018,0.064812,0.037218,0.027746,0.027504,0.168526,0.111952
AATGCACCAAGCAATG-1,0.000017,0.177327,0.047368,0.000017,0.308491,0.000422,0.046057,0.02997,0.39033
AATGGCCGCCAATGCG-1,0.015787,0.352975,0.103824,0.084806,0.016531,0.243245,0.000963,0.118012,0.063855
AATGGTCCACCGTTCA-1,0.140778,0.422095,0.005025,0.096377,0.015214,0.181801,0.006886,0.092101,0.039724
AATGGTTCTCACAAGC-1,0.000064,0.682685,0.025128,0.000064,0.000127,0.000191,0.138978,0.152699,0.000064
AATGTATGGCACTGTA-1,0.003628,0.124827,0.26033,0.019098,0.020819,0.310788,0.016053,0.032254,0.212204
AATGTGCCCGAGGTGT-1,0.075786,0.298491,0.000016,0.000016,0.021034,0.444846,0.000016,0.142916,0.01688
AATGTGCTAATCTGAG-1,0.025228,0.336094,0.017392,0.011215,0.003829,0.578722,0.005101,0.022413,0.000007
AATGTTAAGACCCTGA-1,0.376265,0.207513,0.067586,0.109456,0.005594,0.217402,0.009977,0.005747,0.000459
AATGTTGTCGTGAGAC-1,0.025483,0.08193,0.078086,0.419175,0.112303,0.065931,0.104449,0.040415,0.072228
AATTAAAGGTCGGCGT-1,0.000012,0.692477,0.092965,0.000012,0.004524,0.027916,0.000012,0.182069,0.000012
AATTAACGGATTTCCA-1,0.03336,0.436131,0.310909,0.008229,0.004464,0.020887,0.016764,0.109077,0.06018
AATTACGAGACCCATC-1,0.013431,0.086595,0.000996,0.050799,0.21754,0.555,0.000007,0.020351,0.055282
AATTAGCGCTGCAGCG-1,0.014123,0.5334,0.000031,0.000031,0.008176,0.078732,0.101012,0.243172,0.021322
AATTATACCCAGCAAG-1,0.007526,0.207217,0.103245,0.003533,0.116014,0.539925,0.000011,0.016712,0.005816
AATTCATAAGGGATCT-1,0.10736,0.451942,0.1929,0.000011,0.228291,0.005216,0.004033,0.000011,0.010238
AATTCATTGTCATGCA-1,0.010893,0.123426,0.134461,0.10107,0.046619,0.401201,0.015484,0.041716,0.125129
AATTCCAAGCATGTAC-1,0.057284,0.453524,0.000014,0.000175,0.021885,0.361134,0.000113,0.104653,0.001218
AATTCGATTCGAGGAT-1,0.151334,0.292652,0.272029,0.002373,0.004783,0.239119,0.013273,0.018384,0.006052
AATTCTAGAGTTAGGC-1,0.074744,0.679454,0.134531,0.000018,0.006172,0.014922,0.017421,0.070751,0.001987
AATTGAACGCTCTGGT-1,0.115433,0.077538,0.000019,0.000019,0.035963,0.000056,0.025581,0.040636,0.704756
AATTGCAGCAATCGAC-1,0.121748,0.022578,0.005497,0.037612,0.438145,0.217998,0.065876,0.030502,0.060043
AATTGCGTGGATTACA-1,0.000013,0.048926,0.295624,0.102223,0.013937,0.220184,0.064418,0.103041,0.151634
AATTGTGGTTGCCAAA-1,0.069917,0.155092,0.11119,0.366217,0.133912,0.15414,0.005749,0.00083,0.002952
AATTTGGGACATAGTA-1,0.075194,0.486017,0.028897,0.000019,0.067054,0.109051,0.000019,0.122069,0.11168
AATTTGGTTCCAAAGA-1,0.092388,0.531904,0.000022,0.000022,0.003608,0.017839,0.000022,0.345567,0.008626
ACAAACCATGCGTCCT-1,0.082774,0.093638,0.140277,0.02193,0.033666,0.468505,0.005801,0.003748,0.149661
ACAAACCGACAAGGCG-1,0.007273,0.944377,0.000009,0.000009,0.007611,0.004127,0.000009,0.030216,0.006369
ACAAACTCCATCAGAG-1,0.000024,0.000048,0.000024,0.00166,0.000048,0.142272,0.855688,0.000211,0.000024
ACAAAGAAGGTAGGCC-1,0.000013,0.039764,0.000013,0.004419,0.140144,0.267855,0.02511,0.095011,0.427671
ACAAAGCATGACCTAG-1,0.030237,0.029204,0.348067,0.089355,0.124594,0.231542,0.069641,0.000958,0.076402
ACAAATCGCACCGAAT-1,0.055752,0.292887,0.000015,0.000015,0.029963,0.00402,0.014062,0.026268,0.577018
ACAAATGGTAGTGTTT-1,0.000016,0.248706,0.150931,0.01735,0.004647,0.018759,0.04436,0.045575,0.469656
ACAAATTCAGATCTGA-1,0.000023,0.27286,0.000023,0.077153,0.021067,0.037663,0.002871,0.261771,0.32657
ACAACAGCATGAGCTA-1,0.202861,0.455541,0.000018,0.052804,0.032312,0.010868,0.064397,0.090488,0.090712
ACAACGGTCCCTGCGA-1,0.00008,0.346936,0.00008,0.00008,0.000159,0.000239,0.258606,0.271603,0.122218
ACAAGCAGTGCCTAGC-1,0.000013,0.800263,0.005175,0.003987,0.000164,0.002576,0.000013,0.186588,0.001222
ACAAGCTATATGGAAG-1,0.000645,0.040292,0.003127,0.050295,0.220218,0.4575,0.018837,0.05134,0.157746
ACAAGGAAATCCGCCC-1,0.19555,0.330403,0.000014,0.067346,0.055514,0.022505,0.007368,0.020133,0.301167
ACAAGGACAAGAGGTT-1,0.000064,0.243403,0.050037,0.000064,0.021706,0.000193,0.157036,0.242562,0.284934
ACAAGGATGCTTTAGG-1,0.003263,0.09181,0.006245,0.203991,0.17172,0.157665,0.044633,0.035302,0.285371
ACAAGGCCTACCAGCC-1,0.175418,0.459813,0.005637,0.003205,0.014753,0.259511,0.000011,0.075718,0.005933
ACAAGGGCAGGCTCTG-1,0.250967,0.591797,0.014843,0.00001,0.041988,0.02697,0.00001,0.020202,0.053213
ACAAGTAATTGTAAGG-1,0.096988,0.170963,0.024546,0.00003,0.075397,0.030825,0.125722,0.047596,0.427934
ACAATAGTCGTACGTT-1,0.00002,0.04676,0.019242,0.106345,0.006826,0.533688,0.074433,0.190463,0.022223
ACAATCCATTTAAACC-1,0.000035,0.000069,0.000035,0.000035,0.000069,0.00994,0.929673,0.060109,0.000035
ACAATCGATCTTTATA-1,0.000064,0.000129,0.000064,0.000064,0.000129,0.000193,0.107042,0.823296,0.069018
ACAATGAATACGGAGA-1,0.001389,0.616392,0.001675,0.046767,0.008561,0.30537,0.000012,0.01856,0.001274
ACAATGATTCTTCTAC-1,0.147191,0.113437,0.100892,0.205951,0.007496,0.389115,0.021149,0.011266,0.003503
ACAATTGTGTCTCTTT-1,0.136166,0.064532,0.000014,0.062589,0.193332,0.211183,0.129764,0.034045,0.168374
ACAATTTAGGAGGCTC-1,0.475559,0.024148,0.078023,0.010527,0.023842,0.205786,0.014014,0.090589,0.077512
ACAATTTGAGCAGTGG-1,0.008832,0.405786,0.043,0.04758,0.131864,0.065575,0.010773,0.026732,0.25986
ACAATTTGGCCATATT-1,0.087873,0.150225,0.003543,0.45949,0.133764,0.16508,0.000008,0.000008,0.000008
ACACAAAGACGGGTGG-1,0.014949,0.358993,0.000024,0.000024,0.000774,0.007093,0.000024,0.446786,0.171332
ACACAAATATTCCTAG-1,0.002977,0.025049,0.02403,0.114327,0.186351,0.563771,0.006887,0.058337,0.018271
ACACACCAGGACCAGT-1,0.000013,0.250605,0.060665,0.046086,0.056844,0.122067,0.038111,0.064099,0.36151
ACACACTTTCTACACG-1,0.041396,0.778143,0.052016,0.000021,0.000042,0.000063,0.055879,0.0385,0.033941
ACACATGATCAAATCT-1,0.157026,0.004122,0.002582,0.000276,0.052325,0.19797,0.013034,0.091922,0.480743
ACACATTTCCGTAGAC-1,0.058441,0.170297,0.5706,0.002707,0.000019,0.113734,0.000215,0.083867,0.00012
ACACCACATAATTAGC-1,0.000013,0.025827,0.000013,0.356885,0.181218,0.005162,0.003023,0.051723,0.376137
ACACCCAGCATGCAGC-1,0.00001,0.733796,0.133565,0.000775,0.00069,0.000067,0.008466,0.120692,0.001939
ACACCCGAGAAATCCG-1,0.01595,0.559935,0.14984,0.000039,0.000078,0.000117,0.151463,0.113752,0.008827
ACACCCGTAAATCTGT-1,0.005077,0.355062,0.051717,0.04079,0.039871,0.257499,0.000017,0.137293,0.112674
ACACCGAGCGCTCTTT-1,0.063002,0.792683,0.000006,0.000006,0.019634,0.114338,0.000006,0.008672,0.001653
ACACCGGTCTGACCGC-1,0.036514,0.116822,0.322755,0.106319,0.017369,0.063356,0.039402,0.025707,0.271756
ACACCTTAAGTAGGGC-1,0.000063,0.000127,0.000063,0.000063,0.000127,0.00019,0.646273,0.35303,0.000063
ACACCTTACTACTTGC-1,0.001111,0.038657,0.437077,0.418357,0.021629,0.008546,0.007288,0.011548,0.055787
ACACGAGACTCCTTCT-1,0.02258,0.369625,0.423473,0.037521,0.000028,0.009775,0.015755,0.062063,0.05918
ACACGGCACTATGCAT-1,0.014877,0.492138,0.000044,0.002538,0.000093,0.043036,0.012829,0.406819,0.027627
ACACGGGAACTTAGGG-1,0.135554,0.493472,0.146147,0.000044,0.015179,0.017633,0.000041,0.09067,0.101262
ACACGTAGGCCACAAG-1,0.114787,0.111211,0.307001,0.153172,0.065684,0.242893,0.005241,0.000006,0.000006
ACACTCCAATGTCACT-1,0.000048,0.000096,0.000048,0.000048,0.000096,0.000144,0.612059,0.387413,0.000048
ACACTGATCAAGGTGT-1,0.000052,0.000104,0.000052,0.000052,0.000104,0.000157,0.174266,0.732781,0.092431
ACACTGGGACAGTCGT-1,0.001536,0.01681,0.548934,0.376201,0.00755,0.043862,0.002909,0.002191,0.000007
ACAGAACTGAGAACAA-1,0.098499,0.028287,0.000015,0.017918,0.048228,0.405174,0.046145,0.260118,0.095616
ACAGATTAGGTTAGTG-1,0.000024,0.469996,0.000024,0.000024,0.008081,0.027439,0.006169,0.488218,0.000024
ACAGCATAGAGCCAGT-1,0.000576,0.71823,0.00002,0.00002,0.003128,0.00006,0.00002,0.277926,0.00002
ACAGCGACATTCTCAT-1,0.032616,0.067683,0.377141,0.007915,0.204897,0.223602,0.002742,0.025841,0.057562
ACAGCGCACCCGCAGC-1,0.098765,0.323238,0.054437,0.000026,0.000155,0.139315,0.020092,0.176995,0.186979
ACAGGCACGGATCCTT-1,0.061182,0.081758,0.039334,0.042248,0.226872,0.493787,0.001386,0.019842,0.03359
ACAGGCTTGCCCGACT-1,0.016447,0.436118,0.000259,0.001165,0.198762,0.211748,0.000013,0.028822,0.106664
ACAGGTGGAGGTGAGG-1,0.000105,0.000209,0.000105,0.000105,0.000209,0.000314,0.729993,0.019483,0.249477
ACAGGTGTGTTGTTGC-1,0.132821,0.181052,0.203122,0.001499,0.135344,0.346147,0.000005,0.000005,0.000005
ACAGTAATACAACTTG-1,0.04067,0.000031,0.073547,0.18422,0.018733,0.114053,0.102341,0.026649,0.439756
ACAGTATACCGTGGGA-1,0.045919,0.126959,0.180872,0.205355,0.064876,0.306933,0.011483,0.036825,0.020778
ACAGTGCAGCGCATTT-1,0.001045,0.026067,0.009026,0.067565,0.01507,0.35543,0.002348,0.438192,0.085256
ACATAAGTCGTGGTGA-1,0.053946,0.066103,0.534195,0.002668,0.000148,0.304248,0.001449,0.008241,0.029002
ACATAATAAGGCGGTG-1,0.005005,0.341521,0.000028,0.000028,0.036612,0.06903,0.005054,0.368824,0.173899
ACATACAATCAAGCGG-1,0.068078,0.013781,0.122468,0.028088,0.292786,0.177753,0.166308,0.005876,0.124864
ACATCAGCTGGGACGC-1,0.124299,0.022204,0.000025,0.000025,0.067395,0.170142,0.006962,0.139775,0.469174
ACATCCCGGCCATACG-1,0.020194,0.867805,0.000013,0.000013,0.03663,0.053581,0.000013,0.021738,0.000013
ACATCCTGGTAACTGT-1,0.00003,0.000061,0.00003,0.00003,0.003166,0.000091,0.058545,0.009082,0.928964
ACATCGATCGTTTACC-1,0.037443,0.834321,0.00002,0.00002,0.022709,0.007037,0.040181,0.053269,0.005001
ACATCGCAATATTCGG-1,0.235254,0.286758,0.000031,0.000031,0.038241,0.088345,0.00293,0.120925,0.227485
ACATCGGTCAGCCGCG-1,0.000087,0.021881,0.029022,0.000087,0.000174,0.00026,0.804026,0.000087,0.144376
ACATCGTATGCAATGG-1,0.063414,0.205252,0.000018,0.000018,0.052121,0.031095,0.000018,0.027051,0.621013
ACATCGTTAACCTAGT-1,0.008969,0.673258,0.009251,0.000039,0.007714,0.025326,0.000039,0.053094,0.222309
ACATCTCAACGCGTAA-1,0.034495,0.102887,0.000039,0.051996,0.000079,0.000118,0.28133,0.502094,0.02696
ACATGCTTACGGCAGC-1,0.242268,0.074524,0.004151,0.000024,0.020996,0.447707,0.01879,0.051136,0.140403
ACATGGCGCCAAAGTA-1,0.030201,0.215578,0.041315,0.001943,0.371762,0.058665,0.000941,0.017675,0.26192
ACATTAGTTTATATCC-1,0.02048,0.606326,0.000038,0.000038,0.007718,0.051324,0.000038,0.288791,0.025245
ACATTCGCGCGGAATA-1,0.003995,0.080843,0.015636,0.015777,0.06016,0.07742,0.003807,0.299596,0.442766
ACATTTGAAACCTAAC-1,0.006745,0.005175,0.311814,0.061242,0.183085,0.240916,0.047064,0.016291,0.127668
ACCAAACACCCAGCGA-1,0.123706,0.136646,0.03576,0.014923,0.132716,0.390378,0.020105,0.048194,0.097573
ACCAAACTAGAAATCC-1,0.000014,0.706592,0.110833,0.000066,0.003156,0.012252,0.005798,0.157137,0.004152
ACCAACACCACACACT-1,0.045466,0.35844,0.028595,0.04173,0.220201,0.184546,0.020587,0.020364,0.080071
ACCAACCGCACTCCAC-1,0.017619,0.029234,0.063434,0.282497,0.108534,0.285625,0.020745,0.024248,0.168063
ACCAACGCTTATTTAT-1,0.001378,0.213725,0.000024,0.000024,0.000048,0.1076,0.398566,0.278611,0.000024
ACCAAGAACGCGTGTC-1,0.000042,0.001738,0.000042,0.000042,0.000084,0.000126,0.234877,0.660194,0.102855
ACCAAGTCATCGGCAG-1,0.000234,0.007782,0.019277,0.040063,0.30706,0.07316,0.159907,0.090383,0.302133
ACCAATATGCAAGTTA-1,0.210216,0.459158,0.251944,0.000009,0.000018,0.000956,0.000009,0.015368,0.062324
ACCACAACTCAGAACA-1,0.031441,0.561576,0.165638,0.00209,0.0159,0.170902,0.000047,0.010777,0.041629
ACCACAAGTTTCTATC-1,0.035921,0.522964,0.16524,0.00357,0.000375,0.00339,0.027361,0.224716,0.016463
ACCACACGGTTGATGG-1,0.113943,0.232676,0.143379,0.00511,0.000045,0.213682,0.051042,0.097578,0.142545
ACCACCAATGTAACAA-1,0.130804,0.104989,0.051956,0.001146,0.367246,0.026267,0.048969,0.040196,0.228426
ACCACCCTCTCTTCTA-1,0.016949,0.048804,0.019888,0.305005,0.135336,0.450055,0.000007,0.00034,0.023616
ACCACGTGCAGCTATA-1,0.040176,0.374748,0.008366,0.025396,0.012396,0.035787,0.184009,0.167143,0.151978
ACCAGACCATAACAAC-1,0.401237,0.0328,0.004704,0.003254,0.091167,0.378001,0.000006,0.000282,0.088549
ACCAGCCCGGTCTTTG-1,0.000041,0.403375,0.000041,0.000041,0.000083,0.000124,0.000041,0.532073,0.064179
ACCAGGAGTGTGATCT-1,0.000081,0.000161,0.000081,0.000081,0.000161,0.000242,0.352173,0.571091,0.07593
ACCAGTGCCCGGTCAA-1,0.001688,0.189334,0.127529,0.000021,0.021159,0.058256,0.008348,0.062453,0.531213
ACCAGTGCGGGAGACG-1,0.019688,0.292447,0.000016,0.000016,0.362885,0.001675,0.129113,0.058051,0.13611
ACCATATCCGCAATAA-1,0.049326,0.297155,0.000029,0.000029,0.000389,0.000089,0.005136,0.54465,0.103196
ACCATCCGCCAACTAG-1,0.004582,0.029446,0.241709,0.021581,0.019513,0.280778,0.007374,0.020222,0.374795
ACCATCGTATATGGTA-1,0.000136,0.000272,0.000136,0.000136,0.000272,0.000408,0.831741,0.000136,0.166761
ACCATTAAGGGTGTCA-1,0.024858,0.650813,0.000016,0.000016,0.000031,0.186116,0.000016,0.13812,0.000016
ACCCAACGCCCGTGGC-1,0.021314,0.497878,0.048355,0.000009,0.145036,0.249559,0.004552,0.006657,0.02664
ACCCACCTACATGCTC-1,0.000031,0.000061,0.006509,0.000031,0.000061,0.000092,0.608834,0.38435,0.000031
ACCCATCTTGAGGGTA-1,0.000153,0.301088,0.128655,0.000153,0.000306,0.000459,0.2986,0.056454,0.214133
ACCCATTTGTCCCTCT-1,0.134571,0.060279,0.433585,0.059845,0.058832,0.250025,0.002854,0.000005,0.000005
ACCCGAGCGAAATTAC-1,0.01417,0.230839,0.104363,0.029684,0.012128,0.318702,0.005578,0.224256,0.060279
ACCCGATTGGTTCCGA-1,0.000021,0.246761,0.000021,0.196254,0.010427,0.186511,0.000021,0.305811,0.054172
ACCCGGAAACTCCCAG-1,0.110956,0.509249,0.020349,0.137919,0.046484,0.006677,0.097567,0.030278,0.040523
ACCCGGAGCACCACAA-1,0.052111,0.134989,0.425005,0.055204,0.069788,0.26289,0.000004,0.000004,0.000004
ACCCGGATGACGCATC-1,0.00412,0.085754,0.000026,0.000026,0.2108,0.000079,0.005664,0.011776,0.681754
ACCCGGTTACACTTCC-1,0.000047,0.271778,0.001653,0.000047,0.005648,0.00014,0.000047,0.564749,0.155892
ACCCGTAGCAGAGAAT-1,0.020138,0.0754,0.122598,0.005852,0.19666,0.347948,0.024739,0.008315,0.198349
ACCCGTAGTCTAGTTG-1,0.031387,0.208598,0.057948,0.040961,0.359093,0.21504,0.020164,0.026701,0.040106
ACCCGTGTCATCAGTA-1,0.000021,0.577827,0.091712,0.002576,0.012592,0.08285,0.000021,0.229253,0.003148
ACCCTATGCCATATCG-1,0.000041,0.000081,0.000041,0.000041,0.000081,0.000122,0.98546,0.014092,0.000041
ACCCTCCCGTCAGGGC-1,0.004362,0.102779,0.033402,0.087537,0.083311,0.51599,0.013227,0.080751,0.07864
ACCCTCCCTTGCTATT-1,0.000022,0.312327,0.05585,0.045181,0.03806,0.277994,0.011014,0.072482,0.18707
ACCCTGGTAACGCCCT-1,0.072593,0.182228,0.000013,0.00755,0.474478,0.153161,0.000013,0.044955,0.065008
ACCCTTCATCTGCGAA-1,0.223285,0.711791,0.000016,0.000016,0.000501,0.002737,0.000016,0.061621,0.000016
ACCCTTGCCTGGGTCG-1,0.030874,0.019231,0.056839,0.028419,0.10511,0.694955,0.011973,0.043834,0.008766
ACCCTTTAGTTCTCCA-1,0.262845,0.490681,0.000025,0.01021,0.004129,0.064239,0.019843,0.148004,0.000025
ACCGAAAGGGCCCTGC-1,0.000021,0.23623,0.011338,0.000021,0.000041,0.006472,0.301395,0.444462,0.000021
ACCGAAGAGTCTGGTT-1,0.003358,0.074047,0.157407,0.095439,0.027984,0.458079,0.003211,0.015188,0.165286
ACCGACACATCTCCCA-1,0.001015,0.098275,0.004108,0.162325,0.003986,0.065272,0.154424,0.375293,0.135301
ACCGACTGAGTCCCAC-1,0.027444,0.272106,0.000034,0.000034,0.014358,0.129976,0.002976,0.407784,0.145289
