Barcode,Topic 1,Topic 2,Topic 3,Topic 4,Topic 5,Topic 6,Topic 7,Topic 8,Topic 9to10
AAACAACGAATAGTTC-1,0.073598,0.000006,0.000039,0.000158,0.383965,0.007849,0.260696,0.1672,0.106489
AAACAAGTATCTCCCA-1,0.00002,0.00002,0.150404,0.018447,0.471594,0.250551,0.004472,0.010731,0.093761
AAACAATCTACTAGCA-1,0.00003,0.024634,0.139809,0.38626,0.00003,0.37783,0.001608,0.043453,0.026346
AAACACCAATAACTGC-1,0.016003,0.012162,0.066512,0.185881,0.159507,0.109716,0.026078,0.190514,0.233627
AAACAGAGCGACTCCT-1,0.000047,0.000047,0.076194,0.587946,0.118178,0.000047,0.000047,0.000047,0.217449
AAACAGCTTTCAGAAG-1,0.000032,0.17112,0.001454,0.571772,0.000032,0.132997,0.003319,0.015209,0.104065
AAACAGGGTCTATATT-1,0.030073,0.075556,0.072508,0.42974,0.000031,0.358643,0.000031,0.01001,0.023408
AAACAGTGTTCCTGGG-1,0.334179,0.416314,0.195454,0.052288,0.0016,0.000033,0.000033,0.000033,0.000066
AAACATGGTGAGAGGA-1,0.058945,0.045929,0.152459,0.267459,0.245285,0.003384,0.224195,0.000016,0.002328
AAACATTTCCCGGATT-1,0.003839,0.019705,0.074498,0.380823,0.316924,0.003132,0.154722,0.000028,0.04633
AAACCACTACACAGAT-1,0.000476,0.000011,0.000011,0.000011,0.767278,0.000109,0.015348,0.054431,0.162325
AAACCCGAACGAAATC-1,0.164605,0.000039,0.761653,0.000039,0.000039,0.033303,0.000039,0.040204,0.000078
AAACCGGAAATGTTAA-1,0.011748,0.000015,0.082352,0.036465,0.838538,0.003258,0.000015,0.004711,0.022898
AAACCGGGTAGGTACC-1,0.012663,0.704458,0.000907,0.270462,0.000045,0.000045,0.000045,0.011271,0.000104
AAACCGTTCGTCCAGG-1,0.264616,0.291462,0.065975,0.000023,0.032554,0.08061,0.007299,0.193955,0.063505
AAACCTAAGCAGCCGG-1,0.000056,0.03462,0.236863,0.345405,0.043458,0.180484,0.125128,0.000018,0.033966
AAACCTCATGAAGTTG-1,0.271131,0.081324,0.008192,0.001277,0.001976,0.316182,0.01967,0.278232,0.022015
AAACGAAGAACATACC-1,0.000032,0.019703,0.029911,0.8039,0.002674,0.056835,0.067298,0.000032,0.019613
AAACGAAGATGGAGTA-1,0.01182,0.084572,0.020316,0.178904,0.053165,0.012509,0.576205,0.000042,0.062468
AAACGACAGTCTTGCC-1,0.001676,0.031253,0.483278,0.098428,0.223621,0.135417,0.022,0.000047,0.00428
AAACGAGACGGTTGAT-1,0.002884,0.11784,0.000018,0.256196,0.005862,0.052961,0.011011,0.064283,0.488946
AAACGCCCGAGATCGG-1,0.02456,0.000106,0.695847,0.278851,0.000106,0.000106,0.000106,0.000106,0.000212
AAACGCTGGGCACGAC-1,0.000011,0.000011,0.054813,0.019116,0.71527,0.0081,0.001104,0.003072,0.198503
AAACGGGCGTACGGGT-1,0.066639,0.000021,0.079291,0.272213,0.384355,0.000021,0.056889,0.140529,0.000042
AAACGGGTTGGTATCC-1,0.272072,0.000019,0.10577,0.122838,0.293152,0.017011,0.000019,0.188789,0.000332
AAACGGTTGCGAACTG-1,0.14534,0.134524,0.049163,0.244127,0.067409,0.034413,0.013221,0.155942,0.155861
AAACGTGTTCGCCCTA-1,0.000016,0.000016,0.099035,0.000016,0.617142,0.245038,0.006423,0.000016,0.032298
AAACTAACGTGGCGAC-1,0.000086,0.000086,0.669094,0.241668,0.088638,0.000086,0.000086,0.000086,0.000171
AAACTCGGTTCGCAAT-1,0.051211,0.001243,0.010165,0.436187,0.057598,0.12285,0.116253,0.155296,0.049197
AAACTCGTGATATAAG-1,0.000062,0.031235,0.945171,0.023158,0.000062,0.000062,0.000062,0.000062,0.000125
AAACTGCTGGCTCCAA-1,0.058606,0.119826,0.004081,0.602677,0.000646,0.000034,0.001626,0.096505,0.115999
AAACTTAATTGCACGC-1,0.061456,0.003886,0.010839,0.31172,0.185938,0.051499,0.100233,0.062909,0.211521
AAACTTGCAAACGTAT-1,0.000024,0.210956,0.051158,0.267418,0.000024,0.235001,0.0628,0.027036,0.145584
AAAGAATGACCTTAGA-1,0.019405,0.00001,0.027804,0.200913,0.483009,0.003412,0.216468,0.032221,0.016757
AAAGAATGTGGACTAA-1,0.000024,0.000024,0.183125,0.335634,0.463227,0.000024,0.003836,0.000024,0.014083
AAAGACATGAAGTTTA-1,0.038834,0.155615,0.802338,0.002932,0.000047,0.000047,0.000047,0.000047,0.000094
AAAGACCCAAGTCGCG-1,0.00001,0.021664,0.00001,0.006198,0.001438,0.021392,0.072603,0.006968,0.869717
AAAGACTGGGCGCTTT-1,0.000007,0.000007,0.000007,0.000007,0.075938,0.000007,0.120714,0.138858,0.664453
AAAGCTTGCCTACATA-1,0.028675,0.033425,0.065214,0.021394,0.625835,0.04825,0.022896,0.00157,0.152743
AAAGGCCCTATAATAC-1,0.079426,0.202945,0.013557,0.146096,0.297907,0.001238,0.019278,0.014204,0.225349
AAAGGCTACGGACCAT-1,0.000046,0.169593,0.205403,0.508215,0.000049,0.000046,0.000046,0.000046,0.116555
AAAGGCTCTCGCGCCG-1,0.065957,0.000022,0.0323,0.153393,0.139193,0.000022,0.000022,0.538786,0.070304
AAAGGGATGTAGCAAG-1,0.000033,0.042132,0.119481,0.173309,0.000033,0.522107,0.000033,0.000189,0.142684
AAAGGGCAGCTTGAAT-1,0.001585,0.066566,0.019794,0.023777,0.078109,0.041317,0.066683,0.092258,0.609911
AAAGGTAAGCTGTACC-1,0.117911,0.018412,0.477374,0.385666,0.000106,0.000106,0.000106,0.000106,0.000212
AAAGGTCAACGACATG-1,0.116426,0.000041,0.363404,0.00235,0.317425,0.009533,0.000041,0.190699,0.000081
AAAGTAGCATTGCTCA-1,0.000047,0.325967,0.000047,0.358497,0.037566,0.00068,0.000944,0.03304,0.243213
AAAGTCACTGATGTAA-1,0.053602,0.166812,0.103331,0.124456,0.000029,0.475265,0.002614,0.060938,0.012952
AAAGTCGACCCTCAGT-1,0.047545,0.016481,0.00001,0.016067,0.064998,0.018204,0.079872,0.347997,0.408825
AAAGTGCCATCAATTA-1,0.000026,0.000026,0.18243,0.143282,0.609189,0.000026,0.000026,0.004152,0.060844
AAAGTGTGATTTATCT-1,0.000049,0.000049,0.17206,0.44812,0.028262,0.21309,0.05686,0.000049,0.081461
AAAGTTGACTCCCGTA-1,0.103788,0.000064,0.163553,0.455252,0.080804,0.00303,0.050846,0.089581,0.053082
AAATAACCATACGGGA-1,0.000029,0.000029,0.032883,0.419919,0.230503,0.041558,0.0743,0.078866,0.121913
AAATAAGGTAGTGCCC-1,0.092866,0.000046,0.899972,0.000046,0.000046,0.006837,0.000046,0.000046,0.000093
AAATACCTATAAGCAT-1,0.020266,0.035856,0.137946,0.074218,0.012625,0.54923,0.022208,0.022918,0.124734
AAATAGCTTAGACTTT-1,0.000062,0.144908,0.563049,0.229443,0.000062,0.055539,0.000062,0.000062,0.006815
AAATAGGGTGCTATTG-1,0.000028,0.073287,0.067573,0.425906,0.000028,0.279307,0.038195,0.000028,0.11565
AAATCACTCCTAAACG-1,0.000029,0.000029,0.293156,0.017691,0.409241,0.151768,0.128,0.000029,0.000058
AAATCCGATACACGCC-1,0.002285,0.041816,0.251075,0.539066,0.026024,0.018742,0.113335,0.000027,0.00763
AAATCGCGGAAGGAGT-1,0.000013,0.021635,0.024474,0.163639,0.138203,0.131552,0.306774,0.023094,0.190616
AAATCGTGTACCACAA-1,0.068151,0.282711,0.000023,0.062637,0.074892,0.010171,0.011435,0.12742,0.362561
AAATCTAGCCCTGCTA-1,0.000034,0.008686,0.193098,0.406041,0.226293,0.074461,0.001721,0.000034,0.089632
AAATCTGCCCGCGTCC-1,0.041486,0.000024,0.307235,0.387511,0.185801,0.000024,0.077849,0.000024,0.000047
AAATGACTGATCAAAC-1,0.010327,0.085872,0.123916,0.212631,0.275788,0.03068,0.102674,0.00002,0.158092
AAATGATTCGATCAGC-1,0.001094,0.032498,0.580742,0.271283,0.000097,0.000097,0.000097,0.113899,0.000194
AAATGCTCGTTACGTT-1,0.000046,0.105459,0.000046,0.594535,0.000046,0.025461,0.000046,0.000046,0.274316
AAATGGCATGTCTTGT-1,0.012164,0.035908,0.063107,0.113129,0.078804,0.112414,0.091209,0.017797,0.475468
AAATGGCCCGTGCCCT-1,0.049916,0.005552,0.193942,0.223106,0.039299,0.167055,0.000193,0.320409,0.000528
AAATGGTCAATGTGCC-1,0.009199,0.146797,0.002419,0.117551,0.05901,0.000026,0.002158,0.352949,0.309892
AAATGTATCTTATCCC-1,0.000026,0.046871,0.007392,0.394349,0.000026,0.35079,0.066038,0.004374,0.130134
AAATGTGGGTGCTCCT-1,0.000029,0.00912,0.158543,0.446961,0.107412,0.033383,0.17721,0.000029,0.067315
AAATTAACGGGTAGCT-1,0.000025,0.090294,0.001017,0.302074,0.000562,0.029599,0.003096,0.206102,0.367229
AAATTAATAAGCGCGA-1,0.034279,0.114679,0.090285,0.478696,0.000031,0.165664,0.032188,0.053413,0.030766
AAATTACACGACTCTG-1,0.000021,0.000021,0.071878,0.107711,0.053177,0.202429,0.377506,0.006619,0.180637
AAATTACCTATCGATG-1,0.000034,0.018384,0.078146,0.329788,0.119846,0.037102,0.004667,0.014421,0.397611
AAATTCCAGGTCCAAA-1,0.034524,0.057872,0.626963,0.110663,0.00006,0.032526,0.00006,0.13374,0.003593
AAATTGATAGTCCTTT-1,0.057418,0.859399,0.040958,0.041784,0.000073,0.000073,0.000073,0.000073,0.000147
AAATTGCGGCGGTTCT-1,0.000013,0.029744,0.026396,0.033391,0.005225,0.234792,0.149608,0.010107,0.510723
AAATTGGTGAGAAGCA-1,0.000036,0.000036,0.112838,0.158613,0.499199,0.037369,0.104561,0.000036,0.087311
AAATTTACCGAAATCC-1,0.007376,0.004356,0.180314,0.189249,0.501451,0.01908,0.010722,0.007547,0.079905
AAATTTGCGGGTGTGG-1,0.192632,0.779757,0.000024,0.000024,0.000024,0.000024,0.000024,0.002273,0.025217
AACAACTGGTAGTTGC-1,0.213117,0.428882,0.175091,0.002792,0.000038,0.147038,0.000038,0.032928,0.000076
AACAATACATTGTCGA-1,0.387523,0.552869,0.000016,0.000016,0.017591,0.000995,0.000016,0.017302,0.023672
AACAATTACTCTACGC-1,0.171772,0.020768,0.260456,0.041422,0.000031,0.067195,0.000031,0.438261,0.000063
AACACACGCTCGCCGC-1,0.00002,0.022149,0.034853,0.108463,0.30963,0.031977,0.081919,0.003641,0.407347
AACACGACTGTACTGA-1,0.157636,0.069891,0.029107,0.060235,0.173897,0.202247,0.010317,0.158109,0.138562
AACACGAGACGCGGCC-1,0.000033,0.228185,0.000353,0.453043,0.000033,0.00771,0.053103,0.035564,0.221976
AACACGCGGCCGCGAA-1,0.045234,0.016543,0.212443,0.011567,0.003543,0.648888,0.026805,0.018104,0.016873
AACAGCTGTGTGGCAA-1,0.14839,0.741871,0.107895,0.000032,0.000032,0.00165,0.000032,0.000032,0.000064
AACAGGAAATCGAATA-1,0.025982,0.000025,0.025263,0.255474,0.037778,0.022959,0.040401,0.235213,0.356905
AACAGGATGGGCCGCG-1,0.031014,0.074396,0.021085,0.011107,0.137005,0.002679,0.009693,0.237865,0.475157
AACAGGTAGTATGGAT-1,0.05312,0.055033,0.187329,0.096413,0.055327,0.156162,0.049309,0.109758,0.237548
AACATAGCGTGTATCG-1,0.070955,0.000011,0.214746,0.003076,0.26,0.029647,0.418165,0.000011,0.003389
AACATATCAACTGGTG-1,0.000037,0.000037,0.170875,0.414073,0.127128,0.063562,0.007637,0.009518,0.207133
AACATCGATACGTCTA-1,0.404248,0.000048,0.47921,0.000048,0.000048,0.000048,0.000048,0.116208,0.000095
AACATTGAAGTTGATC-1,0.017494,0.408276,0.000047,0.416585,0.127266,0.000047,0.000215,0.000047,0.030025
AACATTGGTCAGCCGT-1,0.000023,0.028494,0.012088,0.171397,0.000079,0.093372,0.344474,0.000108,0.349965
AACATTGTGACTCGAG-1,0.179967,0.179852,0.141864,0.064229,0.066009,0.107967,0.008383,0.064355,0.187374
AACCAAGACTTCTCTG-1,0.154292,0.025984,0.010743,0.00001,0.049566,0.087234,0.00505,0.453713,0.213409
AACCAGTATCACTCTT-1,0.000079,0.000079,0.35807,0.542229,0.099145,0.000079,0.000079,0.000079,0.000159
AACCATAGGGTTGAAC-1,0.021935,0.020139,0.009008,0.163545,0.180392,0.006305,0.207945,0.0124,0.37833
AACCATGGGATCGCTA-1,0.045237,0.20607,0.000891,0.000014,0.000949,0.115601,0.00205,0.056127,0.57306
AACCCAGAGACGGAGA-1,0.013159,0.00092,0.019998,0.000013,0.092105,0.111974,0.024716,0.243978,0.493137
AACCCATCCCATGATC-1,0.118545,0.000076,0.192868,0.194882,0.098429,0.000076,0.000076,0.394896,0.000152
AACCCGACAACCCGTG-1,0.377549,0.395194,0.039666,0.000021,0.068176,0.035543,0.000021,0.004555,0.079275
AACCCGAGCAGAATCG-1,0.12348,0.000057,0.673449,0.129115,0.018489,0.000057,0.0545,0.00074,0.000113
AACCCGATAGGGCTTC-1,0.000021,0.000021,0.029261,0.069074,0.597302,0.008343,0.095149,0.000532,0.200297
AACCCGCTGTATTCCA-1,0.073511,0.000011,0.010786,0.033685,0.549404,0.000183,0.005604,0.314473,0.012343
AACCCTACTGTCAATA-1,0.000021,0.004446,0.010424,0.190686,0.118344,0.034149,0.070657,0.000021,0.571251
AACCCTGGTGGAACCA-1,0.008798,0.000021,0.062296,0.25339,0.228664,0.038946,0.299554,0.085719,0.02261
AACCGAGCTTGGTCAT-1,0.000029,0.076224,0.022969,0.333192,0.005909,0.082458,0.079348,0.011273,0.388598
AACCGCTAAGGGATGC-1,0.004543,0.000014,0.045834,0.005527,0.05411,0.565164,0.196774,0.007945,0.12009
AACCGTTGTGTTTGCT-1,0.074041,0.044236,0.000034,0.309523,0.055873,0.020829,0.018397,0.031658,0.445408
AACCTAAAGCCGTCCG-1,0.000018,0.000018,0.125216,0.100041,0.431513,0.092183,0.092346,0.000018,0.158646
AACCTCGCTTTAGCCC-1,0.000029,0.023901,0.083119,0.405304,0.096396,0.133882,0.1728,0.000668,0.083901
AACCTGTCACGGAATT-1,0.000044,0.019234,0.74205,0.139914,0.000044,0.098535,0.000044,0.000044,0.000089
AACCTTTAAATACGGT-1,0.034657,0.177414,0.049151,0.173207,0.020493,0.243484,0.094177,0.070535,0.136884
AACCTTTACGACGTCT-1,0.000027,0.000027,0.000028,0.104011,0.326348,0.031212,0.078455,0.159439,0.300452
AACGAAAGTCGTCCCA-1,0.014835,0.000019,0.031281,0.48653,0.108901,0.02578,0.111448,0.150095,0.071111
AACGACCTCCTAGCCG-1,0.039926,0.005286,0.868254,0.014598,0.05284,0.005806,0.012281,0.000956,0.000053
AACGATAATGCCGTAG-1,0.000031,0.051071,0.030363,0.495308,0.000031,0.208826,0.027414,0.000031,0.186926
AACGATAGAAGGGCCG-1,0.000033,0.126235,0.000033,0.502943,0.000033,0.005494,0.01225,0.000033,0.352946
AACGATATGTCAACTG-1,0.025939,0.005777,0.019344,0.003206,0.039899,0.279993,0.020713,0.176207,0.428923
AACGCATGATCTGGGT-1,0.000075,0.102994,0.673051,0.200769,0.000075,0.022736,0.000075,0.000075,0.00015
AACGCGAACGGCAACA-1,0.227798,0.118498,0.006424,0.211992,0.045047,0.001221,0.000029,0.271689,0.117302
AACGCGACCTTGGGCG-1,0.3651,0.146598,0.107866,0.172647,0.006632,0.089266,0.000037,0.008416,0.103437
AACGCGGTCTCCAGCC-1,0.007208,0.012952,0.063359,0.007702,0.004423,0.232577,0.029378,0.017368,0.625034
AACGCTGTTGCTGAAA-1,0.01906,0.099827,0.108202,0.307223,0.163469,0.092888,0.033231,0.050704,0.125397
AACGGACGTACGTATA-1,0.000048,0.080191,0.2464,0.436262,0.000048,0.22661,0.010296,0.000048,0.000096
AACGGCCATCTCCGGT-1,0.175634,0.702572,0.059214,0.000033,0.001335,0.054584,0.00003,0.002333,0.004266
AACGTACTGTGGGTAC-1,0.194742,0.804976,0.000035,0.000035,0.000035,0.000035,0.000035,0.000035,0.00007
AACGTAGTCTACCCAT-1,0.133449,0.000027,0.000027,0.141299,0.458215,0.000027,0.005329,0.221118,0.040507
AACGTCAGACTAGTGG-1,0.000039,0.171703,0.000039,0.285828,0.000039,0.000039,0.000039,0.000039,0.542236
AACGTCATCCGGCTTG-1,0.000014,0.057648,0.051251,0.229455,0.31617,0.002805,0.118499,0.000014,0.224144
AACGTCGCTGCACTTC-1,0.237707,0.000043,0.656272,0.000043,0.105722,0.000043,0.000043,0.000043,0.000085
AACGTGATGAAGGACA-1,0.000041,0.000041,0.068439,0.27347,0.249022,0.000041,0.33576,0.000041,0.073144
AACGTGCGAAAGTCTC-1,0.000028,0.09231,0.006874,0.334785,0.000028,0.174389,0.040482,0.049739,0.301364
AACGTTATCAGCACCT-1,0.026197,0.039312,0.018286,0.159125,0.0215,0.094554,0.078777,0.402902,0.159346
AACGTTCTACCATTGT-1,0.000023,0.000023,0.525403,0.259607,0.20341,0.006049,0.00423,0.000023,0.001233
AACTACCCGTTTGTCA-1,0.038254,0.064547,0.162483,0.092115,0.076603,0.178271,0.033537,0.113934,0.240257
AACTAGCGTATCGCAC-1,0.042841,0.057367,0.109749,0.366972,0.000048,0.316013,0.000048,0.037436,0.069527
AACTAGGCTTGGGTGT-1,0.000035,0.078533,0.278738,0.127423,0.008732,0.303199,0.000035,0.149794,0.053511
AACTCAAGTTAATTGC-1,0.026067,0.698941,0.000029,0.009281,0.099656,0.000029,0.013461,0.000249,0.152288
AACTCCAGAGCGTGTT-1,0.000043,0.019223,0.184265,0.5393,0.102425,0.002678,0.05809,0.000043,0.093932
AACTCCTAATCCCATG-1,0.000019,0.000019,0.000652,0.10239,0.314087,0.009845,0.028999,0.000019,0.543969
AACTCGATAAACACGT-1,0.000017,0.009234,0.000017,0.299176,0.000017,0.002413,0.475257,0.000452,0.213417
AACTCGATGGCGCAGT-1,0.000036,0.129399,0.00038,0.449215,0.000757,0.025628,0.000036,0.153754,0.240794
AACTCTCAATAGAGCG-1,0.000057,0.000361,0.264598,0.421853,0.000737,0.216066,0.000057,0.095096,0.001172
AACTCTCAGTGTGCTC-1,0.141256,0.596584,0.014669,0.122346,0.120271,0.000058,0.000058,0.004643,0.000116
AACTGAGGTCAGCGTC-1,0.000086,0.000086,0.692331,0.100585,0.161987,0.044579,0.000086,0.000086,0.000173
AACTGAGTTATACTGA-1,0.000049,0.000049,0.482177,0.127746,0.368217,0.010409,0.01111,0.000049,0.000195
AACTGATATTAGGCCT-1,0.055409,0.016867,0.10285,0.016637,0.00483,0.682848,0.020906,0.017582,0.082071
AACTGGGTCCCGACGT-1,0.000031,0.105379,0.005306,0.419237,0.000031,0.207508,0.027282,0.000031,0.235194
AACTGGGTTCGAGCCG-1,0.004047,0.000103,0.167277,0.164571,0.444844,0.113752,0.000103,0.04714,0.058162
AACTGGTGTGGGCCTT-1,0.000013,0.000175,0.043222,0.005449,0.006362,0.213649,0.05929,0.001289,0.670549
AACTTCTGCGTCTATC-1,0.172037,0.224552,0.177138,0.070249,0.000055,0.014485,0.005118,0.146346,0.190018
AACTTGCCCGTATGCA-1,0.000055,0.128787,0.307999,0.301012,0.000055,0.147828,0.000055,0.023584,0.090626
AACTTGCGTTCTCGCG-1,0.004291,0.057757,0.000018,0.054017,0.071423,0.002235,0.068748,0.056228,0.685284
AACTTTACGGGAGCTT-1,0.000032,0.1028,0.000032,0.492557,0.000032,0.126521,0.015753,0.048031,0.21424
AACTTTAGCTGCTGAG-1,0.000021,0.000548,0.00847,0.190441,0.00555,0.017188,0.093398,0.004112,0.68027
AACTTTCTCGATCATG-1,0.032751,0.006897,0.000012,0.000012,0.643009,0.000012,0.158081,0.003357,0.155869
AAGAAAGTTTGATGGG-1,0.086933,0.000019,0.158445,0.339895,0.150634,0.000019,0.263996,0.000019,0.000038
AAGAAATCACCAGATT-1,0.014859,0.000017,0.255828,0.000017,0.474911,0.239775,0.0078,0.001953,0.004839
AAGAAGGATCAGTTAG-1,0.000052,0.149884,0.101929,0.490271,0.000052,0.066721,0.02214,0.015588,0.153363
AAGACATACGTGGTTT-1,0.324341,0.000067,0.236274,0.035586,0.403159,0.000067,0.000067,0.000305,0.000134
AAGACCAAATAACTCA-1,0.002696,0.058272,0.009515,0.18635,0.033111,0.000064,0.694792,0.000009,0.015191
AAGACCCAACTGAACA-1,0.00192,0.203629,0.000019,0.234646,0.115311,0.001022,0.022906,0.006718,0.413829
AAGACTAACCCGTTGT-1,0.044347,0.08429,0.007757,0.023796,0.03581,0.196529,0.045628,0.201049,0.360793
AAGACTCACGCCCACT-1,0.1486,0.036925,0.344877,0.226446,0.1286,0.000066,0.056749,0.021567,0.036169
AAGACTGCAAGCTACT-1,0.017553,0.003695,0.106002,0.148203,0.017952,0.194097,0.005581,0.122233,0.384684
AAGAGATGAATCGGTA-1,0.025096,0.283337,0.031957,0.108589,0.014753,0.00003,0.022739,0.008613,0.504886
AAGAGCTCTTTATCGG-1,0.000035,0.022474,0.000035,0.263643,0.029119,0.041612,0.058046,0.036295,0.548741
AAGAGGATGTACGCGA-1,0.020973,0.400315,0.000028,0.054477,0.001493,0.001117,0.000863,0.11174,0.408994
AAGAGGCATGGATCGC-1,0.00002,0.016156,0.004244,0.258379,0.016239,0.051062,0.016592,0.132961,0.504348
AAGAGGCCCTTTGGAA-1,0.16393,0.004693,0.447684,0.324599,0.021623,0.000046,0.000046,0.037288,0.000091
AAGATGGCACCGGACC-1,0.349261,0.442745,0.100419,0.000018,0.000018,0.107463,0.000018,0.000018,0.000037
AAGATTGGCGGAACGT-1,0.00003,0.00003,0.09769,0.416395,0.003909,0.29736,0.049751,0.027822,0.107012
AAGCACCCTGCGTATC-1,0.000017,0.000036,0.014432,0.252917,0.027231,0.043594,0.03591,0.015345,0.610518
AAGCATACTCTCCTGA-1,0.032396,0.00267,0.064708,0.027863,0.128476,0.205389,0.159929,0.28601,0.092559
AAGCCACTTGCAGGTA-1,0.713361,0.280754,0.00579,0.000014,0.000014,0.000014,0.000014,0.000014,0.000027
AAGCCGAAGCGGTTTA-1,0.000052,0.027557,0.592623,0.088079,0.002816,0.258465,0.001499,0.00843,0.020479
AAGCCGCCGTGAAATC-1,0.015849,0.12846,0.007738,0.163199,0.305388,0.000019,0.044134,0.032744,0.302469
AAGCCGCTTTACCTTG-1,0.038578,0.000022,0.217529,0.003223,0.458785,0.200044,0.06619,0.015138,0.00049
AAGCCGGAGAGCAGGA-1,0.005892,0.000023,0.219166,0.018896,0.745186,0.007048,0.000023,0.003721,0.000046
AAGCGCAGGGCTTTGA-1,0.000025,0.01366,0.000893,0.42329,0.191825,0.000025,0.053335,0.000025,0.316922
AAGCGGAGTGCGCGCA-1,0.00003,0.00003,0.221198,0.405071,0.204839,0.027278,0.078571,0.00003,0.062952
AAGCGGCGTCATGGGT-1,0.000077,0.000451,0.546791,0.452217,0.000077,0.000077,0.000077,0.000077,0.000154
AAGCGTCCCTCATCGA-1,0.398378,0.546639,0.02479,0.00003,0.00003,0.030016,0.00003,0.00003,0.000059
AAGCTAGATCGAGTAA-1,0.043811,0.078649,0.057768,0.263134,0.014735,0.140649,0.020463,0.339916,0.040874
AAGCTATGGATTGACC-1,0.238155,0.000714,0.169807,0.209012,0.302775,0.000035,0.079396,0.000035,0.00007
AAGCTCGTGCCAAGTC-1,0.000047,0.137087,0.074305,0.322529,0.000047,0.364029,0.001045,0.000047,0.100865
AAGCTCTTTCATGGTG-1,0.000026,0.029919,0.08992,0.115346,0.170772,0.296341,0.019988,0.010268,0.267421
AAGGAGAACTTATAAG-1,0.000024,0.000024,0.064368,0.280241,0.082634,0.008114,0.530366,0.000024,0.034205
AAGGAGCGGTTGGTGC-1,0.003956,0.067489,0.00002,0.013867,0.084633,0.000661,0.016449,0.269025,0.543901
AAGGATCGATCGCTTG-1,0.000071,0.063562,0.549972,0.169288,0.000071,0.04056,0.000071,0.033963,0.142442
AAGGATGAGGGACCTC-1,0.023315,0.000022,0.102505,0.000022,0.076583,0.725047,0.028672,0.021676,0.022158
AAGGCAGGCTGTCTCC-1,0.007162,0.081116,0.891568,0.018628,0.001269,0.000051,0.000051,0.000051,0.000103
AAGGCGCGTAAAGCTT-1,0.116711,0.218524,0.002147,0.000016,0.080599,0.00536,0.000016,0.432704,0.143923
AAGGCTGTGCTCATCG-1,0.000054,0.73642,0.052565,0.05896,0.000054,0.143733,0.000054,0.000054,0.008108
AAGGGAACGACTGGCT-1,0.033714,0.048845,0.076236,0.257074,0.164705,0.057891,0.022325,0.162104,0.177107
AAGGGACAGATTCTGT-1,0.000041,0.057175,0.093009,0.519428,0.000041,0.239598,0.032131,0.000041,0.058537
AAGGGACTATGCATTC-1,0.145137,0.506902,0.015641,0.197467,0.043603,0.000038,0.012819,0.002958,0.075436
AAGGGTTAGCCATGCG-1,0.01996,0.000025,0.27542,0.053665,0.650805,0.000025,0.000025,0.000025,0.00005
AAGGGTTTGATTTCAG-1,0.006341,0.000018,0.02963,0.37817,0.364983,0.000114,0.163428,0.000856,0.05646
AAGGTATCCTAATATA-1,0.009904,0.03286,0.001498,0.068844,0.051254,0.129129,0.194956,0.280062,0.231493
AAGGTGATAAACCAGC-1,0.000026,0.014436,0.041968,0.30599,0.119886,0.083065,0.075598,0.032973,0.326059
AAGTAAGCTTCCAAAC-1,0.000011,0.02411,0.021487,0.146607,0.01595,0.067865,0.305488,0.117235,0.301246
AAGTAGAAGACCGGGT-1,0.014348,0.065109,0.000015,0.025198,0.092635,0.000015,0.001756,0.421156,0.379768
AAGTAGTGACGCGAGG-1,0.092776,0.313059,0.000021,0.000021,0.011918,0.005647,0.000463,0.195971,0.380124
AAGTCAATTGTCGTCA-1,0.000019,0.000019,0.039011,0.024443,0.268087,0.072675,0.015177,0.004393,0.576177
AAGTCTAGTAGCTGCC-1,0.000028,0.000028,0.17699,0.217088,0.559083,0.015191,0.024278,0.005784,0.00153
AAGTCTTCTGTGGCCT-1,0.04536,0.268953,0.029834,0.227242,0.024202,0.110643,0.071448,0.091536,0.130781
AAGTGACGACCGAATT-1,0.000016,0.079912,0.000016,0.038878,0.022542,0.000016,0.113261,0.017189,0.728171
AAGTGAGTCGGGTTTA-1,0.000046,0.499217,0.025411,0.219946,0.06125,0.001848,0.024162,0.00079,0.16733
AAGTGCAAAGGTAGAC-1,0.1248,0.056173,0.072702,0.071731,0.018194,0.262603,0.003843,0.35633,0.033624
AAGTGCCTTGACTGTA-1,0.000038,0.031496,0.13032,0.30908,0.136012,0.217008,0.000038,0.000038,0.175971
AAGTGCGTTAGAATCT-1,0.000076,0.511346,0.000076,0.488049,0.000076,0.000076,0.000076,0.000076,0.000151
AAGTGCTTCTCTATTG-1,0.587802,0.41188,0.00004,0.00004,0.00004,0.00004,0.00004,0.00004,0.000079
AAGTGTTTGGAGACGG-1,0.000024,0.054504,0.032063,0.271405,0.085908,0.111251,0.166948,0.028486,0.249412
AAGTTCACTCCAAGCT-1,0.100178,0.000018,0.001511,0.052569,0.221998,0.014329,0.139906,0.436678,0.032813
AAGTTCAGTCTGCGTA-1,0.006033,0.287983,0.562779,0.030817,0.000069,0.000069,0.000069,0.000069,0.112113
AAGTTCGGCCAACAGG-1,0.314301,0.469285,0.007655,0.005286,0.000023,0.020321,0.004272,0.070974,0.107884
AAGTTGTGATGTTATA-1,0.000024,0.000024,0.268151,0.087928,0.371427,0.108701,0.002015,0.052306,0.109425
AAGTTTACTAATGGCA-1,0.000042,0.005324,0.04287,0.706887,0.024351,0.032929,0.131511,0.000042,0.056044
AAGTTTATGGGCCCAA-1,0.149432,0.000014,0.013632,0.138527,0.120691,0.001138,0.299008,0.24475,0.032809
AATAACAACGCTCGGC-1,0.042269,0.193933,0.012733,0.013026,0.067189,0.019553,0.000017,0.224197,0.427083
AATAACACTAGAACAA-1,0.138402,0.861349,0.000031,0.000031,0.000031,0.000031,0.000031,0.000031,0.000062
AATAACGTCGCGCCCA-1,0.113783,0.033476,0.627577,0.146722,0.078207,0.000047,0.000047,0.000047,0.000094
AATAAGTCCTCGAGAC-1,0.000021,0.000021,0.174053,0.211704,0.130483,0.142983,0.271577,0.000021,0.069139
AATAATCTTCGTATCG-1,0.039945,0.000048,0.872278,0.000048,0.014249,0.07324,0.000048,0.000048,0.000096
AATACAATGTTTCAGG-1,0.000045,0.086683,0.000107,0.6209,0.000045,0.002456,0.000045,0.039125,0.250593
AATACCGGAGGGCTGT-1,0.659024,0.288128,0.052675,0.000025,0.000025,0.000025,0.000025,0.000025,0.000049
AATACCTGATGTGAAC-1,0.060007,0.002335,0.197425,0.116816,0.48254,0.083786,0.022956,0.005748,0.028386
AATAGAACAGAGTGGC-1,0.091028,0.452778,0.0116,0.003333,0.137931,0.10847,0.008305,0.054784,0.131771
AATAGAATCTGTTTCA-1,0.000021,0.000021,0.006824,0.159903,0.020505,0.053137,0.453817,0.000021,0.305753
AATAGCAAGCCTCCTG-1,0.000072,0.000072,0.563783,0.000072,0.435643,0.000072,0.000072,0.000072,0.000143
AATAGCTACCGCGTGC-1,0.000067,0.082021,0.766688,0.136136,0.000067,0.014755,0.000067,0.000067,0.000133
AATAGGCACGACCCTT-1,0.734773,0.265105,0.000015,0.000015,0.000015,0.000015,0.000015,0.000015,0.00003
AATAGTCCGTCCCGAC-1,0.066564,0.131121,0.015932,0.305952,0.050034,0.001868,0.000028,0.068898,0.359603
AATAGTCGCGAGTCGG-1,0.000026,0.054938,0.001953,0.320308,0.000026,0.100121,0.104754,0.002655,0.415218
AATATCAAGGTCGGAT-1,0.000079,0.10029,0.145714,0.332224,0.000079,0.357813,0.000079,0.05908,0.004642
AATATCCTAGCAAACT-1,0.000015,0.032039,0.000675,0.312018,0.091067,0.011851,0.138529,0.059179,0.354628
AATATCGAATCAATGC-1,0.00005,0.071547,0.820703,0.078197,0.00005,0.029252,0.00005,0.00005,0.0001
AATATCGAGGGTTCTC-1,0.000039,0.000039,0.035282,0.305915,0.380091,0.00552,0.000039,0.097685,0.175392
AATATTGGAGTATTGA-1,0.000028,0.05913,0.000459,0.182846,0.000028,0.024279,0.070635,0.008267,0.654328
AATCAGACTGCAGGAC-1,0.000028,0.000028,0.032018,0.2271,0.000028,0.192669,0.104677,0.000028,0.443425
AATCAGGTTTCATTTA-1,0.566124,0.306715,0.126744,0.00006,0.00006,0.00006,0.00006,0.00006,0.000119
AATCATGTAAAGACTC-1,0.000042,0.022703,0.340767,0.469373,0.046614,0.073536,0.002639,0.000042,0.044284
AATCCAAGGGCCTGAG-1,0.000018,0.18785,0.000018,0.127268,0.00061,0.000018,0.075466,0.015286,0.593465
AATCCATGCAAGGGTG-1,0.000023,0.058455,0.016842,0.171453,0.000023,0.071279,0.112158,0.000023,0.569744
AATCCCGCTCAGAGCC-1,0.162657,0.000027,0.387806,0.106307,0.238386,0.055663,0.006975,0.03116,0.01102
AATCGAGGTCTCAAGG-1,0.015725,0.002613,0.185107,0.284321,0.38401,0.009988,0.075388,0.000016,0.042831
AATCGCCTCAGCGCCA-1,0.004962,0.10132,0.000935,0.234383,0.049927,0.054544,0.015344,0.084023,0.454562
AATCGCGCAGAGGACT-1,0.024228,0.053883,0.214811,0.085673,0.021039,0.192967,0.052773,0.121453,0.233174
AATCGGGACACTACGA-1,0.000032,0.048119,0.014228,0.444308,0.000032,0.057701,0.101933,0.00006,0.333586
AATCGGTATAGCCCTC-1,0.043312,0.000115,0.564566,0.195105,0.177451,0.000043,0.000061,0.000043,0.019305
AATCGTGAGCCGAGCA-1,0.027864,0.005773,0.217462,0.335991,0.137371,0.082115,0.15738,0.004289,0.031755
AATCTAGGTTTACTTG-1,0.046681,0.048527,0.13648,0.050115,0.068248,0.212294,0.017985,0.08417,0.335501
AATCTATGCCGGAGCC-1,0.642034,0.000153,0.077354,0.000153,0.006393,0.000153,0.000153,0.2733,0.000306
AATCTCTACTGTGGTT-1,0.000038,0.086148,0.010407,0.550226,0.000038,0.188369,0.04659,0.017176,0.101006
AATCTGCGTTGGGACG-1,0.000034,0.024909,0.186477,0.301227,0.063948,0.084636,0.065145,0.033109,0.240515
AATCTGGCTTTCTAGT-1,0.047999,0.004545,0.038868,0.138383,0.024874,0.297264,0.038487,0.157927,0.251652
AATCTGGGTAGACCCT-1,0.06387,0.000072,0.419268,0.243158,0.207846,0.000072,0.065498,0.000072,0.000144
AATGACAGCAATGTCT-1,0.000062,0.685573,0.085194,0.165019,0.000062,0.00063,0.000062,0.062253,0.001144
AATGACGTAGGATGTC-1,0.031592,0.017251,0.001798,0.016944,0.133664,0.045866,0.027555,0.149764,0.575566
AATGACTGTCAGCCGG-1,0.065269,0.230308,0.000016,0.010705,0.045515,0.000016,0.006815,0.068498,0.572857
AATGAGTTCGCATATG-1,0.00004,0.029504,0.083426,0.313037,0.003853,0.193887,0.000439,0.254712,0.121102
AATGATGATACGCTAT-1,0.000053,0.000053,0.035052,0.619184,0.046636,0.096051,0.084248,0.000053,0.118671
AATGATGCGACTCCTG-1,0.000065,0.00153,0.256309,0.573313,0.000065,0.079087,0.000065,0.010033,0.079533
AATGCAACCGGGTACC-1,0.012043,0.066417,0.053111,0.323486,0.007458,0.065705,0.002749,0.234615,0.234416
AATGCACCAAGCAATG-1,0.000021,0.000021,0.061923,0.046283,0.438462,0.131429,0.000021,0.032548,0.289291
AATGGCCGCCAATGCG-1,0.025723,0.000019,0.125849,0.000019,0.699438,0.010835,0.000019,0.138059,0.000038
AATGGTCCACCGTTCA-1,0.000023,0.025361,0.019044,0.239169,0.105803,0.03947,0.043665,0.115121,0.412344
AATGGTTCTCACAAGC-1,0.000051,0.133817,0.108057,0.328794,0.000051,0.291573,0.000051,0.000051,0.137554
AATGTATGGCACTGTA-1,0.01104,0.041572,0.005636,0.274347,0.228893,0.004642,0.041974,0.049472,0.342425
AATGTGCCCGAGGTGT-1,0.111094,0.528346,0.094358,0.265774,0.000071,0.000071,0.000071,0.000071,0.000143
AATGTGCTAATCTGAG-1,0.440806,0.559025,0.000021,0.000021,0.000021,0.000021,0.000021,0.000021,0.000042
AATGTTAAGACCCTGA-1,0.027406,0.086277,0.099166,0.269229,0.310251,0.022609,0.15039,0.000015,0.034658
AATGTTGTCGTGAGAC-1,0.019041,0.011995,0.636767,0.087448,0.040195,0.183231,0.006042,0.000033,0.015248
AATTAAAGGTCGGCGT-1,0.076731,0.369101,0.098742,0.001962,0.000297,0.221942,0.000033,0.013528,0.217663
AATTAACGGATTTCCA-1,0.012806,0.045502,0.196866,0.408859,0.005219,0.155764,0.00172,0.126644,0.046619
AATTACGAGACCCATC-1,0.013941,0.052057,0.03841,0.107593,0.269362,0.119282,0.155007,0.065418,0.17893
AATTACTCGTACGCTC-1,0.004238,0.032328,0.005947,0.149918,0.015377,0.072097,0.063152,0.102203,0.554739
AATTAGCGCTGCAGCG-1,0.030979,0.140001,0.056446,0.28275,0.019087,0.159978,0.008113,0.133027,0.16962
AATTATACCCAGCAAG-1,0.060831,0.000015,0.368429,0.024041,0.168586,0.154989,0.220106,0.001177,0.001826
AATTCATAAGGGATCT-1,0.000049,0.044822,0.29581,0.18665,0.002715,0.436404,0.029913,0.00089,0.002748
AATTCATTGTCATGCA-1,0.062269,0.093886,0.031998,0.241104,0.066483,0.115903,0.28648,0.052083,0.049793
AATTCCAACTTGGTGA-1,0.018524,0.000327,0.123006,0.123904,0.000022,0.337946,0.38532,0.009255,0.001695
AATTCCAAGCATGTAC-1,0.000044,0.057097,0.096197,0.410548,0.014098,0.106229,0.035146,0.034886,0.245755
AATTCGATTCGAGGAT-1,0.008918,0.039679,0.278029,0.294908,0.020958,0.299181,0.012663,0.012204,0.03346
AATTCTAGAGTTAGGC-1,0.000017,0.007769,0.001577,0.060031,0.015511,0.019703,0.09324,0.031442,0.77071
AATTGAACGCTCTGGT-1,0.000023,0.002725,0.108112,0.309525,0.001653,0.077804,0.475578,0.000023,0.024557
AATTGCAGCAATCGAC-1,0.000019,0.006299,0.033214,0.152836,0.513418,0.000783,0.024222,0.000324,0.268885
AATTGCGTGGATTACA-1,0.056308,0.025229,0.133394,0.524846,0.034668,0.000026,0.22545,0.000026,0.000053
AATTGTGGTTGCCAAA-1,0.135787,0.000025,0.863689,0.000025,0.000025,0.000346,0.000025,0.000025,0.000051
AATTTGGGACATAGTA-1,0.000051,0.000051,0.102121,0.412585,0.104662,0.224787,0.000604,0.000051,0.155087
AATTTGGTTCCAAAGA-1,0.000033,0.034888,0.00372,0.418117,0.008909,0.097333,0.066094,0.00724,0.363665
ACAAACCATGCGTCCT-1,0.100925,0.097783,0.046064,0.30987,0.199974,0.007858,0.037527,0.086998,0.113001
ACAAACCGACAAGGCG-1,0.000008,0.000008,0.000008,0.001147,0.721413,0.000008,0.026943,0.078031,0.172433
ACAAACTCCATCAGAG-1,0.789726,0.21014,0.000017,0.000017,0.000017,0.000017,0.000017,0.000017,0.000033
ACAAAGAAGGTAGGCC-1,0.000013,0.013398,0.005513,0.272821,0.054423,0.057129,0.326442,0.118645,0.151613
ACAAAGCATGACCTAG-1,0.000012,0.010796,0.085632,0.037352,0.435446,0.078674,0.213363,0.00085,0.137875
ACAAATCGCACCGAAT-1,0.012666,0.202087,0.179053,0.239913,0.000026,0.273706,0.07603,0.007871,0.008647
ACAAATGGTAGTGTTT-1,0.064894,0.002475,0.09581,0.237747,0.02857,0.036059,0.331099,0.05219,0.151157
ACAAATTCAGATCTGA-1,0.095232,0.013656,0.482431,0.05849,0.132547,0.000086,0.100859,0.007691,0.109007
ACAACAGCATGAGCTA-1,0.002363,0.03082,0.008142,0.144097,0.016254,0.033264,0.032018,0.007242,0.7258
ACAACGGTCCCTGCGA-1,0.054343,0.002356,0.005716,0.001898,0.106556,0.00373,0.000016,0.645326,0.18006
ACAAGCAGTGCCTAGC-1,0.015265,0.382559,0.221698,0.232096,0.000044,0.065909,0.000044,0.022024,0.060361
ACAAGCTATATGGAAG-1,0.000021,0.110923,0.009027,0.448055,0.000021,0.26082,0.003867,0.030025,0.137241
ACAAGGAAATCCGCCC-1,0.001453,0.000066,0.002534,0.047489,0.060966,0.093526,0.030213,0.207016,0.556737
ACAAGGACAAGAGGTT-1,0.012736,0.262114,0.000016,0.058741,0.004758,0.008433,0.166976,0.018659,0.467566
ACAAGGATGCTTTAGG-1,0.044971,0.000016,0.02944,0.031211,0.238242,0.000758,0.177478,0.471902,0.005982
ACAAGGCCTACCAGCC-1,0.162942,0.000028,0.294522,0.034263,0.279481,0.000028,0.004523,0.087407,0.136806
ACAAGGGCAGGCTCTG-1,0.032364,0.005233,0.1041,0.251201,0.025767,0.024282,0.138118,0.261027,0.157909
ACAAGTAATTGTAAGG-1,0.412191,0.293082,0.057198,0.04533,0.155732,0.011669,0.005715,0.000018,0.019065
ACAATAGTCGTACGTT-1,0.006244,0.032879,0.000023,0.102781,0.02694,0.011979,0.07073,0.542682,0.205741
ACAATCCATTTAAACC-1,0.008568,0.344103,0.000871,0.120749,0.068316,0.000029,0.000029,0.15736,0.299976
ACAATCGATCTTTATA-1,0.000032,0.020773,0.031929,0.449162,0.093274,0.023095,0.331361,0.000032,0.050342
ACAATGAATACGGAGA-1,0.170327,0.729383,0.000168,0.000026,0.024696,0.000026,0.000026,0.011967,0.063381
ACAATGATTCTTCTAC-1,0.210377,0.000029,0.065062,0.000994,0.556525,0.000029,0.000029,0.166898,0.000057
ACAATTGTGTCTCTTT-1,0.000039,0.000039,0.066086,0.472679,0.276497,0.000039,0.000816,0.144837,0.038969
ACAATTTAGGAGGCTC-1,0.081096,0.275556,0.101056,0.17805,0.001723,0.173265,0.022729,0.04699,0.119535
ACAATTTGAGCAGTGG-1,0.00024,0.000023,0.000023,0.293158,0.029353,0.032443,0.108432,0.413525,0.122803
ACAATTTGGCCATATT-1,0.000048,0.098811,0.07646,0.260202,0.538101,0.000044,0.000044,0.000044,0.026246
ACACAAAGACGGGTGG-1,0.000017,0.056006,0.109157,0.050218,0.010463,0.12263,0.01464,0.000098,0.636771
ACACAAATATTCCTAG-1,0.032656,0.00002,0.298209,0.00002,0.432392,0.137462,0.094449,0.000931,0.003862
ACACACCAGGACCAGT-1,0.000038,0.013714,0.218494,0.294336,0.020704,0.409497,0.002679,0.000038,0.040499
ACACACTTTCTACACG-1,0.077472,0.098471,0.023507,0.035074,0.060556,0.153643,0.132218,0.328217,0.090843
ACACATGATCAAATCT-1,0.000036,0.135692,0.037906,0.636294,0.000036,0.11496,0.033696,0.034639,0.006741
ACACATTGACGCAACA-1,0.021909,0.039287,0.021728,0.035951,0.112227,0.229526,0.051889,0.145077,0.342406
ACACATTTCCGTAGAC-1,0.067419,0.071217,0.340209,0.31924,0.140226,0.018656,0.042962,0.000024,0.000048
ACACCACATAATTAGC-1,0.164309,0.000037,0.71909,0.000037,0.000037,0.051355,0.000037,0.065026,0.000073
ACACCCAGCATGCAGC-1,0.000067,0.164853,0.000067,0.752881,0.000067,0.000067,0.000067,0.000067,0.081867
ACACCCGAGAAATCCG-1,0.00004,0.185684,0.002864,0.558466,0.00004,0.005836,0.00004,0.111581,0.135449
ACACCCGTAAATCTGT-1,0.006548,0.013479,0.39959,0.050795,0.272383,0.161339,0.095225,0.000028,0.000613
ACACCGAGCGCTCTTT-1,0.000014,0.000014,0.000014,0.112772,0.033851,0.010237,0.047848,0.219555,0.575696
ACACCGGTCTGACCGC-1,0.091303,0.013837,0.031194,0.003534,0.210534,0.082838,0.210587,0.008319,0.347855
ACACCTTAAGTAGGGC-1,0.092635,0.201023,0.029347,0.08012,0.105426,0.000039,0.000039,0.479231,0.012139
ACACCTTACTACTTGC-1,0.232514,0.000067,0.19536,0.100218,0.174681,0.016149,0.003856,0.239321,0.037833
ACACGAGACTCCTTCT-1,0.0199,0.078843,0.025447,0.031869,0.001008,0.044923,0.414083,0.051621,0.332305
ACACGGCACTATGCAT-1,0.000026,0.0071,0.090146,0.269526,0.170965,0.033722,0.247515,0.023779,0.15722
ACACGGGAACTTAGGG-1,0.077937,0.181986,0.057239,0.033866,0.012213,0.364145,0.028218,0.040044,0.204354
ACACGTAGGCCACAAG-1,0.061381,0.000044,0.815134,0.014707,0.075099,0.004882,0.000044,0.022868,0.005843
ACACTCCAATGTCACT-1,0.004882,0.159912,0.000037,0.164704,0.104676,0.000036,0.013377,0.001059,0.551318
ACACTGATCAAGGTGT-1,0.213741,0.622737,0.000038,0.048495,0.008556,0.000038,0.003516,0.051186,0.051693
ACAGAACTGAGAACAA-1,0.121165,0.217449,0.143053,0.367965,0.000042,0.146643,0.000042,0.002586,0.001054
ACAGATTAGGTTAGTG-1,0.000055,0.017243,0.001058,0.763445,0.000055,0.010136,0.000081,0.041899,0.166027
ACAGCATAGAGCCAGT-1,0.012149,0.000008,0.000008,0.000008,0.013779,0.000008,0.410258,0.451674,0.112106
ACAGCGACATTCTCAT-1,0.000032,0.000032,0.03109,0.353642,0.341118,0.004528,0.058315,0.001306,0.209937
ACAGCGCACCCGCAGC-1,0.000053,0.035973,0.096305,0.753493,0.018456,0.000053,0.089322,0.000053,0.006292
ACAGGAGGCGCAGCCG-1,0.000023,0.021823,0.250667,0.248672,0.202953,0.064138,0.087519,0.002038,0.122165
ACAGGCACGGATCCTT-1,0.008132,0.000028,0.080125,0.590429,0.269288,0.000028,0.051726,0.000028,0.000217
ACAGGCTTGCCCGACT-1,0.000032,0.03204,0.094179,0.409762,0.007169,0.238966,0.125869,0.000032,0.091951
ACAGGTGGAGGTGAGG-1,0.225373,0.774392,0.000029,0.000029,0.000029,0.000029,0.000029,0.000029,0.000059
ACAGGTGTGTTGTTGC-1,0.000028,0.100356,0.011172,0.5039,0.000028,0.108427,0.009717,0.033506,0.232866
ACAGTAATACAACTTG-1,0.105655,0.111819,0.150072,0.295341,0.000034,0.268069,0.020333,0.026967,0.02171
ACAGTATACCGTGGGA-1,0.015195,0.00004,0.247158,0.058709,0.453545,0.19637,0.00004,0.008723,0.020218
ACAGTGCAGCGCATTT-1,0.000034,0.000034,0.201782,0.040098,0.560016,0.048998,0.090675,0.010574,0.047791
ACATAAGTCGTGGTGA-1,0.057247,0.070087,0.00396,0.100542,0.091117,0.016452,0.013662,0.134418,0.512516
ACATAATAAGGCGGTG-1,0.003374,0.002958,0.000375,0.134925,0.014337,0.006276,0.023211,0.510486,0.30406
ACATACAATCAAGCGG-1,0.079308,0.002498,0.122431,0.017135,0.614382,0.083767,0.052534,0.004426,0.023519
ACATCAGCTGGGACGC-1,0.001344,0.102287,0.009049,0.032321,0.004808,0.31605,0.172732,0.106193,0.255216
ACATCCCGGCCATACG-1,0.026285,0.014943,0.015175,0.1096,0.165689,0.000051,0.000021,0.445323,0.222913
ACATCCTGGTAACTGT-1,0.001396,0.00667,0.133942,0.252539,0.279532,0.121134,0.001228,0.040592,0.162967
ACATCGATCGTTTACC-1,0.000041,0.075342,0.152902,0.240095,0.000041,0.328323,0.000041,0.152996,0.050221
ACATCGCAATATTCGG-1,0.622912,0.335448,0.000917,0.006421,0.03421,0.000018,0.000018,0.000018,0.000037
ACATCGGTCAGCCGCG-1,0.168644,0.744894,0.03232,0.000031,0.000031,0.053956,0.000031,0.000031,0.000062
ACATCGTATGCAATGG-1,0.027201,0.000012,0.000012,0.003556,0.011851,0.001571,0.480643,0.432197,0.042955
ACATCGTTAACCTAGT-1,0.000034,0.000034,0.062318,0.238705,0.050173,0.130534,0.300171,0.000034,0.217997
ACATCTCAACGCGTAA-1,0.045548,0.006004,0.378091,0.066417,0.272363,0.170608,0.038793,0.000029,0.022148
ACATGCTTACGGCAGC-1,0.074231,0.030113,0.103385,0.03218,0.391859,0.040198,0.074932,0.021284,0.231818
ACATGGCGCCAAAGTA-1,0.000034,0.000034,0.376131,0.079983,0.166226,0.272038,0.000034,0.00203,0.103491
ACATGGCTCAATTTAG-1,0.001946,0.020568,0.046932,0.080521,0.010088,0.334819,0.017146,0.0823,0.405681
ACATTAGTTTATATCC-1,0.000024,0.027927,0.041037,0.166913,0.067697,0.102286,0.071312,0.187052,0.335752
ACATTCGCGCGGAATA-1,0.688347,0.311474,0.000022,0.000022,0.000022,0.000022,0.000022,0.000022,0.000045
ACATTTGAAACCTAAC-1,0.001586,0.012489,0.336147,0.395508,0.211605,0.008871,0.033711,0.000028,0.000055
ACCAAACACCCAGCGA-1,0.045514,0.000024,0.081324,0.031302,0.585613,0.000024,0.000024,0.256127,0.000048
ACCAAACTAGAAATCC-1,0.052803,0.000017,0.144703,0.016759,0.449933,0.040809,0.04088,0.254063,0.000034
ACCAACACCACACACT-1,0.000092,0.053484,0.56755,0.287058,0.000092,0.000092,0.001868,0.000092,0.089671
ACCAACCGCACTCCAC-1,0.039446,0.00002,0.377259,0.120463,0.266414,0.178163,0.017407,0.00002,0.000807
ACCAACGCTTATTTAT-1,0.11732,0.273311,0.012761,0.025058,0.133797,0.002275,0.00091,0.097875,0.336693
ACCAAGAACGCGTGTC-1,0.000043,0.05132,0.04891,0.502173,0.000043,0.087325,0.001681,0.037965,0.270539
ACCAAGTCATCGGCAG-1,0.000018,0.000018,0.138443,0.074814,0.630157,0.026771,0.011868,0.000723,0.117189
ACCAATATGCAAGTTA-1,0.000017,0.037167,0.007631,0.143834,0.066838,0.057731,0.131977,0.012111,0.542694
ACCACAACTCAGAACA-1,0.000048,0.000048,0.30117,0.463004,0.224243,0.006037,0.005305,0.000048,0.000096
ACCACAAGTTTCTATC-1,0.000019,0.203476,0.002815,0.07134,0.030533,0.003382,0.009203,0.011015,0.668219
ACCACACGGTTGATGG-1,0.057843,0.000018,0.072486,0.280931,0.43561,0.012253,0.07174,0.05735,0.011769
ACCACCAATGTAACAA-1,0.000044,0.063843,0.525321,0.20569,0.000044,0.022053,0.000044,0.001765,0.181196
ACCACCCTCTCTTCTA-1,0.000041,0.000041,0.229125,0.110312,0.660274,0.000041,0.000041,0.000041,0.000083
ACCACGTGCAGCTATA-1,0.000027,0.008059,0.042618,0.359267,0.000027,0.115312,0.064643,0.000112,0.409935
ACCACTGTTCAAGAAG-1,0.00003,0.183946,0.00003,0.383977,0.003434,0.041138,0.033143,0.007855,0.346448
ACCAGACCATAACAAC-1,0.0846,0.125121,0.060728,0.177849,0.005988,0.436956,0.00741,0.05291,0.048438
ACCAGCCCGGTCTTTG-1,0.000033,0.000033,0.073342,0.397369,0.383516,0.000359,0.131177,0.000033,0.014138
ACCAGGAGTGTGATCT-1,0.233571,0.000021,0.000021,0.000021,0.096358,0.000021,0.531511,0.137101,0.001375
ACCAGTGCCCGGTCAA-1,0.185815,0.000051,0.233817,0.018209,0.20831,0.020486,0.053463,0.171724,0.108125
ACCAGTGCGGGAGACG-1,0.091818,0.038742,0.174414,0.299897,0.03105,0.070659,0.036917,0.009915,0.246587
ACCATATCCGCAATAA-1,0.000034,0.031792,0.000034,0.212634,0.032339,0.000034,0.017994,0.052649,0.652491
ACCATCCGCCAACTAG-1,0.016004,0.081927,0.000776,0.050007,0.008247,0.055175,0.226618,0.02208,0.539165
