Barcode,Topic 1to3,Topic 4,Topic 5to7,Topic 8to10
AAACAACGAATAGTTC-1,0.024149,0.266576,0.691313,0.017961
AAACAAGTATCTCCCA-1,0.95608,0.000795,0.022214,0.020911
AAACAATCTACTAGCA-1,0.021203,0.267327,0.703693,0.007777
AAACACCAATAACTGC-1,0.000096,0.000032,0.905439,0.094433
AAACAGAGCGACTCCT-1,0.933524,0.065871,0.000302,0.000302
AAACAGCTTTCAGAAG-1,0.000098,0.000321,0.937126,0.062455
AAACAGGGTCTATATT-1,0.004726,0.000044,0.607787,0.387443
AAACAGTGTTCCTGGG-1,0.000063,0.100459,0.527692,0.371786
AAACATGGTGAGAGGA-1,0.026657,0.000108,0.000162,0.973073
AAACATTTCCCGGATT-1,0.835865,0.078649,0.073653,0.011832
AAACCACTACACAGAT-1,0.789968,0.125235,0.000069,0.084728
AAACCCGAACGAAATC-1,0.640254,0.132987,0.185162,0.041597
AAACCGGGTAGGTACC-1,0.024473,0.000024,0.67726,0.298243
AAACCGTTCGTCCAGG-1,0.000067,0.000022,0.714093,0.285818
AAACCTAAGCAGCCGG-1,0.758704,0.000705,0.002092,0.238498
AAACCTCATGAAGTTG-1,0.009337,0.009384,0.688456,0.292823
AAACGAAGAACATACC-1,0.181789,0.268173,0.401143,0.148894
AAACGAAGATGGAGTA-1,0.000205,0.116193,0.578335,0.305266
AAACGACAGTCTTGCC-1,0.93689,0.061248,0.000061,0.001801
AAACGAGACGGTTGAT-1,0.990182,0.000044,0.000131,0.009643
AAACGCCCGAGATCGG-1,0.874153,0.085392,0.000135,0.04032
AAACGGGCGTACGGGT-1,0.513025,0.001856,0.000145,0.484974
AAACGGGTTGGTATCC-1,0.00033,0.317303,0.4785,0.203867
AAACGGTTGCGAACTG-1,0.066186,0.004236,0.333118,0.59646
AAACGTGTTCGCCCTA-1,0.902532,0.000013,0.042122,0.055333
AAACTAACGTGGCGAC-1,0.629486,0.054615,0.021629,0.294269
AAACTCGGTTCGCAAT-1,0.090487,0.014397,0.223544,0.671572
AAACTCGTGATATAAG-1,0.930768,0.068792,0.00022,0.00022
AAACTGCTGGCTCCAA-1,0.555299,0.048196,0.000197,0.396307
AAACTTAATTGCACGC-1,0.00016,0.158894,0.338076,0.50287
AAACTTGCAAACGTAT-1,0.058962,0.023733,0.392744,0.524562
AAAGAATGACCTTAGA-1,0.000212,0.101124,0.024419,0.874245
AAAGAATGTGGACTAA-1,0.841709,0.000024,0.000073,0.158194
AAAGACATGAAGTTTA-1,0.806246,0.113916,0.000082,0.079756
AAAGACCCAAGTCGCG-1,0.071397,0.104406,0.230654,0.593543
AAAGACTGGGCGCTTT-1,0.000145,0.072403,0.483604,0.443848
AAAGGCCCTATAATAC-1,0.000822,0.025577,0.660291,0.313309
AAAGGCTACGGACCAT-1,0.188122,0.000018,0.501549,0.310311
AAAGGCTCTCGCGCCG-1,0.241216,0.006512,0.21375,0.538521
AAAGGGATGTAGCAAG-1,0.327849,0.001361,0.134361,0.53643
AAAGGGCAGCTTGAAT-1,0.025911,0.144322,0.151906,0.677861
AAAGGTAAGCTGTACC-1,0.882139,0.0743,0.00015,0.043411
AAAGGTCAACGACATG-1,0.837194,0.161097,0.000113,0.001596
AAAGTAGCATTGCTCA-1,0.000164,0.01476,0.452795,0.532281
AAAGTCACTGATGTAA-1,0.123769,0.308702,0.014881,0.552648
AAAGTCGACCCTCAGT-1,0.000077,0.018697,0.807311,0.173916
AAAGTGTGATTTATCT-1,0.902424,0.000062,0.000185,0.09733
AAAGTTGACTCCCGTA-1,0.796832,0.000038,0.000115,0.203014
AAATAACCATACGGGA-1,0.778062,0.066156,0.000242,0.155541
AAATAAGGTAGTGCCC-1,0.951039,0.048746,0.000108,0.000108
AAATACCTATAAGCAT-1,0.245943,0.076521,0.125234,0.552302
AAATAGCTTAGACTTT-1,0.654246,0.116907,0.000143,0.228703
AAATAGGGTGCTATTG-1,0.413172,0.000018,0.509867,0.076942
AAATCCGATACACGCC-1,0.875811,0.037125,0.000099,0.086966
AAATCGCGGAAGGAGT-1,0.000093,0.000031,0.916336,0.08354
AAATCGTGTACCACAA-1,0.216984,0.000053,0.112615,0.670349
AAATCTAGCCCTGCTA-1,0.975499,0.000051,0.024299,0.000152
AAATCTGCCCGCGTCC-1,0.004643,0.000659,0.429432,0.565266
AAATGACTGATCAAAC-1,0.054682,0.239554,0.467787,0.237977
AAATGATTCGATCAGC-1,0.928823,0.031307,0.000154,0.039715
AAATGCTCGTTACGTT-1,0.000155,0.027393,0.548198,0.424254
AAATGGCATGTCTTGT-1,0.705882,0.00007,0.037022,0.257026
AAATGGCCCGTGCCCT-1,0.000133,0.00514,0.482243,0.512483
AAATGGTCAATGTGCC-1,0.115346,0.000025,0.395911,0.488718
AAATGTATCTTATCCC-1,0.133589,0.027938,0.154752,0.683721
AAATGTGGGTGCTCCT-1,0.002333,0.258666,0.738978,0.000024
AAATTAACGGGTAGCT-1,0.121667,0.000026,0.370066,0.508241
AAATTAATAAGCGCGA-1,0.000087,0.020955,0.607807,0.371151
AAATTACACGACTCTG-1,0.774839,0.000043,0.000128,0.224991
AAATTACCTATCGATG-1,0.91399,0.00004,0.00012,0.08585
AAATTCCAGGTCCAAA-1,0.925597,0.073967,0.000218,0.000218
AAATTGATAGTCCTTT-1,0.260861,0.000042,0.418805,0.320291
AAATTGCGGCGGTTCT-1,0.000064,0.192032,0.804326,0.003578
AAATTGGTGAGAAGCA-1,0.900931,0.098843,0.000113,0.000113
AAATTTACCGAAATCC-1,0.860249,0.102163,0.037462,0.000126
AAATTTGCGGGTGTGG-1,0.200155,0.003845,0.101677,0.694323
AACAACTGGTAGTTGC-1,0.000113,0.000528,0.63653,0.362829
AACAATACATTGTCGA-1,0.044234,0.000029,0.399097,0.55664
AACAATTACTCTACGC-1,0.000215,0.031962,0.26857,0.699253
AACACACGCTCGCCGC-1,0.806208,0.000025,0.116432,0.077335
AACACGACTGTACTGA-1,0.286455,0.077048,0.394628,0.241869
AACACGAGACGCGGCC-1,0.00013,0.02122,0.435566,0.543085
AACACGCGGCCGCGAA-1,0.000032,0.216787,0.783148,0.000032
AACAGCTGTGTGGCAA-1,0.019575,0.000031,0.507463,0.472932
AACAGGAAATCGAATA-1,0.365196,0.00003,0.334429,0.300345
AACAGGATGGGCCGCG-1,0.000203,0.001642,0.276384,0.72177
AACAGGTAGTATGGAT-1,0.923815,0.075687,0.000249,0.000249
AACATAGCGTGTATCG-1,0.572105,0.008608,0.419225,0.000063
AACATATCAACTGGTG-1,0.953528,0.046041,0.000215,0.000215
AACATCGATACGTCTA-1,0.749648,0.000026,0.02358,0.226746
AACATTGAAGTTGATC-1,0.000046,0.005787,0.984161,0.010007
AACATTGGTCAGCCGT-1,0.000069,0.230315,0.769542,0.000074
AACATTGTGACTCGAG-1,0.068466,0.021308,0.068285,0.84194
AACCAAGACTTCTCTG-1,0.021751,0.059005,0.534122,0.385123
AACCAGTATCACTCTT-1,0.817761,0.136264,0.000152,0.045823
AACCATAGGGTTGAAC-1,0.000097,0.035198,0.920689,0.044016
AACCATGGGATCGCTA-1,0.008454,0.006106,0.622523,0.362917
AACCCAGAGACGGAGA-1,0.064037,0.017344,0.29645,0.622169
AACCCATCCCATGATC-1,0.000126,0.005904,0.594905,0.399065
AACCCGACAACCCGTG-1,0.041666,0.00037,0.625402,0.332562
AACCCGAGCAGAATCG-1,0.999681,0.000046,0.000137,0.000137
AACCCGCTGTATTCCA-1,0.060923,0.330302,0.362676,0.246098
AACCCTACTGTCAATA-1,0.952738,0.000075,0.000225,0.046962
AACCCTGGTGGAACCA-1,0.372091,0.165053,0.426151,0.036706
AACCGAGCTTGGTCAT-1,0.261872,0.000035,0.302313,0.435779
AACCGCTAAGGGATGC-1,0.856679,0.000041,0.000124,0.143156
AACCGTTGTGTTTGCT-1,0.356676,0.05245,0.02562,0.565255
AACCTAAAGCCGTCCG-1,0.536409,0.274596,0.000111,0.188884
AACCTCGCTTTAGCCC-1,0.832415,0.000055,0.000165,0.167364
AACCTGTCACGGAATT-1,0.928343,0.071387,0.000135,0.000135
AACCTTTAAATACGGT-1,0.128271,0.01802,0.238395,0.615315
AACCTTTACGACGTCT-1,0.717661,0.091933,0.188048,0.002358
AACGAAAGTCGTCCCA-1,0.000079,0.000026,0.929687,0.070208
AACGATAATGCCGTAG-1,0.316003,0.002081,0.374759,0.307157
AACGATAGAAGGGCCG-1,0.092884,0.012094,0.00017,0.894852
AACGATATGTCAACTG-1,0.631834,0.000051,0.20653,0.161584
AACGCATGATCTGGGT-1,0.881178,0.030277,0.000216,0.088329
AACGCGAACGGCAACA-1,0.009226,0.041063,0.806832,0.142879
AACGCGACCTTGGGCG-1,0.23507,0.005546,0.383255,0.376128
AACGCGGTCTCCAGCC-1,0.339983,0.000114,0.000342,0.659561
AACGCTGTTGCTGAAA-1,0.87677,0.001554,0.089614,0.032062
AACGGACGTACGTATA-1,0.936713,0.000045,0.000898,0.062344
AACGGCCATCTCCGGT-1,0.051074,0.003544,0.576709,0.368672
AACGTACTGTGGGTAC-1,0.044228,0.000023,0.608662,0.347088
AACGTAGTCTACCCAT-1,0.028036,0.127498,0.84441,0.000056
AACGTCAGACTAGTGG-1,0.057148,0.006182,0.141481,0.79519
AACGTCATCCGGCTTG-1,0.130216,0.327436,0.135438,0.40691
AACGTCGCTGCACTTC-1,0.977013,0.02278,0.000103,0.000103
AACGTGATGAAGGACA-1,0.739696,0.13227,0.081539,0.046496
AACGTGCGAAAGTCTC-1,0.601096,0.000052,0.019348,0.379503
AACGTTATCAGCACCT-1,0.000167,0.000056,0.813484,0.186294
AACTACCCGTTTGTCA-1,0.747264,0.195553,0.019923,0.037261
AACTAGCGTATCGCAC-1,0.04898,0.454878,0.16572,0.330422
AACTAGGCTTGGGTGT-1,0.030141,0.000034,0.720189,0.249635
AACTCAAGTTAATTGC-1,0.134824,0.006278,0.330281,0.528617
AACTCCAGAGCGTGTT-1,0.818827,0.000039,0.000118,0.181016
AACTCCTAATCCCATG-1,0.899777,0.068245,0.02933,0.002647
AACTCGATAAACACGT-1,0.000034,0.234997,0.762293,0.002677
AACTCGATGGCGCAGT-1,0.000096,0.09522,0.796426,0.108258
AACTCTCAATAGAGCG-1,0.922792,0.000052,0.010219,0.066937
AACTCTCAGTGTGCTC-1,0.035095,0.00002,0.684406,0.280479
AACTGAGGTCAGCGTC-1,0.849469,0.000027,0.120734,0.029769
AACTGATATTAGGCCT-1,0.433727,0.004897,0.114209,0.447167
AACTGGGTCCCGACGT-1,0.326917,0.000069,0.000208,0.672806
AACTGGGTTCGAGCCG-1,0.899912,0.059968,0.000102,0.040019
AACTGGTGTGGGCCTT-1,0.051666,0.554903,0.000198,0.393233
AACTTCTGCGTCTATC-1,0.052675,0.016914,0.474297,0.456114
AACTTGCCCGTATGCA-1,0.01826,0.000061,0.456697,0.524981
AACTTGCGTTCTCGCG-1,0.000281,0.048381,0.173265,0.778074
AACTTTACGGGAGCTT-1,0.015706,0.005655,0.851673,0.126966
AACTTTAGCTGCTGAG-1,0.000147,0.615543,0.24007,0.144239
AAGAAAGTTTGATGGG-1,0.000115,0.122436,0.619681,0.257767
AAGAAGGATCAGTTAG-1,0.000173,0.042054,0.573046,0.384726
AAGACATACGTGGTTT-1,0.849205,0.087911,0.000085,0.0628
AAGACCAAATAACTCA-1,0.000073,0.002409,0.986567,0.010951
AAGACCCAACTGAACA-1,0.042483,0.003707,0.3221,0.63171
AAGACTAACCCGTTGT-1,0.000103,0.329633,0.664139,0.006125
AAGACTCACGCCCACT-1,0.683156,0.314126,0.000468,0.00225
AAGACTGCAAGCTACT-1,0.690029,0.00004,0.060575,0.249355
AAGAGATGAATCGGTA-1,0.017849,0.00003,0.603419,0.378702
AAGAGCTCTTTATCGG-1,0.732765,0.000042,0.081037,0.186156
AAGAGGATGTACGCGA-1,0.000084,0.000028,0.755284,0.244605
AAGAGGCATGGATCGC-1,0.870037,0.000033,0.008467,0.121462
AAGAGGCCCTTTGGAA-1,0.999672,0.000047,0.00014,0.00014
AAGATGGCACCGGACC-1,0.071958,0.00122,0.223336,0.703486
AAGATTGGCGGAACGT-1,0.974029,0.000043,0.00013,0.025798
AAGCACCCTGCGTATC-1,0.407567,0.00004,0.061828,0.530564
AAGCATACTCTCCTGA-1,0.162876,0.044322,0.189118,0.603684
AAGCCACTTGCAGGTA-1,0.036153,0.110978,0.623986,0.228884
AAGCCGAAGCGGTTTA-1,0.965278,0.0342,0.000261,0.000261
AAGCCGCCGTGAAATC-1,0.00012,0.016751,0.308777,0.674353
AAGCGCAGGGCTTTGA-1,0.141455,0.039124,0.554132,0.265288
AAGCGGCGTCATGGGT-1,0.823675,0.130128,0.000226,0.04597
AAGCGTCCCTCATCGA-1,0.028714,0.000026,0.739791,0.23147
AAGCTAGATCGAGTAA-1,0.057867,0.000029,0.703008,0.239096
AAGCTATGGATTGACC-1,0.053691,0.316288,0.000119,0.629903
AAGCTCGTGCCAAGTC-1,0.511742,0.000029,0.427574,0.060654
AAGCTCTTTCATGGTG-1,0.763616,0.000044,0.025525,0.210815
AAGGAGAACTTATAAG-1,0.000041,0.118547,0.881372,0.000041
AAGGAGCGGTTGGTGC-1,0.151079,0.016398,0.303236,0.529288
AAGGATCGATCGCTTG-1,0.986087,0.000078,0.000234,0.013602
AAGGATGAGGGACCTC-1,0.947,0.000052,0.000157,0.052791
AAGGCAGGCTGTCTCC-1,0.999671,0.000047,0.000141,0.000141
AAGGCGCGTAAAGCTT-1,0.120957,0.000026,0.529853,0.349164
AAGGCTGTGCTCATCG-1,0.282313,0.018361,0.036991,0.662335
AAGGGAACGACTGGCT-1,0.025133,0.022344,0.676847,0.275676
AAGGGACAGATTCTGT-1,0.847365,0.00005,0.000151,0.152434
AAGGGACTATGCATTC-1,0.015975,0.00004,0.690464,0.293521
AAGGGTTTGATTTCAG-1,0.000319,0.092815,0.000319,0.906548
AAGGTATCCTAATATA-1,0.844439,0.001116,0.00019,0.154256
AAGGTGATAAACCAGC-1,0.949704,0.032251,0.000229,0.017816
AAGTAAGCTTCCAAAC-1,0.06439,0.438854,0.339251,0.157504
AAGTAGAAGACCGGGT-1,0.025903,0.040477,0.365831,0.567789
AAGTAGTGACGCGAGG-1,0.035988,0.00004,0.558677,0.405295
AAGTCAATTGTCGTCA-1,0.743087,0.000048,0.000145,0.25672
AAGTCTTCTGTGGCCT-1,0.071512,0.000072,0.124637,0.803779
AAGTGACGACCGAATT-1,0.028988,0.000037,0.77998,0.190995
AAGTGAGTCGGGTTTA-1,0.000085,0.001936,0.619483,0.378496
AAGTGCAAAGGTAGAC-1,0.000092,0.005696,0.938946,0.055266
AAGTGCCTTGACTGTA-1,0.836758,0.000053,0.000159,0.16303
AAGTGCGTTAGAATCT-1,0.079451,0.023604,0.288686,0.608259
AAGTGCTTCTCTATTG-1,0.044016,0.000972,0.825265,0.129746
AAGTGTTTGGAGACGG-1,0.723508,0.000032,0.138376,0.138084
AAGTTCACTCCAAGCT-1,0.713465,0.00004,0.095261,0.191234
AAGTTCAGTCTGCGTA-1,0.794929,0.057826,0.133843,0.013403
AAGTTCGGCCAACAGG-1,0.217161,0.012275,0.287311,0.483252
AAGTTGTGATGTTATA-1,0.983645,0.000048,0.000144,0.016163
AAGTTTACTAATGGCA-1,0.056896,0.417819,0.469152,0.056133
AAGTTTATGGGCCCAA-1,0.081738,0.0661,0.156802,0.69536
AATAACAACGCTCGGC-1,0.000132,0.04796,0.259725,0.692183
AATAACACTAGAACAA-1,0.021276,0.000017,0.647471,0.331235
AATAACGTCGCGCCCA-1,0.979916,0.019806,0.000139,0.000139
AATAAGTCCTCGAGAC-1,0.448243,0.429812,0.000143,0.121802
AATACAATGTTTCAGG-1,0.031649,0.108138,0.189863,0.670349
AATACCGGAGGGCTGT-1,0.000055,0.000018,0.810806,0.189121
AATACCTGATGTGAAC-1,0.88252,0.094664,0.000114,0.022702
AATAGAACAGAGTGGC-1,0.000046,0.000015,0.893607,0.106332
AATAGAATCTGTTTCA-1,0.933755,0.000042,0.066075,0.000127
AATAGCAAGCCTCCTG-1,0.82646,0.000024,0.000072,0.173444
AATAGCTACCGCGTGC-1,0.716607,0.238905,0.044309,0.000179
AATAGGCACGACCCTT-1,0.000048,0.28007,0.513942,0.205941
AATAGTCCGTCCCGAC-1,0.126899,0.003457,0.241264,0.628379
AATAGTCGCGAGTCGG-1,0.000098,0.000033,0.797333,0.202536
AATATCAAGGTCGGAT-1,0.043452,0.161427,0.601506,0.193615
AATATCCTAGCAAACT-1,0.035928,0.000039,0.517024,0.44701
AATATCGAATCAATGC-1,0.958468,0.022367,0.000197,0.018969
AATATCGAGGGTTCTC-1,0.856654,0.000057,0.000171,0.143119
AATATTGGAGTATTGA-1,0.017639,0.000051,0.683285,0.299026
AATCAGACTGCAGGAC-1,0.151362,0.468899,0.168737,0.211003
AATCAGGTTTCATTTA-1,0.000178,0.000059,0.382783,0.61698
AATCATGTAAAGACTC-1,0.957273,0.019945,0.022632,0.00015
AATCCAAGGGCCTGAG-1,0.238759,0.000024,0.564095,0.197121
AATCCATGCAAGGGTG-1,0.000197,0.23419,0.337711,0.427902
AATCCCGCTCAGAGCC-1,0.144941,0.315901,0.132443,0.406715
AATCGAGGTCTCAAGG-1,0.216326,0.283248,0.339301,0.161125
AATCGCCTCAGCGCCA-1,0.735607,0.059057,0.000245,0.205091
AATCGCGCAGAGGACT-1,0.965888,0.023313,0.00016,0.010639
AATCGGGACACTACGA-1,0.149337,0.034242,0.739468,0.076953
AATCGGTATAGCCCTC-1,0.999688,0.000045,0.000134,0.000134
AATCGTGAGCCGAGCA-1,0.878375,0.010331,0.013204,0.098089
AATCTAGGTTTACTTG-1,0.000129,0.000043,0.814353,0.185474
AATCTATGCCGGAGCC-1,0.802829,0.013068,0.000216,0.183888
AATCTCTACTGTGGTT-1,0.000097,0.017705,0.890702,0.091496
AATCTGCGTTGGGACG-1,0.972747,0.000077,0.000232,0.026945
AATCTGGCTTTCTAGT-1,0.000108,0.000036,0.838945,0.16091
AATCTGGGTAGACCCT-1,0.970545,0.029287,0.000084,0.000084
AATGACAGCAATGTCT-1,0.000153,0.000051,0.429812,0.569984
AATGACGTAGGATGTC-1,0.898498,0.000048,0.000143,0.101311
AATGACTGTCAGCCGG-1,0.124013,0.036527,0.22581,0.61365
AATGAGTTCGCATATG-1,0.060314,0.000047,0.680511,0.259128
AATGATGATACGCTAT-1,0.809515,0.000047,0.000141,0.190298
AATGATGCGACTCCTG-1,0.865278,0.040148,0.00025,0.094324
AATGCAACCGGGTACC-1,0.084259,0.010001,0.25775,0.647991
AATGCACCAAGCAATG-1,0.946725,0.039473,0.000241,0.013561
AATGGTCCACCGTTCA-1,0.000081,0.02133,0.902417,0.076172
AATGGTTCTCACAAGC-1,0.049909,0.017133,0.257852,0.675106
AATGTATGGCACTGTA-1,0.040377,0.095068,0.69812,0.166435
AATGTGCCCGAGGTGT-1,0.041974,0.004909,0.641808,0.311309
AATGTGCTAATCTGAG-1,0.017998,0.025684,0.000715,0.955604
AATGTTAAGACCCTGA-1,0.520607,0.235885,0.213681,0.029827
AATGTTGTCGTGAGAC-1,0.999772,0.000033,0.000098,0.000098
AATTAAAGGTCGGCGT-1,0.022305,0.000023,0.616064,0.361608
AATTAACGGATTTCCA-1,0.151217,0.008548,0.250222,0.590013
AATTACGAGACCCATC-1,0.000168,0.015446,0.769522,0.214864
AATTACTCGTACGCTC-1,0.014792,0.146992,0.792129,0.046086
AATTAGCGCTGCAGCG-1,0.060656,0.006358,0.422081,0.510905
AATTATACCCAGCAAG-1,0.974277,0.005794,0.002981,0.016948
AATTCATAAGGGATCT-1,0.916106,0.000076,0.000228,0.083589
AATTCATTGTCATGCA-1,0.028582,0.048189,0.587945,0.335283
AATTCCAACTTGGTGA-1,0.000063,0.309799,0.488878,0.20126
AATTCCAAGCATGTAC-1,0.144853,0.00004,0.54862,0.306488
AATTCGATTCGAGGAT-1,0.12553,0.000032,0.732267,0.142172
AATTCTAGAGTTAGGC-1,0.088578,0.000036,0.35267,0.558716
AATTGAACGCTCTGGT-1,0.963234,0.000029,0.02008,0.016657
AATTGCAGCAATCGAC-1,0.949883,0.021648,0.000184,0.028284
AATTGCGTGGATTACA-1,0.000132,0.047773,0.887063,0.065032
AATTTGGGACATAGTA-1,0.813027,0.085447,0.101185,0.000342
AATTTGGTTCCAAAGA-1,0.527955,0.000049,0.000146,0.471851
ACAAACCATGCGTCCT-1,0.000112,0.036858,0.374201,0.58883
ACAAACCGACAAGGCG-1,0.668054,0.122089,0.000071,0.209786
ACAAACTCCATCAGAG-1,0.033864,0.172867,0.678192,0.115077
ACAAAGAAGGTAGGCC-1,0.000145,0.014658,0.255662,0.729535
ACAAAGCATGACCTAG-1,0.88118,0.000834,0.040973,0.077013
ACAAATCGCACCGAAT-1,0.683501,0.000047,0.000142,0.31631
ACAAATGGTAGTGTTT-1,0.883262,0.017926,0.000215,0.098597
ACAAATTCAGATCTGA-1,0.802762,0.194276,0.0003,0.002662
ACAACAGCATGAGCTA-1,0.635702,0.000074,0.11993,0.244294
ACAACGGTCCCTGCGA-1,0.144242,0.001158,0.443429,0.411171
ACAAGCAGTGCCTAGC-1,0.000284,0.089539,0.764038,0.14614
ACAAGCTATATGGAAG-1,0.031141,0.000066,0.000199,0.968594
ACAAGGAAATCCGCCC-1,0.803352,0.000044,0.005277,0.191326
ACAAGGACAAGAGGTT-1,0.017718,0.007762,0.390227,0.584293
ACAAGGATGCTTTAGG-1,0.734835,0.00004,0.224239,0.040887
ACAAGGCCTACCAGCC-1,0.824384,0.11195,0.063533,0.000132
ACAAGGGCAGGCTCTG-1,0.794462,0.000041,0.000124,0.205373
ACAAGTAATTGTAAGG-1,0.000055,0.140676,0.844947,0.014322
ACAATAGTCGTACGTT-1,0.000192,0.086989,0.147005,0.765815
ACAATCCATTTAAACC-1,0.100226,0.003921,0.469554,0.426299
ACAATCGATCTTTATA-1,0.252367,0.400361,0.181906,0.165366
ACAATGAATACGGAGA-1,0.060223,0.041406,0.206662,0.691709
ACAATGATTCTTCTAC-1,0.846202,0.116706,0.036933,0.000159
ACAATTGTGTCTCTTT-1,0.68627,0.000052,0.234212,0.079467
ACAATTTAGGAGGCTC-1,0.000109,0.000036,0.734157,0.265698
ACAATTTGAGCAGTGG-1,0.893071,0.000072,0.000215,0.106642
ACACAAAGACGGGTGG-1,0.081098,0.00002,0.595583,0.323298
ACACACCAGGACCAGT-1,0.859455,0.012168,0.00021,0.128168
ACACACTTTCTACACG-1,0.544964,0.010285,0.050878,0.393873
ACACATGATCAAATCT-1,0.000115,0.049493,0.457464,0.492929
ACACATTGACGCAACA-1,0.000152,0.109082,0.63144,0.259326
ACACATTTCCGTAGAC-1,0.083094,0.081978,0.247322,0.587607
ACACCACATAATTAGC-1,0.977002,0.022725,0.000136,0.000136
ACACCCAGCATGCAGC-1,0.000086,0.01302,0.602887,0.384007
ACACCCGAGAAATCCG-1,0.053714,0.000028,0.569512,0.376746
ACACCGAGCGCTCTTT-1,0.000149,0.098303,0.739762,0.161786
ACACCGGTCTGACCGC-1,0.000119,0.021539,0.56027,0.418072
ACACCTTAAGTAGGGC-1,0.109329,0.000079,0.10794,0.782652
ACACCTTACTACTTGC-1,0.888589,0.110796,0.000308,0.000308
ACACGAGACTCCTTCT-1,0.771586,0.00829,0.01731,0.202814
ACACGGCACTATGCAT-1,0.502691,0.267485,0.111054,0.11877
ACACGGGAACTTAGGG-1,0.765287,0.000065,0.061564,0.173084
ACACGTAGGCCACAAG-1,0.683566,0.099334,0.216966,0.000134
ACACTCCAATGTCACT-1,0.0002,0.001152,0.512771,0.485878
ACACTGATCAAGGTGT-1,0.037413,0.000023,0.682579,0.279985
ACACTGGGACAGTCGT-1,0.953038,0.046618,0.000172,0.000172
ACAGAACTGAGAACAA-1,0.00019,0.037612,0.259228,0.70297
ACAGATTAGGTTAGTG-1,0.05106,0.140012,0.67399,0.134938
ACAGCATAGAGCCAGT-1,0.069004,0.008616,0.838122,0.084258
ACAGCGACATTCTCAT-1,0.922497,0.076975,0.000264,0.000264
ACAGCGCACCCGCAGC-1,0.922848,0.00994,0.015396,0.051816
ACAGGAGGCGCAGCCG-1,0.057055,0.125793,0.365659,0.451493
ACAGGCACGGATCCTT-1,0.905393,0.094126,0.000241,0.000241
ACAGGCTTGCCCGACT-1,0.931386,0.000037,0.000111,0.068466
ACAGGTGGAGGTGAGG-1,0.050318,0.003563,0.379189,0.56693
ACAGGTGTGTTGTTGC-1,0.094957,0.000055,0.108921,0.796067
ACAGTAATACAACTTG-1,0.000095,0.009349,0.822452,0.168104
ACAGTATACCGTGGGA-1,0.774489,0.054899,0.081605,0.089007
ACAGTGCAGCGCATTT-1,0.881749,0.056917,0.009098,0.052236
ACATAAGTCGTGGTGA-1,0.000074,0.000025,0.77288,0.227022
ACATAATAAGGCGGTG-1,0.284278,0.000047,0.289952,0.425723
ACATACAATCAAGCGG-1,0.999837,0.000023,0.00007,0.00007
ACATCAGCTGGGACGC-1,0.00012,0.027314,0.493489,0.479077
ACATCCCGGCCATACG-1,0.19307,0.000114,0.15025,0.656567
ACATCCTGGTAACTGT-1,0.780671,0.08983,0.000206,0.129293
ACATCGATCGTTTACC-1,0.07683,0.049078,0.177044,0.697048
ACATCGCAATATTCGG-1,0.000125,0.312568,0.089061,0.598245
ACATCGGTCAGCCGCG-1,0.052057,0.000026,0.60563,0.342287
ACATCGTATGCAATGG-1,0.683244,0.000099,0.256197,0.06046
ACATCGTTAACCTAGT-1,0.774222,0.04845,0.017141,0.160187
ACATCTCAACGCGTAA-1,0.839819,0.041354,0.118773,0.000054
ACATGCTTACGGCAGC-1,0.000107,0.248251,0.61565,0.135992
ACATGGCGCCAAAGTA-1,0.99965,0.00005,0.00015,0.00015
ACATGGCTCAATTTAG-1,0.000271,0.191091,0.281868,0.526769
ACATTAGTTTATATCC-1,0.115872,0.000059,0.219039,0.66503
ACATTCGCGCGGAATA-1,0.04707,0.165272,0.377105,0.410554
ACATTTGAAACCTAAC-1,0.942947,0.056801,0.000126,0.000126
ACCAAACACCCAGCGA-1,0.685936,0.059628,0.237458,0.016977
ACCAAACTAGAAATCC-1,0.283819,0.464704,0.134336,0.11714
ACCAACACCACACACT-1,0.804696,0.038376,0.129141,0.027788
ACCAACCGCACTCCAC-1,0.848137,0.003639,0.000226,0.147998
ACCAACGCTTATTTAT-1,0.100921,0.005481,0.347014,0.546584
ACCAAGAACGCGTGTC-1,0.076931,0.030549,0.033934,0.858586
ACCAAGTCATCGGCAG-1,0.988326,0.011432,0.000121,0.000121
ACCAATATGCAAGTTA-1,0.788735,0.000055,0.000164,0.211046
ACCACAACTCAGAACA-1,0.365965,0.053595,0.580398,0.000042
ACCACAAGTTTCTATC-1,0.106903,0.000021,0.762438,0.130639
ACCACACGGTTGATGG-1,0.545575,0.188699,0.028487,0.237239
ACCACCAATGTAACAA-1,0.944799,0.013566,0.021723,0.019912
ACCACGTGCAGCTATA-1,0.861102,0.000052,0.076802,0.062044
ACCACTGTTCAAGAAG-1,0.025921,0.01002,0.794935,0.169124
ACCAGACCATAACAAC-1,0.001599,0.000054,0.314022,0.684325
ACCAGCCCGGTCTTTG-1,0.659362,0.229896,0.079787,0.030955
ACCAGGAGTGTGATCT-1,0.015026,0.221949,0.75596,0.007065
ACCAGTGCCCGGTCAA-1,0.960551,0.000091,0.039231,0.000127
ACCAGTGCGGGAGACG-1,0.822575,0.01224,0.001444,0.163742
ACCATATCCGCAATAA-1,0.073087,0.000024,0.514734,0.412156
ACCATCCGCCAACTAG-1,0.000114,0.007017,0.693622,0.299247
ACCATCGTATATGGTA-1,0.012366,0.000034,0.444984,0.542616
ACCATTAAGGGTGTCA-1,0.000359,0.180455,0.471903,0.347282
ACCCAACGCCCGTGGC-1,0.689687,0.012564,0.124531,0.173219
ACCCACCTACATGCTC-1,0.126909,0.092606,0.175376,0.605109
ACCCATCTTGAGGGTA-1,0.028909,0.040625,0.37392,0.556546
ACCCATTTGTCCCTCT-1,0.789177,0.045112,0.135464,0.030247
ACCCGAGCGAAATTAC-1,0.028681,0.000045,0.154402,0.816871
ACCCGATTGGTTCCGA-1,0.145266,0.044235,0.131493,0.679006
ACCCGGAAACTCCCAG-1,0.071018,0.063158,0.134468,0.731355
ACCCGGATGACGCATC-1,0.951536,0.000066,0.000197,0.048202
ACCCGGTTACACTTCC-1,0.136469,0.000034,0.586119,0.277379
ACCCGTAGCAGAGAAT-1,0.032274,0.136334,0.779065,0.052327
ACCCGTAGTCTAGTTG-1,0.911649,0.000024,0.012335,0.075992
ACCCGTGTCATCAGTA-1,0.183869,0.020459,0.116609,0.679063
ACCCTATAGGACTGAG-1,0.185112,0.107385,0.022442,0.685061
ACCCTATGCCATATCG-1,0.060619,0.045887,0.347282,0.546211
ACCCTCCCGTCAGGGC-1,0.960389,0.03934,0.000136,0.000136
ACCCTCCCTTGCTATT-1,0.724252,0.000083,0.201749,0.073916
ACCCTGGTAACGCCCT-1,0.965094,0.03471,0.000098,0.000098
ACCCTTCATCTGCGAA-1,0.230098,0.02265,0.25086,0.496392
ACCCTTTAGTTCTCCA-1,0.747319,0.102721,0.043473,0.106487
ACCGAAAGGGCCCTGC-1,0.074254,0.000079,0.924237,0.001431
ACCGAAGAGTCTGGTT-1,0.000163,0.022957,0.584112,0.392768
ACCGACACATCTCCCA-1,0.064843,0.000068,0.646714,0.288375
ACCGACTGAGTCCCAC-1,0.640087,0.000054,0.038421,0.321439
ACCGAGTCTCCTTATT-1,0.686722,0.162218,0.036015,0.115046
ACCGATGGTAGCATCG-1,0.679642,0.000043,0.000129,0.320186
ACCGCAATAACTGCCT-1,0.842196,0.000044,0.000131,0.157629
ACCGCGGTGGAAGTCG-1,0.954997,0.000053,0.044792,0.000159
ACCGCTAGTCATTGGT-1,0.200323,0.237782,0.046855,0.51504
ACCGGGCCTTTGTTGA-1,0.792365,0.000032,0.088399,0.119205
ACCGGTCAGGTACACC-1,0.00008,0.000027,0.774111,0.225782
ACCGGTCTGAGTACGG-1,0.673636,0.102561,0.00015,0.223652
ACCGTCCACTGGGCCC-1,0.000127,0.088078,0.781001,0.130795
ACCGTGACCACGTGGG-1,0.06831,0.000041,0.154561,0.777088
ACCGTTCCCGCTCTGA-1,0.269422,0.057562,0.672963,0.000053
ACCTAAGTACCTTTCA-1,0.000174,0.035471,0.327392,0.636962
ACCTAATCGACTTCCT-1,0.018008,0.086598,0.418636,0.476759
ACCTACAGTATGTGGT-1,0.918383,0.000067,0.0002,0.08135
ACCTACTATAAATCTA-1,0.057337,0.000023,0.698067,0.244572
ACCTCAGCGAGGCGCA-1,0.990053,0.009835,0.000056,0.000056
ACCTCCGCCCTCGCTG-1,0.901914,0.000064,0.000192,0.09783
ACCTCCGTTATTCACC-1,0.690392,0.000035,0.000106,0.309466
ACCTCGAACTTATGCT-1,0.000206,0.141326,0.440936,0.417533
ACCTGCGTGTCATGTT-1,0.000123,0.000041,0.767192,0.232644
ACCTTTCCTTTAGAAG-1,0.159694,0.598212,0.160582,0.081511
ACGAAATGGGCGGCAC-1,0.042283,0.004078,0.644217,0.309421
ACGACTCTAGGGCCGA-1,0.729727,0.104203,0.016645,0.149425
ACGACTGGTCATACTC-1,0.079122,0.000033,0.230804,0.690041
ACGAGAACCCATCACG-1,0.000116,0.226805,0.463333,0.309745
ACGAGATATTTGCTTA-1,0.787115,0.18182,0.000188,0.030877
ACGAGGATACCACTCT-1,0.000137,0.005905,0.869464,0.124493
ACGAGGTTTACAACGT-1,0.000087,0.003723,0.674644,0.321546
ACGAGTACGGATGCCC-1,0.984524,0.000067,0.000202,0.015206
ACGAGTCGCCGGCGTT-1,0.00005,0.159151,0.837783,0.003016
ACGATACATAGAACTA-1,0.706087,0.000037,0.163852,0.130024
ACGATACCTATCCTGA-1,0.019234,0.00005,0.503338,0.477378
ACGATCATACATAGAG-1,0.59208,0.00005,0.03093,0.37694
ACGATCATCTTGTAAA-1,0.845161,0.000056,0.010661,0.144122
ACGATGCATATGTTAT-1,0.000056,0.000019,0.804692,0.195234
ACGATGGATCCGATGC-1,0.593016,0.010921,0.000161,0.395903
ACGCAAACTAATAGAT-1,0.047663,0.000022,0.599411,0.352904
ACGCAATCACTACAGC-1,0.912387,0.087094,0.00026,0.00026
ACGCATAAATGACATG-1,0.865912,0.124745,0.000135,0.009208
ACGCATACGTTTACTA-1,0.976307,0.000056,0.004055,0.019582
ACGCATTCGTGAGTAC-1,0.037263,0.0001,0.797821,0.164816
ACGCCACTCGAAACAG-1,0.216672,0.249682,0.197792,0.335853
ACGCCAGATGATTTCT-1,0.527262,0.000047,0.447059,0.025631
ACGCCAGTGCGTTTGC-1,0.884294,0.115398,0.000154,0.000154
ACGCCCAGCTGTCGAT-1,0.536868,0.302757,0.063914,0.096462
ACGCCGCTAGACGACC-1,0.600503,0.000035,0.269738,0.129724
ACGCGAAGTCAGACGA-1,0.125898,0.029145,0.380414,0.464542
ACGCGCTACACAGGGT-1,0.017251,0.001629,0.743743,0.237377
ACGCGGGCCAAGGACA-1,0.029905,0.000022,0.738815,0.231259
ACGCGTTTCTTAAGAG-1,0.000093,0.000031,0.8876,0.112276
ACGCTAGTGATACACT-1,0.854636,0.077062,0.000246,0.068056
ACGCTGTGAGGCGTAG-1,0.000073,0.000024,0.876523,0.123379
ACGCTTAGTGTCTCTC-1,0.368857,0.061384,0.568678,0.001082
ACGGAACACGAGTGCC-1,0.999846,0.000022,0.000066,0.000066
ACGGAATTTAGCAAAT-1,0.171559,0.044146,0.320313,0.463981
ACGGACGCAGCGACAA-1,0.000076,0.042662,0.918427,0.038835
ACGGACTCTCAAAGCG-1,0.44234,0.046142,0.000143,0.511376
ACGGAGCGCAAATTAC-1,0.733005,0.012812,0.217711,0.036471
ACGGATGGTGCGGATA-1,0.632439,0.000053,0.000158,0.367351
ACGGCACTTGCTTGGG-1,0.086031,0.000032,0.757366,0.156571
ACGGCCAACATGGACT-1,0.035177,0.000038,0.379877,0.584908
ACGGCGACGATGGGAA-1,0.744615,0.000052,0.000155,0.255179
ACGGCGGGTTGCCCTG-1,0.000151,0.489412,0.315812,0.194624
ACGGCTGGATGTAGAA-1,0.00029,0.067661,0.39812,0.53393
ACGGGAGTGTCGGCCC-1,0.000165,0.065559,0.246976,0.6873
ACGGGCGTATGCGACA-1,0.815957,0.109604,0.06976,0.00468
ACGGGTCATGTGACTT-1,0.000078,0.000026,0.999818,0.000078
ACGGGTTGTGACCTGT-1,0.024431,0.127077,0.000241,0.84825
ACGGTACAGTTCAATG-1,0.917142,0.078912,0.000105,0.003841
ACGGTCACCGAGAACA-1,0.000132,0.088779,0.552814,0.358274
ACGTACAGATTTCTCT-1,0.520885,0.105276,0.03357,0.34027
ACGTACTTTGGCACGG-1,0.010345,0.035856,0.508638,0.445161
ACGTAGATTGCTGATG-1,0.445315,0.000079,0.065625,0.488981
ACGTAGGAGAGTCGCT-1,0.114834,0.064812,0.417912,0.402442
ACGTATTACTCCGATC-1,0.933779,0.000058,0.000173,0.06599
ACGTCCTAAACGAGAT-1,0.152194,0.206723,0.641013,0.00007
ACGTCGGGCAACTCGG-1,0.001635,0.053889,0.049324,0.895152
ACGTCTCGTTCCGGGA-1,0.000542,0.00004,0.624618,0.3748
ACGTGACAAAGTAAGT-1,0.000128,0.082044,0.379658,0.53817
ACGTGCGCCTCGTGCA-1,0.293414,0.047259,0.134183,0.525144
ACGTGGTCGAATGTGC-1,0.453991,0.243012,0.298593,0.004403
ACGTTAATGTCGAAGA-1,0.25253,0.000042,0.463264,0.284164
ACGTTAGATTTGCCCG-1,0.247571,0.035719,0.045922,0.670788
ACGTTATTGGTCACTC-1,0.017087,0.025502,0.445692,0.51172
ACGTTCACTATGCCGC-1,0.136756,0.091147,0.206528,0.565569
ACGTTCCGCGCTCCGT-1,0.054795,0.089425,0.854885,0.000896
ACGTTCGCAATCAATT-1,0.904571,0.095105,0.000162,0.000162
ACGTTCGTTCAGGAAA-1,0.055787,0.001498,0.334098,0.608617
ACGTTCTGTACAAGTC-1,0.922177,0.000044,0.023749,0.05403
ACGTTGTCGTTGAAAG-1,0.000127,0.183417,0.193809,0.622648
ACGTTTAGTTGTGATC-1,0.621853,0.000091,0.077976,0.300081
ACTAATACGTCAGGCG-1,0.959888,0.03977,0.000171,0.000171
ACTACAAAGAGAGGTG-1,0.103109,0.045702,0.208478,0.64271
ACTACATCCCGACAAG-1,0.000075,0.028338,0.628565,0.343022
ACTACCAGCTCTCTGG-1,0.090495,0.013602,0.39521,0.500693
ACTACCATCCGAGGGC-1,0.000095,0.166732,0.501279,0.331894
ACTACGCGTTAGAATT-1,0.117799,0.000026,0.349632,0.532544
ACTAGTTGCGATCGTC-1,0.989238,0.000107,0.00032,0.010336
ACTATATGCTGTGTTC-1,0.814327,0.04728,0.016634,0.12176
ACTATCCAGGGCATGG-1,0.951294,0.000051,0.000154,0.048501
ACTATCGCCGGCTAAA-1,0.000236,0.002742,0.094634,0.902388
ACTATCTGCCCGCGTA-1,0.87187,0.000035,0.042964,0.085132
ACTATGTCCAGCTGCC-1,0.000126,0.017547,0.480785,0.501542
ACTATTCGTCCGTGGT-1,0.66994,0.000121,0.000364,0.329575
ACTATTTCCGGGCCCA-1,0.084586,0.012075,0.228767,0.674572
ACTCAACGAATGTATT-1,0.030311,0.345708,0.436389,0.187592
ACTCAAGTGCAAGGCT-1,0.877302,0.000044,0.069244,0.05341
ACTCAATAAAGGCACG-1,0.598716,0.000043,0.225952,0.175289
ACTCAGACCTGCTTCT-1,0.008157,0.16178,0.755189,0.074874
ACTCATGGCAGCCTTC-1,0.000174,0.147341,0.504343,0.348142
ACTCCAATATCATCAT-1,0.00008,0.00286,0.755617,0.241443
ACTCCCATTCCTAAAG-1,0.00014,0.000047,0.709294,0.290519
ACTCCCGAATTCGTTT-1,0.773327,0.000062,0.000187,0.226424
ACTCCCTAATGCTAAA-1,0.229752,0.026097,0.352622,0.391528
ACTCCCTAGAATAGTA-1,0.447992,0.000053,0.087507,0.464448
ACTCCGGCCGACCACT-1,0.962353,0.000039,0.000117,0.037491
ACTCGATGTATTTCAT-1,0.00012,0.00004,0.99422,0.00562
ACTCGCCGTTCGATAA-1,0.990982,0.008832,0.000093,0.000093
ACTCGTAACCCGTCCT-1,0.000172,0.00248,0.416214,0.581134
ACTCGTCAGTAATCCC-1,0.826521,0.000038,0.135046,0.038394
ACTCTAAACCTGGGAT-1,0.020297,0.001008,0.000228,0.978468
ACTCTCTGACTTAGGT-1,0.564674,0.00019,0.327636,0.1075
ACTCTCTTATACACGA-1,0.916569,0.057034,0.000115,0.026282
ACTCTGACCTAATAGA-1,0.892764,0.092644,0.000142,0.014449
ACTCTTGTATAGTAAC-1,0.629114,0.000083,0.026512,0.344291
ACTGAAACGCCGTTAG-1,0.827933,0.043794,0.000194,0.12808
ACTGAATGGCGAAAGT-1,0.633913,0.000061,0.090362,0.275664
ACTGATTTAGTGATTC-1,0.601127,0.207219,0.027736,0.163919
ACTGCCCGCCATTCTC-1,0.000059,0.035653,0.950553,0.013735
ACTGCCGTCGTAACTC-1,0.569469,0.00005,0.128344,0.302136
ACTGCGGACACACCGT-1,0.871871,0.004117,0.12393,0.000082
ACTGCTCGGAAGGATG-1,0.000112,0.000037,0.662803,0.337048
ACTGGGATGCCAGTGC-1,0.000046,0.001896,0.970624,0.027434
ACTGTACGATACACAT-1,0.749027,0.000036,0.127729,0.123207
ACTGTAGCACTTTGGA-1,0.016155,0.000029,0.650554,0.333262
ACTGTATACGCGAGCA-1,0.185496,0.090312,0.372777,0.351416
ACTGTCCAGGATTATA-1,0.067506,0.000051,0.237881,0.694562
ACTGTCTTCTTTAGAA-1,0.394249,0.000062,0.01235,0.59334
ACTGTGCTAGTAGATC-1,0.000069,0.000023,0.936072,0.063836
ACTGTTTAGTGTAGGC-1,0.078954,0.239617,0.681325,0.000104
ACTTACCGGGCGCGCA-1,0.830931,0.168548,0.00026,0.00026
ACTTACGCATCCACGC-1,0.764041,0.000047,0.067898,0.168014
ACTTAGTACGACAAGA-1,0.084113,0.010793,0.378265,0.526829
ACTTATACTTACCCGG-1,0.884861,0.000042,0.03417,0.080926
ACTTATCTGATCTATA-1,0.00005,0.289605,0.710294,0.000051
ACTTATTAGGATCGGT-1,0.035621,0.000048,0.196274,0.768056
ACTTATTTATGTGCCA-1,0.826481,0.000057,0.000171,0.173291
ACTTCAGGCTGATCCC-1,0.561305,0.000026,0.234551,0.204118
ACTTCCAGTGGAAGCT-1,0.000205,0.054981,0.744872,0.199942
ACTTCCATGCGGGACA-1,0.933295,0.000053,0.000158,0.066495
ACTTCGCCATACGCAC-1,0.725319,0.000037,0.136251,0.138392
ACTTGACTCCCTCTTT-1,0.344166,0.061675,0.044805,0.549354
ACTTGCCATATTGTAC-1,0.087644,0.439234,0.288244,0.184878
ACTTGCTCTATCTACC-1,0.000371,0.000124,0.006716,0.992789
ACTTGGGACCCGGTGG-1,0.061365,0.000927,0.514126,0.423582
ACTTGGGCTTTCGCCA-1,0.108209,0.157514,0.713378,0.020899
ACTTGTAGTCCCTTCA-1,0.000129,0.000043,0.937594,0.062234
ACTTGTGGATGGAACG-1,0.772134,0.025946,0.196003,0.005917
ACTTGTTACCGGATCA-1,0.065957,0.267935,0.128004,0.538104
ACTTTACCCTCATGAA-1,0.920523,0.020701,0.000299,0.058477
ACTTTATACACCACTT-1,0.000063,0.004851,0.995023,0.000063
ACTTTCCTATAGCTTC-1,0.109665,0.041547,0.168264,0.680524
ACTTTGACTGCATCCT-1,0.000176,0.062867,0.689156,0.247801
ACTTTGGTCGTGCTCC-1,0.000138,0.000046,0.703456,0.296361
AGAAATTATGACTCGC-1,0.953206,0.046478,0.000158,0.000158
AGAACACGGCGATGGT-1,0.000105,0.220978,0.504574,0.274343
AGAACCCTCAATTGGG-1,0.000121,0.020269,0.867168,0.112442
AGAACGTGGTACATTC-1,0.67007,0.000049,0.000147,0.329734
AGAACTGTACTTTGTA-1,0.775758,0.117091,0.10706,0.000092
AGAAGAGCGCCGTTCC-1,0.9019,0.000362,0.086418,0.011319
AGAAGGTACACTTCAC-1,0.016841,0.019386,0.502363,0.461409
AGAAGGTTGCCGAATT-1,0.097549,0.06158,0.11047,0.7304
AGAAGGTTGTAGGTCG-1,0.796648,0.000036,0.056283,0.147033
AGAAGTGATTCGTGAT-1,0.06943,0.019812,0.201384,0.709375
AGAATAAATCTTCAGG-1,0.000125,0.012475,0.615033,0.372367
AGAATACAGGCTATCC-1,0.969979,0.029784,0.000118,0.000118
AGAATGCGGGTTCGGA-1,0.815201,0.000033,0.000099,0.184667
AGAATTATGGATTCGA-1,0.884422,0.000065,0.000194,0.115319
AGAATTGTTTGACATA-1,0.000251,0.101371,0.368471,0.529907
AGACAGCTCAGAATCC-1,0.00012,0.012746,0.765858,0.221276
AGACATAGATCCTTCC-1,0.03896,0.148131,0.80662,0.00629
AGACCAAACCACACCT-1,0.000079,0.011276,0.776455,0.212191
AGACCATGGGATACAA-1,0.070971,0.0064,0.623309,0.299321
AGACCCACCGCTGATC-1,0.190719,0.000025,0.647963,0.161293
AGACCCGCCCTCCTCG-1,0.079868,0.038615,0.006409,0.875108
AGACCGCTCCGCGGTT-1,0.925805,0.073578,0.000309,0.000309
AGACCGGGAAACCCTG-1,0.000139,0.034539,0.454982,0.510341
AGACGAAGTGCCGGTC-1,0.999502,0.000071,0.000213,0.000213
AGACGACGATGCCGCT-1,0.072501,0.002701,0.443029,0.481768
AGACGGGATTGGTATA-1,0.87214,0.090932,0.035191,0.001737
AGACGGGCCGATTTAA-1,0.602732,0.097148,0.300023,0.000096
AGACTAGCCTTCCAGA-1,0.113472,0.056611,0.089509,0.740407
AGACTGTTACCGGGTC-1,0.0737,0.000024,0.731431,0.194845
AGAGAAACACCAGAAA-1,0.085462,0.003398,0.349289,0.561851
AGAGAACCGTCTAGGA-1,0.99024,0.000055,0.000164,0.009541
AGAGAAGGAGTACAAT-1,0.05111,0.000029,0.582475,0.366386
AGAGATCTCTAAAGCG-1,0.019089,0.000038,0.860184,0.120689
AGAGCAGTTATGAGAC-1,0.000182,0.000061,0.627132,0.372626
AGAGCCGCCGAGATTT-1,0.961737,0.03015,0.000166,0.007947
AGAGCGGGCTAATCAT-1,0.438783,0.000042,0.31046,0.250715
AGAGCGTACAAGCTCG-1,0.079702,0.085894,0.098236,0.736169
AGAGCTACGAAAGCAT-1,0.000232,0.025444,0.489372,0.484952
AGAGGCTTCGGAAACC-1,0.779881,0.086599,0.000236,0.133284
AGAGGGACAATTGTCC-1,0.86962,0.048874,0.014266,0.067241
AGAGGTATCTCGGTCC-1,0.027088,0.417555,0.186473,0.368884
AGAGTAAACTTCACTA-1,0.870373,0.104672,0.000213,0.024742
AGAGTTAGAGACCGAT-1,0.79003,0.000034,0.000103,0.209833
AGATAACTTCAGGGCC-1,0.082549,0.00578,0.479581,0.432089
AGATAATCACACCTAT-1,0.000051,0.142929,0.85697,0.000051
AGATACCAATAGAACC-1,0.991135,0.000049,0.000148,0.008667
AGATACCAGCACTTCA-1,0.972106,0.000028,0.000083,0.027783
AGATACCGGTGTTCAC-1,0.028167,0.000025,0.65316,0.318648
AGATACGACTTCATAT-1,0.000127,0.011437,0.454438,0.533997
AGATACTCAAGATCGA-1,0.713673,0.000099,0.169299,0.116928
AGATATAATACGACTA-1,0.441456,0.000052,0.119168,0.439325
AGATCGTGCATAAGAT-1,0.930695,0.000044,0.010866,0.058395
AGATCTCAGGTGTGAT-1,0.669183,0.000056,0.008129,0.322632
AGATCTGGAGAGGATA-1,0.000046,0.015105,0.947076,0.037773
AGATGACTCGCCCACG-1,0.122281,0.000037,0.659711,0.217971
AGATGAGGGTTGCGAT-1,0.956303,0.000069,0.02545,0.018179
AGATGATGGAGTCTGG-1,0.848973,0.02548,0.110691,0.014856
AGATGCAAGACGTGCA-1,0.031945,0.000031,0.819238,0.148785
AGATGCATCCTGTGTC-1,0.000107,0.000036,0.73739,0.262468
AGATGCTATAACGAGC-1,0.000104,0.020748,0.938988,0.04016
AGATTATAGGACGTTT-1,0.148957,0.007325,0.032907,0.810811
AGATTCAAGCGGGTCG-1,0.879138,0.120554,0.000154,0.000154
AGATTCACAACCGATA-1,0.00009,0.028677,0.854765,0.116468
AGCAAAGGCCGCTAGT-1,0.249897,0.000033,0.283754,0.466316
AGCAACATATCTTATT-1,0.45443,0.000045,0.417425,0.1281
AGCAACCGAAAGTAAT-1,0.013535,0.014587,0.274392,0.697487
AGCACACGTTTAGACT-1,0.002098,0.066551,0.223582,0.707769
AGCACCAGTACTCACG-1,0.387165,0.010956,0.353357,0.248522
AGCACTACCGGCCTGT-1,0.000185,0.09061,0.394251,0.514953
AGCACTACCTCACCAG-1,0.872116,0.000059,0.000177,0.127648
AGCACTTAAGGACGCC-1,0.037678,0.000017,0.888246,0.07406
AGCAGAAGGAGAAAGA-1,0.02297,0.000011,0.959823,0.017196
AGCAGCCAGATGAATA-1,0.068103,0.00004,0.35324,0.578616
AGCAGTCGAAGCATGC-1,0.649116,0.009618,0.341221,0.000044
AGCATATCAATATGCT-1,0.828166,0.000041,0.000123,0.17167
AGCATCATTTCGAAAG-1,0.000118,0.000039,0.769413,0.23043
AGCATCGTCGATAATT-1,0.082331,0.000071,0.17522,0.742378
AGCATTACGAGGCAAG-1,0.999654,0.000049,0.000148,0.000148
AGCCAAGCTTTGTGTC-1,0.176508,0.043407,0.043345,0.73674
AGCCACAGGTTACCCG-1,0.464834,0.000033,0.522658,0.012476
AGCCACTCCCGTGCTT-1,0.672641,0.000057,0.286416,0.040886
AGCCATATAGTATGTG-1,0.040105,0.110007,0.241869,0.60802
AGCCCATACATGTAAG-1,0.014164,0.003413,0.587661,0.394762
AGCCCGCAACAAGCAG-1,0.028726,0.00283,0.452036,0.516408
AGCCCGCACTACAATG-1,0.913586,0.086175,0.00012,0.00012
AGCCCGGCATTAGAGG-1,0.000122,0.000041,0.448667,0.55117
AGCCCGGTAGCCTGTA-1,0.041853,0.000023,0.587246,0.370878
AGCCCTAAGCGAAGTT-1,0.235289,0.000057,0.215476,0.549178
AGCCCTCCCTGGTGGC-1,0.000113,0.059739,0.514895,0.425253
AGCCCTTCTAATCCGA-1,0.927784,0.008539,0.059433,0.004245
AGCCCTTGGACATCCC-1,0.907256,0.000028,0.09263,0.000085
AGCCGCAAATTCAAAT-1,0.000132,0.000044,0.36675,0.633074
AGCCGCTTGATTAGCG-1,0.00017,0.01733,0.214779,0.767721
AGCCGTGGCTAAATGT-1,0.013811,0.025056,0.052814,0.908319
AGCCTAATACCCACGT-1,0.000081,0.000027,0.927527,0.072366
AGCCTTAAAGCGGAAG-1,0.000113,0.001474,0.823554,0.174859
AGCCTTGTCACTGATA-1,0.0003,0.211254,0.0003,0.788146
AGCGACAGGAACGGTC-1,0.20372,0.000028,0.245376,0.550876
AGCGACATCCCATTCA-1,0.046277,0.000029,0.708744,0.244951
AGCGACCAACGATATT-1,0.308064,0.000042,0.094736,0.597158
AGCGACTTTGAAGACA-1,0.000024,0.174399,0.81764,0.007937
AGCGAGACGTGAAGGC-1,0.024719,0.027388,0.573636,0.374257
AGCGATGCGCCTAATA-1,0.985679,0.003055,0.000188,0.011077
AGCGCATAATGAATCG-1,0.225461,0.000022,0.493048,0.281469
AGCGCGGGTGCCAATG-1,0.712113,0.00004,0.022547,0.2653
AGCGCTTATGGGCAAG-1,0.885209,0.034587,0.000155,0.080049
AGCGGACACTTCGTAG-1,0.102962,0.000136,0.212113,0.684789
AGCGGCGGTTAGCGGT-1,0.000092,0.000075,0.59672,0.403112
AGCGGGAAGGGTCCAT-1,0.081199,0.002266,0.285642,0.630894
AGCGGGTCTGACACTC-1,0.098304,0.032893,0.320634,0.548168
AGCGGTTGAGATGTAC-1,0.711276,0.280637,0.00013,0.007957
AGCGGTTGCCGCTCTG-1,0.792099,0.17722,0.007724,0.022957
AGCGTACGAGAGCTAG-1,0.000144,0.177707,0.534509,0.28764
AGCGTAGCGCTAGACC-1,0.000053,0.211993,0.787901,0.000053
AGCGTCTGAACCCGCA-1,0.031631,0.32448,0.641167,0.002722
AGCGTGGTATTCTACT-1,0.65202,0.000066,0.000198,0.347715
AGCGTTCCGATTTAAA-1,0.823376,0.145869,0.018796,0.011958
AGCTAACAAGCAATGT-1,0.027832,0.033583,0.33049,0.608094
AGCTAAGCTCCGTCCG-1,0.000024,0.078791,0.920527,0.000658
AGCTAAGTACGCAGGC-1,0.446089,0.134393,0.341422,0.078096
AGCTACGAATGGTGGT-1,0.988968,0.010889,0.000071,0.000071
AGCTAGAAGCAGAAGT-1,0.930871,0.014762,0.000184,0.054183
AGCTATTTAATCCAAC-1,0.729502,0.000135,0.001297,0.269066
AGCTCCATATATGTTC-1,0.848632,0.036245,0.000168,0.114954
AGCTCCTTCGCACATC-1,0.810965,0.000027,0.000081,0.188927
AGCTCTAGACGTTCCA-1,0.469081,0.000045,0.340995,0.18988
AGCTCTTCCCAGTGCA-1,0.855414,0.000059,0.006283,0.138245
AGCTCTTCGTAACCTT-1,0.879498,0.00007,0.00021,0.120222
AGCTCTTTACTCAGTT-1,0.028525,0.147419,0.24312,0.580935
AGCTGAAGTAAACCAA-1,0.843574,0.000031,0.047162,0.109232
AGCTGCATTTGAGGTG-1,0.754882,0.158754,0.016223,0.07014
AGCTGCTGTGCCGAAT-1,0.925625,0.016035,0.000127,0.058214
AGCTGTAACCTCAATC-1,0.020275,0.028714,0.437698,0.513313
AGCTTATAGAGACCTG-1,0.068329,0.44712,0.000382,0.48417
AGCTTCAATACTTTGA-1,0.423237,0.11896,0.386992,0.070812
AGCTTCTTCTCGAGCA-1,0.688792,0.034436,0.229912,0.04686
AGCTTGATCAGGGTAG-1,0.000085,0.027134,0.887056,0.085725
AGCTTGATCTTAACTT-1,0.000126,0.02259,0.479421,0.497863
AGGAAAGCCTCTGATG-1,0.000057,0.368699,0.533292,0.097951
AGGAAGCTGTCCGCCG-1,0.040317,0.007033,0.698012,0.254638
AGGACAGTCGAATCCC-1,0.837759,0.000053,0.000159,0.162029
AGGACATCGCACGTCG-1,0.000063,0.000021,0.841209,0.158707
AGGACGACCCATTAGA-1,0.016738,0.006692,0.525948,0.450623
AGGACGCTCGATGTTG-1,0.911188,0.057889,0.000307,0.030616
AGGACTTATAGGAGAA-1,0.078063,0.000092,0.200709,0.721136
AGGAGCGTTTATTATC-1,0.904654,0.000016,0.010155,0.085175
AGGAGGCCTTCGCGCG-1,0.394228,0.000024,0.590031,0.015717
AGGATAAAGTCGGGAT-1,0.0621,0.01027,0.178999,0.748632
AGGATATAGGGATTTA-1,0.96683,0.000051,0.000154,0.032965
AGGATATCCGACTGCA-1,0.999733,0.000038,0.000115,0.000115
AGGATCACGCGATCTG-1,0.000086,0.000029,0.877552,0.122333
AGGATTGCTTACGACA-1,0.778131,0.010182,0.088894,0.122792
AGGCAAAGAGGAATCA-1,0.061533,0.13757,0.800864,0.000033
AGGCAATACGGAGGAC-1,0.046605,0.375005,0.000096,0.578294
