Barcode,Topic 1,Topic 2,Topic 3to5,Topic 6,Topic 7to9
AAACAAGTATCTCCCA-1,0.191589,0.400094,0.206908,0.201174,0.000236
AAACACCAATAACTGC-1,0.005976,0.290942,0.064752,0.071893,0.566436
AAACAGAGCGACTCCT-1,0.05539,0.093769,0.59222,0.219467,0.039153
AAACAGCTTTCAGAAG-1,0.000036,0.054611,0.280495,0.075954,0.588904
AAACAGGGTCTATATT-1,0.000031,0.047738,0.31439,0.067079,0.570762
AAACATGGTGAGAGGA-1,0.000021,0.271622,0.258055,0.060827,0.409474
AAACATTTCCCGGATT-1,0.027268,0.360804,0.121969,0.282709,0.207249
AAACCACTACACAGAT-1,0.036397,0.000026,0.027137,0.040577,0.895862
AAACCCGAACGAAATC-1,0.512353,0.032559,0.158222,0.017551,0.279315
AAACCGGGTAGGTACC-1,0.033696,0.965323,0.000421,0.00014,0.000421
AAACCGTTCGTCCAGG-1,0.026762,0.972597,0.000275,0.000092,0.000275
AAACCTAAGCAGCCGG-1,0.000053,0.292761,0.159758,0.463862,0.083565
AAACCTCATGAAGTTG-1,0.000073,0.105451,0.488147,0.099262,0.307066
AAACGAAGAACATACC-1,0.031764,0.209782,0.34852,0.007351,0.402583
AAACGAAGATGGAGTA-1,0.016524,0.103016,0.469332,0.248217,0.162911
AAACGACAGTCTTGCC-1,0.000044,0.191124,0.203439,0.445003,0.16039
AAACGAGACGGTTGAT-1,0.092504,0.366569,0.521721,0.018868,0.000338
AAACGCCCGAGATCGG-1,0.002427,0.005822,0.038707,0.151804,0.801239
AAACGCTGGGCACGAC-1,0.999334,0.000083,0.00025,0.000083,0.00025
AAACGGGCGTACGGGT-1,0.115912,0.006933,0.054964,0.344284,0.477906
AAACGGTTGCGAACTG-1,0.000047,0.245629,0.257787,0.203694,0.292843
AAACGTGTTCGCCCTA-1,0.000078,0.22966,0.137903,0.496346,0.136012
AAACTAACGTGGCGAC-1,0.000069,0.248796,0.245553,0.20577,0.299811
AAACTCGGTTCGCAAT-1,0.000034,0.056151,0.224805,0.122251,0.596759
AAACTCGTGATATAAG-1,0.174163,0.128808,0.113229,0.457879,0.125921
AAACTGCTGGCTCCAA-1,0.015521,0.230757,0.430968,0.212969,0.109785
AAACTTAATTGCACGC-1,0.000016,0.00855,0.139656,0.011495,0.840282
AAACTTGCAAACGTAT-1,0.000021,0.000021,0.429402,0.020378,0.550177
AAAGAATGACCTTAGA-1,0.000026,0.285709,0.228654,0.254075,0.231536
AAAGAATGTGGACTAA-1,0.052714,0.061741,0.00013,0.58391,0.301505
AAAGACATGAAGTTTA-1,0.015334,0.000024,0.10113,0.000024,0.883487
AAAGACTGGGCGCTTT-1,0.000046,0.001433,0.685141,0.127079,0.1863
AAAGCTTGCCTACATA-1,0.091431,0.000022,0.008381,0.373796,0.526371
AAAGGCCCTATAATAC-1,0.007091,0.184453,0.224031,0.154855,0.42957
AAAGGCTACGGACCAT-1,0.000096,0.342278,0.165198,0.233217,0.259212
AAAGGCTCTCGCGCCG-1,0.004304,0.050287,0.489215,0.004336,0.451857
AAAGGGATGTAGCAAG-1,0.000043,0.049755,0.810999,0.060641,0.078562
AAAGGTAAGCTGTACC-1,0.018499,0.276029,0.36945,0.277724,0.058297
AAAGGTCAACGACATG-1,0.000034,0.023372,0.081544,0.297084,0.597967
AAAGTAGCATTGCTCA-1,0.015333,0.460976,0.439704,0.002209,0.081779
AAAGTCACTGATGTAA-1,0.119357,0.491076,0.360618,0.020987,0.007961
AAAGTCGACCCTCAGT-1,0.00008,0.438077,0.491091,0.00008,0.070673
AAAGTGCCATCAATTA-1,0.999483,0.000065,0.000194,0.000065,0.000194
AAAGTGTGATTTATCT-1,0.063309,0.749921,0.186476,0.000073,0.00022
AAAGTTGACTCCCGTA-1,0.237988,0.17618,0.340533,0.177588,0.067711
AAATAACCATACGGGA-1,0.015799,0.043963,0.521472,0.161026,0.25774
AAATAAGGTAGTGCCC-1,0.17681,0.352096,0.379277,0.068686,0.023131
AAATACCTATAAGCAT-1,0.045482,0.079089,0.648907,0.047678,0.178844
AAATAGCTTAGACTTT-1,0.275693,0.183432,0.486394,0.041566,0.012915
AAATAGGGTGCTATTG-1,0.000051,0.231862,0.447154,0.239965,0.080968
AAATCACTCCTAAACG-1,0.000028,0.022242,0.000083,0.249717,0.72793
AAATCCGATACACGCC-1,0.007614,0.316979,0.034397,0.638815,0.002195
AAATCGCGGAAGGAGT-1,0.033444,0.147004,0.680905,0.000025,0.138623
AAATCGTGTACCACAA-1,0.000033,0.037316,0.64026,0.000033,0.322359
AAATCTAGCCCTGCTA-1,0.311702,0.124693,0.364403,0.122042,0.077161
AAATCTGCCCGCGTCC-1,0.034688,0.140215,0.609079,0.009234,0.206784
AAATGACTGATCAAAC-1,0.000007,0.014376,0.094156,0.113162,0.778299
AAATGATTCGATCAGC-1,0.051358,0.439625,0.382414,0.109297,0.017306
AAATGGCATGTCTTGT-1,0.000038,0.148174,0.593656,0.02532,0.232812
AAATGGCCCGTGCCCT-1,0.007795,0.167443,0.398132,0.168327,0.258303
AAATGGTCAATGTGCC-1,0.000096,0.110709,0.716136,0.127504,0.045554
AAATGTATCTTATCCC-1,0.035243,0.243943,0.380428,0.064306,0.276079
AAATTAACGGGTAGCT-1,0.000052,0.012203,0.76531,0.131952,0.090482
AAATTAATAAGCGCGA-1,0.014843,0.00002,0.296575,0.003775,0.684787
AAATTACACGACTCTG-1,0.205563,0.381704,0.385945,0.000072,0.026716
AAATTACCTATCGATG-1,0.077042,0.068029,0.400259,0.133363,0.321307
AAATTCCAGGTCCAAA-1,0.188173,0.524108,0.273528,0.013997,0.000194
AAATTGATAGTCCTTT-1,0.000142,0.998867,0.000425,0.000142,0.000425
AAATTGGTGAGAAGCA-1,0.119196,0.03174,0.142751,0.426604,0.279709
AAATTTACCGAAATCC-1,0.000066,0.20175,0.371264,0.208456,0.218464
AACAACTGGTAGTTGC-1,0.028184,0.295959,0.670312,0.000071,0.005474
AACAATACATTGTCGA-1,0.128903,0.791149,0.000436,0.079076,0.000436
AACACACGCTCGCCGC-1,0.051396,0.152859,0.348075,0.053033,0.394637
AACACGACTGTACTGA-1,0.000066,0.247544,0.663108,0.00817,0.081112
AACACGAGACGCGGCC-1,0.00004,0.196202,0.560353,0.048744,0.194662
AACAGCTGTGTGGCAA-1,0.270828,0.252363,0.247437,0.022862,0.20651
AACAGGAAATCGAATA-1,0.000042,0.107545,0.684322,0.012007,0.196084
AACAGGATGGGCCGCG-1,0.054684,0.168473,0.770188,0.000075,0.006581
AACAGGTAGTATGGAT-1,0.507721,0.421549,0.070317,0.000103,0.00031
AACATAGCGTGTATCG-1,0.011558,0.274533,0.431461,0.107439,0.175008
AACATATCAACTGGTG-1,0.000029,0.010832,0.581363,0.155295,0.252481
AACATCGATACGTCTA-1,0.05037,0.000016,0.100713,0.057975,0.790927
AACATTGAAGTTGATC-1,0.009056,0.139246,0.268584,0.002336,0.580779
AACATTGTGACTCGAG-1,0.01118,0.120086,0.116819,0.068044,0.683871
AACCAAGACTTCTCTG-1,0.033913,0.954754,0.000308,0.010718,0.000308
AACCAGTATCACTCTT-1,0.000076,0.354275,0.235762,0.194014,0.215874
AACCATAGGGTTGAAC-1,0.000025,0.150401,0.311119,0.069582,0.468873
AACCCATCCCATGATC-1,0.026558,0.07833,0.180519,0.009331,0.705262
AACCCGAGCAGAATCG-1,0.593712,0.278128,0.002996,0.124864,0.000301
AACCCGATAGGGCTTC-1,0.000053,0.118631,0.00016,0.461569,0.419588
AACCCGCTGTATTCCA-1,0.016652,0.043061,0.220767,0.174562,0.544958
AACCCTACTGTCAATA-1,0.042964,0.04838,0.505214,0.139348,0.264095
AACCCTGGTGGAACCA-1,0.000026,0.013392,0.576925,0.046391,0.363266
AACCGAGCTTGGTCAT-1,0.001149,0.112629,0.611471,0.008,0.26675
AACCGCTAAGGGATGC-1,0.112813,0.000033,0.33465,0.246252,0.306253
AACCGTTGTGTTTGCT-1,0.077693,0.729762,0.19191,0.000159,0.000476
AACCTAAAGCCGTCCG-1,0.000351,0.007094,0.301315,0.001385,0.689855
AACCTCGCTTTAGCCC-1,0.000055,0.192707,0.665123,0.115187,0.026927
AACCTGTCACGGAATT-1,0.127207,0.303346,0.446349,0.122953,0.000145
AACCTTTAAATACGGT-1,0.03019,0.476255,0.26752,0.208806,0.017229
AACCTTTACGACGTCT-1,0.033228,0.000036,0.635776,0.090444,0.240515
AACGAAAGTCGTCCCA-1,0.009097,0.015492,0.150473,0.013551,0.811387
AACGACCTCCTAGCCG-1,0.99968,0.00004,0.00012,0.00004,0.00012
AACGATAATGCCGTAG-1,0.018413,0.16473,0.661106,0.101314,0.054438
AACGATAGAAGGGCCG-1,0.000039,0.061527,0.652567,0.042974,0.242892
AACGATATGTCAACTG-1,0.019391,0.018792,0.735451,0.132136,0.094229
AACGCATGATCTGGGT-1,0.000072,0.269047,0.551081,0.179584,0.000216
AACGCGACCTTGGGCG-1,0.000017,0.000017,0.437261,0.011981,0.550725
AACGCGGTCTCCAGCC-1,0.00007,0.426526,0.492176,0.00007,0.081159
AACGCTGTTGCTGAAA-1,0.000086,0.32568,0.435024,0.162846,0.076365
AACGGACGTACGTATA-1,0.115338,0.215603,0.290456,0.329802,0.048802
AACGGCCATCTCCGGT-1,0.028721,0.861162,0.108885,0.000935,0.000297
AACGTACTGTGGGTAC-1,0.000092,0.999264,0.000276,0.000092,0.000276
AACGTCAGACTAGTGG-1,0.000192,0.998461,0.000577,0.000192,0.000577
AACGTCATCCGGCTTG-1,0.000016,0.218252,0.054627,0.275485,0.45162
AACGTCGCTGCACTTC-1,0.054373,0.250004,0.062297,0.543056,0.090271
AACGTGATGAAGGACA-1,0.000014,0.000014,0.265063,0.000715,0.734194
AACGTGCGAAAGTCTC-1,0.000025,0.049948,0.868739,0.01913,0.062159
AACGTTATCAGCACCT-1,0.000097,0.498718,0.500797,0.000097,0.000291
AACGTTCTACCATTGT-1,0.300373,0.08317,0.496185,0.008819,0.111453
AACTACCCGTTTGTCA-1,0.378683,0.411912,0.209037,0.000092,0.000276
AACTAGGCTTGGGTGT-1,0.004479,0.015789,0.469359,0.032129,0.478244
AACTCAAGTTAATTGC-1,0.000059,0.313685,0.519454,0.009299,0.157503
AACTCCAGAGCGTGTT-1,0.048649,0.000033,0.344532,0.27133,0.335456
AACTCCTAATCCCATG-1,0.019343,0.071867,0.23903,0.132114,0.537646
AACTCTCAATAGAGCG-1,0.000023,0.007396,0.515392,0.071691,0.405498
AACTCTCAGTGTGCTC-1,0.027199,0.272096,0.700122,0.000042,0.000542
AACTGAGGTCAGCGTC-1,0.000098,0.165827,0.342157,0.206403,0.285514
AACTGATATTAGGCCT-1,0.000096,0.443227,0.556292,0.000096,0.000288
AACTGGGTCCCGACGT-1,0.000105,0.132587,0.749669,0.000051,0.117588
AACTGGGTTCGAGCCG-1,0.014908,0.160222,0.161663,0.08104,0.582167
AACTTTACGGGAGCTT-1,0.000071,0.131158,0.721558,0.000152,0.14706
AACTTTCTCGATCATG-1,0.010807,0.422459,0.240318,0.325644,0.000772
AAGAAAGTTTGATGGG-1,0.00003,0.241889,0.166375,0.068018,0.523688
AAGAAATCACCAGATT-1,0.039095,0.150939,0.506662,0.166083,0.137221
AAGACATACGTGGTTT-1,0.303227,0.563007,0.000444,0.132879,0.000444
AAGACCAAATAACTCA-1,0.00394,0.062626,0.372668,0.111041,0.449726
AAGACCCAACTGAACA-1,0.000053,0.302501,0.245572,0.039347,0.412526
AAGACTCACGCCCACT-1,0.000018,0.000018,0.110386,0.059859,0.829718
AAGACTGCAAGCTACT-1,0.036605,0.024541,0.763045,0.034677,0.141132
AAGAGCTCTTTATCGG-1,0.000032,0.224809,0.687712,0.000032,0.087414
AAGAGGATGTACGCGA-1,0.003564,0.995241,0.000512,0.000171,0.000512
AAGAGGCATGGATCGC-1,0.056312,0.045071,0.726227,0.046633,0.125757
AAGAGGCCCTTTGGAA-1,0.554186,0.000053,0.000158,0.236148,0.209456
AAGATGGCACCGGACC-1,0.323114,0.201214,0.018063,0.04698,0.410629
AAGATTGGCGGAACGT-1,0.062283,0.114684,0.577415,0.126429,0.11919
AAGCACCCTGCGTATC-1,0.036787,0.237472,0.555525,0.162968,0.007249
AAGCATACTCTCCTGA-1,0.019995,0.224328,0.548233,0.047235,0.16021
AAGCCACTTGCAGGTA-1,0.003707,0.064474,0.170625,0.022013,0.73918
AAGCCGAAGCGGTTTA-1,0.621314,0.330155,0.048128,0.000101,0.000302
AAGCCGCCGTGAAATC-1,0.000018,0.000343,0.298081,0.022753,0.678805
AAGCCGCTTTACCTTG-1,0.11048,0.001768,0.309859,0.543491,0.034401
AAGCCGGAGAGCAGGA-1,0.819141,0.180191,0.000286,0.000095,0.000286
AAGCGCAGGGCTTTGA-1,0.120551,0.006181,0.238604,0.208295,0.426369
AAGCGGAGTGCGCGCA-1,0.003037,0.012613,0.326751,0.477508,0.18009
AAGCGGCGTCATGGGT-1,0.000056,0.272883,0.265119,0.059686,0.402256
AAGCGTCCCTCATCGA-1,0.051822,0.946682,0.000642,0.000214,0.000642
AAGCTAGATCGAGTAA-1,0.100558,0.000026,0.652318,0.020221,0.226877
AAGCTATGGATTGACC-1,0.000163,0.030082,0.000489,0.062205,0.90706
AAGCTCGTGCCAAGTC-1,0.007161,0.161257,0.825829,0.005639,0.000114
AAGCTCTTTCATGGTG-1,0.094707,0.001611,0.375167,0.194748,0.333767
AAGGAGCGGTTGGTGC-1,0.000101,0.341859,0.657635,0.000101,0.000304
AAGGATCGATCGCTTG-1,0.385608,0.327941,0.285969,0.000121,0.000362
AAGGATGAGGGACCTC-1,0.039501,0.000017,0.499246,0.006108,0.455128
AAGGCAGGCTGTCTCC-1,0.721956,0.047924,0.229947,0.000043,0.00013
AAGGCGCGTAAAGCTT-1,0.208087,0.267613,0.52318,0.000065,0.001054
AAGGCTGTGCTCATCG-1,0.000046,0.194996,0.740562,0.000046,0.06435
AAGGGAACGACTGGCT-1,0.000055,0.332595,0.22244,0.160361,0.284549
AAGGGACAGATTCTGT-1,0.034935,0.05444,0.596609,0.23428,0.079735
AAGGGACTATGCATTC-1,0.000052,0.193884,0.437419,0.059346,0.3093
AAGGGTTAGCCATGCG-1,0.676721,0.322692,0.000252,0.000084,0.000252
AAGGGTTTGATTTCAG-1,0.002055,0.169209,0.329491,0.018649,0.480596
AAGGTATCCTAATATA-1,0.000039,0.07985,0.766563,0.013155,0.140394
AAGGTGATAAACCAGC-1,0.177971,0.183371,0.521714,0.050683,0.066261
AAGTAGAAGACCGGGT-1,0.02676,0.969052,0.003729,0.000115,0.000344
AAGTCAATTGTCGTCA-1,0.230857,0.012725,0.496097,0.196722,0.063599
AAGTCTAGTAGCTGCC-1,0.014831,0.160548,0.647523,0.072199,0.104899
AAGTCTTCTGTGGCCT-1,0.06028,0.422616,0.261306,0.000046,0.255752
AAGTGACGACCGAATT-1,0.000093,0.914396,0.085141,0.000093,0.000278
AAGTGAGTCGGGTTTA-1,0.000132,0.689722,0.01238,0.297368,0.000397
AAGTGCAAAGGTAGAC-1,0.000417,0.45935,0.539975,0.000065,0.000194
AAGTGCCTTGACTGTA-1,0.242965,0.396853,0.264272,0.085174,0.010735
AAGTGCGTTAGAATCT-1,0.000173,0.673694,0.120836,0.139118,0.066179
AAGTGCTTCTCTATTG-1,0.030916,0.872956,0.000294,0.000098,0.095736
AAGTGTTTGGAGACGG-1,0.089377,0.064906,0.30788,0.276708,0.261128
AAGTTCACTCCAAGCT-1,0.000077,0.63611,0.289083,0.04569,0.02904
AAGTTCAGTCTGCGTA-1,0.001558,0.000027,0.445817,0.033057,0.519541
AAGTTGTGATGTTATA-1,0.175169,0.326676,0.000614,0.496927,0.000614
AAGTTTACTAATGGCA-1,0.054897,0.943643,0.000626,0.000209,0.000626
AAGTTTATGGGCCCAA-1,0.00003,0.082447,0.334835,0.294375,0.288313
AATAACAACGCTCGGC-1,0.042688,0.36841,0.578356,0.000099,0.010446
AATAACGTCGCGCCCA-1,0.610552,0.249626,0.08677,0.000073,0.052979
AATAAGTCCTCGAGAC-1,0.000075,0.221507,0.399564,0.046746,0.332108
AATAATCTTCGTATCG-1,0.999182,0.000102,0.000307,0.000102,0.000307
AATACAATGTTTCAGG-1,0.109309,0.054887,0.830007,0.000147,0.00565
AATACCGGAGGGCTGT-1,0.000112,0.814189,0.000336,0.124387,0.060977
AATACCTGATGTGAAC-1,0.013404,0.074177,0.087784,0.631859,0.192776
AATAGAACAGAGTGGC-1,0.000042,0.532959,0.462366,0.000042,0.004591
AATAGAATCTGTTTCA-1,0.000058,0.162534,0.616611,0.175558,0.045239
AATAGCAAGCCTCCTG-1,0.000058,0.085664,0.241383,0.281094,0.391801
AATAGCTACCGCGTGC-1,0.000045,0.170056,0.502887,0.179502,0.147511
AATAGGCACGACCCTT-1,0.051889,0.533372,0.042339,0.026491,0.345909
AATAGTCCGTCCCGAC-1,0.053103,0.055647,0.870318,0.009567,0.011364
AATAGTCGCGAGTCGG-1,0.000083,0.109252,0.59203,0.111136,0.1875
AATATCCTAGCAAACT-1,0.002726,0.05471,0.174686,0.212332,0.555547
AATATCGAATCAATGC-1,0.465826,0.397112,0.136755,0.000077,0.000231
AATATCGAGGGTTCTC-1,0.098686,0.083309,0.52137,0.296455,0.000179
AATATTGGAGTATTGA-1,0.000215,0.830373,0.04712,0.121647,0.000645
AATCAGGTTTCATTTA-1,0.000042,0.158701,0.208435,0.054618,0.578205
AATCATGTAAAGACTC-1,0.028479,0.000028,0.240584,0.236258,0.494651
AATCCAAGGGCCTGAG-1,0.054567,0.145091,0.800105,0.000059,0.000178
AATCCCGCTCAGAGCC-1,0.000019,0.320099,0.214696,0.214534,0.250652
AATCGAGGTCTCAAGG-1,0.045227,0.055939,0.255277,0.265153,0.378404
AATCGCCTCAGCGCCA-1,0.031904,0.000067,0.632179,0.093781,0.242068
AATCGCGCAGAGGACT-1,0.585435,0.259708,0.154518,0.000085,0.000254
AATCGGGACACTACGA-1,0.000081,0.54443,0.43589,0.006233,0.013366
AATCGGTATAGCCCTC-1,0.075199,0.338598,0.000396,0.515585,0.070221
AATCGTGAGCCGAGCA-1,0.000079,0.195084,0.254836,0.504634,0.045367
AATCTAGGTTTACTTG-1,0.000049,0.08843,0.256667,0.170915,0.483939
AATCTATGCCGGAGCC-1,0.000067,0.101536,0.513863,0.169567,0.214966
AATCTCTACTGTGGTT-1,0.016387,0.161009,0.175746,0.038953,0.607905
AATCTGCGTTGGGACG-1,0.009544,0.562888,0.341558,0.048923,0.037087
AATCTGGCTTTCTAGT-1,0.000065,0.370865,0.308167,0.038583,0.282319
AATCTGGGTAGACCCT-1,0.127795,0.289077,0.269589,0.035094,0.278445
AATGACAGCAATGTCT-1,0.056286,0.942712,0.000429,0.000143,0.000429
AATGACGTAGGATGTC-1,0.000837,0.233266,0.528792,0.236938,0.000167
AATGACTGTCAGCCGG-1,0.000035,0.162386,0.750086,0.000341,0.087152
AATGATGATACGCTAT-1,0.00002,0.00002,0.422874,0.018677,0.558409
AATGATGCGACTCCTG-1,0.000051,0.082736,0.697283,0.213561,0.006368
AATGCAACCGGGTACC-1,0.000035,0.050556,0.508747,0.000153,0.440509
AATGCACCAAGCAATG-1,0.000036,0.000036,0.501001,0.093819,0.405108
AATGGCCGCCAATGCG-1,0.094909,0.225192,0.007198,0.23873,0.433972
AATGGTCCACCGTTCA-1,0.056571,0.213639,0.599674,0.00005,0.130067
AATGTATGGCACTGTA-1,0.000031,0.299748,0.459669,0.000288,0.240264
AATGTGCCCGAGGTGT-1,0.006544,0.204679,0.389682,0.012078,0.387017
AATGTGCTAATCTGAG-1,0.00033,0.055364,0.201944,0.037616,0.704745
AATGTTAAGACCCTGA-1,0.020456,0.000012,0.299064,0.059489,0.620979
AATGTTGTCGTGAGAC-1,0.401142,0.149419,0.000308,0.448823,0.000308
AATTAAAGGTCGGCGT-1,0.027337,0.077557,0.600972,0.017683,0.276451
AATTAACGGATTTCCA-1,0.000049,0.174665,0.516545,0.066957,0.241785
AATTACGAGACCCATC-1,0.01767,0.367349,0.330604,0.021363,0.263015
AATTAGCGCTGCAGCG-1,0.000033,0.179066,0.49674,0.00993,0.314231
AATTATACCCAGCAAG-1,0.033881,0.010315,0.297313,0.240381,0.418109
AATTCATAAGGGATCT-1,0.046207,0.387344,0.513809,0.052391,0.000249
AATTCATTGTCATGCA-1,0.014692,0.313154,0.316666,0.020658,0.33483
AATTCCAAGCATGTAC-1,0.000015,0.000015,0.190282,0.000567,0.80912
AATTCGATTCGAGGAT-1,0.105432,0.000022,0.201266,0.131723,0.561557
AATTCTAGAGTTAGGC-1,0.000035,0.0233,0.71393,0.013273,0.249462
AATTGAACGCTCTGGT-1,0.048339,0.042669,0.563941,0.23193,0.113121
AATTGCAGCAATCGAC-1,0.016256,0.0965,0.087335,0.732278,0.06763
AATTGCGTGGATTACA-1,0.000036,0.191483,0.330197,0.060845,0.417438
AATTGTGGTTGCCAAA-1,0.970447,0.028949,0.000259,0.000086,0.000259
AATTTGGGACATAGTA-1,0.00006,0.207111,0.717714,0.003573,0.071541
AATTTGGTTCCAAAGA-1,0.000048,0.274457,0.577595,0.000048,0.147852
ACAAACCATGCGTCCT-1,0.089733,0.094098,0.351452,0.026583,0.438134
ACAAACCGACAAGGCG-1,0.000049,0.234154,0.34368,0.116582,0.305535
ACAAACTCCATCAGAG-1,0.19596,0.734432,0.062377,0.002738,0.004493
ACAAAGAAGGTAGGCC-1,0.001047,0.25007,0.005252,0.27563,0.468001
ACAAAGCATGACCTAG-1,0.300278,0.000023,0.000069,0.246152,0.453479
ACAAATCGCACCGAAT-1,0.009669,0.055313,0.70693,0.193428,0.034659
ACAAATGGTAGTGTTT-1,0.040676,0.031617,0.396658,0.109071,0.421977
ACAAATTCAGATCTGA-1,0.027342,0.066863,0.143448,0.101866,0.66048
ACAACAGCATGAGCTA-1,0.005483,0.006645,0.822845,0.009478,0.155549
ACAAGCAGTGCCTAGC-1,0.04677,0.173613,0.762442,0.000092,0.017083
ACAAGCTATATGGAAG-1,0.009958,0.081832,0.14566,0.144586,0.617964
ACAAGGAAATCCGCCC-1,0.020025,0.146301,0.602175,0.084613,0.146887
ACAAGGACAAGAGGTT-1,0.00003,0.355632,0.644216,0.00003,0.000091
ACAAGGATGCTTTAGG-1,0.024037,0.385018,0.349519,0.241243,0.000184
ACAAGGCCTACCAGCC-1,0.054042,0.000036,0.06723,0.139492,0.7392
ACAAGGGCAGGCTCTG-1,0.01521,0.305555,0.636492,0.018518,0.024225
ACAAGTAATTGTAAGG-1,0.00003,0.095193,0.25307,0.148538,0.503168
ACAATAGTCGTACGTT-1,0.000064,0.111629,0.693084,0.024098,0.171125
ACAATCGATCTTTATA-1,0.050396,0.520896,0.265473,0.000083,0.163151
ACAATGAATACGGAGA-1,0.000115,0.518675,0.353185,0.127681,0.000344
ACAATGATTCTTCTAC-1,0.000097,0.31458,0.040455,0.33125,0.313618
ACAATTGTGTCTCTTT-1,0.132968,0.070785,0.391535,0.337625,0.067087
ACAATTTAGGAGGCTC-1,0.004001,0.048802,0.452441,0.000042,0.494715
ACAATTTGAGCAGTGG-1,0.039973,0.268752,0.504023,0.012764,0.174487
ACAATTTGGCCATATT-1,0.383538,0.548751,0.023782,0.04349,0.000438
ACACAAAGACGGGTGG-1,0.014678,0.000023,0.511421,0.003261,0.470618
ACACAAATATTCCTAG-1,0.129089,0.045314,0.203891,0.459709,0.161997
ACACACCAGGACCAGT-1,0.041367,0.196864,0.448597,0.224474,0.088698
ACACACTTTCTACACG-1,0.029542,0.192405,0.634741,0.009442,0.13387
ACACATGATCAAATCT-1,0.000028,0.023012,0.431486,0.190962,0.354512
ACACATTTCCGTAGAC-1,0.000029,0.03181,0.138694,0.225631,0.603836
ACACCACATAATTAGC-1,0.037932,0.603281,0.233953,0.072749,0.052085
ACACCCAGCATGCAGC-1,0.000036,0.001743,0.775831,0.000036,0.222354
ACACCCGAGAAATCCG-1,0.006567,0.242669,0.739412,0.000063,0.011289
ACACCCGTAAATCTGT-1,0.000077,0.000022,0.117104,0.2821,0.600697
ACACCGAGCGCTCTTT-1,0.000093,0.375421,0.330325,0.121582,0.172579
ACACCGGTCTGACCGC-1,0.105788,0.000017,0.279584,0.000017,0.614593
ACACCTTAAGTAGGGC-1,0.063265,0.811235,0.12494,0.00014,0.00042
ACACCTTACTACTTGC-1,0.722889,0.219614,0.057131,0.000092,0.000275
ACACGAGACTCCTTCT-1,0.000032,0.046376,0.858154,0.061873,0.033565
ACACGGCACTATGCAT-1,0.000023,0.000023,0.458337,0.000023,0.541593
ACACGGGAACTTAGGG-1,0.011436,0.423638,0.564672,0.000064,0.000191
ACACGTAGGCCACAAG-1,0.665671,0.333624,0.000302,0.000101,0.000302
ACACTGATCAAGGTGT-1,0.000035,0.002598,0.775069,0.024605,0.197694
ACACTGGGACAGTCGT-1,0.571843,0.198835,0.022867,0.206071,0.000384
ACAGAACTGAGAACAA-1,0.00003,0.000186,0.325066,0.003677,0.671042
ACAGATTAGGTTAGTG-1,0.057109,0.941856,0.000444,0.000148,0.000444
ACAGCATAGAGCCAGT-1,0.000159,0.601875,0.157922,0.202297,0.037747
ACAGCGACATTCTCAT-1,0.123198,0.406621,0.108688,0.360983,0.00051
ACAGCGCACCCGCAGC-1,0.000086,0.297456,0.645518,0.038268,0.018671
ACAGGCACGGATCCTT-1,0.000045,0.118112,0.15746,0.417752,0.30663
ACAGGCTTGCCCGACT-1,0.064433,0.282109,0.497565,0.1436,0.012293
ACAGGTGTGTTGTTGC-1,0.000043,0.172791,0.03309,0.321465,0.472611
ACAGTAATACAACTTG-1,0.000035,0.078628,0.418509,0.030793,0.472035
ACAGTATACCGTGGGA-1,0.076069,0.45242,0.060505,0.264847,0.146159
ACAGTGCAGCGCATTT-1,0.006788,0.00867,0.044867,0.238418,0.701257
ACATAAGTCGTGGTGA-1,0.000051,0.178011,0.388028,0.094322,0.339589
ACATAATAAGGCGGTG-1,0.000061,0.419248,0.54822,0.000061,0.032411
ACATACAATCAAGCGG-1,0.027035,0.025223,0.369173,0.151841,0.426728
ACATCAGCTGGGACGC-1,0.123574,0.261536,0.530039,0.01091,0.073942
ACATCCCGGCCATACG-1,0.000061,0.180021,0.529007,0.000061,0.290851
ACATCCTGGTAACTGT-1,0.403708,0.435321,0.147113,0.000076,0.013782
ACATCGATCGTTTACC-1,0.000076,0.198055,0.801563,0.000076,0.000229
ACATCGCAATATTCGG-1,0.000036,0.209226,0.105391,0.201728,0.483619
ACATCGGTCAGCCGCG-1,0.611475,0.282299,0.000422,0.000141,0.105663
ACATCGTATGCAATGG-1,0.030734,0.357431,0.507516,0.090667,0.013652
ACATCGTTAACCTAGT-1,0.000179,0.532035,0.05471,0.162904,0.250172
ACATCTCAACGCGTAA-1,0.034371,0.000023,0.365754,0.000023,0.59983
ACATGCTTACGGCAGC-1,0.003368,0.000018,0.179904,0.017991,0.798718
ACATGGCGCCAAAGTA-1,0.256371,0.14395,0.3026,0.214773,0.082306
ACATTAGTTTATATCC-1,0.000056,0.066722,0.590412,0.014194,0.328615
ACATTCGCGCGGAATA-1,0.002489,0.00001,0.25796,0.000013,0.739528
ACATTTGAAACCTAAC-1,0.137904,0.057178,0.003134,0.361392,0.440391
ACCAAACACCCAGCGA-1,0.000037,0.066784,0.391113,0.450231,0.091835
ACCAAACTAGAAATCC-1,0.000169,0.670141,0.042549,0.192617,0.094523
ACCAACACCACACACT-1,0.000038,0.299644,0.507907,0.168477,0.023934
ACCAACCGCACTCCAC-1,0.176504,0.042792,0.000103,0.375376,0.405226
ACCAACGCTTATTTAT-1,0.000066,0.298621,0.43136,0.025191,0.244762
ACCAAGAACGCGTGTC-1,0.000044,0.184058,0.755171,0.021554,0.039172
ACCAAGTCATCGGCAG-1,0.206146,0.49488,0.000266,0.288454,0.010254
ACCAATATGCAAGTTA-1,0.0217,0.008055,0.475472,0.027824,0.466949
ACCACAACTCAGAACA-1,0.000051,0.038923,0.424637,0.006721,0.529668
ACCACAAGTTTCTATC-1,0.000105,0.373701,0.595088,0.007531,0.023574
ACCACACGGTTGATGG-1,0.034862,0.053806,0.377378,0.286025,0.247929
ACCACCAATGTAACAA-1,0.229196,0.512517,0.257957,0.000082,0.000247
ACCACCCTCTCTTCTA-1,0.000047,0.003218,0.120946,0.422473,0.453315
ACCACGTGCAGCTATA-1,0.014637,0.017364,0.60107,0.018185,0.348744
ACCAGACCATAACAAC-1,0.00004,0.230885,0.294843,0.018967,0.455265
ACCAGCCCGGTCTTTG-1,0.000067,0.045896,0.50664,0.190467,0.25693
ACCAGTGCCCGGTCAA-1,0.124662,0.000037,0.079592,0.109784,0.685926
ACCAGTGCGGGAGACG-1,0.036052,0.087559,0.472175,0.404071,0.000143
ACCATATCCGCAATAA-1,0.035496,0.412225,0.366854,0.000049,0.185377
ACCATCCGCCAACTAG-1,0.000082,0.505605,0.295657,0.00243,0.196226
ACCATCGTATATGGTA-1,0.029837,0.564858,0.382349,0.022666,0.000289
ACCATTAAGGGTGTCA-1,0.038445,0.960487,0.000458,0.000153,0.000458
ACCCAACGCCCGTGGC-1,0.000055,0.390753,0.440526,0.132607,0.036059
ACCCATCTTGAGGGTA-1,0.026316,0.486257,0.487092,0.000084,0.000251
ACCCATTTGTCCCTCT-1,0.280918,0.244915,0.329309,0.142954,0.001905
ACCCGAGCGAAATTAC-1,0.000058,0.41359,0.216749,0.046884,0.32272
ACCCGATTGGTTCCGA-1,0.175144,0.514915,0.264591,0.000063,0.045287
ACCCGGAAACTCCCAG-1,0.000063,0.24157,0.554576,0.035741,0.16805
ACCCGGAGCACCACAA-1,0.999586,0.000052,0.000155,0.000052,0.000155
ACCCGGATGACGCATC-1,0.080544,0.095075,0.524122,0.292249,0.00801
ACCCGGTTACACTTCC-1,0.000025,0.000025,0.644511,0.006381,0.349057
ACCCGTAGCAGAGAAT-1,0.000039,0.206967,0.436513,0.070175,0.286307
ACCCGTAGTCTAGTTG-1,0.865448,0.053611,0.000205,0.019413,0.061323
ACCCGTGTCATCAGTA-1,0.000096,0.300017,0.612719,0.025224,0.061944
ACCCTCCCGTCAGGGC-1,0.008247,0.139684,0.081805,0.735043,0.035222
ACCCTCCCTTGCTATT-1,0.026637,0.028363,0.357979,0.408761,0.17826
ACCCTGGTAACGCCCT-1,0.052101,0.000035,0.052269,0.214413,0.681182
ACCCTTCATCTGCGAA-1,0.031183,0.292532,0.411895,0.002152,0.262238
ACCCTTGCCTGGGTCG-1,0.031419,0.024856,0.331614,0.396289,0.215822
ACCCTTTAGTTCTCCA-1,0.000032,0.000032,0.301163,0.003271,0.695502
ACCGAAAGGGCCCTGC-1,0.038765,0.410876,0.548326,0.000084,0.001949
ACCGAAGAGTCTGGTT-1,0.03293,0.127906,0.249759,0.239896,0.349509
ACCGACACATCTCCCA-1,0.000024,0.000024,0.095291,0.000024,0.904637
ACCGACTGAGTCCCAC-1,0.000081,0.417791,0.581805,0.000081,0.000242
ACCGAGTCTCCTTATT-1,0.084813,0.000057,0.002207,0.568462,0.344462
ACCGATAGGCATAACC-1,0.769611,0.062157,0.000272,0.16769,0.000272
ACCGATATTTAATCAT-1,0.951325,0.000103,0.048162,0.000103,0.000308
ACCGATGGTAGCATCG-1,0.01949,0.009709,0.35704,0.066351,0.54741
ACCGCAATAACTGCCT-1,0.107622,0.099651,0.402962,0.218849,0.170916
ACCGCGGTGGAAGTCG-1,0.637931,0.20277,0.158936,0.000091,0.000273
ACCGCTAGTCATTGGT-1,0.00003,0.157016,0.101383,0.079422,0.662149
ACCGGGCCTTTGTTGA-1,0.09367,0.605111,0.289989,0.010928,0.000301
ACCGGTCAGGTACACC-1,0.029128,0.17686,0.325746,0.069223,0.399042
ACCGGTCTGAGTACGG-1,0.00003,0.031384,0.118118,0.031434,0.819034
ACCGTCCACTGGGCCC-1,0.000016,0.046094,0.390816,0.058441,0.504633
ACCGTTCCCGCTCTGA-1,0.048906,0.113502,0.386446,0.050252,0.400894
ACCTAAGTACCTTTCA-1,0.339099,0.656201,0.004364,0.000084,0.000252
ACCTAATCGACTTCCT-1,0.024857,0.23039,0.707554,0.00013,0.037068
ACCTACAGTATGTGGT-1,0.436783,0.517026,0.045588,0.000151,0.000452
ACCTACTATAAATCTA-1,0.00001,0.00001,0.14978,0.00001,0.85019
ACCTCAGCGAGGCGCA-1,0.063397,0.112359,0.138241,0.354911,0.331091
ACCTCCGCCCTCGCTG-1,0.473792,0.513576,0.000299,0.0001,0.012234
ACCTCCGTTATTCACC-1,0.264238,0.735021,0.000317,0.000106,0.000317
ACCTCGAACTTATGCT-1,0.00022,0.042094,0.183758,0.018714,0.755214
ACCTGCGTGTCATGTT-1,0.000076,0.191769,0.480053,0.18712,0.140982
ACCTTTCCTTTAGAAG-1,0.07728,0.538541,0.265914,0.000062,0.118203
ACGAAATGGGCGGCAC-1,0.000112,0.999103,0.000336,0.000112,0.000336
ACGACCCATGAGTTGC-1,0.910963,0.08863,0.000175,0.000058,0.000175
ACGACTCTAGGGCCGA-1,0.036202,0.347792,0.017345,0.598419,0.000242
ACGACTGGTCATACTC-1,0.000107,0.833426,0.000322,0.062535,0.103609
ACGAGATATTTGCTTA-1,0.038979,0.186764,0.546089,0.055531,0.172638
ACGAGGATACCACTCT-1,0.000045,0.160867,0.439819,0.013464,0.385806
ACGAGGTTTACAACGT-1,0.014788,0.010492,0.089697,0.078764,0.806258
ACGAGTACGGATGCCC-1,0.074056,0.052093,0.688842,0.05716,0.127849
ACGATACATAGAACTA-1,0.000058,0.245373,0.683944,0.070426,0.000199
ACGATACCTATCCTGA-1,0.000046,0.187364,0.17276,0.109169,0.530662
ACGATCATACATAGAG-1,0.00004,0.050783,0.757439,0.001404,0.190335
ACGATCATCTTGTAAA-1,0.103279,0.509655,0.374331,0.012517,0.000218
ACGATGCATATGTTAT-1,0.000112,0.513882,0.449892,0.010443,0.02567
ACGATGGATCCGATGC-1,0.00005,0.108769,0.731347,0.01785,0.141984
ACGCAAACTAATAGAT-1,0.053518,0.941324,0.000329,0.004501,0.000329
ACGCAATCACTACAGC-1,0.000033,0.002145,0.507048,0.051834,0.43894
ACGCATAAATGACATG-1,0.079384,0.082784,0.014772,0.105321,0.717739
ACGCATACGTTTACTA-1,0.115992,0.109551,0.188531,0.425883,0.160043
ACGCATTCGTGAGTAC-1,0.000037,0.049293,0.72895,0.000037,0.221683
ACGCCACTCGAAACAG-1,0.020391,0.023706,0.097492,0.157908,0.700503
ACGCCAGATGATTTCT-1,0.050718,0.003344,0.63788,0.01457,0.293487
ACGCCAGTGCGTTTGC-1,0.472067,0.000046,0.000137,0.12015,0.407601
ACGCCCAGCTGTCGAT-1,0.000046,0.000046,0.383053,0.078906,0.537949
ACGCCGCTAGACGACC-1,0.003623,0.06844,0.657083,0.081107,0.189746
ACGCGAAGTCAGACGA-1,0.000026,0.000026,0.781855,0.058124,0.159968
ACGCGCTACACAGGGT-1,0.039361,0.81695,0.143271,0.000105,0.000314
ACGCGGGCCAAGGACA-1,0.000027,0.070723,0.698778,0.002669,0.227803
ACGCGTTTCTTAAGAG-1,0.00003,0.061544,0.483079,0.000115,0.455232
ACGCTACTGAATGGGC-1,0.621911,0.377407,0.000292,0.000097,0.000292
ACGCTAGTATCAGTGC-1,0.052692,0.00004,0.000119,0.194288,0.752861
ACGCTAGTGATACACT-1,0.026657,0.048466,0.547558,0.239334,0.137984
ACGCTGTGAGGCGTAG-1,0.000122,0.333553,0.561694,0.000122,0.104509
ACGCTTAGTGTCTCTC-1,0.00007,0.181959,0.326733,0.010082,0.481157
ACGGAACACGAGTGCC-1,0.000022,0.000022,0.02461,0.134563,0.840782
ACGGAATTTAGCAAAT-1,0.05297,0.246014,0.688667,0.000158,0.01219
ACGGACGCAGCGACAA-1,0.000053,0.37144,0.22159,0.040723,0.366195
ACGGACTCTCAAAGCG-1,0.064958,0.155407,0.534788,0.113229,0.131617
ACGGAGCGCAAATTAC-1,0.000049,0.2126,0.672242,0.114231,0.000879
ACGGATGGTGCGGATA-1,0.021805,0.259795,0.49628,0.012921,0.2092
ACGGCACTTGCTTGGG-1,0.000055,0.464511,0.44316,0.000055,0.092218
ACGGCCAACATGGACT-1,0.014747,0.000018,0.243109,0.000018,0.742109
ACGGCGACGATGGGAA-1,0.006386,0.082163,0.347874,0.266176,0.297401
ACGGCTGGATGTAGAA-1,0.000024,0.009565,0.18924,0.119028,0.682142
ACGGGAGTGTCGGCCC-1,0.000132,0.730634,0.186714,0.000132,0.082389
ACGGGCGTATGCGACA-1,0.008898,0.105534,0.122081,0.410549,0.352938
ACGGGTCATGTGACTT-1,0.179217,0.81957,0.00052,0.000173,0.00052
ACGGGTTGTGACCTGT-1,0.000035,0.198433,0.495571,0.022825,0.283135
ACGGTACAGTTCAATG-1,0.010727,0.00228,0.182905,0.383665,0.420423
ACGGTCACCGAGAACA-1,0.000021,0.048591,0.352578,0.01693,0.581879
ACGTACAGATTTCTCT-1,0.018604,0.009793,0.654672,0.00354,0.313391
ACGTACTTTGGCACGG-1,0.00002,0.067643,0.221795,0.00717,0.703371
ACGTAGATTGCTGATG-1,0.000042,0.096454,0.616792,0.026624,0.260088
ACGTAGGAGAGTCGCT-1,0.044492,0.000013,0.050653,0.035652,0.86919
ACGTATTACTCCGATC-1,0.185396,0.73003,0.083977,0.000149,0.000448
ACGTCCTAAACGAGAT-1,0.090359,0.265388,0.31412,0.017042,0.313092
ACGTCGGGCAACTCGG-1,0.005067,0.411124,0.261004,0.094428,0.228377
ACGTCTCGTTCCGGGA-1,0.050581,0.000018,0.01607,0.00387,0.929461
ACGTGACAAAGTAAGT-1,0.000017,0.008072,0.033969,0.083618,0.874324
ACGTGCGCCTCGTGCA-1,0.000079,0.194143,0.710881,0.03248,0.062416
ACGTGGTCGAATGTGC-1,0.000028,0.000028,0.489165,0.003211,0.507567
ACGTTAATGTCGAAGA-1,0.000048,0.394552,0.576077,0.02571,0.003613
ACGTTAGATTTGCCCG-1,0.000164,0.991567,0.007616,0.000164,0.000491
ACGTTATTGGTCACTC-1,0.167217,0.831666,0.000479,0.00016,0.000479
ACGTTCACTATGCCGC-1,0.088546,0.726938,0.022408,0.000056,0.162052
ACGTTCCGCGCTCCGT-1,0.053132,0.375721,0.542109,0.000094,0.028944
ACGTTCGCAATCAATT-1,0.335003,0.414789,0.242764,0.00728,0.000163
ACGTTCGTTCAGGAAA-1,0.038289,0.330818,0.607704,0.000039,0.02315
ACGTTCTGTACAAGTC-1,0.004318,0.037866,0.064966,0.356161,0.536688
ACGTTGTCGTTGAAAG-1,0.000041,0.3838,0.210749,0.040384,0.365025
ACGTTTAGTTGTGATC-1,0.000063,0.26593,0.584943,0.000063,0.149
ACGTTTCGGTGCACTT-1,0.790757,0.140365,0.06857,0.000077,0.000231
ACTAAGGACGCACACC-1,0.000037,0.145192,0.055595,0.55477,0.244406
ACTAATACGTCAGGCG-1,0.077377,0.001669,0.315867,0.049187,0.555901
ACTACAAAGAGAGGTG-1,0.046229,0.856962,0.010302,0.037886,0.04862
ACTACATCCCGACAAG-1,0.014682,0.00001,0.212494,0.00186,0.770954
ACTACCAGCTCTCTGG-1,0.367608,0.222034,0.410075,0.000071,0.000213
ACTACCATCCGAGGGC-1,0.000015,0.001299,0.101716,0.018544,0.878425
ACTACGCGTTAGAATT-1,0.000112,0.599589,0.223038,0.122802,0.05446
ACTAGTTGCGATCGTC-1,0.506261,0.493169,0.000244,0.000081,0.000244
ACTATATGCTGTGTTC-1,0.140231,0.031018,0.347789,0.240273,0.240688
ACTATCCAGGGCATGG-1,0.171393,0.004703,0.255391,0.426308,0.142205
ACTATCGCCGGCTAAA-1,0.158034,0.840998,0.000415,0.000138,0.000415
ACTATCTGCCCGCGTA-1,0.56053,0.316759,0.122399,0.000078,0.000234
ACTATGTCCAGCTGCC-1,0.004195,0.524897,0.110314,0.000051,0.360544
ACTATTCGTCCGTGGT-1,0.00838,0.118789,0.853215,0.00004,0.019575
ACTATTTCCGGGCCCA-1,0.012803,0.251629,0.677243,0.000038,0.058287
ACTCAAGTGCAAGGCT-1,0.059728,0.082298,0.308959,0.443298,0.105717
ACTCAATAAAGGCACG-1,0.040234,0.035612,0.830863,0.00652,0.086771
ACTCATGGCAGCCTTC-1,0.000149,0.183229,0.427067,0.004592,0.384962
ACTCCAATATCATCAT-1,0.004033,0.0143,0.398189,0.002555,0.580923
ACTCCCATTCCTAAAG-1,0.106866,0.171592,0.504349,0.024961,0.192232
ACTCCCGAATTCGTTT-1,0.024638,0.234199,0.527877,0.205382,0.007904
ACTCCCGTAGACTAGG-1,0.000077,0.203885,0.30964,0.445333,0.041064
ACTCCCTAATGCTAAA-1,0.065498,0.03035,0.609257,0.064791,0.230103
ACTCCCTAGAATAGTA-1,0.004452,0.274611,0.704371,0.016392,0.000174
ACTCCGGCCGACCACT-1,0.029403,0.000018,0.094081,0.166575,0.709922
ACTCGATGTATTTCAT-1,0.000416,0.770053,0.06141,0.000416,0.167704
ACTCGCCGTTCGATAA-1,0.229626,0.583697,0.000426,0.185825,0.000426
ACTCGCGATCTGACGC-1,0.820696,0.045771,0.000252,0.020342,0.112939
ACTCGTAACCCGTCCT-1,0.000037,0.002445,0.502837,0.055344,0.439338
ACTCGTCAGTAATCCC-1,0.028457,0.000031,0.59475,0.031592,0.34517
ACTCTAAACCTGGGAT-1,0.000031,0.037092,0.461076,0.006639,0.495163
ACTCTCTGACTTAGGT-1,0.000075,0.267185,0.669199,0.00483,0.058711
ACTCTCTTATACACGA-1,0.015815,0.014768,0.365952,0.017521,0.585943
ACTCTGACCTAATAGA-1,0.169999,0.000028,0.00511,0.242228,0.582635
ACTCTTCAGCTCCCGC-1,0.231001,0.14357,0.40429,0.112563,0.108576
ACTCTTGTATAGTAAC-1,0.108471,0.106235,0.781156,0.000051,0.004087
ACTGAAACGCCGTTAG-1,0.021512,0.13938,0.311431,0.367573,0.160104
ACTGAATGGCGAAAGT-1,0.00006,0.516495,0.351335,0.131928,0.000181
ACTGATTTAGTGATTC-1,0.000056,0.000056,0.387895,0.042301,0.569693
ACTGCCCGCCATTCTC-1,0.000032,0.165327,0.037435,0.032678,0.764528
ACTGCCGTCGTAACTC-1,0.000052,0.355354,0.551182,0.000052,0.093359
ACTGCGGACACACCGT-1,0.449587,0.000026,0.22466,0.002013,0.323713
ACTGCTCGGAAGGATG-1,0.000032,0.000032,0.246669,0.082372,0.670895
ACTGGCGAACCTGCGT-1,0.000034,0.009054,0.168236,0.351008,0.471668
ACTGGGATGCCAGTGC-1,0.11155,0.526115,0.079115,0.000033,0.283186
ACTGTACGATACACAT-1,0.000049,0.140059,0.82418,0.034474,0.001239
ACTGTAGCACTTTGGA-1,0.039203,0.344216,0.603877,0.000084,0.01262
ACTGTCCAGGATTATA-1,0.000083,0.1044,0.693589,0.117961,0.083967
ACTGTCTTCTTTAGAA-1,0.000079,0.345751,0.653853,0.000079,0.000238
ACTGTTTAGTGTAGGC-1,0.095339,0.157718,0.566611,0.000083,0.180249
ACTTACCGGGCGCGCA-1,0.000043,0.204153,0.571595,0.067936,0.156272
ACTTACGCATCCACGC-1,0.000094,0.268027,0.59875,0.124881,0.008247
ACTTATACTTACCCGG-1,0.02273,0.132237,0.550222,0.278641,0.01617
ACTTATTAGGATCGGT-1,0.000043,0.015575,0.592665,0.002496,0.389222
ACTTATTTATGTGCCA-1,0.059851,0.451794,0.26175,0.2263,0.000305
ACTTCAGGCTGATCCC-1,0.025758,0.079668,0.443095,0.213877,0.237602
ACTTCCAGTGGAAGCT-1,0.000046,0.370677,0.320306,0.063285,0.245687
ACTTCCATGCGGGACA-1,0.015009,0.017409,0.418545,0.198487,0.35055
ACTTCCTGTCGTGCGA-1,0.000055,0.290969,0.02369,0.526143,0.159142
ACTTCGCCATACGCAC-1,0.000056,0.222812,0.736007,0.000535,0.04059
ACTTCGCTAGCGAGTG-1,0.153323,0.128621,0.310216,0.257136,0.150704
ACTTGACTCCCTCTTT-1,0.000059,0.074318,0.870834,0.015021,0.039768
ACTTGCTCTATCTACC-1,0.000054,0.350636,0.47128,0.000054,0.177977
ACTTGGGACCCGGTGG-1,0.134369,0.168713,0.558917,0.000036,0.137965
ACTTGGGCTTTCGCCA-1,0.001579,0.07506,0.180829,0.409881,0.332651
ACTTGTAGTCCCTTCA-1,0.000069,0.177606,0.464422,0.195965,0.161938
ACTTGTGGATGGAACG-1,0.501306,0.414191,0.047724,0.036528,0.000251
ACTTGTTACCGGATCA-1,0.000021,0.296235,0.151529,0.0701,0.482115
ACTTTACCCTCATGAA-1,0.077708,0.110975,0.25065,0.190102,0.370564
ACTTTATACACCACTT-1,0.00429,0.00723,0.428812,0.040594,0.519073
ACTTTCCTATAGCTTC-1,0.000059,0.117267,0.642538,0.000059,0.240077
ACTTTGACTGCATCCT-1,0.000063,0.211255,0.341932,0.05717,0.389581
ACTTTGGTCGTGCTCC-1,0.000087,0.366642,0.314049,0.116009,0.203212
ACTTTGTCGACGCACT-1,0.879752,0.119003,0.000534,0.000178,0.000534
AGAAATTATGACTCGC-1,0.566508,0.092004,0.014678,0.297367,0.029443
AGAACACGGCGATGGT-1,0.000033,0.196958,0.065217,0.141894,0.595898
AGAACCCAGCGTGACA-1,0.784517,0.213502,0.001699,0.00007,0.000211
AGAACCCTCAATTGGG-1,0.004845,0.202767,0.307697,0.012591,0.4721
AGAACGTGGTACATTC-1,0.03005,0.284491,0.620173,0.000044,0.065242
AGAACTGTACTTTGTA-1,0.048783,0.000031,0.107676,0.152102,0.691408
AGAAGAGCGCCGTTCC-1,0.00095,0.282393,0.537108,0.176697,0.002851
AGAAGGTACACTTCAC-1,0.000068,0.254971,0.475562,0.108702,0.160698
AGAAGGTTGCCGAATT-1,0.015581,0.041873,0.629201,0.066793,0.246551
AGAAGGTTGTAGGTCG-1,0.000056,0.037167,0.244979,0.489057,0.22874
AGAAGTGATTCGTGAT-1,0.000091,0.965229,0.034317,0.000091,0.000272
AGAATAAATCTTCAGG-1,0.00011,0.371046,0.327103,0.017087,0.284654
AGAATACAGGCTATCC-1,0.13652,0.000139,0.279918,0.083184,0.50024
AGAATGCGGGTTCGGA-1,0.000025,0.003207,0.432294,0.151249,0.413224
AGAATTATGGATTCGA-1,0.04747,0.299193,0.424775,0.221267,0.007296
AGACAGCTCAGAATCC-1,0.067042,0.6995,0.218712,0.0001,0.014646
AGACCAAACCACACCT-1,0.011352,0.000018,0.015271,0.059966,0.913394
AGACCATGGGATACAA-1,0.054292,0.194215,0.741054,0.000131,0.010308
AGACCCACCGCTGATC-1,0.000059,0.211839,0.683978,0.002321,0.101804
AGACCCGCCCTCCTCG-1,0.000059,0.213648,0.584463,0.000446,0.201384
AGACCGCTCCGCGGTT-1,0.573736,0.425677,0.000252,0.000084,0.000252
AGACCGGGAAACCCTG-1,0.006617,0.048486,0.428996,0.102642,0.413259
AGACGAAGTGCCGGTC-1,0.160103,0.348039,0.285357,0.206248,0.000253
AGACGACGATGCCGCT-1,0.386963,0.564442,0.048272,0.000081,0.000243
AGACGCCCACTTCGCC-1,0.798419,0.116202,0.000304,0.084771,0.000304
AGACGGGATTGGTATA-1,0.019624,0.152921,0.117698,0.001844,0.707913
AGACGGGCCGATTTAA-1,0.000048,0.01997,0.276264,0.250464,0.453253
AGACTAGCCTTCCAGA-1,0.000069,0.109633,0.890022,0.000069,0.000207
AGACTGTTACCGGGTC-1,0.030147,0.281124,0.584275,0.000056,0.104399
AGAGAAACACCAGAAA-1,0.033246,0.720825,0.045573,0.017729,0.182628
AGAGAACCGTCTAGGA-1,0.003092,0.215935,0.568961,0.206327,0.005686
AGAGAAGGAGTACAAT-1,0.2722,0.519338,0.208121,0.000085,0.000256
AGAGATCTCTAAAGCG-1,0.000053,0.060428,0.475949,0.109335,0.354235
AGAGCAGTTATGAGAC-1,0.00014,0.921424,0.077875,0.00014,0.00042
AGAGCCGCCGAGATTT-1,0.743719,0.150222,0.002726,0.061038,0.042295
AGAGCGCTTGTAACGG-1,0.03435,0.076824,0.119855,0.56977,0.199201
AGAGCGGGCTAATCAT-1,0.009583,0.21536,0.723802,0.050854,0.000401
AGAGGCTTCGGAAACC-1,0.060371,0.409675,0.193266,0.248166,0.088523
AGAGGGACAATTGTCC-1,0.000037,0.063322,0.099133,0.19274,0.644768
AGAGTAAACTTCACTA-1,0.635535,0.325087,0.039066,0.000078,0.000234
AGAGTATAGTGTTACG-1,0.097609,0.004241,0.213602,0.479466,0.205082
AGAGTCTTAATGAAAG-1,0.877555,0.090401,0.031843,0.00005,0.000151
AGAGTGAACAGACACC-1,0.015997,0.005723,0.007491,0.193699,0.777089
AGAGTTAGAGACCGAT-1,0.028042,0.152037,0.186372,0.0883,0.545249
AGAGTTGCAGGCCTCC-1,0.027003,0.00002,0.017037,0.247597,0.708343
AGATAACTTCAGGGCC-1,0.00003,0.100855,0.664002,0.005794,0.229319
AGATAATCACACCTAT-1,0.035934,0.310224,0.033953,0.049733,0.570156
AGATACCAATAGAACC-1,0.215136,0.457332,0.000316,0.326899,0.000316
AGATACCAGCACTTCA-1,0.044592,0.000061,0.232126,0.271999,0.451222
AGATACCGGTGTTCAC-1,0.092311,0.658662,0.248307,0.000109,0.000611
AGATACTCAAGATCGA-1,0.095688,0.530054,0.274619,0.099396,0.000243
AGATATAATACGACTA-1,0.134217,0.102322,0.050097,0.224438,0.488926
AGATCGTGCATAAGAT-1,0.000016,0.000016,0.352783,0.060919,0.586265
AGATCTCAGGTGTGAT-1,0.000052,0.001075,0.852169,0.029299,0.117405
AGATCTGGAGAGGATA-1,0.01234,0.045532,0.081663,0.005891,0.854574
AGATGACTCGCCCACG-1,0.000086,0.403562,0.596008,0.000086,0.000258
AGATGAGGGTTGCGAT-1,0.000032,0.076134,0.723943,0.04115,0.158741
AGATGATGGAGTCTGG-1,0.070294,0.601217,0.277613,0.050536,0.000341
AGATGCAAGACGTGCA-1,0.000058,0.069362,0.228966,0.134542,0.567072
AGATGCATCCTGTGTC-1,0.00008,0.125504,0.000296,0.31712,0.557001
AGATGCTATAACGAGC-1,0.071032,0.204896,0.654516,0.060365,0.009191
AGATTATAGGACGTTT-1,0.000078,0.206156,0.770973,0.000078,0.022714
AGATTCAAGCGGGTCG-1,0.056194,0.000025,0.043086,0.087947,0.812748
AGATTCACAACCGATA-1,0.035162,0.245159,0.292715,0.003033,0.42393
AGCAAAGGCCGCTAGT-1,0.174161,0.153682,0.487873,0.052178,0.132107
AGCAACATATCTTATT-1,0.178704,0.021946,0.28074,0.305186,0.213423
AGCAACCGAAAGTAAT-1,0.000088,0.456783,0.131903,0.12361,0.287616
AGCACACGTTTAGACT-1,0.000025,0.000025,0.341779,0.004246,0.653925
AGCACCAGTACTCACG-1,0.000071,0.12952,0.571196,0.133079,0.166133
AGCACTACCGGCCTGT-1,0.000108,0.592381,0.31108,0.096105,0.000325
AGCACTACCTCACCAG-1,0.033869,0.000024,0.351174,0.070629,0.544304
AGCAGAAGGAGAAAGA-1,0.000033,0.257254,0.062197,0.371118,0.309398
AGCAGCCAGATGAATA-1,0.000067,0.291432,0.430148,0.040849,0.237503
AGCAGTCGAAGCATGC-1,0.029724,0.005134,0.051845,0.319733,0.593564
AGCATATCAATATGCT-1,0.213587,0.22497,0.520685,0.019892,0.020865
AGCATCATTTCGAAAG-1,0.000038,0.00568,0.46756,0.045873,0.480848
AGCATCGTCGATAATT-1,0.000059,0.000059,0.775073,0.061383,0.163425
AGCATTACGAGGCAAG-1,0.301766,0.176362,0.06688,0.449133,0.00586
AGCCAAGCTTTGTGTC-1,0.000075,0.125508,0.418867,0.100279,0.355271
AGCCACAGGTTACCCG-1,0.039493,0.002636,0.096132,0.428422,0.433318
AGCCACTCCCGTGCTT-1,0.026979,0.000022,0.510522,0.000137,0.46234
