Barcode,Topic 1,Topic 2,Topic 3,Topic 4to6,Topic 7to9,Topic 10,Topic 11to12
AAACAACGAATAGTTC-1,0.000128,0.000661,0.109654,0.282034,0.607139,0.000128,0.000256
AAACAAGTATCTCCCA-1,0.000029,0.062676,0.000029,0.478727,0.400789,0.000029,0.057722
AAACAATCTACTAGCA-1,0.000172,0.000172,0.000172,0.99845,0.000517,0.000172,0.000344
AAACACCAATAACTGC-1,0.000039,0.001694,0.065546,0.634976,0.124133,0.000039,0.173572
AAACAGAGCGACTCCT-1,0.000046,0.000046,0.000046,0.824841,0.140206,0.000046,0.034771
AAACAGCTTTCAGAAG-1,0.000044,0.062584,0.000044,0.599125,0.137914,0.028388,0.171901
AAACAGGGTCTATATT-1,0.000033,0.017831,0.022448,0.293434,0.434176,0.000033,0.232044
AAACAGTGTTCCTGGG-1,0.000098,0.007737,0.15162,0.443927,0.000294,0.000098,0.396225
AAACATGGTGAGAGGA-1,0.000026,0.090183,0.042818,0.382211,0.347288,0.007763,0.129711
AAACATTTCCCGGATT-1,0.000034,0.019059,0.000034,0.603518,0.289511,0.000034,0.087809
AAACCACTACACAGAT-1,0.000049,0.000049,0.213626,0.407055,0.312375,0.000049,0.066799
AAACCCGAACGAAATC-1,0.000034,0.398229,0.000034,0.423825,0.177774,0.000034,0.000068
AAACCGGAAATGTTAA-1,0.000032,0.593257,0.19172,0.126949,0.087945,0.000032,0.000064
AAACCGGGTAGGTACC-1,0.00017,0.058779,0.492349,0.383775,0.064418,0.00017,0.000339
AAACCGTTCGTCCAGG-1,0.000101,0.000101,0.000101,0.737475,0.242956,0.000101,0.019165
AAACCTAAGCAGCCGG-1,0.000035,0.000035,0.000035,0.744249,0.022696,0.185629,0.047321
AAACCTCATGAAGTTG-1,0.000156,0.000156,0.000156,0.998598,0.000467,0.000156,0.000312
AAACGAAGAACATACC-1,0.000055,0.000055,0.028388,0.659155,0.312183,0.000055,0.00011
AAACGAAGATGGAGTA-1,0.000015,0.000015,0.138937,0.000046,0.283204,0.000015,0.577769
AAACGACAGTCTTGCC-1,0.000043,0.000043,0.028459,0.515731,0.167829,0.027209,0.260686
AAACGAGACGGTTGAT-1,0.00003,0.002207,0.003452,0.186961,0.797652,0.009178,0.000519
AAACGCCCGAGATCGG-1,0.000072,0.000072,0.032141,0.622974,0.098664,0.045488,0.200587
AAACGCTGGGCACGAC-1,0.000011,0.192907,0.209556,0.13826,0.246683,0.093886,0.118698
AAACGGGCGTACGGGT-1,0.000021,0.000021,0.000021,0.212144,0.541468,0.031146,0.215179
AAACGGGTTGGTATCC-1,0.000055,0.037445,0.075954,0.211304,0.675077,0.000055,0.00011
AAACGGTTGCGAACTG-1,0.000078,0.000078,0.000078,0.95996,0.023687,0.000078,0.016039
AAACGTGTTCGCCCTA-1,0.000018,0.061824,0.047632,0.014332,0.62346,0.076501,0.176232
AAACTAACGTGGCGAC-1,0.000037,0.000037,0.043623,0.373062,0.448069,0.000037,0.135135
AAACTCGGTTCGCAAT-1,0.000059,0.000059,0.019823,0.724889,0.254991,0.000059,0.000119
AAACTCGTGATATAAG-1,0.000068,0.030937,0.000068,0.665772,0.28974,0.013278,0.000136
AAACTGCTGGCTCCAA-1,0.000021,0.000021,0.032261,0.128142,0.705159,0.000021,0.134375
AAACTTAATTGCACGC-1,0.00003,0.002324,0.028921,0.396668,0.037891,0.130986,0.403181
AAACTTGCAAACGTAT-1,0.0001,0.127564,0.0001,0.865498,0.0003,0.0001,0.006339
AAAGAATGACCTTAGA-1,0.000012,0.000012,0.085417,0.052575,0.398426,0.347468,0.116091
AAAGAATGTGGACTAA-1,0.000027,0.277681,0.000027,0.476317,0.04072,0.031604,0.173623
AAAGACATGAAGTTTA-1,0.000061,0.000061,0.060936,0.747033,0.053973,0.000061,0.137873
AAAGACCCAAGTCGCG-1,0.00014,0.00014,0.00014,0.998744,0.000419,0.00014,0.000279
AAAGACTGGGCGCTTT-1,0.000189,0.000189,0.000189,0.998299,0.000567,0.000189,0.000378
AAAGCTTGCCTACATA-1,0.000032,0.023123,0.018285,0.263658,0.484835,0.003768,0.206298
AAAGGCCCTATAATAC-1,0.000019,0.064676,0.010549,0.192636,0.35492,0.008967,0.368233
AAAGGCTACGGACCAT-1,0.000083,0.000083,0.000083,0.862869,0.104684,0.000083,0.032115
AAAGGCTCTCGCGCCG-1,0.000052,0.025033,0.015478,0.511317,0.407237,0.000052,0.040832
AAAGGGATGTAGCAAG-1,0.00011,0.00011,0.028876,0.970243,0.00033,0.00011,0.00022
AAAGGGCAGCTTGAAT-1,0.00009,0.00009,0.035561,0.441239,0.522751,0.00009,0.000179
AAAGGTAAGCTGTACC-1,0.000057,0.000057,0.048513,0.573441,0.164364,0.000057,0.213511
AAAGGTCAACGACATG-1,0.000065,0.000065,0.001111,0.824122,0.000194,0.000065,0.174378
AAAGTAGCATTGCTCA-1,0.000179,0.000179,0.045228,0.953338,0.000538,0.000179,0.000358
AAAGTCACTGATGTAA-1,0.000107,0.000107,0.082982,0.678407,0.238077,0.000107,0.000213
AAAGTCGACCCTCAGT-1,0.00016,0.00016,0.00016,0.99856,0.00048,0.00016,0.00032
AAAGTGCCATCAATTA-1,0.000015,0.293746,0.093168,0.227001,0.303964,0.028556,0.053552
AAAGTGTGATTTATCT-1,0.000054,0.000054,0.000054,0.690196,0.206707,0.072134,0.030801
AAAGTTGACTCCCGTA-1,0.000023,0.081849,0.035101,0.063875,0.789985,0.002462,0.026704
AAATAACCATACGGGA-1,0.000021,0.000021,0.000021,0.070613,0.853484,0.000021,0.075819
AAATAAGGTAGTGCCC-1,0.000027,0.166678,0.009688,0.273138,0.520454,0.00171,0.028306
AAATACCTATAAGCAT-1,0.000046,0.000046,0.000046,0.538248,0.392346,0.00032,0.068947
AAATAGCTTAGACTTT-1,0.000026,0.027874,0.000026,0.283772,0.665531,0.009876,0.012896
AAATAGGGTGCTATTG-1,0.000045,0.000045,0.000045,0.376349,0.380547,0.170725,0.072245
AAATCACTCCTAAACG-1,0.000041,0.004464,0.116409,0.751938,0.020241,0.000041,0.106865
AAATCCGATACACGCC-1,0.000025,0.096117,0.036917,0.388926,0.33518,0.045157,0.097679
AAATCGCGGAAGGAGT-1,0.000028,0.043072,0.05274,0.268255,0.160155,0.18166,0.29409
AAATCGTGTACCACAA-1,0.000046,0.000046,0.003134,0.373938,0.614713,0.000046,0.008077
AAATCTAGCCCTGCTA-1,0.000031,0.015598,0.067099,0.47728,0.439897,0.000031,0.000063
AAATCTGCCCGCGTCC-1,0.000043,0.020304,0.000043,0.563515,0.00013,0.000043,0.415921
AAATGACTGATCAAAC-1,0.000039,0.000039,0.000039,0.159545,0.372255,0.000039,0.468043
AAATGATTCGATCAGC-1,0.000067,0.000067,0.000067,0.305509,0.637542,0.000067,0.056681
AAATGCTCGTTACGTT-1,0.000443,0.098335,0.502578,0.395984,0.00133,0.000443,0.000887
AAATGGCATGTCTTGT-1,0.000046,0.000046,0.072377,0.330569,0.596824,0.000046,0.000092
AAATGGCCCGTGCCCT-1,0.000038,0.047071,0.063115,0.345512,0.34313,0.000038,0.201095
AAATGGTCAATGTGCC-1,0.000063,0.000063,0.011278,0.52898,0.459429,0.000063,0.000125
AAATGTATCTTATCCC-1,0.000053,0.000053,0.000053,0.716766,0.282917,0.000053,0.000106
AAATGTGGGTGCTCCT-1,0.000101,0.000101,0.024096,0.915801,0.000303,0.000101,0.059497
AAATTAACGGGTAGCT-1,0.000085,0.018369,0.000085,0.937654,0.043549,0.000085,0.000171
AAATTAATAAGCGCGA-1,0.00005,0.024832,0.005198,0.614065,0.295081,0.00005,0.060723
AAATTACACGACTCTG-1,0.000049,0.000049,0.000049,0.3334,0.523608,0.005351,0.137494
AAATTACCTATCGATG-1,0.000049,0.0081,0.000049,0.79997,0.191686,0.000049,0.000097
AAATTCCAGGTCCAAA-1,0.000015,0.042289,0.004964,0.175686,0.709087,0.000138,0.067822
AAATTGATAGTCCTTT-1,0.000119,0.055484,0.410721,0.53296,0.000358,0.000119,0.000239
AAATTGCGGCGGTTCT-1,0.000359,0.000359,0.344494,0.549137,0.001078,0.000359,0.104214
AAATTGGTGAGAAGCA-1,0.000024,0.019901,0.015925,0.152156,0.660312,0.013039,0.138642
AAATTTACCGAAATCC-1,0.000069,0.000069,0.000069,0.94881,0.030982,0.009414,0.010587
AAATTTGCGGGTGTGG-1,0.000108,0.000108,0.235827,0.642352,0.121282,0.000108,0.000216
AACAACTGGTAGTTGC-1,0.000192,0.000192,0.000192,0.860986,0.137859,0.000192,0.000385
AACAATACATTGTCGA-1,0.00012,0.00012,0.116304,0.694833,0.085806,0.102579,0.000239
AACAATTACTCTACGC-1,0.000204,0.000204,0.219829,0.778541,0.000611,0.000204,0.000408
AACACACGCTCGCCGC-1,0.000052,0.022263,0.12607,0.826204,0.025253,0.000052,0.000105
AACACGACTGTACTGA-1,0.000083,0.000083,0.038821,0.523871,0.436891,0.000083,0.000167
AACACGAGACGCGGCC-1,0.00015,0.00015,0.00015,0.998646,0.000451,0.00015,0.000301
AACACGCGGCCGCGAA-1,0.000076,0.080745,0.105257,0.408599,0.405094,0.000076,0.000153
AACAGCTGTGTGGCAA-1,0.000149,0.000149,0.000149,0.998656,0.000448,0.000149,0.000299
AACAGGAAATCGAATA-1,0.000049,0.000049,0.000049,0.409725,0.559556,0.000049,0.030525
AACAGGATGGGCCGCG-1,0.000267,0.000267,0.000267,0.997596,0.000801,0.000267,0.000534
AACAGGTAGTATGGAT-1,0.000043,0.25309,0.000043,0.311588,0.424076,0.01001,0.001151
AACATAGCGTGTATCG-1,0.00004,0.00004,0.00004,0.526684,0.022024,0.064046,0.387123
AACATATCAACTGGTG-1,0.000038,0.000038,0.005333,0.305191,0.577211,0.014308,0.097881
AACATCGATACGTCTA-1,0.000024,0.033774,0.000024,0.047461,0.820011,0.015076,0.08363
AACATTGAAGTTGATC-1,0.00005,0.00005,0.021585,0.405282,0.341369,0.022794,0.208871
AACATTGTGACTCGAG-1,0.000075,0.000075,0.070524,0.681524,0.203614,0.000075,0.044112
AACCAAGACTTCTCTG-1,0.000049,0.127107,0.691801,0.18075,0.000146,0.000049,0.000098
AACCAGTATCACTCTT-1,0.000043,0.000043,0.000043,0.243528,0.490567,0.000043,0.265731
AACCATAGGGTTGAAC-1,0.000032,0.042631,0.000032,0.639193,0.000095,0.267702,0.050316
AACCATGGGATCGCTA-1,0.000287,0.000287,0.102133,0.572753,0.323677,0.000287,0.000575
AACCCAGAGACGGAGA-1,0.000167,0.000167,0.000167,0.968156,0.030844,0.000167,0.000333
AACCCATCCCATGATC-1,0.000046,0.055609,0.000046,0.448863,0.252039,0.01485,0.228547
AACCCGACAACCCGTG-1,0.000078,0.022779,0.095924,0.415869,0.413087,0.000078,0.052185
AACCCGAGCAGAATCG-1,0.000055,0.607313,0.000055,0.392247,0.000165,0.000055,0.00011
AACCCGATAGGGCTTC-1,0.000052,0.015307,0.051799,0.583594,0.013273,0.000868,0.335108
AACCCGCTGTATTCCA-1,0.000023,0.000023,0.226862,0.093744,0.232546,0.000023,0.446781
AACCCTACTGTCAATA-1,0.000032,0.042906,0.040415,0.328838,0.580101,0.007645,0.000064
AACCCTGGTGGAACCA-1,0.000078,0.000078,0.080595,0.700744,0.218273,0.000078,0.000155
AACCGAGCTTGGTCAT-1,0.000099,0.000099,0.000099,0.922539,0.076865,0.000099,0.000199
AACCGCTAAGGGATGC-1,0.000035,0.000035,0.019608,0.47116,0.490983,0.006811,0.011369
AACCGTTGTGTTTGCT-1,0.000111,0.000111,0.000111,0.999001,0.000333,0.000111,0.000222
AACCTAAAGCCGTCCG-1,0.000073,0.000073,0.043564,0.858864,0.00022,0.005424,0.091782
AACCTCGCTTTAGCCC-1,0.000027,0.00457,0.017714,0.034185,0.747153,0.004592,0.19176
AACCTGTCACGGAATT-1,0.000038,0.060676,0.057503,0.317471,0.508497,0.000762,0.055054
AACCTTTAAATACGGT-1,0.000031,0.000031,0.000031,0.191926,0.695102,0.000031,0.112848
AACCTTTACGACGTCT-1,0.000063,0.000063,0.000063,0.78868,0.133431,0.069246,0.008454
AACGAAAGTCGTCCCA-1,0.00004,0.00004,0.00004,0.503364,0.000126,0.233664,0.262726
AACGACCTCCTAGCCG-1,0.000025,0.971231,0.028523,0.000074,0.000074,0.000025,0.000049
AACGATAATGCCGTAG-1,0.000037,0.000037,0.033102,0.222146,0.626832,0.014491,0.103357
AACGATAGAAGGGCCG-1,0.000084,0.000084,0.000084,0.526337,0.473159,0.000084,0.000168
AACGATATGTCAACTG-1,0.000037,0.035118,0.000037,0.062087,0.855848,0.000791,0.046083
AACGCATGATCTGGGT-1,0.000054,0.0523,0.000054,0.626952,0.320477,0.000054,0.000109
AACGCGAACGGCAACA-1,0.000069,0.000069,0.236816,0.283116,0.479724,0.000069,0.000138
AACGCGACCTTGGGCG-1,0.00008,0.00008,0.176813,0.822545,0.000241,0.00008,0.00016
AACGCGGTCTCCAGCC-1,0.00008,0.142796,0.047089,0.425793,0.384005,0.00008,0.000159
AACGCTGTTGCTGAAA-1,0.000031,0.000031,0.000031,0.225795,0.663222,0.05267,0.058222
AACGGACGTACGTATA-1,0.000029,0.005727,0.000029,0.252652,0.661848,0.01019,0.069526
AACGGCCATCTCCGGT-1,0.000132,0.000132,0.06184,0.937106,0.000395,0.000132,0.000263
AACGTACTGTGGGTAC-1,0.000178,0.000178,0.000178,0.998401,0.000533,0.000178,0.000355
AACGTCAGACTAGTGG-1,0.000137,0.102917,0.000137,0.804295,0.092102,0.000137,0.000275
AACGTCATCCGGCTTG-1,0.00006,0.00006,0.00006,0.334308,0.151982,0.00006,0.513469
AACGTCGCTGCACTTC-1,0.000025,0.531664,0.162208,0.000075,0.003094,0.000025,0.302909
AACGTGATGAAGGACA-1,0.000044,0.000044,0.000044,0.324958,0.466459,0.000044,0.208407
AACGTGCGAAAGTCTC-1,0.000049,0.000049,0.000049,0.727734,0.266656,0.005364,0.000098
AACGTTATCAGCACCT-1,0.000135,0.000135,0.000135,0.99506,0.004131,0.000135,0.00027
AACGTTCTACCATTGT-1,0.000014,0.20264,0.135778,0.219922,0.370309,0.00147,0.069867
AACTACCCGTTTGTCA-1,0.000026,0.409869,0.000026,0.409144,0.180858,0.000026,0.000051
AACTAGCGTATCGCAC-1,0.000149,0.05176,0.000149,0.947049,0.000446,0.000149,0.000298
AACTAGGCTTGGGTGT-1,0.000147,0.065821,0.074173,0.709181,0.150238,0.000147,0.000293
AACTCAAGTTAATTGC-1,0.000141,0.000141,0.000141,0.998729,0.000424,0.000141,0.000282
AACTCCAGAGCGTGTT-1,0.000033,0.000033,0.040702,0.175671,0.632412,0.000724,0.150426
AACTCCTAATCCCATG-1,0.000041,0.000041,0.000041,0.536518,0.403205,0.014469,0.045684
AACTCGATAAACACGT-1,0.000305,0.000305,0.318037,0.578523,0.000916,0.000305,0.101608
AACTCGATGGCGCAGT-1,0.00006,0.045888,0.023142,0.192777,0.737952,0.00006,0.000121
AACTCTCAATAGAGCG-1,0.000044,0.042865,0.022712,0.53315,0.401095,0.000044,0.000089
AACTCTCAGTGTGCTC-1,0.000082,0.154118,0.000082,0.464742,0.379733,0.000082,0.00116
AACTGAGGTCAGCGTC-1,0.000079,0.047654,0.016339,0.708181,0.190945,0.030043,0.00676
AACTGAGTTATACTGA-1,0.000024,0.429413,0.206582,0.187041,0.153504,0.010719,0.012716
AACTGATATTAGGCCT-1,0.000067,0.023363,0.008816,0.665493,0.276823,0.000067,0.02537
AACTGGGTCCCGACGT-1,0.000056,0.000056,0.000056,0.590505,0.409159,0.000056,0.000112
AACTGGGTTCGAGCCG-1,0.00005,0.00005,0.00005,0.465674,0.452215,0.00005,0.081911
AACTGGTGTGGGCCTT-1,0.000138,0.000138,0.000138,0.916421,0.082749,0.000138,0.000277
AACTTCTGCGTCTATC-1,0.000131,0.000131,0.062625,0.936326,0.000393,0.000131,0.000262
AACTTGCCCGTATGCA-1,0.000218,0.000218,0.67241,0.325845,0.000654,0.000218,0.000436
AACTTGCGTTCTCGCG-1,0.000174,0.000174,0.16492,0.250931,0.583279,0.000174,0.000348
AACTTTACGGGAGCTT-1,0.000052,0.000052,0.020756,0.583741,0.383946,0.000052,0.011402
AACTTTAGCTGCTGAG-1,0.000143,0.000143,0.024641,0.974211,0.00043,0.000143,0.000287
AACTTTCTCGATCATG-1,0.000044,0.032079,0.000044,0.491692,0.379764,0.020925,0.075453
AAGAAAGTTTGATGGG-1,0.00005,0.00116,0.269436,0.000149,0.166696,0.00005,0.56246
AAGAAATCACCAGATT-1,0.000034,0.008401,0.000034,0.642814,0.214687,0.105011,0.029021
AAGAAGGATCAGTTAG-1,0.000231,0.000231,0.294813,0.332287,0.371746,0.000231,0.000462
AAGACATACGTGGTTT-1,0.00003,0.962934,0.00003,0.029309,0.000091,0.00003,0.007574
AAGACCAAATAACTCA-1,0.00001,0.002184,0.00001,0.061431,0.489316,0.1466,0.300449
AAGACCCAACTGAACA-1,0.00005,0.00005,0.00005,0.701328,0.215425,0.00005,0.083047
AAGACTAACCCGTTGT-1,0.000082,0.05333,0.083595,0.498243,0.290478,0.000082,0.074189
AAGACTCACGCCCACT-1,0.000035,0.011046,0.035147,0.529794,0.315662,0.000035,0.108282
AAGACTGCAAGCTACT-1,0.00005,0.046074,0.048853,0.354038,0.525997,0.002932,0.022055
AAGAGATGAATCGGTA-1,0.00027,0.00027,0.55524,0.442603,0.000809,0.00027,0.000539
AAGAGCTCTTTATCGG-1,0.000025,0.019235,0.000025,0.509025,0.449288,0.006397,0.016006
AAGAGGATGTACGCGA-1,0.000154,0.000154,0.84226,0.156508,0.000462,0.000154,0.000308
AAGAGGCATGGATCGC-1,0.000047,0.000047,0.000047,0.637814,0.316379,0.044632,0.001035
AAGAGGCCCTTTGGAA-1,0.000026,0.297658,0.162624,0.180299,0.338867,0.000026,0.020499
AAGATGGCACCGGACC-1,0.000119,0.008721,0.153169,0.690424,0.098622,0.000119,0.048826
AAGATTGGCGGAACGT-1,0.000027,0.000027,0.000027,0.21031,0.789526,0.000027,0.000055
AAGCACCCTGCGTATC-1,0.000054,0.000054,0.004035,0.286664,0.49671,0.03912,0.173363
AAGCATACTCTCCTGA-1,0.000054,0.000054,0.06916,0.442618,0.273205,0.019924,0.194985
AAGCCACTTGCAGGTA-1,0.000037,0.005201,0.045106,0.218831,0.025199,0.000037,0.705589
AAGCCGAAGCGGTTTA-1,0.000022,0.024256,0.17354,0.253012,0.548114,0.000022,0.001034
AAGCCGCCGTGAAATC-1,0.000027,0.023046,0.085672,0.463941,0.121745,0.07106,0.234509
AAGCCGCTTTACCTTG-1,0.000026,0.000026,0.004215,0.104141,0.699417,0.012342,0.179832
AAGCCGGAGAGCAGGA-1,0.000016,0.322435,0.108622,0.117056,0.445143,0.001572,0.005156
AAGCGCAGGGCTTTGA-1,0.000037,0.011225,0.064545,0.062085,0.695953,0.000049,0.166106
AAGCGGAGTGCGCGCA-1,0.000017,0.000017,0.246259,0.145186,0.385593,0.033174,0.189754
AAGCGGCGTCATGGGT-1,0.000063,0.000063,0.000063,0.638595,0.245305,0.029878,0.086033
AAGCGTCCCTCATCGA-1,0.000164,0.000164,0.50858,0.490105,0.000493,0.000164,0.000329
AAGCTAGATCGAGTAA-1,0.000095,0.000095,0.125572,0.681488,0.192464,0.000095,0.00019
AAGCTATGGATTGACC-1,0.000136,0.347752,0.000136,0.182299,0.047843,0.000136,0.4217
AAGCTCGTGCCAAGTC-1,0.000067,0.000067,0.000067,0.79274,0.20686,0.000067,0.000133
AAGCTCTTTCATGGTG-1,0.000131,0.000131,0.46324,0.535647,0.000459,0.000131,0.000262
AAGGAGAACTTATAAG-1,0.000113,0.000113,0.055806,0.943287,0.00034,0.000113,0.000227
AAGGAGCGGTTGGTGC-1,0.000082,0.000082,0.08669,0.560105,0.352794,0.000082,0.000164
AAGGATCGATCGCTTG-1,0.000043,0.02157,0.000043,0.455088,0.523125,0.000043,0.000087
AAGGATGAGGGACCTC-1,0.000021,0.15043,0.024936,0.078598,0.745306,0.000021,0.000687
AAGGCAGGCTGTCTCC-1,0.000053,0.391082,0.000053,0.444063,0.164588,0.000053,0.000107
AAGGCGCGTAAAGCTT-1,0.000123,0.000123,0.000123,0.998894,0.000369,0.000123,0.000246
AAGGCTGTGCTCATCG-1,0.000075,0.000075,0.028081,0.619155,0.352389,0.000075,0.00015
AAGGGAACGACTGGCT-1,0.000044,0.000044,0.000044,0.71797,0.000131,0.072845,0.208923
AAGGGACAGATTCTGT-1,0.000024,0.000024,0.000024,0.096624,0.903233,0.000024,0.000048
AAGGGACTATGCATTC-1,0.000048,0.000048,0.026943,0.58228,0.217657,0.000048,0.172977
AAGGGTTAGCCATGCG-1,0.000072,0.713595,0.046102,0.147444,0.000216,0.000072,0.092499
AAGGGTTTGATTTCAG-1,0.000028,0.005406,0.109698,0.179842,0.304703,0.255388,0.144935
AAGGTATCCTAATATA-1,0.000041,0.000041,0.000041,0.641392,0.358361,0.000041,0.000082
AAGGTGATAAACCAGC-1,0.000044,0.000044,0.000044,0.759073,0.235651,0.000172,0.004972
AAGTAGAAGACCGGGT-1,0.000122,0.000122,0.000122,0.99255,0.006717,0.000122,0.000244
AAGTAGTGACGCGAGG-1,0.000098,0.026825,0.020663,0.457802,0.494317,0.000098,0.000196
AAGTCAATTGTCGTCA-1,0.000044,0.131755,0.000044,0.562471,0.302721,0.002874,0.000089
AAGTCTAGTAGCTGCC-1,0.000065,0.026611,0.000065,0.67889,0.19237,0.10187,0.00013
AAGTCTTCTGTGGCCT-1,0.000076,0.133926,0.000076,0.22294,0.264001,0.000076,0.378907
AAGTGACGACCGAATT-1,0.000173,0.000173,0.089594,0.809832,0.00052,0.000173,0.099535
AAGTGAGTCGGGTTTA-1,0.000106,0.022663,0.000106,0.914678,0.062131,0.000106,0.000211
AAGTGCAAAGGTAGAC-1,0.000078,0.000078,0.109601,0.813333,0.076678,0.000078,0.000155
AAGTGCCTTGACTGTA-1,0.000023,0.105449,0.000023,0.063603,0.771391,0.000023,0.059487
AAGTGCGTTAGAATCT-1,0.000154,0.000154,0.000154,0.940924,0.058152,0.000154,0.000308
AAGTGCTTCTCTATTG-1,0.000128,0.000128,0.000128,0.847627,0.000385,0.000128,0.151474
AAGTGTTTGGAGACGG-1,0.000036,0.000036,0.12863,0.299307,0.538219,0.000036,0.033736
AAGTTCACTCCAAGCT-1,0.000033,0.011249,0.047319,0.270615,0.550378,0.054543,0.065863
AAGTTCAGTCTGCGTA-1,0.000036,0.000036,0.009805,0.179565,0.810451,0.000036,0.000072
AAGTTCGGCCAACAGG-1,0.000145,0.023476,0.170355,0.677287,0.112902,0.000145,0.015689
AAGTTGTGATGTTATA-1,0.000046,0.154617,0.02462,0.548006,0.143308,0.000046,0.129357
AAGTTTACTAATGGCA-1,0.000092,0.000092,0.089279,0.743976,0.166286,0.000092,0.000184
AAGTTTATGGGCCCAA-1,0.000029,0.01701,0.000029,0.227705,0.547013,0.000029,0.208185
AATAACAACGCTCGGC-1,0.000126,0.070922,0.309102,0.323102,0.229305,0.000126,0.067316
AATAACACTAGAACAA-1,0.000087,0.195647,0.06527,0.553714,0.02652,0.000087,0.158674
AATAACGTCGCGCCCA-1,0.000029,0.84853,0.151177,0.000088,0.000088,0.000029,0.000059
AATAAGTCCTCGAGAC-1,0.0001,0.098806,0.047715,0.840057,0.013023,0.0001,0.000199
AATAATCTTCGTATCG-1,0.000033,0.948084,0.029068,0.02262,0.000098,0.000033,0.000065
AATACAATGTTTCAGG-1,0.000225,0.000225,0.061963,0.93624,0.000674,0.000225,0.000449
AATACCGGAGGGCTGT-1,0.000171,0.000171,0.000171,0.998463,0.000512,0.000171,0.000342
AATACCTGATGTGAAC-1,0.000005,0.058232,0.414775,0.000015,0.213245,0.000575,0.313151
AATAGAACAGAGTGGC-1,0.000128,0.000128,0.023593,0.975381,0.000385,0.000128,0.000256
AATAGAATCTGTTTCA-1,0.00003,0.00003,0.106209,0.149868,0.673622,0.025844,0.044397
AATAGCAAGCCTCCTG-1,0.000062,0.000062,0.000062,0.193012,0.49932,0.000062,0.307419
AATAGCTACCGCGTGC-1,0.00003,0.00003,0.00003,0.258359,0.570317,0.023028,0.148207
AATAGGCACGACCCTT-1,0.000023,0.000023,0.09489,0.013288,0.398947,0.000023,0.492806
AATAGTCCGTCCCGAC-1,0.000071,0.000071,0.000071,0.861077,0.138494,0.000071,0.000143
AATAGTCGCGAGTCGG-1,0.000054,0.000054,0.046865,0.661762,0.291105,0.000054,0.000107
AATATCAAGGTCGGAT-1,0.000202,0.000202,0.000202,0.998184,0.000605,0.000202,0.000404
AATATCCTAGCAAACT-1,0.000035,0.009813,0.000035,0.30243,0.378326,0.000561,0.3088
AATATCGAATCAATGC-1,0.000022,0.029822,0.012033,0.269484,0.688485,0.000022,0.000132
AATATCGAGGGTTCTC-1,0.000043,0.18378,0.000043,0.193613,0.615859,0.000043,0.00662
AATATTGGAGTATTGA-1,0.000187,0.007438,0.071938,0.919316,0.000561,0.000187,0.000374
AATCAGACTGCAGGAC-1,0.000054,0.037243,0.052374,0.285865,0.608791,0.000054,0.015619
AATCAGGTTTCATTTA-1,0.000074,0.004341,0.07012,0.757505,0.000221,0.000074,0.167666
AATCATGTAAAGACTC-1,0.000027,0.018553,0.000027,0.395269,0.42618,0.000086,0.159857
AATCCAAGGGCCTGAG-1,0.000109,0.000109,0.076427,0.566682,0.356348,0.000109,0.000217
AATCCATGCAAGGGTG-1,0.000072,0.041749,0.07051,0.255231,0.611087,0.000072,0.021279
AATCCCGCTCAGAGCC-1,0.000046,0.000046,0.08196,0.056847,0.192098,0.000046,0.668957
AATCGAGGTCTCAAGG-1,0.000016,0.007653,0.172433,0.024753,0.26357,0.000016,0.53156
AATCGCCTCAGCGCCA-1,0.000072,0.000072,0.000072,0.981246,0.018322,0.000072,0.000144
AATCGCGCAGAGGACT-1,0.000094,0.194611,0.194656,0.610074,0.000282,0.000094,0.000188
AATCGGGACACTACGA-1,0.000102,0.000102,0.000102,0.931501,0.06789,0.000102,0.000203
AATCGGTATAGCCCTC-1,0.000019,0.432454,0.461091,0.000058,0.009768,0.001139,0.095471
AATCGTGAGCCGAGCA-1,0.000041,0.000041,0.005649,0.433844,0.402677,0.058634,0.099113
AATCTAGGTTTACTTG-1,0.000071,0.000071,0.009875,0.634503,0.159511,0.000071,0.195897
AATCTATGCCGGAGCC-1,0.000035,0.03072,0.000035,0.256127,0.553064,0.000035,0.159982
AATCTCTACTGTGGTT-1,0.000045,0.000045,0.119776,0.543562,0.184714,0.074709,0.077149
AATCTGCGTTGGGACG-1,0.00004,0.080742,0.00004,0.481292,0.437767,0.00004,0.00008
AATCTGGCTTTCTAGT-1,0.000048,0.000048,0.099375,0.297387,0.374512,0.023357,0.205272
AATCTGGGTAGACCCT-1,0.000084,0.000084,0.000084,0.795516,0.035501,0.000084,0.168647
AATGACAGCAATGTCT-1,0.000079,0.082277,0.078476,0.333745,0.396397,0.000079,0.108946
AATGACGTAGGATGTC-1,0.000019,0.000019,0.000019,0.000056,0.985452,0.000019,0.014418
AATGACTGTCAGCCGG-1,0.000056,0.000056,0.058323,0.382463,0.558935,0.000056,0.000112
AATGAGTTCGCATATG-1,0.000152,0.051263,0.185939,0.178625,0.583566,0.000152,0.000304
AATGATGATACGCTAT-1,0.000014,0.003231,0.040668,0.000042,0.949561,0.000014,0.00647
AATGATGCGACTCCTG-1,0.000063,0.046368,0.000063,0.725997,0.227322,0.000063,0.000125
AATGCAACCGGGTACC-1,0.00007,0.00007,0.00007,0.564324,0.351085,0.00007,0.084311
AATGCACCAAGCAATG-1,0.000043,0.000043,0.000043,0.625753,0.303365,0.000812,0.069939
AATGGCCGCCAATGCG-1,0.000057,0.000057,0.033537,0.537538,0.140324,0.000057,0.288432
AATGGTCCACCGTTCA-1,0.000559,0.000559,0.055451,0.82695,0.001678,0.113684,0.001119
AATGGTTCTCACAAGC-1,0.000296,0.028774,0.000296,0.968862,0.000887,0.000296,0.000591
AATGTATGGCACTGTA-1,0.000021,0.054683,0.000021,0.294542,0.109596,0.302975,0.238161
AATGTGCCCGAGGTGT-1,0.000161,0.047866,0.000161,0.950849,0.000482,0.000161,0.000321
AATGTGCTAATCTGAG-1,0.000092,0.000092,0.000092,0.883184,0.000276,0.071257,0.045007
AATGTTAAGACCCTGA-1,0.000023,0.000023,0.000023,0.103729,0.135793,0.081906,0.678503
AATGTTGTCGTGAGAC-1,0.000031,0.200799,0.074405,0.28992,0.247964,0.006125,0.180756
AATTAAAGGTCGGCGT-1,0.000051,0.06311,0.017358,0.382313,0.537017,0.000051,0.000101
AATTAACGGATTTCCA-1,0.00009,0.00009,0.00009,0.999194,0.000269,0.00009,0.000179
AATTACGAGACCCATC-1,0.000024,0.05306,0.025982,0.033712,0.236251,0.267588,0.383382
AATTACTCGTACGCTC-1,0.000081,0.000081,0.029559,0.389053,0.550434,0.000081,0.030711
AATTAGCGCTGCAGCG-1,0.000054,0.000054,0.000054,0.551622,0.315803,0.011504,0.12091
AATTATACCCAGCAAG-1,0.00001,0.007565,0.018636,0.008802,0.146565,0.002662,0.81576
AATTCATAAGGGATCT-1,0.000032,0.000032,0.000032,0.219821,0.779986,0.000032,0.000064
AATTCATTGTCATGCA-1,0.000037,0.093904,0.000037,0.47568,0.006731,0.088642,0.334969
AATTCCAACTTGGTGA-1,0.000063,0.078462,0.054503,0.300372,0.566412,0.000063,0.000126
AATTCCAAGCATGTAC-1,0.00004,0.029599,0.020912,0.282282,0.563834,0.00004,0.103293
AATTCGATTCGAGGAT-1,0.000064,0.000064,0.068185,0.330497,0.487217,0.05043,0.063543
AATTCTAGAGTTAGGC-1,0.000079,0.017313,0.000079,0.548796,0.350245,0.000079,0.08341
AATTGAACGCTCTGGT-1,0.000054,0.000054,0.000054,0.497839,0.446481,0.000054,0.055466
AATTGCAGCAATCGAC-1,0.000027,0.057393,0.163675,0.569943,0.178519,0.000027,0.030414
AATTGCGTGGATTACA-1,0.000036,0.094728,0.081549,0.534616,0.000108,0.093604,0.195359
AATTGTGGTTGCCAAA-1,0.000032,0.884099,0.000032,0.115646,0.000096,0.000032,0.000064
AATTTGGGACATAGTA-1,0.000063,0.000063,0.000063,0.766663,0.107996,0.001643,0.123508
AATTTGGTTCCAAAGA-1,0.000043,0.000043,0.028409,0.417906,0.548545,0.000043,0.005011
ACAAACCATGCGTCCT-1,0.000037,0.006116,0.014779,0.781452,0.000512,0.071683,0.125421
ACAAACCGACAAGGCG-1,0.000057,0.000057,0.092285,0.890303,0.002374,0.000057,0.014867
ACAAACTCCATCAGAG-1,0.000053,0.000053,0.464116,0.060977,0.000159,0.000053,0.474588
ACAAAGAAGGTAGGCC-1,0.000053,0.043312,0.000053,0.742806,0.01013,0.022326,0.18132
ACAAAGCATGACCTAG-1,0.000019,0.000019,0.088862,0.421642,0.399824,0.003189,0.086444
ACAAATCGCACCGAAT-1,0.000034,0.000034,0.000034,0.56456,0.322377,0.078432,0.03453
ACAAATGGTAGTGTTT-1,0.00005,0.00005,0.00005,0.667273,0.324667,0.00418,0.003728
ACAAATTCAGATCTGA-1,0.000047,0.000047,0.001083,0.520767,0.303333,0.000047,0.174677
ACAACAGCATGAGCTA-1,0.000025,0.000025,0.000025,0.018925,0.923427,0.000025,0.057548
ACAACGGTCCCTGCGA-1,0.000212,0.144,0.068148,0.376463,0.41054,0.000212,0.000424
ACAAGCAGTGCCTAGC-1,0.000177,0.000177,0.294217,0.704368,0.000531,0.000177,0.000354
ACAAGCTATATGGAAG-1,0.000055,0.038429,0.000055,0.50511,0.257445,0.017964,0.180941
ACAAGGAAATCCGCCC-1,0.000052,0.042954,0.000052,0.884635,0.071652,0.000052,0.000603
ACAAGGACAAGAGGTT-1,0.000089,0.000089,0.000089,0.80241,0.197054,0.000089,0.000179
ACAAGGATGCTTTAGG-1,0.000038,0.003856,0.010209,0.32578,0.460517,0.000281,0.199321
ACAAGGCCTACCAGCC-1,0.000091,0.000091,0.000091,0.792731,0.000274,0.000461,0.206259
ACAAGGGCAGGCTCTG-1,0.000054,0.000054,0.000054,0.68277,0.290091,0.000054,0.026923
ACAAGTAATTGTAAGG-1,0.000032,0.000032,0.000032,0.285304,0.000096,0.010046,0.704459
ACAATAGTCGTACGTT-1,0.000156,0.000156,0.000156,0.998598,0.000467,0.000156,0.000312
ACAATCCATTTAAACC-1,0.000101,0.053563,0.093552,0.622352,0.230129,0.000101,0.000202
ACAATCGATCTTTATA-1,0.000098,0.000098,0.000098,0.777147,0.222263,0.000098,0.000197
ACAATGAATACGGAGA-1,0.000166,0.000166,0.000166,0.998503,0.000499,0.000166,0.000333
ACAATGATTCTTCTAC-1,0.000079,0.022423,0.01678,0.605919,0.149459,0.102839,0.102501
ACAATTGTGTCTCTTT-1,0.000029,0.039468,0.069515,0.270125,0.587217,0.005692,0.027953
ACAATTTAGGAGGCTC-1,0.000072,0.009334,0.069034,0.86707,0.008486,0.000072,0.045933
ACAATTTGAGCAGTGG-1,0.000059,0.000059,0.058744,0.54702,0.393631,0.00037,0.000117
ACAATTTGGCCATATT-1,0.000049,0.661167,0.000595,0.291505,0.046535,0.000049,0.000099
ACACAAAGACGGGTGG-1,0.000103,0.000103,0.000103,0.917239,0.082145,0.000103,0.000205
ACACAAATATTCCTAG-1,0.00002,0.045159,0.088422,0.185995,0.429709,0.16394,0.086755
ACACACCAGGACCAGT-1,0.000029,0.011777,0.000029,0.055637,0.906765,0.000029,0.025735
ACACACTTTCTACACG-1,0.000076,0.000076,0.000076,0.442973,0.556569,0.000076,0.000153
ACACATGATCAAATCT-1,0.000047,0.000047,0.000047,0.684368,0.003985,0.020244,0.291262
ACACATTGACGCAACA-1,0.000119,0.000119,0.000119,0.699969,0.299316,0.000119,0.000238
ACACATTTCCGTAGAC-1,0.000055,0.000055,0.000055,0.239906,0.10393,0.016732,0.639268
ACACCACATAATTAGC-1,0.00002,0.012552,0.00002,0.118267,0.743932,0.00213,0.12308
ACACCCAGCATGCAGC-1,0.000083,0.000083,0.000083,0.371878,0.627625,0.000083,0.000166
ACACCCGAGAAATCCG-1,0.000169,0.000169,0.000169,0.998482,0.000506,0.000169,0.000337
ACACCCGTAAATCTGT-1,0.000034,0.00058,0.052644,0.784968,0.051542,0.000034,0.110199
ACACCGAGCGCTCTTT-1,0.000069,0.000069,0.068243,0.554014,0.377397,0.000069,0.000139
ACACCGGTCTGACCGC-1,0.000036,0.000036,0.000036,0.469301,0.082215,0.115003,0.333373
ACACCTTAAGTAGGGC-1,0.000193,0.000193,0.000193,0.800023,0.198817,0.000193,0.000387
ACACCTTACTACTTGC-1,0.000049,0.275431,0.00571,0.461084,0.257581,0.000049,0.000097
ACACGAGACTCCTTCT-1,0.000039,0.111001,0.03483,0.137961,0.70663,0.009181,0.000358
ACACGGCACTATGCAT-1,0.000089,0.000089,0.000089,0.772402,0.227067,0.000089,0.000177
ACACGGGAACTTAGGG-1,0.000106,0.000106,0.000106,0.999042,0.000319,0.000106,0.000213
ACACGTAGGCCACAAG-1,0.000036,0.294476,0.000036,0.025591,0.547369,0.050844,0.081647
ACACTCCAATGTCACT-1,0.00026,0.00026,0.00026,0.997656,0.000781,0.00026,0.000521
ACACTGATCAAGGTGT-1,0.000123,0.000123,0.000123,0.876431,0.122833,0.000123,0.000245
ACACTGGGACAGTCGT-1,0.000038,0.767311,0.000038,0.185759,0.045819,0.000038,0.000997
ACAGAACTGAGAACAA-1,0.000078,0.030496,0.000078,0.955188,0.000235,0.000078,0.013846
ACAGATTAGGTTAGTG-1,0.00011,0.00011,0.012948,0.809762,0.176743,0.00011,0.000219
ACAGCATAGAGCCAGT-1,0.000126,0.000126,0.031326,0.962499,0.005543,0.000126,0.000253
ACAGCGACATTCTCAT-1,0.000035,0.057134,0.000035,0.313457,0.534599,0.01178,0.082961
ACAGCGCACCCGCAGC-1,0.000033,0.000033,0.000033,0.134366,0.853513,0.000033,0.011988
ACAGGAGGCGCAGCCG-1,0.000156,0.065391,0.000156,0.619566,0.314261,0.000156,0.000313
ACAGGCACGGATCCTT-1,0.000029,0.100301,0.050933,0.457003,0.087325,0.19213,0.112278
ACAGGCTTGCCCGACT-1,0.000028,0.000028,0.000028,0.192663,0.704007,0.080643,0.022603
ACAGGTGGAGGTGAGG-1,0.000165,0.000165,0.000165,0.998512,0.000496,0.000165,0.000331
ACAGGTGTGTTGTTGC-1,0.00004,0.066564,0.00004,0.329918,0.364151,0.012707,0.22658
ACAGTAATACAACTTG-1,0.000028,0.000028,0.000028,0.299851,0.527397,0.000028,0.17264
ACAGTATACCGTGGGA-1,0.000044,0.000044,0.000044,0.348496,0.509269,0.053732,0.088372
ACAGTGCAGCGCATTT-1,0.000078,0.001049,0.000078,0.796552,0.083181,0.013338,0.105723
ACATAAGTCGTGGTGA-1,0.000037,0.000037,0.000037,0.356765,0.20434,0.049536,0.389249
ACATAATAAGGCGGTG-1,0.000098,0.000098,0.000098,0.835511,0.163902,0.000098,0.000196
ACATACAATCAAGCGG-1,0.000009,0.000009,0.001627,0.07096,0.495678,0.000253,0.431465
ACATCAGCTGGGACGC-1,0.000048,0.000048,0.101129,0.486487,0.412143,0.000048,0.000096
ACATCCCGGCCATACG-1,0.000113,0.000113,0.000113,0.949084,0.050235,0.000113,0.000227
ACATCCTGGTAACTGT-1,0.000024,0.146954,0.061725,0.072856,0.685505,0.000024,0.032912
ACATCGATCGTTTACC-1,0.000057,0.000057,0.031672,0.178755,0.76393,0.000057,0.025471
ACATCGCAATATTCGG-1,0.000029,0.000029,0.000029,0.022424,0.002239,0.142817,0.832434
ACATCGGTCAGCCGCG-1,0.000124,0.000124,0.052253,0.946754,0.000373,0.000124,0.000248
ACATCGTATGCAATGG-1,0.000065,0.000065,0.005996,0.820308,0.167307,0.000065,0.006192
ACATCGTTAACCTAGT-1,0.000091,0.000091,0.046661,0.850594,0.10229,0.000091,0.000182
ACATCTCAACGCGTAA-1,0.000036,0.025508,0.020917,0.314963,0.570128,0.000036,0.068412
ACATGCTTACGGCAGC-1,0.000033,0.000033,0.05769,0.138765,0.086857,0.011782,0.70484
ACATGGCGCCAAAGTA-1,0.000024,0.011777,0.000736,0.253602,0.716818,0.001529,0.015514
ACATGGCTCAATTTAG-1,0.000191,0.021655,0.153803,0.823205,0.000573,0.000191,0.000382
ACATTAGTTTATATCC-1,0.0001,0.0001,0.048173,0.81369,0.100097,0.0001,0.03774
ACATTCGCGCGGAATA-1,0.00005,0.00005,0.00005,0.494512,0.000151,0.00005,0.505135
ACATTTGAAACCTAAC-1,0.000008,0.029166,0.267367,0.005092,0.207427,0.001739,0.489202
ACCAAACACCCAGCGA-1,0.000024,0.045564,0.08703,0.201261,0.558097,0.067044,0.040981
ACCAAACTAGAAATCC-1,0.000067,0.000067,0.07764,0.788369,0.133659,0.000067,0.000133
ACCAACACCACACACT-1,0.000054,0.012399,0.000054,0.560372,0.379893,0.043436,0.003792
ACCAACCGCACTCCAC-1,0.000026,0.108263,0.052279,0.205076,0.415269,0.054311,0.164776
ACCAACGCTTATTTAT-1,0.00006,0.00006,0.061479,0.510793,0.427427,0.00006,0.00012
ACCAAGAACGCGTGTC-1,0.000073,0.000073,0.000073,0.634163,0.365399,0.000073,0.000146
ACCAAGTCATCGGCAG-1,0.000041,0.489656,0.000041,0.407089,0.000122,0.00568,0.097371
ACCAATATGCAAGTTA-1,0.000051,0.000051,0.000051,0.42635,0.487259,0.010431,0.075808
ACCACAACTCAGAACA-1,0.000074,0.000074,0.000074,0.876846,0.039099,0.000074,0.083758
ACCACAAGTTTCTATC-1,0.00011,0.00011,0.00011,0.999012,0.000329,0.00011,0.00022
ACCACACGGTTGATGG-1,0.000053,0.000053,0.000053,0.483417,0.057086,0.036006,0.423331
ACCACCAATGTAACAA-1,0.000014,0.013766,0.010396,0.157311,0.773124,0.004729,0.04066
ACCACCCTCTCTTCTA-1,0.00005,0.041791,0.014372,0.400418,0.328814,0.003795,0.210759
ACCACGTGCAGCTATA-1,0.000024,0.000024,0.014414,0.008374,0.78808,0.000024,0.18906
ACCACTGTTCAAGAAG-1,0.000123,0.000123,0.000123,0.998894,0.000369,0.000123,0.000246
ACCAGACCATAACAAC-1,0.000054,0.001281,0.041119,0.355346,0.306573,0.000616,0.295011
ACCAGCCCGGTCTTTG-1,0.000034,0.000034,0.079809,0.125508,0.687172,0.000034,0.107409
ACCAGGAGTGTGATCT-1,0.000135,0.000135,0.000135,0.998788,0.000404,0.000135,0.000269
ACCAGTGCCCGGTCAA-1,0.000059,0.000059,0.000059,0.6955,0.247615,0.000059,0.056647
ACCAGTGCGGGAGACG-1,0.00004,0.001867,0.00004,0.527133,0.368331,0.055727,0.046863
ACCATATCCGCAATAA-1,0.000077,0.001646,0.018771,0.820677,0.158598,0.000077,0.000154
ACCATCCGCCAACTAG-1,0.000031,0.000031,0.11063,0.26493,0.487138,0.000031,0.137208
ACCATCGTATATGGTA-1,0.000099,0.12658,0.000099,0.596773,0.276152,0.000099,0.000198
ACCATTAAGGGTGTCA-1,0.000145,0.000145,0.054794,0.924398,0.020083,0.000145,0.00029
ACCCAACGCCCGTGGC-1,0.000023,0.000023,0.021802,0.191368,0.760501,0.001166,0.025116
ACCCACCTACATGCTC-1,0.000103,0.000103,0.13498,0.306305,0.558198,0.000103,0.000207
ACCCATCTTGAGGGTA-1,0.000163,0.000163,0.000163,0.998529,0.00049,0.000163,0.000327
ACCCATTTGTCCCTCT-1,0.000014,0.000014,0.000014,0.001098,0.847455,0.000014,0.151391
ACCCGAGCGAAATTAC-1,0.000065,0.165771,0.102741,0.731034,0.000195,0.000065,0.00013
ACCCGATTGGTTCCGA-1,0.00008,0.179407,0.043334,0.776703,0.000239,0.00008,0.000159
ACCCGGAAACTCCCAG-1,0.000062,0.000062,0.054841,0.524819,0.319075,0.000062,0.101079
ACCCGGAGCACCACAA-1,0.000049,0.767057,0.000049,0.214353,0.018346,0.000049,0.000098
ACCCGGATGACGCATC-1,0.00002,0.023366,0.017532,0.087016,0.758757,0.00002,0.113288
ACCCGGTTACACTTCC-1,0.000077,0.000077,0.000077,0.670082,0.329456,0.000077,0.000154
ACCCGTAGCAGAGAAT-1,0.000187,0.000187,0.000187,0.291475,0.000561,0.051613,0.65579
ACCCGTAGTCTAGTTG-1,0.000037,0.833417,0.000037,0.165116,0.00011,0.000037,0.001248
ACCCGTGTCATCAGTA-1,0.000072,0.000072,0.094783,0.546208,0.339515,0.000072,0.019277
ACCCTATAGGACTGAG-1,0.000199,0.000199,0.360421,0.265723,0.372859,0.000199,0.000399
ACCCTATGCCATATCG-1,0.000221,0.000221,0.128492,0.607497,0.262907,0.000221,0.000442
ACCCTCCCGTCAGGGC-1,0.000014,0.062907,0.026065,0.022155,0.634956,0.041948,0.211954
ACCCTCCCTTGCTATT-1,0.000044,0.162456,0.000044,0.519992,0.289496,0.007329,0.020638
ACCCTGGTAACGCCCT-1,0.000027,0.062709,0.037972,0.027539,0.612651,0.15651,0.102592
ACCCTTCATCTGCGAA-1,0.000083,0.054404,0.000083,0.522473,0.422709,0.000083,0.000166
ACCCTTGCCTGGGTCG-1,0.000053,0.053127,0.011928,0.606857,0.095016,0.022128,0.21089
ACCCTTTAGTTCTCCA-1,0.000069,0.033055,0.018095,0.440925,0.507648,0.000069,0.000138
ACCGAAAGGGCCCTGC-1,0.000078,0.000078,0.014971,0.752083,0.232555,0.000078,0.000157
ACCGAAGAGTCTGGTT-1,0.000048,0.010053,0.000048,0.475798,0.077277,0.044488,0.392288
ACCGACACATCTCCCA-1,0.000092,0.000092,0.000092,0.96344,0.036007,0.000092,0.000185
ACCGACTGAGTCCCAC-1,0.00011,0.00011,0.044079,0.865886,0.089486,0.00011,0.00022
ACCGAGTCTCCTTATT-1,0.00004,0.000452,0.00004,0.43189,0.05871,0.41882,0.090047
ACCGATAGGCATAACC-1,0.000033,0.999634,0.000033,0.0001,0.0001,0.000033,0.000067
ACCGATATTTAATCAT-1,0.00007,0.660937,0.00007,0.29508,0.043632,0.00007,0.00014
ACCGATGGTAGCATCG-1,0.000051,0.024894,0.000051,0.491288,0.453348,0.000051,0.030318
ACCGCAATAACTGCCT-1,0.000028,0.094496,0.065357,0.262282,0.490742,0.020609,0.066486
ACCGCGGTGGAAGTCG-1,0.000039,0.059799,0.000039,0.574346,0.364731,0.000039,0.001009
ACCGCTAGTCATTGGT-1,0.000105,0.000105,0.02795,0.453733,0.000316,0.000105,0.517685
ACCGGGCCTTTGTTGA-1,0.000022,0.013803,0.011805,0.106325,0.80432,0.012713,0.051012
ACCGGTCAGGTACACC-1,0.000038,0.000038,0.009389,0.269711,0.338933,0.019754,0.362135
ACCGGTCTGAGTACGG-1,0.00007,0.00007,0.060958,0.649892,0.206026,0.011088,0.071897
ACCGTCCACTGGGCCC-1,0.000019,0.11125,0.079011,0.505008,0.006993,0.096374,0.201345
ACCGTGACCACGTGGG-1,0.000142,0.000142,0.569806,0.42906,0.000425,0.000142,0.000283
ACCGTTCCCGCTCTGA-1,0.000076,0.000076,0.0338,0.696161,0.269657,0.000076,0.000153
ACCTAAGTACCTTTCA-1,0.000146,0.073787,0.113167,0.7513,0.047914,0.000146,0.013539
ACCTAATCGACTTCCT-1,0.000099,0.013828,0.102621,0.402443,0.480713,0.000099,0.000197
ACCTACAGTATGTGGT-1,0.000119,0.19492,0.000119,0.615117,0.18937,0.000119,0.000237
ACCTACTATAAATCTA-1,0.000056,0.000056,0.074548,0.661195,0.206529,0.003092,0.054523
ACCTCAGCGAGGCGCA-1,0.000015,0.001175,0.012376,0.136191,0.509835,0.185717,0.154691
ACCTCCGCCCTCGCTG-1,0.000057,0.048842,0.000057,0.845504,0.10537,0.000057,0.000114
ACCTCCGTTATTCACC-1,0.00003,0.02919,0.00003,0.21147,0.702772,0.00003,0.056479
ACCTCGAACTTATGCT-1,0.000014,0.051424,0.032959,0.035495,0.452256,0.020689,0.407163
ACCTGCGTGTCATGTT-1,0.000127,0.000127,0.000127,0.998853,0.000382,0.000127,0.000255
ACCTTTCCTTTAGAAG-1,0.000082,0.000082,0.110794,0.829124,0.059674,0.000082,0.000163
ACGAAATGGGCGGCAC-1,0.000092,0.000092,0.184825,0.58603,0.228684,0.000092,0.000185
ACGACCCATGAGTTGC-1,0.000023,0.357219,0.124055,0.230679,0.207004,0.001783,0.079237
ACGACTCTAGGGCCGA-1,0.00001,0.011144,0.247883,0.01886,0.417722,0.067063,0.237317
ACGACTGGTCATACTC-1,0.000054,0.000054,0.000054,0.393894,0.411609,0.000054,0.194282
ACGAGAACCCATCACG-1,0.000231,0.000231,0.053714,0.583281,0.309291,0.000231,0.053021
ACGAGATATTTGCTTA-1,0.000108,0.000108,0.000108,0.897883,0.101469,0.000108,0.000216
ACGAGGATACCACTCT-1,0.000049,0.04366,0.069712,0.527545,0.308096,0.000049,0.05089
ACGAGGTTTACAACGT-1,0.000035,0.057856,0.030209,0.152632,0.331235,0.000035,0.427997
ACGAGTACGGATGCCC-1,0.000058,0.037784,0.000058,0.551424,0.410502,0.000058,0.000116
ACGAGTCGCCGGCGTT-1,0.000124,0.000124,0.206098,0.532252,0.261028,0.000124,0.000248
ACGATACATAGAACTA-1,0.000036,0.000036,0.000036,0.38425,0.569207,0.000036,0.046401
ACGATACCTATCCTGA-1,0.000106,0.050556,0.000106,0.741271,0.156481,0.000106,0.051375
ACGATCATACATAGAG-1,0.000049,0.000049,0.000049,0.23111,0.768595,0.000049,0.000099
ACGATCATCTTGTAAA-1,0.000016,0.041681,0.010391,0.010016,0.881597,0.000016,0.056284
ACGATGCATATGTTAT-1,0.00023,0.00023,0.00023,0.997928,0.000691,0.00023,0.00046
ACGATGGATCCGATGC-1,0.000094,0.000094,0.000094,0.71703,0.282409,0.000094,0.000187
ACGCAAACTAATAGAT-1,0.000108,0.044503,0.000108,0.954633,0.000324,0.000108,0.000216
ACGCAATCACTACAGC-1,0.000033,0.017873,0.000332,0.163052,0.641365,0.038122,0.139224
ACGCATAAATGACATG-1,0.0001,0.0001,0.023589,0.28879,0.421504,0.0001,0.265818
ACGCATACGTTTACTA-1,0.00002,0.00002,0.199403,0.02933,0.751523,0.00002,0.019684
ACGCATTCGTGAGTAC-1,0.000066,0.000066,0.013742,0.359815,0.626114,0.000066,0.000132
ACGCCACTCGAAACAG-1,0.000009,0.000009,0.186536,0.000342,0.321063,0.001729,0.490312
ACGCCAGATGATTTCT-1,0.000095,0.000095,0.000095,0.901936,0.097496,0.000095,0.000189
ACGCCAGTGCGTTTGC-1,0.000023,0.083968,0.000023,0.437288,0.056258,0.024987,0.397451
ACGCCCAGCTGTCGAT-1,0.000049,0.000049,0.033566,0.53796,0.428232,0.000049,0.000097
ACGCCGCTAGACGACC-1,0.000024,0.000024,0.000024,0.009205,0.986549,0.000024,0.00415
ACGCCTGACACGCGCT-1,0.00019,0.00019,0.111678,0.886803,0.00057,0.00019,0.00038
ACGCGAAGTCAGACGA-1,0.000072,0.000072,0.000072,0.571906,0.427662,0.000072,0.000144
ACGCGCTACACAGGGT-1,0.000142,0.002489,0.16483,0.416667,0.415445,0.000142,0.000284
ACGCGGGCCAAGGACA-1,0.000046,0.000046,0.031784,0.20999,0.691368,0.002229,0.064537
ACGCGTTTCTTAAGAG-1,0.00009,0.00009,0.076754,0.564081,0.358715,0.00009,0.00018
ACGCTACTGAATGGGC-1,0.000023,0.398585,0.344748,0.000069,0.1477,0.000023,0.108852
ACGCTAGTATCAGTGC-1,0.000049,0.017052,0.065946,0.738407,0.046528,0.000049,0.131969
ACGCTAGTGATACACT-1,0.000027,0.001555,0.010464,0.264885,0.686733,0.000027,0.036308
ACGCTGTGAGGCGTAG-1,0.000047,0.073232,0.044081,0.222545,0.588658,0.000047,0.07139
ACGCTTAGTGTCTCTC-1,0.000042,0.000042,0.000042,0.334894,0.578435,0.001015,0.08553
ACGGAACACGAGTGCC-1,0.000013,0.116199,0.086989,0.127781,0.13572,0.007732,0.525566
ACGGAATTTAGCAAAT-1,0.000195,0.000195,0.14179,0.24334,0.535453,0.000195,0.078833
ACGGACGCAGCGACAA-1,0.00002,0.00002,0.00002,0.001019,0.09356,0.009886,0.895474
