Barcode,Topic 1,Topic 2,Topic 3to4,Topic 5to7,Topic 8to12
AAACAACGAATAGTTC-1,0.000061,0.483093,0.516359,0.000183,0.000304
AAACAAGTATCTCCCA-1,0.011343,0.045635,0.276089,0.241772,0.425161
AAACAATCTACTAGCA-1,0.000095,0.02979,0.969353,0.000286,0.000476
AAACACCAATAACTGC-1,0.121766,0.160098,0.004644,0.339869,0.373623
AAACAGCTTTCAGAAG-1,0.36477,0.000014,0.000776,0.006073,0.628367
AAACAGGGTCTATATT-1,0.007495,0.076414,0.005965,0.205665,0.704461
AAACAGTGTTCCTGGG-1,0.009758,0.088182,0.16932,0.481171,0.251569
AAACATGGTGAGAGGA-1,0.488227,0.026123,0.000092,0.324879,0.160679
AAACATTTCCCGGATT-1,0.000036,0.092113,0.690898,0.07352,0.143432
AAACCACTACACAGAT-1,0.00016,0.545264,0.184776,0.114451,0.155348
AAACCCGAACGAAATC-1,0.000025,0.073038,0.360955,0.430203,0.135778
AAACCGGAAATGTTAA-1,0.067455,0.026353,0.369166,0.407324,0.129702
AAACCGGGTAGGTACC-1,0.09949,0.027878,0.080824,0.051513,0.740295
AAACCGTTCGTCCAGG-1,0.001398,0.000007,0.016897,0.225913,0.755785
AAACCTAAGCAGCCGG-1,0.012415,0.017474,0.558525,0.194072,0.217514
AAACCTCATGAAGTTG-1,0.000746,0.058586,0.518536,0.040446,0.381686
AAACGAAGAACATACC-1,0.012676,0.197315,0.671725,0.000268,0.118015
AAACGAAGATGGAGTA-1,0.442182,0.049844,0.183417,0.19813,0.126427
AAACGACAGTCTTGCC-1,0.00017,0.411171,0.512827,0.074981,0.00085
AAACGAGACGGTTGAT-1,0.000027,0.002185,0.569953,0.249247,0.178587
AAACGCTGGGCACGAC-1,0.042318,0.000059,0.202802,0.317945,0.436877
AAACGGGCGTACGGGT-1,0.000962,0.00434,0.281616,0.42728,0.285801
AAACGGGTTGGTATCC-1,0.000065,0.167735,0.831678,0.000196,0.000326
AAACGGTTGCGAACTG-1,0.011645,0.014329,0.032971,0.57104,0.370014
AAACGTGTTCGCCCTA-1,0.000025,0.000025,0.086818,0.193519,0.719613
AAACTCGGTTCGCAAT-1,0.000008,0.001719,0.089786,0.174457,0.73403
AAACTCGTGATATAAG-1,0.000031,0.151111,0.366572,0.047756,0.434529
AAACTGCTGGCTCCAA-1,0.063746,0.000042,0.097981,0.261539,0.576693
AAACTTAATTGCACGC-1,0.497422,0.501777,0.00016,0.00024,0.0004
AAACTTGCAAACGTAT-1,0.530159,0.002285,0.042071,0.021057,0.404428
AAAGAATGACCTTAGA-1,0.548557,0.007576,0.004358,0.334967,0.104542
AAAGAATGTGGACTAA-1,0.000045,0.270718,0.338638,0.365289,0.02531
AAAGACCCAAGTCGCG-1,0.000054,0.000054,0.572787,0.090332,0.336773
AAAGACTGGGCGCTTT-1,0.042346,0.00002,0.280615,0.032316,0.644703
AAAGCTTGCCTACATA-1,0.00001,0.006291,0.002527,0.505175,0.485997
AAAGGCCCTATAATAC-1,0.652783,0.16439,0.171438,0.011112,0.000277
AAAGGCTACGGACCAT-1,0.098215,0.000006,0.004187,0.077479,0.820112
AAAGGCTCTCGCGCCG-1,0.022015,0.099655,0.155797,0.172366,0.550167
AAAGGGATGTAGCAAG-1,0.024598,0.000031,0.489706,0.048351,0.437313
AAAGGGCAGCTTGAAT-1,0.00002,0.006912,0.250456,0.094031,0.648581
AAAGTAGCATTGCTCA-1,0.07111,0.297395,0.545202,0.000133,0.086161
AAAGTCACTGATGTAA-1,0.000076,0.064851,0.898192,0.036498,0.000382
AAAGTCGACCCTCAGT-1,0.040721,0.025058,0.069504,0.089506,0.775211
AAAGTGCCATCAATTA-1,0.000044,0.024765,0.188597,0.095282,0.691311
AAAGTGTGATTTATCT-1,0.000024,0.13555,0.163827,0.162193,0.538406
AAAGTTGACTCCCGTA-1,0.000036,0.217124,0.465382,0.042259,0.275199
AAATAACCATACGGGA-1,0.00012,0.633647,0.221033,0.000359,0.144841
AAATAAGGTAGTGCCC-1,0.000047,0.000048,0.323095,0.34952,0.327291
AAATACCTATAAGCAT-1,0.000024,0.028415,0.602148,0.154744,0.21467
AAATAGCTTAGACTTT-1,0.000065,0.151689,0.120551,0.251321,0.476374
AAATAGGGTGCTATTG-1,0.000028,0.044699,0.576965,0.162708,0.2156
AAATCACTCCTAAACG-1,0.143294,0.57769,0.278356,0.000248,0.000413
AAATCCGATACACGCC-1,0.000014,0.001358,0.163267,0.494946,0.340416
AAATCGCGGAAGGAGT-1,0.348975,0.445246,0.205251,0.000198,0.00033
AAATCGTGTACCACAA-1,0.000014,0.003739,0.086851,0.289984,0.619411
AAATCTAGCCCTGCTA-1,0.000043,0.177158,0.3674,0.130971,0.324428
AAATCTGCCCGCGTCC-1,0.53863,0.460909,0.000092,0.000138,0.000231
AAATGACTGATCAAAC-1,0.000329,0.001842,0.066669,0.315864,0.615297
AAATGATTCGATCAGC-1,0.019072,0.000061,0.255325,0.238482,0.487059
AAATGCTCGTTACGTT-1,0.006001,0.003892,0.727507,0.11394,0.14866
AAATGGCATGTCTTGT-1,0.000061,0.000061,0.503336,0.128158,0.368384
AAATGGCCCGTGCCCT-1,0.091955,0.548139,0.095039,0.030589,0.234278
AAATGGTCAATGTGCC-1,0.00003,0.001027,0.543946,0.085264,0.369734
AAATGTATCTTATCCC-1,0.047047,0.050088,0.022827,0.181748,0.69829
AAATGTGGGTGCTCCT-1,0.000076,0.518509,0.480806,0.000228,0.000381
AAATTAACGGGTAGCT-1,0.025053,0.16642,0.373197,0.0247,0.41063
AAATTAATAAGCGCGA-1,0.000007,0.004477,0.016135,0.11301,0.866371
AAATTACACGACTCTG-1,0.000103,0.576016,0.331151,0.00031,0.09242
AAATTACCTATCGATG-1,0.000051,0.252241,0.573074,0.052353,0.122281
AAATTCCAGGTCCAAA-1,0.000017,0.042233,0.012362,0.465133,0.480255
AAATTGATAGTCCTTT-1,0.189181,0.001304,0.185084,0.019507,0.604923
AAATTGCGGCGGTTCT-1,0.000038,0.014803,0.614335,0.007946,0.362878
AAATTGGTGAGAAGCA-1,0.000043,0.021848,0.805029,0.022235,0.150845
AAATTTGCGGGTGTGG-1,0.006171,0.042672,0.018029,0.051892,0.881236
AACAACTGGTAGTTGC-1,0.000043,0.000043,0.785085,0.007737,0.207092
AACAATACATTGTCGA-1,0.007246,0.00268,0.005341,0.094631,0.890101
AACAATTACTCTACGC-1,0.070912,0.000038,0.546044,0.009271,0.373735
AACACACGCTCGCCGC-1,0.000028,0.008256,0.511753,0.298143,0.181821
AACACGACTGTACTGA-1,0.000049,0.394776,0.000098,0.030704,0.574372
AACACGAGACGCGGCC-1,0.087123,0.092358,0.209994,0.023201,0.587324
AACACGCGGCCGCGAA-1,0.000049,0.004386,0.586447,0.098851,0.310268
AACAGCTGTGTGGCAA-1,0.147684,0.060234,0.017737,0.244294,0.53005
AACAGGAAATCGAATA-1,0.000027,0.000027,0.253475,0.399008,0.347464
AACAGGATGGGCCGCG-1,0.104285,0.000072,0.711049,0.000102,0.184492
AACAGGTAGTATGGAT-1,0.000031,0.021296,0.128449,0.168801,0.681424
AACATAGCGTGTATCG-1,0.000019,0.008189,0.47278,0.495952,0.02306
AACATATCAACTGGTG-1,0.000152,0.132668,0.438073,0.304595,0.124513
AACATCGATACGTCTA-1,0.000096,0.133429,0.86571,0.000287,0.000478
AACATTGAAGTTGATC-1,0.180985,0.05977,0.118542,0.347396,0.293307
AACATTGGTCAGCCGT-1,0.000023,0.021952,0.256481,0.043439,0.678106
AACATTGTGACTCGAG-1,0.012137,0.019971,0.271849,0.259303,0.436741
AACCAAGACTTCTCTG-1,0.052257,0.007158,0.328412,0.041861,0.570312
AACCATAGGGTTGAAC-1,0.733205,0.265258,0.000308,0.000461,0.000769
AACCATGGGATCGCTA-1,0.015147,0.028504,0.601774,0.082191,0.272384
AACCCAGAGACGGAGA-1,0.000012,0.000012,0.027004,0.074662,0.89831
AACCCATCCCATGATC-1,0.560219,0.311868,0.000069,0.005908,0.121936
AACCCGACAACCCGTG-1,0.001503,0.000993,0.008251,0.342902,0.64635
AACCCGAGCAGAATCG-1,0.000057,0.021161,0.264523,0.102011,0.612248
AACCCGATAGGGCTTC-1,0.000057,0.062804,0.516771,0.110945,0.309423
AACCCGCTGTATTCCA-1,0.158672,0.02074,0.121375,0.570092,0.129121
AACCCTACTGTCAATA-1,0.000027,0.111531,0.403978,0.142988,0.341475
AACCCTGGTGGAACCA-1,0.000082,0.025672,0.742885,0.000245,0.231116
AACCGAGCTTGGTCAT-1,0.065051,0.000042,0.336272,0.144724,0.453912
AACCGCTAAGGGATGC-1,0.000023,0.033899,0.501457,0.266759,0.197861
AACCGTTGTGTTTGCT-1,0.000038,0.000038,0.08175,0.145107,0.773067
AACCTCGCTTTAGCCC-1,0.000018,0.117388,0.150627,0.267442,0.464525
AACCTGTCACGGAATT-1,0.001755,0.007847,0.343091,0.483388,0.163918
AACCTTTAAATACGGT-1,0.000012,0.000012,0.200571,0.211222,0.588183
AACCTTTACGACGTCT-1,0.000249,0.342233,0.000498,0.421193,0.235827
AACGAAAGTCGTCCCA-1,0.96068,0.039014,0.000061,0.000092,0.000153
AACGACCTCCTAGCCG-1,0.021882,0.033245,0.237838,0.38044,0.326593
AACGATAATGCCGTAG-1,0.035722,0.000229,0.244636,0.164883,0.55453
AACGATAGAAGGGCCG-1,0.000018,0.103843,0.003424,0.240931,0.651785
AACGATATGTCAACTG-1,0.000037,0.000037,0.308596,0.247978,0.443352
AACGCATGATCTGGGT-1,0.071417,0.095695,0.348333,0.183384,0.301172
AACGCGAACGGCAACA-1,0.000032,0.002938,0.505407,0.166532,0.325091
AACGCGACCTTGGGCG-1,0.000008,0.000008,0.021041,0.36671,0.612233
AACGCGGTCTCCAGCC-1,0.000044,0.01163,0.618711,0.025764,0.34385
AACGCTGTTGCTGAAA-1,0.000024,0.06663,0.212636,0.437014,0.283696
AACGGACGTACGTATA-1,0.000009,0.031636,0.013864,0.315836,0.638655
AACGGCCATCTCCGGT-1,0.001959,0.006456,0.035268,0.027878,0.928438
AACGTACTGTGGGTAC-1,0.00001,0.00001,0.019455,0.117697,0.86283
AACGTAGTCTACCCAT-1,0.000077,0.180574,0.713624,0.000231,0.105494
AACGTCAGACTAGTGG-1,0.036551,0.000441,0.061626,0.200629,0.700753
AACGTCATCCGGCTTG-1,0.02007,0.006106,0.171043,0.611722,0.191058
AACGTCGCTGCACTTC-1,0.021775,0.130426,0.28174,0.250728,0.315331
AACGTGCGAAAGTCTC-1,0.013109,0.000269,0.387786,0.474301,0.124536
AACGTTATCAGCACCT-1,0.040179,0.012327,0.339352,0.000393,0.60775
AACGTTCTACCATTGT-1,0.014471,0.000099,0.114918,0.236963,0.633549
AACTACCCGTTTGTCA-1,0.000052,0.088102,0.466251,0.445336,0.000259
AACTAGCGTATCGCAC-1,0.103318,0.027258,0.810752,0.000296,0.058376
AACTAGGCTTGGGTGT-1,0.125718,0.000013,0.093402,0.317363,0.463504
AACTCAAGTTAATTGC-1,0.017442,0.000009,0.00552,0.126929,0.8501
AACTCCAGAGCGTGTT-1,0.000017,0.015358,0.20695,0.33568,0.441995
AACTCGATAAACACGT-1,0.000029,0.005174,0.63026,0.00263,0.361908
AACTCGATGGCGCAGT-1,0.000057,0.250425,0.352267,0.255193,0.142058
AACTCTCAATAGAGCG-1,0.000023,0.024525,0.261053,0.223668,0.490731
AACTCTCAGTGTGCTC-1,0.014363,0.015579,0.724001,0.000863,0.245194
AACTGAGGTCAGCGTC-1,0.000142,0.227317,0.351099,0.317071,0.104371
AACTGAGTTATACTGA-1,0.000049,0.080501,0.816112,0.098818,0.004521
AACTGATATTAGGCCT-1,0.063169,0.002263,0.155382,0.196485,0.582701
AACTGGGTCCCGACGT-1,0.000033,0.001485,0.482371,0.075742,0.440369
AACTGGTGTGGGCCTT-1,0.000036,0.000036,0.137359,0.318689,0.54388
AACTTCTGCGTCTATC-1,0.043917,0.029984,0.905645,0.000135,0.020319
AACTTGCCCGTATGCA-1,0.274145,0.000036,0.47314,0.000107,0.252572
AACTTGCGTTCTCGCG-1,0.067072,0.000035,0.403193,0.094415,0.435285
AACTTTACGGGAGCTT-1,0.000019,0.080695,0.279263,0.037406,0.602617
AACTTTAGCTGCTGAG-1,0.00006,0.00006,0.570378,0.225059,0.204442
AACTTTCTCGATCATG-1,0.000046,0.000046,0.607456,0.38111,0.011342
AAGAAAGTTTGATGGG-1,0.457177,0.499225,0.043125,0.000177,0.000295
AAGAAATCACCAGATT-1,0.024728,0.24248,0.269425,0.321998,0.141369
AAGAAGGATCAGTTAG-1,0.000038,0.000038,0.607455,0.031704,0.360765
AAGACATACGTGGTTT-1,0.005887,0.07563,0.42158,0.130422,0.366481
AAGACCAAATAACTCA-1,0.748173,0.161257,0.030226,0.060167,0.000177
AAGACCCAACTGAACA-1,0.000007,0.000007,0.024685,0.277414,0.697887
AAGACTAACCCGTTGT-1,0.000078,0.000078,0.996128,0.000235,0.00348
AAGACTGCAAGCTACT-1,0.000025,0.000025,0.481724,0.137791,0.380436
AAGAGATGAATCGGTA-1,0.06076,0.081675,0.767621,0.000148,0.089796
AAGAGCTCTTTATCGG-1,0.000013,0.000013,0.02029,0.458291,0.521393
AAGAGGATGTACGCGA-1,0.000009,0.000009,0.002785,0.011652,0.985545
AAGAGGCATGGATCGC-1,0.000027,0.055631,0.452101,0.290233,0.202009
AAGAGGCCCTTTGGAA-1,0.001378,0.057659,0.382647,0.096399,0.461916
AAGATGGCACCGGACC-1,0.011285,0.036555,0.330831,0.042561,0.578767
AAGATTGGCGGAACGT-1,0.176283,0.039396,0.563183,0.033155,0.187983
AAGCACCCTGCGTATC-1,0.000032,0.000032,0.818427,0.010591,0.170917
AAGCATACTCTCCTGA-1,0.055889,0.025482,0.576808,0.151259,0.190562
AAGCCACTTGCAGGTA-1,0.047766,0.023955,0.239844,0.461929,0.226506
AAGCCGAAGCGGTTTA-1,0.000053,0.02012,0.250418,0.179993,0.549416
AAGCCGCCGTGAAATC-1,0.217685,0.592215,0.158865,0.030916,0.000319
AAGCCGCTTTACCTTG-1,0.028936,0.003686,0.304977,0.270699,0.391703
AAGCCGGAGAGCAGGA-1,0.025854,0.029672,0.256817,0.365711,0.321947
AAGCGCAGGGCTTTGA-1,0.00001,0.004448,0.093981,0.405483,0.496077
AAGCGGAGTGCGCGCA-1,0.000033,0.00782,0.169151,0.140203,0.682793
AAGCGTCCCTCATCGA-1,0.000035,0.241917,0.505582,0.000106,0.252359
AAGCTAGATCGAGTAA-1,0.000007,0.000007,0.046009,0.04134,0.912637
AAGCTATGGATTGACC-1,0.944278,0.055149,0.000114,0.000172,0.000286
AAGCTCGTGCCAAGTC-1,0.000038,0.000038,0.773536,0.040592,0.185796
AAGCTCTTTCATGGTG-1,0.000015,0.000015,0.13414,0.249461,0.616369
AAGGAGAACTTATAAG-1,0.000088,0.641565,0.357645,0.000263,0.000439
AAGGAGCGGTTGGTGC-1,0.000022,0.000022,0.245415,0.100082,0.654459
AAGGATCGATCGCTTG-1,0.000091,0.153091,0.84609,0.000273,0.000455
AAGGATGAGGGACCTC-1,0.010783,0.006992,0.3437,0.272581,0.365945
AAGGCAGGCTGTCTCC-1,0.00003,0.002885,0.535004,0.408868,0.053213
AAGGCGCGTAAAGCTT-1,0.141946,0.000039,0.734894,0.000116,0.123005
AAGGCTGTGCTCATCG-1,0.003982,0.004316,0.206295,0.163734,0.621672
AAGGGAACGACTGGCT-1,0.795814,0.173643,0.030221,0.000121,0.000202
AAGGGACAGATTCTGT-1,0.000085,0.224182,0.70358,0.000254,0.071899
AAGGGACTATGCATTC-1,0.129865,0.380773,0.008632,0.174321,0.306409
AAGGGTTAGCCATGCG-1,0.000082,0.022911,0.297672,0.184652,0.494683
AAGGGTTTGATTTCAG-1,0.928713,0.05233,0.018512,0.000167,0.000278
AAGGTATCCTAATATA-1,0.000028,0.013293,0.498793,0.18191,0.305976
AAGGTGATAAACCAGC-1,0.000016,0.012103,0.125599,0.290522,0.571761
AAGTAAGCTTCCAAAC-1,0.054921,0.390811,0.553646,0.000233,0.000389
AAGTAGAAGACCGGGT-1,0.000026,0.000026,0.443617,0.097102,0.459229
AAGTAGTGACGCGAGG-1,0.000028,0.000028,0.187427,0.037344,0.775172
AAGTCAATTGTCGTCA-1,0.015062,0.049303,0.347,0.147401,0.441233
AAGTCTAGTAGCTGCC-1,0.007271,0.000017,0.063384,0.683195,0.246132
AAGTCTTCTGTGGCCT-1,0.102526,0.00648,0.017506,0.342291,0.531197
AAGTGACGACCGAATT-1,0.033219,0.003363,0.039486,0.050984,0.872948
AAGTGAGTCGGGTTTA-1,0.000025,0.053965,0.20445,0.118184,0.623377
AAGTGCAAAGGTAGAC-1,0.05626,0.004971,0.264287,0.118172,0.55631
AAGTGCCTTGACTGTA-1,0.000075,0.022721,0.399667,0.05656,0.520977
AAGTGCGTTAGAATCT-1,0.166343,0.207136,0.38071,0.001419,0.244392
AAGTGCTTCTCTATTG-1,0.000015,0.079667,0.002939,0.634952,0.282428
AAGTGTTTGGAGACGG-1,0.000017,0.000017,0.193202,0.138515,0.66825
AAGTTCACTCCAAGCT-1,0.000026,0.000028,0.33791,0.394099,0.267936
AAGTTCAGTCTGCGTA-1,0.000189,0.630411,0.224664,0.143794,0.000943
AAGTTCGGCCAACAGG-1,0.000016,0.095092,0.236404,0.030369,0.638119
AAGTTGTGATGTTATA-1,0.006086,0.153152,0.319169,0.080183,0.441411
AAGTTTACTAATGGCA-1,0.244259,0.196515,0.558379,0.000318,0.000529
AAGTTTATGGGCCCAA-1,0.001349,0.000006,0.066156,0.397719,0.53477
AATAACAACGCTCGGC-1,0.000009,0.00136,0.138832,0.114053,0.745746
AATAACACTAGAACAA-1,0.005358,0.197502,0.225876,0.026765,0.544499
AATAACGTCGCGCCCA-1,0.026991,0.090275,0.287044,0.082455,0.513234
AATAAGTCCTCGAGAC-1,0.020632,0.701181,0.277174,0.00038,0.000633
AATAATCTTCGTATCG-1,0.000025,0.005713,0.232035,0.546338,0.215889
AATACAATGTTTCAGG-1,0.061835,0.000041,0.468576,0.000124,0.469424
AATACCGGAGGGCTGT-1,0.001882,0.051899,0.376138,0.066959,0.503122
AATACCTGATGTGAAC-1,0.000022,0.840059,0.046106,0.082181,0.031632
AATAGAACAGAGTGGC-1,0.000011,0.017536,0.079039,0.107739,0.795674
AATAGAATCTGTTTCA-1,0.000018,0.000018,0.147425,0.363024,0.489515
AATAGCTACCGCGTGC-1,0.000071,0.122981,0.373207,0.139105,0.364636
AATAGGCACGACCCTT-1,0.014443,0.108511,0.152629,0.286571,0.437846
AATAGTCCGTCCCGAC-1,0.027734,0.002022,0.153297,0.25142,0.565528
AATAGTCGCGAGTCGG-1,0.290997,0.033094,0.375066,0.002025,0.298817
AATATCAAGGTCGGAT-1,0.000022,0.000022,0.068806,0.184985,0.746164
AATATCCTAGCAAACT-1,0.656874,0.14054,0.177755,0.005878,0.018952
AATATCGAATCAATGC-1,0.000062,0.031098,0.286287,0.041979,0.640574
AATATCGAGGGTTCTC-1,0.000176,0.268772,0.551016,0.034787,0.14525
AATATTGGAGTATTGA-1,0.090384,0.00003,0.114102,0.005292,0.790193
AATCAGACTGCAGGAC-1,0.000026,0.000026,0.053113,0.061994,0.884841
AATCAGGTTTCATTTA-1,0.00385,0.076515,0.085673,0.351281,0.482681
AATCATGTAAAGACTC-1,0.000045,0.279279,0.610369,0.041362,0.068946
AATCCAAGGGCCTGAG-1,0.000025,0.010183,0.14032,0.165861,0.683611
AATCCATGCAAGGGTG-1,0.000033,0.02726,0.428559,0.00955,0.534598
AATCCCGCTCAGAGCC-1,0.005366,0.000005,0.017787,0.589189,0.387653
AATCGAGGTCTCAAGG-1,0.000015,0.040958,0.081172,0.657156,0.220698
AATCGCCTCAGCGCCA-1,0.014686,0.054906,0.507526,0.245695,0.177187
AATCGCGCAGAGGACT-1,0.000219,0.096513,0.438273,0.372586,0.092408
AATCGGGACACTACGA-1,0.001776,0.004668,0.578121,0.236012,0.179423
AATCGGTATAGCCCTC-1,0.011846,0.131823,0.250363,0.269878,0.33609
AATCGTGAGCCGAGCA-1,0.000024,0.000024,0.52175,0.05968,0.418521
AATCTAGGTTTACTTG-1,0.372371,0.265866,0.140516,0.035791,0.185456
AATCTATGCCGGAGCC-1,0.000108,0.007771,0.426676,0.291352,0.274094
AATCTCTACTGTGGTT-1,0.040159,0.063484,0.510845,0.000123,0.385389
AATCTGCGTTGGGACG-1,0.000036,0.000036,0.586826,0.206675,0.206426
AATCTGGCTTTCTAGT-1,0.798091,0.033723,0.167787,0.000149,0.000248
AATGACAGCAATGTCT-1,0.032975,0.063405,0.099403,0.167463,0.636754
AATGACGTAGGATGTC-1,0.060014,0.000027,0.484477,0.289652,0.16583
AATGACTGTCAGCCGG-1,0.063455,0.000014,0.117027,0.163216,0.656288
AATGAGTTCGCATATG-1,0.000046,0.000046,0.766037,0.00503,0.228842
AATGATGATACGCTAT-1,0.000053,0.764741,0.166964,0.06768,0.000561
AATGATGCGACTCCTG-1,0.000146,0.175089,0.41754,0.318182,0.089043
AATGCAACCGGGTACC-1,0.000029,0.000029,0.535764,0.137433,0.326746
AATGGCCGCCAATGCG-1,0.033942,0.203425,0.655694,0.106442,0.000497
AATGGTCCACCGTTCA-1,0.096006,0.006031,0.474022,0.000097,0.423845
AATGGTTCTCACAAGC-1,0.157234,0.000056,0.683999,0.000167,0.158544
AATGTATGGCACTGTA-1,0.370386,0.543923,0.084933,0.000284,0.000474
AATGTGCCCGAGGTGT-1,0.440005,0.3563,0.088969,0.000116,0.114611
AATGTGCTAATCTGAG-1,0.023101,0.207582,0.560331,0.004461,0.204525
AATGTTAAGACCCTGA-1,0.067624,0.139931,0.058442,0.725086,0.008918
AATGTTGTCGTGAGAC-1,0.023674,0.142868,0.370087,0.098186,0.365185
AATTAAAGGTCGGCGT-1,0.000042,0.000042,0.881662,0.005233,0.113022
AATTAACGGATTTCCA-1,0.002945,0.000018,0.375938,0.142693,0.478407
AATTACGAGACCCATC-1,0.922284,0.077324,0.000078,0.000118,0.000196
AATTACTCGTACGCTC-1,0.029396,0.000011,0.061875,0.001962,0.906757
AATTAGCGCTGCAGCG-1,0.009668,0.001328,0.088556,0.231679,0.668769
AATTATACCCAGCAAG-1,0.022714,0.000016,0.268995,0.492336,0.21594
AATTCATAAGGGATCT-1,0.258914,0.401233,0.339421,0.000162,0.00027
AATTCATTGTCATGCA-1,0.730216,0.260996,0.000086,0.008488,0.000214
AATTCCAACTTGGTGA-1,0.000022,0.012203,0.414086,0.109405,0.464285
AATTCCAAGCATGTAC-1,0.000847,0.007861,0.233217,0.438956,0.319119
AATTCGATTCGAGGAT-1,0.095021,0.005794,0.088715,0.42709,0.383379
AATTCTAGAGTTAGGC-1,0.000013,0.000013,0.115998,0.176425,0.70755
AATTGAACGCTCTGGT-1,0.000012,0.013106,0.106635,0.490646,0.389601
AATTGCAGCAATCGAC-1,0.000048,0.63411,0.290155,0.02922,0.046466
AATTGCGTGGATTACA-1,0.956117,0.043587,0.000059,0.000089,0.000148
AATTGTGGTTGCCAAA-1,0.028293,0.077809,0.344996,0.340721,0.208181
AATTTGGTTCCAAAGA-1,0.000061,0.000061,0.576052,0.141196,0.28263
ACAAACCATGCGTCCT-1,0.185109,0.000125,0.000034,0.520968,0.293764
ACAAACTCCATCAGAG-1,0.010203,0.028439,0.222958,0.615048,0.123352
ACAAAGAAGGTAGGCC-1,0.125808,0.191268,0.348294,0.1269,0.20773
ACAAAGCATGACCTAG-1,0.000028,0.17175,0.675412,0.04552,0.107289
ACAAATCGCACCGAAT-1,0.000015,0.049873,0.028132,0.524948,0.397032
ACAAATGGTAGTGTTT-1,0.000021,0.018389,0.261897,0.222799,0.496894
ACAACAGCATGAGCTA-1,0.092405,0.012498,0.460191,0.130773,0.304133
ACAACGGTCCCTGCGA-1,0.006518,0.016405,0.202856,0.033129,0.741091
ACAAGCAGTGCCTAGC-1,0.013507,0.000009,0.00159,0.015578,0.969316
ACAAGCTATATGGAAG-1,0.000464,0.001983,0.009474,0.099759,0.88832
ACAAGGAAATCCGCCC-1,0.000027,0.021509,0.571731,0.206165,0.200568
ACAAGGACAAGAGGTT-1,0.077708,0.003032,0.163732,0.003182,0.752346
ACAAGGATGCTTTAGG-1,0.000029,0.000029,0.60801,0.235501,0.156431
ACAAGGGCAGGCTCTG-1,0.000023,0.000023,0.642555,0.201031,0.156367
ACAAGTAATTGTAAGG-1,0.21026,0.206931,0.07321,0.387554,0.122045
ACAATAGTCGTACGTT-1,0.372983,0.000033,0.328664,0.000099,0.298221
ACAATCCATTTAAACC-1,0.013445,0.018469,0.097226,0.028972,0.841888
ACAATCGATCTTTATA-1,0.000069,0.092223,0.647745,0.000206,0.259757
ACAATGAATACGGAGA-1,0.122624,0.493182,0.153546,0.000149,0.230499
ACAATTGTGTCTCTTT-1,0.000041,0.223521,0.41751,0.331987,0.02694
ACAATTTAGGAGGCTC-1,0.08647,0.050425,0.189545,0.006389,0.667171
ACAATTTGAGCAGTGG-1,0.000035,0.009137,0.628803,0.2184,0.143626
ACAATTTGGCCATATT-1,0.003001,0.00819,0.144697,0.652367,0.191745
ACACAAAGACGGGTGG-1,0.000034,0.000034,0.818782,0.006147,0.175004
ACACAAATATTCCTAG-1,0.000028,0.000721,0.238238,0.213294,0.547719
ACACACCAGGACCAGT-1,0.000023,0.002925,0.500284,0.186704,0.310065
ACACACTTTCTACACG-1,0.000022,0.000022,0.028196,0.337386,0.634374
ACACATGATCAAATCT-1,0.437121,0.334202,0.227876,0.0003,0.000501
ACACATTGACGCAACA-1,0.000023,0.000023,0.477403,0.006414,0.516136
ACACATTTCCGTAGAC-1,0.001342,0.047742,0.657488,0.243704,0.049723
ACACCACATAATTAGC-1,0.000021,0.035035,0.120906,0.385371,0.458667
ACACCCAGCATGCAGC-1,0.157146,0.000023,0.391663,0.046145,0.405023
ACACCCGAGAAATCCG-1,0.102041,0.000033,0.595037,0.003002,0.299887
ACACCCGTAAATCTGT-1,0.011467,0.411416,0.352655,0.112739,0.111724
ACACCGAGCGCTCTTT-1,0.018911,0.057736,0.866084,0.001327,0.055942
ACACCGGTCTGACCGC-1,0.545953,0.438928,0.000101,0.014767,0.000251
ACACCTTAAGTAGGGC-1,0.000019,0.000019,0.119595,0.188119,0.692248
ACACCTTACTACTTGC-1,0.000041,0.279819,0.421064,0.228465,0.070611
ACACGAGACTCCTTCT-1,0.000012,0.000012,0.010873,0.173553,0.81555
ACACGGCACTATGCAT-1,0.000142,0.59359,0.40513,0.000427,0.000711
ACACGGGAACTTAGGG-1,0.016599,0.049895,0.564186,0.166382,0.202937
ACACGTAGGCCACAAG-1,0.00005,0.051828,0.34139,0.120597,0.486135
ACACTCCAATGTCACT-1,0.000037,0.028003,0.723978,0.000112,0.24787
ACACTGATCAAGGTGT-1,0.158388,0.003314,0.487384,0.016731,0.334184
ACACTGGGACAGTCGT-1,0.020567,0.000087,0.385941,0.006009,0.587396
ACAGAACTGAGAACAA-1,0.030789,0.280119,0.11587,0.025765,0.547458
ACAGATTAGGTTAGTG-1,0.000061,0.000061,0.397334,0.129167,0.473377
ACAGCATAGAGCCAGT-1,0.000075,0.000075,0.694375,0.006521,0.298955
ACAGCGACATTCTCAT-1,0.005484,0.684846,0.181797,0.052971,0.074902
ACAGCGCACCCGCAGC-1,0.000201,0.759979,0.237806,0.000604,0.001409
ACAGGAGGCGCAGCCG-1,0.000037,0.281685,0.472044,0.000111,0.246124
ACAGGCACGGATCCTT-1,0.039065,0.033059,0.055505,0.403539,0.468832
ACAGGCTTGCCCGACT-1,0.000027,0.040304,0.407224,0.274829,0.277616
ACAGGTGGAGGTGAGG-1,0.000013,0.009182,0.029826,0.072438,0.888541
ACAGGTGTGTTGTTGC-1,0.0355,0.055052,0.022775,0.304561,0.582112
ACAGTAATACAACTTG-1,0.303398,0.187771,0.31317,0.009577,0.186083
ACAGTATACCGTGGGA-1,0.000029,0.099779,0.126916,0.504773,0.268503
ACATAAGTCGTGGTGA-1,0.588216,0.39679,0.014603,0.000147,0.000245
ACATAATAAGGCGGTG-1,0.009924,0.000057,0.748742,0.052031,0.189246
ACATACAATCAAGCGG-1,0.000019,0.102945,0.215538,0.153113,0.528385
ACATCAGCTGGGACGC-1,0.000012,0.000012,0.124083,0.015286,0.860606
ACATCCCGGCCATACG-1,0.00001,0.00001,0.011263,0.090669,0.898048
ACATCCTGGTAACTGT-1,0.018941,0.063093,0.356889,0.179487,0.38159
ACATCGATCGTTTACC-1,0.094893,0.000489,0.431732,0.099659,0.373227
ACATCGCAATATTCGG-1,0.138854,0.305987,0.371547,0.031804,0.151808
ACATCGGTCAGCCGCG-1,0.062178,0.061963,0.200376,0.06425,0.611232
ACATCGTATGCAATGG-1,0.006536,0.018824,0.354822,0.347258,0.27256
ACATCGTTAACCTAGT-1,0.011227,0.354327,0.544146,0.000667,0.089633
ACATGCTTACGGCAGC-1,0.178111,0.466253,0.000096,0.351147,0.004392
ACATGGCGCCAAAGTA-1,0.000055,0.114057,0.307448,0.113991,0.464449
ACATGGCTCAATTTAG-1,0.000058,0.000058,0.858652,0.020611,0.120622
ACATTAGTTTATATCC-1,0.000022,0.006723,0.166065,0.268441,0.558749
ACATTCGCGCGGAATA-1,0.429213,0.151815,0.340439,0.00342,0.075113
ACATTTGAAACCTAAC-1,0.000025,0.311759,0.648037,0.036379,0.0038
ACCAAACACCCAGCGA-1,0.0497,0.112923,0.12223,0.187331,0.527815
ACCAAACTAGAAATCC-1,0.085197,0.48626,0.349163,0.000183,0.079198
ACCAACACCACACACT-1,0.046738,0.041862,0.291687,0.237731,0.381982
ACCAACCGCACTCCAC-1,0.000033,0.353945,0.484588,0.042778,0.118657
ACCAACGCTTATTTAT-1,0.009259,0.000011,0.04347,0.290499,0.656761
ACCAAGAACGCGTGTC-1,0.000023,0.000023,0.390167,0.256084,0.353703
ACCAAGTCATCGGCAG-1,0.017647,0.145551,0.319008,0.026505,0.491289
ACCAATATGCAAGTTA-1,0.000037,0.146528,0.632057,0.196063,0.025314
ACCACAAGTTTCTATC-1,0.018304,0.000008,0.000083,0.018584,0.963021
ACCACACGGTTGATGG-1,0.000013,0.059308,0.27422,0.446466,0.219993
ACCACCAATGTAACAA-1,0.000067,0.459093,0.537266,0.003241,0.000333
ACCACCCTCTCTTCTA-1,0.000028,0.209837,0.187947,0.557651,0.044538
ACCACGTGCAGCTATA-1,0.000014,0.000014,0.108087,0.338043,0.553842
ACCACTGTTCAAGAAG-1,0.00003,0.00003,0.762048,0.002861,0.235031
ACCAGACCATAACAAC-1,0.097634,0.03507,0.178109,0.069478,0.61971
ACCAGCCCGGTCTTTG-1,0.0001,0.32565,0.618756,0.000299,0.055194
ACCAGGAGTGTGATCT-1,0.000139,0.492137,0.506611,0.000417,0.000696
ACCAGTGCGGGAGACG-1,0.000024,0.012124,0.298422,0.176422,0.513008
ACCATATCCGCAATAA-1,0.000012,0.000012,0.055604,0.07976,0.864613
ACCATCCGCCAACTAG-1,0.439515,0.000096,0.038052,0.009254,0.513083
ACCATCGTATATGGTA-1,0.26855,0.004745,0.51282,0.00012,0.213765
ACCATTAAGGGTGTCA-1,0.000018,0.001285,0.422401,0.019734,0.556561
ACCCAACGCCCGTGGC-1,0.000019,0.026833,0.102634,0.517685,0.352828
ACCCACCTACATGCTC-1,0.044343,0.00554,0.469139,0.000098,0.48088
ACCCATCTTGAGGGTA-1,0.003478,0.021659,0.118282,0.031273,0.825308
ACCCATTTGTCCCTCT-1,0.000052,0.687406,0.257809,0.053011,0.001722
ACCCGAGCGAAATTAC-1,0.00141,0.131016,0.048375,0.233796,0.585403
ACCCGATTGGTTCCGA-1,0.019804,0.095004,0.177721,0.165598,0.541874
ACCCGGAAACTCCCAG-1,0.08052,0.002512,0.068311,0.273138,0.57552
ACCCGGAGCACCACAA-1,0.017356,0.03442,0.20594,0.136088,0.606196
ACCCGGATGACGCATC-1,0.000047,0.174922,0.38172,0.028849,0.414463
ACCCGGTTACACTTCC-1,0.026232,0.000007,0.000018,0.057017,0.916725
ACCCGTAGCAGAGAAT-1,0.987815,0.011916,0.000054,0.000081,0.000135
ACCCGTAGTCTAGTTG-1,0.038842,0.024333,0.422145,0.117609,0.397071
ACCCGTGTCATCAGTA-1,0.000011,0.000011,0.038078,0.170472,0.791429
ACCCTATAGGACTGAG-1,0.053571,0.009502,0.797232,0.001909,0.137787
ACCCTATGCCATATCG-1,0.000038,0.399706,0.321356,0.006177,0.272723
ACCCTCCCGTCAGGGC-1,0.138316,0.165891,0.307734,0.345526,0.042534
ACCCTCCCTTGCTATT-1,0.000037,0.092043,0.598631,0.286795,0.022494
ACCCTGGTAACGCCCT-1,0.000041,0.019531,0.360092,0.615958,0.004378
ACCCTTCATCTGCGAA-1,0.000022,0.000022,0.006864,0.141279,0.851814
ACCCTTGCCTGGGTCG-1,0.000043,0.010714,0.498317,0.132254,0.358672
ACCGAAAGGGCCCTGC-1,0.023779,0.000045,0.426292,0.09588,0.454003
ACCGAAGAGTCTGGTT-1,0.368458,0.261715,0.347781,0.000156,0.021891
ACCGACACATCTCCCA-1,0.000022,0.000034,0.538844,0.105241,0.355859
ACCGACTGAGTCCCAC-1,0.000033,0.000033,0.456477,0.226344,0.317113
ACCGAGTCTCCTTATT-1,0.002761,0.000011,0.10399,0.643213,0.250026
ACCGATAGGCATAACC-1,0.000086,0.082915,0.27357,0.215322,0.428106
ACCGATATTTAATCAT-1,0.000042,0.000042,0.251479,0.420675,0.327761
ACCGATGGTAGCATCG-1,0.000021,0.005581,0.254409,0.316682,0.423307
ACCGCAATAACTGCCT-1,0.003307,0.040007,0.362575,0.351963,0.242147
ACCGCGGTGGAAGTCG-1,0.008101,0.07187,0.428112,0.141036,0.350881
ACCGCTAGTCATTGGT-1,0.146341,0.023977,0.018124,0.673128,0.138431
ACCGGGCCTTTGTTGA-1,0.068344,0.108463,0.402726,0.003089,0.417378
ACCGGTCAGGTACACC-1,0.07498,0.916782,0.000076,0.007974,0.000189
ACCGTCCACTGGGCCC-1,0.549005,0.000011,0.000209,0.235068,0.215707
ACCGTGACCACGTGGG-1,0.05203,0.014098,0.027086,0.055964,0.850822
ACCGTTCCCGCTCTGA-1,0.000149,0.089869,0.908787,0.000448,0.000747
ACCTAAGTACCTTTCA-1,0.091061,0.048239,0.391178,0.017177,0.452345
ACCTAATCGACTTCCT-1,0.005963,0.00001,0.00268,0.02978,0.961567
ACCTACAGTATGTGGT-1,0.000016,0.021607,0.023592,0.417185,0.5376
ACCTACTATAAATCTA-1,0.000022,0.099224,0.407741,0.264241,0.228772
ACCTCAGCGAGGCGCA-1,0.000052,0.121422,0.552829,0.279641,0.046056
ACCTCCGCCCTCGCTG-1,0.000043,0.055626,0.309551,0.149717,0.485063
ACCTCCGTTATTCACC-1,0.000124,0.026801,0.112983,0.643453,0.21664
ACCTCGAACTTATGCT-1,0.699722,0.063301,0.000187,0.236321,0.000468
ACCTGCGTGTCATGTT-1,0.321702,0.407941,0.259511,0.000147,0.010699
ACGAAATGGGCGGCAC-1,0.008476,0.000013,0.041489,0.039313,0.910708
ACGACCCATGAGTTGC-1,0.06407,0.010339,0.359399,0.226964,0.339228
ACGACTCTAGGGCCGA-1,0.00001,0.003407,0.115102,0.380392,0.501089
ACGACTGGTCATACTC-1,0.092581,0.121916,0.45053,0.088758,0.246215
ACGAGAACCCATCACG-1,0.00004,0.005,0.884352,0.068781,0.041827
ACGAGATATTTGCTTA-1,0.000349,0.430932,0.56593,0.001046,0.001743
ACGAGGATACCACTCT-1,0.288969,0.044659,0.375392,0.000117,0.290863
ACGAGGTTTACAACGT-1,0.311142,0.159579,0.06372,0.123772,0.341787
ACGAGTACGGATGCCC-1,0.000112,0.327761,0.532345,0.010377,0.129405
ACGAGTCGCCGGCGTT-1,0.000023,0.006252,0.503833,0.000068,0.489824
ACGATACATAGAACTA-1,0.000029,0.044379,0.373316,0.249911,0.332365
ACGATACCTATCCTGA-1,0.134201,0.000011,0.137506,0.072652,0.65563
ACGATCATACATAGAG-1,0.000018,0.002424,0.170697,0.110241,0.71662
ACGATCATCTTGTAAA-1,0.037624,0.108336,0.169291,0.207829,0.476919
ACGATGCATATGTTAT-1,0.018537,0.008022,0.546757,0.001728,0.424956
ACGATGGATCCGATGC-1,0.000077,0.096965,0.3094,0.064024,0.529534
ACGCAAACTAATAGAT-1,0.002155,0.004827,0.062292,0.229635,0.701092
ACGCAATCACTACAGC-1,0.000109,0.064086,0.218083,0.205083,0.512638
ACGCATACGTTTACTA-1,0.164473,0.222332,0.255688,0.000192,0.357316
ACGCATTCGTGAGTAC-1,0.010935,0.002701,0.543387,0.049263,0.393714
ACGCCACTCGAAACAG-1,0.000011,0.001538,0.403009,0.37867,0.216772
ACGCCAGATGATTTCT-1,0.000095,0.172442,0.371107,0.353054,0.103303
ACGCCAGTGCGTTTGC-1,0.000032,0.569293,0.430111,0.000402,0.000161
ACGCCGCTAGACGACC-1,0.000022,0.000022,0.30693,0.16084,0.532186
ACGCCTGACACGCGCT-1,0.027586,0.170101,0.396122,0.000163,0.406028
ACGCGAAGTCAGACGA-1,0.000013,0.034079,0.138238,0.22751,0.60016
ACGCGCTACACAGGGT-1,0.014819,0.000329,0.631201,0.008851,0.344801
ACGCGGGCCAAGGACA-1,0.000039,0.000019,0.249385,0.102404,0.648154
ACGCGTTTCTTAAGAG-1,0.051167,0.007496,0.462028,0.001318,0.477991
ACGCTACTGAATGGGC-1,0.000059,0.061517,0.255312,0.185548,0.497563
ACGCTAGTATCAGTGC-1,0.0752,0.18434,0.56681,0.096367,0.077283
ACGCTAGTGATACACT-1,0.062316,0.167852,0.218032,0.45444,0.09736
ACGCTGTGAGGCGTAG-1,0.172589,0.088942,0.072295,0.000624,0.66555
ACGGAACACGAGTGCC-1,0.000016,0.779737,0.106652,0.063867,0.049727
ACGGAATTTAGCAAAT-1,0.166365,0.000037,0.621172,0.023911,0.188516
ACGGACGCAGCGACAA-1,0.490228,0.000555,0.000037,0.379303,0.129877
ACGGACTCTCAAAGCG-1,0.001944,0.002177,0.146977,0.293111,0.555791
ACGGAGCGCAAATTAC-1,0.032177,0.006558,0.289685,0.072063,0.599517
ACGGATGGTGCGGATA-1,0.000045,0.000045,0.792252,0.0802,0.127458
ACGGCACTTGCTTGGG-1,0.032973,0.000007,0.005743,0.282189,0.679088
ACGGCCAACATGGACT-1,0.115654,0.000011,0.167865,0.040303,0.676168
ACGGCGACGATGGGAA-1,0.007235,0.006164,0.103017,0.220934,0.662651
ACGGCGGGTTGCCCTG-1,0.000022,0.000022,0.047342,0.136201,0.816412
ACGGCTGGATGTAGAA-1,0.45927,0.022116,0.030465,0.355625,0.132524
ACGGGAGTGTCGGCCC-1,0.028222,0.023016,0.012512,0.045708,0.890542
ACGGGCGTATGCGACA-1,0.000032,0.000032,0.436024,0.277798,0.286115
ACGGGTCATGTGACTT-1,0.000009,0.000715,0.123637,0.021394,0.854246
ACGGGTTGTGACCTGT-1,0.572818,0.426666,0.000103,0.000155,0.000258
ACGGTACAGTTCAATG-1,0.000023,0.089453,0.428206,0.45099,0.031328
ACGGTCACCGAGAACA-1,0.970518,0.029302,0.000036,0.000054,0.00009
ACGTACAGATTTCTCT-1,0.000047,0.043282,0.069461,0.378277,0.508934
ACGTACTTTGGCACGG-1,0.041689,0.028249,0.057294,0.538832,0.333936
ACGTAGATTGCTGATG-1,0.064236,0.000036,0.795034,0.016605,0.124089
ACGTAGGAGAGTCGCT-1,0.000047,0.133537,0.129281,0.485487,0.251647
ACGTATTACTCCGATC-1,0.000035,0.056753,0.385668,0.011638,0.545906
ACGTCGGGCAACTCGG-1,0.477564,0.090959,0.079092,0.05299,0.299395
ACGTCTCGTTCCGGGA-1,0.224213,0.433611,0.161017,0.032731,0.148429
ACGTGACAAAGTAAGT-1,0.1468,0.362413,0.351939,0.119,0.019847
ACGTGCGCCTCGTGCA-1,0.000042,0.000042,0.495091,0.164987,0.339839
ACGTTAATGTCGAAGA-1,0.017285,0.000022,0.357016,0.086399,0.539277
ACGTTAGATTTGCCCG-1,0.006496,0.00004,0.457006,0.000121,0.536337
ACGTTATTGGTCACTC-1,0.049475,0.007888,0.176701,0.036938,0.728998
ACGTTCACTATGCCGC-1,0.011421,0.000005,0.000009,0.517406,0.47116
ACGTTCCGCGCTCCGT-1,0.000085,0.000085,0.905811,0.01572,0.078298
ACGTTCGCAATCAATT-1,0.000103,0.000103,0.335173,0.214203,0.450417
ACGTTCGTTCAGGAAA-1,0.049215,0.025751,0.527113,0.01025,0.387671
ACGTTCTGTACAAGTC-1,0.00003,0.00003,0.414631,0.232276,0.353033
ACGTTGTCGTTGAAAG-1,0.008562,0.11597,0.173049,0.542162,0.160258
ACGTTTAGTTGTGATC-1,0.000107,0.000107,0.718857,0.193753,0.087177
ACGTTTCGGTGCACTT-1,0.000044,0.10544,0.169701,0.421565,0.30325
ACTAAGGACGCACACC-1,0.000053,0.000053,0.513297,0.024292,0.462305
ACTACAAAGAGAGGTG-1,0.001572,0.000005,0.037871,0.329208,0.631344
ACTACATCCCGACAAG-1,0.51497,0.410951,0.073743,0.000126,0.00021
ACTACCAGCTCTCTGG-1,0.000033,0.030015,0.396064,0.081949,0.491939
ACTACCATCCGAGGGC-1,0.061026,0.1886,0.082232,0.454221,0.213921
ACTACGCGTTAGAATT-1,0.000015,0.012412,0.314011,0.174732,0.49883
ACTAGTTGCGATCGTC-1,0.039031,0.003063,0.288425,0.083153,0.586327
ACTATCCAGGGCATGG-1,0.000078,0.158104,0.723311,0.080963,0.037544
ACTATCGCCGGCTAAA-1,0.000011,0.000011,0.251998,0.002719,0.745261
ACTATCTGCCCGCGTA-1,0.000067,0.031704,0.385158,0.136787,0.446284
ACTATGTCCAGCTGCC-1,0.744775,0.150139,0.104646,0.000165,0.000274
ACTATTCGTCCGTGGT-1,0.083222,0.011154,0.483979,0.126315,0.29533
ACTATTTCCGGGCCCA-1,0.003566,0.084779,0.010739,0.2046,0.696316
ACTCAACGAATGTATT-1,0.000047,0.000047,0.389293,0.060512,0.550101
ACTCAAGTGCAAGGCT-1,0.000029,0.000029,0.442743,0.284249,0.27295
ACTCAATAAAGGCACG-1,0.031644,0.000016,0.002709,0.160216,0.805415
ACTCAGACCTGCTTCT-1,0.066643,0.08835,0.388123,0.195677,0.261207
ACTCATGGCAGCCTTC-1,0.353681,0.616463,0.000262,0.028939,0.000655
ACTCCAATATCATCAT-1,0.086976,0.120806,0.497133,0.039845,0.255239
ACTCCCATTCCTAAAG-1,0.092835,0.175094,0.113407,0.250282,0.368382
ACTCCCGAATTCGTTT-1,0.000089,0.603864,0.262359,0.133243,0.000445
ACTCCCGTAGACTAGG-1,0.000051,0.000051,0.671605,0.273239,0.055053
ACTCCCTAATGCTAAA-1,0.005282,0.003825,0.236985,0.298241,0.455667
ACTCCCTAGAATAGTA-1,0.000005,0.000005,0.031086,0.146262,0.822641
ACTCCGGCCGACCACT-1,0.000006,0.000006,0.002539,0.206463,0.790986
ACTCGATGTATTTCAT-1,0.064131,0.000017,0.197142,0.015203,0.723508
ACTCGCCGTTCGATAA-1,0.019465,0.043872,0.338905,0.242775,0.354983
ACTCGCGATCTGACGC-1,0.021945,0.007509,0.076125,0.581692,0.31273
ACTCGTAACCCGTCCT-1,0.284602,0.116823,0.356702,0.001868,0.240004
ACTCGTCAGTAATCCC-1,0.029804,0.00001,0.009202,0.377959,0.583025
ACTCTAAACCTGGGAT-1,0.02335,0.05347,0.330188,0.156556,0.436436
ACTCTCTGACTTAGGT-1,0.005614,0.00002,0.183627,0.274462,0.536278
ACTCTGACCTAATAGA-1,0.000029,0.593099,0.000058,0.40667,0.000145
ACTCTTCAGCTCCCGC-1,0.000016,0.003149,0.021418,0.509851,0.465566
ACTCTTGTATAGTAAC-1,0.000038,0.000038,0.927962,0.041232,0.03073
ACTGAAACGCCGTTAG-1,0.000026,0.029349,0.478721,0.38772,0.104185
ACTGAATGGCGAAAGT-1,0.003749,0.000837,0.496385,0.210768,0.288261
ACTGCCCGCCATTCTC-1,0.131096,0.318364,0.318178,0.001719,0.230643
ACTGCCGTCGTAACTC-1,0.000074,0.000074,0.63391,0.196037,0.169907
ACTGCGGACACACCGT-1,0.056627,0.00004,0.483288,0.422857,0.037187
ACTGCTCGGAAGGATG-1,0.453966,0.243883,0.168322,0.000133,0.133696
ACTGGCGAACCTGCGT-1,0.000077,0.000077,0.798726,0.056768,0.144353
ACTGGGATGCCAGTGC-1,0.014788,0.235288,0.284782,0.353814,0.111329
ACTGTACGATACACAT-1,0.000026,0.006996,0.101424,0.39817,0.493384
ACTGTAGCACTTTGGA-1,0.006564,0.068283,0.282498,0.000113,0.642542
ACTGTATACGCGAGCA-1,0.043083,0.000028,0.240474,0.135879,0.580536
ACTGTCCAGGATTATA-1,0.003956,0.000019,0.107218,0.091134,0.797673
ACTGTCTTCTTTAGAA-1,0.214036,0.016594,0.198338,0.051361,0.519671
ACTGTGCTAGTAGATC-1,0.000069,0.000069,0.908942,0.073825,0.017095
ACTGTTTAGTGTAGGC-1,0.000146,0.50206,0.496626,0.000438,0.00073
ACTTACGCATCCACGC-1,0.00003,0.021092,0.350788,0.269392,0.358699
ACTTAGTACGACAAGA-1,0.004161,0.235109,0.630143,0.011413,0.119173
ACTTATACTTACCCGG-1,0.000023,0.247263,0.047412,0.583441,0.12186
ACTTATCTGATCTATA-1,0.0001,0.455617,0.543479,0.000301,0.000502
ACTTATTAGGATCGGT-1,0.085397,0.060371,0.67616,0.023943,0.154129
ACTTATTTATGTGCCA-1,0.000039,0.071967,0.608668,0.18612,0.133206
ACTTCAGGCTGATCCC-1,0.00693,0.000022,0.269528,0.428525,0.294995
ACTTCCAGTGGAAGCT-1,0.987573,0.012141,0.000057,0.000086,0.000143
ACTTCCATGCGGGACA-1,0.000014,0.055313,0.047965,0.375924,0.520785
ACTTCCTGTCGTGCGA-1,0.131592,0.397652,0.469643,0.000417,0.000696
ACTTCGCCATACGCAC-1,0.000014,0.018151,0.00014,0.355104,0.626591
ACTTCGCTAGCGAGTG-1,0.092246,0.003463,0.205914,0.473186,0.225191
ACTTGACTCCCTCTTT-1,0.01203,0.00001,0.010582,0.290358,0.68702
ACTTGCCATATTGTAC-1,0.062415,0.239567,0.524305,0.000248,0.173466
ACTTGCTCTATCTACC-1,0.620673,0.009232,0.000039,0.234558,0.135498
ACTTGGGACCCGGTGG-1,0.000026,0.011851,0.337267,0.03414,0.616716
ACTTGGGCTTTCGCCA-1,0.000026,0.000026,0.427341,0.416232,0.156375
ACTTGTAGTCCCTTCA-1,0.309625,0.00003,0.32414,0.00009,0.366114
ACTTGTGGATGGAACG-1,0.000058,0.000058,0.353704,0.109375,0.536805
ACTTGTTACCGGATCA-1,0.091566,0.00001,0.268802,0.47642,0.163202
ACTTTACCCTCATGAA-1,0.00005,0.257104,0.190734,0.045555,0.506556
ACTTTATACACCACTT-1,0.822648,0.141285,0.024743,0.011144,0.000178
ACTTTCCTATAGCTTC-1,0.000037,0.000914,0.401443,0.200602,0.397004
ACTTTGACTGCATCCT-1,0.24346,0.025313,0.495566,0.001228,0.234433
ACTTTGGTCGTGCTCC-1,0.723112,0.264631,0.000153,0.01172,0.000383
ACTTTGTCGACGCACT-1,0.000104,0.000104,0.27237,0.266371,0.46105
AGAAATTATGACTCGC-1,0.018507,0.000062,0.274941,0.269955,0.436535
AGAACACGGCGATGGT-1,0.415034,0.58463,0.000067,0.000101,0.000168
AGAACCCAGCGTGACA-1,0.000018,0.00443,0.110362,0.488869,0.39632
AGAACCCTCAATTGGG-1,0.427653,0.528699,0.000059,0.043441,0.000147
AGAACGTGGTACATTC-1,0.000024,0.006188,0.172283,0.351347,0.470159
AGAACTGTACTTTGTA-1,0.000026,0.133383,0.491685,0.307878,0.067027
AGAAGAGCGCCGTTCC-1,0.000211,0.000211,0.304933,0.031701,0.662944
AGAAGGTACACTTCAC-1,0.167088,0.000013,0.000025,0.130107,0.702768
AGAAGGTTGCCGAATT-1,0.000037,0.074158,0.421003,0.09352,0.411283
AGAAGGTTGTAGGTCG-1,0.000043,0.02913,0.8297,0.020046,0.121081
AGAAGTGATTCGTGAT-1,0.059875,0.083016,0.332998,0.000095,0.524016
AGAATAAATCTTCAGG-1,0.000735,0.040052,0.780394,0.000109,0.17871
AGAATACAGGCTATCC-1,0.000017,0.70174,0.021639,0.257205,0.019399
AGAATTATGGATTCGA-1,0.000124,0.484778,0.221414,0.166437,0.127247
AGAATTGTTTGACATA-1,0.066623,0.082466,0.809193,0.000129,0.04159
AGACAGCTCAGAATCC-1,0.000033,0.000824,0.796181,0.000098,0.202864
AGACAGGCATCTCAGC-1,0.000027,0.000033,0.266888,0.581843,0.151209
AGACATAGATCCTTCC-1,0.000053,0.000053,0.281939,0.323064,0.39489
AGACCAAACCACACCT-1,0.598719,0.08304,0.14398,0.000116,0.174145
AGACCATGGGATACAA-1,0.084383,0.000014,0.154341,0.068224,0.693038
AGACCCACCGCTGATC-1,0.000015,0.000015,0.266995,0.077712,0.655263
AGACCCGCCCTCCTCG-1,0.012144,0.021549,0.676207,0.162382,0.127717
AGACCGCTCCGCGGTT-1,0.000082,0.094182,0.202373,0.330228,0.373135
AGACCGGGAAACCCTG-1,0.134787,0.102378,0.196343,0.017398,0.549094
AGACGAAGTGCCGGTC-1,0.000038,0.055196,0.544659,0.230523,0.169584
AGACGACGATGCCGCT-1,0.000183,0.019892,0.042752,0.136913,0.800261
AGACGCCCACTTCGCC-1,0.000092,0.017646,0.200397,0.453491,0.328374
AGACTAGCCTTCCAGA-1,0.000016,0.012507,0.027886,0.081485,0.878106
AGACTGTTACCGGGTC-1,0.038159,0.009849,0.040152,0.251206,0.660635
AGAGAAACACCAGAAA-1,0.001684,0.062987,0.016902,0.317257,0.601171
AGAGAACCGTCTAGGA-1,0.000018,0.000018,0.240681,0.240096,0.519186
AGAGAAGGAGTACAAT-1,0.001993,0.326891,0.320721,0.04172,0.308676
AGAGATCTCTAAAGCG-1,0.129694,0.002559,0.001204,0.004555,0.861988
AGAGCAGTTATGAGAC-1,0.000013,0.000013,0.023791,0.00379,0.972393
AGAGCCGCCGAGATTT-1,0.030832,0.000071,0.4624,0.048758,0.45794
AGAGCGCTTGTAACGG-1,0.000017,0.014646,0.104054,0.324498,0.556785
AGAGCGGGCTAATCAT-1,0.042685,0.016575,0.163652,0.270227,0.506861
AGAGCGTACAAGCTCG-1,0.002199,0.038836,0.169698,0.003833,0.785434
AGAGCTACGAAAGCAT-1,0.016628,0.102483,0.612096,0.012859,0.255934
AGAGGCTTCGGAAACC-1,0.017232,0.05287,0.255608,0.126193,0.548096
AGAGGGACAATTGTCC-1,0.000142,0.193881,0.804839,0.000427,0.000711
AGAGGTATCTCGGTCC-1,0.040264,0.173251,0.697709,0.00026,0.088515
AGAGTAAACTTCACTA-1,0.00005,0.041736,0.341846,0.077717,0.538651
AGAGTATAGTGTTACG-1,0.000035,0.08605,0.127235,0.602205,0.184475
AGAGTCTTAATGAAAG-1,0.033353,0.026674,0.296908,0.200514,0.442551
AGAGTGAACAGACACC-1,0.070134,0.219945,0.384124,0.22681,0.098987
AGAGTTGCAGGCCTCC-1,0.000051,0.000051,0.564239,0.03666,0.398999
AGATAACTTCAGGGCC-1,0.03053,0.00002,0.216044,0.040404,0.713002
AGATAATCACACCTAT-1,0.372753,0.563118,0.01882,0.001137,0.044173
AGATACCAATAGAACC-1,0.019875,0.096034,0.296343,0.080838,0.50691
AGATACCAGCACTTCA-1,0.000058,0.010154,0.828771,0.06881,0.092206
AGATACCGGTGTTCAC-1,0.063368,0.002405,0.013088,0.211397,0.709742
AGATACGACTTCATAT-1,0.000019,0.000019,0.057456,0.092281,0.850224
