Barcode,Topic 1,Topic 2,Topic 3to5,Topic 6,Topic 7,Topic 8
AAACAACGAATAGTTC-1,0.014543,0.320985,0.578331,0.000031,0.078294,0.007815
AAACAAGTATCTCCCA-1,0.130513,0.164493,0.384969,0.098107,0.096524,0.125394
AAACAATCTACTAGCA-1,0.662154,0.130803,0.194978,0.000098,0.000098,0.011868
AAACACCAATAACTGC-1,0.030786,0.108904,0.62194,0.133412,0.095575,0.009383
AAACAGAGCGACTCCT-1,0.136481,0.203132,0.446606,0.176284,0.03612,0.001378
AAACAGCTTTCAGAAG-1,0.045743,0.366767,0.428209,0.048398,0.067812,0.043072
AAACAGGGTCTATATT-1,0.33113,0.464798,0.112792,0.000042,0.000042,0.091196
AAACAGTGTTCCTGGG-1,0.725481,0.000059,0.000176,0.274166,0.000059,0.000059
AAACATGGTGAGAGGA-1,0.055647,0.155568,0.308381,0.136025,0.184724,0.159656
AAACATTTCCCGGATT-1,0.007022,0.0447,0.570023,0.150888,0.169645,0.057722
AAACCACTACACAGAT-1,0.008671,0.062878,0.247403,0.392485,0.265348,0.023214
AAACCCGAACGAAATC-1,0.048704,0.043234,0.288702,0.207428,0.148043,0.263889
AAACCGGAAATGTTAA-1,0.00002,0.008758,0.152856,0.317212,0.489323,0.031831
AAACCGGGTAGGTACC-1,0.027302,0.155242,0.72582,0.000035,0.055871,0.035731
AAACCGTTCGTCCAGG-1,0.051396,0.070345,0.815674,0.048916,0.013558,0.000111
AAACCTAAGCAGCCGG-1,0.123506,0.116202,0.541879,0.000064,0.068747,0.149603
AAACCTCATGAAGTTG-1,0.000034,0.185776,0.637601,0.066215,0.093161,0.017212
AAACGAAGAACATACC-1,0.007317,0.02037,0.913513,0.030666,0.026607,0.001527
AAACGAAGATGGAGTA-1,0.142541,0.201331,0.193525,0.041981,0.070593,0.350028
AAACGACAGTCTTGCC-1,0.013625,0.099607,0.184146,0.022171,0.441363,0.239088
AAACGAGACGGTTGAT-1,0.000021,0.003162,0.944877,0.022027,0.029891,0.000021
AAACGCCCGAGATCGG-1,0.091655,0.285753,0.250604,0.062022,0.06647,0.243496
AAACGCTGGGCACGAC-1,0.04436,0.006565,0.000569,0.69786,0.000063,0.250582
AAACGGGCGTACGGGT-1,0.049656,0.123169,0.492531,0.003044,0.257775,0.073826
AAACGGGTTGGTATCC-1,0.051558,0.325932,0.563205,0.057031,0.00054,0.001735
AAACGGTTGCGAACTG-1,0.912083,0.02237,0.000243,0.052927,0.000081,0.012295
AAACGTGTTCGCCCTA-1,0.241529,0.01394,0.073447,0.263393,0.233501,0.174191
AAACTAACGTGGCGAC-1,0.097795,0.027671,0.380879,0.027498,0.178538,0.287618
AAACTCGGTTCGCAAT-1,0.049822,0.022952,0.623485,0.292765,0.00986,0.001115
AAACTCGTGATATAAG-1,0.060414,0.146495,0.586214,0.150437,0.01311,0.04333
AAACTGCTGGCTCCAA-1,0.010253,0.044159,0.78803,0.109979,0.044765,0.002814
AAACTTAATTGCACGC-1,0.000013,0.023732,0.496458,0.168632,0.299291,0.011874
AAACTTGCAAACGTAT-1,0.532702,0.089557,0.231328,0.051977,0.01446,0.079976
AAAGAATGACCTTAGA-1,0.000014,0.146018,0.194445,0.104552,0.468585,0.086385
AAAGAATGTGGACTAA-1,0.00002,0.001811,0.12791,0.499524,0.36968,0.001055
AAAGACATGAAGTTTA-1,0.456724,0.160542,0.075517,0.082062,0.015234,0.209921
AAAGACCCAAGTCGCG-1,0.999501,0.000071,0.000214,0.000071,0.000071,0.000071
AAAGACTGGGCGCTTT-1,0.114212,0.249353,0.437643,0.007485,0.122281,0.069025
AAAGCTTGCCTACATA-1,0.044071,0.134026,0.220389,0.159289,0.060809,0.381416
AAAGGCCCTATAATAC-1,0.063518,0.111155,0.395262,0.085946,0.246958,0.097161
AAAGGCTACGGACCAT-1,0.999036,0.000611,0.000177,0.000059,0.000059,0.000059
AAAGGCTCTCGCGCCG-1,0.698721,0.000056,0.000168,0.300944,0.000056,0.000056
AAAGGGATGTAGCAAG-1,0.127207,0.192598,0.680057,0.000046,0.000046,0.000046
AAAGGGCAGCTTGAAT-1,0.059022,0.159089,0.660228,0.000024,0.11165,0.009987
AAAGGTAAGCTGTACC-1,0.054154,0.101204,0.632537,0.006934,0.119315,0.085856
AAAGGTCAACGACATG-1,0.126862,0.356437,0.052451,0.01896,0.020816,0.424474
AAAGTAGCATTGCTCA-1,0.000019,0.008713,0.877135,0.01942,0.09245,0.002263
AAAGTCACTGATGTAA-1,0.999352,0.000093,0.000278,0.000093,0.000093,0.000093
AAAGTCGACCCTCAGT-1,0.031521,0.030089,0.772332,0.102573,0.060968,0.002518
AAAGTGCCATCAATTA-1,0.080415,0.001295,0.009471,0.254963,0.103198,0.550659
AAAGTGTGATTTATCT-1,0.179097,0.304744,0.396007,0.000093,0.003537,0.116522
AAAGTTGACTCCCGTA-1,0.177258,0.010655,0.558737,0.000039,0.217466,0.035845
AAATAACCATACGGGA-1,0.00303,0.004037,0.861882,0.073615,0.057415,0.00002
AAATAAGGTAGTGCCC-1,0.165174,0.220209,0.331848,0.000066,0.000066,0.282638
AAATACCTATAAGCAT-1,0.343785,0.000032,0.536591,0.107759,0.010704,0.00113
AAATAGCTTAGACTTT-1,0.16446,0.332059,0.266644,0.153483,0.004497,0.078857
AAATAGGGTGCTATTG-1,0.099414,0.20753,0.647533,0.000046,0.015526,0.029952
AAATCACTCCTAAACG-1,0.148394,0.121956,0.027277,0.123722,0.115982,0.46267
AAATCCGATACACGCC-1,0.150432,0.000219,0.561428,0.110455,0.166416,0.011049
AAATCGCGGAAGGAGT-1,0.167404,0.184394,0.320645,0.177243,0.119906,0.030407
AAATCGTGTACCACAA-1,0.99932,0.000097,0.000291,0.000097,0.000097,0.000097
AAATCTAGCCCTGCTA-1,0.005265,0.216189,0.522619,0.001414,0.072474,0.18204
AAATCTGCCCGCGTCC-1,0.002679,0.000079,0.002709,0.774748,0.176152,0.043633
AAATGACTGATCAAAC-1,0.805901,0.000075,0.000225,0.03894,0.000075,0.154784
AAATGATTCGATCAGC-1,0.220907,0.037032,0.588595,0.130377,0.007129,0.015959
AAATGCTCGTTACGTT-1,0.01945,0.243869,0.641984,0.000036,0.07732,0.017341
AAATGGCATGTCTTGT-1,0.279728,0.037391,0.661369,0.000045,0.012717,0.00875
AAATGGCCCGTGCCCT-1,0.101227,0.192667,0.457941,0.045073,0.055382,0.14771
AAATGGTCAATGTGCC-1,0.889126,0.109634,0.00062,0.000207,0.000207,0.000207
AAATGTATCTTATCCC-1,0.174604,0.540687,0.070038,0.017723,0.000088,0.19686
AAATGTGGGTGCTCCT-1,0.865364,0.054317,0.020745,0.000077,0.000077,0.05942
AAATTAACGGGTAGCT-1,0.548589,0.045113,0.330815,0.070026,0.000096,0.005361
AAATTAATAAGCGCGA-1,0.000024,0.19369,0.653888,0.109368,0.035327,0.007704
AAATTACACGACTCTG-1,0.040727,0.234805,0.642731,0.000045,0.015241,0.066452
AAATTACCTATCGATG-1,0.12504,0.626911,0.112222,0.025351,0.000062,0.110413
AAATTCCAGGTCCAAA-1,0.000019,0.007831,0.779423,0.00074,0.211867,0.000119
AAATTGATAGTCCTTT-1,0.232517,0.262174,0.482198,0.00006,0.000846,0.022205
AAATTGCGGCGGTTCT-1,0.101841,0.482358,0.335365,0.007935,0.010824,0.061677
AAATTGGTGAGAAGCA-1,0.000022,0.07861,0.256918,0.013883,0.559162,0.091405
AAATTTACCGAAATCC-1,0.17098,0.707685,0.121094,0.000081,0.000081,0.000081
AAATTTGCGGGTGTGG-1,0.082341,0.003378,0.801273,0.090855,0.021975,0.000177
AACAACTGGTAGTTGC-1,0.670775,0.154989,0.118667,0.000091,0.000091,0.055386
AACAATACATTGTCGA-1,0.078494,0.047456,0.765981,0.000024,0.082446,0.025599
AACAATTACTCTACGC-1,0.177237,0.077817,0.561793,0.002891,0.155752,0.024511
AACACACGCTCGCCGC-1,0.003632,0.279922,0.407088,0.000046,0.173665,0.135647
AACACGACTGTACTGA-1,0.064018,0.017829,0.91804,0.000038,0.000038,0.000038
AACACGAGACGCGGCC-1,0.000017,0.036299,0.896672,0.009568,0.047592,0.009852
AACACGCGGCCGCGAA-1,0.165009,0.338099,0.436538,0.060016,0.000281,0.000057
AACAGCTGTGTGGCAA-1,0.070699,0.000962,0.859031,0.002487,0.065623,0.001198
AACAGGAAATCGAATA-1,0.128779,0.313847,0.55722,0.000052,0.000052,0.000052
AACAGGATGGGCCGCG-1,0.000024,0.002086,0.90651,0.053665,0.037691,0.000024
AACAGGTAGTATGGAT-1,0.034139,0.063628,0.389631,0.061252,0.150308,0.301043
AACATAGCGTGTATCG-1,0.08732,0.000059,0.079585,0.305934,0.169947,0.357154
AACATATCAACTGGTG-1,0.026098,0.212148,0.613983,0.025398,0.030825,0.091548
AACATCGATACGTCTA-1,0.072894,0.683231,0.150025,0.000074,0.000074,0.093702
AACATTGAAGTTGATC-1,0.020363,0.066211,0.579466,0.007293,0.222276,0.104391
AACATTGGTCAGCCGT-1,0.089423,0.450145,0.356439,0.08621,0.000047,0.017737
AACATTGTGACTCGAG-1,0.912326,0.005656,0.081576,0.000148,0.000148,0.000148
AACCAAGACTTCTCTG-1,0.087991,0.355457,0.426116,0.000041,0.056543,0.073852
AACCAGTATCACTCTT-1,0.303633,0.194605,0.301352,0.200207,0.000101,0.000101
AACCATAGGGTTGAAC-1,0.168887,0.195206,0.178207,0.00004,0.1804,0.27726
AACCATGGGATCGCTA-1,0.061763,0.266472,0.61431,0.038044,0.000451,0.018961
AACCCAGAGACGGAGA-1,0.014098,0.050822,0.903039,0.02413,0.00788,0.000031
AACCCATCCCATGATC-1,0.002129,0.088448,0.590306,0.093492,0.210914,0.014711
AACCCGACAACCCGTG-1,0.827926,0.007768,0.0027,0.069708,0.010933,0.080965
AACCCGAGCAGAATCG-1,0.021034,0.230616,0.085612,0.016161,0.025224,0.621353
AACCCGATAGGGCTTC-1,0.008533,0.100668,0.188074,0.099796,0.412055,0.190874
AACCCGCTGTATTCCA-1,0.54738,0.000036,0.000108,0.410678,0.041763,0.000036
AACCCTACTGTCAATA-1,0.073226,0.258607,0.498404,0.091398,0.051172,0.027193
AACCCTGGTGGAACCA-1,0.076106,0.105152,0.809352,0.002237,0.003623,0.003529
AACCGAGCTTGGTCAT-1,0.132137,0.045924,0.693773,0.127249,0.000878,0.000039
AACCGCTAAGGGATGC-1,0.230788,0.459172,0.185425,0.000089,0.000089,0.124438
AACCGTTGTGTTTGCT-1,0.000028,0.015758,0.935647,0.000099,0.048442,0.000028
AACCTAAAGCCGTCCG-1,0.161912,0.07521,0.402535,0.042179,0.126377,0.191787
AACCTCGCTTTAGCCC-1,0.000034,0.000034,0.688422,0.101269,0.209828,0.000413
AACCTGTCACGGAATT-1,0.148438,0.191744,0.207755,0.001242,0.000093,0.450728
AACCTTTAAATACGGT-1,0.26264,0.101805,0.56511,0.04537,0.000051,0.025024
AACCTTTACGACGTCT-1,0.579382,0.293352,0.075269,0.00009,0.00009,0.051816
AACGAAAGTCGTCCCA-1,0.331721,0.031792,0.263521,0.295237,0.023052,0.054677
AACGACCTCCTAGCCG-1,0.000021,0.003386,0.141784,0.096107,0.69891,0.059793
AACGATAATGCCGTAG-1,0.2983,0.001053,0.537167,0.137093,0.02635,0.000037
AACGATAGAAGGGCCG-1,0.955036,0.044491,0.000236,0.000079,0.000079,0.000079
AACGATATGTCAACTG-1,0.17315,0.019719,0.731065,0.00027,0.067402,0.008395
AACGCATGATCTGGGT-1,0.103209,0.137759,0.509769,0.239772,0.005044,0.004447
AACGCGAACGGCAACA-1,0.020536,0.000588,0.939144,0.021964,0.016128,0.001639
AACGCGACCTTGGGCG-1,0.866967,0.051571,0.000378,0.000126,0.000126,0.080833
AACGCGGTCTCCAGCC-1,0.011773,0.020087,0.780341,0.164055,0.023704,0.000041
AACGCTGTTGCTGAAA-1,0.106397,0.097784,0.556916,0.000053,0.05436,0.18449
AACGGACGTACGTATA-1,0.079384,0.308229,0.455363,0.000059,0.013617,0.143347
AACGGCCATCTCCGGT-1,0.297299,0.068638,0.564411,0.065106,0.000044,0.004502
AACGTACTGTGGGTAC-1,0.202357,0.00775,0.656745,0.122096,0.011011,0.00004
AACGTAGTCTACCCAT-1,0.721753,0.000064,0.148807,0.129248,0.000064,0.000064
AACGTCAGACTAGTGG-1,0.085909,0.048736,0.767993,0.092752,0.004578,0.000031
AACGTCATCCGGCTTG-1,0.810128,0.000072,0.000217,0.189437,0.000072,0.000072
AACGTCGCTGCACTTC-1,0.000024,0.002352,0.004626,0.567871,0.421782,0.003345
AACGTGATGAAGGACA-1,0.000303,0.097625,0.846216,0.031737,0.016219,0.0079
AACGTGCGAAAGTCTC-1,0.000173,0.045293,0.779141,0.147578,0.027727,0.000089
AACGTTATCAGCACCT-1,0.063992,0.274122,0.536676,0.100337,0.012373,0.012499
AACGTTCTACCATTGT-1,0.19611,0.000083,0.000249,0.574738,0.000083,0.228737
AACTACCCGTTTGTCA-1,0.079992,0.258364,0.17642,0.001465,0.002837,0.480922
AACTAGCGTATCGCAC-1,0.891359,0.000102,0.026814,0.08152,0.000102,0.000102
AACTAGGCTTGGGTGT-1,0.664884,0.208148,0.119933,0.000124,0.000124,0.006786
AACTCAAGTTAATTGC-1,0.756677,0.09419,0.100456,0.048542,0.000067,0.000067
AACTCCAGAGCGTGTT-1,0.005957,0.147818,0.592634,0.214801,0.017735,0.021055
AACTCCTAATCCCATG-1,0.222833,0.034977,0.518632,0.161433,0.014438,0.047688
AACTCGATAAACACGT-1,0.078179,0.525894,0.35562,0.000044,0.007238,0.033025
AACTCGATGGCGCAGT-1,0.264386,0.399271,0.301606,0.000062,0.001897,0.032778
AACTCTCAATAGAGCG-1,0.000052,0.173596,0.69785,0.068073,0.030772,0.029657
AACTCTCAGTGTGCTC-1,0.193636,0.055962,0.748947,0.000046,0.001213,0.000196
AACTGAGGTCAGCGTC-1,0.000044,0.197499,0.304159,0.029794,0.303926,0.164577
AACTGAGTTATACTGA-1,0.095493,0.048272,0.084795,0.037775,0.00141,0.732256
AACTGATATTAGGCCT-1,0.007331,0.011239,0.931859,0.004438,0.045096,0.000036
AACTGGGTCCCGACGT-1,0.047223,0.151605,0.798055,0.000035,0.001221,0.001861
AACTGGGTTCGAGCCG-1,0.018009,0.110336,0.732577,0.032099,0.066171,0.040807
AACTGGTGTGGGCCTT-1,0.513262,0.002615,0.397346,0.086569,0.000104,0.000104
AACTTCTGCGTCTATC-1,0.143837,0.309063,0.430748,0.005423,0.079078,0.031851
AACTTGCCCGTATGCA-1,0.223197,0.028318,0.700228,0.001432,0.041901,0.004924
AACTTGCGTTCTCGCG-1,0.000022,0.019605,0.932541,0.000022,0.033991,0.013819
AACTTTACGGGAGCTT-1,0.011405,0.000146,0.75509,0.233067,0.000146,0.000146
AACTTTAGCTGCTGAG-1,0.510104,0.115946,0.373765,0.000062,0.000062,0.000062
AACTTTCTCGATCATG-1,0.039854,0.006626,0.16177,0.456751,0.314109,0.020891
AAGAAAGTTTGATGGG-1,0.015439,0.010845,0.013603,0.619203,0.216385,0.124527
AAGAAATCACCAGATT-1,0.145984,0.056962,0.000147,0.155504,0.010139,0.631264
AAGAAGGATCAGTTAG-1,0.086779,0.12533,0.545892,0.1059,0.111038,0.025061
AAGACATACGTGGTTT-1,0.008156,0.000092,0.000276,0.178967,0.000092,0.812416
AAGACCAAATAACTCA-1,0.278456,0.014283,0.255999,0.302691,0.122403,0.026167
AAGACCCAACTGAACA-1,0.821909,0.011691,0.145497,0.000052,0.010703,0.010148
AAGACTAACCCGTTGT-1,0.211631,0.146993,0.509792,0.131148,0.000217,0.000217
AAGACTCACGCCCACT-1,0.168744,0.14538,0.113437,0.000042,0.096569,0.475829
AAGACTGCAAGCTACT-1,0.023956,0.072729,0.854707,0.000051,0.025836,0.022722
AAGAGATGAATCGGTA-1,0.027733,0.129944,0.617736,0.207588,0.016961,0.000037
AAGAGCTCTTTATCGG-1,0.000043,0.009829,0.952421,0.000043,0.037124,0.000539
AAGAGGATGTACGCGA-1,0.233902,0.322459,0.435973,0.000062,0.000062,0.007541
AAGAGGCATGGATCGC-1,0.130001,0.013341,0.615209,0.241398,0.000025,0.000025
AAGAGGCCCTTTGGAA-1,0.024045,0.128811,0.316346,0.013009,0.026308,0.491481
AAGATGGCACCGGACC-1,0.247901,0.034712,0.581346,0.010094,0.034465,0.091482
AAGATTGGCGGAACGT-1,0.47177,0.095385,0.401503,0.000048,0.002586,0.028708
AAGCACCCTGCGTATC-1,0.000027,0.000027,0.847534,0.062814,0.089572,0.000027
AAGCATACTCTCCTGA-1,0.285513,0.09692,0.468261,0.146335,0.00005,0.002921
AAGCCACTTGCAGGTA-1,0.239146,0.004525,0.193661,0.158898,0.222705,0.181066
AAGCCGAAGCGGTTTA-1,0.212148,0.07799,0.479785,0.012332,0.019897,0.197848
AAGCCGCCGTGAAATC-1,0.236574,0.055633,0.337598,0.019677,0.14435,0.206168
AAGCCGCTTTACCTTG-1,0.129972,0.10075,0.034417,0.059733,0.05565,0.619479
AAGCCGGAGAGCAGGA-1,0.003305,0.002785,0.091446,0.036736,0.530027,0.335701
AAGCGCAGGGCTTTGA-1,0.077055,0.053905,0.552761,0.222587,0.013287,0.080404
AAGCGGAGTGCGCGCA-1,0.078075,0.033461,0.290314,0.171861,0.209555,0.216734
AAGCGGCGTCATGGGT-1,0.025811,0.20513,0.535973,0.029281,0.066373,0.137433
AAGCGTCCCTCATCGA-1,0.012095,0.05969,0.887995,0.000029,0.035034,0.005157
AAGCTAGATCGAGTAA-1,0.00003,0.010122,0.935775,0.051019,0.003023,0.00003
AAGCTATGGATTGACC-1,0.025627,0.080166,0.227275,0.000567,0.414599,0.251766
AAGCTCGTGCCAAGTC-1,0.115075,0.185023,0.677284,0.015901,0.000178,0.006538
AAGCTCTTTCATGGTG-1,0.000037,0.000511,0.82282,0.073545,0.103049,0.000037
AAGGAGAACTTATAAG-1,0.856517,0.126045,0.01579,0.00142,0.000114,0.000114
AAGGAGCGGTTGGTGC-1,0.692884,0.000199,0.074733,0.157542,0.000199,0.074444
AAGGATCGATCGCTTG-1,0.055068,0.696423,0.185707,0.000093,0.000093,0.062617
AAGGATGAGGGACCTC-1,0.027478,0.044976,0.916502,0.000035,0.003747,0.007262
AAGGCAGGCTGTCTCC-1,0.033032,0.066789,0.010537,0.630944,0.000069,0.258629
AAGGCGCGTAAAGCTT-1,0.00343,0.082764,0.833502,0.014195,0.044913,0.021196
AAGGCTGTGCTCATCG-1,0.999403,0.000085,0.000256,0.000085,0.000085,0.000085
AAGGGAACGACTGGCT-1,0.006455,0.042713,0.6505,0.000022,0.205886,0.094423
AAGGGACAGATTCTGT-1,0.023311,0.178617,0.688834,0.000031,0.073695,0.035512
AAGGGACTATGCATTC-1,0.081304,0.28566,0.34281,0.001357,0.058349,0.23052
AAGGGTTAGCCATGCG-1,0.000084,0.000084,0.000337,0.920352,0.005027,0.074117
AAGGGTTTGATTTCAG-1,0.126386,0.015622,0.301101,0.077623,0.33739,0.141878
AAGGTATCCTAATATA-1,0.002982,0.148573,0.711921,0.082193,0.051088,0.003242
AAGGTGATAAACCAGC-1,0.261165,0.080741,0.464886,0.117823,0.016895,0.058491
AAGTAAGCTTCCAAAC-1,0.142095,0.159383,0.640579,0.057843,0.00005,0.00005
AAGTAGAAGACCGGGT-1,0.981179,0.000057,0.00017,0.018481,0.000057,0.000057
AAGTAGTGACGCGAGG-1,0.125503,0.463821,0.347183,0.02086,0.000673,0.041961
AAGTCAATTGTCGTCA-1,0.000036,0.067189,0.684987,0.138497,0.091466,0.017825
AAGTCTAGTAGCTGCC-1,0.178969,0.114163,0.000245,0.035337,0.000082,0.671204
AAGTCTTCTGTGGCCT-1,0.011768,0.028279,0.708465,0.047375,0.195634,0.008479
AAGTGACGACCGAATT-1,0.026193,0.247532,0.674667,0.000032,0.025562,0.026014
AAGTGAGTCGGGTTTA-1,0.719565,0.000084,0.148947,0.088005,0.043315,0.000084
AAGTGCAAAGGTAGAC-1,0.001956,0.079543,0.691943,0.224213,0.002298,0.000046
AAGTGCCTTGACTGTA-1,0.323068,0.399646,0.117855,0.042501,0.000109,0.116822
AAGTGCGTTAGAATCT-1,0.061613,0.317838,0.558821,0.002521,0.023168,0.03604
AAGTGCTTCTCTATTG-1,0.123433,0.000019,0.523211,0.07296,0.277274,0.003103
AAGTGTTTGGAGACGG-1,0.370169,0.05917,0.544272,0.015149,0.00625,0.004991
AAGTTCACTCCAAGCT-1,0.057007,0.021758,0.795984,0.000621,0.004989,0.119641
AAGTTCAGTCTGCGTA-1,0.019061,0.683523,0.239611,0.000053,0.000189,0.057563
AAGTTCGGCCAACAGG-1,0.086978,0.014335,0.748359,0.146806,0.003482,0.000039
AAGTTGTGATGTTATA-1,0.027809,0.032935,0.10953,0.161605,0.144274,0.523847
AAGTTTACTAATGGCA-1,0.229422,0.008731,0.645641,0.116101,0.000052,0.000052
AAGTTTATGGGCCCAA-1,0.011668,0.031318,0.67454,0.050437,0.189118,0.042919
AATAACAACGCTCGGC-1,0.133368,0.288206,0.515507,0.018868,0.012803,0.031248
AATAACACTAGAACAA-1,0.00548,0.002308,0.851137,0.042994,0.098045,0.000036
AATAACGTCGCGCCCA-1,0.000048,0.00154,0.097526,0.192736,0.321597,0.386553
AATAAGTCCTCGAGAC-1,0.001041,0.175841,0.781283,0.020536,0.02126,0.000039
AATAATCTTCGTATCG-1,0.01216,0.033234,0.08379,0.150392,0.28469,0.435734
AATACAATGTTTCAGG-1,0.312769,0.427858,0.187245,0.000068,0.000068,0.071993
AATACCGGAGGGCTGT-1,0.038853,0.050798,0.696173,0.004231,0.168123,0.041822
AATACCTGATGTGAAC-1,0.109319,0.000031,0.054815,0.033093,0.609105,0.193636
AATAGAACAGAGTGGC-1,0.999527,0.000068,0.000203,0.000068,0.000068,0.000068
AATAGAATCTGTTTCA-1,0.222736,0.276962,0.360546,0.000066,0.003068,0.136621
AATAGCAAGCCTCCTG-1,0.046355,0.175408,0.088398,0.053965,0.049239,0.586636
AATAGCTACCGCGTGC-1,0.09806,0.331193,0.474088,0.000054,0.015648,0.080957
AATAGGCACGACCCTT-1,0.157692,0.000026,0.36464,0.170559,0.283805,0.023278
AATAGTCCGTCCCGAC-1,0.897143,0.032248,0.000275,0.000092,0.000092,0.07015
AATAGTCGCGAGTCGG-1,0.187209,0.198472,0.48017,0.045254,0.005545,0.083351
AATATCAAGGTCGGAT-1,0.543265,0.081296,0.373261,0.00008,0.00008,0.002018
AATATCCTAGCAAACT-1,0.100738,0.355471,0.248481,0.099117,0.128478,0.067715
AATATCGAATCAATGC-1,0.083856,0.072919,0.431076,0.161081,0.043596,0.207471
AATATCGAGGGTTCTC-1,0.150775,0.176523,0.568707,0.015123,0.082911,0.005961
AATATTGGAGTATTGA-1,0.045956,0.406125,0.433497,0.03531,0.010842,0.06827
AATCAGACTGCAGGAC-1,0.058563,0.191701,0.658443,0.001537,0.035635,0.054122
AATCAGGTTTCATTTA-1,0.13567,0.003159,0.512506,0.100186,0.222999,0.02548
AATCATGTAAAGACTC-1,0.016751,0.392064,0.188947,0.000069,0.006337,0.395831
AATCCAAGGGCCTGAG-1,0.999536,0.000066,0.000199,0.000066,0.000066,0.000066
AATCCATGCAAGGGTG-1,0.060405,0.618919,0.275259,0.000059,0.000059,0.045298
AATCCCGCTCAGAGCC-1,0.875465,0.000039,0.000116,0.124303,0.000039,0.000039
AATCGAGGTCTCAAGG-1,0.079655,0.020695,0.217445,0.074318,0.14575,0.462136
AATCGCCTCAGCGCCA-1,0.031277,0.341148,0.556832,0.052492,0.008991,0.00926
AATCGCGCAGAGGACT-1,0.189545,0.093434,0.36629,0.167584,0.039531,0.143616
AATCGGGACACTACGA-1,0.355458,0.000067,0.535161,0.109181,0.000067,0.000067
AATCGGTATAGCCCTC-1,0.000043,0.014021,0.000948,0.126114,0.559238,0.299635
AATCGTGAGCCGAGCA-1,0.174795,0.027609,0.589206,0.022191,0.068273,0.117926
AATCTAGGTTTACTTG-1,0.411011,0.076449,0.239076,0.168358,0.000222,0.104884
AATCTATGCCGGAGCC-1,0.08851,0.349382,0.409862,0.079273,0.020768,0.052204
AATCTCTACTGTGGTT-1,0.039166,0.380298,0.506156,0.006911,0.035082,0.032387
AATCTGCGTTGGGACG-1,0.097948,0.111567,0.674701,0.000044,0.044138,0.071603
AATCTGGCTTTCTAGT-1,0.023117,0.268128,0.457923,0.163093,0.051664,0.036075
AATCTGGGTAGACCCT-1,0.05197,0.055889,0.597828,0.020804,0.243942,0.029567
AATGACAGCAATGTCT-1,0.149274,0.194112,0.640632,0.000044,0.001275,0.014664
AATGACGTAGGATGTC-1,0.104899,0.045056,0.756682,0.093259,0.000052,0.000052
AATGACTGTCAGCCGG-1,0.48043,0.000158,0.000473,0.518624,0.000158,0.000158
AATGAGTTCGCATATG-1,0.08453,0.35935,0.491929,0.000042,0.039065,0.025084
AATGATGATACGCTAT-1,0.211931,0.394961,0.222872,0.022099,0.000071,0.148066
AATGATGCGACTCCTG-1,0.266937,0.509248,0.136737,0.000067,0.000067,0.086944
AATGCAACCGGGTACC-1,0.519412,0.078068,0.359192,0.039947,0.000068,0.003312
AATGCACCAAGCAATG-1,0.377777,0.533212,0.013774,0.057937,0.000074,0.017226
AATGGCCGCCAATGCG-1,0.220812,0.061743,0.000197,0.185709,0.000066,0.531474
AATGGTCCACCGTTCA-1,0.060088,0.66903,0.181564,0.000065,0.000065,0.089189
AATGGTTCTCACAAGC-1,0.271295,0.011359,0.689826,0.022545,0.004943,0.000033
AATGTATGGCACTGTA-1,0.059651,0.164078,0.124757,0.02917,0.190678,0.431666
AATGTGCCCGAGGTGT-1,0.070312,0.039221,0.659897,0.140213,0.068385,0.021972
AATGTGCTAATCTGAG-1,0.003455,0.125328,0.544607,0.138505,0.173362,0.014742
AATGTTAAGACCCTGA-1,0.026632,0.007829,0.162406,0.354811,0.287251,0.161071
AATGTTGTCGTGAGAC-1,0.031094,0.172926,0.098699,0.319817,0.212464,0.165
AATTAAAGGTCGGCGT-1,0.583835,0.037676,0.378133,0.000119,0.000119,0.000119
AATTAACGGATTTCCA-1,0.426397,0.000054,0.540292,0.033148,0.000054,0.000054
AATTACGAGACCCATC-1,0.045297,0.275242,0.210422,0.087721,0.215012,0.166306
AATTACTCGTACGCTC-1,0.071815,0.432168,0.296223,0.130607,0.02594,0.043246
AATTAGCGCTGCAGCG-1,0.832407,0.036787,0.057944,0.00263,0.000099,0.070134
AATTATACCCAGCAAG-1,0.14084,0.03572,0.137135,0.066165,0.000075,0.620066
AATTCATAAGGGATCT-1,0.070361,0.067473,0.769598,0.000037,0.067011,0.02552
AATTCATTGTCATGCA-1,0.07384,0.084748,0.38247,0.025415,0.349285,0.084241
AATTCCAACTTGGTGA-1,0.128416,0.449367,0.393003,0.014032,0.012328,0.002854
AATTCCAAGCATGTAC-1,0.577746,0.001456,0.226243,0.042615,0.151109,0.000831
AATTCGATTCGAGGAT-1,0.005727,0.018457,0.819233,0.000217,0.120035,0.036331
AATTCTAGAGTTAGGC-1,0.680335,0.052849,0.146641,0.114581,0.000103,0.005491
AATTGAACGCTCTGGT-1,0.198421,0.028597,0.60382,0.083476,0.013602,0.072084
AATTGCAGCAATCGAC-1,0.231712,0.225953,0.098836,0.063515,0.002423,0.377561
AATTGCGTGGATTACA-1,0.057462,0.034753,0.415311,0.182068,0.241775,0.06863
AATTGTGGTTGCCAAA-1,0.013849,0.030705,0.084054,0.100526,0.130202,0.640663
AATTTGGGACATAGTA-1,0.00004,0.151977,0.757997,0.00004,0.068692,0.021254
AATTTGGTTCCAAAGA-1,0.078635,0.25223,0.66897,0.000055,0.000055,0.000055
ACAAACCATGCGTCCT-1,0.225336,0.131559,0.283215,0.007768,0.114889,0.237233
ACAAACCGACAAGGCG-1,0.072576,0.086422,0.579899,0.000039,0.162312,0.098752
ACAAACTCCATCAGAG-1,0.839125,0.000054,0.000162,0.000054,0.000054,0.160551
ACAAAGAAGGTAGGCC-1,0.304049,0.169716,0.35929,0.118003,0.004272,0.044669
ACAAAGCATGACCTAG-1,0.03957,0.104229,0.480263,0.054275,0.110149,0.211514
ACAAATCGCACCGAAT-1,0.005951,0.218699,0.739619,0.000066,0.000066,0.035598
ACAAATGGTAGTGTTT-1,0.043619,0.341242,0.494594,0.077457,0.000061,0.043027
ACAAATTCAGATCTGA-1,0.529633,0.174652,0.115907,0.048975,0.001109,0.129724
ACAACAGCATGAGCTA-1,0.000025,0.008272,0.968433,0.015464,0.007505,0.0003
ACAACGGTCCCTGCGA-1,0.124668,0.013029,0.692546,0.144251,0.025487,0.000019
ACAAGCAGTGCCTAGC-1,0.123866,0.259244,0.456244,0.145163,0.011908,0.003574
ACAAGCTATATGGAAG-1,0.094227,0.3105,0.508883,0.001309,0.007966,0.077114
ACAAGGAAATCCGCCC-1,0.161393,0.069429,0.693464,0.033983,0.012715,0.029015
ACAAGGACAAGAGGTT-1,0.16543,0.28653,0.522481,0.00591,0.002086,0.017564
ACAAGGATGCTTTAGG-1,0.430004,0.148275,0.228666,0.043438,0.01062,0.138997
ACAAGGCCTACCAGCC-1,0.001898,0.389633,0.072973,0.00004,0.183097,0.352359
ACAAGGGCAGGCTCTG-1,0.191946,0.081486,0.521202,0.153725,0.013538,0.038103
ACAAGTAATTGTAAGG-1,0.071215,0.049534,0.360738,0.029882,0.428921,0.059711
ACAATAGTCGTACGTT-1,0.003366,0.112751,0.817973,0.000029,0.020228,0.045653
ACAATCCATTTAAACC-1,0.132456,0.092088,0.601304,0.158083,0.005037,0.011032
ACAATCGATCTTTATA-1,0.037426,0.029473,0.884134,0.023392,0.025524,0.000052
ACAATGAATACGGAGA-1,0.054826,0.176387,0.6564,0.012026,0.03474,0.06562
ACAATGATTCTTCTAC-1,0.347406,0.007694,0.080599,0.357356,0.035901,0.171044
ACAATTGTGTCTCTTT-1,0.008937,0.033709,0.66115,0.267524,0.026359,0.002321
ACAATTTAGGAGGCTC-1,0.040343,0.274972,0.598869,0.008482,0.06243,0.014903
ACAATTTGAGCAGTGG-1,0.299818,0.536029,0.103828,0.000096,0.000096,0.060134
ACAATTTGGCCATATT-1,0.000051,0.113004,0.041371,0.044133,0.229496,0.571946
ACACAAAGACGGGTGG-1,0.715924,0.190647,0.09315,0.000093,0.000093,0.000093
ACACAAATATTCCTAG-1,0.124845,0.074283,0.032113,0.019301,0.004572,0.744886
ACACACCAGGACCAGT-1,0.13616,0.256443,0.506726,0.041419,0.004119,0.055132
ACACACTTTCTACACG-1,0.009906,0.004986,0.791349,0.193663,0.000059,0.000037
ACACATGATCAAATCT-1,0.074124,0.188133,0.505794,0.022676,0.126467,0.082806
ACACATTGACGCAACA-1,0.030176,0.48898,0.337802,0.003807,0.121805,0.017431
ACACATTTCCGTAGAC-1,0.000057,0.000057,0.421428,0.072904,0.332474,0.17308
ACACCACATAATTAGC-1,0.197626,0.326221,0.125948,0.014736,0.000082,0.335387
ACACCCAGCATGCAGC-1,0.486032,0.014719,0.495013,0.000522,0.003618,0.000095
ACACCCGAGAAATCCG-1,0.167057,0.044119,0.731361,0.025689,0.022996,0.008778
ACACCCGTAAATCTGT-1,0.071787,0.026941,0.232633,0.223403,0.418934,0.026302
ACACCGAGCGCTCTTT-1,0.093365,0.284615,0.346881,0.090385,0.059297,0.125458
ACACCGGTCTGACCGC-1,0.018314,0.448559,0.23568,0.000043,0.114337,0.183066
ACACCTTAAGTAGGGC-1,0.66053,0.177845,0.161366,0.000086,0.000086,0.000086
ACACCTTACTACTTGC-1,0.275268,0.156238,0.189308,0.236891,0.00006,0.142235
ACACGAGACTCCTTCT-1,0.098743,0.002353,0.797022,0.036709,0.06004,0.005133
ACACGGCACTATGCAT-1,0.009602,0.136697,0.84712,0.000029,0.003445,0.003107
ACACGGGAACTTAGGG-1,0.134346,0.009363,0.793719,0.049632,0.008134,0.004806
ACACGTAGGCCACAAG-1,0.000273,0.14343,0.390043,0.130008,0.235096,0.101149
ACACTCCAATGTCACT-1,0.403403,0.09692,0.318543,0.119692,0.013735,0.047708
ACACTGATCAAGGTGT-1,0.999338,0.000095,0.000284,0.000094,0.000095,0.000095
ACACTGGGACAGTCGT-1,0.012223,0.019718,0.233827,0.295498,0.323938,0.114797
ACAGAACTGAGAACAA-1,0.204716,0.359125,0.309969,0.000042,0.007628,0.118521
ACAGATTAGGTTAGTG-1,0.474266,0.007108,0.518434,0.000064,0.000064,0.000064
ACAGCATAGAGCCAGT-1,0.621147,0.010441,0.244529,0.123781,0.000051,0.000051
ACAGCGACATTCTCAT-1,0.178837,0.301646,0.172479,0.000096,0.000096,0.346846
ACAGCGCACCCGCAGC-1,0.000018,0.000403,0.908162,0.036628,0.054771,0.000018
ACAGGAGGCGCAGCCG-1,0.079186,0.35805,0.320426,0.12537,0.001379,0.115589
ACAGGCACGGATCCTT-1,0.176007,0.000046,0.147484,0.265401,0.263076,0.147986
ACAGGCTTGCCCGACT-1,0.077229,0.135378,0.521529,0.000043,0.191871,0.07395
ACAGGTGGAGGTGAGG-1,0.093247,0.050158,0.827196,0.027977,0.001347,0.000075
ACAGGTGTGTTGTTGC-1,0.20968,0.179738,0.235483,0.265018,0.000065,0.110016
ACAGTAATACAACTTG-1,0.086313,0.222657,0.641251,0.019185,0.014528,0.016066
ACAGTATACCGTGGGA-1,0.036294,0.08471,0.34131,0.245916,0.221009,0.07076
ACAGTGCAGCGCATTT-1,0.036846,0.073433,0.214533,0.402393,0.244152,0.028642
ACATAAGTCGTGGTGA-1,0.481749,0.341894,0.01768,0.000058,0.000058,0.15856
ACATAATAAGGCGGTG-1,0.162942,0.086246,0.65662,0.013413,0.059579,0.021199
ACATACAATCAAGCGG-1,0.11211,0.026633,0.011789,0.054469,0.145574,0.649426
ACATCAGCTGGGACGC-1,0.000017,0.024021,0.721632,0.245303,0.009011,0.000017
ACATCCCGGCCATACG-1,0.891041,0.003557,0.105169,0.000077,0.000077,0.000077
ACATCCTGGTAACTGT-1,0.020844,0.245239,0.311494,0.231185,0.010665,0.180573
ACATCGATCGTTTACC-1,0.030457,0.012905,0.843316,0.113064,0.00019,0.000068
ACATCGCAATATTCGG-1,0.087015,0.071344,0.352826,0.001607,0.384009,0.103198
ACATCGGTCAGCCGCG-1,0.007103,0.00532,0.924472,0.016588,0.046485,0.000032
ACATCGTATGCAATGG-1,0.017442,0.15176,0.785985,0.000049,0.035844,0.008919
ACATCGTTAACCTAGT-1,0.224756,0.297707,0.475625,0.000065,0.000065,0.001782
ACATCTCAACGCGTAA-1,0.114204,0.077282,0.762597,0.044596,0.00127,0.000052
ACATGCTTACGGCAGC-1,0.069844,0.00233,0.176011,0.163182,0.54922,0.039415
ACATGGCGCCAAAGTA-1,0.260745,0.215348,0.286113,0.080073,0.024577,0.133145
ACATGGCTCAATTTAG-1,0.121027,0.284072,0.4449,0.028437,0.04334,0.078225
ACATTAGTTTATATCC-1,0.885936,0.088058,0.025598,0.000136,0.000136,0.000136
ACATTCGCGCGGAATA-1,0.060487,0.004791,0.310861,0.434006,0.148129,0.041726
ACATTTGAAACCTAAC-1,0.000018,0.000018,0.051602,0.15799,0.787674,0.002699
ACCAAACACCCAGCGA-1,0.000019,0.022645,0.729354,0.075903,0.169083,0.002996
ACCAAACTAGAAATCC-1,0.042703,0.019082,0.890092,0.018962,0.020975,0.008184
ACCAACACCACACACT-1,0.072094,0.122303,0.332279,0.454121,0.000036,0.019167
ACCAACCGCACTCCAC-1,0.000021,0.007946,0.527521,0.203586,0.243654,0.017272
ACCAACGCTTATTTAT-1,0.803675,0.000107,0.14028,0.000107,0.055433,0.000398
ACCAAGAACGCGTGTC-1,0.542725,0.000149,0.218788,0.238039,0.000149,0.000149
ACCAAGTCATCGGCAG-1,0.000054,0.13361,0.105744,0.129302,0.278948,0.352341
ACCAATATGCAAGTTA-1,0.206388,0.020427,0.687932,0.032834,0.037886,0.014534
ACCACAACTCAGAACA-1,0.173334,0.337206,0.471637,0.0038,0.00006,0.013963
ACCACAAGTTTCTATC-1,0.880561,0.000099,0.000298,0.118843,0.000099,0.000099
ACCACACGGTTGATGG-1,0.01535,0.028274,0.216023,0.078882,0.192565,0.468906
ACCACCAATGTAACAA-1,0.137476,0.035085,0.590508,0.107185,0.072906,0.05684
ACCACCCTCTCTTCTA-1,0.13649,0.012286,0.075424,0.391645,0.226714,0.15744
ACCACGTGCAGCTATA-1,0.318196,0.232472,0.425989,0.000065,0.000065,0.023214
ACCACTGTTCAAGAAG-1,0.032128,0.429773,0.387704,0.000039,0.138957,0.0114
ACCAGACCATAACAAC-1,0.025552,0.098965,0.681912,0.015004,0.135376,0.043191
ACCAGCCCGGTCTTTG-1,0.291287,0.19555,0.445768,0.000064,0.002606,0.064724
ACCAGGAGTGTGATCT-1,0.82415,0.000052,0.163761,0.011931,0.000052,0.000052
ACCAGTGCCCGGTCAA-1,0.070148,0.100627,0.660933,0.025115,0.056466,0.086711
ACCAGTGCGGGAGACG-1,0.000058,0.269542,0.589092,0.000058,0.062651,0.078598
ACCATATCCGCAATAA-1,0.71568,0.26002,0.023913,0.000129,0.000129,0.000129
ACCATCCGCCAACTAG-1,0.027152,0.035043,0.850936,0.018216,0.055753,0.0129
ACCATCGTATATGGTA-1,0.567587,0.207047,0.223464,0.000093,0.000093,0.001716
ACCATTAAGGGTGTCA-1,0.339756,0.256257,0.176707,0.115498,0.000065,0.111718
ACCCAACGCCCGTGGC-1,0.183326,0.490928,0.246023,0.0227,0.002096,0.054928
ACCCACCTACATGCTC-1,0.053742,0.358062,0.480484,0.000041,0.081449,0.026222
ACCCATCTTGAGGGTA-1,0.000032,0.006839,0.884878,0.001287,0.106931,0.000032
ACCCATTTGTCCCTCT-1,0.000084,0.218085,0.341521,0.269413,0.092957,0.07794
ACCCGAGCGAAATTAC-1,0.324761,0.037166,0.44125,0.017482,0.146311,0.033031
ACCCGATTGGTTCCGA-1,0.362262,0.007467,0.385161,0.068073,0.140418,0.036618
ACCCGGAAACTCCCAG-1,0.520321,0.153556,0.291629,0.000103,0.000103,0.034288
ACCCGGAGCACCACAA-1,0.11774,0.017657,0.056405,0.624697,0.048667,0.134834
ACCCGGATGACGCATC-1,0.188697,0.67554,0.058393,0.000085,0.000085,0.0772
ACCCGGTTACACTTCC-1,0.650598,0.022965,0.325906,0.000415,0.000058,0.000058
ACCCGTAGCAGAGAAT-1,0.173366,0.075316,0.006235,0.215555,0.033235,0.496293
ACCCGTAGTCTAGTTG-1,0.008597,0.000463,0.02148,0.271924,0.245982,0.451553
ACCCGTGTCATCAGTA-1,0.969485,0.000058,0.030282,0.000058,0.000058,0.000058
ACCCTATAGGACTGAG-1,0.040667,0.485867,0.390438,0.043084,0.021234,0.01871
ACCCTATGCCATATCG-1,0.031765,0.020574,0.853439,0.050258,0.041149,0.002815
ACCCTCCCGTCAGGGC-1,0.065348,0.092217,0.053121,0.032123,0.085501,0.67169
ACCCTCCCTTGCTATT-1,0.13601,0.009575,0.665984,0.092167,0.070556,0.025709
ACCCTGGTAACGCCCT-1,0.15144,0.393634,0.23395,0.016856,0.000073,0.204047
ACCCTTCATCTGCGAA-1,0.003365,0.035103,0.931703,0.010446,0.019345,0.000038
ACCCTTGCCTGGGTCG-1,0.067251,0.039471,0.117793,0.058985,0.381009,0.335491
ACCCTTTAGTTCTCCA-1,0.001295,0.391073,0.583365,0.00006,0.021467,0.002739
ACCGAAAGGGCCCTGC-1,0.999677,0.000046,0.000138,0.000046,0.000046,0.000046
ACCGAAGAGTCTGGTT-1,0.044759,0.18466,0.417942,0.160431,0.114681,0.077528
ACCGACACATCTCCCA-1,0.17315,0.073757,0.566445,0.137657,0.02368,0.025312
ACCGACTGAGTCCCAC-1,0.223147,0.02173,0.668632,0.000051,0.076011,0.01043
ACCGAGTCTCCTTATT-1,0.051012,0.022252,0.263648,0.068366,0.466641,0.128081
ACCGATAGGCATAACC-1,0.000027,0.035944,0.154814,0.373783,0.378124,0.057308
ACCGATATTTAATCAT-1,0.013671,0.000023,0.215085,0.365943,0.330574,0.074704
ACCGATGGTAGCATCG-1,0.126149,0.432885,0.353165,0.00008,0.00008,0.087641
ACCGCAATAACTGCCT-1,0.213446,0.027949,0.590907,0.051985,0.086345,0.029368
ACCGCGGTGGAAGTCG-1,0.0579,0.192118,0.540574,0.000042,0.139996,0.069371
ACCGCTAGTCATTGGT-1,0.000015,0.001036,0.289239,0.263102,0.441884,0.004724
ACCGGGCCTTTGTTGA-1,0.321384,0.084737,0.392564,0.0029,0.089213,0.109202
ACCGGTCAGGTACACC-1,0.059807,0.598802,0.146739,0.000048,0.002625,0.19198
ACCGGTCTGAGTACGG-1,0.000057,0.63043,0.052641,0.000057,0.054488,0.262326
ACCGTCCACTGGGCCC-1,0.381616,0.052454,0.116974,0.24974,0.069312,0.129905
ACCGTGACCACGTGGG-1,0.226624,0.122442,0.608726,0.00005,0.000133,0.042025
ACCGTTCCCGCTCTGA-1,0.088624,0.035546,0.800764,0.044069,0.017501,0.013497
ACCTAAGTACCTTTCA-1,0.350303,0.106359,0.463714,0.047069,0.010782,0.021774
ACCTAATCGACTTCCT-1,0.350665,0.237948,0.244076,0.128488,0.00009,0.038734
ACCTACAGTATGTGGT-1,0.018657,0.099211,0.628126,0.093283,0.013041,0.147682
ACCTACTATAAATCTA-1,0.85932,0.000049,0.000147,0.092837,0.007049,0.040598
ACCTCAGCGAGGCGCA-1,0.075084,0.078734,0.035926,0.160891,0.013334,0.63603
ACCTCCGCCCTCGCTG-1,0.000038,0.126117,0.316933,0.000038,0.237448,0.319426
ACCTCCGTTATTCACC-1,0.084447,0.171588,0.319103,0.360107,0.031625,0.03313
ACCTCGAACTTATGCT-1,0.341986,0.188448,0.093886,0.007022,0.011411,0.357247
ACCTGCGTGTCATGTT-1,0.031825,0.246624,0.608022,0.000073,0.016797,0.096658
ACCTTTCCTTTAGAAG-1,0.000031,0.015037,0.781605,0.137808,0.065488,0.000031
ACGAAATGGGCGGCAC-1,0.002585,0.123454,0.691541,0.179444,0.002955,0.000021
ACGACCCATGAGTTGC-1,0.048435,0.000437,0.113911,0.081034,0.558925,0.197258
ACGACTCTAGGGCCGA-1,0.029537,0.00105,0.057652,0.464333,0.276629,0.170799
ACGACTGGTCATACTC-1,0.067474,0.068813,0.61798,0.035852,0.149779,0.060102
ACGAGAACCCATCACG-1,0.260171,0.192882,0.378229,0.167676,0.00004,0.001002
ACGAGATATTTGCTTA-1,0.026075,0.117232,0.776833,0.000052,0.010281,0.069528
ACGAGGATACCACTCT-1,0.032598,0.231589,0.57575,0.000043,0.101598,0.058422
ACGAGGTTTACAACGT-1,0.138647,0.13049,0.460024,0.131037,0.056128,0.083674
ACGAGTACGGATGCCC-1,0.053485,0.082114,0.783853,0.000031,0.024805,0.055712
ACGAGTCGCCGGCGTT-1,0.000022,0.052467,0.8568,0.000022,0.089579,0.001109
ACGATACATAGAACTA-1,0.279099,0.30686,0.400551,0.000064,0.000064,0.013364
ACGATACCTATCCTGA-1,0.0503,0.65606,0.240589,0.00006,0.000997,0.051994
ACGATCATACATAGAG-1,0.000033,0.000033,0.930711,0.030466,0.038725,0.000033
ACGATCATCTTGTAAA-1,0.093538,0.203538,0.585507,0.000057,0.019226,0.098135
ACGATGCATATGTTAT-1,0.852061,0.052505,0.095165,0.00009,0.00009,0.00009
ACGATGGATCCGATGC-1,0.293511,0.193471,0.484752,0.000057,0.000057,0.028153
ACGCAAACTAATAGAT-1,0.898051,0.074775,0.016233,0.01077,0.000085,0.000085
ACGCAATCACTACAGC-1,0.00003,0.014581,0.951487,0.00003,0.033842,0.00003
ACGCATAAATGACATG-1,0.000015,0.009654,0.485337,0.217258,0.285278,0.002458
ACGCATACGTTTACTA-1,0.204794,0.266539,0.235505,0.000059,0.004421,0.288681
ACGCATTCGTGAGTAC-1,0.146084,0.06516,0.784858,0.000081,0.000081,0.003735
ACGCCACTCGAAACAG-1,0.114568,0.007306,0.306566,0.025696,0.325956,0.219908
ACGCCAGATGATTTCT-1,0.000036,0.034397,0.86902,0.069116,0.027396,0.000036
ACGCCAGTGCGTTTGC-1,0.008988,0.000053,0.016245,0.41712,0.513668,0.043926
ACGCCCAGCTGTCGAT-1,0.007011,0.04452,0.903237,0.000044,0.04184,0.003347
ACGCCGCTAGACGACC-1,0.063495,0.078891,0.829476,0.002588,0.012937,0.012613
ACGCCTGACACGCGCT-1,0.143881,0.496016,0.169196,0.000067,0.000067,0.190773
ACGCGAAGTCAGACGA-1,0.725684,0.106604,0.102798,0.059175,0.000097,0.005642
ACGCGCTACACAGGGT-1,0.057622,0.006689,0.749702,0.154545,0.030153,0.001289
ACGCGGGCCAAGGACA-1,0.165656,0.000038,0.786621,0.035835,0.011812,0.000038
ACGCGTTTCTTAAGAG-1,0.000022,0.059812,0.848837,0.084539,0.006767,0.000022
ACGCTACTGAATGGGC-1,0.000066,0.000066,0.001605,0.48135,0.34956,0.167353
ACGCTAGTATCAGTGC-1,0.056381,0.179637,0.116232,0.034407,0.095766,0.517577
ACGCTAGTGATACACT-1,0.264398,0.162148,0.500786,0.0327,0.000052,0.039917
ACGCTGTGAGGCGTAG-1,0.189238,0.092076,0.565481,0.124263,0.023439,0.005503
ACGCTTAGTGTCTCTC-1,0.512647,0.130701,0.135077,0.2123,0.000092,0.009182
ACGGAACACGAGTGCC-1,0.000028,0.024775,0.045499,0.123,0.709677,0.097022
ACGGAATTTAGCAAAT-1,0.029187,0.15557,0.735263,0.000036,0.054707,0.025238
ACGGACGCAGCGACAA-1,0.18703,0.000067,0.000201,0.733168,0.000067,0.079466
ACGGACTCTCAAAGCG-1,0.050659,0.023365,0.801555,0.012817,0.11089,0.000715
ACGGAGCGCAAATTAC-1,0.016712,0.110195,0.814998,0.021269,0.032153,0.004673
ACGGATGGTGCGGATA-1,0.007307,0.067336,0.839593,0.079853,0.0022,0.003711
ACGGCACTTGCTTGGG-1,0.99934,0.000094,0.000283,0.000094,0.000094,0.000094
ACGGCCAACATGGACT-1,0.943904,0.000075,0.000225,0.055646,0.000075,0.000075
ACGGCGACGATGGGAA-1,0.133027,0.02305,0.776818,0.010407,0.031845,0.024853
ACGGCGGGTTGCCCTG-1,0.104964,0.410686,0.466342,0.000051,0.000051,0.017907
ACGGCTGGATGTAGAA-1,0.040865,0.196824,0.388749,0.001705,0.204123,0.167734
ACGGGAGTGTCGGCCC-1,0.002197,0.36464,0.587553,0.000034,0.029709,0.015867
ACGGGCGTATGCGACA-1,0.080993,0.161082,0.334868,0.248691,0.009737,0.164629
ACGGGTCATGTGACTT-1,0.247844,0.134305,0.502337,0.098341,0.015064,0.002109
ACGGGTTGTGACCTGT-1,0.050325,0.007006,0.014797,0.035638,0.186737,0.705497
ACGGTACAGTTCAATG-1,0.011338,0.000069,0.006854,0.480698,0.274415,0.226627
ACGGTCACCGAGAACA-1,0.263863,0.056583,0.135343,0.062664,0.275052,0.206495
ACGTACAGATTTCTCT-1,0.173139,0.069481,0.661748,0.080754,0.011856,0.003022
ACGTACTTTGGCACGG-1,0.009682,0.014888,0.537008,0.096285,0.327228,0.014909
ACGTAGATTGCTGATG-1,0.000259,0.013178,0.965261,0.000037,0.021227,0.000037
ACGTAGGAGAGTCGCT-1,0.262193,0.002781,0.392106,0.007603,0.103244,0.232074
ACGTATTACTCCGATC-1,0.117634,0.579296,0.19654,0.000106,0.000106,0.106318
ACGTCCTAAACGAGAT-1,0.093492,0.025213,0.762811,0.103386,0.01499,0.000108
ACGTCGGGCAACTCGG-1,0.058324,0.251307,0.166461,0.105265,0.121122,0.297521
ACGTCTCGTTCCGGGA-1,0.230684,0.433157,0.175297,0.00953,0.003854,0.147479
ACGTGACAAAGTAAGT-1,0.081387,0.103627,0.444633,0.221583,0.115958,0.032812
ACGTGCGCCTCGTGCA-1,0.203331,0.039965,0.641355,0.115239,0.000055,0.000055
ACGTGGTCGAATGTGC-1,0.163115,0.000292,0.685466,0.097998,0.045861,0.007268
ACGTTAATGTCGAAGA-1,0.295424,0.053789,0.577373,0.057569,0.000313,0.015532
ACGTTAGATTTGCCCG-1,0.28488,0.004058,0.644708,0.026224,0.026255,0.013875
ACGTTATTGGTCACTC-1,0.562611,0.000116,0.000348,0.436693,0.000116,0.000116
ACGTTCACTATGCCGC-1,0.332271,0.000028,0.005683,0.661869,0.00012,0.000028
ACGTTCCGCGCTCCGT-1,0.999413,0.000084,0.000252,0.000084,0.000084,0.000084
ACGTTCGCAATCAATT-1,0.052372,0.148669,0.62931,0.124173,0.019993,0.025483
ACGTTCGTTCAGGAAA-1,0.973735,0.000089,0.025909,0.000089,0.000089,0.000089
ACGTTCTGTACAAGTC-1,0.150949,0.28602,0.087096,0.080482,0.000085,0.395368
ACGTTGTCGTTGAAAG-1,0.278185,0.000033,0.202538,0.166658,0.260985,0.0916
ACGTTTAGTTGTGATC-1,0.073451,0.235854,0.690518,0.000059,0.000059,0.000059
ACGTTTCGGTGCACTT-1,0.000043,0.005732,0.009114,0.702141,0.102822,0.180149
ACTAAGGACGCACACC-1,0.173299,0.025245,0.080246,0.364361,0.198143,0.158706
ACTAATACGTCAGGCG-1,0.018907,0.301778,0.559006,0.092874,0.010646,0.016789
ACTACAAAGAGAGGTG-1,0.053551,0.000071,0.000212,0.946025,0.000071,0.000071
ACTACATCCCGACAAG-1,0.037191,0.641588,0.086459,0.000049,0.001291,0.233422
ACTACCAGCTCTCTGG-1,0.62746,0.03145,0.291015,0.049888,0.000094,0.000094
ACTACCATCCGAGGGC-1,0.012242,0.00002,0.251703,0.21418,0.514216,0.007639
ACTACGCGTTAGAATT-1,0.99944,0.00008,0.00024,0.00008,0.00008,0.00008
ACTAGTTGCGATCGTC-1,0.000028,0.040695,0.61628,0.00119,0.267586,0.074221
ACTATATGCTGTGTTC-1,0.241427,0.223832,0.383796,0.000071,0.042405,0.108469
ACTATCCAGGGCATGG-1,0.06006,0.528716,0.26891,0.000067,0.000067,0.14218
ACTATCGCCGGCTAAA-1,0.200689,0.536735,0.008015,0.000064,0.000064,0.254432
ACTATCTGCCCGCGTA-1,0.000739,0.24832,0.229996,0.007732,0.218544,0.294668
ACTATGTCCAGCTGCC-1,0.068063,0.041207,0.588915,0.102742,0.159957,0.039117
ACTATTCGTCCGTGGT-1,0.084667,0.044845,0.737633,0.130687,0.00212,0.000047
ACTATTTCCGGGCCCA-1,0.214737,0.002819,0.696011,0.067218,0.019179,0.000036
ACTCAACGAATGTATT-1,0.093127,0.540804,0.354672,0.000059,0.000059,0.01128
ACTCAAGTGCAAGGCT-1,0.099134,0.045943,0.627611,0.024372,0.075674,0.127266
ACTCAATAAAGGCACG-1,0.000028,0.038471,0.859446,0.057231,0.044796,0.000028
ACTCAGACCTGCTTCT-1,0.750792,0.055142,0.069911,0.000109,0.000109,0.123936
ACTCATGGCAGCCTTC-1,0.000017,0.032434,0.521194,0.000017,0.42856,0.017779
