Barcode,Topic 1,Topic 2,Topic 3,Topic 4to5,Topic 6to8,Topic 9,Topic 10
AAACAAGTATCTCCCA-1,0.517939,0.253708,0.12108,0.060778,0.024858,0.000287,0.021352
AAACAATCTACTAGCA-1,0.496351,0.271272,0.000062,0.022217,0.136892,0.073144,0.000062
AAACACCAATAACTGC-1,0.000807,0.121904,0.029013,0.505436,0.24249,0.092842,0.007508
AAACAGAGCGACTCCT-1,0.000013,0.215797,0.004751,0.565905,0.141272,0.059883,0.012379
AAACAGCTTTCAGAAG-1,0.017543,0.829666,0.009491,0.046913,0.047222,0.040675,0.00849
AAACAGGGTCTATATT-1,0.00001,0.110775,0.061907,0.750391,0.057414,0.017647,0.001857
AAACAGTGTTCCTGGG-1,0.037775,0.048705,0.024091,0.057097,0.264099,0.528959,0.039275
AAACATTTCCCGGATT-1,0.777734,0.121495,0.002542,0.001387,0.000059,0.028742,0.068041
AAACCACTACACAGAT-1,0.197816,0.494994,0.071152,0.188001,0.025485,0.022519,0.000033
AAACCCGAACGAAATC-1,0.24243,0.0266,0.181128,0.100679,0.049456,0.04187,0.357837
AAACCGGAAATGTTAA-1,0.583597,0.058042,0.043099,0.078603,0.191402,0.026157,0.0191
AAACCGGGTAGGTACC-1,0.050561,0.224919,0.007716,0.186257,0.1278,0.371438,0.03131
AAACCGTTCGTCCAGG-1,0.03251,0.022725,0.01675,0.045856,0.23086,0.530746,0.120553
AAACCTAAGCAGCCGG-1,0.17625,0.167602,0.082887,0.090998,0.090616,0.036176,0.355471
AAACCTCATGAAGTTG-1,0.000027,0.127148,0.030808,0.760224,0.051661,0.029719,0.000412
AAACGAAGAACATACC-1,0.117658,0.882145,0.000025,0.000049,0.000074,0.000025,0.000025
AAACGACAGTCTTGCC-1,0.342827,0.46286,0.146877,0.047187,0.000149,0.00005,0.00005
AAACGAGACGGTTGAT-1,0.036441,0.187263,0.004093,0.015032,0.178467,0.510787,0.067918
AAACGCCCGAGATCGG-1,0.163031,0.749509,0.059694,0.000103,0.015249,0.012363,0.000051
AAACGCTGGGCACGAC-1,0.856264,0.003867,0.001409,0.000056,0.000084,0.037414,0.100905
AAACGGGCGTACGGGT-1,0.504169,0.177086,0.003919,0.010283,0.004517,0.076765,0.223263
AAACGGTTGCGAACTG-1,0.001849,0.063617,0.034668,0.074904,0.561837,0.115228,0.147897
AAACGTGTTCGCCCTA-1,0.000015,0.273861,0.002143,0.314498,0.089071,0.262123,0.058289
AAACTAACGTGGCGAC-1,0.073375,0.84238,0.0292,0.041009,0.013047,0.000016,0.000973
AAACTCGGTTCGCAAT-1,0.000009,0.028303,0.382583,0.122893,0.247808,0.134369,0.084034
AAACTCGTGATATAAG-1,0.051065,0.125869,0.020206,0.120384,0.335271,0.265547,0.081658
AAACTGCTGGCTCCAA-1,0.192761,0.011148,0.070309,0.05901,0.37802,0.147144,0.141607
AAACTTAATTGCACGC-1,0.000014,0.181704,0.010586,0.579572,0.154948,0.072963,0.000212
AAACTTGCAAACGTAT-1,0.000223,0.120656,0.008413,0.51893,0.210357,0.106722,0.034699
AAAGAATGTGGACTAA-1,0.41782,0.002002,0.52278,0.023033,0.027664,0.003437,0.003264
AAAGACATGAAGTTTA-1,0.184065,0.815404,0.000066,0.000133,0.000199,0.000066,0.000066
AAAGACCCAAGTCGCG-1,0.342398,0.657218,0.000048,0.000096,0.000144,0.000048,0.000048
AAAGACTGGGCGCTTT-1,0.104371,0.895048,0.000054,0.000107,0.000161,0.000205,0.000054
AAAGCTTGCCTACATA-1,0.009379,0.126592,0.008245,0.095049,0.363324,0.33988,0.057531
AAAGGCCCTATAATAC-1,0.005084,0.005923,0.009526,0.60608,0.349962,0.01927,0.004156
AAAGGCTACGGACCAT-1,0.000006,0.005468,0.027895,0.104575,0.698329,0.094198,0.069529
AAAGGCTCTCGCGCCG-1,0.025385,0.041635,0.029002,0.023637,0.393276,0.252553,0.234511
AAAGGGATGTAGCAAG-1,0.007811,0.191825,0.001913,0.28211,0.260043,0.224669,0.031628
AAAGGGCAGCTTGAAT-1,0.00004,0.848894,0.00004,0.028204,0.078801,0.043979,0.00004
AAAGGTAAGCTGTACC-1,0.000016,0.262609,0.016076,0.582244,0.112752,0.02146,0.004844
AAAGTAGCATTGCTCA-1,0.000013,0.013397,0.010279,0.28757,0.435519,0.248142,0.00508
AAAGTCACTGATGTAA-1,0.00878,0.990677,0.000068,0.000136,0.000204,0.000068,0.000068
AAAGTCGACCCTCAGT-1,0.000041,0.856637,0.000041,0.036241,0.002808,0.077289,0.026943
AAAGTGCCATCAATTA-1,0.922775,0.000016,0.059797,0.000032,0.002134,0.000016,0.01523
AAAGTGTGATTTATCT-1,0.0378,0.175719,0.068429,0.08816,0.155829,0.105876,0.368187
AAAGTTGACTCCCGTA-1,0.024855,0.015179,0.113716,0.190321,0.219365,0.070224,0.36634
AAATAACCATACGGGA-1,0.000012,0.0909,0.01903,0.623208,0.15684,0.094948,0.015062
AAATAAGGTAGTGCCC-1,0.000007,0.000007,0.028127,0.063758,0.838411,0.029809,0.03988
AAATACCTATAAGCAT-1,0.00778,0.088754,0.048466,0.07239,0.532963,0.120455,0.129192
AAATAGCTTAGACTTT-1,0.086105,0.135762,0.063006,0.081873,0.306456,0.096873,0.229925
AAATAGGGTGCTATTG-1,0.196639,0.109022,0.164452,0.113057,0.066307,0.123124,0.227399
AAATCACTCCTAAACG-1,0.456893,0.510516,0.032467,0.000035,0.000053,0.000018,0.000018
AAATCCGATACACGCC-1,0.274059,0.434368,0.190877,0.015482,0.00543,0.028788,0.050995
AAATCGCGGAAGGAGT-1,0.147465,0.852376,0.00002,0.00004,0.00006,0.00002,0.00002
AAATCGTGTACCACAA-1,0.000004,0.006063,0.022349,0.069961,0.827556,0.061607,0.01246
AAATCTAGCCCTGCTA-1,0.733584,0.000026,0.015726,0.00403,0.035869,0.013859,0.196905
AAATGACTGATCAAAC-1,0.054004,0.052178,0.160913,0.088954,0.534135,0.06491,0.044907
AAATGATTCGATCAGC-1,0.00529,0.238742,0.002374,0.103797,0.167676,0.436046,0.046076
AAATGCTCGTTACGTT-1,0.464212,0.535052,0.000092,0.000184,0.000276,0.000092,0.000092
AAATGGCATGTCTTGT-1,0.000013,0.177745,0.046298,0.699795,0.058824,0.011216,0.006109
AAATGGCCCGTGCCCT-1,0.000011,0.05078,0.004158,0.661141,0.18859,0.088876,0.006445
AAATGGTCAATGTGCC-1,0.000034,0.126519,0.000034,0.049022,0.088097,0.673362,0.062933
AAATGTGGGTGCTCCT-1,0.400299,0.521273,0.00007,0.000139,0.000209,0.07794,0.00007
AAATTAACGGGTAGCT-1,0.005519,0.044074,0.009145,0.022366,0.34104,0.527611,0.050245
AAATTACACGACTCTG-1,0.002798,0.251472,0.013087,0.376748,0.079051,0.251402,0.025443
AAATTACCTATCGATG-1,0.000592,0.015721,0.018205,0.226505,0.468749,0.208763,0.061464
AAATTCCAGGTCCAAA-1,0.042576,0.167701,0.168704,0.040275,0.351612,0.143276,0.085856
AAATTGATAGTCCTTT-1,0.000593,0.083165,0.063057,0.303195,0.521367,0.025779,0.002845
AAATTGGTGAGAAGCA-1,0.046884,0.098524,0.021933,0.444849,0.233204,0.083788,0.070818
AAATTTACCGAAATCC-1,0.00811,0.671662,0.085117,0.117081,0.072245,0.031304,0.01448
AAATTTGCGGGTGTGG-1,0.000014,0.050821,0.000089,0.194033,0.347844,0.395915,0.011285
AACAACTGGTAGTTGC-1,0.030904,0.152003,0.000948,0.34883,0.170728,0.24896,0.047628
AACAATACATTGTCGA-1,0.020436,0.04748,0.039168,0.10751,0.570777,0.187388,0.027242
AACAATTACTCTACGC-1,0.000019,0.203942,0.005782,0.721917,0.050921,0.017192,0.000226
AACACACGCTCGCCGC-1,0.285476,0.276121,0.126659,0.037018,0.034804,0.145502,0.09442
AACACGACTGTACTGA-1,0.023282,0.959575,0.000042,0.000084,0.000126,0.008982,0.007909
AACACGAGACGCGGCC-1,0.000011,0.249482,0.023295,0.430972,0.19092,0.092214,0.013107
AACAGCTGTGTGGCAA-1,0.004275,0.198394,0.027062,0.093721,0.469199,0.203627,0.003723
AACAGGAAATCGAATA-1,0.000014,0.044639,0.015808,0.644465,0.117523,0.153637,0.023914
AACAGGATGGGCCGCG-1,0.000011,0.081376,0.008508,0.726858,0.157041,0.024469,0.001736
AACAGGTAGTATGGAT-1,0.656143,0.190767,0.042849,0.033994,0.012677,0.012747,0.050824
AACATAGCGTGTATCG-1,0.034543,0.074247,0.153006,0.129821,0.473696,0.035692,0.098995
AACATATCAACTGGTG-1,0.00001,0.024406,0.053206,0.049484,0.516559,0.319657,0.036678
AACATCGATACGTCTA-1,0.005407,0.084832,0.061354,0.527826,0.242177,0.067327,0.011078
AACATTGAAGTTGATC-1,0.00036,0.055023,0.007958,0.463072,0.393265,0.068944,0.011379
AACATTGTGACTCGAG-1,0.011546,0.180616,0.060635,0.038468,0.631542,0.034278,0.042915
AACCAAGACTTCTCTG-1,0.000015,0.094566,0.023298,0.663931,0.182101,0.032474,0.003615
AACCAGTATCACTCTT-1,0.020445,0.931119,0.037684,0.00888,0.001813,0.00003,0.00003
AACCATAGGGTTGAAC-1,0.000017,0.558199,0.018165,0.25453,0.154619,0.01306,0.001409
AACCATGGGATCGCTA-1,0.131286,0.867868,0.000106,0.000211,0.000317,0.000106,0.000106
AACCCAGAGACGGAGA-1,0.000097,0.992078,0.000097,0.000195,0.000292,0.007143,0.000097
AACCCATCCCATGATC-1,0.000008,0.16504,0.025602,0.705966,0.073378,0.022065,0.00794
AACCCGACAACCCGTG-1,0.033988,0.020398,0.052607,0.103469,0.577572,0.118339,0.093627
AACCCGAGCAGAATCG-1,0.19045,0.00001,0.809471,0.00002,0.00003,0.00001,0.00001
AACCCGATAGGGCTTC-1,0.201534,0.616255,0.114698,0.060792,0.006643,0.000039,0.000039
AACCCGCTGTATTCCA-1,0.155081,0.132117,0.009712,0.06119,0.465682,0.078857,0.097362
AACCCTACTGTCAATA-1,0.005008,0.047332,0.116268,0.195462,0.357566,0.074637,0.203726
AACCCTGGTGGAACCA-1,0.095043,0.811593,0.001383,0.063647,0.004584,0.018137,0.005613
AACCGAGCTTGGTCAT-1,0.000025,0.255685,0.198851,0.010745,0.062074,0.472534,0.000086
AACCGCTAAGGGATGC-1,0.168088,0.001322,0.334559,0.244974,0.07331,0.011865,0.165882
AACCGTTGTGTTTGCT-1,0.000035,0.453483,0.000035,0.421764,0.043906,0.077778,0.002998
AACCTAAAGCCGTCCG-1,0.164715,0.834876,0.000051,0.000102,0.000153,0.000051,0.000051
AACCTCGCTTTAGCCC-1,0.143589,0.008347,0.096718,0.222078,0.087317,0.036022,0.405928
AACCTGTCACGGAATT-1,0.011185,0.089336,0.180824,0.086651,0.441172,0.047161,0.143671
AACCTTTAAATACGGT-1,0.045834,0.22417,0.299121,0.057031,0.144372,0.069399,0.160073
AACCTTTACGACGTCT-1,0.00002,0.180321,0.003359,0.429545,0.143229,0.182068,0.061459
AACGAAAGTCGTCCCA-1,0.00638,0.647603,0.016896,0.09386,0.171435,0.063061,0.000765
AACGACCTCCTAGCCG-1,0.25027,0.010654,0.320488,0.056065,0.04755,0.002734,0.312239
AACGATAATGCCGTAG-1,0.070162,0.193124,0.553219,0.03245,0.128358,0.02123,0.001457
AACGATAGAAGGGCCG-1,0.000023,0.317444,0.005651,0.6076,0.046079,0.012829,0.010375
AACGATATGTCAACTG-1,0.01586,0.145316,0.012573,0.118964,0.166967,0.492932,0.047387
AACGCATGATCTGGGT-1,0.011388,0.212179,0.045952,0.362154,0.168939,0.082926,0.116462
AACGCGACCTTGGGCG-1,0.076755,0.004762,0.036009,0.049067,0.645588,0.064709,0.12311
AACGCGGTCTCCAGCC-1,0.000012,0.03075,0.012549,0.328847,0.433731,0.186116,0.007995
AACGCTGTTGCTGAAA-1,0.695506,0.204752,0.014046,0.000047,0.00007,0.005337,0.080242
AACGGACGTACGTATA-1,0.55024,0.036937,0.000065,0.005548,0.011337,0.104918,0.290954
AACGGCCATCTCCGGT-1,0.000009,0.002903,0.011092,0.123449,0.820623,0.041177,0.000747
AACGTACTGTGGGTAC-1,0.036166,0.05102,0.018718,0.041626,0.349191,0.411896,0.091383
AACGTAGTCTACCCAT-1,0.531902,0.162547,0.040904,0.01461,0.06184,0.188071,0.000126
AACGTCAGACTAGTGG-1,0.000021,0.170778,0.00406,0.571929,0.142908,0.061481,0.048823
AACGTCATCCGGCTTG-1,0.012108,0.100526,0.193552,0.074371,0.577998,0.036937,0.004508
AACGTCGCTGCACTTC-1,0.174026,0.016809,0.602369,0.040363,0.041523,0.017231,0.107679
AACGTGATGAAGGACA-1,0.000016,0.435928,0.006422,0.484192,0.022789,0.035947,0.014706
AACGTGCGAAAGTCTC-1,0.000011,0.000726,0.038597,0.095661,0.798733,0.052896,0.013377
AACGTTCTACCATTGT-1,0.119806,0.096503,0.420532,0.062515,0.20959,0.070523,0.02053
AACTACCCGTTTGTCA-1,0.198134,0.026684,0.295308,0.281536,0.094461,0.010222,0.093656
AACTAGCGTATCGCAC-1,0.461443,0.516127,0.00011,0.000221,0.000331,0.021657,0.00011
AACTAGGCTTGGGTGT-1,0.004396,0.052025,0.072333,0.115969,0.437191,0.08178,0.236305
AACTCAAGTTAATTGC-1,0.000021,0.010442,0.020989,0.055148,0.139761,0.717127,0.056514
AACTCCAGAGCGTGTT-1,0.335824,0.000049,0.274206,0.055186,0.129204,0.004573,0.200957
AACTCCTAATCCCATG-1,0.000011,0.043143,0.003348,0.89023,0.056814,0.003492,0.002962
AACTCTCAATAGAGCG-1,0.000017,0.063101,0.044598,0.020064,0.39554,0.402514,0.074166
AACTCTCAGTGTGCTC-1,0.002479,0.024172,0.037033,0.049106,0.365196,0.454118,0.067896
AACTGAGGTCAGCGTC-1,0.000023,0.296327,0.001835,0.463536,0.131022,0.078872,0.028385
AACTGATATTAGGCCT-1,0.002691,0.299578,0.001672,0.313823,0.07906,0.275766,0.02741
AACTGGGTCCCGACGT-1,0.000169,0.245755,0.036303,0.506233,0.165851,0.039727,0.005962
AACTGGGTTCGAGCCG-1,0.096414,0.68698,0.000067,0.121439,0.032391,0.052536,0.010174
AACTGGTGTGGGCCTT-1,0.25652,0.742277,0.000106,0.000213,0.000319,0.000459,0.000106
AACTTGCCCGTATGCA-1,0.000026,0.293167,0.000026,0.511524,0.06809,0.099135,0.028031
AACTTTAGCTGCTGAG-1,0.418394,0.58089,0.00009,0.000179,0.000269,0.00009,0.00009
AACTTTCTCGATCATG-1,0.017685,0.079059,0.068917,0.280709,0.352004,0.166822,0.034803
AAGAAATCACCAGATT-1,0.00434,0.065352,0.028487,0.303665,0.209027,0.269314,0.119815
AAGACATACGTGGTTT-1,0.844955,0.000209,0.000022,0.000044,0.000066,0.017945,0.136759
AAGACCAAATAACTCA-1,0.124953,0.567019,0.028966,0.109211,0.162052,0.007782,0.000017
AAGACCCAACTGAACA-1,0.00513,0.010727,0.096761,0.083876,0.615257,0.086627,0.101622
AAGACTCACGCCCACT-1,0.180439,0.819189,0.000047,0.000093,0.00014,0.000047,0.000047
AAGACTGCAAGCTACT-1,0.00001,0.00001,0.019129,0.051942,0.858566,0.045748,0.024595
AAGAGATGAATCGGTA-1,0.00002,0.340439,0.000869,0.596544,0.040203,0.021906,0.00002
AAGAGCTCTTTATCGG-1,0.000018,0.043079,0.00636,0.055021,0.749399,0.108881,0.037242
AAGAGGATGTACGCGA-1,0.009939,0.1443,0.009845,0.181944,0.354153,0.280425,0.019394
AAGAGGCATGGATCGC-1,0.000655,0.010061,0.012686,0.06082,0.588272,0.160678,0.166828
AAGAGGCCCTTTGGAA-1,0.951412,0.02647,0.01107,0.000046,0.00007,0.000023,0.01091
AAGATGGCACCGGACC-1,0.086818,0.052627,0.009436,0.105646,0.584964,0.153763,0.006745
AAGATTGGCGGAACGT-1,0.005099,0.085403,0.030555,0.121437,0.369633,0.351202,0.036671
AAGCACCCTGCGTATC-1,0.000011,0.004763,0.303127,0.243693,0.20763,0.025382,0.215393
AAGCATACTCTCCTGA-1,0.008599,0.0441,0.816005,0.079574,0.047937,0.003758,0.000027
AAGCCACTTGCAGGTA-1,0.000006,0.163707,0.01281,0.32113,0.479551,0.017928,0.004869
AAGCCGAAGCGGTTTA-1,0.283321,0.157998,0.099049,0.102038,0.198479,0.066328,0.092787
AAGCCGCCGTGAAATC-1,0.000867,0.090398,0.013687,0.303665,0.460497,0.123774,0.007111
AAGCCGCTTTACCTTG-1,0.003054,0.141403,0.010303,0.286116,0.154877,0.296658,0.107589
AAGCCGGAGAGCAGGA-1,0.937207,0.059139,0.000034,0.000067,0.000101,0.000034,0.003418
AAGCGCAGGGCTTTGA-1,0.000008,0.014403,0.363191,0.280503,0.197537,0.023884,0.120476
AAGCGGAGTGCGCGCA-1,0.002328,0.152939,0.009275,0.712253,0.094407,0.023816,0.004983
AAGCGGCGTCATGGGT-1,0.071696,0.580748,0.005403,0.24335,0.03514,0.03134,0.032324
AAGCGTCCCTCATCGA-1,0.000011,0.050166,0.019845,0.214933,0.567574,0.124541,0.022931
AAGCTAGATCGAGTAA-1,0.021122,0.162837,0.052411,0.065771,0.141354,0.133262,0.423244
AAGCTCGTGCCAAGTC-1,0.007267,0.080546,0.049597,0.041836,0.783351,0.02469,0.012713
AAGCTCTTTCATGGTG-1,0.127878,0.481329,0.03393,0.018405,0.003948,0.056684,0.277826
AAGGAGAACTTATAAG-1,0.327694,0.672037,0.000034,0.000067,0.000101,0.000034,0.000034
AAGGAGCGGTTGGTGC-1,0.00003,0.129381,0.00003,0.267577,0.235805,0.363299,0.003876
AAGGATCGATCGCTTG-1,0.000091,0.034376,0.033598,0.091994,0.165561,0.238263,0.436118
AAGGATGAGGGACCTC-1,0.086916,0.410375,0.009176,0.018248,0.174982,0.257784,0.042519
AAGGCAGGCTGTCTCC-1,0.029483,0.040239,0.241317,0.221822,0.2691,0.109437,0.088601
AAGGCGCGTAAAGCTT-1,0.00002,0.086604,0.00002,0.5231,0.11912,0.25965,0.011486
AAGGCTGTGCTCATCG-1,0.002772,0.048002,0.002437,0.121036,0.422419,0.403308,0.000026
AAGGGAACGACTGGCT-1,0.00001,0.087711,0.009907,0.393172,0.308245,0.190973,0.009982
AAGGGACAGATTCTGT-1,0.049445,0.077911,0.018752,0.112695,0.470404,0.205763,0.065029
AAGGGACTATGCATTC-1,0.000286,0.165431,0.000014,0.161967,0.272227,0.364702,0.035372
AAGGGTTAGCCATGCG-1,0.04416,0.094792,0.24391,0.10897,0.398187,0.089043,0.020939
AAGGTATCCTAATATA-1,0.014674,0.107409,0.097239,0.144359,0.332884,0.279441,0.023993
AAGGTGATAAACCAGC-1,0.034435,0.220174,0.15933,0.098833,0.157392,0.062278,0.267557
AAGTAGAAGACCGGGT-1,0.010742,0.15509,0.006251,0.531516,0.068733,0.150835,0.076833
AAGTAGTGACGCGAGG-1,0.000012,0.028888,0.00389,0.553216,0.305741,0.09714,0.011113
AAGTCAATTGTCGTCA-1,0.130891,0.207305,0.087436,0.059768,0.161069,0.089516,0.264016
AAGTCTAGTAGCTGCC-1,0.069714,0.181631,0.011439,0.120404,0.238028,0.332154,0.04663
AAGTGACGACCGAATT-1,0.000013,0.021685,0.02494,0.403302,0.518638,0.031409,0.000013
AAGTGAGTCGGGTTTA-1,0.169068,0.196102,0.003101,0.020307,0.429896,0.168992,0.012534
AAGTGCCTTGACTGTA-1,0.006003,0.051166,0.130289,0.210077,0.290208,0.031469,0.280789
AAGTGCGTTAGAATCT-1,0.000018,0.127836,0.000018,0.144877,0.117377,0.572007,0.037868
AAGTGCTTCTCTATTG-1,0.013038,0.166839,0.035008,0.198223,0.256475,0.241093,0.089324
AAGTGTTTGGAGACGG-1,0.004914,0.25155,0.000028,0.025305,0.00607,0.268134,0.443999
AAGTTCACTCCAAGCT-1,0.190299,0.243376,0.114328,0.117138,0.101808,0.057874,0.175178
AAGTTCAGTCTGCGTA-1,0.000026,0.258435,0.000026,0.170773,0.03713,0.464388,0.069222
AAGTTCGGCCAACAGG-1,0.003841,0.05433,0.023871,0.115369,0.414412,0.373559,0.014617
AAGTTGTGATGTTATA-1,0.655245,0.133558,0.030484,0.001318,0.001322,0.028105,0.149968
AAGTTTACTAATGGCA-1,0.129706,0.869877,0.000052,0.000104,0.000157,0.000052,0.000052
AAGTTTATGGGCCCAA-1,0.142583,0.142973,0.105568,0.106944,0.119057,0.093327,0.289549
AATAACAACGCTCGGC-1,0.002555,0.20328,0.010204,0.216263,0.250149,0.262388,0.055161
AATAACACTAGAACAA-1,0.002867,0.033712,0.090417,0.096142,0.678144,0.091006,0.007713
AATAACGTCGCGCCCA-1,0.062894,0.074698,0.310312,0.084213,0.22183,0.096645,0.149409
AATAAGTCCTCGAGAC-1,0.040601,0.760144,0.024197,0.121154,0.026326,0.010619,0.01696
AATAATCTTCGTATCG-1,0.996992,0.000013,0.000013,0.000027,0.00004,0.000013,0.002901
AATACAATGTTTCAGG-1,0.333109,0.666458,0.000054,0.000108,0.000162,0.000054,0.000054
AATACCGGAGGGCTGT-1,0.00617,0.104303,0.01207,0.051063,0.301271,0.451787,0.073337
AATACCTGATGTGAAC-1,0.362473,0.151867,0.231219,0.018224,0.042577,0.106898,0.086743
AATAGAACAGAGTGGC-1,0.000008,0.000873,0.060951,0.084614,0.841632,0.006883,0.005039
AATAGAATCTGTTTCA-1,0.047926,0.510382,0.085648,0.023546,0.082741,0.040297,0.20946
AATAGCAAGCCTCCTG-1,0.041312,0.780802,0.046137,0.097599,0.020042,0.003404,0.010705
AATAGCTACCGCGTGC-1,0.000015,0.072308,0.046928,0.319008,0.440399,0.108601,0.012741
AATAGGCACGACCCTT-1,0.035848,0.098573,0.015047,0.205261,0.575573,0.065424,0.004274
AATAGTCCGTCCCGAC-1,0.007556,0.009511,0.05012,0.093062,0.71122,0.067231,0.061299
AATATCAAGGTCGGAT-1,0.165379,0.744359,0.05331,0.000123,0.036706,0.000061,0.000061
AATATCGAATCAATGC-1,0.970952,0.000009,0.00449,0.013663,0.001222,0.000009,0.009653
AATATCGAGGGTTCTC-1,0.108702,0.067066,0.038192,0.100206,0.283232,0.215649,0.186954
AATATTGGAGTATTGA-1,0.000017,0.000017,0.007243,0.885946,0.106742,0.000017,0.000017
AATCAGGTTTCATTTA-1,0.001256,0.129681,0.015087,0.108574,0.338973,0.333139,0.073289
AATCATGTAAAGACTC-1,0.51529,0.153239,0.052753,0.020846,0.050114,0.012767,0.19499
AATCCAAGGGCCTGAG-1,0.000073,0.849416,0.000073,0.000145,0.000218,0.128408,0.021668
AATCCCGCTCAGAGCC-1,0.032282,0.040661,0.150113,0.06333,0.599086,0.096856,0.017673
AATCGAGGTCTCAAGG-1,0.062293,0.178456,0.148816,0.057599,0.482962,0.016749,0.053125
AATCGCCTCAGCGCCA-1,0.092673,0.057663,0.018311,0.025318,0.162959,0.298461,0.344616
AATCGCGCAGAGGACT-1,0.120988,0.213104,0.331957,0.101717,0.088036,0.033563,0.110636
AATCGGGACACTACGA-1,0.057305,0.905865,0.000039,0.000079,0.000118,0.028694,0.0079
AATCGGTATAGCCCTC-1,0.514276,0.138184,0.073194,0.003475,0.003772,0.069546,0.197554
AATCGTGAGCCGAGCA-1,0.230274,0.085408,0.140851,0.093197,0.112705,0.032438,0.305128
AATCTAGGTTTACTTG-1,0.000022,0.240936,0.008091,0.48176,0.112688,0.131587,0.024917
AATCTATGCCGGAGCC-1,0.189123,0.139447,0.005442,0.037614,0.250449,0.368089,0.009834
AATCTGCGTTGGGACG-1,0.000016,0.090883,0.186801,0.073834,0.618425,0.028517,0.001523
AATCTGGCTTTCTAGT-1,0.000016,0.107498,0.001916,0.695948,0.104648,0.078683,0.011291
AATCTGGGTAGACCCT-1,0.094788,0.854012,0.000041,0.012987,0.00987,0.022254,0.006047
AATGACAGCAATGTCT-1,0.066237,0.23431,0.031289,0.214453,0.296364,0.151118,0.006228
AATGACGTAGGATGTC-1,0.004711,0.214125,0.143562,0.107694,0.208252,0.105456,0.2162
AATGACTGTCAGCCGG-1,0.000026,0.131167,0.000026,0.276617,0.088736,0.445479,0.057949
AATGATGATACGCTAT-1,0.091424,0.227352,0.020615,0.101852,0.263451,0.260169,0.035136
AATGATGCGACTCCTG-1,0.021862,0.079484,0.011305,0.095403,0.14208,0.578766,0.0711
AATGCAACCGGGTACC-1,0.045489,0.100435,0.022758,0.31387,0.348909,0.15344,0.015099
AATGCACCAAGCAATG-1,0.000012,0.098669,0.006066,0.315034,0.197388,0.333915,0.048916
AATGGTCCACCGTTCA-1,0.000076,0.990348,0.000076,0.000153,0.000229,0.009041,0.000076
AATGGTTCTCACAAGC-1,0.005244,0.649397,0.00009,0.000179,0.008864,0.241601,0.094625
AATGTATGGCACTGTA-1,0.009445,0.484512,0.002665,0.3148,0.074568,0.0987,0.015309
AATGTGCCCGAGGTGT-1,0.005622,0.241349,0.016638,0.251274,0.204587,0.251802,0.028729
AATGTGCTAATCTGAG-1,0.013765,0.058387,0.010596,0.114887,0.355502,0.391043,0.055819
AATGTTAAGACCCTGA-1,0.003376,0.009666,0.253172,0.186528,0.505976,0.006119,0.035163
AATGTTGTCGTGAGAC-1,0.678009,0.021345,0.000032,0.000063,0.000095,0.101353,0.199103
AATTAAAGGTCGGCGT-1,0.000016,0.039158,0.011222,0.065906,0.573314,0.278843,0.03154
AATTAACGGATTTCCA-1,0.07487,0.360116,0.41759,0.022901,0.074916,0.00987,0.039737
AATTACGAGACCCATC-1,0.124154,0.616649,0.00003,0.078998,0.112809,0.050992,0.016368
AATTAGCGCTGCAGCG-1,0.000019,0.160043,0.154694,0.195653,0.405907,0.008818,0.074866
AATTATACCCAGCAAG-1,0.066195,0.185816,0.11199,0.144184,0.196,0.078836,0.216978
AATTCATAAGGGATCT-1,0.000813,0.138693,0.003798,0.025971,0.085649,0.68962,0.055456
AATTCATTGTCATGCA-1,0.045113,0.648023,0.014462,0.154041,0.101666,0.026464,0.010231
AATTCCAAGCATGTAC-1,0.039928,0.236421,0.018456,0.017615,0.152294,0.221197,0.31409
AATTCGATTCGAGGAT-1,0.010465,0.055988,0.039348,0.073522,0.034422,0.268482,0.517773
AATTCTAGAGTTAGGC-1,0.000018,0.133243,0.087198,0.08004,0.331172,0.144244,0.224085
AATTGAACGCTCTGGT-1,0.171186,0.243731,0.021876,0.103188,0.218581,0.117204,0.124234
AATTGCAGCAATCGAC-1,0.956639,0.000015,0.004012,0.000031,0.000046,0.002885,0.036372
AATTGCGTGGATTACA-1,0.007444,0.949665,0.002662,0.005379,0.034804,0.000023,0.000023
AATTGTGGTTGCCAAA-1,0.999796,0.000023,0.000023,0.000045,0.000068,0.000023,0.000023
AATTTGGGACATAGTA-1,0.127021,0.321589,0.010603,0.424509,0.029949,0.066776,0.019552
AATTTGGTTCCAAAGA-1,0.000021,0.38381,0.001736,0.501939,0.029995,0.050844,0.031654
ACAAACCATGCGTCCT-1,0.00001,0.173019,0.008767,0.484659,0.171347,0.149667,0.01253
ACAAACCGACAAGGCG-1,0.466695,0.530773,0.000034,0.000067,0.000101,0.002298,0.000034
ACAAACTCCATCAGAG-1,0.004894,0.107887,0.020276,0.110063,0.624343,0.120202,0.012335
ACAAAGAAGGTAGGCC-1,0.102087,0.58094,0.007413,0.06719,0.074423,0.098904,0.069043
ACAAAGCATGACCTAG-1,0.708408,0.068276,0.120779,0.039057,0.014002,0.011523,0.037956
ACAAATCGCACCGAAT-1,0.084804,0.037928,0.429221,0.113223,0.07659,0.029289,0.228944
ACAAATGGTAGTGTTT-1,0.000868,0.158827,0.006613,0.05252,0.055624,0.178386,0.547162
ACAAATTCAGATCTGA-1,0.019498,0.929028,0.010579,0.020729,0.004944,0.008008,0.007214
ACAACAGCATGAGCTA-1,0.032975,0.008496,0.014291,0.056601,0.498509,0.296255,0.092874
ACAACGGTCCCTGCGA-1,0.000027,0.313357,0.003403,0.622329,0.058205,0.002653,0.000027
ACAAGCAGTGCCTAGC-1,0.000027,0.179812,0.000027,0.54982,0.104741,0.134901,0.030673
ACAAGGAAATCCGCCC-1,0.019087,0.124634,0.097239,0.075737,0.18281,0.293746,0.206746
ACAAGGACAAGAGGTT-1,0.000018,0.024206,0.00517,0.562387,0.25583,0.137052,0.015337
ACAAGGATGCTTTAGG-1,0.358036,0.29363,0.05713,0.010199,0.019694,0.018456,0.242856
ACAAGGCCTACCAGCC-1,0.097862,0.798231,0.000061,0.102722,0.001017,0.000053,0.000053
ACAAGGGCAGGCTCTG-1,0.000295,0.085436,0.345107,0.172387,0.297903,0.016483,0.082389
ACAATAGTCGTACGTT-1,0.000024,0.261367,0.000024,0.431686,0.071372,0.231483,0.004044
ACAATCCATTTAAACC-1,0.000018,0.001169,0.000948,0.623091,0.282147,0.073926,0.018702
ACAATCGATCTTTATA-1,0.456163,0.543436,0.00005,0.0001,0.00015,0.00005,0.00005
ACAATGAATACGGAGA-1,0.00734,0.108214,0.003872,0.078601,0.366016,0.427564,0.008394
ACAATGATTCTTCTAC-1,0.0077,0.572674,0.033655,0.216391,0.115911,0.034919,0.01875
ACAATTGTGTCTCTTT-1,0.278779,0.036098,0.066529,0.030827,0.007,0.002805,0.577961
ACAATTTGAGCAGTGG-1,0.010789,0.074061,0.009992,0.084048,0.405092,0.37258,0.04344
ACAATTTGGCCATATT-1,0.177609,0.33051,0.33845,0.065726,0.076631,0.001007,0.010067
ACACAAAGACGGGTGG-1,0.000764,0.26174,0.004839,0.184941,0.150712,0.352575,0.044428
ACACAAATATTCCTAG-1,0.000214,0.079865,0.031045,0.65283,0.201609,0.028267,0.006169
ACACACCAGGACCAGT-1,0.055973,0.120867,0.36942,0.177106,0.182455,0.009711,0.08447
ACACACTTTCTACACG-1,0.000018,0.383663,0.017341,0.546091,0.042805,0.004876,0.005206
ACACATGATCAAATCT-1,0.000009,0.088164,0.013634,0.626565,0.175514,0.068886,0.027228
ACACATTTCCGTAGAC-1,0.029704,0.069784,0.011804,0.028573,0.173496,0.215146,0.471494
ACACCACATAATTAGC-1,0.007526,0.00663,0.12531,0.082915,0.644407,0.040987,0.092224
ACACCCAGCATGCAGC-1,0.000023,0.110262,0.001602,0.381368,0.224449,0.241291,0.041005
ACACCCGAGAAATCCG-1,0.000059,0.75096,0.000059,0.055211,0.000184,0.188671,0.004857
ACACCCGTAAATCTGT-1,0.401928,0.518562,0.078597,0.000802,0.000066,0.000022,0.000022
ACACCGGTCTGACCGC-1,0.000012,0.103278,0.005157,0.627852,0.192507,0.063692,0.007502
ACACCTTAAGTAGGGC-1,0.000021,0.03211,0.000021,0.377137,0.336823,0.248874,0.005014
ACACCTTACTACTTGC-1,0.000015,0.015628,0.319013,0.369874,0.201208,0.01467,0.079592
ACACGAGACTCCTTCT-1,0.054376,0.278917,0.020672,0.031523,0.252716,0.305158,0.056639
ACACGGCACTATGCAT-1,0.031207,0.904905,0.000051,0.002855,0.000152,0.03155,0.02928
ACACGGGAACTTAGGG-1,0.000025,0.136343,0.002581,0.091118,0.22931,0.498572,0.042051
ACACGTAGGCCACAAG-1,0.507572,0.009225,0.196874,0.134756,0.05233,0.00488,0.094364
ACACTGATCAAGGTGT-1,0.00001,0.00001,0.000911,0.037503,0.946416,0.010528,0.004622
ACACTGGGACAGTCGT-1,0.933251,0.048836,0.000036,0.000048,0.000072,0.000024,0.017732
ACAGAACTGAGAACAA-1,0.000014,0.081811,0.003696,0.181428,0.263827,0.434843,0.034382
ACAGATTAGGTTAGTG-1,0.120907,0.878603,0.000061,0.000122,0.000184,0.000061,0.000061
ACAGCATAGAGCCAGT-1,0.017485,0.982146,0.000046,0.000092,0.000138,0.000046,0.000046
ACAGCGACATTCTCAT-1,0.700526,0.05154,0.000045,0.000091,0.000136,0.032589,0.215074
ACAGCGCACCCGCAGC-1,0.018338,0.466187,0.033417,0.439642,0.031157,0.010117,0.001143
ACAGGCACGGATCCTT-1,0.334367,0.103435,0.005223,0.033418,0.004827,0.0785,0.44023
ACAGGCTTGCCCGACT-1,0.10015,0.000016,0.142287,0.082489,0.184866,0.061182,0.42901
ACAGGTGGAGGTGAGG-1,0.000013,0.001639,0.036992,0.229014,0.700626,0.031368,0.000347
ACAGTAATACAACTTG-1,0.000011,0.012599,0.016273,0.879004,0.072493,0.007563,0.012057
ACAGTATACCGTGGGA-1,0.017817,0.189181,0.011018,0.231261,0.308605,0.205739,0.03638
ACATAAGTCGTGGTGA-1,0.009361,0.903069,0.008159,0.026062,0.053037,0.000293,0.000019
ACATAATAAGGCGGTG-1,0.000023,0.243774,0.001141,0.313271,0.260113,0.16189,0.019789
ACATACAATCAAGCGG-1,0.053466,0.075662,0.363366,0.087649,0.366853,0.032208,0.020795
ACATCCCGGCCATACG-1,0.0133,0.222648,0.084809,0.042527,0.322896,0.158988,0.154831
ACATCCTGGTAACTGT-1,0.163812,0.139427,0.129175,0.163377,0.199487,0.069638,0.135085
ACATCGATCGTTTACC-1,0.000007,0.00924,0.029891,0.123543,0.80322,0.027104,0.006995
ACATCGCAATATTCGG-1,0.002499,0.153709,0.029693,0.48843,0.305802,0.010739,0.009128
ACATCGGTCAGCCGCG-1,0.005147,0.105161,0.006686,0.09065,0.402797,0.375275,0.014284
ACATCGTATGCAATGG-1,0.120877,0.079392,0.101493,0.145092,0.141119,0.106541,0.305486
ACATCGTTAACCTAGT-1,0.031924,0.869286,0.000867,0.008771,0.000114,0.051446,0.037592
ACATCTCAACGCGTAA-1,0.09568,0.903988,0.000041,0.000083,0.000124,0.000041,0.000041
ACATGCTTACGGCAGC-1,0.001241,0.570871,0.027268,0.133623,0.265573,0.001401,0.000023
ACATGGCGCCAAAGTA-1,0.000173,0.083193,0.098551,0.122731,0.237741,0.175363,0.282248
ACATTAGTTTATATCC-1,0.001814,0.048449,0.021437,0.078041,0.39901,0.224797,0.226453
ACATTCGCGCGGAATA-1,0.000763,0.177589,0.010028,0.415615,0.199329,0.167607,0.029068
ACATTTGAAACCTAAC-1,0.431178,0.138191,0.064364,0.026994,0.027319,0.038619,0.273335
ACCAAACACCCAGCGA-1,0.000088,0.088913,0.038373,0.487329,0.253323,0.095777,0.036196
ACCAAACTAGAAATCC-1,0.283731,0.715885,0.000048,0.000096,0.000144,0.000048,0.000048
ACCAACACCACACACT-1,0.007649,0.388104,0.045158,0.237256,0.216559,0.073939,0.031335
ACCAACCGCACTCCAC-1,0.325818,0.000011,0.525383,0.043104,0.038889,0.002885,0.063911
ACCAACGCTTATTTAT-1,0.003314,0.029749,0.135163,0.046302,0.607324,0.129706,0.048441
ACCAAGAACGCGTGTC-1,0.000025,0.29359,0.004882,0.643998,0.025036,0.024696,0.007771
ACCAAGTCATCGGCAG-1,0.284103,0.000012,0.37189,0.05757,0.081723,0.010167,0.194535
ACCAATATGCAAGTTA-1,0.119023,0.437493,0.108942,0.026638,0.040473,0.035743,0.231688
ACCACAACTCAGAACA-1,0.025231,0.899006,0.068994,0.005808,0.000067,0.000871,0.000022
ACCACAAGTTTCTATC-1,0.06927,0.068557,0.000032,0.088634,0.168589,0.570516,0.034402
ACCACACGGTTGATGG-1,0.040375,0.136822,0.09764,0.058408,0.269147,0.122893,0.274715
ACCACCAATGTAACAA-1,0.00376,0.121409,0.366813,0.248444,0.204864,0.012312,0.042398
ACCACCCTCTCTTCTA-1,0.033494,0.129507,0.031398,0.171035,0.143947,0.384419,0.106201
ACCACGTGCAGCTATA-1,0.00001,0.005187,0.249928,0.124943,0.405209,0.031695,0.183027
ACCAGCCCGGTCTTTG-1,0.245023,0.754684,0.000037,0.000073,0.00011,0.000037,0.000037
ACCAGGAGTGTGATCT-1,0.348548,0.651116,0.000042,0.000084,0.000126,0.000042,0.000042
ACCAGTGCCCGGTCAA-1,0.000549,0.536544,0.016477,0.300224,0.116362,0.01299,0.016853
ACCAGTGCGGGAGACG-1,0.210067,0.11913,0.046131,0.028441,0.033202,0.196296,0.366733
ACCATATCCGCAATAA-1,0.000008,0.000008,0.035626,0.044647,0.900132,0.016115,0.003464
ACCATCCGCCAACTAG-1,0.004277,0.226232,0.009984,0.658811,0.038133,0.047248,0.015314
ACCATCGTATATGGTA-1,0.051548,0.067128,0.010355,0.043241,0.136544,0.582087,0.109098
ACCCAACGCCCGTGGC-1,0.084767,0.241768,0.017451,0.024618,0.189718,0.353548,0.08813
ACCCACCTACATGCTC-1,0.030573,0.915839,0.000056,0.006446,0.004407,0.041382,0.001296
ACCCATCTTGAGGGTA-1,0.000029,0.064417,0.000029,0.040984,0.097425,0.78196,0.015157
ACCCATTTGTCCCTCT-1,0.680027,0.009809,0.166872,0.037713,0.089523,0.00156,0.014496
ACCCGAGCGAAATTAC-1,0.000011,0.132927,0.004168,0.131819,0.333696,0.378415,0.018964
ACCCGATTGGTTCCGA-1,0.018168,0.115324,0.115802,0.175808,0.524659,0.046767,0.003474
ACCCGGAAACTCCCAG-1,0.001545,0.005294,0.122349,0.179252,0.528335,0.039956,0.123269
ACCCGGAGCACCACAA-1,0.999836,0.000018,0.000018,0.000037,0.000055,0.000018,0.000018
ACCCGGATGACGCATC-1,0.049798,0.132525,0.168363,0.057618,0.300233,0.080638,0.210825
ACCCGGTTACACTTCC-1,0.072359,0.233732,0.010109,0.026445,0.228383,0.367996,0.060976
ACCCGTAGTCTAGTTG-1,0.383398,0.000069,0.291359,0.036498,0.096216,0.002356,0.190104
ACCCGTGTCATCAGTA-1,0.122946,0.041632,0.009348,0.032711,0.3068,0.219418,0.267145
ACCCTATGCCATATCG-1,0.024742,0.144808,0.016052,0.060118,0.323761,0.350918,0.0796
ACCCTCCCGTCAGGGC-1,0.048173,0.015724,0.60911,0.102003,0.169956,0.00441,0.050624
ACCCTCCCTTGCTATT-1,0.009727,0.205233,0.318774,0.226163,0.088648,0.010582,0.140872
ACCCTGGTAACGCCCT-1,0.015501,0.210947,0.020249,0.137131,0.260625,0.29674,0.058806
ACCCTTCATCTGCGAA-1,0.000017,0.10994,0.008152,0.708452,0.124979,0.047,0.00146
ACCCTTGCCTGGGTCG-1,0.000014,0.048162,0.027321,0.487545,0.243768,0.139085,0.054105
ACCCTTTAGTTCTCCA-1,0.000067,0.967116,0.000067,0.000134,0.000201,0.000067,0.032348
ACCGAAAGGGCCCTGC-1,0.074285,0.861645,0.00005,0.000101,0.000151,0.027887,0.03588
ACCGAAGAGTCTGGTT-1,0.000014,0.309253,0.025279,0.470756,0.129646,0.060949,0.004102
ACCGACACATCTCCCA-1,0.000006,0.000006,0.102818,0.193181,0.678644,0.002751,0.022594
ACCGACTGAGTCCCAC-1,0.034241,0.059407,0.000031,0.040929,0.137261,0.678964,0.049168
ACCGAGTCTCCTTATT-1,0.000011,0.00005,0.139778,0.1861,0.227294,0.061371,0.385397
ACCGATAGGCATAACC-1,0.903876,0.000596,0.050981,0.006409,0.031682,0.000013,0.006443
ACCGATATTTAATCAT-1,0.937821,0.00002,0.012919,0.000039,0.002847,0.000535,0.045819
ACCGATGGTAGCATCG-1,0.010584,0.172834,0.075403,0.084597,0.28216,0.310576,0.063846
ACCGCAATAACTGCCT-1,0.000056,0.000778,0.348923,0.305202,0.175704,0.033087,0.136251
ACCGCGGTGGAAGTCG-1,0.020135,0.012571,0.320008,0.270743,0.232228,0.008263,0.136053
ACCGCTAGTCATTGGT-1,0.007245,0.173782,0.009685,0.280767,0.351786,0.127691,0.049044
ACCGGGCCTTTGTTGA-1,0.100634,0.207586,0.040436,0.150364,0.09828,0.053174,0.349526
ACCGGTCAGGTACACC-1,0.000006,0.006611,0.004552,0.880188,0.103427,0.004655,0.000561
ACCGGTCTGAGTACGG-1,0.081031,0.918692,0.000035,0.000069,0.000104,0.000035,0.000035
ACCGTCCACTGGGCCC-1,0.037231,0.524171,0.028577,0.270376,0.121268,0.017584,0.000793
ACCGTGACCACGTGGG-1,0.003132,0.065961,0.033806,0.138711,0.432963,0.250911,0.074516
ACCGTTCCCGCTCTGA-1,0.111951,0.88217,0.000075,0.00015,0.000225,0.005354,0.000075
ACCTAAGTACCTTTCA-1,0.000017,0.037483,0.001665,0.155814,0.328523,0.468688,0.00781
ACCTAATCGACTTCCT-1,0.000024,0.074003,0.000024,0.576263,0.156873,0.17092,0.021893
ACCTACAGTATGTGGT-1,0.023243,0.103234,0.282304,0.088926,0.087822,0.175382,0.239088
ACCTACTATAAATCTA-1,0.131541,0.22565,0.055896,0.024379,0.231293,0.125501,0.205739
ACCTCCGCCCTCGCTG-1,0.589269,0.038543,0.068455,0.000085,0.000127,0.015524,0.287998
ACCTCCGTTATTCACC-1,0.007909,0.056948,0.062654,0.078118,0.544126,0.128346,0.121898
ACCTCGAACTTATGCT-1,0.000011,0.262964,0.026706,0.59254,0.110722,0.006053,0.001004
ACCTGCGTGTCATGTT-1,0.00001,0.00001,0.000842,0.609148,0.3563,0.03368,0.00001
ACCTTTCCTTTAGAAG-1,0.930791,0.068956,0.000032,0.000063,0.000095,0.000032,0.000032
ACGAAATGGGCGGCAC-1,0.000022,0.201857,0.000022,0.587376,0.046768,0.150895,0.013059
ACGACCCATGAGTTGC-1,0.939063,0.020057,0.012285,0.000046,0.00007,0.000023,0.028455
ACGACTCTAGGGCCGA-1,0.130863,0.296813,0.075495,0.054521,0.031416,0.036267,0.374625
ACGACTGGTCATACTC-1,0.049632,0.267574,0.047397,0.061508,0.239805,0.294523,0.039561
ACGAGATATTTGCTTA-1,0.000032,0.574342,0.012265,0.218343,0.047717,0.092882,0.05442
ACGAGGATACCACTCT-1,0.000014,0.021101,0.007217,0.763122,0.180508,0.02522,0.002818
ACGAGGTTTACAACGT-1,0.000421,0.156525,0.003817,0.624968,0.091825,0.107558,0.014885
ACGAGTACGGATGCCC-1,0.00001,0.041683,0.026134,0.150563,0.603143,0.129686,0.048781
ACGATACATAGAACTA-1,0.001239,0.216353,0.01317,0.185846,0.322397,0.240992,0.020003
ACGATCATACATAGAG-1,0.002717,0.009399,0.012049,0.418341,0.521474,0.032774,0.003245
ACGATCATCTTGTAAA-1,0.001486,0.058466,0.004406,0.039446,0.23789,0.407186,0.251121
ACGATGCATATGTTAT-1,0.000026,0.102879,0.00808,0.08669,0.332062,0.450647,0.019617
ACGATGGATCCGATGC-1,0.000036,0.696058,0.014662,0.211396,0.046003,0.027814,0.004031
ACGCAAACTAATAGAT-1,0.01048,0.122396,0.025913,0.027158,0.43436,0.255551,0.12414
ACGCAATCACTACAGC-1,0.036153,0.058664,0.027838,0.25919,0.512299,0.068807,0.037049
ACGCATAAATGACATG-1,0.241218,0.75774,0.000867,0.00005,0.000075,0.000025,0.000025
ACGCATACGTTTACTA-1,0.726104,0.011128,0.000042,0.000084,0.000126,0.08475,0.177766
ACGCATTCGTGAGTAC-1,0.029527,0.224918,0.017241,0.051184,0.27812,0.36713,0.03188
ACGCCACTCGAAACAG-1,0.092319,0.040499,0.040963,0.057995,0.348609,0.129203,0.290412
ACGCCAGATGATTTCT-1,0.00002,0.118526,0.000451,0.48831,0.14372,0.228164,0.020809
ACGCCAGTGCGTTTGC-1,0.427541,0.10991,0.006827,0.02146,0.007967,0.123381,0.302914
ACGCCCAGCTGTCGAT-1,0.260028,0.711953,0.00005,0.005267,0.015644,0.007009,0.00005
ACGCCGCTAGACGACC-1,0.020447,0.519385,0.080766,0.010847,0.140929,0.067554,0.160072
ACGCGAAGTCAGACGA-1,0.00001,0.00001,0.069763,0.084554,0.728684,0.025683,0.091296
ACGCGCTACACAGGGT-1,0.008693,0.312772,0.045548,0.177173,0.203686,0.244981,0.007146
ACGCGGGCCAAGGACA-1,0.052072,0.031797,0.027918,0.07378,0.358315,0.327067,0.129051
ACGCTACTGAATGGGC-1,0.345992,0.136077,0.041243,0.010355,0.037539,0.068212,0.360582
ACGCTAGTGATACACT-1,0.006235,0.003124,0.07306,0.173167,0.602341,0.068072,0.074
ACGCTGTGAGGCGTAG-1,0.030059,0.908456,0.047167,0.002036,0.000136,0.007415,0.004732
ACGCTTAGTGTCTCTC-1,0.16439,0.835149,0.000058,0.000115,0.000173,0.000058,0.000058
ACGGAACACGAGTGCC-1,0.271522,0.004273,0.112471,0.046241,0.132471,0.108815,0.324208
ACGGAATTTAGCAAAT-1,0.228241,0.771108,0.000081,0.000163,0.000244,0.000081,0.000081
ACGGACGCAGCGACAA-1,0.020825,0.644154,0.013733,0.110308,0.209996,0.000753,0.00023
ACGGACTCTCAAAGCG-1,0.000008,0.01549,0.24797,0.254071,0.272668,0.024476,0.185317
ACGGAGCGCAAATTAC-1,0.000013,0.015984,0.006444,0.524927,0.198598,0.233556,0.020476
ACGGATGGTGCGGATA-1,0.00942,0.153888,0.165819,0.083681,0.047996,0.025204,0.513993
ACGGCACTTGCTTGGG-1,0.007432,0.187335,0.048983,0.165092,0.250791,0.124429,0.215938
ACGGCCAACATGGACT-1,0.00001,0.009332,0.011529,0.037213,0.735332,0.108394,0.098191
ACGGCGACGATGGGAA-1,0.034182,0.240427,0.040478,0.014351,0.11915,0.230088,0.321324
ACGGCTGGATGTAGAA-1,0.049678,0.255798,0.06135,0.498438,0.126268,0.006497,0.001971
ACGGGAGTGTCGGCCC-1,0.00245,0.184603,0.030312,0.405232,0.317953,0.058307,0.001143
ACGGGCGTATGCGACA-1,0.000012,0.077153,0.016337,0.259418,0.321097,0.285094,0.040889
ACGGTACAGTTCAATG-1,0.114463,0.000009,0.379849,0.086896,0.254554,0.011033,0.153196
ACGGTCACCGAGAACA-1,0.003339,0.38736,0.016936,0.29359,0.240983,0.057773,0.00002
ACGTACAGATTTCTCT-1,0.000045,0.652302,0.011956,0.09799,0.044768,0.103342,0.089597
ACGTACTTTGGCACGG-1,0.00114,0.087633,0.016285,0.235739,0.417512,0.21148,0.030212
ACGTAGATTGCTGATG-1,0.020937,0.016463,0.063584,0.088785,0.499428,0.211055,0.099747
ACGTAGGAGAGTCGCT-1,0.028023,0.124972,0.118752,0.103712,0.094787,0.055489,0.474265
ACGTATTACTCCGATC-1,0.000107,0.006749,0.071392,0.237954,0.310213,0.054047,0.319539
ACGTGACAAAGTAAGT-1,0.340455,0.650501,0.008889,0.000045,0.000067,0.000022,0.000022
ACGTGCGCCTCGTGCA-1,0.000016,0.052115,0.001373,0.68268,0.212805,0.037377,0.013634
ACGTGGTCGAATGTGC-1,0.194966,0.778409,0.025845,0.000551,0.000138,0.000046,0.000046
ACGTTAATGTCGAAGA-1,0.044607,0.003985,0.354136,0.105836,0.399255,0.082518,0.009663
ACGTTAGATTTGCCCG-1,0.020439,0.187227,0.000046,0.005524,0.022289,0.732779,0.031695
ACGTTCACTATGCCGC-1,0.001429,0.044798,0.00801,0.110166,0.308737,0.46879,0.058069
ACGTTCCGCGCTCCGT-1,0.136794,0.862475,0.000091,0.000183,0.000274,0.000091,0.000091
ACGTTCGCAATCAATT-1,0.017627,0.019684,0.018284,0.050254,0.331188,0.268692,0.294271
ACGTTCGTTCAGGAAA-1,0.000012,0.124384,0.008766,0.024012,0.527821,0.254859,0.060146
ACGTTCTGTACAAGTC-1,0.26052,0.015281,0.284393,0.089762,0.074107,0.057096,0.218842
ACGTTGTCGTTGAAAG-1,0.000012,0.025714,0.000849,0.249428,0.501,0.219581,0.003414
ACGTTTAGTTGTGATC-1,0.000016,0.059266,0.007125,0.827591,0.081559,0.015164,0.009279
ACGTTTCGGTGCACTT-1,0.254734,0.083094,0.114434,0.154144,0.053002,0.009503,0.331091
ACTAAGGACGCACACC-1,0.001527,0.330581,0.007164,0.61864,0.037062,0.001438,0.003588
ACTAATACGTCAGGCG-1,0.059947,0.5746,0.000033,0.236103,0.02485,0.090228,0.014239
ACTACAAAGAGAGGTG-1,0.076785,0.144517,0.088583,0.040588,0.570911,0.04599,0.032627
ACTACATCCCGACAAG-1,0.00001,0.106732,0.008328,0.507154,0.200881,0.157717,0.019178
ACTACCAGCTCTCTGG-1,0.032404,0.034281,0.005644,0.557959,0.300626,0.054893,0.014194
ACTACCATCCGAGGGC-1,0.000009,0.102747,0.009035,0.412071,0.334708,0.120038,0.021392
ACTACGCGTTAGAATT-1,0.028076,0.304395,0.046965,0.003783,0.204885,0.2206,0.191296
ACTAGTTGCGATCGTC-1,0.312272,0.000024,0.684922,0.002246,0.000488,0.000024,0.000024
ACTATATGCTGTGTTC-1,0.000019,0.101479,0.022491,0.759234,0.06727,0.010164,0.039343
ACTATCCAGGGCATGG-1,0.000022,0.16438,0.016411,0.026608,0.074692,0.37374,0.344147
ACTATCTGCCCGCGTA-1,0.830683,0.169101,0.000027,0.000054,0.000081,0.000027,0.000027
ACTATGTCCAGCTGCC-1,0.000009,0.009091,0.004624,0.458769,0.236189,0.280274,0.011043
ACTATTCGTCCGTGGT-1,0.155161,0.506427,0.006479,0.167327,0.063581,0.10098,0.000044
ACTATTTCCGGGCCCA-1,0.013547,0.153419,0.029216,0.042614,0.405505,0.268491,0.087208
ACTCAAGTGCAAGGCT-1,0.381302,0.009287,0.222676,0.05507,0.040665,0.099587,0.191414
ACTCAATAAAGGCACG-1,0.014926,0.12266,0.079781,0.147012,0.4138,0.221802,0.000018
ACTCAGACCTGCTTCT-1,0.408618,0.59046,0.000115,0.00023,0.000346,0.000115,0.000115
ACTCATGGCAGCCTTC-1,0.000015,0.255644,0.002231,0.450918,0.138122,0.121272,0.031796
ACTCCAATATCATCAT-1,0.00001,0.056285,0.020077,0.357258,0.347942,0.17794,0.040489
ACTCCCATTCCTAAAG-1,0.000011,0.037404,0.004069,0.732159,0.170807,0.050117,0.005434
ACTCCCGAATTCGTTT-1,0.000568,0.051419,0.224469,0.136022,0.448245,0.11894,0.020338
ACTCCCGTAGACTAGG-1,0.006573,0.175448,0.000534,0.134508,0.095399,0.494669,0.092869
ACTCCCTAATGCTAAA-1,0.000029,0.00671,0.127065,0.383418,0.291084,0.012961,0.178733
ACTCCCTAGAATAGTA-1,0.003422,0.067822,0.114442,0.112075,0.22569,0.101002,0.375546
ACTCCGGCCGACCACT-1,0.380126,0.218288,0.005062,0.004725,0.006071,0.048883,0.336845
ACTCGCCGTTCGATAA-1,0.48931,0.026279,0.340603,0.029154,0.094593,0.000239,0.019822
ACTCGCGATCTGACGC-1,0.16579,0.022107,0.045147,0.156493,0.134851,0.03402,0.441591
ACTCGTAACCCGTCCT-1,0.000011,0.003416,0.00144,0.491239,0.294432,0.19804,0.011422
