Barcode,Topic 1,Topic 2,Topic 3,Topic 4,Topic 5,Topic 6,Topic 7,Topic 8,Topic 9,Topic 10,Topic 11
AAACAACGAATAGTTC-1,0.017836,0.001225,0.000025,0.019735,0.000025,0.048409,0.000025,0.000025,0.581606,0.257414,0.073676
AAACAAGTATCTCCCA-1,0.002703,0.254828,0.621175,0.009466,0.001531,0.089391,0.012412,0.008421,0.000025,0.000025,0.000025
AAACAATCTACTAGCA-1,0.000027,0.000027,0.000027,0.074279,0.00134,0.166155,0.078592,0.003499,0.352919,0.321129,0.002004
AAACACCAATAACTGC-1,0.000027,0.000027,0.000027,0.273772,0.000027,0.000027,0.198747,0.145416,0.01983,0.019631,0.342468
AAACAGAGCGACTCCT-1,0.000038,0.000038,0.000038,0.540336,0.000038,0.050198,0.152266,0.151235,0.000038,0.032769,0.073004
AAACAGCTTTCAGAAG-1,0.000014,0.000014,0.000014,0.044518,0.000014,0.000014,0.086772,0.304968,0.000014,0.050563,0.513092
AAACAGGGTCTATATT-1,0.000026,0.000026,0.000026,0.405289,0.000026,0.000026,0.035506,0.204536,0.033446,0.083309,0.237781
AAACAGTGTTCCTGGG-1,0.000042,0.378533,0.420874,0.000042,0.000042,0.200255,0.000042,0.000042,0.000042,0.000042,0.000042
AAACATGGTGAGAGGA-1,0.004359,0.013363,0.084191,0.479884,0.000028,0.038365,0.313716,0.000028,0.013602,0.032207,0.020257
AAACATTTCCCGGATT-1,0.014716,0.452101,0.532932,0.000031,0.000031,0.000031,0.000031,0.000031,0.000031,0.000031,0.000031
AAACCACTACACAGAT-1,0.000015,0.000015,0.000015,0.056893,0.000463,0.006384,0.569871,0.000016,0.057247,0.297806,0.011276
AAACCCGAACGAAATC-1,0.049004,0.03358,0.447072,0.000012,0.089622,0.036465,0.341506,0.000251,0.000012,0.002466,0.000012
AAACCGGAAATGTTAA-1,0.093809,0.204374,0.701595,0.000028,0.000028,0.000028,0.000028,0.000028,0.000028,0.000028,0.000028
AAACCGGGTAGGTACC-1,0.041469,0.076406,0.002134,0.515797,0.000035,0.000035,0.000035,0.264651,0.049664,0.005993,0.043782
AAACCGTTCGTCCAGG-1,0.057854,0.638631,0.090429,0.014108,0.000039,0.134909,0.000039,0.000039,0.063875,0.000039,0.000039
AAACCTAAGCAGCCGG-1,0.065955,0.04576,0.878437,0.000025,0.000025,0.009677,0.000024,0.000025,0.000025,0.000024,0.000025
AAACCTCATGAAGTTG-1,0.062186,0.000031,0.000031,0.38889,0.000031,0.000031,0.003756,0.233854,0.021303,0.010758,0.27913
AAACGAAGAACATACC-1,0.000045,0.000045,0.000045,0.545486,0.000045,0.006417,0.000045,0.000045,0.13138,0.263852,0.052595
AAACGAAGATGGAGTA-1,0.000029,0.000029,0.000029,0.218095,0.000029,0.000029,0.318231,0.046326,0.000029,0.123934,0.293239
AAACGACAGTCTTGCC-1,0.00003,0.145637,0.004843,0.66063,0.00003,0.138662,0.00003,0.00003,0.048288,0.001792,0.00003
AAACGAGACGGTTGAT-1,0.000046,0.514299,0.000046,0.327203,0.000046,0.000046,0.088407,0.000741,0.000046,0.000046,0.069073
AAACGCCCGAGATCGG-1,0.000025,0.000025,0.000025,0.094336,0.000025,0.033906,0.380087,0.000025,0.04977,0.401071,0.040705
AAACGCTGGGCACGAC-1,0.004478,0.417961,0.269253,0.000019,0.000019,0.308175,0.000019,0.000019,0.000019,0.000019,0.000019
AAACGGGCGTACGGGT-1,0.064215,0.242405,0.251913,0.000026,0.113302,0.006534,0.284507,0.000026,0.000026,0.002609,0.034438
AAACGGGTTGGTATCC-1,0.000294,0.000036,0.000036,0.180448,0.000036,0.027656,0.000036,0.000036,0.676383,0.065582,0.049459
AAACGGTTGCGAACTG-1,0.000159,0.586863,0.187615,0.015615,0.033709,0.175791,0.00005,0.00005,0.00005,0.00005,0.00005
AAACGTGTTCGCCCTA-1,0.076257,0.000012,0.160187,0.06288,0.000012,0.000013,0.409603,0.000012,0.006974,0.167002,0.117046
AAACTAACGTGGCGAC-1,0.000015,0.000015,0.030607,0.000015,0.000015,0.197135,0.286301,0.002867,0.010212,0.409869,0.062949
AAACTCGGTTCGCAAT-1,0.134513,0.197125,0.668091,0.000034,0.000034,0.000034,0.000034,0.000034,0.000034,0.000034,0.000034
AAACTCGTGATATAAG-1,0.011636,0.004024,0.046813,0.012438,0.00237,0.012585,0.312436,0.000746,0.009781,0.138413,0.448758
AAACTGCTGGCTCCAA-1,0.000063,0.833384,0.000063,0.166051,0.000063,0.000063,0.000063,0.000063,0.000063,0.000063,0.000063
AAACTTAATTGCACGC-1,0.020769,0.000035,0.094569,0.567851,0.000035,0.005245,0.069137,0.04266,0.000035,0.057948,0.141715
AAACTTGCAAACGTAT-1,0.080118,0.000011,0.007457,0.000011,0.016296,0.186625,0.013539,0.359434,0.081799,0.174374,0.080336
AAAGAATGACCTTAGA-1,0.000035,0.000035,0.000035,0.519174,0.000035,0.044291,0.250693,0.000035,0.000035,0.042168,0.143462
AAAGAATGTGGACTAA-1,0.217381,0.005117,0.777389,0.000014,0.000014,0.000014,0.000014,0.000014,0.000014,0.000014,0.000014
AAAGACATGAAGTTTA-1,0.001318,0.204069,0.005034,0.418385,0.000029,0.183434,0.000029,0.000029,0.187616,0.000029,0.000029
AAAGACCCAAGTCGCG-1,0.015522,0.000015,0.000015,0.009518,0.000015,0.057754,0.000015,0.069316,0.085032,0.411205,0.351592
AAAGACTGGGCGCTTT-1,0.023025,0.012943,0.000019,0.05307,0.000411,0.000019,0.010687,0.086789,0.208469,0.139573,0.464996
AAAGCTTGCCTACATA-1,0.00289,0.027178,0.02465,0.068869,0.027622,0.089478,0.364338,0.002263,0.07313,0.268088,0.051495
AAAGGCCCTATAATAC-1,0.000027,0.000027,0.000027,0.23744,0.000027,0.013378,0.17422,0.488327,0.007441,0.018968,0.06012
AAAGGCTACGGACCAT-1,0.063854,0.085731,0.698103,0.000033,0.033762,0.084713,0.000032,0.032554,0.001154,0.000032,0.000032
AAAGGCTCTCGCGCCG-1,0.101704,0.250685,0.508811,0.110948,0.000042,0.000042,0.000042,0.027601,0.000042,0.000042,0.000042
AAAGGGATGTAGCAAG-1,0.056334,0.000033,0.000026,0.259784,0.02624,0.000026,0.044386,0.188171,0.331603,0.07086,0.022536
AAAGGGCAGCTTGAAT-1,0.03152,0.000025,0.000025,0.352137,0.000025,0.000025,0.000025,0.080736,0.046573,0.040418,0.448491
AAAGGTAAGCTGTACC-1,0.000026,0.000026,0.000026,0.01565,0.000026,0.007626,0.42123,0.000026,0.000026,0.202291,0.353048
AAAGGTCAACGACATG-1,0.098981,0.029096,0.006809,0.098242,0.018696,0.138174,0.109409,0.063781,0.2152,0.186413,0.035199
AAAGTAGCATTGCTCA-1,0.200452,0.000028,0.310589,0.143956,0.000028,0.010462,0.004308,0.279171,0.048302,0.002678,0.000028
AAAGTCACTGATGTAA-1,0.000012,0.000012,0.000012,0.000012,0.002269,0.004147,0.000012,0.034937,0.038088,0.488428,0.432073
AAAGTCGACCCTCAGT-1,0.000011,0.000011,0.000011,0.000011,0.01476,0.000011,0.05296,0.33023,0.012377,0.389748,0.199868
AAAGTGCCATCAATTA-1,0.023145,0.283011,0.221255,0.000032,0.021687,0.000032,0.424896,0.000032,0.000032,0.025844,0.000032
AAAGTGTGATTTATCT-1,0.000585,0.672903,0.175444,0.000036,0.000036,0.150814,0.000036,0.000036,0.000036,0.000036,0.000036
AAAGTTGACTCCCGTA-1,0.005263,0.382427,0.283638,0.005326,0.00004,0.323104,0.00004,0.00004,0.00004,0.00004,0.00004
AAATAACCATACGGGA-1,0.018094,0.000015,0.036189,0.044998,0.005581,0.111736,0.187148,0.074789,0.125137,0.166013,0.230299
AAATAAGGTAGTGCCC-1,0.003376,0.065,0.028935,0.202507,0.002865,0.032758,0.611922,0.002725,0.015365,0.028448,0.0061
AAATACCTATAAGCAT-1,0.086635,0.563342,0.295513,0.054174,0.000048,0.000048,0.000048,0.000048,0.000048,0.000048,0.000048
AAATAGCTTAGACTTT-1,0.075153,0.129551,0.473239,0.021055,0.014501,0.055746,0.095839,0.000025,0.028801,0.022864,0.083226
AAATAGGGTGCTATTG-1,0.000034,0.654453,0.129546,0.057134,0.000034,0.158629,0.000034,0.000034,0.000034,0.000034,0.000034
AAATCACTCCTAAACG-1,0.04768,0.24365,0.019524,0.572448,0.000034,0.037628,0.000034,0.000034,0.063428,0.008794,0.006747
AAATCCGATACACGCC-1,0.277197,0.013034,0.471476,0.000017,0.046308,0.013461,0.165984,0.004414,0.000719,0.001857,0.005533
AAATCGCGGAAGGAGT-1,0.000054,0.000054,0.000054,0.760933,0.000054,0.000054,0.000054,0.019767,0.000054,0.107199,0.11172
AAATCGTGTACCACAA-1,0.093287,0.706736,0.000072,0.17828,0.000072,0.000072,0.000072,0.000072,0.021191,0.000072,0.000072
AAATCTAGCCCTGCTA-1,0.013781,0.136275,0.849754,0.000024,0.000024,0.000024,0.000024,0.000024,0.000024,0.000024,0.000024
AAATCTGCCCGCGTCC-1,0.000056,0.000056,0.000056,0.411148,0.000056,0.055203,0.46767,0.064037,0.000056,0.000056,0.001607
AAATGACTGATCAAAC-1,0.532805,0.183358,0.037033,0.023939,0.000026,0.000026,0.000026,0.116964,0.023788,0.041621,0.040413
AAATGATTCGATCAGC-1,0.000015,0.000015,0.000015,0.072109,0.000015,0.134253,0.141949,0.284047,0.138667,0.165917,0.062999
AAATGCTCGTTACGTT-1,0.031396,0.00002,0.071867,0.00002,0.017738,0.027403,0.042184,0.002605,0.215712,0.337807,0.253248
AAATGGCATGTCTTGT-1,0.005842,0.001658,0.000036,0.50157,0.000036,0.000036,0.000036,0.046268,0.188963,0.080988,0.174568
AAATGGCCCGTGCCCT-1,0.023941,0.000021,0.000021,0.146061,0.005531,0.000021,0.204113,0.292606,0.06317,0.135911,0.128602
AAATGGTCAATGTGCC-1,0.002828,0.590333,0.09956,0.206874,0.000035,0.093034,0.000035,0.000035,0.007198,0.000035,0.000035
AAATGTATCTTATCCC-1,0.000031,0.000031,0.000031,0.079588,0.0003,0.101296,0.012714,0.163106,0.090469,0.469507,0.082928
AAATGTGGGTGCTCCT-1,0.000032,0.000032,0.000032,0.389816,0.000032,0.000032,0.147932,0.000032,0.016625,0.225667,0.219767
AAATTAACGGGTAGCT-1,0.000071,0.58234,0.000071,0.417019,0.000071,0.000071,0.000071,0.000071,0.000071,0.000071,0.000071
AAATTAATAAGCGCGA-1,0.000016,0.000016,0.000016,0.087137,0.000016,0.038133,0.000016,0.400719,0.050466,0.260817,0.162649
AAATTACACGACTCTG-1,0.000019,0.000019,0.000019,0.0069,0.000019,0.135877,0.213259,0.054399,0.044721,0.233237,0.311531
AAATTACCTATCGATG-1,0.019805,0.035037,0.000647,0.186084,0.026004,0.013902,0.27319,0.067418,0.303805,0.034055,0.040054
AAATTCCAGGTCCAAA-1,0.000018,0.09018,0.480231,0.014202,0.000018,0.415264,0.000018,0.000018,0.000018,0.000018,0.000018
AAATTGATAGTCCTTT-1,0.046296,0.000024,0.000024,0.073036,0.113339,0.000024,0.218414,0.199473,0.137915,0.06168,0.149774
AAATTGCGGCGGTTCT-1,0.000025,0.000025,0.000025,0.103199,0.000025,0.046086,0.051344,0.000163,0.427311,0.367973,0.003825
AAATTGGTGAGAAGCA-1,0.00002,0.00002,0.014499,0.200665,0.00002,0.017499,0.271631,0.013217,0.001383,0.175569,0.305478
AAATTTACCGAAATCC-1,0.000047,0.000047,0.000047,0.54963,0.002245,0.000047,0.24599,0.000047,0.027401,0.062778,0.111722
AAATTTGCGGGTGTGG-1,0.002288,0.009743,0.000029,0.317701,0.044609,0.000029,0.200899,0.419582,0.003269,0.000056,0.001795
AACAACTGGTAGTTGC-1,0.000058,0.128553,0.000058,0.863095,0.000058,0.000058,0.000058,0.000058,0.007892,0.000058,0.000058
AACAATACATTGTCGA-1,0.151995,0.384954,0.115584,0.26569,0.000052,0.000052,0.000052,0.081464,0.000052,0.000052,0.000052
AACAATTACTCTACGC-1,0.004639,0.009788,0.000048,0.766906,0.000048,0.000048,0.000048,0.101721,0.072366,0.044339,0.000048
AACACACGCTCGCCGC-1,0.000028,0.335706,0.578035,0.015301,0.000028,0.070762,0.000028,0.000028,0.000028,0.000028,0.000028
AACACGACTGTACTGA-1,0.062983,0.000014,0.001289,0.000014,0.000547,0.000014,0.003098,0.000014,0.000014,0.520485,0.411525
AACACGAGACGCGGCC-1,0.000022,0.000022,0.000022,0.258633,0.027229,0.000022,0.062613,0.413403,0.076892,0.016822,0.144319
AACACGCGGCCGCGAA-1,0.072873,0.000036,0.00122,0.190847,0.000036,0.025209,0.083695,0.000293,0.069527,0.338317,0.217946
AACAGCTGTGTGGCAA-1,0.136203,0.126886,0.052495,0.238755,0.006592,0.054495,0.197126,0.129636,0.054354,0.003424,0.000035
AACAGGAAATCGAATA-1,0.009304,0.001553,0.000036,0.580531,0.000036,0.000036,0.000036,0.077677,0.229122,0.005704,0.095967
AACAGGATGGGCCGCG-1,0.000026,0.05765,0.000516,0.216273,0.004725,0.192716,0.034326,0.296944,0.162477,0.018525,0.015822
AACAGGTAGTATGGAT-1,0.000484,0.002017,0.947513,0.000017,0.000017,0.049868,0.000017,0.000017,0.000017,0.000017,0.000017
AACATAGCGTGTATCG-1,0.4836,0.115721,0.185909,0.039206,0.018759,0.023664,0.012409,0.011723,0.053817,0.041983,0.01321
AACATATCAACTGGTG-1,0.104547,0.014543,0.163752,0.340499,0.000054,0.086597,0.000054,0.271656,0.018192,0.000054,0.000054
AACATCGATACGTCTA-1,0.007487,0.033235,0.013087,0.286285,0.000026,0.048471,0.388644,0.038007,0.007354,0.056016,0.12139
AACATTGAAGTTGATC-1,0.03415,0.025233,0.030089,0.256189,0.010538,0.005117,0.143895,0.446894,0.002365,0.017971,0.027558
AACATTGGTCAGCCGT-1,0.021899,0.004506,0.000027,0.012917,0.000027,0.053485,0.000027,0.000027,0.568094,0.198529,0.14046
AACATTGTGACTCGAG-1,0.008452,0.775193,0.026042,0.189782,0.000076,0.000076,0.000076,0.000076,0.000076,0.000076,0.000076
AACCAAGACTTCTCTG-1,0.09589,0.000017,0.021388,0.007169,0.02126,0.000017,0.099781,0.392082,0.124016,0.119065,0.119315
AACCAGTATCACTCTT-1,0.000056,0.000056,0.000056,0.24316,0.000056,0.041584,0.228672,0.068923,0.000056,0.243874,0.173509
AACCATAGGGTTGAAC-1,0.00002,0.00002,0.00002,0.058999,0.00002,0.00002,0.280641,0.017281,0.00002,0.018855,0.624102
AACCATGGGATCGCTA-1,0.000034,0.004998,0.000034,0.354482,0.000034,0.000034,0.000034,0.000034,0.19,0.19088,0.259435
AACCCAGAGACGGAGA-1,0.01849,0.015568,0.016629,0.226587,0.000022,0.018633,0.017423,0.046501,0.244421,0.1205,0.275226
AACCCATCCCATGATC-1,0.000046,0.000478,0.000046,0.697372,0.000046,0.000046,0.009985,0.061704,0.000046,0.007671,0.222559
AACCCGACAACCCGTG-1,0.000049,0.525719,0.206914,0.153881,0.008651,0.001918,0.100269,0.00245,0.000049,0.000049,0.000049
AACCCGAGCAGAATCG-1,0.088488,0.130785,0.775216,0.000022,0.000022,0.000022,0.005359,0.000022,0.000022,0.000022,0.000022
AACCCGATAGGGCTTC-1,0.000024,0.000024,0.003131,0.047638,0.000024,0.03552,0.491712,0.000024,0.009938,0.394349,0.017618
AACCCGCTGTATTCCA-1,0.493198,0.165407,0.136205,0.00858,0.00002,0.039011,0.00002,0.026539,0.08957,0.031333,0.010116
AACCCTACTGTCAATA-1,0.001203,0.574002,0.124148,0.13875,0.026548,0.027548,0.000061,0.107559,0.000061,0.000061,0.000061
AACCCTGGTGGAACCA-1,0.000014,0.000014,0.000014,0.000014,0.000014,0.238232,0.001671,0.002756,0.00328,0.577557,0.176436
AACCGAGCTTGGTCAT-1,0.000032,0.007924,0.000032,0.402322,0.043375,0.000032,0.103892,0.127423,0.274668,0.018396,0.021904
AACCGCTAAGGGATGC-1,0.171227,0.592043,0.2245,0.012026,0.000029,0.000029,0.000029,0.000029,0.000029,0.000029,0.000029
AACCGTTGTGTTTGCT-1,0.000047,0.000047,0.000047,0.259804,0.000047,0.000047,0.007966,0.080836,0.282802,0.197832,0.170525
AACCTAAAGCCGTCCG-1,0.000058,0.016831,0.000058,0.920124,0.000058,0.000058,0.000058,0.000058,0.062579,0.000058,0.000058
AACCTCGCTTTAGCCC-1,0.000053,0.667704,0.1002,0.042645,0.000102,0.000053,0.10448,0.028023,0.000053,0.027722,0.028965
AACCTGTCACGGAATT-1,0.0092,0.409225,0.409017,0.0516,0.000026,0.120802,0.000026,0.000026,0.000026,0.000026,0.000026
AACCTTTAAATACGGT-1,0.025773,0.475323,0.051718,0.000028,0.044905,0.239199,0.006002,0.156969,0.000028,0.000028,0.000028
AACCTTTACGACGTCT-1,0.014565,0.000017,0.01598,0.000017,0.038495,0.325403,0.026899,0.079428,0.019919,0.402999,0.076277
AACGAAAGTCGTCCCA-1,0.000037,0.000037,0.000037,0.611409,0.000037,0.000037,0.106199,0.045717,0.000037,0.043974,0.192477
AACGACCTCCTAGCCG-1,0.000821,0.186531,0.744888,0.000015,0.000015,0.061101,0.006568,0.000015,0.000015,0.000015,0.000015
AACGATAATGCCGTAG-1,0.041788,0.423887,0.458653,0.075444,0.000032,0.000032,0.000032,0.000032,0.000032,0.000032,0.000032
AACGATAGAAGGGCCG-1,0.11913,0.001953,0.000047,0.515382,0.000047,0.000047,0.000047,0.137094,0.150122,0.012469,0.063664
AACGATATGTCAACTG-1,0.013626,0.027251,0.021132,0.304323,0.058827,0.000031,0.024571,0.477986,0.007384,0.023668,0.041202
AACGCATGATCTGGGT-1,0.052377,0.011724,0.021379,0.365825,0.000032,0.009921,0.330871,0.026307,0.061714,0.063958,0.055893
AACGCGAACGGCAACA-1,0.000015,0.000015,0.000015,0.000015,0.002989,0.000015,0.033373,0.004454,0.103789,0.801916,0.053404
AACGCGACCTTGGGCG-1,0.000049,0.676134,0.232426,0.000049,0.000049,0.09105,0.000049,0.000049,0.000049,0.000049,0.000049
AACGCGGTCTCCAGCC-1,0.112381,0.009797,0.028632,0.000385,0.064232,0.0025,0.252867,0.178143,0.141543,0.171426,0.038093
AACGCTGTTGCTGAAA-1,0.095817,0.555314,0.298787,0.049726,0.000051,0.000051,0.000051,0.000051,0.000051,0.000051,0.000051
AACGGACGTACGTATA-1,0.109911,0.329886,0.49849,0.044135,0.000041,0.000041,0.000041,0.000041,0.017334,0.000041,0.000041
AACGGCCATCTCCGGT-1,0.001243,0.407687,0.288476,0.082771,0.000048,0.108032,0.000048,0.111553,0.000048,0.000048,0.000048
AACGTACTGTGGGTAC-1,0.169519,0.517951,0.14158,0.148298,0.000062,0.022278,0.000062,0.000062,0.000062,0.000062,0.000062
AACGTAGTCTACCCAT-1,0.00003,0.000215,0.000224,0.296948,0.001497,0.063549,0.06001,0.00003,0.320917,0.171444,0.085135
AACGTCAGACTAGTGG-1,0.009802,0.004945,0.000027,0.28108,0.005131,0.000027,0.040122,0.291429,0.198768,0.104997,0.063671
AACGTCATCCGGCTTG-1,0.518794,0.181529,0.085401,0.003982,0.000028,0.038022,0.000028,0.06373,0.041169,0.057604,0.009711
AACGTCGCTGCACTTC-1,0.461875,0.163839,0.20452,0.010294,0.000013,0.00718,0.039112,0.000013,0.029645,0.064167,0.019342
AACGTGATGAAGGACA-1,0.000032,0.008553,0.000032,0.210672,0.000032,0.123936,0.121653,0.011184,0.011836,0.410309,0.10176
AACGTGCGAAAGTCTC-1,0.249652,0.311551,0.192155,0.016308,0.012019,0.000027,0.068585,0.067453,0.072553,0.001611,0.008086
AACGTTATCAGCACCT-1,0.000027,0.000027,0.000027,0.081688,0.000027,0.062806,0.027299,0.054185,0.112446,0.303054,0.358413
AACGTTCTACCATTGT-1,0.290038,0.068754,0.249099,0.061897,0.00124,0.073484,0.135451,0.008365,0.032366,0.039415,0.03989
AACTACCCGTTTGTCA-1,0.005241,0.420451,0.574091,0.000027,0.000027,0.000027,0.000027,0.000027,0.000027,0.000027,0.000027
AACTAGCGTATCGCAC-1,0.025432,0.022427,0.004367,0.129675,0.000037,0.000037,0.074046,0.000037,0.018847,0.52213,0.202965
AACTAGGCTTGGGTGT-1,0.176262,0.252248,0.09547,0.005656,0.124085,0.104914,0.015931,0.122025,0.025996,0.036896,0.040516
AACTCAAGTTAATTGC-1,0.222998,0.400594,0.013431,0.348382,0.000044,0.000044,0.000044,0.006647,0.007728,0.000044,0.000044
AACTCCAGAGCGTGTT-1,0.000054,0.773232,0.02173,0.167846,0.000054,0.000054,0.015737,0.000054,0.000054,0.000054,0.021134
AACTCCTAATCCCATG-1,0.000026,0.000026,0.000026,0.19467,0.000026,0.119402,0.107229,0.006338,0.004035,0.396018,0.172202
AACTCGATAAACACGT-1,0.038966,0.007547,0.000032,0.035222,0.000032,0.103521,0.006368,0.002953,0.469199,0.176583,0.159576
AACTCGATGGCGCAGT-1,0.000038,0.003288,0.000038,0.21587,0.000038,0.000038,0.000038,0.000038,0.123237,0.462623,0.194753
AACTCTCAATAGAGCG-1,0.092545,0.24584,0.262436,0.065093,0.038868,0.115436,0.000031,0.000031,0.179658,0.000031,0.000031
AACTCTCAGTGTGCTC-1,0.163826,0.423309,0.226258,0.085101,0.000056,0.000056,0.008875,0.000056,0.065758,0.000056,0.026649
AACTGAGGTCAGCGTC-1,0.000029,0.000029,0.013638,0.067927,0.000029,0.043046,0.373701,0.000029,0.000029,0.255069,0.246475
AACTGAGTTATACTGA-1,0.000041,0.770771,0.050161,0.000041,0.000041,0.17874,0.000041,0.000041,0.000041,0.000041,0.000041
AACTGATATTAGGCCT-1,0.000036,0.000036,0.000036,0.407821,0.000036,0.08863,0.010581,0.109752,0.183591,0.047222,0.15226
AACTGGGTCCCGACGT-1,0.083497,0.00001,0.00001,0.00001,0.003012,0.147882,0.001614,0.163675,0.107646,0.130988,0.361657
AACTGGGTTCGAGCCG-1,0.00002,0.00002,0.00002,0.016898,0.014044,0.00002,0.312344,0.004491,0.117568,0.528451,0.006125
AACTGGTGTGGGCCTT-1,0.000019,0.000019,0.000019,0.000019,0.000019,0.000019,0.000019,0.033961,0.008063,0.508763,0.449083
AACTTCTGCGTCTATC-1,0.132396,0.003274,0.041304,0.026068,0.015073,0.007933,0.007831,0.021406,0.141824,0.34433,0.258562
AACTTGCCCGTATGCA-1,0.012184,0.020897,0.000023,0.094527,0.001103,0.075294,0.03066,0.334555,0.253735,0.138644,0.038378
AACTTGCGTTCTCGCG-1,0.000027,0.000027,0.000027,0.047781,0.000027,0.000027,0.025502,0.032359,0.082954,0.558772,0.252495
AACTTTACGGGAGCTT-1,0.024474,0.000027,0.000027,0.30616,0.000027,0.000027,0.000027,0.305685,0.020797,0.152452,0.190296
AACTTTAGCTGCTGAG-1,0.000061,0.003755,0.000061,0.36365,0.000061,0.000061,0.044766,0.000142,0.267715,0.114453,0.205276
AACTTTCTCGATCATG-1,0.000027,0.036774,0.003637,0.324873,0.000027,0.000027,0.36344,0.000027,0.000134,0.109097,0.161937
AAGAAAGTTTGATGGG-1,0.000025,0.000025,0.000025,0.019403,0.000025,0.711311,0.195935,0.072782,0.000025,0.000417,0.000025
AAGAAATCACCAGATT-1,0.021372,0.023102,0.062364,0.100587,0.009266,0.054757,0.390589,0.003256,0.051026,0.1788,0.104883
AAGAAGGATCAGTTAG-1,0.043821,0.007602,0.02215,0.129916,0.000025,0.000025,0.000142,0.000025,0.053439,0.332916,0.409938
AAGACATACGTGGTTT-1,0.000017,0.019008,0.95229,0.000017,0.000017,0.028567,0.000017,0.000017,0.000017,0.000017,0.000017
AAGACCAAATAACTCA-1,0.008413,0.000017,0.017232,0.106203,0.000017,0.127255,0.295981,0.016071,0.000017,0.157858,0.270936
AAGACCCAACTGAACA-1,0.059211,0.40788,0.402548,0.055439,0.000034,0.000034,0.028381,0.033767,0.012635,0.000034,0.000034
AAGACTAACCCGTTGT-1,0.000047,0.000047,0.000047,0.410267,0.000047,0.1192,0.000047,0.000047,0.431226,0.02881,0.010214
AAGACTCACGCCCACT-1,0.069644,0.034163,0.005623,0.438214,0.000035,0.000035,0.218056,0.000035,0.141565,0.060437,0.032192
AAGACTGCAAGCTACT-1,0.196852,0.443566,0.104938,0.240076,0.000055,0.000055,0.000055,0.000055,0.012614,0.001681,0.000055
AAGAGATGAATCGGTA-1,0.000021,0.000021,0.000021,0.011937,0.052157,0.000021,0.14538,0.17539,0.125032,0.201725,0.288296
AAGAGCTCTTTATCGG-1,0.003105,0.650892,0.000086,0.28521,0.000086,0.000086,0.000086,0.000086,0.060192,0.000086,0.000086
AAGAGGATGTACGCGA-1,0.00003,0.00003,0.00003,0.217305,0.000315,0.00003,0.100549,0.560818,0.105742,0.014077,0.001073
AAGAGGCATGGATCGC-1,0.193324,0.066968,0.272733,0.031635,0.000066,0.424726,0.000066,0.010286,0.000066,0.000066,0.000066
AAGAGGCCCTTTGGAA-1,0.000458,0.300569,0.650158,0.000027,0.000027,0.048629,0.000027,0.000027,0.000027,0.000027,0.000027
AAGATGGCACCGGACC-1,0.10509,0.098886,0.635888,0.140247,0.000037,0.013682,0.000037,0.005196,0.000861,0.000037,0.000037
AAGATTGGCGGAACGT-1,0.061624,0.029627,0.003569,0.080126,0.02137,0.008278,0.172214,0.018739,0.168548,0.046633,0.389271
AAGCACCCTGCGTATC-1,0.254106,0.065394,0.597316,0.002672,0.002936,0.040274,0.000034,0.000034,0.037168,0.000034,0.000034
AAGCATACTCTCCTGA-1,0.112506,0.22093,0.478172,0.032379,0.003068,0.05235,0.022528,0.049845,0.006259,0.001804,0.020159
AAGCCACTTGCAGGTA-1,0.000056,0.061183,0.23055,0.376244,0.000056,0.071454,0.043119,0.217172,0.000056,0.000056,0.000056
AAGCCGAAGCGGTTTA-1,0.000024,0.506276,0.382459,0.000024,0.000024,0.111074,0.000024,0.000024,0.000024,0.000024,0.000024
AAGCCGCCGTGAAATC-1,0.000021,0.000021,0.000021,0.082088,0.004607,0.031811,0.200864,0.446717,0.01133,0.068304,0.154216
AAGCCGCTTTACCTTG-1,0.00001,0.00001,0.00001,0.00001,0.034743,0.064609,0.229549,0.006806,0.009404,0.475327,0.179521
AAGCCGGAGAGCAGGA-1,0.000039,0.385199,0.347135,0.000039,0.000039,0.26735,0.000039,0.000039,0.000039,0.000039,0.000039
AAGCGCAGGGCTTTGA-1,0.107988,0.226951,0.664731,0.000041,0.000041,0.000041,0.000041,0.000041,0.000041,0.000041,0.000041
AAGCGGAGTGCGCGCA-1,0.00004,0.028637,0.00004,0.602046,0.00004,0.007932,0.015982,0.00004,0.00004,0.053947,0.291259
AAGCGGCGTCATGGGT-1,0.000089,0.000089,0.000089,0.792036,0.000089,0.063645,0.064251,0.000089,0.000089,0.063108,0.016426
AAGCGTCCCTCATCGA-1,0.000083,0.31114,0.000083,0.529115,0.000083,0.076435,0.000083,0.082727,0.000083,0.000083,0.000083
AAGCTAGATCGAGTAA-1,0.016768,0.284836,0.609887,0.018328,0.000043,0.028848,0.000043,0.041117,0.000043,0.000043,0.000043
AAGCTATGGATTGACC-1,0.007164,0.006323,0.011471,0.132224,0.00002,0.020147,0.548874,0.002088,0.000506,0.121219,0.149965
AAGCTCGTGCCAAGTC-1,0.552026,0.111938,0.000041,0.180452,0.000041,0.000041,0.000705,0.000041,0.005033,0.000041,0.149641
AAGCTCTTTCATGGTG-1,0.000072,0.569786,0.343879,0.08576,0.000072,0.000072,0.000072,0.000072,0.000072,0.000072,0.000072
AAGGAGAACTTATAAG-1,0.000042,0.000042,0.000042,0.44634,0.000042,0.000042,0.028304,0.000042,0.012812,0.442609,0.06968
AAGGAGCGGTTGGTGC-1,0.007771,0.055449,0.000044,0.411902,0.184373,0.000044,0.000044,0.139375,0.178691,0.007813,0.014494
AAGGATCGATCGCTTG-1,0.072166,0.01275,0.435755,0.000018,0.057686,0.411171,0.009589,0.000018,0.000809,0.000018,0.000018
AAGGATGAGGGACCTC-1,0.174088,0.01552,0.134045,0.514047,0.056281,0.00004,0.010078,0.073765,0.022055,0.00004,0.00004
AAGGCAGGCTGTCTCC-1,0.03806,0.194911,0.709713,0.05366,0.000023,0.000023,0.003517,0.000023,0.000023,0.000023,0.000023
AAGGCGCGTAAAGCTT-1,0.000016,0.000016,0.000016,0.046542,0.202583,0.000016,0.090503,0.189085,0.159268,0.200284,0.111672
AAGGCTGTGCTCATCG-1,0.22673,0.107345,0.000043,0.41731,0.000043,0.000043,0.000043,0.020817,0.16633,0.011285,0.050011
AAGGGAACGACTGGCT-1,0.113734,0.001042,0.217353,0.337214,0.000025,0.000025,0.02524,0.211615,0.018891,0.019083,0.055778
AAGGGACAGATTCTGT-1,0.000025,0.005619,0.000025,0.309481,0.038646,0.029174,0.256813,0.103225,0.199404,0.045546,0.012041
AAGGGACTATGCATTC-1,0.000047,0.026806,0.000047,0.541389,0.000047,0.000047,0.043431,0.362241,0.003628,0.000047,0.022268
AAGGGTTAGCCATGCG-1,0.423755,0.093986,0.141695,0.134172,0.000017,0.048311,0.061298,0.00704,0.013269,0.067191,0.009268
AAGGGTTTGATTTCAG-1,0.000026,0.000026,0.000026,0.002009,0.000026,0.006459,0.520691,0.055055,0.000026,0.151839,0.263814
AAGGTATCCTAATATA-1,0.013549,0.071521,0.000046,0.536628,0.009808,0.000046,0.000046,0.181316,0.109992,0.036097,0.040951
AAGGTGATAAACCAGC-1,0.133813,0.09888,0.436165,0.002599,0.030028,0.031791,0.040852,0.00366,0.031281,0.028373,0.162559
AAGTAAGCTTCCAAAC-1,0.015314,0.158787,0.00533,0.450822,0.000033,0.075871,0.000033,0.000033,0.293708,0.000033,0.000033
AAGTAGAAGACCGGGT-1,0.006028,0.001054,0.000025,0.17103,0.031761,0.029743,0.011691,0.109394,0.376717,0.168608,0.09395
AAGTAGTGACGCGAGG-1,0.021768,0.05005,0.000036,0.46407,0.000036,0.000036,0.001365,0.164569,0.252951,0.024009,0.021111
AAGTCAATTGTCGTCA-1,0.271029,0.154938,0.567403,0.006423,0.00003,0.00003,0.00003,0.00003,0.00003,0.00003,0.00003
AAGTCTAGTAGCTGCC-1,0.051137,0.008083,0.023531,0.046259,0.000321,0.000013,0.412017,0.008611,0.023617,0.280468,0.145942
AAGTCTTCTGTGGCCT-1,0.000015,0.000015,0.000015,0.02061,0.000072,0.038832,0.077205,0.107182,0.020536,0.241939,0.493579
AAGTGACGACCGAATT-1,0.000346,0.037903,0.000023,0.127004,0.007186,0.115967,0.074908,0.549009,0.023123,0.046085,0.018448
AAGTGAGTCGGGTTTA-1,0.272968,0.265796,0.116016,0.045593,0.005889,0.000045,0.241606,0.034515,0.000045,0.000918,0.01661
AAGTGCAAAGGTAGAC-1,0.000021,0.000021,0.000021,0.220638,0.000021,0.02597,0.008776,0.09213,0.176794,0.043478,0.43213
AAGTGCCTTGACTGTA-1,0.016692,0.094305,0.223197,0.006052,0.168195,0.196651,0.243553,0.009507,0.023029,0.015302,0.003517
AAGTGCGTTAGAATCT-1,0.005089,0.000016,0.000016,0.00159,0.108684,0.000016,0.14754,0.390885,0.107626,0.130607,0.107931
AAGTGCTTCTCTATTG-1,0.063864,0.025786,0.071183,0.000018,0.1166,0.276859,0.242001,0.032299,0.055748,0.089219,0.026424
AAGTGTTTGGAGACGG-1,0.000051,0.863839,0.058971,0.057995,0.000051,0.000051,0.000051,0.018836,0.000051,0.000051,0.000051
AAGTTCACTCCAAGCT-1,0.089387,0.230054,0.680246,0.000039,0.000039,0.000039,0.000039,0.000039,0.000039,0.000039,0.000039
AAGTTCAGTCTGCGTA-1,0.119701,0.000034,0.000034,0.46626,0.000034,0.000034,0.083263,0.000034,0.002115,0.061097,0.267393
AAGTTCGGCCAACAGG-1,0.000031,0.063744,0.007456,0.318376,0.116674,0.104041,0.038348,0.344746,0.00652,0.000031,0.000031
AAGTTGTGATGTTATA-1,0.000063,0.800214,0.000066,0.199214,0.000063,0.000063,0.000063,0.000063,0.000063,0.000063,0.000063
AAGTTTACTAATGGCA-1,0.000058,0.000058,0.000058,0.559635,0.000058,0.000058,0.040646,0.036687,0.088345,0.144473,0.129922
AAGTTTATGGGCCCAA-1,0.186334,0.504317,0.296107,0.012908,0.000048,0.000048,0.000048,0.000048,0.000048,0.000048,0.000048
AATAACAACGCTCGGC-1,0.016399,0.000014,0.000014,0.194867,0.001617,0.000014,0.108519,0.440316,0.131176,0.057569,0.049494
AATAACACTAGAACAA-1,0.000045,0.420897,0.000045,0.433299,0.022457,0.030453,0.000045,0.024996,0.06767,0.000045,0.000045
AATAACGTCGCGCCCA-1,0.357089,0.099795,0.205323,0.057016,0.00176,0.051503,0.076451,0.03186,0.065474,0.035295,0.018435
AATAAGTCCTCGAGAC-1,0.000035,0.000035,0.000035,0.196151,0.000035,0.077372,0.10659,0.027973,0.050699,0.487865,0.053212
AATAATCTTCGTATCG-1,0.016553,0.437493,0.500108,0.00003,0.00003,0.031215,0.000163,0.00003,0.014321,0.00003,0.00003
AATACAATGTTTCAGG-1,0.009908,0.011801,0.0024,0.023435,0.015248,0.097652,0.006226,0.015617,0.23965,0.436835,0.141229
AATACCGGAGGGCTGT-1,0.000063,0.710208,0.000063,0.233136,0.025303,0.000063,0.000063,0.000063,0.030912,0.000063,0.000063
AATACCTGATGTGAAC-1,0.529616,0.147563,0.166689,0.015712,0.003108,0.009193,0.012413,0.004142,0.076208,0.033403,0.001954
AATAGAACAGAGTGGC-1,0.169698,0.342709,0.38713,0.100214,0.000036,0.000036,0.000036,0.000036,0.000036,0.000036,0.000036
AATAGAATCTGTTTCA-1,0.218203,0.301968,0.462779,0.002976,0.00003,0.00003,0.000613,0.00003,0.01331,0.00003,0.00003
AATAGCAAGCCTCCTG-1,0.001288,0.003985,0.019556,0.018808,0.000016,0.075469,0.498788,0.001873,0.024893,0.343909,0.011414
AATAGCTACCGCGTGC-1,0.003897,0.000019,0.011052,0.157397,0.002806,0.012491,0.468698,0.039881,0.070882,0.135712,0.097164
AATAGGCACGACCCTT-1,0.227402,0.060641,0.039307,0.096214,0.002437,0.116799,0.074295,0.091597,0.157458,0.074466,0.059383
AATAGTCCGTCCCGAC-1,0.271907,0.07772,0.6501,0.000034,0.000034,0.000034,0.000034,0.000034,0.000034,0.000034,0.000034
AATAGTCGCGAGTCGG-1,0.00001,0.00001,0.00001,0.00001,0.00001,0.060194,0.00001,0.098724,0.054728,0.524598,0.261694
AATATCAAGGTCGGAT-1,0.000022,0.000022,0.000022,0.000022,0.024407,0.000022,0.032933,0.01459,0.159688,0.491905,0.276365
AATATCCTAGCAAACT-1,0.000037,0.000041,0.000037,0.348835,0.000037,0.044343,0.109969,0.000037,0.000037,0.283669,0.212959
AATATCGAATCAATGC-1,0.000024,0.287856,0.70103,0.010924,0.000024,0.000024,0.000024,0.000024,0.000024,0.000024,0.000024
AATATCGAGGGTTCTC-1,0.049094,0.018133,0.083508,0.246622,0.000048,0.071476,0.138107,0.032518,0.033469,0.078358,0.248667
AATATTGGAGTATTGA-1,0.012452,0.000031,0.000031,0.142064,0.015932,0.000031,0.091465,0.16914,0.169792,0.030588,0.368475
AATCAGACTGCAGGAC-1,0.000037,0.000037,0.000037,0.133827,0.006098,0.000037,0.070762,0.046853,0.211319,0.507606,0.023388
AATCAGGTTTCATTTA-1,0.165836,0.154087,0.414212,0.197301,0.000041,0.038112,0.014181,0.006597,0.009552,0.000041,0.000041
AATCATGTAAAGACTC-1,0.00004,0.645917,0.344215,0.009547,0.00004,0.00004,0.00004,0.00004,0.00004,0.00004,0.00004
AATCCAAGGGCCTGAG-1,0.03517,0.000025,0.000025,0.209718,0.005645,0.000025,0.005286,0.092184,0.218806,0.250038,0.183078
AATCCATGCAAGGGTG-1,0.046699,0.000028,0.000028,0.14348,0.000028,0.000028,0.017491,0.000814,0.109974,0.611206,0.070226
AATCCCGCTCAGAGCC-1,0.46764,0.216998,0.119365,0.008208,0.000026,0.022108,0.000026,0.057923,0.045438,0.055845,0.006421
AATCGAGGTCTCAAGG-1,0.463546,0.203236,0.085519,0.009169,0.000021,0.079591,0.055676,0.022557,0.02759,0.036696,0.016397
AATCGCCTCAGCGCCA-1,0.11072,0.445948,0.253482,0.007134,0.017821,0.083541,0.003457,0.000035,0.077793,0.000035,0.000035
AATCGCGCAGAGGACT-1,0.008387,0.227788,0.656173,0.059674,0.000026,0.000026,0.04782,0.000026,0.000026,0.000026,0.000026
AATCGGGACACTACGA-1,0.000044,0.000044,0.000044,0.260599,0.000044,0.000044,0.000044,0.009532,0.000044,0.129758,0.599805
AATCGGTATAGCCCTC-1,0.000038,0.623853,0.366773,0.008612,0.000038,0.000494,0.000038,0.000038,0.000038,0.000038,0.000038
AATCGTGAGCCGAGCA-1,0.0033,0.452593,0.524324,0.000087,0.000039,0.019462,0.000039,0.000039,0.000039,0.000039,0.000039
AATCTAGGTTTACTTG-1,0.00005,0.00005,0.00005,0.531559,0.00005,0.00005,0.028445,0.13454,0.014055,0.026875,0.264276
AATCTATGCCGGAGCC-1,0.036061,0.015616,0.211004,0.486239,0.000381,0.006506,0.191111,0.000032,0.000032,0.008797,0.044221
AATCTCTACTGTGGTT-1,0.000017,0.000017,0.000017,0.038401,0.001453,0.001609,0.09363,0.237601,0.055074,0.33101,0.24117
AATCTGCGTTGGGACG-1,0.322938,0.039251,0.108114,0.029879,0.020815,0.030463,0.149601,0.02676,0.094546,0.092311,0.085322
AATCTGGCTTTCTAGT-1,0.000035,0.000035,0.000035,0.312719,0.000035,0.049629,0.158628,0.160152,0.008011,0.117461,0.193261
AATCTGGGTAGACCCT-1,0.000037,0.000037,0.004405,0.330324,0.000037,0.156002,0.209817,0.000037,0.016537,0.240948,0.041819
AATGACAGCAATGTCT-1,0.000021,0.000021,0.000021,0.000021,0.016253,0.016141,0.233772,0.443829,0.084814,0.176836,0.028269
AATGACGTAGGATGTC-1,0.103905,0.301189,0.120207,0.000022,0.111587,0.242642,0.012781,0.044689,0.061341,0.000022,0.001614
AATGACTGTCAGCCGG-1,0.000035,0.000035,0.000035,0.526176,0.000035,0.000035,0.002154,0.137987,0.211968,0.105852,0.015688
AATGAGTTCGCATATG-1,0.000019,0.000019,0.000019,0.000019,0.000019,0.011642,0.000019,0.001843,0.02284,0.439195,0.524365
AATGATGATACGCTAT-1,0.066464,0.030945,0.002844,0.44185,0.006925,0.010295,0.146784,0.089011,0.122594,0.073756,0.008531
AATGATGCGACTCCTG-1,0.108697,0.00805,0.491248,0.128682,0.000054,0.000054,0.000054,0.262996,0.000054,0.000054,0.000054
AATGCAACCGGGTACC-1,0.079769,0.020028,0.027747,0.073987,0.086204,0.203263,0.009606,0.129335,0.360053,0.006419,0.003589
AATGCACCAAGCAATG-1,0.02235,0.000013,0.000013,0.000013,0.041084,0.07419,0.186157,0.207823,0.065558,0.309854,0.092945
AATGGCCGCCAATGCG-1,0.009571,0.000582,0.033884,0.309527,0.009788,0.065092,0.314621,0.000024,0.129186,0.127281,0.000444
AATGGTCCACCGTTCA-1,0.000012,0.000012,0.000012,0.000012,0.003169,0.171625,0.000378,0.191928,0.093203,0.206277,0.33337
AATGGTTCTCACAAGC-1,0.000018,0.008319,0.000018,0.041172,0.020449,0.000018,0.046432,0.011902,0.12792,0.204903,0.538849
AATGTATGGCACTGTA-1,0.014892,0.000044,0.033073,0.446987,0.000044,0.01199,0.08764,0.110012,0.000044,0.047612,0.247663
AATGTGCCCGAGGTGT-1,0.164415,0.000014,0.051177,0.000014,0.04578,0.257681,0.065511,0.168331,0.173815,0.054284,0.018978
AATGTGCTAATCTGAG-1,0.000063,0.131392,0.000063,0.640944,0.000063,0.000063,0.000063,0.227157,0.000063,0.000063,0.000063
AATGTTAAGACCCTGA-1,0.465321,0.212022,0.118784,0.00783,0.000017,0.068907,0.006761,0.006794,0.031231,0.058637,0.023696
AATGTTGTCGTGAGAC-1,0.066333,0.246665,0.686205,0.000611,0.000027,0.000027,0.000027,0.000027,0.000027,0.000027,0.000027
AATTAAAGGTCGGCGT-1,0.168879,0.456526,0.006415,0.036341,0.078048,0.000045,0.022118,0.098449,0.117395,0.013294,0.002489
AATTAACGGATTTCCA-1,0.162549,0.124518,0.341749,0.000034,0.27683,0.016267,0.07443,0.000034,0.000034,0.000034,0.003522
AATTACGAGACCCATC-1,0.000027,0.000027,0.000027,0.11803,0.000027,0.000027,0.15858,0.014696,0.000184,0.195139,0.513237
AATTACTCGTACGCTC-1,0.026998,0.019658,0.004432,0.036588,0.016141,0.005081,0.008349,0.000394,0.56682,0.231674,0.083864
AATTAGCGCTGCAGCG-1,0.153686,0.187135,0.40423,0.052138,0.07683,0.028679,0.029621,0.041207,0.026398,0.000038,0.000038
AATTATACCCAGCAAG-1,0.568971,0.180309,0.075496,0.003283,0.002439,0.010793,0.032684,0.002594,0.028614,0.050337,0.044481
AATTCATAAGGGATCT-1,0.095805,0.000019,0.007388,0.002231,0.028048,0.000019,0.275762,0.316848,0.042145,0.128491,0.103243
AATTCATTGTCATGCA-1,0.000027,0.008823,0.000027,0.189278,0.000027,0.005206,0.252877,0.05268,0.004025,0.186504,0.300525
AATTCCAACTTGGTGA-1,0.032443,0.00003,0.007638,0.005738,0.00003,0.089241,0.042263,0.00003,0.512783,0.1956,0.114203
AATTCCAAGCATGTAC-1,0.085554,0.703365,0.170877,0.039692,0.000073,0.000073,0.000073,0.000073,0.000073,0.000073,0.000073
AATTCGATTCGAGGAT-1,0.28917,0.380859,0.30756,0.022071,0.000049,0.000049,0.000049,0.000049,0.000049,0.000049,0.000049
AATTCTAGAGTTAGGC-1,0.288641,0.169425,0.541531,0.00005,0.00005,0.00005,0.00005,0.00005,0.00005,0.00005,0.00005
AATTGAACGCTCTGGT-1,0.052336,0.101624,0.775638,0.000034,0.000034,0.070163,0.000034,0.000034,0.000034,0.000034,0.000034
AATTGCAGCAATCGAC-1,0.000044,0.69112,0.09965,0.017432,0.000044,0.000044,0.19149,0.000044,0.000044,0.000044,0.000044
AATTGCGTGGATTACA-1,0.000028,0.000028,0.000028,0.042049,0.000028,0.05967,0.352776,0.04115,0.000028,0.090734,0.413481
AATTGTGGTTGCCAAA-1,0.021181,0.265539,0.703124,0.01,0.000022,0.000022,0.000022,0.000022,0.000022,0.000022,0.000022
AATTTGGGACATAGTA-1,0.000036,0.000036,0.000036,0.340243,0.000036,0.006212,0.010678,0.109231,0.013102,0.246185,0.274206
AATTTGGTTCCAAAGA-1,0.09129,0.012811,0.072617,0.097397,0.002583,0.081505,0.043494,0.054074,0.166817,0.087267,0.290144
ACAAACCATGCGTCCT-1,0.000017,0.000017,0.000017,0.230457,0.000017,0.004784,0.349819,0.236958,0.00298,0.025514,0.149421
ACAAACCGACAAGGCG-1,0.000059,0.036549,0.000059,0.914179,0.000059,0.048796,0.000059,0.000059,0.000059,0.000059,0.000059
ACAAACTCCATCAGAG-1,0.412969,0.136556,0.046233,0.045026,0.010705,0.081996,0.010714,0.020863,0.171331,0.033153,0.030455
ACAAAGAAGGTAGGCC-1,0.000031,0.000031,0.000031,0.488094,0.000031,0.000031,0.140066,0.024301,0.000031,0.071836,0.275517
ACAAAGCATGACCTAG-1,0.037039,0.207061,0.747772,0.000022,0.000022,0.000022,0.00797,0.000022,0.000022,0.000022,0.000022
ACAAATCGCACCGAAT-1,0.011519,0.543722,0.328417,0.094067,0.000038,0.022048,0.000038,0.000038,0.000038,0.000038,0.000038
ACAAATGGTAGTGTTT-1,0.004683,0.821343,0.068654,0.104911,0.000059,0.000059,0.000059,0.000059,0.000059,0.000059,0.000059
ACAAATTCAGATCTGA-1,0.007494,0.023933,0.052515,0.162907,0.000043,0.109466,0.383682,0.000043,0.091796,0.127397,0.040723
ACAACAGCATGAGCTA-1,0.015434,0.467325,0.000053,0.487134,0.029737,0.000053,0.000053,0.000053,0.000053,0.000053,0.000053
ACAACGGTCCCTGCGA-1,0.000019,0.000019,0.000019,0.100344,0.000207,0.005219,0.009589,0.358819,0.151826,0.198806,0.175132
ACAAGCAGTGCCTAGC-1,0.000013,0.000013,0.000013,0.000013,0.019509,0.000013,0.03357,0.232753,0.051978,0.236756,0.425368
ACAAGCTATATGGAAG-1,0.000046,0.014365,0.000046,0.642533,0.000046,0.000046,0.000046,0.141145,0.004755,0.03448,0.162491
ACAAGGAAATCCGCCC-1,0.128712,0.354644,0.493474,0.022936,0.000033,0.000033,0.000033,0.000033,0.000033,0.000033,0.000033
ACAAGGACAAGAGGTT-1,0.041288,0.000015,0.000015,0.017833,0.244783,0.000015,0.064751,0.249085,0.240826,0.095895,0.045494
ACAAGGATGCTTTAGG-1,0.163289,0.119635,0.675071,0.041768,0.000034,0.000034,0.000034,0.000034,0.000034,0.000034,0.000034
ACAAGGCCTACCAGCC-1,0.000022,0.000022,0.000022,0.045423,0.000022,0.020239,0.426331,0.000022,0.018244,0.311913,0.17774
ACAAGGGCAGGCTCTG-1,0.201706,0.091573,0.539565,0.016997,0.086397,0.010174,0.001262,0.010014,0.02371,0.000027,0.018574
ACAAGTAATTGTAAGG-1,0.10186,0.02802,0.003394,0.246559,0.002008,0.072798,0.147441,0.13603,0.122078,0.075855,0.063957
ACAATAGTCGTACGTT-1,0.053047,0.002316,0.189023,0.233103,0.003224,0.004692,0.003906,0.417976,0.052133,0.000927,0.039652
ACAATCCATTTAAACC-1,0.014536,0.004374,0.062135,0.032587,0.01128,0.083854,0.165645,0.380884,0.206193,0.03551,0.003003
ACAATCGATCTTTATA-1,0.000046,0.000046,0.000046,0.333664,0.001482,0.063685,0.254146,0.000046,0.140164,0.195486,0.01119
ACAATGAATACGGAGA-1,0.000063,0.260578,0.037121,0.164482,0.000063,0.537379,0.000063,0.000063,0.000063,0.000063,0.000063
ACAATGATTCTTCTAC-1,0.000032,0.004609,0.04498,0.37611,0.000032,0.000032,0.313585,0.000032,0.000032,0.094233,0.166324
ACAATTGTGTCTCTTT-1,0.017057,0.172733,0.534815,0.029058,0.030815,0.038067,0.079699,0.097668,0.00003,0.00003,0.00003
ACAATTTAGGAGGCTC-1,0.000019,0.000019,0.000019,0.188687,0.000019,0.066561,0.022277,0.123895,0.070926,0.12068,0.406898
ACAATTTGAGCAGTGG-1,0.009903,0.260067,0.000047,0.475212,0.014195,0.000047,0.000047,0.157596,0.082794,0.000047,0.000047
ACAATTTGGCCATATT-1,0.000054,0.866472,0.081748,0.000054,0.000054,0.000054,0.05135,0.000054,0.000054,0.000054,0.000054
ACACAAAGACGGGTGG-1,0.158602,0.09291,0.051464,0.471211,0.000026,0.000026,0.000026,0.092337,0.112269,0.008302,0.012827
ACACAAATATTCCTAG-1,0.000024,0.003316,0.033885,0.291114,0.000024,0.06669,0.283886,0.000024,0.01554,0.16803,0.137466
ACACACCAGGACCAGT-1,0.000037,0.645512,0.228964,0.000037,0.000037,0.12523,0.000037,0.000037,0.000037,0.000037,0.000037
ACACACTTTCTACACG-1,0.06077,0.00002,0.027947,0.00002,0.00851,0.062338,0.082438,0.102291,0.199302,0.272139,0.184224
ACACATGATCAAATCT-1,0.06237,0.00003,0.018825,0.444138,0.00003,0.009195,0.07992,0.101741,0.00374,0.054519,0.225491
ACACATTGACGCAACA-1,0.057886,0.000033,0.000033,0.003018,0.000033,0.109665,0.008895,0.003682,0.49131,0.193098,0.132347
ACACATTTCCGTAGAC-1,0.036502,0.000328,0.929455,0.000026,0.000026,0.033532,0.000026,0.000026,0.000026,0.000026,0.000026
ACACCACATAATTAGC-1,0.000036,0.257883,0.000036,0.538386,0.026991,0.000036,0.17649,0.000036,0.000036,0.000036,0.000036
ACACCCAGCATGCAGC-1,0.00002,0.00002,0.00002,0.019542,0.017764,0.227201,0.031522,0.213797,0.374854,0.09832,0.01694
ACACCCGAGAAATCCG-1,0.061318,0.000015,0.011523,0.072751,0.00351,0.143383,0.030576,0.261256,0.274379,0.078233,0.063056
ACACCCGTAAATCTGT-1,0.003402,0.213175,0.023187,0.413393,0.000047,0.113672,0.000047,0.000047,0.232936,0.000047,0.000047
ACACCGAGCGCTCTTT-1,0.000017,0.000017,0.000017,0.003201,0.011255,0.000017,0.051005,0.000017,0.169635,0.670552,0.094266
ACACCGGTCTGACCGC-1,0.000029,0.003391,0.000029,0.30133,0.000029,0.080009,0.064315,0.336315,0.008718,0.148043,0.057792
ACACCTTAAGTAGGGC-1,0.000042,0.007731,0.000042,0.283029,0.000042,0.000042,0.000042,0.442776,0.188035,0.065019,0.013201
