Barcode,Topic 1,Topic 2to6,Topic 7to10
AAACAAGTATCTCCCA-1,0.568139,0.02678,0.405081
AAACAATCTACTAGCA-1,0.000025,0.741478,0.258497
AAACACCAATAACTGC-1,0.053905,0.077918,0.868178
AAACAGAGCGACTCCT-1,0.000029,0.681207,0.318764
AAACAGCTTTCAGAAG-1,0.073455,0.508864,0.41768
AAACAGGGTCTATATT-1,0.128956,0.31842,0.552624
AAACAGTGTTCCTGGG-1,0.052359,0.093866,0.853776
AAACATGGTGAGAGGA-1,0.000029,0.45549,0.544481
AAACATTTCCCGGATT-1,0.553696,0.024824,0.42148
AAACCACTACACAGAT-1,0.007532,0.249386,0.743082
AAACCCGAACGAAATC-1,0.344476,0.133975,0.521549
AAACCGGAAATGTTAA-1,0.807019,0.033038,0.159943
AAACCGGGTAGGTACC-1,0.064917,0.491578,0.443505
AAACCGTTCGTCCAGG-1,0.135107,0.288627,0.576266
AAACCTAAGCAGCCGG-1,0.312424,0.352176,0.3354
AAACCTCATGAAGTTG-1,0.000074,0.121256,0.87867
AAACGAAGAACATACC-1,0.000044,0.295103,0.704853
AAACGAAGATGGAGTA-1,0.000063,0.508382,0.491554
AAACGACAGTCTTGCC-1,0.000017,0.424485,0.575498
AAACGAGACGGTTGAT-1,0.04221,0.852664,0.105126
AAACGCCCGAGATCGG-1,0.000039,0.226308,0.773654
AAACGCTGGGCACGAC-1,0.897849,0.07267,0.029481
AAACGGGCGTACGGGT-1,0.653708,0.08038,0.265912
AAACGGTTGCGAACTG-1,0.008808,0.317222,0.67397
AAACGTGTTCGCCCTA-1,0.001411,0.680565,0.318024
AAACTAACGTGGCGAC-1,0.00172,0.311816,0.686465
AAACTCGGTTCGCAAT-1,0.012895,0.358912,0.628193
AAACTCGTGATATAAG-1,0.05604,0.364244,0.579717
AAACTGCTGGCTCCAA-1,0.065039,0.758712,0.176249
AAACTTAATTGCACGC-1,0.058646,0.358462,0.582892
AAACTTGCAAACGTAT-1,0.000059,0.209556,0.790384
AAAGAATGACCTTAGA-1,0.00003,0.342678,0.657293
AAAGAATGTGGACTAA-1,0.86981,0.024895,0.105295
AAAGACATGAAGTTTA-1,0.029719,0.216883,0.753398
AAAGACCCAAGTCGCG-1,0.000043,0.190081,0.809876
AAAGACTGGGCGCTTT-1,0.026271,0.134798,0.838931
AAAGCTTGCCTACATA-1,0.002453,0.844176,0.153371
AAAGGCCCTATAATAC-1,0.001599,0.153784,0.844617
AAAGGCTACGGACCAT-1,0.004478,0.509986,0.485536
AAAGGCTCTCGCGCCG-1,0.005706,0.618207,0.376087
AAAGGGATGTAGCAAG-1,0.146372,0.629631,0.223997
AAAGGGCAGCTTGAAT-1,0.00003,0.744283,0.255687
AAAGGTAAGCTGTACC-1,0.000041,0.350993,0.648966
AAAGGTCAACGACATG-1,0.033732,0.591903,0.374365
AAAGTAGCATTGCTCA-1,0.00484,0.227399,0.767761
AAAGTCACTGATGTAA-1,0.000043,0.451882,0.548075
AAAGTCGACCCTCAGT-1,0.232087,0.133089,0.634825
AAAGTGCCATCAATTA-1,0.99646,0.000094,0.003446
AAAGTGTGATTTATCT-1,0.11235,0.151597,0.736053
AAAGTTGACTCCCGTA-1,0.056879,0.274968,0.668153
AAATAACCATACGGGA-1,0.00003,0.559416,0.440554
AAATAAGGTAGTGCCC-1,0.01737,0.673789,0.308841
AAATACCTATAAGCAT-1,0.188937,0.23561,0.575454
AAATAGCTTAGACTTT-1,0.020578,0.454829,0.524592
AAATAGGGTGCTATTG-1,0.171487,0.319769,0.508743
AAATCACTCCTAAACG-1,0.000029,0.860973,0.138998
AAATCCGATACACGCC-1,0.494547,0.00948,0.495973
AAATCGCGGAAGGAGT-1,0.000094,0.016602,0.983304
AAATCGTGTACCACAA-1,0.044303,0.190387,0.765311
AAATCTAGCCCTGCTA-1,0.503756,0.000252,0.495992
AAATCTGCCCGCGTCC-1,0.000023,0.422551,0.577426
AAATGACTGATCAAAC-1,0.059208,0.388946,0.551846
AAATGATTCGATCAGC-1,0.01469,0.187893,0.797417
AAATGCTCGTTACGTT-1,0.007725,0.281095,0.711179
AAATGGCATGTCTTGT-1,0.000026,0.563815,0.43616
AAATGGCCCGTGCCCT-1,0.336322,0.363959,0.299719
AAATGGTCAATGTGCC-1,0.001964,0.616909,0.381126
AAATGTATCTTATCCC-1,0.021484,0.221162,0.757354
AAATGTGGGTGCTCCT-1,0.000027,0.860318,0.139656
AAATTAACGGGTAGCT-1,0.010957,0.815601,0.173442
AAATTAATAAGCGCGA-1,0.000076,0.033726,0.966197
AAATTACACGACTCTG-1,0.009482,0.487895,0.502623
AAATTACCTATCGATG-1,0.001803,0.407859,0.590338
AAATTCCAGGTCCAAA-1,0.052599,0.590103,0.357297
AAATTGATAGTCCTTT-1,0.004749,0.174336,0.820916
AAATTGGTGAGAAGCA-1,0.000015,0.827484,0.172501
AAATTTACCGAAATCC-1,0.000035,0.462772,0.537194
AAATTTGCGGGTGTGG-1,0.000025,0.692347,0.307628
AACAACTGGTAGTTGC-1,0.000029,0.701495,0.298476
AACAATACATTGTCGA-1,0.000022,0.641496,0.358482
AACAATTACTCTACGC-1,0.000022,0.970627,0.029352
AACACACGCTCGCCGC-1,0.195364,0.745026,0.05961
AACACGACTGTACTGA-1,0.000813,0.625534,0.373653
AACACGAGACGCGGCC-1,0.005463,0.221225,0.773313
AACACGCGGCCGCGAA-1,0.000047,0.331605,0.668348
AACAGCTGTGTGGCAA-1,0.000033,0.371223,0.628744
AACAGGAAATCGAATA-1,0.013858,0.422751,0.563391
AACAGGATGGGCCGCG-1,0.000036,0.477677,0.522287
AACAGGTAGTATGGAT-1,0.529804,0.000314,0.469881
AACATAGCGTGTATCG-1,0.556226,0.21895,0.224824
AACATATCAACTGGTG-1,0.00002,0.657271,0.342709
AACATCGATACGTCTA-1,0.000026,0.791038,0.208936
AACATTGAAGTTGATC-1,0.000015,0.889612,0.110372
AACATTGTGACTCGAG-1,0.000014,0.901062,0.098924
AACCAAGACTTCTCTG-1,0.005307,0.609756,0.384937
AACCAGTATCACTCTT-1,0.000055,0.533087,0.466857
AACCATAGGGTTGAAC-1,0.030721,0.20277,0.766509
AACCATGGGATCGCTA-1,0.000032,0.764469,0.235499
AACCCAGAGACGGAGA-1,0.004645,0.540482,0.454873
AACCCATCCCATGATC-1,0.064223,0.118466,0.817311
AACCCGACAACCCGTG-1,0.032986,0.092155,0.87486
AACCCGAGCAGAATCG-1,0.862767,0.000196,0.137037
AACCCGATAGGGCTTC-1,0.025325,0.397056,0.577619
AACCCGCTGTATTCCA-1,0.070643,0.491407,0.43795
AACCCTACTGTCAATA-1,0.039876,0.331875,0.628248
AACCCTGGTGGAACCA-1,0.000044,0.301019,0.698937
AACCGAGCTTGGTCAT-1,0.025618,0.472552,0.50183
AACCGCTAAGGGATGC-1,0.096007,0.351477,0.552516
AACCGTTGTGTTTGCT-1,0.000039,0.722517,0.277443
AACCTAAAGCCGTCCG-1,0.000032,0.303163,0.696805
AACCTCGCTTTAGCCC-1,0.374259,0.164155,0.461586
AACCTGTCACGGAATT-1,0.013567,0.646405,0.340029
AACCTTTAAATACGGT-1,0.013714,0.841161,0.145126
AACCTTTACGACGTCT-1,0.000029,0.794939,0.205032
AACGAAAGTCGTCCCA-1,0.000151,0.000753,0.999096
AACGACCTCCTAGCCG-1,0.968933,0.020491,0.010577
AACGATAATGCCGTAG-1,0.008154,0.90893,0.082916
AACGATAGAAGGGCCG-1,0.000029,0.766409,0.233562
AACGATATGTCAACTG-1,0.039559,0.482839,0.477602
AACGCATGATCTGGGT-1,0.006399,0.541717,0.451885
AACGCGAACGGCAACA-1,0.065969,0.413838,0.520193
AACGCGACCTTGGGCG-1,0.068223,0.714885,0.216892
AACGCGGTCTCCAGCC-1,0.022724,0.51527,0.462006
AACGCTGTTGCTGAAA-1,0.572075,0.207446,0.220479
AACGGACGTACGTATA-1,0.330592,0.087251,0.582158
AACGGCCATCTCCGGT-1,0.000024,0.576747,0.423229
AACGTACTGTGGGTAC-1,0.042313,0.33057,0.627117
AACGTAGTCTACCCAT-1,0.000039,0.596708,0.403253
AACGTCAGACTAGTGG-1,0.000054,0.234367,0.765579
AACGTCATCCGGCTTG-1,0.017046,0.258782,0.724172
AACGTCGCTGCACTTC-1,0.81566,0.182916,0.001424
AACGTGATGAAGGACA-1,0.000031,0.417917,0.582051
AACGTGCGAAAGTCTC-1,0.011119,0.325171,0.663709
AACGTTCTACCATTGT-1,0.874607,0.000235,0.125158
AACTACCCGTTTGTCA-1,0.318582,0.146501,0.534916
AACTAGCGTATCGCAC-1,0.000048,0.319976,0.679976
AACTAGGCTTGGGTGT-1,0.037819,0.371719,0.590461
AACTCAAGTTAATTGC-1,0.036173,0.411645,0.552182
AACTCCAGAGCGTGTT-1,0.720914,0.092272,0.186815
AACTCCTAATCCCATG-1,0.019972,0.367444,0.612584
AACTCGATGGCGCAGT-1,0.00008,0.1832,0.81672
AACTCTCAATAGAGCG-1,0.000031,0.543453,0.456516
AACTCTCAGTGTGCTC-1,0.002387,0.543959,0.453655
AACTGAGGTCAGCGTC-1,0.002299,0.319898,0.677803
AACTGAGTTATACTGA-1,0.67648,0.257679,0.065841
AACTGATATTAGGCCT-1,0.000023,0.705881,0.294096
AACTGGGTCCCGACGT-1,0.000032,0.403224,0.596745
AACTGGGTTCGAGCCG-1,0.000045,0.636272,0.363683
AACTGGTGTGGGCCTT-1,0.00006,0.154647,0.845293
AACTTCTGCGTCTATC-1,0.100657,0.000625,0.898718
AACTTGCCCGTATGCA-1,0.000032,0.759624,0.240344
AACTTGCGTTCTCGCG-1,0.000145,0.03676,0.963095
AACTTTACGGGAGCTT-1,0.020006,0.000643,0.979352
AACTTTAGCTGCTGAG-1,0.000054,0.160422,0.839524
AACTTTCTCGATCATG-1,0.050256,0.185866,0.763878
AAGAAAGTTTGATGGG-1,0.073675,0.00015,0.926176
AAGAAATCACCAGATT-1,0.01957,0.371326,0.609104
AAGAAGGATCAGTTAG-1,0.000083,0.325408,0.674508
AAGACATACGTGGTTT-1,0.851981,0.055302,0.092716
AAGACCAAATAACTCA-1,0.025481,0.122516,0.852003
AAGACCCAACTGAACA-1,0.011566,0.846914,0.141521
AAGACTAACCCGTTGT-1,0.028934,0.442318,0.528748
AAGACTCACGCCCACT-1,0.00004,0.316343,0.683617
AAGACTGCAAGCTACT-1,0.001812,0.649034,0.349154
AAGAGATGAATCGGTA-1,0.000058,0.056731,0.943212
AAGAGCTCTTTATCGG-1,0.000172,0.873169,0.126658
AAGAGGATGTACGCGA-1,0.000026,0.746255,0.253718
AAGAGGCATGGATCGC-1,0.000019,0.57613,0.423851
AAGAGGCCCTTTGGAA-1,0.700089,0.041091,0.258821
AAGATGGCACCGGACC-1,0.019824,0.902229,0.077946
AAGATTGGCGGAACGT-1,0.058848,0.300425,0.640726
AAGCACCCTGCGTATC-1,0.141034,0.027463,0.831503
AAGCATACTCTCCTGA-1,0.007537,0.428172,0.564291
AAGCCACTTGCAGGTA-1,0.000023,0.113358,0.886618
AAGCCGAAGCGGTTTA-1,0.36609,0.100276,0.533633
AAGCCGCCGTGAAATC-1,0.000021,0.526453,0.473525
AAGCCGCTTTACCTTG-1,0.000018,0.785459,0.214523
AAGCCGGAGAGCAGGA-1,0.887741,0.000176,0.112083
AAGCGCAGGGCTTTGA-1,0.206417,0.275385,0.518197
AAGCGGAGTGCGCGCA-1,0.015252,0.657265,0.327483
AAGCGGCGTCATGGGT-1,0.00004,0.330964,0.668996
AAGCGTCCCTCATCGA-1,0.00004,0.380543,0.619417
AAGCTAGATCGAGTAA-1,0.051301,0.530606,0.418092
AAGCTATGGATTGACC-1,0.010987,0.784432,0.204581
AAGCTCGTGCCAAGTC-1,0.034013,0.565063,0.400924
AAGCTCTTTCATGGTG-1,0.227073,0.125002,0.647925
AAGGAGAACTTATAAG-1,0.000027,0.791329,0.208644
AAGGAGCGGTTGGTGC-1,0.000044,0.219439,0.780518
AAGGATCGATCGCTTG-1,0.099336,0.12469,0.775974
AAGGATGAGGGACCTC-1,0.023794,0.134963,0.841243
AAGGCAGGCTGTCTCC-1,0.200953,0.54271,0.256337
AAGGCGCGTAAAGCTT-1,0.036675,0.679312,0.284013
AAGGCTGTGCTCATCG-1,0.00003,0.374479,0.625492
AAGGGAACGACTGGCT-1,0.000028,0.263662,0.736311
AAGGGACAGATTCTGT-1,0.000031,0.280523,0.719446
AAGGGACTATGCATTC-1,0.000045,0.575289,0.424665
AAGGGTTAGCCATGCG-1,0.999826,0.000097,0.000077
AAGGGTTTGATTTCAG-1,0.000088,0.07559,0.924322
AAGGTATCCTAATATA-1,0.000022,0.599487,0.400491
AAGGTGATAAACCAGC-1,0.091225,0.405507,0.503268
AAGTAAGCTTCCAAAC-1,0.000039,0.574847,0.425115
AAGTAGAAGACCGGGT-1,0.037727,0.471753,0.490519
AAGTAGTGACGCGAGG-1,0.000049,0.187853,0.812097
AAGTCAATTGTCGTCA-1,0.206111,0.287108,0.506781
AAGTCTAGTAGCTGCC-1,0.020404,0.703756,0.27584
AAGTCTTCTGTGGCCT-1,0.000125,0.38122,0.618655
AAGTGACGACCGAATT-1,0.00004,0.246853,0.753107
AAGTGAGTCGGGTTTA-1,0.023921,0.173112,0.802967
AAGTGCAAAGGTAGAC-1,0.057862,0.329964,0.612174
AAGTGCCTTGACTGTA-1,0.177672,0.740888,0.081441
AAGTGCGTTAGAATCT-1,0.000042,0.125241,0.874717
AAGTGCTTCTCTATTG-1,0.000054,0.07768,0.922265
AAGTGTTTGGAGACGG-1,0.099239,0.185593,0.715168
AAGTTCACTCCAAGCT-1,0.342886,0.013899,0.643215
AAGTTCAGTCTGCGTA-1,0.042707,0.508159,0.449134
AAGTTCGGCCAACAGG-1,0.000025,0.709571,0.290405
AAGTTGTGATGTTATA-1,0.487105,0.338334,0.174561
AAGTTTACTAATGGCA-1,0.000067,0.423759,0.576174
AAGTTTATGGGCCCAA-1,0.027845,0.291508,0.680647
AATAACAACGCTCGGC-1,0.011709,0.090879,0.897413
AATAACACTAGAACAA-1,0.000027,0.339793,0.66018
AATAACGTCGCGCCCA-1,0.853863,0.098925,0.047212
AATAAGTCCTCGAGAC-1,0.000031,0.672397,0.327572
AATAATCTTCGTATCG-1,0.512258,0.279077,0.208665
AATACAATGTTTCAGG-1,0.000135,0.000675,0.99919
AATACCGGAGGGCTGT-1,0.064765,0.445694,0.489541
AATACCTGATGTGAAC-1,0.802773,0.197153,0.000074
AATAGAACAGAGTGGC-1,0.010743,0.386394,0.602862
AATAGAATCTGTTTCA-1,0.11236,0.215084,0.672556
AATAGCAAGCCTCCTG-1,0.05732,0.538018,0.404661
AATAGCTACCGCGTGC-1,0.02346,0.418075,0.558465
AATAGGCACGACCCTT-1,0.010695,0.111009,0.878295
AATAGTCCGTCCCGAC-1,0.145087,0.11094,0.743973
AATAGTCGCGAGTCGG-1,0.015609,0.376293,0.608098
AATATCAAGGTCGGAT-1,0.02678,0.641305,0.331915
AATATCCTAGCAAACT-1,0.000051,0.681206,0.318743
AATATCGAATCAATGC-1,0.373567,0.33526,0.291173
AATATCGAGGGTTCTC-1,0.00003,0.632008,0.367961
AATATTGGAGTATTGA-1,0.00004,0.556857,0.443103
AATCAGGTTTCATTTA-1,0.000051,0.185121,0.814827
AATCATGTAAAGACTC-1,0.321154,0.036703,0.642143
AATCCAAGGGCCTGAG-1,0.00003,0.635685,0.364285
AATCCATGCAAGGGTG-1,0.117914,0.131359,0.750727
AATCCCGCTCAGAGCC-1,0.002758,0.592939,0.404303
AATCGAGGTCTCAAGG-1,0.471084,0.425123,0.103793
AATCGCCTCAGCGCCA-1,0.000018,0.701056,0.298926
AATCGCGCAGAGGACT-1,0.132292,0.125919,0.741789
AATCGGGACACTACGA-1,0.000057,0.339853,0.66009
AATCGGTATAGCCCTC-1,0.959178,0.040765,0.000057
AATCGTGAGCCGAGCA-1,0.214598,0.685834,0.099568
AATCTAGGTTTACTTG-1,0.10269,0.005432,0.891877
AATCTATGCCGGAGCC-1,0.000038,0.417232,0.582731
AATCTCTACTGTGGTT-1,0.067115,0.503002,0.429883
AATCTGCGTTGGGACG-1,0.000019,0.765397,0.234584
AATCTGGCTTTCTAGT-1,0.01639,0.046679,0.936931
AATCTGGGTAGACCCT-1,0.000043,0.438977,0.560981
AATGACAGCAATGTCT-1,0.000032,0.564391,0.435577
AATGACGTAGGATGTC-1,0.085611,0.551876,0.362513
AATGACTGTCAGCCGG-1,0.043735,0.415944,0.540322
AATGAGTTCGCATATG-1,0.211421,0.064835,0.723744
AATGATGATACGCTAT-1,0.000029,0.750855,0.249117
AATGATGCGACTCCTG-1,0.000019,0.888079,0.111902
AATGCAACCGGGTACC-1,0.031233,0.641156,0.327611
AATGCACCAAGCAATG-1,0.014839,0.813131,0.17203
AATGGCCGCCAATGCG-1,0.000017,0.317394,0.682589
AATGGTCCACCGTTCA-1,0.000096,0.086502,0.913402
AATGGTTCTCACAAGC-1,0.000034,0.773434,0.226532
AATGTATGGCACTGTA-1,0.090595,0.000671,0.908734
AATGTGCCCGAGGTGT-1,0.000029,0.717533,0.282438
AATGTGCTAATCTGAG-1,0.000026,0.468568,0.531406
AATGTTAAGACCCTGA-1,0.39026,0.248613,0.361127
AATGTTGTCGTGAGAC-1,0.945798,0.024213,0.029989
AATTAAAGGTCGGCGT-1,0.043718,0.694063,0.262219
AATTAACGGATTTCCA-1,0.011626,0.458598,0.529776
AATTACGAGACCCATC-1,0.000145,0.000723,0.999133
AATTACTCGTACGCTC-1,0.03182,0.465428,0.502751
AATTAGCGCTGCAGCG-1,0.018354,0.955746,0.025901
AATTATACCCAGCAAG-1,0.550183,0.311617,0.1382
AATTCATAAGGGATCT-1,0.015796,0.374395,0.609808
AATTCATTGTCATGCA-1,0.179987,0.000871,0.819141
AATTCCAAGCATGTAC-1,0.022322,0.626733,0.350944
AATTCGATTCGAGGAT-1,0.243567,0.169775,0.586658
AATTCTAGAGTTAGGC-1,0.00004,0.449454,0.550506
AATTGAACGCTCTGGT-1,0.088647,0.184697,0.726656
AATTGCAGCAATCGAC-1,0.719422,0.076833,0.203745
AATTGCGTGGATTACA-1,0.029692,0.087541,0.882768
AATTGTGGTTGCCAAA-1,0.876786,0.015187,0.108027
AATTTGGGACATAGTA-1,0.00003,0.754164,0.245806
AATTTGGTTCCAAAGA-1,0.000025,0.916256,0.083719
ACAAACCATGCGTCCT-1,0.000061,0.09169,0.908249
ACAAACCGACAAGGCG-1,0.000033,0.422984,0.576984
ACAAACTCCATCAGAG-1,0.000025,0.808008,0.191968
ACAAAGAAGGTAGGCC-1,0.000071,0.428746,0.571183
ACAAAGCATGACCTAG-1,0.835512,0.057689,0.106798
ACAAATCGCACCGAAT-1,0.094814,0.160308,0.744878
ACAAATGGTAGTGTTT-1,0.099479,0.331616,0.568905
ACAAATTCAGATCTGA-1,0.000023,0.888566,0.111411
ACAACAGCATGAGCTA-1,0.078625,0.282303,0.639072
ACAACGGTCCCTGCGA-1,0.000045,0.383922,0.616032
ACAAGCAGTGCCTAGC-1,0.000029,0.595853,0.404118
ACAAGCTATATGGAAG-1,0.000037,0.898395,0.101569
ACAAGGAAATCCGCCC-1,0.025812,0.77244,0.201748
ACAAGGACAAGAGGTT-1,0.018915,0.10888,0.872205
ACAAGGATGCTTTAGG-1,0.549266,0.035216,0.415518
ACAAGGCCTACCAGCC-1,0.001084,0.167759,0.831157
ACAAGGGCAGGCTCTG-1,0.042874,0.897723,0.059403
ACAAGTAATTGTAAGG-1,0.077497,0.065237,0.857266
ACAATAGTCGTACGTT-1,0.057318,0.287272,0.65541
ACAATCCATTTAAACC-1,0.000043,0.454705,0.545252
ACAATCGATCTTTATA-1,0.000067,0.32967,0.670263
ACAATGAATACGGAGA-1,0.000038,0.335078,0.664884
ACAATGATTCTTCTAC-1,0.0086,0.836315,0.155085
ACAATTGTGTCTCTTT-1,0.343855,0.215559,0.440586
ACAATTTAGGAGGCTC-1,0.102504,0.477141,0.420355
ACAATTTGAGCAGTGG-1,0.009302,0.224923,0.765775
ACAATTTGGCCATATT-1,0.432099,0.024288,0.543612
ACACAAAGACGGGTGG-1,0.001373,0.847309,0.151319
ACACAAATATTCCTAG-1,0.016513,0.41928,0.564206
ACACACCAGGACCAGT-1,0.111158,0.237335,0.651507
ACACACTTTCTACACG-1,0.123435,0.601804,0.274761
ACACATGATCAAATCT-1,0.093388,0.147804,0.758808
ACACATTTCCGTAGAC-1,0.102515,0.727982,0.169504
ACACCACATAATTAGC-1,0.000017,0.846684,0.153299
ACACCCAGCATGCAGC-1,0.075086,0.350076,0.574839
ACACCCGAGAAATCCG-1,0.000029,0.569883,0.430088
ACACCCGTAAATCTGT-1,0.000019,0.45299,0.54699
ACACCGAGCGCTCTTT-1,0.042566,0.269717,0.687717
ACACCGGTCTGACCGC-1,0.086649,0.019577,0.893774
ACACCTTAAGTAGGGC-1,0.024146,0.442897,0.532957
ACACCTTACTACTTGC-1,0.15973,0.198397,0.641873
ACACGAGACTCCTTCT-1,0.000019,0.75921,0.24077
ACACGGCACTATGCAT-1,0.000063,0.039448,0.960489
ACACGGGAACTTAGGG-1,0.002123,0.77885,0.219027
ACACGTAGGCCACAAG-1,0.736512,0.000331,0.263157
ACACTCCAATGTCACT-1,0.052911,0.118125,0.828964
ACACTGATCAAGGTGT-1,0.072884,0.637037,0.290079
ACACTGGGACAGTCGT-1,0.794569,0.079942,0.125489
ACAGAACTGAGAACAA-1,0.00002,0.962731,0.037249
ACAGATTAGGTTAGTG-1,0.00006,0.544378,0.455562
ACAGCATAGAGCCAGT-1,0.00003,0.721226,0.278744
ACAGCGACATTCTCAT-1,0.775518,0.145289,0.079193
ACAGCGCACCCGCAGC-1,0.012694,0.386777,0.600529
ACAGGCACGGATCCTT-1,0.814962,0.184952,0.000086
ACAGGCTTGCCCGACT-1,0.03346,0.94994,0.0166
ACAGGTGGAGGTGAGG-1,0.002313,0.307961,0.689727
ACAGGTGTGTTGTTGC-1,0.000046,0.656519,0.343435
ACAGTAATACAACTTG-1,0.057744,0.054993,0.887263
ACAGTATACCGTGGGA-1,0.000037,0.511313,0.48865
ACAGTGCAGCGCATTT-1,0.047786,0.74366,0.208555
ACATAAGTCGTGGTGA-1,0.040004,0.00073,0.959266
ACATAATAAGGCGGTG-1,0.037194,0.874883,0.087922
ACATACAATCAAGCGG-1,0.467822,0.505745,0.026433
ACATCAGCTGGGACGC-1,0.036336,0.365691,0.597973
ACATCCCGGCCATACG-1,0.012142,0.755025,0.232832
ACATCCTGGTAACTGT-1,0.226846,0.063973,0.709181
ACATCGATCGTTTACC-1,0.041455,0.663262,0.295284
ACATCGCAATATTCGG-1,0.011572,0.425789,0.562639
ACATCGGTCAGCCGCG-1,0.017455,0.508828,0.473717
ACATCGTATGCAATGG-1,0.024678,0.129053,0.846269
ACATCGTTAACCTAGT-1,0.000043,0.279921,0.720036
ACATCTCAACGCGTAA-1,0.000057,0.09614,0.903804
ACATGCTTACGGCAGC-1,0.00007,0.00035,0.99958
ACATGGCGCCAAAGTA-1,0.223784,0.46366,0.312557
ACATGGCTCAATTTAG-1,0.047472,0.40297,0.549558
ACATTAGTTTATATCC-1,0.053615,0.901135,0.04525
ACATTCGCGCGGAATA-1,0.00002,0.404526,0.595455
ACATTTGAAACCTAAC-1,0.94436,0.035259,0.020381
ACCAAACACCCAGCGA-1,0.000032,0.239249,0.760719
ACCAAACTAGAAATCC-1,0.000047,0.379914,0.620039
ACCAACACCACACACT-1,0.000028,0.499335,0.500637
ACCAACCGCACTCCAC-1,0.79434,0.005477,0.200182
ACCAACGCTTATTTAT-1,0.0759,0.701347,0.222754
ACCAAGAACGCGTGTC-1,0.000025,0.660681,0.339293
ACCAAGTCATCGGCAG-1,0.894804,0.082166,0.023029
ACCAATATGCAAGTTA-1,0.025049,0.545106,0.429845
ACCACAACTCAGAACA-1,0.01712,0.465658,0.517222
ACCACAAGTTTCTATC-1,0.037914,0.438662,0.523424
ACCACACGGTTGATGG-1,0.108181,0.742381,0.149438
ACCACCAATGTAACAA-1,0.02873,0.498092,0.473179
ACCACCCTCTCTTCTA-1,0.079144,0.182974,0.737882
ACCACGTGCAGCTATA-1,0.21412,0.276117,0.509764
ACCACTGTTCAAGAAG-1,0.064432,0.303653,0.631915
ACCAGACCATAACAAC-1,0.04748,0.096783,0.855737
ACCAGCCCGGTCTTTG-1,0.028101,0.411809,0.560089
ACCAGGAGTGTGATCT-1,0.000061,0.172911,0.827029
ACCAGTGCCCGGTCAA-1,0.000032,0.70285,0.297118
ACCAGTGCGGGAGACG-1,0.110349,0.229082,0.660569
ACCATATCCGCAATAA-1,0.025213,0.821426,0.153362
ACCATCGTATATGGTA-1,0.023468,0.462259,0.514273
ACCATTAAGGGTGTCA-1,0.072346,0.37811,0.549544
ACCCAACGCCCGTGGC-1,0.036876,0.790218,0.172907
ACCCACCTACATGCTC-1,0.000042,0.506242,0.493716
ACCCATCTTGAGGGTA-1,0.033021,0.636846,0.330134
ACCCATTTGTCCCTCT-1,0.147392,0.850446,0.002162
ACCCGAGCGAAATTAC-1,0.000025,0.589923,0.410052
ACCCGATTGGTTCCGA-1,0.000028,0.83606,0.163913
ACCCGGAAACTCCCAG-1,0.034193,0.684801,0.281006
ACCCGGAGCACCACAA-1,0.833477,0.052277,0.114246
ACCCGGATGACGCATC-1,0.068394,0.374975,0.556632
ACCCGGTTACACTTCC-1,0.002135,0.583781,0.414085
ACCCGTAGCAGAGAAT-1,0.102111,0.067211,0.830678
ACCCGTAGTCTAGTTG-1,0.850334,0.008938,0.140728
ACCCGTGTCATCAGTA-1,0.055261,0.231089,0.71365
ACCCTATAGGACTGAG-1,0.028869,0.304226,0.666905
ACCCTATGCCATATCG-1,0.000026,0.630296,0.369678
ACCCTCCCGTCAGGGC-1,0.804213,0.031758,0.164029
ACCCTCCCTTGCTATT-1,0.109395,0.2545,0.636105
ACCCTGGTAACGCCCT-1,0.000046,0.249736,0.750218
ACCCTTCATCTGCGAA-1,0.017987,0.613432,0.368581
ACCCTTGCCTGGGTCG-1,0.015409,0.641239,0.343353
ACCCTTTAGTTCTCCA-1,0.000031,0.704109,0.29586
ACCGAAAGGGCCCTGC-1,0.002119,0.942909,0.054972
ACCGAAGAGTCTGGTT-1,0.032679,0.476373,0.490949
ACCGACACATCTCCCA-1,0.042927,0.695341,0.261731
ACCGACTGAGTCCCAC-1,0.009039,0.518898,0.472063
ACCGAGTCTCCTTATT-1,0.556669,0.214784,0.228547
ACCGATAGGCATAACC-1,0.644646,0.294245,0.061109
ACCGATATTTAATCAT-1,0.503208,0.435263,0.061529
ACCGATGGTAGCATCG-1,0.012647,0.333687,0.653666
ACCGCAATAACTGCCT-1,0.29497,0.120774,0.584256
ACCGCGGTGGAAGTCG-1,0.187138,0.394719,0.418143
ACCGCTAGTCATTGGT-1,0.019068,0.220038,0.760893
ACCGGGCCTTTGTTGA-1,0.077229,0.623231,0.29954
ACCGGTCAGGTACACC-1,0.055443,0.049619,0.894938
ACCGGTCTGAGTACGG-1,0.000044,0.450338,0.549618
ACCGTCCACTGGGCCC-1,0.000026,0.538866,0.461108
ACCGTGACCACGTGGG-1,0.000027,0.476627,0.523346
ACCGTTCCCGCTCTGA-1,0.000054,0.436881,0.563065
ACCTAAGTACCTTTCA-1,0.000039,0.242127,0.757834
ACCTAATCGACTTCCT-1,0.00005,0.256311,0.743639
ACCTACAGTATGTGGT-1,0.275685,0.158502,0.565812
ACCTACTATAAATCTA-1,0.105234,0.710859,0.183907
ACCTCAGCGAGGCGCA-1,0.580819,0.394152,0.025028
ACCTCCGCCCTCGCTG-1,0.669178,0.32831,0.002512
ACCTCCGTTATTCACC-1,0.000111,0.650335,0.349555
ACCTCGAACTTATGCT-1,0.071968,0.04276,0.885272
ACCTGCGTGTCATGTT-1,0.01278,0.136993,0.850227
ACCTTTCCTTTAGAAG-1,0.035181,0.401806,0.563012
ACGAAATGGGCGGCAC-1,0.000032,0.501166,0.498802
ACGACCCATGAGTTGC-1,0.972025,0.011635,0.01634
ACGACTCTAGGGCCGA-1,0.71823,0.068615,0.213155
ACGACTGGTCATACTC-1,0.000017,0.659965,0.340018
ACGAGAACCCATCACG-1,0.000029,0.856957,0.143014
ACGAGATATTTGCTTA-1,0.000036,0.493294,0.50667
ACGAGGATACCACTCT-1,0.004931,0.050388,0.944681
ACGAGGTTTACAACGT-1,0.121365,0.472612,0.406023
ACGAGTACGGATGCCC-1,0.03498,0.272952,0.692068
ACGATACATAGAACTA-1,0.056092,0.599382,0.344526
ACGATACCTATCCTGA-1,0.000096,0.273605,0.726299
ACGATCATACATAGAG-1,0.198025,0.686219,0.115757
ACGATCATCTTGTAAA-1,0.008553,0.309921,0.681526
ACGATGCATATGTTAT-1,0.047895,0.220427,0.731678
ACGATGGATCCGATGC-1,0.011713,0.18957,0.798717
ACGCAAACTAATAGAT-1,0.000019,0.592671,0.40731
ACGCAATCACTACAGC-1,0.00003,0.801389,0.198582
ACGCATAAATGACATG-1,0.027055,0.349352,0.623594
ACGCATACGTTTACTA-1,0.625602,0.000272,0.374126
ACGCATTCGTGAGTAC-1,0.000018,0.923377,0.076604
ACGCCACTCGAAACAG-1,0.111195,0.394117,0.494688
ACGCCAGATGATTTCT-1,0.004037,0.577543,0.41842
ACGCCAGTGCGTTTGC-1,0.796555,0.185335,0.01811
ACGCCCAGCTGTCGAT-1,0.000045,0.597558,0.402397
ACGCCGCTAGACGACC-1,0.107177,0.271095,0.621728
ACGCGAAGTCAGACGA-1,0.028312,0.422306,0.549382
ACGCGCTACACAGGGT-1,0.000081,0.266928,0.732991
ACGCGGGCCAAGGACA-1,0.000024,0.699439,0.300537
ACGCGTTTCTTAAGAG-1,0.007413,0.000577,0.992011
ACGCTACTGAATGGGC-1,0.373665,0.626293,0.000041
ACGCTAGTATCAGTGC-1,0.000028,0.205857,0.794115
ACGCTAGTGATACACT-1,0.000037,0.286318,0.713645
ACGCTGTGAGGCGTAG-1,0.038335,0.654774,0.306891
ACGCTTAGTGTCTCTC-1,0.000034,0.762154,0.237812
ACGGAACACGAGTGCC-1,0.901227,0.098609,0.000164
ACGGAATTTAGCAAAT-1,0.000049,0.540552,0.459399
ACGGACGCAGCGACAA-1,0.032903,0.000417,0.96668
ACGGACTCTCAAAGCG-1,0.017027,0.558421,0.424552
ACGGAGCGCAAATTAC-1,0.000029,0.547329,0.452642
ACGGATGGTGCGGATA-1,0.116991,0.207723,0.675286
ACGGCACTTGCTTGGG-1,0.000942,0.118063,0.880995
ACGGCCAACATGGACT-1,0.000023,0.485308,0.514668
ACGGCGACGATGGGAA-1,0.134288,0.628513,0.237199
ACGGCGGGTTGCCCTG-1,0.000054,0.453415,0.546531
ACGGCTGGATGTAGAA-1,0.045774,0.408787,0.545438
ACGGGAGTGTCGGCCC-1,0.000026,0.519986,0.479988
ACGGGCGTATGCGACA-1,0.000022,0.850469,0.149509
ACGGGTCATGTGACTT-1,0.000108,0.464211,0.535681
ACGGGTTGTGACCTGT-1,0.000043,0.000217,0.999739
ACGGTACAGTTCAATG-1,0.512878,0.367939,0.119182
ACGGTCACCGAGAACA-1,0.069173,0.436103,0.494725
ACGTACAGATTTCTCT-1,0.008219,0.333105,0.658676
ACGTACTTTGGCACGG-1,0.000021,0.542908,0.45707
ACGTAGATTGCTGATG-1,0.060978,0.527725,0.411296
ACGTAGGAGAGTCGCT-1,0.240741,0.000325,0.758934
ACGTATTACTCCGATC-1,0.014179,0.465183,0.520638
ACGTCCTAAACGAGAT-1,0.000044,0.409059,0.590897
ACGTCGGGCAACTCGG-1,0.000032,0.218935,0.781034
ACGTCTCGTTCCGGGA-1,0.015924,0.000621,0.983454
ACGTGACAAAGTAAGT-1,0.042198,0.420407,0.537395
ACGTGCGCCTCGTGCA-1,0.145833,0.355157,0.499011
ACGTGGTCGAATGTGC-1,0.000069,0.199438,0.800494
ACGTTAATGTCGAAGA-1,0.00002,0.750653,0.249327
ACGTTAGATTTGCCCG-1,0.017382,0.494994,0.487624
ACGTTCACTATGCCGC-1,0.013455,0.049299,0.937246
ACGTTCCGCGCTCCGT-1,0.000023,0.956155,0.043823
ACGTTCGCAATCAATT-1,0.078029,0.352624,0.569347
ACGTTCGTTCAGGAAA-1,0.000014,0.866033,0.133953
ACGTTCTGTACAAGTC-1,0.807774,0.000437,0.191789
ACGTTGTCGTTGAAAG-1,0.076139,0.597473,0.326388
ACGTTTAGTTGTGATC-1,0.08293,0.335096,0.581975
ACGTTTCGGTGCACTT-1,0.944259,0.015028,0.040713
ACTAAGGACGCACACC-1,0.013019,0.157355,0.829626
ACTAATACGTCAGGCG-1,0.000036,0.489121,0.510843
ACTACAAAGAGAGGTG-1,0.000016,0.481848,0.518136
ACTACATCCCGACAAG-1,0.000073,0.000366,0.999561
ACTACCAGCTCTCTGG-1,0.000059,0.121148,0.878793
ACTACCATCCGAGGGC-1,0.00001,0.804658,0.195333
ACTACGCGTTAGAATT-1,0.00001,0.998798,0.001192
ACTAGTTGCGATCGTC-1,0.377548,0.369596,0.252857
ACTATATGCTGTGTTC-1,0.000023,0.960133,0.039844
ACTATCCAGGGCATGG-1,0.034351,0.089893,0.875756
ACTATCGCCGGCTAAA-1,0.048496,0.174894,0.77661
ACTATCTGCCCGCGTA-1,0.704102,0.000209,0.295688
ACTATGTCCAGCTGCC-1,0.001306,0.351982,0.646712
ACTATTCGTCCGTGGT-1,0.000044,0.340224,0.659732
ACTATTTCCGGGCCCA-1,0.051154,0.681112,0.267734
ACTCAACGAATGTATT-1,0.034214,0.694586,0.2712
ACTCAAGTGCAAGGCT-1,0.508747,0.084879,0.406374
ACTCAATAAAGGCACG-1,0.000039,0.296982,0.702979
ACTCAGACCTGCTTCT-1,0.000035,0.585841,0.414124
ACTCATGGCAGCCTTC-1,0.000119,0.004953,0.994928
ACTCCAATATCATCAT-1,0.000029,0.603891,0.39608
ACTCCCATTCCTAAAG-1,0.139626,0.109057,0.751317
ACTCCCGAATTCGTTT-1,0.013222,0.619164,0.367614
ACTCCCGTAGACTAGG-1,0.00256,0.760567,0.236873
ACTCCCTAATGCTAAA-1,0.000021,0.726048,0.27393
ACTCCCTAGAATAGTA-1,0.000025,0.583646,0.416329
ACTCCGGCCGACCACT-1,0.600746,0.303415,0.095839
ACTCGATGTATTTCAT-1,0.193105,0.339456,0.467439
ACTCGCCGTTCGATAA-1,0.779536,0.177241,0.043222
ACTCGCGATCTGACGC-1,0.109515,0.773749,0.116735
ACTCGTAACCCGTCCT-1,0.000031,0.631809,0.36816
ACTCGTCAGTAATCCC-1,0.085925,0.293396,0.62068
ACTCTAAACCTGGGAT-1,0.011614,0.285957,0.702429
ACTCTCTGACTTAGGT-1,0.040077,0.92989,0.030032
ACTCTCTTATACACGA-1,0.057541,0.09017,0.852289
ACTCTGACCTAATAGA-1,0.816004,0.080964,0.103032
ACTCTTCAGCTCCCGC-1,0.13241,0.330722,0.536868
ACTCTTGTATAGTAAC-1,0.022167,0.564493,0.41334
ACTGAAACGCCGTTAG-1,0.397049,0.479265,0.123685
ACTGAATGGCGAAAGT-1,0.083633,0.337351,0.579016
ACTGATTTAGTGATTC-1,0.00005,0.429389,0.570561
ACTGCCCGCCATTCTC-1,0.000032,0.237244,0.762725
ACTGCCGTCGTAACTC-1,0.000022,0.788653,0.211326
ACTGCGGACACACCGT-1,0.069498,0.674235,0.256268
ACTGCTCGGAAGGATG-1,0.000179,0.000895,0.998926
ACTGGCGAACCTGCGT-1,0.009118,0.684623,0.306259
ACTGGGATGCCAGTGC-1,0.039607,0.048272,0.91212
ACTGTACGATACACAT-1,0.099035,0.511437,0.389528
ACTGTAGCACTTTGGA-1,0.00375,0.463735,0.532516
ACTGTATACGCGAGCA-1,0.000049,0.198289,0.801662
ACTGTCCAGGATTATA-1,0.012425,0.602838,0.384737
ACTGTCTTCTTTAGAA-1,0.069145,0.485122,0.445734
ACTGTGCTAGTAGATC-1,0.000046,0.695583,0.304372
ACTGTTTAGTGTAGGC-1,0.000082,0.003563,0.996355
ACTTACCGGGCGCGCA-1,0.000044,0.4208,0.579155
ACTTACGCATCCACGC-1,0.183073,0.359141,0.457786
ACTTAGTACGACAAGA-1,0.009077,0.325317,0.665606
ACTTATACTTACCCGG-1,0.000032,0.239693,0.760275
ACTTATCTGATCTATA-1,0.098317,0.685078,0.216605
ACTTATTAGGATCGGT-1,0.065164,0.916708,0.018128
ACTTATTTATGTGCCA-1,0.134048,0.781792,0.08416
ACTTCAGGCTGATCCC-1,0.064727,0.724655,0.210617
ACTTCCAGTGGAAGCT-1,0.007489,0.334797,0.657714
ACTTCCATGCGGGACA-1,0.54214,0.000247,0.457613
ACTTCCTGTCGTGCGA-1,0.000017,0.655077,0.344906
ACTTCGCCATACGCAC-1,0.173898,0.354768,0.471334
ACTTCGCTAGCGAGTG-1,0.062535,0.649203,0.288262
ACTTGACTCCCTCTTT-1,0.069091,0.571064,0.359844
ACTTGCCATATTGTAC-1,0.00004,0.886988,0.112972
ACTTGCTCTATCTACC-1,0.008405,0.121516,0.870078
ACTTGGGACCCGGTGG-1,0.010567,0.407234,0.582199
ACTTGGGCTTTCGCCA-1,0.163702,0.492673,0.343625
ACTTGTAGTCCCTTCA-1,0.033269,0.521786,0.444945
ACTTGTGGATGGAACG-1,0.403186,0.000373,0.596441
ACTTGTTACCGGATCA-1,0.002947,0.951268,0.045784
ACTTTACCCTCATGAA-1,0.000026,0.682388,0.317586
ACTTTCCTATAGCTTC-1,0.026456,0.540903,0.432641
ACTTTGGTCGTGCTCC-1,0.017865,0.247558,0.734576
ACTTTGTCGACGCACT-1,0.793157,0.206757,0.000086
AGAAATTATGACTCGC-1,0.718523,0.230471,0.051005
AGAACCCAGCGTGACA-1,0.269829,0.083562,0.646609
AGAACCCTCAATTGGG-1,0.000153,0.000764,0.999084
AGAACGTGGTACATTC-1,0.001915,0.565616,0.432469
AGAACTGTACTTTGTA-1,0.817344,0.182593,0.000064
AGAAGAGCGCCGTTCC-1,0.051933,0.255895,0.692171
AGAAGGTACACTTCAC-1,0.029504,0.154821,0.815675
AGAAGGTTGCCGAATT-1,0.01467,0.345453,0.639877
AGAAGGTTGTAGGTCG-1,0.170198,0.164689,0.665113
AGAAGTGATTCGTGAT-1,0.00004,0.253907,0.746052
AGAATACAGGCTATCC-1,0.625347,0.363736,0.010917
AGAATGCGGGTTCGGA-1,0.037499,0.443779,0.518722
AGAATTATGGATTCGA-1,0.000032,0.450112,0.549856
AGAATTGTTTGACATA-1,0.000076,0.423536,0.576387
AGACAGGCATCTCAGC-1,0.836752,0.150807,0.012441
AGACATAGATCCTTCC-1,0.000062,0.153387,0.846552
AGACCAAACCACACCT-1,0.07942,0.198779,0.721801
AGACCATGGGATACAA-1,0.016955,0.557033,0.426012
AGACCCACCGCTGATC-1,0.008417,0.294196,0.697387
AGACCCGCCCTCCTCG-1,0.034749,0.899754,0.065497
AGACCGCTCCGCGGTT-1,0.682218,0.00025,0.317533
AGACCGGGAAACCCTG-1,0.075452,0.279829,0.644718
AGACGAAGTGCCGGTC-1,0.326199,0.425881,0.24792
AGACGACGATGCCGCT-1,0.005035,0.186337,0.808628
AGACGCCCACTTCGCC-1,0.831037,0.084975,0.083988
AGACGGGATTGGTATA-1,0.000026,0.885828,0.114146
AGACGGGCCGATTTAA-1,0.003361,0.406351,0.590288
AGACTAGCCTTCCAGA-1,0.000041,0.348622,0.651338
AGACTGTTACCGGGTC-1,0.083453,0.216201,0.700346
AGAGAAACACCAGAAA-1,0.000023,0.47001,0.529968
AGAGAACCGTCTAGGA-1,0.059866,0.42548,0.514654
AGAGAAGGAGTACAAT-1,0.058494,0.381758,0.559748
AGAGATCTCTAAAGCG-1,0.009394,0.173381,0.817224
AGAGCAGTTATGAGAC-1,0.008541,0.254137,0.737323
AGAGCCGCCGAGATTT-1,0.780299,0.198686,0.021015
AGAGCGCTTGTAACGG-1,0.078676,0.291333,0.629991
AGAGCGGGCTAATCAT-1,0.033328,0.714491,0.25218
AGAGCGTACAAGCTCG-1,0.000037,0.476686,0.523277
AGAGCTACGAAAGCAT-1,0.040842,0.523349,0.435809
AGAGGCTTCGGAAACC-1,0.437101,0.123244,0.439655
AGAGGGACAATTGTCC-1,0.058478,0.413584,0.527938
AGAGGTATCTCGGTCC-1,0.000032,0.654648,0.34532
AGAGTAAACTTCACTA-1,0.214628,0.448266,0.337106
AGAGTATAGTGTTACG-1,0.006214,0.532727,0.46106
AGAGTCTTAATGAAAG-1,0.903496,0.027332,0.069172
AGAGTGAACAGACACC-1,0.000014,0.676271,0.323715
AGAGTTAGAGACCGAT-1,0.000033,0.638054,0.361913
AGAGTTGCAGGCCTCC-1,0.00001,0.905652,0.094338
AGATAACTTCAGGGCC-1,0.068236,0.443113,0.488651
AGATAATCACACCTAT-1,0.147001,0.360987,0.492012
AGATACCAATAGAACC-1,0.908132,0.022826,0.069042
AGATACCAGCACTTCA-1,0.034916,0.777393,0.187691
AGATACCGGTGTTCAC-1,0.024605,0.839002,0.136393
AGATACGACTTCATAT-1,0.000063,0.144714,0.855223
AGATACTCAAGATCGA-1,0.051043,0.608087,0.34087
AGATATAATACGACTA-1,0.005607,0.550051,0.444341
AGATCGTGCATAAGAT-1,0.000032,0.352385,0.647583
AGATCTCAGGTGTGAT-1,0.086723,0.581843,0.331433
AGATCTGGAGAGGATA-1,0.088463,0.432354,0.479183
AGATGACTCGCCCACG-1,0.003883,0.367847,0.628271
AGATGAGGGTTGCGAT-1,0.000026,0.899259,0.100715
AGATGATGGAGTCTGG-1,0.067431,0.420018,0.512551
AGATGCAAGACGTGCA-1,0.000024,0.875143,0.124833
AGATGCATCCTGTGTC-1,0.014243,0.000691,0.985066
AGATGCTATAACGAGC-1,0.10717,0.358069,0.534761
AGATTATAGGACGTTT-1,0.07252,0.543487,0.383993
AGATTCAAGCGGGTCG-1,0.000034,0.28512,0.714846
AGATTCACAACCGATA-1,0.059253,0.373663,0.567083
AGCAAAGGCCGCTAGT-1,0.008162,0.647148,0.34469
AGCAACATATCTTATT-1,0.020257,0.404389,0.575354
AGCAACCGAAAGTAAT-1,0.063201,0.016421,0.920378
AGCACACGTTTAGACT-1,0.152179,0.196143,0.651678
AGCACCAGTACTCACG-1,0.02518,0.62426,0.35056
AGCACTACCGGCCTGT-1,0.000073,0.104455,0.895472
AGCACTACCTCACCAG-1,0.06954,0.569348,0.361111
AGCACTTAAGGACGCC-1,0.000045,0.031066,0.968889
AGCAGAAGGAGAAAGA-1,0.020086,0.625517,0.354397
AGCAGCCAGATGAATA-1,0.000031,0.495738,0.504231
AGCAGTCGAAGCATGC-1,0.341891,0.599566,0.058544
AGCATATCAATATGCT-1,0.412465,0.00045,0.587085
AGCATCATTTCGAAAG-1,0.000054,0.299858,0.700088
AGCATCGTCGATAATT-1,0.03118,0.481412,0.487408
AGCATTACGAGGCAAG-1,0.533024,0.437754,0.029222
AGCCAAGCTTTGTGTC-1,0.022251,0.298773,0.678975
AGCCACAGGTTACCCG-1,0.516287,0.277765,0.205948
AGCCACTCCCGTGCTT-1,0.05906,0.552725,0.388216
AGCCATATAGTATGTG-1,0.057595,0.636276,0.306129
AGCCCATACATGTAAG-1,0.00003,0.391229,0.608741
AGCCCGCAACAAGCAG-1,0.000013,0.827309,0.172678
AGCCCGCACTACAATG-1,0.913979,0.000123,0.085899
AGCCCGGCATTAGAGG-1,0.000037,0.297085,0.702877
AGCCCGGTAGCCTGTA-1,0.016222,0.332944,0.650834
AGCCCTAAGCGAAGTT-1,0.003444,0.298082,0.698475
AGCCCTCCCTGGTGGC-1,0.000026,0.660402,0.339572
AGCCCTGTCGCACCGT-1,0.238708,0.248518,0.512774
AGCCCTTCTAATCCGA-1,0.000036,0.567877,0.432087
AGCCCTTGGACATCCC-1,0.776862,0.215292,0.007846
AGCCGCAAATTCAAAT-1,0.000095,0.030346,0.969559
AGCCGCTTGATTAGCG-1,0.003778,0.244839,0.751384
AGCCGTGGCTAAATGT-1,0.000035,0.533468,0.466498
AGCCTAATACCCACGT-1,0.094716,0.273601,0.631683
AGCCTTAAAGCGGAAG-1,0.043705,0.34188,0.614415
AGCCTTGTCACTGATA-1,0.000028,0.526642,0.473331
AGCGACAGGAACGGTC-1,0.000029,0.296432,0.703539
AGCGACATCCCATTCA-1,0.04449,0.777455,0.178055
AGCGACCAACGATATT-1,0.120591,0.540076,0.339333
AGCGACTTTGAAGACA-1,0.04995,0.32141,0.62864
AGCGAGACGTGAAGGC-1,0.000022,0.469546,0.530432
AGCGATGCGCCTAATA-1,0.764353,0.11184,0.123807
AGCGCATAATGAATCG-1,0.025643,0.58735,0.387007
AGCGCGGGTGCCAATG-1,0.017609,0.296796,0.685595
AGCGCTAGAGCGATGT-1,0.05735,0.519817,0.422833
AGCGCTTATGGGCAAG-1,0.000047,0.395008,0.604945
AGCGGACACTTCGTAG-1,0.00556,0.746707,0.247733
AGCGGCGGTTAGCGGT-1,0.024663,0.460263,0.515075
AGCGGGAAGGGTCCAT-1,0.000054,0.355925,0.644022
AGCGGGTCTGACACTC-1,0.018281,0.465493,0.516227
AGCGGTTGAGATGTAC-1,0.011838,0.477028,0.511134
AGCGGTTGCCGCTCTG-1,0.000039,0.49083,0.509131
AGCGTACGAGAGCTAG-1,0.000098,0.251172,0.74873
AGCGTCTGAACCCGCA-1,0.000047,0.405296,0.594657
AGCGTGGTATTCTACT-1,0.05639,0.378053,0.565557
AGCGTTCCGATTTAAA-1,0.000031,0.52201,0.477959
AGCTAACAAGCAATGT-1,0.000035,0.244293,0.755673
AGCTAAGCTCCGTCCG-1,0.00315,0.689397,0.307453
AGCTAAGTACGCAGGC-1,0.355432,0.206907,0.437662
AGCTACGAATGGTGGT-1,0.954527,0.000099,0.045374
AGCTAGAAGCAGAAGT-1,0.012905,0.554212,0.432883
AGCTATTTAATCCAAC-1,0.029395,0.358247,0.612358
AGCTCCATATATGTTC-1,0.739217,0.000322,0.26046
AGCTCCTTCGCACATC-1,0.38851,0.161095,0.450396
AGCTCGTTGATGGAAA-1,0.028533,0.753818,0.217649
AGCTCTAGACGTTCCA-1,0.00488,0.947553,0.047567
AGCTCTTCCCAGTGCA-1,0.008084,0.934771,0.057144
AGCTCTTCGTAACCTT-1,0.055852,0.249386,0.694762
AGCTCTTTACTCAGTT-1,0.000029,0.34691,0.653062
AGCTGAAGTAAACCAA-1,0.000016,0.942825,0.057159
AGCTGCATTTGAGGTG-1,0.000026,0.447267,0.552707
AGCTGCTGTGCCGAAT-1,0.00104,0.47719,0.52177
AGCTGTAACCTCAATC-1,0.000044,0.089572,0.910384
AGCTTATAGAGACCTG-1,0.000046,0.523711,0.476242
AGCTTCAATACTTTGA-1,0.000057,0.163151,0.836792
AGCTTCTTCTCGAGCA-1,0.845435,0.052304,0.102262
AGCTTGATCAGGGTAG-1,0.010739,0.252143,0.737118
AGCTTGATCTTAACTT-1,0.000041,0.451329,0.54863
AGGAACGAACGACTTC-1,0.812361,0.000132,0.187507
AGGAAGCTGTCCGCCG-1,0.072147,0.306178,0.621675
AGGACAGTCGAATCCC-1,0.025852,0.241624,0.732523
AGGACATCGCACGTCG-1,0.009053,0.553211,0.437736
AGGACATCGGCACACT-1,0.964997,0.003835,0.031168
AGGACGACCCATTAGA-1,0.000011,0.957168,0.04282
AGGACGCTCGATGTTG-1,0.000031,0.54673,0.453238
AGGACTTATAGGAGAA-1,0.000096,0.529324,0.47058
AGGAGACATCCACAGT-1,0.000019,0.765231,0.23475
AGGAGAGTCTGGCTAC-1,0.03006,0.018044,0.951895
AGGAGCGTTTATTATC-1,0.888589,0.000099,0.111312
AGGAGGCCTTCGCGCG-1,0.260157,0.000292,0.739551
AGGATAAAGTCGGGAT-1,0.000012,0.933775,0.066213
AGGATATAGGGATTTA-1,0.237945,0.34074,0.421314
AGGATATCCGACTGCA-1,0.611982,0.104387,0.283631
AGGATCACGCGATCTG-1,0.079031,0.212869,0.7081
AGGATTGCTTACGACA-1,0.000031,0.625337,0.374632
AGGCAAAGAGGAATCA-1,0.000042,0.590977,0.408981
AGGCACGTGACTGTCC-1,0.50496,0.436122,0.058918
AGGCAGATGCGTAAAC-1,0.000019,0.628439,0.371542
AGGCAGGGAGCGTACT-1,0.00003,0.280703,0.719268
AGGCATTGTCGTAGGG-1,0.350707,0.392466,0.256827
AGGCCACATTGGTTAC-1,0.47511,0.060341,0.464549
AGGCCACCCGTTATGA-1,0.000038,0.336942,0.66302
AGGCCCAGTGACTGGT-1,0.057711,0.288619,0.653669
AGGCCCATTGTACAGG-1,0.000028,0.69008,0.309892
AGGCCCTAGAACGCCA-1,0.00002,0.696742,0.303238
AGGCCTATCATACCAA-1,0.07403,0.338975,0.586995
AGGCCTGAGAATCTCG-1,0.568914,0.247858,0.183229
AGGCGATAACTGGCGT-1,0.873562,0.000139,0.1263
AGGCGGTTTGTCCCGC-1,0.037973,0.000541,0.961486
AGGCGTCTATGGACGG-1,0.000034,0.384048,0.615918
AGGCTATGGTTAGCTT-1,0.000057,0.380277,0.619667
AGGCTTAAGTTGCACA-1,0.047162,0.61007,0.342768
AGGCTTCCCGAAGAAG-1,0.032181,0.908355,0.059464
AGGCTTGCTAGACACC-1,0.00008,0.440708,0.559211
AGGGAAACGAGGTACT-1,0.000034,0.466463,0.533503
AGGGACAGCACGGCGG-1,0.000029,0.889311,0.11066
AGGGACCGGCTGCGTT-1,0.001504,0.889554,0.108942
AGGGACTCTACGCGAC-1,0.012815,0.330427,0.656759
AGGGAGACATACTTCG-1,0.069624,0.182926,0.74745
AGGGCAGCGGCGTGGT-1,0.00003,0.818376,0.181594
AGGGCCCTAATGTTCT-1,0.748249,0.148082,0.103668
AGGGCGAGCAGCTGAT-1,0.000061,0.076071,0.923868
AGGGCGTGATCGGCTA-1,0.000041,0.287339,0.712619
AGGGCTGCAGTTACAG-1,0.121695,0.232509,0.645795
AGGGTCAGAGCACTCG-1,0.062458,0.483176,0.454366
AGGGTCAGTAACCCTA-1,0.000029,0.750702,0.249269
AGGGTCGATGCGAACT-1,0.042831,0.718326,0.238843
AGGGTCTGGACGCAGT-1,0.899687,0.000133,0.100179
AGGGTGCCGTTCTTTA-1,0.000012,0.938372,0.061616
AGGGTGCTCTCGAGGG-1,0.000019,0.725065,0.274916
AGGGTGGATAGTGCAT-1,0.122346,0.198951,0.678703
AGGGTGTGCTACACGC-1,0.000022,0.211544,0.788434
AGGGTTCAGACGGTCC-1,0.00002,0.354533,0.645447
AGGGTTCCCTTTGGTT-1,0.009407,0.425704,0.564889
AGGGTTTAGTTCGGGA-1,0.000026,0.704917,0.295057
AGGTAACCTCCTATTC-1,0.021239,0.660707,0.318054
AGGTACGATATTGCCA-1,0.000044,0.475024,0.524932
AGGTAGATCGAGATAT-1,0.000012,0.756443,0.243545
AGGTAGGTACAAAGCT-1,0.007244,0.814263,0.178494
AGGTATAATTGATAGT-1,0.004143,0.579965,0.415892
AGGTATGCGGACATTA-1,0.090969,0.413574,0.495457
AGGTCAGGTGAGAGTG-1,0.007997,0.298654,0.693349
AGGTCGCCACTTCGGT-1,0.078749,0.167814,0.753437
AGGTCGCCTCCCAACA-1,0.893372,0.00013,0.106498
AGGTCGCGGAGTTACT-1,0.000034,0.598784,0.401182
AGGTGCACGTCCACAT-1,0.882783,0.000161,0.117056
AGGTGGTGACCTTCGC-1,0.000035,0.10395,0.896015
AGGTGTATCGCCATGA-1,0.104907,0.046508,0.848585
AGGTGTTGCCGACCAC-1,0.873256,0.063153,0.063591
AGGTTACACCATGCCG-1,0.184668,0.08619,0.729142
AGGTTCTCCTTTCCGG-1,0.078216,0.000516,0.921268
AGGTTGAGGCACGCTT-1,0.059256,0.561054,0.37969
AGGTTTCACACACCTT-1,0.010603,0.302127,0.68727
AGTAACGTTCATCCTG-1,0.000049,0.497108,0.502843
AGTAACTATAGCAGCC-1,0.949792,0.050128,0.00008
AGTAAGGGACAGAATC-1,0.980219,0.016712,0.003069
AGTAATCTAAGGGTGG-1,0.805966,0.034489,0.159545
AGTAATGTCTTGCCGC-1,0.000031,0.550649,0.449321
AGTAATTTGCAAGCGT-1,0.2142,0.274728,0.511072
AGTACAGAAGCTTATA-1,0.236271,0.390035,0.373693
AGTACATCATTTATCA-1,0.022233,0.320571,0.657197
AGTACCTTCGAGTGCT-1,0.000059,0.337066,0.662875
AGTACGGCCCGTATCG-1,0.038702,0.528839,0.432459
AGTACGGGCACCTGGC-1,0.023326,0.309735,0.666939
AGTACGTGGCCTGTCT-1,0.000057,0.580762,0.41918
AGTACTCTTATGCCCA-1,0.526544,0.000392,0.473064
AGTAGAAGGCGCCTCA-1,0.039183,0.335561,0.625255
AGTAGCGTGAACGAAC-1,0.000038,0.706152,0.29381
AGTAGCTAGACGCCGA-1,0.000045,0.515976,0.483979
AGTAGGAAGGAAGTTG-1,0.00003,0.556902,0.443068
AGTAGGTAACATACAT-1,0.000047,0.191933,0.80802
AGTATAATACTAGGCA-1,0.025921,0.596045,0.378033
AGTATACACAGCGACA-1,0.037875,0.255605,0.70652
AGTATGCTGGAGACCA-1,0.000042,0.428518,0.571439
AGTATTTGGCACGACC-1,0.078685,0.681265,0.24005
AGTCAAATGATGTGAT-1,0.000034,0.137307,0.862659
AGTCAACACCACCATC-1,0.00901,0.484446,0.506544
AGTCAAGATGACACTT-1,0.256418,0.08627,0.657312
AGTCACTAGCTCTCGA-1,0.347998,0.537186,0.114816
AGTCACTCCGCCTCAT-1,0.000155,0.000777,0.999068
AGTCAGCCACCGCCTG-1,0.000045,0.566799,0.433156
AGTCCATTGGCTGATG-1,0.03373,0.374881,0.591389
AGTCCCGCCTTTAATT-1,0.001857,0.766611,0.231531
AGTCCCTCGCAGAAAG-1,0.001078,0.681716,0.317206
AGTCGAAACGATTCAG-1,0.000017,0.850798,0.149184
AGTCGAATTAGCGTAA-1,0.942028,0.040548,0.017424
AGTCGACGGTCTCAAG-1,0.103253,0.63658,0.260168
AGTCGGCCCAAACGAC-1,0.000032,0.538709,0.461259
AGTCGGCTCAACTTTA-1,0.000045,0.266282,0.733673
AGTCGGTTGCGTGAGA-1,0.042485,0.676535,0.28098
AGTCGTATAAAGCAGA-1,0.499536,0.000175,0.50029
AGTCGTCGACCACCAA-1,0.645101,0.000227,0.354672
AGTCGTGGGCATTACG-1,0.000023,0.870141,0.129836
AGTCTAAAGTATACTC-1,0.000028,0.624788,0.375184
AGTCTCACAAGACTAC-1,0.000034,0.518572,0.481394
AGTCTGGACATCCTTG-1,0.000073,0.431567,0.568359
AGTCTTCTCCTCAAAT-1,0.02391,0.566346,0.409744
AGTCTTTAAAGTGTCC-1,0.351366,0.200035,0.448599
AGTGAACAAACTTCTC-1,0.179005,0.472496,0.348499
