Barcode,Topic 1,Topic 2,Topic 3to4,Topic 5,Topic 6,Topic 7to11
AAACAAGTATCTCCCA-1,0.129632,0.01509,0.156743,0.039356,0.280387,0.378793
AAACACCAATAACTGC-1,0.013866,0.107886,0.390511,0.011603,0.071977,0.404157
AAACAGAGCGACTCCT-1,0.00003,0.083732,0.275987,0.006549,0.060741,0.57296
AAACAGCTTTCAGAAG-1,0.116936,0.577118,0.110448,0.000054,0.000053,0.195391
AAACAGGGTCTATATT-1,0.000041,0.303855,0.656092,0.000041,0.000041,0.03993
AAACAGTGTTCCTGGG-1,0.029951,0.022113,0.539044,0.000646,0.135083,0.273164
AAACATGGTGAGAGGA-1,0.139159,0.503094,0.160878,0.024419,0.033277,0.139172
AAACATTTCCCGGATT-1,0.455961,0.323161,0.113119,0.093436,0.000042,0.014281
AAACCACTACACAGAT-1,0.05273,0.358126,0.497486,0.002679,0.015145,0.073834
AAACCCGAACGAAATC-1,0.000011,0.00095,0.091364,0.067975,0.059241,0.780458
AAACCGGAAATGTTAA-1,0.007134,0.00606,0.269676,0.146426,0.475613,0.09509
AAACCGGGTAGGTACC-1,0.051829,0.000015,0.198607,0.008914,0.001439,0.739196
AAACCGTTCGTCCAGG-1,0.087844,0.204771,0.26308,0.006737,0.011305,0.426263
AAACCTAAGCAGCCGG-1,0.597921,0.052783,0.187397,0.1197,0.000029,0.042169
AAACCTCATGAAGTTG-1,0.000073,0.999267,0.000147,0.000073,0.000073,0.000366
AAACGAAGAACATACC-1,0.01911,0.051028,0.137103,0.094914,0.02243,0.675414
AAACGAAGATGGAGTA-1,0.021115,0.904415,0.000094,0.031655,0.042487,0.000235
AAACGACAGTCTTGCC-1,0.071044,0.089878,0.233677,0.002884,0.207,0.395518
AAACGAGACGGTTGAT-1,0.015341,0.116239,0.580703,0.019384,0.000033,0.2683
AAACGCCCGAGATCGG-1,0.000019,0.02649,0.085199,0.104277,0.022835,0.76118
AAACGCTGGGCACGAC-1,0.978042,0.000087,0.000174,0.000087,0.021175,0.000435
AAACGGGCGTACGGGT-1,0.90272,0.096826,0.000052,0.000247,0.000026,0.00013
AAACGGTTGCGAACTG-1,0.0027,0.033812,0.174555,0.126228,0.243076,0.41963
AAACGTGTTCGCCCTA-1,0.000063,0.464381,0.336756,0.002075,0.000063,0.196663
AAACTAACGTGGCGAC-1,0.000026,0.034097,0.184416,0.002727,0.035793,0.742942
AAACTCGGTTCGCAAT-1,0.065303,0.286173,0.059399,0.413814,0.1163,0.059011
AAACTCGTGATATAAG-1,0.025614,0.973762,0.000139,0.000069,0.000069,0.000347
AAACTGCTGGCTCCAA-1,0.015545,0.190712,0.298054,0.176479,0.079953,0.239258
AAACTTAATTGCACGC-1,0.000021,0.013369,0.079102,0.000271,0.156281,0.750956
AAACTTGCAAACGTAT-1,0.005094,0.004809,0.532855,0.000023,0.000023,0.457196
AAAGAATGACCTTAGA-1,0.000037,0.294275,0.475301,0.022085,0.126945,0.081357
AAAGAATGTGGACTAA-1,0.999769,0.000023,0.000046,0.000023,0.000023,0.000115
AAAGACATGAAGTTTA-1,0.110161,0.075068,0.325353,0.036701,0.000047,0.45267
AAAGACCCAAGTCGCG-1,0.00002,0.021388,0.424953,0.014074,0.00002,0.539546
AAAGCTTGCCTACATA-1,0.000026,0.274596,0.119053,0.030831,0.185453,0.390041
AAAGGCCCTATAATAC-1,0.090207,0.674795,0.23068,0.001603,0.000041,0.002674
AAAGGCTACGGACCAT-1,0.050146,0.202165,0.52506,0.176084,0.000032,0.046512
AAAGGCTCTCGCGCCG-1,0.000015,0.000015,0.040752,0.064844,0.120028,0.774347
AAAGGGATGTAGCAAG-1,0.035749,0.872472,0.0002,0.0001,0.09098,0.000499
AAAGGGCAGCTTGAAT-1,0.042899,0.201417,0.29803,0.036568,0.092217,0.328868
AAAGGTAAGCTGTACC-1,0.00003,0.018934,0.485617,0.001696,0.00003,0.493693
AAAGGTCAACGACATG-1,0.000015,0.000831,0.00003,0.041297,0.001798,0.956029
AAAGTAGCATTGCTCA-1,0.00005,0.364728,0.632183,0.00005,0.00005,0.002939
AAAGTCACTGATGTAA-1,0.000017,0.013648,0.218115,0.016985,0.000017,0.751218
AAAGTCGACCCTCAGT-1,0.105473,0.362147,0.197225,0.000076,0.000076,0.335002
AAAGTGCCATCAATTA-1,0.955747,0.000047,0.000095,0.000047,0.043827,0.000236
AAAGTGTGATTTATCT-1,0.000017,0.006393,0.05571,0.088063,0.017964,0.831853
AAAGTTGACTCCCGTA-1,0.022973,0.011109,0.141484,0.140945,0.047392,0.636096
AAATAACCATACGGGA-1,0.000021,0.056176,0.263563,0.00389,0.094537,0.581812
AAATAAGGTAGTGCCC-1,0.00003,0.099549,0.313064,0.00003,0.000666,0.58666
AAATACCTATAAGCAT-1,0.065961,0.014008,0.021966,0.270822,0.093773,0.533471
AAATAGCTTAGACTTT-1,0.012795,0.171123,0.299066,0.055484,0.019826,0.441706
AAATAGGGTGCTATTG-1,0.197927,0.387397,0.410962,0.002611,0.000791,0.000312
AAATCACTCCTAAACG-1,0.000097,0.144398,0.59398,0.000097,0.000097,0.26133
AAATCCGATACACGCC-1,0.417182,0.002291,0.004321,0.15977,0.032176,0.38426
AAATCGCGGAAGGAGT-1,0.000077,0.437195,0.530687,0.000077,0.03158,0.000385
AAATCGTGTACCACAA-1,0.203629,0.010268,0.065258,0.044251,0.047151,0.629443
AAATCTAGCCCTGCTA-1,0.010182,0.000011,0.006147,0.163848,0.374461,0.445351
AAATCTGCCCGCGTCC-1,0.000031,0.175624,0.739757,0.000031,0.023838,0.060719
AAATGACTGATCAAAC-1,0.009122,0.069709,0.366848,0.024019,0.055872,0.47443
AAATGATTCGATCAGC-1,0.06742,0.931696,0.000197,0.000098,0.000098,0.000491
AAATGGCATGTCTTGT-1,0.000029,0.201277,0.313744,0.000049,0.002734,0.482168
AAATGGCCCGTGCCCT-1,0.000019,0.151211,0.193,0.012081,0.09622,0.547469
AAATGGTCAATGTGCC-1,0.000034,0.048538,0.487432,0.008762,0.028266,0.426968
AAATGTGGGTGCTCCT-1,0.105849,0.479871,0.041516,0.000045,0.239264,0.133456
AAATTAACGGGTAGCT-1,0.009208,0.284703,0.167846,0.01163,0.079209,0.447402
AAATTACACGACTCTG-1,0.000034,0.077972,0.658399,0.000034,0.156084,0.107477
AAATTACCTATCGATG-1,0.000021,0.000021,0.283587,0.000021,0.161108,0.555243
AAATTCCAGGTCCAAA-1,0.061591,0.185958,0.490833,0.024483,0.000045,0.23709
AAATTGATAGTCCTTT-1,0.000038,0.229635,0.762125,0.00181,0.000038,0.006355
AAATTGGTGAGAAGCA-1,0.005029,0.70972,0.029239,0.000102,0.000102,0.255807
AAATTTACCGAAATCC-1,0.221923,0.257722,0.319134,0.012088,0.000037,0.189097
AAATTTGCGGGTGTGG-1,0.011179,0.137919,0.269248,0.000019,0.003064,0.57857
AACAACTGGTAGTTGC-1,0.212858,0.786649,0.000109,0.000055,0.000055,0.000274
AACAATACATTGTCGA-1,0.111431,0.052404,0.211335,0.011694,0.012496,0.60064
AACAATTACTCTACGC-1,0.066994,0.21086,0.202605,0.071261,0.041246,0.407034
AACACACGCTCGCCGC-1,0.072867,0.284195,0.237167,0.391354,0.000029,0.014386
AACACGACTGTACTGA-1,0.000046,0.022898,0.6331,0.000046,0.000046,0.343865
AACACGAGACGCGGCC-1,0.000036,0.128913,0.801178,0.000036,0.000036,0.0698
AACAGCTGTGTGGCAA-1,0.00281,0.146662,0.617706,0.004685,0.000032,0.228106
AACAGGAAATCGAATA-1,0.006527,0.032232,0.33304,0.000021,0.28738,0.3408
AACAGGATGGGCCGCG-1,0.224176,0.750207,0.025225,0.000056,0.000056,0.00028
AACAGGTAGTATGGAT-1,0.067178,0.033938,0.288693,0.252378,0.244833,0.11298
AACATAGCGTGTATCG-1,0.134841,0.000015,0.022872,0.0873,0.385858,0.369115
AACATATCAACTGGTG-1,0.0658,0.019301,0.240365,0.00296,0.01606,0.655513
AACATCGATACGTCTA-1,0.086122,0.913314,0.000125,0.000063,0.000063,0.000313
AACATTGAAGTTGATC-1,0.215097,0.183443,0.422482,0.000055,0.020953,0.15797
AACATTGTGACTCGAG-1,0.082876,0.138235,0.539401,0.133173,0.000047,0.106269
AACCAAGACTTCTCTG-1,0.000053,0.969903,0.029672,0.000053,0.000053,0.000265
AACCAGTATCACTCTT-1,0.000067,0.204971,0.780712,0.000067,0.000067,0.014117
AACCATAGGGTTGAAC-1,0.000011,0.000011,0.012479,0.000011,0.116116,0.871373
AACCCAGAGACGGAGA-1,0.00004,0.092379,0.465438,0.026862,0.101134,0.314146
AACCCATCCCATGATC-1,0.062262,0.028508,0.276194,0.005616,0.155502,0.471918
AACCCGACAACCCGTG-1,0.170969,0.067403,0.134263,0.027528,0.052672,0.547164
AACCCGAGCAGAATCG-1,0.000021,0.017813,0.135594,0.419484,0.244166,0.182923
AACCCGATAGGGCTTC-1,0.181201,0.489154,0.140523,0.123377,0.002937,0.062808
AACCCGCTGTATTCCA-1,0.076289,0.061212,0.591781,0.015131,0.009534,0.246053
AACCCTACTGTCAATA-1,0.071756,0.007738,0.087387,0.126009,0.073718,0.633391
AACCCTGGTGGAACCA-1,0.000019,0.062388,0.126035,0.051204,0.030819,0.729534
AACCGAGCTTGGTCAT-1,0.046123,0.847482,0.009272,0.000087,0.096603,0.000433
AACCGCTAAGGGATGC-1,0.058822,0.498606,0.136872,0.192441,0.000047,0.113213
AACCGTTGTGTTTGCT-1,0.000029,0.288584,0.210019,0.038492,0.050256,0.412619
AACCTAAAGCCGTCCG-1,0.035156,0.000011,0.001282,0.016462,0.000011,0.947077
AACCTCGCTTTAGCCC-1,0.458655,0.143586,0.320778,0.062114,0.000037,0.01483
AACCTGTCACGGAATT-1,0.018682,0.066063,0.911201,0.001831,0.00005,0.002173
AACCTTTAAATACGGT-1,0.01097,0.121058,0.139499,0.218036,0.186822,0.323614
AACCTTTACGACGTCT-1,0.000084,0.999161,0.000168,0.000084,0.000084,0.000419
AACGAAAGTCGTCCCA-1,0.000019,0.064081,0.187869,0.002931,0.276321,0.468778
AACGACCTCCTAGCCG-1,0.934576,0.064953,0.000105,0.000052,0.000052,0.000262
AACGATAATGCCGTAG-1,0.000017,0.019224,0.165971,0.336048,0.078955,0.399785
AACGATAGAAGGGCCG-1,0.000025,0.011172,0.353899,0.003489,0.023426,0.60799
AACGATATGTCAACTG-1,0.0001,0.866444,0.132759,0.0001,0.0001,0.000498
AACGCATGATCTGGGT-1,0.152837,0.518379,0.000126,0.000063,0.328282,0.000314
AACGCGACCTTGGGCG-1,0.171642,0.285694,0.315811,0.107415,0.000039,0.119399
AACGCGGTCTCCAGCC-1,0.317347,0.62672,0.000184,0.000092,0.055198,0.00046
AACGCTGTTGCTGAAA-1,0.000015,0.001747,0.087691,0.223177,0.083175,0.604193
AACGGACGTACGTATA-1,0.240152,0.06658,0.463671,0.198807,0.000023,0.030766
AACGGCCATCTCCGGT-1,0.033022,0.2956,0.509654,0.000033,0.000033,0.161657
AACGTACTGTGGGTAC-1,0.013001,0.139862,0.361553,0.003051,0.00695,0.475584
AACGTCAGACTAGTGG-1,0.043612,0.344309,0.262708,0.016119,0.137631,0.195622
AACGTCATCCGGCTTG-1,0.012101,0.181393,0.550282,0.020421,0.000028,0.235774
AACGTCGCTGCACTTC-1,0.94882,0.000063,0.008604,0.000063,0.042132,0.000317
AACGTGATGAAGGACA-1,0.000051,0.613777,0.233914,0.119736,0.000051,0.032471
AACGTGCGAAAGTCTC-1,0.005464,0.186136,0.594177,0.010159,0.00003,0.204034
AACGTTCTACCATTGT-1,0.431809,0.026216,0.119259,0.100546,0.00805,0.31412
AACTACCCGTTTGTCA-1,0.037067,0.079008,0.161185,0.00007,0.709819,0.01285
AACTAGCGTATCGCAC-1,0.000027,0.174702,0.63973,0.032894,0.000027,0.15262
AACTAGGCTTGGGTGT-1,0.083889,0.354028,0.535701,0.000102,0.000052,0.026228
AACTCAAGTTAATTGC-1,0.000028,0.189092,0.316967,0.060844,0.003869,0.4292
AACTCCAGAGCGTGTT-1,0.632077,0.186979,0.080968,0.099631,0.000057,0.000287
AACTCCTAATCCCATG-1,0.000039,0.076283,0.392755,0.000039,0.062674,0.46821
AACTCTCAATAGAGCG-1,0.000035,0.212851,0.60333,0.062311,0.000035,0.121438
AACTCTCAGTGTGCTC-1,0.020067,0.00034,0.111664,0.000013,0.341268,0.526648
AACTGAGGTCAGCGTC-1,0.021959,0.113166,0.039217,0.000405,0.000037,0.825215
AACTGAGTTATACTGA-1,0.00004,0.004568,0.162178,0.146735,0.07846,0.608019
AACTGATATTAGGCCT-1,0.000044,0.118505,0.456311,0.006246,0.007876,0.411017
AACTGGGTCCCGACGT-1,0.038039,0.365568,0.103651,0.140625,0.153897,0.198219
AACTGGGTTCGAGCCG-1,0.000032,0.09666,0.047692,0.00425,0.000032,0.851333
AACTGGTGTGGGCCTT-1,0.000029,0.04907,0.443637,0.002483,0.000029,0.504752
AACTTGCCCGTATGCA-1,0.082202,0.34159,0.249365,0.029964,0.000046,0.296833
AACTTTAGCTGCTGAG-1,0.000026,0.050853,0.318919,0.043121,0.000026,0.587056
AACTTTCTCGATCATG-1,0.1201,0.763957,0.000126,0.000063,0.11544,0.000315
AAGAAAGTTTGATGGG-1,0.038914,0.020206,0.108443,0.00035,0.088383,0.743704
AAGAAATCACCAGATT-1,0.154511,0.618518,0.067532,0.000054,0.065921,0.093463
AAGACATACGTGGTTT-1,0.638653,0.000044,0.000087,0.000044,0.360955,0.000218
AAGACCAAATAACTCA-1,0.000016,0.015677,0.176667,0.005015,0.336502,0.466123
AAGACCCAACTGAACA-1,0.000007,0.000007,0.002272,0.064298,0.003066,0.930348
AAGACTCACGCCCACT-1,0.000049,0.08997,0.286262,0.058266,0.000049,0.565402
AAGACTGCAAGCTACT-1,0.000019,0.011979,0.271137,0.011638,0.008561,0.696666
AAGAGATGAATCGGTA-1,0.04916,0.130105,0.302035,0.057884,0.062231,0.398586
AAGAGCTCTTTATCGG-1,0.004492,0.047135,0.189239,0.010187,0.269273,0.479674
AAGAGGATGTACGCGA-1,0.065197,0.123444,0.447459,0.006651,0.000028,0.357221
AAGAGGCATGGATCGC-1,0.006188,0.350482,0.637915,0.000038,0.000038,0.005338
AAGAGGCCCTTTGGAA-1,0.439051,0.083457,0.036152,0.163205,0.057318,0.220817
AAGATGGCACCGGACC-1,0.00366,0.077152,0.58243,0.009662,0.000023,0.327073
AAGATTGGCGGAACGT-1,0.000026,0.116466,0.543472,0.007105,0.086122,0.246808
AAGCACCCTGCGTATC-1,0.102893,0.106226,0.126035,0.182155,0.229675,0.253017
AAGCATACTCTCCTGA-1,0.084688,0.000019,0.33095,0.134836,0.038129,0.411378
AAGCCACTTGCAGGTA-1,0.005843,0.135173,0.198964,0.000018,0.261477,0.398526
AAGCCGAAGCGGTTTA-1,0.015958,0.009342,0.221288,0.196475,0.103285,0.453652
AAGCCGCCGTGAAATC-1,0.000037,0.170751,0.451556,0.000037,0.000037,0.377581
AAGCCGCTTTACCTTG-1,0.176425,0.597528,0.046576,0.000152,0.154023,0.025295
AAGCCGGAGAGCAGGA-1,0.542318,0.000093,0.157736,0.000093,0.217854,0.081905
AAGCGCAGGGCTTTGA-1,0.120269,0.054452,0.323776,0.247702,0.090421,0.163379
AAGCGGAGTGCGCGCA-1,0.000027,0.027559,0.37629,0.000027,0.001692,0.594404
AAGCGGCGTCATGGGT-1,0.000014,0.000978,0.042082,0.000014,0.031396,0.925516
AAGCGTCCCTCATCGA-1,0.038527,0.005118,0.048114,0.000012,0.14772,0.760509
AAGCTAGATCGAGTAA-1,0.008119,0.053732,0.122545,0.096386,0.32091,0.398308
AAGCTATGGATTGACC-1,0.000022,0.000022,0.40022,0.000022,0.028727,0.570986
AAGCTCGTGCCAAGTC-1,0.000022,0.199891,0.098541,0.093513,0.069721,0.538312
AAGCTCTTTCATGGTG-1,0.17988,0.445431,0.107075,0.121574,0.093777,0.052263
AAGGAGAACTTATAAG-1,0.000039,0.071588,0.57979,0.000039,0.000039,0.348505
AAGGAGCGGTTGGTGC-1,0.048613,0.598599,0.013929,0.00006,0.155806,0.182993
AAGGATCGATCGCTTG-1,0.035341,0.000009,0.025741,0.002721,0.056116,0.880072
AAGGATGAGGGACCTC-1,0.000036,0.034325,0.805505,0.000036,0.041955,0.118143
AAGGCAGGCTGTCTCC-1,0.002909,0.101451,0.195505,0.051741,0.133748,0.514646
AAGGCGCGTAAAGCTT-1,0.260935,0.240498,0.104506,0.000055,0.39373,0.000276
AAGGCTGTGCTCATCG-1,0.00003,0.080316,0.465606,0.00003,0.101654,0.352365
AAGGGAACGACTGGCT-1,0.000026,0.125371,0.425043,0.000028,0.000148,0.449384
AAGGGACAGATTCTGT-1,0.000044,0.179305,0.194047,0.000044,0.394381,0.232179
AAGGGACTATGCATTC-1,0.000023,0.201578,0.067355,0.000023,0.000023,0.730997
AAGGGTTAGCCATGCG-1,0.942096,0.000056,0.000112,0.000056,0.000056,0.057624
AAGGGTTTGATTTCAG-1,0.000063,0.999368,0.000126,0.000063,0.000063,0.000316
AAGGTATCCTAATATA-1,0.042535,0.691588,0.223929,0.041497,0.000075,0.000376
AAGGTGATAAACCAGC-1,0.000033,0.15317,0.622672,0.085219,0.003136,0.135769
AAGTAGAAGACCGGGT-1,0.022111,0.977027,0.000192,0.000096,0.000096,0.000479
AAGTAGTGACGCGAGG-1,0.000075,0.971882,0.027517,0.000075,0.000075,0.000376
AAGTCAATTGTCGTCA-1,0.040306,0.027621,0.092424,0.089856,0.032205,0.717588
AAGTCTAGTAGCTGCC-1,0.089683,0.909212,0.000245,0.000123,0.000123,0.000613
AAGTGACGACCGAATT-1,0.000014,0.029256,0.155735,0.001026,0.03293,0.781038
AAGTGAGTCGGGTTTA-1,0.000034,0.346144,0.067367,0.288477,0.001206,0.296772
AAGTGCCTTGACTGTA-1,0.000015,0.001509,0.053032,0.043067,0.005466,0.896911
AAGTGCGTTAGAATCT-1,0.00006,0.448832,0.55069,0.00006,0.00006,0.000299
AAGTGCTTCTCTATTG-1,0.189816,0.00191,0.193152,0.00002,0.419233,0.195869
AAGTGTTTGGAGACGG-1,0.027912,0.088785,0.053414,0.357633,0.119626,0.35263
AAGTTCACTCCAAGCT-1,0.471569,0.029015,0.119002,0.165203,0.003145,0.212065
AAGTTCAGTCTGCGTA-1,0.04304,0.569681,0.005055,0.10757,0.083868,0.190786
AAGTTCGGCCAACAGG-1,0.000033,0.219541,0.421156,0.002534,0.000033,0.356702
AAGTTGTGATGTTATA-1,0.940478,0.059029,0.00011,0.000055,0.000055,0.000274
AAGTTTACTAATGGCA-1,0.000054,0.33013,0.489836,0.008634,0.000054,0.171293
AAGTTTATGGGCCCAA-1,0.04812,0.25679,0.522395,0.172414,0.000047,0.000234
AATAACAACGCTCGGC-1,0.000035,0.045346,0.829422,0.000035,0.000035,0.125128
AATAACACTAGAACAA-1,0.066934,0.34901,0.316987,0.050643,0.009091,0.207334
AATAACGTCGCGCCCA-1,0.999019,0.000475,0.000112,0.000056,0.000056,0.000281
AATAAGTCCTCGAGAC-1,0.000049,0.262289,0.736895,0.00047,0.000049,0.000247
AATAATCTTCGTATCG-1,0.02983,0.051796,0.255253,0.262806,0.211751,0.188564
AATACCGGAGGGCTGT-1,0.142487,0.345619,0.040841,0.168259,0.000022,0.302771
AATACCTGATGTGAAC-1,0.506597,0.173844,0.235922,0.083269,0.000061,0.000306
AATAGAACAGAGTGGC-1,0.000025,0.061419,0.200608,0.0244,0.156447,0.557103
AATAGAATCTGTTTCA-1,0.070035,0.179572,0.438218,0.192335,0.000035,0.119804
AATAGCAAGCCTCCTG-1,0.000061,0.176274,0.727911,0.060014,0.000061,0.035678
AATAGCTACCGCGTGC-1,0.462167,0.362775,0.005668,0.000045,0.169118,0.000227
AATAGGCACGACCCTT-1,0.000029,0.178081,0.539492,0.066891,0.000029,0.215477
AATAGTCCGTCCCGAC-1,0.048815,0.050227,0.751761,0.148052,0.000038,0.001106
AATATCAAGGTCGGAT-1,0.02604,0.071264,0.417861,0.132169,0.017949,0.334717
AATATCGAATCAATGC-1,0.012267,0.085012,0.131259,0.26814,0.057576,0.445746
AATATCGAGGGTTCTC-1,0.000047,0.151631,0.70182,0.000047,0.000047,0.146407
AATATTGGAGTATTGA-1,0.019887,0.979333,0.000173,0.000087,0.000087,0.000433
AATCAGGTTTCATTTA-1,0.00004,0.112454,0.28366,0.008199,0.031429,0.564219
AATCATGTAAAGACTC-1,0.002972,0.058775,0.432307,0.40924,0.057273,0.039432
AATCCAAGGGCCTGAG-1,0.000029,0.099502,0.552267,0.002703,0.052975,0.292524
AATCCCGCTCAGAGCC-1,0.052537,0.055861,0.378569,0.054983,0.000811,0.457239
AATCGAGGTCTCAAGG-1,0.080244,0.034628,0.312496,0.222728,0.000025,0.349879
AATCGCCTCAGCGCCA-1,0.003545,0.000013,0.108395,0.016733,0.011138,0.860175
AATCGCGCAGAGGACT-1,0.036613,0.234244,0.523611,0.022067,0.000553,0.182912
AATCGGGACACTACGA-1,0.013537,0.000158,0.19144,0.014143,0.010591,0.77013
AATCGGTATAGCCCTC-1,0.999529,0.000047,0.000094,0.000047,0.000047,0.000236
AATCGTGAGCCGAGCA-1,0.902185,0.009278,0.08833,0.000035,0.000025,0.000147
AATCTAGGTTTACTTG-1,0.000044,0.076817,0.655511,0.000044,0.000044,0.26754
AATCTATGCCGGAGCC-1,0.000028,0.042166,0.284206,0.000028,0.056299,0.617274
AATCTGCGTTGGGACG-1,0.002943,0.207607,0.675612,0.036004,0.074076,0.003757
AATCTGGCTTTCTAGT-1,0.0165,0.131384,0.524197,0.00004,0.00004,0.327839
AATCTGGGTAGACCCT-1,0.000093,0.13997,0.859286,0.000093,0.000093,0.000465
AATGACAGCAATGTCT-1,0.11426,0.31886,0.566538,0.000049,0.000049,0.000244
AATGACGTAGGATGTC-1,0.049608,0.158491,0.132609,0.098232,0.083062,0.477997
AATGACTGTCAGCCGG-1,0.07773,0.271736,0.270085,0.000055,0.198203,0.182191
AATGATGATACGCTAT-1,0.058909,0.940501,0.000131,0.000066,0.000066,0.000328
AATGATGCGACTCCTG-1,0.000023,0.023421,0.285939,0.000023,0.064528,0.626066
AATGCAACCGGGTACC-1,0.04352,0.904241,0.000152,0.000076,0.051632,0.000379
AATGCACCAAGCAATG-1,0.144583,0.46279,0.004559,0.000049,0.387772,0.000247
AATGGCCGCCAATGCG-1,0.000027,0.027629,0.232552,0.012064,0.007558,0.720171
AATGGTTCTCACAAGC-1,0.000037,0.086316,0.472616,0.126243,0.051378,0.263411
AATGTATGGCACTGTA-1,0.000028,0.061166,0.233251,0.000028,0.203879,0.501649
AATGTGCCCGAGGTGT-1,0.000039,0.266924,0.676125,0.000039,0.000039,0.056836
AATGTGCTAATCTGAG-1,0.043252,0.123934,0.360191,0.002958,0.000027,0.469637
AATGTTAAGACCCTGA-1,0.224244,0.013554,0.243338,0.287981,0.074254,0.156629
AATGTTGTCGTGAGAC-1,0.835362,0.000057,0.000114,0.000057,0.164123,0.000286
AATTAAAGGTCGGCGT-1,0.000035,0.201179,0.388316,0.006938,0.018358,0.385174
AATTAACGGATTTCCA-1,0.030917,0.013764,0.100851,0.058717,0.062489,0.733262
AATTACGAGACCCATC-1,0.000048,0.525541,0.116358,0.046636,0.242573,0.068844
AATTAGCGCTGCAGCG-1,0.052918,0.084487,0.561857,0.045259,0.055418,0.20006
AATTATACCCAGCAAG-1,0.176457,0.029356,0.668461,0.059635,0.065872,0.00022
AATTCATAAGGGATCT-1,0.018701,0.660532,0.001505,0.000049,0.05123,0.267983
AATTCATTGTCATGCA-1,0.080201,0.008059,0.046819,0.012219,0.128519,0.724183
AATTCCAAGCATGTAC-1,0.000013,0.000013,0.011876,0.076141,0.000442,0.911515
AATTCGATTCGAGGAT-1,0.454687,0.123275,0.42173,0.000044,0.000044,0.00022
AATTCTAGAGTTAGGC-1,0.19258,0.085728,0.336386,0.064164,0.01111,0.310032
AATTGAACGCTCTGGT-1,0.014967,0.056877,0.100491,0.00794,0.531902,0.287822
AATTGCAGCAATCGAC-1,0.99487,0.000043,0.004784,0.000043,0.000043,0.000216
AATTGCGTGGATTACA-1,0.000015,0.000693,0.093549,0.000015,0.189525,0.716202
AATTGTGGTTGCCAAA-1,0.901865,0.006258,0.090798,0.000154,0.000154,0.000771
AATTTGGGACATAGTA-1,0.000039,0.058297,0.623081,0.019498,0.048661,0.250424
AATTTGGTTCCAAAGA-1,0.000053,0.287365,0.489071,0.000054,0.080831,0.142626
ACAAACCATGCGTCCT-1,0.008554,0.158141,0.592019,0.012616,0.000032,0.228638
ACAAACCGACAAGGCG-1,0.001052,0.281656,0.246205,0.203284,0.000035,0.267768
ACAAACTCCATCAGAG-1,0.007618,0.038079,0.557725,0.04719,0.000028,0.349359
ACAAAGAAGGTAGGCC-1,0.141198,0.202177,0.118977,0.059018,0.036078,0.442553
ACAAAGCATGACCTAG-1,0.490578,0.000028,0.001728,0.216123,0.080347,0.211196
ACAAATCGCACCGAAT-1,0.034856,0.016965,0.390934,0.384832,0.012976,0.159436
ACAAATGGTAGTGTTT-1,0.022211,0.067675,0.651682,0.100066,0.000025,0.15834
ACAAATTCAGATCTGA-1,0.044334,0.632308,0.111326,0.000062,0.211661,0.00031
ACAACAGCATGAGCTA-1,0.000023,0.023711,0.244914,0.000023,0.215839,0.515491
ACAACGGTCCCTGCGA-1,0.062951,0.167221,0.219176,0.061105,0.128564,0.360983
ACAAGCAGTGCCTAGC-1,0.071525,0.181436,0.404684,0.060456,0.00432,0.277578
ACAAGGAAATCCGCCC-1,0.088931,0.260971,0.278147,0.064344,0.084451,0.223156
ACAAGGACAAGAGGTT-1,0.000045,0.813746,0.002588,0.001549,0.022743,0.159329
ACAAGGATGCTTTAGG-1,0.828292,0.151225,0.006117,0.005823,0.008401,0.000143
ACAAGGCCTACCAGCC-1,0.0313,0.247947,0.697529,0.000074,0.000074,0.023076
ACAAGGGCAGGCTCTG-1,0.042014,0.080305,0.615835,0.046693,0.00243,0.212723
ACAAGTAATTGTAAGG-1,0.100629,0.161123,0.351497,0.033333,0.000051,0.353368
ACAATAGTCGTACGTT-1,0.000036,0.008034,0.671889,0.000036,0.000036,0.319968
ACAATCCATTTAAACC-1,0.000024,0.034143,0.484592,0.000024,0.000024,0.481193
ACAATCGATCTTTATA-1,0.00003,0.138207,0.209289,0.01096,0.019904,0.62161
ACAATGAATACGGAGA-1,0.036079,0.038219,0.380258,0.060641,0.000021,0.484782
ACAATGATTCTTCTAC-1,0.000059,0.353446,0.213442,0.000059,0.000059,0.432933
ACAATTGTGTCTCTTT-1,0.000859,0.000009,0.010384,0.013723,0.534742,0.440283
ACAATTTGAGCAGTGG-1,0.000023,0.015602,0.298772,0.003789,0.145227,0.536587
ACAATTTGGCCATATT-1,0.029507,0.011839,0.066694,0.134978,0.135182,0.6218
ACACAAAGACGGGTGG-1,0.058185,0.94124,0.000128,0.000064,0.000064,0.000319
ACACAAATATTCCTAG-1,0.00006,0.163658,0.593411,0.00006,0.00006,0.242752
ACACACCAGGACCAGT-1,0.00001,0.00001,0.025499,0.054585,0.027906,0.89199
ACACACTTTCTACACG-1,0.000032,0.04449,0.309464,0.000064,0.138557,0.507393
ACACATGATCAAATCT-1,0.037382,0.010904,0.140311,0.007648,0.097253,0.706501
ACACATTTCCGTAGAC-1,0.170045,0.293574,0.378954,0.130781,0.000036,0.026609
ACACCACATAATTAGC-1,0.024893,0.003456,0.048262,0.012696,0.006229,0.904464
ACACCCAGCATGCAGC-1,0.106654,0.892368,0.000218,0.000109,0.000109,0.000544
ACACCCGAGAAATCCG-1,0.226427,0.447158,0.31926,0.006886,0.000045,0.000224
ACACCCGTAAATCTGT-1,0.123953,0.100066,0.410326,0.113656,0.000087,0.251911
ACACCGGTCTGACCGC-1,0.055097,0.357003,0.510913,0.006834,0.000055,0.0701
ACACCTTAAGTAGGGC-1,0.039582,0.78275,0.000173,0.000087,0.176975,0.000433
ACACCTTACTACTTGC-1,0.095236,0.237222,0.276636,0.035127,0.00208,0.353699
ACACGAGACTCCTTCT-1,0.000067,0.248551,0.731875,0.004663,0.000726,0.014118
ACACGGCACTATGCAT-1,0.000056,0.018415,0.877005,0.000056,0.000056,0.104412
ACACGGGAACTTAGGG-1,0.000052,0.229926,0.769658,0.000052,0.000052,0.00026
ACACGTAGGCCACAAG-1,0.364136,0.337548,0.11379,0.167135,0.017147,0.000244
ACACTGATCAAGGTGT-1,0.022705,0.229479,0.685934,0.039329,0.000041,0.022512
ACACTGGGACAGTCGT-1,0.285503,0.54101,0.006566,0.166501,0.00007,0.00035
ACAGAACTGAGAACAA-1,0.000032,0.125722,0.833783,0.007039,0.000032,0.033393
ACAGATTAGGTTAGTG-1,0.000029,0.009161,0.230032,0.000029,0.000029,0.76072
ACAGCATAGAGCCAGT-1,0.044643,0.162392,0.052986,0.109121,0.018288,0.61257
ACAGCGACATTCTCAT-1,0.210852,0.000023,0.024695,0.258644,0.165733,0.340052
ACAGCGCACCCGCAGC-1,0.000017,0.000017,0.119363,0.00135,0.000603,0.87865
ACAGGCACGGATCCTT-1,0.993904,0.000044,0.000088,0.000044,0.0057,0.00022
ACAGGCTTGCCCGACT-1,0.038691,0.115306,0.331481,0.378576,0.006791,0.129155
ACAGGTGGAGGTGAGG-1,0.053783,0.281398,0.49144,0.015205,0.000035,0.158139
ACAGTAATACAACTTG-1,0.00002,0.005547,0.363784,0.00002,0.200592,0.430037
ACAGTATACCGTGGGA-1,0.066571,0.286721,0.416808,0.008114,0.090919,0.130868
ACAGTGCAGCGCATTT-1,0.000051,0.002939,0.178024,0.000051,0.357375,0.461559
ACATAAGTCGTGGTGA-1,0.002114,0.022112,0.051137,0.00002,0.325866,0.59875
ACATAATAAGGCGGTG-1,0.050866,0.28193,0.261205,0.063018,0.164745,0.178235
ACATACAATCAAGCGG-1,0.042136,0.042969,0.519451,0.329924,0.028181,0.037339
ACATCCCGGCCATACG-1,0.123316,0.006022,0.188163,0.098096,0.083162,0.501241
ACATCCTGGTAACTGT-1,0.093321,0.048487,0.100413,0.081249,0.021242,0.655287
ACATCGATCGTTTACC-1,0.000021,0.061412,0.026455,0.003231,0.115919,0.792961
ACATCGCAATATTCGG-1,0.000024,0.030614,0.390797,0.009416,0.012524,0.556625
ACATCGGTCAGCCGCG-1,0.100367,0.495357,0.341573,0.000062,0.000062,0.062579
ACATCGTATGCAATGG-1,0.000008,0.000008,0.000389,0.0096,0.010215,0.979781
ACATCGTTAACCTAGT-1,0.02022,0.136097,0.031373,0.00003,0.003505,0.808774
ACATCTCAACGCGTAA-1,0.000012,0.000012,0.048522,0.005959,0.000015,0.945479
ACATGCTTACGGCAGC-1,0.012512,0.144071,0.840882,0.000042,0.000042,0.00245
ACATGGCGCCAAAGTA-1,0.035192,0.186278,0.714688,0.02308,0.000025,0.040736
ACATTAGTTTATATCC-1,0.047254,0.237294,0.602141,0.088292,0.000059,0.024961
ACATTCGCGCGGAATA-1,0.00005,0.534137,0.460813,0.000677,0.00005,0.004274
ACATTTGAAACCTAAC-1,0.741164,0.095073,0.046515,0.092577,0.000035,0.024637
ACCAAACACCCAGCGA-1,0.381248,0.618201,0.000122,0.000061,0.000061,0.000306
ACCAAACTAGAAATCC-1,0.000021,0.033961,0.166358,0.056383,0.000021,0.743257
ACCAACACCACACACT-1,0.108393,0.512388,0.093591,0.000061,0.259597,0.025969
ACCAACCGCACTCCAC-1,0.619168,0.131768,0.056849,0.082424,0.000045,0.109747
ACCAACGCTTATTTAT-1,0.094254,0.000018,0.031326,0.071092,0.001382,0.801928
ACCAAGAACGCGTGTC-1,0.000034,0.01552,0.532936,0.000034,0.000034,0.451444
ACCAAGTCATCGGCAG-1,0.985883,0.000059,0.000118,0.000059,0.013588,0.000294
ACCAATATGCAAGTTA-1,0.120091,0.00001,0.037475,0.179408,0.201223,0.461793
ACCACAACTCAGAACA-1,0.084871,0.115388,0.503949,0.012255,0.000044,0.283493
ACCACAAGTTTCTATC-1,0.000022,0.000022,0.316493,0.000022,0.08718,0.59626
ACCACACGGTTGATGG-1,0.077128,0.008486,0.059436,0.197156,0.050928,0.606866
ACCACCAATGTAACAA-1,0.021659,0.000012,0.112155,0.062464,0.089591,0.71412
ACCACCCTCTCTTCTA-1,0.01999,0.979304,0.000157,0.000078,0.000078,0.000392
ACCACGTGCAGCTATA-1,0.083159,0.215941,0.624239,0.075346,0.000041,0.001274
ACCAGCCCGGTCTTTG-1,0.036646,0.006224,0.080402,0.007715,0.000382,0.86863
ACCAGGAGTGTGATCT-1,0.000049,0.17539,0.725043,0.000049,0.045654,0.053816
ACCAGTGCCCGGTCAA-1,0.000028,0.12113,0.19204,0.069586,0.000028,0.617187
ACCAGTGCGGGAGACG-1,0.162638,0.337604,0.400434,0.098973,0.000058,0.000292
ACCATATCCGCAATAA-1,0.029499,0.241098,0.639856,0.000046,0.000046,0.089454
ACCATCCGCCAACTAG-1,0.037192,0.900943,0.061473,0.000056,0.000056,0.00028
ACCATCGTATATGGTA-1,0.000035,0.095901,0.642995,0.040765,0.00162,0.218684
ACCCAACGCCCGTGGC-1,0.006805,0.252871,0.687752,0.000041,0.047711,0.004821
ACCCACCTACATGCTC-1,0.071742,0.150322,0.180871,0.08786,0.075748,0.433456
ACCCATCTTGAGGGTA-1,0.00153,0.12049,0.491125,0.000626,0.026992,0.359238
ACCCATTTGTCCCTCT-1,0.410045,0.067045,0.04942,0.325726,0.000034,0.147728
ACCCGAGCGAAATTAC-1,0.000776,0.000006,0.000422,0.000006,0.064878,0.933911
ACCCGATTGGTTCCGA-1,0.067924,0.077807,0.734537,0.00005,0.033501,0.08618
ACCCGGAAACTCCCAG-1,0.360357,0.018517,0.17657,0.174669,0.08625,0.183636
ACCCGGAGCACCACAA-1,0.31034,0.006768,0.060748,0.067365,0.446418,0.10836
ACCCGGATGACGCATC-1,0.000033,0.362054,0.355788,0.129168,0.000033,0.152925
ACCCGGTTACACTTCC-1,0.000037,0.164736,0.53522,0.000037,0.000037,0.299933
ACCCGTAGCAGAGAAT-1,0.000012,0.012312,0.259681,0.005759,0.094481,0.627756
ACCCGTAGTCTAGTTG-1,0.869746,0.000078,0.000157,0.000078,0.129549,0.000392
ACCCGTGTCATCAGTA-1,0.000033,0.072124,0.437031,0.306333,0.055721,0.128757
ACCCTATGCCATATCG-1,0.039509,0.159906,0.368572,0.049876,0.062261,0.319877
ACCCTCCCGTCAGGGC-1,0.919906,0.000061,0.000121,0.000061,0.079547,0.000303
ACCCTCCCTTGCTATT-1,0.036976,0.141118,0.190289,0.040492,0.576743,0.014383
ACCCTGGTAACGCCCT-1,0.037754,0.961505,0.000165,0.000082,0.000082,0.000412
ACCCTTCATCTGCGAA-1,0.000058,0.086644,0.792049,0.012941,0.000058,0.10825
ACCCTTGCCTGGGTCG-1,0.06802,0.930823,0.000257,0.000129,0.000129,0.000643
ACCCTTTAGTTCTCCA-1,0.00007,0.234936,0.604852,0.052225,0.00007,0.107846
ACCGAAAGGGCCCTGC-1,0.000016,0.012105,0.137965,0.00335,0.014672,0.831893
ACCGAAGAGTCTGGTT-1,0.107934,0.274867,0.52667,0.000045,0.000045,0.09044
ACCGACACATCTCCCA-1,0.002779,0.077852,0.035388,0.347763,0.157052,0.379166
ACCGACTGAGTCCCAC-1,0.000031,0.035922,0.424283,0.000031,0.091824,0.447908
ACCGAGTCTCCTTATT-1,0.078025,0.101336,0.466856,0.134406,0.174228,0.045149
ACCGATAGGCATAACC-1,0.753211,0.000025,0.004955,0.053838,0.000677,0.187294
ACCGATATTTAATCAT-1,0.02233,0.001524,0.19302,0.377507,0.053634,0.351984
ACCGATGGTAGCATCG-1,0.000017,0.009882,0.252202,0.022546,0.003133,0.712221
ACCGCAATAACTGCCT-1,0.029652,0.052827,0.381237,0.238626,0.073669,0.223989
ACCGCGGTGGAAGTCG-1,0.053205,0.257002,0.410875,0.153854,0.038084,0.086979
ACCGCTAGTCATTGGT-1,0.003246,0.315256,0.551104,0.00004,0.00004,0.130314
ACCGGGCCTTTGTTGA-1,0.025736,0.312366,0.435574,0.14664,0.000032,0.079652
ACCGGTCAGGTACACC-1,0.000033,0.305088,0.490015,0.011312,0.020418,0.173133
ACCGGTCTGAGTACGG-1,0.000068,0.165926,0.489465,0.004495,0.000068,0.339979
ACCGTCCACTGGGCCC-1,0.012228,0.182877,0.512909,0.000035,0.280498,0.011452
ACCGTGACCACGTGGG-1,0.013543,0.08514,0.119571,0.009097,0.037038,0.735612
ACCGTTCCCGCTCTGA-1,0.000046,0.155531,0.588839,0.000046,0.04551,0.210029
ACCTAAGTACCTTTCA-1,0.000018,0.033755,0.270875,0.004769,0.000018,0.690565
ACCTAATCGACTTCCT-1,0.024197,0.94611,0.000146,0.000073,0.029109,0.000365
ACCTACAGTATGTGGT-1,0.208794,0.004476,0.296001,0.036136,0.000027,0.454566
ACCTACTATAAATCTA-1,0.049094,0.268143,0.56784,0.076349,0.000032,0.038541
ACCTCAGCGAGGCGCA-1,0.053791,0.000012,0.0422,0.146309,0.109796,0.647891
ACCTCCGCCCTCGCTG-1,0.05462,0.000024,0.2581,0.147872,0.374157,0.165227
ACCTCCGTTATTCACC-1,0.186395,0.184143,0.297211,0.004301,0.00003,0.32792
ACCTCGAACTTATGCT-1,0.000067,0.118456,0.08431,0.003169,0.132798,0.661201
ACCTGCGTGTCATGTT-1,0.000037,0.093115,0.581744,0.000037,0.099391,0.225677
ACCTTTCCTTTAGAAG-1,0.000048,0.056856,0.582657,0.008521,0.000048,0.351869
ACGAAATGGGCGGCAC-1,0.051036,0.948314,0.000145,0.000072,0.000072,0.000362
ACGACCCATGAGTTGC-1,0.600692,0.068822,0.205667,0.107399,0.0169,0.00052
ACGACTCTAGGGCCGA-1,0.706819,0.006786,0.226792,0.05938,0.000037,0.000187
ACGACTGGTCATACTC-1,0.051253,0.140298,0.484622,0.00213,0.000032,0.321666
ACGAGATATTTGCTTA-1,0.000044,0.208589,0.466153,0.006606,0.000044,0.318563
ACGAGGATACCACTCT-1,0.00004,0.377885,0.438174,0.005909,0.00004,0.177952
ACGAGGTTTACAACGT-1,0.000044,0.301303,0.698348,0.000044,0.000044,0.000218
ACGAGTACGGATGCCC-1,0.000027,0.005796,0.678135,0.000027,0.057247,0.258768
ACGATACATAGAACTA-1,0.053833,0.887849,0.000183,0.000092,0.057585,0.000458
ACGATCATACATAGAG-1,0.084208,0.902613,0.000105,0.012761,0.000052,0.000262
ACGATCATCTTGTAAA-1,0.019638,0.012638,0.43404,0.01568,0.005486,0.512519
ACGATGCATATGTTAT-1,0.000048,0.229173,0.469072,0.000048,0.000048,0.30161
ACGATGGATCCGATGC-1,0.000059,0.582704,0.344156,0.034396,0.000059,0.038627
ACGCAAACTAATAGAT-1,0.08822,0.211767,0.117437,0.025101,0.208399,0.349076
ACGCAATCACTACAGC-1,0.001356,0.401573,0.222533,0.000044,0.114569,0.259925
ACGCATAAATGACATG-1,0.00002,0.033931,0.207826,0.11732,0.012905,0.627998
ACGCATACGTTTACTA-1,0.070506,0.174407,0.097514,0.538575,0.016221,0.102778
ACGCATTCGTGAGTAC-1,0.000037,0.093638,0.400929,0.030057,0.103445,0.371895
ACGCCACTCGAAACAG-1,0.00001,0.00001,0.004353,0.069446,0.00917,0.917013
ACGCCAGATGATTTCT-1,0.0071,0.280725,0.000242,0.000027,0.107571,0.604334
ACGCCAGTGCGTTTGC-1,0.882322,0.079706,0.037576,0.000057,0.000057,0.000283
ACGCCCAGCTGTCGAT-1,0.016578,0.014599,0.08749,0.076144,0.000021,0.805166
ACGCCGCTAGACGACC-1,0.002994,0.07934,0.078766,0.084563,0.068108,0.68623
ACGCGAAGTCAGACGA-1,0.000052,0.104607,0.652715,0.18224,0.000052,0.060335
ACGCGCTACACAGGGT-1,0.000054,0.306268,0.629756,0.000054,0.000054,0.063815
ACGCGGGCCAAGGACA-1,0.000046,0.13863,0.624817,0.009331,0.000046,0.227129
ACGCTACTGAATGGGC-1,0.838931,0.000104,0.000208,0.000104,0.140016,0.020636
ACGCTAGTATCAGTGC-1,0.000106,0.133474,0.324444,0.059085,0.000106,0.482785
ACGCTAGTGATACACT-1,0.00006,0.165943,0.784686,0.00006,0.00006,0.049192
ACGCTGTGAGGCGTAG-1,0.085735,0.52203,0.14716,0.000068,0.000068,0.24494
ACGCTTAGTGTCTCTC-1,0.000011,0.000011,0.004133,0.010762,0.000011,0.985073
ACGGAACACGAGTGCC-1,0.772054,0.000037,0.143729,0.013461,0.000037,0.070681
ACGGACGCAGCGACAA-1,0.000026,0.105005,0.613681,0.022253,0.023643,0.235392
ACGGACTCTCAAAGCG-1,0.233083,0.234826,0.211912,0.290425,0.000032,0.029721
ACGGAGCGCAAATTAC-1,0.051586,0.880569,0.000204,0.000102,0.067029,0.00051
ACGGATGGTGCGGATA-1,0.582295,0.094009,0.311326,0.008436,0.000029,0.003905
ACGGCACTTGCTTGGG-1,0.167473,0.240539,0.583404,0.001795,0.000048,0.006741
ACGGCCAACATGGACT-1,0.089992,0.000012,0.000339,0.015831,0.000967,0.892859
ACGGCGACGATGGGAA-1,0.072581,0.259684,0.407077,0.116741,0.024852,0.119066
ACGGCTGGATGTAGAA-1,0.000028,0.117145,0.228271,0.000028,0.521963,0.132566
ACGGGAGTGTCGGCCC-1,0.03258,0.129861,0.832836,0.000062,0.000062,0.004599
ACGGGCGTATGCGACA-1,0.010289,0.73656,0.111004,0.000079,0.000079,0.141989
ACGGGTTGTGACCTGT-1,0.000023,0.050684,0.629613,0.000023,0.004277,0.31538
ACGGTACAGTTCAATG-1,0.324456,0.000024,0.006802,0.152456,0.442683,0.073579
ACGGTCACCGAGAACA-1,0.00002,0.06721,0.429167,0.000808,0.007595,0.4952
ACGTACAGATTTCTCT-1,0.000054,0.103953,0.813054,0.004959,0.000054,0.077927
ACGTACTTTGGCACGG-1,0.000033,0.024949,0.269104,0.000033,0.70433,0.001551
ACGTAGATTGCTGATG-1,0.000051,0.534643,0.333469,0.063498,0.000051,0.068288
ACGTAGGAGAGTCGCT-1,0.00001,0.00001,0.026924,0.051766,0.011381,0.909908
ACGTATTACTCCGATC-1,0.000029,0.137414,0.460004,0.16667,0.004351,0.231531
ACGTCCTAAACGAGAT-1,0.000443,0.173831,0.497101,0.021986,0.050494,0.256145
ACGTCGGGCAACTCGG-1,0.000023,0.264537,0.250214,0.000023,0.073836,0.411368
ACGTCTCGTTCCGGGA-1,0.120223,0.280432,0.080444,0.018501,0.000051,0.500348
ACGTGACAAAGTAAGT-1,0.414252,0.584967,0.000069,0.000035,0.000504,0.000173
ACGTGCGCCTCGTGCA-1,0.000129,0.85989,0.139075,0.000129,0.000129,0.000647
ACGTGGTCGAATGTGC-1,0.000033,0.40022,0.058767,0.084514,0.045535,0.410929
ACGTTAATGTCGAAGA-1,0.00001,0.00001,0.090635,0.02623,0.007068,0.876046
ACGTTAGATTTGCCCG-1,0.000016,0.000016,0.057492,0.000016,0.058898,0.883563
ACGTTCACTATGCCGC-1,0.167166,0.315834,0.160653,0.010414,0.000025,0.345908
ACGTTCCGCGCTCCGT-1,0.000051,0.147873,0.805069,0.000051,0.000051,0.046904
ACGTTCGCAATCAATT-1,0.000037,0.10816,0.501455,0.000037,0.000037,0.390275
ACGTTCGTTCAGGAAA-1,0.000039,0.153127,0.563632,0.199556,0.000039,0.083607
ACGTTCTGTACAAGTC-1,0.598247,0.348558,0.012575,0.040286,0.000056,0.000279
ACGTTGTCGTTGAAAG-1,0.019497,0.136436,0.073603,0.087833,0.003784,0.678847
ACGTTTAGTTGTGATC-1,0.000032,0.047614,0.243074,0.000032,0.004984,0.704264
ACGTTTCGGTGCACTT-1,0.671155,0.061869,0.023511,0.026942,0.129305,0.087218
ACTAAGGACGCACACC-1,0.000039,0.000213,0.335733,0.000039,0.113532,0.550444
ACTAATACGTCAGGCG-1,0.000056,0.239933,0.592107,0.019956,0.000056,0.147893
ACTACAAAGAGAGGTG-1,0.044349,0.008228,0.330568,0.000068,0.616444,0.000342
ACTACATCCCGACAAG-1,0.135949,0.236368,0.619511,0.000049,0.000049,0.008075
ACTACCAGCTCTCTGG-1,0.060369,0.342107,0.14247,0.03821,0.044351,0.372493
ACTACCATCCGAGGGC-1,0.000036,0.209474,0.681468,0.003701,0.000036,0.105284
ACTACGCGTTAGAATT-1,0.038403,0.072314,0.706076,0.17273,0.000037,0.01044
ACTAGTTGCGATCGTC-1,0.000018,0.000214,0.214453,0.153003,0.324059,0.308252
ACTATATGCTGTGTTC-1,0.000051,0.23841,0.509082,0.000051,0.141459,0.110946
ACTATCCAGGGCATGG-1,0.000036,0.203942,0.432338,0.031007,0.006476,0.3262
ACTATCTGCCCGCGTA-1,0.024097,0.070059,0.488477,0.362044,0.004865,0.050458
ACTATGTCCAGCTGCC-1,0.063001,0.102033,0.122186,0.009465,0.005655,0.69766
ACTATTCGTCCGTGGT-1,0.000023,0.000023,0.239263,0.000023,0.044186,0.716481
ACTATTTCCGGGCCCA-1,0.160535,0.003517,0.101517,0.051549,0.004863,0.678019
ACTCAAGTGCAAGGCT-1,0.517281,0.219566,0.092191,0.037481,0.133328,0.000153
ACTCAATAAAGGCACG-1,0.000057,0.477312,0.032561,0.000996,0.108671,0.380403
ACTCAGACCTGCTTCT-1,0.004596,0.26981,0.340861,0.027989,0.091814,0.264929
ACTCATGGCAGCCTTC-1,0.000018,0.106982,0.000037,0.002105,0.173476,0.717382
ACTCCAATATCATCAT-1,0.000017,0.043515,0.178708,0.015598,0.010479,0.751683
ACTCCCATTCCTAAAG-1,0.000043,0.09684,0.843978,0.000043,0.058878,0.000217
ACTCCCGAATTCGTTT-1,0.00002,0.00236,0.180658,0.000935,0.013527,0.802501
ACTCCCGTAGACTAGG-1,0.037526,0.839115,0.000214,0.021497,0.000107,0.10154
ACTCCCTAATGCTAAA-1,0.000298,0.039924,0.095929,0.121441,0.208251,0.534157
ACTCCCTAGAATAGTA-1,0.000029,0.067185,0.184267,0.140583,0.011259,0.596677
ACTCCGGCCGACCACT-1,0.864447,0.04643,0.029106,0.030007,0.00707,0.02294
ACTCGCCGTTCGATAA-1,0.933511,0.022295,0.000169,0.01002,0.033582,0.000422
ACTCGCGATCTGACGC-1,0.005117,0.200021,0.025882,0.104083,0.112079,0.55282
ACTCGTAACCCGTCCT-1,0.000026,0.035589,0.25384,0.006539,0.000026,0.70398
ACTCGTCAGTAATCCC-1,0.000043,0.288185,0.709887,0.000044,0.000043,0.001797
ACTCTCTGACTTAGGT-1,0.051457,0.011216,0.004152,0.015026,0.137425,0.780724
ACTCTCTTATACACGA-1,0.000015,0.000015,0.021908,0.000556,0.049427,0.928079
ACTCTGACCTAATAGA-1,0.954463,0.000064,0.000129,0.000064,0.044958,0.000322
ACTCTTCAGCTCCCGC-1,0.153537,0.008192,0.12406,0.023107,0.029315,0.661789
ACTCTTGTATAGTAAC-1,0.046339,0.063793,0.402197,0.040711,0.063434,0.383527
ACTGAAACGCCGTTAG-1,0.178914,0.294111,0.265586,0.261109,0.000047,0.000233
ACTGAATGGCGAAAGT-1,0.083435,0.173566,0.250196,0.199203,0.017343,0.276257
ACTGATTTAGTGATTC-1,0.000023,0.036439,0.113091,0.007178,0.05673,0.78654
ACTGCCCGCCATTCTC-1,0.026002,0.142779,0.622648,0.006628,0.009288,0.192656
ACTGCCGTCGTAACTC-1,0.000094,0.606696,0.357193,0.035455,0.000094,0.000469
ACTGCGGACACACCGT-1,0.108225,0.017552,0.110819,0.033968,0.000059,0.729377
ACTGCTCGGAAGGATG-1,0.000045,0.440114,0.155329,0.000045,0.079962,0.324505
ACTGGCGAACCTGCGT-1,0.02601,0.167738,0.281255,0.189362,0.000066,0.335569
ACTGGGATGCCAGTGC-1,0.11983,0.322354,0.417126,0.110201,0.000044,0.030445
ACTGTACGATACACAT-1,0.000017,0.001137,0.134478,0.00961,0.049555,0.805203
ACTGTAGCACTTTGGA-1,0.412829,0.577461,0.000115,0.000057,0.000057,0.009481
ACTGTCCAGGATTATA-1,0.000037,0.099556,0.28017,0.000037,0.002784,0.617416
ACTGTCTTCTTTAGAA-1,0.000024,0.001526,0.378033,0.000624,0.01627,0.603524
ACTGTTTAGTGTAGGC-1,0.002865,0.310549,0.118301,0.118385,0.170695,0.279205
ACTTACCGGGCGCGCA-1,0.000048,0.14409,0.817301,0.000048,0.000048,0.038466
ACTTACGCATCCACGC-1,0.278345,0.08357,0.120711,0.108477,0.042446,0.366451
ACTTATACTTACCCGG-1,0.031257,0.021052,0.268571,0.05169,0.026365,0.601065
ACTTATTAGGATCGGT-1,0.000023,0.001337,0.139841,0.015583,0.002231,0.840984
ACTTATTTATGTGCCA-1,0.000036,0.110368,0.298527,0.209388,0.012977,0.368703
ACTTCAGGCTGATCCC-1,0.116638,0.016049,0.578663,0.214056,0.051684,0.02291
ACTTCCAGTGGAAGCT-1,0.000087,0.999132,0.000174,0.000087,0.000087,0.000434
ACTTCCATGCGGGACA-1,0.447727,0.239439,0.177567,0.08157,0.000042,0.053655
ACTTCCTGTCGTGCGA-1,0.000021,0.000021,0.000043,0.002595,0.000021,0.997298
ACTTCGCCATACGCAC-1,0.070513,0.19161,0.532565,0.000041,0.093581,0.11169
ACTTCGCTAGCGAGTG-1,0.000047,0.116649,0.562132,0.000047,0.000047,0.321078
ACTTGACTCCCTCTTT-1,0.04412,0.039692,0.5093,0.003652,0.245534,0.157702
ACTTGCCATATTGTAC-1,0.027678,0.00001,0.011821,0.006718,0.057927,0.895845
ACTTGCTCTATCTACC-1,0.000025,0.307258,0.34807,0.002254,0.063631,0.278761
ACTTGGGACCCGGTGG-1,0.001851,0.159803,0.459811,0.000035,0.042095,0.336404
ACTTGGGCTTTCGCCA-1,0.047145,0.000012,0.010807,0.087927,0.017965,0.836144
ACTTGTAGTCCCTTCA-1,0.058995,0.848591,0.000078,0.001528,0.079847,0.010962
ACTTGTGGATGGAACG-1,0.003993,0.162627,0.472499,0.340987,0.00004,0.019854
ACTTGTTACCGGATCA-1,0.000017,0.034139,0.120944,0.017374,0.045995,0.781532
ACTTTACCCTCATGAA-1,0.020358,0.000028,0.32164,0.004992,0.026338,0.626644
ACTTTATACACCACTT-1,0.014828,0.077135,0.756696,0.000028,0.002372,0.148941
ACTTTCCTATAGCTTC-1,0.000024,0.000024,0.256413,0.000024,0.024224,0.719291
ACTTTGACTGCATCCT-1,0.124894,0.18652,0.347719,0.092986,0.000047,0.247834
ACTTTGGTCGTGCTCC-1,0.000045,0.259594,0.724717,0.000045,0.000045,0.015555
ACTTTGTCGACGCACT-1,0.168698,0.153793,0.481259,0.195942,0.000051,0.000257
AGAAATTATGACTCGC-1,0.003453,0.042068,0.542605,0.268296,0.044491,0.099088
AGAACACGGCGATGGT-1,0.000013,0.009467,0.165236,0.001038,0.000013,0.824234
AGAACCCAGCGTGACA-1,0.035044,0.027308,0.062633,0.100896,0.005542,0.768578
