Barcode,Topic 1to4,Topic 5,Topic 6,Topic 7to8,Topic 9,Topic 10,Topic 11
AAACAAGTATCTCCCA-1,0.098854,0.523898,0.084834,0.061218,0.22098,0.01018,0.000036
AAACAATCTACTAGCA-1,0.007889,0.000029,0.007454,0.933094,0.000029,0.024184,0.027322
AAACACCAATAACTGC-1,0.000127,0.000032,0.000032,0.000063,0.584978,0.414737,0.000032
AAACAGAGCGACTCCT-1,0.071351,0.009994,0.456488,0.454072,0.008036,0.000029,0.000029
AAACAGCTTTCAGAAG-1,0.414757,0.131925,0.18487,0.222059,0.000023,0.000024,0.046342
AAACAGGGTCTATATT-1,0.077662,0.321213,0.01119,0.134984,0.259899,0.091659,0.103393
AAACAGTGTTCCTGGG-1,0.00008,0.148121,0.00002,0.00004,0.605865,0.106588,0.139286
AAACATTTCCCGGATT-1,0.000228,0.000057,0.000057,0.000114,0.510633,0.488854,0.000057
AAACCACTACACAGAT-1,0.000221,0.382581,0.232778,0.339322,0.014111,0.030933,0.000055
AAACCCGAACGAAATC-1,0.321587,0.00774,0.055552,0.002405,0.007023,0.008644,0.597048
AAACCGGAAATGTTAA-1,0.344723,0.102868,0.047781,0.105661,0.070103,0.218382,0.110482
AAACCGGGTAGGTACC-1,0.44315,0.032776,0.457551,0.038376,0.000029,0.00156,0.026558
AAACCGTTCGTCCAGG-1,0.000223,0.083137,0.220109,0.000111,0.454094,0.24227,0.000056
AAACCTAAGCAGCCGG-1,0.003769,0.00496,0.000008,0.047217,0.943987,0.000008,0.00005
AAACCTCATGAAGTTG-1,0.198508,0.042641,0.54905,0.169169,0.010841,0.029762,0.000029
AAACGAAGAACATACC-1,0.287019,0.019269,0.018162,0.675496,0.000018,0.000018,0.000018
AAACGAAGATGGAGTA-1,0.171915,0.057193,0.131853,0.139509,0.380966,0.101376,0.017187
AAACGACAGTCTTGCC-1,0.335104,0.101576,0.05396,0.432817,0.021365,0.000024,0.055154
AAACGAGACGGTTGAT-1,0.288671,0.141547,0.395334,0.023471,0.036119,0.016101,0.098757
AAACGCCCGAGATCGG-1,0.000196,0.400237,0.000049,0.509833,0.000049,0.000049,0.089588
AAACGCTGGGCACGAC-1,0.000231,0.000058,0.124216,0.000116,0.768792,0.106529,0.000058
AAACGGGCGTACGGGT-1,0.058746,0.000016,0.004413,0.045547,0.891247,0.000016,0.000016
AAACGGGTTGGTATCC-1,0.000256,0.358383,0.074251,0.537134,0.029847,0.000064,0.000064
AAACGGTTGCGAACTG-1,0.000183,0.027179,0.08601,0.000091,0.571344,0.315147,0.000046
AAACGTGTTCGCCCTA-1,0.756567,0.020356,0.047376,0.161488,0.000015,0.000015,0.014182
AAACTAACGTGGCGAC-1,0.351795,0.048505,0.059576,0.442342,0.018045,0.000015,0.079722
AAACTCGGTTCGCAAT-1,0.00012,0.087104,0.00003,0.10817,0.804515,0.00003,0.00003
AAACTCGTGATATAAG-1,0.633095,0.000011,0.198815,0.135781,0.032274,0.000011,0.000011
AAACTGCTGGCTCCAA-1,0.043951,0.392497,0.074488,0.054101,0.4176,0.000032,0.017331
AAACTTAATTGCACGC-1,0.000094,0.000023,0.000023,0.000047,0.521962,0.477827,0.000023
AAACTTGCAAACGTAT-1,0.33467,0.008641,0.437987,0.024682,0.193971,0.000025,0.000025
AAAGAATGTGGACTAA-1,0.001592,0.072509,0.000013,0.030412,0.744594,0.06217,0.08871
AAAGACATGAAGTTTA-1,0.327014,0.022217,0.019118,0.560542,0.04689,0.000029,0.02419
AAAGACCCAAGTCGCG-1,0.522707,0.000019,0.000019,0.477199,0.000019,0.000019,0.000019
AAAGACTGGGCGCTTT-1,0.471543,0.091802,0.068093,0.338574,0.000016,0.000016,0.029956
AAAGCTTGCCTACATA-1,0.617957,0.022204,0.158138,0.201675,0.000009,0.000009,0.000009
AAAGGCCCTATAATAC-1,0.125773,0.000018,0.014029,0.00143,0.745235,0.097335,0.016179
AAAGGCTACGGACCAT-1,0.000094,0.103825,0.000024,0.030464,0.859717,0.000024,0.005853
AAAGGCTCTCGCGCCG-1,0.237761,0.03246,0.020902,0.000816,0.439994,0.13966,0.128408
AAAGGGATGTAGCAAG-1,0.158866,0.013147,0.473684,0.000114,0.000057,0.000317,0.353815
AAAGGGCAGCTTGAAT-1,0.143245,0.001304,0.456912,0.398455,0.000028,0.000028,0.000028
AAAGGTAAGCTGTACC-1,0.00821,0.000053,0.385706,0.540812,0.021352,0.006447,0.037419
AAAGTAGCATTGCTCA-1,0.099237,0.002,0.093813,0.079243,0.725668,0.000019,0.000019
AAAGTCACTGATGTAA-1,0.078912,0.000034,0.040952,0.880002,0.000034,0.000034,0.000034
AAAGTCGACCCTCAGT-1,0.609207,0.13738,0.150123,0.086523,0.000011,0.000011,0.016746
AAAGTGCCATCAATTA-1,0.063718,0.000019,0.000019,0.000037,0.547619,0.201261,0.187328
AAAGTGTGATTTATCT-1,0.382421,0.128221,0.099777,0.189738,0.015821,0.110357,0.073664
AAAGTTGACTCCCGTA-1,0.187642,0.262101,0.278136,0.19553,0.07654,0.000026,0.000026
AAATAACCATACGGGA-1,0.478162,0.108771,0.00002,0.396868,0.00002,0.00002,0.016138
AAATAAGGTAGTGCCC-1,0.46476,0.000013,0.339327,0.18967,0.005081,0.001138,0.000013
AAATACCTATAAGCAT-1,0.000197,0.189726,0.023234,0.000098,0.179245,0.57025,0.03725
AAATAGCTTAGACTTT-1,0.304637,0.477554,0.01049,0.161556,0.000019,0.000907,0.044837
AAATAGGGTGCTATTG-1,0.028117,0.000068,0.212689,0.02892,0.73012,0.000043,0.000043
AAATCCGATACACGCC-1,0.079017,0.000032,0.000032,0.000064,0.451165,0.414773,0.054918
AAATCGCGGAAGGAGT-1,0.127003,0.075628,0.057378,0.101354,0.462082,0.157245,0.019309
AAATCGTGTACCACAA-1,0.565749,0.159768,0.204134,0.005189,0.000036,0.064523,0.000602
AAATCTAGCCCTGCTA-1,0.43078,0.000015,0.000015,0.00003,0.261084,0.049623,0.258453
AAATGACTGATCAAAC-1,0.000229,0.000057,0.075602,0.000115,0.923882,0.000057,0.000057
AAATGATTCGATCAGC-1,0.184223,0.005104,0.58913,0.221472,0.000024,0.000024,0.000024
AAATGCTCGTTACGTT-1,0.305257,0.062259,0.000031,0.63236,0.000031,0.000031,0.000031
AAATGGCATGTCTTGT-1,0.785454,0.00002,0.004978,0.170633,0.00002,0.00002,0.038875
AAATGGCCCGTGCCCT-1,0.000105,0.462213,0.000026,0.052012,0.411075,0.004737,0.069831
AAATGGTCAATGTGCC-1,0.515551,0.0503,0.289616,0.110855,0.033634,0.000022,0.000022
AAATGTGGGTGCTCCT-1,0.000219,0.000055,0.301547,0.698015,0.000055,0.000055,0.000055
AAATTAACGGGTAGCT-1,0.541343,0.087338,0.217396,0.143757,0.003704,0.00002,0.006443
AAATTAATAAGCGCGA-1,0.200224,0.048944,0.248634,0.160834,0.267809,0.027459,0.046097
AAATTACACGACTCTG-1,0.41787,0.00003,0.272283,0.309727,0.00003,0.00003,0.00003
AAATTACCTATCGATG-1,0.558148,0.003884,0.251938,0.106997,0.07901,0.000012,0.000012
AAATTCCAGGTCCAAA-1,0.766849,0.010489,0.156979,0.065644,0.000013,0.000013,0.000013
AAATTGATAGTCCTTT-1,0.00025,0.046197,0.295892,0.000125,0.527824,0.12965,0.000062
AAATTGCGGCGGTTCT-1,0.000149,0.000037,0.073586,0.926117,0.000037,0.000037,0.000037
AAATTGGTGAGAAGCA-1,0.203169,0.085524,0.20857,0.495504,0.000026,0.000026,0.007181
AAATTTACCGAAATCC-1,0.03795,0.000043,0.084212,0.809554,0.068156,0.000043,0.000043
AAATTTGCGGGTGTGG-1,0.298213,0.006891,0.091785,0.086913,0.516151,0.000024,0.000024
AACAACTGGTAGTTGC-1,0.497447,0.031041,0.282718,0.155625,0.000952,0.01498,0.017236
AACAATACATTGTCGA-1,0.000108,0.233274,0.000027,0.095652,0.662637,0.008275,0.000027
AACAATTACTCTACGC-1,0.357696,0.000028,0.144321,0.44061,0.043872,0.007467,0.006007
AACACACGCTCGCCGC-1,0.149742,0.233746,0.009383,0.047342,0.41317,0.146581,0.000035
AACACGACTGTACTGA-1,0.639704,0.000018,0.000018,0.315275,0.000018,0.000018,0.044948
AACACGAGACGCGGCC-1,0.001277,0.121754,0.544177,0.000132,0.188443,0.144151,0.000066
AACACGCGGCCGCGAA-1,0.020244,0.000025,0.029957,0.949699,0.000025,0.000025,0.000025
AACAGCTGTGTGGCAA-1,0.000121,0.160795,0.003231,0.000061,0.73259,0.103171,0.00003
AACAGGAAATCGAATA-1,0.175789,0.000029,0.173823,0.650271,0.000029,0.000029,0.000029
AACAGGATGGGCCGCG-1,0.217886,0.013376,0.761412,0.007184,0.000047,0.000047,0.000047
AACAGGTAGTATGGAT-1,0.125727,0.197832,0.146056,0.024718,0.217116,0.288508,0.000042
AACATAGCGTGTATCG-1,0.000139,0.172319,0.000035,0.048797,0.77864,0.000035,0.000035
AACATATCAACTGGTG-1,0.551803,0.000017,0.363407,0.084723,0.000017,0.000017,0.000017
AACATCGATACGTCTA-1,0.656971,0.000014,0.155419,0.187554,0.000014,0.000014,0.000014
AACATTGAAGTTGATC-1,0.313621,0.016306,0.000024,0.000049,0.333546,0.336404,0.00005
AACATTGGTCAGCCGT-1,0.000208,0.014867,0.000052,0.984716,0.000052,0.000052,0.000052
AACATTGTGACTCGAG-1,0.000444,0.058078,0.06889,0.000222,0.515102,0.357152,0.000111
AACCAAGACTTCTCTG-1,0.716333,0.000012,0.12884,0.04303,0.000012,0.005393,0.10638
AACCAGTATCACTCTT-1,0.549297,0.000036,0.023613,0.426947,0.000036,0.000036,0.000036
AACCATAGGGTTGAAC-1,0.000153,0.094736,0.000038,0.000076,0.437529,0.46743,0.000038
AACCATGGGATCGCTA-1,0.02065,0.038796,0.057191,0.849185,0.000039,0.000039,0.034099
AACCCAGAGACGGAGA-1,0.51436,0.000024,0.069587,0.345845,0.000024,0.000024,0.070136
AACCCATCCCATGATC-1,0.074882,0.015462,0.0851,0.00021,0.297568,0.526672,0.000105
AACCCGACAACCCGTG-1,0.000104,0.043332,0.000026,0.000052,0.594967,0.322282,0.039236
AACCCGAGCAGAATCG-1,0.208612,0.141562,0.012065,0.045066,0.449134,0.105474,0.038086
AACCCGATAGGGCTTC-1,0.021831,0.14664,0.25816,0.573241,0.000042,0.000042,0.000042
AACCCGCTGTATTCCA-1,0.000183,0.16797,0.000046,0.026099,0.755346,0.050311,0.000046
AACCCTACTGTCAATA-1,0.222966,0.107575,0.499634,0.161716,0.000019,0.008071,0.000019
AACCCTGGTGGAACCA-1,0.596506,0.000019,0.031671,0.345014,0.000019,0.000019,0.026754
AACCGAGCTTGGTCAT-1,0.580118,0.090356,0.265843,0.063629,0.000018,0.000018,0.000018
AACCGCTAAGGGATGC-1,0.328239,0.355059,0.037185,0.003396,0.058066,0.16448,0.053575
AACCGTTGTGTTTGCT-1,0.533257,0.009046,0.01885,0.438754,0.000031,0.000031,0.000031
AACCTAAAGCCGTCCG-1,0.380295,0.036728,0.098358,0.405384,0.079148,0.000043,0.000043
AACCTCGCTTTAGCCC-1,0.045154,0.02522,0.00002,0.063693,0.79707,0.010783,0.058059
AACCTGTCACGGAATT-1,0.327004,0.232064,0.016006,0.233803,0.021691,0.000012,0.169419
AACCTTTAAATACGGT-1,0.28808,0.032015,0.000012,0.067639,0.363795,0.000012,0.248446
AACCTTTACGACGTCT-1,0.15265,0.000582,0.398175,0.277346,0.090495,0.011472,0.069279
AACGAAAGTCGTCCCA-1,0.00008,0.196278,0.00002,0.002035,0.61067,0.190699,0.000217
AACGACCTCCTAGCCG-1,0.025418,0.022426,0.000023,0.059363,0.892722,0.000023,0.000023
AACGATAATGCCGTAG-1,0.000215,0.000054,0.22662,0.004822,0.768183,0.000054,0.000054
AACGATAGAAGGGCCG-1,0.441475,0.087123,0.000022,0.430335,0.000022,0.000022,0.041001
AACGATATGTCAACTG-1,0.169716,0.000191,0.558292,0.271713,0.000029,0.000029,0.000029
AACGCATGATCTGGGT-1,0.395745,0.005961,0.201941,0.341062,0.054113,0.001037,0.000142
AACGCGAACGGCAACA-1,0.026764,0.002184,0.000031,0.943889,0.000031,0.000031,0.027071
AACGCGACCTTGGGCG-1,0.043452,0.045646,0.000034,0.000067,0.353926,0.547971,0.008905
AACGCGGTCTCCAGCC-1,0.675966,0.000016,0.044754,0.119428,0.000016,0.002419,0.157402
AACGCTGTTGCTGAAA-1,0.000171,0.027993,0.139576,0.054763,0.77636,0.001095,0.000043
AACGGACGTACGTATA-1,0.00015,0.59746,0.000038,0.058595,0.343682,0.000038,0.000038
AACGGCCATCTCCGGT-1,0.043145,0.060293,0.070455,0.037113,0.198174,0.127604,0.463217
AACGTACTGTGGGTAC-1,0.242311,0.312266,0.034948,0.094813,0.22639,0.089236,0.000036
AACGTAGTCTACCCAT-1,0.007893,0.009988,0.030517,0.906392,0.045124,0.000043,0.000043
AACGTCAGACTAGTGG-1,0.406525,0.00875,0.092828,0.491814,0.000027,0.000027,0.000027
AACGTCATCCGGCTTG-1,0.000121,0.12275,0.00003,0.074748,0.80229,0.00003,0.00003
AACGTCGCTGCACTTC-1,0.298363,0.000015,0.000015,0.001963,0.662036,0.000015,0.037593
AACGTGATGAAGGACA-1,0.792563,0.000024,0.010317,0.197024,0.000024,0.000024,0.000024
AACGTGCGAAAGTCTC-1,0.104484,0.05596,0.674705,0.12371,0.037194,0.003922,0.000026
AACGTTATCAGCACCT-1,0.657912,0.000012,0.002183,0.283472,0.027361,0.00193,0.02713
AACGTTCTACCATTGT-1,0.183224,0.023757,0.127017,0.006699,0.630645,0.027068,0.00159
AACTACCCGTTTGTCA-1,0.011454,0.342395,0.355738,0.136764,0.077822,0.07579,0.000037
AACTAGCGTATCGCAC-1,0.175259,0.000017,0.000017,0.810027,0.014645,0.000017,0.000017
AACTAGGCTTGGGTGT-1,0.01763,0.386162,0.000046,0.098502,0.497568,0.000046,0.000046
AACTCAAGTTAATTGC-1,0.852846,0.000011,0.009178,0.0017,0.000011,0.001369,0.134884
AACTCCAGAGCGTGTT-1,0.00039,0.000097,0.236317,0.000195,0.762806,0.000097,0.000097
AACTCCTAATCCCATG-1,0.319865,0.008545,0.118291,0.553106,0.000028,0.000028,0.000138
AACTCGATAAACACGT-1,0.041959,0.000022,0.03708,0.920872,0.000022,0.000022,0.000022
AACTCGATGGCGCAGT-1,0.396823,0.003351,0.000029,0.450128,0.000029,0.000029,0.149612
AACTCTCAATAGAGCG-1,0.762031,0.000011,0.140669,0.095863,0.001404,0.000011,0.000011
AACTCTCAGTGTGCTC-1,0.000286,0.001339,0.284752,0.000143,0.578042,0.135367,0.000071
AACTGAGGTCAGCGTC-1,0.786678,0.001664,0.054839,0.079191,0.000024,0.000024,0.077581
AACTGAGTTATACTGA-1,0.046045,0.109444,0.514549,0.137939,0.166856,0.025123,0.000044
AACTGATATTAGGCCT-1,0.480516,0.000031,0.150236,0.369123,0.000031,0.000031,0.000031
AACTGGGTCCCGACGT-1,0.2545,0.030493,0.533357,0.181553,0.000033,0.000033,0.000033
AACTGGGTTCGAGCCG-1,0.000296,0.022107,0.166429,0.810945,0.000074,0.000074,0.000074
AACTGGTGTGGGCCTT-1,0.035613,0.000033,0.049646,0.91461,0.000033,0.000033,0.000033
AACTTCTGCGTCTATC-1,0.000162,0.00004,0.389571,0.610105,0.00004,0.00004,0.00004
AACTTGCCCGTATGCA-1,0.294406,0.000033,0.258151,0.389262,0.000033,0.034136,0.02398
AACTTGCGTTCTCGCG-1,0.000261,0.004456,0.230554,0.73966,0.007364,0.000065,0.017638
AACTTTACGGGAGCTT-1,0.265881,0.022867,0.430366,0.205205,0.007773,0.010797,0.057112
AACTTTAGCTGCTGAG-1,0.000148,0.000037,0.043515,0.956189,0.000037,0.000037,0.000037
AACTTTCTCGATCATG-1,0.884619,0.019141,0.038139,0.054932,0.000009,0.000009,0.00315
AAGAAAGTTTGATGGG-1,0.000226,0.148515,0.149813,0.000113,0.615191,0.086084,0.000057
AAGAAATCACCAGATT-1,0.735247,0.032209,0.078075,0.119609,0.000008,0.000008,0.034845
AAGAAGGATCAGTTAG-1,0.08259,0.007307,0.185941,0.723953,0.00007,0.00007,0.00007
AAGACATACGTGGTTT-1,0.286807,0.000012,0.000012,0.001154,0.573758,0.017582,0.120675
AAGACCAAATAACTCA-1,0.433099,0.018118,0.027715,0.125955,0.251019,0.082704,0.061391
AAGACCCAACTGAACA-1,0.159667,0.01309,0.064906,0.01593,0.516033,0.23034,0.000035
AAGACTAACCCGTTGT-1,0.04651,0.000036,0.000036,0.917347,0.000036,0.000036,0.035998
AAGACTGCAAGCTACT-1,0.01253,0.045157,0.63369,0.254583,0.05396,0.00004,0.00004
AAGAGATGAATCGGTA-1,0.342547,0.045833,0.553657,0.025411,0.014778,0.00006,0.017713
AAGAGCTCTTTATCGG-1,0.185658,0.044844,0.646553,0.122818,0.000042,0.000042,0.000042
AAGAGGATGTACGCGA-1,0.468553,0.000021,0.32259,0.208773,0.000021,0.000021,0.000021
AAGAGGCATGGATCGC-1,0.000192,0.036642,0.447742,0.000096,0.000048,0.102747,0.412533
AAGAGGCCCTTTGGAA-1,0.000207,0.021978,0.091297,0.000103,0.641687,0.244675,0.000052
AAGATGGCACCGGACC-1,0.315812,0.008555,0.079961,0.01634,0.462928,0.072219,0.044186
AAGATTGGCGGAACGT-1,0.795926,0.000009,0.09575,0.006444,0.000009,0.00832,0.093542
AAGCACCCTGCGTATC-1,0.000174,0.015994,0.077792,0.000087,0.905867,0.000043,0.000043
AAGCATACTCTCCTGA-1,0.002654,0.170579,0.00003,0.119261,0.707415,0.00003,0.00003
AAGCCACTTGCAGGTA-1,0.000091,0.130071,0.000023,0.023554,0.846214,0.000023,0.000023
AAGCCGAAGCGGTTTA-1,0.00025,0.167487,0.505169,0.000125,0.130285,0.196621,0.000062
AAGCCGCCGTGAAATC-1,0.017455,0.2299,0.000029,0.095729,0.597826,0.059032,0.000029
AAGCCGCTTTACCTTG-1,0.166126,0.083093,0.120739,0.486228,0.08692,0.00002,0.056875
AAGCCGGAGAGCAGGA-1,0.055903,0.137851,0.000028,0.076582,0.649687,0.072468,0.007482
AAGCGCAGGGCTTTGA-1,0.0002,0.08953,0.025804,0.006643,0.831614,0.046158,0.00005
AAGCGGAGTGCGCGCA-1,0.40342,0.036065,0.405634,0.154832,0.000016,0.000016,0.000016
AAGCGGCGTCATGGGT-1,0.607298,0.000034,0.163736,0.22883,0.000034,0.000034,0.000034
AAGCGTCCCTCATCGA-1,0.000169,0.255229,0.000042,0.000084,0.596344,0.14809,0.000042
AAGCTAGATCGAGTAA-1,0.000181,0.093555,0.061114,0.00009,0.484024,0.360991,0.000045
AAGCTCGTGCCAAGTC-1,0.767983,0.00001,0.019852,0.037712,0.008258,0.00001,0.166174
AAGCTCTTTCATGGTG-1,0.000263,0.034206,0.069653,0.000131,0.516836,0.378846,0.000066
AAGGAGAACTTATAAG-1,0.000202,0.148404,0.056661,0.782338,0.00005,0.00005,0.012295
AAGGAGCGGTTGGTGC-1,0.224442,0.253917,0.119291,0.321168,0.030447,0.002122,0.048614
AAGGATCGATCGCTTG-1,0.624187,0.051361,0.236715,0.009193,0.000022,0.048808,0.029714
AAGGATGAGGGACCTC-1,0.717394,0.057703,0.08097,0.093071,0.00001,0.00001,0.050842
AAGGCAGGCTGTCTCC-1,0.827662,0.00487,0.072798,0.070987,0.019448,0.003235,0.001
AAGGCGCGTAAAGCTT-1,0.178089,0.030885,0.410303,0.380649,0.000025,0.000025,0.000025
AAGGCTGTGCTCATCG-1,0.171277,0.057928,0.64705,0.071207,0.052459,0.000039,0.000039
AAGGGAACGACTGGCT-1,0.000147,0.031548,0.08621,0.023469,0.527068,0.331521,0.000037
AAGGGACAGATTCTGT-1,0.260085,0.009662,0.698298,0.03019,0.000019,0.001728,0.000019
AAGGGACTATGCATTC-1,0.450463,0.000712,0.024207,0.004227,0.287379,0.172973,0.060039
AAGGGTTAGCCATGCG-1,0.033213,0.003628,0.000029,0.023934,0.939139,0.000029,0.000029
AAGGTATCCTAATATA-1,0.748793,0.027652,0.113704,0.109822,0.00001,0.00001,0.00001
AAGGTGATAAACCAGC-1,0.341617,0.132512,0.337565,0.02632,0.008853,0.136619,0.016513
AAGTAAGCTTCCAAAC-1,0.006102,0.391966,0.000024,0.508955,0.021186,0.000024,0.071743
AAGTAGAAGACCGGGT-1,0.633681,0.002971,0.068934,0.277584,0.000021,0.000021,0.016789
AAGTAGTGACGCGAGG-1,0.534536,0.041555,0.234605,0.136564,0.052689,0.000026,0.000026
AAGTCAATTGTCGTCA-1,0.282869,0.060627,0.286992,0.000073,0.010518,0.085863,0.273057
AAGTCTAGTAGCTGCC-1,0.602743,0.092534,0.11454,0.190143,0.000013,0.000013,0.000013
AAGTGACGACCGAATT-1,0.000152,0.1671,0.458581,0.327308,0.046782,0.000038,0.000038
AAGTGAGTCGGGTTTA-1,0.000374,0.000093,0.000093,0.000187,0.273787,0.725372,0.000093
AAGTGCAAAGGTAGAC-1,0.269823,0.009747,0.356481,0.363882,0.000022,0.000022,0.000022
AAGTGCCTTGACTGTA-1,0.592461,0.00003,0.329894,0.000059,0.00003,0.046359,0.031168
AAGTGCGTTAGAATCT-1,0.082052,0.22545,0.013876,0.076301,0.347916,0.047425,0.206979
AAGTGCTTCTCTATTG-1,0.00006,0.000015,0.000015,0.00003,0.786849,0.17968,0.033351
AAGTGTTTGGAGACGG-1,0.000182,0.009943,0.299161,0.000091,0.571758,0.118819,0.000046
AAGTTCACTCCAAGCT-1,0.119329,0.000045,0.08627,0.00009,0.783343,0.010878,0.000045
AAGTTCAGTCTGCGTA-1,0.950444,0.000009,0.000748,0.01419,0.000009,0.006704,0.027896
AAGTTCGGCCAACAGG-1,0.123867,0.164724,0.361557,0.169435,0.162259,0.018124,0.000033
AAGTTGTGATGTTATA-1,0.000141,0.039331,0.102062,0.045942,0.809023,0.003465,0.000035
AAGTTTACTAATGGCA-1,0.000225,0.034231,0.114687,0.812174,0.000056,0.016221,0.022406
AAGTTTATGGGCCCAA-1,0.003168,0.000017,0.000017,0.014468,0.982295,0.000017,0.000017
AATAACAACGCTCGGC-1,0.331863,0.032107,0.496629,0.139339,0.00002,0.00002,0.00002
AATAACACTAGAACAA-1,0.002602,0.096721,0.000027,0.013118,0.591994,0.127194,0.168343
AATAACGTCGCGCCCA-1,0.000083,0.086031,0.000021,0.003333,0.769807,0.004338,0.136387
AATAAGTCCTCGAGAC-1,0.000165,0.000041,0.24021,0.716546,0.000041,0.00742,0.035576
AATAATCTTCGTATCG-1,0.050047,0.093297,0.143509,0.081843,0.630583,0.000024,0.000697
AATACAATGTTTCAGG-1,0.182006,0.003066,0.165976,0.632547,0.000028,0.016351,0.000028
AATACCGGAGGGCTGT-1,0.000091,0.257769,0.000023,0.002281,0.595373,0.110607,0.033856
AATACCTGATGTGAAC-1,0.015858,0.054024,0.000012,0.098765,0.752471,0.000012,0.078857
AATAGAACAGAGTGGC-1,0.000288,0.018598,0.168718,0.000144,0.349723,0.462457,0.000072
AATAGAATCTGTTTCA-1,0.155051,0.027966,0.295138,0.00011,0.000602,0.469955,0.051177
AATAGCAAGCCTCCTG-1,0.364518,0.000027,0.054935,0.276096,0.000027,0.000027,0.304369
AATAGCTACCGCGTGC-1,0.153986,0.000023,0.476932,0.322123,0.04689,0.000023,0.000023
AATAGGCACGACCCTT-1,0.000114,0.000029,0.000029,0.000057,0.798901,0.200842,0.000029
AATAGTCCGTCCCGAC-1,0.208909,0.017052,0.000027,0.082519,0.637079,0.054386,0.000027
AATAGTCGCGAGTCGG-1,0.343469,0.008171,0.111066,0.50708,0.016544,0.010558,0.003113
AATATCAAGGTCGGAT-1,0.503157,0.000017,0.000017,0.496758,0.000017,0.000017,0.000017
AATATCGAATCAATGC-1,0.235095,0.241465,0.243687,0.132228,0.135989,0.0115,0.000036
AATATCGAGGGTTCTC-1,0.210147,0.0076,0.463957,0.196433,0.121819,0.000022,0.000022
AATATTGGAGTATTGA-1,0.255085,0.072434,0.314512,0.322411,0.005935,0.000022,0.0296
AATCAGACTGCAGGAC-1,0.270314,0.000033,0.000033,0.729522,0.000033,0.000033,0.000033
AATCAGGTTTCATTTA-1,0.000119,0.014312,0.00003,0.01254,0.69848,0.27449,0.00003
AATCATGTAAAGACTC-1,0.000144,0.280118,0.000036,0.012476,0.320801,0.245689,0.140734
AATCCAAGGGCCTGAG-1,0.872218,0.000009,0.000009,0.108238,0.000009,0.000009,0.019507
AATCCATGCAAGGGTG-1,0.441345,0.000026,0.000307,0.488406,0.000026,0.003686,0.066204
AATCCCGCTCAGAGCC-1,0.095038,0.116421,0.000027,0.007748,0.722679,0.009881,0.048205
AATCGAGGTCTCAAGG-1,0.000076,0.061122,0.000019,0.027017,0.860665,0.000019,0.051081
AATCGCCTCAGCGCCA-1,0.000159,0.127691,0.708116,0.137197,0.00276,0.024038,0.00004
AATCGCGCAGAGGACT-1,0.216714,0.552045,0.026624,0.154363,0.000017,0.000017,0.050219
AATCGGGACACTACGA-1,0.445276,0.00003,0.01878,0.535822,0.00003,0.00003,0.00003
AATCGGTATAGCCCTC-1,0.002464,0.000015,0.000015,0.029779,0.842763,0.067247,0.057717
AATCGTGAGCCGAGCA-1,0.000149,0.123277,0.000037,0.000074,0.683453,0.192972,0.000037
AATCTAGGTTTACTTG-1,0.023419,0.194282,0.129314,0.0314,0.105754,0.404843,0.110989
AATCTATGCCGGAGCC-1,0.215777,0.000022,0.724984,0.05915,0.000022,0.000022,0.000022
AATCTCTACTGTGGTT-1,0.109211,0.096372,0.402161,0.041155,0.000023,0.039313,0.311765
AATCTGCGTTGGGACG-1,0.236932,0.185971,0.417971,0.143142,0.015935,0.000024,0.000024
AATCTGGCTTTCTAGT-1,0.00014,0.000035,0.000035,0.00007,0.724541,0.274207,0.000972
AATCTGGGTAGACCCT-1,0.000305,0.000076,0.168076,0.729921,0.101469,0.000076,0.000076
AATGACAGCAATGTCT-1,0.250881,0.031058,0.086529,0.237656,0.393835,0.00002,0.00002
AATGACGTAGGATGTC-1,0.447413,0.000028,0.354797,0.16612,0.005539,0.026075,0.000028
AATGACTGTCAGCCGG-1,0.532136,0.000023,0.286265,0.181509,0.000023,0.000023,0.000023
AATGAGTTCGCATATG-1,0.418218,0.000031,0.002876,0.548165,0.000031,0.000031,0.030648
AATGATGATACGCTAT-1,0.456141,0.049912,0.167962,0.283718,0.000016,0.001514,0.040737
AATGATGCGACTCCTG-1,0.811705,0.000008,0.142246,0.046017,0.000008,0.000008,0.000008
AATGCAACCGGGTACC-1,0.836961,0.000013,0.117776,0.035276,0.000013,0.000013,0.009948
AATGCACCAAGCAATG-1,0.395129,0.07678,0.416854,0.111114,0.000041,0.000041,0.000041
AATGGCCGCCAATGCG-1,0.144775,0.388153,0.060666,0.3847,0.019426,0.002245,0.000035
AATGGTCCACCGTTCA-1,0.433909,0.000016,0.159041,0.347619,0.014705,0.020386,0.024325
AATGGTTCTCACAAGC-1,0.48643,0.033807,0.055809,0.310004,0.00003,0.00003,0.113891
AATGTATGGCACTGTA-1,0.000152,0.000038,0.000038,0.000076,0.149432,0.850227,0.000038
AATGTGCCCGAGGTGT-1,0.000161,0.204697,0.00004,0.00008,0.567875,0.199947,0.0272
AATGTGCTAATCTGAG-1,0.000192,0.011605,0.138158,0.000096,0.670882,0.17902,0.000048
AATGTTAAGACCCTGA-1,0.099065,0.000009,0.000009,0.016541,0.881668,0.000009,0.0027
AATGTTGTCGTGAGAC-1,0.00006,0.052097,0.000015,0.010404,0.812576,0.00401,0.120839
AATTAAAGGTCGGCGT-1,0.000381,0.034162,0.56089,0.00019,0.000095,0.068088,0.336194
AATTAACGGATTTCCA-1,0.000399,0.0001,0.061024,0.000199,0.510163,0.428016,0.0001
AATTACGAGACCCATC-1,0.004439,0.043903,0.098083,0.140733,0.577309,0.11565,0.019882
AATTACTCGTACGCTC-1,0.012403,0.000023,0.040499,0.936265,0.000023,0.000023,0.010764
AATTAGCGCTGCAGCG-1,0.000305,0.311858,0.034194,0.000152,0.647522,0.005893,0.000076
AATTATACCCAGCAAG-1,0.627336,0.000011,0.000011,0.000021,0.372065,0.000011,0.000546
AATTCATAAGGGATCT-1,0.48233,0.00002,0.411033,0.103934,0.00002,0.002645,0.00002
AATTCATTGTCATGCA-1,0.433996,0.001336,0.012659,0.171353,0.263194,0.092405,0.025058
AATTCCAACTTGGTGA-1,0.00196,0.01365,0.014037,0.970267,0.000028,0.000028,0.000028
AATTCCAAGCATGTAC-1,0.018274,0.132509,0.003869,0.000062,0.781247,0.064008,0.000031
AATTCGATTCGAGGAT-1,0.000207,0.000052,0.072978,0.000931,0.893608,0.032172,0.000052
AATTCTAGAGTTAGGC-1,0.000153,0.268151,0.004538,0.03408,0.492111,0.034289,0.166678
AATTGAACGCTCTGGT-1,0.322224,0.052534,0.457748,0.005453,0.159423,0.002585,0.000033
AATTGCAGCAATCGAC-1,0.004815,0.057098,0.007026,0.071489,0.846153,0.003297,0.010122
AATTGCGTGGATTACA-1,0.034167,0.00003,0.043542,0.000061,0.421456,0.500713,0.00003
AATTGTGGTTGCCAAA-1,0.212067,0.067999,0.105228,0.024011,0.142546,0.393809,0.054341
AATTTGGGACATAGTA-1,0.541918,0.00003,0.089887,0.368075,0.00003,0.00003,0.00003
AATTTGGTTCCAAAGA-1,0.791414,0.000017,0.003528,0.182219,0.000017,0.000017,0.022787
ACAAACCATGCGTCCT-1,0.00009,0.013445,0.000023,0.000045,0.711715,0.27466,0.000023
ACAAACCGACAAGGCG-1,0.296314,0.010686,0.101466,0.530462,0.033826,0.001089,0.026157
ACAAACTCCATCAGAG-1,0.000111,0.000028,0.000028,0.003627,0.843957,0.152223,0.000028
ACAAAGAAGGTAGGCC-1,0.268046,0.131603,0.151709,0.10505,0.301014,0.021433,0.021145
ACAAAGCATGACCTAG-1,0.180917,0.000014,0.019186,0.007022,0.792832,0.000014,0.000014
ACAAATCGCACCGAAT-1,0.00026,0.079776,0.419279,0.00013,0.413155,0.087336,0.000065
ACAAATGGTAGTGTTT-1,0.373421,0.192667,0.379016,0.00008,0.00004,0.054735,0.00004
ACAAATTCAGATCTGA-1,0.257962,0.031618,0.05223,0.651737,0.006385,0.000034,0.000034
ACAACAGCATGAGCTA-1,0.640568,0.030054,0.229671,0.08225,0.000021,0.000021,0.017416
ACAACGGTCCCTGCGA-1,0.522878,0.082408,0.007631,0.360189,0.000017,0.000017,0.026859
ACAAGCAGTGCCTAGC-1,0.002376,0.010308,0.802655,0.157331,0.027256,0.000037,0.000037
ACAAGGAAATCCGCCC-1,0.00072,0.00018,0.357371,0.00036,0.214756,0.426433,0.00018
ACAAGGACAAGAGGTT-1,0.379277,0.03558,0.430564,0.119213,0.001121,0.002617,0.031628
ACAAGGATGCTTTAGG-1,0.000252,0.07123,0.2945,0.005053,0.601986,0.026917,0.000063
ACAAGGCCTACCAGCC-1,0.000244,0.338117,0.000061,0.654496,0.000061,0.000061,0.006959
ACAAGGGCAGGCTCTG-1,0.050906,0.34035,0.487074,0.034068,0.087522,0.00004,0.00004
ACAAGTAATTGTAAGG-1,0.012582,0.233939,0.000022,0.057188,0.696035,0.000022,0.000213
ACAATAGTCGTACGTT-1,0.455151,0.001071,0.28908,0.108084,0.052659,0.042856,0.051098
ACAATCCATTTAAACC-1,0.000128,0.037504,0.734641,0.198155,0.012247,0.017293,0.000032
ACAATCGATCTTTATA-1,0.000197,0.006535,0.136958,0.856163,0.000049,0.000049,0.000049
ACAATGAATACGGAGA-1,0.000128,0.241802,0.055663,0.052756,0.649586,0.000032,0.000032
ACAATGATTCTTCTAC-1,0.033673,0.00548,0.400271,0.560462,0.000038,0.000038,0.000038
ACAATTGTGTCTCTTT-1,0.416966,0.040888,0.207756,0.08825,0.189849,0.056257,0.000034
ACAATTTAGGAGGCTC-1,0.07608,0.024599,0.585664,0.313598,0.00002,0.00002,0.00002
ACAATTTGAGCAGTGG-1,0.809607,0.001731,0.066501,0.034057,0.000013,0.013295,0.074795
ACAATTTGGCCATATT-1,0.414632,0.000031,0.390249,0.000063,0.000031,0.093381,0.101613
ACACAAAGACGGGTGG-1,0.889365,0.020855,0.077052,0.000026,0.008156,0.000013,0.004533
ACACAAATATTCCTAG-1,0.851018,0.000009,0.03528,0.094667,0.000009,0.000009,0.019008
ACACACCAGGACCAGT-1,0.74533,0.128841,0.057531,0.051314,0.001185,0.011757,0.004041
ACACACTTTCTACACG-1,0.667356,0.000033,0.040782,0.291731,0.000033,0.000033,0.000033
ACACATGATCAAATCT-1,0.000128,0.008505,0.047272,0.000064,0.849918,0.094081,0.000032
ACACATTGACGCAACA-1,0.495057,0.000008,0.000008,0.504902,0.000008,0.000008,0.000008
ACACATTTCCGTAGAC-1,0.475557,0.000016,0.000016,0.025208,0.442484,0.054662,0.002055
ACACCACATAATTAGC-1,0.539468,0.000011,0.167367,0.212853,0.000405,0.00676,0.073137
ACACCCAGCATGCAGC-1,0.423033,0.014057,0.300043,0.158828,0.01672,0.000025,0.087295
ACACCCGAGAAATCCG-1,0.003225,0.141089,0.13737,0.692509,0.000036,0.000036,0.025735
ACACCGAGCGCTCTTT-1,0.34539,0.013693,0.127441,0.398865,0.039122,0.021342,0.054147
ACACCGGTCTGACCGC-1,0.000085,0.070169,0.000021,0.000069,0.73173,0.168621,0.029305
ACACCTTAAGTAGGGC-1,0.52429,0.020203,0.139473,0.275324,0.000022,0.019837,0.02085
ACACCTTACTACTTGC-1,0.048955,0.041467,0.660083,0.247583,0.001855,0.000029,0.000029
ACACGAGACTCCTTCT-1,0.415331,0.150741,0.158643,0.144561,0.000026,0.000026,0.130672
ACACGGCACTATGCAT-1,0.343486,0.000024,0.00051,0.655909,0.000024,0.000024,0.000024
ACACGGGAACTTAGGG-1,0.745393,0.000011,0.067909,0.030263,0.000011,0.013263,0.143149
ACACGTAGGCCACAAG-1,0.230068,0.002032,0.045036,0.025636,0.568757,0.12543,0.003041
ACACTCCAATGTCACT-1,0.000343,0.000086,0.531628,0.467686,0.000086,0.000086,0.000086
ACACTGATCAAGGTGT-1,0.000392,0.000098,0.17826,0.000196,0.613361,0.207596,0.000098
ACACTGGGACAGTCGT-1,0.000068,0.14526,0.000017,0.098397,0.655524,0.000017,0.100717
ACAGAACTGAGAACAA-1,0.003029,0.135134,0.107886,0.145697,0.284729,0.323501,0.000023
ACAGATTAGGTTAGTG-1,0.427061,0.000022,0.000022,0.525931,0.000022,0.000022,0.046918
ACAGCATAGAGCCAGT-1,0.000293,0.000073,0.179242,0.820172,0.000073,0.000073,0.000073
ACAGCGACATTCTCAT-1,0.071248,0.000028,0.000028,0.000056,0.305216,0.59954,0.023884
ACAGCGCACCCGCAGC-1,0.310703,0.141083,0.038358,0.477041,0.000054,0.000054,0.032706
ACAGGCACGGATCCTT-1,0.013147,0.000078,0.000019,0.043865,0.923518,0.002293,0.017079
ACAGGCTTGCCCGACT-1,0.000196,0.412122,0.00238,0.093306,0.491898,0.000049,0.000049
ACAGGTGGAGGTGAGG-1,0.00044,0.057889,0.220759,0.00022,0.356284,0.364299,0.00011
ACAGTAATACAACTTG-1,0.419487,0.114033,0.083456,0.036889,0.178764,0.07302,0.09435
ACAGTATACCGTGGGA-1,0.160863,0.072518,0.58264,0.174865,0.000034,0.000034,0.009046
ACATAAGTCGTGGTGA-1,0.000128,0.19357,0.000032,0.006441,0.680297,0.1195,0.000032
ACATAATAAGGCGGTG-1,0.283757,0.070554,0.313727,0.284514,0.047398,0.000025,0.000025
ACATACAATCAAGCGG-1,0.002506,0.000029,0.000029,0.000058,0.781023,0.216326,0.000029
ACATCAGCTGGGACGC-1,0.990885,0.000005,0.000005,0.006088,0.000005,0.000005,0.003007
ACATCCCGGCCATACG-1,0.000212,0.02463,0.14011,0.034481,0.80046,0.000053,0.000053
ACATCCTGGTAACTGT-1,0.241382,0.100628,0.324224,0.134769,0.149682,0.02326,0.026056
ACATCGATCGTTTACC-1,0.455704,0.116822,0.255217,0.163529,0.008656,0.000036,0.000036
ACATCGCAATATTCGG-1,0.019786,0.034852,0.048188,0.000147,0.50096,0.395992,0.000074
ACATCGGTCAGCCGCG-1,0.070684,0.237081,0.508995,0.168494,0.000042,0.014661,0.000042
ACATCGTATGCAATGG-1,0.012325,0.548005,0.268911,0.02212,0.148267,0.000328,0.000044
ACATCGTTAACCTAGT-1,0.26793,0.078899,0.000057,0.647386,0.000057,0.000057,0.005613
ACATCTCAACGCGTAA-1,0.151198,0.000028,0.045719,0.745094,0.010196,0.000028,0.047737
ACATGCTTACGGCAGC-1,0.000071,0.068675,0.000018,0.000036,0.702904,0.000657,0.22764
ACATGGCGCCAAAGTA-1,0.218842,0.029749,0.4485,0.025214,0.126135,0.025245,0.126315
ACATGGCTCAATTTAG-1,0.370429,0.000019,0.000019,0.629476,0.000019,0.000019,0.000019
ACATTAGTTTATATCC-1,0.030166,0.107792,0.000029,0.112376,0.749581,0.000029,0.000029
ACATTCGCGCGGAATA-1,0.000136,0.013765,0.019578,0.000068,0.592773,0.373646,0.000034
ACATTTGAAACCTAAC-1,0.055028,0.000008,0.000008,0.000925,0.943859,0.000008,0.000163
ACCAAACACCCAGCGA-1,0.835979,0.038093,0.029698,0.077904,0.00001,0.00001,0.018305
ACCAAACTAGAAATCC-1,0.205701,0.007248,0.020248,0.744517,0.00002,0.00002,0.022245
ACCAACACCACACACT-1,0.524758,0.077324,0.071142,0.273017,0.000012,0.000012,0.053735
ACCAACCGCACTCCAC-1,0.065736,0.00002,0.071705,0.008217,0.664733,0.189571,0.00002
ACCAACGCTTATTTAT-1,0.000301,0.106886,0.040436,0.00015,0.743779,0.108373,0.000075
ACCAAGAACGCGTGTC-1,0.44553,0.054839,0.006329,0.449253,0.000019,0.000019,0.044011
ACCAAGTCATCGGCAG-1,0.090384,0.000012,0.000138,0.024979,0.814863,0.039987,0.029636
ACCAATATGCAAGTTA-1,0.000316,0.038458,0.000079,0.000158,0.626834,0.334075,0.000079
ACCACAACTCAGAACA-1,0.064512,0.000068,0.27957,0.625406,0.010049,0.000068,0.020327
ACCACAAGTTTCTATC-1,0.766393,0.005957,0.187899,0.006434,0.015136,0.018161,0.00002
ACCACACGGTTGATGG-1,0.301091,0.00002,0.00002,0.043569,0.655261,0.00002,0.00002
ACCACCAATGTAACAA-1,0.498996,0.068897,0.285821,0.110697,0.035558,0.000015,0.000015
ACCACCCTCTCTTCTA-1,0.940588,0.000008,0.011599,0.017449,0.000008,0.021545,0.008803
ACCACGTGCAGCTATA-1,0.258083,0.176887,0.269167,0.000256,0.144564,0.150915,0.000128
ACCACTGTTCAAGAAG-1,0.463711,0.000011,0.002764,0.508474,0.004569,0.000011,0.020461
ACCAGCCCGGTCTTTG-1,0.000144,0.010446,0.080863,0.893209,0.000036,0.000036,0.015266
ACCAGGAGTGTGATCT-1,0.05543,0.00004,0.107254,0.837156,0.00004,0.00004,0.00004
ACCAGTGCCCGGTCAA-1,0.311654,0.033751,0.24131,0.413152,0.000044,0.000044,0.000044
ACCAGTGCGGGAGACG-1,0.203331,0.201469,0.217276,0.042096,0.315421,0.020358,0.000049
ACCATATCCGCAATAA-1,0.529775,0.024111,0.307928,0.000046,0.000023,0.000023,0.138094
ACCATCCGCCAACTAG-1,0.001389,0.501012,0.000016,0.102999,0.195155,0.000016,0.199412
ACCATCGTATATGGTA-1,0.043078,0.316304,0.469762,0.000123,0.000061,0.020544,0.150128
ACCATTAAGGGTGTCA-1,0.125795,0.006841,0.028769,0.838532,0.000021,0.000021,0.000021
ACCCAACGCCCGTGGC-1,0.22543,0.217774,0.278225,0.241316,0.000017,0.000018,0.03722
ACCCACCTACATGCTC-1,0.597239,0.009813,0.100966,0.283275,0.006736,0.001609,0.000363
ACCCATCTTGAGGGTA-1,0.295292,0.04371,0.481993,0.176997,0.001938,0.000035,0.000035
ACCCATTTGTCCCTCT-1,0.008161,0.000048,0.098495,0.002891,0.619565,0.270792,0.000048
ACCCGAGCGAAATTAC-1,0.315295,0.156481,0.000021,0.055072,0.436897,0.000021,0.036213
ACCCGATTGGTTCCGA-1,0.0001,0.058969,0.000025,0.004827,0.456307,0.469723,0.010049
ACCCGGAAACTCCCAG-1,0.000283,0.022899,0.034979,0.000142,0.522185,0.419441,0.000071
ACCCGGAGCACCACAA-1,0.001873,0.000022,0.042329,0.005009,0.944747,0.005997,0.000022
ACCCGGATGACGCATC-1,0.146806,0.044975,0.52639,0.266333,0.015438,0.000029,0.000029
ACCCGGTTACACTTCC-1,0.71356,0.002331,0.156965,0.025463,0.000018,0.018781,0.082882
ACCCGTAGCAGAGAAT-1,0.00012,0.23298,0.00003,0.082308,0.637209,0.047319,0.000032
ACCCGTAGTCTAGTTG-1,0.000172,0.000043,0.000043,0.000086,0.658429,0.341184,0.000043
ACCCGTGTCATCAGTA-1,0.00016,0.119899,0.066307,0.04405,0.769503,0.00004,0.00004
ACCCTATAGGACTGAG-1,0.20535,0.059017,0.000039,0.724962,0.000039,0.000039,0.010553
ACCCTATGCCATATCG-1,0.00024,0.235226,0.125064,0.0021,0.616395,0.020914,0.00006
ACCCTCCCGTCAGGGC-1,0.019032,0.000013,0.000013,0.021288,0.959629,0.000013,0.000013
ACCCTCCCTTGCTATT-1,0.000288,0.018459,0.102257,0.000144,0.101134,0.777646,0.000072
ACCCTGGTAACGCCCT-1,0.559808,0.055966,0.091746,0.20681,0.07806,0.000015,0.007594
ACCCTTCATCTGCGAA-1,0.742299,0.000023,0.000023,0.22762,0.011098,0.000023,0.018915
ACCCTTGCCTGGGTCG-1,0.342653,0.001226,0.168129,0.468326,0.019622,0.000023,0.000023
ACCCTTTAGTTCTCCA-1,0.000266,0.000054,0.129856,0.598239,0.000054,0.000054,0.271477
ACCGAAAGGGCCCTGC-1,0.310816,0.000019,0.015289,0.446262,0.052658,0.000019,0.174936
ACCGAAGAGTCTGGTT-1,0.000169,0.000042,0.000042,0.000084,0.491375,0.508245,0.000042
ACCGACACATCTCCCA-1,0.275439,0.00009,0.150444,0.151757,0.325509,0.096671,0.00009
ACCGACTGAGTCCCAC-1,0.87084,0.000007,0.000007,0.000858,0.000007,0.000007,0.128272
ACCGAGTCTCCTTATT-1,0.000047,0.000012,0.000012,0.000024,0.905709,0.070128,0.024068
ACCGATAGGCATAACC-1,0.000175,0.000044,0.114092,0.007298,0.665066,0.213281,0.000044
ACCGATATTTAATCAT-1,0.269892,0.037932,0.005375,0.087904,0.192013,0.004832,0.402052
ACCGATGGTAGCATCG-1,0.166904,0.120449,0.468498,0.100818,0.000027,0.000027,0.143277
ACCGCAATAACTGCCT-1,0.554328,0.000026,0.008077,0.047321,0.098746,0.266603,0.024899
ACCGCGGTGGAAGTCG-1,0.30518,0.012912,0.145357,0.033352,0.022347,0.020647,0.460206
ACCGCTAGTCATTGGT-1,0.00774,0.134628,0.000015,0.029518,0.656534,0.048526,0.123039
ACCGGGCCTTTGTTGA-1,0.297951,0.142758,0.343466,0.000082,0.149902,0.065799,0.000041
ACCGGTCAGGTACACC-1,0.000128,0.000032,0.000032,0.000064,0.804476,0.195236,0.000032
ACCGGTCTGAGTACGG-1,0.004167,0.288727,0.000045,0.497587,0.000045,0.000045,0.209383
ACCGTGACCACGTGGG-1,0.000096,0.108001,0.040357,0.005891,0.838808,0.006823,0.000024
ACCGTTCCCGCTCTGA-1,0.32577,0.000019,0.006597,0.606007,0.000019,0.017301,0.044286
ACCTAAGTACCTTTCA-1,0.000093,0.012118,0.112211,0.057018,0.816506,0.002031,0.000023
ACCTAATCGACTTCCT-1,0.230558,0.100216,0.358539,0.246747,0.063863,0.000039,0.000039
ACCTACAGTATGTGGT-1,0.474962,0.036533,0.098046,0.171599,0.000014,0.004297,0.214549
ACCTACTATAAATCTA-1,0.000088,0.000022,0.000022,0.000044,0.810484,0.128802,0.060537
ACCTCAGCGAGGCGCA-1,0.000122,0.029202,0.000031,0.000061,0.951562,0.018992,0.000031
ACCTCCGCCCTCGCTG-1,0.123698,0.063685,0.000023,0.093076,0.502402,0.000023,0.217093
ACCTCCGTTATTCACC-1,0.290477,0.245912,0.092918,0.287802,0.028866,0.000091,0.053935
ACCTCGAACTTATGCT-1,0.00007,0.000017,0.000017,0.000035,0.795175,0.204668,0.000017
ACCTGCGTGTCATGTT-1,0.238065,0.305821,0.000018,0.0837,0.155717,0.002293,0.214387
ACCTTTCCTTTAGAAG-1,0.240933,0.055974,0.029749,0.624216,0.049063,0.000033,0.000033
ACGAAATGGGCGGCAC-1,0.226734,0.215569,0.222625,0.334987,0.000029,0.000029,0.000029
ACGACCCATGAGTTGC-1,0.085106,0.016698,0.000016,0.04596,0.815632,0.000016,0.036572
ACGACTCTAGGGCCGA-1,0.010926,0.000019,0.026175,0.042098,0.920745,0.000019,0.000019
ACGACTGGTCATACTC-1,0.002892,0.033843,0.05758,0.003564,0.730983,0.166891,0.004248
ACGAGAACCCATCACG-1,0.000208,0.000052,0.22675,0.758587,0.000052,0.000052,0.014299
ACGAGATATTTGCTTA-1,0.072278,0.005376,0.169484,0.690381,0.000075,0.000075,0.062331
ACGAGGATACCACTCT-1,0.000154,0.147259,0.169548,0.054052,0.628911,0.000038,0.000038
ACGAGGTTTACAACGT-1,0.141051,0.000103,0.000103,0.006432,0.607895,0.244314,0.000103
ACGAGTACGGATGCCC-1,0.27314,0.006546,0.37617,0.30445,0.002023,0.000022,0.037649
ACGAGTCGCCGGCGTT-1,0.021807,0.055698,0.246411,0.676018,0.000022,0.000022,0.000022
ACGATACATAGAACTA-1,0.147739,0.000023,0.373425,0.341983,0.136785,0.000023,0.000023
ACGATCATACATAGAG-1,0.177217,0.004384,0.706841,0.000146,0.000073,0.039408,0.071932
ACGATCATCTTGTAAA-1,0.093186,0.34252,0.21231,0.272795,0.016974,0.000026,0.062189
ACGATGCATATGTTAT-1,0.479474,0.188998,0.165145,0.166316,0.000023,0.000023,0.000023
ACGATGGATCCGATGC-1,0.826776,0.000024,0.000024,0.173102,0.000024,0.000024,0.000024
ACGCAAACTAATAGAT-1,0.055526,0.042764,0.149555,0.000453,0.319736,0.431892,0.000074
ACGCAATCACTACAGC-1,0.282801,0.074909,0.503452,0.120278,0.017532,0.001006,0.000023
ACGCATAAATGACATG-1,0.000341,0.023448,0.59286,0.383096,0.000085,0.000085,0.000085
ACGCATACGTTTACTA-1,0.000113,0.280333,0.000028,0.022526,0.663209,0.007351,0.026439
ACGCATTCGTGAGTAC-1,0.000162,0.248192,0.562192,0.189333,0.000041,0.000041,0.000041
ACGCCACTCGAAACAG-1,0.000078,0.135994,0.000019,0.040982,0.796444,0.002975,0.023508
ACGCCAGATGATTTCT-1,0.46932,0.0036,0.181329,0.345627,0.000041,0.000041,0.000041
ACGCCAGTGCGTTTGC-1,0.008926,0.000016,0.000016,0.000032,0.91358,0.066847,0.010583
ACGCCCAGCTGTCGAT-1,0.366501,0.000025,0.035935,0.532495,0.000025,0.000025,0.064995
ACGCCGCTAGACGACC-1,0.00025,0.046042,0.509265,0.000125,0.0281,0.249524,0.166696
ACGCGAAGTCAGACGA-1,0.075465,0.122393,0.072942,0.016883,0.692559,0.01391,0.005849
ACGCGCTACACAGGGT-1,0.000188,0.178934,0.696125,0.055749,0.034072,0.034886,0.000047
ACGCGGGCCAAGGACA-1,0.168739,0.239345,0.463988,0.069997,0.000865,0.03652,0.020546
ACGCGTTTCTTAAGAG-1,0.363812,0.070535,0.166444,0.150484,0.157447,0.023572,0.067706
ACGCTACTGAATGGGC-1,0.003913,0.01742,0.000025,0.141189,0.837401,0.000025,0.000025
ACGCTAGTGATACACT-1,0.867239,0.000007,0.002182,0.008817,0.000007,0.000811,0.120936
ACGCTGTGAGGCGTAG-1,0.402832,0.210337,0.058614,0.304018,0.000014,0.000014,0.02417
ACGCTTAGTGTCTCTC-1,0.184035,0.046988,0.260392,0.432439,0.07584,0.000195,0.000111
ACGGAACACGAGTGCC-1,0.000067,0.000017,0.000017,0.01454,0.813522,0.019961,0.151876
ACGGAATTTAGCAAAT-1,0.000234,0.000059,0.285498,0.714033,0.000059,0.000059,0.000059
ACGGACGCAGCGACAA-1,0.000079,0.00002,0.011835,0.000039,0.770466,0.204314,0.013248
ACGGACTCTCAAAGCG-1,0.000123,0.246502,0.000031,0.049761,0.674102,0.000031,0.029452
ACGGAGCGCAAATTAC-1,0.463217,0.0498,0.091861,0.377558,0.017528,0.000018,0.000018
ACGGATGGTGCGGATA-1,0.00025,0.130828,0.051974,0.000125,0.715323,0.101436,0.000063
ACGGCACTTGCTTGGG-1,0.000121,0.31001,0.00003,0.060092,0.587308,0.00003,0.042408
ACGGCCAACATGGACT-1,0.000249,0.046753,0.139394,0.000125,0.550276,0.263141,0.000062
ACGGCGACGATGGGAA-1,0.000342,0.08218,0.000086,0.000171,0.145701,0.771434,0.000086
ACGGCGGGTTGCCCTG-1,0.338058,0.000026,0.000643,0.578312,0.000026,0.002764,0.080172
ACGGCTGGATGTAGAA-1,0.000916,0.000025,0.068936,0.006348,0.674925,0.248826,0.000025
ACGGGAGTGTCGGCCC-1,0.000119,0.176729,0.166936,0.110149,0.546007,0.00003,0.00003
ACGGGCGTATGCGACA-1,0.327758,0.074904,0.281936,0.315353,0.000016,0.000016,0.000016
ACGGGTCATGTGACTT-1,0.000113,0.000028,0.226225,0.773548,0.000028,0.000028,0.000028
ACGGGTTGTGACCTGT-1,0.000161,0.185761,0.010724,0.035313,0.70742,0.060582,0.00004
ACGGTACAGTTCAATG-1,0.014072,0.02106,0.008683,0.074659,0.869364,0.004523,0.007637
ACGGTCACCGAGAACA-1,0.06619,0.114164,0.000025,0.039221,0.629459,0.123452,0.027489
ACGTACAGATTTCTCT-1,0.595776,0.000046,0.060841,0.328844,0.014402,0.000046,0.000046
ACGTACTTTGGCACGG-1,0.000134,0.000034,0.000034,0.000067,0.699851,0.299847,0.000034
ACGTAGATTGCTGATG-1,0.707784,0.074146,0.153483,0.013595,0.00002,0.009394,0.041578
ACGTAGGAGAGTCGCT-1,0.214036,0.0119,0.000012,0.028364,0.592381,0.051902,0.101404
ACGTATTACTCCGATC-1,0.09532,0.09512,0.589204,0.101499,0.042401,0.050187,0.026271
ACGTCCTAAACGAGAT-1,0.364434,0.006662,0.011387,0.556825,0.057827,0.000024,0.00284
