Barcode,Topic 1,Topic 2,Topic 3to4,Topic 5,Topic 6to7,Topic 8,Topic 9,Topic 10
AAACAAGTATCTCCCA-1,0.143848,0.187263,0.464601,0.044828,0.064494,0.05205,0.035734,0.007182
AAACAATCTACTAGCA-1,0.211883,0.04406,0.148124,0.017544,0.049415,0.085963,0.410101,0.032911
AAACAGAGCGACTCCT-1,0.512951,0.000024,0.0009,0.000024,0.04319,0.183807,0.25908,0.000024
AAACAGTGTTCCTGGG-1,0.875149,0.000018,0.000037,0.010919,0.069213,0.043934,0.00071,0.000018
AAACATTTCCCGGATT-1,0.075653,0.042215,0.106974,0.034484,0.24916,0.19689,0.282519,0.012106
AAACCCGAACGAAATC-1,0.053629,0.13573,0.680862,0.003635,0.01747,0.056942,0.022154,0.029577
AAACCGGAAATGTTAA-1,0.000014,0.268576,0.397932,0.092513,0.035889,0.100046,0.012627,0.092404
AAACCGGGTAGGTACC-1,0.109716,0.120277,0.654362,0.008744,0.013646,0.001114,0.087621,0.00452
AAACCGTTCGTCCAGG-1,0.158489,0.122651,0.444342,0.04625,0.190545,0.015548,0.010678,0.011497
AAACCTAAGCAGCCGG-1,0.161586,0.672889,0.050059,0.002503,0.104101,0.000857,0.006623,0.001381
AAACGAGACGGTTGAT-1,0.000679,0.005772,0.112584,0.010236,0.016751,0.600997,0.005801,0.24718
AAACGCTGGGCACGAC-1,0.119566,0.102651,0.476517,0.027833,0.151658,0.046376,0.021091,0.054308
AAACGGGCGTACGGGT-1,0.030459,0.001749,0.043163,0.22493,0.060939,0.514866,0.068763,0.05513
AAACGGTTGCGAACTG-1,0.464236,0.193547,0.095023,0.005143,0.237961,0.000022,0.004051,0.000018
AAACTCGGTTCGCAAT-1,0.137435,0.345579,0.35581,0.009458,0.148844,0.000021,0.002066,0.000787
AAACTCGTGATATAAG-1,0.09317,0.71181,0.192966,0.000039,0.000078,0.000039,0.00186,0.000039
AAACTGCTGGCTCCAA-1,0.022041,0.11631,0.526931,0.070673,0.10721,0.094922,0.019526,0.042387
AAAGAATGTGGACTAA-1,0.19439,0.327212,0.472574,0.001801,0.003955,0.000023,0.000023,0.000023
AAAGCTTGCCTACATA-1,0.078244,0.838439,0.009071,0.000035,0.00007,0.000035,0.072151,0.001953
AAAGGCCCTATAATAC-1,0.447547,0.124758,0.24156,0.021923,0.057936,0.027693,0.06152,0.017063
AAAGGCTACGGACCAT-1,0.049768,0.230122,0.45423,0.010091,0.154637,0.017989,0.012116,0.071048
AAAGGCTCTCGCGCCG-1,0.256182,0.005418,0.349282,0.093707,0.283881,0.009601,0.001907,0.000022
AAAGGGATGTAGCAAG-1,0.065012,0.000034,0.005935,0.007782,0.396805,0.371068,0.141251,0.012114
AAAGGGCAGCTTGAAT-1,0.056055,0.116666,0.348792,0.005056,0.029295,0.048843,0.072148,0.323145
AAAGTAGCATTGCTCA-1,0.129259,0.091245,0.634554,0.058593,0.027706,0.000037,0.034165,0.02444
AAAGTGCCATCAATTA-1,0.173999,0.06687,0.396932,0.026384,0.277196,0.012547,0.016116,0.029957
AAAGTGTGATTTATCT-1,0.000004,0.000004,0.090769,0.180831,0.018566,0.57439,0.007075,0.128361
AAAGTTGACTCCCGTA-1,0.105013,0.001503,0.346975,0.133544,0.148875,0.145754,0.067304,0.051033
AAATAAGGTAGTGCCC-1,0.00001,0.064232,0.097438,0.017878,0.067763,0.078487,0.068547,0.605645
AAATACCTATAAGCAT-1,0.028148,0.16595,0.092499,0.075775,0.185123,0.270869,0.159429,0.022207
AAATAGCTTAGACTTT-1,0.000011,0.01715,0.029745,0.002291,0.012567,0.616708,0.00811,0.313418
AAATAGGGTGCTATTG-1,0.068296,0.001321,0.093101,0.164262,0.213563,0.444199,0.003474,0.011786
AAATCCGATACACGCC-1,0.119545,0.021895,0.01391,0.04166,0.199023,0.479348,0.067081,0.057538
AAATCGTGTACCACAA-1,0.057553,0.002631,0.288871,0.246382,0.123015,0.230743,0.021199,0.029605
AAATCTAGCCCTGCTA-1,0.01372,0.018682,0.739675,0.050187,0.164816,0.011996,0.000259,0.000664
AAATGACTGATCAAAC-1,0.964515,0.03532,0.000041,0.000021,0.000041,0.000021,0.000021,0.000021
AAATGCTCGTTACGTT-1,0.000019,0.130684,0.011952,0.000223,0.001299,0.000788,0.10596,0.749074
AAATGGCATGTCTTGT-1,0.545935,0.000051,0.000101,0.000051,0.000101,0.000051,0.45366,0.000051
AAATGGTCAATGTGCC-1,0.003375,0.148707,0.728189,0.00015,0.024258,0.032185,0.037575,0.025561
AAATTAACGGGTAGCT-1,0.007182,0.007223,0.168155,0.01775,0.021296,0.605649,0.003935,0.168809
AAATTACACGACTCTG-1,0.272295,0.126314,0.170238,0.002669,0.146563,0.060637,0.175451,0.045833
AAATTACCTATCGATG-1,0.000015,0.262118,0.15738,0.00124,0.075391,0.022802,0.06098,0.420075
AAATTCCAGGTCCAAA-1,0.000046,0.001396,0.090789,0.008624,0.040625,0.470394,0.068666,0.319461
AAATTGATAGTCCTTT-1,0.317682,0.023417,0.131039,0.012662,0.432791,0.024467,0.057357,0.000585
AAATTGCGGCGGTTCT-1,0.000077,0.970274,0.022658,0.000077,0.000154,0.000077,0.000077,0.006604
AAATTTGCGGGTGTGG-1,0.067571,0.023402,0.639334,0.002669,0.15356,0.002706,0.110739,0.000019
AACAACTGGTAGTTGC-1,0.000018,0.030282,0.47437,0.005187,0.028669,0.247754,0.007123,0.206597
AACAATACATTGTCGA-1,0.405116,0.186554,0.220552,0.006146,0.180526,0.000012,0.00047,0.000623
AACAATTACTCTACGC-1,0.105047,0.045364,0.584967,0.052542,0.052213,0.046279,0.102685,0.010902
AACACACGCTCGCCGC-1,0.023574,0.056541,0.560675,0.044331,0.116432,0.117519,0.048904,0.032025
AACACGACTGTACTGA-1,0.446868,0.000033,0.000066,0.000033,0.000066,0.000033,0.55287,0.000033
AACAGCTGTGTGGCAA-1,0.191801,0.080375,0.059491,0.188252,0.231454,0.097062,0.044092,0.107473
AACAGGATGGGCCGCG-1,0.060387,0.154998,0.449046,0.007733,0.021596,0.043604,0.043894,0.218742
AACAGGTAGTATGGAT-1,0.000012,0.005228,0.332431,0.243276,0.083462,0.161758,0.026334,0.147498
AACATAGCGTGTATCG-1,0.846375,0.153201,0.000106,0.000053,0.000106,0.000053,0.000053,0.000053
AACATATCAACTGGTG-1,0.000012,0.018211,0.076739,0.010222,0.041622,0.085273,0.073578,0.694341
AACATTGAAGTTGATC-1,0.664063,0.280179,0.026004,0.005702,0.011655,0.000012,0.007742,0.004642
AACATTGTGACTCGAG-1,0.159832,0.321855,0.004717,0.008727,0.09093,0.098969,0.297607,0.017362
AACCATGGGATCGCTA-1,0.001861,0.767983,0.02042,0.000029,0.000058,0.000029,0.000084,0.209537
AACCCAGAGACGGAGA-1,0.001318,0.147142,0.045808,0.016007,0.006403,0.00391,0.098106,0.681306
AACCCGACAACCCGTG-1,0.368871,0.080951,0.476515,0.011154,0.059263,0.000017,0.000017,0.003212
AACCCGAGCAGAATCG-1,0.096789,0.126903,0.324347,0.097911,0.0794,0.046297,0.198907,0.029446
AACCCGCTGTATTCCA-1,0.990683,0.009089,0.000057,0.000029,0.000057,0.000029,0.000029,0.000029
AACCCTACTGTCAATA-1,0.000012,0.003242,0.395864,0.015747,0.044342,0.433161,0.002694,0.104939
AACCCTGGTGGAACCA-1,0.161381,0.000013,0.048949,0.002807,0.083898,0.189121,0.508185,0.005647
AACCGAGCTTGGTCAT-1,0.000013,0.012561,0.035739,0.011331,0.021508,0.275281,0.014654,0.628913
AACCGCTAAGGGATGC-1,0.001352,0.163864,0.348913,0.178854,0.104708,0.067006,0.020328,0.114976
AACCGTTGTGTTTGCT-1,0.749813,0.000038,0.000076,0.000038,0.000076,0.000038,0.249884,0.000038
AACCTCGCTTTAGCCC-1,0.156758,0.000552,0.057492,0.150802,0.226794,0.222329,0.160638,0.024633
AACCTGTCACGGAATT-1,0.000017,0.36151,0.131017,0.001527,0.096959,0.064969,0.176457,0.167544
AACCTTTAAATACGGT-1,0.036136,0.000009,0.037406,0.105627,0.090466,0.576467,0.105657,0.048231
AACGACCTCCTAGCCG-1,0.179713,0.312489,0.486757,0.006166,0.014808,0.000022,0.000022,0.000022
AACGATAATGCCGTAG-1,0.194795,0.099914,0.354939,0.054415,0.192674,0.023992,0.076261,0.003011
AACGATAGAAGGGCCG-1,0.00318,0.860192,0.004955,0.000039,0.000078,0.000039,0.095655,0.035861
AACGATATGTCAACTG-1,0.000013,0.059791,0.139899,0.020403,0.037261,0.167145,0.022874,0.552614
AACGCGACCTTGGGCG-1,0.432356,0.22843,0.217725,0.014299,0.094509,0.000017,0.000017,0.012646
AACGCGGTCTCCAGCC-1,0.000022,0.397853,0.030823,0.001282,0.132477,0.021581,0.061439,0.354523
AACGCTGTTGCTGAAA-1,0.003452,0.072041,0.750896,0.026929,0.081143,0.010334,0.000018,0.055186
AACGGACGTACGTATA-1,0.071371,0.033421,0.335529,0.2537,0.075605,0.115816,0.081647,0.032911
AACGGCCATCTCCGGT-1,0.141964,0.021497,0.180614,0.049872,0.37164,0.068086,0.128471,0.037856
AACGTACTGTGGGTAC-1,0.083086,0.023035,0.535683,0.012553,0.279241,0.029053,0.004742,0.032606
AACGTAGTCTACCCAT-1,0.203471,0.561582,0.025333,0.000043,0.000086,0.003319,0.11331,0.092855
AACGTCAGACTAGTGG-1,0.000015,0.053682,0.239289,0.004314,0.047691,0.085091,0.022315,0.547603
AACGTCATCCGGCTTG-1,0.753212,0.245266,0.00038,0.00019,0.00038,0.00019,0.00019,0.00019
AACGTCGCTGCACTTC-1,0.881981,0.028667,0.037033,0.046936,0.002626,0.000034,0.000034,0.00269
AACGTGCGAAAGTCTC-1,0.079253,0.050365,0.411453,0.039975,0.062719,0.242883,0.046675,0.066677
AACGTTCTACCATTGT-1,0.401036,0.014919,0.01191,0.023205,0.313306,0.090998,0.03477,0.109856
AACTACCCGTTTGTCA-1,0.247166,0.018478,0.589006,0.006351,0.00948,0.009178,0.105823,0.014519
AACTAGCGTATCGCAC-1,0.116526,0.00106,0.080547,0.005336,0.053084,0.190322,0.535533,0.017593
AACTAGGCTTGGGTGT-1,0.000019,0.211544,0.778495,0.000019,0.009867,0.000019,0.000019,0.000019
AACTCAAGTTAATTGC-1,0.081982,0.118464,0.524339,0.02126,0.158752,0.029033,0.062266,0.003904
AACTCCAGAGCGTGTT-1,0.00059,0.053873,0.573562,0.069529,0.186028,0.027401,0.006497,0.08252
AACTCCTAATCCCATG-1,0.224176,0.000028,0.000056,0.029395,0.207581,0.29003,0.248195,0.00054
AACTCGATGGCGCAGT-1,0.119085,0.869766,0.000115,0.000057,0.000115,0.000057,0.010748,0.000057
AACTCTCAATAGAGCG-1,0.035257,0.010849,0.035099,0.012674,0.040069,0.635107,0.01959,0.211355
AACTCTCAGTGTGCTC-1,0.111683,0.055262,0.30243,0.005285,0.485757,0.005167,0.022868,0.011548
AACTGAGTTATACTGA-1,0.002148,0.064166,0.189789,0.24457,0.148236,0.129467,0.01347,0.208153
AACTGATATTAGGCCT-1,0.127187,0.647673,0.224369,0.000056,0.000112,0.000056,0.00049,0.000056
AACTGGGTCCCGACGT-1,0.000027,0.352356,0.161197,0.004672,0.023559,0.0019,0.017049,0.43924
AACTTGCCCGTATGCA-1,0.067587,0.07916,0.612572,0.040356,0.040898,0.018933,0.031801,0.108693
AACTTGCGTTCTCGCG-1,0.007405,0.224777,0.001763,0.005571,0.000553,0.000779,0.157516,0.601637
AACTTTAGCTGCTGAG-1,0.201892,0.000024,0.176198,0.000024,0.000047,0.008705,0.611649,0.001462
AAGAAGGATCAGTTAG-1,0.000044,0.788429,0.007588,0.00498,0.000088,0.000044,0.021026,0.177801
AAGACATACGTGGTTT-1,0.299791,0.322827,0.141449,0.045704,0.057984,0.023563,0.072005,0.036676
AAGACCCAACTGAACA-1,0.04597,0.16446,0.506872,0.022582,0.214847,0.008284,0.023188,0.013797
AAGACTAACCCGTTGT-1,0.041439,0.958106,0.000114,0.000057,0.000114,0.000057,0.000057,0.000057
AAGACTGCAAGCTACT-1,0.089593,0.004395,0.193784,0.104364,0.058593,0.338728,0.116897,0.093645
AAGAGATGAATCGGTA-1,0.05753,0.191164,0.47628,0.006897,0.009174,0.043171,0.109938,0.105846
AAGAGCTCTTTATCGG-1,0.000013,0.011386,0.335704,0.007583,0.044025,0.426218,0.000014,0.175057
AAGAGGATGTACGCGA-1,0.063672,0.168847,0.626913,0.016733,0.003433,0.017787,0.043128,0.059487
AAGAGGCATGGATCGC-1,0.129756,0.062859,0.668754,0.001624,0.037554,0.015416,0.001217,0.082821
AAGAGGCCCTTTGGAA-1,0.11506,0.035464,0.037024,0.226931,0.077024,0.239373,0.166185,0.102939
AAGATGGCACCGGACC-1,0.048731,0.057763,0.154701,0.036861,0.448003,0.172756,0.029903,0.051282
AAGATTGGCGGAACGT-1,0.000016,0.128833,0.288703,0.005378,0.09731,0.022214,0.018411,0.439135
AAGCACCCTGCGTATC-1,0.344553,0.019179,0.378209,0.000033,0.000067,0.000033,0.257893,0.000033
AAGCATACTCTCCTGA-1,0.086433,0.069536,0.605828,0.059871,0.129089,0.017704,0.015115,0.016424
AAGCCACTTGCAGGTA-1,0.549606,0.255531,0.194647,0.000036,0.000072,0.000036,0.000036,0.000036
AAGCCGAAGCGGTTTA-1,0.016667,0.08295,0.310736,0.077726,0.344623,0.133588,0.029942,0.003767
AAGCCGCCGTGAAATC-1,0.447573,0.084104,0.228529,0.012837,0.112314,0.018507,0.05195,0.044185
AAGCCGGAGAGCAGGA-1,0.003525,0.094258,0.152782,0.081963,0.131658,0.215802,0.088094,0.231917
AAGCGCAGGGCTTTGA-1,0.300226,0.014539,0.034759,0.139963,0.314252,0.090629,0.056906,0.048726
AAGCGTCCCTCATCGA-1,0.374349,0.003399,0.157609,0.063786,0.393727,0.001545,0.004801,0.000784
AAGCTAGATCGAGTAA-1,0.128854,0.444873,0.405288,0.000211,0.009403,0.000656,0.000284,0.010431
AAGCTCGTGCCAAGTC-1,0.082019,0.037489,0.396204,0.010493,0.133703,0.243204,0.049336,0.047552
AAGCTCTTTCATGGTG-1,0.263788,0.039781,0.02841,0.000024,0.65574,0.002148,0.010085,0.000024
AAGGAGCGGTTGGTGC-1,0.000022,0.079461,0.452956,0.000022,0.000689,0.143564,0.000531,0.322755
AAGGATCGATCGCTTG-1,0.000015,0.061808,0.675235,0.003189,0.02803,0.030061,0.001042,0.20062
AAGGATGAGGGACCTC-1,0.057737,0.063095,0.026243,0.016683,0.031687,0.242645,0.059573,0.502337
AAGGCAGGCTGTCTCC-1,0.051609,0.071323,0.49483,0.018139,0.101044,0.126115,0.016099,0.120842
AAGGCGCGTAAAGCTT-1,0.000016,0.07221,0.144549,0.028418,0.016647,0.093223,0.03088,0.614057
AAGGCTGTGCTCATCG-1,0.006298,0.144536,0.496754,0.002658,0.010527,0.14765,0.005489,0.186088
AAGGGACAGATTCTGT-1,0.003701,0.137204,0.327469,0.000018,0.028798,0.0211,0.02005,0.46166
AAGGGACTATGCATTC-1,0.274036,0.111986,0.34965,0.070648,0.090475,0.019337,0.071624,0.012243
AAGGGTTAGCCATGCG-1,0.40181,0.317583,0.280367,0.00004,0.00008,0.00004,0.00004,0.00004
AAGGTATCCTAATATA-1,0.077281,0.066238,0.133613,0.027395,0.051161,0.078778,0.073011,0.492523
AAGGTGATAAACCAGC-1,0.155957,0.000007,0.15158,0.133315,0.221339,0.266176,0.066668,0.004958
AAGTAGAAGACCGGGT-1,0.00002,0.209133,0.074382,0.001176,0.01919,0.013695,0.014599,0.667805
AAGTAGTGACGCGAGG-1,0.014141,0.176831,0.516871,0.021212,0.009969,0.026411,0.121786,0.112779
AAGTCAATTGTCGTCA-1,0.000887,0.021792,0.060913,0.206847,0.054194,0.340577,0.065796,0.248994
AAGTGACGACCGAATT-1,0.071124,0.047331,0.806651,0.000049,0.015462,0.001421,0.031171,0.026792
AAGTGAGTCGGGTTTA-1,0.120635,0.000012,0.006982,0.089751,0.183673,0.450979,0.08258,0.065388
AAGTGCCTTGACTGTA-1,0.00191,0.020386,0.33435,0.064961,0.113436,0.286278,0.010529,0.16815
AAGTGCGTTAGAATCT-1,0.175081,0.039795,0.673171,0.000045,0.000091,0.004594,0.04987,0.057353
AAGTGCTTCTCTATTG-1,0.261261,0.195352,0.161926,0.068469,0.159146,0.03105,0.053353,0.069441
AAGTGTTTGGAGACGG-1,0.000023,0.185265,0.612954,0.115947,0.042366,0.004167,0.000393,0.038885
AAGTTCACTCCAAGCT-1,0.050132,0.015626,0.142252,0.100896,0.28163,0.309581,0.058369,0.041514
AAGTTCGGCCAACAGG-1,0.080933,0.007293,0.252684,0.07622,0.310366,0.049876,0.167711,0.054917
AAGTTGTGATGTTATA-1,0.143803,0.524946,0.235832,0.005656,0.066196,0.003246,0.007082,0.013238
AAGTTTACTAATGGCA-1,0.10314,0.000024,0.117379,0.007846,0.119478,0.172379,0.466353,0.0134
AAGTTTATGGGCCCAA-1,0.341491,0.075639,0.301167,0.012678,0.266427,0.002285,0.000291,0.000021
AATAACAACGCTCGGC-1,0.032798,0.199374,0.53802,0.033604,0.036601,0.026591,0.048895,0.084118
AATAACACTAGAACAA-1,0.271522,0.046146,0.386777,0.008152,0.260212,0.00529,0.019702,0.0022
AATAACGTCGCGCCCA-1,0.588944,0.00333,0.091469,0.072784,0.186143,0.056258,0.001046,0.000025
AATAATCTTCGTATCG-1,0.009639,0.036812,0.280016,0.22347,0.038074,0.121412,0.009309,0.281268
AATACCGGAGGGCTGT-1,0.401097,0.167418,0.094336,0.022051,0.238283,0.015815,0.036401,0.024599
AATACCTGATGTGAAC-1,0.668929,0.135448,0.195419,0.000034,0.000068,0.000034,0.000034,0.000034
AATAGAACAGAGTGGC-1,0.128521,0.12253,0.552399,0.014225,0.145014,0.00476,0.012351,0.0202
AATAGAATCTGTTTCA-1,0.003175,0.050562,0.720783,0.044569,0.115378,0.045147,0.02035,0.000036
AATAGGCACGACCCTT-1,0.613611,0.385448,0.000235,0.000118,0.000235,0.000118,0.000118,0.000118
AATAGTCCGTCCCGAC-1,0.211678,0.270341,0.308111,0.024609,0.049267,0.023527,0.086115,0.026353
AATATCAAGGTCGGAT-1,0.571494,0.000066,0.000132,0.000066,0.000132,0.000066,0.427978,0.000066
AATATCGAATCAATGC-1,0.000496,0.150655,0.292801,0.197868,0.12746,0.052238,0.020018,0.158465
AATATCGAGGGTTCTC-1,0.000013,0.001147,0.016039,0.020179,0.016727,0.196672,0.057986,0.691237
AATCAGACTGCAGGAC-1,0.018255,0.981313,0.000108,0.000054,0.000108,0.000054,0.000054,0.000054
AATCAGGTTTCATTTA-1,0.136956,0.041349,0.011967,0.217971,0.094181,0.218528,0.138519,0.140528
AATCATGTAAAGACTC-1,0.048211,0.130357,0.345187,0.204404,0.085723,0.126647,0.02395,0.035522
AATCCAAGGGCCTGAG-1,0.157173,0.842437,0.000098,0.000049,0.000098,0.000049,0.000049,0.000049
AATCCATGCAAGGGTG-1,0.319351,0.099529,0.478538,0.000105,0.00021,0.000105,0.066385,0.035777
AATCCCGCTCAGAGCC-1,0.773269,0.175721,0.046785,0.000049,0.00403,0.000049,0.000049,0.000049
AATCGAGGTCTCAAGG-1,0.999209,0.000088,0.000176,0.000088,0.000176,0.000088,0.000088,0.000088
AATCGCCTCAGCGCCA-1,0.040627,0.050281,0.160008,0.118243,0.099095,0.299884,0.134488,0.097374
AATCGCGCAGAGGACT-1,0.000011,0.014101,0.322512,0.008414,0.057323,0.45126,0.003533,0.142846
AATCGGTATAGCCCTC-1,0.64766,0.021016,0.106866,0.039445,0.184922,0.00003,0.00003,0.00003
AATCGTGAGCCGAGCA-1,0.313911,0.034292,0.080173,0.069413,0.235583,0.174705,0.04742,0.044502
AATCTATGCCGGAGCC-1,0.00002,0.266352,0.11586,0.002155,0.031097,0.003502,0.090798,0.490216
AATCTGCGTTGGGACG-1,0.000014,0.008552,0.130003,0.009305,0.149609,0.416186,0.013954,0.272375
AATGACAGCAATGTCT-1,0.167457,0.114046,0.618247,0.013071,0.030736,0.000034,0.043419,0.01299
AATGACGTAGGATGTC-1,0.026293,0.051071,0.416089,0.059627,0.22313,0.168925,0.034072,0.020792
AATGACTGTCAGCCGG-1,0.000016,0.129177,0.171953,0.009334,0.07533,0.04056,0.035994,0.537635
AATGAGTTCGCATATG-1,0.075269,0.177054,0.048689,0.015257,0.016999,0.000033,0.067562,0.599137
AATGATGATACGCTAT-1,0.000024,0.079721,0.251098,0.019281,0.064488,0.009482,0.128313,0.447592
AATGATGCGACTCCTG-1,0.008674,0.013031,0.011856,0.006897,0.056582,0.073739,0.342309,0.486913
AATGCAACCGGGTACC-1,0.028418,0.119469,0.086074,0.006579,0.246021,0.26369,0.113652,0.136096
AATGGTTCTCACAAGC-1,0.000016,0.278253,0.015099,0.000938,0.01919,0.019825,0.029052,0.637626
AATGTGCCCGAGGTGT-1,0.24972,0.141738,0.416144,0.029082,0.05559,0.012151,0.05599,0.039585
AATGTGCTAATCTGAG-1,0.535297,0.061728,0.30621,0.001552,0.064993,0.000015,0.029014,0.001192
AATGTTAAGACCCTGA-1,0.993386,0.006275,0.000085,0.000042,0.000085,0.000042,0.000042,0.000042
AATGTTGTCGTGAGAC-1,0.109944,0.269813,0.327185,0.059933,0.164215,0.012304,0.001644,0.054961
AATTAAAGGTCGGCGT-1,0.325792,0.000021,0.243465,0.016991,0.06761,0.086516,0.259558,0.000047
AATTAACGGATTTCCA-1,0.173897,0.002736,0.0511,0.106884,0.447717,0.112798,0.057992,0.046875
AATTAGCGCTGCAGCG-1,0.393791,0.000022,0.131198,0.003303,0.447681,0.015911,0.008073,0.000022
AATTATACCCAGCAAG-1,0.999796,0.000023,0.000045,0.000023,0.000045,0.000023,0.000023,0.000023
AATTCATAAGGGATCT-1,0.001631,0.323609,0.085186,0.009638,0.048445,0.006782,0.035487,0.489223
AATTCCAAGCATGTAC-1,0.20579,0.109117,0.000022,0.026149,0.082043,0.307667,0.234156,0.035057
AATTCGATTCGAGGAT-1,0.165484,0.126937,0.107795,0.100329,0.220908,0.078061,0.101096,0.09939
AATTCTAGAGTTAGGC-1,0.000036,0.069617,0.692043,0.006612,0.228819,0.000937,0.0019,0.000036
AATTGAACGCTCTGGT-1,0.136308,0.007063,0.360223,0.109533,0.122127,0.104828,0.15525,0.004667
AATTGCAGCAATCGAC-1,0.264718,0.117525,0.28708,0.004596,0.292522,0.004922,0.014925,0.013711
AATTGTGGTTGCCAAA-1,0.017679,0.166311,0.415793,0.026936,0.318943,0.0129,0.006323,0.035114
AATTTGGGACATAGTA-1,0.311137,0.000044,0.033202,0.000044,0.087551,0.104341,0.463638,0.000044
ACAAACTCCATCAGAG-1,0.911854,0.00899,0.000058,0.00275,0.000058,0.013893,0.054962,0.007434
ACAAAGCATGACCTAG-1,0.04575,0.094899,0.110849,0.140313,0.400078,0.049463,0.008812,0.149836
ACAAATCGCACCGAAT-1,0.049691,0.391504,0.355939,0.077003,0.083295,0.015845,0.008416,0.018306
ACAAATGGTAGTGTTT-1,0.000661,0.119754,0.244806,0.120987,0.196188,0.14385,0.118012,0.055741
ACAACAGCATGAGCTA-1,0.005063,0.111434,0.078999,0.013858,0.071557,0.498357,0.0291,0.191632
ACAACGGTCCCTGCGA-1,0.000024,0.505074,0.264415,0.000024,0.004277,0.000024,0.000024,0.226139
ACAAGCAGTGCCTAGC-1,0.053649,0.018699,0.620887,0.030506,0.032486,0.104515,0.078866,0.06039
ACAAGGAAATCCGCCC-1,0.045624,0.338045,0.593395,0.006183,0.016694,0.000019,0.000019,0.000019
ACAAGGACAAGAGGTT-1,0.017955,0.071228,0.682524,0.016565,0.026294,0.033265,0.018226,0.133944
ACAAGGATGCTTTAGG-1,0.119424,0.120789,0.246688,0.017205,0.333502,0.057867,0.064356,0.040168
ACAAGGGCAGGCTCTG-1,0.01881,0.123408,0.649612,0.035289,0.058692,0.042779,0.04071,0.0307
ACAAGTAATTGTAAGG-1,0.591058,0.2996,0.000156,0.000078,0.000156,0.000078,0.01362,0.095255
ACAATCCATTTAAACC-1,0.042187,0.18261,0.408682,0.06039,0.021912,0.085556,0.12064,0.078023
ACAATGAATACGGAGA-1,0.325504,0.050696,0.211357,0.015369,0.299868,0.009555,0.086284,0.001368
ACAATTGTGTCTCTTT-1,0.07154,0.175411,0.315413,0.063315,0.219069,0.09775,0.054879,0.002622
ACAATTTGAGCAGTGG-1,0.025159,0.023057,0.182745,0.00443,0.025353,0.236287,0.070238,0.432731
ACAATTTGGCCATATT-1,0.002583,0.084026,0.707495,0.003755,0.014541,0.049714,0.003596,0.134291
ACACAAAGACGGGTGG-1,0.008784,0.00815,0.040532,0.006232,0.085437,0.341852,0.050899,0.458114
ACACACCAGGACCAGT-1,0.000213,0.000924,0.099795,0.228769,0.023517,0.452474,0.054205,0.140103
ACACATTTCCGTAGAC-1,0.652693,0.077165,0.269852,0.000048,0.000097,0.000048,0.000048,0.000048
ACACCACATAATTAGC-1,0.000198,0.036374,0.151895,0.009899,0.090106,0.103859,0.094173,0.513495
ACACCCAGCATGCAGC-1,0.059837,0.124896,0.282818,0.000034,0.012827,0.016267,0.005479,0.497842
ACACCCGAGAAATCCG-1,0.004288,0.425564,0.051276,0.000358,0.005236,0.002221,0.027002,0.484056
ACACCTTAAGTAGGGC-1,0.000016,0.103801,0.061588,0.002064,0.010177,0.258017,0.025964,0.538372
ACACCTTACTACTTGC-1,0.02398,0.063946,0.523283,0.01401,0.090104,0.167572,0.006758,0.110347
ACACGAGACTCCTTCT-1,0.000288,0.4521,0.307149,0.002276,0.085393,0.105932,0.020434,0.02643
ACACGGCACTATGCAT-1,0.148596,0.000028,0.146415,0.004648,0.138625,0.214084,0.345473,0.00213
ACACGGGAACTTAGGG-1,0.000015,0.021303,0.160526,0.017142,0.107479,0.310834,0.003296,0.379405
ACACGTAGGCCACAAG-1,0.000204,0.087432,0.598516,0.017034,0.222689,0.005972,0.001731,0.066421
ACACTGATCAAGGTGT-1,0.118801,0.100142,0.08807,0.056267,0.138103,0.200816,0.1318,0.166001
ACACTGGGACAGTCGT-1,0.062139,0.389816,0.255306,0.066365,0.082153,0.062421,0.07069,0.01111
ACAGAACTGAGAACAA-1,0.063925,0.087549,0.745357,0.000042,0.002835,0.000042,0.093739,0.00651
ACAGATTAGGTTAGTG-1,0.294409,0.000028,0.058606,0.000028,0.000056,0.000028,0.645726,0.001119
ACAGCGACATTCTCAT-1,0.050311,0.252451,0.259919,0.030653,0.310038,0.042736,0.014258,0.039634
ACAGCGCACCCGCAGC-1,0.102487,0.000013,0.011298,0.017782,0.284892,0.238873,0.310514,0.03414
ACAGGCACGGATCCTT-1,0.368037,0.189493,0.193153,0.052365,0.151907,0.009461,0.005153,0.030431
ACAGGCTTGCCCGACT-1,0.024268,0.000011,0.000021,0.05067,0.160327,0.75372,0.010972,0.000011
ACAGGTGGAGGTGAGG-1,0.010146,0.089466,0.394361,0.056511,0.362833,0.044098,0.014773,0.027811
ACATAATAAGGCGGTG-1,0.000012,0.047415,0.002409,0.009826,0.024448,0.193551,0.03562,0.686719
ACATACAATCAAGCGG-1,0.884955,0.090892,0.023883,0.000045,0.00009,0.000045,0.000045,0.000045
ACATCCCGGCCATACG-1,0.092088,0.191983,0.667586,0.001491,0.013091,0.000024,0.00177,0.031967
ACATCCTGGTAACTGT-1,0.102879,0.000919,0.182194,0.003636,0.022319,0.588352,0.060696,0.039006
ACATCGATCGTTTACC-1,0.003675,0.12696,0.65574,0.063455,0.119767,0.015938,0.003914,0.010551
ACATCGCAATATTCGG-1,0.536734,0.462021,0.000311,0.000156,0.000311,0.000156,0.000156,0.000156
ACATCGGTCAGCCGCG-1,0.110251,0.020452,0.619545,0.023356,0.188066,0.009898,0.028012,0.00042
ACATCGTATGCAATGG-1,0.000021,0.068252,0.621323,0.078241,0.134874,0.064324,0.000021,0.032944
ACATCGTTAACCTAGT-1,0.107184,0.000016,0.03507,0.005122,0.18637,0.186119,0.447451,0.032668
ACATGGCGCCAAAGTA-1,0.000918,0.060668,0.134509,0.01758,0.139405,0.387562,0.021181,0.238177
ACATTAGTTTATATCC-1,0.005503,0.331678,0.400159,0.022913,0.211881,0.00669,0.006477,0.014699
ACATTCGCGCGGAATA-1,0.688848,0.131117,0.066214,0.068663,0.019692,0.006405,0.005492,0.013567
ACATTTGAAACCTAAC-1,0.586524,0.284793,0.128488,0.000033,0.000065,0.000033,0.000033,0.000033
ACCAACCGCACTCCAC-1,0.389108,0.058335,0.270806,0.069876,0.126698,0.017792,0.032924,0.034462
ACCAACGCTTATTTAT-1,0.266467,0.004922,0.002135,0.004934,0.352552,0.10774,0.24064,0.02061
ACCAAGAACGCGTGTC-1,0.036335,0.000618,0.00017,0.006685,0.02565,0.121918,0.500865,0.307758
ACCAAGTCATCGGCAG-1,0.132323,0.109165,0.017795,0.385038,0.058313,0.094279,0.086595,0.116493
ACCAATATGCAAGTTA-1,0.00543,0.262065,0.093954,0.18973,0.326488,0.040313,0.019746,0.062275
ACCACAAGTTTCTATC-1,0.000012,0.018169,0.091879,0.004307,0.032403,0.502999,0.006894,0.343337
ACCACACGGTTGATGG-1,0.882427,0.117369,0.000051,0.000025,0.000051,0.000025,0.000025,0.000025
ACCACCAATGTAACAA-1,0.021506,0.002327,0.43671,0.008845,0.056092,0.344615,0.020825,0.10908
ACCACGTGCAGCTATA-1,0.000433,0.144761,0.807423,0.017019,0.025686,0.002588,0.002064,0.000027
ACCAGTGCGGGAGACG-1,0.030416,0.144806,0.193524,0.03519,0.212699,0.180927,0.191428,0.01101
ACCATATCCGCAATAA-1,0.006836,0.013772,0.61841,0.118807,0.051793,0.052185,0.036638,0.10156
ACCATCGTATATGGTA-1,0.043207,0.070831,0.273735,0.236535,0.038441,0.078964,0.148452,0.109836
ACCCAACGCCCGTGGC-1,0.000007,0.000007,0.000432,0.00177,0.003194,0.625753,0.004387,0.364451
ACCCACCTACATGCTC-1,0.150091,0.195953,0.182076,0.005102,0.022332,0.027439,0.310941,0.106066
ACCCATCTTGAGGGTA-1,0.007348,0.152001,0.296316,0.218263,0.082573,0.110165,0.025624,0.107709
ACCCATTTGTCCCTCT-1,0.133822,0.098695,0.025952,0.074259,0.435168,0.096112,0.097936,0.038056
ACCCGAGCGAAATTAC-1,0.125894,0.2743,0.369475,0.022104,0.184301,0.008672,0.003176,0.012078
ACCCGATTGGTTCCGA-1,0.393011,0.471367,0.103057,0.003481,0.023491,0.000021,0.004059,0.001513
ACCCGGAAACTCCCAG-1,0.025366,0.137171,0.241251,0.136698,0.209189,0.069347,0.102668,0.07831
ACCCGGAGCACCACAA-1,0.038818,0.103512,0.525362,0.03635,0.079601,0.098371,0.013664,0.104321
ACCCGGATGACGCATC-1,0.000018,0.045642,0.589771,0.00362,0.05774,0.219321,0.022738,0.061149
ACCCGGTTACACTTCC-1,0.106899,0.022358,0.360523,0.051809,0.199612,0.208876,0.042821,0.007102
ACCCGTAGTCTAGTTG-1,0.392931,0.144278,0.380604,0.018538,0.046078,0.005751,0.006414,0.005408
ACCCGTGTCATCAGTA-1,0.152957,0.223081,0.368257,0.024034,0.090681,0.041106,0.075877,0.024006
ACCCTATAGGACTGAG-1,0.005251,0.989229,0.005129,0.000065,0.00013,0.000065,0.000065,0.000065
ACCCTATGCCATATCG-1,0.329702,0.018603,0.080472,0.002919,0.390699,0.041641,0.115854,0.02011
ACCCTCCCGTCAGGGC-1,0.693461,0.087235,0.132823,0.018253,0.068122,0.000035,0.000035,0.000035
ACCCTCCCTTGCTATT-1,0.065152,0.079828,0.698807,0.027364,0.096382,0.008348,0.024083,0.000036
ACCCTTCATCTGCGAA-1,0.744217,0.000067,0.021093,0.000067,0.000133,0.000067,0.234291,0.000067
ACCGACACATCTCCCA-1,0.159053,0.083546,0.227587,0.003493,0.336295,0.016122,0.168251,0.005652
ACCGACTGAGTCCCAC-1,0.01344,0.043646,0.455682,0.003129,0.051361,0.218366,0.015372,0.199003
ACCGAGTCTCCTTATT-1,0.359888,0.009456,0.003971,0.039346,0.451278,0.052887,0.004288,0.078885
ACCGATAGGCATAACC-1,0.063765,0.101325,0.224157,0.160323,0.281627,0.05864,0.039866,0.070297
ACCGATATTTAATCAT-1,0.126901,0.237799,0.312902,0.099101,0.110651,0.03399,0.006151,0.072506
ACCGATGGTAGCATCG-1,0.000016,0.025256,0.417246,0.006419,0.045418,0.276758,0.015804,0.213084
ACCGCAATAACTGCCT-1,0.02424,0.004963,0.122637,0.122373,0.272131,0.408625,0.02683,0.018202
ACCGCGGTGGAAGTCG-1,0.040967,0.004768,0.187965,0.122833,0.078912,0.442123,0.030405,0.092026
ACCGCTAGTCATTGGT-1,0.654651,0.000022,0.000044,0.042106,0.015089,0.21333,0.016831,0.057926
ACCGGGCCTTTGTTGA-1,0.031272,0.290139,0.255741,0.047016,0.131522,0.068484,0.153788,0.022038
ACCGTGACCACGTGGG-1,0.289472,0.082763,0.064531,0.019328,0.275263,0.022451,0.236348,0.009843
ACCTAAGTACCTTTCA-1,0.22046,0.035396,0.512788,0.023121,0.089051,0.000775,0.090937,0.027473
ACCTAATCGACTTCCT-1,0.050966,0.075851,0.499821,0.083746,0.026853,0.03882,0.140811,0.083133
ACCTACAGTATGTGGT-1,0.000021,0.043657,0.5622,0.020654,0.094519,0.162826,0.003047,0.113077
ACCTACTATAAATCTA-1,0.08883,0.000009,0.000018,0.128917,0.083518,0.401312,0.209566,0.08783
ACCTCAGCGAGGCGCA-1,0.770701,0.106609,0.000087,0.000044,0.000087,0.000301,0.058553,0.063619
ACCTCCGCCCTCGCTG-1,0.022505,0.006159,0.059582,0.102559,0.206381,0.468174,0.095661,0.038981
ACCTCCGTTATTCACC-1,0.000021,0.089961,0.236278,0.000031,0.081506,0.246265,0.071064,0.274872
ACGACCCATGAGTTGC-1,0.000045,0.331841,0.570272,0.028929,0.051747,0.005143,0.000017,0.012007
ACGACTCTAGGGCCGA-1,0.516847,0.046432,0.000944,0.071601,0.017114,0.040165,0.283997,0.0229
ACGACTGGTCATACTC-1,0.191817,0.422978,0.141882,0.009986,0.206236,0.008723,0.011871,0.006507
ACGAGAACCCATCACG-1,0.415679,0.005105,0.011226,0.000064,0.000128,0.000064,0.56767,0.000064
ACGAGTACGGATGCCC-1,0.00001,0.00001,0.00134,0.011257,0.009349,0.345273,0.118031,0.51473
ACGATACATAGAACTA-1,0.00001,0.003425,0.007344,0.006888,0.016976,0.233377,0.036014,0.695965
ACGATCATACATAGAG-1,0.059787,0.003581,0.014982,0.000914,0.282296,0.267232,0.23028,0.140929
ACGATCATCTTGTAAA-1,0.016281,0.001384,0.128104,0.015517,0.080891,0.498404,0.051391,0.20803
ACGATGCATATGTTAT-1,0.00171,0.001629,0.45938,0.166053,0.054391,0.223827,0.054529,0.038481
ACGCAAACTAATAGAT-1,0.134931,0.3082,0.396248,0.012208,0.122238,0.000794,0.01233,0.01305
ACGCAATCACTACAGC-1,0.000025,0.31544,0.086792,0.025001,0.011471,0.033664,0.218159,0.309449
ACGCATACGTTTACTA-1,0.071881,0.202371,0.422426,0.075243,0.187776,0.016177,0.012606,0.01152
ACGCATTCGTGAGTAC-1,0.000012,0.000012,0.107247,0.005441,0.007483,0.642018,0.014788,0.222997
ACGCCACTCGAAACAG-1,0.857504,0.139496,0.00278,0.000037,0.000074,0.000037,0.000037,0.000037
ACGCCAGATGATTTCT-1,0.000045,0.846989,0.10812,0.000045,0.000089,0.000045,0.027976,0.016693
ACGCCAGTGCGTTTGC-1,0.313489,0.371327,0.299764,0.000027,0.008477,0.000027,0.00686,0.000027
ACGCCGCTAGACGACC-1,0.027642,0.057432,0.615818,0.029911,0.131374,0.031979,0.10047,0.005374
ACGCGAAGTCAGACGA-1,0.087728,0.000486,0.867396,0.000035,0.044076,0.000035,0.00021,0.000035
ACGCGCTACACAGGGT-1,0.069228,0.078493,0.705367,0.012979,0.030309,0.009957,0.058759,0.034909
ACGCGGGCCAAGGACA-1,0.025131,0.084951,0.411599,0.014383,0.133621,0.161287,0.09405,0.074978
ACGCTACTGAATGGGC-1,0.563043,0.005956,0.097418,0.131219,0.049139,0.035971,0.045107,0.072147
ACGCTAGTGATACACT-1,0.007133,0.038339,0.139938,0.006059,0.021236,0.116625,0.172323,0.498348
ACGGAACACGAGTGCC-1,0.594456,0.117015,0.288303,0.000038,0.000075,0.000038,0.000038,0.000038
ACGGAATTTAGCAAAT-1,0.000019,0.122728,0.087296,0.003448,0.007282,0.004365,0.099415,0.675447
ACGGACTCTCAAAGCG-1,0.055791,0.170844,0.143889,0.018669,0.240454,0.029913,0.311249,0.029191
ACGGATGGTGCGGATA-1,0.010039,0.386752,0.132937,0.023122,0.308012,0.05003,0.038421,0.050687
ACGGCACTTGCTTGGG-1,0.002303,0.083821,0.157819,0.252314,0.048304,0.204521,0.193555,0.057363
ACGGCCAACATGGACT-1,0.212916,0.059774,0.62581,0.029941,0.03434,0.003738,0.000857,0.032624
ACGGCGACGATGGGAA-1,0.104522,0.031566,0.653065,0.041284,0.160183,0.001689,0.00304,0.004651
ACGGGAGTGTCGGCCC-1,0.111665,0.076299,0.73904,0.000048,0.003155,0.000048,0.037022,0.032724
ACGGTACAGTTCAATG-1,0.7587,0.23978,0.001348,0.000029,0.000057,0.000029,0.000029,0.000029
ACGTACTTTGGCACGG-1,0.427197,0.539514,0.01705,0.006527,0.009631,0.000027,0.000027,0.000027
ACGTAGATTGCTGATG-1,0.086069,0.028149,0.524756,0.026087,0.081164,0.116063,0.016416,0.121296
ACGTAGGAGAGTCGCT-1,0.297667,0.053438,0.013235,0.230264,0.287074,0.048819,0.004052,0.065451
ACGTATTACTCCGATC-1,0.019983,0.030904,0.373488,0.015279,0.073386,0.408331,0.016982,0.061646
ACGTGCGCCTCGTGCA-1,0.000028,0.577441,0.195968,0.000028,0.00019,0.000028,0.045325,0.180995
ACGTTAATGTCGAAGA-1,0.000013,0.009685,0.224289,0.241643,0.052337,0.334364,0.005223,0.132445
ACGTTAGATTTGCCCG-1,0.001483,0.252758,0.643677,0.05458,0.021918,0.006414,0.000495,0.018675
ACGTTCACTATGCCGC-1,0.788849,0.025698,0.179787,0.000033,0.005532,0.000033,0.000033,0.000033
ACGTTCGCAATCAATT-1,0.00001,0.00001,0.005003,0.000736,0.01196,0.446883,0.015965,0.519433
ACGTTCGTTCAGGAAA-1,0.112044,0.12256,0.44897,0.009697,0.229209,0.037045,0.021204,0.019272
ACGTTCTGTACAAGTC-1,0.441492,0.155929,0.326056,0.006778,0.05322,0.000038,0.006651,0.009836
ACGTTGTCGTTGAAAG-1,0.997481,0.000032,0.000064,0.000032,0.000064,0.000032,0.002264,0.000032
ACGTTTCGGTGCACTT-1,0.230721,0.334358,0.433425,0.001319,0.000071,0.000035,0.000035,0.000035
ACTACAAAGAGAGGTG-1,0.730947,0.166744,0.095407,0.000354,0.006488,0.00002,0.00002,0.00002
ACTACCAGCTCTCTGG-1,0.000019,0.01753,0.09671,0.021868,0.024997,0.47535,0.039989,0.323536
ACTACCATCCGAGGGC-1,0.598814,0.400929,0.000064,0.000032,0.000064,0.000032,0.000032,0.000032
ACTACGCGTTAGAATT-1,0.13678,0.025298,0.163984,0.020003,0.454578,0.074791,0.082961,0.041605
ACTAGTTGCGATCGTC-1,0.000018,0.057451,0.350477,0.130714,0.084619,0.238936,0.012951,0.124834
ACTATCCAGGGCATGG-1,0.000017,0.02023,0.365085,0.006025,0.096198,0.291564,0.002774,0.218108
ACTATCTGCCCGCGTA-1,0.016166,0.233575,0.520178,0.079524,0.068198,0.030586,0.034582,0.017191
ACTATGTCCAGCTGCC-1,0.308912,0.145853,0.316178,0.022573,0.052387,0.020962,0.09391,0.039225
ACTATTTCCGGGCCCA-1,0.175326,0.025207,0.490178,0.050314,0.195881,0.006684,0.011473,0.044937
ACTCAAGTGCAAGGCT-1,0.154774,0.000049,0.255699,0.000049,0.582363,0.000049,0.006967,0.000049
ACTCAATAAAGGCACG-1,0.00001,0.005879,0.003409,0.005276,0.007607,0.460427,0.154048,0.363345
ACTCAGACCTGCTTCT-1,0.3867,0.044843,0.029111,0.00005,0.0001,0.00005,0.470584,0.068563
ACTCCAATATCATCAT-1,0.367031,0.120792,0.183373,0.002406,0.32176,0.000014,0.0017,0.002924
ACTCCCGAATTCGTTT-1,0.010027,0.044071,0.034194,0.012172,0.090493,0.266623,0.24342,0.299001
ACTCCCTAATGCTAAA-1,0.078025,0.227067,0.42162,0.011941,0.144478,0.0468,0.054946,0.015123
ACTCCCTAGAATAGTA-1,0.06235,0.06493,0.584598,0.03343,0.077223,0.072802,0.104331,0.000336
ACTCCGGCCGACCACT-1,0.331385,0.284649,0.300378,0.009203,0.071967,0.000031,0.000031,0.002355
ACTCGCCGTTCGATAA-1,0.09603,0.051691,0.024704,0.059083,0.321174,0.306091,0.015392,0.125834
ACTCGCGATCTGACGC-1,0.000008,0.006572,0.714146,0.001356,0.013426,0.085501,0.014278,0.164713
ACTCGTCAGTAATCCC-1,0.010459,0.001981,0.048337,0.013483,0.006881,0.743705,0.006289,0.168865
ACTCTCTGACTTAGGT-1,0.028719,0.228803,0.337651,0.061115,0.140863,0.098644,0.085817,0.018387
ACTCTGACCTAATAGA-1,0.605389,0.000036,0.037814,0.000036,0.356443,0.000208,0.000036,0.000036
ACTCTTCAGCTCCCGC-1,0.049899,0.019832,0.0741,0.080713,0.149853,0.107129,0.159156,0.359317
ACTCTTGTATAGTAAC-1,0.041512,0.019308,0.490716,0.097817,0.046076,0.180933,0.030394,0.093244
ACTGAAACGCCGTTAG-1,0.192881,0.077405,0.223584,0.056607,0.241245,0.074066,0.074883,0.059329
ACTGAATGGCGAAAGT-1,0.082935,0.078988,0.711684,0.06098,0.059287,0.002927,0.000401,0.002797
ACTGCCCGCCATTCTC-1,0.488075,0.296333,0.095187,0.005924,0.10715,0.000455,0.00365,0.003225
ACTGCCGTCGTAACTC-1,0.000047,0.705938,0.119595,0.000047,0.000093,0.000047,0.142368,0.031866
ACTGCGGACACACCGT-1,0.000011,0.013734,0.05969,0.024542,0.031343,0.407329,0.01611,0.44724
ACTGGGATGCCAGTGC-1,0.706875,0.292855,0.000067,0.000034,0.000067,0.000034,0.000034,0.000034
ACTGTACGATACACAT-1,0.000023,0.110488,0.428693,0.001715,0.027753,0.11529,0.007635,0.308403
ACTGTAGCACTTTGGA-1,0.00003,0.466771,0.411822,0.00003,0.00006,0.001095,0.000104,0.120089
ACTGTATACGCGAGCA-1,0.140385,0.220314,0.257628,0.002703,0.000113,0.000056,0.213707,0.165094
ACTGTCCAGGATTATA-1,0.012395,0.021458,0.330969,0.022402,0.029969,0.304455,0.012677,0.265676
ACTGTCTTCTTTAGAA-1,0.012878,0.08006,0.216555,0.01819,0.07677,0.28484,0.017745,0.292962
ACTGTGCTAGTAGATC-1,0.000059,0.999467,0.000119,0.000059,0.000119,0.000059,0.000059,0.000059
ACTTACGCATCCACGC-1,0.049465,0.226312,0.106847,0.031557,0.327378,0.131432,0.063242,0.063767
ACTTAGTACGACAAGA-1,0.000025,0.912416,0.006758,0.000025,0.000051,0.000025,0.004703,0.075997
ACTTATACTTACCCGG-1,0.009151,0.069252,0.397174,0.020141,0.098414,0.287756,0.026823,0.091289
ACTTATTAGGATCGGT-1,0.000032,0.229178,0.725682,0.000032,0.000065,0.000032,0.000521,0.044458
ACTTATTTATGTGCCA-1,0.005791,0.042886,0.21022,0.198425,0.11939,0.215688,0.044001,0.163599
ACTTCAGGCTGATCCC-1,0.034626,0.332595,0.527197,0.04128,0.01827,0.016102,0.000025,0.029904
ACTTCCATGCGGGACA-1,0.004446,0.129297,0.153638,0.01495,0.357197,0.169533,0.012962,0.157977
ACTTCGCCATACGCAC-1,0.000018,0.074383,0.271005,0.021897,0.110382,0.054581,0.090572,0.377161
ACTTCGCTAGCGAGTG-1,0.00001,0.00001,0.000019,0.003094,0.017284,0.325632,0.25941,0.394541
ACTTGACTCCCTCTTT-1,0.010378,0.034052,0.198818,0.238569,0.289877,0.131558,0.053299,0.043449
ACTTGGGACCCGGTGG-1,0.000023,0.134327,0.611615,0.000023,0.01796,0.031197,0.002342,0.202513
ACTTGGGCTTTCGCCA-1,0.853075,0.144572,0.000588,0.000294,0.000588,0.000294,0.000294,0.000294
ACTTGTGGATGGAACG-1,0.046908,0.003902,0.22145,0.250188,0.147584,0.280127,0.029568,0.020273
ACTTGTTACCGGATCA-1,0.672316,0.320518,0.006883,0.000047,0.000094,0.000047,0.000047,0.000047
ACTTTACCCTCATGAA-1,0.007411,0.33064,0.184199,0.004029,0.101325,0.033567,0.144396,0.194434
ACTTTCCTATAGCTTC-1,0.000014,0.011476,0.186592,0.007071,0.059088,0.627629,0.019563,0.088567
ACTTTGTCGACGCACT-1,0.034488,0.280902,0.255249,0.027808,0.114688,0.022713,0.230365,0.033786
AGAAATTATGACTCGC-1,0.000006,0.00295,0.075806,0.056305,0.005779,0.662835,0.000498,0.195821
AGAACCCAGCGTGACA-1,0.000006,0.002722,0.558737,0.001768,0.004328,0.207916,0.006093,0.21843
AGAACGTGGTACATTC-1,0.012886,0.007961,0.166348,0.018341,0.125671,0.273377,0.07502,0.320396
AGAACTGTACTTTGTA-1,0.849095,0.007569,0.138717,0.000039,0.004461,0.000039,0.000039,0.000039
AGAAGAGCGCCGTTCC-1,0.132772,0.214387,0.298547,0.00014,0.050112,0.010756,0.181714,0.111572
AGAAGGTTGCCGAATT-1,0.08575,0.005656,0.117052,0.080598,0.039898,0.588117,0.045673,0.037257
AGAAGGTTGTAGGTCG-1,0.061685,0.086741,0.001207,0.018885,0.119609,0.380131,0.3064,0.025342
AGAAGTGATTCGTGAT-1,0.112095,0.099187,0.770037,0.000879,0.009256,0.00005,0.008444,0.00005
AGAATACAGGCTATCC-1,0.966695,0.033094,0.000053,0.000026,0.000053,0.000026,0.000026,0.000026
AGAATTATGGATTCGA-1,0.000012,0.016506,0.249406,0.007495,0.063987,0.149049,0.014021,0.499525
AGAATTGTTTGACATA-1,0.03155,0.160626,0.134454,0.00377,0.000231,0.009289,0.034133,0.625947
AGACAGGCATCTCAGC-1,0.000007,0.000007,0.052119,0.024731,0.001847,0.740199,0.002349,0.178741
AGACATAGATCCTTCC-1,0.421917,0.00008,0.040615,0.00008,0.00016,0.00008,0.53699,0.00008
AGACCATGGGATACAA-1,0.008961,0.138582,0.388042,0.005061,0.024581,0.053251,0.030456,0.351067
AGACCCACCGCTGATC-1,0.009729,0.566525,0.338444,0.002897,0.078506,0.001157,0.001277,0.001464
AGACCCGCCCTCCTCG-1,0.01478,0.001279,0.022794,0.077011,0.173105,0.503736,0.080373,0.126922
AGACCGCTCCGCGGTT-1,0.020188,0.323849,0.505047,0.03587,0.037827,0.013431,0.037014,0.026774
AGACGAAGTGCCGGTC-1,0.023342,0.006679,0.281264,0.077536,0.444422,0.152573,0.011834,0.00235
AGACGACGATGCCGCT-1,0.181203,0.000049,0.732775,0.000025,0.085874,0.000025,0.000025,0.000025
AGACGCCCACTTCGCC-1,0.010314,0.180416,0.069265,0.086514,0.15575,0.248104,0.128522,0.121115
AGACTAGCCTTCCAGA-1,0.016305,0.052053,0.213892,0.013336,0.055209,0.346541,0.024973,0.277692
AGACTGTTACCGGGTC-1,0.256108,0.467878,0.105991,0.008295,0.045923,0.001515,0.111468,0.002822
AGAGAAACACCAGAAA-1,0.320016,0.162599,0.383648,0.044919,0.041169,0.020589,0.012752,0.014307
AGAGAACCGTCTAGGA-1,0.00001,0.207627,0.072847,0.005662,0.044777,0.119609,0.068341,0.481126
AGAGAAGGAGTACAAT-1,0.38192,0.078893,0.274502,0.005654,0.240147,0.001714,0.007471,0.009698
AGAGCCGCCGAGATTT-1,0.082715,0.128311,0.332018,0.024927,0.332084,0.059884,0.015311,0.024749
AGAGCGGGCTAATCAT-1,0.008486,0.941747,0.042269,0.000041,0.000082,0.000041,0.005336,0.001998
AGAGCGTACAAGCTCG-1,0.041912,0.106237,0.312621,0.007288,0.018616,0.030522,0.107464,0.37534
AGAGGCTTCGGAAACC-1,0.002033,0.005921,0.370585,0.103391,0.275246,0.22308,0.016297,0.003448
AGAGTAAACTTCACTA-1,0.030356,0.231459,0.124464,0.248518,0.129036,0.053264,0.144233,0.038671
AGAGTATAGTGTTACG-1,0.010471,0.416551,0.043055,0.009775,0.031802,0.010868,0.232819,0.244659
AGAGTCTTAATGAAAG-1,0.658671,0.212321,0.07506,0.037677,0.000107,0.000045,0.000045,0.016074
AGATAACTTCAGGGCC-1,0.009818,0.010903,0.592381,0.023095,0.025194,0.113502,0.061263,0.163844
AGATACCAATAGAACC-1,0.032298,0.235001,0.154658,0.095384,0.327863,0.065157,0.016795,0.072844
AGATACCGGTGTTCAC-1,0.022338,0.282801,0.487001,0.077428,0.084546,0.010379,0.027401,0.008106
AGATACGACTTCATAT-1,0.000043,0.393226,0.199039,0.000043,0.001281,0.000043,0.028463,0.377861
AGATACTCAAGATCGA-1,0.044225,0.018827,0.588166,0.143984,0.159897,0.01044,0.027422,0.007039
AGATATAATACGACTA-1,0.022387,0.10106,0.188752,0.030563,0.320454,0.238416,0.028162,0.070206
AGATCGTGCATAAGAT-1,0.072614,0.75398,0.145042,0.000032,0.000065,0.000032,0.003575,0.024659
AGATCTCAGGTGTGAT-1,0.000015,0.029023,0.403434,0.003429,0.112381,0.167435,0.028017,0.256265
AGATGACTCGCCCACG-1,0.0069,0.253644,0.087778,0.003251,0.047408,0.022271,0.097099,0.481649
AGATGATGGAGTCTGG-1,0.000018,0.051189,0.24871,0.031989,0.176067,0.16161,0.037444,0.292973
AGATGCAAGACGTGCA-1,0.132811,0.195833,0.558255,0.006343,0.03125,0.01021,0.046568,0.018728
