Barcode,Topic 1to2,Topic 3to10,Topic 11,Topic 12
AAACAACGAATAGTTC-1,0.000034,0.978242,0.021707,0.000017
AAACAAGTATCTCCCA-1,0.025928,0.884876,0.037871,0.051325
AAACAATCTACTAGCA-1,0.000033,0.995416,0.000016,0.004535
AAACACCAATAACTGC-1,0.000021,0.061114,0.036267,0.902598
AAACAGAGCGACTCCT-1,0.014361,0.41321,0.572349,0.00008
AAACAGCTTTCAGAAG-1,0.083168,0.891938,0.024865,0.00003
AAACAGGGTCTATATT-1,0.141681,0.826082,0.03222,0.000017
AAACAGTGTTCCTGGG-1,0.332775,0.447799,0.007475,0.21195
AAACATGGTGAGAGGA-1,0.000031,0.021118,0.094471,0.88438
AAACATTTCCCGGATT-1,0.04291,0.774505,0.174588,0.007997
AAACCACTACACAGAT-1,0.038345,0.956085,0.005552,0.000018
AAACCCGAACGAAATC-1,0.041425,0.856782,0.093533,0.008261
AAACCGGAAATGTTAA-1,0.131085,0.818216,0.032,0.018699
AAACCGGGTAGGTACC-1,0.051542,0.9378,0.005261,0.005398
AAACCGTTCGTCCAGG-1,0.575188,0.348704,0.032052,0.044056
AAACCTAAGCAGCCGG-1,0.219253,0.673996,0.000297,0.106454
AAACCTCATGAAGTTG-1,0.139765,0.853089,0.007127,0.000018
AAACGAAGAACATACC-1,0.000067,0.930559,0.069341,0.000033
AAACGAAGATGGAGTA-1,0.29947,0.292028,0.103243,0.305259
AAACGACAGTCTTGCC-1,0.08897,0.911001,0.000015,0.000015
AAACGAGACGGTTGAT-1,0.009245,0.862717,0.128003,0.000035
AAACGCCCGAGATCGG-1,0.154991,0.786429,0.058548,0.000031
AAACGCTGGGCACGAC-1,0.104481,0.879944,0.001045,0.01453
AAACGGGCGTACGGGT-1,0.12909,0.721571,0.118637,0.030702
AAACGGGTTGGTATCC-1,0.001841,0.998109,0.000025,0.000025
AAACGGTTGCGAACTG-1,0.140261,0.691613,0.032912,0.135215
AAACGTGTTCGCCCTA-1,0.012149,0.927307,0.06048,0.000064
AAACTAACGTGGCGAC-1,0.000078,0.971155,0.000039,0.028728
AAACTCGGTTCGCAAT-1,0.207681,0.653818,0.072015,0.066486
AAACTCGTGATATAAG-1,0.044424,0.955443,0.000066,0.000066
AAACTGCTGGCTCCAA-1,0.125454,0.745504,0.011478,0.117565
AAACTTAATTGCACGC-1,0.165935,0.065653,0.000672,0.767739
AAACTTGCAAACGTAT-1,0.123029,0.823928,0.012535,0.040508
AAAGAATGACCTTAGA-1,0.000019,0.054528,0.155394,0.790059
AAAGAATGTGGACTAA-1,0.185881,0.790766,0.023339,0.000014
AAAGACATGAAGTTTA-1,0.209259,0.614883,0.175829,0.000028
AAAGACCCAAGTCGCG-1,0.017203,0.969552,0.000014,0.013231
AAAGACTGGGCGCTTT-1,0.087793,0.730857,0.181307,0.000043
AAAGCTTGCCTACATA-1,0.082809,0.888628,0.010901,0.017662
AAAGGCCCTATAATAC-1,0.000031,0.088803,0.141164,0.770002
AAAGGCTACGGACCAT-1,0.07099,0.882082,0.000209,0.046719
AAAGGCTCTCGCGCCG-1,0.181163,0.804734,0.008961,0.005142
AAAGGGATGTAGCAAG-1,0.015966,0.984005,0.000015,0.000015
AAAGGGCAGCTTGAAT-1,0.169563,0.826143,0.004278,0.000017
AAAGGTAAGCTGTACC-1,0.001606,0.970877,0.027487,0.000029
AAAGGTCAACGACATG-1,0.030564,0.437617,0.531785,0.000034
AAAGTAGCATTGCTCA-1,0.082819,0.536068,0.032694,0.348419
AAAGTCACTGATGTAA-1,0.000039,0.899365,0.02638,0.074217
AAAGTCGACCCTCAGT-1,0.215695,0.784264,0.000021,0.000021
AAAGTGCCATCAATTA-1,0.260309,0.739682,0.000004,0.000004
AAAGTGTGATTTATCT-1,0.128482,0.871396,0.000061,0.000061
AAAGTTGACTCCCGTA-1,0.122664,0.862747,0.000057,0.014531
AAATAACCATACGGGA-1,0.000193,0.661485,0.338226,0.000096
AAATAAGGTAGTGCCC-1,0.045002,0.903709,0.000303,0.050985
AAATACCTATAAGCAT-1,0.027439,0.933801,0.000041,0.038718
AAATAGCTTAGACTTT-1,0.034391,0.890782,0.066986,0.007841
AAATAGGGTGCTATTG-1,0.167804,0.797007,0.009277,0.025911
AAATCACTCCTAAACG-1,0.054107,0.944282,0.001598,0.000013
AAATCCGATACACGCC-1,0.17892,0.707474,0.09928,0.014326
AAATCGCGGAAGGAGT-1,0.027935,0.48651,0.229965,0.255591
AAATCGTGTACCACAA-1,0.000053,0.91121,0.000026,0.088711
AAATCTAGCCCTGCTA-1,0.056923,0.915484,0.000259,0.027334
AAATCTGCCCGCGTCC-1,0.121094,0.091433,0.103237,0.684236
AAATGACTGATCAAAC-1,0.120276,0.791794,0.048032,0.039898
AAATGATTCGATCAGC-1,0.000093,0.977722,0.022139,0.000046
AAATGCTCGTTACGTT-1,0.00005,0.977357,0.022569,0.000025
AAATGGCATGTCTTGT-1,0.000059,0.999881,0.00003,0.00003
AAATGGCCCGTGCCCT-1,0.132746,0.867214,0.00002,0.00002
AAATGGTCAATGTGCC-1,0.000121,0.98396,0.000024,0.015895
AAATGTATCTTATCCC-1,0.000042,0.307309,0.692628,0.000021
AAATGTGGGTGCTCCT-1,0.000032,0.999936,0.000016,0.000016
AAATTAACGGGTAGCT-1,0.003449,0.971282,0.005786,0.019483
AAATTAATAAGCGCGA-1,0.000078,0.508188,0.491695,0.000039
AAATTACACGACTCTG-1,0.000165,0.692219,0.307534,0.000082
AAATTACCTATCGATG-1,0.027392,0.817304,0.155263,0.000042
AAATTCCAGGTCCAAA-1,0.001216,0.940071,0.042985,0.015727
AAATTGATAGTCCTTT-1,0.196352,0.381544,0.136549,0.285555
AAATTGCGGCGGTTCT-1,0.02064,0.96372,0.00053,0.015111
AAATTGGTGAGAAGCA-1,0.0299,0.947458,0.022578,0.000064
AAATTTACCGAAATCC-1,0.000159,0.676728,0.323033,0.00008
AAATTTGCGGGTGTGG-1,0.2395,0.758823,0.000014,0.001663
AACAACTGGTAGTTGC-1,0.019003,0.980969,0.000014,0.000014
AACAATACATTGTCGA-1,0.607449,0.233404,0.022565,0.136582
AACAATTACTCTACGC-1,0.029957,0.937285,0.032727,0.000031
AACACACGCTCGCCGC-1,0.176186,0.822613,0.001144,0.000057
AACACGACTGTACTGA-1,0.000033,0.999935,0.000016,0.000016
AACACGAGACGCGGCC-1,0.145663,0.806822,0.000013,0.047502
AACACGCGGCCGCGAA-1,0.024815,0.975152,0.000016,0.000016
AACAGCTGTGTGGCAA-1,0.433928,0.104831,0.098233,0.363007
AACAGGAAATCGAATA-1,0.000032,0.996647,0.003305,0.000016
AACAGGATGGGCCGCG-1,0.000057,0.972589,0.000028,0.027326
AACAGGTAGTATGGAT-1,0.007422,0.992536,0.000021,0.000021
AACATAGCGTGTATCG-1,0.085423,0.81925,0.065089,0.030238
AACATATCAACTGGTG-1,0.000137,0.941045,0.045781,0.013036
AACATCGATACGTCTA-1,0.000097,0.942583,0.057272,0.000048
AACATTGAAGTTGATC-1,0.000042,0.156134,0.125817,0.718006
AACATTGGTCAGCCGT-1,0.003292,0.880824,0.115865,0.00002
AACATTGTGACTCGAG-1,0.295557,0.667735,0.000006,0.036702
AACCAAGACTTCTCTG-1,0.028097,0.971879,0.000012,0.000012
AACCAGTATCACTCTT-1,0.159749,0.277281,0.562915,0.000055
AACCATAGGGTTGAAC-1,0.002718,0.021018,0.036514,0.93975
AACCATGGGATCGCTA-1,0.000065,0.996844,0.003058,0.000033
AACCCAGAGACGGAGA-1,0.032152,0.949982,0.014836,0.00303
AACCCATCCCATGATC-1,0.073247,0.505181,0.101611,0.319962
AACCCGACAACCCGTG-1,0.707905,0.291797,0.000294,0.000004
AACCCGAGCAGAATCG-1,0.12853,0.819404,0.052045,0.000022
AACCCGATAGGGCTTC-1,0.013465,0.926055,0.058541,0.00194
AACCCGCTGTATTCCA-1,0.1848,0.726897,0.042118,0.046185
AACCCTACTGTCAATA-1,0.086476,0.896348,0.017116,0.00006
AACCCTGGTGGAACCA-1,0.000057,0.863308,0.136606,0.000029
AACCGAGCTTGGTCAT-1,0.00006,0.983537,0.016373,0.00003
AACCGCTAAGGGATGC-1,0.088571,0.857144,0.000086,0.054199
AACCGTTGTGTTTGCT-1,0.000033,0.999933,0.000017,0.000017
AACCTAAAGCCGTCCG-1,0.017022,0.747472,0.235473,0.000033
AACCTCGCTTTAGCCC-1,0.320635,0.570725,0.108594,0.000045
AACCTGTCACGGAATT-1,0.099523,0.89847,0.000025,0.001981
AACCTTTAAATACGGT-1,0.200192,0.750219,0.013663,0.035926
AACCTTTACGACGTCT-1,0.000207,0.48555,0.51414,0.000104
AACGAAAGTCGTCCCA-1,0.263687,0.179632,0.002822,0.553859
AACGACCTCCTAGCCG-1,0.067602,0.907502,0.014017,0.010879
AACGATAATGCCGTAG-1,0.106091,0.848402,0.017225,0.028281
AACGATAGAAGGGCCG-1,0.009621,0.990348,0.000016,0.000016
AACGATATGTCAACTG-1,0.003418,0.917856,0.027507,0.05122
AACGCATGATCTGGGT-1,0.007413,0.992515,0.000036,0.000036
AACGCGAACGGCAACA-1,0.070211,0.929763,0.000013,0.000013
AACGCGACCTTGGGCG-1,0.203487,0.64995,0.075506,0.071058
AACGCGGTCTCCAGCC-1,0.015405,0.984565,0.000015,0.000015
AACGCTGTTGCTGAAA-1,0.118611,0.845341,0.000057,0.03599
AACGGACGTACGTATA-1,0.183938,0.749779,0.049037,0.017246
AACGGCCATCTCCGGT-1,0.33472,0.493404,0.000009,0.171867
AACGTACTGTGGGTAC-1,0.03133,0.902058,0.066591,0.000021
AACGTAGTCTACCCAT-1,0.00707,0.992897,0.000016,0.000016
AACGTCAGACTAGTGG-1,0.078906,0.859186,0.000015,0.061892
AACGTCATCCGGCTTG-1,0.057597,0.861987,0.029534,0.050882
AACGTCGCTGCACTTC-1,0.515411,0.461585,0.022995,0.000009
AACGTGATGAAGGACA-1,0.087359,0.912602,0.000019,0.000019
AACGTGCGAAAGTCTC-1,0.000063,0.921088,0.078817,0.000032
AACGTTATCAGCACCT-1,0.03111,0.897935,0.032487,0.038467
AACGTTCTACCATTGT-1,0.278836,0.721151,0.000007,0.000007
AACTACCCGTTTGTCA-1,0.024135,0.975835,0.000015,0.000015
AACTAGCGTATCGCAC-1,0.000039,0.999922,0.000019,0.000019
AACTAGGCTTGGGTGT-1,0.342712,0.637197,0.000018,0.020073
AACTCAAGTTAATTGC-1,0.056953,0.900346,0.000017,0.042683
AACTCCAGAGCGTGTT-1,0.097988,0.818646,0.003755,0.079612
AACTCCTAATCCCATG-1,0.000175,0.495717,0.50402,0.000088
AACTCGATAAACACGT-1,0.007938,0.992017,0.000023,0.000023
AACTCGATGGCGCAGT-1,0.000059,0.988667,0.011244,0.00003
AACTCTCAATAGAGCG-1,0.000141,0.947556,0.052232,0.000071
AACTCTCAGTGTGCTC-1,0.152592,0.386212,0.099431,0.361764
AACTGAGGTCAGCGTC-1,0.000059,0.948712,0.0512,0.000029
AACTGAGTTATACTGA-1,0.055073,0.798012,0.107626,0.039288
AACTGATATTAGGCCT-1,0.000029,0.999943,0.000014,0.000014
AACTGGGTCCCGACGT-1,0.000081,0.467932,0.531947,0.00004
AACTGGGTTCGAGCCG-1,0.000152,0.520616,0.479155,0.000076
AACTGGTGTGGGCCTT-1,0.000058,0.884713,0.020651,0.094578
AACTTCTGCGTCTATC-1,0.000095,0.999809,0.000048,0.000048
AACTTGCCCGTATGCA-1,0.000046,0.844155,0.155775,0.000023
AACTTGCGTTCTCGCG-1,0.006592,0.947147,0.000021,0.04624
AACTTTACGGGAGCTT-1,0.002096,0.231784,0.647474,0.118647
AACTTTAGCTGCTGAG-1,0.000042,0.999916,0.000021,0.000021
AACTTTCTCGATCATG-1,0.000078,0.949353,0.000039,0.05053
AAGAAAGTTTGATGGG-1,0.118352,0.164355,0.00255,0.714743
AAGAAATCACCAGATT-1,0.056686,0.882606,0.048835,0.011874
AAGAAGGATCAGTTAG-1,0.058267,0.87366,0.00224,0.065833
AAGACATACGTGGTTT-1,0.10115,0.897128,0.001692,0.00003
AAGACCAAATAACTCA-1,0.252023,0.151638,0.184765,0.411574
AAGACCCAACTGAACA-1,0.222731,0.703692,0.001904,0.071672
AAGACTAACCCGTTGT-1,0.00008,0.990369,0.009511,0.00004
AAGACTCACGCCCACT-1,0.195164,0.531416,0.267335,0.006086
AAGACTGCAAGCTACT-1,0.000059,0.998879,0.00003,0.001033
AAGAGATGAATCGGTA-1,0.014426,0.926053,0.042298,0.017223
AAGAGCTCTTTATCGG-1,0.02271,0.755565,0.134393,0.087332
AAGAGGATGTACGCGA-1,0.028195,0.97175,0.000027,0.000027
AAGAGGCATGGATCGC-1,0.013279,0.931862,0.054841,0.000018
AAGAGGCCCTTTGGAA-1,0.1576,0.842348,0.000026,0.000026
AAGATGGCACCGGACC-1,0.154457,0.468706,0.205776,0.171061
AAGATTGGCGGAACGT-1,0.036803,0.92337,0.039774,0.000052
AAGCACCCTGCGTATC-1,0.113011,0.784318,0.052789,0.049881
AAGCATACTCTCCTGA-1,0.360287,0.639057,0.000619,0.000037
AAGCCACTTGCAGGTA-1,0.017999,0.24663,0.08204,0.653331
AAGCCGAAGCGGTTTA-1,0.034789,0.882573,0.043037,0.0396
AAGCCGCCGTGAAATC-1,0.003213,0.135388,0.369836,0.491563
AAGCCGCTTTACCTTG-1,0.002477,0.896228,0.046496,0.054799
AAGCCGGAGAGCAGGA-1,0.089859,0.875838,0.018877,0.015426
AAGCGCAGGGCTTTGA-1,0.145126,0.728162,0.080842,0.045869
AAGCGGAGTGCGCGCA-1,0.003309,0.992516,0.001455,0.002721
AAGCGGCGTCATGGGT-1,0.000326,0.657643,0.341869,0.000163
AAGCGTCCCTCATCGA-1,0.068169,0.444257,0.187999,0.299574
AAGCTAGATCGAGTAA-1,0.023197,0.976779,0.000012,0.000012
AAGCTATGGATTGACC-1,0.516274,0.045377,0.000015,0.438334
AAGCTCGTGCCAAGTC-1,0.00005,0.98732,0.000025,0.012605
AAGCTCTTTCATGGTG-1,0.139887,0.809846,0.005244,0.045023
AAGGAGAACTTATAAG-1,0.000045,0.996004,0.003929,0.000022
AAGGAGCGGTTGGTGC-1,0.006866,0.948094,0.000012,0.045027
AAGGATCGATCGCTTG-1,0.00529,0.930343,0.053228,0.011139
AAGGATGAGGGACCTC-1,0.058431,0.928485,0.013065,0.00002
AAGGCAGGCTGTCTCC-1,0.060247,0.910625,0.017321,0.011807
AAGGCGCGTAAAGCTT-1,0.000049,0.999935,0.000008,0.000008
AAGGCTGTGCTCATCG-1,0.000969,0.987437,0.004695,0.006899
AAGGGAACGACTGGCT-1,0.457946,0.109253,0.008522,0.424279
AAGGGACAGATTCTGT-1,0.000106,0.865584,0.134258,0.000053
AAGGGACTATGCATTC-1,0.693219,0.008468,0.02522,0.273094
AAGGGTTAGCCATGCG-1,0.057865,0.7806,0.082794,0.07874
AAGGGTTTGATTTCAG-1,0.058939,0.264582,0.086374,0.590105
AAGGTATCCTAATATA-1,0.05127,0.948667,0.000032,0.000032
AAGGTGATAAACCAGC-1,0.075384,0.86793,0.047556,0.009131
AAGTAAGCTTCCAAAC-1,0.000046,0.838362,0.046168,0.115424
AAGTAGAAGACCGGGT-1,0.007464,0.920228,0.012459,0.059849
AAGTAGTGACGCGAGG-1,0.048059,0.880998,0.000053,0.070889
AAGTCAATTGTCGTCA-1,0.025231,0.911169,0.003747,0.059854
AAGTCTAGTAGCTGCC-1,0.026042,0.896296,0.060394,0.017269
AAGTCTTCTGTGGCCT-1,0.310042,0.681842,0.008092,0.000024
AAGTGACGACCGAATT-1,0.067064,0.913096,0.000015,0.019826
AAGTGAGTCGGGTTTA-1,0.45878,0.476456,0.064754,0.00001
AAGTGCAAAGGTAGAC-1,0.000092,0.146246,0.853617,0.000046
AAGTGCCTTGACTGTA-1,0.017326,0.973271,0.009328,0.000074
AAGTGCGTTAGAATCT-1,0.000052,0.670339,0.329582,0.000026
AAGTGCTTCTCTATTG-1,0.177184,0.365915,0.023496,0.433406
AAGTGTTTGGAGACGG-1,0.088987,0.81792,0.079939,0.013154
AAGTTCACTCCAAGCT-1,0.191888,0.763617,0.022561,0.021935
AAGTTCAGTCTGCGTA-1,0.01576,0.882098,0.10208,0.000063
AAGTTCGGCCAACAGG-1,0.075988,0.690284,0.097142,0.136586
AAGTTGTGATGTTATA-1,0.239763,0.726438,0.033751,0.000048
AAGTTTACTAATGGCA-1,0.00011,0.962946,0.036889,0.000055
AAGTTTATGGGCCCAA-1,0.199011,0.611751,0.068819,0.120419
AATAACAACGCTCGGC-1,0.022776,0.938838,0.000445,0.03794
AATAACACTAGAACAA-1,0.238152,0.443398,0.000014,0.318436
AATAACGTCGCGCCCA-1,0.19809,0.76541,0.000015,0.036484
AATAAGTCCTCGAGAC-1,0.043876,0.956042,0.000019,0.000063
AATAATCTTCGTATCG-1,0.021216,0.919071,0.036504,0.023209
AATACAATGTTTCAGG-1,0.000102,0.601416,0.398431,0.000051
AATACCGGAGGGCTGT-1,0.602195,0.114847,0.050969,0.231988
AATACCTGATGTGAAC-1,0.141184,0.714137,0.132398,0.012281
AATAGAACAGAGTGGC-1,0.204012,0.758973,0.00052,0.036495
AATAGAATCTGTTTCA-1,0.139521,0.780419,0.058496,0.021563
AATAGCAAGCCTCCTG-1,0.012428,0.987484,0.000044,0.000044
AATAGCTACCGCGTGC-1,0.000075,0.932678,0.040868,0.026379
AATAGGCACGACCCTT-1,0.681374,0.240427,0.000011,0.078188
AATAGTCCGTCCCGAC-1,0.055928,0.921589,0.000008,0.022475
AATAGTCGCGAGTCGG-1,0.000084,0.205248,0.60091,0.193758
AATATCAAGGTCGGAT-1,0.000317,0.999652,0.000016,0.000016
AATATCCTAGCAAACT-1,0.24987,0.746811,0.000862,0.002457
AATATCGAATCAATGC-1,0.058368,0.823562,0.099778,0.018292
AATATCGAGGGTTCTC-1,0.000145,0.944414,0.045199,0.010242
AATATTGGAGTATTGA-1,0.020567,0.926617,0.052779,0.000037
AATCAGACTGCAGGAC-1,0.017878,0.982065,0.000028,0.000028
AATCAGGTTTCATTTA-1,0.116413,0.224669,0.197796,0.461122
AATCATGTAAAGACTC-1,0.244551,0.700169,0.052429,0.002851
AATCCAAGGGCCTGAG-1,0.000033,0.918631,0.021833,0.059504
AATCCATGCAAGGGTG-1,0.000038,0.934321,0.065622,0.000019
AATCCCGCTCAGAGCC-1,0.136999,0.732703,0.064907,0.065391
AATCGAGGTCTCAAGG-1,0.146862,0.77629,0.075094,0.001753
AATCGCCTCAGCGCCA-1,0.000052,0.966022,0.033899,0.000026
AATCGCGCAGAGGACT-1,0.304028,0.665238,0.030127,0.000606
AATCGGGACACTACGA-1,0.00005,0.999901,0.000025,0.000025
AATCGGTATAGCCCTC-1,0.17816,0.817983,0.000011,0.003846
AATCGTGAGCCGAGCA-1,0.207083,0.658033,0.077243,0.057641
AATCTAGGTTTACTTG-1,0.208485,0.643006,0.148475,0.000034
AATCTATGCCGGAGCC-1,0.032396,0.906124,0.061401,0.000079
AATCTCTACTGTGGTT-1,0.287713,0.712245,0.000021,0.000021
AATCTGCGTTGGGACG-1,0.000117,0.944922,0.054266,0.000695
AATCTGGCTTTCTAGT-1,0.128568,0.7918,0.071641,0.007991
AATCTGGGTAGACCCT-1,0.119215,0.05412,0.826612,0.000054
AATGACAGCAATGTCT-1,0.013148,0.916805,0.002532,0.067515
AATGACGTAGGATGTC-1,0.077657,0.855755,0.030641,0.035947
AATGACTGTCAGCCGG-1,0.027083,0.93988,0.000012,0.033025
AATGAGTTCGCATATG-1,0.000079,0.892291,0.107591,0.000039
AATGATGATACGCTAT-1,0.010058,0.789655,0.20025,0.000037
AATGATGCGACTCCTG-1,0.000119,0.975131,0.024691,0.000059
AATGCAACCGGGTACC-1,0.008684,0.928867,0.034026,0.028423
AATGCACCAAGCAATG-1,0.000068,0.781568,0.192093,0.026271
AATGGCCGCCAATGCG-1,0.003738,0.962748,0.033493,0.000021
AATGGTCCACCGTTCA-1,0.267154,0.722148,0.010663,0.000035
AATGGTTCTCACAAGC-1,0.007458,0.9497,0.000133,0.04271
AATGTATGGCACTGTA-1,0.27984,0.030435,0.045384,0.644341
AATGTGCCCGAGGTGT-1,0.032077,0.167685,0.203925,0.596313
AATGTGCTAATCTGAG-1,0.187061,0.00008,0.24922,0.563639
AATGTTAAGACCCTGA-1,0.159293,0.79132,0.032182,0.017205
AATGTTGTCGTGAGAC-1,0.293921,0.706009,0.000035,0.000035
AATTAAAGGTCGGCGT-1,0.18111,0.769046,0.049831,0.000014
AATTAACGGATTTCCA-1,0.126381,0.758023,0.066416,0.049179
AATTACGAGACCCATC-1,0.031329,0.189764,0.165914,0.612993
AATTACTCGTACGCTC-1,0.000025,0.946135,0.053827,0.000013
AATTAGCGCTGCAGCG-1,0.315144,0.629499,0.032976,0.02238
AATTATACCCAGCAAG-1,0.005876,0.49043,0.503628,0.000066
AATTCATAAGGGATCT-1,0.002517,0.794933,0.200979,0.001571
AATTCATTGTCATGCA-1,0.000028,0.000112,0.151315,0.848545
AATTCCAACTTGGTGA-1,0.134199,0.865367,0.000408,0.000026
AATTCCAAGCATGTAC-1,0.128056,0.710412,0.083809,0.077723
AATTCGATTCGAGGAT-1,0.068362,0.740728,0.098708,0.092202
AATTCTAGAGTTAGGC-1,0.20091,0.792874,0.003443,0.002772
AATTGAACGCTCTGGT-1,0.121641,0.709959,0.095248,0.073152
AATTGCAGCAATCGAC-1,0.200799,0.799145,0.000028,0.000028
AATTGCGTGGATTACA-1,0.006966,0.077109,0.08557,0.830354
AATTGTGGTTGCCAAA-1,0.109752,0.868469,0.000016,0.021763
AATTTGGGACATAGTA-1,0.044222,0.618092,0.337485,0.000201
AATTTGGTTCCAAAGA-1,0.000058,0.985476,0.014437,0.000029
ACAAACCATGCGTCCT-1,0.000041,0.150585,0.041974,0.8074
ACAAACCGACAAGGCG-1,0.235049,0.738383,0.026549,0.000019
ACAAACTCCATCAGAG-1,0.480757,0.351657,0.018443,0.149144
ACAAAGAAGGTAGGCC-1,0.286274,0.696789,0.003982,0.012956
ACAAAGCATGACCTAG-1,0.000063,0.325455,0.67445,0.000032
ACAAATCGCACCGAAT-1,0.191744,0.726472,0.05136,0.030424
ACAAATGGTAGTGTTT-1,0.079005,0.892443,0.014986,0.013566
ACAAATTCAGATCTGA-1,0.09525,0.879055,0.025632,0.000063
ACAACAGCATGAGCTA-1,0.000089,0.943393,0.000045,0.056473
ACAACGGTCCCTGCGA-1,0.019832,0.947529,0.005652,0.026988
ACAAGCAGTGCCTAGC-1,0.020566,0.979353,0.00004,0.00004
ACAAGCTATATGGAAG-1,0.400575,0.548137,0.051268,0.00002
ACAAGGAAATCCGCCC-1,0.11221,0.820958,0.016333,0.050499
ACAAGGACAAGAGGTT-1,0.039131,0.921842,0.000011,0.039016
ACAAGGATGCTTTAGG-1,0.082651,0.834867,0.033307,0.049176
ACAAGGCCTACCAGCC-1,0.132201,0.860415,0.007352,0.000031
ACAAGGGCAGGCTCTG-1,0.000061,0.885831,0.114078,0.00003
ACAAGTAATTGTAAGG-1,0.086912,0.314963,0.049906,0.548219
ACAATAGTCGTACGTT-1,0.24602,0.629111,0.055874,0.068995
ACAATCCATTTAAACC-1,0.041242,0.912943,0.001884,0.043932
ACAATCGATCTTTATA-1,0.002874,0.997054,0.000036,0.000036
ACAATGAATACGGAGA-1,0.436553,0.185519,0.129651,0.248277
ACAATGATTCTTCTAC-1,0.000063,0.897652,0.102254,0.000031
ACAATTGTGTCTCTTT-1,0.09202,0.852017,0.008474,0.04749
ACAATTTAGGAGGCTC-1,0.00009,0.038946,0.960919,0.000045
ACAATTTGAGCAGTGG-1,0.027522,0.935632,0.036817,0.000029
ACAATTTGGCCATATT-1,0.007556,0.79683,0.0522,0.143415
ACACAAAGACGGGTGG-1,0.000055,0.99989,0.000027,0.000027
ACACAAATATTCCTAG-1,0.091756,0.817681,0.012852,0.077712
ACACACCAGGACCAGT-1,0.135611,0.804832,0.024501,0.035055
ACACACTTTCTACACG-1,0.000044,0.999913,0.000022,0.000022
ACACATGATCAAATCT-1,0.07111,0.200095,0.238042,0.490752
ACACATTGACGCAACA-1,0.027955,0.894238,0.077768,0.000039
ACACATTTCCGTAGAC-1,0.115179,0.703325,0.129585,0.051911
ACACCACATAATTAGC-1,0.013631,0.926479,0.032234,0.027656
ACACCCAGCATGCAGC-1,0.005285,0.966448,0.007336,0.02093
ACACCCGAGAAATCCG-1,0.02447,0.969819,0.005703,0.000008
ACACCCGTAAATCTGT-1,0.023885,0.959144,0.00096,0.01601
ACACCGAGCGCTCTTT-1,0.011365,0.852437,0.128125,0.008073
ACACCGGTCTGACCGC-1,0.294708,0.034812,0.055869,0.614611
ACACCTTAAGTAGGGC-1,0.00898,0.990994,0.000013,0.000013
ACACCTTACTACTTGC-1,0.066754,0.891618,0.005935,0.035693
ACACGAGACTCCTTCT-1,0.000082,0.942928,0.000041,0.056949
ACACGGCACTATGCAT-1,0.000079,0.860905,0.138977,0.00004
ACACGGGAACTTAGGG-1,0.000059,0.93549,0.047885,0.016566
ACACGTAGGCCACAAG-1,0.132894,0.867062,0.000022,0.000022
ACACTCCAATGTCACT-1,0.056934,0.843164,0.099851,0.000051
ACACTGATCAAGGTGT-1,0.208004,0.643032,0.144429,0.004535
ACACTGGGACAGTCGT-1,0.16474,0.797875,0.012808,0.024576
ACAGAACTGAGAACAA-1,0.306149,0.32503,0.039995,0.328827
ACAGATTAGGTTAGTG-1,0.077666,0.922282,0.000026,0.000026
ACAGCATAGAGCCAGT-1,0.137219,0.862739,0.000021,0.000021
ACAGCGACATTCTCAT-1,0.044684,0.60146,0.353808,0.000048
ACAGCGCACCCGCAGC-1,0.046331,0.937332,0.016308,0.000029
ACAGGAGGCGCAGCCG-1,0.1912,0.444687,0.286781,0.077331
ACAGGCACGGATCCTT-1,0.02215,0.356497,0.621302,0.000051
ACAGGCTTGCCCGACT-1,0.232928,0.646249,0.075095,0.045729
ACAGGTGGAGGTGAGG-1,0.306916,0.467564,0.099421,0.126099
ACAGGTGTGTTGTTGC-1,0.6822,0.317776,0.000012,0.000012
ACAGTAATACAACTTG-1,0.14236,0.857609,0.000015,0.000015
ACAGTATACCGTGGGA-1,0.000127,0.934773,0.027027,0.038072
ACAGTGCAGCGCATTT-1,0.086561,0.671998,0.178298,0.063143
ACATAAGTCGTGGTGA-1,0.000054,0.219086,0.09899,0.68187
ACATAATAAGGCGGTG-1,0.000074,0.992715,0.007174,0.000037
ACATACAATCAAGCGG-1,0.08974,0.304978,0.605204,0.000078
ACATCAGCTGGGACGC-1,0.079574,0.53605,0.384334,0.000041
ACATCCCGGCCATACG-1,0.182508,0.747555,0.000021,0.069916
ACATCCTGGTAACTGT-1,0.005131,0.916704,0.032072,0.046092
ACATCGATCGTTTACC-1,0.005294,0.994667,0.00002,0.00002
ACATCGCAATATTCGG-1,0.033597,0.169022,0.141446,0.655935
ACATCGGTCAGCCGCG-1,0.085851,0.914117,0.000016,0.000016
ACATCGTATGCAATGG-1,0.039148,0.92242,0.036932,0.0015
ACATCGTTAACCTAGT-1,0.000075,0.989099,0.000038,0.010789
ACATCTCAACGCGTAA-1,0.000039,0.999923,0.000019,0.000019
ACATGCTTACGGCAGC-1,0.205165,0.000099,0.000033,0.794703
ACATGGCGCCAAAGTA-1,0.000103,0.920664,0.050332,0.028901
ACATGGCTCAATTTAG-1,0.000072,0.978445,0.021446,0.000036
ACATTAGTTTATATCC-1,0.113324,0.886645,0.000016,0.000016
ACATTCGCGCGGAATA-1,0.00027,0.346063,0.177109,0.476559
ACATTTGAAACCTAAC-1,0.010519,0.382533,0.606923,0.000025
ACCAAACACCCAGCGA-1,0.027529,0.888424,0.083985,0.000062
ACCAAACTAGAAATCC-1,0.000236,0.998106,0.00164,0.000018
ACCAACACCACACACT-1,0.164424,0.814856,0.020688,0.000031
ACCAACCGCACTCCAC-1,0.000075,0.143868,0.85602,0.000037
ACCAACGCTTATTTAT-1,0.396462,0.436715,0.00288,0.163943
ACCAAGAACGCGTGTC-1,0.090905,0.880845,0.000011,0.02824
ACCAAGTCATCGGCAG-1,0.131381,0.776576,0.092018,0.000025
ACCAATATGCAAGTTA-1,0.293282,0.600759,0.037595,0.068364
ACCACAACTCAGAACA-1,0.079065,0.920643,0.000275,0.000017
ACCACAAGTTTCTATC-1,0.004201,0.963663,0.000019,0.032117
ACCACACGGTTGATGG-1,0.182852,0.748755,0.04766,0.020733
ACCACCAATGTAACAA-1,0.072982,0.895207,0.031752,0.000059
ACCACCCTCTCTTCTA-1,0.056137,0.840449,0.078818,0.024596
ACCACGTGCAGCTATA-1,0.124425,0.831809,0.01256,0.031206
ACCACTGTTCAAGAAG-1,0.000948,0.892499,0.098324,0.008229
ACCAGACCATAACAAC-1,0.462766,0.537204,0.000015,0.000015
ACCAGCCCGGTCTTTG-1,0.000086,0.936011,0.057918,0.005985
ACCAGGAGTGTGATCT-1,0.000098,0.999803,0.000049,0.000049
ACCAGTGCCCGGTCAA-1,0.271201,0.728719,0.00004,0.00004
ACCAGTGCGGGAGACG-1,0.083123,0.78343,0.13339,0.000058
ACCATATCCGCAATAA-1,0.004048,0.995034,0.000904,0.000014
ACCATCCGCCAACTAG-1,0.132127,0.837776,0.01068,0.019417
ACCATCGTATATGGTA-1,0.002326,0.93627,0.000024,0.06138
ACCATTAAGGGTGTCA-1,0.000042,0.861518,0.138419,0.000021
ACCCAACGCCCGTGGC-1,0.17152,0.828451,0.000015,0.000015
ACCCACCTACATGCTC-1,0.022213,0.849375,0.128084,0.000328
ACCCATCTTGAGGGTA-1,0.09231,0.893321,0.001618,0.012751
ACCCATTTGTCCCTCT-1,0.189785,0.702948,0.106605,0.000661
ACCCGAGCGAAATTAC-1,0.083521,0.12413,0.259833,0.532516
ACCCGATTGGTTCCGA-1,0.278625,0.394298,0.029871,0.297206
ACCCGGAAACTCCCAG-1,0.089247,0.824544,0.032211,0.053998
ACCCGGAGCACCACAA-1,0.213838,0.775901,0.000007,0.010255
ACCCGGATGACGCATC-1,0.000144,0.879154,0.076365,0.044337
ACCCGGTTACACTTCC-1,0.128852,0.865213,0.00169,0.004245
ACCCGTAGCAGAGAAT-1,0.100804,0.000099,0.000012,0.899085
ACCCGTAGTCTAGTTG-1,0.121095,0.832874,0.017724,0.028307
ACCCGTGTCATCAGTA-1,0.195549,0.613158,0.03648,0.154813
ACCCTATAGGACTGAG-1,0.000084,0.944964,0.02645,0.028502
ACCCTATGCCATATCG-1,0.242547,0.132393,0.306301,0.318759
ACCCTCCCGTCAGGGC-1,0.0001,0.62408,0.37577,0.00005
ACCCTCCCTTGCTATT-1,0.162485,0.792812,0.022348,0.022354
ACCCTGGTAACGCCCT-1,0.049258,0.911552,0.039124,0.000066
ACCCTTCATCTGCGAA-1,0.000059,0.999882,0.000029,0.000029
ACCCTTGCCTGGGTCG-1,0.167228,0.788833,0.007216,0.036723
ACCCTTTAGTTCTCCA-1,0.002375,0.996641,0.000962,0.000022
ACCGAAAGGGCCCTGC-1,0.00917,0.976247,0.000552,0.014031
ACCGAAGAGTCTGGTT-1,0.26857,0.240428,0.290985,0.200017
ACCGACACATCTCCCA-1,0.267445,0.615976,0.069192,0.047387
ACCGACTGAGTCCCAC-1,0.111503,0.782436,0.056291,0.04977
ACCGAGTCTCCTTATT-1,0.19039,0.658237,0.11243,0.038943
ACCGATAGGCATAACC-1,0.052299,0.824169,0.122292,0.001241
ACCGATATTTAATCAT-1,0.413479,0.490979,0.07171,0.023832
ACCGATGGTAGCATCG-1,0.000138,0.963418,0.009815,0.026629
ACCGCAATAACTGCCT-1,0.179725,0.743671,0.055204,0.0214
ACCGCGGTGGAAGTCG-1,0.053268,0.89597,0.033904,0.016858
ACCGCTAGTCATTGGT-1,0.303938,0.303289,0.01959,0.373183
ACCGGGCCTTTGTTGA-1,0.058112,0.894008,0.036829,0.011051
ACCGGTCAGGTACACC-1,0.283196,0.349687,0.036525,0.330593
ACCGGTCTGAGTACGG-1,0.000147,0.547505,0.279027,0.173321
ACCGTCCACTGGGCCC-1,0.000017,0.000066,0.017085,0.982832
ACCGTGACCACGTGGG-1,0.518634,0.296146,0.128593,0.056626
ACCGTTCCCGCTCTGA-1,0.000077,0.963378,0.036506,0.000039
ACCTAAGTACCTTTCA-1,0.022505,0.745815,0.149598,0.082081
ACCTAATCGACTTCCT-1,0.000776,0.98719,0.012009,0.000024
ACCTACAGTATGTGGT-1,0.001593,0.912472,0.064074,0.021861
ACCTACTATAAATCTA-1,0.238245,0.594537,0.103811,0.063406
ACCTCAGCGAGGCGCA-1,0.001518,0.69717,0.301265,0.000048
ACCTCCGCCCTCGCTG-1,0.17076,0.752021,0.077192,0.000027
ACCTCCGTTATTCACC-1,0.011498,0.921184,0.049699,0.017619
ACCTCGAACTTATGCT-1,0.060384,0.174819,0.165806,0.598991
ACCTGCGTGTCATGTT-1,0.204989,0.793475,0.000019,0.001517
ACCTTTCCTTTAGAAG-1,0.000088,0.957741,0.042127,0.000044
ACGAAATGGGCGGCAC-1,0.105968,0.80651,0.044796,0.042726
ACGACCCATGAGTTGC-1,0.128431,0.836148,0.007902,0.027519
ACGACTCTAGGGCCGA-1,0.044449,0.701107,0.248518,0.005925
ACGACTGGTCATACTC-1,0.054936,0.316685,0.288695,0.339684
ACGAGAACCCATCACG-1,0.006774,0.993178,0.000024,0.000024
ACGAGATATTTGCTTA-1,0.003026,0.996921,0.000026,0.000026
ACGAGGATACCACTCT-1,0.353229,0.635055,0.011696,0.000021
ACGAGGTTTACAACGT-1,0.621372,0.089015,0.09569,0.193923
ACGAGTACGGATGCCC-1,0.000116,0.944582,0.055244,0.000058
ACGAGTCGCCGGCGTT-1,0.000059,0.954251,0.045661,0.000029
ACGATACATAGAACTA-1,0.030274,0.943446,0.02625,0.00003
ACGATACCTATCCTGA-1,0.205745,0.557721,0.236515,0.000019
ACGATCATACATAGAG-1,0.015769,0.810346,0.009753,0.164133
ACGATCATCTTGTAAA-1,0.00124,0.947358,0.05134,0.000063
ACGATGCATATGTTAT-1,0.046952,0.833088,0.000016,0.119944
ACGATGGATCCGATGC-1,0.00006,0.94356,0.056362,0.000018
ACGCAAACTAATAGAT-1,0.587796,0.332766,0.062673,0.016765
ACGCAATCACTACAGC-1,0.000114,0.96467,0.025426,0.00979
ACGCATAAATGACATG-1,0.000075,0.701888,0.297999,0.000038
ACGCATACGTTTACTA-1,0.114689,0.885253,0.000029,0.000029
ACGCATTCGTGAGTAC-1,0.043822,0.944338,0.00585,0.005989
ACGCCACTCGAAACAG-1,0.216925,0.651499,0.069408,0.062169
ACGCCAGATGATTTCT-1,0.000048,0.995028,0.000024,0.0049
ACGCCAGTGCGTTTGC-1,0.281157,0.644848,0.047758,0.026237
ACGCCCAGCTGTCGAT-1,0.000061,0.936877,0.047287,0.015776
ACGCCGCTAGACGACC-1,0.266121,0.733863,0.000008,0.000008
ACGCCTGACACGCGCT-1,0.000077,0.582202,0.40817,0.009551
ACGCGAAGTCAGACGA-1,0.147831,0.71676,0.000951,0.134457
ACGCGCTACACAGGGT-1,0.00006,0.833938,0.002818,0.163184
ACGCGGGCCAAGGACA-1,0.006094,0.989055,0.000021,0.004829
ACGCGTTTCTTAAGAG-1,0.000094,0.108743,0.891116,0.000047
ACGCTACTGAATGGGC-1,0.110893,0.88908,0.000014,0.000014
ACGCTAGTATCAGTGC-1,0.129853,0.844884,0.000015,0.025249
ACGCTAGTGATACACT-1,0.013178,0.986665,0.000078,0.000078
ACGCTGTGAGGCGTAG-1,0.0185,0.955481,0.025987,0.000032
ACGCTTAGTGTCTCTC-1,0.106802,0.813758,0.079397,0.000043
ACGGAACACGAGTGCC-1,0.517626,0.482341,0.000016,0.000016
ACGGAATTTAGCAAAT-1,0.000057,0.999885,0.000029,0.000029
ACGGACGCAGCGACAA-1,0.000027,0.043726,0.037936,0.91831
ACGGACTCTCAAAGCG-1,0.209395,0.647182,0.094748,0.048674
ACGGAGCGCAAATTAC-1,0.009635,0.933176,0.057147,0.000042
ACGGATGGTGCGGATA-1,0.22935,0.671363,0.084269,0.015018
ACGGCACTTGCTTGGG-1,0.000069,0.654017,0.075176,0.270738
ACGGCCAACATGGACT-1,0.301621,0.6358,0.00001,0.062568
ACGGCGACGATGGGAA-1,0.078821,0.842316,0.029436,0.049427
ACGGCGGGTTGCCCTG-1,0.000049,0.961694,0.012461,0.025796
ACGGCTGGATGTAGAA-1,0.000057,0.1411,0.222147,0.636697
ACGGGAGTGTCGGCCC-1,0.144596,0.828116,0.027266,0.000022
ACGGGCGTATGCGACA-1,0.068865,0.87186,0.045172,0.014103
ACGGGTCATGTGACTT-1,0.021888,0.781252,0.189908,0.006952
ACGGGTTGTGACCTGT-1,0.000145,0.000579,0.039004,0.960272
ACGGTACAGTTCAATG-1,0.000048,0.037297,0.962632,0.000024
ACGGTCACCGAGAACA-1,0.176347,0.012861,0.085196,0.725596
ACGTACAGATTTCTCT-1,0.000048,0.990228,0.0097,0.000024
ACGTACTTTGGCACGG-1,0.396049,0.178428,0.214269,0.211254
ACGTAGATTGCTGATG-1,0.000053,0.88071,0.024157,0.095081
ACGTAGGAGAGTCGCT-1,0.107347,0.791848,0.040563,0.060242
ACGTATTACTCCGATC-1,0.000153,0.955441,0.044329,0.000077
ACGTCCTAAACGAGAT-1,0.003567,0.996406,0.000014,0.000014
ACGTCGGGCAACTCGG-1,0.000033,0.00896,0.291759,0.699249
ACGTCTCGTTCCGGGA-1,0.106428,0.832964,0.060586,0.000022
ACGTGACAAAGTAAGT-1,0.449538,0.550321,0.000009,0.000132
ACGTGCGCCTCGTGCA-1,0.000037,0.999925,0.000019,0.000019
ACGTGGTCGAATGTGC-1,0.034232,0.959923,0.005818,0.000027
ACGTTAATGTCGAAGA-1,0.024903,0.975029,0.000034,0.000034
ACGTTAGATTTGCCCG-1,0.02211,0.919122,0.058729,0.000038
ACGTTATTGGTCACTC-1,0.199729,0.800214,0.000029,0.000029
ACGTTCACTATGCCGC-1,0.138367,0.667988,0.048554,0.145091
ACGTTCCGCGCTCCGT-1,0.00006,0.845826,0.154083,0.00003
ACGTTCGCAATCAATT-1,0.000164,0.912718,0.087036,0.000082
ACGTTCGTTCAGGAAA-1,0.516986,0.408437,0.000182,0.074395
ACGTTCTGTACAAGTC-1,0.08559,0.468238,0.422456,0.023716
ACGTTGTCGTTGAAAG-1,0.279843,0.292314,0.116788,0.311055
ACGTTTAGTTGTGATC-1,0.000062,0.96085,0.032888,0.0062
ACGTTTCGGTGCACTT-1,0.008068,0.991919,0.000006,0.000006
ACTAAGGACGCACACC-1,0.004591,0.941851,0.000024,0.053534
ACTAATACGTCAGGCG-1,0.000341,0.636027,0.363462,0.00017
ACTACAAAGAGAGGTG-1,0.083873,0.738473,0.001645,0.176009
ACTACATCCCGACAAG-1,0.010817,0.038307,0.142379,0.808497
ACTACCAGCTCTCTGG-1,0.032634,0.966288,0.00001,0.001068
ACTACCATCCGAGGGC-1,0.045753,0.214577,0.12319,0.61648
ACTACGCGTTAGAATT-1,0.356334,0.608508,0.025657,0.009501
ACTAGTTGCGATCGTC-1,0.052051,0.864969,0.063625,0.019355
ACTATATGCTGTGTTC-1,0.000087,0.956519,0.024861,0.018533
ACTATCCAGGGCATGG-1,0.000553,0.999301,0.000073,0.000073
ACTATCGCCGGCTAAA-1,0.054307,0.730888,0.202473,0.012332
ACTATCTGCCCGCGTA-1,0.083678,0.91079,0.00001,0.005522
ACTATGTCCAGCTGCC-1,0.021238,0.121637,0.119549,0.737576
ACTATTCGTCCGTGGT-1,0.000073,0.659863,0.340028,0.000036
ACTATTTCCGGGCCCA-1,0.327814,0.422449,0.008093,0.241643
ACTCAACGAATGTATT-1,0.000043,0.960158,0.039778,0.000021
ACTCAAGTGCAAGGCT-1,0.14598,0.730205,0.058,0.065814
ACTCAATAAAGGCACG-1,0.00003,0.99994,0.000015,0.000015
ACTCAGACCTGCTTCT-1,0.000055,0.965954,0.033963,0.000027
ACTCATGGCAGCCTTC-1,0.149635,0.250991,0.094684,0.50469
ACTCCAATATCATCAT-1,0.586818,0.026935,0.0044,0.381848
ACTCCCATTCCTAAAG-1,0.018434,0.884939,0.080849,0.015778
ACTCCCGAATTCGTTT-1,0.000119,0.989951,0.009871,0.000059
ACTCCCGTAGACTAGG-1,0.033425,0.920241,0.031818,0.014515
ACTCCCTAATGCTAAA-1,0.143236,0.794544,0.048432,0.013788
ACTCCCTAGAATAGTA-1,0.196614,0.593867,0.000027,0.209492
ACTCCGGCCGACCACT-1,0.037684,0.672188,0.287978,0.002149
ACTCGATGTATTTCAT-1,0.000025,0.764017,0.235945,0.000013
ACTCGCCGTTCGATAA-1,0.19437,0.748012,0.057597,0.000021
ACTCGCGATCTGACGC-1,0.323592,0.653789,0.003588,0.019032
ACTCGTAACCCGTCCT-1,0.239666,0.506315,0.203633,0.050385
ACTCGTCAGTAATCCC-1,0.000079,0.941126,0.007476,0.051319
ACTCTAAACCTGGGAT-1,0.000078,0.228032,0.771851,0.000039
ACTCTCTGACTTAGGT-1,0.000058,0.944783,0.02181,0.03335
ACTCTCTTATACACGA-1,0.005057,0.860732,0.034574,0.099636
ACTCTGACCTAATAGA-1,0.00009,0.282896,0.71697,0.000045
ACTCTTCAGCTCCCGC-1,0.146201,0.747357,0.094401,0.012041
ACTCTTGTATAGTAAC-1,0.001859,0.998104,0.000019,0.000019
ACTGAAACGCCGTTAG-1,0.088873,0.76175,0.099497,0.04988
ACTGAATGGCGAAAGT-1,0.081625,0.842596,0.037227,0.038552
ACTGATTTAGTGATTC-1,0.095443,0.883982,0.020528,0.000047
ACTGCCCGCCATTCTC-1,0.380678,0.046672,0.146561,0.426088
ACTGCCGTCGTAACTC-1,0.04083,0.959124,0.000023,0.000023
ACTGCGGACACACCGT-1,0.080486,0.91504,0.000122,0.004352
ACTGCTCGGAAGGATG-1,0.349154,0.606984,0.04117,0.002692
ACTGGCGAACCTGCGT-1,0.009188,0.896037,0.066803,0.027973
ACTGGGATGCCAGTGC-1,0.245626,0.608336,0.078766,0.067272
ACTGTACGATACACAT-1,0.000034,0.999931,0.000017,0.000017
ACTGTAGCACTTTGGA-1,0.005256,0.956804,0.000016,0.037925
ACTGTATACGCGAGCA-1,0.026483,0.544758,0.428725,0.000034
ACTGTCCAGGATTATA-1,0.000059,0.960401,0.000029,0.039511
ACTGTCTTCTTTAGAA-1,0.123614,0.841768,0.000018,0.0346
ACTGTGCTAGTAGATC-1,0.000075,0.988133,0.011755,0.000037
ACTGTTTAGTGTAGGC-1,0.000089,0.987605,0.012262,0.000044
ACTTACCGGGCGCGCA-1,0.000149,0.171264,0.828512,0.000075
ACTTACGCATCCACGC-1,0.247602,0.645852,0.023807,0.082738
ACTTAGTACGACAAGA-1,0.000072,0.94126,0.058632,0.000036
ACTTATACTTACCCGG-1,0.06814,0.872109,0.059694,0.000056
ACTTATCTGATCTATA-1,0.000054,0.987847,0.012072,0.000027
ACTTATTAGGATCGGT-1,0.029152,0.966217,0.000026,0.004605
ACTTATTTATGTGCCA-1,0.078424,0.796277,0.095707,0.029592
ACTTCAGGCTGATCCC-1,0.158637,0.788261,0.030144,0.022958
ACTTCCAGTGGAAGCT-1,0.175248,0.278236,0.329839,0.216677
ACTTCCATGCGGGACA-1,0.232155,0.615495,0.125411,0.026939
ACTTCCTGTCGTGCGA-1,0.078888,0.921086,0.000013,0.000013
ACTTCGCCATACGCAC-1,0.022001,0.968652,0.000026,0.009321
ACTTCGCTAGCGAGTG-1,0.170064,0.822416,0.007145,0.000376
ACTTGACTCCCTCTTT-1,0.010224,0.967714,0.022036,0.000027
ACTTGCCATATTGTAC-1,0.000086,0.979665,0.020207,0.000043
ACTTGCTCTATCTACC-1,0.050617,0.001293,0.088316,0.859774
ACTTGGGACCCGGTGG-1,0.034821,0.943958,0.000013,0.021209
ACTTGGGCTTTCGCCA-1,0.10887,0.819878,0.067186,0.004066
ACTTGTAGTCCCTTCA-1,0.046702,0.908664,0.044601,0.000032
ACTTGTGGATGGAACG-1,0.554581,0.275927,0.169444,0.000049
ACTTGTTACCGGATCA-1,0.151277,0.70709,0.03887,0.102763
ACTTTACCCTCATGAA-1,0.0296,0.905039,0.065299,0.000062
ACTTTATACACCACTT-1,0.334218,0.062602,0.000009,0.60317
ACTTTCCTATAGCTTC-1,0.000035,0.999931,0.000017,0.000017
ACTTTGACTGCATCCT-1,0.139172,0.860786,0.000021,0.000021
ACTTTGGTCGTGCTCC-1,0.36325,0.003424,0.161572,0.471754
ACTTTGTCGACGCACT-1,0.375255,0.593785,0.002117,0.028843
AGAAATTATGACTCGC-1,0.185838,0.785719,0.000012,0.02843
AGAACACGGCGATGGT-1,0.40433,0.000065,0.094346,0.50126
AGAACCCAGCGTGACA-1,0.072209,0.910847,0.011845,0.005099
AGAACCCTCAATTGGG-1,0.272075,0.23899,0.111343,0.377593
AGAACGTGGTACATTC-1,0.00012,0.999761,0.00006,0.00006
AGAACTGTACTTTGTA-1,0.000099,0.371042,0.62881,0.000049
AGAAGAGCGCCGTTCC-1,0.000627,0.846246,0.152814,0.000313
AGAAGGTACACTTCAC-1,0.343583,0.504679,0.144751,0.006987
AGAAGGTTGCCGAATT-1,0.314029,0.68335,0.000007,0.002613
AGAAGGTTGTAGGTCG-1,0.133173,0.736332,0.063656,0.06684
AGAAGTGATTCGTGAT-1,0.267724,0.47633,0.212059,0.043887
AGAATAAATCTTCAGG-1,0.21321,0.786746,0.000022,0.000022
AGAATACAGGCTATCC-1,0.13905,0.676031,0.184887,0.000032
AGAATGCGGGTTCGGA-1,0.000105,0.976963,0.02288,0.000053
AGAATTATGGATTCGA-1,0.061915,0.924271,0.013737,0.000077
AGAATTGTTTGACATA-1,0.005472,0.994501,0.000014,0.000014
AGACAGCTCAGAATCC-1,0.175457,0.822936,0.001584,0.000023
AGACAGGCATCTCAGC-1,0.091435,0.7362,0.133009,0.039355
AGACATAGATCCTTCC-1,0.014406,0.985563,0.000016,0.000016
AGACCAAACCACACCT-1,0.361018,0.349775,0.281863,0.007344
AGACCATGGGATACAA-1,0.000062,0.931176,0.068731,0.000031
AGACCCACCGCTGATC-1,0.143101,0.829531,0.000013,0.027356
AGACCCGCCCTCCTCG-1,0.011898,0.988062,0.00002,0.00002
AGACCGCTCCGCGGTT-1,0.479145,0.520693,0.000081,0.000081
AGACCGGGAAACCCTG-1,0.081544,0.731065,0.074055,0.113336
AGACGAAGTGCCGGTC-1,0.131689,0.798614,0.032965,0.036731
AGACGACGATGCCGCT-1,0.526041,0.249257,0.00001,0.224692
AGACGCCCACTTCGCC-1,0.099468,0.900518,0.000007,0.000007
AGACGGGATTGGTATA-1,0.102239,0.845383,0.052353,0.000025
AGACGGGCCGATTTAA-1,0.219861,0.724004,0.056092,0.000043
AGACTAGCCTTCCAGA-1,0.00612,0.945659,0.018433,0.029787
AGACTGTTACCGGGTC-1,0.633396,0.285724,0.042722,0.038158
AGAGAAACACCAGAAA-1,0.00766,0.396554,0.16001,0.435776
AGAGAACCGTCTAGGA-1,0.04261,0.902892,0.054467,0.000031
AGAGAAGGAGTACAAT-1,0.369511,0.287486,0.001554,0.341448
AGAGATCTCTAAAGCG-1,0.03148,0.96849,0.000015,0.000015
AGAGCAGTTATGAGAC-1,0.104133,0.888064,0.007774,0.000029
AGAGCCGCCGAGATTT-1,0.008379,0.952707,0.000031,0.038883
AGAGCGCTTGTAACGG-1,0.014235,0.985737,0.000014,0.000014
AGAGCGGGCTAATCAT-1,0.000056,0.815978,0.002479,0.181488
AGAGCGTACAAGCTCG-1,0.002879,0.95042,0.041386,0.005315
AGAGCTACGAAAGCAT-1,0.000075,0.940303,0.059585,0.000037
AGAGGCTTCGGAAACC-1,0.069747,0.809894,0.089302,0.031058
AGAGGGACAATTGTCC-1,0.08497,0.901393,0.000024,0.013613
AGAGGTATCTCGGTCC-1,0.119226,0.740141,0.14061,0.000024
AGAGTAAACTTCACTA-1,0.032134,0.892592,0.075214,0.000061
AGAGTATAGTGTTACG-1,0.124465,0.820001,0.00006,0.055474
AGAGTCTTAATGAAAG-1,0.389162,0.610811,0.000013,0.000013
AGAGTGAACAGACACC-1,0.002736,0.994437,0.002811,0.000017
AGAGTTAGAGACCGAT-1,0.000258,0.619269,0.380344,0.000129
AGAGTTGCAGGCCTCC-1,0.000663,0.953607,0.016229,0.029502
AGATAACTTCAGGGCC-1,0.022025,0.961901,0.00002,0.016054
AGATAATCACACCTAT-1,0.074261,0.146742,0.004038,0.774959
AGATACCAATAGAACC-1,0.040903,0.893116,0.065943,0.000039
AGATACCAGCACTTCA-1,0.003889,0.995976,0.000067,0.000067
AGATACCGGTGTTCAC-1,0.13953,0.699379,0.161075,0.000017
AGATACGACTTCATAT-1,0.003109,0.996863,0.000014,0.000014
AGATACTCAAGATCGA-1,0.060036,0.895926,0.000037,0.044001
AGATATAATACGACTA-1,0.152681,0.731393,0.039165,0.076762
AGATCGTGCATAAGAT-1,0.000069,0.899728,0.100168,0.000035
AGATCTCAGGTGTGAT-1,0.00007,0.999859,0.000035,0.000035
AGATCTGGAGAGGATA-1,0.336153,0.000416,0.083138,0.580293
AGATGACTCGCCCACG-1,0.045872,0.944196,0.00991,0.000022
AGATGAGGGTTGCGAT-1,0.000125,0.246849,0.752963,0.000063
AGATGATGGAGTCTGG-1,0.000143,0.999715,0.000071,0.000071
AGATGCAAGACGTGCA-1,0.668726,0.039517,0.000008,0.291749
AGATGCATCCTGTGTC-1,0.217915,0.774686,0.007384,0.000015
AGATGCTATAACGAGC-1,0.000027,0.879977,0.119983,0.000013
AGATTATAGGACGTTT-1,0.000076,0.999848,0.000038,0.000038
AGATTCAAGCGGGTCG-1,0.091224,0.890122,0.018616,0.000038
AGATTCACAACCGATA-1,0.305243,0.634791,0.012144,0.047822
AGCAAAGGCCGCTAGT-1,0.266481,0.698466,0.009745,0.025308
AGCAACATATCTTATT-1,0.012304,0.912512,0.046238,0.028946
AGCAACCGAAAGTAAT-1,0.001178,0.271505,0.083727,0.64359
AGCACACGTTTAGACT-1,0.479295,0.00399,0.013629,0.503086
AGCACCAGTACTCACG-1,0.054104,0.881918,0.000019,0.063958
AGCACTACCGGCCTGT-1,0.258259,0.731852,0.009872,0.000016
AGCACTACCTCACCAG-1,0.139596,0.757344,0.072131,0.03093
AGCACTTAAGGACGCC-1,0.020235,0.795799,0.065362,0.118604
AGCAGAAGGAGAAAGA-1,0.200802,0.664351,0.083206,0.051641
AGCAGCCAGATGAATA-1,0.196838,0.803147,0.000007,0.000007
AGCAGTCGAAGCATGC-1,0.085286,0.799423,0.059524,0.055767
AGCATATCAATATGCT-1,0.062086,0.878315,0.029437,0.030162
AGCATCATTTCGAAAG-1,0.450189,0.534391,0.006324,0.009097
AGCATCGTCGATAATT-1,0.050764,0.887163,0.041457,0.020615
AGCATTACGAGGCAAG-1,0.392798,0.607152,0.000025,0.000025
AGCCAAGCTTTGTGTC-1,0.188979,0.666382,0.04577,0.098869
AGCCACAGGTTACCCG-1,0.139352,0.760929,0.09966,0.000059
AGCCACTCCCGTGCTT-1,0.049679,0.950287,0.000017,0.000017
AGCCATATAGTATGTG-1,0.161995,0.649846,0.058319,0.12984
AGCCCATACATGTAAG-1,0.24352,0.756448,0.000016,0.000016
AGCCCGCAACAAGCAG-1,0.226444,0.63517,0.047241,0.091145
AGCCCGCACTACAATG-1,0.210638,0.708199,0.08115,0.000013
AGCCCGGCATTAGAGG-1,0.342864,0.023741,0.058217,0.575178
AGCCCGGTAGCCTGTA-1,0.371984,0.583785,0.026333,0.017898
AGCCCTAAGCGAAGTT-1,0.000062,0.999877,0.000031,0.000031
AGCCCTCCCTGGTGGC-1,0.288535,0.060939,0.000112,0.650414
AGCCCTGTCGCACCGT-1,0.032768,0.967215,0.000009,0.000009
AGCCCTTCTAATCCGA-1,0.00011,0.83694,0.131884,0.031066
AGCCCTTGGACATCCC-1,0.167227,0.832759,0.000007,0.000007
AGCCGCAAATTCAAAT-1,0.271391,0.728582,0.000014,0.000014
AGCCGCTTGATTAGCG-1,0.08011,0.657707,0.236608,0.025574
AGCCGTGGCTAAATGT-1,0.146025,0.831996,0.009568,0.012411
AGCCTAATACCCACGT-1,0.187283,0.7895,0.02319,0.000027
AGCCTTAAAGCGGAAG-1,0.050218,0.704703,0.245054,0.000024
AGCCTTGTCACTGATA-1,0.064391,0.043216,0.060018,0.832376
AGCGACAGGAACGGTC-1,0.466316,0.443077,0.00488,0.085727
AGCGACATCCCATTCA-1,0.00003,0.999941,0.000015,0.000015
AGCGACCAACGATATT-1,0.108984,0.880347,0.004213,0.006456
AGCGACTTTGAAGACA-1,0.23512,0.627111,0.000258,0.137512
AGCGAGACGTGAAGGC-1,0.000026,0.075312,0.038003,0.88666
AGCGATGCGCCTAATA-1,0.184298,0.815638,0.000032,0.000032
AGCGCATAATGAATCG-1,0.364552,0.613792,0.000016,0.02164
AGCGCGGGTGCCAATG-1,0.012405,0.771653,0.21591,0.000033
