Barcode,Topic 1to2,Topic 3to5,Topic 6to10,Topic 11,Topic 12
AAACAACGAATAGTTC-1,0.000034,0.265535,0.712707,0.021707,0.000017
AAACAAGTATCTCCCA-1,0.025928,0.29145,0.593426,0.037871,0.051325
AAACAATCTACTAGCA-1,0.000033,0.07526,0.920156,0.000016,0.004535
AAACACCAATAACTGC-1,0.000021,0.05784,0.003274,0.036267,0.902598
AAACAGAGCGACTCCT-1,0.014361,0.195968,0.217242,0.572349,0.00008
AAACAGCTTTCAGAAG-1,0.083168,0.248601,0.643337,0.024865,0.00003
AAACAGGGTCTATATT-1,0.141681,0.383612,0.442471,0.03222,0.000017
AAACAGTGTTCCTGGG-1,0.332775,0.384617,0.063182,0.007475,0.21195
AAACATGGTGAGAGGA-1,0.000031,0.021041,0.000077,0.094471,0.88438
AAACATTTCCCGGATT-1,0.04291,0.151512,0.622993,0.174588,0.007997
AAACCACTACACAGAT-1,0.038345,0.292222,0.663863,0.005552,0.000018
AAACCCGAACGAAATC-1,0.041425,0.47376,0.383022,0.093533,0.008261
AAACCGGAAATGTTAA-1,0.131085,0.196265,0.62195,0.032,0.018699
AAACCGGGTAGGTACC-1,0.051542,0.451007,0.486793,0.005261,0.005398
AAACCGTTCGTCCAGG-1,0.575188,0.088923,0.259781,0.032052,0.044056
AAACCTAAGCAGCCGG-1,0.219253,0.152122,0.521874,0.000297,0.106454
AAACCTCATGAAGTTG-1,0.139765,0.032932,0.820157,0.007127,0.000018
AAACGAAGAACATACC-1,0.000067,0.736169,0.19439,0.069341,0.000033
AAACGAAGATGGAGTA-1,0.29947,0.17044,0.121588,0.103243,0.305259
AAACGACAGTCTTGCC-1,0.08897,0.136741,0.77426,0.000015,0.000015
AAACGAGACGGTTGAT-1,0.009245,0.151777,0.71094,0.128003,0.000035
AAACGCCCGAGATCGG-1,0.154991,0.43463,0.351799,0.058548,0.000031
AAACGCTGGGCACGAC-1,0.104481,0.189301,0.690642,0.001045,0.01453
AAACGGGCGTACGGGT-1,0.12909,0.097917,0.623654,0.118637,0.030702
AAACGGGTTGGTATCC-1,0.001841,0.242086,0.756023,0.000025,0.000025
AAACGGTTGCGAACTG-1,0.140261,0.21851,0.473103,0.032912,0.135215
AAACGTGTTCGCCCTA-1,0.012149,0.390432,0.536875,0.06048,0.000064
AAACTAACGTGGCGAC-1,0.000078,0.778838,0.192317,0.000039,0.028728
AAACTCGGTTCGCAAT-1,0.207681,0.179291,0.474527,0.072015,0.066486
AAACTCGTGATATAAG-1,0.044424,0.221545,0.733899,0.000066,0.000066
AAACTGCTGGCTCCAA-1,0.125454,0.450613,0.294892,0.011478,0.117565
AAACTTAATTGCACGC-1,0.165935,0.003276,0.062377,0.000672,0.767739
AAACTTGCAAACGTAT-1,0.123029,0.252071,0.571857,0.012535,0.040508
AAAGAATGACCTTAGA-1,0.000019,0.044795,0.009733,0.155394,0.790059
AAAGAATGTGGACTAA-1,0.185881,0.177952,0.612814,0.023339,0.000014
AAAGACATGAAGTTTA-1,0.209259,0.156491,0.458392,0.175829,0.000028
AAAGACCCAAGTCGCG-1,0.017203,0.519345,0.450206,0.000014,0.013231
AAAGACTGGGCGCTTT-1,0.087793,0.165849,0.565008,0.181307,0.000043
AAAGCTTGCCTACATA-1,0.082809,0.230568,0.65806,0.010901,0.017662
AAAGGCCCTATAATAC-1,0.000031,0.088727,0.000077,0.141164,0.770002
AAAGGCTACGGACCAT-1,0.07099,0.78087,0.101212,0.000209,0.046719
AAAGGCTCTCGCGCCG-1,0.181163,0.683352,0.121381,0.008961,0.005142
AAAGGGATGTAGCAAG-1,0.015966,0.270463,0.713542,0.000015,0.000015
AAAGGGCAGCTTGAAT-1,0.169563,0.106693,0.71945,0.004278,0.000017
AAAGGTAAGCTGTACC-1,0.001606,0.260011,0.710866,0.027487,0.000029
AAAGGTCAACGACATG-1,0.030564,0.437449,0.000168,0.531785,0.000034
AAAGTAGCATTGCTCA-1,0.082819,0.272065,0.264003,0.032694,0.348419
AAAGTCACTGATGTAA-1,0.000039,0.301942,0.597423,0.02638,0.074217
AAAGTCGACCCTCAGT-1,0.215695,0.03504,0.749224,0.000021,0.000021
AAAGTGCCATCAATTA-1,0.260309,0.005324,0.734358,0.000004,0.000004
AAAGTGTGATTTATCT-1,0.128482,0.28413,0.587267,0.000061,0.000061
AAAGTTGACTCCCGTA-1,0.122664,0.120788,0.741959,0.000057,0.014531
AAATAACCATACGGGA-1,0.000193,0.6258,0.035685,0.338226,0.000096
AAATAAGGTAGTGCCC-1,0.045002,0.382816,0.520893,0.000303,0.050985
AAATACCTATAAGCAT-1,0.027439,0.897449,0.036352,0.000041,0.038718
AAATAGCTTAGACTTT-1,0.034391,0.284418,0.606364,0.066986,0.007841
AAATAGGGTGCTATTG-1,0.167804,0.198694,0.598313,0.009277,0.025911
AAATCACTCCTAAACG-1,0.054107,0.14644,0.797842,0.001598,0.000013
AAATCCGATACACGCC-1,0.17892,0.145857,0.561618,0.09928,0.014326
AAATCGCGGAAGGAGT-1,0.027935,0.486389,0.000121,0.229965,0.255591
AAATCGTGTACCACAA-1,0.000053,0.723736,0.187474,0.000026,0.088711
AAATCTAGCCCTGCTA-1,0.056923,0.295984,0.6195,0.000259,0.027334
AAATCTGCCCGCGTCC-1,0.121094,0.037801,0.053632,0.103237,0.684236
AAATGACTGATCAAAC-1,0.120276,0.06331,0.728484,0.048032,0.039898
AAATGATTCGATCAGC-1,0.000093,0.254007,0.723715,0.022139,0.000046
AAATGCTCGTTACGTT-1,0.00005,0.287101,0.690256,0.022569,0.000025
AAATGGCATGTCTTGT-1,0.000059,0.301729,0.698153,0.00003,0.00003
AAATGGCCCGTGCCCT-1,0.132746,0.369874,0.49734,0.00002,0.00002
AAATGGTCAATGTGCC-1,0.000121,0.572378,0.411581,0.000024,0.015895
AAATGTATCTTATCCC-1,0.000042,0.011732,0.295576,0.692628,0.000021
AAATGTGGGTGCTCCT-1,0.000032,0.098152,0.901783,0.000016,0.000016
AAATTAACGGGTAGCT-1,0.003449,0.25793,0.713352,0.005786,0.019483
AAATTAATAAGCGCGA-1,0.000078,0.392445,0.115743,0.491695,0.000039
AAATTACACGACTCTG-1,0.000165,0.589725,0.102494,0.307534,0.000082
AAATTACCTATCGATG-1,0.027392,0.173702,0.643602,0.155263,0.000042
AAATTCCAGGTCCAAA-1,0.001216,0.309231,0.63084,0.042985,0.015727
AAATTGATAGTCCTTT-1,0.196352,0.340478,0.041067,0.136549,0.285555
AAATTGCGGCGGTTCT-1,0.02064,0.019619,0.9441,0.00053,0.015111
AAATTGGTGAGAAGCA-1,0.0299,0.088063,0.859395,0.022578,0.000064
AAATTTACCGAAATCC-1,0.000159,0.55887,0.117859,0.323033,0.00008
AAATTTGCGGGTGTGG-1,0.2395,0.413143,0.34568,0.000014,0.001663
AACAACTGGTAGTTGC-1,0.019003,0.193023,0.787947,0.000014,0.000014
AACAATACATTGTCGA-1,0.607449,0.034968,0.198436,0.022565,0.136582
AACAATTACTCTACGC-1,0.029957,0.193746,0.74354,0.032727,0.000031
AACACACGCTCGCCGC-1,0.176186,0.348294,0.474319,0.001144,0.000057
AACACGACTGTACTGA-1,0.000033,0.175207,0.824728,0.000016,0.000016
AACACGAGACGCGGCC-1,0.145663,0.450242,0.35658,0.000013,0.047502
AACACGCGGCCGCGAA-1,0.024815,0.259859,0.715293,0.000016,0.000016
AACAGCTGTGTGGCAA-1,0.433928,0.029093,0.075739,0.098233,0.363007
AACAGGAAATCGAATA-1,0.000032,0.079793,0.916854,0.003305,0.000016
AACAGGATGGGCCGCG-1,0.000057,0.363932,0.608657,0.000028,0.027326
AACAGGTAGTATGGAT-1,0.007422,0.199437,0.7931,0.000021,0.000021
AACATAGCGTGTATCG-1,0.085423,0.099487,0.719763,0.065089,0.030238
AACATATCAACTGGTG-1,0.000137,0.431429,0.509616,0.045781,0.013036
AACATCGATACGTCTA-1,0.000097,0.075783,0.8668,0.057272,0.000048
AACATTGAAGTTGATC-1,0.000042,0.156029,0.000106,0.125817,0.718006
AACATTGGTCAGCCGT-1,0.003292,0.028004,0.85282,0.115865,0.00002
AACATTGTGACTCGAG-1,0.295557,0.060189,0.607545,0.000006,0.036702
AACCAAGACTTCTCTG-1,0.028097,0.000846,0.971034,0.000012,0.000012
AACCAGTATCACTCTT-1,0.159749,0.088196,0.189085,0.562915,0.000055
AACCATAGGGTTGAAC-1,0.002718,0.019331,0.001687,0.036514,0.93975
AACCATGGGATCGCTA-1,0.000065,0.633388,0.363456,0.003058,0.000033
AACCCAGAGACGGAGA-1,0.032152,0.353837,0.596144,0.014836,0.00303
AACCCATCCCATGATC-1,0.073247,0.462257,0.042923,0.101611,0.319962
AACCCGACAACCCGTG-1,0.707905,0.008733,0.283064,0.000294,0.000004
AACCCGAGCAGAATCG-1,0.12853,0.160708,0.658696,0.052045,0.000022
AACCCGATAGGGCTTC-1,0.013465,0.192262,0.733792,0.058541,0.00194
AACCCGCTGTATTCCA-1,0.1848,0.05995,0.666948,0.042118,0.046185
AACCCTACTGTCAATA-1,0.086476,0.258922,0.637426,0.017116,0.00006
AACCCTGGTGGAACCA-1,0.000057,0.537635,0.325673,0.136606,0.000029
AACCGAGCTTGGTCAT-1,0.00006,0.443426,0.540111,0.016373,0.00003
AACCGCTAAGGGATGC-1,0.088571,0.25385,0.603294,0.000086,0.054199
AACCGTTGTGTTTGCT-1,0.000033,0.049374,0.950559,0.000017,0.000017
AACCTAAAGCCGTCCG-1,0.017022,0.481576,0.265896,0.235473,0.000033
AACCTCGCTTTAGCCC-1,0.320635,0.117834,0.452891,0.108594,0.000045
AACCTGTCACGGAATT-1,0.099523,0.623315,0.275155,0.000025,0.001981
AACCTTTAAATACGGT-1,0.200192,0.232592,0.517628,0.013663,0.035926
AACCTTTACGACGTCT-1,0.000207,0.433672,0.051878,0.51414,0.000104
AACGAAAGTCGTCCCA-1,0.263687,0.161738,0.017893,0.002822,0.553859
AACGACCTCCTAGCCG-1,0.067602,0.136367,0.771135,0.014017,0.010879
AACGATAATGCCGTAG-1,0.106091,0.297151,0.551251,0.017225,0.028281
AACGATAGAAGGGCCG-1,0.009621,0.400672,0.589676,0.000016,0.000016
AACGATATGTCAACTG-1,0.003418,0.316788,0.601068,0.027507,0.05122
AACGCATGATCTGGGT-1,0.007413,0.25765,0.734866,0.000036,0.000036
AACGCGAACGGCAACA-1,0.070211,0.000038,0.929725,0.000013,0.000013
AACGCGACCTTGGGCG-1,0.203487,0.244163,0.405787,0.075506,0.071058
AACGCGGTCTCCAGCC-1,0.015405,0.035718,0.948847,0.000015,0.000015
AACGCTGTTGCTGAAA-1,0.118611,0.225192,0.62015,0.000057,0.03599
AACGGACGTACGTATA-1,0.183938,0.365343,0.384436,0.049037,0.017246
AACGGCCATCTCCGGT-1,0.33472,0.08693,0.406474,0.000009,0.171867
AACGTACTGTGGGTAC-1,0.03133,0.700917,0.201141,0.066591,0.000021
AACGTAGTCTACCCAT-1,0.00707,0.105898,0.886999,0.000016,0.000016
AACGTCAGACTAGTGG-1,0.078906,0.273524,0.585663,0.000015,0.061892
AACGTCATCCGGCTTG-1,0.057597,0.11737,0.744617,0.029534,0.050882
AACGTCGCTGCACTTC-1,0.515411,0.002036,0.459549,0.022995,0.000009
AACGTGATGAAGGACA-1,0.087359,0.005181,0.907421,0.000019,0.000019
AACGTGCGAAAGTCTC-1,0.000063,0.646469,0.274619,0.078817,0.000032
AACGTTATCAGCACCT-1,0.03111,0.221704,0.676231,0.032487,0.038467
AACGTTCTACCATTGT-1,0.278836,0.00915,0.712001,0.000007,0.000007
AACTACCCGTTTGTCA-1,0.024135,0.102851,0.872984,0.000015,0.000015
AACTAGCGTATCGCAC-1,0.000039,0.12801,0.871912,0.000019,0.000019
AACTAGGCTTGGGTGT-1,0.342712,0.139545,0.497651,0.000018,0.020073
AACTCAAGTTAATTGC-1,0.056953,0.400102,0.500244,0.000017,0.042683
AACTCCAGAGCGTGTT-1,0.097988,0.09216,0.726486,0.003755,0.079612
AACTCCTAATCCCATG-1,0.000175,0.239109,0.256609,0.50402,0.000088
AACTCGATAAACACGT-1,0.007938,0.244037,0.74798,0.000023,0.000023
AACTCGATGGCGCAGT-1,0.000059,0.364727,0.623941,0.011244,0.00003
AACTCTCAATAGAGCG-1,0.000141,0.25811,0.689446,0.052232,0.000071
AACTCTCAGTGTGCTC-1,0.152592,0.320806,0.065406,0.099431,0.361764
AACTGAGGTCAGCGTC-1,0.000059,0.198141,0.750571,0.0512,0.000029
AACTGAGTTATACTGA-1,0.055073,0.492008,0.306004,0.107626,0.039288
AACTGATATTAGGCCT-1,0.000029,0.063114,0.936829,0.000014,0.000014
AACTGGGTCCCGACGT-1,0.000081,0.160116,0.307815,0.531947,0.00004
AACTGGGTTCGAGCCG-1,0.000152,0.520235,0.000381,0.479155,0.000076
AACTGGTGTGGGCCTT-1,0.000058,0.701029,0.183683,0.020651,0.094578
AACTTCTGCGTCTATC-1,0.000095,0.546083,0.453727,0.000048,0.000048
AACTTGCCCGTATGCA-1,0.000046,0.031461,0.812694,0.155775,0.000023
AACTTGCGTTCTCGCG-1,0.006592,0.096456,0.850692,0.000021,0.04624
AACTTTACGGGAGCTT-1,0.002096,0.160857,0.070927,0.647474,0.118647
AACTTTAGCTGCTGAG-1,0.000042,0.196417,0.803499,0.000021,0.000021
AACTTTCTCGATCATG-1,0.000078,0.19178,0.757573,0.000039,0.05053
AAGAAAGTTTGATGGG-1,0.118352,0.047926,0.116428,0.00255,0.714743
AAGAAATCACCAGATT-1,0.056686,0.113901,0.768704,0.048835,0.011874
AAGAAGGATCAGTTAG-1,0.058267,0.053391,0.820269,0.00224,0.065833
AAGACATACGTGGTTT-1,0.10115,0.496034,0.401094,0.001692,0.00003
AAGACCAAATAACTCA-1,0.252023,0.087337,0.064301,0.184765,0.411574
AAGACCCAACTGAACA-1,0.222731,0.591013,0.112679,0.001904,0.071672
AAGACTAACCCGTTGT-1,0.00008,0.62711,0.363259,0.009511,0.00004
AAGACTCACGCCCACT-1,0.195164,0.235905,0.295511,0.267335,0.006086
AAGACTGCAAGCTACT-1,0.000059,0.575906,0.422972,0.00003,0.001033
AAGAGATGAATCGGTA-1,0.014426,0.095255,0.830798,0.042298,0.017223
AAGAGCTCTTTATCGG-1,0.02271,0.223361,0.532204,0.134393,0.087332
AAGAGGATGTACGCGA-1,0.028195,0.468829,0.502922,0.000027,0.000027
AAGAGGCATGGATCGC-1,0.013279,0.00903,0.922832,0.054841,0.000018
AAGAGGCCCTTTGGAA-1,0.1576,0.283446,0.558902,0.000026,0.000026
AAGATGGCACCGGACC-1,0.154457,0.428141,0.040565,0.205776,0.171061
AAGATTGGCGGAACGT-1,0.036803,0.516487,0.406883,0.039774,0.000052
AAGCACCCTGCGTATC-1,0.113011,0.246053,0.538265,0.052789,0.049881
AAGCATACTCTCCTGA-1,0.360287,0.446021,0.193036,0.000619,0.000037
AAGCCACTTGCAGGTA-1,0.017999,0.236377,0.010253,0.08204,0.653331
AAGCCGAAGCGGTTTA-1,0.034789,0.11961,0.762963,0.043037,0.0396
AAGCCGCCGTGAAATC-1,0.003213,0.135292,0.000096,0.369836,0.491563
AAGCCGCTTTACCTTG-1,0.002477,0.178913,0.717316,0.046496,0.054799
AAGCCGGAGAGCAGGA-1,0.089859,0.221213,0.654625,0.018877,0.015426
AAGCGCAGGGCTTTGA-1,0.145126,0.195113,0.533049,0.080842,0.045869
AAGCGGAGTGCGCGCA-1,0.003309,0.225202,0.767314,0.001455,0.002721
AAGCGGCGTCATGGGT-1,0.000326,0.656829,0.000814,0.341869,0.000163
AAGCGTCCCTCATCGA-1,0.068169,0.273208,0.171049,0.187999,0.299574
AAGCTAGATCGAGTAA-1,0.023197,0.142779,0.834,0.000012,0.000012
AAGCTATGGATTGACC-1,0.516274,0.000044,0.045332,0.000015,0.438334
AAGCTCGTGCCAAGTC-1,0.00005,0.223825,0.763495,0.000025,0.012605
AAGCTCTTTCATGGTG-1,0.139887,0.3052,0.504646,0.005244,0.045023
AAGGAGAACTTATAAG-1,0.000045,0.34746,0.648544,0.003929,0.000022
AAGGAGCGGTTGGTGC-1,0.006866,0.133473,0.814621,0.000012,0.045027
AAGGATCGATCGCTTG-1,0.00529,0.245839,0.684504,0.053228,0.011139
AAGGATGAGGGACCTC-1,0.058431,0.058386,0.870098,0.013065,0.00002
AAGGCAGGCTGTCTCC-1,0.060247,0.490871,0.419754,0.017321,0.011807
AAGGCGCGTAAAGCTT-1,0.000049,0.160194,0.839741,0.000008,0.000008
AAGGCTGTGCTCATCG-1,0.000969,0.11838,0.869057,0.004695,0.006899
AAGGGAACGACTGGCT-1,0.457946,0.03956,0.069693,0.008522,0.424279
AAGGGACAGATTCTGT-1,0.000106,0.076135,0.789448,0.134258,0.000053
AAGGGACTATGCATTC-1,0.693219,0.008414,0.000054,0.02522,0.273094
AAGGGTTAGCCATGCG-1,0.057865,0.245343,0.535257,0.082794,0.07874
AAGGGTTTGATTTCAG-1,0.058939,0.225567,0.039015,0.086374,0.590105
AAGGTATCCTAATATA-1,0.05127,0.254242,0.694425,0.000032,0.000032
AAGGTGATAAACCAGC-1,0.075384,0.162299,0.70563,0.047556,0.009131
AAGTAAGCTTCCAAAC-1,0.000046,0.497987,0.340375,0.046168,0.115424
AAGTAGAAGACCGGGT-1,0.007464,0.17276,0.747468,0.012459,0.059849
AAGTAGTGACGCGAGG-1,0.048059,0.863849,0.01715,0.000053,0.070889
AAGTCAATTGTCGTCA-1,0.025231,0.322219,0.58895,0.003747,0.059854
AAGTCTAGTAGCTGCC-1,0.026042,0.04754,0.848756,0.060394,0.017269
AAGTCTTCTGTGGCCT-1,0.310042,0.165988,0.515854,0.008092,0.000024
AAGTGACGACCGAATT-1,0.067064,0.180075,0.733021,0.000015,0.019826
AAGTGAGTCGGGTTTA-1,0.45878,0.282081,0.194375,0.064754,0.00001
AAGTGCAAAGGTAGAC-1,0.000092,0.065072,0.081174,0.853617,0.000046
AAGTGCCTTGACTGTA-1,0.017326,0.257366,0.715905,0.009328,0.000074
AAGTGCGTTAGAATCT-1,0.000052,0.528421,0.141919,0.329582,0.000026
AAGTGCTTCTCTATTG-1,0.177184,0.32042,0.045495,0.023496,0.433406
AAGTGTTTGGAGACGG-1,0.088987,0.300741,0.517178,0.079939,0.013154
AAGTTCACTCCAAGCT-1,0.191888,0.286029,0.477588,0.022561,0.021935
AAGTTCAGTCTGCGTA-1,0.01576,0.160501,0.721597,0.10208,0.000063
AAGTTCGGCCAACAGG-1,0.075988,0.264032,0.426252,0.097142,0.136586
AAGTTGTGATGTTATA-1,0.239763,0.429417,0.297021,0.033751,0.000048
AAGTTTACTAATGGCA-1,0.00011,0.797672,0.165274,0.036889,0.000055
AAGTTTATGGGCCCAA-1,0.199011,0.094108,0.517643,0.068819,0.120419
AATAACAACGCTCGGC-1,0.022776,0.162732,0.776107,0.000445,0.03794
AATAACACTAGAACAA-1,0.238152,0.287373,0.156026,0.000014,0.318436
AATAACGTCGCGCCCA-1,0.19809,0.185051,0.580359,0.000015,0.036484
AATAAGTCCTCGAGAC-1,0.043876,0.134535,0.821507,0.000019,0.000063
AATAATCTTCGTATCG-1,0.021216,0.288784,0.630287,0.036504,0.023209
AATACAATGTTTCAGG-1,0.000102,0.267463,0.333953,0.398431,0.000051
AATACCGGAGGGCTGT-1,0.602195,0.025763,0.089085,0.050969,0.231988
AATACCTGATGTGAAC-1,0.141184,0.045835,0.668302,0.132398,0.012281
AATAGAACAGAGTGGC-1,0.204012,0.492356,0.266616,0.00052,0.036495
AATAGAATCTGTTTCA-1,0.139521,0.229831,0.550588,0.058496,0.021563
AATAGCAAGCCTCCTG-1,0.012428,0.621719,0.365765,0.000044,0.000044
AATAGCTACCGCGTGC-1,0.000075,0.275627,0.657051,0.040868,0.026379
AATAGGCACGACCCTT-1,0.681374,0.145842,0.094585,0.000011,0.078188
AATAGTCCGTCCCGAC-1,0.055928,0.106202,0.815387,0.000008,0.022475
AATAGTCGCGAGTCGG-1,0.000084,0.089839,0.115409,0.60091,0.193758
AATATCAAGGTCGGAT-1,0.000317,0.165573,0.834079,0.000016,0.000016
AATATCCTAGCAAACT-1,0.24987,0.117981,0.62883,0.000862,0.002457
AATATCGAATCAATGC-1,0.058368,0.17957,0.643992,0.099778,0.018292
AATATCGAGGGTTCTC-1,0.000145,0.111394,0.83302,0.045199,0.010242
AATATTGGAGTATTGA-1,0.020567,0.291913,0.634704,0.052779,0.000037
AATCAGACTGCAGGAC-1,0.017878,0.262888,0.719177,0.000028,0.000028
AATCAGGTTTCATTTA-1,0.116413,0.16515,0.05952,0.197796,0.461122
AATCATGTAAAGACTC-1,0.244551,0.175661,0.524508,0.052429,0.002851
AATCCAAGGGCCTGAG-1,0.000033,0.342499,0.576131,0.021833,0.059504
AATCCATGCAAGGGTG-1,0.000038,0.054061,0.88026,0.065622,0.000019
AATCCCGCTCAGAGCC-1,0.136999,0.10547,0.627233,0.064907,0.065391
AATCGAGGTCTCAAGG-1,0.146862,0.053043,0.723248,0.075094,0.001753
AATCGCCTCAGCGCCA-1,0.000052,0.153184,0.812838,0.033899,0.000026
AATCGCGCAGAGGACT-1,0.304028,0.388912,0.276326,0.030127,0.000606
AATCGGGACACTACGA-1,0.00005,0.441244,0.558657,0.000025,0.000025
AATCGGTATAGCCCTC-1,0.17816,0.019067,0.798917,0.000011,0.003846
AATCGTGAGCCGAGCA-1,0.207083,0.126893,0.53114,0.077243,0.057641
AATCTAGGTTTACTTG-1,0.208485,0.623253,0.019753,0.148475,0.000034
AATCTATGCCGGAGCC-1,0.032396,0.239074,0.66705,0.061401,0.000079
AATCTCTACTGTGGTT-1,0.287713,0.008136,0.704109,0.000021,0.000021
AATCTGCGTTGGGACG-1,0.000117,0.42406,0.520862,0.054266,0.000695
AATCTGGCTTTCTAGT-1,0.128568,0.748004,0.043796,0.071641,0.007991
AATCTGGGTAGACCCT-1,0.119215,0.049355,0.004764,0.826612,0.000054
AATGACAGCAATGTCT-1,0.013148,0.749277,0.167528,0.002532,0.067515
AATGACGTAGGATGTC-1,0.077657,0.184557,0.671199,0.030641,0.035947
AATGACTGTCAGCCGG-1,0.027083,0.216622,0.723258,0.000012,0.033025
AATGAGTTCGCATATG-1,0.000079,0.385059,0.507231,0.107591,0.000039
AATGATGATACGCTAT-1,0.010058,0.048135,0.74152,0.20025,0.000037
AATGATGCGACTCCTG-1,0.000119,0.350308,0.624823,0.024691,0.000059
AATGCAACCGGGTACC-1,0.008684,0.658821,0.270045,0.034026,0.028423
AATGCACCAAGCAATG-1,0.000068,0.166439,0.615129,0.192093,0.026271
AATGGCCGCCAATGCG-1,0.003738,0.287412,0.675336,0.033493,0.000021
AATGGTCCACCGTTCA-1,0.267154,0.126789,0.595358,0.010663,0.000035
AATGGTTCTCACAAGC-1,0.007458,0.252911,0.696788,0.000133,0.04271
AATGTATGGCACTGTA-1,0.27984,0.016726,0.013709,0.045384,0.644341
AATGTGCCCGAGGTGT-1,0.032077,0.095385,0.0723,0.203925,0.596313
AATGTGCTAATCTGAG-1,0.187061,0.00003,0.00005,0.24922,0.563639
AATGTTAAGACCCTGA-1,0.159293,0.019007,0.772313,0.032182,0.017205
AATGTTGTCGTGAGAC-1,0.293921,0.307621,0.398388,0.000035,0.000035
AATTAAAGGTCGGCGT-1,0.18111,0.122623,0.646423,0.049831,0.000014
AATTAACGGATTTCCA-1,0.126381,0.169149,0.588875,0.066416,0.049179
AATTACGAGACCCATC-1,0.031329,0.152245,0.037518,0.165914,0.612993
AATTACTCGTACGCTC-1,0.000025,0.05134,0.894795,0.053827,0.000013
AATTAGCGCTGCAGCG-1,0.315144,0.032412,0.597087,0.032976,0.02238
AATTATACCCAGCAAG-1,0.005876,0.403441,0.086989,0.503628,0.000066
AATTCATAAGGGATCT-1,0.002517,0.142375,0.652558,0.200979,0.001571
AATTCATTGTCATGCA-1,0.000028,0.000042,0.00007,0.151315,0.848545
AATTCCAACTTGGTGA-1,0.134199,0.278134,0.587233,0.000408,0.000026
AATTCCAAGCATGTAC-1,0.128056,0.185211,0.525201,0.083809,0.077723
AATTCGATTCGAGGAT-1,0.068362,0.092243,0.648484,0.098708,0.092202
AATTCTAGAGTTAGGC-1,0.20091,0.752291,0.040584,0.003443,0.002772
AATTGAACGCTCTGGT-1,0.121641,0.117877,0.592082,0.095248,0.073152
AATTGCAGCAATCGAC-1,0.200799,0.127022,0.672123,0.000028,0.000028
AATTGCGTGGATTACA-1,0.006966,0.00019,0.07692,0.08557,0.830354
AATTGTGGTTGCCAAA-1,0.109752,0.266721,0.601748,0.000016,0.021763
AATTTGGGACATAGTA-1,0.044222,0.617088,0.001004,0.337485,0.000201
AATTTGGTTCCAAAGA-1,0.000058,0.516111,0.469365,0.014437,0.000029
ACAAACCATGCGTCCT-1,0.000041,0.150482,0.000102,0.041974,0.8074
ACAAACCGACAAGGCG-1,0.235049,0.125528,0.612855,0.026549,0.000019
ACAAACTCCATCAGAG-1,0.480757,0.138384,0.213273,0.018443,0.149144
ACAAAGAAGGTAGGCC-1,0.286274,0.138043,0.558745,0.003982,0.012956
ACAAAGCATGACCTAG-1,0.000063,0.134639,0.190816,0.67445,0.000032
ACAAATCGCACCGAAT-1,0.191744,0.148204,0.578268,0.05136,0.030424
ACAAATGGTAGTGTTT-1,0.079005,0.356445,0.535998,0.014986,0.013566
ACAAATTCAGATCTGA-1,0.09525,0.490592,0.388464,0.025632,0.000063
ACAACAGCATGAGCTA-1,0.000089,0.672317,0.271076,0.000045,0.056473
ACAACGGTCCCTGCGA-1,0.019832,0.125929,0.8216,0.005652,0.026988
ACAAGCAGTGCCTAGC-1,0.020566,0.491442,0.487912,0.00004,0.00004
ACAAGCTATATGGAAG-1,0.400575,0.094291,0.453846,0.051268,0.00002
ACAAGGAAATCCGCCC-1,0.11221,0.187994,0.632964,0.016333,0.050499
ACAAGGACAAGAGGTT-1,0.039131,0.30579,0.616053,0.000011,0.039016
ACAAGGATGCTTTAGG-1,0.082651,0.277092,0.557775,0.033307,0.049176
ACAAGGCCTACCAGCC-1,0.132201,0.210392,0.650023,0.007352,0.000031
ACAAGGGCAGGCTCTG-1,0.000061,0.412209,0.473622,0.114078,0.00003
ACAAGTAATTGTAAGG-1,0.086912,0.248175,0.066788,0.049906,0.548219
ACAATAGTCGTACGTT-1,0.24602,0.153143,0.475968,0.055874,0.068995
ACAATCCATTTAAACC-1,0.041242,0.353919,0.559023,0.001884,0.043932
ACAATCGATCTTTATA-1,0.002874,0.621458,0.375596,0.000036,0.000036
ACAATGAATACGGAGA-1,0.436553,0.180115,0.005404,0.129651,0.248277
ACAATGATTCTTCTAC-1,0.000063,0.251612,0.646039,0.102254,0.000031
ACAATTGTGTCTCTTT-1,0.09202,0.254219,0.597798,0.008474,0.04749
ACAATTTAGGAGGCTC-1,0.00009,0.000135,0.038812,0.960919,0.000045
ACAATTTGAGCAGTGG-1,0.027522,0.10307,0.832562,0.036817,0.000029
ACAATTTGGCCATATT-1,0.007556,0.33705,0.45978,0.0522,0.143415
ACACAAAGACGGGTGG-1,0.000055,0.74,0.25989,0.000027,0.000027
ACACAAATATTCCTAG-1,0.091756,0.128347,0.689334,0.012852,0.077712
ACACACCAGGACCAGT-1,0.135611,0.388263,0.416569,0.024501,0.035055
ACACACTTTCTACACG-1,0.000044,0.201159,0.798754,0.000022,0.000022
ACACATGATCAAATCT-1,0.07111,0.127071,0.073024,0.238042,0.490752
ACACATTGACGCAACA-1,0.027955,0.315127,0.579111,0.077768,0.000039
ACACATTTCCGTAGAC-1,0.115179,0.034067,0.669258,0.129585,0.051911
ACACCACATAATTAGC-1,0.013631,0.410393,0.516085,0.032234,0.027656
ACACCCAGCATGCAGC-1,0.005285,0.388261,0.578187,0.007336,0.02093
ACACCCGAGAAATCCG-1,0.02447,0.024837,0.944982,0.005703,0.000008
ACACCCGTAAATCTGT-1,0.023885,0.260391,0.698753,0.00096,0.01601
ACACCGAGCGCTCTTT-1,0.011365,0.043789,0.808648,0.128125,0.008073
ACACCGGTCTGACCGC-1,0.294708,0.018239,0.016573,0.055869,0.614611
ACACCTTAAGTAGGGC-1,0.00898,0.0585,0.932495,0.000013,0.000013
ACACCTTACTACTTGC-1,0.066754,0.285232,0.606387,0.005935,0.035693
ACACGAGACTCCTTCT-1,0.000082,0.361414,0.581515,0.000041,0.056949
ACACGGCACTATGCAT-1,0.000079,0.535689,0.325216,0.138977,0.00004
ACACGGGAACTTAGGG-1,0.000059,0.311759,0.623731,0.047885,0.016566
ACACGTAGGCCACAAG-1,0.132894,0.060864,0.806198,0.000022,0.000022
ACACTCCAATGTCACT-1,0.056934,0.294368,0.548796,0.099851,0.000051
ACACTGATCAAGGTGT-1,0.208004,0.431372,0.21166,0.144429,0.004535
ACACTGGGACAGTCGT-1,0.16474,0.159096,0.638779,0.012808,0.024576
ACAGAACTGAGAACAA-1,0.306149,0.134268,0.190762,0.039995,0.328827
ACAGATTAGGTTAGTG-1,0.077666,0.21808,0.704202,0.000026,0.000026
ACAGCATAGAGCCAGT-1,0.137219,0.088725,0.774015,0.000021,0.000021
ACAGCGACATTCTCAT-1,0.044684,0.293428,0.308032,0.353808,0.000048
ACAGCGCACCCGCAGC-1,0.046331,0.256746,0.680586,0.016308,0.000029
ACAGGAGGCGCAGCCG-1,0.1912,0.156958,0.287729,0.286781,0.077331
ACAGGCACGGATCCTT-1,0.02215,0.140049,0.216447,0.621302,0.000051
ACAGGCTTGCCCGACT-1,0.232928,0.32985,0.316399,0.075095,0.045729
ACAGGTGGAGGTGAGG-1,0.306916,0.37016,0.097404,0.099421,0.126099
ACAGGTGTGTTGTTGC-1,0.6822,0.073941,0.243835,0.000012,0.000012
ACAGTAATACAACTTG-1,0.14236,0.215116,0.642494,0.000015,0.000015
ACAGTATACCGTGGGA-1,0.000127,0.376544,0.558229,0.027027,0.038072
ACAGTGCAGCGCATTT-1,0.086561,0.484139,0.187859,0.178298,0.063143
ACATAAGTCGTGGTGA-1,0.000054,0.207884,0.011202,0.09899,0.68187
ACATAATAAGGCGGTG-1,0.000074,0.610052,0.382663,0.007174,0.000037
ACATACAATCAAGCGG-1,0.08974,0.295972,0.009006,0.605204,0.000078
ACATCAGCTGGGACGC-1,0.079574,0.226499,0.309551,0.384334,0.000041
ACATCCCGGCCATACG-1,0.182508,0.535236,0.212318,0.000021,0.069916
ACATCCTGGTAACTGT-1,0.005131,0.294541,0.622163,0.032072,0.046092
ACATCGATCGTTTACC-1,0.005294,0.313591,0.681076,0.00002,0.00002
ACATCGCAATATTCGG-1,0.033597,0.150565,0.018456,0.141446,0.655935
ACATCGGTCAGCCGCG-1,0.085851,0.478542,0.435575,0.000016,0.000016
ACATCGTATGCAATGG-1,0.039148,0.231997,0.690423,0.036932,0.0015
ACATCGTTAACCTAGT-1,0.000075,0.508391,0.480708,0.000038,0.010789
ACATCTCAACGCGTAA-1,0.000039,0.104348,0.895574,0.000019,0.000019
ACATGCTTACGGCAGC-1,0.205165,0.000037,0.000062,0.000033,0.794703
ACATGGCGCCAAAGTA-1,0.000103,0.347548,0.573117,0.050332,0.028901
ACATGGCTCAATTTAG-1,0.000072,0.375547,0.602898,0.021446,0.000036
ACATTAGTTTATATCC-1,0.113324,0.104996,0.781649,0.000016,0.000016
ACATTCGCGCGGAATA-1,0.00027,0.34373,0.002332,0.177109,0.476559
ACATTTGAAACCTAAC-1,0.010519,0.053849,0.328683,0.606923,0.000025
ACCAAACACCCAGCGA-1,0.027529,0.178756,0.709668,0.083985,0.000062
ACCAAACTAGAAATCC-1,0.000236,0.101427,0.896679,0.00164,0.000018
ACCAACACCACACACT-1,0.164424,0.119513,0.695343,0.020688,0.000031
ACCAACCGCACTCCAC-1,0.000075,0.091584,0.052284,0.85602,0.000037
ACCAACGCTTATTTAT-1,0.396462,0.229599,0.207116,0.00288,0.163943
ACCAAGAACGCGTGTC-1,0.090905,0.102657,0.778188,0.000011,0.02824
ACCAAGTCATCGGCAG-1,0.131381,0.247917,0.528658,0.092018,0.000025
ACCAATATGCAAGTTA-1,0.293282,0.184209,0.41655,0.037595,0.068364
ACCACAACTCAGAACA-1,0.079065,0.099361,0.821283,0.000275,0.000017
ACCACAAGTTTCTATC-1,0.004201,0.370495,0.593168,0.000019,0.032117
ACCACACGGTTGATGG-1,0.182852,0.007782,0.740973,0.04766,0.020733
ACCACCAATGTAACAA-1,0.072982,0.275035,0.620171,0.031752,0.000059
ACCACCCTCTCTTCTA-1,0.056137,0.149158,0.691291,0.078818,0.024596
ACCACGTGCAGCTATA-1,0.124425,0.197855,0.633953,0.01256,0.031206
ACCACTGTTCAAGAAG-1,0.000948,0.14396,0.748539,0.098324,0.008229
ACCAGACCATAACAAC-1,0.462766,0.044841,0.492363,0.000015,0.000015
ACCAGCCCGGTCTTTG-1,0.000086,0.595507,0.340504,0.057918,0.005985
ACCAGGAGTGTGATCT-1,0.000098,0.86946,0.130343,0.000049,0.000049
ACCAGTGCCCGGTCAA-1,0.271201,0.203368,0.525351,0.00004,0.00004
ACCAGTGCGGGAGACG-1,0.083123,0.33936,0.44407,0.13339,0.000058
ACCATATCCGCAATAA-1,0.004048,0.397153,0.597881,0.000904,0.000014
ACCATCCGCCAACTAG-1,0.132127,0.456944,0.380832,0.01068,0.019417
ACCATCGTATATGGTA-1,0.002326,0.53457,0.401699,0.000024,0.06138
ACCATTAAGGGTGTCA-1,0.000042,0.028274,0.833243,0.138419,0.000021
ACCCAACGCCCGTGGC-1,0.17152,0.000128,0.828324,0.000015,0.000015
ACCCACCTACATGCTC-1,0.022213,0.414688,0.434687,0.128084,0.000328
ACCCATCTTGAGGGTA-1,0.09231,0.182179,0.711141,0.001618,0.012751
ACCCATTTGTCCCTCT-1,0.189785,0.06423,0.638718,0.106605,0.000661
ACCCGAGCGAAATTAC-1,0.083521,0.118741,0.005389,0.259833,0.532516
ACCCGATTGGTTCCGA-1,0.278625,0.329132,0.065166,0.029871,0.297206
ACCCGGAAACTCCCAG-1,0.089247,0.202736,0.621808,0.032211,0.053998
ACCCGGAGCACCACAA-1,0.213838,0.088008,0.687893,0.000007,0.010255
ACCCGGATGACGCATC-1,0.000144,0.140248,0.738906,0.076365,0.044337
ACCCGGTTACACTTCC-1,0.128852,0.681709,0.183503,0.00169,0.004245
ACCCGTAGCAGAGAAT-1,0.100804,0.000037,0.000062,0.000012,0.899085
ACCCGTAGTCTAGTTG-1,0.121095,0.14281,0.690065,0.017724,0.028307
ACCCGTGTCATCAGTA-1,0.195549,0.522032,0.091126,0.03648,0.154813
ACCCTATAGGACTGAG-1,0.000084,0.432245,0.512719,0.02645,0.028502
ACCCTATGCCATATCG-1,0.242547,0.132034,0.000359,0.306301,0.318759
ACCCTCCCGTCAGGGC-1,0.0001,0.528718,0.095362,0.37577,0.00005
ACCCTCCCTTGCTATT-1,0.162485,0.307733,0.485079,0.022348,0.022354
ACCCTGGTAACGCCCT-1,0.049258,0.50909,0.402462,0.039124,0.000066
ACCCTTCATCTGCGAA-1,0.000059,0.368111,0.631771,0.000029,0.000029
ACCCTTGCCTGGGTCG-1,0.167228,0.064898,0.723934,0.007216,0.036723
ACCCTTTAGTTCTCCA-1,0.002375,0.098092,0.898549,0.000962,0.000022
ACCGAAAGGGCCCTGC-1,0.00917,0.582769,0.393477,0.000552,0.014031
ACCGAAGAGTCTGGTT-1,0.26857,0.240305,0.000122,0.290985,0.200017
ACCGACACATCTCCCA-1,0.267445,0.124346,0.49163,0.069192,0.047387
ACCGACTGAGTCCCAC-1,0.111503,0.407192,0.375244,0.056291,0.04977
ACCGAGTCTCCTTATT-1,0.19039,0.006318,0.651918,0.11243,0.038943
ACCGATAGGCATAACC-1,0.052299,0.099016,0.725152,0.122292,0.001241
ACCGATATTTAATCAT-1,0.413479,0.000041,0.490938,0.07171,0.023832
ACCGATGGTAGCATCG-1,0.000138,0.378383,0.585035,0.009815,0.026629
ACCGCAATAACTGCCT-1,0.179725,0.116905,0.626766,0.055204,0.0214
ACCGCGGTGGAAGTCG-1,0.053268,0.274358,0.621612,0.033904,0.016858
ACCGCTAGTCATTGGT-1,0.303938,0.119939,0.183351,0.01959,0.373183
ACCGGGCCTTTGTTGA-1,0.058112,0.27484,0.619168,0.036829,0.011051
ACCGGTCAGGTACACC-1,0.283196,0.086713,0.262974,0.036525,0.330593
ACCGGTCTGAGTACGG-1,0.000147,0.547138,0.000367,0.279027,0.173321
ACCGTCCACTGGGCCC-1,0.000017,0.000025,0.000042,0.017085,0.982832
ACCGTGACCACGTGGG-1,0.518634,0.245931,0.050215,0.128593,0.056626
ACCGTTCCCGCTCTGA-1,0.000077,0.55861,0.404768,0.036506,0.000039
ACCTAAGTACCTTTCA-1,0.022505,0.568691,0.177125,0.149598,0.082081
ACCTAATCGACTTCCT-1,0.000776,0.275111,0.712079,0.012009,0.000024
ACCTACAGTATGTGGT-1,0.001593,0.14374,0.768732,0.064074,0.021861
ACCTACTATAAATCTA-1,0.238245,0.061937,0.5326,0.103811,0.063406
ACCTCAGCGAGGCGCA-1,0.001518,0.308994,0.388176,0.301265,0.000048
ACCTCCGCCCTCGCTG-1,0.17076,0.000081,0.75194,0.077192,0.000027
ACCTCCGTTATTCACC-1,0.011498,0.199867,0.721318,0.049699,0.017619
ACCTCGAACTTATGCT-1,0.060384,0.123686,0.051133,0.165806,0.598991
ACCTGCGTGTCATGTT-1,0.204989,0.178523,0.614952,0.000019,0.001517
ACCTTTCCTTTAGAAG-1,0.000088,0.788361,0.169381,0.042127,0.000044
ACGAAATGGGCGGCAC-1,0.105968,0.005412,0.801098,0.044796,0.042726
ACGACCCATGAGTTGC-1,0.128431,0.007409,0.828739,0.007902,0.027519
ACGACTCTAGGGCCGA-1,0.044449,0.148582,0.552526,0.248518,0.005925
ACGACTGGTCATACTC-1,0.054936,0.189452,0.127233,0.288695,0.339684
ACGAGAACCCATCACG-1,0.006774,0.375975,0.617204,0.000024,0.000024
ACGAGATATTTGCTTA-1,0.003026,0.098529,0.898392,0.000026,0.000026
ACGAGGATACCACTCT-1,0.353229,0.346527,0.288528,0.011696,0.000021
ACGAGGTTTACAACGT-1,0.621372,0.08893,0.000084,0.09569,0.193923
ACGAGTACGGATGCCC-1,0.000116,0.149894,0.794689,0.055244,0.000058
ACGAGTCGCCGGCGTT-1,0.000059,0.255328,0.698923,0.045661,0.000029
ACGATACATAGAACTA-1,0.030274,0.152768,0.790678,0.02625,0.00003
ACGATACCTATCCTGA-1,0.205745,0.065433,0.492288,0.236515,0.000019
ACGATCATACATAGAG-1,0.015769,0.408427,0.401919,0.009753,0.164133
ACGATCATCTTGTAAA-1,0.00124,0.248993,0.698365,0.05134,0.000063
ACGATGCATATGTTAT-1,0.046952,0.302739,0.530349,0.000016,0.119944
ACGATGGATCCGATGC-1,0.00006,0.077399,0.866162,0.056362,0.000018
ACGCAAACTAATAGAT-1,0.587796,0.11067,0.222096,0.062673,0.016765
ACGCAATCACTACAGC-1,0.000114,0.459229,0.505441,0.025426,0.00979
ACGCATAAATGACATG-1,0.000075,0.224683,0.477205,0.297999,0.000038
ACGCATACGTTTACTA-1,0.114689,0.106144,0.779109,0.000029,0.000029
ACGCATTCGTGAGTAC-1,0.043822,0.385063,0.559275,0.00585,0.005989
ACGCCACTCGAAACAG-1,0.216925,0.045519,0.60598,0.069408,0.062169
ACGCCAGATGATTTCT-1,0.000048,0.127863,0.867165,0.000024,0.0049
ACGCCAGTGCGTTTGC-1,0.281157,0.040915,0.603932,0.047758,0.026237
ACGCCCAGCTGTCGAT-1,0.000061,0.27862,0.658257,0.047287,0.015776
ACGCCGCTAGACGACC-1,0.266121,0.000658,0.733205,0.000008,0.000008
ACGCCTGACACGCGCT-1,0.000077,0.582008,0.000194,0.40817,0.009551
ACGCGAAGTCAGACGA-1,0.147831,0.371698,0.345062,0.000951,0.134457
ACGCGCTACACAGGGT-1,0.00006,0.658812,0.175126,0.002818,0.163184
ACGCGGGCCAAGGACA-1,0.006094,0.459486,0.529569,0.000021,0.004829
ACGCGTTTCTTAAGAG-1,0.000094,0.031361,0.077382,0.891116,0.000047
ACGCTACTGAATGGGC-1,0.110893,0.076527,0.812553,0.000014,0.000014
ACGCTAGTATCAGTGC-1,0.129853,0.115401,0.729483,0.000015,0.025249
ACGCTAGTGATACACT-1,0.013178,0.256444,0.730222,0.000078,0.000078
ACGCTGTGAGGCGTAG-1,0.0185,0.365074,0.590407,0.025987,0.000032
ACGCTTAGTGTCTCTC-1,0.106802,0.518581,0.295176,0.079397,0.000043
ACGGAACACGAGTGCC-1,0.517626,0.074113,0.408229,0.000016,0.000016
ACGGAATTTAGCAAAT-1,0.000057,0.467055,0.53283,0.000029,0.000029
ACGGACGCAGCGACAA-1,0.000027,0.04366,0.000067,0.037936,0.91831
ACGGACTCTCAAAGCG-1,0.209395,0.192908,0.454275,0.094748,0.048674
ACGGAGCGCAAATTAC-1,0.009635,0.293064,0.640113,0.057147,0.000042
ACGGATGGTGCGGATA-1,0.22935,0.345834,0.325529,0.084269,0.015018
ACGGCACTTGCTTGGG-1,0.000069,0.577155,0.076862,0.075176,0.270738
ACGGCCAACATGGACT-1,0.301621,0.279012,0.356788,0.00001,0.062568
ACGGCGACGATGGGAA-1,0.078821,0.302572,0.539744,0.029436,0.049427
ACGGCGGGTTGCCCTG-1,0.000049,0.176617,0.785077,0.012461,0.025796
ACGGCTGGATGTAGAA-1,0.000057,0.140958,0.000142,0.222147,0.636697
ACGGGAGTGTCGGCCC-1,0.144596,0.529436,0.29868,0.027266,0.000022
ACGGGCGTATGCGACA-1,0.068865,0.141692,0.730169,0.045172,0.014103
ACGGGTCATGTGACTT-1,0.021888,0.030663,0.750589,0.189908,0.006952
ACGGGTTGTGACCTGT-1,0.000145,0.000217,0.000362,0.039004,0.960272
ACGGTACAGTTCAATG-1,0.000048,0.000071,0.037225,0.962632,0.000024
ACGGTCACCGAGAACA-1,0.176347,0.000031,0.012829,0.085196,0.725596
ACGTACAGATTTCTCT-1,0.000048,0.230806,0.759422,0.0097,0.000024
ACGTACTTTGGCACGG-1,0.396049,0.114619,0.063809,0.214269,0.211254
ACGTAGATTGCTGATG-1,0.000053,0.279458,0.601251,0.024157,0.095081
ACGTAGGAGAGTCGCT-1,0.107347,0.106252,0.685596,0.040563,0.060242
ACGTATTACTCCGATC-1,0.000153,0.258355,0.697087,0.044329,0.000077
ACGTCCTAAACGAGAT-1,0.003567,0.060358,0.936047,0.000014,0.000014
ACGTCGGGCAACTCGG-1,0.000033,0.008878,0.000082,0.291759,0.699249
ACGTCTCGTTCCGGGA-1,0.106428,0.220784,0.61218,0.060586,0.000022
ACGTGACAAAGTAAGT-1,0.449538,0.2562,0.294121,0.000009,0.000132
ACGTGCGCCTCGTGCA-1,0.000037,0.166503,0.833422,0.000019,0.000019
ACGTGGTCGAATGTGC-1,0.034232,0.43969,0.520232,0.005818,0.000027
ACGTTAATGTCGAAGA-1,0.024903,0.908141,0.066888,0.000034,0.000034
ACGTTAGATTTGCCCG-1,0.02211,0.577348,0.341774,0.058729,0.000038
ACGTTATTGGTCACTC-1,0.199729,0.004054,0.796159,0.000029,0.000029
ACGTTCACTATGCCGC-1,0.138367,0.63022,0.037768,0.048554,0.145091
ACGTTCCGCGCTCCGT-1,0.00006,0.785323,0.060503,0.154083,0.00003
ACGTTCGCAATCAATT-1,0.000164,0.311462,0.601256,0.087036,0.000082
ACGTTCGTTCAGGAAA-1,0.516986,0.122339,0.286098,0.000182,0.074395
ACGTTCTGTACAAGTC-1,0.08559,0.011687,0.456551,0.422456,0.023716
ACGTTGTCGTTGAAAG-1,0.279843,0.279875,0.012439,0.116788,0.311055
ACGTTTAGTTGTGATC-1,0.000062,0.298086,0.662763,0.032888,0.0062
ACGTTTCGGTGCACTT-1,0.008068,0.000018,0.991901,0.000006,0.000006
ACTAAGGACGCACACC-1,0.004591,0.130062,0.81179,0.000024,0.053534
ACTAATACGTCAGGCG-1,0.000341,0.607342,0.028685,0.363462,0.00017
ACTACAAAGAGAGGTG-1,0.083873,0.579284,0.159189,0.001645,0.176009
ACTACATCCCGACAAG-1,0.010817,0.037898,0.000409,0.142379,0.808497
ACTACCAGCTCTCTGG-1,0.032634,0.034444,0.931844,0.00001,0.001068
ACTACCATCCGAGGGC-1,0.045753,0.193246,0.021331,0.12319,0.61648
ACTACGCGTTAGAATT-1,0.356334,0.057644,0.550863,0.025657,0.009501
ACTAGTTGCGATCGTC-1,0.052051,0.229828,0.635141,0.063625,0.019355
ACTATATGCTGTGTTC-1,0.000087,0.039466,0.917053,0.024861,0.018533
ACTATCCAGGGCATGG-1,0.000553,0.273074,0.726227,0.000073,0.000073
ACTATCGCCGGCTAAA-1,0.054307,0.077854,0.653034,0.202473,0.012332
ACTATCTGCCCGCGTA-1,0.083678,0.000029,0.910761,0.00001,0.005522
ACTATGTCCAGCTGCC-1,0.021238,0.066417,0.05522,0.119549,0.737576
ACTATTCGTCCGTGGT-1,0.000073,0.211875,0.447988,0.340028,0.000036
ACTATTTCCGGGCCCA-1,0.327814,0.132501,0.289948,0.008093,0.241643
ACTCAACGAATGTATT-1,0.000043,0.147806,0.812353,0.039778,0.000021
ACTCAAGTGCAAGGCT-1,0.14598,0.247365,0.48284,0.058,0.065814
ACTCAATAAAGGCACG-1,0.00003,0.107528,0.892412,0.000015,0.000015
ACTCAGACCTGCTTCT-1,0.000055,0.494208,0.471746,0.033963,0.000027
ACTCATGGCAGCCTTC-1,0.149635,0.057459,0.193531,0.094684,0.50469
ACTCCAATATCATCAT-1,0.586818,0.011633,0.015302,0.0044,0.381848
ACTCCCATTCCTAAAG-1,0.018434,0.590831,0.294108,0.080849,0.015778
ACTCCCGAATTCGTTT-1,0.000119,0.189003,0.800948,0.009871,0.000059
ACTCCCGTAGACTAGG-1,0.033425,0.270227,0.650014,0.031818,0.014515
ACTCCCTAATGCTAAA-1,0.143236,0.17064,0.623904,0.048432,0.013788
ACTCCCTAGAATAGTA-1,0.196614,0.293319,0.300549,0.000027,0.209492
ACTCCGGCCGACCACT-1,0.037684,0.079899,0.592289,0.287978,0.002149
ACTCGATGTATTTCAT-1,0.000025,0.023751,0.740266,0.235945,0.000013
ACTCGCCGTTCGATAA-1,0.19437,0.007505,0.740507,0.057597,0.000021
ACTCGCGATCTGACGC-1,0.323592,0.299729,0.35406,0.003588,0.019032
ACTCGTAACCCGTCCT-1,0.239666,0.269908,0.236407,0.203633,0.050385
ACTCGTCAGTAATCCC-1,0.000079,0.373247,0.567879,0.007476,0.051319
ACTCTAAACCTGGGAT-1,0.000078,0.188475,0.039557,0.771851,0.000039
ACTCTCTGACTTAGGT-1,0.000058,0.201545,0.743238,0.02181,0.03335
ACTCTCTTATACACGA-1,0.005057,0.211009,0.649723,0.034574,0.099636
ACTCTGACCTAATAGA-1,0.00009,0.239042,0.043854,0.71697,0.000045
ACTCTTCAGCTCCCGC-1,0.146201,0.353815,0.393541,0.094401,0.012041
ACTCTTGTATAGTAAC-1,0.001859,0.13824,0.859864,0.000019,0.000019
ACTGAAACGCCGTTAG-1,0.088873,0.240875,0.520875,0.099497,0.04988
ACTGAATGGCGAAAGT-1,0.081625,0.115855,0.726741,0.037227,0.038552
ACTGATTTAGTGATTC-1,0.095443,0.417044,0.466939,0.020528,0.000047
ACTGCCCGCCATTCTC-1,0.380678,0.023289,0.023383,0.146561,0.426088
ACTGCCGTCGTAACTC-1,0.04083,0.163648,0.795476,0.000023,0.000023
ACTGCGGACACACCGT-1,0.080486,0.408282,0.506758,0.000122,0.004352
ACTGCTCGGAAGGATG-1,0.349154,0.555614,0.051371,0.04117,0.002692
ACTGGCGAACCTGCGT-1,0.009188,0.167509,0.728528,0.066803,0.027973
ACTGGGATGCCAGTGC-1,0.245626,0.111456,0.49688,0.078766,0.067272
ACTGTACGATACACAT-1,0.000034,0.000489,0.999443,0.000017,0.000017
ACTGTAGCACTTTGGA-1,0.005256,0.156386,0.800417,0.000016,0.037925
ACTGTATACGCGAGCA-1,0.026483,0.119726,0.425032,0.428725,0.000034
ACTGTCCAGGATTATA-1,0.000059,0.615667,0.344733,0.000029,0.039511
ACTGTCTTCTTTAGAA-1,0.123614,0.131951,0.709816,0.000018,0.0346
ACTGTGCTAGTAGATC-1,0.000075,0.553103,0.43503,0.011755,0.000037
ACTGTTTAGTGTAGGC-1,0.000089,0.41759,0.570015,0.012262,0.000044
ACTTACCGGGCGCGCA-1,0.000149,0.000224,0.17104,0.828512,0.000075
ACTTACGCATCCACGC-1,0.247602,0.185681,0.460171,0.023807,0.082738
ACTTAGTACGACAAGA-1,0.000072,0.729081,0.212179,0.058632,0.000036
ACTTATACTTACCCGG-1,0.06814,0.298276,0.573833,0.059694,0.000056
ACTTATCTGATCTATA-1,0.000054,0.128964,0.858883,0.012072,0.000027
ACTTATTAGGATCGGT-1,0.029152,0.375009,0.591209,0.000026,0.004605
ACTTATTTATGTGCCA-1,0.078424,0.252187,0.54409,0.095707,0.029592
ACTTCAGGCTGATCCC-1,0.158637,0.223376,0.564885,0.030144,0.022958
ACTTCCAGTGGAAGCT-1,0.175248,0.267235,0.011001,0.329839,0.216677
ACTTCCATGCGGGACA-1,0.232155,0.037285,0.57821,0.125411,0.026939
ACTTCCTGTCGTGCGA-1,0.078888,0.072145,0.848941,0.000013,0.000013
ACTTCGCCATACGCAC-1,0.022001,0.051765,0.916887,0.000026,0.009321
ACTTCGCTAGCGAGTG-1,0.170064,0.147237,0.675179,0.007145,0.000376
ACTTGACTCCCTCTTT-1,0.010224,0.204669,0.763044,0.022036,0.000027
ACTTGCCATATTGTAC-1,0.000086,0.370815,0.608849,0.020207,0.000043
ACTTGCTCTATCTACC-1,0.050617,0.000044,0.001249,0.088316,0.859774
ACTTGGGACCCGGTGG-1,0.034821,0.163378,0.78058,0.000013,0.021209
ACTTGGGCTTTCGCCA-1,0.10887,0.038096,0.781781,0.067186,0.004066
ACTTGTAGTCCCTTCA-1,0.046702,0.268043,0.640621,0.044601,0.000032
ACTTGTGGATGGAACG-1,0.554581,0.015777,0.26015,0.169444,0.000049
ACTTGTTACCGGATCA-1,0.151277,0.037039,0.670051,0.03887,0.102763
ACTTTACCCTCATGAA-1,0.0296,0.39075,0.514289,0.065299,0.000062
ACTTTATACACCACTT-1,0.334218,0.003014,0.059587,0.000009,0.60317
ACTTTCCTATAGCTTC-1,0.000035,0.037098,0.962833,0.000017,0.000017
ACTTTGACTGCATCCT-1,0.139172,0.001926,0.85886,0.000021,0.000021
ACTTTGGTCGTGCTCC-1,0.36325,0.000049,0.003374,0.161572,0.471754
ACTTTGTCGACGCACT-1,0.375255,0.006418,0.587367,0.002117,0.028843
AGAAATTATGACTCGC-1,0.185838,0.014507,0.771213,0.000012,0.02843
AGAACACGGCGATGGT-1,0.40433,0.000022,0.000043,0.094346,0.50126
AGAACCCAGCGTGACA-1,0.072209,0.246385,0.664462,0.011845,0.005099
AGAACCCTCAATTGGG-1,0.272075,0.145494,0.093495,0.111343,0.377593
AGAACGTGGTACATTC-1,0.00012,0.682081,0.317679,0.00006,0.00006
AGAACTGTACTTTGTA-1,0.000099,0.275745,0.095297,0.62881,0.000049
AGAAGAGCGCCGTTCC-1,0.000627,0.288545,0.557702,0.152814,0.000313
AGAAGGTACACTTCAC-1,0.343583,0.282776,0.221903,0.144751,0.006987
AGAAGGTTGCCGAATT-1,0.314029,0.034519,0.648831,0.000007,0.002613
AGAAGGTTGTAGGTCG-1,0.133173,0.171006,0.565326,0.063656,0.06684
AGAAGTGATTCGTGAT-1,0.267724,0.264776,0.211554,0.212059,0.043887
AGAATAAATCTTCAGG-1,0.21321,0.070452,0.716294,0.000022,0.000022
AGAATACAGGCTATCC-1,0.13905,0.132375,0.543656,0.184887,0.000032
AGAATGCGGGTTCGGA-1,0.000105,0.140012,0.836951,0.02288,0.000053
AGAATTATGGATTCGA-1,0.061915,0.234577,0.689694,0.013737,0.000077
