Barcode,Topic 1,Topic 2,Topic 3,Topic 4,Topic 5,Topic 6,Topic 7,Topic 8,Topic 9,Topic 10
AAACAAGTATCTCCCA-1,0.734542,0.000041,0.000041,0.000041,0.000041,0.000041,0.000041,0.083976,0.181195,0.000041
AAACACCAATAACTGC-1,0.00241,0.000023,0.242757,0.000023,0.203271,0.250568,0.000023,0.000023,0.290079,0.010822
AAACAGAGCGACTCCT-1,0.000031,0.042843,0.218122,0.01976,0.033028,0.569541,0.049086,0.010924,0.056634,0.000031
AAACAGCTTTCAGAAG-1,0.068264,0.000058,0.094648,0.013232,0.018871,0.140579,0.047769,0.223877,0.232722,0.159979
AAACAGGGTCTATATT-1,0.000096,0.000096,0.000096,0.000096,0.000096,0.012113,0.000096,0.604903,0.380049,0.002357
AAACAGTGTTCCTGGG-1,0.000012,0.004285,0.327195,0.072503,0.006597,0.065048,0.204403,0.070595,0.118634,0.130729
AAACATGGTGAGAGGA-1,0.057117,0.002514,0.142106,0.023677,0.079957,0.175547,0.025043,0.074312,0.225423,0.194303
AAACATTTCCCGGATT-1,0.772174,0.000077,0.000077,0.000077,0.000077,0.000077,0.000077,0.227208,0.000077,0.000077
AAACCACTACACAGAT-1,0.070092,0.000066,0.000066,0.000066,0.000066,0.000066,0.000066,0.209825,0.690565,0.02912
AAACCCGAACGAAATC-1,0.502238,0.002831,0.000033,0.000033,0.000033,0.011818,0.000033,0.476244,0.000033,0.006702
AAACCGGAAATGTTAA-1,0.578309,0.007254,0.048239,0.003312,0.326704,0.000026,0.000026,0.000026,0.000406,0.035699
AAACCGGGTAGGTACC-1,0.000059,0.000059,0.023075,0.010075,0.000059,0.391811,0.063952,0.325712,0.156549,0.028649
AAACCGTTCGTCCAGG-1,0.000041,0.000041,0.004257,0.010726,0.000041,0.072237,0.38197,0.457827,0.072817,0.000041
AAACCTAAGCAGCCGG-1,0.655007,0.059809,0.008281,0.008943,0.207708,0.03337,0.018975,0.00786,0.000024,0.000024
AAACCTCATGAAGTTG-1,0.011653,0.004427,0.000071,0.000071,0.000071,0.000071,0.000071,0.208299,0.694523,0.080741
AAACGAAGATGGAGTA-1,0.079718,0.036425,0.113532,0.012828,0.05203,0.159363,0.03697,0.076417,0.253851,0.178865
AAACGACAGTCTTGCC-1,0.037556,0.000079,0.000079,0.000079,0.000079,0.000079,0.000079,0.350108,0.509277,0.102585
AAACGAGACGGTTGAT-1,0.00001,0.001313,0.168693,0.23603,0.272733,0.010915,0.229954,0.00001,0.010129,0.070214
AAACGCCCGAGATCGG-1,0.000118,0.000118,0.000118,0.000118,0.000118,0.000118,0.000118,0.38621,0.578467,0.034498
AAACGCTGGGCACGAC-1,0.636788,0.000502,0.024045,0.016944,0.010586,0.001479,0.002461,0.170542,0.121283,0.015371
AAACGGGCGTACGGGT-1,0.76687,0.000038,0.000038,0.000038,0.077346,0.077553,0.009393,0.068647,0.000038,0.000038
AAACGGTTGCGAACTG-1,0.000474,0.00002,0.02456,0.382924,0.218514,0.003459,0.052817,0.019498,0.000021,0.297712
AAACGTGTTCGCCCTA-1,0.12376,0.001558,0.021873,0.000039,0.000039,0.087644,0.049698,0.174723,0.517712,0.022952
AAACTAACGTGGCGAC-1,0.00003,0.00003,0.182339,0.00026,0.100702,0.530107,0.000981,0.006079,0.120163,0.059309
AAACTCGGTTCGCAAT-1,0.033538,0.332437,0.025934,0.056451,0.167611,0.03715,0.128798,0.083155,0.066494,0.068433
AAACTCGTGATATAAG-1,0.000032,0.158552,0.000684,0.03845,0.000032,0.00871,0.314774,0.186829,0.279512,0.012426
AAACTGCTGGCTCCAA-1,0.041527,0.189239,0.298601,0.04742,0.220003,0.067558,0.045163,0.00693,0.021395,0.062165
AAACTTAATTGCACGC-1,0.093175,0.000878,0.00003,0.00003,0.00003,0.00003,0.004487,0.004412,0.896896,0.00003
AAACTTGCAAACGTAT-1,0.000027,0.000027,0.075137,0.000027,0.0063,0.793305,0.00016,0.005461,0.036153,0.083402
AAAGAATGACCTTAGA-1,0.078105,0.01766,0.126167,0.015296,0.061359,0.170105,0.075821,0.043771,0.238461,0.173255
AAAGAATGTGGACTAA-1,0.838093,0.00003,0.00003,0.00003,0.00003,0.00003,0.00003,0.00003,0.00003,0.16167
AAAGACTGGGCGCTTT-1,0.078639,0.000041,0.063161,0.021226,0.08589,0.189773,0.025302,0.060355,0.40674,0.068874
AAAGCTTGCCTACATA-1,0.005691,0.000009,0.307655,0.101416,0.003335,0.033267,0.379336,0.007536,0.15124,0.010514
AAAGGCCCTATAATAC-1,0.000036,0.000036,0.035977,0.007143,0.093758,0.435829,0.052573,0.195735,0.068892,0.11002
AAAGGCTACGGACCAT-1,0.054594,0.060761,0.027098,0.247769,0.243347,0.088622,0.191405,0.007727,0.078662,0.000016
AAAGGCTCTCGCGCCG-1,0.000028,0.045654,0.025745,0.18749,0.088084,0.031507,0.266574,0.225984,0.128906,0.000028
AAAGGGATGTAGCAAG-1,0.000059,0.022357,0.002369,0.037362,0.000059,0.331748,0.124707,0.396188,0.085092,0.000059
AAAGGGCAGCTTGAAT-1,0.035977,0.000083,0.000083,0.000083,0.000083,0.000083,0.000083,0.409141,0.5543,0.000083
AAAGGTAAGCTGTACC-1,0.000063,0.000063,0.000063,0.000063,0.023746,0.443995,0.000063,0.249771,0.282108,0.000063
AAAGTAGCATTGCTCA-1,0.000038,0.000038,0.286491,0.048334,0.025461,0.336522,0.130766,0.021038,0.151275,0.000038
AAAGTCGACCCTCAGT-1,0.01293,0.000065,0.000065,0.000065,0.000065,0.000065,0.000065,0.440897,0.391937,0.153845
AAAGTGCCATCAATTA-1,0.30897,0.000195,0.266893,0.026315,0.325878,0.053386,0.002642,0.001335,0.000014,0.014372
AAAGTGTGATTTATCT-1,0.183283,0.083997,0.018894,0.022554,0.541717,0.072996,0.009738,0.066782,0.000019,0.000019
AAAGTTGACTCCCGTA-1,0.152849,0.242414,0.000031,0.000031,0.000031,0.000031,0.000031,0.275694,0.267692,0.061194
AAATAACCATACGGGA-1,0.000038,0.037233,0.061812,0.047938,0.088721,0.421085,0.018659,0.035695,0.163106,0.125713
AAATAAGGTAGTGCCC-1,0.000014,0.025394,0.063696,0.507418,0.067556,0.006691,0.119868,0.113702,0.008953,0.086707
AAATACCTATAAGCAT-1,0.007513,0.073253,0.1123,0.093425,0.328874,0.130355,0.156219,0.098027,0.000017,0.000017
AAATAGCTTAGACTTT-1,0.0124,0.039071,0.061808,0.082648,0.235786,0.07378,0.029588,0.435187,0.029707,0.000024
AAATAGGGTGCTATTG-1,0.173858,0.000071,0.000071,0.000071,0.024688,0.122093,0.000071,0.648306,0.000071,0.030698
AAATCACTCCTAAACG-1,0.124413,0.006479,0.020929,0.089226,0.000042,0.030866,0.066658,0.135956,0.349445,0.175985
AAATCCGATACACGCC-1,0.704465,0.110309,0.000032,0.000032,0.000032,0.000032,0.008333,0.046872,0.121311,0.008584
AAATCGCGGAAGGAGT-1,0.038007,0.029104,0.086439,0.063704,0.078006,0.126177,0.036048,0.179766,0.241745,0.121004
AAATCGTGTACCACAA-1,0.017954,0.000027,0.098762,0.06998,0.033847,0.065563,0.37296,0.317879,0.002887,0.020141
AAATCTAGCCCTGCTA-1,0.856548,0.019695,0.000032,0.000032,0.000032,0.000032,0.000032,0.000032,0.092754,0.03081
AAATCTGCCCGCGTCC-1,0.091636,0.000068,0.000068,0.000068,0.000068,0.000068,0.000068,0.116288,0.641769,0.149898
AAATGACTGATCAAAC-1,0.026424,0.055373,0.255049,0.264043,0.018228,0.023776,0.009845,0.182602,0.044802,0.119858
AAATGATTCGATCAGC-1,0.016136,0.000028,0.24521,0.096321,0.020364,0.12602,0.267875,0.18838,0.039638,0.000028
AAATGGCATGTCTTGT-1,0.000039,0.000039,0.000174,0.000039,0.172879,0.758006,0.000039,0.009703,0.043912,0.015171
AAATGGCCCGTGCCCT-1,0.00006,0.012308,0.00006,0.00006,0.00006,0.146167,0.00006,0.369281,0.463988,0.007958
AAATGGTCAATGTGCC-1,0.000026,0.061824,0.304131,0.149358,0.001412,0.024104,0.166186,0.051545,0.229629,0.011783
AAATTAACGGGTAGCT-1,0.040024,0.005024,0.163859,0.151696,0.085374,0.158282,0.364125,0.007077,0.023035,0.001504
AAATTACACGACTCTG-1,0.000042,0.019702,0.053228,0.000335,0.281726,0.331597,0.046733,0.000042,0.266552,0.000042
AAATTACCTATCGATG-1,0.018952,0.000015,0.24628,0.077543,0.196792,0.123355,0.192294,0.023406,0.000015,0.121346
AAATTCCAGGTCCAAA-1,0.001353,0.002927,0.142223,0.187636,0.160093,0.104957,0.008376,0.247122,0.000012,0.145301
AAATTGATAGTCCTTT-1,0.037385,0.014216,0.17835,0.011417,0.009947,0.539568,0.040818,0.020278,0.147967,0.000056
AAATTGGTGAGAAGCA-1,0.000014,0.059425,0.559684,0.044447,0.048467,0.086703,0.050619,0.000014,0.150611,0.000014
AAATTTACCGAAATCC-1,0.000081,0.000081,0.000081,0.000081,0.212453,0.134452,0.003966,0.271247,0.339837,0.037719
AAATTTGCGGGTGTGG-1,0.000016,0.000016,0.624643,0.039945,0.088809,0.136835,0.024884,0.000016,0.057822,0.027013
AACAACTGGTAGTTGC-1,0.000069,0.000069,0.001899,0.000069,0.000069,0.461382,0.108221,0.20305,0.223677,0.001493
AACAATACATTGTCGA-1,0.05029,0.000015,0.242767,0.105392,0.203023,0.02263,0.265178,0.000015,0.015774,0.094915
AACAATTACTCTACGC-1,0.000121,0.000121,0.000121,0.000121,0.000121,0.374431,0.000121,0.252913,0.290987,0.080941
AACACACGCTCGCCGC-1,0.302426,0.216057,0.000022,0.019726,0.032214,0.000022,0.027221,0.002316,0.257582,0.142415
AACACGACTGTACTGA-1,0.093221,0.041653,0.000124,0.000124,0.000124,0.000124,0.000124,0.026353,0.485742,0.352411
AACACGAGACGCGGCC-1,0.00003,0.025169,0.103464,0.017261,0.046699,0.504303,0.020407,0.011491,0.271146,0.00003
AACAGCTGTGTGGCAA-1,0.000018,0.000018,0.382403,0.091418,0.147368,0.219686,0.140681,0.000018,0.018372,0.000018
AACAGGAAATCGAATA-1,0.000037,0.000037,0.000037,0.001109,0.064307,0.861475,0.012906,0.024293,0.018255,0.017542
AACAGGATGGGCCGCG-1,0.000048,0.000048,0.000237,0.000048,0.026031,0.546638,0.061835,0.186891,0.173045,0.005178
AACAGGTAGTATGGAT-1,0.593548,0.007946,0.012269,0.010398,0.092311,0.106338,0.000046,0.177051,0.000046,0.000046
AACATAGCGTGTATCG-1,0.510421,0.143666,0.021277,0.081418,0.060317,0.013307,0.078483,0.069552,0.02152,0.000039
AACATATCAACTGGTG-1,0.000016,0.000016,0.108886,0.421474,0.263947,0.092977,0.096416,0.016237,0.000016,0.000016
AACATCGATACGTCTA-1,0.000057,0.000057,0.003168,0.028057,0.000057,0.104707,0.186368,0.500438,0.177033,0.000057
AACATTGAAGTTGATC-1,0.000033,0.102129,0.06544,0.088607,0.091515,0.298053,0.099147,0.000607,0.254437,0.000033
AACATTGTGACTCGAG-1,0.038319,0.070195,0.030944,0.31382,0.380289,0.038263,0.079443,0.045646,0.003067,0.000015
AACCAAGACTTCTCTG-1,0.000024,0.000024,0.375468,0.003609,0.046166,0.444192,0.012367,0.000356,0.096711,0.021083
AACCAGTATCACTCTT-1,0.000171,0.000171,0.000171,0.000171,0.000171,0.000171,0.000171,0.432656,0.560225,0.00592
AACCATAGGGTTGAAC-1,0.054589,0.000074,0.000074,0.000074,0.000074,0.000074,0.000074,0.478283,0.466611,0.000074
AACCCAGAGACGGAGA-1,0.114433,0.06017,0.014499,0.000058,0.052171,0.142363,0.127471,0.220617,0.125645,0.142572
AACCCATCCCATGATC-1,0.039284,0.00007,0.00007,0.00007,0.00007,0.00007,0.00007,0.287733,0.622866,0.049698
AACCCGACAACCCGTG-1,0.166634,0.007782,0.128017,0.108963,0.065483,0.145664,0.212871,0.121166,0.008627,0.034794
AACCCGAGCAGAATCG-1,0.826761,0.000049,0.000049,0.000049,0.000049,0.000049,0.000049,0.01657,0.000049,0.156324
AACCCGCTGTATTCCA-1,0.001879,0.015878,0.283021,0.118051,0.09859,0.004877,0.020056,0.000014,0.002192,0.455441
AACCCTACTGTCAATA-1,0.015621,0.000044,0.000044,0.009989,0.101555,0.021662,0.008573,0.842424,0.000044,0.000044
AACCCTGGTGGAACCA-1,0.039242,0.0001,0.0001,0.0001,0.0001,0.0001,0.0001,0.50998,0.317456,0.132726
AACCGAGCTTGGTCAT-1,0.000019,0.002648,0.28637,0.154678,0.144485,0.308743,0.084292,0.000019,0.005596,0.01315
AACCGCTAAGGGATGC-1,0.14875,0.08791,0.130588,0.023396,0.525601,0.080117,0.000517,0.001216,0.001893,0.000012
AACCGTTGTGTTTGCT-1,0.000201,0.000201,0.000201,0.000201,0.000201,0.058129,0.000201,0.862044,0.07842,0.000201
AACCTCGCTTTAGCCC-1,0.606632,0.110571,0.000045,0.000045,0.000045,0.000045,0.050698,0.184458,0.047418,0.000045
AACCTGTCACGGAATT-1,0.111876,0.478976,0.018568,0.018442,0.000885,0.00397,0.071717,0.043661,0.209393,0.042512
AACCTTTAAATACGGT-1,0.013163,0.03666,0.111953,0.115427,0.244223,0.139641,0.064273,0.268907,0.000029,0.005726
AACCTTTACGACGTCT-1,0.000058,0.000058,0.018302,0.004943,0.000698,0.447494,0.083548,0.3136,0.131242,0.000058
AACGAAAGTCGTCCCA-1,0.089786,0.000084,0.000084,0.000084,0.000084,0.000084,0.000084,0.037753,0.548754,0.323203
AACGACCTCCTAGCCG-1,0.99425,0.000032,0.000032,0.000032,0.000032,0.000032,0.000032,0.000032,0.000032,0.005495
AACGATAATGCCGTAG-1,0.023952,0.114903,0.082658,0.190501,0.182529,0.072937,0.074188,0.13685,0.04083,0.080651
AACGATAGAAGGGCCG-1,0.000116,0.000116,0.000116,0.000116,0.007773,0.159662,0.000116,0.496503,0.335365,0.000116
AACGATATGTCAACTG-1,0.03527,0.000017,0.368469,0.127548,0.102277,0.113005,0.253364,0.000017,0.000017,0.000017
AACGCATGATCTGGGT-1,0.000029,0.023812,0.368351,0.100702,0.013145,0.083481,0.149632,0.08358,0.167011,0.010257
AACGCGACCTTGGGCG-1,0.00092,0.032257,0.037433,0.39913,0.122338,0.033116,0.09068,0.263488,0.018909,0.001729
AACGCGGTCTCCAGCC-1,0.00005,0.034628,0.183103,0.015068,0.04764,0.219346,0.221099,0.00677,0.272246,0.00005
AACGCTGTTGCTGAAA-1,0.309463,0.000016,0.000016,0.000016,0.658995,0.000016,0.000866,0.000016,0.000016,0.03058
AACGGACGTACGTATA-1,0.214626,0.404429,0.00422,0.002632,0.00004,0.004101,0.008232,0.208601,0.126188,0.02693
AACGGCCATCTCCGGT-1,0.000073,0.000042,0.003532,0.000042,0.000042,0.090293,0.299446,0.412248,0.194238,0.000042
AACGTACTGTGGGTAC-1,0.028255,0.000016,0.604133,0.06699,0.082836,0.030824,0.099218,0.000016,0.01813,0.069582
AACGTCAGACTAGTGG-1,0.000079,0.000079,0.000079,0.000079,0.002543,0.354598,0.000079,0.349964,0.292423,0.000079
AACGTCATCCGGCTTG-1,0.037699,0.000018,0.056101,0.021505,0.000018,0.000018,0.000018,0.000018,0.000018,0.884588
AACGTCGCTGCACTTC-1,0.874192,0.000032,0.000032,0.000032,0.000032,0.000032,0.000032,0.000032,0.000032,0.125549
AACGTGATGAAGGACA-1,0.000046,0.027791,0.012666,0.022343,0.273321,0.45397,0.004987,0.00846,0.19329,0.003124
AACGTGCGAAAGTCTC-1,0.128419,0.161192,0.020836,0.104348,0.167873,0.032449,0.238204,0.113145,0.033516,0.000018
AACGTTCTACCATTGT-1,0.60643,0.004292,0.055772,0.027924,0.04758,0.08793,0.033614,0.059159,0.033065,0.044234
AACTACCCGTTTGTCA-1,0.284985,0.110349,0.053294,0.030418,0.130761,0.01145,0.000036,0.020209,0.055794,0.302706
AACTAGGCTTGGGTGT-1,0.000022,0.124739,0.023628,0.125881,0.382282,0.056488,0.041535,0.087729,0.01928,0.138416
AACTCAAGTTAATTGC-1,0.000016,0.044401,0.418798,0.051413,0.106236,0.096193,0.109234,0.000016,0.173678,0.000016
AACTCCAGAGCGTGTT-1,0.628138,0.000127,0.000127,0.000127,0.000127,0.000127,0.000127,0.370849,0.000127,0.000127
AACTCCTAATCCCATG-1,0.000019,0.000019,0.362835,0.001915,0.215552,0.296264,0.003018,0.000019,0.003058,0.117302
AACTCTCAATAGAGCG-1,0.014868,0.034384,0.039924,0.136577,0.161506,0.033223,0.051179,0.402615,0.000024,0.1257
AACTCTCAGTGTGCTC-1,0.00003,0.00003,0.312461,0.135219,0.00003,0.113131,0.289444,0.149597,0.00003,0.00003
AACTGAGGTCAGCGTC-1,0.000038,0.000038,0.219765,0.000038,0.049065,0.341712,0.000038,0.000038,0.017557,0.371711
AACTGAGTTATACTGA-1,0.272313,0.47644,0.00004,0.003421,0.006037,0.00004,0.008021,0.103228,0.11238,0.018079
AACTGATATTAGGCCT-1,0.00003,0.00003,0.210216,0.008329,0.330485,0.450787,0.00003,0.00003,0.00003,0.00003
AACTGGGTCCCGACGT-1,0.051858,0.010357,0.081913,0.018002,0.088083,0.420348,0.129299,0.012714,0.02577,0.161655
AACTTGCCCGTATGCA-1,0.000043,0.000043,0.018352,0.000043,0.070781,0.619923,0.000043,0.016423,0.095934,0.178416
AACTTTCTCGATCATG-1,0.000018,0.000018,0.459997,0.012684,0.000018,0.133359,0.159552,0.137314,0.095739,0.001301
AAGAAAGTTTGATGGG-1,0.046046,0.000111,0.000111,0.000111,0.000111,0.000111,0.000111,0.144903,0.759675,0.048711
AAGAAATCACCAGATT-1,0.055082,0.009502,0.354798,0.094526,0.026498,0.1484,0.114992,0.064344,0.091269,0.040591
AAGACATACGTGGTTT-1,0.60073,0.00272,0.058756,0.002248,0.240111,0.058042,0.000025,0.001283,0.006618,0.029468
AAGACCAAATAACTCA-1,0.000101,0.000101,0.000101,0.000101,0.000101,0.000101,0.000101,0.698414,0.219114,0.081764
AAGACCCAACTGAACA-1,0.059861,0.042918,0.067794,0.315241,0.233947,0.044259,0.097112,0.026118,0.014396,0.098353
AAGACTGCAAGCTACT-1,0.000999,0.019139,0.000036,0.035304,0.033061,0.016927,0.411384,0.395337,0.078628,0.009185
AAGAGATGAATCGGTA-1,0.012026,0.000075,0.018559,0.000075,0.098055,0.341478,0.013582,0.068713,0.394441,0.052996
AAGAGCTCTTTATCGG-1,0.000018,0.08257,0.057698,0.297242,0.213899,0.034457,0.190771,0.064794,0.032085,0.026465
AAGAGGATGTACGCGA-1,0.000085,0.000085,0.000085,0.000085,0.000085,0.16742,0.363424,0.404995,0.063653,0.000085
AAGAGGCATGGATCGC-1,0.000008,0.016997,0.090493,0.17262,0.517261,0.005637,0.013804,0.000008,0.001499,0.181674
AAGAGGCCCTTTGGAA-1,0.959036,0.00005,0.00005,0.00005,0.00005,0.00005,0.00005,0.04056,0.00005,0.00005
AAGATGGCACCGGACC-1,0.071013,0.002083,0.22408,0.112461,0.082375,0.353238,0.093127,0.061514,0.000084,0.000027
AAGATTGGCGGAACGT-1,0.031527,0.001447,0.03364,0.069884,0.292191,0.047443,0.496574,0.009881,0.011174,0.00624
AAGCACCCTGCGTATC-1,0.046935,0.193299,0.014706,0.031447,0.355515,0.171557,0.069829,0.116167,0.000514,0.000029
AAGCATACTCTCCTGA-1,0.000016,0.113426,0.058192,0.043385,0.359887,0.068581,0.018228,0.000388,0.003313,0.334583
AAGCCACTTGCAGGTA-1,0.000041,0.000041,0.141096,0.003778,0.000041,0.196263,0.121859,0.2675,0.269339,0.000041
AAGCCGAAGCGGTTTA-1,0.549874,0.000059,0.013222,0.046661,0.074762,0.1103,0.131558,0.067753,0.005772,0.00004
AAGCCGCCGTGAAATC-1,0.029277,0.096717,0.000043,0.000043,0.00881,0.082765,0.176879,0.187117,0.418304,0.000043
AAGCCGCTTTACCTTG-1,0.059148,0.00002,0.294097,0.013437,0.001968,0.099526,0.033704,0.025787,0.318763,0.153549
AAGCCGGAGAGCAGGA-1,0.9176,0.000032,0.000032,0.000032,0.000032,0.025436,0.000032,0.037622,0.009862,0.009319
AAGCGCAGGGCTTTGA-1,0.028564,0.009936,0.053424,0.113731,0.148915,0.243267,0.00853,0.393569,0.000032,0.000032
AAGCGGCGTCATGGGT-1,0.000047,0.000047,0.041756,0.000047,0.087976,0.494626,0.000047,0.000047,0.000047,0.375359
AAGCGTCCCTCATCGA-1,0.000061,0.000061,0.14163,0.08498,0.00456,0.424962,0.195924,0.140074,0.007688,0.000061
AAGCTAGATCGAGTAA-1,0.000019,0.278486,0.090533,0.034657,0.365038,0.117139,0.024008,0.009891,0.07494,0.005289
AAGCTATGGATTGACC-1,0.092836,0.000017,0.297169,0.007642,0.005793,0.062741,0.009453,0.003035,0.258148,0.263167
AAGCTCGTGCCAAGTC-1,0.237098,0.280087,0.000031,0.000031,0.000031,0.000031,0.097662,0.125904,0.147109,0.112015
AAGCTCTTTCATGGTG-1,0.513379,0.07436,0.000056,0.000056,0.086182,0.004355,0.02244,0.283188,0.015928,0.000056
AAGGAGCGGTTGGTGC-1,0.000031,0.000031,0.590842,0.011067,0.054173,0.270497,0.00302,0.000031,0.05552,0.014787
AAGGATCGATCGCTTG-1,0.008746,0.262559,0.076997,0.072481,0.062098,0.119462,0.025844,0.313932,0.05785,0.000031
AAGGATGAGGGACCTC-1,0.000021,0.000738,0.0234,0.17627,0.164867,0.124305,0.327552,0.168936,0.01389,0.000021
AAGGCAGGCTGTCTCC-1,0.066092,0.07576,0.166094,0.030027,0.387516,0.150462,0.006847,0.014226,0.03791,0.065066
AAGGCGCGTAAAGCTT-1,0.045098,0.025502,0.000066,0.000066,0.000066,0.000066,0.000066,0.166427,0.704169,0.058474
AAGGCTGTGCTCATCG-1,0.14471,0.000045,0.117831,0.006612,0.048278,0.613987,0.061369,0.00708,0.000045,0.000045
AAGGGAACGACTGGCT-1,0.000025,0.000025,0.147513,0.001088,0.118645,0.660006,0.004785,0.005479,0.056258,0.006176
AAGGGACAGATTCTGT-1,0.139142,0.011123,0.080868,0.257879,0.161957,0.037497,0.207329,0.004629,0.09119,0.008385
AAGGGACTATGCATTC-1,0.00006,0.00006,0.043201,0.054829,0.00006,0.552417,0.093841,0.203412,0.05206,0.00006
AAGGGTTAGCCATGCG-1,0.51142,0.000024,0.130844,0.218957,0.120895,0.000024,0.000024,0.000024,0.000024,0.017763
AAGGTATCCTAATATA-1,0.000017,0.071883,0.181083,0.124515,0.125627,0.096399,0.241453,0.001857,0.155532,0.001634
AAGGTGATAAACCAGC-1,0.167982,0.108945,0.067585,0.028014,0.20609,0.051176,0.014097,0.279592,0.073161,0.003358
AAGTAGAAGACCGGGT-1,0.000045,0.000045,0.000386,0.000045,0.059752,0.456614,0.001963,0.133266,0.285361,0.062525
AAGTAGTGACGCGAGG-1,0.000034,0.000034,0.108746,0.000034,0.112556,0.449511,0.001295,0.000034,0.008,0.319758
AAGTCAATTGTCGTCA-1,0.392777,0.000052,0.000052,0.000052,0.000052,0.000052,0.000052,0.606809,0.000052,0.000052
AAGTCTAGTAGCTGCC-1,0.042367,0.000945,0.589644,0.005673,0.002441,0.080429,0.029216,0.005601,0.115104,0.128579
AAGTGACGACCGAATT-1,0.000027,0.000027,0.307146,0.016535,0.188599,0.470439,0.008371,0.000027,0.0088,0.000027
AAGTGAGTCGGGTTTA-1,0.003562,0.000015,0.161146,0.218009,0.142873,0.134833,0.294428,0.035929,0.005595,0.003609
AAGTGCCTTGACTGTA-1,0.239393,0.001834,0.00007,0.00007,0.00007,0.00007,0.00007,0.712676,0.045677,0.00007
AAGTGCGTTAGAATCT-1,0.000053,0.000053,0.12893,0.114323,0.063015,0.397035,0.016679,0.130093,0.149766,0.000053
AAGTGCTTCTCTATTG-1,0.16019,0.00274,0.044786,0.017224,0.000038,0.063748,0.363756,0.120857,0.099769,0.126892
AAGTGTTTGGAGACGG-1,0.206038,0.000145,0.000145,0.000145,0.119153,0.000145,0.000145,0.385844,0.000145,0.288097
AAGTTCACTCCAAGCT-1,0.649453,0.119409,0.000042,0.000042,0.000042,0.000042,0.000042,0.000042,0.20081,0.030078
AAGTTCAGTCTGCGTA-1,0.000079,0.000079,0.000079,0.000079,0.000079,0.091909,0.061815,0.70973,0.136071,0.000079
AAGTTCGGCCAACAGG-1,0.000045,0.000045,0.13645,0.076772,0.027485,0.436028,0.23368,0.061838,0.027612,0.000045
AAGTTGTGATGTTATA-1,0.83584,0.000077,0.000077,0.000077,0.000077,0.000077,0.000077,0.128827,0.034796,0.000077
AAGTTTATGGGCCCAA-1,0.011003,0.317263,0.024299,0.06087,0.122028,0.062293,0.040557,0.308831,0.00799,0.044867
AATAACAACGCTCGGC-1,0.010313,0.000035,0.091127,0.04282,0.0064,0.174673,0.149816,0.045029,0.330873,0.148913
AATAACACTAGAACAA-1,0.000021,0.00884,0.252528,0.148813,0.049628,0.193738,0.203282,0.03728,0.10585,0.000021
AATAACGTCGCGCCCA-1,0.530645,0.000013,0.188605,0.018964,0.154645,0.000013,0.000013,0.000013,0.000013,0.107077
AATAATCTTCGTATCG-1,0.583676,0.000103,0.000103,0.000103,0.000103,0.000103,0.000103,0.254292,0.000103,0.161312
AATACCGGAGGGCTGT-1,0.11761,0.000016,0.380957,0.040483,0.097533,0.157693,0.052364,0.002183,0.010341,0.140821
AATACCTGATGTGAAC-1,0.949822,0.00004,0.043215,0.00004,0.00004,0.00004,0.00004,0.00004,0.00004,0.006685
AATAGAACAGAGTGGC-1,0.017337,0.000025,0.032674,0.18007,0.009965,0.192214,0.395343,0.172322,0.000025,0.000025
AATAGAATCTGTTTCA-1,0.179412,0.087003,0.086019,0.022036,0.282441,0.091594,0.009099,0.134131,0.089798,0.018467
AATAGCAAGCCTCCTG-1,0.000076,0.000076,0.000076,0.000076,0.000076,0.336213,0.000076,0.196031,0.467227,0.000076
AATAGCTACCGCGTGC-1,0.000053,0.000053,0.007729,0.000053,0.000053,0.068621,0.363495,0.432382,0.12751,0.000053
AATAGGCACGACCCTT-1,0.000035,0.000035,0.683879,0.040245,0.000035,0.053095,0.057797,0.035312,0.129532,0.000035
AATAGTCCGTCCCGAC-1,0.000038,0.326356,0.000038,0.110342,0.000038,0.000038,0.025127,0.204446,0.238816,0.094762
AATATCGAATCAATGC-1,0.676757,0.022484,0.007484,0.027129,0.113194,0.062759,0.020394,0.044178,0.025587,0.000034
AATATCGAGGGTTCTC-1,0.044544,0.000041,0.029205,0.079984,0.172859,0.031128,0.190299,0.446526,0.005372,0.000041
AATATTGGAGTATTGA-1,0.106098,0.000072,0.025645,0.003294,0.021116,0.327718,0.025798,0.079536,0.410653,0.000072
AATCAGGTTTCATTTA-1,0.006507,0.000027,0.362439,0.104817,0.00693,0.390437,0.05032,0.051289,0.027207,0.000027
AATCATGTAAAGACTC-1,0.357745,0.074036,0.104334,0.070745,0.385347,0.003864,0.00275,0.000017,0.000017,0.001146
AATCCAAGGGCCTGAG-1,0.12401,0.012171,0.009074,0.042144,0.056339,0.196212,0.014432,0.295933,0.193417,0.05627
AATCCCGCTCAGAGCC-1,0.024291,0.000047,0.076984,0.076688,0.000047,0.004271,0.005325,0.719292,0.091531,0.001524
AATCGAGGTCTCAAGG-1,0.291833,0.000018,0.123738,0.009094,0.074668,0.000969,0.000018,0.000018,0.000018,0.499626
AATCGCCTCAGCGCCA-1,0.000017,0.040087,0.012561,0.15651,0.349078,0.148983,0.141048,0.148215,0.003485,0.000017
AATCGCGCAGAGGACT-1,0.04304,0.131699,0.091241,0.129742,0.308216,0.020559,0.068053,0.005826,0.145432,0.056192
AATCGGGACACTACGA-1,0.084183,0.009083,0.000088,0.000088,0.172145,0.363899,0.018638,0.119296,0.0927,0.13988
AATCGGTATAGCCCTC-1,0.999702,0.000033,0.000033,0.000033,0.000033,0.000033,0.000033,0.000033,0.000033,0.000033
AATCGTGAGCCGAGCA-1,0.381925,0.173101,0.000052,0.000052,0.000052,0.000052,0.000052,0.028098,0.206759,0.209857
AATCTAGGTTTACTTG-1,0.000107,0.000107,0.000107,0.000107,0.000107,0.032997,0.000107,0.432236,0.534022,0.000107
AATCTATGCCGGAGCC-1,0.000016,0.000296,0.298108,0.142265,0.151849,0.0671,0.260114,0.059772,0.004909,0.015572
AATCTCTACTGTGGTT-1,0.072165,0.001966,0.04849,0.052213,0.06362,0.145791,0.004616,0.028519,0.433642,0.148978
AATCTGCGTTGGGACG-1,0.043044,0.010057,0.001357,0.065227,0.134509,0.065397,0.150643,0.5297,0.000033,0.000033
AATCTGGCTTTCTAGT-1,0.000124,0.000124,0.000124,0.000124,0.000124,0.000124,0.000124,0.405371,0.593638,0.000124
AATCTGGGTAGACCCT-1,0.188132,0.000078,0.003278,0.013149,0.000078,0.07688,0.000078,0.110989,0.088461,0.518876
AATGACAGCAATGTCT-1,0.000023,0.001071,0.521532,0.07999,0.181265,0.169276,0.0395,0.000023,0.007296,0.000023
AATGACGTAGGATGTC-1,0.039915,0.01455,0.00339,0.00731,0.193674,0.038231,0.185903,0.470507,0.046488,0.000033
AATGACTGTCAGCCGG-1,0.00007,0.00007,0.004234,0.00007,0.00007,0.506919,0.054874,0.24468,0.188944,0.00007
AATGATGATACGCTAT-1,0.031392,0.000059,0.004612,0.059863,0.000059,0.141329,0.074082,0.651852,0.036694,0.000059
AATGATGCGACTCCTG-1,0.01403,0.000019,0.448258,0.336883,0.018592,0.039104,0.121791,0.021283,0.000019,0.000019
AATGCAACCGGGTACC-1,0.000063,0.000063,0.030294,0.0077,0.000063,0.452084,0.16134,0.345762,0.002568,0.000063
AATGCACCAAGCAATG-1,0.033787,0.098203,0.014084,0.062596,0.01999,0.142835,0.203274,0.133431,0.232442,0.059359
AATGGCCGCCAATGCG-1,0.116374,0.000063,0.000063,0.000063,0.000063,0.000063,0.000063,0.008665,0.193192,0.681389
AATGGTCCACCGTTCA-1,0.029053,0.026134,0.018587,0.034908,0.041618,0.168814,0.046135,0.226388,0.269321,0.139043
AATGGTTCTCACAAGC-1,0.041731,0.000102,0.000102,0.000102,0.000102,0.000102,0.000103,0.497465,0.379415,0.080774
AATGTATGGCACTGTA-1,0.112909,0.000101,0.000101,0.000101,0.000101,0.000101,0.000101,0.202689,0.680734,0.003062
AATGTGCCCGAGGTGT-1,0.00009,0.00009,0.00009,0.00009,0.00009,0.407258,0.003991,0.279341,0.308871,0.00009
AATGTGCTAATCTGAG-1,0.074717,0.000053,0.001906,0.023452,0.000053,0.035792,0.115557,0.349854,0.398564,0.000053
AATGTTAAGACCCTGA-1,0.346759,0.037416,0.00005,0.00005,0.024807,0.00005,0.00005,0.559232,0.031538,0.00005
AATGTTGTCGTGAGAC-1,0.532782,0.001002,0.057335,0.085613,0.044242,0.002504,0.000057,0.005111,0.000057,0.271298
AATTAAAGGTCGGCGT-1,0.01001,0.055468,0.03675,0.035839,0.083775,0.105387,0.448643,0.168317,0.055785,0.000026
AATTAACGGATTTCCA-1,0.060773,0.16967,0.050591,0.10126,0.179493,0.186495,0.088565,0.148157,0.01496,0.000037
AATTACGAGACCCATC-1,0.075008,0.000061,0.046603,0.052611,0.016145,0.216257,0.066836,0.124303,0.328424,0.073752
AATTAGCGCTGCAGCG-1,0.112689,0.237497,0.06452,0.041177,0.110782,0.033244,0.172266,0.180114,0.034539,0.013173
AATTATACCCAGCAAG-1,0.857687,0.000051,0.000051,0.000051,0.000051,0.000051,0.000051,0.061793,0.048065,0.032147
AATTCATAAGGGATCT-1,0.013078,0.067583,0.242224,0.293945,0.043859,0.043472,0.182297,0.000019,0.113504,0.000019
AATTCATTGTCATGCA-1,0.048226,0.000081,0.000081,0.000081,0.000081,0.0036,0.000081,0.255217,0.621841,0.07071
AATTCCAAGCATGTAC-1,0.046733,0.044076,0.175581,0.449815,0.12273,0.088657,0.035295,0.02886,0.000034,0.00822
AATTCGATTCGAGGAT-1,0.059088,0.008778,0.040865,0.008355,0.312522,0.120818,0.000046,0.448606,0.000046,0.000876
AATTCTAGAGTTAGGC-1,0.052059,0.042164,0.000044,0.002584,0.000044,0.000096,0.075098,0.763826,0.024774,0.03931
AATTGAACGCTCTGGT-1,0.014599,0.160478,0.139039,0.021033,0.437522,0.125739,0.00777,0.060022,0.03378,0.000018
AATTGCAGCAATCGAC-1,0.596432,0.036035,0.00004,0.000076,0.068042,0.000602,0.007396,0.286333,0.005004,0.00004
AATTGCGTGGATTACA-1,0.048257,0.000089,0.000089,0.000089,0.000089,0.000089,0.000089,0.325796,0.593338,0.032075
AATTGTGGTTGCCAAA-1,0.911547,0.000029,0.031152,0.000029,0.000029,0.040748,0.000287,0.003532,0.00847,0.004177
AATTTGGGACATAGTA-1,0.000064,0.000064,0.018084,0.021998,0.034475,0.608966,0.173301,0.091772,0.051212,0.000064
AATTTGGTTCCAAAGA-1,0.000131,0.000131,0.000131,0.000131,0.000131,0.000131,0.000131,0.690725,0.276937,0.031421
ACAAACCATGCGTCCT-1,0.000044,0.105947,0.000044,0.000044,0.000044,0.000044,0.000044,0.083626,0.801118,0.009047
ACAAACTCCATCAGAG-1,0.187099,0.003609,0.365968,0.041424,0.00181,0.058103,0.080725,0.062606,0.168348,0.030307
ACAAAGAAGGTAGGCC-1,0.051827,0.000048,0.029343,0.046245,0.062499,0.165051,0.001613,0.216168,0.213159,0.214045
ACAAAGCATGACCTAG-1,0.862086,0.004257,0.000032,0.000032,0.000032,0.000032,0.000032,0.059651,0.01195,0.061895
ACAAATCGCACCGAAT-1,0.110373,0.179374,0.012946,0.097318,0.140437,0.064039,0.028928,0.198863,0.019607,0.148115
ACAAATGGTAGTGTTT-1,0.109176,0.156176,0.072528,0.088023,0.29735,0.027526,0.183652,0.051002,0.014545,0.000022
ACAAATTCAGATCTGA-1,0.000103,0.335485,0.000103,0.000103,0.000103,0.004605,0.003418,0.220502,0.435475,0.000103
ACAACAGCATGAGCTA-1,0.046399,0.00242,0.064685,0.255023,0.156775,0.068118,0.291405,0.077164,0.000931,0.037081
ACAACGGTCCCTGCGA-1,0.101214,0.000122,0.000122,0.000122,0.000122,0.000122,0.000122,0.29495,0.56518,0.037924
ACAAGCAGTGCCTAGC-1,0.000024,0.000371,0.11846,0.002841,0.286565,0.314388,0.004029,0.000107,0.187372,0.085843
ACAAGGAAATCCGCCC-1,0.010202,0.29191,0.101676,0.114862,0.213544,0.053395,0.045218,0.011215,0.088934,0.069044
ACAAGGACAAGAGGTT-1,0.041088,0.000057,0.000057,0.000057,0.000057,0.000057,0.000057,0.038493,0.209205,0.710874
ACAAGGATGCTTTAGG-1,0.501603,0.020146,0.007908,0.002302,0.22758,0.05268,0.000035,0.028121,0.006961,0.152664
ACAAGGCCTACCAGCC-1,0.040331,0.000196,0.000196,0.000196,0.000196,0.000196,0.000196,0.352832,0.499303,0.106357
ACAAGGGCAGGCTCTG-1,0.000019,0.523485,0.037652,0.066549,0.095713,0.089639,0.040798,0.005465,0.112066,0.028612
ACAAGTAATTGTAAGG-1,0.000029,0.000217,0.457957,0.010893,0.010815,0.412438,0.006126,0.016687,0.084808,0.000029
ACAATAGTCGTACGTT-1,0.000043,0.000043,0.088553,0.000043,0.108833,0.682746,0.000043,0.015344,0.092977,0.011374
ACAATCCATTTAAACC-1,0.000056,0.000056,0.02386,0.000056,0.000056,0.362185,0.150427,0.356154,0.107095,0.000056
ACAATGAATACGGAGA-1,0.000022,0.032096,0.429453,0.162311,0.11134,0.192095,0.0127,0.000022,0.059937,0.000022
ACAATGATTCTTCTAC-1,0.000055,0.000055,0.006188,0.000055,0.000055,0.731269,0.00019,0.166514,0.056281,0.039338
ACAATTGTGTCTCTTT-1,0.765434,0.070023,0.000029,0.000029,0.000029,0.000029,0.000029,0.005285,0.159083,0.000029
ACAATTTGAGCAGTGG-1,0.076402,0.034761,0.031557,0.067061,0.2784,0.042672,0.41778,0.008219,0.043132,0.000017
ACAATTTGGCCATATT-1,0.284586,0.013514,0.046604,0.006496,0.181976,0.246165,0.006279,0.214331,0.000025,0.000025
ACACAAAGACGGGTGG-1,0.000035,0.000035,0.289106,0.003497,0.019909,0.332872,0.004171,0.032178,0.031741,0.286455
ACACAAATATTCCTAG-1,0.000239,0.01522,0.725079,0.0056,0.037913,0.154401,0.006016,0.00001,0.051636,0.003886
ACACACCAGGACCAGT-1,0.108538,0.089916,0.000047,0.000047,0.000047,0.000047,0.006275,0.642401,0.078209,0.074472
ACACACTTTCTACACG-1,0.000077,0.000077,0.014964,0.000077,0.184861,0.400327,0.147698,0.089316,0.139221,0.023383
ACACATGATCAAATCT-1,0.028316,0.005053,0.027552,0.003522,0.085913,0.013702,0.010744,0.000034,0.793859,0.031306
ACACATTTCCGTAGAC-1,0.000027,0.351087,0.044529,0.04153,0.042634,0.07197,0.045788,0.200837,0.128354,0.073243
ACACCACATAATTAGC-1,0.017609,0.011543,0.056182,0.175119,0.039412,0.023111,0.401072,0.056237,0.044447,0.175268
ACACCCAGCATGCAGC-1,0.00978,0.000085,0.009241,0.000085,0.000085,0.298612,0.088075,0.332558,0.24515,0.016331
ACACCCGAGAAATCCG-1,0.037041,0.000063,0.000063,0.000063,0.000063,0.000063,0.000063,0.19497,0.767548,0.000063
ACACCGGTCTGACCGC-1,0.000033,0.000447,0.107515,0.000033,0.014016,0.342727,0.000033,0.000033,0.386589,0.148575
ACACCTTAAGTAGGGC-1,0.00007,0.0647,0.016629,0.00007,0.00007,0.079773,0.015921,0.111514,0.711185,0.00007
ACACCTTACTACTTGC-1,0.248805,0.006877,0.042161,0.023916,0.020566,0.087647,0.006963,0.540079,0.000046,0.022941
ACACGAGACTCCTTCT-1,0.003012,0.083602,0.055071,0.028251,0.088157,0.018727,0.54301,0.12176,0.058384,0.000026
ACACGGCACTATGCAT-1,0.130248,0.000252,0.000252,0.000252,0.000252,0.023113,0.048428,0.445055,0.20487,0.147279
ACACGGGAACTTAGGG-1,0.000043,0.004012,0.000043,0.006018,0.000913,0.056906,0.399437,0.30392,0.213779,0.014931
ACACGTAGGCCACAAG-1,0.999643,0.00004,0.00004,0.00004,0.00004,0.00004,0.00004,0.00004,0.00004,0.00004
ACACTGATCAAGGTGT-1,0.00358,0.09524,0.142265,0.305074,0.23363,0.022734,0.164581,0.001859,0.031015,0.000021
ACACTGGGACAGTCGT-1,0.768651,0.000083,0.000083,0.000083,0.000083,0.000083,0.000083,0.230687,0.000083,0.000083
ACAGAACTGAGAACAA-1,0.000053,0.000053,0.032563,0.000053,0.000053,0.332993,0.039389,0.276713,0.203978,0.114151
ACAGCATAGAGCCAGT-1,0.037867,0.000286,0.000286,0.000286,0.000286,0.000286,0.000286,0.000286,0.145172,0.814961
ACAGCGACATTCTCAT-1,0.838132,0.000062,0.000062,0.000062,0.053803,0.000062,0.020007,0.087686,0.000062,0.000062
ACAGCGCACCCGCAGC-1,0.000068,0.000068,0.00233,0.000068,0.053939,0.534241,0.002058,0.046314,0.111263,0.24965
ACAGGCACGGATCCTT-1,0.872967,0.000038,0.000038,0.000038,0.000038,0.001712,0.000038,0.024783,0.059256,0.041094
ACAGGCTTGCCCGACT-1,0.57968,0.000693,0.000039,0.000039,0.060728,0.015456,0.015859,0.32743,0.000039,0.000039
ACAGGTGGAGGTGAGG-1,0.000021,0.000021,0.290632,0.175409,0.096372,0.30198,0.104609,0.030914,0.000021,0.000021
ACAGTAATACAACTTG-1,0.000057,0.000057,0.000057,0.000057,0.000057,0.000057,0.006149,0.281308,0.703576,0.008624
ACAGTATACCGTGGGA-1,0.041036,0.000351,0.000301,0.000265,0.000037,0.141379,0.180236,0.373311,0.263048,0.000037
ACATAAGTCGTGGTGA-1,0.052402,0.0001,0.0001,0.0001,0.0001,0.0001,0.0001,0.476729,0.470171,0.0001
ACATAATAAGGCGGTG-1,0.000108,0.000108,0.000108,0.000108,0.000108,0.195316,0.039741,0.673044,0.091253,0.000108
ACATACAATCAAGCGG-1,0.924678,0.000058,0.000058,0.000058,0.000058,0.000058,0.000058,0.000058,0.000058,0.074859
ACATCAGCTGGGACGC-1,0.102348,0.013891,0.036506,0.038291,0.031598,0.139812,0.066455,0.092386,0.337272,0.141442
ACATCCCGGCCATACG-1,0.063891,0.012424,0.001562,0.012221,0.179525,0.01851,0.423032,0.141885,0.031878,0.115073
ACATCCTGGTAACTGT-1,0.137159,0.361293,0.00286,0.000477,0.004017,0.023906,0.042008,0.326789,0.101456,0.000035
ACATCGATCGTTTACC-1,0.016538,0.096189,0.000051,0.049933,0.07078,0.025311,0.51592,0.225174,0.000051,0.000051
ACATCGCAATATTCGG-1,0.022598,0.003436,0.394646,0.005457,0.006648,0.089348,0.006281,0.009405,0.31175,0.150432
ACATCGGTCAGCCGCG-1,0.000022,0.000022,0.529933,0.080348,0.015212,0.146889,0.105482,0.001252,0.038892,0.081948
ACATCGTATGCAATGG-1,0.051504,0.060345,0.039952,0.051716,0.264247,0.121833,0.038675,0.358723,0.012976,0.000029
ACATCGTTAACCTAGT-1,0.000088,0.000088,0.000088,0.000088,0.064531,0.148269,0.085424,0.282136,0.414071,0.005215
ACATGCTTACGGCAGC-1,0.00002,0.002192,0.344946,0.00002,0.050859,0.267347,0.00002,0.00002,0.149613,0.184962
ACATGGCGCCAAAGTA-1,0.082688,0.044871,0.033408,0.010433,0.500268,0.163396,0.007963,0.034057,0.00941,0.113506
ACATTAGTTTATATCC-1,0.030816,0.000068,0.000068,0.000068,0.000068,0.000068,0.026248,0.913517,0.029011,0.000068
ACATTCGCGCGGAATA-1,0.000044,0.000044,0.225951,0.003967,0.000044,0.322933,0.081946,0.242184,0.122843,0.000044
ACATTTGAAACCTAAC-1,0.850224,0.000057,0.033866,0.000057,0.000057,0.000057,0.000057,0.115513,0.000057,0.000057
ACCAAACACCCAGCGA-1,0.000018,0.000018,0.343664,0.016698,0.001463,0.176931,0.217247,0.00617,0.066085,0.171707
ACCAACACCACACACT-1,0.000016,0.000016,0.581019,0.069779,0.005428,0.218408,0.114151,0.008584,0.002583,0.000016
ACCAACCGCACTCCAC-1,0.361885,0.011837,0.106029,0.012471,0.2244,0.000023,0.000023,0.000023,0.000023,0.283284
ACCAACGCTTATTTAT-1,0.000033,0.042961,0.158334,0.16701,0.019579,0.066298,0.214178,0.275664,0.04578,0.010163
ACCAAGAACGCGTGTC-1,0.0001,0.0001,0.0001,0.0001,0.0001,0.18166,0.0001,0.56603,0.219193,0.032516
ACCAAGTCATCGGCAG-1,0.715559,0.000051,0.000051,0.000051,0.000051,0.000051,0.000051,0.024826,0.000051,0.25926
ACCAATATGCAAGTTA-1,0.208194,0.162721,0.068815,0.054297,0.274598,0.169677,0.005448,0.051108,0.000026,0.005117
ACCACAACTCAGAACA-1,0.033664,0.000093,0.000093,0.000093,0.07046,0.016387,0.000093,0.6768,0.202227,0.000093
ACCACAAGTTTCTATC-1,0.00003,0.00003,0.496176,0.031927,0.004697,0.24245,0.130375,0.04871,0.045575,0.00003
ACCACACGGTTGATGG-1,0.075922,0.025575,0.043557,0.004028,0.571569,0.010192,0.000017,0.017939,0.000057,0.251144
ACCACCAATGTAACAA-1,0.044735,0.315742,0.017494,0.030219,0.12502,0.04138,0.026733,0.189228,0.076784,0.132666
ACCACCCTCTCTTCTA-1,0.036253,0.030556,0.241879,0.008734,0.000012,0.000012,0.014121,0.000012,0.533077,0.135343
ACCACGTGCAGCTATA-1,0.070295,0.040811,0.16727,0.062523,0.340006,0.249706,0.02707,0.015975,0.000021,0.026323
ACCAGTGCCCGGTCAA-1,0.000067,0.000067,0.000067,0.000067,0.135671,0.335579,0.000067,0.187786,0.226841,0.113787
ACCAGTGCGGGAGACG-1,0.248025,0.188081,0.011055,0.046429,0.25863,0.020669,0.009654,0.038167,0.02773,0.15156
ACCATATCCGCAATAA-1,0.000012,0.01021,0.112589,0.141752,0.242879,0.023656,0.3711,0.001033,0.03366,0.063109
ACCATCCGCCAACTAG-1,0.031192,0.000132,0.000132,0.000132,0.000132,0.000132,0.000132,0.46102,0.452751,0.054243
ACCATCGTATATGGTA-1,0.000071,0.018706,0.000071,0.000071,0.000071,0.000071,0.081322,0.405572,0.493974,0.000071
ACCCAACGCCCGTGGC-1,0.012192,0.097147,0.025124,0.592657,0.000097,0.000339,0.129035,0.000463,0.142934,0.000011
ACCCACCTACATGCTC-1,0.014604,0.000098,0.000098,0.000098,0.003627,0.167589,0.000098,0.516969,0.182766,0.114053
ACCCATCTTGAGGGTA-1,0.000028,0.000028,0.284708,0.177824,0.051459,0.105329,0.306622,0.000028,0.039319,0.034655
ACCCATTTGTCCCTCT-1,0.844498,0.000047,0.000047,0.000047,0.000047,0.000047,0.000047,0.007087,0.147641,0.00049
ACCCGAGCGAAATTAC-1,0.000033,0.047443,0.407048,0.072658,0.063631,0.381474,0.021198,0.000033,0.006448,0.000033
ACCCGATTGGTTCCGA-1,0.045137,0.071258,0.253686,0.071987,0.056425,0.050353,0.24127,0.009346,0.17097,0.029569
ACCCGGAAACTCCCAG-1,0.154726,0.02065,0.092715,0.06668,0.532176,0.05705,0.032523,0.020123,0.000015,0.023343
ACCCGGAGCACCACAA-1,0.768834,0.000032,0.000032,0.000032,0.000032,0.000032,0.000032,0.000032,0.089995,0.140946
ACCCGGATGACGCATC-1,0.06947,0.000019,0.025619,0.029054,0.535624,0.083583,0.006,0.073047,0.000019,0.177565
ACCCGGTTACACTTCC-1,0.00855,0.033795,0.111044,0.016639,0.164476,0.060102,0.305174,0.021534,0.111977,0.166709
ACCCGTAGCAGAGAAT-1,0.040236,0.000088,0.000088,0.000088,0.000088,0.000088,0.000088,0.083955,0.663519,0.211762
ACCCGTAGTCTAGTTG-1,0.844646,0.000057,0.000057,0.000057,0.000057,0.000057,0.000057,0.154897,0.000057,0.000057
ACCCGTGTCATCAGTA-1,0.01322,0.147403,0.000043,0.079429,0.023045,0.000043,0.236203,0.288351,0.079389,0.132875
ACCCTATGCCATATCG-1,0.000097,0.000097,0.000097,0.000097,0.000097,0.046085,0.203363,0.590587,0.097042,0.062437
ACCCTCCCGTCAGGGC-1,0.917548,0.000034,0.000034,0.000034,0.000034,0.000034,0.000034,0.000034,0.000034,0.082177
ACCCTCCCTTGCTATT-1,0.197526,0.007461,0.029116,0.003632,0.189137,0.144444,0.003781,0.379395,0.014935,0.030573
ACCCTGGTAACGCCCT-1,0.000021,0.001982,0.455432,0.008741,0.026065,0.18768,0.080403,0.025398,0.153575,0.060702
ACCCTTCATCTGCGAA-1,0.000067,0.000067,0.000067,0.000067,0.181135,0.501137,0.036381,0.220176,0.013466,0.047435
ACCCTTGCCTGGGTCG-1,0.021147,0.075681,0.070534,0.039935,0.121013,0.309961,0.191999,0.004707,0.138054,0.026972
ACCCTTTAGTTCTCCA-1,0.000116,0.000116,0.000116,0.000116,0.000116,0.000116,0.000116,0.000116,0.000116,0.998958
ACCGAAGAGTCTGGTT-1,0.000128,0.000128,0.000128,0.000128,0.000128,0.000128,0.000128,0.430026,0.568953,0.000128
ACCGACACATCTCCCA-1,0.000018,0.000044,0.189666,0.077331,0.503618,0.075177,0.048771,0.023428,0.000018,0.08193
ACCGACTGAGTCCCAC-1,0.000052,0.109011,0.000052,0.007592,0.000052,0.012714,0.286379,0.289871,0.294223,0.000052
ACCGAGTCTCCTTATT-1,0.136917,0.261234,0.15191,0.015633,0.169857,0.109898,0.007853,0.098737,0.04794,0.000022
ACCGATAGGCATAACC-1,0.77142,0.000037,0.000037,0.000037,0.000037,0.000037,0.000037,0.000037,0.026291,0.20203
ACCGATATTTAATCAT-1,0.700073,0.003063,0.00005,0.00005,0.041431,0.011999,0.066946,0.176288,0.00005,0.00005
ACCGATGGTAGCATCG-1,0.000021,0.101507,0.065883,0.026489,0.591828,0.066542,0.002336,0.052419,0.016424,0.07655
ACCGCAATAACTGCCT-1,0.324153,0.029256,0.017911,0.019566,0.238194,0.109666,0.016863,0.242329,0.000025,0.002036
ACCGCGGTGGAAGTCG-1,0.174577,0.170451,0.048542,0.021449,0.195553,0.104553,0.000265,0.027346,0.089674,0.167591
ACCGCTAGTCATTGGT-1,0.005138,0.000042,0.382458,0.00232,0.000042,0.136121,0.038955,0.248557,0.059223,0.127145
ACCGGGCCTTTGTTGA-1,0.699994,0.060817,0.000037,0.000037,0.000037,0.000037,0.000037,0.090043,0.148921,0.000037
ACCGGTCAGGTACACC-1,0.000036,0.000036,0.181579,0.021907,0.054575,0.00094,0.00093,0.000036,0.534254,0.205705
ACCGGTCTGAGTACGG-1,0.000166,0.000166,0.000166,0.000166,0.000166,0.000166,0.000166,0.671481,0.327187,0.000166
ACCGTCCACTGGGCCC-1,0.068742,0.011214,0.062942,0.00953,0.073964,0.154355,0.052804,0.081557,0.316119,0.168773
ACCGTGACCACGTGGG-1,0.006785,0.020332,0.307097,0.183233,0.094533,0.266069,0.086588,0.030384,0.004959,0.00002
