Barcode,Topic 1,Topic 2,Topic 3,Topic 4,Topic 5to6,Topic 7,Topic 8,Topic 9,Topic 10,Topic 11
AAACAAGTATCTCCCA-1,0.141,0.055186,0.220731,0.253634,0.01643,0.001957,0.021557,0.148814,0.029999,0.110693
AAACACCAATAACTGC-1,0.291591,0.330468,0.000016,0.000016,0.000031,0.000016,0.000016,0.375168,0.000016,0.002664
AAACAGAGCGACTCCT-1,0.000031,0.000031,0.460453,0.053655,0.00494,0.437968,0.001471,0.03011,0.011312,0.000031
AAACAGCTTTCAGAAG-1,0.159899,0.013435,0.183009,0.115931,0.361386,0.0198,0.049444,0.005437,0.001222,0.090436
AAACAGGGTCTATATT-1,0.000013,0.003086,0.011449,0.277366,0.334744,0.028754,0.070017,0.00052,0.062194,0.211856
AAACAGTGTTCCTGGG-1,0.744562,0.187595,0.000022,0.000022,0.000044,0.000022,0.000022,0.067666,0.000022,0.000022
AAACATGGTGAGAGGA-1,0.544204,0.126817,0.004769,0.149006,0.000031,0.001577,0.00107,0.003168,0.029431,0.139927
AAACATTTCCCGGATT-1,0.581941,0.049856,0.04388,0.217806,0.000045,0.039067,0.002113,0.006305,0.006438,0.052549
AAACCCGAACGAAATC-1,0.01416,0.006686,0.00336,0.298146,0.016454,0.007712,0.012647,0.31109,0.3094,0.020345
AAACCGGGTAGGTACC-1,0.015441,0.000006,0.002359,0.000378,0.843789,0.076214,0.0073,0.006983,0.036172,0.011357
AAACCGTTCGTCCAGG-1,0.000008,0.002827,0.054635,0.029726,0.048156,0.119955,0.049971,0.200493,0.345786,0.148444
AAACCTAAGCAGCCGG-1,0.793598,0.030369,0.000018,0.097947,0.000036,0.000018,0.000018,0.072579,0.004726,0.000692
AAACCTCATGAAGTTG-1,0.000005,0.000005,0.000005,0.001613,0.958335,0.008117,0.005011,0.000005,0.02355,0.003355
AAACGAAGATGGAGTA-1,0.128822,0.41427,0.252784,0.203994,0.000037,0.000019,0.000019,0.000019,0.000019,0.000019
AAACGAGACGGTTGAT-1,0.000009,0.005244,0.310216,0.006341,0.575451,0.040494,0.021596,0.004601,0.016629,0.019419
AAACGGGCGTACGGGT-1,0.064581,0.712764,0.009296,0.000997,0.007588,0.009216,0.014758,0.000025,0.015283,0.165491
AAACGGTTGCGAACTG-1,0.778567,0.048823,0.000027,0.073677,0.000054,0.000027,0.000027,0.098744,0.000027,0.000027
AAACGTGTTCGCCCTA-1,0.000049,0.087552,0.549643,0.094127,0.000099,0.002735,0.000049,0.207088,0.000049,0.058608
AAACTCGGTTCGCAAT-1,0.662054,0.168307,0.000018,0.000018,0.000035,0.000018,0.000018,0.169498,0.000018,0.000018
AAACTCGTGATATAAG-1,0.000032,0.045958,0.631755,0.002498,0.065648,0.000032,0.022529,0.169252,0.028939,0.033358
AAACTGCTGGCTCCAA-1,0.091333,0.002489,0.246602,0.557463,0.071454,0.019859,0.010104,0.000018,0.000018,0.000661
AAACTTAATTGCACGC-1,0.734981,0.1128,0.025923,0.126162,0.000038,0.000019,0.000019,0.000019,0.000019,0.000019
AAACTTGCAAACGTAT-1,0.017029,0.03572,0.159022,0.023638,0.282427,0.024102,0.047516,0.140873,0.058905,0.210768
AAAGAATGACCTTAGA-1,0.682786,0.068126,0.010181,0.182375,0.009211,0.001709,0.008225,0.000766,0.010874,0.025749
AAAGACCCAAGTCGCG-1,0.000075,0.17652,0.561679,0.04988,0.000151,0.000075,0.000075,0.211393,0.000075,0.000075
AAAGACTGGGCGCTTT-1,0.022674,0.027577,0.517059,0.000019,0.13149,0.088751,0.023424,0.152396,0.000073,0.036537
AAAGCTTGCCTACATA-1,0.000015,0.000015,0.004176,0.253517,0.088995,0.103148,0.15198,0.24236,0.120782,0.035011
AAAGGCCCTATAATAC-1,0.228984,0.391503,0.000018,0.000018,0.000036,0.000018,0.000018,0.280985,0.075459,0.02296
AAAGGCTACGGACCAT-1,0.202121,0.639952,0.000026,0.000051,0.039348,0.113393,0.000026,0.000026,0.002026,0.00303
AAAGGCTCTCGCGCCG-1,0.11552,0.052793,0.06153,0.769936,0.000063,0.000032,0.000032,0.000032,0.000032,0.000032
AAAGGGATGTAGCAAG-1,0.000032,0.000032,0.556267,0.208908,0.099351,0.103291,0.028972,0.000032,0.003083,0.000032
AAAGGGCAGCTTGAAT-1,0.02501,0.000013,0.092327,0.033279,0.314093,0.330444,0.071474,0.060558,0.040749,0.032054
AAAGGTAAGCTGTACC-1,0.000059,0.583355,0.372848,0.007937,0.000119,0.000059,0.000059,0.035444,0.000059,0.000059
AAAGTAGCATTGCTCA-1,0.000028,0.059244,0.14437,0.754354,0.000056,0.000028,0.000028,0.019829,0.000028,0.022033
AAAGTCACTGATGTAA-1,0.03277,0.444305,0.366865,0.000041,0.000082,0.005871,0.000041,0.149943,0.000041,0.000041
AAAGTCGACCCTCAGT-1,0.02561,0.000009,0.000009,0.014867,0.804513,0.049076,0.013084,0.019494,0.067512,0.005826
AAAGTGTGATTTATCT-1,0.00002,0.069278,0.024683,0.599552,0.059753,0.014165,0.046166,0.017096,0.056537,0.11275
AAAGTTGACTCCCGTA-1,0.015548,0.122385,0.137467,0.493898,0.021603,0.003023,0.041852,0.070892,0.057422,0.035911
AAATAACCATACGGGA-1,0.00002,0.107485,0.380551,0.00002,0.00842,0.336975,0.00002,0.165629,0.00002,0.000863
AAATAAGGTAGTGCCC-1,0.000006,0.000006,0.007239,0.128187,0.831466,0.001138,0.018172,0.002684,0.008989,0.002113
AAATACCTATAAGCAT-1,0.100443,0.052054,0.230606,0.111575,0.251296,0.00498,0.042226,0.184052,0.003347,0.019421
AAATAGCTTAGACTTT-1,0.053942,0.000014,0.005382,0.33409,0.105816,0.016007,0.149972,0.040358,0.152298,0.142119
AAATAGGGTGCTATTG-1,0.259922,0.008853,0.053257,0.466083,0.017321,0.038105,0.011695,0.111193,0.012448,0.021122
AAATCCGATACACGCC-1,0.068704,0.226985,0.000018,0.001586,0.062517,0.004656,0.026108,0.420309,0.090803,0.098313
AAATCGCGGAAGGAGT-1,0.000211,0.097815,0.050267,0.005339,0.457708,0.007163,0.137865,0.084882,0.000006,0.158744
AAATCGTGTACCACAA-1,0.034272,0.00873,0.039724,0.324606,0.056721,0.205306,0.004949,0.135299,0.182261,0.008132
AAATCTAGCCCTGCTA-1,0.187405,0.044016,0.071891,0.231094,0.052623,0.034011,0.001919,0.050615,0.030815,0.29561
AAATCTGCCCGCGTCC-1,0.732295,0.1453,0.066229,0.038443,0.017599,0.000026,0.000026,0.000026,0.000026,0.000026
AAATGACTGATCAAAC-1,0.874128,0.000077,0.012074,0.000077,0.029718,0.083615,0.000077,0.000077,0.000077,0.000077
AAATGATTCGATCAGC-1,0.000025,0.010049,0.404899,0.079673,0.141484,0.210483,0.108409,0.015705,0.000025,0.02925
AAATGCTCGTTACGTT-1,0.000059,0.000059,0.902431,0.05828,0.000119,0.025849,0.000059,0.013024,0.000059,0.000059
AAATGGCATGTCTTGT-1,0.00004,0.00004,0.832295,0.00662,0.000079,0.092334,0.00004,0.068473,0.00004,0.00004
AAATGGCCCGTGCCCT-1,0.219929,0.097601,0.088797,0.054117,0.056367,0.005568,0.032926,0.24891,0.048942,0.146843
AAATGGTCAATGTGCC-1,0.040652,0.000077,0.000077,0.365601,0.000154,0.141311,0.000077,0.179964,0.272012,0.000077
AAATGTATCTTATCCC-1,0.000028,0.010407,0.234545,0.014881,0.057882,0.57178,0.015396,0.07328,0.010774,0.011025
AAATTAACGGGTAGCT-1,0.000026,0.000026,0.232221,0.460326,0.293774,0.005148,0.008402,0.000026,0.000026,0.000026
AAATTAATAAGCGCGA-1,0.000035,0.038782,0.701417,0.105218,0.083218,0.002439,0.016033,0.052788,0.000035,0.000035
AAATTACACGACTCTG-1,0.00003,0.00003,0.391892,0.026096,0.00006,0.457561,0.000265,0.111012,0.007631,0.005424
AAATTACCTATCGATG-1,0.000015,0.000015,0.040704,0.035554,0.205459,0.116293,0.199083,0.275898,0.117702,0.009277
AAATTCCAGGTCCAAA-1,0.04686,0.000006,0.003211,0.065244,0.356198,0.035246,0.15264,0.047437,0.128818,0.164341
AAATTGATAGTCCTTT-1,0.000019,0.154463,0.027518,0.150531,0.000039,0.000019,0.000019,0.252675,0.118306,0.29641
AAATTGGTGAGAAGCA-1,0.000042,0.142482,0.619899,0.122878,0.000083,0.000042,0.000042,0.114449,0.000042,0.000042
AAATTTGCGGGTGTGG-1,0.062621,0.021643,0.071345,0.802005,0.002811,0.012024,0.000027,0.023764,0.003732,0.000027
AACAACTGGTAGTTGC-1,0.006114,0.020457,0.106288,0.020929,0.31282,0.242071,0.207478,0.028808,0.03627,0.018764
AACAATACATTGTCGA-1,0.014272,0.557469,0.00001,0.00001,0.185428,0.052846,0.00001,0.031989,0.154627,0.003339
AACAATTACTCTACGC-1,0.008871,0.03214,0.664939,0.063961,0.112295,0.035511,0.043207,0.01833,0.013555,0.007192
AACACACGCTCGCCGC-1,0.000025,0.000005,0.001025,0.006874,0.253179,0.163984,0.087468,0.003226,0.277349,0.206866
AACACGACTGTACTGA-1,0.000067,0.091282,0.605824,0.025661,0.025147,0.093399,0.008314,0.150171,0.000067,0.000067
AACACGAGACGCGGCC-1,0.000011,0.00022,0.015558,0.24671,0.065917,0.023725,0.001089,0.121037,0.525188,0.000545
AACAGCTGTGTGGCAA-1,0.58665,0.115314,0.004444,0.28493,0.000047,0.000024,0.000024,0.00852,0.000024,0.000024
AACAGGAAATCGAATA-1,0.000029,0.000029,0.301431,0.092583,0.027583,0.446739,0.066391,0.065153,0.000029,0.000031
AACAGGATGGGCCGCG-1,0.000022,0.02184,0.247987,0.217571,0.166104,0.211942,0.078198,0.044838,0.011105,0.000393
AACAGGTAGTATGGAT-1,0.019871,0.015992,0.00899,0.418418,0.022565,0.026866,0.010762,0.175006,0.208096,0.093432
AACATAGCGTGTATCG-1,0.855634,0.022709,0.044494,0.000077,0.000154,0.076622,0.000077,0.000077,0.000077,0.000077
AACATATCAACTGGTG-1,0.005521,0.031899,0.250755,0.106362,0.267638,0.023975,0.124041,0.028335,0.002591,0.158883
AACATCGATACGTCTA-1,0.000025,0.000025,0.000025,0.000025,0.00005,0.008244,0.000025,0.986968,0.004589,0.000025
AACATTGAAGTTGATC-1,0.595045,0.347494,0.00489,0.05236,0.00006,0.00003,0.00003,0.00003,0.00003,0.00003
AACATTGTGACTCGAG-1,0.382288,0.499157,0.092436,0.025918,0.000057,0.000029,0.000029,0.000029,0.000029,0.000029
AACCAAGACTTCTCTG-1,0.009571,0.00666,0.12324,0.510865,0.333672,0.000018,0.015921,0.000018,0.000018,0.000018
AACCATAGGGTTGAAC-1,0.708971,0.227554,0.000714,0.000766,0.012339,0.000016,0.005552,0.038357,0.000441,0.005291
AACCATGGGATCGCTA-1,0.000065,0.026209,0.534304,0.052987,0.023799,0.179912,0.000065,0.096667,0.002004,0.083989
AACCCAGAGACGGAGA-1,0.03299,0.031928,0.685701,0.011173,0.000117,0.161535,0.046808,0.029644,0.000052,0.000052
AACCCATCCCATGATC-1,0.00497,0.078772,0.000019,0.132666,0.000037,0.000019,0.000019,0.465816,0.202955,0.114728
AACCCGACAACCCGTG-1,0.427451,0.382173,0.000016,0.000016,0.000032,0.000016,0.000016,0.190249,0.000016,0.000016
AACCCGCTGTATTCCA-1,0.79016,0.090933,0.118331,0.000072,0.000144,0.000072,0.000072,0.000072,0.000072,0.000072
AACCCTACTGTCAATA-1,0.000025,0.312589,0.248757,0.216287,0.019325,0.000025,0.007249,0.136528,0.029619,0.029596
AACCGAGCTTGGTCAT-1,0.048366,0.003239,0.585395,0.12089,0.106538,0.058748,0.061534,0.015238,0.000026,0.000026
AACCGCTAAGGGATGC-1,0.000006,0.000006,0.001596,0.050314,0.213232,0.130156,0.107227,0.000006,0.193737,0.30372
AACCGTTGTGTTTGCT-1,0.000116,0.013735,0.578464,0.40687,0.000233,0.000116,0.000116,0.000117,0.000116,0.000116
AACCTCGCTTTAGCCC-1,0.099313,0.533825,0.000025,0.000025,0.077698,0.049664,0.000025,0.090954,0.147024,0.001447
AACCTGTCACGGAATT-1,0.015015,0.004442,0.163099,0.172753,0.342565,0.050208,0.048753,0.025743,0.015582,0.161839
AACCTTTAAATACGGT-1,0.000018,0.08809,0.296859,0.389778,0.072014,0.000539,0.004376,0.000018,0.000018,0.148291
AACCTTTACGACGTCT-1,0.000028,0.000028,0.24164,0.1055,0.10447,0.457287,0.025606,0.02279,0.016555,0.026096
AACGAAAGTCGTCCCA-1,0.069067,0.114125,0.08428,0.379612,0.115972,0.007954,0.05708,0.01685,0.00225,0.152811
AACGATAATGCCGTAG-1,0.00005,0.263493,0.00005,0.120322,0.000101,0.00005,0.00005,0.615782,0.00005,0.00005
AACGATAGAAGGGCCG-1,0.00005,0.00005,0.64182,0.148713,0.000099,0.142954,0.00005,0.066166,0.00005,0.00005
AACGATATGTCAACTG-1,0.000028,0.01926,0.490316,0.103332,0.133437,0.161291,0.05198,0.034308,0.006021,0.000028
AACGCATGATCTGGGT-1,0.000036,0.000036,0.197507,0.257399,0.152388,0.266557,0.091316,0.029946,0.00478,0.000036
AACGCGACCTTGGGCG-1,0.700678,0.124632,0.000032,0.117351,0.000064,0.000032,0.000032,0.057116,0.000032,0.000032
AACGCGGTCTCCAGCC-1,0.000038,0.000038,0.186783,0.145403,0.000075,0.118606,0.005093,0.371845,0.172083,0.000038
AACGCTGTTGCTGAAA-1,0.00001,0.042439,0.040062,0.144385,0.092435,0.253583,0.18046,0.00269,0.088247,0.155688
AACGGACGTACGTATA-1,0.000019,0.181639,0.228463,0.589746,0.000038,0.000019,0.000019,0.000019,0.000019,0.000019
AACGGCCATCTCCGGT-1,0.010533,0.015953,0.033769,0.305651,0.069136,0.145396,0.06952,0.118533,0.168817,0.062692
AACGTACTGTGGGTAC-1,0.000022,0.004103,0.333024,0.387924,0.129797,0.017519,0.035849,0.045632,0.02478,0.021351
AACGTCAGACTAGTGG-1,0.000036,0.016204,0.581391,0.073585,0.031393,0.133015,0.053688,0.094046,0.016607,0.000036
AACGTCATCCGGCTTG-1,0.688444,0.003788,0.003788,0.003788,0.007577,0.003788,0.277462,0.003788,0.003788,0.003788
AACGTGATGAAGGACA-1,0.000062,0.657654,0.341785,0.000062,0.000125,0.000062,0.000062,0.000062,0.000062,0.000062
AACGTGCGAAAGTCTC-1,0.0708,0.001537,0.121897,0.223829,0.541035,0.002636,0.032869,0.000011,0.000011,0.005375
AACGTTATCAGCACCT-1,0.000042,0.000042,0.211482,0.092774,0.095144,0.5417,0.053521,0.000692,0.004558,0.000042
AACTACCCGTTTGTCA-1,0.000021,0.149212,0.160679,0.500381,0.006671,0.000021,0.003029,0.137006,0.008941,0.034038
AACTAGGCTTGGGTGT-1,0.005373,0.021042,0.000039,0.12628,0.000077,0.034516,0.000039,0.199702,0.481547,0.131386
AACTCAAGTTAATTGC-1,0.001064,0.000579,0.038185,0.211664,0.537719,0.099199,0.040782,0.000773,0.044519,0.025515
AACTCCAGAGCGTGTT-1,0.138649,0.224053,0.104195,0.439207,0.000081,0.051028,0.008499,0.000041,0.001995,0.032252
AACTCCTAATCCCATG-1,0.000036,0.000036,0.669854,0.000036,0.034962,0.197913,0.008893,0.076316,0.000036,0.011918
AACTCTCAATAGAGCG-1,0.01504,0.020948,0.109371,0.041329,0.204629,0.033583,0.035704,0.12632,0.210509,0.202567
AACTCTCAGTGTGCTC-1,0.00001,0.0884,0.130757,0.018144,0.296626,0.003134,0.125308,0.220318,0.00001,0.117293
AACTGATATTAGGCCT-1,0.000036,0.004188,0.540351,0.000036,0.000073,0.429473,0.000036,0.025733,0.000036,0.000036
AACTGGGTCCCGACGT-1,0.000013,0.000013,0.200007,0.008111,0.534333,0.232623,0.020593,0.000319,0.000475,0.003511
AACTTCTGCGTCTATC-1,0.000055,0.000055,0.346927,0.026664,0.00011,0.278281,0.000055,0.347743,0.000055,0.000055
AACTTGCCCGTATGCA-1,0.000021,0.000021,0.318711,0.013796,0.345434,0.182649,0.071387,0.035589,0.032371,0.000021
AACTTGCGTTCTCGCG-1,0.000066,0.074484,0.467499,0.119996,0.001338,0.280861,0.000066,0.055556,0.000066,0.000066
AACTTTACGGGAGCTT-1,0.000046,0.000046,0.369195,0.430802,0.110894,0.000665,0.076119,0.012141,0.000046,0.000046
AACTTTCTCGATCATG-1,0.000021,0.003587,0.003779,0.292637,0.029164,0.067436,0.055996,0.418173,0.112689,0.016519
AAGAAAGTTTGATGGG-1,0.581871,0.297838,0.054921,0.029262,0.000083,0.000041,0.000041,0.005557,0.030346,0.000041
AAGAAATCACCAGATT-1,0.048501,0.045329,0.013647,0.252228,0.000732,0.145381,0.006242,0.417263,0.038323,0.032353
AAGACCAAATAACTCA-1,0.541895,0.349483,0.053214,0.026043,0.000428,0.000013,0.015275,0.000013,0.000013,0.013622
AAGACCCAACTGAACA-1,0.409428,0.255929,0.000031,0.311042,0.000063,0.000031,0.000031,0.01935,0.000031,0.004064
AAGACTGCAAGCTACT-1,0.000012,0.008588,0.238279,0.002045,0.543815,0.107051,0.011038,0.039105,0.034276,0.015791
AAGAGATGAATCGGTA-1,0.035483,0.000012,0.00686,0.000012,0.169517,0.403858,0.177262,0.04643,0.126675,0.033892
AAGAGCTCTTTATCGG-1,0.035645,0.031688,0.262231,0.000012,0.453957,0.003139,0.007387,0.143919,0.01825,0.043774
AAGAGGATGTACGCGA-1,0.000007,0.000007,0.008099,0.000007,0.724398,0.158811,0.001976,0.005361,0.095753,0.005581
AAGAGGCATGGATCGC-1,0.029902,0.000115,0.011485,0.087324,0.261339,0.16433,0.007272,0.002334,0.363944,0.071954
AAGAGGCCCTTTGGAA-1,0.06117,0.086914,0.004386,0.299261,0.003927,0.001976,0.001995,0.329063,0.161505,0.049802
AAGATGGCACCGGACC-1,0.213815,0.078697,0.031451,0.041791,0.352004,0.032223,0.039216,0.021961,0.000012,0.188831
AAGATTGGCGGAACGT-1,0.00001,0.002844,0.115955,0.025258,0.433982,0.131496,0.133481,0.023417,0.112519,0.021037
AAGCACCCTGCGTATC-1,0.081677,0.467362,0.181011,0.269651,0.000086,0.000043,0.000043,0.000043,0.000043,0.000043
AAGCATACTCTCCTGA-1,0.000015,0.122619,0.192814,0.124489,0.121478,0.018559,0.040221,0.072087,0.044535,0.263184
AAGCCACTTGCAGGTA-1,0.770999,0.089934,0.0313,0.063921,0.01554,0.01331,0.001659,0.000033,0.008357,0.004948
AAGCCGAAGCGGTTTA-1,0.000016,0.130967,0.542578,0.175348,0.005448,0.000016,0.000786,0.116929,0.000016,0.027896
AAGCCGCCGTGAAATC-1,0.824296,0.006555,0.000016,0.071,0.000032,0.000016,0.002329,0.019505,0.021823,0.054429
AAGCCGCTTTACCTTG-1,0.000028,0.021478,0.122498,0.209501,0.006054,0.209551,0.017141,0.364918,0.025218,0.023613
AAGCGCAGGGCTTTGA-1,0.118321,0.184496,0.000057,0.41884,0.000114,0.000057,0.000057,0.077898,0.160873,0.039287
AAGCGGAGTGCGCGCA-1,0.022253,0.080087,0.067083,0.172468,0.006899,0.13604,0.014681,0.428716,0.045995,0.025777
AAGCGGCGTCATGGGT-1,0.000041,0.0891,0.451917,0.045204,0.010733,0.165842,0.000583,0.236499,0.000041,0.000041
AAGCGTCCCTCATCGA-1,0.000046,0.319637,0.139384,0.540611,0.000092,0.000046,0.000046,0.000046,0.000046,0.000046
AAGCTAGATCGAGTAA-1,0.000025,0.091255,0.172503,0.696189,0.000049,0.01169,0.005393,0.005799,0.017072,0.000025
AAGCTATGGATTGACC-1,0.524073,0.000362,0.000362,0.000362,0.473029,0.000362,0.000362,0.000362,0.000362,0.000362
AAGCTCGTGCCAAGTC-1,0.022305,0.007923,0.173637,0.240609,0.44635,0.050646,0.046217,0.000016,0.000016,0.012281
AAGCTCTTTCATGGTG-1,0.000046,0.194248,0.258284,0.436084,0.099359,0.001551,0.01029,0.000046,0.000046,0.000046
AAGGAGCGGTTGGTGC-1,0.044954,0.000171,0.189309,0.04294,0.228783,0.245414,0.083477,0.097873,0.062759,0.004319
AAGGATCGATCGCTTG-1,0.05432,0.002788,0.013672,0.339962,0.120873,0.005409,0.083962,0.230605,0.040477,0.107932
AAGGATGAGGGACCTC-1,0.097033,0.003011,0.48914,0.317159,0.063114,0.000029,0.000842,0.029617,0.000029,0.000029
AAGGCAGGCTGTCTCC-1,0.027612,0.004234,0.032646,0.300073,0.076283,0.074065,0.03175,0.227075,0.200916,0.025345
AAGGCGCGTAAAGCTT-1,0.000021,0.000021,0.142986,0.085603,0.078664,0.527367,0.039207,0.024859,0.095995,0.005277
AAGGCTGTGCTCATCG-1,0.028841,0.000022,0.27366,0.017584,0.285073,0.272377,0.084072,0.037862,0.000031,0.000477
AAGGGAACGACTGGCT-1,0.354544,0.383966,0.004867,0.123745,0.001747,0.000021,0.017032,0.000021,0.021262,0.092798
AAGGGACAGATTCTGT-1,0.000008,0.000008,0.000008,0.000009,0.622581,0.15092,0.099246,0.000421,0.084867,0.041931
AAGGGACTATGCATTC-1,0.112306,0.36724,0.000018,0.000018,0.000037,0.000018,0.000018,0.469972,0.000834,0.049537
AAGGGTTTGATTTCAG-1,0.143183,0.12405,0.001036,0.400319,0.040985,0.004425,0.043002,0.000026,0.021718,0.221256
AAGGTATCCTAATATA-1,0.015538,0.003898,0.486659,0.178775,0.089606,0.029537,0.009146,0.114182,0.072627,0.00003
AAGGTGATAAACCAGC-1,0.000111,0.038134,0.051932,0.505961,0.00003,0.000332,0.001478,0.163487,0.166389,0.072146
AAGTAGAAGACCGGGT-1,0.000014,0.000014,0.004042,0.000014,0.086661,0.825968,0.014442,0.012011,0.051493,0.00534
AAGTAGTGACGCGAGG-1,0.037567,0.01242,0.247988,0.334466,0.192007,0.096924,0.075162,0.000024,0.003419,0.000024
AAGTCAATTGTCGTCA-1,0.000012,0.09157,0.330534,0.074376,0.041258,0.000598,0.022811,0.105374,0.003257,0.33021
AAGTCTAGTAGCTGCC-1,0.034122,0.010092,0.060028,0.272492,0.030425,0.17556,0.018877,0.323733,0.03505,0.039621
AAGTCTTCTGTGGCCT-1,0.000024,0.086611,0.323253,0.19109,0.237069,0.000024,0.016943,0.14494,0.000024,0.000024
AAGTGACGACCGAATT-1,0.000012,0.000012,0.029469,0.148253,0.2391,0.020423,0.003949,0.12847,0.430302,0.000012
AAGTGAGTCGGGTTTA-1,0.538911,0.150656,0.02146,0.140132,0.000061,0.000031,0.000031,0.148018,0.00067,0.000031
AAGTGCAAAGGTAGAC-1,0.000042,0.039693,0.684398,0.013294,0.06458,0.031588,0.086249,0.078178,0.000042,0.001936
AAGTGCCTTGACTGTA-1,0.000007,0.000007,0.000007,0.005601,0.272492,0.130117,0.07954,0.000007,0.338106,0.174115
AAGTGCGTTAGAATCT-1,0.000013,0.02982,0.353667,0.014844,0.062156,0.02617,0.015132,0.090727,0.018124,0.389347
AAGTGCTTCTCTATTG-1,0.573633,0.237535,0.04471,0.007683,0.011145,0.000026,0.005729,0.109761,0.000026,0.009753
AAGTGTTTGGAGACGG-1,0.00001,0.00001,0.002532,0.191134,0.184023,0.310508,0.054874,0.00001,0.046078,0.210824
AAGTTCACTCCAAGCT-1,0.358508,0.043306,0.042663,0.55526,0.000075,0.000037,0.000037,0.000037,0.000037,0.000037
AAGTTCAGTCTGCGTA-1,0.01599,0.033353,0.243236,0.000038,0.085711,0.155925,0.037207,0.427793,0.000038,0.00071
AAGTTCGGCCAACAGG-1,0.000673,0.009646,0.1539,0.200175,0.203668,0.078119,0.157482,0.038175,0.018217,0.139944
AAGTTGTGATGTTATA-1,0.127851,0.095904,0.08104,0.150169,0.049436,0.064821,0.013954,0.177658,0.106425,0.132742
AAGTTTATGGGCCCAA-1,0.668521,0.232608,0.012025,0.003932,0.000056,0.000028,0.000028,0.021542,0.022795,0.038466
AATAACAACGCTCGGC-1,0.000004,0.000004,0.000126,0.013377,0.798037,0.007132,0.002777,0.047072,0.131466,0.000004
AATAACACTAGAACAA-1,0.008429,0.000007,0.007689,0.15003,0.149175,0.136606,0.107417,0.001658,0.345739,0.09325
AATACAATGTTTCAGG-1,0.00003,0.00003,0.372155,0.187052,0.053258,0.344457,0.030446,0.004613,0.002923,0.005035
AATACCGGAGGGCTGT-1,0.820038,0.087676,0.000017,0.090418,0.000034,0.000017,0.000017,0.001746,0.000017,0.000017
AATACCTGATGTGAAC-1,0.089807,0.00841,0.063635,0.342157,0.010624,0.034393,0.000877,0.238314,0.187374,0.024408
AATAGAACAGAGTGGC-1,0.000007,0.000007,0.0149,0.110662,0.204013,0.186886,0.033532,0.002363,0.057613,0.390016
AATAGAATCTGTTTCA-1,0.000021,0.098621,0.406783,0.48422,0.010249,0.000021,0.000021,0.000021,0.000021,0.000021
AATAGCTACCGCGTGC-1,0.00488,0.009173,0.057142,0.000015,0.112565,0.581713,0.031473,0.093127,0.020758,0.089155
AATAGGCACGACCCTT-1,0.341519,0.004785,0.004785,0.004785,0.00957,0.004785,0.004785,0.004785,0.615414,0.004785
AATAGTCCGTCCCGAC-1,0.35112,0.051856,0.314697,0.274967,0.007224,0.000027,0.000027,0.000027,0.000027,0.000027
AATAGTCGCGAGTCGG-1,0.000027,0.000027,0.120854,0.004259,0.041841,0.58278,0.040859,0.075056,0.083662,0.050633
AATATCCTAGCAAACT-1,0.063929,0.004422,0.018527,0.450155,0.034062,0.084146,0.006382,0.129044,0.158367,0.050965
AATATCGAATCAATGC-1,0.000028,0.092565,0.030884,0.435171,0.000056,0.000028,0.00049,0.294642,0.13094,0.015195
AATATCGAGGGTTCTC-1,0.003931,0.000027,0.062735,0.395883,0.295442,0.128748,0.095227,0.009076,0.005824,0.003106
AATATTGGAGTATTGA-1,0.070918,0.000013,0.249346,0.036631,0.516212,0.039667,0.08074,0.001761,0.000013,0.0047
AATCAGGTTTCATTTA-1,0.693622,0.0944,0.006673,0.000022,0.037205,0.000523,0.023141,0.058298,0.018768,0.067348
AATCATGTAAAGACTC-1,0.087295,0.212555,0.017241,0.674494,0.000046,0.000023,0.000023,0.008279,0.000023,0.000023
AATCCAAGGGCCTGAG-1,0.000085,0.230003,0.769231,0.000085,0.00017,0.000085,0.000085,0.000085,0.000085,0.000085
AATCCCGCTCAGAGCC-1,0.71652,0.142394,0.098859,0.000203,0.000406,0.040807,0.000203,0.000203,0.000203,0.000203
AATCGAGGTCTCAAGG-1,0.880963,0.000246,0.003417,0.000246,0.000493,0.113649,0.000246,0.000246,0.000246,0.000246
AATCGCCTCAGCGCCA-1,0.021346,0.006301,0.169289,0.193829,0.374841,0.018221,0.072389,0.06094,0.038058,0.044785
AATCGCGCAGAGGACT-1,0.000012,0.000529,0.007835,0.478185,0.377847,0.000136,0.08417,0.000012,0.007918,0.043356
AATCGTGAGCCGAGCA-1,0.61139,0.164163,0.050903,0.040904,0.056199,0.04907,0.000031,0.000031,0.000031,0.027279
AATCTAGGTTTACTTG-1,0.014005,0.136794,0.023525,0.769515,0.00006,0.00003,0.00003,0.000093,0.00003,0.055919
AATCTATGCCGGAGCC-1,0.009568,0.00002,0.081663,0.087063,0.333637,0.243734,0.167079,0.009615,0.063393,0.004229
AATCTCTACTGTGGTT-1,0.035244,0.004517,0.003284,0.000052,0.846829,0.034975,0.054604,0.000653,0.000566,0.019275
AATCTGCGTTGGGACG-1,0.000024,0.06287,0.325601,0.212973,0.185909,0.009157,0.021819,0.136867,0.010704,0.034076
AATCTGGCTTTCTAGT-1,0.000025,0.011552,0.043624,0.550317,0.059245,0.027353,0.089123,0.000025,0.024763,0.193975
AATGACAGCAATGTCT-1,0.000025,0.090229,0.439282,0.446313,0.023567,0.000025,0.000482,0.000025,0.000025,0.000025
AATGACGTAGGATGTC-1,0.00002,0.007811,0.38332,0.417851,0.159192,0.00002,0.028337,0.00002,0.00002,0.003411
AATGACTGTCAGCCGG-1,0.000031,0.000031,0.482143,0.095703,0.107149,0.150056,0.007483,0.139997,0.017378,0.000031
AATGAGTTCGCATATG-1,0.030521,0.081576,0.708804,0.11646,0.000158,0.028709,0.000079,0.033534,0.000079,0.000079
AATGATGATACGCTAT-1,0.000035,0.000035,0.416903,0.239205,0.072331,0.139365,0.117836,0.000724,0.01353,0.000035
AATGATGCGACTCCTG-1,0.000016,0.000016,0.030276,0.02078,0.367855,0.155607,0.300158,0.008731,0.091234,0.025326
AATGCAACCGGGTACC-1,0.000025,0.008017,0.444048,0.1711,0.110099,0.080222,0.064997,0.11264,0.008827,0.000025
AATGCACCAAGCAATG-1,0.000028,0.000028,0.358215,0.224147,0.036933,0.215097,0.165466,0.000028,0.000028,0.000028
AATGGTCCACCGTTCA-1,0.00002,0.003417,0.246505,0.046536,0.385485,0.148726,0.124596,0.019728,0.016994,0.007991
AATGGTTCTCACAAGC-1,0.005982,0.000016,0.066011,0.007078,0.017519,0.734036,0.020558,0.114129,0.019837,0.014834
AATGTATGGCACTGTA-1,0.503115,0.369776,0.02072,0.002478,0.059702,0.000265,0.013734,0.000018,0.000018,0.030174
AATGTGCCCGAGGTGT-1,0.040649,0.031386,0.005238,0.451368,0.036836,0.036911,0.067708,0.013737,0.102287,0.21388
AATGTGCTAATCTGAG-1,0.962953,0.013639,0.00002,0.023248,0.00004,0.00002,0.00002,0.00002,0.00002,0.00002
AATGTTAAGACCCTGA-1,0.503959,0.198081,0.077219,0.000058,0.113429,0.037042,0.000058,0.000058,0.000058,0.070039
AATTAAAGGTCGGCGT-1,0.000008,0.001254,0.107941,0.001408,0.757119,0.081833,0.020237,0.001788,0.008124,0.020288
AATTAACGGATTTCCA-1,0.107545,0.206382,0.012136,0.3955,0.030085,0.151066,0.001204,0.06432,0.025399,0.006363
AATTACGAGACCCATC-1,0.579256,0.0457,0.036729,0.208687,0.013137,0.000816,0.009122,0.000082,0.000017,0.106453
AATTAGCGCTGCAGCG-1,0.000023,0.038377,0.053401,0.366175,0.0323,0.17464,0.029206,0.078182,0.18955,0.038146
AATTATACCCAGCAAG-1,0.977163,0.000119,0.000119,0.000119,0.000238,0.021766,0.000119,0.000119,0.000119,0.000119
AATTCATAAGGGATCT-1,0.000017,0.001317,0.155609,0.004276,0.290079,0.06926,0.183674,0.289531,0.00292,0.003316
AATTCATTGTCATGCA-1,0.349696,0.458711,0.001867,0.116972,0.000064,0.000032,0.000032,0.004846,0.000106,0.067674
AATTCCAAGCATGTAC-1,0.890833,0.021762,0.026972,0.060251,0.000052,0.000026,0.000026,0.000026,0.000026,0.000026
AATTCGATTCGAGGAT-1,0.166241,0.154979,0.000107,0.262942,0.000213,0.000107,0.000107,0.409454,0.005745,0.000107
AATTCTAGAGTTAGGC-1,0.057236,0.018932,0.177353,0.704401,0.036605,0.003138,0.002251,0.000028,0.000028,0.000028
AATTGAACGCTCTGGT-1,0.156427,0.003461,0.009405,0.12867,0.001084,0.000014,0.004104,0.596086,0.100355,0.000395
AATTGCAGCAATCGAC-1,0.337062,0.470981,0.065909,0.106608,0.00005,0.000025,0.000025,0.000025,0.000025,0.01929
AATTGCGTGGATTACA-1,0.556479,0.351166,0.005899,0.000017,0.006613,0.000017,0.000017,0.079757,0.000017,0.000017
AATTTGGGACATAGTA-1,0.000036,0.000036,0.565621,0.000036,0.000072,0.181988,0.002732,0.249407,0.000036,0.000036
AATTTGGTTCCAAAGA-1,0.000075,0.026308,0.801717,0.079193,0.000149,0.074534,0.000075,0.017801,0.000075,0.000075
ACAAACCATGCGTCCT-1,0.74481,0.220798,0.007008,0.005861,0.000026,0.000013,0.001757,0.000013,0.000013,0.019702
ACAAACTCCATCAGAG-1,0.871438,0.00006,0.128019,0.00006,0.000121,0.00006,0.00006,0.00006,0.00006,0.00006
ACAAAGAAGGTAGGCC-1,0.011819,0.011604,0.154011,0.407381,0.168035,0.015912,0.057369,0.000239,0.028059,0.14557
ACAAAGCATGACCTAG-1,0.215294,0.508623,0.000024,0.082613,0.000049,0.000024,0.000024,0.124845,0.050985,0.017519
ACAAATCGCACCGAAT-1,0.065664,0.02375,0.141709,0.768758,0.000034,0.000017,0.000017,0.000017,0.000017,0.000017
ACAAATGGTAGTGTTT-1,0.000266,0.03171,0.300147,0.198062,0.084971,0.0279,0.044164,0.021681,0.058508,0.232591
ACAACAGCATGAGCTA-1,0.073998,0.00832,0.143035,0.194769,0.51816,0.015128,0.020453,0.008633,0.014533,0.002972
ACAACGGTCCCTGCGA-1,0.000024,0.000024,0.351287,0.137792,0.065916,0.397949,0.023538,0.018159,0.005286,0.000024
ACAAGCAGTGCCTAGC-1,0.000011,0.000011,0.150378,0.005745,0.482285,0.144673,0.143999,0.000114,0.005834,0.066951
ACAAGCTATATGGAAG-1,0.000018,0.001469,0.025065,0.205936,0.277476,0.045645,0.415327,0.012585,0.002908,0.013571
ACAAGGAAATCCGCCC-1,0.000016,0.072207,0.309962,0.491519,0.038501,0.009268,0.022865,0.000367,0.000016,0.05528
ACAAGGACAAGAGGTT-1,0.000012,0.000012,0.036828,0.07707,0.241458,0.474354,0.046957,0.009059,0.107752,0.006498
ACAAGGATGCTTTAGG-1,0.060619,0.371268,0.014947,0.093666,0.000075,0.031143,0.000038,0.087288,0.167567,0.173391
ACAAGGGCAGGCTCTG-1,0.027013,0.000008,0.010538,0.17087,0.287312,0.147676,0.069226,0.000008,0.114141,0.173209
ACAAGTAATTGTAAGG-1,0.005051,0.949488,0.005051,0.005051,0.010103,0.005051,0.005051,0.005051,0.005051,0.005051
ACAATAGTCGTACGTT-1,0.03271,0.005485,0.12083,0.014812,0.559066,0.046484,0.021979,0.021401,0.095153,0.082081
ACAATCCATTTAAACC-1,0.096568,0.007864,0.199577,0.146321,0.418949,0.002573,0.016805,0.0892,0.018772,0.003372
ACAATGAATACGGAGA-1,0.045563,0.36027,0.126551,0.467408,0.00006,0.00003,0.00003,0.00003,0.00003,0.00003
ACAATTGTGTCTCTTT-1,0.000009,0.000009,0.011501,0.0172,0.420058,0.100382,0.060387,0.000009,0.097725,0.29272
ACAATTTAGGAGGCTC-1,0.000022,0.000022,0.020491,0.080517,0.307749,0.317443,0.210335,0.000022,0.022388,0.041012
ACAATTTGAGCAGTGG-1,0.009365,0.053503,0.255919,0.264592,0.207545,0.105945,0.085256,0.00611,0.010803,0.000961
ACACAAAGACGGGTGG-1,0.00684,0.000023,0.302615,0.212613,0.00769,0.225388,0.051994,0.053788,0.137181,0.001868
ACACAAATATTCCTAG-1,0.000042,0.148331,0.544221,0.04686,0.000083,0.000042,0.000042,0.243931,0.000042,0.016408
ACACACCAGGACCAGT-1,0.033039,0.018606,0.085615,0.847296,0.002326,0.000022,0.000022,0.008734,0.000058,0.004282
ACACACTTTCTACACG-1,0.000052,0.000052,0.375945,0.11049,0.000105,0.289113,0.012908,0.186559,0.024722,0.000052
ACACATGATCAAATCT-1,0.510738,0.205747,0.000027,0.226971,0.000054,0.000027,0.000833,0.002041,0.000027,0.053535
ACACATTTCCGTAGAC-1,0.815685,0.006496,0.000071,0.000071,0.000141,0.000071,0.000071,0.177255,0.000071,0.000071
ACACCACATAATTAGC-1,0.007194,0.006593,0.045177,0.145616,0.41277,0.052996,0.221743,0.011289,0.007198,0.089426
ACACCCAGCATGCAGC-1,0.000024,0.000024,0.322613,0.000024,0.165507,0.230388,0.026588,0.246307,0.002983,0.005541
ACACCCGAGAAATCCG-1,0.005676,0.00002,0.143549,0.045621,0.008659,0.696279,0.043481,0.012225,0.003905,0.040585
ACACCGGTCTGACCGC-1,0.343875,0.001255,0.000007,0.000007,0.166651,0.042797,0.001103,0.001274,0.019911,0.423119
ACACCTTAAGTAGGGC-1,0.000022,0.000022,0.213392,0.006117,0.378891,0.294416,0.0303,0.022353,0.038141,0.016346
ACACCTTACTACTTGC-1,0.021879,0.07126,0.033402,0.659319,0.063931,0.000021,0.037906,0.056698,0.024643,0.030942
ACACGAGACTCCTTCT-1,0.044891,0.00001,0.023364,0.064117,0.753351,0.003019,0.034342,0.061408,0.01549,0.000009
ACACGGGAACTTAGGG-1,0.00002,0.394683,0.158985,0.002798,0.269631,0.144864,0.000078,0.028902,0.00002,0.00002
ACACGTAGGCCACAAG-1,0.080734,0.071765,0.009287,0.304064,0.012643,0.014387,0.002628,0.240777,0.21795,0.045765
ACACTCCAATGTCACT-1,0.000067,0.013684,0.56478,0.002769,0.000134,0.076374,0.000067,0.341992,0.000067,0.000067
ACACTGATCAAGGTGT-1,0.010568,0.028087,0.042008,0.323093,0.062555,0.017304,0.009943,0.168271,0.215582,0.122589
ACAGAACTGAGAACAA-1,0.087426,0.000005,0.000005,0.001364,0.043295,0.042667,0.035834,0.016008,0.664629,0.108766
ACAGCATAGAGCCAGT-1,0.000086,0.156643,0.627399,0.092517,0.000172,0.000086,0.000086,0.122838,0.000086,0.000086
ACAGCGACATTCTCAT-1,0.223101,0.053841,0.020456,0.000012,0.229589,0.045384,0.001654,0.094517,0.060868,0.270579
ACAGCGCACCCGCAGC-1,0.000053,0.177654,0.662967,0.081925,0.000107,0.006709,0.000053,0.070424,0.000053,0.000053
ACAGGCACGGATCCTT-1,0.629423,0.308854,0.003868,0.041125,0.00007,0.000035,0.000035,0.01652,0.000035,0.000035
ACAGGCTTGCCCGACT-1,0.000025,0.050856,0.016894,0.726162,0.00005,0.080007,0.000025,0.000025,0.000261,0.125695
ACAGGTGGAGGTGAGG-1,0.000016,0.015223,0.21382,0.40191,0.055471,0.100623,0.035523,0.041764,0.011469,0.124182
ACAGGTGTGTTGTTGC-1,0.000021,0.473991,0.064917,0.042967,0.384963,0.024637,0.00844,0.000021,0.000021,0.000021
ACAGTAATACAACTTG-1,0.000144,0.009422,0.049036,0.068389,0.455754,0.091198,0.028739,0.005327,0.16649,0.125502
ACAGTATACCGTGGGA-1,0.000027,0.000027,0.256231,0.018576,0.010309,0.266759,0.122857,0.270676,0.010553,0.043985
ACATAAGTCGTGGTGA-1,0.155995,0.025601,0.027853,0.003472,0.106962,0.18637,0.069464,0.000212,0.014048,0.410023
ACATAATAAGGCGGTG-1,0.000021,0.001803,0.259667,0.078443,0.026555,0.482507,0.060869,0.015809,0.04768,0.026646
ACATACAATCAAGCGG-1,0.726336,0.115502,0.156003,0.00027,0.00054,0.00027,0.00027,0.00027,0.00027,0.00027
ACATCAGCTGGGACGC-1,0.000012,0.032411,0.155861,0.000256,0.597215,0.054012,0.104627,0.003069,0.001219,0.051318
ACATCCCGGCCATACG-1,0.00002,0.097101,0.378536,0.043388,0.135887,0.017069,0.086042,0.010294,0.00002,0.231642
ACATCCTGGTAACTGT-1,0.000018,0.376759,0.260197,0.040885,0.01057,0.000018,0.004202,0.255696,0.000018,0.051637
ACATCGATCGTTTACC-1,0.004567,0.038895,0.158401,0.102693,0.689785,0.000522,0.001001,0.000014,0.000014,0.004108
ACATCGCAATATTCGG-1,0.735896,0.002933,0.237708,0.002933,0.005866,0.002933,0.002933,0.002933,0.002933,0.002933
ACATCGGTCAGCCGCG-1,0.013445,0.011167,0.141794,0.206014,0.531461,0.024579,0.016754,0.017926,0.01706,0.0198
ACATCGTATGCAATGG-1,0.000024,0.006037,0.209096,0.676131,0.09938,0.00238,0.005563,0.000024,0.000024,0.00134
ACATCGTTAACCTAGT-1,0.01579,0.046378,0.579648,0.000063,0.016632,0.14777,0.000063,0.19353,0.000063,0.000063
ACATGCTTACGGCAGC-1,0.790739,0.120304,0.084543,0.004124,0.000083,0.000042,0.000042,0.000042,0.000042,0.000042
ACATGGCGCCAAAGTA-1,0.000014,0.000014,0.011843,0.349634,0.161561,0.014876,0.100617,0.006985,0.145144,0.209313
ACATTAGTTTATATCC-1,0.000013,0.025189,0.063068,0.071497,0.49813,0.059726,0.06038,0.005396,0.077762,0.13884
ACATTCGCGCGGAATA-1,0.688095,0.06353,0.062117,0.101456,0.012841,0.021274,0.007399,0.000029,0.000029,0.043231
ACATTTGAAACCTAAC-1,0.334997,0.301197,0.023459,0.048384,0.000058,0.000029,0.000029,0.260502,0.026654,0.004691
ACCAAACACCCAGCGA-1,0.000018,0.027001,0.39625,0.009888,0.000204,0.339345,0.009523,0.111957,0.012569,0.093246
ACCAACACCACACACT-1,0.000024,0.000024,0.195298,0.155441,0.150624,0.16766,0.306697,0.01289,0.000024,0.011319
ACCAACCGCACTCCAC-1,0.154597,0.514638,0.000025,0.000025,0.00005,0.000025,0.000025,0.218482,0.052633,0.0595
ACCAACGCTTATTTAT-1,0.000015,0.019746,0.225849,0.191749,0.122656,0.101204,0.034142,0.000406,0.059596,0.244638
ACCAAGAACGCGTGTC-1,0.000027,0.000027,0.214524,0.006698,0.002313,0.438156,0.01006,0.315639,0.006595,0.00596
ACCAATATGCAAGTTA-1,0.018941,0.216519,0.141021,0.623314,0.000058,0.000029,0.000029,0.000029,0.000029,0.000029
ACCACAAGTTTCTATC-1,0.001213,0.058803,0.426672,0.000019,0.140325,0.062524,0.078352,0.167975,0.021912,0.042204
ACCACACGGTTGATGG-1,0.684781,0.115494,0.084189,0.000047,0.014225,0.101073,0.000047,0.000047,0.000047,0.000047
ACCACCAATGTAACAA-1,0.087109,0.000013,0.010035,0.666669,0.063546,0.012572,0.034605,0.002023,0.034464,0.088965
ACCACCCTCTCTTCTA-1,0.029532,0.004764,0.242717,0.190972,0.119868,0.067839,0.240828,0.002809,0.000029,0.100642
ACCACGTGCAGCTATA-1,0.000018,0.024806,0.379254,0.405746,0.067498,0.011241,0.048842,0.000018,0.000018,0.062558
ACCAGACCATAACAAC-1,0.000007,0.000007,0.000269,0.000885,0.331019,0.076357,0.060212,0.087502,0.423949,0.019793
ACCAGTGCCCGGTCAA-1,0.000043,0.15425,0.472682,0.042471,0.03995,0.065152,0.000043,0.19706,0.007313,0.021036
ACCAGTGCGGGAGACG-1,0.003888,0.000016,0.005562,0.113304,0.25946,0.159282,0.068763,0.000008,0.220159,0.169559
ACCATATCCGCAATAA-1,0.007691,0.017416,0.203295,0.004153,0.607927,0.043561,0.010251,0.000012,0.012687,0.093007
ACCATCCGCCAACTAG-1,0.01001,0.024461,0.163877,0.223799,0.277366,0.007314,0.203932,0.015155,0.012356,0.061731
ACCATCGTATATGGTA-1,0.00003,0.00003,0.067495,0.493205,0.360426,0.07564,0.000831,0.00003,0.001099,0.001214
ACCCAACGCCCGTGGC-1,0.00002,0.005062,0.165449,0.444033,0.255877,0.019216,0.058205,0.040396,0.010748,0.000994
ACCCACCTACATGCTC-1,0.000034,0.005923,0.258465,0.256503,0.12794,0.239248,0.07177,0.04005,0.000034,0.000034
ACCCATCTTGAGGGTA-1,0.029532,0.03217,0.329798,0.023296,0.423244,0.01887,0.022805,0.080185,0.016277,0.023822
ACCCATTTGTCCCTCT-1,0.144994,0.575598,0.000045,0.076334,0.00009,0.000045,0.000045,0.200982,0.00182,0.000045
ACCCGAGCGAAATTAC-1,0.775768,0.024545,0.021887,0.167387,0.000041,0.000021,0.000021,0.000403,0.000021,0.009907
ACCCGATTGGTTCCGA-1,0.926566,0.001175,0.010415,0.002934,0.044458,0.000018,0.005237,0.000018,0.000018,0.00916
ACCCGGAAACTCCCAG-1,0.000015,0.403182,0.000015,0.000015,0.265168,0.152081,0.000015,0.129007,0.002608,0.047895
ACCCGGATGACGCATC-1,0.006399,0.004758,0.006184,0.024005,0.328983,0.003151,0.033829,0.149827,0.398692,0.044172
ACCCGGTTACACTTCC-1,0.000012,0.000012,0.060651,0.11306,0.572166,0.083011,0.03056,0.000012,0.063873,0.076644
ACCCGTAGCAGAGAAT-1,0.609849,0.000017,0.000017,0.000017,0.010117,0.056871,0.006124,0.008368,0.124934,0.183686
ACCCGTGTCATCAGTA-1,0.073863,0.086017,0.0874,0.10001,0.180589,0.098033,0.126626,0.119334,0.00206,0.126068
ACCCTATGCCATATCG-1,0.288201,0.030948,0.292064,0.354304,0.000062,0.000031,0.000031,0.034296,0.000031,0.000031
ACCCTCCCGTCAGGGC-1,0.770586,0.176873,0.048004,0.004341,0.000056,0.000028,0.000028,0.000028,0.000028,0.000028
ACCCTCCCTTGCTATT-1,0.000034,0.089123,0.300257,0.400535,0.007137,0.000034,0.011092,0.045719,0.027059,0.119009
ACCCTGGTAACGCCCT-1,0.000025,0.000025,0.101109,0.062059,0.114796,0.223652,0.437102,0.041842,0.018812,0.000579
ACCCTTCATCTGCGAA-1,0.000054,0.000054,0.415513,0.074716,0.000108,0.397927,0.000054,0.111466,0.000054,0.000054
ACCCTTGCCTGGGTCG-1,0.001156,0.029433,0.194262,0.012446,0.000053,0.381025,0.002947,0.327946,0.023836,0.026895
ACCGAAAGGGCCCTGC-1,0.000061,0.107948,0.432234,0.042321,0.000121,0.167362,0.000061,0.24665,0.000061,0.003181
ACCGAAGAGTCTGGTT-1,0.015674,0.000009,0.000009,0.000017,0.043437,0.017399,0.002568,0.006581,0.14663,0.767676
ACCGACACATCTCCCA-1,0.56246,0.140458,0.221047,0.002748,0.02108,0.002892,0.00068,0.000023,0.000023,0.048589
ACCGACTGAGTCCCAC-1,0.005659,0.000008,0.000158,0.000008,0.705514,0.23889,0.030583,0.000008,0.008264,0.010908
ACCGAGTCTCCTTATT-1,0.634502,0.329804,0.000039,0.035385,0.000077,0.000039,0.000039,0.000039,0.000039,0.000039
ACCGATGGTAGCATCG-1,0.000015,0.000594,0.059385,0.305776,0.460057,0.001016,0.061428,0.000015,0.000015,0.111698
ACCGCAATAACTGCCT-1,0.051233,0.166999,0.197071,0.584525,0.000049,0.000025,0.000025,0.000025,0.000025,0.000025
ACCGCGGTGGAAGTCG-1,0.047418,0.024875,0.001728,0.474345,0.00005,0.000025,0.000025,0.190914,0.242527,0.018092
ACCGCTAGTCATTGGT-1,0.876903,0.086846,0.000048,0.000048,0.000095,0.000048,0.000048,0.018317,0.000048,0.017601
ACCGGGCCTTTGTTGA-1,0.027273,0.014696,0.00901,0.475378,0.012782,0.000015,0.011572,0.300782,0.118375,0.030117
ACCGGTCAGGTACACC-1,0.390059,0.163595,0.016638,0.409842,0.000052,0.000026,0.000026,0.012394,0.000026,0.007342
ACCGTCCACTGGGCCC-1,0.177166,0.04431,0.018215,0.009314,0.175319,0.033902,0.008382,0.00001,0.000944,0.532439
ACCGTGACCACGTGGG-1,0.249279,0.175237,0.050906,0.122418,0.05021,0.073363,0.066037,0.005302,0.009945,0.197303
ACCTAAGTACCTTTCA-1,0.000008,0.000008,0.003071,0.003662,0.233386,0.087468,0.03159,0.008148,0.090843,0.541816
ACCTAATCGACTTCCT-1,0.013537,0.022779,0.465463,0.000019,0.234314,0.017803,0.077374,0.113378,0.005249,0.050082
ACCTACAGTATGTGGT-1,0.000014,0.000232,0.091311,0.458235,0.270294,0.000175,0.070568,0.00135,0.014478,0.093343
ACCTACTATAAATCTA-1,0.187573,0.195527,0.000026,0.000026,0.009896,0.051148,0.000026,0.031359,0.084806,0.439612
ACCTCAGCGAGGCGCA-1,0.238307,0.004785,0.718626,0.004785,0.00957,0.004785,0.004785,0.004785,0.004785,0.004785
ACCTCCGCCCTCGCTG-1,0.000015,0.000015,0.002655,0.309598,0.115923,0.059161,0.061791,0.004074,0.190646,0.256123
ACCTCCGTTATTCACC-1,0.000015,0.05644,0.177767,0.137475,0.317012,0.006987,0.123643,0.025005,0.056166,0.09949
ACCTCGAACTTATGCT-1,0.877658,0.056498,0.000021,0.021353,0.000042,0.000021,0.000021,0.038924,0.000021,0.00544
ACCTGCGTGTCATGTT-1,0.000011,0.030989,0.026876,0.000016,0.513249,0.004732,0.007623,0.280679,0.070732,0.065094
ACGAAATGGGCGGCAC-1,0.000015,0.00245,0.111256,0.214556,0.303104,0.17525,0.172027,0.000015,0.005563,0.015764
ACGACTCTAGGGCCGA-1,0.91479,0.043312,0.005342,0.036396,0.000046,0.000023,0.000023,0.000023,0.000023,0.000023
ACGACTGGTCATACTC-1,0.260372,0.305906,0.000027,0.004828,0.000054,0.000027,0.000027,0.402554,0.019243,0.00696
ACGAGATATTTGCTTA-1,0.000076,0.378166,0.510759,0.002827,0.005789,0.000076,0.000076,0.102079,0.000076,0.000076
ACGAGGATACCACTCT-1,0.000012,0.001461,0.000012,0.045948,0.029947,0.000932,0.008802,0.281182,0.626071,0.005633
ACGAGGTTTACAACGT-1,0.00003,0.375159,0.000705,0.246658,0.000059,0.00003,0.00003,0.344032,0.006993,0.026304
ACGAGTACGGATGCCC-1,0.00001,0.00001,0.000295,0.034506,0.481051,0.116479,0.198941,0.001791,0.061231,0.105687
ACGATACATAGAACTA-1,0.000025,0.000025,0.185888,0.108345,0.003477,0.205926,0.028057,0.233273,0.23496,0.000025
ACGATACCTATCCTGA-1,0.027796,0.000066,0.597362,0.235172,0.124975,0.011409,0.003023,0.000066,0.000066,0.000066
ACGATCATACATAGAG-1,0.000026,0.000026,0.435857,0.015591,0.209869,0.130577,0.075656,0.122141,0.007178,0.003079
ACGATCATCTTGTAAA-1,0.007612,0.000008,0.010776,0.003038,0.513931,0.053938,0.053915,0.013975,0.095401,0.247408
