Barcode,Topic 1to2,Topic 3to4,Topic 5to7,Topic 8to11
AAACAACGAATAGTTC-1,0.316337,0.132924,0.047933,0.502806
AAACAAGTATCTCCCA-1,0.151864,0.306137,0.458785,0.083214
AAACAATCTACTAGCA-1,0.987551,0.000315,0.000472,0.011663
AAACACCAATAACTGC-1,0.105578,0.175841,0.008113,0.710467
AAACAGAGCGACTCCT-1,0.891157,0.000061,0.078079,0.030703
AAACAGCTTTCAGAAG-1,0.430732,0.567835,0.000614,0.000819
AAACAGGGTCTATATT-1,0.764928,0.002104,0.232833,0.000134
AAACAGTGTTCCTGGG-1,0.5271,0.046732,0.426077,0.000091
AAACATGGTGAGAGGA-1,0.520349,0.004139,0.000059,0.475452
AAACATTTCCCGGATT-1,0.148395,0.078947,0.63585,0.136808
AAACCACTACACAGAT-1,0.119986,0.500399,0.07908,0.300535
AAACCCGAACGAAATC-1,0.043405,0.410548,0.406736,0.139311
AAACCGGAAATGTTAA-1,0.402647,0.117639,0.345251,0.134463
AAACCGGGTAGGTACC-1,0.582291,0.000087,0.178426,0.239196
AAACCGTTCGTCCAGG-1,0.057912,0.108256,0.459908,0.373925
AAACCTAAGCAGCCGG-1,0.114402,0.396881,0.227875,0.260842
AAACCTCATGAAGTTG-1,0.999258,0.000165,0.000247,0.00033
AAACGAAGAACATACC-1,0.610461,0.08608,0.000217,0.303241
AAACGAAGATGGAGTA-1,0.95609,0.00009,0.000135,0.043684
AAACGACAGTCTTGCC-1,0.027653,0.44864,0.00298,0.520728
AAACGAGACGGTTGAT-1,0.108796,0.028505,0.229476,0.633223
AAACGCCCGAGATCGG-1,0.072169,0.221042,0.074134,0.632655
AAACGCTGGGCACGAC-1,0.470121,0.012233,0.515361,0.002284
AAACGGGCGTACGGGT-1,0.082397,0.468312,0.078977,0.370314
AAACGGGTTGGTATCC-1,0.998747,0.000278,0.000418,0.000557
AAACGGTTGCGAACTG-1,0.304663,0.197284,0.359702,0.13835
AAACGTGTTCGCCCTA-1,0.226015,0.636737,0.124901,0.012347
AAACTAACGTGGCGAC-1,0.057007,0.324788,0.046283,0.571922
AAACTCGGTTCGCAAT-1,0.176982,0.415902,0.258921,0.148196
AAACTCGTGATATAAG-1,0.200448,0.240955,0.273074,0.285522
AAACTGCTGGCTCCAA-1,0.003901,0.161523,0.309836,0.52474
AAACTTAATTGCACGC-1,0.989969,0.000096,0.000144,0.009791
AAACTTGCAAACGTAT-1,0.081785,0.049981,0.000211,0.868023
AAAGAATGACCTTAGA-1,0.975396,0.022901,0.001553,0.00015
AAAGAATGTGGACTAA-1,0.238152,0.349932,0.393683,0.018233
AAAGACATGAAGTTTA-1,0.093368,0.000039,0.034971,0.871622
AAAGACCCAAGTCGCG-1,0.891108,0.000242,0.000363,0.108287
AAAGACTGGGCGCTTT-1,0.999357,0.000143,0.000214,0.000286
AAAGCTTGCCTACATA-1,0.000011,0.549028,0.087863,0.363099
AAAGGCCCTATAATAC-1,0.305727,0.205248,0.099765,0.38926
AAAGGCTACGGACCAT-1,0.034517,0.366928,0.404801,0.193754
AAAGGCTCTCGCGCCG-1,0.622478,0.050528,0.319277,0.007718
AAAGGGATGTAGCAAG-1,0.397818,0.000056,0.020218,0.581907
AAAGGGCAGCTTGAAT-1,0.996503,0.00018,0.00027,0.003048
AAAGGTAAGCTGTACC-1,0.246426,0.105218,0.260133,0.388223
AAAGGTCAACGACATG-1,0.007461,0.26953,0.000046,0.722963
AAAGTAGCATTGCTCA-1,0.132964,0.220018,0.095903,0.551115
AAAGTCACTGATGTAA-1,0.624847,0.000151,0.000226,0.374776
AAAGTCGACCCTCAGT-1,0.714718,0.000133,0.190189,0.094959
AAAGTGCCATCAATTA-1,0.401582,0.258829,0.240816,0.098774
AAAGTGTGATTTATCT-1,0.154048,0.213613,0.139657,0.492682
AAAGTTGACTCCCGTA-1,0.36278,0.029812,0.574521,0.032887
AAATAACCATACGGGA-1,0.244476,0.164111,0.207509,0.383904
AAATAAGGTAGTGCCC-1,0.00001,0.268395,0.284452,0.447144
AAATACCTATAAGCAT-1,0.020749,0.006329,0.211365,0.761557
AAATAGCTTAGACTTT-1,0.02666,0.180343,0.538897,0.2541
AAATAGGGTGCTATTG-1,0.026569,0.444039,0.069756,0.459635
AAATCACTCCTAAACG-1,0.001974,0.557858,0.000373,0.439795
AAATCCGATACACGCC-1,0.467491,0.333987,0.10592,0.092601
AAATCGCGGAAGGAGT-1,0.999379,0.000138,0.000207,0.000276
AAATCGTGTACCACAA-1,0.333104,0.000044,0.565199,0.101653
AAATCTAGCCCTGCTA-1,0.007705,0.176848,0.390084,0.425363
AAATCTGCCCGCGTCC-1,0.363076,0.15685,0.056003,0.424071
AAATGACTGATCAAAC-1,0.030577,0.000043,0.184266,0.785115
AAATGATTCGATCAGC-1,0.007875,0.346666,0.283734,0.361725
AAATGCTCGTTACGTT-1,0.866267,0.000185,0.000278,0.133269
AAATGGCATGTCTTGT-1,0.04984,0.094327,0.000104,0.85573
AAATGGCCCGTGCCCT-1,0.519252,0.034563,0.0001,0.446086
AAATGGTCAATGTGCC-1,0.632534,0.000061,0.015979,0.351426
AAATGTATCTTATCCC-1,0.999619,0.000085,0.000127,0.00017
AAATGTGGGTGCTCCT-1,0.42714,0.571734,0.000483,0.000644
AAATTAACGGGTAGCT-1,0.381636,0.000041,0.371292,0.247031
AAATTAATAAGCGCGA-1,0.862875,0.136442,0.000293,0.000391
AAATTACACGACTCTG-1,0.255379,0.003403,0.044596,0.696622
AAATTACCTATCGATG-1,0.115105,0.126958,0.198003,0.559934
AAATTCCAGGTCCAAA-1,0.046714,0.584171,0.2787,0.090415
AAATTGATAGTCCTTT-1,0.274887,0.197083,0.074418,0.453613
AAATTGCGGCGGTTCT-1,0.969792,0.00035,0.000525,0.029333
AAATTGGTGAGAAGCA-1,0.163826,0.274614,0.35899,0.20257
AAATTTACCGAAATCC-1,0.014544,0.160659,0.013319,0.811478
AAATTTGCGGGTGTGG-1,0.257896,0.123522,0.215553,0.403029
AACAACTGGTAGTTGC-1,0.019088,0.067702,0.000074,0.913136
AACAATACATTGTCGA-1,0.574358,0.235964,0.189619,0.000059
AACAATTACTCTACGC-1,0.976465,0.000191,0.000286,0.023058
AACACACGCTCGCCGC-1,0.170662,0.185538,0.438533,0.205267
AACACGACTGTACTGA-1,0.025819,0.033759,0.005779,0.934643
AACACGAGACGCGGCC-1,0.597051,0.038016,0.025135,0.339798
AACACGCGGCCGCGAA-1,0.508991,0.011893,0.000198,0.478919
AACAGCTGTGTGGCAA-1,0.001262,0.2144,0.081681,0.702657
AACAGGAAATCGAATA-1,0.278207,0.020775,0.096379,0.604639
AACAGGATGGGCCGCG-1,0.262394,0.008748,0.000133,0.728726
AACAGGTAGTATGGAT-1,0.038191,0.344871,0.264892,0.352046
AACATAGCGTGTATCG-1,0.148775,0.000035,0.455922,0.395268
AACATATCAACTGGTG-1,0.006598,0.130318,0.314319,0.548764
AACATCGATACGTCTA-1,0.322522,0.400526,0.238184,0.038768
AACATTGAAGTTGATC-1,0.26507,0.438067,0.050223,0.246641
AACATTGGTCAGCCGT-1,0.241308,0.757052,0.000703,0.000937
AACATTGTGACTCGAG-1,0.000007,0.325068,0.21249,0.462435
AACCAAGACTTCTCTG-1,0.11228,0.044145,0.001784,0.84179
AACCAGTATCACTCTT-1,0.000039,0.202097,0.003002,0.794863
AACCATAGGGTTGAAC-1,0.654543,0.197947,0.006166,0.141343
AACCATGGGATCGCTA-1,0.598534,0.000174,0.000261,0.401031
AACCCAGAGACGGAGA-1,0.998995,0.000223,0.000335,0.000447
AACCCATCCCATGATC-1,0.319897,0.004726,0.000134,0.675243
AACCCGACAACCCGTG-1,0.113293,0.494993,0.140386,0.251328
AACCCGAGCAGAATCG-1,0.013142,0.470054,0.262003,0.254801
AACCCGATAGGGCTTC-1,0.344564,0.451087,0.000068,0.204281
AACCCGCTGTATTCCA-1,0.305747,0.029247,0.077541,0.587465
AACCCTACTGTCAATA-1,0.506723,0.008374,0.483162,0.001741
AACCCTGGTGGAACCA-1,0.123084,0.000058,0.000088,0.87677
AACCGAGCTTGGTCAT-1,0.339237,0.000068,0.000102,0.660593
AACCGCTAAGGGATGC-1,0.095848,0.138962,0.12876,0.636431
AACCGTTGTGTTTGCT-1,0.341142,0.000106,0.004009,0.654743
AACCTAAAGCCGTCCG-1,0.151632,0.052081,0.000123,0.796164
AACCTCGCTTTAGCCC-1,0.126031,0.325937,0.187236,0.360796
AACCTGTCACGGAATT-1,0.186638,0.168729,0.521012,0.123621
AACCTTTAAATACGGT-1,0.063001,0.181189,0.254031,0.501779
AACCTTTACGACGTCT-1,0.141502,0.096419,0.047537,0.714542
AACGAAAGTCGTCCCA-1,0.600516,0.388177,0.011009,0.000298
AACGACCTCCTAGCCG-1,0.031254,0.53868,0.240953,0.189113
AACGATAATGCCGTAG-1,0.425102,0.007105,0.503886,0.063906
AACGATAGAAGGGCCG-1,0.65958,0.000134,0.000201,0.340085
AACGATATGTCAACTG-1,0.07354,0.015032,0.210684,0.700744
AACGCATGATCTGGGT-1,0.242021,0.082418,0.240877,0.434683
AACGCGAACGGCAACA-1,0.999163,0.000186,0.000279,0.000372
AACGCGACCTTGGGCG-1,0.275768,0.368534,0.346313,0.009385
AACGCGGTCTCCAGCC-1,0.233155,0.070649,0.093803,0.602392
AACGCTGTTGCTGAAA-1,0.414395,0.083888,0.460134,0.041583
AACGGACGTACGTATA-1,0.094076,0.201167,0.27861,0.426146
AACGGCCATCTCCGGT-1,0.003996,0.162605,0.312591,0.520809
AACGTACTGTGGGTAC-1,0.675643,0.000064,0.258578,0.065715
AACGTAGTCTACCCAT-1,0.679237,0.000263,0.000394,0.320106
AACGTCAGACTAGTGG-1,0.187068,0.035569,0.020257,0.757106
AACGTCATCCGGCTTG-1,0.005195,0.407281,0.577132,0.010391
AACGTCGCTGCACTTC-1,0.065889,0.102919,0.586474,0.244718
AACGTGATGAAGGACA-1,0.10508,0.003225,0.011573,0.880121
AACGTGCGAAAGTCTC-1,0.028275,0.05361,0.377131,0.540985
AACGTTATCAGCACCT-1,0.998233,0.000393,0.000589,0.000785
AACGTTCTACCATTGT-1,0.743812,0.000151,0.000226,0.255811
AACTACCCGTTTGTCA-1,0.021967,0.422725,0.150842,0.404466
AACTAGCGTATCGCAC-1,0.577845,0.235979,0.122306,0.06387
AACTAGGCTTGGGTGT-1,0.306217,0.21935,0.323131,0.151302
AACTCAAGTTAATTGC-1,0.204578,0.014273,0.171188,0.609961
AACTCCAGAGCGTGTT-1,0.004367,0.314466,0.274298,0.406869
AACTCCTAATCCCATG-1,0.206839,0.000054,0.160807,0.632299
AACTCGATGGCGCAGT-1,0.864383,0.000232,0.000347,0.135038
AACTCTCAATAGAGCG-1,0.194196,0.062206,0.393756,0.349842
AACTCTCAGTGTGCTC-1,0.26087,0.070537,0.407407,0.261185
AACTGAGGTCAGCGTC-1,0.359858,0.276461,0.137391,0.22629
AACTGAGTTATACTGA-1,0.136489,0.53678,0.094678,0.232054
AACTGATATTAGGCCT-1,0.016943,0.142162,0.008806,0.832089
AACTGGGTCCCGACGT-1,0.74108,0.000099,0.000149,0.258672
AACTGGGTTCGAGCCG-1,0.075847,0.003649,0.029273,0.891232
AACTGGTGTGGGCCTT-1,0.797314,0.000164,0.000246,0.202277
AACTTCTGCGTCTATC-1,0.998946,0.000234,0.000351,0.000469
AACTTGCCCGTATGCA-1,0.650596,0.000147,0.00022,0.349036
AACTTGCGTTCTCGCG-1,0.66169,0.000229,0.172577,0.165504
AACTTTACGGGAGCTT-1,0.559233,0.439597,0.000501,0.000669
AACTTTAGCTGCTGAG-1,0.43083,0.566913,0.000967,0.00129
AACTTTCTCGATCATG-1,0.000017,0.550291,0.119635,0.330057
AAGAAAGTTTGATGGG-1,0.786761,0.034947,0.101035,0.077257
AAGAAATCACCAGATT-1,0.000009,0.409978,0.081058,0.508955
AAGAAGGATCAGTTAG-1,0.578217,0.000142,0.000214,0.421427
AAGACATACGTGGTTT-1,0.12187,0.453085,0.223981,0.201064
AAGACCAAATAACTCA-1,0.853609,0.078814,0.067352,0.000224
AAGACCCAACTGAACA-1,0.208271,0.047044,0.50679,0.237894
AAGACTAACCCGTTGT-1,0.889753,0.000216,0.000324,0.109707
AAGACTCACGCCCACT-1,0.000023,0.110849,0.007985,0.881144
AAGACTGCAAGCTACT-1,0.304095,0.006476,0.292842,0.396587
AAGAGATGAATCGGTA-1,0.99908,0.000205,0.000307,0.000409
AAGAGCTCTTTATCGG-1,0.103677,0.022407,0.199704,0.674211
AAGAGGATGTACGCGA-1,0.240903,0.080002,0.118593,0.560503
AAGAGGCATGGATCGC-1,0.323768,0.000544,0.389796,0.285893
AAGAGGCCCTTTGGAA-1,0.02504,0.297343,0.445582,0.232034
AAGATGGCACCGGACC-1,0.005231,0.656707,0.016693,0.321369
AAGATTGGCGGAACGT-1,0.103793,0.093085,0.486659,0.316464
AAGCACCCTGCGTATC-1,0.000016,0.17779,0.242323,0.579871
AAGCATACTCTCCTGA-1,0.044567,0.108772,0.316444,0.530217
AAGCCACTTGCAGGTA-1,0.486632,0.100827,0.130974,0.281567
AAGCCGAAGCGGTTTA-1,0.249163,0.247437,0.398306,0.105094
AAGCCGCCGTGAAATC-1,0.01332,0.270398,0.014231,0.702051
AAGCCGCTTTACCTTG-1,0.026114,0.54482,0.238729,0.190337
AAGCCGGAGAGCAGGA-1,0.650998,0.22827,0.098669,0.022063
AAGCGCAGGGCTTTGA-1,0.14429,0.509369,0.00085,0.34549
AAGCGGAGTGCGCGCA-1,0.271158,0.374164,0.001148,0.35353
AAGCGGCGTCATGGGT-1,0.059749,0.105757,0.052598,0.781896
AAGCGTCCCTCATCGA-1,0.063608,0.054499,0.552316,0.329576
AAGCTAGATCGAGTAA-1,0.07565,0.005912,0.4949,0.423538
AAGCTATGGATTGACC-1,0.999345,0.000146,0.000218,0.000291
AAGCTCGTGCCAAGTC-1,0.037391,0.004413,0.36713,0.591065
AAGCTCTTTCATGGTG-1,0.098684,0.313904,0.133082,0.45433
AAGGAGAACTTATAAG-1,0.348539,0.000173,0.116007,0.53528
AAGGAGCGGTTGGTGC-1,0.18919,0.081237,0.310911,0.418661
AAGGATCGATCGCTTG-1,0.046695,0.155178,0.393891,0.404237
AAGGATGAGGGACCTC-1,0.004914,0.023361,0.341727,0.629998
AAGGCAGGCTGTCTCC-1,0.155342,0.33052,0.327449,0.186688
AAGGCGCGTAAAGCTT-1,0.241216,0.005438,0.000084,0.753262
AAGGCTGTGCTCATCG-1,0.292201,0.042925,0.03076,0.634114
AAGGGAACGACTGGCT-1,0.308543,0.39543,0.048926,0.2471
AAGGGACAGATTCTGT-1,0.042599,0.128843,0.291902,0.536655
AAGGGACTATGCATTC-1,0.445803,0.135906,0.171252,0.247039
AAGGGTTAGCCATGCG-1,0.273123,0.000086,0.024086,0.702704
AAGGGTTTGATTTCAG-1,0.777874,0.037596,0.020303,0.164227
AAGGTATCCTAATATA-1,0.038886,0.110728,0.146431,0.703956
AAGGTGATAAACCAGC-1,0.06053,0.239459,0.125386,0.574625
AAGTAAGCTTCCAAAC-1,0.249731,0.133905,0.007362,0.609001
AAGTAGAAGACCGGGT-1,0.147773,0.008312,0.013455,0.83046
AAGTAGTGACGCGAGG-1,0.397809,0.000107,0.000161,0.601923
AAGTCAATTGTCGTCA-1,0.023174,0.603595,0.24077,0.132461
AAGTCTAGTAGCTGCC-1,0.000015,0.680042,0.036483,0.28346
AAGTCTTCTGTGGCCT-1,0.971758,0.027982,0.000111,0.000148
AAGTGACGACCGAATT-1,0.13267,0.112127,0.022248,0.732955
AAGTGAGTCGGGTTTA-1,0.000008,0.30142,0.266467,0.432105
AAGTGCAAAGGTAGAC-1,0.67042,0.000165,0.007165,0.32225
AAGTGCCTTGACTGTA-1,0.142434,0.390137,0.399682,0.067747
AAGTGCGTTAGAATCT-1,0.425204,0.02544,0.124702,0.424654
AAGTGCTTCTCTATTG-1,0.32214,0.364682,0.290744,0.022435
AAGTGTTTGGAGACGG-1,0.004804,0.000228,0.336895,0.658073
AAGTTCACTCCAAGCT-1,0.07917,0.18318,0.370381,0.367269
AAGTTCAGTCTGCGTA-1,0.412747,0.000055,0.323737,0.263462
AAGTTCGGCCAACAGG-1,0.615086,0.002027,0.185646,0.197241
AAGTTGTGATGTTATA-1,0.446492,0.398703,0.154736,0.000069
AAGTTTACTAATGGCA-1,0.803124,0.00025,0.000375,0.196252
AAGTTTATGGGCCCAA-1,0.038039,0.593068,0.026069,0.342824
AATAACAACGCTCGGC-1,0.705103,0.011456,0.085337,0.198103
AATAACACTAGAACAA-1,0.0551,0.143931,0.523705,0.277264
AATAACGTCGCGCCCA-1,0.152052,0.000044,0.162252,0.685653
AATAAGTCCTCGAGAC-1,0.078939,0.003277,0.003708,0.914076
AATAATCTTCGTATCG-1,0.0209,0.449154,0.212998,0.316948
AATACAATGTTTCAGG-1,0.999026,0.000216,0.000325,0.000433
AATACCGGAGGGCTGT-1,0.081276,0.401196,0.236308,0.28122
AATACCTGATGTGAAC-1,0.143109,0.101437,0.425322,0.330132
AATAGAACAGAGTGGC-1,0.102888,0.101553,0.687302,0.108258
AATAGAATCTGTTTCA-1,0.385803,0.026825,0.497608,0.089763
AATAGCAAGCCTCCTG-1,0.611353,0.313027,0.062112,0.013508
AATAGCTACCGCGTGC-1,0.414507,0.181171,0.322148,0.082175
AATAGGCACGACCCTT-1,0.031753,0.000281,0.000422,0.967544
AATAGTCCGTCCCGAC-1,0.291456,0.013271,0.552453,0.14282
AATAGTCGCGAGTCGG-1,0.528257,0.171912,0.084033,0.215797
AATATCAAGGTCGGAT-1,0.549589,0.448377,0.000871,0.001162
AATATCCTAGCAAACT-1,0.999707,0.000065,0.000098,0.00013
AATATCGAATCAATGC-1,0.00001,0.607048,0.08502,0.307921
AATATCGAGGGTTCTC-1,0.125972,0.126198,0.445246,0.302584
AATATTGGAGTATTGA-1,0.312854,0.101668,0.040537,0.544942
AATCAGACTGCAGGAC-1,0.723457,0.109098,0.103574,0.063871
AATCAGGTTTCATTTA-1,0.151794,0.144134,0.273509,0.430563
AATCATGTAAAGACTC-1,0.215681,0.278375,0.258175,0.247769
AATCCAAGGGCCTGAG-1,0.813218,0.000207,0.00031,0.186265
AATCCATGCAAGGGTG-1,0.967002,0.000194,0.026613,0.006191
AATCCCGCTCAGAGCC-1,0.033841,0.000042,0.044742,0.921376
AATCGAGGTCTCAAGG-1,0.149612,0.000199,0.000299,0.849889
AATCGCCTCAGCGCCA-1,0.379179,0.023177,0.135595,0.462049
AATCGCGCAGAGGACT-1,0.267926,0.311248,0.204283,0.216543
AATCGGGACACTACGA-1,0.173162,0.000084,0.000126,0.826629
AATCGGTATAGCCCTC-1,0.107217,0.213411,0.598648,0.080725
AATCGTGAGCCGAGCA-1,0.189995,0.231197,0.321604,0.257205
AATCTAGGTTTACTTG-1,0.14334,0.083111,0.001575,0.771974
AATCTATGCCGGAGCC-1,0.015162,0.077598,0.329055,0.578185
AATCTCTACTGTGGTT-1,0.822616,0.129966,0.002091,0.045327
AATCTGCGTTGGGACG-1,0.010579,0.25598,0.046733,0.686708
AATCTGGCTTTCTAGT-1,0.992228,0.007105,0.000286,0.000381
AATCTGGGTAGACCCT-1,0.212744,0.007862,0.017542,0.761852
AATGACAGCAATGTCT-1,0.155885,0.078445,0.11692,0.648751
AATGACGTAGGATGTC-1,0.01176,0.146728,0.49413,0.347382
AATGACTGTCAGCCGG-1,0.008934,0.021731,0.008178,0.961157
AATGAGTTCGCATATG-1,0.998705,0.000288,0.000432,0.000575
AATGATGATACGCTAT-1,0.320235,0.017217,0.350384,0.312164
AATGATGCGACTCCTG-1,0.242705,0.088961,0.289249,0.379085
AATGCAACCGGGTACC-1,0.613889,0.023287,0.002505,0.36032
AATGCACCAAGCAATG-1,0.240195,0.093323,0.235015,0.431466
AATGGCCGCCAATGCG-1,0.183091,0.563513,0.027363,0.226032
AATGGTCCACCGTTCA-1,0.999251,0.000166,0.00025,0.000333
AATGGTTCTCACAAGC-1,0.675184,0.000224,0.000337,0.324255
AATGTATGGCACTGTA-1,0.263908,0.037779,0.005821,0.692492
AATGTGCCCGAGGTGT-1,0.474617,0.015928,0.404772,0.104683
AATGTGCTAATCTGAG-1,0.064763,0.348885,0.169668,0.416683
AATGTTAAGACCCTGA-1,0.116284,0.000038,0.163449,0.720228
AATGTTGTCGTGAGAC-1,0.237091,0.239084,0.461122,0.062702
AATTAAAGGTCGGCGT-1,0.344444,0.000046,0.3802,0.275311
AATTAACGGATTTCCA-1,0.295476,0.037878,0.461825,0.20482
AATTACGAGACCCATC-1,0.704509,0.006093,0.002898,0.286501
AATTACTCGTACGCTC-1,0.520695,0.283509,0.000218,0.195579
AATTAGCGCTGCAGCG-1,0.055326,0.00564,0.226492,0.712542
AATTATACCCAGCAAG-1,0.267687,0.002022,0.064029,0.666262
AATTCATAAGGGATCT-1,0.011513,0.128764,0.295355,0.564367
AATTCATTGTCATGCA-1,0.277776,0.176171,0.005483,0.540569
AATTCCAAGCATGTAC-1,0.113994,0.180041,0.286455,0.41951
AATTCGATTCGAGGAT-1,0.350907,0.501724,0.027802,0.119566
AATTCTAGAGTTAGGC-1,0.382763,0.026648,0.406053,0.184536
AATTGAACGCTCTGGT-1,0.059291,0.207663,0.301738,0.431308
AATTGCAGCAATCGAC-1,0.237165,0.450885,0.268939,0.043011
AATTGCGTGGATTACA-1,0.818977,0.165577,0.015201,0.000244
AATTGTGGTTGCCAAA-1,0.148974,0.389592,0.375162,0.086272
AATTTGGGACATAGTA-1,0.799326,0.000101,0.002617,0.197956
AATTTGGTTCCAAAGA-1,0.047473,0.003164,0.055767,0.893596
ACAAACCATGCGTCCT-1,0.309691,0.092856,0.000045,0.597409
ACAAACCGACAAGGCG-1,0.522897,0.011485,0.000119,0.465499
ACAAACTCCATCAGAG-1,0.572859,0.00004,0.202118,0.224983
ACAAAGAAGGTAGGCC-1,0.843194,0.156599,0.000089,0.000118
ACAAAGCATGACCTAG-1,0.168612,0.439746,0.270205,0.121437
ACAAATCGCACCGAAT-1,0.067909,0.030361,0.259891,0.641839
ACAAATGGTAGTGTTT-1,0.052136,0.203861,0.307426,0.436577
ACAAATTCAGATCTGA-1,0.271072,0.230012,0.254456,0.24446
ACAACAGCATGAGCTA-1,0.354579,0.000043,0.501069,0.14431
ACAACGGTCCCTGCGA-1,0.741975,0.000178,0.000268,0.257579
ACAAGCAGTGCCTAGC-1,0.439059,0.000109,0.046774,0.514058
ACAAGCTATATGGAAG-1,0.999672,0.000073,0.000109,0.000146
ACAAGGAAATCCGCCC-1,0.096454,0.002205,0.330841,0.5705
ACAAGGACAAGAGGTT-1,0.092472,0.002556,0.000698,0.904273
ACAAGGATGCTTTAGG-1,0.300039,0.095456,0.265187,0.339318
ACAAGGCCTACCAGCC-1,0.193831,0.252861,0.021071,0.532237
ACAAGGGCAGGCTCTG-1,0.70952,0.000049,0.255253,0.035178
ACAAGTAATTGTAAGG-1,0.000194,0.000194,0.00029,0.999322
ACAATAGTCGTACGTT-1,0.041017,0.122391,0.000043,0.836549
ACAATCCATTTAAACC-1,0.500944,0.000076,0.028902,0.470079
ACAATCGATCTTTATA-1,0.573801,0.000431,0.313746,0.112022
ACAATGAATACGGAGA-1,0.428588,0.087432,0.417456,0.066524
ACAATGATTCTTCTAC-1,0.208952,0.55747,0.05648,0.177098
ACAATTGTGTCTCTTT-1,0.026662,0.380053,0.388433,0.204852
ACAATTTAGGAGGCTC-1,0.633459,0.365437,0.000474,0.000631
ACAATTTGAGCAGTGG-1,0.215563,0.033399,0.400774,0.350264
ACAATTTGGCCATATT-1,0.002859,0.53216,0.083719,0.381262
ACACAAAGACGGGTGG-1,0.690491,0.022891,0.000123,0.286495
ACACAAATATTCCTAG-1,0.078043,0.632213,0.097326,0.192418
ACACACCAGGACCAGT-1,0.000008,0.050601,0.153112,0.796279
ACACACTTTCTACACG-1,0.099751,0.000064,0.000096,0.90009
ACACATGATCAAATCT-1,0.613796,0.050447,0.027928,0.307829
ACACATTTCCGTAGAC-1,0.042778,0.436237,0.093153,0.427832
ACACCACATAATTAGC-1,0.032426,0.31479,0.212355,0.440429
ACACCCAGCATGCAGC-1,0.773175,0.000103,0.000154,0.226568
ACACCCGAGAAATCCG-1,0.135501,0.060457,0.004997,0.799045
ACACCCGTAAATCTGT-1,0.000007,0.444095,0.000028,0.55587
ACACCGAGCGCTCTTT-1,0.464483,0.142527,0.051326,0.341664
ACACCGGTCTGACCGC-1,0.210629,0.108552,0.020295,0.660524
ACACCTTAAGTAGGGC-1,0.315326,0.025131,0.02171,0.637832
ACACCTTACTACTTGC-1,0.299046,0.297363,0.355822,0.047769
ACACGAGACTCCTTCT-1,0.166921,0.000034,0.564118,0.268927
ACACGGCACTATGCAT-1,0.033245,0.086431,0.000081,0.880242
ACACGGGAACTTAGGG-1,0.281626,0.000046,0.133544,0.584784
ACACGTAGGCCACAAG-1,0.038095,0.308106,0.331183,0.322616
ACACTCCAATGTCACT-1,0.998862,0.000253,0.000379,0.000506
ACACTGATCAAGGTGT-1,0.002128,0.14666,0.625886,0.225325
ACACTGGGACAGTCGT-1,0.006959,0.664127,0.181998,0.146916
ACAGAACTGAGAACAA-1,0.081665,0.155479,0.035885,0.726971
ACAGATTAGGTTAGTG-1,0.998809,0.000265,0.000397,0.000529
ACAGCATAGAGCCAGT-1,0.013653,0.048555,0.000093,0.937699
ACAGCGACATTCTCAT-1,0.082852,0.094935,0.700402,0.121812
ACAGCGCACCCGCAGC-1,0.076792,0.103773,0.059908,0.759527
ACAGGCACGGATCCTT-1,0.163788,0.582733,0.238051,0.015428
ACAGGCTTGCCCGACT-1,0.338255,0.21631,0.301748,0.143688
ACAGGTGGAGGTGAGG-1,0.671845,0.101902,0.215269,0.010985
ACAGGTGTGTTGTTGC-1,0.999632,0.000082,0.000123,0.000164
ACAGTAATACAACTTG-1,0.891847,0.003259,0.080538,0.024356
ACAGTATACCGTGGGA-1,0.206059,0.267419,0.478799,0.047723
ACAGTGCAGCGCATTT-1,0.002786,0.323571,0.000023,0.673621
ACATAAGTCGTGGTGA-1,0.846446,0.05371,0.099579,0.000265
ACATAATAAGGCGGTG-1,0.180847,0.11401,0.031087,0.674057
ACATACAATCAAGCGG-1,0.355498,0.000451,0.089792,0.554258
ACATCAGCTGGGACGC-1,0.999278,0.00016,0.000241,0.000321
ACATCCCGGCCATACG-1,0.482279,0.010626,0.35301,0.154085
ACATCCTGGTAACTGT-1,0.490827,0.167865,0.190408,0.1509
ACATCGATCGTTTACC-1,0.221133,0.000052,0.33644,0.442376
ACATCGCAATATTCGG-1,0.239671,0.000652,0.000978,0.7587
ACATCGGTCAGCCGCG-1,0.057768,0.071236,0.087405,0.78359
ACATCGTATGCAATGG-1,0.283816,0.041065,0.311295,0.363825
ACATCGTTAACCTAGT-1,0.404899,0.059602,0.027617,0.507883
ACATCTCAACGCGTAA-1,0.015276,0.121675,0.000075,0.862973
ACATGCTTACGGCAGC-1,0.057409,0.02769,0.008471,0.906431
ACATGGCGCCAAAGTA-1,0.332836,0.235988,0.198319,0.232857
ACATGGCTCAATTTAG-1,0.700644,0.227128,0.000685,0.071543
ACATTAGTTTATATCC-1,0.010169,0.077228,0.62987,0.282732
ACATTCGCGCGGAATA-1,0.673265,0.117769,0.135739,0.073228
ACATTTGAAACCTAAC-1,0.4811,0.099245,0.385083,0.034572
ACCAAACACCCAGCGA-1,0.072821,0.252245,0.463852,0.211082
ACCAAACTAGAAATCC-1,0.777451,0.000147,0.00022,0.222182
ACCAACACCACACACT-1,0.196618,0.292204,0.325367,0.185811
ACCAACCGCACTCCAC-1,0.347585,0.263893,0.367604,0.020918
ACCAACGCTTATTTAT-1,0.322182,0.103868,0.375447,0.198503
ACCAAGAACGCGTGTC-1,0.755656,0.000129,0.000194,0.244021
ACCAAGTCATCGGCAG-1,0.436592,0.297095,0.266183,0.00013
ACCAATATGCAAGTTA-1,0.123931,0.086609,0.011818,0.777641
ACCACAACTCAGAACA-1,0.43539,0.065597,0.001498,0.497514
ACCACAAGTTTCTATC-1,0.52095,0.001815,0.045456,0.431778
ACCACACGGTTGATGG-1,0.056435,0.000516,0.322537,0.620512
ACCACCAATGTAACAA-1,0.230643,0.13937,0.522517,0.10747
ACCACCCTCTCTTCTA-1,0.000023,0.632577,0.17328,0.19412
ACCACGTGCAGCTATA-1,0.245196,0.000044,0.446734,0.308026
ACCACTGTTCAAGAAG-1,0.428924,0.293029,0.000141,0.277907
ACCAGACCATAACAAC-1,0.665656,0.199271,0.000147,0.134927
ACCAGCCCGGTCTTTG-1,0.009246,0.385936,0.004829,0.599989
ACCAGGAGTGTGATCT-1,0.39733,0.044509,0.000743,0.557419
ACCAGTGCCCGGTCAA-1,0.524256,0.070802,0.328974,0.075969
ACCAGTGCGGGAGACG-1,0.113733,0.179208,0.327818,0.379242
ACCATATCCGCAATAA-1,0.351508,0.000032,0.462089,0.186371
ACCATCCGCCAACTAG-1,0.990636,0.000124,0.008993,0.000247
ACCATCGTATATGGTA-1,0.337622,0.014998,0.178506,0.468874
ACCATTAAGGGTGTCA-1,0.531034,0.220103,0.009288,0.239574
ACCCAACGCCCGTGGC-1,0.353483,0.000037,0.509023,0.137457
ACCCACCTACATGCTC-1,0.999054,0.00021,0.000315,0.00042
ACCCATCTTGAGGGTA-1,0.305968,0.064209,0.07351,0.556312
ACCCATTTGTCCCTCT-1,0.055229,0.222643,0.385635,0.336493
ACCCGAGCGAAATTAC-1,0.010466,0.246014,0.079174,0.664346
ACCCGATTGGTTCCGA-1,0.002767,0.608685,0.073543,0.315006
ACCCGGAAACTCCCAG-1,0.048143,0.145476,0.29473,0.511651
ACCCGGAGCACCACAA-1,0.31605,0.309799,0.292239,0.081913
ACCCGGATGACGCATC-1,0.008067,0.122935,0.10316,0.765838
ACCCGGTTACACTTCC-1,0.02722,0.131621,0.383279,0.45788
ACCCGTAGCAGAGAAT-1,0.484681,0.125604,0.055821,0.333894
ACCCGTAGTCTAGTTG-1,0.112962,0.626886,0.081814,0.178338
ACCCGTGTCATCAGTA-1,0.176417,0.115657,0.376722,0.331204
ACCCTATAGGACTGAG-1,0.998487,0.000336,0.000504,0.000672
ACCCTATGCCATATCG-1,0.259418,0.134518,0.30952,0.296544
ACCCTCCCGTCAGGGC-1,0.168702,0.711789,0.054258,0.065252
ACCCTCCCTTGCTATT-1,0.056654,0.126906,0.303098,0.513343
ACCCTGGTAACGCCCT-1,0.198303,0.386899,0.367354,0.047444
ACCCTTCATCTGCGAA-1,0.617273,0.000135,0.000203,0.382389
ACCCTTGCCTGGGTCG-1,0.047571,0.597208,0.07922,0.276002
ACCCTTTAGTTCTCCA-1,0.295842,0.001134,0.000113,0.702911
ACCGAAAGGGCCCTGC-1,0.580707,0.000148,0.000222,0.418924
ACCGAAGAGTCTGGTT-1,0.648266,0.040576,0.059611,0.251547
ACCGACACATCTCCCA-1,0.14059,0.097168,0.519396,0.242846
ACCGACTGAGTCCCAC-1,0.07565,0.17304,0.083605,0.667705
ACCGAGTCTCCTTATT-1,0.200233,0.309492,0.213319,0.276955
ACCGATAGGCATAACC-1,0.398307,0.220573,0.381072,0.000048
ACCGATATTTAATCAT-1,0.279323,0.195561,0.38815,0.136966
ACCGATGGTAGCATCG-1,0.231636,0.00004,0.608848,0.159476
ACCGCAATAACTGCCT-1,0.475853,0.072686,0.287014,0.164447
ACCGCGGTGGAAGTCG-1,0.007173,0.480414,0.241729,0.270683
ACCGCTAGTCATTGGT-1,0.129774,0.143118,0.04946,0.677648
ACCGGGCCTTTGTTGA-1,0.078778,0.200875,0.271124,0.449223
ACCGGTCAGGTACACC-1,0.722103,0.08165,0.058013,0.138233
ACCGGTCTGAGTACGG-1,0.057736,0.196098,0.072641,0.673524
ACCGTCCACTGGGCCC-1,0.97958,0.000079,0.020183,0.000158
ACCGTGACCACGTGGG-1,0.004452,0.37413,0.339165,0.282254
ACCGTTCCCGCTCTGA-1,0.730246,0.050845,0.027635,0.191274
ACCTAAGTACCTTTCA-1,0.757587,0.018563,0.094086,0.129764
ACCTAATCGACTTCCT-1,0.30096,0.21224,0.000121,0.486679
ACCTACAGTATGTGGT-1,0.033117,0.142398,0.349299,0.475185
ACCTACTATAAATCTA-1,0.017879,0.308097,0.331111,0.342913
ACCTCAGCGAGGCGCA-1,0.007274,0.007274,0.01091,0.974542
ACCTCCGCCCTCGCTG-1,0.0725,0.447685,0.298286,0.181529
ACCTCCGTTATTCACC-1,0.007188,0.056347,0.603535,0.33293
ACCTCGAACTTATGCT-1,0.75761,0.056261,0.018072,0.168057
ACCTGCGTGTCATGTT-1,0.539102,0.025221,0.016352,0.419325
ACCTTTCCTTTAGAAG-1,0.517871,0.303165,0.105318,0.073646
ACGAAATGGGCGGCAC-1,0.266866,0.043527,0.011113,0.678494
ACGACCCATGAGTTGC-1,0.157489,0.348442,0.379091,0.114979
ACGACTCTAGGGCCGA-1,0.264876,0.019043,0.654334,0.061747
ACGACTGGTCATACTC-1,0.491656,0.210505,0.297782,0.000056
ACGAGAACCCATCACG-1,0.875373,0.000186,0.000279,0.124161
ACGAGATATTTGCTTA-1,0.141977,0.037191,0.009439,0.811393
ACGAGGATACCACTCT-1,0.296469,0.056445,0.023849,0.623237
ACGAGGTTTACAACGT-1,0.991902,0.000127,0.007718,0.000253
ACGAGTACGGATGCCC-1,0.146286,0.139175,0.348032,0.366507
ACGATACATAGAACTA-1,0.546068,0.000054,0.133049,0.320829
ACGATACCTATCCTGA-1,0.999743,0.000057,0.000086,0.000114
ACGATCATACATAGAG-1,0.367965,0.000065,0.024092,0.607879
ACGATCATCTTGTAAA-1,0.31542,0.039818,0.564792,0.079971
ACGATGCATATGTTAT-1,0.096086,0.002675,0.169843,0.731396
ACGATGGATCCGATGC-1,0.061398,0.002754,0.030245,0.905602
ACGCAAACTAATAGAT-1,0.011139,0.287139,0.364812,0.33691
ACGCAATCACTACAGC-1,0.051299,0.121912,0.55979,0.266999
ACGCATAAATGACATG-1,0.208203,0.45582,0.000049,0.335929
ACGCATACGTTTACTA-1,0.184977,0.221534,0.567944,0.025545
ACGCATTCGTGAGTAC-1,0.150565,0.044796,0.249979,0.55466
ACGCCACTCGAAACAG-1,0.592884,0.209413,0.197573,0.00013
ACGCCAGATGATTTCT-1,0.152585,0.044028,0.13661,0.666776
ACGCCAGTGCGTTTGC-1,0.055894,0.172925,0.573425,0.197755
ACGCCCAGCTGTCGAT-1,0.586461,0.000122,0.000183,0.413234
ACGCCGCTAGACGACC-1,0.185877,0.005446,0.291393,0.517284
ACGCGAAGTCAGACGA-1,0.023643,0.00126,0.371397,0.6037
ACGCGCTACACAGGGT-1,0.737874,0.008798,0.013676,0.239652
ACGCGGGCCAAGGACA-1,0.173715,0.03373,0.452998,0.339556
ACGCGTTTCTTAAGAG-1,0.499725,0.421525,0.077802,0.000947
ACGCTACTGAATGGGC-1,0.461467,0.010761,0.423549,0.104222
ACGCTAGTATCAGTGC-1,0.001153,0.645118,0.000018,0.353711
ACGCTAGTGATACACT-1,0.184754,0.049281,0.349569,0.416396
ACGCTGTGAGGCGTAG-1,0.788153,0.068983,0.000107,0.142757
ACGCTTAGTGTCTCTC-1,0.014769,0.014825,0.000133,0.970274
ACGGAACACGAGTGCC-1,0.389629,0.042538,0.438959,0.128873
ACGGAATTTAGCAAAT-1,0.909612,0.000198,0.000297,0.089892
ACGGACGCAGCGACAA-1,0.069638,0.032504,0.004875,0.892984
ACGGACTCTCAAAGCG-1,0.049268,0.155647,0.101221,0.693864
ACGGAGCGCAAATTAC-1,0.426521,0.025704,0.357692,0.190083
ACGGATGGTGCGGATA-1,0.184994,0.054379,0.455498,0.305129
ACGGCACTTGCTTGGG-1,0.334749,0.010633,0.460044,0.194574
ACGGCCAACATGGACT-1,0.159215,0.098935,0.566247,0.175603
ACGGCGACGATGGGAA-1,0.010291,0.259298,0.278037,0.452374
ACGGCGGGTTGCCCTG-1,0.197958,0.000115,0.000173,0.801755
ACGGCTGGATGTAGAA-1,0.944033,0.000161,0.055484,0.000322
ACGGGAGTGTCGGCCC-1,0.378886,0.109345,0.075526,0.436242
ACGGGCGTATGCGACA-1,0.00001,0.280918,0.10013,0.618942
ACGGGTCATGTGACTT-1,0.627898,0.370659,0.000619,0.000825
ACGGGTTGTGACCTGT-1,0.787304,0.137432,0.074957,0.000307
ACGGTACAGTTCAATG-1,0.027429,0.237831,0.38006,0.35468
ACGGTCACCGAGAACA-1,0.72013,0.160778,0.010451,0.108641
ACGTACAGATTTCTCT-1,0.014033,0.069991,0.000095,0.915881
ACGTACTTTGGCACGG-1,0.03188,0.115902,0.192699,0.659518
ACGTAGATTGCTGATG-1,0.006739,0.000825,0.236511,0.755925
ACGTAGGAGAGTCGCT-1,0.001925,0.399288,0.083478,0.515308
ACGTATTACTCCGATC-1,0.020523,0.265156,0.185138,0.529183
ACGTCCTAAACGAGAT-1,0.576094,0.422656,0.000536,0.000714
ACGTCGGGCAACTCGG-1,0.755554,0.123966,0.000398,0.120081
ACGTCTCGTTCCGGGA-1,0.516424,0.444846,0.000171,0.038559
ACGTGACAAAGTAAGT-1,0.715459,0.16015,0.047527,0.076865
ACGTGCGCCTCGTGCA-1,0.183527,0.128474,0.034997,0.653001
ACGTGGTCGAATGTGC-1,0.091055,0.007626,0.00783,0.893489
ACGTTAATGTCGAAGA-1,0.000029,0.014644,0.074989,0.910338
ACGTTAGATTTGCCCG-1,0.378259,0.06946,0.090487,0.461794
ACGTTATTGGTCACTC-1,0.998719,0.000285,0.000427,0.000569
ACGTTCACTATGCCGC-1,0.000197,0.120609,0.014051,0.865143
ACGTTCCGCGCTCCGT-1,0.741828,0.000194,0.000292,0.257686
ACGTTCGCAATCAATT-1,0.248301,0.188169,0.487743,0.075787
ACGTTCGTTCAGGAAA-1,0.464476,0.026555,0.508899,0.000069
ACGTTCTGTACAAGTC-1,0.180366,0.28274,0.487551,0.049342
ACGTTGTCGTTGAAAG-1,0.707673,0.002646,0.122301,0.16738
ACGTTTAGTTGTGATC-1,0.348498,0.000324,0.000166,0.651013
ACGTTTCGGTGCACTT-1,0.446719,0.023019,0.081286,0.448976
ACTAAGGACGCACACC-1,0.300198,0.443664,0.038237,0.2179
ACTAATACGTCAGGCG-1,0.000756,0.284891,0.032366,0.681987
ACTACAAAGAGAGGTG-1,0.442686,0.041346,0.515907,0.000061
ACTACATCCCGACAAG-1,0.177869,0.113817,0.011528,0.696786
ACTACCAGCTCTCTGG-1,0.104252,0.076598,0.047116,0.772034
ACTACCATCCGAGGGC-1,0.551131,0.027257,0.133293,0.288318
ACTACGCGTTAGAATT-1,0.558992,0.012095,0.423363,0.00555
ACTAGTTGCGATCGTC-1,0.018635,0.400035,0.125951,0.455379
ACTATATGCTGTGTTC-1,0.076689,0.174628,0.179202,0.56948
ACTATCCAGGGCATGG-1,0.239239,0.056488,0.609648,0.094625
ACTATCGCCGGCTAAA-1,0.50719,0.03512,0.021481,0.436209
ACTATCTGCCCGCGTA-1,0.171071,0.2556,0.556187,0.017142
ACTATGTCCAGCTGCC-1,0.000009,0.358454,0.000014,0.641523
ACTATTCGTCCGTGGT-1,0.12216,0.013263,0.006689,0.857887
ACTATTTCCGGGCCCA-1,0.071732,0.337151,0.285056,0.306061
ACTCAACGAATGTATT-1,0.774356,0.031678,0.171843,0.022123
ACTCAAGTGCAAGGCT-1,0.228696,0.228321,0.346937,0.196046
ACTCAATAAAGGCACG-1,0.292996,0.056541,0.054887,0.595577
ACTCAGACCTGCTTCT-1,0.588272,0.217861,0.001065,0.192801
ACTCATGGCAGCCTTC-1,0.286813,0.047498,0.030161,0.635528
ACTCCAATATCATCAT-1,0.024928,0.479287,0.115614,0.380172
ACTCCCATTCCTAAAG-1,0.394367,0.112076,0.004714,0.488843
ACTCCCGAATTCGTTT-1,0.002193,0.096293,0.573916,0.327599
ACTCCCGTAGACTAGG-1,0.005309,0.522314,0.220226,0.252151
ACTCCCTAATGCTAAA-1,0.040501,0.287705,0.057109,0.614685
ACTCCCTAGAATAGTA-1,0.074428,0.000035,0.129607,0.795929
ACTCCGGCCGACCACT-1,0.029971,0.760109,0.019705,0.190215
ACTCGATGTATTTCAT-1,0.997386,0.000581,0.000871,0.001162
ACTCGCCGTTCGATAA-1,0.002966,0.51459,0.196105,0.286339
ACTCGCGATCTGACGC-1,0.375736,0.333734,0.286809,0.003721
ACTCGTAACCCGTCCT-1,0.457321,0.052603,0.039743,0.450332
ACTCGTCAGTAATCCC-1,0.105369,0.000033,0.56466,0.329938
ACTCTAAACCTGGGAT-1,0.999537,0.000103,0.000154,0.000206
ACTCTCTGACTTAGGT-1,0.176158,0.022402,0.247465,0.553975
ACTCTCTTATACACGA-1,0.178888,0.050739,0.007813,0.762559
ACTCTGACCTAATAGA-1,0.111657,0.565681,0.125281,0.197381
ACTCTTCAGCTCCCGC-1,0.000013,0.556788,0.065496,0.377703
ACTCTTGTATAGTAAC-1,0.130901,0.037169,0.592805,0.239126
ACTGAAACGCCGTTAG-1,0.478838,0.116471,0.392854,0.011838
ACTGAATGGCGAAAGT-1,0.339826,0.010591,0.36253,0.287054
ACTGATTTAGTGATTC-1,0.014984,0.041954,0.004406,0.938656
ACTGCCCGCCATTCTC-1,0.24088,0.516192,0.073748,0.16918
ACTGCCGTCGTAACTC-1,0.133961,0.000087,0.002377,0.863576
ACTGCGGACACACCGT-1,0.000367,0.48317,0.044334,0.472129
ACTGCTCGGAAGGATG-1,0.530017,0.141796,0.080952,0.247235
ACTGGCGAACCTGCGT-1,0.000009,0.692979,0.000858,0.306154
ACTGGGATGCCAGTGC-1,0.023078,0.261934,0.265485,0.449503
ACTGTACGATACACAT-1,0.046534,0.014608,0.481897,0.456961
ACTGTAGCACTTTGGA-1,0.624373,0.000104,0.000156,0.375366
ACTGTATACGCGAGCA-1,0.818701,0.000269,0.067699,0.113332
ACTGTCCAGGATTATA-1,0.680026,0.00007,0.019097,0.300807
ACTGTCTTCTTTAGAA-1,0.282526,0.000075,0.02888,0.688519
ACTGTGCTAGTAGATC-1,0.99845,0.000344,0.000517,0.000689
ACTGTTTAGTGTAGGC-1,0.71668,0.000834,0.280818,0.001668
ACTTACCGGGCGCGCA-1,0.355806,0.032577,0.255491,0.356126
ACTTACGCATCCACGC-1,0.005781,0.478842,0.093234,0.422143
ACTTAGTACGACAAGA-1,0.998659,0.000298,0.000447,0.000596
ACTTATACTTACCCGG-1,0.0822,0.003768,0.488635,0.425397
ACTTATCTGATCTATA-1,0.596421,0.050377,0.000212,0.35299
ACTTATTAGGATCGGT-1,0.412953,0.00006,0.2223,0.364687
ACTTATTTATGTGCCA-1,0.024893,0.287066,0.189755,0.498286
ACTTCAGGCTGATCCC-1,0.063196,0.124097,0.225663,0.587044
ACTTCCAGTGGAAGCT-1,0.966229,0.000117,0.000176,0.033478
ACTTCCATGCGGGACA-1,0.099469,0.113605,0.22631,0.560616
ACTTCCTGTCGTGCGA-1,0.068923,0.257151,0.000045,0.673881
ACTTCGCCATACGCAC-1,0.006605,0.072173,0.197564,0.723657
ACTTCGCTAGCGAGTG-1,0.036846,0.672175,0.264957,0.026023
ACTTGACTCCCTCTTT-1,0.057861,0.00004,0.423509,0.51859
ACTTGCCATATTGTAC-1,0.788533,0.000312,0.000468,0.210687
ACTTGCTCTATCTACC-1,0.701019,0.214701,0.000094,0.084185
ACTTGGGACCCGGTGG-1,0.488275,0.010276,0.000105,0.501345
ACTTGGGCTTTCGCCA-1,0.002798,0.503613,0.191653,0.301936
ACTTGTAGTCCCTTCA-1,0.683536,0.240731,0.074908,0.000825
ACTTGTGGATGGAACG-1,0.072599,0.350507,0.393858,0.183036
ACTTGTTACCGGATCA-1,0.499686,0.022663,0.043805,0.433846
ACTTTACCCTCATGAA-1,0.188526,0.073753,0.624049,0.113672
ACTTTATACACCACTT-1,0.857817,0.141749,0.000186,0.000248
ACTTTCCTATAGCTTC-1,0.441809,0.077834,0.288821,0.191536
ACTTTGACTGCATCCT-1,0.999411,0.000131,0.000196,0.000262
ACTTTGGTCGTGCTCC-1,0.985197,0.014337,0.0002,0.000266
ACTTTGTCGACGCACT-1,0.277473,0.336654,0.281109,0.104764
AGAAATTATGACTCGC-1,0.131919,0.470445,0.22344,0.174196
AGAACACGGCGATGGT-1,0.773284,0.043745,0.036435,0.146536
AGAACCCAGCGTGACA-1,0.06548,0.458096,0.390378,0.086047
AGAACCCTCAATTGGG-1,0.549497,0.366048,0.012477,0.071978
AGAACGTGGTACATTC-1,0.329074,0.016903,0.098413,0.55561
AGAACTGTACTTTGTA-1,0.049386,0.074885,0.416716,0.459013
AGAAGAGCGCCGTTCC-1,0.610241,0.000748,0.387514,0.001497
AGAAGGTACACTTCAC-1,0.407819,0.060222,0.019173,0.512787
AGAAGGTTGCCGAATT-1,0.105765,0.015646,0.183574,0.695015
AGAAGGTTGTAGGTCG-1,0.261938,0.243955,0.268753,0.225354
AGAAGTGATTCGTGAT-1,0.521991,0.120331,0.212965,0.144713
AGAATAAATCTTCAGG-1,0.999181,0.000182,0.000273,0.000364
AGAATACAGGCTATCC-1,0.707058,0.00008,0.114351,0.178511
AGAATGCGGGTTCGGA-1,0.060874,0.269499,0.335232,0.334396
AGAATTATGGATTCGA-1,0.086276,0.000029,0.673205,0.240489
AGAATTGTTTGACATA-1,0.998823,0.000262,0.000392,0.000523
AGACAGCTCAGAATCC-1,0.9949,0.000175,0.000263,0.004662
AGACAGGCATCTCAGC-1,0.169171,0.702709,0.041137,0.086983
AGACATAGATCCTTCC-1,0.511855,0.221986,0.000795,0.265364
AGACCAAACCACACCT-1,0.584705,0.213903,0.201089,0.000304
AGACCATGGGATACAA-1,0.919565,0.000237,0.000356,0.079842
AGACCCACCGCTGATC-1,0.246288,0.022845,0.453638,0.277229
AGACCCGCCCTCCTCG-1,0.087979,0.035441,0.002825,0.873754
AGACCGCTCCGCGGTT-1,0.016794,0.636186,0.028458,0.318563
AGACCGGGAAACCCTG-1,0.729858,0.00485,0.000073,0.26522
AGACGAAGTGCCGGTC-1,0.364438,0.372547,0.262942,0.000073
AGACGACGATGCCGCT-1,0.657864,0.040466,0.197974,0.103696
AGACGCCCACTTCGCC-1,0.08261,0.605845,0.103043,0.208502
AGACGGGATTGGTATA-1,0.431815,0.081311,0.000179,0.486695
AGACGGGCCGATTTAA-1,0.292722,0.179126,0.229033,0.299119
AGACTAGCCTTCCAGA-1,0.37834,0.000092,0.000138,0.62143
AGACTGTTACCGGGTC-1,0.099751,0.452265,0.206015,0.241969
AGAGAAACACCAGAAA-1,0.222242,0.213915,0.342019,0.221825
AGAGAACCGTCTAGGA-1,0.107797,0.000021,0.515759,0.376423
AGAGAAGGAGTACAAT-1,0.637472,0.242715,0.100982,0.018831
AGAGATCTCTAAAGCG-1,0.999483,0.000115,0.000172,0.00023
AGAGCAGTTATGAGAC-1,0.868638,0.000173,0.00026,0.130929
AGAGCCGCCGAGATTT-1,0.109371,0.490676,0.311432,0.088521
AGAGCGCTTGTAACGG-1,0.00001,0.562304,0.01255,0.425136
AGAGCGGGCTAATCAT-1,0.556065,0.000089,0.041774,0.402072
AGAGCGTACAAGCTCG-1,0.852817,0.000264,0.000395,0.146525
AGAGCTACGAAAGCAT-1,0.714849,0.000204,0.224068,0.060878
AGAGGCTTCGGAAACC-1,0.602429,0.01963,0.373206,0.004734
AGAGGGACAATTGTCC-1,0.000013,0.756643,0.00002,0.243323
AGAGGTATCTCGGTCC-1,0.187904,0.80919,0.001245,0.001661
AGAGTAAACTTCACTA-1,0.119409,0.360567,0.330702,0.189321
AGAGTATAGTGTTACG-1,0.000017,0.537953,0.141581,0.320449
AGAGTCTTAATGAAAG-1,0.007577,0.155426,0.821844,0.015153
AGAGTGAACAGACACC-1,0.00001,0.649638,0.000016,0.350336
AGAGTTAGAGACCGAT-1,0.55163,0.14227,0.000687,0.305413
AGAGTTGCAGGCCTCC-1,0.196374,0.463143,0.231406,0.109077
AGATAACTTCAGGGCC-1,0.61134,0.000072,0.078279,0.310309
AGATAATCACACCTAT-1,0.999567,0.000096,0.000144,0.000192
AGATACCAATAGAACC-1,0.000008,0.670697,0.077016,0.252279
AGATACCAGCACTTCA-1,0.010685,0.661867,0.079369,0.248078
AGATACCGGTGTTCAC-1,0.250438,0.000503,0.044718,0.704341
AGATACGACTTCATAT-1,0.998363,0.000364,0.000546,0.000727
AGATACTCAAGATCGA-1,0.247728,0.00124,0.341222,0.40981
AGATATAATACGACTA-1,0.006444,0.394669,0.098373,0.500514
AGATCGTGCATAAGAT-1,0.079663,0.059531,0.281711,0.579094
AGATCTCAGGTGTGAT-1,0.379313,0.025921,0.370687,0.224079
AGATCTGGAGAGGATA-1,0.999532,0.000104,0.000156,0.000208
AGATGACTCGCCCACG-1,0.099744,0.033035,0.002351,0.86487
AGATGAGGGTTGCGAT-1,0.282872,0.178437,0.249982,0.28871
AGATGATGGAGTCTGG-1,0.000017,0.311496,0.282571,0.405916
AGATGCAAGACGTGCA-1,0.068864,0.050059,0.037893,0.843183
AGATGCATCCTGTGTC-1,0.542818,0.28011,0.000091,0.17698
AGATGCTATAACGAGC-1,0.518098,0.323557,0.000195,0.158151
AGATTATAGGACGTTT-1,0.092998,0.014969,0.25216,0.639872
AGATTCAAGCGGGTCG-1,0.47593,0.237902,0.08662,0.199549
AGATTCACAACCGATA-1,0.773327,0.000085,0.000128,0.22646
AGCAAAGGCCGCTAGT-1,0.266596,0.136692,0.295923,0.300789
AGCAACATATCTTATT-1,0.48434,0.052224,0.205907,0.25753
AGCAACCGAAAGTAAT-1,0.151955,0.041122,0.043085,0.763839
AGCACACGTTTAGACT-1,0.286423,0.199429,0.037008,0.47714
AGCACCAGTACTCACG-1,0.10213,0.000077,0.045188,0.852605
AGCACTACCGGCCTGT-1,0.601869,0.000154,0.01702,0.380957
AGCACTACCTCACCAG-1,0.363949,0.112088,0.316611,0.207352
AGCACTTAAGGACGCC-1,0.573979,0.001026,0.000115,0.42488
AGCAGAAGGAGAAAGA-1,0.04629,0.425238,0.19258,0.335892
AGCAGCCAGATGAATA-1,0.473662,0.013597,0.508865,0.003876
AGCAGTCGAAGCATGC-1,0.007231,0.168618,0.138543,0.685608
AGCATATCAATATGCT-1,0.001856,0.252652,0.202685,0.542807
AGCATCATTTCGAAAG-1,0.332468,0.010759,0.275636,0.381137
AGCATCGTCGATAATT-1,0.00004,0.068385,0.005492,0.926084
AGCATTACGAGGCAAG-1,0.067955,0.210906,0.435992,0.285146
AGCCAAGCTTTGTGTC-1,0.278611,0.402982,0.184146,0.134261
AGCCACAGGTTACCCG-1,0.215703,0.024666,0.520228,0.239403
AGCCACTCCCGTGCTT-1,0.012736,0.177705,0.091576,0.717984
AGCCATATAGTATGTG-1,0.079552,0.568146,0.041526,0.310776
AGCCCATACATGTAAG-1,0.287855,0.028226,0.000188,0.683731
AGCCCGCAACAAGCAG-1,0.037956,0.65609,0.002219,0.303735
AGCCCGCACTACAATG-1,0.496535,0.15941,0.308069,0.035986
AGCCCGGCATTAGAGG-1,0.266393,0.336379,0.002423,0.394805
AGCCCGGTAGCCTGTA-1,0.077718,0.411941,0.125373,0.384968
AGCCCTAAGCGAAGTT-1,0.337938,0.036681,0.073833,0.551548
AGCCCTCCCTGGTGGC-1,0.012829,0.447095,0.006763,0.533313
AGCCCTGTCGCACCGT-1,0.076187,0.55604,0.00527,0.362502
AGCCCTTCTAATCCGA-1,0.178767,0.113951,0.349201,0.358081
AGCCCTTGGACATCCC-1,0.040108,0.677321,0.017848,0.264723
AGCCGCAAATTCAAAT-1,0.999636,0.000081,0.000121,0.000162
AGCCGCTTGATTAGCG-1,0.42932,0.149988,0.032689,0.388003
AGCCGTGGCTAAATGT-1,0.110845,0.063862,0.086701,0.738592
AGCCTAATACCCACGT-1,0.999556,0.000099,0.000148,0.000197
AGCCTTAAAGCGGAAG-1,0.970131,0.000133,0.000199,0.029538
AGCCTTGTCACTGATA-1,0.567476,0.146271,0.00283,0.283422
AGCGACAGGAACGGTC-1,0.719883,0.00253,0.277493,0.000095
AGCGACATCCCATTCA-1,0.243504,0.000093,0.028334,0.72807
AGCGACCAACGATATT-1,0.511951,0.000078,0.000117,0.487854
AGCGACTTTGAAGACA-1,0.000808,0.000808,0.112557,0.885826
AGCGAGACGTGAAGGC-1,0.148589,0.416925,0.000026,0.434461
AGCGATGCGCCTAATA-1,0.344092,0.223376,0.418478,0.014054
AGCGCATAATGAATCG-1,0.101586,0.06949,0.737905,0.091018
AGCGCGGGTGCCAATG-1,0.072489,0.032428,0.603008,0.292075
AGCGCTAGAGCGATGT-1,0.197621,0.357462,0.326874,0.118043
AGCGCTTATGGGCAAG-1,0.399433,0.075351,0.231783,0.293433
AGCGGACACTTCGTAG-1,0.174095,0.388014,0.1681,0.269791
AGCGGCGGTTAGCGGT-1,0.999429,0.000127,0.00019,0.000254
AGCGGGAAGGGTCCAT-1,0.848849,0.000423,0.149882,0.000846
