Barcode,Topic 1,Topic 2,Topic 3to5,Topic 6to9,Topic 10to11
AAACAACGAATAGTTC-1,0.061547,0.046193,0.296457,0.266538,0.329265
AAACAAGTATCTCCCA-1,0.000058,0.22335,0.000173,0.123592,0.652827
AAACAATCTACTAGCA-1,0.001633,0.000009,0.102549,0.882211,0.013597
AAACACCAATAACTGC-1,0.297205,0.001917,0.441566,0.245629,0.013682
AAACAGAGCGACTCCT-1,0.076769,0.143266,0.026267,0.750528,0.00317
AAACAGCTTTCAGAAG-1,0.796711,0.034796,0.000083,0.092273,0.076137
AAACAGGGTCTATATT-1,0.546109,0.251916,0.000055,0.201882,0.000037
AAACAGTGTTCCTGGG-1,0.055325,0.03976,0.643773,0.012982,0.248161
AAACATGGTGAGAGGA-1,0.32554,0.383486,0.283493,0.000145,0.007336
AAACATTTCCCGGATT-1,0.000038,0.191327,0.074257,0.144741,0.589636
AAACCACTACACAGAT-1,0.000021,0.206332,0.475165,0.280166,0.038315
AAACCCGAACGAAATC-1,0.243706,0.106628,0.000151,0.081665,0.56785
AAACCGGAAATGTTAA-1,0.000021,0.332985,0.367141,0.289039,0.010813
AAACCGGGTAGGTACC-1,0.158361,0.001738,0.049363,0.408085,0.382453
AAACCGTTCGTCCAGG-1,0.016486,0.001913,0.128962,0.416592,0.436046
AAACCTAAGCAGCCGG-1,0.000014,0.246768,0.111154,0.33287,0.309194
AAACCTCATGAAGTTG-1,0.1206,0.001657,0.19568,0.65181,0.030252
AAACGAAGAACATACC-1,0.049588,0.490531,0.000093,0.323088,0.1367
AAACGAAGATGGAGTA-1,0.890849,0.005033,0.000101,0.000135,0.103882
AAACGACAGTCTTGCC-1,0.000011,0.012096,0.7122,0.273027,0.002666
AAACGAGACGGTTGAT-1,0.000019,0.000075,0.012277,0.62544,0.362189
AAACGCCCGAGATCGG-1,0.000088,0.527158,0.000264,0.221958,0.250531
AAACGCTGGGCACGAC-1,0.000012,0.087209,0.623722,0.084227,0.20483
AAACGGGCGTACGGGT-1,0.000018,0.050546,0.208569,0.449127,0.29174
AAACGGGTTGGTATCC-1,0.000028,0.074535,0.1042,0.335536,0.485701
AAACGGTTGCGAACTG-1,0.011801,0.206247,0.430705,0.247348,0.1039
AAACGTGTTCGCCCTA-1,0.00001,0.001483,0.285515,0.712352,0.00064
AAACTAACGTGGCGAC-1,0.000059,0.076511,0.060837,0.262968,0.599625
AAACTCGGTTCGCAAT-1,0.00002,0.028549,0.162509,0.217085,0.591838
AAACTCGTGATATAAG-1,0.009292,0.48288,0.000101,0.506251,0.001477
AAACTGCTGGCTCCAA-1,0.022,0.02645,0.023611,0.733448,0.194492
AAACTTAATTGCACGC-1,0.943313,0.000032,0.000096,0.000128,0.05643
AAACTTGCAAACGTAT-1,0.345113,0.000014,0.034281,0.462855,0.157736
AAAGAATGACCTTAGA-1,0.744373,0.000034,0.052872,0.000137,0.202585
AAAGAATGTGGACTAA-1,0.000043,0.766473,0.000128,0.00017,0.233186
AAAGACCCAAGTCGCG-1,0.000014,0.002002,0.139071,0.838495,0.020418
AAAGACTGGGCGCTTT-1,0.16052,0.001254,0.030193,0.698682,0.109351
AAAGCTTGCCTACATA-1,0.000012,0.005525,0.172601,0.741348,0.080514
AAAGGCCCTATAATAC-1,0.136489,0.000005,0.782704,0.078962,0.00184
AAAGGCTACGGACCAT-1,0.000018,0.047345,0.181979,0.245693,0.524965
AAAGGCTCTCGCGCCG-1,0.000014,0.000014,0.073481,0.46503,0.461461
AAAGGGATGTAGCAAG-1,0.000015,0.000625,0.024674,0.902676,0.072009
AAAGGGCAGCTTGAAT-1,0.012314,0.012955,0.030005,0.588293,0.356434
AAAGGTAAGCTGTACC-1,0.000068,0.342969,0.000205,0.038898,0.61786
AAAGGTCAACGACATG-1,0.000016,0.010274,0.464454,0.522699,0.002557
AAAGTAGCATTGCTCA-1,0.123605,0.100989,0.000079,0.148641,0.626686
AAAGTCACTGATGTAA-1,0.000021,0.091439,0.139411,0.682495,0.086634
AAAGTCGACCCTCAGT-1,0.488632,0.019847,0.000071,0.199402,0.292048
AAAGTGCCATCAATTA-1,0.000013,0.054162,0.406569,0.363633,0.175623
AAAGTGTGATTTATCT-1,0.00001,0.00001,0.013061,0.9869,0.00002
AAAGTTGACTCCCGTA-1,0.000016,0.000016,0.056969,0.825638,0.117361
AAATAAGGTAGTGCCC-1,0.003907,0.991813,0.000066,0.00417,0.000044
AAATACCTATAAGCAT-1,0.030014,0.046623,0.064581,0.670505,0.188276
AAATAGCTTAGACTTT-1,0.000062,0.343439,0.000185,0.003121,0.653192
AAATAGGGTGCTATTG-1,0.000016,0.000016,0.070581,0.64347,0.285916
AAATCACTCCTAAACG-1,0.033237,0.007945,0.516712,0.385599,0.056507
AAATCCGATACACGCC-1,0.000011,0.04127,0.28154,0.529773,0.147406
AAATCGCGGAAGGAGT-1,0.961853,0.000032,0.000096,0.000128,0.037891
AAATCGTGTACCACAA-1,0.008273,0.000012,0.057262,0.471377,0.463076
AAATCTAGCCCTGCTA-1,0.000053,0.37558,0.009747,0.166002,0.448618
AAATCTGCCCGCGTCC-1,0.797977,0.000237,0.033249,0.00095,0.167587
AAATGACTGATCAAAC-1,0.03254,0.110676,0.161818,0.000095,0.694871
AAATGATTCGATCAGC-1,0.02787,0.605373,0.000207,0.024379,0.342171
AAATGCTCGTTACGTT-1,0.033857,0.014633,0.010741,0.477891,0.462878
AAATGGCATGTCTTGT-1,0.00002,0.00002,0.079923,0.841961,0.078075
AAATGGCCCGTGCCCT-1,0.41751,0.359446,0.000087,0.222898,0.000058
AAATGGTCAATGTGCC-1,0.02597,0.000649,0.123739,0.730676,0.118966
AAATGTATCTTATCCC-1,0.117097,0.030585,0.537385,0.004582,0.310351
AAATTAACGGGTAGCT-1,0.000153,0.002447,0.02475,0.737253,0.235397
AAATTAATAAGCGCGA-1,0.175401,0.039371,0.16421,0.183696,0.437322
AAATTACCTATCGATG-1,0.000047,0.396322,0.000141,0.114119,0.48937
AAATTCCAGGTCCAAA-1,0.030828,0.443138,0.000228,0.000305,0.5255
AAATTGATAGTCCTTT-1,0.270956,0.036719,0.13364,0.000135,0.558551
AAATTGCGGCGGTTCT-1,0.006781,0.078871,0.249243,0.528713,0.136391
AAATTGGTGAGAAGCA-1,0.000009,0.000009,0.299813,0.698665,0.001504
AAATTTGCGGGTGTGG-1,0.054705,0.007612,0.145571,0.328479,0.463632
AACAACTGGTAGTTGC-1,0.00001,0.00001,0.206844,0.669025,0.124111
AACAATACATTGTCGA-1,0.019395,0.088626,0.087748,0.078625,0.725606
AACAATTACTCTACGC-1,0.059453,0.022685,0.124628,0.507162,0.286073
AACACACGCTCGCCGC-1,0.000011,0.000011,0.007864,0.991738,0.000376
AACACGACTGTACTGA-1,0.00006,0.244837,0.000181,0.278963,0.475959
AACACGAGACGCGGCC-1,0.262017,0.016593,0.000103,0.016655,0.704632
AACACGCGGCCGCGAA-1,0.019369,0.000014,0.131415,0.689054,0.160147
AACAGCTGTGTGGCAA-1,0.033582,0.17487,0.044963,0.001589,0.744996
AACAGGAAATCGAATA-1,0.071228,0.085959,0.049892,0.792885,0.000037
AACAGGATGGGCCGCG-1,0.000536,0.000006,0.17826,0.781625,0.039572
AACAGGTAGTATGGAT-1,0.000098,0.208537,0.000294,0.000392,0.790679
AACATAGCGTGTATCG-1,0.000028,0.224577,0.347089,0.254888,0.173418
AACATATCAACTGGTG-1,0.115931,0.164703,0.000182,0.100455,0.618729
AACATCGATACGTCTA-1,0.011738,0.44454,0.019622,0.48365,0.040451
AACATTGAAGTTGATC-1,0.40933,0.262899,0.251957,0.011571,0.064244
AACATTGGTCAGCCGT-1,0.000035,0.144096,0.009373,0.493657,0.352839
AACATTGTGACTCGAG-1,0.000017,0.033927,0.089945,0.010627,0.865484
AACCAAGACTTCTCTG-1,0.040255,0.000007,0.121923,0.720487,0.117329
AACCATAGGGTTGAAC-1,0.935223,0.038979,0.02564,0.000105,0.000053
AACCATGGGATCGCTA-1,0.059098,0.000012,0.055728,0.662831,0.22233
AACCCAGAGACGGAGA-1,0.017604,0.002936,0.003684,0.567827,0.407949
AACCCATCCCATGATC-1,0.764411,0.090981,0.023362,0.119001,0.002244
AACCCGACAACCCGTG-1,0.014319,0.047291,0.610983,0.109598,0.217809
AACCCGAGCAGAATCG-1,0.00009,0.406061,0.00027,0.00036,0.593219
AACCCGATAGGGCTTC-1,0.000024,0.315136,0.318839,0.214267,0.151734
AACCCGCTGTATTCCA-1,0.010842,0.025841,0.868922,0.069277,0.025119
AACCCTACTGTCAATA-1,0.00001,0.000832,0.043766,0.910629,0.044762
AACCCTGGTGGAACCA-1,0.092683,0.231054,0.035559,0.263015,0.37769
AACCGAGCTTGGTCAT-1,0.004337,0.302398,0.042566,0.624636,0.026062
AACCGCTAAGGGATGC-1,0.000023,0.000023,0.014888,0.661105,0.323961
AACCGTTGTGTTTGCT-1,0.061285,0.000024,0.000073,0.891523,0.047096
AACCTCGCTTTAGCCC-1,0.000015,0.056664,0.060398,0.481515,0.401408
AACCTGTCACGGAATT-1,0.100546,0.353494,0.000089,0.503198,0.042673
AACCTTTAAATACGGT-1,0.000011,0.000011,0.216174,0.547701,0.236102
AACCTTTACGACGTCT-1,0.004078,0.734652,0.074227,0.186942,0.0001
AACGAAAGTCGTCCCA-1,0.644502,0.002355,0.220756,0.132337,0.00005
AACGACCTCCTAGCCG-1,0.000011,0.090723,0.627826,0.228725,0.052715
AACGATAATGCCGTAG-1,0.000014,0.000014,0.107956,0.609046,0.28297
AACGATAGAAGGGCCG-1,0.000012,0.000184,0.027342,0.947504,0.024957
AACGATATGTCAACTG-1,0.000041,0.038198,0.016216,0.489981,0.455565
AACGCATGATCTGGGT-1,0.000094,0.525017,0.211409,0.224252,0.039228
AACGCGAACGGCAACA-1,0.000009,0.00077,0.14926,0.629932,0.220028
AACGCGACCTTGGGCG-1,0.015918,0.115738,0.433297,0.047084,0.387964
AACGCGGTCTCCAGCC-1,0.042358,0.008205,0.025544,0.897421,0.026472
AACGCTGTTGCTGAAA-1,0.000022,0.011697,0.080979,0.776275,0.131027
AACGGACGTACGTATA-1,0.000021,0.001426,0.036642,0.709753,0.252158
AACGGCCATCTCCGGT-1,0.032088,0.021176,0.042433,0.592046,0.312257
AACGTACTGTGGGTAC-1,0.002371,0.000014,0.057373,0.46571,0.474532
AACGTAGTCTACCCAT-1,0.035646,0.045938,0.029262,0.794774,0.094381
AACGTCAGACTAGTGG-1,0.021525,0.047017,0.017236,0.703933,0.210289
AACGTCATCCGGCTTG-1,0.025606,0.037071,0.333552,0.368214,0.235556
AACGTCGCTGCACTTC-1,0.000017,0.14085,0.542977,0.316121,0.000035
AACGTGCGAAAGTCTC-1,0.000009,0.000009,0.136762,0.805962,0.057259
AACGTTATCAGCACCT-1,0.044565,0.010177,0.101762,0.469193,0.374304
AACGTTCTACCATTGT-1,0.000014,0.08323,0.293227,0.285245,0.338285
AACTACCCGTTTGTCA-1,0.000116,0.300591,0.000348,0.018036,0.680909
AACTAGCGTATCGCAC-1,0.010229,0.390767,0.056576,0.439897,0.102532
AACTAGGCTTGGGTGT-1,0.000015,0.007084,0.172785,0.573626,0.246489
AACTCAAGTTAATTGC-1,0.0292,0.000855,0.00389,0.167172,0.798883
AACTCCAGAGCGTGTT-1,0.000016,0.012092,0.042767,0.811266,0.133859
AACTCCTAATCCCATG-1,0.063285,0.211633,0.03836,0.686622,0.000101
AACTCGATAAACACGT-1,0.001395,0.035008,0.240729,0.705416,0.017452
AACTCGATGGCGCAGT-1,0.012195,0.001583,0.035288,0.848189,0.102746
AACTCTCAATAGAGCG-1,0.000015,0.006679,0.117524,0.875751,0.00003
AACTCTCAGTGTGCTC-1,0.010129,0.062409,0.083267,0.272455,0.571741
AACTGAGGTCAGCGTC-1,0.000028,0.174443,0.222175,0.601767,0.001587
AACTGAGTTATACTGA-1,0.016895,0.097161,0.477847,0.306893,0.101204
AACTGATATTAGGCCT-1,0.018702,0.007846,0.109822,0.627525,0.236106
AACTGGGTCCCGACGT-1,0.000023,0.015675,0.030929,0.884134,0.06924
AACTGGTGTGGGCCTT-1,0.000015,0.014701,0.152263,0.825964,0.007057
AACTTCTGCGTCTATC-1,0.012371,0.093795,0.043362,0.662804,0.187668
AACTTGCCCGTATGCA-1,0.008838,0.002466,0.053536,0.603836,0.331323
AACTTGCGTTCTCGCG-1,0.000016,0.000016,0.113683,0.658412,0.227874
AACTTTACGGGAGCTT-1,0.393492,0.000013,0.220188,0.285122,0.101185
AACTTTAGCTGCTGAG-1,0.000026,0.079918,0.1368,0.631096,0.15216
AACTTTCTCGATCATG-1,0.000012,0.014564,0.330888,0.634402,0.020134
AAGAAAGTTTGATGGG-1,0.774193,0.028317,0.027006,0.000164,0.170319
AAGAAATCACCAGATT-1,0.000009,0.000009,0.466624,0.526414,0.006944
AAGAAGGATCAGTTAG-1,0.010662,0.009857,0.212655,0.615363,0.151463
AAGACATACGTGGTTT-1,0.000022,0.479181,0.233054,0.203328,0.084416
AAGACCAAATAACTCA-1,0.772065,0.152012,0.038347,0.0001,0.037476
AAGACCCAACTGAACA-1,0.000012,0.002161,0.117285,0.424511,0.456032
AAGACTAACCCGTTGT-1,0.045555,0.000232,0.125555,0.571552,0.257106
AAGACTGCAAGCTACT-1,0.037698,0.02349,0.019446,0.854459,0.064907
AAGAGATGAATCGGTA-1,0.060622,0.004459,0.03947,0.56831,0.327139
AAGAGCTCTTTATCGG-1,0.000022,0.010819,0.047293,0.85233,0.089536
AAGAGGATGTACGCGA-1,0.032125,0.000009,0.070846,0.61202,0.285
AAGAGGCATGGATCGC-1,0.000022,0.000373,0.111347,0.480965,0.407292
AAGAGGCCCTTTGGAA-1,0.051272,0.233416,0.042267,0.000353,0.672693
AAGATGGCACCGGACC-1,0.000015,0.000015,0.200645,0.152418,0.646906
AAGATTGGCGGAACGT-1,0.00004,0.201497,0.000119,0.461159,0.337185
AAGCACCCTGCGTATC-1,0.000027,0.009028,0.038045,0.516499,0.436401
AAGCATACTCTCCTGA-1,0.000007,0.000007,0.26171,0.666424,0.071852
AAGCCACTTGCAGGTA-1,0.134726,0.003545,0.531585,0.002328,0.327816
AAGCCGAAGCGGTTTA-1,0.006597,0.2612,0.000286,0.049232,0.682686
AAGCCGCCGTGAAATC-1,0.503754,0.314351,0.079616,0.000097,0.102181
AAGCCGCTTTACCTTG-1,0.028805,0.046155,0.168775,0.750363,0.005903
AAGCCGGAGAGCAGGA-1,0.00001,0.00001,0.409409,0.57249,0.018081
AAGCGCAGGGCTTTGA-1,0.000014,0.044036,0.187505,0.463844,0.304601
AAGCGGAGTGCGCGCA-1,0.008041,0.27446,0.543734,0.122257,0.051508
AAGCGGCGTCATGGGT-1,0.037301,0.544366,0.066254,0.351792,0.000287
AAGCGTCCCTCATCGA-1,0.022962,0.159969,0.136652,0.413018,0.267399
AAGCTAGATCGAGTAA-1,0.021169,0.034634,0.115838,0.755483,0.072876
AAGCTATGGATTGACC-1,0.746656,0.000071,0.000214,0.000286,0.252772
AAGCTCGTGCCAAGTC-1,0.005861,0.004554,0.076999,0.891882,0.020705
AAGCTCTTTCATGGTG-1,0.000029,0.08812,0.080429,0.541475,0.289946
AAGGAGAACTTATAAG-1,0.048176,0.227543,0.000214,0.122558,0.601509
AAGGAGCGGTTGGTGC-1,0.013507,0.019971,0.013287,0.657491,0.295744
AAGGATCGATCGCTTG-1,0.038159,0.174491,0.000123,0.570525,0.216702
AAGGATGAGGGACCTC-1,0.000021,0.003033,0.151284,0.659222,0.18644
AAGGCAGGCTGTCTCC-1,0.000029,0.483836,0.000086,0.512571,0.003479
AAGGCGCGTAAAGCTT-1,0.02381,0.005762,0.026717,0.251779,0.69193
AAGGCTGTGCTCATCG-1,0.010787,0.001184,0.017998,0.592407,0.377624
AAGGGAACGACTGGCT-1,0.593469,0.200767,0.000106,0.000142,0.205516
AAGGGACAGATTCTGT-1,0.070737,0.416672,0.000071,0.501078,0.011441
AAGGGACTATGCATTC-1,0.140108,0.031284,0.389732,0.229917,0.20896
AAGGGTTAGCCATGCG-1,0.00001,0.005477,0.351433,0.601057,0.042023
AAGGGTTTGATTTCAG-1,0.858363,0.000064,0.000193,0.000257,0.141123
AAGGTATCCTAATATA-1,0.000017,0.000017,0.097078,0.744959,0.157929
AAGGTGATAAACCAGC-1,0.002557,0.063688,0.028525,0.735326,0.169905
AAGTAAGCTTCCAAAC-1,0.000028,0.505423,0.000083,0.450739,0.043727
AAGTAGAAGACCGGGT-1,0.018111,0.03985,0.125452,0.659962,0.156626
AAGTAGTGACGCGAGG-1,0.0161,0.000014,0.042375,0.695715,0.245795
AAGTCAATTGTCGTCA-1,0.073243,0.179202,0.000157,0.143817,0.60358
AAGTCTAGTAGCTGCC-1,0.000019,0.082745,0.417764,0.388191,0.111282
AAGTCTTCTGTGGCCT-1,0.527726,0.243013,0.214395,0.014813,0.000054
AAGTGACGACCGAATT-1,0.105876,0.074528,0.113371,0.331384,0.374841
AAGTGAGTCGGGTTTA-1,0.02134,0.137771,0.000161,0.000214,0.840514
AAGTGCAAAGGTAGAC-1,0.053389,0.015567,0.077016,0.428352,0.425675
AAGTGCCTTGACTGTA-1,0.000053,0.206451,0.000159,0.39838,0.394957
AAGTGCGTTAGAATCT-1,0.075001,0.002243,0.072061,0.442341,0.408354
AAGTGCTTCTCTATTG-1,0.16714,0.134667,0.370068,0.023955,0.30417
AAGTGTTTGGAGACGG-1,0.000023,0.000321,0.025425,0.537883,0.436349
AAGTTCACTCCAAGCT-1,0.00001,0.000597,0.0037,0.588481,0.407211
AAGTTCAGTCTGCGTA-1,0.007016,0.520378,0.103903,0.368488,0.000214
AAGTTCGGCCAACAGG-1,0.013284,0.000009,0.117503,0.61755,0.251654
AAGTTGTGATGTTATA-1,0.019779,0.638621,0.000279,0.000371,0.34095
AAGTTTACTAATGGCA-1,0.139097,0.157475,0.000108,0.556773,0.146546
AAGTTTATGGGCCCAA-1,0.00181,0.017688,0.484013,0.240347,0.256143
AATAACAACGCTCGGC-1,0.010764,0.000673,0.004573,0.175264,0.808725
AATAACACTAGAACAA-1,0.057908,0.136591,0.025754,0.000073,0.779675
AATAACGTCGCGCCCA-1,0.000023,0.092401,0.32148,0.426719,0.159377
AATAATCTTCGTATCG-1,0.000033,0.322517,0.172383,0.287028,0.218039
AATACAATGTTTCAGG-1,0.02404,0.010414,0.161591,0.696645,0.10731
AATACCGGAGGGCTGT-1,0.000004,0.021802,0.041705,0.130806,0.805683
AATACCTGATGTGAAC-1,0.000106,0.413976,0.117653,0.000426,0.467839
AATAGAACAGAGTGGC-1,0.000013,0.000013,0.020917,0.276303,0.702754
AATAGAATCTGTTTCA-1,0.000018,0.038325,0.075264,0.796539,0.089855
AATAGCAAGCCTCCTG-1,0.00004,0.031412,0.295221,0.447747,0.22558
AATAGCTACCGCGTGC-1,0.283355,0.039715,0.000192,0.114797,0.561941
AATAGGCACGACCCTT-1,0.034246,0.01813,0.46903,0.104487,0.374106
AATAGTCCGTCCCGAC-1,0.000019,0.012115,0.003765,0.15886,0.825242
AATAGTCGCGAGTCGG-1,0.046417,0.034569,0.201811,0.145327,0.571877
AATATCAAGGTCGGAT-1,0.026987,0.05089,0.000143,0.280632,0.641347
AATATCCTAGCAAACT-1,0.72047,0.011091,0.222633,0.045765,0.000042
AATATCGAATCAATGC-1,0.000073,0.464362,0.024391,0.146935,0.364239
AATATCGAGGGTTCTC-1,0.082195,0.217568,0.00016,0.518675,0.181402
AATATTGGAGTATTGA-1,0.098149,0.13032,0.024397,0.564138,0.182996
AATCAGACTGCAGGAC-1,0.000008,0.000008,0.256142,0.730273,0.013568
AATCAGGTTTCATTTA-1,0.024458,0.006476,0.749713,0.173482,0.045871
AATCATGTAAAGACTC-1,0.075102,0.202973,0.000104,0.202659,0.519162
AATCCAAGGGCCTGAG-1,0.000013,0.005097,0.080436,0.896147,0.018308
AATCCATGCAAGGGTG-1,0.000012,0.044859,0.119565,0.756595,0.078969
AATCCCGCTCAGAGCC-1,0.000011,0.003241,0.667975,0.197881,0.130892
AATCGAGGTCTCAAGG-1,0.000017,0.026019,0.43348,0.359727,0.180757
AATCGCCTCAGCGCCA-1,0.000018,0.077249,0.057566,0.694898,0.170269
AATCGCGCAGAGGACT-1,0.000098,0.187856,0.000295,0.000394,0.811357
AATCGGGACACTACGA-1,0.00004,0.000377,0.053052,0.51585,0.43068
AATCGGTATAGCCCTC-1,0.000036,0.41154,0.233985,0.180397,0.174042
AATCGTGAGCCGAGCA-1,0.005149,0.048673,0.218766,0.523791,0.203621
AATCTAGGTTTACTTG-1,0.705231,0.028082,0.095325,0.171316,0.000046
AATCTATGCCGGAGCC-1,0.019431,0.146212,0.009896,0.60537,0.21909
AATCTCTACTGTGGTT-1,0.590568,0.000039,0.000117,0.027697,0.381579
AATCTGCGTTGGGACG-1,0.000023,0.010599,0.070995,0.734482,0.183901
AATCTGGCTTTCTAGT-1,0.777979,0.155183,0.000083,0.066699,0.000056
AATGACAGCAATGTCT-1,0.078119,0.006921,0.064617,0.390548,0.459795
AATGACGTAGGATGTC-1,0.000013,0.000013,0.056495,0.729852,0.213627
AATGACTGTCAGCCGG-1,0.00001,0.00001,0.062326,0.797023,0.14063
AATGAGTTCGCATATG-1,0.009558,0.011078,0.144727,0.806061,0.028577
AATGATGATACGCTAT-1,0.010258,0.376616,0.00021,0.068361,0.544555
AATGATGCGACTCCTG-1,0.066105,0.17545,0.010395,0.704613,0.043437
AATGCAACCGGGTACC-1,0.005585,0.113209,0.017254,0.568919,0.295033
AATGCACCAAGCAATG-1,0.054701,0.214482,0.055163,0.66418,0.011473
AATGGCCGCCAATGCG-1,0.00001,0.00001,0.765866,0.234094,0.00002
AATGGTCCACCGTTCA-1,0.017664,0.000007,0.160246,0.766593,0.055491
AATGGTTCTCACAAGC-1,0.016851,0.000007,0.120529,0.847833,0.014781
AATGTATGGCACTGTA-1,0.623983,0.000026,0.359263,0.004787,0.011941
AATGTGCCCGAGGTGT-1,0.205987,0.103497,0.138978,0.158033,0.393506
AATGTGCTAATCTGAG-1,0.105756,0.084463,0.24491,0.010756,0.554116
AATGTTAAGACCCTGA-1,0.000018,0.053409,0.623095,0.306382,0.017096
AATGTTGTCGTGAGAC-1,0.045221,0.484401,0.000162,0.000216,0.469999
AATTAAAGGTCGGCGT-1,0.025558,0.000011,0.03236,0.584005,0.358066
AATTAACGGATTTCCA-1,0.000021,0.005521,0.11073,0.266489,0.617239
AATTACGAGACCCATC-1,0.43709,0.000025,0.493277,0.029605,0.040003
AATTACTCGTACGCTC-1,0.000009,0.000009,0.33018,0.668341,0.001461
AATTAGCGCTGCAGCG-1,0.026179,0.000024,0.002138,0.154149,0.817509
AATTATACCCAGCAAG-1,0.000018,0.079812,0.388484,0.434551,0.097134
AATTCATAAGGGATCT-1,0.000068,0.335402,0.000204,0.125774,0.538552
AATTCATTGTCATGCA-1,0.970739,0.000033,0.001068,0.00829,0.019869
AATTCCAACTTGGTGA-1,0.000022,0.010051,0.169619,0.522761,0.297547
AATTCCAAGCATGTAC-1,0.000639,0.043993,0.533984,0.305721,0.115664
AATTCGATTCGAGGAT-1,0.000014,0.082255,0.22099,0.560816,0.135925
AATTCTAGAGTTAGGC-1,0.000021,0.000021,0.001309,0.265438,0.733211
AATTGAACGCTCTGGT-1,0.000017,0.019373,0.079276,0.700549,0.200786
AATTGCAGCAATCGAC-1,0.047876,0.256114,0.288161,0.129505,0.278344
AATTGCGTGGATTACA-1,0.825723,0.082368,0.072126,0.000142,0.01964
AATTGTGGTTGCCAAA-1,0.000018,0.245063,0.552427,0.059106,0.143386
AATTTGGTTCCAAAGA-1,0.00003,0.101144,0.034508,0.611185,0.253133
ACAAACCATGCGTCCT-1,0.819429,0.128393,0.052068,0.000073,0.000037
ACAAACTCCATCAGAG-1,0.000007,0.000024,0.72105,0.000207,0.278712
ACAAAGAAGGTAGGCC-1,0.633353,0.02246,0.313975,0.002272,0.027939
ACAAAGCATGACCTAG-1,0.015262,0.298111,0.023962,0.016621,0.646044
ACAAATCGCACCGAAT-1,0.000024,0.019288,0.042265,0.400573,0.53785
ACAAATGGTAGTGTTT-1,0.000022,0.045433,0.030141,0.552002,0.372401
ACAAATTCAGATCTGA-1,0.000177,0.516426,0.000531,0.000708,0.482159
ACAACAGCATGAGCTA-1,0.000022,0.001615,0.092579,0.496887,0.408897
ACAACGGTCCCTGCGA-1,0.04469,0.069879,0.000053,0.287998,0.597381
ACAAGCAGTGCCTAGC-1,0.003622,0.000006,0.082698,0.808521,0.105152
ACAAGCTATATGGAAG-1,0.748257,0.078648,0.004995,0.168049,0.000051
ACAAGGAAATCCGCCC-1,0.006683,0.024258,0.159885,0.675655,0.133519
ACAAGGACAAGAGGTT-1,0.024867,0.047923,0.022743,0.354163,0.550304
ACAAGGATGCTTTAGG-1,0.000016,0.020249,0.035229,0.82079,0.123716
ACAAGGCCTACCAGCC-1,0.129544,0.5108,0.000245,0.119387,0.240023
ACAAGGGCAGGCTCTG-1,0.000013,0.00162,0.066142,0.567235,0.364989
ACAAGTAATTGTAAGG-1,0.690618,0.260354,0.024092,0.024879,0.000057
ACAATAGTCGTACGTT-1,0.499243,0.002488,0.000065,0.323041,0.175164
ACAATCCATTTAAACC-1,0.013075,0.007028,0.086552,0.69873,0.194614
ACAATGAATACGGAGA-1,0.111032,0.008046,0.000075,0.009091,0.871757
ACAATGATTCTTCTAC-1,0.000017,0.012443,0.495358,0.469193,0.022989
ACAATTGTGTCTCTTT-1,0.000022,0.166306,0.04145,0.768362,0.02386
ACAATTTAGGAGGCTC-1,0.086061,0.001208,0.146801,0.611034,0.154896
ACAATTTGAGCAGTGG-1,0.000034,0.05592,0.009734,0.583594,0.350718
ACAATTTGGCCATATT-1,0.000037,0.47654,0.218998,0.292839,0.011585
ACACAAAGACGGGTGG-1,0.000011,0.009949,0.087522,0.714029,0.188489
ACACAAATATTCCTAG-1,0.006689,0.161458,0.370802,0.456422,0.004628
ACACACCAGGACCAGT-1,0.000034,0.596194,0.023817,0.266334,0.113621
ACACACTTTCTACACG-1,0.00218,0.095879,0.001924,0.762209,0.137808
ACACATGATCAAATCT-1,0.919453,0.000021,0.047628,0.032856,0.000042
ACACATTGACGCAACA-1,0.013127,0.09033,0.390546,0.505268,0.000729
ACACATTTCCGTAGAC-1,0.023705,0.096463,0.647183,0.069182,0.163467
ACACCACATAATTAGC-1,0.007676,0.642019,0.000098,0.145058,0.205148
ACACCCAGCATGCAGC-1,0.000012,0.004669,0.163896,0.594277,0.237146
ACACCCGAGAAATCCG-1,0.064502,0.057296,0.028961,0.711952,0.13729
ACACCCGTAAATCTGT-1,0.029987,0.086812,0.531134,0.230558,0.121509
ACACCGAGCGCTCTTT-1,0.034364,0.121495,0.094539,0.2653,0.484302
ACACCGGTCTGACCGC-1,0.883676,0.075354,0.020485,0.000096,0.020388
ACACCTTAAGTAGGGC-1,0.002357,0.038646,0.076539,0.744822,0.137636
ACACCTTACTACTTGC-1,0.032822,0.359626,0.057974,0.313974,0.235604
ACACGAGACTCCTTCT-1,0.000022,0.002348,0.192365,0.705614,0.099652
ACACGGGAACTTAGGG-1,0.000034,0.004534,0.054757,0.566674,0.374002
ACACGTAGGCCACAAG-1,0.000095,0.237145,0.000284,0.000379,0.762097
ACACTCCAATGTCACT-1,0.049593,0.05047,0.101999,0.184216,0.613722
ACACTGATCAAGGTGT-1,0.000012,0.000012,0.011575,0.524351,0.46405
ACACTGGGACAGTCGT-1,0.068869,0.293176,0.096719,0.314306,0.226929
ACAGAACTGAGAACAA-1,0.266921,0.000017,0.038113,0.443453,0.251497
ACAGATTAGGTTAGTG-1,0.007483,0.296047,0.000125,0.695745,0.0006
ACAGCATAGAGCCAGT-1,0.000022,0.017639,0.099599,0.800588,0.082152
ACAGCGACATTCTCAT-1,0.033668,0.766147,0.000146,0.110105,0.089933
ACAGGAGGCGCAGCCG-1,0.004118,0.236268,0.226748,0.332642,0.200225
ACAGGCACGGATCCTT-1,0.001077,0.834954,0.160296,0.000117,0.003557
ACAGGCTTGCCCGACT-1,0.000021,0.108495,0.034402,0.747335,0.109749
ACAGGTGGAGGTGAGG-1,0.000025,0.002728,0.008471,0.141576,0.8472
ACAGGTGTGTTGTTGC-1,0.570437,0.004274,0.206284,0.00014,0.218865
ACAGTAATACAACTTG-1,0.545837,0.094066,0.000045,0.360022,0.00003
ACAGTATACCGTGGGA-1,0.000045,0.110168,0.003699,0.263534,0.622554
ACAGTGCAGCGCATTT-1,0.000013,0.02738,0.604302,0.368278,0.000027
ACATAAGTCGTGGTGA-1,0.467428,0.00002,0.491787,0.040097,0.000668
ACATAATAAGGCGGTG-1,0.051283,0.062977,0.017186,0.768165,0.10039
ACATACAATCAAGCGG-1,0.000054,0.588374,0.000163,0.000217,0.411193
ACATCAGCTGGGACGC-1,0.12357,0.015362,0.053482,0.217271,0.590315
ACATCCCGGCCATACG-1,0.00241,0.004898,0.053377,0.45988,0.479435
ACATCCTGGTAACTGT-1,0.000045,0.299203,0.000136,0.188838,0.511778
ACATCGATCGTTTACC-1,0.084884,0.092969,0.023571,0.704534,0.094042
ACATCGCAATATTCGG-1,0.126151,0.02534,0.238566,0.090394,0.519549
ACATCGGTCAGCCGCG-1,0.094104,0.043006,0.005861,0.285282,0.571747
ACATCGTATGCAATGG-1,0.000022,0.000223,0.002909,0.546379,0.450467
ACATCGTTAACCTAGT-1,0.101276,0.068342,0.028597,0.558763,0.243023
ACATGCTTACGGCAGC-1,0.875896,0.00066,0.000088,0.053735,0.069621
ACATGGCGCCAAAGTA-1,0.020927,0.265689,0.000165,0.094065,0.619154
ACATGGCTCAATTTAG-1,0.000005,0.000005,0.321658,0.67832,0.000011
ACATTAGTTTATATCC-1,0.029348,0.001825,0.037793,0.61903,0.312004
ACATTCGCGCGGAATA-1,0.126579,0.003827,0.773083,0.004135,0.092377
ACATTTGAAACCTAAC-1,0.06843,0.197851,0.161672,0.000296,0.57175
ACCAAACACCCAGCGA-1,0.020037,0.23814,0.036313,0.548242,0.157269
ACCAACACCACACACT-1,0.066331,0.369323,0.000182,0.035376,0.528789
ACCAACCGCACTCCAC-1,0.000036,0.504678,0.058831,0.00013,0.436325
ACCAACGCTTATTTAT-1,0.005515,0.133727,0.026342,0.255591,0.578824
ACCAAGAACGCGTGTC-1,0.008247,0.187138,0.002372,0.315688,0.486555
ACCAAGTCATCGGCAG-1,0.000038,0.948287,0.000114,0.001637,0.049923
ACCAATATGCAAGTTA-1,0.000031,0.000031,0.071641,0.373951,0.554346
ACCACAAGTTTCTATC-1,0.027179,0.001602,0.053086,0.486564,0.431569
ACCACACGGTTGATGG-1,0.000018,0.000018,0.584986,0.314607,0.100371
ACCACCAATGTAACAA-1,0.009056,0.196981,0.000215,0.03127,0.762477
ACCACCCTCTCTTCTA-1,0.000014,0.064281,0.368626,0.519827,0.047252
ACCACGTGCAGCTATA-1,0.000013,0.143129,0.082558,0.609655,0.164646
ACCACTGTTCAAGAAG-1,0.002386,0.015064,0.575596,0.360957,0.045997
ACCAGACCATAACAAC-1,0.547691,0.050502,0.057184,0.250952,0.093671
ACCAGGAGTGTGATCT-1,0.110322,0.096755,0.000191,0.567187,0.225544
ACCAGTGCCCGGTCAA-1,0.043329,0.200339,0.000384,0.000512,0.755435
ACCAGTGCGGGAGACG-1,0.000012,0.000012,0.0653,0.910012,0.024662
ACCATATCCGCAATAA-1,0.004799,0.000012,0.004202,0.307129,0.683858
ACCATCCGCCAACTAG-1,0.685187,0.000019,0.016563,0.258332,0.039899
ACCATCGTATATGGTA-1,0.059089,0.002138,0.000305,0.519162,0.419306
ACCATTAAGGGTGTCA-1,0.026313,0.116682,0.265882,0.369853,0.221271
ACCCAACGCCCGTGGC-1,0.000016,0.043381,0.039634,0.69732,0.219649
ACCCACCTACATGCTC-1,0.014599,0.000692,0.189361,0.725672,0.069676
ACCCATCTTGAGGGTA-1,0.007626,0.000019,0.004882,0.492819,0.494654
ACCCATTTGTCCCTCT-1,0.00007,0.283219,0.058261,0.000279,0.65817
ACCCGAGCGAAATTAC-1,0.286688,0.140342,0.005841,0.00011,0.56702
ACCCGATTGGTTCCGA-1,0.036365,0.018448,0.529499,0.03243,0.383258
ACCCGGAAACTCCCAG-1,0.000019,0.157044,0.038101,0.437419,0.367417
ACCCGGAGCACCACAA-1,0.000382,0.379974,0.339333,0.279327,0.000984
ACCCGGATGACGCATC-1,0.013356,0.068157,0.000132,0.722476,0.195879
ACCCGGTTACACTTCC-1,0.029448,0.000723,0.017176,0.396835,0.555818
ACCCGTAGCAGAGAAT-1,0.579367,0.013468,0.254186,0.012517,0.140463
ACCCGTAGTCTAGTTG-1,0.000008,0.00019,0.525098,0.47425,0.000454
ACCCGTGTCATCAGTA-1,0.010417,0.001791,0.212739,0.443577,0.331475
ACCCTATAGGACTGAG-1,0.019539,0.017854,0.092229,0.700544,0.169834
ACCCTATGCCATATCG-1,0.031424,0.064851,0.020028,0.061518,0.822179
ACCCTCCCGTCAGGGC-1,0.054505,0.489994,0.036847,0.000219,0.418435
ACCCTCCCTTGCTATT-1,0.000026,0.012641,0.129505,0.441197,0.416631
ACCCTGGTAACGCCCT-1,0.000038,0.238809,0.040433,0.441678,0.279041
ACCCTTCATCTGCGAA-1,0.000017,0.003192,0.161934,0.833206,0.001651
ACCCTTGCCTGGGTCG-1,0.000009,0.004621,0.739487,0.240561,0.015321
ACCGAAAGGGCCCTGC-1,0.000027,0.029261,0.118431,0.614261,0.23802
ACCGAAGAGTCTGGTT-1,0.715994,0.032134,0.228813,0.023011,0.000048
ACCGACACATCTCCCA-1,0.006307,0.130057,0.082411,0.234955,0.54627
ACCGACTGAGTCCCAC-1,0.03259,0.040474,0.009283,0.892647,0.025006
ACCGAGTCTCCTTATT-1,0.004703,0.40505,0.456099,0.13394,0.000209
ACCGATAGGCATAACC-1,0.0033,0.637474,0.000134,0.003562,0.35553
ACCGATATTTAATCAT-1,0.000063,0.328547,0.052221,0.000252,0.618917
ACCGATGGTAGCATCG-1,0.000014,0.000014,0.078198,0.882935,0.038839
ACCGCAATAACTGCCT-1,0.000017,0.058303,0.005518,0.671264,0.264898
ACCGCGGTGGAAGTCG-1,0.019035,0.605131,0.00017,0.117502,0.258163
ACCGCTAGTCATTGGT-1,0.099445,0.043965,0.441913,0.000065,0.414612
ACCGGGCCTTTGTTGA-1,0.000037,0.02123,0.027633,0.419516,0.531584
ACCGGTCAGGTACACC-1,0.759424,0.163291,0.077158,0.000084,0.000042
ACCGGTCTGAGTACGG-1,0.021612,0.412795,0.000387,0.000516,0.56469
ACCGTCCACTGGGCCC-1,0.81581,0.000035,0.000104,0.000138,0.183914
ACCGTGACCACGTGGG-1,0.011104,0.006387,0.319979,0.207614,0.454916
ACCGTTCCCGCTCTGA-1,0.117004,0.077521,0.017834,0.614713,0.172928
ACCTAAGTACCTTTCA-1,0.281949,0.075264,0.000071,0.23548,0.407237
ACCTAATCGACTTCCT-1,0.024781,0.000013,0.015682,0.644029,0.315495
ACCTACAGTATGTGGT-1,0.021801,0.342232,0.000233,0.253086,0.382648
ACCTACTATAAATCTA-1,0.01952,0.105804,0.387248,0.212959,0.274468
ACCTCAGCGAGGCGCA-1,0.010642,0.277381,0.014125,0.000385,0.697467
ACCTCCGCCCTCGCTG-1,0.009111,0.606806,0.368881,0.000576,0.014626
ACCTCCGTTATTCACC-1,0.070141,0.276009,0.065299,0.586111,0.00244
ACCTCGAACTTATGCT-1,0.92877,0.000019,0.071096,0.000076,0.000038
ACCTGCGTGTCATGTT-1,0.437646,0.014062,0.000092,0.322527,0.225673
ACGAAATGGGCGGCAC-1,0.028565,0.002178,0.120233,0.5357,0.313324
ACGACCCATGAGTTGC-1,0.000009,0.049008,0.558204,0.392549,0.00023
ACGACTCTAGGGCCGA-1,0.010123,0.422521,0.195615,0.032682,0.339059
ACGACTGGTCATACTC-1,0.039271,0.046941,0.546126,0.000043,0.36762
ACGAGAACCCATCACG-1,0.000007,0.007865,0.400954,0.54671,0.044463
ACGAGGATACCACTCT-1,0.54435,0.087921,0.212998,0.148831,0.0059
ACGAGGTTTACAACGT-1,0.608738,0.038311,0.169708,0.122494,0.060749
ACGAGTACGGATGCCC-1,0.056834,0.330936,0.000479,0.586534,0.025217
ACGAGTCGCCGGCGTT-1,0.000008,0.018355,0.635492,0.326836,0.019309
ACGATACATAGAACTA-1,0.000014,0.010765,0.087901,0.842034,0.059287
ACGATACCTATCCTGA-1,0.211492,0.014159,0.276662,0.111743,0.385944
ACGATCATACATAGAG-1,0.0394,0.023628,0.01218,0.854992,0.0698
ACGATCATCTTGTAAA-1,0.000044,0.321973,0.000131,0.290188,0.387664
ACGATGCATATGTTAT-1,0.033222,0.000007,0.089212,0.827227,0.050333
ACGATGGATCCGATGC-1,0.000077,0.316552,0.00023,0.015276,0.667865
ACGCAAACTAATAGAT-1,0.189053,0.033546,0.135405,0.004115,0.637881
ACGCAATCACTACAGC-1,0.000103,0.311994,0.150449,0.232922,0.304532
ACGCATAAATGACATG-1,0.006587,0.088593,0.388026,0.516752,0.000043
ACGCATACGTTTACTA-1,0.00008,0.233286,0.000241,0.186888,0.579506
ACGCATTCGTGAGTAC-1,0.006959,0.00001,0.115385,0.861801,0.015845
ACGCCACTCGAAACAG-1,0.000005,0.000005,0.640813,0.359166,0.000011
ACGCCAGATGATTTCT-1,0.000026,0.050448,0.066006,0.824615,0.058906
ACGCCAGTGCGTTTGC-1,0.009828,0.481291,0.34553,0.000201,0.16315
ACGCCGCTAGACGACC-1,0.031983,0.026522,0.033389,0.836484,0.071622
ACGCCTGACACGCGCT-1,0.000713,0.007564,0.464755,0.526955,0.000013
ACGCGAAGTCAGACGA-1,0.082207,0.012883,0.09756,0.363725,0.443625
ACGCGCTACACAGGGT-1,0.025765,0.020987,0.027644,0.457193,0.468411
ACGCGGGCCAAGGACA-1,0.009196,0.070502,0.043509,0.502908,0.373885
ACGCGTTTCTTAAGAG-1,0.063605,0.017966,0.356204,0.450201,0.112023
ACGCTACTGAATGGGC-1,0.000023,0.107249,0.473658,0.243409,0.17566
ACGCTAGTATCAGTGC-1,0.075287,0.000367,0.593365,0.250262,0.080719
ACGCTAGTGATACACT-1,0.016166,0.234403,0.00033,0.00044,0.748662
ACGCTGTGAGGCGTAG-1,0.388582,0.000031,0.050283,0.240195,0.32091
ACGGAACACGAGTGCC-1,0.023607,0.558413,0.00025,0.000333,0.417397
ACGGAATTTAGCAAAT-1,0.051837,0.000007,0.084621,0.861594,0.001941
ACGGACGCAGCGACAA-1,0.790567,0.140957,0.015671,0.000141,0.052663
ACGGACTCTCAAAGCG-1,0.000016,0.057033,0.095128,0.615159,0.232665
ACGGAGCGCAAATTAC-1,0.052314,0.130652,0.000267,0.000357,0.81641
ACGGATGGTGCGGATA-1,0.000033,0.032139,0.004808,0.432348,0.530672
ACGGCACTTGCTTGGG-1,0.000013,0.000013,0.02701,0.627611,0.345353
ACGGCCAACATGGACT-1,0.000011,0.040662,0.064585,0.2996,0.595142
ACGGCGACGATGGGAA-1,0.000017,0.122004,0.049725,0.409782,0.418471
ACGGCGGGTTGCCCTG-1,0.000028,0.051548,0.063286,0.503299,0.381839
ACGGCTGGATGTAGAA-1,0.897654,0.037863,0.011374,0.04835,0.004759
ACGGGAGTGTCGGCCC-1,0.110642,0.028082,0.010262,0.414535,0.43648
ACGGGCGTATGCGACA-1,0.00003,0.240569,0.000089,0.588865,0.170447
ACGGGTCATGTGACTT-1,0.017459,0.054197,0.241489,0.524139,0.162716
ACGGGTTGTGACCTGT-1,0.858604,0.000327,0.000981,0.001308,0.13878
ACGGTACAGTTCAATG-1,0.000041,0.514441,0.175125,0.077669,0.232724
ACGGTCACCGAGAACA-1,0.999768,0.000023,0.00007,0.000093,0.000046
ACGTACAGATTTCTCT-1,0.002562,0.168006,0.159223,0.670145,0.000063
ACGTACTTTGGCACGG-1,0.019243,0.00106,0.617701,0.138361,0.223634
ACGTAGATTGCTGATG-1,0.060241,0.007951,0.005081,0.855512,0.071215
ACGTAGGAGAGTCGCT-1,0.000008,0.008699,0.830382,0.095201,0.065709
ACGTATTACTCCGATC-1,0.00002,0.005915,0.063824,0.865847,0.064395
ACGTCGGGCAACTCGG-1,0.90074,0.076123,0.008132,0.000131,0.014874
ACGTCTCGTTCCGGGA-1,0.597746,0.048006,0.162588,0.175433,0.016228
ACGTGACAAAGTAAGT-1,0.808834,0.00915,0.098324,0.000089,0.083602
ACGTGCGCCTCGTGCA-1,0.054499,0.043581,0.011275,0.795732,0.094914
ACGTTAATGTCGAAGA-1,0.021984,0.037597,0.010735,0.718624,0.21106
ACGTTAGATTTGCCCG-1,0.029689,0.084736,0.02989,0.344614,0.51107
ACGTTATTGGTCACTC-1,0.040451,0.00292,0.146347,0.751523,0.05876
ACGTTCACTATGCCGC-1,0.0531,0.022617,0.581509,0.076918,0.265855
ACGTTCCGCGCTCCGT-1,0.000022,0.011719,0.098513,0.821935,0.067812
ACGTTCGCAATCAATT-1,0.011275,0.172906,0.005434,0.801964,0.008421
ACGTTCGTTCAGGAAA-1,0.022293,0.000136,0.0766,0.023982,0.87699
ACGTTCTGTACAAGTC-1,0.000044,0.437597,0.120583,0.025681,0.416095
ACGTTGTCGTTGAAAG-1,0.071531,0.008816,0.06205,0.000109,0.857495
ACGTTTAGTTGTGATC-1,0.000031,0.000031,0.041962,0.797778,0.160197
ACGTTTCGGTGCACTT-1,0.015252,0.244341,0.327955,0.139608,0.272845
ACTAAGGACGCACACC-1,0.000598,0.01994,0.702336,0.208626,0.068499
ACTAATACGTCAGGCG-1,0.048566,0.421976,0.111635,0.406966,0.010856
ACTACAAAGAGAGGTG-1,0.082551,0.215018,0.438929,0.022916,0.240586
ACTACATCCCGACAAG-1,0.804701,0.067424,0.077108,0.000121,0.050646
ACTACCAGCTCTCTGG-1,0.052156,0.00001,0.02705,0.830581,0.090204
ACTACCATCCGAGGGC-1,0.197154,0.002444,0.624343,0.057337,0.118722
ACTACGCGTTAGAATT-1,0.00002,0.087442,0.050281,0.352428,0.509829
ACTAGTTGCGATCGTC-1,0.057967,0.197545,0.000266,0.004335,0.739886
ACTATATGCTGTGTTC-1,0.04132,0.288841,0.000381,0.000509,0.668949
ACTATCCAGGGCATGG-1,0.000107,0.239866,0.000322,0.000429,0.759276
ACTATCGCCGGCTAAA-1,0.015313,0.000005,0.517704,0.445789,0.021189
ACTATCTGCCCGCGTA-1,0.000037,0.450958,0.198604,0.305355,0.045046
ACTATGTCCAGCTGCC-1,0.725345,0.091471,0.06741,0.000108,0.115667
ACTATTCGTCCGTGGT-1,0.00007,0.151105,0.000209,0.364763,0.483853
ACTATTTCCGGGCCCA-1,0.000027,0.000027,0.083357,0.019945,0.896644
ACTCAACGAATGTATT-1,0.007023,0.117877,0.220236,0.564108,0.090757
ACTCAAGTGCAAGGCT-1,0.000023,0.186852,0.016185,0.633454,0.163486
ACTCAATAAAGGCACG-1,0.026922,0.00001,0.233737,0.738898,0.000434
ACTCAGACCTGCTTCT-1,0.000036,0.080974,0.045889,0.49472,0.378382
ACTCATGGCAGCCTTC-1,0.626672,0.002276,0.237854,0.00009,0.133108
ACTCCAATATCATCAT-1,0.183562,0.177088,0.13061,0.001219,0.507522
ACTCCCATTCCTAAAG-1,0.240964,0.000016,0.234506,0.429417,0.095097
ACTCCCGAATTCGTTT-1,0.000129,0.295955,0.000387,0.000517,0.703012
ACTCCCGTAGACTAGG-1,0.000856,0.000007,0.374304,0.596811,0.028023
ACTCCCTAATGCTAAA-1,0.012356,0.00002,0.041818,0.47897,0.466836
ACTCCCTAGAATAGTA-1,0.023221,0.01989,0.143639,0.788916,0.024333
ACTCCGGCCGACCACT-1,0.007737,0.078734,0.4157,0.49781,0.000019
ACTCGATGTATTTCAT-1,0.075617,0.000008,0.164661,0.751806,0.007908
ACTCGCCGTTCGATAA-1,0.011691,0.486356,0.091387,0.250389,0.160177
ACTCGCGATCTGACGC-1,0.020582,0.003172,0.50145,0.417462,0.057334
ACTCGTAACCCGTCCT-1,0.20014,0.002711,0.152944,0.469041,0.175163
ACTCGTCAGTAATCCC-1,0.000017,0.002864,0.100855,0.799874,0.096391
ACTCTAAACCTGGGAT-1,0.232179,0.032958,0.502761,0.011808,0.220294
ACTCTCTGACTTAGGT-1,0.000023,0.034221,0.109494,0.635378,0.220884
ACTCTGACCTAATAGA-1,0.01179,0.736436,0.00207,0.000155,0.249548
ACTCTTCAGCTCCCGC-1,0.000009,0.107055,0.497347,0.281218,0.114371
ACTCTTGTATAGTAAC-1,0.026308,0.02358,0.024119,0.792247,0.133745
ACTGAAACGCCGTTAG-1,0.011292,0.020745,0.052603,0.799682,0.115678
ACTGAATGGCGAAAGT-1,0.00002,0.03395,0.015189,0.470472,0.480369
ACTGCCCGCCATTCTC-1,0.067607,0.077706,0.495137,0.095954,0.263596
ACTGCCGTCGTAACTC-1,0.000055,0.103662,0.000166,0.56891,0.327207
ACTGCGGACACACCGT-1,0.000034,0.323939,0.013936,0.462595,0.199496
ACTGCTCGGAAGGATG-1,0.612418,0.027212,0.272086,0.000836,0.087448
ACTGGCGAACCTGCGT-1,0.000821,0.006185,0.770996,0.22027,0.001728
ACTGGGATGCCAGTGC-1,0.033509,0.032192,0.63543,0.198358,0.100511
ACTGTACGATACACAT-1,0.000014,0.000014,0.00224,0.810524,0.187207
ACTGTAGCACTTTGGA-1,0.00002,0.003308,0.001465,0.506483,0.488723
ACTGTATACGCGAGCA-1,0.009503,0.000014,0.055052,0.878953,0.056478
ACTGTCCAGGATTATA-1,0.000011,0.000217,0.0672,0.911312,0.021261
ACTGTCTTCTTTAGAA-1,0.037004,0.022033,0.033373,0.891826,0.015764
ACTGTGCTAGTAGATC-1,0.011975,0.000015,0.043398,0.857139,0.087472
ACTGTTTAGTGTAGGC-1,0.154909,0.049504,0.000268,0.612097,0.183223
ACTTACCGGGCGCGCA-1,0.042749,0.212259,0.038502,0.568013,0.138477
ACTTACGCATCCACGC-1,0.000015,0.000454,0.073819,0.778842,0.14687
ACTTAGTACGACAAGA-1,0.000015,0.000114,0.03132,0.668559,0.299992
ACTTATACTTACCCGG-1,0.000018,0.000018,0.073818,0.700224,0.225922
ACTTATCTGATCTATA-1,0.000028,0.03862,0.285228,0.43972,0.236403
ACTTATTAGGATCGGT-1,0.000027,0.131227,0.00008,0.369213,0.499453
ACTTATTTATGTGCCA-1,0.000031,0.064309,0.028754,0.589987,0.31692
ACTTCAGGCTGATCCC-1,0.000014,0.069072,0.070043,0.773091,0.08778
ACTTCCAGTGGAAGCT-1,0.85543,0.026821,0.117524,0.00015,0.000075
ACTTCCATGCGGGACA-1,0.000026,0.108397,0.013867,0.782076,0.095633
ACTTCCTGTCGTGCGA-1,0.000011,0.000011,0.600584,0.39937,0.000023
ACTTCGCCATACGCAC-1,0.000045,0.094023,0.033754,0.499356,0.372821
ACTTCGCTAGCGAGTG-1,0.000021,0.320359,0.279346,0.318906,0.081368
ACTTGACTCCCTCTTT-1,0.00582,0.014833,0.140042,0.726907,0.112399
ACTTGCCATATTGTAC-1,0.000076,0.453231,0.000228,0.046431,0.500034
ACTTGCTCTATCTACC-1,0.867469,0.00004,0.000119,0.000158,0.132215
ACTTGGGACCCGGTGG-1,0.000017,0.000017,0.045068,0.404473,0.550425
ACTTGGGCTTTCGCCA-1,0.013698,0.005304,0.233965,0.284381,0.462652
ACTTGTAGTCCCTTCA-1,0.859343,0.032312,0.000085,0.105072,0.003188
ACTTGTGGATGGAACG-1,0.000098,0.329605,0.050674,0.023299,0.596323
ACTTGTTACCGGATCA-1,0.000012,0.000234,0.894566,0.008582,0.096605
ACTTTACCCTCATGAA-1,0.01593,0.194573,0.037964,0.6308,0.120732
ACTTTATACACCACTT-1,0.89585,0.000039,0.055191,0.04836,0.000561
ACTTTCCTATAGCTTC-1,0.00458,0.046577,0.018242,0.577758,0.352844
ACTTTGACTGCATCCT-1,0.221806,0.051926,0.270345,0.45448,0.001443
ACTTTGGTCGTGCTCC-1,0.866365,0.000027,0.133448,0.000107,0.000054
ACTTTGTCGACGCACT-1,0.000067,0.446143,0.000202,0.033396,0.520192
AGAAATTATGACTCGC-1,0.011989,0.358825,0.129752,0.382686,0.116749
AGAACACGGCGATGGT-1,0.937373,0.03585,0.00006,0.013382,0.013335
AGAACCCAGCGTGACA-1,0.000015,0.168064,0.303202,0.471215,0.057505
AGAACCCTCAATTGGG-1,0.525488,0.088051,0.330863,0.000104,0.055493
AGAACGTGGTACATTC-1,0.000011,0.000011,0.042332,0.937648,0.019998
AGAACTGTACTTTGTA-1,0.000088,0.299746,0.109329,0.000354,0.590484
AGAAGAGCGCCGTTCC-1,0.048255,0.000157,0.000471,0.788491,0.162626
AGAAGGTACACTTCAC-1,0.651341,0.093481,0.000082,0.240176,0.01492
AGAAGGTTGCCGAATT-1,0.036863,0.004824,0.097992,0.464601,0.395721
AGAAGGTTGTAGGTCG-1,0.00002,0.116839,0.11185,0.574771,0.19652
AGAAGTGATTCGTGAT-1,0.075786,0.050764,0.000089,0.178165,0.695195
AGAATAAATCTTCAGG-1,0.279176,0.010545,0.163882,0.327284,0.219113
AGAATACAGGCTATCC-1,0.000073,0.243364,0.162519,0.048118,0.545926
AGAATGCGGGTTCGGA-1,0.000065,0.416973,0.000196,0.022532,0.560233
AGAATTATGGATTCGA-1,0.000051,0.245591,0.000152,0.190036,0.56417
AGAATTGTTTGACATA-1,0.092055,0.005117,0.089442,0.646866,0.16652
AGACAGCTCAGAATCC-1,0.001844,0.00003,0.175165,0.678976,0.143985
AGACAGGCATCTCAGC-1,0.000038,0.243472,0.29318,0.077584,0.385725
AGACATAGATCCTTCC-1,0.000895,0.085184,0.249679,0.664211,0.000032
AGACCAAACCACACCT-1,0.977432,0.010384,0.000066,0.000088,0.012031
AGACCATGGGATACAA-1,0.038818,0.000821,0.095949,0.596141,0.268272
AGACCCACCGCTGATC-1,0.000015,0.000015,0.098639,0.478453,0.422878
AGACCCGCCCTCCTCG-1,0.007422,0.017304,0.268164,0.685242,0.021867
AGACCGCTCCGCGGTT-1,0.025885,0.268822,0.136514,0.000336,0.568443
AGACCGGGAAACCCTG-1,0.341269,0.001256,0.000102,0.143147,0.514225
AGACGAAGTGCCGGTC-1,0.000017,0.01434,0.051951,0.751156,0.182536
AGACGACGATGCCGCT-1,0.02611,0.045895,0.147693,0.367776,0.412527
AGACGCCCACTTCGCC-1,0.392759,0.51335,0.013547,0.0749,0.005444
AGACGGGCCGATTTAA-1,0.014316,0.929418,0.000216,0.000289,0.055761
AGACTAGCCTTCCAGA-1,0.000006,0.000006,0.120349,0.87324,0.006399
AGACTGTTACCGGGTC-1,0.024186,0.012354,0.18727,0.04184,0.734349
AGAGAAACACCAGAAA-1,0.004161,0.015231,0.281368,0.021243,0.677996
AGAGAACCGTCTAGGA-1,0.000017,0.009657,0.089528,0.79438,0.106418
AGAGAAGGAGTACAAT-1,0.034,0.194901,0.155697,0.265823,0.349579
AGAGATCTCTAAAGCG-1,0.188416,0.000014,0.219724,0.448844,0.143003
AGAGCAGTTATGAGAC-1,0.045244,0.00001,0.146515,0.521825,0.286406
AGAGCCGCCGAGATTT-1,0.000105,0.651145,0.009223,0.000418,0.339109
AGAGCGCTTGTAACGG-1,0.000008,0.012215,0.665783,0.31908,0.002913
AGAGCGGGCTAATCAT-1,0.040286,0.013476,0.024181,0.892319,0.029738
AGAGCGTACAAGCTCG-1,0.006002,0.000227,0.102761,0.591484,0.299526
AGAGCTACGAAAGCAT-1,0.004209,0.009979,0.121415,0.729757,0.134641
AGAGGCTTCGGAAACC-1,0.002455,0.156761,0.000168,0.230452,0.610164
AGAGGGACAATTGTCC-1,0.000016,0.066426,0.48441,0.401333,0.047814
AGAGGTATCTCGGTCC-1,0.052653,0.124958,0.000227,0.339606,0.482556
