Barcode,Topic 1,Topic 2,Topic 3,Topic 4to5,Topic 6,Topic 7,Topic 8,Topic 9to10
AAACAACGAATAGTTC-1,0.112375,0.019735,0.201314,0.164417,0.056904,0.04947,0.362903,0.032882
AAACAAGTATCTCCCA-1,0.332397,0.052503,0.110966,0.00612,0.010335,0.012017,0.202504,0.273158
AAACAATCTACTAGCA-1,0.000038,0.00952,0.021649,0.084297,0.747409,0.125271,0.005846,0.005969
AAACACCAATAACTGC-1,0.000015,0.003302,0.007893,0.143465,0.177303,0.00561,0.630495,0.031917
AAACAGAGCGACTCCT-1,0.168568,0.005736,0.000036,0.047474,0.100458,0.503298,0.010046,0.164384
AAACAGCTTTCAGAAG-1,0.000966,0.000031,0.015347,0.056693,0.334956,0.540293,0.012446,0.039268
AAACAGGGTCTATATT-1,0.000021,0.004343,0.056948,0.184461,0.484354,0.021456,0.204266,0.044151
AAACAGTGTTCCTGGG-1,0.000016,0.000016,0.484961,0.088292,0.000016,0.000016,0.132298,0.294384
AAACATGGTGAGAGGA-1,0.000239,0.00003,0.019655,0.176857,0.008475,0.425988,0.216122,0.152634
AAACATTTCCCGGATT-1,0.267576,0.000015,0.33412,0.01381,0.000015,0.000015,0.011559,0.37289
AAACCACTACACAGAT-1,0.068769,0.288693,0.000028,0.160859,0.240431,0.185712,0.05383,0.001678
AAACCCGAACGAAATC-1,0.036582,0.093604,0.172966,0.483346,0.019995,0.031813,0.016654,0.14504
AAACCGGAAATGTTAA-1,0.079123,0.028231,0.03552,0.474576,0.016406,0.056641,0.282929,0.026574
AAACCGGGTAGGTACC-1,0.099469,0.032738,0.016187,0.000661,0.568927,0.161197,0.110011,0.010809
AAACCGTTCGTCCAGG-1,0.007724,0.00001,0.099097,0.010732,0.002058,0.00011,0.758057,0.122213
AAACCTAAGCAGCCGG-1,0.456055,0.000045,0.000045,0.00009,0.000045,0.543587,0.000045,0.00009
AAACCTCATGAAGTTG-1,0.000038,0.000041,0.018129,0.08337,0.425922,0.394965,0.075512,0.002024
AAACGAAGAACATACC-1,0.000037,0.053814,0.000037,0.032116,0.386005,0.341464,0.181861,0.004664
AAACGAAGATGGAGTA-1,0.000057,0.001429,0.000057,0.000113,0.308458,0.689717,0.000057,0.000113
AAACGACAGTCTTGCC-1,0.056764,0.527239,0.000213,0.041227,0.074595,0.28116,0.018745,0.000057
AAACGAGACGGTTGAT-1,0.045575,0.044572,0.000029,0.026412,0.433866,0.11388,0.020212,0.315453
AAACGCCCGAGATCGG-1,0.013075,0.350449,0.000045,0.047634,0.224468,0.364195,0.000045,0.00009
AAACGCTGGGCACGAC-1,0.034139,0.105011,0.095841,0.67739,0.000036,0.000036,0.051562,0.035984
AAACGGGCGTACGGGT-1,0.795904,0.000063,0.000063,0.000126,0.000063,0.203594,0.000063,0.000126
AAACGGGTTGGTATCC-1,0.089879,0.005834,0.069149,0.047955,0.079065,0.118258,0.393546,0.196314
AAACGGTTGCGAACTG-1,0.116356,0.133784,0.006074,0.01963,0.059648,0.171406,0.00004,0.493061
AAACGTGTTCGCCCTA-1,0.068321,0.191436,0.109772,0.235901,0.030797,0.284946,0.029176,0.049651
AAACTAACGTGGCGAC-1,0.000796,0.097536,0.225031,0.22761,0.063887,0.045018,0.06588,0.274243
AAACTCGGTTCGCAAT-1,0.294694,0.001501,0.002378,0.051013,0.0065,0.106832,0.046494,0.490587
AAACTCGTGATATAAG-1,0.107135,0.254544,0.096115,0.0498,0.2084,0.190839,0.000043,0.093123
AAACTGCTGGCTCCAA-1,0.083652,0.013625,0.082959,0.045207,0.085964,0.149222,0.072237,0.467134
AAACTTAATTGCACGC-1,0.000023,0.043415,0.008283,0.145867,0.592253,0.04355,0.143011,0.023598
AAACTTGCAAACGTAT-1,0.000011,0.000067,0.007322,0.252419,0.028022,0.000011,0.668028,0.044121
AAAGAATGACCTTAGA-1,0.01277,0.018846,0.000051,0.000102,0.06436,0.903718,0.000051,0.000102
AAAGAATGTGGACTAA-1,0.066147,0.260409,0.058895,0.535092,0.000016,0.000016,0.001636,0.077788
AAAGACATGAAGTTTA-1,0.266198,0.198548,0.150659,0.121259,0.100745,0.039484,0.106096,0.017011
AAAGACCCAAGTCGCG-1,0.000021,0.005976,0.093368,0.05005,0.204198,0.055594,0.480208,0.110585
AAAGACTGGGCGCTTT-1,0.000038,0.028347,0.000038,0.000076,0.000038,0.971348,0.000038,0.000076
AAAGCTTGCCTACATA-1,0.46052,0.187484,0.000024,0.036998,0.148784,0.038281,0.003503,0.124406
AAAGGCCCTATAATAC-1,0.003579,0.283958,0.000022,0.012051,0.351684,0.34795,0.000714,0.000043
AAAGGCTACGGACCAT-1,0.177238,0.044501,0.000025,0.075918,0.23714,0.08259,0.032173,0.350415
AAAGGCTCTCGCGCCG-1,0.000014,0.000014,0.002578,0.201664,0.007879,0.000014,0.11997,0.667868
AAAGGGATGTAGCAAG-1,0.080849,0.044011,0.000055,0.061699,0.430847,0.326396,0.016174,0.03997
AAAGGGCAGCTTGAAT-1,0.000057,0.014771,0.000057,0.000114,0.521183,0.463648,0.000057,0.000114
AAAGGTAAGCTGTACC-1,0.058909,0.064018,0.000038,0.135572,0.335335,0.226503,0.07279,0.106835
AAAGGTCAACGACATG-1,0.082566,0.174371,0.005249,0.432412,0.183615,0.019731,0.096558,0.005498
AAAGTAGCATTGCTCA-1,0.002544,0.009237,0.100024,0.059894,0.277532,0.032359,0.448524,0.069885
AAAGTCACTGATGTAA-1,0.000049,0.023976,0.000049,0.01157,0.399013,0.389732,0.122827,0.052782
AAAGTCGACCCTCAGT-1,0.000029,0.000029,0.075845,0.06573,0.000334,0.817427,0.040547,0.000059
AAAGTGCCATCAATTA-1,0.027937,0.158357,0.141832,0.262706,0.169338,0.097842,0.130754,0.011233
AAAGTGTGATTTATCT-1,0.025633,0.00002,0.128269,0.031915,0.038754,0.048214,0.118426,0.608769
AAAGTTGACTCCCGTA-1,0.064125,0.057017,0.000034,0.072432,0.362663,0.270629,0.004224,0.168875
AAATAACCATACGGGA-1,0.21068,0.010446,0.056994,0.003732,0.007123,0.437428,0.078292,0.195305
AAATAAGGTAGTGCCC-1,0.04312,0.249942,0.071371,0.294431,0.013756,0.161943,0.016412,0.149026
AAATACCTATAAGCAT-1,0.017333,0.013298,0.000016,0.157413,0.182647,0.067014,0.060296,0.501982
AAATAGCTTAGACTTT-1,0.008292,0.016902,0.001732,0.368828,0.017089,0.115707,0.208539,0.262911
AAATAGGGTGCTATTG-1,0.425009,0.00005,0.00005,0.0001,0.015423,0.551189,0.00005,0.00813
AAATCACTCCTAAACG-1,0.049894,0.302482,0.062626,0.338337,0.114744,0.09507,0.032165,0.004681
AAATCCGATACACGCC-1,0.690664,0.026342,0.1443,0.000091,0.000369,0.089748,0.000045,0.048441
AAATCGCGGAAGGAGT-1,0.000065,0.000065,0.000065,0.000728,0.202282,0.796602,0.000065,0.000129
AAATCGTGTACCACAA-1,0.023803,0.035679,0.000028,0.031762,0.320659,0.089147,0.056744,0.442178
AAATCTAGCCCTGCTA-1,0.257228,0.016861,0.146407,0.08701,0.021977,0.076919,0.047016,0.34658
AAATCTGCCCGCGTCC-1,0.00034,0.612348,0.021618,0.219935,0.086788,0.046421,0.012487,0.000064
AAATGACTGATCAAAC-1,0.560665,0.000036,0.439046,0.000072,0.000036,0.000036,0.000036,0.000072
AAATGATTCGATCAGC-1,0.187891,0.060161,0.048876,0.19241,0.081414,0.175141,0.063238,0.19087
AAATGCTCGTTACGTT-1,0.00003,0.00003,0.021319,0.056542,0.796656,0.001768,0.096702,0.026953
AAATGGCATGTCTTGT-1,0.026663,0.000017,0.000848,0.1094,0.046322,0.000338,0.549054,0.267357
AAATGGCCCGTGCCCT-1,0.000039,0.00867,0.032669,0.125906,0.499439,0.128976,0.137466,0.066835
AAATGGTCAATGTGCC-1,0.009317,0.016246,0.098858,0.000402,0.187047,0.159435,0.164923,0.363771
AAATGTATCTTATCCC-1,0.00009,0.00009,0.124192,0.06394,0.049885,0.131733,0.403625,0.226445
AAATGTGGGTGCTCCT-1,0.000032,0.134069,0.064934,0.11644,0.463079,0.062679,0.153407,0.005359
AAATTAACGGGTAGCT-1,0.000012,0.000012,0.190407,0.0069,0.002915,0.000012,0.321049,0.478692
AAATTAATAAGCGCGA-1,0.004582,0.000057,0.148993,0.000115,0.060405,0.265716,0.342233,0.1779
AAATTACACGACTCTG-1,0.000013,0.000013,0.001987,0.141404,0.008384,0.000013,0.488535,0.359652
AAATTACCTATCGATG-1,0.001061,0.030498,0.004766,0.188946,0.044602,0.291681,0.080016,0.35843
AAATTCCAGGTCCAAA-1,0.102188,0.388221,0.073744,0.081398,0.000995,0.352316,0.000026,0.001112
AAATTGATAGTCCTTT-1,0.000026,0.011712,0.000026,0.076696,0.371012,0.054641,0.334862,0.151026
AAATTGCGGCGGTTCT-1,0.102889,0.000064,0.086167,0.002101,0.173461,0.048916,0.397067,0.189336
AAATTGGTGAGAAGCA-1,0.015048,0.044273,0.050194,0.505721,0.084901,0.008298,0.02232,0.269246
AAATTTACCGAAATCC-1,0.091736,0.079548,0.000029,0.279662,0.178398,0.067289,0.199596,0.103742
AAATTTGCGGGTGTGG-1,0.000017,0.006221,0.00747,0.019542,0.319186,0.03773,0.372348,0.237487
AACAACTGGTAGTTGC-1,0.000014,0.011069,0.000014,0.095413,0.117469,0.001797,0.563369,0.210854
AACAATACATTGTCGA-1,0.069164,0.001507,0.002586,0.018299,0.13928,0.178537,0.356214,0.234414
AACAATTACTCTACGC-1,0.000025,0.010036,0.000025,0.316653,0.180935,0.080598,0.383533,0.028195
AACACACGCTCGCCGC-1,0.203894,0.013518,0.03797,0.065473,0.022854,0.329781,0.027594,0.298916
AACACGACTGTACTGA-1,0.039827,0.022216,0.005773,0.123343,0.283326,0.02195,0.422899,0.080666
AACACGAGACGCGGCC-1,0.011318,0.003741,0.117102,0.092745,0.14556,0.360296,0.192138,0.0771
AACACGCGGCCGCGAA-1,0.000011,0.000073,0.113073,0.249654,0.049739,0.006159,0.523455,0.057835
AACAGCTGTGTGGCAA-1,0.052371,0.008877,0.071756,0.060182,0.293364,0.06251,0.229034,0.221906
AACAGGAAATCGAATA-1,0.191181,0.061296,0.027884,0.008195,0.144782,0.18459,0.183486,0.198587
AACAGGATGGGCCGCG-1,0.000027,0.015785,0.000027,0.113812,0.062406,0.357465,0.449745,0.000732
AACAGGTAGTATGGAT-1,0.055229,0.133597,0.043623,0.486514,0.005818,0.035416,0.03875,0.201053
AACATAGCGTGTATCG-1,0.73032,0.113485,0.012646,0.114991,0.004547,0.002208,0.001962,0.019841
AACATATCAACTGGTG-1,0.000034,0.044428,0.000027,0.193472,0.128221,0.234232,0.06734,0.332246
AACATCGATACGTCTA-1,0.009517,0.304181,0.000037,0.051725,0.448941,0.138979,0.000037,0.046582
AACATTGAAGTTGATC-1,0.005939,0.03063,0.075194,0.240806,0.190349,0.093882,0.295858,0.067342
AACATTGTGACTCGAG-1,0.308305,0.003175,0.031193,0.023096,0.003238,0.127158,0.057249,0.446586
AACCAAGACTTCTCTG-1,0.000034,0.000034,0.013138,0.02081,0.626801,0.085297,0.176352,0.077532
AACCAGTATCACTCTT-1,0.000032,0.017988,0.000032,0.423526,0.203801,0.015411,0.274531,0.064678
AACCATAGGGTTGAAC-1,0.029018,0.00785,0.104643,0.211067,0.274729,0.008049,0.234271,0.130374
AACCATGGGATCGCTA-1,0.000045,0.000045,0.009622,0.053429,0.651233,0.063599,0.205342,0.016686
AACCCAGAGACGGAGA-1,0.029198,0.001828,0.002918,0.028658,0.5462,0.051445,0.251226,0.088527
AACCCATCCCATGATC-1,0.011132,0.006045,0.000034,0.138692,0.439005,0.045343,0.245786,0.113964
AACCCGACAACCCGTG-1,0.000011,0.016177,0.000011,0.288972,0.117607,0.014223,0.197799,0.3652
AACCCGAGCAGAATCG-1,0.002032,0.318243,0.030219,0.584666,0.023038,0.007145,0.004284,0.030373
AACCCGATAGGGCTTC-1,0.027117,0.025371,0.009348,0.635564,0.065423,0.008653,0.150442,0.078081
AACCCGCTGTATTCCA-1,0.022563,0.009233,0.722208,0.032514,0.000025,0.000025,0.000025,0.213408
AACCCTACTGTCAATA-1,0.031094,0.007357,0.122162,0.03247,0.047071,0.300081,0.016774,0.44299
AACCCTGGTGGAACCA-1,0.033862,0.000126,0.853917,0.000252,0.000126,0.111339,0.000126,0.000252
AACCGAGCTTGGTCAT-1,0.000022,0.000022,0.030435,0.132612,0.033049,0.046906,0.13335,0.623605
AACCGCTAAGGGATGC-1,0.005625,0.007446,0.117202,0.097971,0.038191,0.135094,0.131624,0.466847
AACCGTTGTGTTTGCT-1,0.033169,0.023289,0.151982,0.000068,0.268466,0.147075,0.366022,0.009927
AACCTAAAGCCGTCCG-1,0.071106,0.363555,0.004849,0.155281,0.28464,0.031124,0.088512,0.000934
AACCTCGCTTTAGCCC-1,0.812016,0.000041,0.000041,0.000081,0.00719,0.180048,0.000041,0.000543
AACCTGTCACGGAATT-1,0.031933,0.226201,0.215157,0.16272,0.147486,0.029909,0.009376,0.177218
AACCTTTAAATACGGT-1,0.463849,0.000032,0.000032,0.000065,0.004933,0.339111,0.001703,0.190275
AACCTTTACGACGTCT-1,0.011439,0.029144,0.048546,0.093594,0.006868,0.588669,0.088,0.133739
AACGAAAGTCGTCCCA-1,0.000015,0.000015,0.004382,0.351496,0.126009,0.000015,0.399327,0.118741
AACGACCTCCTAGCCG-1,0.114786,0.242662,0.580338,0.055231,0.000024,0.006886,0.000024,0.000048
AACGATAATGCCGTAG-1,0.226308,0.020769,0.000041,0.000083,0.024886,0.647648,0.000041,0.080224
AACGATAGAAGGGCCG-1,0.000013,0.005843,0.048325,0.080249,0.10886,0.000013,0.618923,0.137775
AACGATATGTCAACTG-1,0.000027,0.022782,0.000027,0.158204,0.215658,0.086999,0.044872,0.471431
AACGCATGATCTGGGT-1,0.005047,0.058206,0.101936,0.247274,0.118213,0.192058,0.033268,0.243999
AACGCGAACGGCAACA-1,0.029033,0.00005,0.171757,0.005392,0.082436,0.044071,0.400071,0.267192
AACGCGACCTTGGGCG-1,0.061358,0.037208,0.000045,0.000091,0.152372,0.654897,0.000045,0.093984
AACGCGGTCTCCAGCC-1,0.000023,0.000023,0.061636,0.153156,0.066981,0.052257,0.299892,0.366032
AACGCTGTTGCTGAAA-1,0.264565,0.012026,0.199239,0.140999,0.001745,0.000222,0.056781,0.324422
AACGGACGTACGTATA-1,0.140542,0.00646,0.221756,0.035856,0.011114,0.168934,0.039903,0.375434
AACGGCCATCTCCGGT-1,0.082006,0.000519,0.000044,0.020107,0.021179,0.717063,0.042976,0.116107
AACGTACTGTGGGTAC-1,0.045847,0.041323,0.052128,0.01456,0.104066,0.018986,0.134433,0.588656
AACGTCAGACTAGTGG-1,0.005861,0.026993,0.104755,0.012549,0.194085,0.192364,0.440356,0.023036
AACGTCATCCGGCTTG-1,0.264668,0.050168,0.089115,0.230428,0.03385,0.044693,0.097083,0.189996
AACGTCGCTGCACTTC-1,0.055558,0.25613,0.517439,0.170743,0.000026,0.000026,0.000026,0.000052
AACGTGATGAAGGACA-1,0.082841,0.012618,0.000062,0.000124,0.328223,0.575946,0.000062,0.000124
AACGTGCGAAAGTCTC-1,0.00002,0.001928,0.00002,0.174976,0.03018,0.226196,0.093944,0.472736
AACGTTATCAGCACCT-1,0.087575,0.002548,0.053702,0.089947,0.171279,0.130708,0.363507,0.100733
AACGTTCTACCATTGT-1,0.000038,0.00548,0.003092,0.659656,0.000038,0.000038,0.311993,0.019663
AACTACCCGTTTGTCA-1,0.088023,0.415875,0.05122,0.166637,0.021924,0.221928,0.008298,0.026094
AACTAGCGTATCGCAC-1,0.000027,0.016078,0.070341,0.109333,0.181042,0.089331,0.48446,0.049387
AACTAGGCTTGGGTGT-1,0.052038,0.037158,0.000019,0.179893,0.133543,0.016316,0.326445,0.254587
AACTCAAGTTAATTGC-1,0.055665,0.023088,0.000037,0.018606,0.424836,0.332892,0.058506,0.086369
AACTCCAGAGCGTGTT-1,0.372754,0.000042,0.057233,0.000085,0.002734,0.290243,0.027934,0.248975
AACTCCTAATCCCATG-1,0.006857,0.044018,0.000043,0.088557,0.316975,0.335814,0.007948,0.199788
AACTCGATAAACACGT-1,0.065749,0.041414,0.138726,0.00796,0.072535,0.110216,0.44413,0.119268
AACTCGATGGCGCAGT-1,0.000032,0.003913,0.093496,0.046298,0.505848,0.229493,0.091835,0.029085
AACTCTCAATAGAGCG-1,0.042776,0.004834,0.000022,0.174045,0.040184,0.131633,0.025833,0.580674
AACTCTCAGTGTGCTC-1,0.099433,0.026432,0.011596,0.019218,0.016646,0.353752,0.2122,0.260722
AACTGAGGTCAGCGTC-1,0.066807,0.21474,0.019119,0.181963,0.09621,0.238811,0.051336,0.131014
AACTGAGTTATACTGA-1,0.084626,0.065818,0.268875,0.23387,0.17111,0.053021,0.072439,0.05024
AACTGATATTAGGCCT-1,0.000043,0.037027,0.000043,0.105073,0.255751,0.309943,0.216897,0.075224
AACTGGGTCCCGACGT-1,0.068051,0.00002,0.00002,0.00733,0.057834,0.005826,0.609664,0.251255
AACTGGGTTCGAGCCG-1,0.060612,0.21647,0.225213,0.105668,0.023336,0.055904,0.189363,0.123435
AACTGGTGTGGGCCTT-1,0.000021,0.000626,0.000021,0.224187,0.173701,0.000021,0.587106,0.014318
AACTTCTGCGTCTATC-1,0.000058,0.000058,0.24728,0.000116,0.621016,0.131112,0.000245,0.000116
AACTTGCCCGTATGCA-1,0.03413,0.027887,0.00006,0.009467,0.598086,0.116059,0.159696,0.054615
AACTTGCGTTCTCGCG-1,0.000047,0.000047,0.074401,0.031154,0.329475,0.311215,0.155836,0.097826
AACTTTACGGGAGCTT-1,0.144031,0.000063,0.003382,0.000126,0.160948,0.262772,0.317366,0.111312
AACTTTAGCTGCTGAG-1,0.000043,0.00472,0.165085,0.124265,0.076404,0.201117,0.372648,0.055718
AACTTTCTCGATCATG-1,0.268977,0.130923,0.167999,0.249241,0.003162,0.106568,0.01703,0.056099
AAGAAAGTTTGATGGG-1,0.003871,0.107022,0.04573,0.742779,0.000393,0.040422,0.058819,0.000963
AAGAAATCACCAGATT-1,0.397789,0.235728,0.000037,0.038256,0.144888,0.164133,0.000037,0.019131
AAGAAGGATCAGTTAG-1,0.000018,0.000018,0.000018,0.256344,0.065324,0.312282,0.355936,0.010061
AAGACATACGTGGTTT-1,0.034825,0.037611,0.062571,0.75496,0.015425,0.000011,0.011195,0.083403
AAGACCAAATAACTCA-1,0.000025,0.015779,0.013493,0.154801,0.582559,0.147691,0.01093,0.074721
AAGACCCAACTGAACA-1,0.073052,0.013154,0.111659,0.030675,0.093657,0.111111,0.042363,0.524329
AAGACTAACCCGTTGT-1,0.089122,0.00004,0.131405,0.012033,0.094843,0.091636,0.420611,0.160309
AAGACTCACGCCCACT-1,0.115907,0.314087,0.054918,0.240394,0.181078,0.005107,0.083795,0.004714
AAGACTGCAAGCTACT-1,0.000027,0.000029,0.000027,0.071407,0.267451,0.106971,0.126328,0.42776
AAGAGATGAATCGGTA-1,0.000063,0.018541,0.019921,0.000126,0.532677,0.396379,0.032166,0.000126
AAGAGCTCTTTATCGG-1,0.000027,0.00418,0.136702,0.028667,0.09131,0.016107,0.054853,0.668154
AAGAGGATGTACGCGA-1,0.000014,0.000014,0.000014,0.040169,0.050117,0.036532,0.836731,0.03641
AAGAGGCATGGATCGC-1,0.035563,0.030095,0.001579,0.055413,0.30602,0.19287,0.050173,0.328287
AAGAGGCCCTTTGGAA-1,0.116718,0.439345,0.014407,0.11312,0.045919,0.20795,0.000025,0.062516
AAGATGGCACCGGACC-1,0.080676,0.008901,0.01921,0.042108,0.222196,0.134673,0.299547,0.19269
AAGATTGGCGGAACGT-1,0.001369,0.000019,0.123361,0.056597,0.087734,0.002499,0.060915,0.667504
AAGCACCCTGCGTATC-1,0.624773,0.000067,0.000067,0.000135,0.000067,0.368397,0.000067,0.006426
AAGCATACTCTCCTGA-1,0.307175,0.011888,0.000029,0.022642,0.161155,0.15929,0.012437,0.325384
AAGCCACTTGCAGGTA-1,0.011751,0.312095,0.080555,0.235306,0.093858,0.054397,0.210345,0.001694
AAGCCGAAGCGGTTTA-1,0.000018,0.063653,0.028542,0.35379,0.073932,0.041783,0.062768,0.375514
AAGCCGCCGTGAAATC-1,0.097574,0.055082,0.000024,0.03735,0.514327,0.216551,0.064632,0.014459
AAGCCGCTTTACCTTG-1,0.382442,0.333017,0.003452,0.002744,0.176529,0.101657,0.000053,0.000106
AAGCCGGAGAGCAGGA-1,0.061772,0.371095,0.140417,0.133032,0.004879,0.188192,0.091391,0.009222
AAGCGCAGGGCTTTGA-1,0.287161,0.000065,0.092477,0.042976,0.000065,0.000065,0.047378,0.529813
AAGCGGAGTGCGCGCA-1,0.009453,0.384574,0.000027,0.141702,0.191968,0.267406,0.001023,0.003846
AAGCGGCGTCATGGGT-1,0.056408,0.126962,0.000076,0.020386,0.320393,0.256014,0.025562,0.194198
AAGCGTCCCTCATCGA-1,0.048546,0.005235,0.000047,0.060627,0.647721,0.11028,0.023256,0.104288
AAGCTAGATCGAGTAA-1,0.129178,0.024442,0.000037,0.041493,0.247426,0.286989,0.019215,0.25122
AAGCTATGGATTGACC-1,0.034785,0.037464,0.288755,0.266656,0.113907,0.113971,0.125055,0.019406
AAGCTCGTGCCAAGTC-1,0.00003,0.001729,0.000965,0.04269,0.156187,0.107115,0.12375,0.567533
AAGCTCTTTCATGGTG-1,0.42822,0.016353,0.00007,0.008622,0.006645,0.321413,0.00007,0.218607
AAGGAGAACTTATAAG-1,0.000017,0.000017,0.080686,0.095429,0.095683,0.001386,0.64272,0.084064
AAGGAGCGGTTGGTGC-1,0.000026,0.000026,0.140665,0.008311,0.123308,0.015225,0.418157,0.294282
AAGGATCGATCGCTTG-1,0.00002,0.014323,0.173383,0.286976,0.058778,0.001051,0.074266,0.391203
AAGGATGAGGGACCTC-1,0.002523,0.026065,0.018267,0.141577,0.12444,0.009047,0.103642,0.574439
AAGGCAGGCTGTCTCC-1,0.024787,0.118698,0.258943,0.48267,0.004787,0.000702,0.003771,0.105641
AAGGCGCGTAAAGCTT-1,0.256932,0.000044,0.040305,0.01092,0.070637,0.337914,0.211948,0.071301
AAGGCTGTGCTCATCG-1,0.000028,0.010166,0.000028,0.138657,0.051931,0.238072,0.496636,0.064481
AAGGGAACGACTGGCT-1,0.000018,0.03178,0.000018,0.319337,0.191995,0.007591,0.437108,0.012153
AAGGGACAGATTCTGT-1,0.016734,0.012585,0.098793,0.035899,0.191266,0.02259,0.169145,0.452988
AAGGGACTATGCATTC-1,0.000013,0.000688,0.000013,0.112688,0.119279,0.023109,0.676318,0.067892
AAGGGTTAGCCATGCG-1,0.17875,0.206115,0.108723,0.442131,0.000067,0.061186,0.000067,0.002962
AAGGGTTTGATTTCAG-1,0.084147,0.000067,0.000084,0.000135,0.000067,0.915296,0.000067,0.000135
AAGGTATCCTAATATA-1,0.153466,0.014137,0.009363,0.018804,0.204287,0.063943,0.064662,0.471339
AAGGTGATAAACCAGC-1,0.042564,0.014912,0.04297,0.14278,0.022066,0.275893,0.012134,0.446681
AAGTAGAAGACCGGGT-1,0.002994,0.077096,0.000045,0.004003,0.436442,0.262462,0.114966,0.101993
AAGTAGTGACGCGAGG-1,0.093333,0.001965,0.010384,0.059428,0.091232,0.007507,0.656107,0.080044
AAGTCAATTGTCGTCA-1,0.156758,0.07778,0.000042,0.018757,0.18977,0.334281,0.000256,0.222356
AAGTCTAGTAGCTGCC-1,0.080254,0.323151,0.08022,0.188728,0.082347,0.220454,0.008019,0.016826
AAGTCTTCTGTGGCCT-1,0.077283,0.000048,0.053686,0.007848,0.187331,0.459733,0.101089,0.112983
AAGTGACGACCGAATT-1,0.000037,0.000037,0.000037,0.057729,0.572784,0.018738,0.267231,0.083408
AAGTGAGTCGGGTTTA-1,0.000036,0.032911,0.000036,0.009841,0.521025,0.070776,0.007287,0.358089
AAGTGCAAAGGTAGAC-1,0.004691,0.00006,0.026974,0.003471,0.087581,0.410186,0.274254,0.192783
AAGTGCCTTGACTGTA-1,0.028227,0.041119,0.019802,0.267102,0.056875,0.074665,0.018588,0.493623
AAGTGCGTTAGAATCT-1,0.011103,0.070073,0.000033,0.034567,0.354597,0.396167,0.132817,0.000643
AAGTGCTTCTCTATTG-1,0.036149,0.046837,0.044625,0.176957,0.344927,0.056616,0.107156,0.186734
AAGTGTTTGGAGACGG-1,0.689194,0.000031,0.000031,0.000062,0.004947,0.172043,0.000031,0.133662
AAGTTCACTCCAAGCT-1,0.415721,0.006381,0.000034,0.042797,0.000034,0.131322,0.024061,0.379649
AAGTTCAGTCTGCGTA-1,0.007655,0.063947,0.006685,0.207858,0.272374,0.072999,0.066761,0.301721
AAGTTCGGCCAACAGG-1,0.014295,0.00485,0.000013,0.062094,0.066238,0.117873,0.625306,0.10933
AAGTTGTGATGTTATA-1,0.216126,0.198455,0.282036,0.126301,0.000024,0.175274,0.000024,0.00176
AAGTTTACTAATGGCA-1,0.000019,0.001204,0.000019,0.324616,0.049478,0.033494,0.583629,0.00754
AAGTTTATGGGCCCAA-1,0.568104,0.000118,0.000118,0.000235,0.000118,0.424048,0.000118,0.007142
AATAACAACGCTCGGC-1,0.000016,0.002553,0.00333,0.042427,0.102217,0.119397,0.675471,0.05459
AATAACACTAGAACAA-1,0.001275,0.020604,0.000029,0.025224,0.005948,0.804132,0.118817,0.023971
AATAACGTCGCGCCCA-1,0.103962,0.21819,0.096737,0.533809,0.000049,0.001954,0.000026,0.045273
AATAAGTCCTCGAGAC-1,0.013595,0.123951,0.000043,0.043295,0.654685,0.067427,0.081975,0.01503
AATAATCTTCGTATCG-1,0.083963,0.074369,0.258255,0.285283,0.009036,0.192524,0.017699,0.07887
AATACAATGTTTCAGG-1,0.000028,0.001179,0.071735,0.209679,0.448151,0.141728,0.112168,0.015333
AATACCGGAGGGCTGT-1,0.082495,0.033916,0.011633,0.056691,0.287594,0.170031,0.189079,0.168562
AATACCTGATGTGAAC-1,0.195457,0.000018,0.738313,0.066122,0.000018,0.000018,0.000018,0.000036
AATAGAACAGAGTGGC-1,0.000037,0.015896,0.000037,0.004863,0.398813,0.377131,0.000037,0.203185
AATAGAATCTGTTTCA-1,0.246312,0.015758,0.00556,0.078874,0.009831,0.364431,0.015798,0.263437
AATAGCAAGCCTCCTG-1,0.344907,0.348637,0.000037,0.026516,0.118894,0.148078,0.000037,0.012895
AATAGCTACCGCGTGC-1,0.013907,0.011289,0.06079,0.44551,0.003308,0.015987,0.066101,0.383108
AATAGGCACGACCCTT-1,0.079912,0.103221,0.133875,0.18313,0.057603,0.071594,0.24407,0.126595
AATAGTCCGTCCCGAC-1,0.04633,0.032483,0.000025,0.117656,0.335444,0.058268,0.004444,0.405348
AATAGTCGCGAGTCGG-1,0.000088,0.000088,0.083392,0.000176,0.171787,0.029227,0.383943,0.331298
AATATCAAGGTCGGAT-1,0.00004,0.016355,0.02416,0.085378,0.659723,0.139404,0.04814,0.026801
AATATCCTAGCAAACT-1,0.040645,0.000082,0.000082,0.000164,0.000082,0.958699,0.000082,0.000164
AATATCGAATCAATGC-1,0.000669,0.231033,0.192137,0.119787,0.175665,0.143524,0.000027,0.137157
AATATCGAGGGTTCTC-1,0.074859,0.000025,0.11631,0.064395,0.000768,0.097728,0.050215,0.5957
AATATTGGAGTATTGA-1,0.000052,0.013414,0.000052,0.111596,0.683371,0.147849,0.041954,0.001712
AATCAGACTGCAGGAC-1,0.001499,0.000054,0.166214,0.049386,0.084783,0.089708,0.288639,0.319717
AATCAGGTTTCATTTA-1,0.017842,0.164804,0.031011,0.105439,0.131359,0.065027,0.422144,0.062375
AATCATGTAAAGACTC-1,0.428767,0.065582,0.000041,0.005838,0.176872,0.232228,0.001648,0.089023
AATCCAAGGGCCTGAG-1,0.14354,0.005603,0.000032,0.010909,0.524662,0.066438,0.235291,0.013524
AATCCATGCAAGGGTG-1,0.004723,0.000044,0.044252,0.03599,0.106015,0.165394,0.402427,0.241155
AATCCCGCTCAGAGCC-1,0.144556,0.416167,0.026085,0.069618,0.028978,0.062408,0.000052,0.252137
AATCGAGGTCTCAAGG-1,0.878515,0.000041,0.121159,0.000082,0.000041,0.000041,0.000041,0.000082
AATCGCCTCAGCGCCA-1,0.049504,0.028114,0.000025,0.041336,0.274752,0.083483,0.226214,0.296573
AATCGCGCAGAGGACT-1,0.033368,0.088252,0.021656,0.650738,0.020446,0.005999,0.034521,0.145021
AATCGGGACACTACGA-1,0.032511,0.000022,0.010583,0.022785,0.173741,0.01723,0.650481,0.092647
AATCGGTATAGCCCTC-1,0.190921,0.237706,0.247064,0.307651,0.000028,0.010731,0.000028,0.005869
AATCGTGAGCCGAGCA-1,0.589219,0.008423,0.017068,0.00469,0.038058,0.087147,0.047207,0.208188
AATCTAGGTTTACTTG-1,0.000034,0.005285,0.000843,0.21822,0.514524,0.076781,0.147464,0.03685
AATCTATGCCGGAGCC-1,0.012554,0.010954,0.081031,0.225589,0.066687,0.000974,0.063243,0.538968
AATCTCTACTGTGGTT-1,0.071047,0.005243,0.049387,0.00805,0.000037,0.866124,0.000037,0.000075
AATCTGCGTTGGGACG-1,0.000021,0.000021,0.15366,0.11436,0.008651,0.083018,0.072557,0.567713
AATCTGGCTTTCTAGT-1,0.000059,0.000059,0.000059,0.059219,0.453581,0.450496,0.036409,0.000118
AATCTGGGTAGACCCT-1,0.022898,0.084018,0.000036,0.426691,0.129037,0.168068,0.149588,0.019664
AATGACAGCAATGTCT-1,0.033323,0.023753,0.008346,0.054885,0.202263,0.008411,0.425607,0.243412
AATGACGTAGGATGTC-1,0.038284,0.005125,0.000023,0.113377,0.151103,0.115507,0.084466,0.492115
AATGACTGTCAGCCGG-1,0.000037,0.021272,0.003834,0.01624,0.320378,0.25819,0.182894,0.197155
AATGAGTTCGCATATG-1,0.000037,0.012964,0.214805,0.032932,0.33837,0.204431,0.189944,0.006516
AATGATGATACGCTAT-1,0.008838,0.061901,0.04913,0.06228,0.256617,0.082749,0.027566,0.450919
AATGATGCGACTCCTG-1,0.050467,0.000021,0.357945,0.00451,0.005275,0.009092,0.088975,0.483714
AATGCAACCGGGTACC-1,0.028792,0.039304,0.00003,0.026268,0.204543,0.156485,0.283816,0.260762
AATGCACCAAGCAATG-1,0.001815,0.005989,0.072568,0.21085,0.023791,0.006523,0.068302,0.610163
AATGGCCGCCAATGCG-1,0.151078,0.077466,0.195554,0.214615,0.025186,0.065164,0.21316,0.057776
AATGGTCCACCGTTCA-1,0.000035,0.001417,0.036197,0.185782,0.285554,0.265617,0.181487,0.04391
AATGGTTCTCACAAGC-1,0.000053,0.054287,0.000053,0.052682,0.240272,0.537455,0.098022,0.017176
AATGTATGGCACTGTA-1,0.000288,0.177891,0.000036,0.001465,0.726514,0.085338,0.007915,0.000553
AATGTGCCCGAGGTGT-1,0.021037,0.029793,0.000025,0.002009,0.41849,0.045444,0.420538,0.062664
AATGTGCTAATCTGAG-1,0.000045,0.12556,0.000045,0.004831,0.395452,0.473931,0.000045,0.00009
AATGTTAAGACCCTGA-1,0.919853,0.000026,0.079936,0.000053,0.000026,0.000026,0.000026,0.000053
AATGTTGTCGTGAGAC-1,0.152834,0.781542,0.063118,0.000044,0.000022,0.000022,0.000022,0.002396
AATTAAAGGTCGGCGT-1,0.125206,0.000464,0.000038,0.000076,0.03288,0.574315,0.108662,0.158359
AATTAACGGATTTCCA-1,0.307984,0.000061,0.000061,0.000122,0.002883,0.688705,0.000061,0.000122
AATTACGAGACCCATC-1,0.000046,0.000867,0.062877,0.154607,0.546565,0.195076,0.004071,0.035891
AATTACTCGTACGCTC-1,0.051246,0.000125,0.000125,0.004421,0.0603,0.159989,0.647193,0.0766
AATTAGCGCTGCAGCG-1,0.006095,0.000018,0.115139,0.111594,0.000018,0.092933,0.035839,0.638363
AATTATACCCAGCAAG-1,0.978964,0.006225,0.003033,0.007672,0.000035,0.000035,0.000035,0.004
AATTCATAAGGGATCT-1,0.008751,0.020984,0.049853,0.066673,0.233835,0.028346,0.084513,0.507045
AATTCATTGTCATGCA-1,0.217502,0.000363,0.000034,0.005012,0.572425,0.114513,0.006799,0.083352
AATTCCAACTTGGTGA-1,0.013207,0.001348,0.086349,0.032652,0.067323,0.059761,0.327122,0.412237
AATTCCAAGCATGTAC-1,0.066062,0.088342,0.026864,0.015155,0.122512,0.195255,0.000037,0.485773
AATTCGATTCGAGGAT-1,0.478587,0.000193,0.000193,0.000385,0.000193,0.388719,0.000193,0.131537
AATTCTAGAGTTAGGC-1,0.072823,0.034388,0.00006,0.00012,0.365266,0.388975,0.00006,0.138309
AATTGAACGCTCTGGT-1,0.171939,0.017385,0.000033,0.000067,0.269562,0.378487,0.001899,0.160627
AATTGCAGCAATCGAC-1,0.166459,0.042549,0.254938,0.263902,0.06454,0.051578,0.01355,0.142483
AATTGCGTGGATTACA-1,0.004503,0.105126,0.000887,0.186371,0.438145,0.192514,0.064046,0.008407
AATTGTGGTTGCCAAA-1,0.170654,0.402839,0.003468,0.164417,0.05352,0.174284,0.017046,0.013772
AATTTGGGACATAGTA-1,0.084063,0.005535,0.000039,0.144251,0.215224,0.105283,0.343677,0.101928
AATTTGGTTCCAAAGA-1,0.008434,0.047865,0.033969,0.070206,0.100446,0.141229,0.475399,0.122452
ACAAACCATGCGTCCT-1,0.090076,0.039187,0.141661,0.025719,0.276537,0.40584,0.020932,0.000048
ACAAACCGACAAGGCG-1,0.050098,0.030431,0.000023,0.380696,0.276825,0.074768,0.173929,0.013231
ACAAACTCCATCAGAG-1,0.000015,0.001265,0.006587,0.565176,0.000302,0.000026,0.116872,0.309757
ACAAAGAAGGTAGGCC-1,0.000053,0.000053,0.000053,0.000106,0.000053,0.999523,0.000053,0.000106
ACAAAGCATGACCTAG-1,0.4922,0.11379,0.048966,0.118746,0.015037,0.004446,0.001128,0.205687
ACAAATCGCACCGAAT-1,0.07151,0.005777,0.074218,0.123445,0.001291,0.063814,0.093446,0.566499
ACAAATGGTAGTGTTT-1,0.010912,0.007605,0.000018,0.139153,0.071198,0.037034,0.114311,0.619769
ACAAATTCAGATCTGA-1,0.386123,0.158794,0.000062,0.016265,0.293071,0.100176,0.040014,0.005496
ACAACAGCATGAGCTA-1,0.000027,0.000027,0.032974,0.055313,0.346179,0.115509,0.081123,0.368848
ACAACGGTCCCTGCGA-1,0.000045,0.000483,0.000045,0.0474,0.567759,0.29609,0.088087,0.000091
ACAAGCAGTGCCTAGC-1,0.000047,0.000047,0.115289,0.001144,0.521838,0.206851,0.127854,0.02693
ACAAGCTATATGGAAG-1,0.005482,0.000055,0.149621,0.000109,0.247238,0.270552,0.256365,0.070578
ACAAGGAAATCCGCCC-1,0.188039,0.058895,0.000037,0.031483,0.030906,0.546221,0.002369,0.142049
ACAAGGACAAGAGGTT-1,0.000044,0.008242,0.000023,0.168147,0.286414,0.081779,0.331377,0.123973
ACAAGGATGCTTTAGG-1,0.146088,0.133679,0.296625,0.002449,0.004217,0.216255,0.000051,0.200636
ACAAGGCCTACCAGCC-1,0.101613,0.154376,0.01608,0.374267,0.110866,0.047485,0.156162,0.039151
ACAAGGGCAGGCTCTG-1,0.351975,0.000083,0.002076,0.024181,0.00004,0.354424,0.014956,0.252265
ACAAGTAATTGTAAGG-1,0.015367,0.022939,0.072811,0.165595,0.076731,0.038091,0.454631,0.153836
ACAATAGTCGTACGTT-1,0.000036,0.000036,0.017378,0.175357,0.338701,0.028763,0.352015,0.087715
ACAATCCATTTAAACC-1,0.000011,0.000737,0.019158,0.057839,0.059598,0.016757,0.795455,0.050446
ACAATCGATCTTTATA-1,0.206943,0.116633,0.000046,0.076944,0.331539,0.19203,0.067542,0.008323
ACAATGAATACGGAGA-1,0.01352,0.099317,0.083962,0.028956,0.245973,0.174015,0.300373,0.053883
ACAATGATTCTTCTAC-1,0.05459,0.325577,0.039743,0.209853,0.125721,0.01192,0.050666,0.18193
ACAATTGTGTCTCTTT-1,0.007374,0.038308,0.068857,0.234458,0.036378,0.010722,0.031021,0.572883
ACAATTTAGGAGGCTC-1,0.005622,0.000052,0.062961,0.000104,0.143055,0.510002,0.167833,0.110372
ACAATTTGAGCAGTGG-1,0.001154,0.000019,0.063287,0.114609,0.002326,0.189271,0.129006,0.500328
ACAATTTGGCCATATT-1,0.251388,0.25129,0.058812,0.202188,0.069688,0.028837,0.056085,0.081712
ACACAAAGACGGGTGG-1,0.000628,0.012141,0.00003,0.041432,0.181516,0.152893,0.493051,0.118308
ACACAAATATTCCTAG-1,0.054995,0.234044,0.041421,0.342281,0.161888,0.118732,0.002233,0.044406
ACACACCAGGACCAGT-1,0.039226,0.038274,0.108023,0.066217,0.009584,0.09007,0.03591,0.612697
ACACACTTTCTACACG-1,0.06163,0.006373,0.000062,0.000123,0.42691,0.335898,0.007895,0.161108
ACACATGATCAAATCT-1,0.000022,0.000022,0.000022,0.194497,0.067162,0.1762,0.44882,0.113254
ACACATTGACGCAACA-1,0.044928,0.0001,0.193646,0.019836,0.042472,0.145598,0.469187,0.084233
ACACATTTCCGTAGAC-1,0.751687,0.000112,0.084702,0.000224,0.000112,0.000112,0.000112,0.162939
ACACCACATAATTAGC-1,0.044384,0.161295,0.037323,0.481118,0.098497,0.014075,0.004299,0.159009
ACACCCAGCATGCAGC-1,0.000035,0.001905,0.000035,0.176903,0.134587,0.216393,0.41961,0.050531
ACACCCGAGAAATCCG-1,0.001929,0.013869,0.011931,0.170283,0.066599,0.257015,0.408512,0.069863
ACACCCGTAAATCTGT-1,0.061404,0.370967,0.281288,0.025859,0.000038,0.260331,0.000038,0.000076
ACACCGAGCGCTCTTT-1,0.034826,0.000148,0.064786,0.000297,0.102855,0.202404,0.379367,0.215316
ACACCGGTCTGACCGC-1,0.000014,0.000074,0.099428,0.154051,0.14854,0.012242,0.468002,0.117649
ACACCTTAAGTAGGGC-1,0.000022,0.00121,0.066076,0.104242,0.061743,0.087031,0.469706,0.209969
ACACCTTACTACTTGC-1,0.100199,0.265699,0.109558,0.222671,0.008858,0.161351,0.073996,0.057666
ACACGAGACTCCTTCT-1,0.00003,0.051779,0.00003,0.079607,0.305188,0.233129,0.033164,0.297072
ACACGGCACTATGCAT-1,0.127926,0.075286,0.000168,0.000337,0.20535,0.267386,0.000168,0.323379
ACACGGGAACTTAGGG-1,0.04232,0.000051,0.000051,0.000101,0.55011,0.385555,0.000051,0.021761
ACACGTAGGCCACAAG-1,0.120469,0.180152,0.002953,0.395903,0.080456,0.020399,0.008825,0.190843
ACACTCCAATGTCACT-1,0.000067,0.010818,0.000067,0.006214,0.07233,0.847235,0.063134,0.000134
ACACTGATCAAGGTGT-1,0.00072,0.004684,0.013636,0.009324,0.129371,0.138261,0.305353,0.398651
ACACTGGGACAGTCGT-1,0.24723,0.134767,0.177294,0.27468,0.055559,0.013666,0.044766,0.052038
ACAGAACTGAGAACAA-1,0.031332,0.029133,0.170412,0.009203,0.027216,0.643066,0.073104,0.016534
ACAGATTAGGTTAGTG-1,0.004246,0.00102,0.000026,0.275104,0.14098,0.001034,0.477997,0.099592
ACAGCATAGAGCCAGT-1,0.123193,0.031532,0.000022,0.039239,0.157064,0.02929,0.428764,0.190896
ACAGCGACATTCTCAT-1,0.285986,0.103261,0.146459,0.018518,0.0339,0.00584,0.03408,0.371955
ACAGCGCACCCGCAGC-1,0.000877,0.129976,0.000062,0.083892,0.094307,0.648124,0.022457,0.020305
ACAGGAGGCGCAGCCG-1,0.068599,0.092315,0.307787,0.071115,0.052343,0.090127,0.296717,0.020997
ACAGGCACGGATCCTT-1,0.674469,0.032588,0.000039,0.000078,0.000039,0.292669,0.000039,0.000078
ACAGGCTTGCCCGACT-1,0.064521,0.053795,0.1191,0.063844,0.074849,0.054284,0.02455,0.545056
ACAGGTGGAGGTGAGG-1,0.000021,0.013486,0.000021,0.047513,0.061613,0.252075,0.466254,0.159016
ACAGGTGTGTTGTTGC-1,0.064514,0.000056,0.141965,0.000112,0.143402,0.202258,0.320407,0.127287
ACAGTAATACAACTTG-1,0.000025,0.000025,0.047714,0.119596,0.511358,0.107969,0.146754,0.06656
ACAGTATACCGTGGGA-1,0.204635,0.113938,0.158989,0.143105,0.085414,0.101334,0.047295,0.14529
ACAGTGCAGCGCATTT-1,0.028141,0.208335,0.000026,0.302302,0.128766,0.141405,0.19097,0.000056
ACATAAGTCGTGGTGA-1,0.000036,0.006508,0.015009,0.069427,0.449916,0.425743,0.03328,0.000081
ACATAATAAGGCGGTG-1,0.053259,0.044376,0.02704,0.020126,0.166009,0.121378,0.407033,0.160779
ACATACAATCAAGCGG-1,0.955696,0.000033,0.035974,0.000065,0.000033,0.000033,0.000033,0.008133
ACATCAGCTGGGACGC-1,0.008224,0.000059,0.000059,0.000118,0.146641,0.844721,0.000059,0.000118
ACATCCCGGCCATACG-1,0.112237,0.046428,0.000036,0.0061,0.344901,0.254148,0.022138,0.214011
ACATCCTGGTAACTGT-1,0.027548,0.035648,0.063549,0.149727,0.172704,0.059443,0.020525,0.470857
ACATCGATCGTTTACC-1,0.019602,0.022603,0.000048,0.000096,0.224542,0.615162,0.014033,0.103914
ACATCGCAATATTCGG-1,0.044042,0.066873,0.143173,0.149546,0.096802,0.168235,0.250884,0.080445
ACATCGGTCAGCCGCG-1,0.00002,0.014113,0.050341,0.050705,0.135581,0.168923,0.385303,0.195014
ACATCGTATGCAATGG-1,0.141549,0.043627,0.000035,0.002038,0.292501,0.216179,0.000035,0.304036
ACATCGTTAACCTAGT-1,0.000031,0.005436,0.000031,0.085941,0.23017,0.038257,0.302847,0.337288
ACATCTCAACGCGTAA-1,0.045369,0.154458,0.097251,0.053571,0.335861,0.044617,0.204324,0.064549
ACATGCTTACGGCAGC-1,0.001102,0.298191,0.068664,0.467921,0.001324,0.003214,0.159549,0.000035
ACATGGCGCCAAAGTA-1,0.024016,0.097585,0.139857,0.034415,0.160715,0.053237,0.029813,0.460362
ACATGGCTCAATTTAG-1,0.031774,0.00008,0.085688,0.006615,0.018368,0.206719,0.385465,0.26529
ACATTAGTTTATATCC-1,0.058681,0.002985,0.121175,0.000064,0.271456,0.21508,0.179403,0.151157
ACATTCGCGCGGAATA-1,0.000023,0.167502,0.072501,0.431173,0.053993,0.000023,0.269124,0.005661
ACATTTGAAACCTAAC-1,0.189483,0.000037,0.809165,0.00113,0.000037,0.000037,0.000037,0.000074
ACCAAACACCCAGCGA-1,0.125618,0.059826,0.048024,0.372029,0.074379,0.009978,0.041759,0.268387
ACCAAACTAGAAATCC-1,0.00678,0.170293,0.000027,0.114129,0.389496,0.086479,0.212365,0.020432
ACCAACACCACACACT-1,0.001022,0.051681,0.131328,0.229781,0.036269,0.162195,0.125562,0.262162
ACCAACCGCACTCCAC-1,0.521648,0.164586,0.186774,0.021056,0.001418,0.067104,0.002343,0.035071
ACCAACGCTTATTTAT-1,0.072816,0.033931,0.100667,0.061275,0.122624,0.061081,0.110551,0.437056
ACCAAGAACGCGTGTC-1,0.051126,0.077397,0.027287,0.005376,0.556617,0.113013,0.091358,0.077825
ACCAAGTCATCGGCAG-1,0.089463,0.251705,0.069687,0.358602,0.076667,0.020641,0.011974,0.121261
ACCAATATGCAAGTTA-1,0.283733,0.056513,0.000046,0.070615,0.027879,0.187993,0.049022,0.324199
ACCACAACTCAGAACA-1,0.003086,0.229772,0.000033,0.001345,0.284083,0.178349,0.254344,0.048988
ACCACAAGTTTCTATC-1,0.021991,0.032238,0.000051,0.020478,0.590238,0.136571,0.018931,0.179502
ACCACACGGTTGATGG-1,0.817832,0.080834,0.000061,0.030924,0.000061,0.070102,0.000061,0.000123
ACCACCAATGTAACAA-1,0.00172,0.001066,0.051796,0.491531,0.000379,0.013522,0.047606,0.39238
ACCACCCTCTCTTCTA-1,0.00985,0.412802,0.034802,0.322216,0.139292,0.007467,0.010017,0.063553
ACCACGTGCAGCTATA-1,0.402057,0.000128,0.311248,0.000256,0.000128,0.285799,0.000128,0.000256
ACCACTGTTCAAGAAG-1,0.000115,0.000115,0.162599,0.014695,0.29803,0.052884,0.29163,0.179933
ACCAGACCATAACAAC-1,0.063752,0.000054,0.010158,0.000108,0.021038,0.849226,0.000054,0.055609
ACCAGCCCGGTCTTTG-1,0.000102,0.050741,0.000931,0.168625,0.072834,0.000019,0.680465,0.026283
ACCAGGAGTGTGATCT-1,0.012254,0.021716,0.012107,0.125668,0.139378,0.017947,0.503478,0.167453
ACCAGTGCCCGGTCAA-1,0.018732,0.168951,0.066836,0.209922,0.208287,0.002768,0.197413,0.12709
ACCAGTGCGGGAGACG-1,0.023128,0.027006,0.013886,0.197338,0.001482,0.181925,0.046529,0.508706
ACCATATCCGCAATAA-1,0.063183,0.00003,0.267479,0.000059,0.085033,0.152473,0.168355,0.263388
ACCATCCGCCAACTAG-1,0.000019,0.000019,0.012722,0.317642,0.235121,0.001499,0.328444,0.104533
ACCATCGTATATGGTA-1,0.205063,0.000053,0.000053,0.000106,0.259656,0.217944,0.121034,0.196091
ACCATTAAGGGTGTCA-1,0.00014,0.00014,0.108615,0.001058,0.01089,0.187617,0.591276,0.100264
ACCCAACGCCCGTGGC-1,0.000026,0.048666,0.000026,0.098543,0.284414,0.078693,0.020851,0.46878
ACCCACCTACATGCTC-1,0.000646,0.000045,0.080507,0.048868,0.337015,0.380478,0.151062,0.001378
ACCCATCTTGAGGGTA-1,0.000041,0.029367,0.06832,0.000082,0.576727,0.115738,0.133228,0.076497
ACCCATTTGTCCCTCT-1,0.184911,0.365527,0.000031,0.089599,0.103613,0.148898,0.002637,0.104783
ACCCGAGCGAAATTAC-1,0.041872,0.007492,0.000015,0.105383,0.246205,0.009588,0.341717,0.247727
ACCCGATTGGTTCCGA-1,0.12177,0.027172,0.002351,0.208765,0.229734,0.129444,0.196234,0.08453
ACCCGGAAACTCCCAG-1,0.474542,0.000041,0.000041,0.000082,0.130584,0.310192,0.028561,0.055957
ACCCGGAGCACCACAA-1,0.000015,0.013861,0.013055,0.579183,0.060147,0.031327,0.202962,0.09945
ACCCGGATGACGCATC-1,0.000021,0.003237,0.051812,0.180713,0.054703,0.005839,0.050885,0.652791
ACCCGGTTACACTTCC-1,0.003232,0.013831,0.000035,0.038484,0.260992,0.417302,0.137213,0.128912
ACCCGTAGCAGAGAAT-1,0.00003,0.445166,0.001876,0.371342,0.036408,0.141778,0.003339,0.00006
ACCCGTAGTCTAGTTG-1,0.031124,0.159351,0.148223,0.486557,0.010895,0.053935,0.010666,0.099249
ACCCGTGTCATCAGTA-1,0.09461,0.010803,0.000045,0.000089,0.445077,0.407043,0.000045,0.042289
ACCCTATAGGACTGAG-1,0.020432,0.00007,0.107447,0.00014,0.197649,0.283025,0.29318,0.098058
ACCCTATGCCATATCG-1,0.045236,0.020128,0.002034,0.049605,0.160841,0.024135,0.448865,0.249157
ACCCTCCCGTCAGGGC-1,0.703359,0.064805,0.003823,0.099833,0.047677,0.011146,0.003923,0.065436
ACCCTCCCTTGCTATT-1,0.204167,0.061991,0.000033,0.013945,0.173304,0.27705,0.00172,0.267791
ACCCTGGTAACGCCCT-1,0.006251,0.289285,0.095915,0.337959,0.011829,0.23372,0.003126,0.021914
ACCCTTCATCTGCGAA-1,0.000017,0.000017,0.000614,0.149004,0.004919,0.000017,0.64177,0.203643
ACCCTTGCCTGGGTCG-1,0.014118,0.110832,0.074988,0.348929,0.293718,0.004589,0.033157,0.119668
ACCCTTTAGTTCTCCA-1,0.042451,0.011059,0.02367,0.229676,0.037799,0.000045,0.455874,0.199426
ACCGAAAGGGCCCTGC-1,0.000029,0.031715,0.001889,0.166436,0.445224,0.065874,0.220913,0.067919
ACCGAAGAGTCTGGTT-1,0.000063,0.000063,0.000063,0.000126,0.654581,0.344917,0.000063,0.000126
ACCGACACATCTCCCA-1,0.660974,0.000078,0.000078,0.000157,0.000078,0.338399,0.000078,0.000157
ACCGACTGAGTCCCAC-1,0.000033,0.022858,0.058537,0.022825,0.214979,0.157379,0.113445,0.409944
ACCGAGTCTCCTTATT-1,0.991327,0.000049,0.000049,0.000098,0.000049,0.000049,0.000049,0.008329
ACCGATAGGCATAACC-1,0.230399,0.395064,0.011156,0.163493,0.067072,0.122569,0.003468,0.00678
ACCGATATTTAATCAT-1,0.058438,0.440168,0.220237,0.123755,0.067997,0.084553,0.001281,0.003571
ACCGATGGTAGCATCG-1,0.000015,0.000041,0.028709,0.070708,0.008467,0.079617,0.044727,0.767715
ACCGCAATAACTGCCT-1,0.159581,0.008351,0.046728,0.136179,0.037673,0.019882,0.08824,0.503366
ACCGCGGTGGAAGTCG-1,0.206421,0.158626,0.000045,0.012163,0.182944,0.266162,0.000045,0.173594
ACCGCTAGTCATTGGT-1,0.073351,0.606275,0.007235,0.099634,0.109383,0.027388,0.067802,0.008932
ACCGGGCCTTTGTTGA-1,0.104218,0.072319,0.18635,0.029299,0.072863,0.252423,0.214119,0.068408
ACCGGTCAGGTACACC-1,0.000014,0.000014,0.002693,0.340693,0.092217,0.000904,0.493278,0.070186
ACCGGTCTGAGTACGG-1,0.002718,0.054622,0.000025,0.470334,0.062756,0.078698,0.169726,0.161121
ACCGTCCACTGGGCCC-1,0.002167,0.005611,0.196676,0.131433,0.375612,0.147332,0.05571,0.085458
ACCGTGACCACGTGGG-1,0.060259,0.014862,0.025212,0.031622,0.125667,0.219351,0.277615,0.245412
ACCGTTCCCGCTCTGA-1,0.034737,0.056725,0.045091,0.227331,0.170095,0.025468,0.353201,0.087351
ACCTAAGTACCTTTCA-1,0.046267,0.007584,0.000039,0.000079,0.210662,0.677985,0.013896,0.043487
