Barcode,Topic 1,Topic 2,Topic 3to4,Topic 5to6,Topic 7to8,Topic 9to10
AAACAAGTATCTCCCA-1,0.000027,0.00368,0.87923,0.013084,0.000054,0.103925
AAACAATCTACTAGCA-1,0.00003,0.001009,0.001832,0.234629,0.61081,0.151689
AAACACCAATAACTGC-1,0.00003,0.008302,0.00006,0.305073,0.400015,0.28652
AAACAGAGCGACTCCT-1,0.000042,0.000042,0.000084,0.587711,0.02544,0.38668
AAACAGCTTTCAGAAG-1,0.000016,0.007087,0.000032,0.068644,0.599572,0.324649
AAACAGGGTCTATATT-1,0.000029,0.001348,0.000058,0.511392,0.338633,0.148539
AAACAGTGTTCCTGGG-1,0.000047,0.000047,0.746887,0.16517,0.000093,0.087757
AAACATGGTGAGAGGA-1,0.000031,0.027829,0.065812,0.43737,0.042484,0.426473
AAACATTTCCCGGATT-1,0.000035,0.000035,0.999723,0.000069,0.000069,0.000069
AAACCACTACACAGAT-1,0.000017,0.000017,0.000033,0.057527,0.537662,0.404744
AAACCCGAACGAAATC-1,0.000013,0.036687,0.512311,0.000026,0.100259,0.350704
AAACCGGAAATGTTAA-1,0.000031,0.02322,0.976566,0.000061,0.000061,0.000061
AAACCGGGTAGGTACC-1,0.000038,0.106919,0.07497,0.630935,0.113023,0.074115
AAACCGTTCGTCCAGG-1,0.000043,0.018948,0.566085,0.396191,0.000085,0.018647
AAACCTAAGCAGCCGG-1,0.000027,0.035966,0.943194,0.012061,0.000054,0.008698
AAACCTCATGAAGTTG-1,0.000034,0.110954,0.000068,0.474226,0.337338,0.07738
AAACGAAGAACATACC-1,0.00005,0.00005,0.000099,0.636635,0.341397,0.021769
AAACGAAGATGGAGTA-1,0.000032,0.000032,0.000065,0.16523,0.296573,0.538068
AAACGACAGTCTTGCC-1,0.000033,0.000033,0.005102,0.958144,0.023435,0.013253
AAACGAGACGGTTGAT-1,0.000051,0.000051,0.510601,0.340559,0.029999,0.11874
AAACGCCCGAGATCGG-1,0.000028,0.000028,0.000055,0.103395,0.578705,0.31779
AAACGCTGGGCACGAC-1,0.000021,0.000021,0.722391,0.003082,0.000042,0.274443
AAACGGGCGTACGGGT-1,0.000028,0.050088,0.530206,0.000056,0.120879,0.298742
AAACGGGTTGGTATCC-1,0.000039,0.041682,0.000078,0.42893,0.529192,0.000078
AAACGGTTGCGAACTG-1,0.000055,0.000055,0.744899,0.114587,0.000109,0.140295
AAACGTGTTCGCCCTA-1,0.000013,0.069709,0.182689,0.00428,0.299695,0.443613
AAACTAACGTGGCGAC-1,0.000017,0.000017,0.037038,0.001837,0.506663,0.454429
AAACTCGGTTCGCAAT-1,0.000037,0.049656,0.950082,0.000075,0.000075,0.000075
AAACTCGTGATATAAG-1,0.000013,0.003828,0.056344,0.002066,0.552029,0.385721
AAACTGCTGGCTCCAA-1,0.000069,0.000069,0.889244,0.110341,0.000138,0.000138
AAACTTAATTGCACGC-1,0.000039,0.038211,0.09945,0.522659,0.03462,0.305022
AAACTTGCAAACGTAT-1,0.000012,0.133549,0.007202,0.00995,0.477012,0.372275
AAAGAATGACCTTAGA-1,0.000039,0.000039,0.000078,0.474464,0.051725,0.473655
AAAGAATGTGGACTAA-1,0.000016,0.099345,0.900546,0.000031,0.000031,0.000031
AAAGACATGAAGTTTA-1,0.000032,0.000032,0.036029,0.850327,0.07242,0.041162
AAAGACCCAAGTCGCG-1,0.000016,0.011903,0.003008,0.027959,0.867937,0.089177
AAAGACTGGGCGCTTT-1,0.000021,0.049633,0.019004,0.085538,0.808597,0.037206
AAAGCTTGCCTACATA-1,0.000014,0.004731,0.061971,0.070323,0.451207,0.411754
AAAGGCCCTATAATAC-1,0.000029,0.040263,0.000058,0.301291,0.240989,0.417369
AAAGGCTACGGACCAT-1,0.000036,0.076543,0.795139,0.000072,0.000072,0.128139
AAAGGCTCTCGCGCCG-1,0.000046,0.162606,0.769936,0.067227,0.000092,0.000092
AAAGGGATGTAGCAAG-1,0.000029,0.178284,0.000057,0.395699,0.393759,0.032173
AAAGGGCAGCTTGAAT-1,0.000028,0.045093,0.000055,0.4593,0.488412,0.007111
AAAGGTAAGCTGTACC-1,0.000028,0.000028,0.000057,0.000057,0.335749,0.664081
AAAGTAGCATTGCTCA-1,0.00003,0.374963,0.254826,0.182929,0.055508,0.131744
AAAGTCACTGATGTAA-1,0.000013,0.000013,0.000026,0.000026,0.990046,0.009876
AAAGTCGACCCTCAGT-1,0.000012,0.002803,0.000025,0.00342,0.918505,0.075234
AAAGTGCCATCAATTA-1,0.000036,0.038102,0.513275,0.000071,0.15644,0.292076
AAAGTGTGATTTATCT-1,0.00004,0.00004,0.745127,0.239242,0.00008,0.015471
AAAGTTGACTCCCGTA-1,0.000044,0.000044,0.706176,0.002581,0.000089,0.291066
AAATAACCATACGGGA-1,0.000017,0.016327,0.053317,0.110979,0.545635,0.273725
AAATAAGGTAGTGCCC-1,0.000021,0.029115,0.104253,0.098671,0.119911,0.648029
AAATACCTATAAGCAT-1,0.000053,0.091567,0.894336,0.013832,0.000106,0.000106
AAATAGCTTAGACTTT-1,0.000027,0.022278,0.618645,0.089824,0.141764,0.127462
AAATAGGGTGCTATTG-1,0.000037,0.000037,0.8317,0.023509,0.000075,0.144641
AAATCACTCCTAAACG-1,0.000037,0.043372,0.112656,0.788978,0.05011,0.004847
AAATCCGATACACGCC-1,0.000019,0.200974,0.583222,0.000038,0.068174,0.147571
AAATCGCGGAAGGAGT-1,0.00006,0.00006,0.00012,0.849174,0.014882,0.135705
AAATCGTGTACCACAA-1,0.00008,0.167485,0.64273,0.189387,0.000159,0.000159
AAATCTAGCCCTGCTA-1,0.000026,0.001168,0.998649,0.000052,0.000052,0.000052
AAATCTGCCCGCGTCC-1,0.000061,0.02065,0.000123,0.261153,0.000123,0.71789
AAATGATTCGATCAGC-1,0.000016,0.008695,0.000033,0.191351,0.466152,0.333753
AAATGCTCGTTACGTT-1,0.000022,0.062966,0.081999,0.004532,0.794581,0.0559
AAATGGCATGTCTTGT-1,0.000039,0.013932,0.036892,0.586574,0.361818,0.000745
AAATGGCCCGTGCCCT-1,0.000023,0.084044,0.000047,0.186537,0.482091,0.247258
AAATGGTCAATGTGCC-1,0.000038,0.02531,0.656938,0.26193,0.000076,0.055708
AAATGTATCTTATCCC-1,0.000034,0.011279,0.000068,0.130948,0.636585,0.221086
AAATGTGGGTGCTCCT-1,0.000035,0.000035,0.000071,0.32946,0.284777,0.385621
AAATTAACGGGTAGCT-1,0.000078,0.000078,0.683969,0.31556,0.000157,0.000157
AAATTAATAAGCGCGA-1,0.000017,0.000017,0.000035,0.219213,0.625392,0.155325
AAATTACACGACTCTG-1,0.000021,0.000021,0.000043,0.020922,0.619575,0.359417
AAATTACCTATCGATG-1,0.000023,0.104821,0.011614,0.295837,0.420302,0.167404
AAATTCCAGGTCCAAA-1,0.000019,0.000019,0.593145,0.077176,0.000039,0.329601
AAATTGATAGTCCTTT-1,0.000027,0.168468,0.000053,0.112188,0.485834,0.23343
AAATTGCGGCGGTTCT-1,0.000027,0.000027,0.000054,0.29819,0.693143,0.008558
AAATTGGTGAGAAGCA-1,0.000022,0.005859,0.01531,0.127172,0.400607,0.45103
AAATTTACCGAAATCC-1,0.000052,0.000052,0.000104,0.524154,0.138674,0.336965
AAATTTGCGGGTGTGG-1,0.000032,0.035466,0.017985,0.438078,0.169138,0.339301
AACAACTGGTAGTTGC-1,0.000063,0.000063,0.205053,0.794567,0.000127,0.000127
AACAATACATTGTCGA-1,0.000057,0.236058,0.544352,0.194589,0.000115,0.024829
AACAATTACTCTACGC-1,0.000053,0.045995,0.042199,0.910292,0.001355,0.000107
AACACACGCTCGCCGC-1,0.000031,0.000031,0.915097,0.042426,0.000062,0.042354
AACACGACTGTACTGA-1,0.000016,0.015379,0.034058,0.000032,0.914709,0.035806
AACACGAGACGCGGCC-1,0.000025,0.029445,0.000049,0.4376,0.416183,0.116699
AACACGCGGCCGCGAA-1,0.00004,0.057827,0.017656,0.239068,0.544333,0.141075
AACAGCTGTGTGGCAA-1,0.000039,0.244535,0.120111,0.278865,0.080484,0.275967
AACAGGAAATCGAATA-1,0.000039,0.056184,0.000079,0.697843,0.244358,0.001497
AACAGGATGGGCCGCG-1,0.000024,0.032398,0.038613,0.363625,0.225369,0.339972
AACAGGTAGTATGGAT-1,0.000019,0.000019,0.966747,0.000037,0.000037,0.033141
AACATATCAACTGGTG-1,0.000059,0.09687,0.206806,0.463281,0.050553,0.182431
AACATCGATACGTCTA-1,0.000028,0.032371,0.03662,0.216548,0.207413,0.50702
AACATTGAAGTTGATC-1,0.000038,0.150023,0.01705,0.318541,0.140001,0.374347
AACATTGTGACTCGAG-1,0.000084,0.028251,0.816792,0.154539,0.000167,0.000167
AACCAAGACTTCTCTG-1,0.000018,0.233355,0.000037,0.050766,0.553106,0.162716
AACCAGTATCACTCTT-1,0.000061,0.000061,0.000123,0.238475,0.386028,0.375252
AACCATAGGGTTGAAC-1,0.000022,0.000022,0.000045,0.000045,0.411072,0.588794
AACCATGGGATCGCTA-1,0.000038,0.008338,0.019042,0.478876,0.470476,0.02323
AACCCAGAGACGGAGA-1,0.000024,0.035584,0.04247,0.296544,0.545984,0.079394
AACCCATCCCATGATC-1,0.000051,0.000051,0.019242,0.736158,0.048662,0.195837
AACCCGACAACCCGTG-1,0.000054,0.000054,0.77597,0.097044,0.000109,0.126768
AACCCGAGCAGAATCG-1,0.000024,0.038138,0.938615,0.000048,0.000048,0.023129
AACCCGATAGGGCTTC-1,0.000026,0.000026,0.009767,0.030166,0.49937,0.460646
AACCCTACTGTCAATA-1,0.000067,0.057797,0.704795,0.126019,0.000134,0.111189
AACCCTGGTGGAACCA-1,0.000015,0.000015,0.00003,0.00003,0.739513,0.260398
AACCGAGCTTGGTCAT-1,0.000035,0.055287,0.023346,0.545938,0.282293,0.093101
AACCGCTAAGGGATGC-1,0.000032,0.048576,0.842577,0.102323,0.000064,0.006427
AACCGTTGTGTTTGCT-1,0.000052,0.015157,0.000104,0.398801,0.562929,0.022957
AACCTAAAGCCGTCCG-1,0.000064,0.000064,0.000129,0.999486,0.000129,0.000129
AACCTCGCTTTAGCCC-1,0.000058,0.005489,0.785079,0.001616,0.090019,0.117739
AACCTGTCACGGAATT-1,0.000029,0.000029,0.715562,0.255188,0.000058,0.029135
AACCTTTAAATACGGT-1,0.000031,0.033769,0.523763,0.052527,0.001813,0.388097
AACCTTTACGACGTCT-1,0.000019,0.005638,0.041658,0.000038,0.533126,0.419521
AACGAAAGTCGTCCCA-1,0.000041,0.000041,0.000082,0.641559,0.046517,0.311761
AACGACCTCCTAGCCG-1,0.000017,0.000017,0.883494,0.096279,0.000033,0.020161
AACGATAATGCCGTAG-1,0.000036,0.030776,0.918015,0.05103,0.000071,0.000071
AACGATAGAAGGGCCG-1,0.000051,0.122694,0.040676,0.628243,0.208232,0.000103
AACGATATGTCAACTG-1,0.000035,0.114441,0.019241,0.450743,0.210497,0.205043
AACGCATGATCTGGGT-1,0.000035,0.088814,0.038854,0.325288,0.15719,0.38982
AACGCGAACGGCAACA-1,0.000017,0.000017,0.000033,0.004245,0.975257,0.020431
AACGCGACCTTGGGCG-1,0.000054,0.000054,0.852124,0.140505,0.000107,0.007157
AACGCGGTCTCCAGCC-1,0.000021,0.221418,0.036393,0.013813,0.524286,0.204068
AACGCTGTTGCTGAAA-1,0.000056,0.095157,0.897917,0.006646,0.000112,0.000112
AACGGACGTACGTATA-1,0.000045,0.135964,0.855685,0.008127,0.00009,0.00009
AACGGCCATCTCCGGT-1,0.000052,0.018981,0.665882,0.154455,0.000105,0.160525
AACGTACTGTGGGTAC-1,0.000069,0.193145,0.735055,0.071456,0.000137,0.000137
AACGTAGTCTACCCAT-1,0.000033,0.000033,0.000066,0.461686,0.531103,0.007079
AACGTCAGACTAGTGG-1,0.00003,0.080838,0.004743,0.450241,0.432296,0.031852
AACGTCGCTGCACTTC-1,0.000014,0.197148,0.583365,0.027596,0.163051,0.028825
AACGTGATGAAGGACA-1,0.000036,0.000036,0.017443,0.180088,0.405659,0.396739
AACGTGCGAAAGTCTC-1,0.00003,0.273824,0.507714,0.090268,0.107739,0.020425
AACGTTATCAGCACCT-1,0.00003,0.00003,0.00006,0.123839,0.718608,0.157433
AACTACCCGTTTGTCA-1,0.00003,0.00003,0.998359,0.001462,0.00006,0.00006
AACTAGCGTATCGCAC-1,0.000041,0.016651,0.034942,0.101289,0.649715,0.197363
AACTAGGCTTGGGTGT-1,0.000025,0.222348,0.380623,0.0025,0.169586,0.224917
AACTCAAGTTAATTGC-1,0.000048,0.234534,0.503898,0.261327,0.000096,0.000096
AACTCCAGAGCGTGTT-1,0.000059,0.000059,0.863176,0.04679,0.000118,0.089798
AACTCCTAATCCCATG-1,0.000029,0.000029,0.000058,0.166019,0.456756,0.377109
AACTCGATGGCGCAGT-1,0.000042,0.006344,0.008469,0.276718,0.692446,0.015981
AACTCTCAATAGAGCG-1,0.000034,0.171878,0.412494,0.301924,0.024598,0.089072
AACTCTCAGTGTGCTC-1,0.000062,0.205001,0.616498,0.150505,0.01252,0.015414
AACTGAGGTCAGCGTC-1,0.000032,0.000032,0.016542,0.00297,0.38769,0.592735
AACTGAGTTATACTGA-1,0.000045,0.000045,0.685969,0.303394,0.000091,0.010455
AACTGATATTAGGCCT-1,0.000039,0.003702,0.000078,0.522692,0.344465,0.129023
AACTGGGTCCCGACGT-1,0.000011,0.068144,0.005469,0.068394,0.65949,0.198492
AACTGGGTTCGAGCCG-1,0.000022,0.000022,0.000044,0.076888,0.764484,0.15854
AACTGGTGTGGGCCTT-1,0.00002,0.00002,0.000041,0.000041,0.973636,0.026241
AACTTCTGCGTCTATC-1,0.000033,0.152043,0.074119,0.02998,0.69648,0.047345
AACTTGCCCGTATGCA-1,0.000025,0.075488,0.012267,0.271459,0.463001,0.177761
AACTTGCGTTCTCGCG-1,0.00003,0.00003,0.002127,0.053891,0.858899,0.085023
AACTTTACGGGAGCTT-1,0.00003,0.058498,0.00006,0.407092,0.451967,0.082354
AACTTTAGCTGCTGAG-1,0.000067,0.027019,0.027049,0.484265,0.395518,0.066081
AACTTTCTCGATCATG-1,0.00003,0.00003,0.05812,0.220082,0.198378,0.523361
AAGAAAGTTTGATGGG-1,0.000028,0.000028,0.000056,0.000056,0.000056,0.999776
AAGAAATCACCAGATT-1,0.000017,0.027058,0.097838,0.063933,0.378985,0.432169
AAGAAGGATCAGTTAG-1,0.000028,0.046259,0.038392,0.119375,0.701532,0.094413
AAGACATACGTGGTTT-1,0.000018,0.000018,0.978499,0.000037,0.000037,0.02139
AAGACCAAATAACTCA-1,0.000019,0.012604,0.019734,0.052716,0.282025,0.632901
AAGACCCAACTGAACA-1,0.000038,0.066166,0.830907,0.04887,0.030527,0.023493
AAGACTAACCCGTTGT-1,0.000052,0.000052,0.000104,0.640102,0.318752,0.040938
AAGACTCACGCCCACT-1,0.000039,0.034638,0.030316,0.530231,0.250726,0.154049
AAGACTGCAAGCTACT-1,0.00006,0.182306,0.636772,0.175255,0.005485,0.00012
AAGAGATGAATCGGTA-1,0.000023,0.055198,0.000045,0.054288,0.737437,0.153008
AAGAGCTCTTTATCGG-1,0.000094,0.037519,0.639895,0.322113,0.000189,0.000189
AAGAGGATGTACGCGA-1,0.000033,0.018098,0.000066,0.439081,0.362851,0.179871
AAGAGGCATGGATCGC-1,0.000072,0.022859,0.498291,0.06993,0.000145,0.408703
AAGAGGCCCTTTGGAA-1,0.000029,0.000029,0.965429,0.000059,0.000059,0.034395
AAGATGGCACCGGACC-1,0.000041,0.081373,0.778467,0.130762,0.000082,0.009275
AAGATTGGCGGAACGT-1,0.000019,0.109895,0.009771,0.155855,0.58214,0.142321
AAGCACCCTGCGTATC-1,0.000037,0.118785,0.782455,0.021873,0.060803,0.016047
AAGCATACTCTCCTGA-1,0.000025,0.098231,0.728666,0.03364,0.045106,0.094332
AAGCCACTTGCAGGTA-1,0.000061,0.014165,0.295283,0.410327,0.000123,0.280041
AAGCCGAAGCGGTTTA-1,0.000026,0.000026,0.85568,0.125466,0.000053,0.018748
AAGCCGCCGTGAAATC-1,0.000023,0.001357,0.000047,0.192763,0.417774,0.388036
AAGCCGCTTTACCTTG-1,0.000011,0.000011,0.001598,0.000023,0.714542,0.283814
AAGCCGGAGAGCAGGA-1,0.000043,0.000043,0.713709,0.172467,0.000087,0.11365
AAGCGCAGGGCTTTGA-1,0.000045,0.025676,0.974006,0.000091,0.000091,0.000091
AAGCGGAGTGCGCGCA-1,0.000044,0.000044,0.051035,0.559784,0.063683,0.325411
AAGCGGCGTCATGGGT-1,0.000098,0.000098,0.000196,0.634349,0.000196,0.365062
AAGCGTCCCTCATCGA-1,0.000092,0.000092,0.334018,0.565321,0.000184,0.100293
AAGCTAGATCGAGTAA-1,0.000048,0.026506,0.902716,0.008487,0.000096,0.062147
AAGCTATGGATTGACC-1,0.000022,0.035157,0.010023,0.032552,0.213258,0.708988
AAGCTCGTGCCAAGTC-1,0.000045,0.027976,0.313927,0.577265,0.080696,0.00009
AAGCTCTTTCATGGTG-1,0.000079,0.000079,0.951039,0.031786,0.01686,0.000158
AAGGAGAACTTATAAG-1,0.000047,0.000047,0.007892,0.460398,0.331625,0.199991
AAGGAGCGGTTGGTGC-1,0.000049,0.163015,0.037217,0.496354,0.267572,0.035793
AAGGATCGATCGCTTG-1,0.00002,0.000736,0.551364,0.00132,0.002432,0.444129
AAGGATGAGGGACCTC-1,0.000044,0.259372,0.17446,0.492569,0.003487,0.070068
AAGGCAGGCTGTCTCC-1,0.000025,0.00549,0.938209,0.012787,0.000051,0.043438
AAGGCGCGTAAAGCTT-1,0.000017,0.094645,0.000035,0.132509,0.706763,0.06603
AAGGCTGTGCTCATCG-1,0.000047,0.332939,0.142169,0.438581,0.086169,0.000094
AAGGGAACGACTGGCT-1,0.000027,0.194211,0.208058,0.361455,0.097253,0.138996
AAGGGACAGATTCTGT-1,0.000027,0.043829,0.005536,0.403591,0.319971,0.227046
AAGGGACTATGCATTC-1,0.000052,0.004852,0.051629,0.656808,0.10253,0.184128
AAGGGTTTGATTTCAG-1,0.000029,0.000029,0.000058,0.000058,0.408745,0.59108
AAGGTATCCTAATATA-1,0.00005,0.087446,0.072545,0.64082,0.191502,0.007636
AAGGTGATAAACCAGC-1,0.000025,0.113348,0.58043,0.000049,0.207167,0.098981
AAGTAAGCTTCCAAAC-1,0.000037,0.034758,0.038884,0.801865,0.124383,0.000073
AAGTAGAAGACCGGGT-1,0.000027,0.07537,0.000054,0.286362,0.576781,0.061405
AAGTAGTGACGCGAGG-1,0.000039,0.112666,0.037551,0.612368,0.228506,0.008869
AAGTCAATTGTCGTCA-1,0.000032,0.169104,0.827969,0.002739,0.000091,0.000065
AAGTCTAGTAGCTGCC-1,0.000014,0.049959,0.044555,0.017649,0.490759,0.397063
AAGTCTTCTGTGGCCT-1,0.000016,0.000016,0.000033,0.02492,0.746463,0.228551
AAGTGACGACCGAATT-1,0.000025,0.049661,0.018512,0.267298,0.257986,0.406518
AAGTGAGTCGGGTTTA-1,0.00005,0.436505,0.347259,0.0001,0.007642,0.208445
AAGTGCAAAGGTAGAC-1,0.000023,0.000825,0.000045,0.337516,0.591079,0.070511
AAGTGCCTTGACTGTA-1,0.000022,0.03682,0.352937,0.000045,0.153244,0.456931
AAGTGCGTTAGAATCT-1,0.000017,0.093837,0.000035,0.065213,0.650771,0.190127
AAGTGCTTCTCTATTG-1,0.00002,0.02346,0.179669,0.00004,0.317085,0.479725
AAGTGTTTGGAGACGG-1,0.000056,0.022466,0.96849,0.008763,0.000113,0.000113
AAGTTCACTCCAAGCT-1,0.000043,0.034601,0.937743,0.027441,0.000086,0.000086
AAGTTCAGTCTGCGTA-1,0.000038,0.000038,0.000076,0.649731,0.119974,0.230144
AAGTTCGGCCAACAGG-1,0.000035,0.094761,0.053796,0.429809,0.054269,0.36733
AAGTTGTGATGTTATA-1,0.00007,0.00007,0.889227,0.049574,0.00014,0.06092
AAGTTTACTAATGGCA-1,0.000064,0.000064,0.000128,0.593239,0.294437,0.112067
AAGTTTATGGGCCCAA-1,0.000053,0.160649,0.838983,0.000105,0.000105,0.000105
AATAACAACGCTCGGC-1,0.000016,0.089578,0.000032,0.366736,0.434378,0.109261
AATAACACTAGAACAA-1,0.00005,0.005024,0.376051,0.57214,0.009404,0.037331
AATAAGTCCTCGAGAC-1,0.000038,0.000038,0.000076,0.24026,0.546531,0.213057
AATAATCTTCGTATCG-1,0.000033,0.000033,0.86998,0.129825,0.000065,0.000065
AATACAATGTTTCAGG-1,0.000023,0.030351,0.033223,0.055785,0.756489,0.12413
AATACCGGAGGGCTGT-1,0.000069,0.033294,0.742058,0.192729,0.03171,0.000139
AATAGAACAGAGTGGC-1,0.000039,0.076961,0.765271,0.157572,0.000079,0.000079
AATAGAATCTGTTTCA-1,0.000033,0.163598,0.825695,0.006275,0.004332,0.000067
AATAGCAAGCCTCCTG-1,0.000018,0.000018,0.031801,0.020177,0.459044,0.488941
AATAGCTACCGCGTGC-1,0.000021,0.052045,0.003372,0.116754,0.355389,0.47242
AATAGTCCGTCCCGAC-1,0.000037,0.175764,0.823973,0.000075,0.000075,0.000075
AATAGTCGCGAGTCGG-1,0.000011,0.000011,0.000023,0.000023,0.901816,0.098115
AATATCAAGGTCGGAT-1,0.000025,0.012542,0.00005,0.026689,0.93634,0.024355
AATATCCTAGCAAACT-1,0.000041,0.000041,0.004495,0.267095,0.294231,0.434098
AATATCGAATCAATGC-1,0.000026,0.000026,0.989251,0.010591,0.000053,0.000053
AATATCGAGGGTTCTC-1,0.000053,0.031283,0.125713,0.257125,0.330079,0.255746
AATATTGGAGTATTGA-1,0.000034,0.082085,0.000069,0.202933,0.590358,0.12452
AATCAGACTGCAGGAC-1,0.000041,0.000041,0.000081,0.265721,0.696493,0.037624
AATCAGGTTTCATTTA-1,0.000045,0.178364,0.540968,0.255656,0.00009,0.024877
AATCATGTAAAGACTC-1,0.000044,0.000044,0.999647,0.000088,0.000088,0.000088
AATCCAAGGGCCTGAG-1,0.000028,0.092216,0.000056,0.290224,0.605763,0.011714
AATCCATGCAAGGGTG-1,0.00003,0.070125,0.000061,0.16479,0.697265,0.067729
AATCGCCTCAGCGCCA-1,0.000038,0.078027,0.67026,0.163859,0.03139,0.056426
AATCGCGCAGAGGACT-1,0.000029,0.01749,0.896818,0.017909,0.000058,0.067696
AATCGGGACACTACGA-1,0.000048,0.000048,0.000096,0.256696,0.661201,0.081911
AATCGGTATAGCCCTC-1,0.000042,0.000042,0.987835,0.011912,0.000084,0.000084
AATCGTGAGCCGAGCA-1,0.000043,0.000043,0.99216,0.007582,0.000086,0.000086
AATCTAGGTTTACTTG-1,0.000055,0.000055,0.00011,0.602361,0.227367,0.170052
AATCTATGCCGGAGCC-1,0.000035,0.045068,0.215679,0.44849,0.007936,0.282792
AATCTCTACTGTGGTT-1,0.000019,0.005639,0.000038,0.108392,0.746189,0.139722
AATCTGCGTTGGGACG-1,0.000022,0.255454,0.264241,0.026804,0.365838,0.08764
AATCTGGCTTTCTAGT-1,0.000038,0.000038,0.000077,0.369454,0.297138,0.333254
AATCTGGGTAGACCCT-1,0.000041,0.000041,0.017815,0.282666,0.231018,0.468418
AATGACAGCAATGTCT-1,0.000023,0.023656,0.00922,0.106445,0.593495,0.267161
AATGACGTAGGATGTC-1,0.000024,0.085632,0.42623,0.128443,0.047368,0.312302
AATGACTGTCAGCCGG-1,0.000039,0.000039,0.002341,0.763913,0.225102,0.008566
AATGAGTTCGCATATG-1,0.000021,0.000021,0.000042,0.000042,0.965714,0.034159
AATGATGATACGCTAT-1,0.000048,0.115952,0.013074,0.518484,0.228071,0.124371
AATGATGCGACTCCTG-1,0.00006,0.209215,0.463082,0.218138,0.013372,0.096134
AATGCAACCGGGTACC-1,0.000021,0.195613,0.016598,0.226296,0.272389,0.289083
AATGCACCAAGCAATG-1,0.000014,0.047492,0.003946,0.000028,0.704626,0.243894
AATGGCCGCCAATGCG-1,0.000027,0.029171,0.030538,0.324879,0.292863,0.322523
AATGGTCCACCGTTCA-1,0.000014,0.00815,0.000027,0.015613,0.697998,0.278198
AATGGTTCTCACAAGC-1,0.00002,0.00002,0.012202,0.064158,0.856478,0.067123
AATGTATGGCACTGTA-1,0.000048,0.06192,0.015418,0.398299,0.09976,0.424555
AATGTGCCCGAGGTGT-1,0.000016,0.1687,0.111356,0.018381,0.354936,0.346611
AATGTGCTAATCTGAG-1,0.00007,0.00007,0.189614,0.763275,0.017546,0.029426
AATGTTGTCGTGAGAC-1,0.000029,0.031746,0.962183,0.000135,0.000059,0.005848
AATTAAAGGTCGGCGT-1,0.00005,0.426,0.363461,0.064626,0.114183,0.031679
AATTAACGGATTTCCA-1,0.000037,0.221602,0.496757,0.000075,0.117231,0.164297
AATTACGAGACCCATC-1,0.000029,0.000029,0.000059,0.047209,0.579877,0.372796
AATTAGCGCTGCAGCG-1,0.000042,0.230128,0.601012,0.026421,0.021198,0.121198
AATTCATAAGGGATCT-1,0.000021,0.19226,0.000042,0.017137,0.516401,0.27414
AATTCATTGTCATGCA-1,0.00003,0.00003,0.00006,0.132485,0.459154,0.40824
AATTCCAAGCATGTAC-1,0.00008,0.070096,0.928783,0.000719,0.000161,0.000161
AATTCGATTCGAGGAT-1,0.000054,0.077665,0.825571,0.096496,0.000107,0.000107
AATTCTAGAGTTAGGC-1,0.000056,0.196563,0.803048,0.000111,0.000111,0.000111
AATTGAACGCTCTGGT-1,0.000038,0.009031,0.887236,0.063878,0.000075,0.039742
AATTGCAGCAATCGAC-1,0.000048,0.000048,0.794542,0.000097,0.000097,0.205168
AATTGCGTGGATTACA-1,0.000031,0.000031,0.000061,0.000061,0.368503,0.631313
AATTGTGGTTGCCAAA-1,0.000024,0.000039,0.984484,0.000049,0.000049,0.015354
AATTTGGGACATAGTA-1,0.00004,0.00004,0.000079,0.370409,0.461671,0.167761
AATTTGGTTCCAAAGA-1,0.00003,0.138268,0.087104,0.140805,0.476878,0.156915
ACAAACCATGCGTCCT-1,0.000019,0.03005,0.000037,0.261312,0.208253,0.500328
ACAAACCGACAAGGCG-1,0.000065,0.000066,0.000131,0.999476,0.000131,0.000131
ACAAAGAAGGTAGGCC-1,0.000034,0.000034,0.0047,0.462494,0.160866,0.371871
ACAAAGCATGACCTAG-1,0.000025,0.020182,0.967384,0.00005,0.000089,0.012271
ACAAATCGCACCGAAT-1,0.000042,0.002855,0.89227,0.099367,0.000083,0.005383
ACAAATGGTAGTGTTT-1,0.000064,0.000064,0.938649,0.060965,0.000129,0.000129
ACAAATTCAGATCTGA-1,0.000048,0.000048,0.066397,0.230998,0.230917,0.471593
ACAACAGCATGAGCTA-1,0.000058,0.062565,0.47143,0.465715,0.000116,0.000116
ACAACGGTCCCTGCGA-1,0.000021,0.019812,0.002039,0.264328,0.620683,0.093118
ACAAGCAGTGCCTAGC-1,0.000015,0.014778,0.000029,0.013881,0.930291,0.041007
ACAAGCTATATGGAAG-1,0.000051,0.031695,0.012529,0.775445,0.150364,0.029916
ACAAGGAAATCCGCCC-1,0.000037,0.09364,0.896469,0.009708,0.000074,0.000074
ACAAGGACAAGAGGTT-1,0.000016,0.234561,0.000032,0.065264,0.582144,0.117981
ACAAGGATGCTTTAGG-1,0.000037,0.132745,0.858304,0.008765,0.000075,0.000075
ACAAGGCCTACCAGCC-1,0.000024,0.000024,0.000049,0.032262,0.536379,0.431261
ACAAGGGCAGGCTCTG-1,0.00003,0.226205,0.673,0.00006,0.053587,0.047118
ACAATAGTCGTACGTT-1,0.000035,0.210679,0.115704,0.334477,0.149029,0.190076
ACAATCCATTTAAACC-1,0.000013,0.169509,0.005519,0.157095,0.320096,0.347768
ACAATCGATCTTTATA-1,0.00005,0.00005,0.000101,0.376254,0.375704,0.24784
ACAATGAATACGGAGA-1,0.000069,0.000069,0.268278,0.285705,0.000138,0.445741
ACAATGATTCTTCTAC-1,0.000035,0.034949,0.025267,0.257989,0.088351,0.593409
ACAATTGTGTCTCTTT-1,0.000032,0.103462,0.670201,0.007196,0.000065,0.219044
ACAATTTAGGAGGCTC-1,0.000021,0.000021,0.000043,0.25964,0.583503,0.156771
ACAATTTGAGCAGTGG-1,0.000051,0.155948,0.245208,0.542149,0.01529,0.041352
ACAATTTGGCCATATT-1,0.000059,0.000059,0.954547,0.000118,0.000118,0.045098
ACACAAAGACGGGTGG-1,0.000029,0.235018,0.150373,0.533459,0.076739,0.004382
ACACAAATATTCCTAG-1,0.000026,0.000026,0.047707,0.229041,0.239105,0.484094
ACACACCAGGACCAGT-1,0.000041,0.000041,0.823621,0.170877,0.000081,0.00534
ACACACTTTCTACACG-1,0.000022,0.086563,0.046528,0.022179,0.714117,0.13059
ACACATGATCAAATCT-1,0.000033,0.059528,0.036949,0.457928,0.199881,0.24568
ACACATTTCCGTAGAC-1,0.000029,0.000029,0.972694,0.000057,0.000057,0.027133
ACACCACATAATTAGC-1,0.000039,0.000039,0.281729,0.470652,0.000079,0.247462
ACACCCAGCATGCAGC-1,0.000022,0.024399,0.000674,0.186907,0.478179,0.30982
ACACCCGAGAAATCCG-1,0.000017,0.13197,0.006723,0.199647,0.394537,0.267106
ACACCCGTAAATCTGT-1,0.000052,0.024482,0.094556,0.750377,0.09198,0.038554
ACACCGAGCGCTCTTT-1,0.000019,0.000019,0.000038,0.051109,0.906603,0.042211
ACACCGGTCTGACCGC-1,0.000032,0.006283,0.00261,0.390097,0.286777,0.314201
ACACCTTAAGTAGGGC-1,0.000046,0.036078,0.015638,0.491766,0.398894,0.057576
ACACCTTACTACTTGC-1,0.000024,0.005296,0.970965,0.000049,0.000049,0.023617
ACACGAGACTCCTTCT-1,0.000044,0.279177,0.428422,0.254056,0.02995,0.008351
ACACGGCACTATGCAT-1,0.000052,0.000052,0.000103,0.419518,0.499106,0.081169
ACACGGGAACTTAGGG-1,0.000031,0.08961,0.290483,0.374376,0.010792,0.234709
ACACGTAGGCCACAAG-1,0.000033,0.000033,0.815122,0.016823,0.000066,0.167922
ACACTCCAATGTCACT-1,0.000026,0.000026,0.040578,0.008225,0.920138,0.031008
ACACTGATCAAGGTGT-1,0.000029,0.455215,0.155619,0.004106,0.220934,0.164096
ACACTGGGACAGTCGT-1,0.000041,0.000041,0.992464,0.000082,0.000082,0.007291
ACAGAACTGAGAACAA-1,0.000035,0.000659,0.047397,0.576094,0.22668,0.149136
ACAGATTAGGTTAGTG-1,0.000022,0.003851,0.000045,0.005783,0.959373,0.030925
ACAGCATAGAGCCAGT-1,0.000017,0.000242,0.000034,0.034638,0.923994,0.041076
ACAGCGACATTCTCAT-1,0.000053,0.014944,0.984683,0.000107,0.000107,0.000107
ACAGCGCACCCGCAGC-1,0.000045,0.000045,0.000091,0.30213,0.348146,0.349543
ACAGGCACGGATCCTT-1,0.000025,0.042283,0.914462,0.000049,0.003748,0.039434
ACAGGCTTGCCCGACT-1,0.000036,0.035369,0.964377,0.000072,0.000072,0.000072
ACAGGTGGAGGTGAGG-1,0.00005,0.113156,0.269755,0.400931,0.042155,0.173953
ACAGGTGTGTTGTTGC-1,0.000013,0.000013,0.000027,0.000027,0.662421,0.337499
ACAGTAATACAACTTG-1,0.000022,0.043591,0.000044,0.243726,0.485129,0.227488
ACAGTATACCGTGGGA-1,0.000039,0.000039,0.000078,0.71353,0.040235,0.246079
ACATAAGTCGTGGTGA-1,0.000026,0.021647,0.064002,0.25955,0.296799,0.357976
ACATAATAAGGCGGTG-1,0.000022,0.009119,0.000045,0.173603,0.729742,0.087469
ACATACAATCAAGCGG-1,0.000024,0.089337,0.716047,0.113814,0.001416,0.079363
ACATCAGCTGGGACGC-1,0.000023,0.024403,0.001499,0.273032,0.652667,0.048376
ACATCCCGGCCATACG-1,0.000035,0.071537,0.928221,0.000069,0.000069,0.000069
ACATCCTGGTAACTGT-1,0.000038,0.102511,0.663789,0.000077,0.04682,0.186764
ACATCGATCGTTTACC-1,0.000062,0.035037,0.643774,0.250878,0.000123,0.070127
ACATCGGTCAGCCGCG-1,0.000052,0.424974,0.273044,0.301721,0.000104,0.000104
ACATCGTATGCAATGG-1,0.000026,0.000026,0.733011,0.213784,0.000053,0.053099
ACATCGTTAACCTAGT-1,0.000078,0.117248,0.11364,0.469256,0.180271,0.119506
ACATCTCAACGCGTAA-1,0.000019,0.000019,0.000038,0.072642,0.771233,0.156049
ACATGCTTACGGCAGC-1,0.000043,0.000043,0.057193,0.150864,0.000086,0.79177
ACATGGCGCCAAAGTA-1,0.00004,0.061048,0.883388,0.032089,0.00008,0.023354
ACATTAGTTTATATCC-1,0.00005,0.137498,0.799036,0.063214,0.000101,0.000101
ACATTCGCGCGGAATA-1,0.000046,0.168399,0.003248,0.242264,0.07785,0.508194
ACATTTGAAACCTAAC-1,0.000024,0.008646,0.960447,0.000048,0.000048,0.030786
ACCAAACACCCAGCGA-1,0.000015,0.036525,0.118133,0.154664,0.331346,0.359317
ACCAAACTAGAAATCC-1,0.000035,0.000035,0.00007,0.365584,0.493371,0.140904
ACCAACACCACACACT-1,0.000027,0.106158,0.130686,0.343684,0.179921,0.239524
ACCAACCGCACTCCAC-1,0.000019,0.000019,0.965509,0.000038,0.000038,0.034377
ACCAACGCTTATTTAT-1,0.000061,0.000061,0.76185,0.17789,0.000122,0.060017
ACCAAGAACGCGTGTC-1,0.000012,0.238334,0.00625,0.037471,0.707627,0.010305
ACCAAGTCATCGGCAG-1,0.000033,0.000033,0.999739,0.000065,0.000065,0.000065
ACCAATATGCAAGTTA-1,0.00003,0.287602,0.504482,0.00006,0.092026,0.115801
ACCACAACTCAGAACA-1,0.00002,0.006171,0.003571,0.00004,0.632852,0.357347
ACCACAAGTTTCTATC-1,0.000029,0.194433,0.315992,0.223916,0.07942,0.18621
ACCACCAATGTAACAA-1,0.000026,0.000026,0.830108,0.079504,0.000053,0.090283
ACCACCCTCTCTTCTA-1,0.000016,0.013632,0.019787,0.032151,0.337532,0.596881
ACCACGTGCAGCTATA-1,0.000037,0.085796,0.780803,0.067994,0.008434,0.056936
ACCAGACCATAACAAC-1,0.000019,0.009319,0.000039,0.310331,0.537274,0.143019
ACCAGCCCGGTCTTTG-1,0.000024,0.000024,0.000049,0.016379,0.849858,0.133666
ACCAGGAGTGTGATCT-1,0.000042,0.000042,0.000083,0.232987,0.590639,0.176207
ACCAGTGCCCGGTCAA-1,0.000037,0.000037,0.000074,0.000074,0.525775,0.474004
ACCAGTGCGGGAGACG-1,0.000037,0.032206,0.930413,0.037196,0.000074,0.000074
ACCATATCCGCAATAA-1,0.000044,0.419274,0.560666,0.019838,0.000089,0.000089
ACCATCCGCCAACTAG-1,0.000017,0.169575,0.05828,0.028873,0.546486,0.196769
ACCATCGTATATGGTA-1,0.000095,0.077243,0.519277,0.403006,0.000189,0.000189
ACCATTAAGGGTGTCA-1,0.000032,0.000032,0.000063,0.41312,0.586691,0.000063
ACCCAACGCCCGTGGC-1,0.000051,0.043401,0.60488,0.351465,0.000102,0.000102
ACCCACCTACATGCTC-1,0.000047,0.088092,0.007882,0.773926,0.067519,0.062533
ACCCATCTTGAGGGTA-1,0.000036,0.038611,0.091257,0.323281,0.310307,0.236509
ACCCATTTGTCCCTCT-1,0.000031,0.024814,0.825047,0.000063,0.049197,0.100847
ACCCGAGCGAAATTAC-1,0.000026,0.12696,0.266987,0.263569,0.111147,0.23131
ACCCGATTGGTTCCGA-1,0.000039,0.311403,0.360267,0.171624,0.026748,0.12992
ACCCGGAAACTCCCAG-1,0.000063,0.076887,0.891338,0.031462,0.000125,0.000125
ACCCGGAGCACCACAA-1,0.000035,0.020213,0.979544,0.000069,0.000069,0.000069
ACCCGGATGACGCATC-1,0.000077,0.000077,0.641543,0.076013,0.000154,0.282136
ACCCGGTTACACTTCC-1,0.000069,0.113176,0.482088,0.186169,0.107691,0.110806
ACCCGTAGCAGAGAAT-1,0.000019,0.000019,0.000038,0.000038,0.000038,0.999847
ACCCGTAGTCTAGTTG-1,0.000021,0.000021,0.941541,0.058331,0.000043,0.000043
ACCCGTGTCATCAGTA-1,0.000062,0.069015,0.88228,0.013108,0.000124,0.035411
ACCCTATAGGACTGAG-1,0.000044,0.018297,0.000088,0.110609,0.742015,0.128948
ACCCTATGCCATATCG-1,0.000088,0.029972,0.709847,0.259743,0.000175,0.000175
ACCCTCCCGTCAGGGC-1,0.000022,0.005369,0.935994,0.000043,0.027509,0.031065
ACCCTCCCTTGCTATT-1,0.00006,0.141589,0.804365,0.016628,0.000119,0.03724
ACCCTGGTAACGCCCT-1,0.000026,0.093098,0.078719,0.224504,0.086918,0.516735
ACCCTTCATCTGCGAA-1,0.000045,0.016133,0.013318,0.346976,0.468381,0.155146
ACCCTTGCCTGGGTCG-1,0.000017,0.034623,0.078443,0.067355,0.462084,0.357478
ACCCTTTAGTTCTCCA-1,0.000072,0.008583,0.000144,0.312976,0.41468,0.263545
ACCGAAAGGGCCCTGC-1,0.000023,0.000023,0.000047,0.085523,0.906164,0.00822
ACCGAAGAGTCTGGTT-1,0.000046,0.000046,0.000092,0.374016,0.17516,0.450639
ACCGACACATCTCCCA-1,0.00004,0.178191,0.821526,0.000081,0.000081,0.000081
ACCGACTGAGTCCCAC-1,0.000023,0.054521,0.213417,0.157127,0.115665,0.459246
ACCGAGTCTCCTTATT-1,0.000027,0.000027,0.986743,0.000055,0.000055,0.013093
ACCGATAGGCATAACC-1,0.000018,0.039429,0.960446,0.000036,0.000036,0.000036
ACCGATATTTAATCAT-1,0.000027,0.004476,0.985898,0.000055,0.000055,0.009489
ACCGATGGTAGCATCG-1,0.00003,0.172096,0.246376,0.061864,0.236952,0.282682
ACCGCAATAACTGCCT-1,0.000023,0.117549,0.882292,0.000045,0.000045,0.000045
ACCGCGGTGGAAGTCG-1,0.000042,0.039223,0.956409,0.004158,0.000084,0.000084
ACCGCTAGTCATTGGT-1,0.000046,0.000046,0.626507,0.035732,0.000092,0.337577
ACCGGGCCTTTGTTGA-1,0.000037,0.000037,0.846731,0.106785,0.000074,0.046335
ACCGGTCAGGTACACC-1,0.000043,0.000043,0.003375,0.540699,0.168903,0.286939
ACCGGTCTGAGTACGG-1,0.000022,0.000022,0.000044,0.007628,0.670748,0.321537
ACCGTCCACTGGGCCC-1,0.000027,0.023568,0.045683,0.240521,0.327469,0.362731
ACCGTGACCACGTGGG-1,0.000029,0.000029,0.357783,0.082671,0.017518,0.54197
ACCGTTCCCGCTCTGA-1,0.000049,0.015496,0.000098,0.204671,0.642717,0.136968
ACCTAAGTACCTTTCA-1,0.000026,0.083982,0.007208,0.120718,0.582485,0.205581
ACCTAATCGACTTCCT-1,0.000027,0.000027,0.000053,0.367828,0.564183,0.067882
ACCTACAGTATGTGGT-1,0.000038,0.000038,0.859168,0.015513,0.000076,0.125168
ACCTACTATAAATCTA-1,0.000081,0.000082,0.698308,0.029168,0.000163,0.272197
ACCTCAGCGAGGCGCA-1,0.00003,0.067764,0.823804,0.067391,0.014093,0.026917
ACCTCCGCCCTCGCTG-1,0.000036,0.000036,0.943427,0.051759,0.000071,0.004672
ACCTCCGTTATTCACC-1,0.000034,0.096304,0.623031,0.12615,0.000822,0.15366
ACCTCGAACTTATGCT-1,0.000021,0.000021,0.012336,0.098838,0.23421,0.654573
ACCTGCGTGTCATGTT-1,0.000022,0.020505,0.000045,0.039331,0.771478,0.168619
ACCTTTCCTTTAGAAG-1,0.000065,0.000065,0.00013,0.867288,0.076328,0.056125
ACGAAATGGGCGGCAC-1,0.000021,0.049963,0.0195,0.400565,0.450586,0.079366
ACGACCCATGAGTTGC-1,0.000028,0.061075,0.896585,0.011361,0.023812,0.007138
ACGACTCTAGGGCCGA-1,0.000046,0.000046,0.999631,0.000092,0.000092,0.000092
ACGACTGGTCATACTC-1,0.000036,0.07186,0.530555,0.260367,0.000072,0.13711
ACGAGAACCCATCACG-1,0.00002,0.025115,0.045278,0.034776,0.840498,0.054314
ACGAGATATTTGCTTA-1,0.000055,0.039936,0.008376,0.340912,0.284414,0.326307
ACGAGGATACCACTCT-1,0.000016,0.000016,0.000031,0.000031,0.497326,0.50258
ACGAGGTTTACAACGT-1,0.000032,0.011445,0.029838,0.398445,0.204888,0.355352
ACGAGTACGGATGCCC-1,0.000044,0.003195,0.121968,0.365519,0.201033,0.308241
ACGATACATAGAACTA-1,0.000018,0.217066,0.012293,0.044124,0.277472,0.449026
ACGATACCTATCCTGA-1,0.000014,0.000014,0.000029,0.000029,0.867153,0.132761
ACGATCATACATAGAG-1,0.000021,0.188508,0.021996,0.098675,0.575153,0.115647
ACGATCATCTTGTAAA-1,0.000043,0.042433,0.572831,0.304048,0.029232,0.051413
ACGATGCATATGTTAT-1,0.000026,0.244533,0.308668,0.083157,0.256855,0.106762
ACGATGGATCCGATGC-1,0.000049,0.030852,0.093594,0.514896,0.239048,0.121561
ACGCAAACTAATAGAT-1,0.000058,0.21325,0.651851,0.047295,0.002986,0.084561
ACGCAATCACTACAGC-1,0.000028,0.01804,0.000878,0.093201,0.385471,0.502381
ACGCATAAATGACATG-1,0.000025,0.000025,0.000049,0.139364,0.438405,0.422133
ACGCATACGTTTACTA-1,0.000039,0.001462,0.973014,0.02533,0.000078,0.000078
ACGCATTCGTGAGTAC-1,0.000041,0.275765,0.212181,0.03506,0.384445,0.092508
ACGCCAGATGATTTCT-1,0.000027,0.150187,0.000413,0.053892,0.677645,0.117836
ACGCCAGTGCGTTTGC-1,0.000045,0.000045,0.930829,0.00009,0.00009,0.068902
ACGCCCAGCTGTCGAT-1,0.000058,0.000058,0.000115,0.592138,0.186106,0.221525
ACGCCGCTAGACGACC-1,0.000045,0.105327,0.87168,0.022768,0.00009,0.00009
ACGCGAAGTCAGACGA-1,0.000027,0.138217,0.642847,0.000694,0.037446,0.180768
ACGCGCTACACAGGGT-1,0.000023,0.31317,0.003009,0.144812,0.327403,0.211581
ACGCGGGCCAAGGACA-1,0.00004,0.483655,0.465718,0.031916,0.018591,0.000081
ACGCGTTTCTTAAGAG-1,0.000029,0.000029,0.000058,0.303136,0.625989,0.070759
ACGCTAGTATCAGTGC-1,0.000097,0.000097,0.054711,0.859349,0.008314,0.077432
ACGCTAGTGATACACT-1,0.000044,0.080956,0.117357,0.213356,0.448079,0.140208
ACGCTGTGAGGCGTAG-1,0.000051,0.417303,0.043956,0.42746,0.039214,0.072017
ACGCTTAGTGTCTCTC-1,0.000091,0.000091,0.000183,0.368224,0.087967,0.543444
ACGGAACACGAGTGCC-1,0.000024,0.04795,0.944999,0.000047,0.000047,0.006933
ACGGAATTTAGCAAAT-1,0.000037,0.072248,0.045403,0.28999,0.509452,0.08287
ACGGACGCAGCGACAA-1,0.000013,0.000013,0.000026,0.000026,0.102227,0.897695
ACGGACTCTCAAAGCG-1,0.000036,0.083934,0.688057,0.118773,0.024245,0.084955
ACGGAGCGCAAATTAC-1,0.000017,0.000017,0.000033,0.006436,0.573096,0.420401
ACGGATGGTGCGGATA-1,0.000062,0.009336,0.990229,0.000124,0.000124,0.000124
ACGGCACTTGCTTGGG-1,0.000046,0.135739,0.863936,0.000093,0.000093,0.000093
ACGGCCAACATGGACT-1,0.000047,0.09007,0.902505,0.007189,0.000095,0.000095
ACGGCGACGATGGGAA-1,0.000031,0.204724,0.784177,0.000062,0.000486,0.01052
ACGGCGGGTTGCCCTG-1,0.000018,0.000018,0.000036,0.009712,0.863783,0.126434
ACGGCTGGATGTAGAA-1,0.000037,0.000037,0.000074,0.656078,0.071608,0.272166
ACGGGAGTGTCGGCCC-1,0.000041,0.002248,0.000081,0.661857,0.306001,0.029773
ACGGGCGTATGCGACA-1,0.000023,0.000023,0.024095,0.240039,0.211894,0.523926
ACGGGTCATGTGACTT-1,0.000035,0.000035,0.00007,0.362588,0.633453,0.00382
ACGGGTTGTGACCTGT-1,0.000082,0.000082,0.020583,0.322892,0.000165,0.656195
ACGGTACAGTTCAATG-1,0.000026,0.03464,0.709798,0.000052,0.111722,0.143763
ACGGTCACCGAGAACA-1,0.000026,0.000442,0.102264,0.400087,0.011145,0.486036
ACGTACAGATTTCTCT-1,0.000056,0.000056,0.000112,0.053214,0.656757,0.289805
ACGTACTTTGGCACGG-1,0.000049,0.230113,0.363628,0.254828,0.000098,0.151283
ACGTAGATTGCTGATG-1,0.000039,0.051952,0.424665,0.154896,0.151682,0.216766
ACGTAGGAGAGTCGCT-1,0.000057,0.002972,0.99663,0.000114,0.000114,0.000114
ACGTATTACTCCGATC-1,0.0001,0.144158,0.34276,0.111193,0.087419,0.31437
ACGTCCTAAACGAGAT-1,0.00005,0.009895,0.069742,0.887644,0.03257,0.0001
ACGTCGGGCAACTCGG-1,0.00004,0.00004,0.158413,0.379555,0.00008,0.461873
ACGTCTCGTTCCGGGA-1,0.000021,0.000021,0.000043,0.218256,0.462111,0.319547
ACGTGACAAAGTAAGT-1,0.00002,0.110803,0.057128,0.225912,0.268803,0.337334
ACGTGCGCCTCGTGCA-1,0.000045,0.028336,0.00009,0.53795,0.391643,0.041936
ACGTGGTCGAATGTGC-1,0.000069,0.000069,0.000139,0.459188,0.287022,0.253512
ACGTTAATGTCGAAGA-1,0.000039,0.212343,0.471508,0.008186,0.098851,0.209072
ACGTTAGATTTGCCCG-1,0.00005,0.265154,0.30623,0.303634,0.118053,0.006879
ACGTTATTGGTCACTC-1,0.000053,0.000053,0.000106,0.530039,0.374278,0.095472
ACGTTCACTATGCCGC-1,0.000036,0.000036,0.819784,0.02205,0.000071,0.158024
ACGTTCCGCGCTCCGT-1,0.000046,0.131319,0.098552,0.395048,0.340189,0.034846
ACGTTCGCAATCAATT-1,0.000049,0.000049,0.403492,0.366474,0.000097,0.22984
ACGTTCGTTCAGGAAA-1,0.000076,0.004906,0.862454,0.111705,0.000152,0.020707
ACGTTCTGTACAAGTC-1,0.00002,0.118799,0.314815,0.000041,0.264835,0.30149
ACGTTGTCGTTGAAAG-1,0.000035,0.012754,0.162263,0.09458,0.001285,0.729083
ACGTTTAGTTGTGATC-1,0.000044,0.072342,0.000088,0.248771,0.670171,0.008584
ACTAAGGACGCACACC-1,0.000046,0.007952,0.140422,0.47444,0.078545,0.298595
ACTAATACGTCAGGCG-1,0.000035,0.000035,0.000071,0.012812,0.591547,0.395499
ACTACAAAGAGAGGTG-1,0.000054,0.093603,0.902399,0.003726,0.000109,0.000109
ACTACATCCCGACAAG-1,0.000031,0.001606,0.080683,0.587006,0.072333,0.258341
ACTACCAGCTCTCTGG-1,0.000025,0.032195,0.000051,0.131282,0.795321,0.041126
ACTACCATCCGAGGGC-1,0.00005,0.00005,0.159108,0.409202,0.0001,0.431489
ACTACGCGTTAGAATT-1,0.000088,0.018593,0.884467,0.0965,0.000176,0.000176
ACTAGTTGCGATCGTC-1,0.000026,0.006811,0.681867,0.000052,0.000052,0.311192
ACTATATGCTGTGTTC-1,0.00004,0.000612,0.145255,0.237515,0.05437,0.562207
ACTATCCAGGGCATGG-1,0.000038,0.000038,0.839759,0.056057,0.000076,0.104032
ACTATCTGCCCGCGTA-1,0.000023,0.018109,0.789094,0.003944,0.069511,0.119319
ACTATGTCCAGCTGCC-1,0.000024,0.084923,0.079726,0.136941,0.288409,0.409977
ACTATTCGTCCGTGGT-1,0.000042,0.082907,0.003891,0.509766,0.275472,0.127923
ACTATTTCCGGGCCCA-1,0.000049,0.004468,0.944129,0.047907,0.000098,0.00335
ACTCAACGAATGTATT-1,0.000025,0.041952,0.011943,0.028225,0.903533,0.014321
ACTCAAGTGCAAGGCT-1,0.000051,0.000052,0.999588,0.000103,0.000103,0.000103
ACTCAATAAAGGCACG-1,0.000018,0.150979,0.000041,0.146112,0.573136,0.129714
ACTCAGACCTGCTTCT-1,0.000026,0.004631,0.000053,0.110348,0.808331,0.076611
ACTCATGGCAGCCTTC-1,0.000044,0.087562,0.083696,0.431398,0.06088,0.33642
ACTCCAATATCATCAT-1,0.000022,0.001028,0.026658,0.118228,0.185814,0.66825
ACTCCCATTCCTAAAG-1,0.000018,0.055301,0.021364,0.001773,0.635384,0.286159
ACTCCCGAATTCGTTT-1,0.000055,0.007079,0.465355,0.399371,0.000893,0.127247
ACTCCCGTAGACTAGG-1,0.000023,0.000633,0.043302,0.192371,0.324658,0.439013
ACTCCCTAATGCTAAA-1,0.000029,0.199474,0.768826,0.031556,0.000057,0.000057
ACTCCCTAGAATAGTA-1,0.000055,0.068459,0.931158,0.000109,0.000109,0.000109
ACTCCGGCCGACCACT-1,0.000035,0.000035,0.999718,0.00007,0.00007,0.00007
ACTCGATGTATTTCAT-1,0.00007,0.00007,0.000139,0.777603,0.167921,0.054197
ACTCGCCGTTCGATAA-1,0.000016,0.01631,0.752332,0.011766,0.08447,0.135105
ACTCGCGATCTGACGC-1,0.000028,0.062813,0.936993,0.000055,0.000055,0.000055
ACTCGTAACCCGTCCT-1,0.000018,0.375349,0.047249,0.069645,0.329473,0.178266
ACTCGTCAGTAATCCC-1,0.000041,0.037367,0.749138,0.16242,0.020558,0.030476
ACTCTAAACCTGGGAT-1,0.000013,0.000164,0.000025,0.026283,0.893993,0.079522
ACTCTCTGACTTAGGT-1,0.000075,0.055904,0.811654,0.129056,0.00015,0.003161
ACTCTCTTATACACGA-1,0.000075,0.000075,0.000151,0.401986,0.222853,0.37486
ACTCTGACCTAATAGA-1,0.000025,0.014843,0.984983,0.00005,0.00005,0.00005
ACTCTTCAGCTCCCGC-1,0.000019,0.019094,0.535689,0.0251,0.059565,0.360532
ACTCTTGTATAGTAAC-1,0.000033,0.000033,0.416298,0.110876,0.00224,0.47052
ACTGAAACGCCGTTAG-1,0.000045,0.011868,0.933771,0.03802,0.00009,0.016206
ACTGAATGGCGAAAGT-1,0.000035,0.132489,0.867268,0.000069,0.000069,0.000069
ACTGATTTAGTGATTC-1,0.00009,0.00009,0.000179,0.534349,0.044877,0.420415
ACTGCCCGCCATTCTC-1,0.000024,0.147293,0.341633,0.066731,0.050471,0.393848
ACTGCCGTCGTAACTC-1,0.000016,0.000016,0.000031,0.007165,0.779523,0.213251
ACTGCGGACACACCGT-1,0.000036,0.006651,0.458591,0.441155,0.054185,0.039382
ACTGCTCGGAAGGATG-1,0.000051,0.000051,0.004558,0.935521,0.017522,0.042297
ACTGGCGAACCTGCGT-1,0.00004,0.00004,0.021438,0.216828,0.233587,0.528067
ACTGGGATGCCAGTGC-1,0.000057,0.000057,0.907353,0.000115,0.000115,0.092304
ACTGTACGATACACAT-1,0.00004,0.172813,0.137607,0.218522,0.322347,0.148671
ACTGTAGCACTTTGGA-1,0.000019,0.282234,0.00662,0.026964,0.512996,0.171167
ACTGTATACGCGAGCA-1,0.000032,0.000032,0.000064,0.075533,0.884088,0.040251
ACTGTCCAGGATTATA-1,0.000038,0.384518,0.266108,0.050597,0.198639,0.100099
ACTGTCTTCTTTAGAA-1,0.000048,0.284376,0.236564,0.26297,0.129173,0.086868
ACTGTGCTAGTAGATC-1,0.000032,0.001312,0.000064,0.010418,0.960675,0.027499
ACTGTTTAGTGTAGGC-1,0.000037,0.000037,0.000074,0.170579,0.572105,0.257167
