Barcode,Topic 1,Topic 2to7,Topic 8to10
AAACAACGAATAGTTC-1,0.350578,0.000346,0.649076
AAACAAGTATCTCCCA-1,0.000033,0.65172,0.348247
AAACAATCTACTAGCA-1,0.061368,0.000499,0.938133
AAACACCAATAACTGC-1,0.109702,0.793942,0.096356
AAACAGAGCGACTCCT-1,0.096233,0.506752,0.397015
AAACAGCTTTCAGAAG-1,0.071861,0.825725,0.102415
AAACAGGGTCTATATT-1,0.165877,0.550649,0.283473
AAACAGTGTTCCTGGG-1,0.105965,0.569456,0.324579
AAACATGGTGAGAGGA-1,0.943187,0.000145,0.056668
AAACATTTCCCGGATT-1,0.04953,0.138981,0.811489
AAACCCGAACGAAATC-1,0.00041,0.838363,0.161226
AAACCGGAAATGTTAA-1,0.020439,0.711391,0.26817
AAACCGGGTAGGTACC-1,0.027612,0.67985,0.292538
AAACCGTTCGTCCAGG-1,0.012203,0.898944,0.088854
AAACCTAAGCAGCCGG-1,0.072964,0.017273,0.909763
AAACCTCATGAAGTTG-1,0.000016,0.952643,0.047341
AAACGAAGAACATACC-1,0.172321,0.000391,0.827288
AAACGAAGATGGAGTA-1,0.625824,0.325582,0.048594
AAACGAGACGGTTGAT-1,0.001447,0.76086,0.237692
AAACGCTGGGCACGAC-1,0.045735,0.570162,0.384103
AAACGGGCGTACGGGT-1,0.024252,0.605367,0.37038
AAACGGGTTGGTATCC-1,0.00408,0.000431,0.99549
AAACGGTTGCGAACTG-1,0.009005,0.53135,0.459646
AAACGTGTTCGCCCTA-1,0.024099,0.00051,0.975391
AAACTCGGTTCGCAAT-1,0.009536,0.883481,0.106982
AAACTCGTGATATAAG-1,0.000078,0.209678,0.790244
AAACTGCTGGCTCCAA-1,0.136073,0.529839,0.334088
AAACTTAATTGCACGC-1,0.677477,0.19024,0.132282
AAACTTGCAAACGTAT-1,0.103767,0.60365,0.292582
AAAGAATGACCTTAGA-1,0.625049,0.365471,0.00948
AAAGAATGTGGACTAA-1,0.00001,0.981737,0.018252
AAAGACCCAAGTCGCG-1,0.000046,0.357064,0.642889
AAAGACTGGGCGCTTT-1,0.012964,0.905423,0.081612
AAAGCTTGCCTACATA-1,0.08275,0.416145,0.501105
AAAGGCCCTATAATAC-1,0.078207,0.815361,0.106432
AAAGGCTACGGACCAT-1,0.000011,0.999956,0.000033
AAAGGCTCTCGCGCCG-1,0.000039,0.840589,0.159372
AAAGGGATGTAGCAAG-1,0.000035,0.789358,0.210607
AAAGGGCAGCTTGAAT-1,0.045307,0.407131,0.547563
AAAGGTAAGCTGTACC-1,0.070917,0.729392,0.199691
AAAGTAGCATTGCTCA-1,0.162466,0.495522,0.342013
AAAGTCACTGATGTAA-1,0.000043,0.857062,0.142896
AAAGTCGACCCTCAGT-1,0.00001,0.964557,0.035434
AAAGTGCCATCAATTA-1,0.027402,0.958439,0.014159
AAAGTGTGATTTATCT-1,0.00012,0.037275,0.962605
AAAGTTGACTCCCGTA-1,0.000073,0.530075,0.469852
AAATAACCATACGGGA-1,0.173061,0.000405,0.826534
AAATAAGGTAGTGCCC-1,0.019645,0.875237,0.105119
AAATACCTATAAGCAT-1,0.00003,0.75752,0.24245
AAATAGCTTAGACTTT-1,0.134331,0.028728,0.836941
AAATAGGGTGCTATTG-1,0.000038,0.8492,0.150762
AAATCCGATACACGCC-1,0.026621,0.662671,0.310708
AAATCGCGGAAGGAGT-1,0.880972,0.022037,0.09699
AAATCGTGTACCACAA-1,0.019652,0.747131,0.233216
AAATCTAGCCCTGCTA-1,0.011495,0.128743,0.859762
AAATCTGCCCGCGTCC-1,0.445065,0.553399,0.001536
AAATGACTGATCAAAC-1,0.000229,0.680427,0.319344
AAATGATTCGATCAGC-1,0.021697,0.002139,0.976164
AAATGCTCGTTACGTT-1,0.023403,0.105434,0.871163
AAATGGCATGTCTTGT-1,0.000049,0.875773,0.124178
AAATGGCCCGTGCCCT-1,0.235413,0.145194,0.619393
AAATGGTCAATGTGCC-1,0.000051,0.522846,0.477103
AAATGTATCTTATCCC-1,0.003286,0.958249,0.038465
AAATGTGGGTGCTCCT-1,0.733472,0.000296,0.266232
AAATTAACGGGTAGCT-1,0.000077,0.354617,0.645306
AAATTAATAAGCGCGA-1,0.043059,0.511474,0.445467
AAATTACACGACTCTG-1,0.068601,0.000522,0.930876
AAATTACCTATCGATG-1,0.209999,0.06633,0.723672
AAATTCCAGGTCCAAA-1,0.000055,0.509968,0.489977
AAATTGATAGTCCTTT-1,0.088994,0.368654,0.542352
AAATTGCGGCGGTTCT-1,0.000039,0.588753,0.411208
AAATTGGTGAGAAGCA-1,0.023633,0.000462,0.975905
AAATTTACCGAAATCC-1,0.149394,0.463683,0.386924
AAATTTGCGGGTGTGG-1,0.000012,0.957246,0.042742
AACAACTGGTAGTTGC-1,0.05573,0.418206,0.526064
AACAATACATTGTCGA-1,0.008951,0.841328,0.149721
AACAATTACTCTACGC-1,0.029293,0.660911,0.309796
AACACACGCTCGCCGC-1,0.029649,0.638685,0.331666
AACACGACTGTACTGA-1,0.037598,0.297901,0.664501
AACACGAGACGCGGCC-1,0.04952,0.791597,0.158882
AACACGCGGCCGCGAA-1,0.020394,0.801343,0.178262
AACAGCTGTGTGGCAA-1,0.320746,0.540913,0.138341
AACAGGAAATCGAATA-1,0.000042,0.855263,0.144695
AACAGGATGGGCCGCG-1,0.024856,0.326957,0.648187
AACAGGTAGTATGGAT-1,0.000011,0.999957,0.000032
AACATAGCGTGTATCG-1,0.08215,0.066962,0.850888
AACATATCAACTGGTG-1,0.044397,0.448513,0.50709
AACATCGATACGTCTA-1,0.265778,0.000575,0.733646
AACATTGAAGTTGATC-1,0.122117,0.590775,0.287107
AACATTGGTCAGCCGT-1,0.036953,0.242634,0.720412
AACATTGTGACTCGAG-1,0.000015,0.998226,0.001758
AACCAAGACTTCTCTG-1,0.000784,0.942234,0.056982
AACCAGTATCACTCTT-1,0.074304,0.529788,0.395908
AACCATAGGGTTGAAC-1,0.468159,0.520645,0.011196
AACCATGGGATCGCTA-1,0.00003,0.981843,0.018127
AACCCAGAGACGGAGA-1,0.013636,0.357792,0.628572
AACCCATCCCATGATC-1,0.361587,0.448051,0.190363
AACCCGACAACCCGTG-1,0.003273,0.880689,0.116038
AACCCGAGCAGAATCG-1,0.011676,0.624801,0.363523
AACCCGATAGGGCTTC-1,0.066385,0.65895,0.274665
AACCCGCTGTATTCCA-1,0.00237,0.781452,0.216178
AACCCTACTGTCAATA-1,0.058897,0.573983,0.36712
AACCCTGGTGGAACCA-1,0.288896,0.101183,0.609922
AACCGAGCTTGGTCAT-1,0.000027,0.933013,0.06696
AACCGCTAAGGGATGC-1,0.020471,0.630434,0.349095
AACCGTTGTGTTTGCT-1,0.000052,0.895523,0.104426
AACCTAAAGCCGTCCG-1,0.076396,0.504039,0.419566
AACCTCGCTTTAGCCC-1,0.079037,0.015088,0.905875
AACCTGTCACGGAATT-1,0.000025,0.679774,0.3202
AACCTTTAAATACGGT-1,0.000034,0.843985,0.15598
AACCTTTACGACGTCT-1,0.141842,0.362214,0.495944
AACGAAAGTCGTCCCA-1,0.788257,0.135627,0.076116
AACGACCTCCTAGCCG-1,0.021203,0.748478,0.230319
AACGATAATGCCGTAG-1,0.000024,0.920885,0.07909
AACGATAGAAGGGCCG-1,0.00703,0.342426,0.650544
AACGATATGTCAACTG-1,0.000031,0.784948,0.215021
AACGCATGATCTGGGT-1,0.058369,0.706514,0.235117
AACGCGAACGGCAACA-1,0.000036,0.886275,0.113689
AACGCGACCTTGGGCG-1,0.092051,0.638945,0.269004
AACGCGGTCTCCAGCC-1,0.000044,0.794125,0.205831
AACGCTGTTGCTGAAA-1,0.066165,0.679436,0.254399
AACGGCCATCTCCGGT-1,0.000016,0.908496,0.091488
AACGTACTGTGGGTAC-1,0.002644,0.858171,0.139185
AACGTAGTCTACCCAT-1,0.35924,0.000555,0.640205
AACGTCAGACTAGTGG-1,0.00006,0.543977,0.455962
AACGTCATCCGGCTTG-1,0.007464,0.485583,0.506953
AACGTCGCTGCACTTC-1,0.032233,0.732456,0.235312
AACGTGATGAAGGACA-1,0.122434,0.000467,0.877099
AACGTGCGAAAGTCTC-1,0.004017,0.784642,0.211341
AACGTTATCAGCACCT-1,0.04881,0.283758,0.667431
AACGTTCTACCATTGT-1,0.018589,0.733732,0.247679
AACTACCCGTTTGTCA-1,0.000051,0.488551,0.511398
AACTAGCGTATCGCAC-1,0.091786,0.024088,0.884126
AACTAGGCTTGGGTGT-1,0.000035,0.823868,0.176097
AACTCAAGTTAATTGC-1,0.043413,0.563098,0.393489
AACTCCAGAGCGTGTT-1,0.044878,0.621812,0.33331
AACTCCTAATCCCATG-1,0.184314,0.043923,0.771762
AACTCGATAAACACGT-1,0.047675,0.523637,0.428688
AACTCGATGGCGCAGT-1,0.044995,0.755663,0.199342
AACTCTCAATAGAGCG-1,0.071832,0.468457,0.459711
AACTCTCAGTGTGCTC-1,0.005916,0.903683,0.0904
AACTGAGTTATACTGA-1,0.000011,0.832613,0.167376
AACTGATATTAGGCCT-1,0.00005,0.714612,0.285337
AACTGGGTCCCGACGT-1,0.000026,0.7469,0.253074
AACTGGGTTCGAGCCG-1,0.057718,0.439317,0.502965
AACTGGTGTGGGCCTT-1,0.000071,0.57371,0.426219
AACTTCTGCGTCTATC-1,0.005104,0.201454,0.793442
AACTTGCCCGTATGCA-1,0.042217,0.618264,0.339518
AACTTGCGTTCTCGCG-1,0.000041,0.793602,0.206357
AACTTTACGGGAGCTT-1,0.09659,0.836317,0.067093
AACTTTAGCTGCTGAG-1,0.013211,0.00066,0.986128
AACTTTCTCGATCATG-1,0.012464,0.173698,0.813838
AAGAAAGTTTGATGGG-1,0.99943,0.000157,0.000413
AAGAAATCACCAGATT-1,0.000012,0.997787,0.002201
AAGAAGGATCAGTTAG-1,0.013362,0.667874,0.318765
AAGACATACGTGGTTT-1,0.000016,0.79807,0.201914
AAGACCAAATAACTCA-1,0.772223,0.010171,0.217606
AAGACCCAACTGAACA-1,0.065155,0.617782,0.317063
AAGACTAACCCGTTGT-1,0.000027,0.938114,0.061859
AAGACTGCAAGCTACT-1,0.000034,0.706061,0.293905
AAGAGATGAATCGGTA-1,0.024867,0.877706,0.097427
AAGAGCTCTTTATCGG-1,0.000036,0.874066,0.125898
AAGAGGATGTACGCGA-1,0.037759,0.684866,0.277375
AAGAGGCATGGATCGC-1,0.000028,0.658079,0.341893
AAGAGGCCCTTTGGAA-1,0.000019,0.996338,0.003643
AAGATGGCACCGGACC-1,0.046275,0.848933,0.104792
AAGATTGGCGGAACGT-1,0.175259,0.000338,0.824403
AAGCACCCTGCGTATC-1,0.000017,0.999634,0.000349
AAGCATACTCTCCTGA-1,0.000017,0.929696,0.070288
AAGCCACTTGCAGGTA-1,0.063215,0.553531,0.383255
AAGCCGAAGCGGTTTA-1,0.000024,0.969821,0.030155
AAGCCGCCGTGAAATC-1,0.050012,0.300093,0.649895
AAGCCGCTTTACCTTG-1,0.000035,0.40438,0.595585
AAGCCGGAGAGCAGGA-1,0.006934,0.736964,0.256102
AAGCGCAGGGCTTTGA-1,0.001225,0.605256,0.393518
AAGCGGAGTGCGCGCA-1,0.000024,0.672965,0.327011
AAGCGGCGTCATGGGT-1,0.094402,0.574711,0.330888
AAGCGTCCCTCATCGA-1,0.000015,0.816189,0.183796
AAGCTAGATCGAGTAA-1,0.000013,0.804445,0.195542
AAGCTATGGATTGACC-1,0.999682,0.000177,0.000141
AAGCTCGTGCCAAGTC-1,0.000034,0.859183,0.140783
AAGCTCTTTCATGGTG-1,0.021512,0.287176,0.691313
AAGGAGAACTTATAAG-1,0.248584,0.00035,0.751067
AAGGAGCGGTTGGTGC-1,0.000065,0.032184,0.967751
AAGGATCGATCGCTTG-1,0.000022,0.865662,0.134316
AAGGATGAGGGACCTC-1,0.000057,0.000341,0.999602
AAGGCAGGCTGTCTCC-1,0.000024,0.71754,0.282436
AAGGCGCGTAAAGCTT-1,0.009328,0.503565,0.487107
AAGGCTGTGCTCATCG-1,0.007854,0.782691,0.209456
AAGGGAACGACTGGCT-1,0.153697,0.182796,0.663507
AAGGGACAGATTCTGT-1,0.327183,0.199294,0.473523
AAGGGACTATGCATTC-1,0.087196,0.723033,0.189771
AAGGGTTAGCCATGCG-1,0.012756,0.649982,0.337263
AAGGGTTTGATTTCAG-1,0.892834,0.000187,0.106978
AAGGTATCCTAATATA-1,0.095184,0.540048,0.364768
AAGGTGATAAACCAGC-1,0.047012,0.486765,0.466224
AAGTAAGCTTCCAAAC-1,0.276159,0.000493,0.723348
AAGTAGAAGACCGGGT-1,0.046543,0.355172,0.598285
AAGTAGTGACGCGAGG-1,0.023159,0.88012,0.096721
AAGTCAATTGTCGTCA-1,0.02393,0.000412,0.975657
AAGTCTAGTAGCTGCC-1,0.000029,0.523415,0.476557
AAGTCTTCTGTGGCCT-1,0.139618,0.29407,0.566312
AAGTGACGACCGAATT-1,0.033271,0.79236,0.174369
AAGTGAGTCGGGTTTA-1,0.066809,0.672002,0.26119
AAGTGCAAAGGTAGAC-1,0.023339,0.886933,0.089727
AAGTGCCTTGACTGTA-1,0.035132,0.348505,0.616364
AAGTGCGTTAGAATCT-1,0.130974,0.525298,0.343728
AAGTGCTTCTCTATTG-1,0.013912,0.705094,0.280994
AAGTGTTTGGAGACGG-1,0.000038,0.762102,0.23786
AAGTTCACTCCAAGCT-1,0.013096,0.481601,0.505304
AAGTTCAGTCTGCGTA-1,0.052025,0.526186,0.42179
AAGTTCGGCCAACAGG-1,0.059237,0.875475,0.065288
AAGTTGTGATGTTATA-1,0.000015,0.910558,0.089427
AAGTTTACTAATGGCA-1,0.004861,0.000356,0.994783
AAGTTTATGGGCCCAA-1,0.00002,0.794776,0.205205
AATAACAACGCTCGGC-1,0.036248,0.778298,0.185454
AATAACACTAGAACAA-1,0.022739,0.690294,0.286967
AATAACGTCGCGCCCA-1,0.018988,0.774569,0.206443
AATAAGTCCTCGAGAC-1,0.147001,0.000412,0.852588
AATAATCTTCGTATCG-1,0.02052,0.921457,0.058024
AATACAATGTTTCAGG-1,0.000022,0.999809,0.00017
AATACCGGAGGGCTGT-1,0.211413,0.701345,0.087242
AATACCTGATGTGAAC-1,0.009418,0.246638,0.743944
AATAGAACAGAGTGGC-1,0.000012,0.890912,0.109076
AATAGAATCTGTTTCA-1,0.021566,0.127939,0.850496
AATAGCTACCGCGTGC-1,0.089092,0.062109,0.848799
AATAGGCACGACCCTT-1,0.026459,0.759263,0.214278
AATAGTCCGTCCCGAC-1,0.010025,0.680558,0.309417
AATAGTCGCGAGTCGG-1,0.015313,0.984199,0.000488
AATATCAAGGTCGGAT-1,0.00003,0.663037,0.336933
AATATCCTAGCAAACT-1,0.480761,0.3972,0.122039
AATATCGAATCAATGC-1,0.000016,0.989187,0.010796
AATATCGAGGGTTCTC-1,0.093305,0.39592,0.510775
AATATTGGAGTATTGA-1,0.00002,0.973681,0.026299
AATCAGACTGCAGGAC-1,0.000029,0.921383,0.078587
AATCAGGTTTCATTTA-1,0.126984,0.660248,0.212768
AATCATGTAAAGACTC-1,0.15097,0.0575,0.79153
AATCCAAGGGCCTGAG-1,0.037728,0.683619,0.278653
AATCCATGCAAGGGTG-1,0.000044,0.325461,0.674495
AATCCCGCTCAGAGCC-1,0.010896,0.865758,0.123346
AATCGAGGTCTCAAGG-1,0.011498,0.123806,0.864696
AATCGCCTCAGCGCCA-1,0.003321,0.53227,0.464409
AATCGCGCAGAGGACT-1,0.00003,0.726906,0.273065
AATCGGGACACTACGA-1,0.000073,0.471446,0.528481
AATCGGTATAGCCCTC-1,0.000019,0.905551,0.09443
AATCGTGAGCCGAGCA-1,0.089962,0.000526,0.909512
AATCTAGGTTTACTTG-1,0.145435,0.621044,0.233521
AATCTATGCCGGAGCC-1,0.114447,0.000465,0.885088
AATCTCTACTGTGGTT-1,0.045725,0.842937,0.111338
AATCTGCGTTGGGACG-1,0.202038,0.000401,0.797561
AATCTGGCTTTCTAGT-1,0.176401,0.37151,0.452089
AATCTGGGTAGACCCT-1,0.072356,0.519755,0.407889
AATGACAGCAATGTCT-1,0.024344,0.846453,0.129203
AATGACGTAGGATGTC-1,0.000038,0.83337,0.166592
AATGACTGTCAGCCGG-1,0.002785,0.530771,0.466444
AATGAGTTCGCATATG-1,0.002409,0.547035,0.450556
AATGATGATACGCTAT-1,0.212441,0.00054,0.787018
AATGATGCGACTCCTG-1,0.069797,0.663939,0.266264
AATGCAACCGGGTACC-1,0.000036,0.774445,0.22552
AATGCACCAAGCAATG-1,0.087276,0.546595,0.366129
AATGGTCCACCGTTCA-1,0.051591,0.501703,0.446706
AATGGTTCTCACAAGC-1,0.017586,0.28558,0.696833
AATGTATGGCACTGTA-1,0.763811,0.057768,0.178421
AATGTGCCCGAGGTGT-1,0.041738,0.716458,0.241804
AATGTGCTAATCTGAG-1,0.044628,0.946377,0.008995
AATGTTAAGACCCTGA-1,0.037192,0.030515,0.932293
AATGTTGTCGTGAGAC-1,0.000019,0.949681,0.0503
AATTAAAGGTCGGCGT-1,0.000045,0.462438,0.537517
AATTAACGGATTTCCA-1,0.012132,0.78739,0.200479
AATTACGAGACCCATC-1,0.918801,0.071621,0.009578
AATTACTCGTACGCTC-1,0.001177,0.306193,0.69263
AATTAGCGCTGCAGCG-1,0.000029,0.864457,0.135514
AATTCATAAGGGATCT-1,0.055768,0.0008,0.943431
AATTCATTGTCATGCA-1,0.784964,0.15207,0.062966
AATTCCAACTTGGTGA-1,0.018791,0.117436,0.863773
AATTCCAAGCATGTAC-1,0.000026,0.843746,0.156228
AATTCGATTCGAGGAT-1,0.001755,0.116063,0.882183
AATTCTAGAGTTAGGC-1,0.000024,0.823873,0.176103
AATTGAACGCTCTGGT-1,0.00338,0.233439,0.763181
AATTGCAGCAATCGAC-1,0.007924,0.143619,0.848457
AATTGCGTGGATTACA-1,0.63234,0.36756,0.0001
AATTGTGGTTGCCAAA-1,0.004301,0.559908,0.435791
AATTTGGGACATAGTA-1,0.086471,0.330248,0.583281
AATTTGGTTCCAAAGA-1,0.003761,0.395775,0.600464
ACAAACCATGCGTCCT-1,0.451283,0.525362,0.023355
ACAAACCGACAAGGCG-1,0.060938,0.230206,0.708855
ACAAACTCCATCAGAG-1,0.00819,0.945544,0.046266
ACAAAGAAGGTAGGCC-1,0.33905,0.375532,0.285418
ACAAAGCATGACCTAG-1,0.099537,0.066303,0.83416
ACAAATCGCACCGAAT-1,0.008656,0.487818,0.503526
ACAAATGGTAGTGTTT-1,0.022175,0.146944,0.830881
ACAACAGCATGAGCTA-1,0.000029,0.902811,0.09716
ACAACGGTCCCTGCGA-1,0.039063,0.278431,0.682506
ACAAGCAGTGCCTAGC-1,0.000358,0.755271,0.244371
ACAAGCTATATGGAAG-1,0.153461,0.627072,0.219467
ACAAGGAAATCCGCCC-1,0.000017,0.903955,0.096028
ACAAGGACAAGAGGTT-1,0.000017,0.933845,0.066138
ACAAGGATGCTTTAGG-1,0.085785,0.363634,0.550581
ACAAGGGCAGGCTCTG-1,0.000027,0.783577,0.216396
ACAAGTAATTGTAAGG-1,0.098106,0.797297,0.104598
ACAATAGTCGTACGTT-1,0.089043,0.269827,0.641129
ACAATCCATTTAAACC-1,0.017987,0.699215,0.282797
ACAATCGATCTTTATA-1,0.128807,0.000313,0.870881
ACAATGAATACGGAGA-1,0.095675,0.599065,0.30526
ACAATTGTGTCTCTTT-1,0.035463,0.377975,0.586562
ACAATTTAGGAGGCTC-1,0.000014,0.973071,0.026914
ACAATTTGAGCAGTGG-1,0.000085,0.027612,0.972303
ACAATTTGGCCATATT-1,0.038667,0.552273,0.40906
ACACAAAGACGGGTGG-1,0.001855,0.514191,0.483954
ACACAAATATTCCTAG-1,0.00002,0.91162,0.08836
ACACACCAGGACCAGT-1,0.132949,0.12931,0.737741
ACACACTTTCTACACG-1,0.000046,0.942764,0.05719
ACACATGATCAAATCT-1,0.243678,0.415789,0.340533
ACACATTGACGCAACA-1,0.000034,0.219825,0.780141
ACACATTTCCGTAGAC-1,0.009499,0.586923,0.403578
ACACCACATAATTAGC-1,0.000022,0.984071,0.015908
ACACCCAGCATGCAGC-1,0.000066,0.566661,0.433273
ACACCCGAGAAATCCG-1,0.000026,0.876885,0.123089
ACACCGAGCGCTCTTT-1,0.000053,0.443679,0.556269
ACACCGGTCTGACCGC-1,0.693942,0.229852,0.076206
ACACCTTAAGTAGGGC-1,0.000057,0.676236,0.323707
ACACCTTACTACTTGC-1,0.000025,0.986273,0.013702
ACACGAGACTCCTTCT-1,0.000068,0.77485,0.225082
ACACGGCACTATGCAT-1,0.127757,0.000672,0.871571
ACACGGGAACTTAGGG-1,0.000032,0.933595,0.066374
ACACGTAGGCCACAAG-1,0.000023,0.999908,0.000069
ACACTCCAATGTCACT-1,0.000055,0.299826,0.700119
ACACTGATCAAGGTGT-1,0.061234,0.64958,0.289186
ACACTGGGACAGTCGT-1,0.011348,0.429197,0.559455
ACAGAACTGAGAACAA-1,0.350267,0.507521,0.142212
ACAGATTAGGTTAGTG-1,0.008783,0.000476,0.99074
ACAGCATAGAGCCAGT-1,0.000052,0.658892,0.341056
ACAGCGACATTCTCAT-1,0.036235,0.000542,0.963224
ACAGCGCACCCGCAGC-1,0.068348,0.000525,0.931127
ACAGGAGGCGCAGCCG-1,0.074012,0.206498,0.71949
ACAGGCACGGATCCTT-1,0.022668,0.379382,0.597951
ACAGGCTTGCCCGACT-1,0.022916,0.47547,0.501614
ACAGGTGGAGGTGAGG-1,0.000019,0.928205,0.071777
ACAGGTGTGTTGTTGC-1,0.099769,0.635431,0.2648
ACAGTAATACAACTTG-1,0.248807,0.70729,0.043903
ACAGTATACCGTGGGA-1,0.000041,0.648938,0.351021
ACATAAGTCGTGGTGA-1,0.536911,0.002658,0.460431
ACATAATAAGGCGGTG-1,0.00006,0.685107,0.314833
ACATACAATCAAGCGG-1,0.051189,0.132511,0.8163
ACATCAGCTGGGACGC-1,0.096574,0.843813,0.059613
ACATCCCGGCCATACG-1,0.008119,0.400961,0.590921
ACATCCTGGTAACTGT-1,0.053488,0.000393,0.946119
ACATCGATCGTTTACC-1,0.030516,0.778895,0.190589
ACATCGCAATATTCGG-1,0.12877,0.20476,0.66647
ACATCGGTCAGCCGCG-1,0.033468,0.798586,0.167946
ACATCGTATGCAATGG-1,0.008635,0.447653,0.543712
ACATCGTTAACCTAGT-1,0.134444,0.00073,0.864826
ACATCTCAACGCGTAA-1,0.228289,0.103756,0.667955
ACATGCTTACGGCAGC-1,0.544637,0.06103,0.394332
ACATGGCGCCAAAGTA-1,0.01045,0.101485,0.888065
ACATGGCTCAATTTAG-1,0.021804,0.531572,0.446624
ACATTAGTTTATATCC-1,0.000029,0.750394,0.249577
ACATTCGCGCGGAATA-1,0.145461,0.83713,0.017409
ACATTTGAAACCTAAC-1,0.040784,0.011326,0.94789
ACCAAACACCCAGCGA-1,0.072335,0.000455,0.927209
ACCAAACTAGAAATCC-1,0.291289,0.00029,0.708421
ACCAACACCACACACT-1,0.057587,0.000455,0.941957
ACCAACCGCACTCCAC-1,0.073116,0.222817,0.704067
ACCAACGCTTATTTAT-1,0.000025,0.867042,0.132933
ACCAAGAACGCGTGTC-1,0.00003,0.946019,0.053951
ACCAAGTCATCGGCAG-1,0.060439,0.823313,0.116249
ACCAATATGCAAGTTA-1,0.000029,0.437232,0.562739
ACCACAACTCAGAACA-1,0.193695,0.249469,0.556837
ACCACAAGTTTCTATC-1,0.000071,0.460257,0.539673
ACCACACGGTTGATGG-1,0.034732,0.574007,0.391261
ACCACCAATGTAACAA-1,0.000031,0.739448,0.260522
ACCACCCTCTCTTCTA-1,0.000052,0.587744,0.412204
ACCACGTGCAGCTATA-1,0.022822,0.745009,0.23217
ACCACTGTTCAAGAAG-1,0.000037,0.794418,0.205544
ACCAGACCATAACAAC-1,0.009096,0.990887,0.000017
ACCAGCCCGGTCTTTG-1,0.108083,0.003299,0.888618
ACCAGGAGTGTGATCT-1,0.149497,0.000363,0.85014
ACCAGTGCCCGGTCAA-1,0.072643,0.670493,0.256864
ACCATATCCGCAATAA-1,0.017066,0.412654,0.57028
ACCATCCGCCAACTAG-1,0.000009,0.990487,0.009504
ACCATCGTATATGGTA-1,0.040019,0.691607,0.268374
ACCATTAAGGGTGTCA-1,0.000033,0.702833,0.297134
ACCCAACGCCCGTGGC-1,0.13401,0.000618,0.865371
ACCCACCTACATGCTC-1,0.0359,0.384217,0.579883
ACCCATCTTGAGGGTA-1,0.000036,0.872467,0.127497
ACCCATTTGTCCCTCT-1,0.02458,0.122923,0.852497
ACCCGAGCGAAATTAC-1,0.099253,0.419581,0.481166
ACCCGATTGGTTCCGA-1,0.058776,0.695699,0.245525
ACCCGGAAACTCCCAG-1,0.000022,0.953267,0.046711
ACCCGGAGCACCACAA-1,0.036688,0.62801,0.335302
ACCCGGATGACGCATC-1,0.038391,0.464678,0.496931
ACCCGGTTACACTTCC-1,0.000398,0.390855,0.608747
ACCCGTAGCAGAGAAT-1,0.91774,0.000216,0.082044
ACCCGTAGTCTAGTTG-1,0.000011,0.894117,0.105872
ACCCGTGTCATCAGTA-1,0.000036,0.892735,0.107229
ACCCTATAGGACTGAG-1,0.000026,0.928206,0.071768
ACCCTATGCCATATCG-1,0.061241,0.754858,0.183901
ACCCTCCCGTCAGGGC-1,0.042248,0.206195,0.751557
ACCCTCCCTTGCTATT-1,0.028678,0.000593,0.970729
ACCCTGGTAACGCCCT-1,0.022944,0.00594,0.971116
ACCCTTCATCTGCGAA-1,0.000055,0.639334,0.360611
ACCCTTGCCTGGGTCG-1,0.000023,0.996261,0.003716
ACCCTTTAGTTCTCCA-1,0.160032,0.029045,0.810922
ACCGAAAGGGCCCTGC-1,0.000035,0.928118,0.071847
ACCGAAGAGTCTGGTT-1,0.565631,0.307976,0.126394
ACCGACACATCTCCCA-1,0.000037,0.334618,0.665345
ACCGACTGAGTCCCAC-1,0.000042,0.648603,0.351355
ACCGAGTCTCCTTATT-1,0.007226,0.011992,0.980782
ACCGATAGGCATAACC-1,0.000011,0.980285,0.019704
ACCGATATTTAATCAT-1,0.034797,0.514588,0.450616
ACCGATGGTAGCATCG-1,0.106798,0.115923,0.777279
ACCGCAATAACTGCCT-1,0.000036,0.864011,0.135952
ACCGCGGTGGAAGTCG-1,0.000037,0.797578,0.202385
ACCGCTAGTCATTGGT-1,0.182774,0.529486,0.28774
ACCGGGCCTTTGTTGA-1,0.183916,0.412656,0.403428
ACCGGTCAGGTACACC-1,0.546095,0.356615,0.09729
ACCGTCCACTGGGCCC-1,0.999813,0.000125,0.000062
ACCGTGACCACGTGGG-1,0.073971,0.894682,0.031347
ACCGTTCCCGCTCTGA-1,0.139893,0.000496,0.859611
ACCTAAGTACCTTTCA-1,0.048202,0.594133,0.357665
ACCTAATCGACTTCCT-1,0.021474,0.60372,0.374806
ACCTACAGTATGTGGT-1,0.000029,0.687007,0.312964
ACCTACTATAAATCTA-1,0.031515,0.928035,0.04045
ACCTCAGCGAGGCGCA-1,0.012355,0.184025,0.80362
ACCTCCGCCCTCGCTG-1,0.000065,0.619236,0.380699
ACCTCCGTTATTCACC-1,0.030147,0.380148,0.589705
ACCTCGAACTTATGCT-1,0.329898,0.650636,0.019466
ACCTGCGTGTCATGTT-1,0.074329,0.913947,0.011725
ACCTTTCCTTTAGAAG-1,0.056657,0.507885,0.435458
ACGAAATGGGCGGCAC-1,0.005212,0.244271,0.750517
ACGACCCATGAGTTGC-1,0.087287,0.509372,0.403341
ACGACTCTAGGGCCGA-1,0.057741,0.616864,0.325395
ACGACTGGTCATACTC-1,0.04765,0.774094,0.178257
ACGAGAACCCATCACG-1,0.000035,0.96255,0.037415
ACGAGATATTTGCTTA-1,0.114384,0.000644,0.884972
ACGAGGATACCACTCT-1,0.175447,0.520352,0.304201
ACGAGGTTTACAACGT-1,0.187055,0.607927,0.205018
ACGAGTACGGATGCCC-1,0.1186,0.000626,0.880773
ACGAGTCGCCGGCGTT-1,0.000028,0.617437,0.382535
ACGATACATAGAACTA-1,0.075862,0.620729,0.303409
ACGATACCTATCCTGA-1,0.034489,0.839551,0.12596
ACGATCATACATAGAG-1,0.0117,0.294571,0.693729
ACGATCATCTTGTAAA-1,0.406194,0.067273,0.526533
ACGATGCATATGTTAT-1,0.021694,0.663042,0.315264
ACGATGGATCCGATGC-1,0.021272,0.01384,0.964888
ACGCAAACTAATAGAT-1,0.002098,0.826483,0.171419
ACGCAATCACTACAGC-1,0.016096,0.140171,0.843733
ACGCATACGTTTACTA-1,0.000044,0.829245,0.170711
ACGCATTCGTGAGTAC-1,0.014605,0.872371,0.113023
ACGCCACTCGAAACAG-1,0.003062,0.76254,0.234399
ACGCCAGATGATTTCT-1,0.000043,0.887587,0.11237
ACGCCAGTGCGTTTGC-1,0.00003,0.597227,0.402743
ACGCCCAGCTGTCGAT-1,0.367781,0.000866,0.631353
ACGCCGCTAGACGACC-1,0.000067,0.883948,0.115985
ACGCCTGACACGCGCT-1,0.037984,0.372727,0.589289
ACGCGAAGTCAGACGA-1,0.000022,0.947235,0.052743
ACGCGCTACACAGGGT-1,0.049426,0.901279,0.049295
ACGCGGGCCAAGGACA-1,0.000051,0.903457,0.096492
ACGCGTTTCTTAAGAG-1,0.000013,0.927243,0.072744
ACGCTACTGAATGGGC-1,0.021057,0.280572,0.69837
ACGCTAGTGATACACT-1,0.059031,0.600451,0.340518
ACGCTGTGAGGCGTAG-1,0.091343,0.882497,0.02616
ACGCTTAGTGTCTCTC-1,0.142273,0.407318,0.45041
ACGGAACACGAGTGCC-1,0.012832,0.0503,0.936868
ACGGAATTTAGCAAAT-1,0.002731,0.238561,0.758708
ACGGACGCAGCGACAA-1,0.759531,0.19659,0.043879
ACGGACTCTCAAAGCG-1,0.017847,0.555838,0.426315
ACGGAGCGCAAATTAC-1,0.047928,0.419071,0.533001
ACGGATGGTGCGGATA-1,0.024869,0.536332,0.438798
ACGGCACTTGCTTGGG-1,0.000058,0.531122,0.46882
ACGGCCAACATGGACT-1,0.015913,0.860064,0.124023
ACGGCGACGATGGGAA-1,0.000021,0.658386,0.341593
ACGGCGGGTTGCCCTG-1,0.000041,0.697613,0.302345
ACGGCTGGATGTAGAA-1,0.518652,0.477316,0.004033
ACGGGAGTGTCGGCCC-1,0.049761,0.522978,0.427261
ACGGGCGTATGCGACA-1,0.017036,0.591587,0.391377
ACGGGTCATGTGACTT-1,0.047881,0.108872,0.843247
ACGGGTTGTGACCTGT-1,0.716566,0.194129,0.089304
ACGGTACAGTTCAATG-1,0.076087,0.014467,0.909446
ACGGTCACCGAGAACA-1,0.814681,0.057243,0.128077
ACGTACAGATTTCTCT-1,0.010112,0.510935,0.478953
ACGTACTTTGGCACGG-1,0.084907,0.380614,0.534479
ACGTAGATTGCTGATG-1,0.000039,0.748938,0.251024
ACGTAGGAGAGTCGCT-1,0.013567,0.716431,0.270001
ACGTATTACTCCGATC-1,0.000179,0.341327,0.658494
ACGTCCTAAACGAGAT-1,0.000124,0.408326,0.59155
ACGTCGGGCAACTCGG-1,0.950406,0.000123,0.049471
ACGTCTCGTTCCGGGA-1,0.246677,0.215929,0.537394
ACGTGACAAAGTAAGT-1,0.640571,0.19163,0.167799
ACGTGCGCCTCGTGCA-1,0.000039,0.913566,0.086395
ACGTGGTCGAATGTGC-1,0.000831,0.001111,0.998057
ACGTTAATGTCGAAGA-1,0.008639,0.616148,0.375213
ACGTTAGATTTGCCCG-1,0.000031,0.856881,0.143088
ACGTTATTGGTCACTC-1,0.027942,0.8299,0.142158
ACGTTCACTATGCCGC-1,0.006754,0.896277,0.096969
ACGTTCCGCGCTCCGT-1,0.000049,0.498811,0.50114
ACGTTCGCAATCAATT-1,0.001405,0.887439,0.111155
ACGTTCGTTCAGGAAA-1,0.008711,0.820187,0.171102
ACGTTCTGTACAAGTC-1,0.031349,0.531443,0.437208
ACGTTGTCGTTGAAAG-1,0.054699,0.735421,0.209881
ACGTTTAGTTGTGATC-1,0.000075,0.54534,0.454585
ACGTTTCGGTGCACTT-1,0.070405,0.431798,0.497797
ACTAAGGACGCACACC-1,0.000025,0.590641,0.409334
ACTAATACGTCAGGCG-1,0.033337,0.602997,0.363666
ACTACAAAGAGAGGTG-1,0.071722,0.8586,0.069677
ACTACATCCCGACAAG-1,0.443056,0.37795,0.178994
ACTACCAGCTCTCTGG-1,0.011019,0.286118,0.702862
ACTACCATCCGAGGGC-1,0.091148,0.534788,0.374064
ACTACGCGTTAGAATT-1,0.000028,0.841995,0.157977
ACTAGTTGCGATCGTC-1,0.030981,0.658766,0.310253
ACTATATGCTGTGTTC-1,0.049576,0.583814,0.366611
ACTATCCAGGGCATGG-1,0.000022,0.833823,0.166156
ACTATCGCCGGCTAAA-1,0.000025,0.455748,0.544227
ACTATCTGCCCGCGTA-1,0.000029,0.39202,0.607952
ACTATGTCCAGCTGCC-1,0.056266,0.91778,0.025954
ACTATTCGTCCGTGGT-1,0.000068,0.53075,0.469182
ACTATTTCCGGGCCCA-1,0.009642,0.945537,0.044821
ACTCAACGAATGTATT-1,0.000049,0.915787,0.084164
ACTCAAGTGCAAGGCT-1,0.151145,0.077953,0.770902
ACTCAATAAAGGCACG-1,0.017366,0.628759,0.353875
ACTCAGACCTGCTTCT-1,0.000047,0.790174,0.209779
ACTCATGGCAGCCTTC-1,0.263627,0.70503,0.031343
ACTCCAATATCATCAT-1,0.112994,0.419356,0.46765
ACTCCCATTCCTAAAG-1,0.102106,0.63326,0.264635
ACTCCCGAATTCGTTT-1,0.271129,0.000416,0.728455
ACTCCCGTAGACTAGG-1,0.050966,0.904292,0.044742
ACTCCCTAATGCTAAA-1,0.000021,0.954077,0.045902
ACTCCCTAGAATAGTA-1,0.001243,0.645521,0.353236
ACTCCGGCCGACCACT-1,0.00438,0.56868,0.42694
ACTCGATGTATTTCAT-1,0.00003,0.850338,0.149632
ACTCGCCGTTCGATAA-1,0.002126,0.929654,0.068219
ACTCGCGATCTGACGC-1,0.000023,0.700099,0.299879
ACTCGTAACCCGTCCT-1,0.006149,0.993806,0.000045
ACTCGTCAGTAATCCC-1,0.00003,0.790844,0.209126
ACTCTAAACCTGGGAT-1,0.047884,0.608992,0.343124
ACTCTCTGACTTAGGT-1,0.000047,0.702157,0.297796
ACTCTCTTATACACGA-1,0.284517,0.031264,0.684219
ACTCTGACCTAATAGA-1,0.114828,0.014839,0.870334
ACTCTTCAGCTCCCGC-1,0.002149,0.821269,0.176582
ACTCTTGTATAGTAAC-1,0.000032,0.840462,0.159507
ACTGAAACGCCGTTAG-1,0.035898,0.541916,0.422186
ACTGAATGGCGAAAGT-1,0.008071,0.44784,0.54409
ACTGATTTAGTGATTC-1,0.307897,0.146692,0.545411
ACTGCCCGCCATTCTC-1,0.127532,0.430417,0.442051
ACTGCCGTCGTAACTC-1,0.000055,0.925729,0.074216
ACTGCGGACACACCGT-1,0.011556,0.382417,0.606027
ACTGCTCGGAAGGATG-1,0.741621,0.045848,0.212531
ACTGGCGAACCTGCGT-1,0.010879,0.062931,0.92619
ACTGGGATGCCAGTGC-1,0.000022,0.498418,0.501561
ACTGTACGATACACAT-1,0.027054,0.171992,0.800954
ACTGTAGCACTTTGGA-1,0.05522,0.632065,0.312715
ACTGTATACGCGAGCA-1,0.000043,0.544068,0.455889
ACTGTCCAGGATTATA-1,0.000077,0.175732,0.824191
ACTGTCTTCTTTAGAA-1,0.000043,0.922249,0.077709
ACTGTGCTAGTAGATC-1,0.091532,0.247883,0.660585
ACTGTTTAGTGTAGGC-1,0.152313,0.000682,0.847005
ACTTACCGGGCGCGCA-1,0.061276,0.561033,0.377692
ACTTACGCATCCACGC-1,0.000062,0.346004,0.653934
ACTTAGTACGACAAGA-1,0.001918,0.638967,0.359115
ACTTATACTTACCCGG-1,0.057899,0.000533,0.941567
ACTTATCTGATCTATA-1,0.566299,0.000666,0.433035
ACTTATTAGGATCGGT-1,0.000064,0.547,0.452936
ACTTATTTATGTGCCA-1,0.140163,0.000408,0.859429
ACTTCAGGCTGATCCC-1,0.012457,0.307628,0.679915
ACTTCCAGTGGAAGCT-1,0.660298,0.275833,0.063869
ACTTCCATGCGGGACA-1,0.060141,0.455796,0.484063
ACTTCGCCATACGCAC-1,0.000049,0.741112,0.258838
ACTTCGCTAGCGAGTG-1,0.000487,0.486394,0.513119
ACTTGACTCCCTCTTT-1,0.010025,0.887469,0.102506
ACTTGCCATATTGTAC-1,0.134082,0.000633,0.865285
ACTTGCTCTATCTACC-1,0.781664,0.000204,0.218132
ACTTGGGACCCGGTGG-1,0.036985,0.208699,0.754316
ACTTGGGCTTTCGCCA-1,0.01503,0.630999,0.353971
ACTTGTAGTCCCTTCA-1,0.003385,0.845867,0.150749
ACTTGTGGATGGAACG-1,0.000045,0.698958,0.300997
ACTTGTTACCGGATCA-1,0.00001,0.97625,0.02374
ACTTTACCCTCATGAA-1,0.017883,0.208382,0.773735
ACTTTATACACCACTT-1,0.77249,0.137963,0.089547
ACTTTCCTATAGCTTC-1,0.012256,0.739485,0.248259
ACTTTGACTGCATCCT-1,0.171808,0.473788,0.354403
ACTTTGGTCGTGCTCC-1,0.671762,0.279112,0.049126
ACTTTGTCGACGCACT-1,0.037524,0.241499,0.720977
AGAAATTATGACTCGC-1,0.004871,0.422821,0.572308
AGAACACGGCGATGGT-1,0.67841,0.098179,0.223411
AGAACCCAGCGTGACA-1,0.04849,0.447168,0.504342
AGAACCCTCAATTGGG-1,0.663189,0.2974,0.039412
AGAACGTGGTACATTC-1,0.000031,0.955385,0.044584
AGAACTGTACTTTGTA-1,0.051289,0.007002,0.941709
AGAAGAGCGCCGTTCC-1,0.000316,0.001893,0.997791
AGAAGGTACACTTCAC-1,0.118397,0.517449,0.364153
AGAAGGTTGCCGAATT-1,0.025828,0.706489,0.267683
AGAAGGTTGTAGGTCG-1,0.042394,0.003177,0.954428
AGAAGTGATTCGTGAT-1,0.108473,0.565183,0.326343
AGAATAAATCTTCAGG-1,0.010018,0.967265,0.022717
AGAATACAGGCTATCC-1,0.24485,0.331606,0.423544
AGAATGCGGGTTCGGA-1,0.060852,0.639227,0.299921
AGAATTATGGATTCGA-1,0.00011,0.388675,0.611215
AGAATTGTTTGACATA-1,0.043794,0.514972,0.441234
AGACAGCTCAGAATCC-1,0.120853,0.304115,0.575033
AGACAGGCATCTCAGC-1,0.000032,0.962607,0.037361
AGACATAGATCCTTCC-1,0.000055,0.763248,0.236697
AGACCAAACCACACCT-1,0.318746,0.570084,0.11117
AGACCATGGGATACAA-1,0.063763,0.550881,0.385355
AGACCCACCGCTGATC-1,0.000048,0.679687,0.320265
AGACCCGCCCTCCTCG-1,0.000052,0.68451,0.315438
AGACCGCTCCGCGGTT-1,0.000044,0.609174,0.390782
AGACCGGGAAACCCTG-1,0.000007,0.938094,0.061899
AGACGAAGTGCCGGTC-1,0.085653,0.2435,0.670847
AGACGACGATGCCGCT-1,0.015691,0.904859,0.07945
AGACGCCCACTTCGCC-1,0.007074,0.616314,0.376611
AGACGGGATTGGTATA-1,0.104628,0.50023,0.395142
AGACGGGCCGATTTAA-1,0.070381,0.613517,0.316102
AGACTAGCCTTCCAGA-1,0.181892,0.169167,0.648941
AGACTGTTACCGGGTC-1,0.000016,0.917353,0.082631
AGAGAAACACCAGAAA-1,0.136354,0.28221,0.581436
AGAGAACCGTCTAGGA-1,0.049173,0.000387,0.950439
AGAGAAGGAGTACAAT-1,0.059959,0.48851,0.451531
AGAGATCTCTAAAGCG-1,0.061068,0.753642,0.18529
AGAGCAGTTATGAGAC-1,0.042357,0.843793,0.11385
AGAGCCGCCGAGATTT-1,0.015785,0.948393,0.035822
AGAGCGCTTGTAACGG-1,0.000031,0.117159,0.88281
AGAGCGGGCTAATCAT-1,0.000045,0.755181,0.244774
AGAGCGTACAAGCTCG-1,0.077462,0.231185,0.691353
AGAGCTACGAAAGCAT-1,0.000038,0.225444,0.774517
AGAGGCTTCGGAAACC-1,0.066406,0.238859,0.694735
AGAGGTATCTCGGTCC-1,0.348824,0.000409,0.650767
AGAGTAAACTTCACTA-1,0.000034,0.910168,0.089799
AGAGTATAGTGTTACG-1,0.000028,0.956389,0.043583
AGAGTCTTAATGAAAG-1,0.022862,0.856461,0.120677
AGAGTTGCAGGCCTCC-1,0.117002,0.001455,0.881542
AGATAACTTCAGGGCC-1,0.085203,0.525527,0.38927
AGATAATCACACCTAT-1,0.93735,0.047206,0.015444
AGATACCAATAGAACC-1,0.008279,0.598865,0.392856
AGATACCAGCACTTCA-1,0.057671,0.000793,0.941536
AGATACCGGTGTTCAC-1,0.026838,0.870842,0.10232
AGATACGACTTCATAT-1,0.000034,0.699159,0.300806
AGATACTCAAGATCGA-1,0.000067,0.328395,0.671538
AGATATAATACGACTA-1,0.00375,0.535981,0.460268
AGATCGTGCATAAGAT-1,0.042422,0.453701,0.503878
AGATCTCAGGTGTGAT-1,0.000036,0.837142,0.162822
AGATCTGGAGAGGATA-1,0.589731,0.386016,0.024253
AGATGACTCGCCCACG-1,0.000041,0.693857,0.306102
AGATGAGGGTTGCGAT-1,0.041157,0.522959,0.435885
AGATGATGGAGTCTGG-1,0.079192,0.00046,0.920348
AGATGCAAGACGTGCA-1,0.123011,0.869385,0.007604
AGATGCATCCTGTGTC-1,0.53653,0.127737,0.335733
AGATGCTATAACGAGC-1,0.007224,0.478732,0.514044
AGATTATAGGACGTTT-1,0.01223,0.714746,0.273023
AGATTCACAACCGATA-1,0.394482,0.49793,0.107588
AGCAAAGGCCGCTAGT-1,0.00002,0.685296,0.314685
AGCAACATATCTTATT-1,0.058511,0.51929,0.422199
AGCAACCGAAAGTAAT-1,0.107122,0.646909,0.245968
AGCACACGTTTAGACT-1,0.023446,0.905133,0.071421
AGCACCAGTACTCACG-1,0.000042,0.536174,0.463784
AGCACTACCGGCCTGT-1,0.034914,0.829915,0.135171
AGCACTACCTCACCAG-1,0.022123,0.296081,0.681796
AGCACTTAAGGACGCC-1,0.000025,0.885132,0.114843
AGCAGAAGGAGAAAGA-1,0.000013,0.883069,0.116918
AGCAGCCAGATGAATA-1,0.020265,0.563321,0.416414
AGCAGTCGAAGCATGC-1,0.052298,0.543272,0.404431
AGCATATCAATATGCT-1,0.015048,0.612978,0.371974
AGCATCATTTCGAAAG-1,0.078089,0.57698,0.344931
AGCATCGTCGATAATT-1,0.000792,0.335691,0.663517
AGCATTACGAGGCAAG-1,0.000028,0.622723,0.377249
AGCCAAGCTTTGTGTC-1,0.00761,0.709594,0.282796
AGCCACAGGTTACCCG-1,0.054746,0.512323,0.43293
AGCCACTCCCGTGCTT-1,0.00007,0.480313,0.519617
AGCCATATAGTATGTG-1,0.008846,0.653007,0.338147
AGCCCATACATGTAAG-1,0.053535,0.756122,0.190344
AGCCCGCAACAAGCAG-1,0.000012,0.970523,0.029465
AGCCCGCACTACAATG-1,0.000186,0.612192,0.387622
AGCCCGGCATTAGAGG-1,0.185836,0.371187,0.442978
AGCCCGGTAGCCTGTA-1,0.043691,0.777805,0.178504
AGCCCTAAGCGAAGTT-1,0.000044,0.562592,0.437363
AGCCCTCCCTGGTGGC-1,0.291503,0.540145,0.168353
AGCCCTGTCGCACCGT-1,0.013779,0.360898,0.625324
AGCCCTTCTAATCCGA-1,0.048666,0.68229,0.269045
AGCCCTTGGACATCCC-1,0.070989,0.647955,0.281056
AGCCGCAAATTCAAAT-1,0.07234,0.722032,0.205628
AGCCGCTTGATTAGCG-1,0.000019,0.891052,0.108929
AGCCGTGGCTAAATGT-1,0.000008,0.999968,0.000024
AGCCTAATACCCACGT-1,0.208054,0.750294,0.041652
AGCCTTAAAGCGGAAG-1,0.000033,0.685485,0.314481
AGCCTTGTCACTGATA-1,0.993976,0.000212,0.005813
AGCGACAGGAACGGTC-1,0.001535,0.928778,0.069688
AGCGACATCCCATTCA-1,0.00006,0.724835,0.275105
AGCGACCAACGATATT-1,0.000037,0.734924,0.265039
AGCGACTTTGAAGACA-1,0.044599,0.434638,0.520763
AGCGAGACGTGAAGGC-1,0.046233,0.752259,0.201508
AGCGATGCGCCTAATA-1,0.000022,0.85286,0.147118
AGCGCATAATGAATCG-1,0.000019,0.924158,0.075823
AGCGCGGGTGCCAATG-1,0.126865,0.000421,0.872714
AGCGCTAGAGCGATGT-1,0.008316,0.447257,0.544426
AGCGCTTATGGGCAAG-1,0.133402,0.558488,0.308109
AGCGGACACTTCGTAG-1,0.007666,0.743499,0.248835
AGCGGCGGTTAGCGGT-1,0.533923,0.219268,0.246809
AGCGGGAAGGGTCCAT-1,0.000046,0.890651,0.109303
AGCGGGTCTGACACTC-1,0.000023,0.984498,0.015479
AGCGGTTGCCGCTCTG-1,0.006922,0.000458,0.99262
AGCGTACGAGAGCTAG-1,0.000017,0.999749,0.000234
AGCGTAGCGCTAGACC-1,0.000063,0.006331,0.993605
AGCGTCTGAACCCGCA-1,0.000037,0.873936,0.126026
AGCGTGGTATTCTACT-1,0.000022,0.847666,0.152312
AGCGTTCCGATTTAAA-1,0.108016,0.564035,0.327949
AGCTAACAAGCAATGT-1,0.061886,0.475368,0.462745
AGCTAAGCTCCGTCCG-1,0.115484,0.533078,0.351438
AGCTAAGTACGCAGGC-1,0.045927,0.579172,0.374902
AGCTACGAATGGTGGT-1,0.005703,0.544471,0.449825
AGCTAGAAGCAGAAGT-1,0.041912,0.574377,0.383711
AGCTATTTAATCCAAC-1,0.000054,0.7585,0.241446
AGCTCCATATATGTTC-1,0.000046,0.771132,0.228822
AGCTCCTTCGCACATC-1,0.000167,0.271109,0.728723
AGCTCGTTGATGGAAA-1,0.00002,0.890782,0.109198
AGCTCTAGACGTTCCA-1,0.000038,0.711769,0.288193
AGCTCTTCCCAGTGCA-1,0.09998,0.00055,0.89947
AGCTCTTCGTAACCTT-1,0.000048,0.725053,0.274899
AGCTCTTTACTCAGTT-1,0.000025,0.803204,0.196772
AGCTGAAGTAAACCAA-1,0.000098,0.005402,0.994501
AGCTGTAACCTCAATC-1,0.063739,0.733136,0.203125
AGCTTATAGAGACCTG-1,0.000052,0.824581,0.175366
AGCTTCAATACTTTGA-1,0.076462,0.387247,0.53629
AGCTTCTTCTCGAGCA-1,0.004981,0.323074,0.671946
AGCTTGATCAGGGTAG-1,0.787261,0.000387,0.212352
AGCTTGATCTTAACTT-1,0.066378,0.381043,0.552578
AGGAAAGCCTCTGATG-1,0.000037,0.759845,0.240118
AGGAACGAACGACTTC-1,0.009161,0.97854,0.012298
AGGAAGCTGTCCGCCG-1,0.000019,0.972804,0.027176
AGGACAGTCGAATCCC-1,0.023789,0.031964,0.944247
AGGACATCGCACGTCG-1,0.006783,0.278259,0.714957
AGGACATCGGCACACT-1,0.012582,0.65338,0.334038
AGGACGACCCATTAGA-1,0.02186,0.640558,0.337582
AGGACGCTCGATGTTG-1,0.025753,0.442306,0.531941
AGGACTTATAGGAGAA-1,0.000024,0.985563,0.014413
AGGAGACATCCACAGT-1,0.000043,0.06901,0.930947
AGGAGAGTCTGGCTAC-1,0.000012,0.876646,0.123342
AGGAGCGTTTATTATC-1,0.013486,0.637727,0.348787
AGGAGGCCTTCGCGCG-1,0.072934,0.116642,0.810424
AGGATAAAGTCGGGAT-1,0.000019,0.98218,0.017801
AGGATATAGGGATTTA-1,0.026714,0.537773,0.435513
AGGATATCCGACTGCA-1,0.030199,0.483863,0.485938
AGGATCACGCGATCTG-1,0.074115,0.70219,0.223695
AGGATTGCTTACGACA-1,0.000025,0.973932,0.026043
AGGCAAAGAGGAATCA-1,0.134154,0.000498,0.865349
AGGCAATACGGAGGAC-1,0.00002,0.859446,0.140534
AGGCACGTGACTGTCC-1,0.000015,0.994337,0.005648
AGGCAGATGCGTAAAC-1,0.019216,0.008305,0.972479
AGGCAGGGAGCGTACT-1,0.000014,0.978147,0.021838
AGGCATTGTCGTAGGG-1,0.051159,0.004218,0.944623
AGGCCACATTGGTTAC-1,0.07671,0.707246,0.216044
AGGCCACCCGTTATGA-1,0.000042,0.591913,0.408045
AGGCCCAGTGACTGGT-1,0.000049,0.384231,0.61572
AGGCCCATTGTACAGG-1,0.009266,0.373142,0.617592
AGGCCCTAGAACGCCA-1,0.160631,0.47109,0.368279
AGGCCTATCATACCAA-1,0.024819,0.624715,0.350466
AGGCCTGAGAATCTCG-1,0.017012,0.135573,0.847414
AGGCGATAACTGGCGT-1,0.00002,0.931117,0.068863
AGGCGGTTTGTCCCGC-1,0.186793,0.545567,0.26764
AGGCGTCTATGGACGG-1,0.104469,0.186731,0.708799
AGGCTATGGTTAGCTT-1,0.017845,0.617234,0.364921
AGGCTTAAGTTGCACA-1,0.004636,0.09501,0.900353
AGGCTTCCCGAAGAAG-1,0.001626,0.935464,0.06291
AGGCTTGCTAGACACC-1,0.074608,0.42493,0.500462
AGGGAAACGAGGTACT-1,0.123168,0.000533,0.876298
AGGGACAGCACGGCGG-1,0.010524,0.033167,0.956308
AGGGACCGGCTGCGTT-1,0.008672,0.70782,0.283508
AGGGACTCTACGCGAC-1,0.027945,0.720772,0.251283
AGGGAGACATACTTCG-1,0.000052,0.759108,0.240839
AGGGCAGCGGCGTGGT-1,0.222572,0.0005,0.776928
AGGGCCCTAATGTTCT-1,0.065211,0.621149,0.31364
AGGGCGAGCAGCTGAT-1,0.033306,0.955232,0.011461
AGGGCGTGATCGGCTA-1,0.000057,0.207875,0.792069
AGGGCTGCAGTTACAG-1,0.00692,0.928449,0.064632
AGGGTCAGAGCACTCG-1,0.000179,0.990416,0.009405
AGGGTCAGTAACCCTA-1,0.212127,0.415561,0.372312
AGGGTCGATGCGAACT-1,0.037081,0.443125,0.519794
AGGGTCTGGACGCAGT-1,0.000007,0.949974,0.050019
AGGGTGCCGTTCTTTA-1,0.10235,0.592233,0.305416
AGGGTGCTCTCGAGGG-1,0.035697,0.000429,0.963873
AGGGTGGATAGTGCAT-1,0.006809,0.888866,0.104325
AGGGTTCAGACGGTCC-1,0.052417,0.937505,0.010078
AGGGTTCCCTTTGGTT-1,0.007415,0.000546,0.992039
AGGGTTTAGTTCGGGA-1,0.017418,0.827248,0.155334
AGGTAACCTCCTATTC-1,0.000045,0.781088,0.218868
AGGTACGATATTGCCA-1,0.003485,0.000753,0.995762
AGGTAGATCGAGATAT-1,0.08192,0.601925,0.316155
AGGTAGGTACAAAGCT-1,0.048882,0.825335,0.125783
AGGTATAATTGATAGT-1,0.000045,0.59354,0.406415
AGGTATGCGGACATTA-1,0.031694,0.597086,0.37122
AGGTCAGGTGAGAGTG-1,0.11951,0.539006,0.341483
AGGTCGCCACTTCGGT-1,0.019382,0.005166,0.975453
AGGTCGCCTCCCAACA-1,0.004035,0.477911,0.518054
AGGTCGCGGAGTTACT-1,0.040722,0.20898,0.750298
AGGTGCACGTCCACAT-1,0.000008,0.990614,0.009378
AGGTGGTGACCTTCGC-1,0.028953,0.390335,0.580712
AGGTGTATCGCCATGA-1,0.000029,0.891356,0.108616
AGGTGTTGCCGACCAC-1,0.027399,0.611681,0.36092
AGGTTACACCATGCCG-1,0.036426,0.44596,0.517614
AGGTTCTCCTTTCCGG-1,0.770812,0.00022,0.228968
AGGTTGAGGCACGCTT-1,0.000031,0.787335,0.212633
AGGTTTCACACACCTT-1,0.007107,0.739992,0.252901
AGTAACGTTCATCCTG-1,0.067993,0.520292,0.411714
AGTAACTATAGCAGCC-1,0.000799,0.544395,0.454807
AGTAAGGGACAGAATC-1,0.000006,0.817078,0.182916
AGTAATGTCTTGCCGC-1,0.000072,0.380079,0.619849
AGTAATTTGCAAGCGT-1,0.692021,0.000201,0.307778
AGTACAGAAGCTTATA-1,0.000823,0.042497,0.95668
AGTACATCATTTATCA-1,0.017426,0.004555,0.978019
AGTACCTTCGAGTGCT-1,0.083075,0.678491,0.238433
AGTACGGCCCGTATCG-1,0.16124,0.715403,0.123357
AGTACGGGCACCTGGC-1,0.016239,0.569869,0.413892
AGTACGTGGCCTGTCT-1,0.103354,0.522044,0.374602
AGTACTCTTATGCCCA-1,0.019529,0.441591,0.53888
AGTAGAAGGCGCCTCA-1,0.021238,0.319044,0.659718
AGTAGCGTGAACGAAC-1,0.070338,0.178794,0.750867
AGTAGGAAGGAAGTTG-1,0.079034,0.595945,0.325021
AGTAGGTAACATACAT-1,0.000066,0.521764,0.47817
AGTATAATACTAGGCA-1,0.005364,0.713712,0.280924
AGTATACACAGCGACA-1,0.007282,0.770487,0.222231
AGTATCCATAATAACG-1,0.000055,0.83397,0.165976
AGTATGCTGGAGACCA-1,0.004895,0.960187,0.034919
AGTATTTGGCACGACC-1,0.000034,0.696966,0.303
AGTCAAATGATGTGAT-1,0.081164,0.612462,0.306375
AGTCAACACCACCATC-1,0.06445,0.559506,0.376044
AGTCAAGATGACACTT-1,0.129384,0.000469,0.870147
AGTCACTAGCTCTCGA-1,0.065529,0.000555,0.933916
AGTCACTCCGCCTCAT-1,0.000042,0.801549,0.198409
AGTCAGCCACCGCCTG-1,0.000069,0.273257,0.726673
AGTCCAGCGGGTACGT-1,0.002885,0.103794,0.893321
AGTCCATTGGCTGATG-1,0.304276,0.000279,0.695446
AGTCCCGCCTTTAATT-1,0.206259,0.195951,0.59779
AGTCCCTCGCAGAAAG-1,0.010856,0.530853,0.458292
AGTCGAAACGATTCAG-1,0.973747,0.000121,0.026132
AGTCGAATTAGCGTAA-1,0.045116,0.588728,0.366155
AGTCGACGGTCTCAAG-1,0.047238,0.151368,0.801393
AGTCGGCCCAAACGAC-1,0.000797,0.473049,0.526154
AGTCGGCTCAACTTTA-1,0.076779,0.539692,0.383529
AGTCGGTTGCGTGAGA-1,0.000018,0.830998,0.168983
AGTCGTATAAAGCAGA-1,0.042952,0.000275,0.956773
AGTCGTCGACCACCAA-1,0.057707,0.620132,0.322161
AGTCGTGGGCATTACG-1,0.066093,0.2988,0.635107
AGTCTAAAGTATACTC-1,0.017005,0.929571,0.053423
AGTCTCACAAGACTAC-1,0.012624,0.897831,0.089545
AGTCTGGACATCCTTG-1,0.071529,0.386965,0.541506
AGTCTTCTCCTCAAAT-1,0.000068,0.376934,0.622998
AGTCTTTAAAGTGTCC-1,0.028466,0.069914,0.90162
AGTGAACAAACTTCTC-1,0.083575,0.000278,0.916147
AGTGAAGATGGTGTCC-1,0.049112,0.732447,0.218441
AGTGACCTACTTTACG-1,0.041235,0.769845,0.188921
AGTGACTGTGACACAA-1,0.150412,0.390735,0.458853
AGTGAGACTTCCAGTA-1,0.05836,0.000482,0.941158
AGTGAGCCTCGCCGCC-1,0.096777,0.238386,0.664837
AGTGAGGGTTTCTGAC-1,0.209161,0.001266,0.789573
AGTGAGTCGAATTAAC-1,0.000023,0.642873,0.357104
AGTGATAACCTGCGCG-1,0.017926,0.46027,0.521804
AGTGATATGAGTAGTT-1,0.014825,0.702694,0.282481
AGTGATTCAAGCAGGA-1,0.095118,0.062064,0.842819
