Barcode,Topic 1,Topic 2to4,Topic 5to9,Topic 10to12
AAACAAGTATCTCCCA-1,0.00001,0.063593,0.900065,0.036332
AAACAATCTACTAGCA-1,0.000019,0.000056,0.931423,0.068503
AAACACCAATAACTGC-1,0.997613,0.000651,0.001085,0.000651
AAACAGAGCGACTCCT-1,0.000064,0.670173,0.221148,0.108614
AAACAGGGTCTATATT-1,0.062894,0.190352,0.490005,0.256749
AAACAGTGTTCCTGGG-1,0.81088,0.178517,0.010512,0.000092
AAACATTTCCCGGATT-1,0.000017,0.071834,0.63788,0.290268
AAACCCGAACGAAATC-1,0.000037,0.667039,0.035881,0.297043
AAACCGGGTAGGTACC-1,0.321351,0.014152,0.500299,0.164198
AAACCGTTCGTCCAGG-1,0.636487,0.363278,0.000147,0.000088
AAACCTAAGCAGCCGG-1,0.011087,0.000031,0.294559,0.694323
AAACCTCATGAAGTTG-1,0.279233,0.142454,0.181827,0.396486
AAACGAAGAACATACC-1,0.000011,0.20837,0.779986,0.011633
AAACGAGACGGTTGAT-1,0.085457,0.037381,0.656433,0.22073
AAACGGGCGTACGGGT-1,0.00002,0.153045,0.140159,0.706776
AAACGGGTTGGTATCC-1,0.000049,0.550249,0.083036,0.366666
AAACGGTTGCGAACTG-1,0.019328,0.037602,0.186351,0.756719
AAACTCGGTTCGCAAT-1,0.165277,0.080094,0.000156,0.754472
AAACTGCTGGCTCCAA-1,0.028411,0.387117,0.100019,0.484454
AAACTTAATTGCACGC-1,0.832207,0.000106,0.000176,0.167511
AAACTTGCAAACGTAT-1,0.249728,0.0002,0.427115,0.322957
AAAGAATGTGGACTAA-1,0.00001,0.004146,0.764589,0.231255
AAAGACCCAAGTCGCG-1,0.000012,0.161295,0.745411,0.093282
AAAGACTGGGCGCTTT-1,0.107805,0.155225,0.366848,0.370123
AAAGGCCCTATAATAC-1,0.740445,0.255276,0.000167,0.004112
AAAGGCTACGGACCAT-1,0.25717,0.035138,0.065413,0.64228
AAAGGCTCTCGCGCCG-1,0.193153,0.076062,0.033732,0.697053
AAAGGGATGTAGCAAG-1,0.004338,0.033471,0.48491,0.477281
AAAGGGCAGCTTGAAT-1,0.125005,0.171565,0.593833,0.109598
AAAGTAGCATTGCTCA-1,0.756525,0.232724,0.000226,0.010525
AAAGTCACTGATGTAA-1,0.000022,0.000066,0.948829,0.051083
AAAGTCGACCCTCAGT-1,0.064666,0.163637,0.572153,0.199545
AAAGTGTGATTTATCT-1,0.011441,0.27565,0.249306,0.463603
AAAGTTGACTCCCGTA-1,0.000608,0.09081,0.523524,0.385058
AAATAACCATACGGGA-1,0.000011,0.000665,0.999292,0.000032
AAATACCTATAAGCAT-1,0.015854,0.142468,0.439771,0.401906
AAATAGCTTAGACTTT-1,0.000014,0.000041,0.753082,0.246863
AAATAGGGTGCTATTG-1,0.020529,0.000025,0.749734,0.229712
AAATCCGATACACGCC-1,0.000012,0.000037,0.24442,0.75553
AAATCGTGTACCACAA-1,0.09505,0.227993,0.105411,0.571546
AAATCTAGCCCTGCTA-1,0.000016,0.007263,0.734866,0.257855
AAATGACTGATCAAAC-1,0.20851,0.002508,0.218018,0.570964
AAATGCTCGTTACGTT-1,0.000028,0.007831,0.96891,0.023231
AAATGGCATGTCTTGT-1,0.000029,0.000088,0.808097,0.191786
AAATGGCCCGTGCCCT-1,0.408888,0.410456,0.067536,0.11312
AAATGGTCAATGTGCC-1,0.041643,0.260133,0.447715,0.250509
AAATGTGGGTGCTCCT-1,0.01081,0.187045,0.408198,0.393947
AAATTAACGGGTAGCT-1,0.015263,0.102377,0.577117,0.305243
AAATTACACGACTCTG-1,0.000012,0.049873,0.950078,0.000037
AAATTACCTATCGATG-1,0.020107,0.0071,0.857407,0.115386
AAATTCCAGGTCCAAA-1,0.016161,0.74814,0.165484,0.070214
AAATTGATAGTCCTTT-1,0.363577,0.000068,0.268695,0.36766
AAATTGCGGCGGTTCT-1,0.002576,0.257829,0.677207,0.062388
AAATTTGCGGGTGTGG-1,0.733579,0.091049,0.093423,0.081949
AACAACTGGTAGTTGC-1,0.000017,0.004053,0.873614,0.122315
AACAATACATTGTCGA-1,0.872372,0.056429,0.000197,0.071002
AACAATTACTCTACGC-1,0.020126,0.249508,0.670831,0.059535
AACACACGCTCGCCGC-1,0.000016,0.055877,0.603723,0.340385
AACACGACTGTACTGA-1,0.000048,0.115024,0.581065,0.303863
AACACGAGACGCGGCC-1,0.103489,0.096634,0.72553,0.074347
AACACGCGGCCGCGAA-1,0.06773,0.108194,0.801823,0.022253
AACAGCTGTGTGGCAA-1,0.840836,0.00013,0.049496,0.109539
AACAGGAAATCGAATA-1,0.000016,0.288835,0.670477,0.040673
AACAGGATGGGCCGCG-1,0.045255,0.004118,0.94022,0.010407
AACAGGTAGTATGGAT-1,0.05295,0.946653,0.000248,0.000149
AACATAGCGTGTATCG-1,0.003998,0.028061,0.189125,0.778815
AACATATCAACTGGTG-1,0.000014,0.001323,0.994942,0.003721
AACATTGAAGTTGATC-1,0.846415,0.000098,0.00042,0.153067
AACATTGGTCAGCCGT-1,0.020486,0.906232,0.073089,0.000193
AACATTGTGACTCGAG-1,0.304177,0.177671,0.005549,0.512603
AACCAAGACTTCTCTG-1,0.095862,0.137109,0.432367,0.334662
AACCATAGGGTTGAAC-1,0.496,0.084937,0.1816,0.237463
AACCATGGGATCGCTA-1,0.006646,0.659009,0.205831,0.128514
AACCCAGAGACGGAGA-1,0.000017,0.028669,0.952761,0.018554
AACCCATCCCATGATC-1,0.314695,0.305092,0.037712,0.3425
AACCCGACAACCCGTG-1,0.64544,0.292798,0.001345,0.060417
AACCCGAGCAGAATCG-1,0.02735,0.972307,0.000215,0.000129
AACCCGCTGTATTCCA-1,0.105205,0.159508,0.110696,0.624591
AACCCTACTGTCAATA-1,0.000018,0.001698,0.778512,0.219771
AACCCTGGTGGAACCA-1,0.022094,0.233343,0.707206,0.037357
AACCGAGCTTGGTCAT-1,0.034035,0.032806,0.526569,0.40659
AACCGCTAAGGGATGC-1,0.00002,0.456163,0.207639,0.336177
AACCGTTGTGTTTGCT-1,0.102028,0.465366,0.373474,0.059133
AACCTCGCTTTAGCCC-1,0.000015,0.081431,0.127091,0.791463
AACCTTTAAATACGGT-1,0.04797,0.000142,0.395367,0.556521
AACCTTTACGACGTCT-1,0.000021,0.000064,0.999375,0.00054
AACGATAATGCCGTAG-1,0.109755,0.001585,0.118213,0.770447
AACGATAGAAGGGCCG-1,0.060286,0.064505,0.803882,0.071327
AACGATATGTCAACTG-1,0.000011,0.000033,0.848308,0.151648
AACGCATGATCTGGGT-1,0.000056,0.999494,0.000281,0.000169
AACGCGAACGGCAACA-1,0.01988,0.069672,0.80991,0.100538
AACGCGACCTTGGGCG-1,0.186191,0.088001,0.39562,0.330189
AACGCGGTCTCCAGCC-1,0.038446,0.406649,0.299832,0.255073
AACGCTGTTGCTGAAA-1,0.000014,0.285019,0.60437,0.110596
AACGGACGTACGTATA-1,0.00002,0.064688,0.442353,0.49294
AACGGCCATCTCCGGT-1,0.493393,0.506383,0.00014,0.000084
AACGTACTGTGGGTAC-1,0.357196,0.642441,0.000227,0.000136
AACGTAGTCTACCCAT-1,0.06086,0.660848,0.256566,0.021726
AACGTCAGACTAGTGG-1,0.053567,0.025658,0.732528,0.188247
AACGTCGCTGCACTTC-1,0.001406,0.242141,0.561003,0.19545
AACGTGATGAAGGACA-1,0.000032,0.076567,0.636849,0.286552
AACGTGCGAAAGTCTC-1,0.02954,0.160579,0.35767,0.452211
AACTACCCGTTTGTCA-1,0.000065,0.76832,0.000325,0.23129
AACTAGCGTATCGCAC-1,0.000039,0.206595,0.660121,0.133246
AACTAGGCTTGGGTGT-1,0.062462,0.30549,0.234692,0.397356
AACTCAAGTTAATTGC-1,0.138039,0.179709,0.169793,0.512459
AACTCCAGAGCGTGTT-1,0.018974,0.004493,0.381056,0.595477
AACTCCTAATCCCATG-1,0.000033,0.519265,0.416091,0.064611
AACTCGATGGCGCAGT-1,0.000021,0.059631,0.940285,0.000063
AACTCTCAATAGAGCG-1,0.042042,0.332741,0.464014,0.161204
AACTCTCAGTGTGCTC-1,0.367901,0.021742,0.503559,0.106798
AACTGATATTAGGCCT-1,0.000032,0.442307,0.348545,0.209116
AACTGGGTCCCGACGT-1,0.00001,0.000031,0.766459,0.2335
AACTGGTGTGGGCCTT-1,0.000024,0.097328,0.805416,0.097232
AACTTCTGCGTCTATC-1,0.038918,0.42542,0.530786,0.004877
AACTTGCCCGTATGCA-1,0.097662,0.542669,0.215645,0.144024
AACTTGCGTTCTCGCG-1,0.022515,0.029954,0.911283,0.036248
AACTTTAGCTGCTGAG-1,0.000026,0.235775,0.757106,0.007093
AAGAAGGATCAGTTAG-1,0.005548,0.730758,0.219574,0.044119
AAGACATACGTGGTTT-1,0.002734,0.943251,0.000181,0.053834
AAGACCCAACTGAACA-1,0.342296,0.00098,0.000168,0.656555
AAGACTAACCCGTTGT-1,0.000028,0.229717,0.768591,0.001664
AAGACTGCAAGCTACT-1,0.000082,0.000247,0.000411,0.99926
AAGAGATGAATCGGTA-1,0.149821,0.183489,0.633663,0.033027
AAGAGCTCTTTATCGG-1,0.001874,0.000038,0.840389,0.157699
AAGAGGATGTACGCGA-1,0.179818,0.031458,0.527474,0.261249
AAGAGGCATGGATCGC-1,0.022395,0.398892,0.190205,0.388508
AAGAGGCCCTTTGGAA-1,0.00004,0.428818,0.120756,0.450386
AAGATGGCACCGGACC-1,0.754735,0.132787,0.00022,0.112259
AAGATTGGCGGAACGT-1,0.000014,0.000041,0.934712,0.065233
AAGCACCCTGCGTATC-1,0.080483,0.040774,0.170501,0.708242
AAGCATACTCTCCTGA-1,0.053148,0.089318,0.437127,0.420408
AAGCCACTTGCAGGTA-1,0.996474,0.000077,0.000129,0.003319
AAGCCGAAGCGGTTTA-1,0.000018,0.000054,0.866078,0.13385
AAGCCGCCGTGAAATC-1,0.734009,0.205638,0.060199,0.000154
AAGCGCAGGGCTTTGA-1,0.142522,0.064913,0.000195,0.792369
AAGCGTCCCTCATCGA-1,0.74863,0.033231,0.164858,0.053281
AAGCTAGATCGAGTAA-1,0.025372,0.015736,0.410137,0.548755
AAGCTCGTGCCAAGTC-1,0.019134,0.204555,0.416293,0.360018
AAGCTCTTTCATGGTG-1,0.000542,0.039745,0.285905,0.673808
AAGGAGAACTTATAAG-1,0.000021,0.143163,0.824476,0.03234
AAGGAGCGGTTGGTGC-1,0.060539,0.130906,0.607941,0.200615
AAGGATCGATCGCTTG-1,0.00006,0.104597,0.285591,0.609752
AAGGATGAGGGACCTC-1,0.000018,0.019006,0.825715,0.155261
AAGGCGCGTAAAGCTT-1,0.041574,0.119842,0.720667,0.117918
AAGGCTGTGCTCATCG-1,0.019626,0.000053,0.963544,0.016777
AAGGGAACGACTGGCT-1,0.665456,0.012894,0.143545,0.178106
AAGGGACAGATTCTGT-1,0.000012,0.107914,0.799203,0.092871
AAGGGACTATGCATTC-1,0.849228,0.150209,0.000352,0.000211
AAGGTATCCTAATATA-1,0.000009,0.130268,0.815168,0.054555
AAGGTGATAAACCAGC-1,0.000017,0.004412,0.63514,0.360432
AAGTAAGCTTCCAAAC-1,0.061024,0.232749,0.678593,0.027635
AAGTAGAAGACCGGGT-1,0.036347,0.157459,0.770244,0.03595
AAGTAGTGACGCGAGG-1,0.043314,0.368634,0.412728,0.175325
AAGTCAATTGTCGTCA-1,0.000025,0.168791,0.571225,0.259959
AAGTGACGACCGAATT-1,0.08514,0.000046,0.759595,0.15522
AAGTGAGTCGGGTTTA-1,0.49319,0.070842,0.300186,0.135781
AAGTGCCTTGACTGTA-1,0.000014,0.009743,0.949427,0.040816
AAGTGCGTTAGAATCT-1,0.269639,0.244209,0.477101,0.00905
AAGTGCTTCTCTATTG-1,0.756887,0.130901,0.074963,0.037249
AAGTGTTTGGAGACGG-1,0.072115,0.007682,0.443406,0.476797
AAGTTCACTCCAAGCT-1,0.115366,0.025867,0.31148,0.547287
AAGTTCAGTCTGCGTA-1,0.000052,0.632297,0.346658,0.020993
AAGTTCGGCCAACAGG-1,0.548868,0.12432,0.263192,0.063619
AAGTTGTGATGTTATA-1,0.036555,0.01159,0.716588,0.235267
AAGTTTACTAATGGCA-1,0.000015,0.000046,0.999894,0.000046
AAGTTTATGGGCCCAA-1,0.008594,0.013862,0.142273,0.83527
AATAACAACGCTCGGC-1,0.086898,0.731699,0.034147,0.147256
AATAACACTAGAACAA-1,0.527643,0.419555,0.000214,0.052588
AATAACGTCGCGCCCA-1,0.017882,0.981994,0.000078,0.000047
AATAAGTCCTCGAGAC-1,0.000025,0.023125,0.819553,0.157296
AATACAATGTTTCAGG-1,0.00001,0.125399,0.820802,0.053789
AATACCGGAGGGCTGT-1,0.427071,0.000067,0.504768,0.068094
AATACCTGATGTGAAC-1,0.000012,0.310708,0.489886,0.199393
AATAGAACAGAGTGGC-1,0.59652,0.40321,0.000168,0.000102
AATAGAATCTGTTTCA-1,0.009602,0.003477,0.530012,0.456908
AATAGTCCGTCCCGAC-1,0.164568,0.35112,0.020453,0.463859
AATATCAAGGTCGGAT-1,0.000018,0.062158,0.932844,0.00498
AATATCGAATCAATGC-1,0.000038,0.123061,0.35172,0.525182
AATATCGAGGGTTCTC-1,0.000025,0.000074,0.876726,0.123176
AATATTGGAGTATTGA-1,0.041556,0.042208,0.841295,0.074941
AATCAGACTGCAGGAC-1,0.00003,0.012174,0.878545,0.109251
AATCAGGTTTCATTTA-1,0.783174,0.116893,0.085083,0.01485
AATCATGTAAAGACTC-1,0.000028,0.000496,0.517595,0.481881
AATCCAAGGGCCTGAG-1,0.037637,0.142575,0.769524,0.050264
AATCCATGCAAGGGTG-1,0.000025,0.106709,0.830183,0.063082
AATCCCGCTCAGAGCC-1,0.284078,0.165755,0.000254,0.549913
AATCGAGGTCTCAAGG-1,0.089097,0.019072,0.057085,0.834746
AATCGCCTCAGCGCCA-1,0.000007,0.001414,0.705161,0.293418
AATCGCGCAGAGGACT-1,0.03263,0.771921,0.000232,0.195217
AATCGGGACACTACGA-1,0.015389,0.174219,0.509807,0.300585
AATCGGTATAGCCCTC-1,0.000032,0.283514,0.394134,0.32232
AATCGTGAGCCGAGCA-1,0.000007,0.01282,0.659676,0.327497
AATCTAGGTTTACTTG-1,0.477774,0.153386,0.000349,0.368491
AATCTATGCCGGAGCC-1,0.000096,0.551171,0.000482,0.44825
AATCTGCGTTGGGACG-1,0.000026,0.07252,0.628183,0.299271
AATCTGGCTTTCTAGT-1,0.16754,0.069254,0.489451,0.273755
AATGACAGCAATGTCT-1,0.210126,0.16289,0.563565,0.063419
AATGACGTAGGATGTC-1,0.008869,0.002773,0.471598,0.51676
AATGACTGTCAGCCGG-1,0.038266,0.000129,0.549558,0.412047
AATGAGTTCGCATATG-1,0.000023,0.176038,0.820285,0.003654
AATGATGATACGCTAT-1,0.000018,0.303468,0.686221,0.010292
AATGATGCGACTCCTG-1,0.000024,0.09855,0.79009,0.111336
AATGCAACCGGGTACC-1,0.155541,0.219969,0.535454,0.089036
AATGCACCAAGCAATG-1,0.000021,0.082643,0.851651,0.065685
AATGGTCCACCGTTCA-1,0.238861,0.164174,0.304393,0.292572
AATGGTTCTCACAAGC-1,0.068294,0.18588,0.649615,0.096211
AATGTGCCCGAGGTGT-1,0.851938,0.053161,0.071623,0.023278
AATGTGCTAATCTGAG-1,0.545222,0.161865,0.127338,0.165576
AATGTTAAGACCCTGA-1,0.030018,0.014536,0.003173,0.952273
AATGTTGTCGTGAGAC-1,0.000029,0.415042,0.204898,0.380031
AATTAAAGGTCGGCGT-1,0.203116,0.327622,0.001176,0.468086
AATTAACGGATTTCCA-1,0.074639,0.085327,0.227294,0.612739
AATTAGCGCTGCAGCG-1,0.095733,0.013098,0.67632,0.21485
AATTATACCCAGCAAG-1,0.031709,0.173574,0.268681,0.526036
AATTCATAAGGGATCT-1,0.00003,0.262835,0.654071,0.083064
AATTCCAAGCATGTAC-1,0.265347,0.392664,0.000203,0.341786
AATTCGATTCGAGGAT-1,0.011098,0.070455,0.351253,0.567194
AATTCTAGAGTTAGGC-1,0.026153,0.023948,0.102319,0.84758
AATTGAACGCTCTGGT-1,0.000012,0.231227,0.38047,0.388291
AATTGCAGCAATCGAC-1,0.000013,0.000039,0.774835,0.225113
AATTTGGGACATAGTA-1,0.000044,0.518365,0.401624,0.079968
AATTTGGTTCCAAAGA-1,0.000134,0.012199,0.352525,0.635143
ACAAACCATGCGTCCT-1,0.769042,0.061463,0.000149,0.169347
ACAAACTCCATCAGAG-1,0.770693,0.068771,0.000331,0.160205
ACAAAGCATGACCTAG-1,0.000007,0.000022,0.723387,0.276584
ACAAATCGCACCGAAT-1,0.000012,0.318012,0.261564,0.420412
ACAAATGGTAGTGTTT-1,0.00001,0.023371,0.66811,0.308509
ACAACAGCATGAGCTA-1,0.047533,0.208844,0.450519,0.293104
ACAACGGTCCCTGCGA-1,0.000027,0.282243,0.670166,0.047564
ACAAGCAGTGCCTAGC-1,0.044164,0.023251,0.930252,0.002333
ACAAGGAAATCCGCCC-1,0.000013,0.014103,0.724297,0.261587
ACAAGGACAAGAGGTT-1,0.025184,0.118455,0.708772,0.14759
ACAAGGATGCTTTAGG-1,0.000022,0.064532,0.094688,0.840758
ACAAGGGCAGGCTCTG-1,0.000014,0.015008,0.625136,0.359842
ACAATAGTCGTACGTT-1,0.103475,0.328676,0.227965,0.339884
ACAATCCATTTAAACC-1,0.170822,0.230294,0.371407,0.227476
ACAATCGATCTTTATA-1,0.027639,0.325378,0.226064,0.420919
ACAATGAATACGGAGA-1,0.785688,0.000217,0.000362,0.213733
ACAATTGTGTCTCTTT-1,0.000026,0.000587,0.66129,0.338097
ACAATTTGAGCAGTGG-1,0.00002,0.412658,0.351589,0.235733
ACACAAAGACGGGTGG-1,0.133718,0.286854,0.3735,0.205928
ACACACCAGGACCAGT-1,0.000027,0.244184,0.305308,0.450481
ACACACTTTCTACACG-1,0.000035,0.01549,0.781032,0.203442
ACACATGATCAAATCT-1,0.916659,0.079424,0.000191,0.003726
ACACATTTCCGTAGAC-1,0.098457,0.326368,0.00425,0.570925
ACACCCAGCATGCAGC-1,0.021996,0.069282,0.732084,0.176638
ACACCCGAGAAATCCG-1,0.040743,0.293675,0.494956,0.170626
ACACCGGTCTGACCGC-1,0.85,0.009981,0.000278,0.139741
ACACCTTAAGTAGGGC-1,0.039503,0.347826,0.538284,0.074388
ACACCTTACTACTTGC-1,0.000049,0.970535,0.02927,0.000147
ACACGAGACTCCTTCT-1,0.02496,0.630762,0.317653,0.026625
ACACGGCACTATGCAT-1,0.000019,0.014095,0.985829,0.000057
ACACGGGAACTTAGGG-1,0.097453,0.006787,0.604237,0.291523
ACACGTAGGCCACAAG-1,0.053036,0.700739,0.109261,0.136963
ACACTCCAATGTCACT-1,0.000026,0.520325,0.425218,0.054431
ACACTGATCAAGGTGT-1,0.439046,0.560538,0.00026,0.000156
ACACTGGGACAGTCGT-1,0.00746,0.777709,0.000319,0.214512
ACAGAACTGAGAACAA-1,0.533544,0.435946,0.000259,0.030251
ACAGATTAGGTTAGTG-1,0.000035,0.211079,0.778611,0.010275
ACAGCATAGAGCCAGT-1,0.044222,0.185329,0.617271,0.153178
ACAGCGACATTCTCAT-1,0.00002,0.000285,0.748368,0.251328
ACAGCGCACCCGCAGC-1,0.000029,0.052639,0.819187,0.128145
ACAGGCACGGATCCTT-1,0.000013,0.07505,0.53249,0.392446
ACAGGCTTGCCCGACT-1,0.000007,0.020762,0.605484,0.373747
ACAGGTGGAGGTGAGG-1,0.577416,0.000072,0.418499,0.004014
ACAGTAATACAACTTG-1,0.225908,0.008525,0.103933,0.661634
ACATAATAAGGCGGTG-1,0.014925,0.179052,0.372971,0.433052
ACATACAATCAAGCGG-1,0.001295,0.117077,0.473974,0.407654
ACATCAGCTGGGACGC-1,0.06187,0.286264,0.591102,0.060764
ACATCCCGGCCATACG-1,0.086208,0.729107,0.014162,0.170523
ACATCCTGGTAACTGT-1,0.039508,0.126649,0.794844,0.038999
ACATCGATCGTTTACC-1,0.000904,0.000096,0.310003,0.688998
ACATCGGTCAGCCGCG-1,0.15712,0.671929,0.142362,0.028589
ACATCGTATGCAATGG-1,0.097295,0.09967,0.316327,0.486708
ACATCGTTAACCTAGT-1,0.000019,0.008108,0.991816,0.000056
ACATCTCAACGCGTAA-1,0.000441,0.485279,0.420068,0.094212
ACATGCTTACGGCAGC-1,0.831494,0.030908,0.01297,0.124628
ACATGGCGCCAAAGTA-1,0.000014,0.000193,0.939825,0.059967
ACATGGCTCAATTTAG-1,0.000011,0.056252,0.943702,0.000034
ACATTAGTTTATATCC-1,0.021513,0.101024,0.723877,0.153586
ACATTCGCGCGGAATA-1,0.840475,0.013207,0.131048,0.01527
ACATTTGAAACCTAAC-1,0.000008,0.003135,0.734766,0.262091
ACCAAACTAGAAATCC-1,0.00433,0.783428,0.128458,0.083784
ACCAACCGCACTCCAC-1,0.000011,0.146898,0.615505,0.237587
ACCAACGCTTATTTAT-1,0.378899,0.59171,0.029279,0.000112
ACCAAGAACGCGTGTC-1,0.049065,0.324992,0.426433,0.19951
ACCAAGTCATCGGCAG-1,0.000021,0.20461,0.418297,0.377072
ACCAATATGCAAGTTA-1,0.111709,0.110021,0.430087,0.348183
ACCACAACTCAGAACA-1,0.000033,0.426435,0.319303,0.254229
ACCACAAGTTTCTATC-1,0.005772,0.213639,0.725067,0.055523
ACCACACGGTTGATGG-1,0.036696,0.00003,0.447446,0.515829
ACCACCAATGTAACAA-1,0.013859,0.072571,0.546559,0.367012
ACCACGTGCAGCTATA-1,0.044296,0.073908,0.528826,0.35297
ACCAGCCCGGTCTTTG-1,0.000055,0.545386,0.260806,0.193753
ACCAGGAGTGTGATCT-1,0.000038,0.090847,0.661783,0.247333
ACCAGTGCGGGAGACG-1,0.000013,0.00254,0.817449,0.179999
ACCATATCCGCAATAA-1,0.112009,0.02821,0.128994,0.730787
ACCATCCGCCAACTAG-1,0.092441,0.214229,0.625523,0.067807
ACCATCGTATATGGTA-1,0.185221,0.095846,0.630932,0.088002
ACCCAACGCCCGTGGC-1,0.000011,0.003089,0.805627,0.191273
ACCCACCTACATGCTC-1,0.000025,0.09366,0.906262,0.000053
ACCCATCTTGAGGGTA-1,0.237205,0.089634,0.547147,0.126014
ACCCATTTGTCCCTCT-1,0.018427,0.148928,0.518525,0.31412
ACCCGAGCGAAATTAC-1,0.606511,0.050413,0.098273,0.244802
ACCCGATTGGTTCCGA-1,0.646776,0.035687,0.122535,0.195002
ACCCGGAAACTCCCAG-1,0.012097,0.075241,0.452628,0.460035
ACCCGGATGACGCATC-1,0.000031,0.152558,0.627047,0.220364
ACCCGGTTACACTTCC-1,0.198978,0.039711,0.556885,0.204426
ACCCGTGTCATCAGTA-1,0.163479,0.196233,0.421704,0.218584
ACCCTATAGGACTGAG-1,0.000031,0.201477,0.771231,0.02726
ACCCTATGCCATATCG-1,0.254401,0.010483,0.735045,0.000071
ACCCTCCCGTCAGGGC-1,0.000023,0.224665,0.198101,0.577212
ACCCTCCCTTGCTATT-1,0.000011,0.015805,0.799657,0.184527
ACCCTTCATCTGCGAA-1,0.010677,0.072257,0.717038,0.200028
ACCCTTTAGTTCTCCA-1,0.000104,0.418761,0.103596,0.477539
ACCGAAAGGGCCCTGC-1,0.020774,0.13492,0.8079,0.036406
ACCGAAGAGTCTGGTT-1,0.161334,0.11082,0.716757,0.011089
ACCGACACATCTCCCA-1,0.136319,0.373617,0.04419,0.445874
ACCGACTGAGTCCCAC-1,0.000072,0.004305,0.555008,0.440615
ACCGAGTCTCCTTATT-1,0.03001,0.396751,0.037906,0.535333
ACCGATGGTAGCATCG-1,0.000013,0.000046,0.856235,0.143706
ACCGCAATAACTGCCT-1,0.043302,0.000211,0.520999,0.435489
ACCGCGGTGGAAGTCG-1,0.000013,0.071164,0.912401,0.016423
ACCGCTAGTCATTGGT-1,0.973933,0.004116,0.021832,0.00012
ACCGGGCCTTTGTTGA-1,0.000036,0.629941,0.248583,0.12144
ACCGGTCAGGTACACC-1,0.658056,0.341599,0.000215,0.000129
ACCGTGACCACGTGGG-1,0.827532,0.020397,0.060599,0.091473
ACCGTTCCCGCTCTGA-1,0.000027,0.0058,0.885346,0.108827
ACCTAAGTACCTTTCA-1,0.516171,0.136419,0.000363,0.347047
ACCTAATCGACTTCCT-1,0.030804,0.158252,0.736769,0.074176
ACCTACAGTATGTGGT-1,0.030465,0.910092,0.05268,0.006763
ACCTACTATAAATCTA-1,0.066196,0.012136,0.304478,0.61719
ACCTCCGCCCTCGCTG-1,0.096593,0.153484,0.286753,0.463171
ACCTCCGTTATTCACC-1,0.045042,0.954411,0.000342,0.000205
ACCTCGAACTTATGCT-1,0.86301,0.000108,0.00018,0.136701
ACCTGCGTGTCATGTT-1,0.303439,0.241965,0.030711,0.423885
ACGAAATGGGCGGCAC-1,0.145259,0.161787,0.539408,0.153545
ACGACTCTAGGGCCGA-1,0.00001,0.02167,0.628056,0.350265
ACGACTGGTCATACTC-1,0.915523,0.074496,0.000157,0.009824
ACGAGAACCCATCACG-1,0.000029,0.060423,0.812873,0.126675
ACGAGATATTTGCTTA-1,0.000076,0.336847,0.322636,0.340441
ACGAGGATACCACTCT-1,0.097549,0.056884,0.78823,0.057337
ACGAGGTTTACAACGT-1,0.632933,0.000236,0.000389,0.366442
ACGAGTACGGATGCCC-1,0.023082,0.43713,0.502791,0.036996
ACGATACATAGAACTA-1,0.000023,0.547866,0.328572,0.123538
ACGATCATACATAGAG-1,0.020958,0.672301,0.009422,0.29732
ACGATCATCTTGTAAA-1,0.000018,0.090484,0.884456,0.025043
ACGATGCATATGTTAT-1,0.259605,0.056376,0.551559,0.13246
ACGATGGATCCGATGC-1,0.000092,0.325834,0.319494,0.354581
ACGCAAACTAATAGAT-1,0.144119,0.088829,0.693849,0.073203
ACGCAATCACTACAGC-1,0.000062,0.999442,0.00031,0.000186
ACGCATACGTTTACTA-1,0.000037,0.09266,0.463607,0.443696
ACGCATTCGTGAGTAC-1,0.000022,0.323137,0.469256,0.207585
ACGCCACTCGAAACAG-1,0.032947,0.247748,0.304146,0.415159
ACGCCAGATGATTTCT-1,0.000028,0.012721,0.783077,0.204175
ACGCCAGTGCGTTTGC-1,0.02381,0.004944,0.774981,0.196265
ACGCCCAGCTGTCGAT-1,0.019379,0.333743,0.475836,0.171041
ACGCCGCTAGACGACC-1,0.124404,0.094465,0.361757,0.419375
ACGCGAAGTCAGACGA-1,0.059086,0.311458,0.189022,0.440434
ACGCGCTACACAGGGT-1,0.177505,0.012147,0.617187,0.193161
ACGCGGGCCAAGGACA-1,0.007387,0.180127,0.273569,0.538917
ACGCTAGTGATACACT-1,0.000012,0.0002,0.999754,0.000035
ACGCTGTGAGGCGTAG-1,0.135761,0.228737,0.565884,0.069619
ACGGAACACGAGTGCC-1,0.000014,0.002447,0.73108,0.26646
ACGGAATTTAGCAAAT-1,0.000025,0.270159,0.714252,0.015564
ACGGACGCAGCGACAA-1,0.572963,0.00453,0.371197,0.05131
ACGGACTCTCAAAGCG-1,0.081041,0.02168,0.342665,0.554615
ACGGATGGTGCGGATA-1,0.007128,0.031868,0.56482,0.396184
ACGGCACTTGCTTGGG-1,0.055786,0.184929,0.219355,0.53993
ACGGCCAACATGGACT-1,0.232675,0.163061,0.073401,0.530863
ACGGCGACGATGGGAA-1,0.014209,0.073067,0.367894,0.54483
ACGGCGGGTTGCCCTG-1,0.000024,0.150722,0.843569,0.005685
ACGGCTGGATGTAGAA-1,0.386913,0.255798,0.334174,0.023115
ACGGGAGTGTCGGCCC-1,0.248747,0.440768,0.257197,0.053288
ACGGTACAGTTCAATG-1,0.033369,0.286765,0.243749,0.436117
ACGGTCACCGAGAACA-1,0.872899,0.000062,0.000103,0.126936
ACGTACAGATTTCTCT-1,0.045583,0.037708,0.545655,0.371055
ACGTACTTTGGCACGG-1,0.539898,0.195289,0.200614,0.064199
ACGTAGATTGCTGATG-1,0.020724,0.347376,0.358938,0.272962
ACGTAGGAGAGTCGCT-1,0.161834,0.116876,0.0001,0.721189
ACGTATTACTCCGATC-1,0.000015,0.000044,0.920622,0.07932
ACGTGCGCCTCGTGCA-1,0.082607,0.090612,0.612013,0.214767
ACGTTAATGTCGAAGA-1,0.094814,0.086302,0.518379,0.300506
ACGTTAGATTTGCCCG-1,0.238251,0.198846,0.086487,0.476416
ACGTTATTGGTCACTC-1,0.001275,0.009132,0.938105,0.051487
ACGTTCACTATGCCGC-1,0.659172,0.002843,0.337898,0.000087
ACGTTCCGCGCTCCGT-1,0.000027,0.000082,0.84603,0.15386
ACGTTCGCAATCAATT-1,0.196485,0.803138,0.000236,0.000142
ACGTTCGTTCAGGAAA-1,0.818559,0.077424,0.008537,0.09548
ACGTTCTGTACAAGTC-1,0.079504,0.132327,0.199061,0.589107
ACGTTGTCGTTGAAAG-1,0.862232,0.101107,0.000171,0.03649
ACGTTTAGTTGTGATC-1,0.015791,0.000101,0.963537,0.020571
ACTACAAAGAGAGGTG-1,0.62518,0.2528,0.000253,0.121768
ACTACATCCCGACAAG-1,0.696015,0.091102,0.10498,0.107902
ACTACCAGCTCTCTGG-1,0.069411,0.512535,0.330196,0.087858
ACTACCATCCGAGGGC-1,0.573999,0.060082,0.335223,0.030696
ACTACGCGTTAGAATT-1,0.059288,0.347694,0.038499,0.554519
ACTAGTTGCGATCGTC-1,0.000016,0.022309,0.971374,0.006302
ACTATCCAGGGCATGG-1,0.020818,0.014308,0.785322,0.179553
ACTATCTGCCCGCGTA-1,0.007731,0.805507,0.000262,0.1865
ACTATGTCCAGCTGCC-1,0.77892,0.000089,0.206475,0.014516
ACTATTCGTCCGTGGT-1,0.000038,0.571397,0.405155,0.02341
ACTATTTCCGGGCCCA-1,0.902649,0.052149,0.000171,0.04503
ACTCAACGAATGTATT-1,0.042845,0.133122,0.823725,0.000308
ACTCAAGTGCAAGGCT-1,0.000012,0.00021,0.501928,0.497851
ACTCAATAAAGGCACG-1,0.001739,0.006823,0.517215,0.474222
ACTCAGACCTGCTTCT-1,0.000026,0.034997,0.918203,0.046774
ACTCATGGCAGCCTTC-1,0.77833,0.19469,0.000182,0.026798
ACTCCAATATCATCAT-1,0.803023,0.183823,0.012986,0.000167
ACTCCCATTCCTAAAG-1,0.24639,0.281372,0.004929,0.467309
ACTCCCGAATTCGTTT-1,0.000688,0.63621,0.358144,0.004957
ACTCCCTAATGCTAAA-1,0.050533,0.03027,0.445354,0.473843
ACTCCCTAGAATAGTA-1,0.05028,0.033753,0.052488,0.863479
ACTCCGGCCGACCACT-1,0.032459,0.246571,0.11924,0.60173
ACTCGCCGTTCGATAA-1,0.025448,0.39052,0.029258,0.554774
ACTCGTAACCCGTCCT-1,0.414392,0.496938,0.000235,0.088435
ACTCGTCAGTAATCCC-1,0.140238,0.000056,0.61419,0.245516
ACTCTCTGACTTAGGT-1,0.005125,0.078767,0.790651,0.125457
ACTCTCTTATACACGA-1,0.000058,0.967741,0.000289,0.031912
ACTCTGACCTAATAGA-1,0.013506,0.02913,0.606947,0.350417
ACTCTTGTATAGTAAC-1,0.015649,0.000291,0.000486,0.983574
ACTGAAACGCCGTTAG-1,0.000016,0.000634,0.598314,0.401035
ACTGAATGGCGAAAGT-1,0.000014,0.193824,0.30759,0.498572
ACTGCCCGCCATTCTC-1,0.999587,0.000113,0.000188,0.000113
ACTGCCGTCGTAACTC-1,0.000041,0.024105,0.573847,0.402007
ACTGGGATGCCAGTGC-1,0.631037,0.003988,0.019727,0.345249
ACTGTACGATACACAT-1,0.000445,0.064123,0.639376,0.296057
ACTGTAGCACTTTGGA-1,0.000017,0.310781,0.688358,0.000844
ACTGTATACGCGAGCA-1,0.014852,0.001735,0.687908,0.295505
ACTGTCCAGGATTATA-1,0.084759,0.12534,0.680943,0.108958
ACTGTCTTCTTTAGAA-1,0.146489,0.289008,0.13243,0.432073
ACTGTGCTAGTAGATC-1,0.196155,0.487083,0.214571,0.102191
ACTGTTTAGTGTAGGC-1,0.000032,0.173665,0.790028,0.036275
ACTTACGCATCCACGC-1,0.000011,0.000033,0.509585,0.490371
ACTTAGTACGACAAGA-1,0.019273,0.407206,0.404711,0.168811
ACTTATACTTACCCGG-1,0.048442,0.269914,0.42144,0.260204
ACTTATTAGGATCGGT-1,0.185472,0.146927,0.343187,0.324414
ACTTATTTATGTGCCA-1,0.000015,0.093236,0.762901,0.143848
ACTTCAGGCTGATCCC-1,0.003833,0.227149,0.261533,0.507485
ACTTCCATGCGGGACA-1,0.00002,0.032775,0.134575,0.83263
ACTTCGCCATACGCAC-1,0.000025,0.230968,0.470131,0.298875
ACTTGACTCCCTCTTT-1,0.069325,0.224107,0.677049,0.02952
ACTTGCCATATTGTAC-1,0.000026,0.044132,0.948912,0.00693
ACTTGGGACCCGGTGG-1,0.022706,0.057882,0.466236,0.453176
ACTTGTGGATGGAACG-1,0.000034,0.385146,0.545472,0.069348
ACTTGTTACCGGATCA-1,0.190058,0.035146,0.363095,0.4117
ACTTTACCCTCATGAA-1,0.011737,0.196989,0.68035,0.110924
ACTTTCCTATAGCTTC-1,0.068022,0.02403,0.761059,0.14689
ACTTTGGTCGTGCTCC-1,0.747342,0.059624,0.022788,0.170246
AGAAATTATGACTCGC-1,0.014326,0.317951,0.273239,0.394484
AGAACACGGCGATGGT-1,0.764248,0.005797,0.000176,0.229779
AGAACGTGGTACATTC-1,0.015269,0.313517,0.55525,0.115964
AGAACTGTACTTTGTA-1,0.000009,0.118291,0.690905,0.190795
AGAAGAGCGCCGTTCC-1,0.000159,0.000478,0.788062,0.211301
AGAAGGTACACTTCAC-1,0.33445,0.019193,0.2933,0.353057
AGAAGGTTGCCGAATT-1,0.196071,0.003116,0.147911,0.652903
AGAAGGTTGTAGGTCG-1,0.007521,0.000031,0.169681,0.822767
AGAAGTGATTCGTGAT-1,0.452983,0.127271,0.000385,0.419361
AGAATACAGGCTATCC-1,0.000412,0.085011,0.844178,0.070398
AGAATTATGGATTCGA-1,0.000014,0.067039,0.87985,0.053098
AGAATTGTTTGACATA-1,0.000029,0.029605,0.871167,0.099198
AGACAGCTCAGAATCC-1,0.00034,0.000019,0.989691,0.009949
AGACATAGATCCTTCC-1,0.004313,0.417141,0.499292,0.079254
AGACCATGGGATACAA-1,0.017041,0.042453,0.93615,0.004356
AGACCCACCGCTGATC-1,0.098656,0.208828,0.274682,0.417834
AGACCCGCCCTCCTCG-1,0.098571,0.320199,0.423969,0.15726
AGACCGCTCCGCGGTT-1,0.153256,0.8406,0.00022,0.005925
AGACCGGGAAACCCTG-1,0.100123,0.045216,0.561977,0.292685
AGACGAAGTGCCGGTC-1,0.000031,0.242677,0.343328,0.413965
AGACGACGATGCCGCT-1,0.734935,0.247995,0.000128,0.016943
AGACTAGCCTTCCAGA-1,0.056139,0.296206,0.542163,0.105492
AGACTGTTACCGGGTC-1,0.710354,0.193814,0.023971,0.071861
AGAGAAACACCAGAAA-1,0.928568,0.000081,0.000135,0.071217
AGAGAACCGTCTAGGA-1,0.000017,0.246038,0.693213,0.060732
AGAGAAGGAGTACAAT-1,0.775836,0.223769,0.000247,0.000148
AGAGATCTCTAAAGCG-1,0.081415,0.000917,0.35528,0.562389
AGAGCAGTTATGAGAC-1,0.087106,0.158173,0.589491,0.165229
AGAGCCGCCGAGATTT-1,0.000041,0.999633,0.000204,0.000122
AGAGCGGGCTAATCAT-1,0.00001,0.00003,0.95541,0.04455
AGAGCGTACAAGCTCG-1,0.000018,0.031859,0.889179,0.078944
AGAGCTACGAAAGCAT-1,0.000014,0.064147,0.935392,0.000447
AGAGGCTTCGGAAACC-1,0.000015,0.000045,0.824662,0.175278
AGAGGTATCTCGGTCC-1,0.000031,0.00738,0.974629,0.01796
AGAGTAAACTTCACTA-1,0.000024,0.007445,0.744949,0.247581
AGATAACTTCAGGGCC-1,0.026988,0.453431,0.442979,0.076602
AGATACCAATAGAACC-1,0.00004,0.208491,0.000201,0.791268
AGATACCGGTGTTCAC-1,0.307204,0.182326,0.50474,0.00573
AGATACGACTTCATAT-1,0.025386,0.160956,0.795878,0.01778
AGATACTCAAGATCGA-1,0.000019,0.126965,0.309319,0.563697
AGATATAATACGACTA-1,0.007264,0.004706,0.062067,0.925962
AGATCGTGCATAAGAT-1,0.000016,0.395158,0.599279,0.005547
AGATCTCAGGTGTGAT-1,0.122929,0.000057,0.555249,0.321765
AGATCTGGAGAGGATA-1,0.443589,0.137162,0.411133,0.008116
AGATGACTCGCCCACG-1,0.143967,0.184577,0.344272,0.327184
AGATGATGGAGTCTGG-1,0.000027,0.564553,0.406038,0.029381
AGATGCAAGACGTGCA-1,0.958326,0.000638,0.001063,0.039973
AGATTATAGGACGTTT-1,0.131248,0.202781,0.080355,0.585616
AGATTCACAACCGATA-1,0.178036,0.350132,0.201804,0.270027
AGCAAAGGCCGCTAGT-1,0.020357,0.005655,0.007116,0.966872
AGCAACATATCTTATT-1,0.000017,0.38257,0.49455,0.122863
AGCAACCGAAAGTAAT-1,0.817916,0.122825,0.000612,0.058647
AGCACACGTTTAGACT-1,0.653632,0.00013,0.083828,0.26241
AGCACCAGTACTCACG-1,0.089897,0.100353,0.60864,0.20111
AGCACTACCGGCCTGT-1,0.128732,0.09526,0.664934,0.111074
AGCACTACCTCACCAG-1,0.088302,0.555115,0.031886,0.324696
AGCACTTAAGGACGCC-1,0.064965,0.06161,0.782637,0.090788
AGCAGAAGGAGAAAGA-1,0.054132,0.008358,0.000108,0.937401
AGCAGCCAGATGAATA-1,0.062367,0.207477,0.416383,0.313773
AGCAGTCGAAGCATGC-1,0.052097,0.423576,0.046459,0.477868
AGCATATCAATATGCT-1,0.000028,0.290587,0.285707,0.423678
AGCATCATTTCGAAAG-1,0.62369,0.051768,0.00027,0.324272
AGCATCGTCGATAATT-1,0.12388,0.281348,0.451213,0.143558
AGCATTACGAGGCAAG-1,0.002097,0.066269,0.429178,0.502455
AGCCAAGCTTTGTGTC-1,0.225409,0.026488,0.228368,0.519735
AGCCACAGGTTACCCG-1,0.00129,0.000027,0.421898,0.576785
AGCCACTCCCGTGCTT-1,0.034769,0.185027,0.661055,0.119149
AGCCATATAGTATGTG-1,0.022356,0.115161,0.25387,0.608613
AGCCCATACATGTAAG-1,0.267801,0.193864,0.17803,0.360305
AGCCCGCAACAAGCAG-1,0.169076,0.000042,0.656658,0.174223
AGCCCGCACTACAATG-1,0.107381,0.208372,0.095909,0.588339
AGCCCGGCATTAGAGG-1,0.552482,0.310961,0.000312,0.136246
AGCCCGGTAGCCTGTA-1,0.432682,0.108494,0.243239,0.215584
AGCCCTAAGCGAAGTT-1,0.000016,0.000048,0.913789,0.086147
AGCCCTCCCTGGTGGC-1,0.767047,0.157443,0.000338,0.075172
AGCCCTTCTAATCCGA-1,0.000042,0.504865,0.443271,0.051823
AGCCGTGGCTAAATGT-1,0.575917,0.00451,0.083937,0.335637
AGCCTAATACCCACGT-1,0.291081,0.059633,0.000296,0.648991
AGCCTTAAAGCGGAAG-1,0.000916,0.337577,0.548463,0.113045
AGCGACAGGAACGGTC-1,0.777227,0.217499,0.005203,0.000072
AGCGACATCCCATTCA-1,0.0344,0.007169,0.771154,0.187277
AGCGACCAACGATATT-1,0.12499,0.285094,0.31454,0.275377
AGCGAGACGTGAAGGC-1,0.725855,0.019526,0.142613,0.112006
AGCGATGCGCCTAATA-1,0.00003,0.308905,0.276063,0.415001
AGCGCATAATGAATCG-1,0.139648,0.335974,0.003399,0.520978
AGCGCGGGTGCCAATG-1,0.015091,0.090501,0.806291,0.088116
AGCGGACACTTCGTAG-1,0.067815,0.000174,0.000289,0.931722
AGCGGCGGTTAGCGGT-1,0.183026,0.169458,0.506474,0.141042
AGCGGGAAGGGTCCAT-1,0.036893,0.410125,0.552164,0.000819
AGCGGGTCTGACACTC-1,0.000014,0.004116,0.393265,0.602604
AGCGTACGAGAGCTAG-1,0.000019,0.060387,0.904447,0.035148
AGCGTAGCGCTAGACC-1,0.000056,0.231323,0.487309,0.281312
AGCGTCTGAACCCGCA-1,0.022427,0.037327,0.901725,0.038521
AGCGTGGTATTCTACT-1,0.185488,0.081028,0.310913,0.422571
AGCTAACAAGCAATGT-1,0.971096,0.000161,0.000268,0.028475
AGCTAAGCTCCGTCCG-1,0.89221,0.000139,0.000231,0.107421
AGCTAAGTACGCAGGC-1,0.025667,0.005188,0.000089,0.969057
AGCTAGAAGCAGAAGT-1,0.000017,0.002345,0.994321,0.003317
AGCTATTTAATCCAAC-1,0.00002,0.205506,0.785902,0.008572
AGCTCCATATATGTTC-1,0.031487,0.366094,0.000338,0.602081
AGCTCCTTCGCACATC-1,0.000011,0.094711,0.607941,0.297337
AGCTCTAGACGTTCCA-1,0.061424,0.052787,0.502258,0.383531
AGCTCTTCCCAGTGCA-1,0.000024,0.73846,0.261443,0.000073
AGCTCTTCGTAACCTT-1,0.000024,0.401406,0.567199,0.031371
AGCTCTTTACTCAGTT-1,0.178587,0.424495,0.088038,0.30888
AGCTGAAGTAAACCAA-1,0.000022,0.038956,0.6856,0.275421
AGCTGTAACCTCAATC-1,0.63281,0.365867,0.000241,0.001083
AGCTTATAGAGACCTG-1,0.000032,0.026072,0.818359,0.155536
AGCTTCTTCTCGAGCA-1,0.020446,0.001221,0.427681,0.550651
AGCTTGATCTTAACTT-1,0.161284,0.069027,0.396153,0.373536
AGGAAGCTGTCCGCCG-1,0.011307,0.023354,0.41843,0.54691
AGGACAGTCGAATCCC-1,0.126158,0.002303,0.38032,0.491219
AGGACATCGCACGTCG-1,0.000017,0.240873,0.759059,0.000051
AGGACGACCCATTAGA-1,0.273861,0.015646,0.600307,0.110186
AGGACGCTCGATGTTG-1,0.059717,0.13729,0.744024,0.058968
AGGAGGCCTTCGCGCG-1,0.000019,0.210899,0.469724,0.319357
AGGATAAAGTCGGGAT-1,0.001873,0.00324,0.421009,0.573878
AGGATATAGGGATTTA-1,0.000026,0.194943,0.559819,0.245212
AGGATATCCGACTGCA-1,0.000013,0.357205,0.182108,0.460673
AGGATCACGCGATCTG-1,0.204454,0.08041,0.15533,0.559806
AGGCAAAGAGGAATCA-1,0.051631,0.223947,0.719664,0.004758
AGGCACGTGACTGTCC-1,0.017579,0.56797,0.2228,0.191651
AGGCAGATGCGTAAAC-1,0.000017,0.285665,0.564664,0.149654
AGGCAGGGAGCGTACT-1,0.573429,0.306226,0.089585,0.03076
AGGCATTGTCGTAGGG-1,0.000048,0.409541,0.183969,0.406443
AGGCCACCCGTTATGA-1,0.016723,0.103564,0.80409,0.075623
AGGCCCAGTGACTGGT-1,0.00002,0.000061,0.999858,0.000061
AGGCCCATTGTACAGG-1,0.000034,0.318934,0.445652,0.235379
AGGCCCTAGAACGCCA-1,0.382005,0.402564,0.191279,0.024152
AGGCCTATCATACCAA-1,0.623465,0.015566,0.053105,0.307864
AGGCCTGAGAATCTCG-1,0.000023,0.158974,0.000113,0.840891
AGGCGGTTTGTCCCGC-1,0.558636,0.082149,0.064668,0.294546
AGGCTATGGTTAGCTT-1,0.119707,0.013505,0.812614,0.054174
AGGCTTCCCGAAGAAG-1,0.453221,0.278684,0.000373,0.267722
AGGCTTGCTAGACACC-1,0.008789,0.178898,0.784262,0.028051
AGGGAAACGAGGTACT-1,0.000032,0.452806,0.412754,0.134409
AGGGACAGCACGGCGG-1,0.000023,0.103629,0.891491,0.004857
AGGGACCGGCTGCGTT-1,0.000041,0.998628,0.000203,0.001128
AGGGACTCTACGCGAC-1,0.459829,0.284363,0.080438,0.17537
AGGGCAGCGGCGTGGT-1,0.000016,0.000049,0.999885,0.000049
AGGGCGAGCAGCTGAT-1,0.141546,0.678798,0.034795,0.14486
AGGGCGTGATCGGCTA-1,0.086971,0.175583,0.695001,0.042446
AGGGCTGCAGTTACAG-1,0.022757,0.123235,0.15607,0.697938
AGGGTCAGAGCACTCG-1,0.921013,0.000071,0.078844,0.000071
AGGGTCGATGCGAACT-1,0.111318,0.171386,0.548217,0.169078
AGGGTGCCGTTCTTTA-1,0.886676,0.01294,0.000241,0.100143
AGGGTGCTCTCGAGGG-1,0.000027,0.377445,0.321181,0.301347
AGGGTTCAGACGGTCC-1,0.814844,0.045751,0.038514,0.100892
AGGGTTCCCTTTGGTT-1,0.000021,0.060465,0.895192,0.044322
AGGGTTTAGTTCGGGA-1,0.005097,0.080617,0.604526,0.30976
AGGTAACCTCCTATTC-1,0.000015,0.041603,0.87706,0.081321
AGGTACGATATTGCCA-1,0.000049,0.034995,0.612327,0.352629
AGGTAGATCGAGATAT-1,0.760433,0.14418,0.000139,0.095248
AGGTAGGTACAAAGCT-1,0.100826,0.188331,0.460601,0.250242
AGGTATAATTGATAGT-1,0.000054,0.504894,0.18305,0.312001
AGGTCAGGTGAGAGTG-1,0.253716,0.021591,0.427618,0.297075
AGGTCGCCACTTCGGT-1,0.00004,0.524524,0.45453,0.020906
AGGTCGCGGAGTTACT-1,0.000056,0.109914,0.47792,0.41211
AGGTGCACGTCCACAT-1,0.000015,0.011225,0.755157,0.233602
AGGTGGTGACCTTCGC-1,0.057819,0.000074,0.407443,0.534664
AGGTGTATCGCCATGA-1,0.001697,0.130205,0.766354,0.101745
AGGTTACACCATGCCG-1,0.000085,0.631069,0.000425,0.368421
AGGTTGAGGCACGCTT-1,0.023465,0.040267,0.54189,0.394378
AGGTTTCACACACCTT-1,0.011631,0.323014,0.363524,0.30183
AGTAACTATAGCAGCC-1,0.000012,0.005697,0.831549,0.162742
AGTAATCTAAGGGTGG-1,0.000011,0.067878,0.678283,0.253827
AGTAATGTCTTGCCGC-1,0.000017,0.024357,0.957013,0.018612
AGTACAGAAGCTTATA-1,0.064914,0.11099,0.221816,0.602279
AGTACATCATTTATCA-1,0.000067,0.97039,0.000336,0.029207
AGTACGGGCACCTGGC-1,0.02407,0.078393,0.745816,0.15172
AGTACTCTTATGCCCA-1,0.000014,0.000042,0.719951,0.279992
AGTAGAAGGCGCCTCA-1,0.005734,0.000036,0.694027,0.300204
AGTAGGAAGGAAGTTG-1,0.000037,0.574655,0.229576,0.195731
AGTAGGTAACATACAT-1,0.000033,0.122888,0.70993,0.167149
AGTATAATACTAGGCA-1,0.099993,0.325999,0.544142,0.029865
AGTATACACAGCGACA-1,0.389565,0.000049,0.575167,0.035219
AGTATCCATAATAACG-1,0.00003,0.276113,0.717373,0.006484
AGTATGCTGGAGACCA-1,0.572419,0.000116,0.401178,0.026288
AGTATTTGGCACGACC-1,0.336386,0.070203,0.303237,0.290174
AGTCAAATGATGTGAT-1,0.618176,0.000146,0.000244,0.381434
AGTCAACACCACCATC-1,0.150452,0.095904,0.4332,0.320444
AGTCAAGATGACACTT-1,0.000009,0.000027,0.689504,0.310459
AGTCACTAGCTCTCGA-1,0.000019,0.187467,0.567324,0.24519
AGTCACTCCGCCTCAT-1,0.019404,0.003052,0.97749,0.000053
AGTCAGCCACCGCCTG-1,0.057174,0.305097,0.612339,0.02539
AGTCCAGCGGGTACGT-1,0.000035,0.402806,0.528605,0.068555
AGTCCATTGGCTGATG-1,0.000027,0.000082,0.711043,0.288847
AGTCCCGCCTTTAATT-1,0.000018,0.04316,0.956767,0.000054
AGTCGACGGTCTCAAG-1,0.021953,0.008976,0.702734,0.266338
AGTCGGCCCAAACGAC-1,0.140824,0.054348,0.384039,0.420789
AGTCGGCTCAACTTTA-1,0.559546,0.345443,0.040121,0.05489
AGTCGGTTGCGTGAGA-1,0.052304,0.529401,0.000312,0.417984
AGTCGTATAAAGCAGA-1,0.01046,0.15094,0.038507,0.800093
AGTCGTCGACCACCAA-1,0.00001,0.00003,0.732752,0.267208
AGTCGTGGGCATTACG-1,0.877674,0.068276,0.026123,0.027928
AGTCTAAAGTATACTC-1,0.081575,0.911144,0.000294,0.006986
AGTCTCACAAGACTAC-1,0.549251,0.111559,0.339048,0.000142
AGTCTGGACATCCTTG-1,0.047504,0.284526,0.620811,0.047159
AGTCTTCTCCTCAAAT-1,0.000013,0.000232,0.956061,0.043694
AGTCTTTAAAGTGTCC-1,0.024517,0.263663,0.000102,0.711719
AGTGAACAAACTTCTC-1,0.000017,0.335337,0.570476,0.09417
AGTGACCTACTTTACG-1,0.265951,0.026302,0.699417,0.00833
AGTGACTGTGACACAA-1,0.969227,0.030393,0.000237,0.000142
AGTGAGACTTCCAGTA-1,0.000026,0.32437,0.286809,0.388795
AGTGAGCCTCGCCGCC-1,0.000013,0.000038,0.999911,0.000038
AGTGAGTCGAATTAAC-1,0.02129,0.087467,0.13954,0.751704
AGTGATAACCTGCGCG-1,0.000015,0.021002,0.342375,0.636608
AGTGATATGAGTAGTT-1,0.166315,0.230719,0.536146,0.06682
AGTGATTCAAGCAGGA-1,0.000023,0.254589,0.404844,0.340543
AGTGCACGCTTAAGAA-1,0.000009,0.000027,0.888674,0.11129
AGTGCGTAGCTCGTAA-1,0.883774,0.023987,0.092152,0.000086
AGTGCTAAACACAGCA-1,0.000006,0.149989,0.675175,0.17483
AGTGCTTGCACGAATA-1,0.008464,0.066712,0.709575,0.215249
AGTGGCCCGCAAATGG-1,0.021396,0.045471,0.509939,0.423194
AGTGGCGGCAATTTGA-1,0.000017,0.00005,0.9822,0.017733
AGTGGCGTCTGAAGGT-1,0.000014,0.000321,0.308526,0.691139
AGTGGCTCCGTCGGCC-1,0.088098,0.155101,0.634108,0.122693
AGTGTATTGCGCATTG-1,0.000018,0.010569,0.98557,0.003843
AGTGTGGTCTATTGTG-1,0.061734,0.633788,0.303882,0.000595
AGTTAAACACTTGCGA-1,0.176865,0.671438,0.003643,0.148054
AGTTAAGCGGTCCCGG-1,0.000578,0.133231,0.681026,0.185165
AGTTAAGTCAACCGCT-1,0.566661,0.409098,0.000205,0.024037
AGTTACCGCACATGGT-1,0.153099,0.073149,0.69268,0.081072
AGTTACTCTATCGTGG-1,0.000011,0.000032,0.999925,0.000032
AGTTATTCAGACTGTG-1,0.027799,0.237705,0.123728,0.610768
AGTTCCTACAGAATTA-1,0.213441,0.037116,0.304733,0.444709
AGTTCCTATTTATGTT-1,0.042453,0.000361,0.000601,0.956584
AGTTCTGCGTTGTATC-1,0.000035,0.101326,0.863384,0.035255
AGTTGACATCGGCTGG-1,0.000039,0.12319,0.855135,0.021636
AGTTGACGGTCCTTGC-1,0.049044,0.026497,0.289688,0.634772
AGTTGCGGTCCTCAAC-1,0.428558,0.146017,0.395416,0.030009
AGTTGCTGACTGATAT-1,0.00007,0.080518,0.473946,0.445465
AGTTGGCAAGGCTAGA-1,0.00569,0.000049,0.748706,0.245555
AGTTTCGCAGGTCGGA-1,0.014957,0.090524,0.884306,0.010213
AGTTTGCACCTGCCTC-1,0.053269,0.00004,0.55791,0.388781
AGTTTGGCACGGGTTG-1,0.000026,0.705119,0.140343,0.154513
AGTTTGGCCAGACCTA-1,0.397906,0.531544,0.000277,0.070273
ATAAACCATTGGACGG-1,0.000022,0.00542,0.983186,0.011371
ATAAACGGACCCGTAA-1,0.077286,0.277726,0.083187,0.5618
ATAAACGTTGCACCAC-1,0.024683,0.089662,0.594348,0.291307
ATAAAGGCTCGGTCGT-1,0.144594,0.822529,0.032802,0.000075
ATAAAGGTCAAGTACG-1,0.000063,0.320855,0.305423,0.37366
ATAAATATTAGCAGCT-1,0.258554,0.226668,0.29619,0.218589
ATAACGCCGGAGGGTC-1,0.000012,0.000885,0.583525,0.415578
ATAACGGAGTCCAACG-1,0.025289,0.306497,0.186786,0.481428
ATAAGGTGGAGAACAT-1,0.052366,0.005327,0.070674,0.871633
ATAAGTAGGATTCAGA-1,0.025256,0.043696,0.92493,0.006118
ATAAGTAGGGCGACTC-1,0.000025,0.144976,0.699801,0.155198
ATAAGTTACCGCGACG-1,0.268115,0.470961,0.110302,0.150622
ATAATACCGTTAGCCG-1,0.022465,0.191886,0.783477,0.002172
ATAATAGCTGTTGAAT-1,0.105289,0.284945,0.282142,0.327623
ATAATAGTGTAGGGAC-1,0.106504,0.157234,0.445391,0.290871
ATAATCTTGGAGAACC-1,0.000015,0.00895,0.341058,0.649977
ATAATTAGCTAAGTAG-1,0.016732,0.017067,0.181238,0.784963
ATACAGGCCCTCCAAT-1,0.267027,0.080691,0.298416,0.353865
ATACCACGGGCAACTT-1,0.021161,0.007815,0.731296,0.239727
ATACCAGCAAATTGCT-1,0.00002,0.290806,0.674287,0.034886
ATACCAGGCTAATAGA-1,0.000016,0.172126,0.736088,0.09177
ATACCAGGTGAGCGAT-1,0.000052,0.558655,0.073412,0.367881
ATACCTAACCAAGAAA-1,0.027638,0.01965,0.525583,0.427129
ATACGAGGTTTGTAAG-1,0.54105,0.008849,0.197006,0.253094
ATACGCCGATCTACCG-1,0.000045,0.478937,0.26661,0.254409
ATACGCCGGCGAAACC-1,0.00001,0.00931,0.791808,0.198872
ATACGGAACGTCGTTT-1,0.691899,0.216484,0.00069,0.090927
ATACGGGTTTCGATTG-1,0.033568,0.065439,0.750335,0.150658
ATACGTACTTAGCCAC-1,0.059251,0.224577,0.425151,0.291021
ATACGTCCACTCCTGT-1,0.030954,0.500416,0.200096,0.268534
ATACGTTATGCACGGA-1,0.049964,0.000122,0.088651,0.861263
ATACTACCCGTACCAC-1,0.000024,0.005412,0.70553,0.289033
