Barcode,Topic 1,Topic 2to7,Topic 8,Topic 9
AAACAAGTATCTCCCA-1,0.046759,0.618498,0.32188,0.012863
AAACAATCTACTAGCA-1,0.080294,0.822965,0.095814,0.000926
AAACACCAATAACTGC-1,0.026694,0.973261,0.000017,0.000028
AAACAGAGCGACTCCT-1,0.000034,0.890981,0.086417,0.022568
AAACAGGGTCTATATT-1,0.000108,0.00065,0.250929,0.748312
AAACAGTGTTCCTGGG-1,0.018002,0.860339,0.084048,0.03761
AAACATTTCCCGGATT-1,0.289011,0.693772,0.016382,0.000835
AAACCACTACACAGAT-1,0.001202,0.813026,0.164547,0.021226
AAACCCGAACGAAATC-1,0.098237,0.5481,0.334347,0.019317
AAACCGGAAATGTTAA-1,0.27088,0.664141,0.044868,0.020111
AAACCGGGTAGGTACC-1,0.049847,0.007712,0.213824,0.728617
AAACCGTTCGTCCAGG-1,0.000064,0.393192,0.606679,0.000064
AAACCTAAGCAGCCGG-1,0.267927,0.545184,0.135376,0.051513
AAACCTCATGAAGTTG-1,0.000092,0.000553,0.470677,0.528678
AAACGAAGAACATACC-1,0.043275,0.956693,0.000016,0.000016
AAACGAAGATGGAGTA-1,0.002139,0.788288,0.125051,0.084522
AAACGACAGTCTTGCC-1,0.00006,0.028564,0.318109,0.653267
AAACGAGACGGTTGAT-1,0.019168,0.223428,0.041212,0.716192
AAACGCCCGAGATCGG-1,0.004387,0.654734,0.233476,0.107403
AAACGGGCGTACGGGT-1,0.686025,0.286722,0.00345,0.023804
AAACGGTTGCGAACTG-1,0.026268,0.962085,0.011635,0.000012
AAACGTGTTCGCCCTA-1,0.000126,0.291269,0.402869,0.305736
AAACTAACGTGGCGAC-1,0.000028,0.917082,0.082862,0.000028
AAACTCGGTTCGCAAT-1,0.022672,0.920772,0.003893,0.052663
AAACTCGTGATATAAG-1,0.000086,0.000484,0.001303,0.998126
AAACTGCTGGCTCCAA-1,0.040513,0.903171,0.030854,0.025462
AAACTTAATTGCACGC-1,0.033843,0.846113,0.118868,0.001175
AAACTTGCAAACGTAT-1,0.071047,0.000603,0.147673,0.780677
AAAGAATGTGGACTAA-1,0.831178,0.146124,0.000018,0.022681
AAAGACATGAAGTTTA-1,0.009607,0.943304,0.037419,0.00967
AAAGACCCAAGTCGCG-1,0.00003,0.910312,0.089628,0.00003
AAAGACTGGGCGCTTT-1,0.000064,0.655414,0.132102,0.21242
AAAGCTTGCCTACATA-1,0.015787,0.915555,0.034859,0.033799
AAAGGCCCTATAATAC-1,0.016404,0.941854,0.041725,0.000017
AAAGGCTACGGACCAT-1,0.060696,0.751907,0.174629,0.012769
AAAGGCTCTCGCGCCG-1,0.013199,0.68188,0.304872,0.000049
AAAGGGATGTAGCAAG-1,0.000032,0.701781,0.00632,0.291867
AAAGGGCAGCTTGAAT-1,0.00005,0.509247,0.418307,0.072396
AAAGGTAAGCTGTACC-1,0.033882,0.607428,0.318602,0.040088
AAAGGTCAACGACATG-1,0.145894,0.004903,0.16303,0.686173
AAAGTAGCATTGCTCA-1,0.010265,0.932441,0.057263,0.000031
AAAGTCACTGATGTAA-1,0.016249,0.983718,0.000017,0.000017
AAAGTCGACCCTCAGT-1,0.070097,0.082425,0.087915,0.759564
AAAGTGTGATTTATCT-1,0.000015,0.971398,0.028572,0.000015
AAAGTTGACTCCCGTA-1,0.109832,0.562909,0.327224,0.000034
AAATAACCATACGGGA-1,0.0013,0.988412,0.010263,0.000025
AAATAAGGTAGTGCCC-1,0.000018,0.92366,0.019773,0.05655
AAATACCTATAAGCAT-1,0.038621,0.730958,0.157462,0.072959
AAATAGCTTAGACTTT-1,0.000018,0.998859,0.001104,0.000018
AAATAGGGTGCTATTG-1,0.000479,0.618697,0.282798,0.098026
AAATCACTCCTAAACG-1,0.068505,0.660724,0.068359,0.202412
AAATCCGATACACGCC-1,0.364831,0.319771,0.271222,0.044175
AAATCGCGGAAGGAGT-1,0.002359,0.99131,0.001856,0.004476
AAATCGTGTACCACAA-1,0.00004,0.802299,0.189776,0.007885
AAATCTAGCCCTGCTA-1,0.019478,0.975649,0.0042,0.000672
AAATCTGCCCGCGTCC-1,0.042289,0.800852,0.104244,0.052616
AAATGACTGATCAAAC-1,0.413858,0.410972,0.175119,0.000051
AAATGATTCGATCAGC-1,0.060866,0.421601,0.069563,0.44797
AAATGCTCGTTACGTT-1,0.09541,0.753214,0.151339,0.000037
AAATGGCATGTCTTGT-1,0.000069,0.584079,0.392865,0.022987
AAATGGCCCGTGCCCT-1,0.000115,0.024598,0.692891,0.282396
AAATGGTCAATGTGCC-1,0.339542,0.100324,0.020855,0.539279
AAATGTGGGTGCTCCT-1,0.000041,0.515732,0.465849,0.018378
AAATTAACGGGTAGCT-1,0.107533,0.640793,0.035107,0.216568
AAATTAATAAGCGCGA-1,0.020251,0.692828,0.190798,0.096123
AAATTACACGACTCTG-1,0.014504,0.985442,0.000027,0.000027
AAATTACCTATCGATG-1,0.000057,0.24767,0.496353,0.25592
AAATTCCAGGTCCAAA-1,0.002735,0.873995,0.083207,0.040064
AAATTGATAGTCCTTT-1,0.000034,0.954083,0.040922,0.004961
AAATTGGTGAGAAGCA-1,0.0001,0.183018,0.220239,0.596642
AAATTTACCGAAATCC-1,0.012224,0.958934,0.016251,0.012591
AAATTTGCGGGTGTGG-1,0.000039,0.702689,0.233749,0.063522
AACAACTGGTAGTTGC-1,0.007,0.726863,0.233216,0.032921
AACAATACATTGTCGA-1,0.017871,0.786209,0.161252,0.034668
AACAATTACTCTACGC-1,0.000877,0.881844,0.07734,0.039938
AACACACGCTCGCCGC-1,0.09625,0.90082,0.002916,0.000015
AACACGACTGTACTGA-1,0.000047,0.788941,0.210964,0.000047
AACACGAGACGCGGCC-1,0.047151,0.039891,0.089091,0.823867
AACACGCGGCCGCGAA-1,0.094138,0.808231,0.085414,0.012217
AACAGCTGTGTGGCAA-1,0.000016,0.998697,0.001271,0.000016
AACAGGAAATCGAATA-1,0.003006,0.924487,0.011078,0.061428
AACAGGATGGGCCGCG-1,0.000043,0.942212,0.057702,0.000043
AACAGGTAGTATGGAT-1,0.028625,0.853417,0.113759,0.004199
AACATAGCGTGTATCG-1,0.897654,0.000228,0.033117,0.069002
AACATATCAACTGGTG-1,0.00003,0.780718,0.219221,0.00003
AACATCGATACGTCTA-1,0.017085,0.078431,0.32667,0.577814
AACATTGAAGTTGATC-1,0.003231,0.8996,0.031295,0.065874
AACATTGTGACTCGAG-1,0.052397,0.817761,0.122554,0.007288
AACCAAGACTTCTCTG-1,0.035047,0.041846,0.007817,0.91529
AACCAGTATCACTCTT-1,0.066681,0.795273,0.12199,0.016056
AACCATAGGGTTGAAC-1,0.007693,0.976935,0.013989,0.001383
AACCATGGGATCGCTA-1,0.038288,0.56567,0.284858,0.111183
AACCCAGAGACGGAGA-1,0.01574,0.918785,0.06544,0.000034
AACCCATCCCATGATC-1,0.00002,0.881542,0.00002,0.118417
AACCCGACAACCCGTG-1,0.052925,0.947059,0.000008,0.000008
AACCCGAGCAGAATCG-1,0.19675,0.27953,0.47466,0.04906
AACCCGATAGGGCTTC-1,0.018463,0.880535,0.077544,0.023459
AACCCGCTGTATTCCA-1,0.315012,0.484615,0.184692,0.015681
AACCCTACTGTCAATA-1,0.002582,0.415281,0.475784,0.106352
AACCCTGGTGGAACCA-1,0.013818,0.547348,0.138497,0.300337
AACCGAGCTTGGTCAT-1,0.05935,0.757851,0.044542,0.138256
AACCGCTAAGGGATGC-1,0.026783,0.62255,0.305506,0.045161
AACCGTTGTGTTTGCT-1,0.00003,0.99991,0.00003,0.00003
AACCTAAAGCCGTCCG-1,0.000031,0.752136,0.088767,0.159066
AACCTCGCTTTAGCCC-1,0.025095,0.914922,0.020382,0.039601
AACCTGTCACGGAATT-1,0.000022,0.922835,0.037142,0.040001
AACCTTTAAATACGGT-1,0.064653,0.636864,0.298452,0.000031
AACCTTTACGACGTCT-1,0.000036,0.950872,0.040784,0.008308
AACGAAAGTCGTCCCA-1,0.001281,0.9987,0.000009,0.000009
AACGACCTCCTAGCCG-1,0.67731,0.160541,0.07868,0.083469
AACGATAATGCCGTAG-1,0.000014,0.999958,0.000014,0.000014
AACGATAGAAGGGCCG-1,0.101257,0.734576,0.092335,0.071831
AACGATATGTCAACTG-1,0.002667,0.162211,0.016318,0.818804
AACGCATGATCTGGGT-1,0.000085,0.000509,0.053529,0.945877
AACGCGAACGGCAACA-1,0.01272,0.807254,0.171072,0.008954
AACGCGACCTTGGGCG-1,0.015197,0.811232,0.155428,0.018143
AACGCGGTCTCCAGCC-1,0.000042,0.856429,0.048855,0.094675
AACGCTGTTGCTGAAA-1,0.108361,0.874304,0.004669,0.012666
AACGGACGTACGTATA-1,0.311455,0.468029,0.199219,0.021297
AACGGCCATCTCCGGT-1,0.000021,0.893043,0.042508,0.064428
AACGTACTGTGGGTAC-1,0.012452,0.886148,0.074994,0.026405
AACGTAGTCTACCCAT-1,0.020899,0.942858,0.0362,0.000042
AACGTCAGACTAGTGG-1,0.046556,0.950821,0.002589,0.000033
AACGTCGCTGCACTTC-1,0.930724,0.000135,0.050455,0.018686
AACGTGATGAAGGACA-1,0.086456,0.843593,0.069902,0.000049
AACGTGCGAAAGTCTC-1,0.000036,0.694249,0.118958,0.186758
AACGTTATCAGCACCT-1,0.000019,0.999943,0.000019,0.000019
AACTACCCGTTTGTCA-1,0.030085,0.52111,0.358791,0.090014
AACTAGCGTATCGCAC-1,0.000996,0.846885,0.120898,0.031221
AACTAGGCTTGGGTGT-1,0.005242,0.8399,0.123495,0.031363
AACTCAAGTTAATTGC-1,0.100207,0.349277,0.0514,0.499116
AACTCCAGAGCGTGTT-1,0.087928,0.859663,0.043633,0.008777
AACTCCTAATCCCATG-1,0.002468,0.784292,0.048742,0.164498
AACTCGATGGCGCAGT-1,0.000025,0.863363,0.012005,0.124607
AACTCTCAATAGAGCG-1,0.040577,0.92994,0.010832,0.018651
AACTCTCAGTGTGCTC-1,0.100677,0.417245,0.482019,0.000058
AACTGAGGTCAGCGTC-1,0.000047,0.732142,0.139953,0.127858
AACTGATATTAGGCCT-1,0.093155,0.711599,0.086074,0.109172
AACTGGGTCCCGACGT-1,0.000022,0.999935,0.000022,0.000022
AACTGGGTTCGAGCCG-1,0.000048,0.528832,0.358296,0.112824
AACTGGTGTGGGCCTT-1,0.000061,0.545161,0.383609,0.07117
AACTTCTGCGTCTATC-1,0.005162,0.884625,0.110172,0.000041
AACTTGCCCGTATGCA-1,0.008637,0.894562,0.092166,0.004635
AACTTGCGTTCTCGCG-1,0.014111,0.949578,0.001419,0.034892
AACTTTACGGGAGCTT-1,0.000031,0.886925,0.110266,0.002778
AACTTTAGCTGCTGAG-1,0.000025,0.999925,0.000025,0.000025
AACTTTCTCGATCATG-1,0.010107,0.000584,0.216441,0.772868
AAGAAAGTTTGATGGG-1,0.036132,0.748919,0.137615,0.077334
AAGAAGGATCAGTTAG-1,0.078034,0.874224,0.04772,0.000022
AAGACATACGTGGTTT-1,0.882171,0.000149,0.073005,0.044674
AAGACCAAATAACTCA-1,0.010745,0.800847,0.148948,0.03946
AAGACCCAACTGAACA-1,0.079342,0.526985,0.39365,0.000023
AAGACTAACCCGTTGT-1,0.062753,0.827769,0.109459,0.000019
AAGACTCACGCCCACT-1,0.005892,0.773025,0.206715,0.014369
AAGACTGCAAGCTACT-1,0.000037,0.852475,0.095926,0.051562
AAGAGATGAATCGGTA-1,0.000028,0.886125,0.013315,0.100532
AAGAGCTCTTTATCGG-1,0.000032,0.944202,0.039819,0.015948
AAGAGGCATGGATCGC-1,0.000028,0.928324,0.053871,0.017778
AAGAGGCCCTTTGGAA-1,0.158613,0.291421,0.408869,0.141097
AAGATGGCACCGGACC-1,0.015754,0.754929,0.1314,0.097917
AAGATTGGCGGAACGT-1,0.000084,0.099108,0.641339,0.25947
AAGCACCCTGCGTATC-1,0.153084,0.464441,0.044461,0.338014
AAGCATACTCTCCTGA-1,0.039805,0.958807,0.001375,0.000013
AAGCCACTTGCAGGTA-1,0.112765,0.288845,0.59834,0.00005
AAGCCGAAGCGGTTTA-1,0.021217,0.818561,0.110762,0.049459
AAGCCGCCGTGAAATC-1,0.024198,0.58761,0.388163,0.000029
AAGCGCAGGGCTTTGA-1,0.053079,0.904494,0.03485,0.007576
AAGCGGAGTGCGCGCA-1,0.00002,0.922031,0.062004,0.015945
AAGCGGCGTCATGGGT-1,0.000047,0.89968,0.100226,0.000047
AAGCGTCCCTCATCGA-1,0.014779,0.920685,0.031223,0.033312
AAGCTAGATCGAGTAA-1,0.039903,0.53014,0.395994,0.033964
AAGCTCGTGCCAAGTC-1,0.00552,0.857181,0.051644,0.085654
AAGCTCTTTCATGGTG-1,0.03526,0.940219,0.02449,0.000031
AAGGAGAACTTATAAG-1,0.052315,0.941099,0.006063,0.000524
AAGGAGCGGTTGGTGC-1,0.000069,0.496253,0.275197,0.228482
AAGGATCGATCGCTTG-1,0.035108,0.464421,0.500434,0.000037
AAGGATGAGGGACCTC-1,0.000051,0.401885,0.262806,0.335258
AAGGCAGGCTGTCTCC-1,0.006955,0.730038,0.202261,0.060746
AAGGCGCGTAAAGCTT-1,0.00005,0.735702,0.156409,0.107839
AAGGCTGTGCTCATCG-1,0.00008,0.371606,0.297283,0.331032
AAGGGAACGACTGGCT-1,0.078294,0.727726,0.170089,0.023891
AAGGGACAGATTCTGT-1,0.000086,0.225133,0.40846,0.366321
AAGGGACTATGCATTC-1,0.000022,0.93286,0.067095,0.000022
AAGGGTTAGCCATGCG-1,0.534791,0.368032,0.058429,0.038748
AAGGTATCCTAATATA-1,0.00015,0.306642,0.022155,0.671053
AAGGTGATAAACCAGC-1,0.000016,0.964016,0.015244,0.020724
AAGTAAGCTTCCAAAC-1,0.008129,0.632828,0.358923,0.000119
AAGTAGAAGACCGGGT-1,0.028788,0.779336,0.191819,0.000057
AAGTAGTGACGCGAGG-1,0.003518,0.140942,0.003417,0.852123
AAGTCAATTGTCGTCA-1,0.000041,0.418474,0.531696,0.049789
AAGTCTAGTAGCTGCC-1,0.047348,0.48282,0.009248,0.460584
AAGTGAGTCGGGTTTA-1,0.000556,0.765826,0.218863,0.014755
AAGTGCAAAGGTAGAC-1,0.000054,0.657219,0.280152,0.062575
AAGTGCCTTGACTGTA-1,0.000031,0.663809,0.273305,0.062855
AAGTGCGTTAGAATCT-1,0.000043,0.623857,0.060819,0.315281
AAGTGCTTCTCTATTG-1,0.023983,0.873936,0.099643,0.002438
AAGTGTTTGGAGACGG-1,0.023538,0.555044,0.421372,0.000046
AAGTTCACTCCAAGCT-1,0.027021,0.898394,0.003895,0.07069
AAGTTCAGTCTGCGTA-1,0.000038,0.752431,0.043779,0.203752
AAGTTCGGCCAACAGG-1,0.000023,0.751965,0.004173,0.243839
AAGTTGTGATGTTATA-1,0.997043,0.000284,0.000017,0.002656
AAGTTTACTAATGGCA-1,0.000016,0.999953,0.000016,0.000016
AAGTTTATGGGCCCAA-1,0.040707,0.832076,0.051868,0.075349
AATAACAACGCTCGGC-1,0.000052,0.114444,0.000052,0.885452
AATAACACTAGAACAA-1,0.000028,0.870018,0.120658,0.009295
AATAAGTCCTCGAGAC-1,0.000041,0.788698,0.211219,0.000041
AATAATCTTCGTATCG-1,0.649796,0.168309,0.117474,0.064421
AATACAATGTTTCAGG-1,0.012223,0.978151,0.009588,0.000038
AATACCGGAGGGCTGT-1,0.073381,0.797454,0.054493,0.074672
AATACCTGATGTGAAC-1,0.952867,0.000137,0.000023,0.046972
AATAGAACAGAGTGGC-1,0.000053,0.433405,0.496606,0.069936
AATAGAATCTGTTTCA-1,0.000011,0.999968,0.000011,0.000011
AATAGCAAGCCTCCTG-1,0.000026,0.94175,0.058198,0.000026
AATAGCTACCGCGTGC-1,0.000126,0.000756,0.241206,0.757913
AATAGTCCGTCCCGAC-1,0.004786,0.744979,0.250205,0.000029
AATAGTCGCGAGTCGG-1,0.037598,0.636416,0.284221,0.041764
AATATCAAGGTCGGAT-1,0.092887,0.692886,0.192887,0.02134
AATATCGAATCAATGC-1,0.000011,0.999966,0.000011,0.000011
AATATCGAGGGTTCTC-1,0.000042,0.702231,0.156747,0.140981
AATATTGGAGTATTGA-1,0.000054,0.686533,0.047174,0.266239
AATCAGACTGCAGGAC-1,0.066872,0.765848,0.160079,0.0072
AATCAGGTTTCATTTA-1,0.125197,0.667301,0.207152,0.00035
AATCATGTAAAGACTC-1,0.068949,0.866388,0.045824,0.018839
AATCCAAGGGCCTGAG-1,0.000058,0.590715,0.038373,0.370854
AATCCATGCAAGGGTG-1,0.00002,0.965247,0.034713,0.00002
AATCCCGCTCAGAGCC-1,0.227843,0.648615,0.06831,0.055233
AATCGAGGTCTCAAGG-1,0.962499,0.03736,0.000071,0.000071
AATCGCCTCAGCGCCA-1,0.025978,0.646996,0.154703,0.172323
AATCGCGCAGAGGACT-1,0.071554,0.848715,0.060558,0.019173
AATCGGGACACTACGA-1,0.000029,0.999914,0.000029,0.000029
AATCGGTATAGCCCTC-1,0.759502,0.118896,0.000538,0.121064
AATCGTGAGCCGAGCA-1,0.713645,0.058761,0.227371,0.000223
AATCTAGGTTTACTTG-1,0.000041,0.729757,0.088272,0.18193
AATCTATGCCGGAGCC-1,0.000039,0.830217,0.119783,0.049961
AATCTCTACTGTGGTT-1,0.000122,0.000734,0.40688,0.592264
AATCTGCGTTGGGACG-1,0.02756,0.86363,0.105364,0.003446
AATCTGGCTTTCTAGT-1,0.000104,0.000622,0.580143,0.419132
AATCTGGGTAGACCCT-1,0.077304,0.526335,0.396315,0.000046
AATGACAGCAATGTCT-1,0.000035,0.719904,0.02595,0.254111
AATGACGTAGGATGTC-1,0.000017,0.957499,0.006891,0.035593
AATGACTGTCAGCCGG-1,0.019646,0.723455,0.251682,0.005217
AATGAGTTCGCATATG-1,0.001448,0.951939,0.046584,0.000029
AATGATGATACGCTAT-1,0.000089,0.00057,0.000089,0.999253
AATGATGCGACTCCTG-1,0.025307,0.074298,0.542163,0.358231
AATGCAACCGGGTACC-1,0.00003,0.937645,0.01363,0.048694
AATGCACCAAGCAATG-1,0.000132,0.144966,0.39072,0.464182
AATGGCCGCCAATGCG-1,0.081608,0.326733,0.177209,0.41445
AATGGTCCACCGTTCA-1,0.004501,0.470846,0.316965,0.207689
AATGGTTCTCACAAGC-1,0.004291,0.368528,0.627086,0.000096
AATGTATGGCACTGTA-1,0.016393,0.937677,0.025591,0.020339
AATGTGCCCGAGGTGT-1,0.000034,0.743141,0.147079,0.109746
AATGTGCTAATCTGAG-1,0.011008,0.988964,0.000014,0.000014
AATGTTAAGACCCTGA-1,0.639266,0.35243,0.008272,0.000032
AATGTTGTCGTGAGAC-1,0.938031,0.000144,0.003226,0.058599
AATTAAAGGTCGGCGT-1,0.052379,0.885799,0.03021,0.031611
AATTAACGGATTTCCA-1,0.024875,0.74088,0.086255,0.14799
AATTACGAGACCCATC-1,0.022204,0.669132,0.125392,0.183272
AATTAGCGCTGCAGCG-1,0.04267,0.915088,0.042219,0.000022
AATTATACCCAGCAAG-1,0.985472,0.000315,0.014161,0.000052
AATTCATAAGGGATCT-1,0.052093,0.152544,0.030237,0.765126
AATTCATTGTCATGCA-1,0.000012,0.999964,0.000012,0.000012
AATTCCAAGCATGTAC-1,0.07144,0.76141,0.144185,0.022965
AATTCGATTCGAGGAT-1,0.148867,0.307602,0.54184,0.001691
AATTCTAGAGTTAGGC-1,0.000029,0.902811,0.002257,0.094903
AATTGAACGCTCTGGT-1,0.001477,0.65706,0.339532,0.001931
AATTGCAGCAATCGAC-1,0.636943,0.350284,0.000295,0.012478
AATTGCGTGGATTACA-1,0.000008,0.999975,0.000008,0.000008
AATTGTGGTTGCCAAA-1,0.684475,0.076016,0.150345,0.089164
AATTTGGGACATAGTA-1,0.00003,0.96943,0.00003,0.03051
AATTTGGTTCCAAAGA-1,0.000031,0.975485,0.001704,0.022781
ACAAACCATGCGTCCT-1,0.000017,0.884884,0.113599,0.001499
ACAAACCGACAAGGCG-1,0.003325,0.331623,0.451452,0.2136
ACAAACTCCATCAGAG-1,0.000047,0.65699,0.341183,0.00178
ACAAAGCATGACCTAG-1,0.542468,0.165023,0.278604,0.013905
ACAAATCGCACCGAAT-1,0.152354,0.481873,0.255343,0.11043
ACAAATGGTAGTGTTT-1,0.009888,0.810767,0.01942,0.159926
ACAAATTCAGATCTGA-1,0.000039,0.933271,0.038811,0.027879
ACAACAGCATGAGCTA-1,0.000032,0.746154,0.059628,0.194187
ACAACGGTCCCTGCGA-1,0.035723,0.76609,0.191767,0.006421
ACAAGCAGTGCCTAGC-1,0.000031,0.758971,0.009646,0.231353
ACAAGGAAATCCGCCC-1,0.019409,0.826359,0.110411,0.043822
ACAAGGACAAGAGGTT-1,0.000056,0.545228,0.339653,0.115063
ACAAGGATGCTTTAGG-1,0.064108,0.799649,0.046322,0.089921
ACAAGGCCTACCAGCC-1,0.086282,0.534311,0.264492,0.114915
ACAAGGGCAGGCTCTG-1,0.000035,0.73768,0.241085,0.021201
ACAATCCATTTAAACC-1,0.042358,0.277356,0.000045,0.680241
ACAATCGATCTTTATA-1,0.000051,0.695191,0.282405,0.022353
ACAATGAATACGGAGA-1,0.004716,0.622845,0.218859,0.153579
ACAATGATTCTTCTAC-1,0.000034,0.808539,0.191393,0.000034
ACAATTGTGTCTCTTT-1,0.09686,0.744626,0.134964,0.02355
ACAATTTAGGAGGCTC-1,0.000035,0.876375,0.087909,0.035682
ACAATTTGAGCAGTGG-1,0.000049,0.678332,0.180673,0.140946
ACAATTTGGCCATATT-1,0.061121,0.757626,0.125541,0.055712
ACACAAAGACGGGTGG-1,0.000022,0.999935,0.000022,0.000022
ACACAAATATTCCTAG-1,0.020896,0.000617,0.521335,0.457153
ACACACCAGGACCAGT-1,0.020869,0.784171,0.162047,0.032913
ACACACTTTCTACACG-1,0.042653,0.420634,0.375933,0.16078
ACACATGATCAAATCT-1,0.004043,0.652005,0.070733,0.273219
ACACATTTCCGTAGAC-1,0.615372,0.101885,0.151907,0.130836
ACACCACATAATTAGC-1,0.000039,0.645227,0.311993,0.042742
ACACCCAGCATGCAGC-1,0.000033,0.948405,0.000064,0.051497
ACACCCGAGAAATCCG-1,0.010513,0.82807,0.118475,0.042943
ACACCGAGCGCTCTTT-1,0.006203,0.379239,0.494934,0.119625
ACACCGGTCTGACCGC-1,0.017655,0.535575,0.327126,0.119644
ACACCTTAAGTAGGGC-1,0.000077,0.424754,0.484284,0.090885
ACACCTTACTACTTGC-1,0.027512,0.917035,0.055434,0.000018
ACACGAGACTCCTTCT-1,0.000079,0.262875,0.281643,0.455403
ACACGGCACTATGCAT-1,0.000052,0.967938,0.031957,0.000052
ACACGGGAACTTAGGG-1,0.003152,0.168633,0.000121,0.828094
ACACGTAGGCCACAAG-1,0.275887,0.360234,0.166217,0.197663
ACACTCCAATGTCACT-1,0.035647,0.783552,0.107716,0.073085
ACACTGATCAAGGTGT-1,0.000072,0.525138,0.466438,0.008352
ACACTGGGACAGTCGT-1,0.38388,0.297951,0.089544,0.228625
ACAGAACTGAGAACAA-1,0.000039,0.709399,0.227016,0.063546
ACAGATTAGGTTAGTG-1,0.004549,0.976458,0.002234,0.016759
ACAGCATAGAGCCAGT-1,0.000036,0.999892,0.000036,0.000036
ACAGCGACATTCTCAT-1,0.081632,0.918336,0.000016,0.000016
ACAGCGCACCCGCAGC-1,0.000042,0.848758,0.118754,0.032446
ACAGGCACGGATCCTT-1,0.999838,0.000122,0.000021,0.00002
ACAGGCTTGCCCGACT-1,0.128719,0.36651,0.503045,0.001725
ACAGGTGGAGGTGAGG-1,0.000054,0.345195,0.618761,0.035989
ACAGTAATACAACTTG-1,0.000064,0.103582,0.034796,0.861558
ACAGTATACCGTGGGA-1,0.04592,0.558135,0.00773,0.388215
ACAGTGCAGCGCATTT-1,0.020413,0.000287,0.156989,0.822312
ACATAAGTCGTGGTGA-1,0.008627,0.745461,0.194216,0.051697
ACATAATAAGGCGGTG-1,0.018889,0.721805,0.219155,0.040151
ACATACAATCAAGCGG-1,0.82493,0.000466,0.148348,0.026256
ACATCAGCTGGGACGC-1,0.000041,0.823431,0.164701,0.011827
ACATCCCGGCCATACG-1,0.031282,0.605165,0.190933,0.172619
ACATCCTGGTAACTGT-1,0.1661,0.770682,0.060043,0.003175
ACATCGATCGTTTACC-1,0.000023,0.99993,0.000023,0.000023
ACATCGGTCAGCCGCG-1,0.160839,0.113647,0.144058,0.581455
ACATCGTATGCAATGG-1,0.055981,0.921646,0.015213,0.00716
ACATCGTTAACCTAGT-1,0.000044,0.83679,0.082157,0.081008
ACATCTCAACGCGTAA-1,0.028332,0.717308,0.247939,0.006421
ACATGCTTACGGCAGC-1,0.036365,0.705601,0.148254,0.109779
ACATGGCGCCAAAGTA-1,0.10305,0.624972,0.204184,0.067795
ACATTAGTTTATATCC-1,0.000029,0.99635,0.003592,0.000029
ACATTCGCGCGGAATA-1,0.011067,0.844439,0.144481,0.000013
ACATTTGAAACCTAAC-1,0.933376,0.000132,0.014492,0.052
ACCAAACACCCAGCGA-1,0.036167,0.249736,0.060828,0.653269
ACCAAACTAGAAATCC-1,0.000045,0.623333,0.345996,0.030626
ACCAACACCACACACT-1,0.000073,0.040639,0.026249,0.933039
ACCAACCGCACTCCAC-1,0.832841,0.119647,0.00002,0.047491
ACCAACGCTTATTTAT-1,0.000052,0.588537,0.189976,0.221435
ACCAAGAACGCGTGTC-1,0.014837,0.824067,0.161057,0.000038
ACCAAGTCATCGGCAG-1,0.713172,0.20499,0.002528,0.079311
ACCAATATGCAAGTTA-1,0.014645,0.65393,0.221117,0.110309
ACCACAACTCAGAACA-1,0.000019,0.999944,0.000019,0.000019
ACCACAAGTTTCTATC-1,0.003982,0.268206,0.001486,0.726326
ACCACACGGTTGATGG-1,0.968855,0.017957,0.000032,0.013156
ACCACCAATGTAACAA-1,0.062066,0.769617,0.157376,0.010941
ACCACCCTCTCTTCTA-1,0.000863,0.003003,0.000032,0.996102
ACCACGTGCAGCTATA-1,0.085108,0.439744,0.24265,0.232499
ACCAGACCATAACAAC-1,0.026843,0.362664,0.265328,0.345165
ACCAGCCCGGTCTTTG-1,0.046555,0.594583,0.343694,0.015168
ACCAGGAGTGTGATCT-1,0.039385,0.882896,0.041618,0.036102
ACCAGTGCCCGGTCAA-1,0.000034,0.863388,0.037453,0.099125
ACCAGTGCGGGAGACG-1,0.000015,0.996951,0.003018,0.000015
ACCATATCCGCAATAA-1,0.05254,0.776353,0.031468,0.139639
ACCATCGTATATGGTA-1,0.010536,0.748077,0.171998,0.069389
ACCCAACGCCCGTGGC-1,0.000053,0.767703,0.125079,0.107166
ACCCACCTACATGCTC-1,0.052578,0.794007,0.152954,0.000461
ACCCATCTTGAGGGTA-1,0.000123,0.000739,0.309244,0.689894
ACCCATTTGTCCCTCT-1,0.106398,0.818144,0.00002,0.075438
ACCCGAGCGAAATTAC-1,0.003111,0.937051,0.001526,0.058313
ACCCGATTGGTTCCGA-1,0.038518,0.740972,0.086245,0.134264
ACCCGGAAACTCCCAG-1,0.007056,0.908718,0.083965,0.000261
ACCCGGATGACGCATC-1,0.000034,0.521058,0.084234,0.394674
ACCCGGTTACACTTCC-1,0.000039,0.807508,0.012199,0.180254
ACCCGTAGCAGAGAAT-1,0.010932,0.701166,0.170495,0.117408
ACCCGTAGTCTAGTTG-1,0.708472,0.051625,0.184338,0.055564
ACCCGTGTCATCAGTA-1,0.043579,0.906224,0.044106,0.006091
ACCCTATAGGACTGAG-1,0.000049,0.73146,0.268442,0.000049
ACCCTATGCCATATCG-1,0.00002,0.999941,0.00002,0.00002
ACCCTCCCGTCAGGGC-1,0.802543,0.197422,0.000017,0.000017
ACCCTCCCTTGCTATT-1,0.000026,0.841768,0.125789,0.032417
ACCCTGGTAACGCCCT-1,0.064571,0.239915,0.000075,0.695439
ACCCTTCATCTGCGAA-1,0.004978,0.728442,0.000055,0.266525
ACCCTTGCCTGGGTCG-1,0.000076,0.244596,0.311383,0.443945
ACCCTTTAGTTCTCCA-1,0.03747,0.586543,0.342774,0.033213
ACCGAAAGGGCCCTGC-1,0.159083,0.65677,0.171398,0.01275
ACCGAAGAGTCTGGTT-1,0.050119,0.9046,0.041821,0.00346
ACCGACACATCTCCCA-1,0.062519,0.736512,0.200944,0.000025
ACCGACTGAGTCCCAC-1,0.014196,0.162325,0.087308,0.736171
ACCGAGTCTCCTTATT-1,0.606827,0.300267,0.000757,0.09215
ACCGATAGGCATAACC-1,0.77762,0.170553,0.030792,0.021035
ACCGATATTTAATCAT-1,0.528927,0.286819,0.153686,0.030568
ACCGATGGTAGCATCG-1,0.000032,0.858575,0.08943,0.051963
ACCGCAATAACTGCCT-1,0.027616,0.566143,0.244519,0.161722
ACCGCGGTGGAAGTCG-1,0.00233,0.90227,0.062916,0.032484
ACCGCTAGTCATTGGT-1,0.017049,0.751037,0.231726,0.000188
ACCGGGCCTTTGTTGA-1,0.000037,0.580455,0.418888,0.000621
ACCGGTCAGGTACACC-1,0.002804,0.995486,0.000014,0.001696
ACCGGTCTGAGTACGG-1,0.034726,0.93581,0.003333,0.026131
ACCGTCCACTGGGCCC-1,0.017207,0.92416,0.010694,0.047939
ACCGTGACCACGTGGG-1,0.106024,0.759135,0.125228,0.009614
ACCGTTCCCGCTCTGA-1,0.00853,0.920829,0.070592,0.000049
ACCTAAGTACCTTTCA-1,0.003841,0.996115,0.000022,0.000022
ACCTAATCGACTTCCT-1,0.000086,0.221052,0.213206,0.565657
ACCTACAGTATGTGGT-1,0.066152,0.734564,0.199132,0.000151
ACCTACTATAAATCTA-1,0.023666,0.494879,0.470868,0.010588
ACCTCCGCCCTCGCTG-1,0.352248,0.359864,0.264833,0.023054
ACCTCCGTTATTCACC-1,0.000013,0.999961,0.000013,0.000013
ACCTCGAACTTATGCT-1,0.067779,0.777368,0.034019,0.120834
ACCTGCGTGTCATGTT-1,0.000129,0.000774,0.000129,0.998968
ACCTTTCCTTTAGAAG-1,0.000059,0.642065,0.357816,0.000059
ACGAAATGGGCGGCAC-1,0.000026,0.98286,0.010863,0.006251
ACGACTCTAGGGCCGA-1,0.917977,0.004394,0.076363,0.001266
ACGACTGGTCATACTC-1,0.039713,0.903612,0.042142,0.014532
ACGAGAACCCATCACG-1,0.000024,0.897286,0.102666,0.000024
ACGAGATATTTGCTTA-1,0.000075,0.698424,0.301426,0.000075
ACGAGGATACCACTCT-1,0.000103,0.154185,0.403733,0.441979
ACGAGGTTTACAACGT-1,0.000017,0.952738,0.04218,0.005065
ACGAGTACGGATGCCC-1,0.000022,0.965986,0.000022,0.033969
ACGATACATAGAACTA-1,0.000081,0.116959,0.343414,0.539546
ACGATCATACATAGAG-1,0.000059,0.629366,0.189998,0.180577
ACGATCATCTTGTAAA-1,0.000021,0.999936,0.000021,0.000021
ACGATGCATATGTTAT-1,0.031521,0.187781,0.063321,0.717377
ACGATGGATCCGATGC-1,0.000021,0.999937,0.000021,0.000021
ACGCAAACTAATAGAT-1,0.015686,0.799357,0.179531,0.005426
ACGCAATCACTACAGC-1,0.000092,0.380039,0.359955,0.259913
ACGCATAAATGACATG-1,0.000019,0.944915,0.046645,0.008421
ACGCATACGTTTACTA-1,0.019427,0.973604,0.006952,0.000017
ACGCATTCGTGAGTAC-1,0.000104,0.308982,0.465754,0.22516
ACGCCACTCGAAACAG-1,0.811954,0.144151,0.000395,0.0435
ACGCCAGATGATTTCT-1,0.000062,0.661945,0.337931,0.000062
ACGCCAGTGCGTTTGC-1,0.931595,0.000141,0.000024,0.06824
ACGCCCAGCTGTCGAT-1,0.00004,0.858701,0.00928,0.131979
ACGCCGCTAGACGACC-1,0.000037,0.79019,0.209735,0.000037
ACGCGAAGTCAGACGA-1,0.036775,0.909409,0.053785,0.000031
ACGCGCTACACAGGGT-1,0.000074,0.071594,0.12623,0.802102
ACGCGGGCCAAGGACA-1,0.000047,0.633746,0.25109,0.115117
ACGCGTTTCTTAAGAG-1,0.011083,0.380131,0.593958,0.014828
ACGCTACTGAATGGGC-1,0.714103,0.054892,0.178345,0.052661
ACGCTAGTATCAGTGC-1,0.04346,0.678885,0.104997,0.172659
ACGCTAGTGATACACT-1,0.000026,0.954958,0.019557,0.025459
ACGCTGTGAGGCGTAG-1,0.000168,0.001006,0.273118,0.725708
ACGCTTAGTGTCTCTC-1,0.00006,0.593817,0.327016,0.079107
ACGGAACACGAGTGCC-1,0.912104,0.000087,0.000015,0.087794
ACGGAATTTAGCAAAT-1,0.018291,0.817517,0.15477,0.009422
ACGGACGCAGCGACAA-1,0.011552,0.796116,0.066586,0.125746
ACGGACTCTCAAAGCG-1,0.015415,0.699805,0.283074,0.001706
ACGGAGCGCAAATTAC-1,0.000107,0.315133,0.205395,0.479365
ACGGATGGTGCGGATA-1,0.024987,0.587215,0.30291,0.084887
ACGGCACTTGCTTGGG-1,0.000027,0.935206,0.06474,0.000027
ACGGCCAACATGGACT-1,0.000085,0.770661,0.13888,0.090374
ACGGCGACGATGGGAA-1,0.000017,0.934203,0.001804,0.063976
ACGGCGGGTTGCCCTG-1,0.015237,0.574644,0.380249,0.029871
ACGGCTGGATGTAGAA-1,0.009222,0.663181,0.240732,0.086864
ACGGGAGTGTCGGCCC-1,0.038098,0.041384,0.37381,0.546708
ACGGGCGTATGCGACA-1,0.000041,0.464071,0.240621,0.295267
ACGGGTCATGTGACTT-1,0.054427,0.523609,0.377307,0.044657
ACGGGTTGTGACCTGT-1,0.000011,0.940876,0.021363,0.03775
ACGGTACAGTTCAATG-1,0.87525,0.057316,0.026885,0.04055
ACGGTCACCGAGAACA-1,0.025242,0.594522,0.253406,0.12683
ACGTACAGATTTCTCT-1,0.000027,0.99992,0.000027,0.000027
ACGTACTTTGGCACGG-1,0.089416,0.735884,0.082327,0.092373
ACGTAGATTGCTGATG-1,0.000034,0.71134,0.000034,0.288591
ACGTAGGAGAGTCGCT-1,0.299805,0.312806,0.342423,0.044967
ACGTATTACTCCGATC-1,0.038064,0.591112,0.296104,0.07472
ACGTCCTAAACGAGAT-1,0.00583,0.940438,0.035252,0.018481
ACGTCTCGTTCCGGGA-1,0.054463,0.391709,0.012548,0.541281
ACGTGACAAAGTAAGT-1,0.006311,0.208715,0.165898,0.619077
ACGTGCGCCTCGTGCA-1,0.016929,0.730521,0.1179,0.13465
ACGTGGTCGAATGTGC-1,0.07385,0.732487,0.193631,0.000032
ACGTTAATGTCGAAGA-1,0.000023,0.846627,0.000023,0.153327
ACGTTAGATTTGCCCG-1,0.000088,0.087207,0.181769,0.730936
ACGTTATTGGTCACTC-1,0.009842,0.79241,0.197711,0.000038
ACGTTCACTATGCCGC-1,0.251016,0.660998,0.051621,0.036366
ACGTTCCGCGCTCCGT-1,0.000045,0.83381,0.135885,0.03026
ACGTTCGCAATCAATT-1,0.000022,0.877069,0.122887,0.000022
ACGTTCGTTCAGGAAA-1,0.054897,0.861027,0.084057,0.000019
ACGTTCTGTACAAGTC-1,0.631169,0.102195,0.266585,0.000052
ACGTTGTCGTTGAAAG-1,0.001846,0.601443,0.253236,0.143475
ACGTTTAGTTGTGATC-1,0.000082,0.671286,0.09824,0.230392
ACTAAGGACGCACACC-1,0.000021,0.649542,0.241434,0.109002
ACTAATACGTCAGGCG-1,0.000071,0.668674,0.321995,0.009261
ACTACAAAGAGAGGTG-1,0.013482,0.979114,0.004441,0.002964
ACTACATCCCGACAAG-1,0.003639,0.99435,0.001997,0.000013
ACTACCAGCTCTCTGG-1,0.000033,0.999901,0.000033,0.000033
ACTACCATCCGAGGGC-1,0.05277,0.82479,0.122429,0.000011
ACTACGCGTTAGAATT-1,0.027047,0.91776,0.045153,0.010039
ACTAGTTGCGATCGTC-1,0.019018,0.681794,0.299152,0.000036
ACTATATGCTGTGTTC-1,0.000034,0.97154,0.028393,0.000034
ACTATCCAGGGCATGG-1,0.105002,0.640535,0.235538,0.018925
ACTATCTGCCCGCGTA-1,0.083186,0.915815,0.000984,0.000016
ACTATGTCCAGCTGCC-1,0.101382,0.556915,0.30189,0.039812
ACTATTCGTCCGTGGT-1,0.013078,0.677266,0.266259,0.043396
ACTATTTCCGGGCCCA-1,0.000021,0.980279,0.019679,0.000021
ACTCAACGAATGTATT-1,0.180694,0.461258,0.35798,0.000068
ACTCAAGTGCAAGGCT-1,0.018207,0.801635,0.118073,0.062085
ACTCAATAAAGGCACG-1,0.000063,0.447845,0.220721,0.331372
ACTCAGACCTGCTTCT-1,0.009282,0.71759,0.273079,0.00005
ACTCATGGCAGCCTTC-1,0.000025,0.786778,0.208915,0.004282
ACTCCAATATCATCAT-1,0.000011,0.999966,0.000011,0.000011
ACTCCCATTCCTAAAG-1,0.057748,0.306026,0.058816,0.577411
ACTCCCGAATTCGTTT-1,0.064287,0.514805,0.046251,0.374657
ACTCCCGTAGACTAGG-1,0.011577,0.000306,0.000051,0.988066
ACTCCCTAATGCTAAA-1,0.033195,0.649161,0.317119,0.000526
ACTCCCTAGAATAGTA-1,0.04038,0.882191,0.077403,0.000025
ACTCCGGCCGACCACT-1,0.829476,0.046758,0.123093,0.000673
ACTCGATGTATTTCAT-1,0.006855,0.925965,0.067143,0.000037
ACTCGCCGTTCGATAA-1,0.794751,0.003859,0.000027,0.201363
ACTCGTAACCCGTCCT-1,0.000072,0.185464,0.224132,0.590332
ACTCGTCAGTAATCCC-1,0.002753,0.693048,0.280495,0.023704
ACTCTCTGACTTAGGT-1,0.02861,0.901195,0.045623,0.024571
ACTCTCTTATACACGA-1,0.000053,0.76667,0.233223,0.000053
ACTCTGACCTAATAGA-1,0.561875,0.438099,0.000013,0.000013
ACTCTTGTATAGTAAC-1,0.007431,0.888789,0.001716,0.102064
ACTGAAACGCCGTTAG-1,0.026112,0.971628,0.000011,0.00225
ACTGAATGGCGAAAGT-1,0.013675,0.953474,0.00001,0.032841
ACTGATTTAGTGATTC-1,0.000048,0.999855,0.000048,0.000048
ACTGCCCGCCATTCTC-1,0.004888,0.876741,0.055423,0.062949
ACTGCCGTCGTAACTC-1,0.000033,0.999901,0.000033,0.000033
ACTGCGGACACACCGT-1,0.00709,0.772226,0.195251,0.025433
ACTGCTCGGAAGGATG-1,0.012713,0.632187,0.126933,0.228168
ACTGGCGAACCTGCGT-1,0.000023,0.828872,0.145761,0.025345
ACTGGGATGCCAGTGC-1,0.041774,0.8006,0.075967,0.081659
ACTGTACGATACACAT-1,0.00005,0.566143,0.055769,0.378038
ACTGTAGCACTTTGGA-1,0.000052,0.874263,0.103974,0.021711
ACTGTATACGCGAGCA-1,0.000033,0.993059,0.006874,0.000033
ACTGTCCAGGATTATA-1,0.016093,0.262186,0.096086,0.625635
ACTGTCTTCTTTAGAA-1,0.000095,0.114167,0.169168,0.71657
ACTGTGCTAGTAGATC-1,0.037567,0.496891,0.465392,0.00015
ACTGTTTAGTGTAGGC-1,0.000083,0.657876,0.341957,0.000083
ACTTACCGGGCGCGCA-1,0.000045,0.930296,0.06864,0.001019
ACTTACGCATCCACGC-1,0.062483,0.899343,0.000049,0.038126
ACTTAGTACGACAAGA-1,0.046124,0.953797,0.000059,0.000021
ACTTATACTTACCCGG-1,0.023279,0.976692,0.000015,0.000015
ACTTATCTGATCTATA-1,0.086909,0.620484,0.259582,0.033025
ACTTATTAGGATCGGT-1,0.000036,0.718866,0.012957,0.268141
ACTTATTTATGTGCCA-1,0.00005,0.663043,0.199195,0.137713
ACTTCAGGCTGATCCC-1,0.00002,0.999883,0.00002,0.000078
ACTTCCAGTGGAAGCT-1,0.024688,0.96186,0.008765,0.004687
ACTTCCATGCGGGACA-1,0.062763,0.775368,0.161846,0.000023
ACTTCCTGTCGTGCGA-1,0.10664,0.58141,0.016792,0.295158
ACTTCGCCATACGCAC-1,0.00012,0.078208,0.019849,0.901823
ACTTCGCTAGCGAGTG-1,0.026033,0.75554,0.124847,0.09358
ACTTGACTCCCTCTTT-1,0.02751,0.803931,0.023451,0.145108
ACTTGCCATATTGTAC-1,0.05327,0.52897,0.241591,0.17617
ACTTGCTCTATCTACC-1,0.038476,0.783622,0.097652,0.08025
ACTTGGGACCCGGTGG-1,0.000045,0.354843,0.044097,0.601016
ACTTGTGGATGGAACG-1,0.00858,0.834584,0.114441,0.042396
ACTTGTTACCGGATCA-1,0.244805,0.719527,0.035646,0.000023
ACTTTACCCTCATGAA-1,0.025016,0.974945,0.000019,0.000019
ACTTTATACACCACTT-1,0.174769,0.564563,0.219737,0.040931
ACTTTCCTATAGCTTC-1,0.051915,0.100867,0.000644,0.846574
ACTTTGACTGCATCCT-1,0.000141,0.000846,0.242574,0.756439
ACTTTGGTCGTGCTCC-1,0.016708,0.721309,0.259355,0.002628
ACTTTGTCGACGCACT-1,0.663527,0.151419,0.162451,0.022603
AGAAATTATGACTCGC-1,0.026428,0.628554,0.344998,0.00002
AGAACACGGCGATGGT-1,0.04034,0.716402,0.169113,0.074145
AGAACCCAGCGTGACA-1,0.252894,0.447282,0.208131,0.091693
AGAACCCTCAATTGGG-1,0.015748,0.984232,0.00001,0.00001
AGAACGTGGTACATTC-1,0.000106,0.105274,0.379907,0.514713
AGAACTGTACTTTGTA-1,0.999819,0.000136,0.000023,0.000023
AGAAGAGCGCCGTTCC-1,0.000386,0.845494,0.153734,0.000386
AGAAGGTACACTTCAC-1,0.000022,0.985072,0.000022,0.014883
AGAAGGTTGCCGAATT-1,0.059765,0.909017,0.002096,0.029123
AGAAGGTTGTAGGTCG-1,0.117989,0.647732,0.233658,0.000621
AGAAGTGATTCGTGAT-1,0.000044,0.741602,0.212965,0.045389
AGAATAAATCTTCAGG-1,0.000091,0.000544,0.342467,0.656899
AGAATACAGGCTATCC-1,0.801492,0.000294,0.001884,0.196329
AGAATGCGGGTTCGGA-1,0.024523,0.969262,0.006191,0.000024
AGAATTATGGATTCGA-1,0.000037,0.675455,0.304254,0.020254
AGAATTGTTTGACATA-1,0.000017,0.999948,0.000017,0.000017
AGACAGCTCAGAATCC-1,0.529741,0.403622,0.066599,0.000038
AGACATAGATCCTTCC-1,0.000029,0.970261,0.0285,0.00121
AGACCAAACCACACCT-1,0.006644,0.46491,0.171217,0.357229
AGACCATGGGATACAA-1,0.000038,0.981316,0.018607,0.000038
AGACCCACCGCTGATC-1,0.000042,0.707138,0.292779,0.000042
AGACCCGCCCTCCTCG-1,0.000043,0.609032,0.014807,0.376118
AGACCGCTCCGCGGTT-1,0.220501,0.632371,0.082369,0.064759
AGACCGGGAAACCCTG-1,0.024032,0.359529,0.000098,0.616341
AGACGAAGTGCCGGTC-1,0.03604,0.719758,0.092924,0.151277
AGACGACGATGCCGCT-1,0.000027,0.955899,0.037079,0.006995
AGACGCCCACTTCGCC-1,0.715618,0.150888,0.027484,0.10601
AGACGGGATTGGTATA-1,0.014831,0.449743,0.454612,0.080814
AGACGGGCCGATTTAA-1,0.000042,0.797809,0.178687,0.023462
AGACTAGCCTTCCAGA-1,0.000068,0.596855,0.115907,0.28717
AGACTGTTACCGGGTC-1,0.034383,0.735911,0.082335,0.14737
AGAGAAACACCAGAAA-1,0.000019,0.746638,0.241756,0.011586
AGAGAACCGTCTAGGA-1,0.000087,0.069444,0.406904,0.523565
AGAGAAGGAGTACAAT-1,0.012227,0.935639,0.052115,0.000019
AGAGATCTCTAAAGCG-1,0.011965,0.26048,0.000072,0.727483
AGAGCAGTTATGAGAC-1,0.000021,0.993873,0.004674,0.001432
AGAGCCGCCGAGATTT-1,0.273078,0.413789,0.28047,0.032663
AGAGCGGGCTAATCAT-1,0.216691,0.435901,0.337462,0.009946
AGAGCGTACAAGCTCG-1,0.000039,0.914541,0.028319,0.0571
AGAGCTACGAAAGCAT-1,0.020232,0.849659,0.110597,0.019512
AGAGGCTTCGGAAACC-1,0.065381,0.79531,0.136935,0.002374
AGAGGGACAATTGTCC-1,0.000012,0.999965,0.000012,0.000012
AGAGGTATCTCGGTCC-1,0.000052,0.755081,0.244815,0.000052
AGAGTAAACTTCACTA-1,0.05798,0.81837,0.038997,0.084652
AGAGTATAGTGTTACG-1,0.000067,0.542988,0.355523,0.101421
AGAGTGAACAGACACC-1,0.047217,0.760613,0.091499,0.100671
AGAGTTAGAGACCGAT-1,0.000044,0.967573,0.031739,0.000645
AGAGTTGCAGGCCTCC-1,0.00003,0.555237,0.326295,0.118438
AGATAACTTCAGGGCC-1,0.004105,0.105632,0.000044,0.890219
AGATACCAATAGAACC-1,0.857709,0.05262,0.089641,0.00003
AGATACCAGCACTTCA-1,0.000116,0.064415,0.335276,0.600192
AGATACCGGTGTTCAC-1,0.026754,0.004403,0.217795,0.751047
AGATACGACTTCATAT-1,0.076262,0.866213,0.057488,0.000037
AGATACTCAAGATCGA-1,0.00004,0.621538,0.249146,0.129276
AGATATAATACGACTA-1,0.020198,0.630776,0.141944,0.207082
AGATCGTGCATAAGAT-1,0.005156,0.0243,0.000054,0.970489
AGATCTCAGGTGTGAT-1,0.00699,0.106105,0.42866,0.458245
AGATCTGGAGAGGATA-1,0.040668,0.715562,0.187203,0.056567
AGATGACTCGCCCACG-1,0.000057,0.854704,0.059327,0.085912
AGATGAGGGTTGCGAT-1,0.000045,0.751978,0.183359,0.064618
AGATGATGGAGTCTGG-1,0.000031,0.943614,0.056325,0.000031
AGATGCAAGACGTGCA-1,0.023635,0.69967,0.163281,0.113414
AGATTATAGGACGTTT-1,0.000056,0.876873,0.095605,0.027466
AGATTCAAGCGGGTCG-1,0.000066,0.285386,0.673903,0.040644
AGATTCACAACCGATA-1,0.000014,0.987403,0.000467,0.012116
AGCAAAGGCCGCTAGT-1,0.033696,0.596181,0.339552,0.03057
AGCAACATATCTTATT-1,0.056012,0.623284,0.320665,0.000038
AGCAACCGAAAGTAAT-1,0.024292,0.913707,0.035319,0.026682
AGCACACGTTTAGACT-1,0.012665,0.853589,0.055074,0.078672
AGCACCAGTACTCACG-1,0.000072,0.07869,0.000072,0.921167
AGCACTACCGGCCTGT-1,0.000065,0.318245,0.464619,0.21707
AGCACTACCTCACCAG-1,0.07359,0.890315,0.033195,0.002901
AGCACTTAAGGACGCC-1,0.016691,0.307619,0.327134,0.348555
AGCAGAAGGAGAAAGA-1,0.013543,0.934578,0.004351,0.047528
AGCAGCCAGATGAATA-1,0.023246,0.931141,0.027174,0.018438
AGCAGTCGAAGCATGC-1,0.914251,0.000097,0.000016,0.085635
AGCATATCAATATGCT-1,0.080587,0.897836,0.021556,0.000021
AGCATCATTTCGAAAG-1,0.000022,0.86088,0.000022,0.139076
AGCATCGTCGATAATT-1,0.000053,0.518863,0.062444,0.41864
AGCATTACGAGGCAAG-1,0.999823,0.000133,0.000022,0.000022
AGCCAAGCTTTGTGTC-1,0.030819,0.692555,0.241841,0.034785
AGCCACAGGTTACCCG-1,0.112141,0.77293,0.071044,0.043884
AGCCACTCCCGTGCTT-1,0.00006,0.074365,0.00006,0.925515
AGCCATATAGTATGTG-1,0.165294,0.83195,0.001458,0.001298
AGCCCATACATGTAAG-1,0.086954,0.193595,0.001705,0.717745
AGCCCGCAACAAGCAG-1,0.002964,0.996953,0.000076,0.000007
AGCCCGCACTACAATG-1,0.994804,0.00011,0.000018,0.005068
AGCCCGGCATTAGAGG-1,0.004617,0.813082,0.179961,0.00234
AGCCCGGTAGCCTGTA-1,0.000018,0.878032,0.116787,0.005163
AGCCCTAAGCGAAGTT-1,0.000032,0.997304,0.002633,0.000032
AGCCCTCCCTGGTGGC-1,0.000017,0.927768,0.054434,0.017781
AGCCCTGTCGCACCGT-1,0.000021,0.742585,0.055334,0.20206
AGCCCTTCTAATCCGA-1,0.000105,0.15318,0.612722,0.233993
AGCCCTTGGACATCCC-1,0.443257,0.556709,0.000017,0.000017
AGCCGTGGCTAAATGT-1,0.000061,0.458754,0.489555,0.05163
AGCCTAATACCCACGT-1,0.032644,0.057327,0.360526,0.549503
AGCCTTAAAGCGGAAG-1,0.009299,0.760763,0.200187,0.029751
AGCGACAGGAACGGTC-1,0.000036,0.783424,0.148983,0.067557
AGCGACATCCCATTCA-1,0.000051,0.864421,0.09389,0.041638
AGCGACCAACGATATT-1,0.000028,0.988355,0.000028,0.011589
AGCGAGACGTGAAGGC-1,0.005793,0.585117,0.396949,0.012141
AGCGATGCGCCTAATA-1,0.60326,0.088393,0.22961,0.078738
AGCGCATAATGAATCG-1,0.00987,0.987995,0.002118,0.000017
AGCGCGGGTGCCAATG-1,0.000065,0.000391,0.075016,0.924529
AGCGCTAGAGCGATGT-1,0.03272,0.636837,0.317888,0.012556
AGCGCTTATGGGCAAG-1,0.000052,0.954736,0.045161,0.000052
AGCGGACACTTCGTAG-1,0.019329,0.798215,0.122271,0.060185
AGCGGCGGTTAGCGGT-1,0.040362,0.068169,0.429092,0.462377
AGCGGGAAGGGTCCAT-1,0.02226,0.502151,0.475512,0.000077
AGCGGGTCTGACACTC-1,0.002499,0.994817,0.000549,0.002135
AGCGGTTGAGATGTAC-1,0.021761,0.483813,0.378673,0.115753
AGCGGTTGCCGCTCTG-1,0.000122,0.039569,0.298319,0.66199
AGCGTACGAGAGCTAG-1,0.042192,0.751357,0.078837,0.127614
AGCGTCTGAACCCGCA-1,0.000031,0.871934,0.128003,0.000031
AGCGTGGTATTCTACT-1,0.000431,0.950088,0.040542,0.008939
AGCGTTCCGATTTAAA-1,0.000032,0.752406,0.063155,0.184407
AGCTAACAAGCAATGT-1,0.000024,0.760214,0.202288,0.037474
AGCTAAGCTCCGTCCG-1,0.049271,0.887414,0.001057,0.062258
AGCTAAGTACGCAGGC-1,0.216796,0.284075,0.333083,0.166046
AGCTAGAAGCAGAAGT-1,0.011336,0.06659,0.430667,0.491406
AGCTATTTAATCCAAC-1,0.000044,0.804053,0.195859,0.000044
AGCTCCATATATGTTC-1,0.082915,0.756916,0.151759,0.00841
AGCTCCTTCGCACATC-1,0.002341,0.801715,0.085512,0.110432
AGCTCGTTGATGGAAA-1,0.006295,0.000548,0.352599,0.640558
AGCTCTAGACGTTCCA-1,0.000035,0.846012,0.123575,0.030378
AGCTCTTCCCAGTGCA-1,0.000041,0.879442,0.120475,0.000041
AGCTCTTCGTAACCTT-1,0.020429,0.669757,0.267962,0.041851
AGCTCTTTACTCAGTT-1,0.000054,0.782369,0.202448,0.015129
AGCTGAAGTAAACCAA-1,0.000033,0.866616,0.118796,0.014555
AGCTGCATTTGAGGTG-1,0.000047,0.081062,0.467641,0.45125
AGCTGCTGTGCCGAAT-1,0.046726,0.083315,0.376834,0.493125
AGCTGTAACCTCAATC-1,0.011882,0.691614,0.107918,0.188586
AGCTTATAGAGACCTG-1,0.000042,0.922904,0.077012,0.000042
AGCTTCAATACTTTGA-1,0.064662,0.688349,0.24074,0.006249
AGCTTCTTCTCGAGCA-1,0.897752,0.065983,0.027151,0.009115
AGCTTGATCAGGGTAG-1,0.111002,0.641188,0.2472,0.00061
AGGAACGAACGACTTC-1,0.753862,0.080762,0.122643,0.042733
AGGAAGCTGTCCGCCG-1,0.073338,0.822612,0.104034,0.000016
AGGACAGTCGAATCCC-1,0.042782,0.848207,0.086422,0.022588
AGGACATCGCACGTCG-1,0.000047,0.908537,0.044681,0.046734
AGGACATCGGCACACT-1,0.6795,0.171815,0.078672,0.070014
AGGACGACCCATTAGA-1,0.003899,0.789947,0.004743,0.201411
AGGACGCTCGATGTTG-1,0.085761,0.581408,0.013449,0.319382
AGGAGACATCCACAGT-1,0.00007,0.163327,0.197197,0.639406
AGGAGAGTCTGGCTAC-1,0.021966,0.939346,0.011254,0.027434
AGGAGGCCTTCGCGCG-1,0.041537,0.912523,0.032698,0.013243
AGGATAAAGTCGGGAT-1,0.002863,0.989182,0.007935,0.00002
AGGATATAGGGATTTA-1,0.023678,0.63778,0.068468,0.270073
AGGATATCCGACTGCA-1,0.916263,0.054989,0.006048,0.022699
AGGATCACGCGATCTG-1,0.000087,0.000524,0.109928,0.88946
AGGATTGCTTACGACA-1,0.000038,0.725989,0.273935,0.000038
AGGCAAAGAGGAATCA-1,0.007222,0.952859,0.039895,0.000024
AGGCACGTGACTGTCC-1,0.11665,0.321052,0.285677,0.27662
AGGCAGATGCGTAAAC-1,0.001629,0.003993,0.000218,0.994161
AGGCAGGGAGCGTACT-1,0.053358,0.787044,0.159566,0.000032
AGGCATTGTCGTAGGG-1,0.035886,0.959971,0.004125,0.000017
AGGCCACCCGTTATGA-1,0.000035,0.975523,0.001928,0.022515
AGGCCCAGTGACTGGT-1,0.072326,0.549827,0.343551,0.034296
AGGCCCATTGTACAGG-1,0.000056,0.819663,0.175199,0.005082
AGGCCCTAGAACGCCA-1,0.000067,0.000404,0.005997,0.993531
AGGCCTATCATACCAA-1,0.078088,0.915812,0.005328,0.000772
AGGCCTGAGAATCTCG-1,0.071579,0.302005,0.622243,0.004174
AGGCGGTTTGTCCCGC-1,0.048639,0.655743,0.01885,0.276768
AGGCGTCTATGGACGG-1,0.000077,0.518606,0.086943,0.394373
AGGCTATGGTTAGCTT-1,0.011934,0.883598,0.04753,0.056938
AGGCTTCCCGAAGAAG-1,0.005304,0.955919,0.020352,0.018425
AGGCTTGCTAGACACC-1,0.000036,0.999893,0.000036,0.000036
AGGGAAACGAGGTACT-1,0.000035,0.996819,0.003112,0.000035
