Barcode,Topic 1,Topic 2to7,Topic 8,Topic 9to10
AAACAAGTATCTCCCA-1,0.734542,0.000246,0.083976,0.181236
AAACACCAATAACTGC-1,0.00241,0.696666,0.000023,0.300902
AAACAGAGCGACTCCT-1,0.000031,0.93238,0.010924,0.056665
AAACAGCTTTCAGAAG-1,0.068264,0.315158,0.223877,0.392701
AAACAGGGTCTATATT-1,0.000096,0.012595,0.604903,0.382406
AAACAGTGTTCCTGGG-1,0.000012,0.680031,0.070595,0.249363
AAACATGGTGAGAGGA-1,0.057117,0.448844,0.074312,0.419726
AAACATTTCCCGGATT-1,0.772174,0.000463,0.227208,0.000154
AAACCACTACACAGAT-1,0.070092,0.000397,0.209825,0.719685
AAACCCGAACGAAATC-1,0.502238,0.014783,0.476244,0.006736
AAACCGGAAATGTTAA-1,0.578309,0.38556,0.000026,0.036105
AAACCGGGTAGGTACC-1,0.000059,0.489031,0.325712,0.185198
AAACCGTTCGTCCAGG-1,0.000041,0.469273,0.457827,0.072858
AAACCTAAGCAGCCGG-1,0.655007,0.337086,0.00786,0.000047
AAACCTCATGAAGTTG-1,0.011653,0.004783,0.208299,0.775265
AAACGAAGATGGAGTA-1,0.079718,0.411148,0.076417,0.432717
AAACGACAGTCTTGCC-1,0.037556,0.000473,0.350108,0.611863
AAACGAGACGGTTGAT-1,0.00001,0.919638,0.00001,0.080343
AAACGCCCGAGATCGG-1,0.000118,0.000708,0.38621,0.612965
AAACGCTGGGCACGAC-1,0.636788,0.056017,0.170542,0.136654
AAACGGGCGTACGGGT-1,0.76687,0.164406,0.068647,0.000076
AAACGGTTGCGAACTG-1,0.000474,0.682294,0.019498,0.297734
AAACGTGTTCGCCCTA-1,0.12376,0.160852,0.174723,0.540664
AAACTAACGTGGCGAC-1,0.00003,0.814418,0.006079,0.179473
AAACTCGGTTCGCAAT-1,0.033538,0.748381,0.083155,0.134926
AAACTCGTGATATAAG-1,0.000032,0.521202,0.186829,0.291937
AAACTGCTGGCTCCAA-1,0.041527,0.867983,0.00693,0.08356
AAACTTAATTGCACGC-1,0.093175,0.005487,0.004412,0.896926
AAACTTGCAAACGTAT-1,0.000027,0.874956,0.005461,0.119555
AAAGAATGACCTTAGA-1,0.078105,0.466408,0.043771,0.411716
AAAGAATGTGGACTAA-1,0.838093,0.000178,0.00003,0.1617
AAAGACTGGGCGCTTT-1,0.078639,0.385392,0.060355,0.475614
AAAGCTTGCCTACATA-1,0.005691,0.825019,0.007536,0.161754
AAAGGCCCTATAATAC-1,0.000036,0.625316,0.195735,0.178912
AAAGGCTACGGACCAT-1,0.054594,0.859002,0.007727,0.078678
AAAGGCTCTCGCGCCG-1,0.000028,0.645053,0.225984,0.128934
AAAGGGATGTAGCAAG-1,0.000059,0.518602,0.396188,0.085151
AAAGGGCAGCTTGAAT-1,0.035977,0.000498,0.409141,0.554383
AAAGGTAAGCTGTACC-1,0.000063,0.467995,0.249771,0.282171
AAAGTAGCATTGCTCA-1,0.000038,0.827612,0.021038,0.151313
AAAGTCGACCCTCAGT-1,0.01293,0.00039,0.440897,0.545782
AAAGTGCCATCAATTA-1,0.30897,0.675309,0.001335,0.014387
AAAGTGTGATTTATCT-1,0.183283,0.749896,0.066782,0.000039
AAAGTTGACTCCCGTA-1,0.152849,0.242571,0.275694,0.328886
AAATAACCATACGGGA-1,0.000038,0.675448,0.035695,0.288819
AAATAAGGTAGTGCCC-1,0.000014,0.790623,0.113702,0.09566
AAATACCTATAAGCAT-1,0.007513,0.894426,0.098027,0.000034
AAATAGCTTAGACTTT-1,0.0124,0.522681,0.435187,0.029732
AAATAGGGTGCTATTG-1,0.173858,0.147066,0.648306,0.03077
AAATCACTCCTAAACG-1,0.124413,0.214201,0.135956,0.52543
AAATCCGATACACGCC-1,0.704465,0.118769,0.046872,0.129895
AAATCGCGGAAGGAGT-1,0.038007,0.419478,0.179766,0.362749
AAATCGTGTACCACAA-1,0.017954,0.641139,0.317879,0.023028
AAATCTAGCCCTGCTA-1,0.856548,0.019856,0.000032,0.123564
AAATCTGCCCGCGTCC-1,0.091636,0.000409,0.116288,0.791667
AAATGACTGATCAAAC-1,0.026424,0.626314,0.182602,0.16466
AAATGATTCGATCAGC-1,0.016136,0.755817,0.18838,0.039666
AAATGGCATGTCTTGT-1,0.000039,0.931176,0.009703,0.059082
AAATGGCCCGTGCCCT-1,0.00006,0.158713,0.369281,0.471946
AAATGGTCAATGTGCC-1,0.000026,0.707016,0.051545,0.241413
AAATTAACGGGTAGCT-1,0.040024,0.92836,0.007077,0.024539
AAATTACACGACTCTG-1,0.000042,0.733322,0.000042,0.266594
AAATTACCTATCGATG-1,0.018952,0.83628,0.023406,0.121362
AAATTCCAGGTCCAAA-1,0.001353,0.606212,0.247122,0.145313
AAATTGATAGTCCTTT-1,0.037385,0.794315,0.020278,0.148023
AAATTGGTGAGAAGCA-1,0.000014,0.849346,0.000014,0.150625
AAATTTACCGAAATCC-1,0.000081,0.351115,0.271247,0.377557
AAATTTGCGGGTGTGG-1,0.000016,0.915133,0.000016,0.084835
AACAACTGGTAGTTGC-1,0.000069,0.571711,0.20305,0.22517
AACAATACATTGTCGA-1,0.05029,0.839006,0.000015,0.110689
AACAATTACTCTACGC-1,0.000121,0.375038,0.252913,0.371928
AACACACGCTCGCCGC-1,0.302426,0.295261,0.002316,0.399997
AACACGACTGTACTGA-1,0.093221,0.042273,0.026353,0.838153
AACACGAGACGCGGCC-1,0.00003,0.717303,0.011491,0.271176
AACAGCTGTGTGGCAA-1,0.000018,0.981574,0.000018,0.01839
AACAGGAAATCGAATA-1,0.000037,0.939872,0.024293,0.035797
AACAGGATGGGCCGCG-1,0.000048,0.634837,0.186891,0.178223
AACAGGTAGTATGGAT-1,0.593548,0.229309,0.177051,0.000092
AACATAGCGTGTATCG-1,0.510421,0.398468,0.069552,0.021559
AACATATCAACTGGTG-1,0.000016,0.983715,0.016237,0.000032
AACATCGATACGTCTA-1,0.000057,0.322414,0.500438,0.177091
AACATTGAAGTTGATC-1,0.000033,0.744891,0.000607,0.25447
AACATTGTGACTCGAG-1,0.038319,0.912953,0.045646,0.003082
AACCAAGACTTCTCTG-1,0.000024,0.881826,0.000356,0.117793
AACCAGTATCACTCTT-1,0.000171,0.001028,0.432656,0.566145
AACCATAGGGTTGAAC-1,0.054589,0.000443,0.478283,0.466684
AACCCAGAGACGGAGA-1,0.114433,0.396733,0.220617,0.268217
AACCCATCCCATGATC-1,0.039284,0.00042,0.287733,0.672563
AACCCGACAACCCGTG-1,0.166634,0.668779,0.121166,0.043421
AACCCGAGCAGAATCG-1,0.826761,0.000296,0.01657,0.156373
AACCCGCTGTATTCCA-1,0.001879,0.540474,0.000014,0.457633
AACCCTACTGTCAATA-1,0.015621,0.141867,0.842424,0.000088
AACCCTGGTGGAACCA-1,0.039242,0.000597,0.50998,0.450181
AACCGAGCTTGGTCAT-1,0.000019,0.981216,0.000019,0.018746
AACCGCTAAGGGATGC-1,0.14875,0.84813,0.001216,0.001905
AACCGTTGTGTTTGCT-1,0.000201,0.059134,0.862044,0.078621
AACCTCGCTTTAGCCC-1,0.606632,0.161447,0.184458,0.047463
AACCTGTCACGGAATT-1,0.111876,0.592558,0.043661,0.251905
AACCTTTAAATACGGT-1,0.013163,0.712175,0.268907,0.005754
AACCTTTACGACGTCT-1,0.000058,0.555043,0.3136,0.1313
AACGAAAGTCGTCCCA-1,0.089786,0.000504,0.037753,0.871957
AACGACCTCCTAGCCG-1,0.99425,0.000192,0.000032,0.005527
AACGATAATGCCGTAG-1,0.023952,0.717716,0.13685,0.121481
AACGATAGAAGGGCCG-1,0.000116,0.1679,0.496503,0.335481
AACGATATGTCAACTG-1,0.03527,0.964679,0.000017,0.000034
AACGCATGATCTGGGT-1,0.000029,0.739123,0.08358,0.177268
AACGCGACCTTGGGCG-1,0.00092,0.714954,0.263488,0.020639
AACGCGGTCTCCAGCC-1,0.00005,0.720883,0.00677,0.272296
AACGCTGTTGCTGAAA-1,0.309463,0.659925,0.000016,0.030596
AACGGACGTACGTATA-1,0.214626,0.423654,0.208601,0.153118
AACGGCCATCTCCGGT-1,0.000073,0.393398,0.412248,0.194281
AACGTACTGTGGGTAC-1,0.028255,0.884017,0.000016,0.087712
AACGTCAGACTAGTGG-1,0.000079,0.357455,0.349964,0.292502
AACGTCATCCGGCTTG-1,0.037699,0.077677,0.000018,0.884606
AACGTCGCTGCACTTC-1,0.874192,0.000194,0.000032,0.125582
AACGTGATGAAGGACA-1,0.000046,0.79508,0.00846,0.196414
AACGTGCGAAAGTCTC-1,0.128419,0.724901,0.113145,0.033534
AACGTTCTACCATTGT-1,0.60643,0.257112,0.059159,0.077299
AACTACCCGTTTGTCA-1,0.284985,0.336306,0.020209,0.3585
AACTAGGCTTGGGTGT-1,0.000022,0.754553,0.087729,0.157696
AACTCAAGTTAATTGC-1,0.000016,0.826274,0.000016,0.173694
AACTCCAGAGCGTGTT-1,0.628138,0.00076,0.370849,0.000253
AACTCCTAATCCCATG-1,0.000019,0.879602,0.000019,0.12036
AACTCTCAATAGAGCG-1,0.014868,0.456794,0.402615,0.125724
AACTCTCAGTGTGCTC-1,0.00003,0.850315,0.149597,0.000059
AACTGAGGTCAGCGTC-1,0.000038,0.610656,0.000038,0.389269
AACTGAGTTATACTGA-1,0.272313,0.494,0.103228,0.130459
AACTGATATTAGGCCT-1,0.00003,0.999878,0.00003,0.000061
AACTGGGTCCCGACGT-1,0.051858,0.748002,0.012714,0.187426
AACTTGCCCGTATGCA-1,0.000043,0.709184,0.016423,0.27435
AACTTTCTCGATCATG-1,0.000018,0.765628,0.137314,0.097041
AAGAAAGTTTGATGGG-1,0.046046,0.000665,0.144903,0.808386
AAGAAATCACCAGATT-1,0.055082,0.748715,0.064344,0.13186
AAGACATACGTGGTTT-1,0.60073,0.3619,0.001283,0.036086
AAGACCAAATAACTCA-1,0.000101,0.000606,0.698414,0.300878
AAGACCCAACTGAACA-1,0.059861,0.801273,0.026118,0.112749
AAGACTGCAAGCTACT-1,0.000999,0.515851,0.395337,0.087812
AAGAGATGAATCGGTA-1,0.012026,0.471823,0.068713,0.447438
AAGAGCTCTTTATCGG-1,0.000018,0.876637,0.064794,0.05855
AAGAGGATGTACGCGA-1,0.000085,0.531182,0.404995,0.063738
AAGAGGCATGGATCGC-1,0.000008,0.816812,0.000008,0.183173
AAGAGGCCCTTTGGAA-1,0.959036,0.000303,0.04056,0.000101
AAGATGGCACCGGACC-1,0.071013,0.867363,0.061514,0.00011
AAGATTGGCGGAACGT-1,0.031527,0.941178,0.009881,0.017414
AAGCACCCTGCGTATC-1,0.046935,0.836355,0.116167,0.000543
AAGCATACTCTCCTGA-1,0.000016,0.6617,0.000388,0.337896
AAGCCACTTGCAGGTA-1,0.000041,0.463079,0.2675,0.26938
AAGCCGAAGCGGTTTA-1,0.549874,0.376562,0.067753,0.005812
AAGCCGCCGTGAAATC-1,0.029277,0.365258,0.187117,0.418348
AAGCCGCTTTACCTTG-1,0.059148,0.442752,0.025787,0.472313
AAGCCGGAGAGCAGGA-1,0.9176,0.025597,0.037622,0.019181
AAGCGCAGGGCTTTGA-1,0.028564,0.577803,0.393569,0.000064
AAGCGGCGTCATGGGT-1,0.000047,0.6245,0.000047,0.375406
AAGCGTCCCTCATCGA-1,0.000061,0.852116,0.140074,0.007749
AAGCTAGATCGAGTAA-1,0.000019,0.909861,0.009891,0.080229
AAGCTATGGATTGACC-1,0.092836,0.382814,0.003035,0.521315
AAGCTCGTGCCAAGTC-1,0.237098,0.377873,0.125904,0.259125
AAGCTCTTTCATGGTG-1,0.513379,0.187449,0.283188,0.015985
AAGGAGCGGTTGGTGC-1,0.000031,0.929631,0.000031,0.070307
AAGGATCGATCGCTTG-1,0.008746,0.619441,0.313932,0.057881
AAGGATGAGGGACCTC-1,0.000021,0.817132,0.168936,0.013911
AAGGCAGGCTGTCTCC-1,0.066092,0.816706,0.014226,0.102976
AAGGCGCGTAAAGCTT-1,0.045098,0.025832,0.166427,0.762643
AAGGCTGTGCTCATCG-1,0.14471,0.84812,0.00708,0.000089
AAGGGAACGACTGGCT-1,0.000025,0.932062,0.005479,0.062434
AAGGGACAGATTCTGT-1,0.139142,0.756654,0.004629,0.099575
AAGGGACTATGCATTC-1,0.00006,0.744408,0.203412,0.05212
AAGGGTTAGCCATGCG-1,0.51142,0.470768,0.000024,0.017787
AAGGTATCCTAATATA-1,0.000017,0.840959,0.001857,0.157167
AAGGTGATAAACCAGC-1,0.167982,0.475908,0.279592,0.076519
AAGTAGAAGACCGGGT-1,0.000045,0.518804,0.133266,0.347886
AAGTAGTGACGCGAGG-1,0.000034,0.672176,0.000034,0.327757
AAGTCAATTGTCGTCA-1,0.392777,0.00031,0.606809,0.000103
AAGTCTAGTAGCTGCC-1,0.042367,0.708349,0.005601,0.243683
AAGTGACGACCGAATT-1,0.000027,0.991118,0.000027,0.008828
AAGTGAGTCGGGTTTA-1,0.003562,0.951304,0.035929,0.009204
AAGTGCCTTGACTGTA-1,0.239393,0.002183,0.712676,0.045747
AAGTGCGTTAGAATCT-1,0.000053,0.720035,0.130093,0.149819
AAGTGCTTCTCTATTG-1,0.16019,0.492292,0.120857,0.226661
AAGTGTTTGGAGACGG-1,0.206038,0.119876,0.385844,0.288242
AAGTTCACTCCAAGCT-1,0.649453,0.119617,0.000042,0.230888
AAGTTCAGTCTGCGTA-1,0.000079,0.154041,0.70973,0.13615
AAGTTCGGCCAACAGG-1,0.000045,0.91046,0.061838,0.027657
AAGTTGTGATGTTATA-1,0.83584,0.00046,0.128827,0.034873
AAGTTTATGGGCCCAA-1,0.011003,0.62731,0.308831,0.052856
AATAACAACGCTCGGC-1,0.010313,0.464872,0.045029,0.479786
AATAACACTAGAACAA-1,0.000021,0.856828,0.03728,0.105871
AATAACGTCGCGCCCA-1,0.530645,0.362252,0.000013,0.10709
AATAATCTTCGTATCG-1,0.583676,0.000617,0.254292,0.161415
AATACCGGAGGGCTGT-1,0.11761,0.729046,0.002183,0.151162
AATACCTGATGTGAAC-1,0.949822,0.043414,0.00004,0.006725
AATAGAACAGAGTGGC-1,0.017337,0.810291,0.172322,0.000051
AATAGAATCTGTTTCA-1,0.179412,0.578192,0.134131,0.108266
AATAGCAAGCCTCCTG-1,0.000076,0.336591,0.196031,0.467303
AATAGCTACCGCGTGC-1,0.000053,0.440003,0.432382,0.127563
AATAGGCACGACCCTT-1,0.000035,0.835086,0.035312,0.129567
AATAGTCCGTCCCGAC-1,0.000038,0.461939,0.204446,0.333577
AATATCGAATCAATGC-1,0.676757,0.253443,0.044178,0.025622
AATATCGAGGGTTCTC-1,0.044544,0.503517,0.446526,0.005413
AATATTGGAGTATTGA-1,0.106098,0.403641,0.079536,0.410725
AATCAGGTTTCATTTA-1,0.006507,0.91497,0.051289,0.027234
AATCATGTAAAGACTC-1,0.357745,0.641075,0.000017,0.001163
AATCCAAGGGCCTGAG-1,0.12401,0.33037,0.295933,0.249687
AATCCCGCTCAGAGCC-1,0.024291,0.163363,0.719292,0.093054
AATCGAGGTCTCAAGG-1,0.291833,0.208505,0.000018,0.499644
AATCGCCTCAGCGCCA-1,0.000017,0.848266,0.148215,0.003502
AATCGCGCAGAGGACT-1,0.04304,0.74951,0.005826,0.201624
AATCGGGACACTACGA-1,0.084183,0.563941,0.119296,0.23258
AATCGGTATAGCCCTC-1,0.999702,0.000199,0.000033,0.000066
AATCGTGAGCCGAGCA-1,0.381925,0.173361,0.028098,0.416616
AATCTAGGTTTACTTG-1,0.000107,0.033529,0.432236,0.534128
AATCTATGCCGGAGCC-1,0.000016,0.919732,0.059772,0.02048
AATCTCTACTGTGGTT-1,0.072165,0.316696,0.028519,0.58262
AATCTGCGTTGGGACG-1,0.043044,0.427191,0.5297,0.000065
AATCTGGCTTTCTAGT-1,0.000124,0.000743,0.405371,0.593762
AATCTGGGTAGACCCT-1,0.188132,0.093542,0.110989,0.607337
AATGACAGCAATGTCT-1,0.000023,0.992634,0.000023,0.00732
AATGACGTAGGATGTC-1,0.039915,0.443057,0.470507,0.046521
AATGACTGTCAGCCGG-1,0.00007,0.566236,0.24468,0.189014
AATGATGATACGCTAT-1,0.031392,0.280003,0.651852,0.036753
AATGATGCGACTCCTG-1,0.01403,0.964648,0.021283,0.000039
AATGCAACCGGGTACC-1,0.000063,0.651544,0.345762,0.002631
AATGCACCAAGCAATG-1,0.033787,0.540982,0.133431,0.291801
AATGGCCGCCAATGCG-1,0.116374,0.00038,0.008665,0.874581
AATGGTCCACCGTTCA-1,0.029053,0.336195,0.226388,0.408364
AATGGTTCTCACAAGC-1,0.041731,0.000615,0.497465,0.460189
AATGTATGGCACTGTA-1,0.112909,0.000606,0.202689,0.683796
AATGTGCCCGAGGTGT-1,0.00009,0.411609,0.279341,0.30896
AATGTGCTAATCTGAG-1,0.074717,0.176812,0.349854,0.398617
AATGTTAAGACCCTGA-1,0.346759,0.062421,0.559232,0.031588
AATGTTGTCGTGAGAC-1,0.532782,0.190753,0.005111,0.271355
AATTAAAGGTCGGCGT-1,0.01001,0.765863,0.168317,0.055811
AATTAACGGATTTCCA-1,0.060773,0.776073,0.148157,0.014997
AATTACGAGACCCATC-1,0.075008,0.398513,0.124303,0.402176
AATTAGCGCTGCAGCG-1,0.112689,0.659485,0.180114,0.047712
AATTATACCCAGCAAG-1,0.857687,0.000308,0.061793,0.080212
AATTCATAAGGGATCT-1,0.013078,0.87338,0.000019,0.113523
AATTCATTGTCATGCA-1,0.048226,0.004006,0.255217,0.692551
AATTCCAAGCATGTAC-1,0.046733,0.916153,0.02886,0.008254
AATTCGATTCGAGGAT-1,0.059088,0.491384,0.448606,0.000922
AATTCTAGAGTTAGGC-1,0.052059,0.120031,0.763826,0.064084
AATTGAACGCTCTGGT-1,0.014599,0.891581,0.060022,0.033798
AATTGCAGCAATCGAC-1,0.596432,0.112191,0.286333,0.005044
AATTGCGTGGATTACA-1,0.048257,0.000534,0.325796,0.625413
AATTGTGGTTGCCAAA-1,0.911547,0.072273,0.003532,0.012647
AATTTGGGACATAGTA-1,0.000064,0.856889,0.091772,0.051275
AATTTGGTTCCAAAGA-1,0.000131,0.000787,0.690725,0.308358
ACAAACCATGCGTCCT-1,0.000044,0.106165,0.083626,0.810165
ACAAACTCCATCAGAG-1,0.187099,0.55164,0.062606,0.198655
ACAAAGAAGGTAGGCC-1,0.051827,0.304801,0.216168,0.427204
ACAAAGCATGACCTAG-1,0.862086,0.004418,0.059651,0.073845
ACAAATCGCACCGAAT-1,0.110373,0.523043,0.198863,0.167721
ACAAATGGTAGTGTTT-1,0.109176,0.825255,0.051002,0.014567
ACAAATTCAGATCTGA-1,0.000103,0.343817,0.220502,0.435578
ACAACAGCATGAGCTA-1,0.046399,0.838426,0.077164,0.038012
ACAACGGTCCCTGCGA-1,0.101214,0.000733,0.29495,0.603103
ACAAGCAGTGCCTAGC-1,0.000024,0.726653,0.000107,0.273216
ACAAGGAAATCCGCCC-1,0.010202,0.820605,0.011215,0.157978
ACAAGGACAAGAGGTT-1,0.041088,0.000341,0.038493,0.920079
ACAAGGATGCTTTAGG-1,0.501603,0.310652,0.028121,0.159625
ACAAGGCCTACCAGCC-1,0.040331,0.001177,0.352832,0.60566
ACAAGGGCAGGCTCTG-1,0.000019,0.853837,0.005465,0.140679
ACAAGTAATTGTAAGG-1,0.000029,0.898446,0.016687,0.084838
ACAATAGTCGTACGTT-1,0.000043,0.880262,0.015344,0.104351
ACAATCCATTTAAACC-1,0.000056,0.536639,0.356154,0.107151
ACAATGAATACGGAGA-1,0.000022,0.939996,0.000022,0.059959
ACAATGATTCTTCTAC-1,0.000055,0.737812,0.166514,0.095619
ACAATTGTGTCTCTTT-1,0.765434,0.070169,0.005285,0.159113
ACAATTTGAGCAGTGG-1,0.076402,0.87223,0.008219,0.04315
ACAATTTGGCCATATT-1,0.284586,0.501034,0.214331,0.000049
ACACAAAGACGGGTGG-1,0.000035,0.649591,0.032178,0.318196
ACACAAATATTCCTAG-1,0.000239,0.944229,0.00001,0.055523
ACACACCAGGACCAGT-1,0.108538,0.096379,0.642401,0.152681
ACACACTTTCTACACG-1,0.000077,0.748003,0.089316,0.162605
ACACATGATCAAATCT-1,0.028316,0.146486,0.000034,0.825165
ACACATTTCCGTAGAC-1,0.000027,0.597538,0.200837,0.201597
ACACCACATAATTAGC-1,0.017609,0.706438,0.056237,0.219715
ACACCCAGCATGCAGC-1,0.00978,0.396182,0.332558,0.261481
ACACCCGAGAAATCCG-1,0.037041,0.000379,0.19497,0.767611
ACACCGGTCTGACCGC-1,0.000033,0.46477,0.000033,0.535164
ACACCTTAAGTAGGGC-1,0.00007,0.177162,0.111514,0.711255
ACACCTTACTACTTGC-1,0.248805,0.18813,0.540079,0.022987
ACACGAGACTCCTTCT-1,0.003012,0.816818,0.12176,0.058409
ACACGGCACTATGCAT-1,0.130248,0.072549,0.445055,0.352148
ACACGGGAACTTAGGG-1,0.000043,0.467327,0.30392,0.22871
ACACGTAGGCCACAAG-1,0.999643,0.000238,0.00004,0.000079
ACACTGATCAAGGTGT-1,0.00358,0.963525,0.001859,0.031036
ACACTGGGACAGTCGT-1,0.768651,0.000496,0.230687,0.000165
ACAGAACTGAGAACAA-1,0.000053,0.405106,0.276713,0.318128
ACAGCATAGAGCCAGT-1,0.037867,0.001715,0.000286,0.960133
ACAGCGACATTCTCAT-1,0.838132,0.074058,0.087686,0.000124
ACAGCGCACCCGCAGC-1,0.000068,0.592705,0.046314,0.360913
ACAGGCACGGATCCTT-1,0.872967,0.0019,0.024783,0.10035
ACAGGCTTGCCCGACT-1,0.57968,0.092813,0.32743,0.000077
ACAGGTGGAGGTGAGG-1,0.000021,0.969023,0.030914,0.000042
ACAGTAATACAACTTG-1,0.000057,0.006435,0.281308,0.7122
ACAGTATACCGTGGGA-1,0.041036,0.322568,0.373311,0.263085
ACATAAGTCGTGGTGA-1,0.052402,0.000598,0.476729,0.47027
ACATAATAAGGCGGTG-1,0.000108,0.235487,0.673044,0.091361
ACATACAATCAAGCGG-1,0.924678,0.000348,0.000058,0.074917
ACATCAGCTGGGACGC-1,0.102348,0.326552,0.092386,0.478714
ACATCCCGGCCATACG-1,0.063891,0.647273,0.141885,0.146951
ACATCCTGGTAACTGT-1,0.137159,0.434562,0.326789,0.10149
ACATCGATCGTTTACC-1,0.016538,0.758185,0.225174,0.000102
ACATCGCAATATTCGG-1,0.022598,0.505815,0.009405,0.462182
ACATCGGTCAGCCGCG-1,0.000022,0.877886,0.001252,0.12084
ACATCGTATGCAATGG-1,0.051504,0.576768,0.358723,0.013005
ACATCGTTAACCTAGT-1,0.000088,0.298489,0.282136,0.419286
ACATGCTTACGGCAGC-1,0.00002,0.665385,0.00002,0.334575
ACATGGCGCCAAAGTA-1,0.082688,0.760338,0.034057,0.122917
ACATTAGTTTATATCC-1,0.030816,0.026588,0.913517,0.029079
ACATTCGCGCGGAATA-1,0.000044,0.634885,0.242184,0.122887
ACATTTGAAACCTAAC-1,0.850224,0.03415,0.115513,0.000113
ACCAAACACCCAGCGA-1,0.000018,0.75602,0.00617,0.237792
ACCAACACCACACACT-1,0.000016,0.988801,0.008584,0.002599
ACCAACCGCACTCCAC-1,0.361885,0.354784,0.000023,0.283307
ACCAACGCTTATTTAT-1,0.000033,0.668359,0.275664,0.055943
ACCAAGAACGCGTGTC-1,0.0001,0.182161,0.56603,0.251709
ACCAAGTCATCGGCAG-1,0.715559,0.000305,0.024826,0.259311
ACCAATATGCAAGTTA-1,0.208194,0.735555,0.051108,0.005143
ACCACAACTCAGAACA-1,0.033664,0.087217,0.6768,0.202319
ACCACAAGTTTCTATC-1,0.00003,0.905655,0.04871,0.045605
ACCACACGGTTGATGG-1,0.075922,0.654938,0.017939,0.251201
ACCACCAATGTAACAA-1,0.044735,0.556587,0.189228,0.20945
ACCACCCTCTCTTCTA-1,0.036253,0.295315,0.000012,0.66842
ACCACGTGCAGCTATA-1,0.070295,0.887387,0.015975,0.026343
ACCAGTGCCCGGTCAA-1,0.000067,0.471519,0.187786,0.340628
ACCAGTGCGGGAGACG-1,0.248025,0.534518,0.038167,0.179291
ACCATATCCGCAATAA-1,0.000012,0.902186,0.001033,0.096769
ACCATCCGCCAACTAG-1,0.031192,0.000795,0.46102,0.506993
ACCATCGTATATGGTA-1,0.000071,0.100312,0.405572,0.494045
ACCCAACGCCCGTGGC-1,0.012192,0.844399,0.000463,0.142945
ACCCACCTACATGCTC-1,0.014604,0.171608,0.516969,0.296819
ACCCATCTTGAGGGTA-1,0.000028,0.925971,0.000028,0.073974
ACCCATTTGTCCCTCT-1,0.844498,0.000284,0.007087,0.148132
ACCCGAGCGAAATTAC-1,0.000033,0.993452,0.000033,0.006481
ACCCGATTGGTTCCGA-1,0.045137,0.744979,0.009346,0.200538
ACCCGGAAACTCCCAG-1,0.154726,0.801793,0.020123,0.023358
ACCCGGAGCACCACAA-1,0.768834,0.000192,0.000032,0.230941
ACCCGGATGACGCATC-1,0.06947,0.679899,0.073047,0.177585
ACCCGGTTACACTTCC-1,0.00855,0.69123,0.021534,0.278687
ACCCGTAGCAGAGAAT-1,0.040236,0.000527,0.083955,0.875281
ACCCGTAGTCTAGTTG-1,0.844646,0.000343,0.154897,0.000114
ACCCGTGTCATCAGTA-1,0.01322,0.486165,0.288351,0.212264
ACCCTATGCCATATCG-1,0.000097,0.249837,0.590587,0.159479
ACCCTCCCGTCAGGGC-1,0.917548,0.000207,0.000034,0.082211
ACCCTCCCTTGCTATT-1,0.197526,0.37757,0.379395,0.045508
ACCCTGGTAACGCCCT-1,0.000021,0.760303,0.025398,0.214277
ACCCTTCATCTGCGAA-1,0.000067,0.718855,0.220176,0.060901
ACCCTTGCCTGGGTCG-1,0.021147,0.809122,0.004707,0.165025
ACCCTTTAGTTCTCCA-1,0.000116,0.000695,0.000116,0.999074
ACCGAAGAGTCTGGTT-1,0.000128,0.000766,0.430026,0.569081
ACCGACACATCTCCCA-1,0.000018,0.894606,0.023428,0.081948
ACCGACTGAGTCCCAC-1,0.000052,0.4158,0.289871,0.294276
ACCGAGTCTCCTTATT-1,0.136917,0.716384,0.098737,0.047962
ACCGATAGGCATAACC-1,0.77142,0.000222,0.000037,0.22832
ACCGATATTTAATCAT-1,0.700073,0.123539,0.176288,0.0001
ACCGATGGTAGCATCG-1,0.000021,0.854586,0.052419,0.092974
ACCGCAATAACTGCCT-1,0.324153,0.431456,0.242329,0.002061
ACCGCGGTGGAAGTCG-1,0.174577,0.540813,0.027346,0.257265
ACCGCTAGTCATTGGT-1,0.005138,0.559937,0.248557,0.186368
ACCGGGCCTTTGTTGA-1,0.699994,0.061005,0.090043,0.148959
ACCGGTCAGGTACACC-1,0.000036,0.259968,0.000036,0.73996
ACCGGTCTGAGTACGG-1,0.000166,0.000999,0.671481,0.327354
ACCGTCCACTGGGCCC-1,0.068742,0.364808,0.081557,0.484892
ACCGTGACCACGTGGG-1,0.006785,0.957852,0.030384,0.004979
ACCTAAGTACCTTTCA-1,0.006735,0.79973,0.124909,0.068626
ACCTAATCGACTTCCT-1,0.000022,0.890523,0.000022,0.109432
ACCTACAGTATGTGGT-1,0.024917,0.36033,0.476916,0.137836
ACCTACTATAAATCTA-1,0.101437,0.772834,0.022669,0.103059
ACCTCAGCGAGGCGCA-1,0.999424,0.000384,0.000064,0.000128
ACCTCCGCCCTCGCTG-1,0.806312,0.011112,0.052171,0.130405
ACCTCCGTTATTCACC-1,0.086864,0.529812,0.36433,0.018994
ACCTCGAACTTATGCT-1,0.029279,0.000421,0.05466,0.91564
ACCTGCGTGTCATGTT-1,0.000126,0.546044,0.119732,0.334099
ACGAAATGGGCGGCAC-1,0.000027,0.368453,0.000027,0.631493
ACGACCCATGAGTTGC-1,0.617274,0.098437,0.000025,0.284263
ACGACTCTAGGGCCGA-1,0.999733,0.000178,0.00003,0.000059
ACGACTGGTCATACTC-1,0.000037,0.648077,0.244915,0.106971
ACGAGATATTTGCTTA-1,0.000068,0.35885,0.134274,0.506808
ACGAGGATACCACTCT-1,0.054876,0.420556,0.207667,0.316901
ACGAGGTTTACAACGT-1,0.066663,0.319334,0.006759,0.607244
ACGAGTACGGATGCCC-1,0.000025,0.771397,0.065291,0.163288
ACGATACATAGAACTA-1,0.000045,0.592936,0.354592,0.052427
ACGATCATACATAGAG-1,0.045447,0.685845,0.001621,0.267087
ACGATCATCTTGTAAA-1,0.036744,0.833948,0.119633,0.009675
ACGATGCATATGTTAT-1,0.000081,0.057645,0.657265,0.285008
ACGATGGATCCGATGC-1,0.000181,0.001083,0.721268,0.277468
ACGCAAACTAATAGAT-1,0.001852,0.690024,0.063439,0.244686
ACGCAATCACTACAGC-1,0.000344,0.750228,0.065891,0.183536
ACGCATAAATGACATG-1,0.000066,0.004999,0.326205,0.66873
ACGCATACGTTTACTA-1,0.707385,0.290092,0.000024,0.002498
ACGCATTCGTGAGTAC-1,0.000025,0.634576,0.000025,0.365374
ACGCCACTCGAAACAG-1,0.029282,0.338364,0.132982,0.499372
ACGCCAGATGATTTCT-1,0.000083,0.702021,0.297729,0.000167
ACGCCAGTGCGTTTGC-1,0.738923,0.000295,0.000049,0.260733
ACGCCGCTAGACGACC-1,0.000024,0.745894,0.254033,0.000049
ACGCGAAGTCAGACGA-1,0.038585,0.349007,0.536875,0.075533
ACGCGCTACACAGGGT-1,0.000034,0.979416,0.004446,0.016104
ACGCGGGCCAAGGACA-1,0.05232,0.861173,0.024733,0.061774
ACGCTACTGAATGGGC-1,0.919117,0.000207,0.000034,0.080642
ACGCTAGTATCAGTGC-1,0.138122,0.243855,0.117902,0.50012
ACGCTAGTGATACACT-1,0.08254,0.856436,0.060985,0.000039
ACGCTGTGAGGCGTAG-1,0.034162,0.001035,0.358936,0.605868
ACGCTTAGTGTCTCTC-1,0.106686,0.448078,0.028723,0.416513
ACGGAACACGAGTGCC-1,0.715366,0.193828,0.00395,0.086857
ACGGACGCAGCGACAA-1,0.000036,0.643326,0.055133,0.301505
ACGGACTCTCAAAGCG-1,0.161428,0.18051,0.629892,0.02817
ACGGAGCGCAAATTAC-1,0.000044,0.53597,0.388659,0.075327
ACGGATGGTGCGGATA-1,0.2791,0.069782,0.640409,0.010709
ACGGCACTTGCTTGGG-1,0.010492,0.891194,0.09827,0.000044
ACGGCCAACATGGACT-1,0.002657,0.562833,0.43047,0.00404
ACGGCGACGATGGGAA-1,0.11042,0.805036,0.031897,0.052646
ACGGCTGGATGTAGAA-1,0.000053,0.069326,0.217057,0.713564
ACGGGAGTGTCGGCCC-1,0.000071,0.721781,0.073986,0.204163
ACGGGCGTATGCGACA-1,0.0001,0.649743,0.002332,0.347825
ACGGGTTGTGACCTGT-1,0.080914,0.123054,0.21114,0.584892
ACGGTACAGTTCAATG-1,0.886939,0.019914,0.05673,0.036417
ACGGTCACCGAGAACA-1,0.000049,0.000292,0.138788,0.860872
ACGTACAGATTTCTCT-1,0.081161,0.003352,0.18061,0.734877
ACGTACTTTGGCACGG-1,0.000046,0.452024,0.476867,0.071063
ACGTAGATTGCTGATG-1,0.000018,0.979541,0.006649,0.013792
ACGTAGGAGAGTCGCT-1,0.000018,0.867463,0.091843,0.040676
ACGTATTACTCCGATC-1,0.165842,0.73815,0.027913,0.068095
ACGTCTCGTTCCGGGA-1,0.055572,0.457132,0.079686,0.40761
ACGTGACAAAGTAAGT-1,0.047334,0.394495,0.057566,0.500606
ACGTGCGCCTCGTGCA-1,0.000083,0.280164,0.303974,0.415779
ACGTTAATGTCGAAGA-1,0.000022,0.824861,0.175072,0.000045
ACGTTAGATTTGCCCG-1,0.030269,0.602605,0.234052,0.133073
ACGTTCACTATGCCGC-1,0.001539,0.89685,0.00986,0.091751
ACGTTCGCAATCAATT-1,0.021277,0.743059,0.171471,0.064192
ACGTTCGTTCAGGAAA-1,0.031283,0.682085,0.284483,0.00215
ACGTTCTGTACAAGTC-1,0.926211,0.000379,0.073284,0.000126
ACGTTGTCGTTGAAAG-1,0.00002,0.781342,0.060898,0.15774
ACGTTTAGTTGTGATC-1,0.000077,0.665328,0.061619,0.272976
ACGTTTCGGTGCACTT-1,0.559783,0.436535,0.003616,0.000065
ACTAATACGTCAGGCG-1,0.000037,0.863487,0.000037,0.13644
ACTACAAAGAGAGGTG-1,0.006457,0.552274,0.279977,0.161292
ACTACATCCCGACAAG-1,0.006198,0.507546,0.054768,0.431487
ACTACCAGCTCTCTGG-1,0.000063,0.905988,0.008968,0.084981
ACTACCATCCGAGGGC-1,0.08776,0.478375,0.246916,0.186948
ACTACGCGTTAGAATT-1,0.019887,0.519557,0.362265,0.09829
ACTAGTTGCGATCGTC-1,0.765879,0.038417,0.073045,0.12266
ACTATATGCTGTGTTC-1,0.000035,0.973495,0.000088,0.026381
ACTATCCAGGGCATGG-1,0.098732,0.504977,0.388628,0.007663
ACTATCTGCCCGCGTA-1,0.813703,0.008401,0.123844,0.054051
ACTATGTCCAGCTGCC-1,0.000041,0.620306,0.023337,0.356316
ACTATTCGTCCGTGGT-1,0.000203,0.743722,0.000203,0.255871
ACTATTTCCGGGCCCA-1,0.021133,0.779471,0.000023,0.199373
ACTCAAGTGCAAGGCT-1,0.487729,0.507445,0.004778,0.000049
ACTCAATAAAGGCACG-1,0.032273,0.395366,0.343622,0.228738
ACTCATGGCAGCCTTC-1,0.000035,0.340633,0.000035,0.659298
ACTCCAATATCATCAT-1,0.039472,0.958302,0.000027,0.002199
ACTCCCATTCCTAAAG-1,0.00005,0.236588,0.00005,0.763311
ACTCCCGAATTCGTTT-1,0.000024,0.681617,0.005691,0.312668
ACTCCCGTAGACTAGG-1,0.131509,0.7465,0.101561,0.02043
ACTCCCTAATGCTAAA-1,0.066731,0.699897,0.23217,0.001202
ACTCCCTAGAATAGTA-1,0.097603,0.612666,0.000023,0.289708
ACTCCGGCCGACCACT-1,0.894853,0.001134,0.000033,0.103981
ACTCGCCGTTCGATAA-1,0.994712,0.005198,0.00003,0.00006
ACTCGCGATCTGACGC-1,0.014637,0.682789,0.147674,0.1549
ACTCGTAACCCGTCCT-1,0.000028,0.968993,0.000028,0.030952
ACTCGTCAGTAATCCC-1,0.000035,0.38419,0.446067,0.169708
ACTCTCTGACTTAGGT-1,0.015011,0.960496,0.024448,0.000044
ACTCTCTTATACACGA-1,0.000121,0.003124,0.514804,0.481951
ACTCTGACCTAATAGA-1,0.657477,0.280685,0.000028,0.06181
ACTCTTCAGCTCCCGC-1,0.054972,0.704102,0.031191,0.209736
ACTCTTGTATAGTAAC-1,0.000062,0.209619,0.657777,0.132542
ACTGAAACGCCGTTAG-1,0.761468,0.000345,0.129952,0.108235
ACTGAATGGCGAAAGT-1,0.350683,0.172711,0.471505,0.0051
ACTGATTTAGTGATTC-1,0.158384,0.271955,0.145366,0.424296
ACTGCCCGCCATTCTC-1,0.000035,0.615753,0.005416,0.378797
ACTGCCGTCGTAACTC-1,0.000033,0.867885,0.000033,0.13205
ACTGCGGACACACCGT-1,0.024089,0.685525,0.014834,0.275553
ACTGCTCGGAAGGATG-1,0.082191,0.00077,0.37275,0.544289
ACTGGGATGCCAGTGC-1,0.000686,0.601431,0.237397,0.160485
ACTGTACGATACACAT-1,0.000067,0.500763,0.499036,0.000134
ACTGTAGCACTTTGGA-1,0.000062,0.722004,0.271451,0.006482
ACTGTCCAGGATTATA-1,0.000026,0.816478,0.000026,0.183469
ACTGTCTTCTTTAGAA-1,0.043827,0.392542,0.292938,0.270693
ACTTACCGGGCGCGCA-1,0.000035,0.743034,0.000035,0.256896
ACTTACGCATCCACGC-1,0.288419,0.117027,0.434937,0.159617
ACTTATACTTACCCGG-1,0.007559,0.410597,0.557897,0.023947
ACTTATTAGGATCGGT-1,0.000037,0.839114,0.071896,0.088953
ACTTATTTATGTGCCA-1,0.334161,0.356283,0.086274,0.223281
ACTTCAGGCTGATCCC-1,0.517937,0.189133,0.004475,0.288455
ACTTCCATGCGGGACA-1,0.720193,0.024101,0.255564,0.000142
ACTTCCTGTCGTGCGA-1,0.208956,0.126912,0.159211,0.50492
ACTTCGCCATACGCAC-1,0.191735,0.507021,0.187083,0.114162
ACTTCGCTAGCGAGTG-1,0.037202,0.785801,0.107011,0.069986
ACTTGACTCCCTCTTT-1,0.009724,0.894981,0.001027,0.094268
ACTTGGGACCCGGTGG-1,0.000026,0.653767,0.000026,0.346181
ACTTGGGCTTTCGCCA-1,0.13999,0.151676,0.486929,0.221405
ACTTGTAGTCCCTTCA-1,0.076596,0.016376,0.398742,0.508285
ACTTGTGGATGGAACG-1,0.683692,0.00547,0.049873,0.260965
ACTTGTTACCGGATCA-1,0.100191,0.745739,0.000018,0.154052
ACTTTACCCTCATGAA-1,0.043026,0.559163,0.146784,0.251028
ACTTTATACACCACTT-1,0.000133,0.000799,0.155891,0.843177
ACTTTCCTATAGCTTC-1,0.000029,0.9739,0.000029,0.026042
ACTTTGACTGCATCCT-1,0.064256,0.099726,0.343645,0.492373
ACTTTGGTCGTGCTCC-1,0.07595,0.003334,0.263849,0.656867
ACTTTGTCGACGCACT-1,0.505117,0.388082,0.000036,0.106765
AGAAATTATGACTCGC-1,0.910137,0.022417,0.000035,0.067411
AGAACACGGCGATGGT-1,0.000039,0.113831,0.158205,0.727926
AGAACCCAGCGTGACA-1,0.107468,0.648557,0.008956,0.235018
AGAACCCTCAATTGGG-1,0.035154,0.00046,0.200444,0.763942
AGAACGTGGTACATTC-1,0.000024,0.874588,0.000024,0.125364
AGAACTGTACTTTGTA-1,0.999496,0.000336,0.000056,0.000112
AGAAGAGCGCCGTTCC-1,0.136621,0.671519,0.000329,0.19153
AGAAGGTACACTTCAC-1,0.042346,0.072223,0.188555,0.696876
AGAAGGTTGCCGAATT-1,0.025902,0.869644,0.006772,0.097682
AGAAGGTTGTAGGTCG-1,0.230526,0.317246,0.452146,0.000082
AGAAGTGATTCGTGAT-1,0.000061,0.664016,0.090069,0.245855
AGAATAAATCTTCAGG-1,0.097458,0.134447,0.417637,0.350459
AGAATACAGGCTATCC-1,0.453581,0.455955,0.000036,0.090428
AGAATGCGGGTTCGGA-1,0.000029,0.911607,0.010605,0.077759
AGAATTATGGATTCGA-1,0.000016,0.923203,0.076748,0.000033
AGACAGGCATCTCAGC-1,0.7322,0.001992,0.225076,0.040733
AGACCAAACCACACCT-1,0.099421,0.000389,0.102943,0.797247
AGACCATGGGATACAA-1,0.089925,0.002467,0.313279,0.594328
AGACCCACCGCTGATC-1,0.000019,0.893631,0.064525,0.041825
AGACCCGCCCTCCTCG-1,0.100028,0.669421,0.085093,0.145458
AGACCGCTCCGCGGTT-1,0.640089,0.103952,0.138741,0.117218
AGACCGGGAAACCCTG-1,0.000066,0.023984,0.260676,0.715274
AGACGAAGTGCCGGTC-1,0.345534,0.058474,0.437818,0.158173
AGACGACGATGCCGCT-1,0.000035,0.397578,0.008422,0.593964
AGACGCCCACTTCGCC-1,0.85974,0.000217,0.000036,0.140007
AGACGGGATTGGTATA-1,0.147944,0.321661,0.271159,0.259236
AGACGGGCCGATTTAA-1,0.000048,0.700888,0.000048,0.299016
AGACTAGCCTTCCAGA-1,0.000078,0.406883,0.236535,0.356505
AGACTGTTACCGGGTC-1,0.000047,0.567379,0.254614,0.17796
AGAGAAACACCAGAAA-1,0.002457,0.717064,0.001465,0.279014
AGAGAACCGTCTAGGA-1,0.178728,0.745238,0.075995,0.000039
AGAGAAGGAGTACAAT-1,0.000027,0.990256,0.005129,0.004589
AGAGATCTCTAAAGCG-1,0.000096,0.000578,0.601879,0.397447
AGAGCAGTTATGAGAC-1,0.154803,0.030514,0.000063,0.81462
AGAGCCGCCGAGATTT-1,0.707212,0.028268,0.264384,0.000136
AGAGCGGGCTAATCAT-1,0.00006,0.848693,0.127703,0.023544
AGAGCGTACAAGCTCG-1,0.11014,0.001035,0.277246,0.61158
AGAGGCTTCGGAAACC-1,0.713272,0.000404,0.280845,0.00548
AGAGGGACAATTGTCC-1,0.000016,0.990311,0.000016,0.009656
AGAGTAAACTTCACTA-1,0.341582,0.430953,0.00003,0.227435
AGAGTATAGTGTTACG-1,0.006703,0.784044,0.090836,0.118418
AGAGTCTTAATGAAAG-1,0.614011,0.180941,0.000021,0.205027
AGAGTGAACAGACACC-1,0.040105,0.120459,0.423844,0.415592
AGAGTTAGAGACCGAT-1,0.000118,0.209853,0.174814,0.615215
AGAGTTGCAGGCCTCC-1,0.000012,0.687607,0.000012,0.312369
AGATAACTTCAGGGCC-1,0.000023,0.883161,0.000047,0.116769
AGATAATCACACCTAT-1,0.000081,0.000484,0.528224,0.471211
AGATACCAATAGAACC-1,0.86558,0.031298,0.000038,0.103083
AGATACCAGCACTTCA-1,0.015256,0.47382,0.127559,0.383365
AGATACCGGTGTTCAC-1,0.000053,0.64723,0.151308,0.20141
AGATACGACTTCATAT-1,0.085172,0.324951,0.262101,0.327776
AGATACTCAAGATCGA-1,0.092869,0.036032,0.870477,0.000622
AGATATAATACGACTA-1,0.04385,0.856771,0.098726,0.000653
AGATCGTGCATAAGAT-1,0.00003,0.791201,0.077674,0.131094
AGATCTCAGGTGTGAT-1,0.000029,0.915443,0.068884,0.015644
AGATCTGGAGAGGATA-1,0.045753,0.003827,0.503902,0.446519
AGATGACTCGCCCACG-1,0.012822,0.622285,0.259706,0.105188
AGATGAGGGTTGCGAT-1,0.000037,0.993962,0.000037,0.005965
AGATGATGGAGTCTGG-1,0.035926,0.256288,0.696044,0.011743
AGATGCAAGACGTGCA-1,0.000016,0.864286,0.000016,0.135682
AGATGCATCCTGTGTC-1,0.08345,0.263881,0.121885,0.530783
AGATTATAGGACGTTT-1,0.000025,0.982703,0.01637,0.000903
AGATTCAAGCGGGTCG-1,0.101865,0.00113,0.541759,0.355246
AGATTCACAACCGATA-1,0.125831,0.364733,0.036566,0.472871
AGCAAAGGCCGCTAGT-1,0.030191,0.802681,0.091403,0.075724
AGCAACATATCTTATT-1,0.635208,0.247556,0.117182,0.000053
AGCAACCGAAAGTAAT-1,0.000016,0.952028,0.000016,0.047941
AGCACACGTTTAGACT-1,0.000064,0.751827,0.208569,0.03954
AGCACCAGTACTCACG-1,0.053886,0.654675,0.176223,0.115216
AGCACTACCGGCCTGT-1,0.002007,0.269283,0.052301,0.676409
AGCACTACCTCACCAG-1,0.180822,0.000777,0.00013,0.818271
AGCACTTAAGGACGCC-1,0.000051,0.170802,0.000051,0.829097
AGCAGAAGGAGAAAGA-1,0.01815,0.41418,0.552086,0.015583
AGCAGCCAGATGAATA-1,0.000021,0.648947,0.162333,0.188699
AGCAGTCGAAGCATGC-1,0.798278,0.133032,0.000022,0.068668
AGCATATCAATATGCT-1,0.679674,0.003945,0.316262,0.000118
AGCATCATTTCGAAAG-1,0.00003,0.798793,0.002938,0.19824
AGCATCGTCGATAATT-1,0.000083,0.861114,0.000083,0.13872
AGCATTACGAGGCAAG-1,0.956114,0.000338,0.043435,0.000113
AGCCAAGCTTTGTGTC-1,0.053067,0.302416,0.366388,0.278129
AGCCACAGGTTACCCG-1,0.803517,0.00031,0.19607,0.000103
AGCCACTCCCGTGCTT-1,0.000053,0.887711,0.029498,0.082739
AGCCATATAGTATGTG-1,0.067041,0.777487,0.0589,0.096572
AGCCCATACATGTAAG-1,0.016189,0.950812,0.000034,0.032965
AGCCCGCAACAAGCAG-1,0.000007,0.888998,0.000007,0.110988
AGCCCGCACTACAATG-1,0.962148,0.000193,0.000032,0.037627
AGCCCGGCATTAGAGG-1,0.000047,0.619909,0.244446,0.135598
AGCCCGGTAGCCTGTA-1,0.000014,0.849302,0.000014,0.150669
AGCCCTAAGCGAAGTT-1,0.000037,0.92192,0.000037,0.078006
AGCCCTCCCTGGTGGC-1,0.183354,0.226918,0.119271,0.470458
AGCCCTGTCGCACCGT-1,0.020173,0.832861,0.120444,0.026522
AGCCCTTCTAATCCGA-1,0.000044,0.76955,0.143403,0.087004
AGCCCTTGGACATCCC-1,0.778135,0.05785,0.137951,0.026064
AGCCGTGGCTAAATGT-1,0.000038,0.862776,0.046916,0.09027
AGCCTAATACCCACGT-1,0.01052,0.000573,0.533428,0.455479
AGCCTTGTCACTGATA-1,0.070993,0.349703,0.023428,0.555876
AGCGACAGGAACGGTC-1,0.000023,0.943906,0.048421,0.00765
AGCGACATCCCATTCA-1,0.000027,0.993816,0.000027,0.00613
AGCGACCAACGATATT-1,0.000027,0.731862,0.000731,0.267379
AGCGACTTTGAAGACA-1,0.059304,0.628848,0.019971,0.291878
AGCGAGACGTGAAGGC-1,0.096959,0.593606,0.02328,0.286155
AGCGATGCGCCTAATA-1,0.892123,0.00744,0.000036,0.1004
AGCGCATAATGAATCG-1,0.000032,0.559088,0.433286,0.007593
AGCGCGGGTGCCAATG-1,0.024642,0.788513,0.008565,0.178281
AGCGCTAGAGCGATGT-1,0.000011,0.869937,0.001453,0.128599
AGCGCTTATGGGCAAG-1,0.000056,0.633255,0.0482,0.318489
AGCGGACACTTCGTAG-1,0.033096,0.852913,0.02053,0.093461
AGCGGCGGTTAGCGGT-1,0.208318,0.000677,0.373393,0.417612
AGCGGGAAGGGTCCAT-1,0.099447,0.428666,0.222536,0.249352
AGCGGGTCTGACACTC-1,0.023725,0.650837,0.089369,0.236068
AGCGGTTGCCGCTCTG-1,0.000019,0.831815,0.021105,0.14706
AGCGTGGTATTCTACT-1,0.061854,0.608814,0.326657,0.002675
AGCTAACAAGCAATGT-1,0.000034,0.805316,0.175703,0.018947
AGCTAAGCTCCGTCCG-1,0.037501,0.5781,0.18456,0.199839
AGCTAAGTACGCAGGC-1,0.540251,0.103486,0.000022,0.356241
AGCTACGAATGGTGGT-1,0.999719,0.000187,0.000031,0.000062
AGCTAGAAGCAGAAGT-1,0.000029,0.65494,0.076417,0.268613
AGCTATTTAATCCAAC-1,0.000047,0.885497,0.03245,0.082007
AGCTCCATATATGTTC-1,0.916269,0.052193,0.031433,0.000105
AGCTCCTTCGCACATC-1,0.082292,0.645229,0.000017,0.272462
AGCTCGTTGATGGAAA-1,0.000022,0.703898,0.030523,0.265557
AGCTCTAGACGTTCCA-1,0.00084,0.87378,0.107833,0.017547
AGCTCTTCCCAGTGCA-1,0.000062,0.449873,0.254659,0.295406
AGCTCTTCGTAACCTT-1,0.034364,0.859733,0.098428,0.007475
AGCTCTTTACTCAGTT-1,0.000027,0.732113,0.04327,0.22459
AGCTGAAGTAAACCAA-1,0.000027,0.553195,0.192432,0.254346
AGCTGCTGTGCCGAAT-1,0.167112,0.191507,0.265194,0.376187
AGCTGTAACCTCAATC-1,0.000055,0.812615,0.004975,0.182356
AGCTTCTTCTCGAGCA-1,0.935853,0.023469,0.040571,0.000107
AGCTTGATCAGGGTAG-1,0.018661,0.000463,0.252296,0.72858
AGCTTGATCTTAACTT-1,0.00002,0.961825,0.00002,0.038134
AGGAACGAACGACTTC-1,0.913958,0.006121,0.079848,0.000073
AGGAAGCTGTCCGCCG-1,0.030923,0.818192,0.142067,0.008817
AGGACAGTCGAATCCC-1,0.00604,0.512479,0.427632,0.053849
AGGACATCGGCACACT-1,0.904358,0.000382,0.095133,0.000127
AGGACGACCCATTAGA-1,0.000025,0.983339,0.016585,0.000051
AGGACGCTCGATGTTG-1,0.00003,0.95356,0.00003,0.046381
AGGAGACATCCACAGT-1,0.000009,0.979029,0.000009,0.020954
AGGAGAGTCTGGCTAC-1,0.043191,0.799032,0.013099,0.144677
AGGAGCGTTTATTATC-1,0.997682,0.000333,0.000056,0.001929
AGGAGGCCTTCGCGCG-1,0.818456,0.000263,0.181193,0.000088
AGGATAAAGTCGGGAT-1,0.000014,0.905008,0.001502,0.093476
AGGATATAGGGATTTA-1,0.258598,0.52056,0.032727,0.188116
AGGATATCCGACTGCA-1,0.64491,0.000164,0.000027,0.354899
AGGATCACGCGATCTG-1,0.005378,0.243766,0.018103,0.732752
AGGATTGCTTACGACA-1,0.000008,0.970199,0.000008,0.029786
AGGCACGTGACTGTCC-1,0.554643,0.413071,0.000028,0.032258
AGGCAGATGCGTAAAC-1,0.050067,0.927076,0.006959,0.015898
AGGCAGGGAGCGTACT-1,0.00003,0.8274,0.135033,0.037537
AGGCATTGTCGTAGGG-1,0.068849,0.75457,0.000016,0.176565
AGGCCACATTGGTTAC-1,0.173618,0.462757,0.15637,0.207254
AGGCCACCCGTTATGA-1,0.000061,0.342247,0.086178,0.571514
AGGCCCATTGTACAGG-1,0.000113,0.016577,0.480754,0.502555
AGGCCCTAGAACGCCA-1,0.000061,0.619981,0.311191,0.068767
AGGCCTATCATACCAA-1,0.000421,0.815967,0.143418,0.040194
AGGCCTGAGAATCTCG-1,0.765151,0.00796,0.000035,0.226855
AGGCGATAACTGGCGT-1,0.600021,0.340015,0.05404,0.005924
AGGCGGTTTGTCCCGC-1,0.033401,0.6793,0.000173,0.287126
AGGCGTCTATGGACGG-1,0.163832,0.29974,0.198617,0.337811
AGGCTATGGTTAGCTT-1,0.000085,0.084982,0.295962,0.618971
AGGCTTAAGTTGCACA-1,0.074901,0.102118,0.168469,0.654512
AGGCTTCCCGAAGAAG-1,0.116657,0.595382,0.173589,0.114372
AGGGAAACGAGGTACT-1,0.019671,0.894265,0.050316,0.035747
AGGGACCGGCTGCGTT-1,0.050176,0.820613,0.00587,0.12334
AGGGACTCTACGCGAC-1,0.003886,0.996073,0.000014,0.000028
AGGGAGACATACTTCG-1,0.030044,0.846834,0.052864,0.070259
AGGGCAGCGGCGTGGT-1,0.000176,0.001055,0.43511,0.563659
AGGGCCCTAATGTTCT-1,0.857694,0.000265,0.000044,0.141997
AGGGCGAGCAGCTGAT-1,0.000039,0.659062,0.185085,0.155813
AGGGCGTGATCGGCTA-1,0.000163,0.000976,0.64647,0.352391
AGGGCTGCAGTTACAG-1,0.000028,0.716482,0.246227,0.037263
AGGGTCAGAGCACTCG-1,0.000028,0.512186,0.287928,0.199859
AGGGTCAGTAACCCTA-1,0.006398,0.802603,0.188414,0.002585
AGGGTCGATGCGAACT-1,0.185251,0.775681,0.024183,0.014884
AGGGTCTGGACGCAGT-1,0.892094,0.014902,0.000026,0.092978
AGGGTGCCGTTCTTTA-1,0.000027,0.723529,0.036567,0.239876
AGGGTGCTCTCGAGGG-1,0.007702,0.608493,0.258401,0.125404
AGGGTGTGCTACACGC-1,0.000083,0.043762,0.373653,0.582502
AGGGTTCAGACGGTCC-1,0.025803,0.665595,0.042628,0.265974
AGGGTTCCCTTTGGTT-1,0.152436,0.388973,0.248533,0.210058
AGGGTTTAGTTCGGGA-1,0.062752,0.93651,0.000703,0.000036
AGGTAACCTCCTATTC-1,0.101785,0.312467,0.249204,0.336544
AGGTACGATATTGCCA-1,0.000062,0.485196,0.09753,0.417212
AGGTAGATCGAGATAT-1,0.000025,0.706388,0.053642,0.239945
AGGTAGGTACAAAGCT-1,0.00006,0.66808,0.295692,0.036169
AGGTATAATTGATAGT-1,0.00212,0.846097,0.151749,0.000033
AGGTATGCGGACATTA-1,0.004761,0.90674,0.000008,0.08849
AGGTCAGGTGAGAGTG-1,0.00002,0.867012,0.00002,0.132949
AGGTCGCCTCCCAACA-1,0.77173,0.050545,0.073485,0.10424
AGGTCGCGGAGTTACT-1,0.038941,0.949656,0.011364,0.000039
AGGTGCACGTCCACAT-1,0.999659,0.000227,0.000038,0.000076
AGGTGGTGACCTTCGC-1,0.026286,0.957881,0.00152,0.014312
AGGTGTATCGCCATGA-1,0.000083,0.000499,0.223687,0.775731
AGGTGTTGCCGACCAC-1,0.903808,0.000145,0.000024,0.096023
AGGTTACACCATGCCG-1,0.146364,0.794362,0.014108,0.045166
AGGTTCTCCTTTCCGG-1,0.047409,0.000718,0.258192,0.69368
AGGTTGAGGCACGCTT-1,0.000078,0.252089,0.245606,0.502227
AGGTTTCACACACCTT-1,0.038398,0.815677,0.000594,0.145331
AGTAACGTTCATCCTG-1,0.18874,0.000953,0.28903,0.521277
AGTAACTATAGCAGCC-1,0.701147,0.188849,0.000024,0.109981
AGTAAGGGACAGAATC-1,0.695438,0.135708,0.000028,0.168825
AGTAATCTAAGGGTGG-1,0.719759,0.014771,0.229539,0.035931
AGTAATGTCTTGCCGC-1,0.000082,0.665985,0.153073,0.180859
AGTAATTTGCAAGCGT-1,0.059081,0.000559,0.326241,0.614119
AGTACAGAAGCTTATA-1,0.156451,0.572714,0.270782,0.000053
AGTACATCATTTATCA-1,0.005397,0.754358,0.004829,0.235416
AGTACCTTCGAGTGCT-1,0.000079,0.415691,0.150253,0.433977
AGTACGGCCCGTATCG-1,0.036104,0.343887,0.166428,0.453581
AGTACGGGCACCTGGC-1,0.027414,0.742501,0.071474,0.158611
AGTACGTGGCCTGTCT-1,0.000234,0.001406,0.587207,0.411153
AGTACTCTTATGCCCA-1,0.420034,0.366261,0.213558,0.000147
AGTAGAAGGCGCCTCA-1,0.112897,0.738572,0.117525,0.031007
AGTAGCTAGACGCCGA-1,0.000261,0.118945,0.449164,0.431629
AGTAGGAAGGAAGTTG-1,0.000037,0.920105,0.032143,0.047716
AGTAGGTAACATACAT-1,0.107696,0.000846,0.420456,0.471001
AGTATAATACTAGGCA-1,0.000059,0.083356,0.064869,0.851716
AGTATACACAGCGACA-1,0.0516,0.925313,0.003383,0.019704
