Barcode,Topic 1,Topic 2to3,Topic 4to5,Topic 6,Topic 7,Topic 8to9
AAACAAGTATCTCCCA-1,0.007572,0.170163,0.28804,0.080031,0.056133,0.398061
AAACACCAATAACTGC-1,0.021175,0.357635,0.092875,0.280393,0.02564,0.222281
AAACAGCTTTCAGAAG-1,0.185263,0.408189,0.396754,0.000107,0.003002,0.006685
AAACAGGGTCTATATT-1,0.240447,0.046515,0.624961,0.000007,0.041421,0.046649
AAACATGGTGAGAGGA-1,0.013136,0.441323,0.469502,0.000011,0.000011,0.076016
AAACATTTCCCGGATT-1,0.014556,0.00502,0.04272,0.037105,0.130617,0.769982
AAACCCGAACGAAATC-1,0.116382,0.235356,0.637754,0.005045,0.005003,0.000459
AAACCGGGTAGGTACC-1,0.013812,0.577547,0.107943,0.223355,0.031113,0.04623
AAACCGTTCGTCCAGG-1,0.013582,0.180252,0.003753,0.144825,0.057879,0.599709
AAACCTAAGCAGCCGG-1,0.269625,0.012145,0.155869,0.025271,0.316865,0.220225
AAACCTCATGAAGTTG-1,0.016558,0.569988,0.15462,0.079208,0.035823,0.143804
AAACGAAGATGGAGTA-1,0.093008,0.244031,0.616183,0.040531,0.004532,0.001715
AAACGAGACGGTTGAT-1,0.000026,0.80904,0.142866,0.019443,0.020331,0.008294
AAACGGGCGTACGGGT-1,0.00526,0.028087,0.131385,0.003906,0.09573,0.735633
AAACGGTTGCGAACTG-1,0.022324,0.001738,0.098371,0.256621,0.327388,0.293559
AAACTCGGTTCGCAAT-1,0.000012,0.000024,0.000024,0.000765,0.003022,0.996152
AAACTCGTGATATAAG-1,0.026897,0.731776,0.196343,0.04494,0.000014,0.000029
AAACTGCTGGCTCCAA-1,0.189125,0.028095,0.697624,0.000013,0.083198,0.001946
AAACTTAATTGCACGC-1,0.058194,0.161152,0.670706,0.000014,0.000014,0.109918
AAACTTGCAAACGTAT-1,0.062086,0.216929,0.633544,0.000009,0.066285,0.021148
AAAGAATGACCTTAGA-1,0.049436,0.543683,0.299357,0.076166,0.014692,0.016666
AAAGAATGTGGACTAA-1,0.002062,0.000031,0.000031,0.488669,0.014636,0.494572
AAAGACCCAAGTCGCG-1,0.000036,0.727533,0.000072,0.272251,0.000036,0.000072
AAAGACTGGGCGCTTT-1,0.008751,0.816854,0.148525,0.003694,0.001987,0.020188
AAAGCTTGCCTACATA-1,0.027288,0.40029,0.569895,0.002489,0.000013,0.000025
AAAGGCCCTATAATAC-1,0.014645,0.162901,0.26629,0.251504,0.105664,0.198996
AAAGGCTACGGACCAT-1,0.014816,0.010931,0.003296,0.134732,0.11315,0.723076
AAAGGCTCTCGCGCCG-1,0.000027,0.000054,0.000054,0.002834,0.026245,0.970787
AAAGGGATGTAGCAAG-1,0.025086,0.500073,0.47479,0.000013,0.000013,0.000026
AAAGGGCAGCTTGAAT-1,0.000219,0.771081,0.192431,0.005172,0.002072,0.029026
AAAGTAGCATTGCTCA-1,0.099365,0.292354,0.11042,0.056836,0.293397,0.147628
AAAGTCACTGATGTAA-1,0.000037,0.393901,0.02946,0.576492,0.000037,0.000073
AAAGTCGACCCTCAGT-1,0.092665,0.288407,0.430453,0.000009,0.024845,0.163621
AAAGTGTGATTTATCT-1,0.000022,0.583544,0.120598,0.030677,0.02991,0.23525
AAAGTTGACTCCCGTA-1,0.030178,0.546578,0.377928,0.020231,0.025028,0.000057
AAATAAGGTAGTGCCC-1,0.000007,0.184158,0.81581,0.000007,0.000007,0.000013
AAATACCTATAAGCAT-1,0.019356,0.258891,0.06699,0.019745,0.099923,0.535094
AAATAGCTTAGACTTT-1,0.00243,0.209019,0.765633,0.019995,0.00176,0.001163
AAATAGGGTGCTATTG-1,0.021938,0.004215,0.021466,0.203907,0.003376,0.745098
AAATCCGATACACGCC-1,0.000012,0.000025,0.000025,0.005542,0.02307,0.971327
AAATCGCGGAAGGAGT-1,0.031875,0.371171,0.35214,0.001684,0.025574,0.217556
AAATCGTGTACCACAA-1,0.028201,0.445591,0.112069,0.002817,0.155724,0.255598
AAATCTAGCCCTGCTA-1,0.227317,0.03767,0.012188,0.157105,0.020175,0.545546
AAATGATTCGATCAGC-1,0.03957,0.468668,0.491707,0.000014,0.000014,0.000027
AAATGCTCGTTACGTT-1,0.000023,0.670513,0.328687,0.00071,0.000023,0.000045
AAATGGCATGTCTTGT-1,0.000045,0.700442,0.00009,0.299287,0.000045,0.00009
AAATGGCCCGTGCCCT-1,0.034188,0.555084,0.134339,0.107777,0.009657,0.158955
AAATGGTCAATGTGCC-1,0.000027,0.879773,0.034123,0.057051,0.007445,0.021581
AAATGTATCTTATCCC-1,0.000014,0.137056,0.862876,0.000014,0.000014,0.000027
AAATTAACGGGTAGCT-1,0.002659,0.681088,0.057099,0.029595,0.026789,0.20277
AAATTAATAAGCGCGA-1,0.018418,0.64085,0.328563,0.01004,0.001003,0.001126
AAATTACACGACTCTG-1,0.000028,0.428346,0.000057,0.571483,0.000028,0.000057
AAATTACCTATCGATG-1,0.003856,0.817174,0.150329,0.028593,0.000016,0.000032
AAATTCCAGGTCCAAA-1,0.012738,0.44757,0.445007,0.00059,0.012052,0.082043
AAATTGATAGTCCTTT-1,0.000028,0.120028,0.00795,0.181937,0.03462,0.655436
AAATTTGCGGGTGTGG-1,0.003746,0.303707,0.045859,0.062079,0.175768,0.408841
AACAACTGGTAGTTGC-1,0.049328,0.839565,0.092016,0.016363,0.000017,0.002711
AACAATACATTGTCGA-1,0.000013,0.000026,0.000026,0.008029,0.003148,0.988757
AACAATTACTCTACGC-1,0.000011,0.615776,0.379495,0.00058,0.000011,0.004127
AACACACGCTCGCCGC-1,0.108164,0.015263,0.491626,0.017196,0.309041,0.05871
AACACGAGACGCGGCC-1,0.013372,0.663891,0.187971,0.030743,0.026401,0.077621
AACAGCTGTGTGGCAA-1,0.066891,0.000202,0.000955,0.170328,0.005428,0.756197
AACAGGAAATCGAATA-1,0.065212,0.710891,0.097585,0.126245,0.000022,0.000045
AACAGGATGGGCCGCG-1,0.006903,0.783032,0.076674,0.093105,0.002026,0.03826
AACAGGTAGTATGGAT-1,0.007851,0.203293,0.479629,0.047639,0.194274,0.067315
AACATAGCGTGTATCG-1,0.000036,0.130918,0.008278,0.013019,0.111088,0.736662
AACATATCAACTGGTG-1,0.000018,0.897396,0.06418,0.034529,0.00093,0.002948
AACATTGAAGTTGATC-1,0.01572,0.096332,0.119874,0.114524,0.171236,0.482314
AACATTGTGACTCGAG-1,0.061932,0.001451,0.002104,0.160018,0.196144,0.578351
AACCAAGACTTCTCTG-1,0.020719,0.584724,0.175082,0.001392,0.029131,0.188952
AACCATAGGGTTGAAC-1,0.114216,0.280846,0.530915,0.031413,0.010304,0.032306
AACCATGGGATCGCTA-1,0.032791,0.792762,0.112566,0.061486,0.000355,0.000041
AACCCAGAGACGGAGA-1,0.052377,0.578251,0.361533,0.007784,0.000018,0.000036
AACCCATCCCATGATC-1,0.062746,0.564721,0.269095,0.091059,0.009895,0.002484
AACCCGACAACCCGTG-1,0.000011,0.000023,0.000023,0.023582,0.003175,0.973186
AACCCGAGCAGAATCG-1,0.032452,0.058665,0.055665,0.328642,0.034489,0.490087
AACCCTACTGTCAATA-1,0.005846,0.208515,0.722297,0.003151,0.025942,0.03425
AACCGAGCTTGGTCAT-1,0.000023,0.665299,0.329197,0.005412,0.000023,0.000046
AACCGCTAAGGGATGC-1,0.029133,0.294731,0.236446,0.18012,0.034308,0.225262
AACCGTTGTGTTTGCT-1,0.000047,0.407545,0.000095,0.59217,0.000047,0.000095
AACCTCGCTTTAGCCC-1,0.000016,0.000031,0.007394,0.000017,0.057502,0.935039
AACCTGTCACGGAATT-1,0.000403,0.322635,0.67652,0.000303,0.000088,0.00005
AACCTTTAAATACGGT-1,0.000027,0.023141,0.000055,0.232001,0.051683,0.693093
AACCTTTACGACGTCT-1,0.007245,0.819087,0.043909,0.129635,0.000041,0.000083
AACGAAAGTCGTCCCA-1,0.119887,0.50452,0.142619,0.210454,0.018094,0.004426
AACGACCTCCTAGCCG-1,0.014988,0.248806,0.051766,0.058276,0.131769,0.494395
AACGATAATGCCGTAG-1,0.029726,0.038994,0.125395,0.300657,0.359149,0.146079
AACGATAGAAGGGCCG-1,0.061833,0.5051,0.432887,0.000117,0.000021,0.000043
AACGATATGTCAACTG-1,0.036479,0.320592,0.608358,0.001936,0.013147,0.019488
AACGCATGATCTGGGT-1,0.013542,0.837236,0.129358,0.012622,0.007192,0.00005
AACGCGACCTTGGGCG-1,0.000012,0.000025,0.000025,0.000012,0.001073,0.998853
AACGCGGTCTCCAGCC-1,0.036795,0.481811,0.435925,0.029001,0.000019,0.016449
AACGCTGTTGCTGAAA-1,0.000023,0.084593,0.049698,0.193561,0.004213,0.667913
AACGGACGTACGTATA-1,0.003533,0.062082,0.087779,0.120336,0.033399,0.692871
AACGGCCATCTCCGGT-1,0.056344,0.40726,0.111629,0.16142,0.116936,0.14641
AACGTACTGTGGGTAC-1,0.006785,0.419066,0.256213,0.015393,0.302484,0.000059
AACGTCAGACTAGTGG-1,0.000012,0.523116,0.476825,0.000012,0.000012,0.000024
AACGTCGCTGCACTTC-1,0.006606,0.022766,0.106749,0.082063,0.062303,0.719512
AACGTGCGAAAGTCTC-1,0.000015,0.588869,0.402808,0.005995,0.002281,0.00003
AACGTTATCAGCACCT-1,0.006395,0.49004,0.494275,0.004224,0.005037,0.000029
AACTACCCGTTTGTCA-1,0.000026,0.310086,0.323734,0.055779,0.023586,0.28679
AACTAGGCTTGGGTGT-1,0.005427,0.041506,0.000047,0.081788,0.05599,0.815242
AACTCAAGTTAATTGC-1,0.0433,0.461128,0.275442,0.060657,0.036242,0.123231
AACTCCAGAGCGTGTT-1,0.002457,0.009912,0.058045,0.001394,0.132208,0.795984
AACTCGATGGCGCAGT-1,0.000859,0.762711,0.000079,0.236232,0.00004,0.000079
AACTCTCAATAGAGCG-1,0.004945,0.431732,0.459489,0.095434,0.000084,0.008316
AACTCTCAGTGTGCTC-1,0.135818,0.249387,0.193603,0.000779,0.150269,0.270143
AACTGATATTAGGCCT-1,0.016429,0.732242,0.251217,0.000025,0.000035,0.00005
AACTGGGTCCCGACGT-1,0.040372,0.738734,0.189223,0.011166,0.020465,0.00004
AACTTCTGCGTCTATC-1,0.000021,0.465522,0.534375,0.000021,0.000021,0.000041
AACTTGCCCGTATGCA-1,0.033208,0.734977,0.220368,0.000886,0.00864,0.001921
AACTTGCGTTCTCGCG-1,0.051562,0.442451,0.505938,0.000012,0.000012,0.000025
AACTTTACGGGAGCTT-1,0.01393,0.718635,0.17473,0.004457,0.015181,0.073067
AACTTTCTCGATCATG-1,0.024447,0.561344,0.414134,0.000019,0.000019,0.000037
AAGAAATCACCAGATT-1,0.00309,0.504002,0.020463,0.463939,0.000028,0.008478
AAGAAGGATCAGTTAG-1,0.019766,0.568175,0.411981,0.00002,0.00002,0.000039
AAGACATACGTGGTTT-1,0.002044,0.05702,0.027256,0.318207,0.045021,0.550451
AAGACCAAATAACTCA-1,0.049349,0.093418,0.831617,0.001742,0.01414,0.009735
AAGACCCAACTGAACA-1,0.011878,0.020502,0.016212,0.102357,0.045497,0.803553
AAGACTGCAAGCTACT-1,0.000034,0.831533,0.073944,0.055615,0.031295,0.007579
AAGAGATGAATCGGTA-1,0.021655,0.457922,0.493992,0.026405,0.000009,0.000017
AAGAGCTCTTTATCGG-1,0.000022,0.571791,0.272914,0.150839,0.00391,0.000525
AAGAGGATGTACGCGA-1,0.003806,0.720557,0.172037,0.011508,0.046833,0.045259
AAGAGGCATGGATCGC-1,0.000807,0.643764,0.240393,0.114662,0.000316,0.000058
AAGAGGCCCTTTGGAA-1,0.015355,0.109938,0.013785,0.080871,0.053388,0.726662
AAGATGGCACCGGACC-1,0.043418,0.001757,0.204692,0.000008,0.282684,0.46744
AAGATTGGCGGAACGT-1,0.000016,0.859601,0.103506,0.036828,0.000016,0.000032
AAGCACCCTGCGTATC-1,0.000018,0.000035,0.000035,0.184913,0.000032,0.814967
AAGCATACTCTCCTGA-1,0.129161,0.000073,0.000073,0.617077,0.002443,0.251172
AAGCCGAAGCGGTTTA-1,0.064939,0.421831,0.229091,0.177979,0.014305,0.091855
AAGCCGCCGTGAAATC-1,0.009815,0.225488,0.19818,0.190916,0.150387,0.225214
AAGCCGCTTTACCTTG-1,0.076478,0.419482,0.00519,0.498714,0.000045,0.000091
AAGCGCAGGGCTTTGA-1,0.001387,0.00003,0.00003,0.048878,0.003796,0.945878
AAGCGTCCCTCATCGA-1,0.008552,0.062666,0.265311,0.213127,0.377019,0.073325
AAGCTAGATCGAGTAA-1,0.077197,0.113651,0.068908,0.137371,0.155195,0.447678
AAGCTCGTGCCAAGTC-1,0.000036,0.816148,0.084454,0.084906,0.011718,0.002738
AAGCTCTTTCATGGTG-1,0.00003,0.000061,0.000061,0.434247,0.00003,0.56557
AAGGAGCGGTTGGTGC-1,0.000025,0.754449,0.245425,0.000025,0.000025,0.00005
AAGGATCGATCGCTTG-1,0.003523,0.105466,0.890158,0.000008,0.000829,0.000016
AAGGATGAGGGACCTC-1,0.001196,0.804066,0.097354,0.036374,0.012579,0.048431
AAGGCAGGCTGTCTCC-1,0.01038,0.072085,0.915513,0.000265,0.001743,0.000014
AAGGCGCGTAAAGCTT-1,0.000008,0.204877,0.795084,0.000008,0.000008,0.000016
AAGGCTGTGCTCATCG-1,0.028244,0.60965,0.235981,0.007754,0.025798,0.092573
AAGGGAACGACTGGCT-1,0.038931,0.124656,0.159871,0.019231,0.125319,0.531991
AAGGGACAGATTCTGT-1,0.002305,0.86046,0.04081,0.050735,0.00299,0.0427
AAGGGACTATGCATTC-1,0.119782,0.029357,0.071058,0.513928,0.010855,0.255021
AAGGGTTAGCCATGCG-1,0.207083,0.333204,0.299123,0.024262,0.018994,0.117334
AAGGGTTTGATTTCAG-1,0.010051,0.469798,0.450514,0.056903,0.005892,0.006842
AAGGTATCCTAATATA-1,0.002056,0.75093,0.197501,0.015444,0.000663,0.033406
AAGGTGATAAACCAGC-1,0.061356,0.496538,0.311641,0.016565,0.094058,0.019842
AAGTAGAAGACCGGGT-1,0.003858,0.775904,0.216185,0.003982,0.000023,0.000047
AAGTAGTGACGCGAGG-1,0.175969,0.405173,0.418797,0.000015,0.000015,0.000031
AAGTCAATTGTCGTCA-1,0.0035,0.427022,0.387302,0.026178,0.066257,0.089741
AAGTCTAGTAGCTGCC-1,0.000036,0.805636,0.022911,0.17131,0.000036,0.000071
AAGTCTTCTGTGGCCT-1,0.004353,0.308104,0.541887,0.010199,0.001155,0.134303
AAGTGACGACCGAATT-1,0.012874,0.495114,0.431663,0.000075,0.059892,0.000381
AAGTGAGTCGGGTTTA-1,0.000015,0.000029,0.000029,0.000015,0.002795,0.997118
AAGTGCAAAGGTAGAC-1,0.000006,0.222495,0.777478,0.000006,0.000006,0.000011
AAGTGCCTTGACTGTA-1,0.034057,0.339902,0.506505,0.00325,0.022772,0.093513
AAGTGCGTTAGAATCT-1,0.041726,0.329028,0.286163,0.00614,0.183431,0.153512
AAGTGCTTCTCTATTG-1,0.337117,0.001861,0.153042,0.002115,0.039415,0.46645
AAGTGTTTGGAGACGG-1,0.000025,0.092222,0.04345,0.006508,0.081056,0.776739
AAGTTCACTCCAAGCT-1,0.008445,0.005425,0.076968,0.127102,0.081018,0.701041
AAGTTCAGTCTGCGTA-1,0.000039,0.685008,0.005708,0.309127,0.000039,0.000078
AAGTTCGGCCAACAGG-1,0.046286,0.491488,0.134728,0.130693,0.169478,0.027327
AAGTTGTGATGTTATA-1,0.014775,0.016509,0.180374,0.047119,0.238376,0.502846
AAGTTTATGGGCCCAA-1,0.11743,0.00332,0.016242,0.024419,0.149314,0.689275
AATAACAACGCTCGGC-1,0.000468,0.584857,0.359556,0.000014,0.054482,0.000623
AATAACACTAGAACAA-1,0.060254,0.139115,0.085882,0.461925,0.203085,0.049739
AATAACGTCGCGCCCA-1,0.000022,0.062668,0.00327,0.259769,0.044912,0.629359
AATAATCTTCGTATCG-1,0.015119,0.380476,0.216433,0.031739,0.194669,0.161564
AATACAATGTTTCAGG-1,0.000023,0.811789,0.046829,0.041512,0.000023,0.099825
AATACCGGAGGGCTGT-1,0.020761,0.007888,0.033904,0.198033,0.281269,0.458145
AATACCTGATGTGAAC-1,0.009306,0.018572,0.149296,0.000043,0.158582,0.6642
AATAGAACAGAGTGGC-1,0.000039,0.250494,0.000079,0.252297,0.048227,0.448864
AATAGAATCTGTTTCA-1,0.020773,0.152566,0.258205,0.346168,0.030971,0.191316
AATAGCTACCGCGTGC-1,0.00004,0.823358,0.000519,0.175961,0.00004,0.000081
AATAGTCCGTCCCGAC-1,0.002731,0.003875,0.014461,0.231963,0.012785,0.734186
AATAGTCGCGAGTCGG-1,0.000017,0.818981,0.175908,0.005043,0.000017,0.000034
AATATCAAGGTCGGAT-1,0.000088,0.289925,0.000176,0.709547,0.000088,0.000176
AATATCCTAGCAAACT-1,0.098925,0.301871,0.373669,0.043276,0.003929,0.178331
AATATCGAATCAATGC-1,0.090633,0.206976,0.234054,0.148307,0.033501,0.28653
AATATCGAGGGTTCTC-1,0.000016,0.61104,0.379293,0.000016,0.000016,0.009618
AATATTGGAGTATTGA-1,0.00105,0.464736,0.376305,0.078147,0.004695,0.075067
AATCAGGTTTCATTTA-1,0.053091,0.00099,0.000652,0.104099,0.009742,0.831426
AATCATGTAAAGACTC-1,0.122375,0.000025,0.021068,0.000012,0.145154,0.711364
AATCCAAGGGCCTGAG-1,0.133349,0.404523,0.462056,0.000018,0.000018,0.000036
AATCGCCTCAGCGCCA-1,0.004326,0.351479,0.633725,0.000024,0.010399,0.000048
AATCGCGCAGAGGACT-1,0.022049,0.041723,0.930367,0.002062,0.003384,0.000415
AATCGGTATAGCCCTC-1,0.000025,0.033816,0.000051,0.161156,0.025681,0.779272
AATCGTGAGCCGAGCA-1,0.025714,0.07742,0.159206,0.167473,0.249643,0.320543
AATCTAGGTTTACTTG-1,0.051013,0.322878,0.536587,0.03094,0.021525,0.037056
AATCTATGCCGGAGCC-1,0.018,0.347316,0.634469,0.000177,0.000013,0.000025
AATCTCTACTGTGGTT-1,0.152256,0.341221,0.317352,0.135335,0.003733,0.050103
AATCTGCGTTGGGACG-1,0.001648,0.760057,0.216978,0.004997,0.001768,0.014552
AATCTGGCTTTCTAGT-1,0.027275,0.323046,0.51591,0.055852,0.011386,0.06653
AATGACAGCAATGTCT-1,0.068282,0.257254,0.212266,0.033166,0.204442,0.22459
AATGACGTAGGATGTC-1,0.183695,0.266101,0.482644,0.010019,0.04405,0.013491
AATGACTGTCAGCCGG-1,0.02058,0.353455,0.578087,0.007963,0.003537,0.036378
AATGAGTTCGCATATG-1,0.009945,0.792635,0.195227,0.002108,0.000028,0.000056
AATGATGATACGCTAT-1,0.000059,0.273926,0.725958,0.000014,0.000014,0.000029
AATGATGCGACTCCTG-1,0.001828,0.51519,0.468903,0.014032,0.000015,0.000031
AATGCAACCGGGTACC-1,0.032689,0.445813,0.520114,0.001344,0.000013,0.000027
AATGCACCAAGCAATG-1,0.040107,0.575983,0.383736,0.000013,0.000135,0.000026
AATGGTCCACCGTTCA-1,0.213085,0.281181,0.407659,0.000797,0.034621,0.062657
AATGGTTCTCACAAGC-1,0.02565,0.545372,0.404865,0.004221,0.007128,0.012765
AATGTATGGCACTGTA-1,0.157171,0.188544,0.573689,0.044884,0.002459,0.033252
AATGTGCCCGAGGTGT-1,0.020323,0.221875,0.089647,0.309853,0.154411,0.203892
AATGTGCTAATCTGAG-1,0.274668,0.013529,0.246327,0.002373,0.417441,0.045662
AATGTTAAGACCCTGA-1,0.053976,0.006228,0.138928,0.085227,0.151926,0.563716
AATGTTGTCGTGAGAC-1,0.000019,0.000039,0.000039,0.217038,0.004363,0.778502
AATTAAAGGTCGGCGT-1,0.005819,0.608822,0.341538,0.019728,0.024051,0.000041
AATTAACGGATTTCCA-1,0.120237,0.000058,0.000058,0.221942,0.00003,0.657674
AATTACGAGACCCATC-1,0.075931,0.113636,0.758955,0.022067,0.011817,0.017593
AATTAGCGCTGCAGCG-1,0.000037,0.102422,0.026253,0.3728,0.036835,0.461654
AATTATACCCAGCAAG-1,0.000025,0.00005,0.00005,0.034887,0.009261,0.955726
AATTCATAAGGGATCT-1,0.015412,0.71532,0.207574,0.021484,0.026733,0.013476
AATTCATTGTCATGCA-1,0.231698,0.352756,0.349561,0.065285,0.000016,0.000684
AATTCCAAGCATGTAC-1,0.000019,0.000038,0.000038,0.163546,0.000019,0.836339
AATTCGATTCGAGGAT-1,0.000883,0.000033,0.000033,0.007731,0.00042,0.9909
AATTCTAGAGTTAGGC-1,0.054174,0.19895,0.142808,0.007761,0.500759,0.095548
AATTGAACGCTCTGGT-1,0.015492,0.598608,0.20745,0.024898,0.150423,0.00313
AATTGCAGCAATCGAC-1,0.002796,0.011476,0.000983,0.010739,0.04409,0.929916
AATTGTGGTTGCCAAA-1,0.001165,0.027739,0.042741,0.220186,0.010399,0.69777
AATTTGGTTCCAAAGA-1,0.000038,0.250542,0.03114,0.718165,0.000038,0.000076
ACAAACCATGCGTCCT-1,0.016748,0.414946,0.284351,0.136514,0.019698,0.127742
ACAAAGAAGGTAGGCC-1,0.013856,0.41224,0.492316,0.023473,0.002431,0.055684
ACAAAGCATGACCTAG-1,0.067883,0.020261,0.315173,0.014425,0.270845,0.311413
ACAAATCGCACCGAAT-1,0.000035,0.077258,0.013423,0.336558,0.052317,0.520409
ACAAATGGTAGTGTTT-1,0.00348,0.345423,0.500971,0.000013,0.089529,0.060585
ACAACAGCATGAGCTA-1,0.022161,0.538104,0.335796,0.008827,0.011923,0.083189
ACAACGGTCCCTGCGA-1,0.001304,0.540086,0.458561,0.000012,0.000012,0.000024
ACAAGCAGTGCCTAGC-1,0.064486,0.62944,0.122723,0.12132,0.00002,0.062012
ACAAGCTATATGGAAG-1,0.000007,0.372191,0.626533,0.000256,0.000286,0.000726
ACAAGGAAATCCGCCC-1,0.000041,0.261291,0.009725,0.293716,0.000041,0.435185
ACAAGGACAAGAGGTT-1,0.010054,0.338319,0.513842,0.000011,0.072103,0.065671
ACAAGGATGCTTTAGG-1,0.000023,0.000046,0.000046,0.327508,0.003075,0.669301
ACAAGGGCAGGCTCTG-1,0.007379,0.35862,0.57225,0.002958,0.057875,0.000918
ACAATAGTCGTACGTT-1,0.0393,0.689068,0.162647,0.047598,0.010453,0.050934
ACAATCCATTTAAACC-1,0.000018,0.580114,0.207995,0.176753,0.004786,0.030334
ACAATGAATACGGAGA-1,0.000018,0.035828,0.002562,0.032555,0.030779,0.898259
ACAATTGTGTCTCTTT-1,0.094124,0.010778,0.12137,0.358847,0.004528,0.410352
ACAATTTAGGAGGCTC-1,0.000011,0.574409,0.407013,0.005245,0.005426,0.007896
ACAATTTGAGCAGTGG-1,0.000023,0.726948,0.006931,0.108388,0.000221,0.157488
ACAATTTGGCCATATT-1,0.021599,0.46135,0.438187,0.017033,0.029711,0.03212
ACACAAAGACGGGTGG-1,0.002424,0.186346,0.811197,0.000008,0.000008,0.000016
ACACACCAGGACCAGT-1,0.03539,0.464432,0.284562,0.096587,0.019159,0.09987
ACACACTTTCTACACG-1,0.097064,0.417042,0.48582,0.000018,0.000018,0.000037
ACACATGATCAAATCT-1,0.260806,0.145723,0.23897,0.174726,0.00611,0.173664
ACACATTTCCGTAGAC-1,0.000017,0.000034,0.000034,0.001532,0.037211,0.961171
ACACCACATAATTAGC-1,0.000008,0.177491,0.822469,0.000008,0.000008,0.000016
ACACCCAGCATGCAGC-1,0.000021,0.657672,0.342222,0.000021,0.000021,0.000042
ACACCCGAGAAATCCG-1,0.015584,0.872654,0.044517,0.067174,0.000024,0.000047
ACACCGAGCGCTCTTT-1,0.00298,0.878084,0.014244,0.10455,0.000047,0.000095
ACACCGGTCTGACCGC-1,0.139983,0.209849,0.528831,0.048273,0.040054,0.033009
ACACCTTAAGTAGGGC-1,0.000029,0.887418,0.007093,0.105374,0.000029,0.000058
ACACCTTACTACTTGC-1,0.022431,0.114679,0.8121,0.014578,0.022558,0.013653
ACACGAGACTCCTTCT-1,0.002294,0.760234,0.164778,0.003692,0.014373,0.054629
ACACGGGAACTTAGGG-1,0.000026,0.898157,0.063563,0.015187,0.001101,0.021966
ACACGTAGGCCACAAG-1,0.027607,0.06111,0.29794,0.079357,0.15759,0.376397
ACACTCCAATGTCACT-1,0.020842,0.775494,0.145254,0.000035,0.004492,0.053883
ACACTGATCAAGGTGT-1,0.00628,0.182276,0.122572,0.000024,0.295308,0.39354
ACACTGGGACAGTCGT-1,0.000015,0.115366,0.035368,0.033461,0.587129,0.228662
ACAGAACTGAGAACAA-1,0.239865,0.427765,0.035796,0.116572,0.047695,0.132307
ACAGCATAGAGCCAGT-1,0.017852,0.145864,0.024305,0.81187,0.000037,0.000073
ACAGCGACATTCTCAT-1,0.002302,0.010815,0.008293,0.264593,0.010215,0.703783
ACAGGCACGGATCCTT-1,0.000016,0.008448,0.000032,0.022144,0.047051,0.922308
ACAGGCTTGCCCGACT-1,0.068838,0.004339,0.322203,0.01603,0.167957,0.420633
ACAGGTGGAGGTGAGG-1,0.000027,0.206837,0.001114,0.015369,0.241261,0.535393
ACAGGTGTGTTGTTGC-1,0.00379,0.407838,0.427132,0.011103,0.003154,0.146983
ACAGTAATACAACTTG-1,0.169029,0.345274,0.472651,0.003751,0.00927,0.000026
ACAGTATACCGTGGGA-1,0.000029,0.546346,0.00814,0.4454,0.000029,0.000057
ACATAAGTCGTGGTGA-1,0.108024,0.480245,0.29965,0.036666,0.027264,0.048151
ACATAATAAGGCGGTG-1,0.00739,0.615502,0.36694,0.010115,0.000018,0.000035
ACATACAATCAAGCGG-1,0.000039,0.000079,0.000079,0.04016,0.03933,0.920313
ACATCAGCTGGGACGC-1,0.007588,0.69353,0.23192,0.001878,0.006583,0.058501
ACATCCCGGCCATACG-1,0.00202,0.002213,0.000043,0.068294,0.037772,0.889658
ACATCCTGGTAACTGT-1,0.014669,0.060099,0.911185,0.000012,0.013234,0.000802
ACATCGATCGTTTACC-1,0.007207,0.458773,0.378821,0.0008,0.112823,0.041575
ACATCGGTCAGCCGCG-1,0.021972,0.402749,0.55554,0.000017,0.019688,0.000035
ACATCGTATGCAATGG-1,0.038357,0.510071,0.179932,0.025272,0.147178,0.099191
ACATGGCGCCAAAGTA-1,0.014398,0.092199,0.887555,0.002766,0.000501,0.002581
ACATTAGTTTATATCC-1,0.028826,0.12504,0.028255,0.50964,0.085302,0.222937
ACATTTGAAACCTAAC-1,0.000016,0.01406,0.000031,0.009281,0.067756,0.908857
ACCAACACCACACACT-1,0.028896,0.792446,0.144099,0.034506,0.000018,0.000035
ACCAACCGCACTCCAC-1,0.000192,0.001331,0.00447,0.153203,0.003992,0.836813
ACCAACGCTTATTTAT-1,0.020921,0.066111,0.000068,0.196738,0.068894,0.647268
ACCAAGAACGCGTGTC-1,0.020255,0.806287,0.152168,0.004678,0.012729,0.003883
ACCAAGTCATCGGCAG-1,0.000026,0.045132,0.000052,0.123325,0.005146,0.826318
ACCAATATGCAAGTTA-1,0.000024,0.000048,0.000048,0.375422,0.000024,0.624435
ACCACAAGTTTCTATC-1,0.013205,0.496242,0.449994,0.004965,0.0083,0.027295
ACCACACGGTTGATGG-1,0.000034,0.020231,0.000068,0.148975,0.020221,0.810472
ACCACCAATGTAACAA-1,0.047462,0.15739,0.70663,0.025177,0.006114,0.057227
ACCACCCTCTCTTCTA-1,0.07849,0.507228,0.410516,0.003734,0.000011,0.000021
ACCACGTGCAGCTATA-1,0.050994,0.270153,0.087472,0.232744,0.102449,0.256188
ACCAGACCATAACAAC-1,0.003821,0.371905,0.565014,0.00301,0.015271,0.040979
ACCAGTGCGGGAGACG-1,0.153941,0.126753,0.296844,0.184998,0.030758,0.206707
ACCATATCCGCAATAA-1,0.00221,0.637688,0.263599,0.040033,0.03766,0.018809
ACCATCCGCCAACTAG-1,0.225048,0.312413,0.451107,0.004153,0.001109,0.00617
ACCATCGTATATGGTA-1,0.037468,0.543596,0.238756,0.000012,0.136446,0.043723
ACCATTAAGGGTGTCA-1,0.000054,0.698143,0.000108,0.301534,0.000054,0.000108
ACCCAACGCCCGTGGC-1,0.004198,0.649807,0.345937,0.000015,0.000015,0.000029
ACCCACCTACATGCTC-1,0.00002,0.744591,0.255307,0.00002,0.00002,0.000041
ACCCATCTTGAGGGTA-1,0.001607,0.680664,0.198853,0.008696,0.069843,0.040337
ACCCATTTGTCCCTCT-1,0.000024,0.007358,0.050597,0.029564,0.016358,0.896098
ACCCGAGCGAAATTAC-1,0.038672,0.068876,0.032094,0.165257,0.044942,0.650159
ACCCGATTGGTTCCGA-1,0.012461,0.030931,0.069382,0.069688,0.07884,0.738698
ACCCGGAAACTCCCAG-1,0.001757,0.003101,0.014334,0.043625,0.014054,0.923127
ACCCGGAGCACCACAA-1,0.027781,0.289372,0.050234,0.056887,0.246338,0.329388
ACCCGGATGACGCATC-1,0.096131,0.010464,0.889077,0.000008,0.003715,0.000606
ACCCGGTTACACTTCC-1,0.146135,0.438001,0.189954,0.184303,0.025519,0.016088
ACCCGTAGTCTAGTTG-1,0.025073,0.15234,0.183072,0.108115,0.107193,0.424207
ACCCGTGTCATCAGTA-1,0.000026,0.000051,0.000051,0.000026,0.028733,0.971114
ACCCTATAGGACTGAG-1,0.000045,0.609386,0.00009,0.390343,0.000045,0.00009
ACCCTATGCCATATCG-1,0.050337,0.077984,0.065201,0.039617,0.091458,0.675403
ACCCTCCCGTCAGGGC-1,0.007889,0.030462,0.314074,0.010848,0.447426,0.189301
ACCCTCCCTTGCTATT-1,0.027583,0.096487,0.526589,0.127996,0.205592,0.015752
ACCCTGGTAACGCCCT-1,0.041526,0.73609,0.136997,0.0098,0.04962,0.025968
ACCCTTCATCTGCGAA-1,0.000027,0.73417,0.000077,0.265644,0.000027,0.000055
ACCGAAAGGGCCCTGC-1,0.05543,0.527249,0.008221,0.408945,0.000052,0.000104
ACCGAAGAGTCTGGTT-1,0.221735,0.088738,0.580444,0.004443,0.007158,0.097482
ACCGACACATCTCCCA-1,0.000017,0.000035,0.000976,0.006263,0.018503,0.974205
ACCGACTGAGTCCCAC-1,0.016556,0.5339,0.446459,0.00002,0.003025,0.000041
ACCGAGTCTCCTTATT-1,0.000029,0.000057,0.000057,0.293702,0.000029,0.706126
ACCGATAGGCATAACC-1,0.000231,0.047619,0.11541,0.039842,0.036118,0.76078
ACCGATATTTAATCAT-1,0.157966,0.104308,0.347495,0.094308,0.032435,0.263488
ACCGATGGTAGCATCG-1,0.165651,0.299603,0.424165,0.030159,0.002093,0.078329
ACCGCAATAACTGCCT-1,0.055524,0.126773,0.116341,0.148013,0.077738,0.475611
ACCGCGGTGGAAGTCG-1,0.221881,0.165308,0.612783,0.000007,0.000007,0.000014
ACCGGGCCTTTGTTGA-1,0.112084,0.309781,0.378609,0.0732,0.060988,0.065337
ACCGGTCAGGTACACC-1,0.145272,0.253229,0.199207,0.147114,0.004543,0.250634
ACCGTCCACTGGGCCC-1,0.01436,0.455609,0.299692,0.153234,0.003496,0.07361
ACCGTGACCACGTGGG-1,0.022242,0.001311,0.006291,0.151457,0.029239,0.789459
ACCTAAGTACCTTTCA-1,0.025548,0.329684,0.123129,0.000141,0.45821,0.063288
ACCTAATCGACTTCCT-1,0.030321,0.594021,0.341078,0.019544,0.00256,0.012476
ACCTACAGTATGTGGT-1,0.015587,0.03755,0.924047,0.001209,0.006105,0.015503
ACCTACTATAAATCTA-1,0.000013,0.000025,0.000025,0.000013,0.013015,0.986909
ACCTCAGCGAGGCGCA-1,0.012353,0.024708,0.024708,0.012352,0.901167,0.024711
ACCTCCGCCCTCGCTG-1,0.025066,0.048565,0.08033,0.110293,0.03819,0.697556
ACCTCCGTTATTCACC-1,0.000019,0.777037,0.163143,0.05235,0.001801,0.005651
ACCTCGAACTTATGCT-1,0.281442,0.302583,0.265399,0.147458,0.000028,0.003089
ACCTGCGTGTCATGTT-1,0.002492,0.657681,0.228033,0.016058,0.034219,0.061518
ACGAAATGGGCGGCAC-1,0.005838,0.382562,0.609987,0.000011,0.001579,0.000022
ACGACTCTAGGGCCGA-1,0.024052,0.028088,0.099468,0.009345,0.526515,0.312531
ACGACTGGTCATACTC-1,0.163507,0.061012,0.137077,0.032707,0.349071,0.256625
ACGAGGATACCACTCT-1,0.401604,0.459826,0.022145,0.033302,0.000025,0.083097
ACGAGGTTTACAACGT-1,0.010213,0.411396,0.469027,0.096768,0.002393,0.010203
ACGAGTACGGATGCCC-1,0.000014,0.692026,0.263443,0.028483,0.000014,0.016021
ACGATACATAGAACTA-1,0.000533,0.750688,0.248672,0.000027,0.000027,0.000054
ACGATACCTATCCTGA-1,0.029791,0.611523,0.272444,0.072884,0.000011,0.013347
ACGATCATACATAGAG-1,0.000182,0.419702,0.580058,0.000015,0.000015,0.000029
ACGATCATCTTGTAAA-1,0.024588,0.151893,0.752556,0.012837,0.003383,0.054744
ACGATGCATATGTTAT-1,0.009285,0.387693,0.581772,0.011686,0.009532,0.000031
ACGCAAACTAATAGAT-1,0.053806,0.010245,0.022822,0.012498,0.142461,0.758167
ACGCAATCACTACAGC-1,0.023158,0.739217,0.192104,0.045065,0.00002,0.000436
ACGCATACGTTTACTA-1,0.00002,0.003457,0.008741,0.412017,0.031362,0.544402
ACGCATTCGTGAGTAC-1,0.003663,0.454623,0.527584,0.005444,0.008639,0.000047
ACGCCAGATGATTTCT-1,0.035408,0.575115,0.389383,0.000024,0.000024,0.000047
ACGCCAGTGCGTTTGC-1,0.097112,0.008565,0.099857,0.076641,0.143431,0.574395
ACGCCGCTAGACGACC-1,0.092109,0.49213,0.360542,0.009101,0.010237,0.035882
ACGCGAAGTCAGACGA-1,0.033011,0.263238,0.028053,0.023756,0.125707,0.526235
ACGCGCTACACAGGGT-1,0.014694,0.314226,0.533225,0.000122,0.114546,0.023187
ACGCGGGCCAAGGACA-1,0.010006,0.80732,0.103272,0.011464,0.000024,0.067914
ACGCGTTTCTTAAGAG-1,0.013483,0.546001,0.350409,0.008244,0.012794,0.069068
ACGCTACTGAATGGGC-1,0.303629,0.230158,0.223948,0.053466,0.082502,0.106297
ACGCTAGTGATACACT-1,0.001226,0.278245,0.720485,0.000011,0.000011,0.000022
ACGCTGTGAGGCGTAG-1,0.001664,0.318508,0.638801,0.000011,0.007246,0.03377
ACGGAACACGAGTGCC-1,0.002092,0.080674,0.088264,0.006536,0.384999,0.437436
ACGGAATTTAGCAAAT-1,0.011,0.3166,0.672351,0.000012,0.000012,0.000024
ACGGACTCTCAAAGCG-1,0.002756,0.000026,0.000026,0.062452,0.007664,0.927075
ACGGAGCGCAAATTAC-1,0.000038,0.658685,0.008468,0.332696,0.000038,0.000076
ACGGATGGTGCGGATA-1,0.000027,0.000053,0.000053,0.174879,0.000641,0.824347
ACGGCACTTGCTTGGG-1,0.000029,0.116551,0.006406,0.019527,0.22735,0.630137
ACGGCCAACATGGACT-1,0.022019,0.056983,0.087566,0.255367,0.114327,0.463738
ACGGCGACGATGGGAA-1,0.139287,0.140287,0.306217,0.001432,0.324953,0.087824
ACGGCTGGATGTAGAA-1,0.146664,0.405566,0.299006,0.041291,0.009917,0.097555
ACGGGAGTGTCGGCCC-1,0.052916,0.134948,0.587851,0.000752,0.159155,0.064377
ACGGGCGTATGCGACA-1,0.011974,0.710124,0.272616,0.000782,0.000015,0.004489
ACGGGTCATGTGACTT-1,0.000469,0.848642,0.115043,0.035773,0.000024,0.000049
ACGGTACAGTTCAATG-1,0.000087,0.0029,0.031719,0.37563,0.060754,0.52891
ACGTACAGATTTCTCT-1,0.000061,0.482965,0.009927,0.506863,0.000061,0.000123
ACGTACTTTGGCACGG-1,0.006656,0.096244,0.006667,0.109116,0.041793,0.739523
ACGTAGATTGCTGATG-1,0.000013,0.152194,0.847743,0.000013,0.000013,0.000025
ACGTAGGAGAGTCGCT-1,0.000019,0.000037,0.000037,0.011627,0.01676,0.971519
ACGTATTACTCCGATC-1,0.000813,0.258849,0.740233,0.000026,0.000026,0.000053
ACGTCTCGTTCCGGGA-1,0.036596,0.295809,0.620821,0.038463,0.000426,0.007885
ACGTGACAAAGTAAGT-1,0.003758,0.417123,0.404686,0.108354,0.007843,0.058237
ACGTGCGCCTCGTGCA-1,0.080216,0.250828,0.66889,0.000016,0.000016,0.000033
ACGTTAATGTCGAAGA-1,0.061862,0.348582,0.504071,0.013937,0.063764,0.007783
ACGTTAGATTTGCCCG-1,0.141716,0.389902,0.351647,0.014898,0.037363,0.064474
ACGTTATTGGTCACTC-1,0.017058,0.811821,0.101879,0.066708,0.002464,0.000071
ACGTTCGCAATCAATT-1,0.002238,0.550493,0.431438,0.009991,0.000012,0.005828
ACGTTCGTTCAGGAAA-1,0.000026,0.03626,0.000051,0.240524,0.025707,0.697431
ACGTTCTGTACAAGTC-1,0.000017,0.003761,0.006631,0.147958,0.052343,0.78929
ACGTTTAGTTGTGATC-1,0.060926,0.768768,0.115775,0.054441,0.00003,0.00006
ACGTTTCGGTGCACTT-1,0.347506,0.253914,0.318094,0.000081,0.015285,0.065121
ACTACAAAGAGAGGTG-1,0.006471,0.000027,0.000027,0.003945,0.001445,0.988084
ACTACATCCCGACAAG-1,0.146759,0.225486,0.143694,0.164091,0.017323,0.302647
ACTACCAGCTCTCTGG-1,0.011833,0.897847,0.088684,0.00156,0.000025,0.000051
ACTACGCGTTAGAATT-1,0.000022,0.030753,0.000044,0.035193,0.011176,0.922813
ACTAGTTGCGATCGTC-1,0.121508,0.00744,0.668606,0.000021,0.111224,0.091201
ACTATCCAGGGCATGG-1,0.000032,0.31652,0.659776,0.000253,0.006001,0.017419
ACTATCGCCGGCTAAA-1,0.000045,0.591035,0.000091,0.408693,0.000045,0.000091
ACTATCTGCCCGCGTA-1,0.389069,0.032256,0.087691,0.143651,0.004071,0.343263
ACTATGTCCAGCTGCC-1,0.110518,0.069124,0.10205,0.425358,0.009637,0.283313
ACTATTCGTCCGTGGT-1,0.060611,0.753376,0.010238,0.175687,0.000029,0.000059
ACTATTTCCGGGCCCA-1,0.000032,0.006376,0.000064,0.257981,0.059033,0.676514
ACTCAAGTGCAAGGCT-1,0.000023,0.050432,0.094433,0.17585,0.550494,0.128769
ACTCAATAAAGGCACG-1,0.00002,0.825585,0.088086,0.051003,0.001067,0.03424
ACTCAGACCTGCTTCT-1,0.000044,0.221445,0.000089,0.778289,0.000044,0.000089
ACTCATGGCAGCCTTC-1,0.090332,0.392291,0.139156,0.072448,0.072422,0.233351
ACTCCAATATCATCAT-1,0.000829,0.00003,0.00003,0.348738,0.001066,0.649308
ACTCCCATTCCTAAAG-1,0.015427,0.418188,0.431705,0.00425,0.088533,0.041897
ACTCCCGAATTCGTTT-1,0.00452,0.49599,0.423648,0.000072,0.01635,0.05942
ACTCCCGTAGACTAGG-1,0.004562,0.685492,0.07856,0.083663,0.004501,0.143222
ACTCCCTAATGCTAAA-1,0.000014,0.000028,0.000028,0.003246,0.000014,0.996671
ACTCCCTAGAATAGTA-1,0.00005,0.355785,0.0001,0.060294,0.098527,0.485244
ACTCCGGCCGACCACT-1,0.002454,0.000043,0.000043,0.114109,0.00082,0.882532
ACTCGATGTATTTCAT-1,0.000044,0.921177,0.015893,0.062756,0.000044,0.000087
ACTCGCCGTTCGATAA-1,0.000022,0.000044,0.000044,0.170775,0.009028,0.820087
ACTCGTAACCCGTCCT-1,0.000532,0.667702,0.017785,0.110946,0.115915,0.08712
ACTCGTCAGTAATCCC-1,0.000013,0.143545,0.85639,0.000013,0.000013,0.000026
ACTCTAAACCTGGGAT-1,0.015233,0.393737,0.546259,0.000014,0.015782,0.028974
ACTCTCTGACTTAGGT-1,0.008786,0.591597,0.286331,0.011151,0.070651,0.031485
ACTCTGACCTAATAGA-1,0.000021,0.017389,0.000042,0.032024,0.011604,0.938921
ACTCTTCAGCTCCCGC-1,0.013464,0.465888,0.465603,0.048304,0.000029,0.006712
ACTCTTGTATAGTAAC-1,0.000033,0.845114,0.084273,0.039511,0.031003,0.000067
ACTGAAACGCCGTTAG-1,0.091239,0.006898,0.040666,0.014112,0.020407,0.826679
ACTGAATGGCGAAAGT-1,0.001298,0.220842,0.041423,0.400712,0.033195,0.302529
ACTGCCCGCCATTCTC-1,0.000008,0.000017,0.000017,0.000008,0.002785,0.997165
ACTGCCGTCGTAACTC-1,0.033463,0.416895,0.549577,0.000016,0.000016,0.000032
ACTGCGGACACACCGT-1,0.00001,0.1307,0.86925,0.00001,0.00001,0.00002
ACTGCTCGGAAGGATG-1,0.114088,0.064969,0.820272,0.000647,0.000008,0.000016
ACTGTACGATACACAT-1,0.000015,0.598074,0.37896,0.001504,0.002884,0.018563
ACTGTAGCACTTTGGA-1,0.000033,0.929712,0.033624,0.016331,0.016022,0.004278
ACTGTATACGCGAGCA-1,0.000046,0.355798,0.000092,0.643927,0.000046,0.000092
ACTGTCCAGGATTATA-1,0.000021,0.51581,0.453257,0.000021,0.029699,0.001192
ACTGTCTTCTTTAGAA-1,0.047607,0.45722,0.444671,0.006907,0.000683,0.042914
ACTGTGCTAGTAGATC-1,0.0657,0.424706,0.509527,0.000017,0.000017,0.000033
ACTTACGCATCCACGC-1,0.03048,0.029613,0.022858,0.053296,0.152912,0.710841
ACTTAGTACGACAAGA-1,0.109393,0.601747,0.248396,0.036667,0.000017,0.00378
ACTTATACTTACCCGG-1,0.085431,0.06966,0.77544,0.000015,0.025111,0.044342
ACTTATTAGGATCGGT-1,0.000025,0.487163,0.478085,0.000025,0.011728,0.022973
ACTTATTTATGTGCCA-1,0.06593,0.149415,0.410406,0.002755,0.186171,0.185324
ACTTCAGGCTGATCCC-1,0.113281,0.068731,0.304304,0.011865,0.458962,0.042857
ACTTCCAGTGGAAGCT-1,0.000892,0.09473,0.901603,0.000009,0.000997,0.00177
ACTTCCATGCGGGACA-1,0.000017,0.000033,0.000033,0.001948,0.022114,0.975854
ACTTCGCCATACGCAC-1,0.000024,0.897948,0.056229,0.025589,0.011735,0.008474
ACTTGACTCCCTCTTT-1,0.058105,0.033768,0.864198,0.000007,0.036438,0.007485
ACTTGGGACCCGGTGG-1,0.000769,0.875118,0.08043,0.042168,0.001459,0.000056
ACTTGTAGTCCCTTCA-1,0.027053,0.433939,0.482372,0.051383,0.003113,0.00214
ACTTGTGGATGGAACG-1,0.001585,0.090475,0.157461,0.526298,0.014332,0.209849
ACTTTACCCTCATGAA-1,0.00001,0.156207,0.843744,0.00001,0.00001,0.000019
ACTTTCCTATAGCTTC-1,0.007991,0.520717,0.471205,0.000022,0.000022,0.000044
ACTTTGACTGCATCCT-1,0.001088,0.54294,0.186873,0.027841,0.001184,0.240075
ACTTTGGTCGTGCTCC-1,0.187237,0.315878,0.451583,0.032465,0.003461,0.009376
ACTTTGTCGACGCACT-1,0.149995,0.072571,0.337009,0.086162,0.160014,0.194249
AGAAATTATGACTCGC-1,0.144259,0.103964,0.373238,0.046434,0.043704,0.288402
AGAACCCAGCGTGACA-1,0.035093,0.664397,0.229739,0.001073,0.063309,0.006389
AGAACCCTCAATTGGG-1,0.079406,0.32166,0.537098,0.028312,0.018561,0.014963
AGAACGTGGTACATTC-1,0.032966,0.405439,0.555461,0.006105,0.000009,0.000019
AGAACTGTACTTTGTA-1,0.000025,0.00005,0.000049,0.017497,0.003522,0.978857
AGAAGAGCGCCGTTCC-1,0.000383,0.478211,0.4723,0.047956,0.000383,0.000767
AGAAGGTACACTTCAC-1,0.111906,0.360763,0.429022,0.038608,0.014925,0.044776
AGAAGGTTGCCGAATT-1,0.016777,0.284754,0.635249,0.000008,0.061326,0.001886
AGAAGGTTGTAGGTCG-1,0.004212,0.008818,0.003167,0.267493,0.053464,0.662846
AGAAGTGATTCGTGAT-1,0.084173,0.145514,0.358616,0.000583,0.284403,0.126712
AGAATAAATCTTCAGG-1,0.016092,0.465974,0.463529,0.032504,0.004096,0.017805
AGAATACAGGCTATCC-1,0.000027,0.000491,0.006078,0.005448,0.040601,0.947355
AGAATTATGGATTCGA-1,0.001525,0.237072,0.736508,0.000013,0.00337,0.021513
AGAATTGTTTGACATA-1,0.01038,0.537892,0.450957,0.000023,0.000703,0.000045
AGACAGCTCAGAATCC-1,0.000019,0.811742,0.161209,0.026973,0.000019,0.000039
AGACCAAACCACACCT-1,0.265609,0.37,0.298197,0.001807,0.012133,0.052253
AGACCATGGGATACAA-1,0.000022,0.890412,0.023675,0.070278,0.000022,0.015591
AGACCCACCGCTGATC-1,0.002659,0.250095,0.023442,0.054171,0.062706,0.606926
AGACCCGCCCTCCTCG-1,0.087454,0.617455,0.293992,0.001046,0.000017,0.000035
AGACCGCTCCGCGGTT-1,0.038467,0.090831,0.344755,0.08096,0.078884,0.366103
AGACCGGGAAACCCTG-1,0.004877,0.786134,0.106591,0.067262,0.019452,0.015684
AGACGAAGTGCCGGTC-1,0.750398,0.011217,0.006189,0.232115,0.000027,0.000054
AGACGACGATGCCGCT-1,0.002347,0.191487,0.001987,0.328691,0.07925,0.396238
AGACGCCCACTTCGCC-1,0.030784,0.026592,0.064235,0.355578,0.003198,0.519612
AGACTAGCCTTCCAGA-1,0.00002,0.866551,0.031421,0.050994,0.00002,0.050994
AGACTGTTACCGGGTC-1,0.011495,0.053466,0.009117,0.0122,0.334075,0.579649
AGAGAAACACCAGAAA-1,0.000014,0.000028,0.000028,0.140847,0.006139,0.852945
AGAGAACCGTCTAGGA-1,0.000796,0.29618,0.702776,0.000219,0.00001,0.000019
AGAGAAGGAGTACAAT-1,0.00002,0.045061,0.023425,0.156026,0.04819,0.727279
AGAGATCTCTAAAGCG-1,0.236712,0.332208,0.431028,0.000013,0.000013,0.000026
AGAGCAGTTATGAGAC-1,0.000018,0.894494,0.039197,0.003651,0.028377,0.034264
AGAGCCGCCGAGATTT-1,0.00002,0.114749,0.002124,0.162082,0.031059,0.689966
AGAGCGCTTGTAACGG-1,0.000031,0.408883,0.013749,0.577243,0.000031,0.000062
AGAGCGGGCTAATCAT-1,0.052436,0.367674,0.57983,0.000015,0.000015,0.00003
AGAGCGTACAAGCTCG-1,0.000013,0.374149,0.625785,0.000013,0.000013,0.000027
AGAGCTACGAAAGCAT-1,0.00005,0.116184,0.000099,0.883519,0.00005,0.000099
AGAGGCTTCGGAAACC-1,0.082568,0.10141,0.553624,0.09218,0.098547,0.07167
AGAGTAAACTTCACTA-1,0.059049,0.108199,0.559847,0.123363,0.008985,0.140558
AGAGTATAGTGTTACG-1,0.000015,0.765753,0.193652,0.04051,0.000015,0.000056
AGAGTCTTAATGAAAG-1,0.242896,0.262292,0.415045,0.008488,0.007501,0.063777
AGATAACTTCAGGGCC-1,0.001313,0.659298,0.197506,0.09222,0.000594,0.049069
AGATACCAATAGAACC-1,0.037619,0.049602,0.185463,0.085072,0.157556,0.484687
AGATACCGGTGTTCAC-1,0.00727,0.70329,0.107768,0.081442,0.027793,0.072437
AGATACGACTTCATAT-1,0.01975,0.282758,0.697415,0.000019,0.000019,0.000038
AGATACTCAAGATCGA-1,0.022732,0.230853,0.270948,0.121034,0.067614,0.28682
AGATATAATACGACTA-1,0.000012,0.000023,0.000023,0.000012,0.00692,0.993011
AGATCGTGCATAAGAT-1,0.000427,0.700521,0.298993,0.000017,0.000014,0.000029
AGATCTCAGGTGTGAT-1,0.000016,0.680437,0.317148,0.000253,0.000016,0.00213
AGATGACTCGCCCACG-1,0.011492,0.787062,0.142382,0.058989,0.000025,0.00005
AGATGATGGAGTCTGG-1,0.008692,0.287736,0.590039,0.001085,0.023676,0.088772
AGATGCAAGACGTGCA-1,0.431778,0.206529,0.088252,0.01952,0.164995,0.088926
AGATGCATCCTGTGTC-1,0.000379,0.483097,0.419642,0.095238,0.000015,0.00163
AGATTATAGGACGTTT-1,0.002379,0.525389,0.317692,0.143217,0.011263,0.00006
AGATTCACAACCGATA-1,0.009834,0.62899,0.280002,0.013868,0.05394,0.013366
AGCAAAGGCCGCTAGT-1,0.000268,0.023822,0.000388,0.10385,0.074071,0.797601
AGCAACATATCTTATT-1,0.05253,0.192799,0.728147,0.022841,0.00053,0.003154
AGCAACCGAAAGTAAT-1,0.056646,0.329851,0.161843,0.029809,0.106075,0.315776
AGCACACGTTTAGACT-1,0.087084,0.032849,0.03246,0.040445,0.747497,0.059665
AGCACCAGTACTCACG-1,0.000024,0.805251,0.194628,0.000024,0.000024,0.000048
AGCACTACCGGCCTGT-1,0.003736,0.601324,0.292336,0.023113,0.013635,0.065857
AGCACTACCTCACCAG-1,0.00004,0.021799,0.00959,0.267874,0.035937,0.664761
AGCACTTAAGGACGCC-1,0.016866,0.426284,0.378882,0.009712,0.030426,0.13783
AGCAGAAGGAGAAAGA-1,0.000012,0.000024,0.000024,0.100555,0.000843,0.898544
AGCAGCCAGATGAATA-1,0.000573,0.015114,0.00004,0.069899,0.012207,0.902167
AGCAGTCGAAGCATGC-1,0.125551,0.015071,0.110341,0.026834,0.342224,0.37998
AGCATATCAATATGCT-1,0.168776,0.026196,0.226834,0.005415,0.161063,0.411714
AGCATCATTTCGAAAG-1,0.009771,0.462125,0.062812,0.266662,0.018131,0.180499
AGCATCGTCGATAATT-1,0.012522,0.738308,0.205959,0.043125,0.000028,0.000057
AGCATTACGAGGCAAG-1,0.000107,0.056758,0.007281,0.087592,0.14802,0.700241
AGCCAAGCTTTGTGTC-1,0.016842,0.011559,0.068264,0.124967,0.132175,0.646194
AGCCACAGGTTACCCG-1,0.027945,0.115986,0.135485,0.164287,0.086162,0.470134
AGCCACTCCCGTGCTT-1,0.067526,0.763437,0.087243,0.081667,0.000042,0.000084
AGCCATATAGTATGTG-1,0.000019,0.000038,0.000038,0.061496,0.003787,0.934621
AGCCCATACATGTAAG-1,0.001697,0.633063,0.254939,0.010346,0.046685,0.053268
AGCCCGCAACAAGCAG-1,0.002995,0.003335,0.000024,0.018204,0.010002,0.965441
AGCCCGCACTACAATG-1,0.024503,0.009099,0.008529,0.136356,0.065575,0.755937
AGCCCGGCATTAGAGG-1,0.000014,0.003057,0.000215,0.006321,0.029512,0.960882
AGCCCGGTAGCCTGTA-1,0.000018,0.000037,0.000037,0.063293,0.01007,0.926544
AGCCCTAAGCGAAGTT-1,0.075994,0.469961,0.453977,0.000017,0.000017,0.000034
AGCCCTCCCTGGTGGC-1,0.036281,0.000467,0.101548,0.000013,0.113865,0.747826
AGCCCTGTCGCACCGT-1,0.003385,0.246492,0.718682,0.023864,0.007018,0.000559
AGCCCTTCTAATCCGA-1,0.000051,0.689081,0.000101,0.310615,0.000051,0.000101
AGCCCTTGGACATCCC-1,0.056672,0.018908,0.064697,0.022546,0.017499,0.819679
AGCCGCAAATTCAAAT-1,0.001295,0.478233,0.519158,0.000311,0.000339,0.000664
AGCCGCTTGATTAGCG-1,0.007035,0.460918,0.000115,0.531759,0.000058,0.000115
AGCCGTGGCTAAATGT-1,0.00049,0.613568,0.024892,0.25281,0.006163,0.102078
AGCCTAATACCCACGT-1,0.004182,0.602485,0.21768,0.116155,0.03273,0.026768
