Barcode,Topic 1,Topic 2,Topic 3to4,Topic 5,Topic 6to12
AAACAACGAATAGTTC-1,0.000044,0.186965,0.021872,0.069189,0.721929
AAACAAGTATCTCCCA-1,0.027302,0.000034,0.251973,0.720455,0.000236
AAACAATCTACTAGCA-1,0.000024,0.092139,0.039583,0.000024,0.868231
AAACACCAATAACTGC-1,0.594466,0.000098,0.404649,0.000098,0.000689
AAACAGCTTTCAGAAG-1,0.003551,0.472473,0.251412,0.000023,0.272542
AAACAGGGTCTATATT-1,0.150351,0.443728,0.202669,0.000036,0.203217
AAACAGTGTTCCTGGG-1,0.13907,0.735601,0.000026,0.000013,0.12529
AAACATGGTGAGAGGA-1,0.943965,0.029491,0.000081,0.026182,0.000282
AAACATTTCCCGGATT-1,0.000018,0.009955,0.012313,0.092958,0.884756
AAACCGGGTAGGTACC-1,0.029521,0.020056,0.540392,0.097032,0.312999
AAACCGTTCGTCCAGG-1,0.000026,0.101042,0.212541,0.000026,0.686366
AAACCTAAGCAGCCGG-1,0.000009,0.003442,0.000019,0.000009,0.996521
AAACCTCATGAAGTTG-1,0.002565,0.229403,0.261022,0.00003,0.506981
AAACGAAGAACATACC-1,0.004228,0.046316,0.009129,0.028283,0.912045
AAACGAAGATGGAGTA-1,0.845299,0.000072,0.154057,0.000072,0.000501
AAACGAGACGGTTGAT-1,0.00002,0.00002,0.044979,0.084156,0.870826
AAACGCTGGGCACGAC-1,0.056276,0.122434,0.609357,0.195329,0.016603
AAACGGGCGTACGGGT-1,0.000019,0.044615,0.006224,0.416356,0.532786
AAACGGGTTGGTATCC-1,0.006744,0.389216,0.127464,0.000016,0.476559
AAACGGTTGCGAACTG-1,0.044847,0.159605,0.219589,0.007034,0.568925
AAACTCGGTTCGCAAT-1,0.000026,0.014269,0.114779,0.000026,0.8709
AAACTGCTGGCTCCAA-1,0.002631,0.116675,0.000026,0.126745,0.753922
AAACTTAATTGCACGC-1,0.776079,0.000065,0.223338,0.000065,0.000454
AAACTTGCAAACGTAT-1,0.294655,0.000048,0.473791,0.224317,0.007189
AAAGAATGACCTTAGA-1,0.407756,0.591982,0.000052,0.000026,0.000183
AAAGAATGTGGACTAA-1,0.000011,0.090828,0.00552,0.000929,0.902713
AAAGACCCAAGTCGCG-1,0.000025,0.004001,0.135734,0.000025,0.860214
AAAGACTGGGCGCTTT-1,0.143763,0.334622,0.102412,0.000028,0.419174
AAAGGCCCTATAATAC-1,0.81417,0.110484,0.072615,0.000055,0.002676
AAAGGCTACGGACCAT-1,0.020211,0.044306,0.011249,0.00259,0.921644
AAAGGCTCTCGCGCCG-1,0.000021,0.052992,0.058357,0.000021,0.88861
AAAGGGATGTAGCAAG-1,0.000031,0.000031,0.021254,0.012436,0.966249
AAAGGGCAGCTTGAAT-1,0.038414,0.120951,0.295795,0.209008,0.335832
AAAGTAGCATTGCTCA-1,0.226374,0.000089,0.77128,0.001631,0.000626
AAAGTCACTGATGTAA-1,0.026745,0.130694,0.056932,0.010006,0.775623
AAAGTCGACCCTCAGT-1,0.226495,0.068606,0.618206,0.061179,0.025514
AAAGTGCCATCAATTA-1,0.022856,0.317179,0.170568,0.137453,0.351943
AAAGTGTGATTTATCT-1,0.014497,0.017118,0.545989,0.104508,0.317889
AAAGTTGACTCCCGTA-1,0.00009,0.00009,0.933318,0.065875,0.000627
AAATACCTATAAGCAT-1,0.000012,0.000012,0.000024,0.006078,0.993875
AAATAGGGTGCTATTG-1,0.00002,0.029921,0.091112,0.036763,0.842183
AAATCCGATACACGCC-1,0.000032,0.015584,0.136595,0.02528,0.822509
AAATCGCGGAAGGAGT-1,0.999296,0.000064,0.000128,0.000064,0.000448
AAATCGTGTACCACAA-1,0.004822,0.150851,0.002047,0.000026,0.842253
AAATCTAGCCCTGCTA-1,0.000029,0.001444,0.265251,0.049321,0.683955
AAATCTGCCCGCGTCC-1,0.989585,0.010071,0.000069,0.000034,0.000241
AAATGACTGATCAAAC-1,0.115412,0.730766,0.076998,0.039106,0.037718
AAATGCTCGTTACGTT-1,0.00806,0.000043,0.411599,0.007046,0.573251
AAATGGCATGTCTTGT-1,0.000037,0.000037,0.128295,0.000037,0.871593
AAATGGCCCGTGCCCT-1,0.707038,0.000062,0.060945,0.231525,0.000431
AAATGGTCAATGTGCC-1,0.174536,0.000041,0.477237,0.087294,0.260893
AAATGTATCTTATCCC-1,0.253886,0.131662,0.169867,0.005949,0.438636
AAATGTGGGTGCTCCT-1,0.000013,0.250333,0.010662,0.01802,0.720973
AAATTAACGGGTAGCT-1,0.10148,0.085202,0.535623,0.271219,0.006475
AAATTAATAAGCGCGA-1,0.288214,0.182274,0.460514,0.000052,0.068946
AAATTGATAGTCCTTT-1,0.033305,0.231243,0.636529,0.000082,0.098841
AAATTGCGGCGGTTCT-1,0.014287,0.193143,0.010783,0.050154,0.731633
AAATTTGCGGGTGTGG-1,0.090928,0.000041,0.623061,0.155757,0.130213
AACAACTGGTAGTTGC-1,0.160615,0.0367,0.071004,0.000042,0.731639
AACAATACATTGTCGA-1,0.250977,0.231802,0.154299,0.019417,0.343505
AACAATTACTCTACGC-1,0.000026,0.157251,0.132457,0.096819,0.613447
AACACACGCTCGCCGC-1,0.000039,0.000039,0.064847,0.156066,0.77901
AACACGACTGTACTGA-1,0.000054,0.000054,0.147988,0.000054,0.851852
AACACGAGACGCGGCC-1,0.300642,0.000062,0.698803,0.000062,0.000431
AACACGCGGCCGCGAA-1,0.012654,0.027191,0.29512,0.07595,0.589084
AACAGCTGTGTGGCAA-1,0.335713,0.000066,0.588837,0.000066,0.075318
AACAGGAAATCGAATA-1,0.000035,0.000035,0.293108,0.153044,0.553778
AACAGGATGGGCCGCG-1,0.000022,0.000022,0.080295,0.000022,0.919638
AACATAGCGTGTATCG-1,0.000013,0.129583,0.047261,0.000013,0.823129
AACATTGAAGTTGATC-1,0.765043,0.000115,0.233925,0.000115,0.000802
AACATTGGTCAGCCGT-1,0.000023,0.449325,0.016007,0.000023,0.534622
AACATTGTGACTCGAG-1,0.000043,0.0506,0.322099,0.000043,0.627214
AACCAAGACTTCTCTG-1,0.027601,0.331126,0.079702,0.000024,0.561546
AACCATAGGGTTGAAC-1,0.845964,0.105053,0.029899,0.000051,0.019032
AACCATGGGATCGCTA-1,0.00002,0.020694,0.073805,0.112735,0.792746
AACCCAGAGACGGAGA-1,0.001765,0.000029,0.506911,0.138246,0.353049
AACCCATCCCATGATC-1,0.689839,0.000065,0.191432,0.118211,0.000453
AACCCGACAACCCGTG-1,0.345456,0.000137,0.653314,0.000137,0.000956
AACCCGAGCAGAATCG-1,0.028693,0.069569,0.211672,0.66664,0.023426
AACCCGCTGTATTCCA-1,0.199948,0.179267,0.328099,0.245855,0.046831
AACCCTACTGTCAATA-1,0.0081,0.000119,0.990827,0.000119,0.000835
AACCCTGGTGGAACCA-1,0.000019,0.017829,0.002346,0.452587,0.52722
AACCGAGCTTGGTCAT-1,0.025295,0.051687,0.000036,0.034773,0.888209
AACCGCTAAGGGATGC-1,0.000016,0.011832,0.020633,0.061185,0.906333
AACCGTTGTGTTTGCT-1,0.000042,0.000042,0.093075,0.171047,0.735794
AACCTAAAGCCGTCCG-1,0.050021,0.068648,0.620822,0.09518,0.165329
AACCTCGCTTTAGCCC-1,0.000011,0.105798,0.000023,0.035657,0.85851
AACCTTTAAATACGGT-1,0.000036,0.009862,0.209793,0.017711,0.762598
AACGAAAGTCGTCCCA-1,0.714384,0.000083,0.17317,0.111783,0.000581
AACGACCTCCTAGCCG-1,0.000011,0.112463,0.010234,0.089027,0.788265
AACGATAATGCCGTAG-1,0.012892,0.023998,0.089155,0.001019,0.872937
AACGATAGAAGGGCCG-1,0.000016,0.000016,0.000031,0.000016,0.999922
AACGATATGTCAACTG-1,0.000022,0.058449,0.035209,0.092678,0.813642
AACGCGAACGGCAACA-1,0.012183,0.037521,0.139596,0.22454,0.58616
AACGCGACCTTGGGCG-1,0.016323,0.000058,0.921388,0.000058,0.062173
AACGCGGTCTCCAGCC-1,0.000046,0.000046,0.047622,0.044323,0.907963
AACGCTGTTGCTGAAA-1,0.00002,0.00002,0.003739,0.019515,0.976706
AACGGACGTACGTATA-1,0.000015,0.032639,0.000195,0.061434,0.905717
AACGGCCATCTCCGGT-1,0.000011,0.092724,0.006925,0.006617,0.893723
AACGTACTGTGGGTAC-1,0.108019,0.001852,0.362017,0.017382,0.510729
AACGTAGTCTACCCAT-1,0.000013,0.183826,0.000027,0.037691,0.778443
AACGTCAGACTAGTGG-1,0.000034,0.039488,0.221774,0.054648,0.684055
AACGTCATCCGGCTTG-1,0.095352,0.357762,0.220017,0.078809,0.248061
AACGTCGCTGCACTTC-1,0.000013,0.288463,0.000027,0.16126,0.550237
AACGTGATGAAGGACA-1,0.087263,0.000052,0.019189,0.893131,0.000365
AACGTGCGAAAGTCTC-1,0.026295,0.035101,0.036389,0.044905,0.85731
AACGTTATCAGCACCT-1,0.411338,0.000101,0.587756,0.000101,0.000705
AACGTTCTACCATTGT-1,0.000022,0.231324,0.081978,0.235934,0.450741
AACTAGCGTATCGCAC-1,0.000036,0.035517,0.00458,0.037245,0.922622
AACTAGGCTTGGGTGT-1,0.000029,0.00529,0.091215,0.000029,0.903436
AACTCAAGTTAATTGC-1,0.014354,0.108371,0.009872,0.005362,0.862041
AACTCCAGAGCGTGTT-1,0.000058,0.000058,0.295223,0.000058,0.704602
AACTCGATAAACACGT-1,0.000013,0.140371,0.029251,0.000013,0.830352
AACTCGATGGCGCAGT-1,0.00005,0.00005,0.195477,0.027537,0.776885
AACTCTCAATAGAGCG-1,0.000081,0.000081,0.481076,0.277652,0.24111
AACTCTCAGTGTGCTC-1,0.000014,0.030529,0.01211,0.000014,0.957334
AACTGATATTAGGCCT-1,0.012219,0.015451,0.258103,0.347327,0.366899
AACTGGGTCCCGACGT-1,0.000046,0.000046,0.167274,0.09349,0.739145
AACTGGTGTGGGCCTT-1,0.000021,0.142653,0.005898,0.000021,0.851406
AACTTCTGCGTCTATC-1,0.048174,0.00011,0.675438,0.096801,0.179477
AACTTGCCCGTATGCA-1,0.000066,0.000066,0.268404,0.000066,0.731397
AACTTGCGTTCTCGCG-1,0.058673,0.000101,0.812817,0.000101,0.128308
AACTTTACGGGAGCTT-1,0.311809,0.000097,0.633289,0.000097,0.054709
AACTTTAGCTGCTGAG-1,0.000062,0.077482,0.238869,0.000062,0.683525
AAGAAAGTTTGATGGG-1,0.430859,0.56848,0.000132,0.000066,0.000463
AAGAAGGATCAGTTAG-1,0.000013,0.07964,0.0356,0.000013,0.884734
AAGACATACGTGGTTT-1,0.000016,0.105861,0.103663,0.100438,0.690021
AAGACCAAATAACTCA-1,0.771032,0.15664,0.000064,0.072039,0.000225
AAGACCCAACTGAACA-1,0.000021,0.02503,0.171843,0.00161,0.801496
AAGACTAACCCGTTGT-1,0.000037,0.000037,0.445156,0.09429,0.460479
AAGACTGCAAGCTACT-1,0.008194,0.012244,0.083058,0.030791,0.865713
AAGAGATGAATCGGTA-1,0.000039,0.143826,0.3022,0.011933,0.542001
AAGAGCTCTTTATCGG-1,0.000026,0.041722,0.016955,0.120071,0.821226
AAGAGGATGTACGCGA-1,0.0004,0.115647,0.000043,0.043176,0.840734
AAGAGGCATGGATCGC-1,0.000012,0.05515,0.000024,0.017425,0.927389
AAGAGGCCCTTTGGAA-1,0.000011,0.166204,0.000023,0.006048,0.827713
AAGATGGCACCGGACC-1,0.080482,0.000059,0.902901,0.000059,0.016499
AAGCACCCTGCGTATC-1,0.000037,0.000037,0.291935,0.066527,0.641464
AAGCATACTCTCCTGA-1,0.000015,0.068808,0.053694,0.010199,0.867284
AAGCCACTTGCAGGTA-1,0.93936,0.020336,0.039937,0.000046,0.000321
AAGCCGCCGTGAAATC-1,0.80482,0.000056,0.194676,0.000056,0.000392
AAGCCGGAGAGCAGGA-1,0.136248,0.458648,0.365168,0.039769,0.000167
AAGCGCAGGGCTTTGA-1,0.000027,0.000062,0.181788,0.000027,0.818098
AAGCGTCCCTCATCGA-1,0.202635,0.000074,0.731272,0.065497,0.000521
AAGCTAGATCGAGTAA-1,0.000024,0.001511,0.120386,0.000024,0.878055
AAGCTATGGATTGACC-1,0.531742,0.228072,0.033703,0.018349,0.188134
AAGCTCGTGCCAAGTC-1,0.000029,0.000029,0.050697,0.006203,0.943042
AAGCTCTTTCATGGTG-1,0.00005,0.00005,0.303181,0.148446,0.548273
AAGGAGAACTTATAAG-1,0.000028,0.03775,0.074892,0.026243,0.861088
AAGGAGCGGTTGGTGC-1,0.000017,0.019645,0.003139,0.024751,0.952449
AAGGATGAGGGACCTC-1,0.000095,0.000095,0.825328,0.073914,0.100569
AAGGCGCGTAAAGCTT-1,0.000037,0.009424,0.568516,0.000037,0.421985
AAGGCTGTGCTCATCG-1,0.000041,0.000041,0.127917,0.073399,0.798602
AAGGGAACGACTGGCT-1,0.690131,0.000071,0.308105,0.0012,0.000494
AAGGGACTATGCATTC-1,0.411626,0.000103,0.58745,0.000103,0.000718
AAGGGTTAGCCATGCG-1,0.000008,0.284113,0.000017,0.000122,0.71574
AAGGGTTTGATTTCAG-1,0.999533,0.000042,0.000085,0.000042,0.000297
AAGGTATCCTAATATA-1,0.000061,0.000061,0.809318,0.128127,0.062433
AAGGTGATAAACCAGC-1,0.000019,0.059499,0.057371,0.137578,0.745534
AAGTAAGCTTCCAAAC-1,0.00001,0.348872,0.00002,0.00001,0.651088
AAGTAGAAGACCGGGT-1,0.000033,0.017801,0.070793,0.000033,0.91134
AAGTAGTGACGCGAGG-1,0.000031,0.010253,0.166972,0.000031,0.822715
AAGTCAATTGTCGTCA-1,0.048744,0.000088,0.579572,0.370984,0.000613
AAGTCTTCTGTGGCCT-1,0.82358,0.062278,0.113556,0.000073,0.000513
AAGTGACGACCGAATT-1,0.043802,0.000066,0.618975,0.018315,0.318843
AAGTGAGTCGGGTTTA-1,0.000082,0.000082,0.733027,0.000082,0.266726
AAGTGCAAAGGTAGAC-1,0.391004,0.000092,0.608163,0.000092,0.000647
AAGTGCGTTAGAATCT-1,0.151,0.004602,0.630174,0.086324,0.127901
AAGTGCTTCTCTATTG-1,0.441302,0.000062,0.336264,0.174779,0.047593
AAGTGTTTGGAGACGG-1,0.000026,0.000026,0.024755,0.337687,0.637507
AAGTTCACTCCAAGCT-1,0.00002,0.00002,0.012862,0.182923,0.804174
AAGTTCGGCCAACAGG-1,0.000044,0.01497,0.458742,0.041471,0.484774
AAGTTGTGATGTTATA-1,0.016335,0.000049,0.516269,0.190682,0.276664
AAGTTTACTAATGGCA-1,0.000018,0.002171,0.000037,0.000018,0.997756
AAGTTTATGGGCCCAA-1,0.000024,0.065526,0.17735,0.000024,0.757075
AATAACAACGCTCGGC-1,0.000039,0.000039,0.425471,0.000039,0.574412
AATAACACTAGAACAA-1,0.000027,0.105704,0.295629,0.003277,0.595363
AATAACGTCGCGCCCA-1,0.000009,0.113905,0.000018,0.008639,0.87743
AATAAGTCCTCGAGAC-1,0.000031,0.023436,0.116927,0.003108,0.856497
AATACAATGTTTCAGG-1,0.268946,0.000079,0.693727,0.000079,0.037169
AATACCGGAGGGCTGT-1,0.74209,0.00007,0.217637,0.039717,0.000487
AATACCTGATGTGAAC-1,0.000018,0.174551,0.036367,0.184049,0.605015
AATAGAACAGAGTGGC-1,0.000029,0.032457,0.435946,0.000029,0.531539
AATAGAATCTGTTTCA-1,0.000027,0.002322,0.031228,0.150219,0.816205
AATAGGCACGACCCTT-1,0.364015,0.543153,0.000036,0.000018,0.092778
AATAGTCCGTCCCGAC-1,0.030254,0.00004,0.505989,0.00004,0.463676
AATAGTCGCGAGTCGG-1,0.760966,0.000065,0.134533,0.009214,0.095221
AATATCAAGGTCGGAT-1,0.01543,0.017415,0.144038,0.022265,0.800852
AATATCCTAGCAAACT-1,0.475238,0.34714,0.125192,0.000056,0.052374
AATATTGGAGTATTGA-1,0.00006,0.013967,0.364986,0.025003,0.595984
AATCAGACTGCAGGAC-1,0.000015,0.015,0.001776,0.000015,0.983193
AATCAGGTTTCATTTA-1,0.255425,0.414199,0.021054,0.000032,0.309291
AATCATGTAAAGACTC-1,0.000025,0.000025,0.030974,0.062097,0.906879
AATCCAAGGGCCTGAG-1,0.007641,0.055274,0.000483,0.024706,0.911897
AATCCATGCAAGGGTG-1,0.000015,0.019221,0.06549,0.000015,0.915259
AATCCCGCTCAGAGCC-1,0.130797,0.298318,0.192947,0.13326,0.244678
AATCGAGGTCTCAAGG-1,0.000011,0.137337,0.045215,0.000011,0.817427
AATCGCCTCAGCGCCA-1,0.00004,0.093551,0.08149,0.0694,0.755518
AATCGGGACACTACGA-1,0.000014,0.00017,0.000028,0.000014,0.999774
AATCGGTATAGCCCTC-1,0.003822,0.018605,0.058134,0.303751,0.615689
AATCGTGAGCCGAGCA-1,0.010254,0.039917,0.276379,0.000031,0.673419
AATCTAGGTTTACTTG-1,0.748132,0.000076,0.251188,0.000076,0.000529
AATCTCTACTGTGGTT-1,0.332843,0.14269,0.307193,0.000065,0.217209
AATCTGCGTTGGGACG-1,0.000096,0.000096,0.769659,0.083978,0.146172
AATCTGGCTTTCTAGT-1,0.63545,0.000084,0.36379,0.000084,0.000591
AATGACAGCAATGTCT-1,0.083623,0.25498,0.058603,0.103208,0.499586
AATGACGTAGGATGTC-1,0.000016,0.000016,0.000032,0.000084,0.999852
AATGACTGTCAGCCGG-1,0.000026,0.00433,0.059623,0.000026,0.935994
AATGAGTTCGCATATG-1,0.000024,0.294871,0.066049,0.003293,0.635763
AATGCAACCGGGTACC-1,0.000026,0.000026,0.070392,0.003813,0.925742
AATGGTCCACCGTTCA-1,0.228462,0.000063,0.540265,0.230769,0.000441
AATGGTTCTCACAAGC-1,0.045034,0.119141,0.055348,0.003107,0.77737
AATGTATGGCACTGTA-1,0.99939,0.000055,0.000111,0.000055,0.000388
AATGTGCCCGAGGTGT-1,0.20213,0.000086,0.431764,0.00649,0.35953
AATGTGCTAATCTGAG-1,0.735069,0.000075,0.24189,0.000075,0.022892
AATGTTAAGACCCTGA-1,0.027395,0.206032,0.064212,0.033818,0.668543
AATGTTGTCGTGAGAC-1,0.000018,0.009515,0.006273,0.020467,0.963726
AATTAAAGGTCGGCGT-1,0.000021,0.000021,0.08592,0.035461,0.878576
AATTAACGGATTTCCA-1,0.000015,0.02407,0.002234,0.009058,0.964623
AATTACGAGACCCATC-1,0.610694,0.140682,0.070757,0.000079,0.177787
AATTACTCGTACGCTC-1,0.041142,0.359197,0.00004,0.00002,0.5996
AATTAGCGCTGCAGCG-1,0.000018,0.186889,0.001632,0.000018,0.811443
AATTATACCCAGCAAG-1,0.042417,0.173993,0.115081,0.085241,0.583267
AATTCATTGTCATGCA-1,0.640929,0.346343,0.000103,0.000051,0.012575
AATTCCAACTTGGTGA-1,0.062346,0.158599,0.460363,0.000025,0.318668
AATTCCAAGCATGTAC-1,0.000029,0.085512,0.176418,0.040981,0.697061
AATTCGATTCGAGGAT-1,0.000052,0.000052,0.245057,0.000052,0.754787
AATTCTAGAGTTAGGC-1,0.000038,0.000038,0.192724,0.006673,0.800527
AATTGAACGCTCTGGT-1,0.000023,0.010548,0.058045,0.330098,0.601286
AATTGCAGCAATCGAC-1,0.000012,0.069853,0.000024,0.002274,0.927838
AATTGCGTGGATTACA-1,0.943797,0.000068,0.055589,0.000068,0.000478
AATTGTGGTTGCCAAA-1,0.00003,0.00003,0.669312,0.096198,0.234431
AATTTGGTTCCAAAGA-1,0.000033,0.000033,0.034701,0.003104,0.962129
ACAAACCATGCGTCCT-1,0.709039,0.013025,0.13453,0.142922,0.000484
ACAAACCGACAAGGCG-1,0.000041,0.003376,0.663713,0.032602,0.300268
ACAAACTCCATCAGAG-1,0.119098,0.713551,0.053775,0.005724,0.107852
ACAAAGAAGGTAGGCC-1,0.47038,0.21757,0.222933,0.000049,0.089068
ACAAAGCATGACCTAG-1,0.008456,0.022635,0.065301,0.055035,0.848573
ACAAATCGCACCGAAT-1,0.000016,0.014741,0.004949,0.167381,0.812913
ACAAATGGTAGTGTTT-1,0.000036,0.000036,0.097702,0.137435,0.764791
ACAACAGCATGAGCTA-1,0.000018,0.005451,0.002746,0.13453,0.857255
ACAACGGTCCCTGCGA-1,0.000035,0.00687,0.317058,0.000035,0.676001
ACAAGCAGTGCCTAGC-1,0.051594,0.046711,0.054473,0.267453,0.57977
ACAAGCTATATGGAAG-1,0.761125,0.000092,0.213439,0.000092,0.025252
ACAAGGAAATCCGCCC-1,0.000051,0.000051,0.33005,0.000051,0.669799
ACAAGGACAAGAGGTT-1,0.002356,0.000029,0.258553,0.313942,0.42512
ACAAGGATGCTTTAGG-1,0.000022,0.029684,0.095415,0.000022,0.874858
ACAAGGGCAGGCTCTG-1,0.04796,0.059699,0.034952,0.141567,0.715822
ACAAGTAATTGTAAGG-1,0.918234,0.000068,0.081152,0.000068,0.000477
ACAATAGTCGTACGTT-1,0.308211,0.000074,0.571623,0.119575,0.000517
ACAATCCATTTAAACC-1,0.000034,0.024013,0.252649,0.000034,0.723269
ACAATCGATCTTTATA-1,0.000026,0.046347,0.042026,0.000026,0.911576
ACAATGAATACGGAGA-1,0.392612,0.000066,0.168616,0.438241,0.000464
ACAATTGTGTCTCTTT-1,0.000024,0.021457,0.076743,0.039064,0.862713
ACAATTTAGGAGGCTC-1,0.647786,0.000092,0.276626,0.074855,0.000642
ACAATTTGAGCAGTGG-1,0.000068,0.000068,0.857415,0.123276,0.019173
ACACAAAGACGGGTGG-1,0.006284,0.026801,0.279417,0.091566,0.595931
ACACACCAGGACCAGT-1,0.000033,0.000033,0.077561,0.121655,0.800717
ACACACTTTCTACACG-1,0.000028,0.024817,0.000056,0.046864,0.928235
ACACATGATCAAATCT-1,0.770853,0.000088,0.228358,0.000088,0.000613
ACACATTGACGCAACA-1,0.023873,0.335138,0.121908,0.00002,0.519061
ACACATTTCCGTAGAC-1,0.08209,0.186666,0.091785,0.048918,0.590541
ACACCCAGCATGCAGC-1,0.023102,0.113901,0.076372,0.078994,0.707631
ACACCCGAGAAATCCG-1,0.019633,0.006098,0.110771,0.000041,0.863457
ACACCGAGCGCTCTTT-1,0.410505,0.215901,0.194599,0.160815,0.018181
ACACCGGTCTGACCGC-1,0.634993,0.364417,0.000118,0.000059,0.000413
ACACCTTAAGTAGGGC-1,0.021854,0.058351,0.059191,0.332474,0.528129
ACACGAGACTCCTTCT-1,0.008295,0.00003,0.076831,0.089294,0.82555
ACACGGCACTATGCAT-1,0.000036,0.080349,0.048226,0.034369,0.83702
ACACGGGAACTTAGGG-1,0.000035,0.008469,0.102453,0.298666,0.590376
ACACGTAGGCCACAAG-1,0.010182,0.000038,0.11118,0.330994,0.547606
ACACTCCAATGTCACT-1,0.138145,0.255878,0.020657,0.466645,0.118676
ACACTGATCAAGGTGT-1,0.002219,0.005205,0.071199,0.007844,0.913533
ACACTGGGACAGTCGT-1,0.000091,0.000091,0.875979,0.002108,0.121731
ACAGAACTGAGAACAA-1,0.323302,0.00009,0.590978,0.013524,0.072107
ACAGATTAGGTTAGTG-1,0.000021,0.000021,0.000041,0.024799,0.975118
ACAGCATAGAGCCAGT-1,0.000053,0.000053,0.243892,0.005074,0.750928
ACAGCGACATTCTCAT-1,0.00004,0.00004,0.013936,0.13587,0.850114
ACAGCGCACCCGCAGC-1,0.024187,0.000091,0.879083,0.053275,0.043364
ACAGGCACGGATCCTT-1,0.028635,0.021973,0.05762,0.056725,0.835047
ACAGGCTTGCCCGACT-1,0.000059,0.000059,0.436776,0.305069,0.258038
ACAGGTGGAGGTGAGG-1,0.003159,0.000049,0.468757,0.142127,0.385907
ACAGGTGTGTTGTTGC-1,0.485682,0.08316,0.253178,0.000054,0.177926
ACAGTAATACAACTTG-1,0.56887,0.067755,0.00634,0.201587,0.155448
ACATAAGTCGTGGTGA-1,0.791505,0.000111,0.207493,0.000111,0.00078
ACATAATAAGGCGGTG-1,0.000036,0.000036,0.03962,0.21506,0.745248
ACATACAATCAAGCGG-1,0.0428,0.076463,0.035413,0.113354,0.731971
ACATCAGCTGGGACGC-1,0.382134,0.000053,0.129892,0.487553,0.000368
ACATCCCGGCCATACG-1,0.045408,0.019168,0.052519,0.081037,0.801867
ACATCGATCGTTTACC-1,0.000049,0.000049,0.089564,0.000049,0.910288
ACATCGCAATATTCGG-1,0.628706,0.25703,0.080379,0.000056,0.033829
ACATCGGTCAGCCGCG-1,0.000035,0.000035,0.184521,0.000035,0.815375
ACATCGTATGCAATGG-1,0.000029,0.000029,0.091772,0.118818,0.789352
ACATCGTTAACCTAGT-1,0.000041,0.107857,0.115925,0.110374,0.665803
ACATCTCAACGCGTAA-1,0.000019,0.237604,0.000039,0.017279,0.745059
ACATGCTTACGGCAGC-1,0.961138,0.038311,0.00011,0.000055,0.000385
ACATGGCTCAATTTAG-1,0.000118,0.016003,0.423226,0.000049,0.560603
ACATTAGTTTATATCC-1,0.000033,0.064243,0.046972,0.020152,0.8686
ACATTCGCGCGGAATA-1,0.844401,0.06408,0.063239,0.000066,0.028214
ACATTTGAAACCTAAC-1,0.000007,0.203064,0.000647,0.000007,0.796274
ACCAAACTAGAAATCC-1,0.000032,0.005836,0.138488,0.000032,0.855611
ACCAACCGCACTCCAC-1,0.004209,0.0638,0.062561,0.442238,0.427192
ACCAACGCTTATTTAT-1,0.000047,0.000047,0.617607,0.000801,0.381499
ACCAAGAACGCGTGTC-1,0.000029,0.000029,0.185169,0.000029,0.814743
ACCAAGTCATCGGCAG-1,0.011642,0.053236,0.040267,0.018835,0.87602
ACCAATATGCAAGTTA-1,0.018709,0.015678,0.075102,0.011977,0.878534
ACCACAACTCAGAACA-1,0.109341,0.000072,0.600644,0.289437,0.000506
ACCACAAGTTTCTATC-1,0.000031,0.000909,0.098566,0.029657,0.870837
ACCACACGGTTGATGG-1,0.050828,0.527911,0.000406,0.001652,0.419203
ACCACGTGCAGCTATA-1,0.031447,0.004618,0.000753,0.116534,0.846648
ACCACTGTTCAAGAAG-1,0.060055,0.332829,0.171026,0.089936,0.346153
ACCAGACCATAACAAC-1,0.795355,0.070489,0.133612,0.000068,0.000476
ACCAGCCCGGTCTTTG-1,0.000056,0.000056,0.185649,0.000056,0.814184
ACCAGGAGTGTGATCT-1,0.00003,0.00003,0.047115,0.00003,0.952795
ACCAGTGCGGGAGACG-1,0.000022,0.005891,0.02737,0.616166,0.350552
ACCATATCCGCAATAA-1,0.000021,0.112143,0.024942,0.13406,0.728834
ACCATCCGCCAACTAG-1,0.630535,0.000069,0.335467,0.033449,0.00048
ACCATCGTATATGGTA-1,0.000048,0.000048,0.468307,0.000048,0.531548
ACCATTAAGGGTGTCA-1,0.031251,0.354718,0.102008,0.096493,0.415531
ACCCAACGCCCGTGGC-1,0.090119,0.000058,0.255648,0.653768,0.000407
ACCCACCTACATGCTC-1,0.042464,0.101062,0.091113,0.074737,0.690624
ACCCATCTTGAGGGTA-1,0.000021,0.029795,0.038384,0.010283,0.921518
ACCCATTTGTCCCTCT-1,0.000033,0.026266,0.061437,0.127423,0.784841
ACCCGAGCGAAATTAC-1,0.161973,0.216849,0.396184,0.000055,0.224939
ACCCGATTGGTTCCGA-1,0.760672,0.000082,0.047435,0.191237,0.000574
ACCCGGAAACTCCCAG-1,0.000015,0.007945,0.00003,0.000015,0.991996
ACCCGGAGCACCACAA-1,0.081941,0.331718,0.505942,0.03367,0.046729
ACCCGGTTACACTTCC-1,0.000027,0.012661,0.055003,0.000027,0.932281
ACCCGTAGCAGAGAAT-1,0.955577,0.000055,0.001266,0.042713,0.000388
ACCCGTAGTCTAGTTG-1,0.000011,0.057875,0.060227,0.113013,0.768874
ACCCGTGTCATCAGTA-1,0.000029,0.010445,0.131125,0.020553,0.837848
ACCCTATAGGACTGAG-1,0.000042,0.000042,0.410564,0.072074,0.517278
ACCCTATGCCATATCG-1,0.012776,0.108597,0.263557,0.000026,0.615043
ACCCTCCCGTCAGGGC-1,0.025369,0.092596,0.111364,0.079074,0.691597
ACCCTCCCTTGCTATT-1,0.000027,0.038458,0.061652,0.031405,0.868458
ACCCTTCATCTGCGAA-1,0.000061,0.000061,0.28203,0.000061,0.717788
ACCCTTTAGTTCTCCA-1,0.024348,0.029668,0.359603,0.269626,0.316755
ACCGAAAGGGCCCTGC-1,0.000022,0.051663,0.15046,0.000022,0.797833
ACCGAAGAGTCTGGTT-1,0.604137,0.037106,0.357916,0.000105,0.000736
ACCGACACATCTCCCA-1,0.000025,0.042774,0.129758,0.00932,0.818123
ACCGACTGAGTCCCAC-1,0.00004,0.007212,0.135196,0.12754,0.730012
ACCGAGTCTCCTTATT-1,0.032231,0.144846,0.018997,0.065251,0.738676
ACCGATAGGCATAACC-1,0.098368,0.000087,0.766198,0.029772,0.105575
ACCGATGGTAGCATCG-1,0.000125,0.000125,0.998754,0.000125,0.000872
ACCGCAATAACTGCCT-1,0.000029,0.000029,0.025598,0.033748,0.940596
ACCGCTAGTCATTGGT-1,0.434374,0.565319,0.000062,0.000031,0.000215
ACCGGGCCTTTGTTGA-1,0.000043,0.000043,0.329052,0.670562,0.0003
ACCGGTCAGGTACACC-1,0.535054,0.00012,0.463867,0.00012,0.000839
ACCGTCCACTGGGCCC-1,0.999473,0.000048,0.000096,0.000048,0.000335
ACCGTGACCACGTGGG-1,0.288272,0.00007,0.423159,0.288011,0.000487
ACCGTTCCCGCTCTGA-1,0.000073,0.000073,0.306971,0.074805,0.618079
ACCTAAGTACCTTTCA-1,0.10165,0.184286,0.519456,0.000061,0.194546
ACCTAATCGACTTCCT-1,0.000048,0.000561,0.333964,0.000048,0.665379
ACCTACTATAAATCTA-1,0.000029,0.099207,0.278031,0.013236,0.609497
ACCTCAGCGAGGCGCA-1,0.01225,0.111113,0.083777,0.071782,0.721078
ACCTCCGCCCTCGCTG-1,0.000078,0.000078,0.483741,0.341737,0.174366
ACCTCGAACTTATGCT-1,0.891254,0.073773,0.000161,0.034247,0.000565
ACCTGCGTGTCATGTT-1,0.158929,0.000106,0.840113,0.000106,0.000745
ACCTTTCCTTTAGAAG-1,0.005884,0.077064,0.134178,0.007018,0.775856
ACGAAATGGGCGGCAC-1,0.000044,0.001602,0.666031,0.000044,0.332281
ACGACTCTAGGGCCGA-1,0.090868,0.041567,0.239452,0.162739,0.465375
ACGACTGGTCATACTC-1,0.207514,0.000068,0.592033,0.000068,0.200317
ACGAGAACCCATCACG-1,0.011247,0.054001,0.037544,0.016476,0.880732
ACGAGATATTTGCTTA-1,0.000141,0.000141,0.849281,0.010585,0.139852
ACGAGGATACCACTCT-1,0.499522,0.000091,0.403314,0.000091,0.096981
ACGAGGTTTACAACGT-1,0.61737,0.000107,0.381664,0.000107,0.000751
ACGAGTCGCCGGCGTT-1,0.006063,0.532836,0.018433,0.025611,0.417056
ACGATACATAGAACTA-1,0.085463,0.000046,0.237264,0.676903,0.000323
ACGATACCTATCCTGA-1,0.77385,0.000072,0.162031,0.063539,0.000507
ACGATCATACATAGAG-1,0.000929,0.064756,0.065717,0.079811,0.788787
ACGATGCATATGTTAT-1,0.000427,0.107623,0.224255,0.156388,0.511306
ACGATGGATCCGATGC-1,0.000048,0.000048,0.127128,0.411605,0.461172
ACGCAAACTAATAGAT-1,0.043645,0.168129,0.658173,0.00005,0.130003
ACGCATACGTTTACTA-1,0.000022,0.00005,0.000043,0.026418,0.973467
ACGCATTCGTGAGTAC-1,0.000036,0.000036,0.080668,0.10722,0.812041
ACGCCACTCGAAACAG-1,0.02696,0.164434,0.605589,0.009941,0.193075
ACGCCAGATGATTTCT-1,0.000027,0.096545,0.002476,0.114698,0.786253
ACGCCAGTGCGTTTGC-1,0.024533,0.019405,0.004334,0.000014,0.951714
ACGCCCAGCTGTCGAT-1,0.000027,0.250332,0.00657,0.004627,0.738446
ACGCCGCTAGACGACC-1,0.000043,0.000043,0.160008,0.054924,0.784982
ACGCGAAGTCAGACGA-1,0.00807,0.050341,0.031424,0.187673,0.722491
ACGCGCTACACAGGGT-1,0.03871,0.074658,0.154781,0.016095,0.715756
ACGCGGGCCAAGGACA-1,0.000034,0.000034,0.088707,0.272387,0.638838
ACGCGTTTCTTAAGAG-1,0.311708,0.000085,0.559893,0.000085,0.128228
ACGCTACTGAATGGGC-1,0.000013,0.140477,0.000026,0.039002,0.820482
ACGCTGTGAGGCGTAG-1,0.513544,0.000079,0.441027,0.044797,0.000552
ACGCTTAGTGTCTCTC-1,0.000127,0.000127,0.72397,0.27489,0.000887
ACGGAACACGAGTGCC-1,0.02179,0.160652,0.045124,0.000017,0.772418
ACGGAATTTAGCAAAT-1,0.000047,0.014428,0.406751,0.011526,0.567248
ACGGACGCAGCGACAA-1,0.999385,0.000056,0.000112,0.000056,0.000391
ACGGACTCTCAAAGCG-1,0.000013,0.004327,0.001228,0.000611,0.993821
ACGGATGGTGCGGATA-1,0.000028,0.000028,0.141852,0.008124,0.849968
ACGGCACTTGCTTGGG-1,0.000026,0.027984,0.008314,0.025587,0.93809
ACGGCCAACATGGACT-1,0.01512,0.010823,0.198741,0.002011,0.773304
ACGGCGACGATGGGAA-1,0.000052,0.000052,0.285648,0.000052,0.714197
ACGGCGGGTTGCCCTG-1,0.000035,0.00985,0.134689,0.000035,0.855392
ACGGCTGGATGTAGAA-1,0.827999,0.000071,0.165198,0.006236,0.000496
ACGGGAGTGTCGGCCC-1,0.025096,0.122884,0.617773,0.000057,0.23419
ACGGGTCATGTGACTT-1,0.055996,0.432962,0.000532,0.136225,0.374284
ACGGGTTGTGACCTGT-1,0.575887,0.409426,0.000049,0.000024,0.014614
ACGGTACAGTTCAATG-1,0.002361,0.150263,0.166617,0.164492,0.516267
ACGGTCACCGAGAACA-1,0.999618,0.000035,0.000069,0.000035,0.000243
ACGTACAGATTTCTCT-1,0.000042,0.000135,0.002245,0.028268,0.969309
ACGTACTTTGGCACGG-1,0.574878,0.299534,0.070159,0.034377,0.021052
ACGTAGATTGCTGATG-1,0.000051,0.000051,0.356201,0.163085,0.480612
ACGTAGGAGAGTCGCT-1,0.013753,0.176055,0.237976,0.03088,0.541336
ACGTATTACTCCGATC-1,0.010297,0.00017,0.988169,0.00017,0.001193
ACGTCCTAAACGAGAT-1,0.00004,0.00004,0.386507,0.001128,0.612285
ACGTCGGGCAACTCGG-1,0.586972,0.221055,0.086775,0.000028,0.10517
ACGTCTCGTTCCGGGA-1,0.53633,0.000084,0.462911,0.000084,0.00059
ACGTGACAAAGTAAGT-1,0.87668,0.000054,0.122837,0.000054,0.000375
ACGTGCGCCTCGTGCA-1,0.000024,0.000024,0.000049,0.018907,0.980996
ACGTGGTCGAATGTGC-1,0.000042,0.000042,0.085773,0.654835,0.259307
ACGTTAATGTCGAAGA-1,0.000021,0.000021,0.000042,0.044009,0.955906
ACGTTAGATTTGCCCG-1,0.000023,0.023019,0.073352,0.000023,0.903584
ACGTTATTGGTCACTC-1,0.080986,0.179815,0.458809,0.010928,0.269462
ACGTTCACTATGCCGC-1,0.790863,0.005402,0.075531,0.012604,0.1156
ACGTTCCGCGCTCCGT-1,0.017795,0.000039,0.285504,0.000039,0.696624
ACGTTCGTTCAGGAAA-1,0.000039,0.090613,0.542051,0.002081,0.365216
ACGTTCTGTACAAGTC-1,0.000036,0.000169,0.048113,0.257555,0.694127
ACGTTGTCGTTGAAAG-1,0.785671,0.000071,0.148709,0.000071,0.065477
ACGTTTAGTTGTGATC-1,0.000052,0.000052,0.134644,0.000052,0.865201
ACGTTTCGGTGCACTT-1,0.01932,0.068417,0.066312,0.144975,0.700976
ACTACAAAGAGAGGTG-1,0.330861,0.000067,0.428906,0.088512,0.151653
ACTACATCCCGACAAG-1,0.844022,0.143257,0.000132,0.012126,0.000463
ACTACCAGCTCTCTGG-1,0.000042,0.000042,0.392092,0.229554,0.37827
ACTACCATCCGAGGGC-1,0.93319,0.019555,0.019139,0.00007,0.028046
ACTACGCGTTAGAATT-1,0.051397,0.055822,0.004703,0.014441,0.873637
ACTAGTTGCGATCGTC-1,0.000107,0.000107,0.555954,0.273123,0.170709
ACTATCGCCGGCTAAA-1,0.11036,0.177957,0.158215,0.182012,0.371456
ACTATCTGCCCGCGTA-1,0.077339,0.083356,0.468814,0.20645,0.164042
ACTATGTCCAGCTGCC-1,0.724534,0.000203,0.273636,0.000203,0.001423
ACTATTCGTCCGTGGT-1,0.000024,0.052419,0.000047,0.000024,0.947487
ACTATTTCCGGGCCCA-1,0.137959,0.108229,0.068892,0.06466,0.62026
ACTCAACGAATGTATT-1,0.071846,0.018261,0.281463,0.105367,0.523062
ACTCAAGTGCAAGGCT-1,0.000022,0.010999,0.081134,0.12582,0.782025
ACTCAATAAAGGCACG-1,0.000048,0.000048,0.231908,0.11634,0.651655
ACTCAGACCTGCTTCT-1,0.011115,0.010312,0.086063,0.017605,0.874905
ACTCATGGCAGCCTTC-1,0.998968,0.000094,0.000188,0.000094,0.000657
ACTCCAATATCATCAT-1,0.622935,0.000077,0.078553,0.297899,0.000536
ACTCCCATTCCTAAAG-1,0.202578,0.000067,0.508909,0.023483,0.264962
ACTCCCTAATGCTAAA-1,0.000015,0.000601,0.011758,0.004014,0.983612
ACTCCCTAGAATAGTA-1,0.000016,0.000016,0.000032,0.000016,0.999919
ACTCCGGCCGACCACT-1,0.01053,0.087074,0.29009,0.195356,0.41695
ACTCGATGTATTTCAT-1,0.633088,0.000081,0.116156,0.152405,0.09827
ACTCGCCGTTCGATAA-1,0.000023,0.006197,0.076018,0.183893,0.733868
ACTCGTAACCCGTCCT-1,0.281201,0.000057,0.203132,0.375509,0.140101
ACTCGTCAGTAATCCC-1,0.000039,0.000039,0.126701,0.638701,0.234519
ACTCTAAACCTGGGAT-1,0.620117,0.000066,0.37929,0.000066,0.000461
ACTCTCTGACTTAGGT-1,0.00007,0.00007,0.253124,0.00007,0.746666
ACTCTCTTATACACGA-1,0.038591,0.00013,0.686783,0.241566,0.03293
ACTCTGACCTAATAGA-1,0.047296,0.056229,0.169459,0.007811,0.719205
ACTCTTGTATAGTAAC-1,0.000041,0.000041,0.129788,0.207046,0.663085
ACTGAAACGCCGTTAG-1,0.000018,0.02079,0.000036,0.005119,0.974036
ACTGAATGGCGAAAGT-1,0.000026,0.000026,0.086117,0.125277,0.788555
ACTGATTTAGTGATTC-1,0.047392,0.000087,0.499785,0.45213,0.000606
ACTGCCCGCCATTCTC-1,0.509116,0.112871,0.197224,0.000053,0.180736
ACTGCCGTCGTAACTC-1,0.000025,0.000025,0.036678,0.103125,0.860147
ACTGCTCGGAAGGATG-1,0.759772,0.00009,0.199985,0.039527,0.000627
ACTGGGATGCCAGTGC-1,0.439032,0.003641,0.504068,0.000053,0.053206
ACTGTACGATACACAT-1,0.000018,0.018515,0.002438,0.012275,0.966753
ACTGTAGCACTTTGGA-1,0.000018,0.001993,0.022803,0.017867,0.95732
ACTGTATACGCGAGCA-1,0.000034,0.073667,0.06806,0.000034,0.858205
ACTGTCCAGGATTATA-1,0.000037,0.020218,0.139668,0.000037,0.84004
ACTGTCTTCTTTAGAA-1,0.000047,0.000047,0.176823,0.159827,0.663255
ACTGTGCTAGTAGATC-1,0.000053,0.000053,0.21586,0.368699,0.415336
ACTGTTTAGTGTAGGC-1,0.000045,0.000045,0.065328,0.000045,0.934537
ACTTACGCATCCACGC-1,0.040812,0.000954,0.312741,0.004149,0.641344
ACTTAGTACGACAAGA-1,0.062794,0.022666,0.060914,0.150841,0.702785
ACTTATACTTACCCGG-1,0.014627,0.00629,0.270049,0.259157,0.449877
ACTTATCTGATCTATA-1,0.013049,0.169129,0.054134,0.101682,0.662006
ACTTATTAGGATCGGT-1,0.037482,0.017674,0.002435,0.027363,0.915046
ACTTATTTATGTGCCA-1,0.000037,0.000037,0.047865,0.087174,0.864887
ACTTCAGGCTGATCCC-1,0.02501,0.000052,0.219024,0.053755,0.702159
ACTTCCAGTGGAAGCT-1,0.710249,0.019717,0.088515,0.000081,0.181438
ACTTCCATGCGGGACA-1,0.00734,0.028911,0.095073,0.095817,0.772859
ACTTCGCCATACGCAC-1,0.00004,0.01422,0.074772,0.00562,0.905348
ACTTGACTCCCTCTTT-1,0.038092,0.00735,0.179552,0.079804,0.695201
ACTTGCCATATTGTAC-1,0.000047,0.028686,0.053326,0.011683,0.906259
ACTTGCTCTATCTACC-1,0.525723,0.470845,0.000062,0.000031,0.003339
ACTTGGGACCCGGTGG-1,0.031732,0.114263,0.015981,0.000023,0.838001
ACTTGGGCTTTCGCCA-1,0.000017,0.31228,0.097281,0.000017,0.590406
ACTTGTAGTCCCTTCA-1,0.473552,0.000146,0.525137,0.000146,0.00102
ACTTGTGGATGGAACG-1,0.07488,0.000103,0.924191,0.000103,0.000723
ACTTGTTACCGGATCA-1,0.17994,0.206423,0.145738,0.133177,0.334722
ACTTTATACACCACTT-1,0.911872,0.02936,0.029026,0.000059,0.029683
ACTTTCCTATAGCTTC-1,0.00002,0.00002,0.00004,0.044438,0.955482
ACTTTGACTGCATCCT-1,0.631191,0.000094,0.36796,0.000094,0.00066
ACTTTGGTCGTGCTCC-1,0.864208,0.000122,0.134693,0.000122,0.000855
AGAAATTATGACTCGC-1,0.287246,0.001778,0.504246,0.187335,0.019394
AGAACACGGCGATGGT-1,0.694464,0.305265,0.000054,0.000027,0.00019
AGAACCCTCAATTGGG-1,0.634173,0.254874,0.060027,0.048923,0.002002
AGAACGTGGTACATTC-1,0.000021,0.008664,0.030996,0.077621,0.882698
AGAACTGTACTTTGTA-1,0.00001,0.317711,0.000019,0.00001,0.682251
AGAAGAGCGCCGTTCC-1,0.000359,0.000359,0.000718,0.996049,0.002514
AGAAGGTACACTTCAC-1,0.560775,0.000131,0.438044,0.000131,0.000919
AGAAGGTTGCCGAATT-1,0.013556,0.085727,0.242065,0.053221,0.605431
AGAAGGTTGTAGGTCG-1,0.000034,0.000034,0.082533,0.000034,0.917365
AGAAGTGATTCGTGAT-1,0.225655,0.24273,0.19888,0.330387,0.002349
AGAATAAATCTTCAGG-1,0.337532,0.000086,0.661655,0.000128,0.000599
AGAATACAGGCTATCC-1,0.000009,0.402993,0.000359,0.052091,0.544548
AGAATTGTTTGACATA-1,0.005489,0.251898,0.200183,0.008117,0.534313
AGACAGCTCAGAATCC-1,0.305423,0.000095,0.693726,0.000095,0.000662
AGACATAGATCCTTCC-1,0.000025,0.0155,0.000531,0.000025,0.983919
AGACCAAACCACACCT-1,0.731487,0.000051,0.262657,0.005445,0.00036
AGACCATGGGATACAA-1,0.101377,0.042543,0.290465,0.293868,0.271747
AGACCCACCGCTGATC-1,0.015398,0.008507,0.242039,0.000039,0.734018
AGACCCGCCCTCCTCG-1,0.010618,0.220953,0.031239,0.023927,0.713264
AGACCGCTCCGCGGTT-1,0.141278,0.000105,0.407304,0.143268,0.308044
AGACCGGGAAACCCTG-1,0.252863,0.158,0.312347,0.089818,0.186971
AGACGAAGTGCCGGTC-1,0.000051,0.000051,0.343516,0.192797,0.463586
AGACGACGATGCCGCT-1,0.066996,0.243412,0.287839,0.22957,0.172183
AGACGCCCACTTCGCC-1,0.102486,0.439265,0.42686,0.023813,0.007577
AGACGGGATTGGTATA-1,0.001287,0.220889,0.371611,0.09302,0.313193
AGACTAGCCTTCCAGA-1,0.000037,0.003543,0.025209,0.000037,0.971175
AGACTGTTACCGGGTC-1,0.000064,0.192938,0.673642,0.000064,0.133292
AGAGAAACACCAGAAA-1,0.217482,0.327406,0.038279,0.01394,0.402893
AGAGAAGGAGTACAAT-1,0.339321,0.000074,0.537181,0.122902,0.000521
AGAGATCTCTAAAGCG-1,0.038253,0.152977,0.292283,0.00004,0.516448
AGAGCAGTTATGAGAC-1,0.083437,0.000085,0.731253,0.122258,0.062968
AGAGCCGCCGAGATTT-1,0.00008,0.00008,0.796902,0.007313,0.195626
AGAGCGGGCTAATCAT-1,0.000064,0.000064,0.20531,0.000064,0.794498
AGAGCGTACAAGCTCG-1,0.000014,0.088111,0.033582,0.000014,0.87828
AGAGCTACGAAAGCAT-1,0.000026,0.066645,0.225738,0.000026,0.707565
AGAGGCTTCGGAAACC-1,0.000033,0.000033,0.239242,0.196985,0.563706
AGAGGTATCTCGGTCC-1,0.008054,0.000054,0.162828,0.000054,0.829011
AGAGTCTTAATGAAAG-1,0.000019,0.114849,0.043202,0.076092,0.765838
AGATAACTTCAGGGCC-1,0.000032,0.000032,0.120568,0.000032,0.879336
AGATAATCACACCTAT-1,0.894529,0.104982,0.000098,0.000049,0.000343
AGATACCAATAGAACC-1,0.000016,0.07828,0.088377,0.198381,0.634946
AGATACCGGTGTTCAC-1,0.000021,0.000021,0.082678,0.00176,0.915521
AGATACGACTTCATAT-1,0.000038,0.035002,0.171071,0.000038,0.793852
AGATACTCAAGATCGA-1,0.000032,0.074231,0.076211,0.074291,0.775234
AGATATAATACGACTA-1,0.00002,0.018525,0.072305,0.148919,0.76023
AGATCTCAGGTGTGAT-1,0.00003,0.001178,0.045713,0.022891,0.930187
AGATCTGGAGAGGATA-1,0.882001,0.000046,0.117587,0.000046,0.000321
AGATGACTCGCCCACG-1,0.014701,0.000125,0.010441,0.05287,0.921863
AGATGCAAGACGTGCA-1,0.421909,0.000095,0.548983,0.028349,0.000664
AGATGCATCCTGTGTC-1,0.473708,0.000109,0.525312,0.000109,0.000763
AGATGCTATAACGAGC-1,0.001299,0.343418,0.367096,0.060929,0.227258
AGATTATAGGACGTTT-1,0.000089,0.000089,0.429298,0.027554,0.542971
AGATTCACAACCGATA-1,0.689622,0.020863,0.194921,0.010629,0.083966
AGCAAAGGCCGCTAGT-1,0.000018,0.136583,0.099547,0.004282,0.75957
AGCAACATATCTTATT-1,0.010987,0.000073,0.959643,0.000073,0.029224
AGCAACCGAAAGTAAT-1,0.638087,0.000095,0.361054,0.000095,0.000668
AGCACACGTTTAGACT-1,0.720444,0.000086,0.278785,0.000086,0.0006
AGCACCAGTACTCACG-1,0.029341,0.069988,0.076952,0.00497,0.81875
AGCACTACCGGCCTGT-1,0.178606,0.00008,0.578765,0.071095,0.171454
AGCACTACCTCACCAG-1,0.000014,0.063697,0.000028,0.0004,0.935861
AGCACTTAAGGACGCC-1,0.00002,0.077431,0.068342,0.00002,0.854186
AGCAGAAGGAGAAAGA-1,0.002273,0.059674,0.264223,0.223219,0.450611
AGCAGCCAGATGAATA-1,0.000015,0.003279,0.010193,0.000015,0.986497
AGCAGTCGAAGCATGC-1,0.012087,0.389236,0.061401,0.062259,0.475017
AGCATATCAATATGCT-1,0.000021,0.034947,0.000042,0.203708,0.761282
AGCATCATTTCGAAAG-1,0.683868,0.000057,0.190939,0.124734,0.000402
AGCATCGTCGATAATT-1,0.021137,0.000034,0.065328,0.000034,0.913467
AGCATTACGAGGCAAG-1,0.000029,0.005988,0.071921,0.135246,0.786815
AGCCAAGCTTTGTGTC-1,0.000036,0.105299,0.229574,0.044882,0.620209
AGCCACAGGTTACCCG-1,0.000019,0.050421,0.005767,0.106851,0.836941
AGCCACTCCCGTGCTT-1,0.01961,0.000086,0.355379,0.624326,0.0006
AGCCATATAGTATGTG-1,0.042699,0.026177,0.270641,0.257905,0.402578
AGCCCATACATGTAAG-1,0.13991,0.012748,0.480394,0.167115,0.199833
AGCCCGCAACAAGCAG-1,0.04016,0.143715,0.486343,0.000081,0.329701
AGCCCGCACTACAATG-1,0.000023,0.063513,0.143495,0.013064,0.779905
AGCCCGGCATTAGAGG-1,0.311359,0.218843,0.34125,0.000047,0.128502
AGCCCGGTAGCCTGTA-1,0.024411,0.008731,0.109856,0.270167,0.586834
AGCCCTAAGCGAAGTT-1,0.000026,0.000026,0.021416,0.062976,0.915558
AGCCCTCCCTGGTGGC-1,0.57896,0.000076,0.296203,0.109754,0.015006
AGCCGCAAATTCAAAT-1,0.762657,0.037358,0.182151,0.017499,0.000335
AGCCGCTTGATTAGCG-1,0.073148,0.140092,0.082476,0.147671,0.556613
AGCCGTGGCTAAATGT-1,0.546078,0.012982,0.223842,0.177256,0.039842
AGCCTAATACCCACGT-1,0.344921,0.167911,0.172033,0.00004,0.315095
AGCCTTAAAGCGGAAG-1,0.130156,0.013854,0.235933,0.053835,0.566223
AGCCTTGTCACTGATA-1,0.356802,0.615292,0.000042,0.000021,0.027843
AGCGACAGGAACGGTC-1,0.000037,0.001227,0.573226,0.003178,0.422331
AGCGACATCCCATTCA-1,0.000023,0.000023,0.000142,0.095292,0.90452
AGCGACCAACGATATT-1,0.000024,0.000024,0.019315,0.126874,0.853763
AGCGACTTTGAAGACA-1,0.211297,0.76077,0.000037,0.020063,0.007834
AGCGAGACGTGAAGGC-1,0.673849,0.063441,0.059275,0.000063,0.203373
AGCGATGCGCCTAATA-1,0.000032,0.000032,0.136899,0.030806,0.832231
AGCGCATAATGAATCG-1,0.01064,0.093477,0.103512,0.171859,0.620511
AGCGGACACTTCGTAG-1,0.000015,0.011626,0.076829,0.008164,0.903365
AGCGGCGGTTAGCGGT-1,0.346424,0.155986,0.454462,0.000069,0.043059
AGCGGGAAGGGTCCAT-1,0.017992,0.048214,0.060038,0.000037,0.873719
AGCGGGTCTGACACTC-1,0.000013,0.011181,0.022337,0.001267,0.965202
AGCGGTTGAGATGTAC-1,0.084084,0.000115,0.874039,0.040428,0.001334
AGCGTACGAGAGCTAG-1,0.000032,0.028656,0.16082,0.011069,0.799424
AGCGTAGCGCTAGACC-1,0.042155,0.296446,0.059831,0.000021,0.601547
AGCGTCTGAACCCGCA-1,0.000015,0.059628,0.001466,0.000015,0.938876
AGCGTGGTATTCTACT-1,0.000034,0.000034,0.009082,0.021773,0.969077
AGCTAACAAGCAATGT-1,0.333555,0.000084,0.630456,0.03532,0.000586
AGCTAAGCTCCGTCCG-1,0.865248,0.000055,0.082716,0.000055,0.051925
AGCTAAGTACGCAGGC-1,0.000019,0.064645,0.154987,0.033099,0.74725
AGCTACGAATGGTGGT-1,0.025232,0.028031,0.116769,0.000027,0.829942
AGCTATTTAATCCAAC-1,0.000023,0.027979,0.000693,0.053869,0.917436
AGCTCCATATATGTTC-1,0.000067,0.000067,0.293882,0.356614,0.349369
AGCTCCTTCGCACATC-1,0.000026,0.039993,0.031043,0.000026,0.928913
AGCTCTAGACGTTCCA-1,0.00785,0.027875,0.001123,0.115437,0.847715
AGCTCTTTACTCAGTT-1,0.04816,0.102445,0.289466,0.03916,0.52077
AGCTGAAGTAAACCAA-1,0.055211,0.060869,0.220205,0.51978,0.143935
AGCTGTAACCTCAATC-1,0.188939,0.000098,0.639724,0.000098,0.17114
AGCTTATAGAGACCTG-1,0.010064,0.075836,0.224412,0.183415,0.506272
AGCTTCAATACTTTGA-1,0.002388,0.116236,0.006016,0.052797,0.822563
AGCTTCTTCTCGAGCA-1,0.00003,0.00003,0.037597,0.019155,0.943189
AGCTTGATCAGGGTAG-1,0.999318,0.000062,0.000124,0.000062,0.000434
AGCTTGATCTTAACTT-1,0.422941,0.000055,0.40652,0.12216,0.048324
AGGAAAGCCTCTGATG-1,0.000012,0.241545,0.000024,0.000012,0.758408
AGGAACGAACGACTTC-1,0.183426,0.000032,0.147205,0.669112,0.000225
AGGAAGCTGTCCGCCG-1,0.000041,0.000041,0.651515,0.083457,0.264946
AGGACAGTCGAATCCC-1,0.000024,0.000024,0.057119,0.05443,0.888402
AGGACATCGCACGTCG-1,0.000059,0.000059,0.242921,0.000059,0.756901
AGGACATCGGCACACT-1,0.048504,0.136618,0.417106,0.23419,0.163582
AGGACGACCCATTAGA-1,0.016617,0.009979,0.000036,0.046563,0.926805
AGGACTTATAGGAGAA-1,0.064369,0.03905,0.547442,0.019794,0.329345
AGGAGCGTTTATTATC-1,0.016471,0.09476,0.101073,0.000038,0.787658
AGGAGGCCTTCGCGCG-1,0.000016,0.053204,0.005162,0.009964,0.931654
AGGATAAAGTCGGGAT-1,0.000031,0.000031,0.326552,0.000031,0.673356
AGGATATAGGGATTTA-1,0.00005,0.00005,0.240307,0.232047,0.527545
AGGATATCCGACTGCA-1,0.000011,0.128361,0.025816,0.017599,0.828212
