Barcode,Topic 1,Topic 2,Topic 3,Topic 4,Topic 5,Topic 6,Topic 7to8,Topic 9,Topic 10to11
AAACAAGTATCTCCCA-1,0.000042,0.474486,0.062591,0.147297,0.000042,0.000042,0.05589,0.223961,0.035649
AAACAATCTACTAGCA-1,0.000016,0.000016,0.101839,0.000016,0.164499,0.201489,0.225256,0.29913,0.00774
AAACACCAATAACTGC-1,0.000023,0.000023,0.000023,0.280158,0.048623,0.001947,0.166829,0.00004,0.502333
AAACAGAGCGACTCCT-1,0.001073,0.043825,0.023008,0.060241,0.133458,0.320261,0.211069,0.02618,0.180885
AAACAGCTTTCAGAAG-1,0.000058,0.000058,0.151,0.60499,0.243546,0.000058,0.000116,0.000058,0.000116
AAACAGGGTCTATATT-1,0.000016,0.000016,0.121083,0.00352,0.01736,0.000085,0.335073,0.059619,0.463226
AAACAGTGTTCCTGGG-1,0.000019,0.022826,0.018052,0.645718,0.000019,0.000019,0.000038,0.078562,0.234748
AAACATGGTGAGAGGA-1,0.000021,0.001389,0.708561,0.042257,0.246859,0.000021,0.000042,0.000021,0.000828
AAACATTTCCCGGATT-1,0.000051,0.819599,0.119743,0.054161,0.006141,0.000051,0.000102,0.000051,0.000102
AAACCACTACACAGAT-1,0.000036,0.000036,0.190114,0.332371,0.000406,0.000036,0.072751,0.063676,0.340573
AAACCCGAACGAAATC-1,0.000018,0.00874,0.000018,0.215504,0.000018,0.015577,0.169955,0.262633,0.327536
AAACCGGAAATGTTAA-1,0.000013,0.036098,0.008626,0.00012,0.005276,0.233684,0.152149,0.390583,0.173453
AAACCGGGTAGGTACC-1,0.000016,0.000016,0.000016,0.00044,0.158978,0.544631,0.102547,0.003617,0.18974
AAACCGTTCGTCCAGG-1,0.000421,0.000016,0.002906,0.030502,0.027661,0.218134,0.547059,0.119797,0.053504
AAACCTAAGCAGCCGG-1,0.000026,0.793987,0.205781,0.000026,0.000026,0.000026,0.000051,0.000026,0.000051
AAACCTCATGAAGTTG-1,0.00003,0.00003,0.156786,0.00003,0.277314,0.047531,0.22643,0.005756,0.286094
AAACGAAGAACATACC-1,0.000024,0.000024,0.000024,0.006488,0.211735,0.132617,0.350743,0.000024,0.298322
AAACGAAGATGGAGTA-1,0.000188,0.000188,0.250988,0.395267,0.000188,0.029817,0.096106,0.210522,0.016736
AAACGACAGTCTTGCC-1,0.000038,0.000038,0.314044,0.491975,0.193655,0.000038,0.000077,0.000038,0.000096
AAACGAGACGGTTGAT-1,0.004734,0.661069,0.000047,0.097237,0.23663,0.000047,0.000094,0.000047,0.000094
AAACGCCCGAGATCGG-1,0.000025,0.000025,0.193944,0.005955,0.280153,0.009286,0.051967,0.00086,0.457784
AAACGCTGGGCACGAC-1,0.000013,0.005564,0.037066,0.16937,0.013241,0.035627,0.072511,0.440413,0.226195
AAACGGGCGTACGGGT-1,0.000039,0.957664,0.024401,0.017623,0.000039,0.000039,0.000078,0.000039,0.000078
AAACGGTTGCGAACTG-1,0.000026,0.071799,0.006289,0.292028,0.000026,0.012908,0.187424,0.125393,0.304108
AAACGTGTTCGCCCTA-1,0.00001,0.00001,0.000281,0.000586,0.016063,0.690968,0.001979,0.068043,0.22206
AAACTAACGTGGCGAC-1,0.000073,0.017022,0.000073,0.579937,0.12558,0.079742,0.082989,0.049385,0.065199
AAACTCGGTTCGCAAT-1,0.000068,0.424414,0.000068,0.332321,0.003921,0.000068,0.000137,0.124349,0.114654
AAACTCGTGATATAAG-1,0.000031,0.025914,0.000031,0.162085,0.002465,0.245306,0.334255,0.031115,0.1988
AAACTGCTGGCTCCAA-1,0.000033,0.721254,0.002729,0.037605,0.232806,0.000033,0.00544,0.000033,0.000067
AAACTTAATTGCACGC-1,0.000036,0.026909,0.150034,0.442229,0.051807,0.000036,0.000251,0.000036,0.328662
AAACTTGCAAACGTAT-1,0.000042,0.000042,0.451992,0.000113,0.372138,0.005731,0.132124,0.000042,0.037777
AAAGAATGACCTTAGA-1,0.06036,0.000025,0.771798,0.142564,0.024719,0.000025,0.00005,0.000025,0.000433
AAAGAATGTGGACTAA-1,0.000027,0.725871,0.036149,0.063098,0.005494,0.000027,0.006037,0.018365,0.144932
AAAGACATGAAGTTTA-1,0.000024,0.000024,0.175313,0.177492,0.215517,0.001437,0.000049,0.000046,0.430097
AAAGACCCAAGTCGCG-1,0.000035,0.000035,0.000035,0.030444,0.505785,0.074873,0.163968,0.000035,0.224792
AAAGACTGGGCGCTTT-1,0.00004,0.00004,0.268799,0.079499,0.592822,0.00004,0.007483,0.00004,0.051238
AAAGCTTGCCTACATA-1,0.000012,0.018195,0.000012,0.04262,0.030426,0.226795,0.110193,0.266659,0.305087
AAAGGCCCTATAATAC-1,0.000007,0.000007,0.023578,0.000007,0.000007,0.040889,0.018145,0.496011,0.421349
AAAGGCTACGGACCAT-1,0.000031,0.022248,0.000031,0.44523,0.004013,0.090312,0.251092,0.052134,0.13491
AAAGGCTCTCGCGCCG-1,0.000019,0.024761,0.0067,0.070423,0.000019,0.040194,0.54618,0.159225,0.152481
AAAGGGATGTAGCAAG-1,0.001511,0.115341,0.000038,0.298758,0.244012,0.018003,0.320746,0.000038,0.001554
AAAGGGCAGCTTGAAT-1,0.000043,0.000043,0.027057,0.13065,0.736379,0.014503,0.000086,0.000043,0.091195
AAAGGTAAGCTGTACC-1,0.000051,0.044352,0.209717,0.340602,0.04447,0.102135,0.173171,0.001061,0.08444
AAAGGTCAACGACATG-1,0.000025,0.007137,0.278159,0.421098,0.085672,0.000025,0.00005,0.000025,0.207808
AAAGTAGCATTGCTCA-1,0.000026,0.002508,0.12752,0.081006,0.145622,0.130498,0.081926,0.050243,0.380651
AAAGTCACTGATGTAA-1,0.004268,0.010438,0.000037,0.035516,0.351624,0.228336,0.325506,0.000037,0.044238
AAAGTCGACCCTCAGT-1,0.00002,0.00002,0.032377,0.00002,0.039381,0.076684,0.394302,0.012691,0.444505
AAAGTGCCATCAATTA-1,0.000021,0.016072,0.000021,0.403767,0.049509,0.05899,0.047273,0.045565,0.378781
AAAGTGTGATTTATCT-1,0.000066,0.751091,0.000066,0.130084,0.110698,0.000066,0.007734,0.000066,0.000131
AAAGTTGACTCCCGTA-1,0.000032,0.663606,0.000032,0.007906,0.236081,0.004807,0.078725,0.000032,0.008779
AAATAACCATACGGGA-1,0.000034,0.010004,0.000034,0.259442,0.222902,0.127782,0.331978,0.000034,0.04779
AAATAAGGTAGTGCCC-1,0.00002,0.102857,0.069284,0.178926,0.00637,0.043382,0.203783,0.336574,0.058805
AAATACCTATAAGCAT-1,0.000039,0.74526,0.000039,0.000039,0.254391,0.000039,0.000077,0.000039,0.000077
AAATAGCTTAGACTTT-1,0.000056,0.20656,0.000056,0.354956,0.160786,0.000056,0.12363,0.001877,0.152023
AAATAGGGTGCTATTG-1,0.000044,0.808692,0.000044,0.025842,0.165116,0.000044,0.000087,0.000044,0.000087
AAATCCGATACACGCC-1,0.000027,0.99625,0.000027,0.000027,0.000027,0.000027,0.000053,0.003511,0.000053
AAATCGCGGAAGGAGT-1,0.000063,0.043188,0.423272,0.052712,0.062665,0.129629,0.245577,0.042768,0.000126
AAATCGTGTACCACAA-1,0.001274,0.000045,0.000045,0.24743,0.000068,0.000045,0.627103,0.123901,0.000089
AAATCTAGCCCTGCTA-1,0.000033,0.779877,0.153104,0.004603,0.045594,0.000033,0.000065,0.012176,0.004516
AAATCTGCCCGCGTCC-1,0.000083,0.044151,0.15431,0.800875,0.000083,0.000083,0.000166,0.000083,0.000166
AAATGACTGATCAAAC-1,0.000004,0.000004,0.00012,0.000004,0.000004,0.058446,0.136608,0.591355,0.213453
AAATGATTCGATCAGC-1,0.000031,0.004651,0.051919,0.069898,0.028234,0.04908,0.318309,0.19362,0.28426
AAATGCTCGTTACGTT-1,0.000053,0.00398,0.184849,0.177599,0.633198,0.000053,0.000107,0.000053,0.000107
AAATGGCATGTCTTGT-1,0.000028,0.084302,0.012392,0.072551,0.195452,0.061238,0.469036,0.013266,0.091735
AAATGGCCCGTGCCCT-1,0.00004,0.00004,0.00004,0.202087,0.175082,0.027315,0.140395,0.00004,0.45496
AAATGGTCAATGTGCC-1,0.00002,0.068853,0.002133,0.050533,0.106053,0.101037,0.576977,0.090246,0.004148
AAATGTATCTTATCCC-1,0.00005,0.001708,0.05442,0.603266,0.068456,0.051294,0.165506,0.00005,0.05525
AAATGTGGGTGCTCCT-1,0.000012,0.000012,0.129417,0.001011,0.031913,0.408595,0.081699,0.066086,0.281256
AAATTAACGGGTAGCT-1,0.000022,0.054635,0.000022,0.085451,0.17457,0.072807,0.553085,0.000022,0.059386
AAATTAATAAGCGCGA-1,0.000028,0.045813,0.116047,0.061827,0.392179,0.154073,0.210876,0.003011,0.016146
AAATTACACGACTCTG-1,0.001832,0.154858,0.011407,0.268603,0.250881,0.022856,0.210158,0.038199,0.041207
AAATTACCTATCGATG-1,0.000039,0.174936,0.165793,0.157948,0.107214,0.000039,0.369267,0.005542,0.019222
AAATTCCAGGTCCAAA-1,0.000014,0.010678,0.000014,0.05003,0.0007,0.078444,0.22405,0.172383,0.463686
AAATTGATAGTCCTTT-1,0.000028,0.032777,0.104077,0.034843,0.191317,0.087106,0.192207,0.280179,0.077465
AAATTGGTGAGAAGCA-1,0.000012,0.000012,0.015401,0.000012,0.061026,0.25981,0.067937,0.028634,0.567157
AAATTTACCGAAATCC-1,0.000022,0.000022,0.001331,0.083658,0.053571,0.621094,0.02284,0.015004,0.202458
AAATTTGCGGGTGTGG-1,0.00003,0.024776,0.058801,0.320322,0.425215,0.047719,0.030479,0.00003,0.092629
AACAACTGGTAGTTGC-1,0.000024,0.028199,0.000024,0.015547,0.128835,0.270115,0.475943,0.011967,0.069345
AACAATACATTGTCGA-1,0.000015,0.054912,0.150674,0.041556,0.07369,0.162257,0.174941,0.047653,0.294302
AACAATTACTCTACGC-1,0.000022,0.000022,0.030341,0.000351,0.184809,0.479955,0.114606,0.099264,0.090631
AACACACGCTCGCCGC-1,0.00169,0.627968,0.000039,0.000039,0.23354,0.093253,0.003421,0.000039,0.040012
AACACGACTGTACTGA-1,0.000022,0.000022,0.016558,0.022559,0.051003,0.441944,0.314011,0.128196,0.025684
AACACGAGACGCGGCC-1,0.00004,0.00004,0.190225,0.160088,0.273826,0.023401,0.136293,0.00004,0.216049
AACACGCGGCCGCGAA-1,0.000038,0.027601,0.085255,0.192081,0.310397,0.100068,0.273454,0.002009,0.009099
AACAGCTGTGTGGCAA-1,0.000022,0.000022,0.312011,0.080978,0.178789,0.031327,0.051712,0.000022,0.345117
AACAGGAAATCGAATA-1,0.000041,0.000041,0.000041,0.149542,0.289971,0.114302,0.433591,0.000041,0.012428
AACAGGATGGGCCGCG-1,0.000017,0.000017,0.002481,0.001063,0.102043,0.725547,0.11878,0.034031,0.01602
AACAGGTAGTATGGAT-1,0.000031,0.025356,0.079681,0.141465,0.000031,0.011947,0.261006,0.318338,0.162145
AACATAGCGTGTATCG-1,0.000019,0.843613,0.152525,0.000019,0.000019,0.000019,0.000037,0.003714,0.000037
AACATATCAACTGGTG-1,0.000015,0.029634,0.002136,0.002587,0.000015,0.07115,0.484213,0.393756,0.016494
AACATCGATACGTCTA-1,0.000011,0.019065,0.133046,0.000011,0.107137,0.113026,0.142938,0.0474,0.437367
AACATTGAAGTTGATC-1,0.000014,0.000014,0.001592,0.000014,0.000014,0.043589,0.067795,0.559517,0.327452
AACATTGTGACTCGAG-1,0.000021,0.000021,0.000021,0.116031,0.000021,0.042853,0.43409,0.213419,0.193522
AACCAAGACTTCTCTG-1,0.00003,0.00003,0.219533,0.082902,0.64417,0.029945,0.000059,0.00003,0.023303
AACCAGTATCACTCTT-1,0.00003,0.001503,0.00003,0.119997,0.166012,0.087434,0.041892,0.046927,0.536176
AACCATAGGGTTGAAC-1,0.000053,0.000053,0.201808,0.728287,0.036266,0.000053,0.000107,0.000053,0.03332
AACCATGGGATCGCTA-1,0.000077,0.000077,0.103315,0.205588,0.690479,0.000077,0.000154,0.000077,0.000154
AACCCAGAGACGGAGA-1,0.000017,0.000017,0.000017,0.000797,0.202097,0.277787,0.324718,0.002389,0.192162
AACCCATCCCATGATC-1,0.000035,0.000035,0.066891,0.307586,0.130988,0.008192,0.19042,0.043804,0.252048
AACCCGACAACCCGTG-1,0.000005,0.033503,0.346598,0.000005,0.000005,0.000109,0.001097,0.396026,0.222651
AACCCGAGCAGAATCG-1,0.000022,0.028618,0.000022,0.206043,0.000022,0.039907,0.225612,0.242419,0.257335
AACCCGATAGGGCTTC-1,0.00081,0.010086,0.196527,0.448616,0.185705,0.000031,0.00241,0.000031,0.155783
AACCCGCTGTATTCCA-1,0.000293,0.002021,0.013918,0.000005,0.000005,0.006022,0.101119,0.734359,0.142261
AACCCTACTGTCAATA-1,0.000052,0.67733,0.000052,0.052597,0.206303,0.013571,0.04994,0.000052,0.000104
AACCCTGGTGGAACCA-1,0.000018,0.000018,0.052248,0.002651,0.252848,0.307708,0.137121,0.12136,0.126026
AACCGAGCTTGGTCAT-1,0.000063,0.291793,0.000063,0.236428,0.471275,0.000063,0.000126,0.000063,0.000126
AACCGCTAAGGGATGC-1,0.000043,0.834295,0.000043,0.000043,0.149009,0.000043,0.016399,0.000043,0.000085
AACCGTTGTGTTTGCT-1,0.000052,0.000052,0.000052,0.148026,0.086557,0.102832,0.662272,0.000052,0.000104
AACCTAAAGCCGTCCG-1,0.000019,0.06077,0.012105,0.048945,0.066209,0.177036,0.093274,0.057624,0.484016
AACCTCGCTTTAGCCC-1,0.000057,0.887326,0.000057,0.046834,0.065384,0.000057,0.000114,0.000057,0.000114
AACCTGTCACGGAATT-1,0.000031,0.028471,0.02581,0.205148,0.000031,0.000031,0.130155,0.59493,0.015395
AACCTTTAAATACGGT-1,0.000029,0.269101,0.000029,0.07519,0.002805,0.072678,0.416845,0.015714,0.147608
AACCTTTACGACGTCT-1,0.00005,0.092296,0.00005,0.255005,0.155005,0.021403,0.471407,0.00005,0.004733
AACGAAAGTCGTCCCA-1,0.00004,0.008063,0.256681,0.568911,0.098769,0.00004,0.008307,0.00004,0.059148
AACGACCTCCTAGCCG-1,0.000018,0.083386,0.09052,0.145237,0.003027,0.021877,0.120226,0.384494,0.151216
AACGATAATGCCGTAG-1,0.000049,0.593354,0.263705,0.010948,0.131648,0.000049,0.000099,0.000049,0.000099
AACGATAGAAGGGCCG-1,0.000028,0.043286,0.000028,0.072,0.126136,0.14351,0.601051,0.00114,0.012822
AACGATATGTCAACTG-1,0.000041,0.144762,0.133534,0.012948,0.438551,0.059341,0.169134,0.000041,0.041648
AACGCATGATCTGGGT-1,0.000033,0.025843,0.000033,0.165886,0.008105,0.031089,0.635885,0.012965,0.120162
AACGCGACCTTGGGCG-1,0.000034,0.013633,0.000034,0.430654,0.000034,0.013268,0.242335,0.102665,0.197342
AACGCGGTCTCCAGCC-1,0.000055,0.163154,0.000055,0.176971,0.459533,0.016198,0.18387,0.000055,0.00011
AACGCTGTTGCTGAAA-1,0.000026,0.630967,0.051616,0.000026,0.002238,0.003182,0.213839,0.055552,0.042555
AACGGACGTACGTATA-1,0.000047,0.826275,0.000047,0.024158,0.149188,0.000047,0.000095,0.000047,0.000095
AACGGCCATCTCCGGT-1,0.000023,0.083516,0.010311,0.184187,0.085362,0.042642,0.371743,0.071071,0.151146
AACGTACTGTGGGTAC-1,0.003411,0.049816,0.000021,0.067582,0.001414,0.250882,0.480582,0.026177,0.120115
AACGTAGTCTACCCAT-1,0.000023,0.019117,0.029898,0.001761,0.428904,0.276934,0.179564,0.011953,0.051845
AACGTCAGACTAGTGG-1,0.006455,0.000027,0.060228,0.04401,0.275673,0.282469,0.27248,0.004055,0.054602
AACGTCATCCGGCTTG-1,0.00001,0.038784,0.22126,0.102788,0.019872,0.021015,0.076171,0.279564,0.240537
AACGTCGCTGCACTTC-1,0.000033,0.129165,0.158623,0.108133,0.000033,0.000033,0.080967,0.471133,0.051879
AACGTGATGAAGGACA-1,0.000029,0.012581,0.038629,0.128006,0.239015,0.140902,0.242579,0.002017,0.196242
AACGTGCGAAAGTCTC-1,0.000055,0.550214,0.000055,0.176803,0.217507,0.000055,0.055146,0.000055,0.00011
AACGTTATCAGCACCT-1,0.00007,0.00007,0.134235,0.356269,0.508533,0.00007,0.000544,0.00007,0.000139
AACGTTCTACCATTGT-1,0.000007,0.000907,0.094931,0.305108,0.000007,0.003224,0.012953,0.516425,0.066439
AACTACCCGTTTGTCA-1,0.000055,0.123562,0.149719,0.558799,0.000271,0.000055,0.022117,0.056077,0.089346
AACTAGCGTATCGCAC-1,0.000013,0.000013,0.000013,0.000274,0.018573,0.873379,0.064209,0.000013,0.043512
AACTAGGCTTGGGTGT-1,0.00005,0.084865,0.077758,0.314459,0.00005,0.005039,0.416455,0.074931,0.026392
AACTCAAGTTAATTGC-1,0.000015,0.000015,0.000522,0.010927,0.153424,0.078387,0.363539,0.09419,0.298981
AACTCCAGAGCGTGTT-1,0.000058,0.859351,0.06578,0.019769,0.054692,0.000058,0.000117,0.000058,0.000117
AACTCCTAATCCCATG-1,0.000019,0.079751,0.000372,0.009051,0.161436,0.243753,0.265086,0.058288,0.182244
AACTCGATGGCGCAGT-1,0.000081,0.000081,0.143541,0.303104,0.466905,0.000081,0.013076,0.072971,0.000162
AACTCTCAATAGAGCG-1,0.000056,0.399363,0.076709,0.182293,0.144529,0.000056,0.19304,0.000056,0.003899
AACTCTCAGTGTGCTC-1,0.000027,0.002653,0.030088,0.150427,0.008135,0.129894,0.352932,0.117232,0.208613
AACTGAGGTCAGCGTC-1,0.000028,0.022165,0.01083,0.000028,0.173638,0.134251,0.16898,0.000028,0.490053
AACTGAGTTATACTGA-1,0.000015,0.136599,0.02268,0.129848,0.036169,0.008811,0.054785,0.03642,0.574672
AACTGATATTAGGCCT-1,0.000045,0.054237,0.000045,0.119142,0.468735,0.013213,0.344269,0.000045,0.000268
AACTGGGTCCCGACGT-1,0.000037,0.091015,0.000037,0.143735,0.253359,0.008808,0.502897,0.000037,0.000075
AACTGGGTTCGAGCCG-1,0.000035,0.012514,0.112396,0.121074,0.283901,0.031265,0.00007,0.000035,0.43871
AACTGGTGTGGGCCTT-1,0.000031,0.000031,0.150448,0.041808,0.355344,0.037841,0.229793,0.006141,0.178563
AACTTCTGCGTCTATC-1,0.000067,0.000067,0.069153,0.270148,0.484245,0.000067,0.000134,0.000067,0.176052
AACTTGCCCGTATGCA-1,0.000014,0.000014,0.000014,0.000014,0.104231,0.776931,0.056058,0.04189,0.020834
AACTTGCGTTCTCGCG-1,0.000084,0.000084,0.178741,0.285552,0.535032,0.000084,0.000169,0.000084,0.000169
AACTTTACGGGAGCTT-1,0.000053,0.000053,0.402469,0.288269,0.308838,0.000053,0.000106,0.000053,0.000106
AACTTTAGCTGCTGAG-1,0.000042,0.000042,0.153714,0.017824,0.397452,0.056297,0.154528,0.000042,0.22006
AACTTTCTCGATCATG-1,0.000016,0.00312,0.000016,0.000578,0.002538,0.457874,0.000982,0.052945,0.481931
AAGAAAGTTTGATGGG-1,0.00005,0.00005,0.99569,0.00005,0.00005,0.00005,0.000099,0.003863,0.000099
AAGAAATCACCAGATT-1,0.000024,0.056664,0.264929,0.094006,0.194123,0.034328,0.017244,0.001818,0.336864
AAGAAGGATCAGTTAG-1,0.000053,0.000053,0.000053,0.354112,0.591191,0.000053,0.00011,0.054267,0.000106
AAGACATACGTGGTTT-1,0.000008,0.007877,0.021464,0.007825,0.000008,0.026773,0.281838,0.506592,0.147614
AAGACCAAATAACTCA-1,0.00009,0.048675,0.118801,0.339768,0.056002,0.042233,0.098715,0.177081,0.118635
AAGACCCAACTGAACA-1,0.000037,0.022435,0.000037,0.648442,0.002552,0.051018,0.265918,0.007581,0.00198
AAGACTCACGCCCACT-1,0.000038,0.000038,0.042286,0.358239,0.064768,0.000416,0.000076,0.038322,0.495817
AAGACTGCAAGCTACT-1,0.00778,0.562889,0.000051,0.120206,0.218456,0.000051,0.090413,0.000051,0.000102
AAGAGATGAATCGGTA-1,0.000058,0.000058,0.000058,0.102002,0.542942,0.113425,0.122308,0.068357,0.050793
AAGAGCTCTTTATCGG-1,0.000029,0.476805,0.100496,0.000029,0.119156,0.008419,0.292838,0.000029,0.002198
AAGAGGATGTACGCGA-1,0.000022,0.000022,0.204883,0.000311,0.499592,0.219337,0.060225,0.000022,0.015586
AAGAGGCATGGATCGC-1,0.000035,0.753676,0.000035,0.000035,0.24601,0.000035,0.00007,0.000035,0.00007
AAGAGGCCCTTTGGAA-1,0.000057,0.113213,0.197264,0.549955,0.000057,0.000057,0.028993,0.027654,0.082748
AAGATGGCACCGGACC-1,0.000024,0.061631,0.000024,0.190921,0.054307,0.117371,0.351608,0.075319,0.148797
AAGATTGGCGGAACGT-1,0.000032,0.427393,0.00066,0.097101,0.038228,0.029553,0.380382,0.000032,0.02662
AAGCACCCTGCGTATC-1,0.00005,0.309252,0.005813,0.147823,0.030612,0.000975,0.19935,0.187201,0.118925
AAGCATACTCTCCTGA-1,0.001178,0.658945,0.00005,0.22893,0.095982,0.00005,0.014715,0.00005,0.0001
AAGCCACTTGCAGGTA-1,0.000013,0.025892,0.036798,0.112855,0.001431,0.019428,0.004005,0.05244,0.747139
AAGCCGAAGCGGTTTA-1,0.002546,0.421295,0.041236,0.346794,0.000099,0.000099,0.084438,0.103295,0.000198
AAGCCGCCGTGAAATC-1,0.000017,0.000017,0.250858,0.280021,0.000017,0.04236,0.014143,0.063965,0.3486
AAGCCGCTTTACCTTG-1,0.000041,0.067887,0.000041,0.34197,0.097615,0.115592,0.010636,0.014992,0.351227
AAGCCGGAGAGCAGGA-1,0.000009,0.000009,0.003297,0.03447,0.005211,0.029332,0.139956,0.313049,0.474667
AAGCGCAGGGCTTTGA-1,0.000053,0.790799,0.004397,0.123262,0.000053,0.000053,0.000105,0.04675,0.034529
AAGCGGAGTGCGCGCA-1,0.000025,0.000025,0.203224,0.144133,0.409952,0.000225,0.00005,0.000025,0.242341
AAGCGGCGTCATGGGT-1,0.000026,0.015871,0.000026,0.113388,0.084086,0.346861,0.227857,0.005196,0.206688
AAGCGTCCCTCATCGA-1,0.000024,0.000024,0.043682,0.010454,0.044189,0.15409,0.350967,0.127445,0.269124
AAGCTAGATCGAGTAA-1,0.000038,0.423955,0.224554,0.04862,0.24344,0.000038,0.059244,0.000038,0.000075
AAGCTATGGATTGACC-1,0.000029,0.043968,0.843702,0.084346,0.027781,0.000029,0.000058,0.000029,0.000058
AAGCTCGTGCCAAGTC-1,0.000054,0.766126,0.000054,0.000054,0.233386,0.000054,0.000108,0.000054,0.000108
AAGCTCTTTCATGGTG-1,0.000065,0.856288,0.000065,0.017149,0.126043,0.000065,0.00013,0.000065,0.00013
AAGGAGAACTTATAAG-1,0.000043,0.029033,0.006475,0.220967,0.248194,0.068,0.24305,0.000043,0.184195
AAGGAGCGGTTGGTGC-1,0.000017,0.000017,0.000017,0.036103,0.03347,0.40041,0.51421,0.000017,0.015738
AAGGATCGATCGCTTG-1,0.000039,0.249559,0.000039,0.072787,0.000039,0.009057,0.457427,0.013133,0.197921
AAGGATGAGGGACCTC-1,0.000041,0.39638,0.155115,0.211011,0.23721,0.000041,0.000081,0.000041,0.000081
AAGGCAGGCTGTCTCC-1,0.000021,0.046483,0.007167,0.155014,0.000021,0.025149,0.168296,0.186598,0.411252
AAGGCGCGTAAAGCTT-1,0.000025,0.000025,0.000025,0.001442,0.296443,0.157482,0.347742,0.000025,0.19679
AAGGCTGTGCTCATCG-1,0.00004,0.006786,0.00004,0.295131,0.428466,0.020978,0.248437,0.00004,0.000081
AAGGGAACGACTGGCT-1,0.000018,0.000018,0.063354,0.190131,0.000484,0.001379,0.050752,0.149476,0.544388
AAGGGACAGATTCTGT-1,0.000076,0.112211,0.000076,0.630337,0.256848,0.000076,0.000151,0.000076,0.000151
AAGGGACTATGCATTC-1,0.000021,0.019923,0.009629,0.148375,0.00156,0.275694,0.025493,0.056922,0.462382
AAGGGTTAGCCATGCG-1,0.000007,0.030969,0.144865,0.08376,0.028778,0.02336,0.084165,0.565452,0.038645
AAGGGTTTGATTTCAG-1,0.000044,0.109107,0.241165,0.505134,0.000044,0.000044,0.000088,0.000044,0.144331
AAGGTATCCTAATATA-1,0.000074,0.328463,0.000074,0.25307,0.417873,0.000074,0.000149,0.000074,0.000149
AAGGTGATAAACCAGC-1,0.000047,0.823551,0.000047,0.01212,0.163954,0.000047,0.000094,0.000047,0.000094
AAGTAGAAGACCGGGT-1,0.000056,0.048379,0.000056,0.448541,0.266945,0.000541,0.235317,0.000056,0.000111
AAGTAGTGACGCGAGG-1,0.000021,0.002936,0.102364,0.000021,0.069492,0.522729,0.119785,0.181802,0.000848
AAGTCAATTGTCGTCA-1,0.00005,0.833065,0.00005,0.075235,0.091296,0.00005,0.000101,0.00005,0.000101
AAGTCTAGTAGCTGCC-1,0.000015,0.004096,0.046241,0.014618,0.085772,0.159759,0.12423,0.277854,0.287414
AAGTCTTCTGTGGCCT-1,0.000123,0.000123,0.204977,0.228504,0.000123,0.031248,0.270686,0.246728,0.017487
AAGTGACGACCGAATT-1,0.000057,0.000057,0.070539,0.2614,0.000057,0.079363,0.290558,0.000057,0.297912
AAGTGAGTCGGGTTTA-1,0.00003,0.048939,0.00003,0.159021,0.00003,0.058541,0.410132,0.260139,0.063138
AAGTGCAAAGGTAGAC-1,0.000044,0.000044,0.340158,0.208432,0.340209,0.000044,0.022548,0.088432,0.000088
AAGTGCCTTGACTGTA-1,0.000088,0.409425,0.045175,0.394758,0.088332,0.000088,0.000176,0.000088,0.06187
AAGTGCGTTAGAATCT-1,0.000018,0.000018,0.000018,0.029825,0.06031,0.403601,0.198523,0.000311,0.307377
AAGTGCTTCTCTATTG-1,0.000012,0.107268,0.144954,0.148643,0.000644,0.000051,0.00179,0.235095,0.361542
AAGTGTTTGGAGACGG-1,0.000068,0.841214,0.000068,0.120626,0.037615,0.000068,0.000136,0.000068,0.000136
AAGTTCACTCCAAGCT-1,0.000085,0.845789,0.000085,0.039335,0.114194,0.000085,0.000171,0.000085,0.000171
AAGTTCAGTCTGCGTA-1,0.000033,0.020755,0.094916,0.23056,0.187841,0.283352,0.06384,0.007956,0.110745
AAGTTCGGCCAACAGG-1,0.000019,0.003674,0.129065,0.080083,0.193118,0.02394,0.446893,0.002269,0.120939
AAGTTGTGATGTTATA-1,0.000031,0.299736,0.070695,0.121194,0.000031,0.000031,0.100788,0.158469,0.249025
AAGTTTACTAATGGCA-1,0.000724,0.053182,0.031121,0.001323,0.243503,0.201147,0.184034,0.023869,0.261098
AAGTTTATGGGCCCAA-1,0.000777,0.471998,0.00195,0.030703,0.000028,0.000105,0.070171,0.19616,0.228109
AATAACAACGCTCGGC-1,0.000018,0.000018,0.082965,0.000257,0.385694,0.23192,0.124708,0.0174,0.15702
AATAACACTAGAACAA-1,0.000021,0.01048,0.000021,0.327435,0.104581,0.047112,0.375133,0.000021,0.135196
AATAACGTCGCGCCCA-1,0.000011,0.151339,0.003812,0.22235,0.000011,0.003902,0.023185,0.532495,0.062894
AATAAGTCCTCGAGAC-1,0.000014,0.000014,0.000014,0.024832,0.026924,0.799954,0.053506,0.026335,0.068406
AATAATCTTCGTATCG-1,0.000036,0.013702,0.021972,0.424649,0.055459,0.083338,0.033612,0.108544,0.258688
AATACAATGTTTCAGG-1,0.0001,0.0001,0.191694,0.370973,0.380757,0.0001,0.000201,0.055874,0.000201
AATACCGGAGGGCTGT-1,0.000011,0.000011,0.392525,0.148771,0.032272,0.049697,0.004014,0.093711,0.278988
AATACCTGATGTGAAC-1,0.000021,0.947596,0.000021,0.000021,0.000021,0.003387,0.000043,0.000021,0.048867
AATAGAACAGAGTGGC-1,0.00002,0.00002,0.078444,0.182838,0.027351,0.299693,0.335164,0.00253,0.073939
AATAGAATCTGTTTCA-1,0.000048,0.662273,0.073434,0.01377,0.207202,0.000048,0.043079,0.000048,0.000097
AATAGCAAGCCTCCTG-1,0.000032,0.004367,0.000032,0.045579,0.052261,0.292548,0.024056,0.00086,0.580265
AATAGCTACCGCGTGC-1,0.000033,0.119352,0.06095,0.167064,0.036807,0.127039,0.226134,0.098837,0.163784
AATAGGCACGACCCTT-1,0.000014,0.000014,0.229934,0.126424,0.000014,0.000014,0.001088,0.631068,0.011427
AATAGTCCGTCCCGAC-1,0.000023,0.000023,0.000023,0.110513,0.000023,0.104504,0.47168,0.09233,0.220879
AATAGTCGCGAGTCGG-1,0.000073,0.028848,0.05358,0.574493,0.342569,0.000073,0.000145,0.000073,0.000145
AATATCAAGGTCGGAT-1,0.000073,0.000073,0.182543,0.317353,0.39528,0.000073,0.104383,0.000073,0.000147
AATATCCTAGCAAACT-1,0.000146,0.000146,0.242317,0.756365,0.000146,0.000146,0.000293,0.000146,0.000293
AATATCGAATCAATGC-1,0.00008,0.213147,0.201703,0.19087,0.00008,0.00008,0.046561,0.239308,0.108173
AATATCGAGGGTTCTC-1,0.00004,0.131622,0.066389,0.199728,0.036628,0.011345,0.44182,0.000701,0.111726
AATATTGGAGTATTGA-1,0.000049,0.033107,0.047908,0.193007,0.262453,0.094648,0.168895,0.000049,0.199885
AATCAGGTTTCATTTA-1,0.000006,0.000006,0.058161,0.000006,0.000006,0.000533,0.000012,0.908072,0.033198
AATCATGTAAAGACTC-1,0.000037,0.708899,0.000037,0.010869,0.000037,0.005161,0.123028,0.000397,0.151534
AATCCAAGGGCCTGAG-1,0.000038,0.000038,0.000038,0.044763,0.221071,0.346531,0.380442,0.000038,0.007042
AATCCCGCTCAGAGCC-1,0.000694,0.199275,0.060632,0.197599,0.001234,0.012164,0.036788,0.23782,0.253795
AATCGAGGTCTCAAGG-1,0.000021,0.943791,0.031108,0.000021,0.000021,0.000021,0.000042,0.024932,0.000042
AATCGCCTCAGCGCCA-1,0.000029,0.411335,0.066576,0.011816,0.121046,0.025849,0.312894,0.00611,0.044345
AATCGCGCAGAGGACT-1,0.000017,0.033291,0.004017,0.032229,0.000017,0.009071,0.33481,0.444252,0.142296
AATCGGGACACTACGA-1,0.000044,0.000044,0.000044,0.071007,0.183095,0.183219,0.312296,0.000044,0.250206
AATCGGTATAGCCCTC-1,0.142257,0.226525,0.216226,0.0782,0.000022,0.000022,0.002101,0.261333,0.073313
AATCGTGAGCCGAGCA-1,0.00002,0.950511,0.000473,0.00002,0.00002,0.00002,0.00004,0.04885,0.000047
AATCTAGGTTTACTTG-1,0.002475,0.000017,0.116367,0.000017,0.000017,0.014375,0.267191,0.056947,0.542593
AATCTATGCCGGAGCC-1,0.000027,0.000027,0.000027,0.039617,0.000027,0.028682,0.591661,0.079071,0.26086
AATCTCTACTGTGGTT-1,0.000039,0.000039,0.071648,0.396449,0.243903,0.000039,0.097621,0.000039,0.190223
AATCTGCGTTGGGACG-1,0.000045,0.651278,0.000045,0.050267,0.298096,0.000045,0.00009,0.000045,0.00009
AATCTGGCTTTCTAGT-1,0.000019,0.000019,0.217574,0.000019,0.016854,0.001223,0.318977,0.014278,0.431037
AATCTGGGTAGACCCT-1,0.000041,0.009014,0.000041,0.175246,0.215174,0.053121,0.018461,0.096488,0.432415
AATGACAGCAATGTCT-1,0.000025,0.045221,0.046594,0.01399,0.258695,0.087838,0.389691,0.024365,0.133581
AATGACGTAGGATGTC-1,0.000023,0.672591,0.06603,0.000023,0.187448,0.000023,0.073791,0.000023,0.000047
AATGACTGTCAGCCGG-1,0.000031,0.034922,0.000031,0.081008,0.157306,0.097566,0.617663,0.010737,0.000736
AATGAGTTCGCATATG-1,0.000081,0.000081,0.021302,0.476589,0.501458,0.000081,0.000163,0.000081,0.000163
AATGATGATACGCTAT-1,0.000045,0.13181,0.007457,0.18213,0.240753,0.000045,0.379594,0.000045,0.058123
AATGATGCGACTCCTG-1,0.000029,0.053705,0.113685,0.013281,0.000029,0.07336,0.390181,0.273565,0.082166
AATGCAACCGGGTACC-1,0.000028,0.004795,0.000028,0.157741,0.054142,0.022605,0.660781,0.000028,0.099853
AATGCACCAAGCAATG-1,0.000034,0.000034,0.00282,0.236222,0.113623,0.07733,0.464837,0.021368,0.083733
AATGGCCGCCAATGCG-1,0.00002,0.037118,0.187423,0.091478,0.267169,0.015172,0.143144,0.007724,0.250752
AATGGTCCACCGTTCA-1,0.000076,0.000076,0.023904,0.584053,0.311368,0.000076,0.02038,0.034567,0.025499
AATGGTTCTCACAAGC-1,0.000034,0.000034,0.044608,0.01816,0.594221,0.071596,0.041813,0.000034,0.2295
AATGTATGGCACTGTA-1,0.000049,0.040319,0.211272,0.717753,0.001613,0.000049,0.000309,0.000049,0.028587
AATGTGCCCGAGGTGT-1,0.000018,0.000018,0.049642,0.000574,0.035521,0.387351,0.092694,0.131705,0.302478
AATGTGCTAATCTGAG-1,0.000008,0.000008,0.250765,0.007932,0.000008,0.013672,0.023096,0.653001,0.051509
AATGTTAAGACCCTGA-1,0.000026,0.900794,0.098971,0.000026,0.000026,0.000026,0.000052,0.000026,0.000052
AATGTTGTCGTGAGAC-1,0.000036,0.219237,0.025024,0.440762,0.010578,0.000036,0.09568,0.15245,0.056198
AATTAAAGGTCGGCGT-1,0.000018,0.042368,0.000018,0.010116,0.150542,0.258204,0.429365,0.001861,0.107509
AATTAACGGATTTCCA-1,0.037229,0.06514,0.000029,0.04838,0.000029,0.063735,0.39418,0.246664,0.144614
AATTACGAGACCCATC-1,0.000076,0.039727,0.201947,0.090849,0.000076,0.117139,0.329621,0.081147,0.139419
AATTAGCGCTGCAGCG-1,0.000051,0.20427,0.020887,0.457032,0.135512,0.000051,0.182044,0.000051,0.000102
AATTATACCCAGCAAG-1,0.000027,0.720601,0.279156,0.000027,0.000027,0.000027,0.000054,0.000027,0.000054
AATTCATAAGGGATCT-1,0.00004,0.151339,0.00004,0.128298,0.024296,0.088035,0.501402,0.003874,0.102677
AATTCATTGTCATGCA-1,0.000032,0.030557,0.456753,0.2122,0.020101,0.000032,0.060111,0.000032,0.220182
AATTCCAAGCATGTAC-1,0.00002,0.020274,0.00002,0.010152,0.00002,0.089597,0.277091,0.321284,0.281543
AATTCGATTCGAGGAT-1,0.000041,0.926471,0.073156,0.000041,0.000041,0.000041,0.000083,0.000041,0.000083
AATTCTAGAGTTAGGC-1,0.000053,0.391455,0.000053,0.256888,0.003023,0.000053,0.34139,0.000053,0.007031
AATTGAACGCTCTGGT-1,0.000084,0.755264,0.000084,0.163082,0.000085,0.000084,0.081062,0.000084,0.000169
AATTGCAGCAATCGAC-1,0.000019,0.713659,0.119477,0.000019,0.000019,0.017216,0.015988,0.117024,0.01658
AATTGCGTGGATTACA-1,0.000044,0.046917,0.600512,0.352223,0.000044,0.000044,0.000087,0.000044,0.000087
AATTGTGGTTGCCAAA-1,0.000013,0.044895,0.003173,0.180395,0.000013,0.061588,0.060639,0.273597,0.375687
AATTTGGGACATAGTA-1,0.000023,0.014882,0.000023,0.009499,0.118951,0.289219,0.344822,0.118232,0.10435
AATTTGGTTCCAAAGA-1,0.000045,0.097081,0.007656,0.194019,0.605457,0.007369,0.088238,0.000045,0.00009
ACAAACCATGCGTCCT-1,0.000012,0.000012,0.169369,0.062249,0.025658,0.003313,0.080118,0.000268,0.659001
ACAAACCGACAAGGCG-1,0.000472,0.000017,0.000017,0.100024,0.054154,0.170466,0.013035,0.002929,0.658886
ACAAACTCCATCAGAG-1,0.000007,0.028571,0.002495,0.044964,0.00234,0.040857,0.023675,0.383176,0.473914
ACAAAGAAGGTAGGCC-1,0.000153,0.021394,0.267188,0.260598,0.000153,0.000153,0.190171,0.212563,0.047626
ACAAAGCATGACCTAG-1,0.000015,0.462496,0.06106,0.000015,0.000015,0.005891,0.079368,0.219825,0.171313
ACAAATCGCACCGAAT-1,0.000029,0.956207,0.000029,0.000029,0.043533,0.000029,0.000058,0.000029,0.000058
ACAAATGGTAGTGTTT-1,0.000034,0.870392,0.000034,0.000034,0.1293,0.000034,0.000069,0.000034,0.000069
ACAAATTCAGATCTGA-1,0.000031,0.000031,0.000031,0.018784,0.020312,0.232378,0.232702,0.01894,0.476791
ACAACAGCATGAGCTA-1,0.000042,0.526214,0.032537,0.03465,0.389711,0.000042,0.01668,0.000042,0.000083
ACAACGGTCCCTGCGA-1,0.000057,0.000057,0.000057,0.112865,0.768594,0.029725,0.009999,0.053895,0.024752
ACAAGCAGTGCCTAGC-1,0.000017,0.000017,0.000017,0.035614,0.033124,0.731648,0.047456,0.05697,0.095136
ACAAGCTATATGGAAG-1,0.000069,0.034752,0.200301,0.597092,0.091602,0.000069,0.075907,0.000069,0.000138
ACAAGGAAATCCGCCC-1,0.000021,0.637474,0.000021,0.000021,0.000021,0.025681,0.231201,0.091215,0.014345
ACAAGGACAAGAGGTT-1,0.000016,0.000016,0.000016,0.007521,0.276051,0.477685,0.170328,0.000016,0.068349
ACAAGGATGCTTTAGG-1,0.000033,0.811794,0.187907,0.000033,0.000033,0.000033,0.000066,0.000033,0.000066
ACAAGGCCTACCAGCC-1,0.000023,0.000023,0.146337,0.015318,0.217578,0.00579,0.016581,0.000023,0.598329
ACAAGGGCAGGCTCTG-1,0.000942,0.708524,0.000041,0.000041,0.290203,0.000041,0.000083,0.000041,0.000083
ACAAGTAATTGTAAGG-1,0.000027,0.000027,0.188589,0.235489,0.16602,0.000027,0.013819,0.000027,0.395975
ACAATAGTCGTACGTT-1,0.000063,0.000063,0.000063,0.383457,0.158996,0.000625,0.309996,0.000063,0.146672
ACAATCCATTTAAACC-1,0.000038,0.000038,0.000038,0.20031,0.426065,0.020443,0.232866,0.020058,0.100144
ACAATCGATCTTTATA-1,0.000046,0.000046,0.000046,0.15471,0.283781,0.275829,0.174682,0.000046,0.110813
ACAATGAATACGGAGA-1,0.000029,0.000029,0.000029,0.214968,0.116528,0.194607,0.201487,0.043608,0.228717
ACAATGATTCTTCTAC-1,0.000035,0.000035,0.000035,0.037573,0.146948,0.202819,0.0916,0.02727,0.493686
ACAATTGTGTCTCTTT-1,0.000042,0.735613,0.159098,0.000042,0.10495,0.000042,0.000085,0.000042,0.000085
ACAATTTAGGAGGCTC-1,0.000038,0.049302,0.170571,0.141239,0.561139,0.000038,0.047315,0.000038,0.030321
ACAATTTGAGCAGTGG-1,0.000086,0.343803,0.000086,0.3755,0.280012,0.000086,0.000171,0.000086,0.000171
ACAATTTGGCCATATT-1,0.00039,0.073851,0.000015,0.033267,0.000015,0.452823,0.041652,0.236802,0.161185
ACACAAAGACGGGTGG-1,0.000041,0.027414,0.000041,0.417495,0.020016,0.034907,0.487926,0.000041,0.012119
ACACAAATATTCCTAG-1,0.000021,0.027838,0.000021,0.03218,0.03642,0.20518,0.149511,0.107912,0.440919
ACACACCAGGACCAGT-1,0.000064,0.77482,0.000064,0.029994,0.194676,0.000064,0.000128,0.000064,0.000128
ACACACTTTCTACACG-1,0.000026,0.000026,0.086757,0.004235,0.217984,0.116121,0.43088,0.128909,0.015062
ACACATGATCAAATCT-1,0.000841,0.000009,0.223106,0.000009,0.000009,0.007354,0.114616,0.286996,0.367061
ACACATTTCCGTAGAC-1,0.000053,0.625573,0.155596,0.114194,0.003176,0.000053,0.000105,0.089764,0.011486
ACACCACATAATTAGC-1,0.000012,0.064514,0.015029,0.040817,0.003538,0.098268,0.188736,0.282735,0.306351
ACACCCAGCATGCAGC-1,0.000039,0.000039,0.000039,0.243944,0.391898,0.090516,0.262664,0.000039,0.010821
ACACCCGAGAAATCCG-1,0.000028,0.000028,0.000028,0.01167,0.222406,0.066956,0.522347,0.000028,0.17651
ACACCGGTCTGACCGC-1,0.000623,0.000015,0.003475,0.000626,0.000015,0.001993,0.20767,0.084982,0.7006
ACACCTTAAGTAGGGC-1,0.000036,0.028565,0.000036,0.11231,0.411534,0.171765,0.268612,0.000036,0.007106
ACACCTTACTACTTGC-1,0.003897,0.146809,0.000076,0.768329,0.02615,0.000076,0.054437,0.000076,0.000152
ACACGAGACTCCTTCT-1,0.000036,0.252557,0.016554,0.03204,0.145644,0.012628,0.41193,0.000036,0.128574
ACACGGCACTATGCAT-1,0.000026,0.008942,0.000026,0.013973,0.146384,0.313156,0.344372,0.03813,0.134992
ACACGGGAACTTAGGG-1,0.000044,0.330974,0.000044,0.074438,0.31258,0.000896,0.263118,0.000044,0.017863
ACACGTAGGCCACAAG-1,0.000015,0.04857,0.047043,0.000023,0.000015,0.060135,0.242414,0.211782,0.390003
ACACTCCAATGTCACT-1,0.000054,0.000054,0.12653,0.140402,0.430397,0.011876,0.078488,0.1239,0.0883
ACACTGATCAAGGTGT-1,0.000032,0.185799,0.160332,0.217426,0.17391,0.022987,0.208047,0.0006,0.030867
ACACTGGGACAGTCGT-1,0.000032,0.081885,0.11716,0.411584,0.000231,0.098381,0.022969,0.190323,0.077436
ACAGAACTGAGAACAA-1,0.000019,0.003048,0.079315,0.008288,0.000019,0.021487,0.423011,0.24892,0.215892
ACAGATTAGGTTAGTG-1,0.000024,0.000024,0.01081,0.000024,0.172642,0.297614,0.213657,0.004187,0.301016
ACAGCATAGAGCCAGT-1,0.000023,0.000023,0.054371,0.01325,0.158402,0.413978,0.313265,0.004761,0.041927
ACAGCGACATTCTCAT-1,0.00006,0.92141,0.00006,0.054933,0.00006,0.00006,0.00012,0.020084,0.003214
ACAGCGCACCCGCAGC-1,0.000049,0.053497,0.000049,0.446428,0.245342,0.157981,0.087778,0.000049,0.008826
ACAGGCACGGATCCTT-1,0.000019,0.918688,0.01532,0.000019,0.000019,0.000019,0.000038,0.06584,0.000038
ACAGGCTTGCCCGACT-1,0.000043,0.626764,0.012334,0.061683,0.054889,0.001266,0.233106,0.000043,0.009874
ACAGGTGGAGGTGAGG-1,0.000013,0.010272,0.057294,0.050108,0.079445,0.219553,0.302509,0.05155,0.229256
ACAGGTGTGTTGTTGC-1,0.000811,0.304062,0.160347,0.408485,0.126088,0.000035,0.000069,0.000035,0.000069
ACAGTAATACAACTTG-1,0.000019,0.000019,0.054956,0.000019,0.15367,0.001695,0.250476,0.001661,0.537485
ACAGTATACCGTGGGA-1,0.000029,0.011405,0.000029,0.330173,0.275964,0.151124,0.042856,0.00403,0.18439
ACAGTGCAGCGCATTT-1,0.000014,0.067419,0.157941,0.145981,0.082446,0.031068,0.130133,0.057295,0.327703
ACATAAGTCGTGGTGA-1,0.000049,0.000049,0.079145,0.663931,0.048187,0.000049,0.034971,0.000049,0.173569
ACATAATAAGGCGGTG-1,0.000025,0.01577,0.000025,0.016306,0.161387,0.102237,0.61501,0.000025,0.089214
ACATACAATCAAGCGG-1,0.000015,0.825723,0.06363,0.000015,0.000015,0.000015,0.000031,0.104285,0.006269
ACATCAGCTGGGACGC-1,0.000023,0.000023,0.118639,0.128294,0.258233,0.000724,0.08842,0.037984,0.367659
ACATCCCGGCCATACG-1,0.000018,0.000018,0.009497,0.00516,0.000018,0.014789,0.634575,0.254499,0.081425
ACATCCTGGTAACTGT-1,0.000031,0.538458,0.000031,0.009946,0.091821,0.016765,0.155685,0.000031,0.187232
ACATCGATCGTTTACC-1,0.000059,0.230811,0.000059,0.264455,0.148289,0.000059,0.356089,0.000059,0.000118
ACATCGCAATATTCGG-1,0.000021,0.000021,0.132424,0.057803,0.087458,0.088825,0.0209,0.033618,0.578931
ACATCGGTCAGCCGCG-1,0.000027,0.000027,0.000027,0.152503,0.410305,0.055778,0.184499,0.000027,0.196807
ACATCGTATGCAATGG-1,0.000033,0.376262,0.045917,0.052964,0.319623,0.003987,0.201114,0.000033,0.000067
ACATCGTTAACCTAGT-1,0.000045,0.000045,0.000045,0.148501,0.340098,0.32746,0.13706,0.000045,0.046701
ACATCTCAACGCGTAA-1,0.000036,0.000036,0.000036,0.105537,0.231929,0.208892,0.188859,0.000036,0.264638
ACATGCTTACGGCAGC-1,0.001325,0.000012,0.072968,0.000012,0.007575,0.001732,0.09889,0.254471,0.563015
ACATGGCGCCAAAGTA-1,0.00008,0.41897,0.00008,0.414025,0.083692,0.00008,0.082836,0.00008,0.000159
ACATTAGTTTATATCC-1,0.00004,0.159038,0.063814,0.092249,0.10222,0.005214,0.454741,0.105554,0.01713
ACATTCGCGCGGAATA-1,0.000013,0.000013,0.039821,0.071279,0.000013,0.000013,0.014899,0.474583,0.399365
ACATTTGAAACCTAAC-1,0.000017,0.523081,0.003327,0.000017,0.000017,0.001927,0.071801,0.253185,0.146626
ACCAAACACCCAGCGA-1,0.000014,0.033773,0.000014,0.178581,0.134826,0.168781,0.129009,0.06143,0.29357
ACCAAACTAGAAATCC-1,0.000027,0.000027,0.014674,0.064706,0.327435,0.162199,0.215609,0.016537,0.198786
ACCAACACCACACACT-1,0.000022,0.037849,0.000022,0.072499,0.012913,0.094183,0.381876,0.096058,0.304578
ACCAACCGCACTCCAC-1,0.000023,0.633186,0.017559,0.000023,0.000023,0.000023,0.000047,0.065743,0.283372
ACCAACGCTTATTTAT-1,0.000017,0.019345,0.014504,0.035444,0.015493,0.269539,0.367921,0.082068,0.195668
ACCAAGAACGCGTGTC-1,0.000025,0.127324,0.000025,0.078912,0.054617,0.407285,0.329425,0.000025,0.002362
ACCAAGTCATCGGCAG-1,0.000033,0.672364,0.027928,0.077468,0.00821,0.000033,0.031811,0.022247,0.159905
ACCAATATGCAAGTTA-1,0.000061,0.8864,0.000061,0.085672,0.027442,0.000061,0.000121,0.000061,0.000121
ACCACAACTCAGAACA-1,0.000028,0.000028,0.049575,0.113212,0.114221,0.050108,0.436855,0.009253,0.226721
ACCACAAGTTTCTATC-1,0.000029,0.000029,0.01644,0.087743,0.414573,0.053065,0.300025,0.000029,0.128068
ACCACACGGTTGATGG-1,0.000026,0.989739,0.000026,0.000026,0.000026,0.000026,0.000053,0.010024,0.000053
ACCACCAATGTAACAA-1,0.00006,0.317747,0.00006,0.417587,0.117128,0.00006,0.025623,0.00006,0.121673
ACCACCCTCTCTTCTA-1,0.000011,0.039882,0.082885,0.001151,0.035776,0.067102,0.009907,0.105436,0.657849
ACCACGTGCAGCTATA-1,0.000042,0.891118,0.000042,0.000042,0.108503,0.000042,0.000084,0.000042,0.000084
ACCAGACCATAACAAC-1,0.00017,0.00017,0.17176,0.174151,0.110525,0.00017,0.194988,0.347725,0.000341
ACCAGCCCGGTCTTTG-1,0.000015,0.000015,0.163096,0.000015,0.139017,0.356773,0.095496,0.039717,0.205857
ACCAGGAGTGTGATCT-1,0.000048,0.000048,0.000048,0.15492,0.27392,0.246006,0.240019,0.000048,0.084942
ACCAGTGCCCGGTCAA-1,0.000644,0.013031,0.209754,0.043353,0.177809,0.28748,0.097636,0.00192,0.168373
ACCAGTGCGGGAGACG-1,0.000033,0.680642,0.000033,0.000033,0.062966,0.002552,0.251759,0.000033,0.001947
ACCATATCCGCAATAA-1,0.000036,0.192438,0.055449,0.298265,0.056361,0.005263,0.358525,0.033589,0.000072
ACCATCCGCCAACTAG-1,0.000025,0.000025,0.0346,0.131694,0.121323,0.02223,0.237399,0.000025,0.452679
ACCATCGTATATGGTA-1,0.00616,0.021857,0.000027,0.038009,0.131613,0.192729,0.571306,0.013036,0.025262
ACCCAACGCCCGTGGC-1,0.000035,0.406636,0.000035,0.079698,0.208494,0.06656,0.143746,0.028742,0.066053
ACCCACCTACATGCTC-1,0.000022,0.033574,0.003311,0.000959,0.144837,0.552749,0.080764,0.021963,0.161821
ACCCATCTTGAGGGTA-1,0.000025,0.003617,0.000025,0.047257,0.28724,0.108526,0.350775,0.056386,0.14615
ACCCATTTGTCCCTCT-1,0.000044,0.86258,0.000235,0.047458,0.000044,0.015041,0.000088,0.041678,0.032833
ACCCGAGCGAAATTAC-1,0.000026,0.000026,0.0144,0.445197,0.036246,0.018246,0.02015,0.020886,0.444824
ACCCGATTGGTTCCGA-1,0.000005,0.000005,0.021734,0.000005,0.000005,0.136071,0.00151,0.509311,0.331356
ACCCGGAAACTCCCAG-1,0.000028,0.126149,0.168416,0.089796,0.010534,0.028898,0.398108,0.000028,0.178044
ACCCGGAGCACCACAA-1,0.00002,0.070871,0.00002,0.270144,0.00002,0.019685,0.17937,0.119476,0.340393
ACCCGGATGACGCATC-1,0.000071,0.600641,0.000071,0.139109,0.259684,0.000071,0.000141,0.000071,0.000141
ACCCGGTTACACTTCC-1,0.000026,0.000026,0.005526,0.202347,0.112692,0.07922,0.503358,0.000026,0.096777
ACCCGTAGCAGAGAAT-1,0.000041,0.000041,0.873412,0.126222,0.000041,0.000041,0.000081,0.000041,0.000081
ACCCGTAGTCTAGTTG-1,0.000019,0.022585,0.028457,0.293491,0.010575,0.072774,0.049142,0.385825,0.137133
ACCCGTGTCATCAGTA-1,0.000025,0.000025,0.042408,0.095681,0.001932,0.13246,0.463266,0.217832,0.046371
ACCCTATAGGACTGAG-1,0.000046,0.000046,0.067436,0.000046,0.512483,0.082488,0.239808,0.000046,0.097599
ACCCTATGCCATATCG-1,0.000029,0.074096,0.000029,0.072077,0.128892,0.139826,0.339933,0.01495,0.230167
ACCCTCCCGTCAGGGC-1,0.000025,0.98953,0.001226,0.000025,0.000025,0.000025,0.00005,0.009043,0.00005
ACCCTCCCTTGCTATT-1,0.000074,0.608246,0.219211,0.115139,0.012041,0.000074,0.044991,0.000074,0.000149
ACCCTGGTAACGCCCT-1,0.000025,0.002929,0.000025,0.168306,0.038388,0.143654,0.210056,0.033365,0.403252
