Barcode,Topic 1,Topic 2,Topic 3,Topic 4,Topic 5to10
AAACAACGAATAGTTC-1,0.101456,0.243665,0.026299,0.12121,0.507369
AAACAAGTATCTCCCA-1,0.000009,0.000009,0.000689,0.000364,0.998929
AAACACCAATAACTGC-1,0.103584,0.083355,0.1087,0.031445,0.672916
AAACAGAGCGACTCCT-1,0.252697,0.030687,0.00946,0.014849,0.692307
AAACAGCTTTCAGAAG-1,0.000828,0.065927,0.065028,0.003043,0.865173
AAACAGGGTCTATATT-1,0.035152,0.004953,0.04963,0.518962,0.391303
AAACAGTGTTCCTGGG-1,0.000019,0.188593,0.000019,0.16827,0.643099
AAACATGGTGAGAGGA-1,0.000589,0.000018,0.090131,0.199985,0.709278
AAACATTTCCCGGATT-1,0.111984,0.018208,0.146895,0.092832,0.630082
AAACCACTACACAGAT-1,0.104352,0.000027,0.059256,0.000027,0.836339
AAACCCGAACGAAATC-1,0.19924,0.01023,0.559284,0.035148,0.196098
AAACCGGAAATGTTAA-1,0.21074,0.097972,0.558525,0.000037,0.132727
AAACCGGGTAGGTACC-1,0.599761,0.010154,0.293684,0.000053,0.096347
AAACCGTTCGTCCAGG-1,0.361177,0.000033,0.069647,0.004826,0.564317
AAACCTAAGCAGCCGG-1,0.239364,0.391318,0.0018,0.000032,0.367485
AAACCTCATGAAGTTG-1,0.13194,0.098636,0.038079,0.108812,0.622533
AAACGAAGAACATACC-1,0.032936,0.966321,0.000093,0.000093,0.000558
AAACGAAGATGGAGTA-1,0.013627,0.000013,0.043693,0.008224,0.934443
AAACGACAGTCTTGCC-1,0.215289,0.007997,0.200965,0.248669,0.327079
AAACGAGACGGTTGAT-1,0.308214,0.005219,0.02093,0.000031,0.665606
AAACGCCCGAGATCGG-1,0.179759,0.000033,0.130793,0.006809,0.682607
AAACGCTGGGCACGAC-1,0.089631,0.127443,0.524083,0.000031,0.258811
AAACGGGCGTACGGGT-1,0.050698,0.001296,0.030374,0.000015,0.917618
AAACGGGTTGGTATCC-1,0.352908,0.638943,0.000085,0.000085,0.007979
AAACGGTTGCGAACTG-1,0.07827,0.301312,0.042491,0.479427,0.098501
AAACGTGTTCGCCCTA-1,0.088899,0.131595,0.545858,0.034411,0.199237
AAACTAACGTGGCGAC-1,0.517925,0.023039,0.356127,0.000041,0.102869
AAACTCGGTTCGCAAT-1,0.126845,0.050003,0.027142,0.795641,0.000369
AAACTCGTGATATAAG-1,0.355508,0.06148,0.037201,0.011473,0.534338
AAACTGCTGGCTCCAA-1,0.240207,0.43898,0.000028,0.206321,0.114463
AAACTTAATTGCACGC-1,0.031507,0.000016,0.121399,0.013362,0.833715
AAACTTGCAAACGTAT-1,0.351096,0.008309,0.073143,0.000028,0.567424
AAAGAATGACCTTAGA-1,0.000009,0.014238,0.004275,0.028294,0.953184
AAAGAATGTGGACTAA-1,0.000016,0.002686,0.114336,0.18503,0.697932
AAAGACATGAAGTTTA-1,0.003372,0.484382,0.270448,0.019737,0.222061
AAAGACCCAAGTCGCG-1,0.172463,0.164717,0.000055,0.071261,0.591504
AAAGACTGGGCGCTTT-1,0.00162,0.000021,0.008256,0.039741,0.950362
AAAGCTTGCCTACATA-1,0.463949,0.000037,0.531331,0.000037,0.004646
AAAGGCCCTATAATAC-1,0.125255,0.006136,0.13339,0.00002,0.735199
AAAGGCTACGGACCAT-1,0.611943,0.347996,0.039582,0.000068,0.00041
AAAGGCTCTCGCGCCG-1,0.11657,0.397708,0.043875,0.000069,0.441779
AAAGGGATGTAGCAAG-1,0.705834,0.012696,0.012026,0.000058,0.269385
AAAGGGCAGCTTGAAT-1,0.039117,0.000018,0.000018,0.10149,0.859358
AAAGGTAAGCTGTACC-1,0.444718,0.000047,0.215124,0.021727,0.318385
AAAGGTCAACGACATG-1,0.515571,0.068837,0.063801,0.000032,0.35176
AAAGTAGCATTGCTCA-1,0.120673,0.000451,0.103333,0.111297,0.664246
AAAGTCACTGATGTAA-1,0.357742,0.141037,0.000101,0.167476,0.333644
AAAGTCGACCCTCAGT-1,0.127631,0.027335,0.136945,0.000044,0.708045
AAAGTGCCATCAATTA-1,0.000016,0.02357,0.197572,0.59268,0.186161
AAAGTGTGATTTATCT-1,0.005056,0.103806,0.12764,0.00004,0.763459
AAAGTTGACTCCCGTA-1,0.003096,0.000019,0.015804,0.000019,0.981063
AAATAACCATACGGGA-1,0.196563,0.000029,0.006708,0.06914,0.72756
AAATAAGGTAGTGCCC-1,0.043812,0.000024,0.213498,0.541056,0.201611
AAATACCTATAAGCAT-1,0.039462,0.015916,0.000013,0.000013,0.944596
AAATAGCTTAGACTTT-1,0.099158,0.43855,0.071691,0.032382,0.35822
AAATAGGGTGCTATTG-1,0.052519,0.096814,0.000017,0.000017,0.850634
AAATCACTCCTAAACG-1,0.12993,0.283499,0.002292,0.517116,0.067162
AAATCCGATACACGCC-1,0.066335,0.177413,0.024922,0.026051,0.705279
AAATCGCGGAAGGAGT-1,0.036191,0.036438,0.133248,0.102246,0.691876
AAATCGTGTACCACAA-1,0.01239,0.925261,0.000078,0.061803,0.000468
AAATCTAGCCCTGCTA-1,0.010479,0.005088,0.008981,0.065715,0.909737
AAATCTGCCCGCGTCC-1,0.030474,0.000038,0.369105,0.000038,0.600344
AAATGACTGATCAAAC-1,0.000035,0.380399,0.000035,0.619321,0.000209
AAATGATTCGATCAGC-1,0.227209,0.107013,0.329377,0.057651,0.27875
AAATGCTCGTTACGTT-1,0.283548,0.211601,0.000042,0.014202,0.490606
AAATGGCATGTCTTGT-1,0.280532,0.01712,0.000042,0.058319,0.643987
AAATGGCCCGTGCCCT-1,0.000007,0.000007,0.000007,0.012434,0.987545
AAATGGTCAATGTGCC-1,0.335972,0.288223,0.280827,0.000197,0.094782
AAATGTATCTTATCCC-1,0.000035,0.020278,0.030264,0.020414,0.929009
AAATTAACGGGTAGCT-1,0.75997,0.239361,0.000084,0.000084,0.000502
AAATTAATAAGCGCGA-1,0.00001,0.0028,0.00001,0.02362,0.97356
AAATTACACGACTCTG-1,0.543016,0.197036,0.000053,0.000053,0.259841
AAATTACCTATCGATG-1,0.596538,0.175221,0.045827,0.000049,0.182364
AAATTCCAGGTCCAAA-1,0.296142,0.159536,0.310822,0.165763,0.067737
AAATTGATAGTCCTTT-1,0.245209,0.082364,0.041771,0.000035,0.630621
AAATTGCGGCGGTTCT-1,0.415732,0.583274,0.000124,0.000124,0.000746
AAATTGGTGAGAAGCA-1,0.094052,0.097223,0.166848,0.154193,0.487684
AAATTTACCGAAATCC-1,0.191084,0.000022,0.012923,0.012936,0.783034
AAATTTGCGGGTGTGG-1,0.276435,0.253296,0.128122,0.000055,0.342092
AACAACTGGTAGTTGC-1,0.598282,0.095116,0.000059,0.000059,0.306484
AACAATACATTGTCGA-1,0.377204,0.170791,0.031884,0.000035,0.420086
AACAATTACTCTACGC-1,0.458068,0.000045,0.026263,0.208113,0.307511
AACACACGCTCGCCGC-1,0.045755,0.029491,0.121408,0.021093,0.782253
AACACGACTGTACTGA-1,0.896093,0.08757,0.000134,0.000134,0.016069
AACACGAGACGCGGCC-1,0.232789,0.00005,0.256502,0.014686,0.495974
AACACGCGGCCGCGAA-1,0.029935,0.569773,0.042473,0.326425,0.031392
AACAGCTGTGTGGCAA-1,0.412259,0.167895,0.057452,0.000047,0.362347
AACAGGAAATCGAATA-1,0.76219,0.000073,0.014611,0.110804,0.112322
AACAGGATGGGCCGCG-1,0.237164,0.025344,0.000029,0.000029,0.737433
AACAGGTAGTATGGAT-1,0.035582,0.000014,0.190789,0.000014,0.773601
AACATAGCGTGTATCG-1,0.118755,0.211182,0.307548,0.130479,0.232036
AACATATCAACTGGTG-1,0.541845,0.010084,0.269896,0.00006,0.178115
AACATCGATACGTCTA-1,0.220621,0.007159,0.18073,0.305355,0.286135
AACATTGAAGTTGATC-1,0.076433,0.010839,0.062703,0.000019,0.850007
AACATTGGTCAGCCGT-1,0.551891,0.396799,0.050385,0.000132,0.000793
AACATTGTGACTCGAG-1,0.031259,0.958886,0.000042,0.000042,0.00977
AACCAAGACTTCTCTG-1,0.379344,0.092425,0.055686,0.00004,0.472506
AACCAGTATCACTCTT-1,0.048921,0.169748,0.000016,0.049754,0.731561
AACCATAGGGTTGAAC-1,0.072138,0.000016,0.062476,0.213689,0.651682
AACCATGGGATCGCTA-1,0.793911,0.164726,0.000073,0.000073,0.041216
AACCCAGAGACGGAGA-1,0.292827,0.70631,0.000108,0.000108,0.000647
AACCCATCCCATGATC-1,0.11581,0.092662,0.061769,0.000021,0.729739
AACCCGACAACCCGTG-1,0.072381,0.215704,0.032523,0.103079,0.576312
AACCCGAGCAGAATCG-1,0.005826,0.02846,0.138158,0.040338,0.787219
AACCCGATAGGGCTTC-1,0.473468,0.000056,0.368081,0.000056,0.15834
AACCCGCTGTATTCCA-1,0.214034,0.220011,0.000957,0.099615,0.465384
AACCCTACTGTCAATA-1,0.00437,0.000013,0.004611,0.047684,0.94332
AACCCTGGTGGAACCA-1,0.588234,0.039747,0.000044,0.000044,0.371931
AACCGAGCTTGGTCAT-1,0.188936,0.002183,0.012702,0.02745,0.768728
AACCGCTAAGGGATGC-1,0.006114,0.040567,0.017273,0.002662,0.933385
AACCGTTGTGTTTGCT-1,0.694426,0.163955,0.000087,0.046605,0.094927
AACCTCGCTTTAGCCC-1,0.012034,0.000015,0.007619,0.000015,0.980317
AACCTGTCACGGAATT-1,0.385135,0.000053,0.508526,0.098158,0.008128
AACCTTTAAATACGGT-1,0.274289,0.136821,0.00002,0.00002,0.588851
AACCTTTACGACGTCT-1,0.3334,0.07193,0.000037,0.024283,0.57035
AACGAAAGTCGTCCCA-1,0.004593,0.143355,0.00762,0.032074,0.812359
AACGACCTCCTAGCCG-1,0.000038,0.059814,0.4561,0.009637,0.474411
AACGATAATGCCGTAG-1,0.290384,0.014949,0.014978,0.142673,0.537015
AACGATAGAAGGGCCG-1,0.029847,0.713053,0.000167,0.255934,0.001
AACGATATGTCAACTG-1,0.752257,0.048835,0.012645,0.000061,0.186203
AACGCATGATCTGGGT-1,0.006923,0.000028,0.106284,0.48375,0.403015
AACGCGAACGGCAACA-1,0.398703,0.449759,0.000057,0.000057,0.151422
AACGCGACCTTGGGCG-1,0.007807,0.492348,0.000031,0.000031,0.499783
AACGCGGTCTCCAGCC-1,0.49391,0.169381,0.028319,0.137133,0.171258
AACGCTGTTGCTGAAA-1,0.115904,0.033205,0.014317,0.024626,0.811948
AACGGACGTACGTATA-1,0.213791,0.028431,0.086397,0.022536,0.648845
AACGGCCATCTCCGGT-1,0.162886,0.027935,0.016788,0.000025,0.792366
AACGTACTGTGGGTAC-1,0.234845,0.000033,0.000675,0.000033,0.764414
AACGTCAGACTAGTGG-1,0.793955,0.103934,0.000068,0.000068,0.101976
AACGTCATCCGGCTTG-1,0.000113,0.228772,0.067308,0.703126,0.00068
AACGTCGCTGCACTTC-1,0.025963,0.093044,0.387211,0.000035,0.493748
AACGTGATGAAGGACA-1,0.165379,0.000031,0.000071,0.173779,0.660741
AACGTGCGAAAGTCTC-1,0.21832,0.152159,0.009171,0.096253,0.524098
AACGTTATCAGCACCT-1,0.14681,0.066837,0.000041,0.000041,0.786271
AACGTTCTACCATTGT-1,0.001216,0.049837,0.393988,0.240587,0.314372
AACTACCCGTTTGTCA-1,0.10829,0.000023,0.330267,0.000023,0.561397
AACTAGGCTTGGGTGT-1,0.494067,0.46826,0.03712,0.000079,0.000474
AACTCAAGTTAATTGC-1,0.433553,0.280336,0.00307,0.021397,0.261645
AACTCCAGAGCGTGTT-1,0.087521,0.002798,0.006504,0.031883,0.871294
AACTCCTAATCCCATG-1,0.267697,0.015319,0.035144,0.000998,0.680842
AACTCGATAAACACGT-1,0.488807,0.385514,0.109712,0.000103,0.015864
AACTCGATGGCGCAGT-1,0.22599,0.000035,0.000035,0.041219,0.732722
AACTCTCAATAGAGCG-1,0.285184,0.178787,0.016944,0.000053,0.519032
AACTCTCAGTGTGCTC-1,0.321188,0.00905,0.079375,0.002111,0.588277
AACTGAGGTCAGCGTC-1,0.234565,0.012465,0.036561,0.503089,0.213321
AACTGAGTTATACTGA-1,0.087179,0.125544,0.786798,0.000068,0.00041
AACTGATATTAGGCCT-1,0.562723,0.000077,0.016518,0.08854,0.332142
AACTGGGTCCCGACGT-1,0.852913,0.002322,0.000414,0.034803,0.109548
AACTGGGTTCGAGCCG-1,0.148269,0.002366,0.009243,0.131028,0.709095
AACTGGTGTGGGCCTT-1,0.065903,0.471612,0.000229,0.341428,0.120827
AACTTCTGCGTCTATC-1,0.67681,0.152584,0.015898,0.000094,0.154614
AACTTGCCCGTATGCA-1,0.074688,0.00198,0.000025,0.000025,0.923283
AACTTGCGTTCTCGCG-1,0.82622,0.068481,0.000045,0.000045,0.10521
AACTTTACGGGAGCTT-1,0.354892,0.045586,0.072038,0.000084,0.527399
AACTTTCTCGATCATG-1,0.264862,0.00004,0.63604,0.00004,0.099018
AAGAAAGTTTGATGGG-1,0.000024,0.000024,0.063261,0.632062,0.30463
AAGAAATCACCAGATT-1,0.108801,0.103097,0.477395,0.010203,0.300503
AAGAAGGATCAGTTAG-1,0.155783,0.006907,0.000027,0.000027,0.837256
AAGACATACGTGGTTT-1,0.000013,0.109589,0.011661,0.252736,0.626001
AAGACCAAATAACTCA-1,0.056707,0.001447,0.204076,0.031499,0.706271
AAGACCCAACTGAACA-1,0.442772,0.55668,0.000069,0.000069,0.000412
AAGACTAACCCGTTGT-1,0.12683,0.872494,0.000084,0.000084,0.000506
AAGACTCACGCCCACT-1,0.049796,0.056448,0.061657,0.053135,0.778964
AAGACTGCAAGCTACT-1,0.829874,0.017563,0.005817,0.000059,0.146686
AAGAGATGAATCGGTA-1,0.639446,0.037616,0.000042,0.000042,0.322855
AAGAGCTCTTTATCGG-1,0.145563,0.096366,0.000033,0.000033,0.758005
AAGAGGATGTACGCGA-1,0.455963,0.000067,0.241151,0.000067,0.302751
AAGAGGCATGGATCGC-1,0.268508,0.010417,0.026508,0.000041,0.694525
AAGAGGCCCTTTGGAA-1,0.007243,0.200908,0.469395,0.132186,0.190268
AAGATGGCACCGGACC-1,0.241205,0.224517,0.120555,0.153192,0.260531
AAGATTGGCGGAACGT-1,0.013059,0.079108,0.063173,0.000031,0.844628
AAGCACCCTGCGTATC-1,0.000527,0.000015,0.000015,0.032043,0.967401
AAGCATACTCTCCTGA-1,0.629168,0.057447,0.010396,0.054072,0.248917
AAGCCACTTGCAGGTA-1,0.034441,0.01106,0.248384,0.000035,0.706079
AAGCCGAAGCGGTTTA-1,0.01554,0.057176,0.131287,0.028967,0.767029
AAGCCGCCGTGAAATC-1,0.005479,0.000015,0.025242,0.173817,0.795448
AAGCCGCTTTACCTTG-1,0.000044,0.000044,0.556046,0.443601,0.000265
AAGCCGGAGAGCAGGA-1,0.00001,0.00001,0.008587,0.378003,0.613389
AAGCGCAGGGCTTTGA-1,0.581747,0.008981,0.045426,0.000034,0.363812
AAGCGGAGTGCGCGCA-1,0.05346,0.000031,0.307316,0.076365,0.562828
AAGCGGCGTCATGGGT-1,0.238396,0.325159,0.08836,0.000039,0.348046
AAGCGTCCCTCATCGA-1,0.138867,0.040096,0.006714,0.078338,0.735986
AAGCTAGATCGAGTAA-1,0.730632,0.016967,0.000041,0.000041,0.25232
AAGCTATGGATTGACC-1,0.002435,0.024799,0.088033,0.003124,0.881608
AAGCTCGTGCCAAGTC-1,0.365337,0.183889,0.039872,0.000067,0.410836
AAGCTCTTTCATGGTG-1,0.427198,0.000052,0.093271,0.000052,0.479427
AAGGAGCGGTTGGTGC-1,0.630661,0.302917,0.065525,0.000128,0.000769
AAGGATCGATCGCTTG-1,0.038973,0.134975,0.324494,0.338185,0.163373
AAGGATGAGGGACCTC-1,0.128033,0.00004,0.021111,0.250223,0.600593
AAGGCAGGCTGTCTCC-1,0.000009,0.078483,0.000404,0.383912,0.537191
AAGGCGCGTAAAGCTT-1,0.184196,0.056181,0.000026,0.027233,0.732364
AAGGCTGTGCTCATCG-1,0.35203,0.162956,0.000054,0.002047,0.482913
AAGGGAACGACTGGCT-1,0.000064,0.153816,0.167577,0.512988,0.165555
AAGGGACAGATTCTGT-1,0.40908,0.194299,0.078209,0.000054,0.318358
AAGGGACTATGCATTC-1,0.237594,0.019152,0.059242,0.232716,0.451296
AAGGGTTAGCCATGCG-1,0.000067,0.106056,0.422062,0.000067,0.471747
AAGGGTTTGATTTCAG-1,0.004876,0.000008,0.00314,0.114294,0.877681
AAGGTATCCTAATATA-1,0.188623,0.000024,0.022734,0.000024,0.788594
AAGGTGATAAACCAGC-1,0.011194,0.000014,0.019231,0.017149,0.952413
AAGTAGAAGACCGGGT-1,0.07543,0.307818,0.000096,0.178742,0.437914
AAGTAGTGACGCGAGG-1,0.628574,0.000062,0.071759,0.000062,0.299543
AAGTCAATTGTCGTCA-1,0.093264,0.021946,0.025404,0.009258,0.850128
AAGTCTAGTAGCTGCC-1,0.208159,0.000043,0.664179,0.000043,0.127576
AAGTCTTCTGTGGCCT-1,0.320662,0.000052,0.221158,0.000052,0.458077
AAGTGACGACCGAATT-1,0.031715,0.278427,0.000033,0.000033,0.689792
AAGTGAGTCGGGTTTA-1,0.762711,0.029204,0.002009,0.000046,0.20603
AAGTGCAAAGGTAGAC-1,0.000653,0.000028,0.024006,0.003431,0.971882
AAGTGCCTTGACTGTA-1,0.577102,0.000056,0.335551,0.000056,0.087235
AAGTGCGTTAGAATCT-1,0.107168,0.003641,0.012414,0.000025,0.876753
AAGTGCTTCTCTATTG-1,0.415402,0.093054,0.142984,0.000045,0.348516
AAGTGTTTGGAGACGG-1,0.355078,0.011517,0.037332,0.000045,0.596027
AAGTTCACTCCAAGCT-1,0.072223,0.377889,0.000018,0.000018,0.549851
AAGTTCAGTCTGCGTA-1,0.496431,0.011746,0.389731,0.020124,0.081968
AAGTTCGGCCAACAGG-1,0.145587,0.000034,0.05997,0.000034,0.794375
AAGTTGTGATGTTATA-1,0.01042,0.239771,0.058573,0.000026,0.69121
AAGTTTATGGGCCCAA-1,0.352101,0.084455,0.149522,0.167884,0.246037
AATAACAACGCTCGGC-1,0.391941,0.233386,0.042674,0.016752,0.315247
AATAACACTAGAACAA-1,0.032817,0.191626,0.000021,0.01418,0.761356
AATAACGTCGCGCCCA-1,0.000014,0.000014,0.066824,0.358934,0.574215
AATAAGTCCTCGAGAC-1,0.273515,0.666,0.000075,0.036067,0.024343
AATAATCTTCGTATCG-1,0.000025,0.000025,0.192872,0.278002,0.529076
AATACAATGTTTCAGG-1,0.053489,0.039162,0.00002,0.060459,0.84687
AATACCGGAGGGCTGT-1,0.219445,0.098722,0.197907,0.00003,0.483897
AATACCTGATGTGAAC-1,0.075356,0.062372,0.295988,0.005467,0.560816
AATAGAACAGAGTGGC-1,0.488032,0.000047,0.008039,0.000031,0.503851
AATAGAATCTGTTTCA-1,0.0729,0.000026,0.05049,0.083187,0.793397
AATAGCAAGCCTCCTG-1,0.099871,0.000034,0.3789,0.021613,0.499582
AATAGCTACCGCGTGC-1,0.690973,0.021636,0.25395,0.000036,0.033405
AATAGGCACGACCCTT-1,0.096299,0.232071,0.08382,0.000033,0.587777
AATAGTCCGTCCCGAC-1,0.000157,0.239197,0.000157,0.759545,0.000944
AATAGTCGCGAGTCGG-1,0.276326,0.000041,0.070691,0.000041,0.6529
AATATCCTAGCAAACT-1,0.000824,0.093928,0.01862,0.181891,0.704737
AATATCGAATCAATGC-1,0.079021,0.000022,0.141718,0.045251,0.733988
AATATCGAGGGTTCTC-1,0.587847,0.000064,0.325912,0.000064,0.086114
AATATTGGAGTATTGA-1,0.114349,0.208988,0.142424,0.316453,0.217786
AATCAGACTGCAGGAC-1,0.181783,0.396374,0.000111,0.000111,0.421622
AATCAGGTTTCATTTA-1,0.34137,0.011898,0.392361,0.000054,0.254317
AATCATGTAAAGACTC-1,0.080135,0.026773,0.098042,0.000033,0.795017
AATCCAAGGGCCTGAG-1,0.276344,0.182972,0.00005,0.091309,0.449325
AATCCATGCAAGGGTG-1,0.441297,0.438658,0.00007,0.00007,0.119906
AATCCCGCTCAGAGCC-1,0.000091,0.218434,0.136218,0.644713,0.000544
AATCGAGGTCTCAAGG-1,0.000062,0.11656,0.178102,0.177726,0.527551
AATCGCCTCAGCGCCA-1,0.340641,0.291686,0.05967,0.000049,0.307954
AATCGCGCAGAGGACT-1,0.121098,0.301957,0.206529,0.048591,0.321825
AATCGGGACACTACGA-1,0.217451,0.781797,0.000094,0.000094,0.000564
AATCGGTATAGCCCTC-1,0.000008,0.044964,0.000008,0.405915,0.549104
AATCGTGAGCCGAGCA-1,0.000028,0.095566,0.000028,0.221373,0.683004
AATCTAGGTTTACTTG-1,0.144991,0.016659,0.01457,0.00002,0.823758
AATCTATGCCGGAGCC-1,0.347602,0.016156,0.360494,0.162511,0.113237
AATCTCTACTGTGGTT-1,0.00094,0.202464,0.002228,0.017862,0.776506
AATCTGCGTTGGGACG-1,0.06663,0.117452,0.039647,0.000034,0.776238
AATCTGGCTTTCTAGT-1,0.000011,0.000011,0.000011,0.131923,0.868044
AATCTGGGTAGACCCT-1,0.073789,0.000023,0.0952,0.000023,0.830964
AATGACAGCAATGTCT-1,0.201926,0.037234,0.109143,0.000035,0.651662
AATGACGTAGGATGTC-1,0.18546,0.046712,0.097511,0.040453,0.629864
AATGACTGTCAGCCGG-1,0.356268,0.242774,0.0162,0.000109,0.38465
AATGAGTTCGCATATG-1,0.179837,0.000041,0.000041,0.021072,0.79901
AATGATGATACGCTAT-1,0.387632,0.034722,0.141788,0.153823,0.282035
AATGATGCGACTCCTG-1,0.437967,0.000067,0.265296,0.000067,0.296603
AATGCAACCGGGTACC-1,0.855022,0.106996,0.000076,0.000076,0.03783
AATGCACCAAGCAATG-1,0.294465,0.05592,0.215582,0.076176,0.357857
AATGGCCGCCAATGCG-1,0.182157,0.150781,0.009968,0.000041,0.657052
AATGGTCCACCGTTCA-1,0.117201,0.209598,0.001497,0.1102,0.561503
AATGGTTCTCACAAGC-1,0.332587,0.666952,0.000058,0.000058,0.000346
AATGTATGGCACTGTA-1,0.357764,0.095068,0.195141,0.000025,0.352002
AATGTGCCCGAGGTGT-1,0.103246,0.000026,0.010434,0.57579,0.310504
AATGTGCTAATCTGAG-1,0.615197,0.065674,0.208479,0.000039,0.110611
AATGTTAAGACCCTGA-1,0.188073,0.070542,0.336265,0.039693,0.365428
AATGTTGTCGTGAGAC-1,0.041782,0.118938,0.24363,0.13478,0.46087
AATTAAAGGTCGGCGT-1,0.570571,0.428814,0.000077,0.000077,0.000461
AATTAACGGATTTCCA-1,0.329985,0.640956,0.000046,0.000046,0.028968
AATTACGAGACCCATC-1,0.019047,0.000017,0.104546,0.034131,0.842259
AATTACTCGTACGCTC-1,0.135275,0.577591,0.000055,0.000055,0.287024
AATTAGCGCTGCAGCG-1,0.348874,0.425298,0.000051,0.225472,0.000306
AATTATACCCAGCAAG-1,0.000032,0.194556,0.121031,0.213615,0.470766
AATTCATAAGGGATCT-1,0.310045,0.248849,0.017652,0.102046,0.321408
AATTCATTGTCATGCA-1,0.111453,0.020268,0.134011,0.002436,0.731832
AATTCCAACTTGGTGA-1,0.527546,0.250061,0.221294,0.000157,0.000942
AATTCCAAGCATGTAC-1,0.000106,0.190804,0.000106,0.808348,0.000636
AATTCGATTCGAGGAT-1,0.189826,0.223001,0.002129,0.012479,0.572565
AATTCTAGAGTTAGGC-1,0.758749,0.016284,0.004388,0.034069,0.186511
AATTGAACGCTCTGGT-1,0.074863,0.326035,0.059001,0.08257,0.457531
AATTGCAGCAATCGAC-1,0.010987,0.053335,0.116744,0.027762,0.791173
AATTGCGTGGATTACA-1,0.048948,0.017338,0.093889,0.006735,0.833091
AATTGTGGTTGCCAAA-1,0.000009,0.000009,0.067,0.065971,0.867012
AATTTGGGACATAGTA-1,0.706892,0.000056,0.067815,0.000056,0.22518
AATTTGGTTCCAAAGA-1,0.283298,0.006869,0.000046,0.010624,0.699164
ACAAACCATGCGTCCT-1,0.004025,0.000008,0.033002,0.12845,0.834515
ACAAACTCCATCAGAG-1,0.000957,0.007951,0.006754,0.241933,0.742405
ACAAAGAAGGTAGGCC-1,0.000192,0.000012,0.020547,0.050772,0.928477
ACAAAGCATGACCTAG-1,0.079512,0.142871,0.150363,0.036749,0.590505
ACAAATCGCACCGAAT-1,0.390915,0.000917,0.033173,0.000034,0.574961
ACAAATGGTAGTGTTT-1,0.194271,0.010949,0.002693,0.000027,0.792059
ACAAATTCAGATCTGA-1,0.712625,0.004503,0.196661,0.019851,0.066361
ACAACAGCATGAGCTA-1,0.627275,0.02675,0.021493,0.000066,0.324416
ACAACGGTCCCTGCGA-1,0.128798,0.007292,0.000019,0.105908,0.757983
ACAAGCAGTGCCTAGC-1,0.41943,0.050149,0.037703,0.000046,0.492671
ACAAGCTATATGGAAG-1,0.02132,0.267061,0.001916,0.011622,0.698081
ACAAGGAAATCCGCCC-1,0.117796,0.629468,0.010328,0.067317,0.17509
ACAAGGACAAGAGGTT-1,0.25743,0.00002,0.008084,0.032516,0.70195
ACAAGGATGCTTTAGG-1,0.353623,0.064282,0.124645,0.000034,0.457416
ACAAGGCCTACCAGCC-1,0.000121,0.09103,0.48627,0.404139,0.01844
ACAAGGGCAGGCTCTG-1,0.390767,0.049671,0.199435,0.000068,0.360059
ACAAGTAATTGTAAGG-1,0.027071,0.083104,0.469439,0.002884,0.417501
ACAATAGTCGTACGTT-1,0.224866,0.138376,0.053958,0.098614,0.484186
ACAATCCATTTAAACC-1,0.458821,0.007239,0.01082,0.000035,0.523086
ACAATGAATACGGAGA-1,0.068843,0.03904,0.002183,0.000021,0.889913
ACAATGATTCTTCTAC-1,0.445092,0.033052,0.469356,0.000047,0.052453
ACAATTGTGTCTCTTT-1,0.025196,0.000049,0.139525,0.220436,0.614793
ACAATTTAGGAGGCTC-1,0.000019,0.012554,0.003716,0.030926,0.952785
ACAATTTGAGCAGTGG-1,0.201687,0.126754,0.000045,0.000031,0.671482
ACAATTTGGCCATATT-1,0.069813,0.628644,0.285495,0.000049,0.015999
ACACAAAGACGGGTGG-1,0.718315,0.231333,0.049674,0.000097,0.000582
ACACAAATATTCCTAG-1,0.000037,0.296727,0.313688,0.039646,0.349902
ACACACCAGGACCAGT-1,0.001623,0.000021,0.029538,0.215578,0.75324
ACACACTTTCTACACG-1,0.565573,0.157106,0.000086,0.159024,0.118211
ACACATGATCAAATCT-1,0.012724,0.00001,0.002791,0.473635,0.510839
ACACATTGACGCAACA-1,0.010175,0.391682,0.00004,0.303767,0.294337
ACACATTTCCGTAGAC-1,0.253906,0.178659,0.002621,0.203314,0.361499
ACACCACATAATTAGC-1,0.396978,0.001302,0.467313,0.046411,0.087997
ACACCCAGCATGCAGC-1,0.32228,0.213244,0.000109,0.119684,0.344684
ACACCCGAGAAATCCG-1,0.006285,0.58681,0.000037,0.000037,0.406832
ACACCCGTAAATCTGT-1,0.264984,0.23093,0.137773,0.056808,0.309505
ACACCGAGCGCTCTTT-1,0.05194,0.024253,0.00003,0.00003,0.923748
ACACCGGTCTGACCGC-1,0.083768,0.000022,0.1394,0.000022,0.776787
ACACCTTAAGTAGGGC-1,0.615411,0.383855,0.000092,0.000092,0.000551
ACACCTTACTACTTGC-1,0.066853,0.001603,0.128318,0.044668,0.758559
ACACGAGACTCCTTCT-1,0.120254,0.011139,0.000636,0.001343,0.866628
ACACGGCACTATGCAT-1,0.819448,0.071077,0.000092,0.04163,0.067752
ACACGGGAACTTAGGG-1,0.43675,0.000048,0.014929,0.007117,0.541156
ACACGTAGGCCACAAG-1,0.000229,0.003367,0.046653,0.14725,0.802502
ACACTCCAATGTCACT-1,0.527563,0.000065,0.000065,0.000065,0.472242
ACACTGATCAAGGTGT-1,0.510077,0.096164,0.000055,0.000055,0.393648
ACACTGGGACAGTCGT-1,0.170458,0.005164,0.284957,0.008276,0.531145
ACAGAACTGAGAACAA-1,0.075055,0.000533,0.006927,0.01103,0.906456
ACAGCATAGAGCCAGT-1,0.491191,0.507243,0.000196,0.000196,0.001175
ACAGCGACATTCTCAT-1,0.065075,0.000026,0.187519,0.001525,0.745854
ACAGCGCACCCGCAGC-1,0.377593,0.219628,0.000048,0.000048,0.402683
ACAGGAGGCGCAGCCG-1,0.070838,0.744237,0.074237,0.033535,0.077154
ACAGGCACGGATCCTT-1,0.004614,0.000023,0.206114,0.005351,0.783898
ACAGGCTTGCCCGACT-1,0.240223,0.059455,0.033596,0.025903,0.640823
ACAGGTGGAGGTGAGG-1,0.12907,0.261612,0.000025,0.000025,0.609269
ACAGGTGTGTTGTTGC-1,0.000029,0.003469,0.082758,0.581411,0.332333
ACAGTAATACAACTTG-1,0.395544,0.18901,0.118533,0.000031,0.296882
ACAGTATACCGTGGGA-1,0.378953,0.025457,0.425787,0.023476,0.146327
ACAGTGCAGCGCATTT-1,0.053543,0.526057,0.08812,0.228999,0.10328
ACATAAGTCGTGGTGA-1,0.121716,0.04383,0.127288,0.025191,0.681975
ACATAATAAGGCGGTG-1,0.522997,0.045259,0.007135,0.13332,0.291288
ACATACAATCAAGCGG-1,0.000008,0.00076,0.00131,0.056134,0.941787
ACATCAGCTGGGACGC-1,0.173509,0.000057,0.18595,0.042002,0.598481
ACATCCCGGCCATACG-1,0.361835,0.275499,0.000088,0.037142,0.325436
ACATCCTGGTAACTGT-1,0.135048,0.142621,0.371706,0.085578,0.265047
ACATCGATCGTTTACC-1,0.353856,0.013705,0.000048,0.314692,0.317698
ACATCGCAATATTCGG-1,0.003346,0.000024,0.04715,0.000024,0.949457
ACATCGGTCAGCCGCG-1,0.469027,0.073068,0.077307,0.048253,0.332345
ACATCGTATGCAATGG-1,0.342683,0.016584,0.110652,0.004739,0.525341
ACATCGTTAACCTAGT-1,0.359857,0.498043,0.000063,0.000063,0.141974
ACATCTCAACGCGTAA-1,0.230756,0.468232,0.225379,0.074879,0.000755
ACATGCTTACGGCAGC-1,0.000007,0.002549,0.000007,0.241554,0.755884
ACATGGCGCCAAAGTA-1,0.000423,0.000011,0.027672,0.120581,0.851313
ACATGGCTCAATTTAG-1,0.469111,0.001406,0.008241,0.000059,0.521182
ACATTAGTTTATATCC-1,0.804844,0.000131,0.123551,0.000131,0.071344
ACATTCGCGCGGAATA-1,0.000014,0.057583,0.00073,0.357426,0.584247
ACATTTGAAACCTAAC-1,0.000673,0.018568,0.00123,0.007269,0.97226
ACCAAACACCCAGCGA-1,0.173513,0.091151,0.197179,0.344958,0.193199
ACCAACACCACACACT-1,0.201939,0.067512,0.291018,0.200447,0.239085
ACCAACCGCACTCCAC-1,0.073157,0.141473,0.103235,0.007978,0.674157
ACCAACGCTTATTTAT-1,0.065446,0.55928,0.000087,0.374664,0.000523
ACCAAGAACGCGTGTC-1,0.000207,0.310336,0.000207,0.688007,0.001243
ACCAAGTCATCGGCAG-1,0.00002,0.167257,0.078449,0.106536,0.647738
ACCAATATGCAAGTTA-1,0.121641,0.000017,0.001058,0.000017,0.877268
ACCACAACTCAGAACA-1,0.52409,0.168376,0.016635,0.039186,0.251715
ACCACAAGTTTCTATC-1,0.537922,0.278412,0.010355,0.078178,0.095133
ACCACACGGTTGATGG-1,0.036092,0.000023,0.1085,0.157349,0.698035
ACCACCAATGTAACAA-1,0.683526,0.164765,0.133448,0.000027,0.018234
ACCACCCTCTCTTCTA-1,0.154962,0.000034,0.48654,0.234622,0.123842
ACCACGTGCAGCTATA-1,0.67552,0.007101,0.134709,0.000048,0.182621
ACCACTGTTCAAGAAG-1,0.274994,0.055255,0.201074,0.000076,0.468602
ACCAGACCATAACAAC-1,0.128357,0.024335,0.01095,0.011759,0.824599
ACCAGCCCGGTCTTTG-1,0.030497,0.968974,0.000066,0.000066,0.000397
ACCAGTGCCCGGTCAA-1,0.158897,0.264166,0.00701,0.167791,0.402136
ACCAGTGCGGGAGACG-1,0.016048,0.023019,0.036189,0.000024,0.924719
ACCATATCCGCAATAA-1,0.390181,0.609233,0.000073,0.000073,0.00044
ACCATCCGCCAACTAG-1,0.144841,0.031994,0.292621,0.201182,0.329362
ACCATCGTATATGGTA-1,0.334097,0.000056,0.010103,0.036098,0.619647
ACCATTAAGGGTGTCA-1,0.435178,0.088552,0.227712,0.00009,0.248468
ACCCAACGCCCGTGGC-1,0.363017,0.009278,0.035362,0.000039,0.592303
ACCCACCTACATGCTC-1,0.497091,0.000041,0.055815,0.000041,0.447011
ACCCATCTTGAGGGTA-1,0.374509,0.166858,0.016467,0.07431,0.367856
ACCCATTTGTCCCTCT-1,0.011777,0.022662,0.011428,0.058301,0.895832
ACCCGAGCGAAATTAC-1,0.317006,0.007645,0.13286,0.000028,0.542461
ACCCGATTGGTTCCGA-1,0.26837,0.113999,0.103974,0.002523,0.511134
ACCCGGAAACTCCCAG-1,0.211426,0.715167,0.000037,0.000037,0.073333
ACCCGGAGCACCACAA-1,0.059133,0.067582,0.559185,0.000034,0.314066
ACCCGGATGACGCATC-1,0.008051,0.225213,0.000023,0.000023,0.766689
ACCCGGTTACACTTCC-1,0.470793,0.476688,0.000075,0.000075,0.052369
ACCCGTAGCAGAGAAT-1,0.000031,0.002855,0.32187,0.301165,0.374079
ACCCGTAGTCTAGTTG-1,0.000016,0.009106,0.075305,0.108761,0.806812
ACCCGTGTCATCAGTA-1,0.509988,0.446866,0.042534,0.000087,0.000525
ACCCTATAGGACTGAG-1,0.183224,0.071366,0.000048,0.030687,0.714674
ACCCTATGCCATATCG-1,0.145964,0.010531,0.000193,0.001151,0.842161
ACCCTCCCGTCAGGGC-1,0.019945,0.002927,0.253498,0.004383,0.719246
ACCCTCCCTTGCTATT-1,0.300479,0.268487,0.188869,0.000057,0.24211
ACCCTGGTAACGCCCT-1,0.405033,0.000052,0.546464,0.000052,0.048398
ACCCTTCATCTGCGAA-1,0.590497,0.00008,0.00008,0.070344,0.338999
ACCCTTGCCTGGGTCG-1,0.000021,0.42758,0.021874,0.505824,0.044701
ACCCTTTAGTTCTCCA-1,0.577637,0.000466,0.0488,0.087917,0.285179
ACCGAAAGGGCCCTGC-1,0.214815,0.221033,0.000044,0.073793,0.490314
ACCGAAGAGTCTGGTT-1,0.09667,0.02614,0.034467,0.000014,0.842709
ACCGACACATCTCCCA-1,0.455699,0.506069,0.004205,0.000044,0.033983
ACCGACTGAGTCCCAC-1,0.068394,0.237016,0.000027,0.012872,0.68169
ACCGAGTCTCCTTATT-1,0.000032,0.003557,0.220899,0.022705,0.752807
ACCGATAGGCATAACC-1,0.034423,0.000013,0.108546,0.000013,0.857004
ACCGATATTTAATCAT-1,0.061663,0.04649,0.307014,0.584576,0.000256
ACCGATGGTAGCATCG-1,0.000014,0.000014,0.000014,0.010472,0.989486
ACCGCAATAACTGCCT-1,0.479635,0.052677,0.061609,0.000032,0.406048
ACCGCGGTGGAAGTCG-1,0.00732,0.206269,0.002506,0.042512,0.741393
ACCGCTAGTCATTGGT-1,0.000099,0.050939,0.126902,0.033645,0.788415
ACCGGGCCTTTGTTGA-1,0.079739,0.020965,0.035108,0.00002,0.864168
ACCGGTCAGGTACACC-1,0.055282,0.000501,0.130936,0.000021,0.813259
ACCGGTCTGAGTACGG-1,0.580995,0.00005,0.266578,0.00005,0.152329
ACCGTCCACTGGGCCC-1,0.057582,0.008428,0.215315,0.003253,0.715422
ACCGTGACCACGTGGG-1,0.116488,0.021826,0.041669,0.047114,0.772903
ACCGTTCCCGCTCTGA-1,0.273347,0.490129,0.000075,0.030908,0.205541
ACCTAAGTACCTTTCA-1,0.035699,0.052253,0.000021,0.047919,0.864107
ACCTAATCGACTTCCT-1,0.013637,0.103208,0.000017,0.052853,0.830284
ACCTACAGTATGTGGT-1,0.257931,0.000557,0.654098,0.00004,0.087374
ACCTACTATAAATCTA-1,0.000091,0.227596,0.000091,0.771675,0.000547
ACCTCAGCGAGGCGCA-1,0.128439,0.181761,0.198133,0.000027,0.491641
ACCTCCGCCCTCGCTG-1,0.160261,0.04347,0.540748,0.000038,0.255484
ACCTCCGTTATTCACC-1,0.490977,0.013064,0.342298,0.115385,0.038277
ACCTCGAACTTATGCT-1,0.20826,0.014531,0.167332,0.000019,0.609857
ACCTGCGTGTCATGTT-1,0.29286,0.009898,0.05316,0.000034,0.644048
ACGAAATGGGCGGCAC-1,0.027062,0.01345,0.000028,0.000028,0.959432
ACGACCCATGAGTTGC-1,0.000027,0.022834,0.226855,0.748769,0.001516
ACGACTCTAGGGCCGA-1,0.000019,0.033297,0.037606,0.639567,0.28951
ACGACTGGTCATACTC-1,0.073826,0.000019,0.046349,0.011305,0.868501
ACGAGAACCCATCACG-1,0.052591,0.900053,0.00007,0.00007,0.047215
ACGAGATATTTGCTTA-1,0.607091,0.011553,0.000097,0.034609,0.34665
ACGAGGATACCACTCT-1,0.016619,0.000028,0.011308,0.000028,0.972017
ACGAGGTTTACAACGT-1,0.019191,0.031409,0.026445,0.025438,0.897517
ACGAGTACGGATGCCC-1,0.590696,0.000073,0.391384,0.000073,0.017773
ACGAGTCGCCGGCGTT-1,0.430359,0.254529,0.170249,0.041138,0.103725
ACGATACATAGAACTA-1,0.581561,0.000053,0.035406,0.000053,0.382928
ACGATACCTATCCTGA-1,0.111875,0.000035,0.058675,0.237248,0.592168
ACGATCATACATAGAG-1,0.55771,0.057594,0.00004,0.002862,0.381794
ACGATCATCTTGTAAA-1,0.098965,0.025516,0.026794,0.164834,0.683891
ACGATGCATATGTTAT-1,0.431636,0.03072,0.027696,0.019312,0.490636
ACGATGGATCCGATGC-1,0.699105,0.000057,0.000057,0.000057,0.300723
ACGCAAACTAATAGAT-1,0.678378,0.00248,0.032648,0.016643,0.26985
ACGCAATCACTACAGC-1,0.36961,0.0281,0.365123,0.05252,0.184647
ACGCATAAATGACATG-1,0.196341,0.212638,0.17876,0.097544,0.314717
ACGCATACGTTTACTA-1,0.249494,0.016959,0.32487,0.000041,0.408636
ACGCATTCGTGAGTAC-1,0.34446,0.185421,0.000033,0.000033,0.470054
ACGCCACTCGAAACAG-1,0.376959,0.274397,0.014996,0.000028,0.33362
ACGCCAGATGATTTCT-1,0.904759,0.094447,0.000099,0.000099,0.000595
ACGCCAGTGCGTTTGC-1,0.000334,0.000023,0.251971,0.267341,0.48033
ACGCCCAGCTGTCGAT-1,0.313125,0.389965,0.004954,0.01367,0.278285
ACGCCGCTAGACGACC-1,0.464588,0.328145,0.000052,0.000052,0.207163
ACGCCTGACACGCGCT-1,0.000023,0.057105,0.223356,0.560083,0.159434
ACGCGAAGTCAGACGA-1,0.062463,0.687414,0.000044,0.000044,0.250034
ACGCGCTACACAGGGT-1,0.421104,0.026505,0.082183,0.000061,0.470147
ACGCGGGCCAAGGACA-1,0.68568,0.000053,0.000053,0.068369,0.245845
ACGCGTTTCTTAAGAG-1,0.001123,0.000017,0.000019,0.105087,0.893754
ACGCTACTGAATGGGC-1,0.00001,0.00001,0.00001,0.541248,0.458724
ACGCTAGTATCAGTGC-1,0.072927,0.313278,0.000035,0.378972,0.234788
ACGCTAGTGATACACT-1,0.244939,0.154223,0.429941,0.000098,0.170798
ACGCTGTGAGGCGTAG-1,0.004191,0.015915,0.000034,0.234564,0.745296
ACGCTTAGTGTCTCTC-1,0.143399,0.712986,0.143108,0.000072,0.000434
ACGGAACACGAGTGCC-1,0.08828,0.117947,0.218417,0.000026,0.57533
ACGGAATTTAGCAAAT-1,0.032543,0.244788,0.00002,0.00002,0.722628
ACGGACGCAGCGACAA-1,0.02659,0.048298,0.24105,0.000032,0.684031
ACGGACTCTCAAAGCG-1,0.450566,0.117362,0.000033,0.000033,0.432006
ACGGAGCGCAAATTAC-1,0.105621,0.000023,0.088595,0.125417,0.680344
ACGGATGGTGCGGATA-1,0.021418,0.023494,0.000012,0.000012,0.955063
ACGGCACTTGCTTGGG-1,0.760374,0.104842,0.134023,0.000109,0.000653
ACGGCCAACATGGACT-1,0.000129,0.345181,0.000129,0.653789,0.000772
ACGGCGACGATGGGAA-1,0.574831,0.066504,0.013071,0.000046,0.345549
ACGGCGGGTTGCCCTG-1,0.412838,0.552392,0.033728,0.000149,0.000893
ACGGCTGGATGTAGAA-1,0.170328,0.000027,0.331733,0.000027,0.497884
ACGGGAGTGTCGGCCC-1,0.478808,0.022567,0.166966,0.000063,0.331596
ACGGGCGTATGCGACA-1,0.127279,0.034028,0.061811,0.012548,0.764334
ACGGGTCATGTGACTT-1,0.631513,0.034725,0.018857,0.056197,0.258709
ACGGGTTGTGACCTGT-1,0.000032,0.000017,0.143659,0.021404,0.834888
ACGGTACAGTTCAATG-1,0.000012,0.149061,0.000012,0.246242,0.604672
ACGGTCACCGAGAACA-1,0.000032,0.148573,0.195545,0.021162,0.634687
ACGTACAGATTTCTCT-1,0.870725,0.128127,0.000144,0.000144,0.000861
ACGTACTTTGGCACGG-1,0.084388,0.482492,0.109582,0.007736,0.315802
ACGTAGATTGCTGATG-1,0.329911,0.014852,0.035273,0.136144,0.483821
ACGTAGGAGAGTCGCT-1,0.115133,0.008475,0.023394,0.10463,0.748367
ACGTATTACTCCGATC-1,0.061759,0.122678,0.00216,0.00004,0.813364
ACGTCGGGCAACTCGG-1,0.000023,0.013626,0.332603,0.147028,0.50672
ACGTCTCGTTCCGGGA-1,0.000014,0.000014,0.000254,0.054191,0.945528
ACGTGACAAAGTAAGT-1,0.000011,0.000011,0.016587,0.016776,0.966615
ACGTGCGCCTCGTGCA-1,0.229759,0.000032,0.000032,0.000032,0.770145
ACGTGGTCGAATGTGC-1,0.000063,0.755457,0.000063,0.244039,0.000379
ACGTTAATGTCGAAGA-1,0.686354,0.252263,0.000052,0.000052,0.061278
ACGTTAGATTTGCCCG-1,0.157557,0.012726,0.000024,0.038711,0.790982
ACGTTATTGGTCACTC-1,0.044378,0.322502,0.000032,0.000032,0.633056
ACGTTCACTATGCCGC-1,0.000014,0.039327,0.001795,0.427825,0.531039
ACGTTCCGCGCTCCGT-1,0.29375,0.169749,0.000086,0.099642,0.436772
ACGTTCGCAATCAATT-1,0.458218,0.427606,0.111045,0.000031,0.003099
ACGTTCGTTCAGGAAA-1,0.01941,0.000965,0.005229,0.002189,0.972206
ACGTTCTGTACAAGTC-1,0.007882,0.000015,0.045982,0.010175,0.935947
ACGTTGTCGTTGAAAG-1,0.00653,0.000026,0.14291,0.011444,0.83909
ACGTTTAGTTGTGATC-1,0.85096,0.000078,0.000078,0.000078,0.148806
ACGTTTCGGTGCACTT-1,0.00004,0.00004,0.447859,0.137723,0.414338
ACTAAGGACGCACACC-1,0.019232,0.00003,0.268551,0.202419,0.509767
ACTAATACGTCAGGCG-1,0.606974,0.000055,0.134956,0.000055,0.25796
ACTACAAAGAGAGGTG-1,0.170042,0.253683,0.005146,0.00003,0.571098
ACTACATCCCGACAAG-1,0.058712,0.065001,0.079925,0.128138,0.668225
ACTACCAGCTCTCTGG-1,0.923811,0.035415,0.032349,0.000094,0.008331
ACTACCATCCGAGGGC-1,0.000012,0.000012,0.01349,0.050989,0.935496
ACTACGCGTTAGAATT-1,0.209626,0.599805,0.078273,0.084886,0.027409
ACTAGTTGCGATCGTC-1,0.069144,0.011065,0.051811,0.000026,0.867953
ACTATATGCTGTGTTC-1,0.239811,0.000087,0.482736,0.276845,0.000521
ACTATCCAGGGCATGG-1,0.010752,0.065905,0.031674,0.155045,0.736625
ACTATCGCCGGCTAAA-1,0.029145,0.116063,0.037134,0.014589,0.803069
ACTATCTGCCCGCGTA-1,0.267289,0.043603,0.377076,0.000032,0.312001
ACTATGTCCAGCTGCC-1,0.158375,0.001367,0.221079,0.004034,0.615144
ACTATTCGTCCGTGGT-1,0.346858,0.300869,0.000122,0.173807,0.178345
ACTATTTCCGGGCCCA-1,0.096548,0.121448,0.000425,0.012337,0.769241
ACTCAACGAATGTATT-1,0.155094,0.844103,0.000099,0.000099,0.000605
ACTCAAGTGCAAGGCT-1,0.480993,0.010927,0.114969,0.000043,0.393068
ACTCAATAAAGGCACG-1,0.634669,0.077557,0.000062,0.019122,0.268589
ACTCAGACCTGCTTCT-1,0.078617,0.393687,0.000235,0.163207,0.364254
ACTCATGGCAGCCTTC-1,0.0682,0.000012,0.002881,0.365829,0.563077
ACTCCAATATCATCAT-1,0.03057,0.326021,0.026893,0.043972,0.572544
ACTCCCATTCCTAAAG-1,0.00463,0.000013,0.008106,0.000013,0.987238
ACTCCCGAATTCGTTT-1,0.542503,0.023315,0.349337,0.000063,0.084783
ACTCCCGTAGACTAGG-1,0.14179,0.196336,0.572887,0.088702,0.000285
ACTCCCTAATGCTAAA-1,0.564567,0.118264,0.038932,0.036545,0.241692
ACTCCCTAGAATAGTA-1,0.527852,0.008949,0.031537,0.036264,0.395398
ACTCCGGCCGACCACT-1,0.000018,0.000018,0.103336,0.21964,0.676989
ACTCGATGTATTTCAT-1,0.575458,0.000096,0.045567,0.000096,0.378783
ACTCGCCGTTCGATAA-1,0.000006,0.000006,0.000006,0.086076,0.913906
ACTCGCGATCTGACGC-1,0.283728,0.165285,0.550505,0.000069,0.000413
ACTCGTAACCCGTCCT-1,0.156106,0.222471,0.041662,0.04052,0.539242
ACTCGTCAGTAATCCC-1,0.000019,0.005585,0.000019,0.006081,0.988296
ACTCTAAACCTGGGAT-1,0.000017,0.000017,0.015306,0.139642,0.845019
ACTCTCTGACTTAGGT-1,0.034712,0.000033,0.082197,0.044356,0.838703
ACTCTCTTATACACGA-1,0.23173,0.000038,0.000855,0.020024,0.747353
ACTCTGACCTAATAGA-1,0.000008,0.000008,0.032943,0.000538,0.966503
ACTCTTCAGCTCCCGC-1,0.030237,0.304512,0.629626,0.000052,0.035573
ACTCTTGTATAGTAAC-1,0.751626,0.10246,0.038517,0.000092,0.107306
ACTGAAACGCCGTTAG-1,0.087086,0.111149,0.047845,0.002155,0.751764
ACTGAATGGCGAAAGT-1,0.482394,0.067031,0.062925,0.000039,0.387611
ACTGATTTAGTGATTC-1,0.275723,0.201032,0.176267,0.000095,0.346882
ACTGCCCGCCATTCTC-1,0.237918,0.002907,0.265414,0.000031,0.49373
ACTGCCGTCGTAACTC-1,0.720266,0.061305,0.000101,0.200748,0.017581
ACTGCGGACACACCGT-1,0.418553,0.000758,0.507012,0.000042,0.073635
ACTGCTCGGAAGGATG-1,0.140712,0.145174,0.132502,0.000031,0.581581
ACTGGCGAACCTGCGT-1,0.076404,0.057722,0.55311,0.069241,0.243523
ACTGGGATGCCAGTGC-1,0.308698,0.252862,0.406724,0.000097,0.031619
ACTGTACGATACACAT-1,0.416195,0.000057,0.026318,0.000057,0.557373
ACTGTAGCACTTTGGA-1,0.51526,0.146712,0.000084,0.063458,0.274486
ACTGTATACGCGAGCA-1,0.089655,0.909434,0.000114,0.000114,0.000684
ACTGTCCAGGATTATA-1,0.318495,0.680799,0.000088,0.000088,0.000529
ACTGTCTTCTTTAGAA-1,0.388583,0.186409,0.000069,0.400487,0.024452
ACTGTGCTAGTAGATC-1,0.889488,0.10942,0.000136,0.000136,0.000819
ACTTACCGGGCGCGCA-1,0.519927,0.00006,0.364414,0.00006,0.115539
ACTTACGCATCCACGC-1,0.275738,0.091349,0.004648,0.00085,0.627415
ACTTAGTACGACAAGA-1,0.544798,0.454579,0.000078,0.000078,0.000467
ACTTATACTTACCCGG-1,0.000771,0.096323,0.000036,0.094345,0.808526
ACTTATTAGGATCGGT-1,0.212797,0.374857,0.000252,0.410582,0.001512
ACTTATTTATGTGCCA-1,0.059774,0.213194,0.000024,0.000024,0.726985
ACTTCAGGCTGATCCC-1,0.361154,0.092994,0.038039,0.000048,0.507765
ACTTCCAGTGGAAGCT-1,0.016305,0.000897,0.041842,0.000014,0.940941
ACTTCCATGCGGGACA-1,0.313501,0.000035,0.07043,0.000035,0.616
ACTTCCTGTCGTGCGA-1,0.275434,0.046785,0.183524,0.09872,0.395537
ACTTCGCCATACGCAC-1,0.057885,0.057689,0.000032,0.037901,0.846493
ACTTCGCTAGCGAGTG-1,0.040365,0.026383,0.389976,0.542976,0.0003
ACTTGACTCCCTCTTT-1,0.580499,0.000058,0.099116,0.000058,0.320269
ACTTGCTCTATCTACC-1,0.00303,0.000055,0.424094,0.002932,0.56989
ACTTGGGACCCGGTGG-1,0.47565,0.337697,0.173748,0.000109,0.012796
ACTTGGGCTTTCGCCA-1,0.212812,0.089259,0.0229,0.000026,0.675003
ACTTGTAGTCCCTTCA-1,0.02578,0.077026,0.064208,0.00042,0.832565
ACTTGTGGATGGAACG-1,0.036353,0.401042,0.172935,0.000036,0.389634
ACTTGTTACCGGATCA-1,0.000105,0.163848,0.090399,0.745019,0.00063
ACTTTACCCTCATGAA-1,0.289684,0.098674,0.405281,0.015488,0.190873
ACTTTATACACCACTT-1,0.000023,0.000023,0.16521,0.000023,0.83472
ACTTTCCTATAGCTTC-1,0.491254,0.370466,0.00008,0.00008,0.13812
ACTTTGACTGCATCCT-1,0.239599,0.007423,0.298188,0.000057,0.454733
ACTTTGGTCGTGCTCC-1,0.001329,0.000019,0.018299,0.082522,0.897831
ACTTTGTCGACGCACT-1,0.064973,0.000154,0.286538,0.366107,0.282228
AGAAATTATGACTCGC-1,0.021915,0.281455,0.111635,0.043788,0.541208
AGAACACGGCGATGGT-1,0.000632,0.000556,0.236703,0.000023,0.762086
AGAACCCAGCGTGACA-1,0.117494,0.395584,0.486628,0.000042,0.000252
AGAACCCTCAATTGGG-1,0.124207,0.034108,0.414397,0.000028,0.427261
AGAACGTGGTACATTC-1,0.381464,0.292675,0.000043,0.000043,0.325775
AGAACTGTACTTTGTA-1,0.14074,0.033469,0.497258,0.0092,0.319334
AGAAGAGCGCCGTTCC-1,0.129183,0.000314,0.302042,0.074852,0.493609
AGAAGGTACACTTCAC-1,0.000012,0.000012,0.000012,0.010889,0.989074
AGAAGGTTGCCGAATT-1,0.706373,0.000047,0.013591,0.000047,0.279942
AGAAGGTTGTAGGTCG-1,0.448304,0.109831,0.019071,0.000042,0.422751
AGAAGTGATTCGTGAT-1,0.304957,0.025842,0.044463,0.000043,0.624695
AGAATAAATCTTCAGG-1,0.00797,0.063294,0.180491,0.023109,0.725136
AGAATACAGGCTATCC-1,0.248212,0.034413,0.425743,0.000034,0.291598
AGAATGCGGGTTCGGA-1,0.5518,0.072602,0.308721,0.055874,0.011002
AGAATTATGGATTCGA-1,0.122448,0.334679,0.007164,0.000049,0.535661
AGAATTGTTTGACATA-1,0.744336,0.000062,0.044911,0.000062,0.210628
AGACAGCTCAGAATCC-1,0.018114,0.000026,0.005756,0.054544,0.92156
AGACAGGCATCTCAGC-1,0.184204,0.041927,0.738663,0.000053,0.035153
AGACATAGATCCTTCC-1,0.036634,0.317305,0.00017,0.27109,0.374801
AGACCAAACCACACCT-1,0.05983,0.031109,0.071402,0.000015,0.837644
AGACCATGGGATACAA-1,0.417147,0.064134,0.000042,0.000042,0.518635
AGACCCACCGCTGATC-1,0.303218,0.234107,0.000036,0.042288,0.420351
AGACCCGCCCTCCTCG-1,0.447957,0.551428,0.000077,0.000077,0.000461
AGACCGCTCCGCGGTT-1,0.000019,0.061395,0.018689,0.337009,0.582888
AGACCGGGAAACCCTG-1,0.103768,0.111523,0.125109,0.000037,0.659563
AGACGAAGTGCCGGTC-1,0.083443,0.074764,0.016215,0.00002,0.825558
AGACGACGATGCCGCT-1,0.345669,0.163412,0.041921,0.00004,0.448958
AGACGCCCACTTCGCC-1,0.06882,0.380598,0.200824,0.001328,0.348431
AGACGGGATTGGTATA-1,0.145957,0.210004,0.031981,0.117183,0.494874
AGACGGGCCGATTTAA-1,0.562109,0.19202,0.15733,0.058308,0.030233
AGACTAGCCTTCCAGA-1,0.086778,0.285319,0.000052,0.000052,0.627799
AGACTGTTACCGGGTC-1,0.34065,0.000038,0.046126,0.000038,0.613148
AGAGAAACACCAGAAA-1,0.13518,0.013955,0.070371,0.010549,0.769945
AGAGAACCGTCTAGGA-1,0.325983,0.169457,0.06673,0.024097,0.413733
