Barcode,Topic 1to5,Topic 6,Topic 7to13
AAACAACGAATAGTTC-1,0.344838,0.000018,0.655144
AAACAAGTATCTCCCA-1,0.702756,0.028701,0.268543
AAACAATCTACTAGCA-1,0.764495,0.083908,0.151597
AAACACCAATAACTGC-1,0.489691,0.024899,0.48541
AAACAGAGCGACTCCT-1,0.343864,0.087315,0.568821
AAACAGCTTTCAGAAG-1,0.711672,0.08328,0.205048
AAACAGGGTCTATATT-1,0.607288,0.034777,0.357935
AAACAGTGTTCCTGGG-1,0.855528,0.047733,0.096739
AAACATGGTGAGAGGA-1,0.429977,0.059313,0.51071
AAACATTTCCCGGATT-1,0.598851,0.000049,0.4011
AAACCACTACACAGAT-1,0.708204,0.020863,0.270934
AAACCCGAACGAAATC-1,0.655059,0.252241,0.0927
AAACCGGAAATGTTAA-1,0.435764,0.000014,0.564222
AAACCGGGTAGGTACC-1,0.349947,0.082514,0.567539
AAACCGTTCGTCCAGG-1,0.999443,0.00007,0.000487
AAACCTAAGCAGCCGG-1,0.483623,0.004264,0.512113
AAACCTCATGAAGTTG-1,0.603428,0.083272,0.3133
AAACGAAGAACATACC-1,0.766272,0.105842,0.127886
AAACGAAGATGGAGTA-1,0.00166,0.00001,0.99833
AAACGACAGTCTTGCC-1,0.723521,0.212314,0.064165
AAACGAGACGGTTGAT-1,0.415859,0.00004,0.584101
AAACGCCCGAGATCGG-1,0.000039,0.130592,0.869369
AAACGCTGGGCACGAC-1,0.999252,0.000016,0.000732
AAACGGGCGTACGGGT-1,0.442076,0.000029,0.557894
AAACGGGTTGGTATCC-1,0.325711,0.000019,0.67427
AAACGGTTGCGAACTG-1,0.530332,0.000044,0.469623
AAACGTGTTCGCCCTA-1,0.23131,0.049178,0.719512
AAACTAACGTGGCGAC-1,0.361538,0.154904,0.483557
AAACTCGGTTCGCAAT-1,0.609295,0.000051,0.390654
AAACTCGTGATATAAG-1,0.999495,0.000063,0.000442
AAACTGCTGGCTCCAA-1,0.60832,0.219409,0.172271
AAACTTAATTGCACGC-1,0.15414,0.01431,0.83155
AAACTTGCAAACGTAT-1,0.609564,0.156318,0.234118
AAAGAATGACCTTAGA-1,0.255872,0.014354,0.729774
AAAGAATGTGGACTAA-1,0.610745,0.201931,0.187324
AAAGACATGAAGTTTA-1,0.663551,0.154225,0.182223
AAAGACCCAAGTCGCG-1,0.639578,0.000047,0.360375
AAAGACTGGGCGCTTT-1,0.295831,0.052543,0.651625
AAAGCTTGCCTACATA-1,0.711873,0.000254,0.287873
AAAGGCCCTATAATAC-1,0.886567,0.003481,0.109953
AAAGGCTACGGACCAT-1,0.226617,0.112523,0.66086
AAAGGCTCTCGCGCCG-1,0.008415,0.000012,0.991573
AAAGGGATGTAGCAAG-1,0.775818,0.000046,0.224136
AAAGGGCAGCTTGAAT-1,0.330378,0.050203,0.619419
AAAGGTAAGCTGTACC-1,0.731081,0.002903,0.266016
AAAGTAGCATTGCTCA-1,0.105347,0.054759,0.839894
AAAGTCACTGATGTAA-1,0.999217,0.000098,0.000685
AAAGTCGACCCTCAGT-1,0.598681,0.106752,0.294567
AAAGTGCCATCAATTA-1,0.72762,0.27218,0.000201
AAAGTGTGATTTATCT-1,0.76704,0.000056,0.232904
AAAGTTGACTCCCGTA-1,0.826273,0.053606,0.120121
AAATAACCATACGGGA-1,0.934363,0.00008,0.065557
AAATAAGGTAGTGCCC-1,0.644971,0.354686,0.000343
AAATACCTATAAGCAT-1,0.56125,0.160122,0.278628
AAATAGCTTAGACTTT-1,0.989921,0.009784,0.000295
AAATAGGGTGCTATTG-1,0.42382,0.014905,0.561275
AAATCCGATACACGCC-1,0.510502,0.097735,0.391763
AAATCGCGGAAGGAGT-1,0.306288,0.135842,0.55787
AAATCGTGTACCACAA-1,0.193199,0.11643,0.690371
AAATCTAGCCCTGCTA-1,0.642915,0.000034,0.357051
AAATCTGCCCGCGTCC-1,0.046081,0.375316,0.578602
AAATGACTGATCAAAC-1,0.786415,0.024518,0.189067
AAATGATTCGATCAGC-1,0.833013,0.065207,0.10178
AAATGCTCGTTACGTT-1,0.787906,0.000054,0.21204
AAATGGCATGTCTTGT-1,0.999289,0.000089,0.000623
AAATGGCCCGTGCCCT-1,0.754354,0.008826,0.236821
AAATGGTCAATGTGCC-1,0.999297,0.000088,0.000615
AAATGTATCTTATCCC-1,0.112374,0.125482,0.762144
AAATGTGGGTGCTCCT-1,0.331897,0.024138,0.643966
AAATTAACGGGTAGCT-1,0.301939,0.026001,0.67206
AAATTAATAAGCGCGA-1,0.297268,0.194037,0.508695
AAATTACACGACTCTG-1,0.510057,0.334533,0.15541
AAATTACCTATCGATG-1,0.725499,0.000045,0.274456
AAATTCCAGGTCCAAA-1,0.603764,0.395949,0.000287
AAATTGATAGTCCTTT-1,0.835552,0.000061,0.164387
AAATTGCGGCGGTTCT-1,0.589982,0.00004,0.409978
AAATTGGTGAGAAGCA-1,0.720583,0.006907,0.27251
AAATTTACCGAAATCC-1,0.681068,0.146842,0.17209
AAATTTGCGGGTGTGG-1,0.530104,0.008709,0.461187
AACAACTGGTAGTTGC-1,0.685118,0.000108,0.314773
AACAATACATTGTCGA-1,0.951538,0.006419,0.042044
AACAATTACTCTACGC-1,0.440511,0.084614,0.474875
AACACACGCTCGCCGC-1,0.600486,0.000039,0.399475
AACACGACTGTACTGA-1,0.971198,0.000098,0.028703
AACACGAGACGCGGCC-1,0.195813,0.020769,0.783419
AACACGCGGCCGCGAA-1,0.905534,0.013947,0.080519
AACAGCTGTGTGGCAA-1,0.429212,0.006449,0.564338
AACAGGAAATCGAATA-1,0.732705,0.000054,0.267241
AACAGGATGGGCCGCG-1,0.496903,0.000035,0.503063
AACAGGTAGTATGGAT-1,0.151441,0.008238,0.840321
AACATAGCGTGTATCG-1,0.849444,0.065737,0.08482
AACATATCAACTGGTG-1,0.871336,0.000063,0.128601
AACATCGATACGTCTA-1,0.999663,0.000042,0.000295
AACATTGAAGTTGATC-1,0.796683,0.01598,0.187337
AACATTGGTCAGCCGT-1,0.648733,0.000028,0.351239
AACATTGTGACTCGAG-1,0.371993,0.021844,0.606163
AACCAAGACTTCTCTG-1,0.820233,0.007413,0.172355
AACCAGTATCACTCTT-1,0.880147,0.001925,0.117927
AACCATAGGGTTGAAC-1,0.008236,0.002915,0.988849
AACCATGGGATCGCTA-1,0.237292,0.000033,0.762674
AACCCAGAGACGGAGA-1,0.997234,0.000114,0.002652
AACCCATCCCATGATC-1,0.636624,0.132539,0.230838
AACCCGACAACCCGTG-1,0.999543,0.000057,0.0004
AACCCGAGCAGAATCG-1,0.622684,0.066617,0.310699
AACCCGATAGGGCTTC-1,0.953925,0.012337,0.033738
AACCCGCTGTATTCCA-1,0.244431,0.007823,0.747746
AACCCTACTGTCAATA-1,0.035685,0.002971,0.961343
AACCCTGGTGGAACCA-1,0.931274,0.000053,0.068673
AACCGAGCTTGGTCAT-1,0.630703,0.00005,0.369247
AACCGCTAAGGGATGC-1,0.278174,0.000021,0.721805
AACCGTTGTGTTTGCT-1,0.491264,0.000061,0.508674
AACCTAAAGCCGTCCG-1,0.661253,0.046768,0.29198
AACCTCGCTTTAGCCC-1,0.403437,0.000032,0.596531
AACCTGTCACGGAATT-1,0.233631,0.173902,0.592466
AACCTTTAAATACGGT-1,0.611176,0.129677,0.259147
AACCTTTACGACGTCT-1,0.456515,0.000052,0.543432
AACGAAAGTCGTCCCA-1,0.08995,0.006764,0.903286
AACGACCTCCTAGCCG-1,0.827375,0.072189,0.100436
AACGATAATGCCGTAG-1,0.243606,0.068073,0.688322
AACGATAGAAGGGCCG-1,0.314106,0.000025,0.685868
AACGATATGTCAACTG-1,0.839137,0.013299,0.147564
AACGCATGATCTGGGT-1,0.971128,0.000061,0.028812
AACGCGAACGGCAACA-1,0.194775,0.000026,0.805199
AACGCGACCTTGGGCG-1,0.209429,0.058307,0.732265
AACGCGGTCTCCAGCC-1,0.850531,0.017605,0.131864
AACGCTGTTGCTGAAA-1,0.543932,0.14855,0.307519
AACGGACGTACGTATA-1,0.709223,0.000046,0.290731
AACGGCCATCTCCGGT-1,0.999278,0.000069,0.000653
AACGTACTGTGGGTAC-1,0.839446,0.097258,0.063297
AACGTAGTCTACCCAT-1,0.918431,0.000075,0.081494
AACGTCAGACTAGTGG-1,0.969978,0.00011,0.029912
AACGTCATCCGGCTTG-1,0.274311,0.152366,0.573323
AACGTCGCTGCACTTC-1,0.809044,0.149902,0.041054
AACGTGATGAAGGACA-1,0.613723,0.000068,0.386209
AACGTGCGAAAGTCTC-1,0.845958,0.023549,0.130493
AACGTTATCAGCACCT-1,0.157158,0.04271,0.800132
AACGTTCTACCATTGT-1,0.999709,0.000036,0.000255
AACTACCCGTTTGTCA-1,0.7964,0.126542,0.077058
AACTAGCGTATCGCAC-1,0.959585,0.0001,0.040315
AACTAGGCTTGGGTGT-1,0.786068,0.000077,0.213854
AACTCAAGTTAATTGC-1,0.796295,0.000082,0.203623
AACTCCAGAGCGTGTT-1,0.510152,0.000048,0.4898
AACTCCTAATCCCATG-1,0.29763,0.033285,0.669085
AACTCGATAAACACGT-1,0.000034,0.000007,0.999959
AACTCGATGGCGCAGT-1,0.001087,0.000016,0.998897
AACTCTCAATAGAGCG-1,0.999325,0.000084,0.00059
AACTCTCAGTGTGCTC-1,0.8968,0.000117,0.103083
AACTGAGGTCAGCGTC-1,0.322671,0.173723,0.503606
AACTGAGTTATACTGA-1,0.386998,0.509332,0.103671
AACTGATATTAGGCCT-1,0.940043,0.034006,0.025951
AACTGGGTCCCGACGT-1,0.833283,0.00006,0.166657
AACTGGGTTCGAGCCG-1,0.729305,0.264104,0.006591
AACTGGTGTGGGCCTT-1,0.873898,0.000089,0.126013
AACTTCTGCGTCTATC-1,0.299079,0.000038,0.700884
AACTTGCCCGTATGCA-1,0.223558,0.084007,0.692435
AACTTGCGTTCTCGCG-1,0.611904,0.000055,0.388041
AACTTTACGGGAGCTT-1,0.220942,0.032873,0.746185
AACTTTAGCTGCTGAG-1,0.964008,0.000089,0.035903
AACTTTCTCGATCATG-1,0.999689,0.000039,0.000272
AAGAAAGTTTGATGGG-1,0.710009,0.000028,0.289963
AAGAAATCACCAGATT-1,0.316562,0.521026,0.162412
AAGAAGGATCAGTTAG-1,0.467427,0.000052,0.532521
AAGACATACGTGGTTT-1,0.233401,0.030236,0.736362
AAGACCAAATAACTCA-1,0.564042,0.021738,0.41422
AAGACCCAACTGAACA-1,0.269792,0.055377,0.674831
AAGACTAACCCGTTGT-1,0.000038,0.025735,0.974226
AAGACTCACGCCCACT-1,0.805476,0.079621,0.114904
AAGACTGCAAGCTACT-1,0.667291,0.000031,0.332678
AAGAGATGAATCGGTA-1,0.776595,0.000042,0.223363
AAGAGCTCTTTATCGG-1,0.30919,0.038017,0.652792
AAGAGGATGTACGCGA-1,0.504844,0.000038,0.495119
AAGAGGCATGGATCGC-1,0.742472,0.000049,0.257479
AAGAGGCCCTTTGGAA-1,0.806276,0.076047,0.117677
AAGATGGCACCGGACC-1,0.77531,0.004267,0.220422
AAGATTGGCGGAACGT-1,0.86868,0.041264,0.090056
AAGCACCCTGCGTATC-1,0.706258,0.000348,0.293394
AAGCATACTCTCCTGA-1,0.342492,0.029939,0.627569
AAGCCACTTGCAGGTA-1,0.184427,0.195321,0.620252
AAGCCGAAGCGGTTTA-1,0.592787,0.010719,0.396494
AAGCCGCCGTGAAATC-1,0.515114,0.000026,0.48486
AAGCCGCTTTACCTTG-1,0.380335,0.000347,0.619319
AAGCCGGAGAGCAGGA-1,0.999801,0.000025,0.000175
AAGCGCAGGGCTTTGA-1,0.210244,0.000032,0.789724
AAGCGGAGTGCGCGCA-1,0.700454,0.000014,0.299532
AAGCGGCGTCATGGGT-1,0.60109,0.017662,0.381248
AAGCGTCCCTCATCGA-1,0.223285,0.100273,0.676442
AAGCTAGATCGAGTAA-1,0.568981,0.240095,0.190924
AAGCTATGGATTGACC-1,0.091465,0.115979,0.792557
AAGCTCGTGCCAAGTC-1,0.829646,0.00006,0.170293
AAGCTCTTTCATGGTG-1,0.334348,0.000048,0.665603
AAGGAGAACTTATAAG-1,0.783703,0.013538,0.202759
AAGGAGCGGTTGGTGC-1,0.547183,0.045276,0.407541
AAGGATCGATCGCTTG-1,0.972821,0.00006,0.027119
AAGGATGAGGGACCTC-1,0.796957,0.000039,0.203005
AAGGCAGGCTGTCTCC-1,0.908498,0.002388,0.089114
AAGGCGCGTAAAGCTT-1,0.963265,0.00009,0.036645
AAGGCTGTGCTCATCG-1,0.992696,0.000078,0.007226
AAGGGAACGACTGGCT-1,0.607466,0.000028,0.392506
AAGGGACAGATTCTGT-1,0.871011,0.000078,0.128911
AAGGGACTATGCATTC-1,0.352465,0.026443,0.621092
AAGGGTTAGCCATGCG-1,0.83891,0.152477,0.008613
AAGGGTTTGATTTCAG-1,0.207403,0.298001,0.494595
AAGGTATCCTAATATA-1,0.872207,0.034679,0.093114
AAGGTGATAAACCAGC-1,0.235976,0.020565,0.743459
AAGTAAGCTTCCAAAC-1,0.776373,0.17087,0.052757
AAGTAGAAGACCGGGT-1,0.99928,0.00009,0.00063
AAGTAGTGACGCGAGG-1,0.306849,0.026709,0.666441
AAGTCAATTGTCGTCA-1,0.701714,0.000059,0.298227
AAGTCTAGTAGCTGCC-1,0.998875,0.000024,0.001101
AAGTCTTCTGTGGCCT-1,0.256675,0.192614,0.550711
AAGTGACGACCGAATT-1,0.186965,0.196046,0.616989
AAGTGAGTCGGGTTTA-1,0.475768,0.000058,0.524174
AAGTGCAAAGGTAGAC-1,0.598672,0.036573,0.364755
AAGTGCCTTGACTGTA-1,0.595773,0.010471,0.393755
AAGTGCGTTAGAATCT-1,0.08729,0.001985,0.910725
AAGTGCTTCTCTATTG-1,0.954842,0.000092,0.045066
AAGTGTTTGGAGACGG-1,0.870963,0.00006,0.128976
AAGTTCACTCCAAGCT-1,0.676344,0.15796,0.165696
AAGTTCAGTCTGCGTA-1,0.999602,0.00005,0.000349
AAGTTCGGCCAACAGG-1,0.143217,0.008103,0.84868
AAGTTGTGATGTTATA-1,0.492341,0.100396,0.407263
AAGTTTACTAATGGCA-1,0.804444,0.014444,0.181112
AAGTTTATGGGCCCAA-1,0.118126,0.000021,0.881853
AATAACAACGCTCGGC-1,0.004068,0.01399,0.981942
AATAACACTAGAACAA-1,0.936339,0.063443,0.000218
AATAACGTCGCGCCCA-1,0.923708,0.031851,0.044441
AATAAGTCCTCGAGAC-1,0.993916,0.005724,0.00036
AATAATCTTCGTATCG-1,0.60503,0.134391,0.260579
AATACAATGTTTCAGG-1,0.599088,0.088638,0.312274
AATACCGGAGGGCTGT-1,0.967203,0.000064,0.032734
AATACCTGATGTGAAC-1,0.717243,0.019073,0.263684
AATAGAACAGAGTGGC-1,0.953445,0.04611,0.000445
AATAGAATCTGTTTCA-1,0.492853,0.000028,0.507119
AATAGCAAGCCTCCTG-1,0.254215,0.140511,0.605274
AATAGCTACCGCGTGC-1,0.999439,0.00007,0.000491
AATAGGCACGACCCTT-1,0.570325,0.357857,0.071818
AATAGTCCGTCCCGAC-1,0.125532,0.232936,0.641532
AATAGTCGCGAGTCGG-1,0.109709,0.000016,0.890275
AATATCAAGGTCGGAT-1,0.928423,0.00009,0.071487
AATATCCTAGCAAACT-1,0.111647,0.073776,0.814577
AATATCGAATCAATGC-1,0.530765,0.000031,0.469204
AATATCGAGGGTTCTC-1,0.957249,0.000081,0.042669
AATATTGGAGTATTGA-1,0.793987,0.012832,0.193181
AATCAGACTGCAGGAC-1,0.191657,0.054632,0.753711
AATCAGGTTTCATTTA-1,0.66896,0.002612,0.328427
AATCATGTAAAGACTC-1,0.08768,0.053041,0.859278
AATCCAAGGGCCTGAG-1,0.999174,0.000103,0.000723
AATCCATGCAAGGGTG-1,0.032423,0.000011,0.967566
AATCCCGCTCAGAGCC-1,0.330904,0.090027,0.579069
AATCGAGGTCTCAAGG-1,0.672814,0.176259,0.150926
AATCGCCTCAGCGCCA-1,0.696714,0.059261,0.244024
AATCGCGCAGAGGACT-1,0.934223,0.065472,0.000306
AATCGGGACACTACGA-1,0.347306,0.000051,0.652643
AATCGGTATAGCCCTC-1,0.801667,0.060654,0.137679
AATCGTGAGCCGAGCA-1,0.238157,0.015037,0.746806
AATCTAGGTTTACTTG-1,0.515735,0.125834,0.35843
AATCTATGCCGGAGCC-1,0.999428,0.000072,0.000501
AATCTCTACTGTGGTT-1,0.18178,0.066749,0.751471
AATCTGCGTTGGGACG-1,0.316327,0.000033,0.68364
AATCTGGCTTTCTAGT-1,0.72973,0.017863,0.252407
AATCTGGGTAGACCCT-1,0.689636,0.222448,0.087917
AATGACAGCAATGTCT-1,0.192311,0.104203,0.703486
AATGACGTAGGATGTC-1,0.929773,0.000054,0.070172
AATGACTGTCAGCCGG-1,0.999236,0.000095,0.000668
AATGAGTTCGCATATG-1,0.19734,0.000032,0.802628
AATGATGATACGCTAT-1,0.894974,0.000066,0.10496
AATGATGCGACTCCTG-1,0.716928,0.189446,0.093626
AATGCAACCGGGTACC-1,0.380705,0.136893,0.482402
AATGCACCAAGCAATG-1,0.956149,0.000064,0.043786
AATGGCCGCCAATGCG-1,0.999794,0.000026,0.00018
AATGGTCCACCGTTCA-1,0.465996,0.01796,0.516044
AATGGTTCTCACAAGC-1,0.999173,0.000103,0.000724
AATGTATGGCACTGTA-1,0.48323,0.278092,0.238678
AATGTGCCCGAGGTGT-1,0.234634,0.000026,0.76534
AATGTGCTAATCTGAG-1,0.392206,0.004987,0.602808
AATGTTAAGACCCTGA-1,0.536785,0.462461,0.000754
AATGTTGTCGTGAGAC-1,0.357677,0.172322,0.47
AATTAAAGGTCGGCGT-1,0.654348,0.097625,0.248027
AATTAACGGATTTCCA-1,0.472777,0.013919,0.513304
AATTACGAGACCCATC-1,0.5302,0.079352,0.390448
AATTACTCGTACGCTC-1,0.451031,0.000747,0.548221
AATTAGCGCTGCAGCG-1,0.197435,0.046042,0.756522
AATTATACCCAGCAAG-1,0.791485,0.025387,0.183128
AATTCATAAGGGATCT-1,0.566313,0.000056,0.433631
AATTCATTGTCATGCA-1,0.017152,0.213438,0.76941
AATTCCAACTTGGTGA-1,0.136478,0.000015,0.863507
AATTCCAAGCATGTAC-1,0.693434,0.000063,0.306503
AATTCGATTCGAGGAT-1,0.000864,0.000015,0.999121
AATTCTAGAGTTAGGC-1,0.30644,0.000037,0.693523
AATTGAACGCTCTGGT-1,0.557735,0.001019,0.441247
AATTGCAGCAATCGAC-1,0.59653,0.228515,0.174955
AATTGCGTGGATTACA-1,0.014979,0.136016,0.849006
AATTGTGGTTGCCAAA-1,0.457625,0.237967,0.304408
AATTTGGGACATAGTA-1,0.902054,0.097264,0.000682
AATTTGGTTCCAAAGA-1,0.644788,0.000063,0.355149
ACAAACCATGCGTCCT-1,0.000032,0.018584,0.981384
ACAAACCGACAAGGCG-1,0.715132,0.111585,0.173283
ACAAACTCCATCAGAG-1,0.885884,0.000908,0.113208
ACAAAGAAGGTAGGCC-1,0.081874,0.012906,0.90522
ACAAAGCATGACCTAG-1,0.173156,0.000015,0.826829
ACAAATCGCACCGAAT-1,0.277804,0.000017,0.722179
ACAAATGGTAGTGTTT-1,0.714293,0.000062,0.285646
ACAAATTCAGATCTGA-1,0.266122,0.00002,0.733858
ACAACAGCATGAGCTA-1,0.376307,0.160652,0.463041
ACAACGGTCCCTGCGA-1,0.425906,0.019543,0.554551
ACAAGCAGTGCCTAGC-1,0.258382,0.004374,0.737244
ACAAGCTATATGGAAG-1,0.206478,0.063081,0.730442
ACAAGGAAATCCGCCC-1,0.205863,0.04021,0.753927
ACAAGGACAAGAGGTT-1,0.99943,0.000071,0.000499
ACAAGGATGCTTTAGG-1,0.275028,0.000021,0.724951
ACAAGGCCTACCAGCC-1,0.151834,0.079261,0.768905
ACAAGGGCAGGCTCTG-1,0.232801,0.000033,0.767166
ACAAGTAATTGTAAGG-1,0.716367,0.172958,0.110675
ACAATAGTCGTACGTT-1,0.782817,0.000051,0.217132
ACAATCCATTTAAACC-1,0.32706,0.008987,0.663953
ACAATCGATCTTTATA-1,0.361673,0.476697,0.16163
ACAATGAATACGGAGA-1,0.258478,0.012769,0.728753
ACAATGATTCTTCTAC-1,0.80421,0.010631,0.185159
ACAATTGTGTCTCTTT-1,0.770891,0.12228,0.106829
ACAATTTAGGAGGCTC-1,0.021041,0.028639,0.95032
ACAATTTGAGCAGTGG-1,0.768788,0.000053,0.231158
ACAATTTGGCCATATT-1,0.975509,0.024145,0.000345
ACACAAAGACGGGTGG-1,0.409806,0.053869,0.536326
ACACAAATATTCCTAG-1,0.864785,0.000021,0.135195
ACACACCAGGACCAGT-1,0.782319,0.000066,0.217614
ACACACTTTCTACACG-1,0.01912,0.00004,0.98084
ACACATGATCAAATCT-1,0.643204,0.000041,0.356755
ACACATTGACGCAACA-1,0.034849,0.01181,0.953341
ACACATTTCCGTAGAC-1,0.663395,0.00008,0.336525
ACACCACATAATTAGC-1,0.709771,0.289981,0.000248
ACACCCAGCATGCAGC-1,0.583586,0.101367,0.315047
ACACCCGAGAAATCCG-1,0.999325,0.000084,0.00059
ACACCGAGCGCTCTTT-1,0.004889,0.021097,0.974013
ACACCGGTCTGACCGC-1,0.213692,0.006368,0.77994
ACACCTTAAGTAGGGC-1,0.929318,0.000094,0.070589
ACACCTTACTACTTGC-1,0.487652,0.208059,0.304289
ACACGAGACTCCTTCT-1,0.668689,0.267088,0.064223
ACACGGCACTATGCAT-1,0.989756,0.009734,0.00051
ACACGGGAACTTAGGG-1,0.603391,0.050313,0.346296
ACACGTAGGCCACAAG-1,0.569557,0.02555,0.404893
ACACTCCAATGTCACT-1,0.136268,0.000031,0.863701
ACACTGATCAAGGTGT-1,0.985826,0.000082,0.014091
ACACTGGGACAGTCGT-1,0.190708,0.18889,0.620402
ACAGAACTGAGAACAA-1,0.484172,0.110317,0.405511
ACAGATTAGGTTAGTG-1,0.717604,0.000088,0.282309
ACAGCATAGAGCCAGT-1,0.039124,0.000033,0.960843
ACAGCGACATTCTCAT-1,0.587999,0.000048,0.411953
ACAGCGCACCCGCAGC-1,0.946586,0.052593,0.000821
ACAGGAGGCGCAGCCG-1,0.525705,0.078361,0.395934
ACAGGCACGGATCCTT-1,0.28354,0.03464,0.68182
ACAGGCTTGCCCGACT-1,0.563403,0.000052,0.436546
ACAGGTGGAGGTGAGG-1,0.942835,0.000059,0.057106
ACAGGTGTGTTGTTGC-1,0.370064,0.082458,0.547478
ACAGTAATACAACTTG-1,0.000236,0.076636,0.923128
ACAGTATACCGTGGGA-1,0.494881,0.145583,0.359536
ACATAAGTCGTGGTGA-1,0.545335,0.000041,0.454624
ACATAATAAGGCGGTG-1,0.843128,0.002149,0.154723
ACATACAATCAAGCGG-1,0.686089,0.043883,0.270028
ACATCAGCTGGGACGC-1,0.516751,0.06428,0.41897
ACATCCCGGCCATACG-1,0.429341,0.023535,0.547123
ACATCCTGGTAACTGT-1,0.591878,0.000044,0.408078
ACATCGATCGTTTACC-1,0.175185,0.000028,0.824787
ACATCGCAATATTCGG-1,0.696747,0.285766,0.017487
ACATCGGTCAGCCGCG-1,0.883535,0.000088,0.116378
ACATCGTATGCAATGG-1,0.807623,0.008415,0.183962
ACATCGTTAACCTAGT-1,0.361118,0.000038,0.638844
ACATCTCAACGCGTAA-1,0.552242,0.168453,0.279305
ACATGCTTACGGCAGC-1,0.603336,0.000043,0.396621
ACATGGCGCCAAAGTA-1,0.664424,0.191436,0.14414
ACATGGCTCAATTTAG-1,0.431188,0.00003,0.568782
ACATTAGTTTATATCC-1,0.805009,0.011194,0.183797
ACATTCGCGCGGAATA-1,0.556747,0.000051,0.443202
ACATTTGAAACCTAAC-1,0.727589,0.116534,0.155877
ACCAAACACCCAGCGA-1,0.422778,0.090403,0.48682
ACCAAACTAGAAATCC-1,0.834599,0.025728,0.139673
ACCAACACCACACACT-1,0.943003,0.030033,0.026964
ACCAACCGCACTCCAC-1,0.682078,0.023964,0.293959
ACCAACGCTTATTTAT-1,0.417218,0.000034,0.582748
ACCAAGAACGCGTGTC-1,0.999548,0.000056,0.000395
ACCAAGTCATCGGCAG-1,0.748314,0.032186,0.219499
ACCAATATGCAAGTTA-1,0.680788,0.000054,0.319158
ACCACAACTCAGAACA-1,0.957724,0.000078,0.042198
ACCACAAGTTTCTATC-1,0.171767,0.036652,0.791581
ACCACACGGTTGATGG-1,0.091476,0.000016,0.908508
ACCACCAATGTAACAA-1,0.588633,0.019495,0.391872
ACCACCCTCTCTTCTA-1,0.954795,0.044858,0.000347
ACCACGTGCAGCTATA-1,0.283435,0.000028,0.716537
ACCACTGTTCAAGAAG-1,0.145501,0.000017,0.854482
ACCAGACCATAACAAC-1,0.201125,0.231151,0.567725
ACCAGCCCGGTCTTTG-1,0.605161,0.163499,0.23134
ACCAGGAGTGTGATCT-1,0.157833,0.14482,0.697347
ACCAGTGCCCGGTCAA-1,0.394475,0.086477,0.519049
ACCAGTGCGGGAGACG-1,0.202331,0.000027,0.797642
ACCATATCCGCAATAA-1,0.430211,0.090675,0.479115
ACCATCCGCCAACTAG-1,0.089148,0.00001,0.910843
ACCATCGTATATGGTA-1,0.6885,0.06375,0.24775
ACCATTAAGGGTGTCA-1,0.061894,0.000021,0.938086
ACCCAACGCCCGTGGC-1,0.034986,0.006558,0.958456
ACCCACCTACATGCTC-1,0.218473,0.079986,0.701541
ACCCATCTTGAGGGTA-1,0.996609,0.000104,0.003287
ACCCATTTGTCCCTCT-1,0.766554,0.00005,0.233396
ACCCGAGCGAAATTAC-1,0.612919,0.061689,0.325392
ACCCGATTGGTTCCGA-1,0.483107,0.000053,0.51684
ACCCGGAAACTCCCAG-1,0.688435,0.000042,0.311523
ACCCGGAGCACCACAA-1,0.322448,0.074639,0.602913
ACCCGGATGACGCATC-1,0.7459,0.000063,0.254037
ACCCGGTTACACTTCC-1,0.898232,0.000063,0.101705
ACCCGTAGCAGAGAAT-1,0.842499,0.00005,0.157451
ACCCGTAGTCTAGTTG-1,0.074324,0.048916,0.87676
ACCCGTGTCATCAGTA-1,0.172464,0.015667,0.811869
ACCCTATAGGACTGAG-1,0.746724,0.000075,0.253201
ACCCTATGCCATATCG-1,0.938286,0.0001,0.061613
ACCCTCCCGTCAGGGC-1,0.295019,0.180085,0.524895
ACCCTCCCTTGCTATT-1,0.194571,0.000028,0.8054
ACCCTGGTAACGCCCT-1,0.702679,0.296926,0.000395
ACCCTTCATCTGCGAA-1,0.129088,0.00004,0.870872
ACCCTTGCCTGGGTCG-1,0.834776,0.000015,0.165208
ACCCTTTAGTTCTCCA-1,0.852937,0.128011,0.019052
ACCGAAAGGGCCCTGC-1,0.264768,0.000029,0.735203
ACCGAAGAGTCTGGTT-1,0.62051,0.060533,0.318957
ACCGACACATCTCCCA-1,0.225987,0.00721,0.766803
ACCGACTGAGTCCCAC-1,0.932179,0.006694,0.061127
ACCGAGTCTCCTTATT-1,0.723767,0.094949,0.181284
ACCGATAGGCATAACC-1,0.692446,0.125252,0.182302
ACCGATATTTAATCAT-1,0.727459,0.117038,0.155503
ACCGATGGTAGCATCG-1,0.549781,0.10092,0.349299
ACCGCAATAACTGCCT-1,0.860189,0.000036,0.139775
ACCGCGGTGGAAGTCG-1,0.550128,0.000036,0.449836
ACCGCTAGTCATTGGT-1,0.407071,0.031137,0.561792
ACCGGGCCTTTGTTGA-1,0.193486,0.00002,0.806494
ACCGGTCAGGTACACC-1,0.165584,0.104678,0.729738
ACCGGTCTGAGTACGG-1,0.185327,0.595978,0.218694
ACCGTCCACTGGGCCC-1,0.010601,0.020926,0.968473
ACCGTGACCACGTGGG-1,0.999594,0.000051,0.000355
ACCGTTCCCGCTCTGA-1,0.526413,0.051836,0.42175
ACCTAAGTACCTTTCA-1,0.214712,0.006335,0.778953
ACCTAATCGACTTCCT-1,0.26807,0.059688,0.672242
ACCTACAGTATGTGGT-1,0.778706,0.070881,0.150413
ACCTACTATAAATCTA-1,0.407712,0.000046,0.592242
ACCTCAGCGAGGCGCA-1,0.481108,0.100146,0.418745
ACCTCCGCCCTCGCTG-1,0.191619,0.306581,0.5018
ACCTCCGTTATTCACC-1,0.990415,0.000056,0.009529
ACCTCGAACTTATGCT-1,0.363802,0.05587,0.580328
ACCTGCGTGTCATGTT-1,0.20322,0.007178,0.789602
ACCTTTCCTTTAGAAG-1,0.461452,0.082363,0.456185
ACGAAATGGGCGGCAC-1,0.707013,0.00004,0.292947
ACGACCCATGAGTTGC-1,0.816733,0.075373,0.107893
ACGACTCTAGGGCCGA-1,0.909103,0.088634,0.002263
ACGACTGGTCATACTC-1,0.705826,0.058877,0.235298
ACGAGAACCCATCACG-1,0.996241,0.000058,0.003701
ACGAGATATTTGCTTA-1,0.729902,0.0001,0.269998
ACGAGGATACCACTCT-1,0.818712,0.06187,0.119418
ACGAGGTTTACAACGT-1,0.030246,0.012409,0.957345
ACGAGTACGGATGCCC-1,0.958982,0.000079,0.040939
ACGAGTCGCCGGCGTT-1,0.05334,0.00001,0.94665
ACGATACATAGAACTA-1,0.036368,0.000019,0.963613
ACGATACCTATCCTGA-1,0.022414,0.006695,0.970891
ACGATCATACATAGAG-1,0.53217,0.000051,0.467779
ACGATCATCTTGTAAA-1,0.033256,0.000501,0.966243
ACGATGCATATGTTAT-1,0.532994,0.000041,0.466964
ACGATGGATCCGATGC-1,0.884104,0.000078,0.115819
ACGCAAACTAATAGAT-1,0.999418,0.000073,0.000509
ACGCAATCACTACAGC-1,0.691658,0.17628,0.132062
ACGCATAAATGACATG-1,0.173543,0.167433,0.659024
ACGCATACGTTTACTA-1,0.179886,0.000024,0.82009
ACGCATTCGTGAGTAC-1,0.572032,0.200419,0.227549
ACGCCACTCGAAACAG-1,0.04353,0.000016,0.956455
ACGCCAGATGATTTCT-1,0.680267,0.041106,0.278628
ACGCCAGTGCGTTTGC-1,0.711859,0.141972,0.14617
ACGCCCAGCTGTCGAT-1,0.000852,0.000009,0.99914
ACGCCGCTAGACGACC-1,0.956256,0.018614,0.02513
ACGCCTGACACGCGCT-1,0.202925,0.03095,0.766125
ACGCGAAGTCAGACGA-1,0.23386,0.106199,0.659941
ACGCGCTACACAGGGT-1,0.158585,0.00175,0.839665
ACGCGGGCCAAGGACA-1,0.597192,0.265241,0.137568
ACGCGTTTCTTAAGAG-1,0.23908,0.105708,0.655212
ACGCTACTGAATGGGC-1,0.647899,0.295113,0.056988
ACGCTAGTGATACACT-1,0.552005,0.173267,0.274727
ACGCTGTGAGGCGTAG-1,0.49463,0.057594,0.447776
ACGCTTAGTGTCTCTC-1,0.333778,0.657593,0.008629
ACGGAACACGAGTGCC-1,0.216195,0.643115,0.14069
ACGGAATTTAGCAAAT-1,0.057842,0.000028,0.942129
ACGGACGCAGCGACAA-1,0.685178,0.000046,0.314776
ACGGACTCTCAAAGCG-1,0.168945,0.000024,0.831031
ACGGAGCGCAAATTAC-1,0.306248,0.005128,0.688624
ACGGATGGTGCGGATA-1,0.550942,0.00004,0.449018
ACGGCACTTGCTTGGG-1,0.144179,0.002576,0.853245
ACGGCCAACATGGACT-1,0.293263,0.032221,0.674516
ACGGCGACGATGGGAA-1,0.465332,0.000041,0.534627
ACGGCGGGTTGCCCTG-1,0.317792,0.125015,0.557193
ACGGCTGGATGTAGAA-1,0.521254,0.000028,0.478717
ACGGGAGTGTCGGCCC-1,0.676705,0.000056,0.323239
ACGGGCGTATGCGACA-1,0.724234,0.27552,0.000246
ACGGGTCATGTGACTT-1,0.576723,0.000045,0.423232
ACGGGTTGTGACCTGT-1,0.725741,0.139381,0.134878
ACGGTACAGTTCAATG-1,0.031472,0.002203,0.966325
ACGGTCACCGAGAACA-1,0.807274,0.059245,0.133481
ACGTACAGATTTCTCT-1,0.646334,0.087941,0.265726
ACGTACTTTGGCACGG-1,0.289321,0.001546,0.709133
ACGTAGATTGCTGATG-1,0.799324,0.004341,0.196335
ACGTAGGAGAGTCGCT-1,0.523196,0.000032,0.476773
ACGTATTACTCCGATC-1,0.091729,0.000024,0.908247
ACGTCCTAAACGAGAT-1,0.500604,0.032487,0.46691
ACGTCGGGCAACTCGG-1,0.483958,0.053233,0.462809
ACGTCTCGTTCCGGGA-1,0.176245,0.256677,0.567078
ACGTGACAAAGTAAGT-1,0.639544,0.181858,0.178599
ACGTGCGCCTCGTGCA-1,0.681096,0.000088,0.318816
ACGTGGTCGAATGTGC-1,0.90863,0.069551,0.021819
ACGTTAATGTCGAAGA-1,0.623772,0.00005,0.376177
ACGTTAGATTTGCCCG-1,0.928583,0.000091,0.071325
ACGTTATTGGTCACTC-1,0.62451,0.000068,0.375422
ACGTTCACTATGCCGC-1,0.919791,0.079574,0.000636
ACGTTCCGCGCTCCGT-1,0.554528,0.000048,0.445424
ACGTTCGCAATCAATT-1,0.632099,0.210088,0.157813
ACGTTCGTTCAGGAAA-1,0.73576,0.000096,0.264144
ACGTTCTGTACAAGTC-1,0.800609,0.007688,0.191703
ACGTTGTCGTTGAAAG-1,0.569088,0.036021,0.394891
ACGTTTAGTTGTGATC-1,0.684742,0.000072,0.315186
ACGTTTCGGTGCACTT-1,0.999411,0.000074,0.000516
ACTAAGGACGCACACC-1,0.698245,0.000015,0.30174
ACTAATACGTCAGGCG-1,0.91144,0.000078,0.088481
ACTACAAAGAGAGGTG-1,0.285245,0.000029,0.714726
ACTACATCCCGACAAG-1,0.453513,0.010155,0.536332
ACTACCAGCTCTCTGG-1,0.999049,0.000119,0.000832
ACTACCATCCGAGGGC-1,0.568653,0.130763,0.300584
ACTACGCGTTAGAATT-1,0.263238,0.200834,0.535928
ACTAGTTGCGATCGTC-1,0.09568,0.003844,0.900475
ACTATATGCTGTGTTC-1,0.015376,0.083621,0.901002
ACTATCCAGGGCATGG-1,0.343793,0.041949,0.614258
ACTATCGCCGGCTAAA-1,0.714326,0.000506,0.285168
ACTATCTGCCCGCGTA-1,0.582327,0.25867,0.159003
ACTATGTCCAGCTGCC-1,0.158343,0.029992,0.811665
ACTATTCGTCCGTGGT-1,0.820402,0.000097,0.179501
ACTATTTCCGGGCCCA-1,0.999472,0.000066,0.000462
ACTCAACGAATGTATT-1,0.239068,0.077807,0.683126
ACTCAAGTGCAAGGCT-1,0.000051,0.00001,0.999939
ACTCAATAAAGGCACG-1,0.803854,0.073958,0.122188
ACTCAGACCTGCTTCT-1,0.999034,0.000121,0.000845
ACTCATGGCAGCCTTC-1,0.059925,0.000015,0.94006
ACTCCAATATCATCAT-1,0.470713,0.129335,0.399952
ACTCCCATTCCTAAAG-1,0.714132,0.044157,0.241711
ACTCCCGAATTCGTTT-1,0.999353,0.000081,0.000566
ACTCCCGTAGACTAGG-1,0.878083,0.089951,0.031966
ACTCCCTAATGCTAAA-1,0.299504,0.038846,0.66165
ACTCCCTAGAATAGTA-1,0.523025,0.007869,0.469106
ACTCCGGCCGACCACT-1,0.352142,0.001357,0.646502
ACTCGATGTATTTCAT-1,0.186233,0.000033,0.813735
ACTCGCCGTTCGATAA-1,0.172214,0.126827,0.70096
ACTCGCGATCTGACGC-1,0.898266,0.000031,0.101704
ACTCGTAACCCGTCCT-1,0.347234,0.000035,0.652731
ACTCGTCAGTAATCCC-1,0.741024,0.000056,0.25892
ACTCTAAACCTGGGAT-1,0.589282,0.049952,0.360766
ACTCTCTGACTTAGGT-1,0.891441,0.000054,0.108505
ACTCTCTTATACACGA-1,0.766625,0.224074,0.009301
ACTCTGACCTAATAGA-1,0.466375,0.002154,0.531472
ACTCTTCAGCTCCCGC-1,0.828636,0.171204,0.00016
ACTCTTGTATAGTAAC-1,0.996498,0.000066,0.003436
ACTGAAACGCCGTTAG-1,0.139562,0.000021,0.860417
ACTGAATGGCGAAAGT-1,0.839036,0.000042,0.160923
ACTGATTTAGTGATTC-1,0.874127,0.098716,0.027157
ACTGCCCGCCATTCTC-1,0.488546,0.000039,0.511414
ACTGCCGTCGTAACTC-1,0.719691,0.129138,0.151171
ACTGCGGACACACCGT-1,0.999646,0.000044,0.000309
ACTGCTCGGAAGGATG-1,0.02167,0.020616,0.957714
ACTGGCGAACCTGCGT-1,0.80524,0.000023,0.194737
ACTGGGATGCCAGTGC-1,0.878066,0.000068,0.121865
ACTGTACGATACACAT-1,0.763842,0.130859,0.105299
ACTGTAGCACTTTGGA-1,0.789938,0.00007,0.209991
ACTGTATACGCGAGCA-1,0.819387,0.000115,0.180498
ACTGTCCAGGATTATA-1,0.797672,0.013676,0.188652
ACTGTCTTCTTTAGAA-1,0.359074,0.000033,0.640893
ACTGTGCTAGTAGATC-1,0.439208,0.000054,0.560738
ACTGTTTAGTGTAGGC-1,0.09387,0.489034,0.417096
ACTTACCGGGCGCGCA-1,0.024953,0.000015,0.975032
ACTTACGCATCCACGC-1,0.02335,0.000024,0.976626
ACTTAGTACGACAAGA-1,0.553163,0.146978,0.299859
ACTTATACTTACCCGG-1,0.144849,0.013709,0.841442
ACTTATCTGATCTATA-1,0.429092,0.156727,0.414181
ACTTATTAGGATCGGT-1,0.987256,0.000106,0.012638
ACTTATTTATGTGCCA-1,0.066323,0.000018,0.933659
ACTTCAGGCTGATCCC-1,0.887286,0.000061,0.112653
ACTTCCAGTGGAAGCT-1,0.038334,0.259317,0.702349
ACTTCCATGCGGGACA-1,0.800475,0.042452,0.157073
ACTTCGCCATACGCAC-1,0.70374,0.133553,0.162707
ACTTCGCTAGCGAGTG-1,0.999664,0.000042,0.000294
ACTTGACTCCCTCTTT-1,0.043148,0.00002,0.956832
ACTTGCCATATTGTAC-1,0.369782,0.132371,0.497848
ACTTGCTCTATCTACC-1,0.100883,0.005052,0.894066
ACTTGGGACCCGGTGG-1,0.953628,0.000068,0.046304
ACTTGGGCTTTCGCCA-1,0.838543,0.019305,0.142153
ACTTGTAGTCCCTTCA-1,0.51889,0.181232,0.299878
ACTTGTGGATGGAACG-1,0.689496,0.026959,0.283544
ACTTGTTACCGGATCA-1,0.620357,0.048302,0.33134
ACTTTACCCTCATGAA-1,0.999456,0.000068,0.000476
ACTTTATACACCACTT-1,0.467612,0.000038,0.532351
ACTTTCCTATAGCTTC-1,0.761469,0.000072,0.238459
ACTTTGACTGCATCCT-1,0.290465,0.008624,0.700911
ACTTTGGTCGTGCTCC-1,0.575515,0.069921,0.354564
ACTTTGTCGACGCACT-1,0.972549,0.027226,0.000224
AGAAATTATGACTCGC-1,0.832329,0.004393,0.163278
AGAACACGGCGATGGT-1,0.759681,0.000035,0.240284
AGAACCCAGCGTGACA-1,0.999769,0.000029,0.000202
AGAACCCTCAATTGGG-1,0.691081,0.155484,0.153435
AGAACGTGGTACATTC-1,0.851421,0.09556,0.05302
AGAACTGTACTTTGTA-1,0.858082,0.035262,0.106656
AGAAGAGCGCCGTTCC-1,0.493171,0.000447,0.506382
AGAAGGTACACTTCAC-1,0.246411,0.334604,0.418984
AGAAGGTTGCCGAATT-1,0.858517,0.000077,0.141406
AGAAGGTTGTAGGTCG-1,0.354101,0.000031,0.645868
AGAAGTGATTCGTGAT-1,0.416502,0.001087,0.582411
AGAATAAATCTTCAGG-1,0.282539,0.092863,0.624599
AGAATACAGGCTATCC-1,0.515811,0.414625,0.069565
AGAATGCGGGTTCGGA-1,0.756261,0.000069,0.24367
AGAATTATGGATTCGA-1,0.598331,0.000046,0.401623
AGAATTGTTTGACATA-1,0.832367,0.000061,0.167572
AGACAGCTCAGAATCC-1,0.103641,0.105584,0.790775
AGACAGGCATCTCAGC-1,0.921998,0.000024,0.077977
AGACATAGATCCTTCC-1,0.931912,0.067198,0.00089
AGACCAAACCACACCT-1,0.153587,0.032122,0.814291
AGACCATGGGATACAA-1,0.561015,0.02356,0.415425
AGACCCACCGCTGATC-1,0.098511,0.001392,0.900097
AGACCCGCCCTCCTCG-1,0.10827,0.143534,0.748196
AGACCGCTCCGCGGTT-1,0.331837,0.000022,0.668141
AGACCGGGAAACCCTG-1,0.446913,0.013617,0.53947
AGACGAAGTGCCGGTC-1,0.759501,0.046201,0.194298
AGACGACGATGCCGCT-1,0.204808,0.171296,0.623897
AGACGCCCACTTCGCC-1,0.863888,0.009607,0.126505
AGACGGGATTGGTATA-1,0.90402,0.055535,0.040445
AGACGGGCCGATTTAA-1,0.153355,0.06823,0.778416
AGACTAGCCTTCCAGA-1,0.999275,0.000091,0.000634
AGACTGTTACCGGGTC-1,0.68991,0.000063,0.310027
AGAGAAACACCAGAAA-1,0.847179,0.000043,0.152778
AGAGAACCGTCTAGGA-1,0.745732,0.132911,0.121357
AGAGAAGGAGTACAAT-1,0.181847,0.060676,0.757477
AGAGATCTCTAAAGCG-1,0.652643,0.028702,0.318654
AGAGCAGTTATGAGAC-1,0.586222,0.00005,0.413728
AGAGCCGCCGAGATTT-1,0.069788,0.03595,0.894262
AGAGCGCTTGTAACGG-1,0.999865,0.000017,0.000118
AGAGCGGGCTAATCAT-1,0.814003,0.000073,0.185923
AGAGCGTACAAGCTCG-1,0.045772,0.000019,0.954209
AGAGCTACGAAAGCAT-1,0.395399,0.000037,0.604564
AGAGGCTTCGGAAACC-1,0.344126,0.010757,0.645117
AGAGGGACAATTGTCC-1,0.526874,0.044474,0.428652
AGAGGTATCTCGGTCC-1,0.251845,0.152242,0.595914
AGAGTAAACTTCACTA-1,0.444593,0.000038,0.555369
AGAGTATAGTGTTACG-1,0.887831,0.067862,0.044306
AGAGTCTTAATGAAAG-1,0.999821,0.000022,0.000156
AGAGTGAACAGACACC-1,0.824042,0.06837,0.107588
AGAGTTAGAGACCGAT-1,0.36722,0.401895,0.230885
AGAGTTGCAGGCCTCC-1,0.864651,0.00002,0.135329
AGATAACTTCAGGGCC-1,0.918965,0.00005,0.080984
AGATAATCACACCTAT-1,0.090789,0.000017,0.909194
AGATACCAATAGAACC-1,0.342509,0.134089,0.523402
AGATACCAGCACTTCA-1,0.397235,0.000027,0.602738
AGATACCGGTGTTCAC-1,0.968522,0.000079,0.031399
AGATACGACTTCATAT-1,0.76324,0.000075,0.236685
AGATACTCAAGATCGA-1,0.728461,0.004108,0.267431
AGATATAATACGACTA-1,0.211914,0.000028,0.788059
AGATCGTGCATAAGAT-1,0.978373,0.00005,0.021577
AGATCTCAGGTGTGAT-1,0.897217,0.086366,0.016417
AGATCTGGAGAGGATA-1,0.976146,0.000056,0.023798
AGATGACTCGCCCACG-1,0.655804,0.099116,0.24508
AGATGAGGGTTGCGAT-1,0.03717,0.00505,0.95778
AGATGATGGAGTCTGG-1,0.796953,0.00005,0.202996
AGATGCAAGACGTGCA-1,0.36278,0.001483,0.635737
AGATGCATCCTGTGTC-1,0.075949,0.327064,0.596987
AGATGCTATAACGAGC-1,0.221268,0.00002,0.778712
AGATTATAGGACGTTT-1,0.960605,0.000088,0.039307
AGATTCAAGCGGGTCG-1,0.411167,0.003787,0.585046
AGATTCACAACCGATA-1,0.160609,0.062968,0.776423
AGCAAAGGCCGCTAGT-1,0.495645,0.00004,0.504315
AGCAACATATCTTATT-1,0.507378,0.000041,0.492581
AGCAACCGAAAGTAAT-1,0.509442,0.049529,0.441029
AGCACACGTTTAGACT-1,0.697775,0.003052,0.299173
AGCACCAGTACTCACG-1,0.742493,0.168381,0.089126
AGCACTACCGGCCTGT-1,0.758708,0.025411,0.215882
AGCACTACCTCACCAG-1,0.245662,0.000024,0.754314
AGCACTTAAGGACGCC-1,0.678636,0.130515,0.190848
AGCAGAAGGAGAAAGA-1,0.465888,0.000032,0.53408
AGCAGCCAGATGAATA-1,0.073559,0.020122,0.906319
AGCAGTCGAAGCATGC-1,0.015456,0.029034,0.95551
AGCATATCAATATGCT-1,0.711056,0.190771,0.098173
AGCATCATTTCGAAAG-1,0.409179,0.013002,0.577818
AGCATCGTCGATAATT-1,0.367816,0.014338,0.617846
AGCATTACGAGGCAAG-1,0.338697,0.000307,0.660996
AGCCAAGCTTTGTGTC-1,0.546058,0.000049,0.453893
AGCCACAGGTTACCCG-1,0.094539,0.158104,0.747357
AGCCACTCCCGTGCTT-1,0.771235,0.069,0.159765
AGCCATATAGTATGTG-1,0.24308,0.000033,0.756887
AGCCCATACATGTAAG-1,0.601219,0.080684,0.318097
AGCCCGCAACAAGCAG-1,0.475699,0.00003,0.524271
AGCCCGCACTACAATG-1,0.747239,0.077252,0.175509
AGCCCGGCATTAGAGG-1,0.377335,0.065727,0.556938
AGCCCGGTAGCCTGTA-1,0.871402,0.000068,0.12853
AGCCCTAAGCGAAGTT-1,0.743097,0.000062,0.256841
AGCCCTCCCTGGTGGC-1,0.025232,0.000023,0.974745
AGCCCTGTCGCACCGT-1,0.988728,0.000045,0.011227
AGCCCTTCTAATCCGA-1,0.237406,0.004383,0.758212
AGCCCTTGGACATCCC-1,0.224554,0.093077,0.682369
AGCCGCAAATTCAAAT-1,0.021181,0.045275,0.933544
AGCCGCTTGATTAGCG-1,0.271728,0.00002,0.728252
AGCCGTGGCTAAATGT-1,0.718609,0.000034,0.281356
AGCCTAATACCCACGT-1,0.283239,0.131221,0.585541
AGCCTTAAAGCGGAAG-1,0.486748,0.085739,0.427512
AGCCTTGTCACTGATA-1,0.468381,0.019759,0.51186
AGCGACAGGAACGGTC-1,0.419845,0.000032,0.580123
AGCGACATCCCATTCA-1,0.666966,0.009049,0.323986
AGCGACCAACGATATT-1,0.329533,0.145217,0.52525
AGCGACTTTGAAGACA-1,0.864576,0.002192,0.133232
AGCGAGACGTGAAGGC-1,0.348187,0.013339,0.638474
AGCGATGCGCCTAATA-1,0.908669,0.073465,0.017866
AGCGCATAATGAATCG-1,0.088173,0.144768,0.767059
AGCGCGGGTGCCAATG-1,0.008756,0.000011,0.991233
AGCGCTAGAGCGATGT-1,0.999677,0.00004,0.000282
AGCGCTTATGGGCAAG-1,0.316416,0.000041,0.683543
AGCGGACACTTCGTAG-1,0.434696,0.040916,0.524388
AGCGGCGGTTAGCGGT-1,0.48314,0.086582,0.430278
AGCGGGAAGGGTCCAT-1,0.427658,0.00006,0.572282
AGCGGGTCTGACACTC-1,0.677441,0.000055,0.322505
AGCGGTTGAGATGTAC-1,0.588625,0.199973,0.211402
AGCGGTTGCCGCTCTG-1,0.974538,0.025129,0.000333
AGCGTACGAGAGCTAG-1,0.43032,0.00004,0.56964
AGCGTAGCGCTAGACC-1,0.336021,0.099472,0.564507
AGCGTCTGAACCCGCA-1,0.992664,0.000079,0.007258
AGCGTGGTATTCTACT-1,0.682112,0.081472,0.236416
AGCGTTCCGATTTAAA-1,0.572685,0.069099,0.358216
AGCTAACAAGCAATGT-1,0.187616,0.115146,0.697238
AGCTAAGCTCCGTCCG-1,0.750711,0.199489,0.0498
AGCTAAGTACGCAGGC-1,0.38051,0.000019,0.61947
AGCTACGAATGGTGGT-1,0.538102,0.103993,0.357905
AGCTAGAAGCAGAAGT-1,0.999393,0.000076,0.000531
AGCTATTTAATCCAAC-1,0.924592,0.074759,0.000649
AGCTCCATATATGTTC-1,0.621648,0.000033,0.378319
AGCTCCTTCGCACATC-1,0.255139,0.000028,0.744833
AGCTCGTTGATGGAAA-1,0.871973,0.000021,0.128006
AGCTCTAGACGTTCCA-1,0.793087,0.000064,0.206849
AGCTCTTCCCAGTGCA-1,0.708622,0.279371,0.012006
AGCTCTTCGTAACCTT-1,0.011971,0.145823,0.842206
AGCTCTTTACTCAGTT-1,0.621873,0.124684,0.253443
AGCTGAAGTAAACCAA-1,0.877656,0.000061,0.122283
AGCTGCATTTGAGGTG-1,0.083683,0.233865,0.682452
AGCTGCTGTGCCGAAT-1,0.209459,0.136223,0.654318
AGCTGTAACCTCAATC-1,0.409112,0.083402,0.507486
AGCTTATAGAGACCTG-1,0.990137,0.000143,0.00972
AGCTTCAATACTTTGA-1,0.654074,0.178209,0.167717
AGCTTCTTCTCGAGCA-1,0.218689,0.104835,0.676476
AGCTTGATCAGGGTAG-1,0.249534,0.134947,0.615519
AGCTTGATCTTAACTT-1,0.628872,0.000805,0.370323
AGGAAAGCCTCTGATG-1,0.032357,0.031007,0.936636
AGGAACGAACGACTTC-1,0.155146,0.021465,0.823389
AGGAAGCTGTCCGCCG-1,0.634907,0.095701,0.269393
AGGACAGTCGAATCCC-1,0.961547,0.000075,0.038378
AGGACATCGCACGTCG-1,0.929009,0.000105,0.070887
AGGACATCGGCACACT-1,0.984731,0.000032,0.015237
AGGACGACCCATTAGA-1,0.895846,0.0606,0.043555
AGGACGCTCGATGTTG-1,0.379423,0.000045,0.620532
AGGACTTATAGGAGAA-1,0.581627,0.034227,0.384146
AGGAGACATCCACAGT-1,0.999632,0.000046,0.000322
AGGAGAGTCTGGCTAC-1,0.975741,0.024131,0.000128
AGGAGCGTTTATTATC-1,0.813218,0.138941,0.047841
AGGAGGCCTTCGCGCG-1,0.258761,0.007624,0.733616
AGGATAAAGTCGGGAT-1,0.16348,0.000027,0.836493
AGGATATAGGGATTTA-1,0.831699,0.000054,0.168247
AGGATATCCGACTGCA-1,0.644207,0.034909,0.320884
AGGATCACGCGATCTG-1,0.347794,0.047965,0.604241
AGGATTGCTTACGACA-1,0.933773,0.065786,0.000441
AGGCAAAGAGGAATCA-1,0.883368,0.016448,0.100184
AGGCAATACGGAGGAC-1,0.690235,0.000025,0.30974
AGGCACGTGACTGTCC-1,0.709384,0.064636,0.225981
AGGCAGATGCGTAAAC-1,0.576028,0.015745,0.408227
AGGCAGGGAGCGTACT-1,0.999436,0.000071,0.000494
AGGCATTGTCGTAGGG-1,0.441406,0.110097,0.448497
AGGCCACATTGGTTAC-1,0.999805,0.000024,0.000171
AGGCCACCCGTTATGA-1,0.868688,0.130591,0.000722
AGGCCCAGTGACTGGT-1,0.051425,0.000011,0.948563
AGGCCCATTGTACAGG-1,0.03341,0.000023,0.966567
AGGCCCTAGAACGCCA-1,0.343848,0.000025,0.656127
AGGCCTATCATACCAA-1,0.179772,0.006568,0.813659
AGGCCTGAGAATCTCG-1,0.334251,0.000034,0.665715
AGGCGATAACTGGCGT-1,0.643635,0.106038,0.250327
AGGCGGTTTGTCCCGC-1,0.993523,0.000061,0.006417
AGGCGTCTATGGACGG-1,0.38916,0.202705,0.408135
AGGCTATGGTTAGCTT-1,0.118887,0.012409,0.868704
AGGCTTAAGTTGCACA-1,0.10927,0.461489,0.429241
AGGCTTCCCGAAGAAG-1,0.75891,0.036046,0.205044
AGGCTTGCTAGACACC-1,0.362464,0.014459,0.623077
AGGGAAACGAGGTACT-1,0.686253,0.000085,0.313661
AGGGACAGCACGGCGG-1,0.847918,0.088827,0.063255
AGGGACCGGCTGCGTT-1,0.988428,0.011206,0.000366
AGGGACTCTACGCGAC-1,0.149749,0.054729,0.795521
AGGGAGACATACTTCG-1,0.591303,0.408114,0.000583
AGGGCAGCGGCGTGGT-1,0.999376,0.000078,0.000546
AGGGCCCTAATGTTCT-1,0.804692,0.014296,0.181012
AGGGCGAGCAGCTGAT-1,0.373471,0.069296,0.557234
AGGGCGTGATCGGCTA-1,0.999102,0.000112,0.000786
AGGGCTGCAGTTACAG-1,0.953058,0.035399,0.011542
AGGGTCAGAGCACTCG-1,0.999388,0.000077,0.000536
AGGGTCAGTAACCCTA-1,0.926502,0.026246,0.047253
AGGGTCGATGCGAACT-1,0.072425,0.000022,0.927553
AGGGTCTGGACGCAGT-1,0.897846,0.000036,0.102118
AGGGTGCCGTTCTTTA-1,0.307106,0.042041,0.650853
AGGGTGCTCTCGAGGG-1,0.986478,0.000065,0.013457
AGGGTGGATAGTGCAT-1,0.455052,0.030089,0.514858
AGGGTGTGCTACACGC-1,0.446398,0.305805,0.247798
AGGGTTCAGACGGTCC-1,0.888135,0.000058,0.111807
AGGGTTCCCTTTGGTT-1,0.766254,0.000051,0.233695
AGGGTTTAGTTCGGGA-1,0.595594,0.263221,0.141185
AGGTAACCTCCTATTC-1,0.952987,0.000158,0.046855
AGGTACGATATTGCCA-1,0.829553,0.169708,0.000739
AGGTAGATCGAGATAT-1,0.944814,0.002268,0.052917
AGGTAGGTACAAAGCT-1,0.177797,0.040125,0.782078
AGGTATAATTGATAGT-1,0.907619,0.092011,0.00037
AGGTATGCGGACATTA-1,0.876281,0.123532,0.000188
AGGTCAGGTGAGAGTG-1,0.73447,0.000956,0.264574
AGGTCGCCACTTCGGT-1,0.038944,0.000015,0.961041
AGGTCGCCTCCCAACA-1,0.789002,0.001984,0.209014
AGGTCGCGGAGTTACT-1,0.397568,0.311943,0.290488
AGGTGCACGTCCACAT-1,0.569435,0.000028,0.430536
AGGTGGTGACCTTCGC-1,0.63474,0.000058,0.365203
AGGTGTATCGCCATGA-1,0.853166,0.060733,0.086101
AGGTGTTGCCGACCAC-1,0.979455,0.020244,0.000301
AGGTTACACCATGCCG-1,0.850741,0.071063,0.078196
AGGTTCTCCTTTCCGG-1,0.305736,0.097511,0.596753
AGGTTGAGGCACGCTT-1,0.963787,0.035628,0.000585
AGGTTTCACACACCTT-1,0.504676,0.055217,0.440108
AGTAACGTTCATCCTG-1,0.563111,0.398755,0.038133
AGTAACTATAGCAGCC-1,0.911087,0.062148,0.026765
AGTAAGGGACAGAATC-1,0.025389,0.097249,0.877362
AGTAATCTAAGGGTGG-1,0.639023,0.315662,0.045315
AGTAATGTCTTGCCGC-1,0.486852,0.000066,0.513082
AGTAATTTGCAAGCGT-1,0.692302,0.075006,0.232692
AGTACAGAAGCTTATA-1,0.798193,0.000056,0.201751
AGTACATCATTTATCA-1,0.978922,0.000101,0.020977
AGTACCTTCGAGTGCT-1,0.722059,0.006804,0.271137
AGTACGGCCCGTATCG-1,0.267977,0.070628,0.661396
AGTACGGGCACCTGGC-1,0.683587,0.194011,0.122403
AGTACGTGGCCTGTCT-1,0.924602,0.074874,0.000524
AGTACTCTTATGCCCA-1,0.862865,0.000083,0.137052
AGTAGAAGGCGCCTCA-1,0.533292,0.000035,0.466673
AGTAGCGTGAACGAAC-1,0.886548,0.000034,0.113418
AGTAGCTAGACGCCGA-1,0.615249,0.223297,0.161455
AGTAGGAAGGAAGTTG-1,0.84244,0.000055,0.157505
AGTAGGTAACATACAT-1,0.91589,0.083391,0.000719
AGTATAATACTAGGCA-1,0.452861,0.027631,0.519508
AGTATACACAGCGACA-1,0.289584,0.000028,0.710388
AGTATCCATAATAACG-1,0.412679,0.000032,0.587289
AGTATGCTGGAGACCA-1,0.688679,0.014743,0.296578
AGTATTTGGCACGACC-1,0.275772,0.006984,0.717245
AGTCAAATGATGTGAT-1,0.803839,0.000041,0.19612
AGTCAACACCACCATC-1,0.881249,0.017968,0.100783
AGTCAAGATGACACTT-1,0.30436,0.000036,0.695603
AGTCACTAGCTCTCGA-1,0.363497,0.000039,0.636464
AGTCACTCCGCCTCAT-1,0.137495,0.001108,0.861397
AGTCAGCCACCGCCTG-1,0.007895,0.000025,0.99208
AGTCCAGCGGGTACGT-1,0.363448,0.027146,0.609406
