Barcode,Topic 1to4,Topic 5,Topic 6to8,Topic 9,Topic 10
AAACAAGTATCTCCCA-1,0.57838,0.01441,0.223303,0.148738,0.035169
AAACACCAATAACTGC-1,0.487938,0.028109,0.364642,0.049528,0.069782
AAACAGAGCGACTCCT-1,0.555569,0.005842,0.438528,0.00003,0.00003
AAACAGGGTCTATATT-1,0.812583,0.020487,0.145686,0.013955,0.007288
AAACAGTGTTCCTGGG-1,0.368887,0.035985,0.000063,0.000021,0.595044
AAACATTTCCCGGATT-1,0.812721,0.041805,0.129182,0.001286,0.015005
AAACCGGGTAGGTACC-1,0.191367,0.009989,0.700664,0.006586,0.091394
AAACCGTTCGTCCAGG-1,0.701984,0.018141,0.279832,0.000022,0.000022
AAACCTAAGCAGCCGG-1,0.133315,0.398333,0.010378,0.006337,0.451637
AAACCTCATGAAGTTG-1,0.864623,0.000017,0.135325,0.000017,0.000017
AAACGAAGAACATACC-1,0.435278,0.026442,0.536626,0.001619,0.000035
AAACGAGACGGTTGAT-1,0.527034,0.013597,0.459317,0.000026,0.000026
AAACGGGCGTACGGGT-1,0.234748,0.371449,0.354775,0.039008,0.000019
AAACGGTTGCGAACTG-1,0.003978,0.000027,0.000082,0.028392,0.967521
AAACTCGGTTCGCAAT-1,0.120643,0.000033,0.00107,0.061041,0.817212
AAACTGCTGGCTCCAA-1,0.683765,0.059946,0.099263,0.08874,0.068286
AAACTTGCAAACGTAT-1,0.413931,0.015868,0.405957,0.068131,0.096113
AAAGAATGTGGACTAA-1,0.367707,0.021084,0.532131,0.018625,0.060453
AAAGACCCAAGTCGCG-1,0.94159,0.000016,0.057094,0.001284,0.000016
AAAGACTGGGCGCTTT-1,0.866205,0.000014,0.133243,0.000524,0.000014
AAAGGCCCTATAATAC-1,0.585226,0.087375,0.314035,0.013351,0.000013
AAAGGCTACGGACCAT-1,0.13009,0.000015,0.007833,0.002415,0.859646
AAAGGCTCTCGCGCCG-1,0.000216,0.143618,0.231191,0.056643,0.568332
AAAGGGATGTAGCAAG-1,0.462681,0.005514,0.353402,0.005223,0.17318
AAAGGGCAGCTTGAAT-1,0.370473,0.000035,0.547139,0.082318,0.000035
AAAGGTAAGCTGTACC-1,0.010803,0.000044,0.521715,0.467394,0.000044
AAAGTAGCATTGCTCA-1,0.711211,0.037851,0.250899,0.000019,0.000019
AAAGTCACTGATGTAA-1,0.947087,0.000021,0.052851,0.000021,0.000021
AAAGTCGACCCTCAGT-1,0.940944,0.003041,0.048932,0.000014,0.007068
AAAGTGTGATTTATCT-1,0.838372,0.054874,0.06143,0.011031,0.034294
AAAGTTGACTCCCGTA-1,0.72034,0.085263,0.19437,0.000013,0.000013
AAATAACCATACGGGA-1,0.022803,0.000053,0.931359,0.010348,0.035436
AAATACCTATAAGCAT-1,0.661289,0.000013,0.004676,0.015977,0.318045
AAATAGCTTAGACTTT-1,0.530506,0.004358,0.419727,0.018247,0.027162
AAATAGGGTGCTATTG-1,0.000206,0.117242,0.209221,0.241097,0.432235
AAATCCGATACACGCC-1,0.341452,0.035203,0.036016,0.218293,0.369035
AAATCGTGTACCACAA-1,0.396561,0.161952,0.257011,0.099721,0.084754
AAATCTAGCCCTGCTA-1,0.918842,0.001386,0.002044,0.000009,0.077719
AAATGACTGATCAAAC-1,0.000175,0.000044,0.000132,0.000044,0.999605
AAATGCTCGTTACGTT-1,0.000471,0.000118,0.728119,0.261768,0.009525
AAATGGCATGTCTTGT-1,0.21297,0.000812,0.786097,0.00006,0.00006
AAATGGCCCGTGCCCT-1,0.750778,0.002363,0.244896,0.001947,0.000015
AAATGGTCAATGTGCC-1,0.44753,0.09423,0.42369,0.021901,0.012649
AAATTAACGGGTAGCT-1,0.184331,0.023529,0.558435,0.233674,0.000032
AAATTACACGACTCTG-1,0.565825,0.033137,0.360352,0.000036,0.04065
AAATTACCTATCGATG-1,0.3087,0.043083,0.648159,0.000029,0.000029
AAATTGATAGTCCTTT-1,0.808209,0.069629,0.02945,0.077424,0.015287
AAATTTACCGAAATCC-1,0.658204,0.00005,0.128665,0.213031,0.00005
AAATTTGCGGGTGTGG-1,0.106566,0.070964,0.822386,0.000042,0.000042
AACAACTGGTAGTTGC-1,0.392958,0.003586,0.603365,0.000046,0.000046
AACAATACATTGTCGA-1,0.652741,0.056856,0.286259,0.004125,0.000019
AACAATTACTCTACGC-1,0.902221,0.006046,0.088795,0.002916,0.000023
AACACACGCTCGCCGC-1,0.633259,0.124643,0.199356,0.002387,0.040354
AACACGACTGTACTGA-1,0.807884,0.000034,0.192015,0.000034,0.000034
AACACGAGACGCGGCC-1,0.364202,0.027051,0.555403,0.000019,0.053325
AACACGCGGCCGCGAA-1,0.594447,0.00003,0.375583,0.014554,0.015386
AACAGCTGTGTGGCAA-1,0.999929,0.000012,0.000036,0.000012,0.000012
AACAGGAAATCGAATA-1,0.133574,0.000044,0.837428,0.028911,0.000044
AACAGGATGGGCCGCG-1,0.073307,0.000056,0.91564,0.010941,0.000056
AACATATCAACTGGTG-1,0.36879,0.029665,0.421058,0.047139,0.133348
AACATTGAAGTTGATC-1,0.552925,0.106185,0.293948,0.003107,0.043834
AACATTGTGACTCGAG-1,0.047861,0.011307,0.012639,0.00839,0.919803
AACCAAGACTTCTCTG-1,0.283256,0.000015,0.263099,0.453616,0.000015
AACCAGTATCACTCTT-1,0.166208,0.00015,0.726941,0.106551,0.00015
AACCATGGGATCGCTA-1,0.000308,0.000077,0.538942,0.460596,0.000077
AACCCAGAGACGGAGA-1,0.62947,0.005789,0.364673,0.000035,0.000035
AACCCATCCCATGATC-1,0.836434,0.00728,0.126114,0.001621,0.028551
AACCCGACAACCCGTG-1,0.018625,0.020737,0.042997,0.03626,0.881382
AACCCGCTGTATTCCA-1,0.000132,0.000033,0.000099,0.000033,0.999703
AACCCTACTGTCAATA-1,0.306585,0.21087,0.473017,0.002051,0.007477
AACCCTGGTGGAACCA-1,0.989765,0.00002,0.010176,0.00002,0.00002
AACCGAGCTTGGTCAT-1,0.197339,0.005062,0.779398,0.017264,0.000936
AACCGCTAAGGGATGC-1,0.737156,0.077523,0.113185,0.072126,0.00001
AACCGTTGTGTTTGCT-1,0.878522,0.000041,0.121354,0.000041,0.000041
AACCTCGCTTTAGCCC-1,0.173097,0.075697,0.02846,0.037866,0.68488
AACCTTTAAATACGGT-1,0.299457,0.448026,0.008554,0.000031,0.243933
AACCTTTACGACGTCT-1,0.869111,0.000021,0.130825,0.000021,0.000021
AACGATAATGCCGTAG-1,0.062128,0.200447,0.186556,0.005829,0.545039
AACGATAGAAGGGCCG-1,0.06888,0.000058,0.581014,0.349989,0.000058
AACGATATGTCAACTG-1,0.969311,0.00002,0.030629,0.00002,0.00002
AACGCATGATCTGGGT-1,0.160445,0.008269,0.83078,0.000467,0.000039
AACGCGACCTTGGGCG-1,0.031308,0.000033,0.000098,0.000033,0.968529
AACGCGGTCTCCAGCC-1,0.542822,0.001304,0.397087,0.055818,0.002969
AACGCTGTTGCTGAAA-1,0.767332,0.000769,0.052537,0.13658,0.042783
AACGGACGTACGTATA-1,0.151394,0.209203,0.639362,0.00002,0.00002
AACGGCCATCTCCGGT-1,0.553735,0.00613,0.304826,0.135292,0.000017
AACGTACTGTGGGTAC-1,0.485661,0.047677,0.466605,0.000029,0.000029
AACGTCAGACTAGTGG-1,0.45683,0.002063,0.505095,0.000026,0.035985
AACGTCATCCGGCTTG-1,0.001334,0.000333,0.182014,0.000333,0.815985
AACGTGATGAAGGACA-1,0.389775,0.004735,0.605396,0.000047,0.000047
AACGTGCGAAAGTCTC-1,0.595113,0.119404,0.133708,0.096024,0.05575
AACTAGCGTATCGCAC-1,0.000528,0.000132,0.711031,0.269013,0.019297
AACTAGGCTTGGGTGT-1,0.139377,0.031598,0.069618,0.037488,0.721919
AACTCAAGTTAATTGC-1,0.259041,0.05812,0.544984,0.027458,0.110396
AACTCCAGAGCGTGTT-1,0.542081,0.185774,0.265238,0.002191,0.004716
AACTCCTAATCCCATG-1,0.106422,0.000133,0.5896,0.244761,0.059084
AACTCTCAATAGAGCG-1,0.206382,0.019044,0.723782,0.000232,0.050561
AACTCTCAGTGTGCTC-1,0.615393,0.021982,0.344025,0.018569,0.000031
AACTGATATTAGGCCT-1,0.559517,0.000033,0.437405,0.003011,0.000033
AACTGGGTCCCGACGT-1,0.808671,0.000015,0.184582,0.000576,0.006157
AACTGGGTTCGAGCCG-1,0.000554,0.000139,0.824256,0.174913,0.000139
AACTGGTGTGGGCCTT-1,0.099411,0.005771,0.843174,0.051582,0.000061
AACTTGCCCGTATGCA-1,0.31082,0.010257,0.669021,0.00985,0.000052
AACTTTAGCTGCTGAG-1,0.000509,0.000127,0.576508,0.422728,0.000127
AAGACCCAACTGAACA-1,0.252164,0.001129,0.054441,0.002264,0.690002
AAGACTCACGCCCACT-1,0.712587,0.002875,0.177733,0.054845,0.05196
AAGACTGCAAGCTACT-1,0.576796,0.117681,0.305467,0.000028,0.000028
AAGAGATGAATCGGTA-1,0.449544,0.000028,0.508165,0.039977,0.002285
AAGAGCTCTTTATCGG-1,0.522466,0.058276,0.419193,0.000033,0.000033
AAGAGGATGTACGCGA-1,0.568498,0.000149,0.425364,0.005934,0.000056
AAGAGGCATGGATCGC-1,0.641495,0.074281,0.28419,0.000017,0.000017
AAGATGGCACCGGACC-1,0.233039,0.162914,0.596777,0.000037,0.007232
AAGATTGGCGGAACGT-1,0.526326,0.012549,0.375889,0.081022,0.004214
AAGCACCCTGCGTATC-1,0.43822,0.000019,0.015443,0.007249,0.53907
AAGCATACTCTCCTGA-1,0.670933,0.014865,0.00336,0.000023,0.310818
AAGCCACTTGCAGGTA-1,0.35863,0.093142,0.235058,0.002626,0.310544
AAGCCGCCGTGAAATC-1,0.476811,0.008081,0.350693,0.070133,0.094282
AAGCGCAGGGCTTTGA-1,0.067824,0.027783,0.022023,0.000034,0.882336
AAGCGGCGTCATGGGT-1,0.754387,0.000039,0.175629,0.069906,0.000039
AAGCGTCCCTCATCGA-1,0.510465,0.097228,0.392234,0.000036,0.000036
AAGCTAGATCGAGTAA-1,0.289546,0.004713,0.028355,0.121892,0.555494
AAGCTCGTGCCAAGTC-1,0.310183,0.067037,0.622385,0.000366,0.000029
AAGCTCTTTCATGGTG-1,0.400411,0.008716,0.001012,0.043008,0.546853
AAGGAGAACTTATAAG-1,0.012125,0.000079,0.735091,0.252627,0.000079
AAGGAGCGGTTGGTGC-1,0.328515,0.008925,0.491538,0.120455,0.050568
AAGGATCGATCGCTTG-1,0.595577,0.010072,0.294195,0.028321,0.071834
AAGGATGAGGGACCTC-1,0.400707,0.009402,0.580152,0.009709,0.00003
AAGGCGCGTAAAGCTT-1,0.663552,0.000021,0.312907,0.023501,0.000021
AAGGCTGTGCTCATCG-1,0.981543,0.000011,0.018424,0.000011,0.000011
AAGGGAACGACTGGCT-1,0.862337,0.005746,0.072114,0.006936,0.052867
AAGGGACAGATTCTGT-1,0.20663,0.014743,0.775339,0.000025,0.003262
AAGGGACTATGCATTC-1,0.498107,0.018431,0.254643,0.049106,0.179712
AAGGTATCCTAATATA-1,0.616864,0.042819,0.340272,0.000023,0.000023
AAGGTGATAAACCAGC-1,0.425605,0.249496,0.313309,0.006653,0.004936
AAGTAGAAGACCGGGT-1,0.726584,0.003684,0.262831,0.006875,0.000025
AAGTAGTGACGCGAGG-1,0.520232,0.000029,0.416094,0.063616,0.000029
AAGTCAATTGTCGTCA-1,0.394675,0.162638,0.389906,0.011427,0.041354
AAGTGACGACCGAATT-1,0.833433,0.000206,0.166336,0.000013,0.000013
AAGTGAGTCGGGTTTA-1,0.141742,0.091383,0.144897,0.014569,0.607409
AAGTGCAAAGGTAGAC-1,0.568317,0.000033,0.416544,0.008192,0.006915
AAGTGCCTTGACTGTA-1,0.468932,0.126473,0.367064,0.03751,0.000021
AAGTGCGTTAGAATCT-1,0.444114,0.017168,0.538654,0.000032,0.000032
AAGTGCTTCTCTATTG-1,0.366214,0.090041,0.011497,0.062324,0.469924
AAGTGTTTGGAGACGG-1,0.407605,0.09844,0.085835,0.115195,0.292925
AAGTTCACTCCAAGCT-1,0.282581,0.006599,0.027528,0.234577,0.448716
AAGTTCAGTCTGCGTA-1,0.355483,0.062218,0.537471,0.002275,0.042554
AAGTTCGGCCAACAGG-1,0.476669,0.018597,0.478984,0.019874,0.005876
AAGTTGTGATGTTATA-1,0.464281,0.047937,0.456185,0.002596,0.029001
AAGTTTACTAATGGCA-1,0.000399,0.0001,0.77752,0.221882,0.0001
AAGTTTATGGGCCCAA-1,0.000062,0.000015,0.000046,0.000015,0.999861
AATAACAACGCTCGGC-1,0.35993,0.00862,0.534008,0.000019,0.097423
AATAACACTAGAACAA-1,0.273307,0.022602,0.649797,0.044919,0.009375
AATAAGTCCTCGAGAC-1,0.109778,0.000046,0.805398,0.084733,0.000046
AATACAATGTTTCAGG-1,0.000334,0.000083,0.484443,0.515056,0.000083
AATACCGGAGGGCTGT-1,0.085219,0.706403,0.016566,0.041257,0.150555
AATACCTGATGTGAAC-1,0.378821,0.02006,0.46491,0.027822,0.108388
AATAGAACAGAGTGGC-1,0.662694,0.001447,0.220705,0.000022,0.115133
AATAGAATCTGTTTCA-1,0.009625,0.014574,0.369118,0.425205,0.181477
AATAGGCACGACCCTT-1,0.249401,0.12379,0.107799,0.006994,0.512015
AATAGTCCGTCCCGAC-1,0.206315,0.030568,0.044594,0.078632,0.639891
AATATCAAGGTCGGAT-1,0.000324,0.000081,0.339132,0.660382,0.000081
AATATCGAGGGTTCTC-1,0.023783,0.023853,0.900847,0.051484,0.000033
AATATTGGAGTATTGA-1,0.369422,0.0046,0.619298,0.004052,0.002628
AATCAGGTTTCATTTA-1,0.641475,0.333158,0.025327,0.00002,0.00002
AATCATGTAAAGACTC-1,0.467042,0.10671,0.246913,0.064651,0.114684
AATCCAAGGGCCTGAG-1,0.0145,0.000045,0.896644,0.088766,0.000045
AATCCCGCTCAGAGCC-1,0.000251,0.100399,0.051952,0.00006,0.847339
AATCGCCTCAGCGCCA-1,0.326497,0.133143,0.540297,0.000031,0.000031
AATCGCGCAGAGGACT-1,0.531199,0.012289,0.419585,0.011744,0.025183
AATCGGGACACTACGA-1,0.481116,0.000042,0.518759,0.000042,0.000042
AATCGTGAGCCGAGCA-1,0.008287,0.000027,0.009427,0.276758,0.7055
AATCTAGGTTTACTTG-1,0.784433,0.017775,0.193579,0.000022,0.00419
AATCTATGCCGGAGCC-1,0.409658,0.050394,0.446403,0.002612,0.090934
AATCTCTACTGTGGTT-1,0.736077,0.003588,0.248175,0.012133,0.000027
AATCTGCGTTGGGACG-1,0.144984,0.072804,0.782117,0.000048,0.000048
AATCTGGCTTTCTAGT-1,0.997756,0.000013,0.000038,0.000013,0.002182
AATCTGGGTAGACCCT-1,0.000727,0.000182,0.567941,0.298053,0.133097
AATGACAGCAATGTCT-1,0.878835,0.027556,0.092427,0.001167,0.000014
AATGACGTAGGATGTC-1,0.493289,0.110514,0.067098,0.327932,0.001167
AATGACTGTCAGCCGG-1,0.517553,0.000025,0.383323,0.087554,0.011546
AATGATGATACGCTAT-1,0.596602,0.000027,0.395178,0.008167,0.000027
AATGATGCGACTCCTG-1,0.058903,0.000099,0.907759,0.033208,0.000031
AATGCAACCGGGTACC-1,0.91217,0.004836,0.082686,0.000122,0.000187
AATGCACCAAGCAATG-1,0.313721,0.008706,0.557809,0.079032,0.040733
AATGGTCCACCGTTCA-1,0.054189,0.001542,0.825574,0.118655,0.00004
AATGGTTCTCACAAGC-1,0.190384,0.000055,0.795086,0.008984,0.005491
AATGTGCCCGAGGTGT-1,0.558917,0.009318,0.41339,0.000033,0.018343
AATGTGCTAATCTGAG-1,0.379001,0.010211,0.387853,0.122341,0.100594
AATGTTAAGACCCTGA-1,0.261918,0.012031,0.244324,0.081513,0.400213
AATTAAAGGTCGGCGT-1,0.677153,0.024237,0.283141,0.015446,0.000023
AATTAACGGATTTCCA-1,0.350117,0.000023,0.001282,0.055705,0.592874
AATTAGCGCTGCAGCG-1,0.000232,0.03044,0.361257,0.078649,0.529421
AATTCATAAGGGATCT-1,0.518859,0.009803,0.468513,0.00002,0.002805
AATTCCAAGCATGTAC-1,0.000082,0.000021,0.000062,0.015011,0.984824
AATTCGATTCGAGGAT-1,0.022803,0.050814,0.047513,0.037825,0.841045
AATTCTAGAGTTAGGC-1,0.000264,0.424849,0.430052,0.024961,0.119874
AATTGAACGCTCTGGT-1,0.357338,0.281462,0.361134,0.000041,0.000024
AATTGCAGCAATCGAC-1,0.166934,0.022219,0.607342,0.088526,0.114979
AATTTGGGACATAGTA-1,0.010873,0.000178,0.916432,0.072339,0.000178
AATTTGGTTCCAAAGA-1,0.434233,0.000049,0.501268,0.064402,0.000049
ACAAACCATGCGTCCT-1,0.370984,0.002622,0.591369,0.000055,0.03497
ACAAACTCCATCAGAG-1,0.000214,0.000053,0.119118,0.000053,0.880561
ACAAAGCATGACCTAG-1,0.59525,0.152319,0.234443,0.008376,0.009611
ACAAATCGCACCGAAT-1,0.411899,0.054999,0.151836,0.067881,0.313385
ACAAATGGTAGTGTTT-1,0.066892,0.153954,0.576585,0.182966,0.019602
ACAAATTCAGATCTGA-1,0.000294,0.000073,0.148056,0.851503,0.000073
ACAACAGCATGAGCTA-1,0.750068,0.020029,0.108122,0.116878,0.004903
ACAACGGTCCCTGCGA-1,0.795582,0.000018,0.122661,0.081721,0.000018
ACAAGCAGTGCCTAGC-1,0.010376,0.000058,0.697018,0.29249,0.000058
ACAAGGAAATCCGCCC-1,0.000136,0.047444,0.186353,0.098229,0.667837
ACAAGGACAAGAGGTT-1,0.711009,0.003039,0.271306,0.000018,0.014627
ACAAGGATGCTTTAGG-1,0.623405,0.00329,0.019485,0.221346,0.132474
ACAAGGCCTACCAGCC-1,0.475953,0.06424,0.305154,0.096649,0.058005
ACAAGGGCAGGCTCTG-1,0.483562,0.314049,0.19695,0.005417,0.000022
ACAATAGTCGTACGTT-1,0.550502,0.010954,0.397665,0.003893,0.036986
ACAATCCATTTAAACC-1,0.770256,0.000146,0.137783,0.004263,0.087553
ACAATCGATCTTTATA-1,0.178279,0.008117,0.731254,0.009678,0.072672
ACAATGAATACGGAGA-1,0.875523,0.000989,0.117667,0.002795,0.003025
ACAATTGTGTCTCTTT-1,0.772561,0.000012,0.043848,0.077069,0.106511
ACAATTTAGGAGGCTC-1,0.634736,0.000023,0.352663,0.009906,0.002671
ACAATTTGAGCAGTGG-1,0.470723,0.024172,0.378652,0.002065,0.124387
ACACAAAGACGGGTGG-1,0.264709,0.010451,0.724785,0.000027,0.000027
ACACACCAGGACCAGT-1,0.993544,0.004334,0.002103,0.00001,0.00001
ACACACTTTCTACACG-1,0.042877,0.000066,0.86238,0.094609,0.000066
ACACATGATCAAATCT-1,0.94822,0.00774,0.019095,0.000006,0.024939
ACACATTTCCGTAGAC-1,0.000173,0.025323,0.000129,0.000043,0.974331
ACACCCAGCATGCAGC-1,0.0015,0.000066,0.929019,0.069349,0.000066
ACACCCGAGAAATCCG-1,0.207124,0.000039,0.723047,0.069751,0.000039
ACACCGGTCTGACCGC-1,0.436475,0.032223,0.519464,0.009431,0.002406
ACACCTTAAGTAGGGC-1,0.766039,0.000034,0.226183,0.007709,0.000034
ACACCTTACTACTTGC-1,0.450616,0.04242,0.399812,0.035397,0.071754
ACACGAGACTCCTTCT-1,0.492001,0.05263,0.434094,0.000028,0.021248
ACACGGCACTATGCAT-1,0.377895,0.000049,0.459066,0.162942,0.000049
ACACGGGAACTTAGGG-1,0.426759,0.005634,0.423641,0.124166,0.019801
ACACTGATCAAGGTGT-1,0.747584,0.006305,0.166978,0.022115,0.057018
ACAGAACTGAGAACAA-1,0.150248,0.016209,0.671233,0.099305,0.063005
ACAGATTAGGTTAGTG-1,0.015415,0.000078,0.979811,0.004617,0.000078
ACAGCATAGAGCCAGT-1,0.166875,0.000048,0.702135,0.130896,0.000048
ACAGCGACATTCTCAT-1,0.684472,0.05775,0.116801,0.1402,0.000778
ACAGCGCACCCGCAGC-1,0.247923,0.000076,0.744877,0.007048,0.000076
ACAGGCACGGATCCTT-1,0.493949,0.057986,0.44665,0.001403,0.000012
ACAGGCTTGCCCGACT-1,0.635072,0.247724,0.026989,0.031729,0.058486
ACAGGTGGAGGTGAGG-1,0.854031,0.015149,0.109676,0.000013,0.02113
ACAGTAATACAACTTG-1,0.963003,0.000011,0.019053,0.000011,0.017923
ACATAATAAGGCGGTG-1,0.040117,0.000037,0.852555,0.027193,0.080099
ACATACAATCAAGCGG-1,0.344556,0.006077,0.460119,0.009533,0.179715
ACATCAGCTGGGACGC-1,0.11962,0.000029,0.721166,0.159157,0.000029
ACATCCCGGCCATACG-1,0.127401,0.0355,0.154731,0.141798,0.54057
ACATCCTGGTAACTGT-1,0.258048,0.153326,0.532641,0.055964,0.000021
ACATCGATCGTTTACC-1,0.326295,0.000032,0.271569,0.269233,0.132871
ACATCGCAATATTCGG-1,0.283035,0.277346,0.363349,0.000036,0.076234
ACATCGGTCAGCCGCG-1,0.769946,0.025171,0.197413,0.004609,0.002861
ACATCGTATGCAATGG-1,0.756408,0.121603,0.111956,0.003459,0.006573
ACATCGTTAACCTAGT-1,0.507306,0.000049,0.492547,0.000049,0.000049
ACATCTCAACGCGTAA-1,0.00055,0.000138,0.91371,0.085464,0.000138
ACATGGCGCCAAAGTA-1,0.947749,0.000991,0.040256,0.000007,0.010998
ACATTAGTTTATATCC-1,0.000416,0.133719,0.324475,0.018903,0.522486
ACATTCGCGCGGAATA-1,0.822067,0.001437,0.04609,0.057878,0.072528
ACATTTGAAACCTAAC-1,0.370644,0.031187,0.425673,0.062722,0.109773
ACCAAACTAGAAATCC-1,0.000373,0.000093,0.911574,0.022931,0.065028
ACCAACCGCACTCCAC-1,0.823178,0.005229,0.056591,0.058585,0.056417
ACCAACGCTTATTTAT-1,0.528665,0.070455,0.156095,0.015638,0.229148
ACCAAGAACGCGTGTC-1,0.334553,0.000039,0.643859,0.021509,0.000039
ACCAATATGCAAGTTA-1,0.25733,0.000029,0.004719,0.270633,0.46729
ACCACAACTCAGAACA-1,0.137163,0.00004,0.774975,0.087782,0.00004
ACCACAAGTTTCTATC-1,0.399294,0.006871,0.496719,0.035262,0.061855
ACCACACGGTTGATGG-1,0.068566,0.013913,0.319054,0.043685,0.554781
ACCACCAATGTAACAA-1,0.413246,0.01241,0.516523,0.00342,0.0544
ACCACGTGCAGCTATA-1,0.673814,0.001315,0.010151,0.146654,0.168066
ACCAGCCCGGTCTTTG-1,0.000341,0.000085,0.241728,0.757761,0.000085
ACCAGGAGTGTGATCT-1,0.185168,0.053093,0.728918,0.0001,0.032721
ACCAGTGCCCGGTCAA-1,0.000303,0.000076,0.669589,0.329957,0.000076
ACCAGTGCGGGAGACG-1,0.933937,0.009074,0.056968,0.000011,0.000011
ACCATATCCGCAATAA-1,0.11139,0.052153,0.778239,0.058189,0.00003
ACCATCCGCCAACTAG-1,0.437809,0.01143,0.523545,0.027183,0.000032
ACCATCGTATATGGTA-1,0.939383,0.000515,0.059279,0.000017,0.000807
ACCCAACGCCCGTGGC-1,0.365372,0.016282,0.474965,0.126824,0.016557
ACCCACCTACATGCTC-1,0.56125,0.007724,0.430961,0.000032,0.000032
ACCCATCTTGAGGGTA-1,0.495909,0.000076,0.472139,0.002091,0.029786
ACCCATTTGTCCCTCT-1,0.216195,0.285547,0.485493,0.011892,0.000873
ACCCGAGCGAAATTAC-1,0.618293,0.329729,0.027156,0.024813,0.00001
ACCCGATTGGTTCCGA-1,0.000142,0.175296,0.289542,0.13232,0.402699
ACCCGGAAACTCCCAG-1,0.195598,0.00003,0.000089,0.236467,0.567816
ACCCGGATGACGCATC-1,0.46882,0.065756,0.465378,0.000023,0.000023
ACCCGGTTACACTTCC-1,0.828241,0.02789,0.060712,0.004192,0.078965
ACCCGTGTCATCAGTA-1,0.53974,0.000786,0.003218,0.140939,0.315317
ACCCTATGCCATATCG-1,0.500616,0.117648,0.310299,0.001687,0.069749
ACCCTCCCGTCAGGGC-1,0.347789,0.103673,0.307493,0.135167,0.105879
ACCCTCCCTTGCTATT-1,0.199008,0.308433,0.433225,0.013104,0.046231
ACCCTTCATCTGCGAA-1,0.000443,0.089749,0.865479,0.000111,0.044219
ACCCTTTAGTTCTCCA-1,0.338634,0.000054,0.661204,0.000054,0.000054
ACCGAAAGGGCCCTGC-1,0.354605,0.002015,0.642792,0.000542,0.000045
ACCGACACATCTCCCA-1,0.224683,0.027027,0.001462,0.000023,0.746805
ACCGACTGAGTCCCAC-1,0.46671,0.033381,0.434819,0.007532,0.057558
ACCGAGTCTCCTTATT-1,0.28653,0.00605,0.000061,0.00002,0.70734
ACCGATGGTAGCATCG-1,0.618937,0.085745,0.290377,0.000527,0.004413
ACCGCAATAACTGCCT-1,0.241138,0.065705,0.157951,0.191547,0.343659
ACCGCGGTGGAAGTCG-1,0.613946,0.000016,0.270713,0.046529,0.068796
ACCGCTAGTCATTGGT-1,0.567936,0.024352,0.002649,0.087915,0.317148
ACCGGGCCTTTGTTGA-1,0.435554,0.196777,0.289527,0.066424,0.011718
ACCGGTCAGGTACACC-1,0.340794,0.003053,0.282204,0.366699,0.00725
ACCGTGACCACGTGGG-1,0.44701,0.139668,0.325921,0.086923,0.000477
ACCGTTCCCGCTCTGA-1,0.000529,0.000132,0.889322,0.109885,0.000132
ACCTAAGTACCTTTCA-1,0.748414,0.038605,0.133952,0.00002,0.079008
ACCTAATCGACTTCCT-1,0.818528,0.000021,0.060211,0.121219,0.000021
ACCTACAGTATGTGGT-1,0.512789,0.000568,0.43477,0.021653,0.030221
ACCTACTATAAATCTA-1,0.000074,0.000019,0.000056,0.000019,0.999833
ACCTCAGCGAGGCGCA-1,0.467838,0.000027,0.457496,0.011796,0.062843
ACCTCCGTTATTCACC-1,0.301584,0.036126,0.462338,0.051228,0.148723
ACCTGCGTGTCATGTT-1,0.077308,0.000032,0.489253,0.259429,0.173978
ACGAAATGGGCGGCAC-1,0.530254,0.000024,0.463241,0.006457,0.000024
ACGACTCTAGGGCCGA-1,0.707999,0.019101,0.06564,0.150024,0.057236
ACGACTGGTCATACTC-1,0.404392,0.339193,0.256381,0.000017,0.000017
ACGAGAACCCATCACG-1,0.462725,0.000058,0.346055,0.13509,0.056071
ACGAGATATTTGCTTA-1,0.772179,0.000045,0.227687,0.000045,0.000045
ACGAGGATACCACTCT-1,0.884552,0.012921,0.069568,0.000014,0.032945
ACGAGGTTTACAACGT-1,0.551331,0.00001,0.292881,0.155767,0.00001
ACGAGTACGGATGCCC-1,0.682576,0.001543,0.214795,0.099769,0.001318
ACGATACATAGAACTA-1,0.158824,0.001002,0.505829,0.267037,0.067307
ACGATCATACATAGAG-1,0.439245,0.117192,0.431752,0.000206,0.011606
ACGATCATCTTGTAAA-1,0.904362,0.009941,0.085669,0.000014,0.000014
ACGATGCATATGTTAT-1,0.026727,0.003467,0.768073,0.13149,0.070242
ACGATGGATCCGATGC-1,0.657254,0.000038,0.342632,0.000038,0.000038
ACGCAAACTAATAGAT-1,0.160039,0.00003,0.079225,0.00003,0.760677
ACGCAATCACTACAGC-1,0.30107,0.001913,0.411484,0.020173,0.26536
ACGCATACGTTTACTA-1,0.113932,0.190667,0.507896,0.040339,0.147167
ACGCATTCGTGAGTAC-1,0.777346,0.022038,0.161577,0.000024,0.039014
ACGCCACTCGAAACAG-1,0.018359,0.074261,0.03412,0.000026,0.873234
ACGCCAGATGATTTCT-1,0.837226,0.000019,0.162716,0.000019,0.000019
ACGCCAGTGCGTTTGC-1,0.330631,0.027068,0.479658,0.050238,0.112405
ACGCCCAGCTGTCGAT-1,0.000392,0.000098,0.326091,0.673321,0.000098
ACGCCGCTAGACGACC-1,0.762797,0.067593,0.100748,0.000028,0.068834
ACGCGAAGTCAGACGA-1,0.452585,0.375661,0.025317,0.018272,0.128165
ACGCGCTACACAGGGT-1,0.815243,0.00877,0.17596,0.000014,0.000014
ACGCGGGCCAAGGACA-1,0.302471,0.04419,0.594077,0.059229,0.000034
ACGCTAGTGATACACT-1,0.468971,0.026135,0.473465,0.031398,0.00003
ACGCTGTGAGGCGTAG-1,0.337195,0.004208,0.557863,0.090383,0.010351
ACGCTTAGTGTCTCTC-1,0.000627,0.000157,0.789936,0.209123,0.000157
ACGGAACACGAGTGCC-1,0.388725,0.019491,0.485529,0.035239,0.071016
ACGGAATTTAGCAAAT-1,0.000326,0.000082,0.542856,0.456655,0.000082
ACGGACTCTCAAAGCG-1,0.02192,0.141817,0.026289,0.238873,0.571101
ACGGAGCGCAAATTAC-1,0.371023,0.000024,0.592502,0.012354,0.024096
ACGGATGGTGCGGATA-1,0.234775,0.080485,0.041377,0.105786,0.537577
ACGGCACTTGCTTGGG-1,0.000291,0.037624,0.303827,0.057785,0.600474
ACGGCCAACATGGACT-1,0.048653,0.268633,0.420179,0.052238,0.210297
ACGGCGACGATGGGAA-1,0.325491,0.039915,0.090274,0.140665,0.403655
ACGGGAGTGTCGGCCC-1,0.599011,0.006097,0.376699,0.017151,0.001042
ACGGTACAGTTCAATG-1,0.469375,0.215202,0.198316,0.114373,0.002734
ACGTACAGATTTCTCT-1,0.451532,0.000039,0.480318,0.068073,0.000039
ACGTACTTTGGCACGG-1,0.777278,0.035054,0.000046,0.000015,0.187606
ACGTAGATTGCTGATG-1,0.745049,0.074847,0.165684,0.009341,0.005079
ACGTAGGAGAGTCGCT-1,0.000096,0.000024,0.000072,0.001816,0.997992
ACGTATTACTCCGATC-1,0.226347,0.175006,0.363828,0.178392,0.056428
ACGTGCGCCTCGTGCA-1,0.502338,0.000052,0.497507,0.000052,0.000052
ACGTGGTCGAATGTGC-1,0.00055,0.000138,0.774215,0.13817,0.086927
ACGTTAATGTCGAAGA-1,0.843514,0.08134,0.075107,0.000019,0.000019
ACGTTAGATTTGCCCG-1,0.673168,0.000019,0.233373,0.082664,0.010775
ACGTTCACTATGCCGC-1,0.060359,0.005201,0.017947,0.048466,0.868027
ACGTTCCGCGCTCCGT-1,0.761269,0.000041,0.168228,0.022512,0.04795
ACGTTCGTTCAGGAAA-1,0.698458,0.000029,0.023174,0.18274,0.0956
ACGTTCTGTACAAGTC-1,0.145595,0.158556,0.633255,0.012563,0.05003
ACGTTGTCGTTGAAAG-1,0.3551,0.341003,0.074809,0.000047,0.22904
ACGTTTAGTTGTGATC-1,0.308893,0.000078,0.677499,0.013453,0.000078
ACTAATACGTCAGGCG-1,0.960164,0.008046,0.031729,0.00003,0.00003
ACTACAAAGAGAGGTG-1,0.079788,0.005388,0.020714,0.000025,0.894085
ACTACATCCCGACAAG-1,0.38531,0.018012,0.490251,0.099514,0.006913
ACTACCAGCTCTCTGG-1,0.957332,0.000016,0.04262,0.000016,0.000016
ACTACCATCCGAGGGC-1,0.302062,0.217997,0.429812,0.003687,0.046441
ACTACGCGTTAGAATT-1,0.251285,0.00003,0.000089,0.042604,0.705992
ACTAGTTGCGATCGTC-1,0.412592,0.077359,0.353605,0.083534,0.07291
ACTATATGCTGTGTTC-1,0.381594,0.00016,0.618163,0.000042,0.000042
ACTATCCAGGGCATGG-1,0.418251,0.002454,0.481458,0.010494,0.087343
ACTATGTCCAGCTGCC-1,0.226738,0.003676,0.324138,0.290911,0.154537
ACTATTCGTCCGTGGT-1,0.085629,0.009915,0.823348,0.009844,0.071265
ACTATTTCCGGGCCCA-1,0.68162,0.175711,0.142609,0.000031,0.000031
ACTCAACGAATGTATT-1,0.417212,0.000065,0.457491,0.070206,0.055026
ACTCAAGTGCAAGGCT-1,0.731041,0.099853,0.00391,0.019232,0.145963
ACTCAATAAAGGCACG-1,0.233325,0.007069,0.615695,0.143878,0.000032
ACTCAGACCTGCTTCT-1,0.00037,0.000092,0.953036,0.000092,0.046409
ACTCATGGCAGCCTTC-1,0.325823,0.000707,0.582517,0.000019,0.090935
ACTCCAATATCATCAT-1,0.886783,0.002376,0.019337,0.014777,0.076727
ACTCCCATTCCTAAAG-1,0.398037,0.020541,0.581367,0.000027,0.000027
ACTCCCGAATTCGTTT-1,0.147004,0.031987,0.769105,0.034211,0.017694
ACTCCCTAATGCTAAA-1,0.228569,0.070177,0.002475,0.000026,0.698754
ACTCCCTAGAATAGTA-1,0.000326,0.312372,0.317439,0.042708,0.327155
ACTCCGGCCGACCACT-1,0.50119,0.040785,0.204258,0.087153,0.166614
ACTCGTAACCCGTCCT-1,0.652971,0.01769,0.313146,0.007332,0.008862
ACTCGTCAGTAATCCC-1,0.504409,0.008061,0.326387,0.000025,0.161117
ACTCTCTGACTTAGGT-1,0.000269,0.121612,0.758308,0.119744,0.000067
ACTCTCTTATACACGA-1,0.709147,0.000039,0.290736,0.000039,0.000039
ACTCTGACCTAATAGA-1,0.714963,0.033643,0.144057,0.105695,0.001642
ACTCTTGTATAGTAAC-1,0.678662,0.078746,0.219211,0.000026,0.023355
ACTGAAACGCCGTTAG-1,0.067276,0.233564,0.566759,0.063302,0.069099
ACTGAATGGCGAAAGT-1,0.199506,0.398025,0.359246,0.009959,0.033264
ACTGATTTAGTGATTC-1,0.000353,0.000088,0.619472,0.271288,0.108799
ACTGCCCGCCATTCTC-1,0.935597,0.034907,0.006252,0.009605,0.01364
ACTGCCGTCGTAACTC-1,0.035126,0.000079,0.724507,0.240209,0.000079
ACTGGGATGCCAGTGC-1,0.218233,0.000023,0.051761,0.000636,0.729347
ACTGTACGATACACAT-1,0.130066,0.076732,0.761527,0.000046,0.031629
ACTGTAGCACTTTGGA-1,0.015723,0.000042,0.796205,0.187989,0.000042
ACTGTATACGCGAGCA-1,0.000288,0.000072,0.393767,0.6058,0.000072
ACTGTCCAGGATTATA-1,0.117416,0.014022,0.681409,0.058762,0.128391
ACTGTCTTCTTTAGAA-1,0.770137,0.009082,0.149468,0.000019,0.071294
ACTGTGCTAGTAGATC-1,0.000426,0.000107,0.388621,0.61074,0.000107
ACTGTTTAGTGTAGGC-1,0.01312,0.000094,0.812051,0.174641,0.000094
ACTTACCGGGCGCGCA-1,0.354859,0.002397,0.601285,0.04141,0.000049
ACTTACGCATCCACGC-1,0.267409,0.016687,0.000111,0.197358,0.518435
ACTTAGTACGACAAGA-1,0.000209,0.000052,0.245632,0.754054,0.000052
ACTTATACTTACCCGG-1,0.489562,0.01634,0.49405,0.000024,0.000024
ACTTATTAGGATCGGT-1,0.850177,0.01607,0.085248,0.019598,0.028907
ACTTATTTATGTGCCA-1,0.430101,0.37095,0.140005,0.000023,0.058922
ACTTCAGGCTGATCCC-1,0.612468,0.303653,0.006974,0.008721,0.068184
ACTTCCATGCGGGACA-1,0.61607,0.068271,0.011698,0.163403,0.140558
ACTTCGCCATACGCAC-1,0.514138,0.015176,0.458775,0.008094,0.003818
ACTTGACTCCCTCTTT-1,0.259631,0.495068,0.225516,0.000117,0.019668
ACTTGCCATATTGTAC-1,0.00035,0.000087,0.147974,0.851501,0.000087
ACTTGGGACCCGGTGG-1,0.582129,0.015962,0.295821,0.011588,0.0945
ACTTGTAGTCCCTTCA-1,0.553528,0.000031,0.347616,0.098793,0.000031
ACTTGTTACCGGATCA-1,0.072562,0.053141,0.000141,0.000047,0.874109
ACTTTACCCTCATGAA-1,0.454236,0.00469,0.46541,0.006691,0.068973
ACTTTCCTATAGCTTC-1,0.931369,0.000025,0.029325,0.000025,0.039257
ACTTTGACTGCATCCT-1,0.805873,0.031403,0.160997,0.001699,0.000028
AGAACGTGGTACATTC-1,0.438092,0.017446,0.437608,0.089188,0.017665
AGAACTGTACTTTGTA-1,0.573931,0.010672,0.171568,0.02141,0.222418
AGAAGAGCGCCGTTCC-1,0.446028,0.000257,0.5532,0.000257,0.000257
AGAAGGTACACTTCAC-1,0.532211,0.001025,0.326892,0.107648,0.032223
AGAAGGTTGCCGAATT-1,0.328004,0.000033,0.654229,0.000033,0.017701
AGAAGGTTGTAGGTCG-1,0.034213,0.054948,0.107781,0.16304,0.640019
AGAAGTGATTCGTGAT-1,0.007133,0.017811,0.974939,0.000058,0.000058
AGAATAAATCTTCAGG-1,0.700614,0.000028,0.242546,0.056785,0.000028
AGAATACAGGCTATCC-1,0.605842,0.000026,0.243136,0.041154,0.109843
AGAATGCGGGTTCGGA-1,0.579562,0.004752,0.342447,0.012092,0.061147
AGAATTATGGATTCGA-1,0.47688,0.01629,0.50678,0.000025,0.000025
AGAATTGTTTGACATA-1,0.000432,0.000108,0.466555,0.532798,0.000108
AGACATAGATCCTTCC-1,0.000386,0.000097,0.535568,0.463853,0.000097
AGACCAAACCACACCT-1,0.288618,0.004132,0.70723,0.00001,0.00001
AGACCATGGGATACAA-1,0.579237,0.021622,0.395912,0.003198,0.00003
AGACCCACCGCTGATC-1,0.000305,0.406448,0.44845,0.008572,0.136226
AGACCCGCCCTCCTCG-1,0.347212,0.002303,0.49218,0.002584,0.155722
AGACCGGGAAACCCTG-1,0.933133,0.000011,0.030796,0.036049,0.000011
AGACGAAGTGCCGGTC-1,0.928363,0.020349,0.01033,0.015603,0.025354
AGACGACGATGCCGCT-1,0.574755,0.194609,0.212015,0.000104,0.018517
AGACGGGATTGGTATA-1,0.301859,0.000121,0.540325,0.083356,0.074339
AGACGGGCCGATTTAA-1,0.065793,0.000085,0.914969,0.019068,0.000085
AGACTAGCCTTCCAGA-1,0.791176,0.000023,0.201424,0.001719,0.005658
AGACTGTTACCGGGTC-1,0.119633,0.540613,0.057994,0.000047,0.281713
AGAGAAACACCAGAAA-1,0.545208,0.182221,0.193611,0.056518,0.022443
AGAGAACCGTCTAGGA-1,0.706339,0.003008,0.177679,0.060267,0.052707
AGAGAAGGAGTACAAT-1,0.612779,0.173799,0.213386,0.000018,0.000018
AGAGATCTCTAAAGCG-1,0.884251,0.005807,0.109912,0.000015,0.000015
AGAGCAGTTATGAGAC-1,0.284733,0.000037,0.677781,0.037413,0.000037
AGAGCGGGCTAATCAT-1,0.013462,0.000066,0.957096,0.02931,0.000066
AGAGCGTACAAGCTCG-1,0.383843,0.000052,0.487591,0.090274,0.03824
AGAGGCTTCGGAAACC-1,0.567435,0.049074,0.268967,0.079814,0.03471
AGAGGTATCTCGGTCC-1,0.288017,0.000085,0.686921,0.024892,0.000085
AGAGTTAGAGACCGAT-1,0.000466,0.000117,0.576559,0.422741,0.000117
AGATAACTTCAGGGCC-1,0.950392,0.001193,0.048392,0.000011,0.000011
AGATACCGGTGTTCAC-1,0.858543,0.007477,0.11381,0.009547,0.010623
AGATACGACTTCATAT-1,0.721356,0.004894,0.273694,0.000028,0.000028
AGATACTCAAGATCGA-1,0.337454,0.447724,0.18895,0.000027,0.025845
AGATATAATACGACTA-1,0.000092,0.000023,0.00011,0.084525,0.91525
AGATCGTGCATAAGAT-1,0.683661,0.000019,0.26732,0.048981,0.000019
AGATCTCAGGTGTGAT-1,0.524865,0.13551,0.310726,0.000032,0.028867
AGATGACTCGCCCACG-1,0.093566,0.000069,0.868806,0.03749,0.000069
AGATGAGGGTTGCGAT-1,0.861821,0.000027,0.138097,0.000027,0.000027
AGATGATGGAGTCTGG-1,0.609463,0.000027,0.321194,0.043654,0.025662
AGATGCAAGACGTGCA-1,0.634236,0.030697,0.271581,0.063466,0.00002
AGATTATAGGACGTTT-1,0.805401,0.000023,0.08956,0.104994,0.000023
AGATTCACAACCGATA-1,0.940657,0.000008,0.059319,0.000008,0.000008
AGCAAAGGCCGCTAGT-1,0.00014,0.019513,0.082288,0.02009,0.87797
AGCAACATATCTTATT-1,0.463505,0.177189,0.28667,0.041822,0.030814
AGCAACCGAAAGTAAT-1,0.330773,0.007829,0.545227,0.051958,0.064214
AGCACACGTTTAGACT-1,0.76619,0.008654,0.023173,0.14644,0.055542
AGCACCAGTACTCACG-1,0.693082,0.000019,0.235677,0.04313,0.028092
AGCACTACCGGCCTGT-1,0.000163,0.000041,0.812088,0.187667,0.000041
AGCACTACCTCACCAG-1,0.547914,0.133448,0.02865,0.22406,0.065928
AGCACTTAAGGACGCC-1,0.198205,0.001906,0.671477,0.060668,0.067745
AGCAGAAGGAGAAAGA-1,0.000083,0.000924,0.095981,0.004818,0.898193
AGCAGCCAGATGAATA-1,0.47119,0.024521,0.010807,0.14542,0.348063
AGCAGTCGAAGCATGC-1,0.200341,0.065016,0.328879,0.096585,0.309179
AGCATATCAATATGCT-1,0.380299,0.057895,0.52238,0.000045,0.039382
AGCATCATTTCGAAAG-1,0.817531,0.044353,0.137904,0.000199,0.000014
AGCATCGTCGATAATT-1,0.537831,0.00002,0.413653,0.028848,0.019648
AGCATTACGAGGCAAG-1,0.245871,0.028981,0.661761,0.015081,0.048305
AGCCAAGCTTTGTGTC-1,0.02895,0.000027,0.00008,0.122933,0.84801
AGCCACAGGTTACCCG-1,0.745789,0.090719,0.046765,0.006397,0.11033
AGCCACTCCCGTGCTT-1,0.867389,0.020163,0.072217,0.00399,0.036241
AGCCATATAGTATGTG-1,0.016134,0.000021,0.000063,0.021034,0.962748
AGCCCATACATGTAAG-1,0.686472,0.00782,0.305672,0.000018,0.000019
AGCCCGCAACAAGCAG-1,0.000078,0.000485,0.000058,0.008198,0.991182
AGCCCGGCATTAGAGG-1,0.849656,0.033505,0.11613,0.000696,0.000012
AGCCCGGTAGCCTGTA-1,0.3302,0.044447,0.026318,0.002955,0.59608
AGCCCTAAGCGAAGTT-1,0.779498,0.000027,0.198294,0.022153,0.000027
AGCCCTCCCTGGTGGC-1,0.879432,0.019801,0.017137,0.04269,0.04094
AGCCCTTCTAATCCGA-1,0.941092,0.009177,0.049691,0.00002,0.00002
AGCCGTGGCTAAATGT-1,0.587036,0.015096,0.337479,0.027108,0.033281
AGCCTAATACCCACGT-1,0.90361,0.000014,0.096347,0.000014,0.000014
AGCCTTAAAGCGGAAG-1,0.173051,0.000057,0.696748,0.114505,0.01564
AGCGACAGGAACGGTC-1,0.22763,0.192411,0.570494,0.000018,0.009447
AGCGACATCCCATTCA-1,0.032407,0.000076,0.925132,0.042308,0.000076
AGCGACCAACGATATT-1,0.45401,0.016872,0.518738,0.010353,0.000027
AGCGACTTTGAAGACA-1,0.000338,0.025666,0.069613,0.000085,0.904299
AGCGAGACGTGAAGGC-1,0.059371,0.035467,0.793146,0.054249,0.057766
AGCGCATAATGAATCG-1,0.044372,0.132392,0.163579,0.002858,0.656799
AGCGCGGGTGCCAATG-1,0.049314,0.012671,0.765341,0.105587,0.067088
AGCGCTTATGGGCAAG-1,0.923413,0.000043,0.076458,0.000043,0.000043
AGCGGACACTTCGTAG-1,0.213833,0.000081,0.147516,0.000081,0.638489
AGCGGCGGTTAGCGGT-1,0.614856,0.018558,0.36655,0.000018,0.000018
AGCGGGAAGGGTCCAT-1,0.511874,0.000042,0.487998,0.000042,0.000042
AGCGGGTCTGACACTC-1,0.000061,0.000015,0.00079,0.000961,0.998173
AGCGTCTGAACCCGCA-1,0.343894,0.000071,0.575867,0.042808,0.03736
AGCGTGGTATTCTACT-1,0.269444,0.154349,0.312576,0.144423,0.119208
AGCGTTCCGATTTAAA-1,0.127781,0.000143,0.762965,0.108968,0.000143
AGCTAACAAGCAATGT-1,0.727627,0.146184,0.009855,0.000129,0.116206
AGCTAAGCTCCGTCCG-1,0.058048,0.065746,0.108208,0.006007,0.76199
AGCTAAGTACGCAGGC-1,0.28773,0.192364,0.285849,0.100372,0.133685
AGCTAGAAGCAGAAGT-1,0.843877,0.001494,0.154603,0.000013,0.000013
AGCTATTTAATCCAAC-1,0.803969,0.000029,0.195945,0.000029,0.000029
AGCTCCTTCGCACATC-1,0.000158,0.391984,0.4909,0.07699,0.039968
AGCTCTAGACGTTCCA-1,0.637797,0.138424,0.134544,0.039083,0.050153
AGCTCTTCCCAGTGCA-1,0.465606,0.000035,0.534288,0.000035,0.000035
AGCTCTTCGTAACCTT-1,0.423552,0.007032,0.471772,0.030558,0.067085
AGCTCTTTACTCAGTT-1,0.71573,0.043393,0.185962,0.049441,0.005474
AGCTGAAGTAAACCAA-1,0.681832,0.000012,0.22401,0.018451,0.075695
AGCTGTAACCTCAATC-1,0.719461,0.092629,0.187856,0.000027,0.000027
AGCTTATAGAGACCTG-1,0.000459,0.000115,0.77708,0.222232,0.000115
AGCTTCTTCTCGAGCA-1,0.431999,0.237725,0.203297,0.052596,0.074383
AGCTTGATCTTAACTT-1,0.670487,0.00762,0.320237,0.001634,0.000022
AGGAAGCTGTCCGCCG-1,0.284422,0.005712,0.000061,0.00002,0.709785
AGGACAGTCGAATCCC-1,0.736761,0.07026,0.192937,0.000021,0.000021
AGGACATCGCACGTCG-1,0.196456,0.026156,0.77725,0.000069,0.000069
AGGACGACCCATTAGA-1,0.717336,0.02634,0.15748,0.023766,0.075078
AGGACGCTCGATGTTG-1,0.740955,0.000027,0.258963,0.000027,0.000027
AGGAGGCCTTCGCGCG-1,0.747743,0.092472,0.139018,0.020755,0.000012
AGGATAAAGTCGGGAT-1,0.168383,0.002274,0.116155,0.319648,0.393541
AGGATATAGGGATTTA-1,0.708516,0.109914,0.181543,0.000013,0.000013
AGGATATCCGACTGCA-1,0.433273,0.176597,0.175241,0.199489,0.015399
AGGATCACGCGATCTG-1,0.77452,0.00002,0.215403,0.00002,0.010037
AGGCAGATGCGTAAAC-1,0.677609,0.169632,0.152728,0.000016,0.000016
AGGCAGGGAGCGTACT-1,0.158236,0.073168,0.255639,0.000063,0.512894
AGGCATTGTCGTAGGG-1,0.546511,0.076293,0.239777,0.137285,0.000134
AGGCCACCCGTTATGA-1,0.328636,0.000034,0.597251,0.074046,0.000034
AGGCCCATTGTACAGG-1,0.57545,0.001952,0.422522,0.000038,0.000038
AGGCCCTAGAACGCCA-1,0.55566,0.009652,0.364162,0.067818,0.002709
AGGCCTATCATACCAA-1,0.000114,0.000028,0.000085,0.000028,0.999744
AGGCCTGAGAATCTCG-1,0.325388,0.221826,0.137973,0.166572,0.148242
AGGCGGTTTGTCCCGC-1,0.999029,0.000788,0.000029,0.000008,0.000146
AGGCTATGGTTAGCTT-1,0.423948,0.002066,0.505057,0.003442,0.065488
AGGCTTAAGTTGCACA-1,0.208198,0.007725,0.21082,0.039969,0.533289
AGGCTTCCCGAAGAAG-1,0.909165,0.007879,0.05209,0.000012,0.030853
AGGCTTGCTAGACACC-1,0.124386,0.000038,0.719382,0.156156,0.000038
AGGGAAACGAGGTACT-1,0.764605,0.00002,0.234438,0.000917,0.00002
AGGGACAGCACGGCGG-1,0.173294,0.000068,0.826501,0.000068,0.000068
AGGGACCGGCTGCGTT-1,0.437839,0.003793,0.523197,0.020327,0.014844
AGGGACTCTACGCGAC-1,0.048386,0.004546,0.056478,0.315591,0.574998
AGGGCAGCGGCGTGGT-1,0.963695,0.000026,0.036226,0.000026,0.000026
AGGGCGAGCAGCTGAT-1,0.598461,0.029521,0.34605,0.000019,0.025949
AGGGCGTGATCGGCTA-1,0.000244,0.000061,0.84911,0.150524,0.000061
AGGGCTGCAGTTACAG-1,0.756545,0.036082,0.198485,0.008865,0.000023
AGGGTCAGAGCACTCG-1,0.155304,0.326077,0.037471,0.056639,0.42451
AGGGTCGATGCGAACT-1,0.000161,0.019906,0.90734,0.00004,0.072552
AGGGTGCCGTTCTTTA-1,0.647377,0.154985,0.107501,0.000185,0.089953
AGGGTGCTCTCGAGGG-1,0.752222,0.004726,0.166548,0.021686,0.054817
AGGGTGGATAGTGCAT-1,0.003184,0.000032,0.694404,0.302348,0.000032
AGGGTTCAGACGGTCC-1,0.051125,0.087637,0.021923,0.00002,0.839295
AGGGTTCCCTTTGGTT-1,0.910924,0.014143,0.074576,0.000017,0.00034
AGGGTTTAGTTCGGGA-1,0.958725,0.005096,0.030525,0.000022,0.005632
AGGTAACCTCCTATTC-1,0.596962,0.057481,0.301937,0.000036,0.043584
AGGTACGATATTGCCA-1,0.125626,0.000079,0.829104,0.005764,0.039427
AGGTAGATCGAGATAT-1,0.877173,0.034682,0.085248,0.000011,0.002886
AGGTAGGTACAAAGCT-1,0.50485,0.001307,0.295792,0.18563,0.012421
AGGTATAATTGATAGT-1,0.452706,0.005103,0.518299,0.011677,0.012214
AGGTCAGGTGAGAGTG-1,0.000178,0.000044,0.982717,0.010562,0.006499
AGGTCGCGGAGTTACT-1,0.703721,0.000019,0.091305,0.204937,0.000019
AGGTGCACGTCCACAT-1,0.290485,0.014616,0.571974,0.062009,0.060916
AGGTGGTGACCTTCGC-1,0.000122,0.02771,0.019444,0.000031,0.952693
AGGTGTATCGCCATGA-1,0.268994,0.000037,0.706199,0.024734,0.000037
AGGTTGAGGCACGCTT-1,0.693547,0.024943,0.281464,0.000023,0.000023
AGGTTTCACACACCTT-1,0.491665,0.027771,0.189699,0.204266,0.086599
AGTAACGTTCATCCTG-1,0.001173,0.000293,0.844178,0.154061,0.000293
AGTAATCTAAGGGTGG-1,0.306341,0.079449,0.416209,0.075165,0.122835
AGTAATGTCTTGCCGC-1,0.953193,0.000028,0.046723,0.000028,0.000028
AGTACAGAAGCTTATA-1,0.403132,0.000018,0.000054,0.104472,0.492325
AGTACATCATTTATCA-1,0.493262,0.008273,0.399855,0.023119,0.075492
AGTACCTTCGAGTGCT-1,0.306114,0.072418,0.447905,0.173482,0.000081
AGTACGGCCCGTATCG-1,0.853562,0.000014,0.122976,0.023434,0.000014
AGTACGGGCACCTGGC-1,0.593783,0.030464,0.375702,0.000026,0.000026
AGTACGTGGCCTGTCT-1,0.000423,0.000106,0.999261,0.000106,0.000106
AGTACTCTTATGCCCA-1,0.004535,0.326493,0.476001,0.133047,0.059923
AGTAGAAGGCGCCTCA-1,0.000573,0.000017,0.000051,0.000017,0.999341
AGTAGCGTGAACGAAC-1,0.001009,0.000085,0.884858,0.113964,0.000085
AGTAGCTAGACGCCGA-1,0.311282,0.000088,0.429271,0.15638,0.102979
AGTAGGAAGGAAGTTG-1,0.848585,0.002919,0.09689,0.051586,0.000021
AGTAGGTAACATACAT-1,0.764371,0.000029,0.23554,0.000029,0.000029
AGTATAATACTAGGCA-1,0.203765,0.000035,0.615085,0.18108,0.000035
AGTATACACAGCGACA-1,0.000162,0.243352,0.060803,0.035296,0.660387
AGTATGCTGGAGACCA-1,0.463952,0.003174,0.150612,0.27544,0.106821
AGTATTTGGCACGACC-1,0.5267,0.016146,0.000106,0.107943,0.349105
AGTCAAATGATGTGAT-1,0.198699,0.32644,0.375964,0.098745,0.000152
AGTCAACACCACCATC-1,0.144296,0.000036,0.774868,0.060037,0.020763
AGTCAAGATGACACTT-1,0.446279,0.174498,0.168965,0.179506,0.030751
AGTCACTAGCTCTCGA-1,0.407611,0.338396,0.177949,0.003218,0.072826
AGTCAGCCACCGCCTG-1,0.122568,0.014502,0.833984,0.028901,0.000046
AGTCCATTGGCTGATG-1,0.69575,0.122363,0.13146,0.007235,0.043193
AGTCCCGCCTTTAATT-1,0.159468,0.000044,0.78144,0.059005,0.000044
AGTCGACGGTCTCAAG-1,0.670406,0.056327,0.273229,0.000019,0.000019
AGTCGGCCCAAACGAC-1,0.642777,0.000025,0.261281,0.095893,0.000025
AGTCGGCTCAACTTTA-1,0.820952,0.00673,0.170987,0.000017,0.001315
AGTCGGTTGCGTGAGA-1,0.421461,0.009709,0.525886,0.005326,0.037618
AGTCGTATAAAGCAGA-1,0.000132,0.132445,0.105,0.032326,0.730096
AGTCGTCGACCACCAA-1,0.446398,0.230435,0.300394,0.021316,0.001457
AGTCGTGGGCATTACG-1,0.594388,0.091082,0.262535,0.004657,0.047339
AGTCTCACAAGACTAC-1,0.182108,0.379884,0.43332,0.000054,0.004634
AGTCTGGACATCCTTG-1,0.066209,0.000091,0.370664,0.562946,0.000091
AGTCTTCTCCTCAAAT-1,0.49658,0.041102,0.444917,0.003628,0.013773
AGTCTTTAAAGTGTCC-1,0.390711,0.120558,0.029294,0.000024,0.459414
AGTGAACAAACTTCTC-1,0.685179,0.043663,0.271131,0.000013,0.000013
AGTGACCTACTTTACG-1,0.7339,0.028696,0.237358,0.000023,0.000023
AGTGACTGTGACACAA-1,0.862983,0.008882,0.038118,0.072263,0.017754
