Barcode,Topic 1,Topic 2,Topic 3,Topic 4to8,Topic 9,Topic 10
AAACAAGTATCTCCCA-1,0.517939,0.253708,0.12108,0.085635,0.000287,0.021352
AAACAATCTACTAGCA-1,0.496351,0.271272,0.000062,0.159109,0.073144,0.000062
AAACACCAATAACTGC-1,0.000807,0.121904,0.029013,0.747926,0.092842,0.007508
AAACAGAGCGACTCCT-1,0.000013,0.215797,0.004751,0.707177,0.059883,0.012379
AAACAGCTTTCAGAAG-1,0.017543,0.829666,0.009491,0.094134,0.040675,0.00849
AAACAGGGTCTATATT-1,0.00001,0.110775,0.061907,0.807805,0.017647,0.001857
AAACAGTGTTCCTGGG-1,0.037775,0.048705,0.024091,0.321196,0.528959,0.039275
AAACATTTCCCGGATT-1,0.777734,0.121495,0.002542,0.001446,0.028742,0.068041
AAACCACTACACAGAT-1,0.197816,0.494994,0.071152,0.213486,0.022519,0.000033
AAACCCGAACGAAATC-1,0.24243,0.0266,0.181128,0.150135,0.04187,0.357837
AAACCGGAAATGTTAA-1,0.583597,0.058042,0.043099,0.270005,0.026157,0.0191
AAACCGGGTAGGTACC-1,0.050561,0.224919,0.007716,0.314057,0.371438,0.03131
AAACCGTTCGTCCAGG-1,0.03251,0.022725,0.01675,0.276716,0.530746,0.120553
AAACCTAAGCAGCCGG-1,0.17625,0.167602,0.082887,0.181613,0.036176,0.355471
AAACCTCATGAAGTTG-1,0.000027,0.127148,0.030808,0.811886,0.029719,0.000412
AAACGAAGAACATACC-1,0.117658,0.882145,0.000025,0.000123,0.000025,0.000025
AAACGACAGTCTTGCC-1,0.342827,0.46286,0.146877,0.047336,0.00005,0.00005
AAACGAGACGGTTGAT-1,0.036441,0.187263,0.004093,0.193499,0.510787,0.067918
AAACGCCCGAGATCGG-1,0.163031,0.749509,0.059694,0.015352,0.012363,0.000051
AAACGCTGGGCACGAC-1,0.856264,0.003867,0.001409,0.00014,0.037414,0.100905
AAACGGGCGTACGGGT-1,0.504169,0.177086,0.003919,0.0148,0.076765,0.223263
AAACGGTTGCGAACTG-1,0.001849,0.063617,0.034668,0.636741,0.115228,0.147897
AAACGTGTTCGCCCTA-1,0.000015,0.273861,0.002143,0.403569,0.262123,0.058289
AAACTAACGTGGCGAC-1,0.073375,0.84238,0.0292,0.054056,0.000016,0.000973
AAACTCGGTTCGCAAT-1,0.000009,0.028303,0.382583,0.3707,0.134369,0.084034
AAACTCGTGATATAAG-1,0.051065,0.125869,0.020206,0.455655,0.265547,0.081658
AAACTGCTGGCTCCAA-1,0.192761,0.011148,0.070309,0.43703,0.147144,0.141607
AAACTTAATTGCACGC-1,0.000014,0.181704,0.010586,0.734521,0.072963,0.000212
AAACTTGCAAACGTAT-1,0.000223,0.120656,0.008413,0.729287,0.106722,0.034699
AAAGAATGTGGACTAA-1,0.41782,0.002002,0.52278,0.050696,0.003437,0.003264
AAAGACATGAAGTTTA-1,0.184065,0.815404,0.000066,0.000332,0.000066,0.000066
AAAGACCCAAGTCGCG-1,0.342398,0.657218,0.000048,0.00024,0.000048,0.000048
AAAGACTGGGCGCTTT-1,0.104371,0.895048,0.000054,0.000268,0.000205,0.000054
AAAGCTTGCCTACATA-1,0.009379,0.126592,0.008245,0.458373,0.33988,0.057531
AAAGGCCCTATAATAC-1,0.005084,0.005923,0.009526,0.956042,0.01927,0.004156
AAAGGCTACGGACCAT-1,0.000006,0.005468,0.027895,0.802904,0.094198,0.069529
AAAGGCTCTCGCGCCG-1,0.025385,0.041635,0.029002,0.416914,0.252553,0.234511
AAAGGGATGTAGCAAG-1,0.007811,0.191825,0.001913,0.542153,0.224669,0.031628
AAAGGGCAGCTTGAAT-1,0.00004,0.848894,0.00004,0.107005,0.043979,0.00004
AAAGGTAAGCTGTACC-1,0.000016,0.262609,0.016076,0.694995,0.02146,0.004844
AAAGTAGCATTGCTCA-1,0.000013,0.013397,0.010279,0.723088,0.248142,0.00508
AAAGTCACTGATGTAA-1,0.00878,0.990677,0.000068,0.000339,0.000068,0.000068
AAAGTCGACCCTCAGT-1,0.000041,0.856637,0.000041,0.039049,0.077289,0.026943
AAAGTGCCATCAATTA-1,0.922775,0.000016,0.059797,0.002165,0.000016,0.01523
AAAGTGTGATTTATCT-1,0.0378,0.175719,0.068429,0.243989,0.105876,0.368187
AAAGTTGACTCCCGTA-1,0.024855,0.015179,0.113716,0.409686,0.070224,0.36634
AAATAACCATACGGGA-1,0.000012,0.0909,0.01903,0.780048,0.094948,0.015062
AAATAAGGTAGTGCCC-1,0.000007,0.000007,0.028127,0.902169,0.029809,0.03988
AAATACCTATAAGCAT-1,0.00778,0.088754,0.048466,0.605353,0.120455,0.129192
AAATAGCTTAGACTTT-1,0.086105,0.135762,0.063006,0.388329,0.096873,0.229925
AAATAGGGTGCTATTG-1,0.196639,0.109022,0.164452,0.179364,0.123124,0.227399
AAATCACTCCTAAACG-1,0.456893,0.510516,0.032467,0.000088,0.000018,0.000018
AAATCCGATACACGCC-1,0.274059,0.434368,0.190877,0.020912,0.028788,0.050995
AAATCGCGGAAGGAGT-1,0.147465,0.852376,0.00002,0.000099,0.00002,0.00002
AAATCGTGTACCACAA-1,0.000004,0.006063,0.022349,0.897517,0.061607,0.01246
AAATCTAGCCCTGCTA-1,0.733584,0.000026,0.015726,0.0399,0.013859,0.196905
AAATGACTGATCAAAC-1,0.054004,0.052178,0.160913,0.623089,0.06491,0.044907
AAATGATTCGATCAGC-1,0.00529,0.238742,0.002374,0.271473,0.436046,0.046076
AAATGCTCGTTACGTT-1,0.464212,0.535052,0.000092,0.00046,0.000092,0.000092
AAATGGCATGTCTTGT-1,0.000013,0.177745,0.046298,0.758619,0.011216,0.006109
AAATGGCCCGTGCCCT-1,0.000011,0.05078,0.004158,0.849731,0.088876,0.006445
AAATGGTCAATGTGCC-1,0.000034,0.126519,0.000034,0.137119,0.673362,0.062933
AAATGTGGGTGCTCCT-1,0.400299,0.521273,0.00007,0.000348,0.07794,0.00007
AAATTAACGGGTAGCT-1,0.005519,0.044074,0.009145,0.363406,0.527611,0.050245
AAATTACACGACTCTG-1,0.002798,0.251472,0.013087,0.455799,0.251402,0.025443
AAATTACCTATCGATG-1,0.000592,0.015721,0.018205,0.695254,0.208763,0.061464
AAATTCCAGGTCCAAA-1,0.042576,0.167701,0.168704,0.391887,0.143276,0.085856
AAATTGATAGTCCTTT-1,0.000593,0.083165,0.063057,0.824562,0.025779,0.002845
AAATTGGTGAGAAGCA-1,0.046884,0.098524,0.021933,0.678053,0.083788,0.070818
AAATTTACCGAAATCC-1,0.00811,0.671662,0.085117,0.189327,0.031304,0.01448
AAATTTGCGGGTGTGG-1,0.000014,0.050821,0.000089,0.541877,0.395915,0.011285
AACAACTGGTAGTTGC-1,0.030904,0.152003,0.000948,0.519558,0.24896,0.047628
AACAATACATTGTCGA-1,0.020436,0.04748,0.039168,0.678287,0.187388,0.027242
AACAATTACTCTACGC-1,0.000019,0.203942,0.005782,0.772838,0.017192,0.000226
AACACACGCTCGCCGC-1,0.285476,0.276121,0.126659,0.071822,0.145502,0.09442
AACACGACTGTACTGA-1,0.023282,0.959575,0.000042,0.00021,0.008982,0.007909
AACACGAGACGCGGCC-1,0.000011,0.249482,0.023295,0.621892,0.092214,0.013107
AACAGCTGTGTGGCAA-1,0.004275,0.198394,0.027062,0.562919,0.203627,0.003723
AACAGGAAATCGAATA-1,0.000014,0.044639,0.015808,0.761988,0.153637,0.023914
AACAGGATGGGCCGCG-1,0.000011,0.081376,0.008508,0.883899,0.024469,0.001736
AACAGGTAGTATGGAT-1,0.656143,0.190767,0.042849,0.046671,0.012747,0.050824
AACATAGCGTGTATCG-1,0.034543,0.074247,0.153006,0.603517,0.035692,0.098995
AACATATCAACTGGTG-1,0.00001,0.024406,0.053206,0.566043,0.319657,0.036678
AACATCGATACGTCTA-1,0.005407,0.084832,0.061354,0.770002,0.067327,0.011078
AACATTGAAGTTGATC-1,0.00036,0.055023,0.007958,0.856336,0.068944,0.011379
AACATTGTGACTCGAG-1,0.011546,0.180616,0.060635,0.67001,0.034278,0.042915
AACCAAGACTTCTCTG-1,0.000015,0.094566,0.023298,0.846032,0.032474,0.003615
AACCAGTATCACTCTT-1,0.020445,0.931119,0.037684,0.010692,0.00003,0.00003
AACCATAGGGTTGAAC-1,0.000017,0.558199,0.018165,0.409149,0.01306,0.001409
AACCATGGGATCGCTA-1,0.131286,0.867868,0.000106,0.000529,0.000106,0.000106
AACCCAGAGACGGAGA-1,0.000097,0.992078,0.000097,0.000487,0.007143,0.000097
AACCCATCCCATGATC-1,0.000008,0.16504,0.025602,0.779345,0.022065,0.00794
AACCCGACAACCCGTG-1,0.033988,0.020398,0.052607,0.681041,0.118339,0.093627
AACCCGAGCAGAATCG-1,0.19045,0.00001,0.809471,0.000049,0.00001,0.00001
AACCCGATAGGGCTTC-1,0.201534,0.616255,0.114698,0.067435,0.000039,0.000039
AACCCGCTGTATTCCA-1,0.155081,0.132117,0.009712,0.526872,0.078857,0.097362
AACCCTACTGTCAATA-1,0.005008,0.047332,0.116268,0.553029,0.074637,0.203726
AACCCTGGTGGAACCA-1,0.095043,0.811593,0.001383,0.068231,0.018137,0.005613
AACCGAGCTTGGTCAT-1,0.000025,0.255685,0.198851,0.072819,0.472534,0.000086
AACCGCTAAGGGATGC-1,0.168088,0.001322,0.334559,0.318284,0.011865,0.165882
AACCGTTGTGTTTGCT-1,0.000035,0.453483,0.000035,0.46567,0.077778,0.002998
AACCTAAAGCCGTCCG-1,0.164715,0.834876,0.000051,0.000256,0.000051,0.000051
AACCTCGCTTTAGCCC-1,0.143589,0.008347,0.096718,0.309396,0.036022,0.405928
AACCTGTCACGGAATT-1,0.011185,0.089336,0.180824,0.527823,0.047161,0.143671
AACCTTTAAATACGGT-1,0.045834,0.22417,0.299121,0.201404,0.069399,0.160073
AACCTTTACGACGTCT-1,0.00002,0.180321,0.003359,0.572774,0.182068,0.061459
AACGAAAGTCGTCCCA-1,0.00638,0.647603,0.016896,0.265295,0.063061,0.000765
AACGACCTCCTAGCCG-1,0.25027,0.010654,0.320488,0.103615,0.002734,0.312239
AACGATAATGCCGTAG-1,0.070162,0.193124,0.553219,0.160808,0.02123,0.001457
AACGATAGAAGGGCCG-1,0.000023,0.317444,0.005651,0.653678,0.012829,0.010375
AACGATATGTCAACTG-1,0.01586,0.145316,0.012573,0.285931,0.492932,0.047387
AACGCATGATCTGGGT-1,0.011388,0.212179,0.045952,0.531093,0.082926,0.116462
AACGCGACCTTGGGCG-1,0.076755,0.004762,0.036009,0.694654,0.064709,0.12311
AACGCGGTCTCCAGCC-1,0.000012,0.03075,0.012549,0.762578,0.186116,0.007995
AACGCTGTTGCTGAAA-1,0.695506,0.204752,0.014046,0.000117,0.005337,0.080242
AACGGACGTACGTATA-1,0.55024,0.036937,0.000065,0.016885,0.104918,0.290954
AACGGCCATCTCCGGT-1,0.000009,0.002903,0.011092,0.944071,0.041177,0.000747
AACGTACTGTGGGTAC-1,0.036166,0.05102,0.018718,0.390816,0.411896,0.091383
AACGTAGTCTACCCAT-1,0.531902,0.162547,0.040904,0.07645,0.188071,0.000126
AACGTCAGACTAGTGG-1,0.000021,0.170778,0.00406,0.714837,0.061481,0.048823
AACGTCATCCGGCTTG-1,0.012108,0.100526,0.193552,0.652369,0.036937,0.004508
AACGTCGCTGCACTTC-1,0.174026,0.016809,0.602369,0.081886,0.017231,0.107679
AACGTGATGAAGGACA-1,0.000016,0.435928,0.006422,0.506981,0.035947,0.014706
AACGTGCGAAAGTCTC-1,0.000011,0.000726,0.038597,0.894394,0.052896,0.013377
AACGTTCTACCATTGT-1,0.119806,0.096503,0.420532,0.272105,0.070523,0.02053
AACTACCCGTTTGTCA-1,0.198134,0.026684,0.295308,0.375997,0.010222,0.093656
AACTAGCGTATCGCAC-1,0.461443,0.516127,0.00011,0.000552,0.021657,0.00011
AACTAGGCTTGGGTGT-1,0.004396,0.052025,0.072333,0.55316,0.08178,0.236305
AACTCAAGTTAATTGC-1,0.000021,0.010442,0.020989,0.194909,0.717127,0.056514
AACTCCAGAGCGTGTT-1,0.335824,0.000049,0.274206,0.18439,0.004573,0.200957
AACTCCTAATCCCATG-1,0.000011,0.043143,0.003348,0.947043,0.003492,0.002962
AACTCTCAATAGAGCG-1,0.000017,0.063101,0.044598,0.415604,0.402514,0.074166
AACTCTCAGTGTGCTC-1,0.002479,0.024172,0.037033,0.414302,0.454118,0.067896
AACTGAGGTCAGCGTC-1,0.000023,0.296327,0.001835,0.594558,0.078872,0.028385
AACTGATATTAGGCCT-1,0.002691,0.299578,0.001672,0.392883,0.275766,0.02741
AACTGGGTCCCGACGT-1,0.000169,0.245755,0.036303,0.672084,0.039727,0.005962
AACTGGGTTCGAGCCG-1,0.096414,0.68698,0.000067,0.153829,0.052536,0.010174
AACTGGTGTGGGCCTT-1,0.25652,0.742277,0.000106,0.000532,0.000459,0.000106
AACTTGCCCGTATGCA-1,0.000026,0.293167,0.000026,0.579614,0.099135,0.028031
AACTTTAGCTGCTGAG-1,0.418394,0.58089,0.00009,0.000448,0.00009,0.00009
AACTTTCTCGATCATG-1,0.017685,0.079059,0.068917,0.632714,0.166822,0.034803
AAGAAATCACCAGATT-1,0.00434,0.065352,0.028487,0.512692,0.269314,0.119815
AAGACATACGTGGTTT-1,0.844955,0.000209,0.000022,0.00011,0.017945,0.136759
AAGACCAAATAACTCA-1,0.124953,0.567019,0.028966,0.271263,0.007782,0.000017
AAGACCCAACTGAACA-1,0.00513,0.010727,0.096761,0.699133,0.086627,0.101622
AAGACTCACGCCCACT-1,0.180439,0.819189,0.000047,0.000233,0.000047,0.000047
AAGACTGCAAGCTACT-1,0.00001,0.00001,0.019129,0.910508,0.045748,0.024595
AAGAGATGAATCGGTA-1,0.00002,0.340439,0.000869,0.636747,0.021906,0.00002
AAGAGCTCTTTATCGG-1,0.000018,0.043079,0.00636,0.80442,0.108881,0.037242
AAGAGGATGTACGCGA-1,0.009939,0.1443,0.009845,0.536097,0.280425,0.019394
AAGAGGCATGGATCGC-1,0.000655,0.010061,0.012686,0.649092,0.160678,0.166828
AAGAGGCCCTTTGGAA-1,0.951412,0.02647,0.01107,0.000116,0.000023,0.01091
AAGATGGCACCGGACC-1,0.086818,0.052627,0.009436,0.69061,0.153763,0.006745
AAGATTGGCGGAACGT-1,0.005099,0.085403,0.030555,0.49107,0.351202,0.036671
AAGCACCCTGCGTATC-1,0.000011,0.004763,0.303127,0.451323,0.025382,0.215393
AAGCATACTCTCCTGA-1,0.008599,0.0441,0.816005,0.127511,0.003758,0.000027
AAGCCACTTGCAGGTA-1,0.000006,0.163707,0.01281,0.80068,0.017928,0.004869
AAGCCGAAGCGGTTTA-1,0.283321,0.157998,0.099049,0.300517,0.066328,0.092787
AAGCCGCCGTGAAATC-1,0.000867,0.090398,0.013687,0.764162,0.123774,0.007111
AAGCCGCTTTACCTTG-1,0.003054,0.141403,0.010303,0.440993,0.296658,0.107589
AAGCCGGAGAGCAGGA-1,0.937207,0.059139,0.000034,0.000169,0.000034,0.003418
AAGCGCAGGGCTTTGA-1,0.000008,0.014403,0.363191,0.478039,0.023884,0.120476
AAGCGGAGTGCGCGCA-1,0.002328,0.152939,0.009275,0.80666,0.023816,0.004983
AAGCGGCGTCATGGGT-1,0.071696,0.580748,0.005403,0.27849,0.03134,0.032324
AAGCGTCCCTCATCGA-1,0.000011,0.050166,0.019845,0.782506,0.124541,0.022931
AAGCTAGATCGAGTAA-1,0.021122,0.162837,0.052411,0.207125,0.133262,0.423244
AAGCTCGTGCCAAGTC-1,0.007267,0.080546,0.049597,0.825187,0.02469,0.012713
AAGCTCTTTCATGGTG-1,0.127878,0.481329,0.03393,0.022353,0.056684,0.277826
AAGGAGAACTTATAAG-1,0.327694,0.672037,0.000034,0.000169,0.000034,0.000034
AAGGAGCGGTTGGTGC-1,0.00003,0.129381,0.00003,0.503383,0.363299,0.003876
AAGGATCGATCGCTTG-1,0.000091,0.034376,0.033598,0.257555,0.238263,0.436118
AAGGATGAGGGACCTC-1,0.086916,0.410375,0.009176,0.19323,0.257784,0.042519
AAGGCAGGCTGTCTCC-1,0.029483,0.040239,0.241317,0.490923,0.109437,0.088601
AAGGCGCGTAAAGCTT-1,0.00002,0.086604,0.00002,0.64222,0.25965,0.011486
AAGGCTGTGCTCATCG-1,0.002772,0.048002,0.002437,0.543455,0.403308,0.000026
AAGGGAACGACTGGCT-1,0.00001,0.087711,0.009907,0.701416,0.190973,0.009982
AAGGGACAGATTCTGT-1,0.049445,0.077911,0.018752,0.5831,0.205763,0.065029
AAGGGACTATGCATTC-1,0.000286,0.165431,0.000014,0.434194,0.364702,0.035372
AAGGGTTAGCCATGCG-1,0.04416,0.094792,0.24391,0.507156,0.089043,0.020939
AAGGTATCCTAATATA-1,0.014674,0.107409,0.097239,0.477243,0.279441,0.023993
AAGGTGATAAACCAGC-1,0.034435,0.220174,0.15933,0.256225,0.062278,0.267557
AAGTAGAAGACCGGGT-1,0.010742,0.15509,0.006251,0.600249,0.150835,0.076833
AAGTAGTGACGCGAGG-1,0.000012,0.028888,0.00389,0.858957,0.09714,0.011113
AAGTCAATTGTCGTCA-1,0.130891,0.207305,0.087436,0.220836,0.089516,0.264016
AAGTCTAGTAGCTGCC-1,0.069714,0.181631,0.011439,0.358432,0.332154,0.04663
AAGTGACGACCGAATT-1,0.000013,0.021685,0.02494,0.921939,0.031409,0.000013
AAGTGAGTCGGGTTTA-1,0.169068,0.196102,0.003101,0.450203,0.168992,0.012534
AAGTGCCTTGACTGTA-1,0.006003,0.051166,0.130289,0.500284,0.031469,0.280789
AAGTGCGTTAGAATCT-1,0.000018,0.127836,0.000018,0.262254,0.572007,0.037868
AAGTGCTTCTCTATTG-1,0.013038,0.166839,0.035008,0.454697,0.241093,0.089324
AAGTGTTTGGAGACGG-1,0.004914,0.25155,0.000028,0.031375,0.268134,0.443999
AAGTTCACTCCAAGCT-1,0.190299,0.243376,0.114328,0.218946,0.057874,0.175178
AAGTTCAGTCTGCGTA-1,0.000026,0.258435,0.000026,0.207903,0.464388,0.069222
AAGTTCGGCCAACAGG-1,0.003841,0.05433,0.023871,0.529781,0.373559,0.014617
AAGTTGTGATGTTATA-1,0.655245,0.133558,0.030484,0.002641,0.028105,0.149968
AAGTTTACTAATGGCA-1,0.129706,0.869877,0.000052,0.000261,0.000052,0.000052
AAGTTTATGGGCCCAA-1,0.142583,0.142973,0.105568,0.226001,0.093327,0.289549
AATAACAACGCTCGGC-1,0.002555,0.20328,0.010204,0.466412,0.262388,0.055161
AATAACACTAGAACAA-1,0.002867,0.033712,0.090417,0.774286,0.091006,0.007713
AATAACGTCGCGCCCA-1,0.062894,0.074698,0.310312,0.306043,0.096645,0.149409
AATAAGTCCTCGAGAC-1,0.040601,0.760144,0.024197,0.14748,0.010619,0.01696
AATAATCTTCGTATCG-1,0.996992,0.000013,0.000013,0.000067,0.000013,0.002901
AATACAATGTTTCAGG-1,0.333109,0.666458,0.000054,0.00027,0.000054,0.000054
AATACCGGAGGGCTGT-1,0.00617,0.104303,0.01207,0.352334,0.451787,0.073337
AATACCTGATGTGAAC-1,0.362473,0.151867,0.231219,0.0608,0.106898,0.086743
AATAGAACAGAGTGGC-1,0.000008,0.000873,0.060951,0.926246,0.006883,0.005039
AATAGAATCTGTTTCA-1,0.047926,0.510382,0.085648,0.106287,0.040297,0.20946
AATAGCAAGCCTCCTG-1,0.041312,0.780802,0.046137,0.11764,0.003404,0.010705
AATAGCTACCGCGTGC-1,0.000015,0.072308,0.046928,0.759407,0.108601,0.012741
AATAGGCACGACCCTT-1,0.035848,0.098573,0.015047,0.780834,0.065424,0.004274
AATAGTCCGTCCCGAC-1,0.007556,0.009511,0.05012,0.804282,0.067231,0.061299
AATATCAAGGTCGGAT-1,0.165379,0.744359,0.05331,0.036828,0.000061,0.000061
AATATCGAATCAATGC-1,0.970952,0.000009,0.00449,0.014885,0.000009,0.009653
AATATCGAGGGTTCTC-1,0.108702,0.067066,0.038192,0.383438,0.215649,0.186954
AATATTGGAGTATTGA-1,0.000017,0.000017,0.007243,0.992688,0.000017,0.000017
AATCAGGTTTCATTTA-1,0.001256,0.129681,0.015087,0.447547,0.333139,0.073289
AATCATGTAAAGACTC-1,0.51529,0.153239,0.052753,0.07096,0.012767,0.19499
AATCCAAGGGCCTGAG-1,0.000073,0.849416,0.000073,0.000363,0.128408,0.021668
AATCCCGCTCAGAGCC-1,0.032282,0.040661,0.150113,0.662415,0.096856,0.017673
AATCGAGGTCTCAAGG-1,0.062293,0.178456,0.148816,0.540561,0.016749,0.053125
AATCGCCTCAGCGCCA-1,0.092673,0.057663,0.018311,0.188276,0.298461,0.344616
AATCGCGCAGAGGACT-1,0.120988,0.213104,0.331957,0.189752,0.033563,0.110636
AATCGGGACACTACGA-1,0.057305,0.905865,0.000039,0.000197,0.028694,0.0079
AATCGGTATAGCCCTC-1,0.514276,0.138184,0.073194,0.007247,0.069546,0.197554
AATCGTGAGCCGAGCA-1,0.230274,0.085408,0.140851,0.205902,0.032438,0.305128
AATCTAGGTTTACTTG-1,0.000022,0.240936,0.008091,0.594448,0.131587,0.024917
AATCTATGCCGGAGCC-1,0.189123,0.139447,0.005442,0.288064,0.368089,0.009834
AATCTGCGTTGGGACG-1,0.000016,0.090883,0.186801,0.692259,0.028517,0.001523
AATCTGGCTTTCTAGT-1,0.000016,0.107498,0.001916,0.800596,0.078683,0.011291
AATCTGGGTAGACCCT-1,0.094788,0.854012,0.000041,0.022857,0.022254,0.006047
AATGACAGCAATGTCT-1,0.066237,0.23431,0.031289,0.510818,0.151118,0.006228
AATGACGTAGGATGTC-1,0.004711,0.214125,0.143562,0.315946,0.105456,0.2162
AATGACTGTCAGCCGG-1,0.000026,0.131167,0.000026,0.365353,0.445479,0.057949
AATGATGATACGCTAT-1,0.091424,0.227352,0.020615,0.365303,0.260169,0.035136
AATGATGCGACTCCTG-1,0.021862,0.079484,0.011305,0.237483,0.578766,0.0711
AATGCAACCGGGTACC-1,0.045489,0.100435,0.022758,0.662779,0.15344,0.015099
AATGCACCAAGCAATG-1,0.000012,0.098669,0.006066,0.512423,0.333915,0.048916
AATGGTCCACCGTTCA-1,0.000076,0.990348,0.000076,0.000382,0.009041,0.000076
AATGGTTCTCACAAGC-1,0.005244,0.649397,0.00009,0.009043,0.241601,0.094625
AATGTATGGCACTGTA-1,0.009445,0.484512,0.002665,0.389369,0.0987,0.015309
AATGTGCCCGAGGTGT-1,0.005622,0.241349,0.016638,0.455861,0.251802,0.028729
AATGTGCTAATCTGAG-1,0.013765,0.058387,0.010596,0.47039,0.391043,0.055819
AATGTTAAGACCCTGA-1,0.003376,0.009666,0.253172,0.692504,0.006119,0.035163
AATGTTGTCGTGAGAC-1,0.678009,0.021345,0.000032,0.000158,0.101353,0.199103
AATTAAAGGTCGGCGT-1,0.000016,0.039158,0.011222,0.639221,0.278843,0.03154
AATTAACGGATTTCCA-1,0.07487,0.360116,0.41759,0.097817,0.00987,0.039737
AATTACGAGACCCATC-1,0.124154,0.616649,0.00003,0.191807,0.050992,0.016368
AATTAGCGCTGCAGCG-1,0.000019,0.160043,0.154694,0.601559,0.008818,0.074866
AATTATACCCAGCAAG-1,0.066195,0.185816,0.11199,0.340184,0.078836,0.216978
AATTCATAAGGGATCT-1,0.000813,0.138693,0.003798,0.11162,0.68962,0.055456
AATTCATTGTCATGCA-1,0.045113,0.648023,0.014462,0.255707,0.026464,0.010231
AATTCCAAGCATGTAC-1,0.039928,0.236421,0.018456,0.169909,0.221197,0.31409
AATTCGATTCGAGGAT-1,0.010465,0.055988,0.039348,0.107944,0.268482,0.517773
AATTCTAGAGTTAGGC-1,0.000018,0.133243,0.087198,0.411212,0.144244,0.224085
AATTGAACGCTCTGGT-1,0.171186,0.243731,0.021876,0.321768,0.117204,0.124234
AATTGCAGCAATCGAC-1,0.956639,0.000015,0.004012,0.000077,0.002885,0.036372
AATTGCGTGGATTACA-1,0.007444,0.949665,0.002662,0.040183,0.000023,0.000023
AATTGTGGTTGCCAAA-1,0.999796,0.000023,0.000023,0.000113,0.000023,0.000023
AATTTGGGACATAGTA-1,0.127021,0.321589,0.010603,0.454458,0.066776,0.019552
AATTTGGTTCCAAAGA-1,0.000021,0.38381,0.001736,0.531934,0.050844,0.031654
ACAAACCATGCGTCCT-1,0.00001,0.173019,0.008767,0.656007,0.149667,0.01253
ACAAACCGACAAGGCG-1,0.466695,0.530773,0.000034,0.000168,0.002298,0.000034
ACAAACTCCATCAGAG-1,0.004894,0.107887,0.020276,0.734406,0.120202,0.012335
ACAAAGAAGGTAGGCC-1,0.102087,0.58094,0.007413,0.141613,0.098904,0.069043
ACAAAGCATGACCTAG-1,0.708408,0.068276,0.120779,0.053059,0.011523,0.037956
ACAAATCGCACCGAAT-1,0.084804,0.037928,0.429221,0.189814,0.029289,0.228944
ACAAATGGTAGTGTTT-1,0.000868,0.158827,0.006613,0.108144,0.178386,0.547162
ACAAATTCAGATCTGA-1,0.019498,0.929028,0.010579,0.025673,0.008008,0.007214
ACAACAGCATGAGCTA-1,0.032975,0.008496,0.014291,0.55511,0.296255,0.092874
ACAACGGTCCCTGCGA-1,0.000027,0.313357,0.003403,0.680534,0.002653,0.000027
ACAAGCAGTGCCTAGC-1,0.000027,0.179812,0.000027,0.654561,0.134901,0.030673
ACAAGGAAATCCGCCC-1,0.019087,0.124634,0.097239,0.258547,0.293746,0.206746
ACAAGGACAAGAGGTT-1,0.000018,0.024206,0.00517,0.818217,0.137052,0.015337
ACAAGGATGCTTTAGG-1,0.358036,0.29363,0.05713,0.029893,0.018456,0.242856
ACAAGGCCTACCAGCC-1,0.097862,0.798231,0.000061,0.10374,0.000053,0.000053
ACAAGGGCAGGCTCTG-1,0.000295,0.085436,0.345107,0.47029,0.016483,0.082389
ACAATAGTCGTACGTT-1,0.000024,0.261367,0.000024,0.503057,0.231483,0.004044
ACAATCCATTTAAACC-1,0.000018,0.001169,0.000948,0.905238,0.073926,0.018702
ACAATCGATCTTTATA-1,0.456163,0.543436,0.00005,0.000251,0.00005,0.00005
ACAATGAATACGGAGA-1,0.00734,0.108214,0.003872,0.444617,0.427564,0.008394
ACAATGATTCTTCTAC-1,0.0077,0.572674,0.033655,0.332302,0.034919,0.01875
ACAATTGTGTCTCTTT-1,0.278779,0.036098,0.066529,0.037827,0.002805,0.577961
ACAATTTGAGCAGTGG-1,0.010789,0.074061,0.009992,0.489139,0.37258,0.04344
ACAATTTGGCCATATT-1,0.177609,0.33051,0.33845,0.142356,0.001007,0.010067
ACACAAAGACGGGTGG-1,0.000764,0.26174,0.004839,0.335654,0.352575,0.044428
ACACAAATATTCCTAG-1,0.000214,0.079865,0.031045,0.854439,0.028267,0.006169
ACACACCAGGACCAGT-1,0.055973,0.120867,0.36942,0.35956,0.009711,0.08447
ACACACTTTCTACACG-1,0.000018,0.383663,0.017341,0.588896,0.004876,0.005206
ACACATGATCAAATCT-1,0.000009,0.088164,0.013634,0.802079,0.068886,0.027228
ACACATTTCCGTAGAC-1,0.029704,0.069784,0.011804,0.202069,0.215146,0.471494
ACACCACATAATTAGC-1,0.007526,0.00663,0.12531,0.727322,0.040987,0.092224
ACACCCAGCATGCAGC-1,0.000023,0.110262,0.001602,0.605818,0.241291,0.041005
ACACCCGAGAAATCCG-1,0.000059,0.75096,0.000059,0.055395,0.188671,0.004857
ACACCCGTAAATCTGT-1,0.401928,0.518562,0.078597,0.000869,0.000022,0.000022
ACACCGGTCTGACCGC-1,0.000012,0.103278,0.005157,0.82036,0.063692,0.007502
ACACCTTAAGTAGGGC-1,0.000021,0.03211,0.000021,0.713961,0.248874,0.005014
ACACCTTACTACTTGC-1,0.000015,0.015628,0.319013,0.571083,0.01467,0.079592
ACACGAGACTCCTTCT-1,0.054376,0.278917,0.020672,0.284238,0.305158,0.056639
ACACGGCACTATGCAT-1,0.031207,0.904905,0.000051,0.003008,0.03155,0.02928
ACACGGGAACTTAGGG-1,0.000025,0.136343,0.002581,0.320428,0.498572,0.042051
ACACGTAGGCCACAAG-1,0.507572,0.009225,0.196874,0.187085,0.00488,0.094364
ACACTGATCAAGGTGT-1,0.00001,0.00001,0.000911,0.983919,0.010528,0.004622
ACACTGGGACAGTCGT-1,0.933251,0.048836,0.000036,0.000121,0.000024,0.017732
ACAGAACTGAGAACAA-1,0.000014,0.081811,0.003696,0.445255,0.434843,0.034382
ACAGATTAGGTTAGTG-1,0.120907,0.878603,0.000061,0.000306,0.000061,0.000061
ACAGCATAGAGCCAGT-1,0.017485,0.982146,0.000046,0.00023,0.000046,0.000046
ACAGCGACATTCTCAT-1,0.700526,0.05154,0.000045,0.000227,0.032589,0.215074
ACAGCGCACCCGCAGC-1,0.018338,0.466187,0.033417,0.470799,0.010117,0.001143
ACAGGCACGGATCCTT-1,0.334367,0.103435,0.005223,0.038245,0.0785,0.44023
ACAGGCTTGCCCGACT-1,0.10015,0.000016,0.142287,0.267356,0.061182,0.42901
ACAGGTGGAGGTGAGG-1,0.000013,0.001639,0.036992,0.92964,0.031368,0.000347
ACAGTAATACAACTTG-1,0.000011,0.012599,0.016273,0.951497,0.007563,0.012057
ACAGTATACCGTGGGA-1,0.017817,0.189181,0.011018,0.539865,0.205739,0.03638
ACATAAGTCGTGGTGA-1,0.009361,0.903069,0.008159,0.0791,0.000293,0.000019
ACATAATAAGGCGGTG-1,0.000023,0.243774,0.001141,0.573384,0.16189,0.019789
ACATACAATCAAGCGG-1,0.053466,0.075662,0.363366,0.454502,0.032208,0.020795
ACATCCCGGCCATACG-1,0.0133,0.222648,0.084809,0.365423,0.158988,0.154831
ACATCCTGGTAACTGT-1,0.163812,0.139427,0.129175,0.362864,0.069638,0.135085
ACATCGATCGTTTACC-1,0.000007,0.00924,0.029891,0.926763,0.027104,0.006995
ACATCGCAATATTCGG-1,0.002499,0.153709,0.029693,0.794232,0.010739,0.009128
ACATCGGTCAGCCGCG-1,0.005147,0.105161,0.006686,0.493447,0.375275,0.014284
ACATCGTATGCAATGG-1,0.120877,0.079392,0.101493,0.286211,0.106541,0.305486
ACATCGTTAACCTAGT-1,0.031924,0.869286,0.000867,0.008885,0.051446,0.037592
ACATCTCAACGCGTAA-1,0.09568,0.903988,0.000041,0.000207,0.000041,0.000041
ACATGCTTACGGCAGC-1,0.001241,0.570871,0.027268,0.399196,0.001401,0.000023
ACATGGCGCCAAAGTA-1,0.000173,0.083193,0.098551,0.360472,0.175363,0.282248
ACATTAGTTTATATCC-1,0.001814,0.048449,0.021437,0.477051,0.224797,0.226453
ACATTCGCGCGGAATA-1,0.000763,0.177589,0.010028,0.614944,0.167607,0.029068
ACATTTGAAACCTAAC-1,0.431178,0.138191,0.064364,0.054313,0.038619,0.273335
ACCAAACACCCAGCGA-1,0.000088,0.088913,0.038373,0.740652,0.095777,0.036196
ACCAAACTAGAAATCC-1,0.283731,0.715885,0.000048,0.00024,0.000048,0.000048
ACCAACACCACACACT-1,0.007649,0.388104,0.045158,0.453815,0.073939,0.031335
ACCAACCGCACTCCAC-1,0.325818,0.000011,0.525383,0.081993,0.002885,0.063911
ACCAACGCTTATTTAT-1,0.003314,0.029749,0.135163,0.653626,0.129706,0.048441
ACCAAGAACGCGTGTC-1,0.000025,0.29359,0.004882,0.669034,0.024696,0.007771
ACCAAGTCATCGGCAG-1,0.284103,0.000012,0.37189,0.139292,0.010167,0.194535
ACCAATATGCAAGTTA-1,0.119023,0.437493,0.108942,0.067111,0.035743,0.231688
ACCACAACTCAGAACA-1,0.025231,0.899006,0.068994,0.005876,0.000871,0.000022
ACCACAAGTTTCTATC-1,0.06927,0.068557,0.000032,0.257223,0.570516,0.034402
ACCACACGGTTGATGG-1,0.040375,0.136822,0.09764,0.327555,0.122893,0.274715
ACCACCAATGTAACAA-1,0.00376,0.121409,0.366813,0.453308,0.012312,0.042398
ACCACCCTCTCTTCTA-1,0.033494,0.129507,0.031398,0.314981,0.384419,0.106201
ACCACGTGCAGCTATA-1,0.00001,0.005187,0.249928,0.530152,0.031695,0.183027
ACCAGCCCGGTCTTTG-1,0.245023,0.754684,0.000037,0.000183,0.000037,0.000037
ACCAGGAGTGTGATCT-1,0.348548,0.651116,0.000042,0.00021,0.000042,0.000042
ACCAGTGCCCGGTCAA-1,0.000549,0.536544,0.016477,0.416586,0.01299,0.016853
ACCAGTGCGGGAGACG-1,0.210067,0.11913,0.046131,0.061643,0.196296,0.366733
ACCATATCCGCAATAA-1,0.000008,0.000008,0.035626,0.944779,0.016115,0.003464
ACCATCCGCCAACTAG-1,0.004277,0.226232,0.009984,0.696944,0.047248,0.015314
ACCATCGTATATGGTA-1,0.051548,0.067128,0.010355,0.179785,0.582087,0.109098
ACCCAACGCCCGTGGC-1,0.084767,0.241768,0.017451,0.214336,0.353548,0.08813
ACCCACCTACATGCTC-1,0.030573,0.915839,0.000056,0.010853,0.041382,0.001296
ACCCATCTTGAGGGTA-1,0.000029,0.064417,0.000029,0.138408,0.78196,0.015157
ACCCATTTGTCCCTCT-1,0.680027,0.009809,0.166872,0.127236,0.00156,0.014496
ACCCGAGCGAAATTAC-1,0.000011,0.132927,0.004168,0.465515,0.378415,0.018964
ACCCGATTGGTTCCGA-1,0.018168,0.115324,0.115802,0.700466,0.046767,0.003474
ACCCGGAAACTCCCAG-1,0.001545,0.005294,0.122349,0.707587,0.039956,0.123269
ACCCGGAGCACCACAA-1,0.999836,0.000018,0.000018,0.000091,0.000018,0.000018
ACCCGGATGACGCATC-1,0.049798,0.132525,0.168363,0.35785,0.080638,0.210825
ACCCGGTTACACTTCC-1,0.072359,0.233732,0.010109,0.254828,0.367996,0.060976
ACCCGTAGTCTAGTTG-1,0.383398,0.000069,0.291359,0.132714,0.002356,0.190104
ACCCGTGTCATCAGTA-1,0.122946,0.041632,0.009348,0.339511,0.219418,0.267145
ACCCTATGCCATATCG-1,0.024742,0.144808,0.016052,0.383879,0.350918,0.0796
ACCCTCCCGTCAGGGC-1,0.048173,0.015724,0.60911,0.271959,0.00441,0.050624
ACCCTCCCTTGCTATT-1,0.009727,0.205233,0.318774,0.314812,0.010582,0.140872
ACCCTGGTAACGCCCT-1,0.015501,0.210947,0.020249,0.397757,0.29674,0.058806
ACCCTTCATCTGCGAA-1,0.000017,0.10994,0.008152,0.833432,0.047,0.00146
ACCCTTGCCTGGGTCG-1,0.000014,0.048162,0.027321,0.731313,0.139085,0.054105
ACCCTTTAGTTCTCCA-1,0.000067,0.967116,0.000067,0.000335,0.000067,0.032348
ACCGAAAGGGCCCTGC-1,0.074285,0.861645,0.00005,0.000252,0.027887,0.03588
ACCGAAGAGTCTGGTT-1,0.000014,0.309253,0.025279,0.600403,0.060949,0.004102
ACCGACACATCTCCCA-1,0.000006,0.000006,0.102818,0.871824,0.002751,0.022594
ACCGACTGAGTCCCAC-1,0.034241,0.059407,0.000031,0.17819,0.678964,0.049168
ACCGAGTCTCCTTATT-1,0.000011,0.00005,0.139778,0.413395,0.061371,0.385397
ACCGATAGGCATAACC-1,0.903876,0.000596,0.050981,0.038091,0.000013,0.006443
ACCGATATTTAATCAT-1,0.937821,0.00002,0.012919,0.002886,0.000535,0.045819
ACCGATGGTAGCATCG-1,0.010584,0.172834,0.075403,0.366757,0.310576,0.063846
ACCGCAATAACTGCCT-1,0.000056,0.000778,0.348923,0.480905,0.033087,0.136251
ACCGCGGTGGAAGTCG-1,0.020135,0.012571,0.320008,0.502971,0.008263,0.136053
ACCGCTAGTCATTGGT-1,0.007245,0.173782,0.009685,0.632553,0.127691,0.049044
ACCGGGCCTTTGTTGA-1,0.100634,0.207586,0.040436,0.248644,0.053174,0.349526
ACCGGTCAGGTACACC-1,0.000006,0.006611,0.004552,0.983615,0.004655,0.000561
ACCGGTCTGAGTACGG-1,0.081031,0.918692,0.000035,0.000173,0.000035,0.000035
ACCGTCCACTGGGCCC-1,0.037231,0.524171,0.028577,0.391644,0.017584,0.000793
ACCGTGACCACGTGGG-1,0.003132,0.065961,0.033806,0.571675,0.250911,0.074516
ACCGTTCCCGCTCTGA-1,0.111951,0.88217,0.000075,0.000375,0.005354,0.000075
ACCTAAGTACCTTTCA-1,0.000017,0.037483,0.001665,0.484337,0.468688,0.00781
ACCTAATCGACTTCCT-1,0.000024,0.074003,0.000024,0.733136,0.17092,0.021893
ACCTACAGTATGTGGT-1,0.023243,0.103234,0.282304,0.176748,0.175382,0.239088
ACCTACTATAAATCTA-1,0.131541,0.22565,0.055896,0.255672,0.125501,0.205739
ACCTCCGCCCTCGCTG-1,0.589269,0.038543,0.068455,0.000212,0.015524,0.287998
ACCTCCGTTATTCACC-1,0.007909,0.056948,0.062654,0.622244,0.128346,0.121898
ACCTCGAACTTATGCT-1,0.000011,0.262964,0.026706,0.703262,0.006053,0.001004
ACCTGCGTGTCATGTT-1,0.00001,0.00001,0.000842,0.965449,0.03368,0.00001
ACCTTTCCTTTAGAAG-1,0.930791,0.068956,0.000032,0.000158,0.000032,0.000032
ACGAAATGGGCGGCAC-1,0.000022,0.201857,0.000022,0.634144,0.150895,0.013059
ACGACCCATGAGTTGC-1,0.939063,0.020057,0.012285,0.000116,0.000023,0.028455
ACGACTCTAGGGCCGA-1,0.130863,0.296813,0.075495,0.085938,0.036267,0.374625
ACGACTGGTCATACTC-1,0.049632,0.267574,0.047397,0.301313,0.294523,0.039561
ACGAGATATTTGCTTA-1,0.000032,0.574342,0.012265,0.26606,0.092882,0.05442
ACGAGGATACCACTCT-1,0.000014,0.021101,0.007217,0.943631,0.02522,0.002818
ACGAGGTTTACAACGT-1,0.000421,0.156525,0.003817,0.716793,0.107558,0.014885
ACGAGTACGGATGCCC-1,0.00001,0.041683,0.026134,0.753706,0.129686,0.048781
ACGATACATAGAACTA-1,0.001239,0.216353,0.01317,0.508243,0.240992,0.020003
ACGATCATACATAGAG-1,0.002717,0.009399,0.012049,0.939815,0.032774,0.003245
ACGATCATCTTGTAAA-1,0.001486,0.058466,0.004406,0.277336,0.407186,0.251121
ACGATGCATATGTTAT-1,0.000026,0.102879,0.00808,0.418752,0.450647,0.019617
ACGATGGATCCGATGC-1,0.000036,0.696058,0.014662,0.257399,0.027814,0.004031
ACGCAAACTAATAGAT-1,0.01048,0.122396,0.025913,0.461519,0.255551,0.12414
ACGCAATCACTACAGC-1,0.036153,0.058664,0.027838,0.771489,0.068807,0.037049
ACGCATAAATGACATG-1,0.241218,0.75774,0.000867,0.000125,0.000025,0.000025
ACGCATACGTTTACTA-1,0.726104,0.011128,0.000042,0.00021,0.08475,0.177766
ACGCATTCGTGAGTAC-1,0.029527,0.224918,0.017241,0.329304,0.36713,0.03188
ACGCCACTCGAAACAG-1,0.092319,0.040499,0.040963,0.406603,0.129203,0.290412
ACGCCAGATGATTTCT-1,0.00002,0.118526,0.000451,0.63203,0.228164,0.020809
ACGCCAGTGCGTTTGC-1,0.427541,0.10991,0.006827,0.029426,0.123381,0.302914
ACGCCCAGCTGTCGAT-1,0.260028,0.711953,0.00005,0.020911,0.007009,0.00005
ACGCCGCTAGACGACC-1,0.020447,0.519385,0.080766,0.151776,0.067554,0.160072
ACGCGAAGTCAGACGA-1,0.00001,0.00001,0.069763,0.813238,0.025683,0.091296
ACGCGCTACACAGGGT-1,0.008693,0.312772,0.045548,0.38086,0.244981,0.007146
ACGCGGGCCAAGGACA-1,0.052072,0.031797,0.027918,0.432095,0.327067,0.129051
ACGCTACTGAATGGGC-1,0.345992,0.136077,0.041243,0.047894,0.068212,0.360582
ACGCTAGTGATACACT-1,0.006235,0.003124,0.07306,0.775508,0.068072,0.074
ACGCTGTGAGGCGTAG-1,0.030059,0.908456,0.047167,0.002172,0.007415,0.004732
ACGCTTAGTGTCTCTC-1,0.16439,0.835149,0.000058,0.000288,0.000058,0.000058
ACGGAACACGAGTGCC-1,0.271522,0.004273,0.112471,0.178711,0.108815,0.324208
ACGGAATTTAGCAAAT-1,0.228241,0.771108,0.000081,0.000407,0.000081,0.000081
ACGGACGCAGCGACAA-1,0.020825,0.644154,0.013733,0.320305,0.000753,0.00023
ACGGACTCTCAAAGCG-1,0.000008,0.01549,0.24797,0.52674,0.024476,0.185317
ACGGAGCGCAAATTAC-1,0.000013,0.015984,0.006444,0.723526,0.233556,0.020476
ACGGATGGTGCGGATA-1,0.00942,0.153888,0.165819,0.131676,0.025204,0.513993
ACGGCACTTGCTTGGG-1,0.007432,0.187335,0.048983,0.415883,0.124429,0.215938
ACGGCCAACATGGACT-1,0.00001,0.009332,0.011529,0.772545,0.108394,0.098191
ACGGCGACGATGGGAA-1,0.034182,0.240427,0.040478,0.133501,0.230088,0.321324
ACGGCTGGATGTAGAA-1,0.049678,0.255798,0.06135,0.624706,0.006497,0.001971
ACGGGAGTGTCGGCCC-1,0.00245,0.184603,0.030312,0.723185,0.058307,0.001143
ACGGGCGTATGCGACA-1,0.000012,0.077153,0.016337,0.580515,0.285094,0.040889
ACGGTACAGTTCAATG-1,0.114463,0.000009,0.379849,0.34145,0.011033,0.153196
ACGGTCACCGAGAACA-1,0.003339,0.38736,0.016936,0.534573,0.057773,0.00002
ACGTACAGATTTCTCT-1,0.000045,0.652302,0.011956,0.142758,0.103342,0.089597
ACGTACTTTGGCACGG-1,0.00114,0.087633,0.016285,0.653251,0.21148,0.030212
ACGTAGATTGCTGATG-1,0.020937,0.016463,0.063584,0.588214,0.211055,0.099747
ACGTAGGAGAGTCGCT-1,0.028023,0.124972,0.118752,0.198499,0.055489,0.474265
ACGTATTACTCCGATC-1,0.000107,0.006749,0.071392,0.548167,0.054047,0.319539
ACGTGACAAAGTAAGT-1,0.340455,0.650501,0.008889,0.000111,0.000022,0.000022
ACGTGCGCCTCGTGCA-1,0.000016,0.052115,0.001373,0.895485,0.037377,0.013634
ACGTGGTCGAATGTGC-1,0.194966,0.778409,0.025845,0.000688,0.000046,0.000046
ACGTTAATGTCGAAGA-1,0.044607,0.003985,0.354136,0.505091,0.082518,0.009663
ACGTTAGATTTGCCCG-1,0.020439,0.187227,0.000046,0.027813,0.732779,0.031695
ACGTTCACTATGCCGC-1,0.001429,0.044798,0.00801,0.418903,0.46879,0.058069
ACGTTCCGCGCTCCGT-1,0.136794,0.862475,0.000091,0.000457,0.000091,0.000091
ACGTTCGCAATCAATT-1,0.017627,0.019684,0.018284,0.381443,0.268692,0.294271
ACGTTCGTTCAGGAAA-1,0.000012,0.124384,0.008766,0.551832,0.254859,0.060146
ACGTTCTGTACAAGTC-1,0.26052,0.015281,0.284393,0.163869,0.057096,0.218842
ACGTTGTCGTTGAAAG-1,0.000012,0.025714,0.000849,0.750428,0.219581,0.003414
ACGTTTAGTTGTGATC-1,0.000016,0.059266,0.007125,0.90915,0.015164,0.009279
ACGTTTCGGTGCACTT-1,0.254734,0.083094,0.114434,0.207145,0.009503,0.331091
ACTAAGGACGCACACC-1,0.001527,0.330581,0.007164,0.655702,0.001438,0.003588
ACTAATACGTCAGGCG-1,0.059947,0.5746,0.000033,0.260953,0.090228,0.014239
ACTACAAAGAGAGGTG-1,0.076785,0.144517,0.088583,0.611499,0.04599,0.032627
ACTACATCCCGACAAG-1,0.00001,0.106732,0.008328,0.708035,0.157717,0.019178
ACTACCAGCTCTCTGG-1,0.032404,0.034281,0.005644,0.858585,0.054893,0.014194
ACTACCATCCGAGGGC-1,0.000009,0.102747,0.009035,0.746779,0.120038,0.021392
ACTACGCGTTAGAATT-1,0.028076,0.304395,0.046965,0.208668,0.2206,0.191296
ACTAGTTGCGATCGTC-1,0.312272,0.000024,0.684922,0.002734,0.000024,0.000024
ACTATATGCTGTGTTC-1,0.000019,0.101479,0.022491,0.826504,0.010164,0.039343
ACTATCCAGGGCATGG-1,0.000022,0.16438,0.016411,0.101301,0.37374,0.344147
ACTATCTGCCCGCGTA-1,0.830683,0.169101,0.000027,0.000135,0.000027,0.000027
ACTATGTCCAGCTGCC-1,0.000009,0.009091,0.004624,0.694958,0.280274,0.011043
ACTATTCGTCCGTGGT-1,0.155161,0.506427,0.006479,0.230908,0.10098,0.000044
ACTATTTCCGGGCCCA-1,0.013547,0.153419,0.029216,0.448119,0.268491,0.087208
ACTCAAGTGCAAGGCT-1,0.381302,0.009287,0.222676,0.095735,0.099587,0.191414
ACTCAATAAAGGCACG-1,0.014926,0.12266,0.079781,0.560812,0.221802,0.000018
ACTCAGACCTGCTTCT-1,0.408618,0.59046,0.000115,0.000576,0.000115,0.000115
ACTCATGGCAGCCTTC-1,0.000015,0.255644,0.002231,0.58904,0.121272,0.031796
ACTCCAATATCATCAT-1,0.00001,0.056285,0.020077,0.705199,0.17794,0.040489
ACTCCCATTCCTAAAG-1,0.000011,0.037404,0.004069,0.902966,0.050117,0.005434
ACTCCCGAATTCGTTT-1,0.000568,0.051419,0.224469,0.584266,0.11894,0.020338
ACTCCCGTAGACTAGG-1,0.006573,0.175448,0.000534,0.229907,0.494669,0.092869
ACTCCCTAATGCTAAA-1,0.000029,0.00671,0.127065,0.674502,0.012961,0.178733
ACTCCCTAGAATAGTA-1,0.003422,0.067822,0.114442,0.337765,0.101002,0.375546
ACTCCGGCCGACCACT-1,0.380126,0.218288,0.005062,0.010796,0.048883,0.336845
ACTCGCCGTTCGATAA-1,0.48931,0.026279,0.340603,0.123747,0.000239,0.019822
ACTCGCGATCTGACGC-1,0.16579,0.022107,0.045147,0.291344,0.03402,0.441591
ACTCGTAACCCGTCCT-1,0.000011,0.003416,0.00144,0.785671,0.19804,0.011422
ACTCGTCAGTAATCCC-1,0.016109,0.192751,0.003713,0.284226,0.282609,0.220591
ACTCTCTGACTTAGGT-1,0.017834,0.231523,0.07269,0.244963,0.1636,0.269389
ACTCTCTTATACACGA-1,0.000035,0.61643,0.003457,0.172147,0.15069,0.057241
ACTCTGACCTAATAGA-1,0.517138,0.012395,0.127523,0.22308,0.007141,0.112723
ACTCTTCAGCTCCCGC-1,0.104623,0.22467,0.053259,0.325805,0.099476,0.192168
ACTCTTGTATAGTAAC-1,0.019832,0.009172,0.02064,0.694745,0.164204,0.091408
ACTGAAACGCCGTTAG-1,0.393457,0.129658,0.241551,0.091597,0.022751,0.120985
ACTGAATGGCGAAAGT-1,0.007199,0.036576,0.112226,0.65197,0.009902,0.182128
ACTGATTTAGTGATTC-1,0.321533,0.67809,0.000047,0.000236,0.000047,0.000047
ACTGCCCGCCATTCTC-1,0.000011,0.118295,0.037959,0.565458,0.238505,0.039772
ACTGCCGTCGTAACTC-1,0.000018,0.03413,0.007498,0.911103,0.039432,0.007819
ACTGCGGACACACCGT-1,0.01429,0.034612,0.074333,0.398208,0.199266,0.279291
ACTGCTCGGAAGGATG-1,0.000045,0.52723,0.000045,0.30273,0.156114,0.013836
ACTGGCGAACCTGCGT-1,0.00002,0.562688,0.000516,0.357543,0.065965,0.013268
ACTGGGATGCCAGTGC-1,0.043992,0.021839,0.045045,0.742078,0.078554,0.068492
ACTGTACGATACACAT-1,0.007958,0.351873,0.00004,0.123849,0.434041,0.08224
ACTGTAGCACTTTGGA-1,0.10392,0.360419,0.000043,0.12574,0.397745,0.012132
ACTGTATACGCGAGCA-1,0.149607,0.849463,0.000116,0.000582,0.000116,0.000116
ACTGTCCAGGATTATA-1,0.000024,0.045722,0.021208,0.50222,0.400452,0.030374
ACTGTCTTCTTTAGAA-1,0.009044,0.137423,0.022128,0.592357,0.228508,0.010541
ACTGTGCTAGTAGATC-1,0.013803,0.984596,0.0002,0.001,0.0002,0.0002
ACTGTTTAGTGTAGGC-1,0.337221,0.658667,0.000074,0.000369,0.003596,0.000074
ACTTACCGGGCGCGCA-1,0.000014,0.193712,0.039713,0.750242,0.014731,0.001587
ACTTACGCATCCACGC-1,0.052296,0.009179,0.272774,0.292053,0.177413,0.196285
ACTTAGTACGACAAGA-1,0.212435,0.786883,0.000085,0.000426,0.000085,0.000085
ACTTATACTTACCCGG-1,0.005832,0.233792,0.039651,0.288762,0.233101,0.198862
ACTTATTAGGATCGGT-1,0.000029,0.099459,0.000307,0.489864,0.359025,0.051315
ACTTATTTATGTGCCA-1,0.064753,0.124932,0.09678,0.374375,0.027392,0.311767
ACTTCAGGCTGATCCC-1,0.016229,0.05028,0.045228,0.279429,0.136507,0.472327
ACTTCCATGCGGGACA-1,0.236278,0.255263,0.044075,0.094968,0.021382,0.348035
ACTTCCTGTCGTGCGA-1,0.255793,0.616467,0.127325,0.000296,0.000059,0.000059
ACTTCGCCATACGCAC-1,0.000017,0.013199,0.01838,0.719779,0.240462,0.008164
ACTTCGCTAGCGAGTG-1,0.00001,0.002317,0.051587,0.838409,0.050214,0.057462
ACTTGACTCCCTCTTT-1,0.060609,0.109224,0.057356,0.483342,0.153944,0.135526
ACTTGCCATATTGTAC-1,0.182759,0.816559,0.000085,0.000426,0.000085,0.000085
ACTTGGGACCCGGTGG-1,0.000017,0.051519,0.050058,0.820251,0.074304,0.003851
ACTTGGGCTTTCGCCA-1,0.033602,0.08454,0.313505,0.493103,0.047865,0.027385
ACTTGTAGTCCCTTCA-1,0.000035,0.845037,0.000035,0.057334,0.076017,0.021543
ACTTGTGGATGGAACG-1,0.491278,0.014144,0.093155,0.204909,0.004322,0.192191
ACTTGTTACCGGATCA-1,0.000017,0.031835,0.006382,0.682899,0.175489,0.103378
ACTTTACCCTCATGAA-1,0.005184,0.110788,0.007074,0.29328,0.353377,0.230298
ACTTTCCTATAGCTTC-1,0.019661,0.270084,0.013377,0.369023,0.293763,0.034092
ACTTTGACTGCATCCT-1,0.091034,0.907676,0.000054,0.000269,0.000054,0.000914
ACTTTGGTCGTGCTCC-1,0.000016,0.116139,0.013545,0.835515,0.023905,0.01088
ACTTTGTCGACGCACT-1,0.999443,0.000062,0.000062,0.000309,0.000062,0.000062
AGAAATTATGACTCGC-1,0.827807,0.167418,0.004072,0.000092,0.000018,0.000593
AGAACCCAGCGTGACA-1,0.349395,0.14469,0.236651,0.181944,0.013997,0.073323
AGAACCCTCAATTGGG-1,0.001115,0.657952,0.005893,0.303272,0.030025,0.001742
AGAACGTGGTACATTC-1,0.035074,0.130081,0.038685,0.442132,0.300753,0.053275
AGAACTGTACTTTGTA-1,0.038693,0.00566,0.191127,0.498499,0.019757,0.246264
AGAAGAGCGCCGTTCC-1,0.00011,0.00011,0.171471,0.819653,0.00011,0.008545
AGAAGGTACACTTCAC-1,0.001703,0.237043,0.011028,0.639007,0.105128,0.006092
AGAAGGTTGCCGAATT-1,0.095622,0.231304,0.005795,0.480087,0.181928,0.005263
AGAAGGTTGTAGGTCG-1,0.034961,0.058471,0.494102,0.134562,0.13002,0.147884
AGAAGTGATTCGTGAT-1,0.000025,0.160517,0.000025,0.364358,0.468353,0.006723
AGAATAAATCTTCAGG-1,0.092557,0.907135,0.000039,0.000193,0.000039,0.000039
AGAATACAGGCTATCC-1,0.098943,0.018879,0.317877,0.481215,0.020718,0.062368
AGAATGCGGGTTCGGA-1,0.000011,0.114295,0.02863,0.841773,0.011865,0.003427
AGAATTATGGATTCGA-1,0.023541,0.017247,0.126857,0.632741,0.139126,0.060488
