Barcode,Topic 1,Topic 2,Topic 3,Topic 4,Topic 5,Topic 6,Topic 7,Topic 8,Topic 9,Topic 10
AAACAACGAATAGTTC-1,0.000018,0.040868,0.000018,0.054578,0.005184,0.116093,0.569407,0.000018,0.093507,0.120308
AAACAAGTATCTCCCA-1,0.000031,0.000031,0.118295,0.323419,0.152644,0.060773,0.010463,0.085696,0.232146,0.016503
AAACAATCTACTAGCA-1,0.024375,0.000107,0.000107,0.251776,0.202291,0.18339,0.096736,0.000107,0.204819,0.036292
AAACACCAATAACTGC-1,0.120261,0.006609,0.025081,0.146131,0.147744,0.078488,0.015553,0.01606,0.364078,0.079995
AAACAGAGCGACTCCT-1,0.091008,0.164691,0.013647,0.005862,0.253753,0.102348,0.003054,0.028659,0.311614,0.025363
AAACAGCTTTCAGAAG-1,0.279143,0.000042,0.000042,0.000042,0.238337,0.021405,0.006117,0.333722,0.079697,0.041455
AAACAGGGTCTATATT-1,0.03475,0.000045,0.017449,0.000045,0.355857,0.040256,0.038718,0.312336,0.092427,0.108118
AAACAGTGTTCCTGGG-1,0.000015,0.150225,0.236754,0.000387,0.014862,0.035515,0.092975,0.139786,0.038687,0.290794
AAACATGGTGAGAGGA-1,0.284804,0.000083,0.426683,0.000083,0.091101,0.000083,0.000083,0.196912,0.000083,0.000083
AAACATTTCCCGGATT-1,0.000044,0.023591,0.126221,0.096664,0.361218,0.059549,0.029177,0.251766,0.017176,0.034592
AAACCACTACACAGAT-1,0.780073,0.045682,0.000058,0.000058,0.1408,0.025527,0.000914,0.00064,0.006192,0.000058
AAACCCGAACGAAATC-1,0.058104,0.00004,0.166313,0.315621,0.200689,0.009577,0.02649,0.138735,0.084391,0.00004
AAACCGGAAATGTTAA-1,0.51284,0.041228,0.17372,0.005611,0.116013,0.006819,0.000066,0.132367,0.011288,0.000048
AAACCGGGTAGGTACC-1,0.000039,0.000039,0.010153,0.000039,0.341814,0.080506,0.078413,0.155108,0.129449,0.204441
AAACCGTTCGTCCAGG-1,0.000028,0.021782,0.029822,0.019179,0.128848,0.054622,0.322464,0.146065,0.15484,0.122351
AAACCTAAGCAGCCGG-1,0.065263,0.079579,0.050842,0.000046,0.437708,0.031167,0.090985,0.139801,0.017457,0.087153
AAACCTCATGAAGTTG-1,0.057685,0.000044,0.054332,0.12765,0.348325,0.238897,0.008066,0.106332,0.05246,0.006211
AAACGAAGAACATACC-1,0.000078,0.000078,0.000078,0.000078,0.359826,0.325293,0.134381,0.13185,0.011473,0.036865
AAACGAAGATGGAGTA-1,0.122098,0.000017,0.37411,0.470313,0.033375,0.000017,0.000017,0.000017,0.000017,0.000017
AAACGACAGTCTTGCC-1,0.503747,0.043612,0.323199,0.000076,0.119105,0.000076,0.000076,0.009958,0.000076,0.000076
AAACGAGACGGTTGAT-1,0.046314,0.000055,0.000055,0.000055,0.200728,0.390101,0.084328,0.196685,0.05468,0.026999
AAACGCCCGAGATCGG-1,0.143391,0.035961,0.101683,0.000039,0.066357,0.151623,0.180231,0.221684,0.056615,0.042417
AAACGCTGGGCACGAC-1,0.112498,0.010318,0.393058,0.22128,0.000485,0.000021,0.007426,0.253495,0.001397,0.000021
AAACGGGCGTACGGGT-1,0.005962,0.020769,0.165616,0.11832,0.011129,0.119628,0.262422,0.194315,0.012421,0.089419
AAACGGGTTGGTATCC-1,0.000021,0.136576,0.000021,0.005232,0.000021,0.035535,0.435944,0.000021,0.042965,0.343663
AAACGGTTGCGAACTG-1,0.000088,0.202089,0.000088,0.053983,0.323759,0.004533,0.061439,0.056122,0.295107,0.002791
AAACGTGTTCGCCCTA-1,0.600151,0.024573,0.193942,0.000112,0.139705,0.012313,0.000059,0.000059,0.000059,0.029025
AAACTAACGTGGCGAC-1,0.315096,0.037791,0.031573,0.099244,0.109733,0.000538,0.096663,0.20036,0.108925,0.000075
AAACTCGGTTCGCAAT-1,0.000223,0.295216,0.030385,0.045288,0.345214,0.104384,0.147571,0.000059,0.017792,0.013868
AAACTCGTGATATAAG-1,0.331506,0.027043,0.012233,0.000112,0.027774,0.014871,0.136182,0.130757,0.31933,0.000193
AAACTGCTGGCTCCAA-1,0.046715,0.000036,0.003393,0.000036,0.180871,0.539234,0.15662,0.015588,0.04079,0.016718
AAACTTAATTGCACGC-1,0.000695,0.030603,0.23472,0.424145,0.000019,0.000019,0.008018,0.261368,0.031522,0.008891
AAACTTGCAAACGTAT-1,0.063389,0.000034,0.011214,0.122683,0.097299,0.054554,0.029378,0.262588,0.330486,0.028375
AAAGAATGACCTTAGA-1,0.276159,0.000052,0.466426,0.026638,0.006881,0.000052,0.000052,0.223633,0.000052,0.000052
AAAGAATGTGGACTAA-1,0.001726,0.000042,0.339362,0.000042,0.099339,0.003404,0.00057,0.555431,0.000042,0.000042
AAAGACATGAAGTTTA-1,0.22219,0.145986,0.055392,0.035311,0.086434,0.046812,0.015525,0.277897,0.033167,0.081285
AAAGACCCAAGTCGCG-1,0.016146,0.000166,0.000166,0.000166,0.982529,0.000166,0.000166,0.000166,0.000166,0.000166
AAAGACTGGGCGCTTT-1,0.05519,0.166813,0.000851,0.033662,0.130418,0.162673,0.021641,0.067807,0.252913,0.108031
AAAGCTTGCCTACATA-1,0.99086,0.000037,0.000037,0.000037,0.000037,0.008846,0.000037,0.000037,0.000037,0.000037
AAAGGCCCTATAATAC-1,0.000018,0.041103,0.179657,0.063505,0.048136,0.02153,0.004085,0.262792,0.328783,0.05039
AAAGGCTACGGACCAT-1,0.000082,0.000082,0.000082,0.000082,0.523568,0.096289,0.222954,0.156697,0.000082,0.000082
AAAGGCTCTCGCGCCG-1,0.000103,0.000103,0.000103,0.000103,0.999074,0.000103,0.000103,0.000103,0.000103,0.000103
AAAGGGATGTAGCAAG-1,0.000069,0.181584,0.000069,0.00128,0.150777,0.153541,0.343311,0.042248,0.074759,0.052362
AAAGGGCAGCTTGAAT-1,0.000037,0.00252,0.000037,0.000037,0.086132,0.207133,0.172776,0.061533,0.122087,0.347708
AAAGGTAAGCTGTACC-1,0.098493,0.000067,0.251655,0.027092,0.330639,0.087636,0.031811,0.058829,0.112746,0.001032
AAAGGTCAACGACATG-1,0.17057,0.292829,0.103719,0.204092,0.005968,0.039225,0.038264,0.030133,0.03014,0.085059
AAAGTAGCATTGCTCA-1,0.00005,0.00005,0.00005,0.00005,0.46255,0.028322,0.111513,0.289941,0.015723,0.091752
AAAGTCACTGATGTAA-1,0.003828,0.075768,0.000066,0.000066,0.211771,0.341645,0.351199,0.00197,0.013621,0.000066
AAAGTCGACCCTCAGT-1,0.070333,0.050373,0.000034,0.031322,0.208129,0.269375,0.008814,0.124633,0.087377,0.14961
AAAGTGCCATCAATTA-1,0.119472,0.084367,0.227889,0.170003,0.000024,0.000024,0.008233,0.183641,0.132863,0.073485
AAAGTGTGATTTATCT-1,0.034663,0.016181,0.048258,0.242758,0.029968,0.120321,0.09833,0.022671,0.263193,0.123656
AAAGTTGACTCCCGTA-1,0.005742,0.050981,0.056334,0.045929,0.138751,0.085044,0.020506,0.252589,0.328264,0.015859
AAATAACCATACGGGA-1,0.049921,0.000061,0.000061,0.000061,0.326864,0.104337,0.043535,0.360438,0.087263,0.027459
AAATAAGGTAGTGCCC-1,0.380213,0.000159,0.000159,0.000159,0.221474,0.000159,0.03956,0.357802,0.000159,0.000159
AAATACCTATAAGCAT-1,0.000043,0.030619,0.000043,0.097062,0.039265,0.227328,0.423079,0.059725,0.043376,0.079458
AAATAGCTTAGACTTT-1,0.064085,0.046731,0.032254,0.063117,0.217623,0.024072,0.0272,0.415257,0.071436,0.038225
AAATAGGGTGCTATTG-1,0.000036,0.006206,0.035371,0.096659,0.173406,0.158466,0.071311,0.007426,0.281842,0.169279
AAATCACTCCTAAACG-1,0.661801,0.205995,0.015029,0.105749,0.000025,0.000025,0.000025,0.000025,0.000025,0.011301
AAATCCGATACACGCC-1,0.000045,0.051564,0.124378,0.000045,0.06859,0.165579,0.141969,0.341181,0.037037,0.069613
AAATCGCGGAAGGAGT-1,0.129325,0.000022,0.429717,0.428023,0.002763,0.000022,0.000022,0.010064,0.000022,0.000022
AAATCGTGTACCACAA-1,0.034731,0.000086,0.000086,0.000086,0.539378,0.254894,0.03882,0.000086,0.061623,0.070208
AAATCTAGCCCTGCTA-1,0.000036,0.133029,0.008657,0.046855,0.010406,0.011759,0.039539,0.290732,0.418423,0.040564
AAATCTGCCCGCGTCC-1,0.243147,0.042207,0.587701,0.052866,0.00218,0.00002,0.010629,0.054368,0.002171,0.00471
AAATGACTGATCAAAC-1,0.007203,0.000048,0.31948,0.000048,0.672979,0.000048,0.000048,0.000048,0.000048,0.000048
AAATGATTCGATCAGC-1,0.329549,0.019968,0.063304,0.243239,0.00833,0.024506,0.070174,0.000053,0.164745,0.076132
AAATGCTCGTTACGTT-1,0.011346,0.069122,0.002303,0.006439,0.009758,0.153261,0.204156,0.000447,0.011085,0.532083
AAATGGCATGTCTTGT-1,0.000049,0.034812,0.010068,0.000049,0.071333,0.117465,0.212557,0.07476,0.047387,0.431519
AAATGGCCCGTGCCCT-1,0.249966,0.016361,0.002624,0.154784,0.02157,0.043741,0.001387,0.03691,0.358025,0.114632
AAATGGTCAATGTGCC-1,0.031844,0.000116,0.000116,0.000116,0.967225,0.000116,0.000116,0.000116,0.000116,0.000116
AAATGTATCTTATCCC-1,0.009588,0.145708,0.06497,0.008044,0.087092,0.075088,0.020667,0.409037,0.119355,0.060452
AAATGTGGGTGCTCCT-1,0.003076,0.359501,0.001149,0.000762,0.002628,0.205937,0.247044,0.000022,0.048491,0.131388
AAATTAACGGGTAGCT-1,0.129943,0.108088,0.000061,0.000061,0.435599,0.173501,0.013378,0.000061,0.128995,0.010314
AAATTAATAAGCGCGA-1,0.043905,0.049908,0.030635,0.213439,0.000016,0.000621,0.007137,0.150706,0.448281,0.055353
AAATTACACGACTCTG-1,0.075628,0.005505,0.000053,0.000053,0.046253,0.134331,0.015608,0.390611,0.219033,0.112926
AAATTACCTATCGATG-1,0.000043,0.006141,0.000043,0.011596,0.019379,0.014585,0.086071,0.40278,0.297641,0.161723
AAATTCCAGGTCCAAA-1,0.359039,0.000081,0.000081,0.000081,0.14375,0.028031,0.059545,0.40923,0.000081,0.000081
AAATTGATAGTCCTTT-1,0.000061,0.000061,0.000061,0.000061,0.582778,0.062769,0.014706,0.330368,0.000061,0.009073
AAATTGCGGCGGTTCT-1,0.000041,0.082809,0.004977,0.019918,0.112693,0.504611,0.125543,0.051947,0.069955,0.027507
AAATTGGTGAGAAGCA-1,0.71133,0.1326,0.000038,0.000038,0.000038,0.000038,0.005328,0.000038,0.037603,0.112948
AAATTTACCGAAATCC-1,0.058069,0.006206,0.000318,0.00006,0.077576,0.195468,0.00006,0.22096,0.291479,0.149803
AAATTTGCGGGTGTGG-1,0.000046,0.000046,0.000046,0.000046,0.366034,0.108874,0.060198,0.242208,0.108477,0.114026
AACAACTGGTAGTTGC-1,0.000035,0.014262,0.01368,0.090901,0.010485,0.337265,0.376022,0.000035,0.122462,0.034853
AACAATACATTGTCGA-1,0.015761,0.000054,0.003545,0.000054,0.452268,0.09066,0.049695,0.278089,0.006423,0.103451
AACAATTACTCTACGC-1,0.114932,0.004017,0.000198,0.005729,0.218175,0.210562,0.142159,0.019626,0.14004,0.144561
AACACACGCTCGCCGC-1,0.029591,0.005589,0.145292,0.035686,0.001674,0.011455,0.007226,0.03852,0.493187,0.231779
AACACGACTGTACTGA-1,0.00136,0.055855,0.067337,0.000034,0.014615,0.039658,0.261702,0.007868,0.095021,0.456549
AACACGAGACGCGGCC-1,0.025192,0.013153,0.00066,0.029704,0.174829,0.114087,0.066518,0.11938,0.392192,0.064283
AACACGCGGCCGCGAA-1,0.000021,0.196839,0.000021,0.038719,0.000021,0.005466,0.446711,0.000021,0.087155,0.225027
AACAGCTGTGTGGCAA-1,0.058805,0.000037,0.014375,0.000037,0.508333,0.220677,0.025382,0.02138,0.056673,0.094302
AACAGGAAATCGAATA-1,0.000058,0.000058,0.000502,0.000058,0.205161,0.149795,0.273526,0.115865,0.018879,0.236099
AACAGGATGGGCCGCG-1,0.069455,0.024102,0.012957,0.101885,0.468614,0.094386,0.103801,0.008082,0.041536,0.075183
AACAGGTAGTATGGAT-1,0.048627,0.000131,0.103155,0.281587,0.000734,0.000131,0.000131,0.553768,0.011604,0.000131
AACATAGCGTGTATCG-1,0.011195,0.351991,0.081694,0.238346,0.035205,0.156323,0.080332,0.000012,0.00849,0.036413
AACATATCAACTGGTG-1,0.081333,0.000085,0.000085,0.000085,0.393262,0.022145,0.001058,0.347744,0.154119,0.000085
AACATCGATACGTCTA-1,0.532971,0.000278,0.000278,0.000278,0.228395,0.000278,0.000278,0.23669,0.000278,0.000278
AACATTGAAGTTGATC-1,0.000028,0.000028,0.156168,0.256475,0.195718,0.036738,0.000028,0.19516,0.151379,0.008279
AACATTGGTCAGCCGT-1,0.000031,0.007568,0.00031,0.000031,0.000066,0.120965,0.321894,0.036638,0.078876,0.43362
AACATTGTGACTCGAG-1,0.028862,0.03255,0.014266,0.00003,0.481723,0.3238,0.095687,0.00029,0.022139,0.000652
AACCAAGACTTCTCTG-1,0.015714,0.000033,0.054526,0.000033,0.321219,0.230163,0.048584,0.046852,0.004915,0.27796
AACCAGTATCACTCTT-1,0.05943,0.018405,0.067763,0.0134,0.093991,0.055399,0.017401,0.255261,0.024599,0.39435
AACCATAGGGTTGAAC-1,0.036504,0.000499,0.460959,0.399834,0.054876,0.007168,0.012005,0.010495,0.011951,0.005709
AACCATGGGATCGCTA-1,0.000036,0.00556,0.001354,0.062673,0.047505,0.12592,0.418606,0.000036,0.135434,0.202875
AACCCAGAGACGGAGA-1,0.047132,0.263996,0.000024,0.002531,0.000024,0.069142,0.295704,0.000024,0.243271,0.078152
AACCCATCCCATGATC-1,0.051452,0.000075,0.077568,0.040092,0.198892,0.024048,0.075426,0.422324,0.105336,0.004787
AACCCGACAACCCGTG-1,0.000032,0.055727,0.120759,0.000032,0.534059,0.218438,0.002981,0.067365,0.000032,0.000574
AACCCGAGCAGAATCG-1,0.000038,0.004293,0.094625,0.295178,0.000038,0.000038,0.000038,0.390915,0.18575,0.029087
AACCCGATAGGGCTTC-1,0.999731,0.00003,0.00003,0.00003,0.00003,0.00003,0.00003,0.00003,0.00003,0.00003
AACCCGCTGTATTCCA-1,0.110841,0.000043,0.259362,0.000043,0.629499,0.000043,0.000043,0.000043,0.000043,0.000043
AACCCTACTGTCAATA-1,0.000022,0.086513,0.075891,0.007096,0.052793,0.141423,0.017858,0.020066,0.391093,0.207246
AACCCTGGTGGAACCA-1,0.001304,0.080466,0.000018,0.006559,0.000018,0.006502,0.035763,0.005803,0.203346,0.660221
AACCGAGCTTGGTCAT-1,0.000057,0.000057,0.091443,0.000057,0.523484,0.361155,0.023575,0.000057,0.000057,0.000057
AACCGCTAAGGGATGC-1,0.000044,0.084532,0.001002,0.000044,0.312108,0.031247,0.062379,0.272131,0.126373,0.11014
AACCGTTGTGTTTGCT-1,0.000096,0.000096,0.000096,0.000096,0.004532,0.018957,0.651007,0.054836,0.095983,0.174302
AACCTAAAGCCGTCCG-1,0.066613,0.102305,0.2235,0.016477,0.10035,0.058946,0.097817,0.099131,0.002416,0.232446
AACCTCGCTTTAGCCC-1,0.000044,0.035304,0.055897,0.101066,0.109104,0.057765,0.285656,0.001595,0.157684,0.195884
AACCTGTCACGGAATT-1,0.765996,0.000114,0.000114,0.000114,0.097911,0.000114,0.000114,0.135297,0.000114,0.000114
AACCTTTAAATACGGT-1,0.000045,0.086392,0.000045,0.006703,0.194367,0.339776,0.136245,0.094906,0.100629,0.040892
AACCTTTACGACGTCT-1,0.134291,0.069184,0.003189,0.066668,0.230917,0.072934,0.000038,0.074169,0.329757,0.018854
AACGAAAGTCGTCCCA-1,0.123135,0.058079,0.175241,0.418908,0.000011,0.000612,0.007684,0.010648,0.086047,0.119633
AACGACCTCCTAGCCG-1,0.043098,0.000018,0.202751,0.736255,0.000018,0.000018,0.000018,0.017788,0.000018,0.000018
AACGATAATGCCGTAG-1,0.000036,0.097946,0.020081,0.000036,0.16579,0.207029,0.269355,0.080671,0.084989,0.074065
AACGATAGAAGGGCCG-1,0.000061,0.035187,0.000061,0.000061,0.361612,0.458484,0.133033,0.000061,0.011378,0.000061
AACGATATGTCAACTG-1,0.000068,0.000068,0.000068,0.224502,0.061594,0.127753,0.093649,0.213262,0.133411,0.145628
AACGCATGATCTGGGT-1,0.000032,0.006952,0.000032,0.260501,0.000032,0.000547,0.013046,0.00093,0.437006,0.280921
AACGCGAACGGCAACA-1,0.000082,0.00563,0.00166,0.212864,0.319771,0.319797,0.007025,0.072454,0.036505,0.024212
AACGCGACCTTGGGCG-1,0.00004,0.177628,0.034215,0.006652,0.019456,0.261157,0.375964,0.061721,0.054501,0.008666
AACGCGGTCTCCAGCC-1,0.000089,0.003371,0.000089,0.000089,0.133193,0.249283,0.43082,0.150916,0.000089,0.032061
AACGCTGTTGCTGAAA-1,0.00004,0.001059,0.00004,0.00004,0.00004,0.018703,0.060208,0.165238,0.228149,0.526482
AACGGACGTACGTATA-1,0.000059,0.000059,0.019117,0.010973,0.213984,0.075732,0.034838,0.43613,0.07325,0.135859
AACGGCCATCTCCGGT-1,0.000028,0.034274,0.048095,0.114809,0.065433,0.133677,0.132177,0.009531,0.214983,0.246995
AACGTACTGTGGGTAC-1,0.022795,0.011207,0.009488,0.049418,0.077525,0.341915,0.244984,0.002734,0.095822,0.144112
AACGTAGTCTACCCAT-1,0.046216,0.000116,0.000116,0.000116,0.182511,0.0355,0.367757,0.000116,0.085459,0.282092
AACGTCAGACTAGTGG-1,0.00005,0.008149,0.006335,0.093949,0.117952,0.27083,0.408406,0.00005,0.026828,0.06745
AACGTCATCCGGCTTG-1,0.000027,0.321705,0.174601,0.028633,0.2319,0.067886,0.169106,0.004677,0.001438,0.000027
AACGTCGCTGCACTTC-1,0.000028,0.000028,0.364031,0.204603,0.053802,0.000028,0.000028,0.375413,0.000028,0.002013
AACGTGATGAAGGACA-1,0.010002,0.081948,0.000067,0.000067,0.089366,0.08662,0.04731,0.282304,0.30023,0.102086
AACGTGCGAAAGTCTC-1,0.00004,0.002276,0.00004,0.014229,0.035639,0.025043,0.250318,0.23467,0.35439,0.083356
AACGTTATCAGCACCT-1,0.016535,0.174317,0.006124,0.030068,0.006447,0.021543,0.03105,0.03226,0.156378,0.52528
AACGTTCTACCATTGT-1,0.290729,0.000022,0.512381,0.006335,0.187384,0.000022,0.000022,0.003058,0.000022,0.000022
AACTACCCGTTTGTCA-1,0.115656,0.000073,0.041011,0.337975,0.10259,0.000073,0.000073,0.398343,0.004133,0.000073
AACTAGCGTATCGCAC-1,0.052601,0.000087,0.000087,0.000087,0.881841,0.051652,0.013386,0.000087,0.000087,0.000087
AACTAGGCTTGGGTGT-1,0.000131,0.000131,0.000131,0.000131,0.998823,0.000131,0.000131,0.000131,0.000131,0.000131
AACTCAAGTTAATTGC-1,0.021167,0.038435,0.000033,0.000033,0.004755,0.2048,0.360367,0.031445,0.224231,0.114733
AACTCCAGAGCGTGTT-1,0.000044,0.022631,0.027951,0.096928,0.006952,0.035164,0.130849,0.130262,0.217206,0.332015
AACTCCTAATCCCATG-1,0.103754,0.010949,0.021879,0.045743,0.089858,0.112318,0.035534,0.234652,0.2758,0.069513
AACTCGATAAACACGT-1,0.009838,0.067507,0.004546,0.063624,0.011609,0.24658,0.198898,0.00713,0.058397,0.331871
AACTCGATGGCGCAGT-1,0.000017,0.100599,0.000017,0.012348,0.000021,0.097374,0.070868,0.000017,0.037429,0.68131
AACTCTCAATAGAGCG-1,0.015669,0.000034,0.054737,0.01352,0.136348,0.067418,0.048765,0.075965,0.362804,0.22474
AACTCTCAGTGTGCTC-1,0.000035,0.040042,0.013076,0.076582,0.190727,0.141337,0.34754,0.005974,0.058261,0.126426
AACTGAGGTCAGCGTC-1,0.361992,0.000095,0.000095,0.000095,0.056567,0.001814,0.086036,0.334526,0.117277,0.041501
AACTGAGTTATACTGA-1,0.365088,0.084346,0.067989,0.38598,0.000017,0.000017,0.000017,0.000449,0.032699,0.063398
AACTGATATTAGGCCT-1,0.0001,0.0001,0.118251,0.0001,0.378883,0.145767,0.090065,0.164194,0.032534,0.070007
AACTGGGTCCCGACGT-1,0.00547,0.029682,0.00002,0.082976,0.004096,0.056574,0.205446,0.00002,0.033026,0.58269
AACTGGGTTCGAGCCG-1,0.046602,0.121269,0.070487,0.032969,0.041718,0.053668,0.023996,0.180552,0.089289,0.33945
AACTGGTGTGGGCCTT-1,0.000103,0.098104,0.000103,0.000103,0.654074,0.185958,0.001135,0.000103,0.060212,0.000103
AACTTCTGCGTCTATC-1,0.000051,0.001671,0.000051,0.000051,0.316318,0.251338,0.100704,0.089876,0.074662,0.165277
AACTTGCCCGTATGCA-1,0.00003,0.006553,0.051437,0.035056,0.208576,0.451464,0.033752,0.016194,0.017558,0.17938
AACTTGCGTTCTCGCG-1,0.0235,0.009844,0.000039,0.022467,0.070263,0.261775,0.14198,0.001671,0.066246,0.402215
AACTTTACGGGAGCTT-1,0.070394,0.00003,0.071667,0.165862,0.311217,0.030419,0.001974,0.02934,0.200608,0.118488
AACTTTAGCTGCTGAG-1,0.087879,0.086502,0.000059,0.000059,0.316592,0.280164,0.063517,0.000059,0.037783,0.127388
AACTTTCTCGATCATG-1,0.999275,0.000081,0.000081,0.000081,0.000081,0.000081,0.000081,0.000081,0.000081,0.000081
AAGAAAGTTTGATGGG-1,0.019787,0.095119,0.392051,0.002261,0.093202,0.004614,0.048985,0.342198,0.000235,0.001548
AAGAAATCACCAGATT-1,0.984039,0.000058,0.000058,0.000058,0.000058,0.000058,0.000058,0.015498,0.000058,0.000058
AAGAAGGATCAGTTAG-1,0.000026,0.061058,0.000026,0.000026,0.012602,0.166399,0.149784,0.000026,0.039555,0.570497
AAGACATACGTGGTTT-1,0.000967,0.036062,0.497415,0.159213,0.060477,0.010764,0.000037,0.190431,0.037823,0.006811
AAGACCAAATAACTCA-1,0.128956,0.029778,0.22369,0.407346,0.007837,0.005557,0.016024,0.140455,0.022696,0.01766
AAGACCCAACTGAACA-1,0.000048,0.031817,0.00536,0.000048,0.618755,0.047875,0.295951,0.000048,0.000048,0.000048
AAGACTAACCCGTTGT-1,0.000045,0.062488,0.000045,0.000045,0.143596,0.351065,0.285209,0.000045,0.068672,0.088787
AAGACTCACGCCCACT-1,0.073207,0.141648,0.181586,0.008656,0.065322,0.039946,0.036008,0.201968,0.029222,0.222437
AAGACTGCAAGCTACT-1,0.000053,0.000053,0.000053,0.000053,0.24624,0.073322,0.467947,0.124879,0.049533,0.037865
AAGAGATGAATCGGTA-1,0.000045,0.000045,0.000045,0.01259,0.078693,0.300694,0.076765,0.296001,0.017042,0.218079
AAGAGCTCTTTATCGG-1,0.04105,0.039617,0.000026,0.02801,0.008539,0.129976,0.130749,0.000026,0.144783,0.477223
AAGAGGATGTACGCGA-1,0.000041,0.000041,0.000041,0.000041,0.236739,0.291858,0.072278,0.172216,0.13235,0.094394
AAGAGGCATGGATCGC-1,0.000017,0.00469,0.017304,0.002149,0.000017,0.01083,0.093216,0.000787,0.151345,0.719645
AAGAGGCCCTTTGGAA-1,0.015803,0.005875,0.057579,0.131655,0.008141,0.004418,0.000025,0.328431,0.339542,0.108531
AAGATGGCACCGGACC-1,0.000044,0.052215,0.010045,0.000044,0.123274,0.093245,0.113597,0.250252,0.117739,0.239545
AAGATTGGCGGAACGT-1,0.0297,0.003186,0.000039,0.000039,0.004451,0.029761,0.046163,0.179436,0.556305,0.150922
AAGCACCCTGCGTATC-1,0.000046,0.043956,0.024316,0.018901,0.000714,0.005081,0.401547,0.012477,0.302182,0.190781
AAGCATACTCTCCTGA-1,0.039529,0.035022,0.000041,0.038635,0.033333,0.202033,0.464869,0.070775,0.070952,0.044811
AAGCCACTTGCAGGTA-1,0.006035,0.150841,0.112052,0.464074,0.041813,0.023032,0.000017,0.12589,0.002566,0.073679
AAGCCGAAGCGGTTTA-1,0.000079,0.000079,0.000079,0.000079,0.023852,0.000079,0.000079,0.869831,0.105767,0.000079
AAGCCGCCGTGAAATC-1,0.076778,0.171746,0.04173,0.083596,0.103595,0.036521,0.01164,0.317211,0.072819,0.084363
AAGCCGCTTTACCTTG-1,0.999688,0.000035,0.000035,0.000035,0.000035,0.000035,0.000035,0.000035,0.000035,0.000035
AAGCCGGAGAGCAGGA-1,0.164893,0.000055,0.336456,0.04216,0.15875,0.000055,0.000055,0.289044,0.008475,0.000055
AAGCGCAGGGCTTTGA-1,0.000031,0.270432,0.00704,0.169378,0.001349,0.056463,0.331351,0.004635,0.088002,0.071321
AAGCGGAGTGCGCGCA-1,0.999641,0.00004,0.00004,0.00004,0.00004,0.00004,0.00004,0.00004,0.00004,0.00004
AAGCGGCGTCATGGGT-1,0.030398,0.005291,0.03268,0.023018,0.235661,0.006307,0.067656,0.298764,0.299254,0.000972
AAGCGTCCCTCATCGA-1,0.008654,0.000468,0.006455,0.000042,0.318706,0.174729,0.149269,0.080365,0.120982,0.140329
AAGCTAGATCGAGTAA-1,0.000019,0.107758,0.001625,0.047459,0.005203,0.234184,0.277316,0.000019,0.127742,0.198676
AAGCTATGGATTGACC-1,0.037606,0.118297,0.107458,0.704113,0.000014,0.000014,0.000014,0.000014,0.003054,0.029417
AAGCTCGTGCCAAGTC-1,0.000071,0.000071,0.000071,0.000071,0.102903,0.414916,0.244551,0.225265,0.003305,0.008775
AAGCTCTTTCATGGTG-1,0.000041,0.004358,0.036069,0.023238,0.082628,0.045472,0.247657,0.026298,0.104995,0.429244
AAGGAGAACTTATAAG-1,0.000055,0.030737,0.000055,0.000055,0.165588,0.214817,0.479053,0.003309,0.059477,0.046854
AAGGAGCGGTTGGTGC-1,0.000143,0.000143,0.000143,0.000143,0.998714,0.000143,0.000143,0.000143,0.000143,0.000143
AAGGATCGATCGCTTG-1,0.099235,0.002294,0.091212,0.000055,0.204671,0.019268,0.019781,0.355883,0.09282,0.114783
AAGGATGAGGGACCTC-1,0.028191,0.11691,0.000042,0.086612,0.096832,0.101241,0.045057,0.162261,0.339148,0.023708
AAGGCAGGCTGTCTCC-1,0.201349,0.026973,0.182033,0.199181,0.046654,0.000078,0.012742,0.330833,0.000078,0.000078
AAGGCGCGTAAAGCTT-1,0.006867,0.095761,0.000398,0.000041,0.17548,0.448206,0.218882,0.011092,0.01266,0.030612
AAGGCTGTGCTCATCG-1,0.000087,0.000087,0.000087,0.000087,0.797224,0.16411,0.006018,0.032128,0.000087,0.000087
AAGGGAACGACTGGCT-1,0.009587,0.003269,0.109098,0.084351,0.190736,0.02194,0.001558,0.093791,0.322152,0.163518
AAGGGACAGATTCTGT-1,0.000036,0.000036,0.057636,0.150134,0.132358,0.173305,0.007622,0.05137,0.398241,0.029263
AAGGGACTATGCATTC-1,0.026725,0.106587,0.000046,0.160514,0.048095,0.03263,0.018389,0.19615,0.36171,0.049155
AAGGGTTAGCCATGCG-1,0.048126,0.00002,0.185301,0.547448,0.00002,0.00002,0.00002,0.219004,0.00002,0.00002
AAGGGTTTGATTTCAG-1,0.49246,0.000042,0.338385,0.139826,0.029077,0.000042,0.000042,0.000042,0.000042,0.000042
AAGGTATCCTAATATA-1,0.000058,0.000058,0.000058,0.000058,0.181116,0.122722,0.06337,0.200817,0.185887,0.245856
AAGGTGATAAACCAGC-1,0.030971,0.023955,0.04933,0.106228,0.139687,0.062173,0.148032,0.116088,0.209402,0.114133
AAGTAAGCTTCCAAAC-1,0.070971,0.002138,0.000086,0.000086,0.150095,0.290765,0.120366,0.000086,0.086698,0.278708
AAGTAGAAGACCGGGT-1,0.000208,0.000208,0.000208,0.071074,0.60193,0.152913,0.000208,0.172836,0.000208,0.000208
AAGTAGTGACGCGAGG-1,0.000062,0.000062,0.000062,0.000062,0.276134,0.32443,0.150982,0.240804,0.000062,0.00734
AAGTCAATTGTCGTCA-1,0.032112,0.000064,0.001247,0.021677,0.201888,0.020815,0.074923,0.611453,0.020601,0.015221
AAGTCTAGTAGCTGCC-1,0.93793,0.000046,0.000046,0.000046,0.041328,0.01566,0.004805,0.000046,0.000046,0.000046
AAGTCTTCTGTGGCCT-1,0.143706,0.041828,0.055294,0.102313,0.006608,0.018911,0.037523,0.063205,0.464499,0.066113
AAGTGACGACCGAATT-1,0.000023,0.087085,0.000023,0.062396,0.124653,0.125894,0.008167,0.011162,0.096585,0.484012
AAGTGAGTCGGGTTTA-1,0.000063,0.004238,0.000063,0.000063,0.138455,0.157226,0.479159,0.143002,0.021508,0.056225
AAGTGCAAAGGTAGAC-1,0.000042,0.01388,0.027237,0.000042,0.156081,0.073462,0.155671,0.242086,0.215417,0.116083
AAGTGCCTTGACTGTA-1,0.00004,0.009115,0.00004,0.077921,0.00004,0.00004,0.00004,0.15654,0.600874,0.155347
AAGTGCGTTAGAATCT-1,0.039231,0.028489,0.002321,0.002663,0.137031,0.112074,0.03912,0.020827,0.209105,0.409138
AAGTGCTTCTCTATTG-1,0.000023,0.024607,0.127068,0.000023,0.221721,0.13782,0.074607,0.284093,0.002301,0.127738
AAGTGTTTGGAGACGG-1,0.000074,0.000074,0.000074,0.000074,0.34716,0.067654,0.131597,0.278248,0.084369,0.090677
AAGTTCACTCCAAGCT-1,0.000039,0.032095,0.014081,0.131671,0.001937,0.047815,0.151584,0.099885,0.299248,0.221646
AAGTTCAGTCTGCGTA-1,0.067853,0.005238,0.156785,0.093784,0.159229,0.051994,0.090954,0.011512,0.339621,0.02303
AAGTTCGGCCAACAGG-1,0.000051,0.000051,0.000051,0.000051,0.310963,0.162756,0.25442,0.142572,0.047422,0.081662
AAGTTGTGATGTTATA-1,0.005708,0.189017,0.23769,0.151427,0.000039,0.010834,0.003272,0.242083,0.067818,0.092113
AAGTTTACTAATGGCA-1,0.057652,0.00014,0.00014,0.156662,0.38516,0.279027,0.016877,0.00014,0.0854,0.018802
AAGTTTATGGGCCCAA-1,0.000033,0.346514,0.054448,0.129907,0.107466,0.079338,0.266249,0.000817,0.015195,0.000033
AATAACAACGCTCGGC-1,0.000051,0.000051,0.033777,0.047826,0.455615,0.146765,0.042476,0.24794,0.00914,0.01636
AATAACACTAGAACAA-1,0.066745,0.01991,0.00118,0.022433,0.120784,0.142383,0.263477,0.04264,0.136068,0.184379
AATAACGTCGCGCCCA-1,0.002702,0.078384,0.519816,0.169124,0.023166,0.018724,0.00084,0.063939,0.087131,0.036174
AATAAGTCCTCGAGAC-1,0.000031,0.009298,0.002648,0.056814,0.004406,0.072669,0.152599,0.08461,0.097226,0.519698
AATAATCTTCGTATCG-1,0.204856,0.000066,0.30409,0.000066,0.329131,0.000066,0.000066,0.161526,0.000066,0.000066
AATACAATGTTTCAGG-1,0.083998,0.000053,0.000053,0.000053,0.454026,0.132324,0.084526,0.114228,0.033089,0.097652
AATACCGGAGGGCTGT-1,0.016654,0.110523,0.034542,0.062598,0.028856,0.06126,0.075192,0.140414,0.056937,0.413024
AATACCTGATGTGAAC-1,0.038922,0.000021,0.609921,0.007923,0.255461,0.073559,0.00841,0.005743,0.000021,0.000021
AATAGAACAGAGTGGC-1,0.000068,0.06698,0.000068,0.000068,0.296581,0.460868,0.041763,0.127013,0.006522,0.000068
AATAGAATCTGTTTCA-1,0.000031,0.010534,0.000031,0.000031,0.010202,0.043099,0.252714,0.085981,0.435568,0.161808
AATAGCAAGCCTCCTG-1,0.194162,0.174711,0.013705,0.000085,0.113183,0.00948,0.013842,0.343324,0.137422,0.000085
AATAGCTACCGCGTGC-1,0.249914,0.000154,0.092527,0.060304,0.476702,0.064798,0.000154,0.049858,0.005435,0.000154
AATAGGCACGACCCTT-1,0.000015,0.014365,0.5641,0.043765,0.110991,0.097781,0.017922,0.039502,0.004136,0.107423
AATAGTCCGTCCCGAC-1,0.024692,0.000145,0.000145,0.000145,0.762873,0.000145,0.018586,0.131737,0.061384,0.000145
AATAGTCGCGAGTCGG-1,0.051398,0.00002,0.011894,0.148202,0.213366,0.350722,0.001276,0.00002,0.118093,0.105009
AATATCAAGGTCGGAT-1,0.000134,0.000134,0.000134,0.000134,0.873526,0.000134,0.089563,0.035976,0.000134,0.000134
AATATCCTAGCAAACT-1,0.090831,0.000047,0.297769,0.255841,0.246814,0.002968,0.000047,0.104729,0.000909,0.000047
AATATCGAATCAATGC-1,0.047138,0.00007,0.000982,0.078874,0.066569,0.024931,0.000504,0.582126,0.198735,0.00007
AATATCGAGGGTTCTC-1,0.020022,0.026707,0.000048,0.026734,0.020877,0.097204,0.134807,0.158692,0.244425,0.270482
AATATTGGAGTATTGA-1,0.036237,0.00294,0.000055,0.000055,0.378258,0.17936,0.148313,0.217178,0.00619,0.031414
AATCAGACTGCAGGAC-1,0.000028,0.115847,0.000824,0.00983,0.009814,0.136644,0.430032,0.012772,0.028645,0.255563
AATCAGGTTTCATTTA-1,0.000015,0.017134,0.155343,0.036722,0.073905,0.025178,0.046911,0.050629,0.011473,0.582689
AATCATGTAAAGACTC-1,0.000458,0.094273,0.029829,0.015958,0.083722,0.032943,0.019624,0.228721,0.35173,0.142742
AATCCAAGGGCCTGAG-1,0.019617,0.213798,0.000103,0.000103,0.496573,0.144718,0.000103,0.004058,0.115253,0.005675
AATCCATGCAAGGGTG-1,0.000028,0.118293,0.000386,0.000028,0.040951,0.309055,0.034377,0.000028,0.185775,0.31108
AATCCCGCTCAGAGCC-1,0.000022,0.537094,0.139444,0.000395,0.01389,0.029428,0.269898,0.000574,0.005388,0.003867
AATCGAGGTCTCAAGG-1,0.008487,0.279712,0.343717,0.058127,0.036298,0.119466,0.139155,0.000017,0.011041,0.003979
AATCGCCTCAGCGCCA-1,0.000068,0.017663,0.000068,0.000068,0.242401,0.313746,0.121141,0.293275,0.010263,0.001307
AATCGCGCAGAGGACT-1,0.009881,0.001067,0.002232,0.427098,0.000043,0.000043,0.001077,0.188017,0.36249,0.008051
AATCGGGACACTACGA-1,0.016592,0.000078,0.000078,0.000078,0.345447,0.236808,0.179379,0.000078,0.02323,0.198233
AATCGGTATAGCCCTC-1,0.000012,0.177181,0.265246,0.171752,0.000012,0.000012,0.002568,0.120001,0.113765,0.149449
AATCGTGAGCCGAGCA-1,0.00005,0.145497,0.030113,0.033317,0.121904,0.196875,0.175439,0.10435,0.082178,0.110277
AATCTAGGTTTACTTG-1,0.080458,0.076854,0.000054,0.051756,0.081511,0.040849,0.025019,0.311114,0.27801,0.054373
AATCTATGCCGGAGCC-1,0.160349,0.016249,0.000137,0.000137,0.074933,0.000137,0.173757,0.532164,0.031234,0.010903
AATCTCTACTGTGGTT-1,0.040304,0.000046,0.000046,0.000046,0.381125,0.082513,0.078909,0.162793,0.066644,0.187573
AATCTGCGTTGGGACG-1,0.062787,0.018815,0.000907,0.012673,0.057074,0.122391,0.028846,0.227447,0.357825,0.111236
AATCTGGCTTTCTAGT-1,0.059881,0.000055,0.080233,0.03667,0.274988,0.035433,0.015612,0.188099,0.190734,0.118295
AATCTGGGTAGACCCT-1,0.119531,0.181414,0.111961,0.000044,0.110276,0.053412,0.025178,0.326928,0.034884,0.036372
AATGACAGCAATGTCT-1,0.168985,0.000039,0.000039,0.000039,0.274996,0.031428,0.12897,0.115965,0.092871,0.186668
AATGACGTAGGATGTC-1,0.022351,0.009159,0.000021,0.108052,0.004701,0.08627,0.158156,0.001506,0.115314,0.494469
AATGACTGTCAGCCGG-1,0.000162,0.000162,0.000162,0.000162,0.782227,0.029947,0.000162,0.186695,0.000162,0.000162
AATGAGTTCGCATATG-1,0.000035,0.001056,0.000035,0.012539,0.001525,0.134108,0.287665,0.066825,0.065758,0.430454
AATGATGATACGCTAT-1,0.000068,0.000068,0.108263,0.000068,0.672425,0.010289,0.005997,0.034641,0.135176,0.033005
AATGATGCGACTCCTG-1,0.000026,0.000335,0.000026,0.008303,0.000026,0.000026,0.009877,0.035729,0.313491,0.632162
AATGCAACCGGGTACC-1,0.013385,0.000051,0.000051,0.000051,0.351905,0.239377,0.394077,0.001001,0.000051,0.000051
AATGCACCAAGCAATG-1,0.088955,0.000093,0.000093,0.000093,0.040676,0.128675,0.030612,0.422419,0.260406,0.027978
AATGGCCGCCAATGCG-1,0.976212,0.000027,0.000027,0.000027,0.023573,0.000027,0.000027,0.000027,0.000027,0.000027
AATGGTCCACCGTTCA-1,0.142174,0.009178,0.000036,0.109853,0.075982,0.274144,0.026944,0.030289,0.23909,0.092311
AATGGTTCTCACAAGC-1,0.000052,0.246699,0.062566,0.013908,0.203931,0.28273,0.096909,0.025618,0.029179,0.038408
AATGTATGGCACTGTA-1,0.041729,0.25206,0.233956,0.290109,0.00001,0.00001,0.00001,0.000387,0.021453,0.160275
AATGTGCCCGAGGTGT-1,0.040568,0.000031,0.021639,0.073829,0.151209,0.272416,0.011352,0.000031,0.137932,0.290994
AATGTGCTAATCTGAG-1,0.005221,0.004777,0.025111,0.212722,0.067884,0.055988,0.017641,0.153154,0.055657,0.401845
AATGTTAAGACCCTGA-1,0.000362,0.380497,0.095203,0.28675,0.018117,0.039387,0.172695,0.002223,0.002625,0.002141
AATGTTGTCGTGAGAC-1,0.005522,0.098563,0.212616,0.198962,0.000055,0.000055,0.000055,0.484059,0.000055,0.000055
AATTAAAGGTCGGCGT-1,0.000088,0.039739,0.000088,0.000088,0.760502,0.075767,0.096782,0.00843,0.018429,0.000088
AATTAACGGATTTCCA-1,0.000061,0.252527,0.000061,0.014422,0.075571,0.194632,0.352116,0.045642,0.059464,0.005505
AATTACGAGACCCATC-1,0.217842,0.012618,0.276035,0.41163,0.00003,0.00003,0.000543,0.070474,0.010769,0.00003
AATTACTCGTACGCTC-1,0.024371,0.006258,0.002704,0.03094,0.279185,0.089086,0.029011,0.16898,0.051613,0.317852
AATTAGCGCTGCAGCG-1,0.01766,0.00007,0.00007,0.00007,0.655026,0.319011,0.007885,0.00007,0.00007,0.00007
AATTATACCCAGCAAG-1,0.000035,0.171055,0.238749,0.003187,0.035679,0.03527,0.098944,0.416803,0.000243,0.000035
AATTCATAAGGGATCT-1,0.000057,0.000057,0.012482,0.000057,0.134865,0.121801,0.062936,0.132468,0.50788,0.027396
AATTCATTGTCATGCA-1,0.024195,0.019067,0.708138,0.02672,0.10129,0.018082,0.003443,0.088966,0.008127,0.001973
AATTCCAACTTGGTGA-1,0.014458,0.01365,0.000026,0.000026,0.019422,0.082391,0.337652,0.012385,0.062566,0.457424
AATTCCAAGCATGTAC-1,0.0547,0.119355,0.032744,0.077355,0.684056,0.029511,0.001909,0.000123,0.000123,0.000123
AATTCGATTCGAGGAT-1,0.012871,0.006768,0.076983,0.286545,0.081138,0.140222,0.346663,0.013128,0.035554,0.000128
AATTCTAGAGTTAGGC-1,0.077702,0.000094,0.000094,0.000094,0.676546,0.187206,0.057982,0.000094,0.000094,0.000094
AATTGAACGCTCTGGT-1,0.000025,0.012955,0.026534,0.037615,0.036323,0.157227,0.11738,0.000378,0.235902,0.375661
AATTGCAGCAATCGAC-1,0.00004,0.02469,0.061315,0.054562,0.077092,0.08617,0.013386,0.477771,0.179324,0.02565
AATTGCGTGGATTACA-1,0.03223,0.037491,0.083731,0.788251,0.000008,0.000008,0.000481,0.000455,0.003024,0.054323
AATTGTGGTTGCCAAA-1,0.034936,0.000038,0.293861,0.075323,0.016624,0.000038,0.000038,0.573094,0.006008,0.000038
AATTTGGGACATAGTA-1,0.000041,0.004202,0.002598,0.000041,0.01112,0.009817,0.112115,0.067568,0.556665,0.235833
AATTTGGTTCCAAAGA-1,0.031896,0.000106,0.002224,0.000106,0.583589,0.128778,0.114331,0.029122,0.07887,0.030977
ACAAACCATGCGTCCT-1,0.281092,0.012349,0.07683,0.002759,0.055953,0.008547,0.019215,0.535288,0.0028,0.005167
ACAAACCGACAAGGCG-1,0.00927,0.090534,0.086272,0.126881,0.011805,0.037014,0.051513,0.033508,0.002565,0.550639
ACAAACTCCATCAGAG-1,0.000016,0.119137,0.258219,0.204708,0.003518,0.015605,0.095484,0.129664,0.01641,0.157238
ACAAAGAAGGTAGGCC-1,0.02627,0.134633,0.220113,0.065516,0.000017,0.000017,0.002078,0.05384,0.27976,0.217756
ACAAAGCATGACCTAG-1,0.00002,0.178431,0.070291,0.058381,0.001136,0.003377,0.037971,0.113494,0.193042,0.343858
ACAAATCGCACCGAAT-1,0.010944,0.00058,0.000054,0.000054,0.276004,0.06379,0.25294,0.385156,0.000054,0.010425
ACAAATGGTAGTGTTT-1,0.00005,0.000407,0.00005,0.00005,0.115014,0.167887,0.204587,0.362875,0.007881,0.141197
ACAAATTCAGATCTGA-1,0.082346,0.028237,0.054435,0.037224,0.002759,0.013072,0.156645,0.157411,0.272156,0.195716
ACAACAGCATGAGCTA-1,0.053638,0.089194,0.063764,0.018161,0.127444,0.252979,0.123559,0.000046,0.199816,0.071399
ACAACGGTCCCTGCGA-1,0.000052,0.000052,0.020872,0.000052,0.507859,0.391956,0.005561,0.013522,0.001393,0.058681
ACAAGCAGTGCCTAGC-1,0.000034,0.000034,0.000034,0.000034,0.257865,0.185548,0.132844,0.150213,0.030041,0.243351
ACAAGCTATATGGAAG-1,0.016962,0.085275,0.070915,0.242065,0.000258,0.004595,0.077354,0.119986,0.298195,0.084395
ACAAGGAAATCCGCCC-1,0.000028,0.028567,0.000028,0.000211,0.005902,0.034835,0.440093,0.04912,0.143165,0.29805
ACAAGGACAAGAGGTT-1,0.000037,0.006534,0.104582,0.012989,0.118347,0.238745,0.407807,0.054567,0.04377,0.012622
ACAAGGATGCTTTAGG-1,0.000068,0.095803,0.049748,0.053293,0.078125,0.092763,0.233051,0.200508,0.162946,0.033695
ACAAGGCCTACCAGCC-1,0.060042,0.054442,0.17777,0.011956,0.000826,0.040749,0.122286,0.425438,0.062325,0.044167
ACAAGGGCAGGCTCTG-1,0.000037,0.065554,0.000037,0.000037,0.02574,0.230106,0.10898,0.157844,0.225553,0.186112
ACAAGTAATTGTAAGG-1,0.089121,0.082994,0.210744,0.269906,0.004344,0.004553,0.002089,0.1005,0.038861,0.196887
ACAATAGTCGTACGTT-1,0.087745,0.076955,0.000029,0.01709,0.24045,0.104232,0.013166,0.006515,0.285335,0.168482
ACAATCCATTTAAACC-1,0.00003,0.038233,0.030799,0.002462,0.039674,0.203351,0.244354,0.144992,0.089643,0.206463
ACAATCGATCTTTATA-1,0.000046,0.140451,0.00436,0.000046,0.000046,0.178177,0.343671,0.000046,0.101261,0.231897
ACAATGAATACGGAGA-1,0.170772,0.000057,0.000057,0.000057,0.192129,0.21296,0.059167,0.260205,0.020169,0.084427
ACAATGATTCTTCTAC-1,0.227978,0.089503,0.231375,0.031636,0.000049,0.000049,0.022111,0.017933,0.207863,0.171501
ACAATTGTGTCTCTTT-1,0.011033,0.06618,0.044818,0.085117,0.130108,0.066707,0.087373,0.165829,0.195863,0.146973
ACAATTTAGGAGGCTC-1,0.024351,0.074726,0.020087,0.015822,0.056249,0.060976,0.014902,0.01237,0.263977,0.456541
ACAATTTGAGCAGTGG-1,0.00003,0.00286,0.124761,0.081511,0.145661,0.440307,0.014378,0.00003,0.10072,0.089741
ACAATTTGGCCATATT-1,0.597463,0.000157,0.000157,0.000157,0.244757,0.000157,0.000157,0.15668,0.000157,0.000157
ACACAAAGACGGGTGG-1,0.034257,0.00008,0.00008,0.00008,0.637862,0.052378,0.275025,0.00008,0.00008,0.00008
ACACAAATATTCCTAG-1,0.999499,0.000056,0.000056,0.000056,0.000056,0.000056,0.000056,0.000056,0.000056,0.000056
ACACACCAGGACCAGT-1,0.00003,0.00003,0.00003,0.11778,0.001855,0.015661,0.022671,0.108767,0.263821,0.469356
ACACACTTTCTACACG-1,0.067417,0.033076,0.064725,0.059033,0.008282,0.191252,0.105254,0.00003,0.035357,0.435573
ACACATGATCAAATCT-1,0.10352,0.003632,0.014369,0.024039,0.20519,0.017474,0.022228,0.449355,0.058353,0.101841
ACACATTGACGCAACA-1,0.066093,0.000022,0.000235,0.000022,0.390176,0.174072,0.070825,0.103918,0.006286,0.188351
ACACATTTCCGTAGAC-1,0.149506,0.000057,0.113395,0.000057,0.736702,0.000057,0.000057,0.000057,0.000057,0.000057
ACACCACATAATTAGC-1,0.373963,0.22153,0.296925,0.000181,0.000181,0.000181,0.000181,0.072042,0.016209,0.018605
ACACCCAGCATGCAGC-1,0.005691,0.00017,0.216839,0.067161,0.682096,0.004267,0.023265,0.00017,0.00017,0.00017
ACACCCGAGAAATCCG-1,0.005242,0.050515,0.000045,0.041655,0.003471,0.056702,0.670503,0.000045,0.142772,0.029051
ACACCCGTAAATCTGT-1,0.956474,0.000023,0.000023,0.000023,0.032116,0.011246,0.000023,0.000023,0.000023,0.000023
ACACCGAGCGCTCTTT-1,0.08091,0.157005,0.009808,0.004873,0.155902,0.121995,0.018289,0.124274,0.086625,0.240319
ACACCGGTCTGACCGC-1,0.053366,0.031594,0.052513,0.273157,0.000011,0.000011,0.001447,0.191202,0.14633,0.25037
ACACCTTAAGTAGGGC-1,0.000552,0.075804,0.000048,0.056071,0.1481,0.1374,0.514694,0.004881,0.061293,0.001158
ACACCTTACTACTTGC-1,0.00004,0.014778,0.00004,0.538125,0.00004,0.00004,0.014716,0.052399,0.338593,0.041229
ACACGAGACTCCTTCT-1,0.000067,0.000067,0.000067,0.000067,0.548408,0.194551,0.130232,0.126407,0.000067,0.000067
ACACGGCACTATGCAT-1,0.050002,0.03003,0.009534,0.000045,0.156843,0.315407,0.146779,0.044632,0.050081,0.196647
ACACGGGAACTTAGGG-1,0.000058,0.000058,0.04807,0.015696,0.199089,0.216034,0.147405,0.122618,0.103544,0.147428
ACACGTAGGCCACAAG-1,0.060408,0.000037,0.251515,0.190422,0.18567,0.023866,0.000037,0.131418,0.121141,0.035487
ACACTCCAATGTCACT-1,0.000028,0.007729,0.000028,0.015845,0.016427,0.097652,0.118948,0.004511,0.112752,0.626081
ACACTGATCAAGGTGT-1,0.000049,0.037229,0.003657,0.026777,0.092958,0.216322,0.495458,0.034764,0.077166,0.015622
ACACTGGGACAGTCGT-1,0.153374,0.001247,0.285938,0.017555,0.164539,0.000048,0.000048,0.337157,0.034005,0.006089
ACAGAACTGAGAACAA-1,0.010016,0.000017,0.000017,0.192028,0.000017,0.000722,0.00276,0.057399,0.439423,0.297601
ACAGATTAGGTTAGTG-1,0.023118,0.033733,0.000051,0.000051,0.000051,0.098203,0.573436,0.000051,0.04109,0.230215
ACAGCATAGAGCCAGT-1,0.000031,0.139486,0.000031,0.000031,0.000031,0.029937,0.420752,0.000031,0.140755,0.268913
ACAGCGACATTCTCAT-1,0.000038,0.102554,0.034465,0.103999,0.069934,0.049147,0.084917,0.226164,0.188876,0.139906
ACAGCGCACCCGCAGC-1,0.000059,0.016825,0.000059,0.026729,0.047455,0.163244,0.165679,0.291455,0.129571,0.158924
ACAGGAGGCGCAGCCG-1,0.001392,0.020716,0.025672,0.009448,0.137337,0.137102,0.272735,0.190757,0.040509,0.164333
ACAGGCACGGATCCTT-1,0.00003,0.421727,0.095164,0.00003,0.00003,0.00755,0.07201,0.097539,0.0246,0.28132
ACAGGCTTGCCCGACT-1,0.000063,0.000063,0.004792,0.000063,0.223622,0.086248,0.12017,0.542744,0.020032,0.002201
ACAGGTGGAGGTGAGG-1,0.000052,0.006297,0.000052,0.020252,0.136537,0.01247,0.244565,0.264719,0.206231,0.108824
ACAGGTGTGTTGTTGC-1,0.045695,0.02175,0.277368,0.044617,0.011135,0.005484,0.036904,0.028888,0.270686,0.257473
ACAGTAATACAACTTG-1,0.004909,0.017296,0.035652,0.121914,0.004505,0.016882,0.008399,0.036694,0.096759,0.656991
ACAGTATACCGTGGGA-1,0.848469,0.000076,0.000076,0.000076,0.062409,0.000076,0.000076,0.088589,0.000076,0.000076
ACAGTGCAGCGCATTT-1,0.112397,0.330233,0.093905,0.195246,0.000814,0.019546,0.078382,0.031488,0.060132,0.077857
ACATAAGTCGTGGTGA-1,0.031959,0.000633,0.317024,0.558662,0.027912,0.005466,0.014146,0.04219,0.001992,0.000017
ACATAATAAGGCGGTG-1,0.000098,0.000098,0.000098,0.000098,0.084442,0.481901,0.10029,0.283655,0.025568,0.02375
ACATACAATCAAGCGG-1,0.000013,0.289337,0.196004,0.088473,0.000013,0.000013,0.06787,0.011088,0.009976,0.337211
ACATCAGCTGGGACGC-1,0.087916,0.002552,0.016712,0.013581,0.325472,0.209449,0.012649,0.12117,0.055873,0.154625
ACATCCCGGCCATACG-1,0.000167,0.000167,0.000167,0.000167,0.518954,0.21352,0.048678,0.217845,0.000167,0.000167
ACATCCTGGTAACTGT-1,0.007298,0.000068,0.001534,0.012872,0.344502,0.015504,0.000068,0.445339,0.167497,0.005318
ACATCGATCGTTTACC-1,0.02884,0.000084,0.000084,0.047241,0.328272,0.505619,0.053439,0.030344,0.005993,0.000084
