Barcode,Topic 1,Topic 2,Topic 3to4,Topic 5to6,Topic 7to12
AAACAAGTATCTCCCA-1,0.05814,0.000023,0.226856,0.671446,0.043534
AAACACCAATAACTGC-1,0.047205,0.000043,0.004325,0.253471,0.694956
AAACAGAGCGACTCCT-1,0.000019,0.011016,0.000039,0.000039,0.988888
AAACAGCTTTCAGAAG-1,0.000011,0.000011,0.000023,0.818727,0.181227
AAACAGGGTCTATATT-1,0.003263,0.000034,0.004532,0.35946,0.632711
AAACAGTGTTCCTGGG-1,0.037264,0.000059,0.153555,0.026451,0.782671
AAACATGGTGAGAGGA-1,0.020335,0.177768,0.001233,0.209387,0.591278
AAACATTTCCCGGATT-1,0.41757,0.036172,0.236818,0.000095,0.309344
AAACCACTACACAGAT-1,0.000027,0.000027,0.007363,0.000054,0.992528
AAACCCGAACGAAATC-1,0.303165,0.002461,0.088055,0.325535,0.280783
AAACCGGAAATGTTAA-1,0.051721,0.02964,0.537496,0.092871,0.288272
AAACCGTTCGTCCAGG-1,0.06231,0.000128,0.000256,0.000256,0.93705
AAACCTAAGCAGCCGG-1,0.035815,0.000015,0.040089,0.550017,0.374063
AAACCTCATGAAGTTG-1,0.156372,0.000022,0.000044,0.612206,0.231357
AAACGAAGAACATACC-1,0.000097,0.000097,0.032915,0.156441,0.81045
AAACGAAGATGGAGTA-1,0.098697,0.004796,0.000063,0.231538,0.664905
AAACGACAGTCTTGCC-1,0.084153,0.000027,0.079246,0.000054,0.83652
AAACGAGACGGTTGAT-1,0.056162,0.039272,0.020942,0.716529,0.167096
AAACGCCCGAGATCGG-1,0.063106,0.000058,0.026467,0.044906,0.865463
AAACGCTGGGCACGAC-1,0.399297,0.498311,0.032789,0.000021,0.069581
AAACGGGCGTACGGGT-1,0.009375,0.192113,0.040739,0.085607,0.672166
AAACGGTTGCGAACTG-1,0.179766,0.000125,0.067959,0.082348,0.669801
AAACGTGTTCGCCCTA-1,0.153842,0.00004,0.038439,0.00008,0.807599
AAACTAACGTGGCGAC-1,0.068982,0.000039,0.018958,0.130818,0.781204
AAACTCGGTTCGCAAT-1,0.000068,0.049446,0.122475,0.002651,0.825361
AAACTCGTGATATAAG-1,0.139194,0.000039,0.108252,0.242281,0.510234
AAACTGCTGGCTCCAA-1,0.072764,0.000025,0.00005,0.048317,0.878845
AAACTTAATTGCACGC-1,0.029756,0.000035,0.259931,0.466962,0.243317
AAACTTGCAAACGTAT-1,0.046278,0.000073,0.000147,0.020806,0.932696
AAAGAATGACCTTAGA-1,0.199267,0.000011,0.000639,0.775919,0.024164
AAAGAATGTGGACTAA-1,0.00004,0.024591,0.756015,0.047243,0.172111
AAAGACCCAAGTCGCG-1,0.000126,0.000126,0.048916,0.184226,0.766607
AAAGACTGGGCGCTTT-1,0.029937,0.000014,0.000028,0.939222,0.030799
AAAGCTTGCCTACATA-1,0.001767,0.000022,0.142074,0.446908,0.409228
AAAGGCCCTATAATAC-1,0.118079,0.000049,0.06084,0.039358,0.781674
AAAGGCTACGGACCAT-1,0.000061,0.000061,0.04549,0.037866,0.916523
AAAGGCTCTCGCGCCG-1,0.101983,0.000096,0.281976,0.000192,0.615754
AAAGGGATGTAGCAAG-1,0.000033,0.000033,0.000065,0.000065,0.999804
AAAGGGCAGCTTGAAT-1,0.105699,0.000094,0.000188,0.173709,0.720309
AAAGGTAAGCTGTACC-1,0.203196,0.000043,0.02593,0.005282,0.76555
AAAGTAGCATTGCTCA-1,0.076319,0.000082,0.01215,0.177184,0.734264
AAAGTCACTGATGTAA-1,0.084467,0.000128,0.097705,0.104883,0.712816
AAAGTCGACCCTCAGT-1,0.022723,0.000011,0.000022,0.95884,0.018404
AAAGTGCCATCAATTA-1,0.489263,0.386724,0.114488,0.009448,0.000077
AAAGTGTGATTTATCT-1,0.005497,0.000056,0.38092,0.080702,0.532826
AAAGTTGACTCCCGTA-1,0.001043,0.099554,0.021285,0.154236,0.723882
AAATAACCATACGGGA-1,0.000055,0.000055,0.053966,0.000109,0.945816
AAATAAGGTAGTGCCC-1,0.174664,0.122805,0.134419,0.000077,0.568035
AAATACCTATAAGCAT-1,0.113354,0.051415,0.038086,0.244363,0.552782
AAATAGCTTAGACTTT-1,0.129267,0.000031,0.152837,0.050226,0.667638
AAATAGGGTGCTATTG-1,0.000013,0.000013,0.066519,0.834276,0.09918
AAATCCGATACACGCC-1,0.004341,0.013532,0.168057,0.56002,0.25405
AAATCGCGGAAGGAGT-1,0.000033,0.032555,0.000066,0.227612,0.739734
AAATCGTGTACCACAA-1,0.094371,0.000059,0.000118,0.001098,0.904354
AAATCTAGCCCTGCTA-1,0.000045,0.116609,0.439372,0.141642,0.302333
AAATCTGCCCGCGTCC-1,0.134871,0.000031,0.115695,0.021334,0.72807
AAATGACTGATCAAAC-1,0.008334,0.008334,0.016667,0.016668,0.949998
AAATGATTCGATCAGC-1,0.082241,0.031687,0.157018,0.093065,0.635989
AAATGCTCGTTACGTT-1,0.081671,0.000068,0.000135,0.000135,0.917991
AAATGGCATGTCTTGT-1,0.055581,0.000057,0.007372,0.238594,0.698397
AAATGGCCCGTGCCCT-1,0.019367,0.000024,0.000047,0.61804,0.362523
AAATGGTCAATGTGCC-1,0.000065,0.000065,0.035258,0.106715,0.857897
AAATGTATCTTATCCC-1,0.469113,0.000031,0.000062,0.257266,0.273527
AAATTAACGGGTAGCT-1,0.000058,0.000058,0.000117,0.000117,0.99965
AAATTAATAAGCGCGA-1,0.264773,0.000017,0.015546,0.309599,0.410064
AAATTACACGACTCTG-1,0.000049,0.000049,0.000787,0.000098,0.999017
AAATTACCTATCGATG-1,0.000025,0.0018,0.024897,0.439145,0.534132
AAATTCCAGGTCCAAA-1,0.185197,0.011853,0.353586,0.002406,0.446958
AAATTGATAGTCCTTT-1,0.116602,0.025891,0.000169,0.109981,0.747358
AAATTGCGGCGGTTCT-1,0.000248,0.000248,0.230997,0.392337,0.37617
AAATTGGTGAGAAGCA-1,0.11763,0.000063,0.384984,0.000126,0.497197
AAATTTACCGAAATCC-1,0.000048,0.000048,0.000096,0.01096,0.988849
AAATTTGCGGGTGTGG-1,0.000107,0.000107,0.047158,0.000214,0.952413
AACAACTGGTAGTTGC-1,0.000106,0.000106,0.000212,0.045824,0.953751
AACAATACATTGTCGA-1,0.000109,0.042766,0.053411,0.048344,0.85537
AACAATTACTCTACGC-1,0.113758,0.048197,0.000126,0.155136,0.682782
AACACACGCTCGCCGC-1,0.265001,0.000052,0.521333,0.000829,0.212784
AACACGACTGTACTGA-1,0.000055,0.000055,0.000109,0.000109,0.999672
AACACGAGACGCGGCC-1,0.000057,0.000057,0.036177,0.013892,0.949816
AACAGCTGTGTGGCAA-1,0.243747,0.000062,0.000123,0.200484,0.555584
AACAGGAAATCGAATA-1,0.000051,0.000051,0.000102,0.000102,0.999694
AACAGGTAGTATGGAT-1,0.000049,0.000049,0.381867,0.000099,0.617935
AACATAGCGTGTATCG-1,0.000047,0.000047,0.000093,0.179234,0.82058
AACATATCAACTGGTG-1,0.028712,0.000041,0.193813,0.243436,0.533998
AACATCGATACGTCTA-1,0.217172,0.000049,0.14767,0.26733,0.367779
AACATTGAAGTTGATC-1,0.063966,0.024068,0.014185,0.000113,0.897668
AACATTGGTCAGCCGT-1,0.113116,0.000288,0.000577,0.404652,0.481368
AACATTGTGACTCGAG-1,0.00004,0.00004,0.00008,0.019885,0.979956
AACCAAGACTTCTCTG-1,0.197069,0.000067,0.000134,0.000134,0.802597
AACCAGTATCACTCTT-1,0.000046,0.000046,0.000092,0.000092,0.999725
AACCATAGGGTTGAAC-1,0.02139,0.000015,0.00073,0.605411,0.372454
AACCCATCCCATGATC-1,0.04171,0.00002,0.000041,0.854801,0.103428
AACCCGACAACCCGTG-1,0.00004,0.00004,0.000081,0.24997,0.749868
AACCCGAGCAGAATCG-1,0.000032,0.017588,0.680283,0.089356,0.212741
AACCCGATAGGGCTTC-1,0.044022,0.000038,0.0273,0.001666,0.926973
AACCCGCTGTATTCCA-1,0.000076,0.000076,0.000151,0.323424,0.676274
AACCCTACTGTCAATA-1,0.151726,0.027211,0.154854,0.275753,0.390455
AACCCTGGTGGAACCA-1,0.035247,0.000063,0.018525,0.000127,0.946038
AACCGAGCTTGGTCAT-1,0.000066,0.000066,0.072432,0.012143,0.915293
AACCGCTAAGGGATGC-1,0.368388,0.028917,0.193428,0.000076,0.409192
AACCGTTGTGTTTGCT-1,0.04343,0.00007,0.00487,0.242232,0.709399
AACCTCGCTTTAGCCC-1,0.020373,0.00004,0.138061,0.554489,0.287038
AACCTGTCACGGAATT-1,0.050719,0.000038,0.222614,0.000077,0.726552
AACCTTTAAATACGGT-1,0.000044,0.000044,0.221209,0.130967,0.647735
AACCTTTACGACGTCT-1,0.04046,0.000058,0.130917,0.191389,0.637175
AACGAAAGTCGTCCCA-1,0.0072,0.00004,0.043302,0.030638,0.91882
AACGACCTCCTAGCCG-1,0.000024,0.890858,0.080734,0.000048,0.028336
AACGATAATGCCGTAG-1,0.000028,0.00483,0.116127,0.516647,0.362368
AACGATAGAAGGGCCG-1,0.000097,0.000097,0.000193,0.000193,0.999421
AACGATATGTCAACTG-1,0.027991,0.021446,0.080685,0.040933,0.828945
AACGCATGATCTGGGT-1,0.10892,0.025569,0.003499,0.000075,0.861938
AACGCGACCTTGGGCG-1,0.000079,0.000079,0.164801,0.025992,0.80905
AACGCGGTCTCCAGCC-1,0.202533,0.000084,0.077445,0.00055,0.719387
AACGCTGTTGCTGAAA-1,0.041158,0.000054,0.266077,0.076869,0.615841
AACGGACGTACGTATA-1,0.000043,0.000043,0.304854,0.081198,0.613861
AACGGCCATCTCCGGT-1,0.000079,0.000079,0.072265,0.015581,0.911996
AACGTACTGTGGGTAC-1,0.000104,0.000104,0.000207,0.050819,0.948766
AACGTCAGACTAGTGG-1,0.000074,0.000074,0.021415,0.000148,0.978288
AACGTCATCCGGCTTG-1,0.011905,0.011905,0.023811,0.880946,0.071433
AACGTCGCTGCACTTC-1,0.362854,0.245589,0.205892,0.000098,0.185566
AACGTGATGAAGGACA-1,0.002288,0.000045,0.004735,0.110165,0.882767
AACGTGCGAAAGTCTC-1,0.116986,0.000052,0.070237,0.000409,0.812317
AACGTTATCAGCACCT-1,0.081774,0.00002,0.000041,0.720103,0.198062
AACGTTCTACCATTGT-1,0.000108,0.84864,0.000216,0.000216,0.150821
AACTACCCGTTTGTCA-1,0.000035,0.000035,0.505305,0.337243,0.157383
AACTAGCGTATCGCAC-1,0.000191,0.000191,0.02836,0.287071,0.684188
AACTAGGCTTGGGTGT-1,0.006094,0.000057,0.322557,0.161587,0.509705
AACTCAAGTTAATTGC-1,0.067854,0.000048,0.02421,0.156003,0.751885
AACTCCAGAGCGTGTT-1,0.000045,0.000045,0.102188,0.073738,0.823983
AACTCCTAATCCCATG-1,0.059831,0.000061,0.000122,0.000122,0.939863
AACTCTCAATAGAGCG-1,0.000023,0.000023,0.000046,0.790205,0.209704
AACTCTCAGTGTGCTC-1,0.000083,0.000083,0.000651,0.006726,0.992458
AACTGAGGTCAGCGTC-1,0.000061,0.000061,0.000122,0.176698,0.823058
AACTGAGTTATACTGA-1,0.021178,0.059039,0.432652,0.000046,0.487085
AACTGATATTAGGCCT-1,0.019268,0.000053,0.000106,0.076286,0.904287
AACTGGGTCCCGACGT-1,0.000049,0.013559,0.000544,0.098735,0.887113
AACTGGGTTCGAGCCG-1,0.000082,0.000082,0.222667,0.000163,0.777007
AACTGGTGTGGGCCTT-1,0.018201,0.000228,0.149928,0.272811,0.558831
AACTTCTGCGTCTATC-1,0.000035,0.000035,0.00007,0.363255,0.636605
AACTTGCGTTCTCGCG-1,0.000064,0.000064,0.019741,0.104542,0.875589
AACTTTACGGGAGCTT-1,0.000022,0.000022,0.002404,0.645483,0.35207
AACTTTAGCTGCTGAG-1,0.000171,0.000171,0.000342,0.263337,0.735979
AACTTTCTCGATCATG-1,0.290603,0.000051,0.384147,0.000102,0.325097
AAGAAAGTTTGATGGG-1,0.000062,0.000062,0.000125,0.153149,0.846602
AAGAAATCACCAGATT-1,0.249045,0.000029,0.036873,0.13348,0.580574
AAGACATACGTGGTTT-1,0.02214,0.166193,0.517532,0.008595,0.285539
AAGACCAAATAACTCA-1,0.000624,0.011461,0.043351,0.073355,0.87121
AAGACCCAACTGAACA-1,0.044676,0.000036,0.075673,0.129901,0.749713
AAGACTGCAAGCTACT-1,0.016675,0.000049,0.03338,0.311804,0.638092
AAGAGATGAATCGGTA-1,0.262076,0.000151,0.000302,0.135396,0.602075
AAGAGCTCTTTATCGG-1,0.09685,0.000048,0.130718,0.444298,0.328086
AAGAGGATGTACGCGA-1,0.095775,0.031996,0.00016,0.247536,0.624533
AAGAGGCATGGATCGC-1,0.014825,0.00004,0.119988,0.05698,0.808166
AAGAGGCCCTTTGGAA-1,0.004574,0.000032,0.619718,0.029445,0.346231
AAGATGGCACCGGACC-1,0.019655,0.000117,0.049199,0.000233,0.930796
AAGATTGGCGGAACGT-1,0.000025,0.000025,0.009788,0.490715,0.499447
AAGCACCCTGCGTATC-1,0.044271,0.000062,0.111478,0.088722,0.755467
AAGCATACTCTCCTGA-1,0.000043,0.031781,0.084612,0.156597,0.726967
AAGCCACTTGCAGGTA-1,0.066603,0.000072,0.087421,0.220013,0.62589
AAGCCGAAGCGGTTTA-1,0.057422,0.03743,0.568184,0.000134,0.336831
AAGCCGCCGTGAAATC-1,0.049232,0.058079,0.008887,0.144188,0.739615
AAGCCGCTTTACCTTG-1,0.051357,0.000044,0.149284,0.229377,0.569937
AAGCCGGAGAGCAGGA-1,0.006787,0.756214,0.075878,0.000031,0.16109
AAGCGCAGGGCTTTGA-1,0.000085,0.043121,0.275619,0.090771,0.590405
AAGCGGAGTGCGCGCA-1,0.002847,0.000032,0.020522,0.000064,0.976535
AAGCGGCGTCATGGGT-1,0.000061,0.000061,0.000121,0.025902,0.973855
AAGCGTCCCTCATCGA-1,0.000141,0.000141,0.058302,0.120238,0.821179
AAGCTAGATCGAGTAA-1,0.000052,0.001068,0.207556,0.114858,0.676466
AAGCTATGGATTGACC-1,0.041668,0.041668,0.583312,0.083336,0.250017
AAGCTCGTGCCAAGTC-1,0.000071,0.000071,0.067317,0.027524,0.905018
AAGCTCTTTCATGGTG-1,0.164123,0.044899,0.348253,0.103249,0.339476
AAGGAGCGGTTGGTGC-1,0.158378,0.000092,0.000183,0.000183,0.841164
AAGGATCGATCGCTTG-1,0.00004,0.00004,0.169618,0.000081,0.83022
AAGGATGAGGGACCTC-1,0.045393,0.01196,0.108379,0.269946,0.564321
AAGGCAGGCTGTCTCC-1,0.025805,0.018713,0.385188,0.000084,0.570209
AAGGCGCGTAAAGCTT-1,0.000078,0.000078,0.023311,0.047266,0.929266
AAGGCTGTGCTCATCG-1,0.000062,0.000062,0.016255,0.137169,0.846451
AAGGGAACGACTGGCT-1,0.088646,0.000021,0.00516,0.456866,0.449306
AAGGGACAGATTCTGT-1,0.00659,0.000646,0.038619,0.40901,0.545135
AAGGGACTATGCATTC-1,0.039262,0.000071,0.075703,0.172001,0.712963
AAGGGTTAGCCATGCG-1,0.000144,0.423215,0.267937,0.000288,0.308416
AAGGGTTTGATTTCAG-1,0.008529,0.025429,0.265679,0.215186,0.485176
AAGGTATCCTAATATA-1,0.00003,0.00003,0.000059,0.020955,0.978926
AAGGTGATAAACCAGC-1,0.00003,0.035913,0.065237,0.095541,0.803279
AAGTAGAAGACCGGGT-1,0.062954,0.000024,0.000048,0.344753,0.59222
AAGTAGTGACGCGAGG-1,0.113467,0.000135,0.000271,0.301411,0.584716
AAGTCAATTGTCGTCA-1,0.176646,0.000046,0.38748,0.03363,0.402197
AAGTCTAGTAGCTGCC-1,0.130815,0.000035,0.180314,0.423878,0.264958
AAGTCTTCTGTGGCCT-1,0.00083,0.000026,0.060883,0.724554,0.213707
AAGTGACGACCGAATT-1,0.00008,0.00008,0.036863,0.098523,0.864454
AAGTGAGTCGGGTTTA-1,0.000052,0.000052,0.000103,0.021717,0.978077
AAGTGCAAAGGTAGAC-1,0.048724,0.000014,0.000029,0.502678,0.448555
AAGTGCCTTGACTGTA-1,0.113598,0.000044,0.23684,0.193613,0.455906
AAGTGCGTTAGAATCT-1,0.043954,0.000071,0.000142,0.134933,0.8209
AAGTGCTTCTCTATTG-1,0.000109,0.000109,0.111214,0.000218,0.88835
AAGTGTTTGGAGACGG-1,0.000033,0.000033,0.131987,0.159946,0.708002
AAGTTCACTCCAAGCT-1,0.187521,0.000042,0.306777,0.200155,0.305505
AAGTTCAGTCTGCGTA-1,0.000054,0.000054,0.013748,0.019611,0.966533
AAGTTCGGCCAACAGG-1,0.000072,0.029073,0.079476,0.000143,0.891237
AAGTTGTGATGTTATA-1,0.072507,0.000018,0.240314,0.27371,0.413451
AAGTTTACTAATGGCA-1,0.000169,0.039593,0.000338,0.187361,0.772539
AAGTTTATGGGCCCAA-1,0.081006,0.021117,0.310814,0.0784,0.508664
AATAACAACGCTCGGC-1,0.101925,0.000089,0.000178,0.260122,0.637686
AATAACACTAGAACAA-1,0.010813,0.000055,0.004604,0.00011,0.984418
AATAACGTCGCGCCCA-1,0.000047,0.295937,0.048191,0.485921,0.169904
AATAAGTCCTCGAGAC-1,0.103696,0.000044,0.026097,0.000089,0.870074
AATAATCTTCGTATCG-1,0.000031,0.223347,0.547124,0.000061,0.229437
AATACAATGTTTCAGG-1,0.054565,0.000046,0.014298,0.112592,0.818498
AATACCGGAGGGCTGT-1,0.000069,0.000069,0.007208,0.000138,0.992517
AATACCTGATGTGAAC-1,0.227112,0.000048,0.238378,0.250865,0.283597
AATAGAACAGAGTGGC-1,0.142531,0.000057,0.045262,0.311084,0.501066
AATAGAATCTGTTTCA-1,0.000263,0.00721,0.249526,0.407801,0.3352
AATAGCAAGCCTCCTG-1,0.153205,0.000045,0.000091,0.27208,0.57458
AATAGCTACCGCGTGC-1,0.000037,0.000037,0.189488,0.509182,0.301255
AATAGGCACGACCCTT-1,0.041668,0.041668,0.083335,0.083336,0.749994
AATAGTCCGTCCCGAC-1,0.239831,0.00006,0.148723,0.028809,0.582577
AATAGTCGCGAGTCGG-1,0.00106,0.000025,0.000049,0.458955,0.539911
AATATCCTAGCAAACT-1,0.001089,0.00001,0.000021,0.756641,0.242239
AATATCGAATCAATGC-1,0.055374,0.001742,0.518247,0.000067,0.424569
AATATCGAGGGTTCTC-1,0.000089,0.000089,0.213496,0.094247,0.69208
AATATTGGAGTATTGA-1,0.000053,0.000053,0.020423,0.000106,0.979365
AATCAGGTTTCATTTA-1,0.095559,0.000049,0.000098,0.027793,0.876501
AATCATGTAAAGACTC-1,0.233276,0.025712,0.282144,0.016554,0.442313
AATCCAAGGGCCTGAG-1,0.064685,0.000076,0.007719,0.000152,0.927367
AATCCCGCTCAGAGCC-1,0.004167,0.004167,0.008334,0.008334,0.974999
AATCGAGGTCTCAAGG-1,0.003788,0.003788,0.389265,0.580431,0.022728
AATCGCCTCAGCGCCA-1,0.002287,0.00004,0.123926,0.35762,0.516127
AATCGCGCAGAGGACT-1,0.014952,0.000029,0.159689,0.000059,0.825271
AATCGGGACACTACGA-1,0.000141,0.000141,0.001673,0.097366,0.900679
AATCGGTATAGCCCTC-1,0.096543,0.031326,0.527027,0.262218,0.082886
AATCGTGAGCCGAGCA-1,0.00029,0.000048,0.052336,0.224714,0.722612
AATCTAGGTTTACTTG-1,0.000019,0.000019,0.000038,0.835455,0.16447
AATCTATGCCGGAGCC-1,0.06589,0.025264,0.117705,0.009198,0.781943
AATCTCTACTGTGGTT-1,0.072792,0.000014,0.000028,0.804601,0.122565
AATCTGCGTTGGGACG-1,0.094985,0.000051,0.131557,0.137108,0.636299
AATCTGGCTTTCTAGT-1,0.053979,0.000028,0.000055,0.715849,0.230089
AATCTGGGTAGACCCT-1,0.000054,0.000054,0.025825,0.000109,0.973957
AATGACAGCAATGTCT-1,0.206483,0.000828,0.000138,0.000138,0.792413
AATGACGTAGGATGTC-1,0.000044,0.000044,0.043413,0.033356,0.923143
AATGACTGTCAGCCGG-1,0.000081,0.000081,0.000162,0.102831,0.896844
AATGAGTTCGCATATG-1,0.000078,0.016253,0.000156,0.000156,0.983357
AATGATGATACGCTAT-1,0.048358,0.000048,0.079927,0.415341,0.456326
AATGATGCGACTCCTG-1,0.000054,0.000054,0.296565,0.161989,0.541338
AATGCAACCGGGTACC-1,0.254789,0.000078,0.018541,0.000157,0.726434
AATGCACCAAGCAATG-1,0.193316,0.000033,0.014243,0.410539,0.381869
AATGGCCGCCAATGCG-1,0.281465,0.000084,0.000168,0.063682,0.654601
AATGGTCCACCGTTCA-1,0.000021,0.000021,0.000041,0.769534,0.230384
AATGTATGGCACTGTA-1,0.000026,0.000026,0.086939,0.407883,0.505126
AATGTGCCCGAGGTGT-1,0.176015,0.044153,0.000223,0.028764,0.750844
AATGTGCTAATCTGAG-1,0.160809,0.019191,0.000117,0.326286,0.493597
AATGTTAAGACCCTGA-1,0.00009,0.00009,0.057927,0.328974,0.612919
AATGTTGTCGTGAGAC-1,0.309687,0.042118,0.153994,0.4341,0.060101
AATTAAAGGTCGGCGT-1,0.000055,0.000055,0.042557,0.178694,0.77864
AATTAACGGATTTCCA-1,0.000079,0.000079,0.039636,0.163699,0.796508
AATTACGAGACCCATC-1,0.000057,0.000057,0.093256,0.08281,0.82382
AATTACTCGTACGCTC-1,0.000028,0.000028,0.011105,0.529127,0.459713
AATTAGCGCTGCAGCG-1,0.00006,0.00006,0.036615,0.033299,0.929966
AATTATACCCAGCAAG-1,0.000068,0.026817,0.000136,0.429695,0.543285
AATTCATAAGGGATCT-1,0.000056,0.000056,0.044169,0.073444,0.882274
AATTCATTGTCATGCA-1,0.105933,0.000064,0.238096,0.109296,0.546611
AATTCCAAGCATGTAC-1,0.252409,0.000101,0.018641,0.000203,0.728646
AATTCGATTCGAGGAT-1,0.115414,0.037642,0.030675,0.291982,0.524287
AATTCTAGAGTTAGGC-1,0.000073,0.000073,0.000146,0.02006,0.979648
AATTGAACGCTCTGGT-1,0.000048,0.000048,0.288231,0.087499,0.624173
AATTGCAGCAATCGAC-1,0.054896,0.000029,0.462484,0.11924,0.36335
AATTGCGTGGATTACA-1,0.02006,0.000045,0.059772,0.267918,0.652204
AATTGTGGTTGCCAAA-1,0.004301,0.240734,0.709713,0.000039,0.045213
AATTTGGGACATAGTA-1,0.144733,0.000125,0.00025,0.022267,0.832625
AATTTGGTTCCAAAGA-1,0.00007,0.00007,0.00014,0.00014,0.99958
ACAAACCATGCGTCCT-1,0.186044,0.011706,0.069297,0.429862,0.303091
ACAAACTCCATCAGAG-1,0.006411,0.006411,0.365536,0.583179,0.038463
ACAAAGAAGGTAGGCC-1,0.000029,0.000029,0.010465,0.201344,0.788134
ACAAAGCATGACCTAG-1,0.029951,0.015247,0.378588,0.141987,0.434227
ACAAATCGCACCGAAT-1,0.002634,0.048568,0.128993,0.219052,0.600754
ACAAATGGTAGTGTTT-1,0.011467,0.000127,0.161712,0.257839,0.568855
ACAAATTCAGATCTGA-1,0.000045,0.000045,0.001178,0.119644,0.879088
ACAACAGCATGAGCTA-1,0.007351,0.000053,0.121482,0.139972,0.731143
ACAAGCTATATGGAAG-1,0.007623,0.000022,0.051504,0.63843,0.302422
ACAAGGAAATCCGCCC-1,0.000027,0.002431,0.027354,0.125973,0.844215
ACAAGGACAAGAGGTT-1,0.006953,0.000054,0.05572,0.000108,0.937165
ACAAGGATGCTTTAGG-1,0.000021,0.000021,0.133321,0.684397,0.182239
ACAAGGCCTACCAGCC-1,0.00005,0.00005,0.000099,0.000099,0.999703
ACAAGGGCAGGCTCTG-1,0.106826,0.039461,0.295212,0.065759,0.492742
ACAAGTAATTGTAAGG-1,0.041667,0.041667,0.083335,0.58332,0.250011
ACAATAGTCGTACGTT-1,0.00009,0.00009,0.00018,0.003391,0.996248
ACAATCCATTTAAACC-1,0.100135,0.029971,0.05082,0.000188,0.818887
ACAATGAATACGGAGA-1,0.048714,0.000092,0.000184,0.269702,0.681308
ACAATGATTCTTCTAC-1,0.12097,0.000045,0.038882,0.000624,0.839479
ACAATTGTGTCTCTTT-1,0.19025,0.016071,0.373388,0.104861,0.315431
ACAATTTAGGAGGCTC-1,0.000997,0.00002,0.019312,0.779609,0.200062
ACAATTTGAGCAGTGG-1,0.000059,0.000059,0.109612,0.233041,0.657229
ACAATTTGGCCATATT-1,0.05747,0.033243,0.367599,0.204652,0.337036
ACACAAAGACGGGTGG-1,0.000076,0.000076,0.027866,0.000152,0.97183
ACACAAATATTCCTAG-1,0.004886,0.000035,0.024185,0.000767,0.970127
ACACACCAGGACCAGT-1,0.00003,0.00003,0.059996,0.026905,0.913038
ACACACTTTCTACACG-1,0.000068,0.000068,0.000137,0.1884,0.811327
ACACATGATCAAATCT-1,0.129373,0.000039,0.145209,0.438543,0.286836
ACACATTGACGCAACA-1,0.00003,0.00003,0.000059,0.034104,0.965778
ACACATTTCCGTAGAC-1,0.115943,0.000062,0.139905,0.171217,0.572873
ACACCACATAATTAGC-1,0.147424,0.000038,0.321752,0.138998,0.391789
ACACCCAGCATGCAGC-1,0.000068,0.000068,0.000136,0.227094,0.772634
ACACCCGAGAAATCCG-1,0.048774,0.014804,0.000524,0.117652,0.818246
ACACCGAGCGCTCTTT-1,0.000024,0.000024,0.000047,0.228217,0.771688
ACACCGGTCTGACCGC-1,0.13061,0.000031,0.123461,0.492314,0.253584
ACACCTTAAGTAGGGC-1,0.000129,0.000129,0.000258,0.165127,0.834357
ACACCTTACTACTTGC-1,0.000059,0.000059,0.440918,0.015752,0.543212
ACACGAGACTCCTTCT-1,0.118312,0.000052,0.031539,0.016275,0.833822
ACACGGCACTATGCAT-1,0.000059,0.000059,0.000118,0.000118,0.999646
ACACGGGAACTTAGGG-1,0.000066,0.000066,0.000132,0.007267,0.99247
ACACGTAGGCCACAAG-1,0.163329,0.164474,0.191093,0.481018,0.000085
ACACTCCAATGTCACT-1,0.000059,0.000059,0.000119,0.175315,0.824448
ACACTGATCAAGGTGT-1,0.075949,0.000062,0.015438,0.415882,0.492668
ACACTGGGACAGTCGT-1,0.030844,0.036191,0.670712,0.138434,0.123819
ACAGAACTGAGAACAA-1,0.027657,0.017188,0.026903,0.128152,0.8001
ACAGATTAGGTTAGTG-1,0.000188,0.000188,0.011002,0.11562,0.873003
ACAGCATAGAGCCAGT-1,0.000071,0.000071,0.000142,0.000142,0.999575
ACAGCGACATTCTCAT-1,0.185356,0.000022,0.07515,0.601603,0.137869
ACAGCGCACCCGCAGC-1,0.000035,0.000035,0.00007,0.176474,0.823385
ACAGGAGGCGCAGCCG-1,0.126847,0.000129,0.000258,0.399941,0.472825
ACAGGCACGGATCCTT-1,0.108142,0.000031,0.312993,0.167725,0.41111
ACAGGCTTGCCCGACT-1,0.000043,0.000043,0.374505,0.295307,0.330102
ACAGGTGGAGGTGAGG-1,0.000106,0.000106,0.050706,0.000212,0.94887
ACAGGTGTGTTGTTGC-1,0.000041,0.000041,0.03794,0.398821,0.563156
ACAGTAATACAACTTG-1,0.031764,0.000044,0.10554,0.227944,0.634709
ACAGTATACCGTGGGA-1,0.00006,0.00006,0.203269,0.089425,0.707185
ACAGTGCAGCGCATTT-1,0.18954,0.000044,0.153869,0.000089,0.656458
ACATAAGTCGTGGTGA-1,0.000048,0.000048,0.025847,0.43138,0.542676
ACATAATAAGGCGGTG-1,0.000069,0.000069,0.000139,0.010386,0.989337
ACATACAATCAAGCGG-1,0.923607,0.006945,0.013889,0.01389,0.041669
ACATCAGCTGGGACGC-1,0.001439,0.000021,0.000041,0.727924,0.270575
ACATCCCGGCCATACG-1,0.127598,0.000094,0.005904,0.04984,0.816563
ACATCCTGGTAACTGT-1,0.000046,0.000046,0.343633,0.146918,0.509356
ACATCGATCGTTTACC-1,0.00008,0.00008,0.000161,0.248042,0.751637
ACATCGCAATATTCGG-1,0.006945,0.006945,0.013889,0.01389,0.958332
ACATCGGTCAGCCGCG-1,0.003513,0.005493,0.005331,0.296689,0.688974
ACATCGTATGCAATGG-1,0.000028,0.000028,0.068797,0.491211,0.439936
ACATCGTTAACCTAGT-1,0.000036,0.000036,0.000072,0.000072,0.999785
ACATCTCAACGCGTAA-1,0.00008,0.00008,0.00016,0.199742,0.799938
ACATGCTTACGGCAGC-1,0.000035,0.000035,0.00007,0.531256,0.468604
ACATGGCGCCAAAGTA-1,0.062773,0.000044,0.351915,0.000089,0.585179
ACATGGCTCAATTTAG-1,0.000044,0.154071,0.000088,0.00697,0.838826
ACATTAGTTTATATCC-1,0.022526,0.000061,0.116353,0.027934,0.833126
ACATTCGCGCGGAATA-1,0.224998,0.01431,0.000105,0.131048,0.629539
ACATTTGAAACCTAAC-1,0.170093,0.179755,0.101754,0.097603,0.450795
ACCAAACACCCAGCGA-1,0.078078,0.020622,0.085084,0.042685,0.773531
ACCAACACCACACACT-1,0.016177,0.032404,0.253464,0.04013,0.657824
ACCAACCGCACTCCAC-1,0.420216,0.000016,0.013921,0.375264,0.190583
ACCAACGCTTATTTAT-1,0.025486,0.000057,0.02027,0.005944,0.948244
ACCAAGAACGCGTGTC-1,0.000106,0.026225,0.032438,0.000212,0.941018
ACCAAGTCATCGGCAG-1,0.109084,0.31519,0.424208,0.121195,0.030323
ACCAATATGCAAGTTA-1,0.009156,0.034545,0.128373,0.379287,0.448639
ACCACAACTCAGAACA-1,0.000034,0.000034,0.000068,0.000068,0.999795
ACCACAAGTTTCTATC-1,0.000078,0.02574,0.000155,0.142269,0.831758
ACCACACGGTTGATGG-1,0.000045,0.000045,0.013755,0.529893,0.456262
ACCACCAATGTAACAA-1,0.012942,0.001276,0.160526,0.663128,0.162126
ACCACCCTCTCTTCTA-1,0.483883,0.000047,0.384496,0.03453,0.097043
ACCACGTGCAGCTATA-1,0.000041,0.008652,0.25846,0.274131,0.458715
ACCACTGTTCAAGAAG-1,0.068249,0.000011,0.000022,0.929367,0.002352
ACCAGACCATAACAAC-1,0.000018,0.000018,0.018516,0.563609,0.417839
ACCAGCCCGGTCTTTG-1,0.000101,0.000101,0.000202,0.095657,0.903939
ACCAGGAGTGTGATCT-1,0.052261,0.000256,0.000511,0.20928,0.737692
ACCAGTGCCCGGTCAA-1,0.000061,0.000061,0.000122,0.000122,0.999634
ACCAGTGCGGGAGACG-1,0.000076,0.000076,0.353492,0.005559,0.640797
ACCATATCCGCAATAA-1,0.000063,0.000063,0.016184,0.160864,0.822826
ACCATCCGCCAACTAG-1,0.030137,0.00003,0.009242,0.706244,0.254347
ACCATCGTATATGGTA-1,0.000101,0.000101,0.007103,0.002453,0.990243
ACCATTAAGGGTGTCA-1,0.122274,0.000018,0.000036,0.39901,0.478661
ACCCAACGCCCGTGGC-1,0.042247,0.010977,0.114817,0.763229,0.06873
ACCCACCTACATGCTC-1,0.047336,0.000086,0.117645,0.000173,0.83476
ACCCATCTTGAGGGTA-1,0.000082,0.035503,0.000164,0.096587,0.867665
ACCCATTTGTCCCTCT-1,0.31506,0.000027,0.152441,0.47818,0.054292
ACCCGAGCGAAATTAC-1,0.223737,0.000047,0.000095,0.187893,0.588227
ACCCGATTGGTTCCGA-1,0.001098,0.000084,0.053862,0.000167,0.944788
ACCCGGAAACTCCCAG-1,0.00005,0.00005,0.002409,0.057043,0.940449
ACCCGGAGCACCACAA-1,0.016219,0.047667,0.791269,0.000056,0.144789
ACCCGGATGACGCATC-1,0.449043,0.000037,0.002499,0.112075,0.436346
ACCCGGTTACACTTCC-1,0.000061,0.00868,0.000122,0.008298,0.98284
ACCCGTAGCAGAGAAT-1,0.15131,0.0001,0.098922,0.194658,0.55501
ACCCGTAGTCTAGTTG-1,0.000332,0.559318,0.101064,0.249248,0.090039
ACCCGTGTCATCAGTA-1,0.155472,0.047278,0.102139,0.023134,0.671977
ACCCTATAGGACTGAG-1,0.178666,0.000052,0.014663,0.172698,0.633921
ACCCTATGCCATATCG-1,0.000148,0.000148,0.056162,0.130827,0.812716
ACCCTCCCGTCAGGGC-1,0.173776,0.004214,0.405351,0.131684,0.284975
ACCCTCCCTTGCTATT-1,0.000061,0.000061,0.327249,0.326785,0.345844
ACCCTGGTAACGCCCT-1,0.296128,0.022479,0.010008,0.459673,0.211711
ACCCTTCATCTGCGAA-1,0.219931,0.000055,0.01079,0.256742,0.512483
ACCCTTGCCTGGGTCG-1,0.488641,0.00006,0.166179,0.00012,0.345
ACCCTTTAGTTCTCCA-1,0.000084,0.000084,0.000169,0.000169,0.999493
ACCGAAAGGGCCCTGC-1,0.000143,0.000143,0.012894,0.150441,0.836378
ACCGAAGAGTCTGGTT-1,0.008526,0.000027,0.008599,0.633484,0.349364
ACCGACACATCTCCCA-1,0.000067,0.000067,0.137031,0.002747,0.860089
ACCGACTGAGTCCCAC-1,0.0001,0.0001,0.0002,0.001322,0.998277
ACCGAGTCTCCTTATT-1,0.097065,0.000023,0.161132,0.638898,0.102881
ACCGATAGGCATAACC-1,0.035621,0.051572,0.803,0.003078,0.106729
ACCGATATTTAATCAT-1,0.085362,0.000283,0.386508,0.114788,0.413059
ACCGATGGTAGCATCG-1,0.032772,0.000048,0.144989,0.458038,0.364154
ACCGCAATAACTGCCT-1,0.000024,0.000254,0.080351,0.279753,0.639618
ACCGCGGTGGAAGTCG-1,0.00239,0.000049,0.330285,0.268099,0.399177
ACCGCTAGTCATTGGT-1,0.000079,0.000079,0.065031,0.000158,0.934654
ACCGGGCCTTTGTTGA-1,0.045909,0.000048,0.418919,0.195064,0.34006
ACCGGTCAGGTACACC-1,0.116045,0.000035,0.103385,0.559484,0.221051
ACCGGTCTGAGTACGG-1,0.044543,0.000022,0.006365,0.265385,0.683686
ACCGTCCACTGGGCCC-1,0.05961,0.000041,0.232347,0.130451,0.57755
ACCGTGACCACGTGGG-1,0.073583,0.000059,0.083466,0.165668,0.677224
ACCGTTCCCGCTCTGA-1,0.035156,0.000161,0.000321,0.128466,0.835896
ACCTAAGTACCTTTCA-1,0.078091,0.000067,0.000135,0.190433,0.731274
ACCTAATCGACTTCCT-1,0.19077,0.022047,0.000285,0.110761,0.676137
ACCTACAGTATGTGGT-1,0.000061,0.006067,0.243944,0.000123,0.749804
ACCTACTATAAATCTA-1,0.393141,0.000034,0.000083,0.37507,0.231673
ACCTCAGCGAGGCGCA-1,0.016667,0.016668,0.377824,0.033335,0.555507
ACCTCCGCCCTCGCTG-1,0.026907,0.000056,0.720074,0.000113,0.252849
ACCTCCGTTATTCACC-1,0.000063,0.000063,0.323037,0.133307,0.543529
ACCTCGAACTTATGCT-1,0.212157,0.000048,0.195452,0.106677,0.485667
ACCTGCGTGTCATGTT-1,0.027955,0.000082,0.039866,0.043275,0.888822
ACGAAATGGGCGGCAC-1,0.028347,0.023763,0.000104,0.10765,0.840136
ACGACCCATGAGTTGC-1,0.039629,0.387251,0.306021,0.005714,0.261386
ACGACTCTAGGGCCGA-1,0.020758,0.00003,0.224238,0.04385,0.711125
ACGACTGGTCATACTC-1,0.167919,0.000084,0.105634,0.074826,0.651536
ACGAGATATTTGCTTA-1,0.000059,0.000059,0.001955,0.189262,0.808666
ACGAGGATACCACTCT-1,0.000076,0.000076,0.000153,0.363043,0.636651
ACGAGGTTTACAACGT-1,0.138207,0.000023,0.000422,0.763787,0.09756
ACGAGTACGGATGCCC-1,0.189289,0.000085,0.144824,0.075239,0.590563
ACGAGTCGCCGGCGTT-1,0.126189,0.020154,0.000194,0.156874,0.696589
ACGATACATAGAACTA-1,0.000074,0.000074,0.035293,0.000149,0.96441
ACGATACCTATCCTGA-1,0.000019,0.000019,0.003331,0.8139,0.182731
ACGATCATACATAGAG-1,0.000063,0.000063,0.025817,0.024509,0.949548
ACGATCATCTTGTAAA-1,0.024855,0.000048,0.281187,0.105094,0.588816
ACGATGCATATGTTAT-1,0.000072,0.000072,0.000143,0.000143,0.99957
ACGATGGATCCGATGC-1,0.000049,0.000049,0.000098,0.000098,0.999705
ACGCAAACTAATAGAT-1,0.000046,0.000046,0.019838,0.165481,0.814588
ACGCAATCACTACAGC-1,0.024164,0.000084,0.291209,0.020427,0.664116
ACGCATAAATGACATG-1,0.14764,0.000029,0.009745,0.494838,0.347748
ACGCATACGTTTACTA-1,0.000038,0.122069,0.247354,0.000076,0.630463
ACGCATTCGTGAGTAC-1,0.019994,0.000059,0.000117,0.32364,0.65619
ACGCCACTCGAAACAG-1,0.000103,0.000103,0.018076,0.023984,0.957734
ACGCCAGATGATTTCT-1,0.000049,0.000049,0.000098,0.277642,0.722162
ACGCCAGTGCGTTTGC-1,0.109582,0.055365,0.323673,0.123018,0.388363
ACGCCGCTAGACGACC-1,0.075165,0.000026,0.005747,0.368235,0.550827
ACGCCTGACACGCGCT-1,0.016049,0.000129,0.000257,0.437611,0.545954
ACGCGAAGTCAGACGA-1,0.434648,0.00002,0.000041,0.511049,0.054242
ACGCGCTACACAGGGT-1,0.133368,0.000101,0.052709,0.175072,0.638749
ACGCGGGCCAAGGACA-1,0.000055,0.000055,0.006986,0.000109,0.992795
ACGCGTTTCTTAAGAG-1,0.000035,0.000032,0.017981,0.260796,0.721157
ACGCTACTGAATGGGC-1,0.000128,0.617399,0.209188,0.000256,0.173029
ACGCTAGTGATACACT-1,0.027167,0.008687,0.122456,0.597216,0.244475
ACGCTGTGAGGCGTAG-1,0.000027,0.000027,0.000054,0.624286,0.375605
ACGCTTAGTGTCTCTC-1,0.000147,0.000148,0.000295,0.153036,0.846374
ACGGAACACGAGTGCC-1,0.095493,0.36766,0.021446,0.151425,0.363975
ACGGACGCAGCGACAA-1,0.033511,0.000055,0.037761,0.014435,0.914237
ACGGACTCTCAAAGCG-1,0.000047,0.02021,0.159139,0.392241,0.428363
ACGGAGCGCAAATTAC-1,0.064756,0.002881,0.172975,0.042574,0.716815
ACGGATGGTGCGGATA-1,0.00003,0.006263,0.06117,0.573241,0.359296
ACGGCACTTGCTTGGG-1,0.000061,0.000061,0.023506,0.061205,0.915166
ACGGCCAACATGGACT-1,0.000056,0.000056,0.024028,0.043054,0.932806
ACGGCGACGATGGGAA-1,0.024521,0.088044,0.103886,0.370406,0.413143
ACGGCTGGATGTAGAA-1,0.035177,0.000055,0.177806,0.285582,0.50138
ACGGGAGTGTCGGCCC-1,0.060892,0.000082,0.000164,0.11091,0.827953
ACGGGCGTATGCGACA-1,0.068012,0.00004,0.118184,0.030039,0.783725
ACGGGTCATGTGACTT-1,0.000022,0.000022,0.000043,0.491744,0.50817
ACGGGTTGTGACCTGT-1,0.121299,0.000067,0.000133,0.031518,0.846983
ACGGTACAGTTCAATG-1,0.009266,0.000015,0.121294,0.797445,0.071981
ACGGTCACCGAGAACA-1,0.049166,0.00004,0.05421,0.449422,0.447161
ACGTACAGATTTCTCT-1,0.000063,0.000063,0.000126,0.15,0.849747
ACGTACTTTGGCACGG-1,0.150233,0.000077,0.117731,0.000153,0.731806
ACGTAGATTGCTGATG-1,0.10218,0.00008,0.053881,0.019745,0.824115
ACGTAGGAGAGTCGCT-1,0.000912,0.000034,0.148804,0.724507,0.125744
ACGTATTACTCCGATC-1,0.000068,0.024584,0.282723,0.039183,0.653442
ACGTCGGGCAACTCGG-1,0.045105,0.000038,0.145194,0.171025,0.638639
ACGTCTCGTTCCGGGA-1,0.00002,0.00002,0.016325,0.576995,0.40664
ACGTGACAAAGTAAGT-1,0.020669,0.000011,0.000022,0.837046,0.142252
ACGTGCGCCTCGTGCA-1,0.191549,0.000043,0.000086,0.193136,0.615185
ACGTTAATGTCGAAGA-1,0.000054,0.000054,0.072903,0.041312,0.885677
ACGTTAGATTTGCCCG-1,0.000058,0.000058,0.000116,0.314903,0.684866
ACGTTATTGGTCACTC-1,0.082427,0.000026,0.000051,0.581787,0.335709
ACGTTCACTATGCCGC-1,0.000117,0.012736,0.016533,0.000234,0.97038
ACGTTCCGCGCTCCGT-1,0.000219,0.038659,0.106263,0.294787,0.560072
ACGTTCGCAATCAATT-1,0.103911,0.000046,0.24565,0.050448,0.599946
ACGTTCGTTCAGGAAA-1,0.102584,0.000076,0.012441,0.00079,0.884108
ACGTTCTGTACAAGTC-1,0.038976,0.000028,0.187821,0.162969,0.610207
ACGTTGTCGTTGAAAG-1,0.000115,0.000115,0.000229,0.021263,0.978278
ACGTTTAGTTGTGATC-1,0.000085,0.000085,0.000169,0.065918,0.933744
ACGTTTCGGTGCACTT-1,0.050896,0.741883,0.206388,0.000208,0.000624
ACTAAGGACGCACACC-1,0.313423,0.000032,0.01318,0.000063,0.673302
ACTAATACGTCAGGCG-1,0.044293,0.000045,0.000274,0.012918,0.942469
ACTACAAAGAGAGGTG-1,0.238449,0.000022,0.001372,0.635615,0.124543
ACTACATCCCGACAAG-1,0.305457,0.000023,0.036368,0.512516,0.145636
ACTACCAGCTCTCTGG-1,0.000047,0.000047,0.000094,0.000094,0.999718
ACTACCATCCGAGGGC-1,0.162465,0.001403,0.000091,0.264971,0.57107
ACTACGCGTTAGAATT-1,0.000064,0.000064,0.012284,0.013081,0.974506
ACTAGTTGCGATCGTC-1,0.03441,0.020191,0.418445,0.315313,0.211641
ACTATATGCTGTGTTC-1,0.000098,0.000098,0.174702,0.067467,0.757635
ACTATCCAGGGCATGG-1,0.065966,0.000042,0.241907,0.00373,0.688356
ACTATCGCCGGCTAAA-1,0.057633,0.000023,0.000046,0.426793,0.515505
ACTATCTGCCCGCGTA-1,0.000034,0.000034,0.487687,0.161567,0.350679
ACTATGTCCAGCTGCC-1,0.030335,0.000046,0.111921,0.075375,0.782322
ACTATTCGTCCGTGGT-1,0.066552,0.000046,0.000092,0.018884,0.914425
ACTATTTCCGGGCCCA-1,0.00014,0.00014,0.153004,0.00028,0.846436
ACTCAAGTGCAAGGCT-1,0.000045,0.008882,0.062869,0.066738,0.861467
ACTCAATAAAGGCACG-1,0.000053,0.000053,0.000106,0.000106,0.999683
ACTCATGGCAGCCTTC-1,0.095136,0.000066,0.182279,0.095993,0.626525
ACTCCAATATCATCAT-1,0.314161,0.000094,0.000188,0.232878,0.45268
ACTCCCATTCCTAAAG-1,0.169123,0.000029,0.000058,0.80494,0.025851
ACTCCCGAATTCGTTT-1,0.285961,0.000055,0.35134,0.1615,0.201144
ACTCCCGTAGACTAGG-1,0.186242,0.000051,0.090009,0.047524,0.676174
ACTCCCTAATGCTAAA-1,0.000026,0.000026,0.006167,0.167402,0.826379
ACTCCCTAGAATAGTA-1,0.000046,0.018069,0.048891,0.106976,0.826019
ACTCCGGCCGACCACT-1,0.10147,0.205415,0.02231,0.511777,0.159029
ACTCGATGTATTTCAT-1,0.133585,0.000029,0.000059,0.595489,0.270838
ACTCGCCGTTCGATAA-1,0.034967,0.063899,0.599838,0.000139,0.301157
ACTCGCGATCTGACGC-1,0.017261,0.000029,0.354597,0.000845,0.627268
ACTCGTAACCCGTCCT-1,0.000124,0.000124,0.000248,0.059492,0.940011
ACTCGTCAGTAATCCC-1,0.000062,0.000062,0.080332,0.068571,0.850973
ACTCTAAACCTGGGAT-1,0.073434,0.000033,0.096668,0.241837,0.588027
ACTCTCTGACTTAGGT-1,0.000067,0.000067,0.26876,0.151515,0.579592
ACTCTCTTATACACGA-1,0.026768,0.000027,0.017735,0.888068,0.067402
ACTCTGACCTAATAGA-1,0.457904,0.029284,0.12559,0.010578,0.376644
ACTCTTCAGCTCCCGC-1,0.249675,0.241315,0.297218,0.000074,0.211719
ACTCTTGTATAGTAAC-1,0.07631,0.000075,0.055347,0.106745,0.761523
ACTGAAACGCCGTTAG-1,0.041121,0.002233,0.035275,0.565563,0.355807
ACTGAATGGCGAAAGT-1,0.000024,0.000024,0.184819,0.561288,0.253846
ACTGATTTAGTGATTC-1,0.000123,0.000123,0.000246,0.000246,0.999261
ACTGCCCGCCATTCTC-1,0.439453,0.000078,0.000157,0.048891,0.511421
ACTGCCGTCGTAACTC-1,0.000057,0.000057,0.000114,0.063575,0.936198
ACTGCGGACACACCGT-1,0.102465,0.001476,0.323061,0.000108,0.572889
ACTGCTCGGAAGGATG-1,0.067294,0.023552,0.000057,0.2475,0.661597
ACTGGCGAACCTGCGT-1,0.08304,0.000071,0.03609,0.002187,0.878612
ACTGGGATGCCAGTGC-1,0.100114,0.000109,0.083124,0.002049,0.814605
ACTGTACGATACACAT-1,0.036472,0.011045,0.017761,0.150831,0.78389
ACTGTAGCACTTTGGA-1,0.002039,0.000055,0.000111,0.000111,0.997683
ACTGTCCAGGATTATA-1,0.000086,0.000086,0.136999,0.013457,0.849371
ACTGTCTTCTTTAGAA-1,0.106145,0.000064,0.016034,0.0392,0.838556
ACTTACCGGGCGCGCA-1,0.062739,0.00004,0.165231,0.374027,0.397963
ACTTACGCATCCACGC-1,0.010805,0.000031,0.123812,0.327877,0.537476
ACTTATACTTACCCGG-1,0.000028,0.000028,0.026863,0.712179,0.260902
ACTTATTAGGATCGGT-1,0.000087,0.000087,0.000173,0.077458,0.922195
ACTTATTTATGTGCCA-1,0.000045,0.000045,0.205129,0.44729,0.347491
ACTTCAGGCTGATCCC-1,0.088916,0.03906,0.021233,0.212086,0.638705
ACTTCCAGTGGAAGCT-1,0.000061,0.000061,0.011546,0.201696,0.786637
ACTTCCATGCGGGACA-1,0.000031,0.018127,0.115691,0.593658,0.272492
ACTTCCTGTCGTGCGA-1,0.201248,0.00008,0.093369,0.053188,0.652115
ACTTCGCCATACGCAC-1,0.107422,0.000098,0.006285,0.095748,0.790447
ACTTCGCTAGCGAGTG-1,0.006462,0.041383,0.271134,0.051814,0.629207
ACTTGACTCCCTCTTT-1,0.034853,0.000076,0.233802,0.204848,0.52642
ACTTGCTCTATCTACC-1,0.317916,0.000249,0.170751,0.010104,0.50098
ACTTGGGACCCGGTGG-1,0.060614,0.000057,0.011978,0.172604,0.754747
ACTTGGGCTTTCGCCA-1,0.041668,0.041667,0.083335,0.083336,0.749994
ACTTGTAGTCCCTTCA-1,0.000027,0.000027,0.003754,0.756434,0.239757
ACTTGTGGATGGAACG-1,0.00007,0.00007,0.258569,0.000141,0.741149
ACTTGTTACCGGATCA-1,0.000111,0.000111,0.000222,0.207235,0.792322
ACTTTACCCTCATGAA-1,0.097996,0.139347,0.029362,0.593582,0.139712
ACTTTATACACCACTT-1,0.066836,0.00007,0.00316,0.524911,0.405024
ACTTTCCTATAGCTTC-1,0.214163,0.000119,0.000239,0.00043,0.785049
ACTTTGACTGCATCCT-1,0.011386,0.000034,0.000068,0.578043,0.410468
ACTTTGGTCGTGCTCC-1,0.115732,0.000054,0.128177,0.295664,0.460373
ACTTTGTCGACGCACT-1,0.013817,0.183169,0.714751,0.000079,0.088183
AGAAATTATGACTCGC-1,0.000019,0.001067,0.35082,0.000039,0.648054
AGAACACGGCGATGGT-1,0.000051,0.000051,0.000102,0.045381,0.954415
AGAACCCAGCGTGACA-1,0.033123,0.042437,0.414236,0.000064,0.510141
AGAACCCTCAATTGGG-1,0.05971,0.000042,0.07225,0.11747,0.750528
AGAACGTGGTACATTC-1,0.000043,0.000043,0.000087,0.000087,0.99974
AGAACTGTACTTTGTA-1,0.083726,0.000068,0.255527,0.326826,0.333853
AGAAGAGCGCCGTTCC-1,0.448121,0.001667,0.003333,0.239566,0.307313
AGAAGGTACACTTCAC-1,0.002886,0.000026,0.000052,0.368354,0.628682
AGAAGGTTGCCGAATT-1,0.000087,0.000087,0.000174,0.064317,0.935336
AGAAGGTTGTAGGTCG-1,0.000018,0.013454,0.006811,0.897406,0.08231
AGAAGTGATTCGTGAT-1,0.109659,0.000079,0.000158,0.343124,0.54698
AGAATAAATCTTCAGG-1,0.000014,0.052788,0.001564,0.672481,0.273153
AGAATACAGGCTATCC-1,0.210897,0.000025,0.000049,0.613066,0.175963
AGAATGCGGGTTCGGA-1,0.389589,0.000046,0.069553,0.000091,0.540722
AGAATTATGGATTCGA-1,0.053482,0.000046,0.124387,0.222501,0.599583
AGAATTGTTTGACATA-1,0.03109,0.011783,0.00006,0.2171,0.739967
AGACAGCTCAGAATCC-1,0.044984,0.000019,0.00233,0.778825,0.173842
AGACAGGCATCTCAGC-1,0.020932,0.488109,0.187395,0.074334,0.22923
AGACCAAACCACACCT-1,0.013654,0.000022,0.000043,0.188369,0.797912
AGACCCACCGCTGATC-1,0.04075,0.007003,0.000069,0.000069,0.952109
AGACCCGCCCTCCTCG-1,0.000051,0.000051,0.000101,0.025959,0.973839
AGACCGCTCCGCGGTT-1,0.013205,0.006038,0.290374,0.441367,0.249016
AGACCGGGAAACCCTG-1,0.012542,0.000026,0.035469,0.733709,0.218254
AGACGAAGTGCCGGTC-1,0.055054,0.000087,0.552949,0.02838,0.36353
AGACGACGATGCCGCT-1,0.000103,0.000103,0.086913,0.036583,0.876298
AGACGCCCACTTCGCC-1,0.004442,0.488911,0.115899,0.379406,0.011342
AGACGGGCCGATTTAA-1,0.066589,0.000036,0.022248,0.006679,0.904449
AGACTAGCCTTCCAGA-1,0.052416,0.000103,0.000206,0.031762,0.915513
AGACTGTTACCGGGTC-1,0.00011,0.00011,0.00022,0.00022,0.999341
AGAGAAACACCAGAAA-1,0.208711,0.000051,0.021899,0.000101,0.769238
AGAGAACCGTCTAGGA-1,0.000044,0.000044,0.07251,0.096347,0.831054
AGAGAAGGAGTACAAT-1,0.000093,0.000093,0.090619,0.056283,0.852912
AGAGATCTCTAAAGCG-1,0.12065,0.000046,0.000092,0.607883,0.271329
AGAGCAGTTATGAGAC-1,0.10518,0.000037,0.000075,0.512345,0.382363
AGAGCCGCCGAGATTT-1,0.174971,0.100003,0.265846,0.000042,0.459138
AGAGCGCTTGTAACGG-1,0.155638,0.032225,0.334962,0.000113,0.477062
AGAGCGGGCTAATCAT-1,0.111117,0.000051,0.021231,0.142364,0.725238
AGAGCTACGAAAGCAT-1,0.000041,0.000041,0.001538,0.000083,0.998297
AGAGGCTTCGGAAACC-1,0.119073,0.000045,0.515053,0.000091,0.365738
AGAGGGACAATTGTCC-1,0.484264,0.000198,0.394599,0.000396,0.120543
AGAGTAAACTTCACTA-1,0.466294,0.030628,0.26212,0.194956,0.046003
AGAGTATAGTGTTACG-1,0.106272,0.000067,0.186032,0.000135,0.707493
AGAGTCTTAATGAAAG-1,0.005953,0.93452,0.011905,0.011905,0.035716
AGAGTTAGAGACCGAT-1,0.071198,0.000051,0.00565,0.003027,0.920075
AGAGTTGCAGGCCTCC-1,0.01129,0.000035,0.032184,0.000071,0.956421
AGATAACTTCAGGGCC-1,0.000026,0.000026,0.000052,0.502679,0.497217
AGATAATCACACCTAT-1,0.041668,0.041668,0.083335,0.083335,0.749993
AGATACCAATAGAACC-1,0.002817,0.05157,0.467968,0.167985,0.309661
AGATACCAGCACTTCA-1,0.012978,0.000074,0.381147,0.002598,0.603202
AGATACCGGTGTTCAC-1,0.000047,0.000047,0.029577,0.051263,0.919066
AGATACTCAAGATCGA-1,0.025261,0.071796,0.093978,0.669354,0.139611
AGATATAATACGACTA-1,0.067294,0.000038,0.123121,0.193491,0.616056
AGATCGTGCATAAGAT-1,0.000062,0.000062,0.168349,0.159878,0.67165
AGATCTCAGGTGTGAT-1,0.018153,0.000038,0.050376,0.616107,0.315326
AGATCTGGAGAGGATA-1,0.000062,0.000062,0.000124,0.165301,0.834451
AGATGACTCGCCCACG-1,0.000066,0.000066,0.000132,0.011016,0.988721
AGATGAGGGTTGCGAT-1,0.000057,0.000057,0.000114,0.000114,0.999657
AGATGATGGAGTCTGG-1,0.000054,0.009898,0.1784,0.02635,0.785299
AGATGCAAGACGTGCA-1,0.00004,0.057709,0.00008,0.214451,0.72772
AGATGCATCCTGTGTC-1,0.000021,0.000021,0.015413,0.840232,0.144313
AGATGCTATAACGAGC-1,0.140594,0.000015,0.000031,0.769664,0.089695
AGATTATAGGACGTTT-1,0.06038,0.000101,0.00244,0.000292,0.936787
AGATTCAAGCGGGTCG-1,0.000052,0.000052,0.000104,0.136569,0.863222
AGATTCACAACCGATA-1,0.05522,0.000017,0.008101,0.721437,0.215225
