Barcode,Topic 1,Topic 2,Topic 3to6,Topic 7to11
AAACAAGTATCTCCCA-1,0.161288,0.000037,0.541972,0.296703
AAACACCAATAACTGC-1,0.000015,0.000015,0.049001,0.950969
AAACAGAGCGACTCCT-1,0.141114,0.070127,0.283777,0.504983
AAACAGCTTTCAGAAG-1,0.004386,0.000016,0.385961,0.609638
AAACAGGGTCTATATT-1,0.083506,0.000034,0.736004,0.180455
AAACAGTGTTCCTGGG-1,0.000244,0.00002,0.194859,0.804878
AAACATGGTGAGAGGA-1,0.000995,0.000024,0.528043,0.470937
AAACATTTCCCGGATT-1,0.044992,0.000038,0.834246,0.120723
AAACCCGAACGAAATC-1,0.156107,0.000042,0.73854,0.10531
AAACCGGAAATGTTAA-1,0.243282,0.000106,0.75608,0.000532
AAACCGGGTAGGTACC-1,0.000034,0.000034,0.362148,0.637783
AAACCGTTCGTCCAGG-1,0.000035,0.000035,0.115405,0.884524
AAACCTAAGCAGCCGG-1,0.007352,0.004822,0.393273,0.594553
AAACCTCATGAAGTTG-1,0.000033,0.000033,0.29634,0.703594
AAACGAAGATGGAGTA-1,0.035492,0.000028,0.562097,0.402383
AAACGAGACGGTTGAT-1,0.000053,0.000053,0.815992,0.183902
AAACGCTGGGCACGAC-1,0.999603,0.00004,0.000159,0.000198
AAACGGGCGTACGGGT-1,0.000038,0.000038,0.669814,0.330111
AAACGGGTTGGTATCC-1,0.299991,0.050253,0.00034,0.649416
AAACGGTTGCGAACTG-1,0.052124,0.00008,0.786623,0.161173
AAACGTGTTCGCCCTA-1,0.000054,0.000054,0.931947,0.067944
AAACTAACGTGGCGAC-1,0.159529,0.0125,0.704282,0.123689
AAACTCGGTTCGCAAT-1,0.000028,0.000028,0.684819,0.315124
AAACTCGTGATATAAG-1,0.09964,0.000057,0.829923,0.07038
AAACTGCTGGCTCCAA-1,0.024758,0.000052,0.758932,0.216258
AAACTTAATTGCACGC-1,0.015903,0.000018,0.318611,0.665467
AAACTTGCAAACGTAT-1,0.000048,0.000048,0.736742,0.263162
AAAGAATGACCTTAGA-1,0.066337,0.000023,0.41444,0.5192
AAAGAATGTGGACTAA-1,0.155147,0.000036,0.275556,0.56926
AAAGACTGGGCGCTTT-1,0.000024,0.000024,0.54748,0.452471
AAAGCTTGCCTACATA-1,0.026239,0.00003,0.589478,0.384252
AAAGGCCCTATAATAC-1,0.067984,0.000021,0.523416,0.40858
AAAGGCTACGGACCAT-1,0.536176,0.000118,0.000472,0.463233
AAAGGCTCTCGCGCCG-1,0.178529,0.021798,0.449394,0.350279
AAAGGGATGTAGCAAG-1,0.109162,0.030529,0.200808,0.659502
AAAGGGCAGCTTGAAT-1,0.000029,0.002749,0.005779,0.991444
AAAGGTAAGCTGTACC-1,0.010002,0.002376,0.349884,0.637738
AAAGTAGCATTGCTCA-1,0.000052,0.000052,0.756497,0.243398
AAAGTCGACCCTCAGT-1,0.000027,0.000027,0.267419,0.732527
AAAGTGCCATCAATTA-1,0.95452,0.000072,0.045047,0.000361
AAAGTGTGATTTATCT-1,0.041665,0.00006,0.876331,0.081944
AAAGTTGACTCCCGTA-1,0.043035,0.000021,0.084109,0.872835
AAATAACCATACGGGA-1,0.030821,0.000114,0.882507,0.086557
AAATAAGGTAGTGCCC-1,0.026276,0.003461,0.596451,0.373811
AAATACCTATAAGCAT-1,0.00004,0.00004,0.620972,0.378948
AAATAGCTTAGACTTT-1,0.034985,0.000046,0.937658,0.02731
AAATAGGGTGCTATTG-1,0.000013,0.000013,0.000276,0.999697
AAATCCGATACACGCC-1,0.008801,0.000035,0.763864,0.227301
AAATCGCGGAAGGAGT-1,0.012536,0.000011,0.089582,0.897872
AAATCGTGTACCACAA-1,0.107152,0.000094,0.304441,0.588313
AAATCTAGCCCTGCTA-1,0.226193,0.000027,0.317314,0.456466
AAATCTGCCCGCGTCC-1,0.012438,0.000011,0.205722,0.781829
AAATGACTGATCAAAC-1,0.058719,0.00006,0.900807,0.040413
AAATGATTCGATCAGC-1,0.042282,0.000048,0.615109,0.342561
AAATGCTCGTTACGTT-1,0.000058,0.000058,0.387501,0.612383
AAATGGCATGTCTTGT-1,0.111489,0.000315,0.531487,0.356709
AAATGGCCCGTGCCCT-1,0.000034,0.000034,0.470169,0.529762
AAATGGTCAATGTGCC-1,0.072362,0.047292,0.632667,0.247679
AAATGTATCTTATCCC-1,0.026413,0.000015,0.539739,0.433832
AAATTAACGGGTAGCT-1,0.195573,0.01144,0.748442,0.044545
AAATTAATAAGCGCGA-1,0.000017,0.00663,0.556804,0.43655
AAATTACACGACTCTG-1,0.070804,0.000095,0.658851,0.27025
AAATTACCTATCGATG-1,0.000031,0.000031,0.452559,0.547378
AAATTCCAGGTCCAAA-1,0.042249,0.000037,0.767738,0.189977
AAATTGATAGTCCTTT-1,0.000036,0.000036,0.162209,0.837719
AAATTGCGGCGGTTCT-1,0.788122,0.000471,0.001884,0.209523
AAATTGGTGAGAAGCA-1,0.092002,0.000057,0.406957,0.500985
AAATTTGCGGGTGTGG-1,0.000029,0.000029,0.13027,0.869672
AACAACTGGTAGTTGC-1,0.00005,0.005814,0.273022,0.721114
AACAATACATTGTCGA-1,0.000026,0.000026,0.602666,0.397281
AACAATTACTCTACGC-1,0.000058,0.000058,0.717251,0.282632
AACACACGCTCGCCGC-1,0.086397,0.000036,0.463443,0.450124
AACACGAGACGCGGCC-1,0.000035,0.000035,0.605274,0.394656
AACAGCTGTGTGGCAA-1,0.005517,0.00003,0.636927,0.357526
AACAGGAAATCGAATA-1,0.127746,0.000068,0.034161,0.838026
AACAGGATGGGCCGCG-1,0.230312,0.000068,0.181286,0.588334
AACAGGTAGTATGGAT-1,0.520629,0.000063,0.377076,0.102231
AACATAGCGTGTATCG-1,0.000021,0.000021,0.699084,0.300874
AACATATCAACTGGTG-1,0.119532,0.000025,0.159241,0.721202
AACATCGATACGTCTA-1,0.000059,0.000059,0.833305,0.166576
AACATTGAAGTTGATC-1,0.000022,0.000022,0.239487,0.76047
AACATTGGTCAGCCGT-1,0.626151,0.058131,0.001378,0.314341
AACATTGTGACTCGAG-1,0.059208,0.000034,0.236134,0.704625
AACCAAGACTTCTCTG-1,0.049842,0.000052,0.448731,0.501375
AACCAGTATCACTCTT-1,0.075116,0.000053,0.09885,0.825981
AACCATAGGGTTGAAC-1,0.000008,0.000008,0.021576,0.978407
AACCATGGGATCGCTA-1,0.016289,0.018373,0.964741,0.000597
AACCCAGAGACGGAGA-1,0.357757,0.000258,0.001033,0.640951
AACCCATCCCATGATC-1,0.048521,0.000045,0.427773,0.523662
AACCCGACAACCCGTG-1,0.005108,0.000037,0.363512,0.631343
AACCCGAGCAGAATCG-1,0.232247,0.000049,0.76746,0.000244
AACCCGATAGGGCTTC-1,0.258594,0.029667,0.533906,0.177833
AACCCGCTGTATTCCA-1,0.066098,0.000032,0.778349,0.155521
AACCCTACTGTCAATA-1,0.007353,0.000022,0.098887,0.893739
AACCGAGCTTGGTCAT-1,0.000054,0.000054,0.588947,0.410945
AACCGCTAAGGGATGC-1,0.037661,0.000046,0.884603,0.07769
AACCGTTGTGTTTGCT-1,0.082943,0.000112,0.016868,0.900078
AACCTCGCTTTAGCCC-1,0.000036,0.000036,0.864244,0.135684
AACCTGTCACGGAATT-1,0.059328,0.000036,0.401809,0.538828
AACCTTTAAATACGGT-1,0.000047,0.000047,0.480273,0.519634
AACCTTTACGACGTCT-1,0.00002,0.003226,0.000444,0.996309
AACGAAAGTCGTCCCA-1,0.072698,0.00002,0.610673,0.316609
AACGACCTCCTAGCCG-1,0.844783,0.000028,0.155048,0.000141
AACGATAATGCCGTAG-1,0.000046,0.000046,0.322051,0.677856
AACGATAGAAGGGCCG-1,0.360182,0.000322,0.170405,0.469091
AACGATATGTCAACTG-1,0.000037,0.000037,0.5754,0.424527
AACGCATGATCTGGGT-1,0.015791,0.000064,0.843242,0.140903
AACGCGAACGGCAACA-1,0.337938,0.000306,0.089056,0.5727
AACGCGACCTTGGGCG-1,0.117767,0.000058,0.257946,0.624229
AACGCGGTCTCCAGCC-1,0.061129,0.012927,0.59302,0.332925
AACGCTGTTGCTGAAA-1,0.094019,0.000034,0.331265,0.574683
AACGGACGTACGTATA-1,0.000019,0.000019,0.121811,0.878151
AACGGCCATCTCCGGT-1,0.000033,0.000033,0.278546,0.721387
AACGTACTGTGGGTAC-1,0.000059,0.000059,0.628491,0.371392
AACGTCAGACTAGTGG-1,0.000078,0.000078,0.581733,0.418111
AACGTCATCCGGCTTG-1,0.049393,0.000032,0.266776,0.683799
AACGTCGCTGCACTTC-1,0.281242,0.000083,0.293151,0.425525
AACGTGCGAAAGTCTC-1,0.000055,0.000055,0.760321,0.23957
AACGTTATCAGCACCT-1,0.000015,0.000015,0.166359,0.833611
AACGTTCTACCATTGT-1,0.999452,0.000055,0.000219,0.000274
AACTACCCGTTTGTCA-1,0.489148,0.000051,0.45539,0.055411
AACTAGGCTTGGGTGT-1,0.000116,0.000116,0.903683,0.096085
AACTCAAGTTAATTGC-1,0.045502,0.000044,0.584133,0.370321
AACTCCAGAGCGTGTT-1,0.018045,0.000028,0.359698,0.622228
AACTCCTAATCCCATG-1,0.138881,0.00012,0.652163,0.208835
AACTCGATAAACACGT-1,0.586345,0.000368,0.001472,0.411815
AACTCGATGGCGCAGT-1,0.11629,0.253739,0.352285,0.277687
AACTCTCAATAGAGCG-1,0.000053,0.002494,0.947393,0.05006
AACTCTCAGTGTGCTC-1,0.000075,0.000075,0.55934,0.440511
AACTGAGGTCAGCGTC-1,0.097685,0.000125,0.631014,0.271176
AACTGAGTTATACTGA-1,0.369931,0.00006,0.021135,0.608874
AACTGATATTAGGCCT-1,0.289863,0.000226,0.298955,0.410956
AACTGGGTCCCGACGT-1,0.145988,0.00018,0.221881,0.631951
AACTTCTGCGTCTATC-1,0.000045,0.000045,0.373364,0.626546
AACTTGCCCGTATGCA-1,0.000039,0.000039,0.253955,0.745966
AACTTGCGTTCTCGCG-1,0.000033,0.000033,0.01907,0.980864
AACTTTACGGGAGCTT-1,0.003263,0.000012,0.241976,0.75475
AACTTTCTCGATCATG-1,0.019832,0.000028,0.644884,0.335256
AAGAAATCACCAGATT-1,0.010976,0.000036,0.791598,0.19739
AAGAAGGATCAGTTAG-1,0.083111,0.000053,0.915946,0.000889
AAGACATACGTGGTTT-1,0.523147,0.000055,0.476525,0.000274
AAGACCAAATAACTCA-1,0.041268,0.000019,0.649631,0.309083
AAGACCCAACTGAACA-1,0.071872,0.000034,0.146744,0.78135
AAGACTAACCCGTTGT-1,0.371204,0.000548,0.002191,0.626057
AAGACTGCAAGCTACT-1,0.048905,0.000106,0.487607,0.463382
AAGAGATGAATCGGTA-1,0.002037,0.000046,0.443255,0.554662
AAGAGCTCTTTATCGG-1,0.000031,0.000031,0.121676,0.878262
AAGAGGATGTACGCGA-1,0.09817,0.03159,0.006335,0.863905
AAGAGGCATGGATCGC-1,0.000036,0.000036,0.454715,0.545213
AAGAGGCCCTTTGGAA-1,0.083405,0.000042,0.916341,0.000212
AAGATGGCACCGGACC-1,0.000043,0.000043,0.531188,0.468726
AAGATTGGCGGAACGT-1,0.000051,0.000051,0.992485,0.007413
AAGCACCCTGCGTATC-1,0.267932,0.000091,0.435838,0.296139
AAGCATACTCTCCTGA-1,0.000034,0.000034,0.395163,0.604768
AAGCCACTTGCAGGTA-1,0.000029,0.000029,0.40598,0.593961
AAGCCGAAGCGGTTTA-1,0.075459,0.000054,0.924214,0.000272
AAGCCGCCGTGAAATC-1,0.000016,0.000016,0.18701,0.812959
AAGCCGCTTTACCTTG-1,0.000031,0.000031,0.542166,0.457772
AAGCCGGAGAGCAGGA-1,0.999495,0.000051,0.000202,0.000253
AAGCGCAGGGCTTTGA-1,0.000031,0.000031,0.512381,0.487558
AAGCGGAGTGCGCGCA-1,0.000045,0.000045,0.925235,0.074675
AAGCGGCGTCATGGGT-1,0.238599,0.00007,0.1059,0.65543
AAGCGTCCCTCATCGA-1,0.00004,0.00004,0.055261,0.94466
AAGCTAGATCGAGTAA-1,0.000069,0.000069,0.991149,0.008714
AAGCTCGTGCCAAGTC-1,0.000029,0.000029,0.211974,0.787967
AAGCTCTTTCATGGTG-1,0.000054,0.000054,0.585006,0.414885
AAGGAGCGGTTGGTGC-1,0.000134,0.032182,0.907705,0.05998
AAGGATCGATCGCTTG-1,0.110051,0.000045,0.879363,0.01054
AAGGATGAGGGACCTC-1,0.000038,0.000038,0.681959,0.317964
AAGGCAGGCTGTCTCC-1,0.119164,0.000058,0.778497,0.102281
AAGGCGCGTAAAGCTT-1,0.000051,0.000051,0.246609,0.753289
AAGGCTGTGCTCATCG-1,0.000114,0.000114,0.774023,0.22575
AAGGGAACGACTGGCT-1,0.018552,0.000022,0.398894,0.582532
AAGGGACAGATTCTGT-1,0.000033,0.000033,0.488595,0.511338
AAGGGACTATGCATTC-1,0.000027,0.000027,0.668015,0.331931
AAGGGTTAGCCATGCG-1,0.999524,0.000048,0.00019,0.000238
AAGGGTTTGATTTCAG-1,0.062565,0.002296,0.100021,0.835118
AAGGTATCCTAATATA-1,0.000037,0.000037,0.349953,0.649974
AAGGTGATAAACCAGC-1,0.009963,0.000029,0.452978,0.53703
AAGTAGAAGACCGGGT-1,0.199002,0.000277,0.398132,0.402589
AAGTAGTGACGCGAGG-1,0.000021,0.000021,0.000085,0.999872
AAGTCAATTGTCGTCA-1,0.029791,0.000041,0.538849,0.43132
AAGTCTAGTAGCTGCC-1,0.005702,0.000044,0.808096,0.186158
AAGTCTTCTGTGGCCT-1,0.039685,0.000047,0.708729,0.251539
AAGTGACGACCGAATT-1,0.000046,0.000046,0.576171,0.423738
AAGTGAGTCGGGTTTA-1,0.018842,0.000092,0.980604,0.000462
AAGTGCAAAGGTAGAC-1,0.000012,0.020207,0.243959,0.735822
AAGTGCCTTGACTGTA-1,0.199965,0.000064,0.772049,0.027921
AAGTGCGTTAGAATCT-1,0.088268,0.000078,0.615644,0.29601
AAGTGCTTCTCTATTG-1,0.000026,0.000026,0.173592,0.826356
AAGTGTTTGGAGACGG-1,0.012459,0.000052,0.895988,0.091501
AAGTTCACTCCAAGCT-1,0.000035,0.000035,0.631941,0.367989
AAGTTCAGTCTGCGTA-1,0.000029,0.000029,0.170999,0.828942
AAGTTCGGCCAACAGG-1,0.000054,0.000054,0.443323,0.556569
AAGTTGTGATGTTATA-1,0.081166,0.00006,0.745714,0.173061
AAGTTTATGGGCCCAA-1,0.000025,0.000025,0.552382,0.447568
AATAACAACGCTCGGC-1,0.000031,0.000031,0.279243,0.720695
AATAACACTAGAACAA-1,0.02108,0.000057,0.37818,0.600682
AATAACGTCGCGCCCA-1,0.423363,0.000037,0.175578,0.401022
AATAATCTTCGTATCG-1,0.446156,0.000066,0.471378,0.082399
AATACAATGTTTCAGG-1,0.000038,0.000038,0.272721,0.727202
AATACCGGAGGGCTGT-1,0.000022,0.000022,0.198058,0.801897
AATACCTGATGTGAAC-1,0.063569,0.00708,0.125948,0.803403
AATAGAACAGAGTGGC-1,0.00007,0.242349,0.684287,0.073294
AATAGAATCTGTTTCA-1,0.00201,0.000022,0.273887,0.724081
AATAGCAAGCCTCCTG-1,0.178553,0.000106,0.69801,0.12333
AATAGCTACCGCGTGC-1,0.041603,0.000065,0.770809,0.187523
AATAGGCACGACCCTT-1,0.010161,0.000019,0.358949,0.630872
AATAGTCCGTCCCGAC-1,0.055301,0.000146,0.681549,0.263003
AATAGTCGCGAGTCGG-1,0.000011,0.000011,0.23226,0.767718
AATATCAAGGTCGGAT-1,0.057005,0.000088,0.179946,0.762961
AATATCCTAGCAAACT-1,0.077337,0.000037,0.502591,0.420036
AATATCGAATCAATGC-1,0.177755,0.000046,0.721735,0.100464
AATATCGAGGGTTCTC-1,0.024628,0.000044,0.621906,0.353423
AATATTGGAGTATTGA-1,0.000062,0.000062,0.424631,0.575246
AATCAGACTGCAGGAC-1,0.633517,0.000554,0.045113,0.320816
AATCAGGTTTCATTTA-1,0.000029,0.000029,0.000116,0.999826
AATCATGTAAAGACTC-1,0.108907,0.000051,0.779151,0.11189
AATCCAAGGGCCTGAG-1,0.051725,0.000136,0.196365,0.751773
AATCCATGCAAGGGTG-1,0.169827,0.000354,0.30107,0.528749
AATCCCGCTCAGAGCC-1,0.066329,0.000016,0.230137,0.703519
AATCGAGGTCTCAAGG-1,0.056743,0.00003,0.307582,0.635645
AATCGCCTCAGCGCCA-1,0.000066,0.000066,0.907787,0.09208
AATCGCGCAGAGGACT-1,0.102827,0.00005,0.786091,0.111033
AATCGGTATAGCCCTC-1,0.042898,0.000039,0.240456,0.716607
AATCGTGAGCCGAGCA-1,0.000012,0.000012,0.078321,0.921655
AATCTAGGTTTACTTG-1,0.000029,0.000029,0.207714,0.792229
AATCTATGCCGGAGCC-1,0.271087,0.000044,0.545855,0.183013
AATCTCTACTGTGGTT-1,0.002721,0.000025,0.613316,0.383938
AATCTGCGTTGGGACG-1,0.006145,0.000036,0.626812,0.367007
AATCTGGCTTTCTAGT-1,0.027049,0.000036,0.392232,0.580682
AATGACAGCAATGTCT-1,0.00006,0.00006,0.609067,0.390813
AATGACGTAGGATGTC-1,0.00004,0.00004,0.495358,0.504563
AATGACTGTCAGCCGG-1,0.058412,0.000146,0.940712,0.00073
AATGAGTTCGCATATG-1,0.000046,0.000046,0.304559,0.695349
AATGATGATACGCTAT-1,0.026482,0.000036,0.474724,0.498758
AATGATGCGACTCCTG-1,0.071977,0.000056,0.713001,0.214966
AATGCAACCGGGTACC-1,0.293541,0.054627,0.00094,0.650892
AATGCACCAAGCAATG-1,0.000056,0.000056,0.856979,0.142908
AATGGCCGCCAATGCG-1,0.063365,0.000053,0.095851,0.840731
AATGGTCCACCGTTCA-1,0.000016,0.000016,0.036869,0.9631
AATGGTTCTCACAAGC-1,0.000075,0.000075,0.614589,0.385262
AATGTATGGCACTGTA-1,0.000009,0.000009,0.000688,0.999293
AATGTGCCCGAGGTGT-1,0.000047,0.000047,0.700599,0.299307
AATGTGCTAATCTGAG-1,0.023407,0.000028,0.374226,0.602339
AATGTTAAGACCCTGA-1,0.044735,0.000028,0.625448,0.329788
AATGTTGTCGTGAGAC-1,0.08203,0.000048,0.718927,0.198995
AATTAAAGGTCGGCGT-1,0.015574,0.000117,0.636879,0.347431
AATTAACGGATTTCCA-1,0.000535,0.000058,0.435254,0.564153
AATTACGAGACCCATC-1,0.094082,0.000013,0.113035,0.792871
AATTACTCGTACGCTC-1,0.000061,0.000061,0.802264,0.197613
AATTAGCGCTGCAGCG-1,0.00005,0.00005,0.475418,0.524482
AATTATACCCAGCAAG-1,0.031068,0.000023,0.506943,0.461966
AATTCATAAGGGATCT-1,0.000057,0.000057,0.761996,0.23789
AATTCATTGTCATGCA-1,0.060402,0.000013,0.191458,0.748127
AATTCCAACTTGGTGA-1,0.509851,0.007853,0.019661,0.462635
AATTCCAAGCATGTAC-1,0.16459,0.000118,0.834703,0.00059
AATTCGATTCGAGGAT-1,0.127701,0.000021,0.493943,0.378335
AATTCTAGAGTTAGGC-1,0.035628,0.00009,0.513161,0.451121
AATTGAACGCTCTGGT-1,0.000021,0.013112,0.491949,0.494917
AATTGCAGCAATCGAC-1,0.258735,0.036881,0.43455,0.269833
AATTGCGTGGATTACA-1,0.000041,0.000041,0.590802,0.409117
AATTGTGGTTGCCAAA-1,0.691178,0.000041,0.308576,0.000205
AATTTGGGACATAGTA-1,0.000145,0.000145,0.7728,0.22691
ACAAACCATGCGTCCT-1,0.024365,0.000017,0.472719,0.502899
ACAAACTCCATCAGAG-1,0.014729,0.000014,0.003397,0.98186
ACAAAGAAGGTAGGCC-1,0.00211,0.000025,0.388647,0.609218
ACAAAGCATGACCTAG-1,0.011956,0.018844,0.82969,0.13951
ACAAATCGCACCGAAT-1,0.014381,0.000026,0.718276,0.267316
ACAAATGGTAGTGTTT-1,0.025923,0.000016,0.087541,0.88652
ACAAATTCAGATCTGA-1,0.079644,0.00004,0.089209,0.831107
ACAACAGCATGAGCTA-1,0.00003,0.00003,0.299475,0.700466
ACAACGGTCCCTGCGA-1,0.000043,0.000043,0.265861,0.734052
ACAAGCAGTGCCTAGC-1,0.00005,0.048915,0.561727,0.389309
ACAAGCTATATGGAAG-1,0.000025,0.000025,0.27132,0.72863
ACAAGGAAATCCGCCC-1,0.000047,0.000047,0.4863,0.513606
ACAAGGACAAGAGGTT-1,0.000032,0.000032,0.074223,0.925714
ACAAGGATGCTTTAGG-1,0.000021,0.000021,0.212288,0.78767
ACAAGGGCAGGCTCTG-1,0.000026,0.000026,0.192978,0.806971
ACAATAGTCGTACGTT-1,0.000068,0.000068,0.662891,0.336972
ACAATCCATTTAAACC-1,0.000038,0.000038,0.441899,0.558025
ACAATGAATACGGAGA-1,0.00003,0.00003,0.671432,0.328507
ACAATGATTCTTCTAC-1,0.059871,0.000074,0.491816,0.448239
ACAATTGTGTCTCTTT-1,0.033219,0.000021,0.117401,0.849358
ACAATTTAGGAGGCTC-1,0.000012,0.000012,0.192195,0.807781
ACAATTTGAGCAGTGG-1,0.000072,0.000072,0.968462,0.031394
ACAATTTGGCCATATT-1,0.167312,0.000074,0.770329,0.062285
ACACAAAGACGGGTGG-1,0.131481,0.000154,0.179481,0.688884
ACACAAATATTCCTAG-1,0.000055,0.000034,0.631855,0.368055
ACACACCAGGACCAGT-1,0.058712,0.000043,0.614896,0.326349
ACACACTTTCTACACG-1,0.305426,0.000265,0.169952,0.524357
ACACATGATCAAATCT-1,0.001096,0.001379,0.298744,0.698781
ACACATTGACGCAACA-1,0.083676,0.000084,0.799247,0.116993
ACACATTTCCGTAGAC-1,0.000014,0.000014,0.002662,0.997311
ACACCACATAATTAGC-1,0.047981,0.000025,0.275683,0.676311
ACACCCAGCATGCAGC-1,0.04411,0.000124,0.224067,0.731698
ACACCCGAGAAATCCG-1,0.328731,0.075255,0.223708,0.372305
ACACCGAGCGCTCTTT-1,0.000016,0.000016,0.014793,0.985175
ACACCGGTCTGACCGC-1,0.014534,0.001539,0.308568,0.675359
ACACCTTAAGTAGGGC-1,0.000138,0.000138,0.793675,0.206048
ACACCTTACTACTTGC-1,0.346124,0.000056,0.437473,0.216346
ACACGAGACTCCTTCT-1,0.009975,0.000057,0.644757,0.345211
ACACGGGAACTTAGGG-1,0.000037,0.000037,0.259778,0.740147
ACACGTAGGCCACAAG-1,0.234768,0.000054,0.76491,0.000269
ACACTCCAATGTCACT-1,0.066702,0.000093,0.173363,0.759842
ACACTGATCAAGGTGT-1,0.000117,0.000117,0.828506,0.17126
ACACTGGGACAGTCGT-1,0.591551,0.000066,0.40805,0.000332
ACAGAACTGAGAACAA-1,0.000032,0.000032,0.504543,0.495392
ACAGCGACATTCTCAT-1,0.284649,0.000053,0.577206,0.138091
ACAGCGCACCCGCAGC-1,0.11704,0.000066,0.057158,0.825736
ACAGGAGGCGCAGCCG-1,0.426815,0.000106,0.000425,0.572654
ACAGGCACGGATCCTT-1,0.047948,0.008619,0.454243,0.489189
ACAGGCTTGCCCGACT-1,0.001458,0.000022,0.335674,0.662846
ACAGGTGGAGGTGAGG-1,0.000043,0.000043,0.222606,0.777308
ACAGGTGTGTTGTTGC-1,0.000042,0.000042,0.27596,0.723955
ACAGTAATACAACTTG-1,0.012403,0.011339,0.369111,0.607147
ACAGTATACCGTGGGA-1,0.000018,0.000018,0.044601,0.955364
ACATAAGTCGTGGTGA-1,0.004035,0.002013,0.03121,0.962743
ACATAATAAGGCGGTG-1,0.284453,0.000325,0.373305,0.341917
ACATACAATCAAGCGG-1,0.019453,0.000045,0.678274,0.302228
ACATCAGCTGGGACGC-1,0.000027,0.000027,0.540699,0.459246
ACATCCCGGCCATACG-1,0.087112,0.000233,0.823968,0.088687
ACATCCTGGTAACTGT-1,0.146097,0.00007,0.72035,0.133483
ACATCGATCGTTTACC-1,0.05634,0.000132,0.842378,0.10115
ACATCGGTCAGCCGCG-1,0.000037,0.000037,0.11717,0.882755
ACATCGTATGCAATGG-1,0.000032,0.000032,0.790984,0.208952
ACATGCTTACGGCAGC-1,0.000021,0.000021,0.324898,0.67506
ACATGGCGCCAAAGTA-1,0.12628,0.000039,0.572399,0.301281
ACATGGCTCAATTTAG-1,0.084211,0.000227,0.632455,0.283108
ACATTAGTTTATATCC-1,0.000113,0.000113,0.975979,0.023796
ACATTCGCGCGGAATA-1,0.000049,0.000049,0.456087,0.543816
ACATTTGAAACCTAAC-1,0.047852,0.000047,0.615664,0.336437
ACCAAACACCCAGCGA-1,0.127127,0.00004,0.455917,0.416916
ACCAACACCACACACT-1,0.000048,0.000048,0.596066,0.403838
ACCAACCGCACTCCAC-1,0.002621,0.000022,0.463648,0.533708
ACCAACGCTTATTTAT-1,0.079122,0.000116,0.782579,0.138182
ACCAAGAACGCGTGTC-1,0.541244,0.000448,0.131795,0.326513
ACCAAGTCATCGGCAG-1,0.051088,0.000024,0.38529,0.563597
ACCAATATGCAAGTTA-1,0.000051,0.000051,0.291343,0.708555
ACCACAAGTTTCTATC-1,0.105283,0.000073,0.105334,0.789309
ACCACACGGTTGATGG-1,0.02384,0.074891,0.526261,0.375008
ACCACCAATGTAACAA-1,0.414055,0.000038,0.411562,0.174346
ACCACCCTCTCTTCTA-1,0.058683,0.000041,0.59191,0.349367
ACCACGTGCAGCTATA-1,0.00003,0.00003,0.361411,0.63853
ACCACTGTTCAAGAAG-1,0.005633,0.000053,0.662714,0.3316
ACCAGACCATAACAAC-1,0.056812,0.000027,0.531165,0.411996
ACCAGTGCCCGGTCAA-1,0.178191,0.054144,0.242299,0.525366
ACCAGTGCGGGAGACG-1,0.000043,0.000043,0.853339,0.146576
ACCATATCCGCAATAA-1,0.075754,0.000058,0.178702,0.745487
ACCATCCGCCAACTAG-1,0.022147,0.000026,0.596563,0.381264
ACCATCGTATATGGTA-1,0.000071,0.000071,0.554236,0.445621
ACCATTAAGGGTGTCA-1,0.000015,0.000015,0.173295,0.826675
ACCCAACGCCCGTGGC-1,0.00003,0.01166,0.375614,0.612696
ACCCACCTACATGCTC-1,0.007194,0.000035,0.225473,0.767298
ACCCATCTTGAGGGTA-1,0.000054,0.000054,0.651384,0.348508
ACCCATTTGTCCCTCT-1,0.270347,0.00004,0.466329,0.263285
ACCCGAGCGAAATTAC-1,0.00003,0.00003,0.6007,0.39924
ACCCGATTGGTTCCGA-1,0.000027,0.000027,0.217662,0.782283
ACCCGGAAACTCCCAG-1,0.000055,0.000055,0.355103,0.644787
ACCCGGAGCACCACAA-1,0.395062,0.000024,0.000096,0.604819
ACCCGGATGACGCATC-1,0.003385,0.00004,0.536466,0.460109
ACCCGGTTACACTTCC-1,0.038987,0.0001,0.892407,0.068506
ACCCGTAGCAGAGAAT-1,0.12016,0.000133,0.007634,0.872073
ACCCGTAGTCTAGTTG-1,0.828977,0.000041,0.170778,0.000205
ACCCGTGTCATCAGTA-1,0.098146,0.000078,0.277383,0.624394
ACCCTATAGGACTGAG-1,0.000094,0.000094,0.99514,0.004672
ACCCTATGCCATATCG-1,0.000068,0.000068,0.402047,0.597817
ACCCTCCCGTCAGGGC-1,0.05797,0.000026,0.431485,0.510519
ACCCTCCCTTGCTATT-1,0.000032,0.000032,0.387058,0.612877
ACCCTGGTAACGCCCT-1,0.106315,0.000059,0.605323,0.288303
ACCCTTCATCTGCGAA-1,0.140349,0.000184,0.316823,0.542644
ACCCTTGCCTGGGTCG-1,0.000049,0.000049,0.736203,0.263698
ACCGAAGAGTCTGGTT-1,0.015802,0.00003,0.685778,0.29839
ACCGACACATCTCCCA-1,0.000052,0.000052,0.99858,0.001317
ACCGACTGAGTCCCAC-1,0.000086,0.000086,0.872683,0.127146
ACCGAGTCTCCTTATT-1,0.061034,0.000044,0.457446,0.481476
ACCGATAGGCATAACC-1,0.400909,0.000045,0.598824,0.000223
ACCGATATTTAATCAT-1,0.759501,0.00007,0.162212,0.078217
ACCGATGGTAGCATCG-1,0.006199,0.000032,0.777991,0.215779
ACCGCAATAACTGCCT-1,0.029287,0.000038,0.673388,0.297287
ACCGCGGTGGAAGTCG-1,0.112038,0.000061,0.884912,0.00299
ACCGCTAGTCATTGGT-1,0.00003,0.00003,0.303728,0.696213
ACCGGGCCTTTGTTGA-1,0.061608,0.000062,0.850628,0.087701
ACCGGTCAGGTACACC-1,0.000014,0.002593,0.216941,0.780452
ACCGTCCACTGGGCCC-1,0.142325,0.000016,0.121506,0.736153
ACCGTGACCACGTGGG-1,0.030736,0.000019,0.154885,0.81436
ACCTAAGTACCTTTCA-1,0.037141,0.000065,0.604039,0.358755
ACCTAATCGACTTCCT-1,0.000029,0.000029,0.109332,0.890609
ACCTACAGTATGTGGT-1,0.458804,0.000052,0.437404,0.10374
ACCTACTATAAATCTA-1,0.110548,0.000073,0.60231,0.287069
ACCTCAGCGAGGCGCA-1,0.175096,0.000057,0.410273,0.414574
ACCTCCGCCCTCGCTG-1,0.39122,0.000048,0.520405,0.088327
ACCTCCGTTATTCACC-1,0.203206,0.000065,0.561043,0.235686
ACCTCGAACTTATGCT-1,0.000013,0.000013,0.185729,0.814245
ACCTGCGTGTCATGTT-1,0.000045,0.000045,0.569655,0.430256
ACGAAATGGGCGGCAC-1,0.000032,0.000032,0.206811,0.793125
ACGACCCATGAGTTGC-1,0.418524,0.000019,0.000077,0.58138
ACGACTCTAGGGCCGA-1,0.099309,0.000017,0.151131,0.749543
ACGACTGGTCATACTC-1,0.047235,0.000023,0.644971,0.307771
ACGAGAACCCATCACG-1,0.245624,0.026989,0.041081,0.686306
ACGAGGATACCACTCT-1,0.018791,0.000023,0.19245,0.788735
ACGAGGTTTACAACGT-1,0.000024,0.000024,0.258634,0.741318
ACGAGTACGGATGCCC-1,0.027134,0.000056,0.937753,0.035057
ACGAGTCGCCGGCGTT-1,0.527351,0.000234,0.210552,0.261863
ACGATACATAGAACTA-1,0.000033,0.002176,0.461411,0.53638
ACGATACCTATCCTGA-1,0.02521,0.000013,0.019531,0.955246
ACGATCATACATAGAG-1,0.000221,0.000221,0.998455,0.001103
ACGATCATCTTGTAAA-1,0.020935,0.000056,0.605276,0.373733
ACGATGCATATGTTAT-1,0.000058,0.012864,0.504485,0.482593
ACGCAAACTAATAGAT-1,0.003101,0.000032,0.606548,0.39032
ACGCAATCACTACAGC-1,0.000045,0.000045,0.391919,0.607991
ACGCATAAATGACATG-1,0.091696,0.000096,0.113759,0.794449
ACGCATACGTTTACTA-1,0.172608,0.000056,0.719443,0.107893
ACGCATTCGTGAGTAC-1,0.000147,0.000147,0.99897,0.000736
ACGCCACTCGAAACAG-1,0.021086,0.000042,0.56248,0.416393
ACGCCAGATGATTTCT-1,0.031464,0.03062,0.408973,0.528943
ACGCCAGTGCGTTTGC-1,0.073368,0.000011,0.003137,0.923484
ACGCCGCTAGACGACC-1,0.000043,0.000043,0.218224,0.78169
ACGCGAAGTCAGACGA-1,0.000133,0.008187,0.875331,0.116349
ACGCGCTACACAGGGT-1,0.000064,0.000064,0.62066,0.379212
ACGCGGGCCAAGGACA-1,0.000103,0.000103,0.935988,0.063806
ACGCGTTTCTTAAGAG-1,0.000018,0.000018,0.526771,0.473193
ACGCTACTGAATGGGC-1,0.965199,0.000064,0.034419,0.000319
ACGCTAGTGATACACT-1,0.00002,0.00002,0.080215,0.919746
ACGCTGTGAGGCGTAG-1,0.000062,0.000062,0.719112,0.280765
ACGGAACACGAGTGCC-1,0.00136,0.000023,0.21486,0.783758
ACGGAATTTAGCAAAT-1,0.00008,0.00008,0.983928,0.015911
ACGGACGCAGCGACAA-1,0.000017,0.000017,0.283583,0.716383
ACGGACTCTCAAAGCG-1,0.053871,0.000041,0.347366,0.598722
ACGGAGCGCAAATTAC-1,0.000056,0.000056,0.974993,0.024895
ACGGATGGTGCGGATA-1,0.000042,0.000042,0.938406,0.06151
ACGGCACTTGCTTGGG-1,0.000118,0.000118,0.981886,0.017878
ACGGCCAACATGGACT-1,0.031733,0.000091,0.451734,0.516442
ACGGCGACGATGGGAA-1,0.007845,0.000056,0.765599,0.226501
ACGGCGGGTTGCCCTG-1,0.232383,0.000138,0.036752,0.730727
ACGGCTGGATGTAGAA-1,0.000015,0.000015,0.186827,0.813142
ACGGGAGTGTCGGCCC-1,0.030163,0.000033,0.38496,0.584845
ACGGGCGTATGCGACA-1,0.090394,0.000054,0.857877,0.051674
ACGGGTCATGTGACTT-1,0.000017,0.000017,0.167262,0.832705
ACGGGTTGTGACCTGT-1,0.013993,0.000122,0.280156,0.705729
ACGGTACAGTTCAATG-1,0.181782,0.000017,0.015532,0.80267
ACGGTCACCGAGAACA-1,0.000015,0.000015,0.125562,0.874409
ACGTACTTTGGCACGG-1,0.000026,0.000026,0.047217,0.952732
ACGTAGATTGCTGATG-1,0.000056,0.000056,0.496843,0.503044
ACGTAGGAGAGTCGCT-1,0.000029,0.000029,0.361372,0.638569
ACGTATTACTCCGATC-1,0.095443,0.000073,0.78099,0.123495
ACGTCGGGCAACTCGG-1,0.000017,0.000017,0.138461,0.861505
ACGTCTCGTTCCGGGA-1,0.047924,0.00002,0.456407,0.495649
ACGTGACAAAGTAAGT-1,0.010087,0.000012,0.168631,0.82127
ACGTGCGCCTCGTGCA-1,0.28886,0.000457,0.38733,0.323353
ACGTTAATGTCGAAGA-1,0.095231,0.000096,0.850724,0.053949
ACGTTAGATTTGCCCG-1,0.000037,0.000037,0.131173,0.868753
ACGTTATTGGTCACTC-1,0.000025,0.000025,0.143756,0.856194
ACGTTCACTATGCCGC-1,0.000015,0.000015,0.140725,0.859246
ACGTTCGCAATCAATT-1,0.101419,0.000052,0.805298,0.093231
ACGTTCGTTCAGGAAA-1,0.000039,0.000039,0.248519,0.751404
ACGTTCTGTACAAGTC-1,0.101726,0.000036,0.502353,0.395885
ACGTTGTCGTTGAAAG-1,0.031926,0.000011,0.000043,0.968021
ACGTTTAGTTGTGATC-1,0.213166,0.00039,0.501402,0.285042
ACGTTTCGGTGCACTT-1,0.999334,0.000067,0.000266,0.000333
ACTAAGGACGCACACC-1,0.000053,0.000053,0.81089,0.189004
ACTAATACGTCAGGCG-1,0.062763,0.000043,0.022973,0.914222
ACTACAAAGAGAGGTG-1,0.216158,0.00005,0.783545,0.000248
ACTACATCCCGACAAG-1,0.013577,0.000021,0.605854,0.380548
ACTACCAGCTCTCTGG-1,0.000089,0.000089,0.291787,0.708036
ACTACCATCCGAGGGC-1,0.000022,0.000022,0.04506,0.954896
ACTACGCGTTAGAATT-1,0.125721,0.000091,0.3801,0.494088
ACTAGTTGCGATCGTC-1,0.024462,0.000062,0.776492,0.198984
ACTATATGCTGTGTTC-1,0.000055,0.000055,0.712658,0.287232
ACTATCCAGGGCATGG-1,0.210685,0.000051,0.636453,0.152812
ACTATCGCCGGCTAAA-1,0.000023,0.000023,0.216483,0.783471
ACTATCTGCCCGCGTA-1,0.161532,0.000051,0.76939,0.069027
ACTATGTCCAGCTGCC-1,0.000035,0.000035,0.514706,0.485223
ACTATTCGTCCGTGGT-1,0.324207,0.231937,0.005967,0.43789
ACTATTTCCGGGCCCA-1,0.000025,0.000025,0.0001,0.99985
ACTCAACGAATGTATT-1,0.0848,0.000087,0.110108,0.805005
ACTCAAGTGCAAGGCT-1,0.00749,0.000024,0.446567,0.545919
ACTCAATAAAGGCACG-1,0.000041,0.000041,0.574474,0.425445
ACTCAGACCTGCTTCT-1,0.109773,0.000236,0.282414,0.607577
ACTCATGGCAGCCTTC-1,0.081146,0.00002,0.276526,0.642309
ACTCCAATATCATCAT-1,0.000031,0.000031,0.757515,0.242422
ACTCCCATTCCTAAAG-1,0.000015,0.000015,0.018853,0.981116
ACTCCCGAATTCGTTT-1,0.023205,0.000045,0.345765,0.630985
ACTCCCGTAGACTAGG-1,0.059984,0.000074,0.696089,0.243853
ACTCCCTAATGCTAAA-1,0.028289,0.010605,0.596921,0.364185
ACTCCCTAGAATAGTA-1,0.046736,0.000063,0.901851,0.051351
ACTCCGGCCGACCACT-1,0.041411,0.00156,0.037086,0.919943
ACTCGATGTATTTCAT-1,0.000047,0.000047,0.62376,0.376146
ACTCGCCGTTCGATAA-1,0.290031,0.000033,0.239833,0.470103
ACTCGCGATCTGACGC-1,0.409258,0.000071,0.466219,0.124452
ACTCGTAACCCGTCCT-1,0.000048,0.000048,0.726397,0.273507
ACTCGTCAGTAATCCC-1,0.000045,0.000045,0.389946,0.609963
ACTCTAAACCTGGGAT-1,0.000014,0.000014,0.236924,0.763047
ACTCTCTGACTTAGGT-1,0.032353,0.00938,0.586748,0.371519
ACTCTGACCTAATAGA-1,0.085942,0.003431,0.804268,0.106359
ACTCTTCAGCTCCCGC-1,0.395117,0.000057,0.275676,0.329149
ACTCTTGTATAGTAAC-1,0.000072,0.000072,0.377201,0.622654
ACTGAAACGCCGTTAG-1,0.143689,0.00003,0.445737,0.410545
ACTGAATGGCGAAAGT-1,0.017715,0.000036,0.947884,0.034364
ACTGCCCGCCATTCTC-1,0.000012,0.000012,0.000048,0.999929
ACTGCCGTCGTAACTC-1,0.494959,0.000385,0.173613,0.331043
ACTGCGGACACACCGT-1,0.139085,0.000056,0.747909,0.112951
ACTGCTCGGAAGGATG-1,0.009904,0.000026,0.552933,0.437136
ACTGGCGAACCTGCGT-1,0.000038,0.000038,0.49107,0.508854
ACTGTACGATACACAT-1,0.000072,0.000072,0.756506,0.24335
ACTGTAGCACTTTGGA-1,0.000034,0.000034,0.077429,0.922502
ACTGTATACGCGAGCA-1,0.5302,0.000535,0.002139,0.467126
ACTGTCCAGGATTATA-1,0.41625,0.000136,0.000543,0.583072
ACTGTCTTCTTTAGAA-1,0.000095,0.000095,0.873905,0.125906
ACTGTGCTAGTAGATC-1,0.311771,0.11424,0.001332,0.572657
ACTTACCGGGCGCGCA-1,0.274524,0.011649,0.588676,0.125151
ACTTACGCATCCACGC-1,0.00006,0.00006,0.872909,0.12697
ACTTAGTACGACAAGA-1,0.155266,0.019749,0.545343,0.279642
ACTTATACTTACCCGG-1,0.06038,0.000049,0.667426,0.272145
ACTTATTAGGATCGGT-1,0.053678,0.020428,0.71797,0.207924
ACTTATTTATGTGCCA-1,0.00003,0.00003,0.259418,0.740522
ACTTCAGGCTGATCCC-1,0.015325,0.000026,0.215611,0.769038
ACTTCCAGTGGAAGCT-1,0.110973,0.000041,0.388708,0.500278
ACTTCCATGCGGGACA-1,0.030979,0.000041,0.664825,0.304155
ACTTCGCCATACGCAC-1,0.000033,0.000033,0.097757,0.902177
ACTTCGCTAGCGAGTG-1,0.040643,0.000051,0.754995,0.204311
ACTTGACTCCCTCTTT-1,0.071761,0.009955,0.567839,0.350445
ACTTGCTCTATCTACC-1,0.015604,0.000018,0.150038,0.834341
ACTTGGGACCCGGTGG-1,0.151914,0.026085,0.777821,0.044179
ACTTGGGCTTTCGCCA-1,0.000064,0.000064,0.699717,0.300155
ACTTGTAGTCCCTTCA-1,0.015769,0.000027,0.494623,0.489581
ACTTGTGGATGGAACG-1,0.187957,0.000042,0.346172,0.465828
ACTTGTTACCGGATCA-1,0.134326,0.000094,0.661761,0.203819
ACTTTACCCTCATGAA-1,0.05246,0.000065,0.848701,0.098774
ACTTTATACACCACTT-1,0.000317,0.000317,0.21367,0.785696
ACTTTCCTATAGCTTC-1,0.000178,0.000178,0.798189,0.201455
ACTTTGACTGCATCCT-1,0.089441,0.000051,0.256771,0.653737
ACTTTGGTCGTGCTCC-1,0.009956,0.000019,0.087959,0.902066
ACTTTGTCGACGCACT-1,0.436792,0.000101,0.562604,0.000503
AGAAATTATGACTCGC-1,0.349094,0.013312,0.637379,0.000214
AGAACACGGCGATGGT-1,0.02891,0.000009,0.318242,0.65284
AGAACCCAGCGTGACA-1,0.120291,0.00004,0.879471,0.000199
AGAACCCTCAATTGGG-1,0.000024,0.00973,0.374908,0.615338
AGAACGTGGTACATTC-1,0.000037,0.000037,0.345577,0.654349
AGAACTGTACTTTGTA-1,0.064693,0.00002,0.387537,0.54775
AGAAGAGCGCCGTTCC-1,0.092919,0.031295,0.780276,0.09551
AGAAGGTACACTTCAC-1,0.007038,0.000025,0.162967,0.82997
AGAAGGTTGCCGAATT-1,0.067471,0.000057,0.310074,0.622397
AGAAGGTTGTAGGTCG-1,0.014448,0.000039,0.590304,0.395209
AGAAGTGATTCGTGAT-1,0.000026,0.000026,0.000102,0.999847
AGAATAAATCTTCAGG-1,0.000027,0.000027,0.523247,0.476699
AGAATACAGGCTATCC-1,0.000011,0.000011,0.018851,0.981127
AGAATGCGGGTTCGGA-1,0.000027,0.000027,0.389332,0.610614
AGAATTATGGATTCGA-1,0.000026,0.000026,0.29721,0.702738
AGAATTGTTTGACATA-1,0.000047,0.000047,0.60185,0.398057
AGACAGCTCAGAATCC-1,0.026566,0.00002,0.070589,0.902825
AGACAGGCATCTCAGC-1,0.487266,0.000096,0.512158,0.00048
AGACCAAACCACACCT-1,0.068152,0.00001,0.201731,0.730107
AGACCATGGGATACAA-1,0.00004,0.00004,0.126278,0.873642
AGACCCACCGCTGATC-1,0.000073,0.000073,0.72967,0.270185
AGACCCGCCCTCCTCG-1,0.106362,0.006872,0.084717,0.802049
AGACCGCTCCGCGGTT-1,0.19749,0.000027,0.229711,0.572772
AGACCGGGAAACCCTG-1,0.000022,0.000022,0.079559,0.920397
AGACGAAGTGCCGGTC-1,0.201765,0.039271,0.449374,0.309589
AGACGACGATGCCGCT-1,0.000022,0.000022,0.000088,0.999868
AGACGCCCACTTCGCC-1,0.574297,0.000075,0.425253,0.000375
AGACGGGCCGATTTAA-1,0.248841,0.000062,0.130199,0.620898
AGACTAGCCTTCCAGA-1,0.000134,0.000134,0.996683,0.003049
AGACTGTTACCGGGTC-1,0.04386,0.000022,0.177009,0.77911
AGAGAAACACCAGAAA-1,0.000008,0.000008,0.000034,0.999949
AGAGAACCGTCTAGGA-1,0.000028,0.00406,0.665152,0.330761
AGAGAAGGAGTACAAT-1,0.000034,0.000034,0.216168,0.783764
AGAGATCTCTAAAGCG-1,0.000056,0.000056,0.655437,0.344452
AGAGCAGTTATGAGAC-1,0.000023,0.000023,0.170772,0.829182
AGAGCCGCCGAGATTT-1,0.423887,0.000071,0.575687,0.000355
AGAGCGCTTGTAACGG-1,0.000025,0.000025,0.453909,0.54604
AGAGCGGGCTAATCAT-1,0.000112,0.000112,0.100471,0.899304
AGAGCGTACAAGCTCG-1,0.006204,0.000025,0.000101,0.99367
AGAGCTACGAAAGCAT-1,0.000113,0.000113,0.999212,0.000563
AGAGGCTTCGGAAACC-1,0.226076,0.000045,0.613027,0.160852
AGAGGGACAATTGTCC-1,0.037904,0.013709,0.52668,0.421708
AGAGTAAACTTCACTA-1,0.115423,0.00005,0.625169,0.259359
AGAGTATAGTGTTACG-1,0.000051,0.000051,0.731976,0.267922
AGAGTCTTAATGAAAG-1,0.722601,0.000047,0.277115,0.000237
AGAGTTAGAGACCGAT-1,0.170635,0.000081,0.120257,0.709026
AGAGTTGCAGGCCTCC-1,0.003978,0.000028,0.248259,0.747735
AGATAACTTCAGGGCC-1,0.00005,0.00005,0.60084,0.39906
AGATACCAATAGAACC-1,0.20136,0.000031,0.434208,0.364401
AGATACCAGCACTTCA-1,0.073339,0.000056,0.394817,0.531789
AGATACCGGTGTTCAC-1,0.00005,0.00005,0.529391,0.470509
AGATACGACTTCATAT-1,0.170265,0.000189,0.448001,0.381544
AGATACTCAAGATCGA-1,0.000042,0.000042,0.626982,0.372934
AGATATAATACGACTA-1,0.00002,0.00002,0.181905,0.818054
AGATCGTGCATAAGAT-1,0.094517,0.000064,0.651419,0.254
AGATCTCAGGTGTGAT-1,0.000066,0.000066,0.830238,0.169629
AGATCTGGAGAGGATA-1,0.061635,0.000059,0.298632,0.639674
AGATGACTCGCCCACG-1,0.199008,0.000276,0.243172,0.557545
AGATGAGGGTTGCGAT-1,0.000067,0.000067,0.588445,0.411422
AGATGATGGAGTCTGG-1,0.320674,0.000064,0.437461,0.241801
AGATGCAAGACGTGCA-1,0.000012,0.000012,0.014034,0.985942
AGATGCATCCTGTGTC-1,0.029909,0.000027,0.414452,0.555612
AGATGCTATAACGAGC-1,0.029917,0.000025,0.275543,0.694515
AGATTATAGGACGTTT-1,0.554059,0.040042,0.000925,0.404973
AGATTCACAACCGATA-1,0.080841,0.000031,0.516816,0.402312
AGCAAAGGCCGCTAGT-1,0.000039,0.003494,0.458717,0.53775
AGCAACATATCTTATT-1,0.05644,0.000044,0.718547,0.224969
AGCAACCGAAAGTAAT-1,0.01751,0.000026,0.415368,0.567097
AGCACACGTTTAGACT-1,0.105494,0.000033,0.039891,0.854582
AGCACCAGTACTCACG-1,0.015356,0.000122,0.903744,0.080779
AGCACTACCGGCCTGT-1,0.000036,0.000036,0.408321,0.591606
AGCACTACCTCACCAG-1,0.000028,0.022074,0.649067,0.328831
AGCACTTAAGGACGCC-1,0.000044,0.000044,0.611453,0.388458
AGCAGAAGGAGAAAGA-1,0.018093,0.000019,0.436383,0.545505
AGCAGCCAGATGAATA-1,0.070689,0.00014,0.801672,0.127499
AGCAGTCGAAGCATGC-1,0.000019,0.011937,0.281365,0.706679
AGCATATCAATATGCT-1,0.028595,0.000022,0.134326,0.837057
AGCATCATTTCGAAAG-1,0.008678,0.000026,0.398885,0.592411
AGCATCGTCGATAATT-1,0.134424,0.00027,0.2028,0.662506
AGCATTACGAGGCAAG-1,0.060505,0.000025,0.188896,0.750574
AGCCAAGCTTTGTGTC-1,0.12942,0.00711,0.688339,0.17513
AGCCACAGGTTACCCG-1,0.031529,0.000017,0.109951,0.858503
AGCCACTCCCGTGCTT-1,0.010608,0.00007,0.465685,0.523637
AGCCATATAGTATGTG-1,0.000023,0.000023,0.273493,0.726461
AGCCCATACATGTAAG-1,0.000029,0.000029,0.154286,0.845656
AGCCCGCAACAAGCAG-1,0.306922,0.008217,0.249611,0.43525
AGCCCGCACTACAATG-1,0.117524,0.00027,0.488505,0.393701
AGCCCGGCATTAGAGG-1,0.002473,0.000032,0.652279,0.345217
AGCCCGGTAGCCTGTA-1,0.000075,0.000075,0.746337,0.253514
AGCCCTAAGCGAAGTT-1,0.147744,0.000119,0.018474,0.833663
AGCCCTCCCTGGTGGC-1,0.146157,0.000041,0.145409,0.708394
AGCCCTGTCGCACCGT-1,0.128209,0.000047,0.871511,0.000233
AGCCCTTCTAATCCGA-1,0.037309,0.000065,0.837623,0.125002
AGCCCTTGGACATCCC-1,0.380824,0.000078,0.618708,0.00039
AGCCGCAAATTCAAAT-1,0.049188,0.000041,0.599168,0.351603
AGCCGCTTGATTAGCG-1,0.083332,0.000058,0.203207,0.713403
AGCCGTGGCTAAATGT-1,0.000026,0.000026,0.370203,0.629744
AGCCTAATACCCACGT-1,0.033713,0.000028,0.402078,0.564181
AGCCTTAAAGCGGAAG-1,0.000041,0.000041,0.423421,0.576497
AGCCTTGTCACTGATA-1,0.000009,0.000009,0.098475,0.901507
AGCGACAGGAACGGTC-1,0.000032,0.000032,0.271321,0.728614
AGCGACATCCCATTCA-1,0.126387,0.000177,0.000709,0.872727
AGCGACCAACGATATT-1,0.155485,0.000183,0.098594,0.745738
AGCGACTTTGAAGACA-1,0.018576,0.000032,0.286814,0.694577
AGCGAGACGTGAAGGC-1,0.054799,0.000031,0.6752,0.269971
AGCGATGCGCCTAATA-1,0.177795,0.000046,0.811318,0.010841
AGCGCATAATGAATCG-1,0.075722,0.019965,0.31055,0.593763
AGCGCGGGTGCCAATG-1,0.00196,0.000023,0.211165,0.786852
AGCGCTAGAGCGATGT-1,0.045414,0.000048,0.898482,0.056056
AGCGCTTATGGGCAAG-1,0.068233,0.000044,0.061187,0.870535
AGCGGACACTTCGTAG-1,0.000046,0.000046,0.209329,0.79058
AGCGGCGGTTAGCGGT-1,0.000025,0.000025,0.559961,0.439989
AGCGGGAAGGGTCCAT-1,0.207414,0.000348,0.011253,0.780984
AGCGGGTCTGACACTC-1,0.000028,0.007136,0.590616,0.40222
AGCGGTTGCCGCTCTG-1,0.003033,0.0049,0.978737,0.01333
AGCGTACGAGAGCTAG-1,0.115562,0.000174,0.155683,0.728581
AGCGTAGCGCTAGACC-1,0.296442,0.000411,0.325649,0.377497
AGCGTGGTATTCTACT-1,0.000077,0.000077,0.785771,0.214074
AGCTAACAAGCAATGT-1,0.00002,0.00002,0.467517,0.532443
AGCTAAGCTCCGTCCG-1,0.039701,0.000031,0.45633,0.503938
AGCTAAGTACGCAGGC-1,0.023046,0.01912,0.513297,0.444537
AGCTACGAATGGTGGT-1,0.077864,0.000079,0.368473,0.553584
AGCTAGAAGCAGAAGT-1,0.000062,0.000062,0.819613,0.180263
AGCTATTTAATCCAAC-1,0.198599,0.000184,0.45938,0.341837
AGCTCCATATATGTTC-1,0.284918,0.000068,0.714674,0.00034
AGCTCCTTCGCACATC-1,0.140322,0.000032,0.422104,0.437542
AGCTCGTTGATGGAAA-1,0.000056,0.000056,0.825737,0.174152
AGCTCTAGACGTTCCA-1,0.000042,0.000042,0.689295,0.31062
AGCTCTTCCCAGTGCA-1,0.000044,0.000044,0.751755,0.248157
AGCTCTTCGTAACCTT-1,0.15992,0.000045,0.752415,0.087619
AGCTCTTTACTCAGTT-1,0.000079,0.009242,0.506554,0.484125
AGCTGAAGTAAACCAA-1,0.000017,0.000017,0.235064,0.764901
AGCTGTAACCTCAATC-1,0.000057,0.020367,0.766559,0.213017
AGCTTCTTCTCGAGCA-1,0.05093,0.000027,0.32729,0.621753
AGCTTGATCAGGGTAG-1,0.117166,0.000161,0.291174,0.591498
AGCTTGATCTTAACTT-1,0.000052,0.000052,0.341437,0.658459
AGGAAAGCCTCTGATG-1,0.50761,0.000548,0.320515,0.171328
AGGAACGAACGACTTC-1,0.902865,0.012175,0.033118,0.051842
AGGAAGCTGTCCGCCG-1,0.039616,0.000066,0.741391,0.218927
AGGACAGTCGAATCCC-1,0.000821,0.000034,0.348391,0.650753
AGGACATCGCACGTCG-1,0.043173,0.004191,0.257404,0.695232
AGGACATCGGCACACT-1,0.840941,0.000036,0.000143,0.158881
AGGACGACCCATTAGA-1,0.029028,0.00004,0.26471,0.706222
AGGACGCTCGATGTTG-1,0.010325,0.000037,0.201518,0.788119
AGGACTTATAGGAGAA-1,0.000021,0.000021,0.210905,0.789054
AGGAGACATCCACAGT-1,0.012919,0.000044,0.896677,0.09036
AGGAGAGTCTGGCTAC-1,0.051627,0.000031,0.394602,0.553741
AGGAGCGTTTATTATC-1,0.539378,0.000127,0.359489,0.101006
AGGAGGCCTTCGCGCG-1,0.101346,0.00002,0.268936,0.629699
AGGATAAAGTCGGGAT-1,0.000024,0.000024,0.113829,0.886123
AGGATATAGGGATTTA-1,0.050094,0.000031,0.183454,0.766421
AGGATATCCGACTGCA-1,0.038226,0.000024,0.293549,0.668201
AGGATCACGCGATCTG-1,0.016835,0.000018,0.008555,0.974592
AGGATTGCTTACGACA-1,0.000058,0.000058,0.541008,0.458877
AGGCAATACGGAGGAC-1,0.836177,0.000176,0.000702,0.162946
AGGCACGTGACTGTCC-1,0.326434,0.000072,0.6299,0.043594
AGGCAGATGCGTAAAC-1,0.000032,0.000032,0.291593,0.708343
AGGCAGGGAGCGTACT-1,0.024742,0.191134,0.78339,0.000734
AGGCATTGTCGTAGGG-1,0.214778,0.000046,0.317798,0.467377
AGGCCACATTGGTTAC-1,0.463432,0.000064,0.536182,0.000322
AGGCCACCCGTTATGA-1,0.000044,0.000044,0.247746,0.752166
AGGCCCAGTGACTGGT-1,0.014519,0.000171,0.655473,0.329837
AGGCCCATTGTACAGG-1,0.485721,0.000455,0.37226,0.141564
AGGCCCTAGAACGCCA-1,0.000046,0.000046,0.528651,0.471257
AGGCCTATCATACCAA-1,0.10782,0.000038,0.094068,0.798074
AGGCCTGAGAATCTCG-1,0.032182,0.000027,0.482728,0.485063
AGGCGATAACTGGCGT-1,0.863495,0.000067,0.1361,0.000337
AGGCGGTTTGTCCCGC-1,0.053968,0.000032,0.436846,0.509154
AGGCGTCTATGGACGG-1,0.038868,0.000081,0.854718,0.106332
AGGCTATGGTTAGCTT-1,0.000051,0.000051,0.183776,0.816122
AGGCTTAAGTTGCACA-1,0.00006,0.00006,0.705931,0.293949
AGGCTTCCCGAAGAAG-1,0.000049,0.000049,0.384857,0.615046
AGGCTTGCTAGACACC-1,0.000056,0.000056,0.539715,0.460173
AGGGAAACGAGGTACT-1,0.065754,0.00013,0.384919,0.549198
AGGGACCGGCTGCGTT-1,0.175549,0.000067,0.643952,0.180432
AGGGACTCTACGCGAC-1,0.051476,0.000112,0.378511,0.569901
AGGGAGACATACTTCG-1,0.077931,0.000044,0.591326,0.330699
AGGGCCCTAATGTTCT-1,0.834053,0.000056,0.165611,0.00028
AGGGCGAGCAGCTGAT-1,0.000031,0.000031,0.200858,0.79908
AGGGCGTGATCGGCTA-1,0.228575,0.082767,0.259684,0.428974
AGGGCTGCAGTTACAG-1,0.052315,0.000081,0.456597,0.491008
AGGGTCAGAGCACTCG-1,0.000051,0.000051,0.533204,0.466693
AGGGTCAGTAACCCTA-1,0.00006,0.00006,0.607041,0.39284
AGGGTCGATGCGAACT-1,0.01569,0.010091,0.318077,0.656142
AGGGTCTGGACGCAGT-1,0.999587,0.000041,0.000165,0.000206
