Barcode,Topic 1,Topic 2,Topic 3,Topic 4to5,Topic 6to7,Topic 8,Topic 9to10
AAACAACGAATAGTTC-1,0.060804,0.227982,0.009922,0.012119,0.404008,0.044663,0.240503
AAACAAGTATCTCCCA-1,0.188188,0.071692,0.011094,0.543494,0.064408,0.007445,0.11368
AAACACCAATAACTGC-1,0.288895,0.015505,0.033577,0.168111,0.034219,0.223259,0.236434
AAACAGAGCGACTCCT-1,0.454136,0.024345,0.003823,0.067795,0.163469,0.090845,0.195586
AAACAGCTTTCAGAAG-1,0.131853,0.010989,0.025977,0.345063,0.079811,0.396329,0.009977
AAACAGGGTCTATATT-1,0.036129,0.141116,0.176841,0.292254,0.040344,0.270034,0.043281
AAACAGTGTTCCTGGG-1,0.21686,0.006935,0.069543,0.595791,0.005074,0.05622,0.049577
AAACATGGTGAGAGGA-1,0.007051,0.119438,0.088483,0.321747,0.078723,0.195355,0.189203
AAACATTTCCCGGATT-1,0.147011,0.35383,0.003902,0.083718,0.209069,0.006416,0.196055
AAACCCGAACGAAATC-1,0.189506,0.362134,0.140957,0.115675,0.034424,0.048694,0.10861
AAACCGGAAATGTTAA-1,0.19633,0.002633,0.149791,0.363953,0.000038,0.000019,0.287236
AAACCGGGTAGGTACC-1,0.034399,0.383071,0.256418,0.062255,0.147333,0.072371,0.044153
AAACCGTTCGTCCAGG-1,0.280352,0.15957,0.076716,0.10374,0.237049,0.059803,0.082769
AAACCTAAGCAGCCGG-1,0.007425,0.987687,0.000051,0.000102,0.004582,0.000051,0.000102
AAACCTCATGAAGTTG-1,0.152458,0.013793,0.119084,0.176337,0.069519,0.335319,0.13349
AAACGAAGAACATACC-1,0.037316,0.30555,0.038477,0.085833,0.503841,0.009759,0.019223
AAACGAAGATGGAGTA-1,0.071191,0.000023,0.168902,0.123042,0.061419,0.483529,0.091893
AAACGAGACGGTTGAT-1,0.098065,0.254273,0.001906,0.038762,0.349293,0.019403,0.238299
AAACGCCCGAGATCGG-1,0.026253,0.009899,0.020558,0.291697,0.083835,0.472393,0.095366
AAACGCTGGGCACGAC-1,0.344097,0.000036,0.04998,0.605705,0.000073,0.000036,0.000073
AAACGGGCGTACGGGT-1,0.000221,0.002439,0.009227,0.336278,0.305698,0.011887,0.33425
AAACGGGTTGGTATCC-1,0.10478,0.304439,0.004863,0.000281,0.515627,0.051334,0.018676
AAACGGTTGCGAACTG-1,0.001566,0.343318,0.337393,0.125843,0.140201,0.017088,0.034593
AAACGTGTTCGCCCTA-1,0.435977,0.168481,0.023047,0.074406,0.122697,0.02518,0.150211
AAACTAACGTGGCGAC-1,0.110936,0.054315,0.159142,0.156853,0.127717,0.012657,0.37838
AAACTCGGTTCGCAAT-1,0.140591,0.302553,0.04236,0.189488,0.321487,0.003407,0.000113
AAACTCGTGATATAAG-1,0.656646,0.240144,0.067428,0.000047,0.014187,0.01578,0.005767
AAACTGCTGGCTCCAA-1,0.042831,0.339776,0.000162,0.528837,0.025183,0.046237,0.016976
AAACTTAATTGCACGC-1,0.190172,0.026881,0.085179,0.12956,0.051623,0.442694,0.073893
AAACTTGCAAACGTAT-1,0.298107,0.037204,0.057439,0.180228,0.102708,0.262561,0.061753
AAAGAATGACCTTAGA-1,0.383741,0.00779,0.053446,0.179773,0.034097,0.300368,0.040785
AAAGAATGTGGACTAA-1,0.369607,0.086896,0.235693,0.218178,0.079211,0.000019,0.010396
AAAGACATGAAGTTTA-1,0.133757,0.006576,0.014885,0.114639,0.550899,0.100585,0.078658
AAAGACCCAAGTCGCG-1,0.025004,0.412567,0.076741,0.003952,0.312995,0.076253,0.092488
AAAGACTGGGCGCTTT-1,0.376753,0.097953,0.018994,0.073264,0.169961,0.213888,0.049188
AAAGCTTGCCTACATA-1,0.102681,0.051593,0.024698,0.540166,0.022264,0.005528,0.253069
AAAGGCCCTATAATAC-1,0.065919,0.114737,0.117262,0.254298,0.032739,0.302579,0.112466
AAAGGCTACGGACCAT-1,0.110554,0.137804,0.062016,0.186204,0.138277,0.006361,0.358785
AAAGGCTCTCGCGCCG-1,0.163679,0.266342,0.063288,0.190878,0.07175,0.000673,0.24339
AAAGGGATGTAGCAAG-1,0.053689,0.165554,0.165449,0.127303,0.407966,0.004142,0.075896
AAAGGGCAGCTTGAAT-1,0.199444,0.072336,0.003219,0.057623,0.517382,0.022263,0.127733
AAAGGTAAGCTGTACC-1,0.349617,0.164825,0.371253,0.009049,0.045012,0.044813,0.015432
AAAGTAGCATTGCTCA-1,0.070709,0.000008,0.18942,0.250094,0.009834,0.292753,0.187182
AAAGTCACTGATGTAA-1,0.116319,0.22447,0.075852,0.049002,0.314624,0.039467,0.180265
AAAGTCGACCCTCAGT-1,0.110056,0.006756,0.170601,0.154557,0.07961,0.402442,0.075978
AAAGTGCCATCAATTA-1,0.095544,0.000019,0.000019,0.904324,0.000038,0.000019,0.000038
AAAGTGTGATTTATCT-1,0.157555,0.082848,0.08893,0.145166,0.192698,0.08612,0.246683
AAAGTTGACTCCCGTA-1,0.003837,0.000009,0.002243,0.157268,0.061359,0.146955,0.628329
AAATAACCATACGGGA-1,0.250245,0.013055,0.000047,0.025962,0.447703,0.064565,0.198424
AAATAAGGTAGTGCCC-1,0.208377,0.415726,0.068024,0.055202,0.06022,0.066985,0.125467
AAATACCTATAAGCAT-1,0.00008,0.332874,0.085144,0.394793,0.080994,0.037769,0.068345
AAATAGCTTAGACTTT-1,0.142989,0.004894,0.0098,0.143688,0.027603,0.136921,0.534106
AAATAGGGTGCTATTG-1,0.004963,0.823392,0.038898,0.046951,0.049125,0.03654,0.000131
AAATCCGATACACGCC-1,0.019752,0.000019,0.000019,0.324429,0.429474,0.004541,0.221767
AAATCGCGGAAGGAGT-1,0.274118,0.024143,0.014106,0.038631,0.156217,0.475677,0.017107
AAATCGTGTACCACAA-1,0.217142,0.069274,0.019339,0.00009,0.665176,0.004604,0.024375
AAATCTAGCCCTGCTA-1,0.639952,0.03546,0.020395,0.109399,0.1077,0.013275,0.073819
AAATCTGCCCGCGTCC-1,0.031896,0.038604,0.422878,0.441671,0.006422,0.03576,0.022769
AAATGACTGATCAAAC-1,0.002593,0.10586,0.02091,0.182805,0.156043,0.030371,0.501419
AAATGATTCGATCAGC-1,0.43249,0.072462,0.077052,0.029309,0.084016,0.124502,0.180169
AAATGCTCGTTACGTT-1,0.18015,0.066495,0.000046,0.027087,0.654833,0.042911,0.028478
AAATGGCATGTCTTGT-1,0.000094,0.983228,0.000094,0.000188,0.016114,0.000094,0.000188
AAATGGCCCGTGCCCT-1,0.000354,0.087989,0.08974,0.456817,0.078121,0.238604,0.048375
AAATGGTCAATGTGCC-1,0.015211,0.046806,0.018725,0.045002,0.448698,0.238002,0.187557
AAATGTATCTTATCCC-1,0.378838,0.031031,0.002193,0.017602,0.226745,0.298298,0.045294
AAATTAACGGGTAGCT-1,0.159581,0.779871,0.000147,0.012664,0.047295,0.000147,0.000295
AAATTAATAAGCGCGA-1,0.042713,0.140799,0.050641,0.075481,0.123401,0.336778,0.230186
AAATTACACGACTCTG-1,0.275775,0.153514,0.044047,0.008805,0.352635,0.046884,0.11834
AAATTACCTATCGATG-1,0.654845,0.023689,0.002617,0.005202,0.162661,0.053219,0.097766
AAATTCCAGGTCCAAA-1,0.103731,0.013813,0.106601,0.335444,0.067281,0.165089,0.208041
AAATTGATAGTCCTTT-1,0.285516,0.003047,0.042973,0.299041,0.120113,0.193762,0.055548
AAATTGCGGCGGTTCT-1,0.118158,0.049043,0.000061,0.000122,0.831492,0.000061,0.001062
AAATTGGTGAGAAGCA-1,0.632155,0.030922,0.00291,0.035741,0.204128,0.016019,0.078125
AAATTTACCGAAATCC-1,0.069492,0.33832,0.00003,0.00006,0.581664,0.006823,0.003611
AAATTTGCGGGTGTGG-1,0.443301,0.022355,0.089931,0.155451,0.107694,0.077365,0.103904
AACAACTGGTAGTTGC-1,0.053704,0.002518,0.000024,0.061217,0.435901,0.033456,0.413181
AACAATACATTGTCGA-1,0.000047,0.066511,0.039902,0.473239,0.077668,0.016036,0.326595
AACAATTACTCTACGC-1,0.031884,0.075576,0.037092,0.15127,0.241147,0.069334,0.393698
AACACACGCTCGCCGC-1,0.359557,0.118345,0.005494,0.109781,0.229202,0.005213,0.172408
AACACGACTGTACTGA-1,0.115176,0.340382,0.073372,0.053609,0.298501,0.102499,0.016461
AACACGAGACGCGGCC-1,0.135966,0.045137,0.054238,0.165068,0.145687,0.215657,0.238247
AACACGCGGCCGCGAA-1,0.000094,0.999151,0.000094,0.000189,0.000189,0.000094,0.000189
AACAGCTGTGTGGCAA-1,0.187277,0.007966,0.195701,0.121217,0.032565,0.38302,0.072254
AACAGGAAATCGAATA-1,0.000144,0.98372,0.000144,0.000288,0.015271,0.000144,0.000288
AACAGGATGGGCCGCG-1,0.083729,0.005037,0.000515,0.249365,0.207102,0.015929,0.438323
AACAGGTAGTATGGAT-1,0.02976,0.005289,0.258917,0.136043,0.059918,0.15716,0.352913
AACATAGCGTGTATCG-1,0.329075,0.56403,0.044679,0.027618,0.034302,0.000099,0.000198
AACATATCAACTGGTG-1,0.345845,0.30558,0.005477,0.033518,0.09066,0.050624,0.168297
AACATCGATACGTCTA-1,0.421544,0.129373,0.010425,0.007431,0.071869,0.106705,0.252652
AACATTGAAGTTGATC-1,0.074229,0.000167,0.055112,0.435182,0.018163,0.296202,0.120944
AACATTGGTCAGCCGT-1,0.184648,0.558897,0.00011,0.00022,0.255796,0.00011,0.00022
AACATTGTGACTCGAG-1,0.151214,0.151904,0.051468,0.200087,0.095865,0.013496,0.335966
AACCAAGACTTCTCTG-1,0.034709,0.05307,0.160976,0.185259,0.259263,0.207776,0.098947
AACCAGTATCACTCTT-1,0.002052,0.000016,0.009956,0.026609,0.315974,0.032687,0.612708
AACCATAGGGTTGAAC-1,0.02733,0.311662,0.252249,0.10699,0.071219,0.158118,0.072432
AACCATGGGATCGCTA-1,0.210854,0.416221,0.021789,0.000131,0.346766,0.004107,0.000131
AACCCAGAGACGGAGA-1,0.000012,0.000012,0.00102,0.004672,0.513523,0.095789,0.38497
AACCCATCCCATGATC-1,0.061341,0.281945,0.317427,0.06528,0.066305,0.162449,0.045251
AACCCGACAACCCGTG-1,0.153895,0.226455,0.128365,0.160875,0.056546,0.03184,0.242024
AACCCGAGCAGAATCG-1,0.760842,0.017198,0.039078,0.111061,0.000079,0.00004,0.071702
AACCCGCTGTATTCCA-1,0.214006,0.195575,0.169164,0.256609,0.147161,0.015979,0.001507
AACCCTACTGTCAATA-1,0.278068,0.005892,0.060411,0.044332,0.103274,0.036107,0.471918
AACCCTGGTGGAACCA-1,0.000098,0.985842,0.000098,0.000197,0.01347,0.000098,0.000197
AACCGAGCTTGGTCAT-1,0.407634,0.000067,0.000067,0.000135,0.485894,0.027479,0.078724
AACCGCTAAGGGATGC-1,0.473189,0.147506,0.000044,0.000087,0.297613,0.010632,0.070929
AACCGTTGTGTTTGCT-1,0.380573,0.617864,0.000195,0.000391,0.000391,0.000195,0.000391
AACCTAAAGCCGTCCG-1,0.214585,0.159315,0.000046,0.000093,0.625821,0.000046,0.000093
AACCTCGCTTTAGCCC-1,0.000073,0.961475,0.005667,0.013765,0.018801,0.000073,0.000146
AACCTGTCACGGAATT-1,0.424339,0.293695,0.091633,0.056523,0.036419,0.041608,0.055784
AACCTTTAAATACGGT-1,0.102616,0.896479,0.000113,0.000226,0.000226,0.000113,0.000226
AACCTTTACGACGTCT-1,0.028565,0.15539,0.006228,0.115997,0.401432,0.031743,0.260645
AACGAAAGTCGTCCCA-1,0.242349,0.02274,0.346622,0.126948,0.045214,0.184257,0.031869
AACGACCTCCTAGCCG-1,0.160864,0.000024,0.033818,0.805172,0.000048,0.000024,0.000048
AACGATAATGCCGTAG-1,0.123171,0.468823,0.017589,0.062477,0.290938,0.000073,0.036929
AACGATAGAAGGGCCG-1,0.007657,0.333218,0.042229,0.018022,0.449807,0.060368,0.088699
AACGATATGTCAACTG-1,0.172766,0.007351,0.000038,0.008003,0.229412,0.004003,0.578426
AACGCATGATCTGGGT-1,0.265719,0.102345,0.035804,0.046836,0.083509,0.17838,0.287407
AACGCGAACGGCAACA-1,0.000025,0.305921,0.10888,0.00005,0.571338,0.011717,0.002069
AACGCGACCTTGGGCG-1,0.173478,0.076685,0.052108,0.282631,0.127165,0.083076,0.204857
AACGCGGTCTCCAGCC-1,0.000078,0.45126,0.251647,0.000156,0.164564,0.12718,0.005114
AACGCTGTTGCTGAAA-1,0.259613,0.031151,0.009533,0.258117,0.392783,0.000061,0.048742
AACGGACGTACGTATA-1,0.089711,0.522212,0.03635,0.075459,0.189203,0.022732,0.064333
AACGGCCATCTCCGGT-1,0.292107,0.174836,0.064844,0.070231,0.191049,0.050148,0.156786
AACGTACTGTGGGTAC-1,0.178159,0.095952,0.022179,0.131708,0.378759,0.027258,0.165985
AACGTCAGACTAGTGG-1,0.342405,0.01642,0.000045,0.00231,0.540677,0.000045,0.098098
AACGTCATCCGGCTTG-1,0.443062,0.091674,0.049019,0.319429,0.069396,0.001413,0.026008
AACGTCGCTGCACTTC-1,0.010106,0.011828,0.019503,0.810043,0.081013,0.002759,0.064748
AACGTGATGAAGGACA-1,0.089462,0.063512,0.005152,0.01964,0.628783,0.022859,0.170593
AACGTGCGAAAGTCTC-1,0.207193,0.283823,0.00008,0.00016,0.483351,0.00008,0.025313
AACGTTATCAGCACCT-1,0.032292,0.497619,0.14712,0.000056,0.156417,0.106541,0.059955
AACGTTCTACCATTGT-1,0.029763,0.000017,0.044843,0.783861,0.004076,0.000152,0.137289
AACTACCCGTTTGTCA-1,0.182956,0.120331,0.069282,0.301032,0.066133,0.135557,0.124709
AACTAGGCTTGGGTGT-1,0.247234,0.056844,0.160901,0.107406,0.401766,0.022119,0.003729
AACTCAAGTTAATTGC-1,0.079644,0.000021,0.047479,0.099554,0.246376,0.168748,0.358178
AACTCCAGAGCGTGTT-1,0.000711,0.421462,0.084525,0.103871,0.300286,0.084954,0.004191
AACTCCTAATCCCATG-1,0.29599,0.106058,0.011981,0.143376,0.100723,0.027012,0.31486
AACTCGATAAACACGT-1,0.002749,0.277968,0.007714,0.000988,0.581949,0.031081,0.09755
AACTCGATGGCGCAGT-1,0.038037,0.000034,0.000034,0.008154,0.752902,0.036792,0.164048
AACTCTCAATAGAGCG-1,0.003814,0.00001,0.023655,0.040771,0.078046,0.002231,0.851473
AACTCTCAGTGTGCTC-1,0.08401,0.002538,0.018274,0.406094,0.028618,0.042978,0.417488
AACTGAGGTCAGCGTC-1,0.110699,0.471902,0.082952,0.111599,0.053801,0.062652,0.106394
AACTGAGTTATACTGA-1,0.199617,0.000028,0.000028,0.800167,0.000055,0.000028,0.000079
AACTGATATTAGGCCT-1,0.000103,0.999069,0.000103,0.000207,0.000207,0.000103,0.000207
AACTGGGTCCCGACGT-1,0.013088,0.985873,0.00013,0.00026,0.00026,0.00013,0.00026
AACTGGGTTCGAGCCG-1,0.391287,0.000847,0.00004,0.000079,0.599449,0.004981,0.003316
AACTTCTGCGTCTATC-1,0.376604,0.346377,0.000053,0.000105,0.276025,0.000731,0.000105
AACTTGCCCGTATGCA-1,0.000016,0.248893,0.006969,0.028514,0.291308,0.007432,0.416867
AACTTGCGTTCTCGCG-1,0.007735,0.07524,0.001594,0.004509,0.748098,0.003829,0.158996
AACTTTACGGGAGCTT-1,0.123061,0.021622,0.097064,0.051921,0.099828,0.493945,0.112559
AACTTTCTCGATCATG-1,0.000535,0.040057,0.099389,0.355782,0.150897,0.072934,0.280406
AAGAAAGTTTGATGGG-1,0.150505,0.151184,0.255744,0.427607,0.000037,0.00165,0.013273
AAGAAATCACCAGATT-1,0.473974,0.126002,0.180521,0.131596,0.044907,0.000744,0.042257
AAGAAGGATCAGTTAG-1,0.022399,0.007602,0.000027,0.006441,0.760747,0.096949,0.105837
AAGACATACGTGGTTT-1,0.388638,0.003102,0.391064,0.215296,0.000028,0.001845,0.000028
AAGACCAAATAACTCA-1,0.19412,0.002987,0.013798,0.164737,0.038949,0.47595,0.109459
AAGACCCAACTGAACA-1,0.214936,0.022572,0.023259,0.232626,0.229676,0.015443,0.261487
AAGACTAACCCGTTGT-1,0.000066,0.879073,0.120396,0.000133,0.000133,0.000066,0.000133
AAGACTCACGCCCACT-1,0.262769,0.127838,0.003079,0.032661,0.387192,0.084531,0.10193
AAGACTGCAAGCTACT-1,0.119052,0.612748,0.000158,0.000316,0.047913,0.062433,0.157381
AAGAGATGAATCGGTA-1,0.54157,0.213366,0.000047,0.000094,0.244783,0.000047,0.000094
AAGAGCTCTTTATCGG-1,0.189525,0.033935,0.032791,0.061509,0.446919,0.070289,0.165031
AAGAGGATGTACGCGA-1,0.238481,0.236385,0.022624,0.154457,0.14771,0.089097,0.111246
AAGAGGCATGGATCGC-1,0.230034,0.063697,0.004202,0.066856,0.600051,0.024832,0.010329
AAGAGGCCCTTTGGAA-1,0.173894,0.122141,0.172814,0.452869,0.008326,0.000016,0.069939
AAGATGGCACCGGACC-1,0.245159,0.034175,0.088998,0.166495,0.078905,0.283684,0.102584
AAGATTGGCGGAACGT-1,0.73342,0.193561,0.00004,0.000079,0.072781,0.00004,0.000079
AAGCACCCTGCGTATC-1,0.00569,0.506812,0.472884,0.002825,0.011387,0.000134,0.000268
AAGCATACTCTCCTGA-1,0.100433,0.650413,0.000132,0.176129,0.072496,0.000132,0.000265
AAGCCACTTGCAGGTA-1,0.072624,0.014618,0.01528,0.813025,0.011387,0.008686,0.064379
AAGCCGAAGCGGTTTA-1,0.007304,0.206943,0.011735,0.255009,0.039094,0.000563,0.479353
AAGCCGCCGTGAAATC-1,0.050013,0.050015,0.050025,0.599857,0.100033,0.050018,0.100041
AAGCCGCTTTACCTTG-1,0.009183,0.049924,0.050782,0.665786,0.140152,0.012546,0.071627
AAGCCGGAGAGCAGGA-1,0.072402,0.000016,0.000016,0.925421,0.000033,0.000016,0.002095
AAGCGCAGGGCTTTGA-1,0.289534,0.709692,0.000097,0.000193,0.000193,0.000097,0.000193
AAGCGGAGTGCGCGCA-1,0.161973,0.029973,0.014938,0.244311,0.118955,0.018372,0.41148
AAGCGGCGTCATGGGT-1,0.434117,0.032923,0.01723,0.001688,0.286775,0.113501,0.113767
AAGCGTCCCTCATCGA-1,0.53283,0.007424,0.011081,0.049078,0.053742,0.278807,0.067038
AAGCTAGATCGAGTAA-1,0.010525,0.840102,0.062253,0.064299,0.00436,0.018237,0.000224
AAGCTATGGATTGACC-1,0.261416,0.020031,0.023428,0.678601,0.000067,0.002606,0.013851
AAGCTCGTGCCAAGTC-1,0.045654,0.859656,0.000091,0.000183,0.094142,0.000091,0.000183
AAGCTCTTTCATGGTG-1,0.099584,0.862822,0.000087,0.000174,0.037071,0.000087,0.000174
AAGGAGCGGTTGGTGC-1,0.047097,0.015234,0.013463,0.065726,0.390492,0.315415,0.152573
AAGGATCGATCGCTTG-1,0.514877,0.010649,0.063498,0.270294,0.00005,0.09035,0.050282
AAGGATGAGGGACCTC-1,0.432634,0.474013,0.000046,0.000093,0.093075,0.000046,0.000093
AAGGCAGGCTGTCTCC-1,0.400844,0.327395,0.120432,0.134877,0.005999,0.007178,0.003275
AAGGCGCGTAAAGCTT-1,0.174609,0.197735,0.026169,0.013259,0.462598,0.03054,0.095091
AAGGCTGTGCTCATCG-1,0.131054,0.21022,0.00408,0.031558,0.397378,0.0542,0.171509
AAGGGAACGACTGGCT-1,0.176462,0.007945,0.163032,0.180708,0.016888,0.403545,0.05142
AAGGGACAGATTCTGT-1,0.379005,0.006768,0.068856,0.084678,0.190555,0.015039,0.255098
AAGGGACTATGCATTC-1,0.001975,0.365699,0.200215,0.111495,0.088186,0.186011,0.046419
AAGGGTTAGCCATGCG-1,0.211998,0.039564,0.171324,0.496527,0.004426,0.004289,0.071871
AAGGGTTTGATTTCAG-1,0.012476,0.278987,0.230411,0.173359,0.139273,0.157158,0.008335
AAGGTATCCTAATATA-1,0.25694,0.150021,0.000034,0.006001,0.521042,0.050427,0.015534
AAGGTGATAAACCAGC-1,0.293547,0.217204,0.005138,0.063512,0.191888,0.047419,0.181292
AAGTAGAAGACCGGGT-1,0.005282,0.651747,0.006131,0.000099,0.332445,0.004199,0.000099
AAGTAGTGACGCGAGG-1,0.257694,0.07628,0.192124,0.000057,0.259093,0.09269,0.122061
AAGTCAATTGTCGTCA-1,0.130403,0.573873,0.006381,0.099853,0.094744,0.001411,0.093334
AAGTCTAGTAGCTGCC-1,0.000011,0.162649,0.421215,0.234683,0.103369,0.004385,0.073688
AAGTCTTCTGTGGCCT-1,0.007356,0.000006,0.001663,0.473565,0.133343,0.157949,0.226117
AAGTGACGACCGAATT-1,0.186737,0.000024,0.010031,0.168791,0.038113,0.349399,0.246906
AAGTGAGTCGGGTTTA-1,0.102605,0.000009,0.005099,0.142993,0.029428,0.036471,0.683394
AAGTGCAAAGGTAGAC-1,0.083506,0.006719,0.282673,0.032247,0.189362,0.253293,0.152201
AAGTGCCTTGACTGTA-1,0.1915,0.001867,0.074151,0.378842,0.073737,0.066177,0.213726
AAGTGCGTTAGAATCT-1,0.106594,0.010323,0.03256,0.145434,0.076491,0.524565,0.104033
AAGTGCTTCTCTATTG-1,0.28343,0.027019,0.191998,0.261596,0.017808,0.021715,0.196434
AAGTGTTTGGAGACGG-1,0.122316,0.544541,0.023289,0.050237,0.198438,0.061026,0.000154
AAGTTCACTCCAAGCT-1,0.045186,0.000025,0.005474,0.051035,0.485307,0.022668,0.390305
AAGTTCAGTCTGCGTA-1,0.299585,0.038538,0.002699,0.122217,0.086409,0.106069,0.344483
AAGTTCGGCCAACAGG-1,0.620452,0.017655,0.01876,0.109727,0.077017,0.005023,0.151367
AAGTTGTGATGTTATA-1,0.243377,0.08653,0.090572,0.420706,0.077053,0.000365,0.081396
AAGTTTATGGGCCCAA-1,0.00002,0.00271,0.302152,0.279344,0.352036,0.011371,0.052367
AATAACAACGCTCGGC-1,0.348481,0.00695,0.00027,0.004469,0.263861,0.059253,0.316716
AATAACACTAGAACAA-1,0.39494,0.008047,0.008784,0.162601,0.1579,0.174353,0.093376
AATAACGTCGCGCCCA-1,0.026625,0.114478,0.148481,0.532548,0.04331,0.014943,0.119615
AATAAGTCCTCGAGAC-1,0.023714,0.975519,0.000096,0.000192,0.000192,0.000096,0.000192
AATAATCTTCGTATCG-1,0.352316,0.000025,0.169364,0.264969,0.000051,0.000025,0.213249
AATACAATGTTTCAGG-1,0.000033,0.751655,0.000301,0.000065,0.244971,0.002911,0.000065
AATACCGGAGGGCTGT-1,0.11925,0.000117,0.23502,0.239418,0.029913,0.268195,0.108088
AATACCTGATGTGAAC-1,0.112946,0.107812,0.066862,0.467175,0.152475,0.002317,0.090412
AATAGAACAGAGTGGC-1,0.375239,0.154041,0.006462,0.007478,0.353454,0.066078,0.037249
AATAGAATCTGTTTCA-1,0.067218,0.037949,0.004988,0.063671,0.122414,0.012672,0.691088
AATAGCAAGCCTCCTG-1,0.144991,0.030655,0.122656,0.187012,0.061712,0.149139,0.303835
AATAGCTACCGCGTGC-1,0.263811,0.059714,0.053685,0.093246,0.077299,0.170785,0.28146
AATAGGCACGACCCTT-1,0.245751,0.168005,0.080374,0.241846,0.063518,0.155463,0.045043
AATAGTCCGTCCCGAC-1,0.270381,0.105339,0.050349,0.162176,0.286372,0.011271,0.114111
AATAGTCGCGAGTCGG-1,0.33564,0.249819,0.011103,0.000896,0.202671,0.189991,0.009881
AATATCAAGGTCGGAT-1,0.072893,0.313817,0.000079,0.000158,0.54415,0.02738,0.041523
AATATCCTAGCAAACT-1,0.115779,0.087978,0.156681,0.239383,0.051141,0.305886,0.043152
AATATCGAATCAATGC-1,0.340321,0.012971,0.010507,0.25673,0.069676,0.012414,0.297381
AATATCGAGGGTTCTC-1,0.24091,0.02986,0.000997,0.030284,0.148142,0.149587,0.400219
AATATTGGAGTATTGA-1,0.225555,0.031397,0.059257,0.051055,0.216345,0.255659,0.160732
AATCAGACTGCAGGAC-1,0.000061,0.846152,0.126465,0.000122,0.027017,0.000061,0.000122
AATCAGGTTTCATTTA-1,0.024431,0.068425,0.178665,0.399201,0.015461,0.264979,0.048839
AATCATGTAAAGACTC-1,0.07252,0.122434,0.156106,0.313905,0.08805,0.015076,0.231908
AATCCAAGGGCCTGAG-1,0.000071,0.99621,0.003219,0.000143,0.000143,0.000071,0.000143
AATCCATGCAAGGGTG-1,0.003921,0.000027,0.000027,0.000271,0.46459,0.021198,0.509967
AATCCCGCTCAGAGCC-1,0.013322,0.075381,0.126153,0.342486,0.180504,0.018877,0.243277
AATCGAGGTCTCAAGG-1,0.410603,0.421172,0.072672,0.095175,0.000151,0.000076,0.000151
AATCGCCTCAGCGCCA-1,0.187727,0.08103,0.037418,0.026657,0.571915,0.030193,0.06506
AATCGCGCAGAGGACT-1,0.768741,0.053264,0.159834,0.017106,0.000054,0.000947,0.000054
AATCGGGACACTACGA-1,0.023021,0.274818,0.07625,0.04854,0.524403,0.021799,0.031168
AATCGGTATAGCCCTC-1,0.142913,0.292269,0.125695,0.366098,0.011034,0.000044,0.061946
AATCGTGAGCCGAGCA-1,0.023094,0.87086,0.101067,0.004598,0.000152,0.000076,0.000152
AATCTAGGTTTACTTG-1,0.026898,0.017454,0.100282,0.277405,0.043417,0.267554,0.26699
AATCTATGCCGGAGCC-1,0.003346,0.000006,0.000006,0.031452,0.033663,0.000029,0.931497
AATCTCTACTGTGGTT-1,0.042887,0.00042,0.034886,0.471901,0.028024,0.355878,0.066005
AATCTGCGTTGGGACG-1,0.453786,0.164794,0.00003,0.000062,0.192353,0.005425,0.18355
AATCTGGCTTTCTAGT-1,0.012901,0.187799,0.320517,0.162256,0.047331,0.230944,0.038252
AATCTGGGTAGACCCT-1,0.200038,0.117661,0.004934,0.030681,0.37984,0.138216,0.12863
AATGACAGCAATGTCT-1,0.195574,0.185914,0.097782,0.186278,0.10911,0.086634,0.138709
AATGACGTAGGATGTC-1,0.284963,0.225948,0.000072,0.117715,0.344262,0.010779,0.01626
AATGACTGTCAGCCGG-1,0.000025,0.17513,0.00425,0.002514,0.477419,0.047438,0.293224
AATGAGTTCGCATATG-1,0.265408,0.010246,0.000045,0.008513,0.645943,0.031745,0.0381
AATGATGATACGCTAT-1,0.500946,0.340662,0.034361,0.006097,0.041158,0.072908,0.003869
AATGATGCGACTCCTG-1,0.514012,0.02505,0.035167,0.007367,0.065223,0.247487,0.105694
AATGCAACCGGGTACC-1,0.021449,0.402752,0.036366,0.02701,0.269293,0.006308,0.236823
AATGCACCAAGCAATG-1,0.085919,0.104137,0.002836,0.04013,0.108363,0.043649,0.614967
AATGGTCCACCGTTCA-1,0.000132,0.019753,0.020731,0.045234,0.163343,0.000172,0.750634
AATGGTTCTCACAAGC-1,0.171388,0.008746,0.052897,0.000071,0.678688,0.029313,0.058898
AATGTATGGCACTGTA-1,0.18398,0.003104,0.154836,0.10431,0.046275,0.4125,0.094994
AATGTGCCCGAGGTGT-1,0.071905,0.15082,0.215761,0.186106,0.072568,0.282273,0.020569
AATGTGCTAATCTGAG-1,0.203581,0.178853,0.212763,0.102034,0.034508,0.193391,0.07487
AATGTTAAGACCCTGA-1,0.128825,0.221649,0.102171,0.273629,0.24752,0.016259,0.009948
AATGTTGTCGTGAGAC-1,0.173687,0.157637,0.00007,0.624127,0.041225,0.00007,0.003184
AATTAAAGGTCGGCGT-1,0.004956,0.708952,0.012005,0.000104,0.153099,0.065787,0.055096
AATTAACGGATTTCCA-1,0.115285,0.237447,0.050418,0.051127,0.427551,0.114968,0.003204
AATTACGAGACCCATC-1,0.003863,0.002586,0.27292,0.075727,0.133613,0.428526,0.082766
AATTACTCGTACGCTC-1,0.137652,0.186259,0.000031,0.000063,0.583788,0.063075,0.029132
AATTAGCGCTGCAGCG-1,0.379496,0.431813,0.000101,0.003856,0.184429,0.000101,0.000203
AATTATACCCAGCAAG-1,0.314006,0.449299,0.034821,0.000106,0.201608,0.000053,0.000106
AATTCATAAGGGATCT-1,0.637988,0.21257,0.000039,0.000078,0.120492,0.000039,0.028793
AATTCATTGTCATGCA-1,0.000095,0.363291,0.209887,0.092938,0.104918,0.175206,0.053665
AATTCCAACTTGGTGA-1,0.385238,0.292696,0.000105,0.000211,0.321433,0.000105,0.000211
AATTCCAAGCATGTAC-1,0.143973,0.006711,0.021219,0.205114,0.274911,0.032302,0.31577
AATTCGATTCGAGGAT-1,0.097109,0.468901,0.015909,0.203624,0.096867,0.000102,0.117489
AATTCTAGAGTTAGGC-1,0.103505,0.830548,0.000103,0.000206,0.065328,0.000103,0.000206
AATTGAACGCTCTGGT-1,0.067414,0.035425,0.026944,0.108281,0.148811,0.013565,0.59956
AATTGCAGCAATCGAC-1,0.048269,0.134199,0.036125,0.428993,0.09247,0.01279,0.247155
AATTGCGTGGATTACA-1,0.131767,0.00084,0.194916,0.181551,0.030174,0.285502,0.175251
AATTGTGGTTGCCAAA-1,0.26716,0.000014,0.000014,0.729853,0.000029,0.000148,0.002781
AATTTGGGACATAGTA-1,0.520175,0.113863,0.000033,0.000066,0.222887,0.045267,0.09771
AATTTGGTTCCAAAGA-1,0.000079,0.999287,0.000079,0.000159,0.000159,0.000079,0.000159
ACAAACCATGCGTCCT-1,0.155885,0.000819,0.016454,0.161726,0.016089,0.320156,0.328871
ACAAACCGACAAGGCG-1,0.225175,0.478514,0.000076,0.000153,0.293648,0.002282,0.000153
ACAAACTCCATCAGAG-1,0.032486,0.21661,0.132399,0.352025,0.031277,0.161104,0.074099
ACAAAGAAGGTAGGCC-1,0.105484,0.009383,0.042926,0.291145,0.03836,0.427332,0.08537
ACAAAGCATGACCTAG-1,0.369879,0.196364,0.007096,0.05405,0.295988,0.016397,0.060225
ACAAATCGCACCGAAT-1,0.144204,0.090042,0.081758,0.176586,0.484333,0.013246,0.009831
ACAAATGGTAGTGTTT-1,0.025044,0.013801,0.005248,0.170785,0.374591,0.006154,0.404376
ACAAATTCAGATCTGA-1,0.127089,0.182866,0.04271,0.143758,0.204812,0.158155,0.14061
ACAACAGCATGAGCTA-1,0.276354,0.673211,0.000118,0.000236,0.049726,0.000118,0.000236
ACAACGGTCCCTGCGA-1,0.004524,0.000016,0.000016,0.049852,0.286628,0.036108,0.622856
ACAAGCAGTGCCTAGC-1,0.003512,0.005696,0.127936,0.166294,0.418445,0.121599,0.156519
ACAAGCTATATGGAAG-1,0.035816,0.031662,0.013257,0.164454,0.082173,0.448146,0.224492
ACAAGGAAATCCGCCC-1,0.219874,0.721524,0.000105,0.057974,0.000209,0.000105,0.000209
ACAAGGACAAGAGGTT-1,0.313159,0.061036,0.000027,0.020133,0.433054,0.019308,0.153282
ACAAGGATGCTTTAGG-1,0.002731,0.000017,0.017498,0.125101,0.134049,0.02405,0.696555
ACAAGGCCTACCAGCC-1,0.365293,0.01786,0.025748,0.096309,0.05532,0.290571,0.148897
ACAAGGGCAGGCTCTG-1,0.000086,0.967321,0.020796,0.000172,0.011367,0.000086,0.000172
ACAAGTAATTGTAAGG-1,0.020353,0.381258,0.138988,0.375117,0.010408,0.015501,0.058375
ACAATAGTCGTACGTT-1,0.29549,0.01168,0.177551,0.319189,0.040035,0.147783,0.008273
ACAATCCATTTAAACC-1,0.036951,0.145633,0.022857,0.087667,0.33749,0.059956,0.309445
ACAATGAATACGGAGA-1,0.103567,0.002768,0.05439,0.135721,0.121683,0.358519,0.223351
ACAATGATTCTTCTAC-1,0.520512,0.059845,0.033196,0.080389,0.091032,0.176361,0.038665
ACAATTGTGTCTCTTT-1,0.014347,0.147025,0.244121,0.166616,0.268284,0.021647,0.137959
ACAATTTAGGAGGCTC-1,0.245305,0.092039,0.031232,0.129397,0.180667,0.262476,0.058882
ACAATTTGAGCAGTGG-1,0.294002,0.101143,0.000037,0.000074,0.453932,0.018532,0.132279
ACAATTTGGCCATATT-1,0.084303,0.004349,0.057958,0.590798,0.032848,0.021714,0.20803
ACACAAAGACGGGTGG-1,0.20343,0.787445,0.000139,0.000278,0.00829,0.000139,0.000278
ACACAAATATTCCTAG-1,0.000579,0.00008,0.023235,0.532384,0.083366,0.019485,0.34087
ACACACCAGGACCAGT-1,0.035074,0.499125,0.016897,0.033676,0.322856,0.074493,0.017879
ACACACTTTCTACACG-1,0.026373,0.420404,0.023878,0.000103,0.372211,0.071716,0.085315
ACACATGATCAAATCT-1,0.001256,0.220014,0.344995,0.246855,0.039346,0.119429,0.028104
ACACATTGACGCAACA-1,0.472911,0.193853,0.000055,0.000111,0.332903,0.000055,0.000111
ACACATTTCCGTAGAC-1,0.087289,0.521222,0.147732,0.117233,0.114691,0.000028,0.011804
ACACCACATAATTAGC-1,0.082781,0.003483,0.003107,0.327803,0.053062,0.012463,0.517302
ACACCCAGCATGCAGC-1,0.12199,0.768773,0.000087,0.000174,0.108716,0.000087,0.000174
ACACCCGAGAAATCCG-1,0.086593,0.294056,0.04218,0.026827,0.314936,0.219136,0.016272
ACACCGAGCGCTCTTT-1,0.020235,0.229626,0.004117,0.147135,0.401773,0.007698,0.189416
ACACCGGTCTGACCGC-1,0.002804,0.050216,0.183807,0.155417,0.11004,0.386368,0.111348
ACACCTTAAGTAGGGC-1,0.164546,0.02287,0.007002,0.021385,0.513289,0.050981,0.219926
ACACCTTACTACTTGC-1,0.056342,0.00001,0.012602,0.544722,0.047163,0.047354,0.291808
ACACGAGACTCCTTCT-1,0.374685,0.520036,0.000108,0.000217,0.104628,0.000108,0.000217
ACACGGCACTATGCAT-1,0.014938,0.810943,0.000098,0.000196,0.173531,0.000098,0.000196
ACACGGGAACTTAGGG-1,0.35854,0.554355,0.000131,0.000261,0.086321,0.000131,0.000261
ACACGTAGGCCACAAG-1,0.405199,0.191416,0.214325,0.140147,0.014795,0.022614,0.011504
ACACTCCAATGTCACT-1,0.007883,0.000015,0.043838,0.060389,0.663749,0.037209,0.186917
ACACTGATCAAGGTGT-1,0.182551,0.043509,0.164073,0.050442,0.210334,0.021638,0.327452
ACACTGGGACAGTCGT-1,0.249238,0.00002,0.053358,0.476676,0.00004,0.054407,0.166261
ACAGAACTGAGAACAA-1,0.139375,0.049139,0.060501,0.292951,0.054163,0.210791,0.193079
ACAGCGACATTCTCAT-1,0.432744,0.124016,0.012508,0.133973,0.214991,0.000862,0.080906
ACAGCGCACCCGCAGC-1,0.025764,0.000122,0.000018,0.045559,0.543779,0.017233,0.367525
ACAGGAGGCGCAGCCG-1,0.007118,0.050392,0.010131,0.023252,0.638685,0.096303,0.174118
ACAGGCACGGATCCTT-1,0.157565,0.040288,0.013425,0.250359,0.243542,0.00936,0.285461
ACAGGCTTGCCCGACT-1,0.30402,0.015956,0.000036,0.039874,0.539025,0.019726,0.081364
ACAGGTGGAGGTGAGG-1,0.003729,0.045389,0.115874,0.079151,0.215678,0.127665,0.412513
ACAGGTGTGTTGTTGC-1,0.123558,0.046658,0.010132,0.157161,0.165456,0.369048,0.127986
ACAGTAATACAACTTG-1,0.043594,0.024355,0.034302,0.324077,0.028611,0.435067,0.109994
ACAGTATACCGTGGGA-1,0.13113,0.052832,0.030414,0.223912,0.186488,0.05778,0.317443
ACATAAGTCGTGGTGA-1,0.019499,0.311959,0.272736,0.138358,0.094378,0.137178,0.025893
ACATAATAAGGCGGTG-1,0.274321,0.506942,0.044813,0.089785,0.083663,0.000159,0.000317
ACATACAATCAAGCGG-1,0.079652,0.063961,0.047395,0.436017,0.20224,0.003576,0.167159
ACATCAGCTGGGACGC-1,0.224363,0.000919,0.011723,0.17847,0.048407,0.384453,0.151667
ACATCCCGGCCATACG-1,0.087698,0.036558,0.133435,0.168814,0.248317,0.008876,0.316302
ACATCCTGGTAACTGT-1,0.154663,0.196997,0.128095,0.059114,0.153578,0.186084,0.121469
ACATCGATCGTTTACC-1,0.259953,0.738999,0.000131,0.000262,0.000262,0.000131,0.000262
ACATCGCAATATTCGG-1,0.337669,0.026295,0.020792,0.332891,0.062644,0.079875,0.139834
ACATCGGTCAGCCGCG-1,0.004372,0.000011,0.027963,0.032215,0.239206,0.019895,0.676337
ACATCGTATGCAATGG-1,0.002565,0.057606,0.013899,0.127252,0.458718,0.082181,0.257779
ACATCGTTAACCTAGT-1,0.000025,0.000025,0.000025,0.000049,0.538598,0.012412,0.448866
ACATCTCAACGCGTAA-1,0.055047,0.707857,0.074366,0.000128,0.162409,0.000064,0.000128
ACATGCTTACGGCAGC-1,0.645427,0.058344,0.169941,0.126159,0.000052,0.000026,0.000052
ACATGGCGCCAAAGTA-1,0.405345,0.18683,0.061021,0.012885,0.091706,0.046968,0.195246
ACATGGCTCAATTTAG-1,0.008616,0.000029,0.029209,0.003202,0.761762,0.034213,0.162969
ACATTAGTTTATATCC-1,0.022249,0.008802,0.014243,0.054977,0.459737,0.048977,0.391015
ACATTCGCGCGGAATA-1,0.004034,0.000006,0.035351,0.786427,0.005671,0.029097,0.139413
ACATTTGAAACCTAAC-1,0.024835,0.070252,0.020443,0.493201,0.143095,0.000011,0.248163
ACCAAACACCCAGCGA-1,0.604139,0.052833,0.03422,0.045584,0.072052,0.034479,0.156693
ACCAACACCACACACT-1,0.451685,0.097935,0.055946,0.009081,0.065166,0.194501,0.125686
ACCAACCGCACTCCAC-1,0.015029,0.563898,0.103834,0.257898,0.027523,0.000029,0.031789
ACCAACGCTTATTTAT-1,0.156072,0.085689,0.029022,0.151652,0.277035,0.057347,0.243183
ACCAAGAACGCGTGTC-1,0.167901,0.800125,0.000131,0.000262,0.031188,0.000131,0.000262
ACCAAGTCATCGGCAG-1,0.248874,0.469398,0.024722,0.224109,0.030503,0.000027,0.002367
ACCAATATGCAAGTTA-1,0.000066,0.594514,0.404958,0.000132,0.000132,0.000066,0.000132
ACCACAACTCAGAACA-1,0.007798,0.000013,0.000013,0.00253,0.280616,0.044252,0.664777
ACCACAAGTTTCTATC-1,0.437383,0.251301,0.000129,0.069219,0.241581,0.000129,0.000258
ACCACACGGTTGATGG-1,0.197954,0.422507,0.127755,0.217462,0.03411,0.00007,0.000141
ACCACCAATGTAACAA-1,0.36352,0.268598,0.102765,0.055155,0.056563,0.089309,0.064089
ACCACCCTCTCTTCTA-1,0.481266,0.04803,0.158742,0.057229,0.079354,0.111088,0.06429
ACCACGTGCAGCTATA-1,0.000069,0.99286,0.006585,0.000139,0.000139,0.000069,0.000139
ACCACTGTTCAAGAAG-1,0.207345,0.009585,0.000035,0.00007,0.757198,0.01902,0.006748
ACCAGACCATAACAAC-1,0.00178,0.000006,0.078112,0.24882,0.035865,0.553499,0.081918
ACCAGCCCGGTCTTTG-1,0.000076,0.999314,0.000076,0.000152,0.000152,0.000076,0.000152
ACCAGTGCCCGGTCAA-1,0.163149,0.010054,0.024109,0.053997,0.099907,0.491426,0.157357
ACCAGTGCGGGAGACG-1,0.205061,0.211641,0.023577,0.016121,0.333658,0.048034,0.161908
ACCATATCCGCAATAA-1,0.247312,0.397694,0.005095,0.000089,0.209689,0.072515,0.067606
ACCATCCGCCAACTAG-1,0.266963,0.087107,0.074955,0.199289,0.083317,0.277921,0.010449
ACCATCGTATATGGTA-1,0.174989,0.413936,0.007856,0.063398,0.296919,0.021207,0.021695
ACCATTAAGGGTGTCA-1,0.280448,0.071195,0.000023,0.000046,0.571988,0.041021,0.035279
ACCCAACGCCCGTGGC-1,0.189191,0.136134,0.09739,0.014215,0.272427,0.021239,0.269404
ACCCACCTACATGCTC-1,0.467628,0.163056,0.008979,0.00009,0.268155,0.075296,0.016796
ACCCATCTTGAGGGTA-1,0.000026,0.566041,0.000973,0.000051,0.4193,0.005615,0.007994
ACCCATTTGTCCCTCT-1,0.288351,0.292841,0.190082,0.099631,0.101056,0.000024,0.028014
ACCCGAGCGAAATTAC-1,0.01139,0.45428,0.216924,0.054387,0.066872,0.16351,0.032636
ACCCGATTGGTTCCGA-1,0.000468,0.064358,0.279375,0.284126,0.083213,0.23248,0.055979
ACCCGGAAACTCCCAG-1,0.296136,0.00207,0.000045,0.040124,0.653094,0.003566,0.004964
ACCCGGAGCACCACAA-1,0.100838,0.096306,0.133366,0.578309,0.000425,0.001507,0.089248
ACCCGGATGACGCATC-1,0.254622,0.000017,0.000017,0.101814,0.062438,0.019854,0.561239
ACCCGGTTACACTTCC-1,0.277736,0.109064,0.000047,0.000093,0.440932,0.008523,0.163606
ACCCGTAGCAGAGAAT-1,0.000006,0.000006,0.003196,0.771256,0.007311,0.049814,0.168411
ACCCGTAGTCTAGTTG-1,0.174589,0.000015,0.000015,0.816153,0.00003,0.000015,0.009181
ACCCGTGTCATCAGTA-1,0.014464,0.002508,0.004647,0.284915,0.323745,0.013966,0.355756
ACCCTATAGGACTGAG-1,0.003051,0.000025,0.000025,0.011993,0.669958,0.010356,0.304592
ACCCTATGCCATATCG-1,0.274856,0.068109,0.071791,0.145813,0.210851,0.060804,0.167776
ACCCTCCCGTCAGGGC-1,0.001461,0.050964,0.025799,0.542164,0.21651,0.002378,0.160724
ACCCTCCCTTGCTATT-1,0.000141,0.000019,0.000019,0.209579,0.082081,0.044429,0.663731
ACCCTGGTAACGCCCT-1,0.040258,0.000007,0.000011,0.094607,0.188806,0.027384,0.648926
ACCCTTCATCTGCGAA-1,0.068096,0.40829,0.056229,0.025472,0.088805,0.11714,0.235968
ACCCTTGCCTGGGTCG-1,0.406036,0.033166,0.207751,0.352858,0.000076,0.000038,0.000076
ACCCTTTAGTTCTCCA-1,0.085107,0.05248,0.000026,0.000052,0.708393,0.007842,0.146099
ACCGAAAGGGCCCTGC-1,0.002599,0.243219,0.103751,0.026308,0.54141,0.046779,0.035933
ACCGAAGAGTCTGGTT-1,0.292394,0.048235,0.066565,0.147505,0.034896,0.349404,0.061001
ACCGACACATCTCCCA-1,0.026801,0.00002,0.003336,0.185557,0.518898,0.030931,0.234457
ACCGACTGAGTCCCAC-1,0.000107,0.739693,0.099241,0.111532,0.026181,0.000107,0.02314
ACCGAGTCTCCTTATT-1,0.181442,0.184299,0.052853,0.433576,0.059645,0.012502,0.075682
ACCGATAGGCATAACC-1,0.1455,0.007129,0.032355,0.677134,0.000928,0.027887,0.109066
ACCGATATTTAATCAT-1,0.534724,0.044379,0.174063,0.22135,0.00008,0.002394,0.02301
ACCGATGGTAGCATCG-1,0.314404,0.056671,0.011236,0.149859,0.174202,0.168463,0.125166
ACCGCAATAACTGCCT-1,0.000053,0.769279,0.049254,0.037994,0.143261,0.000053,0.000106
ACCGCGGTGGAAGTCG-1,0.313599,0.49172,0.004034,0.001398,0.074022,0.027278,0.087949
ACCGCTAGTCATTGGT-1,0.000006,0.000006,0.000006,0.633951,0.004584,0.049668,0.311781
ACCGGGCCTTTGTTGA-1,0.448979,0.008968,0.003804,0.094804,0.268576,0.115449,0.059421
ACCGGTCAGGTACACC-1,0.16458,0.016438,0.15258,0.264499,0.022778,0.265877,0.113248
ACCGGTCTGAGTACGG-1,0.037872,0.303528,0.028135,0.035074,0.276524,0.218629,0.100239
ACCGTCCACTGGGCCC-1,0.110545,0.003293,0.016502,0.215105,0.058394,0.47514,0.121021
ACCGTGACCACGTGGG-1,0.097384,0.121791,0.09205,0.106213,0.041778,0.003506,0.537279
ACCTAAGTACCTTTCA-1,0.121693,0.00041,0.336233,0.115933,0.097276,0.074379,0.254075
ACCTAATCGACTTCCT-1,0.421454,0.083259,0.139865,0.000062,0.324283,0.023572,0.007505
ACCTACAGTATGTGGT-1,0.495763,0.019201,0.058396,0.194042,0.038067,0.113375,0.081154
ACCTACTATAAATCTA-1,0.09044,0.004791,0.044691,0.470359,0.217946,0.012754,0.15902
ACCTCAGCGAGGCGCA-1,0.105335,0.000016,0.013111,0.167171,0.139655,0.18847,0.386241
ACCTCCGCCCTCGCTG-1,0.252271,0.038017,0.123488,0.231263,0.092378,0.035723,0.22686
ACCTCCGTTATTCACC-1,0.067773,0.060719,0.055003,0.332733,0.074276,0.177853,0.231642
ACCTCGAACTTATGCT-1,0.106652,0.000152,0.069783,0.286256,0.018119,0.392362,0.126674
ACCTGCGTGTCATGTT-1,0.211001,0.008254,0.02175,0.301853,0.080797,0.308662,0.067683
ACGAAATGGGCGGCAC-1,0.407997,0.048153,0.106363,0.002527,0.229803,0.08815,0.117007
ACGACCCATGAGTTGC-1,0.118121,0.173215,0.104893,0.603635,0.000054,0.000027,0.000054
ACGACTCTAGGGCCGA-1,0.023151,0.074099,0.026054,0.260071,0.169152,0.002401,0.445072
ACGACTGGTCATACTC-1,0.004266,0.053972,0.270004,0.222583,0.103736,0.196594,0.148844
ACGAGAACCCATCACG-1,0.000073,0.920094,0.000073,0.000145,0.079397,0.000073,0.000145
ACGAGATATTTGCTTA-1,0.024974,0.000019,0.000019,0.015137,0.540908,0.052299,0.366644
ACGAGGATACCACTCT-1,0.010139,0.007534,0.022616,0.419605,0.034323,0.367722,0.138061
ACGAGGTTTACAACGT-1,0.03531,0.005886,0.250841,0.282734,0.021359,0.28718,0.116691
ACGAGTACGGATGCCC-1,0.428999,0.047015,0.077347,0.017987,0.107302,0.247225,0.074126
ACGAGTCGCCGGCGTT-1,0.009033,0.028206,0.000019,0.00786,0.755135,0.050764,0.148983
ACGATACATAGAACTA-1,0.161908,0.268492,0.024468,0.004,0.337403,0.182148,0.02158
ACGATACCTATCCTGA-1,0.060751,0.000009,0.000617,0.127478,0.070219,0.570445,0.170482
ACGATCATACATAGAG-1,0.027146,0.551884,0.00016,0.00032,0.21156,0.176752,0.032177
ACGATCATCTTGTAAA-1,0.472559,0.141545,0.000583,0.017008,0.076834,0.159438,0.132033
ACGATGCATATGTTAT-1,0.147597,0.448044,0.015174,0.008352,0.218226,0.141144,0.021463
ACGATGGATCCGATGC-1,0.230286,0.689027,0.000127,0.000253,0.079927,0.000127,0.000253
ACGCAAACTAATAGAT-1,0.116762,0.555174,0.06649,0.020828,0.100404,0.056298,0.084044
ACGCAATCACTACAGC-1,0.333277,0.120339,0.059043,0.097097,0.039328,0.127045,0.223872
ACGCATAAATGACATG-1,0.000459,0.000124,0.001954,0.558302,0.126221,0.061912,0.251029
ACGCATACGTTTACTA-1,0.073435,0.311008,0.09292,0.290138,0.066684,0.002208,0.163607
ACGCATTCGTGAGTAC-1,0.09756,0.485632,0.034346,0.018727,0.055372,0.042268,0.266095
ACGCCACTCGAAACAG-1,0.245829,0.010349,0.000018,0.161372,0.568731,0.000018,0.013684
ACGCCAGATGATTTCT-1,0.000048,0.284187,0.000048,0.010514,0.482002,0.089101,0.134099
ACGCCAGTGCGTTTGC-1,0.001868,0.116622,0.04192,0.638085,0.071215,0.001764,0.128525
ACGCCCAGCTGTCGAT-1,0.000095,0.999141,0.000095,0.000191,0.000191,0.000095,0.000191
ACGCCGCTAGACGACC-1,0.000116,0.776896,0.000116,0.222291,0.000232,0.000116,0.000232
ACGCCTGACACGCGCT-1,0.004144,0.048578,0.012469,0.062872,0.573711,0.111146,0.18708
ACGCGAAGTCAGACGA-1,0.049453,0.038477,0.047493,0.088124,0.602003,0.116968,0.057481
ACGCGCTACACAGGGT-1,0.004588,0.044483,0.219607,0.219117,0.182781,0.029912,0.299512
ACGCGGGCCAAGGACA-1,0.052076,0.290815,0.004234,0.0362,0.322689,0.085424,0.208563
ACGCGTTTCTTAAGAG-1,0.003854,0.087209,0.056443,0.104042,0.167155,0.417246,0.164051
ACGCTACTGAATGGGC-1,0.193812,0.000019,0.017965,0.771085,0.000039,0.015105,0.001975
ACGCTAGTGATACACT-1,0.314442,0.066928,0.052231,0.005222,0.137761,0.358168,0.065248
ACGCTGTGAGGCGTAG-1,0.136967,0.115457,0.136476,0.124834,0.033871,0.403321,0.049074
ACGCTTAGTGTCTCTC-1,0.00093,0.000025,0.000025,0.000051,0.434631,0.020563,0.543774
ACGGAACACGAGTGCC-1,0.138079,0.350932,0.07735,0.253504,0.124096,0.000033,0.056006
ACGGAATTTAGCAAAT-1,0.404543,0.28969,0.000075,0.00015,0.305318,0.000075,0.00015
ACGGACGCAGCGACAA-1,0.054692,0.002548,0.010452,0.529136,0.022052,0.078239,0.30288
ACGGACTCTCAAAGCG-1,0.000158,0.395895,0.000158,0.602999,0.000316,0.000158,0.000316
ACGGAGCGCAAATTAC-1,0.305665,0.10436,0.026507,0.034379,0.108347,0.123833,0.296908
ACGGATGGTGCGGATA-1,0.000053,0.585929,0.288853,0.000106,0.064794,0.060159,0.000106
ACGGCACTTGCTTGGG-1,0.009773,0.000024,0.002172,0.052241,0.123626,0.025064,0.787099
ACGGCCAACATGGACT-1,0.000011,0.002633,0.01097,0.234432,0.304187,0.05272,0.395048
ACGGCGACGATGGGAA-1,0.096115,0.903158,0.000091,0.000182,0.000182,0.000091,0.000182
ACGGCGGGTTGCCCTG-1,0.07586,0.923033,0.000138,0.000277,0.000277,0.000138,0.000277
ACGGCTGGATGTAGAA-1,0.296277,0.027182,0.049583,0.103463,0.077139,0.358817,0.087538
ACGGGAGTGTCGGCCC-1,0.164475,0.101643,0.073896,0.296403,0.104588,0.114128,0.144868
ACGGGCGTATGCGACA-1,0.021445,0.000007,0.001789,0.130826,0.065445,0.085707,0.694781
ACGGGTCATGTGACTT-1,0.134321,0.357906,0.169515,0.000051,0.310684,0.019413,0.00811
ACGGGTTGTGACCTGT-1,0.203523,0.075793,0.303619,0.33034,0.000046,0.064081,0.022598
ACGGTACAGTTCAATG-1,0.259019,0.313206,0.156941,0.155368,0.114987,0.000018,0.00046
ACGGTCACCGAGAACA-1,0.098721,0.024415,0.044704,0.43561,0.012943,0.219262,0.164345
ACGTACAGATTTCTCT-1,0.003855,0.994744,0.000175,0.00035,0.00035,0.000175,0.00035
ACGTACTTTGGCACGG-1,0.126147,0.015276,0.298509,0.188595,0.010278,0.284707,0.076489
ACGTAGATTGCTGATG-1,0.071445,0.482955,0.292779,0.000286,0.152106,0.000143,0.000286
ACGTAGGAGAGTCGCT-1,0.000017,0.001852,0.018379,0.353679,0.391294,0.012636,0.222144
ACGTATTACTCCGATC-1,0.132882,0.000044,0.000044,0.34676,0.033361,0.001586,0.485324
ACGTCGGGCAACTCGG-1,0.002109,0.155605,0.205855,0.554353,0.010681,0.068766,0.00263
ACGTCTCGTTCCGGGA-1,0.108928,0.000154,0.024693,0.406588,0.028718,0.28477,0.146149
