Barcode,Topic 1,Topic 2to6,Topic 7to10
AAACAAGTATCTCCCA-1,0.013604,0.630283,0.356113
AAACACCAATAACTGC-1,0.759103,0.230001,0.010896
AAACAGCTTTCAGAAG-1,0.089074,0.326898,0.584028
AAACAGGGTCTATATT-1,0.045861,0.922545,0.031594
AAACAGTGTTCCTGGG-1,0.066017,0.529068,0.404915
AAACATGGTGAGAGGA-1,0.966472,0.028522,0.005006
AAACATTTCCCGGATT-1,0.032688,0.820372,0.14694
AAACCCGAACGAAATC-1,0.000008,0.52164,0.478352
AAACCGGAAATGTTAA-1,0.00001,0.669497,0.330493
AAACCGGGTAGGTACC-1,0.110736,0.745458,0.143807
AAACCGTTCGTCCAGG-1,0.041459,0.935698,0.022843
AAACCTAAGCAGCCGG-1,0.018418,0.899149,0.082433
AAACCTCATGAAGTTG-1,0.072186,0.783065,0.144749
AAACGAAGAACATACC-1,0.04199,0.000233,0.957777
AAACGAAGATGGAGTA-1,0.632294,0.357294,0.010412
AAACGAGACGGTTGAT-1,0.018918,0.531424,0.449658
AAACGCTGGGCACGAC-1,0.034228,0.479511,0.486262
AAACGGGCGTACGGGT-1,0.067907,0.792944,0.139149
AAACGGTTGCGAACTG-1,0.028486,0.824111,0.147403
AAACTCGGTTCGCAAT-1,0.050296,0.785475,0.16423
AAACTCGTGATATAAG-1,0.015111,0.000214,0.984675
AAACTGCTGGCTCCAA-1,0.000008,0.878023,0.121968
AAACTTAATTGCACGC-1,0.961868,0.022419,0.015713
AAACTTGCAAACGTAT-1,0.175892,0.609873,0.214234
AAAGAATGACCTTAGA-1,0.922586,0.075142,0.002272
AAAGAATGTGGACTAA-1,0.027149,0.742298,0.230553
AAAGACTGGGCGCTTT-1,0.187584,0.469828,0.342588
AAAGGCCCTATAATAC-1,0.860619,0.070268,0.069113
AAAGGCTACGGACCAT-1,0.040162,0.797315,0.162523
AAAGGCTCTCGCGCCG-1,0.075886,0.69999,0.224124
AAAGGGATGTAGCAAG-1,0.000017,0.781913,0.21807
AAAGGGCAGCTTGAAT-1,0.020915,0.025489,0.953595
AAAGTAGCATTGCTCA-1,0.245109,0.547017,0.207874
AAAGTCGACCCTCAGT-1,0.020772,0.70244,0.276787
AAAGTGCCATCAATTA-1,0.009029,0.363258,0.627713
AAAGTGTGATTTATCT-1,0.000079,0.729805,0.270115
AAAGTTGACTCCCGTA-1,0.000009,0.897574,0.102417
AAATAAGGTAGTGCCC-1,0.000014,0.388919,0.611067
AAATACCTATAAGCAT-1,0.002004,0.762893,0.235103
AAATAGCTTAGACTTT-1,0.000013,0.846577,0.15341
AAATAGGGTGCTATTG-1,0.003016,0.857932,0.139052
AAATCCGATACACGCC-1,0.00565,0.855131,0.139219
AAATCGCGGAAGGAGT-1,0.86755,0.074998,0.057452
AAATCGTGTACCACAA-1,0.000732,0.56808,0.431189
AAATCTAGCCCTGCTA-1,0.00001,0.874235,0.125756
AAATCTGCCCGCGTCC-1,0.999896,0.000058,0.000046
AAATGACTGATCAAAC-1,0.087385,0.394943,0.517671
AAATGCTCGTTACGTT-1,0.000048,0.114296,0.885656
AAATGGCCCGTGCCCT-1,0.217575,0.352503,0.429922
AAATGGTCAATGTGCC-1,0.000021,0.345774,0.654205
AAATGTATCTTATCCC-1,0.007121,0.623937,0.368941
AAATTAACGGGTAGCT-1,0.032982,0.434654,0.532364
AAATTAATAAGCGCGA-1,0.006701,0.519191,0.474108
AAATTACCTATCGATG-1,0.000017,0.59361,0.406373
AAATTCCAGGTCCAAA-1,0.021078,0.697496,0.281426
AAATTGATAGTCCTTT-1,0.079191,0.449168,0.471641
AAATTTGCGGGTGTGG-1,0.015583,0.641338,0.343079
AACAACTGGTAGTTGC-1,0.015561,0.701542,0.282897
AACAATACATTGTCGA-1,0.025939,0.803024,0.171037
AACAATTACTCTACGC-1,0.019562,0.222315,0.758123
AACACACGCTCGCCGC-1,0.007539,0.45342,0.539042
AACACGACTGTACTGA-1,0.126927,0.006816,0.866257
AACACGAGACGCGGCC-1,0.432387,0.464248,0.103365
AACAGCTGTGTGGCAA-1,0.1468,0.755454,0.097746
AACAGGAAATCGAATA-1,0.081998,0.000377,0.917625
AACAGGATGGGCCGCG-1,0.015858,0.718947,0.265196
AACAGGTAGTATGGAT-1,0.001636,0.501221,0.497143
AACATAGCGTGTATCG-1,0.085813,0.659873,0.254314
AACATATCAACTGGTG-1,0.000022,0.482978,0.517
AACATTGAAGTTGATC-1,0.525023,0.457867,0.017111
AACATTGTGACTCGAG-1,0.099134,0.204672,0.696194
AACCAAGACTTCTCTG-1,0.122299,0.519121,0.35858
AACCATAGGGTTGAAC-1,0.970417,0.019388,0.010195
AACCATGGGATCGCTA-1,0.00002,0.385118,0.614862
AACCCAGAGACGGAGA-1,0.000031,0.275267,0.724702
AACCCATCCCATGATC-1,0.943859,0.024634,0.031507
AACCCGACAACCCGTG-1,0.257747,0.341314,0.400939
AACCCGAGCAGAATCG-1,0.103696,0.279656,0.616648
AACCCGCTGTATTCCA-1,0.034574,0.323221,0.642205
AACCCTACTGTCAATA-1,0.026284,0.426182,0.547534
AACCCTGGTGGAACCA-1,0.000014,0.328722,0.671263
AACCGAGCTTGGTCAT-1,0.000024,0.635652,0.364324
AACCGCTAAGGGATGC-1,0.059946,0.598027,0.342027
AACCGTTGTGTTTGCT-1,0.086271,0.000301,0.913429
AACCTCGCTTTAGCCC-1,0.000006,0.961215,0.038779
AACCTGTCACGGAATT-1,0.000016,0.395825,0.604158
AACCTTTAAATACGGT-1,0.00001,0.913991,0.085999
AACGAAAGTCGTCCCA-1,0.837521,0.003133,0.159346
AACGACCTCCTAGCCG-1,0.086672,0.57098,0.342349
AACGATAATGCCGTAG-1,0.001614,0.671742,0.326644
AACGATAGAAGGGCCG-1,0.000065,0.000324,0.999612
AACGATATGTCAACTG-1,0.000025,0.226509,0.773466
AACGCATGATCTGGGT-1,0.112091,0.000425,0.887484
AACGCGACCTTGGGCG-1,0.063103,0.523498,0.413399
AACGCGGTCTCCAGCC-1,0.007804,0.125727,0.866469
AACGCTGTTGCTGAAA-1,0.000008,0.973335,0.026657
AACGGACGTACGTATA-1,0.003398,0.680659,0.315943
AACGGCCATCTCCGGT-1,0.021228,0.749918,0.228855
AACGTACTGTGGGTAC-1,0.000007,0.917347,0.082645
AACGTCAGACTAGTGG-1,0.000031,0.420698,0.579271
AACGTCATCCGGCTTG-1,0.032924,0.822797,0.144278
AACGTCGCTGCACTTC-1,0.034127,0.915555,0.050318
AACGTGCGAAAGTCTC-1,0.034977,0.663616,0.301407
AACGTTATCAGCACCT-1,0.00004,0.354301,0.645659
AACGTTCTACCATTGT-1,0.015563,0.486469,0.497968
AACTACCCGTTTGTCA-1,0.035108,0.629896,0.334996
AACTAGGCTTGGGTGT-1,0.048476,0.720305,0.231219
AACTCAAGTTAATTGC-1,0.073316,0.71918,0.207504
AACTCCAGAGCGTGTT-1,0.000011,0.754944,0.245045
AACTCGATGGCGCAGT-1,0.060972,0.000186,0.938843
AACTCTCAATAGAGCG-1,0.052759,0.532399,0.414842
AACTCTCAGTGTGCTC-1,0.013006,0.606817,0.380177
AACTGAGTTATACTGA-1,0.014457,0.377561,0.607982
AACTGATATTAGGCCT-1,0.019292,0.000452,0.980256
AACTGGGTCCCGACGT-1,0.000019,0.709914,0.290067
AACTTCTGCGTCTATC-1,0.13875,0.196938,0.664312
AACTTGCCCGTATGCA-1,0.000011,0.626521,0.373467
AACTTGCGTTCTCGCG-1,0.000018,0.258259,0.741723
AACTTTACGGGAGCTT-1,0.028104,0.472023,0.499872
AAGAAAGTTTGATGGG-1,0.991489,0.000101,0.008409
AAGAAGGATCAGTTAG-1,0.000414,0.00024,0.999346
AAGACATACGTGGTTT-1,0.00001,0.792394,0.207596
AAGACCAAATAACTCA-1,0.934542,0.047049,0.018408
AAGACCCAACTGAACA-1,0.005303,0.889707,0.10499
AAGACTGCAAGCTACT-1,0.063145,0.40884,0.528015
AAGAGATGAATCGGTA-1,0.012583,0.249953,0.737463
AAGAGCTCTTTATCGG-1,0.000016,0.681215,0.318769
AAGAGGATGTACGCGA-1,0.001469,0.96366,0.034871
AAGAGGCATGGATCGC-1,0.025282,0.555009,0.419709
AAGAGGCCCTTTGGAA-1,0.01732,0.737691,0.244988
AAGATGGCACCGGACC-1,0.071902,0.785874,0.142224
AAGATTGGCGGAACGT-1,0.000012,0.901968,0.09802
AAGCACCCTGCGTATC-1,0.006278,0.69593,0.297791
AAGCATACTCTCCTGA-1,0.000704,0.922738,0.076558
AAGCCACTTGCAGGTA-1,0.223911,0.258693,0.517395
AAGCCGAAGCGGTTTA-1,0.004486,0.385082,0.610432
AAGCCGCCGTGAAATC-1,0.760995,0.11158,0.127426
AAGCCGGAGAGCAGGA-1,0.021534,0.723734,0.254732
AAGCGCAGGGCTTTGA-1,0.000073,0.79652,0.203407
AAGCGTCCCTCATCGA-1,0.064078,0.690451,0.245471
AAGCTAGATCGAGTAA-1,0.072988,0.55762,0.369392
AAGCTATGGATTGACC-1,0.878753,0.109508,0.011738
AAGCTCGTGCCAAGTC-1,0.000606,0.460601,0.538793
AAGCTCTTTCATGGTG-1,0.000013,0.873267,0.12672
AAGGAGCGGTTGGTGC-1,0.000014,0.939255,0.060731
AAGGATCGATCGCTTG-1,0.000024,0.412671,0.587305
AAGGATGAGGGACCTC-1,0.000016,0.642557,0.357427
AAGGCAGGCTGTCTCC-1,0.000525,0.568154,0.431321
AAGGCGCGTAAAGCTT-1,0.008672,0.106533,0.884796
AAGGCTGTGCTCATCG-1,0.131189,0.402377,0.466434
AAGGGAACGACTGGCT-1,0.66221,0.191774,0.146016
AAGGGACAGATTCTGT-1,0.000033,0.321597,0.67837
AAGGGACTATGCATTC-1,0.663079,0.064024,0.272897
AAGGGTTAGCCATGCG-1,0.014266,0.479872,0.505861
AAGGGTTTGATTTCAG-1,0.869392,0.071386,0.059223
AAGGTATCCTAATATA-1,0.000016,0.943661,0.056323
AAGGTGATAAACCAGC-1,0.003991,0.642981,0.353029
AAGTAGAAGACCGGGT-1,0.025296,0.249156,0.725548
AAGTAGTGACGCGAGG-1,0.000016,0.467372,0.532612
AAGTCAATTGTCGTCA-1,0.01063,0.353867,0.635504
AAGTCTTCTGTGGCCT-1,0.006069,0.498149,0.495782
AAGTGACGACCGAATT-1,0.020352,0.753243,0.226405
AAGTGAGTCGGGTTTA-1,0.000008,0.963649,0.036343
AAGTGCAAAGGTAGAC-1,0.071046,0.558226,0.370728
AAGTGCCTTGACTGTA-1,0.000011,0.353014,0.646976
AAGTGCGTTAGAATCT-1,0.122745,0.406806,0.47045
AAGTGCTTCTCTATTG-1,0.007244,0.699778,0.292978
AAGTGTTTGGAGACGG-1,0.080809,0.787489,0.131701
AAGTTCACTCCAAGCT-1,0.033327,0.782017,0.184656
AAGTTCGGCCAACAGG-1,0.088414,0.709802,0.201783
AAGTTGTGATGTTATA-1,0.028338,0.648116,0.323546
AAGTTTATGGGCCCAA-1,0.000007,0.794363,0.20563
AATAACAACGCTCGGC-1,0.041283,0.427595,0.531123
AATAACACTAGAACAA-1,0.094336,0.796953,0.108711
AATAACGTCGCGCCCA-1,0.010488,0.56489,0.424622
AATAAGTCCTCGAGAC-1,0.058076,0.000322,0.941602
AATAATCTTCGTATCG-1,0.0259,0.703244,0.270855
AATACAATGTTTCAGG-1,0.00002,0.769635,0.230345
AATACCGGAGGGCTGT-1,0.015119,0.888647,0.096234
AATACCTGATGTGAAC-1,0.113986,0.713785,0.172229
AATAGAACAGAGTGGC-1,0.000289,0.962621,0.03709
AATAGAATCTGTTTCA-1,0.031798,0.542118,0.426084
AATAGGCACGACCCTT-1,0.122607,0.518838,0.358555
AATAGTCCGTCCCGAC-1,0.041284,0.883453,0.075263
AATAGTCGCGAGTCGG-1,0.000015,0.314192,0.685792
AATATCCTAGCAAACT-1,0.357367,0.447368,0.195266
AATATCGAATCAATGC-1,0.00284,0.632026,0.365134
AATATCGAGGGTTCTC-1,0.000038,0.370718,0.629244
AATATTGGAGTATTGA-1,0.01555,0.827591,0.156859
AATCAGGTTTCATTTA-1,0.012543,0.953825,0.033632
AATCATGTAAAGACTC-1,0.003191,0.757371,0.239438
AATCCAAGGGCCTGAG-1,0.054856,0.000235,0.94491
AATCCCGCTCAGAGCC-1,0.067535,0.276317,0.656148
AATCGAGGTCTCAAGG-1,0.04085,0.867654,0.091496
AATCGCCTCAGCGCCA-1,0.068878,0.606423,0.3247
AATCGCGCAGAGGACT-1,0.00163,0.281571,0.716799
AATCGGTATAGCCCTC-1,0.032494,0.577845,0.389661
AATCGTGAGCCGAGCA-1,0.000007,0.945706,0.054287
AATCTAGGTTTACTTG-1,0.65818,0.087633,0.254187
AATCTATGCCGGAGCC-1,0.000024,0.354252,0.645724
AATCTCTACTGTGGTT-1,0.020666,0.943388,0.035945
AATCTGCGTTGGGACG-1,0.024743,0.753852,0.221405
AATCTGGCTTTCTAGT-1,0.207356,0.578187,0.214457
AATGACAGCAATGTCT-1,0.265379,0.28731,0.447311
AATGACGTAGGATGTC-1,0.004271,0.778036,0.217693
AATGACTGTCAGCCGG-1,0.005381,0.535771,0.458848
AATGAGTTCGCATATG-1,0.000036,0.487483,0.51248
AATGATGATACGCTAT-1,0.000018,0.745732,0.25425
AATGATGCGACTCCTG-1,0.000016,0.743301,0.256683
AATGCAACCGGGTACC-1,0.002479,0.645383,0.352138
AATGCACCAAGCAATG-1,0.042544,0.000274,0.957182
AATGGTCCACCGTTCA-1,0.013317,0.514665,0.472018
AATGGTTCTCACAAGC-1,0.024433,0.300977,0.67459
AATGTATGGCACTGTA-1,0.800393,0.184446,0.015161
AATGTGCCCGAGGTGT-1,0.221336,0.307261,0.471402
AATGTGCTAATCTGAG-1,0.015999,0.841546,0.142454
AATGTTAAGACCCTGA-1,0.002694,0.81206,0.185246
AATGTTGTCGTGAGAC-1,0.000011,0.898222,0.101767
AATTAAAGGTCGGCGT-1,0.016406,0.795183,0.188411
AATTAACGGATTTCCA-1,0.012784,0.861033,0.126183
AATTACGAGACCCATC-1,0.787571,0.128834,0.083595
AATTACTCGTACGCTC-1,0.150648,0.000316,0.849036
AATTAGCGCTGCAGCG-1,0.004803,0.924118,0.071079
AATTATACCCAGCAAG-1,0.103701,0.43146,0.464839
AATTCATAAGGGATCT-1,0.000024,0.491808,0.508168
AATTCATTGTCATGCA-1,0.639908,0.357639,0.002453
AATTCCAAGCATGTAC-1,0.0943,0.624959,0.280741
AATTCGATTCGAGGAT-1,0.004638,0.861335,0.134027
AATTCTAGAGTTAGGC-1,0.027983,0.80664,0.165377
AATTGAACGCTCTGGT-1,0.019673,0.346431,0.633897
AATTGCAGCAATCGAC-1,0.002276,0.772535,0.225189
AATTGCGTGGATTACA-1,0.867918,0.000091,0.131991
AATTGTGGTTGCCAAA-1,0.004207,0.496593,0.499199
AATTTGGTTCCAAAGA-1,0.143989,0.000438,0.855573
ACAAACCATGCGTCCT-1,0.882873,0.031925,0.085202
ACAAACTCCATCAGAG-1,0.042243,0.427631,0.530127
ACAAAGAAGGTAGGCC-1,0.427702,0.079935,0.492363
ACAAAGCATGACCTAG-1,0.008522,0.456553,0.534925
ACAAATCGCACCGAAT-1,0.00452,0.838584,0.156897
ACAAATGGTAGTGTTT-1,0.032702,0.245712,0.721586
ACAACAGCATGAGCTA-1,0.019446,0.441588,0.538965
ACAACGGTCCCTGCGA-1,0.027259,0.544463,0.428279
ACAAGCAGTGCCTAGC-1,0.036856,0.856682,0.106462
ACAAGCTATATGGAAG-1,0.063306,0.809145,0.127549
ACAAGGAAATCCGCCC-1,0.00001,0.846569,0.153422
ACAAGGACAAGAGGTT-1,0.000107,0.468549,0.531345
ACAAGGATGCTTTAGG-1,0.012869,0.896064,0.091067
ACAAGGGCAGGCTCTG-1,0.010405,0.619898,0.369697
ACAAGTAATTGTAAGG-1,0.99969,0.000063,0.000247
ACAATAGTCGTACGTT-1,0.002487,0.730599,0.266914
ACAATCCATTTAAACC-1,0.199803,0.508845,0.291352
ACAATGAATACGGAGA-1,0.13712,0.518289,0.344591
ACAATTGTGTCTCTTT-1,0.054668,0.799615,0.145718
ACAATTTAGGAGGCTC-1,0.003213,0.576913,0.419874
ACAATTTGAGCAGTGG-1,0.000012,0.869362,0.130626
ACAATTTGGCCATATT-1,0.000007,0.598859,0.401133
ACACAAAGACGGGTGG-1,0.014921,0.150536,0.834543
ACACACCAGGACCAGT-1,0.079885,0.175873,0.744242
ACACACTTTCTACACG-1,0.061003,0.000435,0.938562
ACACATGATCAAATCT-1,0.913242,0.031395,0.055363
ACACATTGACGCAACA-1,0.057209,0.000322,0.942469
ACACATTTCCGTAGAC-1,0.000009,0.951465,0.048526
ACACCACATAATTAGC-1,0.000015,0.54357,0.456414
ACACCCAGCATGCAGC-1,0.002434,0.465606,0.53196
ACACCCGAGAAATCCG-1,0.000021,0.485589,0.51439
ACACCGAGCGCTCTTT-1,0.158037,0.619333,0.22263
ACACCGGTCTGACCGC-1,0.80844,0.133136,0.058425
ACACCTTAAGTAGGGC-1,0.035013,0.391156,0.573831
ACACCTTACTACTTGC-1,0.000027,0.439429,0.560544
ACACGAGACTCCTTCT-1,0.000018,0.751919,0.248062
ACACGGCACTATGCAT-1,0.00002,0.073677,0.926303
ACACGGGAACTTAGGG-1,0.000022,0.753917,0.246061
ACACGTAGGCCACAAG-1,0.000008,0.858429,0.141563
ACACTCCAATGTCACT-1,0.000041,0.476618,0.52334
ACACTGATCAAGGTGT-1,0.000012,0.956962,0.043026
ACACTGGGACAGTCGT-1,0.01771,0.182676,0.799613
ACAGAACTGAGAACAA-1,0.238196,0.068268,0.693536
ACAGCGACATTCTCAT-1,0.032744,0.697198,0.270058
ACAGCGCACCCGCAGC-1,0.000041,0.000207,0.999752
ACAGGAGGCGCAGCCG-1,0.000017,0.444952,0.555031
ACAGGCACGGATCCTT-1,0.017728,0.758287,0.223986
ACAGGCTTGCCCGACT-1,0.000016,0.813025,0.186959
ACAGGTGGAGGTGAGG-1,0.037512,0.510042,0.452446
ACAGGTGTGTTGTTGC-1,0.084629,0.164789,0.750582
ACAGTAATACAACTTG-1,0.248315,0.451062,0.300622
ACATAAGTCGTGGTGA-1,0.954757,0.015429,0.029814
ACATAATAAGGCGGTG-1,0.019397,0.337655,0.642947
ACATACAATCAAGCGG-1,0.156424,0.599715,0.243861
ACATCAGCTGGGACGC-1,0.079372,0.858978,0.06165
ACATCCCGGCCATACG-1,0.000008,0.962565,0.037427
ACATCCTGGTAACTGT-1,0.000019,0.383055,0.616926
ACATCGATCGTTTACC-1,0.001037,0.750892,0.248071
ACATCGCAATATTCGG-1,0.588922,0.120773,0.290304
ACATCGGTCAGCCGCG-1,0.09441,0.863701,0.041888
ACATCGTATGCAATGG-1,0.000009,0.921215,0.078776
ACATCGTTAACCTAGT-1,0.085846,0.000131,0.914023
ACATGCTTACGGCAGC-1,0.905144,0.088797,0.006059
ACATGGCGCCAAAGTA-1,0.002004,0.331048,0.666948
ACATTAGTTTATATCC-1,0.00825,0.663832,0.327917
ACATTCGCGCGGAATA-1,0.690077,0.049045,0.260878
ACATTTGAAACCTAAC-1,0.036213,0.614303,0.349484
ACCAACCGCACTCCAC-1,0.008725,0.470289,0.520986
ACCAACGCTTATTTAT-1,0.005938,0.968854,0.025208
ACCAAGAACGCGTGTC-1,0.000031,0.292304,0.707666
ACCAAGTCATCGGCAG-1,0.061479,0.913469,0.025052
ACCAATATGCAAGTTA-1,0.021699,0.682121,0.29618
ACCACAAGTTTCTATC-1,0.000014,0.830529,0.169457
ACCACACGGTTGATGG-1,0.008959,0.704709,0.286332
ACCACCAATGTAACAA-1,0.043243,0.647151,0.309606
ACCACGTGCAGCTATA-1,0.000014,0.734075,0.265911
ACCACTGTTCAAGAAG-1,0.060976,0.000234,0.93879
ACCAGACCATAACAAC-1,0.066815,0.602511,0.330674
ACCAGTGCGGGAGACG-1,0.076554,0.437779,0.485667
ACCATATCCGCAATAA-1,0.0837,0.330227,0.586073
ACCATCCGCCAACTAG-1,0.333904,0.423403,0.242693
ACCATCGTATATGGTA-1,0.004999,0.876297,0.118704
ACCATTAAGGGTGTCA-1,0.000027,0.502897,0.497076
ACCCAACGCCCGTGGC-1,0.034521,0.506947,0.458533
ACCCACCTACATGCTC-1,0.025777,0.550013,0.42421
ACCCATCTTGAGGGTA-1,0.024532,0.400896,0.574572
ACCCATTTGTCCCTCT-1,0.00002,0.538591,0.461389
ACCCGAGCGAAATTAC-1,0.366256,0.011934,0.62181
ACCCGATTGGTTCCGA-1,0.004621,0.802753,0.192626
ACCCGGAAACTCCCAG-1,0.008464,0.674366,0.31717
ACCCGGAGCACCACAA-1,0.000062,0.658149,0.341789
ACCCGGATGACGCATC-1,0.02553,0.669075,0.305395
ACCCGGTTACACTTCC-1,0.000012,0.946166,0.053822
ACCCGTAGCAGAGAAT-1,0.979971,0.000063,0.019966
ACCCGTAGTCTAGTTG-1,0.062749,0.547386,0.389865
ACCCGTGTCATCAGTA-1,0.124209,0.595334,0.280457
ACCCTATAGGACTGAG-1,0.027571,0.000419,0.972011
ACCCTATGCCATATCG-1,0.098162,0.89754,0.004298
ACCCTCCCGTCAGGGC-1,0.052112,0.584569,0.363319
ACCCTCCCTTGCTATT-1,0.016797,0.701786,0.281417
ACCGAAGAGTCTGGTT-1,0.642484,0.346219,0.011296
ACCGACACATCTCCCA-1,0.041225,0.905089,0.053687
ACCGACTGAGTCCCAC-1,0.025784,0.393481,0.580735
ACCGAGTCTCCTTATT-1,0.010695,0.935971,0.053334
ACCGATAGGCATAACC-1,0.059809,0.24813,0.692061
ACCGATATTTAATCAT-1,0.003944,0.510797,0.485259
ACCGATGGTAGCATCG-1,0.007212,0.903059,0.089729
ACCGCAATAACTGCCT-1,0.040111,0.59076,0.36913
ACCGCGGTGGAAGTCG-1,0.009633,0.725881,0.264486
ACCGCTAGTCATTGGT-1,0.061562,0.828717,0.109721
ACCGGGCCTTTGTTGA-1,0.027064,0.373045,0.59989
ACCGGTCAGGTACACC-1,0.852285,0.010585,0.13713
ACCGTCCACTGGGCCC-1,0.975354,0.017912,0.006734
ACCGTGACCACGTGGG-1,0.018711,0.789399,0.19189
ACCTAAGTACCTTTCA-1,0.11509,0.778668,0.106242
ACCTAATCGACTTCCT-1,0.000023,0.677453,0.322524
ACCTACAGTATGTGGT-1,0.000017,0.568287,0.431696
ACCTACTATAAATCTA-1,0.063561,0.843394,0.093045
ACCTCAGCGAGGCGCA-1,0.038344,0.576383,0.385273
ACCTCCGCCCTCGCTG-1,0.046877,0.614831,0.338292
ACCTCCGTTATTCACC-1,0.005653,0.429615,0.564733
ACCTCGAACTTATGCT-1,0.979449,0.009467,0.011084
ACCTGCGTGTCATGTT-1,0.061661,0.908511,0.029829
ACGAAATGGGCGGCAC-1,0.034727,0.638774,0.326499
ACGACCCATGAGTTGC-1,0.061729,0.211079,0.727192
ACGACTCTAGGGCCGA-1,0.043807,0.854858,0.101335
ACGACTGGTCATACTC-1,0.043905,0.649352,0.306744
ACGAGATATTTGCTTA-1,0.04048,0.000222,0.959298
ACGAGGATACCACTCT-1,0.125803,0.842993,0.031205
ACGAGGTTTACAACGT-1,0.932378,0.057128,0.010495
ACGAGTACGGATGCCC-1,0.005281,0.791693,0.203026
ACGATACATAGAACTA-1,0.000034,0.384216,0.61575
ACGATACCTATCCTGA-1,0.025564,0.514888,0.459548
ACGATCATACATAGAG-1,0.028322,0.793388,0.17829
ACGATCATCTTGTAAA-1,0.000126,0.386609,0.613265
ACGATGCATATGTTAT-1,0.213781,0.199547,0.586672
ACGATGGATCCGATGC-1,0.082436,0.037014,0.880549
ACGCAAACTAATAGAT-1,0.04705,0.602804,0.350146
ACGCAATCACTACAGC-1,0.00439,0.156627,0.838983
ACGCATACGTTTACTA-1,0.101896,0.759075,0.139029
ACGCATTCGTGAGTAC-1,0.000021,0.567071,0.432908
ACGCCACTCGAAACAG-1,0.004875,0.772014,0.223111
ACGCCAGATGATTTCT-1,0.060664,0.000417,0.938919
ACGCCAGTGCGTTTGC-1,0.034301,0.392768,0.572931
ACGCCGCTAGACGACC-1,0.118181,0.545874,0.335944
ACGCCTGACACGCGCT-1,0.000015,0.5843,0.415685
ACGCGAAGTCAGACGA-1,0.000007,0.971778,0.028215
ACGCGCTACACAGGGT-1,0.021644,0.755415,0.22294
ACGCGGGCCAAGGACA-1,0.004405,0.563767,0.431828
ACGCGTTTCTTAAGAG-1,0.00133,0.872262,0.126408
ACGCTACTGAATGGGC-1,0.053611,0.252336,0.694053
ACGCTAGTGATACACT-1,0.000021,0.806621,0.193358
ACGCTGTGAGGCGTAG-1,0.074052,0.713184,0.212764
ACGGAACACGAGTGCC-1,0.036005,0.435278,0.528717
ACGGAATTTAGCAAAT-1,0.000021,0.659179,0.340801
ACGGACGCAGCGACAA-1,0.909707,0.071221,0.019072
ACGGACTCTCAAAGCG-1,0.000008,0.925932,0.074061
ACGGATGGTGCGGATA-1,0.028035,0.79038,0.181585
ACGGCACTTGCTTGGG-1,0.00393,0.6498,0.34627
ACGGCCAACATGGACT-1,0.117664,0.687008,0.195328
ACGGCGACGATGGGAA-1,0.021176,0.809196,0.169628
ACGGCTGGATGTAGAA-1,0.838701,0.02928,0.132019
ACGGGAGTGTCGGCCC-1,0.232792,0.354362,0.412846
ACGGGTCATGTGACTT-1,0.000026,0.425193,0.574781
ACGGGTTGTGACCTGT-1,0.971708,0.000062,0.02823
ACGGTACAGTTCAATG-1,0.035288,0.58625,0.378461
ACGGTCACCGAGAACA-1,0.94747,0.009067,0.043463
ACGTACAGATTTCTCT-1,0.099922,0.000445,0.899633
ACGTACTTTGGCACGG-1,0.023236,0.952184,0.02458
ACGTAGATTGCTGATG-1,0.018347,0.325684,0.655969
ACGTAGGAGAGTCGCT-1,0.089838,0.710185,0.199977
ACGTATTACTCCGATC-1,0.000019,0.617861,0.382119
ACGTCGGGCAACTCGG-1,0.958852,0.040863,0.000284
ACGTCTCGTTCCGGGA-1,0.071227,0.181282,0.747491
ACGTGACAAAGTAAGT-1,0.373717,0.581982,0.044302
ACGTGCGCCTCGTGCA-1,0.000059,0.128562,0.871379
ACGTTAATGTCGAAGA-1,0.19138,0.227274,0.581347
ACGTTAGATTTGCCCG-1,0.000013,0.97454,0.025448
ACGTTATTGGTCACTC-1,0.000033,0.548115,0.451852
ACGTTCACTATGCCGC-1,0.004479,0.857734,0.137787
ACGTTCGCAATCAATT-1,0.008359,0.783339,0.208303
ACGTTCGTTCAGGAAA-1,0.024995,0.637876,0.33713
ACGTTCTGTACAAGTC-1,0.019635,0.79226,0.188105
ACGTTGTCGTTGAAAG-1,0.226127,0.278593,0.49528
ACGTTTAGTTGTGATC-1,0.132253,0.000381,0.867366
ACGTTTCGGTGCACTT-1,0.181081,0.142395,0.676524
ACTACAAAGAGAGGTG-1,0.052467,0.736892,0.210641
ACTACATCCCGACAAG-1,0.985575,0.004665,0.00976
ACTACCAGCTCTCTGG-1,0.014877,0.64775,0.337372
ACTACCATCCGAGGGC-1,0.258203,0.46537,0.276427
ACTACGCGTTAGAATT-1,0.005251,0.621329,0.37342
ACTAGTTGCGATCGTC-1,0.110336,0.42669,0.462974
ACTATCCAGGGCATGG-1,0.000022,0.55378,0.446198
ACTATCGCCGGCTAAA-1,0.022138,0.508729,0.469132
ACTATCTGCCCGCGTA-1,0.020498,0.415021,0.564481
ACTATGTCCAGCTGCC-1,0.378187,0.479038,0.142776
ACTATTTCCGGGCCCA-1,0.037676,0.83655,0.125774
ACTCAAGTGCAAGGCT-1,0.001832,0.884705,0.113464
ACTCAATAAAGGCACG-1,0.000022,0.709775,0.290203
ACTCATGGCAGCCTTC-1,0.947333,0.004179,0.048489
ACTCCAATATCATCAT-1,0.207998,0.134488,0.657515
ACTCCCATTCCTAAAG-1,0.319752,0.311873,0.368375
ACTCCCGAATTCGTTT-1,0.000038,0.340726,0.659235
ACTCCCTAATGCTAAA-1,0.000008,0.864327,0.135664
ACTCCCTAGAATAGTA-1,0.060642,0.81049,0.128868
ACTCCGGCCGACCACT-1,0.024794,0.632829,0.342376
ACTCGATGTATTTCAT-1,0.01249,0.246587,0.740923
ACTCGCCGTTCGATAA-1,0.005098,0.764145,0.230757
ACTCGCGATCTGACGC-1,0.000004,0.958572,0.041424
ACTCGTAACCCGTCCT-1,0.182262,0.439239,0.378499
ACTCGTCAGTAATCCC-1,0.000014,0.797583,0.202404
ACTCTAAACCTGGGAT-1,0.015362,0.521232,0.463407
ACTCTCTGACTTAGGT-1,0.003316,0.418748,0.577936
ACTCTGACCTAATAGA-1,0.000012,0.807351,0.192637
ACTCTTCAGCTCCCGC-1,0.1247,0.369604,0.505696
ACTCTTGTATAGTAAC-1,0.000021,0.494054,0.505926
ACTGAAACGCCGTTAG-1,0.028767,0.682238,0.288994
ACTGAATGGCGAAAGT-1,0.000009,0.942604,0.057387
ACTGCCCGCCATTCTC-1,0.279851,0.599248,0.120901
ACTGCCGTCGTAACTC-1,0.003783,0.125367,0.87085
ACTGCGGACACACCGT-1,0.012409,0.873149,0.114442
ACTGCTCGGAAGGATG-1,0.744911,0.118107,0.136981
ACTGGGATGCCAGTGC-1,0.090536,0.707912,0.201552
ACTGTACGATACACAT-1,0.000021,0.773594,0.226386
ACTGTAGCACTTTGGA-1,0.081066,0.554731,0.364202
ACTGTCCAGGATTATA-1,0.000012,0.796665,0.203323
ACTGTCTTCTTTAGAA-1,0.039464,0.583647,0.376889
ACTGTGCTAGTAGATC-1,0.01856,0.00034,0.9811
ACTTACGCATCCACGC-1,0.053151,0.868794,0.078055
ACTTAGTACGACAAGA-1,0.004087,0.040507,0.955407
ACTTATACTTACCCGG-1,0.006087,0.74226,0.251654
ACTTATTAGGATCGGT-1,0.065395,0.872355,0.06225
ACTTATTTATGTGCCA-1,0.025884,0.38771,0.586407
ACTTCAGGCTGATCCC-1,0.000015,0.901986,0.097999
ACTTCCAGTGGAAGCT-1,0.580502,0.405504,0.013994
ACTTCCATGCGGGACA-1,0.003657,0.733389,0.262954
ACTTCGCCATACGCAC-1,0.000027,0.348902,0.651071
ACTTCGCTAGCGAGTG-1,0.039932,0.05585,0.904218
ACTTGACTCCCTCTTT-1,0.12324,0.445278,0.431481
ACTTGCTCTATCTACC-1,0.993464,0.006481,0.000055
ACTTGGGACCCGGTGG-1,0.066738,0.320387,0.612876
ACTTGGGCTTTCGCCA-1,0.005845,0.684968,0.309187
ACTTGTAGTCCCTTCA-1,0.09554,0.660968,0.243491
ACTTGTGGATGGAACG-1,0.054698,0.228063,0.717239
ACTTGTTACCGGATCA-1,0.05029,0.848412,0.101299
ACTTTACCCTCATGAA-1,0.007895,0.39406,0.598045
ACTTTATACACCACTT-1,0.965733,0.0342,0.000068
ACTTTCCTATAGCTTC-1,0.046008,0.664663,0.289329
ACTTTGACTGCATCCT-1,0.051275,0.749216,0.19951
ACTTTGGTCGTGCTCC-1,0.995191,0.00006,0.004749
ACTTTGTCGACGCACT-1,0.023654,0.610669,0.365677
AGAAATTATGACTCGC-1,0.021622,0.480435,0.497943
AGAACACGGCGATGGT-1,0.995808,0.000078,0.004114
AGAACCCAGCGTGACA-1,0.00001,0.489649,0.510341
AGAACCCTCAATTGGG-1,0.907691,0.05601,0.036299
AGAACGTGGTACATTC-1,0.000014,0.69093,0.309056
AGAACTGTACTTTGTA-1,0.002698,0.911274,0.086028
AGAAGAGCGCCGTTCC-1,0.000209,0.387429,0.612362
AGAAGGTACACTTCAC-1,0.720013,0.141691,0.138296
AGAAGGTTGCCGAATT-1,0.008763,0.666447,0.32479
AGAAGGTTGTAGGTCG-1,0.015661,0.819382,0.164957
AGAAGTGATTCGTGAT-1,0.157962,0.772828,0.06921
AGAATAAATCTTCAGG-1,0.000011,0.827574,0.172416
AGAATACAGGCTATCC-1,0.121845,0.583528,0.294627
AGAATTATGGATTCGA-1,0.004595,0.752873,0.242533
AGAATTGTTTGACATA-1,0.000047,0.355003,0.64495
AGACAGCTCAGAATCC-1,0.113399,0.274257,0.612344
AGACAGGCATCTCAGC-1,0.064237,0.273524,0.66224
AGACCAAACCACACCT-1,0.735526,0.193076,0.071398
AGACCATGGGATACAA-1,0.000018,0.817698,0.182284
AGACCCACCGCTGATC-1,0.006095,0.875696,0.118209
AGACCCGCCCTCCTCG-1,0.042238,0.536994,0.420767
AGACCGCTCCGCGGTT-1,0.000019,0.65652,0.343461
AGACCGGGAAACCCTG-1,0.039827,0.394133,0.56604
AGACGAAGTGCCGGTC-1,0.011974,0.580769,0.407258
AGACGACGATGCCGCT-1,0.129078,0.698887,0.172035
AGACGCCCACTTCGCC-1,0.037579,0.363658,0.598763
AGACTAGCCTTCCAGA-1,0.093555,0.298398,0.608047
AGACTGTTACCGGGTC-1,0.034007,0.721288,0.244705
AGAGAAACACCAGAAA-1,0.04801,0.908521,0.043469
AGAGAACCGTCTAGGA-1,0.000026,0.337472,0.662502
AGAGAAGGAGTACAAT-1,0.027214,0.645704,0.327082
AGAGATCTCTAAAGCG-1,0.011702,0.769297,0.219002
AGAGCAGTTATGAGAC-1,0.0302,0.558548,0.411252
AGAGCCGCCGAGATTT-1,0.000165,0.589482,0.410352
AGAGCGGGCTAATCAT-1,0.000082,0.005942,0.993975
AGAGCGTACAAGCTCG-1,0.000029,0.04686,0.953111
AGAGCTACGAAAGCAT-1,0.097693,0.000282,0.902025
AGAGGCTTCGGAAACC-1,0.000013,0.706845,0.293142
AGAGTAAACTTCACTA-1,0.006708,0.821725,0.171568
AGAGTATAGTGTTACG-1,0.257934,0.004888,0.737177
AGAGTCTTAATGAAAG-1,0.082959,0.515199,0.401842
AGATAACTTCAGGGCC-1,0.026956,0.809769,0.163275
AGATAATCACACCTAT-1,0.999853,0.000082,0.000065
AGATACCAATAGAACC-1,0.014415,0.696527,0.289058
AGATACCGGTGTTCAC-1,0.018775,0.4918,0.489425
AGATACGACTTCATAT-1,0.000024,0.636014,0.363963
AGATACTCAAGATCGA-1,0.036548,0.779015,0.184437
AGATATAATACGACTA-1,0.016265,0.935014,0.048722
AGATCGTGCATAAGAT-1,0.013323,0.00016,0.986518
AGATCTCAGGTGTGAT-1,0.000018,0.550928,0.449054
AGATCTGGAGAGGATA-1,0.999847,0.000085,0.000068
AGATGACTCGCCCACG-1,0.000026,0.754476,0.245498
AGATGATGGAGTCTGG-1,0.000028,0.398488,0.601484
AGATGCAAGACGTGCA-1,0.669789,0.089943,0.240268
AGATGCATCCTGTGTC-1,0.456308,0.079772,0.46392
AGATGCTATAACGAGC-1,0.007826,0.000183,0.99199
AGATTATAGGACGTTT-1,0.025926,0.498337,0.475737
AGATTCACAACCGATA-1,0.396869,0.328362,0.274769
AGCAAAGGCCGCTAGT-1,0.007066,0.623005,0.369929
AGCAACATATCTTATT-1,0.021395,0.688153,0.290453
AGCAACCGAAAGTAAT-1,0.62846,0.16894,0.202601
AGCACACGTTTAGACT-1,0.247927,0.738838,0.013235
AGCACCAGTACTCACG-1,0.046475,0.390709,0.562816
AGCACTACCGGCCTGT-1,0.044684,0.775484,0.179832
AGCACTACCTCACCAG-1,0.000014,0.740152,0.259834
AGCACTTAAGGACGCC-1,0.019359,0.817392,0.163249
AGCAGAAGGAGAAAGA-1,0.003168,0.736177,0.260655
AGCAGCCAGATGAATA-1,0.025714,0.68521,0.289076
AGCAGTCGAAGCATGC-1,0.060473,0.649051,0.290476
AGCATATCAATATGCT-1,0.057247,0.819009,0.123744
AGCATCATTTCGAAAG-1,0.552036,0.032317,0.415647
AGCATCGTCGATAATT-1,0.017345,0.662121,0.320534
AGCATTACGAGGCAAG-1,0.045036,0.802935,0.152029
AGCCAAGCTTTGTGTC-1,0.061326,0.745485,0.193189
AGCCACAGGTTACCCG-1,0.013568,0.600103,0.386328
AGCCACTCCCGTGCTT-1,0.011549,0.533847,0.454604
AGCCATATAGTATGTG-1,0.070182,0.868351,0.061467
AGCCCATACATGTAAG-1,0.036599,0.485219,0.478182
AGCCCGCAACAAGCAG-1,0.080822,0.591444,0.327734
AGCCCGCACTACAATG-1,0.000806,0.89647,0.102724
AGCCCGGCATTAGAGG-1,0.394526,0.59474,0.010734
AGCCCGGTAGCCTGTA-1,0.038821,0.738691,0.222489
AGCCCTAAGCGAAGTT-1,0.03033,0.000379,0.969291
AGCCCTCCCTGGTGGC-1,0.246392,0.663662,0.089946
AGCCCTGTCGCACCGT-1,0.000016,0.749503,0.25048
AGCCCTTGGACATCCC-1,0.05389,0.324522,0.621588
AGCCGCAAATTCAAAT-1,0.017415,0.492342,0.490243
AGCCGCTTGATTAGCG-1,0.011686,0.000221,0.988093
AGCCGTGGCTAAATGT-1,0.096781,0.607877,0.295342
AGCCTAATACCCACGT-1,0.395302,0.465421,0.139278
AGCCTTAAAGCGGAAG-1,0.002314,0.412763,0.584922
AGCCTTGTCACTGATA-1,0.999872,0.000071,0.000057
AGCGACAGGAACGGTC-1,0.018927,0.608921,0.372153
AGCGACATCCCATTCA-1,0.000038,0.074387,0.925575
AGCGACCAACGATATT-1,0.000017,0.756678,0.243305
AGCGACTTTGAAGACA-1,0.067925,0.453774,0.478301
AGCGAGACGTGAAGGC-1,0.910587,0.011264,0.078149
AGCGATGCGCCTAATA-1,0.000011,0.915656,0.084333
AGCGCATAATGAATCG-1,0.027778,0.722933,0.24929
AGCGCGGGTGCCAATG-1,0.000016,0.664775,0.335208
AGCGCTAGAGCGATGT-1,0.049843,0.29725,0.652907
AGCGGACACTTCGTAG-1,0.020667,0.855324,0.124009
AGCGGCGGTTAGCGGT-1,0.463423,0.456059,0.080517
AGCGGGAAGGGTCCAT-1,0.034659,0.024974,0.940367
AGCGGGTCTGACACTC-1,0.003131,0.828786,0.168084
AGCGTGGTATTCTACT-1,0.083691,0.693342,0.222968
AGCTAACAAGCAATGT-1,0.040553,0.755479,0.203968
AGCTAAGCTCCGTCCG-1,0.050473,0.620881,0.328646
AGCTAAGTACGCAGGC-1,0.018843,0.484594,0.496563
AGCTACGAATGGTGGT-1,0.00957,0.577023,0.413407
AGCTAGAAGCAGAAGT-1,0.01841,0.000263,0.981327
AGCTATTTAATCCAAC-1,0.000064,0.00032,0.999616
AGCTCCATATATGTTC-1,0.089494,0.482039,0.428467
AGCTCCTTCGCACATC-1,0.049255,0.821319,0.129425
AGCTCTAGACGTTCCA-1,0.001673,0.619186,0.379141
AGCTCTTCCCAGTGCA-1,0.024009,0.000343,0.975649
AGCTCTTCGTAACCTT-1,0.000011,0.975495,0.024494
AGCTCTTTACTCAGTT-1,0.163124,0.518843,0.318033
AGCTGAAGTAAACCAA-1,0.00397,0.379959,0.616071
AGCTGTAACCTCAATC-1,0.138168,0.000889,0.860943
AGCTTCTTCTCGAGCA-1,0.011583,0.850949,0.137469
AGCTTGATCAGGGTAG-1,0.936526,0.042873,0.020601
AGCTTGATCTTAACTT-1,0.017479,0.748593,0.233928
AGGAACGAACGACTTC-1,0.009195,0.340339,0.650466
AGGAAGCTGTCCGCCG-1,0.032103,0.695644,0.272253
AGGACAGTCGAATCCC-1,0.017113,0.767937,0.21495
AGGACATCGCACGTCG-1,0.00003,0.35803,0.641941
AGGACATCGGCACACT-1,0.10026,0.164057,0.735683
AGGACGACCCATTAGA-1,0.064811,0.810476,0.124713
AGGACTTATAGGAGAA-1,0.000021,0.534237,0.465742
AGGAGCGTTTATTATC-1,0.000008,0.88243,0.117562
AGGAGGCCTTCGCGCG-1,0.027983,0.422871,0.549146
AGGATAAAGTCGGGAT-1,0.126536,0.707529,0.165935
AGGATATAGGGATTTA-1,0.044336,0.535434,0.42023
AGGATATCCGACTGCA-1,0.179741,0.485099,0.33516
AGGATCACGCGATCTG-1,0.219675,0.124208,0.656117
AGGATTGCTTACGACA-1,0.000012,0.599431,0.400557
AGGCAATACGGAGGAC-1,0.000024,0.374214,0.625762
AGGCACGTGACTGTCC-1,0.000011,0.920969,0.079021
AGGCAGATGCGTAAAC-1,0.000021,0.70939,0.290589
AGGCAGGGAGCGTACT-1,0.196874,0.486417,0.316709
AGGCATTGTCGTAGGG-1,0.021847,0.341147,0.637007
AGGCCACATTGGTTAC-1,0.000026,0.364274,0.6357
AGGCCACCCGTTATGA-1,0.006956,0.527897,0.465148
AGGCCCAGTGACTGGT-1,0.166668,0.000232,0.8331
AGGCCCATTGTACAGG-1,0.000058,0.071605,0.928337
AGGCCCTAGAACGCCA-1,0.015139,0.695675,0.289186
AGGCCTATCATACCAA-1,0.089308,0.611556,0.299135
AGGCCTGAGAATCTCG-1,0.050451,0.438448,0.5111
AGGCGATAACTGGCGT-1,0.014867,0.25791,0.727223
AGGCGGTTTGTCCCGC-1,0.860983,0.000104,0.138914
AGGCTATGGTTAGCTT-1,0.032086,0.472079,0.495834
AGGCTTAAGTTGCACA-1,0.089666,0.669514,0.24082
AGGCTTCCCGAAGAAG-1,0.011181,0.774648,0.214171
AGGCTTGCTAGACACC-1,0.041666,0.089546,0.868789
AGGGACCGGCTGCGTT-1,0.000019,0.470831,0.52915
AGGGACTCTACGCGAC-1,0.006108,0.94731,0.046582
AGGGAGACATACTTCG-1,0.000012,0.52976,0.470228
AGGGCAGCGGCGTGGT-1,0.041541,0.000176,0.958282
AGGGCCCTAATGTTCT-1,0.025258,0.12894,0.845802
AGGGCGAGCAGCTGAT-1,0.045864,0.345255,0.60888
AGGGCGTGATCGGCTA-1,0.000022,0.405544,0.594434
AGGGCTGCAGTTACAG-1,0.032123,0.651247,0.31663
AGGGTCAGAGCACTCG-1,0.111781,0.753359,0.134859
AGGGTCGATGCGAACT-1,0.000008,0.985779,0.014213
AGGGTCTGGACGCAGT-1,0.037979,0.449168,0.512853
AGGGTGCCGTTCTTTA-1,0.033144,0.840376,0.126479
AGGGTGCTCTCGAGGG-1,0.000016,0.375494,0.62449
AGGGTGGATAGTGCAT-1,0.043798,0.65193,0.304272
AGGGTTCAGACGGTCC-1,0.030158,0.46148,0.508362
AGGGTTCCCTTTGGTT-1,0.022306,0.041738,0.935956
AGGGTTTAGTTCGGGA-1,0.000029,0.490945,0.509025
AGGTAACCTCCTATTC-1,0.000061,0.000307,0.999631
AGGTAGATCGAGATAT-1,0.07258,0.722587,0.204833
AGGTAGGTACAAAGCT-1,0.037134,0.540675,0.422191
AGGTATAATTGATAGT-1,0.007097,0.573953,0.41895
AGGTATGCGGACATTA-1,0.000017,0.545212,0.454772
AGGTCAGGTGAGAGTG-1,0.116388,0.544387,0.339225
AGGTCGCCTCCCAACA-1,0.107663,0.124622,0.767715
AGGTCGCGGAGTTACT-1,0.000014,0.779678,0.220308
AGGTGCACGTCCACAT-1,0.063481,0.598029,0.33849
AGGTGGTGACCTTCGC-1,0.090708,0.559881,0.349411
AGGTGTATCGCCATGA-1,0.05282,0.630028,0.317152
AGGTGTTGCCGACCAC-1,0.117706,0.399398,0.482897
AGGTTACACCATGCCG-1,0.112345,0.295487,0.592167
AGGTTCTCCTTTCCGG-1,0.422038,0.00004,0.577922
AGGTTGAGGCACGCTT-1,0.000025,0.604232,0.395742
AGGTTTCACACACCTT-1,0.067405,0.366539,0.566056
AGTAACTATAGCAGCC-1,0.001588,0.775193,0.223219
AGTAAGGGACAGAATC-1,0.053969,0.695512,0.25052
AGTAATCTAAGGGTGG-1,0.030494,0.767167,0.202339
AGTAATGTCTTGCCGC-1,0.012915,0.092333,0.894752
AGTAATTTGCAAGCGT-1,0.916005,0.071636,0.012359
AGTACAGAAGCTTATA-1,0.051058,0.850086,0.098856
AGTACATCATTTATCA-1,0.000023,0.608738,0.39124
AGTACGGCCCGTATCG-1,0.012941,0.565643,0.421416
AGTACGGGCACCTGGC-1,0.000014,0.78714,0.212846
AGTACTCTTATGCCCA-1,0.025117,0.875543,0.09934
AGTAGAAGGCGCCTCA-1,0.045534,0.577478,0.376988
AGTAGGTAACATACAT-1,0.027073,0.00038,0.972547
AGTATAATACTAGGCA-1,0.000047,0.385286,0.614666
AGTATACACAGCGACA-1,0.0255,0.884648,0.089852
AGTATGCTGGAGACCA-1,0.57546,0.015063,0.409478
AGTATTTGGCACGACC-1,0.071792,0.672116,0.256092
AGTCAAATGATGTGAT-1,0.008953,0.825036,0.166011
AGTCAACACCACCATC-1,0.028171,0.525598,0.44623
AGTCAAGATGACACTT-1,0.018962,0.578391,0.402647
AGTCACTAGCTCTCGA-1,0.005863,0.511592,0.482545
AGTCAGCCACCGCCTG-1,0.000036,0.467347,0.532617
AGTCCATTGGCTGATG-1,0.000014,0.579019,0.420967
AGTCGAAACGATTCAG-1,0.999915,0.000047,0.000038
AGTCGAATTAGCGTAA-1,0.077545,0.363302,0.559153
AGTCGACGGTCTCAAG-1,0.005722,0.432818,0.561459
AGTCGGCCCAAACGAC-1,0.004362,0.360429,0.635209
AGTCGGCTCAACTTTA-1,0.201293,0.664001,0.134706
AGTCGGTTGCGTGAGA-1,0.010852,0.71825,0.270898
AGTCGTATAAAGCAGA-1,0.032132,0.847048,0.12082
AGTCGTCGACCACCAA-1,0.01636,0.875044,0.108596
AGTCGTGGGCATTACG-1,0.069432,0.802525,0.128043
AGTCTAAAGTATACTC-1,0.000015,0.768871,0.231114
AGTCTCACAAGACTAC-1,0.192358,0.72786,0.079782
AGTCTGGACATCCTTG-1,0.023054,0.001059,0.975887
AGTCTTCTCCTCAAAT-1,0.000022,0.790996,0.208982
AGTCTTTAAAGTGTCC-1,0.007295,0.780544,0.212161
AGTGAACAAACTTCTC-1,0.001188,0.53127,0.467543
AGTGACCTACTTTACG-1,0.012697,0.366616,0.620687
AGTGACTGTGACACAA-1,0.272609,0.305353,0.422038
AGTGAGACTTCCAGTA-1,0.028503,0.22103,0.750468
AGTGAGCCTCGCCGCC-1,0.000021,0.446114,0.553864
AGTGAGTCGAATTAAC-1,0.00542,0.874401,0.120179
AGTGATAACCTGCGCG-1,0.015911,0.68215,0.301939
AGTGATATGAGTAGTT-1,0.000016,0.898409,0.101575
AGTGATTCAAGCAGGA-1,0.000018,0.653012,0.34697
AGTGCACGCTTAAGAA-1,0.015915,0.610398,0.373687
AGTGCGTAGCTCGTAA-1,0.010578,0.81632,0.173101
AGTGCTAAACACAGCA-1,0.000007,0.920394,0.0796
AGTGCTTGCACGAATA-1,0.002489,0.485786,0.511725
AGTGGCCCGCAAATGG-1,0.059693,0.797168,0.143139
AGTGGCGGCAATTTGA-1,0.000012,0.679765,0.320223
AGTGGCGTCTGAAGGT-1,0.022744,0.885074,0.092182
AGTGGCTCCGTCGGCC-1,0.006293,0.733744,0.259963
AGTGGGAGTATACACG-1,0.000046,0.000232,0.999722
AGTGGTGTTACCCGTG-1,0.306988,0.000291,0.692721
AGTGGTTGCGTATAGG-1,0.054021,0.637496,0.308483
AGTGTGCTAAGATCGC-1,0.000041,0.290339,0.709621
AGTGTGGTCTATTGTG-1,0.000032,0.708086,0.291882
AGTTAAACACTTGCGA-1,0.056819,0.601831,0.34135
AGTTAAGCGGTCCCGG-1,0.028784,0.000476,0.97074
AGTTAAGTCAACCGCT-1,0.501901,0.156153,0.341947
AGTTACCCTTAAGACT-1,0.046555,0.688273,0.265172
AGTTACCGCACATGGT-1,0.039481,0.659545,0.300974
AGTTATTCAGACTGTG-1,0.00346,0.634929,0.361611
AGTTCACCGGTTGGAC-1,0.000023,0.349183,0.650794
AGTTCCTACAGAATTA-1,0.002993,0.728954,0.268053
AGTTCCTATTTATGTT-1,0.000015,0.946022,0.053963
AGTTCTGCGTTGTATC-1,0.044746,0.000289,0.954966
AGTTGACATCGGCTGG-1,0.104308,0.00019,0.895503
AGTTGACGGTCCTTGC-1,0.01646,0.636582,0.346958
AGTTGCGGTCCTCAAC-1,0.999894,0.000059,0.000047
AGTTGCTGACTGATAT-1,0.000037,0.591072,0.408891
AGTTGGCAAGGCTAGA-1,0.109826,0.398696,0.491478
AGTTTCGCAGGTCGGA-1,0.098667,0.000501,0.900832
AGTTTGCACCTGCCTC-1,0.020067,0.853194,0.126739
AGTTTGGCACGGGTTG-1,0.070337,0.070444,0.859219
AGTTTGGCCAGACCTA-1,0.054419,0.90767,0.037911
ATAAACGGACCCGTAA-1,0.015101,0.855913,0.128986
ATAAACGTTGCACCAC-1,0.010462,0.520594,0.468944
ATAAAGGCTCGGTCGT-1,0.009583,0.691518,0.298899
ATAAATATTAGCAGCT-1,0.03869,0.575017,0.386294
ATAACGCCGGAGGGTC-1,0.015393,0.402641,0.581966
ATAACGGAGTCCAACG-1,0.000021,0.624129,0.375851
ATAAGGTGGAGAACAT-1,0.043816,0.781791,0.174394
ATAAGTAGGATTCAGA-1,0.000023,0.569224,0.430754
ATAAGTAGGGCGACTC-1,0.000022,0.506223,0.493754
ATAAGTTACCGCGACG-1,0.000017,0.83525,0.164733
ATAATACCGTTAGCCG-1,0.010081,0.39256,0.597359
ATAATAGCTGTTGAAT-1,0.000015,0.657214,0.342771
ATAATAGTGTAGGGAC-1,0.029035,0.251632,0.719334
ATAATCTTGGAGAACC-1,0.010422,0.762617,0.226961
ATAATTAGCTAAGTAG-1,0.010371,0.668611,0.321017
ATACAGCGTCCACTGA-1,0.999666,0.000186,0.000148
ATACAGGCCCTCCAAT-1,0.042043,0.853158,0.104799
ATACCACGGGCAACTT-1,0.012573,0.477885,0.509542
ATACCCTCCCGGCCAA-1,0.93777,0.0002,0.06203
ATACCTAACCAAGAAA-1,0.029957,0.784622,0.185421
ATACGAAGGCTTTCCA-1,0.00002,0.558165,0.441816
ATACGAGGTTTGTAAG-1,0.139599,0.322075,0.538327
ATACGCCGGCGAAACC-1,0.02493,0.584376,0.390693
ATACGGAACGTCGTTT-1,0.418819,0.011174,0.570007
ATACGGGTTTCGATTG-1,0.054229,0.642388,0.303383
ATACGGTGAAGATGCA-1,0.031021,0.495353,0.473626
ATACGTACTTAGCCAC-1,0.026404,0.8699,0.103696
ATACGTCCACTCCTGT-1,0.058005,0.537753,0.404242
ATACGTTATGCACGGA-1,0.120843,0.666761,0.212396
ATACTACCCGTACCAC-1,0.004403,0.834517,0.161081
ATACTAGCATGACCCT-1,0.000049,0.13467,0.86528
ATACTCTCGCCACTCT-1,0.058988,0.063453,0.877559
ATACTGCCTTACACCG-1,0.014705,0.934237,0.051059
ATACTTGTTCTCGAGC-1,0.007075,0.748163,0.244762
ATAGACAACGGGACCT-1,0.000012,0.849021,0.150966
ATAGACGAAGAGAAAG-1,0.027834,0.71397,0.258197
ATAGAGTACTGGGACA-1,0.000021,0.794192,0.205787
ATAGAGTTATCAACTT-1,0.025187,0.324402,0.650411
ATAGCAACTAGGGAAG-1,0.040053,0.64507,0.314877
ATAGCCATAACAGTCA-1,0.000007,0.775373,0.22462
ATAGCCTCAGTACCCA-1,0.005697,0.456537,0.537766
ATAGCTGCTCTTGTTA-1,0.047018,0.543966,0.409015
ATAGGCGGCTATAGAA-1,0.067852,0.868215,0.063933
ATAGGCTAGCTTCGCA-1,0.00003,0.507545,0.492425
ATAGGGATATCCTTGA-1,0.000037,0.256431,0.743532
ATAGGTTGGGCAGATG-1,0.000019,0.79353,0.206451
ATAGTCTTTGACGTGC-1,0.00002,0.357696,0.642284
ATAGTGAAGCGTTCTC-1,0.000119,0.553859,0.446021
ATAGTTCCACCCACTC-1,0.018314,0.774103,0.207583
ATATAAAGCGCTCGTG-1,0.016119,0.677229,0.306651
ATATAAATGTAGCTGC-1,0.000011,0.810581,0.189409
ATATAACACGGGCGCA-1,0.092238,0.709997,0.197765
ATATACATGTATGGTA-1,0.458134,0.33251,0.209356
ATATACGCTCGTGACG-1,0.009438,0.702233,0.288329
ATATAGAGTATTGGTC-1,0.688305,0.271624,0.040072
ATATCAACCTACAGAG-1,0.000017,0.396595,0.603389
ATATCAATTCCAGCCT-1,0.648054,0.305922,0.046024
ATATCGGTAGGGAGAT-1,0.000017,0.447358,0.552625
ATATCGTTCCTCGAAC-1,0.028249,0.627519,0.344233
ATATCTCCCTCGTTAA-1,0.014303,0.000423,0.985274
ATATCTTAGGGCCTTC-1,0.010772,0.787668,0.20156
ATATGGGATAGCAACT-1,0.062968,0.811462,0.12557
ATATGTCTAGAGCGTG-1,0.000008,0.837864,0.162128
ATATGTCTCCCTAGCC-1,0.000022,0.822514,0.177464
ATATTATCCCGTATTT-1,0.185191,0.000231,0.814579
ATATTCAGTTAAACCT-1,0.057324,0.687559,0.255118
ATATTCCACATAGTGA-1,0.039737,0.897027,0.063236
ATATTCCCACAGGTCA-1,0.065485,0.000544,0.933971
ATATTGCTGTCAAAGT-1,0.000036,0.581868,0.418097
ATATTGGAGAGGCCTT-1,0.026004,0.411796,0.562199
ATATTTAACCCTCAAG-1,0.000016,0.765784,0.2342
ATCAAACACTGTTCCA-1,0.000012,0.875791,0.124197
ATCAAACGAAGGTTTG-1,0.059289,0.507673,0.433038
ATCAAAGAGCCGTGGT-1,0.036971,0.357434,0.605595
ATCAAGATCCCAGGAC-1,0.043827,0.820618,0.135555
ATCAATCTGGGCTGCA-1,0.008095,0.678559,0.313347
ATCAATGCCGTGGCTG-1,0.712405,0.230013,0.057582
ATCACATTAGAATATC-1,0.000034,0.449056,0.55091
ATCACGTGCTAATTAA-1,0.022801,0.919232,0.057966
ATCACTTCATCCTCGC-1,0.00002,0.770062,0.229917
ATCAGAAGCTGGTTGC-1,0.999514,0.00027,0.000216
ATCAGACGGCACGCCG-1,0.154893,0.690896,0.154211
ATCAGCCTCATGCTGC-1,0.00002,0.720564,0.279416
ATCAGCTCGTCCACTA-1,0.573633,0.001888,0.42448
ATCAGGTAGCTGACAG-1,0.000011,0.778963,0.221026
ATCAGTAGGCAGGGAT-1,0.000015,0.651384,0.348602
ATCATAGATCGACGAG-1,0.086337,0.417875,0.495788
ATCATAGCCCTATGTA-1,0.00001,0.886326,0.113664
ATCATCCAATATTTGT-1,0.046377,0.419479,0.534144
ATCATGGACTACCGAC-1,0.036012,0.675304,0.288684
ATCATTGTACCGCATT-1,0.936274,0.060642,0.003084
ATCCAACGCAGTCATA-1,0.000017,0.76186,0.238123
ATCCAATGGAGGGTCC-1,0.033441,0.808521,0.158038
ATCCAATGGTACCGAA-1,0.028751,0.672087,0.299162
ATCCACATCGACAGAA-1,0.043961,0.597437,0.358602
ATCCAGAGCAACAACC-1,0.029044,0.699433,0.271523
ATCCAGGATTCGTGAA-1,0.011541,0.686386,0.302073
ATCCCATCCACAGCGC-1,0.944555,0.000061,0.055384
ATCCCATTTCCGTGGG-1,0.066612,0.311017,0.622371
ATCCGGACCAGCCTGA-1,0.06911,0.496842,0.434049
ATCCTACCTAAGCTCT-1,0.054902,0.85427,0.090828
ATCCTGAATCGCTGCG-1,0.006271,0.854033,0.139695
ATCCTGCGTGGAATGG-1,0.000021,0.580243,0.419736
ATCCTTCTGAAAGAAC-1,0.02134,0.61401,0.36465
ATCGACCCAATACAGA-1,0.003002,0.425246,0.571752
ATCGACTCTTTCCGTT-1,0.000014,0.991143,0.008843
