screen	mediator	mediator_microenv	outcome_microenv	outcome	outcome_gene_id	P.Value_DE	fdr_DE	logFC_base	t_base	P.Value_base	logFC_med	t_med	P.Value_med	shrinkage_pct	logFC_med_vec	t_med_vec	P.Value_med_vec	fdr_med_vec	mediator_logFC_matched	mediator_P.Value_matched
ptn_vasc_neuropil	PTN	vascular	neuropil	DIO2	ENSG00000211448	0.03291	0.3075	-0.1326	-2.05	0.0413	-0.08336	-1.41	0.1597	37.1	0.2728	7.567	6.221e-13	2.698e-10	-0.1182	0.06792
ptn_vasc_neuropil	PTN	vascular	neuropil	IGSF8	ENSG00000162729	0.03903	0.3244	0.08909	2.098	0.03685	0.06009	1.516	0.1306	32.5	-0.1608	-6.655	1.607e-10	2.881e-08	-0.1182	0.06792
ptn_vasc_neuropil	PTN	vascular	neuropil	KCNJ16	ENSG00000153822	0.02821	0.2905	-0.26	-2.182	0.02997	-0.1957	-1.707	0.089	24.7	0.3567	5.102	6.375e-07	1.919e-05	-0.1182	0.06792
ptn_vasc_neuropil	PTN	vascular	neuropil	PHYHIP	ENSG00000168490	0.016	0.2263	0.09081	2.381	0.01798	0.07129	1.934	0.05421	21.5	-0.1083	-4.817	2.45e-06	5.435e-05	-0.1182	0.06792
ptn_vasc_neuropil	PTN	vascular	neuropil	CCND3	ENSG00000112576	0.03528	0.3144	0.08521	2.378	0.01811	0.0671	1.936	0.05395	21.3	-0.1004	-4.751	3.318e-06	6.901e-05	-0.1182	0.06792
ptn_vasc_neuropil	PTN	vascular	neuropil	ARAP2	ENSG00000047365	0.02396	0.2709	-0.1041	-2.068	0.03961	-0.07988	-1.633	0.1037	23.3	0.1346	4.511	9.675e-06	0.0001604	-0.1182	0.06792
ptn_vasc_neuropil	PTN	vascular	neuropil	TCEAL4	ENSG00000133142	0.005735	0.1382	-0.06815	-2.017	0.04473	-0.052	-1.584	0.1144	23.7	0.08954	4.472	1.146e-05	0.0001852	-0.1182	0.06792
ptn_vasc_neuropil	PTN	vascular	neuropil	CAMK1G	ENSG00000008118	0.007307	0.1536	0.131	2.018	0.04455	0.1009	1.596	0.1118	23.0	-0.167	-4.33	2.111e-05	0.0003006	-0.1182	0.06792
ptn_vasc_neuropil	PTN	vascular	neuropil	EPRS	ENSG00000136628	0.01035	0.1869	-0.0839	-2.108	0.03598	-0.0669	-1.716	0.08726	20.3	0.0943	3.968	9.33e-05	0.0009584	-0.1182	0.06792
ptn_vasc_neuropil	PTN	vascular	neuropil	HSPD1	ENSG00000144381	0.001186	0.0666	-0.07739	-2.342	0.01991	-0.06359	-1.963	0.05065	17.8	0.07653	3.875	0.0001344	0.001294	-0.1182	0.06792
ptn_vasc_neuropil	PTN	vascular	neuropil	MAPKAP1	ENSG00000119487	0.02081	0.256	-0.07727	-1.993	0.04724	-0.06108	-1.607	0.1092	20.9	0.08976	3.873	0.0001352	0.001297	-0.1182	0.06792
ptn_vasc_neuropil	PTN	vascular	neuropil	SLC9A6	ENSG00000198689	0.02519	0.277	0.08901	2.191	0.02931	0.07323	1.832	0.06812	17.7	-0.0875	-3.589	0.0003947	0.003112	-0.1182	0.06792
ptn_vasc_neuropil	PTN	vascular	neuropil	CHURC1	ENSG00000258289	0.01024	0.1859	-0.09912	-2.292	0.02271	-0.08349	-1.955	0.05164	15.8	0.08665	3.327	0.001	0.006459	-0.1182	0.06792
ptn_vasc_neuropil	PTN	vascular	neuropil	AC240274.1	ENSG00000271254	0.0256	0.2795	-0.2576	-2.047	0.04167	-0.2124	-1.708	0.08879	17.5	0.2506	3.305	0.00108	0.006873	-0.1182	0.06792
ptn_vasc_neuropil	PTN	vascular	neuropil	ASB6	ENSG00000148331	0.01372	0.211	0.1418	2.036	0.04277	0.1168	1.698	0.09076	17.6	-0.1385	-3.3	0.001098	0.006961	-0.1182	0.06792
ptn_vasc_neuropil	PTN	vascular	neuropil	NKAIN4	ENSG00000101198	0.0307	0.3003	-0.196	-2.13	0.03404	-0.1631	-1.794	0.07391	16.8	0.1824	3.291	0.001133	0.007154	-0.1182	0.06792
ptn_vasc_neuropil	PTN	vascular	neuropil	CEP63	ENSG00000182923	0.03761	0.3206	-0.1179	-2.082	0.03829	-0.09774	-1.747	0.08178	17.1	0.1116	3.272	0.001207	0.007533	-0.1182	0.06792
ptn_vasc_neuropil	PTN	vascular	neuropil	AVL9	ENSG00000105778	0.02811	0.2905	0.09004	2.081	0.03837	0.07471	1.748	0.0817	17.0	-0.08499	-3.26	0.001259	0.007792	-0.1182	0.06792
ptn_vasc_neuropil	PTN	vascular	neuropil	CD2BP2	ENSG00000169217	0.03932	0.3259	0.09409	2.081	0.03837	0.07847	1.755	0.08047	16.6	-0.08664	-3.177	0.001663	0.009671	-0.1182	0.06792
ptn_vasc_neuropil	PTN	vascular	neuropil	RLIM	ENSG00000131263	0.02281	0.2662	0.07603	2.175	0.03049	0.06404	1.852	0.06512	15.8	-0.06649	-3.154	0.001796	0.01026	-0.1182	0.06792
ptn_vasc_neuropil	PTN	vascular	neuropil	TNFSF10	ENSG00000121858	0.02668	0.2847	-0.2894	-2.005	0.04596	-0.2421	-1.692	0.09178	16.3	0.262	3.003	0.002925	0.01496	-0.1182	0.06792
ptn_vasc_neuropil	PTN	vascular	neuropil	PPP1R21	ENSG00000162869	0.03219	0.3045	-0.158	-2.219	0.02735	-0.1349	-1.911	0.05712	14.6	0.1279	2.971	0.003238	0.01623	-0.1182	0.06792
ptn_vasc_neuropil	PTN	vascular	neuropil	SERF2	ENSG00000140264	0.03479	0.3132	-0.08547	-1.988	0.0478	-0.07239	-1.695	0.09118	15.3	0.07252	2.785	0.005732	0.02533	-0.1182	0.06792
ptn_vasc_neuropil	PTN	vascular	neuropil	ZNHIT1	ENSG00000106400	0.00758	0.1559	-0.07642	-2.028	0.04351	-0.06499	-1.737	0.08363	15.0	0.06341	2.779	0.005845	0.02567	-0.1182	0.06792
ptn_vasc_neuropil	PTN	vascular	neuropil	HIP1	ENSG00000127946	0.01157	0.195	-0.2069	-2.179	0.03023	-0.1783	-1.889	0.05998	13.8	0.1586	2.756	0.006261	0.02707	-0.1182	0.06792
ptn_vasc_neuropil	PTN	vascular	neuropil	GUCY1A1	ENSG00000164116	0.0187	0.2435	-0.1485	-2.136	0.0336	-0.1278	-1.848	0.06564	14.0	0.115	2.728	0.006791	0.02888	-0.1182	0.06792
ptn_vasc_neuropil	PTN	vascular	neuropil	CCDC167	ENSG00000198937	0.01063	0.1886	-0.1798	-2.142	0.03311	-0.155	-1.856	0.06453	13.8	0.1379	2.708	0.00721	0.03015	-0.1182	0.06792
ptn_vasc_neuropil	PTN	vascular	neuropil	TIMP2	ENSG00000035862	0.006477	0.1454	0.09656	2.215	0.02758	0.08385	1.934	0.05412	13.2	-0.07045	-2.665	0.008162	0.0332	-0.1182	0.06792
ptn_vasc_neuropil	PTN	vascular	neuropil	SLC7A8	ENSG00000092068	0.03345	0.3085	-0.1737	-2.236	0.02616	-0.1515	-1.96	0.05108	12.8	0.1231	2.612	0.009504	0.03734	-0.1182	0.06792
ptn_vasc_neuropil	PTN	vascular	neuropil	ZSCAN18	ENSG00000121413	0.02314	0.2677	0.09056	2.074	0.03901	0.0784	1.803	0.07244	13.4	-0.06743	-2.544	0.01153	0.04311	-0.1182	0.06792
ptn_vasc_neuropil	PTN	vascular	neuropil	NUTM2A-AS1	ENSG00000223482	0.02666	0.2847	-0.1779	-2.058	0.04055	-0.1551	-1.799	0.07314	12.8	0.1266	2.408	0.01673	0.05757	-0.1182	0.06792
ptn_vasc_neuropil	PTN	vascular	neuropil	CNNM2	ENSG00000148842	0.03801	0.3217	0.1158	2.064	0.03995	0.1011	1.808	0.07181	12.7	-0.08145	-2.388	0.01765	0.05976	-0.1182	0.06792
ptn_vasc_neuropil	PTN	vascular	neuropil	IGSF9B	ENSG00000080854	0.0136	0.211	0.1354	1.993	0.04728	0.119	1.753	0.08079	12.2	-0.09126	-2.205	0.02831	0.08512	-0.1182	0.06792
ptn_vasc_neuropil	PTN	vascular	neuropil	MBP	ENSG00000197971	0.02564	0.2796	0.11	2.006	0.04584	0.09694	1.77	0.07787	11.9	-0.07227	-2.164	0.03134	0.09225	-0.1182	0.06792
ptn_vasc_neuropil	PTN	vascular	neuropil	RPL35A	ENSG00000182899	0.01188	0.1961	-0.1089	-2.153	0.03221	-0.09688	-1.917	0.05628	11.0	0.06666	2.163	0.03139	0.0923	-0.1182	0.06792
ptn_vasc_neun	PTN	vascular	neuronal	CAMK1G	ENSG00000008118	0.02002	0.3505	0.1241	2.01	0.04564	0.104	1.812	0.07143	16.2	-0.1996	-5.953	1.057e-08	3.616e-06	-0.06056	0.3961
ptn_vasc_neun	PTN	vascular	neuronal	BOD1L1	ENSG00000038219	0.04279	0.4496	-0.1202	-1.99	0.0478	-0.1035	-1.802	0.07297	13.9	0.1667	4.971	1.353e-06	0.0001366	-0.06056	0.3961
ptn_vasc_neun	PTN	vascular	neuronal	PDP1	ENSG00000164951	0.04936	0.467	0.0939	1.992	0.04761	0.0814	1.809	0.07191	13.3	-0.1242	-4.725	4.136e-06	0.0003274	-0.06056	0.3961
ptn_vasc_neun	PTN	vascular	neuronal	CCDC102B	ENSG00000150636	0.04405	0.4527	-0.2572	-2.119	0.03525	-0.2277	-1.946	0.05294	11.5	0.2939	4.301	2.572e-05	0.00134	-0.06056	0.3961
ptn_vasc_neun	PTN	vascular	neuronal	LY6H	ENSG00000176956	0.02527	0.3765	0.115	2.091	0.03768	0.1029	1.927	0.05524	10.6	-0.121	-3.883	0.0001373	0.004723	-0.06056	0.3961
ptn_vasc_neun	PTN	vascular	neuronal	SMARCA2	ENSG00000080503	0.02067	0.3548	-0.08946	-2.068	0.03983	-0.0805	-1.911	0.05733	10.0	0.08904	3.619	0.0003684	0.009576	-0.06056	0.3961
ptn_vasc_neun	PTN	vascular	neuronal	CSPP1	ENSG00000104218	0.03512	0.4207	-0.1787	-2.036	0.04301	-0.1616	-1.882	0.06117	9.5	0.1696	3.381	0.000858	0.0175	-0.06056	0.3961
ptn_vasc_neun	PTN	vascular	neuronal	SPTY2D1OS	ENSG00000247595	0.0342	0.418	-0.2501	-2.063	0.04031	-0.2273	-1.913	0.05709	9.1	0.2269	3.27	0.00125	0.02226	-0.06056	0.3961
ptn_vasc_neun	PTN	vascular	neuronal	AC016687.2	ENSG00000250723	0.04556	0.4569	-0.2569	-2.042	0.04233	-0.2346	-1.898	0.05908	8.7	0.222	3.074	0.002381	0.03478	-0.06056	0.3961
ptn_vasc_neun	PTN	vascular	neuronal	STMN3	ENSG00000197457	0.042	0.4461	0.08613	1.987	0.04818	0.07868	1.847	0.06618	8.6	-0.07408	-2.977	0.003243	0.04306	-0.06056	0.3961
ptn_vasc_neun	PTN	vascular	neuronal	SRGAP2B	ENSG00000196369	0.04652	0.4594	-0.2285	-2.063	0.04035	-0.2095	-1.922	0.05597	8.3	0.1886	2.962	0.003397	0.04437	-0.06056	0.3961
ptn_vasc_neun	PTN	vascular	neuronal	DHX36	ENSG00000174953	0.01071	0.2893	-0.106	-2.039	0.04267	-0.09736	-1.901	0.05857	8.2	0.08632	2.887	0.004289	0.05143	-0.06056	0.3961
ptn_vasc_neun	PTN	vascular	neuronal	RABEP1	ENSG00000029725	0.01016	0.2864	-0.08094	-1.974	0.04968	-0.07424	-1.838	0.06738	8.3	0.06663	2.825	0.005172	0.05736	-0.06056	0.3961
ptn_vasc_neun	PTN	vascular	neuronal	TGS1	ENSG00000137574	0.01587	0.3252	-0.2437	-2.088	0.03797	-0.2253	-1.955	0.05188	7.6	0.1835	2.727	0.006915	0.06877	-0.06056	0.3961
ptn_vasc_neun	PTN	vascular	neuronal	NAIP	ENSG00000249437	0.02	0.3505	-0.3115	-2.053	0.04125	-0.2877	-1.92	0.05616	7.7	0.2372	2.711	0.007245	0.07075	-0.06056	0.3961
ptn_vasc_neun	PTN	vascular	neuronal	KIF2A	ENSG00000068796	0.03989	0.4401	-0.1948	-1.972	0.04992	-0.1798	-1.841	0.06692	7.7	0.1487	2.607	0.00976	0.08565	-0.06056	0.3961
fgf1_neuropil_vasc	FGF1	neuropil	vascular	AGT	ENSG00000135744	0.0123	0.4069	0.2847	2.23	0.02656	0.2258	1.831	0.06818	20.7	0.4301	4.829	2.31e-06	0.0002563	0.08866	0.1235
fgf1_neuropil_vasc	FGF1	neuropil	vascular	MT3	ENSG00000087250	0.009698	0.4013	0.1271	2.332	0.02042	0.1022	1.941	0.05336	19.6	0.1818	4.778	2.913e-06	0.0002828	0.08866	0.1235
fgf1_neuropil_vasc	FGF1	neuropil	vascular	FAM107A	ENSG00000168309	0.04203	0.5577	0.1253	1.971	0.04973	0.09634	1.567	0.1182	23.1	0.2116	4.765	3.091e-06	0.0002828	0.08866	0.1235
fgf1_neuropil_vasc	FGF1	neuropil	vascular	CHGB	ENSG00000089199	0.005482	0.3177	-0.1724	-2.213	0.02773	-0.1442	-1.886	0.06036	16.3	-0.2053	-3.716	0.0002461	0.008555	0.08866	0.1235
fgf1_neuropil_vasc	FGF1	neuropil	vascular	SLC6A8	ENSG00000130821	0.009534	0.4013	0.1745	2.014	0.04501	0.1447	1.696	0.09102	17.1	0.2181	3.541	0.0004705	0.0133	0.08866	0.1235
fgf1_neuropil_vasc	FGF1	neuropil	vascular	HINT1	ENSG00000169567	0.03621	0.5384	-0.1405	-2.062	0.04014	-0.1172	-1.748	0.08157	16.5	-0.1696	-3.502	0.0005415	0.01471	0.08866	0.1235
fgf1_neuropil_vasc	FGF1	neuropil	vascular	MT1G	ENSG00000125144	0.01911	0.4593	0.2581	2.123	0.03464	0.2172	1.814	0.07081	15.8	0.2982	3.448	0.0006562	0.01661	0.08866	0.1235
fgf1_neuropil_vasc	FGF1	neuropil	vascular	SLC24A2	ENSG00000155886	0.01218	0.4069	-0.1705	-2.108	0.03592	-0.1456	-1.821	0.06969	14.6	-0.1817	-3.145	0.001844	0.03228	0.08866	0.1235
fgf1_neuropil_vasc	FGF1	neuropil	vascular	BCL6	ENSG00000113916	0.004288	0.2897	0.2582	2.029	0.04341	0.2215	1.757	0.08007	14.2	0.2675	2.937	0.003601	0.04955	0.08866	0.1235
fgf1_neuropil_vasc	FGF1	neuropil	vascular	BCAP29	ENSG00000075790	0.02514	0.4973	-0.1247	-2.1	0.03669	-0.1083	-1.837	0.0673	13.2	-0.1201	-2.822	0.005133	0.06313	0.08866	0.1235
fgf1_neuropil_vasc	FGF1	neuropil	vascular	GAP43	ENSG00000172020	0.01144	0.4069	-0.08442	-2.017	0.04469	-0.07296	-1.757	0.08005	13.6	-0.08358	-2.786	0.005711	0.06677	0.08866	0.1235
fgf1_neuropil_vasc	FGF1	neuropil	vascular	DYNLL1	ENSG00000088986	0.03001	0.5036	-0.1239	-2.189	0.02949	-0.109	-1.938	0.05368	12.0	-0.1087	-2.678	0.007866	0.08217	0.08866	0.1235
fgf2_neuropil_vasc	FGF2	neuropil	vascular	AGT	ENSG00000135744	0.0123	0.4069	0.2847	2.23	0.02656	0.179	1.652	0.09975	37.1	0.6622	10.44	1.264e-21	6.348e-19	0.1493	0.1321
fgf2_neuropil_vasc	FGF2	neuropil	vascular	MT1M	ENSG00000205364	0.01025	0.4013	0.3005	2.48	0.01374	0.2057	1.958	0.05125	31.5	0.5937	9.65	4.132e-19	1.197e-16	0.1493	0.1321
fgf2_neuropil_vasc	FGF2	neuropil	vascular	MT3	ENSG00000087250	0.009698	0.4013	0.1271	2.332	0.02042	0.09053	1.835	0.06763	28.8	0.2291	7.93	5.9e-14	7.155e-12	0.1493	0.1321
fgf2_neuropil_vasc	FGF2	neuropil	vascular	FAM107A	ENSG00000168309	0.04203	0.5577	0.1253	1.971	0.04973	0.08445	1.453	0.1474	32.6	0.2561	7.524	8.042e-13	8.737e-11	0.1493	0.1321
fgf2_neuropil_vasc	FGF2	neuropil	vascular	HINT1	ENSG00000169567	0.03621	0.5384	-0.1405	-2.062	0.04014	-0.09688	-1.554	0.1213	31.0	-0.273	-7.479	1.065e-12	1.111e-10	0.1493	0.1321
fgf2_neuropil_vasc	FGF2	neuropil	vascular	SLC14A1	ENSG00000141469	0.03928	0.5488	0.3499	2.207	0.02817	0.2669	1.778	0.07646	23.7	0.5199	5.916	9.992e-09	4.909e-07	0.1493	0.1321
fgf2_neuropil_vasc	FGF2	neuropil	vascular	CHGB	ENSG00000089199	0.005482	0.3177	-0.1724	-2.213	0.02773	-0.1336	-1.802	0.07273	22.5	-0.2427	-5.587	5.649e-08	2.338e-06	0.1493	0.1321
fgf2_neuropil_vasc	FGF2	neuropil	vascular	MT1G	ENSG00000125144	0.01911	0.4593	0.2581	2.123	0.03464	0.201	1.725	0.08561	22.1	0.3576	5.243	3.209e-07	1.024e-05	0.1493	0.1321
fgf2_neuropil_vasc	FGF2	neuropil	vascular	DYNLL1	ENSG00000088986	0.03001	0.5036	-0.1239	-2.189	0.02949	-0.09938	-1.819	0.07002	19.8	-0.1533	-4.793	2.726e-06	6.934e-05	0.1493	0.1321
fgf2_neuropil_vasc	FGF2	neuropil	vascular	ATP5PO	ENSG00000241837	0.0179	0.4425	-0.1372	-2.268	0.02409	-0.1115	-1.907	0.05761	18.7	-0.1608	-4.698	4.199e-06	0.0001009	0.1493	0.1321
fgf2_neuropil_vasc	FGF2	neuropil	vascular	MTRNR2L8	ENSG00000255823	0.02735	0.4978	0.2457	1.985	0.04815	0.1963	1.632	0.1039	20.1	0.3095	4.393	1.608e-05	0.0003071	0.1493	0.1321
fgf2_neuropil_vasc	FGF2	neuropil	vascular	PITPNC1	ENSG00000154217	0.04648	0.58	0.2353	2.132	0.03394	0.1916	1.785	0.07543	18.6	0.2738	4.357	1.88e-05	0.0003483	0.1493	0.1321
fgf2_neuropil_vasc	FGF2	neuropil	vascular	BCL6	ENSG00000113916	0.004288	0.2897	0.2582	2.029	0.04341	0.208	1.68	0.09403	19.4	0.3145	4.339	2.029e-05	0.0003699	0.1493	0.1321
fgf2_neuropil_vasc	FGF2	neuropil	vascular	GAP43	ENSG00000172020	0.01144	0.4069	-0.08442	-2.017	0.04469	-0.06856	-1.681	0.0939	18.8	-0.09933	-4.159	4.298e-05	0.0007115	0.1493	0.1321
fgf2_neuropil_vasc	FGF2	neuropil	vascular	C12orf57	ENSG00000111678	0.01498	0.4156	-0.1461	-2.193	0.02914	-0.121	-1.863	0.06358	17.1	-0.1568	-4.122	5.009e-05	0.0008214	0.1493	0.1321
fgf2_neuropil_vasc	FGF2	neuropil	vascular	SOD2	ENSG00000112096	0.01113	0.4069	0.1084	2.133	0.03385	0.08999	1.812	0.07114	17.0	0.1151	3.958	9.696e-05	0.001405	0.1493	0.1321
fgf2_neuropil_vasc	FGF2	neuropil	vascular	QDPR	ENSG00000151552	0.03792	0.5448	-0.1311	-2.026	0.04378	-0.1089	-1.716	0.08732	16.9	-0.1389	-3.739	0.000226	0.002925	0.1493	0.1321
fgf2_neuropil_vasc	FGF2	neuropil	vascular	SLIRP	ENSG00000119705	0.0115	0.4069	-0.1361	-1.971	0.04978	-0.1132	-1.668	0.09657	16.9	-0.1439	-3.623	0.0003484	0.004158	0.1493	0.1321
fgf2_neuropil_vasc	FGF2	neuropil	vascular	NDUFA8	ENSG00000119421	0.009591	0.4013	-0.1542	-1.971	0.04972	-0.131	-1.697	0.09095	15.0	-0.1451	-3.209	0.001491	0.01311	0.1493	0.1321
fgf2_neuropil_vasc	FGF2	neuropil	vascular	BCAP29	ENSG00000075790	0.02514	0.4973	-0.1247	-2.1	0.03669	-0.1075	-1.831	0.06817	13.8	-0.1082	-3.149	0.001825	0.01533	0.1493	0.1321
fgf2_neuropil_vasc	FGF2	neuropil	vascular	SLC24A2	ENSG00000155886	0.01218	0.4069	-0.1705	-2.108	0.03592	-0.1471	-1.841	0.06675	13.7	-0.1466	-3.132	0.001931	0.01603	0.1493	0.1321
fgf2_neuropil_vasc	FGF2	neuropil	vascular	SLC6A8	ENSG00000130821	0.009534	0.4013	0.1745	2.014	0.04501	0.1501	1.751	0.08117	14.0	0.1534	3.056	0.002472	0.0195	0.1493	0.1321
fgf2_neuropil_vasc	FGF2	neuropil	vascular	PSMA7	ENSG00000101182	0.02648	0.4978	-0.157	-2.19	0.02937	-0.1398	-1.963	0.05073	10.9	-0.1077	-2.581	0.01038	0.05877	0.1493	0.1321
fgf2_neuropil_vasc	FGF2	neuropil	vascular	C2orf80	ENSG00000188674	0.04115	0.552	-0.2175	-2.018	0.04463	-0.1927	-1.796	0.07355	11.4	-0.1554	-2.474	0.01398	0.07166	0.1493	0.1321
fgf2_neuropil_vasc	FGF2	neuropil	vascular	BRSK1	ENSG00000160469	0.04844	0.5821	0.173	1.988	0.04785	0.1539	1.776	0.07689	11.0	0.1195	2.354	0.01929	0.09008	0.1493	0.1321
fgf2_neuropil_vasc	FGF2	neuropil	vascular	PLEC	ENSG00000178209	0.02844	0.5036	0.1843	2.136	0.03358	0.1655	1.925	0.05524	10.2	0.118	2.345	0.01976	0.09146	0.1493	0.1321
fgf1_neun_vasc	FGF1	neuronal	vascular	FAM107A	ENSG00000168309	0.04203	0.5577	0.1583	2.158	0.03204	0.1365	1.922	0.05597	13.8	0.1443	4.096	5.935e-05	0.01821	0.1435	0.206
fgf1_neun_vasc	FGF1	neuronal	vascular	RGS4	ENSG00000117152	0.02717	0.4978	-0.1012	-2.001	0.04664	-0.0869	-1.768	0.07843	14.1	-0.09466	-3.884	0.0001364	0.02572	0.1435	0.206
fgf1_neun_vasc	FGF1	neuronal	vascular	SLC24A2	ENSG00000155886	0.01218	0.4069	-0.1532	-2.076	0.03911	-0.1335	-1.854	0.06508	12.9	-0.1304	-3.651	0.0003279	0.03352	0.1435	0.206
