Barcode,Topic 1,Topic 2to4,Topic 5to7,Topic 8,Topic 9to10
AAACAAGTATCTCCCA-1,0.132168,0.643592,0.000234,0.210786,0.01322
AAACAATCTACTAGCA-1,0.000036,0.34053,0.659324,0.000036,0.000073
AAACACCAATAACTGC-1,0.980318,0.019223,0.00023,0.000077,0.000153
AAACAGAGCGACTCCT-1,0.019198,0.447254,0.168173,0.32334,0.042035
AAACAGCTTTCAGAAG-1,0.759569,0.133987,0.00024,0.106045,0.00016
AAACAGGGTCTATATT-1,0.885755,0.00122,0.00122,0.000407,0.111399
AAACAGTGTTCCTGGG-1,0.023943,0.078068,0.082101,0.000292,0.815596
AAACATGGTGAGAGGA-1,0.982931,0.016434,0.000318,0.000106,0.000212
AAACATTTCCCGGATT-1,0.111043,0.170303,0.102874,0.185308,0.430472
AAACCCGAACGAAATC-1,0.007595,0.30344,0.501019,0.10327,0.084675
AAACCGGAAATGTTAA-1,0.042154,0.041192,0.531773,0.124438,0.260443
AAACCGGGTAGGTACC-1,0.949886,0.000361,0.000361,0.00012,0.049273
AAACCGTTCGTCCAGG-1,0.03661,0.941531,0.020222,0.000033,0.001604
AAACCTAAGCAGCCGG-1,0.015376,0.652075,0.000145,0.32891,0.003494
AAACCTCATGAAGTTG-1,0.596906,0.001516,0.001516,0.399053,0.00101
AAACGAAGAACATACC-1,0.005127,0.588522,0.288111,0.012878,0.105363
AAACGAAGATGGAGTA-1,0.90569,0.006992,0.000322,0.086782,0.000214
AAACGAGACGGTTGAT-1,0.021995,0.233932,0.590312,0.022142,0.131618
AAACGCCCGAGATCGG-1,0.000049,0.545868,0.453937,0.000049,0.000097
AAACGCTGGGCACGAC-1,0.000016,0.603862,0.149958,0.005102,0.241063
AAACGGGCGTACGGGT-1,0.170524,0.262614,0.022357,0.018562,0.525943
AAACGGGTTGGTATCC-1,0.008879,0.359493,0.614828,0.016695,0.000105
AAACGGTTGCGAACTG-1,0.006556,0.088399,0.180092,0.082123,0.64283
AAACGTGTTCGCCCTA-1,0.000078,0.965558,0.032142,0.002065,0.000156
AAACTAACGTGGCGAC-1,0.000034,0.316925,0.681199,0.000034,0.001808
AAACTCGGTTCGCAAT-1,0.000029,0.146908,0.326223,0.268844,0.257997
AAACTCGTGATATAAG-1,0.00005,0.487911,0.348354,0.16103,0.002656
AAACTGCTGGCTCCAA-1,0.009086,0.088357,0.739481,0.043842,0.119235
AAACTTAATTGCACGC-1,0.968772,0.000198,0.000198,0.000066,0.030767
AAACTTGCAAACGTAT-1,0.624206,0.363024,0.006385,0.002128,0.004257
AAAGAATGACCTTAGA-1,0.733354,0.017325,0.085451,0.014808,0.149061
AAAGAATGTGGACTAA-1,0.000047,0.414221,0.004405,0.285652,0.295675
AAAGACATGAAGTTTA-1,0.000039,0.564717,0.435126,0.000039,0.000079
AAAGACCCAAGTCGCG-1,0.012165,0.36417,0.32846,0.295139,0.000067
AAAGACTGGGCGCTTT-1,0.045812,0.067018,0.69592,0.166603,0.024646
AAAGCTTGCCTACATA-1,0.194678,0.803018,0.000297,0.001809,0.000198
AAAGGCCCTATAATAC-1,0.751721,0.228071,0.000186,0.008002,0.012019
AAAGGCTACGGACCAT-1,0.000035,0.606479,0.105468,0.003371,0.284647
AAAGGCTCTCGCGCCG-1,0.000074,0.264171,0.019956,0.000074,0.715726
AAAGGGATGTAGCAAG-1,0.010029,0.20372,0.782496,0.001006,0.00275
AAAGGGCAGCTTGAAT-1,0.033638,0.309,0.557114,0.079628,0.02062
AAAGGTAAGCTGTACC-1,0.000049,0.526322,0.456168,0.017364,0.000097
AAAGTAGCATTGCTCA-1,0.88873,0.005557,0.100155,0.001852,0.003705
AAAGTCACTGATGTAA-1,0.000023,0.318624,0.646424,0.000023,0.034906
AAAGTCGACCCTCAGT-1,0.494458,0.499933,0.002804,0.000935,0.00187
AAAGTGCCATCAATTA-1,0.056416,0.086243,0.201263,0.152847,0.503231
AAAGTGTGATTTATCT-1,0.000031,0.631351,0.249441,0.017539,0.101638
AAAGTTGACTCCCGTA-1,0.000022,0.12141,0.589463,0.126697,0.162408
AAATAACCATACGGGA-1,0.000029,0.530154,0.459948,0.000029,0.00984
AAATAAGGTAGTGCCC-1,0.00005,0.838163,0.107675,0.047428,0.006685
AAATACCTATAAGCAT-1,0.031576,0.287761,0.117772,0.030531,0.532361
AAATAGCTTAGACTTT-1,0.000024,0.25399,0.664383,0.063028,0.018575
AAATAGGGTGCTATTG-1,0.000045,0.553633,0.238833,0.033805,0.173683
AAATCCGATACACGCC-1,0.079756,0.671167,0.000236,0.127333,0.121508
AAATCGCGGAAGGAGT-1,0.990351,0.009238,0.000205,0.000068,0.000137
AAATCGTGTACCACAA-1,0.082825,0.086039,0.40577,0.147434,0.277932
AAATCTAGCCCTGCTA-1,0.034425,0.290057,0.109107,0.259486,0.306925
AAATCTGCCCGCGTCC-1,0.881047,0.073237,0.003122,0.041854,0.00074
AAATGACTGATCAAAC-1,0.00793,0.415854,0.077787,0.194314,0.304114
AAATGATTCGATCAGC-1,0.017123,0.342404,0.594581,0.009873,0.036019
AAATGCTCGTTACGTT-1,0.000061,0.31645,0.634888,0.035391,0.01321
AAATGGCATGTCTTGT-1,0.000014,0.083591,0.915871,0.000014,0.000511
AAATGGCCCGTGCCCT-1,0.805728,0.189923,0.002175,0.000725,0.00145
AAATGGTCAATGTGCC-1,0.090895,0.232988,0.440196,0.079308,0.156613
AAATGTATCTTATCCC-1,0.000026,0.642921,0.300474,0.039454,0.017125
AAATGTGGGTGCTCCT-1,0.020279,0.53475,0.244389,0.102383,0.098198
AAATTAACGGGTAGCT-1,0.072983,0.071949,0.394526,0.000047,0.460495
AAATTAATAAGCGCGA-1,0.15402,0.380286,0.192833,0.187805,0.085056
AAATTACACGACTCTG-1,0.000043,0.668022,0.325866,0.005983,0.000085
AAATTACCTATCGATG-1,0.000864,0.626509,0.128611,0.2,0.044015
AAATTCCAGGTCCAAA-1,0.049365,0.887433,0.000158,0.062938,0.000106
AAATTGATAGTCCTTT-1,0.618082,0.070345,0.001038,0.035763,0.274772
AAATTGCGGCGGTTCT-1,0.055141,0.487688,0.347687,0.090157,0.019327
AAATTGGTGAGAAGCA-1,0.000061,0.883304,0.01924,0.097274,0.000121
AAATTTACCGAAATCC-1,0.000043,0.976573,0.023254,0.000043,0.000087
AAATTTGCGGGTGTGG-1,0.356632,0.000313,0.398719,0.000104,0.244232
AACAACTGGTAGTTGC-1,0.119079,0.042643,0.631729,0.206469,0.00008
AACAATACATTGTCGA-1,0.062376,0.575038,0.022203,0.089837,0.250546
AACAATTACTCTACGC-1,0.111496,0.249163,0.419473,0.06018,0.159689
AACACACGCTCGCCGC-1,0.000028,0.064029,0.468807,0.366104,0.101032
AACACGACTGTACTGA-1,0.005306,0.934973,0.059632,0.00003,0.000059
AACACGAGACGCGGCC-1,0.605237,0.38631,0.004226,0.001409,0.002818
AACACGCGGCCGCGAA-1,0.000027,0.302495,0.495011,0.000027,0.20244
AACAGCTGTGTGGCAA-1,0.305875,0.692334,0.000896,0.000299,0.000597
AACAGGAAATCGAATA-1,0.023814,0.523977,0.441813,0.010339,0.000056
AACAGGATGGGCCGCG-1,0.075245,0.571034,0.222537,0.1311,0.000083
AACAGGTAGTATGGAT-1,0.035167,0.265421,0.466193,0.083886,0.149333
AACATAGCGTGTATCG-1,0.038545,0.614504,0.000453,0.329499,0.016998
AACATATCAACTGGTG-1,0.000045,0.853078,0.133424,0.000045,0.013408
AACATCGATACGTCTA-1,0.000061,0.493031,0.37359,0.103969,0.029348
AACATTGAAGTTGATC-1,0.451061,0.000523,0.042615,0.000174,0.505627
AACATTGGTCAGCCGT-1,0.000044,0.336706,0.643656,0.019506,0.000088
AACATTGTGACTCGAG-1,0.090092,0.286278,0.000138,0.004718,0.618774
AACCAAGACTTCTCTG-1,0.636207,0.32513,0.038316,0.000116,0.000232
AACCAGTATCACTCTT-1,0.000029,0.570209,0.429674,0.000029,0.000059
AACCATAGGGTTGAAC-1,0.793163,0.202172,0.000136,0.004438,0.000091
AACCATGGGATCGCTA-1,0.000057,0.385528,0.614244,0.000057,0.000114
AACCCAGAGACGGAGA-1,0.044683,0.899744,0.055424,0.000049,0.000099
AACCCATCCCATGATC-1,0.999342,0.000219,0.000219,0.000073,0.000146
AACCCGACAACCCGTG-1,0.002819,0.282502,0.221008,0.005896,0.487775
AACCCGAGCAGAATCG-1,0.004201,0.529506,0.062591,0.403582,0.00012
AACCCGCTGTATTCCA-1,0.000025,0.135213,0.194469,0.079041,0.591252
AACCCTACTGTCAATA-1,0.000041,0.576843,0.125625,0.007542,0.289949
AACCCTGGTGGAACCA-1,0.000026,0.750253,0.203383,0.000026,0.046313
AACCGAGCTTGGTCAT-1,0.009114,0.635594,0.355132,0.000053,0.000107
AACCGCTAAGGGATGC-1,0.000014,0.360543,0.574133,0.002938,0.062372
AACCGTTGTGTTTGCT-1,0.000025,0.26554,0.728057,0.005764,0.000614
AACCTAAAGCCGTCCG-1,0.000032,0.872782,0.064338,0.059472,0.003376
AACCTCGCTTTAGCCC-1,0.00836,0.051304,0.313505,0.456882,0.16995
AACCTGTCACGGAATT-1,0.000053,0.565052,0.274808,0.151141,0.008947
AACCTTTAAATACGGT-1,0.000052,0.240549,0.136981,0.000052,0.622366
AACCTTTACGACGTCT-1,0.000054,0.79114,0.208645,0.000054,0.000108
AACGAAAGTCGTCCCA-1,0.9432,0.000176,0.009009,0.023996,0.023619
AACGACCTCCTAGCCG-1,0.014513,0.153681,0.17414,0.060506,0.59716
AACGATAATGCCGTAG-1,0.000045,0.663782,0.135587,0.008768,0.191819
AACGATAGAAGGGCCG-1,0.000016,0.086695,0.859399,0.050911,0.002979
AACGATATGTCAACTG-1,0.006255,0.06264,0.858445,0.059159,0.013501
AACGCATGATCTGGGT-1,0.000049,0.586553,0.353693,0.044735,0.01497
AACGCGAACGGCAACA-1,0.000035,0.232405,0.736358,0.0047,0.026502
AACGCGACCTTGGGCG-1,0.024571,0.372169,0.015485,0.026542,0.561232
AACGCGGTCTCCAGCC-1,0.000043,0.397067,0.602761,0.000043,0.000086
AACGCTGTTGCTGAAA-1,0.000092,0.542411,0.09354,0.273238,0.090719
AACGGACGTACGTATA-1,0.00003,0.173927,0.433184,0.157451,0.235408
AACGGCCATCTCCGGT-1,0.601841,0.081773,0.131315,0.000059,0.185013
AACGTACTGTGGGTAC-1,0.093224,0.237182,0.463892,0.017946,0.187756
AACGTAGTCTACCCAT-1,0.000062,0.425925,0.573829,0.000062,0.000123
AACGTCAGACTAGTGG-1,0.013977,0.593952,0.388317,0.003679,0.000075
AACGTCGCTGCACTTC-1,0.017616,0.087274,0.178236,0.247999,0.468875
AACGTGATGAAGGACA-1,0.02978,0.461495,0.428834,0.039574,0.040317
AACGTGCGAAAGTCTC-1,0.049841,0.073122,0.582367,0.023316,0.271355
AACGTTATCAGCACCT-1,0.040236,0.417926,0.526217,0.013925,0.001696
AACGTTCTACCATTGT-1,0.000315,0.315595,0.571211,0.000031,0.112848
AACTACCCGTTTGTCA-1,0.037237,0.226066,0.530903,0.128423,0.07737
AACTAGCGTATCGCAC-1,0.000046,0.632379,0.348824,0.008658,0.010093
AACTAGGCTTGGGTGT-1,0.001392,0.747289,0.070229,0.000067,0.181023
AACTCAAGTTAATTGC-1,0.364687,0.364177,0.000305,0.000102,0.27073
AACTCCAGAGCGTGTT-1,0.005807,0.719653,0.00026,0.181764,0.092516
AACTCCTAATCCCATG-1,0.00003,0.500024,0.401073,0.041028,0.057845
AACTCGATAAACACGT-1,0.000039,0.087869,0.628811,0.143472,0.139808
AACTCGATGGCGCAGT-1,0.006933,0.36699,0.625926,0.00005,0.000101
AACTCTCAATAGAGCG-1,0.01892,0.454849,0.456741,0.0274,0.04209
AACTCTCAGTGTGCTC-1,0.01646,0.00284,0.761587,0.001993,0.21712
AACTGAGGTCAGCGTC-1,0.000085,0.689884,0.309774,0.000085,0.000171
AACTGAGTTATACTGA-1,0.021259,0.010538,0.68754,0.178741,0.101922
AACTGATATTAGGCCT-1,0.028905,0.720108,0.205799,0.045075,0.000112
AACTGGGTCCCGACGT-1,0.000025,0.412083,0.584461,0.001704,0.001727
AACTGGGTTCGAGCCG-1,0.000042,0.754747,0.245085,0.000042,0.000084
AACTGGTGTGGGCCTT-1,0.034408,0.612506,0.230803,0.000032,0.122251
AACTTCTGCGTCTATC-1,0.033936,0.050097,0.91525,0.000033,0.000684
AACTTGCCCGTATGCA-1,0.092828,0.51102,0.215082,0.180965,0.000105
AACTTGCGTTCTCGCG-1,0.029928,0.148858,0.821049,0.000055,0.00011
AACTTTACGGGAGCTT-1,0.021131,0.008445,0.809603,0.027881,0.13294
AACTTTAGCTGCTGAG-1,0.03125,0.863999,0.09942,0.000052,0.005278
AAGAAAGTTTGATGGG-1,0.5473,0.064087,0.125755,0.029313,0.233545
AAGAAGGATCAGTTAG-1,0.000045,0.063761,0.839529,0.000045,0.096621
AAGACATACGTGGTTT-1,0.008056,0.011338,0.125109,0.003672,0.851825
AAGACCAAATAACTCA-1,0.999656,0.000115,0.000115,0.000038,0.000076
AAGACCCAACTGAACA-1,0.006396,0.23786,0.425378,0.033054,0.297312
AAGACTAACCCGTTGT-1,0.000041,0.277594,0.705882,0.000041,0.016442
AAGACTCACGCCCACT-1,0.000041,0.824728,0.167441,0.007656,0.000135
AAGACTGCAAGCTACT-1,0.004944,0.277426,0.498242,0.000034,0.219354
AAGAGATGAATCGGTA-1,0.069011,0.732466,0.198348,0.000058,0.000117
AAGAGCTCTTTATCGG-1,0.013456,0.346858,0.465337,0.05278,0.121569
AAGAGGATGTACGCGA-1,0.721491,0.277736,0.000386,0.000129,0.000257
AAGAGGCATGGATCGC-1,0.035831,0.613591,0.191898,0.063825,0.094855
AAGAGGCCCTTTGGAA-1,0.006178,0.46088,0.196718,0.264034,0.07219
AAGATGGCACCGGACC-1,0.012469,0.282605,0.324712,0.167499,0.212714
AAGATTGGCGGAACGT-1,0.000044,0.957048,0.042775,0.000044,0.000089
AAGCACCCTGCGTATC-1,0.000073,0.439364,0.214241,0.029691,0.316631
AAGCATACTCTCCTGA-1,0.00003,0.348893,0.345325,0.001753,0.303999
AAGCCACTTGCAGGTA-1,0.03079,0.310873,0.106871,0.012985,0.538481
AAGCCGAAGCGGTTTA-1,0.000058,0.324237,0.388485,0.240032,0.047188
AAGCCGCCGTGAAATC-1,0.888543,0.000202,0.000202,0.000067,0.110986
AAGCCGGAGAGCAGGA-1,0.000032,0.082917,0.471045,0.171632,0.274375
AAGCGCAGGGCTTTGA-1,0.00004,0.232318,0.123822,0.114659,0.529161
AAGCGGCGTCATGGGT-1,0.000033,0.825629,0.17424,0.000033,0.000065
AAGCGTCCCTCATCGA-1,0.106311,0.256014,0.38388,0.000062,0.253733
AAGCTAGATCGAGTAA-1,0.007424,0.318311,0.352732,0.124392,0.197142
AAGCTATGGATTGACC-1,0.627522,0.210613,0.118485,0.043259,0.000121
AAGCTCGTGCCAAGTC-1,0.010676,0.180032,0.77046,0.008482,0.030349
AAGCTCTTTCATGGTG-1,0.00007,0.158969,0.298,0.163571,0.37939
AAGGAGAACTTATAAG-1,0.000039,0.613685,0.361292,0.018218,0.006765
AAGGAGCGGTTGGTGC-1,0.034568,0.606593,0.313165,0.000044,0.04563
AAGGATCGATCGCTTG-1,0.000055,0.986631,0.000164,0.012219,0.000931
AAGGATGAGGGACCTC-1,0.000452,0.433028,0.398755,0.000378,0.167387
AAGGCAGGCTGTCTCC-1,0.04707,0.400739,0.441195,0.022164,0.088832
AAGGCGCGTAAAGCTT-1,0.052227,0.358772,0.276593,0.312341,0.000067
AAGGCTGTGCTCATCG-1,0.369359,0.608668,0.018311,0.003528,0.000134
AAGGGAACGACTGGCT-1,0.513169,0.000132,0.061287,0.000044,0.425367
AAGGGACAGATTCTGT-1,0.000039,0.72319,0.186295,0.017625,0.072851
AAGGGACTATGCATTC-1,0.727087,0.000893,0.000893,0.270531,0.000595
AAGGGTTAGCCATGCG-1,0.000031,0.839399,0.000094,0.000031,0.160445
AAGGGTTTGATTTCAG-1,0.699987,0.000076,0.13308,0.014211,0.152646
AAGGTATCCTAATATA-1,0.035706,0.411184,0.448746,0.000026,0.104338
AAGGTGATAAACCAGC-1,0.000038,0.657228,0.190192,0.00152,0.151023
AAGTAAGCTTCCAAAC-1,0.030146,0.374497,0.417639,0.000066,0.177654
AAGTAGAAGACCGGGT-1,0.000042,0.538794,0.454239,0.006841,0.000084
AAGTAGTGACGCGAGG-1,0.20019,0.182356,0.438334,0.084423,0.094697
AAGTCAATTGTCGTCA-1,0.000055,0.784415,0.037271,0.178148,0.000111
AAGTCTTCTGTGGCCT-1,0.364381,0.504209,0.130994,0.000139,0.000277
AAGTGACGACCGAATT-1,0.865398,0.002028,0.002028,0.000676,0.129871
AAGTGAGTCGGGTTTA-1,0.000043,0.513734,0.173747,0.06379,0.248686
AAGTGCAAAGGTAGAC-1,0.03876,0.396871,0.544999,0.019301,0.000069
AAGTGCCTTGACTGTA-1,0.016631,0.647525,0.249362,0.086341,0.000142
AAGTGCGTTAGAATCT-1,0.474396,0.518784,0.00341,0.001137,0.002273
AAGTGCTTCTCTATTG-1,0.05164,0.412595,0.000103,0.000034,0.535628
AAGTGTTTGGAGACGG-1,0.000061,0.516958,0.226128,0.119966,0.136887
AAGTTCACTCCAAGCT-1,0.000047,0.030674,0.389915,0.248707,0.330656
AAGTTCAGTCTGCGTA-1,0.000044,0.461538,0.538286,0.000044,0.000088
AAGTTCGGCCAACAGG-1,0.665129,0.333685,0.000593,0.000198,0.000395
AAGTTGTGATGTTATA-1,0.000093,0.313591,0.095024,0.133908,0.457384
AAGTTTACTAATGGCA-1,0.000021,0.409055,0.573979,0.014078,0.002866
AAGTTTATGGGCCCAA-1,0.00002,0.047236,0.427234,0.009812,0.515698
AATAACAACGCTCGGC-1,0.83558,0.000371,0.000371,0.000124,0.163555
AATAACACTAGAACAA-1,0.116252,0.613689,0.087034,0.072878,0.110148
AATAACGTCGCGCCCA-1,0.000009,0.175538,0.497946,0.00694,0.319566
AATAAGTCCTCGAGAC-1,0.000027,0.883169,0.105486,0.000027,0.011291
AATAATCTTCGTATCG-1,0.038295,0.113875,0.533686,0.164199,0.149945
AATACAATGTTTCAGG-1,0.032361,0.295909,0.533524,0.037617,0.10059
AATACCGGAGGGCTGT-1,0.010711,0.269646,0.363208,0.000018,0.356417
AATACCTGATGTGAAC-1,0.00342,0.049577,0.221269,0.371332,0.354402
AATAGAACAGAGTGGC-1,0.04254,0.590838,0.268871,0.000039,0.097713
AATAGAATCTGTTTCA-1,0.000027,0.111057,0.523424,0.189263,0.176229
AATAGCAAGCCTCCTG-1,0.008929,0.147982,0.783706,0.052927,0.006456
AATAGCTACCGCGTGC-1,0.000025,0.129478,0.870423,0.000025,0.000049
AATAGGCACGACCCTT-1,0.03092,0.598446,0.000173,0.000058,0.370404
AATAGTCCGTCCCGAC-1,0.000083,0.153272,0.199438,0.000076,0.64713
AATAGTCGCGAGTCGG-1,0.010789,0.557951,0.218727,0.204692,0.007841
AATATCAAGGTCGGAT-1,0.000036,0.333362,0.628586,0.037944,0.000072
AATATCCTAGCAAACT-1,0.795523,0.127803,0.000123,0.07211,0.004441
AATATCGAATCAATGC-1,0.078906,0.155791,0.177808,0.032451,0.555044
AATATCGAGGGTTCTC-1,0.000046,0.542943,0.361539,0.011437,0.084035
AATATTGGAGTATTGA-1,0.35279,0.119113,0.158061,0.000179,0.369857
AATCAGACTGCAGGAC-1,0.000033,0.112196,0.738186,0.000033,0.149551
AATCAGGTTTCATTTA-1,0.094092,0.016587,0.11886,0.009054,0.761406
AATCATGTAAAGACTC-1,0.031792,0.370513,0.085819,0.368573,0.143304
AATCCAAGGGCCTGAG-1,0.000039,0.256225,0.541801,0.01128,0.190654
AATCCATGCAAGGGTG-1,0.000048,0.485915,0.383914,0.000047,0.130076
AATCCCGCTCAGAGCC-1,0.000034,0.389776,0.253645,0.008603,0.347942
AATCGAGGTCTCAAGG-1,0.042156,0.307245,0.129203,0.245231,0.276165
AATCGCCTCAGCGCCA-1,0.001098,0.712291,0.147385,0.000987,0.138238
AATCGCGCAGAGGACT-1,0.029974,0.558228,0.258384,0.149702,0.003712
AATCGGGACACTACGA-1,0.076393,0.579709,0.245345,0.095337,0.003216
AATCGGTATAGCCCTC-1,0.000159,0.530679,0.006382,0.001414,0.461365
AATCGTGAGCCGAGCA-1,0.062387,0.734597,0.000311,0.202493,0.000211
AATCTAGGTTTACTTG-1,0.887508,0.111621,0.000436,0.000145,0.00029
AATCTATGCCGGAGCC-1,0.000052,0.505888,0.436005,0.025678,0.032376
AATCTCTACTGTGGTT-1,0.332872,0.582802,0.048602,0.035492,0.000232
AATCTGCGTTGGGACG-1,0.000051,0.592321,0.123215,0.086977,0.197435
AATCTGGCTTTCTAGT-1,0.960685,0.000341,0.000341,0.000114,0.03852
AATCTGGGTAGACCCT-1,0.000039,0.548743,0.396011,0.033012,0.022196
AATGACAGCAATGTCT-1,0.520555,0.473383,0.003031,0.00101,0.002021
AATGACGTAGGATGTC-1,0.000022,0.167791,0.571986,0.002634,0.257567
AATGACTGTCAGCCGG-1,0.057575,0.62538,0.191454,0.105615,0.019977
AATGAGTTCGCATATG-1,0.000047,0.203913,0.795897,0.000047,0.000095
AATGATGATACGCTAT-1,0.016341,0.845671,0.075134,0.000803,0.062051
AATGATGCGACTCCTG-1,0.00005,0.743774,0.073449,0.109476,0.073251
AATGCAACCGGGTACC-1,0.018536,0.538512,0.422167,0.020728,0.000057
AATGCACCAAGCAATG-1,0.000041,0.497471,0.43552,0.001021,0.065948
AATGGTCCACCGTTCA-1,0.165118,0.614678,0.000175,0.219913,0.000116
AATGGTTCTCACAAGC-1,0.007543,0.206726,0.785644,0.000029,0.000058
AATGTATGGCACTGTA-1,0.999558,0.000147,0.000147,0.000049,0.000098
AATGTGCCCGAGGTGT-1,0.534408,0.297792,0.16296,0.001613,0.003227
AATGTGCTAATCTGAG-1,0.090017,0.025724,0.206863,0.000032,0.677364
AATGTTAAGACCCTGA-1,0.09275,0.316499,0.14909,0.159262,0.282399
AATGTTGTCGTGAGAC-1,0.000065,0.547704,0.008095,0.196258,0.247878
AATTAAAGGTCGGCGT-1,0.062571,0.169418,0.672956,0.04354,0.051515
AATTAACGGATTTCCA-1,0.005108,0.31424,0.178735,0.104652,0.397264
AATTACGAGACCCATC-1,0.999392,0.000203,0.000203,0.000068,0.000135
AATTACTCGTACGCTC-1,0.000023,0.249008,0.642715,0.000023,0.108231
AATTAGCGCTGCAGCG-1,0.006867,0.29889,0.257803,0.080677,0.355763
AATTATACCCAGCAAG-1,0.002851,0.285972,0.246537,0.250761,0.213879
AATTCATAAGGGATCT-1,0.000058,0.721908,0.2163,0.012568,0.049167
AATTCATTGTCATGCA-1,0.869253,0.00012,0.00012,0.130425,0.00008
AATTCCAACTTGGTGA-1,0.000045,0.183467,0.575817,0.071332,0.169339
AATTCCAAGCATGTAC-1,0.000035,0.37434,0.085941,0.086078,0.453606
AATTCGATTCGAGGAT-1,0.000035,0.069234,0.33127,0.317405,0.282056
AATTCTAGAGTTAGGC-1,0.021811,0.383423,0.355397,0.000082,0.239288
AATTGAACGCTCTGGT-1,0.013729,0.341222,0.254313,0.00686,0.383876
AATTGCAGCAATCGAC-1,0.000135,0.138739,0.32134,0.333106,0.20668
AATTGCGTGGATTACA-1,0.916133,0.039124,0.000158,0.000053,0.044533
AATTGTGGTTGCCAAA-1,0.000021,0.258747,0.247938,0.088682,0.404612
AATTTGGGACATAGTA-1,0.04419,0.305046,0.625584,0.014742,0.010437
AATTTGGTTCCAAAGA-1,0.011779,0.385611,0.578197,0.020571,0.003841
ACAAACCATGCGTCCT-1,0.996135,0.000114,0.000114,0.000038,0.003598
ACAAACCGACAAGGCG-1,0.00002,0.615828,0.38409,0.00002,0.000041
ACAAACTCCATCAGAG-1,0.06557,0.000064,0.016282,0.218672,0.699411
ACAAAGAAGGTAGGCC-1,0.520877,0.000086,0.135273,0.000029,0.343735
ACAAAGCATGACCTAG-1,0.156649,0.598295,0.000162,0.206201,0.038692
ACAAATCGCACCGAAT-1,0.007822,0.053975,0.608334,0.085185,0.244683
ACAAATGGTAGTGTTT-1,0.000027,0.211645,0.476424,0.000593,0.31131
ACAAATTCAGATCTGA-1,0.000034,0.625201,0.361618,0.000034,0.013113
ACAACAGCATGAGCTA-1,0.000025,0.082083,0.733588,0.000055,0.184249
ACAACGGTCCCTGCGA-1,0.048576,0.150924,0.702944,0.076858,0.020699
ACAAGCAGTGCCTAGC-1,0.07866,0.415856,0.478421,0.000036,0.027028
ACAAGCTATATGGAAG-1,0.108949,0.457897,0.417226,0.015838,0.00009
ACAAGGAAATCCGCCC-1,0.000022,0.12522,0.474717,0.074947,0.325093
ACAAGGACAAGAGGTT-1,0.266446,0.644745,0.018385,0.070317,0.000107
ACAAGGATGCTTTAGG-1,0.067982,0.32107,0.036273,0.574531,0.000144
ACAAGGCCTACCAGCC-1,0.000032,0.541792,0.409915,0.000032,0.048229
ACAAGGGCAGGCTCTG-1,0.000016,0.203699,0.536413,0.014323,0.245549
ACAAGTAATTGTAAGG-1,0.39736,0.362507,0.000205,0.134418,0.105509
ACAATAGTCGTACGTT-1,0.52428,0.464606,0.005557,0.001852,0.003705
ACAATCCATTTAAACC-1,0.737036,0.240328,0.000276,0.000092,0.022268
ACAATCGATCTTTATA-1,0.00003,0.750482,0.247552,0.00003,0.001906
ACAATGAATACGGAGA-1,0.275927,0.456725,0.000713,0.266161,0.000475
ACAATGATTCTTCTAC-1,0.00005,0.401628,0.51811,0.076539,0.003673
ACAATTGTGTCTCTTT-1,0.000071,0.390245,0.000214,0.593687,0.015782
ACAATTTAGGAGGCTC-1,0.030356,0.55195,0.334812,0.070741,0.012141
ACAATTTGAGCAGTGG-1,0.018893,0.337894,0.477591,0.074843,0.090779
ACAATTTGGCCATATT-1,0.036931,0.170554,0.623062,0.090396,0.079057
ACACAAAGACGGGTGG-1,0.027601,0.763148,0.189877,0.000037,0.019337
ACACACCAGGACCAGT-1,0.000027,0.332196,0.406004,0.099097,0.162677
ACACACTTTCTACACG-1,0.023413,0.026457,0.924757,0.005741,0.019631
ACACATGATCAAATCT-1,0.813339,0.186071,0.000295,0.000098,0.000197
ACACATTGACGCAACA-1,0.024636,0.41771,0.477164,0.000044,0.080446
ACACATTTCCGTAGAC-1,0.00004,0.142273,0.181357,0.278684,0.397645
ACACCACATAATTAGC-1,0.000077,0.999464,0.00023,0.000077,0.000153
ACACCCAGCATGCAGC-1,0.035557,0.44115,0.261875,0.099074,0.162343
ACACCCGAGAAATCCG-1,0.025956,0.309201,0.651134,0.013646,0.000063
ACACCGAGCGCTCTTT-1,0.016294,0.559142,0.333498,0.021842,0.069224
ACACCGGTCTGACCGC-1,0.858903,0.000104,0.000104,0.140819,0.000069
ACACCTTAAGTAGGGC-1,0.100565,0.78925,0.107214,0.002865,0.000106
ACACCTTACTACTTGC-1,0.027215,0.929603,0.000187,0.000062,0.042934
ACACGAGACTCCTTCT-1,0.014497,0.210392,0.465981,0.036221,0.27291
ACACGGCACTATGCAT-1,0.000013,0.247677,0.752269,0.000013,0.000027
ACACGGGAACTTAGGG-1,0.028874,0.81927,0.151671,0.000062,0.000123
ACACGTAGGCCACAAG-1,0.000093,0.588774,0.143423,0.267523,0.000187
ACACTCCAATGTCACT-1,0.038788,0.204877,0.72871,0.012314,0.01531
ACACTGATCAAGGTGT-1,0.006946,0.633153,0.169089,0.114748,0.076064
ACACTGGGACAGTCGT-1,0.000103,0.415294,0.08516,0.308573,0.190871
ACAGAACTGAGAACAA-1,0.562163,0.004001,0.004001,0.001334,0.428501
ACAGATTAGGTTAGTG-1,0.000045,0.787165,0.212657,0.000045,0.000089
ACAGCATAGAGCCAGT-1,0.000043,0.58251,0.406877,0.000043,0.010526
ACAGCGACATTCTCAT-1,0.0065,0.087073,0.450807,0.176237,0.279384
ACAGCGCACCCGCAGC-1,0.013191,0.331095,0.651387,0.003196,0.001131
ACAGGCACGGATCCTT-1,0.000044,0.243653,0.16964,0.260036,0.326627
ACAGGCTTGCCCGACT-1,0.017352,0.178067,0.441094,0.166546,0.196941
ACAGGTGGAGGTGAGG-1,0.063856,0.867553,0.062043,0.000048,0.0065
ACAGGTGTGTTGTTGC-1,0.257967,0.489855,0.1908,0.000071,0.061308
ACAGTAATACAACTTG-1,0.771917,0.002805,0.002805,0.220604,0.00187
ACAGTATACCGTGGGA-1,0.000062,0.999568,0.000185,0.000062,0.000123
ACATAAGTCGTGGTGA-1,0.890348,0.088024,0.000197,0.0213,0.000131
ACATAATAAGGCGGTG-1,0.011284,0.427334,0.535523,0.025786,0.000074
ACATACAATCAAGCGG-1,0.000054,0.28748,0.372934,0.087214,0.252319
ACATCAGCTGGGACGC-1,0.155207,0.331989,0.264817,0.091978,0.15601
ACATCCCGGCCATACG-1,0.037963,0.120452,0.416937,0.066047,0.358602
ACATCCTGGTAACTGT-1,0.02097,0.169869,0.424928,0.235502,0.148731
ACATCGATCGTTTACC-1,0.019542,0.198218,0.456862,0.24276,0.082617
ACATCGCAATATTCGG-1,0.021611,0.264581,0.320825,0.000028,0.392954
ACATCGGTCAGCCGCG-1,0.459158,0.540142,0.00035,0.000117,0.000233
ACATCGTATGCAATGG-1,0.000026,0.169235,0.480392,0.102352,0.247995
ACATCGTTAACCTAGT-1,0.000032,0.557093,0.44278,0.000032,0.000063
ACATCTCAACGCGTAA-1,0.000028,0.816699,0.17939,0.000028,0.003854
ACATGGCGCCAAAGTA-1,0.000039,0.277037,0.214347,0.444638,0.063939
ACATGGCTCAATTTAG-1,0.000033,0.034068,0.802292,0.017532,0.146075
ACATTAGTTTATATCC-1,0.000045,0.126443,0.560516,0.102883,0.210113
ACATTCGCGCGGAATA-1,0.112608,0.000037,0.427854,0.00117,0.458332
ACATTTGAAACCTAAC-1,0.00004,0.196528,0.163627,0.144921,0.494885
ACCAAACACCCAGCGA-1,0.000035,0.530773,0.402419,0.066703,0.00007
ACCAAACTAGAAATCC-1,0.000026,0.571196,0.424712,0.000026,0.004042
ACCAACACCACACACT-1,0.000027,0.360565,0.633909,0.000564,0.004936
ACCAACCGCACTCCAC-1,0.030433,0.319022,0.000141,0.650309,0.000094
ACCAACGCTTATTTAT-1,0.014198,0.585688,0.246221,0.000048,0.153846
ACCAAGAACGCGTGTC-1,0.00004,0.766305,0.221161,0.012412,0.000081
ACCAAGTCATCGGCAG-1,0.000024,0.001876,0.416043,0.0201,0.561956
ACCAATATGCAAGTTA-1,0.009308,0.051004,0.205491,0.361527,0.37267
ACCACAACTCAGAACA-1,0.000028,0.760414,0.238437,0.000028,0.001093
ACCACAAGTTTCTATC-1,0.082225,0.186524,0.551597,0.160386,0.019267
ACCACACGGTTGATGG-1,0.070511,0.394835,0.111849,0.241926,0.180879
ACCACCAATGTAACAA-1,0.027655,0.651538,0.084096,0.23218,0.004531
ACCACCCTCTCTTCTA-1,0.029596,0.869632,0.000376,0.094297,0.006099
ACCACGTGCAGCTATA-1,0.000041,0.34668,0.403416,0.03504,0.214823
ACCACTGTTCAAGAAG-1,0.000033,0.291052,0.571459,0.026673,0.110783
ACCAGACCATAACAAC-1,0.245414,0.000496,0.244432,0.197473,0.312185
ACCAGCCCGGTCTTTG-1,0.000026,0.553687,0.163168,0.00166,0.281458
ACCAGGAGTGTGATCT-1,0.006337,0.75752,0.23598,0.000054,0.000108
ACCAGTGCCCGGTCAA-1,0.000038,0.535879,0.450069,0.000038,0.013976
ACCAGTGCGGGAGACG-1,0.000031,0.506071,0.405725,0.07803,0.010143
ACCATATCCGCAATAA-1,0.054359,0.380466,0.474596,0.019681,0.070899
ACCATCCGCCAACTAG-1,0.42281,0.000517,0.238579,0.000172,0.337922
ACCATCGTATATGGTA-1,0.311485,0.205549,0.042005,0.440797,0.000164
ACCATTAAGGGTGTCA-1,0.000024,0.056911,0.757519,0.001625,0.183921
ACCCAACGCCCGTGGC-1,0.031373,0.051698,0.714355,0.080392,0.122182
ACCCACCTACATGCTC-1,0.015752,0.014693,0.912333,0.020848,0.036374
ACCCATCTTGAGGGTA-1,0.547114,0.04833,0.15173,0.054228,0.198598
ACCCATTTGTCCCTCT-1,0.082683,0.059837,0.01583,0.220297,0.621353
ACCCGAGCGAAATTAC-1,0.34727,0.601928,0.00056,0.000187,0.050056
ACCCGATTGGTTCCGA-1,0.040806,0.000077,0.000077,0.000026,0.959015
ACCCGGAAACTCCCAG-1,0.00005,0.576204,0.22304,0.00493,0.195775
ACCCGGAGCACCACAA-1,0.008383,0.008979,0.537071,0.120709,0.324859
ACCCGGATGACGCATC-1,0.000043,0.282746,0.479727,0.150548,0.086935
ACCCGGTTACACTTCC-1,0.118014,0.821458,0.000223,0.000074,0.060231
ACCCGTAGCAGAGAAT-1,0.829962,0.001215,0.134697,0.033316,0.00081
ACCCGTAGTCTAGTTG-1,0.00004,0.199092,0.010528,0.00004,0.790299
ACCCGTGTCATCAGTA-1,0.040941,0.029225,0.408372,0.092327,0.429136
ACCCTATAGGACTGAG-1,0.085749,0.524151,0.369512,0.020456,0.000132
ACCCTATGCCATATCG-1,0.03639,0.572897,0.060256,0.000072,0.330385
ACCCTCCCGTCAGGGC-1,0.000024,0.000071,0.229962,0.252851,0.517092
ACCCTCCCTTGCTATT-1,0.008858,0.04858,0.29825,0.259484,0.384828
ACCCTGGTAACGCCCT-1,0.000061,0.373967,0.177434,0.431186,0.017352
ACCCTTCATCTGCGAA-1,0.00003,0.210715,0.76558,0.002044,0.021631
ACCCTTTAGTTCTCCA-1,0.000032,0.493401,0.439707,0.012718,0.054142
ACCGAAAGGGCCCTGC-1,0.018864,0.137704,0.657389,0.000039,0.186004
ACCGAAGAGTCTGGTT-1,0.977548,0.000193,0.000193,0.000064,0.022002
ACCGACACATCTCCCA-1,0.026597,0.27368,0.132359,0.193909,0.373455
ACCGACTGAGTCCCAC-1,0.027065,0.350597,0.618097,0.00154,0.002702
ACCGAGTCTCCTTATT-1,0.059381,0.01749,0.000114,0.362549,0.560466
ACCGATAGGCATAACC-1,0.001762,0.011121,0.487975,0.278436,0.220706
ACCGATATTTAATCAT-1,0.000111,0.58368,0.016061,0.380082,0.020066
ACCGATGGTAGCATCG-1,0.000044,0.442207,0.311666,0.031824,0.214259
ACCGCAATAACTGCCT-1,0.000049,0.313088,0.160121,0.120813,0.405929
ACCGCGGTGGAAGTCG-1,0.067568,0.743894,0.056411,0.131954,0.000173
ACCGCTAGTCATTGGT-1,0.046332,0.488516,0.010059,0.004059,0.451033
ACCGGGCCTTTGTTGA-1,0.018579,0.324396,0.37325,0.146934,0.13684
ACCGGTCAGGTACACC-1,0.885272,0.000154,0.000154,0.114316,0.000103
ACCGGTCTGAGTACGG-1,0.000039,0.454271,0.51281,0.026456,0.006423
ACCGTCCACTGGGCCC-1,0.918438,0.000129,0.000129,0.000043,0.081262
ACCGTGACCACGTGGG-1,0.024988,0.175779,0.418705,0.01688,0.363648
ACCGTTCCCGCTCTGA-1,0.00002,0.118577,0.87051,0.00002,0.010874
ACCTAAGTACCTTTCA-1,0.714266,0.281862,0.001936,0.000645,0.001291
ACCTAATCGACTTCCT-1,0.326478,0.019479,0.250837,0.005552,0.397654
ACCTACAGTATGTGGT-1,0.049231,0.515656,0.380158,0.043736,0.011218
ACCTACTATAAATCTA-1,0.006785,0.329235,0.009172,0.055658,0.59915
ACCTCCGCCCTCGCTG-1,0.000118,0.332546,0.019149,0.16466,0.483527
ACCTCCGTTATTCACC-1,0.086327,0.519952,0.000248,0.341368,0.052105
ACCTCGAACTTATGCT-1,0.905744,0.093817,0.00022,0.000073,0.000146
ACCTGCGTGTCATGTT-1,0.976305,0.007898,0.007899,0.002633,0.005265
ACCTTTCCTTTAGAAG-1,0.000033,0.727612,0.262774,0.000033,0.009548
ACGAAATGGGCGGCAC-1,0.200478,0.680536,0.009056,0.109789,0.000142
ACGACCCATGAGTTGC-1,0.03629,0.021389,0.553515,0.0653,0.323505
ACGACTCTAGGGCCGA-1,0.006138,0.014277,0.178026,0.487352,0.314207
ACGACTGGTCATACTC-1,0.088341,0.812493,0.049802,0.008128,0.041235
ACGAGAACCCATCACG-1,0.000145,0.435543,0.483619,0.000027,0.080667
ACGAGATATTTGCTTA-1,0.00004,0.453015,0.530279,0.009489,0.007176
ACGAGGATACCACTCT-1,0.797569,0.196179,0.003126,0.001042,0.002084
ACGAGGTTTACAACGT-1,0.56487,0.000099,0.165969,0.143752,0.12531
ACGAGTACGGATGCCC-1,0.000042,0.743325,0.238449,0.007749,0.010436
ACGAGTCGCCGGCGTT-1,0.012602,0.274261,0.466932,0.18287,0.063334
ACGATACATAGAACTA-1,0.000018,0.065303,0.934624,0.000018,0.000037
ACGATACCTATCCTGA-1,0.044096,0.237219,0.474598,0.153668,0.090418
ACGATCATACATAGAG-1,0.011648,0.446993,0.389808,0.151473,0.000077
ACGATCATCTTGTAAA-1,0.000044,0.430343,0.263923,0.12351,0.182181
ACGATGCATATGTTAT-1,0.286346,0.254302,0.15878,0.263727,0.036845
ACGATGGATCCGATGC-1,0.047085,0.5929,0.355838,0.000033,0.004144
ACGCAAACTAATAGAT-1,0.000019,0.078216,0.702692,0.000019,0.219055
ACGCAATCACTACAGC-1,0.000047,0.491444,0.495217,0.012122,0.00117
ACGCATAAATGACATG-1,0.000051,0.555029,0.39971,0.028491,0.01672
ACGCATACGTTTACTA-1,0.091666,0.105367,0.468563,0.158201,0.176203
ACGCATTCGTGAGTAC-1,0.02985,0.146942,0.731957,0.016029,0.075221
ACGCCACTCGAAACAG-1,0.031345,0.007304,0.201596,0.415112,0.344643
ACGCCAGATGATTTCT-1,0.009443,0.201134,0.728983,0.020358,0.040082
ACGCCAGTGCGTTTGC-1,0.000098,0.09928,0.089319,0.114817,0.696486
ACGCCCAGCTGTCGAT-1,0.000026,0.724834,0.275059,0.000026,0.000054
ACGCCGCTAGACGACC-1,0.00585,0.233435,0.563964,0.025708,0.171043
ACGCGAAGTCAGACGA-1,0.000047,0.259337,0.411646,0.038692,0.290278
ACGCGCTACACAGGGT-1,0.669787,0.085167,0.000226,0.244669,0.000151
ACGCGGGCCAAGGACA-1,0.046003,0.196456,0.482086,0.170814,0.10464
ACGCGTTTCTTAAGAG-1,0.038811,0.080416,0.573954,0.000022,0.306796
ACGCTACTGAATGGGC-1,0.000583,0.40476,0.263,0.010457,0.3212
ACGCTAGTGATACACT-1,0.000063,0.98473,0.011883,0.000063,0.003261
ACGCTGTGAGGCGTAG-1,0.635358,0.001266,0.001266,0.361266,0.000844
ACGCTTAGTGTCTCTC-1,0.011009,0.709034,0.171733,0.043878,0.064347
ACGGAACACGAGTGCC-1,0.000044,0.411571,0.178011,0.036067,0.374308
ACGGAATTTAGCAAAT-1,0.000062,0.436118,0.563635,0.000062,0.000123
ACGGACGCAGCGACAA-1,0.607125,0.119713,0.188301,0.043376,0.041485
ACGGACTCTCAAAGCG-1,0.000046,0.282548,0.254585,0.336919,0.125902
ACGGAGCGCAAATTAC-1,0.000035,0.4551,0.53816,0.006637,0.000069
ACGGATGGTGCGGATA-1,0.000074,0.311398,0.068028,0.421175,0.199325
ACGGCACTTGCTTGGG-1,0.003063,0.432244,0.122762,0.000049,0.441882
ACGGCCAACATGGACT-1,0.026816,0.451181,0.108933,0.271019,0.142051
ACGGCGACGATGGGAA-1,0.000043,0.467987,0.092154,0.03289,0.406926
ACGGCGGGTTGCCCTG-1,0.000056,0.540446,0.424706,0.011139,0.023654
ACGGCTGGATGTAGAA-1,0.886328,0.000409,0.000409,0.000136,0.112717
ACGGGAGTGTCGGCCC-1,0.927224,0.06965,0.001563,0.000521,0.001042
ACGGGCGTATGCGACA-1,0.040463,0.751556,0.011159,0.19668,0.000142
ACGGGTCATGTGACTT-1,0.011434,0.399058,0.406153,0.010729,0.172627
ACGGGTTGTGACCTGT-1,0.921372,0.000551,0.077527,0.000184,0.000367
ACGGTACAGTTCAATG-1,0.00003,0.009079,0.360052,0.220427,0.410413
ACGGTCACCGAGAACA-1,0.854711,0.027952,0.000105,0.117162,0.00007
ACGTACAGATTTCTCT-1,0.000021,0.130911,0.836273,0.000021,0.032775
ACGTACTTTGGCACGG-1,0.046043,0.04989,0.088458,0.062,0.753608
ACGTAGATTGCTGATG-1,0.033903,0.176839,0.582797,0.039084,0.167377
ACGTAGGAGAGTCGCT-1,0.000033,0.111432,0.07987,0.34446,0.464206
ACGTATTACTCCGATC-1,0.000043,0.335895,0.412434,0.071228,0.1804
ACGTCCTAAACGAGAT-1,0.000031,0.719697,0.19549,0.070343,0.014439
ACGTCGGGCAACTCGG-1,0.999651,0.000116,0.000116,0.000039,0.000078
ACGTCTCGTTCCGGGA-1,0.6978,0.283202,0.003708,0.000056,0.015234
ACGTGACAAAGTAAGT-1,0.859479,0.138921,0.0008,0.000267,0.000533
ACGTGCGCCTCGTGCA-1,0.035563,0.46901,0.454032,0.010938,0.030457
ACGTGGTCGAATGTGC-1,0.000031,0.654955,0.311709,0.023507,0.009799
ACGTTAATGTCGAAGA-1,0.000035,0.153703,0.628294,0.059654,0.158314
ACGTTAGATTTGCCCG-1,0.459796,0.212688,0.006482,0.320912,0.000121
ACGTTATTGGTCACTC-1,0.017646,0.079653,0.795582,0.00265,0.104468
ACGTTCACTATGCCGC-1,0.039216,0.293748,0.212538,0.012794,0.441705
ACGTTCCGCGCTCCGT-1,0.052015,0.606439,0.30822,0.000052,0.033274
ACGTTCGCAATCAATT-1,0.019626,0.371696,0.000201,0.608343,0.000134
ACGTTCGTTCAGGAAA-1,0.000428,0.274164,0.063564,0.030853,0.630991
ACGTTCTGTACAAGTC-1,0.065084,0.208543,0.000284,0.725899,0.00019
ACGTTGTCGTTGAAAG-1,0.043959,0.255344,0.105471,0.26019,0.335035
ACGTTTAGTTGTGATC-1,0.000034,0.26817,0.731694,0.000034,0.000068
ACGTTTCGGTGCACTT-1,0.039686,0.282657,0.290359,0.145572,0.241726
ACTAATACGTCAGGCG-1,0.000015,0.383252,0.616074,0.000015,0.000645
ACTACAAAGAGAGGTG-1,0.081941,0.040599,0.000233,0.000078,0.87715
ACTACATCCCGACAAG-1,0.902841,0.000121,0.000121,0.00004,0.096876
ACTACCAGCTCTCTGG-1,0.097859,0.13169,0.337971,0.321608,0.110871
ACTACCATCCGAGGGC-1,0.045873,0.064586,0.448991,0.014753,0.425797
ACTACGCGTTAGAATT-1,0.000037,0.456305,0.153738,0.028257,0.361662
ACTAGTTGCGATCGTC-1,0.247782,0.406926,0.142025,0.043887,0.15938
ACTATATGCTGTGTTC-1,0.000048,0.398082,0.566097,0.019622,0.01615
ACTATCCAGGGCATGG-1,0.000058,0.999594,0.000174,0.000058,0.000116
ACTATCGCCGGCTAAA-1,0.000045,0.677435,0.19282,0.000045,0.129655
ACTATCTGCCCGCGTA-1,0.027617,0.154047,0.331668,0.230774,0.255894
ACTATGTCCAGCTGCC-1,0.772814,0.00015,0.00015,0.226785,0.0001
ACTATTCGTCCGTGGT-1,0.000034,0.555779,0.441013,0.003104,0.000069
ACTATTTCCGGGCCCA-1,0.021224,0.20847,0.330176,0.035829,0.404301
ACTCAACGAATGTATT-1,0.000032,0.447503,0.4394,0.02472,0.088345
ACTCAAGTGCAAGGCT-1,0.000037,0.000112,0.627284,0.23182,0.140746
ACTCAATAAAGGCACG-1,0.006711,0.67959,0.034065,0.279521,0.000114
ACTCAGACCTGCTTCT-1,0.05559,0.555692,0.388537,0.00006,0.000121
ACTCATGGCAGCCTTC-1,0.950526,0.000126,0.000126,0.000042,0.049179
ACTCCAATATCATCAT-1,0.172789,0.000246,0.178871,0.042025,0.606068
ACTCCCATTCCTAAAG-1,0.658579,0.002001,0.002001,0.336086,0.001334
ACTCCCGAATTCGTTT-1,0.000033,0.238985,0.591158,0.051792,0.118032
ACTCCCGTAGACTAGG-1,0.172598,0.617648,0.020824,0.188734,0.000197
ACTCCCTAATGCTAAA-1,0.000058,0.486855,0.283849,0.014732,0.214505
ACTCCCTAGAATAGTA-1,0.009797,0.241303,0.271094,0.028988,0.448819
ACTCCGGCCGACCACT-1,0.000086,0.986989,0.000258,0.000086,0.01258
ACTCGATGTATTTCAT-1,0.000027,0.055485,0.889664,0.001609,0.053216
ACTCGCCGTTCGATAA-1,0.000054,0.333565,0.150443,0.271228,0.244709
ACTCGCGATCTGACGC-1,0.000096,0.141342,0.714738,0.063372,0.080453
ACTCGTAACCCGTCCT-1,0.774633,0.221685,0.001841,0.000614,0.001227
ACTCGTCAGTAATCCC-1,0.014519,0.122519,0.494216,0.09291,0.275836
ACTCTAAACCTGGGAT-1,0.014818,0.451819,0.188205,0.077737,0.267422
ACTCTCTGACTTAGGT-1,0.017167,0.338565,0.067129,0.186021,0.391117
ACTCTCTTATACACGA-1,0.000035,0.399714,0.533244,0.000035,0.066971
ACTCTGACCTAATAGA-1,0.025957,0.012303,0.096271,0.668565,0.196904
ACTCTTCAGCTCCCGC-1,0.009144,0.3451,0.480025,0.052666,0.113064
ACTCTTGTATAGTAAC-1,0.009567,0.001318,0.855142,0.020221,0.113752
ACTGAAACGCCGTTAG-1,0.037198,0.53947,0.108314,0.177486,0.137531
ACTGAATGGCGAAAGT-1,0.000037,0.495754,0.233661,0.04875,0.221799
ACTGATTTAGTGATTC-1,0.00006,0.869359,0.1304,0.00006,0.000121
ACTGCCCGCCATTCTC-1,0.02458,0.006648,0.556407,0.000018,0.412346
ACTGCCGTCGTAACTC-1,0.02874,0.599434,0.371673,0.000051,0.000102
ACTGCGGACACACCGT-1,0.002793,0.483682,0.460539,0.052677,0.000309
ACTGCTCGGAAGGATG-1,0.77513,0.224159,0.000356,0.000119,0.000237
ACTGGGATGCCAGTGC-1,0.010094,0.01236,0.128021,0.029647,0.819878
ACTGTACGATACACAT-1,0.000033,0.257332,0.714368,0.0282,0.000066
ACTGTAGCACTTTGGA-1,0.237605,0.758111,0.004087,0.000066,0.000131
ACTGTATACGCGAGCA-1,0.029064,0.387167,0.583613,0.000052,0.000104
ACTGTCCAGGATTATA-1,0.038495,0.243242,0.461386,0.239831,0.017046
ACTGTCTTCTTTAGAA-1,0.008054,0.291212,0.608307,0.017886,0.074542
ACTGTGCTAGTAGATC-1,0.000035,0.025219,0.957686,0.016992,0.000069
ACTGTTTAGTGTAGGC-1,0.000043,0.661716,0.323975,0.000043,0.014223
ACTTACCGGGCGCGCA-1,0.002633,0.542462,0.223457,0.198354,0.033093
ACTTACGCATCCACGC-1,0.030586,0.069502,0.339197,0.186987,0.373727
ACTTAGTACGACAAGA-1,0.000055,0.541828,0.457951,0.000055,0.00011
ACTTATACTTACCCGG-1,0.000291,0.650012,0.203569,0.01902,0.127109
ACTTATCTGATCTATA-1,0.000083,0.458257,0.435332,0.001975,0.104353
ACTTATTAGGATCGGT-1,0.063318,0.701538,0.170853,0.064173,0.000117
ACTTATTTATGTGCCA-1,0.000046,0.761254,0.110134,0.015645,0.112921
ACTTCAGGCTGATCCC-1,0.000038,0.115716,0.442857,0.191927,0.249462
ACTTCCAGTGGAAGCT-1,0.999209,0.000264,0.000264,0.000088,0.000176
ACTTCCATGCGGGACA-1,0.00005,0.187441,0.364926,0.248253,0.199329
ACTTCGCCATACGCAC-1,0.10763,0.358746,0.315081,0.015867,0.202676
ACTTCGCTAGCGAGTG-1,0.000065,0.561673,0.438069,0.000065,0.000129
ACTTGACTCCCTCTTT-1,0.037776,0.03846,0.470269,0.027523,0.425972
ACTTGCCATATTGTAC-1,0.000065,0.530543,0.362296,0.070451,0.036645
ACTTGCTCTATCTACC-1,0.979726,0.000171,0.000171,0.000057,0.019876
ACTTGGGACCCGGTGG-1,0.081077,0.413157,0.228392,0.274025,0.003349
ACTTGTAGTCCCTTCA-1,0.795328,0.000626,0.06915,0.000209,0.134686
ACTTGTGGATGGAACG-1,0.107559,0.147835,0.633438,0.077252,0.033916
ACTTGTTACCGGATCA-1,0.00003,0.245397,0.144206,0.140783,0.469584
ACTTTACCCTCATGAA-1,0.000043,0.318496,0.57852,0.01044,0.092501
ACTTTATACACCACTT-1,0.925445,0.038681,0.000489,0.017997,0.017389
ACTTTCCTATAGCTTC-1,0.046584,0.181034,0.56964,0.17788,0.024862
ACTTTGACTGCATCCT-1,0.425737,0.35971,0.212469,0.000695,0.001389
ACTTTGGTCGTGCTCC-1,0.895159,0.000426,0.103989,0.000142,0.000284
ACTTTGTCGACGCACT-1,0.000053,0.051706,0.710548,0.078624,0.159069
AGAAATTATGACTCGC-1,0.02252,0.104585,0.462507,0.203498,0.206889
AGAACCCAGCGTGACA-1,0.069701,0.378688,0.335397,0.180361,0.035853
AGAACCCTCAATTGGG-1,0.922264,0.000116,0.000116,0.077427,0.000077
AGAACGTGGTACATTC-1,0.03099,0.3389,0.474208,0.145299,0.010603
AGAACTGTACTTTGTA-1,0.000031,0.024641,0.394793,0.024398,0.556138
AGAAGAGCGCCGTTCC-1,0.000621,0.474166,0.523349,0.000621,0.001243
AGAAGGTACACTTCAC-1,0.782657,0.029357,0.042146,0.145657,0.000183
AGAAGGTTGCCGAATT-1,0.151515,0.847927,0.000279,0.000093,0.000186
AGAAGGTTGTAGGTCG-1,0.000026,0.043808,0.564697,0.184845,0.206624
AGAAGTGATTCGTGAT-1,0.859266,0.001196,0.001196,0.000399,0.137944
AGAATAAATCTTCAGG-1,0.461622,0.537614,0.000382,0.000127,0.000255
AGAATACAGGCTATCC-1,0.000029,0.111153,0.271444,0.276902,0.340471
AGAATGCGGGTTCGGA-1,0.000036,0.398457,0.547158,0.051826,0.002523
AGAATTATGGATTCGA-1,0.000039,0.74353,0.144288,0.062664,0.049479
AGAATTGTTTGACATA-1,0.024937,0.510491,0.445642,0.016706,0.002225
AGACAGCTCAGAATCC-1,0.03731,0.386746,0.414678,0.008924,0.152342
AGACAGGCATCTCAGC-1,0.009066,0.052754,0.563288,0.024072,0.35082
AGACATAGATCCTTCC-1,0.046834,0.5896,0.322435,0.000051,0.04108
AGACCAAACCACACCT-1,0.822136,0.110148,0.033714,0.000094,0.033908
AGACCATGGGATACAA-1,0.000019,0.004346,0.911894,0.071129,0.012612
AGACCCACCGCTGATC-1,0.029659,0.356331,0.380446,0.168912,0.064652
AGACCCGCCCTCCTCG-1,0.073516,0.213856,0.424049,0.187198,0.101381
AGACCGCTCCGCGGTT-1,0.102422,0.330434,0.256063,0.293771,0.01731
AGACCGGGAAACCCTG-1,0.508944,0.002779,0.485499,0.000926,0.001852
AGACGAAGTGCCGGTC-1,0.000053,0.420246,0.194753,0.262773,0.122174
AGACGACGATGCCGCT-1,0.566869,0.430609,0.001261,0.00042,0.000841
AGACGCCCACTTCGCC-1,0.002346,0.024451,0.524237,0.184529,0.264438
AGACGGGATTGGTATA-1,0.00004,0.76257,0.108705,0.107156,0.021528
AGACGGGCCGATTTAA-1,0.00003,0.588664,0.364243,0.034985,0.012079
AGACTAGCCTTCCAGA-1,0.118522,0.306905,0.325797,0.00264,0.246136
AGACTGTTACCGGGTC-1,0.052251,0.069131,0.031245,0.422608,0.424764
AGAGAAACACCAGAAA-1,0.072806,0.497825,0.004124,0.000457,0.424789
AGAGAACCGTCTAGGA-1,0.000033,0.658823,0.259357,0.00203,0.079757
AGAGAAGGAGTACAAT-1,0.220532,0.681988,0.000402,0.000134,0.096944
AGAGATCTCTAAAGCG-1,0.426551,0.134106,0.003126,0.434133,0.002084
AGAGCAGTTATGAGAC-1,0.017809,0.163684,0.683593,0.093073,0.041841
AGAGCCGCCGAGATTT-1,0.000055,0.162565,0.42191,0.085074,0.330396
AGAGCGGGCTAATCAT-1,0.016473,0.465008,0.488721,0.029707,0.000091
AGAGCGTACAAGCTCG-1,0.007093,0.201958,0.789208,0.001682,0.000059
AGAGCTACGAAAGCAT-1,0.058256,0.406928,0.354886,0.179843,0.000087
AGAGGCTTCGGAAACC-1,0.039139,0.955375,0.000234,0.002876,0.002376
