Barcode,Topic 1to4,Topic 5to8,Topic 9,Topic 10to11
AAACAAGTATCTCCCA-1,0.098854,0.66995,0.22098,0.010216
AAACAATCTACTAGCA-1,0.007889,0.940577,0.000029,0.051505
AAACACCAATAACTGC-1,0.000127,0.000127,0.584978,0.414768
AAACAGAGCGACTCCT-1,0.071351,0.920554,0.008036,0.000059
AAACAGCTTTCAGAAG-1,0.414757,0.538855,0.000023,0.046365
AAACAGGGTCTATATT-1,0.077662,0.467387,0.259899,0.195052
AAACAGTGTTCCTGGG-1,0.00008,0.148181,0.605865,0.245874
AAACATTTCCCGGATT-1,0.000228,0.000228,0.510633,0.488911
AAACCACTACACAGAT-1,0.000221,0.954681,0.014111,0.030988
AAACCCGAACGAAATC-1,0.321587,0.065697,0.007023,0.605692
AAACCGGAAATGTTAA-1,0.344723,0.25631,0.070103,0.328864
AAACCGGGTAGGTACC-1,0.44315,0.528703,0.000029,0.028117
AAACCGTTCGTCCAGG-1,0.000223,0.303357,0.454094,0.242326
AAACCTAAGCAGCCGG-1,0.003769,0.052185,0.943987,0.000058
AAACCTCATGAAGTTG-1,0.198508,0.76086,0.010841,0.029791
AAACGAAGAACATACC-1,0.287019,0.712927,0.000018,0.000035
AAACGAAGATGGAGTA-1,0.171915,0.328556,0.380966,0.118563
AAACGACAGTCTTGCC-1,0.335104,0.588353,0.021365,0.055178
AAACGAGACGGTTGAT-1,0.288671,0.560351,0.036119,0.114859
AAACGCCCGAGATCGG-1,0.000196,0.910119,0.000049,0.089637
AAACGCTGGGCACGAC-1,0.000231,0.124389,0.768792,0.106587
AAACGGGCGTACGGGT-1,0.058746,0.049976,0.891247,0.000031
AAACGGGTTGGTATCC-1,0.000256,0.969768,0.029847,0.000128
AAACGGTTGCGAACTG-1,0.000183,0.11328,0.571344,0.315193
AAACGTGTTCGCCCTA-1,0.756567,0.22922,0.000015,0.014198
AAACTAACGTGGCGAC-1,0.351795,0.550423,0.018045,0.079737
AAACTCGGTTCGCAAT-1,0.00012,0.195304,0.804515,0.00006
AAACTCGTGATATAAG-1,0.633095,0.334608,0.032274,0.000023
AAACTGCTGGCTCCAA-1,0.043951,0.521086,0.4176,0.017363
AAACTTAATTGCACGC-1,0.000094,0.000094,0.521962,0.47785
AAACTTGCAAACGTAT-1,0.33467,0.471309,0.193971,0.00005
AAAGAATGTGGACTAA-1,0.001592,0.102934,0.744594,0.15088
AAAGACATGAAGTTTA-1,0.327014,0.601877,0.04689,0.024219
AAAGACCCAAGTCGCG-1,0.522707,0.477237,0.000019,0.000038
AAAGACTGGGCGCTTT-1,0.471543,0.498469,0.000016,0.029972
AAAGCTTGCCTACATA-1,0.617957,0.382018,0.000009,0.000017
AAAGGCCCTATAATAC-1,0.125773,0.015478,0.745235,0.113514
AAAGGCTACGGACCAT-1,0.000094,0.134313,0.859717,0.005876
AAAGGCTCTCGCGCCG-1,0.237761,0.054178,0.439994,0.268068
AAAGGGATGTAGCAAG-1,0.158866,0.486945,0.000057,0.354132
AAAGGGCAGCTTGAAT-1,0.143245,0.856671,0.000028,0.000056
AAAGGTAAGCTGTACC-1,0.00821,0.926572,0.021352,0.043866
AAAGTAGCATTGCTCA-1,0.099237,0.175057,0.725668,0.000038
AAAGTCACTGATGTAA-1,0.078912,0.920988,0.000034,0.000067
AAAGTCGACCCTCAGT-1,0.609207,0.374026,0.000011,0.016757
AAAGTGCCATCAATTA-1,0.063718,0.000074,0.547619,0.388589
AAAGTGTGATTTATCT-1,0.382421,0.417736,0.015821,0.184022
AAAGTTGACTCCCGTA-1,0.187642,0.735767,0.07654,0.000051
AAATAACCATACGGGA-1,0.478162,0.50566,0.00002,0.016158
AAATAAGGTAGTGCCC-1,0.46476,0.529009,0.005081,0.00115
AAATACCTATAAGCAT-1,0.000197,0.213059,0.179245,0.6075
AAATAGCTTAGACTTT-1,0.304637,0.6496,0.000019,0.045744
AAATAGGGTGCTATTG-1,0.028117,0.241676,0.73012,0.000087
AAATCCGATACACGCC-1,0.079017,0.000127,0.451165,0.469691
AAATCGCGGAAGGAGT-1,0.127003,0.23436,0.462082,0.176554
AAATCGTGTACCACAA-1,0.565749,0.36909,0.000036,0.065125
AAATCTAGCCCTGCTA-1,0.43078,0.000059,0.261084,0.308077
AAATGACTGATCAAAC-1,0.000229,0.075774,0.923882,0.000115
AAATGATTCGATCAGC-1,0.184223,0.815706,0.000024,0.000048
AAATGCTCGTTACGTT-1,0.305257,0.69465,0.000031,0.000062
AAATGGCATGTCTTGT-1,0.785454,0.17563,0.00002,0.038895
AAATGGCCCGTGCCCT-1,0.000105,0.514251,0.411075,0.074568
AAATGGTCAATGTGCC-1,0.515551,0.450771,0.033634,0.000044
AAATGTGGGTGCTCCT-1,0.000219,0.999616,0.000055,0.00011
AAATTAACGGGTAGCT-1,0.541343,0.44849,0.003704,0.006463
AAATTAATAAGCGCGA-1,0.200224,0.458412,0.267809,0.073556
AAATTACACGACTCTG-1,0.41787,0.582039,0.00003,0.00006
AAATTACCTATCGATG-1,0.558148,0.362819,0.07901,0.000024
AAATTCCAGGTCCAAA-1,0.766849,0.233112,0.000013,0.000026
AAATTGATAGTCCTTT-1,0.00025,0.342214,0.527824,0.129712
AAATTGCGGCGGTTCT-1,0.000149,0.99974,0.000037,0.000074
AAATTGGTGAGAAGCA-1,0.203169,0.789598,0.000026,0.007207
AAATTTACCGAAATCC-1,0.03795,0.893809,0.068156,0.000086
AAATTTGCGGGTGTGG-1,0.298213,0.185589,0.516151,0.000047
AACAACTGGTAGTTGC-1,0.497447,0.469385,0.000952,0.032217
AACAATACATTGTCGA-1,0.000108,0.328953,0.662637,0.008302
AACAATTACTCTACGC-1,0.357696,0.584958,0.043872,0.013473
AACACACGCTCGCCGC-1,0.149742,0.290471,0.41317,0.146616
AACACGACTGTACTGA-1,0.639704,0.315311,0.000018,0.044966
AACACGAGACGCGGCC-1,0.001277,0.666063,0.188443,0.144218
AACACGCGGCCGCGAA-1,0.020244,0.979682,0.000025,0.00005
AACAGCTGTGTGGCAA-1,0.000121,0.164087,0.73259,0.103202
AACAGGAAATCGAATA-1,0.175789,0.824123,0.000029,0.000058
AACAGGATGGGCCGCG-1,0.217886,0.781972,0.000047,0.000095
AACAGGTAGTATGGAT-1,0.125727,0.368606,0.217116,0.288551
AACATAGCGTGTATCG-1,0.000139,0.221151,0.77864,0.00007
AACATATCAACTGGTG-1,0.551803,0.448146,0.000017,0.000034
AACATCGATACGTCTA-1,0.656971,0.342987,0.000014,0.000028
AACATTGAAGTTGATC-1,0.313621,0.016379,0.333546,0.336455
AACATTGGTCAGCCGT-1,0.000208,0.999635,0.000052,0.000104
AACATTGTGACTCGAG-1,0.000444,0.127191,0.515102,0.357263
AACCAAGACTTCTCTG-1,0.716333,0.171882,0.000012,0.111773
AACCAGTATCACTCTT-1,0.549297,0.450595,0.000036,0.000072
AACCATAGGGTTGAAC-1,0.000153,0.09485,0.437529,0.467468
AACCATGGGATCGCTA-1,0.02065,0.945172,0.000039,0.034138
AACCCAGAGACGGAGA-1,0.51436,0.415456,0.000024,0.07016
AACCCATCCCATGATC-1,0.074882,0.100773,0.297568,0.526778
AACCCGACAACCCGTG-1,0.000104,0.04341,0.594967,0.361518
AACCCGAGCAGAATCG-1,0.208612,0.198693,0.449134,0.143561
AACCCGATAGGGCTTC-1,0.021831,0.978041,0.000042,0.000085
AACCCGCTGTATTCCA-1,0.000183,0.194115,0.755346,0.050356
AACCCTACTGTCAATA-1,0.222966,0.768925,0.000019,0.00809
AACCCTGGTGGAACCA-1,0.596506,0.376703,0.000019,0.026772
AACCGAGCTTGGTCAT-1,0.580118,0.419828,0.000018,0.000036
AACCGCTAAGGGATGC-1,0.328239,0.39564,0.058066,0.218055
AACCGTTGTGTTTGCT-1,0.533257,0.46665,0.000031,0.000062
AACCTAAAGCCGTCCG-1,0.380295,0.54047,0.079148,0.000086
AACCTCGCTTTAGCCC-1,0.045154,0.088934,0.79707,0.068843
AACCTGTCACGGAATT-1,0.327004,0.481874,0.021691,0.169432
AACCTTTAAATACGGT-1,0.28808,0.099666,0.363795,0.248459
AACCTTTACGACGTCT-1,0.15265,0.676103,0.090495,0.080751
AACGAAAGTCGTCCCA-1,0.00008,0.198333,0.61067,0.190917
AACGACCTCCTAGCCG-1,0.025418,0.081813,0.892722,0.000047
AACGATAATGCCGTAG-1,0.000215,0.231495,0.768183,0.000107
AACGATAGAAGGGCCG-1,0.441475,0.51748,0.000022,0.041023
AACGATATGTCAACTG-1,0.169716,0.830196,0.000029,0.000058
AACGCATGATCTGGGT-1,0.395745,0.548963,0.054113,0.001179
AACGCGAACGGCAACA-1,0.026764,0.946103,0.000031,0.027102
AACGCGACCTTGGGCG-1,0.043452,0.045747,0.353926,0.556876
AACGCGGTCTCCAGCC-1,0.675966,0.164197,0.000016,0.159821
AACGCTGTTGCTGAAA-1,0.000171,0.222332,0.77636,0.001138
AACGGACGTACGTATA-1,0.00015,0.656093,0.343682,0.000075
AACGGCCATCTCCGGT-1,0.043145,0.167861,0.198174,0.590821
AACGTACTGTGGGTAC-1,0.242311,0.442027,0.22639,0.089272
AACGTAGTCTACCCAT-1,0.007893,0.946897,0.045124,0.000085
AACGTCAGACTAGTGG-1,0.406525,0.593392,0.000027,0.000055
AACGTCATCCGGCTTG-1,0.000121,0.197529,0.80229,0.00006
AACGTCGCTGCACTTC-1,0.298363,0.001994,0.662036,0.037608
AACGTGATGAAGGACA-1,0.792563,0.207365,0.000024,0.000048
AACGTGCGAAAGTCTC-1,0.104484,0.854374,0.037194,0.003948
AACGTTATCAGCACCT-1,0.657912,0.285668,0.027361,0.02906
AACGTTCTACCATTGT-1,0.183224,0.157473,0.630645,0.028658
AACTACCCGTTTGTCA-1,0.011454,0.834897,0.077822,0.075827
AACTAGCGTATCGCAC-1,0.175259,0.810062,0.014645,0.000035
AACTAGGCTTGGGTGT-1,0.01763,0.48471,0.497568,0.000092
AACTCAAGTTAATTGC-1,0.852846,0.010889,0.000011,0.136253
AACTCCAGAGCGTGTT-1,0.00039,0.236609,0.762806,0.000195
AACTCCTAATCCCATG-1,0.319865,0.679943,0.000028,0.000165
AACTCGATAAACACGT-1,0.041959,0.957975,0.000022,0.000044
AACTCGATGGCGCAGT-1,0.396823,0.453508,0.000029,0.149641
AACTCTCAATAGAGCG-1,0.762031,0.236543,0.001404,0.000022
AACTCTCAGTGTGCTC-1,0.000286,0.286234,0.578042,0.135439
AACTGAGGTCAGCGTC-1,0.786678,0.135693,0.000024,0.077604
AACTGAGTTATACTGA-1,0.046045,0.761932,0.166856,0.025167
AACTGATATTAGGCCT-1,0.480516,0.519391,0.000031,0.000062
AACTGGGTCCCGACGT-1,0.2545,0.745402,0.000033,0.000065
AACTGGGTTCGAGCCG-1,0.000296,0.999481,0.000074,0.000148
AACTGGTGTGGGCCTT-1,0.035613,0.96429,0.000033,0.000065
AACTTCTGCGTCTATC-1,0.000162,0.999717,0.00004,0.000081
AACTTGCCCGTATGCA-1,0.294406,0.647446,0.000033,0.058116
AACTTGCGTTCTCGCG-1,0.000261,0.974671,0.007364,0.017704
AACTTTACGGGAGCTT-1,0.265881,0.658437,0.007773,0.067909
AACTTTAGCTGCTGAG-1,0.000148,0.999741,0.000037,0.000074
AACTTTCTCGATCATG-1,0.884619,0.112212,0.000009,0.00316
AAGAAAGTTTGATGGG-1,0.000226,0.298441,0.615191,0.086141
AAGAAATCACCAGATT-1,0.735247,0.229894,0.000008,0.034852
AAGAAGGATCAGTTAG-1,0.08259,0.917201,0.00007,0.000139
AAGACATACGTGGTTT-1,0.286807,0.001178,0.573758,0.138257
AAGACCAAATAACTCA-1,0.433099,0.171788,0.251019,0.144095
AAGACCCAACTGAACA-1,0.159667,0.093925,0.516033,0.230375
AAGACTAACCCGTTGT-1,0.04651,0.91742,0.000036,0.036034
AAGACTGCAAGCTACT-1,0.01253,0.933429,0.05396,0.000081
AAGAGATGAATCGGTA-1,0.342547,0.624901,0.014778,0.017773
AAGAGCTCTTTATCGG-1,0.185658,0.814215,0.000042,0.000085
AAGAGGATGTACGCGA-1,0.468553,0.531384,0.000021,0.000042
AAGAGGCATGGATCGC-1,0.000192,0.48448,0.000048,0.51528
AAGAGGCCCTTTGGAA-1,0.000207,0.113379,0.641687,0.244727
AAGATGGCACCGGACC-1,0.315812,0.104855,0.462928,0.116405
AAGATTGGCGGAACGT-1,0.795926,0.102203,0.000009,0.101862
AAGCACCCTGCGTATC-1,0.000174,0.093873,0.905867,0.000087
AAGCATACTCTCCTGA-1,0.002654,0.28987,0.707415,0.00006
AAGCCACTTGCAGGTA-1,0.000091,0.153649,0.846214,0.000046
AAGCCGAAGCGGTTTA-1,0.00025,0.672782,0.130285,0.196683
AAGCCGCCGTGAAATC-1,0.017455,0.325658,0.597826,0.059061
AAGCCGCTTTACCTTG-1,0.166126,0.690059,0.08692,0.056895
AAGCCGGAGAGCAGGA-1,0.055903,0.21446,0.649687,0.07995
AAGCGCAGGGCTTTGA-1,0.0002,0.121977,0.831614,0.046208
AAGCGGAGTGCGCGCA-1,0.40342,0.596532,0.000016,0.000032
AAGCGGCGTCATGGGT-1,0.607298,0.392599,0.000034,0.000068
AAGCGTCCCTCATCGA-1,0.000169,0.255355,0.596344,0.148132
AAGCTAGATCGAGTAA-1,0.000181,0.15476,0.484024,0.361036
AAGCTCGTGCCAAGTC-1,0.767983,0.057574,0.008258,0.166184
AAGCTCTTTCATGGTG-1,0.000263,0.10399,0.516836,0.378911
AAGGAGAACTTATAAG-1,0.000202,0.987402,0.00005,0.012346
AAGGAGCGGTTGGTGC-1,0.224442,0.694376,0.030447,0.050736
AAGGATCGATCGCTTG-1,0.624187,0.297269,0.000022,0.078521
AAGGATGAGGGACCTC-1,0.717394,0.231743,0.00001,0.050853
AAGGCAGGCTGTCTCC-1,0.827662,0.148655,0.019448,0.004235
AAGGCGCGTAAAGCTT-1,0.178089,0.821837,0.000025,0.000049
AAGGCTGTGCTCATCG-1,0.171277,0.776185,0.052459,0.000079
AAGGGAACGACTGGCT-1,0.000147,0.141227,0.527068,0.331558
AAGGGACAGATTCTGT-1,0.260085,0.73815,0.000019,0.001747
AAGGGACTATGCATTC-1,0.450463,0.029146,0.287379,0.233012
AAGGGTTAGCCATGCG-1,0.033213,0.02759,0.939139,0.000057
AAGGTATCCTAATATA-1,0.748793,0.251178,0.00001,0.00002
AAGGTGATAAACCAGC-1,0.341617,0.496397,0.008853,0.153132
AAGTAAGCTTCCAAAC-1,0.006102,0.900945,0.021186,0.071767
AAGTAGAAGACCGGGT-1,0.633681,0.349489,0.000021,0.016809
AAGTAGTGACGCGAGG-1,0.534536,0.412724,0.052689,0.000051
AAGTCAATTGTCGTCA-1,0.282869,0.347692,0.010518,0.358921
AAGTCTAGTAGCTGCC-1,0.602743,0.397218,0.000013,0.000026
AAGTGACGACCGAATT-1,0.000152,0.952989,0.046782,0.000076
AAGTGAGTCGGGTTTA-1,0.000374,0.000374,0.273787,0.725465
AAGTGCAAAGGTAGAC-1,0.269823,0.73011,0.000022,0.000044
AAGTGCCTTGACTGTA-1,0.592461,0.329982,0.00003,0.077527
AAGTGCGTTAGAATCT-1,0.082052,0.315627,0.347916,0.254405
AAGTGCTTCTCTATTG-1,0.00006,0.00006,0.786849,0.213031
AAGTGTTTGGAGACGG-1,0.000182,0.309195,0.571758,0.118865
AAGTTCACTCCAAGCT-1,0.119329,0.086405,0.783343,0.010923
AAGTTCAGTCTGCGTA-1,0.950444,0.014947,0.000009,0.0346
AAGTTCGGCCAACAGG-1,0.123867,0.695717,0.162259,0.018157
AAGTTGTGATGTTATA-1,0.000141,0.187335,0.809023,0.003501
AAGTTTACTAATGGCA-1,0.000225,0.961092,0.000056,0.038627
AAGTTTATGGGCCCAA-1,0.003168,0.014503,0.982295,0.000035
AATAACAACGCTCGGC-1,0.331863,0.668076,0.00002,0.000041
AATAACACTAGAACAA-1,0.002602,0.109867,0.591994,0.295537
AATAACGTCGCGCCCA-1,0.000083,0.089385,0.769807,0.140725
AATAAGTCCTCGAGAC-1,0.000165,0.956798,0.000041,0.042996
AATAATCTTCGTATCG-1,0.050047,0.318648,0.630583,0.000722
AATACAATGTTTCAGG-1,0.182006,0.801588,0.000028,0.016378
AATACCGGAGGGCTGT-1,0.000091,0.260073,0.595373,0.144463
AATACCTGATGTGAAC-1,0.015858,0.152802,0.752471,0.07887
AATAGAACAGAGTGGC-1,0.000288,0.18746,0.349723,0.462529
AATAGAATCTGTTTCA-1,0.155051,0.323215,0.000602,0.521132
AATAGCAAGCCTCCTG-1,0.364518,0.331058,0.000027,0.304397
AATAGCTACCGCGTGC-1,0.153986,0.799078,0.04689,0.000047
AATAGGCACGACCCTT-1,0.000114,0.000114,0.798901,0.200871
AATAGTCCGTCCCGAC-1,0.208909,0.099598,0.637079,0.054413
AATAGTCGCGAGTCGG-1,0.343469,0.626317,0.016544,0.013671
AATATCAAGGTCGGAT-1,0.503157,0.496792,0.000017,0.000034
AATATCGAATCAATGC-1,0.235095,0.61738,0.135989,0.011537
AATATCGAGGGTTCTC-1,0.210147,0.667989,0.121819,0.000044
AATATTGGAGTATTGA-1,0.255085,0.709357,0.005935,0.029622
AATCAGACTGCAGGAC-1,0.270314,0.729587,0.000033,0.000066
AATCAGGTTTCATTTA-1,0.000119,0.026882,0.69848,0.274519
AATCATGTAAAGACTC-1,0.000144,0.29263,0.320801,0.386424
AATCCAAGGGCCTGAG-1,0.872218,0.108257,0.000009,0.019516
AATCCATGCAAGGGTG-1,0.441345,0.488739,0.000026,0.06989
AATCCCGCTCAGAGCC-1,0.095038,0.124196,0.722679,0.058086
AATCGAGGTCTCAAGG-1,0.000076,0.088158,0.860665,0.0511
AATCGCCTCAGCGCCA-1,0.000159,0.973004,0.00276,0.024077
AATCGCGCAGAGGACT-1,0.216714,0.733032,0.000017,0.050236
AATCGGGACACTACGA-1,0.445276,0.554633,0.00003,0.000061
AATCGGTATAGCCCTC-1,0.002464,0.029809,0.842763,0.124964
AATCGTGAGCCGAGCA-1,0.000149,0.123389,0.683453,0.193009
AATCTAGGTTTACTTG-1,0.023419,0.354996,0.105754,0.515831
AATCTATGCCGGAGCC-1,0.215777,0.784156,0.000022,0.000045
AATCTCTACTGTGGTT-1,0.109211,0.539688,0.000023,0.351078
AATCTGCGTTGGGACG-1,0.236932,0.747084,0.015935,0.000049
AATCTGGCTTTCTAGT-1,0.00014,0.00014,0.724541,0.275179
AATCTGGGTAGACCCT-1,0.000305,0.898073,0.101469,0.000153
AATGACAGCAATGTCT-1,0.250881,0.355243,0.393835,0.000041
AATGACGTAGGATGTC-1,0.447413,0.520945,0.005539,0.026103
AATGACTGTCAGCCGG-1,0.532136,0.467796,0.000023,0.000045
AATGAGTTCGCATATG-1,0.418218,0.551072,0.000031,0.030679
AATGATGATACGCTAT-1,0.456141,0.501592,0.000016,0.042251
AATGATGCGACTCCTG-1,0.811705,0.188271,0.000008,0.000016
AATGCAACCGGGTACC-1,0.836961,0.153065,0.000013,0.009961
AATGCACCAAGCAATG-1,0.395129,0.604748,0.000041,0.000082
AATGGCCGCCAATGCG-1,0.144775,0.833519,0.019426,0.00228
AATGGTCCACCGTTCA-1,0.433909,0.506676,0.014705,0.04471
AATGGTTCTCACAAGC-1,0.48643,0.39962,0.00003,0.11392
AATGTATGGCACTGTA-1,0.000152,0.000152,0.149432,0.850265
AATGTGCCCGAGGTGT-1,0.000161,0.204817,0.567875,0.227147
AATGTGCTAATCTGAG-1,0.000192,0.149859,0.670882,0.179068
AATGTTAAGACCCTGA-1,0.099065,0.016558,0.881668,0.002709
AATGTTGTCGTGAGAC-1,0.00006,0.062515,0.812576,0.124849
AATTAAAGGTCGGCGT-1,0.000381,0.595242,0.000095,0.404282
AATTAACGGATTTCCA-1,0.000399,0.061323,0.510163,0.428115
AATTACGAGACCCATC-1,0.004439,0.28272,0.577309,0.135532
AATTACTCGTACGCTC-1,0.012403,0.976787,0.000023,0.010786
AATTAGCGCTGCAGCG-1,0.000305,0.346204,0.647522,0.005969
AATTATACCCAGCAAG-1,0.627336,0.000042,0.372065,0.000557
AATTCATAAGGGATCT-1,0.48233,0.514986,0.00002,0.002664
AATTCATTGTCATGCA-1,0.433996,0.185347,0.263194,0.117463
AATTCCAACTTGGTGA-1,0.00196,0.997954,0.000028,0.000057
AATTCCAAGCATGTAC-1,0.018274,0.13644,0.781247,0.064038
AATTCGATTCGAGGAT-1,0.000207,0.073961,0.893608,0.032224
AATTCTAGAGTTAGGC-1,0.000153,0.306769,0.492111,0.200966
AATTGAACGCTCTGGT-1,0.322224,0.515735,0.159423,0.002618
AATTGCAGCAATCGAC-1,0.004815,0.135613,0.846153,0.013419
AATTGCGTGGATTACA-1,0.034167,0.043633,0.421456,0.500744
AATTGTGGTTGCCAAA-1,0.212067,0.197238,0.142546,0.448149
AATTTGGGACATAGTA-1,0.541918,0.457992,0.00003,0.00006
AATTTGGTTCCAAAGA-1,0.791414,0.185764,0.000017,0.022805
ACAAACCATGCGTCCT-1,0.00009,0.013512,0.711715,0.274683
ACAAACCGACAAGGCG-1,0.296314,0.642614,0.033826,0.027246
ACAAACTCCATCAGAG-1,0.000111,0.003682,0.843957,0.15225
ACAAAGAAGGTAGGCC-1,0.268046,0.388362,0.301014,0.042578
ACAAAGCATGACCTAG-1,0.180917,0.026223,0.792832,0.000029
ACAAATCGCACCGAAT-1,0.00026,0.499185,0.413155,0.087401
ACAAATGGTAGTGTTT-1,0.373421,0.571763,0.00004,0.054775
ACAAATTCAGATCTGA-1,0.257962,0.735584,0.006385,0.000069
ACAACAGCATGAGCTA-1,0.640568,0.341975,0.000021,0.017436
ACAACGGTCCCTGCGA-1,0.522878,0.450228,0.000017,0.026876
ACAAGCAGTGCCTAGC-1,0.002376,0.970294,0.027256,0.000074
ACAAGGAAATCCGCCC-1,0.00072,0.357911,0.214756,0.426613
ACAAGGACAAGAGGTT-1,0.379277,0.585357,0.001121,0.034245
ACAAGGATGCTTTAGG-1,0.000252,0.370782,0.601986,0.02698
ACAAGGCCTACCAGCC-1,0.000244,0.992674,0.000061,0.00702
ACAAGGGCAGGCTCTG-1,0.050906,0.861491,0.087522,0.00008
ACAAGTAATTGTAAGG-1,0.012582,0.291149,0.696035,0.000235
ACAATAGTCGTACGTT-1,0.455151,0.398235,0.052659,0.093955
ACAATCCATTTAAACC-1,0.000128,0.9703,0.012247,0.017325
ACAATCGATCTTTATA-1,0.000197,0.999655,0.000049,0.000099
ACAATGAATACGGAGA-1,0.000128,0.350222,0.649586,0.000064
ACAATGATTCTTCTAC-1,0.033673,0.966214,0.000038,0.000076
ACAATTGTGTCTCTTT-1,0.416966,0.336895,0.189849,0.05629
ACAATTTAGGAGGCTC-1,0.07608,0.923861,0.00002,0.000039
ACAATTTGAGCAGTGG-1,0.809607,0.10229,0.000013,0.08809
ACAATTTGGCCATATT-1,0.414632,0.390342,0.000031,0.194994
ACACAAAGACGGGTGG-1,0.889365,0.097933,0.008156,0.004546
ACACAAATATTCCTAG-1,0.851018,0.129956,0.000009,0.019017
ACACACCAGGACCAGT-1,0.74533,0.237686,0.001185,0.015799
ACACACTTTCTACACG-1,0.667356,0.332546,0.000033,0.000066
ACACATGATCAAATCT-1,0.000128,0.055842,0.849918,0.094113
ACACATTGACGCAACA-1,0.495057,0.504919,0.000008,0.000016
ACACATTTCCGTAGAC-1,0.475557,0.025241,0.442484,0.056718
ACACCACATAATTAGC-1,0.539468,0.38023,0.000405,0.079897
ACACCCAGCATGCAGC-1,0.423033,0.472927,0.01672,0.08732
ACACCCGAGAAATCCG-1,0.003225,0.970968,0.000036,0.025772
ACACCGAGCGCTCTTT-1,0.34539,0.539999,0.039122,0.075489
ACACCGGTCTGACCGC-1,0.000085,0.07026,0.73173,0.197926
ACACCTTAAGTAGGGC-1,0.52429,0.435,0.000022,0.040688
ACACCTTACTACTTGC-1,0.048955,0.949133,0.001855,0.000058
ACACGAGACTCCTTCT-1,0.415331,0.453945,0.000026,0.130698
ACACGGCACTATGCAT-1,0.343486,0.656443,0.000024,0.000047
ACACGGGAACTTAGGG-1,0.745393,0.098184,0.000011,0.156412
ACACGTAGGCCACAAG-1,0.230068,0.072704,0.568757,0.128471
ACACTCCAATGTCACT-1,0.000343,0.9994,0.000086,0.000172
ACACTGATCAAGGTGT-1,0.000392,0.178554,0.613361,0.207694
ACACTGGGACAGTCGT-1,0.000068,0.243674,0.655524,0.100734
ACAGAACTGAGAACAA-1,0.003029,0.388716,0.284729,0.323525
ACAGATTAGGTTAGTG-1,0.427061,0.525976,0.000022,0.046941
ACAGCATAGAGCCAGT-1,0.000293,0.999487,0.000073,0.000147
ACAGCGACATTCTCAT-1,0.071248,0.000113,0.305216,0.623424
ACAGCGCACCCGCAGC-1,0.310703,0.656482,0.000054,0.03276
ACAGGCACGGATCCTT-1,0.013147,0.043962,0.923518,0.019372
ACAGGCTTGCCCGACT-1,0.000196,0.507808,0.491898,0.000098
ACAGGTGGAGGTGAGG-1,0.00044,0.278868,0.356284,0.364409
ACAGTAATACAACTTG-1,0.419487,0.234378,0.178764,0.167371
ACAGTATACCGTGGGA-1,0.160863,0.830023,0.000034,0.00908
ACATAAGTCGTGGTGA-1,0.000128,0.200043,0.680297,0.119532
ACATAATAAGGCGGTG-1,0.283757,0.668795,0.047398,0.00005
ACATACAATCAAGCGG-1,0.002506,0.000116,0.781023,0.216355
ACATCAGCTGGGACGC-1,0.990885,0.006098,0.000005,0.003012
ACATCCCGGCCATACG-1,0.000212,0.199221,0.80046,0.000106
ACATCCTGGTAACTGT-1,0.241382,0.55962,0.149682,0.049316
ACATCGATCGTTTACC-1,0.455704,0.535568,0.008656,0.000073
ACATCGCAATATTCGG-1,0.019786,0.083188,0.50096,0.396066
ACATCGGTCAGCCGCG-1,0.070684,0.91457,0.000042,0.014704
ACATCGTATGCAATGG-1,0.012325,0.839037,0.148267,0.000371
ACATCGTTAACCTAGT-1,0.26793,0.726343,0.000057,0.00567
ACATCTCAACGCGTAA-1,0.151198,0.790841,0.010196,0.047765
ACATGCTTACGGCAGC-1,0.000071,0.068728,0.702904,0.228296
ACATGGCGCCAAAGTA-1,0.218842,0.503462,0.126135,0.151561
ACATGGCTCAATTTAG-1,0.370429,0.629514,0.000019,0.000038
ACATTAGTTTATATCC-1,0.030166,0.220196,0.749581,0.000057
ACATTCGCGCGGAATA-1,0.000136,0.033411,0.592773,0.37368
ACATTTGAAACCTAAC-1,0.055028,0.000941,0.943859,0.000171
ACCAAACACCCAGCGA-1,0.835979,0.145696,0.00001,0.018315
ACCAAACTAGAAATCC-1,0.205701,0.772013,0.00002,0.022265
ACCAACACCACACACT-1,0.524758,0.421482,0.000012,0.053747
ACCAACCGCACTCCAC-1,0.065736,0.079941,0.664733,0.18959
ACCAACGCTTATTTAT-1,0.000301,0.147472,0.743779,0.108448
ACCAAGAACGCGTGTC-1,0.44553,0.510421,0.000019,0.04403
ACCAAGTCATCGGCAG-1,0.090384,0.025129,0.814863,0.069623
ACCAATATGCAAGTTA-1,0.000316,0.038695,0.626834,0.334154
ACCACAACTCAGAACA-1,0.064512,0.905044,0.010049,0.020395
ACCACAAGTTTCTATC-1,0.766393,0.20029,0.015136,0.018181
ACCACACGGTTGATGG-1,0.301091,0.043608,0.655261,0.00004
ACCACCAATGTAACAA-1,0.498996,0.465416,0.035558,0.00003
ACCACCCTCTCTTCTA-1,0.940588,0.029056,0.000008,0.030348
ACCACGTGCAGCTATA-1,0.258083,0.446311,0.144564,0.151043
ACCACTGTTCAAGAAG-1,0.463711,0.511249,0.004569,0.020472
ACCAGCCCGGTCTTTG-1,0.000144,0.984518,0.000036,0.015302
ACCAGGAGTGTGATCT-1,0.05543,0.94445,0.00004,0.00008
ACCAGTGCCCGGTCAA-1,0.311654,0.688213,0.000044,0.000089
ACCAGTGCGGGAGACG-1,0.203331,0.460841,0.315421,0.020407
ACCATATCCGCAATAA-1,0.529775,0.332085,0.000023,0.138117
ACCATCCGCCAACTAG-1,0.001389,0.604028,0.195155,0.199428
ACCATCGTATATGGTA-1,0.043078,0.786189,0.000061,0.170672
ACCATTAAGGGTGTCA-1,0.125795,0.874142,0.000021,0.000042
ACCCAACGCCCGTGGC-1,0.22543,0.737315,0.000017,0.037238
ACCCACCTACATGCTC-1,0.597239,0.394053,0.006736,0.001972
ACCCATCTTGAGGGTA-1,0.295292,0.7027,0.001938,0.00007
ACCCATTTGTCCCTCT-1,0.008161,0.101434,0.619565,0.27084
ACCCGAGCGAAATTAC-1,0.315295,0.211575,0.436897,0.036234
ACCCGATTGGTTCCGA-1,0.0001,0.063821,0.456307,0.479771
ACCCGGAAACTCCCAG-1,0.000283,0.05802,0.522185,0.419512
ACCCGGAGCACCACAA-1,0.001873,0.04736,0.944747,0.00602
ACCCGGATGACGCATC-1,0.146806,0.837699,0.015438,0.000058
ACCCGGTTACACTTCC-1,0.71356,0.184759,0.000018,0.101662
ACCCGTAGCAGAGAAT-1,0.00012,0.315319,0.637209,0.047352
ACCCGTAGTCTAGTTG-1,0.000172,0.000172,0.658429,0.341227
ACCCGTGTCATCAGTA-1,0.00016,0.230256,0.769503,0.00008
ACCCTATAGGACTGAG-1,0.20535,0.784018,0.000039,0.010593
ACCCTATGCCATATCG-1,0.00024,0.36239,0.616395,0.020974
ACCCTCCCGTCAGGGC-1,0.019032,0.021313,0.959629,0.000026
ACCCTCCCTTGCTATT-1,0.000288,0.12086,0.101134,0.777718
ACCCTGGTAACGCCCT-1,0.559808,0.354523,0.07806,0.007609
ACCCTTCATCTGCGAA-1,0.742299,0.227665,0.011098,0.018938
ACCCTTGCCTGGGTCG-1,0.342653,0.637681,0.019622,0.000045
ACCCTTTAGTTCTCCA-1,0.000266,0.728149,0.000054,0.271531
ACCGAAAGGGCCCTGC-1,0.310816,0.461571,0.052658,0.174955
ACCGAAGAGTCTGGTT-1,0.000169,0.000169,0.491375,0.508287
ACCGACACATCTCCCA-1,0.275439,0.302291,0.325509,0.096762
ACCGACTGAGTCCCAC-1,0.87084,0.000873,0.000007,0.12828
ACCGAGTCTCCTTATT-1,0.000047,0.000047,0.905709,0.094196
ACCGATAGGCATAACC-1,0.000175,0.121434,0.665066,0.213324
ACCGATATTTAATCAT-1,0.269892,0.131211,0.192013,0.406884
ACCGATGGTAGCATCG-1,0.166904,0.689765,0.000027,0.143304
ACCGCAATAACTGCCT-1,0.554328,0.055424,0.098746,0.291502
ACCGCGGTGGAAGTCG-1,0.30518,0.191621,0.022347,0.480852
ACCGCTAGTCATTGGT-1,0.00774,0.164161,0.656534,0.171564
ACCGGGCCTTTGTTGA-1,0.297951,0.486306,0.149902,0.06584
ACCGGTCAGGTACACC-1,0.000128,0.000128,0.804476,0.195268
ACCGGTCTGAGTACGG-1,0.004167,0.786359,0.000045,0.209428
ACCGTGACCACGTGGG-1,0.000096,0.154249,0.838808,0.006847
ACCGTTCCCGCTCTGA-1,0.32577,0.612624,0.000019,0.061588
ACCTAAGTACCTTTCA-1,0.000093,0.181347,0.816506,0.002054
ACCTAATCGACTTCCT-1,0.230558,0.705502,0.063863,0.000078
ACCTACAGTATGTGGT-1,0.474962,0.306177,0.000014,0.218847
ACCTACTATAAATCTA-1,0.000088,0.000088,0.810484,0.189339
ACCTCAGCGAGGCGCA-1,0.000122,0.029293,0.951562,0.019022
ACCTCCGCCCTCGCTG-1,0.123698,0.156784,0.502402,0.217116
ACCTCCGTTATTCACC-1,0.290477,0.626631,0.028866,0.054026
ACCTCGAACTTATGCT-1,0.00007,0.00007,0.795175,0.204686
ACCTGCGTGTCATGTT-1,0.238065,0.389538,0.155717,0.21668
ACCTTTCCTTTAGAAG-1,0.240933,0.709939,0.049063,0.000065
ACGAAATGGGCGGCAC-1,0.226734,0.773181,0.000029,0.000057
ACGACCCATGAGTTGC-1,0.085106,0.062674,0.815632,0.036588
ACGACTCTAGGGCCGA-1,0.010926,0.068292,0.920745,0.000038
ACGACTGGTCATACTC-1,0.002892,0.094986,0.730983,0.171139
ACGAGAACCCATCACG-1,0.000208,0.985389,0.000052,0.014351
ACGAGATATTTGCTTA-1,0.072278,0.865242,0.000075,0.062406
ACGAGGATACCACTCT-1,0.000154,0.370859,0.628911,0.000077
ACGAGGTTTACAACGT-1,0.141051,0.006638,0.607895,0.244416
ACGAGTACGGATGCCC-1,0.27314,0.687166,0.002023,0.037671
ACGAGTCGCCGGCGTT-1,0.021807,0.978127,0.000022,0.000044
ACGATACATAGAACTA-1,0.147739,0.71543,0.136785,0.000046
ACGATCATACATAGAG-1,0.177217,0.71137,0.000073,0.111339
ACGATCATCTTGTAAA-1,0.093186,0.827625,0.016974,0.062216
ACGATGCATATGTTAT-1,0.479474,0.520458,0.000023,0.000045
ACGATGGATCCGATGC-1,0.826776,0.173151,0.000024,0.000049
ACGCAAACTAATAGAT-1,0.055526,0.192772,0.319736,0.431966
ACGCAATCACTACAGC-1,0.282801,0.698639,0.017532,0.001029
ACGCATAAATGACATG-1,0.000341,0.999404,0.000085,0.00017
ACGCATACGTTTACTA-1,0.000113,0.302887,0.663209,0.03379
ACGCATTCGTGAGTAC-1,0.000162,0.999716,0.000041,0.000081
ACGCCACTCGAAACAG-1,0.000078,0.176995,0.796444,0.026483
ACGCCAGATGATTTCT-1,0.46932,0.530557,0.000041,0.000082
ACGCCAGTGCGTTTGC-1,0.008926,0.000063,0.91358,0.077431
ACGCCCAGCTGTCGAT-1,0.366501,0.568455,0.000025,0.06502
ACGCCGCTAGACGACC-1,0.00025,0.555431,0.0281,0.416219
ACGCGAAGTCAGACGA-1,0.075465,0.212218,0.692559,0.019758
ACGCGCTACACAGGGT-1,0.000188,0.930808,0.034072,0.034933
ACGCGGGCCAAGGACA-1,0.168739,0.77333,0.000865,0.057065
ACGCGTTTCTTAAGAG-1,0.363812,0.387464,0.157447,0.091278
ACGCTACTGAATGGGC-1,0.003913,0.158635,0.837401,0.00005
ACGCTAGTGATACACT-1,0.867239,0.011006,0.000007,0.121747
ACGCTGTGAGGCGTAG-1,0.402832,0.57297,0.000014,0.024184
ACGCTTAGTGTCTCTC-1,0.184035,0.739819,0.07584,0.000306
ACGGAACACGAGTGCC-1,0.000067,0.014574,0.813522,0.171837
ACGGAATTTAGCAAAT-1,0.000234,0.99959,0.000059,0.000117
ACGGACGCAGCGACAA-1,0.000079,0.011894,0.770466,0.217562
ACGGACTCTCAAAGCG-1,0.000123,0.296293,0.674102,0.029482
ACGGAGCGCAAATTAC-1,0.463217,0.519219,0.017528,0.000035
ACGGATGGTGCGGATA-1,0.00025,0.182927,0.715323,0.101499
ACGGCACTTGCTTGGG-1,0.000121,0.370132,0.587308,0.042438
ACGGCCAACATGGACT-1,0.000249,0.186272,0.550276,0.263203
ACGGCGACGATGGGAA-1,0.000342,0.082437,0.145701,0.77152
ACGGCGGGTTGCCCTG-1,0.338058,0.578981,0.000026,0.082935
ACGGCTGGATGTAGAA-1,0.000916,0.075308,0.674925,0.24885
ACGGGAGTGTCGGCCC-1,0.000119,0.453814,0.546007,0.00006
ACGGGCGTATGCGACA-1,0.327758,0.672193,0.000016,0.000033
ACGGGTCATGTGACTT-1,0.000113,0.999802,0.000028,0.000057
ACGGGTTGTGACCTGT-1,0.000161,0.231797,0.70742,0.060622
ACGGTACAGTTCAATG-1,0.014072,0.104403,0.869364,0.01216
ACGGTCACCGAGAACA-1,0.06619,0.15341,0.629459,0.150941
ACGTACAGATTTCTCT-1,0.595776,0.38973,0.014402,0.000092
ACGTACTTTGGCACGG-1,0.000134,0.000134,0.699851,0.29988
ACGTAGATTGCTGATG-1,0.707784,0.241224,0.00002,0.050973
ACGTAGGAGAGTCGCT-1,0.214036,0.040276,0.592381,0.153306
ACGTATTACTCCGATC-1,0.09532,0.785822,0.042401,0.076458
ACGTCCTAAACGAGAT-1,0.364434,0.574874,0.057827,0.002865
ACGTCTCGTTCCGGGA-1,0.044466,0.673387,0.216493,0.065654
ACGTGCGCCTCGTGCA-1,0.376242,0.605989,0.000035,0.017734
ACGTGGTCGAATGTGC-1,0.000351,0.999386,0.000088,0.000175
ACGTTAATGTCGAAGA-1,0.084322,0.902648,0.000045,0.012985
ACGTTAGATTTGCCCG-1,0.445994,0.553899,0.000036,0.000071
ACGTTATTGGTCACTC-1,0.210639,0.78926,0.000034,0.000068
ACGTTCACTATGCCGC-1,0.000087,0.009845,0.812812,0.177256
ACGTTCCGCGCTCCGT-1,0.035421,0.964477,0.000034,0.000068
ACGTTCGCAATCAATT-1,0.518058,0.458394,0.023519,0.000029
ACGTTCGTTCAGGAAA-1,0.229436,0.210586,0.450827,0.10915
ACGTTCTGTACAAGTC-1,0.000107,0.055941,0.913598,0.030354
ACGTTGTCGTTGAAAG-1,0.000188,0.128183,0.799919,0.07171
ACGTTTAGTTGTGATC-1,0.487673,0.51222,0.000036,0.000071
ACGTTTCGGTGCACTT-1,0.19182,0.018076,0.790039,0.000066
ACTAAGGACGCACACC-1,0.23944,0.721231,0.029644,0.009686
ACTAATACGTCAGGCG-1,0.258324,0.725256,0.01634,0.00008
ACTACAAAGAGAGGTG-1,0.000104,0.000104,0.645847,0.353944
ACTACATCCCGACAAG-1,0.283,0.061284,0.357085,0.298631
ACTACCAGCTCTCTGG-1,0.472085,0.398347,0.00003,0.129538
ACTACCATCCGAGGGC-1,0.000101,0.243883,0.558077,0.197939
ACTACGCGTTAGAATT-1,0.000141,0.174994,0.822405,0.00246
ACTAGTTGCGATCGTC-1,0.262464,0.246021,0.206045,0.285471
ACTATATGCTGTGTTC-1,0.519768,0.473797,0.00631,0.000125
ACTATCCAGGGCATGG-1,0.304229,0.69569,0.000027,0.000054
ACTATCTGCCCGCGTA-1,0.00014,0.350644,0.649146,0.00007
ACTATGTCCAGCTGCC-1,0.000091,0.374981,0.412209,0.212719
ACTATTCGTCCGTGGT-1,0.4351,0.564804,0.000032,0.000064
ACTATTTCCGGGCCCA-1,0.139314,0.294325,0.526967,0.039394
ACTCAACGAATGTATT-1,0.721481,0.275147,0.000016,0.003356
ACTCAAGTGCAAGGCT-1,0.036696,0.130076,0.823528,0.0097
ACTCAATAAAGGCACG-1,0.045366,0.954553,0.000027,0.000054
ACTCAGACCTGCTTCT-1,0.0574,0.942443,0.000052,0.000105
ACTCATGGCAGCCTTC-1,0.000468,0.000088,0.948625,0.050819
ACTCCAATATCATCAT-1,0.000126,0.042399,0.71035,0.247126
ACTCCCATTCCTAAAG-1,0.612858,0.073033,0.000671,0.313438
ACTCCCGAATTCGTTT-1,0.503779,0.496163,0.00002,0.000039
ACTCCCGTAGACTAGG-1,0.040628,0.959302,0.000023,0.000047
ACTCCCTAATGCTAAA-1,0.000135,0.142393,0.521963,0.335509
ACTCCCTAGAATAGTA-1,0.121969,0.528382,0.219915,0.129734
ACTCCGGCCGACCACT-1,0.013197,0.144092,0.84267,0.000041
ACTCGATGTATTTCAT-1,0.108529,0.883123,0.008297,0.000051
ACTCGCCGTTCGATAA-1,0.001579,0.257862,0.62717,0.113389
ACTCGCGATCTGACGC-1,0.739055,0.202105,0.050567,0.008273
ACTCGTAACCCGTCCT-1,0.000193,0.446242,0.527334,0.026231
ACTCGTCAGTAATCCC-1,0.212714,0.75794,0.00003,0.029316
ACTCTCTGACTTAGGT-1,0.538537,0.31771,0.000025,0.143727
ACTCTCTTATACACGA-1,0.8478,0.099657,0.000028,0.052515
ACTCTGACCTAATAGA-1,0.389015,0.002601,0.532391,0.075994
ACTCTTCAGCTCCCGC-1,0.771993,0.167357,0.060633,0.000018
ACTCTTGTATAGTAAC-1,0.404567,0.395719,0.000024,0.199691
ACTGAAACGCCGTTAG-1,0.133149,0.107701,0.327449,0.431701
ACTGAATGGCGAAAGT-1,0.000212,0.691316,0.307191,0.001281
ACTGATTTAGTGATTC-1,0.178748,0.806944,0.00007,0.014238
ACTGCCCGCCATTCTC-1,0.00018,0.206208,0.493136,0.300476
ACTGCCGTCGTAACTC-1,0.687524,0.272639,0.00003,0.039807
ACTGCGGACACACCGT-1,0.547517,0.389895,0.007007,0.05558
ACTGCTCGGAAGGATG-1,0.000259,0.245795,0.525169,0.228778
ACTGGCGAACCTGCGT-1,0.34954,0.510463,0.000026,0.139972
ACTGGGATGCCAGTGC-1,0.000102,0.19844,0.541316,0.260143
ACTGTACGATACACAT-1,0.431634,0.551417,0.016904,0.000045
ACTGTAGCACTTTGGA-1,0.252793,0.747102,0.000035,0.00007
ACTGTATACGCGAGCA-1,0.000203,0.967773,0.000051,0.031974
ACTGTCCAGGATTATA-1,0.568178,0.426061,0.005715,0.000047
ACTGTCTTCTTTAGAA-1,0.810952,0.171432,0.000014,0.017603
ACTGTGCTAGTAGATC-1,0.009667,0.990064,0.00009,0.00018
ACTGTTTAGTGTAGGC-1,0.000253,0.999557,0.000063,0.000127
ACTTACCGGGCGCGCA-1,0.495563,0.472972,0.000022,0.031443
ACTTACGCATCCACGC-1,0.000191,0.179751,0.755575,0.064482
ACTTAGTACGACAAGA-1,0.654402,0.345542,0.000019,0.000037
ACTTATACTTACCCGG-1,0.000126,0.999768,0.000043,0.000063
ACTTATCTGATCTATA-1,0.018432,0.780348,0.201029,0.000192
ACTTATTAGGATCGGT-1,0.298836,0.656971,0.044101,0.000092
ACTTATTTATGTGCCA-1,0.565106,0.052399,0.000013,0.382482
ACTTCAGGCTGATCCC-1,0.000216,0.207721,0.60543,0.186633
ACTTCCATGCGGGACA-1,0.000149,0.418235,0.579739,0.001876
ACTTCGCCATACGCAC-1,0.80467,0.135591,0.026576,0.033163
ACTTCGCTAGCGAGTG-1,0.940828,0.059155,0.000006,0.000011
ACTTGACTCCCTCTTT-1,0.393606,0.087935,0.110283,0.408176
ACTTGCCATATTGTAC-1,0.511515,0.430776,0.00002,0.057689
ACTTGGGACCCGGTGG-1,0.531046,0.419535,0.002913,0.046506
ACTTGGGCTTTCGCCA-1,0.005989,0.138908,0.852321,0.002783
ACTTGTAGTCCCTTCA-1,0.644494,0.315109,0.035481,0.004916
ACTTGTGGATGGAACG-1,0.000121,0.421475,0.442182,0.136222
ACTTGTTACCGGATCA-1,0.276359,0.021024,0.559124,0.143493
ACTTTACCCTCATGAA-1,0.810836,0.066077,0.000011,0.123075
ACTTTATACACCACTT-1,0.000147,0.183057,0.789825,0.026971
ACTTTCCTATAGCTTC-1,0.188746,0.729654,0.000098,0.081501
ACTTTGACTGCATCCT-1,0.655465,0.267062,0.000011,0.077461
ACTTTGGTCGTGCTCC-1,0.000268,0.102469,0.628642,0.268621
ACTTTGTCGACGCACT-1,0.000211,0.325353,0.458155,0.216281
AGAAATTATGACTCGC-1,0.11005,0.401531,0.488372,0.000047
AGAACACGGCGATGGT-1,0.279762,0.25339,0.466801,0.000047
AGAACCCAGCGTGACA-1,0.088739,0.436061,0.013251,0.461948
AGAACCCTCAATTGGG-1,0.174034,0.076598,0.370293,0.379075
AGAACGTGGTACATTC-1,0.592748,0.346015,0.019314,0.041922
AGAACTGTACTTTGTA-1,0.000157,0.000157,0.877644,0.122042
AGAAGAGCGCCGTTCC-1,0.635119,0.312473,0.000172,0.052236
AGAAGGTACACTTCAC-1,0.145308,0.413788,0.246585,0.194318
AGAAGGTTGCCGAATT-1,0.000238,0.909239,0.020716,0.069807
AGAAGGTTGTAGGTCG-1,0.00009,0.088134,0.910028,0.001747
AGAAGTGATTCGTGAT-1,0.371031,0.34538,0.134021,0.149568
AGAATAAATCTTCAGG-1,0.061819,0.886821,0.035629,0.015731
AGAATACAGGCTATCC-1,0.27085,0.000115,0.715111,0.013924
AGAATGCGGGTTCGGA-1,0.340223,0.659701,0.000025,0.00005
AGAATTATGGATTCGA-1,0.233558,0.76637,0.000024,0.000048
AGAATTGTTTGACATA-1,0.340208,0.65969,0.000034,0.000068
AGACAGCTCAGAATCC-1,0.127546,0.837122,0.035297,0.000035
AGACAGGCATCTCAGC-1,0.010367,0.567592,0.420533,0.001508
AGACATAGATCCTTCC-1,0.640719,0.333797,0.000019,0.025466
AGACCAAACCACACCT-1,0.04307,0.105792,0.259549,0.591588
AGACCATGGGATACAA-1,0.515591,0.425939,0.032875,0.025595
AGACCCACCGCTGATC-1,0.352819,0.082737,0.227808,0.336636
AGACCCGCCCTCCTCG-1,0.543,0.45695,0.000016,0.000034
AGACCGCTCCGCGGTT-1,0.000095,0.251729,0.457501,0.290675
AGACCGGGAAACCCTG-1,0.142161,0.74011,0.000019,0.11771
AGACGAAGTGCCGGTC-1,0.030492,0.67439,0.167357,0.127761
AGACGACGATGCCGCT-1,0.000198,0.271072,0.541911,0.186819
AGACGCCCACTTCGCC-1,0.000202,0.17645,0.554529,0.268818
AGACGGGATTGGTATA-1,0.071738,0.793111,0.134731,0.000421
AGACGGGCCGATTTAA-1,0.65158,0.24472,0.000016,0.103683
AGACTAGCCTTCCAGA-1,0.624707,0.318491,0.000021,0.056781
AGACTGTTACCGGGTC-1,0.000208,0.000208,0.325341,0.674243
AGAGAAACACCAGAAA-1,0.061328,0.069476,0.329436,0.539759
AGAGAACCGTCTAGGA-1,0.466134,0.525073,0.000014,0.008779
AGAGAAGGAGTACAAT-1,0.000165,0.147879,0.764367,0.08759
AGAGATCTCTAAAGCG-1,0.317782,0.477404,0.000026,0.204787
AGAGCAGTTATGAGAC-1,0.307211,0.692724,0.000022,0.000043
AGAGCCGCCGAGATTT-1,0.222822,0.212761,0.557062,0.007355
AGAGCGCTTGTAACGG-1,0.911557,0.055805,0.000007,0.032631
AGAGCGGGCTAATCAT-1,0.001808,0.998048,0.000048,0.000096
AGAGCGTACAAGCTCG-1,0.891624,0.033856,0.00001,0.07451
AGAGCTACGAAAGCAT-1,0.000181,0.999684,0.000045,0.00009
AGAGGCTTCGGAAACC-1,0.188523,0.321528,0.18101,0.30894
AGAGGGACAATTGTCC-1,0.020162,0.926548,0.000026,0.053264
AGAGGTATCTCGGTCC-1,0.097372,0.846136,0.056424,0.000067
AGAGTAAACTTCACTA-1,0.000229,0.592512,0.127169,0.28009
AGAGTATAGTGTTACG-1,0.413847,0.549446,0.036399,0.000308
AGAGTCTTAATGAAAG-1,0.000173,0.146932,0.852808,0.000087
AGAGTTAGAGACCGAT-1,0.10775,0.877592,0.000035,0.014623
AGAGTTGCAGGCCTCC-1,0.102446,0.62137,0.000026,0.276158
AGATAACTTCAGGGCC-1,0.667069,0.280038,0.036018,0.016875
AGATAATCACACCTAT-1,0.320251,0.078612,0.431734,0.169404
AGATACCAATAGAACC-1,0.000099,0.064074,0.70756,0.228267
AGATACCAGCACTTCA-1,0.366661,0.629324,0.000024,0.003991
AGATACCGGTGTTCAC-1,0.226756,0.769732,0.000033,0.00348
AGATACGACTTCATAT-1,0.388327,0.54438,0.000119,0.067174
AGATACTCAAGATCGA-1,0.380155,0.311996,0.209289,0.09856
AGATATAATACGACTA-1,0.000112,0.143367,0.683952,0.172569
AGATCGTGCATAAGAT-1,0.501465,0.475335,0.022895,0.000305
AGATCTCAGGTGTGAT-1,0.462241,0.520447,0.000027,0.017285
AGATCTGGAGAGGATA-1,0.061098,0.143661,0.763185,0.032056
AGATGACTCGCCCACG-1,0.657936,0.319064,0.022955,0.000044
AGATGAGGGTTGCGAT-1,0.862824,0.128601,0.000018,0.008557
AGATGATGGAGTCTGG-1,0.238386,0.739015,0.000026,0.022573
AGATGCAAGACGTGCA-1,0.000109,0.218932,0.627547,0.153412
AGATGCATCCTGTGTC-1,0.001271,0.416385,0.453326,0.129019
AGATGCTATAACGAGC-1,0.455926,0.544023,0.000017,0.000034
AGATTATAGGACGTTT-1,0.293106,0.694042,0.000034,0.012817
AGATTCAAGCGGGTCG-1,0.000241,0.769509,0.00006,0.23019
AGATTCACAACCGATA-1,0.00029,0.00029,0.688791,0.31063
AGCAAAGGCCGCTAGT-1,0.000126,0.173861,0.585096,0.240916
AGCAACATATCTTATT-1,0.14792,0.295161,0.000033,0.556886
AGCAACCGAAAGTAAT-1,0.000202,0.177701,0.813007,0.009091
AGCACACGTTTAGACT-1,0.000132,0.112786,0.634012,0.253069
AGCACCAGTACTCACG-1,0.689648,0.300514,0.00002,0.009818
AGCACTACCGGCCTGT-1,0.611104,0.355974,0.020629,0.012292
AGCACTACCTCACCAG-1,0.577601,0.170391,0.154154,0.097854
AGCACTTAAGGACGCC-1,0.266296,0.498625,0.000023,0.235057
AGCAGAAGGAGAAAGA-1,0.00011,0.142093,0.849957,0.007841
AGCAGCCAGATGAATA-1,0.076333,0.273029,0.430643,0.219995
AGCAGTCGAAGCATGC-1,0.000086,0.000086,0.983591,0.016238
AGCATATCAATATGCT-1,0.173301,0.299612,0.526994,0.000093
AGCATCATTTCGAAAG-1,0.27344,0.442655,0.249837,0.034069
AGCATCGTCGATAATT-1,0.366708,0.63322,0.000024,0.000048
AGCATTACGAGGCAAG-1,0.121208,0.035181,0.747165,0.096446
AGCCAAGCTTTGTGTC-1,0.00011,0.239168,0.596897,0.163825
AGCCACAGGTTACCCG-1,0.00016,0.073408,0.708487,0.217945
AGCCACTCCCGTGCTT-1,0.633748,0.259457,0.006048,0.100746
AGCCATATAGTATGTG-1,0.024866,0.008673,0.698414,0.268048
AGCCCATACATGTAAG-1,0.736667,0.217342,0.00002,0.045971
AGCCCGCAACAAGCAG-1,0.000074,0.000074,0.711438,0.288414
AGCCCGCACTACAATG-1,0.023126,0.003416,0.973067,0.00039
AGCCCGGCATTAGAGG-1,0.000182,0.107727,0.884419,0.007672
AGCCCGGTAGCCTGTA-1,0.000152,0.133635,0.724103,0.14211
AGCCCTAAGCGAAGTT-1,0.338771,0.661151,0.000026,0.000052
AGCCCTCCCTGGTGGC-1,0.000173,0.004382,0.690297,0.305148
AGCCCTGTCGCACCGT-1,0.476629,0.409116,0.000017,0.114238
AGCCCTTCTAATCCGA-1,0.964307,0.035214,0.000009,0.000469
AGCCCTTGGACATCCC-1,0.148775,0.08535,0.516918,0.248957
AGCCGTGGCTAAATGT-1,0.000147,0.27702,0.720822,0.002011
AGCCTAATACCCACGT-1,0.000203,0.145398,0.765385,0.089015
AGCCTTAAAGCGGAAG-1,0.008961,0.982358,0.008622,0.000059
AGCGACAGGAACGGTC-1,0.128771,0.457633,0.223449,0.190147
AGCGACATCCCATTCA-1,0.731734,0.253014,0.001011,0.014241
AGCGACCAACGATATT-1,0.840442,0.012318,0.000007,0.147233
AGCGACTTTGAAGACA-1,0.124103,0.037793,0.809847,0.028257
AGCGAGACGTGAAGGC-1,0.11493,0.06655,0.320437,0.498082
AGCGATGCGCCTAATA-1,0.000206,0.06176,0.767775,0.170259
AGCGCATAATGAATCG-1,0.000116,0.350025,0.626157,0.023702
AGCGCGGGTGCCAATG-1,0.176112,0.817024,0.006808,0.000056
AGCGCTAGAGCGATGT-1,0.822221,0.146387,0.000012,0.03138
AGCGCTTATGGGCAAG-1,0.272473,0.693459,0.000038,0.03403
AGCGGACACTTCGTAG-1,0.000233,0.295092,0.70296,0.001715
AGCGGCGGTTAGCGGT-1,0.00016,0.277653,0.667606,0.054581
AGCGGGAAGGGTCCAT-1,0.52044,0.479475,0.000028,0.000057
AGCGGGTCTGACACTC-1,0.000094,0.125864,0.852387,0.021654
AGCGGTTGAGATGTAC-1,0.423193,0.510518,0.058551,0.007738
AGCGGTTGCCGCTCTG-1,0.410945,0.553927,0.035088,0.00004
AGCGTACGAGAGCTAG-1,0.149487,0.850427,0.000029,0.000057
AGCGTAGCGCTAGACC-1,0.01747,0.982317,0.000071,0.000142
AGCGTCTGAACCCGCA-1,0.553681,0.44627,0.000016,0.000033
AGCGTGGTATTCTACT-1,0.000391,0.571506,0.260382,0.167722
AGCGTTCCGATTTAAA-1,0.00017,0.999702,0.000043,0.000085
AGCTAACAAGCAATGT-1,0.000134,0.120654,0.572328,0.306883
AGCTAAGCTCCGTCCG-1,0.000098,0.23271,0.731473,0.035719
AGCTAAGTACGCAGGC-1,0.000145,0.211748,0.788035,0.000072
AGCTACGAATGGTGGT-1,0.000206,0.161619,0.837982,0.000193
AGCTAGAAGCAGAAGT-1,0.762053,0.237921,0.000009,0.000018
AGCTATTTAATCCAAC-1,0.675085,0.324857,0.000019,0.000039
AGCTCCATATATGTTC-1,0.03542,0.184471,0.495757,0.284352
AGCTCCTTCGCACATC-1,0.17139,0.231979,0.596552,0.000079
AGCTCGTTGATGGAAA-1,0.475084,0.50773,0.005825,0.011361
AGCTCTAGACGTTCCA-1,0.282705,0.717158,0.000046,0.000091
AGCTCTTCCCAGTGCA-1,0.769033,0.193705,0.000013,0.037248
AGCTCTTCGTAACCTT-1,0.125622,0.663309,0.055083,0.155985
AGCTCTTTACTCAGTT-1,0.097925,0.832599,0.027651,0.041825
AGCTGAAGTAAACCAA-1,0.822321,0.01894,0.000008,0.15873
AGCTGTAACCTCAATC-1,0.00015,0.282818,0.709823,0.007208
AGCTTATAGAGACCTG-1,0.207197,0.784568,0.008169,0.000066
AGCTTCAATACTTTGA-1,0.283805,0.64053,0.047479,0.028186
AGCTTCTTCTCGAGCA-1,0.000063,0.224951,0.762391,0.012595
AGCTTGATCAGGGTAG-1,0.000107,0.117485,0.698773,0.183635
AGCTTGATCTTAACTT-1,0.726013,0.209742,0.000019,0.064226
