Barcode,Topic 1,Topic 2,Topic 3,Topic 4to7,Topic 8to9,Topic 10to12
AAACAAGTATCTCCCA-1,0.199988,0.051746,0.044672,0.137299,0.565496,0.000799
AAACACCAATAACTGC-1,0.000547,0.251697,0.057859,0.072828,0.485273,0.131796
AAACAGAGCGACTCCT-1,0.000032,0.010418,0.000174,0.082657,0.407971,0.498748
AAACAGCTTTCAGAAG-1,0.000019,0.002752,0.000019,0.671752,0.18952,0.135939
AAACAGGGTCTATATT-1,0.000025,0.136718,0.000025,0.203339,0.157336,0.502558
AAACAGTGTTCCTGGG-1,0.024049,0.521651,0.145809,0.000049,0.308405,0.000037
AAACATGGTGAGAGGA-1,0.06021,0.366795,0.00948,0.209944,0.199507,0.154063
AAACATTTCCCGGATT-1,0.362552,0.005283,0.344789,0.116625,0.078784,0.091968
AAACCACTACACAGAT-1,0.000027,0.104923,0.017465,0.320905,0.294559,0.262121
AAACCCGAACGAAATC-1,0.236304,0.007724,0.061008,0.210772,0.238133,0.246059
AAACCGGAAATGTTAA-1,0.137698,0.055649,0.084194,0.336687,0.268116,0.117656
AAACCGGGTAGGTACC-1,0.014725,0.043183,0.000178,0.066666,0.41555,0.459699
AAACCGTTCGTCCAGG-1,0.000364,0.055577,0.135373,0.031015,0.643067,0.134603
AAACCTAAGCAGCCGG-1,0.788858,0.002135,0.000025,0.208859,0.00005,0.000074
AAACCTCATGAAGTTG-1,0.000027,0.000027,0.000027,0.211612,0.133359,0.654948
AAACGAAGAACATACC-1,0.000035,0.000035,0.01095,0.016747,0.457618,0.514614
AAACGAAGATGGAGTA-1,0.000045,0.325919,0.032692,0.094046,0.415161,0.132135
AAACGACAGTCTTGCC-1,0.000021,0.081776,0.035979,0.382073,0.238638,0.261513
AAACGAGACGGTTGAT-1,0.043564,0.000925,0.026148,0.000153,0.798034,0.131175
AAACGCCCGAGATCGG-1,0.000024,0.000024,0.000024,0.413222,0.115036,0.471672
AAACGCTGGGCACGAC-1,0.308694,0.14054,0.006139,0.401806,0.08467,0.05815
AAACGGGCGTACGGGT-1,0.393465,0.000043,0.40265,0.00017,0.203545,0.000128
AAACGGTTGCGAACTG-1,0.005362,0.078518,0.240131,0.345098,0.156348,0.174544
AAACGTGTTCGCCCTA-1,0.001039,0.135025,0.000019,0.120961,0.235532,0.507425
AAACTAACGTGGCGAC-1,0.013188,0.027305,0.006738,0.187052,0.147761,0.617956
AAACTCGGTTCGCAAT-1,0.085821,0.046022,0.343586,0.355795,0.123018,0.045757
AAACTCGTGATATAAG-1,0.000022,0.06985,0.061077,0.255675,0.271085,0.342291
AAACTGCTGGCTCCAA-1,0.00082,0.00002,0.171939,0.065882,0.251033,0.510306
AAACTTAATTGCACGC-1,0.014212,0.170299,0.001023,0.497074,0.196889,0.120503
AAACTTGCAAACGTAT-1,0.01135,0.026013,0.000036,0.076848,0.679849,0.205904
AAAGAATGACCTTAGA-1,0.007539,0.380842,0.011944,0.243923,0.217065,0.138688
AAAGAATGTGGACTAA-1,0.797495,0.007097,0.057138,0.097205,0.004311,0.036754
AAAGACATGAAGTTTA-1,0.000035,0.005296,0.000257,0.441062,0.171544,0.381806
AAAGACCCAAGTCGCG-1,0.000061,0.000061,0.008607,0.164493,0.302533,0.524243
AAAGACTGGGCGCTTT-1,0.000082,0.002082,0.000082,0.059997,0.784622,0.153134
AAAGCTTGCCTACATA-1,0.002833,0.238428,0.063538,0.177154,0.206072,0.311975
AAAGGCCCTATAATAC-1,0.009886,0.498729,0.018462,0.28397,0.14113,0.047824
AAAGGCTACGGACCAT-1,0.081937,0.151735,0.105191,0.153867,0.447019,0.060252
AAAGGCTCTCGCGCCG-1,0.036508,0.013339,0.053445,0.181167,0.635683,0.079858
AAAGGGATGTAGCAAG-1,0.000836,0.055838,0.000018,0.022366,0.510471,0.410471
AAAGGGCAGCTTGAAT-1,0.000058,0.000058,0.000239,0.201465,0.389476,0.408705
AAAGGTAAGCTGTACC-1,0.000034,0.042987,0.000034,0.016961,0.297659,0.642325
AAAGGTCAACGACATG-1,0.000023,0.037584,0.002887,0.693896,0.08205,0.18356
AAAGTAGCATTGCTCA-1,0.015979,0.148351,0.00003,0.022469,0.784821,0.02835
AAAGTCACTGATGTAA-1,0.000035,0.000035,0.000035,0.194352,0.195531,0.610013
AAAGTCGACCCTCAGT-1,0.00004,0.032629,0.00004,0.09669,0.226291,0.644309
AAAGTGCCATCAATTA-1,0.182378,0.001697,0.000008,0.799656,0.016238,0.000023
AAAGTGTGATTTATCT-1,0.039114,0.000033,0.192021,0.245799,0.275198,0.247835
AAAGTTGACTCCCGTA-1,0.013639,0.000014,0.073889,0.110593,0.107081,0.694784
AAATAACCATACGGGA-1,0.000043,0.018153,0.000043,0.000702,0.390611,0.590448
AAATAAGGTAGTGCCC-1,0.002564,0.121288,0.154209,0.001493,0.564595,0.155851
AAATACCTATAAGCAT-1,0.030451,0.000035,0.128235,0.001255,0.541625,0.298398
AAATAGCTTAGACTTT-1,0.046293,0.022692,0.149017,0.178906,0.162457,0.440635
AAATAGGGTGCTATTG-1,0.220341,0.000017,0.014144,0.137556,0.230059,0.397882
AAATCACTCCTAAACG-1,0.034781,0.175332,0.000018,0.781801,0.000037,0.008031
AAATCCGATACACGCC-1,0.192586,0.000661,0.01512,0.775436,0.000018,0.016179
AAATCGCGGAAGGAGT-1,0.000028,0.069023,0.015405,0.247498,0.579196,0.088851
AAATCGTGTACCACAA-1,0.000019,0.00121,0.00448,0.095072,0.180369,0.71885
AAATCTAGCCCTGCTA-1,0.081063,0.001871,0.218824,0.38249,0.160727,0.155024
AAATCTGCCCGCGTCC-1,0.030311,0.387478,0.071425,0.139039,0.323469,0.048278
AAATGACTGATCAAAC-1,0.042387,0.031056,0.010575,0.876954,0.035485,0.003542
AAATGATTCGATCAGC-1,0.000024,0.041661,0.009988,0.064312,0.405116,0.478898
AAATGCTCGTTACGTT-1,0.125446,0.024127,0.000197,0.000788,0.443271,0.406171
AAATGGCATGTCTTGT-1,0.000059,0.14424,0.000059,0.013944,0.333912,0.507786
AAATGGCCCGTGCCCT-1,0.000023,0.028052,0.000023,0.33444,0.255952,0.381511
AAATGGTCAATGTGCC-1,0.000024,0.045535,0.003949,0.000096,0.744418,0.205978
AAATGTGGGTGCTCCT-1,0.000111,0.22375,0.000111,0.000444,0.77525,0.000333
AAATTAACGGGTAGCT-1,0.016634,0.034491,0.01635,0.068371,0.229228,0.634926
AAATTAATAAGCGCGA-1,0.090634,0.153638,0.000057,0.103521,0.637118,0.015033
AAATTACACGACTCTG-1,0.000036,0.005957,0.000036,0.134398,0.205701,0.653871
AAATTACCTATCGATG-1,0.03541,0.06611,0.014877,0.032588,0.562179,0.288834
AAATTCCAGGTCCAAA-1,0.010228,0.065926,0.061848,0.183688,0.120391,0.557918
AAATTGATAGTCCTTT-1,0.000015,0.013874,0.000015,0.104735,0.074489,0.806873
AAATTGGTGAGAAGCA-1,0.009014,0.342349,0.008854,0.000093,0.598148,0.041543
AAATTTACCGAAATCC-1,0.00004,0.00004,0.00004,0.141133,0.183261,0.675485
AAATTTGCGGGTGTGG-1,0.000021,0.021834,0.000021,0.041055,0.43036,0.506709
AACAACTGGTAGTTGC-1,0.000022,0.000022,0.000022,0.05658,0.217329,0.726026
AACAATACATTGTCGA-1,0.000009,0.015202,0.009808,0.403953,0.029693,0.541335
AACAATTACTCTACGC-1,0.000049,0.000049,0.000049,0.005054,0.684609,0.31019
AACACACGCTCGCCGC-1,0.065612,0.000023,0.219095,0.397422,0.052442,0.265407
AACACGACTGTACTGA-1,0.000035,0.000035,0.000035,0.09001,0.084053,0.825831
AACACGAGACGCGGCC-1,0.000012,0.000012,0.000012,0.224674,0.042382,0.732909
AACAGCTGTGTGGCAA-1,0.001967,0.094054,0.004348,0.058458,0.349848,0.491325
AACAGGAAATCGAATA-1,0.013444,0.011368,0.002037,0.034965,0.598977,0.339208
AACAGGATGGGCCGCG-1,0.00005,0.00005,0.00005,0.000201,0.391305,0.608344
AACAGGTAGTATGGAT-1,0.031489,0.035184,0.020947,0.526383,0.190928,0.195069
AACATAGCGTGTATCG-1,0.948328,0.0023,0.023046,0.000089,0.026171,0.000066
AACATATCAACTGGTG-1,0.00002,0.022111,0.052505,0.077086,0.391108,0.45717
AACATCGATACGTCTA-1,0.000011,0.000011,0.000011,0.082642,0.01381,0.903515
AACATTGAAGTTGATC-1,0.030484,0.470431,0.025537,0.045171,0.228325,0.200051
AACATTGTGACTCGAG-1,0.008124,0.110342,0.379662,0.0245,0.467649,0.009723
AACCAAGACTTCTCTG-1,0.007141,0.030932,0.000034,0.088029,0.649527,0.224336
AACCAGTATCACTCTT-1,0.000056,0.012609,0.000056,0.28889,0.222586,0.475803
AACCATAGGGTTGAAC-1,0.000207,0.279008,0.021246,0.452163,0.107253,0.140123
AACCATGGGATCGCTA-1,0.000114,0.167538,0.000114,0.000457,0.166459,0.665318
AACCCAGAGACGGAGA-1,0.029163,0.000041,0.00528,0.039787,0.38204,0.543688
AACCCATCCCATGATC-1,0.045621,0.120761,0.026189,0.300359,0.426291,0.08078
AACCCGACAACCCGTG-1,0.017973,0.172377,0.131806,0.522177,0.113385,0.042281
AACCCGAGCAGAATCG-1,0.024577,0.030877,0.105199,0.758918,0.068083,0.012346
AACCCGATAGGGCTTC-1,0.000034,0.260114,0.000034,0.233245,0.262157,0.244415
AACCCGCTGTATTCCA-1,0.243837,0.282158,0.090072,0.247246,0.133558,0.003128
AACCCTACTGTCAATA-1,0.027475,0.000023,0.115137,0.061401,0.525278,0.270686
AACCCTGGTGGAACCA-1,0.000032,0.007924,0.003127,0.200894,0.04095,0.747073
AACCGAGCTTGGTCAT-1,0.07673,0.047604,0.000023,0.045689,0.369945,0.460008
AACCGCTAAGGGATGC-1,0.044571,0.000018,0.057468,0.50952,0.208869,0.179553
AACCGTTGTGTTTGCT-1,0.000054,0.000054,0.000054,0.104761,0.525348,0.36973
AACCTAAAGCCGTCCG-1,0.000067,0.006372,0.000067,0.213414,0.208677,0.571402
AACCTCGCTTTAGCCC-1,0.557097,0.000013,0.000013,0.374784,0.000903,0.06719
AACCTGTCACGGAATT-1,0.053676,0.106263,0.152359,0.1168,0.309016,0.261886
AACCTTTAAATACGGT-1,0.000042,0.000042,0.262345,0.00017,0.488902,0.248498
AACCTTTACGACGTCT-1,0.00004,0.007073,0.016835,0.004104,0.635088,0.336859
AACGAAAGTCGTCCCA-1,0.000014,0.053817,0.013946,0.480604,0.322026,0.129594
AACGACCTCCTAGCCG-1,0.191961,0.050107,0.203547,0.307802,0.002994,0.243591
AACGATAATGCCGTAG-1,0.0998,0.00002,0.129537,0.180441,0.122498,0.467704
AACGATAGAAGGGCCG-1,0.000039,0.000039,0.000039,0.306125,0.008631,0.685128
AACGATATGTCAACTG-1,0.037566,0.011544,0.011136,0.000121,0.497054,0.442579
AACGCATGATCTGGGT-1,0.06061,0.022941,0.034388,0.197833,0.146768,0.53746
AACGCGACCTTGGGCG-1,0.002123,0.170338,0.146853,0.523914,0.147594,0.009179
AACGCGGTCTCCAGCC-1,0.026458,0.04591,0.000037,0.000147,0.667991,0.259457
AACGCTGTTGCTGAAA-1,0.243477,0.000028,0.034562,0.190903,0.235597,0.295434
AACGGACGTACGTATA-1,0.017221,0.000015,0.176621,0.38837,0.03124,0.386533
AACGGCCATCTCCGGT-1,0.035345,0.107817,0.000019,0.099498,0.429775,0.327547
AACGTACTGTGGGTAC-1,0.004674,0.043233,0.007555,0.126303,0.232889,0.585347
AACGTCAGACTAGTGG-1,0.00004,0.00004,0.00004,0.029713,0.357822,0.612345
AACGTCATCCGGCTTG-1,0.057332,0.081646,0.39389,0.000126,0.466912,0.000095
AACGTCGCTGCACTTC-1,0.9999,0.000009,0.000009,0.000036,0.000018,0.000027
AACGTGATGAAGGACA-1,0.000026,0.000026,0.000026,0.134212,0.447582,0.418127
AACGTGCGAAAGTCTC-1,0.104676,0.015461,0.032426,0.022409,0.349452,0.475577
AACGTTATCAGCACCT-1,0.063393,0.003527,0.000084,0.213063,0.374194,0.345739
AACGTTCTACCATTGT-1,0.373105,0.212997,0.024375,0.007585,0.379339,0.002599
AACTACCCGTTTGTCA-1,0.000014,0.000011,0.010624,0.59374,0.042044,0.353566
AACTAGCGTATCGCAC-1,0.034259,0.00004,0.00004,0.073638,0.350074,0.541949
AACTAGGCTTGGGTGT-1,0.003324,0.024376,0.147652,0.000167,0.739611,0.084869
AACTCAAGTTAATTGC-1,0.000029,0.004673,0.010462,0.00404,0.753858,0.226939
AACTCCAGAGCGTGTT-1,0.357994,0.002522,0.27931,0.143942,0.099401,0.116831
AACTCCTAATCCCATG-1,0.000026,0.072565,0.000026,0.048388,0.069634,0.809362
AACTCTCAATAGAGCG-1,0.000024,0.000024,0.127365,0.187055,0.220835,0.464699
AACTCTCAGTGTGCTC-1,0.012171,0.073635,0.049118,0.184236,0.229525,0.451315
AACTGAGGTCAGCGTC-1,0.000032,0.055068,0.000032,0.219501,0.225019,0.500347
AACTGAGTTATACTGA-1,0.07659,0.231293,0.172446,0.022072,0.488334,0.009265
AACTGATATTAGGCCT-1,0.000061,0.09743,0.000061,0.020946,0.72047,0.161032
AACTGGGTCCCGACGT-1,0.000037,0.000037,0.001132,0.05069,0.551974,0.396132
AACTGGGTTCGAGCCG-1,0.000045,0.000045,0.000045,0.09295,0.167594,0.739319
AACTGGTGTGGGCCTT-1,0.019974,0.032489,0.000108,0.000432,0.946673,0.000324
AACTTCTGCGTCTATC-1,0.000076,0.000076,0.000076,0.070672,0.319147,0.609952
AACTTGCCCGTATGCA-1,0.000048,0.000048,0.000048,0.018464,0.224517,0.756875
AACTTTACGGGAGCTT-1,0.055452,0.293416,0.000096,0.08708,0.513149,0.050807
AACTTTAGCTGCTGAG-1,0.231422,0.139789,0.000112,0.000449,0.627891,0.000337
AACTTTCTCGATCATG-1,0.077705,0.090847,0.007343,0.178869,0.088504,0.556731
AAGAAAGTTTGATGGG-1,0.000013,0.312294,0.014566,0.273852,0.300698,0.098577
AAGAAATCACCAGATT-1,0.003543,0.187747,0.083495,0.136441,0.401654,0.187119
AAGACATACGTGGTTT-1,0.264908,0.033429,0.176841,0.474548,0.023199,0.027075
AAGACCAAATAACTCA-1,0.019983,0.160653,0.019531,0.391611,0.30708,0.101142
AAGACCCAACTGAACA-1,0.002212,0.035336,0.278851,0.118618,0.315106,0.249877
AAGACTCACGCCCACT-1,0.000068,0.033747,0.000068,0.221413,0.437783,0.306923
AAGACTGCAAGCTACT-1,0.02902,0.000025,0.056008,0.052719,0.234141,0.628087
AAGAGATGAATCGGTA-1,0.000035,0.000035,0.000035,0.187147,0.077563,0.735186
AAGAGCTCTTTATCGG-1,0.062015,0.026656,0.007282,0.000139,0.902415,0.001492
AAGAGGATGTACGCGA-1,0.000019,0.000019,0.000019,0.078588,0.053813,0.867541
AAGAGGCATGGATCGC-1,0.048636,0.001507,0.001668,0.049219,0.349359,0.549611
AAGAGGCCCTTTGGAA-1,0.22852,0.098543,0.432692,0.066869,0.168274,0.005102
AAGATGGCACCGGACC-1,0.043394,0.219264,0.020652,0.246131,0.238098,0.232461
AAGATTGGCGGAACGT-1,0.002141,0.158358,0.013529,0.039281,0.346729,0.439962
AAGCACCCTGCGTATC-1,0.2547,0.179588,0.019615,0.088721,0.40439,0.052985
AAGCATACTCTCCTGA-1,0.00003,0.00003,0.260079,0.027328,0.448905,0.263627
AAGCCACTTGCAGGTA-1,0.004088,0.139905,0.013394,0.792499,0.04507,0.005045
AAGCCGAAGCGGTTTA-1,0.061578,0.010948,0.010012,0.426729,0.06148,0.429252
AAGCCGCCGTGAAATC-1,0.095707,0.512127,0.001262,0.139369,0.066527,0.185008
AAGCCGCTTTACCTTG-1,0.000009,0.011143,0.005057,0.430147,0.050543,0.503101
AAGCCGGAGAGCAGGA-1,0.029345,0.146431,0.1723,0.182192,0.247324,0.222409
AAGCGCAGGGCTTTGA-1,0.284238,0.25818,0.120724,0.233828,0.10286,0.00017
AAGCGGAGTGCGCGCA-1,0.019096,0.152247,0.026746,0.137458,0.471729,0.192725
AAGCGGCGTCATGGGT-1,0.000039,0.030646,0.000039,0.141375,0.248685,0.579217
AAGCGTCCCTCATCGA-1,0.015759,0.136682,0.088802,0.093104,0.620491,0.045163
AAGCTAGATCGAGTAA-1,0.007696,0.00003,0.211251,0.047793,0.341567,0.391664
AAGCTATGGATTGACC-1,0.074826,0.493241,0.002215,0.143722,0.275418,0.010577
AAGCTCGTGCCAAGTC-1,0.019354,0.033732,0.063871,0.000944,0.780566,0.101532
AAGCTCTTTCATGGTG-1,0.340446,0.000041,0.188509,0.000164,0.458407,0.012433
AAGGAGAACTTATAAG-1,0.021381,0.132725,0.000112,0.00045,0.739687,0.105645
AAGGAGCGGTTGGTGC-1,0.000028,0.003788,0.019484,0.044977,0.452993,0.47873
AAGGATCGATCGCTTG-1,0.000018,0.007599,0.093948,0.428776,0.245944,0.223714
AAGGATGAGGGACCTC-1,0.000009,0.000009,0.000009,0.262845,0.00286,0.734269
AAGGCAGGCTGTCTCC-1,0.002913,0.096776,0.217896,0.278846,0.293784,0.109784
AAGGCGCGTAAAGCTT-1,0.000043,0.000043,0.000043,0.000369,0.665606,0.333895
AAGGCTGTGCTCATCG-1,0.000031,0.006571,0.033117,0.012303,0.497963,0.450015
AAGGGAACGACTGGCT-1,0.000006,0.220088,0.004206,0.529583,0.054102,0.192016
AAGGGACAGATTCTGT-1,0.005311,0.002893,0.077009,0.117748,0.36867,0.428369
AAGGGACTATGCATTC-1,0.000011,0.234264,0.000046,0.188837,0.049852,0.526991
AAGGGTTAGCCATGCG-1,0.822329,0.115076,0.001042,0.000064,0.061442,0.000048
AAGGGTTTGATTTCAG-1,0.082294,0.438986,0.001955,0.055892,0.420752,0.000121
AAGGTATCCTAATATA-1,0.000009,0.000009,0.000009,0.101637,0.043515,0.854823
AAGGTGATAAACCAGC-1,0.000027,0.000027,0.21021,0.044972,0.362212,0.382553
AAGTAGAAGACCGGGT-1,0.000068,0.000068,0.000068,0.000274,0.758409,0.241111
AAGTAGTGACGCGAGG-1,0.062721,0.000059,0.000059,0.167989,0.367253,0.401919
AAGTCAATTGTCGTCA-1,0.000027,0.000027,0.215204,0.213936,0.144743,0.426063
AAGTCTAGTAGCTGCC-1,0.00354,0.080994,0.022587,0.454579,0.077478,0.360823
AAGTCTTCTGTGGCCT-1,0.082025,0.664963,0.000069,0.133157,0.119581,0.000206
AAGTGACGACCGAATT-1,0.000019,0.000019,0.000019,0.265765,0.054819,0.679358
AAGTGAGTCGGGTTTA-1,0.062942,0.270903,0.116577,0.148007,0.232877,0.168693
AAGTGCAAAGGTAGAC-1,0.00013,0.075043,0.00013,0.100848,0.761046,0.062804
AAGTGCCTTGACTGTA-1,0.012639,0.000042,0.26973,0.000168,0.62454,0.092881
AAGTGCGTTAGAATCT-1,0.039917,0.015797,0.040603,0.029601,0.707307,0.166776
AAGTGCTTCTCTATTG-1,0.04828,0.368178,0.001581,0.579004,0.002927,0.000029
AAGTGTTTGGAGACGG-1,0.082215,0.000063,0.266425,0.001138,0.634077,0.016081
AAGTTCACTCCAAGCT-1,0.270277,0.002848,0.134658,0.335806,0.097413,0.158998
AAGTTCAGTCTGCGTA-1,0.000007,0.000007,0.000007,0.185611,0.073254,0.741114
AAGTTCGGCCAACAGG-1,0.000028,0.120728,0.00033,0.000114,0.803514,0.075287
AAGTTGTGATGTTATA-1,0.391963,0.05785,0.369981,0.098376,0.046362,0.035468
AAGTTTACTAATGGCA-1,0.000032,0.000032,0.000032,0.406617,0.000063,0.593225
AAGTTTATGGGCCCAA-1,0.264718,0.096405,0.58582,0.000096,0.052891,0.000072
AATAACAACGCTCGGC-1,0.016962,0.03652,0.000589,0.000152,0.776715,0.169063
AATAACACTAGAACAA-1,0.135937,0.045491,0.004058,0.123512,0.458575,0.232427
AATAACGTCGCGCCCA-1,0.948301,0.000422,0.008489,0.009954,0.02441,0.008425
AATAAGTCCTCGAGAC-1,0.000043,0.000043,0.000043,0.160744,0.218198,0.620928
AATAATCTTCGTATCG-1,0.007334,0.070401,0.053602,0.588697,0.235642,0.044323
AATACAATGTTTCAGG-1,0.000129,0.06458,0.000129,0.000514,0.900184,0.034464
AATACCGGAGGGCTGT-1,0.009999,0.467623,0.03711,0.235149,0.060093,0.190027
AATACCTGATGTGAAC-1,0.343001,0.003614,0.017729,0.63495,0.000015,0.000691
AATAGAACAGAGTGGC-1,0.000013,0.000013,0.000013,0.310429,0.002354,0.687178
AATAGAATCTGTTTCA-1,0.050806,0.000017,0.042064,0.54733,0.144289,0.215495
AATAGCAAGCCTCCTG-1,0.000038,0.16122,0.000038,0.127443,0.406646,0.304617
AATAGCTACCGCGTGC-1,0.031284,0.0924,0.000028,0.003046,0.749304,0.123938
AATAGGCACGACCCTT-1,0.041093,0.389078,0.00129,0.002041,0.564782,0.001716
AATAGTCCGTCCCGAC-1,0.044727,0.001094,0.197167,0.17995,0.278205,0.298858
AATAGTCGCGAGTCGG-1,0.059302,0.000208,0.000053,0.127377,0.353067,0.459993
AATATCAAGGTCGGAT-1,0.000126,0.132344,0.000126,0.000503,0.866525,0.000377
AATATCCTAGCAAACT-1,0.041798,0.499833,0.000047,0.017818,0.440363,0.000141
AATATCGAATCAATGC-1,0.025889,0.002245,0.467206,0.000145,0.461472,0.043042
AATATCGAGGGTTCTC-1,0.000014,0.004645,0.007765,0.231444,0.160541,0.595591
AATATTGGAGTATTGA-1,0.000027,0.000027,0.000027,0.044036,0.316847,0.639036
AATCAGGTTTCATTTA-1,0.007035,0.557997,0.040617,0.195399,0.10741,0.091542
AATCATGTAAAGACTC-1,0.366115,0.042497,0.166621,0.239563,0.185088,0.000115
AATCCAAGGGCCTGAG-1,0.000036,0.000036,0.000036,0.171379,0.282272,0.546242
AATCCCGCTCAGAGCC-1,0.152419,0.378299,0.131849,0.228655,0.108692,0.000086
AATCGAGGTCTCAAGG-1,0.331792,0.000035,0.662086,0.001141,0.00484,0.000105
AATCGCCTCAGCGCCA-1,0.052183,0.000036,0.143085,0.000146,0.777557,0.026993
AATCGCGCAGAGGACT-1,0.081042,0.018861,0.12479,0.187632,0.093401,0.494275
AATCGGGACACTACGA-1,0.000048,0.000048,0.000048,0.011666,0.401908,0.586283
AATCGGTATAGCCCTC-1,0.833401,0.000014,0.000014,0.106014,0.000027,0.060531
AATCGTGAGCCGAGCA-1,0.307318,0.003439,0.117878,0.566406,0.00004,0.004919
AATCTAGGTTTACTTG-1,0.000031,0.005934,0.002005,0.515578,0.240706,0.235746
AATCTATGCCGGAGCC-1,0.003038,0.219022,0.108537,0.019985,0.458442,0.190975
AATCTCTACTGTGGTT-1,0.000023,0.001997,0.000023,0.508879,0.142511,0.346567
AATCTGCGTTGGGACG-1,0.049275,0.005155,0.089574,0.038728,0.248604,0.568663
AATCTGGCTTTCTAGT-1,0.000057,0.156314,0.000057,0.00023,0.740785,0.102556
AATCTGGGTAGACCCT-1,0.000048,0.000048,0.000048,0.093929,0.339558,0.566368
AATGACAGCAATGTCT-1,0.000034,0.04576,0.047984,0.038882,0.538406,0.328934
AATGACGTAGGATGTC-1,0.027899,0.000047,0.282613,0.000189,0.675469,0.013784
AATGACTGTCAGCCGG-1,0.006805,0.012442,0.000049,0.000194,0.725005,0.255505
AATGATGATACGCTAT-1,0.000027,0.046732,0.028372,0.098659,0.261244,0.564966
AATGATGCGACTCCTG-1,0.032702,0.069402,0.03489,0.025004,0.610611,0.227392
AATGCAACCGGGTACC-1,0.000014,0.005101,0.00165,0.277157,0.084271,0.631806
AATGCACCAAGCAATG-1,0.076848,0.110081,0.000059,0.114343,0.372769,0.3259
AATGGTCCACCGTTCA-1,0.000076,0.0332,0.000076,0.162776,0.605534,0.198338
AATGGTTCTCACAAGC-1,0.000046,0.000046,0.016261,0.219377,0.20413,0.560141
AATGTATGGCACTGTA-1,0.000686,0.157144,0.020073,0.510552,0.247631,0.063914
AATGTGCCCGAGGTGT-1,0.000038,0.384032,0.011146,0.098176,0.211012,0.295595
AATGTGCTAATCTGAG-1,0.050879,0.413331,0.007928,0.469603,0.037344,0.020916
AATGTTAAGACCCTGA-1,0.586204,0.119631,0.18411,0.04359,0.065817,0.000648
AATGTTGTCGTGAGAC-1,0.825077,0.000033,0.034574,0.000336,0.096997,0.042983
AATTAAAGGTCGGCGT-1,0.000018,0.011945,0.006248,0.156762,0.087288,0.737738
AATTAACGGATTTCCA-1,0.01112,0.000023,0.03565,0.469603,0.210317,0.273287
AATTACGAGACCCATC-1,0.000033,0.258602,0.034345,0.14898,0.507605,0.050435
AATTAGCGCTGCAGCG-1,0.000023,0.001788,0.256694,0.056838,0.409784,0.274873
AATTATACCCAGCAAG-1,0.888881,0.00003,0.00003,0.110911,0.00006,0.000089
AATTCATAAGGGATCT-1,0.00003,0.00003,0.011255,0.094375,0.312056,0.582254
AATTCATTGTCATGCA-1,0.010037,0.249117,0.033143,0.373878,0.131437,0.202387
AATTCCAAGCATGTAC-1,0.126943,0.066204,0.342893,0.000163,0.463675,0.000122
AATTCGATTCGAGGAT-1,0.422032,0.034959,0.28849,0.000174,0.254215,0.00013
AATTCTAGAGTTAGGC-1,0.02945,0.001016,0.007433,0.035239,0.870329,0.056533
AATTGAACGCTCTGGT-1,0.02106,0.000011,0.024713,0.396622,0.051675,0.505919
AATTGCAGCAATCGAC-1,0.389291,0.003843,0.002242,0.528699,0.06783,0.008094
AATTGCGTGGATTACA-1,0.001416,0.12451,0.009581,0.566956,0.230922,0.066614
AATTGTGGTTGCCAAA-1,0.025523,0.001138,0.004875,0.877633,0.004875,0.085956
AATTTGGGACATAGTA-1,0.035797,0.001096,0.000056,0.000224,0.484471,0.478356
AATTTGGTTCCAAAGA-1,0.000067,0.000067,0.000067,0.040969,0.628957,0.329874
ACAAACCATGCGTCCT-1,0.009513,0.408187,0.016438,0.27353,0.18729,0.105043
ACAAACCGACAAGGCG-1,0.000085,0.000085,0.000085,0.268089,0.438346,0.293309
ACAAACTCCATCAGAG-1,0.099132,0.435922,0.005261,0.382504,0.07604,0.001141
ACAAAGAAGGTAGGCC-1,0.03654,0.469414,0.000036,0.000146,0.49298,0.000883
ACAAAGCATGACCTAG-1,0.226354,0.005595,0.18891,0.504371,0.050971,0.023799
ACAAATCGCACCGAAT-1,0.019431,0.00693,0.134849,0.291457,0.394644,0.152688
ACAAATGGTAGTGTTT-1,0.03327,0.000836,0.086052,0.130669,0.285332,0.463842
ACAAATTCAGATCTGA-1,0.00006,0.022255,0.0061,0.241092,0.114651,0.615842
ACAACAGCATGAGCTA-1,0.000011,0.000011,0.000011,0.248954,0.00092,0.750095
ACAACGGTCCCTGCGA-1,0.000033,0.000033,0.000033,0.251174,0.054889,0.693839
ACAAGCAGTGCCTAGC-1,0.000051,0.000051,0.000051,0.033519,0.263814,0.702514
ACAAGCTATATGGAAG-1,0.055268,0.149614,0.000595,0.157556,0.340347,0.29662
ACAAGGAAATCCGCCC-1,0.000894,0.000022,0.09443,0.276073,0.42345,0.205132
ACAAGGACAAGAGGTT-1,0.000019,0.000019,0.000019,0.138949,0.06814,0.792853
ACAAGGATGCTTTAGG-1,0.243387,0.012636,0.025272,0.539079,0.091697,0.08793
ACAAGGCCTACCAGCC-1,0.000051,0.013088,0.03936,0.188232,0.354864,0.404405
ACAAGGGCAGGCTCTG-1,0.049337,0.000012,0.056896,0.038647,0.299157,0.555952
ACAAGTAATTGTAAGG-1,0.008729,0.486684,0.003029,0.005316,0.382334,0.113908
ACAATAGTCGTACGTT-1,0.000046,0.047507,0.000046,0.008646,0.525633,0.418122
ACAATCCATTTAAACC-1,0.000029,0.006366,0.009045,0.12785,0.38833,0.468381
ACAATCGATCTTTATA-1,0.000111,0.063345,0.000111,0.000446,0.894173,0.041814
ACAATGAATACGGAGA-1,0.076112,0.217005,0.002322,0.024395,0.297148,0.383019
ACAATGATTCTTCTAC-1,0.017046,0.156637,0.000089,0.188611,0.334867,0.30275
ACAATTGTGTCTCTTT-1,0.095381,0.000023,0.087942,0.428857,0.160511,0.227286
ACAATTTAGGAGGCTC-1,0.010348,0.33436,0.000132,0.000528,0.447698,0.206933
ACAATTTGAGCAGTGG-1,0.129272,0.053308,0.000034,0.022127,0.443636,0.351624
ACAATTTGGCCATATT-1,0.230109,0.086546,0.197529,0.024546,0.366351,0.094919
ACACAAAGACGGGTGG-1,0.000039,0.092799,0.000039,0.000154,0.873769,0.033202
ACACAAATATTCCTAG-1,0.000013,0.192878,0.010168,0.137219,0.099776,0.559947
ACACACCAGGACCAGT-1,0.002108,0.000022,0.249166,0.030033,0.45557,0.2631
ACACACTTTCTACACG-1,0.000033,0.000033,0.000033,0.161749,0.072074,0.766077
ACACATGATCAAATCT-1,0.00001,0.329764,0.003867,0.300137,0.191027,0.175194
ACACATTTCCGTAGAC-1,0.175606,0.000638,0.012935,0.789874,0.000881,0.020065
ACACCACATAATTAGC-1,0.031163,0.071336,0.163795,0.00011,0.597948,0.135649
ACACCCAGCATGCAGC-1,0.016453,0.036713,0.008641,0.002353,0.681476,0.254364
ACACCCGAGAAATCCG-1,0.00006,0.016346,0.00006,0.000241,0.564623,0.41867
ACACCCGTAAATCTGT-1,0.04204,0.049834,0.000011,0.906286,0.000023,0.001805
ACACCGGTCTGACCGC-1,0.000006,0.222797,0.009719,0.333372,0.065878,0.368229
ACACCTTAAGTAGGGC-1,0.000067,0.023714,0.004644,0.000268,0.945217,0.02609
ACACCTTACTACTTGC-1,0.036588,0.000012,0.003345,0.562422,0.049243,0.348389
ACACGAGACTCCTTCT-1,0.000021,0.054614,0.079871,0.088594,0.326441,0.450459
ACACGGCACTATGCAT-1,0.03031,0.000038,0.000088,0.207608,0.130462,0.631494
ACACGGGAACTTAGGG-1,0.000022,0.029577,0.03358,0.140076,0.237139,0.559605
ACACGTAGGCCACAAG-1,0.310696,0.121015,0.149388,0.276544,0.022199,0.120157
ACACTGATCAAGGTGT-1,0.013246,0.006812,0.141084,0.00065,0.692116,0.146092
ACACTGGGACAGTCGT-1,0.171804,0.002625,0.043875,0.398192,0.174355,0.20915
ACAGAACTGAGAACAA-1,0.00003,0.126701,0.020824,0.15499,0.509561,0.187894
ACAGATTAGGTTAGTG-1,0.000091,0.000091,0.018182,0.000363,0.611922,0.369352
ACAGCATAGAGCCAGT-1,0.040188,0.000024,0.000024,0.014221,0.128763,0.81678
ACAGCGACATTCTCAT-1,0.452079,0.048138,0.212036,0.018226,0.241419,0.028103
ACAGCGCACCCGCAGC-1,0.005162,0.000052,0.013075,0.158373,0.399156,0.424182
ACAGGCACGGATCCTT-1,0.96858,0.00003,0.000029,0.000116,0.031158,0.000087
ACAGGCTTGCCCGACT-1,0.133445,0.000032,0.228751,0.117039,0.402249,0.118484
ACAGGTGGAGGTGAGG-1,0.000177,0.015138,0.023944,0.371412,0.060643,0.528686
ACAGGTGTGTTGTTGC-1,0.066838,0.222949,0.000026,0.195524,0.116483,0.39818
ACAGTAATACAACTTG-1,0.00002,0.00002,0.00002,0.388369,0.022651,0.588919
ACAGTATACCGTGGGA-1,0.000022,0.150164,0.033252,0.105514,0.484185,0.226862
ACAGTGCAGCGCATTT-1,0.03765,0.107433,0.00232,0.763248,0.00263,0.08672
ACATAAGTCGTGGTGA-1,0.00001,0.016341,0.00001,0.602885,0.156338,0.224416
ACATAATAAGGCGGTG-1,0.000028,0.030477,0.000028,0.038924,0.576878,0.353665
ACATACAATCAAGCGG-1,0.901039,0.000043,0.00103,0.000173,0.097585,0.00013
ACATCAGCTGGGACGC-1,0.000079,0.016076,0.000079,0.075439,0.72888,0.179446
ACATCCCGGCCATACG-1,0.085599,0.000053,0.162534,0.000213,0.751442,0.00016
ACATCCTGGTAACTGT-1,0.220583,0.000009,0.000022,0.186159,0.085443,0.507784
ACATCGATCGTTTACC-1,0.039875,0.000043,0.126218,0.000172,0.526,0.307693
ACATCGCAATATTCGG-1,0.045389,0.316628,0.00784,0.202533,0.248256,0.179354
ACATCGGTCAGCCGCG-1,0.000018,0.013572,0.000018,0.143825,0.237171,0.605396
ACATCGTATGCAATGG-1,0.017918,0.000014,0.022611,0.3236,0.345259,0.290598
ACATCGTTAACCTAGT-1,0.000059,0.01016,0.000059,0.004018,0.371969,0.613735
ACATCTCAACGCGTAA-1,0.000072,0.000072,0.000072,0.220032,0.449672,0.330081
ACATGCTTACGGCAGC-1,0.000625,0.370941,0.024048,0.165988,0.41346,0.024938
ACATGGCGCCAAAGTA-1,0.000237,0.015522,0.137544,0.192975,0.067785,0.585938
ACATTAGTTTATATCC-1,0.027519,0.000053,0.180519,0.000211,0.777401,0.014297
ACATTCGCGCGGAATA-1,0.000003,0.019054,0.000003,0.096723,0.000006,0.884211
ACATTTGAAACCTAAC-1,0.704906,0.015001,0.015797,0.126361,0.100729,0.037206
ACCAAACACCCAGCGA-1,0.008016,0.11765,0.013044,0.056062,0.17464,0.630588
ACCAAACTAGAAATCC-1,0.000034,0.000034,0.000034,0.345182,0.018482,0.636234
ACCAACACCACACACT-1,0.000015,0.008096,0.000606,0.15928,0.148675,0.683329
ACCAACCGCACTCCAC-1,0.544666,0.104823,0.18727,0.032001,0.125673,0.005568
ACCAACGCTTATTTAT-1,0.233259,0.02307,0.000031,0.001334,0.580585,0.16172
ACCAAGAACGCGTGTC-1,0.000042,0.000042,0.004136,0.001411,0.105947,0.888423
ACCAAGTCATCGGCAG-1,0.949868,0.000017,0.000017,0.000066,0.049982,0.00005
ACCAATATGCAAGTTA-1,0.253353,0.152097,0.000056,0.083741,0.510587,0.000167
ACCACAACTCAGAACA-1,0.000042,0.000042,0.000042,0.203568,0.082158,0.714148
ACCACAAGTTTCTATC-1,0.000035,0.000035,0.000035,0.00014,0.914747,0.085007
ACCACACGGTTGATGG-1,0.629633,0.011113,0.033883,0.308468,0.00003,0.016873
ACCACCAATGTAACAA-1,0.053768,0.00025,0.187258,0.046823,0.511043,0.200857
ACCACCCTCTCTTCTA-1,0.021263,0.33685,0.101789,0.152403,0.215005,0.17269
ACCACGTGCAGCTATA-1,0.000031,0.000031,0.230419,0.033252,0.30107,0.435197
ACCAGACCATAACAAC-1,0.118438,0.644137,0.00007,0.183213,0.053933,0.000209
ACCAGCCCGGTCTTTG-1,0.017132,0.02792,0.005043,0.000838,0.593233,0.355833
ACCAGGAGTGTGATCT-1,0.000125,0.000125,0.000125,0.000501,0.998749,0.000375
ACCAGTGCCCGGTCAA-1,0.000016,0.000016,0.000016,0.218656,0.025678,0.755616
ACCAGTGCGGGAGACG-1,0.146117,0.000015,0.012616,0.203,0.19035,0.447902
ACCATATCCGCAATAA-1,0.039547,0.010241,0.05084,0.029991,0.516106,0.353276
ACCATCCGCCAACTAG-1,0.000024,0.000024,0.000024,0.439793,0.119881,0.440253
ACCATCGTATATGGTA-1,0.027615,0.000057,0.000252,0.00727,0.292913,0.671894
ACCCAACGCCCGTGGC-1,0.043084,0.015829,0.004422,0.105999,0.250484,0.580182
ACCCACCTACATGCTC-1,0.00004,0.004705,0.011142,0.11475,0.187009,0.682354
ACCCATCTTGAGGGTA-1,0.041808,0.067164,0.000046,0.047071,0.549676,0.294236
ACCCATTTGTCCCTCT-1,0.581095,0.087306,0.084472,0.215307,0.023006,0.008814
ACCCGAGCGAAATTAC-1,0.021505,0.53373,0.046921,0.000088,0.390457,0.007298
ACCCGATTGGTTCCGA-1,0.00761,0.231435,0.010527,0.627841,0.032384,0.090202
ACCCGGAAACTCCCAG-1,0.005049,0.000012,0.080486,0.556301,0.053475,0.304677
ACCCGGAGCACCACAA-1,0.017834,0.163447,0.051972,0.469591,0.051451,0.245706
ACCCGGATGACGCATC-1,0.000009,0.000009,0.000009,0.356363,0.009096,0.634513
ACCCGGTTACACTTCC-1,0.007768,0.008563,0.081183,0.072749,0.280679,0.549058
ACCCGTAGCAGAGAAT-1,0.00001,0.198222,0.061873,0.282467,0.187003,0.270425
ACCCGTAGTCTAGTTG-1,0.297746,0.159039,0.040581,0.317128,0.181613,0.003893
ACCCGTGTCATCAGTA-1,0.003937,0.005579,0.10049,0.404679,0.333838,0.151478
ACCCTATGCCATATCG-1,0.00002,0.000217,0.012874,0.169692,0.10988,0.707317
ACCCTCCCGTCAGGGC-1,0.999668,0.00003,0.00003,0.000121,0.00006,0.00009
ACCCTCCCTTGCTATT-1,0.008424,0.000019,0.121503,0.340958,0.127739,0.401357
ACCCTGGTAACGCCCT-1,0.01938,0.156543,0.028519,0.126824,0.457537,0.211197
ACCCTTCATCTGCGAA-1,0.000041,0.000041,0.050795,0.023652,0.222181,0.703291
ACCCTTGCCTGGGTCG-1,0.006396,0.164456,0.004591,0.252441,0.048168,0.523948
ACCCTTTAGTTCTCCA-1,0.000055,0.000055,0.000055,0.03089,0.711132,0.257814
ACCGAAAGGGCCCTGC-1,0.000045,0.000045,0.000045,0.43403,0.072201,0.493635
ACCGAAGAGTCTGGTT-1,0.00001,0.025928,0.000509,0.664382,0.099701,0.209469
ACCGACACATCTCCCA-1,0.347361,0.112536,0.00182,0.176108,0.139411,0.222765
ACCGACTGAGTCCCAC-1,0.072904,0.000024,0.000024,0.143557,0.412743,0.370749
ACCGAGTCTCCTTATT-1,0.779409,0.05903,0.133775,0.000099,0.027613,0.000074
ACCGATAGGCATAACC-1,0.097212,0.045822,0.271888,0.368538,0.16508,0.05146
ACCGATATTTAATCAT-1,0.078002,0.278132,0.066643,0.27978,0.292835,0.004608
ACCGATGGTAGCATCG-1,0.009479,0.00004,0.121691,0.000161,0.834312,0.034317
ACCGCAATAACTGCCT-1,0.098065,0.000038,0.15503,0.000151,0.690652,0.056064
ACCGCGGTGGAAGTCG-1,0.001485,0.002191,0.001407,0.384602,0.454781,0.155534
ACCGCTAGTCATTGGT-1,0.003031,0.057955,0.001517,0.604714,0.008985,0.323798
ACCGGGCCTTTGTTGA-1,0.064535,0.025173,0.144104,0.050721,0.655716,0.059751
ACCGGTCAGGTACACC-1,0.018141,0.245714,0.028208,0.263206,0.30428,0.140451
ACCGGTCTGAGTACGG-1,0.000069,0.046783,0.000069,0.267153,0.463194,0.222732
ACCGTCCACTGGGCCC-1,0.000007,0.000187,0.000007,0.847856,0.031711,0.120233
ACCGTGACCACGTGGG-1,0.000016,0.18927,0.086007,0.189766,0.174757,0.360183
ACCGTTCCCGCTCTGA-1,0.029253,0.000021,0.000021,0.024791,0.163529,0.782386
ACCTAAGTACCTTTCA-1,0.009229,0.090156,0.018831,0.006751,0.656219,0.218813
ACCTAATCGACTTCCT-1,0.000049,0.007626,0.078532,0.007219,0.428367,0.478207
ACCTACAGTATGTGGT-1,0.025447,0.020037,0.184904,0.279492,0.201669,0.288451
ACCTACTATAAATCTA-1,0.009543,0.22141,0.41317,0.0001,0.329697,0.026079
ACCTCAGCGAGGCGCA-1,0.878091,0.000044,0.010028,0.000177,0.111528,0.000133
ACCTCCGCCCTCGCTG-1,0.091992,0.024118,0.105047,0.637956,0.066924,0.073963
ACCTCCGTTATTCACC-1,0.008159,0.073856,0.282637,0.000148,0.531651,0.103549
ACCTCGAACTTATGCT-1,0.000013,0.537465,0.009991,0.207508,0.215607,0.029416
ACCTGCGTGTCATGTT-1,0.000029,0.01432,0.001479,0.113927,0.732192,0.138054
ACCTTTCCTTTAGAAG-1,0.080979,0.007322,0.000218,0.125,0.785828,0.000653
ACGAAATGGGCGGCAC-1,0.020041,0.000041,0.004358,0.052595,0.465764,0.4572
ACGACCCATGAGTTGC-1,0.118075,0.117416,0.121928,0.348142,0.106685,0.187755
ACGACTCTAGGGCCGA-1,0.461748,0.060212,0.151705,0.326211,0.00005,0.000074
ACGACTGGTCATACTC-1,0.015289,0.3671,0.24001,0.029018,0.333832,0.01475
ACGAGAACCCATCACG-1,0.000116,0.000116,0.00721,0.000462,0.99175,0.000347
ACGAGATATTTGCTTA-1,0.000082,0.000082,0.000082,0.000326,0.931135,0.068294
ACGAGGATACCACTCT-1,0.000029,0.037764,0.005951,0.287798,0.305544,0.362913
ACGAGGTTTACAACGT-1,0.000015,0.148886,0.01455,0.456391,0.242099,0.13806
ACGAGTACGGATGCCC-1,0.066835,0.008985,0.018096,0.043625,0.260621,0.601839
ACGATACATAGAACTA-1,0.000013,0.000013,0.000013,0.078427,0.011999,0.909536
ACGATACCTATCCTGA-1,0.072229,0.030609,0.001935,0.124729,0.263887,0.506611
ACGATCATACATAGAG-1,0.024268,0.010222,0.020965,0.000167,0.750021,0.194358
ACGATCATCTTGTAAA-1,0.000012,0.000012,0.045466,0.235903,0.009706,0.708901
ACGATGCATATGTTAT-1,0.000022,0.002687,0.002163,0.022934,0.153391,0.818804
ACGATGGATCCGATGC-1,0.000037,0.000037,0.000037,0.206609,0.1336,0.659679
ACGCAAACTAATAGAT-1,0.061171,0.204745,0.051414,0.300339,0.07362,0.308712
ACGCAATCACTACAGC-1,0.0365,0.271949,0.037494,0.010468,0.488034,0.155556
ACGCATAAATGACATG-1,0.000014,0.000014,0.000014,0.46233,0.010854,0.526773
ACGCATACGTTTACTA-1,0.308297,0.007355,0.0269,0.47028,0.113543,0.073625
ACGCATTCGTGAGTAC-1,0.015894,0.002457,0.001205,0.089986,0.216613,0.673845
ACGCCACTCGAAACAG-1,0.427247,0.016221,0.055511,0.486657,0.014214,0.000151
ACGCCAGATGATTTCT-1,0.013582,0.000026,0.003272,0.008655,0.150925,0.823539
ACGCCAGTGCGTTTGC-1,0.775442,0.000031,0.204449,0.000123,0.019863,0.000092
ACGCCCAGCTGTCGAT-1,0.000064,0.000064,0.000064,0.08813,0.247135,0.664543
ACGCCGCTAGACGACC-1,0.002711,0.000045,0.194115,0.00018,0.590216,0.212733
ACGCGAAGTCAGACGA-1,0.000051,0.000077,0.145555,0.000203,0.851892,0.002222
ACGCGCTACACAGGGT-1,0.000037,0.014838,0.000037,0.000146,0.897576,0.087367
ACGCGGGCCAAGGACA-1,0.022087,0.017516,0.000861,0.084662,0.206077,0.668798
ACGCTACTGAATGGGC-1,0.768429,0.122632,0.044876,0.000059,0.063959,0.000044
ACGCTAGTATCAGTGC-1,0.027652,0.109342,0.010198,0.852719,0.000036,0.000054
ACGCTAGTGATACACT-1,0.044259,0.003781,0.073003,0.007908,0.649432,0.221618
ACGCTGTGAGGCGTAG-1,0.000037,0.000037,0.000037,0.197347,0.259438,0.543103
ACGCTTAGTGTCTCTC-1,0.000052,0.000052,0.000052,0.147188,0.184478,0.668179
ACGGAACACGAGTGCC-1,0.40097,0.001321,0.113665,0.483978,0.000026,0.000039
ACGGAATTTAGCAAAT-1,0.044804,0.000145,0.000145,0.000579,0.825636,0.128692
ACGGACGCAGCGACAA-1,0.000014,0.244111,0.02379,0.390317,0.30365,0.038119
ACGGACTCTCAAAGCG-1,0.024445,0.000023,0.390414,0.44882,0.022425,0.113873
ACGGAGCGCAAATTAC-1,0.019266,0.0199,0.018613,0.115951,0.238916,0.587353
ACGGATGGTGCGGATA-1,0.109916,0.000051,0.275169,0.000204,0.614508,0.000153
ACGGCACTTGCTTGGG-1,0.059873,0.000027,0.198426,0.10454,0.290197,0.346938
ACGGCCAACATGGACT-1,0.039794,0.031471,0.131722,0.00808,0.539816,0.249118
ACGGCGACGATGGGAA-1,0.193066,0.000033,0.038659,0.143673,0.533494,0.091076
ACGGCTGGATGTAGAA-1,0.000542,0.215932,0.012324,0.421056,0.071792,0.278354
ACGGGAGTGTCGGCCC-1,0.000018,0.000018,0.000018,0.155074,0.08591,0.758962
ACGGGCGTATGCGACA-1,0.044036,0.264615,0.015632,0.216663,0.269408,0.189646
ACGGGTTGTGACCTGT-1,0.000018,0.195368,0.003215,0.535841,0.237164,0.028394
ACGGTACAGTTCAATG-1,0.994446,0.000019,0.000019,0.000078,0.005379,0.000058
ACGGTCACCGAGAACA-1,0.000006,0.040179,0.007831,0.703191,0.049128,0.199666
ACGTACAGATTTCTCT-1,0.000048,0.01423,0.000048,0.157272,0.240621,0.58778
ACGTACTTTGGCACGG-1,0.044576,0.645825,0.029462,0.052286,0.208561,0.019291
ACGTAGATTGCTGATG-1,0.000015,0.005172,0.000015,0.032605,0.022503,0.93969
ACGTAGGAGAGTCGCT-1,0.411699,0.077084,0.2594,0.000111,0.251622,0.000084
ACGTATTACTCCGATC-1,0.042872,0.00003,0.209328,0.042582,0.259436,0.445753
ACGTCCTAAACGAGAT-1,0.035083,0.12706,0.000172,0.000687,0.836482,0.000515
ACGTCGGGCAACTCGG-1,0.015679,0.473611,0.000024,0.15849,0.17668,0.175515
ACGTCTCGTTCCGGGA-1,0.000034,0.458152,0.002673,0.084403,0.415099,0.039639
ACGTGACAAAGTAAGT-1,0.000035,0.345139,0.017588,0.144942,0.480654,0.011641
ACGTGCGCCTCGTGCA-1,0.000066,0.017956,0.000066,0.077318,0.512554,0.392041
ACGTGGTCGAATGTGC-1,0.000036,0.000036,0.000036,0.256955,0.090124,0.652813
ACGTTAATGTCGAAGA-1,0.00125,0.019161,0.158603,0.00016,0.769462,0.051363
ACGTTAGATTTGCCCG-1,0.000027,0.001956,0.000027,0.000108,0.261384,0.736499
ACGTTCACTATGCCGC-1,0.006227,0.307594,0.117427,0.353519,0.016467,0.198765
ACGTTCCGCGCTCCGT-1,0.000069,0.028598,0.000069,0.143668,0.420888,0.406708
ACGTTCGCAATCAATT-1,0.006626,0.000013,0.042579,0.295826,0.056933,0.598022
ACGTTCGTTCAGGAAA-1,0.045791,0.030372,0.000626,0.450434,0.030605,0.442172
ACGTTCTGTACAAGTC-1,0.556286,0.044018,0.304183,0.000208,0.095151,0.000156
ACGTTGTCGTTGAAAG-1,0.012006,0.508919,0.077845,0.085252,0.285506,0.030472
ACGTTTAGTTGTGATC-1,0.000076,0.018037,0.000076,0.000304,0.777461,0.204046
ACGTTTCGGTGCACTT-1,0.824353,0.132515,0.000801,0.00519,0.037094,0.000047
ACTAAGGACGCACACC-1,0.002293,0.251687,0.029236,0.121934,0.26171,0.33314
ACTAATACGTCAGGCG-1,0.000053,0.016826,0.004017,0.089638,0.480169,0.409297
ACTACAAAGAGAGGTG-1,0.095393,0.398929,0.106552,0.00006,0.399022,0.000045
ACTACATCCCGACAAG-1,0.000004,0.021392,0.000531,0.616495,0.033071,0.328507
ACTACCAGCTCTCTGG-1,0.000052,0.000052,0.000052,0.226832,0.348936,0.424076
ACTACCATCCGAGGGC-1,0.044768,0.227991,0.000008,0.727193,0.000016,0.000024
ACTACGCGTTAGAATT-1,0.010507,0.073217,0.281441,0.252723,0.339057,0.043055
ACTAGTTGCGATCGTC-1,0.070571,0.000021,0.066133,0.357502,0.107132,0.398642
ACTATATGCTGTGTTC-1,0.000054,0.103945,0.000054,0.000218,0.826671,0.069057
ACTATCCAGGGCATGG-1,0.026945,0.004928,0.339446,0.143186,0.293079,0.192416
ACTATCTGCCCGCGTA-1,0.000014,0.003927,0.113737,0.544743,0.019598,0.31798
ACTATGTCCAGCTGCC-1,0.001701,0.544673,0.05843,0.174735,0.128779,0.091682
ACTATTCGTCCGTGGT-1,0.038238,0.000098,0.000098,0.007571,0.875718,0.078277
ACTATTTCCGGGCCCA-1,0.00353,0.259341,0.060042,0.05013,0.433063,0.193893
ACTCAACGAATGTATT-1,0.033106,0.027402,0.032866,0.048299,0.417086,0.441241
ACTCAAGTGCAAGGCT-1,0.427003,0.101984,0.223271,0.000178,0.247431,0.000134
ACTCAATAAAGGCACG-1,0.007959,0.002831,0.022451,0.00315,0.502132,0.461476
ACTCAGACCTGCTTCT-1,0.000123,0.072257,0.051033,0.000492,0.655822,0.220272
ACTCATGGCAGCCTTC-1,0.014912,0.438678,0.08514,0.159554,0.162839,0.138876
ACTCCAATATCATCAT-1,0.005422,0.439661,0.128286,0.100296,0.16822,0.158115
ACTCCCATTCCTAAAG-1,0.000018,0.001423,0.000018,0.312281,0.132796,0.553463
ACTCCCGAATTCGTTT-1,0.010044,0.002964,0.069801,0.013759,0.344866,0.558564
ACTCCCGTAGACTAGG-1,0.005925,0.017556,0.000254,0.275513,0.202744,0.498007
ACTCCCTAATGCTAAA-1,0.013436,0.000011,0.036249,0.562943,0.010557,0.376804
ACTCCCTAGAATAGTA-1,0.250782,0.006581,0.006728,0.018943,0.322313,0.394652
ACTCCGGCCGACCACT-1,0.704682,0.000016,0.000016,0.280721,0.000031,0.014534
ACTCGCCGTTCGATAA-1,0.419892,0.021452,0.413466,0.000171,0.144891,0.000128
ACTCGCGATCTGACGC-1,0.011849,0.141703,0.234547,0.017456,0.22712,0.367325
ACTCGTAACCCGTCCT-1,0.022891,0.082303,0.003363,0.163387,0.164431,0.563623
ACTCGTCAGTAATCCC-1,0.069016,0.000021,0.028149,0.052777,0.303156,0.54688
ACTCTCTGACTTAGGT-1,0.036253,0.000024,0.087134,0.082297,0.253641,0.540652
ACTCTCTTATACACGA-1,0.000186,0.235431,0.000186,0.213631,0.448764,0.101801
ACTCTGACCTAATAGA-1,0.394782,0.000236,0.004239,0.59865,0.000583,0.001511
ACTCTTCAGCTCCCGC-1,0.152449,0.23126,0.049178,0.11474,0.293046,0.159327
ACTCTTGTATAGTAAC-1,0.088717,0.000036,0.041826,0.000144,0.758403,0.110873
ACTGAAACGCCGTTAG-1,0.361207,0.015223,0.259411,0.000197,0.363815,0.000147
ACTGAATGGCGAAAGT-1,0.026884,0.00002,0.248893,0.076022,0.301688,0.346493
ACTGATTTAGTGATTC-1,0.00004,0.00004,0.00004,0.236332,0.019218,0.744329
ACTGCCCGCCATTCTC-1,0.024956,0.705582,0.012315,0.112001,0.041096,0.10405
ACTGCCGTCGTAACTC-1,0.151431,0.005916,0.000064,0.032362,0.326249,0.483978
ACTGCGGACACACCGT-1,0.044199,0.111776,0.26788,0.092662,0.371984,0.1115
ACTGCTCGGAAGGATG-1,0.000012,0.011052,0.003861,0.614582,0.158434,0.21206
ACTGGCGAACCTGCGT-1,0.000015,0.084762,0.000015,0.376528,0.099979,0.438701
ACTGGGATGCCAGTGC-1,0.073706,0.176097,0.120224,0.343972,0.112866,0.173134
ACTGTACGATACACAT-1,0.014569,0.00002,0.014507,0.030485,0.180555,0.759864
ACTGTAGCACTTTGGA-1,0.02079,0.000023,0.000023,0.14259,0.045736,0.790839
ACTGTATACGCGAGCA-1,0.000101,0.000101,0.024494,0.096791,0.821343,0.057169
ACTGTCCAGGATTATA-1,0.017632,0.009688,0.019054,0.028727,0.578925,0.345975
ACTGTCTTCTTTAGAA-1,0.006603,0.016271,0.038942,0.032736,0.363717,0.541731
ACTGTGCTAGTAGATC-1,0.094353,0.000216,0.000216,0.000864,0.903704,0.000648
ACTGTTTAGTGTAGGC-1,0.000162,0.009206,0.000162,0.00065,0.989332,0.000487
ACTTACCGGGCGCGCA-1,0.000035,0.013404,0.000035,0.016514,0.11439,0.855622
ACTTACGCATCCACGC-1,0.15298,0.004138,0.094614,0.288589,0.334461,0.125217
ACTTAGTACGACAAGA-1,0.031825,0.018908,0.000107,0.003286,0.78539,0.160483
ACTTATACTTACCCGG-1,0.016845,0.001256,0.046619,0.209991,0.123457,0.601832
