Barcode,Topic 1,Topic 2,Topic 3to4,Topic 5to12
AAACAACGAATAGTTC-1,0.000044,0.186965,0.021872,0.791119
AAACAAGTATCTCCCA-1,0.027302,0.000034,0.251973,0.720691
AAACAATCTACTAGCA-1,0.000024,0.092139,0.039583,0.868255
AAACACCAATAACTGC-1,0.594466,0.000098,0.404649,0.000787
AAACAGCTTTCAGAAG-1,0.003551,0.472473,0.251412,0.272565
AAACAGGGTCTATATT-1,0.150351,0.443728,0.202669,0.203252
AAACAGTGTTCCTGGG-1,0.13907,0.735601,0.000026,0.125303
AAACATGGTGAGAGGA-1,0.943965,0.029491,0.000081,0.026464
AAACATTTCCCGGATT-1,0.000018,0.009955,0.012313,0.977715
AAACCGGGTAGGTACC-1,0.029521,0.020056,0.540392,0.410031
AAACCGTTCGTCCAGG-1,0.000026,0.101042,0.212541,0.686391
AAACCTAAGCAGCCGG-1,0.000009,0.003442,0.000019,0.99653
AAACCTCATGAAGTTG-1,0.002565,0.229403,0.261022,0.507011
AAACGAAGAACATACC-1,0.004228,0.046316,0.009129,0.940328
AAACGAAGATGGAGTA-1,0.845299,0.000072,0.154057,0.000573
AAACGAGACGGTTGAT-1,0.00002,0.00002,0.044979,0.954982
AAACGCTGGGCACGAC-1,0.056276,0.122434,0.609357,0.211932
AAACGGGCGTACGGGT-1,0.000019,0.044615,0.006224,0.949142
AAACGGGTTGGTATCC-1,0.006744,0.389216,0.127464,0.476575
AAACGGTTGCGAACTG-1,0.044847,0.159605,0.219589,0.575959
AAACTCGGTTCGCAAT-1,0.000026,0.014269,0.114779,0.870926
AAACTGCTGGCTCCAA-1,0.002631,0.116675,0.000026,0.880667
AAACTTAATTGCACGC-1,0.776079,0.000065,0.223338,0.000519
AAACTTGCAAACGTAT-1,0.294655,0.000048,0.473791,0.231506
AAAGAATGACCTTAGA-1,0.407756,0.591982,0.000052,0.000209
AAAGAATGTGGACTAA-1,0.000011,0.090828,0.00552,0.903642
AAAGACCCAAGTCGCG-1,0.000025,0.004001,0.135734,0.86024
AAAGACTGGGCGCTTT-1,0.143763,0.334622,0.102412,0.419202
AAAGGCCCTATAATAC-1,0.81417,0.110484,0.072615,0.002731
AAAGGCTACGGACCAT-1,0.020211,0.044306,0.011249,0.924235
AAAGGCTCTCGCGCCG-1,0.000021,0.052992,0.058357,0.888631
AAAGGGATGTAGCAAG-1,0.000031,0.000031,0.021254,0.978684
AAAGGGCAGCTTGAAT-1,0.038414,0.120951,0.295795,0.54484
AAAGTAGCATTGCTCA-1,0.226374,0.000089,0.77128,0.002257
AAAGTCACTGATGTAA-1,0.026745,0.130694,0.056932,0.785629
AAAGTCGACCCTCAGT-1,0.226495,0.068606,0.618206,0.086693
AAAGTGCCATCAATTA-1,0.022856,0.317179,0.170568,0.489397
AAAGTGTGATTTATCT-1,0.014497,0.017118,0.545989,0.422397
AAAGTTGACTCCCGTA-1,0.00009,0.00009,0.933318,0.066502
AAATACCTATAAGCAT-1,0.000012,0.000012,0.000024,0.999953
AAATAGGGTGCTATTG-1,0.00002,0.029921,0.091112,0.878946
AAATCCGATACACGCC-1,0.000032,0.015584,0.136595,0.847789
AAATCGCGGAAGGAGT-1,0.999296,0.000064,0.000128,0.000512
AAATCGTGTACCACAA-1,0.004822,0.150851,0.002047,0.842279
AAATCTAGCCCTGCTA-1,0.000029,0.001444,0.265251,0.733276
AAATCTGCCCGCGTCC-1,0.989585,0.010071,0.000069,0.000275
AAATGACTGATCAAAC-1,0.115412,0.730766,0.076998,0.076824
AAATGCTCGTTACGTT-1,0.00806,0.000043,0.411599,0.580298
AAATGGCATGTCTTGT-1,0.000037,0.000037,0.128295,0.87163
AAATGGCCCGTGCCCT-1,0.707038,0.000062,0.060945,0.231955
AAATGGTCAATGTGCC-1,0.174536,0.000041,0.477237,0.348186
AAATGTATCTTATCCC-1,0.253886,0.131662,0.169867,0.444585
AAATGTGGGTGCTCCT-1,0.000013,0.250333,0.010662,0.738992
AAATTAACGGGTAGCT-1,0.10148,0.085202,0.535623,0.277694
AAATTAATAAGCGCGA-1,0.288214,0.182274,0.460514,0.068998
AAATTGATAGTCCTTT-1,0.033305,0.231243,0.636529,0.098923
AAATTGCGGCGGTTCT-1,0.014287,0.193143,0.010783,0.781787
AAATTTGCGGGTGTGG-1,0.090928,0.000041,0.623061,0.28597
AACAACTGGTAGTTGC-1,0.160615,0.0367,0.071004,0.731681
AACAATACATTGTCGA-1,0.250977,0.231802,0.154299,0.362923
AACAATTACTCTACGC-1,0.000026,0.157251,0.132457,0.710266
AACACACGCTCGCCGC-1,0.000039,0.000039,0.064847,0.935075
AACACGACTGTACTGA-1,0.000054,0.000054,0.147988,0.851905
AACACGAGACGCGGCC-1,0.300642,0.000062,0.698803,0.000493
AACACGCGGCCGCGAA-1,0.012654,0.027191,0.29512,0.665034
AACAGCTGTGTGGCAA-1,0.335713,0.000066,0.588837,0.075384
AACAGGAAATCGAATA-1,0.000035,0.000035,0.293108,0.706822
AACAGGATGGGCCGCG-1,0.000022,0.000022,0.080295,0.91966
AACATAGCGTGTATCG-1,0.000013,0.129583,0.047261,0.823142
AACATTGAAGTTGATC-1,0.765043,0.000115,0.233925,0.000917
AACATTGGTCAGCCGT-1,0.000023,0.449325,0.016007,0.534645
AACATTGTGACTCGAG-1,0.000043,0.0506,0.322099,0.627257
AACCAAGACTTCTCTG-1,0.027601,0.331126,0.079702,0.56157
AACCATAGGGTTGAAC-1,0.845964,0.105053,0.029899,0.019083
AACCATGGGATCGCTA-1,0.00002,0.020694,0.073805,0.905481
AACCCAGAGACGGAGA-1,0.001765,0.000029,0.506911,0.491295
AACCCATCCCATGATC-1,0.689839,0.000065,0.191432,0.118664
AACCCGACAACCCGTG-1,0.345456,0.000137,0.653314,0.001093
AACCCGAGCAGAATCG-1,0.028693,0.069569,0.211672,0.690066
AACCCGCTGTATTCCA-1,0.199948,0.179267,0.328099,0.292685
AACCCTACTGTCAATA-1,0.0081,0.000119,0.990827,0.000954
AACCCTGGTGGAACCA-1,0.000019,0.017829,0.002346,0.979807
AACCGAGCTTGGTCAT-1,0.025295,0.051687,0.000036,0.922982
AACCGCTAAGGGATGC-1,0.000016,0.011832,0.020633,0.967519
AACCGTTGTGTTTGCT-1,0.000042,0.000042,0.093075,0.906842
AACCTAAAGCCGTCCG-1,0.050021,0.068648,0.620822,0.260509
AACCTCGCTTTAGCCC-1,0.000011,0.105798,0.000023,0.894167
AACCTTTAAATACGGT-1,0.000036,0.009862,0.209793,0.780309
AACGAAAGTCGTCCCA-1,0.714384,0.000083,0.17317,0.112364
AACGACCTCCTAGCCG-1,0.000011,0.112463,0.010234,0.877292
AACGATAATGCCGTAG-1,0.012892,0.023998,0.089155,0.873956
AACGATAGAAGGGCCG-1,0.000016,0.000016,0.000031,0.999937
AACGATATGTCAACTG-1,0.000022,0.058449,0.035209,0.90632
AACGCGAACGGCAACA-1,0.012183,0.037521,0.139596,0.8107
AACGCGACCTTGGGCG-1,0.016323,0.000058,0.921388,0.062231
AACGCGGTCTCCAGCC-1,0.000046,0.000046,0.047622,0.952287
AACGCTGTTGCTGAAA-1,0.00002,0.00002,0.003739,0.99622
AACGGACGTACGTATA-1,0.000015,0.032639,0.000195,0.967151
AACGGCCATCTCCGGT-1,0.000011,0.092724,0.006925,0.90034
AACGTACTGTGGGTAC-1,0.108019,0.001852,0.362017,0.528111
AACGTAGTCTACCCAT-1,0.000013,0.183826,0.000027,0.816134
AACGTCAGACTAGTGG-1,0.000034,0.039488,0.221774,0.738703
AACGTCATCCGGCTTG-1,0.095352,0.357762,0.220017,0.32687
AACGTCGCTGCACTTC-1,0.000013,0.288463,0.000027,0.711497
AACGTGATGAAGGACA-1,0.087263,0.000052,0.019189,0.893496
AACGTGCGAAAGTCTC-1,0.026295,0.035101,0.036389,0.902215
AACGTTATCAGCACCT-1,0.411338,0.000101,0.587756,0.000805
AACGTTCTACCATTGT-1,0.000022,0.231324,0.081978,0.686676
AACTAGCGTATCGCAC-1,0.000036,0.035517,0.00458,0.959867
AACTAGGCTTGGGTGT-1,0.000029,0.00529,0.091215,0.903466
AACTCAAGTTAATTGC-1,0.014354,0.108371,0.009872,0.867403
AACTCCAGAGCGTGTT-1,0.000058,0.000058,0.295223,0.70466
AACTCGATAAACACGT-1,0.000013,0.140371,0.029251,0.830365
AACTCGATGGCGCAGT-1,0.00005,0.00005,0.195477,0.804422
AACTCTCAATAGAGCG-1,0.000081,0.000081,0.481076,0.518762
AACTCTCAGTGTGCTC-1,0.000014,0.030529,0.01211,0.957348
AACTGATATTAGGCCT-1,0.012219,0.015451,0.258103,0.714226
AACTGGGTCCCGACGT-1,0.000046,0.000046,0.167274,0.832634
AACTGGTGTGGGCCTT-1,0.000021,0.142653,0.005898,0.851428
AACTTCTGCGTCTATC-1,0.048174,0.00011,0.675438,0.276278
AACTTGCCCGTATGCA-1,0.000066,0.000066,0.268404,0.731463
AACTTGCGTTCTCGCG-1,0.058673,0.000101,0.812817,0.128409
AACTTTACGGGAGCTT-1,0.311809,0.000097,0.633289,0.054806
AACTTTAGCTGCTGAG-1,0.000062,0.077482,0.238869,0.683587
AAGAAAGTTTGATGGG-1,0.430859,0.56848,0.000132,0.000529
AAGAAGGATCAGTTAG-1,0.000013,0.07964,0.0356,0.884747
AAGACATACGTGGTTT-1,0.000016,0.105861,0.103663,0.79046
AAGACCAAATAACTCA-1,0.771032,0.15664,0.000064,0.072264
AAGACCCAACTGAACA-1,0.000021,0.02503,0.171843,0.803106
AAGACTAACCCGTTGT-1,0.000037,0.000037,0.445156,0.554769
AAGACTGCAAGCTACT-1,0.008194,0.012244,0.083058,0.896504
AAGAGATGAATCGGTA-1,0.000039,0.143826,0.3022,0.553934
AAGAGCTCTTTATCGG-1,0.000026,0.041722,0.016955,0.941297
AAGAGGATGTACGCGA-1,0.0004,0.115647,0.000043,0.88391
AAGAGGCATGGATCGC-1,0.000012,0.05515,0.000024,0.944813
AAGAGGCCCTTTGGAA-1,0.000011,0.166204,0.000023,0.833761
AAGATGGCACCGGACC-1,0.080482,0.000059,0.902901,0.016558
AAGCACCCTGCGTATC-1,0.000037,0.000037,0.291935,0.707991
AAGCATACTCTCCTGA-1,0.000015,0.068808,0.053694,0.877483
AAGCCACTTGCAGGTA-1,0.93936,0.020336,0.039937,0.000367
AAGCCGCCGTGAAATC-1,0.80482,0.000056,0.194676,0.000448
AAGCCGGAGAGCAGGA-1,0.136248,0.458648,0.365168,0.039936
AAGCGCAGGGCTTTGA-1,0.000027,0.000062,0.181788,0.818124
AAGCGTCCCTCATCGA-1,0.202635,0.000074,0.731272,0.066018
AAGCTAGATCGAGTAA-1,0.000024,0.001511,0.120386,0.878079
AAGCTATGGATTGACC-1,0.531742,0.228072,0.033703,0.206482
AAGCTCGTGCCAAGTC-1,0.000029,0.000029,0.050697,0.949245
AAGCTCTTTCATGGTG-1,0.00005,0.00005,0.303181,0.696718
AAGGAGAACTTATAAG-1,0.000028,0.03775,0.074892,0.887331
AAGGAGCGGTTGGTGC-1,0.000017,0.019645,0.003139,0.9772
AAGGATGAGGGACCTC-1,0.000095,0.000095,0.825328,0.174483
AAGGCGCGTAAAGCTT-1,0.000037,0.009424,0.568516,0.422023
AAGGCTGTGCTCATCG-1,0.000041,0.000041,0.127917,0.872
AAGGGAACGACTGGCT-1,0.690131,0.000071,0.308105,0.001694
AAGGGACTATGCATTC-1,0.411626,0.000103,0.58745,0.000821
AAGGGTTAGCCATGCG-1,0.000008,0.284113,0.000017,0.715862
AAGGGTTTGATTTCAG-1,0.999533,0.000042,0.000085,0.00034
AAGGTATCCTAATATA-1,0.000061,0.000061,0.809318,0.19056
AAGGTGATAAACCAGC-1,0.000019,0.059499,0.057371,0.883111
AAGTAAGCTTCCAAAC-1,0.00001,0.348872,0.00002,0.651098
AAGTAGAAGACCGGGT-1,0.000033,0.017801,0.070793,0.911373
AAGTAGTGACGCGAGG-1,0.000031,0.010253,0.166972,0.822745
AAGTCAATTGTCGTCA-1,0.048744,0.000088,0.579572,0.371596
AAGTCTTCTGTGGCCT-1,0.82358,0.062278,0.113556,0.000586
AAGTGACGACCGAATT-1,0.043802,0.000066,0.618975,0.337157
AAGTGAGTCGGGTTTA-1,0.000082,0.000082,0.733027,0.266809
AAGTGCAAAGGTAGAC-1,0.391004,0.000092,0.608163,0.00074
AAGTGCGTTAGAATCT-1,0.151,0.004602,0.630174,0.214224
AAGTGCTTCTCTATTG-1,0.441302,0.000062,0.336264,0.222372
AAGTGTTTGGAGACGG-1,0.000026,0.000026,0.024755,0.975194
AAGTTCACTCCAAGCT-1,0.00002,0.00002,0.012862,0.987097
AAGTTCGGCCAACAGG-1,0.000044,0.01497,0.458742,0.526245
AAGTTGTGATGTTATA-1,0.016335,0.000049,0.516269,0.467347
AAGTTTACTAATGGCA-1,0.000018,0.002171,0.000037,0.997774
AAGTTTATGGGCCCAA-1,0.000024,0.065526,0.17735,0.757099
AATAACAACGCTCGGC-1,0.000039,0.000039,0.425471,0.574451
AATAACACTAGAACAA-1,0.000027,0.105704,0.295629,0.598641
AATAACGTCGCGCCCA-1,0.000009,0.113905,0.000018,0.886069
AATAAGTCCTCGAGAC-1,0.000031,0.023436,0.116927,0.859605
AATACAATGTTTCAGG-1,0.268946,0.000079,0.693727,0.037248
AATACCGGAGGGCTGT-1,0.74209,0.00007,0.217637,0.040204
AATACCTGATGTGAAC-1,0.000018,0.174551,0.036367,0.789064
AATAGAACAGAGTGGC-1,0.000029,0.032457,0.435946,0.531568
AATAGAATCTGTTTCA-1,0.000027,0.002322,0.031228,0.966424
AATAGGCACGACCCTT-1,0.364015,0.543153,0.000036,0.092796
AATAGTCCGTCCCGAC-1,0.030254,0.00004,0.505989,0.463716
AATAGTCGCGAGTCGG-1,0.760966,0.000065,0.134533,0.104435
AATATCAAGGTCGGAT-1,0.01543,0.017415,0.144038,0.823117
AATATCCTAGCAAACT-1,0.475238,0.34714,0.125192,0.05243
AATATTGGAGTATTGA-1,0.00006,0.013967,0.364986,0.620987
AATCAGACTGCAGGAC-1,0.000015,0.015,0.001776,0.983208
AATCAGGTTTCATTTA-1,0.255425,0.414199,0.021054,0.309322
AATCATGTAAAGACTC-1,0.000025,0.000025,0.030974,0.968976
AATCCAAGGGCCTGAG-1,0.007641,0.055274,0.000483,0.936603
AATCCATGCAAGGGTG-1,0.000015,0.019221,0.06549,0.915274
AATCCCGCTCAGAGCC-1,0.130797,0.298318,0.192947,0.377938
AATCGAGGTCTCAAGG-1,0.000011,0.137337,0.045215,0.817437
AATCGCCTCAGCGCCA-1,0.00004,0.093551,0.08149,0.824919
AATCGGGACACTACGA-1,0.000014,0.00017,0.000028,0.999788
AATCGGTATAGCCCTC-1,0.003822,0.018605,0.058134,0.91944
AATCGTGAGCCGAGCA-1,0.010254,0.039917,0.276379,0.67345
AATCTAGGTTTACTTG-1,0.748132,0.000076,0.251188,0.000605
AATCTCTACTGTGGTT-1,0.332843,0.14269,0.307193,0.217274
AATCTGCGTTGGGACG-1,0.000096,0.000096,0.769659,0.23015
AATCTGGCTTTCTAGT-1,0.63545,0.000084,0.36379,0.000675
AATGACAGCAATGTCT-1,0.083623,0.25498,0.058603,0.602794
AATGACGTAGGATGTC-1,0.000016,0.000016,0.000032,0.999935
AATGACTGTCAGCCGG-1,0.000026,0.00433,0.059623,0.936021
AATGAGTTCGCATATG-1,0.000024,0.294871,0.066049,0.639056
AATGCAACCGGGTACC-1,0.000026,0.000026,0.070392,0.929555
AATGGTCCACCGTTCA-1,0.228462,0.000063,0.540265,0.231209
AATGGTTCTCACAAGC-1,0.045034,0.119141,0.055348,0.780477
AATGTATGGCACTGTA-1,0.99939,0.000055,0.000111,0.000444
AATGTGCCCGAGGTGT-1,0.20213,0.000086,0.431764,0.36602
AATGTGCTAATCTGAG-1,0.735069,0.000075,0.24189,0.022967
AATGTTAAGACCCTGA-1,0.027395,0.206032,0.064212,0.70236
AATGTTGTCGTGAGAC-1,0.000018,0.009515,0.006273,0.984193
AATTAAAGGTCGGCGT-1,0.000021,0.000021,0.08592,0.914038
AATTAACGGATTTCCA-1,0.000015,0.02407,0.002234,0.973681
AATTACGAGACCCATC-1,0.610694,0.140682,0.070757,0.177866
AATTACTCGTACGCTC-1,0.041142,0.359197,0.00004,0.59962
AATTAGCGCTGCAGCG-1,0.000018,0.186889,0.001632,0.811461
AATTATACCCAGCAAG-1,0.042417,0.173993,0.115081,0.668508
AATTCATTGTCATGCA-1,0.640929,0.346343,0.000103,0.012626
AATTCCAACTTGGTGA-1,0.062346,0.158599,0.460363,0.318693
AATTCCAAGCATGTAC-1,0.000029,0.085512,0.176418,0.738042
AATTCGATTCGAGGAT-1,0.000052,0.000052,0.245057,0.754839
AATTCTAGAGTTAGGC-1,0.000038,0.000038,0.192724,0.8072
AATTGAACGCTCTGGT-1,0.000023,0.010548,0.058045,0.931384
AATTGCAGCAATCGAC-1,0.000012,0.069853,0.000024,0.930111
AATTGCGTGGATTACA-1,0.943797,0.000068,0.055589,0.000546
AATTGTGGTTGCCAAA-1,0.00003,0.00003,0.669312,0.330629
AATTTGGTTCCAAAGA-1,0.000033,0.000033,0.034701,0.965233
ACAAACCATGCGTCCT-1,0.709039,0.013025,0.13453,0.143406
ACAAACCGACAAGGCG-1,0.000041,0.003376,0.663713,0.332871
ACAAACTCCATCAGAG-1,0.119098,0.713551,0.053775,0.113576
ACAAAGAAGGTAGGCC-1,0.47038,0.21757,0.222933,0.089117
ACAAAGCATGACCTAG-1,0.008456,0.022635,0.065301,0.903608
ACAAATCGCACCGAAT-1,0.000016,0.014741,0.004949,0.980294
ACAAATGGTAGTGTTT-1,0.000036,0.000036,0.097702,0.902227
ACAACAGCATGAGCTA-1,0.000018,0.005451,0.002746,0.991785
ACAACGGTCCCTGCGA-1,0.000035,0.00687,0.317058,0.676036
ACAAGCAGTGCCTAGC-1,0.051594,0.046711,0.054473,0.847223
ACAAGCTATATGGAAG-1,0.761125,0.000092,0.213439,0.025344
ACAAGGAAATCCGCCC-1,0.000051,0.000051,0.33005,0.669849
ACAAGGACAAGAGGTT-1,0.002356,0.000029,0.258553,0.739062
ACAAGGATGCTTTAGG-1,0.000022,0.029684,0.095415,0.87488
ACAAGGGCAGGCTCTG-1,0.04796,0.059699,0.034952,0.857389
ACAAGTAATTGTAAGG-1,0.918234,0.000068,0.081152,0.000546
ACAATAGTCGTACGTT-1,0.308211,0.000074,0.571623,0.120092
ACAATCCATTTAAACC-1,0.000034,0.024013,0.252649,0.723303
ACAATCGATCTTTATA-1,0.000026,0.046347,0.042026,0.911602
ACAATGAATACGGAGA-1,0.392612,0.000066,0.168616,0.438705
ACAATTGTGTCTCTTT-1,0.000024,0.021457,0.076743,0.901776
ACAATTTAGGAGGCTC-1,0.647786,0.000092,0.276626,0.075497
ACAATTTGAGCAGTGG-1,0.000068,0.000068,0.857415,0.142448
ACACAAAGACGGGTGG-1,0.006284,0.026801,0.279417,0.687497
ACACACCAGGACCAGT-1,0.000033,0.000033,0.077561,0.922372
ACACACTTTCTACACG-1,0.000028,0.024817,0.000056,0.975099
ACACATGATCAAATCT-1,0.770853,0.000088,0.228358,0.000701
ACACATTGACGCAACA-1,0.023873,0.335138,0.121908,0.519081
ACACATTTCCGTAGAC-1,0.08209,0.186666,0.091785,0.639459
ACACCCAGCATGCAGC-1,0.023102,0.113901,0.076372,0.786624
ACACCCGAGAAATCCG-1,0.019633,0.006098,0.110771,0.863498
ACACCGAGCGCTCTTT-1,0.410505,0.215901,0.194599,0.178996
ACACCGGTCTGACCGC-1,0.634993,0.364417,0.000118,0.000472
ACACCTTAAGTAGGGC-1,0.021854,0.058351,0.059191,0.860603
ACACGAGACTCCTTCT-1,0.008295,0.00003,0.076831,0.914844
ACACGGCACTATGCAT-1,0.000036,0.080349,0.048226,0.871389
ACACGGGAACTTAGGG-1,0.000035,0.008469,0.102453,0.889042
ACACGTAGGCCACAAG-1,0.010182,0.000038,0.11118,0.8786
ACACTCCAATGTCACT-1,0.138145,0.255878,0.020657,0.585321
ACACTGATCAAGGTGT-1,0.002219,0.005205,0.071199,0.921377
ACACTGGGACAGTCGT-1,0.000091,0.000091,0.875979,0.123839
ACAGAACTGAGAACAA-1,0.323302,0.00009,0.590978,0.085631
ACAGATTAGGTTAGTG-1,0.000021,0.000021,0.000041,0.999917
ACAGCATAGAGCCAGT-1,0.000053,0.000053,0.243892,0.756001
ACAGCGACATTCTCAT-1,0.00004,0.00004,0.013936,0.985984
ACAGCGCACCCGCAGC-1,0.024187,0.000091,0.879083,0.096639
ACAGGCACGGATCCTT-1,0.028635,0.021973,0.05762,0.891771
ACAGGCTTGCCCGACT-1,0.000059,0.000059,0.436776,0.563107
ACAGGTGGAGGTGAGG-1,0.003159,0.000049,0.468757,0.528035
ACAGGTGTGTTGTTGC-1,0.485682,0.08316,0.253178,0.17798
ACAGTAATACAACTTG-1,0.56887,0.067755,0.00634,0.357035
ACATAAGTCGTGGTGA-1,0.791505,0.000111,0.207493,0.000891
ACATAATAAGGCGGTG-1,0.000036,0.000036,0.03962,0.960308
ACATACAATCAAGCGG-1,0.0428,0.076463,0.035413,0.845325
ACATCAGCTGGGACGC-1,0.382134,0.000053,0.129892,0.487922
ACATCCCGGCCATACG-1,0.045408,0.019168,0.052519,0.882905
ACATCGATCGTTTACC-1,0.000049,0.000049,0.089564,0.910337
ACATCGCAATATTCGG-1,0.628706,0.25703,0.080379,0.033885
ACATCGGTCAGCCGCG-1,0.000035,0.000035,0.184521,0.81541
ACATCGTATGCAATGG-1,0.000029,0.000029,0.091772,0.908169
ACATCGTTAACCTAGT-1,0.000041,0.107857,0.115925,0.776177
ACATCTCAACGCGTAA-1,0.000019,0.237604,0.000039,0.762338
ACATGCTTACGGCAGC-1,0.961138,0.038311,0.00011,0.00044
ACATGGCTCAATTTAG-1,0.000118,0.016003,0.423226,0.560652
ACATTAGTTTATATCC-1,0.000033,0.064243,0.046972,0.888752
ACATTCGCGCGGAATA-1,0.844401,0.06408,0.063239,0.02828
ACATTTGAAACCTAAC-1,0.000007,0.203064,0.000647,0.796281
ACCAAACTAGAAATCC-1,0.000032,0.005836,0.138488,0.855643
ACCAACCGCACTCCAC-1,0.004209,0.0638,0.062561,0.86943
ACCAACGCTTATTTAT-1,0.000047,0.000047,0.617607,0.3823
ACCAAGAACGCGTGTC-1,0.000029,0.000029,0.185169,0.814772
ACCAAGTCATCGGCAG-1,0.011642,0.053236,0.040267,0.894855
ACCAATATGCAAGTTA-1,0.018709,0.015678,0.075102,0.890511
ACCACAACTCAGAACA-1,0.109341,0.000072,0.600644,0.289943
ACCACAAGTTTCTATC-1,0.000031,0.000909,0.098566,0.900494
ACCACACGGTTGATGG-1,0.050828,0.527911,0.000406,0.420855
ACCACGTGCAGCTATA-1,0.031447,0.004618,0.000753,0.963182
ACCACTGTTCAAGAAG-1,0.060055,0.332829,0.171026,0.436089
ACCAGACCATAACAAC-1,0.795355,0.070489,0.133612,0.000544
ACCAGCCCGGTCTTTG-1,0.000056,0.000056,0.185649,0.81424
ACCAGGAGTGTGATCT-1,0.00003,0.00003,0.047115,0.952825
ACCAGTGCGGGAGACG-1,0.000022,0.005891,0.02737,0.966718
ACCATATCCGCAATAA-1,0.000021,0.112143,0.024942,0.862894
ACCATCCGCCAACTAG-1,0.630535,0.000069,0.335467,0.033929
ACCATCGTATATGGTA-1,0.000048,0.000048,0.468307,0.531597
ACCATTAAGGGTGTCA-1,0.031251,0.354718,0.102008,0.512023
ACCCAACGCCCGTGGC-1,0.090119,0.000058,0.255648,0.654175
ACCCACCTACATGCTC-1,0.042464,0.101062,0.091113,0.765361
ACCCATCTTGAGGGTA-1,0.000021,0.029795,0.038384,0.931801
ACCCATTTGTCCCTCT-1,0.000033,0.026266,0.061437,0.912264
ACCCGAGCGAAATTAC-1,0.161973,0.216849,0.396184,0.224994
ACCCGATTGGTTCCGA-1,0.760672,0.000082,0.047435,0.191811
ACCCGGAAACTCCCAG-1,0.000015,0.007945,0.00003,0.992011
ACCCGGAGCACCACAA-1,0.081941,0.331718,0.505942,0.080399
ACCCGGTTACACTTCC-1,0.000027,0.012661,0.055003,0.932308
ACCCGTAGCAGAGAAT-1,0.955577,0.000055,0.001266,0.043101
ACCCGTAGTCTAGTTG-1,0.000011,0.057875,0.060227,0.881887
ACCCGTGTCATCAGTA-1,0.000029,0.010445,0.131125,0.858401
ACCCTATAGGACTGAG-1,0.000042,0.000042,0.410564,0.589351
ACCCTATGCCATATCG-1,0.012776,0.108597,0.263557,0.615069
ACCCTCCCGTCAGGGC-1,0.025369,0.092596,0.111364,0.770671
ACCCTCCCTTGCTATT-1,0.000027,0.038458,0.061652,0.899863
ACCCTTCATCTGCGAA-1,0.000061,0.000061,0.28203,0.717849
ACCCTTTAGTTCTCCA-1,0.024348,0.029668,0.359603,0.586381
ACCGAAAGGGCCCTGC-1,0.000022,0.051663,0.15046,0.797855
ACCGAAGAGTCTGGTT-1,0.604137,0.037106,0.357916,0.000841
ACCGACACATCTCCCA-1,0.000025,0.042774,0.129758,0.827442
ACCGACTGAGTCCCAC-1,0.00004,0.007212,0.135196,0.857552
ACCGAGTCTCCTTATT-1,0.032231,0.144846,0.018997,0.803926
ACCGATAGGCATAACC-1,0.098368,0.000087,0.766198,0.135347
ACCGATGGTAGCATCG-1,0.000125,0.000125,0.998754,0.000997
ACCGCAATAACTGCCT-1,0.000029,0.000029,0.025598,0.974344
ACCGCTAGTCATTGGT-1,0.434374,0.565319,0.000062,0.000246
ACCGGGCCTTTGTTGA-1,0.000043,0.000043,0.329052,0.670862
ACCGGTCAGGTACACC-1,0.535054,0.00012,0.463867,0.000959
ACCGTCCACTGGGCCC-1,0.999473,0.000048,0.000096,0.000383
ACCGTGACCACGTGGG-1,0.288272,0.00007,0.423159,0.288499
ACCGTTCCCGCTCTGA-1,0.000073,0.000073,0.306971,0.692884
ACCTAAGTACCTTTCA-1,0.10165,0.184286,0.519456,0.194607
ACCTAATCGACTTCCT-1,0.000048,0.000561,0.333964,0.665426
ACCTACTATAAATCTA-1,0.000029,0.099207,0.278031,0.622733
ACCTCAGCGAGGCGCA-1,0.01225,0.111113,0.083777,0.79286
ACCTCCGCCCTCGCTG-1,0.000078,0.000078,0.483741,0.516103
ACCTCGAACTTATGCT-1,0.891254,0.073773,0.000161,0.034812
ACCTGCGTGTCATGTT-1,0.158929,0.000106,0.840113,0.000851
ACCTTTCCTTTAGAAG-1,0.005884,0.077064,0.134178,0.782874
ACGAAATGGGCGGCAC-1,0.000044,0.001602,0.666031,0.332324
ACGACTCTAGGGCCGA-1,0.090868,0.041567,0.239452,0.628113
ACGACTGGTCATACTC-1,0.207514,0.000068,0.592033,0.200385
ACGAGAACCCATCACG-1,0.011247,0.054001,0.037544,0.897208
ACGAGATATTTGCTTA-1,0.000141,0.000141,0.849281,0.150437
ACGAGGATACCACTCT-1,0.499522,0.000091,0.403314,0.097072
ACGAGGTTTACAACGT-1,0.61737,0.000107,0.381664,0.000858
ACGAGTCGCCGGCGTT-1,0.006063,0.532836,0.018433,0.442667
ACGATACATAGAACTA-1,0.085463,0.000046,0.237264,0.677226
ACGATACCTATCCTGA-1,0.77385,0.000072,0.162031,0.064046
ACGATCATACATAGAG-1,0.000929,0.064756,0.065717,0.868598
ACGATGCATATGTTAT-1,0.000427,0.107623,0.224255,0.667695
ACGATGGATCCGATGC-1,0.000048,0.000048,0.127128,0.872777
ACGCAAACTAATAGAT-1,0.043645,0.168129,0.658173,0.130053
ACGCATACGTTTACTA-1,0.000022,0.00005,0.000043,0.999884
ACGCATTCGTGAGTAC-1,0.000036,0.000036,0.080668,0.919261
ACGCCACTCGAAACAG-1,0.02696,0.164434,0.605589,0.203016
ACGCCAGATGATTTCT-1,0.000027,0.096545,0.002476,0.900952
ACGCCAGTGCGTTTGC-1,0.024533,0.019405,0.004334,0.951728
ACGCCCAGCTGTCGAT-1,0.000027,0.250332,0.00657,0.743072
ACGCCGCTAGACGACC-1,0.000043,0.000043,0.160008,0.839907
ACGCGAAGTCAGACGA-1,0.00807,0.050341,0.031424,0.910164
ACGCGCTACACAGGGT-1,0.03871,0.074658,0.154781,0.731851
ACGCGGGCCAAGGACA-1,0.000034,0.000034,0.088707,0.911225
ACGCGTTTCTTAAGAG-1,0.311708,0.000085,0.559893,0.128313
ACGCTACTGAATGGGC-1,0.000013,0.140477,0.000026,0.859484
ACGCTGTGAGGCGTAG-1,0.513544,0.000079,0.441027,0.04535
ACGCTTAGTGTCTCTC-1,0.000127,0.000127,0.72397,0.275777
ACGGAACACGAGTGCC-1,0.02179,0.160652,0.045124,0.772434
ACGGAATTTAGCAAAT-1,0.000047,0.014428,0.406751,0.578774
ACGGACGCAGCGACAA-1,0.999385,0.000056,0.000112,0.000447
ACGGACTCTCAAAGCG-1,0.000013,0.004327,0.001228,0.994432
ACGGATGGTGCGGATA-1,0.000028,0.000028,0.141852,0.858092
ACGGCACTTGCTTGGG-1,0.000026,0.027984,0.008314,0.963676
ACGGCCAACATGGACT-1,0.01512,0.010823,0.198741,0.775316
ACGGCGACGATGGGAA-1,0.000052,0.000052,0.285648,0.714249
ACGGCGGGTTGCCCTG-1,0.000035,0.00985,0.134689,0.855427
ACGGCTGGATGTAGAA-1,0.827999,0.000071,0.165198,0.006732
ACGGGAGTGTCGGCCC-1,0.025096,0.122884,0.617773,0.234247
ACGGGTCATGTGACTT-1,0.055996,0.432962,0.000532,0.51051
ACGGGTTGTGACCTGT-1,0.575887,0.409426,0.000049,0.014638
ACGGTACAGTTCAATG-1,0.002361,0.150263,0.166617,0.68076
ACGGTCACCGAGAACA-1,0.999618,0.000035,0.000069,0.000278
ACGTACAGATTTCTCT-1,0.000042,0.000135,0.002245,0.997578
ACGTACTTTGGCACGG-1,0.574878,0.299534,0.070159,0.055429
ACGTAGATTGCTGATG-1,0.000051,0.000051,0.356201,0.643697
ACGTAGGAGAGTCGCT-1,0.013753,0.176055,0.237976,0.572216
ACGTATTACTCCGATC-1,0.010297,0.00017,0.988169,0.001363
ACGTCCTAAACGAGAT-1,0.00004,0.00004,0.386507,0.613414
ACGTCGGGCAACTCGG-1,0.586972,0.221055,0.086775,0.105199
ACGTCTCGTTCCGGGA-1,0.53633,0.000084,0.462911,0.000675
ACGTGACAAAGTAAGT-1,0.87668,0.000054,0.122837,0.000429
ACGTGCGCCTCGTGCA-1,0.000024,0.000024,0.000049,0.999903
ACGTGGTCGAATGTGC-1,0.000042,0.000042,0.085773,0.914142
ACGTTAATGTCGAAGA-1,0.000021,0.000021,0.000042,0.999915
ACGTTAGATTTGCCCG-1,0.000023,0.023019,0.073352,0.903606
ACGTTATTGGTCACTC-1,0.080986,0.179815,0.458809,0.28039
ACGTTCACTATGCCGC-1,0.790863,0.005402,0.075531,0.128204
ACGTTCCGCGCTCCGT-1,0.017795,0.000039,0.285504,0.696663
ACGTTCGTTCAGGAAA-1,0.000039,0.090613,0.542051,0.367297
ACGTTCTGTACAAGTC-1,0.000036,0.000169,0.048113,0.951682
ACGTTGTCGTTGAAAG-1,0.785671,0.000071,0.148709,0.065549
ACGTTTAGTTGTGATC-1,0.000052,0.000052,0.134644,0.865253
ACGTTTCGGTGCACTT-1,0.01932,0.068417,0.066312,0.84595
ACTACAAAGAGAGGTG-1,0.330861,0.000067,0.428906,0.240165
ACTACATCCCGACAAG-1,0.844022,0.143257,0.000132,0.012589
ACTACCAGCTCTCTGG-1,0.000042,0.000042,0.392092,0.607824
ACTACCATCCGAGGGC-1,0.93319,0.019555,0.019139,0.028116
ACTACGCGTTAGAATT-1,0.051397,0.055822,0.004703,0.888078
ACTAGTTGCGATCGTC-1,0.000107,0.000107,0.555954,0.443832
ACTATCGCCGGCTAAA-1,0.11036,0.177957,0.158215,0.553468
ACTATCTGCCCGCGTA-1,0.077339,0.083356,0.468814,0.370492
ACTATGTCCAGCTGCC-1,0.724534,0.000203,0.273636,0.001626
ACTATTCGTCCGTGGT-1,0.000024,0.052419,0.000047,0.94751
ACTATTTCCGGGCCCA-1,0.137959,0.108229,0.068892,0.68492
ACTCAACGAATGTATT-1,0.071846,0.018261,0.281463,0.628429
ACTCAAGTGCAAGGCT-1,0.000022,0.010999,0.081134,0.907845
ACTCAATAAAGGCACG-1,0.000048,0.000048,0.231908,0.767995
ACTCAGACCTGCTTCT-1,0.011115,0.010312,0.086063,0.89251
ACTCATGGCAGCCTTC-1,0.998968,0.000094,0.000188,0.000751
ACTCCAATATCATCAT-1,0.622935,0.000077,0.078553,0.298435
ACTCCCATTCCTAAAG-1,0.202578,0.000067,0.508909,0.288446
ACTCCCTAATGCTAAA-1,0.000015,0.000601,0.011758,0.987626
ACTCCCTAGAATAGTA-1,0.000016,0.000016,0.000032,0.999935
ACTCCGGCCGACCACT-1,0.01053,0.087074,0.29009,0.612306
ACTCGATGTATTTCAT-1,0.633088,0.000081,0.116156,0.250676
ACTCGCCGTTCGATAA-1,0.000023,0.006197,0.076018,0.917762
ACTCGTAACCCGTCCT-1,0.281201,0.000057,0.203132,0.51561
ACTCGTCAGTAATCCC-1,0.000039,0.000039,0.126701,0.873221
ACTCTAAACCTGGGAT-1,0.620117,0.000066,0.37929,0.000527
ACTCTCTGACTTAGGT-1,0.00007,0.00007,0.253124,0.746736
ACTCTCTTATACACGA-1,0.038591,0.00013,0.686783,0.274496
ACTCTGACCTAATAGA-1,0.047296,0.056229,0.169459,0.727016
ACTCTTGTATAGTAAC-1,0.000041,0.000041,0.129788,0.870131
ACTGAAACGCCGTTAG-1,0.000018,0.02079,0.000036,0.979155
ACTGAATGGCGAAAGT-1,0.000026,0.000026,0.086117,0.913832
ACTGATTTAGTGATTC-1,0.047392,0.000087,0.499785,0.452736
ACTGCCCGCCATTCTC-1,0.509116,0.112871,0.197224,0.180789
ACTGCCGTCGTAACTC-1,0.000025,0.000025,0.036678,0.963272
ACTGCTCGGAAGGATG-1,0.759772,0.00009,0.199985,0.040154
ACTGGGATGCCAGTGC-1,0.439032,0.003641,0.504068,0.053259
ACTGTACGATACACAT-1,0.000018,0.018515,0.002438,0.979028
ACTGTAGCACTTTGGA-1,0.000018,0.001993,0.022803,0.975187
ACTGTATACGCGAGCA-1,0.000034,0.073667,0.06806,0.858239
ACTGTCCAGGATTATA-1,0.000037,0.020218,0.139668,0.840077
ACTGTCTTCTTTAGAA-1,0.000047,0.000047,0.176823,0.823082
ACTGTGCTAGTAGATC-1,0.000053,0.000053,0.21586,0.784035
ACTGTTTAGTGTAGGC-1,0.000045,0.000045,0.065328,0.934582
ACTTACGCATCCACGC-1,0.040812,0.000954,0.312741,0.645493
ACTTAGTACGACAAGA-1,0.062794,0.022666,0.060914,0.853626
ACTTATACTTACCCGG-1,0.014627,0.00629,0.270049,0.709034
ACTTATCTGATCTATA-1,0.013049,0.169129,0.054134,0.763688
ACTTATTAGGATCGGT-1,0.037482,0.017674,0.002435,0.942409
ACTTATTTATGTGCCA-1,0.000037,0.000037,0.047865,0.952061
ACTTCAGGCTGATCCC-1,0.02501,0.000052,0.219024,0.755914
ACTTCCAGTGGAAGCT-1,0.710249,0.019717,0.088515,0.18152
ACTTCCATGCGGGACA-1,0.00734,0.028911,0.095073,0.868675
ACTTCGCCATACGCAC-1,0.00004,0.01422,0.074772,0.910968
ACTTGACTCCCTCTTT-1,0.038092,0.00735,0.179552,0.775005
ACTTGCCATATTGTAC-1,0.000047,0.028686,0.053326,0.917942
ACTTGCTCTATCTACC-1,0.525723,0.470845,0.000062,0.00337
ACTTGGGACCCGGTGG-1,0.031732,0.114263,0.015981,0.838024
ACTTGGGCTTTCGCCA-1,0.000017,0.31228,0.097281,0.590422
ACTTGTAGTCCCTTCA-1,0.473552,0.000146,0.525137,0.001166
ACTTGTGGATGGAACG-1,0.07488,0.000103,0.924191,0.000826
ACTTGTTACCGGATCA-1,0.17994,0.206423,0.145738,0.467899
ACTTTATACACCACTT-1,0.911872,0.02936,0.029026,0.029742
ACTTTCCTATAGCTTC-1,0.00002,0.00002,0.00004,0.99992
ACTTTGACTGCATCCT-1,0.631191,0.000094,0.36796,0.000754
ACTTTGGTCGTGCTCC-1,0.864208,0.000122,0.134693,0.000978
AGAAATTATGACTCGC-1,0.287246,0.001778,0.504246,0.206729
AGAACACGGCGATGGT-1,0.694464,0.305265,0.000054,0.000217
AGAACCCTCAATTGGG-1,0.634173,0.254874,0.060027,0.050926
AGAACGTGGTACATTC-1,0.000021,0.008664,0.030996,0.960319
AGAACTGTACTTTGTA-1,0.00001,0.317711,0.000019,0.682261
AGAAGAGCGCCGTTCC-1,0.000359,0.000359,0.000718,0.998563
AGAAGGTACACTTCAC-1,0.560775,0.000131,0.438044,0.00105
AGAAGGTTGCCGAATT-1,0.013556,0.085727,0.242065,0.658652
AGAAGGTTGTAGGTCG-1,0.000034,0.000034,0.082533,0.917399
AGAAGTGATTCGTGAT-1,0.225655,0.24273,0.19888,0.332735
AGAATAAATCTTCAGG-1,0.337532,0.000086,0.661655,0.000727
AGAATACAGGCTATCC-1,0.000009,0.402993,0.000359,0.596639
AGAATTGTTTGACATA-1,0.005489,0.251898,0.200183,0.54243
AGACAGCTCAGAATCC-1,0.305423,0.000095,0.693726,0.000757
AGACATAGATCCTTCC-1,0.000025,0.0155,0.000531,0.983944
AGACCAAACCACACCT-1,0.731487,0.000051,0.262657,0.005805
AGACCATGGGATACAA-1,0.101377,0.042543,0.290465,0.565615
AGACCCACCGCTGATC-1,0.015398,0.008507,0.242039,0.734057
AGACCCGCCCTCCTCG-1,0.010618,0.220953,0.031239,0.737191
AGACCGCTCCGCGGTT-1,0.141278,0.000105,0.407304,0.451313
AGACCGGGAAACCCTG-1,0.252863,0.158,0.312347,0.276789
AGACGAAGTGCCGGTC-1,0.000051,0.000051,0.343516,0.656382
AGACGACGATGCCGCT-1,0.066996,0.243412,0.287839,0.401752
AGACGCCCACTTCGCC-1,0.102486,0.439265,0.42686,0.031389
AGACGGGATTGGTATA-1,0.001287,0.220889,0.371611,0.406213
AGACTAGCCTTCCAGA-1,0.000037,0.003543,0.025209,0.971212
AGACTGTTACCGGGTC-1,0.000064,0.192938,0.673642,0.133356
AGAGAAACACCAGAAA-1,0.217482,0.327406,0.038279,0.416833
AGAGAAGGAGTACAAT-1,0.339321,0.000074,0.537181,0.123424
AGAGATCTCTAAAGCG-1,0.038253,0.152977,0.292283,0.516488
AGAGCAGTTATGAGAC-1,0.083437,0.000085,0.731253,0.185226
AGAGCCGCCGAGATTT-1,0.00008,0.00008,0.796902,0.202939
AGAGCGGGCTAATCAT-1,0.000064,0.000064,0.20531,0.794562
AGAGCGTACAAGCTCG-1,0.000014,0.088111,0.033582,0.878294
AGAGCTACGAAAGCAT-1,0.000026,0.066645,0.225738,0.707591
AGAGGCTTCGGAAACC-1,0.000033,0.000033,0.239242,0.760691
AGAGGTATCTCGGTCC-1,0.008054,0.000054,0.162828,0.829065
AGAGTCTTAATGAAAG-1,0.000019,0.114849,0.043202,0.84193
AGATAACTTCAGGGCC-1,0.000032,0.000032,0.120568,0.879368
AGATAATCACACCTAT-1,0.894529,0.104982,0.000098,0.000392
AGATACCAATAGAACC-1,0.000016,0.07828,0.088377,0.833327
AGATACCGGTGTTCAC-1,0.000021,0.000021,0.082678,0.917281
AGATACGACTTCATAT-1,0.000038,0.035002,0.171071,0.79389
AGATACTCAAGATCGA-1,0.000032,0.074231,0.076211,0.849525
AGATATAATACGACTA-1,0.00002,0.018525,0.072305,0.90915
AGATCTCAGGTGTGAT-1,0.00003,0.001178,0.045713,0.953079
AGATCTGGAGAGGATA-1,0.882001,0.000046,0.117587,0.000367
AGATGACTCGCCCACG-1,0.014701,0.000125,0.010441,0.974733
AGATGCAAGACGTGCA-1,0.421909,0.000095,0.548983,0.029013
AGATGCATCCTGTGTC-1,0.473708,0.000109,0.525312,0.000871
AGATGCTATAACGAGC-1,0.001299,0.343418,0.367096,0.288188
AGATTATAGGACGTTT-1,0.000089,0.000089,0.429298,0.570525
AGATTCACAACCGATA-1,0.689622,0.020863,0.194921,0.094595
AGCAAAGGCCGCTAGT-1,0.000018,0.136583,0.099547,0.763852
AGCAACATATCTTATT-1,0.010987,0.000073,0.959643,0.029297
AGCAACCGAAAGTAAT-1,0.638087,0.000095,0.361054,0.000764
AGCACACGTTTAGACT-1,0.720444,0.000086,0.278785,0.000685
AGCACCAGTACTCACG-1,0.029341,0.069988,0.076952,0.823719
AGCACTACCGGCCTGT-1,0.178606,0.00008,0.578765,0.242549
AGCACTACCTCACCAG-1,0.000014,0.063697,0.000028,0.936261
AGCACTTAAGGACGCC-1,0.00002,0.077431,0.068342,0.854206
AGCAGAAGGAGAAAGA-1,0.002273,0.059674,0.264223,0.673829
AGCAGCCAGATGAATA-1,0.000015,0.003279,0.010193,0.986512
AGCAGTCGAAGCATGC-1,0.012087,0.389236,0.061401,0.537276
AGCATATCAATATGCT-1,0.000021,0.034947,0.000042,0.96499
AGCATCATTTCGAAAG-1,0.683868,0.000057,0.190939,0.125136
AGCATCGTCGATAATT-1,0.021137,0.000034,0.065328,0.913501
AGCATTACGAGGCAAG-1,0.000029,0.005988,0.071921,0.922061
AGCCAAGCTTTGTGTC-1,0.000036,0.105299,0.229574,0.665091
AGCCACAGGTTACCCG-1,0.000019,0.050421,0.005767,0.943792
AGCCACTCCCGTGCTT-1,0.01961,0.000086,0.355379,0.624926
AGCCATATAGTATGTG-1,0.042699,0.026177,0.270641,0.660483
AGCCCATACATGTAAG-1,0.13991,0.012748,0.480394,0.366948
AGCCCGCAACAAGCAG-1,0.04016,0.143715,0.486343,0.329782
AGCCCGCACTACAATG-1,0.000023,0.063513,0.143495,0.792969
AGCCCGGCATTAGAGG-1,0.311359,0.218843,0.34125,0.128548
AGCCCGGTAGCCTGTA-1,0.024411,0.008731,0.109856,0.857001
AGCCCTAAGCGAAGTT-1,0.000026,0.000026,0.021416,0.978533
AGCCCTCCCTGGTGGC-1,0.57896,0.000076,0.296203,0.12476
AGCCGCAAATTCAAAT-1,0.762657,0.037358,0.182151,0.017834
AGCCGCTTGATTAGCG-1,0.073148,0.140092,0.082476,0.704284
AGCCGTGGCTAAATGT-1,0.546078,0.012982,0.223842,0.217098
AGCCTAATACCCACGT-1,0.344921,0.167911,0.172033,0.315134
AGCCTTAAAGCGGAAG-1,0.130156,0.013854,0.235933,0.620058
AGCCTTGTCACTGATA-1,0.356802,0.615292,0.000042,0.027864
AGCGACAGGAACGGTC-1,0.000037,0.001227,0.573226,0.425509
AGCGACATCCCATTCA-1,0.000023,0.000023,0.000142,0.999812
AGCGACCAACGATATT-1,0.000024,0.000024,0.019315,0.980637
AGCGACTTTGAAGACA-1,0.211297,0.76077,0.000037,0.027896
AGCGAGACGTGAAGGC-1,0.673849,0.063441,0.059275,0.203436
AGCGATGCGCCTAATA-1,0.000032,0.000032,0.136899,0.863036
AGCGCATAATGAATCG-1,0.01064,0.093477,0.103512,0.79237
AGCGGACACTTCGTAG-1,0.000015,0.011626,0.076829,0.911529
AGCGGCGGTTAGCGGT-1,0.346424,0.155986,0.454462,0.043128
AGCGGGAAGGGTCCAT-1,0.017992,0.048214,0.060038,0.873756
AGCGGGTCTGACACTC-1,0.000013,0.011181,0.022337,0.966468
AGCGGTTGAGATGTAC-1,0.084084,0.000115,0.874039,0.041761
AGCGTACGAGAGCTAG-1,0.000032,0.028656,0.16082,0.810493
AGCGTAGCGCTAGACC-1,0.042155,0.296446,0.059831,0.601568
AGCGTCTGAACCCGCA-1,0.000015,0.059628,0.001466,0.938891
AGCGTGGTATTCTACT-1,0.000034,0.000034,0.009082,0.99085
AGCTAACAAGCAATGT-1,0.333555,0.000084,0.630456,0.035906
AGCTAAGCTCCGTCCG-1,0.865248,0.000055,0.082716,0.051981
AGCTAAGTACGCAGGC-1,0.000019,0.064645,0.154987,0.780349
AGCTACGAATGGTGGT-1,0.025232,0.028031,0.116769,0.829968
AGCTATTTAATCCAAC-1,0.000023,0.027979,0.000693,0.971305
AGCTCCATATATGTTC-1,0.000067,0.000067,0.293882,0.705983
AGCTCCTTCGCACATC-1,0.000026,0.039993,0.031043,0.928939
AGCTCTAGACGTTCCA-1,0.00785,0.027875,0.001123,0.963152
AGCTCTTTACTCAGTT-1,0.04816,0.102445,0.289466,0.55993
AGCTGAAGTAAACCAA-1,0.055211,0.060869,0.220205,0.663715
AGCTGTAACCTCAATC-1,0.188939,0.000098,0.639724,0.171239
AGCTTATAGAGACCTG-1,0.010064,0.075836,0.224412,0.689687
AGCTTCAATACTTTGA-1,0.002388,0.116236,0.006016,0.875361
AGCTTCTTCTCGAGCA-1,0.00003,0.00003,0.037597,0.962344
AGCTTGATCAGGGTAG-1,0.999318,0.000062,0.000124,0.000496
AGCTTGATCTTAACTT-1,0.422941,0.000055,0.40652,0.170483
AGGAAAGCCTCTGATG-1,0.000012,0.241545,0.000024,0.758419
AGGAACGAACGACTTC-1,0.183426,0.000032,0.147205,0.669337
AGGAAGCTGTCCGCCG-1,0.000041,0.000041,0.651515,0.348403
AGGACAGTCGAATCCC-1,0.000024,0.000024,0.057119,0.942832
AGGACATCGCACGTCG-1,0.000059,0.000059,0.242921,0.75696
AGGACATCGGCACACT-1,0.048504,0.136618,0.417106,0.397771
AGGACGACCCATTAGA-1,0.016617,0.009979,0.000036,0.973368
AGGACTTATAGGAGAA-1,0.064369,0.03905,0.547442,0.349138
AGGAGCGTTTATTATC-1,0.016471,0.09476,0.101073,0.787696
AGGAGGCCTTCGCGCG-1,0.000016,0.053204,0.005162,0.941618
AGGATAAAGTCGGGAT-1,0.000031,0.000031,0.326552,0.673387
AGGATATAGGGATTTA-1,0.00005,0.00005,0.240307,0.759592
AGGATATCCGACTGCA-1,0.000011,0.128361,0.025816,0.845811
AGGATCACGCGATCTG-1,0.599305,0.000074,0.225704,0.174917
AGGCAAAGAGGAATCA-1,0.035717,0.124578,0.246444,0.593261
AGGCACGTGACTGTCC-1,0.215196,0.056864,0.726781,0.001159
AGGCAGATGCGTAAAC-1,0.078359,0.000079,0.750375,0.171188
AGGCAGGGAGCGTACT-1,0.036148,0.084824,0.068044,0.810984
AGGCATTGTCGTAGGG-1,0.000079,0.000079,0.460808,0.539033
AGGCCACCCGTTATGA-1,0.000026,0.029241,0.019238,0.951495
AGGCCCAGTGACTGGT-1,0.000032,0.150257,0.288174,0.561537
AGGCCCATTGTACAGG-1,0.000033,0.017136,0.051971,0.93086
AGGCCCTAGAACGCCA-1,0.192259,0.000046,0.450711,0.356983
AGGCCTATCATACCAA-1,0.431916,0.055244,0.310779,0.202061
AGGCCTGAGAATCTCG-1,0.000021,0.000021,0.102479,0.89748
AGGCGATAACTGGCGT-1,0.102817,0.392611,0.487298,0.017274
AGGCGGTTTGTCCCGC-1,0.148262,0.275299,0.293984,0.282456
AGGCTATGGTTAGCTT-1,0.000018,0.043732,0.052307,0.903944
AGGCTTAAGTTGCACA-1,0.000017,0.359751,0.145352,0.494879
AGGCTTCCCGAAGAAG-1,0.000037,0.003289,0.36992,0.626754
AGGCTTGCTAGACACC-1,0.586708,0.000083,0.232326,0.180884
AGGGACAGCACGGCGG-1,0.00003,0.016514,0.304346,0.67911
AGGGACTCTACGCGAC-1,0.003951,0.00964,0.041216,0.945193
AGGGCAGCGGCGTGGT-1,0.000031,0.05053,0.066461,0.882977
AGGGCCCTAATGTTCT-1,0.125689,0.129232,0.744428,0.000652
AGGGCGAGCAGCTGAT-1,0.261408,0.064148,0.266735,0.407709
AGGGCGTGATCGGCTA-1,0.000044,0.000044,0.160817,0.839095
AGGGCTGCAGTTACAG-1,0.000026,0.000026,0.053104,0.946843
AGGGTCAGAGCACTCG-1,0.305612,0.316474,0.000054,0.37786
AGGGTCTGGACGCAGT-1,0.00001,0.133139,0.000745,0.866106
AGGGTGCCGTTCTTTA-1,0.364909,0.000064,0.608357,0.02667
AGGGTGCTCTCGAGGG-1,0.04132,0.000098,0.489432,0.46915
AGGGTGGATAGTGCAT-1,0.218578,0.000109,0.780439,0.000874
AGGGTTCAGACGGTCC-1,0.073788,0.022494,0.498895,0.404823
AGGGTTCCCTTTGGTT-1,0.063811,0.000138,0.934944,0.001107
AGGGTTTAGTTCGGGA-1,0.000042,0.000042,0.128202,0.871715
AGGTAACCTCCTATTC-1,0.000061,0.000061,0.322602,0.677275
AGGTACGATATTGCCA-1,0.000026,0.104639,0.010011,0.885324
AGGTAGATCGAGATAT-1,0.363761,0.000044,0.227429,0.408766
AGGTAGGTACAAAGCT-1,0.000027,0.022937,0.10089,0.876146
AGGTCAGGTGAGAGTG-1,0.321697,0.000081,0.53226,0.145962
AGGTCGCCACTTCGGT-1,0.00005,0.231976,0.4655,0.302474
AGGTCGCCTCCCAACA-1,0.284519,0.426391,0.276617,0.012473
AGGTGCACGTCCACAT-1,0.000011,0.173916,0.00198,0.824093
AGGTGGTGACCTTCGC-1,0.000038,0.014483,0.163786,0.821693
AGGTGTATCGCCATGA-1,0.159656,0.000077,0.728489,0.111779
AGGTGTTGCCGACCAC-1,0.068032,0.184208,0.61732,0.130439
AGGTTCTCCTTTCCGG-1,0.788174,0.150213,0.002265,0.059348
AGGTTGAGGCACGCTT-1,0.000029,0.055791,0.000058,0.944123
AGGTTTCACACACCTT-1,0.065067,0.018284,0.268092,0.648557
AGTAACTATAGCAGCC-1,0.005396,0.136278,0.107975,0.750351
AGTAAGGGACAGAATC-1,0.025744,0.056041,0.027809,0.890406
AGTAATCTAAGGGTGG-1,0.008407,0.099488,0.504573,0.387532
AGTAATGTCTTGCCGC-1,0.000031,0.000031,0.0021,0.997838
AGTAATTTGCAAGCGT-1,0.998003,0.000195,0.001321,0.00048
AGTACAGAAGCTTATA-1,0.000029,0.021599,0.288035,0.690338
AGTACGGCCCGTATCG-1,0.428968,0.000068,0.570417,0.000546
AGTACGGGCACCTGGC-1,0.000074,0.000074,0.370589,0.629264
AGTACTCTTATGCCCA-1,0.000018,0.000079,0.000036,0.999867
AGTAGAAGGCGCCTCA-1,0.000042,0.011136,0.768878,0.219944
AGTAGCGTGAACGAAC-1,0.000032,0.000032,0.141703,0.858233
AGTAGGTAACATACAT-1,0.000019,0.078919,0.0099,0.911162
AGTATAATACTAGGCA-1,0.021466,0.005314,0.001629,0.971591
AGTATACACAGCGACA-1,0.000038,0.137946,0.209809,0.652207
AGTATCCATAATAACG-1,0.000032,0.101644,0.068963,0.829361
AGTATGCTGGAGACCA-1,0.338846,0.016887,0.402729,0.241539
AGTATTTGGCACGACC-1,0.016856,0.012506,0.106372,0.864266
AGTCAAATGATGTGAT-1,0.546201,0.000084,0.279517,0.174198
AGTCAACACCACCATC-1,0.00795,0.10032,0.033894,0.857836
AGTCAAGATGACACTT-1,0.000012,0.002782,0.000025,0.997181
AGTCACTAGCTCTCGA-1,0.000029,0.000029,0.036451,0.963492
AGTCACTCCGCCTCAT-1,0.000029,0.049894,0.124661,0.825416
AGTCAGCCACCGCCTG-1,0.000056,0.000056,0.318402,0.681487
AGTCCAGCGGGTACGT-1,0.165316,0.092406,0.246603,0.495674
AGTCGAAACGATTCAG-1,0.787228,0.192965,0.001791,0.018015
AGTCGAATTAGCGTAA-1,0.000073,0.070943,0.096545,0.832438
AGTCGACGGTCTCAAG-1,0.076996,0.000038,0.34367,0.579296
AGTCGGCCCAAACGAC-1,0.000018,0.125084,0.043634,0.831264
AGTCGGCTCAACTTTA-1,0.18577,0.000097,0.813361,0.000773
AGTCGTATAAAGCAGA-1,0.000025,0.000025,0.112867,0.887082
AGTCGTCGACCACCAA-1,0.000014,0.050328,0.000029,0.949629
AGTCGTGGGCATTACG-1,0.016531,0.105007,0.663534,0.214928
AGTCTCACAAGACTAC-1,0.638831,0.000054,0.146039,0.215076
AGTCTGGACATCCTTG-1,0.193823,0.000066,0.409405,0.396706
AGTCTTCTCCTCAAAT-1,0.000034,0.000034,0.007368,0.992564
AGTCTTTAAAGTGTCC-1,0.000024,0.076431,0.116349,0.807195
AGTGACCTACTTTACG-1,0.000035,0.051118,0.119044,0.829803
AGTGACTGTGACACAA-1,0.90462,0.000056,0.00562,0.089704
AGTGAGACTTCCAGTA-1,0.000065,0.000065,0.683396,0.316474
AGTGAGTCGAATTAAC-1,0.000031,0.010369,0.011259,0.978341
AGTGATAACCTGCGCG-1,0.000013,0.000013,0.000025,0.999949
AGTGATATGAGTAGTT-1,0.000052,0.000052,0.323504,0.676393
AGTGATTCAAGCAGGA-1,0.000107,0.000107,0.85191,0.147876
AGTGCACGCTTAAGAA-1,0.00001,0.085683,0.001721,0.912586
AGTGCGTAGCTCGTAA-1,0.000036,0.000036,0.343251,0.656678
AGTGCTAAACACAGCA-1,0.000036,0.000036,0.389487,0.610441
AGTGCTTGCACGAATA-1,0.000031,0.038466,0.209725,0.751778
AGTGGCCCGCAAATGG-1,0.000008,0.283892,0.003676,0.712424
AGTGGCGTCTGAAGGT-1,0.000017,0.021982,0.03489,0.943111
AGTGGCTCCGTCGGCC-1,0.698655,0.000071,0.250858,0.050415
AGTGGTGTTACCCGTG-1,0.405431,0.000093,0.553554,0.040922
AGTGGTTGCGTATAGG-1,0.051965,0.687914,0.217213,0.042908
