Barcode,Topic 1,Topic 2,Topic 3,Topic 4,Topic 5,Topic 6,Topic 7,Topic 8,Topic 9,Topic 10
AAACAAGTATCTCCCA-1,0.010978,0.050868,0.061478,0.077329,0.261232,0.076383,0.134136,0.193534,0.056793,0.07727
AAACACCAATAACTGC-1,0.026845,0.098319,0.016496,0.087991,0.072424,0.110103,0.022579,0.027995,0.44055,0.096697
AAACAGCTTTCAGAAG-1,0.000272,0.013391,0.008165,0.050514,0.098907,0.09069,0.409919,0.143016,0.13228,0.052847
AAACAGGGTCTATATT-1,0.066051,0.149253,0.010449,0.031865,0.297325,0.075664,0.158721,0.052542,0.091115,0.067014
AAACAGTGTTCCTGGG-1,0.180806,0.009295,0.000359,0.000022,0.002092,0.000022,0.000022,0.000022,0.014956,0.792406
AAACATTTCCCGGATT-1,0.01116,0.158112,0.01349,0.033968,0.202884,0.099871,0.07925,0.066344,0.133315,0.201605
AAACCCGAACGAAATC-1,0.000006,0.009611,0.087254,0.169322,0.070736,0.089018,0.310945,0.252988,0.010114,0.000006
AAACCGGAAATGTTAA-1,0.000369,0.077582,0.104323,0.191298,0.260555,0.081959,0.113691,0.153056,0.015101,0.002066
AAACCGGGTAGGTACC-1,0.001541,0.09585,0.030087,0.132804,0.341486,0.058913,0.039038,0.108863,0.162233,0.029186
AAACCGTTCGTCCAGG-1,0.028788,0.032056,0.043677,0.076686,0.137353,0.021542,0.041726,0.13734,0.026174,0.454657
AAACCTAAGCAGCCGG-1,0.040825,0.091654,0.042852,0.042261,0.048031,0.100366,0.179005,0.044487,0.30647,0.10405
AAACCTCATGAAGTTG-1,0.421663,0.026409,0.101805,0.12203,0.061879,0.060002,0.065038,0.080778,0.029788,0.030608
AAACGAAGATGGAGTA-1,0.120145,0.01779,0.031124,0.011874,0.005845,0.044726,0.185001,0.014512,0.293494,0.275488
AAACGAGACGGTTGAT-1,0.009204,0.086728,0.357247,0.196983,0.028468,0.124922,0.033691,0.036569,0.126172,0.000016
AAACGCTGGGCACGAC-1,0.000007,0.005525,0.060861,0.075338,0.05908,0.021755,0.114905,0.640215,0.009577,0.012736
AAACGGGCGTACGGGT-1,0.05877,0.060156,0.010132,0.056435,0.108595,0.08421,0.06671,0.03871,0.505852,0.010429
AAACGGTTGCGAACTG-1,0.001319,0.003045,0.04147,0.007968,0.002285,0.05005,0.094675,0.050939,0.035874,0.712374
AAACTCGGTTCGCAAT-1,0.023659,0.066702,0.032817,0.047866,0.084103,0.194616,0.073175,0.035161,0.424719,0.017181
AAACTGCTGGCTCCAA-1,0.001915,0.004469,0.115177,0.161192,0.09211,0.071744,0.229877,0.20986,0.067932,0.045725
AAACTTAATTGCACGC-1,0.054064,0.025208,0.007492,0.012134,0.008799,0.033608,0.009207,0.001837,0.458067,0.389583
AAACTTGCAAACGTAT-1,0.028706,0.168019,0.02664,0.034943,0.195856,0.067254,0.153558,0.160835,0.069913,0.094275
AAAGAATGTGGACTAA-1,0.000014,0.244165,0.007969,0.078339,0.27027,0.127397,0.06685,0.014326,0.168911,0.02176
AAAGACTGGGCGCTTT-1,0.198473,0.052693,0.412401,0.023871,0.016235,0.025795,0.011321,0.009115,0.036041,0.214055
AAAGGCCCTATAATAC-1,0.123275,0.061816,0.014302,0.031244,0.030785,0.025177,0.00881,0.011151,0.42899,0.264451
AAAGGCTACGGACCAT-1,0.015039,0.192757,0.038673,0.069035,0.050951,0.15478,0.034735,0.033127,0.322633,0.088269
AAAGGCTCTCGCGCCG-1,0.000006,0.000931,0.001928,0.029545,0.017275,0.102851,0.609467,0.231418,0.006492,0.000086
AAAGGGATGTAGCAAG-1,0.81516,0.148699,0.012811,0.000057,0.000057,0.000057,0.000057,0.000057,0.000057,0.022988
AAAGGGCAGCTTGAAT-1,0.749302,0.008267,0.153821,0.029719,0.00276,0.004934,0.010934,0.021342,0.000031,0.018889
AAAGTAGCATTGCTCA-1,0.014769,0.080745,0.039802,0.046265,0.160311,0.051147,0.106196,0.081646,0.013097,0.40602
AAAGTCGACCCTCAGT-1,0.000008,0.003953,0.128327,0.187373,0.020759,0.086523,0.35022,0.220305,0.002524,0.000008
AAAGTGCCATCAATTA-1,0.027,0.305272,0.055469,0.054579,0.368624,0.010521,0.0341,0.093081,0.015621,0.035735
AAAGTGTGATTTATCT-1,0.005981,0.012551,0.082748,0.171393,0.049285,0.111721,0.242706,0.266421,0.051563,0.005631
AAAGTTGACTCCCGTA-1,0.011415,0.001902,0.065338,0.062793,0.016643,0.022309,0.521604,0.297767,0.00022,0.000009
AAATAACCATACGGGA-1,0.06197,0.041144,0.199194,0.166491,0.092812,0.08138,0.085826,0.18423,0.038874,0.048079
AAATAAGGTAGTGCCC-1,0.295973,0.42947,0.212636,0.005062,0.001469,0.000764,0.000038,0.000038,0.054512,0.000038
AAATACCTATAAGCAT-1,0.109487,0.037011,0.059213,0.047468,0.127476,0.009423,0.061069,0.365192,0.01711,0.16655
AAATAGCTTAGACTTT-1,0.000012,0.002754,0.299294,0.191995,0.005787,0.229295,0.088362,0.112544,0.069945,0.000012
AAATAGGGTGCTATTG-1,0.181787,0.254881,0.009079,0.019578,0.176477,0.051666,0.038788,0.022746,0.115311,0.129686
AAATCCGATACACGCC-1,0.083346,0.21363,0.025198,0.075678,0.057331,0.091666,0.049239,0.027221,0.331055,0.045636
AAATCGCGGAAGGAGT-1,0.052581,0.001831,0.013042,0.00737,0.00062,0.057086,0.183647,0.011569,0.233655,0.438601
AAATCGTGTACCACAA-1,0.026841,0.023981,0.089322,0.267788,0.116662,0.079486,0.123279,0.215545,0.050846,0.006249
AAATCTAGCCCTGCTA-1,0.105481,0.136436,0.021199,0.094301,0.157304,0.068151,0.106446,0.126067,0.087223,0.097392
AAATGCTCGTTACGTT-1,0.031545,0.422527,0.399175,0.060198,0.007133,0.012263,0.000035,0.000127,0.005014,0.061982
AAATGGCATGTCTTGT-1,0.060031,0.046261,0.285298,0.162593,0.097316,0.044008,0.106928,0.173167,0.014454,0.009943
AAATGGCCCGTGCCCT-1,0.050536,0.324912,0.012107,0.033331,0.233679,0.03102,0.024774,0.028995,0.01404,0.246606
AAATGGTCAATGTGCC-1,0.010534,0.066082,0.386061,0.148072,0.00999,0.176417,0.024222,0.031211,0.133727,0.013685
AAATGTATCTTATCCC-1,0.157856,0.096441,0.518555,0.052228,0.006922,0.038946,0.003221,0.010461,0.094313,0.021056
AAATTAACGGGTAGCT-1,0.042733,0.259289,0.401842,0.089916,0.008454,0.073565,0.015985,0.022763,0.084731,0.000721
AAATTAATAAGCGCGA-1,0.077873,0.40152,0.163982,0.082581,0.05764,0.030814,0.000639,0.038937,0.111118,0.034896
AAATTACACGACTCTG-1,0.06071,0.101931,0.123504,0.210367,0.280392,0.049406,0.02295,0.059718,0.034562,0.056461
AAATTACCTATCGATG-1,0.9994,0.000067,0.000067,0.000067,0.000067,0.000067,0.000067,0.000067,0.000067,0.000067
AAATTCCAGGTCCAAA-1,0.008146,0.197123,0.370989,0.061877,0.031527,0.125024,0.017095,0.018658,0.167632,0.00193
AAATTGATAGTCCTTT-1,0.000005,0.001712,0.005714,0.005221,0.008772,0.038017,0.697241,0.229063,0.011049,0.003206
AAATTTGCGGGTGTGG-1,0.032211,0.144386,0.040063,0.04254,0.448679,0.033832,0.065001,0.053561,0.024642,0.115084
AACAACTGGTAGTTGC-1,0.5003,0.009418,0.090332,0.000035,0.000035,0.000035,0.000035,0.000035,0.000035,0.399741
AACAATACATTGTCGA-1,0.016036,0.31904,0.018339,0.024154,0.21319,0.059464,0.011296,0.016315,0.238436,0.083732
AACAATTACTCTACGC-1,0.127005,0.166389,0.481577,0.017295,0.004178,0.081839,0.002497,0.004552,0.114645,0.000022
AACACACGCTCGCCGC-1,0.114643,0.050436,0.031971,0.04614,0.200793,0.069865,0.120721,0.175341,0.075542,0.114548
AACACGAGACGCGGCC-1,0.00687,0.011385,0.029738,0.046425,0.083045,0.040969,0.245595,0.296549,0.024365,0.215059
AACAGCTGTGTGGCAA-1,0.000984,0.051331,0.033518,0.048736,0.241007,0.150015,0.142493,0.150062,0.153727,0.028127
AACAGGAAATCGAATA-1,0.085054,0.287709,0.232831,0.144166,0.14819,0.00503,0.003318,0.020041,0.005484,0.068176
AACAGGATGGGCCGCG-1,0.076553,0.250476,0.436569,0.03306,0.00569,0.017003,0.002646,0.001701,0.099009,0.077295
AACAGGTAGTATGGAT-1,0.011356,0.362795,0.047742,0.077255,0.399195,0.003444,0.002167,0.023556,0.000022,0.072467
AACATTGAAGTTGATC-1,0.010389,0.001991,0.012198,0.009265,0.00066,0.021605,0.052462,0.011345,0.130363,0.749722
AACATTGTGACTCGAG-1,0.031907,0.035923,0.072667,0.045416,0.016975,0.270648,0.191994,0.051119,0.217623,0.065728
AACCAAGACTTCTCTG-1,0.250727,0.018022,0.228687,0.041133,0.008286,0.101694,0.101909,0.059177,0.106374,0.083991
AACCATAGGGTTGAAC-1,0.068878,0.003678,0.01678,0.002881,0.000402,0.003702,0.000525,0.002091,0.010955,0.890108
AACCATGGGATCGCTA-1,0.040168,0.394025,0.341747,0.069875,0.026317,0.026228,0.038526,0.063048,0.000032,0.000032
AACCCAGAGACGGAGA-1,0.225091,0.518881,0.165449,0.005674,0.05685,0.000054,0.000054,0.000054,0.000054,0.027839
AACCCATCCCATGATC-1,0.022112,0.091593,0.018005,0.023324,0.056655,0.088313,0.041362,0.038978,0.564401,0.055255
AACCCGACAACCCGTG-1,0.007548,0.04929,0.015914,0.071748,0.13762,0.138521,0.025173,0.021279,0.315667,0.217242
AACCCGAGCAGAATCG-1,0.009743,0.063225,0.020058,0.068276,0.177674,0.065119,0.257417,0.240021,0.018425,0.080042
AACCCTACTGTCAATA-1,0.293831,0.129734,0.185754,0.126084,0.134798,0.02472,0.022107,0.040168,0.031973,0.01083
AACCGAGCTTGGTCAT-1,0.978577,0.005797,0.005755,0.000049,0.000049,0.000049,0.000049,0.000049,0.000049,0.009577
AACCGCTAAGGGATGC-1,0.005117,0.175095,0.073505,0.144874,0.3382,0.029286,0.06819,0.157847,0.002385,0.005503
AACCGTTGTGTTTGCT-1,0.000011,0.008248,0.091667,0.278136,0.059069,0.062524,0.195781,0.301873,0.002679,0.000011
AACCTCGCTTTAGCCC-1,0.043636,0.245201,0.028875,0.059028,0.070422,0.125766,0.052609,0.025718,0.323091,0.025655
AACCTGTCACGGAATT-1,0.000015,0.039112,0.454303,0.104689,0.007024,0.194951,0.039207,0.034919,0.125766,0.000015
AACCTTTAAATACGGT-1,0.005546,0.110193,0.077575,0.090585,0.163077,0.080095,0.187341,0.18599,0.033111,0.066487
AACCTTTACGACGTCT-1,0.187258,0.071042,0.442153,0.117102,0.132184,0.008704,0.016092,0.018505,0.000027,0.006934
AACGAAAGTCGTCCCA-1,0.100257,0.082963,0.100971,0.038201,0.032213,0.123782,0.046509,0.025129,0.353194,0.096782
AACGACCTCCTAGCCG-1,0.013946,0.058554,0.022932,0.081862,0.229832,0.054363,0.13643,0.195656,0.056882,0.149544
AACGATAATGCCGTAG-1,0.086651,0.040914,0.048395,0.034873,0.145914,0.049411,0.3255,0.097602,0.024733,0.146006
AACGATAGAAGGGCCG-1,0.020483,0.40488,0.288608,0.119769,0.087623,0.022032,0.012867,0.040611,0.000029,0.003098
AACGATATGTCAACTG-1,0.97686,0.000021,0.001896,0.000021,0.000021,0.000021,0.000021,0.000021,0.000021,0.021098
AACGCGACCTTGGGCG-1,0.015746,0.022429,0.012265,0.018729,0.013177,0.111721,0.125952,0.0324,0.568736,0.078846
AACGCGGTCTCCAGCC-1,0.868146,0.058572,0.03595,0.000068,0.000068,0.000068,0.000068,0.000068,0.000068,0.036926
AACGCTGTTGCTGAAA-1,0.017096,0.249111,0.048801,0.035313,0.2704,0.041075,0.099786,0.100012,0.059943,0.078463
AACGGACGTACGTATA-1,0.090827,0.108468,0.02183,0.031105,0.363698,0.04569,0.119636,0.147201,0.03274,0.038805
AACGGCCATCTCCGGT-1,0.017779,0.0978,0.051424,0.104697,0.219247,0.061134,0.096456,0.162662,0.027184,0.161617
AACGTACTGTGGGTAC-1,0.0109,0.157245,0.030142,0.097864,0.386383,0.043046,0.031858,0.058378,0.0992,0.084983
AACGTCAGACTAGTGG-1,0.999363,0.000071,0.000071,0.000071,0.000071,0.000071,0.000071,0.000071,0.000071,0.000071
AACGTCGCTGCACTTC-1,0.03163,0.025454,0.011738,0.019538,0.155246,0.041873,0.33732,0.287251,0.034164,0.055785
AACGTGCGAAAGTCTC-1,0.000617,0.111205,0.445,0.126099,0.036501,0.088702,0.071473,0.039275,0.078225,0.002903
AACGTTATCAGCACCT-1,0.999151,0.000094,0.000094,0.000094,0.000094,0.000094,0.000094,0.000094,0.000094,0.000094
AACGTTCTACCATTGT-1,0.06122,0.109383,0.086487,0.266946,0.220934,0.079654,0.019673,0.112914,0.022317,0.020472
AACTACCCGTTTGTCA-1,0.000008,0.002582,0.073654,0.039809,0.023894,0.013045,0.286499,0.560494,0.000008,0.000008
AACTAGGCTTGGGTGT-1,0.205464,0.120745,0.02881,0.011887,0.153668,0.025078,0.148979,0.065577,0.058282,0.181509
AACTCAAGTTAATTGC-1,0.0377,0.011286,0.295932,0.080382,0.023724,0.05319,0.056991,0.158945,0.057964,0.223886
AACTCCAGAGCGTGTT-1,0.002909,0.06401,0.038913,0.067997,0.077405,0.277444,0.187031,0.06038,0.218893,0.005017
AACTCGATGGCGCAGT-1,0.296448,0.074557,0.293726,0.06338,0.105216,0.035338,0.008644,0.092638,0.021941,0.008111
AACTCTCAATAGAGCG-1,0.000028,0.053325,0.529712,0.123083,0.001461,0.128155,0.042853,0.022017,0.099338,0.000028
AACTCTCAGTGTGCTC-1,0.139199,0.092552,0.058971,0.059829,0.142484,0.044584,0.142804,0.137187,0.036685,0.145706
AACTGAGTTATACTGA-1,0.037078,0.345847,0.162299,0.06924,0.246246,0.014929,0.022915,0.074999,0.006975,0.019473
AACTGATATTAGGCCT-1,0.087144,0.658031,0.148252,0.021886,0.059369,0.007712,0.000038,0.000038,0.010453,0.007075
AACTGGGTCCCGACGT-1,0.002579,0.017783,0.515588,0.086549,0.002076,0.233831,0.066395,0.032937,0.042251,0.00001
AACTTCTGCGTCTATC-1,0.105122,0.020584,0.65885,0.02946,0.000822,0.070593,0.023545,0.0165,0.074046,0.000479
AACTTGCCCGTATGCA-1,0.260779,0.137092,0.50777,0.013803,0.004571,0.022698,0.0056,0.00118,0.04146,0.005049
AACTTGCGTTCTCGCG-1,0.051828,0.018243,0.480662,0.207957,0.013338,0.029765,0.018114,0.096962,0.065222,0.017908
AACTTTACGGGAGCTT-1,0.11747,0.227148,0.282411,0.131576,0.05058,0.028693,0.009052,0.016161,0.055147,0.081763
AAGAAGGATCAGTTAG-1,0.162144,0.021609,0.495332,0.060513,0.071938,0.004339,0.029543,0.105283,0.000032,0.049268
AAGACATACGTGGTTT-1,0.022152,0.166026,0.004341,0.046186,0.393724,0.045693,0.103056,0.106481,0.064017,0.048324
AAGACCAAATAACTCA-1,0.064,0.007105,0.005138,0.004078,0.002721,0.007024,0.01191,0.008058,0.163896,0.72607
AAGACCCAACTGAACA-1,0.01546,0.033335,0.037018,0.059694,0.077777,0.184071,0.122495,0.114645,0.318246,0.037259
AAGACTGCAAGCTACT-1,0.049993,0.156864,0.344986,0.11146,0.027403,0.101721,0.019025,0.0295,0.153081,0.005966
AAGAGATGAATCGGTA-1,0.937979,0.001344,0.06041,0.000038,0.000038,0.000038,0.000038,0.000038,0.000038,0.000038
AAGAGCTCTTTATCGG-1,0.168995,0.094326,0.494173,0.062204,0.017081,0.061762,0.007139,0.002815,0.080535,0.01097
AAGAGGATGTACGCGA-1,0.080866,0.01298,0.088402,0.151777,0.134712,0.059686,0.189566,0.239835,0.041353,0.000824
AAGAGGCATGGATCGC-1,0.058208,0.124492,0.311238,0.120931,0.037155,0.051363,0.010815,0.026119,0.086185,0.173492
AAGAGGCCCTTTGGAA-1,0.017771,0.113079,0.036452,0.04473,0.256767,0.062981,0.099442,0.071243,0.067604,0.229932
AAGATGGCACCGGACC-1,0.001493,0.023462,0.018725,0.062373,0.045558,0.10883,0.30781,0.086427,0.247112,0.09821
AAGATTGGCGGAACGT-1,0.9998,0.000022,0.000022,0.000022,0.000022,0.000022,0.000022,0.000022,0.000022,0.000022
AAGCACCCTGCGTATC-1,0.062179,0.144461,0.019771,0.033972,0.186204,0.169343,0.130654,0.038166,0.140271,0.074978
AAGCATACTCTCCTGA-1,0.040934,0.073597,0.040475,0.069081,0.140207,0.018479,0.166875,0.107637,0.006301,0.336414
AAGCCGAAGCGGTTTA-1,0.003944,0.053263,0.092132,0.086023,0.146787,0.037935,0.13596,0.212368,0.000938,0.230649
AAGCCGCCGTGAAATC-1,0.026766,0.011248,0.013294,0.013429,0.011614,0.041549,0.062245,0.013378,0.219928,0.586549
AAGCCGGAGAGCAGGA-1,0.056978,0.193477,0.052554,0.052115,0.357832,0.030934,0.046167,0.086961,0.038469,0.084512
AAGCGCAGGGCTTTGA-1,0.102892,0.052264,0.036438,0.04585,0.045543,0.095325,0.086513,0.069345,0.413029,0.052802
AAGCGTCCCTCATCGA-1,0.004055,0.015851,0.022404,0.03807,0.030858,0.181985,0.177433,0.083306,0.444174,0.001865
AAGCTAGATCGAGTAA-1,0.019085,0.171849,0.032431,0.046301,0.22104,0.06842,0.183461,0.114503,0.086057,0.056853
AAGCTCGTGCCAAGTC-1,0.107089,0.090504,0.399383,0.047609,0.045606,0.088375,0.055312,0.081441,0.075608,0.009073
AAGCTCTTTCATGGTG-1,0.054621,0.187732,0.008179,0.036828,0.232433,0.085651,0.121015,0.030816,0.115522,0.127202
AAGGAGCGGTTGGTGC-1,0.779565,0.015167,0.098325,0.006822,0.005489,0.024259,0.027941,0.026874,0.00005,0.015509
AAGGATCGATCGCTTG-1,0.00002,0.069211,0.29945,0.167638,0.081326,0.108657,0.096448,0.156738,0.019703,0.00081
AAGGATGAGGGACCTC-1,0.86832,0.007375,0.019167,0.017516,0.012497,0.01543,0.008598,0.020156,0.001665,0.029276
AAGGCAGGCTGTCTCC-1,0.070594,0.400658,0.108177,0.10326,0.171601,0.03564,0.035776,0.067676,0.006594,0.000022
AAGGCGCGTAAAGCTT-1,0.999583,0.000046,0.000046,0.000046,0.000046,0.000046,0.000046,0.000046,0.000046,0.000046
AAGGCTGTGCTCATCG-1,0.126703,0.586109,0.262127,0.007938,0.00213,0.000059,0.000059,0.000059,0.014756,0.000059
AAGGGAACGACTGGCT-1,0.001263,0.011814,0.033278,0.031858,0.007321,0.175654,0.099524,0.019449,0.548203,0.071635
AAGGGACAGATTCTGT-1,0.958792,0.000046,0.000046,0.000046,0.000046,0.000046,0.000046,0.000046,0.001458,0.039426
AAGGGACTATGCATTC-1,0.000009,0.029231,0.022031,0.123594,0.031183,0.265068,0.144475,0.049353,0.333009,0.002046
AAGGGTTAGCCATGCG-1,0.030494,0.080872,0.021192,0.133999,0.349756,0.054129,0.012739,0.178921,0.054143,0.083754
AAGGTATCCTAATATA-1,0.993329,0.000045,0.000045,0.000045,0.000045,0.000045,0.000045,0.000045,0.000045,0.006312
AAGGTGATAAACCAGC-1,0.000004,0.00273,0.0174,0.242435,0.061608,0.091928,0.152358,0.398537,0.03291,0.00009
AAGTAGAAGACCGGGT-1,0.03479,0.107267,0.592173,0.02581,0.052769,0.017919,0.0349,0.030086,0.051051,0.053236
AAGTAGTGACGCGAGG-1,0.061587,0.256888,0.443681,0.03248,0.012879,0.074474,0.050174,0.038813,0.025499,0.003525
AAGTCAATTGTCGTCA-1,0.000009,0.003584,0.018371,0.141969,0.058503,0.072485,0.295185,0.404375,0.00551,0.000009
AAGTCTTCTGTGGCCT-1,0.122678,0.255976,0.055242,0.03923,0.169086,0.013002,0.027694,0.024812,0.003403,0.288875
AAGTGACGACCGAATT-1,0.009435,0.198798,0.112702,0.211601,0.267752,0.036632,0.041282,0.068715,0.011332,0.041753
AAGTGAGTCGGGTTTA-1,0.005552,0.024646,0.037816,0.038034,0.037708,0.141118,0.079488,0.038404,0.38765,0.209584
AAGTGCAAAGGTAGAC-1,0.003375,0.044432,0.537549,0.120767,0.002198,0.115253,0.016498,0.026671,0.133244,0.000013
AAGTGCCTTGACTGTA-1,0.012942,0.074646,0.0789,0.191375,0.194576,0.033006,0.025039,0.317274,0.014956,0.057285
AAGTGCGTTAGAATCT-1,0.017026,0.121081,0.011842,0.047969,0.199395,0.08292,0.237452,0.192641,0.023003,0.06667
AAGTGCTTCTCTATTG-1,0.068633,0.039542,0.027281,0.042576,0.018426,0.034252,0.008054,0.021296,0.390562,0.349378
AAGTGTTTGGAGACGG-1,0.039194,0.25231,0.013435,0.009688,0.500131,0.026781,0.081966,0.025074,0.021177,0.030244
AAGTTCACTCCAAGCT-1,0.001882,0.013984,0.011712,0.031605,0.037787,0.14763,0.340811,0.038092,0.356225,0.020272
AAGTTCGGCCAACAGG-1,0.021003,0.062504,0.145719,0.068464,0.155427,0.132866,0.137608,0.164069,0.071497,0.040843
AAGTTGTGATGTTATA-1,0.140007,0.170647,0.042351,0.023355,0.080913,0.096832,0.149993,0.067909,0.063478,0.164514
AAGTTTATGGGCCCAA-1,0.091233,0.027404,0.009286,0.019446,0.07529,0.034164,0.042939,0.015973,0.559344,0.12492
AATAACAACGCTCGGC-1,0.034245,0.373592,0.261425,0.108834,0.068494,0.018309,0.007776,0.025074,0.04559,0.056662
AATAACACTAGAACAA-1,0.007301,0.008941,0.011941,0.034142,0.033303,0.05788,0.329779,0.311038,0.047732,0.157943
AATAACGTCGCGCCCA-1,0.006645,0.072836,0.024384,0.045282,0.39471,0.074869,0.071682,0.111638,0.099657,0.098297
AATAATCTTCGTATCG-1,0.009579,0.026903,0.126564,0.154115,0.137946,0.046536,0.05577,0.125424,0.015053,0.302109
AATACAATGTTTCAGG-1,0.999111,0.000099,0.000099,0.000099,0.000099,0.000099,0.000099,0.000099,0.000099,0.000099
AATACCGGAGGGCTGT-1,0.007539,0.163524,0.027022,0.042798,0.135959,0.072767,0.01861,0.051055,0.414334,0.066392
AATACCTGATGTGAAC-1,0.002317,0.027399,0.011481,0.029971,0.038707,0.16199,0.167963,0.042749,0.422954,0.094469
AATAGAACAGAGTGGC-1,0.02748,0.028622,0.03804,0.041383,0.136018,0.037293,0.370205,0.260813,0.038436,0.021709
AATAGAATCTGTTTCA-1,0.026082,0.059909,0.051828,0.093133,0.193335,0.095844,0.239276,0.079528,0.039959,0.121106
AATAGTCCGTCCCGAC-1,0.07672,0.092369,0.073143,0.04441,0.140636,0.058077,0.080715,0.122285,0.090612,0.221033
AATAGTCGCGAGTCGG-1,0.700131,0.008283,0.248468,0.003427,0.000689,0.005244,0.011666,0.022033,0.00003,0.00003
AATATCCTAGCAAACT-1,0.002044,0.014493,0.008673,0.030406,0.049327,0.078395,0.580374,0.203369,0.016606,0.016312
AATATCGAATCAATGC-1,0.000522,0.205919,0.044073,0.118576,0.211931,0.029692,0.013439,0.178556,0.003162,0.194129
AATATTGGAGTATTGA-1,0.000792,0.003816,0.192651,0.145623,0.012649,0.169635,0.217526,0.210124,0.045392,0.001792
AATCAGGTTTCATTTA-1,0.053508,0.197419,0.019309,0.020402,0.023075,0.019952,0.005792,0.004404,0.288975,0.367164
AATCATGTAAAGACTC-1,0.029498,0.278762,0.011319,0.034892,0.358416,0.025194,0.062845,0.033443,0.045525,0.120106
AATCCAAGGGCCTGAG-1,0.019236,0.111203,0.153036,0.324134,0.12883,0.060283,0.047976,0.096154,0.02653,0.032618
AATCGCCTCAGCGCCA-1,0.000016,0.01667,0.354936,0.169185,0.019685,0.084461,0.198071,0.140913,0.016049,0.000016
AATCGCGCAGAGGACT-1,0.002703,0.214086,0.169354,0.132746,0.183663,0.081577,0.081502,0.089862,0.025044,0.019462
AATCGGTATAGCCCTC-1,0.197086,0.346247,0.006171,0.009628,0.154966,0.018103,0.049227,0.022186,0.061813,0.134572
AATCGTGAGCCGAGCA-1,0.129794,0.186106,0.051374,0.044116,0.04079,0.094851,0.037028,0.014494,0.312782,0.088662
AATCTAGGTTTACTTG-1,0.000083,0.015361,0.022004,0.035308,0.0266,0.255987,0.350235,0.050221,0.235542,0.008658
AATCTATGCCGGAGCC-1,0.999816,0.00002,0.00002,0.00002,0.00002,0.00002,0.00002,0.00002,0.00002,0.00002
AATCTCTACTGTGGTT-1,0.009461,0.41988,0.10208,0.038568,0.24409,0.005612,0.006567,0.134512,0.004205,0.035025
AATCTGCGTTGGGACG-1,0.355377,0.067521,0.403047,0.014172,0.002485,0.016782,0.00608,0.001987,0.128435,0.004114
AATCTGGCTTTCTAGT-1,0.047753,0.045708,0.031638,0.024442,0.048712,0.0626,0.361422,0.081452,0.235566,0.060707
AATGACAGCAATGTCT-1,0.008143,0.068577,0.01896,0.048358,0.285808,0.068503,0.264506,0.07603,0.093146,0.067969
AATGACGTAGGATGTC-1,0.002088,0.195667,0.056122,0.229812,0.281821,0.043648,0.005806,0.050714,0.068649,0.065673
AATGACTGTCAGCCGG-1,0.690637,0.00005,0.00005,0.00005,0.00005,0.00005,0.00005,0.00005,0.00005,0.308961
AATGAGTTCGCATATG-1,0.117061,0.423179,0.456839,0.000059,0.002566,0.000059,0.000059,0.000059,0.000059,0.000059
AATGATGATACGCTAT-1,0.789915,0.19029,0.018039,0.000074,0.000074,0.000074,0.000074,0.000074,0.000074,0.001313
AATGATGCGACTCCTG-1,0.7244,0.000106,0.000106,0.000106,0.000106,0.000106,0.000106,0.000106,0.000106,0.274753
AATGCAACCGGGTACC-1,0.994397,0.000051,0.000051,0.000051,0.000051,0.000051,0.000051,0.000051,0.000051,0.005193
AATGCACCAAGCAATG-1,0.028462,0.02989,0.532724,0.105941,0.005642,0.073997,0.021513,0.043724,0.158094,0.000015
AATGGTCCACCGTTCA-1,0.355016,0.277413,0.154851,0.006219,0.00023,0.000037,0.000037,0.000037,0.020457,0.185705
AATGGTTCTCACAAGC-1,0.026247,0.008276,0.493082,0.021115,0.000912,0.198378,0.031214,0.013271,0.207445,0.000059
AATGTATGGCACTGTA-1,0.009929,0.008744,0.011048,0.009626,0.008737,0.053113,0.078283,0.029885,0.206556,0.584078
AATGTGCCCGAGGTGT-1,0.009513,0.097863,0.011552,0.051755,0.204745,0.177701,0.074239,0.073441,0.235424,0.063766
AATGTGCTAATCTGAG-1,0.041452,0.025172,0.025031,0.033494,0.090508,0.115863,0.094301,0.030642,0.440677,0.102861
AATGTTGTCGTGAGAC-1,0.002602,0.08371,0.027209,0.033906,0.139386,0.061971,0.461601,0.12791,0.039945,0.02176
AATTAAAGGTCGGCGT-1,0.086609,0.283179,0.204558,0.110979,0.156529,0.041942,0.02118,0.029018,0.019768,0.046237
AATTAACGGATTTCCA-1,0.000023,0.021393,0.021255,0.035816,0.042573,0.107809,0.328659,0.19644,0.147689,0.098345
AATTACGAGACCCATC-1,0.100716,0.073022,0.035944,0.017807,0.034911,0.029665,0.012273,0.011127,0.156344,0.528189
AATTAGCGCTGCAGCG-1,0.036708,0.013091,0.028236,0.018549,0.039822,0.063665,0.49833,0.254397,0.023989,0.023214
AATTATACCCAGCAAG-1,0.001627,0.028652,0.056424,0.046551,0.005714,0.034552,0.081915,0.046535,0.150184,0.547846
AATTCATAAGGGATCT-1,0.712384,0.233021,0.034399,0.000059,0.00976,0.000059,0.000059,0.000059,0.000059,0.010143
AATTCATTGTCATGCA-1,0.075323,0.172037,0.007459,0.010295,0.078376,0.013085,0.001322,0.007626,0.08822,0.546257
AATTCCAAGCATGTAC-1,0.006156,0.177341,0.028267,0.042761,0.056164,0.168315,0.051515,0.020847,0.38337,0.065262
AATTCGATTCGAGGAT-1,0.080023,0.031908,0.008272,0.047236,0.063136,0.125473,0.054967,0.024691,0.487195,0.0771
AATTCTAGAGTTAGGC-1,0.066327,0.233849,0.04094,0.030235,0.291151,0.012982,0.023207,0.039375,0.009002,0.252933
AATTGAACGCTCTGGT-1,0.051752,0.095127,0.200764,0.107997,0.12257,0.052877,0.148895,0.094118,0.007706,0.118194
AATTGCAGCAATCGAC-1,0.000009,0.008591,0.00704,0.019499,0.047573,0.046059,0.613109,0.213877,0.042156,0.002086
AATTGCGTGGATTACA-1,0.000986,0.047386,0.023822,0.053315,0.068942,0.03477,0.000761,0.038091,0.4304,0.301527
AATTGTGGTTGCCAAA-1,0.019492,0.205016,0.010714,0.014556,0.228226,0.001703,0.00331,0.066597,0.004741,0.445646
AATTTGGTTCCAAAGA-1,0.138593,0.06574,0.117321,0.142384,0.148855,0.029338,0.026781,0.138209,0.037653,0.155128
ACAAACCATGCGTCCT-1,0.144032,0.003253,0.010933,0.007289,0.003776,0.014639,0.022422,0.005571,0.499206,0.288878
ACAAAGAAGGTAGGCC-1,0.000007,0.004706,0.002053,0.026352,0.060613,0.110563,0.367805,0.282082,0.038698,0.107122
ACAAAGCATGACCTAG-1,0.006837,0.113831,0.021867,0.080167,0.105927,0.126048,0.106021,0.061317,0.338271,0.039715
ACAAATCGCACCGAAT-1,0.00001,0.009327,0.009338,0.048019,0.057116,0.095519,0.386903,0.272493,0.015384,0.105892
ACAAATGGTAGTGTTT-1,0.074759,0.207524,0.100126,0.148069,0.288212,0.018753,0.033038,0.049591,0.019366,0.060561
ACAACAGCATGAGCTA-1,0.265734,0.488102,0.222121,0.004687,0.004094,0.000468,0.000051,0.000051,0.014641,0.000051
ACAACGGTCCCTGCGA-1,0.912411,0.011988,0.029761,0.000052,0.002076,0.000052,0.033646,0.000052,0.000052,0.00991
ACAAGCAGTGCCTAGC-1,0.348645,0.031937,0.513125,0.01537,0.002659,0.015714,0.046869,0.016694,0.008405,0.00058
ACAAGCTATATGGAAG-1,0.065737,0.03653,0.143607,0.133708,0.093016,0.141145,0.233394,0.090019,0.04706,0.015784
ACAAGGAAATCCGCCC-1,0.03537,0.050535,0.049924,0.099878,0.121016,0.051985,0.151118,0.156597,0.01469,0.268886
ACAAGGACAAGAGGTT-1,0.093126,0.109286,0.593309,0.017716,0.003953,0.033451,0.008915,0.018048,0.112541,0.009655
ACAAGGATGCTTTAGG-1,0.035567,0.251964,0.048954,0.02448,0.118959,0.128213,0.135831,0.011051,0.207025,0.037956
ACAAGGGCAGGCTCTG-1,0.01337,0.042551,0.045599,0.173114,0.206713,0.082242,0.066905,0.113755,0.190309,0.065443
ACAATAGTCGTACGTT-1,0.008558,0.063632,0.084441,0.170964,0.084166,0.052296,0.136141,0.181228,0.003145,0.21543
ACAATCCATTTAAACC-1,0.314362,0.017121,0.149422,0.153294,0.035593,0.068379,0.099247,0.111565,0.042943,0.008074
ACAATGAATACGGAGA-1,0.123883,0.067499,0.045852,0.030212,0.087966,0.125137,0.030971,0.076874,0.373846,0.03776
ACAATTGTGTCTCTTT-1,0.000015,0.074736,0.036174,0.081604,0.285378,0.125331,0.196187,0.154605,0.028253,0.017717
ACAATTTAGGAGGCTC-1,0.401561,0.090282,0.249303,0.078529,0.063774,0.024957,0.009394,0.044432,0.019821,0.017947
ACAATTTGAGCAGTGG-1,0.999179,0.000091,0.000091,0.000091,0.000091,0.000091,0.000091,0.000091,0.000091,0.000091
ACAATTTGGCCATATT-1,0.000882,0.206041,0.280285,0.167964,0.08734,0.114397,0.025269,0.038593,0.079015,0.000214
ACACAAAGACGGGTGG-1,0.986834,0.000046,0.000046,0.000046,0.000046,0.000046,0.000046,0.000046,0.000046,0.012799
ACACACCAGGACCAGT-1,0.003043,0.024274,0.040626,0.236379,0.101562,0.037951,0.224772,0.194834,0.032337,0.104223
ACACACTTTCTACACG-1,0.006502,0.036656,0.13708,0.330942,0.138979,0.057579,0.101985,0.174377,0.014952,0.000948
ACACATGATCAAATCT-1,0.070309,0.062931,0.064642,0.046268,0.057058,0.08501,0.0704,0.047679,0.293655,0.202047
ACACATTTCCGTAGAC-1,0.266668,0.161201,0.04859,0.007712,0.016107,0.041538,0.073772,0.007973,0.082486,0.293951
ACACCACATAATTAGC-1,0.474728,0.413934,0.088012,0.000047,0.002575,0.000047,0.000047,0.000047,0.015308,0.005254
ACACCCAGCATGCAGC-1,0.999335,0.000074,0.000074,0.000074,0.000074,0.000074,0.000074,0.000074,0.000074,0.000074
ACACCCGAGAAATCCG-1,0.373413,0.036575,0.410437,0.009105,0.007532,0.038625,0.043286,0.015462,0.060334,0.00523
ACACCGAGCGCTCTTT-1,0.208078,0.575404,0.158606,0.03019,0.009595,0.00263,0.000047,0.000047,0.015356,0.000047
ACACCGGTCTGACCGC-1,0.114729,0.000012,0.000012,0.000012,0.000081,0.000136,0.005653,0.000756,0.57528,0.303329
ACACCTTACTACTTGC-1,0.001913,0.007962,0.179703,0.165024,0.015661,0.121613,0.222078,0.217964,0.02041,0.047671
ACACGAGACTCCTTCT-1,0.682238,0.189479,0.073506,0.000072,0.000072,0.000072,0.000072,0.000072,0.026346,0.028073
ACACGGGAACTTAGGG-1,0.999367,0.00007,0.00007,0.00007,0.00007,0.00007,0.00007,0.00007,0.00007,0.00007
ACACGTAGGCCACAAG-1,0.024935,0.29117,0.012521,0.040117,0.359444,0.060517,0.053317,0.069457,0.052016,0.036504
ACACTCCAATGTCACT-1,0.125619,0.38961,0.48056,0.003573,0.000333,0.000061,0.000061,0.000061,0.000061,0.000061
ACACTGATCAAGGTGT-1,0.018358,0.129436,0.029309,0.032556,0.282965,0.05475,0.26733,0.121093,0.023231,0.040971
ACACTGGGACAGTCGT-1,0.027133,0.043492,0.082972,0.033812,0.233224,0.029618,0.323321,0.198881,0.011674,0.015874
ACAGAACTGAGAACAA-1,0.013888,0.00823,0.008089,0.029972,0.072927,0.15489,0.398119,0.123806,0.169025,0.021054
ACAGCGACATTCTCAT-1,0.123723,0.164914,0.037675,0.038662,0.241925,0.079279,0.114721,0.047084,0.084016,0.068
ACAGGCACGGATCCTT-1,0.000752,0.032265,0.033578,0.059371,0.010102,0.343322,0.237907,0.035442,0.24495,0.002312
ACAGGCTTGCCCGACT-1,0.007404,0.017612,0.025344,0.07092,0.071547,0.085711,0.354482,0.279924,0.032789,0.054268
ACAGGTGGAGGTGAGG-1,0.255138,0.096221,0.03514,0.049644,0.136979,0.048554,0.109695,0.045597,0.079321,0.143711
ACAGGTGTGTTGTTGC-1,0.090113,0.217385,0.045132,0.028793,0.271489,0.051555,0.044903,0.13039,0.011901,0.108339
ACAGTAATACAACTTG-1,0.066253,0.221477,0.009719,0.029124,0.413385,0.025893,0.020366,0.043294,0.07222,0.098267
ACATAAGTCGTGGTGA-1,0.019688,0.220402,0.023464,0.031078,0.080679,0.050987,0.015957,0.008868,0.378546,0.170332
ACATAATAAGGCGGTG-1,0.048083,0.085024,0.492003,0.064372,0.002185,0.039553,0.01376,0.013536,0.206722,0.03476
ACATACAATCAAGCGG-1,0.087661,0.051086,0.029875,0.057346,0.085568,0.046641,0.080759,0.090915,0.378474,0.091675
ACATCAGCTGGGACGC-1,0.563682,0.06768,0.069023,0.094262,0.112662,0.046365,0.008933,0.030938,0.002438,0.004018
ACATCCCGGCCATACG-1,0.005998,0.115208,0.007788,0.049309,0.202146,0.138408,0.167752,0.175973,0.05061,0.086809
ACATCCTGGTAACTGT-1,0.0725,0.30636,0.14153,0.048895,0.227551,0.036703,0.02211,0.06132,0.043985,0.039046
ACATCGATCGTTTACC-1,0.032818,0.26492,0.107486,0.149974,0.262567,0.020577,0.004428,0.044164,0.085444,0.027621
ACATCGGTCAGCCGCG-1,0.057307,0.012339,0.138171,0.204733,0.055768,0.043571,0.258396,0.185173,0.039428,0.005115
ACATCGTATGCAATGG-1,0.041948,0.120637,0.131095,0.071001,0.547959,0.010421,0.005129,0.011664,0.019854,0.040291
ACATGGCGCCAAAGTA-1,0.64395,0.011062,0.037478,0.046815,0.031898,0.051412,0.037774,0.048746,0.070488,0.020377
ACATTAGTTTATATCC-1,0.036957,0.031214,0.035559,0.04677,0.150607,0.033754,0.043708,0.077608,0.041894,0.501929
ACATTTGAAACCTAAC-1,0.017898,0.038758,0.011942,0.064272,0.042859,0.161491,0.149652,0.067048,0.359951,0.08613
ACCAACCGCACTCCAC-1,0.022065,0.079493,0.03245,0.042087,0.082749,0.198395,0.085263,0.042854,0.372169,0.042475
ACCAACGCTTATTTAT-1,0.014886,0.03213,0.028156,0.024115,0.106257,0.019493,0.335073,0.21646,0.001089,0.22234
ACCAAGAACGCGTGTC-1,0.000876,0.005401,0.204559,0.284762,0.01103,0.245086,0.108032,0.061575,0.078667,0.000012
ACCAAGTCATCGGCAG-1,0.0735,0.173296,0.023904,0.080077,0.111702,0.119754,0.041789,0.03655,0.256918,0.082511
ACCAATATGCAAGTTA-1,0.139476,0.16624,0.046103,0.02945,0.105759,0.104614,0.10024,0.116401,0.044039,0.147679
ACCACAAGTTTCTATC-1,0.230114,0.48977,0.239514,0.013604,0.00488,0.000475,0.000059,0.000059,0.000275,0.02125
ACCACCAATGTAACAA-1,0.11614,0.345042,0.11422,0.094363,0.177562,0.022933,0.022158,0.049275,0.043854,0.014454
ACCACGTGCAGCTATA-1,0.09386,0.188816,0.086322,0.105678,0.207328,0.048642,0.081927,0.127566,0.023501,0.03636
ACCAGACCATAACAAC-1,0.353551,0.118924,0.013677,0.049572,0.228267,0.016196,0.005839,0.034883,0.084455,0.094637
ACCAGTGCGGGAGACG-1,0.004831,0.072286,0.085025,0.181837,0.212503,0.042023,0.076515,0.196937,0.018539,0.109503
ACCATATCCGCAATAA-1,0.059228,0.09154,0.252261,0.121373,0.056738,0.033644,0.021906,0.087342,0.170462,0.105507
ACCATCCGCCAACTAG-1,0.003065,0.033299,0.036646,0.076873,0.18497,0.041954,0.201579,0.234954,0.10418,0.08248
ACCATCGTATATGGTA-1,0.009517,0.099112,0.03091,0.168652,0.51777,0.017291,0.003395,0.04055,0.056118,0.056686
ACCCAACGCCCGTGGC-1,0.812917,0.00601,0.080836,0.000036,0.000036,0.000036,0.000036,0.000036,0.023672,0.076385
ACCCACCTACATGCTC-1,0.999266,0.000082,0.000082,0.000082,0.000082,0.000082,0.000082,0.000082,0.000082,0.000082
ACCCATCTTGAGGGTA-1,0.00254,0.030503,0.356297,0.172469,0.021328,0.065416,0.063598,0.206045,0.028471,0.053332
ACCCATTTGTCCCTCT-1,0.067696,0.300746,0.011773,0.050528,0.16423,0.124866,0.065079,0.025501,0.147909,0.041672
ACCCGAGCGAAATTAC-1,0.000009,0.061437,0.016463,0.076628,0.083655,0.20033,0.052116,0.043766,0.229126,0.236469
ACCCGATTGGTTCCGA-1,0.024218,0.232866,0.020127,0.011754,0.091937,0.006243,0.000026,0.000424,0.068416,0.543988
ACCCGGAAACTCCCAG-1,0.045295,0.011433,0.021283,0.056156,0.078847,0.064158,0.165371,0.141705,0.018788,0.396963
ACCCGGAGCACCACAA-1,0.039199,0.061213,0.035841,0.100563,0.630267,0.025928,0.028946,0.069216,0.003937,0.004891
ACCCGGATGACGCATC-1,0.062059,0.17454,0.263221,0.141021,0.102542,0.06203,0.033495,0.094124,0.047637,0.019332
ACCCGGTTACACTTCC-1,0.000017,0.02042,0.113178,0.16451,0.08535,0.096056,0.316623,0.131397,0.072097,0.000352
ACCCGTAGTCTAGTTG-1,0.009633,0.109059,0.036659,0.064042,0.271953,0.031281,0.050305,0.129535,0.060636,0.236897
ACCCGTGTCATCAGTA-1,0.046258,0.157092,0.043806,0.036269,0.131498,0.131559,0.126635,0.111618,0.115332,0.099933
ACCCTATAGGACTGAG-1,0.014852,0.214025,0.176356,0.325545,0.103057,0.050752,0.017713,0.046811,0.050852,0.000037
ACCCTATGCCATATCG-1,0.000008,0.01696,0.024716,0.034041,0.044347,0.15667,0.359529,0.117276,0.043373,0.20308
ACCCTCCCGTCAGGGC-1,0.011562,0.153608,0.032237,0.120809,0.07289,0.127328,0.061714,0.06871,0.32893,0.022211
ACCCTCCCTTGCTATT-1,0.017499,0.175169,0.071137,0.101733,0.377801,0.049324,0.090677,0.076815,0.019231,0.020615
ACCCTTCATCTGCGAA-1,0.001644,0.052822,0.104141,0.230478,0.150244,0.09551,0.111136,0.195806,0.023613,0.034606
ACCGAAGAGTCTGGTT-1,0.084355,0.02774,0.030146,0.026327,0.027625,0.070684,0.144615,0.041923,0.324487,0.222098
ACCGACACATCTCCCA-1,0.000012,0.024623,0.010195,0.033328,0.023672,0.404712,0.305394,0.029833,0.168164,0.000068
ACCGACTGAGTCCCAC-1,0.974476,0.000067,0.000067,0.000067,0.000067,0.000067,0.000067,0.000067,0.000067,0.024992
ACCGAGTCTCCTTATT-1,0.078147,0.051646,0.013453,0.027543,0.069577,0.060571,0.031377,0.029536,0.471565,0.166586
ACCGATAGGCATAACC-1,0.004115,0.00261,0.018691,0.054845,0.072094,0.03026,0.621592,0.190762,0.005023,0.000008
ACCGATATTTAATCAT-1,0.001214,0.0016,0.047756,0.066625,0.034675,0.03053,0.530501,0.275267,0.002317,0.009514
ACCGATGGTAGCATCG-1,0.022126,0.383928,0.375189,0.092704,0.035844,0.040106,0.003258,0.011514,0.035305,0.000027
ACCGCAATAACTGCCT-1,0.110278,0.055492,0.038087,0.034414,0.07949,0.07403,0.328872,0.123327,0.093535,0.062474
ACCGCGGTGGAAGTCG-1,0.036696,0.225262,0.080434,0.188965,0.253196,0.021668,0.0157,0.145536,0.022445,0.010099
ACCGGGCCTTTGTTGA-1,0.0735,0.084208,0.113983,0.047628,0.266212,0.018576,0.16975,0.176833,0.000619,0.048692
ACCGGTCAGGTACACC-1,0.00416,0.05304,0.06325,0.054013,0.031794,0.141593,0.100126,0.077252,0.34469,0.130083
ACCGTGACCACGTGGG-1,0.104689,0.207003,0.030404,0.038673,0.092264,0.047256,0.028233,0.035672,0.298433,0.117372
ACCTAAGTACCTTTCA-1,0.042341,0.290544,0.011559,0.042383,0.256395,0.026058,0.043205,0.040051,0.039118,0.208346
ACCTAATCGACTTCCT-1,0.094845,0.380256,0.469919,0.009493,0.004687,0.018651,0.00964,0.000705,0.011757,0.000046
ACCTACAGTATGTGGT-1,0.06749,0.06395,0.302733,0.121518,0.035344,0.118721,0.167374,0.093674,0.02918,0.000017
ACCTACTATAAATCTA-1,0.000014,0.013863,0.022311,0.040782,0.012529,0.087013,0.055529,0.044833,0.458616,0.264509
ACCTCCGCCCTCGCTG-1,0.002228,0.073596,0.029789,0.07256,0.152362,0.065409,0.180226,0.156643,0.021452,0.245735
ACCTCCGTTATTCACC-1,0.036278,0.116879,0.481301,0.0668,0.006452,0.071509,0.007809,0.018484,0.191719,0.00277
ACCTCGAACTTATGCT-1,0.007736,0.03965,0.012482,0.028298,0.030289,0.091614,0.083396,0.032541,0.340411,0.333582
ACCTGCGTGTCATGTT-1,0.033616,0.161505,0.075355,0.035251,0.292964,0.009027,0.07498,0.060713,0.010698,0.245891
ACGAAATGGGCGGCAC-1,0.028746,0.343626,0.513012,0.038901,0.055272,0.015944,0.001319,0.001842,0.001303,0.000034
ACGACCCATGAGTTGC-1,0.01205,0.041112,0.100534,0.159256,0.077563,0.035211,0.074656,0.336878,0.011171,0.151569
ACGACTCTAGGGCCGA-1,0.00413,0.015238,0.011267,0.054989,0.014518,0.149066,0.263188,0.03872,0.441614,0.00727
ACGACTGGTCATACTC-1,0.0027,0.001412,0.006383,0.009678,0.001819,0.032063,0.048239,0.023584,0.236092,0.63803
ACGAGGATACCACTCT-1,0.057961,0.322251,0.013464,0.011656,0.204104,0.010522,0.019533,0.03545,0.045632,0.279428
ACGAGGTTTACAACGT-1,0.000066,0.03031,0.021929,0.086037,0.060688,0.247063,0.058912,0.092769,0.38023,0.021995
ACGAGTACGGATGCCC-1,0.965886,0.000076,0.000076,0.000076,0.000076,0.000076,0.000076,0.000076,0.012291,0.02129
ACGATACATAGAACTA-1,0.015743,0.029047,0.577333,0.090072,0.004204,0.096437,0.02133,0.011555,0.153973,0.000305
ACGATACCTATCCTGA-1,0.047845,0.010199,0.213876,0.061755,0.019493,0.064432,0.199723,0.288233,0.012651,0.081795
ACGATCATACATAGAG-1,0.836436,0.003172,0.084511,0.000075,0.000075,0.002147,0.000075,0.021484,0.03459,0.017433
ACGATCATCTTGTAAA-1,0.009975,0.066944,0.380714,0.209282,0.035559,0.118002,0.034724,0.055233,0.086658,0.002908
ACGATGCATATGTTAT-1,0.000023,0.026299,0.217578,0.263782,0.025418,0.174609,0.113822,0.141829,0.03662,0.000018
ACGCAAACTAATAGAT-1,0.001033,0.058895,0.036223,0.083992,0.091126,0.14275,0.12042,0.093113,0.314645,0.057804
ACGCAATCACTACAGC-1,0.998956,0.000047,0.000047,0.000047,0.000047,0.000047,0.000047,0.000047,0.000047,0.000664
ACGCATACGTTTACTA-1,0.00119,0.052974,0.0211,0.039006,0.106029,0.082024,0.480149,0.143744,0.036579,0.037206
ACGCATTCGTGAGTAC-1,0.012027,0.016654,0.425598,0.07738,0.005754,0.157569,0.121228,0.072525,0.100968,0.010297
ACGCCAGATGATTTCT-1,0.188777,0.076693,0.311833,0.081017,0.016665,0.110012,0.059035,0.138949,0.011291,0.00573
ACGCCAGTGCGTTTGC-1,0.101719,0.479726,0.016389,0.010966,0.101458,0.041669,0.07019,0.019568,0.050898,0.107418
ACGCCGCTAGACGACC-1,0.001588,0.161618,0.097981,0.145988,0.188313,0.05989,0.146207,0.182175,0.015555,0.000684
ACGCGAAGTCAGACGA-1,0.005987,0.049861,0.018858,0.055605,0.485773,0.041714,0.035601,0.270225,0.022417,0.01396
ACGCGCTACACAGGGT-1,0.000178,0.004005,0.068397,0.206896,0.026325,0.119435,0.265674,0.296284,0.006411,0.006395
ACGCGGGCCAAGGACA-1,0.003032,0.110259,0.535779,0.039241,0.021424,0.065664,0.015832,0.018807,0.149169,0.040793
ACGCGTTTCTTAAGAG-1,0.056532,0.048992,0.457983,0.054135,0.04458,0.081767,0.045572,0.123219,0.084155,0.003063
ACGCTACTGAATGGGC-1,0.118719,0.18772,0.029731,0.059106,0.424665,0.003047,0.000116,0.04028,0.003828,0.132787
ACGCTAGTGATACACT-1,0.959894,0.002327,0.037219,0.00008,0.00008,0.00008,0.00008,0.00008,0.00008,0.00008
ACGCTGTGAGGCGTAG-1,0.083725,0.013003,0.05052,0.247778,0.104536,0.017762,0.152001,0.311952,0.000297,0.018426
ACGGAACACGAGTGCC-1,0.049614,0.052005,0.001378,0.025907,0.080138,0.047835,0.03557,0.030955,0.450221,0.226376
ACGGAATTTAGCAAAT-1,0.131497,0.352204,0.455615,0.0251,0.004187,0.000054,0.000054,0.00331,0.000054,0.027926
ACGGACTCTCAAAGCG-1,0.062688,0.028897,0.013431,0.074507,0.043387,0.187143,0.129506,0.028707,0.256959,0.174775
ACGGATGGTGCGGATA-1,0.391793,0.047182,0.014502,0.040113,0.124603,0.034282,0.092191,0.035756,0.138291,0.081288
ACGGCACTTGCTTGGG-1,0.056546,0.038857,0.023063,0.03568,0.07831,0.087879,0.404302,0.121951,0.026048,0.127364
ACGGCCAACATGGACT-1,0.083339,0.048812,0.004493,0.069683,0.419689,0.018929,0.05075,0.092256,0.05123,0.160816
ACGGCGACGATGGGAA-1,0.013822,0.052395,0.050225,0.057613,0.34515,0.088126,0.164773,0.134917,0.060002,0.032979
ACGGCTGGATGTAGAA-1,0.072347,0.088321,0.077439,0.029716,0.054857,0.030208,0.020632,0.018163,0.102989,0.505328
ACGGGAGTGTCGGCCC-1,0.080242,0.014202,0.004362,0.019432,0.062636,0.059656,0.464812,0.201382,0.080932,0.012345
ACGGGTCATGTGACTT-1,0.228293,0.312815,0.378036,0.021443,0.059124,0.000058,0.000058,0.000058,0.000058,0.000058
ACGGTACAGTTCAATG-1,0.011742,0.330677,0.011268,0.067537,0.145579,0.130959,0.041555,0.018315,0.220573,0.021794
ACGTACTTTGGCACGG-1,0.00001,0.00001,0.001317,0.003835,0.00085,0.024206,0.117719,0.021227,0.646054,0.184773
ACGTAGATTGCTGATG-1,0.000018,0.036181,0.499817,0.122331,0.003713,0.147545,0.027574,0.010797,0.147522,0.004503
ACGTAGGAGAGTCGCT-1,0.042183,0.223434,0.015638,0.039136,0.084631,0.061545,0.001445,0.002227,0.372489,0.157271
ACGTATTACTCCGATC-1,0.077277,0.029332,0.207274,0.166894,0.047272,0.054941,0.24362,0.100942,0.05364,0.018809
ACGTCTCGTTCCGGGA-1,0.063031,0.099705,0.012,0.043425,0.156382,0.084276,0.229295,0.108851,0.086921,0.116114
ACGTGACAAAGTAAGT-1,0.003438,0.108683,0.016139,0.090577,0.095815,0.275727,0.07728,0.069254,0.229105,0.033981
ACGTGCGCCTCGTGCA-1,0.000021,0.189294,0.249406,0.132863,0.031374,0.213803,0.029589,0.045467,0.108163,0.000021
ACGTTAATGTCGAAGA-1,0.093177,0.039085,0.173272,0.108824,0.089385,0.038505,0.185708,0.258761,0.013261,0.000021
ACGTTAGATTTGCCCG-1,0.204255,0.122416,0.246259,0.114181,0.058035,0.054188,0.061925,0.110517,0.010594,0.01763
