Barcode,Topic 1,Topic 2,Topic 3,Topic 4to6,Topic 7,Topic 8,Topic 9to10,Topic 11,Topic 12
AAACAACGAATAGTTC-1,0.00002,0.259996,0.083554,0.096398,0.211604,0.001137,0.333226,0.00002,0.014045
AAACAAGTATCTCCCA-1,0.065017,0.301107,0.059904,0.047734,0.247191,0.075424,0.124146,0.0047,0.074778
AAACAATCTACTAGCA-1,0.023169,0.035841,0.038985,0.201948,0.292204,0.040643,0.288673,0.000015,0.078523
AAACACCAATAACTGC-1,0.065705,0.248468,0.046367,0.080829,0.360089,0.060598,0.023839,0.041053,0.073052
AAACAGAGCGACTCCT-1,0.006815,0.000018,0.001004,0.963824,0.006,0.003,0.019303,0.000018,0.000018
AAACAGCTTTCAGAAG-1,0.0001,0.027824,0.018689,0.094448,0.14127,0.000737,0.712501,0.00143,0.003
AAACAGGGTCTATATT-1,0.005674,0.308086,0.128117,0.121417,0.200226,0.036414,0.14123,0.041941,0.016896
AAACAGTGTTCCTGGG-1,0.03525,0.000021,0.03713,0.014962,0.000021,0.000021,0.000041,0.572615,0.339939
AAACATGGTGAGAGGA-1,0.14989,0.035777,0.022122,0.293139,0.142131,0.164964,0.063305,0.049049,0.079623
AAACATTTCCCGGATT-1,0.096205,0.237617,0.043414,0.101343,0.127685,0.032726,0.016853,0.165032,0.179126
AAACCACTACACAGAT-1,0.000015,0.01476,0.031476,0.713626,0.011433,0.028958,0.199702,0.000015,0.000015
AAACCCGAACGAAATC-1,0.011502,0.025513,0.051316,0.17601,0.316149,0.125001,0.238626,0.050913,0.00497
AAACCGGAAATGTTAA-1,0.013709,0.40738,0.041908,0.198298,0.093961,0.14636,0.049519,0.003645,0.045221
AAACCGGGTAGGTACC-1,0.000606,0.418912,0.06744,0.252021,0.146924,0.002065,0.050117,0.057649,0.004266
AAACCGTTCGTCCAGG-1,0.013899,0.304392,0.079059,0.010628,0.342406,0.048029,0.068137,0.016008,0.117441
AAACCTAAGCAGCCGG-1,0.000022,0.189777,0.09034,0.000067,0.008843,0.000022,0.000044,0.431769,0.279115
AAACCTCATGAAGTTG-1,0.000025,0.21859,0.178595,0.496702,0.038576,0.018268,0.039212,0.000025,0.01001
AAACGAAGAACATACC-1,0.019866,0.342716,0.072945,0.237434,0.119762,0.022875,0.184332,0.000034,0.000034
AAACGAAGATGGAGTA-1,0.010759,0.110093,0.18938,0.077845,0.213513,0.187957,0.096768,0.088583,0.025102
AAACGACAGTCTTGCC-1,0.019721,0.132679,0.071075,0.668101,0.04542,0.023641,0.039327,0.000018,0.000018
AAACGAGACGGTTGAT-1,0.000026,0.143663,0.015813,0.462733,0.311482,0.000026,0.066205,0.000026,0.000026
AAACGCCCGAGATCGG-1,0.000028,0.10403,0.117266,0.597762,0.043381,0.018855,0.085658,0.000028,0.032992
AAACGCTGGGCACGAC-1,0.068514,0.168756,0.00423,0.113058,0.128628,0.012924,0.004211,0.175935,0.323743
AAACGGGCGTACGGGT-1,0.019732,0.227808,0.016521,0.006077,0.014885,0.012211,0.005968,0.0469,0.649897
AAACGGGTTGGTATCC-1,0.000046,0.55523,0.002931,0.033122,0.310905,0.000046,0.0926,0.000046,0.005074
AAACGGTTGCGAACTG-1,0.004166,0.208188,0.003207,0.000074,0.000025,0.000025,0.000049,0.036966,0.747301
AAACGTGTTCGCCCTA-1,0.000042,0.571277,0.147493,0.280933,0.000042,0.000042,0.000085,0.000042,0.000042
AAACTAACGTGGCGAC-1,0.000031,0.333886,0.068174,0.533267,0.045469,0.001325,0.015266,0.002552,0.000031
AAACTCGGTTCGCAAT-1,0.119299,0.040731,0.000026,0.000079,0.000026,0.020857,0.004298,0.23469,0.579994
AAACTCGTGATATAAG-1,0.003682,0.407999,0.050362,0.517751,0.010445,0.000034,0.000069,0.009625,0.000034
AAACTGCTGGCTCCAA-1,0.011994,0.040012,0.013573,0.213721,0.291732,0.045314,0.257511,0.000013,0.126129
AAACTTAATTGCACGC-1,0.047883,0.277918,0.044724,0.105117,0.179244,0.162692,0.041061,0.045631,0.09573
AAACTTGCAAACGTAT-1,0.000793,0.07468,0.254893,0.194637,0.098943,0.006721,0.130478,0.238841,0.000013
AAAGAATGACCTTAGA-1,0.344691,0.004987,0.010253,0.161671,0.038374,0.084259,0.062681,0.003863,0.289221
AAAGAATGTGGACTAA-1,0.000032,0.09739,0.00581,0.000096,0.000032,0.000032,0.000064,0.53977,0.356774
AAAGACATGAAGTTTA-1,0.000043,0.65701,0.099797,0.152216,0.040954,0.000043,0.049853,0.000043,0.000043
AAAGACCCAAGTCGCG-1,0.000035,0.274696,0.037146,0.345709,0.249797,0.000035,0.086936,0.000035,0.005613
AAAGACTGGGCGCTTT-1,0.265842,0.556099,0.022881,0.007533,0.00004,0.00004,0.038842,0.108683,0.00004
AAAGCTTGCCTACATA-1,0.010253,0.15811,0.141741,0.171818,0.025783,0.000023,0.492227,0.000023,0.000023
AAAGGCCCTATAATAC-1,0.009858,0.070586,0.001165,0.050516,0.031884,0.01871,0.012709,0.667411,0.137161
AAAGGCTACGGACCAT-1,0.231946,0.000639,0.002989,0.175565,0.002722,0.10727,0.110099,0.134464,0.234306
AAAGGCTCTCGCGCCG-1,0.061853,0.449162,0.088421,0.018984,0.151696,0.078967,0.105258,0.000477,0.045182
AAAGGGATGTAGCAAG-1,0.000104,0.713278,0.000104,0.097734,0.000104,0.000104,0.000208,0.18826,0.000104
AAAGGGCAGCTTGAAT-1,0.000026,0.051202,0.008571,0.77974,0.000026,0.000026,0.000051,0.160333,0.000026
AAAGGTAAGCTGTACC-1,0.022127,0.042407,0.016678,0.828406,0.034767,0.024731,0.03083,0.000027,0.000027
AAAGGTCAACGACATG-1,0.000018,0.098689,0.095707,0.647131,0.030104,0.012143,0.116173,0.000018,0.000018
AAAGTAGCATTGCTCA-1,0.001993,0.017431,0.048182,0.135076,0.604886,0.004018,0.015583,0.170643,0.002187
AAAGTCACTGATGTAA-1,0.000031,0.218719,0.034906,0.358224,0.119771,0.004158,0.26413,0.000031,0.000031
AAAGTCGACCCTCAGT-1,0.013171,0.114831,0.131455,0.570593,0.036912,0.042789,0.058496,0.031735,0.000018
AAAGTGCCATCAATTA-1,0.000018,0.453198,0.035,0.001623,0.017765,0.006275,0.003698,0.259911,0.222512
AAAGTGTGATTTATCT-1,0.068332,0.065472,0.01429,0.136782,0.522595,0.023132,0.139,0.022714,0.007683
AAAGTTGACTCCCGTA-1,0.000026,0.313196,0.051448,0.058803,0.433847,0.013198,0.028549,0.000026,0.100906
AAATAACCATACGGGA-1,0.000038,0.201177,0.073757,0.71302,0.001321,0.000038,0.010574,0.000038,0.000038
AAATAAGGTAGTGCCC-1,0.000023,0.563959,0.049055,0.119072,0.134708,0.000293,0.132843,0.000023,0.000023
AAATACCTATAAGCAT-1,0.001886,0.184904,0.062097,0.052643,0.564,0.039339,0.045677,0.035238,0.014214
AAATAGCTTAGACTTT-1,0.001381,0.174048,0.10184,0.210323,0.298512,0.004549,0.20092,0.000016,0.008413
AAATAGGGTGCTATTG-1,0.035245,0.117199,0.114678,0.085497,0.108888,0.073071,0.453454,0.001342,0.010626
AAATCACTCCTAAACG-1,0.103091,0.003031,0.074208,0.702223,0.034155,0.0169,0.065737,0.000642,0.000013
AAATCCGATACACGCC-1,0.597914,0.068129,0.031237,0.102165,0.038515,0.049448,0.045963,0.014787,0.051841
AAATCGCGGAAGGAGT-1,0.063683,0.020312,0.035799,0.201307,0.253677,0.190809,0.187616,0.003626,0.043171
AAATCGTGTACCACAA-1,0.001937,0.276359,0.02611,0.162553,0.409133,0.00311,0.095944,0.012758,0.012098
AAATCTAGCCCTGCTA-1,0.204369,0.047322,0.032588,0.144878,0.046886,0.095521,0.16407,0.242072,0.022293
AAATCTGCCCGCGTCC-1,0.000027,0.086065,0.000027,0.000081,0.000027,0.000027,0.000054,0.000027,0.913667
AAATGACTGATCAAAC-1,0.401928,0.000017,0.000017,0.00005,0.000017,0.000017,0.000033,0.000017,0.597906
AAATGATTCGATCAGC-1,0.000191,0.779907,0.000191,0.000572,0.000191,0.000191,0.000381,0.218186,0.000191
AAATGCTCGTTACGTT-1,0.000054,0.557295,0.372015,0.04515,0.000054,0.000054,0.01605,0.009276,0.000054
AAATGGCATGTCTTGT-1,0.002121,0.156634,0.04291,0.365971,0.050231,0.002082,0.310198,0.06982,0.000034
AAATGGCCCGTGCCCT-1,0.000013,0.450288,0.073708,0.059823,0.285608,0.012367,0.086287,0.005571,0.026335
AAATGGTCAATGTGCC-1,0.121989,0.174011,0.109766,0.492709,0.040924,0.007332,0.047271,0.005969,0.000027
AAATGTATCTTATCCC-1,0.176756,0.000548,0.038317,0.602708,0.000011,0.029716,0.100729,0.051204,0.000011
AAATGTGGGTGCTCCT-1,0.00002,0.140893,0.010101,0.06811,0.102043,0.00002,0.678775,0.00002,0.00002
AAATTAACGGGTAGCT-1,0.000024,0.138805,0.103547,0.459949,0.0215,0.006237,0.26448,0.005434,0.000024
AAATTAATAAGCGCGA-1,0.073934,0.264362,0.205626,0.061481,0.00004,0.018435,0.087593,0.282767,0.005761
AAATTACACGACTCTG-1,0.081775,0.014876,0.096305,0.727741,0.020321,0.003661,0.055284,0.000019,0.000019
AAATTACCTATCGATG-1,0.049951,0.037439,0.028116,0.853294,0.011646,0.00283,0.016697,0.000013,0.000013
AAATTCCAGGTCCAAA-1,0.000014,0.208269,0.008972,0.112405,0.513878,0.000029,0.156404,0.000014,0.000014
AAATTGATAGTCCTTT-1,0.036533,0.037676,0.028149,0.103432,0.033364,0.351404,0.308512,0.012457,0.088473
AAATTGCGGCGGTTCT-1,0.000026,0.125106,0.020041,0.383542,0.14592,0.000026,0.325287,0.000026,0.000026
AAATTGGTGAGAAGCA-1,0.000076,0.623318,0.008225,0.053662,0.000076,0.000076,0.000152,0.314339,0.000076
AAATTTACCGAAATCC-1,0.081318,0.063033,0.03635,0.511665,0.076279,0.010652,0.22065,0.000026,0.000026
AAATTTGCGGGTGTGG-1,0.003651,0.411353,0.032102,0.068762,0.12818,0.007702,0.20109,0.002365,0.144795
AACAACTGGTAGTTGC-1,0.000095,0.873594,0.000095,0.102314,0.000095,0.000095,0.000189,0.000095,0.023429
AACAATACATTGTCGA-1,0.456707,0.000004,0.001754,0.118183,0.023345,0.10854,0.291457,0.000004,0.000004
AACAATTACTCTACGC-1,0.000104,0.920546,0.000104,0.000311,0.000104,0.000104,0.000208,0.022061,0.056459
AACACACGCTCGCCGC-1,0.100654,0.299103,0.118268,0.079801,0.078748,0.159729,0.109802,0.039811,0.014084
AACACGACTGTACTGA-1,0.000055,0.505096,0.054647,0.285049,0.152996,0.000055,0.001992,0.000055,0.000055
AACACGAGACGCGGCC-1,0.021771,0.003798,0.006063,0.26227,0.042145,0.014264,0.586261,0.063414,0.000014
AACACGCGGCCGCGAA-1,0.000043,0.274949,0.032003,0.068818,0.473749,0.000043,0.117219,0.000043,0.033134
AACAGCTGTGTGGCAA-1,0.208174,0.123475,0.057602,0.200246,0.185894,0.081884,0.122462,0.001222,0.019041
AACAGGAAATCGAATA-1,0.000024,0.053948,0.065398,0.605023,0.074217,0.009775,0.191568,0.000024,0.000024
AACAGGATGGGCCGCG-1,0.000063,0.771438,0.014627,0.078516,0.000063,0.000063,0.000127,0.135039,0.000063
AACAGGTAGTATGGAT-1,0.00002,0.103327,0.070881,0.011726,0.06031,0.00002,0.009919,0.743777,0.00002
AACATAGCGTGTATCG-1,0.000047,0.104358,0.000047,0.000141,0.000047,0.000047,0.000094,0.069417,0.825802
AACATATCAACTGGTG-1,0.001125,0.119096,0.125749,0.329804,0.128708,0.000026,0.29544,0.000026,0.000026
AACATCGATACGTCTA-1,0.000108,0.815737,0.000108,0.000325,0.000108,0.000108,0.000216,0.18318,0.000108
AACATTGAAGTTGATC-1,0.064567,0.006586,0.008649,0.116224,0.04291,0.035562,0.070995,0.190831,0.463675
AACATTGGTCAGCCGT-1,0.00003,0.187163,0.01443,0.058143,0.027444,0.002626,0.620948,0.000081,0.089134
AACATTGTGACTCGAG-1,0.006563,0.218734,0.042684,0.102487,0.131257,0.056888,0.036953,0.24651,0.157924
AACCAAGACTTCTCTG-1,0.120636,0.145427,0.132782,0.376374,0.012375,0.003567,0.07923,0.049054,0.080556
AACCAGTATCACTCTT-1,0.000068,0.315591,0.052066,0.464938,0.078719,0.008518,0.01239,0.067641,0.000068
AACCATAGGGTTGAAC-1,0.043858,0.502833,0.04403,0.022066,0.020499,0.039161,0.013453,0.148391,0.165709
AACCATGGGATCGCTA-1,0.00004,0.349452,0.07396,0.345441,0.109691,0.014731,0.079952,0.026694,0.00004
AACCCAGAGACGGAGA-1,0.000045,0.287069,0.060649,0.373622,0.175544,0.000045,0.102936,0.000045,0.000045
AACCCATCCCATGATC-1,0.000983,0.342961,0.047502,0.008351,0.430756,0.002905,0.143472,0.002733,0.020336
AACCCGACAACCCGTG-1,0.002273,0.137879,0.010859,0.009721,0.005885,0.017643,0.004023,0.017482,0.794235
AACCCGAGCAGAATCG-1,0.342983,0.083721,0.058236,0.164449,0.102892,0.089486,0.067206,0.006332,0.084694
AACCCGATAGGGCTTC-1,0.011806,0.120123,0.130635,0.653045,0.019461,0.015208,0.004518,0.045184,0.000019
AACCCGCTGTATTCCA-1,0.000034,0.000034,0.000034,0.000102,0.000034,0.000034,0.000068,0.239762,0.759898
AACCCTACTGTCAATA-1,0.044147,0.123965,0.069819,0.235342,0.32836,0.064796,0.113791,0.000023,0.019757
AACCCTGGTGGAACCA-1,0.000034,0.292748,0.051706,0.322259,0.167353,0.006988,0.15856,0.000318,0.000034
AACCGAGCTTGGTCAT-1,0.000124,0.534806,0.001513,0.189381,0.000124,0.000124,0.000249,0.273554,0.000124
AACCGCTAAGGGATGC-1,0.000025,0.366576,0.093853,0.131046,0.245938,0.05056,0.086072,0.000039,0.025891
AACCGTTGTGTTTGCT-1,0.014869,0.407487,0.371575,0.127208,0.042021,0.00006,0.036659,0.00006,0.00006
AACCTAAAGCCGTCCG-1,0.000028,0.434012,0.034126,0.292579,0.09467,0.000028,0.130681,0.013848,0.000028
AACCTCGCTTTAGCCC-1,0.000029,0.58384,0.049864,0.001849,0.049263,0.007763,0.000058,0.125127,0.182206
AACCTGTCACGGAATT-1,0.000016,0.185523,0.057974,0.135333,0.04951,0.018416,0.384657,0.056065,0.112506
AACCTTTAAATACGGT-1,0.125271,0.132732,0.07562,0.128486,0.058507,0.144514,0.168582,0.004262,0.162024
AACCTTTACGACGTCT-1,0.012262,0.026523,0.053265,0.881236,0.000298,0.005118,0.000128,0.02114,0.000029
AACGAAAGTCGTCCCA-1,0.01976,0.286571,0.04174,0.062899,0.419376,0.06458,0.045683,0.020941,0.038451
AACGACCTCCTAGCCG-1,0.075868,0.024461,0.024341,0.039003,0.134554,0.052431,0.029328,0.057708,0.562306
AACGATAATGCCGTAG-1,0.06684,0.01585,0.02912,0.389834,0.043296,0.342315,0.076614,0.024725,0.011406
AACGATAGAAGGGCCG-1,0.000053,0.495998,0.038915,0.437451,0.024474,0.000053,0.002948,0.000053,0.000053
AACGATATGTCAACTG-1,0.000091,0.494878,0.000091,0.179356,0.000091,0.000091,0.000181,0.325132,0.000091
AACGCATGATCTGGGT-1,0.000166,0.906848,0.000166,0.000497,0.000166,0.000166,0.000331,0.091495,0.000166
AACGCGAACGGCAACA-1,0.033712,0.05618,0.053782,0.530831,0.141875,0.013373,0.144602,0.000028,0.025617
AACGCGACCTTGGGCG-1,0.132012,0.126369,0.030008,0.028726,0.028779,0.032546,0.007123,0.033979,0.580459
AACGCGGTCTCCAGCC-1,0.000117,0.70435,0.000117,0.105159,0.000117,0.000117,0.000235,0.141364,0.048423
AACGCTGTTGCTGAAA-1,0.03756,0.182978,0.064177,0.170909,0.222501,0.183336,0.080129,0.053273,0.005136
AACGGACGTACGTATA-1,0.065188,0.254134,0.045299,0.152097,0.048926,0.220977,0.205553,0.001963,0.005862
AACGGCCATCTCCGGT-1,0.013224,0.001793,0.001917,0.268554,0.032808,0.01451,0.667181,0.000006,0.000006
AACGTACTGTGGGTAC-1,0.071831,0.205656,0.153687,0.041307,0.301527,0.053255,0.096245,0.004892,0.0716
AACGTAGTCTACCCAT-1,0.001055,0.185871,0.068217,0.202748,0.226726,0.015409,0.29993,0.000022,0.000022
AACGTCAGACTAGTGG-1,0.000075,0.709225,0.032845,0.039858,0.000075,0.000075,0.00015,0.217621,0.000075
AACGTCATCCGGCTTG-1,0.00003,0.00003,0.00003,0.000091,0.00003,0.00003,0.000061,0.00003,0.999667
AACGTCGCTGCACTTC-1,0.005076,0.052787,0.00355,0.000093,0.000031,0.000031,0.000062,0.069863,0.868507
AACGTGATGAAGGACA-1,0.011429,0.308417,0.036915,0.485632,0.063685,0.001337,0.092516,0.000035,0.000035
AACGTGCGAAAGTCTC-1,0.004014,0.334711,0.205461,0.101271,0.151273,0.003948,0.188462,0.000025,0.010835
AACGTTATCAGCACCT-1,0.000031,0.10388,0.102516,0.607426,0.04475,0.009983,0.063755,0.067628,0.000031
AACGTTCTACCATTGT-1,0.000051,0.174399,0.000051,0.039378,0.007566,0.00939,0.000102,0.008171,0.760893
AACTACCCGTTTGTCA-1,0.000026,0.813935,0.015113,0.000077,0.063862,0.026129,0.006635,0.005638,0.068586
AACTAGCGTATCGCAC-1,0.002022,0.000015,0.000794,0.327966,0.029033,0.00122,0.63892,0.000015,0.000015
AACTAGGCTTGGGTGT-1,0.020497,0.151375,0.020293,0.149042,0.046191,0.254873,0.333463,0.000011,0.024255
AACTCAAGTTAATTGC-1,0.000034,0.443831,0.264782,0.070304,0.055363,0.000034,0.135431,0.02416,0.006061
AACTCCAGAGCGTGTT-1,0.038266,0.607343,0.034355,0.000083,0.017306,0.028029,0.000055,0.042417,0.232144
AACTCCTAATCCCATG-1,0.000053,0.312766,0.157347,0.433969,0.010751,0.000053,0.000106,0.084902,0.000053
AACTCGATAAACACGT-1,0.000122,0.224053,0.077586,0.161851,0.248352,0.003077,0.279559,0.000016,0.005384
AACTCGATGGCGCAGT-1,0.000056,0.513751,0.071196,0.268658,0.085529,0.000056,0.039166,0.000056,0.021533
AACTCTCAATAGAGCG-1,0.000021,0.17174,0.019627,0.218515,0.376691,0.000021,0.213344,0.000021,0.000021
AACTCTCAGTGTGCTC-1,0.074105,0.213976,0.062573,0.057927,0.15938,0.112519,0.136283,0.03361,0.149627
AACTGAGGTCAGCGTC-1,0.000018,0.000018,0.005665,0.805697,0.00994,0.003945,0.174682,0.000018,0.000018
AACTGAGTTATACTGA-1,0.009192,0.158657,0.030284,0.327045,0.056246,0.18616,0.197139,0.035268,0.00001
AACTGATATTAGGCCT-1,0.000047,0.239005,0.037034,0.588019,0.012172,0.000318,0.082761,0.040597,0.000047
AACTGGGTCCCGACGT-1,0.000059,0.482637,0.079714,0.389034,0.000468,0.000059,0.000118,0.047851,0.000059
AACTGGGTTCGAGCCG-1,0.000052,0.677534,0.14301,0.164931,0.000052,0.000052,0.000103,0.014215,0.000052
AACTGGTGTGGGCCTT-1,0.010668,0.146083,0.01164,0.638864,0.104503,0.014672,0.073512,0.000029,0.000029
AACTTCTGCGTCTATC-1,0.00006,0.396376,0.210452,0.249913,0.047622,0.00006,0.00012,0.095338,0.00006
AACTTGCCCGTATGCA-1,0.004535,0.710712,0.000094,0.000282,0.000094,0.000094,0.000188,0.283905,0.000094
AACTTGCGTTCTCGCG-1,0.000046,0.64137,0.095355,0.227154,0.03154,0.000046,0.004396,0.000046,0.000046
AACTTTACGGGAGCTT-1,0.000078,0.536052,0.000078,0.000233,0.000078,0.000078,0.000155,0.463172,0.000078
AACTTTAGCTGCTGAG-1,0.00004,0.35404,0.010408,0.280774,0.098084,0.006454,0.250121,0.00004,0.00004
AACTTTCTCGATCATG-1,0.000066,0.625526,0.047086,0.132301,0.000066,0.000066,0.000132,0.194689,0.000066
AAGAAAGTTTGATGGG-1,0.000039,0.056983,0.000039,0.000117,0.000039,0.000039,0.000078,0.302319,0.640348
AAGAAATCACCAGATT-1,0.000041,0.705928,0.000041,0.232423,0.00655,0.000041,0.000081,0.054856,0.000041
AAGAAGGATCAGTTAG-1,0.000059,0.854688,0.012729,0.090664,0.012784,0.000059,0.003861,0.025096,0.000059
AAGACATACGTGGTTT-1,0.383691,0.023162,0.009978,0.049903,0.023663,0.044966,0.025708,0.139955,0.298975
AAGACCAAATAACTCA-1,0.081514,0.008619,0.01062,0.450798,0.065151,0.23056,0.139854,0.002815,0.010069
AAGACCCAACTGAACA-1,0.042497,0.16979,0.018245,0.250398,0.183959,0.059055,0.042544,0.228073,0.005439
AAGACTAACCCGTTGT-1,0.000037,0.304119,0.059159,0.264906,0.243205,0.000037,0.128465,0.000037,0.000037
AAGACTCACGCCCACT-1,0.015268,0.004052,0.009406,0.407766,0.028931,0.016213,0.518336,0.000013,0.000013
AAGACTGCAAGCTACT-1,0.000052,0.768835,0.044161,0.008338,0.078936,0.000052,0.099523,0.000052,0.000052
AAGAGATGAATCGGTA-1,0.000072,0.620364,0.000072,0.000217,0.000072,0.000072,0.000145,0.378913,0.000072
AAGAGCTCTTTATCGG-1,0.011633,0.026799,0.184478,0.126861,0.118299,0.000024,0.528567,0.000024,0.003316
AAGAGGATGTACGCGA-1,0.023345,0.000011,0.00208,0.671834,0.003323,0.028377,0.27101,0.000011,0.000011
AAGAGGCATGGATCGC-1,0.000027,0.29243,0.057855,0.328395,0.236355,0.003285,0.068142,0.000027,0.013484
AAGAGGCCCTTTGGAA-1,0.006336,0.661879,0.023984,0.020532,0.076521,0.083962,0.000303,0.049593,0.07689
AAGATGGCACCGGACC-1,0.010204,0.220015,0.014629,0.19798,0.178817,0.049622,0.048732,0.255114,0.024888
AAGATTGGCGGAACGT-1,0.057785,0.509009,0.038042,0.348239,0.006399,0.000045,0.007939,0.032497,0.000045
AAGCACCCTGCGTATC-1,0.038729,0.326362,0.044795,0.095289,0.058354,0.055568,0.069364,0.264939,0.0466
AAGCATACTCTCCTGA-1,0.007947,0.206448,0.173587,0.095665,0.164868,0.166876,0.051924,0.030399,0.102287
AAGCCACTTGCAGGTA-1,0.000027,0.000027,0.000027,0.000081,0.000027,0.000027,0.000054,0.000027,0.999705
AAGCCGAAGCGGTTTA-1,0.082633,0.0087,0.006517,0.317939,0.011743,0.103538,0.468912,0.000009,0.000009
AAGCCGCCGTGAAATC-1,0.047233,0.130456,0.047859,0.091294,0.093253,0.016685,0.026488,0.042424,0.504309
AAGCCGCTTTACCTTG-1,0.00011,0.831431,0.00011,0.000329,0.00011,0.00011,0.000219,0.167474,0.00011
AAGCCGGAGAGCAGGA-1,0.007377,0.491065,0.037322,0.107059,0.094528,0.142095,0.019828,0.028566,0.072161
AAGCGCAGGGCTTTGA-1,0.333357,0.000012,0.003187,0.008118,0.011572,0.025214,0.014819,0.01433,0.589391
AAGCGGAGTGCGCGCA-1,0.03427,0.455977,0.179299,0.245918,0.000033,0.000033,0.000066,0.084371,0.000033
AAGCGGCGTCATGGGT-1,0.006369,0.021937,0.012941,0.804136,0.011244,0.015602,0.09344,0.03431,0.000021
AAGCGTCCCTCATCGA-1,0.185247,0.000005,0.001012,0.114903,0.000965,0.223815,0.463292,0.000005,0.010756
AAGCTAGATCGAGTAA-1,0.003306,0.141142,0.185971,0.196614,0.038922,0.151742,0.240511,0.000017,0.041774
AAGCTATGGATTGACC-1,0.00006,0.00006,0.00006,0.000181,0.00006,0.00006,0.000121,0.00006,0.999337
AAGCTCGTGCCAAGTC-1,0.000036,0.23805,0.019709,0.409763,0.163129,0.000036,0.169207,0.000036,0.000036
AAGCTCTTTCATGGTG-1,0.007879,0.423433,0.160362,0.065747,0.030905,0.218504,0.039624,0.016955,0.036592
AAGGAGAACTTATAAG-1,0.000032,0.482219,0.042381,0.143308,0.177832,0.000349,0.143749,0.000032,0.010097
AAGGAGCGGTTGGTGC-1,0.000131,0.476904,0.097953,0.218471,0.006089,0.000131,0.000261,0.193978,0.006083
AAGGATCGATCGCTTG-1,0.06283,0.156646,0.060065,0.123817,0.460689,0.033505,0.091664,0.000018,0.010766
AAGGATGAGGGACCTC-1,0.000035,0.197895,0.050552,0.729645,0.018493,0.000035,0.003273,0.000035,0.000035
AAGGCAGGCTGTCTCC-1,0.044649,0.069034,0.023354,0.107002,0.304561,0.183912,0.239313,0.019852,0.008324
AAGGCGCGTAAAGCTT-1,0.000072,0.645126,0.20451,0.063028,0.000072,0.000072,0.000145,0.079451,0.007524
AAGGCTGTGCTCATCG-1,0.000093,0.716657,0.000093,0.015398,0.000093,0.000093,0.000185,0.267297,0.000093
AAGGGAACGACTGGCT-1,0.040841,0.174469,0.03267,0.147954,0.13061,0.043579,0.028558,0.029143,0.372176
AAGGGACAGATTCTGT-1,0.032767,0.022445,0.042794,0.810439,0.031666,0.005285,0.045146,0.009441,0.000017
AAGGGACTATGCATTC-1,0.105618,0.282016,0.080711,0.018545,0.153331,0.099328,0.095024,0.163733,0.001695
AAGGGTTAGCCATGCG-1,0.000034,0.050568,0.008908,0.047908,0.007985,0.000034,0.000068,0.033737,0.850759
AAGGGTTTGATTTCAG-1,0.080099,0.182742,0.031303,0.046883,0.031247,0.225243,0.266023,0.043079,0.093381
AAGGTATCCTAATATA-1,0.000109,0.938499,0.006054,0.054688,0.000109,0.000109,0.000217,0.000109,0.000109
AAGGTGATAAACCAGC-1,0.034992,0.016535,0.010266,0.199588,0.457922,0.094296,0.129576,0.003029,0.053795
AAGTAAGCTTCCAAAC-1,0.010892,0.135702,0.111134,0.113325,0.275445,0.003571,0.328252,0.002725,0.018954
AAGTAGAAGACCGGGT-1,0.000038,0.296631,0.095934,0.50407,0.012923,0.003459,0.004041,0.082867,0.000038
AAGTAGTGACGCGAGG-1,0.084656,0.00035,0.022738,0.851424,0.000019,0.003551,0.008265,0.028979,0.000019
AAGTCAATTGTCGTCA-1,0.018166,0.167328,0.06122,0.095951,0.458245,0.026718,0.083013,0.040613,0.048744
AAGTCTAGTAGCTGCC-1,0.000058,0.684595,0.000058,0.028973,0.000058,0.000058,0.000115,0.28603,0.000058
AAGTCTTCTGTGGCCT-1,0.001233,0.041699,0.135941,0.50709,0.00544,0.133417,0.046398,0.12876,0.000023
AAGTGACGACCGAATT-1,0.00214,0.344072,0.046066,0.353323,0.118437,0.001594,0.076716,0.057624,0.000029
AAGTGAGTCGGGTTTA-1,0.058077,0.249199,0.079596,0.22697,0.098179,0.113157,0.056215,0.034745,0.083862
AAGTGCAAAGGTAGAC-1,0.000041,0.700916,0.009467,0.000122,0.000041,0.000041,0.000082,0.28925,0.000041
AAGTGCCTTGACTGTA-1,0.006968,0.223952,0.04272,0.059781,0.378068,0.014326,0.066413,0.001733,0.206041
AAGTGCGTTAGAATCT-1,0.003085,0.000009,0.273898,0.010862,0.015815,0.006184,0.104959,0.585179,0.000009
AAGTGCTTCTCTATTG-1,0.000025,0.138391,0.044419,0.00181,0.001766,0.001665,0.00005,0.038505,0.77337
AAGTGTTTGGAGACGG-1,0.000029,0.57539,0.078384,0.11267,0.108972,0.031525,0.046604,0.000029,0.046397
AAGTTCACTCCAAGCT-1,0.437433,0.030975,0.021329,0.181915,0.036365,0.11957,0.130387,0.038425,0.0036
AAGTTCAGTCTGCGTA-1,0.000122,0.33721,0.000122,0.000367,0.000122,0.000122,0.000244,0.661568,0.000122
AAGTTCGGCCAACAGG-1,0.000011,0.126247,0.063994,0.028995,0.102474,0.000674,0.647041,0.030552,0.000011
AAGTTGTGATGTTATA-1,0.015285,0.220183,0.052658,0.007318,0.01106,0.054365,0.004844,0.065362,0.568926
AAGTTTACTAATGGCA-1,0.000043,0.436149,0.049441,0.228676,0.094472,0.000043,0.191088,0.000043,0.000043
AAGTTTATGGGCCCAA-1,0.031209,0.051765,0.016572,0.031297,0.018989,0.007615,0.000283,0.091539,0.750731
AATAACAACGCTCGGC-1,0.05645,0.003741,0.011843,0.720711,0.007568,0.036763,0.032592,0.13032,0.000012
AATAACACTAGAACAA-1,0.11718,0.0014,0.014091,0.108136,0.152316,0.055489,0.469333,0.045989,0.036066
AATAACGTCGCGCCCA-1,0.194757,0.108039,0.005566,0.002048,0.022867,0.000483,0.021158,0.138821,0.506262
AATAAGTCCTCGAGAC-1,0.000043,0.369294,0.401621,0.081228,0.131493,0.000043,0.005183,0.011051,0.000043
AATAATCTTCGTATCG-1,0.164667,0.107727,0.033364,0.33951,0.027458,0.28576,0.041495,0.00001,0.00001
AATACAATGTTTCAGG-1,0.03474,0.017714,0.100124,0.779174,0.00116,0.017659,0.039423,0.00998,0.000023
AATACCGGAGGGCTGT-1,0.039516,0.259557,0.01524,0.033143,0.038116,0.018346,0.002668,0.124581,0.468834
AATACCTGATGTGAAC-1,0.022391,0.057697,0.024535,0.051459,0.022646,0.135706,0.068068,0.039204,0.578294
AATAGAACAGAGTGGC-1,0.183152,0.00939,0.009956,0.23751,0.237458,0.041229,0.250025,0.008517,0.022763
AATAGAATCTGTTTCA-1,0.014221,0.012413,0.012365,0.066806,0.069923,0.022735,0.764914,0.006296,0.030327
AATAGCAAGCCTCCTG-1,0.000043,0.335305,0.075057,0.494779,0.030596,0.000043,0.064094,0.000043,0.000043
AATAGCTACCGCGTGC-1,0.000218,0.91908,0.000218,0.000653,0.000218,0.000218,0.000435,0.078744,0.000218
AATAGGCACGACCCTT-1,0.000036,0.000036,0.000036,0.000107,0.000036,0.000036,0.000071,0.154455,0.845188
AATAGTCCGTCCCGAC-1,0.006643,0.029279,0.006293,0.03178,0.027567,0.010494,0.571676,0.290367,0.025901
AATAGTCGCGAGTCGG-1,0.071765,0.009538,0.07831,0.685896,0.000017,0.02378,0.093396,0.037281,0.000017
AATATCAAGGTCGGAT-1,0.000056,0.396986,0.251413,0.201309,0.056458,0.000056,0.072815,0.000056,0.02085
AATATCCTAGCAAACT-1,0.006008,0.039577,0.121266,0.162417,0.144471,0.00909,0.49461,0.013214,0.009348
AATATCGAATCAATGC-1,0.018517,0.318584,0.111927,0.131299,0.05312,0.294307,0.04638,0.019888,0.005977
AATATCGAGGGTTCTC-1,0.000053,0.462616,0.095576,0.414636,0.012045,0.000053,0.014913,0.000053,0.000053
AATATTGGAGTATTGA-1,0.048985,0.020423,0.055155,0.737595,0.025199,0.031704,0.078275,0.000021,0.002643
AATCAGACTGCAGGAC-1,0.000045,0.166797,0.24008,0.100813,0.153669,0.003862,0.15688,0.139817,0.038038
AATCAGGTTTCATTTA-1,0.02496,0.035651,0.020619,0.005837,0.008172,0.011978,0.009176,0.000993,0.882614
AATCATGTAAAGACTC-1,0.404023,0.01753,0.018788,0.188731,0.015284,0.109663,0.157028,0.002622,0.086333
AATCCAAGGGCCTGAG-1,0.000038,0.168158,0.266263,0.184858,0.116896,0.003282,0.170092,0.090375,0.000038
AATCCATGCAAGGGTG-1,0.00005,0.272298,0.05846,0.23023,0.269033,0.00005,0.112428,0.033238,0.024212
AATCCCGCTCAGAGCC-1,0.000039,0.000039,0.000039,0.000117,0.000039,0.000039,0.000078,0.000039,0.999572
AATCGAGGTCTCAAGG-1,0.00004,0.00004,0.00004,0.000119,0.00004,0.00004,0.00008,0.113215,0.886387
AATCGCCTCAGCGCCA-1,0.000031,0.20424,0.103517,0.196573,0.331888,0.005304,0.118925,0.000031,0.039492
AATCGCGCAGAGGACT-1,0.00564,0.000232,0.002039,0.203223,0.249555,0.071397,0.467899,0.000007,0.000007
AATCGGGACACTACGA-1,0.000023,0.105247,0.030039,0.583163,0.043793,0.025244,0.168493,0.043974,0.000023
AATCGGTATAGCCCTC-1,0.000043,0.162177,0.000043,0.000128,0.000043,0.000043,0.000085,0.01255,0.824889
AATCGTGAGCCGAGCA-1,0.000031,0.182974,0.005364,0.020312,0.000031,0.000342,0.000062,0.455825,0.33506
AATCTAGGTTTACTTG-1,0.066787,0.030839,0.076627,0.213736,0.107553,0.090899,0.413539,0.000011,0.000011
AATCTATGCCGGAGCC-1,0.000028,0.099976,0.089924,0.599987,0.162792,0.000028,0.010062,0.037175,0.000028
AATCTCTACTGTGGTT-1,0.050501,0.018898,0.075754,0.356859,0.005775,0.05764,0.419849,0.014711,0.000012
AATCTGCGTTGGGACG-1,0.000054,0.539557,0.056064,0.256752,0.125211,0.000054,0.0222,0.000054,0.000054
AATCTGGCTTTCTAGT-1,0.015771,0.380742,0.055101,0.018869,0.113118,0.053038,0.339476,0.000156,0.023729
AATCTGGGTAGACCCT-1,0.013093,0.104154,0.039829,0.600659,0.026517,0.026774,0.168,0.020949,0.000024
AATGACAGCAATGTCT-1,0.033901,0.292328,0.100215,0.029494,0.195433,0.077007,0.258668,0.002161,0.010793
AATGACGTAGGATGTC-1,0.072734,0.009616,0.023915,0.195924,0.496407,0.031664,0.163495,0.006062,0.000184
AATGACTGTCAGCCGG-1,0.000055,0.419034,0.156959,0.091194,0.000055,0.000055,0.000109,0.332487,0.000055
AATGAGTTCGCATATG-1,0.000037,0.149409,0.034315,0.524365,0.27099,0.000037,0.020774,0.000037,0.000037
AATGATGATACGCTAT-1,0.000083,0.526482,0.008282,0.102336,0.046188,0.000083,0.000666,0.234696,0.081184
AATGATGCGACTCCTG-1,0.005927,0.190104,0.086629,0.689337,0.002247,0.000039,0.00008,0.025596,0.000039
AATGCAACCGGGTACC-1,0.000115,0.552116,0.000115,0.220154,0.000115,0.000115,0.000231,0.200069,0.026968
AATGCACCAAGCAATG-1,0.000092,0.583502,0.000092,0.000277,0.000092,0.000092,0.000185,0.415575,0.000092
AATGGCCGCCAATGCG-1,0.00305,0.065278,0.187728,0.64572,0.01767,0.020285,0.043839,0.016409,0.000021
AATGGTCCACCGTTCA-1,0.000099,0.734463,0.000099,0.000296,0.000099,0.000099,0.000197,0.264552,0.000099
AATGGTTCTCACAAGC-1,0.014683,0.008579,0.045878,0.550877,0.016918,0.001601,0.361421,0.000022,0.000022
AATGTATGGCACTGTA-1,0.060232,0.304506,0.029453,0.078415,0.097028,0.067411,0.018845,0.258145,0.085964
AATGTGCCCGAGGTGT-1,0.184455,0.10725,0.031259,0.087826,0.439041,0.020756,0.070073,0.040329,0.01901
AATGTGCTAATCTGAG-1,0.005256,0.471201,0.007408,0.000087,0.00666,0.000029,0.000058,0.217872,0.291427
AATGTTAAGACCCTGA-1,0.00002,0.00002,0.00002,0.000061,0.00002,0.00002,0.000041,0.00002,0.999777
AATGTTGTCGTGAGAC-1,0.78587,0.000006,0.000006,0.093896,0.001617,0.016564,0.102029,0.000006,0.000006
AATTAAAGGTCGGCGT-1,0.000034,0.456743,0.017796,0.223954,0.152944,0.000034,0.129473,0.000034,0.018986
AATTAACGGATTTCCA-1,0.365723,0.012941,0.028242,0.147864,0.012781,0.177773,0.093391,0.005418,0.155867
AATTACGAGACCCATC-1,0.023857,0.010149,0.046863,0.086539,0.028602,0.346431,0.39341,0.038205,0.025944
AATTACTCGTACGCTC-1,0.000047,0.241644,0.416197,0.003215,0.000047,0.000047,0.000094,0.338661,0.000047
AATTAGCGCTGCAGCG-1,0.005187,0.19518,0.070516,0.053576,0.45243,0.069774,0.089792,0.000021,0.063524
AATTATACCCAGCAAG-1,0.000024,0.000024,0.000024,0.000071,0.000024,0.000024,0.000048,0.000097,0.999665
AATTCATAAGGGATCT-1,0.000122,0.668877,0.192654,0.031321,0.000122,0.000122,0.000244,0.106417,0.000122
AATTCATTGTCATGCA-1,0.03851,0.077708,0.057428,0.242243,0.033859,0.273133,0.0441,0.090123,0.142895
AATTCCAACTTGGTGA-1,0.000027,0.375531,0.082261,0.107601,0.222456,0.003272,0.156856,0.045423,0.006573
AATTCCAAGCATGTAC-1,0.064015,0.013913,0.02514,0.021361,0.01903,0.008321,0.023925,0.02315,0.801145
AATTCGATTCGAGGAT-1,0.864369,0.003536,0.004263,0.010513,0.016045,0.001902,0.000232,0.09154,0.007601
AATTCTAGAGTTAGGC-1,0.037684,0.020521,0.007195,0.173227,0.292189,0.016956,0.452099,0.000016,0.000115
AATTGAACGCTCTGGT-1,0.145463,0.065274,0.071685,0.024617,0.169584,0.000078,0.523272,0.000013,0.000013
AATTGCAGCAATCGAC-1,0.087976,0.017957,0.011674,0.044902,0.026707,0.032134,0.018915,0.004949,0.754786
AATTGCGTGGATTACA-1,0.059398,0.491052,0.012175,0.000114,0.007917,0.014943,0.000075,0.193984,0.220342
AATTGTGGTTGCCAAA-1,0.002476,0.449325,0.004089,0.000067,0.000022,0.001422,0.000044,0.15437,0.388185
AATTTGGGACATAGTA-1,0.000041,0.040969,0.041946,0.858089,0.025328,0.000774,0.03277,0.000041,0.000041
AATTTGGTTCCAAAGA-1,0.000045,0.429061,0.122479,0.238781,0.139836,0.000045,0.069663,0.000045,0.000045
ACAAACCATGCGTCCT-1,0.135473,0.254658,0.065329,0.169638,0.168391,0.06536,0.004746,0.093869,0.042538
ACAAACCGACAAGGCG-1,0.000027,0.409776,0.060028,0.285949,0.151544,0.004106,0.088515,0.000027,0.000027
ACAAACTCCATCAGAG-1,0.000054,0.0498,0.000054,0.000163,0.000054,0.000054,0.000109,0.021259,0.928451
ACAAAGAAGGTAGGCC-1,0.006614,0.039191,0.035929,0.451593,0.168222,0.005684,0.292752,0.000008,0.000008
ACAAAGCATGACCTAG-1,0.459953,0.199388,0.015373,0.061001,0.012885,0.052065,0.07555,0.041205,0.082582
ACAAATCGCACCGAAT-1,0.000022,0.455432,0.032103,0.011296,0.358833,0.042534,0.02588,0.000022,0.073878
ACAAATGGTAGTGTTT-1,0.016716,0.074735,0.013825,0.194079,0.156573,0.108835,0.414534,0.020689,0.000014
ACAAATTCAGATCTGA-1,0.005283,0.254511,0.027818,0.699183,0.011863,0.001175,0.000094,0.000037,0.000037
ACAACAGCATGAGCTA-1,0.008313,0.018189,0.039932,0.731635,0.079511,0.016411,0.070909,0.035079,0.000022
ACAACGGTCCCTGCGA-1,0.050515,0.021389,0.02977,0.84297,0.010333,0.006226,0.005112,0.033656,0.000029
ACAAGCAGTGCCTAGC-1,0.000108,0.728814,0.000108,0.000323,0.000108,0.000108,0.000216,0.270108,0.000108
ACAAGCTATATGGAAG-1,0.00002,0.101997,0.203484,0.513781,0.019665,0.048008,0.031034,0.08199,0.00002
ACAAGGAAATCCGCCC-1,0.020409,0.050663,0.010563,0.121229,0.374259,0.11345,0.293156,0.006165,0.010107
ACAAGGACAAGAGGTT-1,0.000089,0.628161,0.000089,0.095225,0.000089,0.000089,0.000178,0.27599,0.000089
ACAAGGATGCTTTAGG-1,0.205263,0.207958,0.034504,0.108309,0.042658,0.085965,0.051303,0.154368,0.109671
ACAAGGCCTACCAGCC-1,0.00308,0.017166,0.116991,0.525411,0.005781,0.044506,0.238988,0.048056,0.000023
ACAAGGGCAGGCTCTG-1,0.03527,0.001042,0.005054,0.256864,0.439611,0.042782,0.188818,0.000005,0.030555
ACAAGTAATTGTAAGG-1,0.000019,0.000019,0.000019,0.000056,0.000019,0.000019,0.000038,0.081362,0.91845
ACAATAGTCGTACGTT-1,0.011511,0.049122,0.035522,0.342214,0.019165,0.046562,0.435611,0.060283,0.00001
ACAATCCATTTAAACC-1,0.096603,0.000013,0.008581,0.782509,0.006051,0.022541,0.063338,0.020351,0.000013
ACAATCGATCTTTATA-1,0.001034,0.002168,0.003824,0.553624,0.120048,0.004949,0.314324,0.000014,0.000014
ACAATGAATACGGAGA-1,0.013123,0.366432,0.066824,0.040579,0.338875,0.035521,0.015488,0.082938,0.04022
ACAATGATTCTTCTAC-1,0.000052,0.360584,0.041888,0.595644,0.001509,0.000052,0.000166,0.000052,0.000052
ACAATTGTGTCTCTTT-1,0.004103,0.395909,0.09307,0.049061,0.044694,0.120954,0.051869,0.240313,0.000027
ACAATTTAGGAGGCTC-1,0.000087,0.613745,0.000087,0.000261,0.000087,0.000087,0.000174,0.365322,0.02015
ACAATTTGAGCAGTGG-1,0.016169,0.075551,0.227198,0.59859,0.021785,0.001587,0.000612,0.058476,0.000031
ACAATTTGGCCATATT-1,0.008699,0.196239,0.051379,0.112507,0.524599,0.038272,0.0145,0.034507,0.019298
ACACAAAGACGGGTGG-1,0.010955,0.721324,0.000078,0.008561,0.000078,0.000078,0.000157,0.23024,0.028527
ACACAAATATTCCTAG-1,0.000063,0.706954,0.061089,0.128506,0.000063,0.000063,0.000126,0.103074,0.000063
ACACACCAGGACCAGT-1,0.023526,0.000258,0.01265,0.310019,0.339173,0.056482,0.24763,0.010257,0.000005
ACACACTTTCTACACG-1,0.000051,0.30659,0.19603,0.2803,0.132273,0.012078,0.015515,0.057111,0.000051
ACACATGATCAAATCT-1,0.029093,0.221112,0.040658,0.276336,0.126347,0.164387,0.06388,0.029764,0.048424
ACACATTGACGCAACA-1,0.003786,0.352616,0.107749,0.089222,0.022452,0.020992,0.219257,0.155177,0.028751
ACACATTTCCGTAGAC-1,0.000046,0.000046,0.000046,0.000137,0.000046,0.000046,0.000091,0.000046,0.999498
ACACCACATAATTAGC-1,0.000023,0.38065,0.033455,0.258572,0.207153,0.000023,0.120077,0.000023,0.000023
ACACCCAGCATGCAGC-1,0.000096,0.470454,0.109337,0.000289,0.000096,0.000096,0.000193,0.419341,0.000096
ACACCCGAGAAATCCG-1,0.000801,0.025667,0.231599,0.574343,0.103448,0.000133,0.063954,0.000028,0.000028
ACACCCGTAAATCTGT-1,0.000053,0.042624,0.085765,0.801165,0.03707,0.008629,0.008121,0.016554,0.000019
ACACCGAGCGCTCTTT-1,0.000024,0.13355,0.198823,0.184937,0.002747,0.041946,0.30595,0.104294,0.027728
ACACCGGTCTGACCGC-1,0.037699,0.127125,0.050646,0.143026,0.131112,0.036492,0.022316,0.154422,0.297162
ACACCTTAAGTAGGGC-1,0.000079,0.354339,0.000079,0.000236,0.000079,0.000079,0.000157,0.644876,0.000079
ACACCTTACTACTTGC-1,0.037912,0.089167,0.169173,0.086068,0.389925,0.025819,0.184811,0.000026,0.017099
ACACGAGACTCCTTCT-1,0.00004,0.079987,0.137489,0.683771,0.073141,0.019292,0.0062,0.00004,0.00004
ACACGGCACTATGCAT-1,0.000028,0.103484,0.036462,0.489807,0.065156,0.003296,0.301712,0.000028,0.000028
ACACGGGAACTTAGGG-1,0.000086,0.812243,0.008661,0.134947,0.000086,0.000086,0.000173,0.04363,0.000086
ACACGTAGGCCACAAG-1,0.055432,0.342194,0.052317,0.209757,0.069292,0.166686,0.028039,0.036137,0.040145
ACACTCCAATGTCACT-1,0.000031,0.07895,0.152729,0.392893,0.027006,0.026641,0.279808,0.041912,0.000031
ACACTGATCAAGGTGT-1,0.004612,0.303079,0.039348,0.069644,0.390636,0.024126,0.101872,0.053066,0.013616
ACACTGGGACAGTCGT-1,0.068251,0.166702,0.064035,0.262949,0.141238,0.098915,0.028023,0.048192,0.121694
ACAGAACTGAGAACAA-1,0.077778,0.001697,0.009206,0.29617,0.117241,0.110935,0.386962,0.000006,0.000006
ACAGATTAGGTTAGTG-1,0.000075,0.559779,0.005184,0.064128,0.346068,0.000075,0.024542,0.000075,0.000075
ACAGCATAGAGCCAGT-1,0.010896,0.094162,0.379039,0.221201,0.063545,0.001584,0.08331,0.11969,0.026575
ACAGCGACATTCTCAT-1,0.000023,0.339824,0.048853,0.002961,0.030716,0.014485,0.049452,0.464256,0.04943
ACAGCGCACCCGCAGC-1,0.000046,0.369247,0.267618,0.241604,0.013822,0.000046,0.107523,0.000046,0.000046
ACAGGAGGCGCAGCCG-1,0.000014,0.153689,0.039573,0.157111,0.155558,0.022074,0.471378,0.000014,0.000588
ACAGGCACGGATCCTT-1,0.092342,0.049711,0.009877,0.004002,0.004858,0.000968,0.000045,0.341788,0.496408
ACAGGCTTGCCCGACT-1,0.19632,0.003731,0.022022,0.433433,0.019478,0.251224,0.073769,0.000012,0.000012
ACAGGTGGAGGTGAGG-1,0.06424,0.082533,0.048568,0.084566,0.346331,0.059349,0.307491,0.003142,0.00378
ACAGGTGTGTTGTTGC-1,0.000017,0.164441,0.115499,0.111745,0.002962,0.003345,0.443882,0.158092,0.000017
ACAGTAATACAACTTG-1,0.051014,0.108675,0.207403,0.173749,0.188101,0.002249,0.145494,0.123299,0.000014
ACAGTATACCGTGGGA-1,0.000101,0.870457,0.000101,0.075678,0.000101,0.000101,0.000202,0.053158,0.000101
ACAGTGCAGCGCATTT-1,0.000032,0.26144,0.207661,0.471591,0.032254,0.000158,0.0268,0.000032,0.000032
ACATAAGTCGTGGTGA-1,0.133697,0.025283,0.022556,0.40244,0.091084,0.221986,0.084594,0.004087,0.014273
ACATAATAAGGCGGTG-1,0.000078,0.646313,0.001091,0.250778,0.000078,0.000078,0.000157,0.101347,0.000078
ACATACAATCAAGCGG-1,0.030269,0.036359,0.032781,0.124043,0.039239,0.050764,0.0183,0.075202,0.593043
ACATCAGCTGGGACGC-1,0.000046,0.449249,0.112461,0.191523,0.000046,0.009122,0.120465,0.117042,0.000046
ACATCCCGGCCATACG-1,0.007103,0.358974,0.051713,0.073984,0.138836,0.159948,0.155466,0.033081,0.020895
ACATCCTGGTAACTGT-1,0.004573,0.111719,0.056406,0.070314,0.341899,0.024037,0.281643,0.109392,0.000016
ACATCGATCGTTTACC-1,0.01062,0.518026,0.030332,0.089124,0.166147,0.010268,0.175451,0.000016,0.000016
ACATCGCAATATTCGG-1,0.000034,0.000034,0.000034,0.000101,0.000034,0.000034,0.000068,0.675749,0.323913
ACATCGGTCAGCCGCG-1,0.000026,0.166337,0.166627,0.225084,0.261983,0.00427,0.150607,0.000026,0.025041
ACATCGTATGCAATGG-1,0.008851,0.00018,0.003351,0.290635,0.296506,0.073787,0.326672,0.000009,0.000009
ACATCGTTAACCTAGT-1,0.000043,0.307953,0.013053,0.33752,0.027224,0.002199,0.221794,0.09017,0.000043
ACATCTCAACGCGTAA-1,0.00002,0.088367,0.015692,0.5924,0.107445,0.010826,0.185209,0.00002,0.00002
ACATGCTTACGGCAGC-1,0.000031,0.01756,0.000031,0.000092,0.000031,0.000031,0.000062,0.140471,0.841692
ACATGGCGCCAAAGTA-1,0.019549,0.190138,0.088222,0.166642,0.395913,0.064798,0.045811,0.009776,0.01915
ACATGGCTCAATTTAG-1,0.000054,0.524085,0.222221,0.054812,0.092695,0.013504,0.071851,0.000054,0.020724
ACATTAGTTTATATCC-1,0.050758,0.005725,0.051202,0.044432,0.025268,0.018164,0.739562,0.042091,0.022799
ACATTCGCGCGGAATA-1,0.000015,0.000015,0.000015,0.000045,0.000015,0.000015,0.00003,0.000015,0.999833
ACATTTGAAACCTAAC-1,0.033233,0.000037,0.000016,0.000047,0.000016,0.000016,0.000031,0.000016,0.966589
ACCAAACACCCAGCGA-1,0.000045,0.50948,0.109555,0.065517,0.000045,0.000045,0.051526,0.263742,0.000045
ACCAAACTAGAAATCC-1,0.000024,0.214824,0.057957,0.195844,0.269424,0.000024,0.261856,0.000024,0.000024
ACCAACACCACACACT-1,0.00008,0.516247,0.045063,0.227845,0.06326,0.00008,0.00016,0.147185,0.00008
ACCAACCGCACTCCAC-1,0.039626,0.000012,0.017095,0.011038,0.003948,0.017272,0.007172,0.088898,0.814939
ACCAACGCTTATTTAT-1,0.016832,0.575187,0.032298,0.003017,0.131202,0.08517,0.11586,0.024741,0.015691
ACCAAGAACGCGTGTC-1,0.000035,0.248558,0.156446,0.479389,0.058462,0.001277,0.055764,0.000035,0.000035
ACCAAGTCATCGGCAG-1,0.403337,0.0052,0.049151,0.026531,0.040142,0.005999,0.000725,0.179283,0.289632
ACCAATATGCAAGTTA-1,0.1787,0.029947,0.012893,0.149472,0.019513,0.275903,0.226319,0.081677,0.025577
ACCACAACTCAGAACA-1,0.000044,0.249092,0.349742,0.338829,0.062077,0.000044,0.000087,0.000044,0.000044
ACCACAAGTTTCTATC-1,0.000066,0.144623,0.178448,0.380783,0.000066,0.000066,0.007909,0.287974,0.000066
ACCACACGGTTGATGG-1,0.000025,0.000025,0.000025,0.000076,0.000025,0.000025,0.00005,0.093664,0.906085
ACCACCAATGTAACAA-1,0.005918,0.184785,0.014057,0.195053,0.46763,0.029219,0.064831,0.030979,0.007528
ACCACCCTCTCTTCTA-1,0.028717,0.373708,0.028731,0.500833,0.022657,0.000054,0.000108,0.045138,0.000054
ACCACGTGCAGCTATA-1,0.006484,0.433457,0.023509,0.016428,0.374995,0.043872,0.047652,0.003144,0.050459
ACCACTGTTCAAGAAG-1,0.013902,0.017961,0.081813,0.348775,0.013809,0.062892,0.408298,0.000015,0.052535
ACCAGACCATAACAAC-1,0.009351,0.064283,0.015933,0.772187,0.074328,0.013811,0.011488,0.038605,0.000015
ACCAGCCCGGTCTTTG-1,0.0147,0.420239,0.029767,0.366848,0.146986,0.00006,0.021295,0.000052,0.000052
ACCAGGAGTGTGATCT-1,0.000029,0.17404,0.044834,0.233722,0.194332,0.005388,0.347596,0.000029,0.000029
ACCAGTGCCCGGTCAA-1,0.000033,0.202999,0.055763,0.640001,0.09209,0.00204,0.007007,0.000033,0.000033
ACCAGTGCGGGAGACG-1,0.006434,0.164815,0.026079,0.200903,0.293441,0.089084,0.186927,0.000018,0.032298
ACCATATCCGCAATAA-1,0.000041,0.512575,0.10244,0.128549,0.218756,0.000041,0.037517,0.000041,0.000041
