Barcode,Topic 1,Topic 2,Topic 3,Topic 4to5,Topic 6,Topic 7to8,Topic 9to10
AAACAAGTATCTCCCA-1,0.293327,0.000016,0.005436,0.045302,0.508268,0.123803,0.023849
AAACAATCTACTAGCA-1,0.000039,0.091688,0.363921,0.112076,0.000039,0.014409,0.41783
AAACACCAATAACTGC-1,0.000015,0.000617,0.007561,0.248189,0.000015,0.501683,0.241918
AAACAGAGCGACTCCT-1,0.169231,0.281655,0.414938,0.00666,0.017651,0.095914,0.013951
AAACAGCTTTCAGAAG-1,0.024904,0.005487,0.583223,0.000062,0.016958,0.003759,0.365607
AAACAGGGTCTATATT-1,0.000021,0.027401,0.058489,0.148702,0.003629,0.149689,0.612069
AAACAGTGTTCCTGGG-1,0.038723,0.001124,0.000016,0.749277,0.036344,0.172975,0.00154
AAACATGGTGAGAGGA-1,0.08296,0.00003,0.275316,0.025367,0.00003,0.214217,0.40208
AAACATTTCCCGGATT-1,0.351163,0.00007,0.000015,0.32298,0.244522,0.080236,0.001013
AAACCACTACACAGAT-1,0.176136,0.122641,0.251051,0.298266,0.001033,0.009474,0.141399
AAACCCGAACGAAATC-1,0.118656,0.112178,0.026585,0.669822,0.011738,0.03487,0.026151
AAACCGGAAATGTTAA-1,0.130201,0.012446,0.055135,0.637495,0.020471,0.132675,0.011578
AAACCGGGTAGGTACC-1,0.023303,0.009393,0.336132,0.02119,0.210536,0.072085,0.327362
AAACCGTTCGTCCAGG-1,0.009172,0.00001,0.00001,0.218623,0.02429,0.746258,0.001637
AAACCTAAGCAGCCGG-1,0.522712,0.074421,0.40255,0.000091,0.000045,0.000091,0.000091
AAACCTCATGAAGTTG-1,0.000038,0.006341,0.462715,0.027863,0.000038,0.015071,0.487932
AAACGAAGAACATACC-1,0.007724,0.032761,0.441462,0.097333,0.000038,0.109096,0.311586
AAACGAAGATGGAGTA-1,0.013905,0.023248,0.838175,0.000115,0.000057,0.000115,0.124385
AAACGACAGTCTTGCC-1,0.283424,0.033667,0.40223,0.26305,0.00247,0.000057,0.015102
AAACGAGACGGTTGAT-1,0.00003,0.436692,0.111139,0.010342,0.010665,0.253498,0.177635
AAACGCCCGAGATCGG-1,0.095304,0.292113,0.43616,0.131807,0.000045,0.00009,0.044479
AAACGCTGGGCACGAC-1,0.136152,0.021174,0.000037,0.810839,0.03159,0.000128,0.00008
AAACGGGCGTACGGGT-1,0.808135,0.000068,0.191355,0.000126,0.000063,0.000126,0.000126
AAACGGTTGCGAACTG-1,0.150767,0.461331,0.05416,0.034781,0.045241,0.204819,0.0489
AAACGTGTTCGCCCTA-1,0.24294,0.05268,0.23949,0.307358,0.00743,0.026302,0.123798
AAACTAACGTGGCGAC-1,0.033851,0.119459,0.060835,0.554862,0.024373,0.115486,0.091134
AAACTCGGTTCGCAAT-1,0.375575,0.071668,0.043594,0.000137,0.237318,0.253491,0.018216
AAACTCGTGATATAAG-1,0.151229,0.478573,0.104403,0.175522,0.000043,0.008096,0.082134
AAACTGCTGGCTCCAA-1,0.082615,0.159701,0.09403,0.135165,0.132194,0.315936,0.080359
AAACTTAATTGCACGC-1,0.000023,0.033784,0.118062,0.100131,0.007462,0.100043,0.640494
AAACTTGCAAACGTAT-1,0.000011,0.000011,0.000011,0.329853,0.000651,0.474751,0.194713
AAAGAATGACCTTAGA-1,0.094092,0.013686,0.89186,0.000103,0.000052,0.000103,0.000103
AAAGAATGTGGACTAA-1,0.173639,0.163702,0.000017,0.626362,0.030553,0.005694,0.000033
AAAGACATGAAGTTTA-1,0.381845,0.006245,0.037858,0.313347,0.148805,0.011208,0.100693
AAAGACCCAAGTCGCG-1,0.001299,0.008723,0.035021,0.201618,0.046257,0.392434,0.314648
AAAGACTGGGCGCTTT-1,0.096906,0.000038,0.879655,0.000077,0.000038,0.000077,0.02321
AAAGCTTGCCTACATA-1,0.456447,0.298063,0.037292,0.012112,0.140397,0.011273,0.044416
AAAGGCCCTATAATAC-1,0.06901,0.178927,0.477422,0.096457,0.000022,0.000044,0.178118
AAAGGCTACGGACCAT-1,0.090572,0.303314,0.087274,0.032776,0.269934,0.155807,0.060323
AAAGGCTCTCGCGCCG-1,0.001248,0.041138,0.000014,0.171237,0.072241,0.662438,0.051684
AAAGGGATGTAGCAAG-1,0.040438,0.225954,0.451208,0.045002,0.051414,0.057914,0.128071
AAAGGGCAGCTTGAAT-1,0.000057,0.03836,0.714686,0.000115,0.000057,0.000302,0.246422
AAAGGTAAGCTGTACC-1,0.033655,0.213929,0.291275,0.165628,0.052699,0.090209,0.152605
AAAGGTCAACGACATG-1,0.143327,0.101988,0.061622,0.591014,0.014873,0.016427,0.070749
AAAGTAGCATTGCTCA-1,0.003109,0.007132,0.02969,0.213787,0.0376,0.32934,0.379343
AAAGTCACTGATGTAA-1,0.00005,0.055583,0.544148,0.065288,0.001449,0.15188,0.181602
AAAGTCGACCCTCAGT-1,0.083978,0.00003,0.642475,0.02796,0.00003,0.000059,0.245469
AAAGTGCCATCAATTA-1,0.127837,0.027193,0.15129,0.53328,0.034788,0.035448,0.090165
AAAGTGTGATTTATCT-1,0.093925,0.018388,0.039293,0.180874,0.097694,0.474032,0.095795
AAAGTTGACTCCCGTA-1,0.053568,0.400056,0.285363,0.034167,0.0118,0.086728,0.128317
AAATAACCATACGGGA-1,0.340835,0.008033,0.339932,0.018919,0.066747,0.188023,0.037511
AAATAAGGTAGTGCCC-1,0.181309,0.14759,0.130078,0.384785,0.012599,0.032847,0.110791
AAATACCTATAAGCAT-1,0.034911,0.210397,0.056198,0.053747,0.028095,0.423348,0.193303
AAATAGCTTAGACTTT-1,0.054534,0.047203,0.097673,0.304981,0.011693,0.368447,0.11547
AAATAGGGTGCTATTG-1,0.408156,0.212784,0.378708,0.000101,0.00005,0.000101,0.000101
AAATCACTCCTAAACG-1,0.225537,0.095431,0.135443,0.514398,0.000695,0.00374,0.024756
AAATCCGATACACGCC-1,0.792169,0.047626,0.014018,0.012618,0.101577,0.0319,0.000092
AAATCGCGGAAGGAGT-1,0.000066,0.003484,0.868858,0.000131,0.000066,0.000131,0.127264
AAATCGTGTACCACAA-1,0.00594,0.314605,0.096242,0.024655,0.086899,0.346903,0.124757
AAATCTAGCCCTGCTA-1,0.337343,0.024428,0.024598,0.149542,0.216841,0.11751,0.129737
AAATCTGCCCGCGTCC-1,0.275141,0.031595,0.088765,0.296194,0.004805,0.000064,0.303437
AAATGACTGATCAAAC-1,0.80633,0.000036,0.000036,0.193414,0.000036,0.000073,0.000073
AAATGATTCGATCAGC-1,0.260805,0.079996,0.145019,0.184892,0.092405,0.131817,0.105067
AAATGCTCGTTACGTT-1,0.00003,0.026816,0.040799,0.010813,0.00003,0.076911,0.8446
AAATGGCATGTCTTGT-1,0.009401,0.024466,0.000397,0.202077,0.055623,0.699024,0.009011
AAATGGCCCGTGCCCT-1,0.000039,0.08984,0.10664,0.068963,0.000039,0.086728,0.647752
AAATGGTCAATGTGCC-1,0.010448,0.062443,0.177021,0.108936,0.17662,0.396164,0.068367
AAATGTGGGTGCTCCT-1,0.008921,0.035757,0.189259,0.269861,0.000032,0.049984,0.446187
AAATTAACGGGTAGCT-1,0.000012,0.001367,0.000012,0.362943,0.001531,0.618243,0.015892
AAATTACACGACTCTG-1,0.000013,0.001622,0.000013,0.271588,0.000013,0.723667,0.003084
AAATTACCTATCGATG-1,0.057413,0.084378,0.247148,0.102369,0.000029,0.356358,0.152305
AAATTCCAGGTCCAAA-1,0.405046,0.03605,0.315384,0.202605,0.000026,0.000051,0.040837
AAATTGATAGTCCTTT-1,0.000026,0.053811,0.123503,0.14922,0.018063,0.450175,0.205202
AAATTGGTGAGAAGCA-1,0.028865,0.201561,0.010602,0.50884,0.012687,0.154856,0.082589
AAATTTACCGAAATCC-1,0.056098,0.046343,0.152437,0.373526,0.188192,0.166349,0.017056
AAATTTGCGGGTGTGG-1,0.000017,0.065406,0.078803,0.075074,0.017412,0.590896,0.17239
AACAACTGGTAGTTGC-1,0.000014,0.004824,0.004827,0.218019,0.026051,0.678271,0.067995
AACAATTACTCTACGC-1,0.000025,0.003146,0.064303,0.22877,0.000063,0.230405,0.473288
AACACACGCTCGCCGC-1,0.33437,0.071794,0.205389,0.022758,0.010776,0.23299,0.121923
AACACGACTGTACTGA-1,0.024646,0.041461,0.049649,0.213433,0.029013,0.389506,0.252293
AACACGAGACGCGGCC-1,0.100139,0.008285,0.26113,0.110442,0.005447,0.122971,0.391586
AACACGCGGCCGCGAA-1,0.000011,0.000011,0.000011,0.290601,0.000011,0.286832,0.422523
AACAGCTGTGTGGCAA-1,0.029993,0.115521,0.102573,0.154214,0.103569,0.411313,0.082816
AACAGGAAATCGAATA-1,0.2167,0.009484,0.191307,0.022242,0.191742,0.279748,0.088777
AACAGGATGGGCCGCG-1,0.011727,0.000027,0.317732,0.172357,0.000027,0.274381,0.223749
AACAGGTAGTATGGAT-1,0.182501,0.041291,0.018569,0.514532,0.030163,0.137942,0.075002
AACATAGCGTGTATCG-1,0.786634,0.014771,0.00003,0.063612,0.12841,0.002788,0.003755
AACATATCAACTGGTG-1,0.006553,0.262746,0.184738,0.131152,0.007833,0.271064,0.135913
AACATCGATACGTCTA-1,0.000038,0.613998,0.164137,0.1034,0.000038,0.000076,0.118313
AACATTGAAGTTGATC-1,0.036082,0.02199,0.08311,0.307379,0.008563,0.202238,0.340639
AACATTGTGACTCGAG-1,0.45044,0.03932,0.048938,0.00974,0.081782,0.290485,0.079296
AACCAAGACTTCTCTG-1,0.000035,0.025334,0.181039,0.018576,0.000035,0.223228,0.551753
AACCAGTATCACTCTT-1,0.000032,0.074187,0.055024,0.529473,0.009591,0.227702,0.10399
AACCATAGGGTTGAAC-1,0.052969,0.010685,0.004463,0.198692,0.026031,0.200905,0.506256
AACCATGGGATCGCTA-1,0.000045,0.036254,0.123306,0.008269,0.000045,0.133499,0.698583
AACCCAGAGACGGAGA-1,0.003781,0.082771,0.129732,0.046019,0.011038,0.292927,0.433732
AACCCATCCCATGATC-1,0.012969,0.067589,0.040532,0.050403,0.011704,0.230845,0.585958
AACCCGACAACCCGTG-1,0.000011,0.108501,0.017155,0.290765,0.000454,0.496861,0.086252
AACCCGAGCAGAATCG-1,0.076024,0.2265,0.021078,0.641608,0.000065,0.002092,0.032633
AACCCGATAGGGCTTC-1,0.028742,0.146651,0.004963,0.698398,0.01861,0.094885,0.007749
AACCCGCTGTATTCCA-1,0.157438,0.008023,0.000025,0.821515,0.008757,0.004194,0.000049
AACCCTACTGTCAATA-1,0.115189,0.15553,0.216211,0.15563,0.039302,0.216231,0.101908
AACCCTGGTGGAACCA-1,0.46935,0.000128,0.000128,0.529755,0.000128,0.000256,0.000256
AACCGAGCTTGGTCAT-1,0.000022,0.040282,0.0538,0.189097,0.000022,0.643075,0.073702
AACCGCTAAGGGATGC-1,0.057864,0.08361,0.093568,0.2222,0.011926,0.458445,0.072387
AACCGTTGTGTTTGCT-1,0.051098,0.000034,0.132309,0.076497,0.212037,0.2672,0.260824
AACCTAAAGCCGTCCG-1,0.163643,0.04398,0.141283,0.339696,0.073039,0.0027,0.23566
AACCTCGCTTTAGCCC-1,0.781554,0.001537,0.206997,0.000082,0.009667,0.000082,0.000082
AACCTGTCACGGAATT-1,0.063901,0.310748,0.018417,0.489263,0.025935,0.008474,0.083263
AACCTTTAAATACGGT-1,0.520436,0.013726,0.305551,0.000065,0.103621,0.036462,0.020139
AACCTTTACGACGTCT-1,0.14373,0.012808,0.496265,0.099844,0.002078,0.124798,0.120476
AACGAAAGTCGTCCCA-1,0.000015,0.000015,0.000015,0.129723,0.000015,0.353408,0.51681
AACGACCTCCTAGCCG-1,0.422599,0.000024,0.000024,0.57723,0.000024,0.000049,0.000049
AACGATAATGCCGTAG-1,0.276586,0.181765,0.527985,0.000084,0.003796,0.006623,0.003161
AACGATAGAAGGGCCG-1,0.000013,0.001996,0.000013,0.274267,0.013577,0.601308,0.108827
AACGATATGTCAACTG-1,0.000027,0.255509,0.05747,0.109019,0.005423,0.412282,0.160269
AACGCATGATCTGGGT-1,0.049866,0.122839,0.190224,0.277853,0.000025,0.176874,0.18232
AACGCGACCTTGGGCG-1,0.04653,0.396142,0.553206,0.000092,0.000046,0.000998,0.002986
AACGCGGTCTCCAGCC-1,0.000023,0.010703,0.052804,0.278965,0.000023,0.531777,0.125704
AACGCTGTTGCTGAAA-1,0.401917,0.039052,0.000067,0.264015,0.017123,0.248096,0.029729
AACGGACGTACGTATA-1,0.324181,0.003025,0.064915,0.156775,0.114344,0.171419,0.165342
AACGGCCATCTCCGGT-1,0.154911,0.099419,0.610411,0.008987,0.000044,0.126138,0.000088
AACGTACTGTGGGTAC-1,0.035029,0.036838,0.012759,0.045664,0.341319,0.41942,0.108971
AACGTAGTCTACCCAT-1,0.102995,0.020998,0.422467,0.025824,0.014758,0.072869,0.340089
AACGTCAGACTAGTGG-1,0.036511,0.000028,0.185977,0.163315,0.046163,0.316506,0.2515
AACGTCGCTGCACTTC-1,0.290586,0.012282,0.000026,0.696975,0.000026,0.000052,0.000052
AACGTGATGAAGGACA-1,0.066655,0.158733,0.742035,0.000125,0.008078,0.003575,0.020799
AACGTGCGAAAGTCTC-1,0.004215,0.084399,0.205702,0.071179,0.005151,0.463648,0.165706
AACGTTCTACCATTGT-1,0.000039,0.003352,0.000039,0.831295,0.00357,0.160639,0.001067
AACTACCCGTTTGTCA-1,0.322642,0.145967,0.179373,0.275112,0.001683,0.003473,0.071749
AACTAGCGTATCGCAC-1,0.016506,0.003735,0.054291,0.208892,0.011879,0.331443,0.373254
AACTAGGCTTGGGTGT-1,0.055762,0.072024,0.010715,0.173728,0.089748,0.414257,0.183766
AACTCAAGTTAATTGC-1,0.030563,0.164001,0.480643,0.055487,0.021452,0.187358,0.060497
AACTCCAGAGCGTGTT-1,0.467332,0.005395,0.193892,0.001888,0.138281,0.095582,0.097629
AACTCCTAATCCCATG-1,0.000043,0.419438,0.294192,0.062707,0.000043,0.149249,0.074329
AACTCGATGGCGCAGT-1,0.002643,0.006855,0.33938,0.108642,0.017011,0.046565,0.478904
AACTCTCAATAGAGCG-1,0.10793,0.178543,0.06332,0.035906,0.042829,0.412456,0.159017
AACTCTCAGTGTGCTC-1,0.170761,0.006524,0.299555,0.020523,0.180199,0.271536,0.050902
AACTGAGGTCAGCGTC-1,0.192395,0.092162,0.239861,0.253451,0.041626,0.066417,0.114087
AACTGAGTTATACTGA-1,0.141683,0.047529,0.099883,0.533404,0.083651,0.043106,0.050745
AACTGATATTAGGCCT-1,0.010225,0.034852,0.406274,0.219412,0.023529,0.25071,0.054998
AACTGGGTCCCGACGT-1,0.003628,0.018542,0.002912,0.025496,0.252209,0.692883,0.00433
AACTGGGTTCGAGCCG-1,0.194705,0.005337,0.054624,0.444485,0.101646,0.122084,0.077119
AACTGGTGTGGGCCTT-1,0.000021,0.000021,0.000021,0.322781,0.000021,0.438281,0.238854
AACTTCTGCGTCTATC-1,0.021515,0.019647,0.271881,0.205901,0.000058,0.000116,0.480882
AACTTGCCCGTATGCA-1,0.03179,0.098325,0.17523,0.012135,0.00006,0.160084,0.522376
AACTTGCGTTCTCGCG-1,0.013958,0.000047,0.269901,0.031993,0.022757,0.09233,0.569014
AACTTTAGCTGCTGAG-1,0.001071,0.002814,0.176597,0.378488,0.000044,0.201977,0.239009
AACTTTCTCGATCATG-1,0.461807,0.020972,0.075445,0.300092,0.014572,0.040933,0.086181
AAGAAAGTTTGATGGG-1,0.140295,0.00001,0.021271,0.483015,0.0025,0.004013,0.348896
AAGAAATCACCAGATT-1,0.480799,0.287329,0.141602,0.02661,0.005047,0.000523,0.05809
AAGAAGGATCAGTTAG-1,0.000018,0.000018,0.14466,0.067059,0.000018,0.156321,0.631907
AAGACATACGTGGTTT-1,0.07472,0.103373,0.000011,0.75371,0.016291,0.031878,0.020017
AAGACCAAATAACTCA-1,0.000025,0.175584,0.13685,0.027153,0.000025,0.028429,0.631933
AAGACCCAACTGAACA-1,0.124803,0.065283,0.072709,0.098365,0.257548,0.25577,0.125522
AAGACTCACGCCCACT-1,0.178903,0.070831,0.040184,0.438308,0.177581,0.003421,0.090773
AAGACTGCAAGCTACT-1,0.000027,0.202478,0.121946,0.04613,0.000027,0.555077,0.074315
AAGAGATGAATCGGTA-1,0.000584,0.003225,0.594215,0.000127,0.025737,0.008141,0.367971
AAGAGCTCTTTATCGG-1,0.007317,0.087016,0.012508,0.2461,0.059259,0.442412,0.145389
AAGAGGATGTACGCGA-1,0.000014,0.000014,0.007991,0.136998,0.000014,0.739934,0.115036
AAGAGGCATGGATCGC-1,0.009626,0.34817,0.156859,0.036607,0.061465,0.225813,0.161461
AAGAGGCCCTTTGGAA-1,0.288399,0.322157,0.15883,0.190779,0.013006,0.003121,0.023708
AAGATGGCACCGGACC-1,0.077019,0.029278,0.171651,0.065691,0.140111,0.37534,0.140909
AAGATTGGCGGAACGT-1,0.006777,0.080292,0.007572,0.211178,0.112171,0.515266,0.066745
AAGCACCCTGCGTATC-1,0.706697,0.000068,0.286171,0.000136,0.004898,0.000136,0.001894
AAGCATACTCTCCTGA-1,0.235628,0.438162,0.074682,0.000058,0.065937,0.126057,0.059476
AAGCCACTTGCAGGTA-1,0.109034,0.009993,0.107802,0.497496,0.137406,0.01558,0.122689
AAGCCGAAGCGGTTTA-1,0.001754,0.154563,0.040856,0.405009,0.009247,0.286758,0.101812
AAGCCGCCGTGAAATC-1,0.081127,0.174401,0.342029,0.073389,0.006605,0.109089,0.21336
AAGCCGCTTTACCTTG-1,0.488568,0.377366,0.043938,0.001068,0.001347,0.000107,0.087605
AAGCCGGAGAGCAGGA-1,0.307608,0.001555,0.186635,0.407912,0.079812,0.007519,0.008959
AAGCGCAGGGCTTTGA-1,0.339046,0.000066,0.000066,0.067255,0.275062,0.318374,0.000131
AAGCGGAGTGCGCGCA-1,0.071784,0.337902,0.315349,0.247851,0.000027,0.000055,0.027032
AAGCGGCGTCATGGGT-1,0.075649,0.293203,0.347767,0.02614,0.078958,0.122764,0.05552
AAGCGTCCCTCATCGA-1,0.000047,0.350635,0.241902,0.029832,0.023776,0.25459,0.099218
AAGCTAGATCGAGTAA-1,0.072577,0.519016,0.163247,0.002116,0.006447,0.136959,0.099637
AAGCTATGGATTGACC-1,0.149422,0.002025,0.037959,0.392205,0.011965,0.013461,0.392963
AAGCTCGTGCCAAGTC-1,0.00353,0.117281,0.077444,0.042932,0.007624,0.561875,0.189315
AAGCTCTTTCATGGTG-1,0.473522,0.216712,0.20037,0.00014,0.033336,0.07578,0.00014
AAGGAGAACTTATAAG-1,0.000017,0.000017,0.002426,0.310056,0.000017,0.551912,0.135555
AAGGAGCGGTTGGTGC-1,0.000026,0.02249,0.030579,0.260302,0.022635,0.610024,0.053944
AAGGATCGATCGCTTG-1,0.000027,0.120853,0.00262,0.492626,0.015901,0.238559,0.129414
AAGGATGAGGGACCTC-1,0.006834,0.135835,0.011769,0.125442,0.0166,0.594773,0.108748
AAGGCAGGCTGTCTCC-1,0.126903,0.083383,0.001202,0.761551,0.009652,0.008807,0.008502
AAGGCGCGTAAAGCTT-1,0.306229,0.000044,0.3161,0.014603,0.122526,0.228392,0.012106
AAGGCTGTGCTCATCG-1,0.000555,0.002495,0.246669,0.214853,0.000028,0.440325,0.095074
AAGGGAACGACTGGCT-1,0.000018,0.004542,0.049813,0.470875,0.000018,0.250035,0.224699
AAGGGACAGATTCTGT-1,0.015957,0.067408,0.039131,0.146086,0.177601,0.458113,0.095704
AAGGGACTATGCATTC-1,0.000013,0.031021,0.0176,0.224308,0.000013,0.675947,0.051098
AAGGGTTAGCCATGCG-1,0.449562,0.000067,0.000067,0.535484,0.000067,0.014618,0.000134
AAGGGTTTGATTTCAG-1,0.285589,0.000068,0.713868,0.000136,0.000068,0.000136,0.000136
AAGGTATCCTAATATA-1,0.093493,0.12486,0.10321,0.004592,0.335774,0.301847,0.036224
AAGGTGATAAACCAGC-1,0.143629,0.149118,0.199468,0.11669,0.017598,0.279411,0.094086
AAGTAGAAGACCGGGT-1,0.000046,0.141525,0.37747,0.03824,0.083677,0.243239,0.115803
AAGTAGTGACGCGAGG-1,0.066937,0.000023,0.015145,0.149978,0.090489,0.557718,0.119709
AAGTCAATTGTCGTCA-1,0.135973,0.385831,0.274047,0.000085,0.101845,0.038481,0.063738
AAGTCTAGTAGCTGCC-1,0.267385,0.105603,0.230107,0.30828,0.001159,0.001485,0.085982
AAGTCTTCTGTGGCCT-1,0.135115,0.00642,0.423542,0.004762,0.089429,0.096742,0.24399
AAGTGACGACCGAATT-1,0.000037,0.084384,0.074789,0.049834,0.000037,0.379215,0.411704
AAGTGAGTCGGGTTTA-1,0.000036,0.437665,0.057434,0.001106,0.004677,0.20517,0.293911
AAGTGCCTTGACTGTA-1,0.040962,0.257699,0.018798,0.233519,0.001603,0.340523,0.106897
AAGTGCGTTAGAATCT-1,0.031697,0.010918,0.561371,0.156223,0.016221,0.057142,0.166428
AAGTGCTTCTCTATTG-1,0.042836,0.128834,0.14193,0.293859,0.017814,0.284122,0.090606
AAGTGTTTGGAGACGG-1,0.639661,0.00796,0.18563,0.000062,0.166563,0.000062,0.000062
AAGTTCACTCCAAGCT-1,0.567165,0.020566,0.067507,0.000069,0.029271,0.282819,0.032603
AAGTTCAGTCTGCGTA-1,0.003187,0.245812,0.079487,0.250373,0.006586,0.24851,0.166044
AAGTTCGGCCAACAGG-1,0.021816,0.011168,0.100439,0.144591,0.016318,0.673802,0.031866
AAGTTGTGATGTTATA-1,0.536416,0.009106,0.095001,0.335324,0.000024,0.002123,0.022006
AAGTTTACTAATGGCA-1,0.000019,0.000019,0.028029,0.404327,0.000019,0.389164,0.178423
AAGTTTATGGGCCCAA-1,0.606754,0.059308,0.333108,0.000237,0.000119,0.000237,0.000237
AATAACAACGCTCGGC-1,0.000016,0.004627,0.055363,0.090886,0.000232,0.605816,0.24306
AATAACACTAGAACAA-1,0.09853,0.001326,0.743791,0.04079,0.002334,0.094156,0.019072
AATAACGTCGCGCCCA-1,0.19678,0.186221,0.000027,0.616437,0.000027,0.000456,0.000053
AATAAGTCCTCGAGAC-1,0.000043,0.261218,0.203292,0.097538,0.000043,0.146326,0.29154
AATAATCTTCGTATCG-1,0.24815,0.044909,0.136409,0.517509,0.000023,0.03284,0.02016
AATACAATGTTTCAGG-1,0.006282,0.000028,0.147962,0.093309,0.000977,0.032118,0.719324
AATACCGGAGGGCTGT-1,0.048671,0.151849,0.20691,0.08013,0.117387,0.254533,0.140519
AATACCTGATGTGAAC-1,0.358991,0.000018,0.000018,0.640875,0.000026,0.000036,0.000036
AATAGAACAGAGTGGC-1,0.000038,0.558247,0.270033,0.000076,0.000038,0.098052,0.073517
AATAGAATCTGTTTCA-1,0.356748,0.093091,0.25351,0.005323,0.025886,0.189535,0.075907
AATAGCAAGCCTCCTG-1,0.489362,0.210965,0.133416,0.050495,0.032339,0.000074,0.08335
AATAGCTACCGCGTGC-1,0.085217,0.031433,0.027513,0.378579,0.016326,0.35875,0.102182
AATAGTCCGTCCCGAC-1,0.001646,0.480366,0.016623,0.046089,0.003996,0.275292,0.175988
AATATCAAGGTCGGAT-1,0.00004,0.039551,0.383248,0.120921,0.00089,0.083532,0.371818
AATATCCTAGCAAACT-1,0.149719,0.000084,0.84961,0.000168,0.000084,0.000168,0.000168
AATATCGAATCAATGC-1,0.039885,0.332703,0.147128,0.397661,0.009554,0.001384,0.071686
AATATCGAGGGTTCTC-1,0.247924,0.004827,0.052558,0.12119,0.025593,0.469125,0.078784
AATATTGGAGTATTGA-1,0.000052,0.038721,0.361741,0.107396,0.007834,0.05309,0.431167
AATCAGGTTTCATTTA-1,0.058969,0.029294,0.101744,0.303954,0.070412,0.329714,0.105914
AATCATGTAAAGACTC-1,0.391424,0.23017,0.214555,0.000058,0.11859,0.005982,0.03922
AATCCAAGGGCCTGAG-1,0.07142,0.069634,0.214418,0.04261,0.088986,0.28242,0.23051
AATCCCGCTCAGAGCC-1,0.243132,0.464567,0.000053,0.208253,0.000053,0.046524,0.037417
AATCGAGGTCTCAAGG-1,0.99963,0.000041,0.000041,0.000082,0.000041,0.000082,0.000082
AATCGCCTCAGCGCCA-1,0.00892,0.199005,0.096554,0.046112,0.138711,0.384655,0.126044
AATCGCGCAGAGGACT-1,0.095952,0.069657,0.00897,0.649476,0.047325,0.078555,0.050064
AATCGGGACACTACGA-1,0.023759,0.007059,0.012841,0.105929,0.004333,0.682225,0.163854
AATCGGTATAGCCCTC-1,0.435035,0.024671,0.000647,0.527928,0.000029,0.000828,0.010862
AATCGTGAGCCGAGCA-1,0.602508,0.031241,0.062319,0.000061,0.135288,0.133783,0.0348
AATCTAGGTTTACTTG-1,0.000034,0.063758,0.173763,0.167772,0.000034,0.132856,0.461783
AATCTATGCCGGAGCC-1,0.01302,0.100024,0.003269,0.282492,0.073508,0.451254,0.076433
AATCTCTACTGTGGTT-1,0.264812,0.000038,0.647827,0.000075,0.000038,0.000075,0.087135
AATCTGCGTTGGGACG-1,0.004683,0.027394,0.110624,0.332241,0.000021,0.436534,0.088503
AATCTGGCTTTCTAGT-1,0.00006,0.020432,0.578598,0.00012,0.00006,0.044646,0.356084
AATCTGGGTAGACCCT-1,0.068502,0.080111,0.193747,0.549843,0.001288,0.082454,0.024056
AATGACAGCAATGTCT-1,0.009555,0.022733,0.016641,0.091466,0.174275,0.498628,0.1867
AATGACGTAGGATGTC-1,0.037667,0.270611,0.065491,0.045692,0.030366,0.439608,0.110565
AATGACTGTCAGCCGG-1,0.003308,0.08,0.340735,0.074018,0.032042,0.362173,0.107724
AATGAGTTCGCATATG-1,0.012971,0.000037,0.135789,0.159281,0.031818,0.0393,0.620804
AATGATGATACGCTAT-1,0.0095,0.259219,0.092409,0.124385,0.053773,0.343715,0.116998
AATGATGCGACTCCTG-1,0.124644,0.000352,0.002885,0.381864,0.280315,0.161031,0.048909
AATGCAACCGGGTACC-1,0.029163,0.15316,0.136474,0.057404,0.047696,0.482865,0.093238
AATGCACCAAGCAATG-1,0.02166,0.122007,0.008573,0.304623,0.029802,0.475383,0.037952
AATGGCCGCCAATGCG-1,0.247813,0.001707,0.068114,0.444246,0.07049,0.125373,0.042256
AATGGTCCACCGTTCA-1,0.000036,0.009567,0.221988,0.136263,0.000036,0.080464,0.551648
AATGGTTCTCACAAGC-1,0.048511,0.020961,0.54426,0.014843,0.000053,0.054961,0.316411
AATGTATGGCACTGTA-1,0.001177,0.063534,0.268977,0.001268,0.079658,0.000274,0.585113
AATGTGCCCGAGGTGT-1,0.000566,0.02811,0.083572,0.019164,0.094857,0.417941,0.35579
AATGTGCTAATCTGAG-1,0.000046,0.167152,0.720382,0.077632,0.000046,0.000091,0.034651
AATGTTAAGACCCTGA-1,0.992561,0.000027,0.000027,0.000053,0.007226,0.000053,0.000053
AATGTTGTCGTGAGAC-1,0.393478,0.378727,0.000022,0.08869,0.132059,0.000044,0.00698
AATTAAAGGTCGGCGT-1,0.196056,0.028435,0.526347,0.000077,0.065267,0.176093,0.007725
AATTAACGGATTTCCA-1,0.334098,0.063287,0.602182,0.000124,0.000062,0.000124,0.000124
AATTACGAGACCCATC-1,0.00005,0.03908,0.305306,0.080306,0.004442,0.004898,0.565918
AATTAGCGCTGCAGCG-1,0.171576,0.003206,0.043371,0.160256,0.017944,0.458555,0.145094
AATTATACCCAGCAAG-1,0.984617,0.004397,0.000035,0.00007,0.010739,0.00007,0.00007
AATTCATAAGGGATCT-1,0.027266,0.042969,0.034113,0.092901,0.124113,0.386142,0.292495
AATTCATTGTCATGCA-1,0.100827,0.108078,0.342735,0.000068,0.209579,0.018167,0.220545
AATTCCAAGCATGTAC-1,0.09075,0.483782,0.058079,0.046085,0.021924,0.219737,0.079643
AATTCGATTCGAGGAT-1,0.388149,0.543181,0.067299,0.000391,0.000196,0.000392,0.000392
AATTCTAGAGTTAGGC-1,0.000309,0.600594,0.337875,0.000121,0.000061,0.009375,0.051664
AATTGAACGCTCTGGT-1,0.157571,0.304059,0.366493,0.000068,0.040038,0.02981,0.101962
AATTGCAGCAATCGAC-1,0.246531,0.104992,0.035716,0.480089,0.005663,0.041549,0.085461
AATTGCGTGGATTACA-1,0.020851,0.015441,0.32177,0.18037,0.038112,0.010847,0.412609
AATTGTGGTTGCCAAA-1,0.37409,0.086673,0.183699,0.258128,0.024705,0.001363,0.071342
AATTTGGGACATAGTA-1,0.067133,0.117418,0.108329,0.175949,0.027706,0.425105,0.07836
AATTTGGTTCCAAAGA-1,0.015819,0.002732,0.152231,0.212242,0.103256,0.452083,0.061637
ACAAACCATGCGTCCT-1,0.227945,0.009043,0.409349,0.077641,0.009759,0.007532,0.258731
ACAAACCGACAAGGCG-1,0.028818,0.072136,0.17788,0.484034,0.050278,0.077645,0.109209
ACAAACTCCATCAGAG-1,0.000016,0.024101,0.000016,0.615215,0.000016,0.356674,0.003963
ACAAAGAAGGTAGGCC-1,0.100152,0.000054,0.899418,0.000108,0.000054,0.000108,0.000108
ACAAAGCATGACCTAG-1,0.469745,0.188296,0.000021,0.084668,0.227936,0.028774,0.00056
ACAAATCGCACCGAAT-1,0.21583,0.008357,0.022959,0.101495,0.103021,0.412118,0.136219
ACAAATGGTAGTGTTT-1,0.04787,0.101981,0.026707,0.027692,0.094183,0.584349,0.117218
ACAAATTCAGATCTGA-1,0.371501,0.101495,0.172841,0.032278,0.169671,0.031166,0.121048
ACAACAGCATGAGCTA-1,0.000028,0.169413,0.119509,0.096462,0.000028,0.347831,0.266729
ACAACGGTCCCTGCGA-1,0.000046,0.009033,0.489438,0.055221,0.000046,0.075849,0.370367
ACAAGCAGTGCCTAGC-1,0.030674,0.002945,0.31207,0.095258,0.006325,0.142495,0.410233
ACAAGGAAATCCGCCC-1,0.214752,0.412106,0.321986,0.000076,0.000038,0.020248,0.030794
ACAAGGACAAGAGGTT-1,0.000024,0.053083,0.142695,0.248727,0.007958,0.395252,0.152262
ACAAGGATGCTTTAGG-1,0.29251,0.160366,0.127645,0.335514,0.053288,0.010323,0.020354
ACAAGGCCTACCAGCC-1,0.156819,0.047182,0.086172,0.565732,0.063227,0.053305,0.027562
ACAAGGGCAGGCTCTG-1,0.48311,0.000423,0.229426,0.000048,0.040824,0.121925,0.124245
ACAATAGTCGTACGTT-1,0.000036,0.000516,0.018062,0.115075,0.000036,0.283705,0.58257
ACAATCCATTTAAACC-1,0.000011,0.000448,0.005399,0.223803,0.000011,0.70706,0.063268
ACAATCGATCTTTATA-1,0.263629,0.090818,0.228961,0.079201,0.005619,0.034018,0.297754
ACAATGAATACGGAGA-1,0.05791,0.025489,0.18816,0.155845,0.079652,0.252921,0.240024
ACAATGATTCTTCTAC-1,0.104194,0.302538,0.010574,0.402844,0.085124,0.032272,0.062453
ACAATTGTGTCTCTTT-1,0.007993,0.208853,0.003468,0.361078,0.034947,0.34109,0.042571
ACAATTTGAGCAGTGG-1,0.104049,0.003727,0.137057,0.120406,0.004328,0.472556,0.157879
ACAATTTGGCCATATT-1,0.322302,0.078338,0.029835,0.312354,0.224725,0.014413,0.018033
ACACAAAGACGGGTGG-1,0.001713,0.045145,0.144458,0.117693,0.032445,0.513098,0.145447
ACACAAATATTCCTAG-1,0.085407,0.405596,0.085304,0.364118,0.001496,0.003546,0.054535
ACACACCAGGACCAGT-1,0.127882,0.112957,0.045608,0.18408,0.159781,0.317828,0.051865
ACACACTTTCTACACG-1,0.000062,0.212799,0.463754,0.000125,0.168003,0.1003,0.054957
ACACATGATCAAATCT-1,0.000022,0.000022,0.070643,0.139112,0.000022,0.346781,0.443398
ACACATTTCCGTAGAC-1,0.83009,0.003077,0.000113,0.000225,0.087023,0.079247,0.000225
ACACCACATAATTAGC-1,0.058715,0.340422,0.00423,0.480588,0.005177,0.043467,0.067402
ACACCCAGCATGCAGC-1,0.000035,0.010947,0.266244,0.289326,0.000035,0.419736,0.013676
ACACCCGAGAAATCCG-1,0.039034,0.001796,0.20908,0.139034,0.008042,0.349433,0.253581
ACACCCGTAAATCTGT-1,0.462237,0.000038,0.196259,0.338271,0.000038,0.000076,0.00308
ACACCGGTCTGACCGC-1,0.000014,0.002211,0.005515,0.252523,0.001851,0.418042,0.319843
ACACCTTAAGTAGGGC-1,0.009352,0.016678,0.035729,0.222394,0.018241,0.489503,0.208102
ACACCTTACTACTTGC-1,0.33259,0.020277,0.123667,0.379019,0.013126,0.053646,0.077674
ACACGAGACTCCTTCT-1,0.00003,0.384603,0.193212,0.049226,0.007344,0.256109,0.109476
ACACGGCACTATGCAT-1,0.137831,0.420982,0.046772,0.000341,0.000171,0.127192,0.266711
ACACGGGAACTTAGGG-1,0.000051,0.264259,0.590011,0.000102,0.000051,0.072404,0.073121
ACACGTAGGCCACAAG-1,0.139589,0.329074,0.008023,0.39308,0.017549,0.052544,0.060142
ACACTCCAATGTCACT-1,0.033673,0.000067,0.78509,0.000135,0.01003,0.000135,0.17087
ACACTGATCAAGGTGT-1,0.006157,0.080513,0.129917,0.064244,0.038153,0.599079,0.081937
ACACTGGGACAGTCGT-1,0.31115,0.011699,0.004614,0.393111,0.243643,0.004101,0.031682
ACAGAACTGAGAACAA-1,0.225653,0.00003,0.493543,0.05907,0.020727,0.026783,0.174194
ACAGATTAGGTTAGTG-1,0.000026,0.012989,0.004264,0.290049,0.017436,0.46215,0.213085
ACAGCATAGAGCCAGT-1,0.031549,0.011664,0.050119,0.096335,0.332867,0.385681,0.091783
ACAGCGACATTCTCAT-1,0.32644,0.008013,0.000574,0.10844,0.423781,0.068895,0.063857
ACAGCGCACCCGCAGC-1,0.051122,0.208629,0.619079,0.092709,0.000062,0.024913,0.003486
ACAGGCACGGATCCTT-1,0.768909,0.015966,0.214849,0.000079,0.00004,0.000079,0.000079
ACAGGCTTGCCCGACT-1,0.058958,0.262809,0.026411,0.236094,0.110743,0.270007,0.034978
ACAGGTGGAGGTGAGG-1,0.002101,0.057691,0.221281,0.10549,0.003264,0.567334,0.042838
ACAGTAATACAACTTG-1,0.000025,0.018047,0.156645,0.08028,0.000025,0.136725,0.608252
ACAGTATACCGTGGGA-1,0.285111,0.087806,0.082972,0.280521,0.157515,0.065645,0.040431
ACAGTGCAGCGCATTT-1,0.093275,0.047517,0.235739,0.544148,0.000026,0.044837,0.034459
ACATAAGTCGTGGTGA-1,0.000037,0.018115,0.479279,0.00528,0.000037,0.002989,0.494263
ACATAATAAGGCGGTG-1,0.028809,0.007634,0.132722,0.080424,0.238656,0.394502,0.117253
ACATACAATCAAGCGG-1,0.93111,0.002139,0.000033,0.000066,0.066522,0.000066,0.000066
ACATCAGCTGGGACGC-1,0.066734,0.00006,0.905623,0.00012,0.00006,0.00012,0.027284
ACATCCCGGCCATACG-1,0.068503,0.334008,0.283011,0.000667,0.118144,0.114272,0.081397
ACATCCTGGTAACTGT-1,0.04417,0.312932,0.037335,0.185968,0.038389,0.278302,0.102904
ACATCGATCGTTTACC-1,0.000048,0.358302,0.566462,0.000097,0.012671,0.047741,0.014678
ACATCGGTCAGCCGCG-1,0.009225,0.031831,0.183605,0.2061,0.018447,0.493836,0.056956
ACATCGTATGCAATGG-1,0.03213,0.616001,0.127986,0.000072,0.031583,0.130607,0.06162
ACATCGTTAACCTAGT-1,0.000031,0.106499,0.063013,0.163289,0.016625,0.580406,0.070137
ACATCTCAACGCGTAA-1,0.085752,0.050113,0.082949,0.227018,0.088087,0.117157,0.348924
ACATGCTTACGGCAGC-1,0.162062,0.000018,0.016816,0.702567,0.006309,0.00052,0.111708
ACATGGCGCCAAAGTA-1,0.031729,0.169606,0.057943,0.19681,0.290169,0.174052,0.07969
ACATTAGTTTATATCC-1,0.057466,0.008989,0.224646,0.061055,0.234557,0.180565,0.232722
ACATTCGCGCGGAATA-1,0.014534,0.004588,0.001655,0.712871,0.100844,0.020112,0.145396
ACATTTGAAACCTAAC-1,0.408905,0.000037,0.000037,0.590834,0.000037,0.000075,0.000075
ACCAAACACCCAGCGA-1,0.127765,0.091899,0.006644,0.369605,0.233646,0.099553,0.070889
ACCAAACTAGAAATCC-1,0.015754,0.111411,0.177031,0.250254,0.018901,0.120918,0.305732
ACCAACACCACACACT-1,0.05143,0.040238,0.150296,0.393192,0.017936,0.215418,0.13149
ACCAACCGCACTCCAC-1,0.73799,0.015457,0.011816,0.099411,0.086844,0.024893,0.02359
ACCAACGCTTATTTAT-1,0.053446,0.061117,0.05801,0.158255,0.291227,0.296145,0.0818
ACCAAGAACGCGTGTC-1,0.028957,0.137048,0.185936,0.017163,0.09362,0.133671,0.403604
ACCAAGTCATCGGCAG-1,0.180017,0.211836,0.02417,0.437276,0.020966,0.027198,0.098537
ACCAATATGCAAGTTA-1,0.282142,0.333961,0.061955,0.01853,0.116902,0.174097,0.012414
ACCACAACTCAGAACA-1,0.021712,0.07591,0.237707,0.049956,0.14703,0.148477,0.319208
ACCACAAGTTTCTATC-1,0.000051,0.268658,0.239758,0.008834,0.015412,0.149114,0.318174
ACCACACGGTTGATGG-1,0.847014,0.152481,0.000069,0.000124,0.000062,0.000124,0.000124
ACCACCAATGTAACAA-1,0.066944,0.019707,0.021584,0.385277,0.002152,0.393526,0.11081
ACCACCCTCTCTTCTA-1,0.059426,0.394577,0.017597,0.451526,0.007632,0.000728,0.068513
ACCACGTGCAGCTATA-1,0.759453,0.00013,0.171765,0.068003,0.00013,0.000259,0.000259
ACCAGACCATAACAAC-1,0.170089,0.000055,0.731633,0.00011,0.000055,0.005553,0.092506
ACCAGCCCGGTCTTTG-1,0.000019,0.000019,0.000019,0.33917,0.028172,0.486328,0.146274
ACCAGGAGTGTGATCT-1,0.017606,0.003156,0.009595,0.174278,0.023565,0.476384,0.295416
ACCAGTGCCCGGTCAA-1,0.079815,0.060241,0.008114,0.389836,0.03526,0.140263,0.28647
ACCAGTGCGGGAGACG-1,0.123181,0.042582,0.125991,0.124646,0.059624,0.3941,0.129876
ACCATATCCGCAATAA-1,0.200256,0.000463,0.126723,0.244361,0.028822,0.341705,0.05767
ACCATCCGCCAACTAG-1,0.000019,0.000019,0.000019,0.076765,0.000019,0.296509,0.62665
ACCATCGTATATGGTA-1,0.112954,0.026288,0.346024,0.000107,0.317079,0.197441,0.000107
ACCCAACGCCCGTGGC-1,0.000026,0.416287,0.0368,0.060883,0.000583,0.370741,0.114681
ACCCACCTACATGCTC-1,0.049506,0.003433,0.412764,0.079606,0.000046,0.07563,0.379015
ACCCATCTTGAGGGTA-1,0.000041,0.04057,0.284206,0.065635,0.111683,0.224567,0.273298
ACCCATTTGTCCCTCT-1,0.268662,0.415293,0.101945,0.106018,0.055838,0.004803,0.047441
ACCCGAGCGAAATTAC-1,0.004327,0.082972,0.027186,0.132815,0.177554,0.513545,0.061602
ACCCGATTGGTTCCGA-1,0.118016,0.071532,0.17882,0.261609,0.066763,0.209072,0.094188
ACCCGGAAACTCCCAG-1,0.440484,0.063083,0.347093,0.000083,0.106975,0.038889,0.003393
ACCCGGAGCACCACAA-1,0.00258,0.098697,0.030349,0.692245,0.002095,0.163739,0.010295
ACCCGGATGACGCATC-1,0.000022,0.123581,0.005526,0.244151,0.001853,0.520201,0.104666
ACCCGGTTACACTTCC-1,0.017963,0.139191,0.467473,0.056968,0.000036,0.281029,0.03734
ACCCGTAGCAGAGAAT-1,0.124981,0.061518,0.27786,0.436249,0.00003,0.000061,0.099302
ACCCGTAGTCTAGTTG-1,0.166486,0.072527,0.039487,0.653941,0.027742,0.010685,0.029131
ACCCGTGTCATCAGTA-1,0.013229,0.470361,0.47497,0.00009,0.01596,0.00009,0.0253
ACCCTATGCCATATCG-1,0.013459,0.019663,0.035751,0.109235,0.197213,0.554606,0.070074
ACCCTCCCGTCAGGGC-1,0.67549,0.101824,0.008066,0.025547,0.171956,0.012588,0.004528
ACCCTCCCTTGCTATT-1,0.167957,0.427446,0.186635,0.000067,0.048003,0.103206,0.066686
ACCCTGGTAACGCCCT-1,0.165043,0.113716,0.232255,0.461311,0.000019,0.003643,0.024013
ACCCTTCATCTGCGAA-1,0.000017,0.000017,0.000017,0.310158,0.000343,0.687603,0.001846
ACCCTTGCCTGGGTCG-1,0.007556,0.268753,0.018131,0.466743,0.043689,0.043057,0.152071
ACCCTTTAGTTCTCCA-1,0.023648,0.006977,0.000143,0.377193,0.088674,0.479014,0.024351
ACCGAAAGGGCCCTGC-1,0.002082,0.051013,0.096312,0.147679,0.004208,0.192229,0.506476
ACCGAAGAGTCTGGTT-1,0.000063,0.089604,0.717479,0.000126,0.000063,0.000126,0.192537
ACCGACACATCTCCCA-1,0.728966,0.000079,0.270405,0.000157,0.000079,0.000157,0.000157
ACCGACTGAGTCCCAC-1,0.003719,0.087462,0.217583,0.115582,0.024695,0.445524,0.105436
ACCGAGTCTCCTTATT-1,0.951056,0.000049,0.000049,0.000099,0.048549,0.000099,0.000099
ACCGATAGGCATAACC-1,0.391835,0.167486,0.131665,0.261837,0.027726,0.000049,0.019402
ACCGATATTTAATCAT-1,0.305301,0.103438,0.101532,0.435423,0.002364,0.000056,0.051887
ACCGATGGTAGCATCG-1,0.029798,0.04121,0.063315,0.117081,0.013138,0.608352,0.127106
ACCGCAATAACTGCCT-1,0.1886,0.076592,0.009038,0.125858,0.151492,0.359283,0.089138
ACCGCGGTGGAAGTCG-1,0.253662,0.395498,0.244307,0.00009,0.011124,0.045811,0.049508
ACCGCTAGTCATTGGT-1,0.297207,0.114686,0.062354,0.360552,0.021404,0.000099,0.143697
ACCGGGCCTTTGTTGA-1,0.211919,0.01526,0.176791,0.185619,0.123989,0.152381,0.134041
ACCGGTCAGGTACACC-1,0.000014,0.000014,0.000014,0.228,0.000014,0.358503,0.413441
ACCGGTCTGAGTACGG-1,0.028732,0.084688,0.078526,0.569735,0.005155,0.203016,0.030148
ACCGTCCACTGGGCCC-1,0.033649,0.00352,0.096059,0.14184,0.111279,0.00631,0.607343
ACCGTTCCCGCTCTGA-1,0.040715,0.007017,0.04877,0.315786,0.069071,0.244253,0.274387
ACCTAAGTACCTTTCA-1,0.057077,0.019105,0.745441,0.00008,0.1164,0.019241,0.042657
ACCTAATCGACTTCCT-1,0.082795,0.000313,0.851751,0.000143,0.000072,0.003891,0.061035
ACCTACAGTATGTGGT-1,0.277244,0.066023,0.015116,0.42487,0.093036,0.081492,0.042219
ACCTACTATAAATCTA-1,0.209952,0.095429,0.060375,0.0522,0.075889,0.292621,0.213535
ACCTCAGCGAGGCGCA-1,0.804235,0.121098,0.022181,0.024907,0.009761,0.017759,0.000059
ACCTCCGCCCTCGCTG-1,0.148753,0.070691,0.005339,0.620729,0.064351,0.041105,0.049033
ACCTCCGTTATTCACC-1,0.238614,0.01776,0.105535,0.519901,0.038953,0.023983,0.055254
ACCTCGAACTTATGCT-1,0.000018,0.007806,0.020113,0.3452,0.000018,0.184415,0.44243
ACCTGCGTGTCATGTT-1,0.067784,0.01081,0.557823,0.098291,0.012831,0.030007,0.222454
ACCTTTCCTTTAGAAG-1,0.004733,0.039125,0.558699,0.093333,0.000058,0.000117,0.303936
ACGAAATGGGCGGCAC-1,0.000028,0.000028,0.003191,0.017798,0.000028,0.361919,0.617009
ACGACCCATGAGTTGC-1,0.156626,0.066924,0.108422,0.427801,0.199096,0.00006,0.04107
ACGACTCTAGGGCCGA-1,0.609489,0.005327,0.000023,0.208974,0.053625,0.059296,0.063265
ACGACTGGTCATACTC-1,0.059728,0.026887,0.073829,0.144238,0.110604,0.525277,0.059437
ACGAGAACCCATCACG-1,0.000776,0.0495,0.666802,0.009505,0.000034,0.000068,0.273315
ACGAGATATTTGCTTA-1,0.046315,0.10311,0.409283,0.190096,0.004638,0.22747,0.019088
ACGAGGATACCACTCT-1,0.000021,0.002956,0.017519,0.274244,0.000021,0.326956,0.378283
ACGAGGTTTACAACGT-1,0.000038,0.041535,0.350337,0.029839,0.000038,0.101826,0.476387
ACGAGTACGGATGCCC-1,0.04553,0.156908,0.192023,0.162655,0.049896,0.140218,0.252769
ACGATACATAGAACTA-1,0.000023,0.13799,0.044532,0.159569,0.139882,0.370793,0.147213
ACGATCATACATAGAG-1,0.000037,0.095825,0.272763,0.129324,0.000037,0.323543,0.17847
ACGATCATCTTGTAAA-1,0.095024,0.043898,0.259651,0.258263,0.010831,0.237943,0.094391
ACGATGCATATGTTAT-1,0.000039,0.190062,0.306197,0.116779,0.031332,0.316426,0.039166
ACGATGGATCCGATGC-1,0.000015,0.007651,0.000015,0.182021,0.008121,0.799958,0.002219
ACGCAAACTAATAGAT-1,0.003092,0.365252,0.05221,0.099121,0.028418,0.21959,0.232318
ACGCAATCACTACAGC-1,0.015792,0.572984,0.088459,0.172047,0.026216,0.070019,0.054483
ACGCATAAATGACATG-1,0.178397,0.122423,0.268411,0.387055,0.006499,0.020594,0.016622
ACGCATACGTTTACTA-1,0.34679,0.437332,0.05109,0.045833,0.040277,0.058499,0.020179
ACGCATTCGTGAGTAC-1,0.000018,0.006669,0.000018,0.155941,0.003759,0.790907,0.042688
ACGCCACTCGAAACAG-1,0.998758,0.000026,0.000026,0.00106,0.000026,0.000052,0.000052
ACGCCAGATGATTTCT-1,0.042481,0.01746,0.279468,0.11931,0.00004,0.512298,0.028943
ACGCCAGTGCGTTTGC-1,0.498494,0.010502,0.000023,0.398865,0.05926,0.031557,0.001299
ACGCCCAGCTGTCGAT-1,0.183539,0.039864,0.096552,0.094457,0.279053,0.137523,0.169012
ACGCCGCTAGACGACC-1,0.384493,0.000125,0.000125,0.411762,0.000125,0.190471,0.012899
ACGCGAAGTCAGACGA-1,0.000023,0.298106,0.006799,0.038206,0.005829,0.5159,0.135138
ACGCGCTACACAGGGT-1,0.083939,0.006276,0.174062,0.000052,0.43049,0.18971,0.115472
ACGCGGGCCAAGGACA-1,0.002191,0.182314,0.200757,0.000071,0.019734,0.230998,0.363935
ACGCTACTGAATGGGC-1,0.000891,0.000016,0.000016,0.998995,0.000016,0.000033,0.000033
ACGCTAGTATCAGTGC-1,0.087476,0.042542,0.023036,0.788621,0.003246,0.017825,0.037254
ACGCTAGTGATACACT-1,0.164729,0.007789,0.103789,0.200977,0.166362,0.158931,0.197423
ACGCTGTGAGGCGTAG-1,0.00053,0.000807,0.131805,0.089269,0.007073,0.104418,0.666097
ACGCTTAGTGTCTCTC-1,0.000015,0.00058,0.000015,0.823725,0.020735,0.143556,0.011376
ACGGAACACGAGTGCC-1,0.969676,0.000035,0.000035,0.030075,0.000035,0.000071,0.000071
ACGGAATTTAGCAAAT-1,0.00116,0.000041,0.526406,0.063341,0.009976,0.108631,0.290446
ACGGACGCAGCGACAA-1,0.000186,0.00001,0.00001,0.934169,0.00081,0.021931,0.042884
ACGGACTCTCAAAGCG-1,0.234167,0.111353,0.09875,0.059827,0.067054,0.260895,0.167955
ACGGAGCGCAAATTAC-1,0.004084,0.327072,0.129665,0.199943,0.003441,0.189244,0.14655
ACGGATGGTGCGGATA-1,0.191729,0.219891,0.040162,0.273218,0.045418,0.098733,0.130848
ACGGCACTTGCTTGGG-1,0.126848,0.172661,0.287269,0.039247,0.01159,0.255414,0.106971
ACGGCCAACATGGACT-1,0.039136,0.499993,0.271427,0.000078,0.006919,0.085178,0.09727
ACGGCGACGATGGGAA-1,0.139421,0.142666,0.018863,0.078057,0.005833,0.589227,0.025932
ACGGCTGGATGTAGAA-1,0.000018,0.007222,0.00162,0.066177,0.000018,0.495699,0.429247
ACGGGAGTGTCGGCCC-1,0.000017,0.000017,0.003959,0.137101,0.000017,0.699127,0.15976
ACGGGCGTATGCGACA-1,0.103348,0.15698,0.19263,0.44839,0.007261,0.031921,0.059469
ACGGGTTGTGACCTGT-1,0.085265,0.031557,0.043244,0.597519,0.000299,0.000046,0.242069
ACGGTACAGTTCAATG-1,0.246228,0.127764,0.000017,0.510539,0.051578,0.063438,0.000436
ACGGTCACCGAGAACA-1,0.127172,0.068883,0.505544,0.152074,0.000028,0.000055,0.146243
ACGTACAGATTTCTCT-1,0.0924,0.015188,0.16013,0.025419,0.397552,0.1687,0.140612
ACGTACTTTGGCACGG-1,0.000022,0.032635,0.010143,0.355492,0.001249,0.510384,0.090074
ACGTAGATTGCTGATG-1,0.000028,0.09859,0.022999,0.350175,0.17128,0.286611,0.070317
ACGTAGGAGAGTCGCT-1,0.614366,0.002377,0.300634,0.000226,0.042327,0.039844,0.000226
ACGTATTACTCCGATC-1,0.000039,0.562391,0.033693,0.01104,0.000039,0.223938,0.16886
ACGTCCTAAACGAGAT-1,0.086937,0.11434,0.496128,0.09813,0.014815,0.00011,0.189541
ACGTCGGGCAACTCGG-1,0.165343,0.012847,0.818139,0.000143,0.000071,0.000143,0.003314
ACGTCTCGTTCCGGGA-1,0.062711,0.00005,0.881762,0.000101,0.00005,0.000101,0.055223
ACGTGACAAAGTAAGT-1,0.223714,0.000032,0.445808,0.000519,0.217815,0.000407,0.111706
ACGTGCGCCTCGTGCA-1,0.000075,0.036456,0.626265,0.040976,0.000075,0.161032,0.135121
ACGTGGTCGAATGTGC-1,0.096973,0.273089,0.152218,0.09203,0.038682,0.000118,0.34689
ACGTTAATGTCGAAGA-1,0.10798,0.014506,0.527671,0.030243,0.000038,0.156014,0.16355
ACGTTAGATTTGCCCG-1,0.085017,0.101997,0.213101,0.000106,0.123593,0.290311,0.185875
ACGTTCACTATGCCGC-1,0.025128,0.01274,0.032044,0.558489,0.00002,0.307998,0.063581
ACGTTCCGCGCTCCGT-1,0.000013,0.000013,0.000013,0.209101,0.000013,0.739801,0.051047
ACGTTCGCAATCAATT-1,0.131898,0.149738,0.128819,0.470565,0.052071,0.033857,0.033052
ACGTTCGTTCAGGAAA-1,0.071098,0.0578,0.255999,0.071204,0.013946,0.422193,0.10776
ACGTTCTGTACAAGTC-1,0.699621,0.000031,0.000031,0.202724,0.080118,0.000526,0.016949
ACGTTGTCGTTGAAAG-1,0.18835,0.056951,0.030799,0.479608,0.079738,0.104892,0.059662
ACGTTTAGTTGTGATC-1,0.000046,0.087086,0.147267,0.044719,0.01023,0.597639,0.113014
ACGTTTCGGTGCACTT-1,0.154812,0.109883,0.14206,0.573215,0.018572,0.00017,0.001288
ACTAAGGACGCACACC-1,0.087951,0.040078,0.002195,0.494873,0.2216,0.102626,0.050678
ACTAATACGTCAGGCG-1,0.150549,0.137448,0.58272,0.101584,0.000069,0.024934,0.002696
