Barcode,Topic 1,Topic 2,Topic 3to4,Topic 5to11
AAACAAGTATCTCCCA-1,0.000019,0.008181,0.026595,0.965205
AAACACCAATAACTGC-1,0.353309,0.00009,0.000179,0.646422
AAACAGCTTTCAGAAG-1,0.131109,0.001673,0.053348,0.813869
AAACAGGGTCTATATT-1,0.318232,0.36963,0.000055,0.312082
AAACAGTGTTCCTGGG-1,0.12549,0.17197,0.660954,0.041587
AAACATGGTGAGAGGA-1,0.514854,0.000023,0.36966,0.115463
AAACATTTCCCGGATT-1,0.0022,0.031803,0.080136,0.885861
AAACCACTACACAGAT-1,0.115778,0.052554,0.083613,0.748054
AAACCCGAACGAAATC-1,0.000019,0.05154,0.011349,0.937092
AAACCGGAAATGTTAA-1,0.337047,0.201892,0.33361,0.127451
AAACCGGGTAGGTACC-1,0.031634,0.04486,0.058413,0.865094
AAACCGTTCGTCCAGG-1,0.015662,0.082133,0.000058,0.902147
AAACCTAAGCAGCCGG-1,0.068576,0.286228,0.022786,0.622409
AAACCTCATGAAGTTG-1,0.078827,0.321894,0.071924,0.527355
AAACGAAGATGGAGTA-1,0.604762,0.00006,0.000119,0.395059
AAACGAGACGGTTGAT-1,0.176945,0.572914,0.00012,0.250021
AAACGCTGGGCACGAC-1,0.094071,0.00001,0.754771,0.151148
AAACGGGCGTACGGGT-1,0.000037,0.548181,0.18349,0.268292
AAACGGTTGCGAACTG-1,0.00735,0.169198,0.101837,0.721616
AAACGTGTTCGCCCTA-1,0.000035,0.663218,0.053967,0.282779
AAACTAACGTGGCGAC-1,0.000236,0.419378,0.088658,0.491728
AAACTCGGTTCGCAAT-1,0.01755,0.20623,0.145802,0.630418
AAACTCGTGATATAAG-1,0.00003,0.305663,0.05635,0.637958
AAACTGCTGGCTCCAA-1,0.00434,0.252163,0.074683,0.668814
AAACTTAATTGCACGC-1,0.728514,0.124112,0.000071,0.147303
AAACTTGCAAACGTAT-1,0.116285,0.000237,0.003312,0.880166
AAAGAATGACCTTAGA-1,0.571809,0.013011,0.164822,0.250358
AAAGAATGTGGACTAA-1,0.000016,0.180394,0.485925,0.333664
AAAGACCCAAGTCGCG-1,0.095727,0.669182,0.049835,0.185256
AAAGACTGGGCGCTTT-1,0.008607,0.180595,0.163296,0.647502
AAAGCTTGCCTACATA-1,0.00234,0.010707,0.173253,0.8137
AAAGGCCCTATAATAC-1,0.258352,0.018884,0.150717,0.572047
AAAGGCTACGGACCAT-1,0.013246,0.199394,0.073165,0.714194
AAAGGCTCTCGCGCCG-1,0.052313,0.488328,0.129763,0.329596
AAAGGGATGTAGCAAG-1,0.000027,0.104604,0.000054,0.895315
AAAGGGCAGCTTGAAT-1,0.068848,0.196912,0.163381,0.570859
AAAGGTAAGCTGTACC-1,0.000293,0.282846,0.000587,0.716274
AAAGTAGCATTGCTCA-1,0.08599,0.056991,0.000068,0.856951
AAAGTCGACCCTCAGT-1,0.050613,0.11098,0.088127,0.750279
AAAGTGCCATCAATTA-1,0.05387,0.02834,0.477317,0.440473
AAAGTGTGATTTATCT-1,0.000052,0.850045,0.000104,0.149799
AAAGTTGACTCCCGTA-1,0.030794,0.002588,0.000064,0.966554
AAATAAGGTAGTGCCC-1,0.000024,0.390773,0.013409,0.595794
AAATACCTATAAGCAT-1,0.000025,0.230708,0.083538,0.685729
AAATAGCTTAGACTTT-1,0.00701,0.138701,0.138255,0.716033
AAATAGGGTGCTATTG-1,0.110677,0.635308,0.037017,0.216997
AAATCCGATACACGCC-1,0.035927,0.117118,0.520117,0.326839
AAATCGCGGAAGGAGT-1,0.339466,0.000102,0.160753,0.499679
AAATCGTGTACCACAA-1,0.011241,0.110763,0.041965,0.836031
AAATCTAGCCCTGCTA-1,0.000014,0.114922,0.005433,0.879631
AAATCTGCCCGCGTCC-1,0.476606,0.000014,0.521532,0.001847
AAATGACTGATCAAAC-1,0.014244,0.007995,0.349417,0.628345
AAATGATTCGATCAGC-1,0.000022,0.087024,0.008029,0.904925
AAATGCTCGTTACGTT-1,0.000039,0.100113,0.021401,0.878447
AAATGGCCCGTGCCCT-1,0.18321,0.133419,0.000095,0.683275
AAATGGTCAATGTGCC-1,0.008216,0.384033,0.072311,0.53544
AAATGTATCTTATCCC-1,0.024741,0.070795,0.102448,0.802016
AAATTAACGGGTAGCT-1,0.000031,0.351604,0.031894,0.616471
AAATTAATAAGCGCGA-1,0.033355,0.270064,0.017398,0.679183
AAATTACCTATCGATG-1,0.082139,0.505521,0.000189,0.412151
AAATTCCAGGTCCAAA-1,0.00002,0.293742,0.039108,0.667129
AAATTGATAGTCCTTT-1,0.276139,0.001603,0.423784,0.298474
AAATTGGTGAGAAGCA-1,0.000019,0.429918,0.049632,0.520432
AAATTTGCGGGTGTGG-1,0.000864,0.000013,0.037253,0.961869
AACAACTGGTAGTTGC-1,0.000037,0.054018,0.000074,0.94587
AACAATACATTGTCGA-1,0.028375,0.042568,0.012025,0.917031
AACAATTACTCTACGC-1,0.073163,0.312646,0.068699,0.545491
AACACACGCTCGCCGC-1,0.000033,0.465214,0.016263,0.51849
AACACGAGACGCGGCC-1,0.08328,0.123519,0.087546,0.705656
AACAGCTGTGTGGCAA-1,0.198674,0.16392,0.002871,0.634535
AACAGGATGGGCCGCG-1,0.030029,0.012923,0.146858,0.810189
AACAGGTAGTATGGAT-1,0.128753,0.043161,0.049561,0.778524
AACATAGCGTGTATCG-1,0.190464,0.22698,0.242973,0.339583
AACATATCAACTGGTG-1,0.000037,0.495333,0.057754,0.446875
AACATCGATACGTCTA-1,0.000025,0.399466,0.027994,0.572515
AACATTGAAGTTGATC-1,0.514608,0.108216,0.000108,0.377068
AACATTGTGACTCGAG-1,0.040202,0.017138,0.171906,0.770753
AACCAAGACTTCTCTG-1,0.046307,0.216604,0.17665,0.560439
AACCATAGGGTTGAAC-1,0.6798,0.160807,0.00012,0.159272
AACCATGGGATCGCTA-1,0.000023,0.073392,0.012445,0.914141
AACCCAGAGACGGAGA-1,0.000012,0.000538,0.000146,0.999304
AACCCATCCCATGATC-1,0.419077,0.05255,0.00016,0.528213
AACCCGACAACCCGTG-1,0.020427,0.195903,0.103334,0.680335
AACCCGAGCAGAATCG-1,0.010227,0.310324,0.244985,0.434463
AACCCGATAGGGCTTC-1,0.063859,0.331553,0.044424,0.560164
AACCCGCTGTATTCCA-1,0.049785,0.000027,0.556318,0.393871
AACCCTACTGTCAATA-1,0.045156,0.193139,0.148708,0.612997
AACCGAGCTTGGTCAT-1,0.012486,0.722043,0.000166,0.265304
AACCGCTAAGGGATGC-1,0.18666,0.317303,0.000067,0.49597
AACCTCGCTTTAGCCC-1,0.042639,0.506021,0.037757,0.413583
AACCTGTCACGGAATT-1,0.000028,0.028383,0.016162,0.955427
AACCTTTAAATACGGT-1,0.057517,0.090408,0.102971,0.749104
AACGAAAGTCGTCCCA-1,0.473518,0.000067,0.000135,0.526281
AACGACCTCCTAGCCG-1,0.019937,0.001998,0.667521,0.310544
AACGATAATGCCGTAG-1,0.000027,0.148368,0.007225,0.844381
AACGATAGAAGGGCCG-1,0.019404,0.776931,0.000125,0.20354
AACGCATGATCTGGGT-1,0.000067,0.481453,0.000134,0.518347
AACGCGAACGGCAACA-1,0.036923,0.769097,0.045655,0.148324
AACGCGACCTTGGGCG-1,0.031843,0.237468,0.208279,0.52241
AACGCGGTCTCCAGCC-1,0.009132,0.535818,0.000151,0.4549
AACGCTGTTGCTGAAA-1,0.00004,0.276722,0.000079,0.723159
AACGGACGTACGTATA-1,0.00006,0.380239,0.000119,0.619583
AACGGCCATCTCCGGT-1,0.083832,0.080312,0.120095,0.71576
AACGTACTGTGGGTAC-1,0.001981,0.033247,0.245268,0.719504
AACGTCAGACTAGTGG-1,0.000033,0.172784,0.000066,0.827116
AACGTCATCCGGCTTG-1,0.031738,0.093671,0.548968,0.325623
AACGTCGCTGCACTTC-1,0.003999,0.125855,0.597043,0.273103
AACGTGCGAAAGTCTC-1,0.000028,0.568502,0.048914,0.382555
AACGTTATCAGCACCT-1,0.042161,0.063853,0.094987,0.798999
AACGTTCTACCATTGT-1,0.048925,0.000014,0.691739,0.259323
AACTACCCGTTTGTCA-1,0.013046,0.260857,0.039731,0.686366
AACTAGGCTTGGGTGT-1,0.000042,0.006453,0.000084,0.993421
AACTCAAGTTAATTGC-1,0.004476,0.115742,0.047028,0.832754
AACTCCAGAGCGTGTT-1,0.000071,0.208804,0.010818,0.780308
AACTCGATGGCGCAGT-1,0.000032,0.136633,0.000065,0.86327
AACTCTCAATAGAGCG-1,0.039285,0.540754,0.000144,0.419817
AACTCTCAGTGTGCTC-1,0.23657,0.080978,0.00005,0.682403
AACTGAGGTCAGCGTC-1,0.123689,0.875885,0.000095,0.000331
AACTGAGTTATACTGA-1,0.052041,0.040007,0.573068,0.334884
AACTGGGTCCCGACGT-1,0.117992,0.770146,0.000126,0.111736
AACTTCTGCGTCTATC-1,0.11012,0.188112,0.014492,0.687276
AACTTGCCCGTATGCA-1,0.013662,0.229842,0.121293,0.635204
AACTTGCGTTCTCGCG-1,0.000032,0.087087,0.038634,0.874247
AACTTTACGGGAGCTT-1,0.056362,0.16514,0.011689,0.766809
AACTTTCTCGATCATG-1,0.060679,0.155915,0.244497,0.53891
AAGAAAGTTTGATGGG-1,0.984878,0.000049,0.01473,0.000343
AAGAAATCACCAGATT-1,0.003468,0.008139,0.341102,0.64729
AAGAAGGATCAGTTAG-1,0.000013,0.000013,0.01163,0.988344
AAGACATACGTGGTTT-1,0.017414,0.050756,0.756966,0.174864
AAGACCAAATAACTCA-1,0.615712,0.14071,0.003395,0.240183
AAGACCCAACTGAACA-1,0.028143,0.072762,0.134832,0.764263
AAGACTGCAAGCTACT-1,0.00002,0.324463,0.023173,0.652344
AAGAGATGAATCGGTA-1,0.007691,0.143976,0.145702,0.70263
AAGAGCTCTTTATCGG-1,0.057303,0.625412,0.000133,0.317152
AAGAGGATGTACGCGA-1,0.012155,0.055391,0.077553,0.8549
AAGAGGCATGGATCGC-1,0.034334,0.698848,0.017918,0.2489
AAGAGGCCCTTTGGAA-1,0.081722,0.007628,0.08563,0.82502
AAGATGGCACCGGACC-1,0.105315,0.134197,0.012598,0.747891
AAGCACCCTGCGTATC-1,0.000025,0.020072,0.014748,0.965154
AAGCATACTCTCCTGA-1,0.00152,0.048969,0.071037,0.878474
AAGCCACTTGCAGGTA-1,0.283674,0.000035,0.510252,0.206039
AAGCCGAAGCGGTTTA-1,0.000032,0.125855,0.008299,0.865815
AAGCCGCCGTGAAATC-1,0.450574,0.012726,0.012697,0.524004
AAGCCGCTTTACCTTG-1,0.000028,0.187846,0.324851,0.487275
AAGCCGGAGAGCAGGA-1,0.037592,0.007092,0.440717,0.514599
AAGCGCAGGGCTTTGA-1,0.045556,0.018643,0.122901,0.812901
AAGCGGAGTGCGCGCA-1,0.000026,0.392663,0.233166,0.374145
AAGCGTCCCTCATCGA-1,0.118169,0.013305,0.039378,0.829147
AAGCTAGATCGAGTAA-1,0.000036,0.056906,0.014718,0.92834
AAGCTATGGATTGACC-1,0.674741,0.195357,0.129621,0.000281
AAGCTCGTGCCAAGTC-1,0.000047,0.239234,0.000093,0.760626
AAGCTCTTTCATGGTG-1,0.104868,0.443754,0.000133,0.451246
AAGGAGCGGTTGGTGC-1,0.000037,0.026812,0.000074,0.973077
AAGGATCGATCGCTTG-1,0.087866,0.220309,0.137275,0.554549
AAGGCAGGCTGTCTCC-1,0.032435,0.000301,0.336818,0.630446
AAGGCGCGTAAAGCTT-1,0.000027,0.046374,0.008308,0.945291
AAGGCTGTGCTCATCG-1,0.074992,0.110761,0.035318,0.77893
AAGGGAACGACTGGCT-1,0.753968,0.238286,0.000064,0.007682
AAGGGACAGATTCTGT-1,0.000125,0.135181,0.00025,0.864444
AAGGGACTATGCATTC-1,0.589263,0.312906,0.000086,0.097745
AAGGGTTAGCCATGCG-1,0.171569,0.028979,0.6003,0.199152
AAGGGTTTGATTTCAG-1,0.612653,0.000022,0.368479,0.018845
AAGGTGATAAACCAGC-1,0.069851,0.583571,0.00595,0.340628
AAGTAGAAGACCGGGT-1,0.011829,0.051861,0.042377,0.893933
AAGTAGTGACGCGAGG-1,0.039577,0.07253,0.419036,0.468857
AAGTCAATTGTCGTCA-1,0.000036,0.036394,0.078819,0.884751
AAGTCTAGTAGCTGCC-1,0.038575,0.030464,0.353587,0.577374
AAGTCTTCTGTGGCCT-1,0.140358,0.000025,0.129111,0.730505
AAGTGACGACCGAATT-1,0.015246,0.077064,0.064763,0.842928
AAGTGAGTCGGGTTTA-1,0.275418,0.26704,0.000063,0.457478
AAGTGCAAAGGTAGAC-1,0.007165,0.075426,0.189365,0.728044
AAGTGCCTTGACTGTA-1,0.040721,0.142397,0.057005,0.759876
AAGTGCGTTAGAATCT-1,0.037223,0.044585,0.000057,0.918135
AAGTGCTTCTCTATTG-1,0.128699,0.046914,0.251826,0.572561
AAGTGTTTGGAGACGG-1,0.010671,0.252435,0.00011,0.736783
AAGTTCACTCCAAGCT-1,0.037883,0.255464,0.079567,0.627087
AAGTTCAGTCTGCGTA-1,0.000059,0.946337,0.000118,0.053486
AAGTTCGGCCAACAGG-1,0.000046,0.011576,0.070198,0.91818
AAGTTGTGATGTTATA-1,0.00002,0.078713,0.365893,0.555374
AAGTTTATGGGCCCAA-1,0.003354,0.066257,0.223932,0.706457
AATAACAACGCTCGGC-1,0.064509,0.0358,0.032895,0.866796
AATAACACTAGAACAA-1,0.122212,0.029082,0.11298,0.735726
AATAACGTCGCGCCCA-1,0.030037,0.048259,0.744063,0.177641
AATAATCTTCGTATCG-1,0.031704,0.360199,0.405596,0.202501
AATACAATGTTTCAGG-1,0.000032,0.315936,0.01775,0.666281
AATACCGGAGGGCTGT-1,0.077246,0.095054,0.12824,0.69946
AATACCTGATGTGAAC-1,0.003649,0.014364,0.434085,0.547902
AATAGAACAGAGTGGC-1,0.011659,0.131106,0.038558,0.818677
AATAGAATCTGTTTCA-1,0.07764,0.210576,0.057825,0.653958
AATAGCAAGCCTCCTG-1,0.06162,0.337886,0.010956,0.589538
AATAGCTACCGCGTGC-1,0.000027,0.021434,0.022632,0.955907
AATAGGCACGACCCTT-1,0.147493,0.000025,0.661639,0.190843
AATAGTCCGTCCCGAC-1,0.000031,0.2301,0.00262,0.767249
AATAGTCGCGAGTCGG-1,0.001202,0.574609,0.083591,0.340597
AATATCAAGGTCGGAT-1,0.05108,0.393502,0.000321,0.555098
AATATCCTAGCAAACT-1,0.090594,0.000054,0.000108,0.909243
AATATCGAATCAATGC-1,0.000029,0.07464,0.058699,0.866633
AATATCGAGGGTTCTC-1,0.000055,0.219945,0.00011,0.77989
AATATTGGAGTATTGA-1,0.248316,0.098914,0.00006,0.65271
AATCAGGTTTCATTTA-1,0.419895,0.371933,0.050987,0.157185
AATCATGTAAAGACTC-1,0.000026,0.117033,0.006786,0.876155
AATCCAAGGGCCTGAG-1,0.03252,0.633936,0.000113,0.333431
AATCCATGCAAGGGTG-1,0.131417,0.598498,0.004663,0.265422
AATCCCGCTCAGAGCC-1,0.423922,0.070613,0.397444,0.108021
AATCGAGGTCTCAAGG-1,0.008316,0.367926,0.471316,0.152442
AATCGCCTCAGCGCCA-1,0.000093,0.463405,0.000186,0.536316
AATCGCGCAGAGGACT-1,0.000023,0.067698,0.084369,0.847911
AATCGGTATAGCCCTC-1,0.024517,0.134423,0.690206,0.150853
AATCGTGAGCCGAGCA-1,0.07961,0.563832,0.124906,0.231652
AATCTAGGTTTACTTG-1,0.494075,0.447036,0.00009,0.058798
AATCTATGCCGGAGCC-1,0.000036,0.391257,0.128749,0.479957
AATCTCTACTGTGGTT-1,0.028952,0.194388,0.181854,0.594806
AATCTGCGTTGGGACG-1,0.292055,0.468345,0.000183,0.239417
AATCTGGCTTTCTAGT-1,0.454834,0.242077,0.000088,0.303001
AATGACAGCAATGTCT-1,0.558908,0.171062,0.000052,0.269978
AATGACGTAGGATGTC-1,0.000052,0.21583,0.001635,0.782483
AATGACTGTCAGCCGG-1,0.000021,0.002533,0.005735,0.991711
AATGAGTTCGCATATG-1,0.000016,0.010863,0.026048,0.963073
AATGATGCGACTCCTG-1,0.000063,0.591284,0.070496,0.338158
AATGCAACCGGGTACC-1,0.000015,0.057557,0.01897,0.923459
AATGGCCGCCAATGCG-1,0.141786,0.478699,0.090709,0.288806
AATGGTCCACCGTTCA-1,0.047344,0.045012,0.438337,0.469307
AATGGTTCTCACAAGC-1,0.000032,0.059485,0.025285,0.915198
AATGTATGGCACTGTA-1,0.751553,0.000051,0.008657,0.239739
AATGTGCCCGAGGTGT-1,0.228108,0.000046,0.003545,0.7683
AATGTGCTAATCTGAG-1,0.187861,0.184608,0.046997,0.580534
AATGTTAAGACCCTGA-1,0.017852,0.528512,0.378359,0.075277
AATGTTGTCGTGAGAC-1,0.063566,0.002707,0.431514,0.502212
AATTAAAGGTCGGCGT-1,0.000019,0.142548,0.076211,0.781222
AATTAACGGATTTCCA-1,0.000035,0.175963,0.000166,0.823836
AATTACGAGACCCATC-1,0.621893,0.000061,0.000123,0.377922
AATTACTCGTACGCTC-1,0.050399,0.3359,0.130105,0.483596
AATTAGCGCTGCAGCG-1,0.00003,0.104678,0.027685,0.867607
AATTATACCCAGCAAG-1,0.0696,0.138061,0.406214,0.386125
AATTCATTGTCATGCA-1,0.722365,0.275964,0.0013,0.00037
AATTCCAAGCATGTAC-1,0.000032,0.076111,0.040807,0.883051
AATTCGATTCGAGGAT-1,0.013138,0.126966,0.133763,0.726133
AATTCTAGAGTTAGGC-1,0.086608,0.145755,0.004929,0.762708
AATTGAACGCTCTGGT-1,0.183073,0.469684,0.000149,0.347094
AATTGCAGCAATCGAC-1,0.000024,0.102047,0.238633,0.659296
AATTGCGTGGATTACA-1,0.706493,0.000066,0.120793,0.172648
AATTGTGGTTGCCAAA-1,0.000525,0.007183,0.753082,0.23921
ACAAACCATGCGTCCT-1,0.542485,0.454767,0.000068,0.00268
ACAAACTCCATCAGAG-1,0.191219,0.000027,0.379359,0.429395
ACAAAGAAGGTAGGCC-1,0.335657,0.21601,0.000046,0.448287
ACAAAGCATGACCTAG-1,0.007532,0.135133,0.255676,0.60166
ACAAATCGCACCGAAT-1,0.000053,0.539427,0.000105,0.460415
ACAAATGGTAGTGTTT-1,0.04274,0.49678,0.06168,0.398799
ACAACAGCATGAGCTA-1,0.000038,0.583591,0.005153,0.411218
ACAACGGTCCCTGCGA-1,0.001052,0.116614,0.241837,0.640496
ACAAGCAGTGCCTAGC-1,0.072298,0.173344,0.138387,0.615972
ACAAGCTATATGGAAG-1,0.041851,0.000025,0.00005,0.958073
ACAAGGAAATCCGCCC-1,0.000018,0.000019,0.007289,0.992675
ACAAGGACAAGAGGTT-1,0.000011,0.161663,0.138938,0.699388
ACAAGGATGCTTTAGG-1,0.207659,0.028011,0.332587,0.431742
ACAAGGGCAGGCTCTG-1,0.000039,0.222079,0.001352,0.77653
ACAAGTAATTGTAAGG-1,0.763822,0.001201,0.234706,0.000271
ACAATAGTCGTACGTT-1,0.003703,0.026761,0.071979,0.897557
ACAATCCATTTAAACC-1,0.024155,0.029117,0.234074,0.712655
ACAATGAATACGGAGA-1,0.124608,0.01374,0.000073,0.86158
ACAATGATTCTTCTAC-1,0.108361,0.890987,0.000145,0.000507
ACAATTGTGTCTCTTT-1,0.011837,0.064487,0.048501,0.875174
ACAATTTAGGAGGCTC-1,0.186816,0.149233,0.116087,0.547864
ACAATTTGAGCAGTGG-1,0.072463,0.292744,0.000182,0.63461
ACAATTTGGCCATATT-1,0.01937,0.025734,0.608461,0.346436
ACACAAAGACGGGTGG-1,0.000021,0.171208,0.018854,0.809917
ACACAAATATTCCTAG-1,0.000026,0.111387,0.268942,0.619646
ACACACCAGGACCAGT-1,0.140491,0.267419,0.008284,0.583807
ACACATGATCAAATCT-1,0.616362,0.066609,0.011706,0.305322
ACACATTGACGCAACA-1,0.047631,0.950238,0.000135,0.001995
ACACATTTCCGTAGAC-1,0.009278,0.105064,0.503541,0.382116
ACACCACATAATTAGC-1,0.000019,0.146249,0.003529,0.850203
ACACCCAGCATGCAGC-1,0.021769,0.115701,0.244331,0.618199
ACACCCGAGAAATCCG-1,0.000025,0.677636,0.011358,0.310981
ACACCCGTAAATCTGT-1,0.25336,0.409856,0.231905,0.104879
ACACCGAGCGCTCTTT-1,0.000041,0.044194,0.00114,0.954625
ACACCGGTCTGACCGC-1,0.885212,0.000063,0.000127,0.114598
ACACCTTAAGTAGGGC-1,0.008035,0.110577,0.006283,0.875106
ACACCTTACTACTTGC-1,0.000026,0.376342,0.013994,0.609637
ACACGAGACTCCTTCT-1,0.017511,0.029693,0.082482,0.870314
ACACGGGAACTTAGGG-1,0.000083,0.49022,0.000167,0.509529
ACACGTAGGCCACAAG-1,0.000023,0.25989,0.233317,0.50677
ACACTCCAATGTCACT-1,0.000032,0.123866,0.067192,0.80891
ACACTGATCAAGGTGT-1,0.011618,0.1027,0.021172,0.864509
ACACTGGGACAGTCGT-1,0.004141,0.001081,0.321539,0.673238
ACAGAACTGAGAACAA-1,0.15522,0.146421,0.000075,0.698284
ACAGCGACATTCTCAT-1,0.021188,0.034966,0.084155,0.859691
ACAGGCACGGATCCTT-1,0.008757,0.000018,0.315864,0.675361
ACAGGCTTGCCCGACT-1,0.165109,0.042745,0.360869,0.431277
ACAGGTGGAGGTGAGG-1,0.033374,0.095666,0.011259,0.859702
ACAGGTGTGTTGTTGC-1,0.136493,0.237113,0.008557,0.617837
ACAGTAATACAACTTG-1,0.142761,0.182654,0.000074,0.674511
ACAGTATACCGTGGGA-1,0.000019,0.062184,0.139157,0.79864
ACATAAGTCGTGGTGA-1,0.447419,0.010987,0.163765,0.377829
ACATAATAAGGCGGTG-1,0.057594,0.661832,0.069453,0.211121
ACATACAATCAAGCGG-1,0.042667,0.013658,0.444751,0.498925
ACATCAGCTGGGACGC-1,0.070074,0.122269,0.024884,0.782773
ACATCCCGGCCATACG-1,0.059304,0.138371,0.000899,0.801426
ACATCCTGGTAACTGT-1,0.003769,0.13632,0.049178,0.810733
ACATCGATCGTTTACC-1,0.000032,0.007323,0.000396,0.992249
ACATCGCAATATTCGG-1,0.643457,0.000043,0.319508,0.036992
ACATCGGTCAGCCGCG-1,0.000019,0.170081,0.018108,0.811792
ACATCGTATGCAATGG-1,0.000081,0.445335,0.000161,0.554423
ACATGCTTACGGCAGC-1,0.99954,0.000046,0.000092,0.000322
ACATGGCGCCAAAGTA-1,0.000025,0.136199,0.016273,0.847503
ACATGGCTCAATTTAG-1,0.000095,0.698583,0.000191,0.301131
ACATTAGTTTATATCC-1,0.034127,0.26232,0.087962,0.615592
ACATTCGCGCGGAATA-1,0.622227,0.089049,0.21872,0.070004
ACATTTGAAACCTAAC-1,0.056817,0.069454,0.523223,0.350506
ACCAAACACCCAGCGA-1,0.000021,0.027429,0.003766,0.968783
ACCAACACCACACACT-1,0.000031,0.214345,0.02295,0.762673
ACCAACCGCACTCCAC-1,0.004417,0.141729,0.188097,0.665757
ACCAACGCTTATTTAT-1,0.001368,0.141799,0.053108,0.803725
ACCAAGAACGCGTGTC-1,0.000029,0.170074,0.011542,0.818355
ACCAAGTCATCGGCAG-1,0.000019,0.12352,0.41211,0.464351
ACCAATATGCAAGTTA-1,0.000052,0.12683,0.000105,0.873013
ACCACAAGTTTCTATC-1,0.056677,0.050967,0.097435,0.794921
ACCACACGGTTGATGG-1,0.000045,0.189443,0.259973,0.55054
ACCACCAATGTAACAA-1,0.027801,0.496546,0.076744,0.398909
ACCACCCTCTCTTCTA-1,0.000017,0.002799,0.131246,0.865938
ACCACGTGCAGCTATA-1,0.011381,0.057546,0.117851,0.813223
ACCACTGTTCAAGAAG-1,0.012203,0.201872,0.000147,0.785778
ACCAGACCATAACAAC-1,0.077217,0.000016,0.127789,0.794978
ACCAGTGCGGGAGACG-1,0.000059,0.24135,0.000118,0.758472
ACCATATCCGCAATAA-1,0.025572,0.195206,0.093303,0.685919
ACCATCCGCCAACTAG-1,0.117852,0.01677,0.056054,0.809324
ACCATCGTATATGGTA-1,0.000025,0.032982,0.030785,0.936208
ACCATTAAGGGTGTCA-1,0.000037,0.043874,0.000305,0.955784
ACCCAACGCCCGTGGC-1,0.127434,0.046536,0.019789,0.806241
ACCCACCTACATGCTC-1,0.04786,0.000698,0.161298,0.790144
ACCCATCTTGAGGGTA-1,0.085716,0.046155,0.045176,0.822953
ACCCATTTGTCCCTCT-1,0.029739,0.119976,0.339492,0.510793
ACCCGAGCGAAATTAC-1,0.389162,0.006617,0.000082,0.604139
ACCCGATTGGTTCCGA-1,0.211047,0.011574,0.364533,0.412846
ACCCGGAAACTCCCAG-1,0.017881,0.328571,0.108973,0.544574
ACCCGGAGCACCACAA-1,0.143331,0.000011,0.808894,0.047763
ACCCGGATGACGCATC-1,0.00003,0.113909,0.00006,0.886001
ACCCGGTTACACTTCC-1,0.000017,0.04178,0.120126,0.838076
ACCCGTAGCAGAGAAT-1,0.999641,0.000036,0.000072,0.000251
ACCCGTAGTCTAGTTG-1,0.081305,0.201406,0.613868,0.103421
ACCCGTGTCATCAGTA-1,0.024687,0.185066,0.094095,0.696152
ACCCTATAGGACTGAG-1,0.000014,0.073305,0.008775,0.917906
ACCCTATGCCATATCG-1,0.062436,0.000037,0.000073,0.937455
ACCCTCCCGTCAGGGC-1,0.00407,0.000482,0.350805,0.644643
ACCCTCCCTTGCTATT-1,0.058621,0.326583,0.089403,0.525394
ACCCTGGTAACGCCCT-1,0.000034,0.060959,0.185705,0.753302
ACCCTTGCCTGGGTCG-1,0.000024,0.044377,0.342031,0.613569
ACCGAAGAGTCTGGTT-1,0.475951,0.000061,0.009028,0.51496
ACCGACACATCTCCCA-1,0.000025,0.230958,0.048789,0.720228
ACCGACTGAGTCCCAC-1,0.000025,0.144733,0.011886,0.843356
ACCGAGTCTCCTTATT-1,0.06025,0.167428,0.278988,0.493334
ACCGATAGGCATAACC-1,0.101113,0.050791,0.612351,0.235745
ACCGATATTTAATCAT-1,0.015101,0.000023,0.55836,0.426517
ACCGATGGTAGCATCG-1,0.034817,0.440557,0.000128,0.524498
ACCGCAATAACTGCCT-1,0.000042,0.628285,0.029168,0.342504
ACCGCGGTGGAAGTCG-1,0.011531,0.182933,0.056747,0.748789
ACCGCTAGTCATTGGT-1,0.22424,0.000024,0.730943,0.044793
ACCGGGCCTTTGTTGA-1,0.000029,0.102706,0.051128,0.846138
ACCGGTCAGGTACACC-1,0.803152,0.097089,0.000087,0.099672
ACCGTCCACTGGGCCC-1,0.878032,0.000028,0.09236,0.029579
ACCGTGACCACGTGGG-1,0.063694,0.000046,0.002319,0.933941
ACCTAAGTACCTTTCA-1,0.153374,0.003559,0.001378,0.841688
ACCTAATCGACTTCCT-1,0.045559,0.344806,0.096395,0.51324
ACCTACAGTATGTGGT-1,0.000028,0.563489,0.013282,0.423202
ACCTACTATAAATCTA-1,0.067595,0.182375,0.159593,0.590437
ACCTCAGCGAGGCGCA-1,0.000019,0.083509,0.473141,0.443332
ACCTCCGCCCTCGCTG-1,0.000027,0.203642,0.297653,0.498678
ACCTCCGTTATTCACC-1,0.039138,0.313581,0.158328,0.488953
ACCTCGAACTTATGCT-1,0.811425,0.115385,0.012568,0.060622
ACCTGCGTGTCATGTT-1,0.114933,0.039903,0.043147,0.802018
ACGAAATGGGCGGCAC-1,0.122823,0.191854,0.052523,0.6328
ACGACCCATGAGTTGC-1,0.069136,0.280339,0.453177,0.197348
ACGACTCTAGGGCCGA-1,0.048955,0.204138,0.388043,0.358864
ACGACTGGTCATACTC-1,0.179059,0.040157,0.027958,0.752825
ACGAGAACCCATCACG-1,0.462438,0.379137,0.000113,0.158312
ACGAGGATACCACTCT-1,0.298186,0.398221,0.004513,0.29908
ACGAGGTTTACAACGT-1,0.70424,0.062412,0.000112,0.233236
ACGAGTACGGATGCCC-1,0.011559,0.096667,0.060597,0.831176
ACGATACCTATCCTGA-1,0.050007,0.000015,0.364121,0.585857
ACGATCATACATAGAG-1,0.003321,0.017098,0.004376,0.975205
ACGATCATCTTGTAAA-1,0.000029,0.137619,0.000059,0.862293
ACGATGCATATGTTAT-1,0.000022,0.05927,0.017023,0.923685
ACGCAAACTAATAGAT-1,0.073597,0.254233,0.0273,0.64487
ACGCAATCACTACAGC-1,0.000044,0.060182,0.01241,0.927363
ACGCATACGTTTACTA-1,0.080465,0.174727,0.106038,0.63877
ACGCATTCGTGAGTAC-1,0.01316,0.161565,0.011299,0.813977
ACGCCACTCGAAACAG-1,0.013221,0.073308,0.410276,0.503195
ACGCCAGTGCGTTTGC-1,0.022072,0.006709,0.525553,0.445667
ACGCCGCTAGACGACC-1,0.051372,0.059685,0.028311,0.860632
ACGCGAAGTCAGACGA-1,0.04885,0.004821,0.026463,0.919867
ACGCGCTACACAGGGT-1,0.051103,0.209926,0.097899,0.641072
ACGCGGGCCAAGGACA-1,0.000027,0.094944,0.000782,0.904247
ACGCGTTTCTTAAGAG-1,0.123866,0.180325,0.041443,0.654365
ACGCTACTGAATGGGC-1,0.02657,0.000018,0.627715,0.345697
ACGCTAGTATCAGTGC-1,0.167652,0.271195,0.324977,0.236176
ACGCTAGTGATACACT-1,0.000065,0.268506,0.000131,0.731298
ACGCTGTGAGGCGTAG-1,0.053331,0.162746,0.029454,0.754469
ACGGAACACGAGTGCC-1,0.00002,0.206809,0.614682,0.17849
ACGGAATTTAGCAAAT-1,0.000027,0.024363,0.078219,0.897391
ACGGACGCAGCGACAA-1,0.99964,0.000036,0.000072,0.000252
ACGGACTCTCAAAGCG-1,0.000024,0.015389,0.030663,0.953924
ACGGAGCGCAAATTAC-1,0.000034,0.361481,0.028086,0.610399
ACGGATGGTGCGGATA-1,0.000045,0.914095,0.007105,0.078754
ACGGCACTTGCTTGGG-1,0.022299,0.209128,0.013312,0.75526
ACGGCCAACATGGACT-1,0.031238,0.239319,0.047487,0.681956
ACGGCGACGATGGGAA-1,0.000033,0.58803,0.024286,0.387652
ACGGCTGGATGTAGAA-1,0.558508,0.178022,0.004792,0.258678
ACGGGAGTGTCGGCCC-1,0.209798,0.000024,0.030335,0.759843
ACGGGCGTATGCGACA-1,0.000014,0.130386,0.093005,0.776595
ACGGGTCATGTGACTT-1,0.000031,0.412593,0.000061,0.587315
ACGGGTTGTGACCTGT-1,0.959672,0.000026,0.040123,0.000179
ACGGTACAGTTCAATG-1,0.000264,0.005695,0.377167,0.616874
ACGGTCACCGAGAACA-1,0.99966,0.000034,0.000068,0.000238
ACGTACTTTGGCACGG-1,0.280871,0.000058,0.000117,0.718954
ACGTAGATTGCTGATG-1,0.00382,0.284542,0.065532,0.646105
ACGTAGGAGAGTCGCT-1,0.030854,0.087084,0.44699,0.435072
ACGTATTACTCCGATC-1,0.000038,0.031027,0.0928,0.876135
ACGTCGGGCAACTCGG-1,0.969882,0.00003,0.007848,0.02224
ACGTCTCGTTCCGGGA-1,0.07509,0.0979,0.000045,0.826966
ACGTGACAAAGTAAGT-1,0.522058,0.138909,0.000151,0.338883
ACGTGCGCCTCGTGCA-1,0.173457,0.542721,0.000268,0.283554
ACGTTAATGTCGAAGA-1,0.000041,0.095168,0.000082,0.904708
ACGTTAGATTTGCCCG-1,0.002475,0.343125,0.020409,0.63399
ACGTTATTGGTCACTC-1,0.010246,0.364214,0.024836,0.600704
ACGTTCACTATGCCGC-1,0.2559,0.00002,0.572176,0.171904
ACGTTCGCAATCAATT-1,0.152936,0.514729,0.139256,0.193079
ACGTTCGTTCAGGAAA-1,0.005069,0.02386,0.00988,0.961191
ACGTTCTGTACAAGTC-1,0.018374,0.010526,0.236413,0.734687
ACGTTGTCGTTGAAAG-1,0.449302,0.000025,0.466004,0.08467
ACGTTTCGGTGCACTT-1,0.054067,0.035746,0.556818,0.353369
ACTAAGGACGCACACC-1,0.010962,0.013327,0.28314,0.692571
ACTACAAAGAGAGGTG-1,0.08541,0.000018,0.422381,0.492191
ACTACATCCCGACAAG-1,0.415052,0.000016,0.462896,0.122036
ACTACCAGCTCTCTGG-1,0.000027,0.180871,0.00071,0.818392
ACTACCATCCGAGGGC-1,0.494183,0.000024,0.409166,0.096627
ACTACGCGTTAGAATT-1,0.040487,0.025107,0.038145,0.896261
ACTAGTTGCGATCGTC-1,0.00003,0.056212,0.000059,0.943699
ACTATATGCTGTGTTC-1,0.127868,0.871533,0.000133,0.000466
ACTATCCAGGGCATGG-1,0.000031,0.238009,0.007153,0.754808
ACTATCGCCGGCTAAA-1,0.000039,0.119472,0.000079,0.88041
ACTATCTGCCCGCGTA-1,0.048963,0.340805,0.337689,0.272543
ACTATGTCCAGCTGCC-1,0.194621,0.000024,0.269153,0.536203
ACTATTTCCGGGCCCA-1,0.018484,0.00003,0.003337,0.978149
ACTCAACGAATGTATT-1,0.150404,0.424909,0.000285,0.424402
ACTCAAGTGCAAGGCT-1,0.138635,0.166465,0.464925,0.229975
ACTCAATAAAGGCACG-1,0.000078,0.316962,0.000156,0.682804
ACTCAGACCTGCTTCT-1,0.082005,0.563348,0.009389,0.345258
ACTCATGGCAGCCTTC-1,0.754995,0.000065,0.026903,0.218038
ACTCCAATATCATCAT-1,0.439593,0.00003,0.149476,0.410901
ACTCCCATTCCTAAAG-1,0.171713,0.151193,0.00007,0.677024
ACTCCCGAATTCGTTT-1,0.008854,0.294501,0.077116,0.619529
ACTCCCGTAGACTAGG-1,0.032356,0.011093,0.02462,0.931931
ACTCCCTAATGCTAAA-1,0.004086,0.000026,0.08763,0.908259
ACTCCCTAGAATAGTA-1,0.000027,0.475771,0.065147,0.459055
ACTCCGGCCGACCACT-1,0.000044,0.312465,0.288993,0.398499
ACTCGATGTATTTCAT-1,0.000042,0.063716,0.043614,0.892627
ACTCGCCGTTCGATAA-1,0.077231,0.106302,0.680967,0.135499
ACTCGCGATCTGACGC-1,0.000664,0.141516,0.403664,0.454156
ACTCGTAACCCGTCCT-1,0.296136,0.226484,0.000055,0.477325
ACTCGTCAGTAATCCC-1,0.000105,0.421655,0.000209,0.578032
ACTCTAAACCTGGGAT-1,0.184116,0.013343,0.011555,0.790987
ACTCTCTGACTTAGGT-1,0.000071,0.223427,0.002469,0.774033
ACTCTGACCTAATAGA-1,0.000526,0.037769,0.315328,0.646377
ACTCTTCAGCTCCCGC-1,0.006607,0.045482,0.67395,0.273961
ACTCTTGTATAGTAAC-1,0.000025,0.176788,0.143144,0.680042
ACTGAAACGCCGTTAG-1,0.000037,0.294086,0.025562,0.680315
ACTGAATGGCGAAAGT-1,0.11792,0.506006,0.003271,0.372803
ACTGCCCGCCATTCTC-1,0.520306,0.000016,0.058368,0.42131
ACTGCGGACACACCGT-1,0.00963,0.29773,0.223419,0.469221
ACTGCTCGGAAGGATG-1,0.242561,0.005802,0.006956,0.744682
ACTGGCGAACCTGCGT-1,0.000029,0.004152,0.2234,0.772419
ACTGGGATGCCAGTGC-1,0.104943,0.004663,0.559604,0.33079
ACTGTACGATACACAT-1,0.365524,0.634151,0.000072,0.000253
ACTGTAGCACTTTGGA-1,0.105551,0.007228,0.079572,0.80765
ACTGTATACGCGAGCA-1,0.023211,0.976441,0.000077,0.000271
ACTGTCCAGGATTATA-1,0.004039,0.277524,0.001509,0.716929
ACTGTCTTCTTTAGAA-1,0.000023,0.050451,0.007019,0.942507
ACTGTGCTAGTAGATC-1,0.000027,0.029711,0.057317,0.912945
ACTTACGCATCCACGC-1,0.000035,0.625338,0.000071,0.374556
ACTTAGTACGACAAGA-1,0.025375,0.34918,0.017562,0.607883
ACTTATACTTACCCGG-1,0.101507,0.467187,0.011641,0.419664
ACTTATTAGGATCGGT-1,0.057874,0.057986,0.01435,0.86979
ACTTATTTATGTGCCA-1,0.101866,0.289787,0.046005,0.562342
ACTTCAGGCTGATCCC-1,0.000066,0.366968,0.000132,0.632833
ACTTCCAGTGGAAGCT-1,0.535713,0.070785,0.009383,0.384119
ACTTCCATGCGGGACA-1,0.080126,0.280444,0.134056,0.505373
ACTTCGCCATACGCAC-1,0.022477,0.595452,0.000223,0.381848
ACTTCGCTAGCGAGTG-1,0.032457,0.000173,0.588627,0.378742
ACTTGACTCCCTCTTT-1,0.013888,0.080633,0.198717,0.706762
ACTTGCTCTATCTACC-1,0.960374,0.010681,0.028747,0.000197
ACTTGGGACCCGGTGG-1,0.000031,0.049678,0.065148,0.885143
ACTTGGGCTTTCGCCA-1,0.000019,0.000019,0.462532,0.53743
ACTTGTAGTCCCTTCA-1,0.148559,0.079749,0.00008,0.771613
ACTTGTGGATGGAACG-1,0.000036,0.392092,0.057822,0.55005
ACTTGTTACCGGATCA-1,0.087192,0.133308,0.334074,0.445426
ACTTTACCCTCATGAA-1,0.001102,0.335589,0.075818,0.587492
ACTTTATACACCACTT-1,0.901492,0.000035,0.098227,0.000246
ACTTTCCTATAGCTTC-1,0.000037,0.40292,0.106978,0.490065
ACTTTGACTGCATCCT-1,0.055364,0.170007,0.207077,0.567552
ACTTTGGTCGTGCTCC-1,0.597372,0.000099,0.000202,0.402327
ACTTTGTCGACGCACT-1,0.161759,0.313571,0.506518,0.018152
AGAAATTATGACTCGC-1,0.010014,0.138878,0.478384,0.372723
AGAACACGGCGATGGT-1,0.919985,0.038375,0.032241,0.0094
AGAACCCAGCGTGACA-1,0.015119,0.094078,0.474481,0.416322
AGAACCCTCAATTGGG-1,0.712282,0.220929,0.000049,0.06674
AGAACGTGGTACATTC-1,0.000094,0.420815,0.000188,0.578903
AGAACTGTACTTTGTA-1,0.002106,0.095636,0.373021,0.529237
AGAAGAGCGCCGTTCC-1,0.546524,0.001443,0.002886,0.449146
AGAAGGTACACTTCAC-1,0.399783,0.038081,0.000145,0.561991
AGAAGGTTGCCGAATT-1,0.126858,0.366798,0.117054,0.38929
AGAAGGTTGTAGGTCG-1,0.000089,0.28027,0.052,0.667641
AGAAGTGATTCGTGAT-1,0.057103,0.085127,0.000074,0.857696
AGAATAAATCTTCAGG-1,0.10604,0.322142,0.237612,0.334205
AGAATACAGGCTATCC-1,0.011107,0.071157,0.557982,0.359754
AGAATGCGGGTTCGGA-1,0.017157,0.818017,0.000151,0.164675
AGAATTATGGATTCGA-1,0.010546,0.153451,0.093131,0.742871
AGAATTGTTTGACATA-1,0.000433,0.185932,0.105105,0.70853
AGACAGCTCAGAATCC-1,0.073878,0.127373,0.124822,0.673926
AGACAGGCATCTCAGC-1,0.073602,0.013908,0.481059,0.431431
AGACCAAACCACACCT-1,0.247402,0.024182,0.00011,0.728305
AGACCATGGGATACAA-1,0.004196,0.030801,0.027679,0.937323
AGACCCACCGCTGATC-1,0.000484,0.452429,0.02316,0.523926
AGACCCGCCCTCCTCG-1,0.087053,0.00198,0.249106,0.661861
AGACCGCTCCGCGGTT-1,0.048121,0.155638,0.143839,0.652402
AGACCGGGAAACCCTG-1,0.068382,0.12256,0.099187,0.70987
AGACGAAGTGCCGGTC-1,0.003152,0.127291,0.027927,0.84163
AGACGACGATGCCGCT-1,0.216286,0.018206,0.000049,0.765459
AGACGCCCACTTCGCC-1,0.064694,0.000028,0.661253,0.274026
AGACTAGCCTTCCAGA-1,0.080282,0.205231,0.02986,0.684627
AGACTGTTACCGGGTC-1,0.018706,0.133781,0.168474,0.679039
AGAGAAACACCAGAAA-1,0.179694,0.000719,0.005484,0.814103
AGAGAAGGAGTACAAT-1,0.099444,0.000031,0.043425,0.8571
AGAGATCTCTAAAGCG-1,0.043443,0.004168,0.007398,0.94499
AGAGCAGTTATGAGAC-1,0.017471,0.236296,0.108426,0.637808
AGAGCCGCCGAGATTT-1,0.012852,0.125582,0.254303,0.607262
AGAGCGCTTGTAACGG-1,0.068184,0.323138,0.272511,0.336167
AGAGCGTACAAGCTCG-1,0.125964,0.041454,0.006423,0.82616
AGAGCTACGAAAGCAT-1,0.029763,0.158333,0.088504,0.7234
AGAGGCTTCGGAAACC-1,0.000013,0.090375,0.00731,0.902301
AGAGGGACAATTGTCC-1,0.053507,0.374843,0.254542,0.317107
AGAGTAAACTTCACTA-1,0.030662,0.383104,0.105053,0.481181
AGAGTATAGTGTTACG-1,0.051261,0.236433,0.11199,0.600317
AGAGTCTTAATGAAAG-1,0.061588,0.000021,0.603043,0.335348
AGAGTGAACAGACACC-1,0.190204,0.401353,0.138842,0.269601
AGAGTTGCAGGCCTCC-1,0.000027,0.000027,0.140684,0.859262
AGATAACTTCAGGGCC-1,0.018734,0.195529,0.150987,0.634749
AGATAATCACACCTAT-1,0.651919,0.022532,0.27575,0.049798
AGATACCAATAGAACC-1,0.05844,0.003629,0.306789,0.631143
AGATACCAGCACTTCA-1,0.00003,0.046893,0.026167,0.92691
AGATACCGGTGTTCAC-1,0.00002,0.425288,0.062712,0.51198
AGATACGACTTCATAT-1,0.000039,0.365767,0.000078,0.634116
AGATACTCAAGATCGA-1,0.14911,0.805298,0.002951,0.042641
AGATATAATACGACTA-1,0.029371,0.536227,0.1528,0.281602
AGATCGTGCATAAGAT-1,0.000126,0.409151,0.000251,0.590472
AGATCTCAGGTGTGAT-1,0.113515,0.652912,0.000201,0.233372
AGATCTGGAGAGGATA-1,0.902681,0.000044,0.037024,0.060251
AGATGACTCGCCCACG-1,0.000022,0.000022,0.000639,0.999317
AGATGATGGAGTCTGG-1,0.000034,0.271672,0.001555,0.726739
AGATGCAAGACGTGCA-1,0.365011,0.14638,0.000125,0.488484
AGATGCATCCTGTGTC-1,0.434688,0.000032,0.052884,0.512397
AGATGCTATAACGAGC-1,0.020877,0.44648,0.184414,0.348229
AGATTATAGGACGTTT-1,0.01505,0.021656,0.000083,0.963211
AGATTCACAACCGATA-1,0.430488,0.089563,0.000091,0.479857
AGCAAAGGCCGCTAGT-1,0.031029,0.212581,0.13189,0.624499
AGCAACATATCTTATT-1,0.050812,0.369075,0.000129,0.579984
AGCAACCGAAAGTAAT-1,0.664544,0.231703,0.000042,0.10371
AGCACACGTTTAGACT-1,0.227869,0.048758,0.139584,0.58379
AGCACCAGTACTCACG-1,0.000016,0.000016,0.002872,0.997095
AGCACTACCGGCCTGT-1,0.015145,0.062945,0.063201,0.858708
AGCACTACCTCACCAG-1,0.036051,0.476714,0.02179,0.465445
AGCACTTAAGGACGCC-1,0.00057,0.289986,0.140304,0.569141
AGCAGAAGGAGAAAGA-1,0.185941,0.040928,0.093394,0.679736
AGCAGCCAGATGAATA-1,0.059207,0.192168,0.006146,0.74248
AGCAGTCGAAGCATGC-1,0.090359,0.153359,0.374967,0.381316
AGCATATCAATATGCT-1,0.018501,0.07614,0.112321,0.793038
AGCATCATTTCGAAAG-1,0.293662,0.155909,0.000151,0.550279
AGCATCGTCGATAATT-1,0.00003,0.37197,0.000059,0.627941
AGCATTACGAGGCAAG-1,0.00003,0.050964,0.280133,0.668873
AGCCAAGCTTTGTGTC-1,0.038128,0.205092,0.078733,0.678047
AGCCACAGGTTACCCG-1,0.158134,0.422284,0.226025,0.193556
AGCCATATAGTATGTG-1,0.015829,0.171148,0.390536,0.422488
AGCCCATACATGTAAG-1,0.090089,0.279515,0.015957,0.61444
AGCCCGCAACAAGCAG-1,0.006505,0.006049,0.167125,0.820321
AGCCCGCACTACAATG-1,0.047524,0.006699,0.590462,0.355315
AGCCCGGCATTAGAGG-1,0.266582,0.07127,0.001528,0.660619
AGCCCGGTAGCCTGTA-1,0.000021,0.010546,0.159539,0.829894
AGCCCTCCCTGGTGGC-1,0.554077,0.000068,0.000135,0.44572
AGCCCTGTCGCACCGT-1,0.031764,0.053216,0.476581,0.438439
AGCCCTTCTAATCCGA-1,0.000075,0.937817,0.000149,0.061959
AGCCCTTGGACATCCC-1,0.064552,0.009291,0.736675,0.189482
AGCCGCAAATTCAAAT-1,0.064289,0.002225,0.113919,0.819567
AGCCGCTTGATTAGCG-1,0.000017,0.000017,0.005066,0.9949
AGCCGTGGCTAAATGT-1,0.351557,0.48843,0.000049,0.159964
AGCCTAATACCCACGT-1,0.34645,0.000023,0.014867,0.638659
AGCCTTAAAGCGGAAG-1,0.000029,0.269392,0.077502,0.653076
AGCCTTGTCACTGATA-1,0.808924,0.123724,0.060429,0.006923
AGCGACAGGAACGGTC-1,0.055817,0.032156,0.019347,0.892679
AGCGACATCCCATTCA-1,0.090881,0.471392,0.000196,0.437531
AGCGACCAACGATATT-1,0.00003,0.177232,0.00006,0.822678
AGCGACTTTGAAGACA-1,0.075205,0.002492,0.538846,0.383458
AGCGAGACGTGAAGGC-1,0.590647,0.000023,0.264024,0.145305
AGCGATGCGCCTAATA-1,0.046485,0.117688,0.335065,0.500762
AGCGCATAATGAATCG-1,0.000019,0.042634,0.041001,0.916346
AGCGCTAGAGCGATGT-1,0.021258,0.051677,0.715494,0.211571
AGCGGACACTTCGTAG-1,0.093622,0.13993,0.040725,0.725723
AGCGGCGGTTAGCGGT-1,0.321974,0.021306,0.009371,0.647349
AGCGGGAAGGGTCCAT-1,0.008816,0.049216,0.000093,0.941875
AGCGGGTCTGACACTC-1,0.030564,0.034993,0.06588,0.868564
AGCGGTTGCCGCTCTG-1,0.00003,0.157124,0.018483,0.824363
AGCGTACGAGAGCTAG-1,0.063062,0.607507,0.000153,0.329278
AGCGTGGTATTCTACT-1,0.000047,0.113489,0.000093,0.886372
AGCTAACAAGCAATGT-1,0.195015,0.055351,0.051932,0.697703
AGCTAAGCTCCGTCCG-1,0.309986,0.000019,0.497486,0.192509
AGCTAAGTACGCAGGC-1,0.058104,0.10137,0.329242,0.511284
AGCTACGAATGGTGGT-1,0.000023,0.000023,0.5979,0.402055
AGCTAGAAGCAGAAGT-1,0.054366,0.644786,0.000209,0.300639
AGCTCCATATATGTTC-1,0.000028,0.156173,0.119714,0.724086
AGCTCCTTCGCACATC-1,0.044989,0.241405,0.124249,0.589357
AGCTCGTTGATGGAAA-1,0.004471,0.134645,0.064435,0.796449
AGCTCTAGACGTTCCA-1,0.000045,0.051607,0.00009,0.948258
AGCTCTTCGTAACCTT-1,0.000022,0.39442,0.056479,0.549079
AGCTCTTTACTCAGTT-1,0.000019,0.169909,0.080721,0.749351
AGCTGTAACCTCAATC-1,0.414109,0.000067,0.000134,0.585689
AGCTTCTTCTCGAGCA-1,0.005409,0.073786,0.406836,0.513969
AGCTTGATCAGGGTAG-1,0.559036,0.000015,0.428214,0.012735
AGCTTGATCTTAACTT-1,0.018654,0.220829,0.030117,0.7304
AGGAACGAACGACTTC-1,0.027762,0.033083,0.631968,0.307187
AGGAAGCTGTCCGCCG-1,0.00004,0.118633,0.00008,0.881247
AGGACAGTCGAATCCC-1,0.107348,0.682796,0.000177,0.209679
AGGACATCGCACGTCG-1,0.000024,0.000998,0.038697,0.960281
AGGACATCGGCACACT-1,0.041022,0.055713,0.630757,0.272508
AGGACGACCCATTAGA-1,0.000021,0.014907,0.070689,0.914383
AGGACGCTCGATGTTG-1,0.000196,0.391742,0.000391,0.607671
AGGACTTATAGGAGAA-1,0.000057,0.060808,0.00695,0.932185
AGGAGACATCCACAGT-1,0.03588,0.246463,0.255776,0.461881
AGGAGAGTCTGGCTAC-1,0.022521,0.495819,0.458631,0.023029
AGGAGCGTTTATTATC-1,0.173447,0.082248,0.69186,0.052445
AGGAGGCCTTCGCGCG-1,0.000033,0.025449,0.008916,0.965602
AGGATAAAGTCGGGAT-1,0.000035,0.067365,0.053647,0.878953
AGGATATAGGGATTTA-1,0.026242,0.285727,0.005,0.683031
AGGATATCCGACTGCA-1,0.085697,0.094662,0.512436,0.307205
AGGATCACGCGATCTG-1,0.336434,0.232916,0.000079,0.43057
AGGATTGCTTACGACA-1,0.000029,0.383259,0.070095,0.546616
AGGCACGTGACTGTCC-1,0.026996,0.095687,0.436728,0.440589
AGGCAGGGAGCGTACT-1,0.010114,0.044385,0.032241,0.913259
AGGCATTGTCGTAGGG-1,0.00003,0.121011,0.000059,0.8789
AGGCCACATTGGTTAC-1,0.019266,0.051113,0.519314,0.410307
AGGCCACCCGTTATGA-1,0.033886,0.000387,0.057404,0.908323
AGGCCCAGTGACTGGT-1,0.301965,0.49293,0.000132,0.204973
AGGCCCATTGTACAGG-1,0.194482,0.743485,0.000044,0.06199
AGGCCCTAGAACGCCA-1,0.069277,0.010251,0.006275,0.914197
AGGCCTATCATACCAA-1,0.060137,0.00002,0.557457,0.382387
AGGCCTGAGAATCTCG-1,0.039561,0.157406,0.230938,0.572095
AGGCGATAACTGGCGT-1,0.04521,0.266937,0.5146,0.173253
AGGCGGTTTGTCCCGC-1,0.560772,0.148719,0.000093,0.290417
AGGCGTCTATGGACGG-1,0.00002,0.281163,0.02653,0.692287
AGGCTATGGTTAGCTT-1,0.000017,0.04457,0.15217,0.803244
AGGCTTAAGTTGCACA-1,0.059379,0.047689,0.611131,0.281801
AGGCTTCCCGAAGAAG-1,0.019938,0.114177,0.167921,0.697964
AGGCTTGCTAGACACC-1,0.022329,0.135034,0.013606,0.829031
AGGGACCGGCTGCGTT-1,0.000039,0.145203,0.036759,0.817998
AGGGACTCTACGCGAC-1,0.022713,0.196264,0.095496,0.685527
AGGGAGACATACTTCG-1,0.000031,0.245148,0.025309,0.729512
AGGGCCCTAATGTTCT-1,0.027544,0.006265,0.771677,0.194513
AGGGCGAGCAGCTGAT-1,0.041097,0.000032,0.000065,0.958806
AGGGCGTGATCGGCTA-1,0.000022,0.000022,0.004244,0.995712
AGGGCTGCAGTTACAG-1,0.000023,0.192166,0.038367,0.769444
AGGGTCAGAGCACTCG-1,0.068436,0.000025,0.250079,0.681461
AGGGTCAGTAACCCTA-1,0.002168,0.000024,0.032105,0.965703
AGGGTCGATGCGAACT-1,0.000045,0.42791,0.058372,0.513673
AGGGTCTGGACGCAGT-1,0.028189,0.000013,0.708376,0.263422
AGGGTGCCGTTCTTTA-1,0.367335,0.021263,0.028581,0.582822
AGGGTGCTCTCGAGGG-1,0.177559,0.291773,0.008188,0.52248
AGGGTGGATAGTGCAT-1,0.024322,0.108111,0.05362,0.813947
AGGGTGTGCTACACGC-1,0.321768,0.553279,0.124452,0.000501
AGGGTTCAGACGGTCC-1,0.115057,0.003999,0.15416,0.726784
AGGGTTCCCTTTGGTT-1,0.418253,0.118211,0.041954,0.421582
AGGGTTTAGTTCGGGA-1,0.000039,0.326611,0.000078,0.673273
AGGTAACCTCCTATTC-1,0.052264,0.482955,0.000117,0.464665
AGGTAGATCGAGATAT-1,0.025722,0.028513,0.053614,0.892151
AGGTAGGTACAAAGCT-1,0.068842,0.074747,0.022505,0.833906
AGGTATAATTGATAGT-1,0.000033,0.140107,0.074462,0.785397
AGGTATGCGGACATTA-1,0.001437,0.000012,0.558629,0.439922
AGGTCAGGTGAGAGTG-1,0.120153,0.171937,0.000068,0.707842
AGGTCGCCTCCCAACA-1,0.096811,0.001359,0.563073,0.338757
AGGTCGCGGAGTTACT-1,0.000049,0.109773,0.024062,0.866116
AGGTGCACGTCCACAT-1,0.0072,0.180242,0.663459,0.149099
AGGTGGTGACCTTCGC-1,0.026683,0.033193,0.026824,0.9133
AGGTGTATCGCCATGA-1,0.078973,0.020364,0.078678,0.821985
AGGTGTTGCCGACCAC-1,0.10815,0.000014,0.695091,0.196746
AGGTTACACCATGCCG-1,0.147726,0.024012,0.079013,0.749249
AGGTTCTCCTTTCCGG-1,0.777723,0.00006,0.126315,0.095902
AGGTTTCACACACCTT-1,0.000039,0.351282,0.001166,0.647512
AGTAACTATAGCAGCC-1,0.034532,0.02565,0.613912,0.325906
AGTAAGGGACAGAATC-1,0.007867,0.000032,0.620401,0.3717
AGTAATCTAAGGGTGG-1,0.089842,0.174309,0.599562,0.136286
AGTAATGTCTTGCCGC-1,0.019885,0.736152,0.000201,0.243762
AGTAATTTGCAAGCGT-1,0.883307,0.116391,0.000067,0.000235
AGTACAGAAGCTTATA-1,0.04729,0.049528,0.345774,0.557408
AGTACATCATTTATCA-1,0.001431,0.025792,0.034909,0.937868
AGTACCTTCGAGTGCT-1,0.058506,0.674438,0.00053,0.266526
AGTACGGCCCGTATCG-1,0.035478,0.000604,0.063054,0.900864
AGTACTCTTATGCCCA-1,0.153218,0.161093,0.031437,0.654252
AGTAGAAGGCGCCTCA-1,0.032066,0.00003,0.296807,0.671097
AGTAGGTAACATACAT-1,0.075613,0.92382,0.000126,0.000441
AGTATAATACTAGGCA-1,0.013631,0.380358,0.020617,0.585394
AGTATACACAGCGACA-1,0.024386,0.000705,0.117471,0.857437
AGTATGCTGGAGACCA-1,0.294236,0.000278,0.000088,0.705398
AGTATTTGGCACGACC-1,0.006855,0.124072,0.151473,0.717601
AGTCAAATGATGTGAT-1,0.072185,0.000026,0.023017,0.904773
AGTCAACACCACCATC-1,0.000017,0.080423,0.054678,0.864882
AGTCAAGATGACACTT-1,0.004751,0.413326,0.00373,0.578193
AGTCACTAGCTCTCGA-1,0.002785,0.096163,0.024458,0.876594
AGTCACTCCGCCTCAT-1,0.056181,0.325822,0.000325,0.617672
AGTCAGCCACCGCCTG-1,0.002976,0.121222,0.044049,0.831752
AGTCCATTGGCTGATG-1,0.000035,0.348498,0.000071,0.651396
AGTCCCTCGCAGAAAG-1,0.011245,0.44818,0.276542,0.264033
AGTCGAAACGATTCAG-1,0.852933,0.000019,0.143067,0.003981
AGTCGAATTAGCGTAA-1,0.072128,0.092756,0.624925,0.21019
