Barcode,Topic 1,Topic 2,Topic 3,Topic 4,Topic 5,Topic 6,Topic 7,Topic 8,Topic 9,Topic 10,Topic 11,Topic 12
AAACAACGAATAGTTC-1,0.000017,0.000017,0.263387,0.000017,0.002131,0.000017,0.014783,0.522796,0.169816,0.005295,0.021707,0.000017
AAACAAGTATCTCCCA-1,0.000059,0.025869,0.000059,0.029449,0.261942,0.124349,0.028673,0.110531,0.177711,0.152161,0.037871,0.051325
AAACAATCTACTAGCA-1,0.000016,0.000016,0.075227,0.000016,0.000016,0.032365,0.005728,0.113934,0.359435,0.408694,0.000016,0.004535
AAACACCAATAACTGC-1,0.00001,0.00001,0.057332,0.000498,0.00001,0.00001,0.000022,0.000793,0.002439,0.00001,0.036267,0.902598
AAACAGAGCGACTCCT-1,0.014282,0.00008,0.013637,0.006504,0.175826,0.00008,0.00008,0.129193,0.035734,0.052155,0.572349,0.00008
AAACAGCTTTCAGAAG-1,0.009485,0.073683,0.117203,0.065248,0.06615,0.098991,0.120777,0.160378,0.06426,0.198931,0.024865,0.00003
AAACAGGGTCTATATT-1,0.002082,0.139599,0.022614,0.155988,0.20501,0.087612,0.057323,0.019156,0.13458,0.143799,0.03222,0.000017
AAACAGTGTTCCTGGG-1,0.010625,0.32215,0.049874,0.333345,0.001398,0.019824,0.035538,0.004071,0.000007,0.003741,0.007475,0.21195
AAACATGGTGAGAGGA-1,0.000015,0.000015,0.01978,0.001246,0.000015,0.000015,0.000015,0.000015,0.000015,0.000015,0.094471,0.88438
AAACATTTCCCGGATT-1,0.000846,0.042064,0.047526,0.065959,0.038027,0.015013,0.17509,0.367662,0.053473,0.011755,0.174588,0.007997
AAACCACTACACAGAT-1,0.000018,0.038327,0.286254,0.004039,0.00193,0.16617,0.211095,0.11393,0.033395,0.139272,0.005552,0.000018
AAACCCGAACGAAATC-1,0.027491,0.013933,0.426904,0.020183,0.026673,0.128663,0.096632,0.025262,0.056772,0.075693,0.093533,0.008261
AAACCGGAAATGTTAA-1,0.033068,0.098017,0.082771,0.059574,0.05392,0.393789,0.164969,0.002612,0.049342,0.011238,0.032,0.018699
AAACCGGGTAGGTACC-1,0.02138,0.030162,0.240543,0.065705,0.144759,0.070575,0.001013,0.029456,0.155541,0.230206,0.005261,0.005398
AAACCGTTCGTCCAGG-1,0.068955,0.506233,0.005279,0.048685,0.03496,0.030243,0.002112,0.09568,0.03716,0.094585,0.032052,0.044056
AAACCTAAGCAGCCGG-1,0.092241,0.127012,0.000042,0.01952,0.13256,0.167927,0.174512,0.063635,0.052399,0.063402,0.000297,0.106454
AAACCTCATGAAGTTG-1,0.106087,0.033678,0.003302,0.000085,0.029545,0.064581,0.03757,0.237688,0.140229,0.34009,0.007127,0.000018
AAACGAAGAACATACC-1,0.000033,0.000033,0.720166,0.000033,0.015969,0.000033,0.000033,0.11092,0.067504,0.0159,0.069341,0.000033
AAACGAAGATGGAGTA-1,0.019016,0.280454,0.044347,0.10412,0.021973,0.044783,0.038797,0.017735,0.004038,0.016235,0.103243,0.305259
AAACGACAGTCTTGCC-1,0.043403,0.045567,0.133324,0.000016,0.003401,0.129718,0.23488,0.290716,0.057758,0.061189,0.000015,0.000015
AAACGAGACGGTTGAT-1,0.000035,0.00921,0.120054,0.023334,0.008389,0.108139,0.002966,0.297239,0.080956,0.22164,0.128003,0.000035
AAACGCCCGAGATCGG-1,0.141046,0.013945,0.434314,0.000031,0.000285,0.004106,0.102244,0.231104,0.014314,0.000031,0.058548,0.000031
AAACGCTGGGCACGAC-1,0.033385,0.071097,0.116853,0.033747,0.038702,0.441306,0.21653,0.000566,0.0159,0.016341,0.001045,0.01453
AAACGGGCGTACGGGT-1,0.065315,0.063776,0.042026,0.032264,0.023627,0.038567,0.184803,0.264559,0.104913,0.030812,0.118637,0.030702
AAACGGGTTGGTATCC-1,0.001816,0.000025,0.242036,0.000025,0.000025,0.052104,0.052997,0.380991,0.247077,0.022855,0.000025,0.000025
AAACGGTTGCGAACTG-1,0.061996,0.078265,0.006299,0.078609,0.133602,0.097871,0.110153,0.058914,0.141736,0.064428,0.032912,0.135215
AAACGTGTTCGCCCTA-1,0.001721,0.010428,0.074687,0.011286,0.304458,0.101736,0.056384,0.096608,0.233994,0.048154,0.06048,0.000064
AAACTAACGTGGCGAC-1,0.000039,0.000039,0.778761,0.000039,0.000039,0.000039,0.118321,0.067729,0.006189,0.000039,0.000039,0.028728
AAACTCGGTTCGCAAT-1,0.093955,0.113726,0.00294,0.119268,0.057083,0.063868,0.150674,0.040991,0.075329,0.143666,0.072015,0.066486
AAACTCGTGATATAAG-1,0.000066,0.044358,0.06184,0.023806,0.135898,0.047961,0.005236,0.378302,0.244505,0.057894,0.000066,0.000066
AAACTGCTGGCTCCAA-1,0.096582,0.028871,0.155924,0.02391,0.270779,0.079867,0.095253,0.049251,0.067074,0.003446,0.011478,0.117565
AAACTTAATTGCACGC-1,0.136589,0.029347,0.000011,0.000011,0.003253,0.020834,0.007654,0.000487,0.026571,0.006831,0.000672,0.767739
AAACTTGCAAACGTAT-1,0.001563,0.121466,0.010891,0.109658,0.131521,0.08584,0.002115,0.016859,0.110979,0.356063,0.012535,0.040508
AAAGAATGACCTTAGA-1,0.000009,0.000009,0.027292,0.017493,0.000009,0.000064,0.00964,0.000009,0.000009,0.000009,0.155394,0.790059
AAAGAATGTGGACTAA-1,0.03801,0.147871,0.081932,0.063167,0.032853,0.025552,0.480089,0.102633,0.001576,0.002963,0.023339,0.000014
AAAGACATGAAGTTTA-1,0.147857,0.061403,0.13377,0.005669,0.017052,0.038771,0.134531,0.119913,0.091647,0.07353,0.175829,0.000028
AAAGACCCAAGTCGCG-1,0.017189,0.000014,0.149056,0.000985,0.369304,0.026151,0.050144,0.023483,0.274336,0.076093,0.000014,0.013231
AAAGACTGGGCGCTTT-1,0.01397,0.073823,0.155281,0.000043,0.010525,0.000043,0.124427,0.440451,0.000043,0.000043,0.181307,0.000043
AAAGCTTGCCTACATA-1,0.040111,0.042698,0.031133,0.043791,0.155644,0.074039,0.121426,0.06359,0.311039,0.087966,0.010901,0.017662
AAAGGCCCTATAATAC-1,0.000015,0.000015,0.075947,0.012765,0.000015,0.000015,0.000015,0.000015,0.000015,0.000015,0.141164,0.770002
AAAGGCTACGGACCAT-1,0.065465,0.005524,0.212197,0.552776,0.015897,0.060376,0.005449,0.000836,0.011081,0.023471,0.000209,0.046719
AAAGGCTCTCGCGCCG-1,0.019196,0.161967,0.270814,0.351591,0.060947,0.063906,0.019098,0.002738,0.009724,0.025916,0.008961,0.005142
AAAGGGATGTAGCAAG-1,0.000015,0.015951,0.093421,0.017331,0.15971,0.08161,0.016523,0.01805,0.411295,0.186064,0.000015,0.000015
AAAGGGCAGCTTGAAT-1,0.164283,0.005279,0.03376,0.001412,0.071521,0.077164,0.070461,0.2309,0.152822,0.188103,0.004278,0.000017
AAAGGTAAGCTGTACC-1,0.000029,0.001577,0.246909,0.000029,0.013073,0.0331,0.072211,0.491895,0.078201,0.035459,0.027487,0.000029
AAAGGTCAACGACATG-1,0.030531,0.000034,0.437382,0.000034,0.000034,0.000034,0.000034,0.000034,0.000034,0.000034,0.531785,0.000034
AAAGTAGCATTGCTCA-1,0.002844,0.079975,0.00828,0.144839,0.118945,0.001701,0.000015,0.092401,0.126393,0.043493,0.032694,0.348419
AAAGTCACTGATGTAA-1,0.000015,0.000024,0.157978,0.023397,0.120567,0.046732,0.018579,0.109727,0.319763,0.102622,0.02638,0.074217
AAAGTCGACCCTCAGT-1,0.07497,0.140725,0.009493,0.008287,0.01726,0.051105,0.021891,0.507003,0.052002,0.117223,0.000021,0.000021
AAAGTGCCATCAATTA-1,0.220396,0.039912,0.000004,0.000108,0.005212,0.507648,0.029079,0.006097,0.064191,0.127344,0.000004,0.000004
AAAGTGTGATTTATCT-1,0.06163,0.066851,0.000061,0.143988,0.14008,0.012139,0.033487,0.343914,0.163552,0.034174,0.000061,0.000061
AAAGTTGACTCCCGTA-1,0.004004,0.11866,0.000057,0.047208,0.073523,0.081725,0.032894,0.20009,0.21667,0.210581,0.000057,0.014531
AAATAACCATACGGGA-1,0.000096,0.000096,0.454165,0.000096,0.171539,0.000096,0.000096,0.0353,0.000096,0.000096,0.338226,0.000096
AAATAAGGTAGTGCCC-1,0.035327,0.009676,0.021404,0.13453,0.226882,0.028028,0.000069,0.142062,0.190686,0.160049,0.000303,0.050985
AAATACCTATAAGCAT-1,0.025397,0.002042,0.670645,0.166655,0.060149,0.000041,0.008905,0.02375,0.003616,0.000041,0.000041,0.038718
AAATAGCTTAGACTTT-1,0.012343,0.022048,0.045556,0.068417,0.170445,0.032234,0.017429,0.072986,0.437752,0.045963,0.066986,0.007841
AAATAGGGTGCTATTG-1,0.087028,0.080776,0.007433,0.109041,0.08222,0.069331,0.154462,0.08829,0.146777,0.139453,0.009277,0.025911
AAATCACTCCTAAACG-1,0.029446,0.024662,0.139062,0.000013,0.007365,0.03162,0.325075,0.381832,0.038781,0.020534,0.001598,0.000013
AAATCCGATACACGCC-1,0.092624,0.086295,0.022822,0.031017,0.092018,0.191257,0.252863,0.020319,0.056875,0.040304,0.09928,0.014326
AAATCGCGGAAGGAGT-1,0.000024,0.027911,0.118278,0.367101,0.00101,0.000024,0.000024,0.000024,0.000024,0.000024,0.229965,0.255591
AAATCGTGTACCACAA-1,0.000026,0.000026,0.374059,0.069313,0.280364,0.000844,0.000026,0.011038,0.13234,0.043226,0.000026,0.088711
AAATCTAGCCCTGCTA-1,0.029983,0.02694,0.02417,0.111071,0.160744,0.030686,0.163148,0.181993,0.146843,0.096831,0.000259,0.027334
AAATCTGCCCGCGTCC-1,0.065213,0.055881,0.012995,0.02186,0.002945,0.009864,0.034191,0.008251,0.000252,0.001074,0.103237,0.684236
AAATGACTGATCAAAC-1,0.058707,0.061569,0.005881,0.034833,0.022596,0.103407,0.433846,0.058082,0.048721,0.084428,0.048032,0.039898
AAATGATTCGATCAGC-1,0.000046,0.000046,0.191544,0.046891,0.015572,0.000046,0.00019,0.472409,0.181059,0.07001,0.022139,0.000046
AAATGCTCGTTACGTT-1,0.000025,0.000025,0.265518,0.000025,0.021558,0.011107,0.1708,0.09988,0.402342,0.006127,0.022569,0.000025
AAATGGCATGTCTTGT-1,0.00003,0.00003,0.295741,0.00003,0.005958,0.003808,0.06122,0.177666,0.412651,0.042809,0.00003,0.00003
AAATGGCCCGTGCCCT-1,0.00002,0.132726,0.14827,0.138585,0.08302,0.096139,0.00002,0.033802,0.090996,0.276383,0.00002,0.00002
AAATGGTCAATGTGCC-1,0.000024,0.000098,0.361851,0.120474,0.090053,0.007929,0.000152,0.053923,0.246463,0.103114,0.000024,0.015895
AAATGTATCTTATCCC-1,0.000021,0.000021,0.001005,0.000021,0.010706,0.005658,0.055376,0.098974,0.133785,0.001783,0.692628,0.000021
AAATGTGGGTGCTCCT-1,0.000016,0.000016,0.09812,0.000016,0.000016,0.142578,0.067541,0.278519,0.295489,0.117657,0.000016,0.000016
AAATTAACGGGTAGCT-1,0.00002,0.003429,0.077783,0.033733,0.146415,0.08633,0.00486,0.021168,0.469904,0.131089,0.005786,0.019483
AAATTAATAAGCGCGA-1,0.000039,0.000039,0.372706,0.01731,0.002429,0.000039,0.000039,0.115588,0.000039,0.000039,0.491695,0.000039
AAATTACACGACTCTG-1,0.000082,0.000082,0.48313,0.000082,0.106512,0.000082,0.000082,0.069633,0.032614,0.000082,0.307534,0.000082
AAATTACCTATCGATG-1,0.000042,0.02735,0.000042,0.000042,0.173619,0.014849,0.000042,0.272814,0.263815,0.092082,0.155263,0.000042
AAATTCCAGGTCCAAA-1,0.001181,0.000035,0.25794,0.008153,0.043138,0.046782,0.136178,0.200822,0.161619,0.085439,0.042985,0.015727
AAATTGATAGTCCTTT-1,0.127911,0.068441,0.103523,0.215616,0.021339,0.007597,0.000025,0.030802,0.002347,0.000295,0.136549,0.285555
AAATTGCGGCGGTTCT-1,0.003803,0.016837,0.009702,0.000015,0.009902,0.069049,0.116526,0.300378,0.233629,0.224518,0.00053,0.015111
AAATTGGTGAGAAGCA-1,0.029836,0.000064,0.029954,0.000064,0.058045,0.087762,0.175021,0.275847,0.174484,0.14628,0.022578,0.000064
AAATTTACCGAAATCC-1,0.00008,0.00008,0.44641,0.00008,0.11238,0.00008,0.00008,0.11754,0.00008,0.00008,0.323033,0.00008
AAATTTGCGGGTGTGG-1,0.000014,0.239486,0.01224,0.146852,0.254051,0.007696,0.000245,0.099239,0.160415,0.078085,0.000014,0.001663
AACAACTGGTAGTTGC-1,0.000014,0.018989,0.116529,0.015839,0.060654,0.141603,0.020231,0.034751,0.405565,0.185797,0.000014,0.000014
AACAATACATTGTCGA-1,0.019421,0.588029,0.000349,0.023065,0.011554,0.035108,0.00988,0.028198,0.050894,0.074354,0.022565,0.136582
AACAATTACTCTACGC-1,0.000925,0.029032,0.122757,0.048602,0.022387,0.137963,0.159122,0.175313,0.135213,0.135929,0.032727,0.000031
AACACACGCTCGCCGC-1,0.176127,0.000058,0.096773,0.00875,0.242771,0.030904,0.250319,0.062324,0.043782,0.08699,0.001144,0.000057
AACACGACTGTACTGA-1,0.000016,0.000016,0.173438,0.000072,0.001697,0.037131,0.044396,0.177462,0.320561,0.245177,0.000016,0.000016
AACACGAGACGCGGCC-1,0.053286,0.092376,0.000103,0.013505,0.436634,0.095823,0.054934,0.00874,0.128101,0.068982,0.000013,0.047502
AACACGCGGCCGCGAA-1,0.002502,0.022314,0.158864,0.026003,0.074992,0.116202,0.061489,0.231566,0.213046,0.09299,0.000016,0.000016
AACAGCTGTGTGGCAA-1,0.359253,0.074676,0.000012,0.02237,0.006711,0.003276,0.016013,0.042016,0.003305,0.011128,0.098233,0.363007
AACAGGAAATCGAATA-1,0.000016,0.000016,0.079761,0.000016,0.000016,0.106662,0.03125,0.110976,0.453871,0.214095,0.003305,0.000016
AACAGGATGGGCCGCG-1,0.000028,0.000028,0.306612,0.041017,0.016304,0.113079,0.022952,0.026991,0.312266,0.133369,0.000028,0.027326
AACAGGTAGTATGGAT-1,0.000021,0.007402,0.17011,0.021748,0.007579,0.234149,0.227566,0.047449,0.175808,0.108128,0.000021,0.000021
AACATAGCGTGTATCG-1,0.030115,0.055308,0.01576,0.02666,0.057067,0.027915,0.254813,0.341037,0.074867,0.021132,0.065089,0.030238
AACATATCAACTGGTG-1,0.000069,0.000069,0.002004,0.000069,0.429356,0.000069,0.15129,0.236441,0.0689,0.052916,0.045781,0.013036
AACATCGATACGTCTA-1,0.000048,0.000048,0.016028,0.000048,0.059707,0.002147,0.010674,0.381009,0.413205,0.059765,0.057272,0.000048
AACATTGAAGTTGATC-1,0.000021,0.000021,0.146676,0.009332,0.000021,0.000021,0.000021,0.000021,0.000021,0.000021,0.125817,0.718006
AACATTGGTCAGCCGT-1,0.003272,0.00002,0.019315,0.00002,0.008669,0.004976,0.022756,0.530687,0.176768,0.117633,0.115865,0.00002
AACATTGTGACTCGAG-1,0.145549,0.150008,0.000329,0.002918,0.056942,0.351345,0.017663,0.002596,0.099339,0.136602,0.000006,0.036702
AACCAAGACTTCTCTG-1,0.000012,0.028086,0.000012,0.000012,0.000823,0.23244,0.057294,0.149826,0.125462,0.406012,0.000012,0.000012
AACCAGTATCACTCTT-1,0.159694,0.000055,0.017856,0.000055,0.070285,0.01775,0.000055,0.033008,0.115411,0.022861,0.562915,0.000055
AACCATAGGGTTGAAC-1,0.000448,0.00227,0.006724,0.01215,0.000456,0.000121,0.001524,0.000014,0.000014,0.000014,0.036514,0.93975
AACCATGGGATCGCTA-1,0.000033,0.000033,0.615178,0.015142,0.003067,0.036654,0.025508,0.061927,0.084374,0.154994,0.003058,0.000033
AACCCAGAGACGGAGA-1,0.032133,0.00002,0.336682,0.00457,0.012585,0.058362,0.020529,0.068137,0.368288,0.080828,0.014836,0.00303
AACCCATCCCATGATC-1,0.011217,0.062029,0.069252,0.329934,0.063071,0.004477,0.001966,0.018264,0.009557,0.008659,0.101611,0.319962
AACCCGACAACCCGTG-1,0.263061,0.444844,0.001056,0.005444,0.002232,0.168191,0.036003,0.013205,0.013276,0.052389,0.000294,0.000004
AACCCGAGCAGAATCG-1,0.000215,0.128315,0.06939,0.090354,0.000963,0.230287,0.365521,0.023051,0.013561,0.026276,0.052045,0.000022
AACCCGATAGGGCTTC-1,0.01244,0.001024,0.191094,0.000015,0.001153,0.321435,0.06923,0.03823,0.195328,0.10957,0.058541,0.00194
AACCCGCTGTATTCCA-1,0.107634,0.077166,0.002203,0.008657,0.04909,0.055878,0.418168,0.044131,0.053588,0.095183,0.042118,0.046185
AACCCTACTGTCAATA-1,0.086416,0.00006,0.051726,0.00006,0.207135,0.01452,0.017677,0.348166,0.151105,0.105957,0.017116,0.00006
AACCCTGGTGGAACCA-1,0.000029,0.000029,0.526517,0.000029,0.011089,0.000029,0.061832,0.218564,0.045219,0.000029,0.136606,0.000029
AACCGAGCTTGGTCAT-1,0.00003,0.00003,0.41404,0.010021,0.019365,0.069353,0.015935,0.021738,0.303446,0.129638,0.016373,0.00003
AACCGCTAAGGGATGC-1,0.029603,0.058968,0.021402,0.023435,0.209013,0.021105,0.018374,0.179076,0.084182,0.300557,0.000086,0.054199
AACCGTTGTGTTTGCT-1,0.000017,0.000017,0.049341,0.000017,0.000017,0.058877,0.022659,0.046799,0.73338,0.088844,0.000017,0.000017
AACCTAAAGCCGTCCG-1,0.015692,0.00133,0.470638,0.000033,0.010905,0.000033,0.076884,0.188912,0.000033,0.000033,0.235473,0.000033
AACCTCGCTTTAGCCC-1,0.17085,0.149785,0.003854,0.031611,0.082369,0.141057,0.078947,0.072077,0.059694,0.101116,0.108594,0.000045
AACCTGTCACGGAATT-1,0.029795,0.069728,0.286643,0.015466,0.321206,0.125635,0.052249,0.005085,0.051887,0.0403,0.000025,0.001981
AACCTTTAAATACGGT-1,0.072565,0.127627,0.001025,0.036679,0.194888,0.061172,0.09647,0.056378,0.10615,0.197458,0.013663,0.035926
AACCTTTACGACGTCT-1,0.000104,0.000104,0.322016,0.000104,0.111552,0.000104,0.000104,0.051464,0.000104,0.000104,0.51414,0.000104
AACGAAAGTCGTCCCA-1,0.203216,0.060471,0.008072,0.070131,0.083535,0.008305,0.000015,0.005137,0.000015,0.00442,0.002822,0.553859
AACGACCTCCTAGCCG-1,0.041454,0.026149,0.124914,0.010275,0.001178,0.49248,0.237587,0.004896,0.009554,0.026619,0.014017,0.010879
AACGATAATGCCGTAG-1,0.088713,0.017378,0.000035,0.206098,0.091018,0.079858,0.080048,0.169904,0.09831,0.123131,0.017225,0.028281
AACGATAGAAGGGCCG-1,0.000016,0.009605,0.18549,0.010864,0.204318,0.057828,0.033905,0.016299,0.404731,0.076913,0.000016,0.000016
AACGATATGTCAACTG-1,0.00004,0.003378,0.31164,0.00004,0.005107,0.079834,0.006068,0.200028,0.191017,0.124121,0.027507,0.05122
AACGCATGATCTGGGT-1,0.000036,0.007378,0.174166,0.031749,0.051735,0.019524,0.019265,0.406817,0.174771,0.114489,0.000036,0.000036
AACGCGAACGGCAACA-1,0.061105,0.009106,0.000013,0.000013,0.000013,0.048093,0.023128,0.298404,0.242825,0.317274,0.000013,0.000013
AACGCGACCTTGGGCG-1,0.048562,0.154925,0.010506,0.154675,0.078982,0.060594,0.10561,0.082364,0.06167,0.09555,0.075506,0.071058
AACGCGGTCTCCAGCC-1,0.01539,0.000015,0.031754,0.000015,0.003949,0.161773,0.027053,0.019758,0.449068,0.291194,0.000015,0.000015
AACGCTGTTGCTGAAA-1,0.091249,0.027362,0.098204,0.107151,0.019836,0.022977,0.163441,0.186015,0.208925,0.038791,0.000057,0.03599
AACGGACGTACGTATA-1,0.135727,0.048211,0.035389,0.059159,0.270794,0.089267,0.023108,0.110507,0.043509,0.118045,0.049037,0.017246
AACGGCCATCTCCGGT-1,0.124589,0.210132,0.000009,0.013134,0.073788,0.00477,0.000009,0.117031,0.112283,0.172381,0.000009,0.171867
AACGTACTGTGGGTAC-1,0.000021,0.03131,0.209494,0.428634,0.062789,0.000903,0.004587,0.086372,0.098249,0.01103,0.066591,0.000021
AACGTAGTCTACCCAT-1,0.007054,0.000016,0.105067,0.000016,0.000814,0.065048,0.021714,0.146278,0.361569,0.29239,0.000016,0.000016
AACGTCAGACTAGTGG-1,0.076279,0.002628,0.020684,0.009579,0.24326,0.038486,0.100879,0.048757,0.360447,0.037093,0.000015,0.061892
AACGTCATCCGGCTTG-1,0.019115,0.038482,0.027708,0.041277,0.048385,0.09426,0.232256,0.130536,0.140079,0.147486,0.029534,0.050882
AACGTCGCTGCACTTC-1,0.489131,0.02628,0.002018,0.000009,0.000009,0.143904,0.228407,0.035265,0.004277,0.047696,0.022995,0.000009
AACGTGATGAAGGACA-1,0.001466,0.085894,0.00459,0.000019,0.000572,0.038702,0.07828,0.713865,0.051973,0.024601,0.000019,0.000019
AACGTGCGAAAGTCTC-1,0.000032,0.000032,0.546729,0.089032,0.010708,0.008246,0.019058,0.119753,0.104916,0.022645,0.078817,0.000032
AACGTTATCAGCACCT-1,0.016555,0.014555,0.19385,0.008387,0.019467,0.000035,0.086951,0.581065,0.008144,0.000035,0.032487,0.038467
AACGTTCTACCATTGT-1,0.261,0.017835,0.000011,0.000007,0.009132,0.544971,0.038837,0.000453,0.076351,0.051389,0.000007,0.000007
AACTACCCGTTTGTCA-1,0.000015,0.024119,0.091312,0.005716,0.005823,0.33297,0.195279,0.046246,0.165225,0.133265,0.000015,0.000015
AACTAGCGTATCGCAC-1,0.000019,0.000019,0.125118,0.000019,0.002872,0.03939,0.004741,0.17332,0.359922,0.29454,0.000019,0.000019
AACTAGGCTTGGGTGT-1,0.19811,0.144602,0.02164,0.050784,0.067122,0.344947,0.081978,0.009039,0.020175,0.041513,0.000018,0.020073
AACTCAAGTTAATTGC-1,0.000587,0.056366,0.022569,0.059043,0.31849,0.048874,0.023165,0.039512,0.330688,0.058006,0.000017,0.042683
AACTCCAGAGCGTGTT-1,0.091538,0.006449,0.044302,0.007451,0.040407,0.111408,0.149376,0.254339,0.125093,0.086271,0.003755,0.079612
AACTCCTAATCCCATG-1,0.000088,0.000088,0.101949,0.000088,0.137072,0.000088,0.000088,0.154824,0.101308,0.000301,0.50402,0.000088
AACTCGATAAACACGT-1,0.00791,0.000027,0.240559,0.00202,0.001458,0.020608,0.049795,0.585214,0.077551,0.014812,0.000023,0.000023
AACTCGATGGCGCAGT-1,0.00003,0.00003,0.355234,0.00003,0.009463,0.00003,0.00003,0.262254,0.257237,0.10439,0.011244,0.00003
AACTCTCAATAGAGCG-1,0.000071,0.000071,0.000071,0.000071,0.257969,0.000071,0.000071,0.350704,0.094651,0.243949,0.052232,0.000071
AACTCTCAGTGTGCTC-1,0.083541,0.069052,0.121103,0.097912,0.101791,0.003119,0.011635,0.029243,0.019149,0.00226,0.099431,0.361764
AACTGAGGTCAGCGTC-1,0.000029,0.000029,0.185671,0.000029,0.01244,0.02394,0.016072,0.387938,0.277373,0.045248,0.0512,0.000029
AACTGAGTTATACTGA-1,0.007944,0.047129,0.140532,0.343805,0.007672,0.163339,0.124444,0.000019,0.002612,0.015591,0.107626,0.039288
AACTGATATTAGGCCT-1,0.000014,0.000014,0.062665,0.000014,0.000435,0.103511,0.011739,0.075538,0.402466,0.343576,0.000014,0.000014
AACTGGGTCCCGACGT-1,0.00004,0.00004,0.112625,0.00004,0.047451,0.00004,0.00004,0.177801,0.120217,0.009717,0.531947,0.00004
AACTGGGTTCGAGCCG-1,0.000076,0.000076,0.520082,0.000076,0.000076,0.000076,0.000076,0.000076,0.000076,0.000076,0.479155,0.000076
AACTGGTGTGGGCCTT-1,0.000029,0.000029,0.648493,0.000029,0.052507,0.000029,0.000029,0.103932,0.061001,0.018692,0.020651,0.094578
AACTTCTGCGTCTATC-1,0.000048,0.000048,0.545987,0.000048,0.000048,0.000048,0.026296,0.390711,0.027753,0.008918,0.000048,0.000048
AACTTGCCCGTATGCA-1,0.000023,0.000023,0.02499,0.004719,0.001752,0.104666,0.016998,0.15506,0.360935,0.175035,0.155775,0.000023
AACTTGCGTTCTCGCG-1,0.000021,0.006571,0.089129,0.001463,0.005864,0.019373,0.04554,0.306751,0.373604,0.105424,0.000021,0.04624
AACTTTACGGGAGCTT-1,0.002053,0.000043,0.026619,0.000043,0.134195,0.000043,0.000043,0.062373,0.008426,0.000043,0.647474,0.118647
AACTTTAGCTGCTGAG-1,0.000021,0.000021,0.18718,0.000021,0.009216,0.026048,0.018638,0.13384,0.551408,0.073566,0.000021,0.000021
AACTTTCTCGATCATG-1,0.000039,0.000039,0.100919,0.00641,0.084452,0.105739,0.175806,0.071432,0.300114,0.104482,0.000039,0.05053
AAGAAAGTTTGATGGG-1,0.005511,0.112841,0.000015,0.014773,0.033138,0.019622,0.001122,0.000446,0.034361,0.060878,0.00255,0.714743
AAGAAATCACCAGATT-1,0.035844,0.020842,0.022658,0.04008,0.051164,0.230749,0.078773,0.066074,0.25025,0.142859,0.048835,0.011874
AAGAAGGATCAGTTAG-1,0.026666,0.0316,0.025682,0.012611,0.015098,0.038466,0.009852,0.181573,0.360552,0.229826,0.00224,0.065833
AAGACATACGTGGTTT-1,0.026355,0.074795,0.426056,0.069948,0.00003,0.071866,0.324061,0.003738,0.00003,0.001398,0.001692,0.00003
AAGACCAAATAACTCA-1,0.152233,0.09979,0.009498,0.063569,0.01427,0.041356,0.016677,0.002524,0.001925,0.001818,0.184765,0.411574
AAGACCCAACTGAACA-1,0.024109,0.198622,0.130236,0.386518,0.07426,0.04866,0.005263,0.009808,0.023263,0.025686,0.001904,0.071672
AAGACTAACCCGTTGT-1,0.00004,0.00004,0.622894,0.00004,0.004176,0.007673,0.005998,0.229026,0.064896,0.055665,0.009511,0.00004
AAGACTCACGCCCACT-1,0.192771,0.002392,0.120523,0.011351,0.10403,0.060218,0.031477,0.10597,0.043275,0.054571,0.267335,0.006086
AAGACTGCAAGCTACT-1,0.00003,0.00003,0.186837,0.020419,0.36865,0.064942,0.096435,0.004864,0.244542,0.01219,0.00003,0.001033
AAGAGATGAATCGGTA-1,0.000019,0.014407,0.022027,0.026504,0.046725,0.03309,0.092581,0.371518,0.211069,0.12254,0.042298,0.017223
AAGAGCTCTTTATCGG-1,0.022666,0.000044,0.215539,0.000044,0.007778,0.013421,0.08502,0.184956,0.171201,0.077607,0.134393,0.087332
AAGAGGATGTACGCGA-1,0.000027,0.028168,0.132373,0.183486,0.15297,0.077388,0.004959,0.051467,0.24144,0.127668,0.000027,0.000027
AAGAGGCATGGATCGC-1,0.000018,0.01326,0.006232,0.000018,0.00278,0.074679,0.099826,0.310766,0.280921,0.15664,0.054841,0.000018
AAGAGGCCCTTTGGAA-1,0.042665,0.114935,0.215327,0.017991,0.050128,0.027752,0.518888,0.012209,0.000026,0.000026,0.000026,0.000026
AAGATGGCACCGGACC-1,0.122128,0.032329,0.261764,0.166357,0.00002,0.001964,0.037443,0.001117,0.00002,0.00002,0.205776,0.171061
AAGATTGGCGGAACGT-1,0.019624,0.017179,0.019415,0.00942,0.487652,0.000052,0.000052,0.311691,0.023946,0.071142,0.039774,0.000052
AAGCACCCTGCGTATC-1,0.026418,0.086593,0.034975,0.147754,0.063323,0.110646,0.083975,0.079003,0.124073,0.140569,0.052789,0.049881
AAGCATACTCTCCTGA-1,0.345307,0.01498,0.309634,0.07634,0.060047,0.040319,0.148258,0.004384,0.000037,0.000037,0.000619,0.000037
AAGCCACTTGCAGGTA-1,0.000013,0.017987,0.13916,0.095997,0.00122,0.001509,0.007633,0.001086,0.000013,0.000013,0.08204,0.653331
AAGCCGAAGCGGTTTA-1,0.017614,0.017175,0.01798,0.064809,0.036821,0.036169,0.169168,0.047053,0.27697,0.233604,0.043037,0.0396
AAGCCGCCGTGAAATC-1,0.000019,0.003194,0.111825,0.023448,0.000019,0.000019,0.000019,0.000019,0.000019,0.000019,0.369836,0.491563
AAGCCGCTTTACCTTG-1,0.001189,0.001288,0.130673,0.027637,0.020603,0.124525,0.059282,0.096442,0.188906,0.248161,0.046496,0.054799
AAGCCGGAGAGCAGGA-1,0.021302,0.068556,0.156922,0.044956,0.019336,0.34065,0.11335,0.011392,0.101729,0.087503,0.018877,0.015426
AAGCGCAGGGCTTTGA-1,0.111454,0.033672,0.000923,0.179982,0.014207,0.163058,0.149408,0.03547,0.04301,0.142102,0.080842,0.045869
AAGCGGAGTGCGCGCA-1,0.003292,0.000016,0.16327,0.004619,0.057313,0.118297,0.245895,0.013624,0.3134,0.076099,0.001455,0.002721
AAGCGGCGTCATGGGT-1,0.000163,0.000163,0.656504,0.000163,0.000163,0.000163,0.000163,0.000163,0.000163,0.000163,0.341869,0.000163
AAGCGTCCCTCATCGA-1,0.002663,0.065506,0.074164,0.17161,0.027435,0.020631,0.031132,0.046647,0.027681,0.044957,0.187999,0.299574
AAGCTAGATCGAGTAA-1,0.000012,0.023185,0.073197,0.03211,0.037473,0.392855,0.018818,0.009454,0.078429,0.334445,0.000012,0.000012
AAGCTATGGATTGACC-1,0.438689,0.077586,0.000015,0.000015,0.000015,0.028774,0.000015,0.000015,0.000015,0.016514,0.000015,0.438334
AAGCTCGTGCCAAGTC-1,0.000025,0.000025,0.216374,0.007356,0.000095,0.073096,0.021971,0.038097,0.345811,0.28452,0.000025,0.012605
AAGCTCTTTCATGGTG-1,0.09516,0.044727,0.053832,0.110205,0.141163,0.214006,0.107323,0.069337,0.046056,0.067924,0.005244,0.045023
AAGGAGAACTTATAAG-1,0.000022,0.000022,0.345093,0.000022,0.002345,0.021876,0.072193,0.232884,0.295782,0.025808,0.003929,0.000022
AAGGAGCGGTTGGTGC-1,0.000012,0.006854,0.009588,0.017691,0.106194,0.090779,0.002816,0.009872,0.46296,0.248194,0.000012,0.045027
AAGGATCGATCGCTTG-1,0.005215,0.000074,0.000204,0.065617,0.180018,0.000074,0.000074,0.080358,0.293822,0.310175,0.053228,0.011139
AAGGATGAGGGACCTC-1,0.001417,0.057014,0.018493,0.021991,0.017902,0.00641,0.104096,0.705443,0.038587,0.015562,0.013065,0.00002
AAGGCAGGCTGTCTCC-1,0.040841,0.019406,0.264847,0.036752,0.189272,0.081787,0.291945,0.010735,0.028223,0.007064,0.017321,0.011807
AAGGCGCGTAAAGCTT-1,0.000008,0.000041,0.005985,0.000008,0.154202,0.09937,0.102509,0.005553,0.601821,0.030489,0.000008,0.000008
AAGGCTGTGCTCATCG-1,0.000013,0.000956,0.068389,0.023197,0.026795,0.182763,0.009209,0.006202,0.561819,0.109064,0.004695,0.006899
AAGGGAACGACTGGCT-1,0.085308,0.372638,0.000008,0.037448,0.002103,0.043884,0.017203,0.000008,0.000008,0.008589,0.008522,0.424279
AAGGGACAGATTCTGT-1,0.000053,0.000053,0.004143,0.000053,0.07194,0.008789,0.070887,0.194824,0.276458,0.23849,0.134258,0.000053
AAGGGACTATGCATTC-1,0.691113,0.002106,0.000011,0.008392,0.000011,0.000011,0.000011,0.000011,0.000011,0.000011,0.02522,0.273094
AAGGGTTAGCCATGCG-1,0.052317,0.005548,0.168243,0.022811,0.054289,0.063306,0.454551,0.00002,0.016812,0.000567,0.082794,0.07874
AAGGGTTTGATTTCAG-1,0.032019,0.026921,0.188757,0.03241,0.004401,0.000019,0.026493,0.012466,0.000019,0.000019,0.086374,0.590105
AAGGTATCCTAATATA-1,0.000032,0.051238,0.109748,0.023155,0.121338,0.026855,0.084378,0.355181,0.050014,0.177997,0.000032,0.000032
AAGGTGATAAACCAGC-1,0.061873,0.013511,0.023487,0.016086,0.122727,0.091145,0.043472,0.157648,0.258834,0.154531,0.047556,0.009131
AAGTAAGCTTCCAAAC-1,0.000023,0.000023,0.476036,0.005345,0.016606,0.000023,0.002937,0.22628,0.105436,0.005699,0.046168,0.115424
AAGTAGAAGACCGGGT-1,0.002529,0.004934,0.064899,0.003977,0.103883,0.084433,0.060856,0.021909,0.527317,0.052952,0.012459,0.059849
AAGTAGTGACGCGAGG-1,0.048006,0.000053,0.731394,0.046807,0.085649,0.000053,0.000053,0.00456,0.004488,0.007996,0.000053,0.070889
AAGTCAATTGTCGTCA-1,0.012621,0.01261,0.140307,0.059262,0.122651,0.000142,0.000064,0.275964,0.18634,0.12644,0.003747,0.059854
AAGTCTAGTAGCTGCC-1,0.018458,0.007584,0.022525,0.006185,0.01883,0.134764,0.15241,0.013305,0.322294,0.225982,0.060394,0.017269
AAGTCTTCTGTGGCCT-1,0.073562,0.23648,0.082493,0.043949,0.039545,0.028674,0.033963,0.371105,0.000096,0.082016,0.008092,0.000024
AAGTGACGACCGAATT-1,0.04235,0.024714,0.011272,0.011341,0.157462,0.118141,0.120723,0.030036,0.373607,0.090515,0.000015,0.019826
AAGTGAGTCGGGTTTA-1,0.001649,0.457131,0.04983,0.203189,0.029062,0.07101,0.045773,0.015501,0.003414,0.058675,0.064754,0.00001
AAGTGCAAAGGTAGAC-1,0.000046,0.000046,0.06498,0.000046,0.000046,0.000046,0.000046,0.080991,0.000046,0.000046,0.853617,0.000046
AAGTGCCTTGACTGTA-1,0.000074,0.017252,0.046626,0.006553,0.204188,0.117388,0.000074,0.128939,0.258486,0.211019,0.009328,0.000074
AAGTGCGTTAGAATCT-1,0.000026,0.000026,0.32446,0.134818,0.069142,0.000026,0.000026,0.084192,0.049706,0.007968,0.329582,0.000026
AAGTGCTTCTCTATTG-1,0.017492,0.159692,0.111904,0.200706,0.007809,0.004097,0.030305,0.011061,0.000011,0.000021,0.023496,0.433406
AAGTGTTTGGAGACGG-1,0.055908,0.03308,0.01437,0.126392,0.159979,0.075836,0.024743,0.074771,0.046341,0.295487,0.079939,0.013154
AAGTTCACTCCAAGCT-1,0.064907,0.126981,0.057337,0.044325,0.184367,0.125415,0.15056,0.019781,0.055076,0.126756,0.022561,0.021935
AAGTTCAGTCTGCGTA-1,0.015697,0.000063,0.059931,0.000063,0.100507,0.000063,0.000063,0.462819,0.205444,0.053209,0.10208,0.000063
AAGTTCGGCCAACAGG-1,0.017784,0.058203,0.004707,0.028365,0.23096,0.002309,0.006317,0.121593,0.230865,0.065167,0.097142,0.136586
AAGTTGTGATGTTATA-1,0.172341,0.067422,0.347045,0.082324,0.000048,0.001459,0.295229,0.000239,0.000048,0.000048,0.033751,0.000048
AAGTTTACTAATGGCA-1,0.000055,0.000055,0.797561,0.000055,0.000055,0.000055,0.000055,0.119427,0.045682,0.000055,0.036889,0.000055
AAGTTTATGGGCCCAA-1,0.084863,0.114148,0.000048,0.046779,0.047281,0.107383,0.176124,0.042622,0.090776,0.100739,0.068819,0.120419
AATAACAACGCTCGGC-1,0.000011,0.022765,0.035598,0.033606,0.093527,0.1446,0.025484,0.037757,0.179984,0.388281,0.000445,0.03794
AATAACACTAGAACAA-1,0.062207,0.175945,0.007357,0.186223,0.093792,0.017241,0.000014,0.027025,0.022207,0.089539,0.000014,0.318436
AATAACGTCGCGCCCA-1,0.170624,0.027467,0.154736,0.0303,0.000015,0.186655,0.356651,0.007158,0.010514,0.019381,0.000015,0.036484
AATAAGTCCTCGAGAC-1,0.000019,0.043856,0.112565,0.01937,0.0026,0.077668,0.009281,0.321623,0.20914,0.203794,0.000019,0.000063
AATAATCTTCGTATCG-1,0.004204,0.017012,0.232183,0.029697,0.026904,0.091869,0.526598,0.001031,0.008455,0.002334,0.036504,0.023209
AATACAATGTTTCAGG-1,0.000051,0.000051,0.235083,0.001341,0.031039,0.000051,0.049561,0.24382,0.035932,0.004589,0.398431,0.000051
AATACCGGAGGGCTGT-1,0.201915,0.40028,0.000082,0.023813,0.001867,0.040814,0.011435,0.008292,0.002859,0.025684,0.050969,0.231988
AATACCTGATGTGAAC-1,0.06285,0.078334,0.031087,0.00433,0.010418,0.001681,0.622036,0.044548,0.000018,0.000018,0.132398,0.012281
AATAGAACAGAGTGGC-1,0.000016,0.203997,0.140175,0.329684,0.022497,0.058426,0.005393,0.035538,0.059165,0.108095,0.00052,0.036495
AATAGAATCTGTTTCA-1,0.099219,0.040303,0.021035,0.176429,0.032368,0.178725,0.01117,0.066871,0.240703,0.053119,0.058496,0.021563
AATAGCAAGCCTCCTG-1,0.012385,0.000044,0.621631,0.000044,0.000044,0.000044,0.243437,0.120728,0.001513,0.000044,0.000044,0.000044
AATAGCTACCGCGTGC-1,0.000038,0.000038,0.210846,0.000038,0.064743,0.010771,0.022894,0.290256,0.272241,0.060888,0.040868,0.026379
AATAGGCACGACCCTT-1,0.363319,0.318055,0.067723,0.066086,0.012033,0.056582,0.022501,0.002846,0.006755,0.005901,0.000011,0.078188
AATAGTCCGTCCCGAC-1,0.006463,0.049465,0.001695,0.070215,0.034292,0.583246,0.011067,0.00058,0.083397,0.137097,0.000008,0.022475
AATAGTCGCGAGTCGG-1,0.000042,0.000042,0.089755,0.000042,0.000042,0.000042,0.000042,0.106456,0.008826,0.000042,0.60091,0.193758
AATATCAAGGTCGGAT-1,0.000301,0.000016,0.14927,0.000449,0.015854,0.026138,0.000491,0.130672,0.433271,0.243508,0.000016,0.000016
AATATCCTAGCAAACT-1,0.002192,0.247678,0.02988,0.079615,0.008486,0.315686,0.028665,0.037693,0.01102,0.235766,0.000862,0.002457
AATATCGAATCAATGC-1,0.04757,0.010799,0.071731,0.018209,0.08963,0.0926,0.038225,0.043842,0.367725,0.101601,0.099778,0.018292
AATATCGAGGGTTCTC-1,0.000073,0.000073,0.110882,0.000073,0.000439,0.008496,0.101405,0.291301,0.345428,0.086389,0.045199,0.010242
AATATTGGAGTATTGA-1,0.000037,0.020531,0.121977,0.096003,0.073933,0.02188,0.017822,0.294065,0.060924,0.240014,0.052779,0.000037
AATCAGACTGCAGGAC-1,0.000028,0.01785,0.248438,0.000028,0.014421,0.067099,0.07252,0.224641,0.285788,0.069129,0.000028,0.000028
AATCAGGTTTCATTTA-1,0.005386,0.111027,0.02894,0.136195,0.000014,0.010507,0.048266,0.000718,0.000014,0.000014,0.197796,0.461122
AATCATGTAAAGACTC-1,0.191561,0.05299,0.041745,0.035435,0.098481,0.159846,0.046964,0.241167,0.042508,0.034023,0.052429,0.002851
AATCCAAGGGCCTGAG-1,0.000016,0.000016,0.309855,0.009153,0.023491,0.009928,0.000016,0.020808,0.421905,0.123475,0.021833,0.059504
AATCCATGCAAGGGTG-1,0.000019,0.000019,0.048469,0.000019,0.005574,0.055562,0.00234,0.217514,0.157973,0.44687,0.065622,0.000019
AATCCCGCTCAGAGCC-1,0.076169,0.06083,0.037897,0.039928,0.027645,0.164276,0.285387,0.078485,0.045934,0.053151,0.064907,0.065391
AATCGAGGTCTCAAGG-1,0.081531,0.065331,0.01754,0.027225,0.008277,0.072983,0.470285,0.139976,0.016274,0.023729,0.075094,0.001753
AATCGCCTCAGCGCCA-1,0.000026,0.000026,0.149294,0.002414,0.001476,0.124935,0.125555,0.187759,0.290374,0.084214,0.033899,0.000026
AATCGCGCAGAGGACT-1,0.304001,0.000028,0.227916,0.000028,0.160968,0.014881,0.148956,0.02236,0.089053,0.001077,0.030127,0.000606
AATCGGGACACTACGA-1,0.000025,0.000025,0.421883,0.001629,0.017732,0.009206,0.069069,0.207584,0.243281,0.029517,0.000025,0.000025
AATCGGTATAGCCCTC-1,0.017069,0.16109,0.015339,0.00338,0.000348,0.425112,0.188378,0.071713,0.041935,0.071779,0.000011,0.003846
AATCGTGAGCCGAGCA-1,0.00844,0.198643,0.000067,0.000067,0.126759,0.020893,0.200387,0.079749,0.221673,0.008438,0.077243,0.057641
AATCTAGGTTTACTTG-1,0.1523,0.056185,0.286574,0.306528,0.03015,0.001145,0.001304,0.017237,0.000034,0.000034,0.148475,0.000034
AATCTATGCCGGAGCC-1,0.032317,0.000079,0.025186,0.000079,0.213808,0.000079,0.000079,0.287004,0.220343,0.159544,0.061401,0.000079
AATCTCTACTGTGGTT-1,0.110319,0.177394,0.000021,0.000021,0.008094,0.01745,0.033421,0.50939,0.012695,0.131153,0.000021,0.000021
AATCTGCGTTGGGACG-1,0.000058,0.000058,0.079221,0.032026,0.312812,0.000058,0.000058,0.309194,0.124619,0.086933,0.054266,0.000695
AATCTGGCTTTCTAGT-1,0.029055,0.099513,0.341414,0.382855,0.023735,0.000036,0.000036,0.042207,0.00147,0.000048,0.071641,0.007991
AATCTGGGTAGACCCT-1,0.119161,0.000054,0.02815,0.000054,0.021151,0.000054,0.000054,0.004549,0.000054,0.000054,0.826612,0.000054
AATGACAGCAATGTCT-1,0.000024,0.013124,0.278972,0.340536,0.129768,0.004568,0.012928,0.027884,0.099479,0.022671,0.002532,0.067515
AATGACGTAGGATGTC-1,0.024774,0.052883,0.017395,0.049004,0.118157,0.045463,0.029935,0.182518,0.239421,0.173863,0.030641,0.035947
AATGACTGTCAGCCGG-1,0.000239,0.026845,0.029416,0.006093,0.181113,0.089803,0.043118,0.027078,0.41915,0.14411,0.000012,0.033025
AATGAGTTCGCATATG-1,0.000039,0.000039,0.379225,0.005745,0.000089,0.030654,0.045923,0.214292,0.154502,0.061861,0.107591,0.000039
AATGATGATACGCTAT-1,0.01002,0.000037,0.002399,0.004506,0.04123,0.013332,0.000037,0.307997,0.343721,0.076431,0.20025,0.000037
AATGATGCGACTCCTG-1,0.000059,0.000059,0.067129,0.02848,0.254699,0.000059,0.000059,0.249136,0.28601,0.089559,0.024691,0.000059
AATGCAACCGGGTACC-1,0.008659,0.000025,0.406435,0.025095,0.227292,0.017447,0.017305,0.019919,0.111259,0.104116,0.034026,0.028423
AATGCACCAAGCAATG-1,0.000034,0.000034,0.015856,0.000034,0.150549,0.000116,0.000034,0.256262,0.243795,0.114923,0.192093,0.026271
AATGGCCGCCAATGCG-1,0.000021,0.003717,0.286697,0.000021,0.000695,0.167357,0.233145,0.191229,0.031737,0.051868,0.033493,0.000021
AATGGTCCACCGTTCA-1,0.228034,0.03912,0.076653,0.024379,0.025757,0.000035,0.038336,0.553179,0.000035,0.003773,0.010663,0.000035
AATGGTTCTCACAAGC-1,0.005131,0.002327,0.025149,0.001686,0.226077,0.030032,0.19897,0.060732,0.384727,0.022327,0.000133,0.04271
AATGTATGGCACTGTA-1,0.181572,0.098268,0.000012,0.008048,0.008666,0.008606,0.000012,0.000012,0.000012,0.005066,0.045384,0.644341
AATGTGCCCGAGGTGT-1,0.032058,0.000019,0.081713,0.006638,0.007035,0.000019,0.000019,0.028079,0.028382,0.0158,0.203925,0.596313
AATGTGCTAATCTGAG-1,0.184032,0.00303,0.00001,0.00001,0.00001,0.00001,0.00001,0.00001,0.00001,0.00001,0.24922,0.563639
AATGTTAAGACCCTGA-1,0.112215,0.047077,0.001039,0.013335,0.004633,0.065989,0.427088,0.191115,0.051933,0.036188,0.032182,0.017205
AATGTTGTCGTGAGAC-1,0.146608,0.147313,0.302412,0.005174,0.000035,0.01396,0.348393,0.035965,0.000035,0.000035,0.000035,0.000035
AATTAAAGGTCGGCGT-1,0.000014,0.181095,0.002349,0.031776,0.088498,0.009137,0.000014,0.187994,0.169092,0.280186,0.049831,0.000014
AATTAACGGATTTCCA-1,0.062722,0.063659,0.027595,0.042416,0.099138,0.088564,0.079645,0.131866,0.165734,0.123065,0.066416,0.049179
AATTACGAGACCCATC-1,0.000017,0.031312,0.029077,0.115984,0.007184,0.020581,0.016623,0.000017,0.000017,0.00028,0.165914,0.612993
AATTACTCGTACGCTC-1,0.000013,0.000013,0.037507,0.000648,0.013186,0.000013,0.000732,0.645406,0.230288,0.018355,0.053827,0.000013
AATTAGCGCTGCAGCG-1,0.1814,0.133744,0.000226,0.004841,0.027345,0.315489,0.03298,0.013088,0.082801,0.152729,0.032976,0.02238
AATTATACCCAGCAAG-1,0.00581,0.000066,0.403309,0.000066,0.000066,0.000066,0.007844,0.078947,0.000066,0.000066,0.503628,0.000066
AATTCATAAGGGATCT-1,0.000177,0.00234,0.001418,0.00411,0.136847,0.009377,0.022658,0.249074,0.307613,0.063836,0.200979,0.001571
AATTCATTGTCATGCA-1,0.000014,0.000014,0.000014,0.000014,0.000014,0.000014,0.000014,0.000014,0.000014,0.000014,0.151315,0.848545
AATTCCAACTTGGTGA-1,0.134173,0.000026,0.260041,0.000026,0.018067,0.000026,0.031204,0.419961,0.134612,0.00143,0.000408,0.000026
AATTCCAAGCATGTAC-1,0.06531,0.062746,0.011322,0.121163,0.052725,0.107432,0.082011,0.109514,0.121017,0.105228,0.083809,0.077723
AATTCGATTCGAGGAT-1,0.023346,0.045016,0.001449,0.081519,0.009276,0.090921,0.323641,0.014014,0.145444,0.074465,0.098708,0.092202
AATTCTAGAGTTAGGC-1,0.186986,0.013924,0.180532,0.354212,0.217546,0.0114,0.000041,0.00075,0.012383,0.016009,0.003443,0.002772
AATTGAACGCTCTGGT-1,0.016396,0.105245,0.026182,0.039995,0.051701,0.083854,0.033906,0.129743,0.131475,0.213104,0.095248,0.073152
AATTGCAGCAATCGAC-1,0.087139,0.11366,0.116921,0.007345,0.002756,0.000989,0.447205,0.223873,0.000028,0.000028,0.000028,0.000028
AATTGCGTGGATTACA-1,0.006954,0.000012,0.000012,0.000012,0.000165,0.000012,0.011317,0.047146,0.018432,0.000012,0.08557,0.830354
AATTGTGGTTGCCAAA-1,0.00038,0.109372,0.181566,0.073935,0.01122,0.206516,0.38576,0.000016,0.00518,0.004276,0.000016,0.021763
AATTTGGGACATAGTA-1,0.044021,0.000201,0.511066,0.000201,0.105821,0.000201,0.000201,0.000201,0.000201,0.000201,0.337485,0.000201
AATTTGGTTCCAAAGA-1,0.000029,0.000029,0.487637,0.000029,0.028445,0.004512,0.062191,0.116215,0.257619,0.028829,0.014437,0.000029
ACAAACCATGCGTCCT-1,0.00002,0.00002,0.13871,0.011752,0.00002,0.00002,0.00002,0.00002,0.00002,0.00002,0.041974,0.8074
ACAAACCGACAAGGCG-1,0.110551,0.124498,0.105784,0.00559,0.014154,0.007464,0.189886,0.409385,0.006093,0.000026,0.026549,0.000019
ACAAACTCCATCAGAG-1,0.180634,0.300123,0.05662,0.06647,0.015293,0.066441,0.039441,0.015401,0.016266,0.075725,0.018443,0.149144
ACAAAGAAGGTAGGCC-1,0.241199,0.045074,0.006636,0.044238,0.087169,0.284448,0.015692,0.019572,0.006489,0.232546,0.003982,0.012956
ACAAAGCATGACCTAG-1,0.000032,0.000032,0.134576,0.000032,0.000032,0.013352,0.12812,0.037721,0.011591,0.000032,0.67445,0.000032
ACAAATCGCACCGAAT-1,0.099964,0.09178,0.045802,0.047994,0.054407,0.09986,0.034607,0.169201,0.085682,0.188918,0.05136,0.030424
ACAAATGGTAGTGTTT-1,0.036319,0.042686,0.006985,0.168456,0.181005,0.021154,0.06964,0.156692,0.238484,0.050027,0.014986,0.013566
ACAAATTCAGATCTGA-1,0.095187,0.000063,0.490466,0.000063,0.000063,0.000063,0.000063,0.388213,0.000063,0.000063,0.025632,0.000063
ACAACAGCATGAGCTA-1,0.000045,0.000045,0.567336,0.019285,0.085697,0.000045,0.000612,0.113379,0.10655,0.05049,0.000045,0.056473
ACAACGGTCCCTGCGA-1,0.007202,0.01263,0.05923,0.039866,0.026833,0.049104,0.029432,0.285104,0.176213,0.281747,0.005652,0.026988
ACAAGCAGTGCCTAGC-1,0.00004,0.020526,0.32788,0.13854,0.025022,0.001221,0.024921,0.293444,0.033488,0.134838,0.00004,0.00004
ACAAGCTATATGGAAG-1,0.152182,0.248393,0.016343,0.054873,0.023075,0.02399,0.032202,0.371162,0.000992,0.0255,0.051268,0.00002
ACAAGGAAATCCGCCC-1,0.043883,0.068327,0.008549,0.053885,0.12556,0.104731,0.079259,0.204305,0.08069,0.163979,0.016333,0.050499
ACAAGGACAAGAGGTT-1,0.004936,0.034196,0.022114,0.014697,0.268979,0.124987,0.014701,0.021419,0.326051,0.128894,0.000011,0.039016
ACAAGGATGCTTTAGG-1,0.076938,0.005712,0.050699,0.1463,0.080093,0.136299,0.15246,0.127218,0.063943,0.077855,0.033307,0.049176
ACAAGGCCTACCAGCC-1,0.05717,0.075031,0.202869,0.000031,0.007492,0.012146,0.262419,0.375329,0.000097,0.000031,0.007352,0.000031
ACAAGGGCAGGCTCTG-1,0.00003,0.00003,0.138955,0.210779,0.062474,0.097486,0.042195,0.107562,0.08741,0.138968,0.114078,0.00003
ACAAGTAATTGTAAGG-1,0.000048,0.086864,0.084567,0.116556,0.047051,0.00366,0.019972,0.03027,0.00611,0.006777,0.049906,0.548219
