Barcode,Topic 1,Topic 2to4,Topic 5to9
AAACAACGAATAGTTC-1,0.000079,0.147261,0.85266
AAACAAGTATCTCCCA-1,0.000043,0.551959,0.447997
AAACAATCTACTAGCA-1,0.000127,0.432353,0.56752
AAACACCAATAACTGC-1,0.000039,0.956471,0.04349
AAACAGAGCGACTCCT-1,0.000022,0.008889,0.991089
AAACAGCTTTCAGAAG-1,0.000047,0.09999,0.899963
AAACAGGGTCTATATT-1,0.000032,0.115894,0.884074
AAACAGTGTTCCTGGG-1,0.000029,0.955861,0.044109
AAACATGGTGAGAGGA-1,0.000035,0.999788,0.000176
AAACATTTCCCGGATT-1,0.000049,0.908153,0.091798
AAACCACTACACAGAT-1,0.000041,0.7681,0.23186
AAACCCGAACGAAATC-1,0.000032,0.965838,0.03413
AAACCGGAAATGTTAA-1,0.000042,0.933781,0.066177
AAACCGGGTAGGTACC-1,0.000044,0.000132,0.999824
AAACCGTTCGTCCAGG-1,0.000111,0.000334,0.999555
AAACCTAAGCAGCCGG-1,0.000053,0.421751,0.578196
AAACCTCATGAAGTTG-1,0.000043,0.000128,0.99983
AAACGAAGAACATACC-1,0.000072,0.038853,0.961075
AAACGAAGATGGAGTA-1,0.000042,0.996574,0.003384
AAACGACAGTCTTGCC-1,0.000037,0.436913,0.56305
AAACGAGACGGTTGAT-1,0.000111,0.082848,0.917041
AAACGCCCGAGATCGG-1,0.000037,0.374194,0.625769
AAACGCTGGGCACGAC-1,0.000043,0.98891,0.011047
AAACGGGCGTACGGGT-1,0.000055,0.824958,0.174987
AAACGGGTTGGTATCC-1,0.000068,0.023555,0.976376
AAACGGTTGCGAACTG-1,0.000035,0.019697,0.980269
AAACGTGTTCGCCCTA-1,0.000048,0.944274,0.055679
AAACTAACGTGGCGAC-1,0.00012,0.658334,0.341546
AAACTCGGTTCGCAAT-1,0.000131,0.103846,0.896023
AAACTCGTGATATAAG-1,0.000031,0.914349,0.08562
AAACTGCTGGCTCCAA-1,0.000153,0.059353,0.940493
AAACTTAATTGCACGC-1,0.000053,0.979392,0.020555
AAACTTGCAAACGTAT-1,0.000124,0.000371,0.999505
AAAGAATGACCTTAGA-1,0.000047,0.965783,0.03417
AAAGAATGTGGACTAA-1,0.000045,0.922845,0.07711
AAAGACATGAAGTTTA-1,0.000051,0.030348,0.969601
AAAGACCCAAGTCGCG-1,0.000166,0.06847,0.931364
AAAGACTGGGCGCTTT-1,0.000109,0.000326,0.999565
AAAGCTTGCCTACATA-1,0.00003,0.931454,0.068516
AAAGGCCCTATAATAC-1,0.000055,0.895984,0.103961
AAAGGCTACGGACCAT-1,0.000113,0.00034,0.999547
AAAGGCTCTCGCGCCG-1,0.000289,0.000866,0.998845
AAAGGGATGTAGCAAG-1,0.000067,0.160724,0.839209
AAAGGGCAGCTTGAAT-1,0.000065,0.072803,0.927132
AAAGGTAAGCTGTACC-1,0.000113,0.328947,0.67094
AAAGGTCAACGACATG-1,0.000064,0.538041,0.461895
AAAGTAGCATTGCTCA-1,0.000107,0.00032,0.999573
AAAGTCACTGATGTAA-1,0.000184,0.000552,0.999264
AAAGTCGACCCTCAGT-1,0.000046,0.031385,0.968568
AAAGTGCCATCAATTA-1,0.000038,0.99977,0.000192
AAAGTGTGATTTATCT-1,0.000076,0.097599,0.902325
AAAGTTGACTCCCGTA-1,0.000082,0.278784,0.721135
AAATAACCATACGGGA-1,0.000042,0.100855,0.899104
AAATAAGGTAGTGCCC-1,0.000043,0.792095,0.207862
AAATACCTATAAGCAT-1,0.000104,0.000311,0.999585
AAATAGCTTAGACTTT-1,0.000072,0.770422,0.229505
AAATAGGGTGCTATTG-1,0.000122,0.000365,0.999513
AAATCACTCCTAAACG-1,0.000044,0.838186,0.16177
AAATCCGATACACGCC-1,0.000037,0.547389,0.452574
AAATCGCGGAAGGAGT-1,0.000076,0.966483,0.033441
AAATCGTGTACCACAA-1,0.000071,0.000212,0.999717
AAATCTAGCCCTGCTA-1,0.000042,0.934584,0.065374
AAATCTGCCCGCGTCC-1,0.000044,0.974934,0.025022
AAATGACTGATCAAAC-1,0.000023,0.94068,0.059297
AAATGATTCGATCAGC-1,0.000062,0.621182,0.378756
AAATGCTCGTTACGTT-1,0.000076,0.00023,0.999694
AAATGGCATGTCTTGT-1,0.000066,0.087786,0.912148
AAATGGCCCGTGCCCT-1,0.000079,0.128143,0.871778
AAATGGTCAATGTGCC-1,0.000071,0.000214,0.999715
AAATGTATCTTATCCC-1,0.000075,0.08147,0.918455
AAATGTGGGTGCTCCT-1,0.000026,0.000088,0.999886
AAATTAACGGGTAGCT-1,0.000085,0.027212,0.972703
AAATTAATAAGCGCGA-1,0.000052,0.047816,0.952131
AAATTACACGACTCTG-1,0.000042,0.055661,0.944297
AAATTACCTATCGATG-1,0.000073,0.077016,0.922911
AAATTCCAGGTCCAAA-1,0.000037,0.792734,0.207229
AAATTGATAGTCCTTT-1,0.000179,0.071872,0.927949
AAATTGCGGCGGTTCT-1,0.000075,0.000226,0.999699
AAATTGGTGAGAAGCA-1,0.000109,0.859234,0.140656
AAATTTACCGAAATCC-1,0.00005,0.024094,0.975856
AAATTTGCGGGTGTGG-1,0.000117,0.000351,0.999532
AACAACTGGTAGTTGC-1,0.000149,0.067249,0.932601
AACAATACATTGTCGA-1,0.000095,0.042541,0.957365
AACAATTACTCTACGC-1,0.000136,0.000409,0.999454
AACACACGCTCGCCGC-1,0.000063,0.079961,0.919975
AACACGACTGTACTGA-1,0.000092,0.022195,0.977713
AACACGAGACGCGGCC-1,0.00017,0.064019,0.935812
AACACGCGGCCGCGAA-1,0.00008,0.149401,0.850519
AACAGCTGTGTGGCAA-1,0.000196,0.183913,0.815892
AACAGGAAATCGAATA-1,0.000044,0.007202,0.992754
AACAGGATGGGCCGCG-1,0.000154,0.080159,0.919687
AACAGGTAGTATGGAT-1,0.000033,0.769554,0.230412
AACATAGCGTGTATCG-1,0.000041,0.952238,0.04772
AACATATCAACTGGTG-1,0.000051,0.193391,0.806558
AACATCGATACGTCTA-1,0.000062,0.79058,0.209358
AACATTGAAGTTGATC-1,0.000055,0.979258,0.020687
AACATTGGTCAGCCGT-1,0.000102,0.045223,0.954675
AACATTGTGACTCGAG-1,0.000122,0.030445,0.969433
AACCAAGACTTCTCTG-1,0.00006,0.000179,0.999762
AACCAGTATCACTCTT-1,0.000054,0.118405,0.881542
AACCATAGGGTTGAAC-1,0.000082,0.934404,0.065514
AACCATGGGATCGCTA-1,0.000109,0.062304,0.937587
AACCCAGAGACGGAGA-1,0.000245,0.117486,0.882269
AACCCATCCCATGATC-1,0.000052,0.947007,0.05294
AACCCGACAACCCGTG-1,0.000052,0.384814,0.615134
AACCCGAGCAGAATCG-1,0.000031,0.999813,0.000156
AACCCGATAGGGCTTC-1,0.000057,0.941205,0.058738
AACCCGCTGTATTCCA-1,0.000051,0.867185,0.132764
AACCCTACTGTCAATA-1,0.000082,0.159776,0.840142
AACCCTGGTGGAACCA-1,0.000081,0.015063,0.984856
AACCGAGCTTGGTCAT-1,0.000054,0.000162,0.999784
AACCGCTAAGGGATGC-1,0.000032,0.019458,0.98051
AACCGTTGTGTTTGCT-1,0.000083,0.00025,0.999666
AACCTAAAGCCGTCCG-1,0.00002,0.040576,0.959404
AACCTCGCTTTAGCCC-1,0.000047,0.062291,0.937662
AACCTGTCACGGAATT-1,0.000039,0.882363,0.117598
AACCTTTAAATACGGT-1,0.000211,0.000634,0.999155
AACCTTTACGACGTCT-1,0.000019,0.000056,0.999926
AACGAAAGTCGTCCCA-1,0.000027,0.938009,0.061964
AACGACCTCCTAGCCG-1,0.000038,0.999769,0.000192
AACGATAATGCCGTAG-1,0.000086,0.000259,0.999655
AACGATAGAAGGGCCG-1,0.00007,0.008626,0.991304
AACGATATGTCAACTG-1,0.000095,0.000285,0.99962
AACGCATGATCTGGGT-1,0.000095,0.353147,0.646759
AACGCGAACGGCAACA-1,0.000082,0.000247,0.999671
AACGCGACCTTGGGCG-1,0.000052,0.049322,0.950626
AACGCGGTCTCCAGCC-1,0.000043,0.004463,0.995494
AACGCTGTTGCTGAAA-1,0.000092,0.542076,0.457832
AACGGACGTACGTATA-1,0.000051,0.17203,0.827919
AACGGCCATCTCCGGT-1,0.00009,0.048466,0.951444
AACGTACTGTGGGTAC-1,0.000084,0.000254,0.999662
AACGTAGTCTACCCAT-1,0.000035,0.161408,0.838557
AACGTCAGACTAGTGG-1,0.000239,0.000719,0.999042
AACGTCATCCGGCTTG-1,0.000026,0.980055,0.019919
AACGTCGCTGCACTTC-1,0.000046,0.946405,0.053549
AACGTGATGAAGGACA-1,0.000037,0.018921,0.981042
AACGTGCGAAAGTCTC-1,0.000068,0.002568,0.997364
AACGTTATCAGCACCT-1,0.000076,0.067762,0.932162
AACGTTCTACCATTGT-1,0.000033,0.854264,0.145703
AACTACCCGTTTGTCA-1,0.000043,0.915536,0.08442
AACTAGCGTATCGCAC-1,0.000103,0.077257,0.922639
AACTAGGCTTGGGTGT-1,0.000354,0.001062,0.998584
AACTCAAGTTAATTGC-1,0.000162,0.000486,0.999352
AACTCCAGAGCGTGTT-1,0.000082,0.762642,0.237276
AACTCCTAATCCCATG-1,0.000061,0.186858,0.813081
AACTCGATAAACACGT-1,0.000032,0.000095,0.999873
AACTCGATGGCGCAGT-1,0.000044,0.000131,0.999826
AACTCTCAATAGAGCG-1,0.000044,0.015291,0.984665
AACTCTCAGTGTGCTC-1,0.000067,0.000201,0.999732
AACTGAGGTCAGCGTC-1,0.000086,0.430082,0.569832
AACTGAGTTATACTGA-1,0.000052,0.842522,0.157426
AACTGATATTAGGCCT-1,0.000084,0.000254,0.999662
AACTGGGTCCCGACGT-1,0.000072,0.000215,0.999713
AACTGGGTTCGAGCCG-1,0.000178,0.000535,0.999287
AACTGGTGTGGGCCTT-1,0.000153,0.000458,0.999389
AACTTCTGCGTCTATC-1,0.000053,0.055668,0.944279
AACTTGCCCGTATGCA-1,0.000144,0.000433,0.999423
AACTTGCGTTCTCGCG-1,0.000092,0.000277,0.999631
AACTTTACGGGAGCTT-1,0.00019,0.139895,0.859915
AACTTTAGCTGCTGAG-1,0.000117,0.104028,0.895855
AACTTTCTCGATCATG-1,0.000055,0.999671,0.000274
AAGAAAGTTTGATGGG-1,0.000034,0.997373,0.002593
AAGAAATCACCAGATT-1,0.00002,0.944242,0.055738
AAGAAGGATCAGTTAG-1,0.000056,0.023601,0.976343
AAGACATACGTGGTTT-1,0.000034,0.999796,0.00017
AAGACCAAATAACTCA-1,0.000055,0.938964,0.060981
AAGACCCAACTGAACA-1,0.00009,0.048981,0.950929
AAGACTAACCCGTTGT-1,0.000034,0.101358,0.898608
AAGACTCACGCCCACT-1,0.000018,0.000054,0.999927
AAGACTGCAAGCTACT-1,0.000091,0.029521,0.970387
AAGAGATGAATCGGTA-1,0.000106,0.048212,0.951682
AAGAGCTCTTTATCGG-1,0.000035,0.000105,0.99986
AAGAGGATGTACGCGA-1,0.000149,0.036035,0.963816
AAGAGGCATGGATCGC-1,0.000099,0.000297,0.999604
AAGAGGCCCTTTGGAA-1,0.00006,0.949627,0.050313
AAGATGGCACCGGACC-1,0.000035,0.028363,0.971602
AAGATTGGCGGAACGT-1,0.000033,0.000098,0.99987
AAGCACCCTGCGTATC-1,0.000042,0.025744,0.974215
AAGCATACTCTCCTGA-1,0.00006,0.09241,0.90753
AAGCCACTTGCAGGTA-1,0.000056,0.959829,0.040115
AAGCCGAAGCGGTTTA-1,0.000094,0.86445,0.135456
AAGCCGCCGTGAAATC-1,0.000036,0.981122,0.018842
AAGCCGCTTTACCTTG-1,0.000035,0.824707,0.175258
AAGCCGGAGAGCAGGA-1,0.000029,0.974274,0.025696
AAGCGCAGGGCTTTGA-1,0.000039,0.091738,0.908223
AAGCGGAGTGCGCGCA-1,0.000061,0.903383,0.096555
AAGCGGCGTCATGGGT-1,0.000056,0.013557,0.986387
AAGCGTCCCTCATCGA-1,0.00008,0.091508,0.908412
AAGCTAGATCGAGTAA-1,0.000035,0.000105,0.99986
AAGCTATGGATTGACC-1,0.000025,0.999853,0.000123
AAGCTCGTGCCAAGTC-1,0.000076,0.047024,0.9529
AAGCTCTTTCATGGTG-1,0.000064,0.176911,0.823025
AAGGAGAACTTATAAG-1,0.000067,0.000202,0.999731
AAGGAGCGGTTGGTGC-1,0.00013,0.000391,0.999479
AAGGATCGATCGCTTG-1,0.000037,0.972586,0.027376
AAGGATGAGGGACCTC-1,0.000046,0.00014,0.999814
AAGGCAGGCTGTCTCC-1,0.000034,0.996302,0.003665
AAGGCGCGTAAAGCTT-1,0.000114,0.125001,0.874885
AAGGCTGTGCTCATCG-1,0.000084,0.155684,0.844231
AAGGGAACGACTGGCT-1,0.000053,0.890042,0.109905
AAGGGACAGATTCTGT-1,0.000083,0.021058,0.978858
AAGGGACTATGCATTC-1,0.000075,0.757516,0.242409
AAGGGTTAGCCATGCG-1,0.000039,0.955445,0.044517
AAGGGTTTGATTTCAG-1,0.000041,0.862192,0.137767
AAGGTATCCTAATATA-1,0.000076,0.000227,0.999697
AAGGTGATAAACCAGC-1,0.000034,0.035948,0.964018
AAGTAAGCTTCCAAAC-1,0.000059,0.000178,0.999763
AAGTAGAAGACCGGGT-1,0.000079,0.000236,0.999686
AAGTAGTGACGCGAGG-1,0.000068,0.000204,0.999728
AAGTCAATTGTCGTCA-1,0.000075,0.639402,0.360522
AAGTCTAGTAGCTGCC-1,0.000042,0.877762,0.122196
AAGTCTTCTGTGGCCT-1,0.000086,0.497098,0.502816
AAGTGACGACCGAATT-1,0.00011,0.037289,0.9626
AAGTGAGTCGGGTTTA-1,0.000067,0.034243,0.96569
AAGTGCAAAGGTAGAC-1,0.000082,0.017826,0.982093
AAGTGCCTTGACTGTA-1,0.000066,0.89429,0.105644
AAGTGCGTTAGAATCT-1,0.000106,0.050185,0.949709
AAGTGCTTCTCTATTG-1,0.000069,0.815569,0.184361
AAGTGTTTGGAGACGG-1,0.000207,0.055486,0.944307
AAGTTCACTCCAAGCT-1,0.000111,0.077313,0.922576
AAGTTCAGTCTGCGTA-1,0.000041,0.355106,0.644852
AAGTTCGGCCAACAGG-1,0.000085,0.053826,0.946089
AAGTTGTGATGTTATA-1,0.000106,0.971312,0.028582
AAGTTTACTAATGGCA-1,0.000088,0.000264,0.999648
AAGTTTATGGGCCCAA-1,0.000117,0.06533,0.934554
AATAACAACGCTCGGC-1,0.000071,0.000213,0.999717
AATAACACTAGAACAA-1,0.000259,0.048611,0.95113
AATAACGTCGCGCCCA-1,0.000013,0.783401,0.216586
AATAAGTCCTCGAGAC-1,0.000042,0.008821,0.991137
AATAATCTTCGTATCG-1,0.000043,0.999743,0.000214
AATACAATGTTTCAGG-1,0.000096,0.006946,0.992958
AATACCGGAGGGCTGT-1,0.000041,0.827402,0.172556
AATACCTGATGTGAAC-1,0.000044,0.98455,0.015405
AATAGAACAGAGTGGC-1,0.000053,0.00016,0.999786
AATAGAATCTGTTTCA-1,0.000083,0.007499,0.992419
AATAGCAAGCCTCCTG-1,0.000126,0.524806,0.475068
AATAGCTACCGCGTGC-1,0.000046,0.772324,0.227629
AATAGGCACGACCCTT-1,0.00003,0.952655,0.047316
AATAGTCCGTCCCGAC-1,0.000162,0.011047,0.988791
AATAGTCGCGAGTCGG-1,0.000116,0.147801,0.852083
AATATCAAGGTCGGAT-1,0.000169,0.095817,0.904014
AATATCCTAGCAAACT-1,0.000036,0.878737,0.121227
AATATCGAATCAATGC-1,0.000059,0.95154,0.048401
AATATCGAGGGTTCTC-1,0.00007,0.129672,0.870257
AATATTGGAGTATTGA-1,0.000175,0.110202,0.889623
AATCAGACTGCAGGAC-1,0.00009,0.000269,0.999641
AATCAGGTTTCATTTA-1,0.000056,0.989259,0.010685
AATCATGTAAAGACTC-1,0.000066,0.79052,0.209414
AATCCAAGGGCCTGAG-1,0.00012,0.000361,0.999519
AATCCATGCAAGGGTG-1,0.000054,0.000161,0.999785
AATCCCGCTCAGAGCC-1,0.000039,0.905085,0.094876
AATCGAGGTCTCAAGG-1,0.000033,0.969686,0.03028
AATCGCCTCAGCGCCA-1,0.000146,0.02165,0.978204
AATCGCGCAGAGGACT-1,0.000044,0.967325,0.032631
AATCGGGACACTACGA-1,0.000084,0.000252,0.999664
AATCGGTATAGCCCTC-1,0.000039,0.853906,0.146055
AATCGTGAGCCGAGCA-1,0.000053,0.71481,0.285137
AATCTAGGTTTACTTG-1,0.0001,0.516517,0.483383
AATCTATGCCGGAGCC-1,0.000056,0.794376,0.205568
AATCTCTACTGTGGTT-1,0.000181,0.135783,0.864036
AATCTGCGTTGGGACG-1,0.000023,0.000068,0.99991
AATCTGGCTTTCTAGT-1,0.000084,0.372651,0.627265
AATCTGGGTAGACCCT-1,0.000091,0.23334,0.766569
AATGACAGCAATGTCT-1,0.000134,0.019659,0.980207
AATGACGTAGGATGTC-1,0.000179,0.000538,0.999283
AATGACTGTCAGCCGG-1,0.000122,0.000365,0.999513
AATGAGTTCGCATATG-1,0.000109,0.000328,0.999562
AATGATGATACGCTAT-1,0.000032,0.056753,0.943215
AATGATGCGACTCCTG-1,0.000132,0.337232,0.662637
AATGCAACCGGGTACC-1,0.000058,0.064656,0.935286
AATGCACCAAGCAATG-1,0.000128,0.000386,0.999486
AATGGCCGCCAATGCG-1,0.000086,0.816071,0.183843
AATGGTCCACCGTTCA-1,0.000165,0.000496,0.999338
AATGGTTCTCACAAGC-1,0.000101,0.000304,0.999594
AATGTATGGCACTGTA-1,0.000056,0.919714,0.08023
AATGTGCCCGAGGTGT-1,0.000097,0.143403,0.8565
AATGTGCTAATCTGAG-1,0.00006,0.908799,0.091141
AATGTTAAGACCCTGA-1,0.000039,0.950133,0.049828
AATGTTGTCGTGAGAC-1,0.000059,0.999644,0.000297
AATTAAAGGTCGGCGT-1,0.000105,0.000315,0.99958
AATTAACGGATTTCCA-1,0.000053,0.066032,0.933915
AATTACGAGACCCATC-1,0.000041,0.985728,0.014231
AATTACTCGTACGCTC-1,0.000097,0.04528,0.954624
AATTAGCGCTGCAGCG-1,0.000117,0.065211,0.934672
AATTATACCCAGCAAG-1,0.000051,0.950811,0.049138
AATTCATAAGGGATCT-1,0.000027,0.013362,0.986611
AATTCATTGTCATGCA-1,0.000047,0.999716,0.000237
AATTCCAACTTGGTGA-1,0.000031,0.036937,0.963032
AATTCCAAGCATGTAC-1,0.000093,0.031363,0.968544
AATTCGATTCGAGGAT-1,0.000068,0.149714,0.850218
AATTCTAGAGTTAGGC-1,0.000142,0.000427,0.999431
AATTGAACGCTCTGGT-1,0.000142,0.04918,0.950678
AATTGCAGCAATCGAC-1,0.000059,0.903904,0.096036
AATTGCGTGGATTACA-1,0.00007,0.971084,0.028846
AATTGTGGTTGCCAAA-1,0.000027,0.908134,0.09184
AATTTGGGACATAGTA-1,0.000082,0.015768,0.984149
AATTTGGTTCCAAAGA-1,0.000085,0.020006,0.979909
ACAAACCATGCGTCCT-1,0.000039,0.947838,0.052123
ACAAACCGACAAGGCG-1,0.000043,0.093701,0.906256
ACAAACTCCATCAGAG-1,0.000031,0.96408,0.035889
ACAAAGAAGGTAGGCC-1,0.00004,0.824294,0.175666
ACAAAGCATGACCTAG-1,0.000035,0.907051,0.092915
ACAAATCGCACCGAAT-1,0.000082,0.101259,0.898659
ACAAATGGTAGTGTTT-1,0.000086,0.018178,0.981736
ACAAATTCAGATCTGA-1,0.000055,0.485495,0.51445
ACAACAGCATGAGCTA-1,0.000058,0.000175,0.999767
ACAACGGTCCCTGCGA-1,0.000075,0.012739,0.987186
ACAAGCAGTGCCTAGC-1,0.000067,0.000201,0.999733
ACAAGCTATATGGAAG-1,0.00004,0.520882,0.479078
ACAAGGAAATCCGCCC-1,0.000066,0.066727,0.933206
ACAAGGACAAGAGGTT-1,0.000081,0.043992,0.955927
ACAAGGATGCTTTAGG-1,0.000047,0.474229,0.525724
ACAAGGCCTACCAGCC-1,0.000086,0.116657,0.883257
ACAAGGGCAGGCTCTG-1,0.000082,0.000246,0.999672
ACAAGTAATTGTAAGG-1,0.000053,0.960672,0.039275
ACAATAGTCGTACGTT-1,0.000078,0.027648,0.972274
ACAATCCATTTAAACC-1,0.00008,0.000241,0.999678
ACAATCGATCTTTATA-1,0.000091,0.081235,0.918674
ACAATGAATACGGAGA-1,0.00009,0.000269,0.999642
ACAATGATTCTTCTAC-1,0.00006,0.756243,0.243697
ACAATTGTGTCTCTTT-1,0.000095,0.429527,0.570378
ACAATTTAGGAGGCTC-1,0.00019,0.047137,0.952673
ACAATTTGAGCAGTGG-1,0.00011,0.02605,0.973839
ACAATTTGGCCATATT-1,0.000058,0.972133,0.027809
ACACAAAGACGGGTGG-1,0.000091,0.000273,0.999636
ACACAAATATTCCTAG-1,0.000055,0.932465,0.06748
ACACACCAGGACCAGT-1,0.000032,0.028837,0.971131
ACACACTTTCTACACG-1,0.000081,0.013324,0.986595
ACACATGATCAAATCT-1,0.000034,0.995229,0.004737
ACACATTGACGCAACA-1,0.000074,0.000223,0.999703
ACACATTTCCGTAGAC-1,0.000055,0.681623,0.318322
ACACCACATAATTAGC-1,0.000048,0.959579,0.040373
ACACCCAGCATGCAGC-1,0.000176,0.00053,0.999294
ACACCCGAGAAATCCG-1,0.000131,0.015347,0.984522
ACACCCGTAAATCTGT-1,0.000032,0.832654,0.167314
ACACCGAGCGCTCTTT-1,0.000046,0.10705,0.892903
ACACCGGTCTGACCGC-1,0.000065,0.967713,0.032222
ACACCTTAAGTAGGGC-1,0.000158,0.090623,0.90922
ACACCTTACTACTTGC-1,0.000057,0.907473,0.09247
ACACGAGACTCCTTCT-1,0.000065,0.000196,0.999739
ACACGGCACTATGCAT-1,0.00005,0.00015,0.999801
ACACGGGAACTTAGGG-1,0.000087,0.021617,0.978295
ACACGTAGGCCACAAG-1,0.000049,0.776161,0.22379
ACACTCCAATGTCACT-1,0.000068,0.03582,0.964112
ACACTGATCAAGGTGT-1,0.00013,0.000391,0.999479
ACACTGGGACAGTCGT-1,0.000039,0.999765,0.000196
ACAGAACTGAGAACAA-1,0.000128,0.112596,0.887276
ACAGATTAGGTTAGTG-1,0.000112,0.000337,0.999551
ACAGCATAGAGCCAGT-1,0.000088,0.000265,0.999646
ACAGCGACATTCTCAT-1,0.000093,0.816987,0.18292
ACAGCGCACCCGCAGC-1,0.000101,0.000302,0.999597
ACAGGAGGCGCAGCCG-1,0.000037,0.021611,0.978352
ACAGGCACGGATCCTT-1,0.000068,0.956941,0.042991
ACAGGCTTGCCCGACT-1,0.000033,0.0001,0.999867
ACAGGTGGAGGTGAGG-1,0.000139,0.000419,0.999442
ACAGGTGTGTTGTTGC-1,0.000034,0.374063,0.625904
ACAGTAATACAACTTG-1,0.000036,0.073159,0.926805
ACAGTATACCGTGGGA-1,0.000038,0.755404,0.244559
ACAGTGCAGCGCATTT-1,0.000096,0.599397,0.400508
ACATAAGTCGTGGTGA-1,0.000044,0.944184,0.055772
ACATAATAAGGCGGTG-1,0.000086,0.066431,0.933483
ACATACAATCAAGCGG-1,0.000059,0.919165,0.080776
ACATCAGCTGGGACGC-1,0.000102,0.034159,0.965739
ACATCCCGGCCATACG-1,0.000062,0.019707,0.980231
ACATCCTGGTAACTGT-1,0.000078,0.735243,0.264678
ACATCGATCGTTTACC-1,0.000183,0.011473,0.988344
ACATCGCAATATTCGG-1,0.000024,0.999856,0.00012
ACATCGGTCAGCCGCG-1,0.000116,0.009698,0.990186
ACATCGTATGCAATGG-1,0.000191,0.021284,0.978525
ACATCGTTAACCTAGT-1,0.000081,0.000244,0.999674
ACATCTCAACGCGTAA-1,0.000044,0.018043,0.981913
ACATGCTTACGGCAGC-1,0.000059,0.952149,0.047792
ACATGGCGCCAAAGTA-1,0.000102,0.494514,0.505384
ACATGGCTCAATTTAG-1,0.000054,0.030016,0.96993
ACATTAGTTTATATCC-1,0.000137,0.000412,0.999451
ACATTCGCGCGGAATA-1,0.000044,0.94415,0.055807
ACATTTGAAACCTAAC-1,0.000031,0.912981,0.086987
ACCAAACACCCAGCGA-1,0.000029,0.741706,0.258265
ACCAAACTAGAAATCC-1,0.00002,0.000061,0.999919
ACCAACACCACACACT-1,0.000049,0.788198,0.211754
ACCAACCGCACTCCAC-1,0.000048,0.904467,0.095485
ACCAACGCTTATTTAT-1,0.000143,0.00043,0.999427
ACCAAGAACGCGTGTC-1,0.000104,0.000312,0.999584
ACCAAGTCATCGGCAG-1,0.000058,0.975622,0.02432
ACCAATATGCAAGTTA-1,0.000182,0.049419,0.950399
ACCACAACTCAGAACA-1,0.000039,0.060247,0.939714
ACCACAAGTTTCTATC-1,0.000064,0.000193,0.999743
ACCACACGGTTGATGG-1,0.000049,0.950052,0.049899
ACCACCAATGTAACAA-1,0.000033,0.672383,0.327584
ACCACCCTCTCTTCTA-1,0.000021,0.826666,0.173314
ACCACGTGCAGCTATA-1,0.000083,0.029585,0.970333
ACCACTGTTCAAGAAG-1,0.000062,0.023014,0.976924
ACCAGACCATAACAAC-1,0.000028,0.150066,0.849907
ACCAGCCCGGTCTTTG-1,0.000054,0.168207,0.831739
ACCAGGAGTGTGATCT-1,0.000108,0.000324,0.999569
ACCAGTGCCCGGTCAA-1,0.000136,0.11342,0.886444
ACCAGTGCGGGAGACG-1,0.000048,0.124511,0.875441
ACCATATCCGCAATAA-1,0.000042,0.000126,0.999832
ACCATCCGCCAACTAG-1,0.000049,0.037215,0.962736
ACCATCGTATATGGTA-1,0.000101,0.000304,0.999595
ACCATTAAGGGTGTCA-1,0.000043,0.000129,0.999828
ACCCAACGCCCGTGGC-1,0.000059,0.000178,0.999763
ACCCACCTACATGCTC-1,0.000063,0.000188,0.999749
ACCCATCTTGAGGGTA-1,0.000137,0.00041,0.999454
ACCCATTTGTCCCTCT-1,0.000095,0.839187,0.160718
ACCCGAGCGAAATTAC-1,0.000066,0.44039,0.559544
ACCCGATTGGTTCCGA-1,0.000057,0.908956,0.090987
ACCCGGAAACTCCCAG-1,0.000126,0.000379,0.999495
ACCCGGAGCACCACAA-1,0.000039,0.940584,0.059377
ACCCGGATGACGCATC-1,0.000057,0.370113,0.62983
ACCCGGTTACACTTCC-1,0.000155,0.006435,0.993411
ACCCGTAGCAGAGAAT-1,0.000059,0.949428,0.050513
ACCCGTAGTCTAGTTG-1,0.000054,0.994216,0.00573
ACCCGTGTCATCAGTA-1,0.000296,0.07701,0.922694
ACCCTATAGGACTGAG-1,0.000099,0.020723,0.979178
ACCCTATGCCATATCG-1,0.000158,0.009299,0.990542
ACCCTCCCGTCAGGGC-1,0.000045,0.934423,0.065531
ACCCTCCCTTGCTATT-1,0.000096,0.11725,0.882654
ACCCTGGTAACGCCCT-1,0.000033,0.769442,0.230525
ACCCTTCATCTGCGAA-1,0.000099,0.0133,0.986601
ACCCTTGCCTGGGTCG-1,0.000062,0.950424,0.049514
ACCCTTTAGTTCTCCA-1,0.000054,0.000163,0.999782
ACCGAAAGGGCCCTGC-1,0.000091,0.010856,0.989053
ACCGAAGAGTCTGGTT-1,0.000056,0.989505,0.010438
ACCGACACATCTCCCA-1,0.000047,0.058134,0.941819
ACCGACTGAGTCCCAC-1,0.000103,0.097991,0.901906
ACCGAGTCTCCTTATT-1,0.000042,0.916605,0.083353
ACCGATAGGCATAACC-1,0.000031,0.792579,0.207389
ACCGATATTTAATCAT-1,0.00003,0.684079,0.315891
ACCGATGGTAGCATCG-1,0.000055,0.034455,0.96549
ACCGCAATAACTGCCT-1,0.00016,0.035556,0.964283
ACCGCGGTGGAAGTCG-1,0.000069,0.964319,0.035612
ACCGCTAGTCATTGGT-1,0.000051,0.933403,0.066546
ACCGGGCCTTTGTTGA-1,0.000083,0.456734,0.543183
ACCGGTCAGGTACACC-1,0.000045,0.96534,0.034615
ACCGGTCTGAGTACGG-1,0.000075,0.08973,0.910195
ACCGTCCACTGGGCCC-1,0.00003,0.932308,0.067662
ACCGTGACCACGTGGG-1,0.000048,0.050251,0.9497
ACCGTTCCCGCTCTGA-1,0.000062,0.000187,0.999751
ACCTAAGTACCTTTCA-1,0.000068,0.028217,0.971716
ACCTAATCGACTTCCT-1,0.000079,0.000237,0.999684
ACCTACAGTATGTGGT-1,0.000049,0.459108,0.540843
ACCTACTATAAATCTA-1,0.000175,0.000525,0.9993
ACCTCAGCGAGGCGCA-1,0.000033,0.888176,0.111791
ACCTCCGCCCTCGCTG-1,0.000071,0.937004,0.062925
ACCTCCGTTATTCACC-1,0.000066,0.906899,0.093034
ACCTCGAACTTATGCT-1,0.000076,0.940885,0.059039
ACCTGCGTGTCATGTT-1,0.00017,0.163557,0.836273
ACCTTTCCTTTAGAAG-1,0.000116,0.07155,0.928334
ACGAAATGGGCGGCAC-1,0.000081,0.000244,0.999675
ACGACCCATGAGTTGC-1,0.000047,0.999204,0.000748
ACGACTCTAGGGCCGA-1,0.000053,0.893857,0.10609
ACGACTGGTCATACTC-1,0.000034,0.426129,0.573837
ACGAGAACCCATCACG-1,0.000114,0.01985,0.980037
ACGAGATATTTGCTTA-1,0.000102,0.019569,0.980329
ACGAGGATACCACTCT-1,0.000059,0.047566,0.952374
ACGAGGTTTACAACGT-1,0.000072,0.910129,0.089798
ACGAGTACGGATGCCC-1,0.000129,0.403699,0.596172
ACGAGTCGCCGGCGTT-1,0.000033,0.048132,0.951835
ACGATACATAGAACTA-1,0.000041,0.000122,0.999837
ACGATACCTATCCTGA-1,0.000058,0.257605,0.742337
ACGATCATACATAGAG-1,0.000095,0.000285,0.999621
ACGATCATCTTGTAAA-1,0.00011,0.365105,0.634786
ACGATGCATATGTTAT-1,0.000186,0.00056,0.999254
ACGATGGATCCGATGC-1,0.000049,0.013782,0.986169
ACGCAAACTAATAGAT-1,0.000079,0.046203,0.953718
ACGCAATCACTACAGC-1,0.000066,0.728427,0.271507
ACGCATAAATGACATG-1,0.000062,0.653216,0.346723
ACGCATACGTTTACTA-1,0.000098,0.880982,0.11892
ACGCATTCGTGAGTAC-1,0.000065,0.012033,0.987902
ACGCCACTCGAAACAG-1,0.000035,0.857514,0.142451
ACGCCAGATGATTTCT-1,0.000113,0.000338,0.999549
ACGCCAGTGCGTTTGC-1,0.00006,0.964007,0.035934
ACGCCCAGCTGTCGAT-1,0.000047,0.000141,0.999812
ACGCCGCTAGACGACC-1,0.000212,0.000635,0.999153
ACGCCTGACACGCGCT-1,0.000044,0.34892,0.651035
ACGCGAAGTCAGACGA-1,0.000073,0.000219,0.999708
ACGCGCTACACAGGGT-1,0.000075,0.077971,0.921954
ACGCGGGCCAAGGACA-1,0.000097,0.000291,0.999612
ACGCGTTTCTTAAGAG-1,0.00008,0.138782,0.861138
ACGCTACTGAATGGGC-1,0.000047,0.999719,0.000234
ACGCTAGTATCAGTGC-1,0.00005,0.758039,0.241911
ACGCTAGTGATACACT-1,0.000104,0.207151,0.792745
ACGCTGTGAGGCGTAG-1,0.000185,0.07057,0.929246
ACGCTTAGTGTCTCTC-1,0.000023,0.017889,0.982089
ACGGAACACGAGTGCC-1,0.000067,0.989628,0.010305
ACGGAATTTAGCAAAT-1,0.000073,0.000218,0.99971
ACGGACGCAGCGACAA-1,0.000056,0.975769,0.024175
ACGGACTCTCAAAGCG-1,0.000056,0.041191,0.958753
ACGGAGCGCAAATTAC-1,0.000061,0.571769,0.42817
ACGGATGGTGCGGATA-1,0.000073,0.020471,0.979456
ACGGCACTTGCTTGGG-1,0.000101,0.000302,0.999598
ACGGCCAACATGGACT-1,0.000261,0.046463,0.953276
ACGGCGACGATGGGAA-1,0.000163,0.000489,0.999348
ACGGCGGGTTGCCCTG-1,0.000111,0.000333,0.999557
ACGGCTGGATGTAGAA-1,0.000029,0.988898,0.011073
ACGGGAGTGTCGGCCC-1,0.000114,0.073682,0.926203
ACGGGCGTATGCGACA-1,0.000039,0.989515,0.010446
ACGGGTCATGTGACTT-1,0.000081,0.006576,0.993343
ACGGGTTGTGACCTGT-1,0.000042,0.99975,0.000209
ACGGTACAGTTCAATG-1,0.000055,0.999671,0.000275
ACGGTCACCGAGAACA-1,0.000046,0.98385,0.016104
ACGTACAGATTTCTCT-1,0.000065,0.000194,0.999741
ACGTACTTTGGCACGG-1,0.000067,0.949917,0.050015
ACGTAGATTGCTGATG-1,0.000102,0.039045,0.960853
ACGTAGGAGAGTCGCT-1,0.000092,0.376414,0.623494
ACGTATTACTCCGATC-1,0.00009,0.147818,0.852093
ACGTCCTAAACGAGAT-1,0.000135,0.009333,0.990533
ACGTCGGGCAACTCGG-1,0.00005,0.913032,0.086918
ACGTCTCGTTCCGGGA-1,0.000033,0.793427,0.20654
ACGTGACAAAGTAAGT-1,0.000032,0.926949,0.073019
ACGTGCGCCTCGTGCA-1,0.000092,0.039403,0.960504
ACGTGGTCGAATGTGC-1,0.000043,0.028807,0.971149
ACGTTAATGTCGAAGA-1,0.000208,0.000623,0.999169
ACGTTAGATTTGCCCG-1,0.000133,0.0082,0.991667
ACGTTATTGGTCACTC-1,0.000073,0.00022,0.999707
ACGTTCACTATGCCGC-1,0.000058,0.905139,0.094802
ACGTTCCGCGCTCCGT-1,0.000148,0.008813,0.991039
ACGTTCGCAATCAATT-1,0.00008,0.921981,0.077939
ACGTTCGTTCAGGAAA-1,0.000052,0.059652,0.940296
ACGTTCTGTACAAGTC-1,0.000075,0.893776,0.106148
ACGTTGTCGTTGAAAG-1,0.000034,0.999796,0.00017
ACGTTTAGTTGTGATC-1,0.000081,0.000244,0.999675
ACGTTTCGGTGCACTT-1,0.000038,0.806313,0.193649
ACTAAGGACGCACACC-1,0.00006,0.895492,0.104448
ACTAATACGTCAGGCG-1,0.00006,0.022708,0.977232
ACTACAAAGAGAGGTG-1,0.00006,0.840317,0.159624
ACTACATCCCGACAAG-1,0.000034,0.965069,0.034897
ACTACCAGCTCTCTGG-1,0.000307,0.228649,0.771044
ACTACCATCCGAGGGC-1,0.000067,0.97045,0.029483
ACTACGCGTTAGAATT-1,0.000239,0.000717,0.999044
ACTAGTTGCGATCGTC-1,0.000074,0.851462,0.148464
ACTATATGCTGTGTTC-1,0.000056,0.237436,0.762508
ACTATCCAGGGCATGG-1,0.000082,0.806621,0.193297
ACTATCGCCGGCTAAA-1,0.000041,0.036306,0.963653
ACTATCTGCCCGCGTA-1,0.000045,0.943242,0.056713
ACTATGTCCAGCTGCC-1,0.000036,0.946928,0.053036
ACTATTCGTCCGTGGT-1,0.000117,0.028448,0.971434
ACTATTTCCGGGCCCA-1,0.000043,0.102387,0.897571
ACTCAACGAATGTATT-1,0.00014,0.054647,0.945213
ACTCAAGTGCAAGGCT-1,0.000085,0.307056,0.692859
ACTCAATAAAGGCACG-1,0.000078,0.018652,0.98127
ACTCAGACCTGCTTCT-1,0.000283,0.063528,0.936189
ACTCATGGCAGCCTTC-1,0.000047,0.999716,0.000237
ACTCCAATATCATCAT-1,0.000065,0.636114,0.363822
ACTCCCATTCCTAAAG-1,0.000064,0.073342,0.926594
ACTCCCGAATTCGTTT-1,0.000104,0.584334,0.415563
ACTCCCGTAGACTAGG-1,0.000047,0.88054,0.119413
ACTCCCTAATGCTAAA-1,0.000034,0.000101,0.999865
ACTCCCTAGAATAGTA-1,0.000054,0.000164,0.999782
ACTCCGGCCGACCACT-1,0.000042,0.859184,0.140774
ACTCGATGTATTTCAT-1,0.000078,0.079976,0.919946
ACTCGCCGTTCGATAA-1,0.000054,0.999677,0.000269
ACTCGCGATCTGACGC-1,0.000029,0.991592,0.008379
ACTCGTAACCCGTCCT-1,0.000202,0.119678,0.88012
ACTCGTCAGTAATCCC-1,0.000063,0.071783,0.928154
ACTCTAAACCTGGGAT-1,0.000074,0.062088,0.937839
ACTCTCTGACTTAGGT-1,0.00015,0.101618,0.898232
ACTCTCTTATACACGA-1,0.000061,0.023862,0.976077
ACTCTGACCTAATAGA-1,0.000031,0.892844,0.107125
ACTCTTCAGCTCCCGC-1,0.000059,0.999644,0.000297
ACTCTTGTATAGTAAC-1,0.000063,0.022395,0.977541
ACTGAAACGCCGTTAG-1,0.000108,0.473012,0.526881
ACTGAATGGCGAAAGT-1,0.000054,0.000163,0.999783
ACTGATTTAGTGATTC-1,0.000052,0.000155,0.999793
ACTGCCCGCCATTCTC-1,0.00004,0.973114,0.026846
ACTGCCGTCGTAACTC-1,0.000057,0.112813,0.88713
ACTGCGGACACACCGT-1,0.000047,0.999719,0.000234
ACTGCTCGGAAGGATG-1,0.000034,0.994772,0.005193
ACTGGCGAACCTGCGT-1,0.000049,0.866983,0.132968
ACTGGGATGCCAGTGC-1,0.000097,0.700302,0.299601
ACTGTACGATACACAT-1,0.00005,0.000149,0.999802
ACTGTAGCACTTTGGA-1,0.000205,0.000615,0.99918
ACTGTATACGCGAGCA-1,0.00016,0.058217,0.941623
ACTGTCCAGGATTATA-1,0.000074,0.000222,0.999704
ACTGTCTTCTTTAGAA-1,0.000104,0.000313,0.999583
ACTGTGCTAGTAGATC-1,0.000108,0.11371,0.886181
ACTGTTTAGTGTAGGC-1,0.000065,0.000196,0.999739
ACTTACCGGGCGCGCA-1,0.000029,0.011573,0.988398
ACTTACGCATCCACGC-1,0.000079,0.140645,0.859276
ACTTAGTACGACAAGA-1,0.000066,0.126412,0.873521
ACTTATACTTACCCGG-1,0.000142,0.000425,0.999434
ACTTATCTGATCTATA-1,0.000065,0.024193,0.975742
ACTTATTAGGATCGGT-1,0.000242,0.000725,0.999033
ACTTATTTATGTGCCA-1,0.000052,0.082963,0.916984
ACTTCAGGCTGATCCC-1,0.000131,0.000395,0.999474
ACTTCCAGTGGAAGCT-1,0.000092,0.957706,0.042202
ACTTCCATGCGGGACA-1,0.000071,0.443952,0.555977
ACTTCCTGTCGTGCGA-1,0.000064,0.857607,0.142329
ACTTCGCCATACGCAC-1,0.000073,0.02108,0.978848
ACTTCGCTAGCGAGTG-1,0.000045,0.953976,0.045979
ACTTGACTCCCTCTTT-1,0.000153,0.048612,0.951235
ACTTGCCATATTGTAC-1,0.00005,0.203054,0.796896
ACTTGCTCTATCTACC-1,0.00006,0.985557,0.014383
ACTTGGGACCCGGTGG-1,0.000076,0.083932,0.915992
ACTTGGGCTTTCGCCA-1,0.000043,0.86696,0.132997
ACTTGTAGTCCCTTCA-1,0.000096,0.193723,0.806181
ACTTGTGGATGGAACG-1,0.000066,0.495109,0.504825
ACTTGTTACCGGATCA-1,0.000058,0.849307,0.150635
ACTTTACCCTCATGAA-1,0.000066,0.806855,0.193079
ACTTTATACACCACTT-1,0.000047,0.944646,0.055307
ACTTTCCTATAGCTTC-1,0.000076,0.000229,0.999694
ACTTTGACTGCATCCT-1,0.00013,0.077218,0.922652
ACTTTGGTCGTGCTCC-1,0.000089,0.849312,0.1506
ACTTTGTCGACGCACT-1,0.00005,0.968047,0.031904
AGAAATTATGACTCGC-1,0.00003,0.964524,0.035446
AGAACACGGCGATGGT-1,0.000025,0.999851,0.000125
AGAACCCAGCGTGACA-1,0.000072,0.87833,0.121598
AGAACCCTCAATTGGG-1,0.000057,0.914119,0.085824
AGAACGTGGTACATTC-1,0.000083,0.010545,0.989371
AGAACTGTACTTTGTA-1,0.000049,0.946198,0.053752
AGAAGAGCGCCGTTCC-1,0.001565,0.131507,0.866929
AGAAGGTACACTTCAC-1,0.000051,0.835705,0.164244
AGAAGGTTGCCGAATT-1,0.000159,0.000479,0.999362
AGAAGGTTGTAGGTCG-1,0.000096,0.088585,0.91132
AGAAGTGATTCGTGAT-1,0.0001,0.076664,0.923236
AGAATAAATCTTCAGG-1,0.000188,0.000564,0.999248
AGAATACAGGCTATCC-1,0.000068,0.795319,0.204613
AGAATGCGGGTTCGGA-1,0.000086,0.301259,0.698655
AGAATTATGGATTCGA-1,0.000035,0.05242,0.947545
AGAATTGTTTGACATA-1,0.000078,0.053404,0.946518
AGACAGCTCAGAATCC-1,0.000075,0.030701,0.969224
AGACAGGCATCTCAGC-1,0.000035,0.955993,0.043972
AGACATAGATCCTTCC-1,0.000147,0.020135,0.979718
AGACCAAACCACACCT-1,0.000047,0.958999,0.040953
AGACCATGGGATACAA-1,0.000048,0.000144,0.999808
AGACCCACCGCTGATC-1,0.000129,0.042337,0.957534
AGACCCGCCCTCCTCG-1,0.000118,0.000353,0.999529
AGACCGCTCCGCGGTT-1,0.00011,0.946732,0.053157
AGACCGGGAAACCCTG-1,0.000099,0.000298,0.999603
AGACGAAGTGCCGGTC-1,0.000079,0.363478,0.636443
AGACGACGATGCCGCT-1,0.000174,0.085026,0.914799
AGACGCCCACTTCGCC-1,0.000029,0.950931,0.04904
AGACGGGATTGGTATA-1,0.000033,0.087073,0.912894
AGACGGGCCGATTTAA-1,0.000051,0.295875,0.704075
AGACTAGCCTTCCAGA-1,0.000148,0.000444,0.999408
AGACTGTTACCGGGTC-1,0.000052,0.069497,0.930451
AGAGAAACACCAGAAA-1,0.000028,0.836272,0.163699
AGAGAACCGTCTAGGA-1,0.000033,0.093581,0.906385
AGAGAAGGAGTACAAT-1,0.000133,0.119604,0.880263
AGAGATCTCTAAAGCG-1,0.000176,0.210748,0.789076
AGAGCAGTTATGAGAC-1,0.000136,0.000408,0.999456
AGAGCCGCCGAGATTT-1,0.000063,0.981086,0.018852
AGAGCGCTTGTAACGG-1,0.000031,0.686018,0.313951
AGAGCGGGCTAATCAT-1,0.000061,0.125031,0.874908
AGAGCGTACAAGCTCG-1,0.000084,0.000253,0.999663
AGAGCTACGAAAGCAT-1,0.000068,0.18958,0.810352
AGAGGCTTCGGAAACC-1,0.000049,0.635022,0.364929
AGAGGGACAATTGTCC-1,0.000041,0.896869,0.10309
AGAGGTATCTCGGTCC-1,0.000074,0.056201,0.943725
AGAGTAAACTTCACTA-1,0.00006,0.664884,0.335055
AGAGTATAGTGTTACG-1,0.000038,0.941264,0.058698
AGAGTCTTAATGAAAG-1,0.000042,0.98891,0.011048
AGAGTGAACAGACACC-1,0.000081,0.818671,0.181248
AGAGTTAGAGACCGAT-1,0.000064,0.045057,0.954879
AGAGTTGCAGGCCTCC-1,0.000047,0.902364,0.097589
AGATAACTTCAGGGCC-1,0.00008,0.084505,0.915415
AGATAATCACACCTAT-1,0.000027,0.999835,0.000137
AGATACCAATAGAACC-1,0.000031,0.968907,0.031062
AGATACCAGCACTTCA-1,0.000068,0.824711,0.175221
AGATACCGGTGTTCAC-1,0.000127,0.03353,0.966343
AGATACGACTTCATAT-1,0.00008,0.008273,0.991647
AGATACTCAAGATCGA-1,0.000092,0.000276,0.999632
AGATATAATACGACTA-1,0.000117,0.055079,0.944804
AGATCGTGCATAAGAT-1,0.000051,0.070653,0.929296
AGATCTCAGGTGTGAT-1,0.00009,0.000269,0.999641
AGATCTGGAGAGGATA-1,0.000043,0.962707,0.037251
AGATGACTCGCCCACG-1,0.000103,0.025816,0.97408
AGATGAGGGTTGCGAT-1,0.000069,0.052001,0.94793
AGATGATGGAGTCTGG-1,0.000061,0.757487,0.242452
AGATGCAAGACGTGCA-1,0.000063,0.6244,0.375537
AGATGCATCCTGTGTC-1,0.000036,0.824183,0.175782
AGATGCTATAACGAGC-1,0.000066,0.089111,0.910823
AGATTATAGGACGTTT-1,0.000194,0.000581,0.999225
AGATTCAAGCGGGTCG-1,0.000103,0.508025,0.491872
AGATTCACAACCGATA-1,0.000035,0.821321,0.178644
AGCAAAGGCCGCTAGT-1,0.000051,0.111482,0.888467
AGCAACATATCTTATT-1,0.000061,0.128824,0.871115
AGCAACCGAAAGTAAT-1,0.000036,0.5836,0.416364
AGCACACGTTTAGACT-1,0.000068,0.906312,0.09362
AGCACCAGTACTCACG-1,0.000074,0.000222,0.999704
AGCACTACCGGCCTGT-1,0.000104,0.063128,0.936769
AGCACTACCTCACCAG-1,0.000062,0.192478,0.807459
AGCACTTAAGGACGCC-1,0.000322,0.107968,0.89171
AGCAGAAGGAGAAAGA-1,0.000028,0.039495,0.960477
AGCAGCCAGATGAATA-1,0.000231,0.000694,0.999075
AGCAGTCGAAGCATGC-1,0.000034,0.933996,0.06597
AGCATATCAATATGCT-1,0.000088,0.278288,0.721624
AGCATCATTTCGAAAG-1,0.000106,0.339722,0.660172
AGCATCGTCGATAATT-1,0.000168,0.000505,0.999326
AGCATTACGAGGCAAG-1,0.00006,0.887444,0.112495
AGCCAAGCTTTGTGTC-1,0.000115,0.000345,0.99954
AGCCACAGGTTACCCG-1,0.000092,0.614437,0.385471
AGCCACTCCCGTGCTT-1,0.000047,0.052511,0.947442
AGCCATATAGTATGTG-1,0.000065,0.284545,0.715391
AGCCCATACATGTAAG-1,0.000173,0.000518,0.999309
AGCCCGCAACAAGCAG-1,0.000092,0.08983,0.910078
AGCCCGCACTACAATG-1,0.000052,0.999687,0.000261
AGCCCGGCATTAGAGG-1,0.000063,0.948588,0.051349
AGCCCGGTAGCCTGTA-1,0.000035,0.002316,0.997649
AGCCCTAAGCGAAGTT-1,0.000047,0.000932,0.999021
AGCCCTCCCTGGTGGC-1,0.000045,0.674586,0.325369
AGCCCTGTCGCACCGT-1,0.000049,0.974519,0.025432
AGCCCTTCTAATCCGA-1,0.000064,0.112694,0.887242
AGCCCTTGGACATCCC-1,0.000042,0.998933,0.001025
AGCCGCAAATTCAAAT-1,0.000033,0.325411,0.674556
AGCCGCTTGATTAGCG-1,0.000113,0.00034,0.999546
AGCCGTGGCTAAATGT-1,0.000116,0.122633,0.877251
AGCCTAATACCCACGT-1,0.000085,0.372992,0.626923
AGCCTTAAAGCGGAAG-1,0.000073,0.054806,0.945121
AGCCTTGTCACTGATA-1,0.000029,0.992823,0.007148
AGCGACAGGAACGGTC-1,0.000276,0.101583,0.89814
AGCGACATCCCATTCA-1,0.000073,0.000219,0.999708
AGCGACCAACGATATT-1,0.000185,0.050773,0.949042
AGCGACTTTGAAGACA-1,0.000044,0.893139,0.106817
AGCGAGACGTGAAGGC-1,0.000054,0.998331,0.001616
AGCGATGCGCCTAATA-1,0.000046,0.977604,0.02235
AGCGCATAATGAATCG-1,0.000202,0.062142,0.937656
AGCGCGGGTGCCAATG-1,0.000045,0.034244,0.965711
AGCGCTAGAGCGATGT-1,0.000046,0.975015,0.024939
AGCGCTTATGGGCAAG-1,0.000072,0.050544,0.949384
AGCGGACACTTCGTAG-1,0.000065,0.000194,0.999741
AGCGGCGGTTAGCGGT-1,0.000066,0.721677,0.278257
AGCGGGAAGGGTCCAT-1,0.000125,0.008512,0.991363
AGCGGGTCTGACACTC-1,0.00004,0.027806,0.972154
AGCGGTTGAGATGTAC-1,0.000025,0.002426,0.997549
AGCGGTTGCCGCTCTG-1,0.000036,0.874642,0.125323
AGCGTACGAGAGCTAG-1,0.000114,0.056466,0.94342
AGCGTAGCGCTAGACC-1,0.000104,0.000311,0.999586
AGCGTCTGAACCCGCA-1,0.000119,0.144672,0.855209
AGCGTGGTATTCTACT-1,0.000157,0.00047,0.999373
AGCGTTCCGATTTAAA-1,0.000079,0.145825,0.854096
AGCTAACAAGCAATGT-1,0.000046,0.205369,0.794585
AGCTAAGCTCCGTCCG-1,0.000021,0.886157,0.113822
AGCTAAGTACGCAGGC-1,0.000054,0.389006,0.61094
AGCTACGAATGGTGGT-1,0.000028,0.999832,0.00014
AGCTAGAAGCAGAAGT-1,0.000093,0.056116,0.943791
AGCTATTTAATCCAAC-1,0.000034,0.000103,0.999863
AGCTCCATATATGTTC-1,0.000089,0.875679,0.124232
AGCTCCTTCGCACATC-1,0.000084,0.038667,0.961249
AGCTCGTTGATGGAAA-1,0.000083,0.81717,0.182747
AGCTCTAGACGTTCCA-1,0.0001,0.051481,0.948419
AGCTCTTCCCAGTGCA-1,0.000042,0.053295,0.946662
AGCTCTTCGTAACCTT-1,0.000118,0.780212,0.219671
AGCTCTTTACTCAGTT-1,0.000154,0.024492,0.975354
AGCTGAAGTAAACCAA-1,0.000036,0.056033,0.94393
AGCTGCATTTGAGGTG-1,0.000088,0.243561,0.756351
AGCTGCTGTGCCGAAT-1,0.000075,0.597839,0.402086
AGCTGTAACCTCAATC-1,0.000208,0.131271,0.868521
AGCTTATAGAGACCTG-1,0.000047,0.08574,0.914213
AGCTTCAATACTTTGA-1,0.000037,0.00011,0.999854
AGCTTCTTCTCGAGCA-1,0.00004,0.798891,0.201069
AGCTTGATCAGGGTAG-1,0.000041,0.999756,0.000203
AGCTTGATCTTAACTT-1,0.000125,0.073516,0.92636
AGGAAAGCCTCTGATG-1,0.000023,0.00007,0.999907
AGGAACGAACGACTTC-1,0.000039,0.980862,0.019099
AGGAAGCTGTCCGCCG-1,0.00007,0.000211,0.999719
AGGACAGTCGAATCCC-1,0.000071,0.02796,0.97197
AGGACATCGCACGTCG-1,0.000158,0.000475,0.999367
AGGACATCGGCACACT-1,0.000033,0.947821,0.052146
AGGACGACCCATTAGA-1,0.00019,0.054053,0.945756
AGGACGCTCGATGTTG-1,0.000036,0.011201,0.988763
AGGACTTATAGGAGAA-1,0.000047,0.059096,0.940857
AGGAGACATCCACAGT-1,0.000038,0.911486,0.088475
AGGAGAGTCTGGCTAC-1,0.000046,0.991963,0.007991
AGGAGCGTTTATTATC-1,0.000009,0.927204,0.072787
AGGAGGCCTTCGCGCG-1,0.000061,0.752362,0.247577
AGGATAAAGTCGGGAT-1,0.000087,0.032853,0.967059
AGGATATAGGGATTTA-1,0.000107,0.206866,0.793027
AGGATATCCGACTGCA-1,0.000039,0.896781,0.10318
AGGATCACGCGATCTG-1,0.000095,0.083509,0.916396
AGGATTGCTTACGACA-1,0.000045,0.998274,0.001681
AGGCAAAGAGGAATCA-1,0.000045,0.028847,0.971108
AGGCAATACGGAGGAC-1,0.00006,0.099609,0.900331
AGGCACGTGACTGTCC-1,0.000063,0.997975,0.001962
AGGCAGATGCGTAAAC-1,0.000129,0.000388,0.999483
AGGCAGGGAGCGTACT-1,0.000061,0.059083,0.940856
AGGCATTGTCGTAGGG-1,0.000087,0.620148,0.379765
AGGCCACATTGGTTAC-1,0.000054,0.999211,0.000736
AGGCCACCCGTTATGA-1,0.000127,0.077262,0.922611
AGGCCCAGTGACTGGT-1,0.000077,0.02265,0.977273
AGGCCCATTGTACAGG-1,0.000193,0.00058,0.999227
AGGCCCTAGAACGCCA-1,0.000053,0.00016,0.999786
AGGCCTATCATACCAA-1,0.00007,0.62026,0.37967
AGGCCTGAGAATCTCG-1,0.000068,0.698159,0.301774
AGGCGATAACTGGCGT-1,0.00004,0.891891,0.108069
AGGCGGTTTGTCCCGC-1,0.00006,0.995898,0.004042
AGGCGTCTATGGACGG-1,0.000057,0.879591,0.120351
AGGCTATGGTTAGCTT-1,0.000081,0.000242,0.999677
AGGCTTAAGTTGCACA-1,0.00004,0.72797,0.27199
AGGCTTCCCGAAGAAG-1,0.000121,0.04359,0.956289
AGGCTTGCTAGACACC-1,0.00008,0.000241,0.999678
AGGGAAACGAGGTACT-1,0.000085,0.039695,0.96022
AGGGACAGCACGGCGG-1,0.00005,0.207039,0.792911
AGGGACCGGCTGCGTT-1,0.000102,0.862697,0.137201
AGGGACTCTACGCGAC-1,0.000407,0.047447,0.952146
AGGGAGACATACTTCG-1,0.000067,0.883515,0.116417
AGGGCAGCGGCGTGGT-1,0.000055,0.009608,0.990337
AGGGCCCTAATGTTCT-1,0.000121,0.905389,0.09449
AGGGCGAGCAGCTGAT-1,0.000121,0.053339,0.94654
AGGGCGTGATCGGCTA-1,0.000139,0.000416,0.999446
AGGGCTGCAGTTACAG-1,0.000102,0.000307,0.99959
AGGGTCAGAGCACTCG-1,0.000073,0.611166,0.388761
AGGGTCAGTAACCCTA-1,0.000041,0.790153,0.209806
AGGGTCGATGCGAACT-1,0.00013,0.098697,0.901173
AGGGTCTGGACGCAGT-1,0.000054,0.944151,0.055795
AGGGTGCCGTTCTTTA-1,0.000062,0.809394,0.190544
AGGGTGCTCTCGAGGG-1,0.000074,0.000222,0.999704
AGGGTGGATAGTGCAT-1,0.000097,0.000291,0.999613
AGGGTGTGCTACACGC-1,0.000087,0.853374,0.14654
AGGGTTCAGACGGTCC-1,0.000151,0.374384,0.625465
AGGGTTCCCTTTGGTT-1,0.00007,0.021879,0.978051
AGGGTTTAGTTCGGGA-1,0.000169,0.029801,0.970031
AGGTAACCTCCTATTC-1,0.000225,0.045824,0.953951
AGGTACGATATTGCCA-1,0.000083,0.023888,0.976028
AGGTAGATCGAGATAT-1,0.000034,0.245935,0.754031
AGGTAGGTACAAAGCT-1,0.000047,0.000142,0.999811
AGGTATAATTGATAGT-1,0.000085,0.868396,0.131519
AGGTATGCGGACATTA-1,0.000038,0.999771,0.000191
AGGTCAGGTGAGAGTG-1,0.00022,0.030222,0.969557
AGGTCGCCACTTCGGT-1,0.000079,0.040821,0.9591
AGGTCGCCTCCCAACA-1,0.000037,0.999775,0.000187
AGGTCGCGGAGTTACT-1,0.000073,0.360456,0.63947
AGGTGCACGTCCACAT-1,0.000062,0.990117,0.009821
AGGTGGTGACCTTCGC-1,0.000249,0.000746,0.999005
AGGTGTATCGCCATGA-1,0.000073,0.014055,0.985872
AGGTGTTGCCGACCAC-1,0.000044,0.974712,0.025244
AGGTTACACCATGCCG-1,0.000041,0.959407,0.040552
AGGTTCTCCTTTCCGG-1,0.000048,0.93998,0.059972
AGGTTGAGGCACGCTT-1,0.000056,0.100384,0.89956
AGGTTTCACACACCTT-1,0.000187,0.050077,0.949735
AGTAACGTTCATCCTG-1,0.000063,0.021993,0.977944
AGTAACTATAGCAGCC-1,0.000053,0.935699,0.064248
AGTAAGGGACAGAATC-1,0.00006,0.999637,0.000302
AGTAATCTAAGGGTGG-1,0.000072,0.821034,0.178895
AGTAATGTCTTGCCGC-1,0.000184,0.056903,0.942914
AGTAATTTGCAAGCGT-1,0.000057,0.99966,0.000283
AGTACAGAAGCTTATA-1,0.000048,0.864881,0.135072
AGTACATCATTTATCA-1,0.000091,0.719995,0.279914
AGTACCTTCGAGTGCT-1,0.000097,0.605073,0.394829
AGTACGGCCCGTATCG-1,0.000123,0.02194,0.977937
AGTACGGGCACCTGGC-1,0.000074,0.003081,0.996845
AGTACGTGGCCTGTCT-1,0.000051,0.220135,0.779814
AGTACTCTTATGCCCA-1,0.000115,0.134813,0.865072
AGTAGAAGGCGCCTCA-1,0.000054,0.151345,0.848601
AGTAGCGTGAACGAAC-1,0.000057,0.029585,0.970358
AGTAGCTAGACGCCGA-1,0.000036,0.02602,0.973944
AGTAGGAAGGAAGTTG-1,0.000061,0.070388,0.929551
AGTAGGTAACATACAT-1,0.000119,0.000358,0.999522
AGTATAATACTAGGCA-1,0.00013,0.00039,0.99948
AGTATACACAGCGACA-1,0.000071,0.034592,0.965337
AGTATCCATAATAACG-1,0.000059,0.048642,0.951299
AGTATGCTGGAGACCA-1,0.000083,0.313898,0.686019
AGTATTTGGCACGACC-1,0.000185,0.036868,0.962946
AGTCAAATGATGTGAT-1,0.000053,0.824201,0.175746
