Barcode,Topic 1,Topic 2,Topic 3,Topic 4,Topic 5,Topic 6to7,Topic 8,Topic 9to12
AAACAAGTATCTCCCA-1,0.000052,0.000052,0.017252,0.036751,0.405636,0.314276,0.18791,0.038071
AAACAATCTACTAGCA-1,0.058672,0.000065,0.000065,0.417366,0.511957,0.011552,0.000065,0.000259
AAACACCAATAACTGC-1,0.060837,0.000027,0.054819,0.066882,0.009027,0.346194,0.052637,0.409576
AAACAGAGCGACTCCT-1,0.000034,0.14647,0.086965,0.140235,0.119498,0.075427,0.319401,0.111971
AAACAGCTTTCAGAAG-1,0.006076,0.238068,0.081187,0.300298,0.000025,0.125213,0.013096,0.236038
AAACAGGGTCTATATT-1,0.000016,0.166616,0.053717,0.000016,0.063653,0.147353,0.047833,0.520796
AAACAGTGTTCCTGGG-1,0.83698,0.162715,0.00003,0.00003,0.00003,0.000061,0.00003,0.000122
AAACATGGTGAGAGGA-1,0.000006,0.437651,0.167447,0.000006,0.007903,0.033492,0.12612,0.227374
AAACATTTCCCGGATT-1,0.000046,0.032336,0.000046,0.096767,0.00527,0.6317,0.220954,0.012881
AAACCACTACACAGAT-1,0.054243,0.029847,0.059814,0.752454,0.103339,0.000087,0.000043,0.000173
AAACCCGAACGAAATC-1,0.022699,0.014025,0.000095,0.535286,0.000095,0.407486,0.007214,0.013101
AAACCGGAAATGTTAA-1,0.000022,0.000022,0.355088,0.016766,0.171456,0.06618,0.301438,0.089029
AAACCGGGTAGGTACC-1,0.146065,0.002672,0.000023,0.092119,0.017616,0.203,0.010753,0.527754
AAACCGTTCGTCCAGG-1,0.417876,0.00004,0.00004,0.025367,0.074453,0.340117,0.096208,0.0459
AAACCTAAGCAGCCGG-1,0.000032,0.009632,0.031228,0.264788,0.083067,0.376044,0.000032,0.235178
AAACCTCATGAAGTTG-1,0.00002,0.073892,0.003067,0.010174,0.219004,0.051306,0.001135,0.641402
AAACGAAGAACATACC-1,0.000085,0.088244,0.000085,0.208288,0.08698,0.21136,0.228772,0.176187
AAACGAAGATGGAGTA-1,0.00306,0.404612,0.313425,0.000005,0.000303,0.002656,0.031594,0.244344
AAACGACAGTCTTGCC-1,0.000031,0.009694,0.022957,0.959329,0.007772,0.000062,0.000031,0.000124
AAACGAGACGGTTGAT-1,0.000021,0.029642,0.00064,0.03118,0.133719,0.201806,0.041747,0.561244
AAACGCCCGAGATCGG-1,0.145259,0.085393,0.059629,0.127985,0.219572,0.011819,0.120801,0.229543
AAACGCTGGGCACGAC-1,0.003964,0.000011,0.536479,0.040336,0.000323,0.036295,0.346791,0.0358
AAACGGGCGTACGGGT-1,0.000018,0.000018,0.053914,0.000018,0.000018,0.321655,0.28644,0.337918
AAACGGTTGCGAACTG-1,0.000046,0.043354,0.138341,0.094369,0.032293,0.66825,0.007492,0.015855
AAACGTGTTCGCCCTA-1,0.192351,0.044715,0.303935,0.014134,0.095271,0.173553,0.146217,0.029824
AAACTAACGTGGCGAC-1,0.264499,0.097994,0.038225,0.304156,0.144127,0.150449,0.00011,0.000441
AAACTCGGTTCGCAAT-1,0.006274,0.000022,0.171026,0.008002,0.028786,0.242244,0.002231,0.541415
AAACTCGTGATATAAG-1,0.090196,0.000047,0.000047,0.27205,0.255958,0.051621,0.053156,0.276926
AAACTGCTGGCTCCAA-1,0.000035,0.000035,0.000035,0.148715,0.154266,0.554113,0.000236,0.142565
AAACTTAATTGCACGC-1,0.081449,0.098957,0.436068,0.000009,0.000166,0.027702,0.00371,0.35194
AAACTTGCAAACGTAT-1,0.000036,0.000036,0.062125,0.022515,0.289734,0.495615,0.000036,0.129902
AAAGAATGACCTTAGA-1,0.048356,0.060108,0.571787,0.064274,0.105373,0.089615,0.00267,0.057818
AAAGAATGTGGACTAA-1,0.163924,0.07787,0.306188,0.07654,0.254786,0.08205,0.022131,0.016511
AAAGACATGAAGTTTA-1,0.021524,0.000044,0.293663,0.297871,0.323686,0.006203,0.000044,0.056965
AAAGACCCAAGTCGCG-1,0.116692,0.002263,0.063901,0.000058,0.10223,0.352012,0.255404,0.10744
AAAGACTGGGCGCTTT-1,0.001831,0.1139,0.080138,0.062488,0.113595,0.042131,0.119529,0.466387
AAAGCTTGCCTACATA-1,0.102223,0.177359,0.000114,0.217349,0.132778,0.369607,0.000114,0.000457
AAAGGCCCTATAATAC-1,0.092176,0.13323,0.081926,0.231284,0.054146,0.385904,0.003353,0.01798
AAAGGCTACGGACCAT-1,0.078282,0.000038,0.020786,0.082841,0.001577,0.543382,0.035802,0.237293
AAAGGCTCTCGCGCCG-1,0.056688,0.000034,0.000034,0.325174,0.074222,0.302163,0.02044,0.221246
AAAGGGATGTAGCAAG-1,0.000038,0.000038,0.000038,0.30212,0.197417,0.260475,0.000038,0.239836
AAAGGGCAGCTTGAAT-1,0.00004,0.006102,0.00004,0.262184,0.370187,0.026158,0.024027,0.311263
AAAGGTAAGCTGTACC-1,0.000133,0.072196,0.000133,0.821298,0.000133,0.079137,0.000133,0.026837
AAAGGTCAACGACATG-1,0.137999,0.093825,0.144503,0.107914,0.185297,0.015527,0.102845,0.212089
AAAGTAGCATTGCTCA-1,0.016956,0.037066,0.051559,0.000024,0.025131,0.266408,0.196718,0.406138
AAAGTCACTGATGTAA-1,0.013917,0.000052,0.063861,0.215861,0.111063,0.033029,0.004687,0.557529
AAAGTCGACCCTCAGT-1,0.066253,0.000042,0.005363,0.000042,0.627355,0.275163,0.000042,0.025738
AAAGTGCCATCAATTA-1,0.190027,0.0398,0.330384,0.001668,0.067537,0.237034,0.133413,0.000136
AAAGTGTGATTTATCT-1,0.006029,0.000053,0.032469,0.000053,0.253634,0.568494,0.014034,0.125236
AAAGTTGACTCCCGTA-1,0.00007,0.035377,0.00007,0.176644,0.324481,0.43253,0.026057,0.004771
AAATAACCATACGGGA-1,0.117076,0.191417,0.00012,0.000033,0.044913,0.15032,0.368848,0.127272
AAATAAGGTAGTGCCC-1,0.005312,0.05157,0.000076,0.591926,0.002961,0.309313,0.022348,0.016495
AAATACCTATAAGCAT-1,0.022512,0.012155,0.00029,0.000017,0.000017,0.225463,0.057371,0.682175
AAATAGCTTAGACTTT-1,0.000068,0.000068,0.000068,0.468273,0.515221,0.004969,0.000068,0.011265
AAATAGGGTGCTATTG-1,0.000052,0.000052,0.000052,0.136202,0.112672,0.750709,0.000052,0.000209
AAATCACTCCTAAACG-1,0.00705,0.000024,0.442233,0.134559,0.350116,0.02589,0.00572,0.034408
AAATCCGATACACGCC-1,0.000028,0.046151,0.021961,0.173303,0.025148,0.566098,0.025385,0.141927
AAATCGCGGAAGGAGT-1,0.030633,0.154147,0.293208,0.094825,0.004692,0.422318,0.000035,0.000141
AAATCGTGTACCACAA-1,0.000023,0.000023,0.000023,0.000023,0.046254,0.309475,0.107253,0.536926
AAATCTAGCCCTGCTA-1,0.000054,0.000054,0.000054,0.32969,0.246694,0.386501,0.004686,0.032268
AAATCTGCCCGCGTCC-1,0.030497,0.637538,0.181692,0.052329,0.000008,0.001621,0.012376,0.083939
AAATGACTGATCAAAC-1,0.037743,0.03674,0.611983,0.00001,0.00001,0.059683,0.00001,0.253822
AAATGATTCGATCAGC-1,0.233822,0.079666,0.0001,0.035892,0.393478,0.120658,0.124492,0.011892
AAATGCTCGTTACGTT-1,0.000034,0.000034,0.052219,0.019343,0.018581,0.185043,0.226739,0.498007
AAATGGCATGTCTTGT-1,0.094314,0.000067,0.00928,0.233469,0.136588,0.248886,0.079211,0.198184
AAATGGCCCGTGCCCT-1,0.000014,0.076128,0.125361,0.000014,0.026039,0.099212,0.033825,0.639408
AAATGGTCAATGTGCC-1,0.000028,0.000028,0.015463,0.094135,0.073629,0.044219,0.002727,0.76977
AAATGTATCTTATCCC-1,0.00002,0.015554,0.037179,0.032488,0.492191,0.00004,0.270102,0.152427
AAATGTGGGTGCTCCT-1,0.000031,0.000031,0.066149,0.190482,0.155654,0.101457,0.398582,0.087613
AAATTAACGGGTAGCT-1,0.034216,0.000061,0.000061,0.007829,0.332234,0.625295,0.000061,0.000243
AAATTAATAAGCGCGA-1,0.00001,0.325006,0.000114,0.000923,0.093476,0.0117,0.269202,0.299569
AAATTACACGACTCTG-1,0.023093,0.000035,0.069311,0.038285,0.064579,0.15736,0.37846,0.268877
AAATTACCTATCGATG-1,0.020096,0.026295,0.007549,0.137129,0.142948,0.03037,0.330841,0.304773
AAATTCCAGGTCCAAA-1,0.171965,0.000073,0.000073,0.055961,0.39212,0.197282,0.12002,0.062505
AAATTGATAGTCCTTT-1,0.072199,0.002705,0.075992,0.00004,0.181914,0.160397,0.123363,0.38339
AAATTGGTGAGAAGCA-1,0.000029,0.358621,0.11417,0.036354,0.000029,0.186428,0.304254,0.000116
AAATTTACCGAAATCC-1,0.000037,0.065883,0.258265,0.059949,0.177036,0.155128,0.282308,0.001393
AAATTTGCGGGTGTGG-1,0.046727,0.000028,0.018229,0.000028,0.015587,0.676807,0.052806,0.189787
AACAACTGGTAGTTGC-1,0.012028,0.000047,0.000047,0.026562,0.542083,0.284672,0.000047,0.134516
AACAATACATTGTCGA-1,0.330632,0.000034,0.005097,0.332924,0.002842,0.084972,0.040936,0.202563
AACAATTACTCTACGC-1,0.010026,0.000433,0.068154,0.000028,0.201972,0.115064,0.046268,0.558054
AACACACGCTCGCCGC-1,0.000052,0.000052,0.000052,0.096734,0.434494,0.450891,0.013024,0.004701
AACACGACTGTACTGA-1,0.000061,0.000061,0.000061,0.439313,0.020029,0.000122,0.20805,0.332304
AACACGAGACGCGGCC-1,0.000903,0.000033,0.000723,0.089566,0.121506,0.650593,0.011107,0.125569
AACACGCGGCCGCGAA-1,0.012569,0.052038,0.000044,0.419571,0.455133,0.000089,0.035321,0.025234
AACAGCTGTGTGGCAA-1,0.240288,0.000031,0.003126,0.083527,0.019272,0.366217,0.080759,0.20678
AACAGGAAATCGAATA-1,0.000048,0.000048,0.000048,0.000048,0.446572,0.318927,0.002644,0.231664
AACAGGATGGGCCGCG-1,0.083361,0.000027,0.000027,0.106435,0.402349,0.131941,0.083642,0.192219
AACAGGTAGTATGGAT-1,0.387265,0.356118,0.000113,0.006208,0.202011,0.047722,0.000113,0.000451
AACATAGCGTGTATCG-1,0.038083,0.124814,0.509245,0.059365,0.000015,0.168909,0.005687,0.093881
AACATATCAACTGGTG-1,0.003734,0.035391,0.000048,0.008921,0.280032,0.407884,0.135972,0.128019
AACATCGATACGTCTA-1,0.018932,0.000112,0.000112,0.8807,0.000377,0.000223,0.099097,0.000447
AACATTGAAGTTGATC-1,0.574002,0.003449,0.003142,0.069342,0.033429,0.316341,0.000059,0.000237
AACATTGTGACTCGAG-1,0.121794,0.03367,0.044727,0.033629,0.093245,0.666789,0.005941,0.000206
AACCAAGACTTCTCTG-1,0.02985,0.00002,0.061744,0.007156,0.218621,0.184887,0.000054,0.497667
AACCAGTATCACTCTT-1,0.000023,0.25134,0.109949,0.041372,0.003687,0.006141,0.587398,0.000091
AACCATAGGGTTGAAC-1,0.044984,0.056983,0.390459,0.028677,0.122147,0.024858,0.000013,0.33188
AACCATGGGATCGCTA-1,0.000057,0.000057,0.082151,0.047909,0.466099,0.107052,0.023708,0.272968
AACCCAGAGACGGAGA-1,0.005738,0.121985,0.061775,0.071826,0.006193,0.015451,0.311815,0.405217
AACCCATCCCATGATC-1,0.161961,0.08296,0.095492,0.000025,0.113615,0.124375,0.028722,0.39285
AACCCGACAACCCGTG-1,0.878003,0.008303,0.002394,0.000021,0.000021,0.000041,0.051177,0.060041
AACCCGAGCAGAATCG-1,0.195946,0.263212,0.000097,0.21914,0.052168,0.178968,0.000097,0.090371
AACCCGATAGGGCTTC-1,0.000012,0.000012,0.374752,0.108242,0.000012,0.000627,0.464306,0.052038
AACCCGCTGTATTCCA-1,0.277728,0.012246,0.442537,0.018819,0.014278,0.23424,0.00003,0.000121
AACCCTACTGTCAATA-1,0.00005,0.00005,0.00005,0.11475,0.25449,0.442124,0.0652,0.123287
AACCCTGGTGGAACCA-1,0.027574,0.006325,0.124871,0.000033,0.006034,0.155857,0.314705,0.364602
AACCGAGCTTGGTCAT-1,0.078097,0.000048,0.000048,0.000048,0.463402,0.212091,0.000048,0.246216
AACCGCTAAGGGATGC-1,0.000052,0.000052,0.000052,0.030985,0.429857,0.405673,0.02531,0.108017
AACCGTTGTGTTTGCT-1,0.015519,0.0211,0.030141,0.023275,0.454566,0.318702,0.000086,0.136612
AACCTAAAGCCGTCCG-1,0.285155,0.000044,0.000044,0.431507,0.252983,0.019771,0.01032,0.000176
AACCTCGCTTTAGCCC-1,0.002696,0.065775,0.002289,0.016491,0.13157,0.380868,0.017751,0.38256
AACCTGTCACGGAATT-1,0.047613,0.000103,0.000103,0.457089,0.442176,0.052404,0.000103,0.00041
AACCTTTAAATACGGT-1,0.000036,0.026782,0.000036,0.30161,0.018138,0.431297,0.000036,0.222065
AACCTTTACGACGTCT-1,0.000041,0.000041,0.000041,0.03919,0.408153,0.017393,0.249323,0.285819
AACGAAAGTCGTCCCA-1,0.007022,0.095068,0.404382,0.088443,0.027265,0.136626,0.003185,0.238009
AACGACCTCCTAGCCG-1,0.028155,0.124261,0.611003,0.134384,0.073927,0.005198,0.023013,0.00006
AACGATAATGCCGTAG-1,0.000037,0.037669,0.000037,0.134727,0.000037,0.506795,0.015854,0.304843
AACGATAGAAGGGCCG-1,0.005406,0.000021,0.010044,0.000021,0.000021,0.013463,0.140039,0.830984
AACGATATGTCAACTG-1,0.000034,0.022653,0.005386,0.035176,0.15856,0.239352,0.133719,0.405121
AACGCATGATCTGGGT-1,0.071047,0.000077,0.000077,0.48079,0.346034,0.04345,0.000077,0.058448
AACGCGAACGGCAACA-1,0.040905,0.000083,0.000083,0.503451,0.41895,0.036114,0.000083,0.000332
AACGCGACCTTGGGCG-1,0.217352,0.162177,0.000018,0.000018,0.000018,0.029661,0.194916,0.395839
AACGCGGTCTCCAGCC-1,0.003144,0.082567,0.000024,0.000024,0.133356,0.044079,0.015515,0.721291
AACGCTGTTGCTGAAA-1,0.00004,0.065794,0.00004,0.189752,0.081525,0.280016,0.148815,0.234018
AACGGACGTACGTATA-1,0.000053,0.000053,0.000053,0.339478,0.249872,0.391217,0.000053,0.019218
AACGGCCATCTCCGGT-1,0.063113,0.000041,0.000041,0.002811,0.206839,0.726947,0.000041,0.000166
AACGTACTGTGGGTAC-1,0.09369,0.0425,0.016065,0.000019,0.001468,0.285071,0.276708,0.284478
AACGTCAGACTAGTGG-1,0.000041,0.000041,0.000041,0.170719,0.506485,0.076629,0.000041,0.246004
AACGTCATCCGGCTTG-1,0.168067,0.054123,0.168307,0.063699,0.155918,0.065322,0.06198,0.262585
AACGTCGCTGCACTTC-1,0.215342,0.661833,0.000074,0.041427,0.080804,0.000148,0.000074,0.000297
AACGTGATGAAGGACA-1,0.000043,0.000043,0.118157,0.000043,0.000044,0.32048,0.200535,0.360654
AACGTGCGAAAGTCTC-1,0.000027,0.038126,0.000646,0.045326,0.218113,0.182805,0.028222,0.486733
AACGTTATCAGCACCT-1,0.000033,0.000033,0.000033,0.579223,0.033848,0.000067,0.015742,0.371021
AACGTTCTACCATTGT-1,0.042844,0.034734,0.298605,0.156248,0.190147,0.277233,0.000038,0.000152
AACTACCCGTTTGTCA-1,0.323164,0.319972,0.000117,0.16134,0.150059,0.000234,0.000117,0.044996
AACTAGCGTATCGCAC-1,0.010297,0.011096,0.000125,0.100657,0.11533,0.017045,0.599427,0.146024
AACTAGGCTTGGGTGT-1,0.061657,0.000058,0.025423,0.018907,0.261754,0.555571,0.00199,0.074641
AACTCAAGTTAATTGC-1,0.000194,0.015064,0.000033,0.345107,0.173194,0.284102,0.001331,0.180973
AACTCCAGAGCGTGTT-1,0.000046,0.000046,0.000834,0.20834,0.056391,0.196296,0.054424,0.483622
AACTCCTAATCCCATG-1,0.046777,0.039125,0.062025,0.115187,0.092518,0.617389,0.000098,0.026882
AACTCGATGGCGCAGT-1,0.162322,0.036155,0.000108,0.0417,0.691038,0.058067,0.010176,0.000433
AACTCTCAATAGAGCG-1,0.025574,0.000071,0.019802,0.045308,0.587444,0.231593,0.000071,0.090137
AACTCTCAGTGTGCTC-1,0.340276,0.008133,0.000056,0.000056,0.245064,0.365573,0.03543,0.005413
AACTGAGGTCAGCGTC-1,0.000197,0.100511,0.084442,0.533005,0.000197,0.280667,0.000197,0.000786
AACTGAGTTATACTGA-1,0.022601,0.000032,0.230735,0.129341,0.033956,0.402886,0.178054,0.002395
AACTGATATTAGGCCT-1,0.00006,0.00006,0.00006,0.026094,0.656942,0.22025,0.00006,0.096475
AACTGGGTCCCGACGT-1,0.045887,0.000034,0.000034,0.125313,0.287676,0.098561,0.009189,0.433306
AACTGGGTTCGAGCCG-1,0.000073,0.000073,0.000073,0.819517,0.032449,0.14745,0.000073,0.000292
AACTGGTGTGGGCCTT-1,0.00002,0.035116,0.008985,0.002923,0.00002,0.00004,0.644845,0.308051
AACTTCTGCGTCTATC-1,0.000045,0.000045,0.000045,0.248831,0.246457,0.012194,0.121545,0.370838
AACTTGCCCGTATGCA-1,0.009998,0.000027,0.016246,0.073733,0.224475,0.09848,0.016248,0.560792
AACTTGCGTTCTCGCG-1,0.00002,0.174031,0.00002,0.004842,0.019774,0.00004,0.720041,0.081231
AACTTTACGGGAGCTT-1,0.154463,0.000014,0.028646,0.119231,0.046201,0.000171,0.160658,0.490616
AACTTTAGCTGCTGAG-1,0.008259,0.000053,0.033405,0.018405,0.076672,0.285331,0.259099,0.318774
AACTTTCTCGATCATG-1,0.000026,0.000026,0.580298,0.023175,0.231924,0.044974,0.093745,0.025833
AAGAAAGTTTGATGGG-1,0.114336,0.207427,0.425469,0.17106,0.000094,0.081531,0.000017,0.000067
AAGAAATCACCAGATT-1,0.000039,0.003927,0.334882,0.202618,0.231587,0.226751,0.000039,0.000156
AAGAAGGATCAGTTAG-1,0.000023,0.032915,0.01423,0.040524,0.000024,0.031021,0.518521,0.362743
AAGACATACGTGGTTT-1,0.104386,0.176886,0.00007,0.7181,0.00007,0.00014,0.00007,0.000279
AAGACCAAATAACTCA-1,0.025608,0.426505,0.359699,0.000008,0.000008,0.057105,0.001757,0.12931
AAGACCCAACTGAACA-1,0.20587,0.000025,0.056508,0.000027,0.012116,0.502546,0.065841,0.157066
AAGACTCACGCCCACT-1,0.064751,0.055191,0.0167,0.618915,0.243999,0.000127,0.000063,0.000254
AAGACTGCAAGCTACT-1,0.000044,0.000044,0.000044,0.176951,0.145883,0.448593,0.000044,0.228397
AAGAGATGAATCGGTA-1,0.034791,0.046169,0.000229,0.040259,0.265175,0.024473,0.037178,0.551726
AAGAGCTCTTTATCGG-1,0.014241,0.020116,0.000031,0.110529,0.215973,0.175872,0.037682,0.425556
AAGAGGATGTACGCGA-1,0.027974,0.016661,0.000035,0.000035,0.306296,0.422665,0.000828,0.225507
AAGAGGCATGGATCGC-1,0.009638,0.000035,0.024594,0.007696,0.273961,0.400388,0.000035,0.283653
AAGAGGCCCTTTGGAA-1,0.014607,0.088805,0.000104,0.64877,0.040434,0.206762,0.000104,0.000415
AAGATGGCACCGGACC-1,0.363961,0.000055,0.000055,0.419527,0.015621,0.155678,0.000421,0.044683
AAGATTGGCGGAACGT-1,0.000038,0.000038,0.000038,0.007944,0.088767,0.461326,0.02801,0.413841
AAGCACCCTGCGTATC-1,0.032086,0.00416,0.060059,0.021238,0.020139,0.106605,0.008351,0.747361
AAGCATACTCTCCTGA-1,0.011858,0.141032,0.000976,0.000014,0.000014,0.101816,0.105787,0.638504
AAGCCACTTGCAGGTA-1,0.632827,0.286469,0.00003,0.080436,0.00003,0.00006,0.00003,0.000119
AAGCCGAAGCGGTTTA-1,0.000088,0.000088,0.000088,0.556844,0.21378,0.205599,0.000088,0.023425
AAGCCGCCGTGAAATC-1,0.124036,0.089055,0.056225,0.225698,0.016186,0.488597,0.000041,0.000163
AAGCCGCTTTACCTTG-1,0.007495,0.285746,0.38565,0.092057,0.070202,0.003046,0.154983,0.000821
AAGCCGGAGAGCAGGA-1,0.000025,0.090464,0.43892,0.026391,0.00361,0.199338,0.241153,0.000099
AAGCGCAGGGCTTTGA-1,0.017235,0.000483,0.092199,0.003248,0.002741,0.392655,0.000024,0.491416
AAGCGGAGTGCGCGCA-1,0.000035,0.000035,0.127358,0.663722,0.071948,0.047932,0.068381,0.020589
AAGCGGCGTCATGGGT-1,0.000063,0.000063,0.147314,0.139779,0.25196,0.251835,0.208736,0.000251
AAGCGTCCCTCATCGA-1,0.277132,0.059955,0.000042,0.125545,0.091418,0.110281,0.173767,0.16186
AAGCTAGATCGAGTAA-1,0.00005,0.00005,0.00005,0.007111,0.172968,0.819519,0.00005,0.000201
AAGCTATGGATTGACC-1,0.019889,0.010582,0.484898,0.039163,0.000007,0.000013,0.000007,0.445441
AAGCTCGTGCCAAGTC-1,0.00003,0.019004,0.019197,0.00003,0.097839,0.276504,0.024343,0.563054
AAGCTCTTTCATGGTG-1,0.013991,0.105215,0.006336,0.007629,0.010203,0.014147,0.113104,0.729375
AAGGAGAACTTATAAG-1,0.000016,0.000695,0.029552,0.292765,0.001792,0.000032,0.587242,0.087906
AAGGAGCGGTTGGTGC-1,0.042642,0.005361,0.066079,0.000028,0.039192,0.219323,0.011213,0.616162
AAGGATCGATCGCTTG-1,0.000098,0.000098,0.000098,0.562164,0.351977,0.085078,0.000098,0.000391
AAGGATGAGGGACCTC-1,0.074149,0.013041,0.009421,0.076806,0.034832,0.219994,0.236084,0.335673
AAGGCAGGCTGTCTCC-1,0.010641,0.039811,0.000061,0.816069,0.045385,0.07155,0.000061,0.016422
AAGGCGCGTAAAGCTT-1,0.011317,0.00004,0.00004,0.092381,0.553344,0.239202,0.00004,0.103636
AAGGCTGTGCTCATCG-1,0.000047,0.000047,0.000047,0.018921,0.353197,0.353131,0.000047,0.274562
AAGGGAACGACTGGCT-1,0.044399,0.049956,0.293294,0.000019,0.000019,0.240596,0.080543,0.291175
AAGGGACAGATTCTGT-1,0.000079,0.000079,0.000079,0.065242,0.508373,0.330679,0.062883,0.032586
AAGGGACTATGCATTC-1,0.035221,0.000021,0.155599,0.000021,0.000021,0.305739,0.038349,0.465029
AAGGGTTAGCCATGCG-1,0.00002,0.208605,0.250063,0.287437,0.007463,0.14057,0.105763,0.000079
AAGGGTTTGATTTCAG-1,0.000008,0.480274,0.193865,0.000185,0.030264,0.000691,0.083752,0.210962
AAGGTATCCTAATATA-1,0.000021,0.071144,0.002191,0.000021,0.084318,0.110679,0.199933,0.531692
AAGGTGATAAACCAGC-1,0.000052,0.000052,0.000052,0.086858,0.115759,0.451294,0.060545,0.285387
AAGTAGAAGACCGGGT-1,0.000033,0.000033,0.075715,0.000033,0.198478,0.091535,0.017881,0.616292
AAGTAGTGACGCGAGG-1,0.00003,0.00003,0.00055,0.017382,0.130744,0.269213,0.00003,0.582021
AAGTCAATTGTCGTCA-1,0.000026,0.000026,0.000026,0.063287,0.000026,0.202753,0.414347,0.319507
AAGTCTAGTAGCTGCC-1,0.012341,0.104781,0.492681,0.00537,0.283707,0.097269,0.003752,0.000099
AAGTCTTCTGTGGCCT-1,0.000014,0.000014,0.443395,0.000014,0.155534,0.029058,0.068861,0.303109
AAGTGACGACCGAATT-1,0.000018,0.061268,0.010587,0.000018,0.021575,0.216009,0.032362,0.658162
AAGTGAGTCGGGTTTA-1,0.228907,0.000039,0.028605,0.000039,0.000039,0.361332,0.14039,0.240648
AAGTGCAAAGGTAGAC-1,0.00005,0.00005,0.00005,0.309254,0.276086,0.399476,0.007778,0.007256
AAGTGCCTTGACTGTA-1,0.000042,0.000042,0.000042,0.031765,0.116553,0.381515,0.430783,0.039257
AAGTGCGTTAGAATCT-1,0.080639,0.028877,0.000665,0.000016,0.000016,0.223105,0.178379,0.488304
AAGTGCTTCTCTATTG-1,0.56875,0.232003,0.158297,0.000041,0.040623,0.000082,0.000041,0.000164
AAGTGTTTGGAGACGG-1,0.000033,0.000033,0.000033,0.174452,0.209427,0.309811,0.000057,0.306154
AAGTTCACTCCAAGCT-1,0.021976,0.051652,0.000061,0.072126,0.116607,0.416783,0.000061,0.320735
AAGTTCAGTCTGCGTA-1,0.035592,0.000082,0.000082,0.416952,0.330093,0.031656,0.000082,0.185459
AAGTTCGGCCAACAGG-1,0.259688,0.000024,0.000024,0.022292,0.054089,0.305785,0.03881,0.319288
AAGTTGTGATGTTATA-1,0.014391,0.034597,0.000094,0.426811,0.041368,0.482269,0.000094,0.000376
AAGTTTACTAATGGCA-1,0.000071,0.008802,0.002255,0.112878,0.260673,0.114941,0.176149,0.324231
AAGTTTATGGGCCCAA-1,0.047347,0.089681,0.012424,0.094406,0.026131,0.420598,0.003327,0.306086
AATAACAACGCTCGGC-1,0.00003,0.068628,0.000747,0.214141,0.074994,0.399321,0.0054,0.236739
AATAACACTAGAACAA-1,0.167424,0.000041,0.000041,0.372807,0.019001,0.440481,0.000041,0.000164
AATAACGTCGCGCCCA-1,0.281166,0.058544,0.031868,0.613572,0.01457,0.00008,0.00004,0.00016
AATAAGTCCTCGAGAC-1,0.023258,0.002667,0.260079,0.000031,0.273517,0.016752,0.078081,0.345616
AATAATCTTCGTATCG-1,0.000099,0.129805,0.000099,0.68303,0.042392,0.14408,0.000099,0.000396
AATACAATGTTTCAGG-1,0.196348,0.000105,0.000105,0.047931,0.41089,0.344096,0.000105,0.00042
AATACCGGAGGGCTGT-1,0.999714,0.000026,0.000026,0.000026,0.000026,0.000052,0.000026,0.000104
AATACCTGATGTGAAC-1,0.182479,0.058552,0.282063,0.470636,0.006045,0.000064,0.000032,0.000128
AATAGAACAGAGTGGC-1,0.195016,0.000028,0.012407,0.000028,0.006823,0.365437,0.179077,0.241184
AATAGAATCTGTTTCA-1,0.063471,0.000023,0.006479,0.170416,0.06262,0.199502,0.008545,0.488945
AATAGCAAGCCTCCTG-1,0.058693,0.000427,0.13573,0.517789,0.015145,0.271491,0.000145,0.00058
AATAGCTACCGCGTGC-1,0.155542,0.043085,0.000062,0.018158,0.370123,0.029432,0.093997,0.289601
AATAGGCACGACCCTT-1,0.657372,0.342077,0.000055,0.000055,0.000055,0.00011,0.000055,0.00022
AATAGTCCGTCCCGAC-1,0.102077,0.141198,0.000015,0.00573,0.000927,0.152042,0.239502,0.35851
AATAGTCGCGAGTCGG-1,0.041928,0.035487,0.009888,0.161329,0.188896,0.004856,0.377578,0.180038
AATATCAAGGTCGGAT-1,0.039718,0.000032,0.043086,0.10732,0.025797,0.002738,0.39238,0.388929
AATATCCTAGCAAACT-1,0.000214,0.237637,0.359865,0.000394,0.026515,0.001164,0.11698,0.257229
AATATCGAATCAATGC-1,0.022629,0.000108,0.000108,0.733181,0.098621,0.144811,0.000108,0.000433
AATATCGAGGGTTCTC-1,0.000063,0.000063,0.021556,0.226885,0.255366,0.273568,0.029233,0.193267
AATATTGGAGTATTGA-1,0.008346,0.011329,0.022013,0.11754,0.095809,0.105971,0.033497,0.605495
AATCAGGTTTCATTTA-1,0.535335,0.393941,0.005504,0.000021,0.000021,0.000042,0.000117,0.065018
AATCATGTAAAGACTC-1,0.000029,0.000029,0.01006,0.000029,0.030114,0.517282,0.072566,0.36989
AATCCAAGGGCCTGAG-1,0.000069,0.000069,0.001586,0.126137,0.274815,0.31412,0.000069,0.283135
AATCCATGCAAGGGTG-1,0.000044,0.000044,0.000044,0.283517,0.551892,0.000089,0.030226,0.134142
AATCCCGCTCAGAGCC-1,0.138887,0.068348,0.151649,0.093762,0.102225,0.197953,0.018234,0.228943
AATCGAGGTCTCAAGG-1,0.000012,0.197236,0.527451,0.003378,0.000012,0.090581,0.076779,0.10455
AATCGCCTCAGCGCCA-1,0.000026,0.000026,0.017481,0.040593,0.126979,0.236183,0.017445,0.561266
AATCGCGCAGAGGACT-1,0.25856,0.182797,0.000095,0.015771,0.342842,0.175782,0.000095,0.024058
AATCGGGACACTACGA-1,0.000083,0.000083,0.118334,0.000083,0.288991,0.325527,0.242306,0.024595
AATCGGTATAGCCCTC-1,0.208008,0.599462,0.000069,0.104109,0.018524,0.069483,0.000069,0.000275
AATCGTGAGCCGAGCA-1,0.000033,0.000033,0.001063,0.075191,0.039291,0.466617,0.102534,0.315239
AATCTAGGTTTACTTG-1,0.144266,0.011743,0.00005,0.218918,0.100094,0.300832,0.00005,0.224046
AATCTATGCCGGAGCC-1,0.000136,0.139694,0.000627,0.217593,0.269542,0.256516,0.000136,0.115754
AATCTCTACTGTGGTT-1,0.01831,0.000063,0.208751,0.109226,0.030681,0.61176,0.000063,0.021145
AATCTGCGTTGGGACG-1,0.000032,0.038301,0.001851,0.075018,0.003593,0.322381,0.277429,0.281395
AATCTGGCTTTCTAGT-1,0.001183,0.089168,0.174599,0.106597,0.082872,0.087142,0.003741,0.454698
AATCTGGGTAGACCCT-1,0.072191,0.080932,0.073542,0.491559,0.220999,0.054052,0.006523,0.000202
AATGACAGCAATGTCT-1,0.001326,0.10855,0.00002,0.004304,0.006219,0.233607,0.210532,0.435441
AATGACGTAGGATGTC-1,0.029914,0.000041,0.000041,0.125857,0.063537,0.528434,0.02395,0.228225
AATGACTGTCAGCCGG-1,0.013987,0.019848,0.000034,0.153686,0.312729,0.065766,0.000034,0.433917
AATGAGTTCGCATATG-1,0.051375,0.053587,0.000039,0.213819,0.091545,0.026665,0.340646,0.222324
AATGATGATACGCTAT-1,0.000031,0.000031,0.042157,0.004894,0.039207,0.300092,0.203766,0.409823
AATGATGCGACTCCTG-1,0.000033,0.000115,0.093688,0.000033,0.147096,0.262711,0.360978,0.135346
AATGCAACCGGGTACC-1,0.163176,0.000028,0.000028,0.003374,0.241405,0.312994,0.010715,0.26828
AATGCACCAAGCAATG-1,0.000035,0.000035,0.006976,0.000035,0.191928,0.270142,0.402933,0.127916
AATGGCCGCCAATGCG-1,0.004438,0.000013,0.367493,0.014163,0.021751,0.078867,0.472127,0.041148
AATGGTCCACCGTTCA-1,0.083796,0.095409,0.037485,0.005,0.157872,0.192177,0.045154,0.383106
AATGGTTCTCACAAGC-1,0.018014,0.000049,0.000049,0.215852,0.504199,0.140036,0.000049,0.121753
AATGTATGGCACTGTA-1,0.024584,0.690766,0.049975,0.172812,0.000014,0.000028,0.000014,0.061807
AATGTGCCCGAGGTGT-1,0.030345,0.071694,0.027507,0.000026,0.010385,0.263242,0.149719,0.447082
AATGTGCTAATCTGAG-1,0.423362,0.000021,0.111586,0.004247,0.000286,0.070828,0.018362,0.371308
AATGTTAAGACCCTGA-1,0.022103,0.000031,0.584995,0.04468,0.028035,0.319569,0.000031,0.000557
AATGTTGTCGTGAGAC-1,0.264544,0.598742,0.000089,0.000089,0.035724,0.100369,0.000089,0.000355
AATTAAAGGTCGGCGT-1,0.00002,0.019948,0.013876,0.00002,0.00002,0.187683,0.16698,0.611452
AATTAACGGATTTCCA-1,0.022059,0.09416,0.006324,0.000017,0.000017,0.119587,0.119707,0.63813
AATTACGAGACCCATC-1,0.042844,0.287362,0.475151,0.000011,0.000011,0.023308,0.001084,0.170228
AATTAGCGCTGCAGCG-1,0.001232,0.000022,0.034069,0.000022,0.010215,0.440104,0.076092,0.438242
AATTATACCCAGCAAG-1,0.013581,0.000039,0.415167,0.080406,0.005094,0.484676,0.000881,0.000155
AATTCATAAGGGATCT-1,0.000042,0.000042,0.067334,0.000042,0.398145,0.129853,0.160994,0.243548
AATTCATTGTCATGCA-1,0.005875,0.244492,0.371457,0.000009,0.000009,0.004157,0.000831,0.373169
AATTCCAAGCATGTAC-1,0.186427,0.000052,0.008128,0.154108,0.018989,0.523307,0.000052,0.108939
AATTCGATTCGAGGAT-1,0.000036,0.000036,0.041512,0.176444,0.015068,0.388952,0.000036,0.377917
AATTCTAGAGTTAGGC-1,0.049273,0.000054,0.001285,0.012985,0.007395,0.755608,0.068109,0.105291
AATTGAACGCTCTGGT-1,0.000023,0.000023,0.000023,0.000023,0.000023,0.309948,0.018003,0.671935
AATTGCAGCAATCGAC-1,0.005409,0.003692,0.160468,0.015839,0.412483,0.20295,0.086774,0.112385
AATTGCGTGGATTACA-1,0.131522,0.22096,0.299633,0.226874,0.000028,0.000056,0.000028,0.120899
AATTGTGGTTGCCAAA-1,0.008402,0.033756,0.367508,0.346174,0.175303,0.068599,0.000051,0.000206
AATTTGGGACATAGTA-1,0.000066,0.125126,0.01042,0.110553,0.141961,0.139281,0.462483,0.01011
AATTTGGTTCCAAAGA-1,0.00004,0.174759,0.00004,0.00004,0.00004,0.081615,0.35362,0.389845
ACAAACCATGCGTCCT-1,0.045969,0.008742,0.422308,0.004757,0.114063,0.299557,0.000852,0.103752
ACAAACCGACAAGGCG-1,0.043316,0.00111,0.099419,0.092642,0.688352,0.074918,0.000048,0.000194
ACAAACTCCATCAGAG-1,0.736484,0.233129,0.029936,0.00005,0.00005,0.0001,0.00005,0.000201
ACAAAGAAGGTAGGCC-1,0.000005,0.000005,0.459133,0.023105,0.000005,0.00001,0.008763,0.508974
ACAAAGCATGACCTAG-1,0.000042,0.000042,0.000663,0.022097,0.346084,0.630865,0.000042,0.000166
ACAAATCGCACCGAAT-1,0.114814,0.000038,0.000038,0.022357,0.20315,0.633683,0.019472,0.006448
ACAAATGGTAGTGTTT-1,0.000047,0.000047,0.000047,0.485205,0.064417,0.172804,0.000047,0.277388
ACAAATTCAGATCTGA-1,0.094906,0.000081,0.063427,0.53945,0.271629,0.030104,0.000081,0.000323
ACAACAGCATGAGCTA-1,0.056343,0.000038,0.000038,0.208341,0.261848,0.398523,0.000038,0.074829
ACAACGGTCCCTGCGA-1,0.000051,0.000051,0.000051,0.101441,0.503384,0.267083,0.005887,0.122052
ACAAGCAGTGCCTAGC-1,0.079089,0.034005,0.007909,0.000026,0.280813,0.177357,0.104936,0.315865
ACAAGCTATATGGAAG-1,0.009894,0.030538,0.288735,0.083886,0.437495,0.040595,0.002684,0.106173
ACAAGGAAATCCGCCC-1,0.000022,0.043166,0.01708,0.000022,0.014582,0.306914,0.014566,0.603649
ACAAGGACAAGAGGTT-1,0.000046,0.052168,0.000046,0.007954,0.482664,0.425877,0.000046,0.031201
ACAAGGATGCTTTAGG-1,0.000027,0.000027,0.074562,0.030318,0.083611,0.276852,0.059221,0.475382
ACAAGGCCTACCAGCC-1,0.151374,0.064458,0.054222,0.106439,0.184684,0.00489,0.146712,0.28722
ACAAGGGCAGGCTCTG-1,0.000025,0.000025,0.008165,0.043263,0.006912,0.379231,0.000029,0.56235
ACAAGTAATTGTAAGG-1,0.526858,0.472602,0.000054,0.000054,0.000054,0.000108,0.000054,0.000216
ACAATAGTCGTACGTT-1,0.000033,0.000033,0.039621,0.009434,0.16886,0.380861,0.000033,0.401126
ACAATCCATTTAAACC-1,0.02957,0.062235,0.000076,0.07786,0.175755,0.615067,0.000076,0.03936
ACAATCGATCTTTATA-1,0.000016,0.000152,0.204362,0.038559,0.014788,0.031092,0.607237,0.103794
ACAATGAATACGGAGA-1,0.175938,0.000028,0.000028,0.000028,0.000028,0.287028,0.282687,0.254234
ACAATGATTCTTCTAC-1,0.22214,0.00011,0.081512,0.360553,0.334914,0.00022,0.00011,0.00044
ACAATTGTGTCTCTTT-1,0.000082,0.000082,0.019599,0.071645,0.349658,0.471606,0.000082,0.087247
ACAATTTAGGAGGCTC-1,0.049815,0.00006,0.106802,0.055992,0.469392,0.235088,0.004799,0.078052
ACAATTTGAGCAGTGG-1,0.000031,0.064879,0.000031,0.000031,0.202475,0.331956,0.123562,0.277035
ACAATTTGGCCATATT-1,0.000065,0.000065,0.114056,0.383971,0.390086,0.095084,0.006308,0.010366
ACACAAAGACGGGTGG-1,0.009404,0.037365,0.023263,0.014642,0.52002,0.298739,0.006044,0.090524
ACACAAATATTCCTAG-1,0.000013,0.406275,0.243292,0.004754,0.024343,0.019545,0.256354,0.045424
ACACACCAGGACCAGT-1,0.00004,0.00004,0.028464,0.108704,0.215586,0.301864,0.019487,0.325815
ACACACTTTCTACACG-1,0.000075,0.033626,0.000075,0.209694,0.459666,0.095466,0.009472,0.191927
ACACATGATCAAATCT-1,0.015096,0.000041,0.251876,0.001025,0.233003,0.498756,0.000041,0.000162
ACACATTTCCGTAGAC-1,0.107919,0.000026,0.277815,0.104784,0.039799,0.32518,0.000026,0.144453
ACACCACATAATTAGC-1,0.018986,0.000085,0.000085,0.440481,0.336179,0.203755,0.000085,0.000342
ACACCCAGCATGCAGC-1,0.22251,0.000036,0.020361,0.000036,0.175242,0.150544,0.087837,0.343433
ACACCCGAGAAATCCG-1,0.000027,0.000027,0.0408,0.007101,0.266164,0.008393,0.007872,0.669617
ACACCCGTAAATCTGT-1,0.000009,0.009256,0.389938,0.008743,0.084055,0.003308,0.460917,0.043775
ACACCGAGCGCTCTTT-1,0.022499,0.00008,0.00008,0.406126,0.570653,0.00016,0.00008,0.000321
ACACCGGTCTGACCGC-1,0.037619,0.00521,0.373513,0.000027,0.047244,0.407284,0.001895,0.127208
ACACCTTAAGTAGGGC-1,0.047389,0.001499,0.014881,0.093466,0.230064,0.232853,0.017721,0.362126
ACACCTTACTACTTGC-1,0.086633,0.077574,0.06311,0.225136,0.212342,0.329593,0.005126,0.000487
ACACGAGACTCCTTCT-1,0.12689,0.000029,0.000029,0.467802,0.033305,0.099491,0.000379,0.272073
ACACGGCACTATGCAT-1,0.000044,0.000044,0.107868,0.246874,0.015626,0.062789,0.086675,0.480079
ACACGGGAACTTAGGG-1,0.000041,0.000041,0.12808,0.004011,0.385159,0.292775,0.003689,0.186203
ACACGTAGGCCACAAG-1,0.056205,0.117615,0.000096,0.625682,0.000096,0.199825,0.000096,0.000384
ACACTCCAATGTCACT-1,0.000049,0.071642,0.000049,0.603289,0.158364,0.000099,0.065083,0.101425
ACACTGATCAAGGTGT-1,0.2156,0.041429,0.017387,0.056255,0.33284,0.068773,0.153756,0.113959
ACACTGGGACAGTCGT-1,0.065744,0.035204,0.008393,0.175188,0.137767,0.174704,0.147713,0.255288
ACAGAACTGAGAACAA-1,0.000016,0.000016,0.040799,0.032046,0.000016,0.206167,0.026987,0.693953
ACAGATTAGGTTAGTG-1,0.002371,0.022344,0.006504,0.006544,0.007922,0.086704,0.366716,0.500896
ACAGCATAGAGCCAGT-1,0.000075,0.000075,0.006617,0.081492,0.153193,0.227066,0.064437,0.467045
ACAGCGACATTCTCAT-1,0.012125,0.019583,0.005203,0.00591,0.025683,0.451418,0.417361,0.062717
ACAGCGCACCCGCAGC-1,0.000049,0.032656,0.193189,0.00822,0.172835,0.139198,0.033689,0.420164
ACAGGCACGGATCCTT-1,0.000027,0.026826,0.140462,0.03883,0.346619,0.395463,0.051666,0.000107
ACAGGCTTGCCCGACT-1,0.006626,0.019675,0.000021,0.18131,0.021451,0.161267,0.011783,0.597869
ACAGGTGGAGGTGAGG-1,0.122475,0.000031,0.02612,0.172151,0.062788,0.407614,0.082032,0.126789
ACAGGTGTGTTGTTGC-1,0.000015,0.000015,0.178901,0.650643,0.107383,0.00003,0.004397,0.058617
ACAGTAATACAACTTG-1,0.042776,0.001347,0.130038,0.000117,0.005869,0.212432,0.014449,0.592972
ACAGTATACCGTGGGA-1,0.00442,0.135573,0.310772,0.006277,0.130251,0.020313,0.377075,0.015318
ACAGTGCAGCGCATTT-1,0.185381,0.029465,0.140434,0.381008,0.193765,0.057354,0.000037,0.012556
ACATAAGTCGTGGTGA-1,0.060517,0.162171,0.279122,0.000512,0.020816,0.181985,0.000018,0.294859
ACATAATAAGGCGGTG-1,0.000033,0.000033,0.000033,0.000033,0.272702,0.182459,0.00726,0.537446
ACATACAATCAAGCGG-1,0.000013,0.551733,0.121038,0.109415,0.004708,0.005761,0.20728,0.000051
ACATCAGCTGGGACGC-1,0.016098,0.085646,0.022505,0.000014,0.000014,0.012147,0.174603,0.688972
ACATCCCGGCCATACG-1,0.003705,0.085483,0.016,0.000017,0.000017,0.147801,0.193304,0.553673
ACATCCTGGTAACTGT-1,0.000024,0.010282,0.066687,0.000024,0.138815,0.214822,0.191528,0.377818
ACATCGATCGTTTACC-1,0.000044,0.000044,0.000044,0.177917,0.171589,0.229786,0.023375,0.397201
ACATCGCAATATTCGG-1,0.600793,0.398392,0.000082,0.000082,0.000082,0.000163,0.000082,0.000326
ACATCGGTCAGCCGCG-1,0.019383,0.000034,0.001939,0.003187,0.111956,0.682525,0.093483,0.087492
ACATCGTATGCAATGG-1,0.000027,0.000027,0.000027,0.028149,0.008172,0.396891,0.031126,0.535582
ACATCGTTAACCTAGT-1,0.000038,0.000038,0.080245,0.007714,0.000038,0.13095,0.26749,0.513486
ACATCTCAACGCGTAA-1,0.022649,0.058426,0.218238,0.00002,0.02547,0.066899,0.598104,0.010194
ACATGCTTACGGCAGC-1,0.495627,0.370934,0.119223,0.013857,0.000045,0.00009,0.000045,0.000179
ACATGGCGCCAAAGTA-1,0.000047,0.000047,0.107829,0.000047,0.340294,0.328885,0.087788,0.135064
ACATTAGTTTATATCC-1,0.10405,0.000026,0.000026,0.012816,0.057671,0.285948,0.061437,0.478025
ACATTCGCGCGGAATA-1,0.421935,0.329197,0.09872,0.007366,0.016905,0.003619,0.05325,0.069008
ACATTTGAAACCTAAC-1,0.06959,0.162706,0.298259,0.41952,0.020435,0.029266,0.000045,0.000179
ACCAAACACCCAGCGA-1,0.04387,0.000088,0.000088,0.380006,0.436911,0.138596,0.000088,0.000352
ACCAAACTAGAAATCC-1,0.000013,0.103419,0.23508,0.000872,0.029467,0.031466,0.516963,0.08272
ACCAACACCACACACT-1,0.318877,0.262231,0.00009,0.091401,0.218476,0.030085,0.00009,0.078751
ACCAACCGCACTCCAC-1,0.000039,0.000039,0.035712,0.277082,0.117035,0.441616,0.118377,0.010099
ACCAACGCTTATTTAT-1,0.045607,0.000047,0.000047,0.224549,0.108127,0.511977,0.000047,0.109598
ACCAAGAACGCGTGTC-1,0.000036,0.000036,0.000814,0.076464,0.153654,0.006315,0.058741,0.70394
ACCAAGTCATCGGCAG-1,0.129413,0.385739,0.043681,0.216645,0.05824,0.165914,0.000073,0.000294
ACCAATATGCAAGTTA-1,0.049885,0.280815,0.000109,0.000109,0.000109,0.645858,0.000109,0.023007
ACCACAACTCAGAACA-1,0.000063,0.000063,0.083003,0.758716,0.046882,0.064585,0.046435,0.000253
ACCACAAGTTTCTATC-1,0.000045,0.000045,0.000045,0.371407,0.214493,0.177409,0.000045,0.23651
ACCACACGGTTGATGG-1,0.000021,0.000021,0.630403,0.008254,0.00601,0.135362,0.000021,0.219907
ACCACCAATGTAACAA-1,0.000067,0.024478,0.000067,0.195029,0.391358,0.275815,0.000067,0.113118
ACCACCCTCTCTTCTA-1,0.000037,0.155768,0.272942,0.21188,0.064125,0.09575,0.199351,0.000148
ACCACGTGCAGCTATA-1,0.053582,0.000045,0.017333,0.137449,0.104956,0.37635,0.00797,0.302316
ACCAGACCATAACAAC-1,0.003391,0.000011,0.334868,0.02716,0.120341,0.016786,0.053018,0.444425
ACCAGCCCGGTCTTTG-1,0.000029,0.074972,0.299652,0.051843,0.133741,0.032709,0.376707,0.030347
ACCAGGAGTGTGATCT-1,0.00006,0.00006,0.00006,0.107224,0.419317,0.230627,0.238017,0.004635
ACCAGTGCCCGGTCAA-1,0.018295,0.000116,0.000116,0.750889,0.134966,0.095036,0.000116,0.000465
ACCAGTGCGGGAGACG-1,0.005697,0.050243,0.000046,0.039409,0.047257,0.547045,0.01331,0.296993
ACCATATCCGCAATAA-1,0.093921,0.1169,0.000021,0.000021,0.002283,0.32948,0.095896,0.361477
ACCATCCGCCAACTAG-1,0.000028,0.000028,0.023149,0.146381,0.116146,0.248431,0.018241,0.447597
ACCATCGTATATGGTA-1,0.036592,0.000027,0.015225,0.000027,0.039521,0.33744,0.138795,0.432373
ACCCAACGCCCGTGGC-1,0.000038,0.000038,0.029299,0.000038,0.34014,0.404842,0.002765,0.222841
ACCCACCTACATGCTC-1,0.000034,0.073688,0.000034,0.011102,0.204146,0.146418,0.145651,0.418926
ACCCATCTTGAGGGTA-1,0.000055,0.000055,0.000055,0.046753,0.234426,0.690097,0.000055,0.028503
ACCCATTTGTCCCTCT-1,0.000067,0.000285,0.000067,0.217695,0.277213,0.354922,0.110125,0.039626
ACCCGAGCGAAATTAC-1,0.447064,0.000055,0.000055,0.033969,0.329841,0.18874,0.000055,0.000221
ACCCGATTGGTTCCGA-1,0.992339,0.000035,0.000035,0.000035,0.007315,0.000069,0.000035,0.000138
ACCCGGAAACTCCCAG-1,0.000039,0.028785,0.000039,0.182745,0.104542,0.577444,0.046917,0.059489
ACCCGGAGCACCACAA-1,0.001587,0.223022,0.242834,0.147594,0.126383,0.044471,0.121203,0.092905
ACCCGGATGACGCATC-1,0.00008,0.00008,0.00008,0.26526,0.432442,0.251444,0.050297,0.000318
ACCCGGTTACACTTCC-1,0.000038,0.000038,0.033323,0.007603,0.07178,0.561148,0.119657,0.206412
ACCCGTAGCAGAGAAT-1,0.01435,0.459961,0.287325,0.000006,0.000006,0.012949,0.040957,0.184447
ACCCGTAGTCTAGTTG-1,0.135037,0.006075,0.441979,0.039447,0.267946,0.109246,0.000054,0.000216
ACCCGTGTCATCAGTA-1,0.06929,0.037772,0.000063,0.157234,0.222,0.513323,0.000063,0.000253
ACCCTATAGGACTGAG-1,0.000035,0.000035,0.000035,0.21608,0.163057,0.00007,0.466121,0.154567
ACCCTATGCCATATCG-1,0.491987,0.000077,0.000077,0.053213,0.269551,0.184713,0.000077,0.000307
ACCCTCCCGTCAGGGC-1,0.00002,0.019659,0.247411,0.031442,0.320903,0.163914,0.196435,0.020216
ACCCTCCCTTGCTATT-1,0.00004,0.00004,0.014144,0.014831,0.232515,0.393146,0.00004,0.345244
ACCCTGGTAACGCCCT-1,0.051334,0.000098,0.021002,0.824314,0.000098,0.102663,0.000098,0.000392
ACCCTTCATCTGCGAA-1,0.01294,0.073708,0.002242,0.059306,0.000024,0.002802,0.372665,0.476312
ACCCTTGCCTGGGTCG-1,0.053327,0.225086,0.25951,0.021322,0.007615,0.01022,0.404781,0.01814
ACCCTTTAGTTCTCCA-1,0.000026,0.044701,0.328413,0.028491,0.000026,0.0016,0.431557,0.165185
ACCGAAAGGGCCCTGC-1,0.000027,0.000027,0.113339,0.000027,0.030784,0.023759,0.255103,0.576935
ACCGAAGAGTCTGGTT-1,0.025668,0.144541,0.135662,0.056159,0.062064,0.299628,0.000029,0.27625
ACCGACACATCTCCCA-1,0.110716,0.000057,0.000057,0.085253,0.084462,0.646222,0.000057,0.073177
ACCGACTGAGTCCCAC-1,0.000034,0.000034,0.065636,0.000034,0.185824,0.32376,0.006874,0.417805
ACCGAGTCTCCTTATT-1,0.000017,0.021106,0.205748,0.186167,0.086927,0.135052,0.019,0.345983
ACCGATAGGCATAACC-1,0.133005,0.000056,0.000056,0.854831,0.002486,0.000112,0.000056,0.009398
ACCGATATTTAATCAT-1,0.000135,0.000135,0.000135,0.248936,0.667411,0.082571,0.000135,0.000541
ACCGATGGTAGCATCG-1,0.000035,0.000035,0.000035,0.236244,0.208741,0.189259,0.044742,0.320911
ACCGCAATAACTGCCT-1,0.045595,0.037994,0.00003,0.085016,0.097868,0.41268,0.096029,0.224789
ACCGCGGTGGAAGTCG-1,0.038709,0.000072,0.000072,0.157127,0.544261,0.1534,0.084157,0.022202
ACCGCTAGTCATTGGT-1,0.648472,0.337269,0.014038,0.000025,0.000025,0.000049,0.000025,0.000098
ACCGGGCCTTTGTTGA-1,0.008705,0.045839,0.000123,0.130893,0.241184,0.572638,0.000123,0.000494
ACCGGTCAGGTACACC-1,0.000251,0.031752,0.150976,0.019222,0.213464,0.547045,0.000035,0.037254
ACCGGTCTGAGTACGG-1,0.024869,0.000032,0.276474,0.344003,0.276293,0.000351,0.004436,0.073542
ACCGTCCACTGGGCCC-1,0.031562,0.394768,0.398985,0.000006,0.000006,0.001572,0.000782,0.172319
ACCGTGACCACGTGGG-1,0.455466,0.000036,0.000036,0.191769,0.089994,0.030276,0.092564,0.139859
ACCGTTCCCGCTCTGA-1,0.000048,0.000048,0.124426,0.295792,0.018959,0.018188,0.307793,0.234748
ACCTAAGTACCTTTCA-1,0.053086,0.000044,0.017909,0.212613,0.000044,0.250519,0.028777,0.437008
ACCTAATCGACTTCCT-1,0.058007,0.000052,0.051251,0.000052,0.213976,0.310638,0.000052,0.365974
ACCTACAGTATGTGGT-1,0.302237,0.476454,0.000109,0.112965,0.090485,0.017203,0.000109,0.000437
ACCTACTATAAATCTA-1,0.012027,0.070599,0.064159,0.066815,0.00004,0.435649,0.020012,0.330699
ACCTCAGCGAGGCGCA-1,0.01254,0.155653,0.236828,0.594768,0.000026,0.000053,0.000026,0.000106
ACCTCCGCCCTCGCTG-1,0.000068,0.000068,0.038765,0.324061,0.343323,0.095269,0.044976,0.15347
ACCTCCGTTATTCACC-1,0.20234,0.079604,0.000175,0.160431,0.075872,0.4807,0.000175,0.000702
ACCTCGAACTTATGCT-1,0.050103,0.113372,0.328755,0.122059,0.010554,0.214573,0.030223,0.130361
ACCTGCGTGTCATGTT-1,0.000036,0.000036,0.008541,0.055134,0.120462,0.397636,0.000036,0.418117
ACCTTTCCTTTAGAAG-1,0.000016,0.237065,0.000016,0.306605,0.000016,0.000032,0.456187,0.000064
ACGAAATGGGCGGCAC-1,0.027067,0.000034,0.038317,0.034493,0.302772,0.150817,0.00356,0.44294
ACGACCCATGAGTTGC-1,0.00006,0.083731,0.373439,0.33663,0.00006,0.073488,0.083791,0.048802
ACGACTCTAGGGCCGA-1,0.012653,0.074361,0.095576,0.119864,0.548253,0.14911,0.000037,0.000146
ACGACTGGTCATACTC-1,0.564655,0.049136,0.081621,0.000019,0.000019,0.021603,0.016525,0.266423
