Barcode,Topic 1to3,Topic 4,Topic 5to7,Topic 8,Topic 9
AAACAACGAATAGTTC-1,0.195093,0.000201,0.080878,0.087675,0.636153
AAACAAGTATCTCCCA-1,0.601316,0.001035,0.20599,0.065627,0.126031
AAACAATCTACTAGCA-1,0.113448,0.067661,0.813598,0.000067,0.005226
AAACACCAATAACTGC-1,0.407055,0.26455,0.328207,0.000094,0.000094
AAACAGAGCGACTCCT-1,0.14109,0.260432,0.590704,0.007741,0.000032
AAACAGCTTTCAGAAG-1,0.54252,0.000045,0.405705,0.051685,0.000045
AAACAGGGTCTATATT-1,0.76624,0.000072,0.219224,0.000072,0.014392
AAACAGTGTTCCTGGG-1,0.515025,0.000119,0.000357,0.000119,0.48438
AAACATGGTGAGAGGA-1,0.994815,0.000068,0.004982,0.000068,0.000068
AAACATTTCCCGGATT-1,0.415731,0.049234,0.460374,0.000036,0.074625
AAACCACTACACAGAT-1,0.000216,0.000072,0.000216,0.950143,0.049352
AAACCCGAACGAAATC-1,0.244731,0.172939,0.078104,0.405526,0.0987
AAACCGGAAATGTTAA-1,0.020825,0.024225,0.00025,0.840614,0.114086
AAACCGGGTAGGTACC-1,0.000432,0.000144,0.16841,0.000144,0.830869
AAACCGTTCGTCCAGG-1,0.003861,0.000131,0.176269,0.000131,0.819608
AAACCTAAGCAGCCGG-1,0.777726,0.000033,0.161976,0.026014,0.03425
AAACCTCATGAAGTTG-1,0.075998,0.064233,0.859626,0.000072,0.000072
AAACGAAGAACATACC-1,0.554713,0.000069,0.248536,0.026957,0.169725
AAACGAAGATGGAGTA-1,0.830884,0.018587,0.15036,0.000084,0.000084
AAACGACAGTCTTGCC-1,0.000292,0.000097,0.000292,0.924418,0.074901
AAACGAGACGGTTGAT-1,0.209954,0.105797,0.684193,0.000028,0.000028
AAACGCCCGAGATCGG-1,0.208651,0.000088,0.000265,0.675898,0.115098
AAACGCTGGGCACGAC-1,0.200676,0.075941,0.000388,0.476296,0.246698
AAACGGGCGTACGGGT-1,0.809923,0.000043,0.11126,0.059085,0.019689
AAACGGGTTGGTATCC-1,0.154608,0.178345,0.214842,0.060144,0.392061
AAACGGTTGCGAACTG-1,0.202177,0.00004,0.797703,0.00004,0.00004
AAACGTGTTCGCCCTA-1,0.000174,0.000058,0.026696,0.973014,0.000058
AAACTAACGTGGCGAC-1,0.110808,0.000099,0.056327,0.816399,0.016368
AAACTCGGTTCGCAAT-1,0.519427,0.000041,0.375092,0.00049,0.104951
AAACTCGTGATATAAG-1,0.000117,0.259115,0.176956,0.563772,0.000039
AAACTGCTGGCTCCAA-1,0.960372,0.000074,0.009851,0.000074,0.029629
AAACTTAATTGCACGC-1,0.83577,0.0129,0.076271,0.000072,0.074987
AAACTTGCAAACGTAT-1,0.535208,0.000062,0.464606,0.000062,0.000062
AAAGAATGACCTTAGA-1,0.999507,0.000082,0.000247,0.000082,0.000082
AAAGAATGTGGACTAA-1,0.576928,0.165346,0.037127,0.064949,0.155649
AAAGACATGAAGTTTA-1,0.528323,0.000048,0.358268,0.049243,0.064119
AAAGACCCAAGTCGCG-1,0.300742,0.098837,0.508319,0.028683,0.063419
AAAGACTGGGCGCTTT-1,0.637828,0.000125,0.295576,0.000125,0.066347
AAAGCTTGCCTACATA-1,0.000151,0.017614,0.04003,0.939146,0.003058
AAAGGCCCTATAATAC-1,0.15183,0.086985,0.000402,0.092848,0.667934
AAAGGCTACGGACCAT-1,0.843184,0.000089,0.152346,0.000089,0.004291
AAAGGCTCTCGCGCCG-1,0.301481,0.00012,0.672226,0.00012,0.026053
AAAGGGATGTAGCAAG-1,0.941376,0.000131,0.000393,0.057968,0.000131
AAAGGGCAGCTTGAAT-1,0.169939,0.000176,0.000529,0.000176,0.82918
AAAGGTAAGCTGTACC-1,0.181664,0.000836,0.002508,0.26756,0.547433
AAAGGTCAACGACATG-1,0.009353,0.384585,0.000271,0.508049,0.097743
AAAGTAGCATTGCTCA-1,0.50349,0.000161,0.000482,0.000161,0.495707
AAAGTCACTGATGTAA-1,0.436386,0.028899,0.534507,0.000104,0.000104
AAAGTCGACCCTCAGT-1,0.588986,0.000089,0.410748,0.000089,0.000089
AAAGTGCCATCAATTA-1,0.156427,0.256027,0.000245,0.587214,0.000087
AAAGTGTGATTTATCT-1,0.628251,0.000082,0.079666,0.074382,0.217619
AAAGTTGACTCCCGTA-1,0.61041,0.000044,0.304301,0.055578,0.029667
AAATAACCATACGGGA-1,0.689141,0.057255,0.000298,0.07659,0.176715
AAATAAGGTAGTGCCC-1,0.051096,0.000067,0.072731,0.857107,0.018999
AAATACCTATAAGCAT-1,0.666254,0.000051,0.18448,0.079046,0.07017
AAATAGCTTAGACTTT-1,0.293673,0.083503,0.047016,0.211316,0.364492
AAATAGGGTGCTATTG-1,0.723022,0.057683,0.174585,0.030594,0.014117
AAATCACTCCTAAACG-1,0.000193,0.014061,0.040855,0.944826,0.000064
AAATCCGATACACGCC-1,0.386648,0.023045,0.399743,0.184655,0.005909
AAATCGCGGAAGGAGT-1,0.415081,0.443703,0.141099,0.000058,0.000058
AAATCGTGTACCACAA-1,0.703148,0.030034,0.147627,0.000088,0.119103
AAATCTAGCCCTGCTA-1,0.331455,0.150465,0.46211,0.055923,0.000047
AAATCTGCCCGCGTCC-1,0.340606,0.214941,0.444352,0.00005,0.00005
AAATGACTGATCAAAC-1,0.991647,0.000091,0.000272,0.000091,0.007899
AAATGATTCGATCAGC-1,0.005632,0.154672,0.002584,0.735627,0.101485
AAATGCTCGTTACGTT-1,0.341685,0.000138,0.25972,0.000138,0.398319
AAATGGCATGTCTTGT-1,0.548597,0.11449,0.28202,0.000058,0.054835
AAATGGCCCGTGCCCT-1,0.190636,0.014562,0.743904,0.050848,0.000049
AAATGGTCAATGTGCC-1,0.476466,0.000113,0.50868,0.000113,0.014628
AAATGTATCTTATCCC-1,0.975562,0.000047,0.009801,0.007908,0.006682
AAATGTGGGTGCTCCT-1,0.684244,0.127922,0.04263,0.000085,0.14512
AAATTAACGGGTAGCT-1,0.506324,0.000125,0.388301,0.000125,0.105124
AAATTAATAAGCGCGA-1,0.263103,0.068722,0.656293,0.011858,0.000023
AAATTACACGACTCTG-1,0.25126,0.005852,0.489214,0.000066,0.253607
AAATTACCTATCGATG-1,0.377764,0.000042,0.403682,0.015572,0.202941
AAATTCCAGGTCCAAA-1,0.139108,0.176727,0.220856,0.463257,0.000052
AAATTGATAGTCCTTT-1,0.679749,0.000305,0.000916,0.000305,0.318723
AAATTGCGGCGGTTCT-1,0.000621,0.000207,0.232358,0.000207,0.766607
AAATTGGTGAGAAGCA-1,0.096708,0.000058,0.000174,0.771048,0.132012
AAATTTACCGAAATCC-1,0.567501,0.000039,0.381797,0.04078,0.009883
AAATTTGCGGGTGTGG-1,0.288685,0.000244,0.000731,0.055345,0.654995
AACAACTGGTAGTTGC-1,0.634404,0.000154,0.187864,0.000154,0.177424
AACAATACATTGTCGA-1,0.304979,0.087905,0.000613,0.000204,0.606298
AACAATTACTCTACGC-1,0.739723,0.110104,0.059132,0.000215,0.090826
AACACACGCTCGCCGC-1,0.671364,0.000046,0.154216,0.123738,0.050636
AACACGACTGTACTGA-1,0.317155,0.012065,0.651278,0.019451,0.000052
AACACGAGACGCGGCC-1,0.157983,0.00004,0.841897,0.00004,0.00004
AACACGCGGCCGCGAA-1,0.35947,0.030002,0.137093,0.000125,0.473311
AACAGCTGTGTGGCAA-1,0.618852,0.151033,0.000464,0.000155,0.229496
AACAGGAAATCGAATA-1,0.25174,0.010063,0.704898,0.033255,0.000043
AACAGGATGGGCCGCG-1,0.001939,0.545427,0.001939,0.000646,0.450047
AACAGGTAGTATGGAT-1,0.180541,0.087524,0.033667,0.386801,0.311466
AACATAGCGTGTATCG-1,0.653496,0.000046,0.27208,0.054386,0.019991
AACATATCAACTGGTG-1,0.260875,0.06323,0.384458,0.049675,0.241763
AACATCGATACGTCTA-1,0.131535,0.000065,0.082312,0.733575,0.052513
AACATTGAAGTTGATC-1,0.022069,0.000208,0.000625,0.000208,0.97689
AACATTGGTCAGCCGT-1,0.430062,0.000259,0.107813,0.000259,0.461608
AACATTGTGACTCGAG-1,0.864028,0.000121,0.000362,0.000121,0.135369
AACCAAGACTTCTCTG-1,0.136225,0.130236,0.733396,0.000072,0.000072
AACCAGTATCACTCTT-1,0.198828,0.021418,0.686756,0.001559,0.09144
AACCATAGGGTTGAAC-1,0.260298,0.512817,0.226808,0.000038,0.000038
AACCATGGGATCGCTA-1,0.140124,0.030397,0.591479,0.043018,0.194983
AACCCAGAGACGGAGA-1,0.434658,0.000214,0.0928,0.000214,0.472115
AACCCATCCCATGATC-1,0.097257,0.595391,0.307244,0.000054,0.000054
AACCCGACAACCCGTG-1,0.334555,0.00024,0.101551,0.00024,0.563415
AACCCGAGCAGAATCG-1,0.010389,0.16317,0.650557,0.175769,0.000115
AACCCGATAGGGCTTC-1,0.000104,0.107187,0.002482,0.890191,0.000035
AACCCGCTGTATTCCA-1,0.806484,0.000069,0.16529,0.000069,0.028088
AACCCTACTGTCAATA-1,0.346212,0.000038,0.461976,0.001056,0.190718
AACCCTGGTGGAACCA-1,0.715453,0.094025,0.183691,0.003586,0.003245
AACCGAGCTTGGTCAT-1,0.617242,0.015238,0.284338,0.015831,0.067352
AACCGCTAAGGGATGC-1,0.461351,0.000031,0.504583,0.000031,0.034003
AACCGTTGTGTTTGCT-1,0.423183,0.000086,0.576557,0.000086,0.000086
AACCTAAAGCCGTCCG-1,0.77746,0.000052,0.00885,0.012246,0.201392
AACCTCGCTTTAGCCC-1,0.530545,0.000043,0.4399,0.029469,0.000043
AACCTGTCACGGAATT-1,0.238385,0.000079,0.042706,0.718752,0.000079
AACCTTTAAATACGGT-1,0.154128,0.000027,0.84579,0.000027,0.000027
AACCTTTACGACGTCT-1,0.120206,0.128517,0.74193,0.009309,0.000038
AACGAAAGTCGTCCCA-1,0.689299,0.027214,0.246509,0.036912,0.000066
AACGACCTCCTAGCCG-1,0.000169,0.330837,0.000169,0.63195,0.036874
AACGATAATGCCGTAG-1,0.69824,0.07404,0.114911,0.04365,0.06916
AACGATAGAAGGGCCG-1,0.156472,0.000086,0.829362,0.000086,0.013995
AACGATATGTCAACTG-1,0.464266,0.003659,0.460749,0.000065,0.071261
AACGCATGATCTGGGT-1,0.093155,0.245032,0.559453,0.063701,0.038659
AACGCGAACGGCAACA-1,0.418934,0.000146,0.132092,0.019691,0.429137
AACGCGACCTTGGGCG-1,0.358555,0.101571,0.539758,0.000058,0.000058
AACGCGGTCTCCAGCC-1,0.318508,0.00008,0.681252,0.00008,0.00008
AACGCTGTTGCTGAAA-1,0.492075,0.00005,0.507774,0.00005,0.00005
AACGGACGTACGTATA-1,0.854032,0.000048,0.11116,0.034711,0.000048
AACGGCCATCTCCGGT-1,0.000347,0.020641,0.190661,0.000116,0.788235
AACGTACTGTGGGTAC-1,0.547648,0.000227,0.000681,0.000227,0.451217
AACGTAGTCTACCCAT-1,0.250505,0.000167,0.487754,0.000167,0.261406
AACGTCAGACTAGTGG-1,0.377647,0.000203,0.115962,0.003439,0.502749
AACGTCGCTGCACTTC-1,0.274026,0.559201,0.000133,0.085013,0.081627
AACGTGATGAAGGACA-1,0.320251,0.046095,0.615767,0.000042,0.017844
AACGTGCGAAAGTCTC-1,0.483851,0.073325,0.33679,0.059807,0.046228
AACGTTATCAGCACCT-1,0.634702,0.050164,0.185457,0.000151,0.129526
AACGTTCTACCATTGT-1,0.10767,0.000244,0.276578,0.615263,0.000244
AACTACCCGTTTGTCA-1,0.230947,0.000125,0.000374,0.389699,0.378855
AACTAGCGTATCGCAC-1,0.713052,0.000143,0.286518,0.000143,0.000143
AACTAGGCTTGGGTGT-1,0.13739,0.00005,0.862459,0.00005,0.00005
AACTCAAGTTAATTGC-1,0.780265,0.000184,0.012554,0.000184,0.206812
AACTCCAGAGCGTGTT-1,0.682545,0.00007,0.228878,0.030997,0.05751
AACTCCTAATCCCATG-1,0.300971,0.129371,0.545008,0.024615,0.000034
AACTCGATAAACACGT-1,0.00013,0.213532,0.786251,0.000043,0.000043
AACTCGATGGCGCAGT-1,0.46197,0.000322,0.09721,0.000322,0.440176
AACTCTCAATAGAGCG-1,0.658476,0.000073,0.067485,0.015925,0.258041
AACTCTCAGTGTGCTC-1,0.095244,0.000205,0.188473,0.000205,0.715874
AACTGAGGTCAGCGTC-1,0.000336,0.055218,0.199403,0.298909,0.446134
AACTGAGTTATACTGA-1,0.000245,0.115761,0.000245,0.830633,0.053116
AACTGATATTAGGCCT-1,0.914302,0.000132,0.000411,0.021202,0.063953
AACTGGGTCCCGACGT-1,0.120673,0.127171,0.664556,0.000045,0.087555
AACTGGGTTCGAGCCG-1,0.651309,0.000064,0.293215,0.032762,0.02265
AACTGGTGTGGGCCTT-1,0.122968,0.138832,0.226103,0.000143,0.511954
AACTTCTGCGTCTATC-1,0.258372,0.000117,0.741276,0.000117,0.000117
AACTTGCCCGTATGCA-1,0.000606,0.132481,0.152537,0.000202,0.714174
AACTTGCGTTCTCGCG-1,0.518666,0.000204,0.267377,0.030334,0.183418
AACTTTACGGGAGCTT-1,0.377352,0.000055,0.622484,0.000055,0.000055
AACTTTAGCTGCTGAG-1,0.324979,0.000087,0.674761,0.000087,0.000087
AACTTTCTCGATCATG-1,0.01957,0.000088,0.000265,0.897332,0.082745
AAGAAAGTTTGATGGG-1,0.48781,0.391457,0.000639,0.000213,0.119881
AAGAAATCACCAGATT-1,0.000116,0.000039,0.000116,0.999689,0.000039
AAGAAGGATCAGTTAG-1,0.485073,0.000307,0.000922,0.000307,0.513392
AAGACATACGTGGTTT-1,0.558441,0.041079,0.171598,0.106215,0.122667
AAGACCAAATAACTCA-1,0.70066,0.073536,0.13923,0.000058,0.086516
AAGACCCAACTGAACA-1,0.886102,0.000077,0.079941,0.000077,0.033804
AAGACTAACCCGTTGT-1,0.265544,0.483392,0.001635,0.000545,0.248883
AAGACTCACGCCCACT-1,0.844296,0.000059,0.004306,0.102178,0.04916
AAGACTGCAAGCTACT-1,0.596795,0.163106,0.216559,0.000086,0.023454
AAGAGATGAATCGGTA-1,0.001796,0.000143,0.24772,0.033018,0.717323
AAGAGCTCTTTATCGG-1,0.399141,0.058451,0.511767,0.000053,0.030588
AAGAGGATGTACGCGA-1,0.000695,0.000232,0.000695,0.000232,0.998147
AAGAGGCATGGATCGC-1,0.50381,0.000052,0.27104,0.000052,0.225046
AAGAGGCCCTTTGGAA-1,0.279363,0.00007,0.000211,0.145556,0.5748
AAGATGGCACCGGACC-1,0.126116,0.000125,0.12037,0.056685,0.696703
AAGATTGGCGGAACGT-1,0.438659,0.22489,0.217742,0.000063,0.118646
AAGCACCCTGCGTATC-1,0.612796,0.111154,0.265891,0.010086,0.000074
AAGCATACTCTCCTGA-1,0.885354,0.000054,0.096473,0.018065,0.000054
AAGCCACTTGCAGGTA-1,0.290741,0.000178,0.000533,0.000178,0.708371
AAGCCGAAGCGGTTTA-1,0.375155,0.000051,0.492513,0.086912,0.04537
AAGCCGCCGTGAAATC-1,0.049705,0.264559,0.025998,0.000086,0.659652
AAGCCGCTTTACCTTG-1,0.02623,0.047267,0.048077,0.87838,0.000047
AAGCCGGAGAGCAGGA-1,0.045266,0.000051,0.049936,0.867465,0.037282
AAGCGCAGGGCTTTGA-1,0.199769,0.011894,0.780745,0.00757,0.000023
AAGCGGAGTGCGCGCA-1,0.03405,0.000091,0.000273,0.864788,0.100797
AAGCGGCGTCATGGGT-1,0.203549,0.072759,0.72356,0.000066,0.000066
AAGCGTCCCTCATCGA-1,0.642437,0.188818,0.000632,0.000211,0.167902
AAGCTAGATCGAGTAA-1,0.224213,0.00138,0.774345,0.000031,0.000031
AAGCTATGGATTGACC-1,0.603414,0.137723,0.236266,0.000082,0.022515
AAGCTCGTGCCAAGTC-1,0.90813,0.000088,0.000263,0.050646,0.040872
AAGCTCTTTCATGGTG-1,0.899653,0.00012,0.000361,0.00012,0.099745
AAGGAGAACTTATAAG-1,0.254945,0.083834,0.65979,0.000067,0.001364
AAGGAGCGGTTGGTGC-1,0.222568,0.00009,0.745138,0.00009,0.032113
AAGGATCGATCGCTTG-1,0.286564,0.002893,0.000275,0.268517,0.441751
AAGGATGAGGGACCTC-1,0.757704,0.000073,0.000219,0.038493,0.20351
AAGGCAGGCTGTCTCC-1,0.25932,0.000092,0.006574,0.666293,0.06772
AAGGCGCGTAAAGCTT-1,0.101715,0.000133,0.120343,0.134554,0.643254
AAGGCTGTGCTCATCG-1,0.164418,0.00014,0.835163,0.00014,0.00014
AAGGGAACGACTGGCT-1,0.505916,0.000196,0.000589,0.000196,0.493102
AAGGGACAGATTCTGT-1,0.552181,0.100713,0.255393,0.047267,0.044446
AAGGGACTATGCATTC-1,0.38807,0.000188,0.000564,0.000188,0.610989
AAGGGTTAGCCATGCG-1,0.055651,0.050031,0.229964,0.436209,0.228145
AAGGGTTTGATTTCAG-1,0.976882,0.000117,0.01039,0.000117,0.012494
AAGGTATCCTAATATA-1,0.80908,0.005208,0.108245,0.013377,0.064091
AAGGTGATAAACCAGC-1,0.720339,0.000057,0.203414,0.076126,0.000064
AAGTAAGCTTCCAAAC-1,0.234702,0.079291,0.488838,0.000128,0.19704
AAGTAGAAGACCGGGT-1,0.163961,0.013922,0.821943,0.000087,0.000087
AAGTAGTGACGCGAGG-1,0.567077,0.000358,0.001073,0.004822,0.426671
AAGTCAATTGTCGTCA-1,0.265853,0.166509,0.468806,0.042407,0.056425
AAGTCTAGTAGCTGCC-1,0.000153,0.000051,0.000153,0.999593,0.000051
AAGTCTTCTGTGGCCT-1,0.271233,0.12764,0.598021,0.003077,0.000028
AAGTGACGACCGAATT-1,0.597635,0.000138,0.371743,0.000138,0.030346
AAGTGAGTCGGGTTTA-1,0.520496,0.000089,0.41563,0.000089,0.063695
AAGTGCAAAGGTAGAC-1,0.539538,0.026589,0.392933,0.003631,0.037309
AAGTGCCTTGACTGTA-1,0.601431,0.000082,0.012739,0.206445,0.179303
AAGTGCGTTAGAATCT-1,0.306486,0.000262,0.000787,0.000262,0.692202
AAGTGCTTCTCTATTG-1,0.288918,0.000438,0.001313,0.000438,0.708894
AAGTGTTTGGAGACGG-1,0.451599,0.022807,0.517838,0.007701,0.000055
AAGTTCACTCCAAGCT-1,0.526223,0.079146,0.18661,0.206182,0.001839
AAGTTCAGTCTGCGTA-1,0.002924,0.0001,0.401229,0.08748,0.508267
AAGTTCGGCCAACAGG-1,0.250656,0.506308,0.000783,0.000261,0.241992
AAGTTGTGATGTTATA-1,0.467196,0.000082,0.072285,0.197347,0.26309
AAGTTTACTAATGGCA-1,0.31454,0.065816,0.588409,0.031197,0.000039
AAGTTTATGGGCCCAA-1,0.459482,0.04087,0.483265,0.000595,0.015788
AATAACAACGCTCGGC-1,0.555786,0.000312,0.000937,0.000312,0.442652
AATAACACTAGAACAA-1,0.000319,0.030594,0.104649,0.000106,0.864332
AATAACGTCGCGCCCA-1,0.210844,0.000035,0.098469,0.584389,0.106263
AATAAGTCCTCGAGAC-1,0.319141,0.000054,0.485279,0.107487,0.08804
AATAATCTTCGTATCG-1,0.242047,0.282101,0.000218,0.452511,0.023122
AATACAATGTTTCAGG-1,0.877226,0.034978,0.07572,0.000137,0.011939
AATACCGGAGGGCTGT-1,0.518147,0.000284,0.000853,0.000284,0.480431
AATACCTGATGTGAAC-1,0.381412,0.497903,0.000178,0.103838,0.016669
AATAGAACAGAGTGGC-1,0.278339,0.104293,0.429121,0.000114,0.188132
AATAGAATCTGTTTCA-1,0.320951,0.000035,0.650922,0.028035,0.000057
AATAGCAAGCCTCCTG-1,0.000408,0.000136,0.193907,0.5205,0.285048
AATAGCTACCGCGTGC-1,0.090285,0.040984,0.028988,0.740072,0.099672
AATAGTCCGTCCCGAC-1,0.199035,0.000052,0.800808,0.000052,0.000052
AATAGTCGCGAGTCGG-1,0.705083,0.00006,0.294738,0.00006,0.00006
AATATCAAGGTCGGAT-1,0.091557,0.00008,0.84216,0.00008,0.066123
AATATCCTAGCAAACT-1,0.394831,0.169441,0.41885,0.00003,0.016848
AATATCGAATCAATGC-1,0.608984,0.000078,0.000235,0.301627,0.089076
AATATCGAGGGTTCTC-1,0.581495,0.047734,0.137737,0.14292,0.090114
AATATTGGAGTATTGA-1,0.000408,0.026015,0.927975,0.000067,0.045535
AATCAGACTGCAGGAC-1,0.294127,0.000132,0.346504,0.000132,0.359104
AATCAGGTTTCATTTA-1,0.643695,0.249803,0.001278,0.000426,0.104798
AATCATGTAAAGACTC-1,0.304938,0.023099,0.507804,0.053147,0.111012
AATCCAAGGGCCTGAG-1,0.302452,0.077297,0.583627,0.009501,0.027124
AATCCATGCAAGGGTG-1,0.283993,0.000238,0.000713,0.000238,0.71482
AATCCCGCTCAGAGCC-1,0.278742,0.000066,0.668875,0.010565,0.041752
AATCGAGGTCTCAAGG-1,0.969447,0.000064,0.000192,0.030232,0.000064
AATCGCCTCAGCGCCA-1,0.536584,0.018826,0.373533,0.043601,0.027456
AATCGCGCAGAGGACT-1,0.515926,0.000082,0.019457,0.457766,0.00677
AATCGGGACACTACGA-1,0.637011,0.000104,0.117025,0.000104,0.245756
AATCGGTATAGCCCTC-1,0.416861,0.427776,0.014371,0.035098,0.105893
AATCGTGAGCCGAGCA-1,0.272219,0.000038,0.678099,0.000038,0.049606
AATCTAGGTTTACTTG-1,0.30341,0.169961,0.509944,0.000095,0.01659
AATCTATGCCGGAGCC-1,0.445678,0.000194,0.000582,0.414394,0.139152
AATCTCTACTGTGGTT-1,0.207186,0.000041,0.792692,0.000041,0.000041
AATCTGCGTTGGGACG-1,0.658639,0.059698,0.000262,0.037496,0.243904
AATCTGGCTTTCTAGT-1,0.225528,0.000077,0.774242,0.000077,0.000077
AATCTGGGTAGACCCT-1,0.303428,0.027125,0.654624,0.01478,0.000043
AATGACAGCAATGTCT-1,0.072269,0.000152,0.175091,0.000152,0.752336
AATGACGTAGGATGTC-1,0.682895,0.000059,0.275084,0.008565,0.033397
AATGACTGTCAGCCGG-1,0.567837,0.000089,0.417952,0.000089,0.014034
AATGAGTTCGCATATG-1,0.471212,0.072478,0.454378,0.000107,0.001824
AATGATGATACGCTAT-1,0.632408,0.059126,0.141343,0.068015,0.099108
AATGATGCGACTCCTG-1,0.79048,0.000089,0.011936,0.058441,0.139053
AATGCAACCGGGTACC-1,0.713357,0.055965,0.170846,0.029835,0.029997
AATGCACCAAGCAATG-1,0.56306,0.000049,0.421751,0.000049,0.015091
AATGGCCGCCAATGCG-1,0.00021,0.064407,0.089731,0.845582,0.00007
AATGGTCCACCGTTCA-1,0.884188,0.000145,0.071866,0.018126,0.025675
AATGGTTCTCACAAGC-1,0.000615,0.000205,0.21134,0.000205,0.787635
AATGTATGGCACTGTA-1,0.699601,0.000124,0.209563,0.000124,0.090589
AATGTGCCCGAGGTGT-1,0.266097,0.00024,0.00072,0.00024,0.732702
AATGTGCTAATCTGAG-1,0.320813,0.113301,0.36022,0.01772,0.187945
AATGTTAAGACCCTGA-1,0.564102,0.004763,0.420746,0.010352,0.000038
AATGTTGTCGTGAGAC-1,0.448453,0.000131,0.000392,0.286711,0.264314
AATTAAAGGTCGGCGT-1,0.276824,0.000136,0.653783,0.000136,0.069122
AATTAACGGATTTCCA-1,0.703354,0.000097,0.283685,0.007922,0.004941
AATTACGAGACCCATC-1,0.336911,0.05963,0.60336,0.000049,0.000049
AATTACTCGTACGCTC-1,0.10464,0.000104,0.895048,0.000104,0.000104
AATTAGCGCTGCAGCG-1,0.878667,0.000089,0.000267,0.026122,0.094855
AATTATACCCAGCAAG-1,0.220942,0.151793,0.523573,0.047248,0.056444
AATTCATAAGGGATCT-1,0.778413,0.00008,0.196622,0.024805,0.00008
AATTCATTGTCATGCA-1,0.769346,0.007717,0.222706,0.000116,0.000116
AATTCCAACTTGGTGA-1,0.144007,0.000109,0.855665,0.000109,0.000109
AATTCCAAGCATGTAC-1,0.964973,0.000112,0.000337,0.000112,0.034466
AATTCGATTCGAGGAT-1,0.787787,0.000082,0.13558,0.076469,0.000082
AATTCTAGAGTTAGGC-1,0.965296,0.000118,0.008339,0.02613,0.000118
AATTGAACGCTCTGGT-1,0.804199,0.00014,0.014018,0.060063,0.121581
AATTGCAGCAATCGAC-1,0.220063,0.073953,0.675146,0.030818,0.000021
AATTGCGTGGATTACA-1,0.26663,0.613801,0.119421,0.000074,0.000074
AATTGTGGTTGCCAAA-1,0.112346,0.119316,0.000302,0.486671,0.281365
AATTTGGGACATAGTA-1,0.367844,0.011859,0.417743,0.027802,0.174753
AATTTGGTTCCAAAGA-1,0.630871,0.000079,0.26654,0.082658,0.019853
ACAAACCATGCGTCCT-1,0.47643,0.078388,0.153633,0.000082,0.291468
ACAAACCGACAAGGCG-1,0.60577,0.000046,0.262666,0.000046,0.131472
ACAAACTCCATCAGAG-1,0.498867,0.014964,0.088894,0.00014,0.397135
ACAAAGAAGGTAGGCC-1,0.314486,0.008958,0.654242,0.016649,0.005664
ACAAAGCATGACCTAG-1,0.868249,0.003622,0.072401,0.055692,0.000036
ACAAATCGCACCGAAT-1,0.960652,0.000061,0.001323,0.031444,0.00652
ACAAATGGTAGTGTTT-1,0.411175,0.065625,0.385648,0.020964,0.116588
ACAAATTCAGATCTGA-1,0.589767,0.007696,0.051798,0.260221,0.090518
ACAACAGCATGAGCTA-1,0.469099,0.000058,0.472176,0.013953,0.044714
ACAACGGTCCCTGCGA-1,0.31054,0.000242,0.13667,0.000242,0.552307
ACAAGCAGTGCCTAGC-1,0.211815,0.06812,0.387341,0.000293,0.332431
ACAAGCTATATGGAAG-1,0.471895,0.003907,0.509674,0.000029,0.014495
ACAAGGAAATCCGCCC-1,0.515282,0.032465,0.225227,0.0021,0.224926
ACAAGGACAAGAGGTT-1,0.515283,0.000265,0.000796,0.000265,0.48339
ACAAGGATGCTTTAGG-1,0.303717,0.000041,0.642678,0.000041,0.053523
ACAAGGCCTACCAGCC-1,0.332598,0.000141,0.000424,0.408243,0.258594
ACAAGGGCAGGCTCTG-1,0.510011,0.021017,0.467965,0.000064,0.000943
ACAAGTAATTGTAAGG-1,0.352019,0.061452,0.467488,0.000078,0.118964
ACAATAGTCGTACGTT-1,0.069989,0.000085,0.839886,0.000085,0.089955
ACAATCCATTTAAACC-1,0.293193,0.000319,0.000956,0.041168,0.664365
ACAATCGATCTTTATA-1,0.722081,0.012307,0.201053,0.059812,0.004747
ACAATGAATACGGAGA-1,0.808452,0.053476,0.000804,0.000268,0.137001
ACAATGATTCTTCTAC-1,0.092839,0.053881,0.229673,0.534542,0.089065
ACAATTGTGTCTCTTT-1,0.238143,0.222116,0.492586,0.047122,0.000033
ACAATTTAGGAGGCTC-1,0.503353,0.000071,0.476824,0.019682,0.000071
ACAATTTGAGCAGTGG-1,0.099101,0.08065,0.748701,0.000029,0.071519
ACAATTTGGCCATATT-1,0.166666,0.00012,0.000359,0.832735,0.00012
ACACAAAGACGGGTGG-1,0.245662,0.019484,0.675838,0.000062,0.058954
ACACAAATATTCCTAG-1,0.000164,0.039272,0.000164,0.888945,0.071456
ACACACCAGGACCAGT-1,0.262741,0.33115,0.000649,0.000216,0.405244
ACACACTTTCTACACG-1,0.542226,0.000099,0.344157,0.000099,0.113419
ACACATGATCAAATCT-1,0.105427,0.105068,0.789435,0.000035,0.000035
ACACATTGACGCAACA-1,0.471604,0.000107,0.469585,0.000107,0.058597
ACACATTTCCGTAGAC-1,0.667664,0.000077,0.332104,0.000077,0.000077
ACACCACATAATTAGC-1,0.057701,0.000069,0.000208,0.863869,0.078153
ACACCCAGCATGCAGC-1,0.361722,0.032143,0.572342,0.033699,0.000093
ACACCCGAGAAATCCG-1,0.374043,0.000161,0.092726,0.000161,0.532908
ACACCCGTAAATCTGT-1,0.001413,0.000471,0.048625,0.949019,0.000471
ACACCGAGCGCTCTTT-1,0.982966,0.000115,0.000346,0.016458,0.000115
ACACCGGTCTGACCGC-1,0.498002,0.000115,0.268637,0.000115,0.233131
ACACCTTAAGTAGGGC-1,0.255599,0.020625,0.723575,0.0001,0.0001
ACACCTTACTACTTGC-1,0.135109,0.000084,0.004465,0.336113,0.524229
ACACGAGACTCCTTCT-1,0.768581,0.000083,0.086531,0.110868,0.033937
ACACGGCACTATGCAT-1,0.671439,0.00005,0.294201,0.03426,0.00005
ACACGGGAACTTAGGG-1,0.587401,0.00009,0.259555,0.00009,0.152865
ACACGTAGGCCACAAG-1,0.371264,0.000049,0.251679,0.364572,0.012437
ACACTCCAATGTCACT-1,0.150364,0.000087,0.724879,0.06283,0.06184
ACACTGATCAAGGTGT-1,0.377819,0.000123,0.477593,0.016455,0.12801
ACACTGGGACAGTCGT-1,0.265841,0.000068,0.00227,0.711547,0.020274
ACAGAACTGAGAACAA-1,0.84414,0.00016,0.000481,0.012922,0.142296
ACAGATTAGGTTAGTG-1,0.668852,0.047334,0.178759,0.000175,0.104879
ACAGCATAGAGCCAGT-1,0.11827,0.000195,0.336387,0.000195,0.544951
ACAGCGACATTCTCAT-1,0.213962,0.1267,0.592969,0.030176,0.036193
ACAGCGCACCCGCAGC-1,0.4337,0.000039,0.566183,0.000039,0.000039
ACAGGAGGCGCAGCCG-1,0.170079,0.000034,0.829819,0.000034,0.000034
ACAGGCACGGATCCTT-1,0.659512,0.000061,0.064152,0.056041,0.220235
ACAGGCTTGCCCGACT-1,0.827918,0.000064,0.000192,0.07485,0.096977
ACAGGTGGAGGTGAGG-1,0.318628,0.000222,0.000667,0.000222,0.68026
ACAGGTGTGTTGTTGC-1,0.90824,0.000082,0.000247,0.041875,0.049556
ACAGTAATACAACTTG-1,0.703736,0.000077,0.197191,0.017288,0.081707
ACAGTATACCGTGGGA-1,0.082683,0.188617,0.000217,0.72841,0.000072
ACAGTGCAGCGCATTT-1,0.00019,0.097344,0.019496,0.882906,0.000063
ACATAAGTCGTGGTGA-1,0.031716,0.672174,0.29604,0.000035,0.000035
ACATAATAAGGCGGTG-1,0.482175,0.000099,0.434817,0.000099,0.082809
ACATACAATCAAGCGG-1,0.70402,0.013632,0.086284,0.064675,0.131389
ACATCAGCTGGGACGC-1,0.644245,0.000091,0.345902,0.000091,0.009671
ACATCCCGGCCATACG-1,0.18989,0.000099,0.699697,0.000099,0.110215
ACATCCTGGTAACTGT-1,0.724214,0.000082,0.000247,0.193541,0.081915
ACATCGATCGTTTACC-1,0.265622,0.066109,0.600216,0.000092,0.067961
ACATCGCAATATTCGG-1,0.156854,0.059611,0.515791,0.024521,0.243223
ACATCGGTCAGCCGCG-1,0.339603,0.064169,0.214451,0.000382,0.381395
ACATCGTATGCAATGG-1,0.746678,0.000076,0.000229,0.076274,0.176743
ACATCGTTAACCTAGT-1,0.217863,0.026872,0.72026,0.03496,0.000045
ACATCTCAACGCGTAA-1,0.896085,0.000091,0.000701,0.05667,0.046451
ACATGCTTACGGCAGC-1,0.58118,0.089848,0.23756,0.000181,0.091231
ACATGGCGCCAAAGTA-1,0.350847,0.031405,0.513932,0.089137,0.014679
ACATGGCTCAATTTAG-1,0.009855,0.000058,0.989971,0.000058,0.000058
ACATTAGTTTATATCC-1,0.999022,0.000163,0.000489,0.000163,0.000163
ACATTCGCGCGGAATA-1,0.33067,0.00018,0.000541,0.00018,0.668428
ACATTTGAAACCTAAC-1,0.219472,0.755274,0.000116,0.02179,0.003348
ACCAAACACCCAGCGA-1,0.017295,0.00005,0.030197,0.818692,0.133766
ACCAAACTAGAAATCC-1,0.794533,0.031615,0.041895,0.006959,0.124997
ACCAACACCACACACT-1,0.010173,0.1274,0.493095,0.369281,0.000051
ACCAACCGCACTCCAC-1,0.112777,0.156066,0.709123,0.021267,0.000768
ACCAACGCTTATTTAT-1,0.109374,0.03878,0.8517,0.000073,0.000073
ACCAAGAACGCGTGTC-1,0.575281,0.146023,0.264658,0.000108,0.01393
ACCAAGTCATCGGCAG-1,0.449321,0.181042,0.329391,0.040192,0.000055
ACCAATATGCAAGTTA-1,0.659941,0.008437,0.15101,0.015876,0.164736
ACCACAACTCAGAACA-1,0.359124,0.004751,0.516592,0.043176,0.076356
ACCACAAGTTTCTATC-1,0.173199,0.0642,0.702199,0.060324,0.000078
ACCACACGGTTGATGG-1,0.609938,0.032499,0.357468,0.000047,0.000047
ACCACCAATGTAACAA-1,0.340663,0.252404,0.231957,0.120101,0.054875
ACCACCCTCTCTTCTA-1,0.000184,0.171416,0.000184,0.810239,0.017978
ACCACGTGCAGCTATA-1,0.597025,0.007462,0.306032,0.031381,0.058101
ACCACTGTTCAAGAAG-1,0.211483,0.176727,0.56347,0.048238,0.000081
ACCAGACCATAACAAC-1,0.820997,0.000064,0.000191,0.056111,0.122638
ACCAGCCCGGTCTTTG-1,0.983476,0.000115,0.000344,0.000115,0.015951
ACCAGGAGTGTGATCT-1,0.791078,0.066103,0.07173,0.064577,0.006512
ACCAGTGCCCGGTCAA-1,0.560817,0.000188,0.013056,0.10975,0.316188
ACCAGTGCGGGAGACG-1,0.479404,0.067478,0.411991,0.000038,0.041089
ACCATATCCGCAATAA-1,0.233139,0.000074,0.756137,0.000074,0.010576
ACCATCCGCCAACTAG-1,0.883683,0.000094,0.112422,0.000094,0.003709
ACCATCGTATATGGTA-1,0.267669,0.000162,0.433262,0.000162,0.298745
ACCATTAAGGGTGTCA-1,0.365292,0.000165,0.532874,0.000165,0.101504
ACCCAACGCCCGTGGC-1,0.422561,0.000045,0.526932,0.038949,0.011514
ACCCACCTACATGCTC-1,0.483501,0.000281,0.000842,0.000281,0.515095
ACCCATCTTGAGGGTA-1,0.576272,0.000363,0.0458,0.000363,0.377202
ACCCATTTGTCCCTCT-1,0.374316,0.062077,0.39797,0.0698,0.095837
ACCCGAGCGAAATTAC-1,0.608427,0.000238,0.000714,0.000238,0.390383
ACCCGATTGGTTCCGA-1,0.717693,0.130333,0.001204,0.000401,0.150369
ACCCGGAAACTCCCAG-1,0.675333,0.030245,0.269762,0.000086,0.024573
ACCCGGAGCACCACAA-1,0.085344,0.186299,0.000168,0.67855,0.049639
ACCCGGATGACGCATC-1,0.765186,0.000065,0.131681,0.10175,0.001317
ACCCGGTTACACTTCC-1,0.155343,0.000087,0.844396,0.000087,0.000087
ACCCGTAGCAGAGAAT-1,0.558352,0.196296,0.243729,0.000812,0.000812
ACCCGTGTCATCAGTA-1,0.549632,0.009428,0.391761,0.000113,0.049066
ACCCTATAGGACTGAG-1,0.735631,0.000212,0.000635,0.000212,0.26331
ACCCTATGCCATATCG-1,0.321112,0.000337,0.001011,0.000337,0.677204
ACCCTCCCGTCAGGGC-1,0.150723,0.310079,0.537081,0.002093,0.000024
ACCCTCCCTTGCTATT-1,0.193554,0.005132,0.665831,0.02985,0.105633
ACCCTGGTAACGCCCT-1,0.019239,0.000075,0.171824,0.796166,0.012696
ACCCTTCATCTGCGAA-1,0.286909,0.061155,0.637458,0.00006,0.014419
ACCCTTGCCTGGGTCG-1,0.00019,0.000063,0.061176,0.938507,0.000063
ACCCTTTAGTTCTCCA-1,0.478198,0.005761,0.456535,0.003077,0.056429
ACCGAAAGGGCCCTGC-1,0.555022,0.000074,0.20945,0.206152,0.029302
ACCGAAGAGTCTGGTT-1,0.279932,0.408118,0.311825,0.000062,0.000062
ACCGACACATCTCCCA-1,0.617783,0.000051,0.341948,0.031643,0.008576
ACCGACTGAGTCCCAC-1,0.38944,0.072348,0.530209,0.000077,0.007927
ACCGAGTCTCCTTATT-1,0.656579,0.082751,0.172281,0.087719,0.000671
ACCGATAGGCATAACC-1,0.059158,0.000053,0.14074,0.658277,0.141772
ACCGATATTTAATCAT-1,0.030631,0.294011,0.000196,0.622807,0.052354
ACCGATGGTAGCATCG-1,0.812185,0.000061,0.138329,0.027139,0.022285
ACCGCAATAACTGCCT-1,0.587819,0.00007,0.145124,0.050281,0.216706
ACCGCGGTGGAAGTCG-1,0.529876,0.000066,0.045096,0.142322,0.28264
ACCGCTAGTCATTGGT-1,0.133645,0.000214,0.000642,0.112782,0.752717
ACCGGGCCTTTGTTGA-1,0.782206,0.000079,0.042951,0.074571,0.100193
ACCGGTCAGGTACACC-1,0.379031,0.21696,0.174104,0.000105,0.2298
ACCGGTCTGAGTACGG-1,0.758957,0.000082,0.003818,0.069541,0.167603
ACCGTCCACTGGGCCC-1,0.450243,0.150187,0.000229,0.032467,0.366874
ACCGTGACCACGTGGG-1,0.485284,0.000147,0.003352,0.000147,0.511071
ACCGTTCCCGCTCTGA-1,0.624337,0.000073,0.337503,0.002834,0.035253
ACCTAAGTACCTTTCA-1,0.130444,0.00024,0.000719,0.068674,0.799924
ACCTAATCGACTTCCT-1,0.418757,0.000371,0.001112,0.000371,0.57939
ACCTACAGTATGTGGT-1,0.234787,0.000089,0.1435,0.52027,0.101354
ACCTACTATAAATCTA-1,0.610207,0.038808,0.35086,0.000062,0.000062
ACCTCCGCCCTCGCTG-1,0.561134,0.000101,0.000304,0.131527,0.306934
ACCTCCGTTATTCACC-1,0.275914,0.000115,0.000346,0.438773,0.284851
ACCTCGAACTTATGCT-1,0.310093,0.444813,0.244988,0.000053,0.000053
ACCTGCGTGTCATGTT-1,0.500413,0.000076,0.499358,0.000076,0.000076
ACCTTTCCTTTAGAAG-1,0.622487,0.000085,0.257789,0.000085,0.119553
ACGAAATGGGCGGCAC-1,0.262561,0.025625,0.698378,0.000069,0.013367
ACGACCCATGAGTTGC-1,0.000637,0.03025,0.22131,0.670617,0.077186
ACGACTCTAGGGCCGA-1,0.626156,0.01728,0.311217,0.030817,0.01453
ACGACTGGTCATACTC-1,0.447899,0.151171,0.208885,0.000101,0.191944
ACGAGAACCCATCACG-1,0.196432,0.054582,0.220438,0.033031,0.495517
ACGAGATATTTGCTTA-1,0.401699,0.00006,0.476842,0.086365,0.035033
ACGAGGATACCACTCT-1,0.624871,0.000117,0.237856,0.000117,0.137039
ACGAGGTTTACAACGT-1,0.853614,0.000117,0.146035,0.000117,0.000117
ACGAGTACGGATGCCC-1,0.460669,0.000124,0.000371,0.191047,0.347789
ACGAGTCGCCGGCGTT-1,0.405898,0.000118,0.593748,0.000118,0.000118
ACGATACATAGAACTA-1,0.402445,0.003484,0.589843,0.000052,0.004176
ACGATACCTATCCTGA-1,0.098873,0.078053,0.823035,0.000019,0.000019
ACGATCATACATAGAG-1,0.803711,0.000094,0.196005,0.000094,0.000094
ACGATCATCTTGTAAA-1,0.589491,0.000066,0.171409,0.037721,0.201314
ACGATGCATATGTTAT-1,0.778007,0.000226,0.000678,0.000226,0.220863
ACGATGGATCCGATGC-1,0.86548,0.000087,0.014634,0.015575,0.104224
ACGCAAACTAATAGAT-1,0.228355,0.000065,0.77145,0.000065,0.000065
ACGCAATCACTACAGC-1,0.220837,0.011862,0.000611,0.699522,0.067168
ACGCATAAATGACATG-1,0.065194,0.013728,0.380783,0.488242,0.052054
ACGCATACGTTTACTA-1,0.119048,0.000062,0.468651,0.055001,0.357239
ACGCATTCGTGAGTAC-1,0.577606,0.00011,0.384572,0.00011,0.037602
ACGCCACTCGAAACAG-1,0.99948,0.000087,0.00026,0.000087,0.000087
ACGCCAGATGATTTCT-1,0.863521,0.000084,0.104835,0.016075,0.015485
ACGCCAGTGCGTTTGC-1,0.420012,0.084435,0.463581,0.031925,0.000046
ACGCCCAGCTGTCGAT-1,0.726333,0.000062,0.117023,0.103758,0.052824
ACGCCGCTAGACGACC-1,0.925328,0.000109,0.0033,0.033972,0.03729
ACGCCTGACACGCGCT-1,0.86026,0.000116,0.130043,0.000116,0.009464
ACGCGAAGTCAGACGA-1,0.624584,0.000116,0.104049,0.000116,0.271135
ACGCGCTACACAGGGT-1,0.295164,0.000439,0.081004,0.00044,0.622953
ACGCGGGCCAAGGACA-1,0.94118,0.000099,0.000297,0.046184,0.01224
ACGCGTTTCTTAAGAG-1,0.401605,0.000036,0.567046,0.030926,0.000388
ACGCTACTGAATGGGC-1,0.181854,0.105381,0.569431,0.140696,0.002638
ACGCTAGTATCAGTGC-1,0.001083,0.000361,0.001083,0.997112,0.000361
ACGCTAGTGATACACT-1,0.002413,0.101258,0.35094,0.00007,0.545318
ACGCTGTGAGGCGTAG-1,0.50793,0.000117,0.459173,0.032663,0.000117
ACGCTTAGTGTCTCTC-1,0.012249,0.009826,0.977885,0.00002,0.00002
ACGGAACACGAGTGCC-1,0.736537,0.238538,0.000235,0.024613,0.000078
ACGGAATTTAGCAAAT-1,0.304234,0.030168,0.102673,0.000331,0.562594
ACGGACGCAGCGACAA-1,0.380544,0.213404,0.385337,0.000111,0.020604
ACGGACTCTCAAAGCG-1,0.282978,0.016278,0.643535,0.057178,0.000032
ACGGAGCGCAAATTAC-1,0.000217,0.114245,0.643649,0.152721,0.089168
ACGGATGGTGCGGATA-1,0.223686,0.000038,0.747325,0.018159,0.010791
ACGGCACTTGCTTGGG-1,0.907485,0.000162,0.000486,0.000162,0.091705
ACGGCCAACATGGACT-1,0.936496,0.016896,0.004236,0.000094,0.042277
ACGGCGACGATGGGAA-1,0.397868,0.094341,0.396562,0.027879,0.08335
ACGGCGGGTTGCCCTG-1,0.017292,0.410496,0.210578,0.00019,0.361444
ACGGCTGGATGTAGAA-1,0.343823,0.640867,0.000257,0.000086,0.014967
ACGGGAGTGTCGGCCC-1,0.486823,0.000224,0.144291,0.000224,0.368439
ACGGGCGTATGCGACA-1,0.00024,0.080227,0.00024,0.625638,0.293654
ACGGGTCATGTGACTT-1,0.804077,0.000148,0.085178,0.000148,0.110449
ACGGGTTGTGACCTGT-1,0.095951,0.48661,0.416963,0.000238,0.000238
ACGGTACAGTTCAATG-1,0.395805,0.412541,0.170217,0.008618,0.012818
ACGGTCACCGAGAACA-1,0.238926,0.339635,0.020744,0.000101,0.400593
ACGTACAGATTTCTCT-1,0.864562,0.000178,0.000355,0.000118,0.134786
ACGTACTTTGGCACGG-1,0.37246,0.125628,0.227907,0.034027,0.239978
ACGTAGATTGCTGATG-1,0.670799,0.047474,0.263231,0.017199,0.001297
ACGTAGGAGAGTCGCT-1,0.744752,0.000055,0.255082,0.000055,0.000055
ACGTATTACTCCGATC-1,0.308538,0.034379,0.554509,0.021421,0.081152
ACGTCCTAAACGAGAT-1,0.579555,0.000059,0.320014,0.016534,0.083838
ACGTCGGGCAACTCGG-1,0.495834,0.449769,0.054318,0.000039,0.000039
ACGTCTCGTTCCGGGA-1,0.222096,0.081013,0.696841,0.000025,0.000025
ACGTGACAAAGTAAGT-1,0.797445,0.017113,0.109015,0.053741,0.022685
ACGTGCGCCTCGTGCA-1,0.197964,0.700273,0.000873,0.000291,0.1006
ACGTGGTCGAATGTGC-1,0.186574,0.000038,0.804465,0.008884,0.000038
ACGTTAATGTCGAAGA-1,0.315262,0.114908,0.473608,0.075808,0.020413
ACGTTAGATTTGCCCG-1,0.424982,0.000262,0.000787,0.000262,0.573707
ACGTTATTGGTCACTC-1,0.503602,0.000138,0.381084,0.115038,0.000138
ACGTTCACTATGCCGC-1,0.243442,0.368114,0.000649,0.000216,0.387579
ACGTTCCGCGCTCCGT-1,0.51516,0.000099,0.484544,0.000099,0.000099
ACGTTCGCAATCAATT-1,0.190215,0.000071,0.108261,0.699655,0.001798
ACGTTCGTTCAGGAAA-1,0.456778,0.000087,0.488289,0.000087,0.054758
ACGTTCTGTACAAGTC-1,0.143726,0.052347,0.636559,0.085806,0.081562
ACGTTGTCGTTGAAAG-1,0.487128,0.000153,0.089856,0.000153,0.422712
ACGTTTAGTTGTGATC-1,0.575007,0.000153,0.315525,0.000153,0.109162
ACGTTTCGGTGCACTT-1,0.00012,0.029189,0.038754,0.931897,0.00004
ACTAAGGACGCACACC-1,0.001384,0.000096,0.000289,0.953372,0.044859
ACTAATACGTCAGGCG-1,0.43372,0.085713,0.384284,0.060004,0.036279
ACTACAAAGAGAGGTG-1,0.35746,0.124809,0.517637,0.000047,0.000047
ACTACATCCCGACAAG-1,0.400569,0.099559,0.459057,0.000065,0.04075
ACTACCAGCTCTCTGG-1,0.113902,0.000216,0.212883,0.000216,0.672784
ACTACCATCCGAGGGC-1,0.270013,0.000198,0.000595,0.000198,0.728996
ACTACGCGTTAGAATT-1,0.783881,0.043683,0.092261,0.000114,0.080061
ACTAGTTGCGATCGTC-1,0.576277,0.024215,0.170768,0.062913,0.165826
ACTATATGCTGTGTTC-1,0.15075,0.038608,0.57133,0.131754,0.107558
ACTATCCAGGGCATGG-1,0.071387,0.098604,0.176497,0.187622,0.465889
ACTATCGCCGGCTAAA-1,0.469794,0.000052,0.530051,0.000052,0.000052
ACTATCTGCCCGCGTA-1,0.321063,0.000087,0.000262,0.545016,0.133571
ACTATGTCCAGCTGCC-1,0.310842,0.046794,0.000545,0.000182,0.641638
ACTATTCGTCCGTGGT-1,0.877771,0.0001,0.000301,0.0001,0.121728
ACTATTTCCGGGCCCA-1,0.222811,0.00014,0.094253,0.00014,0.682655
ACTCAACGAATGTATT-1,0.183572,0.187408,0.000607,0.000202,0.628211
ACTCAAGTGCAAGGCT-1,0.508944,0.001164,0.310405,0.154699,0.024788
ACTCAATAAAGGCACG-1,0.815702,0.000081,0.104049,0.017078,0.063089
ACTCAGACCTGCTTCT-1,0.436573,0.043623,0.519544,0.00013,0.00013
ACTCATGGCAGCCTTC-1,0.507807,0.025263,0.000532,0.000177,0.466221
ACTCCAATATCATCAT-1,0.524753,0.000305,0.095146,0.000305,0.37949
ACTCCCATTCCTAAAG-1,0.000416,0.000027,0.999503,0.000027,0.000027
ACTCCCGAATTCGTTT-1,0.124807,0.042164,0.000278,0.720339,0.112411
ACTCCCGTAGACTAGG-1,0.039096,0.000068,0.092148,0.834933,0.033755
ACTCCCTAATGCTAAA-1,0.687714,0.000046,0.279453,0.032019,0.000768
ACTCCCTAGAATAGTA-1,0.58525,0.08123,0.243099,0.085235,0.005188
ACTCCGGCCGACCACT-1,0.952978,0.000067,0.0002,0.000067,0.046688
ACTCGATGTATTTCAT-1,0.069673,0.001699,0.928536,0.000046,0.000046
ACTCGCCGTTCGATAA-1,0.56418,0.165664,0.118467,0.102125,0.049564
ACTCGCGATCTGACGC-1,0.16176,0.000081,0.000243,0.837836,0.000081
ACTCGTAACCCGTCCT-1,0.439193,0.000067,0.560607,0.000067,0.000067
ACTCGTCAGTAATCCC-1,0.181593,0.002202,0.797698,0.018465,0.000043
ACTCTAAACCTGGGAT-1,0.580179,0.000038,0.41503,0.000038,0.004715
ACTCTCTGACTTAGGT-1,0.72603,0.075299,0.159715,0.038828,0.000128
ACTCTCTTATACACGA-1,0.531211,0.000062,0.328598,0.067296,0.072833
ACTCTGACCTAATAGA-1,0.619984,0.063883,0.295887,0.020207,0.000039
ACTCTTCAGCTCCCGC-1,0.000247,0.031349,0.000247,0.741197,0.226959
ACTCTTGTATAGTAAC-1,0.769715,0.000159,0.090726,0.101168,0.038232
ACTGAAACGCCGTTAG-1,0.529409,0.000046,0.339729,0.120416,0.0104
ACTGAATGGCGAAAGT-1,0.662833,0.001206,0.332847,0.000043,0.003072
ACTGATTTAGTGATTC-1,0.553884,0.00568,0.432751,0.0076,0.000084
ACTGCCCGCCATTCTC-1,0.568663,0.000349,0.001046,0.000349,0.429594
ACTGCCGTCGTAACTC-1,0.861075,0.000106,0.000317,0.035641,0.102861
ACTGCGGACACACCGT-1,0.000305,0.042937,0.000305,0.82723,0.129224
ACTGCTCGGAAGGATG-1,0.921918,0.000087,0.077822,0.000087,0.000087
ACTGGCGAACCTGCGT-1,0.03055,0.000062,0.000186,0.969139,0.000062
ACTGGGATGCCAGTGC-1,0.866529,0.000112,0.129183,0.000112,0.004064
ACTGTACGATACACAT-1,0.025139,0.061273,0.913511,0.000039,0.000039
ACTGTAGCACTTTGGA-1,0.2129,0.0002,0.363503,0.0002,0.423196
ACTGTATACGCGAGCA-1,0.533436,0.087351,0.000762,0.000254,0.378198
ACTGTCCAGGATTATA-1,0.285435,0.154226,0.559465,0.000099,0.000774
ACTGTCTTCTTTAGAA-1,0.85015,0.000132,0.034078,0.056878,0.058762
ACTGTGCTAGTAGATC-1,0.181892,0.047232,0.556414,0.066534,0.147927
ACTGTTTAGTGTAGGC-1,0.875075,0.000156,0.000468,0.000156,0.124144
ACTTACCGGGCGCGCA-1,0.451418,0.008944,0.50212,0.022895,0.014623
ACTTACGCATCCACGC-1,0.197825,0.053289,0.742774,0.006072,0.00004
ACTTAGTACGACAAGA-1,0.37078,0.114307,0.392282,0.029429,0.093203
ACTTATACTTACCCGG-1,0.927587,0.000063,0.017241,0.055046,0.000063
ACTTATCTGATCTATA-1,0.16589,0.000368,0.328692,0.000368,0.504681
ACTTATTAGGATCGGT-1,0.428539,0.000196,0.404851,0.000196,0.166218
ACTTATTTATGTGCCA-1,0.338849,0.000079,0.303928,0.099273,0.25787
ACTTCAGGCTGATCCC-1,0.383964,0.049251,0.536531,0.009847,0.020407
ACTTCCAGTGGAAGCT-1,0.973748,0.025557,0.000417,0.000139,0.000139
ACTTCCATGCGGGACA-1,0.708933,0.000053,0.2609,0.03006,0.000053
ACTTCCTGTCGTGCGA-1,0.000173,0.075712,0.000173,0.915815,0.008127
ACTTCGCCATACGCAC-1,0.203501,0.192801,0.56793,0.035725,0.000044
ACTTCGCTAGCGAGTG-1,0.077843,0.000113,0.000338,0.854286,0.06742
ACTTGACTCCCTCTTT-1,0.10025,0.000056,0.881267,0.01837,0.000056
ACTTGCCATATTGTAC-1,0.262699,0.06461,0.672493,0.000099,0.000099
ACTTGCTCTATCTACC-1,0.813301,0.099956,0.000542,0.000181,0.08602
ACTTGGGACCCGGTGG-1,0.723326,0.000119,0.262841,0.000119,0.013595
ACTTGTAGTCCCTTCA-1,0.925534,0.000122,0.000367,0.000122,0.073854
ACTTGTGGATGGAACG-1,0.016307,0.100013,0.670192,0.063363,0.150124
ACTTGTTACCGGATCA-1,0.716973,0.06908,0.000435,0.000145,0.213367
ACTTTACCCTCATGAA-1,0.252345,0.118087,0.007341,0.479712,0.142515
ACTTTATACACCACTT-1,0.982895,0.002851,0.008552,0.002851,0.002851
ACTTTCCTATAGCTTC-1,0.28444,0.043991,0.671419,0.000075,0.000075
ACTTTGACTGCATCCT-1,0.744298,0.000161,0.05254,0.000161,0.20284
ACTTTGGTCGTGCTCC-1,0.224278,0.513562,0.262027,0.000067,0.000067
ACTTTGTCGACGCACT-1,0.078407,0.000146,0.000437,0.635923,0.285088
AGAAATTATGACTCGC-1,0.050934,0.012793,0.000192,0.768317,0.167764
AGAACACGGCGATGGT-1,0.56156,0.117559,0.197877,0.000185,0.122819
AGAACCCAGCGTGACA-1,0.10246,0.021297,0.047146,0.723981,0.105115
AGAACCCTCAATTGGG-1,0.268169,0.106796,0.624934,0.000051,0.000051
AGAACGTGGTACATTC-1,0.254933,0.020541,0.724441,0.000042,0.000042
AGAACTGTACTTTGTA-1,0.962182,0.000096,0.000287,0.000096,0.037339
AGAAGAGCGCCGTTCC-1,0.907515,0.000789,0.002366,0.079047,0.010283
AGAAGGTACACTTCAC-1,0.33614,0.013114,0.619644,0.000064,0.031037
AGAAGGTTGCCGAATT-1,0.596079,0.000188,0.257182,0.000188,0.146362
AGAAGGTTGTAGGTCG-1,0.799035,0.000066,0.151691,0.049142,0.000066
AGAAGTGATTCGTGAT-1,0.2555,0.000243,0.00073,0.000243,0.743284
AGAATAAATCTTCAGG-1,0.154435,0.024093,0.82138,0.000046,0.000046
AGAATACAGGCTATCC-1,0.680441,0.067703,0.203428,0.048369,0.000059
AGAATGCGGGTTCGGA-1,0.175294,0.000522,0.001566,0.568852,0.253766
AGAATTATGGATTCGA-1,0.440614,0.002687,0.399681,0.038655,0.118363
AGAATTGTTTGACATA-1,0.25878,0.000219,0.139379,0.000219,0.601403
AGACAGCTCAGAATCC-1,0.632483,0.000091,0.281209,0.000091,0.086127
AGACAGGCATCTCAGC-1,0.076384,0.000146,0.000437,0.74041,0.182623
AGACATAGATCCTTCC-1,0.216654,0.178231,0.527256,0.027878,0.049981
AGACCAAACCACACCT-1,0.574515,0.001557,0.405514,0.005859,0.012555
