Barcode,Topic 1to2,Topic 3,Topic 4to10
AAACAACGAATAGTTC-1,0.020233,0.353465,0.626302
AAACAAGTATCTCCCA-1,0.033499,0.147338,0.819163
AAACAATCTACTAGCA-1,0.000176,0.195888,0.803936
AAACACCAATAACTGC-1,0.120084,0.112659,0.767258
AAACAGCTTTCAGAAG-1,0.047469,0.000014,0.952517
AAACAGGGTCTATATT-1,0.116403,0.15001,0.733588
AAACAGTGTTCCTGGG-1,0.725707,0.071248,0.203045
AAACATTTCCCGGATT-1,0.44067,0.191896,0.367434
AAACCCGAACGAAATC-1,0.021215,0.027774,0.95101
AAACCGGAAATGTTAA-1,0.062041,0.04818,0.889779
AAACCGGGTAGGTACC-1,0.161813,0.094262,0.743925
AAACCGTTCGTCCAGG-1,0.102611,0.096423,0.800966
AAACCTAAGCAGCCGG-1,0.927081,0.013615,0.059304
AAACCTCATGAAGTTG-1,0.007313,0.009193,0.983494
AAACGAAGAACATACC-1,0.00007,0.195634,0.804296
AAACGAGACGGTTGAT-1,0.000033,0.000017,0.99995
AAACGCTGGGCACGAC-1,0.811629,0.000027,0.188344
AAACGGGCGTACGGGT-1,0.754759,0.000031,0.24521
AAACGGGTTGGTATCC-1,0.000122,0.204978,0.794899
AAACGGTTGCGAACTG-1,0.735708,0.057587,0.206705
AAACGTGTTCGCCCTA-1,0.017106,0.86093,0.121964
AAACTAACGTGGCGAC-1,0.000759,0.123697,0.875544
AAACTCGGTTCGCAAT-1,0.794845,0.002653,0.202502
AAACTCGTGATATAAG-1,0.000067,0.157964,0.841969
AAACTGCTGGCTCCAA-1,0.081795,0.100443,0.817762
AAACTTAATTGCACGC-1,0.109812,0.059357,0.830831
AAACTTGCAAACGTAT-1,0.057519,0.043295,0.899187
AAAGAATGTGGACTAA-1,0.923196,0.076426,0.000378
AAAGACCCAAGTCGCG-1,0.056924,0.914711,0.028366
AAAGACTGGGCGCTTT-1,0.000108,0.267523,0.732369
AAAGCTTGCCTACATA-1,0.002354,0.048099,0.949547
AAAGGCCCTATAATAC-1,0.543606,0.041621,0.414773
AAAGGCTACGGACCAT-1,0.58877,0.21371,0.197521
AAAGGCTCTCGCGCCG-1,0.061389,0.060813,0.877797
AAAGGGATGTAGCAAG-1,0.000053,0.033764,0.966182
AAAGGGCAGCTTGAAT-1,0.004456,0.155652,0.839892
AAAGGTAAGCTGTACC-1,0.000085,0.202785,0.797131
AAAGTAGCATTGCTCA-1,0.047999,0.051843,0.900158
AAAGTCACTGATGTAA-1,0.015665,0.275514,0.708821
AAAGTCGACCCTCAGT-1,0.020664,0.000903,0.978432
AAAGTGCCATCAATTA-1,0.411349,0.145186,0.443465
AAAGTGTGATTTATCT-1,0.000047,0.000024,0.999929
AAAGTTGACTCCCGTA-1,0.000088,0.01666,0.983252
AAATAAGGTAGTGCCC-1,0.00004,0.001589,0.998371
AAATACCTATAAGCAT-1,0.00365,0.001919,0.994431
AAATAGCTTAGACTTT-1,0.000042,0.000021,0.999937
AAATAGGGTGCTATTG-1,0.000946,0.029939,0.969115
AAATCCGATACACGCC-1,0.533958,0.012727,0.453315
AAATCGTGTACCACAA-1,0.180432,0.150792,0.668776
AAATCTAGCCCTGCTA-1,0.015091,0.115017,0.869892
AAATGACTGATCAAAC-1,0.827818,0.041786,0.130396
AAATGATTCGATCAGC-1,0.006241,0.468139,0.52562
AAATGCTCGTTACGTT-1,0.060499,0.836567,0.102934
AAATGGCCCGTGCCCT-1,0.057717,0.420046,0.522238
AAATGGTCAATGTGCC-1,0.012641,0.273786,0.713573
AAATGTATCTTATCCC-1,0.000037,0.01587,0.984093
AAATGTGGGTGCTCCT-1,0.013261,0.289198,0.697542
AAATTAACGGGTAGCT-1,0.007635,0.01724,0.975125
AAATTAATAAGCGCGA-1,0.033187,0.083961,0.882852
AAATTACCTATCGATG-1,0.000118,0.267979,0.731902
AAATTCCAGGTCCAAA-1,0.04207,0.036637,0.921293
AAATTGATAGTCCTTT-1,0.154154,0.090299,0.755546
AAATTGCGGCGGTTCT-1,0.000089,0.254395,0.745516
AAATTGGTGAGAAGCA-1,0.075217,0.732201,0.192582
AAATTTACCGAAATCC-1,0.000026,0.033139,0.966835
AAATTTGCGGGTGTGG-1,0.103161,0.240802,0.656038
AACAACTGGTAGTTGC-1,0.000051,0.008561,0.991388
AACAATACATTGTCGA-1,0.525211,0.177914,0.296875
AACAATTACTCTACGC-1,0.000034,0.000017,0.999949
AACACACGCTCGCCGC-1,0.043286,0.006138,0.950577
AACACGACTGTACTGA-1,0.000107,0.351429,0.648464
AACACGAGACGCGGCC-1,0.015888,0.00001,0.984102
AACACGCGGCCGCGAA-1,0.000053,0.055698,0.944249
AACAGCTGTGTGGCAA-1,0.100895,0.152972,0.746132
AACAGGAAATCGAATA-1,0.028176,0.670273,0.301551
AACAGGATGGGCCGCG-1,0.003897,0.076422,0.919681
AACAGGTAGTATGGAT-1,0.112014,0.055841,0.832145
AACATAGCGTGTATCG-1,0.999458,0.000068,0.000474
AACATATCAACTGGTG-1,0.040486,0.158759,0.800755
AACATCGATACGTCTA-1,0.133174,0.796622,0.070205
AACATTGAAGTTGATC-1,0.667768,0.124214,0.208018
AACATTGGTCAGCCGT-1,0.000209,0.429144,0.570647
AACATTGTGACTCGAG-1,0.811111,0.113097,0.075792
AACCAAGACTTCTCTG-1,0.046732,0.00105,0.952219
AACCAGTATCACTCTT-1,0.001173,0.050527,0.9483
AACCATAGGGTTGAAC-1,0.304966,0.343235,0.351799
AACCATGGGATCGCTA-1,0.035557,0.549868,0.414576
AACCCAGAGACGGAGA-1,0.033259,0.641821,0.32492
AACCCATCCCATGATC-1,0.025888,0.132418,0.841694
AACCCGACAACCCGTG-1,0.788457,0.202166,0.009377
AACCCGAGCAGAATCG-1,0.047217,0.043319,0.909464
AACCCGCTGTATTCCA-1,0.214772,0.000021,0.785207
AACCCTACTGTCAATA-1,0.046362,0.07078,0.882858
AACCCTGGTGGAACCA-1,0.000056,0.19756,0.802384
AACCGAGCTTGGTCAT-1,0.000117,0.230617,0.769267
AACCGCTAAGGGATGC-1,0.090754,0.043031,0.866215
AACCGTTGTGTTTGCT-1,0.022878,0.630731,0.346391
AACCTCGCTTTAGCCC-1,0.902391,0.054274,0.043334
AACCTGTCACGGAATT-1,0.000076,0.034429,0.965495
AACCTTTAAATACGGT-1,0.459517,0.182363,0.35812
AACCTTTACGACGTCT-1,0.008935,0.618017,0.373048
AACGAAAGTCGTCCCA-1,0.088041,0.499648,0.412311
AACGACCTCCTAGCCG-1,0.698992,0.05362,0.247388
AACGATAATGCCGTAG-1,0.066072,0.093953,0.839974
AACGATAGAAGGGCCG-1,0.032366,0.311039,0.656594
AACGATATGTCAACTG-1,0.000092,0.186762,0.813145
AACGCATGATCTGGGT-1,0.016008,0.612114,0.371878
AACGCGAACGGCAACA-1,0.006923,0.992577,0.0005
AACGCGACCTTGGGCG-1,0.684227,0.087834,0.227939
AACGCGGTCTCCAGCC-1,0.000059,0.05677,0.943171
AACGCTGTTGCTGAAA-1,0.049858,0.150243,0.799898
AACGGACGTACGTATA-1,0.000027,0.000014,0.999959
AACGGCCATCTCCGGT-1,0.062718,0.052639,0.884643
AACGTACTGTGGGTAC-1,0.022593,0.094938,0.882469
AACGTAGTCTACCCAT-1,0.122944,0.119335,0.757721
AACGTCAGACTAGTGG-1,0.010131,0.097978,0.891891
AACGTCATCCGGCTTG-1,0.769578,0.204797,0.025625
AACGTCGCTGCACTTC-1,0.904039,0.018732,0.077229
AACGTGATGAAGGACA-1,0.003296,0.676569,0.320135
AACGTGCGAAAGTCTC-1,0.07299,0.088838,0.838173
AACGTTATCAGCACCT-1,0.000102,0.29282,0.707079
AACGTTCTACCATTGT-1,0.230528,0.114285,0.655187
AACTACCCGTTTGTCA-1,0.141211,0.21755,0.641239
AACTAGCGTATCGCAC-1,0.000074,0.133377,0.866549
AACTAGGCTTGGGTGT-1,0.05745,0.064985,0.877565
AACTCAAGTTAATTGC-1,0.042022,0.040939,0.917039
AACTCCAGAGCGTGTT-1,0.315921,0.246633,0.437446
AACTCCTAATCCCATG-1,0.050117,0.834169,0.115713
AACTCGATAAACACGT-1,0.000075,0.262255,0.73767
AACTCGATGGCGCAGT-1,0.050298,0.234768,0.714934
AACTCTCAATAGAGCG-1,0.000032,0.000016,0.999953
AACTCTCAGTGTGCTC-1,0.060274,0.195603,0.744122
AACTGAGGTCAGCGTC-1,0.000051,0.101033,0.898917
AACTGAGTTATACTGA-1,0.029124,0.02081,0.950067
AACTGATATTAGGCCT-1,0.000196,0.830744,0.169059
AACTGGGTCCCGACGT-1,0.000138,0.47836,0.521502
AACTGGTGTGGGCCTT-1,0.000074,0.19475,0.805176
AACTTCTGCGTCTATC-1,0.000197,0.404636,0.595166
AACTTGCCCGTATGCA-1,0.000064,0.085736,0.9142
AACTTGCGTTCTCGCG-1,0.023458,0.71648,0.260062
AACTTTACGGGAGCTT-1,0.000133,0.114995,0.884872
AACTTTAGCTGCTGAG-1,0.000048,0.008712,0.99124
AACTTTCTCGATCATG-1,0.00005,0.259849,0.740101
AAGAAATCACCAGATT-1,0.006153,0.793667,0.20018
AAGAAGGATCAGTTAG-1,0.023727,0.209163,0.76711
AAGACATACGTGGTTT-1,0.381019,0.123755,0.495226
AAGACCCAACTGAACA-1,0.620858,0.047208,0.331934
AAGACTAACCCGTTGT-1,0.000095,0.268166,0.731739
AAGACTGCAAGCTACT-1,0.019347,0.151238,0.829416
AAGAGATGAATCGGTA-1,0.040028,0.414613,0.545359
AAGAGCTCTTTATCGG-1,0.023559,0.094526,0.881915
AAGAGGATGTACGCGA-1,0.000066,0.010588,0.989346
AAGAGGCATGGATCGC-1,0.071635,0.06969,0.858675
AAGAGGCCCTTTGGAA-1,0.106517,0.169391,0.724092
AAGATGGCACCGGACC-1,0.392415,0.246076,0.361508
AAGATTGGCGGAACGT-1,0.00011,0.332104,0.667786
AAGCACCCTGCGTATC-1,0.174811,0.000013,0.825176
AAGCATACTCTCCTGA-1,0.100897,0.225231,0.673872
AAGCCACTTGCAGGTA-1,0.732608,0.146601,0.120791
AAGCCGAAGCGGTTTA-1,0.089704,0.001495,0.908801
AAGCCGCCGTGAAATC-1,0.109083,0.029649,0.861268
AAGCCGCTTTACCTTG-1,0.06065,0.777657,0.161693
AAGCCGGAGAGCAGGA-1,0.276091,0.187982,0.535928
AAGCGCAGGGCTTTGA-1,0.667873,0.000058,0.332069
AAGCGGCGTCATGGGT-1,0.000114,0.287563,0.712323
AAGCGTCCCTCATCGA-1,0.172735,0.03206,0.795205
AAGCTAGATCGAGTAA-1,0.069377,0.106741,0.823882
AAGCTCGTGCCAAGTC-1,0.039396,0.254911,0.705693
AAGCTCTTTCATGGTG-1,0.303634,0.214366,0.482
AAGGAGAACTTATAAG-1,0.000101,0.077851,0.922047
AAGGAGCGGTTGGTGC-1,0.024083,0.326082,0.649835
AAGGATCGATCGCTTG-1,0.016677,0.000038,0.983286
AAGGATGAGGGACCTC-1,0.003529,0.11985,0.876621
AAGGCAGGCTGTCTCC-1,0.011699,0.00225,0.98605
AAGGCGCGTAAAGCTT-1,0.000069,0.180326,0.819605
AAGGCTGTGCTCATCG-1,0.006328,0.000015,0.993656
AAGGGAACGACTGGCT-1,0.115821,0.037974,0.846206
AAGGGACAGATTCTGT-1,0.00007,0.141235,0.858695
AAGGGACTATGCATTC-1,0.276727,0.331552,0.391721
AAGGGTTAGCCATGCG-1,0.383108,0.051065,0.565827
AAGGTATCCTAATATA-1,0.000051,0.030277,0.969671
AAGGTGATAAACCAGC-1,0.065618,0.100674,0.833708
AAGTAAGCTTCCAAAC-1,0.002969,0.181496,0.815536
AAGTAGAAGACCGGGT-1,0.000123,0.500535,0.499342
AAGTAGTGACGCGAGG-1,0.029807,0.035863,0.93433
AAGTCAATTGTCGTCA-1,0.013008,0.003133,0.983859
AAGTCTAGTAGCTGCC-1,0.000055,0.320063,0.679883
AAGTGACGACCGAATT-1,0.063392,0.012757,0.923851
AAGTGAGTCGGGTTTA-1,0.630333,0.081482,0.288186
AAGTGCAAAGGTAGAC-1,0.006782,0.257983,0.735235
AAGTGCCTTGACTGTA-1,0.063799,0.130635,0.805567
AAGTGCGTTAGAATCT-1,0.000045,0.079205,0.92075
AAGTGCTTCTCTATTG-1,0.824662,0.06561,0.109728
AAGTGTTTGGAGACGG-1,0.027467,0.1976,0.774934
AAGTTCACTCCAAGCT-1,0.575077,0.098825,0.326098
AAGTTCAGTCTGCGTA-1,0.000204,0.967109,0.032687
AAGTTCGGCCAACAGG-1,0.062713,0.01976,0.917527
AAGTTGTGATGTTATA-1,0.609338,0.048296,0.342366
AAGTTTACTAATGGCA-1,0.000055,0.093814,0.906132
AAGTTTATGGGCCCAA-1,0.951532,0.00005,0.048418
AATAACAACGCTCGGC-1,0.043061,0.003186,0.953752
AATAACACTAGAACAA-1,0.10388,0.121735,0.774385
AATAACGTCGCGCCCA-1,0.949041,0.006738,0.044221
AATAAGTCCTCGAGAC-1,0.000237,0.113179,0.886584
AATAATCTTCGTATCG-1,0.033034,0.073714,0.893251
AATACAATGTTTCAGG-1,0.000126,0.236251,0.763623
AATACCGGAGGGCTGT-1,0.734238,0.212675,0.053087
AATACCTGATGTGAAC-1,0.994234,0.005424,0.000342
AATAGAACAGAGTGGC-1,0.030168,0.018548,0.951283
AATAGAATCTGTTTCA-1,0.005334,0.007038,0.987628
AATAGCAAGCCTCCTG-1,0.000025,0.018999,0.980976
AATAGCTACCGCGTGC-1,0.053073,0.802299,0.144628
AATAGTCCGTCCCGAC-1,0.698585,0.300992,0.000423
AATAGTCGCGAGTCGG-1,0.000068,0.087086,0.912846
AATATCAAGGTCGGAT-1,0.000123,0.378223,0.621653
AATATCGAATCAATGC-1,0.168907,0.157125,0.673968
AATATCGAGGGTTCTC-1,0.00005,0.003274,0.996676
AATATTGGAGTATTGA-1,0.024367,0.044026,0.931606
AATCAGACTGCAGGAC-1,0.000069,0.142678,0.857253
AATCAGGTTTCATTTA-1,0.72909,0.117155,0.153755
AATCATGTAAAGACTC-1,0.073735,0.167477,0.758788
AATCCATGCAAGGGTG-1,0.024663,0.403051,0.572286
AATCCCGCTCAGAGCC-1,0.88812,0.080331,0.03155
AATCGAGGTCTCAAGG-1,0.998335,0.000053,0.001612
AATCGCCTCAGCGCCA-1,0.070363,0.067198,0.862438
AATCGCGCAGAGGACT-1,0.032166,0.002587,0.965247
AATCGGGACACTACGA-1,0.000065,0.072098,0.927837
AATCGGTATAGCCCTC-1,0.919602,0.047935,0.032463
AATCGTGAGCCGAGCA-1,0.507867,0.037826,0.454306
AATCTAGGTTTACTTG-1,0.07098,0.081631,0.847389
AATCTATGCCGGAGCC-1,0.029963,0.072579,0.897458
AATCTCTACTGTGGTT-1,0.082838,0.100014,0.817148
AATCTGCGTTGGGACG-1,0.019167,0.087524,0.893309
AATCTGGCTTTCTAGT-1,0.03379,0.063912,0.902298
AATGACAGCAATGTCT-1,0.024301,0.020273,0.955427
AATGACGTAGGATGTC-1,0.051512,0.020855,0.927633
AATGACTGTCAGCCGG-1,0.000139,0.520768,0.479093
AATGAGTTCGCATATG-1,0.000235,0.966708,0.033058
AATGATGATACGCTAT-1,0.000064,0.083851,0.916085
AATGATGCGACTCCTG-1,0.000053,0.007012,0.992935
AATGCAACCGGGTACC-1,0.048285,0.320496,0.631219
AATGCACCAAGCAATG-1,0.051703,0.329788,0.618509
AATGGTCCACCGTTCA-1,0.015158,0.180286,0.804556
AATGGTTCTCACAAGC-1,0.000108,0.343765,0.656127
AATGTATGGCACTGTA-1,0.189287,0.29027,0.520443
AATGTGCCCGAGGTGT-1,0.230556,0.503443,0.266001
AATGTGCTAATCTGAG-1,0.690301,0.080252,0.229446
AATGTTAAGACCCTGA-1,0.999661,0.000042,0.000296
AATGTTGTCGTGAGAC-1,0.830827,0.011526,0.157648
AATTAAAGGTCGGCGT-1,0.02316,0.145062,0.831778
AATTAACGGATTTCCA-1,0.638101,0.259012,0.102888
AATTAGCGCTGCAGCG-1,0.269898,0.285414,0.444688
AATTATACCCAGCAAG-1,0.999642,0.000045,0.000314
AATTCATAAGGGATCT-1,0.000128,0.310134,0.689738
AATTCATTGTCATGCA-1,0.176576,0.3174,0.506024
AATTCCAACTTGGTGA-1,0.000056,0.14928,0.850664
AATTCCAAGCATGTAC-1,0.927882,0.004916,0.067202
AATTCGATTCGAGGAT-1,0.974358,0.000065,0.025577
AATTCTAGAGTTAGGC-1,0.013963,0.034497,0.95154
AATTGAACGCTCTGGT-1,0.096911,0.075959,0.82713
AATTGCAGCAATCGAC-1,0.799125,0.000571,0.200304
AATTGCGTGGATTACA-1,0.110647,0.22734,0.662013
AATTGTGGTTGCCAAA-1,0.563366,0.178257,0.258377
AATTTGGGACATAGTA-1,0.056264,0.916728,0.027008
AATTTGGTTCCAAAGA-1,0.117062,0.879004,0.003934
ACAAACCATGCGTCCT-1,0.400285,0.190554,0.409161
ACAAACTCCATCAGAG-1,0.760061,0.146374,0.093565
ACAAAGCATGACCTAG-1,0.110232,0.000011,0.889756
ACAAATCGCACCGAAT-1,0.026024,0.131417,0.84256
ACAAATGGTAGTGTTT-1,0.086804,0.062708,0.850487
ACAAATTCAGATCTGA-1,0.010961,0.381469,0.607569
ACAACAGCATGAGCTA-1,0.000051,0.00372,0.99623
ACAACGGTCCCTGCGA-1,0.000067,0.142018,0.857915
ACAAGCAGTGCCTAGC-1,0.024461,0.065512,0.910027
ACAAGGAAATCCGCCC-1,0.019674,0.172709,0.807617
ACAAGGACAAGAGGTT-1,0.049745,0.069597,0.880659
ACAAGGATGCTTTAGG-1,0.39697,0.162955,0.440076
ACAAGGGCAGGCTCTG-1,0.125069,0.246561,0.62837
ACAATAGTCGTACGTT-1,0.000052,0.000026,0.999922
ACAATCCATTTAAACC-1,0.183362,0.018199,0.798438
ACAATGAATACGGAGA-1,0.07574,0.016294,0.907966
ACAATGATTCTTCTAC-1,0.000494,0.011144,0.988362
ACAATTGTGTCTCTTT-1,0.014385,0.177798,0.807817
ACAATTTAGGAGGCTC-1,0.02782,0.026668,0.945512
ACAATTTGAGCAGTGG-1,0.012511,0.002248,0.985241
ACAATTTGGCCATATT-1,0.007296,0.005111,0.987593
ACACAAAGACGGGTGG-1,0.000066,0.125792,0.874142
ACACACCAGGACCAGT-1,0.141594,0.090298,0.768108
ACACACTTTCTACACG-1,0.158241,0.668586,0.173173
ACACATGATCAAATCT-1,0.101737,0.147625,0.750637
ACACATTTCCGTAGAC-1,0.560843,0.027875,0.411282
ACACCACATAATTAGC-1,0.012794,0.051353,0.935853
ACACCCAGCATGCAGC-1,0.000063,0.068423,0.931513
ACACCCGAGAAATCCG-1,0.000076,0.28148,0.718443
ACACCGAGCGCTCTTT-1,0.062029,0.332439,0.605532
ACACCGGTCTGACCGC-1,0.38486,0.26019,0.35495
ACACCTTAAGTAGGGC-1,0.000173,0.254501,0.745327
ACACCTTACTACTTGC-1,0.04221,0.000031,0.957759
ACACGAGACTCCTTCT-1,0.023281,0.116653,0.860067
ACACGGCACTATGCAT-1,0.000074,0.152216,0.84771
ACACGGGAACTTAGGG-1,0.015213,0.045539,0.939248
ACACGTAGGCCACAAG-1,0.029319,0.091517,0.879164
ACACTCCAATGTCACT-1,0.020822,0.588544,0.390633
ACACTGATCAAGGTGT-1,0.149061,0.28171,0.569229
ACACTGGGACAGTCGT-1,0.25169,0.256601,0.49171
ACAGAACTGAGAACAA-1,0.137425,0.335366,0.527209
ACAGATTAGGTTAGTG-1,0.046271,0.102158,0.851571
ACAGCATAGAGCCAGT-1,0.000196,0.650801,0.349002
ACAGCGACATTCTCAT-1,0.303235,0.230757,0.466009
ACAGCGCACCCGCAGC-1,0.023133,0.62357,0.353297
ACAGGCACGGATCCTT-1,0.678844,0.036021,0.285135
ACAGGCTTGCCCGACT-1,0.072952,0.099223,0.827824
ACAGGTGGAGGTGAGG-1,0.106364,0.327726,0.56591
ACAGTAATACAACTTG-1,0.322579,0.152006,0.525415
ACAGTATACCGTGGGA-1,0.09028,0.832385,0.077335
ACATAAGTCGTGGTGA-1,0.118317,0.227016,0.654667
ACATAATAAGGCGGTG-1,0.000061,0.100311,0.899628
ACATACAATCAAGCGG-1,0.952655,0.003849,0.043496
ACATCAGCTGGGACGC-1,0.010266,0.139765,0.84997
ACATCCCGGCCATACG-1,0.225192,0.112083,0.662725
ACATCCTGGTAACTGT-1,0.000091,0.021526,0.978383
ACATCGATCGTTTACC-1,0.092942,0.067125,0.839933
ACATCGGTCAGCCGCG-1,0.078117,0.18779,0.734093
ACATCGTATGCAATGG-1,0.04157,0.023503,0.934927
ACATCGTTAACCTAGT-1,0.060372,0.939012,0.000616
ACATGGCGCCAAAGTA-1,0.047415,0.001478,0.951106
ACATGGCTCAATTTAG-1,0.04431,0.928375,0.027315
ACATTAGTTTATATCC-1,0.06848,0.071687,0.859833
ACATTCGCGCGGAATA-1,0.928079,0.006331,0.06559
ACATTTGAAACCTAAC-1,0.644349,0.000029,0.355623
ACCAAACACCCAGCGA-1,0.265906,0.621916,0.112178
ACCAAACTAGAAATCC-1,0.026205,0.291197,0.682598
ACCAACACCACACACT-1,0.032644,0.775472,0.191884
ACCAACCGCACTCCAC-1,0.810752,0.003912,0.185337
ACCAACGCTTATTTAT-1,0.108064,0.164558,0.727378
ACCAAGAACGCGTGTC-1,0.011107,0.838578,0.150316
ACCAAGTCATCGGCAG-1,0.547564,0.000032,0.452404
ACCAATATGCAAGTTA-1,0.309381,0.560532,0.130087
ACCACAACTCAGAACA-1,0.024065,0.223598,0.752337
ACCACAAGTTTCTATC-1,0.031048,0.085684,0.883269
ACCACACGGTTGATGG-1,0.999442,0.00007,0.000488
ACCACCAATGTAACAA-1,0.147693,0.121697,0.730611
ACCACCCTCTCTTCTA-1,0.006456,0.343808,0.649736
ACCACGTGCAGCTATA-1,0.056258,0.024697,0.919045
ACCAGCCCGGTCTTTG-1,0.023264,0.288344,0.688391
ACCAGGAGTGTGATCT-1,0.000124,0.032644,0.967231
ACCAGTGCCCGGTCAA-1,0.000067,0.075033,0.9249
ACCAGTGCGGGAGACG-1,0.000045,0.014379,0.985576
ACCATATCCGCAATAA-1,0.021097,0.003911,0.974992
ACCATCCGCCAACTAG-1,0.021616,0.035362,0.943022
ACCATCGTATATGGTA-1,0.090438,0.155538,0.754024
ACCCAACGCCCGTGGC-1,0.000052,0.026532,0.973417
ACCCACCTACATGCTC-1,0.000087,0.076076,0.923837
ACCCATCTTGAGGGTA-1,0.038084,0.007654,0.954262
ACCCATTTGTCCCTCT-1,0.102983,0.000022,0.896994
ACCCGAGCGAAATTAC-1,0.272736,0.067443,0.659822
ACCCGATTGGTTCCGA-1,0.433231,0.001502,0.565266
ACCCGGAAACTCCCAG-1,0.442042,0.461226,0.096733
ACCCGGAGCACCACAA-1,0.074875,0.20662,0.718505
ACCCGGATGACGCATC-1,0.090349,0.146869,0.762782
ACCCGGTTACACTTCC-1,0.034979,0.064928,0.900092
ACCCGTAGTCTAGTTG-1,0.566998,0.000032,0.43297
ACCCGTGTCATCAGTA-1,0.355699,0.090575,0.553726
ACCCTATGCCATATCG-1,0.350423,0.018231,0.631346
ACCCTCCCGTCAGGGC-1,0.999696,0.000038,0.000266
ACCCTCCCTTGCTATT-1,0.015031,0.083317,0.901653
ACCCTGGTAACGCCCT-1,0.026362,0.705974,0.267664
ACCCTTCATCTGCGAA-1,0.040954,0.723492,0.235554
ACCCTTTAGTTCTCCA-1,0.030957,0.289716,0.679328
ACCGAAAGGGCCCTGC-1,0.000085,0.281087,0.718828
ACCGAAGAGTCTGGTT-1,0.080547,0.078269,0.841184
ACCGACACATCTCCCA-1,0.293405,0.000022,0.706573
ACCGACTGAGTCCCAC-1,0.000062,0.040178,0.95976
ACCGAGTCTCCTTATT-1,0.884151,0.00005,0.115799
ACCGATAGGCATAACC-1,0.169331,0.089855,0.740814
ACCGATATTTAATCAT-1,0.016347,0.198622,0.785031
ACCGATGGTAGCATCG-1,0.036193,0.100717,0.86309
ACCGCAATAACTGCCT-1,0.047212,0.049624,0.903163
ACCGCGGTGGAAGTCG-1,0.110757,0.086634,0.802609
ACCGCTAGTCATTGGT-1,0.633654,0.039112,0.327234
ACCGGGCCTTTGTTGA-1,0.071416,0.125802,0.802782
ACCGGTCAGGTACACC-1,0.192463,0.341889,0.465648
ACCGTGACCACGTGGG-1,0.475661,0.278924,0.245415
ACCGTTCCCGCTCTGA-1,0.000049,0.029014,0.970938
ACCTAAGTACCTTTCA-1,0.079488,0.051678,0.868834
ACCTAATCGACTTCCT-1,0.03013,0.050085,0.919784
ACCTACAGTATGTGGT-1,0.01536,0.007885,0.976756
ACCTACTATAAATCTA-1,0.906003,0.000067,0.09393
ACCTCAGCGAGGCGCA-1,0.999788,0.000027,0.000186
ACCTCCGCCCTCGCTG-1,0.011667,0.058724,0.929609
ACCTCCGTTATTCACC-1,0.034883,0.268998,0.696119
ACCTCGAACTTATGCT-1,0.503705,0.49597,0.000326
ACCTGCGTGTCATGTT-1,0.085546,0.09039,0.824064
ACGAAATGGGCGGCAC-1,0.009536,0.043367,0.947097
ACGACCCATGAGTTGC-1,0.116227,0.081995,0.801778
ACGACTCTAGGGCCGA-1,0.999548,0.000056,0.000395
ACGACTGGTCATACTC-1,0.710706,0.119424,0.16987
ACGAGAACCCATCACG-1,0.028258,0.223939,0.747804
ACGAGATATTTGCTTA-1,0.047385,0.88922,0.063395
ACGAGGATACCACTCT-1,0.052762,0.210931,0.736307
ACGAGGTTTACAACGT-1,0.076678,0.155364,0.767958
ACGAGTACGGATGCCC-1,0.00013,0.117359,0.882512
ACGATACATAGAACTA-1,0.00007,0.138632,0.861298
ACGATCATACATAGAG-1,0.004555,0.320332,0.675114
ACGATCATCTTGTAAA-1,0.047847,0.024321,0.927832
ACGATGCATATGTTAT-1,0.055575,0.00002,0.944405
ACGATGGATCCGATGC-1,0.062806,0.793851,0.143343
ACGCAAACTAATAGAT-1,0.834216,0.105594,0.06019
ACGCAATCACTACAGC-1,0.000174,0.298892,0.700935
ACGCATACGTTTACTA-1,0.092,0.221588,0.686412
ACGCATTCGTGAGTAC-1,0.080221,0.195692,0.724087
ACGCCACTCGAAACAG-1,0.999684,0.000039,0.000276
ACGCCAGATGATTTCT-1,0.018857,0.963638,0.017504
ACGCCAGTGCGTTTGC-1,0.952627,0.00006,0.047313
ACGCCGCTAGACGACC-1,0.026944,0.000032,0.973024
ACGCGAAGTCAGACGA-1,0.06812,0.032345,0.899535
ACGCGCTACACAGGGT-1,0.021674,0.013032,0.965294
ACGCGGGCCAAGGACA-1,0.010209,0.018116,0.971676
ACGCGTTTCTTAAGAG-1,0.019714,0.038374,0.941912
ACGCTACTGAATGGGC-1,0.442662,0.000015,0.557323
ACGCTAGTGATACACT-1,0.006903,0.398107,0.594989
ACGCTGTGAGGCGTAG-1,0.062682,0.007615,0.929703
ACGGAACACGAGTGCC-1,0.932427,0.067194,0.000378
ACGGAATTTAGCAAAT-1,0.034184,0.713245,0.252571
ACGGACTCTCAAAGCG-1,0.637632,0.181088,0.181281
ACGGAGCGCAAATTAC-1,0.02389,0.734117,0.241993
ACGGATGGTGCGGATA-1,0.411205,0.324223,0.264572
ACGGCACTTGCTTGGG-1,0.123381,0.581582,0.295037
ACGGCCAACATGGACT-1,0.097928,0.369968,0.532104
ACGGCGACGATGGGAA-1,0.000073,0.113867,0.886059
ACGGCGGGTTGCCCTG-1,0.00009,0.204197,0.795714
ACGGCTGGATGTAGAA-1,0.092629,0.064356,0.843015
ACGGGAGTGTCGGCCC-1,0.020841,0.026073,0.953086
ACGGGCGTATGCGACA-1,0.000048,0.064337,0.935615
ACGGGTCATGTGACTT-1,0.007593,0.969935,0.022472
ACGGTACAGTTCAATG-1,0.96378,0.000053,0.036167
ACGTACAGATTTCTCT-1,0.028289,0.875497,0.096214
ACGTACTTTGGCACGG-1,0.760876,0.058402,0.180721
ACGTAGATTGCTGATG-1,0.000054,0.002815,0.99713
ACGTAGGAGAGTCGCT-1,0.947294,0.00006,0.052646
ACGTATTACTCCGATC-1,0.000109,0.05808,0.941812
ACGTCTCGTTCCGGGA-1,0.027696,0.023762,0.948542
ACGTGCGCCTCGTGCA-1,0.000257,0.982388,0.017356
ACGTTAATGTCGAAGA-1,0.000024,0.000012,0.999964
ACGTTAGATTTGCCCG-1,0.000027,0.000014,0.999959
ACGTTATTGGTCACTC-1,0.000145,0.347008,0.652847
ACGTTCACTATGCCGC-1,0.831356,0.111211,0.057432
ACGTTCCGCGCTCCGT-1,0.000077,0.108583,0.89134
ACGTTCGCAATCAATT-1,0.039747,0.102089,0.858163
ACGTTCGTTCAGGAAA-1,0.635433,0.15189,0.212677
ACGTTCTGTACAAGTC-1,0.803766,0.046734,0.1495
ACGTTGTCGTTGAAAG-1,0.70855,0.058898,0.232552
ACGTTTAGTTGTGATC-1,0.026745,0.469253,0.504002
ACGTTTCGGTGCACTT-1,0.343828,0.070157,0.586015
ACTAATACGTCAGGCG-1,0.024401,0.446528,0.529071
ACTACAAAGAGAGGTG-1,0.901612,0.097823,0.000565
ACTACATCCCGACAAG-1,0.557261,0.258275,0.184464
ACTACCAGCTCTCTGG-1,0.000072,0.047354,0.952573
ACTACCATCCGAGGGC-1,0.834847,0.055428,0.109724
ACTACGCGTTAGAATT-1,0.626107,0.262406,0.111487
ACTAGTTGCGATCGTC-1,0.013285,0.000017,0.986698
ACTATATGCTGTGTTC-1,0.006255,0.992967,0.000778
ACTATCCAGGGCATGG-1,0.009118,0.03138,0.959502
ACTATCTGCCCGCGTA-1,0.037099,0.029271,0.93363
ACTATGTCCAGCTGCC-1,0.560599,0.083589,0.355812
ACTATTTCCGGGCCCA-1,0.431059,0.275763,0.293178
ACTCAACGAATGTATT-1,0.000105,0.338773,0.661122
ACTCAAGTGCAAGGCT-1,0.201602,0.054627,0.743771
ACTCAATAAAGGCACG-1,0.000084,0.120022,0.879894
ACTCAGACCTGCTTCT-1,0.00017,0.739551,0.260279
ACTCATGGCAGCCTTC-1,0.506056,0.253229,0.240715
ACTCCAATATCATCAT-1,0.216064,0.020169,0.763767
ACTCCCATTCCTAAAG-1,0.038814,0.007563,0.953623
ACTCCCGAATTCGTTT-1,0.000152,0.18965,0.810197
ACTCCCGTAGACTAGG-1,0.015508,0.47195,0.512542
ACTCCCTAATGCTAAA-1,0.12621,0.078379,0.795411
ACTCCCTAGAATAGTA-1,0.070746,0.04218,0.887074
ACTCCGGCCGACCACT-1,0.881252,0.000074,0.118675
ACTCGATGTATTTCAT-1,0.029374,0.584255,0.38637
ACTCGCCGTTCGATAA-1,0.266246,0.21677,0.516985
ACTCGCGATCTGACGC-1,0.000026,0.000013,0.999961
ACTCGTAACCCGTCCT-1,0.033074,0.146841,0.820085
ACTCGTCAGTAATCCC-1,0.000035,0.000018,0.999947
ACTCTAAACCTGGGAT-1,0.000052,0.154904,0.845045
ACTCTCTGACTTAGGT-1,0.004143,0.000021,0.995836
ACTCTCTTATACACGA-1,0.000229,0.50012,0.499651
ACTCTGACCTAATAGA-1,0.974466,0.000048,0.025486
ACTCTTCAGCTCCCGC-1,0.079252,0.014336,0.906411
ACTCTTGTATAGTAAC-1,0.000061,0.00003,0.999909
ACTGAAACGCCGTTAG-1,0.150715,0.330844,0.518441
ACTGAATGGCGAAAGT-1,0.034536,0.064393,0.901071
ACTGCCCGCCATTCTC-1,0.683757,0.171559,0.144684
ACTGCCGTCGTAACTC-1,0.006814,0.880967,0.112219
ACTGCGGACACACCGT-1,0.000145,0.008641,0.991213
ACTGCTCGGAAGGATG-1,0.035937,0.086543,0.877519
ACTGGGATGCCAGTGC-1,0.860495,0.00006,0.139445
ACTGTACGATACACAT-1,0.000032,0.000016,0.999952
ACTGTAGCACTTTGGA-1,0.030591,0.20286,0.76655
ACTGTATACGCGAGCA-1,0.10173,0.818321,0.079949
ACTGTCCAGGATTATA-1,0.000053,0.000027,0.99992
ACTGTCTTCTTTAGAA-1,0.003785,0.197377,0.798838
ACTGTGCTAGTAGATC-1,0.041677,0.278241,0.680082
ACTGTTTAGTGTAGGC-1,0.000074,0.016038,0.983888
ACTTACCGGGCGCGCA-1,0.000196,0.766942,0.232862
ACTTACGCATCCACGC-1,0.421266,0.084138,0.494597
ACTTAGTACGACAAGA-1,0.028106,0.622727,0.349167
ACTTATACTTACCCGG-1,0.070465,0.019674,0.909861
ACTTATCTGATCTATA-1,0.000076,0.000038,0.999885
ACTTATTAGGATCGGT-1,0.045726,0.04621,0.908064
ACTTATTTATGTGCCA-1,0.000033,0.000016,0.999951
ACTTCAGGCTGATCCC-1,0.000046,0.001274,0.998679
ACTTCCATGCGGGACA-1,0.096073,0.000019,0.903909
ACTTCGCCATACGCAC-1,0.070112,0.208149,0.721739
ACTTCGCTAGCGAGTG-1,0.009619,0.022273,0.968108
ACTTGACTCCCTCTTT-1,0.063357,0.024072,0.912572
ACTTGCCATATTGTAC-1,0.000052,0.009949,0.989999
ACTTGGGACCCGGTGG-1,0.026892,0.328538,0.64457
ACTTGGGCTTTCGCCA-1,0.959512,0.040021,0.000467
ACTTGTAGTCCCTTCA-1,0.077609,0.120706,0.801685
ACTTGTGGATGGAACG-1,0.048273,0.086568,0.865159
ACTTGTTACCGGATCA-1,0.323462,0.000036,0.676503
ACTTTACCCTCATGAA-1,0.014432,0.030854,0.954714
ACTTTCCTATAGCTTC-1,0.000096,0.012154,0.98775
ACTTTGACTGCATCCT-1,0.054254,0.000025,0.945722
ACTTTGGTCGTGCTCC-1,0.063557,0.072144,0.864299
ACTTTGTCGACGCACT-1,0.068242,0.02797,0.903788
AGAAATTATGACTCGC-1,0.052866,0.069182,0.877952
AGAACCCAGCGTGACA-1,0.090412,0.102728,0.80686
AGAACCCTCAATTGGG-1,0.147718,0.326414,0.525868
AGAACGTGGTACATTC-1,0.008994,0.161366,0.82964
AGAACTGTACTTTGTA-1,0.972117,0.000031,0.027852
AGAAGAGCGCCGTTCC-1,0.001016,0.000508,0.998477
AGAAGGTACACTTCAC-1,0.107727,0.125653,0.76662
AGAAGGTTGCCGAATT-1,0.131543,0.180875,0.687582
AGAAGGTTGTAGGTCG-1,0.708767,0.02734,0.263893
AGAAGTGATTCGTGAT-1,0.004608,0.001024,0.994369
AGAATAAATCTTCAGG-1,0.029121,0.105055,0.865824
AGAATACAGGCTATCC-1,0.99975,0.000031,0.000219
AGAATGCGGGTTCGGA-1,0.003797,0.858185,0.138018
AGAATTATGGATTCGA-1,0.00005,0.003082,0.996868
AGAATTGTTTGACATA-1,0.000228,0.684004,0.315768
AGACAGCTCAGAATCC-1,0.000138,0.346512,0.653349
AGACAGGCATCTCAGC-1,0.071419,0.052632,0.875948
AGACATAGATCCTTCC-1,0.00011,0.276288,0.723602
AGACCAAACCACACCT-1,0.058999,0.022186,0.918815
AGACCATGGGATACAA-1,0.000073,0.301437,0.698491
AGACCCACCGCTGATC-1,0.086551,0.045524,0.867925
AGACCCGCCCTCCTCG-1,0.000055,0.021421,0.978524
AGACCGCTCCGCGGTT-1,0.055001,0.063756,0.881244
AGACCGGGAAACCCTG-1,0.000026,0.000013,0.999961
AGACGAAGTGCCGGTC-1,0.018642,0.017874,0.963484
AGACGACGATGCCGCT-1,0.066826,0.068096,0.865078
AGACGCCCACTTCGCC-1,0.398631,0.172535,0.428834
AGACGGGCCGATTTAA-1,0.007293,0.211218,0.781489
AGACTAGCCTTCCAGA-1,0.000065,0.002186,0.997749
AGACTGTTACCGGGTC-1,0.610073,0.224057,0.16587
AGAGAAACACCAGAAA-1,0.899065,0.066317,0.034618
AGAGAACCGTCTAGGA-1,0.085817,0.359785,0.554397
AGAGAAGGAGTACAAT-1,0.373692,0.140339,0.485969
AGAGATCTCTAAAGCG-1,0.000028,0.000014,0.999958
AGAGCAGTTATGAGAC-1,0.148614,0.179651,0.671735
AGAGCCGCCGAGATTT-1,0.107464,0.295828,0.596707
AGAGCGGGCTAATCAT-1,0.000188,0.895855,0.103957
AGAGCGTACAAGCTCG-1,0.006104,0.11086,0.883037
AGAGCTACGAAAGCAT-1,0.042632,0.289239,0.668129
AGAGGCTTCGGAAACC-1,0.085694,0.169293,0.745013
AGAGGTATCTCGGTCC-1,0.000047,0.000023,0.99993
AGAGTAAACTTCACTA-1,0.066539,0.074046,0.859414
AGAGTATAGTGTTACG-1,0.000123,0.178483,0.821395
AGAGTCTTAATGAAAG-1,0.317708,0.052506,0.629786
AGATAACTTCAGGGCC-1,0.000055,0.000028,0.999917
AGATACCAATAGAACC-1,0.888605,0.047417,0.063978
AGATACCAGCACTTCA-1,0.010224,0.858839,0.130938
AGATACCGGTGTTCAC-1,0.00785,0.00002,0.99213
AGATACGACTTCATAT-1,0.029616,0.840776,0.129608
AGATACTCAAGATCGA-1,0.069716,0.00032,0.929964
AGATATAATACGACTA-1,0.480436,0.051877,0.467687
AGATCGTGCATAAGAT-1,0.000059,0.086417,0.913524
AGATCTCAGGTGTGAT-1,0.012772,0.053132,0.934096
AGATGACTCGCCCACG-1,0.000097,0.08703,0.912873
AGATGATGGAGTCTGG-1,0.072941,0.117161,0.809898
AGATGCAAGACGTGCA-1,0.199244,0.477647,0.323109
AGATGCATCCTGTGTC-1,0.034455,0.02337,0.942174
AGATTATAGGACGTTT-1,0.054201,0.035401,0.910397
AGATTCACAACCGATA-1,0.031416,0.020959,0.947625
AGCAAAGGCCGCTAGT-1,0.579634,0.3359,0.084466
AGCAACATATCTTATT-1,0.029166,0.005924,0.96491
AGCAACCGAAAGTAAT-1,0.03318,0.010233,0.956587
AGCACACGTTTAGACT-1,0.177213,0.007907,0.814881
AGCACCAGTACTCACG-1,0.024086,0.185689,0.790225
AGCACTACCGGCCTGT-1,0.034934,0.154483,0.810583
AGCACTACCTCACCAG-1,0.012906,0.103674,0.88342
AGCACTTAAGGACGCC-1,0.026003,0.051343,0.922654
AGCAGAAGGAGAAAGA-1,0.68543,0.090674,0.223896
AGCAGCCAGATGAATA-1,0.716059,0.16704,0.116901
AGCAGTCGAAGCATGC-1,0.467707,0.011033,0.521259
AGCATATCAATATGCT-1,0.060179,0.068508,0.871313
AGCATCATTTCGAAAG-1,0.000038,0.026657,0.973305
AGCATCGTCGATAATT-1,0.000057,0.063684,0.936258
AGCATTACGAGGCAAG-1,0.874793,0.000077,0.12513
AGCCAAGCTTTGTGTC-1,0.746528,0.096546,0.156926
AGCCACAGGTTACCCG-1,0.752932,0.095871,0.151197
AGCCACTCCCGTGCTT-1,0.00006,0.059005,0.940935
AGCCATATAGTATGTG-1,0.999467,0.000067,0.000466
AGCCCATACATGTAAG-1,0.057482,0.013044,0.929474
AGCCCGCAACAAGCAG-1,0.617855,0.040138,0.342007
AGCCCGCACTACAATG-1,0.999789,0.000026,0.000185
AGCCCGGCATTAGAGG-1,0.370603,0.205959,0.423438
AGCCCGGTAGCCTGTA-1,0.588658,0.227815,0.183527
AGCCCTAAGCGAAGTT-1,0.00263,0.445161,0.552209
AGCCCTCCCTGGTGGC-1,0.666869,0.182464,0.150667
AGCCCTGTCGCACCGT-1,0.061032,0.022409,0.91656
AGCCCTTCTAATCCGA-1,0.050302,0.949064,0.000634
AGCCCTTGGACATCCC-1,0.088059,0.109397,0.802544
AGCCGTGGCTAAATGT-1,0.000052,0.019008,0.98094
AGCCTAATACCCACGT-1,0.013999,0.01505,0.970951
AGCCTTAAAGCGGAAG-1,0.000097,0.190912,0.808991
AGCGACAGGAACGGTC-1,0.058771,0.130299,0.810929
AGCGACATCCCATTCA-1,0.000288,0.894539,0.105173
AGCGACCAACGATATT-1,0.000069,0.081419,0.918512
AGCGACTTTGAAGACA-1,0.785294,0.062811,0.151895
AGCGAGACGTGAAGGC-1,0.569062,0.137624,0.293313
AGCGATGCGCCTAATA-1,0.471102,0.056137,0.472761
AGCGCATAATGAATCG-1,0.578988,0.340231,0.080782
AGCGCGGGTGCCAATG-1,0.000098,0.28775,0.712152
AGCGCTAGAGCGATGT-1,0.03835,0.076426,0.885224
AGCGCTTATGGGCAAG-1,0.010317,0.199975,0.789708
AGCGGACACTTCGTAG-1,0.398056,0.000031,0.601913
AGCGGCGGTTAGCGGT-1,0.000052,0.009259,0.990689
AGCGGGAAGGGTCCAT-1,0.019452,0.583538,0.397009
AGCGGGTCTGACACTC-1,0.865509,0.026982,0.107509
AGCGGTTGCCGCTCTG-1,0.449957,0.055841,0.494202
AGCGTACGAGAGCTAG-1,0.022832,0.551565,0.425603
AGCGTAGCGCTAGACC-1,0.018441,0.344566,0.636993
AGCGTCTGAACCCGCA-1,0.000089,0.108489,0.891423
AGCGTGGTATTCTACT-1,0.112246,0.146377,0.741377
AGCTAACAAGCAATGT-1,0.604521,0.143605,0.251875
AGCTAAGCTCCGTCCG-1,0.451401,0.027715,0.520883
AGCTAAGTACGCAGGC-1,0.968876,0.000031,0.031093
AGCTACGAATGGTGGT-1,0.99967,0.000041,0.000289
AGCTAGAAGCAGAAGT-1,0.000076,0.178918,0.821007
AGCTATTTAATCCAAC-1,0.074974,0.445107,0.479919
AGCTCCATATATGTTC-1,0.104739,0.000015,0.895246
AGCTCCTTCGCACATC-1,0.183453,0.149188,0.667359
AGCTCTAGACGTTCCA-1,0.036436,0.000024,0.96354
AGCTCTTCCCAGTGCA-1,0.026975,0.966969,0.006056
AGCTCTTCGTAACCTT-1,0.020369,0.045925,0.933706
AGCTCTTTACTCAGTT-1,0.020201,0.040098,0.939701
AGCTGAAGTAAACCAA-1,0.00011,0.56252,0.43737
AGCTGTAACCTCAATC-1,0.096021,0.235788,0.668191
AGCTTATAGAGACCTG-1,0.000072,0.060838,0.939089
AGCTTCTTCTCGAGCA-1,0.344641,0.000033,0.655327
AGCTTGATCTTAACTT-1,0.011253,0.20086,0.787887
AGGAAAGCCTCTGATG-1,0.030224,0.788965,0.18081
AGGAACGAACGACTTC-1,0.699825,0.114595,0.18558
AGGAAGCTGTCCGCCG-1,0.255682,0.049632,0.694687
AGGACAGTCGAATCCC-1,0.0574,0.00047,0.94213
AGGACATCGCACGTCG-1,0.004549,0.611642,0.383809
AGGACATCGGCACACT-1,0.701091,0.005163,0.293746
AGGACGACCCATTAGA-1,0.166141,0.094211,0.739648
AGGACGCTCGATGTTG-1,0.000209,0.997037,0.002754
AGGAGACATCCACAGT-1,0.002179,0.587751,0.41007
AGGAGAGTCTGGCTAC-1,0.000032,0.077558,0.92241
AGGAGCGTTTATTATC-1,0.999774,0.000028,0.000198
AGGAGGCCTTCGCGCG-1,0.000035,0.016328,0.983637
AGGATAAAGTCGGGAT-1,0.045179,0.090855,0.863965
AGGATATAGGGATTTA-1,0.000036,0.010033,0.989931
AGGATATCCGACTGCA-1,0.878196,0.000037,0.121767
AGGATCACGCGATCTG-1,0.093099,0.177036,0.729865
AGGATTGCTTACGACA-1,0.000117,0.127748,0.872134
AGGCAAAGAGGAATCA-1,0.042016,0.04202,0.915964
AGGCACGTGACTGTCC-1,0.099104,0.144789,0.756106
AGGCAGATGCGTAAAC-1,0.000107,0.324865,0.675028
AGGCAGGGAGCGTACT-1,0.266831,0.103557,0.629611
AGGCATTGTCGTAGGG-1,0.028521,0.0898,0.881679
AGGCCACATTGGTTAC-1,0.049977,0.048976,0.901047
AGGCCACCCGTTATGA-1,0.020191,0.27184,0.707969
AGGCCCAGTGACTGGT-1,0.021063,0.707404,0.271533
AGGCCCATTGTACAGG-1,0.035771,0.338969,0.625261
AGGCCCTAGAACGCCA-1,0.084499,0.115661,0.799839
AGGCCTATCATACCAA-1,0.78852,0.055982,0.155497
AGGCCTGAGAATCTCG-1,0.570455,0.106442,0.323103
AGGCGATAACTGGCGT-1,0.128583,0.180419,0.690998
AGGCGGTTTGTCCCGC-1,0.063308,0.000293,0.936399
AGGCGTCTATGGACGG-1,0.006139,0.671501,0.32236
AGGCTATGGTTAGCTT-1,0.000117,0.231795,0.768088
AGGCTTAAGTTGCACA-1,0.943217,0.000048,0.056735
AGGCTTCCCGAAGAAG-1,0.048576,0.011667,0.939757
AGGCTTGCTAGACACC-1,0.000151,0.17591,0.823938
AGGGAAACGAGGTACT-1,0.000103,0.716124,0.283773
AGGGACAGCACGGCGG-1,0.000141,0.462828,0.537031
AGGGACCGGCTGCGTT-1,0.091982,0.132767,0.775251
AGGGACTCTACGCGAC-1,0.273434,0.341738,0.384828
AGGGAGACATACTTCG-1,0.000107,0.086944,0.912949
AGGGCAGCGGCGTGGT-1,0.00047,0.215301,0.784229
AGGGCCCTAATGTTCT-1,0.603509,0.004808,0.391683
AGGGCGAGCAGCTGAT-1,0.097158,0.016891,0.885951
AGGGCGTGATCGGCTA-1,0.213576,0.471639,0.314784
AGGGCTGCAGTTACAG-1,0.016828,0.000022,0.98315
AGGGTCAGAGCACTCG-1,0.841201,0.063725,0.095074
AGGGTCAGTAACCCTA-1,0.006066,0.498614,0.49532
AGGGTCGATGCGAACT-1,0.113534,0.076932,0.809535
AGGGTCTGGACGCAGT-1,0.946398,0.00006,0.053543
AGGGTGCCGTTCTTTA-1,0.870529,0.089086,0.040385
AGGGTGCTCTCGAGGG-1,0.010948,0.001204,0.987848
AGGGTGGATAGTGCAT-1,0.020651,0.101273,0.878077
AGGGTTCAGACGGTCC-1,0.880212,0.067035,0.052753
AGGGTTCCCTTTGGTT-1,0.0001,0.220409,0.779491
AGGGTTTAGTTCGGGA-1,0.000056,0.034319,0.965624
AGGTACGATATTGCCA-1,0.047611,0.514501,0.437888
AGGTAGATCGAGATAT-1,0.376603,0.081269,0.542128
AGGTAGGTACAAAGCT-1,0.03567,0.061668,0.902662
AGGTATAATTGATAGT-1,0.096299,0.053168,0.850533
AGGTATGCGGACATTA-1,0.113469,0.021157,0.865374
AGGTCAGGTGAGAGTG-1,0.052199,0.138534,0.809267
AGGTCGCCACTTCGGT-1,0.083988,0.337996,0.578016
AGGTCGCCTCCCAACA-1,0.407647,0.082805,0.509548
AGGTCGCGGAGTTACT-1,0.00005,0.005206,0.994744
AGGTGCACGTCCACAT-1,0.842529,0.000059,0.157412
AGGTGGTGACCTTCGC-1,0.538754,0.029458,0.431789
AGGTGTATCGCCATGA-1,0.070399,0.000106,0.929496
AGGTGTTGCCGACCAC-1,0.216515,0.055641,0.727843
AGGTTACACCATGCCG-1,0.030889,0.041065,0.928046
AGGTTCTCCTTTCCGG-1,0.073636,0.056954,0.86941
AGGTTGAGGCACGCTT-1,0.00575,0.642762,0.351488
AGGTTTCACACACCTT-1,0.073551,0.002868,0.92358
AGTAACGTTCATCCTG-1,0.000068,0.183089,0.816843
AGTAACTATAGCAGCC-1,0.955714,0.027456,0.01683
AGTAAGGGACAGAATC-1,0.999721,0.000035,0.000244
AGTAATCTAAGGGTGG-1,0.847785,0.018172,0.134044
AGTAATGTCTTGCCGC-1,0.000272,0.773288,0.22644
AGTACAGAAGCTTATA-1,0.940405,0.018846,0.040749
AGTACATCATTTATCA-1,0.009324,0.018271,0.972406
AGTACCTTCGAGTGCT-1,0.000107,0.256384,0.743509
AGTACGGCCCGTATCG-1,0.045357,0.018361,0.936282
AGTACGGGCACCTGGC-1,0.000052,0.042201,0.957747
AGTACGTGGCCTGTCT-1,0.000058,0.105951,0.893991
AGTACTCTTATGCCCA-1,0.047285,0.089542,0.863173
AGTAGAAGGCGCCTCA-1,0.362797,0.000037,0.637166
AGTAGGAAGGAAGTTG-1,0.069415,0.819712,0.110873
AGTATAATACTAGGCA-1,0.000079,0.09168,0.908241
AGTATACACAGCGACA-1,0.929105,0.009413,0.061481
AGTATCCATAATAACG-1,0.005786,0.301582,0.692633
AGTATGCTGGAGACCA-1,0.057695,0.121258,0.821047
AGTATTTGGCACGACC-1,0.622561,0.120271,0.257168
AGTCAAATGATGTGAT-1,0.674862,0.133872,0.191266
AGTCAACACCACCATC-1,0.000046,0.054079,0.945875
AGTCAAGATGACACTT-1,0.074238,0.049022,0.876739
AGTCACTAGCTCTCGA-1,0.048684,0.14407,0.807245
AGTCACTCCGCCTCAT-1,0.018609,0.176964,0.804427
AGTCAGCCACCGCCTG-1,0.149359,0.525076,0.325566
AGTCCAGCGGGTACGT-1,0.015408,0.054584,0.930008
AGTCCATTGGCTGATG-1,0.000082,0.089603,0.910315
AGTCCCGCCTTTAATT-1,0.000225,0.881023,0.118752
AGTCCCTCGCAGAAAG-1,0.062769,0.390084,0.547147
AGTCGAATTAGCGTAA-1,0.257421,0.117982,0.624597
AGTCGACGGTCTCAAG-1,0.029972,0.000029,0.969999
AGTCGGCCCAAACGAC-1,0.000081,0.075658,0.924261
AGTCGGCTCAACTTTA-1,0.003059,0.058355,0.938586
AGTCGGTTGCGTGAGA-1,0.008026,0.000017,0.991957
AGTCGTATAAAGCAGA-1,0.963566,0.000058,0.036377
AGTCGTCGACCACCAA-1,0.153981,0.053175,0.792844
AGTCGTGGGCATTACG-1,0.064558,0.065766,0.869676
AGTCTAAAGTATACTC-1,0.027844,0.104371,0.867786
AGTCTCACAAGACTAC-1,0.152488,0.155005,0.692507
AGTCTGGACATCCTTG-1,0.001681,0.700581,0.297738
AGTCTTCTCCTCAAAT-1,0.000099,0.234296,0.765605
AGTCTTTAAAGTGTCC-1,0.811791,0.000042,0.188167
AGTGAACAAACTTCTC-1,0.000061,0.016811,0.983128
AGTGAAGATGGTGTCC-1,0.000043,0.187628,0.812329
AGTGACCTACTTTACG-1,0.053512,0.487081,0.459407
AGTGACTGTGACACAA-1,0.712871,0.280294,0.006835
AGTGAGACTTCCAGTA-1,0.014735,0.068328,0.916938
AGTGAGCCTCGCCGCC-1,0.000115,0.118087,0.881798
AGTGAGGGTTTCTGAC-1,0.017127,0.73642,0.246452
AGTGAGTCGAATTAAC-1,0.766527,0.018907,0.214566
AGTGATAACCTGCGCG-1,0.262078,0.011082,0.72684
AGTGATATGAGTAGTT-1,0.07962,0.075309,0.84507
AGTGATTCAAGCAGGA-1,0.009993,0.003712,0.986296
AGTGCACGCTTAAGAA-1,0.000038,0.018417,0.981545
AGTGCGTAGCTCGTAA-1,0.032793,0.105864,0.861344
AGTGCTAAACACAGCA-1,0.563337,0.086568,0.350095
AGTGCTTGCACGAATA-1,0.014549,0.077446,0.908006
AGTGGCCCGCAAATGG-1,0.588991,0.000035,0.410974
AGTGGCGGCAATTTGA-1,0.000076,0.086852,0.913073
AGTGGCGTCTGAAGGT-1,0.306381,0.0465,0.647119
AGTGGCTCCGTCGGCC-1,0.006821,0.003119,0.99006
AGTGGTGTTACCCGTG-1,0.136674,0.000024,0.863303
AGTGGTTGCGTATAGG-1,0.192884,0.083865,0.72325
AGTGTATTGCGCATTG-1,0.012308,0.734353,0.253339
AGTGTGCTAAGATCGC-1,0.056714,0.29607,0.647216
AGTGTGGTCTATTGTG-1,0.000158,0.295382,0.70446
AGTTAAACACTTGCGA-1,0.029306,0.027032,0.943662
AGTTAAGCGGTCCCGG-1,0.026545,0.417565,0.55589
AGTTAAGTCAACCGCT-1,0.024542,0.144706,0.830752
AGTTACCCTTAAGACT-1,0.000097,0.086264,0.913639
AGTTACCGCACATGGT-1,0.049653,0.176371,0.773976
AGTTATTCAGACTGTG-1,0.999484,0.000065,0.000452
AGTTCACCGGTTGGAC-1,0.000081,0.11119,0.888729
AGTTCCTACAGAATTA-1,0.00009,0.006946,0.992964
AGTTCCTATTTATGTT-1,0.000052,0.000026,0.999922
AGTTCTGCGTTGTATC-1,0.027249,0.240482,0.732269
AGTTGACATCGGCTGG-1,0.067495,0.72858,0.203925
AGTTGACGGTCCTTGC-1,0.916514,0.079996,0.00349
AGTTGCTGACTGATAT-1,0.143452,0.715384,0.141164
AGTTGGCAAGGCTAGA-1,0.805127,0.059277,0.135596
AGTTTATGTAAAGACA-1,0.064697,0.293281,0.642022
AGTTTCGCAGGTCGGA-1,0.000274,0.831942,0.167784
AGTTTGCACCTGCCTC-1,0.424292,0.173305,0.402403
AGTTTGGCACGGGTTG-1,0.064602,0.100146,0.835252
AGTTTGGCCAGACCTA-1,0.056766,0.000712,0.942523
ATAAACCATTGGACGG-1,0.006849,0.15738,0.835771
ATAAACGGACCCGTAA-1,0.042402,0.004391,0.953207
ATAAACGTTGCACCAC-1,0.092299,0.1576,0.750101
ATAAAGGCTCGGTCGT-1,0.012865,0.000018,0.987117
ATAAAGGTCAAGTACG-1,0.000105,0.193533,0.806363
ATAAATATTAGCAGCT-1,0.05996,0.031201,0.908839
ATAACGCCGGAGGGTC-1,0.000081,0.093179,0.906739
ATAACGGAGTCCAACG-1,0.000074,0.060655,0.939271
ATAACGTTACCTCCAC-1,0.007396,0.217325,0.775279
ATAAGGTGGAGAACAT-1,0.000041,0.037621,0.962339
ATAAGTACCCGATTGT-1,0.000036,0.08814,0.911824
ATAAGTAGGATTCAGA-1,0.000084,0.118699,0.881217
ATAAGTAGGGCGACTC-1,0.020978,0.055887,0.923136
ATAAGTTACCGCGACG-1,0.18499,0.113513,0.701497
ATAATACCGTTAGCCG-1,0.069254,0.71291,0.217837
ATAATAGCTGTTGAAT-1,0.018043,0.084997,0.896961
ATAATAGTGTAGGGAC-1,0.00006,0.024799,0.975141
ATAATCTTGGAGAACC-1,0.549501,0.066029,0.384469
ATAATTAGCTAAGTAG-1,0.890484,0.109096,0.000419
ATACAGGCCCTCCAAT-1,0.110417,0.000017,0.889566
ATACCACGGGCAACTT-1,0.000045,0.000023,0.999932
ATACCAGCAAATTGCT-1,0.000033,0.000405,0.999562
ATACCAGGCTAATAGA-1,0.119988,0.230963,0.649049
ATACCAGGTGAGCGAT-1,0.015717,0.114457,0.869826
ATACCCTGGCTCAAAT-1,0.000083,0.188925,0.810993
ATACCGTCATCCATAA-1,0.014895,0.596053,0.389052
ATACCTAACCAAGAAA-1,0.223996,0.10727,0.668733
ATACGAAGGCTTTCCA-1,0.006397,0.008446,0.985157
ATACGAGGTTTGTAAG-1,0.950206,0.049042,0.000751
ATACGCCGATCTACCG-1,0.000078,0.062523,0.937399
ATACGCCGGCGAAACC-1,0.083088,0.015906,0.901006
ATACGGAACGTCGTTT-1,0.058439,0.195233,0.746328
ATACGGGTTTCGATTG-1,0.000082,0.132629,0.86729
ATACGGTGAAGATGCA-1,0.064961,0.061601,0.873438
ATACGTACTTAGCCAC-1,0.165205,0.000021,0.834775
ATACGTCCACTCCTGT-1,0.097183,0.116231,0.786587
ATACGTTATGCACGGA-1,0.672866,0.257952,0.069182
ATACTACCCGTACCAC-1,0.147066,0.030751,0.822183
ATACTAGCATGACCCT-1,0.000094,0.124742,0.875164
ATACTCTCGCCACTCT-1,0.057606,0.729974,0.21242
ATACTGCCTTACACCG-1,0.28207,0.448086,0.269844
ATACTTGTTCTCGAGC-1,0.000124,0.108552,0.891324
ATAGACAACGGGACCT-1,0.000065,0.046157,0.953778
ATAGACGAAGAGAAAG-1,0.085902,0.069542,0.844556
