Barcode,Topic 1,Topic 2,Topic 3,Topic 4to5,Topic 6to7,Topic 8,Topic 9,Topic 10,Topic 11to12
AAACAAGTATCTCCCA-1,0.199988,0.051746,0.044672,0.053211,0.084088,0.565473,0.000023,0.000023,0.000776
AAACACCAATAACTGC-1,0.000547,0.251697,0.057859,0.05138,0.021448,0.026452,0.458821,0.129769,0.002026
AAACAGAGCGACTCCT-1,0.000032,0.010418,0.000174,0.082594,0.000063,0.041682,0.366289,0.183033,0.315715
AAACAGCTTTCAGAAG-1,0.000019,0.002752,0.000019,0.66714,0.004613,0.00612,0.183399,0.002988,0.132951
AAACAGGGTCTATATT-1,0.000025,0.136718,0.000025,0.032349,0.17099,0.000025,0.157311,0.095231,0.407327
AAACAGTGTTCCTGGG-1,0.024049,0.521651,0.145809,0.000024,0.000024,0.000121,0.308284,0.000012,0.000024
AAACATGGTGAGAGGA-1,0.06021,0.366795,0.00948,0.154678,0.055266,0.079966,0.119541,0.053681,0.100382
AAACATTTCCCGGATT-1,0.362552,0.005283,0.344789,0.054285,0.06234,0.048708,0.030076,0.026905,0.065063
AAACCACTACACAGAT-1,0.000027,0.104923,0.017465,0.320851,0.000054,0.187294,0.107266,0.038295,0.223826
AAACCCGAACGAAATC-1,0.236304,0.007724,0.061008,0.073306,0.137466,0.055336,0.182796,0.03085,0.21521
AAACCGGAAATGTTAA-1,0.137698,0.055649,0.084194,0.060989,0.275698,0.044562,0.223554,0.003872,0.113784
AAACCGGGTAGGTACC-1,0.014725,0.043183,0.000178,0.043021,0.023644,0.05107,0.36448,0.000951,0.458748
AAACCGTTCGTCCAGG-1,0.000364,0.055577,0.135373,0.00235,0.028665,0.451286,0.191782,0.007983,0.12662
AAACCTAAGCAGCCGG-1,0.788858,0.002135,0.000025,0.00005,0.208809,0.000025,0.000025,0.000025,0.00005
AAACCTCATGAAGTTG-1,0.000027,0.000027,0.000027,0.211558,0.000054,0.10866,0.024699,0.026718,0.62823
AAACGAAGAACATACC-1,0.000035,0.000035,0.01095,0.016676,0.000071,0.146906,0.310711,0.000035,0.514579
AAACGAAGATGGAGTA-1,0.000045,0.325919,0.032692,0.091364,0.002682,0.06803,0.347131,0.000045,0.13209
AAACGACAGTCTTGCC-1,0.000021,0.081776,0.035979,0.38199,0.000082,0.154446,0.084193,0.029868,0.231644
AAACGAGACGGTTGAT-1,0.043564,0.000925,0.026148,0.000076,0.000076,0.20147,0.596564,0.001808,0.129367
AAACGCCCGAGATCGG-1,0.000024,0.000024,0.000024,0.375298,0.037924,0.113699,0.001336,0.110311,0.36136
AAACGCTGGGCACGAC-1,0.308694,0.14054,0.006139,0.049537,0.352269,0.012182,0.072488,0.002509,0.05564
AAACGGGCGTACGGGT-1,0.393465,0.000043,0.40265,0.000085,0.000085,0.000043,0.203502,0.000043,0.000085
AAACGGTTGCGAACTG-1,0.005362,0.078518,0.240131,0.275303,0.069795,0.042571,0.113776,0.076874,0.09767
AAACGTGTTCGCCCTA-1,0.001039,0.135025,0.000019,0.023235,0.097725,0.235269,0.000263,0.424653,0.082772
AAACTAACGTGGCGAC-1,0.013188,0.027305,0.006738,0.123071,0.063981,0.004808,0.142953,0.21109,0.406866
AAACTCGGTTCGCAAT-1,0.085821,0.046022,0.343586,0.196007,0.159788,0.119795,0.003223,0.00953,0.036227
AAACTCGTGATATAAG-1,0.000022,0.06985,0.061077,0.22834,0.027335,0.029976,0.24111,0.018558,0.323732
AAACTGCTGGCTCCAA-1,0.00082,0.00002,0.171939,0.047199,0.018683,0.006187,0.244846,0.021535,0.48877
AAACTTAATTGCACGC-1,0.014212,0.170299,0.001023,0.461309,0.035765,0.195997,0.000892,0.079921,0.040582
AAACTTGCAAACGTAT-1,0.01135,0.026013,0.000036,0.015693,0.061156,0.121454,0.558395,0.046277,0.159628
AAAGAATGACCTTAGA-1,0.007539,0.380842,0.011944,0.125949,0.117974,0.129958,0.087107,0.00023,0.138457
AAAGAATGTGGACTAA-1,0.797495,0.007097,0.057138,0.002799,0.094406,0.000029,0.004282,0.03672,0.000034
AAAGACATGAAGTTTA-1,0.000035,0.005296,0.000257,0.380366,0.060696,0.111752,0.059791,0.023212,0.358594
AAAGACCCAAGTCGCG-1,0.000061,0.000061,0.008607,0.164371,0.000122,0.083954,0.218579,0.000061,0.524182
AAAGACTGGGCGCTTT-1,0.000082,0.002082,0.000082,0.000165,0.059832,0.200847,0.583776,0.000082,0.153052
AAAGCTTGCCTACATA-1,0.002833,0.238428,0.063538,0.056415,0.120739,0.056071,0.150001,0.051691,0.260284
AAAGGCCCTATAATAC-1,0.009886,0.498729,0.018462,0.03972,0.24425,0.00001,0.141119,0.046428,0.001396
AAAGGCTACGGACCAT-1,0.081937,0.151735,0.105191,0.025809,0.128058,0.229927,0.217091,0.00003,0.060222
AAAGGCTCTCGCGCCG-1,0.036508,0.013339,0.053445,0.026246,0.154921,0.635658,0.000025,0.028538,0.051319
AAAGGGATGTAGCAAG-1,0.000836,0.055838,0.000018,0.012419,0.009948,0.227075,0.283396,0.067004,0.343467
AAAGGGCAGCTTGAAT-1,0.000058,0.000058,0.000239,0.20135,0.000115,0.08351,0.305966,0.000058,0.408647
AAAGGTAAGCTGTACC-1,0.000034,0.042987,0.000034,0.014781,0.00218,0.042753,0.254906,0.235303,0.407022
AAAGGTCAACGACATG-1,0.000023,0.037584,0.002887,0.543617,0.15028,0.006045,0.076006,0.037295,0.146265
AAAGTAGCATTGCTCA-1,0.015979,0.148351,0.00003,0.000059,0.02241,0.784791,0.00003,0.027403,0.000948
AAAGTCACTGATGTAA-1,0.000035,0.000035,0.000035,0.194282,0.00007,0.037067,0.158464,0.001543,0.608469
AAAGTCGACCCTCAGT-1,0.00004,0.032629,0.00004,0.079004,0.017686,0.068031,0.15826,0.00004,0.644268
AAAGTGCCATCAATTA-1,0.182378,0.001697,0.000008,0.000016,0.79964,0.01623,0.000008,0.000008,0.000016
AAAGTGTGATTTATCT-1,0.039114,0.000033,0.192021,0.033282,0.212518,0.017239,0.257959,0.000033,0.247802
AAAGTTGACTCCCGTA-1,0.013639,0.000014,0.073889,0.079804,0.030789,0.013037,0.094044,0.04901,0.645774
AAATAACCATACGGGA-1,0.000043,0.018153,0.000043,0.000617,0.000085,0.240482,0.150129,0.118002,0.472446
AAATAAGGTAGTGCCC-1,0.002564,0.121288,0.154209,0.001441,0.000051,0.264491,0.300105,0.096423,0.059428
AAATACCTATAAGCAT-1,0.030451,0.000035,0.128235,0.000071,0.001185,0.135426,0.406199,0.001742,0.296656
AAATAGCTTAGACTTT-1,0.046293,0.022692,0.149017,0.058319,0.120587,0.101632,0.060825,0.113174,0.32746
AAATAGGGTGCTATTG-1,0.220341,0.000017,0.014144,0.08555,0.052006,0.146147,0.083911,0.040819,0.357063
AAATCACTCCTAAACG-1,0.034781,0.175332,0.000018,0.075369,0.706432,0.000018,0.000018,0.007994,0.000037
AAATCCGATACACGCC-1,0.192586,0.000661,0.01512,0.210267,0.565169,0.000009,0.000009,0.014161,0.002018
AAATCGCGGAAGGAGT-1,0.000028,0.069023,0.015405,0.247443,0.000055,0.107756,0.471439,0.000028,0.088823
AAATCGTGTACCACAA-1,0.000019,0.00121,0.00448,0.008664,0.086408,0.144111,0.036258,0.042391,0.676459
AAATCTAGCCCTGCTA-1,0.081063,0.001871,0.218824,0.16442,0.21807,0.131527,0.029199,0.008337,0.146687
AAATCTGCCCGCGTCC-1,0.030311,0.387478,0.071425,0.127183,0.011856,0.244938,0.078531,0.000024,0.048253
AAATGACTGATCAAAC-1,0.042387,0.031056,0.010575,0.039556,0.837399,0.03339,0.002095,0.00021,0.003331
AAATGATTCGATCAGC-1,0.000024,0.041661,0.009988,0.02897,0.035342,0.130011,0.275105,0.128238,0.35066
AAATGCTCGTTACGTT-1,0.125446,0.024127,0.000197,0.000394,0.000394,0.063748,0.379523,0.000197,0.405974
AAATGGCATGTCTTGT-1,0.000059,0.14424,0.000059,0.000117,0.013827,0.160187,0.173725,0.000349,0.507437
AAATGGCCCGTGCCCT-1,0.000023,0.028052,0.000023,0.310589,0.023851,0.058132,0.19782,0.091425,0.290086
AAATGGTCAATGTGCC-1,0.000024,0.045535,0.003949,0.000048,0.000048,0.722759,0.021659,0.169723,0.036256
AAATGTGGGTGCTCCT-1,0.000111,0.22375,0.000111,0.000222,0.000222,0.263134,0.512116,0.000111,0.000222
AAATTAACGGGTAGCT-1,0.016634,0.034491,0.01635,0.038817,0.029554,0.034733,0.194496,0.024837,0.610089
AAATTAATAAGCGCGA-1,0.090634,0.153638,0.000057,0.022045,0.081476,0.141382,0.495736,0.000057,0.014976
AAATTACACGACTCTG-1,0.000036,0.005957,0.000036,0.059768,0.07463,0.000036,0.205665,0.203081,0.45079
AAATTACCTATCGATG-1,0.03541,0.06611,0.014877,0.004035,0.028553,0.272303,0.289877,0.038842,0.249992
AAATTCCAGGTCCAAA-1,0.010228,0.065926,0.061848,0.006299,0.177389,0.020025,0.100366,0.167175,0.390743
AAATTGATAGTCCTTT-1,0.000015,0.013874,0.000015,0.093351,0.011384,0.049202,0.025286,0.393249,0.413625
AAATTGGTGAGAAGCA-1,0.009014,0.342349,0.008854,0.000046,0.000046,0.558138,0.04001,0.041072,0.000471
AAATTTACCGAAATCC-1,0.00004,0.00004,0.00004,0.059843,0.08129,0.030712,0.152549,0.174786,0.5007
AAATTTGCGGGTGTGG-1,0.000021,0.021834,0.000021,0.041013,0.000042,0.043925,0.386434,0.117905,0.388805
AACAACTGGTAGTTGC-1,0.000022,0.000022,0.000022,0.056536,0.000044,0.215977,0.001351,0.210266,0.51576
AACAATACATTGTCGA-1,0.000009,0.015202,0.009808,0.137297,0.266655,0.009694,0.019999,0.200359,0.340976
AACAATTACTCTACGC-1,0.000049,0.000049,0.000049,0.004956,0.000098,0.669161,0.015448,0.000049,0.310141
AACACACGCTCGCCGC-1,0.065612,0.000023,0.219095,0.077637,0.319784,0.005253,0.047188,0.000024,0.265383
AACACGACTGTACTGA-1,0.000035,0.000035,0.000035,0.089939,0.000071,0.004468,0.079585,0.002365,0.823466
AACACGAGACGCGGCC-1,0.000012,0.000012,0.000012,0.078182,0.146492,0.022292,0.020091,0.31782,0.415089
AACAGCTGTGTGGCAA-1,0.001967,0.094054,0.004348,0.019054,0.039404,0.349759,0.000089,0.460194,0.031131
AACAGGAAATCGAATA-1,0.013444,0.011368,0.002037,0.034871,0.000095,0.093747,0.505231,0.05067,0.288539
AACAGGATGGGCCGCG-1,0.00005,0.00005,0.00005,0.0001,0.0001,0.027625,0.36368,0.00005,0.608294
AACAGGTAGTATGGAT-1,0.031489,0.035184,0.020947,0.06727,0.459114,0.117881,0.073047,0.002656,0.192413
AACATAGCGTGTATCG-1,0.948328,0.0023,0.023046,0.000044,0.000044,0.000022,0.026149,0.000022,0.000044
AACATATCAACTGGTG-1,0.00002,0.022111,0.052505,0.021105,0.055981,0.253996,0.137112,0.019608,0.437562
AACATCGATACGTCTA-1,0.000011,0.000011,0.000011,0.03907,0.043572,0.000133,0.013677,0.424708,0.478807
AACATTGAAGTTGATC-1,0.030484,0.470431,0.025537,0.030097,0.015075,0.212936,0.01539,0.190976,0.009075
AACATTGTGACTCGAG-1,0.008124,0.110342,0.379662,0.015535,0.008965,0.024698,0.442951,0.000032,0.009691
AACCAAGACTTCTCTG-1,0.007141,0.030932,0.000034,0.079603,0.008426,0.616288,0.033239,0.000034,0.224302
AACCAGTATCACTCTT-1,0.000056,0.012609,0.000056,0.233643,0.055247,0.004775,0.21781,0.031636,0.444167
AACCATAGGGTTGAAC-1,0.000207,0.279008,0.021246,0.388734,0.063428,0.002113,0.10514,0.013532,0.126591
AACCATGGGATCGCTA-1,0.000114,0.167538,0.000114,0.000228,0.000228,0.028058,0.138401,0.000114,0.665204
AACCCAGAGACGGAGA-1,0.029163,0.000041,0.00528,0.039705,0.000082,0.184467,0.197573,0.000041,0.543647
AACCCATCCCATGATC-1,0.045621,0.120761,0.026189,0.289847,0.010512,0.018708,0.407582,0.03382,0.046959
AACCCGACAACCCGTG-1,0.017973,0.172377,0.131806,0.196016,0.326161,0.076386,0.036999,0.000959,0.041322
AACCCGAGCAGAATCG-1,0.024577,0.030877,0.105199,0.116873,0.642045,0.065551,0.002532,0.000554,0.011792
AACCCGATAGGGCTTC-1,0.000034,0.260114,0.000034,0.229595,0.003651,0.114676,0.147481,0.066108,0.178307
AACCCGCTGTATTCCA-1,0.243837,0.282158,0.090072,0.002681,0.244566,0.068692,0.064866,0.000016,0.003112
AACCCTACTGTCAATA-1,0.027475,0.000023,0.115137,0.015779,0.045622,0.31278,0.212498,0.000023,0.270663
AACCCTGGTGGAACCA-1,0.000032,0.007924,0.003127,0.132936,0.067958,0.018884,0.022066,0.075382,0.671691
AACCGAGCTTGGTCAT-1,0.07673,0.047604,0.000023,0.00692,0.038769,0.207786,0.16216,0.038601,0.421407
AACCGCTAAGGGATGC-1,0.044571,0.000018,0.057468,0.041481,0.468039,0.11386,0.09501,0.000018,0.179534
AACCGTTGTGTTTGCT-1,0.000054,0.000054,0.000054,0.104653,0.000108,0.106989,0.418358,0.002928,0.366801
AACCTAAAGCCGTCCG-1,0.000067,0.006372,0.000067,0.21328,0.000134,0.129858,0.078819,0.000067,0.571336
AACCTCGCTTTAGCCC-1,0.557097,0.000013,0.000013,0.133754,0.241031,0.000889,0.000013,0.00944,0.057749
AACCTGTCACGGAATT-1,0.053676,0.106263,0.152359,0.070248,0.046552,0.170764,0.138251,0.117314,0.144572
AACCTTTAAATACGGT-1,0.000042,0.000042,0.262345,0.000085,0.000085,0.09471,0.394193,0.000042,0.248455
AACCTTTACGACGTCT-1,0.00004,0.007073,0.016835,0.004024,0.00008,0.183024,0.452064,0.127596,0.209263
AACGAAAGTCGTCCCA-1,0.000014,0.053817,0.013946,0.46328,0.017324,0.007578,0.314448,0.006018,0.123576
AACGACCTCCTAGCCG-1,0.191961,0.050107,0.203547,0.23832,0.069482,0.001804,0.001189,0.069974,0.173617
AACGATAATGCCGTAG-1,0.0998,0.00002,0.129537,0.079979,0.100463,0.009577,0.112921,0.00002,0.467684
AACGATAGAAGGGCCG-1,0.000039,0.000039,0.000039,0.306048,0.000077,0.000039,0.008592,0.006078,0.67905
AACGATATGTCAACTG-1,0.037566,0.011544,0.011136,0.00006,0.00006,0.215594,0.28146,0.01537,0.427209
AACGCATGATCTGGGT-1,0.06061,0.022941,0.034388,0.151622,0.046211,0.011674,0.135094,0.079696,0.457763
AACGCGACCTTGGGCG-1,0.002123,0.170338,0.146853,0.079181,0.444733,0.122196,0.025398,0.000019,0.00916
AACGCGGTCTCCAGCC-1,0.026458,0.04591,0.000037,0.000074,0.000074,0.638772,0.029219,0.087956,0.171501
AACGCTGTTGCTGAAA-1,0.243477,0.000028,0.034562,0.111149,0.079754,0.202498,0.033099,0.037985,0.257448
AACGGACGTACGTATA-1,0.017221,0.000015,0.176621,0.109389,0.278981,0.010411,0.020829,0.008902,0.377631
AACGGCCATCTCCGGT-1,0.035345,0.107817,0.000019,0.003188,0.09631,0.421147,0.008628,0.029916,0.297631
AACGTACTGTGGGTAC-1,0.004674,0.043233,0.007555,0.042616,0.083687,0.00283,0.230058,0.026974,0.558372
AACGTCAGACTAGTGG-1,0.00004,0.00004,0.00004,0.029632,0.000081,0.075189,0.282632,0.014363,0.597982
AACGTCATCCGGCTTG-1,0.057332,0.081646,0.39389,0.000063,0.000063,0.033912,0.432999,0.000032,0.000063
AACGTCGCTGCACTTC-1,0.9999,0.000009,0.000009,0.000018,0.000018,0.000009,0.000009,0.000009,0.000018
AACGTGATGAAGGACA-1,0.000026,0.000026,0.000026,0.085244,0.048968,0.447556,0.000026,0.125998,0.292129
AACGTGCGAAAGTCTC-1,0.104676,0.015461,0.032426,0.000048,0.022361,0.092373,0.257079,0.037202,0.438374
AACGTTATCAGCACCT-1,0.063393,0.003527,0.000084,0.122181,0.090882,0.141606,0.232588,0.000084,0.345655
AACGTTCTACCATTGT-1,0.373105,0.212997,0.024375,0.00095,0.006634,0.379322,0.000017,0.000017,0.002582
AACTACCCGTTTGTCA-1,0.000014,0.000011,0.010624,0.130756,0.462984,0.032281,0.009764,0.011556,0.34201
AACTAGCGTATCGCAC-1,0.034259,0.00004,0.00004,0.054293,0.019345,0.311003,0.039071,0.00004,0.541909
AACTAGGCTTGGGTGT-1,0.003324,0.024376,0.147652,0.000084,0.000084,0.254807,0.484805,0.000042,0.084827
AACTCAAGTTAATTGC-1,0.000029,0.004673,0.010462,0.003982,0.000058,0.321266,0.432592,0.057225,0.169714
AACTCCAGAGCGTGTT-1,0.357994,0.002522,0.27931,0.138881,0.005061,0.080916,0.018485,0.000032,0.116799
AACTCCTAATCCCATG-1,0.000026,0.072565,0.000026,0.006387,0.042002,0.003233,0.066401,0.21804,0.591323
AACTCTCAATAGAGCG-1,0.000024,0.000024,0.127365,0.11034,0.076715,0.178988,0.041846,0.022943,0.441756
AACTCTCAGTGTGCTC-1,0.012171,0.073635,0.049118,0.034644,0.149592,0.039017,0.190508,0.010732,0.440583
AACTGAGGTCAGCGTC-1,0.000032,0.055068,0.000032,0.218407,0.001094,0.006048,0.218971,0.223926,0.276421
AACTGAGTTATACTGA-1,0.07659,0.231293,0.172446,0.000044,0.022029,0.432153,0.056181,0.008602,0.000663
AACTGATATTAGGCCT-1,0.000061,0.09743,0.000061,0.000122,0.020824,0.087839,0.632631,0.001451,0.159581
AACTGGGTCCCGACGT-1,0.000037,0.000037,0.001132,0.002962,0.047728,0.050886,0.501087,0.023644,0.372488
AACTGGGTTCGAGCCG-1,0.000045,0.000045,0.000045,0.07978,0.01317,0.00626,0.161334,0.017281,0.722039
AACTGGTGTGGGCCTT-1,0.019974,0.032489,0.000108,0.000216,0.000216,0.189495,0.757178,0.000108,0.000216
AACTTCTGCGTCTATC-1,0.000076,0.000076,0.000076,0.063468,0.007204,0.15226,0.166888,0.000076,0.609875
AACTTGCCCGTATGCA-1,0.000048,0.000048,0.000048,0.018369,0.000096,0.017347,0.207171,0.000048,0.756827
AACTTTACGGGAGCTT-1,0.055452,0.293416,0.000096,0.000193,0.086887,0.177125,0.336025,0.000096,0.05071
AACTTTAGCTGCTGAG-1,0.231422,0.139789,0.000112,0.000225,0.000225,0.542922,0.084969,0.000112,0.000225
AACTTTCTCGATCATG-1,0.077705,0.090847,0.007343,0.079823,0.099046,0.069794,0.01871,0.366424,0.190307
AAGAAAGTTTGATGGG-1,0.000013,0.312294,0.014566,0.271238,0.002614,0.115916,0.184782,0.000013,0.098564
AAGAAATCACCAGATT-1,0.003543,0.187747,0.083495,0.080625,0.055816,0.031827,0.369827,0.051232,0.135887
AAGACATACGTGGTTT-1,0.264908,0.033429,0.176841,0.176467,0.298081,0.018157,0.005042,0.015142,0.011933
AAGACCAAATAACTCA-1,0.019983,0.160653,0.019531,0.360536,0.031075,0.062691,0.244389,0.000535,0.100607
AAGACCCAACTGAACA-1,0.002212,0.035336,0.278851,0.067848,0.05077,0.165842,0.149264,0.078777,0.171101
AAGACTCACGCCCACT-1,0.000068,0.033747,0.000068,0.162025,0.059388,0.432068,0.005715,0.000068,0.306855
AAGACTGCAAGCTACT-1,0.02902,0.000025,0.056008,0.026704,0.026015,0.002421,0.231719,0.018325,0.609763
AAGAGATGAATCGGTA-1,0.000035,0.000035,0.000035,0.187077,0.00007,0.000035,0.077528,0.009796,0.72539
AAGAGCTCTTTATCGG-1,0.062015,0.026656,0.007282,0.00007,0.00007,0.882816,0.0196,0.00005,0.001442
AAGAGGATGTACGCGA-1,0.000019,0.000019,0.000019,0.051184,0.027403,0.000019,0.053793,0.249816,0.617725
AAGAGGCATGGATCGC-1,0.048636,0.001507,0.001668,0.000032,0.049187,0.259155,0.090204,0.227139,0.322472
AAGAGGCCCTTTGGAA-1,0.22852,0.098543,0.432692,0.014219,0.052651,0.067679,0.100595,0.000037,0.005065
AAGATGGCACCGGACC-1,0.043394,0.219264,0.020652,0.013472,0.232659,0.188874,0.049224,0.027006,0.205455
AAGATTGGCGGAACGT-1,0.002141,0.158358,0.013529,0.004535,0.034746,0.076674,0.270055,0.021714,0.418248
AAGCACCCTGCGTATC-1,0.2547,0.179588,0.019615,0.000147,0.088575,0.390112,0.014278,0.000073,0.052912
AAGCATACTCTCCTGA-1,0.00003,0.00003,0.260079,0.027267,0.000061,0.182334,0.266571,0.00003,0.263597
AAGCCACTTGCAGGTA-1,0.004088,0.139905,0.013394,0.017679,0.77482,0.000006,0.045064,0.003734,0.001311
AAGCCGAAGCGGTTTA-1,0.061578,0.010948,0.010012,0.113956,0.312773,0.058326,0.003154,0.052448,0.376804
AAGCCGCCGTGAAATC-1,0.095707,0.512127,0.001262,0.036791,0.102577,0.054205,0.012322,0.167164,0.017844
AAGCCGCTTTACCTTG-1,0.000009,0.011143,0.005057,0.107575,0.322572,0.000009,0.050534,0.122586,0.380515
AAGCCGGAGAGCAGGA-1,0.029345,0.146431,0.1723,0.059094,0.123098,0.03995,0.207374,0.084894,0.137515
AAGCGCAGGGCTTTGA-1,0.284238,0.25818,0.120724,0.009637,0.224192,0.02577,0.07709,0.000034,0.000137
AAGCGGAGTGCGCGCA-1,0.019096,0.152247,0.026746,0.118852,0.018606,0.000023,0.471707,0.139847,0.052878
AAGCGGCGTCATGGGT-1,0.000039,0.030646,0.000039,0.141245,0.00013,0.000039,0.248646,0.366987,0.21223
AAGCGTCCCTCATCGA-1,0.015759,0.136682,0.088802,0.000081,0.093023,0.221537,0.398954,0.000041,0.045122
AAGCTAGATCGAGTAA-1,0.007696,0.00003,0.211251,0.034153,0.01364,0.129635,0.211932,0.004016,0.387648
AAGCTATGGATTGACC-1,0.074826,0.493241,0.002215,0.140208,0.003514,0.170107,0.105311,0.000062,0.010515
AAGCTCGTGCCAAGTC-1,0.019354,0.033732,0.063871,0.000888,0.000057,0.762239,0.018328,0.011791,0.089741
AAGCTCTTTCATGGTG-1,0.340446,0.000041,0.188509,0.000082,0.000082,0.455895,0.002513,0.000041,0.012392
AAGGAGAACTTATAAG-1,0.021381,0.132725,0.000112,0.000225,0.000225,0.192483,0.547204,0.000112,0.105533
AAGGAGCGGTTGGTGC-1,0.000028,0.003788,0.019484,0.043679,0.001299,0.16216,0.290833,0.248123,0.230607
AAGGATCGATCGCTTG-1,0.000018,0.007599,0.093948,0.256878,0.171898,0.103629,0.142315,0.025211,0.198503
AAGGATGAGGGACCTC-1,0.000009,0.000009,0.000009,0.038217,0.224628,0.000009,0.002851,0.084276,0.649992
AAGGCAGGCTGTCTCC-1,0.002913,0.096776,0.217896,0.108719,0.170127,0.04366,0.250124,0.00345,0.106333
AAGGCGCGTAAAGCTT-1,0.000043,0.000043,0.000043,0.000283,0.000086,0.358823,0.306782,0.000043,0.333852
AAGGCTGTGCTCATCG-1,0.000031,0.006571,0.033117,0.012242,0.000061,0.130965,0.366999,0.229765,0.22025
AAGGGAACGACTGGCT-1,0.000006,0.220088,0.004206,0.506417,0.023165,0.002213,0.051889,0.168252,0.023764
AAGGGACAGATTCTGT-1,0.005311,0.002893,0.077009,0.023026,0.094722,0.069983,0.298687,0.057444,0.370925
AAGGGACTATGCATTC-1,0.000011,0.234264,0.000046,0.006635,0.182202,0.007261,0.04259,0.521283,0.005707
AAGGGTTAGCCATGCG-1,0.822329,0.115076,0.001042,0.000032,0.000032,0.061426,0.000016,0.000016,0.000032
AAGGGTTTGATTTCAG-1,0.082294,0.438986,0.001955,0.052669,0.003223,0.040565,0.380187,0.00004,0.000081
AAGGTATCCTAATATA-1,0.000009,0.000009,0.000009,0.036065,0.065571,0.043129,0.000386,0.152986,0.701838
AAGGTGATAAACCAGC-1,0.000027,0.000027,0.21021,0.029778,0.015194,0.133095,0.229116,0.000027,0.382526
AAGTAGAAGACCGGGT-1,0.000068,0.000068,0.000068,0.000137,0.000137,0.000074,0.758335,0.000068,0.241043
AAGTAGTGACGCGAGG-1,0.062721,0.000059,0.000059,0.044509,0.12348,0.149408,0.217845,0.000059,0.40186
AAGTCAATTGTCGTCA-1,0.000027,0.000027,0.215204,0.131851,0.082084,0.120687,0.024055,0.025279,0.400784
AAGTCTAGTAGCTGCC-1,0.00354,0.080994,0.022587,0.070607,0.383972,0.000011,0.077466,0.261339,0.099484
AAGTCTTCTGTGGCCT-1,0.082025,0.664963,0.000069,0.000137,0.133019,0.000069,0.119513,0.000069,0.000137
AAGTGACGACCGAATT-1,0.000019,0.000019,0.000019,0.222835,0.042931,0.000019,0.054799,0.046669,0.632689
AAGTGAGTCGGGTTTA-1,0.062942,0.270903,0.116577,0.017614,0.130393,0.114591,0.118286,0.005982,0.162711
AAGTGCAAAGGTAGAC-1,0.00013,0.075043,0.00013,0.000259,0.100589,0.349009,0.412037,0.00013,0.062674
AAGTGCCTTGACTGTA-1,0.012639,0.000042,0.26973,0.000084,0.000084,0.169869,0.454671,0.000042,0.092839
AAGTGCGTTAGAATCT-1,0.039917,0.015797,0.040603,0.029529,0.000072,0.349633,0.357674,0.000036,0.16674
AAGTGCTTCTCTATTG-1,0.04828,0.368178,0.001581,0.000019,0.578985,0.002917,0.00001,0.00001,0.000019
AAGTGTTTGGAGACGG-1,0.082215,0.000063,0.266425,0.001011,0.000127,0.113723,0.520354,0.000063,0.016018
AAGTTCACTCCAAGCT-1,0.270277,0.002848,0.134658,0.182571,0.153235,0.044837,0.052576,0.009827,0.149171
AAGTTCAGTCTGCGTA-1,0.000007,0.000007,0.000007,0.007118,0.178494,0.073247,0.000007,0.451551,0.289563
AAGTTCGGCCAACAGG-1,0.000028,0.120728,0.00033,0.000057,0.000057,0.731789,0.071724,0.046682,0.028605
AAGTTGTGATGTTATA-1,0.391963,0.05785,0.369981,0.074498,0.023877,0.000029,0.046333,0.02724,0.008228
AAGTTTACTAATGGCA-1,0.000032,0.000032,0.000032,0.366394,0.040223,0.000032,0.000032,0.000032,0.593193
AAGTTTATGGGCCCAA-1,0.264718,0.096405,0.58582,0.000048,0.000048,0.032598,0.020293,0.000024,0.000048
AATAACAACGCTCGGC-1,0.016962,0.03652,0.000589,0.000076,0.000076,0.093252,0.683463,0.000038,0.169025
AATAACACTAGAACAA-1,0.135937,0.045491,0.004058,0.050127,0.073385,0.138423,0.320152,0.007873,0.224554
AATAACGTCGCGCCCA-1,0.948301,0.000422,0.008489,0.009934,0.000019,0.00001,0.024401,0.004161,0.004264
AATAAGTCCTCGAGAC-1,0.000043,0.000043,0.000043,0.160657,0.000086,0.039034,0.179164,0.000043,0.620885
AATAATCTTCGTATCG-1,0.007334,0.070401,0.053602,0.218469,0.370229,0.234697,0.000945,0.020497,0.023827
AATACAATGTTTCAGG-1,0.000129,0.06458,0.000129,0.000257,0.000257,0.322802,0.577382,0.000129,0.034336
AATACCGGAGGGCTGT-1,0.009999,0.467623,0.03711,0.060221,0.174928,0.023796,0.036297,0.103222,0.086805
AATACCTGATGTGAAC-1,0.343001,0.003614,0.017729,0.118776,0.516174,0.000008,0.000008,0.000676,0.000015
AATAGAACAGAGTGGC-1,0.000013,0.000013,0.000013,0.000025,0.310404,0.001046,0.001308,0.031945,0.655233
AATAGAATCTGTTTCA-1,0.050806,0.000017,0.042064,0.115751,0.431579,0.084879,0.05941,0.000017,0.215478
AATAGCAAGCCTCCTG-1,0.000038,0.16122,0.000038,0.123125,0.004318,0.371699,0.034946,0.131313,0.173304
AATAGCTACCGCGTGC-1,0.031284,0.0924,0.000028,0.000057,0.002989,0.744552,0.004752,0.069847,0.054091
AATAGGCACGACCCTT-1,0.041093,0.389078,0.00129,0.000035,0.002006,0.564765,0.000017,0.001681,0.000035
AATAGTCCGTCCCGAC-1,0.044727,0.001094,0.197167,0.100386,0.079564,0.067704,0.2105,0.003272,0.295586
AATAGTCGCGAGTCGG-1,0.059302,0.000208,0.000053,0.083801,0.043576,0.173149,0.179918,0.000053,0.45994
AATATCAAGGTCGGAT-1,0.000126,0.132344,0.000126,0.000251,0.000251,0.66299,0.203535,0.000126,0.000251
AATATCCTAGCAAACT-1,0.041798,0.499833,0.000047,0.000094,0.017724,0.221281,0.219082,0.000047,0.000094
AATATCGAATCAATGC-1,0.025889,0.002245,0.467206,0.000073,0.000073,0.089509,0.371963,0.000036,0.043006
AATATCGAGGGTTCTC-1,0.000014,0.004645,0.007765,0.05539,0.176054,0.004569,0.155973,0.075704,0.519886
AATATTGGAGTATTGA-1,0.000027,0.000027,0.000027,0.04036,0.003675,0.173423,0.143424,0.004743,0.634294
AATCAGGTTTCATTTA-1,0.007035,0.557997,0.040617,0.078799,0.1166,0.100006,0.007404,0.073043,0.018499
AATCATGTAAAGACTC-1,0.366115,0.042497,0.166621,0.000077,0.239486,0.000038,0.18505,0.000038,0.000077
AATCCAAGGGCCTGAG-1,0.000036,0.000036,0.000036,0.171308,0.000071,0.274439,0.007832,0.000067,0.546175
AATCCCGCTCAGAGCC-1,0.152419,0.378299,0.131849,0.000057,0.228598,0.040972,0.06772,0.000029,0.000057
AATCGAGGTCTCAAGG-1,0.331792,0.000035,0.662086,0.00007,0.001071,0.000035,0.004805,0.000035,0.00007
AATCGCCTCAGCGCCA-1,0.052183,0.000036,0.143085,0.000073,0.000073,0.171042,0.606515,0.000036,0.026957
AATCGCGCAGAGGACT-1,0.081042,0.018861,0.12479,0.108485,0.079147,0.006534,0.086866,0.067259,0.427015
AATCGGGACACTACGA-1,0.000048,0.000048,0.000048,0.01157,0.000096,0.043794,0.358114,0.000048,0.586235
AATCGGTATAGCCCTC-1,0.833401,0.000014,0.000014,0.017092,0.088921,0.000014,0.000014,0.01412,0.046411
AATCGTGAGCCGAGCA-1,0.307318,0.003439,0.117878,0.077183,0.489223,0.00002,0.00002,0.004879,0.00004
AATCTAGGTTTACTTG-1,0.000031,0.005934,0.002005,0.514953,0.000625,0.008647,0.232059,0.059656,0.17609
AATCTATGCCGGAGCC-1,0.003038,0.219022,0.108537,0.019922,0.000063,0.274864,0.183579,0.036491,0.154485
AATCTCTACTGTGGTT-1,0.000023,0.001997,0.000023,0.500917,0.007962,0.014132,0.128378,0.007012,0.339555
AATCTGCGTTGGGACG-1,0.049275,0.005155,0.089574,0.025608,0.01312,0.071058,0.177546,0.005926,0.562738
AATCTGGCTTTCTAGT-1,0.000057,0.156314,0.000057,0.000115,0.000115,0.149428,0.591357,0.000057,0.102499
AATCTGGGTAGACCCT-1,0.000048,0.000048,0.000048,0.093832,0.000097,0.063106,0.276451,0.033005,0.533364
AATGACAGCAATGTCT-1,0.000034,0.04576,0.047984,0.038813,0.000069,0.172523,0.365884,0.009889,0.319045
AATGACGTAGGATGTC-1,0.027899,0.000047,0.282613,0.000094,0.000094,0.264282,0.411187,0.000047,0.013736
AATGACTGTCAGCCGG-1,0.006805,0.012442,0.000049,0.000097,0.000097,0.203299,0.521706,0.000049,0.255456
AATGATGATACGCTAT-1,0.000027,0.046732,0.028372,0.027608,0.071051,0.03997,0.221274,0.020034,0.544932
AATGATGCGACTCCTG-1,0.032702,0.069402,0.03489,0.000511,0.024493,0.24603,0.364581,0.040227,0.187164
AATGCAACCGGGTACC-1,0.000014,0.005101,0.00165,0.089116,0.188041,0.040992,0.043279,0.152033,0.479774
AATGCACCAAGCAATG-1,0.076848,0.110081,0.000059,0.000118,0.114225,0.298577,0.074192,0.000059,0.325841
AATGGTCCACCGTTCA-1,0.000076,0.0332,0.000076,0.114779,0.047997,0.085052,0.520481,0.000076,0.198262
AATGGTTCTCACAAGC-1,0.000046,0.000046,0.016261,0.219285,0.000092,0.000046,0.204084,0.000046,0.560095
AATGTATGGCACTGTA-1,0.000686,0.157144,0.020073,0.507656,0.002896,0.012662,0.234969,0.005014,0.058901
AATGTGCCCGAGGTGT-1,0.000038,0.384032,0.011146,0.001657,0.096519,0.034233,0.176779,0.039267,0.256328
AATGTGCTAATCTGAG-1,0.050879,0.413331,0.007928,0.071915,0.397688,0.029508,0.007836,0.005233,0.015683
AATGTTAAGACCCTGA-1,0.586204,0.119631,0.18411,0.013753,0.029837,0.062293,0.003524,0.000017,0.000631
AATGTTGTCGTGAGAC-1,0.825077,0.000033,0.034574,0.000271,0.000065,0.011382,0.085615,0.017892,0.025092
AATTAAAGGTCGGCGT-1,0.000018,0.011945,0.006248,0.058457,0.098305,0.045661,0.041627,0.053148,0.68459
AATTAACGGATTTCCA-1,0.01112,0.000023,0.03565,0.08367,0.385933,0.157881,0.052437,0.000019,0.273267
AATTACGAGACCCATC-1,0.000033,0.258602,0.034345,0.148915,0.000065,0.069976,0.437628,0.000033,0.050403
AATTAGCGCTGCAGCG-1,0.000023,0.001788,0.256694,0.01752,0.039318,0.279224,0.13056,0.003962,0.270911
AATTATACCCAGCAAG-1,0.888881,0.00003,0.00003,0.00006,0.110851,0.00003,0.00003,0.00003,0.00006
AATTCATAAGGGATCT-1,0.00003,0.00003,0.011255,0.041533,0.052842,0.00003,0.312027,0.042521,0.539734
AATTCATTGTCATGCA-1,0.010037,0.249117,0.033143,0.357782,0.016096,0.057074,0.074362,0.042085,0.160302
AATTCCAAGCATGTAC-1,0.126943,0.066204,0.342893,0.000081,0.000081,0.000041,0.463634,0.000041,0.000081
AATTCGATTCGAGGAT-1,0.422032,0.034959,0.28849,0.000087,0.000087,0.162162,0.092053,0.000043,0.000087
AATTCTAGAGTTAGGC-1,0.02945,0.001016,0.007433,0.008732,0.026507,0.870297,0.000032,0.000032,0.0565
AATTGAACGCTCTGGT-1,0.02106,0.000011,0.024713,0.187321,0.209301,0.013354,0.038321,0.00824,0.497679
AATTGCAGCAATCGAC-1,0.389291,0.003843,0.002242,0.134519,0.39418,0.067816,0.000015,0.00415,0.003944
AATTGCGTGGATTACA-1,0.001416,0.12451,0.009581,0.53442,0.032535,0.010106,0.220817,0.003681,0.062934
AATTGTGGTTGCCAAA-1,0.025523,0.001138,0.004875,0.222739,0.654895,0.000005,0.00487,0.015818,0.070138
AATTTGGGACATAGTA-1,0.035797,0.001096,0.000056,0.000112,0.000112,0.133939,0.350532,0.252368,0.225988
AATTTGGTTCCAAAGA-1,0.000067,0.000067,0.000067,0.040835,0.000133,0.027307,0.60165,0.04614,0.283734
ACAAACCATGCGTCCT-1,0.009513,0.408187,0.016438,0.248999,0.024531,0.055288,0.132001,0.040672,0.064372
ACAAACCGACAAGGCG-1,0.000085,0.000085,0.000085,0.267919,0.00017,0.253294,0.185052,0.000085,0.293224
ACAAACTCCATCAGAG-1,0.099132,0.435922,0.005261,0.000023,0.382482,0.009665,0.066375,0.001119,0.000023
ACAAAGAAGGTAGGCC-1,0.03654,0.469414,0.000036,0.000073,0.000073,0.474854,0.018126,0.000036,0.000847
ACAAAGCATGACCTAG-1,0.226354,0.005595,0.18891,0.089647,0.414724,0.050957,0.000015,0.003596,0.020203
ACAAATCGCACCGAAT-1,0.019431,0.00693,0.134849,0.04269,0.248767,0.306178,0.088466,0.001302,0.151387
ACAAATGGTAGTGTTT-1,0.03327,0.000836,0.086052,0.021827,0.108842,0.234716,0.050616,0.000019,0.463822
ACAAATTCAGATCTGA-1,0.00006,0.022255,0.0061,0.215342,0.02575,0.006917,0.107734,0.101425,0.514416
ACAACAGCATGAGCTA-1,0.000011,0.000011,0.000011,0.015322,0.233631,0.000011,0.000909,0.082648,0.667447
ACAACGGTCCCTGCGA-1,0.000033,0.000033,0.000033,0.251108,0.000066,0.000033,0.054856,0.000033,0.693807
ACAAGCAGTGCCTAGC-1,0.000051,0.000051,0.000051,0.033417,0.000102,0.045204,0.21861,0.000051,0.702463
ACAAGCTATATGGAAG-1,0.055268,0.149614,0.000595,0.052623,0.104933,0.142317,0.19803,0.018911,0.277709
ACAAGGAAATCCGCCC-1,0.000894,0.000022,0.09443,0.156177,0.119896,0.36017,0.06328,0.000612,0.204519
ACAAGGACAAGAGGTT-1,0.000019,0.000019,0.000019,0.138911,0.000038,0.02239,0.04575,0.297721,0.495132
ACAAGGATGCTTTAGG-1,0.243387,0.012636,0.025272,0.277284,0.261795,0.087785,0.003911,0.0089,0.07903
ACAAGGCCTACCAGCC-1,0.000051,0.013088,0.03936,0.185927,0.002305,0.071264,0.2836,0.01542,0.388985
ACAAGGGCAGGCTCTG-1,0.049337,0.000012,0.056896,0.015242,0.023405,0.272713,0.026443,0.010541,0.545411
ACAAGTAATTGTAAGG-1,0.008729,0.486684,0.003029,0.000089,0.005226,0.047774,0.33456,0.095581,0.018327
ACAATAGTCGTACGTT-1,0.000046,0.047507,0.000046,0.008555,0.000092,0.200504,0.325129,0.000046,0.418077
ACAATCCATTTAAACC-1,0.000029,0.006366,0.009045,0.108711,0.019139,0.081913,0.306417,0.008887,0.459494
ACAATCGATCTTTATA-1,0.000111,0.063345,0.000111,0.000223,0.000223,0.462075,0.432098,0.000111,0.041703
ACAATGAATACGGAGA-1,0.076112,0.217005,0.002322,0.003463,0.020932,0.111977,0.185171,0.097208,0.285812
ACAATGATTCTTCTAC-1,0.017046,0.156637,0.000089,0.003761,0.18485,0.039082,0.295785,0.000089,0.302661
ACAATTGTGTCTCTTT-1,0.095381,0.000023,0.087942,0.171341,0.257517,0.158896,0.001615,0.021062,0.206224
ACAATTTAGGAGGCTC-1,0.010348,0.33436,0.000132,0.000264,0.000264,0.264602,0.183096,0.000132,0.206801
ACAATTTGAGCAGTGG-1,0.129272,0.053308,0.000034,0.000067,0.02206,0.304009,0.139627,0.003675,0.347949
ACAATTTGGCCATATT-1,0.230109,0.086546,0.197529,0.010702,0.013845,0.074992,0.291359,0.019363,0.075556
ACACAAAGACGGGTGG-1,0.000039,0.092799,0.000039,0.000077,0.000077,0.175519,0.698249,0.000039,0.033163
ACACAAATATTCCTAG-1,0.000013,0.192878,0.010168,0.04607,0.091148,0.044647,0.055129,0.412579,0.147369
ACACACCAGGACCAGT-1,0.002108,0.000022,0.249166,0.029283,0.000749,0.428127,0.027443,0.003817,0.259283
ACACACTTTCTACACG-1,0.000033,0.000033,0.000033,0.154989,0.00676,0.000033,0.072041,0.117399,0.648678
ACACATGATCAAATCT-1,0.00001,0.329764,0.003867,0.236743,0.063394,0.181346,0.009681,0.072198,0.102997
ACACATTTCCGTAGAC-1,0.175606,0.000638,0.012935,0.169311,0.620564,0.000005,0.000876,0.00229,0.017775
ACACCACATAATTAGC-1,0.031163,0.071336,0.163795,0.000055,0.000055,0.082591,0.515357,0.087782,0.047867
ACACCCAGCATGCAGC-1,0.016453,0.036713,0.008641,0.002253,0.0001,0.260947,0.420529,0.024691,0.229673
ACACCCGAGAAATCCG-1,0.00006,0.016346,0.00006,0.00012,0.00012,0.199705,0.364918,0.00006,0.41861
ACACCCGTAAATCTGT-1,0.04204,0.049834,0.000011,0.084376,0.82191,0.000011,0.000011,0.00143,0.000375
ACACCGGTCTGACCGC-1,0.000006,0.222797,0.009719,0.313316,0.020056,0.051092,0.014786,0.346702,0.021527
ACACCTTAAGTAGGGC-1,0.000067,0.023714,0.004644,0.000134,0.000134,0.201787,0.74343,0.000067,0.026023
ACACCTTACTACTTGC-1,0.036588,0.000012,0.003345,0.145896,0.416526,0.040566,0.008677,0.031502,0.316888
ACACGAGACTCCTTCT-1,0.000021,0.054614,0.079871,0.005373,0.083221,0.238525,0.087916,0.065015,0.385444
ACACGGCACTATGCAT-1,0.03031,0.000038,0.000088,0.207533,0.000075,0.016754,0.113708,0.008653,0.622841
ACACGGGAACTTAGGG-1,0.000022,0.029577,0.03358,0.129519,0.010558,0.0313,0.205839,0.055203,0.504402
ACACGTAGGCCACAAG-1,0.310696,0.121015,0.149388,0.153091,0.123453,0.002254,0.019945,0.055797,0.06436
ACACTGATCAAGGTGT-1,0.013246,0.006812,0.141084,0.000572,0.000078,0.260183,0.431933,0.000039,0.146053
ACACTGGGACAGTCGT-1,0.171804,0.002625,0.043875,0.11426,0.283932,0.167489,0.006866,0.012035,0.197115
ACAGAACTGAGAACAA-1,0.00003,0.126701,0.020824,0.126313,0.028677,0.124556,0.385005,0.082116,0.105778
ACAGATTAGGTTAGTG-1,0.000091,0.000091,0.018182,0.000182,0.000182,0.290724,0.321197,0.000091,0.369261
ACAGCATAGAGCCAGT-1,0.040188,0.000024,0.000024,0.008896,0.005325,0.064385,0.064378,0.021909,0.794872
ACAGCGACATTCTCAT-1,0.452079,0.048138,0.212036,0.018164,0.000062,0.227358,0.014061,0.000031,0.028072
ACAGCGCACCCGCAGC-1,0.005162,0.000052,0.013075,0.158268,0.000104,0.119683,0.279473,0.023614,0.400567
ACAGGCACGGATCCTT-1,0.96858,0.00003,0.000029,0.000058,0.000058,0.000029,0.031129,0.000029,0.000058
ACAGGCTTGCCCGACT-1,0.133445,0.000032,0.228751,0.116976,0.000063,0.132204,0.270045,0.000032,0.118452
ACAGGTGGAGGTGAGG-1,0.000177,0.015138,0.023944,0.276352,0.09506,0.010072,0.050571,0.093327,0.435359
ACAGGTGTGTTGTTGC-1,0.066838,0.222949,0.000026,0.073189,0.122335,0.061041,0.055442,0.032557,0.365623
ACAGTAATACAACTTG-1,0.00002,0.00002,0.00002,0.388144,0.000225,0.00002,0.022631,0.102817,0.486102
ACAGTATACCGTGGGA-1,0.000022,0.150164,0.033252,0.097773,0.007741,0.259102,0.225083,0.074905,0.151957
ACAGTGCAGCGCATTT-1,0.03765,0.107433,0.00232,0.447214,0.316034,0.002619,0.000011,0.082728,0.003992
ACATAAGTCGTGGTGA-1,0.00001,0.016341,0.00001,0.596381,0.006504,0.002488,0.153849,0.048741,0.175675
ACATAATAAGGCGGTG-1,0.000028,0.030477,0.000028,0.004391,0.034533,0.570339,0.006539,0.148849,0.204815
ACATACAATCAAGCGG-1,0.901039,0.000043,0.00103,0.000086,0.000086,0.000043,0.097542,0.000043,0.000086
ACATCAGCTGGGACGC-1,0.000079,0.016076,0.000079,0.038693,0.036746,0.132488,0.596392,0.000079,0.179367
ACATCCCGGCCATACG-1,0.085599,0.000053,0.162534,0.000106,0.000106,0.208045,0.543397,0.000053,0.000106
ACATCCTGGTAACTGT-1,0.220583,0.000009,0.000022,0.01853,0.167629,0.085434,0.000009,0.012243,0.49554
ACATCGATCGTTTACC-1,0.039875,0.000043,0.126218,0.000086,0.000086,0.165284,0.360716,0.000043,0.30765
ACATCGCAATATTCGG-1,0.045389,0.316628,0.00784,0.030639,0.171894,0.160765,0.087492,0.063036,0.116318
ACATCGGTCAGCCGCG-1,0.000018,0.013572,0.000018,0.083048,0.060777,0.214034,0.023137,0.065085,0.540311
ACATCGTATGCAATGG-1,0.017918,0.000014,0.022611,0.007844,0.315756,0.344033,0.001226,0.00903,0.281569
ACATCGTTAACCTAGT-1,0.000059,0.01016,0.000059,0.0039,0.000118,0.057119,0.314851,0.042704,0.571031
ACATCTCAACGCGTAA-1,0.000072,0.000072,0.000072,0.219888,0.000144,0.19337,0.256302,0.000072,0.330009
ACATGCTTACGGCAGC-1,0.000625,0.370941,0.024048,0.118979,0.047009,0.000268,0.413192,0.018837,0.006102
ACATGGCGCCAAAGTA-1,0.000237,0.015522,0.137544,0.149452,0.043523,0.014087,0.053698,0.204524,0.381414
ACATTAGTTTATATCC-1,0.027519,0.000053,0.180519,0.000105,0.000105,0.319096,0.458305,0.000053,0.014245
ACATTCGCGCGGAATA-1,0.000003,0.019054,0.000003,0.000006,0.096717,0.000003,0.000003,0.884205,0.000006
ACATTTGAAACCTAAC-1,0.704906,0.015001,0.015797,0.000031,0.126331,0.100714,0.000015,0.023813,0.013393
ACCAAACACCCAGCGA-1,0.008016,0.11765,0.013044,0.019386,0.036676,0.116733,0.057907,0.549845,0.080743
ACCAAACTAGAAATCC-1,0.000034,0.000034,0.000034,0.345113,0.000068,0.000034,0.018448,0.000034,0.636199
ACCAACACCACACACT-1,0.000015,0.008096,0.000606,0.130606,0.028674,0.022116,0.126559,0.227961,0.455367
ACCAACCGCACTCCAC-1,0.544666,0.104823,0.18727,0.028822,0.003179,0.125643,0.000029,0.00551,0.000059
ACCAACGCTTATTTAT-1,0.233259,0.02307,0.000031,0.000063,0.001271,0.496299,0.084286,0.023054,0.138666
ACCAAGAACGCGTGTC-1,0.000042,0.000042,0.004136,0.001327,0.000083,0.000042,0.105905,0.031847,0.856576
ACCAAGTCATCGGCAG-1,0.949868,0.000017,0.000017,0.000033,0.000033,0.049966,0.000017,0.000017,0.000033
ACCAATATGCAAGTTA-1,0.253353,0.152097,0.000056,0.000111,0.08363,0.430451,0.080136,0.000056,0.000111
ACCACAACTCAGAACA-1,0.000042,0.000042,0.000042,0.154206,0.049363,0.000042,0.082116,0.145199,0.568949
ACCACAAGTTTCTATC-1,0.000035,0.000035,0.000035,0.00007,0.00007,0.13709,0.777657,0.012523,0.072484
ACCACACGGTTGATGG-1,0.629633,0.011113,0.033883,0.095427,0.213041,0.000015,0.000015,0.016842,0.00003
ACCACCAATGTAACAA-1,0.053768,0.00025,0.187258,0.025226,0.021597,0.052819,0.458225,0.001509,0.199348
ACCACCCTCTCTTCTA-1,0.021263,0.33685,0.101789,0.047353,0.10505,0.00003,0.214976,0.054144,0.118545
ACCACGTGCAGCTATA-1,0.000031,0.000031,0.230419,0.033189,0.000063,0.046321,0.254748,0.000031,0.435166
ACCAGACCATAACAAC-1,0.118438,0.644137,0.00007,0.000139,0.183074,0.011974,0.041959,0.00007,0.000139
ACCAGCCCGGTCTTTG-1,0.017132,0.02792,0.005043,0.000707,0.00013,0.356754,0.23648,0.000065,0.355768
ACCAGGAGTGTGATCT-1,0.000125,0.000125,0.000125,0.00025,0.00025,0.312147,0.686601,0.000125,0.00025
ACCAGTGCCCGGTCAA-1,0.000016,0.000016,0.000016,0.165407,0.05325,0.025662,0.000016,0.293401,0.462215
ACCAGTGCGGGAGACG-1,0.146117,0.000015,0.012616,0.100903,0.102097,0.184945,0.005405,0.013556,0.434346
ACCATATCCGCAATAA-1,0.039547,0.010241,0.05084,0.001124,0.028867,0.072014,0.444091,0.025526,0.32775
ACCATCCGCCAACTAG-1,0.000024,0.000024,0.000024,0.439745,0.000049,0.012555,0.107326,0.000024,0.440229
ACCATCGTATATGGTA-1,0.027615,0.000057,0.000252,0.000045,0.007225,0.246721,0.046192,0.147375,0.524519
ACCCAACGCCCGTGGC-1,0.043084,0.015829,0.004422,0.05302,0.052979,0.200715,0.049769,0.077568,0.502614
ACCCACCTACATGCTC-1,0.00004,0.004705,0.011142,0.114671,0.00008,0.046523,0.140485,0.00004,0.682314
ACCCATCTTGAGGGTA-1,0.041808,0.067164,0.000046,0.000092,0.046979,0.457643,0.092033,0.022879,0.271357
ACCCATTTGTCCCTCT-1,0.581095,0.087306,0.084472,0.062729,0.152578,0.000027,0.022979,0.005378,0.003436
ACCCGAGCGAAATTAC-1,0.021505,0.53373,0.046921,0.000044,0.000044,0.285054,0.105403,0.001504,0.005794
ACCCGATTGGTTCCGA-1,0.00761,0.231435,0.010527,0.014669,0.613172,0.013511,0.018873,0.062511,0.027692
ACCCGGAAACTCCCAG-1,0.005049,0.000012,0.080486,0.19988,0.356421,0.021389,0.032086,0.009065,0.295612
ACCCGGAGCACCACAA-1,0.017834,0.163447,0.051972,0.090948,0.378642,0.005858,0.045594,0.028532,0.217174
ACCCGGATGACGCATC-1,0.000009,0.000009,0.000009,0.023881,0.332482,0.009086,0.000009,0.063752,0.570761
ACCCGGTTACACTTCC-1,0.007768,0.008563,0.081183,0.016812,0.055937,0.172085,0.108594,0.002954,0.546104
ACCCGTAGCAGAGAAT-1,0.00001,0.198222,0.061873,0.281437,0.00103,0.08393,0.103073,0.035632,0.234792
ACCCGTAGTCTAGTTG-1,0.297746,0.159039,0.040581,0.013707,0.303421,0.180387,0.001226,0.00001,0.003883
ACCCGTGTCATCAGTA-1,0.003937,0.005579,0.10049,0.031558,0.37312,0.291157,0.042681,0.000022,0.151456
ACCCTATGCCATATCG-1,0.00002,0.000217,0.012874,0.096135,0.073557,0.034266,0.075614,0.044225,0.663091
ACCCTCCCGTCAGGGC-1,0.999668,0.00003,0.00003,0.00006,0.00006,0.00003,0.00003,0.00003,0.00006
ACCCTCCCTTGCTATT-1,0.008424,0.000019,0.121503,0.036854,0.304104,0.107167,0.020571,0.006323,0.395033
ACCCTGGTAACGCCCT-1,0.01938,0.156543,0.028519,0.052735,0.074089,0.253497,0.204041,0.050393,0.160804
ACCCTTCATCTGCGAA-1,0.000041,0.000041,0.050795,0.02357,0.000082,0.092787,0.129394,0.2929,0.410391
ACCCTTGCCTGGGTCG-1,0.006396,0.164456,0.004591,0.063205,0.189237,0.013548,0.034621,0.461145,0.062803
ACCCTTTAGTTCTCCA-1,0.000055,0.000055,0.000055,0.03078,0.000109,0.711078,0.000055,0.000055,0.257759
ACCGAAAGGGCCCTGC-1,0.000045,0.000045,0.000045,0.355349,0.078682,0.002433,0.069768,0.004276,0.489359
ACCGAAGAGTCTGGTT-1,0.00001,0.025928,0.000509,0.660098,0.004284,0.00001,0.099691,0.116304,0.093164
ACCGACACATCTCCCA-1,0.347361,0.112536,0.00182,0.010468,0.16564,0.020383,0.119028,0.044184,0.178581
ACCGACTGAGTCCCAC-1,0.072904,0.000024,0.000024,0.00054,0.143017,0.412083,0.00066,0.010801,0.359948
ACCGAGTCTCCTTATT-1,0.779409,0.05903,0.133775,0.000049,0.000049,0.000025,0.027589,0.000025,0.000049
ACCGATAGGCATAACC-1,0.097212,0.045822,0.271888,0.177579,0.190959,0.000534,0.164546,0.010385,0.041075
