Barcode,Topic 1to2,Topic 3,Topic 4,Topic 5to8,Topic 9,Topic 10
AAACAACGAATAGTTC-1,0.170117,0.000024,0.000024,0.829787,0.000024,0.000024
AAACAAGTATCTCCCA-1,0.115584,0.193227,0.025547,0.567323,0.022933,0.075386
AAACAATCTACTAGCA-1,0.031894,0.000055,0.118899,0.753266,0.01057,0.085315
AAACACCAATAACTGC-1,0.497161,0.011571,0.064344,0.164716,0.079318,0.182889
AAACAGAGCGACTCCT-1,0.333152,0.000027,0.04806,0.618709,0.000026,0.000026
AAACAGCTTTCAGAAG-1,0.354436,0.000056,0.000056,0.075314,0.512344,0.057794
AAACAGGGTCTATATT-1,0.400829,0.000046,0.170497,0.000183,0.397353,0.031093
AAACAGTGTTCCTGGG-1,0.850445,0.000046,0.000046,0.00526,0.000046,0.144156
AAACATGGTGAGAGGA-1,0.000059,0.000029,0.000029,0.038549,0.795304,0.16603
AAACATTTCCCGGATT-1,0.113604,0.161955,0.001141,0.705089,0.0182,0.000012
AAACCACTACACAGAT-1,0.177743,0.282631,0.047435,0.389278,0.053633,0.04928
AAACCCGAACGAAATC-1,0.372425,0.196208,0.0007,0.149281,0.281362,0.000025
AAACCGGAAATGTTAA-1,0.000054,0.052493,0.057901,0.441073,0.448451,0.000027
AAACCGGGTAGGTACC-1,0.774654,0.000078,0.089074,0.000312,0.000078,0.135805
AAACCGTTCGTCCAGG-1,0.419214,0.000043,0.014612,0.493636,0.038447,0.034047
AAACCTAAGCAGCCGG-1,0.162798,0.060413,0.052743,0.693078,0.004515,0.026453
AAACCTCATGAAGTTG-1,0.480632,0.000049,0.349464,0.000198,0.077478,0.092179
AAACGAAGATGGAGTA-1,0.000077,0.002551,0.242707,0.059757,0.69487,0.000038
AAACGACAGTCTTGCC-1,0.07256,0.233315,0.338492,0.259966,0.057331,0.038338
AAACGAGACGGTTGAT-1,0.08272,0.086485,0.311272,0.5047,0.014788,0.000036
AAACGCCCGAGATCGG-1,0.612645,0.008523,0.001064,0.372164,0.005574,0.00003
AAACGCTGGGCACGAC-1,0.034229,0.007166,0.017562,0.000089,0.359657,0.581298
AAACGGGCGTACGGGT-1,0.395734,0.078738,0.032858,0.284066,0.001618,0.206987
AAACGGGTTGGTATCC-1,0.042945,0.237619,0.284258,0.242785,0.000992,0.191401
AAACGGTTGCGAACTG-1,0.041929,0.187623,0.669752,0.035615,0.037346,0.027736
AAACGTGTTCGCCCTA-1,0.255746,0.1606,0.000021,0.532437,0.051174,0.000021
AAACTAACGTGGCGAC-1,0.264234,0.000686,0.046452,0.679696,0.008913,0.000019
AAACTCGGTTCGCAAT-1,0.015151,0.433301,0.291667,0.236702,0.001928,0.021251
AAACTCGTGATATAAG-1,0.594034,0.103605,0.080734,0.203774,0.017813,0.000041
AAACTGCTGGCTCCAA-1,0.457407,0.000148,0.118245,0.128087,0.114799,0.181314
AAACTTAATTGCACGC-1,0.501967,0.017448,0.012187,0.070756,0.397609,0.000033
AAACTTGCAAACGTAT-1,0.521671,0.006049,0.114261,0.229581,0.091185,0.037254
AAAGAATGACCTTAGA-1,0.000062,0.000031,0.000031,0.025047,0.87176,0.103069
AAAGAATGTGGACTAA-1,0.000513,0.391146,0.000005,0.377914,0.000005,0.230418
AAAGACATGAAGTTTA-1,0.029279,0.371793,0.079481,0.461026,0.011151,0.047269
AAAGACCCAAGTCGCG-1,0.206505,0.000042,0.430022,0.363349,0.000042,0.000042
AAAGACTGGGCGCTTT-1,0.734191,0.000169,0.000169,0.000677,0.000169,0.264624
AAAGCTTGCCTACATA-1,0.11919,0.425886,0.005793,0.315652,0.133461,0.000017
AAAGGCCCTATAATAC-1,0.534864,0.060536,0.000019,0.220917,0.03134,0.152324
AAAGGCTACGGACCAT-1,0.0136,0.059334,0.415854,0.489196,0.000029,0.021988
AAAGGCTCTCGCGCCG-1,0.082265,0.000058,0.822771,0.003227,0.000058,0.091621
AAAGGGATGTAGCAAG-1,0.027588,0.000036,0.912959,0.045519,0.000036,0.013861
AAAGGGCAGCTTGAAT-1,0.886515,0.000099,0.000099,0.039125,0.074061,0.000099
AAAGGTAAGCTGTACC-1,0.514054,0.000728,0.00003,0.434832,0.050326,0.00003
AAAGGTCAACGACATG-1,0.189891,0.053122,0.002478,0.702043,0.04267,0.009796
AAAGTAGCATTGCTCA-1,0.927925,0.000053,0.004436,0.041009,0.026524,0.000053
AAAGTCACTGATGTAA-1,0.002125,0.039706,0.124093,0.78607,0.000032,0.047974
AAAGTCGACCCTCAGT-1,0.576505,0.000057,0.000057,0.122859,0.300465,0.000057
AAAGTGCCATCAATTA-1,0.000056,0.000028,0.000028,0.000112,0.594032,0.405744
AAAGTGTGATTTATCT-1,0.136922,0.055569,0.012568,0.648764,0.052634,0.093543
AAAGTTGACTCCCGTA-1,0.282032,0.021992,0.138821,0.485146,0.000023,0.071986
AAATAACCATACGGGA-1,0.040409,0.009886,0.106135,0.76453,0.000031,0.079008
AAATAAGGTAGTGCCC-1,0.004543,0.227608,0.238752,0.132418,0.143547,0.253133
AAATACCTATAAGCAT-1,0.392221,0.000104,0.411123,0.000415,0.056198,0.139939
AAATAGCTTAGACTTT-1,0.515638,0.065597,0.005935,0.383051,0.029756,0.000024
AAATAGGGTGCTATTG-1,0.658173,0.000067,0.03124,0.273197,0.037256,0.000067
AAATCACTCCTAAACG-1,0.480382,0.390458,0.000022,0.065085,0.049667,0.014386
AAATCCGATACACGCC-1,0.360842,0.059193,0.283656,0.161271,0.060184,0.074854
AAATCGCGGAAGGAGT-1,0.03423,0.000045,0.049295,0.00018,0.815939,0.100312
AAATCGTGTACCACAA-1,0.258505,0.000064,0.089218,0.546206,0.00861,0.097398
AAATCTAGCCCTGCTA-1,0.175204,0.292885,0.000016,0.436108,0.000016,0.095772
AAATCTGCCCGCGTCC-1,0.000118,0.000059,0.000059,0.000235,0.468532,0.530997
AAATGACTGATCAAAC-1,0.792103,0.00008,0.18225,0.000319,0.025169,0.00008
AAATGATTCGATCAGC-1,0.304102,0.024923,0.057812,0.344371,0.077777,0.191016
AAATGCTCGTTACGTT-1,0.555999,0.000076,0.130998,0.312775,0.000076,0.000076
AAATGGCCCGTGCCCT-1,0.29264,0.082845,0.016986,0.246316,0.108832,0.25238
AAATGGTCAATGTGCC-1,0.632595,0.000099,0.001856,0.348832,0.000099,0.016519
AAATGTATCTTATCCC-1,0.128321,0.194883,0.232984,0.215224,0.055328,0.17326
AAATTAACGGGTAGCT-1,0.120291,0.000066,0.179545,0.699966,0.000066,0.000066
AAATTAATAAGCGCGA-1,0.777038,0.022845,0.057599,0.082539,0.059951,0.000028
AAATTACACGACTCTG-1,0.210292,0.004001,0.276573,0.509031,0.000052,0.000052
AAATTACCTATCGATG-1,0.52431,0.00003,0.363585,0.072057,0.036894,0.003123
AAATTCCAGGTCCAAA-1,0.241111,0.149532,0.320254,0.024164,0.220003,0.044935
AAATTGATAGTCCTTT-1,0.578768,0.004064,0.000056,0.317596,0.015306,0.084209
AAATTGCGGCGGTTCT-1,0.378394,0.068144,0.070519,0.383635,0.061953,0.037355
AAATTGGTGAGAAGCA-1,0.195691,0.015831,0.114062,0.580538,0.029753,0.064125
AAATTTACCGAAATCC-1,0.249744,0.059329,0.232987,0.455097,0.002812,0.000031
AAATTTGCGGGTGTGG-1,0.754901,0.000044,0.000044,0.244925,0.000044,0.000044
AACAACTGGTAGTTGC-1,0.170935,0.000047,0.152679,0.556013,0.02411,0.096216
AACAATACATTGTCGA-1,0.657247,0.000022,0.054031,0.168814,0.025585,0.094301
AACAATTACTCTACGC-1,0.48439,0.021245,0.054553,0.217864,0.098297,0.123651
AACACACGCTCGCCGC-1,0.568862,0.00003,0.12722,0.157192,0.014927,0.131767
AACACGAGACGCGGCC-1,0.208529,0.020935,0.013688,0.755427,0.001399,0.000022
AACACGCGGCCGCGAA-1,0.472971,0.000099,0.000099,0.269137,0.000099,0.257594
AACAGCTGTGTGGCAA-1,0.931921,0.000055,0.000055,0.00022,0.000055,0.067695
AACAGGATGGGCCGCG-1,0.518306,0.000054,0.423454,0.000215,0.057918,0.000054
AACAGGTAGTATGGAT-1,0.400746,0.080818,0.000039,0.164315,0.354043,0.000039
AACATAGCGTGTATCG-1,0.67902,0.00249,0.000429,0.184644,0.000029,0.133388
AACATATCAACTGGTG-1,0.27309,0.000029,0.25013,0.450563,0.026159,0.000029
AACATCGATACGTCTA-1,0.196253,0.161805,0.017334,0.582612,0.011088,0.030907
AACATTGAAGTTGATC-1,0.546409,0.000032,0.277614,0.000127,0.114937,0.060882
AACATTGGTCAGCCGT-1,0.167836,0.017032,0.057027,0.758031,0.000037,0.000037
AACATTGTGACTCGAG-1,0.217761,0.000039,0.621202,0.031568,0.039704,0.089727
AACCAAGACTTCTCTG-1,0.692289,0.000048,0.000048,0.248213,0.059353,0.000048
AACCAGTATCACTCTT-1,0.304218,0.017854,0.086242,0.569682,0.021954,0.000049
AACCATAGGGTTGAAC-1,0.490388,0.016289,0.0355,0.000999,0.352265,0.104559
AACCATGGGATCGCTA-1,0.998443,0.000195,0.000195,0.000778,0.000195,0.000195
AACCCAGAGACGGAGA-1,0.453612,0.000051,0.011043,0.346079,0.034573,0.154644
AACCCATCCCATGATC-1,0.275161,0.34121,0.076315,0.156711,0.126672,0.02393
AACCCGACAACCCGTG-1,0.495159,0.034614,0.158694,0.282724,0.016962,0.011847
AACCCGAGCAGAATCG-1,0.00003,0.427326,0.007492,0.267866,0.216283,0.081004
AACCCGATAGGGCTTC-1,0.060569,0.443096,0.004727,0.414541,0.076099,0.000968
AACCCGCTGTATTCCA-1,0.692815,0.000078,0.165846,0.000311,0.140873,0.000078
AACCCTACTGTCAATA-1,0.393088,0.005652,0.000024,0.598834,0.002377,0.000024
AACCCTGGTGGAACCA-1,0.000065,0.01272,0.162326,0.706781,0.079672,0.038437
AACCGAGCTTGGTCAT-1,0.499696,0.13554,0.203812,0.014367,0.146438,0.000148
AACCGCTAAGGGATGC-1,0.349252,0.008859,0.296224,0.307811,0.037823,0.000031
AACCTAAAGCCGTCCG-1,0.000038,0.136937,0.604067,0.256612,0.000019,0.002327
AACCTCGCTTTAGCCC-1,0.064096,0.066573,0.0755,0.793436,0.000373,0.000021
AACCTGTCACGGAATT-1,0.003802,0.336591,0.000017,0.422909,0.128672,0.108009
AACCTTTAAATACGGT-1,0.695825,0.000171,0.082693,0.055669,0.057119,0.108523
AACCTTTACGACGTCT-1,0.000023,0.002314,0.000012,0.988086,0.000012,0.009553
AACGAAAGTCGTCCCA-1,0.105056,0.000043,0.237149,0.009874,0.626425,0.021452
AACGACCTCCTAGCCG-1,0.284862,0.256682,0.000015,0.076305,0.096741,0.285395
AACGATAATGCCGTAG-1,0.00005,0.180659,0.103474,0.674348,0.000025,0.041444
AACGATAGAAGGGCCG-1,0.141592,0.063394,0.00005,0.794862,0.00005,0.00005
AACGATATGTCAACTG-1,0.13713,0.000058,0.677301,0.154987,0.030466,0.000058
AACGCATGATCTGGGT-1,0.001309,0.018297,0.002416,0.940133,0.000012,0.037832
AACGCGAACGGCAACA-1,0.142055,0.000032,0.159152,0.698699,0.000032,0.000032
AACGCGACCTTGGGCG-1,0.349067,0.049963,0.031146,0.416263,0.012491,0.14107
AACGCGGTCTCCAGCC-1,0.000152,0.000076,0.641346,0.000303,0.240484,0.117639
AACGCTGTTGCTGAAA-1,0.292054,0.022291,0.040779,0.547934,0.037565,0.059377
AACGGACGTACGTATA-1,0.323916,0.051609,0.018877,0.540538,0.005147,0.059914
AACGGCCATCTCCGGT-1,0.770027,0.000038,0.000038,0.132868,0.003921,0.093109
AACGTACTGTGGGTAC-1,0.619257,0.000054,0.343119,0.037462,0.000054,0.000054
AACGTAGTCTACCCAT-1,0.000117,0.000059,0.169866,0.741675,0.037212,0.051071
AACGTCAGACTAGTGG-1,0.071324,0.000039,0.007658,0.920902,0.000039,0.000039
AACGTCATCCGGCTTG-1,0.945591,0.000098,0.053721,0.000393,0.000098,0.000098
AACGTCGCTGCACTTC-1,0.471794,0.038005,0.088201,0.111227,0.014788,0.275986
AACGTGATGAAGGACA-1,0.007954,0.000041,0.122053,0.452397,0.033818,0.383737
AACGTGCGAAAGTCTC-1,0.000076,0.159866,0.10658,0.733402,0.000038,0.000038
AACGTTATCAGCACCT-1,0.585472,0.000063,0.071077,0.017122,0.039187,0.287079
AACGTTCTACCATTGT-1,0.708012,0.000144,0.000144,0.000574,0.268986,0.02214
AACTACCCGTTTGTCA-1,0.265805,0.110718,0.18103,0.183651,0.258761,0.000035
AACTAGCGTATCGCAC-1,0.027911,0.000069,0.136205,0.790322,0.018576,0.026917
AACTAGGCTTGGGTGT-1,0.272976,0.000081,0.491691,0.202437,0.032734,0.000081
AACTCAAGTTAATTGC-1,0.07345,0.000031,0.546914,0.318177,0.025826,0.035601
AACTCCAGAGCGTGTT-1,0.183552,0.038169,0.168355,0.59272,0.000022,0.017181
AACTCCTAATCCCATG-1,0.135051,0.02706,0.10975,0.695224,0.000024,0.03289
AACTCGATAAACACGT-1,0.033219,0.126675,0.001906,0.838168,0.000016,0.000016
AACTCGATGGCGCAGT-1,0.136606,0.000036,0.000835,0.86245,0.000036,0.000036
AACTCTCAATAGAGCG-1,0.121106,0.006517,0.000178,0.859067,0.006472,0.00666
AACTCTCAGTGTGCTC-1,0.724489,0.00007,0.00007,0.000281,0.00007,0.275019
AACTGAGGTCAGCGTC-1,0.320625,0.030302,0.209965,0.270984,0.051845,0.116279
AACTGAGTTATACTGA-1,0.047254,0.000044,0.059655,0.002653,0.881499,0.008896
AACTGATATTAGGCCT-1,0.028747,0.000089,0.077422,0.740621,0.050735,0.102387
AACTGGGTCCCGACGT-1,0.105141,0.000064,0.2437,0.567251,0.064678,0.019166
AACTGGGTTCGAGCCG-1,0.243581,0.000048,0.261632,0.465512,0.029179,0.000048
AACTGGTGTGGGCCTT-1,0.188921,0.00156,0.40067,0.376822,0.000048,0.031978
AACTTCTGCGTCTATC-1,0.450832,0.000043,0.024045,0.47546,0.000043,0.049576
AACTTGCCCGTATGCA-1,0.355687,0.000055,0.270389,0.211692,0.048935,0.113242
AACTTGCGTTCTCGCG-1,0.439725,0.000055,0.012952,0.514999,0.000055,0.032214
AACTTTACGGGAGCTT-1,0.879162,0.000055,0.000055,0.000221,0.000055,0.120452
AACTTTAGCTGCTGAG-1,0.022471,0.000079,0.151467,0.770053,0.055852,0.000079
AACTTTCTCGATCATG-1,0.123592,0.155679,0.075873,0.478422,0.166405,0.000029
AAGAAAGTTTGATGGG-1,0.787818,0.000058,0.000058,0.000231,0.191968,0.019868
AAGAAATCACCAGATT-1,0.150213,0.375489,0.000019,0.218221,0.168583,0.087474
AAGAAGGATCAGTTAG-1,0.195093,0.000047,0.058388,0.746377,0.000047,0.000047
AAGACATACGTGGTTT-1,0.006886,0.298061,0.00001,0.095312,0.12165,0.478081
AAGACCAAATAACTCA-1,0.191868,0.019383,0.000031,0.166309,0.622357,0.000051
AAGACCCAACTGAACA-1,0.369691,0.002047,0.239648,0.334579,0.000049,0.053987
AAGACTAACCCGTTGT-1,0.081485,0.039239,0.002547,0.876633,0.000048,0.000048
AAGACTCACGCCCACT-1,0.21127,0.099845,0.11296,0.547196,0.009521,0.019207
AAGACTGCAAGCTACT-1,0.397826,0.000219,0.000219,0.255181,0.000219,0.346335
AAGAGATGAATCGGTA-1,0.427789,0.000062,0.000062,0.470594,0.015453,0.08604
AAGAGCTCTTTATCGG-1,0.000065,0.169924,0.008367,0.79853,0.010456,0.012659
AAGAGGATGTACGCGA-1,0.729639,0.000052,0.000052,0.250253,0.019951,0.000052
AAGAGGCATGGATCGC-1,0.245524,0.000048,0.343034,0.411299,0.000048,0.000048
AAGAGGCCCTTTGGAA-1,0.121713,0.442232,0.060389,0.316959,0.052427,0.00628
AAGATGGCACCGGACC-1,0.978338,0.000032,0.000032,0.021534,0.000032,0.000032
AAGATTGGCGGAACGT-1,0.070196,0.00002,0.088767,0.828571,0.00002,0.012426
AAGCACCCTGCGTATC-1,0.043094,0.016752,0.099509,0.840539,0.000053,0.000053
AAGCATACTCTCCTGA-1,0.546877,0.000136,0.113637,0.162826,0.07359,0.102933
AAGCCACTTGCAGGTA-1,0.479968,0.014896,0.029631,0.261148,0.00003,0.214327
AAGCCGAAGCGGTTTA-1,0.266598,0.13099,0.166484,0.318779,0.10063,0.016518
AAGCCGCCGTGAAATC-1,0.050014,0.025004,0.025008,0.849962,0.02501,0.025002
AAGCCGCTTTACCTTG-1,0.036324,0.371053,0.224288,0.222228,0.08928,0.056827
AAGCCGGAGAGCAGGA-1,0.074186,0.000033,0.000033,0.000339,0.918861,0.006548
AAGCGCAGGGCTTTGA-1,0.01964,0.488416,0.202062,0.19632,0.019566,0.073996
AAGCGGAGTGCGCGCA-1,0.087801,0.039838,0.068854,0.158351,0.377863,0.267293
AAGCGGCGTCATGGGT-1,0.606451,0.002982,0.069933,0.289248,0.004379,0.027007
AAGCGTCCCTCATCGA-1,0.221403,0.003115,0.352373,0.401598,0.005112,0.016399
AAGCTAGATCGAGTAA-1,0.355106,0.000161,0.097328,0.220848,0.010694,0.315863
AAGCTATGGATTGACC-1,0.095588,0.000056,0.000056,0.134034,0.453643,0.316622
AAGCTCGTGCCAAGTC-1,0.176438,0.000074,0.393717,0.429622,0.000074,0.000074
AAGCTCTTTCATGGTG-1,0.333122,0.028365,0.162539,0.464648,0.011265,0.00006
AAGGAGCGGTTGGTGC-1,0.57954,0.000078,0.058483,0.361743,0.000078,0.000078
AAGGATCGATCGCTTG-1,0.225424,0.103267,0.227755,0.418436,0.025096,0.000023
AAGGATGAGGGACCTC-1,0.207918,0.002171,0.26973,0.520124,0.000029,0.000029
AAGGCAGGCTGTCTCC-1,0.383109,0.023922,0.000046,0.060171,0.532706,0.000046
AAGGCGCGTAAAGCTT-1,0.080113,0.000032,0.01897,0.821012,0.010192,0.069681
AAGGCTGTGCTCATCG-1,0.396505,0.00009,0.00009,0.574647,0.00009,0.028578
AAGGGAACGACTGGCT-1,0.5402,0.159655,0.000014,0.168587,0.030522,0.101021
AAGGGACAGATTCTGT-1,0.369778,0.017678,0.010225,0.594898,0.007399,0.000022
AAGGGACTATGCATTC-1,0.711648,0.000042,0.043546,0.001569,0.019804,0.223391
AAGGGTTAGCCATGCG-1,0.88158,0.000087,0.000087,0.000349,0.117809,0.000087
AAGGGTTTGATTTCAG-1,0.00011,0.000055,0.000055,0.000221,0.796452,0.203107
AAGGTATCCTAATATA-1,0.000051,0.095643,0.049374,0.825459,0.000025,0.029448
AAGGTGATAAACCAGC-1,0.274625,0.000604,0.000024,0.707305,0.017418,0.000024
AAGTAGAAGACCGGGT-1,0.122111,0.003531,0.000031,0.856596,0.000031,0.017701
AAGTAGTGACGCGAGG-1,0.786132,0.000077,0.095847,0.08293,0.034937,0.000077
AAGTCAATTGTCGTCA-1,0.375087,0.087077,0.09474,0.347041,0.058857,0.037199
AAGTCTAGTAGCTGCC-1,0.000016,0.558966,0.000008,0.333948,0.041272,0.06579
AAGTCTTCTGTGGCCT-1,0.702382,0.005473,0.018321,0.010131,0.263657,0.000036
AAGTGACGACCGAATT-1,0.234515,0.000025,0.000025,0.765385,0.000025,0.000025
AAGTGAGTCGGGTTTA-1,0.135004,0.014778,0.011699,0.838454,0.000032,0.000032
AAGTGCAAAGGTAGAC-1,0.721436,0.000054,0.04057,0.024046,0.067336,0.146558
AAGTGCCTTGACTGTA-1,0.379906,0.016024,0.29482,0.21966,0.04056,0.049032
AAGTGCGTTAGAATCT-1,0.639248,0.000044,0.174891,0.125157,0.060616,0.000044
AAGTGCTTCTCTATTG-1,0.253453,0.081582,0.259867,0.042155,0.001027,0.361916
AAGTGTTTGGAGACGG-1,0.455411,0.000051,0.142627,0.40181,0.000051,0.000051
AAGTTCACTCCAAGCT-1,0.345393,0.052952,0.020903,0.464203,0.00004,0.116509
AAGTTCAGTCTGCGTA-1,0.624816,0.000039,0.000039,0.291272,0.049022,0.034811
AAGTTCGGCCAACAGG-1,0.509721,0.000417,0.007308,0.425921,0.000034,0.056598
AAGTTGTGATGTTATA-1,0.099891,0.431987,0.003968,0.298499,0.065842,0.099812
AAGTTTATGGGCCCAA-1,0.26691,0.51033,0.023011,0.056264,0.008363,0.135123
AATAACAACGCTCGGC-1,0.295546,0.000023,0.040309,0.664074,0.000025,0.000023
AATAACACTAGAACAA-1,0.091464,0.033831,0.293466,0.533999,0.000015,0.047225
AATAACGTCGCGCCCA-1,0.758163,0.000197,0.000036,0.187459,0.000036,0.05411
AATAAGTCCTCGAGAC-1,0.000066,0.072351,0.145234,0.697275,0.055793,0.029281
AATAATCTTCGTATCG-1,0.000044,0.404854,0.010923,0.250017,0.322697,0.011464
AATACAATGTTTCAGG-1,0.945597,0.000081,0.009299,0.000324,0.010788,0.03391
AATACCGGAGGGCTGT-1,0.597798,0.02833,0.000068,0.343622,0.021571,0.008611
AATACCTGATGTGAAC-1,0.501776,0.001676,0.094774,0.134915,0.016655,0.250203
AATAGAACAGAGTGGC-1,0.668271,0.000085,0.238836,0.054277,0.000085,0.038447
AATAGAATCTGTTTCA-1,0.303455,0.016249,0.009569,0.490921,0.00034,0.179465
AATAGCAAGCCTCCTG-1,0.089458,0.04117,0.000038,0.866481,0.002833,0.00002
AATAGCTACCGCGTGC-1,0.321384,0.273723,0.022344,0.366933,0.015596,0.00002
AATAGGCACGACCCTT-1,0.689934,0.00003,0.00003,0.309947,0.00003,0.00003
AATAGTCCGTCCCGAC-1,0.000101,0.021617,0.161539,0.446654,0.000051,0.370038
AATAGTCGCGAGTCGG-1,0.559221,0.000062,0.000026,0.389021,0.046218,0.005452
AATATCAAGGTCGGAT-1,0.568779,0.000078,0.024863,0.323479,0.000078,0.082721
AATATCCTAGCAAACT-1,0.000071,0.000035,0.000035,0.000142,0.692733,0.306984
AATATCGAATCAATGC-1,0.124121,0.290818,0.192099,0.283428,0.107693,0.001842
AATATCGAGGGTTCTC-1,0.567425,0.000043,0.241116,0.165675,0.025697,0.000043
AATATTGGAGTATTGA-1,0.388049,0.000063,0.052988,0.512292,0.038946,0.007662
AATCAGACTGCAGGAC-1,0.181664,0.026462,0.160946,0.628363,0.000035,0.00253
AATCAGGTTTCATTTA-1,0.670514,0.101044,0.004134,0.071711,0.043633,0.108965
AATCATGTAAAGACTC-1,0.143937,0.028508,0.000014,0.823066,0.000014,0.00446
AATCCAAGGGCCTGAG-1,0.17829,0.000045,0.167128,0.654446,0.000045,0.000045
AATCCATGCAAGGGTG-1,0.502461,0.000059,0.092933,0.404428,0.000059,0.000059
AATCCCGCTCAGAGCC-1,0.908952,0.000071,0.028946,0.057017,0.000071,0.004944
AATCGAGGTCTCAAGG-1,0.334016,0.000029,0.000029,0.665867,0.000029,0.000029
AATCGCCTCAGCGCCA-1,0.104806,0.035495,0.049264,0.810352,0.000042,0.000042
AATCGCGCAGAGGACT-1,0.666709,0.079733,0.003181,0.000197,0.176872,0.073307
AATCGGTATAGCCCTC-1,0.623906,0.000035,0.000035,0.00014,0.104196,0.271688
AATCGTGAGCCGAGCA-1,0.355896,0.155007,0.094398,0.394558,0.000124,0.000017
AATCTAGGTTTACTTG-1,0.666772,0.000058,0.000058,0.000233,0.33282,0.000058
AATCTATGCCGGAGCC-1,0.673937,0.095448,0.00104,0.150806,0.041369,0.0374
AATCTCTACTGTGGTT-1,0.456959,0.00009,0.00009,0.000359,0.542413,0.00009
AATCTGCGTTGGGACG-1,0.640749,0.00005,0.03374,0.1583,0.009689,0.157472
AATCTGGCTTTCTAGT-1,0.40903,0.000048,0.179263,0.000194,0.389365,0.022099
AATCTGGGTAGACCCT-1,0.16912,0.06504,0.125018,0.585903,0.018716,0.036203
AATGACAGCAATGTCT-1,0.458679,0.000041,0.000041,0.523134,0.000041,0.018065
AATGACGTAGGATGTC-1,0.009313,0.066728,0.268938,0.626311,0.00003,0.028681
AATGACTGTCAGCCGG-1,0.072386,0.000033,0.132532,0.794982,0.000033,0.000033
AATGAGTTCGCATATG-1,0.433255,0.000061,0.047385,0.415961,0.000061,0.103276
AATGATGATACGCTAT-1,0.382434,0.000026,0.272493,0.291378,0.053643,0.000026
AATGATGCGACTCCTG-1,0.176524,0.010891,0.007308,0.789298,0.000024,0.015955
AATGCAACCGGGTACC-1,0.156045,0.015811,0.306285,0.496506,0.000041,0.025313
AATGCACCAAGCAATG-1,0.000017,0.134163,0.039771,0.774724,0.000008,0.051316
AATGGCCGCCAATGCG-1,0.197702,0.229475,0.014657,0.322236,0.195724,0.040206
AATGGTCCACCGTTCA-1,0.75447,0.000132,0.001469,0.154688,0.000132,0.089107
AATGGTTCTCACAAGC-1,0.487097,0.000057,0.020482,0.492251,0.000057,0.000057
AATGTATGGCACTGTA-1,0.000064,0.000032,0.431003,0.000127,0.330024,0.238751
AATGTGCCCGAGGTGT-1,0.322502,0.000039,0.28763,0.362413,0.027377,0.000039
AATGTGCTAATCTGAG-1,0.256449,0.153326,0.110178,0.416238,0.016411,0.047398
AATGTTAAGACCCTGA-1,0.386655,0.000808,0.001382,0.220301,0.000021,0.390833
AATGTTGTCGTGAGAC-1,0.431205,0.28579,0.013131,0.097987,0.047322,0.124565
AATTAAAGGTCGGCGT-1,0.234784,0.000072,0.467003,0.297995,0.000072,0.000072
AATTAACGGATTTCCA-1,0.150717,0.000141,0.093471,0.079939,0.02034,0.655391
AATTACGAGACCCATC-1,0.060711,0.000048,0.000048,0.021518,0.917627,0.000048
AATTACTCGTACGCTC-1,0.280494,0.008273,0.082749,0.562673,0.028772,0.03704
AATTAGCGCTGCAGCG-1,0.420463,0.000088,0.352056,0.135604,0.0917,0.000088
AATTATACCCAGCAAG-1,0.780385,0.003525,0.000028,0.033573,0.000028,0.182461
AATTCATAAGGGATCT-1,0.418466,0.055484,0.006958,0.517313,0.001741,0.000038
AATTCATTGTCATGCA-1,0.000065,0.000033,0.11485,0.001209,0.346066,0.537777
AATTCCAACTTGGTGA-1,0.619841,0.000053,0.000212,0.358327,0.004322,0.017246
AATTCCAAGCATGTAC-1,0.134203,0.330609,0.031613,0.284269,0.000031,0.219275
AATTCGATTCGAGGAT-1,0.193464,0.373313,0.065249,0.295483,0.041711,0.030781
AATTCTAGAGTTAGGC-1,0.292038,0.000088,0.595639,0.025143,0.087004,0.000088
AATTGAACGCTCTGGT-1,0.081239,0.026423,0.176395,0.654627,0.000035,0.06128
AATTGCAGCAATCGAC-1,0.213187,0.200836,0.046786,0.476828,0.041466,0.020897
AATTGCGTGGATTACA-1,0.161674,0.000038,0.009153,0.011188,0.679961,0.137986
AATTGTGGTTGCCAAA-1,0.264356,0.166739,0.005606,0.159548,0.403731,0.000019
AATTTGGGACATAGTA-1,0.323991,0.000054,0.000054,0.675793,0.000054,0.000054
ACAAACCATGCGTCCT-1,0.595709,0.018796,0.000026,0.042097,0.041524,0.301848
ACAAACCGACAAGGCG-1,0.341772,0.000045,0.493421,0.164672,0.000045,0.000045
ACAAACTCCATCAGAG-1,0.555227,0.00002,0.00631,0.412264,0.00002,0.026159
ACAAAGAAGGTAGGCC-1,0.002274,0.061797,0.00696,0.056663,0.714139,0.158167
ACAAAGCATGACCTAG-1,0.381286,0.188371,0.021489,0.260872,0.07354,0.074443
ACAAATCGCACCGAAT-1,0.103063,0.056052,0.059892,0.780946,0.000023,0.000023
ACAAATGGTAGTGTTT-1,0.051288,0.002899,0.098032,0.727496,0.000028,0.120257
ACAAATTCAGATCTGA-1,0.300894,0.055127,0.008628,0.61104,0.020508,0.003804
ACAACAGCATGAGCTA-1,0.105165,0.00006,0.79406,0.000241,0.039867,0.060606
ACAACGGTCCCTGCGA-1,0.581053,0.000054,0.129671,0.208509,0.08066,0.000054
ACAAGCAGTGCCTAGC-1,0.572351,0.000044,0.001773,0.419958,0.00583,0.000044
ACAAGCTATATGGAAG-1,0.503503,0.029717,0.000024,0.077268,0.057748,0.33174
ACAAGGAAATCCGCCC-1,0.21684,0.139251,0.023411,0.605397,0.015054,0.000047
ACAAGGACAAGAGGTT-1,0.317719,0.000041,0.016931,0.589785,0.057953,0.017571
ACAAGGATGCTTTAGG-1,0.644905,0.000036,0.046566,0.246189,0.062269,0.000036
ACAAGGCCTACCAGCC-1,0.117055,0.059178,0.08526,0.724928,0.000019,0.01356
ACAAGGGCAGGCTCTG-1,0.000045,0.08992,0.544796,0.365192,0.000023,0.000023
ACAAGTAATTGTAAGG-1,0.189655,0.000019,0.000019,0.810269,0.000019,0.000019
ACAATAGTCGTACGTT-1,0.473945,0.000064,0.000064,0.362481,0.163382,0.000064
ACAATCCATTTAAACC-1,0.619351,0.000051,0.064097,0.263897,0.052554,0.000051
ACAATGAATACGGAGA-1,0.668857,0.000037,0.225964,0.07945,0.000037,0.025655
ACAATGATTCTTCTAC-1,0.285405,0.073579,0.013844,0.411681,0.171348,0.044142
ACAATTGTGTCTCTTT-1,0.085074,0.065625,0.00191,0.826645,0.020732,0.000014
ACAATTTAGGAGGCTC-1,0.587297,0.00007,0.170359,0.000281,0.135965,0.106027
ACAATTTGAGCAGTGG-1,0.000067,0.037095,0.101017,0.861766,0.000027,0.000027
ACAATTTGGCCATATT-1,0.046169,0.000073,0.000073,0.013425,0.92026,0.019998
ACACAAAGACGGGTGG-1,0.187639,0.029122,0.018246,0.764925,0.000034,0.000034
ACACAAATATTCCTAG-1,0.059732,0.412158,0.007962,0.43814,0.081993,0.000015
ACACACCAGGACCAGT-1,0.222428,0.020547,0.013615,0.731473,0.000032,0.011906
ACACACTTTCTACACG-1,0.086719,0.000135,0.208049,0.577122,0.12616,0.001815
ACACATGATCAAATCT-1,0.336791,0.000029,0.296897,0.000118,0.125807,0.240358
ACACATTGACGCAACA-1,0.115472,0.10795,0.000332,0.769268,0.00696,0.000018
ACACATTTCCGTAGAC-1,0.000164,0.000082,0.625773,0.000329,0.115231,0.25842
ACACCACATAATTAGC-1,0.253514,0.175281,0.109272,0.262922,0.166603,0.032408
ACACCCAGCATGCAGC-1,0.117248,0.000045,0.531579,0.351037,0.000045,0.000045
ACACCCGAGAAATCCG-1,0.000031,0.03993,0.000233,0.913659,0.000015,0.046132
ACACCCGTAAATCTGT-1,0.34969,0.12512,0.001579,0.053413,0.072422,0.397777
ACACCGAGCGCTCTTT-1,0.570034,0.013449,0.003629,0.280686,0.132167,0.000036
ACACCGGTCTGACCGC-1,0.265701,0.257625,0.000015,0.350718,0.000315,0.125627
ACACCTTAAGTAGGGC-1,0.227534,0.000059,0.14818,0.527849,0.008154,0.088224
ACACCTTACTACTTGC-1,0.095787,0.500796,0.000859,0.345519,0.057021,0.000019
ACACGAGACTCCTTCT-1,0.000101,0.00005,0.717344,0.25959,0.022865,0.00005
ACACGGCACTATGCAT-1,0.000069,0.006656,0.233874,0.658742,0.07719,0.023469
ACACGGGAACTTAGGG-1,0.223929,0.000067,0.668139,0.006819,0.10098,0.000067
ACACGTAGGCCACAAG-1,0.283936,0.191718,0.000026,0.095875,0.130186,0.298259
ACACTCCAATGTCACT-1,0.47598,0.000047,0.135017,0.388863,0.000047,0.000047
ACACTGATCAAGGTGT-1,0.347945,0.000051,0.03697,0.614931,0.000051,0.000051
ACACTGGGACAGTCGT-1,0.036679,0.31323,0.236074,0.186862,0.227133,0.000022
ACAGAACTGAGAACAA-1,0.890442,0.00005,0.00005,0.0118,0.00005,0.097608
ACAGATTAGGTTAGTG-1,0.000158,0.000079,0.163554,0.801383,0.022029,0.012798
ACAGCATAGAGCCAGT-1,0.731777,0.000203,0.147191,0.054003,0.066624,0.000203
ACAGCGACATTCTCAT-1,0.388056,0.135238,0.012275,0.389202,0.075199,0.00003
ACAGCGCACCCGCAGC-1,0.005381,0.011699,0.26175,0.379468,0.160088,0.181614
ACAGGAGGCGCAGCCG-1,0.761025,0.00256,0.000027,0.191759,0.000027,0.0446
ACAGGCACGGATCCTT-1,0.402381,0.193286,0.000011,0.303633,0.000017,0.100671
ACAGGCTTGCCCGACT-1,0.341456,0.02566,0.000041,0.49631,0.006419,0.130114
ACAGGTGGAGGTGAGG-1,0.521352,0.000047,0.130536,0.347973,0.000047,0.000047
ACAGGTGTGTTGTTGC-1,0.589885,0.007058,0.165128,0.003193,0.181328,0.053407
ACAGTAATACAACTTG-1,0.684576,0.000055,0.000055,0.000219,0.315042,0.000055
ACAGTATACCGTGGGA-1,0.431432,0.091134,0.003822,0.409707,0.063866,0.000037
ACAGTGCAGCGCATTT-1,0.049335,0.240435,0.005176,0.587619,0.011927,0.105508
ACATAAGTCGTGGTGA-1,0.084188,0.000082,0.116067,0.000328,0.680069,0.119266
ACATAATAAGGCGGTG-1,0.453919,0.000094,0.537179,0.00862,0.000094,0.000094
ACATACAATCAAGCGG-1,0.445198,0.000033,0.000033,0.554669,0.000033,0.000033
ACATCAGCTGGGACGC-1,0.856801,0.000155,0.000155,0.00062,0.00908,0.133189
ACATCCCGGCCATACG-1,0.011366,0.000096,0.009076,0.275497,0.017243,0.686722
ACATCCTGGTAACTGT-1,0.45665,0.151365,0.008333,0.255579,0.017277,0.110796
ACATCGATCGTTTACC-1,0.035823,0.043363,0.234378,0.653761,0.000052,0.032624
ACATCGCAATATTCGG-1,0.475212,0.000036,0.000036,0.524643,0.000036,0.000036
ACATCGGTCAGCCGCG-1,0.084304,0.004058,0.044492,0.867093,0.000027,0.000027
ACATCGTATGCAATGG-1,0.023962,0.004095,0.422841,0.523296,0.000024,0.025782
ACATCGTTAACCTAGT-1,0.223196,0.000071,0.682868,0.001989,0.091806,0.000071
ACATCTCAACGCGTAA-1,0.47065,0.000129,0.197375,0.02284,0.04999,0.259017
ACATGCTTACGGCAGC-1,0.351351,0.01623,0.216362,0.119391,0.003658,0.293008
ACATGGCGCCAAAGTA-1,0.497855,0.084238,0.00009,0.344828,0.072964,0.000025
ACATGGCTCAATTTAG-1,0.361032,0.016291,0.101092,0.500238,0.001573,0.019774
ACATTAGTTTATATCC-1,0.085028,0.000073,0.164646,0.750106,0.000073,0.000073
ACATTCGCGCGGAATA-1,0.128661,0.091384,0.005438,0.36675,0.00018,0.407587
ACATTTGAAACCTAAC-1,0.701964,0.000038,0.015456,0.000153,0.021901,0.260488
ACCAAACACCCAGCGA-1,0.261744,0.254341,0.117541,0.33052,0.007823,0.028031
ACCAACACCACACACT-1,0.012177,0.107528,0.001293,0.878987,0.000008,0.000008
ACCAACCGCACTCCAC-1,0.330505,0.160411,0.054078,0.403794,0.051201,0.00001
ACCAACGCTTATTTAT-1,0.188046,0.036632,0.000342,0.716163,0.000047,0.058771
ACCAAGAACGCGTGTC-1,0.322723,0.00006,0.127809,0.442344,0.003136,0.103927
ACCAAGTCATCGGCAG-1,0.770797,0.047594,0.075784,0.075972,0.00028,0.029572
ACCAATATGCAAGTTA-1,0.07857,0.053284,0.252224,0.595128,0.000038,0.020756
ACCACAACTCAGAACA-1,0.000037,0.269969,0.000019,0.729937,0.000019,0.000019
ACCACAAGTTTCTATC-1,0.112792,0.000053,0.001834,0.885216,0.000053,0.000053
ACCACACGGTTGATGG-1,0.456793,0.032445,0.000022,0.473359,0.000022,0.037359
ACCACCAATGTAACAA-1,0.003514,0.320677,0.000009,0.675784,0.000009,0.000009
ACCACCCTCTCTTCTA-1,0.110538,0.397943,0.003777,0.264452,0.14803,0.07526
ACCACGTGCAGCTATA-1,0.002651,0.050479,0.246612,0.640681,0.003211,0.056367
ACCACTGTTCAAGAAG-1,0.136294,0.092453,0.041798,0.615324,0.028048,0.086083
ACCAGACCATAACAAC-1,0.552013,0.082389,0.000022,0.037402,0.111002,0.217171
ACCAGCCCGGTCTTTG-1,0.000063,0.004226,0.178542,0.682289,0.089675,0.045205
ACCAGTGCCCGGTCAA-1,0.604803,0.003784,0.000032,0.317663,0.073686,0.000032
ACCAGTGCGGGAGACG-1,0.140973,0.055762,0.161485,0.549672,0.016342,0.075767
ACCATATCCGCAATAA-1,0.210312,0.000053,0.158203,0.543652,0.000053,0.087727
ACCATCCGCCAACTAG-1,0.413366,0.000064,0.121167,0.00741,0.457927,0.000064
ACCATCGTATATGGTA-1,0.417262,0.000068,0.000068,0.582467,0.000068,0.000068
ACCATTAAGGGTGTCA-1,0.282338,0.011302,0.185723,0.343521,0.171108,0.006007
ACCCAACGCCCGTGGC-1,0.565594,0.000064,0.11673,0.317485,0.000064,0.000064
ACCCACCTACATGCTC-1,0.418724,0.000052,0.415101,0.043736,0.099196,0.02319
ACCCATCTTGAGGGTA-1,0.033328,0.011699,0.103594,0.811618,0.037123,0.002637
ACCCATTTGTCCCTCT-1,0.341422,0.177786,0.079786,0.319676,0.081297,0.000032
ACCCGAGCGAAATTAC-1,0.818099,0.001353,0.000029,0.10982,0.000029,0.070671
ACCCGATTGGTTCCGA-1,0.001767,0.037488,0.000006,0.682728,0.000006,0.278004
ACCCGGAAACTCCCAG-1,0.413028,0.000119,0.394087,0.01013,0.064461,0.118175
ACCCGGAGCACCACAA-1,0.143814,0.00003,0.00003,0.136784,0.719313,0.00003
ACCCGGATGACGCATC-1,0.277609,0.001661,0.189425,0.51765,0.013629,0.000027
ACCCGGTTACACTTCC-1,0.342699,0.000061,0.490613,0.166504,0.000061,0.000061
ACCCGTAGCAGAGAAT-1,0.519367,0.000051,0.000051,0.000205,0.213353,0.266974
ACCCGTAGTCTAGTTG-1,0.414678,0.000041,0.046978,0.000162,0.312431,0.225711
ACCCGTGTCATCAGTA-1,0.344224,0.000078,0.000078,0.640356,0.000078,0.015184
ACCCTATAGGACTGAG-1,0.070441,0.000036,0.041532,0.887921,0.000036,0.000036
ACCCTATGCCATATCG-1,0.000865,0.012685,0.000022,0.983979,0.000021,0.002427
ACCCTCCCGTCAGGGC-1,0.394503,0.072704,0.000017,0.126124,0.000754,0.405898
ACCCTCCCTTGCTATT-1,0.19645,0.108936,0.097092,0.525616,0.006242,0.065664
ACCCTGGTAACGCCCT-1,0.551779,0.062738,0.024444,0.247995,0.106312,0.006732
ACCCTTGCCTGGGTCG-1,0.003901,0.48668,0.006837,0.348045,0.154523,0.000013
ACCCTTTAGTTCTCCA-1,0.001389,0.120383,0.257059,0.595348,0.025791,0.000031
ACCGAAAGGGCCCTGC-1,0.057116,0.000035,0.504472,0.438307,0.000035,0.000035
ACCGAAGAGTCTGGTT-1,0.170874,0.13603,0.000111,0.108505,0.454291,0.130188
ACCGACACATCTCCCA-1,0.360508,0.102694,0.194196,0.162258,0.000146,0.180199
ACCGACTGAGTCCCAC-1,0.517799,0.000138,0.411731,0.068048,0.002145,0.000138
ACCGAGTCTCCTTATT-1,0.039499,0.620281,0.028667,0.216771,0.00001,0.094772
ACCGATAGGCATAACC-1,0.000025,0.306393,0.050392,0.194977,0.210319,0.237894
ACCGATATTTAATCAT-1,0.00005,0.404683,0.025924,0.156826,0.283243,0.129274
ACCGATGGTAGCATCG-1,0.622993,0.00004,0.004992,0.368072,0.003863,0.00004
ACCGCAATAACTGCCT-1,0.00999,0.225998,0.147588,0.597215,0.000022,0.019186
ACCGCGGTGGAAGTCG-1,0.364228,0.057886,0.000026,0.530392,0.047443,0.000026
ACCGCTAGTCATTGGT-1,0.828372,0.000065,0.000065,0.00026,0.000065,0.171172
ACCGGGCCTTTGTTGA-1,0.38388,0.015363,0.28799,0.220504,0.084965,0.007299
ACCGGTCAGGTACACC-1,0.68757,0.110944,0.000052,0.048097,0.136909,0.016427
ACCGGTCTGAGTACGG-1,0.149533,0.011481,0.295226,0.424049,0.001945,0.117766
ACCGTCCACTGGGCCC-1,0.043399,0.000036,0.000036,0.0207,0.674945,0.260885
ACCGTGACCACGTGGG-1,0.733695,0.006369,0.056895,0.154437,0.030193,0.018411
ACCTAAGTACCTTTCA-1,0.543961,0.00006,0.232701,0.000242,0.00006,0.222976
ACCTAATCGACTTCCT-1,0.495535,0.000057,0.106281,0.367594,0.030477,0.000057
ACCTACAGTATGTGGT-1,0.36515,0.143518,0.264581,0.033212,0.1935,0.000038
ACCTACTATAAATCTA-1,0.290429,0.37169,0.023626,0.175267,0.000027,0.138962
ACCTCAGCGAGGCGCA-1,0.193182,0.000386,0.000386,0.805274,0.000386,0.000386
ACCTCCGCCCTCGCTG-1,0.086638,0.451869,0.005787,0.211698,0.131653,0.112355
ACCTCCGTTATTCACC-1,0.060552,0.310888,0.00002,0.500324,0.098226,0.02999
ACCTCGAACTTATGCT-1,0.337947,0.001295,0.40419,0.000098,0.235316,0.021153
ACCTGCGTGTCATGTT-1,0.198223,0.000046,0.489855,0.000183,0.126732,0.184961
ACGAAATGGGCGGCAC-1,0.386158,0.000032,0.043265,0.549869,0.020644,0.000032
ACGACCCATGAGTTGC-1,0.000064,0.004524,0.081536,0.07212,0.841724,0.000032
ACGACTCTAGGGCCGA-1,0.43065,0.129854,0.017875,0.388072,0.000011,0.033538
ACGACTGGTCATACTC-1,0.516539,0.001754,0.294398,0.026941,0.101881,0.058486
ACGAGAACCCATCACG-1,0.560649,0.000121,0.042432,0.179193,0.000121,0.217483
ACGAGATATTTGCTTA-1,0.1898,0.015058,0.228475,0.542036,0.000061,0.02457
ACGAGGATACCACTCT-1,0.766797,0.000069,0.000069,0.000276,0.089028,0.14376
ACGAGGTTTACAACGT-1,0.491296,0.00005,0.134364,0.012157,0.362084,0.00005
ACGAGTACGGATGCCC-1,0.721595,0.000054,0.000054,0.235432,0.04281,0.000054
ACGAGTCGCCGGCGTT-1,0.178146,0.164542,0.060387,0.49203,0.004219,0.100675
ACGATACATAGAACTA-1,0.001045,0.134342,0.000598,0.86395,0.000032,0.000032
ACGATACCTATCCTGA-1,0.609077,0.007831,0.061966,0.188065,0.132952,0.000109
ACGATCATACATAGAG-1,0.286444,0.000071,0.67001,0.043334,0.000071,0.000071
ACGATCATCTTGTAAA-1,0.252043,0.038309,0.152608,0.528688,0.028323,0.000029
ACGATGCATATGTTAT-1,0.31016,0.000051,0.002661,0.687026,0.000051,0.000051
ACGATGGATCCGATGC-1,0.000164,0.042602,0.210665,0.439982,0.068088,0.238499
ACGCAAACTAATAGAT-1,0.094214,0.072301,0.000017,0.797932,0.000017,0.035519
ACGCAATCACTACAGC-1,0.186881,0.168913,0.069732,0.513799,0.017021,0.043654
ACGCATAAATGACATG-1,0.338413,0.022497,0.017315,0.487022,0.070336,0.064418
ACGCATACGTTTACTA-1,0.416187,0.060149,0.000032,0.506468,0.017132,0.000032
ACGCATTCGTGAGTAC-1,0.023596,0.000058,0.101131,0.858049,0.017109,0.000058
ACGCCACTCGAAACAG-1,0.25276,0.097916,0.000024,0.346597,0.000024,0.302678
ACGCCAGATGATTTCT-1,0.236149,0.000095,0.68474,0.000381,0.078539,0.000095
ACGCCAGTGCGTTTGC-1,0.829847,0.000038,0.000037,0.053598,0.037952,0.078529
ACGCCCAGCTGTCGAT-1,0.000069,0.036723,0.214784,0.657077,0.05066,0.040687
ACGCCGCTAGACGACC-1,0.224483,0.000076,0.694863,0.020539,0.059962,0.000076
ACGCCTGACACGCGCT-1,0.584651,0.019691,0.000024,0.144831,0.109686,0.141117
ACGCGAAGTCAGACGA-1,0.055695,0.000056,0.256114,0.666322,0.021758,0.000056
ACGCGCTACACAGGGT-1,0.266569,0.000026,0.000026,0.733326,0.000026,0.000026
ACGCGGGCCAAGGACA-1,0.399805,0.000076,0.237532,0.33,0.032511,0.000076
ACGCGTTTCTTAAGAG-1,0.869531,0.000033,0.000033,0.026915,0.092213,0.011276
ACGCTACTGAATGGGC-1,0.137835,0.038935,0.00005,0.0002,0.00005,0.82293
ACGCTAGTATCAGTGC-1,0.0638,0.546887,0.017505,0.28946,0.007245,0.075104
ACGCTAGTGATACACT-1,0.000715,0.022352,0.000017,0.866174,0.000017,0.110725
ACGCTGTGAGGCGTAG-1,0.403359,0.000068,0.022298,0.160674,0.413533,0.000068
ACGCTTAGTGTCTCTC-1,0.000054,0.271652,0.232325,0.464321,0.000027,0.031621
ACGGAACACGAGTGCC-1,0.300282,0.043793,0.000023,0.399803,0.000953,0.255146
ACGGAATTTAGCAAAT-1,0.496896,0.000086,0.000086,0.3802,0.000086,0.122645
ACGGACGCAGCGACAA-1,0.199143,0.081438,0.00647,0.298686,0.000026,0.414236
ACGGACTCTCAAAGCG-1,0.08426,0.000051,0.182697,0.73289,0.000051,0.000051
ACGGAGCGCAAATTAC-1,0.000016,0.001545,0.003861,0.925389,0.000008,0.069181
ACGGATGGTGCGGATA-1,0.285528,0.029792,0.140575,0.544012,0.000047,0.000047
ACGGCACTTGCTTGGG-1,0.000088,0.201144,0.258041,0.48498,0.037823,0.017924
ACGGCCAACATGGACT-1,0.167395,0.000047,0.305119,0.50847,0.000047,0.018924
ACGGCGACGATGGGAA-1,0.022988,0.107471,0.114482,0.616065,0.138966,0.000028
ACGGCGGGTTGCCCTG-1,0.144488,0.128177,0.053232,0.412428,0.000057,0.261618
ACGGCTGGATGTAGAA-1,0.191247,0.000032,0.330186,0.000142,0.450121,0.028273
ACGGGAGTGTCGGCCC-1,0.505269,0.000035,0.184075,0.283073,0.027512,0.000035
ACGGGCGTATGCGACA-1,0.433141,0.081267,0.001635,0.238462,0.245455,0.000039
ACGGGTCATGTGACTT-1,0.321764,0.004165,0.069296,0.41845,0.021129,0.165196
ACGGGTTGTGACCTGT-1,0.06319,0.000093,0.000093,0.000372,0.430021,0.506231
ACGGTACAGTTCAATG-1,0.496633,0.057219,0.066578,0.026887,0.072723,0.279961
ACGGTCACCGAGAACA-1,0.845327,0.035586,0.000021,0.001178,0.109771,0.008117
ACGTACTTTGGCACGG-1,0.367196,0.166691,0.003144,0.12916,0.005461,0.328348
ACGTAGATTGCTGATG-1,0.582054,0.000274,0.09193,0.178381,0.000274,0.147087
ACGTAGGAGAGTCGCT-1,0.011717,0.382743,0.355049,0.000082,0.001732,0.248676
ACGTATTACTCCGATC-1,0.135503,0.029695,0.513159,0.181406,0.031212,0.109025
ACGTCGGGCAACTCGG-1,0.00009,0.000045,0.034792,0.00018,0.687327,0.277566
ACGTCTCGTTCCGGGA-1,0.079268,0.000036,0.000036,0.000143,0.719508,0.201009
ACGTGACAAAGTAAGT-1,0.043773,0.000041,0.000041,0.000162,0.912596,0.043388
ACGTGCGCCTCGTGCA-1,0.386216,0.000131,0.548431,0.000526,0.023965,0.040731
ACGTGGTCGAATGTGC-1,0.386166,0.000075,0.439865,0.171852,0.001967,0.000075
ACGTTAATGTCGAAGA-1,0.505056,0.000136,0.211631,0.105158,0.177884,0.000136
ACGTTAGATTTGCCCG-1,0.509984,0.000065,0.13945,0.334805,0.015632,0.000065
ACGTTATTGGTCACTC-1,0.253493,0.011414,0.00585,0.714043,0.015153,0.000046
ACGTTCACTATGCCGC-1,0.868023,0.000064,0.088649,0.000256,0.000064,0.042945
ACGTTCCGCGCTCCGT-1,0.408313,0.000087,0.581426,0.000346,0.009741,0.000087
ACGTTCGCAATCAATT-1,0.070656,0.377108,0.003081,0.354397,0.012468,0.182291
ACGTTCGTTCAGGAAA-1,0.40044,0.007811,0.127529,0.464121,0.000049,0.000049
ACGTTCTGTACAAGTC-1,0.535397,0.100453,0.168439,0.091976,0.102317,0.001418
ACGTTGTCGTTGAAAG-1,0.733973,0.000199,0.065805,0.162284,0.000029,0.037711
ACGTTTCGGTGCACTT-1,0.724164,0.000082,0.000082,0.024148,0.215908,0.035617
ACTAAGGACGCACACC-1,0.277744,0.207251,0.000026,0.350386,0.164567,0.000026
ACTAATACGTCAGGCG-1,0.304324,0.000752,0.064533,0.552469,0.040912,0.037009
ACTACAAAGAGAGGTG-1,0.528359,0.309816,0.122564,0.039214,0.000024,0.000024
ACTACATCCCGACAAG-1,0.313396,0.009858,0.193723,0.100971,0.21717,0.164882
ACTACCAGCTCTCTGG-1,0.11254,0.042123,0.012111,0.787766,0.007687,0.037774
ACTACCATCCGAGGGC-1,0.721134,0.02265,0.005936,0.035077,0.003211,0.211992
ACTACGCGTTAGAATT-1,0.105551,0.0529,0.061144,0.727663,0.000058,0.052684
ACTAGTTGCGATCGTC-1,0.402157,0.095461,0.013389,0.148595,0.075645,0.264753
ACTATATGCTGTGTTC-1,0.462315,0.030412,0.056592,0.448834,0.001803,0.000044
ACTATCCAGGGCATGG-1,0.39705,0.185999,0.000023,0.406351,0.010553,0.000023
ACTATCGCCGGCTAAA-1,0.368061,0.01067,0.000029,0.319523,0.017476,0.284241
ACTATCTGCCCGCGTA-1,0.335274,0.208256,0.00003,0.243245,0.213165,0.00003
ACTATGTCCAGCTGCC-1,0.302018,0.211056,0.236507,0.139805,0.05777,0.052844
ACTATTCGTCCGTGGT-1,0.556847,0.000101,0.421384,0.017586,0.003981,0.000101
ACTATTTCCGGGCCCA-1,0.3814,0.001312,0.124422,0.492802,0.000032,0.000032
ACTCAACGAATGTATT-1,0.348088,0.000149,0.067841,0.000596,0.000149,0.583176
ACTCAAGTGCAAGGCT-1,0.588373,0.0069,0.268828,0.109687,0.02617,0.000043
ACTCAATAAAGGCACG-1,0.30627,0.000119,0.090177,0.303298,0.000119,0.300016
ACTCAGACCTGCTTCT-1,0.400382,0.000093,0.012254,0.559871,0.000093,0.027306
ACTCATGGCAGCCTTC-1,0.370356,0.082775,0.000236,0.209581,0.071122,0.26593
ACTCCAATATCATCAT-1,0.321062,0.009295,0.000025,0.389111,0.000025,0.280483
ACTCCCATTCCTAAAG-1,0.795259,0.000065,0.000065,0.000261,0.204284,0.000065
ACTCCCGAATTCGTTT-1,0.054223,0.041749,0.009976,0.894005,0.000024,0.000024
ACTCCCGTAGACTAGG-1,0.209605,0.38941,0.000023,0.133625,0.105505,0.161833
ACTCCCTAATGCTAAA-1,0.442291,0.00015,0.259352,0.072966,0.054208,0.171034
ACTCCCTAGAATAGTA-1,0.390293,0.000091,0.330565,0.176173,0.102786,0.000091
ACTCCGGCCGACCACT-1,0.740636,0.015257,0.065737,0.011954,0.032068,0.134349
ACTCGATGTATTTCAT-1,0.507359,0.001325,0.112434,0.378768,0.000056,0.000056
ACTCGCCGTTCGATAA-1,0.117838,0.447402,0.025438,0.373261,0.035677,0.000384
ACTCGCGATCTGACGC-1,0.062985,0.034325,0.000052,0.238931,0.663655,0.000052
ACTCGTAACCCGTCCT-1,0.337665,0.101338,0.126437,0.365418,0.028258,0.040884
ACTCGTCAGTAATCCC-1,0.000062,0.032777,0.132519,0.83458,0.000031,0.000031
ACTCTAAACCTGGGAT-1,0.65511,0.092502,0.000021,0.05871,0.079585,0.114071
ACTCTCTGACTTAGGT-1,0.00017,0.050591,0.261811,0.687343,0.000043,0.000043
ACTCTCTTATACACGA-1,0.042875,0.112568,0.027666,0.814511,0.000027,0.002354
ACTCTGACCTAATAGA-1,0.96427,0.000024,0.000024,0.000096,0.024652,0.010934
ACTCTTCAGCTCCCGC-1,0.000036,0.098851,0.376521,0.000073,0.403218,0.121301
ACTCTTGTATAGTAAC-1,0.491858,0.000198,0.14898,0.147034,0.050285,0.161644
ACTGAAACGCCGTTAG-1,0.376293,0.000021,0.121806,0.50047,0.001389,0.000021
ACTGAATGGCGAAAGT-1,0.148629,0.042546,0.000027,0.767778,0.000027,0.040991
