Barcode,Topic 1,Topic 2,Topic 3,Topic 4,Topic 5,Topic 6,Topic 7,Topic 8,Topic 9,Topic 10,Topic 11,Topic 12
AAACAACGAATAGTTC-1,0.00002,0.259996,0.083554,0.016223,0.06577,0.014405,0.211604,0.001137,0.066294,0.266932,0.00002,0.014045
AAACAAGTATCTCCCA-1,0.065017,0.301107,0.059904,0.011373,0.023508,0.012853,0.247191,0.075424,0.07451,0.049636,0.0047,0.074778
AAACAATCTACTAGCA-1,0.023169,0.035841,0.038985,0.041983,0.044734,0.115231,0.292204,0.040643,0.04094,0.247734,0.000015,0.078523
AAACACCAATAACTGC-1,0.065705,0.248468,0.046367,0.039647,0.022288,0.018895,0.360089,0.060598,0.015901,0.007939,0.041053,0.073052
AAACAGAGCGACTCCT-1,0.006815,0.000018,0.001004,0.167276,0.327531,0.469017,0.006,0.003,0.004255,0.015048,0.000018,0.000018
AAACAGCTTTCAGAAG-1,0.0001,0.027824,0.018689,0.005372,0.005154,0.083923,0.14127,0.000737,0.594885,0.117616,0.00143,0.003
AAACAGGGTCTATATT-1,0.005674,0.308086,0.128117,0.024184,0.058938,0.038295,0.200226,0.036414,0.062261,0.078968,0.041941,0.016896
AAACAGTGTTCCTGGG-1,0.03525,0.000021,0.03713,0.000021,0.014921,0.000021,0.000021,0.000021,0.000021,0.000021,0.572615,0.339939
AAACATGGTGAGAGGA-1,0.14989,0.035777,0.022122,0.162107,0.034998,0.096035,0.142131,0.164964,0.037042,0.026263,0.049049,0.079623
AAACATTTCCCGGATT-1,0.096205,0.237617,0.043414,0.038314,0.040592,0.022438,0.127685,0.032726,0.013956,0.002897,0.165032,0.179126
AAACCACTACACAGAT-1,0.000015,0.01476,0.031476,0.150289,0.367695,0.195642,0.011433,0.028958,0.022253,0.177448,0.000015,0.000015
AAACCCGAACGAAATC-1,0.011502,0.025513,0.051316,0.123794,0.019514,0.032702,0.316149,0.125001,0.039677,0.19895,0.050913,0.00497
AAACCGGAAATGTTAA-1,0.013709,0.40738,0.041908,0.146096,0.030633,0.021568,0.093961,0.14636,0.010179,0.039339,0.003645,0.045221
AAACCGGGTAGGTACC-1,0.000606,0.418912,0.06744,0.044003,0.155367,0.052652,0.146924,0.002065,0.012543,0.037573,0.057649,0.004266
AAACCGTTCGTCCAGG-1,0.013899,0.304392,0.079059,0.003593,0.004653,0.002382,0.342406,0.048029,0.029144,0.038993,0.016008,0.117441
AAACCTAAGCAGCCGG-1,0.000022,0.189777,0.09034,0.000022,0.000022,0.000022,0.008843,0.000022,0.000022,0.000022,0.431769,0.279115
AAACCTCATGAAGTTG-1,0.000025,0.21859,0.178595,0.02792,0.281746,0.187035,0.038576,0.018268,0.026421,0.012791,0.000025,0.01001
AAACGAAGAACATACC-1,0.019866,0.342716,0.072945,0.038672,0.136102,0.06266,0.119762,0.022875,0.073428,0.110904,0.000034,0.000034
AAACGAAGATGGAGTA-1,0.010759,0.110093,0.18938,0.040218,0.024756,0.01287,0.213513,0.187957,0.043343,0.053425,0.088583,0.025102
AAACGACAGTCTTGCC-1,0.019721,0.132679,0.071075,0.083571,0.411231,0.173299,0.04542,0.023641,0.019411,0.019916,0.000018,0.000018
AAACGAGACGGTTGAT-1,0.000026,0.143663,0.015813,0.13142,0.182825,0.148488,0.311482,0.000026,0.006025,0.06018,0.000026,0.000026
AAACGCCCGAGATCGG-1,0.000028,0.10403,0.117266,0.027649,0.296098,0.274015,0.043381,0.018855,0.006255,0.079403,0.000028,0.032992
AAACGCTGGGCACGAC-1,0.068514,0.168756,0.00423,0.055471,0.010453,0.047135,0.128628,0.012924,0.003164,0.001047,0.175935,0.323743
AAACGGGCGTACGGGT-1,0.019732,0.227808,0.016521,0.000016,0.001769,0.004292,0.014885,0.012211,0.003013,0.002955,0.0469,0.649897
AAACGGGTTGGTATCC-1,0.000046,0.55523,0.002931,0.021821,0.011255,0.000046,0.310905,0.000046,0.000046,0.092554,0.000046,0.005074
AAACGGTTGCGAACTG-1,0.004166,0.208188,0.003207,0.000025,0.000025,0.000025,0.000025,0.000025,0.000025,0.000025,0.036966,0.747301
AAACGTGTTCGCCCTA-1,0.000042,0.571277,0.147493,0.000042,0.276024,0.004866,0.000042,0.000042,0.000042,0.000042,0.000042,0.000042
AAACTAACGTGGCGAC-1,0.000031,0.333886,0.068174,0.029932,0.327688,0.175646,0.045469,0.001325,0.009148,0.006118,0.002552,0.000031
AAACTCGGTTCGCAAT-1,0.119299,0.040731,0.000026,0.000026,0.000026,0.000026,0.000026,0.020857,0.000026,0.004272,0.23469,0.579994
AAACTCGTGATATAAG-1,0.003682,0.407999,0.050362,0.00933,0.190611,0.31781,0.010445,0.000034,0.000034,0.000034,0.009625,0.000034
AAACTGCTGGCTCCAA-1,0.011994,0.040012,0.013573,0.141072,0.02443,0.04822,0.291732,0.045314,0.034259,0.223252,0.000013,0.126129
AAACTTAATTGCACGC-1,0.047883,0.277918,0.044724,0.047545,0.027777,0.029795,0.179244,0.162692,0.016979,0.024082,0.045631,0.09573
AAACTTGCAAACGTAT-1,0.000793,0.07468,0.254893,0.028801,0.136802,0.029034,0.098943,0.006721,0.031028,0.09945,0.238841,0.000013
AAAGAATGACCTTAGA-1,0.344691,0.004987,0.010253,0.08979,0.027604,0.044278,0.038374,0.084259,0.027888,0.034793,0.003863,0.289221
AAAGAATGTGGACTAA-1,0.000032,0.09739,0.00581,0.000032,0.000032,0.000032,0.000032,0.000032,0.000032,0.000032,0.53977,0.356774
AAAGACATGAAGTTTA-1,0.000043,0.65701,0.099797,0.007179,0.140515,0.004521,0.040954,0.000043,0.009031,0.040822,0.000043,0.000043
AAAGACCCAAGTCGCG-1,0.000035,0.274696,0.037146,0.106283,0.081785,0.157641,0.249797,0.000035,0.00495,0.081985,0.000035,0.005613
AAAGACTGGGCGCTTT-1,0.265842,0.556099,0.022881,0.00004,0.00004,0.007453,0.00004,0.00004,0.038802,0.00004,0.108683,0.00004
AAAGCTTGCCTACATA-1,0.010253,0.15811,0.141741,0.000263,0.053398,0.118158,0.025783,0.000023,0.448694,0.043532,0.000023,0.000023
AAAGGCCCTATAATAC-1,0.009858,0.070586,0.001165,0.020955,0.018284,0.011277,0.031884,0.01871,0.004539,0.00817,0.667411,0.137161
AAAGGCTACGGACCAT-1,0.231946,0.000639,0.002989,0.053444,0.027261,0.094859,0.002722,0.10727,0.024773,0.085326,0.134464,0.234306
AAAGGCTCTCGCGCCG-1,0.061853,0.449162,0.088421,0.007038,0.011105,0.000841,0.151696,0.078967,0.065769,0.039488,0.000477,0.045182
AAAGGGATGTAGCAAG-1,0.000104,0.713278,0.000104,0.000104,0.064363,0.033267,0.000104,0.000104,0.000104,0.000104,0.18826,0.000104
AAAGGGCAGCTTGAAT-1,0.000026,0.051202,0.008571,0.009063,0.249557,0.52112,0.000026,0.000026,0.000026,0.000026,0.160333,0.000026
AAAGGTAAGCTGTACC-1,0.022127,0.042407,0.016678,0.117841,0.416533,0.294033,0.034767,0.024731,0.007984,0.022845,0.000027,0.000027
AAAGGTCAACGACATG-1,0.000018,0.098689,0.095707,0.148946,0.178648,0.319537,0.030104,0.012143,0.018641,0.097533,0.000018,0.000018
AAAGTAGCATTGCTCA-1,0.001993,0.017431,0.048182,0.088201,0.029519,0.017355,0.604886,0.004018,0.004482,0.011101,0.170643,0.002187
AAAGTCACTGATGTAA-1,0.000031,0.218719,0.034906,0.088589,0.189984,0.079651,0.119771,0.004158,0.083976,0.180154,0.000031,0.000031
AAAGTCGACCCTCAGT-1,0.013171,0.114831,0.131455,0.035961,0.486232,0.0484,0.036912,0.042789,0.043055,0.015441,0.031735,0.000018
AAAGTGCCATCAATTA-1,0.000018,0.453198,0.035,0.000018,0.000082,0.001523,0.017765,0.006275,0.003679,0.000018,0.259911,0.222512
AAAGTGTGATTTATCT-1,0.068332,0.065472,0.01429,0.07186,0.016121,0.048801,0.522595,0.023132,0.078605,0.060394,0.022714,0.007683
AAAGTTGACTCCCGTA-1,0.000026,0.313196,0.051448,0.03331,0.022045,0.003447,0.433847,0.013198,0.000751,0.027798,0.000026,0.100906
AAATAACCATACGGGA-1,0.000038,0.201177,0.073757,0.184664,0.345751,0.182605,0.001321,0.000038,0.000038,0.010537,0.000038,0.000038
AAATAAGGTAGTGCCC-1,0.000023,0.563959,0.049055,0.049618,0.053057,0.016397,0.134708,0.000293,0.017894,0.114949,0.000023,0.000023
AAATACCTATAAGCAT-1,0.001886,0.184904,0.062097,0.031529,0.00709,0.014024,0.564,0.039339,0.015554,0.030123,0.035238,0.014214
AAATAGCTTAGACTTT-1,0.001381,0.174048,0.10184,0.094152,0.027146,0.089025,0.298512,0.004549,0.052082,0.148837,0.000016,0.008413
AAATAGGGTGCTATTG-1,0.035245,0.117199,0.114678,0.012985,0.019047,0.053465,0.108888,0.073071,0.360503,0.092951,0.001342,0.010626
AAATCACTCCTAAACG-1,0.103091,0.003031,0.074208,0.041218,0.468798,0.192207,0.034155,0.0169,0.034451,0.031286,0.000642,0.000013
AAATCCGATACACGCC-1,0.597914,0.068129,0.031237,0.049954,0.030446,0.021765,0.038515,0.049448,0.033218,0.012745,0.014787,0.051841
AAATCGCGGAAGGAGT-1,0.063683,0.020312,0.035799,0.144021,0.023066,0.03422,0.253677,0.190809,0.039615,0.148001,0.003626,0.043171
AAATCGTGTACCACAA-1,0.001937,0.276359,0.02611,0.05987,0.036535,0.066148,0.409133,0.00311,0.026555,0.069388,0.012758,0.012098
AAATCTAGCCCTGCTA-1,0.204369,0.047322,0.032588,0.061135,0.028287,0.055456,0.046886,0.095521,0.129377,0.034693,0.242072,0.022293
AAATCTGCCCGCGTCC-1,0.000027,0.086065,0.000027,0.000027,0.000027,0.000027,0.000027,0.000027,0.000027,0.000027,0.000027,0.913667
AAATGACTGATCAAAC-1,0.401928,0.000017,0.000017,0.000017,0.000017,0.000017,0.000017,0.000017,0.000017,0.000017,0.000017,0.597906
AAATGATTCGATCAGC-1,0.000191,0.779907,0.000191,0.000191,0.000191,0.000191,0.000191,0.000191,0.000191,0.000191,0.218186,0.000191
AAATGCTCGTTACGTT-1,0.000054,0.557295,0.372015,0.000054,0.045043,0.000054,0.000054,0.000054,0.000054,0.015996,0.009276,0.000054
AAATGGCATGTCTTGT-1,0.002121,0.156634,0.04291,0.031626,0.163331,0.171014,0.050231,0.002082,0.261916,0.048282,0.06982,0.000034
AAATGGCCCGTGCCCT-1,0.000013,0.450288,0.073708,0.019705,0.020142,0.019976,0.285608,0.012367,0.028832,0.057454,0.005571,0.026335
AAATGGTCAATGTGCC-1,0.121989,0.174011,0.109766,0.032982,0.322193,0.137534,0.040924,0.007332,0.030138,0.017133,0.005969,0.000027
AAATGTATCTTATCCC-1,0.176756,0.000548,0.038317,0.0358,0.273348,0.29356,0.000011,0.029716,0.060103,0.040626,0.051204,0.000011
AAATGTGGGTGCTCCT-1,0.00002,0.140893,0.010101,0.007578,0.002783,0.057749,0.102043,0.00002,0.518588,0.160187,0.00002,0.00002
AAATTAACGGGTAGCT-1,0.000024,0.138805,0.103547,0.051408,0.165126,0.243415,0.0215,0.006237,0.110346,0.154133,0.005434,0.000024
AAATTAATAAGCGCGA-1,0.073934,0.264362,0.205626,0.00004,0.012067,0.049374,0.00004,0.018435,0.087314,0.000279,0.282767,0.005761
AAATTACACGACTCTG-1,0.081775,0.014876,0.096305,0.120544,0.393561,0.213636,0.020321,0.003661,0.014935,0.040349,0.000019,0.000019
AAATTACCTATCGATG-1,0.049951,0.037439,0.028116,0.050577,0.160603,0.642114,0.011646,0.00283,0.013325,0.003371,0.000013,0.000013
AAATTCCAGGTCCAAA-1,0.000014,0.208269,0.008972,0.069592,0.024536,0.018278,0.513878,0.000029,0.012839,0.143564,0.000014,0.000014
AAATTGATAGTCCTTT-1,0.036533,0.037676,0.028149,0.059193,0.023974,0.020266,0.033364,0.351404,0.087524,0.220988,0.012457,0.088473
AAATTGCGGCGGTTCT-1,0.000026,0.125106,0.020041,0.154264,0.22229,0.006988,0.14592,0.000026,0.003523,0.321764,0.000026,0.000026
AAATTGGTGAGAAGCA-1,0.000076,0.623318,0.008225,0.000076,0.053469,0.000117,0.000076,0.000076,0.000076,0.000076,0.314339,0.000076
AAATTTACCGAAATCC-1,0.081318,0.063033,0.03635,0.141812,0.231454,0.1384,0.076279,0.010652,0.097506,0.123144,0.000026,0.000026
AAATTTGCGGGTGTGG-1,0.003651,0.411353,0.032102,0.030001,0.015973,0.022788,0.12818,0.007702,0.075699,0.125391,0.002365,0.144795
AACAACTGGTAGTTGC-1,0.000095,0.873594,0.000095,0.000095,0.050278,0.051941,0.000095,0.000095,0.000095,0.000095,0.000095,0.023429
AACAATACATTGTCGA-1,0.456707,0.000004,0.001754,0.072232,0.007518,0.038434,0.023345,0.10854,0.063311,0.228146,0.000004,0.000004
AACAATTACTCTACGC-1,0.000104,0.920546,0.000104,0.000104,0.000104,0.000104,0.000104,0.000104,0.000104,0.000104,0.022061,0.056459
AACACACGCTCGCCGC-1,0.100654,0.299103,0.118268,0.028718,0.031736,0.019347,0.078748,0.159729,0.035658,0.074145,0.039811,0.014084
AACACGACTGTACTGA-1,0.000055,0.505096,0.054647,0.101196,0.068468,0.115385,0.152996,0.000055,0.000684,0.001308,0.000055,0.000055
AACACGAGACGCGGCC-1,0.021771,0.003798,0.006063,0.130331,0.049525,0.082414,0.042145,0.014264,0.040538,0.545723,0.063414,0.000014
AACACGCGGCCGCGAA-1,0.000043,0.274949,0.032003,0.000161,0.04664,0.022017,0.473749,0.000043,0.040435,0.076784,0.000043,0.033134
AACAGCTGTGTGGCAA-1,0.208174,0.123475,0.057602,0.088662,0.04951,0.062074,0.185894,0.081884,0.090434,0.032029,0.001222,0.019041
AACAGGAAATCGAATA-1,0.000024,0.053948,0.065398,0.116689,0.34535,0.142984,0.074217,0.009775,0.02782,0.163748,0.000024,0.000024
AACAGGATGGGCCGCG-1,0.000063,0.771438,0.014627,0.000063,0.009977,0.068475,0.000063,0.000063,0.000063,0.000063,0.135039,0.000063
AACAGGTAGTATGGAT-1,0.00002,0.103327,0.070881,0.00002,0.011686,0.00002,0.06031,0.00002,0.00002,0.009899,0.743777,0.00002
AACATAGCGTGTATCG-1,0.000047,0.104358,0.000047,0.000047,0.000047,0.000047,0.000047,0.000047,0.000047,0.000047,0.069417,0.825802
AACATATCAACTGGTG-1,0.001125,0.119096,0.125749,0.049232,0.030187,0.250385,0.128708,0.000026,0.26763,0.02781,0.000026,0.000026
AACATCGATACGTCTA-1,0.000108,0.815737,0.000108,0.000108,0.000108,0.000108,0.000108,0.000108,0.000108,0.000108,0.18318,0.000108
AACATTGAAGTTGATC-1,0.064567,0.006586,0.008649,0.03784,0.010096,0.068288,0.04291,0.035562,0.016378,0.054618,0.190831,0.463675
AACATTGGTCAGCCGT-1,0.00003,0.187163,0.01443,0.015685,0.023564,0.018894,0.027444,0.002626,0.007608,0.61334,0.000081,0.089134
AACATTGTGACTCGAG-1,0.006563,0.218734,0.042684,0.031057,0.016192,0.055238,0.131257,0.056888,0.005336,0.031617,0.24651,0.157924
AACCAAGACTTCTCTG-1,0.120636,0.145427,0.132782,0.005925,0.208103,0.162346,0.012375,0.003567,0.079112,0.000118,0.049054,0.080556
AACCAGTATCACTCTT-1,0.000068,0.315591,0.052066,0.000068,0.464803,0.000068,0.078719,0.008518,0.000068,0.012323,0.067641,0.000068
AACCATAGGGTTGAAC-1,0.043858,0.502833,0.04403,0.001674,0.0125,0.007891,0.020499,0.039161,0.007338,0.006116,0.148391,0.165709
AACCATGGGATCGCTA-1,0.00004,0.349452,0.07396,0.013455,0.235003,0.096983,0.109691,0.014731,0.034873,0.045079,0.026694,0.00004
AACCCAGAGACGGAGA-1,0.000045,0.287069,0.060649,0.008411,0.347512,0.0177,0.175544,0.000045,0.050976,0.05196,0.000045,0.000045
AACCCATCCCATGATC-1,0.000983,0.342961,0.047502,0.00165,0.002201,0.004501,0.430756,0.002905,0.064971,0.078501,0.002733,0.020336
AACCCGACAACCCGTG-1,0.002273,0.137879,0.010859,0.000018,0.006467,0.003235,0.005885,0.017643,0.004005,0.000018,0.017482,0.794235
AACCCGAGCAGAATCG-1,0.342983,0.083721,0.058236,0.06401,0.038659,0.061779,0.102892,0.089486,0.030922,0.036285,0.006332,0.084694
AACCCGATAGGGCTTC-1,0.011806,0.120123,0.130635,0.092798,0.419603,0.140644,0.019461,0.015208,0.003963,0.000555,0.045184,0.000019
AACCCGCTGTATTCCA-1,0.000034,0.000034,0.000034,0.000034,0.000034,0.000034,0.000034,0.000034,0.000034,0.000034,0.239762,0.759898
AACCCTACTGTCAATA-1,0.044147,0.123965,0.069819,0.15454,0.03829,0.042512,0.32836,0.064796,0.054202,0.059589,0.000023,0.019757
AACCCTGGTGGAACCA-1,0.000034,0.292748,0.051706,0.090017,0.211285,0.020957,0.167353,0.006988,0.068702,0.089857,0.000318,0.000034
AACCGAGCTTGGTCAT-1,0.000124,0.534806,0.001513,0.049649,0.139608,0.000124,0.000124,0.000124,0.000124,0.000124,0.273554,0.000124
AACCGCTAAGGGATGC-1,0.000025,0.366576,0.093853,0.049033,0.074692,0.00732,0.245938,0.05056,0.004656,0.081416,0.000039,0.025891
AACCGTTGTGTTTGCT-1,0.014869,0.407487,0.371575,0.00006,0.082358,0.044789,0.042021,0.00006,0.028077,0.008582,0.00006,0.00006
AACCTAAAGCCGTCCG-1,0.000028,0.434012,0.034126,0.028596,0.199309,0.064674,0.09467,0.000028,0.021916,0.108765,0.013848,0.000028
AACCTCGCTTTAGCCC-1,0.000029,0.58384,0.049864,0.000029,0.001791,0.000029,0.049263,0.007763,0.000029,0.000029,0.125127,0.182206
AACCTGTCACGGAATT-1,0.000016,0.185523,0.057974,0.063253,0.037586,0.034494,0.04951,0.018416,0.039518,0.345139,0.056065,0.112506
AACCTTTAAATACGGT-1,0.125271,0.132732,0.07562,0.04897,0.021556,0.057961,0.058507,0.144514,0.056665,0.111917,0.004262,0.162024
AACCTTTACGACGTCT-1,0.012262,0.026523,0.053265,0.052576,0.527702,0.300957,0.000298,0.005118,0.000099,0.000029,0.02114,0.000029
AACGAAAGTCGTCCCA-1,0.01976,0.286571,0.04174,0.033799,0.019011,0.010088,0.419376,0.06458,0.019862,0.025821,0.020941,0.038451
AACGACCTCCTAGCCG-1,0.075868,0.024461,0.024341,0.025885,0.006184,0.006934,0.134554,0.052431,0.009456,0.019871,0.057708,0.562306
AACGATAATGCCGTAG-1,0.06684,0.01585,0.02912,0.284881,0.032757,0.072196,0.043296,0.342315,0.04492,0.031694,0.024725,0.011406
AACGATAGAAGGGCCG-1,0.000053,0.495998,0.038915,0.010684,0.25151,0.175257,0.024474,0.000053,0.000055,0.002893,0.000053,0.000053
AACGATATGTCAACTG-1,0.000091,0.494878,0.000091,0.000091,0.1578,0.021465,0.000091,0.000091,0.000091,0.000091,0.325132,0.000091
AACGCATGATCTGGGT-1,0.000166,0.906848,0.000166,0.000166,0.000166,0.000166,0.000166,0.000166,0.000166,0.000166,0.091495,0.000166
AACGCGAACGGCAACA-1,0.033712,0.05618,0.053782,0.190254,0.303114,0.037462,0.141875,0.013373,0.079895,0.064708,0.000028,0.025617
AACGCGACCTTGGGCG-1,0.132012,0.126369,0.030008,0.00439,0.020867,0.00347,0.028779,0.032546,0.005347,0.001775,0.033979,0.580459
AACGCGGTCTCCAGCC-1,0.000117,0.70435,0.000117,0.000117,0.104924,0.000117,0.000117,0.000117,0.000117,0.000117,0.141364,0.048423
AACGCTGTTGCTGAAA-1,0.03756,0.182978,0.064177,0.059411,0.079602,0.031896,0.222501,0.183336,0.024764,0.055365,0.053273,0.005136
AACGGACGTACGTATA-1,0.065188,0.254134,0.045299,0.101597,0.029902,0.020598,0.048926,0.220977,0.033874,0.171679,0.001963,0.005862
AACGGCCATCTCCGGT-1,0.013224,0.001793,0.001917,0.195547,0.037211,0.035796,0.032808,0.01451,0.023894,0.643288,0.000006,0.000006
AACGTACTGTGGGTAC-1,0.071831,0.205656,0.153687,0.011401,0.025412,0.004494,0.301527,0.053255,0.025643,0.070602,0.004892,0.0716
AACGTAGTCTACCCAT-1,0.001055,0.185871,0.068217,0.074278,0.105714,0.022756,0.226726,0.015409,0.022133,0.277798,0.000022,0.000022
AACGTCAGACTAGTGG-1,0.000075,0.709225,0.032845,0.000075,0.021242,0.018542,0.000075,0.000075,0.000075,0.000075,0.217621,0.000075
AACGTCATCCGGCTTG-1,0.00003,0.00003,0.00003,0.00003,0.00003,0.00003,0.00003,0.00003,0.00003,0.00003,0.00003,0.999667
AACGTCGCTGCACTTC-1,0.005076,0.052787,0.00355,0.000031,0.000031,0.000031,0.000031,0.000031,0.000031,0.000031,0.069863,0.868507
AACGTGATGAAGGACA-1,0.011429,0.308417,0.036915,0.09685,0.137272,0.25151,0.063685,0.001337,0.051866,0.040651,0.000035,0.000035
AACGTGCGAAAGTCTC-1,0.004014,0.334711,0.205461,0.025764,0.042975,0.032532,0.151273,0.003948,0.089144,0.099318,0.000025,0.010835
AACGTTATCAGCACCT-1,0.000031,0.10388,0.102516,0.029384,0.505356,0.072686,0.04475,0.009983,0.026995,0.036761,0.067628,0.000031
AACGTTCTACCATTGT-1,0.000051,0.174399,0.000051,0.000051,0.013437,0.025889,0.007566,0.00939,0.000051,0.000051,0.008171,0.760893
AACTACCCGTTTGTCA-1,0.000026,0.813935,0.015113,0.000026,0.000026,0.000026,0.063862,0.026129,0.000026,0.006609,0.005638,0.068586
AACTAGCGTATCGCAC-1,0.002022,0.000015,0.000794,0.163303,0.04702,0.117642,0.029033,0.00122,0.039821,0.5991,0.000015,0.000015
AACTAGGCTTGGGTGT-1,0.020497,0.151375,0.020293,0.1123,0.024186,0.012556,0.046191,0.254873,0.028229,0.305234,0.000011,0.024255
AACTCAAGTTAATTGC-1,0.000034,0.443831,0.264782,0.007834,0.047653,0.014817,0.055363,0.000034,0.052261,0.08317,0.02416,0.006061
AACTCCAGAGCGTGTT-1,0.038266,0.607343,0.034355,0.000028,0.000028,0.000028,0.017306,0.028029,0.000028,0.000028,0.042417,0.232144
AACTCCTAATCCCATG-1,0.000053,0.312766,0.157347,0.021456,0.141131,0.271383,0.010751,0.000053,0.000053,0.000053,0.084902,0.000053
AACTCGATAAACACGT-1,0.000122,0.224053,0.077586,0.040953,0.10447,0.016428,0.248352,0.003077,0.029881,0.249678,0.000016,0.005384
AACTCGATGGCGCAGT-1,0.000056,0.513751,0.071196,0.000643,0.173903,0.094111,0.085529,0.000056,0.000056,0.039109,0.000056,0.021533
AACTCTCAATAGAGCG-1,0.000021,0.17174,0.019627,0.092339,0.116182,0.009994,0.376691,0.000021,0.017227,0.196117,0.000021,0.000021
AACTCTCAGTGTGCTC-1,0.074105,0.213976,0.062573,0.028555,0.009158,0.020214,0.15938,0.112519,0.097162,0.039121,0.03361,0.149627
AACTGAGGTCAGCGTC-1,0.000018,0.000018,0.005665,0.182292,0.308339,0.315066,0.00994,0.003945,0.007952,0.16673,0.000018,0.000018
AACTGAGTTATACTGA-1,0.009192,0.158657,0.030284,0.19293,0.086663,0.047451,0.056246,0.18616,0.028312,0.168828,0.035268,0.00001
AACTGATATTAGGCCT-1,0.000047,0.239005,0.037034,0.025415,0.282037,0.280567,0.012172,0.000318,0.07006,0.012701,0.040597,0.000047
AACTGGGTCCCGACGT-1,0.000059,0.482637,0.079714,0.001003,0.309677,0.078353,0.000468,0.000059,0.000059,0.000059,0.047851,0.000059
AACTGGGTTCGAGCCG-1,0.000052,0.677534,0.14301,0.000052,0.163394,0.001485,0.000052,0.000052,0.000052,0.000052,0.014215,0.000052
AACTGGTGTGGGCCTT-1,0.010668,0.146083,0.01164,0.28211,0.163392,0.193362,0.104503,0.014672,0.005483,0.06803,0.000029,0.000029
AACTTCTGCGTCTATC-1,0.00006,0.396376,0.210452,0.00006,0.218497,0.031356,0.047622,0.00006,0.00006,0.00006,0.095338,0.00006
AACTTGCCCGTATGCA-1,0.004535,0.710712,0.000094,0.000094,0.000094,0.000094,0.000094,0.000094,0.000094,0.000094,0.283905,0.000094
AACTTGCGTTCTCGCG-1,0.000046,0.64137,0.095355,0.045617,0.149457,0.03208,0.03154,0.000046,0.000046,0.00435,0.000046,0.000046
AACTTTACGGGAGCTT-1,0.000078,0.536052,0.000078,0.000078,0.000078,0.000078,0.000078,0.000078,0.000078,0.000078,0.463172,0.000078
AACTTTAGCTGCTGAG-1,0.00004,0.35404,0.010408,0.039811,0.133955,0.107008,0.098084,0.006454,0.025656,0.224465,0.00004,0.00004
AACTTTCTCGATCATG-1,0.000066,0.625526,0.047086,0.000066,0.093174,0.039061,0.000066,0.000066,0.000066,0.000066,0.194689,0.000066
AAGAAAGTTTGATGGG-1,0.000039,0.056983,0.000039,0.000039,0.000039,0.000039,0.000039,0.000039,0.000039,0.000039,0.302319,0.640348
AAGAAATCACCAGATT-1,0.000041,0.705928,0.000041,0.034035,0.028133,0.170254,0.00655,0.000041,0.000041,0.000041,0.054856,0.000041
AAGAAGGATCAGTTAG-1,0.000059,0.854688,0.012729,0.000059,0.090546,0.000059,0.012784,0.000059,0.003802,0.000059,0.025096,0.000059
AAGACATACGTGGTTT-1,0.383691,0.023162,0.009978,0.013021,0.017354,0.019528,0.023663,0.044966,0.020664,0.005045,0.139955,0.298975
AAGACCAAATAACTCA-1,0.081514,0.008619,0.01062,0.32781,0.061119,0.061868,0.065151,0.23056,0.034044,0.10581,0.002815,0.010069
AAGACCCAACTGAACA-1,0.042497,0.16979,0.018245,0.117571,0.084155,0.048672,0.183959,0.059055,0.030235,0.01231,0.228073,0.005439
AAGACTAACCCGTTGT-1,0.000037,0.304119,0.059159,0.124345,0.113179,0.027381,0.243205,0.000037,0.006223,0.122242,0.000037,0.000037
AAGACTCACGCCCACT-1,0.015268,0.004052,0.009406,0.11426,0.095588,0.197918,0.028931,0.016213,0.214925,0.303411,0.000013,0.000013
AAGACTGCAAGCTACT-1,0.000052,0.768835,0.044161,0.000052,0.008234,0.000052,0.078936,0.000052,0.079428,0.020095,0.000052,0.000052
AAGAGATGAATCGGTA-1,0.000072,0.620364,0.000072,0.000072,0.000072,0.000072,0.000072,0.000072,0.000072,0.000072,0.378913,0.000072
AAGAGCTCTTTATCGG-1,0.011633,0.026799,0.184478,0.010804,0.013483,0.102574,0.118299,0.000024,0.476302,0.052265,0.000024,0.003316
AAGAGGATGTACGCGA-1,0.023345,0.000011,0.00208,0.203939,0.100132,0.367763,0.003323,0.028377,0.024018,0.246992,0.000011,0.000011
AAGAGGCATGGATCGC-1,0.000027,0.29243,0.057855,0.05077,0.140323,0.137302,0.236355,0.003285,0.014445,0.053697,0.000027,0.013484
AAGAGGCCCTTTGGAA-1,0.006336,0.661879,0.023984,0.014458,0.005481,0.000593,0.076521,0.083962,0.000017,0.000286,0.049593,0.07689
AAGATGGCACCGGACC-1,0.010204,0.220015,0.014629,0.119313,0.04509,0.033577,0.178817,0.049622,0.036661,0.012071,0.255114,0.024888
AAGATTGGCGGAACGT-1,0.057785,0.509009,0.038042,0.041988,0.212672,0.093579,0.006399,0.000045,0.007895,0.000045,0.032497,0.000045
AAGCACCCTGCGTATC-1,0.038729,0.326362,0.044795,0.026616,0.036616,0.032057,0.058354,0.055568,0.059473,0.009891,0.264939,0.0466
AAGCATACTCTCCTGA-1,0.007947,0.206448,0.173587,0.052039,0.024869,0.018756,0.164868,0.166876,0.013078,0.038846,0.030399,0.102287
AAGCCACTTGCAGGTA-1,0.000027,0.000027,0.000027,0.000027,0.000027,0.000027,0.000027,0.000027,0.000027,0.000027,0.000027,0.999705
AAGCCGAAGCGGTTTA-1,0.082633,0.0087,0.006517,0.251449,0.02176,0.044729,0.011743,0.103538,0.057307,0.411606,0.000009,0.000009
AAGCCGCCGTGAAATC-1,0.047233,0.130456,0.047859,0.018257,0.030279,0.042758,0.093253,0.016685,0.022528,0.00396,0.042424,0.504309
AAGCCGCTTTACCTTG-1,0.00011,0.831431,0.00011,0.00011,0.00011,0.00011,0.00011,0.00011,0.00011,0.00011,0.167474,0.00011
AAGCCGGAGAGCAGGA-1,0.007377,0.491065,0.037322,0.032811,0.052508,0.02174,0.094528,0.142095,0.013706,0.006121,0.028566,0.072161
AAGCGCAGGGCTTTGA-1,0.333357,0.000012,0.003187,0.00561,0.000012,0.002496,0.011572,0.025214,0.004469,0.010349,0.01433,0.589391
AAGCGGAGTGCGCGCA-1,0.03427,0.455977,0.179299,0.000033,0.21094,0.034946,0.000033,0.000033,0.000033,0.000033,0.084371,0.000033
AAGCGGCGTCATGGGT-1,0.006369,0.021937,0.012941,0.194281,0.454677,0.155178,0.011244,0.015602,0.007672,0.085768,0.03431,0.000021
AAGCGTCCCTCATCGA-1,0.185247,0.000005,0.001012,0.07252,0.010276,0.032107,0.000965,0.223815,0.017008,0.446284,0.000005,0.010756
AAGCTAGATCGAGTAA-1,0.003306,0.141142,0.185971,0.105709,0.000017,0.090888,0.038922,0.151742,0.102451,0.13806,0.000017,0.041774
AAGCTATGGATTGACC-1,0.00006,0.00006,0.00006,0.00006,0.00006,0.00006,0.00006,0.00006,0.00006,0.00006,0.00006,0.999337
AAGCTCGTGCCAAGTC-1,0.000036,0.23805,0.019709,0.044378,0.239102,0.126282,0.163129,0.000036,0.032776,0.136431,0.000036,0.000036
AAGCTCTTTCATGGTG-1,0.007879,0.423433,0.160362,0.033709,0.02756,0.004477,0.030905,0.218504,0.033476,0.006148,0.016955,0.036592
AAGGAGAACTTATAAG-1,0.000032,0.482219,0.042381,0.041185,0.058857,0.043266,0.177832,0.000349,0.043172,0.100578,0.000032,0.010097
AAGGAGCGGTTGGTGC-1,0.000131,0.476904,0.097953,0.009548,0.208792,0.000131,0.006089,0.000131,0.000131,0.000131,0.193978,0.006083
AAGGATCGATCGCTTG-1,0.06283,0.156646,0.060065,0.04221,0.058278,0.02333,0.460689,0.033505,0.042301,0.049362,0.000018,0.010766
AAGGATGAGGGACCTC-1,0.000035,0.197895,0.050552,0.019556,0.340939,0.36915,0.018493,0.000035,0.003238,0.000035,0.000035,0.000035
AAGGCAGGCTGTCTCC-1,0.044649,0.069034,0.023354,0.087755,0.011645,0.007601,0.304561,0.183912,0.02124,0.218073,0.019852,0.008324
AAGGCGCGTAAAGCTT-1,0.000072,0.645126,0.20451,0.000072,0.062695,0.00026,0.000072,0.000072,0.000072,0.000072,0.079451,0.007524
AAGGCTGTGCTCATCG-1,0.000093,0.716657,0.000093,0.000093,0.015213,0.000093,0.000093,0.000093,0.000093,0.000093,0.267297,0.000093
AAGGGAACGACTGGCT-1,0.040841,0.174469,0.03267,0.071816,0.036513,0.039625,0.13061,0.043579,0.014217,0.014341,0.029143,0.372176
AAGGGACAGATTCTGT-1,0.032767,0.022445,0.042794,0.107679,0.126853,0.575908,0.031666,0.005285,0.028092,0.017054,0.009441,0.000017
AAGGGACTATGCATTC-1,0.105618,0.282016,0.080711,0.005214,0.002423,0.010908,0.153331,0.099328,0.076337,0.018687,0.163733,0.001695
AAGGGTTAGCCATGCG-1,0.000034,0.050568,0.008908,0.000034,0.028605,0.019269,0.007985,0.000034,0.000034,0.000034,0.033737,0.850759
AAGGGTTTGATTTCAG-1,0.080099,0.182742,0.031303,0.01706,0.010527,0.019296,0.031247,0.225243,0.098716,0.167307,0.043079,0.093381
AAGGTATCCTAATATA-1,0.000109,0.938499,0.006054,0.000109,0.054471,0.000109,0.000109,0.000109,0.000109,0.000109,0.000109,0.000109
AAGGTGATAAACCAGC-1,0.034992,0.016535,0.010266,0.159207,0.014253,0.026128,0.457922,0.094296,0.012845,0.116731,0.003029,0.053795
AAGTAAGCTTCCAAAC-1,0.010892,0.135702,0.111134,0.051657,0.036658,0.02501,0.275445,0.003571,0.046882,0.28137,0.002725,0.018954
AAGTAGAAGACCGGGT-1,0.000038,0.296631,0.095934,0.043694,0.31775,0.142626,0.012923,0.003459,0.004003,0.000038,0.082867,0.000038
AAGTAGTGACGCGAGG-1,0.084656,0.00035,0.022738,0.033301,0.342234,0.475888,0.000019,0.003551,0.008246,0.000019,0.028979,0.000019
AAGTCAATTGTCGTCA-1,0.018166,0.167328,0.06122,0.024234,0.029895,0.041822,0.458245,0.026718,0.051001,0.032013,0.040613,0.048744
AAGTCTAGTAGCTGCC-1,0.000058,0.684595,0.000058,0.000058,0.019705,0.00921,0.000058,0.000058,0.000058,0.000058,0.28603,0.000058
AAGTCTTCTGTGGCCT-1,0.001233,0.041699,0.135941,0.009806,0.357004,0.14028,0.00544,0.133417,0.017081,0.029317,0.12876,0.000023
AAGTGACGACCGAATT-1,0.00214,0.344072,0.046066,0.076348,0.130909,0.146066,0.118437,0.001594,0.01964,0.057076,0.057624,0.000029
AAGTGAGTCGGGTTTA-1,0.058077,0.249199,0.079596,0.157706,0.03326,0.036003,0.098179,0.113157,0.027319,0.028896,0.034745,0.083862
AAGTGCAAAGGTAGAC-1,0.000041,0.700916,0.009467,0.000041,0.000041,0.000041,0.000041,0.000041,0.000041,0.000041,0.28925,0.000041
AAGTGCCTTGACTGTA-1,0.006968,0.223952,0.04272,0.022714,0.026817,0.010249,0.378068,0.014326,0.005138,0.061275,0.001733,0.206041
AAGTGCGTTAGAATCT-1,0.003085,0.000009,0.273898,0.002218,0.005108,0.003537,0.015815,0.006184,0.005367,0.099592,0.585179,0.000009
AAGTGCTTCTCTATTG-1,0.000025,0.138391,0.044419,0.000025,0.001761,0.000025,0.001766,0.001665,0.000025,0.000025,0.038505,0.77337
AAGTGTTTGGAGACGG-1,0.000029,0.57539,0.078384,0.076151,0.020667,0.015852,0.108972,0.031525,0.011015,0.035588,0.000029,0.046397
AAGTTCACTCCAAGCT-1,0.437433,0.030975,0.021329,0.057403,0.048053,0.076459,0.036365,0.11957,0.052462,0.077925,0.038425,0.0036
AAGTTCAGTCTGCGTA-1,0.000122,0.33721,0.000122,0.000122,0.000122,0.000122,0.000122,0.000122,0.000122,0.000122,0.661568,0.000122
AAGTTCGGCCAACAGG-1,0.000011,0.126247,0.063994,0.002095,0.005132,0.021768,0.102474,0.000674,0.475646,0.171395,0.030552,0.000011
AAGTTGTGATGTTATA-1,0.015285,0.220183,0.052658,0.002429,0.001556,0.003333,0.01106,0.054365,0.000026,0.004817,0.065362,0.568926
AAGTTTACTAATGGCA-1,0.000043,0.436149,0.049441,0.088207,0.129351,0.011118,0.094472,0.000043,0.006073,0.185015,0.000043,0.000043
AAGTTTATGGGCCCAA-1,0.031209,0.051765,0.016572,0.000427,0.020721,0.010149,0.018989,0.007615,0.000264,0.000019,0.091539,0.750731
AATAACAACGCTCGGC-1,0.05645,0.003741,0.011843,0.206248,0.11645,0.398013,0.007568,0.036763,0.023856,0.008736,0.13032,0.000012
AATAACACTAGAACAA-1,0.11718,0.0014,0.014091,0.062653,0.010411,0.035072,0.152316,0.055489,0.190792,0.278541,0.045989,0.036066
AATAACGTCGCGCCCA-1,0.194757,0.108039,0.005566,0.000024,0.000024,0.001999,0.022867,0.000483,0.018256,0.002903,0.138821,0.506262
AATAAGTCCTCGAGAC-1,0.000043,0.369294,0.401621,0.002461,0.074485,0.004282,0.131493,0.000043,0.000043,0.00514,0.011051,0.000043
AATAATCTTCGTATCG-1,0.164667,0.107727,0.033364,0.15743,0.089056,0.093024,0.027458,0.28576,0.01115,0.030345,0.00001,0.00001
AATACAATGTTTCAGG-1,0.03474,0.017714,0.100124,0.067077,0.374551,0.337546,0.00116,0.017659,0.025967,0.013456,0.00998,0.000023
AATACCGGAGGGCTGT-1,0.039516,0.259557,0.01524,0.000769,0.00246,0.029913,0.038116,0.018346,0.00264,0.000028,0.124581,0.468834
AATACCTGATGTGAAC-1,0.022391,0.057697,0.024535,0.034674,0.003976,0.012809,0.022646,0.135706,0.007159,0.060909,0.039204,0.578294
AATAGAACAGAGTGGC-1,0.183152,0.00939,0.009956,0.120458,0.055642,0.06141,0.237458,0.041229,0.020802,0.229222,0.008517,0.022763
AATAGAATCTGTTTCA-1,0.014221,0.012413,0.012365,0.027097,0.016912,0.022797,0.069923,0.022735,0.019561,0.745352,0.006296,0.030327
AATAGCAAGCCTCCTG-1,0.000043,0.335305,0.075057,0.050045,0.325029,0.119706,0.030596,0.000043,0.028121,0.035973,0.000043,0.000043
AATAGCTACCGCGTGC-1,0.000218,0.91908,0.000218,0.000218,0.000218,0.000218,0.000218,0.000218,0.000218,0.000218,0.078744,0.000218
AATAGGCACGACCCTT-1,0.000036,0.000036,0.000036,0.000036,0.000036,0.000036,0.000036,0.000036,0.000036,0.000036,0.154455,0.845188
AATAGTCCGTCCCGAC-1,0.006643,0.029279,0.006293,0.007372,0.001656,0.022752,0.027567,0.010494,0.45236,0.119315,0.290367,0.025901
AATAGTCGCGAGTCGG-1,0.071765,0.009538,0.07831,0.004355,0.118154,0.563387,0.000017,0.02378,0.090985,0.002411,0.037281,0.000017
AATATCAAGGTCGGAT-1,0.000056,0.396986,0.251413,0.033994,0.141158,0.026157,0.056458,0.000056,0.000089,0.072726,0.000056,0.02085
AATATCCTAGCAAACT-1,0.006008,0.039577,0.121266,0.031477,0.064389,0.066551,0.144471,0.00909,0.334142,0.160468,0.013214,0.009348
AATATCGAATCAATGC-1,0.018517,0.318584,0.111927,0.034245,0.088026,0.009029,0.05312,0.294307,0.016154,0.030226,0.019888,0.005977
AATATCGAGGGTTCTC-1,0.000053,0.462616,0.095576,0.044606,0.185358,0.184672,0.012045,0.000053,0.000053,0.01486,0.000053,0.000053
AATATTGGAGTATTGA-1,0.048985,0.020423,0.055155,0.105129,0.224035,0.408431,0.025199,0.031704,0.055379,0.022895,0.000021,0.002643
AATCAGACTGCAGGAC-1,0.000045,0.166797,0.24008,0.00722,0.030107,0.063485,0.153669,0.003862,0.017111,0.139769,0.139817,0.038038
AATCAGGTTTCATTTA-1,0.02496,0.035651,0.020619,0.003411,0.000027,0.0024,0.008172,0.011978,0.006889,0.002287,0.000993,0.882614
AATCATGTAAAGACTC-1,0.404023,0.01753,0.018788,0.071032,0.079826,0.037873,0.015284,0.109663,0.026393,0.130635,0.002622,0.086333
AATCCAAGGGCCTGAG-1,0.000038,0.168158,0.266263,0.008306,0.019642,0.15691,0.116896,0.003282,0.153105,0.016986,0.090375,0.000038
AATCCATGCAAGGGTG-1,0.00005,0.272298,0.05846,0.057251,0.068815,0.104164,0.269033,0.00005,0.095205,0.017223,0.033238,0.024212
AATCCCGCTCAGAGCC-1,0.000039,0.000039,0.000039,0.000039,0.000039,0.000039,0.000039,0.000039,0.000039,0.000039,0.000039,0.999572
AATCGAGGTCTCAAGG-1,0.00004,0.00004,0.00004,0.00004,0.00004,0.00004,0.00004,0.00004,0.00004,0.00004,0.113215,0.886387
AATCGCCTCAGCGCCA-1,0.000031,0.20424,0.103517,0.041104,0.130065,0.025404,0.331888,0.005304,0.005266,0.113659,0.000031,0.039492
AATCGCGCAGAGGACT-1,0.00564,0.000232,0.002039,0.16711,0.015901,0.020212,0.249555,0.071397,0.059443,0.408456,0.000007,0.000007
AATCGGGACACTACGA-1,0.000023,0.105247,0.030039,0.289446,0.104218,0.189499,0.043793,0.025244,0.055345,0.113149,0.043974,0.000023
AATCGGTATAGCCCTC-1,0.000043,0.162177,0.000043,0.000043,0.000043,0.000043,0.000043,0.000043,0.000043,0.000043,0.01255,0.824889
AATCGTGAGCCGAGCA-1,0.000031,0.182974,0.005364,0.000031,0.02025,0.000031,0.000031,0.000342,0.000031,0.000031,0.455825,0.33506
AATCTAGGTTTACTTG-1,0.066787,0.030839,0.076627,0.054142,0.007221,0.152372,0.107553,0.090899,0.223526,0.190013,0.000011,0.000011
AATCTATGCCGGAGCC-1,0.000028,0.099976,0.089924,0.092935,0.342941,0.16411,0.162792,0.000028,0.003233,0.00683,0.037175,0.000028
AATCTCTACTGTGGTT-1,0.050501,0.018898,0.075754,0.065723,0.156511,0.134625,0.005775,0.05764,0.16596,0.253889,0.014711,0.000012
AATCTGCGTTGGGACG-1,0.000054,0.539557,0.056064,0.000054,0.255115,0.001583,0.125211,0.000054,0.010413,0.011787,0.000054,0.000054
AATCTGGCTTTCTAGT-1,0.015771,0.380742,0.055101,0.000756,0.014706,0.003407,0.113118,0.053038,0.080802,0.258674,0.000156,0.023729
AATCTGGGTAGACCCT-1,0.013093,0.104154,0.039829,0.160348,0.187604,0.252708,0.026517,0.026774,0.049392,0.118608,0.020949,0.000024
AATGACAGCAATGTCT-1,0.033901,0.292328,0.100215,0.013235,0.007793,0.008466,0.195433,0.077007,0.100406,0.158262,0.002161,0.010793
AATGACGTAGGATGTC-1,0.072734,0.009616,0.023915,0.104315,0.020835,0.070774,0.496407,0.031664,0.126262,0.037233,0.006062,0.000184
AATGACTGTCAGCCGG-1,0.000055,0.419034,0.156959,0.000055,0.091085,0.000055,0.000055,0.000055,0.000055,0.000055,0.332487,0.000055
AATGAGTTCGCATATG-1,0.000037,0.149409,0.034315,0.100141,0.13554,0.288683,0.27099,0.000037,0.008602,0.012172,0.000037,0.000037
AATGATGATACGCTAT-1,0.000083,0.526482,0.008282,0.000083,0.000083,0.10217,0.046188,0.000083,0.000583,0.000083,0.234696,0.081184
AATGATGCGACTCCTG-1,0.005927,0.190104,0.086629,0.109873,0.348882,0.230582,0.002247,0.000039,0.00004,0.000039,0.025596,0.000039
AATGCAACCGGGTACC-1,0.000115,0.552116,0.000115,0.000115,0.206149,0.013889,0.000115,0.000115,0.000115,0.000115,0.200069,0.026968
AATGCACCAAGCAATG-1,0.000092,0.583502,0.000092,0.000092,0.000092,0.000092,0.000092,0.000092,0.000092,0.000092,0.415575,0.000092
AATGGCCGCCAATGCG-1,0.00305,0.065278,0.187728,0.046564,0.447566,0.151589,0.01767,0.020285,0.023285,0.020555,0.016409,0.000021
AATGGTCCACCGTTCA-1,0.000099,0.734463,0.000099,0.000099,0.000099,0.000099,0.000099,0.000099,0.000099,0.000099,0.264552,0.000099
AATGGTTCTCACAAGC-1,0.014683,0.008579,0.045878,0.14649,0.16832,0.236067,0.016918,0.001601,0.21401,0.147411,0.000022,0.000022
AATGTATGGCACTGTA-1,0.060232,0.304506,0.029453,0.027842,0.031994,0.018579,0.097028,0.067411,0.015617,0.003228,0.258145,0.085964
AATGTGCCCGAGGTGT-1,0.184455,0.10725,0.031259,0.031866,0.008143,0.047818,0.439041,0.020756,0.02603,0.044043,0.040329,0.01901
AATGTGCTAATCTGAG-1,0.005256,0.471201,0.007408,0.000029,0.000029,0.000029,0.00666,0.000029,0.000029,0.000029,0.217872,0.291427
AATGTTAAGACCCTGA-1,0.00002,0.00002,0.00002,0.00002,0.00002,0.00002,0.00002,0.00002,0.00002,0.00002,0.00002,0.999777
AATGTTGTCGTGAGAC-1,0.78587,0.000006,0.000006,0.058798,0.009448,0.02565,0.001617,0.016564,0.008995,0.093034,0.000006,0.000006
AATTAAAGGTCGGCGT-1,0.000034,0.456743,0.017796,0.031483,0.175882,0.016588,0.152944,0.000034,0.017641,0.111832,0.000034,0.018986
AATTAACGGATTTCCA-1,0.365723,0.012941,0.028242,0.04886,0.0337,0.065304,0.012781,0.177773,0.056417,0.036974,0.005418,0.155867
AATTACGAGACCCATC-1,0.023857,0.010149,0.046863,0.048137,0.022104,0.016298,0.028602,0.346431,0.085084,0.308326,0.038205,0.025944
AATTACTCGTACGCTC-1,0.000047,0.241644,0.416197,0.000047,0.003121,0.000047,0.000047,0.000047,0.000047,0.000047,0.338661,0.000047
AATTAGCGCTGCAGCG-1,0.005187,0.19518,0.070516,0.03327,0.010837,0.009469,0.45243,0.069774,0.016497,0.073295,0.000021,0.063524
AATTATACCCAGCAAG-1,0.000024,0.000024,0.000024,0.000024,0.000024,0.000024,0.000024,0.000024,0.000024,0.000024,0.000097,0.999665
AATTCATAAGGGATCT-1,0.000122,0.668877,0.192654,0.000122,0.031078,0.000122,0.000122,0.000122,0.000122,0.000122,0.106417,0.000122
AATTCATTGTCATGCA-1,0.03851,0.077708,0.057428,0.077726,0.085671,0.078846,0.033859,0.273133,0.015658,0.028442,0.090123,0.142895
AATTCCAACTTGGTGA-1,0.000027,0.375531,0.082261,0.012082,0.089281,0.006238,0.222456,0.003272,0.023107,0.13375,0.045423,0.006573
AATTCCAAGCATGTAC-1,0.064015,0.013913,0.02514,0.003558,0.003952,0.013851,0.01903,0.008321,0.007272,0.016653,0.02315,0.801145
AATTCGATTCGAGGAT-1,0.864369,0.003536,0.004263,0.000081,0.006475,0.003957,0.016045,0.001902,0.000219,0.000012,0.09154,0.007601
AATTCTAGAGTTAGGC-1,0.037684,0.020521,0.007195,0.046405,0.009421,0.1174,0.292189,0.016956,0.368756,0.083343,0.000016,0.000115
AATTGAACGCTCTGGT-1,0.145463,0.065274,0.071685,0.004126,0.002609,0.017882,0.169584,0.000078,0.351715,0.171557,0.000013,0.000013
AATTGCAGCAATCGAC-1,0.087976,0.017957,0.011674,0.021627,0.007864,0.015411,0.026707,0.032134,0.008217,0.010697,0.004949,0.754786
AATTGCGTGGATTACA-1,0.059398,0.491052,0.012175,0.000037,0.000039,0.000037,0.007917,0.014943,0.000037,0.000037,0.193984,0.220342
AATTGTGGTTGCCAAA-1,0.002476,0.449325,0.004089,0.000022,0.000022,0.000022,0.000022,0.001422,0.000022,0.000022,0.15437,0.388185
AATTTGGGACATAGTA-1,0.000041,0.040969,0.041946,0.089501,0.339592,0.428996,0.025328,0.000774,0.02868,0.00409,0.000041,0.000041
AATTTGGTTCCAAAGA-1,0.000045,0.429061,0.122479,0.068519,0.105866,0.064396,0.139836,0.000045,0.030911,0.038751,0.000045,0.000045
ACAAACCATGCGTCCT-1,0.135473,0.254658,0.065329,0.062861,0.043724,0.063053,0.168391,0.06536,0.004199,0.000546,0.093869,0.042538
ACAAACCGACAAGGCG-1,0.000027,0.409776,0.060028,0.10575,0.151672,0.028527,0.151544,0.004106,0.004814,0.083701,0.000027,0.000027
ACAAACTCCATCAGAG-1,0.000054,0.0498,0.000054,0.000054,0.000054,0.000054,0.000054,0.000054,0.000054,0.000054,0.021259,0.928451
ACAAAGAAGGTAGGCC-1,0.006614,0.039191,0.035929,0.139857,0.119816,0.19192,0.168222,0.005684,0.114618,0.178134,0.000008,0.000008
ACAAAGCATGACCTAG-1,0.459953,0.199388,0.015373,0.019978,0.023269,0.017754,0.012885,0.052065,0.013491,0.062059,0.041205,0.082582
ACAAATCGCACCGAAT-1,0.000022,0.455432,0.032103,0.006701,0.004573,0.000022,0.358833,0.042534,0.004282,0.021598,0.000022,0.073878
ACAAATGGTAGTGTTT-1,0.016716,0.074735,0.013825,0.146358,0.028378,0.019342,0.156573,0.108835,0.04434,0.370194,0.020689,0.000014
ACAAATTCAGATCTGA-1,0.005283,0.254511,0.027818,0.159968,0.334297,0.204918,0.011863,0.001175,0.000037,0.000057,0.000037,0.000037
ACAACAGCATGAGCTA-1,0.008313,0.018189,0.039932,0.113668,0.293928,0.324039,0.079511,0.016411,0.04319,0.027719,0.035079,0.000022
ACAACGGTCCCTGCGA-1,0.050515,0.021389,0.02977,0.109769,0.382078,0.351123,0.010333,0.006226,0.000869,0.004243,0.033656,0.000029
ACAAGCAGTGCCTAGC-1,0.000108,0.728814,0.000108,0.000108,0.000108,0.000108,0.000108,0.000108,0.000108,0.000108,0.270108,0.000108
ACAAGCTATATGGAAG-1,0.00002,0.101997,0.203484,0.013023,0.42188,0.078878,0.019665,0.048008,0.01947,0.011564,0.08199,0.00002
ACAAGGAAATCCGCCC-1,0.020409,0.050663,0.010563,0.082736,0.009949,0.028544,0.374259,0.11345,0.028636,0.26452,0.006165,0.010107
ACAAGGACAAGAGGTT-1,0.000089,0.628161,0.000089,0.000089,0.075781,0.019355,0.000089,0.000089,0.000089,0.000089,0.27599,0.000089
ACAAGGATGCTTTAGG-1,0.205263,0.207958,0.034504,0.041172,0.026534,0.040603,0.042658,0.085965,0.028388,0.022916,0.154368,0.109671
ACAAGGCCTACCAGCC-1,0.00308,0.017166,0.116991,0.078092,0.31398,0.133338,0.005781,0.044506,0.041213,0.197775,0.048056,0.000023
ACAAGGGCAGGCTCTG-1,0.03527,0.001042,0.005054,0.209412,0.015904,0.031548,0.439611,0.042782,0.042025,0.146794,0.000005,0.030555
ACAAGTAATTGTAAGG-1,0.000019,0.000019,0.000019,0.000019,0.000019,0.000019,0.000019,0.000019,0.000019,0.000019,0.081362,0.91845
