Barcode,Topic 1,Topic 2to3,Topic 4,Topic 5,Topic 6,Topic 7to8,Topic 9,Topic 10,Topic 11,Topic 12to13
AAACAACGAATAGTTC-1,0.02613,0.275771,0.042174,0.000763,0.000018,0.283737,0.298208,0.042385,0.003198,0.027615
AAACAAGTATCTCCCA-1,0.008297,0.692379,0.002037,0.000043,0.028701,0.050945,0.000043,0.017999,0.152857,0.046699
AAACAATCTACTAGCA-1,0.42694,0.12733,0.109956,0.100269,0.083908,0.000129,0.151211,0.000064,0.000064,0.000129
AAACACCAATAACTGC-1,0.282839,0.003571,0.138874,0.064407,0.024899,0.024431,0.00002,0.460431,0.00002,0.000508
AAACAGAGCGACTCCT-1,0.136012,0.18692,0.014138,0.006793,0.087315,0.402656,0.000037,0.000037,0.060973,0.105118
AAACAGCTTTCAGAAG-1,0.036911,0.655264,0.000029,0.019468,0.08328,0.029315,0.000029,0.015325,0.0494,0.110979
AAACAGGGTCTATATT-1,0.175499,0.395996,0.000027,0.035767,0.034777,0.089385,0.084184,0.029921,0.081332,0.073113
AAACAGTGTTCCTGGG-1,0.254618,0.401649,0.02464,0.174621,0.047733,0.0503,0.024889,0.021317,0.000078,0.000156
AAACATGGTGAGAGGA-1,0.000026,0.413043,0.016881,0.000026,0.059313,0.002646,0.031549,0.155653,0.32081,0.000052
AAACATTTCCCGGATT-1,0.297184,0.282098,0.019521,0.000049,0.000049,0.135188,0.002563,0.000049,0.155007,0.108294
AAACCACTACACAGAT-1,0.053935,0.447653,0.084479,0.122137,0.020863,0.01902,0.072106,0.018623,0.135234,0.025951
AAACCCGAACGAAATC-1,0.044405,0.202758,0.407871,0.000025,0.252241,0.015642,0.003456,0.058225,0.012124,0.003253
AAACCGGAAATGTTAA-1,0.00762,0.055512,0.341342,0.03129,0.000014,0.040794,0.043565,0.067982,0.201874,0.210006
AAACCGGGTAGGTACC-1,0.158244,0.142611,0.000026,0.049066,0.082514,0.016854,0.000026,0.550581,0.000026,0.000052
AAACCGTTCGTCCAGG-1,0.00007,0.000139,0.00007,0.999165,0.00007,0.000139,0.00007,0.00007,0.00007,0.000139
AAACCTAAGCAGCCGG-1,0.333238,0.086379,0.063982,0.000024,0.004264,0.304023,0.005276,0.000024,0.010239,0.19255
AAACCTCATGAAGTTG-1,0.135517,0.467843,0.000034,0.000034,0.083272,0.270905,0.000034,0.000034,0.000034,0.042292
AAACGAAGAACATACC-1,0.310285,0.4374,0.000043,0.018544,0.105842,0.018451,0.101866,0.007438,0.000043,0.000087
AAACGAAGATGGAGTA-1,0.00001,0.001629,0.00001,0.00001,0.00001,0.043817,0.038127,0.12844,0.069519,0.718428
AAACGACAGTCTTGCC-1,0.167596,0.382372,0.173523,0.00003,0.212314,0.00006,0.042901,0.00003,0.021114,0.00006
AAACGAGACGGTTGAT-1,0.00004,0.391874,0.022211,0.001735,0.00004,0.158666,0.00004,0.210658,0.213947,0.00079
AAACGCCCGAGATCGG-1,0.000008,0.000016,0.000008,0.000008,0.130592,0.029202,0.000008,0.095756,0.0053,0.739103
AAACGCTGGGCACGAC-1,0.560193,0.000033,0.43383,0.005197,0.000016,0.000033,0.000634,0.000016,0.000016,0.000033
AAACGGGCGTACGGGT-1,0.130791,0.311227,0.000029,0.000029,0.000029,0.070782,0.000029,0.0013,0.141118,0.344664
AAACGGGTTGGTATCC-1,0.071057,0.254616,0.000019,0.000019,0.000019,0.072237,0.276614,0.132443,0.103893,0.089083
AAACGGTTGCGAACTG-1,0.039517,0.485104,0.005667,0.000044,0.000044,0.300519,0.104265,0.018433,0.045118,0.001288
AAACGTGTTCGCCCTA-1,0.000015,0.056836,0.090674,0.083785,0.049178,0.125791,0.098956,0.030881,0.113315,0.350569
AAACTAACGTGGCGAC-1,0.012671,0.20308,0.145762,0.000025,0.154904,0.099896,0.048932,0.047071,0.267432,0.020227
AAACTCGGTTCGCAAT-1,0.208071,0.401123,0.000051,0.000051,0.000051,0.304169,0.000051,0.000051,0.02005,0.066334
AAACTCGTGATATAAG-1,0.387127,0.382351,0.213452,0.016565,0.000063,0.000126,0.000063,0.000063,0.000063,0.000126
AAACTGCTGGCTCCAA-1,0.346471,0.139379,0.00003,0.12244,0.219409,0.103299,0.00003,0.068852,0.00003,0.00006
AAACTTAATTGCACGC-1,0.153137,0.000972,0.000016,0.000016,0.01431,0.000683,0.095846,0.418221,0.226744,0.090056
AAACTTGCAAACGTAT-1,0.046974,0.350041,0.000032,0.212517,0.156318,0.072798,0.023213,0.083884,0.021461,0.032762
AAAGAATGACCTTAGA-1,0.009555,0.234334,0.011967,0.000016,0.014354,0.019965,0.181608,0.113947,0.340134,0.074121
AAAGAATGTGGACTAA-1,0.167449,0.31539,0.127848,0.000058,0.201931,0.056696,0.000031,0.000031,0.043218,0.087347
AAAGACATGAAGTTTA-1,0.175982,0.286597,0.094774,0.106199,0.154225,0.026355,0.035906,0.000025,0.027134,0.092803
AAAGACCCAAGTCGCG-1,0.400391,0.001574,0.155915,0.081698,0.000047,0.36014,0.000047,0.000047,0.000047,0.000094
AAAGACTGGGCGCTTT-1,0.170351,0.125429,0.000026,0.000026,0.052543,0.261183,0.032464,0.137044,0.084719,0.136216
AAAGCTTGCCTACATA-1,0.136227,0.30386,0.271761,0.000025,0.000254,0.157789,0.067208,0.000025,0.008781,0.05407
AAAGGCCCTATAATAC-1,0.18393,0.665246,0.000046,0.037345,0.003481,0.083096,0.01029,0.00843,0.008044,0.000093
AAAGGCTACGGACCAT-1,0.000021,0.206719,0.000021,0.019856,0.112523,0.108103,0.000021,0.552674,0.000021,0.000042
AAAGGCTCTCGCGCCG-1,0.000012,0.003581,0.000012,0.004811,0.000012,0.324949,0.006588,0.6203,0.000012,0.039725
AAAGGGATGTAGCAAG-1,0.316003,0.307662,0.000046,0.152107,0.000046,0.217896,0.000046,0.000046,0.000046,0.006101
AAAGGGCAGCTTGAAT-1,0.000031,0.330283,0.000031,0.000031,0.050203,0.355092,0.016528,0.247119,0.000031,0.000648
AAAGGTAAGCTGTACC-1,0.157171,0.462123,0.081216,0.030571,0.002903,0.132523,0.002681,0.000044,0.029596,0.101172
AAAGTAGCATTGCTCA-1,0.000016,0.048593,0.000016,0.056722,0.054759,0.004368,0.000815,0.828774,0.005903,0.000033
AAAGTCACTGATGTAA-1,0.204401,0.794621,0.000098,0.000098,0.000098,0.000196,0.000098,0.000098,0.000098,0.000196
AAAGTCGACCCTCAGT-1,0.248151,0.346788,0.000035,0.003706,0.106752,0.159518,0.00048,0.094468,0.006408,0.033693
AAAGTGCCATCAATTA-1,0.121368,0.000835,0.604991,0.000427,0.27218,0.000038,0.000086,0.000019,0.000019,0.000038
AAAGTGTGATTTATCT-1,0.183549,0.520624,0.011313,0.051553,0.000056,0.061874,0.000056,0.000056,0.068536,0.102381
AAAGTTGACTCCCGTA-1,0.391377,0.33067,0.000063,0.104163,0.053606,0.055927,0.000063,0.000063,0.000063,0.064006
AAATAACCATACGGGA-1,0.089971,0.80264,0.041672,0.00008,0.00008,0.065158,0.00008,0.00008,0.00008,0.00016
AAATAAGGTAGTGCCC-1,0.147836,0.36527,0.131816,0.000049,0.354686,0.000098,0.000049,0.000049,0.000049,0.000098
AAATACCTATAAGCAT-1,0.003297,0.293226,0.149563,0.115164,0.160122,0.260209,0.000036,0.01021,0.000036,0.008137
AAATAGCTTAGACTTT-1,0.594514,0.211137,0.184228,0.000042,0.009784,0.000084,0.000042,0.000042,0.000042,0.000084
AAATAGGGTGCTATTG-1,0.164682,0.242669,0.016429,0.00004,0.014905,0.130787,0.009482,0.244971,0.098575,0.07746
AAATCCGATACACGCC-1,0.000032,0.510406,0.000032,0.000032,0.097735,0.309917,0.01612,0.027307,0.027888,0.010532
AAATCGCGGAAGGAGT-1,0.053427,0.148205,0.091147,0.013509,0.135842,0.476444,0.010218,0.000024,0.001785,0.069399
AAATCGTGTACCACAA-1,0.00003,0.175466,0.00003,0.017673,0.11643,0.334092,0.011371,0.336766,0.00003,0.008112
AAATCTAGCCCTGCTA-1,0.399852,0.156014,0.036725,0.050324,0.000034,0.142893,0.021413,0.000034,0.125751,0.06696
AAATCTGCCCGCGTCC-1,0.04304,0.000015,0.000008,0.003018,0.375316,0.000015,0.002273,0.211044,0.039658,0.325611
AAATGACTGATCAAAC-1,0.368755,0.313791,0.103831,0.000037,0.024518,0.020463,0.14725,0.000177,0.014163,0.007014
AAATGATTCGATCAGC-1,0.273078,0.003857,0.464807,0.091271,0.065207,0.101574,0.000041,0.000041,0.000041,0.000082
AAATGCTCGTTACGTT-1,0.486026,0.301773,0.000054,0.000054,0.000054,0.154379,0.000085,0.013287,0.000054,0.044235
AAATGGCATGTCTTGT-1,0.275693,0.697896,0.000089,0.025611,0.000089,0.000178,0.000089,0.000089,0.000089,0.000178
AAATGGCCCGTGCCCT-1,0.113718,0.607125,0.033109,0.000401,0.008826,0.117313,0.000041,0.003096,0.055821,0.060549
AAATGGTCAATGTGCC-1,0.064456,0.822423,0.000088,0.112329,0.000088,0.000176,0.000088,0.000088,0.000088,0.000176
AAATGTATCTTATCCC-1,0.081302,0.030695,0.000018,0.000359,0.125482,0.235243,0.007034,0.000437,0.077945,0.441484
AAATGTGGGTGCTCCT-1,0.000022,0.331832,0.000022,0.000022,0.024138,0.000043,0.633692,0.010166,0.000022,0.000043
AAATTAACGGGTAGCT-1,0.017646,0.210723,0.01405,0.059519,0.026001,0.430554,0.046845,0.169693,0.001231,0.023738
AAATTAATAAGCGCGA-1,0.00696,0.275768,0.009614,0.004926,0.194037,0.090915,0.011829,0.132938,0.041411,0.231602
AAATTACACGACTCTG-1,0.097889,0.232365,0.017022,0.162781,0.334533,0.155057,0.000071,0.000071,0.000071,0.000141
AAATTACCTATCGATG-1,0.16105,0.535864,0.02854,0.000045,0.000045,0.120211,0.000045,0.000045,0.02412,0.130035
AAATTCCAGGTCCAAA-1,0.413122,0.121729,0.059833,0.00908,0.395949,0.000082,0.000041,0.000041,0.000041,0.000082
AAATTGATAGTCCTTT-1,0.10775,0.72768,0.000061,0.000061,0.000061,0.014193,0.139761,0.000061,0.000061,0.010311
AAATTGCGGCGGTTCT-1,0.037951,0.551951,0.00004,0.00004,0.00004,0.00008,0.409738,0.00004,0.00004,0.00008
AAATTGGTGAGAAGCA-1,0.20264,0.028649,0.422911,0.066383,0.006907,0.054414,0.038915,0.052066,0.018495,0.108619
AAATTTACCGAAATCC-1,0.00005,0.366827,0.057792,0.2564,0.146842,0.011193,0.012966,0.009606,0.052824,0.085501
AAATTTGCGGGTGTGG-1,0.000033,0.517655,0.000033,0.012384,0.008709,0.414744,0.033027,0.008949,0.000033,0.004434
AACAACTGGTAGTTGC-1,0.208077,0.202564,0.23647,0.038007,0.000108,0.215851,0.000108,0.087659,0.010939,0.000217
AACAATACATTGTCGA-1,0.205821,0.656505,0.050351,0.03886,0.006419,0.041706,0.000068,0.000068,0.000068,0.000135
AACAATTACTCTACGC-1,0.00005,0.422559,0.017851,0.00005,0.084614,0.409887,0.028531,0.017762,0.00005,0.018645
AACACACGCTCGCCGC-1,0.029692,0.507485,0.001741,0.061568,0.000039,0.123203,0.000039,0.049882,0.116948,0.109402
AACACGACTGTACTGA-1,0.000098,0.970904,0.000098,0.000098,0.000098,0.028212,0.000098,0.000098,0.000098,0.000196
AACACGAGACGCGGCC-1,0.016724,0.171326,0.006422,0.00134,0.020769,0.300734,0.095764,0.306707,0.022203,0.05801
AACACGCGGCCGCGAA-1,0.440037,0.4099,0.055544,0.000053,0.013947,0.000105,0.080204,0.000053,0.000053,0.000105
AACAGCTGTGTGGCAA-1,0.000028,0.39066,0.000028,0.038497,0.006449,0.13996,0.012443,0.400561,0.004694,0.00668
AACAGGAAATCGAATA-1,0.249141,0.478018,0.005491,0.000054,0.000054,0.26137,0.000054,0.000054,0.000054,0.005708
AACAGGATGGGCCGCG-1,0.000035,0.496799,0.000035,0.000035,0.000035,0.392194,0.000035,0.110731,0.000035,0.000069
AACAGGTAGTATGGAT-1,0.00001,0.018822,0.132599,0.00001,0.008238,0.324746,0.004215,0.00001,0.010486,0.500863
AACATAGCGTGTATCG-1,0.031353,0.204252,0.065797,0.548041,0.065737,0.000083,0.083165,0.000042,0.001446,0.000083
AACATATCAACTGGTG-1,0.296334,0.276451,0.006573,0.291979,0.000063,0.092052,0.000063,0.000063,0.036297,0.000126
AACATCGATACGTCTA-1,0.401229,0.412522,0.185869,0.000042,0.000042,0.000084,0.000042,0.000042,0.000042,0.000084
AACATTGAAGTTGATC-1,0.116059,0.514806,0.00006,0.165758,0.01598,0.109401,0.023066,0.03756,0.01719,0.00012
AACATTGGTCAGCCGT-1,0.026546,0.410674,0.053583,0.15793,0.000028,0.025654,0.314143,0.000028,0.000028,0.011385
AACATTGTGACTCGAG-1,0.02034,0.324301,0.000024,0.027329,0.021844,0.268244,0.062907,0.27471,0.000024,0.000277
AACCAAGACTTCTCTG-1,0.000045,0.56695,0.004837,0.248401,0.007413,0.092129,0.009181,0.020904,0.002319,0.04782
AACCAGTATCACTCTT-1,0.000099,0.785166,0.094784,0.000099,0.001925,0.000197,0.035679,0.000099,0.081755,0.000197
AACCATAGGGTTGAAC-1,0.000007,0.0045,0.000007,0.003722,0.002915,0.025293,0.117775,0.170297,0.05896,0.616524
AACCATGGGATCGCTA-1,0.027717,0.209509,0.000033,0.000033,0.000033,0.290721,0.001492,0.470361,0.000033,0.000067
AACCCAGAGACGGAGA-1,0.587452,0.354931,0.000114,0.054737,0.000114,0.002081,0.000114,0.000114,0.000114,0.000228
AACCCATCCCATGATC-1,0.00005,0.218962,0.034211,0.383401,0.132539,0.028698,0.070969,0.067664,0.037766,0.025741
AACCCGACAACCCGTG-1,0.772079,0.093401,0.012609,0.121453,0.000057,0.000114,0.000057,0.000057,0.000057,0.000114
AACCCGAGCAGAATCG-1,0.199326,0.300356,0.114635,0.008367,0.066617,0.014457,0.036774,0.034819,0.224584,0.000065
AACCCGATAGGGCTTC-1,0.044139,0.438556,0.471206,0.000025,0.012337,0.00005,0.029103,0.000025,0.004509,0.00005
AACCCGCTGTATTCCA-1,0.005368,0.039756,0.199286,0.000021,0.007823,0.037023,0.202931,0.457632,0.016969,0.033191
AACCCTACTGTCAATA-1,0.000014,0.032563,0.000014,0.003095,0.002971,0.475696,0.002659,0.000014,0.02264,0.460335
AACCCTGGTGGAACCA-1,0.285016,0.54799,0.000053,0.098214,0.000053,0.068406,0.000053,0.000053,0.000053,0.000107
AACCGAGCTTGGTCAT-1,0.076659,0.519088,0.00005,0.034906,0.00005,0.226893,0.00005,0.027625,0.052013,0.062666
AACCGCTAAGGGATGC-1,0.036485,0.196433,0.045236,0.000021,0.000021,0.483906,0.000021,0.000021,0.004398,0.233459
AACCGTTGTGTTTGCT-1,0.128678,0.356163,0.000061,0.006362,0.000061,0.508367,0.000061,0.000061,0.000061,0.000123
AACCTAAAGCCGTCCG-1,0.000036,0.659413,0.001768,0.000036,0.046768,0.023062,0.188948,0.000036,0.030002,0.049931
AACCTCGCTTTAGCCC-1,0.324455,0.078919,0.000032,0.000032,0.000032,0.324339,0.000032,0.000032,0.016249,0.255879
AACCTGTCACGGAATT-1,0.100374,0.007408,0.115092,0.010756,0.173902,0.000048,0.038256,0.261785,0.246462,0.045916
AACCTTTAAATACGGT-1,0.055611,0.555405,0.00008,0.00008,0.129677,0.044554,0.011227,0.183727,0.00008,0.01956
AACCTTTACGACGTCT-1,0.054021,0.386542,0.015899,0.000052,0.000052,0.143998,0.00029,0.000052,0.011791,0.387301
AACGAAAGTCGTCCCA-1,0.000271,0.083703,0.000015,0.005961,0.006764,0.238913,0.017891,0.064888,0.074186,0.507408
AACGACCTCCTAGCCG-1,0.208714,0.138849,0.478693,0.001119,0.072189,0.000099,0.069156,0.000023,0.031112,0.000046
AACGATAATGCCGTAG-1,0.000031,0.224867,0.014933,0.003776,0.068073,0.366288,0.013388,0.073768,0.002369,0.232509
AACGATAGAAGGGCCG-1,0.02057,0.293485,0.000025,0.000025,0.000025,0.268966,0.004739,0.391312,0.000025,0.020826
AACGATATGTCAACTG-1,0.515426,0.242609,0.000054,0.081048,0.013299,0.137422,0.000054,0.009925,0.000054,0.000108
AACGCATGATCTGGGT-1,0.546272,0.200355,0.224441,0.000061,0.000061,0.028509,0.000061,0.000061,0.000061,0.000121
AACGCGAACGGCAACA-1,0.000026,0.194697,0.000026,0.000026,0.000026,0.108814,0.514034,0.116872,0.042574,0.022903
AACGCGACCTTGGGCG-1,0.000032,0.209334,0.000032,0.000032,0.058307,0.544602,0.015999,0.171568,0.000032,0.000063
AACGCGGTCTCCAGCC-1,0.042003,0.808369,0.00008,0.00008,0.017605,0.00016,0.014511,0.00338,0.113654,0.00016
AACGCTGTTGCTGAAA-1,0.166342,0.352367,0.000091,0.025132,0.14855,0.008212,0.000091,0.139685,0.076544,0.082986
AACGGACGTACGTATA-1,0.155512,0.547326,0.000046,0.006339,0.000046,0.229307,0.000046,0.000046,0.000046,0.061287
AACGGCCATCTCCGGT-1,0.502703,0.425674,0.000069,0.070832,0.000069,0.000307,0.000069,0.000069,0.000069,0.000138
AACGTACTGTGGGTAC-1,0.158715,0.289968,0.140216,0.250546,0.097258,0.000213,0.000107,0.062657,0.000107,0.000213
AACGTAGTCTACCCAT-1,0.646135,0.130088,0.067286,0.074922,0.000075,0.00015,0.081043,0.000075,0.000075,0.00015
AACGTCAGACTAGTGG-1,0.525342,0.22414,0.028208,0.192288,0.00011,0.02936,0.00011,0.00011,0.00011,0.000221
AACGTCATCCGGCTTG-1,0.00003,0.218158,0.056093,0.00003,0.152366,0.102829,0.364087,0.097259,0.006987,0.002161
AACGTCGCTGCACTTC-1,0.760523,0.000062,0.046291,0.002167,0.149902,0.000062,0.018755,0.000031,0.009036,0.01317
AACGTGATGAAGGACA-1,0.000068,0.605537,0.008049,0.000068,0.000068,0.115268,0.000068,0.035393,0.038002,0.197477
AACGTGCGAAAGTCTC-1,0.244822,0.512349,0.000036,0.08875,0.023549,0.069785,0.018832,0.016699,0.000036,0.025142
AACGTTATCAGCACCT-1,0.000031,0.157066,0.000031,0.000031,0.04271,0.442229,0.032702,0.011656,0.199366,0.114178
AACGTTCTACCATTGT-1,0.105147,0.054714,0.839812,0.000036,0.000036,0.000073,0.000036,0.000036,0.000036,0.000073
AACTACCCGTTTGTCA-1,0.177116,0.548788,0.070456,0.000041,0.126542,0.000081,0.000041,0.000041,0.043691,0.033205
AACTAGCGTATCGCAC-1,0.386634,0.517163,0.055688,0.0001,0.0001,0.0002,0.039714,0.0001,0.0001,0.0002
AACTAGGCTTGGGTGT-1,0.031572,0.754342,0.000077,0.000077,0.000077,0.014826,0.158797,0.04,0.000077,0.000154
AACTCAAGTTAATTGC-1,0.427979,0.261894,0.000082,0.10634,0.000082,0.173377,0.000082,0.029918,0.000082,0.000164
AACTCCAGAGCGTGTT-1,0.24631,0.232984,0.030809,0.000048,0.000048,0.306706,0.036699,0.024196,0.047876,0.074323
AACTCCTAATCCCATG-1,0.034174,0.201408,0.042484,0.019564,0.033285,0.141326,0.01333,0.035526,0.388979,0.089924
AACTCGATAAACACGT-1,0.000007,0.000014,0.000007,0.000007,0.000007,0.087283,0.169994,0.128539,0.00541,0.608734
AACTCGATGGCGCAGT-1,0.000016,0.001038,0.000016,0.000016,0.000016,0.407705,0.042723,0.389029,0.000016,0.159423
AACTCTCAATAGAGCG-1,0.000084,0.934323,0.064834,0.000084,0.000084,0.000169,0.000084,0.000084,0.000084,0.000169
AACTCTCAGTGTGCTC-1,0.000117,0.339972,0.000117,0.556594,0.000117,0.003664,0.098952,0.000117,0.000117,0.000234
AACTGAGGTCAGCGTC-1,0.159067,0.058807,0.10477,0.000028,0.173723,0.344883,0.113155,0.000028,0.018793,0.026746
AACTGAGTTATACTGA-1,0.004212,0.006627,0.376121,0.000037,0.509332,0.039862,0.016285,0.011835,0.018064,0.017624
AACTGATATTAGGCCT-1,0.602668,0.337222,0.000077,0.000077,0.034006,0.025567,0.000077,0.000077,0.000077,0.000154
AACTGGGTCCCGACGT-1,0.31833,0.488744,0.00006,0.02615,0.00006,0.166359,0.00006,0.00006,0.00006,0.000119
AACTGGGTTCGAGCCG-1,0.000055,0.722496,0.000055,0.006699,0.264104,0.000111,0.006259,0.000055,0.000055,0.000111
AACTGGTGTGGGCCTT-1,0.075406,0.798315,0.000089,0.000089,0.000089,0.12557,0.000089,0.000089,0.000089,0.000177
AACTTCTGCGTCTATC-1,0.214504,0.0845,0.000038,0.000038,0.000038,0.360416,0.000038,0.214828,0.053498,0.072104
AACTTGCCCGTATGCA-1,0.000044,0.222633,0.000044,0.000837,0.084007,0.618791,0.020482,0.030403,0.007275,0.015483
AACTTGCGTTCTCGCG-1,0.334173,0.124143,0.000055,0.153533,0.000055,0.285502,0.05813,0.002864,0.000055,0.041489
AACTTTACGGGAGCTT-1,0.06029,0.135417,0.016972,0.008263,0.032873,0.192005,0.022317,0.118348,0.057702,0.355813
AACTTTAGCTGCTGAG-1,0.405643,0.496637,0.001822,0.059906,0.000089,0.000177,0.035371,0.000089,0.000089,0.000177
AACTTTCTCGATCATG-1,0.11473,0.282093,0.602826,0.000039,0.000039,0.000078,0.000039,0.000039,0.000039,0.000078
AAGAAAGTTTGATGGG-1,0.261336,0.34922,0.043838,0.055615,0.000028,0.000055,0.289797,0.000028,0.000028,0.000055
AAGAAATCACCAGATT-1,0.001105,0.000022,0.315424,0.000011,0.521026,0.000022,0.005862,0.131134,0.022162,0.003231
AAGAAGGATCAGTTAG-1,0.000052,0.31361,0.000052,0.153713,0.000052,0.471874,0.008492,0.03726,0.000052,0.014842
AAGACATACGTGGTTT-1,0.004699,0.149861,0.060323,0.018518,0.030236,0.035696,0.226514,0.165209,0.23761,0.071333
AAGACCAAATAACTCA-1,0.061325,0.411101,0.012066,0.07955,0.021738,0.042243,0.134009,0.065964,0.154896,0.017108
AAGACCCAACTGAACA-1,0.001464,0.26378,0.000018,0.00453,0.055377,0.28047,0.003735,0.384365,0.000018,0.006244
AAGACTAACCCGTTGT-1,0.000008,0.000015,0.000008,0.000008,0.025735,0.03691,0.184093,0.611044,0.002143,0.140037
AAGACTCACGCCCACT-1,0.000042,0.797896,0.007496,0.000042,0.079621,0.000083,0.074079,0.000042,0.040616,0.000083
AAGACTGCAAGCTACT-1,0.660304,0.000252,0.000031,0.006705,0.000031,0.002903,0.000031,0.278038,0.000031,0.051675
AAGAGATGAATCGGTA-1,0.000042,0.335016,0.015685,0.425852,0.000042,0.143209,0.000042,0.078085,0.001943,0.000084
AAGAGCTCTTTATCGG-1,0.035662,0.261208,0.012282,0.000038,0.038017,0.334375,0.000038,0.11943,0.031386,0.167563
AAGAGGATGTACGCGA-1,0.000038,0.425254,0.000038,0.079515,0.000038,0.296223,0.018088,0.17705,0.000038,0.003721
AAGAGGCATGGATCGC-1,0.096401,0.61079,0.000049,0.035233,0.000049,0.153976,0.000049,0.000049,0.000049,0.103358
AAGAGGCCCTTTGGAA-1,0.704006,0.000038,0.000019,0.102213,0.076047,0.000038,0.000019,0.021213,0.000019,0.096388
AAGATGGCACCGGACC-1,0.097055,0.329724,0.063443,0.285088,0.004267,0.08984,0.000066,0.13032,0.000066,0.000131
AAGATTGGCGGAACGT-1,0.000308,0.844534,0.023768,0.000071,0.041264,0.067028,0.000071,0.000071,0.022745,0.000142
AAGCACCCTGCGTATC-1,0.065952,0.640179,0.000064,0.000064,0.000348,0.22263,0.007346,0.021374,0.000064,0.041981
AAGCATACTCTCCTGA-1,0.109488,0.151635,0.052755,0.028614,0.029939,0.271112,0.003662,0.190218,0.010269,0.152309
AAGCCACTTGCAGGTA-1,0.062234,0.103067,0.001701,0.017424,0.195321,0.057387,0.123794,0.438982,0.00003,0.000059
AAGCCGAAGCGGTTTA-1,0.092947,0.342933,0.156865,0.000042,0.010719,0.19344,0.000042,0.031583,0.048762,0.122667
AAGCCGCCGTGAAATC-1,0.393047,0.122014,0.000026,0.000026,0.000026,0.203419,0.072237,0.081784,0.036869,0.090549
AAGCCGCTTTACCTTG-1,0.00918,0.007743,0.3634,0.000012,0.000347,0.325395,0.045476,0.000012,0.000909,0.247527
AAGCCGGAGAGCAGGA-1,0.023346,0.028039,0.4045,0.543916,0.000025,0.00005,0.000025,0.000025,0.000025,0.00005
AAGCGCAGGGCTTTGA-1,0.004091,0.206089,0.000032,0.000032,0.000032,0.421672,0.059849,0.003241,0.043601,0.26136
AAGCGGAGTGCGCGCA-1,0.062137,0.047553,0.569172,0.021592,0.000014,0.086622,0.074001,0.012517,0.03851,0.087882
AAGCGGCGTCATGGGT-1,0.086002,0.450582,0.064445,0.000062,0.017662,0.207179,0.009458,0.000062,0.078371,0.086179
AAGCGTCCCTCATCGA-1,0.01124,0.20724,0.000033,0.004773,0.100273,0.497522,0.003163,0.175659,0.000033,0.000066
AAGCTAGATCGAGTAA-1,0.043948,0.482576,0.017341,0.025116,0.240095,0.00711,0.000054,0.1836,0.000054,0.000107
AAGCTATGGATTGACC-1,0.000026,0.018203,0.02501,0.048227,0.115979,0.012496,0.366495,0.067039,0.210128,0.136399
AAGCTCGTGCCAAGTC-1,0.076772,0.746786,0.006027,0.00006,0.00006,0.144074,0.000284,0.023992,0.00006,0.001883
AAGCTCTTTCATGGTG-1,0.000415,0.333837,0.000048,0.000048,0.000048,0.086973,0.013636,0.353292,0.09708,0.114623
AAGGAGAACTTATAAG-1,0.568079,0.214385,0.00023,0.001009,0.013538,0.000057,0.202588,0.000028,0.000028,0.000057
AAGGAGCGGTTGGTGC-1,0.291898,0.199336,0.003239,0.05271,0.045276,0.407181,0.000072,0.000072,0.000072,0.000144
AAGGATCGATCGCTTG-1,0.100941,0.75468,0.117139,0.00006,0.00006,0.026819,0.00006,0.00006,0.00006,0.00012
AAGGATGAGGGACCTC-1,0.701078,0.029859,0.000039,0.065981,0.000039,0.106286,0.000039,0.000039,0.000039,0.096603
AAGGCAGGCTGTCTCC-1,0.225791,0.45855,0.224108,0.000049,0.002388,0.000097,0.081014,0.000049,0.007857,0.000097
AAGGCGCGTAAAGCTT-1,0.429561,0.533523,0.00009,0.00009,0.00009,0.036194,0.00009,0.00009,0.00009,0.00018
AAGGCTGTGCTCATCG-1,0.754093,0.165111,0.000078,0.073413,0.000078,0.006835,0.000078,0.000078,0.000078,0.000157
AAGGGAACGACTGGCT-1,0.126199,0.422277,0.000028,0.058962,0.000028,0.09826,0.066434,0.129207,0.031318,0.067288
AAGGGACAGATTCTGT-1,0.066015,0.773522,0.003145,0.028329,0.000078,0.000155,0.000078,0.000078,0.128446,0.000155
AAGGGACTATGCATTC-1,0.173571,0.178725,0.000027,0.000143,0.026443,0.060787,0.00084,0.549016,0.006859,0.00359
AAGGGTTAGCCATGCG-1,0.325579,0.153151,0.328372,0.031809,0.152477,0.000115,0.008267,0.000058,0.000058,0.000115
AAGGGTTTGATTTCAG-1,0.127868,0.012689,0.036945,0.029901,0.298001,0.265287,0.018703,0.02698,0.005146,0.178479
AAGGTATCCTAATATA-1,0.007796,0.835819,0.028529,0.000064,0.034679,0.092794,0.000064,0.000064,0.000064,0.000128
AAGGTGATAAACCAGC-1,0.188251,0.000041,0.00002,0.047664,0.020565,0.216741,0.004317,0.030907,0.009264,0.48223
AAGTAAGCTTCCAAAC-1,0.295092,0.180654,0.191966,0.108661,0.17087,0.000103,0.052448,0.000051,0.000051,0.000103
AAGTAGAAGACCGGGT-1,0.594483,0.259792,0.00009,0.144915,0.00009,0.00018,0.00009,0.00009,0.00009,0.00018
AAGTAGTGACGCGAGG-1,0.002914,0.264263,0.000034,0.039639,0.026709,0.511145,0.011203,0.133991,0.002974,0.007128
AAGTCAATTGTCGTCA-1,0.609024,0.070158,0.022473,0.000059,0.000059,0.132644,0.000059,0.03685,0.128557,0.000117
AAGTCTAGTAGCTGCC-1,0.093856,0.275688,0.629307,0.000024,0.000024,0.000981,0.000024,0.000024,0.000024,0.000048
AAGTCTTCTGTGGCCT-1,0.000023,0.241862,0.014768,0.000023,0.192614,0.025027,0.035474,0.099494,0.102214,0.288503
AAGTGACGACCGAATT-1,0.009189,0.162838,0.000028,0.014909,0.196046,0.309056,0.003505,0.294829,0.009543,0.000056
AAGTGAGTCGGGTTTA-1,0.204409,0.271242,0.000058,0.000058,0.000058,0.52388,0.000058,0.000058,0.000058,0.00012
AAGTGCAAAGGTAGAC-1,0.306638,0.291961,0.000036,0.000036,0.036573,0.254207,0.001242,0.001205,0.011448,0.096652
AAGTGCCTTGACTGTA-1,0.078451,0.370963,0.037009,0.10935,0.010471,0.073444,0.093535,0.000053,0.215284,0.011439
AAGTGCGTTAGAATCT-1,0.031732,0.047054,0.000015,0.008489,0.001985,0.443794,0.004529,0.43296,0.000015,0.029427
AAGTGCTTCTCTATTG-1,0.309841,0.493202,0.034128,0.117672,0.000092,0.044608,0.000092,0.000092,0.000092,0.000183
AAGTGTTTGGAGACGG-1,0.071322,0.79952,0.00006,0.00006,0.00006,0.123112,0.00006,0.005623,0.00006,0.000121
AAGTTCACTCCAAGCT-1,0.189102,0.47446,0.000083,0.012699,0.15796,0.15785,0.000083,0.007513,0.000083,0.000167
AAGTTCAGTCTGCGTA-1,0.727081,0.124197,0.057711,0.090613,0.00005,0.0001,0.00005,0.00005,0.00005,0.0001
AAGTTCGGCCAACAGG-1,0.017171,0.104788,0.004972,0.016287,0.008103,0.325342,0.010154,0.506608,0.000016,0.006559
AAGTTGTGATGTTATA-1,0.076286,0.344847,0.071159,0.000049,0.100396,0.02898,0.16151,0.069929,0.146748,0.000097
AAGTTTACTAATGGCA-1,0.397585,0.40677,0.000045,0.000045,0.014444,0.02697,0.153963,0.000045,0.000045,0.000089
AAGTTTATGGGCCCAA-1,0.000021,0.107533,0.000021,0.01055,0.000021,0.185937,0.012636,0.51052,0.02814,0.14462
AATAACAACGCTCGGC-1,0.000013,0.00403,0.000013,0.000013,0.01399,0.323917,0.001433,0.592274,0.000468,0.06385
AATAACACTAGAACAA-1,0.817761,0.000062,0.000031,0.118484,0.063443,0.000062,0.000031,0.000031,0.000031,0.000062
AATAACGTCGCGCCCA-1,0.215867,0.531691,0.176127,0.000023,0.031851,0.000046,0.028808,0.000023,0.014698,0.000866
AATAAGTCCTCGAGAC-1,0.092259,0.858039,0.000051,0.043567,0.005724,0.000103,0.000051,0.000051,0.000051,0.000103
AATAATCTTCGTATCG-1,0.003062,0.372267,0.168538,0.061163,0.134391,0.009291,0.072009,0.130728,0.033901,0.01465
AATACAATGTTTCAGG-1,0.422081,0.173812,0.000056,0.003138,0.088638,0.299123,0.000056,0.001741,0.001676,0.009678
AATACCGGAGGGCTGT-1,0.385864,0.432136,0.000064,0.14914,0.000064,0.032416,0.000064,0.000064,0.000064,0.000127
AATACCTGATGTGAAC-1,0.034862,0.571441,0.099149,0.011791,0.019073,0.015726,0.012059,0.000044,0.120367,0.115489
AATAGAACAGAGTGGC-1,0.758726,0.069853,0.000063,0.124802,0.04611,0.000131,0.000063,0.000063,0.000063,0.000126
AATAGAATCTGTTTCA-1,0.273971,0.090953,0.011278,0.116651,0.000028,0.159501,0.000028,0.091063,0.011895,0.244632
AATAGCAAGCCTCCTG-1,0.00002,0.201189,0.052986,0.00002,0.140511,0.223418,0.036603,0.00002,0.002927,0.342306
AATAGCTACCGCGTGC-1,0.054377,0.794317,0.150675,0.00007,0.00007,0.00014,0.00007,0.00007,0.00007,0.00014
AATAGGCACGACCCTT-1,0.199549,0.212017,0.119506,0.039252,0.357857,0.000107,0.071496,0.000054,0.000054,0.000107
AATAGTCCGTCCCGAC-1,0.000027,0.065571,0.000027,0.059907,0.232936,0.453902,0.00043,0.121995,0.000027,0.065179
AATAGTCGCGAGTCGG-1,0.000016,0.10966,0.000016,0.000016,0.000016,0.255026,0.009234,0.093717,0.033022,0.499276
AATATCAAGGTCGGAT-1,0.742097,0.001932,0.034494,0.149899,0.00009,0.07104,0.00009,0.00009,0.00009,0.000179
AATATCCTAGCAAACT-1,0.007603,0.000014,0.000007,0.104022,0.073776,0.002809,0.000007,0.440315,0.084427,0.287019
AATATCGAATCAATGC-1,0.087144,0.224366,0.219224,0.000031,0.000031,0.126583,0.000908,0.012375,0.153402,0.175936
AATATCGAGGGTTCTC-1,0.117393,0.811383,0.028393,0.000081,0.000081,0.042264,0.000081,0.000081,0.000081,0.000162
AATATTGGAGTATTGA-1,0.000066,0.793788,0.000066,0.000066,0.012832,0.090925,0.000066,0.10199,0.000066,0.000133
AATCAGACTGCAGGAC-1,0.163091,0.028524,0.000021,0.000021,0.054632,0.018126,0.504781,0.190454,0.007087,0.033263
AATCAGGTTTCATTTA-1,0.519838,0.08195,0.000055,0.067117,0.002612,0.203028,0.015867,0.109368,0.000055,0.00011
AATCATGTAAAGACTC-1,0.000016,0.080923,0.006724,0.000016,0.053041,0.503838,0.017652,0.000016,0.043079,0.294693
AATCCAAGGGCCTGAG-1,0.567253,0.283622,0.000103,0.148195,0.000103,0.000207,0.000103,0.000103,0.000103,0.000207
AATCCATGCAAGGGTG-1,0.031736,0.000664,0.000011,0.000011,0.000011,0.019994,0.255128,0.421486,0.012141,0.258818
AATCCCGCTCAGAGCC-1,0.017033,0.296307,0.003965,0.013598,0.090027,0.065576,0.12797,0.370861,0.008884,0.005777
AATCGAGGTCTCAAGG-1,0.115166,0.551822,0.003299,0.002527,0.176259,0.000093,0.077513,0.000046,0.073009,0.000265
AATCGCCTCAGCGCCA-1,0.225911,0.428523,0.000053,0.042228,0.059261,0.215348,0.000053,0.000053,0.00223,0.026339
AATCGCGCAGAGGACT-1,0.024213,0.730233,0.179733,0.000044,0.065472,0.000087,0.000044,0.000044,0.000044,0.000087
AATCGGGACACTACGA-1,0.119611,0.192372,0.000051,0.035273,0.000051,0.24599,0.012406,0.323725,0.05461,0.015913
AATCGGTATAGCCCTC-1,0.442711,0.106157,0.116013,0.136786,0.060654,0.005956,0.067721,0.000036,0.039686,0.02428
AATCGTGAGCCGAGCA-1,0.094813,0.142598,0.000023,0.000723,0.015037,0.270829,0.013955,0.108979,0.27152,0.081523
AATCTAGGTTTACTTG-1,0.079087,0.364905,0.052952,0.018791,0.125834,0.176054,0.064117,0.072194,0.018839,0.027226
AATCTATGCCGGAGCC-1,0.152154,0.555273,0.094473,0.197527,0.000072,0.000143,0.000072,0.000072,0.000072,0.000143
AATCTCTACTGTGGTT-1,0.172261,0.006326,0.000014,0.00318,0.066749,0.29114,0.03936,0.106288,0.046125,0.268559
AATCTGCGTTGGGACG-1,0.000033,0.316228,0.000033,0.000033,0.000033,0.077893,0.000033,0.000033,0.261678,0.344003
AATCTGGCTTTCTAGT-1,0.514582,0.000059,0.000029,0.21506,0.017863,0.159067,0.000029,0.000029,0.000029,0.093252
AATCTGGGTAGACCCT-1,0.017712,0.594612,0.069591,0.00772,0.222448,0.000097,0.025567,0.000048,0.062108,0.000097
AATGACAGCAATGTCT-1,0.000022,0.182683,0.000022,0.009583,0.104203,0.156683,0.000022,0.546714,0.000022,0.000045
AATGACGTAGGATGTC-1,0.548641,0.364131,0.000054,0.016947,0.000054,0.0699,0.000054,0.000054,0.000054,0.000109
AATGACTGTCAGCCGG-1,0.444641,0.496226,0.000095,0.058274,0.000095,0.000191,0.000095,0.000095,0.000095,0.000191
AATGAGTTCGCATATG-1,0.000032,0.075546,0.094872,0.026891,0.000032,0.561897,0.008096,0.048124,0.001449,0.183062
AATGATGATACGCTAT-1,0.004429,0.193208,0.000066,0.697272,0.000066,0.019697,0.000066,0.000066,0.023124,0.062007
AATGATGCGACTCCTG-1,0.489849,0.121178,0.012488,0.093414,0.189446,0.020182,0.000071,0.000071,0.000071,0.07323
AATGCAACCGGGTACC-1,0.000034,0.279556,0.000034,0.10108,0.136893,0.470083,0.000034,0.011365,0.000034,0.000886
AATGCACCAAGCAATG-1,0.267165,0.506095,0.12488,0.058009,0.000064,0.028245,0.000064,0.000064,0.000064,0.015349
AATGGCCGCCAATGCG-1,0.224033,0.554027,0.221709,0.000026,0.000026,0.000052,0.000026,0.000026,0.000026,0.000052
AATGGTCCACCGTTCA-1,0.015876,0.269988,0.000046,0.180086,0.01796,0.348842,0.104511,0.014517,0.000046,0.048129
AATGGTTCTCACAAGC-1,0.220287,0.692448,0.000103,0.086334,0.000103,0.000207,0.000103,0.000103,0.000103,0.000207
AATGTATGGCACTGTA-1,0.299309,0.148679,0.000037,0.035205,0.278092,0.044337,0.105235,0.072675,0.003445,0.012986
AATGTGCCCGAGGTGT-1,0.019004,0.208351,0.000026,0.007253,0.000026,0.197529,0.01352,0.349874,0.013579,0.190838
AATGTGCTAATCTGAG-1,0.140823,0.237174,0.000032,0.014176,0.004987,0.26256,0.038511,0.294453,0.002749,0.004535
AATGTTAAGACCCTGA-1,0.000059,0.30975,0.100303,0.126673,0.462461,0.000119,0.000398,0.000059,0.000059,0.000119
AATGTTGTCGTGAGAC-1,0.106162,0.04749,0.156363,0.047663,0.172322,0.006304,0.074056,0.205318,0.124343,0.05998
AATTAAAGGTCGGCGT-1,0.205658,0.434307,0.000048,0.014334,0.097625,0.247785,0.000048,0.000048,0.000048,0.000097
AATTAACGGATTTCCA-1,0.00004,0.446752,0.00004,0.025944,0.013919,0.24253,0.00004,0.16893,0.032007,0.069797
AATTACGAGACCCATC-1,0.000047,0.53006,0.000047,0.000047,0.079352,0.032858,0.111219,0.024236,0.096486,0.125649
AATTACTCGTACGCTC-1,0.404772,0.044169,0.002052,0.000039,0.000747,0.003629,0.269295,0.012892,0.178921,0.083485
AATTAGCGCTGCAGCG-1,0.000024,0.168182,0.000024,0.029205,0.046042,0.301829,0.004462,0.40716,0.010727,0.032346
AATTATACCCAGCAAG-1,0.495239,0.157578,0.101543,0.037126,0.025387,0.000061,0.047883,0.00003,0.081908,0.053246
AATTCATAAGGGATCT-1,0.195875,0.328428,0.024638,0.017372,0.000056,0.312183,0.000056,0.000056,0.040668,0.080668
AATTCATTGTCATGCA-1,0.000017,0.0171,0.000017,0.000017,0.213438,0.463112,0.161268,0.046981,0.006928,0.091122
AATTCCAACTTGGTGA-1,0.09321,0.043239,0.000015,0.000015,0.000015,0.04562,0.560765,0.005511,0.007084,0.244527
AATTCCAAGCATGTAC-1,0.000063,0.693244,0.000063,0.000063,0.000063,0.216542,0.008646,0.055188,0.021833,0.004294
AATTCGATTCGAGGAT-1,0.000015,0.00082,0.000015,0.000015,0.000015,0.228191,0.000015,0.23494,0.020426,0.515551
AATTCTAGAGTTAGGC-1,0.077539,0.124364,0.038165,0.066372,0.000037,0.449379,0.033117,0.188813,0.000037,0.022177
AATTGAACGCTCTGGT-1,0.429272,0.117415,0.00067,0.010378,0.001019,0.113703,0.008682,0.220293,0.033094,0.065475
AATTGCAGCAATCGAC-1,0.056422,0.485762,0.054283,0.000063,0.228515,0.000126,0.000063,0.086574,0.088066,0.000126
AATTGCGTGGATTACA-1,0.000008,0.000017,0.000008,0.014946,0.136016,0.001953,0.041597,0.387422,0.036687,0.381346
AATTGTGGTTGCCAAA-1,0.06411,0.219772,0.173719,0.000024,0.237967,0.000049,0.161931,0.071853,0.060236,0.010339
AATTTGGGACATAGTA-1,0.28636,0.611541,0.004056,0.000097,0.097264,0.000195,0.000097,0.000097,0.000097,0.000195
AATTTGGTTCCAAAGA-1,0.351902,0.280681,0.000063,0.012142,0.000063,0.288055,0.000063,0.056841,0.000063,0.010127
ACAAACCATGCGTCCT-1,0.000006,0.000013,0.000006,0.000006,0.018584,0.00135,0.009461,0.492591,0.056583,0.421399
ACAAACCGACAAGGCG-1,0.112649,0.562796,0.039656,0.00003,0.111585,0.000061,0.172592,0.00003,0.000538,0.000061
ACAAACTCCATCAGAG-1,0.000037,0.10815,0.145194,0.632502,0.000908,0.021242,0.044451,0.000037,0.007458,0.04002
ACAAAGAAGGTAGGCC-1,0.031509,0.04866,0.000012,0.001693,0.012906,0.035292,0.010058,0.034126,0.50454,0.321203
ACAAAGCATGACCTAG-1,0.000015,0.142621,0.030505,0.000015,0.000015,0.313585,0.007389,0.044775,0.224147,0.236934
ACAAATCGCACCGAAT-1,0.244209,0.015824,0.000017,0.017754,0.000017,0.157405,0.000017,0.320076,0.174342,0.070338
ACAAATGGTAGTGTTT-1,0.064514,0.606137,0.000062,0.04358,0.000062,0.124128,0.000062,0.000062,0.000062,0.161332
ACAAATTCAGATCTGA-1,0.053676,0.002242,0.210185,0.00002,0.00002,0.111489,0.004929,0.061306,0.188159,0.367975
ACAACAGCATGAGCTA-1,0.061416,0.309967,0.000047,0.004878,0.160652,0.392357,0.000047,0.024063,0.028904,0.01767
ACAACGGTCCCTGCGA-1,0.001221,0.408634,0.000037,0.016014,0.019543,0.182191,0.082816,0.289334,0.000137,0.000074
ACAAGCAGTGCCTAGC-1,0.000028,0.132071,0.000028,0.126255,0.004374,0.33367,0.098283,0.288926,0.000028,0.016337
ACAAGCTATATGGAAG-1,0.00002,0.204452,0.001986,0.00002,0.063081,0.065418,0.009735,0.166713,0.406191,0.082385
ACAAGGAAATCCGCCC-1,0.08058,0.114509,0.010751,0.000023,0.04021,0.318024,0.007312,0.217557,0.008296,0.202738
ACAAGGACAAGAGGTT-1,0.41426,0.585027,0.000071,0.000071,0.000071,0.000143,0.000071,0.000071,0.000071,0.000143
ACAAGGATGCTTTAGG-1,0.106378,0.152998,0.015631,0.000021,0.000021,0.356682,0.000894,0.000021,0.000021,0.367333
ACAAGGCCTACCAGCC-1,0.11346,0.004384,0.032782,0.001208,0.079261,0.004192,0.003049,0.006004,0.002129,0.753531
ACAAGGGCAGGCTCTG-1,0.000033,0.232701,0.000033,0.000033,0.000033,0.325574,0.013506,0.187132,0.004481,0.236471
ACAAGTAATTGTAAGG-1,0.033662,0.616665,0.000041,0.065999,0.172958,0.000083,0.110426,0.000041,0.000041,0.000083
ACAATAGTCGTACGTT-1,0.054642,0.611391,0.000051,0.116734,0.000051,0.143229,0.059719,0.000051,0.002957,0.011177
ACAATCCATTTAAACC-1,0.000029,0.308682,0.018319,0.000029,0.008987,0.495684,0.026831,0.017456,0.000029,0.123952
ACAATCGATCTTTATA-1,0.04215,0.319464,0.00003,0.00003,0.476697,0.00006,0.161451,0.00003,0.00003,0.00006
ACAATGAATACGGAGA-1,0.076011,0.151227,0.000023,0.031217,0.012769,0.232242,0.007887,0.477835,0.006019,0.00477
ACAATGATTCTTCTAC-1,0.143555,0.55585,0.10477,0.000035,0.010631,0.033274,0.066309,0.000035,0.070784,0.014757
ACAATTGTGTCTCTTT-1,0.298953,0.401674,0.020936,0.049328,0.12228,0.106535,0.000059,0.000059,0.000059,0.000117
ACAATTTAGGAGGCTC-1,0.002373,0.005039,0.000015,0.013614,0.028639,0.252157,0.012507,0.238424,0.049322,0.39791
ACAATTTGAGCAGTGG-1,0.021792,0.740823,0.00612,0.000053,0.000053,0.140409,0.000053,0.000053,0.000053,0.090589
ACAATTTGGCCATATT-1,0.227601,0.300095,0.445377,0.002436,0.024145,0.000099,0.000049,0.000049,0.000049,0.000099
ACACAAAGACGGGTGG-1,0.013607,0.396125,0.000037,0.000037,0.053869,0.153244,0.02571,0.357261,0.000037,0.000074
ACACAAATATTCCTAG-1,0.071695,0.033353,0.759716,0.000021,0.000021,0.114699,0.000021,0.000021,0.000021,0.020434
ACACACCAGGACCAGT-1,0.089261,0.692926,0.000066,0.000066,0.000066,0.200752,0.000066,0.000066,0.000066,0.016664
ACACACTTTCTACACG-1,0.00004,0.019001,0.00004,0.00004,0.00004,0.509883,0.201374,0.052341,0.00004,0.217202
ACACATGATCAAATCT-1,0.051386,0.54651,0.045267,0.000041,0.000041,0.195395,0.032369,0.006646,0.036514,0.085832
ACACATTGACGCAACA-1,0.012703,0.022102,0.000022,0.000022,0.01181,0.002991,0.488226,0.159505,0.187429,0.115189
ACACATTTCCGTAGAC-1,0.024926,0.546172,0.010834,0.081464,0.00008,0.16168,0.171624,0.002979,0.00008,0.00016
ACACCACATAATTAGC-1,0.382814,0.171278,0.155644,0.000035,0.289981,0.000071,0.000035,0.000035,0.000035,0.000071
ACACCCAGCATGCAGC-1,0.033098,0.550374,0.000057,0.000057,0.101367,0.130313,0.000057,0.184505,0.000057,0.000114
ACACCCGAGAAATCCG-1,0.569466,0.243553,0.000084,0.186222,0.000084,0.000169,0.000084,0.000084,0.000084,0.000169
ACACCGAGCGCTCTTT-1,0.001324,0.00135,0.000008,0.002207,0.021097,0.089219,0.037651,0.189036,0.009633,0.648474
ACACCGGTCTGACCGC-1,0.197465,0.011301,0.000013,0.004913,0.006368,0.033961,0.022998,0.485858,0.026744,0.210378
ACACCTTAAGTAGGGC-1,0.513659,0.285451,0.000094,0.130114,0.000094,0.07012,0.000094,0.000094,0.000094,0.000188
ACACCTTACTACTTGC-1,0.388802,0.003093,0.094624,0.001133,0.208059,0.065109,0.049807,0.000031,0.018551,0.170791
ACACGAGACTCCTTCT-1,0.175964,0.474068,0.000066,0.018591,0.267088,0.063893,0.000066,0.000066,0.000066,0.000132
ACACGGCACTATGCAT-1,0.609072,0.380538,0.000073,0.000073,0.009734,0.000146,0.000073,0.000073,0.000073,0.000146
ACACGGGAACTTAGGG-1,0.371477,0.128384,0.034236,0.069295,0.050313,0.321811,0.000043,0.023555,0.000043,0.000843
ACACGTAGGCCACAAG-1,0.414828,0.082071,0.055223,0.017436,0.02555,0.082552,0.010624,0.000029,0.101039,0.210648
ACACTCCAATGTCACT-1,0.000031,0.078387,0.000031,0.057818,0.000031,0.53688,0.04502,0.011925,0.013917,0.25596
ACACTGATCAAGGTGT-1,0.054403,0.86217,0.000082,0.06917,0.000082,0.013679,0.000082,0.000082,0.000082,0.000165
ACACTGGGACAGTCGT-1,0.099219,0.037964,0.052112,0.001413,0.18889,0.018415,0.067715,0.333473,0.140745,0.060054
ACAGAACTGAGAACAA-1,0.177502,0.290155,0.012043,0.004472,0.110317,0.243959,0.017152,0.07643,0.056845,0.011125
ACAGATTAGGTTAGTG-1,0.000088,0.619872,0.000088,0.097557,0.000088,0.076065,0.125076,0.080905,0.000088,0.000175
ACAGCATAGAGCCAGT-1,0.000033,0.028139,0.010918,0.000033,0.000033,0.304296,0.068266,0.460826,0.000033,0.127422
ACAGCGACATTCTCAT-1,0.212635,0.372795,0.000048,0.002521,0.000048,0.083555,0.000048,0.003171,0.220803,0.104377
ACAGCGCACCCGCAGC-1,0.097544,0.848807,0.000117,0.000117,0.052593,0.000235,0.000117,0.000117,0.000117,0.000235
ACAGGAGGCGCAGCCG-1,0.004686,0.248293,0.272705,0.000021,0.078361,0.017785,0.199187,0.006851,0.070802,0.101308
ACAGGCACGGATCCTT-1,0.010358,0.217569,0.055589,0.000025,0.03464,0.294264,0.032303,0.000025,0.093302,0.261925
ACAGGCTTGCCCGACT-1,0.037114,0.514653,0.000052,0.011583,0.000052,0.114254,0.000052,0.002337,0.017625,0.302278
ACAGGTGGAGGTGAGG-1,0.601191,0.05464,0.010801,0.276203,0.000059,0.056811,0.000059,0.000059,0.000059,0.000118
ACAGGTGTGTTGTTGC-1,0.021107,0.30403,0.033996,0.010931,0.082458,0.295385,0.083057,0.000112,0.011614,0.15731
ACAGTAATACAACTTG-1,0.000009,0.000208,0.000009,0.000009,0.076636,0.181511,0.0039,0.355208,0.005828,0.376679
ACAGTATACCGTGGGA-1,0.030665,0.10869,0.294129,0.061397,0.145583,0.252516,0.017617,0.000029,0.001739,0.087636
ACATAAGTCGTGGTGA-1,0.298321,0.246931,0.000041,0.000041,0.000041,0.190329,0.210899,0.000055,0.032074,0.021267
ACATAATAAGGCGGTG-1,0.63066,0.073399,0.000055,0.139015,0.002149,0.147011,0.000055,0.007493,0.000055,0.000109
ACATACAATCAAGCGG-1,0.004542,0.559282,0.074921,0.047344,0.043883,0.072067,0.030493,0.000033,0.104749,0.062687
ACATCAGCTGGGACGC-1,0.238842,0.270845,0.000029,0.007035,0.06428,0.330561,0.002098,0.000029,0.007567,0.078715
ACATCCCGGCCATACG-1,0.219024,0.188862,0.000032,0.021424,0.023535,0.406981,0.0315,0.075839,0.000032,0.032772
ACATCCTGGTAACTGT-1,0.197345,0.242966,0.016399,0.135168,0.000044,0.221005,0.000044,0.000044,0.000044,0.186943
ACATCGATCGTTTACC-1,0.022344,0.150884,0.000028,0.001929,0.000028,0.431131,0.03447,0.220913,0.009155,0.129118
ACATCGCAATATTCGG-1,0.330291,0.101919,0.049524,0.215012,0.285766,0.000088,0.017224,0.000044,0.000044,0.000088
ACATCGGTCAGCCGCG-1,0.293356,0.460404,0.025714,0.104061,0.000088,0.11594,0.000088,0.000088,0.000088,0.000175
ACATCGTATGCAATGG-1,0.209609,0.597897,0.000058,0.000058,0.008415,0.152235,0.000058,0.030601,0.000952,0.000116
ACATCGTTAACCTAGT-1,0.339737,0.001187,0.000038,0.020156,0.000038,0.178174,0.043402,0.064029,0.007336,0.345903
