Barcode,Topic 1,Topic 2,Topic 3,Topic 4,Topic 5,Topic 6,Topic 7,Topic 8,Topic 9,Topic 10,Topic 11to12
AAACAACGAATAGTTC-1,0.000005,0.000005,0.001279,0.074536,0.424853,0.073837,0.015452,0.08913,0.16798,0.016771,0.136153
AAACAAGTATCTCCCA-1,0.087681,0.246464,0.320758,0.065378,0.081268,0.057647,0.000022,0.096049,0.044515,0.00005,0.000167
AAACAATCTACTAGCA-1,0.166795,0.351066,0.469576,0.000043,0.012221,0.000043,0.000043,0.000043,0.000043,0.000043,0.000086
AAACACCAATAACTGC-1,0.099588,0.261799,0.349463,0.000024,0.068747,0.005925,0.127655,0.006524,0.035596,0.004204,0.040474
AAACAGAGCGACTCCT-1,0.005324,0.139111,0.040584,0.000019,0.000674,0.000019,0.003807,0.031578,0.086237,0.20598,0.486668
AAACAGCTTTCAGAAG-1,0.000406,0.004314,0.000328,0.00096,0.010609,0.001781,0.35733,0.034223,0.001923,0.034612,0.553515
AAACAGGGTCTATATT-1,0.026137,0.183127,0.040935,0.177844,0.033186,0.019388,0.194985,0.048984,0.033917,0.053327,0.188169
AAACAGTGTTCCTGGG-1,0.039676,0.040489,0.27692,0.000014,0.067839,0.367428,0.000014,0.046007,0.000014,0.112491,0.049108
AAACATGGTGAGAGGA-1,0.19183,0.000017,0.000017,0.225952,0.000017,0.420831,0.131679,0.000017,0.000017,0.027322,0.002301
AAACATTTCCCGGATT-1,0.039626,0.302007,0.526175,0.00003,0.005611,0.104703,0.00003,0.005659,0.004069,0.01203,0.00006
AAACCACTACACAGAT-1,0.010071,0.282496,0.02685,0.064522,0.064853,0.387066,0.000011,0.069624,0.013427,0.029865,0.051214
AAACCCGAACGAAATC-1,0.004769,0.024643,0.148113,0.000009,0.293247,0.076533,0.095555,0.129261,0.056476,0.018164,0.15323
AAACCGGAAATGTTAA-1,0.083608,0.185509,0.320326,0.031329,0.1771,0.098516,0.031812,0.027579,0.041059,0.000864,0.002298
AAACCGGGTAGGTACC-1,0.030499,0.188043,0.142587,0.008515,0.031573,0.004071,0.238861,0.001118,0.185674,0.017531,0.151527
AAACCGTTCGTCCAGG-1,0.000245,0.178429,0.073425,0.043068,0.075488,0.039982,0.012275,0.156124,0.186165,0.117465,0.117335
AAACCTAAGCAGCCGG-1,0.00001,0.030058,0.021307,0.000316,0.006453,0.116244,0.001758,0.004759,0.00075,0.779901,0.038444
AAACCTCATGAAGTTG-1,0.011099,0.154026,0.288493,0.015323,0.000209,0.000021,0.18983,0.000021,0.114262,0.046108,0.180608
AAACGAAGAACATACC-1,0.000015,0.064534,0.006678,0.003841,0.002812,0.009067,0.000459,0.081414,0.091906,0.277406,0.461866
AAACGAAGATGGAGTA-1,0.804558,0.000047,0.000047,0.004229,0.000047,0.032314,0.158519,0.000047,0.000047,0.000047,0.000095
AAACGACAGTCTTGCC-1,0.127304,0.278335,0.20095,0.030907,0.03139,0.085688,0.009749,0.062877,0.076042,0.041889,0.054869
AAACGAGACGGTTGAT-1,0.00544,0.504654,0.266607,0.144894,0.000052,0.000052,0.000052,0.000052,0.000052,0.078038,0.000104
AAACGCCCGAGATCGG-1,0.023955,0.584356,0.069191,0.000032,0.264002,0.036581,0.000032,0.020798,0.000957,0.000032,0.000064
AAACGCTGGGCACGAC-1,0.00001,0.037204,0.064876,0.029086,0.32084,0.087888,0.140094,0.143498,0.051953,0.01337,0.11118
AAACGGGCGTACGGGT-1,0.009467,0.158967,0.403461,0.014391,0.003095,0.10675,0.000028,0.0147,0.002717,0.244205,0.04222
AAACGGGTTGGTATCC-1,0.048613,0.030982,0.535541,0.000026,0.091677,0.110428,0.16028,0.002212,0.000315,0.006255,0.013671
AAACGGTTGCGAACTG-1,0.009669,0.537699,0.141054,0.000024,0.219822,0.022473,0.003829,0.000024,0.006963,0.050721,0.007722
AAACGTGTTCGCCCTA-1,0.00002,0.00127,0.338354,0.00002,0.252284,0.008882,0.104339,0.010757,0.144147,0.04227,0.097657
AAACTAACGTGGCGAC-1,0.00002,0.012028,0.154249,0.00002,0.010502,0.001817,0.021885,0.228464,0.182156,0.175814,0.213045
AAACTCGGTTCGCAAT-1,0.364881,0.265326,0.316025,0.052648,0.00014,0.00014,0.00014,0.00014,0.00014,0.00014,0.00028
AAACTCGTGATATAAG-1,0.000025,0.023475,0.367384,0.000025,0.073687,0.000025,0.084116,0.070745,0.177535,0.006255,0.196729
AAACTGCTGGCTCCAA-1,0.370861,0.4824,0.000032,0.146454,0.000032,0.000032,0.000032,0.000032,0.000032,0.000032,0.000063
AAACTTAATTGCACGC-1,0.084857,0.00716,0.0445,0.335441,0.009878,0.409461,0.025008,0.063067,0.000017,0.006153,0.014456
AAACTTGCAAACGTAT-1,0.022416,0.31617,0.037197,0.000013,0.005655,0.000013,0.163458,0.029109,0.197402,0.007599,0.220969
AAAGAATGACCTTAGA-1,0.622327,0.000025,0.000025,0.342364,0.000025,0.035083,0.000025,0.000025,0.000025,0.000025,0.00005
AAAGAATGTGGACTAA-1,0.039768,0.137732,0.480717,0.000095,0.028,0.254521,0.000026,0.005361,0.005678,0.044995,0.003107
AAAGACATGAAGTTTA-1,0.289343,0.150189,0.063642,0.026748,0.022229,0.011489,0.063417,0.006079,0.130226,0.057571,0.179065
AAAGACCCAAGTCGCG-1,0.231183,0.258044,0.243646,0.000031,0.000031,0.000031,0.053517,0.000031,0.213394,0.000031,0.000062
AAAGACTGGGCGCTTT-1,0.125142,0.228798,0.172544,0.000026,0.000026,0.000026,0.288041,0.000026,0.10633,0.074482,0.004561
AAAGCTTGCCTACATA-1,0.00001,0.00001,0.003869,0.00001,0.342872,0.00001,0.001136,0.522445,0.101619,0.0005,0.027522
AAAGGCCCTATAATAC-1,0.02291,0.081404,0.191271,0.000018,0.3396,0.073348,0.09754,0.089014,0.022155,0.032033,0.050706
AAAGGCTACGGACCAT-1,0.161452,0.225476,0.419133,0.075894,0.000046,0.116951,0.000046,0.000046,0.000046,0.00082,0.000091
AAAGGCTCTCGCGCCG-1,0.137493,0.486453,0.282623,0.000048,0.000048,0.000048,0.000048,0.000048,0.000048,0.074767,0.018376
AAAGGGATGTAGCAAG-1,0.000023,0.288195,0.04967,0.052185,0.000196,0.011681,0.00483,0.001068,0.03642,0.37775,0.177982
AAAGGGCAGCTTGAAT-1,0.000015,0.083986,0.032147,0.000015,0.123649,0.000015,0.283866,0.041671,0.267764,0.025281,0.141591
AAAGGTAAGCTGTACC-1,0.070135,0.00195,0.160369,0.033116,0.020937,0.045557,0.000026,0.058486,0.353944,0.053504,0.201977
AAAGTAGCATTGCTCA-1,0.005054,0.102884,0.009491,0.093353,0.119814,0.038289,0.063265,0.065426,0.062877,0.063527,0.376019
AAAGTCACTGATGTAA-1,0.032108,0.123629,0.159353,0.007465,0.029107,0.002631,0.004538,0.033751,0.454337,0.014264,0.138816
AAAGTCGACCCTCAGT-1,0.271706,0.05964,0.273721,0.012053,0.000027,0.011495,0.219113,0.000027,0.040906,0.081916,0.029398
AAAGTGCCATCAATTA-1,0.020845,0.023735,0.244018,0.076336,0.43138,0.043489,0.037919,0.026162,0.063265,0.006823,0.026028
AAAGTGTGATTTATCT-1,0.018213,0.096324,0.052646,0.000017,0.011317,0.008177,0.018265,0.195743,0.146143,0.207571,0.245585
AAAGTTGACTCCCGTA-1,0.00436,0.425078,0.53695,0.000055,0.000055,0.000055,0.000055,0.000055,0.033172,0.000055,0.00011
AAATAACCATACGGGA-1,0.000015,0.039515,0.060667,0.065506,0.000868,0.002091,0.000019,0.003228,0.052599,0.543356,0.232135
AAATAAGGTAGTGCCC-1,0.000011,0.000344,0.209427,0.000011,0.089394,0.00177,0.110273,0.130023,0.086487,0.015729,0.356532
AAATACCTATAAGCAT-1,0.32956,0.076437,0.000082,0.593265,0.000082,0.000082,0.000082,0.000082,0.000082,0.000082,0.000164
AAATAGCTTAGACTTT-1,0.036988,0.180152,0.224933,0.000031,0.112807,0.003348,0.012749,0.007954,0.387746,0.003781,0.029512
AAATAGGGTGCTATTG-1,0.013578,0.163216,0.054859,0.003588,0.00845,0.031116,0.000299,0.000021,0.011932,0.683543,0.029397
AAATCCGATACACGCC-1,0.009124,0.393583,0.047059,0.015741,0.289361,0.130379,0.000681,0.000025,0.012276,0.082909,0.018861
AAATCGCGGAAGGAGT-1,0.48449,0.022012,0.000029,0.241425,0.074729,0.143194,0.02483,0.00383,0.00032,0.000029,0.005112
AAATCGTGTACCACAA-1,0.000029,0.450964,0.189274,0.029591,0.000029,0.000029,0.000029,0.000029,0.130905,0.153723,0.045399
AAATCTAGCCCTGCTA-1,0.000012,0.017989,0.202432,0.000012,0.079181,0.02421,0.013908,0.203991,0.130428,0.100494,0.227343
AAATCTGCCCGCGTCC-1,0.852752,0.00003,0.00003,0.00003,0.00003,0.123365,0.023618,0.00003,0.00003,0.00003,0.000059
AAATGACTGATCAAAC-1,0.00001,0.038216,0.00001,0.240947,0.000042,0.477175,0.00001,0.00001,0.00001,0.241435,0.002133
AAATGATTCGATCAGC-1,0.001535,0.127178,0.157727,0.000018,0.095964,0.000018,0.116183,0.000018,0.384847,0.014019,0.102491
AAATGCTCGTTACGTT-1,0.105532,0.074006,0.452593,0.124427,0.00004,0.019867,0.129958,0.00004,0.053833,0.03805,0.001653
AAATGGCATGTCTTGT-1,0.074832,0.315768,0.000046,0.028004,0.000046,0.000046,0.000184,0.000046,0.080248,0.486956,0.013827
AAATGGCCCGTGCCCT-1,0.019364,0.150585,0.105125,0.001044,0.002407,0.005583,0.197174,0.034973,0.033231,0.168187,0.282326
AAATGGTCAATGTGCC-1,0.000013,0.090073,0.001696,0.000013,0.01907,0.000255,0.000131,0.19123,0.063068,0.236862,0.397588
AAATGTATCTTATCCC-1,0.530035,0.000032,0.000032,0.272963,0.000032,0.000032,0.180782,0.009941,0.000032,0.006056,0.000063
AAATGTGGGTGCTCCT-1,0.075227,0.018644,0.905562,0.000063,0.000063,0.000063,0.000063,0.000063,0.000063,0.000063,0.000126
AAATTAACGGGTAGCT-1,0.000042,0.363288,0.414006,0.030124,0.000042,0.000042,0.000042,0.000042,0.148641,0.04365,0.000083
AAATTAATAAGCGCGA-1,0.519734,0.000018,0.000018,0.108856,0.000018,0.000018,0.370184,0.000591,0.000018,0.000018,0.000529
AAATTACACGACTCTG-1,0.006334,0.350957,0.000023,0.040993,0.005559,0.024482,0.014798,0.000023,0.030509,0.437726,0.088595
AAATTACCTATCGATG-1,0.000011,0.000011,0.01309,0.000011,0.00202,0.001136,0.000011,0.300706,0.269814,0.119855,0.293335
AAATTCCAGGTCCAAA-1,0.098842,0.162514,0.424212,0.000028,0.130686,0.000028,0.098527,0.000028,0.04177,0.032348,0.011017
AAATTGATAGTCCTTT-1,0.000009,0.069794,0.002657,0.000009,0.000009,0.000009,0.001511,0.765028,0.094574,0.001474,0.064925
AAATTGCGGCGGTTCT-1,0.172202,0.315157,0.387516,0.000032,0.000032,0.000032,0.068482,0.000032,0.056416,0.000032,0.000065
AAATTGGTGAGAAGCA-1,0.031402,0.026695,0.109133,0.000017,0.454774,0.00483,0.066477,0.066419,0.143802,0.003834,0.092617
AAATTTACCGAAATCC-1,0.00661,0.438423,0.033003,0.037733,0.020264,0.040615,0.000038,0.000038,0.000522,0.412221,0.010531
AAATTTGCGGGTGTGG-1,0.034437,0.082538,0.054064,0.037405,0.042741,0.002067,0.026553,0.4252,0.188244,0.007501,0.099248
AACAACTGGTAGTTGC-1,0.022136,0.192186,0.138074,0.113339,0.00832,0.007022,0.01946,0.043734,0.291326,0.035256,0.129145
AACAATACATTGTCGA-1,0.101968,0.178564,0.33748,0.000021,0.115401,0.000021,0.042223,0.001607,0.157251,0.042258,0.023206
AACAATTACTCTACGC-1,0.006009,0.014399,0.033773,0.125453,0.029543,0.068515,0.317995,0.03065,0.102041,0.113188,0.158434
AACACACGCTCGCCGC-1,0.070957,0.433872,0.297869,0.000037,0.009692,0.054095,0.000037,0.065708,0.000037,0.06735,0.000347
AACACGACTGTACTGA-1,0.003455,0.286401,0.143743,0.041891,0.000028,0.000028,0.008723,0.000028,0.213842,0.119203,0.182657
AACACGAGACGCGGCC-1,0.006699,0.054945,0.234893,0.13502,0.001206,0.022709,0.172133,0.032846,0.011284,0.161392,0.166873
AACACGCGGCCGCGAA-1,0.011212,0.015099,0.001083,0.068092,0.29711,0.006436,0.212151,0.064665,0.222805,0.00199,0.099358
AACAGCTGTGTGGCAA-1,0.045641,0.139708,0.161382,0.006376,0.202554,0.0356,0.089724,0.017987,0.031017,0.141439,0.128572
AACAGGAAATCGAATA-1,0.006943,0.219594,0.039309,0.050667,0.010352,0.003835,0.018982,0.004222,0.044462,0.407334,0.1943
AACAGGATGGGCCGCG-1,0.011601,0.125938,0.01578,0.027233,0.019221,0.025294,0.114414,0.062435,0.045345,0.089765,0.462975
AACAGGTAGTATGGAT-1,0.003418,0.001732,0.177957,0.00452,0.367641,0.055573,0.04296,0.009986,0.145174,0.076838,0.114202
AACATAGCGTGTATCG-1,0.001692,0.204662,0.069575,0.000017,0.059783,0.229436,0.003009,0.000017,0.000017,0.421354,0.010438
AACATATCAACTGGTG-1,0.11983,0.350151,0.502065,0.00005,0.00005,0.00005,0.00005,0.00005,0.027553,0.00005,0.0001
AACATCGATACGTCTA-1,0.073974,0.197837,0.378119,0.000027,0.02406,0.000027,0.042001,0.014273,0.252141,0.000027,0.017513
AACATTGAAGTTGATC-1,0.00001,0.00001,0.026676,0.512792,0.058563,0.217621,0.00057,0.154756,0.012076,0.00001,0.016914
AACATTGGTCAGCCGT-1,0.281048,0.2497,0.000025,0.238675,0.042878,0.055961,0.078021,0.005532,0.004445,0.001452,0.042264
AACATTGTGACTCGAG-1,0.03498,0.51824,0.003938,0.000022,0.361085,0.007809,0.000022,0.030506,0.031137,0.000022,0.01224
AACCAAGACTTCTCTG-1,0.016927,0.134116,0.084399,0.034864,0.190283,0.013122,0.152554,0.017089,0.220992,0.043818,0.091837
AACCAGTATCACTCTT-1,0.000021,0.237308,0.000021,0.260747,0.0133,0.085112,0.000021,0.007806,0.001279,0.336694,0.057693
AACCATAGGGTTGAAC-1,0.020507,0.062483,0.085561,0.000013,0.140797,0.143708,0.285745,0.031586,0.000508,0.158749,0.070344
AACCATGGGATCGCTA-1,0.019084,0.071809,0.183298,0.12023,0.00392,0.006206,0.302323,0.00002,0.154633,0.0696,0.068876
AACCCAGAGACGGAGA-1,0.148325,0.044621,0.378748,0.107305,0.042101,0.000027,0.038308,0.015452,0.19547,0.00117,0.028475
AACCCATCCCATGATC-1,0.074741,0.146525,0.283227,0.000021,0.006501,0.004867,0.135926,0.029396,0.022587,0.116354,0.179855
AACCCGACAACCCGTG-1,0.049407,0.136536,0.43448,0.000025,0.019612,0.06544,0.012476,0.064275,0.004569,0.187274,0.025906
AACCCGAGCAGAATCG-1,0.124365,0.169123,0.214924,0.026113,0.133289,0.291002,0.020509,0.010504,0.002979,0.001878,0.005315
AACCCGATAGGGCTTC-1,0.020276,0.013716,0.237209,0.004898,0.048733,0.044498,0.004372,0.363494,0.165349,0.046346,0.051109
AACCCGCTGTATTCCA-1,0.013793,0.141985,0.006062,0.000016,0.372134,0.228309,0.000016,0.000031,0.000016,0.233613,0.004026
AACCCTACTGTCAATA-1,0.007219,0.120297,0.000632,0.033384,0.067564,0.039439,0.0044,0.153481,0.061963,0.225655,0.285967
AACCCTGGTGGAACCA-1,0.027789,0.079725,0.004846,0.055914,0.027958,0.019743,0.011015,0.000014,0.042375,0.593899,0.136722
AACCGAGCTTGGTCAT-1,0.349646,0.564897,0.000058,0.084938,0.000058,0.000058,0.000058,0.000058,0.000058,0.000058,0.000115
AACCGCTAAGGGATGC-1,0.085017,0.280301,0.103651,0.000025,0.006996,0.000025,0.00807,0.004702,0.349537,0.089715,0.07196
AACCGTTGTGTTTGCT-1,0.000037,0.110655,0.234263,0.06916,0.000037,0.030558,0.000037,0.000037,0.331957,0.177908,0.045352
AACCTAAAGCCGTCCG-1,0.209856,0.007513,0.009821,0.033161,0.041693,0.007735,0.100756,0.067803,0.076424,0.15661,0.288628
AACCTCGCTTTAGCCC-1,0.010708,0.292656,0.026341,0.063879,0.000776,0.112746,0.00003,0.00003,0.00003,0.488984,0.003819
AACCTGTCACGGAATT-1,0.021616,0.00197,0.304905,0.01666,0.271931,0.108061,0.092562,0.123894,0.012791,0.010941,0.034669
AACCTTTAAATACGGT-1,0.348852,0.298604,0.231917,0.104664,0.000065,0.000065,0.000065,0.000065,0.001274,0.014302,0.000129
AACCTTTACGACGTCT-1,0.000024,0.15526,0.043282,0.000024,0.052883,0.000233,0.014489,0.053937,0.201474,0.194681,0.283712
AACGAAAGTCGTCCCA-1,0.240202,0.084512,0.392876,0.000033,0.000033,0.000033,0.08889,0.000033,0.004374,0.185797,0.003217
AACGACCTCCTAGCCG-1,0.000008,0.000008,0.05588,0.000008,0.477392,0.144314,0.140318,0.039247,0.013094,0.030381,0.099352
AACGATAATGCCGTAG-1,0.545133,0.454403,0.000046,0.000046,0.000046,0.000046,0.000046,0.000046,0.000046,0.000046,0.000093
AACGATAGAAGGGCCG-1,0.050437,0.347012,0.257049,0.000041,0.026938,0.000041,0.000041,0.035543,0.271647,0.000041,0.011208
AACGATATGTCAACTG-1,0.262295,0.737016,0.000069,0.000069,0.000069,0.000069,0.000069,0.000069,0.000069,0.000069,0.000138
AACGCATGATCTGGGT-1,0.076616,0.12388,0.71743,0.000045,0.000045,0.000045,0.000045,0.000045,0.081716,0.000045,0.000089
AACGCGAACGGCAACA-1,0.013716,0.05382,0.139397,0.000017,0.000226,0.000017,0.168875,0.004402,0.184059,0.055154,0.380318
AACGCGACCTTGGGCG-1,0.035201,0.245866,0.573316,0.000035,0.028082,0.052273,0.000035,0.000035,0.000035,0.065053,0.00007
AACGCGGTCTCCAGCC-1,0.000033,0.499324,0.000033,0.029031,0.000033,0.000033,0.000033,0.000033,0.065163,0.242434,0.163852
AACGCTGTTGCTGAAA-1,0.087737,0.305083,0.24849,0.000045,0.021548,0.032477,0.000045,0.039348,0.149998,0.076532,0.038696
AACGGACGTACGTATA-1,0.066423,0.274192,0.649146,0.000053,0.001976,0.000053,0.000053,0.000053,0.000245,0.007699,0.000107
AACGGCCATCTCCGGT-1,0.004099,0.159888,0.238591,0.00399,0.024751,0.010179,0.003052,0.107529,0.25678,0.048993,0.142147
AACGTACTGTGGGTAC-1,0.016642,0.092491,0.365361,0.069888,0.04678,0.012369,0.01116,0.077269,0.081314,0.062407,0.164319
AACGTAGTCTACCCAT-1,0.474975,0.010337,0.068814,0.28215,0.015329,0.1481,0.000049,0.000049,0.000049,0.000049,0.000098
AACGTCAGACTAGTGG-1,0.005134,0.265426,0.230992,0.048626,0.00943,0.00004,0.16844,0.008415,0.262293,0.00004,0.001163
AACGTCATCCGGCTTG-1,0.000018,0.085563,0.048733,0.172519,0.000631,0.427012,0.000018,0.043487,0.002764,0.187278,0.031977
AACGTCGCTGCACTTC-1,0.043962,0.048156,0.114793,0.000016,0.143652,0.322527,0.008275,0.104789,0.009121,0.10997,0.094739
AACGTGATGAAGGACA-1,0.301325,0.698024,0.000065,0.000065,0.000065,0.000065,0.000065,0.000065,0.000065,0.000065,0.00013
AACGTGCGAAAGTCTC-1,0.536257,0.463163,0.000052,0.000052,0.000052,0.000052,0.000052,0.000052,0.000116,0.000052,0.000103
AACGTTATCAGCACCT-1,0.027195,0.03119,0.000024,0.002443,0.005593,0.031021,0.582527,0.018846,0.000024,0.177462,0.123673
AACGTTCTACCATTGT-1,0.000011,0.001699,0.17029,0.252683,0.094234,0.251182,0.017202,0.082711,0.020394,0.003075,0.10652
AACTACCCGTTTGTCA-1,0.005167,0.006456,0.365378,0.000022,0.284802,0.00905,0.20869,0.004469,0.084706,0.006521,0.024739
AACTAGCGTATCGCAC-1,0.124898,0.408434,0.337339,0.000052,0.000052,0.000052,0.000052,0.000052,0.128915,0.000052,0.000103
AACTAGGCTTGGGTGT-1,0.01386,0.102983,0.156563,0.016573,0.000026,0.001652,0.000026,0.000026,0.013554,0.65212,0.042617
AACTCAAGTTAATTGC-1,0.000012,0.142944,0.008088,0.038617,0.014496,0.019076,0.004636,0.091529,0.121879,0.134777,0.423946
AACTCCAGAGCGTGTT-1,0.000031,0.086294,0.215831,0.041936,0.000031,0.164624,0.000031,0.023584,0.020672,0.272123,0.174842
AACTCCTAATCCCATG-1,0.00093,0.031968,0.038493,0.069123,0.105729,0.062489,0.005178,0.013539,0.126587,0.437007,0.108956
AACTCGATAAACACGT-1,0.211261,0.048056,0.264239,0.000023,0.005912,0.000531,0.377087,0.000023,0.062547,0.019953,0.01037
AACTCGATGGCGCAGT-1,0.152218,0.242189,0.418652,0.000061,0.000061,0.000061,0.177457,0.000061,0.009056,0.000061,0.000122
AACTCTCAATAGAGCG-1,0.068372,0.103699,0.129736,0.047542,0.004775,0.003212,0.008961,0.033619,0.216077,0.091835,0.292173
AACTCTCAGTGTGCTC-1,0.000022,0.137448,0.009259,0.033083,0.162207,0.005763,0.001056,0.021673,0.442356,0.031323,0.15581
AACTGAGGTCAGCGTC-1,0.154653,0.077644,0.551254,0.0001,0.0001,0.142398,0.0001,0.0001,0.010549,0.062903,0.0002
AACTGAGTTATACTGA-1,0.209151,0.028093,0.536648,0.003951,0.075254,0.041298,0.097391,0.006391,0.001065,0.000693,0.000066
AACTGATATTAGGCCT-1,0.000019,0.068026,0.007341,0.013158,0.000019,0.004252,0.001806,0.008426,0.083534,0.350301,0.463116
AACTGGGTCCCGACGT-1,0.000024,0.272719,0.025195,0.0277,0.000024,0.000024,0.006725,0.000024,0.138013,0.269129,0.260422
AACTGGGTTCGAGCCG-1,0.761966,0.237435,0.00006,0.00006,0.00006,0.00006,0.00006,0.00006,0.00006,0.00006,0.00012
AACTGGTGTGGGCCTT-1,0.034912,0.150807,0.333436,0.000029,0.000029,0.000029,0.000203,0.200218,0.279502,0.000029,0.000807
AACTTCTGCGTCTATC-1,0.41005,0.271837,0.058773,0.043127,0.000044,0.000044,0.215414,0.000044,0.000538,0.000044,0.000087
AACTTGCCCGTATGCA-1,0.232462,0.514503,0.000663,0.086053,0.100604,0.000029,0.008542,0.000029,0.046402,0.000029,0.010683
AACTTGCGTTCTCGCG-1,0.000011,0.00821,0.009391,0.000011,0.002767,0.000011,0.129444,0.063041,0.173173,0.024832,0.589108
AACTTTACGGGAGCTT-1,0.395925,0.000026,0.000026,0.000026,0.000026,0.000026,0.504684,0.000026,0.02818,0.008755,0.062298
AACTTTAGCTGCTGAG-1,0.168295,0.166184,0.459142,0.000055,0.000055,0.000055,0.0179,0.000055,0.188091,0.000055,0.000111
AACTTTCTCGATCATG-1,0.000015,0.000015,0.040165,0.163258,0.135315,0.27241,0.04604,0.219899,0.046321,0.000079,0.076483
AAGAAAGTTTGATGGG-1,0.37101,0.038882,0.000015,0.388005,0.000015,0.20198,0.000015,0.000015,0.000015,0.000015,0.000031
AAGAAATCACCAGATT-1,0.096069,0.130194,0.149883,0.016451,0.406391,0.143593,0.005601,0.034941,0.015389,0.000018,0.00147
AAGAAGGATCAGTTAG-1,0.152939,0.081557,0.38449,0.000032,0.000032,0.000032,0.206709,0.000032,0.128065,0.013272,0.032842
AAGACATACGTGGTTT-1,0.0251,0.030164,0.171239,0.017425,0.21354,0.415491,0.008405,0.039409,0.020143,0.027384,0.0317
AAGACCAAATAACTCA-1,0.130279,0.000011,0.006222,0.463847,0.000011,0.311462,0.044074,0.015056,0.000011,0.026526,0.002502
AAGACCCAACTGAACA-1,0.445157,0.026813,0.005248,0.503606,0.00004,0.018897,0.00004,0.00004,0.00004,0.00004,0.00008
AAGACTAACCCGTTGT-1,0.273762,0.154288,0.239501,0.000038,0.008689,0.000038,0.114933,0.000038,0.187286,0.000038,0.021386
AAGACTCACGCCCACT-1,0.181524,0.266856,0.483266,0.000043,0.000976,0.016861,0.000043,0.000043,0.000043,0.050262,0.000085
AAGACTGCAAGCTACT-1,0.242708,0.74536,0.011536,0.000044,0.000044,0.000044,0.000044,0.000044,0.000044,0.000044,0.000088
AAGAGATGAATCGGTA-1,0.000011,0.000011,0.035102,0.455109,0.02224,0.03609,0.013186,0.077063,0.049975,0.079878,0.231334
AAGAGCTCTTTATCGG-1,0.107285,0.763121,0.128824,0.000085,0.000085,0.000085,0.000085,0.000085,0.000085,0.000085,0.000171
AAGAGGATGTACGCGA-1,0.000009,0.040698,0.015244,0.058122,0.050168,0.009253,0.186869,0.086424,0.167507,0.015366,0.370339
AAGAGGCATGGATCGC-1,0.00002,0.167285,0.047357,0.00002,0.00248,0.00002,0.009527,0.00002,0.22382,0.471063,0.078389
AAGAGGCCCTTTGGAA-1,0.034135,0.004037,0.21518,0.02266,0.280887,0.021115,0.00942,0.228488,0.070688,0.030684,0.082704
AAGATGGCACCGGACC-1,0.003324,0.063004,0.313453,0.013005,0.006024,0.050831,0.000021,0.157765,0.084164,0.205906,0.102504
AAGATTGGCGGAACGT-1,0.002143,0.256672,0.128997,0.023966,0.000717,0.000022,0.000022,0.102977,0.271157,0.065283,0.148045
AAGCACCCTGCGTATC-1,0.46906,0.505842,0.000058,0.024579,0.000058,0.000058,0.000058,0.000058,0.000058,0.000058,0.000115
AAGCATACTCTCCTGA-1,0.214708,0.15077,0.004888,0.283697,0.035076,0.027634,0.000046,0.000046,0.152735,0.088402,0.041996
AAGCCACTTGCAGGTA-1,0.000006,0.000006,0.010552,0.037439,0.013758,0.39052,0.002213,0.527398,0.001472,0.002724,0.013913
AAGCCGAAGCGGTTTA-1,0.000008,0.000008,0.041396,0.139801,0.000128,0.00212,0.000612,0.629756,0.051652,0.031594,0.102925
AAGCCGCCGTGAAATC-1,0.125762,0.154909,0.496919,0.000023,0.091549,0.01572,0.092308,0.004512,0.00582,0.000023,0.012454
AAGCCGCTTTACCTTG-1,0.028441,0.018018,0.278227,0.000017,0.317497,0.038948,0.079406,0.103699,0.036478,0.013005,0.086263
AAGCCGGAGAGCAGGA-1,0.032956,0.047254,0.247847,0.030067,0.156477,0.07768,0.141515,0.039055,0.100382,0.010952,0.115814
AAGCGCAGGGCTTTGA-1,0.466433,0.293319,0.126853,0.000077,0.000077,0.112781,0.000077,0.000077,0.000077,0.000077,0.000153
AAGCGGAGTGCGCGCA-1,0.121353,0.099266,0.186925,0.007767,0.312902,0.020537,0.034786,0.012223,0.07828,0.013484,0.112476
AAGCGGCGTCATGGGT-1,0.042315,0.603733,0.353357,0.000066,0.000066,0.000066,0.000066,0.000066,0.000066,0.000066,0.000132
AAGCGTCCCTCATCGA-1,0.044598,0.223246,0.319101,0.084685,0.002576,0.023366,0.036237,0.165616,0.056971,0.01939,0.024213
AAGCTAGATCGAGTAA-1,0.316764,0.267012,0.127986,0.078307,0.024006,0.00008,0.00008,0.00008,0.087828,0.041476,0.056381
AAGCTATGGATTGACC-1,0.655217,0.000027,0.000027,0.147394,0.000027,0.195972,0.001203,0.000027,0.000027,0.000027,0.000053
AAGCTCGTGCCAAGTC-1,0.372585,0.626911,0.00005,0.00005,0.00005,0.00005,0.00005,0.00005,0.00005,0.00005,0.000101
AAGCTCTTTCATGGTG-1,0.000025,0.044177,0.087799,0.024234,0.006883,0.145116,0.000025,0.000025,0.004059,0.621439,0.066217
AAGGAGAACTTATAAG-1,0.012759,0.151494,0.114278,0.083914,0.11899,0.025549,0.003574,0.003108,0.176439,0.124182,0.185714
AAGGAGCGGTTGGTGC-1,0.006226,0.140071,0.578957,0.030622,0.000044,0.000044,0.000044,0.000044,0.243818,0.000044,0.000087
AAGGATCGATCGCTTG-1,0.003106,0.002195,0.12853,0.000013,0.033733,0.000013,0.020361,0.330348,0.357248,0.003516,0.120936
AAGGATGAGGGACCTC-1,0.008123,0.285293,0.038272,0.000021,0.004221,0.006436,0.011101,0.026328,0.166184,0.157774,0.296249
AAGGCAGGCTGTCTCC-1,0.113725,0.105709,0.315553,0.000018,0.189418,0.057751,0.048803,0.163544,0.000018,0.000158,0.005304
AAGGCGCGTAAAGCTT-1,0.000011,0.009076,0.012652,0.082925,0.090044,0.012841,0.041293,0.059744,0.315623,0.003621,0.37217
AAGGCTGTGCTCATCG-1,0.000008,0.001405,0.000008,0.052068,0.000008,0.000008,0.002615,0.197194,0.173895,0.008187,0.564605
AAGGGAACGACTGGCT-1,0.060868,0.100001,0.303904,0.030488,0.007377,0.071312,0.203698,0.185715,0.014029,0.003778,0.018832
AAGGGACAGATTCTGT-1,0.064952,0.621887,0.036098,0.000043,0.010645,0.000043,0.000043,0.022534,0.175647,0.000043,0.068062
AAGGGACTATGCATTC-1,0.015668,0.160933,0.080066,0.230582,0.214917,0.08804,0.061263,0.023495,0.040213,0.012772,0.072051
AAGGGTTAGCCATGCG-1,0.036282,0.035191,0.212012,0.000013,0.327745,0.178078,0.070678,0.026185,0.008701,0.04624,0.058874
AAGGGTTTGATTTCAG-1,0.999299,0.000064,0.000064,0.000064,0.000064,0.000064,0.000064,0.000064,0.000064,0.000064,0.000127
AAGGTATCCTAATATA-1,0.03558,0.708932,0.04767,0.000062,0.000062,0.000062,0.000062,0.000062,0.064331,0.099281,0.043897
AAGGTGATAAACCAGC-1,0.037803,0.299094,0.510505,0.000043,0.001538,0.000043,0.002349,0.012212,0.040579,0.094648,0.001187
AAGTAAGCTTCCAAAC-1,0.115799,0.097942,0.542206,0.000022,0.171274,0.064052,0.004487,0.000022,0.004131,0.000022,0.000043
AAGTAGAAGACCGGGT-1,0.000014,0.030604,0.012412,0.019183,0.007626,0.001322,0.004785,0.288417,0.124678,0.078014,0.432946
AAGTAGTGACGCGAGG-1,0.010762,0.043761,0.272948,0.000025,0.021391,0.000025,0.265361,0.026282,0.234941,0.00096,0.123545
AAGTCAATTGTCGTCA-1,0.000014,0.000014,0.026092,0.000014,0.150274,0.001847,0.001247,0.288902,0.249673,0.049697,0.232225
AAGTCTAGTAGCTGCC-1,0.000012,0.000012,0.085757,0.090526,0.092091,0.245112,0.076036,0.228782,0.021969,0.007824,0.15188
AAGTCTTCTGTGGCCT-1,0.81499,0.00005,0.00005,0.037093,0.00005,0.00005,0.147469,0.00005,0.00005,0.00005,0.0001
AAGTGACGACCGAATT-1,0.028566,0.045922,0.085567,0.038241,0.02894,0.004758,0.242041,0.099465,0.117131,0.028844,0.280526
AAGTGAGTCGGGTTTA-1,0.148527,0.335665,0.488582,0.000052,0.000052,0.026809,0.000052,0.000052,0.000052,0.000052,0.000104
AAGTGCAAAGGTAGAC-1,0.522385,0.046235,0.025817,0.000037,0.000037,0.000037,0.355936,0.000037,0.049371,0.000037,0.000073
AAGTGCCTTGACTGTA-1,0.033162,0.038789,0.259093,0.001273,0.121347,0.003547,0.000026,0.0201,0.432543,0.016856,0.073264
AAGTGCGTTAGAATCT-1,0.026431,0.262836,0.295531,0.031643,0.028003,0.026314,0.066727,0.029893,0.014399,0.121018,0.097206
AAGTGCTTCTCTATTG-1,0.042293,0.116715,0.401049,0.000028,0.048092,0.230983,0.004048,0.13754,0.000028,0.012019,0.007205
AAGTGTTTGGAGACGG-1,0.000018,0.014795,0.025659,0.000018,0.000532,0.000018,0.000018,0.000018,0.017283,0.827305,0.114336
AAGTTCACTCCAAGCT-1,0.011495,0.292653,0.348622,0.000037,0.019392,0.033227,0.000037,0.000037,0.000037,0.292392,0.002073
AAGTTCAGTCTGCGTA-1,0.00002,0.006714,0.094492,0.00002,0.007509,0.00002,0.009159,0.273342,0.446258,0.037427,0.125038
AAGTTCGGCCAACAGG-1,0.0991,0.198977,0.367172,0.092653,0.063651,0.000885,0.007768,0.000221,0.1631,0.002868,0.003606
AAGTTGTGATGTTATA-1,0.001228,0.000324,0.164921,0.000017,0.018186,0.259147,0.000845,0.266696,0.000017,0.250656,0.037965
AAGTTTACTAATGGCA-1,0.031884,0.296684,0.494385,0.000069,0.000069,0.000069,0.001206,0.000069,0.15405,0.021376,0.000138
AAGTTTATGGGCCCAA-1,0.555273,0.109282,0.000053,0.302242,0.000053,0.032781,0.000053,0.000053,0.000053,0.000053,0.000106
AATAACAACGCTCGGC-1,0.002244,0.01571,0.000485,0.063625,0.353546,0.000159,0.021923,0.041351,0.381556,0.000693,0.118708
AATAACACTAGAACAA-1,0.000007,0.005956,0.012054,0.056658,0.00157,0.004287,0.000007,0.3857,0.241559,0.051322,0.240881
AATAACGTCGCGCCCA-1,0.054224,0.001459,0.03065,0.005898,0.64933,0.133963,0.005491,0.085248,0.011339,0.014837,0.007561
AATAAGTCCTCGAGAC-1,0.00049,0.052017,0.073334,0.023593,0.018306,0.043885,0.001616,0.000566,0.036515,0.658189,0.09149
AATAATCTTCGTATCG-1,0.000557,0.009804,0.189802,0.025262,0.156601,0.128112,0.06275,0.29052,0.043224,0.017986,0.075382
AATACAATGTTTCAGG-1,0.284829,0.29583,0.297227,0.000051,0.000051,0.000051,0.114312,0.000051,0.007445,0.000051,0.000102
AATACCGGAGGGCTGT-1,0.057333,0.006172,0.440868,0.000025,0.039213,0.128515,0.000025,0.198908,0.004009,0.083738,0.041194
AATACCTGATGTGAAC-1,0.015728,0.02382,0.097357,0.000011,0.067156,0.485369,0.009105,0.122159,0.019903,0.078796,0.080596
AATAGAACAGAGTGGC-1,0.05509,0.449996,0.409807,0.048543,0.000046,0.019702,0.000046,0.000046,0.000046,0.016588,0.000092
AATAGAATCTGTTTCA-1,0.00245,0.056599,0.033449,0.000021,0.275454,0.000021,0.000021,0.053558,0.255758,0.267632,0.055037
AATAGCAAGCCTCCTG-1,0.024173,0.030953,0.166564,0.004348,0.080196,0.115517,0.003738,0.127493,0.107128,0.124099,0.215791
AATAGCTACCGCGTGC-1,0.182486,0.158538,0.258912,0.00009,0.000067,0.000034,0.005378,0.000034,0.366295,0.001244,0.026923
AATAGGCACGACCCTT-1,0.00493,0.032549,0.004348,0.000006,0.003875,0.25554,0.000006,0.683487,0.000006,0.011869,0.003384
AATAGTCCGTCCCGAC-1,0.000017,0.025239,0.028651,0.014455,0.003024,0.029752,0.000366,0.026166,0.084549,0.464627,0.323153
AATAGTCGCGAGTCGG-1,0.833566,0.095059,0.000038,0.000038,0.000038,0.000038,0.021815,0.000038,0.049256,0.000038,0.000076
AATATCAAGGTCGGAT-1,0.009105,0.092136,0.130279,0.001626,0.078438,0.000027,0.179005,0.000027,0.418079,0.007886,0.083392
AATATCCTAGCAAACT-1,0.939328,0.000033,0.000033,0.060341,0.000033,0.000033,0.000033,0.000033,0.000033,0.000033,0.000066
AATATCGAATCAATGC-1,0.063379,0.030501,0.427285,0.000021,0.203953,0.032855,0.028263,0.011431,0.102617,0.019701,0.079994
AATATCGAGGGTTCTC-1,0.208217,0.114523,0.549332,0.000063,0.010195,0.000063,0.000063,0.000063,0.117295,0.000063,0.000125
AATATTGGAGTATTGA-1,0.213661,0.194917,0.433795,0.000045,0.000045,0.000045,0.102054,0.000045,0.055256,0.000045,0.000091
AATCAGACTGCAGGAC-1,0.001359,0.041343,0.010922,0.025628,0.023937,0.012348,0.166727,0.056122,0.035485,0.101582,0.524547
AATCAGGTTTCATTTA-1,0.073831,0.034247,0.649979,0.000034,0.061368,0.179454,0.000034,0.000918,0.000034,0.000034,0.000067
AATCATGTAAAGACTC-1,0.058181,0.00024,0.039664,0.158888,0.002088,0.014705,0.02927,0.290726,0.112987,0.140521,0.15273
AATCCAAGGGCCTGAG-1,0.052032,0.246263,0.224028,0.00003,0.115236,0.00003,0.093643,0.022782,0.214259,0.001316,0.030382
AATCCATGCAAGGGTG-1,0.001281,0.258432,0.23925,0.000027,0.000027,0.000027,0.226682,0.000027,0.255239,0.003783,0.015226
AATCCCGCTCAGAGCC-1,0.013761,0.072923,0.626913,0.000025,0.01391,0.083399,0.003133,0.000025,0.000025,0.185836,0.00005
AATCGAGGTCTCAAGG-1,0.253572,0.427859,0.077986,0.000042,0.047346,0.192945,0.000042,0.000042,0.000042,0.000042,0.000084
AATCGCCTCAGCGCCA-1,0.012569,0.078165,0.005193,0.038314,0.000023,0.000023,0.002148,0.000023,0.122825,0.45731,0.283407
AATCGCGCAGAGGACT-1,0.000009,0.002949,0.099479,0.132667,0.197914,0.136078,0.046748,0.047434,0.126492,0.011729,0.198501
AATCGGGACACTACGA-1,0.029774,0.11241,0.105682,0.000032,0.007966,0.005721,0.000032,0.100365,0.17913,0.057158,0.401728
AATCGGTATAGCCCTC-1,0.079569,0.001121,0.078066,0.006784,0.089807,0.297194,0.036718,0.347917,0.021717,0.021873,0.019235
AATCGTGAGCCGAGCA-1,0.020882,0.157855,0.171132,0.000628,0.072376,0.079329,0.004558,0.000026,0.00714,0.474622,0.011452
AATCTAGGTTTACTTG-1,0.115545,0.377936,0.281941,0.000028,0.000028,0.000028,0.177043,0.000028,0.023933,0.001434,0.022057
AATCTATGCCGGAGCC-1,0.004509,0.004307,0.109784,0.000019,0.24941,0.001008,0.121098,0.001085,0.422296,0.012428,0.074054
AATCTCTACTGTGGTT-1,0.691938,0.079799,0.092853,0.000051,0.000051,0.000051,0.05238,0.000051,0.082676,0.000051,0.000101
AATCTGCGTTGGGACG-1,0.000037,0.270318,0.338357,0.000037,0.04412,0.000037,0.001069,0.000037,0.302539,0.040381,0.003068
AATCTGGCTTTCTAGT-1,0.207598,0.468853,0.018609,0.094456,0.012878,0.086154,0.020901,0.012576,0.008835,0.000027,0.069113
AATCTGGGTAGACCCT-1,0.000011,0.022318,0.002719,0.044051,0.029532,0.098683,0.000011,0.003387,0.002511,0.70017,0.096606
AATGACAGCAATGTCT-1,0.000007,0.002611,0.000007,0.0885,0.034305,0.008351,0.02809,0.111913,0.133806,0.004822,0.587588
AATGACGTAGGATGTC-1,0.000041,0.614968,0.010451,0.007315,0.03627,0.000041,0.005327,0.000041,0.123568,0.160743,0.041236
AATGACTGTCAGCCGG-1,0.070868,0.527408,0.221474,0.031053,0.000042,0.000042,0.017757,0.000042,0.131186,0.000042,0.000084
AATGAGTTCGCATATG-1,0.497392,0.15492,0.296904,0.000061,0.000061,0.000061,0.044114,0.000061,0.006246,0.000061,0.000121
AATGATGATACGCTAT-1,0.06688,0.313122,0.574263,0.00005,0.002024,0.000325,0.00005,0.00005,0.021616,0.021522,0.000099
AATGATGCGACTCCTG-1,0.142676,0.242104,0.508361,0.000041,0.000041,0.000041,0.003745,0.014808,0.088063,0.000041,0.000081
AATGCAACCGGGTACC-1,0.006444,0.202803,0.150306,0.049574,0.000489,0.020353,0.009062,0.005463,0.050528,0.472905,0.032075
AATGCACCAAGCAATG-1,0.046773,0.215022,0.428387,0.000037,0.019738,0.000037,0.000606,0.000037,0.289252,0.000037,0.000074
AATGGCCGCCAATGCG-1,0.031879,0.050224,0.494784,0.000016,0.292863,0.000966,0.001651,0.043013,0.059169,0.017137,0.008298
AATGGTCCACCGTTCA-1,0.020852,0.094638,0.013425,0.221981,0.010214,0.050824,0.280717,0.023949,0.026003,0.157936,0.099462
AATGGTTCTCACAAGC-1,0.061253,0.000725,0.024271,0.059724,0.018502,0.017482,0.248221,0.059344,0.317839,0.006093,0.186545
AATGTATGGCACTGTA-1,0.054012,0.003247,0.279582,0.000018,0.004784,0.39788,0.239633,0.006363,0.000018,0.014387,0.000077
AATGTGCCCGAGGTGT-1,0.000014,0.00459,0.033779,0.004942,0.168129,0.007129,0.082223,0.066253,0.287685,0.006919,0.338337
AATGTGCTAATCTGAG-1,0.049944,0.009995,0.18197,0.145054,0.001996,0.296752,0.000019,0.245851,0.002605,0.052579,0.013235
AATGTTAAGACCCTGA-1,0.224944,0.643801,0.000035,0.000035,0.000035,0.130937,0.000035,0.000035,0.000035,0.000035,0.000071
AATGTTGTCGTGAGAC-1,0.009877,0.000012,0.101065,0.059841,0.005863,0.23506,0.000012,0.561227,0.004992,0.014979,0.007074
AATTAAAGGTCGGCGT-1,0.000015,0.138657,0.009541,0.082531,0.130576,0.00407,0.000015,0.0919,0.178089,0.048535,0.316071
AATTAACGGATTTCCA-1,0.357474,0.631802,0.00005,0.00005,0.010275,0.00005,0.00005,0.00005,0.00005,0.00005,0.0001
AATTACGAGACCCATC-1,0.464511,0.000052,0.060246,0.000043,0.000043,0.118789,0.352977,0.000043,0.000043,0.003169,0.000085
AATTACTCGTACGCTC-1,0.390042,0.068466,0.008451,0.207185,0.000042,0.000042,0.086982,0.060297,0.000042,0.137452,0.040998
AATTAGCGCTGCAGCG-1,0.058648,0.940851,0.00005,0.00005,0.00005,0.00005,0.00005,0.00005,0.00005,0.00005,0.0001
AATTATACCCAGCAAG-1,0.194741,0.056587,0.315323,0.00008,0.00008,0.418295,0.00008,0.00008,0.00008,0.014497,0.00016
AATTCATAAGGGATCT-1,0.05869,0.272028,0.471818,0.000061,0.000061,0.000061,0.000061,0.000061,0.183949,0.013086,0.000123
AATTCATTGTCATGCA-1,0.205714,0.000021,0.014344,0.360921,0.004103,0.308258,0.034786,0.031694,0.000529,0.024207,0.015423
AATTCCAACTTGGTGA-1,0.004302,0.000314,0.042895,0.007348,0.046371,0.191325,0.240447,0.09526,0.037241,0.073969,0.260528
AATTCCAAGCATGTAC-1,0.04249,0.323245,0.404045,0.000038,0.000038,0.018164,0.000038,0.000038,0.000038,0.211786,0.000077
AATTCGATTCGAGGAT-1,0.404779,0.544281,0.016461,0.000079,0.000079,0.033848,0.000079,0.000079,0.000079,0.000079,0.000158
AATTCTAGAGTTAGGC-1,0.153406,0.833296,0.012579,0.00008,0.00008,0.00008,0.00008,0.00008,0.00008,0.00008,0.00016
AATTGAACGCTCTGGT-1,0.002181,0.330861,0.039006,0.00002,0.002743,0.001636,0.000524,0.006841,0.02763,0.375103,0.213456
AATTGCAGCAATCGAC-1,0.01011,0.148719,0.158766,0.105176,0.263827,0.059473,0.000017,0.06176,0.158732,0.01143,0.021992
AATTGCGTGGATTACA-1,0.000007,0.000007,0.000007,0.003346,0.027935,0.306578,0.148202,0.111464,0.000007,0.148362,0.254082
AATTGTGGTTGCCAAA-1,0.008049,0.009935,0.305568,0.000012,0.148371,0.244692,0.054397,0.095417,0.000075,0.02359,0.109892
AATTTGGGACATAGTA-1,0.000016,0.026221,0.016973,0.008783,0.000016,0.000016,0.000151,0.012113,0.064418,0.489491,0.381802
AATTTGGTTCCAAAGA-1,0.000016,0.081748,0.000016,0.000016,0.144352,0.000016,0.000016,0.003782,0.233451,0.244068,0.292521
ACAAACCATGCGTCCT-1,0.010234,0.068355,0.110028,0.011295,0.024559,0.212099,0.068707,0.169936,0.007213,0.075171,0.242402
ACAAACCGACAAGGCG-1,0.223187,0.01353,0.006262,0.016643,0.006697,0.000032,0.124338,0.20679,0.068051,0.06007,0.274399
ACAAACTCCATCAGAG-1,0.000006,0.000006,0.000464,0.00995,0.001214,0.293449,0.000006,0.555515,0.000286,0.079388,0.059715
ACAAAGAAGGTAGGCC-1,0.869782,0.000039,0.008411,0.000039,0.000039,0.000039,0.121453,0.000039,0.000039,0.000039,0.000079
ACAAAGCATGACCTAG-1,0.185635,0.071302,0.038889,0.053184,0.318605,0.053642,0.008325,0.016311,0.086304,0.124848,0.042954
ACAAATCGCACCGAAT-1,0.018178,0.522563,0.042126,0.04183,0.004592,0.049418,0.003515,0.03335,0.041554,0.179829,0.063043
ACAAATGGTAGTGTTT-1,0.023351,0.267145,0.119019,0.010949,0.006096,0.0406,0.001086,0.005551,0.106658,0.304196,0.115349
ACAAATTCAGATCTGA-1,0.017035,0.245713,0.395857,0.000038,0.04311,0.019753,0.000038,0.049713,0.034187,0.152612,0.041944
ACAACAGCATGAGCTA-1,0.295775,0.631104,0.058985,0.000077,0.000077,0.000077,0.000077,0.000077,0.013519,0.000077,0.000154
ACAACGGTCCCTGCGA-1,0.097786,0.035511,0.183937,0.001095,0.178962,0.017848,0.116763,0.004657,0.242467,0.015823,0.105151
ACAAGCAGTGCCTAGC-1,0.000015,0.110086,0.031172,0.000015,0.083394,0.001359,0.216195,0.145702,0.081624,0.086202,0.244234
ACAAGCTATATGGAAG-1,0.99951,0.000045,0.000045,0.000045,0.000045,0.000045,0.000045,0.000045,0.000045,0.000045,0.000089
ACAAGGAAATCCGCCC-1,0.086843,0.764466,0.135487,0.000054,0.000054,0.000054,0.000054,0.000054,0.000054,0.012772,0.000108
ACAAGGACAAGAGGTT-1,0.094746,0.161075,0.222674,0.00002,0.023522,0.00002,0.274334,0.013977,0.193172,0.00002,0.016439
ACAAGGATGCTTTAGG-1,0.02312,0.173107,0.360263,0.000028,0.00946,0.046597,0.000029,0.000028,0.004652,0.37466,0.008053
ACAAGGCCTACCAGCC-1,0.000013,0.032887,0.000013,0.000013,0.158791,0.018066,0.002633,0.039207,0.018079,0.401011,0.329286
ACAAGGGCAGGCTCTG-1,0.055416,0.92946,0.014645,0.000053,0.000053,0.000053,0.000053,0.000053,0.000053,0.000053,0.000107
ACAAGTAATTGTAAGG-1,0.000006,0.000006,0.002581,0.264934,0.000259,0.519567,0.005334,0.169401,0.000006,0.000387,0.037519
ACAATAGTCGTACGTT-1,0.001981,0.047415,0.004698,0.070467,0.002779,0.003076,0.034323,0.088994,0.112792,0.031716,0.60176
ACAATCCATTTAAACC-1,0.003094,0.168723,0.088515,0.071588,0.186064,0.014728,0.179918,0.013526,0.176269,0.006961,0.090613
ACAATCGATCTTTATA-1,0.006493,0.407289,0.430334,0.000059,0.000059,0.000059,0.000059,0.000059,0.01054,0.144929,0.000118
ACAATGAATACGGAGA-1,0.000008,0.004093,0.002321,0.000008,0.000008,0.000008,0.000008,0.632697,0.166095,0.004469,0.190287
ACAATGATTCTTCTAC-1,0.091892,0.025774,0.701481,0.015473,0.000061,0.142127,0.000061,0.022885,0.000061,0.000061,0.000123
ACAATTGTGTCTCTTT-1,0.101836,0.270372,0.621052,0.000053,0.000053,0.000053,0.000053,0.006315,0.000053,0.000053,0.000106
ACAATTTAGGAGGCTC-1,0.358288,0.033334,0.007094,0.330035,0.000026,0.002803,0.062577,0.003858,0.01306,0.075885,0.11304
ACAATTTGAGCAGTGG-1,0.000037,0.422967,0.233145,0.027503,0.000037,0.000037,0.000037,0.000037,0.104706,0.147293,0.064199
ACAATTTGGCCATATT-1,0.00001,0.001784,0.020977,0.00001,0.212461,0.12597,0.10396,0.179053,0.005304,0.006758,0.343714
ACACAAAGACGGGTGG-1,0.009705,0.333524,0.151083,0.012661,0.000075,0.013084,0.000023,0.009238,0.122062,0.113246,0.235299
ACACAAATATTCCTAG-1,0.000012,0.000012,0.111568,0.033524,0.324921,0.233085,0.060043,0.167064,0.03078,0.004073,0.034917
ACACACCAGGACCAGT-1,0.008592,0.101167,0.379052,0.143909,0.000029,0.013321,0.002312,0.01335,0.141468,0.101717,0.095083
ACACACTTTCTACACG-1,0.000022,0.013522,0.007981,0.153694,0.028986,0.015929,0.000022,0.016813,0.161301,0.27924,0.322491
ACACATGATCAAATCT-1,0.070952,0.012298,0.022836,0.111214,0.083401,0.212461,0.191964,0.038967,0.002749,0.117157,0.136001
ACACATTGACGCAACA-1,0.215959,0.064128,0.108772,0.000025,0.003851,0.000025,0.427728,0.000025,0.057726,0.097903,0.023857
ACACATTTCCGTAGAC-1,0.363324,0.634405,0.001834,0.000049,0.000049,0.000049,0.000049,0.000049,0.000049,0.000049,0.000097
ACACCACATAATTAGC-1,0.010218,0.083449,0.218987,0.000017,0.29589,0.015599,0.169488,0.053419,0.090677,0.002216,0.060039
ACACCCAGCATGCAGC-1,0.015804,0.182147,0.268307,0.113446,0.000997,0.000037,0.042225,0.000037,0.19293,0.005485,0.178585
ACACCCGAGAAATCCG-1,0.000015,0.002663,0.009665,0.091511,0.153698,0.008875,0.087013,0.057118,0.21774,0.002116,0.369586
ACACCCGTAAATCTGT-1,0.16938,0.147308,0.387973,0.003144,0.058504,0.040669,0.016734,0.034601,0.066023,0.048087,0.027576
ACACCGAGCGCTCTTT-1,0.634007,0.119031,0.00003,0.246697,0.00003,0.00003,0.00003,0.00003,0.00003,0.00003,0.000059
ACACCGGTCTGACCGC-1,0.052983,0.093046,0.147525,0.177059,0.276218,0.106242,0.029376,0.088287,0.013221,0.000831,0.015211
ACACCTTAAGTAGGGC-1,0.016818,0.270666,0.121818,0.066565,0.161133,0.020116,0.052225,0.004599,0.175053,0.00818,0.102827
ACACCTTACTACTTGC-1,0.007444,0.005842,0.296644,0.00002,0.309463,0.020555,0.058625,0.060168,0.043624,0.081732,0.115881
ACACGAGACTCCTTCT-1,0.206884,0.293995,0.064152,0.416861,0.000057,0.004159,0.000057,0.000057,0.002452,0.011213,0.000114
