Barcode,Topic 1,Topic 2to4,Topic 5to12
AAACAAGTATCTCCCA-1,0.00001,0.063593,0.936397
AAACAATCTACTAGCA-1,0.000019,0.000056,0.999926
AAACACCAATAACTGC-1,0.997613,0.000651,0.001736
AAACAGAGCGACTCCT-1,0.000064,0.670173,0.329762
AAACAGGGTCTATATT-1,0.062894,0.190352,0.746754
AAACAGTGTTCCTGGG-1,0.81088,0.178517,0.010603
AAACATTTCCCGGATT-1,0.000017,0.071834,0.928148
AAACCCGAACGAAATC-1,0.000037,0.667039,0.332924
AAACCGGGTAGGTACC-1,0.321351,0.014152,0.664497
AAACCGTTCGTCCAGG-1,0.636487,0.363278,0.000235
AAACCTAAGCAGCCGG-1,0.011087,0.000031,0.988881
AAACCTCATGAAGTTG-1,0.279233,0.142454,0.578313
AAACGAAGAACATACC-1,0.000011,0.20837,0.791619
AAACGAGACGGTTGAT-1,0.085457,0.037381,0.877162
AAACGGGCGTACGGGT-1,0.00002,0.153045,0.846935
AAACGGGTTGGTATCC-1,0.000049,0.550249,0.449702
AAACGGTTGCGAACTG-1,0.019328,0.037602,0.94307
AAACTCGGTTCGCAAT-1,0.165277,0.080094,0.754628
AAACTGCTGGCTCCAA-1,0.028411,0.387117,0.584472
AAACTTAATTGCACGC-1,0.832207,0.000106,0.167687
AAACTTGCAAACGTAT-1,0.249728,0.0002,0.750072
AAAGAATGTGGACTAA-1,0.00001,0.004146,0.995844
AAAGACCCAAGTCGCG-1,0.000012,0.161295,0.838692
AAAGACTGGGCGCTTT-1,0.107805,0.155225,0.736971
AAAGGCCCTATAATAC-1,0.740445,0.255276,0.004279
AAAGGCTACGGACCAT-1,0.25717,0.035138,0.707693
AAAGGCTCTCGCGCCG-1,0.193153,0.076062,0.730785
AAAGGGATGTAGCAAG-1,0.004338,0.033471,0.962191
AAAGGGCAGCTTGAAT-1,0.125005,0.171565,0.70343
AAAGTAGCATTGCTCA-1,0.756525,0.232724,0.010751
AAAGTCACTGATGTAA-1,0.000022,0.000066,0.999912
AAAGTCGACCCTCAGT-1,0.064666,0.163637,0.771698
AAAGTGTGATTTATCT-1,0.011441,0.27565,0.712909
AAAGTTGACTCCCGTA-1,0.000608,0.09081,0.908582
AAATAACCATACGGGA-1,0.000011,0.000665,0.999324
AAATACCTATAAGCAT-1,0.015854,0.142468,0.841677
AAATAGCTTAGACTTT-1,0.000014,0.000041,0.999945
AAATAGGGTGCTATTG-1,0.020529,0.000025,0.979446
AAATCCGATACACGCC-1,0.000012,0.000037,0.99995
AAATCGTGTACCACAA-1,0.09505,0.227993,0.676956
AAATCTAGCCCTGCTA-1,0.000016,0.007263,0.992721
AAATGACTGATCAAAC-1,0.20851,0.002508,0.788982
AAATGCTCGTTACGTT-1,0.000028,0.007831,0.992141
AAATGGCATGTCTTGT-1,0.000029,0.000088,0.999883
AAATGGCCCGTGCCCT-1,0.408888,0.410456,0.180656
AAATGGTCAATGTGCC-1,0.041643,0.260133,0.698224
AAATGTGGGTGCTCCT-1,0.01081,0.187045,0.802145
AAATTAACGGGTAGCT-1,0.015263,0.102377,0.882361
AAATTACACGACTCTG-1,0.000012,0.049873,0.950114
AAATTACCTATCGATG-1,0.020107,0.0071,0.972793
AAATTCCAGGTCCAAA-1,0.016161,0.74814,0.235699
AAATTGATAGTCCTTT-1,0.363577,0.000068,0.636355
AAATTGCGGCGGTTCT-1,0.002576,0.257829,0.739595
AAATTTGCGGGTGTGG-1,0.733579,0.091049,0.175371
AACAACTGGTAGTTGC-1,0.000017,0.004053,0.995929
AACAATACATTGTCGA-1,0.872372,0.056429,0.071199
AACAATTACTCTACGC-1,0.020126,0.249508,0.730366
AACACACGCTCGCCGC-1,0.000016,0.055877,0.944107
AACACGACTGTACTGA-1,0.000048,0.115024,0.884928
AACACGAGACGCGGCC-1,0.103489,0.096634,0.799877
AACACGCGGCCGCGAA-1,0.06773,0.108194,0.824076
AACAGCTGTGTGGCAA-1,0.840836,0.00013,0.159034
AACAGGAAATCGAATA-1,0.000016,0.288835,0.711149
AACAGGATGGGCCGCG-1,0.045255,0.004118,0.950627
AACAGGTAGTATGGAT-1,0.05295,0.946653,0.000397
AACATAGCGTGTATCG-1,0.003998,0.028061,0.967941
AACATATCAACTGGTG-1,0.000014,0.001323,0.998663
AACATTGAAGTTGATC-1,0.846415,0.000098,0.153486
AACATTGGTCAGCCGT-1,0.020486,0.906232,0.073282
AACATTGTGACTCGAG-1,0.304177,0.177671,0.518152
AACCAAGACTTCTCTG-1,0.095862,0.137109,0.767029
AACCATAGGGTTGAAC-1,0.496,0.084937,0.419063
AACCATGGGATCGCTA-1,0.006646,0.659009,0.334345
AACCCAGAGACGGAGA-1,0.000017,0.028669,0.971315
AACCCATCCCATGATC-1,0.314695,0.305092,0.380212
AACCCGACAACCCGTG-1,0.64544,0.292798,0.061762
AACCCGAGCAGAATCG-1,0.02735,0.972307,0.000343
AACCCGCTGTATTCCA-1,0.105205,0.159508,0.735287
AACCCTACTGTCAATA-1,0.000018,0.001698,0.998283
AACCCTGGTGGAACCA-1,0.022094,0.233343,0.744563
AACCGAGCTTGGTCAT-1,0.034035,0.032806,0.933159
AACCGCTAAGGGATGC-1,0.00002,0.456163,0.543816
AACCGTTGTGTTTGCT-1,0.102028,0.465366,0.432606
AACCTCGCTTTAGCCC-1,0.000015,0.081431,0.918554
AACCTTTAAATACGGT-1,0.04797,0.000142,0.951888
AACCTTTACGACGTCT-1,0.000021,0.000064,0.999915
AACGATAATGCCGTAG-1,0.109755,0.001585,0.88866
AACGATAGAAGGGCCG-1,0.060286,0.064505,0.875209
AACGATATGTCAACTG-1,0.000011,0.000033,0.999957
AACGCATGATCTGGGT-1,0.000056,0.999494,0.00045
AACGCGAACGGCAACA-1,0.01988,0.069672,0.910448
AACGCGACCTTGGGCG-1,0.186191,0.088001,0.725808
AACGCGGTCTCCAGCC-1,0.038446,0.406649,0.554905
AACGCTGTTGCTGAAA-1,0.000014,0.285019,0.714966
AACGGACGTACGTATA-1,0.00002,0.064688,0.935293
AACGGCCATCTCCGGT-1,0.493393,0.506383,0.000224
AACGTACTGTGGGTAC-1,0.357196,0.642441,0.000363
AACGTAGTCTACCCAT-1,0.06086,0.660848,0.278292
AACGTCAGACTAGTGG-1,0.053567,0.025658,0.920775
AACGTCGCTGCACTTC-1,0.001406,0.242141,0.756453
AACGTGATGAAGGACA-1,0.000032,0.076567,0.923401
AACGTGCGAAAGTCTC-1,0.02954,0.160579,0.809881
AACTACCCGTTTGTCA-1,0.000065,0.76832,0.231615
AACTAGCGTATCGCAC-1,0.000039,0.206595,0.793366
AACTAGGCTTGGGTGT-1,0.062462,0.30549,0.632048
AACTCAAGTTAATTGC-1,0.138039,0.179709,0.682253
AACTCCAGAGCGTGTT-1,0.018974,0.004493,0.976533
AACTCCTAATCCCATG-1,0.000033,0.519265,0.480702
AACTCGATGGCGCAGT-1,0.000021,0.059631,0.940348
AACTCTCAATAGAGCG-1,0.042042,0.332741,0.625218
AACTCTCAGTGTGCTC-1,0.367901,0.021742,0.610357
AACTGATATTAGGCCT-1,0.000032,0.442307,0.557662
AACTGGGTCCCGACGT-1,0.00001,0.000031,0.999959
AACTGGTGTGGGCCTT-1,0.000024,0.097328,0.902648
AACTTCTGCGTCTATC-1,0.038918,0.42542,0.535663
AACTTGCCCGTATGCA-1,0.097662,0.542669,0.359669
AACTTGCGTTCTCGCG-1,0.022515,0.029954,0.947531
AACTTTAGCTGCTGAG-1,0.000026,0.235775,0.764199
AAGAAGGATCAGTTAG-1,0.005548,0.730758,0.263693
AAGACATACGTGGTTT-1,0.002734,0.943251,0.054015
AAGACCCAACTGAACA-1,0.342296,0.00098,0.656723
AAGACTAACCCGTTGT-1,0.000028,0.229717,0.770255
AAGACTGCAAGCTACT-1,0.000082,0.000247,0.999671
AAGAGATGAATCGGTA-1,0.149821,0.183489,0.66669
AAGAGCTCTTTATCGG-1,0.001874,0.000038,0.998088
AAGAGGATGTACGCGA-1,0.179818,0.031458,0.788723
AAGAGGCATGGATCGC-1,0.022395,0.398892,0.578713
AAGAGGCCCTTTGGAA-1,0.00004,0.428818,0.571142
AAGATGGCACCGGACC-1,0.754735,0.132787,0.112479
AAGATTGGCGGAACGT-1,0.000014,0.000041,0.999946
AAGCACCCTGCGTATC-1,0.080483,0.040774,0.878743
AAGCATACTCTCCTGA-1,0.053148,0.089318,0.857535
AAGCCACTTGCAGGTA-1,0.996474,0.000077,0.003448
AAGCCGAAGCGGTTTA-1,0.000018,0.000054,0.999928
AAGCCGCCGTGAAATC-1,0.734009,0.205638,0.060354
AAGCGCAGGGCTTTGA-1,0.142522,0.064913,0.792565
AAGCGTCCCTCATCGA-1,0.74863,0.033231,0.218139
AAGCTAGATCGAGTAA-1,0.025372,0.015736,0.958892
AAGCTCGTGCCAAGTC-1,0.019134,0.204555,0.776311
AAGCTCTTTCATGGTG-1,0.000542,0.039745,0.959713
AAGGAGAACTTATAAG-1,0.000021,0.143163,0.856816
AAGGAGCGGTTGGTGC-1,0.060539,0.130906,0.808555
AAGGATCGATCGCTTG-1,0.00006,0.104597,0.895343
AAGGATGAGGGACCTC-1,0.000018,0.019006,0.980977
AAGGCGCGTAAAGCTT-1,0.041574,0.119842,0.838584
AAGGCTGTGCTCATCG-1,0.019626,0.000053,0.980321
AAGGGAACGACTGGCT-1,0.665456,0.012894,0.321651
AAGGGACAGATTCTGT-1,0.000012,0.107914,0.892074
AAGGGACTATGCATTC-1,0.849228,0.150209,0.000563
AAGGTATCCTAATATA-1,0.000009,0.130268,0.869723
AAGGTGATAAACCAGC-1,0.000017,0.004412,0.995572
AAGTAAGCTTCCAAAC-1,0.061024,0.232749,0.706228
AAGTAGAAGACCGGGT-1,0.036347,0.157459,0.806195
AAGTAGTGACGCGAGG-1,0.043314,0.368634,0.588052
AAGTCAATTGTCGTCA-1,0.000025,0.168791,0.831184
AAGTGACGACCGAATT-1,0.08514,0.000046,0.914815
AAGTGAGTCGGGTTTA-1,0.49319,0.070842,0.435968
AAGTGCCTTGACTGTA-1,0.000014,0.009743,0.990243
AAGTGCGTTAGAATCT-1,0.269639,0.244209,0.486152
AAGTGCTTCTCTATTG-1,0.756887,0.130901,0.112212
AAGTGTTTGGAGACGG-1,0.072115,0.007682,0.920203
AAGTTCACTCCAAGCT-1,0.115366,0.025867,0.858767
AAGTTCAGTCTGCGTA-1,0.000052,0.632297,0.367651
AAGTTCGGCCAACAGG-1,0.548868,0.12432,0.326811
AAGTTGTGATGTTATA-1,0.036555,0.01159,0.951855
AAGTTTACTAATGGCA-1,0.000015,0.000046,0.999939
AAGTTTATGGGCCCAA-1,0.008594,0.013862,0.977544
AATAACAACGCTCGGC-1,0.086898,0.731699,0.181403
AATAACACTAGAACAA-1,0.527643,0.419555,0.052801
AATAACGTCGCGCCCA-1,0.017882,0.981994,0.000124
AATAAGTCCTCGAGAC-1,0.000025,0.023125,0.97685
AATACAATGTTTCAGG-1,0.00001,0.125399,0.874591
AATACCGGAGGGCTGT-1,0.427071,0.000067,0.572861
AATACCTGATGTGAAC-1,0.000012,0.310708,0.68928
AATAGAACAGAGTGGC-1,0.59652,0.40321,0.000269
AATAGAATCTGTTTCA-1,0.009602,0.003477,0.98692
AATAGTCCGTCCCGAC-1,0.164568,0.35112,0.484312
AATATCAAGGTCGGAT-1,0.000018,0.062158,0.937823
AATATCGAATCAATGC-1,0.000038,0.123061,0.876901
AATATCGAGGGTTCTC-1,0.000025,0.000074,0.999902
AATATTGGAGTATTGA-1,0.041556,0.042208,0.916236
AATCAGACTGCAGGAC-1,0.00003,0.012174,0.987796
AATCAGGTTTCATTTA-1,0.783174,0.116893,0.099933
AATCATGTAAAGACTC-1,0.000028,0.000496,0.999476
AATCCAAGGGCCTGAG-1,0.037637,0.142575,0.819788
AATCCATGCAAGGGTG-1,0.000025,0.106709,0.893265
AATCCCGCTCAGAGCC-1,0.284078,0.165755,0.550167
AATCGAGGTCTCAAGG-1,0.089097,0.019072,0.891832
AATCGCCTCAGCGCCA-1,0.000007,0.001414,0.998578
AATCGCGCAGAGGACT-1,0.03263,0.771921,0.195449
AATCGGGACACTACGA-1,0.015389,0.174219,0.810392
AATCGGTATAGCCCTC-1,0.000032,0.283514,0.716455
AATCGTGAGCCGAGCA-1,0.000007,0.01282,0.987173
AATCTAGGTTTACTTG-1,0.477774,0.153386,0.36884
AATCTATGCCGGAGCC-1,0.000096,0.551171,0.448732
AATCTGCGTTGGGACG-1,0.000026,0.07252,0.927454
AATCTGGCTTTCTAGT-1,0.16754,0.069254,0.763205
AATGACAGCAATGTCT-1,0.210126,0.16289,0.626983
AATGACGTAGGATGTC-1,0.008869,0.002773,0.988358
AATGACTGTCAGCCGG-1,0.038266,0.000129,0.961604
AATGAGTTCGCATATG-1,0.000023,0.176038,0.823939
AATGATGATACGCTAT-1,0.000018,0.303468,0.696513
AATGATGCGACTCCTG-1,0.000024,0.09855,0.901426
AATGCAACCGGGTACC-1,0.155541,0.219969,0.62449
AATGCACCAAGCAATG-1,0.000021,0.082643,0.917336
AATGGTCCACCGTTCA-1,0.238861,0.164174,0.596966
AATGGTTCTCACAAGC-1,0.068294,0.18588,0.745826
AATGTGCCCGAGGTGT-1,0.851938,0.053161,0.094901
AATGTGCTAATCTGAG-1,0.545222,0.161865,0.292914
AATGTTAAGACCCTGA-1,0.030018,0.014536,0.955446
AATGTTGTCGTGAGAC-1,0.000029,0.415042,0.584929
AATTAAAGGTCGGCGT-1,0.203116,0.327622,0.469263
AATTAACGGATTTCCA-1,0.074639,0.085327,0.840033
AATTAGCGCTGCAGCG-1,0.095733,0.013098,0.89117
AATTATACCCAGCAAG-1,0.031709,0.173574,0.794717
AATTCATAAGGGATCT-1,0.00003,0.262835,0.737135
AATTCCAAGCATGTAC-1,0.265347,0.392664,0.341989
AATTCGATTCGAGGAT-1,0.011098,0.070455,0.918447
AATTCTAGAGTTAGGC-1,0.026153,0.023948,0.9499
AATTGAACGCTCTGGT-1,0.000012,0.231227,0.768761
AATTGCAGCAATCGAC-1,0.000013,0.000039,0.999947
AATTTGGGACATAGTA-1,0.000044,0.518365,0.481591
AATTTGGTTCCAAAGA-1,0.000134,0.012199,0.987668
ACAAACCATGCGTCCT-1,0.769042,0.061463,0.169496
ACAAACTCCATCAGAG-1,0.770693,0.068771,0.160536
ACAAAGCATGACCTAG-1,0.000007,0.000022,0.999971
ACAAATCGCACCGAAT-1,0.000012,0.318012,0.681976
ACAAATGGTAGTGTTT-1,0.00001,0.023371,0.976619
ACAACAGCATGAGCTA-1,0.047533,0.208844,0.743622
ACAACGGTCCCTGCGA-1,0.000027,0.282243,0.71773
ACAAGCAGTGCCTAGC-1,0.044164,0.023251,0.932584
ACAAGGAAATCCGCCC-1,0.000013,0.014103,0.985884
ACAAGGACAAGAGGTT-1,0.025184,0.118455,0.856362
ACAAGGATGCTTTAGG-1,0.000022,0.064532,0.935446
ACAAGGGCAGGCTCTG-1,0.000014,0.015008,0.984978
ACAATAGTCGTACGTT-1,0.103475,0.328676,0.567849
ACAATCCATTTAAACC-1,0.170822,0.230294,0.598883
ACAATCGATCTTTATA-1,0.027639,0.325378,0.646983
ACAATGAATACGGAGA-1,0.785688,0.000217,0.214095
ACAATTGTGTCTCTTT-1,0.000026,0.000587,0.999387
ACAATTTGAGCAGTGG-1,0.00002,0.412658,0.587322
ACACAAAGACGGGTGG-1,0.133718,0.286854,0.579428
ACACACCAGGACCAGT-1,0.000027,0.244184,0.755789
ACACACTTTCTACACG-1,0.000035,0.01549,0.984475
ACACATGATCAAATCT-1,0.916659,0.079424,0.003917
ACACATTTCCGTAGAC-1,0.098457,0.326368,0.575175
ACACCCAGCATGCAGC-1,0.021996,0.069282,0.908722
ACACCCGAGAAATCCG-1,0.040743,0.293675,0.665582
ACACCGGTCTGACCGC-1,0.85,0.009981,0.140019
ACACCTTAAGTAGGGC-1,0.039503,0.347826,0.612672
ACACCTTACTACTTGC-1,0.000049,0.970535,0.029417
ACACGAGACTCCTTCT-1,0.02496,0.630762,0.344277
ACACGGCACTATGCAT-1,0.000019,0.014095,0.985886
ACACGGGAACTTAGGG-1,0.097453,0.006787,0.89576
ACACGTAGGCCACAAG-1,0.053036,0.700739,0.246224
ACACTCCAATGTCACT-1,0.000026,0.520325,0.479649
ACACTGATCAAGGTGT-1,0.439046,0.560538,0.000416
ACACTGGGACAGTCGT-1,0.00746,0.777709,0.21483
ACAGAACTGAGAACAA-1,0.533544,0.435946,0.030509
ACAGATTAGGTTAGTG-1,0.000035,0.211079,0.788886
ACAGCATAGAGCCAGT-1,0.044222,0.185329,0.770449
ACAGCGACATTCTCAT-1,0.00002,0.000285,0.999695
ACAGCGCACCCGCAGC-1,0.000029,0.052639,0.947332
ACAGGCACGGATCCTT-1,0.000013,0.07505,0.924937
ACAGGCTTGCCCGACT-1,0.000007,0.020762,0.979231
ACAGGTGGAGGTGAGG-1,0.577416,0.000072,0.422513
ACAGTAATACAACTTG-1,0.225908,0.008525,0.765567
ACATAATAAGGCGGTG-1,0.014925,0.179052,0.806024
ACATACAATCAAGCGG-1,0.001295,0.117077,0.881628
ACATCAGCTGGGACGC-1,0.06187,0.286264,0.651866
ACATCCCGGCCATACG-1,0.086208,0.729107,0.184685
ACATCCTGGTAACTGT-1,0.039508,0.126649,0.833844
ACATCGATCGTTTACC-1,0.000904,0.000096,0.999001
ACATCGGTCAGCCGCG-1,0.15712,0.671929,0.170951
ACATCGTATGCAATGG-1,0.097295,0.09967,0.803035
ACATCGTTAACCTAGT-1,0.000019,0.008108,0.991873
ACATCTCAACGCGTAA-1,0.000441,0.485279,0.51428
ACATGCTTACGGCAGC-1,0.831494,0.030908,0.137597
ACATGGCGCCAAAGTA-1,0.000014,0.000193,0.999793
ACATGGCTCAATTTAG-1,0.000011,0.056252,0.943737
ACATTAGTTTATATCC-1,0.021513,0.101024,0.877463
ACATTCGCGCGGAATA-1,0.840475,0.013207,0.146318
ACATTTGAAACCTAAC-1,0.000008,0.003135,0.996857
ACCAAACTAGAAATCC-1,0.00433,0.783428,0.212242
ACCAACCGCACTCCAC-1,0.000011,0.146898,0.853092
ACCAACGCTTATTTAT-1,0.378899,0.59171,0.029391
ACCAAGAACGCGTGTC-1,0.049065,0.324992,0.625943
ACCAAGTCATCGGCAG-1,0.000021,0.20461,0.795369
ACCAATATGCAAGTTA-1,0.111709,0.110021,0.77827
ACCACAACTCAGAACA-1,0.000033,0.426435,0.573533
ACCACAAGTTTCTATC-1,0.005772,0.213639,0.78059
ACCACACGGTTGATGG-1,0.036696,0.00003,0.963275
ACCACCAATGTAACAA-1,0.013859,0.072571,0.91357
ACCACGTGCAGCTATA-1,0.044296,0.073908,0.881796
ACCAGCCCGGTCTTTG-1,0.000055,0.545386,0.454559
ACCAGGAGTGTGATCT-1,0.000038,0.090847,0.909115
ACCAGTGCGGGAGACG-1,0.000013,0.00254,0.997448
ACCATATCCGCAATAA-1,0.112009,0.02821,0.859781
ACCATCCGCCAACTAG-1,0.092441,0.214229,0.69333
ACCATCGTATATGGTA-1,0.185221,0.095846,0.718933
ACCCAACGCCCGTGGC-1,0.000011,0.003089,0.9969
ACCCACCTACATGCTC-1,0.000025,0.09366,0.906315
ACCCATCTTGAGGGTA-1,0.237205,0.089634,0.673161
ACCCATTTGTCCCTCT-1,0.018427,0.148928,0.832645
ACCCGAGCGAAATTAC-1,0.606511,0.050413,0.343075
ACCCGATTGGTTCCGA-1,0.646776,0.035687,0.317537
ACCCGGAAACTCCCAG-1,0.012097,0.075241,0.912663
ACCCGGATGACGCATC-1,0.000031,0.152558,0.847411
ACCCGGTTACACTTCC-1,0.198978,0.039711,0.761311
ACCCGTGTCATCAGTA-1,0.163479,0.196233,0.640288
ACCCTATAGGACTGAG-1,0.000031,0.201477,0.798492
ACCCTATGCCATATCG-1,0.254401,0.010483,0.735116
ACCCTCCCGTCAGGGC-1,0.000023,0.224665,0.775313
ACCCTCCCTTGCTATT-1,0.000011,0.015805,0.984184
ACCCTTCATCTGCGAA-1,0.010677,0.072257,0.917066
ACCCTTTAGTTCTCCA-1,0.000104,0.418761,0.581135
ACCGAAAGGGCCCTGC-1,0.020774,0.13492,0.844306
ACCGAAGAGTCTGGTT-1,0.161334,0.11082,0.727846
ACCGACACATCTCCCA-1,0.136319,0.373617,0.490064
ACCGACTGAGTCCCAC-1,0.000072,0.004305,0.995622
ACCGAGTCTCCTTATT-1,0.03001,0.396751,0.573239
ACCGATGGTAGCATCG-1,0.000013,0.000046,0.999941
ACCGCAATAACTGCCT-1,0.043302,0.000211,0.956487
ACCGCGGTGGAAGTCG-1,0.000013,0.071164,0.928823
ACCGCTAGTCATTGGT-1,0.973933,0.004116,0.021951
ACCGGGCCTTTGTTGA-1,0.000036,0.629941,0.370023
ACCGGTCAGGTACACC-1,0.658056,0.341599,0.000345
ACCGTGACCACGTGGG-1,0.827532,0.020397,0.152071
ACCGTTCCCGCTCTGA-1,0.000027,0.0058,0.994173
ACCTAAGTACCTTTCA-1,0.516171,0.136419,0.34741
ACCTAATCGACTTCCT-1,0.030804,0.158252,0.810944
ACCTACAGTATGTGGT-1,0.030465,0.910092,0.059443
ACCTACTATAAATCTA-1,0.066196,0.012136,0.921668
ACCTCCGCCCTCGCTG-1,0.096593,0.153484,0.749924
ACCTCCGTTATTCACC-1,0.045042,0.954411,0.000547
ACCTCGAACTTATGCT-1,0.86301,0.000108,0.136881
ACCTGCGTGTCATGTT-1,0.303439,0.241965,0.454596
ACGAAATGGGCGGCAC-1,0.145259,0.161787,0.692953
ACGACTCTAGGGCCGA-1,0.00001,0.02167,0.978321
ACGACTGGTCATACTC-1,0.915523,0.074496,0.009981
ACGAGAACCCATCACG-1,0.000029,0.060423,0.939548
ACGAGATATTTGCTTA-1,0.000076,0.336847,0.663077
ACGAGGATACCACTCT-1,0.097549,0.056884,0.845567
ACGAGGTTTACAACGT-1,0.632933,0.000236,0.366831
ACGAGTACGGATGCCC-1,0.023082,0.43713,0.539788
ACGATACATAGAACTA-1,0.000023,0.547866,0.45211
ACGATCATACATAGAG-1,0.020958,0.672301,0.306741
ACGATCATCTTGTAAA-1,0.000018,0.090484,0.909498
ACGATGCATATGTTAT-1,0.259605,0.056376,0.684019
ACGATGGATCCGATGC-1,0.000092,0.325834,0.674074
ACGCAAACTAATAGAT-1,0.144119,0.088829,0.767052
ACGCAATCACTACAGC-1,0.000062,0.999442,0.000496
ACGCATACGTTTACTA-1,0.000037,0.09266,0.907303
ACGCATTCGTGAGTAC-1,0.000022,0.323137,0.676841
ACGCCACTCGAAACAG-1,0.032947,0.247748,0.719304
ACGCCAGATGATTTCT-1,0.000028,0.012721,0.987251
ACGCCAGTGCGTTTGC-1,0.02381,0.004944,0.971246
ACGCCCAGCTGTCGAT-1,0.019379,0.333743,0.646878
ACGCCGCTAGACGACC-1,0.124404,0.094465,0.781131
ACGCGAAGTCAGACGA-1,0.059086,0.311458,0.629456
ACGCGCTACACAGGGT-1,0.177505,0.012147,0.810348
ACGCGGGCCAAGGACA-1,0.007387,0.180127,0.812486
ACGCTAGTGATACACT-1,0.000012,0.0002,0.999788
ACGCTGTGAGGCGTAG-1,0.135761,0.228737,0.635503
ACGGAACACGAGTGCC-1,0.000014,0.002447,0.997539
ACGGAATTTAGCAAAT-1,0.000025,0.270159,0.729816
ACGGACGCAGCGACAA-1,0.572963,0.00453,0.422507
ACGGACTCTCAAAGCG-1,0.081041,0.02168,0.89728
ACGGATGGTGCGGATA-1,0.007128,0.031868,0.961004
ACGGCACTTGCTTGGG-1,0.055786,0.184929,0.759285
ACGGCCAACATGGACT-1,0.232675,0.163061,0.604264
ACGGCGACGATGGGAA-1,0.014209,0.073067,0.912724
ACGGCGGGTTGCCCTG-1,0.000024,0.150722,0.849254
ACGGCTGGATGTAGAA-1,0.386913,0.255798,0.357289
ACGGGAGTGTCGGCCC-1,0.248747,0.440768,0.310485
ACGGTACAGTTCAATG-1,0.033369,0.286765,0.679866
ACGGTCACCGAGAACA-1,0.872899,0.000062,0.127039
ACGTACAGATTTCTCT-1,0.045583,0.037708,0.916709
ACGTACTTTGGCACGG-1,0.539898,0.195289,0.264813
ACGTAGATTGCTGATG-1,0.020724,0.347376,0.6319
ACGTAGGAGAGTCGCT-1,0.161834,0.116876,0.721289
ACGTATTACTCCGATC-1,0.000015,0.000044,0.999941
ACGTGCGCCTCGTGCA-1,0.082607,0.090612,0.826781
ACGTTAATGTCGAAGA-1,0.094814,0.086302,0.818884
ACGTTAGATTTGCCCG-1,0.238251,0.198846,0.562903
ACGTTATTGGTCACTC-1,0.001275,0.009132,0.989593
ACGTTCACTATGCCGC-1,0.659172,0.002843,0.337985
ACGTTCCGCGCTCCGT-1,0.000027,0.000082,0.99989
ACGTTCGCAATCAATT-1,0.196485,0.803138,0.000378
ACGTTCGTTCAGGAAA-1,0.818559,0.077424,0.104017
ACGTTCTGTACAAGTC-1,0.079504,0.132327,0.788169
ACGTTGTCGTTGAAAG-1,0.862232,0.101107,0.036661
ACGTTTAGTTGTGATC-1,0.015791,0.000101,0.984108
ACTACAAAGAGAGGTG-1,0.62518,0.2528,0.122021
ACTACATCCCGACAAG-1,0.696015,0.091102,0.212883
ACTACCAGCTCTCTGG-1,0.069411,0.512535,0.418054
ACTACCATCCGAGGGC-1,0.573999,0.060082,0.365919
ACTACGCGTTAGAATT-1,0.059288,0.347694,0.593018
ACTAGTTGCGATCGTC-1,0.000016,0.022309,0.977675
ACTATCCAGGGCATGG-1,0.020818,0.014308,0.964875
ACTATCTGCCCGCGTA-1,0.007731,0.805507,0.186762
ACTATGTCCAGCTGCC-1,0.77892,0.000089,0.220991
ACTATTCGTCCGTGGT-1,0.000038,0.571397,0.428565
ACTATTTCCGGGCCCA-1,0.902649,0.052149,0.045201
ACTCAACGAATGTATT-1,0.042845,0.133122,0.824033
ACTCAAGTGCAAGGCT-1,0.000012,0.00021,0.999779
ACTCAATAAAGGCACG-1,0.001739,0.006823,0.991437
ACTCAGACCTGCTTCT-1,0.000026,0.034997,0.964977
ACTCATGGCAGCCTTC-1,0.77833,0.19469,0.02698
ACTCCAATATCATCAT-1,0.803023,0.183823,0.013153
ACTCCCATTCCTAAAG-1,0.24639,0.281372,0.472238
ACTCCCGAATTCGTTT-1,0.000688,0.63621,0.363101
ACTCCCTAATGCTAAA-1,0.050533,0.03027,0.919197
ACTCCCTAGAATAGTA-1,0.05028,0.033753,0.915967
ACTCCGGCCGACCACT-1,0.032459,0.246571,0.72097
ACTCGCCGTTCGATAA-1,0.025448,0.39052,0.584032
ACTCGTAACCCGTCCT-1,0.414392,0.496938,0.08867
ACTCGTCAGTAATCCC-1,0.140238,0.000056,0.859706
ACTCTCTGACTTAGGT-1,0.005125,0.078767,0.916108
ACTCTCTTATACACGA-1,0.000058,0.967741,0.032201
ACTCTGACCTAATAGA-1,0.013506,0.02913,0.957364
ACTCTTGTATAGTAAC-1,0.015649,0.000291,0.98406
ACTGAAACGCCGTTAG-1,0.000016,0.000634,0.99935
ACTGAATGGCGAAAGT-1,0.000014,0.193824,0.806162
ACTGCCCGCCATTCTC-1,0.999587,0.000113,0.000301
ACTGCCGTCGTAACTC-1,0.000041,0.024105,0.975854
ACTGGGATGCCAGTGC-1,0.631037,0.003988,0.364976
ACTGTACGATACACAT-1,0.000445,0.064123,0.935432
ACTGTAGCACTTTGGA-1,0.000017,0.310781,0.689202
ACTGTATACGCGAGCA-1,0.014852,0.001735,0.983413
ACTGTCCAGGATTATA-1,0.084759,0.12534,0.789901
ACTGTCTTCTTTAGAA-1,0.146489,0.289008,0.564503
ACTGTGCTAGTAGATC-1,0.196155,0.487083,0.316763
ACTGTTTAGTGTAGGC-1,0.000032,0.173665,0.826303
ACTTACGCATCCACGC-1,0.000011,0.000033,0.999955
ACTTAGTACGACAAGA-1,0.019273,0.407206,0.573522
ACTTATACTTACCCGG-1,0.048442,0.269914,0.681644
ACTTATTAGGATCGGT-1,0.185472,0.146927,0.667601
ACTTATTTATGTGCCA-1,0.000015,0.093236,0.906749
ACTTCAGGCTGATCCC-1,0.003833,0.227149,0.769018
ACTTCCATGCGGGACA-1,0.00002,0.032775,0.967205
ACTTCGCCATACGCAC-1,0.000025,0.230968,0.769007
ACTTGACTCCCTCTTT-1,0.069325,0.224107,0.706568
ACTTGCCATATTGTAC-1,0.000026,0.044132,0.955842
ACTTGGGACCCGGTGG-1,0.022706,0.057882,0.919412
ACTTGTGGATGGAACG-1,0.000034,0.385146,0.61482
ACTTGTTACCGGATCA-1,0.190058,0.035146,0.774796
ACTTTACCCTCATGAA-1,0.011737,0.196989,0.791274
ACTTTCCTATAGCTTC-1,0.068022,0.02403,0.907948
ACTTTGGTCGTGCTCC-1,0.747342,0.059624,0.193034
AGAAATTATGACTCGC-1,0.014326,0.317951,0.667723
AGAACACGGCGATGGT-1,0.764248,0.005797,0.229955
AGAACGTGGTACATTC-1,0.015269,0.313517,0.671214
AGAACTGTACTTTGTA-1,0.000009,0.118291,0.8817
AGAAGAGCGCCGTTCC-1,0.000159,0.000478,0.999363
AGAAGGTACACTTCAC-1,0.33445,0.019193,0.646357
AGAAGGTTGCCGAATT-1,0.196071,0.003116,0.800813
AGAAGGTTGTAGGTCG-1,0.007521,0.000031,0.992448
AGAAGTGATTCGTGAT-1,0.452983,0.127271,0.419746
AGAATACAGGCTATCC-1,0.000412,0.085011,0.914576
AGAATTATGGATTCGA-1,0.000014,0.067039,0.932947
AGAATTGTTTGACATA-1,0.000029,0.029605,0.970366
AGACAGCTCAGAATCC-1,0.00034,0.000019,0.99964
AGACATAGATCCTTCC-1,0.004313,0.417141,0.578546
AGACCATGGGATACAA-1,0.017041,0.042453,0.940506
AGACCCACCGCTGATC-1,0.098656,0.208828,0.692516
AGACCCGCCCTCCTCG-1,0.098571,0.320199,0.581229
AGACCGCTCCGCGGTT-1,0.153256,0.8406,0.006145
AGACCGGGAAACCCTG-1,0.100123,0.045216,0.854661
AGACGAAGTGCCGGTC-1,0.000031,0.242677,0.757293
AGACGACGATGCCGCT-1,0.734935,0.247995,0.01707
AGACTAGCCTTCCAGA-1,0.056139,0.296206,0.647655
AGACTGTTACCGGGTC-1,0.710354,0.193814,0.095832
AGAGAAACACCAGAAA-1,0.928568,0.000081,0.071351
AGAGAACCGTCTAGGA-1,0.000017,0.246038,0.753946
AGAGAAGGAGTACAAT-1,0.775836,0.223769,0.000395
AGAGATCTCTAAAGCG-1,0.081415,0.000917,0.917669
AGAGCAGTTATGAGAC-1,0.087106,0.158173,0.754721
AGAGCCGCCGAGATTT-1,0.000041,0.999633,0.000326
AGAGCGGGCTAATCAT-1,0.00001,0.00003,0.99996
AGAGCGTACAAGCTCG-1,0.000018,0.031859,0.968123
AGAGCTACGAAAGCAT-1,0.000014,0.064147,0.935839
AGAGGCTTCGGAAACC-1,0.000015,0.000045,0.999939
AGAGGTATCTCGGTCC-1,0.000031,0.00738,0.99259
AGAGTAAACTTCACTA-1,0.000024,0.007445,0.99253
AGATAACTTCAGGGCC-1,0.026988,0.453431,0.519581
AGATACCAATAGAACC-1,0.00004,0.208491,0.791468
AGATACCGGTGTTCAC-1,0.307204,0.182326,0.51047
AGATACGACTTCATAT-1,0.025386,0.160956,0.813658
AGATACTCAAGATCGA-1,0.000019,0.126965,0.873016
AGATATAATACGACTA-1,0.007264,0.004706,0.98803
AGATCGTGCATAAGAT-1,0.000016,0.395158,0.604826
AGATCTCAGGTGTGAT-1,0.122929,0.000057,0.877014
AGATCTGGAGAGGATA-1,0.443589,0.137162,0.419249
AGATGACTCGCCCACG-1,0.143967,0.184577,0.671456
AGATGATGGAGTCTGG-1,0.000027,0.564553,0.435419
AGATGCAAGACGTGCA-1,0.958326,0.000638,0.041036
AGATTATAGGACGTTT-1,0.131248,0.202781,0.665971
AGATTCACAACCGATA-1,0.178036,0.350132,0.471831
AGCAAAGGCCGCTAGT-1,0.020357,0.005655,0.973988
AGCAACATATCTTATT-1,0.000017,0.38257,0.617413
AGCAACCGAAAGTAAT-1,0.817916,0.122825,0.059259
AGCACACGTTTAGACT-1,0.653632,0.00013,0.346238
AGCACCAGTACTCACG-1,0.089897,0.100353,0.80975
AGCACTACCGGCCTGT-1,0.128732,0.09526,0.776008
AGCACTACCTCACCAG-1,0.088302,0.555115,0.356582
AGCACTTAAGGACGCC-1,0.064965,0.06161,0.873426
AGCAGAAGGAGAAAGA-1,0.054132,0.008358,0.93751
AGCAGCCAGATGAATA-1,0.062367,0.207477,0.730156
AGCAGTCGAAGCATGC-1,0.052097,0.423576,0.524327
AGCATATCAATATGCT-1,0.000028,0.290587,0.709385
AGCATCATTTCGAAAG-1,0.62369,0.051768,0.324542
AGCATCGTCGATAATT-1,0.12388,0.281348,0.594771
AGCATTACGAGGCAAG-1,0.002097,0.066269,0.931633
AGCCAAGCTTTGTGTC-1,0.225409,0.026488,0.748103
AGCCACAGGTTACCCG-1,0.00129,0.000027,0.998683
AGCCACTCCCGTGCTT-1,0.034769,0.185027,0.780204
AGCCATATAGTATGTG-1,0.022356,0.115161,0.862483
AGCCCATACATGTAAG-1,0.267801,0.193864,0.538335
AGCCCGCAACAAGCAG-1,0.169076,0.000042,0.830882
AGCCCGCACTACAATG-1,0.107381,0.208372,0.684248
AGCCCGGCATTAGAGG-1,0.552482,0.310961,0.136558
AGCCCGGTAGCCTGTA-1,0.432682,0.108494,0.458823
AGCCCTAAGCGAAGTT-1,0.000016,0.000048,0.999936
AGCCCTCCCTGGTGGC-1,0.767047,0.157443,0.075509
AGCCCTTCTAATCCGA-1,0.000042,0.504865,0.495093
AGCCGTGGCTAAATGT-1,0.575917,0.00451,0.419574
AGCCTAATACCCACGT-1,0.291081,0.059633,0.649286
AGCCTTAAAGCGGAAG-1,0.000916,0.337577,0.661507
AGCGACAGGAACGGTC-1,0.777227,0.217499,0.005275
AGCGACATCCCATTCA-1,0.0344,0.007169,0.958431
AGCGACCAACGATATT-1,0.12499,0.285094,0.589917
AGCGAGACGTGAAGGC-1,0.725855,0.019526,0.254618
AGCGATGCGCCTAATA-1,0.00003,0.308905,0.691065
AGCGCATAATGAATCG-1,0.139648,0.335974,0.524377
AGCGCGGGTGCCAATG-1,0.015091,0.090501,0.894408
AGCGGACACTTCGTAG-1,0.067815,0.000174,0.932011
AGCGGCGGTTAGCGGT-1,0.183026,0.169458,0.647516
AGCGGGAAGGGTCCAT-1,0.036893,0.410125,0.552982
AGCGGGTCTGACACTC-1,0.000014,0.004116,0.995869
AGCGTACGAGAGCTAG-1,0.000019,0.060387,0.939594
AGCGTAGCGCTAGACC-1,0.000056,0.231323,0.768621
AGCGTCTGAACCCGCA-1,0.022427,0.037327,0.940246
AGCGTGGTATTCTACT-1,0.185488,0.081028,0.733484
AGCTAACAAGCAATGT-1,0.971096,0.000161,0.028743
AGCTAAGCTCCGTCCG-1,0.89221,0.000139,0.107651
AGCTAAGTACGCAGGC-1,0.025667,0.005188,0.969146
AGCTAGAAGCAGAAGT-1,0.000017,0.002345,0.997638
AGCTATTTAATCCAAC-1,0.00002,0.205506,0.794473
AGCTCCATATATGTTC-1,0.031487,0.366094,0.602418
AGCTCCTTCGCACATC-1,0.000011,0.094711,0.905278
AGCTCTAGACGTTCCA-1,0.061424,0.052787,0.885789
AGCTCTTCCCAGTGCA-1,0.000024,0.73846,0.261516
AGCTCTTCGTAACCTT-1,0.000024,0.401406,0.59857
AGCTCTTTACTCAGTT-1,0.178587,0.424495,0.396918
AGCTGAAGTAAACCAA-1,0.000022,0.038956,0.961022
AGCTGTAACCTCAATC-1,0.63281,0.365867,0.001323
AGCTTATAGAGACCTG-1,0.000032,0.026072,0.973895
AGCTTCTTCTCGAGCA-1,0.020446,0.001221,0.978333
AGCTTGATCTTAACTT-1,0.161284,0.069027,0.769689
AGGAAGCTGTCCGCCG-1,0.011307,0.023354,0.96534
AGGACAGTCGAATCCC-1,0.126158,0.002303,0.871539
AGGACATCGCACGTCG-1,0.000017,0.240873,0.75911
AGGACGACCCATTAGA-1,0.273861,0.015646,0.710493
AGGACGCTCGATGTTG-1,0.059717,0.13729,0.802993
AGGAGGCCTTCGCGCG-1,0.000019,0.210899,0.789081
AGGATAAAGTCGGGAT-1,0.001873,0.00324,0.994887
AGGATATAGGGATTTA-1,0.000026,0.194943,0.805031
AGGATATCCGACTGCA-1,0.000013,0.357205,0.642781
AGGATCACGCGATCTG-1,0.204454,0.08041,0.715136
AGGCAAAGAGGAATCA-1,0.051631,0.223947,0.724422
AGGCACGTGACTGTCC-1,0.017579,0.56797,0.414451
AGGCAGATGCGTAAAC-1,0.000017,0.285665,0.714317
AGGCAGGGAGCGTACT-1,0.573429,0.306226,0.120345
AGGCATTGTCGTAGGG-1,0.000048,0.409541,0.590411
AGGCCACCCGTTATGA-1,0.016723,0.103564,0.879713
AGGCCCAGTGACTGGT-1,0.00002,0.000061,0.999919
AGGCCCATTGTACAGG-1,0.000034,0.318934,0.681031
AGGCCCTAGAACGCCA-1,0.382005,0.402564,0.215431
AGGCCTATCATACCAA-1,0.623465,0.015566,0.36097
AGGCCTGAGAATCTCG-1,0.000023,0.158974,0.841004
AGGCGGTTTGTCCCGC-1,0.558636,0.082149,0.359215
AGGCTATGGTTAGCTT-1,0.119707,0.013505,0.866788
AGGCTTCCCGAAGAAG-1,0.453221,0.278684,0.268095
AGGCTTGCTAGACACC-1,0.008789,0.178898,0.812313
AGGGAAACGAGGTACT-1,0.000032,0.452806,0.547162
AGGGACAGCACGGCGG-1,0.000023,0.103629,0.896348
AGGGACCGGCTGCGTT-1,0.000041,0.998628,0.001331
AGGGACTCTACGCGAC-1,0.459829,0.284363,0.255808
AGGGCAGCGGCGTGGT-1,0.000016,0.000049,0.999934
AGGGCGAGCAGCTGAT-1,0.141546,0.678798,0.179656
AGGGCGTGATCGGCTA-1,0.086971,0.175583,0.737446
AGGGCTGCAGTTACAG-1,0.022757,0.123235,0.854008
AGGGTCAGAGCACTCG-1,0.921013,0.000071,0.078916
AGGGTCGATGCGAACT-1,0.111318,0.171386,0.717295
AGGGTGCCGTTCTTTA-1,0.886676,0.01294,0.100385
AGGGTGCTCTCGAGGG-1,0.000027,0.377445,0.622528
AGGGTTCAGACGGTCC-1,0.814844,0.045751,0.139406
AGGGTTCCCTTTGGTT-1,0.000021,0.060465,0.939514
AGGGTTTAGTTCGGGA-1,0.005097,0.080617,0.914286
AGGTAACCTCCTATTC-1,0.000015,0.041603,0.958382
AGGTACGATATTGCCA-1,0.000049,0.034995,0.964956
AGGTAGATCGAGATAT-1,0.760433,0.14418,0.095387
AGGTAGGTACAAAGCT-1,0.100826,0.188331,0.710843
AGGTATAATTGATAGT-1,0.000054,0.504894,0.495052
AGGTCAGGTGAGAGTG-1,0.253716,0.021591,0.724693
AGGTCGCCACTTCGGT-1,0.00004,0.524524,0.475437
AGGTCGCGGAGTTACT-1,0.000056,0.109914,0.89003
AGGTGCACGTCCACAT-1,0.000015,0.011225,0.98876
AGGTGGTGACCTTCGC-1,0.057819,0.000074,0.942107
AGGTGTATCGCCATGA-1,0.001697,0.130205,0.868099
AGGTTACACCATGCCG-1,0.000085,0.631069,0.368846
AGGTTGAGGCACGCTT-1,0.023465,0.040267,0.936268
AGGTTTCACACACCTT-1,0.011631,0.323014,0.665354
AGTAACTATAGCAGCC-1,0.000012,0.005697,0.994291
AGTAATCTAAGGGTGG-1,0.000011,0.067878,0.93211
AGTAATGTCTTGCCGC-1,0.000017,0.024357,0.975625
AGTACAGAAGCTTATA-1,0.064914,0.11099,0.824095
AGTACATCATTTATCA-1,0.000067,0.97039,0.029543
AGTACGGGCACCTGGC-1,0.02407,0.078393,0.897537
AGTACTCTTATGCCCA-1,0.000014,0.000042,0.999944
AGTAGAAGGCGCCTCA-1,0.005734,0.000036,0.99423
AGTAGGAAGGAAGTTG-1,0.000037,0.574655,0.425307
AGTAGGTAACATACAT-1,0.000033,0.122888,0.87708
AGTATAATACTAGGCA-1,0.099993,0.325999,0.574008
AGTATACACAGCGACA-1,0.389565,0.000049,0.610385
AGTATCCATAATAACG-1,0.00003,0.276113,0.723857
AGTATGCTGGAGACCA-1,0.572419,0.000116,0.427466
AGTATTTGGCACGACC-1,0.336386,0.070203,0.593411
AGTCAAATGATGTGAT-1,0.618176,0.000146,0.381677
AGTCAACACCACCATC-1,0.150452,0.095904,0.753644
AGTCAAGATGACACTT-1,0.000009,0.000027,0.999963
AGTCACTAGCTCTCGA-1,0.000019,0.187467,0.812514
AGTCACTCCGCCTCAT-1,0.019404,0.003052,0.977543
AGTCAGCCACCGCCTG-1,0.057174,0.305097,0.637729
AGTCCAGCGGGTACGT-1,0.000035,0.402806,0.59716
AGTCCATTGGCTGATG-1,0.000027,0.000082,0.99989
AGTCCCGCCTTTAATT-1,0.000018,0.04316,0.956821
AGTCGACGGTCTCAAG-1,0.021953,0.008976,0.969072
AGTCGGCCCAAACGAC-1,0.140824,0.054348,0.804828
AGTCGGCTCAACTTTA-1,0.559546,0.345443,0.095011
AGTCGGTTGCGTGAGA-1,0.052304,0.529401,0.418295
AGTCGTATAAAGCAGA-1,0.01046,0.15094,0.8386
AGTCGTCGACCACCAA-1,0.00001,0.00003,0.99996
AGTCGTGGGCATTACG-1,0.877674,0.068276,0.054051
AGTCTAAAGTATACTC-1,0.081575,0.911144,0.00728
AGTCTCACAAGACTAC-1,0.549251,0.111559,0.33919
AGTCTGGACATCCTTG-1,0.047504,0.284526,0.66797
AGTCTTCTCCTCAAAT-1,0.000013,0.000232,0.999755
AGTCTTTAAAGTGTCC-1,0.024517,0.263663,0.71182
AGTGAACAAACTTCTC-1,0.000017,0.335337,0.664646
AGTGACCTACTTTACG-1,0.265951,0.026302,0.707747
AGTGACTGTGACACAA-1,0.969227,0.030393,0.00038
AGTGAGACTTCCAGTA-1,0.000026,0.32437,0.675604
AGTGAGCCTCGCCGCC-1,0.000013,0.000038,0.999949
AGTGAGTCGAATTAAC-1,0.02129,0.087467,0.891243
AGTGATAACCTGCGCG-1,0.000015,0.021002,0.978983
AGTGATATGAGTAGTT-1,0.166315,0.230719,0.602966
AGTGATTCAAGCAGGA-1,0.000023,0.254589,0.745388
AGTGCACGCTTAAGAA-1,0.000009,0.000027,0.999964
AGTGCGTAGCTCGTAA-1,0.883774,0.023987,0.092239
AGTGCTAAACACAGCA-1,0.000006,0.149989,0.850005
AGTGCTTGCACGAATA-1,0.008464,0.066712,0.924824
AGTGGCCCGCAAATGG-1,0.021396,0.045471,0.933134
AGTGGCGGCAATTTGA-1,0.000017,0.00005,0.999933
AGTGGCGTCTGAAGGT-1,0.000014,0.000321,0.999665
AGTGGCTCCGTCGGCC-1,0.088098,0.155101,0.756801
AGTGTATTGCGCATTG-1,0.000018,0.010569,0.989412
AGTGTGGTCTATTGTG-1,0.061734,0.633788,0.304477
AGTTAAACACTTGCGA-1,0.176865,0.671438,0.151697
AGTTAAGCGGTCCCGG-1,0.000578,0.133231,0.86619
AGTTAAGTCAACCGCT-1,0.566661,0.409098,0.024241
AGTTACCGCACATGGT-1,0.153099,0.073149,0.773751
AGTTACTCTATCGTGG-1,0.000011,0.000032,0.999957
AGTTATTCAGACTGTG-1,0.027799,0.237705,0.734496
AGTTCCTACAGAATTA-1,0.213441,0.037116,0.749442
AGTTCCTATTTATGTT-1,0.042453,0.000361,0.957186
AGTTCTGCGTTGTATC-1,0.000035,0.101326,0.898639
AGTTGACATCGGCTGG-1,0.000039,0.12319,0.876771
AGTTGACGGTCCTTGC-1,0.049044,0.026497,0.92446
AGTTGCGGTCCTCAAC-1,0.428558,0.146017,0.425425
AGTTGCTGACTGATAT-1,0.00007,0.080518,0.919412
AGTTGGCAAGGCTAGA-1,0.00569,0.000049,0.994261
AGTTTCGCAGGTCGGA-1,0.014957,0.090524,0.894519
AGTTTGCACCTGCCTC-1,0.053269,0.00004,0.946691
AGTTTGGCACGGGTTG-1,0.000026,0.705119,0.294856
AGTTTGGCCAGACCTA-1,0.397906,0.531544,0.07055
ATAAACCATTGGACGG-1,0.000022,0.00542,0.994557
ATAAACGGACCCGTAA-1,0.077286,0.277726,0.644987
ATAAACGTTGCACCAC-1,0.024683,0.089662,0.885655
ATAAAGGCTCGGTCGT-1,0.144594,0.822529,0.032877
ATAAAGGTCAAGTACG-1,0.000063,0.320855,0.679082
ATAAATATTAGCAGCT-1,0.258554,0.226668,0.514778
ATAACGCCGGAGGGTC-1,0.000012,0.000885,0.999103
ATAACGGAGTCCAACG-1,0.025289,0.306497,0.668214
ATAAGGTGGAGAACAT-1,0.052366,0.005327,0.942307
ATAAGTAGGATTCAGA-1,0.025256,0.043696,0.931048
ATAAGTAGGGCGACTC-1,0.000025,0.144976,0.854999
ATAAGTTACCGCGACG-1,0.268115,0.470961,0.260924
ATAATACCGTTAGCCG-1,0.022465,0.191886,0.785649
ATAATAGCTGTTGAAT-1,0.105289,0.284945,0.609766
ATAATAGTGTAGGGAC-1,0.106504,0.157234,0.736263
ATAATCTTGGAGAACC-1,0.000015,0.00895,0.991035
ATAATTAGCTAAGTAG-1,0.016732,0.017067,0.966201
ATACAGGCCCTCCAAT-1,0.267027,0.080691,0.652282
ATACCACGGGCAACTT-1,0.021161,0.007815,0.971023
ATACCAGCAAATTGCT-1,0.00002,0.290806,0.709173
ATACCAGGCTAATAGA-1,0.000016,0.172126,0.827858
ATACCAGGTGAGCGAT-1,0.000052,0.558655,0.441293
ATACCTAACCAAGAAA-1,0.027638,0.01965,0.952712
ATACGAGGTTTGTAAG-1,0.54105,0.008849,0.4501
ATACGCCGATCTACCG-1,0.000045,0.478937,0.521018
ATACGCCGGCGAAACC-1,0.00001,0.00931,0.99068
ATACGGAACGTCGTTT-1,0.691899,0.216484,0.091617
ATACGGGTTTCGATTG-1,0.033568,0.065439,0.900993
ATACGTACTTAGCCAC-1,0.059251,0.224577,0.716172
ATACGTCCACTCCTGT-1,0.030954,0.500416,0.46863
ATACGTTATGCACGGA-1,0.049964,0.000122,0.949914
ATACTACCCGTACCAC-1,0.000024,0.005412,0.994563
ATACTAGCATGACCCT-1,0.152353,0.395218,0.452429
ATACTCTCGCCACTCT-1,0.029081,0.103412,0.867507
ATACTGCCTTACACCG-1,0.023827,0.00844,0.967733
ATAGACAACGGGACCT-1,0.040005,0.133755,0.82624
ATAGACGAAGAGAAAG-1,0.066265,0.10465,0.829085
ATAGAGTACTGGGACA-1,0.059484,0.070276,0.87024
ATAGAGTTATCAACTT-1,0.000022,0.240122,0.759856
ATAGCAACTAGGGAAG-1,0.000007,0.010638,0.989355
ATAGCCATAACAGTCA-1,0.538,0.167574,0.294426
ATAGCCTCAGTACCCA-1,0.005053,0.106592,0.888356
ATAGGCGGCTATAGAA-1,0.418284,0.127897,0.453819
ATAGGCTAGCTTCGCA-1,0.000032,0.098707,0.901261
ATAGGGATATCCTTGA-1,0.000033,0.066992,0.932976
ATAGGTTGGGCAGATG-1,0.05925,0.206849,0.733901
ATAGTCTTTGACGTGC-1,0.000055,0.02402,0.975925
ATAGTGAAGCGTTCTC-1,0.002434,0.000035,0.997531
ATAGTTCCACCCACTC-1,0.000017,0.172438,0.827545
ATATAAAGCGCTCGTG-1,0.001084,0.21991,0.779006
ATATAAATGTAGCTGC-1,0.029444,0.101148,0.869408
ATATAACACGGGCGCA-1,0.109534,0.410169,0.480297
ATATACGCTCGTGACG-1,0.000066,0.057776,0.942158
ATATAGAGTATTGGTC-1,0.44267,0.156357,0.400973
ATATCAACCTACAGAG-1,0.000016,0.005817,0.994167
ATATCGGTAGGGAGAT-1,0.057738,0.320658,0.621604
ATATCGTTCCTCGAAC-1,0.000021,0.158113,0.841866
ATATCTCCCTCGTTAA-1,0.000038,0.079975,0.919987
ATATCTTAGGGCCTTC-1,0.036349,0.179781,0.78387
ATATGGGATAGCAACT-1,0.453626,0.109002,0.437371
ATATGTCTAGAGCGTG-1,0.071302,0.179059,0.749639
ATATGTCTCCCTAGCC-1,0.007144,0.172526,0.82033
ATATTCAGTTAAACCT-1,0.661658,0.091611,0.246731
ATATTCCACATAGTGA-1,0.067535,0.109231,0.823235
ATATTCCCACAGGTCA-1,0.020074,0.011476,0.96845
ATATTGCTGTCAAAGT-1,0.033726,0.38728,0.578993
ATATTTAACCCTCAAG-1,0.124735,0.357161,0.518104
ATCAAACACTGTTCCA-1,0.000022,0.027683,0.972295
ATCAAACGAAGGTTTG-1,0.450119,0.172744,0.377137
ATCAAAGAGCCGTGGT-1,0.134647,0.010923,0.85443
ATCAAGATCCCAGGAC-1,0.091609,0.157469,0.750922
ATCAATCTGGGCTGCA-1,0.099072,0.023204,0.877725
ATCAATGCCGTGGCTG-1,0.901022,0.000531,0.098447
ATCACATTAGAATATC-1,0.000009,0.265052,0.734939
ATCACGTGCTAATTAA-1,0.636741,0.254186,0.109073
ATCACTTCATCCTCGC-1,0.023997,0.269375,0.706628
ATCAGACGGCACGCCG-1,0.240285,0.003291,0.756423
ATCAGCCTCATGCTGC-1,0.061001,0.005101,0.933898
ATCAGCTCGTCCACTA-1,0.139335,0.228109,0.632556
ATCAGTAGGCAGGGAT-1,0.000019,0.578737,0.421245
ATCATAGATCGACGAG-1,0.789865,0.182384,0.027751
ATCATAGCCCTATGTA-1,0.18339,0.016709,0.799901
ATCATCCAATATTTGT-1,0.015721,0.301062,0.683217
ATCCAACGCAGTCATA-1,0.067293,0.132223,0.800484
ATCCAATGGAGGGTCC-1,0.185236,0.738998,0.075766
ATCCACATCGACAGAA-1,0.000021,0.013366,0.986613
ATCCACGCTAAATGTT-1,0.050482,0.252337,0.697181
ATCCAGAGCAACAACC-1,0.216325,0.783417,0.000258
ATCCAGGATTCGTGAA-1,0.069943,0.002978,0.927079
ATCCCATCCACAGCGC-1,0.525931,0.000071,0.473998
ATCCCATTTCCGTGGG-1,0.165419,0.023118,0.811463
ATCCTACCTAAGCTCT-1,0.251731,0.561652,0.186617
ATCCTGAATCGCTGCG-1,0.076291,0.550316,0.373393
ATCCTGCGTGGAATGG-1,0.254252,0.472651,0.273097
ATCCTGCTGCAGATAG-1,0.000027,0.00008,0.999894
ATCGACCCAATACAGA-1,0.000053,0.00016,0.999787
ATCGACTCTTTCCGTT-1,0.124708,0.239469,0.635823
ATCGCACGATTGTTCA-1,0.000034,0.324249,0.675717
ATCGCACGCCGGGAGA-1,0.026844,0.450589,0.522567
ATCGCCAGTCAACATT-1,0.000011,0.009593,0.990395
ATCGGAGACAGACGGC-1,0.003596,0.108939,0.887465
ATCGGCAAGCAGTCCA-1,0.000016,0.106847,0.893137
ATCGTCCAATCGAGTC-1,0.001684,0.390268,0.608048
ATCGTGGAAAGTCTGG-1,0.877471,0.000427,0.122102
ATCGTTAGCTAGCGGA-1,0.048999,0.000038,0.950963
ATCTAATATCCTACGG-1,0.013183,0.096937,0.88988
ATCTACCATCTGCTCC-1,0.000023,0.00007,0.999906
ATCTAGCTTGTGAGGG-1,0.004461,0.000051,0.995489
ATCTCCCACGGAATAT-1,0.000044,0.517336,0.48262
ATCTCCCTGCAATCTA-1,0.010533,0.511901,0.477566
ATCTCGTGAGCGAAAC-1,0.000066,0.418783,0.581152
ATCTGACATGGAAGGA-1,0.585815,0.320708,0.093476
ATCTGATAGTGTCTTA-1,0.027434,0.221427,0.751138
ATCTGCACCTCTGCGA-1,0.000014,0.078114,0.921871
ATCTGCTGTTATCGCC-1,0.161995,0.000139,0.837866
ATCTGGGCTGTTCTTG-1,0.117411,0.09076,0.791829
ATCTGGTTAAGACTGT-1,0.010304,0.221054,0.768643
ATCTGTAATTGTACCC-1,0.190352,0.018813,0.790835
ATCTTAGGGCATTAAT-1,0.554948,0.113612,0.331441
ATCTTATCGCACACCC-1,0.00004,0.232929,0.767031
ATCTTGACCTGCAACG-1,0.068269,0.03527,0.896461
ATCTTGACTTGTCCAA-1,0.000072,0.73382,0.266108
ATGAAGCCAAGGAGCC-1,0.068436,0.529844,0.40172
ATGACGCCGGCTCTAA-1,0.020493,0.128972,0.850535
ATGACGCGTTCTATCC-1,0.819004,0.087337,0.093659
ATGACTATCAGCTGTG-1,0.47118,0.118278,0.410543
ATGACTATGCGACATT-1,0.000009,0.000027,0.999964
ATGAGGAGTGTTAATC-1,0.000042,0.250472,0.749486
ATGATCGGGAATAGAC-1,0.196089,0.007904,0.796006
ATGATGCAATGGTACA-1,0.265349,0.393257,0.341394
ATGCACGCGCTGTTCA-1,0.418472,0.161286,0.420242
ATGCACTACCGCATTG-1,0.028015,0.229924,0.742061
ATGCATGATCCAGGAT-1,0.004405,0.13792,0.857675
ATGCATTCCGTGATGG-1,0.000015,0.000044,0.999941
ATGCCATTTGCGACCA-1,0.012391,0.126703,0.860906
ATGCCGGTCTTGCATA-1,0.000031,0.332406,0.667563
ATGCCGGTTGATGGGA-1,0.000028,0.290617,0.709355
ATGCGACAGTCCCATT-1,0.000039,0.146217,0.853744
ATGCGAGTCCCACCAC-1,0.05677,0.000048,0.943181
ATGCTCAGTGTTGCAT-1,0.000029,0.021242,0.978729
ATGCTCTGGCGCGGTA-1,0.115008,0.189002,0.695989
ATGCTTAGGAGTTGAT-1,0.000055,0.991764,0.008181
ATGGACTGCTTAGTTG-1,0.625282,0.000101,0.374617
ATGGAGCAGGCCGTGA-1,0.004185,0.210938,0.784877
ATGGATCCGGCGTCCG-1,0.000024,0.000155,0.999822
ATGGATTGACCAAACG-1,0.105424,0.500308,0.394268
ATGGCAGCATTACGAT-1,0.712252,0.287379,0.000369
ATGGGACCTGCTGAAC-1,0.679125,0.000138,0.320737
ATGGGCCTCGGCCTCT-1,0.000017,0.007765,0.992218
ATGGGTGTATACCTCC-1,0.657277,0.000184,0.342539
ATGGTATTGGGAACCG-1,0.000013,0.011959,0.988028
ATGGTATTTACTGATT-1,0.710002,0.013481,0.276517
ATGGTCGCGTGGTTTC-1,0.000018,0.153332,0.84665
ATGGTGCTCAAAGCCA-1,0.006733,0.566978,0.426288
ATGTAAGGCTGCTCTT-1,0.000073,0.984786,0.015141
ATGTACATGCGGTGAG-1,0.000031,0.796017,0.203952
ATGTACGATGACGTCG-1,0.003687,0.273969,0.722344
ATGTAGCGCGCGTAGG-1,0.018552,0.017097,0.964352
ATGTCTTGTTTGACTC-1,0.819619,0.000129,0.180253
ATGTGAAAGCCTAATG-1,0.503472,0.016907,0.479621
ATGTGCATCCGACGCA-1,0.031272,0.135813,0.832915
ATGTGGACATCTTGAT-1,0.054397,0.383225,0.562378
ATGTGTAGTTTAGTCA-1,0.000014,0.000043,0.999943
ATGTTACGAGCAATAC-1,0.332613,0.266778,0.400609
ATGTTCGTCGACCCAC-1,0.103103,0.320133,0.576764
ATGTTGATTAGAGACT-1,0.000018,0.000053,0.99993
ATGTTGTAGTCTGTTT-1,0.506421,0.00016,0.493419
ATTAAACATGCGGACC-1,0.018848,0.108989,0.872163
