Barcode,Topic 1,Topic 2,Topic 3,Topic 4,Topic 5,Topic 6,Topic 7,Topic 8,Topic 9
AAACAACGAATAGTTC-1,0.000079,0.147102,0.000079,0.000079,0.128,0.000079,0.000079,0.636487,0.088015
AAACAAGTATCTCCCA-1,0.000043,0.033387,0.427662,0.09091,0.133466,0.279781,0.034197,0.000043,0.00051
AAACAATCTACTAGCA-1,0.000127,0.432098,0.000127,0.000128,0.063512,0.000128,0.000128,0.503625,0.000128
AAACACCAATAACTGC-1,0.000039,0.034864,0.242771,0.678836,0.005595,0.026283,0.000039,0.011535,0.000039
AAACAGAGCGACTCCT-1,0.000022,0.000022,0.008845,0.000022,0.086949,0.401477,0.219366,0.000022,0.283276
AAACAGCTTTCAGAAG-1,0.000047,0.043707,0.036401,0.019882,0.129715,0.524666,0.01622,0.229315,0.000047
AAACAGGGTCTATATT-1,0.000032,0.024208,0.012036,0.079649,0.184512,0.384865,0.087184,0.217878,0.009635
AAACAGTGTTCCTGGG-1,0.000029,0.026764,0.1568,0.772297,0.000029,0.000029,0.000029,0.043752,0.000269
AAACATGGTGAGAGGA-1,0.000035,0.003052,0.339234,0.657502,0.000035,0.000035,0.000035,0.000035,0.000035
AAACATTTCCCGGATT-1,0.000049,0.000049,0.473251,0.434853,0.000049,0.000049,0.000049,0.000049,0.091601
AAACCACTACACAGAT-1,0.000041,0.704856,0.000041,0.063203,0.119803,0.000041,0.000041,0.111935,0.000041
AAACCCGAACGAAATC-1,0.000032,0.33813,0.4077,0.220008,0.000099,0.000032,0.000032,0.000032,0.033934
AAACCGGAAATGTTAA-1,0.000042,0.740586,0.153876,0.039319,0.057013,0.009039,0.000042,0.000042,0.000042
AAACCGGGTAGGTACC-1,0.000044,0.000044,0.000044,0.000044,0.044661,0.828597,0.069293,0.000044,0.05723
AAACCGTTCGTCCAGG-1,0.000111,0.000111,0.000111,0.000111,0.192452,0.331898,0.175873,0.299221,0.000111
AAACCTAAGCAGCCGG-1,0.000053,0.000053,0.366877,0.054822,0.000208,0.064968,0.088244,0.200496,0.22428
AAACCTCATGAAGTTG-1,0.000043,0.000043,0.000043,0.000043,0.167914,0.831321,0.00051,0.000043,0.000043
AAACGAAGAACATACC-1,0.000072,0.000072,0.007125,0.031656,0.17793,0.000072,0.115651,0.097646,0.569775
AAACGAAGATGGAGTA-1,0.000042,0.000042,0.472671,0.523861,0.000042,0.003216,0.000042,0.000042,0.000042
AAACGACAGTCTTGCC-1,0.000037,0.31249,0.000037,0.124386,0.538471,0.011483,0.000037,0.013023,0.000037
AAACGAGACGGTTGAT-1,0.000111,0.000111,0.024151,0.058586,0.000111,0.292819,0.357253,0.251795,0.015063
AAACGCCCGAGATCGG-1,0.000037,0.37412,0.000037,0.000037,0.512951,0.000037,0.000037,0.112706,0.000037
AAACGCTGGGCACGAC-1,0.000043,0.613571,0.375296,0.000043,0.000043,0.000043,0.000043,0.000043,0.010874
AAACGGGCGTACGGGT-1,0.000055,0.1287,0.415137,0.281122,0.023496,0.045285,0.011568,0.057785,0.036853
AAACGGGTTGGTATCC-1,0.000068,0.023418,0.000068,0.000068,0.496446,0.000068,0.021527,0.382418,0.075917
AAACGGTTGCGAACTG-1,0.000035,0.000035,0.010379,0.009283,0.013626,0.641802,0.181004,0.064703,0.079134
AAACGTGTTCGCCCTA-1,0.000048,0.69858,0.000048,0.245645,0.028897,0.000048,0.000048,0.026638,0.000048
AAACTAACGTGGCGAC-1,0.00012,0.658094,0.00012,0.00012,0.00012,0.00012,0.00012,0.341065,0.00012
AAACTCGGTTCGCAAT-1,0.000131,0.000131,0.103584,0.000131,0.000131,0.171377,0.38054,0.343844,0.000131
AAACTCGTGATATAAG-1,0.000031,0.233261,0.106492,0.574595,0.018321,0.003948,0.013845,0.000031,0.049474
AAACTGCTGGCTCCAA-1,0.000153,0.000153,0.000153,0.059047,0.157478,0.1557,0.306718,0.320445,0.000153
AAACTTAATTGCACGC-1,0.000053,0.055008,0.361319,0.563065,0.000053,0.000053,0.000053,0.000053,0.020344
AAACTTGCAAACGTAT-1,0.000124,0.000124,0.000124,0.000124,0.22402,0.455547,0.000124,0.319691,0.000124
AAAGAATGACCTTAGA-1,0.000047,0.35629,0.258858,0.350635,0.000047,0.000047,0.019153,0.014876,0.000047
AAAGAATGTGGACTAA-1,0.000045,0.363894,0.534402,0.024549,0.000045,0.000045,0.000045,0.000045,0.076931
AAAGACATGAAGTTTA-1,0.000051,0.000051,0.030246,0.000051,0.515745,0.015489,0.206018,0.040754,0.191595
AAAGACCCAAGTCGCG-1,0.000166,0.000166,0.000166,0.068137,0.160759,0.190043,0.163916,0.000166,0.416479
AAAGACTGGGCGCTTT-1,0.000109,0.000109,0.000109,0.000109,0.209622,0.138143,0.332924,0.119948,0.198928
AAAGCTTGCCTACATA-1,0.00003,0.378738,0.304038,0.248679,0.016419,0.00003,0.00003,0.00003,0.052007
AAAGGCCCTATAATAC-1,0.000055,0.172942,0.212216,0.510826,0.000055,0.000055,0.000055,0.075124,0.028673
AAAGGCTACGGACCAT-1,0.000113,0.000113,0.000113,0.000113,0.094689,0.499816,0.048456,0.356473,0.000113
AAAGGCTCTCGCGCCG-1,0.000289,0.000289,0.000289,0.000289,0.000289,0.130262,0.191117,0.676889,0.000289
AAAGGGATGTAGCAAG-1,0.000067,0.000067,0.000067,0.16059,0.168033,0.22952,0.120242,0.047807,0.273607
AAAGGGCAGCTTGAAT-1,0.000065,0.000065,0.000066,0.072672,0.022125,0.227208,0.411136,0.000065,0.266599
AAAGGTAAGCTGTACC-1,0.000113,0.217669,0.000113,0.111165,0.062767,0.000113,0.056247,0.457539,0.094272
AAAGGTCAACGACATG-1,0.000064,0.475688,0.040537,0.021816,0.10564,0.000064,0.035464,0.320664,0.000064
AAAGTAGCATTGCTCA-1,0.000107,0.000107,0.000107,0.000107,0.093941,0.831358,0.062983,0.011184,0.000107
AAAGTCACTGATGTAA-1,0.000184,0.000184,0.000184,0.000184,0.143066,0.053556,0.145589,0.649217,0.007835
AAAGTCGACCCTCAGT-1,0.000046,0.016103,0.000046,0.015236,0.406317,0.543857,0.011368,0.00698,0.000046
AAAGTGCCATCAATTA-1,0.000038,0.462012,0.00451,0.533248,0.000038,0.000038,0.000038,0.000038,0.000038
AAAGTGTGATTTATCT-1,0.000076,0.000076,0.097446,0.000076,0.000076,0.145834,0.305703,0.000076,0.450636
AAAGTTGACTCCCGTA-1,0.000082,0.000082,0.145826,0.132876,0.000082,0.108033,0.230911,0.127981,0.254128
AAATAACCATACGGGA-1,0.000042,0.000042,0.044708,0.056105,0.003716,0.051395,0.613112,0.000042,0.230839
AAATAAGGTAGTGCCC-1,0.000043,0.649788,0.13855,0.003758,0.000043,0.000043,0.000043,0.000142,0.207591
AAATACCTATAAGCAT-1,0.000104,0.000104,0.000104,0.000104,0.054735,0.237744,0.355406,0.351596,0.000104
AAATAGCTTAGACTTT-1,0.000072,0.157379,0.579979,0.033064,0.058403,0.000072,0.000112,0.170845,0.000072
AAATAGGGTGCTATTG-1,0.000122,0.000122,0.000122,0.000122,0.000122,0.587328,0.017872,0.39407,0.000122
AAATCACTCCTAAACG-1,0.000044,0.825534,0.000191,0.012461,0.014812,0.000044,0.000044,0.023828,0.123042
AAATCCGATACACGCC-1,0.000037,0.06417,0.378026,0.105193,0.24322,0.026686,0.034734,0.147896,0.000037
AAATCGCGGAAGGAGT-1,0.000076,0.116449,0.506945,0.343088,0.000076,0.000076,0.000076,0.000076,0.033137
AAATCGTGTACCACAA-1,0.000071,0.000071,0.000071,0.000071,0.052801,0.112692,0.644164,0.000071,0.189988
AAATCTAGCCCTGCTA-1,0.000042,0.101863,0.152738,0.679983,0.000042,0.003756,0.025346,0.027097,0.009132
AAATCTGCCCGCGTCC-1,0.000044,0.576002,0.000044,0.398888,0.016024,0.000044,0.000044,0.008866,0.000044
AAATGACTGATCAAAC-1,0.000023,0.29608,0.017942,0.626658,0.050676,0.001003,0.000023,0.000063,0.007532
AAATGATTCGATCAGC-1,0.000062,0.344834,0.276285,0.000062,0.000062,0.000062,0.000062,0.015313,0.363256
AAATGCTCGTTACGTT-1,0.000076,0.000077,0.000077,0.000077,0.196609,0.427419,0.193856,0.000077,0.181733
AAATGGCATGTCTTGT-1,0.000066,0.000066,0.000066,0.087654,0.17032,0.191721,0.333059,0.000066,0.216982
AAATGGCCCGTGCCCT-1,0.000079,0.039077,0.065297,0.02377,0.235747,0.390483,0.035063,0.210407,0.000079
AAATGGTCAATGTGCC-1,0.000071,0.000071,0.000071,0.000071,0.132625,0.104539,0.358109,0.042956,0.361486
AAATGTATCTTATCCC-1,0.000075,0.046493,0.034902,0.000075,0.160788,0.433645,0.192841,0.127424,0.003757
AAATGTGGGTGCTCCT-1,0.000026,0.000036,0.000026,0.000026,0.792847,0.000026,0.000054,0.092565,0.114392
AAATTAACGGGTAGCT-1,0.000085,0.000085,0.000085,0.027042,0.010844,0.187595,0.230813,0.015697,0.527755
AAATTAATAAGCGCGA-1,0.000052,0.047712,0.000052,0.000052,0.192962,0.555791,0.06788,0.135446,0.000052
AAATTACACGACTCTG-1,0.000042,0.000042,0.004071,0.051548,0.137282,0.318059,0.159044,0.025923,0.303989
AAATTACCTATCGATG-1,0.000073,0.000073,0.045519,0.031424,0.000073,0.025477,0.544965,0.27144,0.080955
AAATTCCAGGTCCAAA-1,0.000037,0.415397,0.150388,0.226949,0.026376,0.010864,0.000037,0.000549,0.169405
AAATTGATAGTCCTTT-1,0.000179,0.000179,0.000179,0.071513,0.015463,0.125559,0.177928,0.335887,0.273112
AAATTGCGGCGGTTCT-1,0.000075,0.000075,0.000075,0.000075,0.215927,0.070487,0.22144,0.097858,0.393987
AAATTGGTGAGAAGCA-1,0.000109,0.841735,0.000109,0.017389,0.000109,0.000109,0.000109,0.140219,0.000109
AAATTTACCGAAATCC-1,0.00005,0.005352,0.018691,0.00005,0.441666,0.056671,0.261893,0.070212,0.145415
AAATTTGCGGGTGTGG-1,0.000117,0.000117,0.000117,0.000117,0.000117,0.158628,0.30192,0.181659,0.357209
AACAACTGGTAGTTGC-1,0.000149,0.005204,0.000149,0.061896,0.002969,0.160008,0.000149,0.437404,0.332071
AACAATACATTGTCGA-1,0.000095,0.000095,0.000095,0.042351,0.000095,0.3943,0.034744,0.528131,0.000095
AACAATTACTCTACGC-1,0.000136,0.000136,0.000136,0.000136,0.000136,0.000136,0.397766,0.124843,0.476572
AACACACGCTCGCCGC-1,0.000063,0.000063,0.079835,0.000063,0.008142,0.181063,0.108859,0.190198,0.431713
AACACGACTGTACTGA-1,0.000092,0.000092,0.02137,0.000733,0.10296,0.000092,0.000092,0.085092,0.789476
AACACGAGACGCGGCC-1,0.00017,0.00017,0.00017,0.063679,0.209495,0.263387,0.033573,0.429188,0.00017
AACACGCGGCCGCGAA-1,0.00008,0.149242,0.00008,0.00008,0.158156,0.00008,0.00008,0.58848,0.103723
AACAGCTGTGTGGCAA-1,0.000196,0.000196,0.160748,0.022969,0.000196,0.145053,0.036254,0.634193,0.000196
AACAGGAAATCGAATA-1,0.000044,0.000044,0.007115,0.000044,0.022129,0.212107,0.542458,0.000044,0.216016
AACAGGATGGGCCGCG-1,0.000154,0.000154,0.079851,0.000154,0.081135,0.031247,0.347948,0.282397,0.176961
AACAGGTAGTATGGAT-1,0.000033,0.007811,0.267886,0.493857,0.144416,0.049071,0.008893,0.000033,0.027999
AACATAGCGTGTATCG-1,0.000041,0.336513,0.231058,0.384668,0.025136,0.000041,0.018269,0.000489,0.003786
AACATATCAACTGGTG-1,0.000051,0.029194,0.063565,0.100632,0.047793,0.245021,0.139784,0.175071,0.198889
AACATCGATACGTCTA-1,0.000062,0.228441,0.562078,0.000062,0.000062,0.000062,0.000062,0.000062,0.209112
AACATTGAAGTTGATC-1,0.000055,0.025082,0.204114,0.750062,0.020465,0.000055,0.000055,0.000055,0.000055
AACATTGGTCAGCCGT-1,0.000102,0.021762,0.023359,0.000102,0.229135,0.000102,0.078516,0.260816,0.386107
AACATTGTGACTCGAG-1,0.000122,0.000122,0.0302,0.000122,0.010993,0.154366,0.40497,0.357352,0.041753
AACCAAGACTTCTCTG-1,0.00006,0.00006,0.00006,0.00006,0.270184,0.520318,0.187348,0.00006,0.021852
AACCAGTATCACTCTT-1,0.000054,0.035194,0.000054,0.083157,0.625078,0.000054,0.110862,0.145492,0.000056
AACCATAGGGTTGAAC-1,0.000082,0.199825,0.587687,0.146891,0.016237,0.000082,0.049031,0.000082,0.000082
AACCATGGGATCGCTA-1,0.000109,0.062086,0.000109,0.000109,0.032385,0.163785,0.582057,0.060799,0.098561
AACCCAGAGACGGAGA-1,0.000245,0.000245,0.000245,0.116995,0.000245,0.240819,0.000245,0.427376,0.213584
AACCCATCCCATGATC-1,0.000052,0.000052,0.485473,0.461482,0.000052,0.052111,0.000673,0.000052,0.000052
AACCCGACAACCCGTG-1,0.000052,0.013989,0.129622,0.241202,0.000052,0.038042,0.162443,0.13318,0.281417
AACCCGAGCAGAATCG-1,0.000031,0.112209,0.318535,0.569069,0.000031,0.000031,0.000031,0.000031,0.000031
AACCCGATAGGGCTTC-1,0.000057,0.938356,0.000057,0.002792,0.000057,0.000057,0.000057,0.05851,0.000057
AACCCGCTGTATTCCA-1,0.000051,0.438228,0.031258,0.397699,0.093139,0.000051,0.000051,0.039471,0.000051
AACCCTACTGTCAATA-1,0.000082,0.000082,0.137085,0.022608,0.00199,0.393924,0.134965,0.301739,0.007524
AACCCTGGTGGAACCA-1,0.000081,0.014902,0.000081,0.000081,0.27619,0.048559,0.045709,0.342789,0.271608
AACCGAGCTTGGTCAT-1,0.000054,0.000054,0.000054,0.000054,0.14589,0.348717,0.088343,0.066925,0.349908
AACCGCTAAGGGATGC-1,0.000032,0.000032,0.019395,0.000032,0.00611,0.713305,0.065845,0.000189,0.19506
AACCGTTGTGTTTGCT-1,0.000083,0.000083,0.000083,0.000083,0.32408,0.398461,0.097475,0.094063,0.085587
AACCTAAAGCCGTCCG-1,0.00002,0.027668,0.00002,0.012889,0.834055,0.100019,0.016709,0.008602,0.00002
AACCTCGCTTTAGCCC-1,0.000047,0.000047,0.060282,0.001962,0.082972,0.425422,0.250905,0.084854,0.093508
AACCTGTCACGGAATT-1,0.000039,0.332065,0.295259,0.255039,0.088989,0.000039,0.000039,0.000039,0.028493
AACCTTTAAATACGGT-1,0.000211,0.000211,0.000211,0.000211,0.000211,0.324008,0.215983,0.45874,0.000211
AACCTTTACGACGTCT-1,0.000019,0.000019,0.000019,0.000019,0.200674,0.723324,0.074853,0.000019,0.001056
AACGAAAGTCGTCCCA-1,0.000027,0.000028,0.147181,0.7908,0.000028,0.061519,0.000028,0.000028,0.000362
AACGACCTCCTAGCCG-1,0.000038,0.453328,0.517282,0.02916,0.000038,0.000038,0.000038,0.000038,0.000038
AACGATAATGCCGTAG-1,0.000086,0.000086,0.000086,0.000086,0.089189,0.322285,0.370561,0.076189,0.141431
AACGATAGAAGGGCCG-1,0.00007,0.00007,0.00007,0.008486,0.090383,0.281425,0.07501,0.026967,0.517518
AACGATATGTCAACTG-1,0.000095,0.000095,0.000095,0.000095,0.105044,0.332974,0.058984,0.148855,0.353762
AACGCATGATCTGGGT-1,0.000095,0.000095,0.352957,0.000095,0.000095,0.000095,0.208922,0.154383,0.283265
AACGCGAACGGCAACA-1,0.000082,0.000082,0.000082,0.000082,0.151092,0.072595,0.305171,0.078341,0.392472
AACGCGACCTTGGGCG-1,0.000052,0.000052,0.049217,0.000052,0.000052,0.508623,0.29778,0.032969,0.111201
AACGCGGTCTCCAGCC-1,0.000043,0.000043,0.000043,0.004378,0.105393,0.697254,0.041105,0.000043,0.1517
AACGCTGTTGCTGAAA-1,0.000092,0.000092,0.298953,0.243032,0.000164,0.2242,0.06475,0.129402,0.039315
AACGGACGTACGTATA-1,0.000051,0.000051,0.052647,0.119332,0.000051,0.066916,0.50263,0.105273,0.153049
AACGGCCATCTCCGGT-1,0.00009,0.00009,0.048286,0.00009,0.168831,0.005258,0.359863,0.186336,0.231156
AACGTACTGTGGGTAC-1,0.000084,0.000085,0.000085,0.000085,0.23523,0.447339,0.03046,0.039262,0.247371
AACGTAGTCTACCCAT-1,0.000035,0.084404,0.000035,0.076969,0.342078,0.000035,0.000035,0.170229,0.32618
AACGTCAGACTAGTGG-1,0.000239,0.00024,0.00024,0.00024,0.325216,0.020056,0.00024,0.280168,0.373362
AACGTCATCCGGCTTG-1,0.000026,0.250283,0.091095,0.638677,0.016319,0.000026,0.000026,0.003522,0.000026
AACGTCGCTGCACTTC-1,0.000046,0.332436,0.357999,0.255971,0.023002,0.000046,0.000046,0.000046,0.030411
AACGTGATGAAGGACA-1,0.000037,0.000037,0.000037,0.018846,0.309488,0.504151,0.072648,0.000037,0.094717
AACGTGCGAAAGTCTC-1,0.000068,0.002431,0.000068,0.000068,0.167815,0.312229,0.286422,0.210875,0.020023
AACGTTATCAGCACCT-1,0.000076,0.000076,0.044875,0.022811,0.175052,0.132511,0.338813,0.000076,0.28571
AACGTTCTACCATTGT-1,0.000033,0.411826,0.442405,0.000034,0.000033,0.000033,0.000033,0.000033,0.145571
AACTACCCGTTTGTCA-1,0.000043,0.509911,0.049665,0.355961,0.018056,0.000043,0.00021,0.008568,0.057543
AACTAGCGTATCGCAC-1,0.000103,0.07705,0.000104,0.000104,0.005914,0.000104,0.000104,0.461039,0.45548
AACTAGGCTTGGGTGT-1,0.000354,0.000354,0.000354,0.000354,0.000354,0.16316,0.345929,0.488787,0.000354
AACTCAAGTTAATTGC-1,0.000162,0.000162,0.000162,0.000162,0.000162,0.041081,0.000162,0.479072,0.478874
AACTCCAGAGCGTGTT-1,0.000082,0.000082,0.743518,0.019042,0.000082,0.006549,0.087533,0.011859,0.131253
AACTCCTAATCCCATG-1,0.000061,0.013128,0.000061,0.173669,0.129633,0.066385,0.060206,0.415114,0.141743
AACTCGATAAACACGT-1,0.000032,0.000032,0.000032,0.000032,0.698565,0.001647,0.015622,0.000032,0.284007
AACTCGATGGCGCAGT-1,0.000044,0.000044,0.000044,0.000044,0.20092,0.660939,0.072192,0.000044,0.065731
AACTCTCAATAGAGCG-1,0.000044,0.000044,0.015203,0.000044,0.027093,0.615162,0.341202,0.001164,0.000044
AACTCTCAGTGTGCTC-1,0.000067,0.000067,0.000067,0.000067,0.262282,0.526785,0.210531,0.000067,0.000067
AACTGAGGTCAGCGTC-1,0.000086,0.311434,0.000086,0.118562,0.328301,0.000086,0.000086,0.241274,0.000086
AACTGAGTTATACTGA-1,0.000052,0.662294,0.030555,0.149672,0.063243,0.030024,0.064054,0.000052,0.000052
AACTGATATTAGGCCT-1,0.000084,0.000085,0.000085,0.000085,0.040668,0.040228,0.365584,0.000085,0.553097
AACTGGGTCCCGACGT-1,0.000072,0.000072,0.000072,0.000072,0.049759,0.170186,0.142991,0.013639,0.623139
AACTGGGTTCGAGCCG-1,0.000178,0.000178,0.000178,0.000178,0.203983,0.014078,0.106534,0.477345,0.197348
AACTGGTGTGGGCCTT-1,0.000153,0.000153,0.000153,0.000153,0.000153,0.000153,0.008245,0.438013,0.552825
AACTTCTGCGTCTATC-1,0.000053,0.000053,0.000053,0.055562,0.108375,0.698035,0.013005,0.000053,0.124811
AACTTGCCCGTATGCA-1,0.000144,0.000144,0.000144,0.000144,0.041018,0.108645,0.609075,0.093642,0.147043
AACTTGCGTTCTCGCG-1,0.000092,0.000092,0.000092,0.000092,0.036605,0.249425,0.444106,0.000092,0.269403
AACTTTACGGGAGCTT-1,0.00019,0.00019,0.082647,0.057057,0.00019,0.009388,0.349198,0.500949,0.00019
AACTTTAGCTGCTGAG-1,0.000117,0.103794,0.000117,0.000117,0.000117,0.000117,0.000117,0.28017,0.615335
AACTTTCTCGATCATG-1,0.000055,0.827239,0.103118,0.069315,0.000055,0.000055,0.000055,0.000055,0.000055
AAGAAAGTTTGATGGG-1,0.000034,0.225757,0.039385,0.732231,0.002457,0.000034,0.000034,0.000034,0.000034
AAGAAATCACCAGATT-1,0.00002,0.207739,0.024679,0.711824,0.026832,0.027646,0.00002,0.00002,0.001221
AAGAAGGATCAGTTAG-1,0.000056,0.000056,0.004554,0.018992,0.095411,0.617965,0.054673,0.011063,0.197231
AAGACATACGTGGTTT-1,0.000034,0.294252,0.227603,0.477941,0.000034,0.000034,0.000034,0.000034,0.000034
AAGACCAAATAACTCA-1,0.000055,0.145384,0.49243,0.30115,0.000055,0.000055,0.000703,0.029174,0.030995
AAGACCCAACTGAACA-1,0.00009,0.00009,0.00009,0.0488,0.035331,0.243338,0.123234,0.548936,0.00009
AAGACTAACCCGTTGT-1,0.000034,0.021306,0.000034,0.080018,0.758033,0.043762,0.029744,0.028356,0.038712
AAGACTCACGCCCACT-1,0.000018,0.000018,0.000018,0.000018,0.690229,0.29663,0.013032,0.000018,0.000018
AAGACTGCAAGCTACT-1,0.000091,0.000091,0.000091,0.029339,0.002725,0.327659,0.520459,0.080884,0.038661
AAGAGATGAATCGGTA-1,0.000106,0.000106,0.048,0.000106,0.000106,0.03712,0.423993,0.000106,0.490357
AAGAGCTCTTTATCGG-1,0.000035,0.000035,0.000035,0.000035,0.056348,0.71141,0.176104,0.000035,0.055963
AAGAGGATGTACGCGA-1,0.000149,0.000149,0.035737,0.000149,0.000149,0.218417,0.435424,0.200003,0.109825
AAGAGGCATGGATCGC-1,0.000099,0.000099,0.000099,0.000099,0.070358,0.139026,0.551903,0.147319,0.090998
AAGAGGCCCTTTGGAA-1,0.00006,0.317984,0.571132,0.060511,0.001602,0.00006,0.048531,0.00006,0.00006
AAGATGGCACCGGACC-1,0.000035,0.028293,0.000035,0.000035,0.08389,0.742743,0.050219,0.081282,0.013468
AAGATTGGCGGAACGT-1,0.000033,0.000033,0.000033,0.000033,0.040026,0.577006,0.311506,0.003428,0.067904
AAGCACCCTGCGTATC-1,0.000042,0.000042,0.000042,0.02566,0.030254,0.848109,0.017876,0.059598,0.018378
AAGCATACTCTCCTGA-1,0.00006,0.00006,0.017495,0.074855,0.118851,0.318277,0.354177,0.032643,0.083582
AAGCCACTTGCAGGTA-1,0.000056,0.372059,0.146116,0.441654,0.03989,0.000056,0.000056,0.000056,0.000056
AAGCCGAAGCGGTTTA-1,0.000094,0.01001,0.854346,0.000094,0.000094,0.000094,0.000094,0.026535,0.108638
AAGCCGCCGTGAAATC-1,0.000036,0.000036,0.45277,0.528316,0.000036,0.002975,0.003982,0.000036,0.011814
AAGCCGCTTTACCTTG-1,0.000035,0.474145,0.219004,0.131557,0.154251,0.004046,0.000035,0.000035,0.016892
AAGCCGGAGAGCAGGA-1,0.000029,0.239877,0.030447,0.70395,0.006896,0.017798,0.000029,0.000029,0.000944
AAGCGCAGGGCTTTGA-1,0.000039,0.000039,0.060459,0.03124,0.137724,0.479678,0.148005,0.035288,0.107529
AAGCGGAGTGCGCGCA-1,0.000061,0.810768,0.000062,0.092554,0.000062,0.000062,0.000062,0.096309,0.000061
AAGCGGCGTCATGGGT-1,0.000056,0.013445,0.000056,0.000056,0.664253,0.044079,0.016033,0.219166,0.042855
AAGCGTCCCTCATCGA-1,0.00008,0.00008,0.00008,0.091348,0.042154,0.618258,0.010516,0.146908,0.090576
AAGCTAGATCGAGTAA-1,0.000035,0.000035,0.000035,0.000035,0.043971,0.848137,0.107683,0.000035,0.000035
AAGCTATGGATTGACC-1,0.000025,0.131459,0.002751,0.865644,0.000025,0.000025,0.000025,0.000025,0.000025
AAGCTCGTGCCAAGTC-1,0.000076,0.000076,0.046873,0.000076,0.000076,0.059009,0.24857,0.000076,0.64517
AAGCTCTTTCATGGTG-1,0.000064,0.000064,0.000064,0.176784,0.047232,0.268044,0.082538,0.091827,0.333384
AAGGAGAACTTATAAG-1,0.000067,0.000067,0.000067,0.000067,0.32554,0.012872,0.195749,0.0135,0.45207
AAGGAGCGGTTGGTGC-1,0.00013,0.00013,0.00013,0.00013,0.00013,0.026453,0.241651,0.143063,0.588182
AAGGATCGATCGCTTG-1,0.000037,0.01665,0.153923,0.802013,0.000037,0.009156,0.018108,0.000037,0.000037
AAGGATGAGGGACCTC-1,0.000046,0.000047,0.000047,0.000047,0.047215,0.345813,0.492251,0.01617,0.098364
AAGGCAGGCTGTCTCC-1,0.000034,0.386639,0.134696,0.474967,0.000034,0.000034,0.000034,0.003529,0.000034
AAGGCGCGTAAAGCTT-1,0.000114,0.000114,0.000114,0.124773,0.000114,0.000114,0.000114,0.219108,0.655435
AAGGCTGTGCTCATCG-1,0.000084,0.000084,0.000084,0.155516,0.000084,0.163255,0.000084,0.04938,0.631427
AAGGGAACGACTGGCT-1,0.000053,0.117132,0.373323,0.399587,0.033019,0.000053,0.03247,0.044311,0.000053
AAGGGACAGATTCTGT-1,0.000083,0.000083,0.020892,0.000083,0.000083,0.471595,0.29949,0.183368,0.024322
AAGGGACTATGCATTC-1,0.000075,0.000076,0.647346,0.110094,0.000076,0.000076,0.068264,0.078347,0.095646
AAGGGTTAGCCATGCG-1,0.000039,0.876865,0.078541,0.000039,0.000039,0.000039,0.000039,0.008065,0.036336
AAGGGTTTGATTTCAG-1,0.000041,0.000041,0.309943,0.552207,0.000041,0.13435,0.003293,0.000041,0.000041
AAGGTATCCTAATATA-1,0.000076,0.000076,0.000076,0.000076,0.01684,0.152688,0.437632,0.02547,0.367067
AAGGTGATAAACCAGC-1,0.000034,0.000034,0.03588,0.000034,0.002967,0.689501,0.199395,0.000034,0.07212
AAGTAAGCTTCCAAAC-1,0.000059,0.000059,0.000059,0.000059,0.000059,0.000059,0.000059,0.512207,0.487378
AAGTAGAAGACCGGGT-1,0.000079,0.000079,0.000079,0.000079,0.053855,0.212952,0.139348,0.000079,0.593453
AAGTAGTGACGCGAGG-1,0.000068,0.000068,0.000068,0.000068,0.095978,0.373308,0.108679,0.000068,0.421695
AAGTCAATTGTCGTCA-1,0.000075,0.109083,0.205389,0.32493,0.000075,0.107338,0.000129,0.186171,0.066809
AAGTCTAGTAGCTGCC-1,0.000042,0.860313,0.017407,0.000042,0.000042,0.000042,0.000042,0.021796,0.100274
AAGTCTTCTGTGGCCT-1,0.000086,0.105356,0.391657,0.000086,0.000086,0.000086,0.022577,0.234912,0.245155
AAGTGACGACCGAATT-1,0.00011,0.000111,0.037068,0.000111,0.234798,0.185421,0.190466,0.202018,0.149896
AAGTGAGTCGGGTTTA-1,0.000067,0.000067,0.013832,0.020343,0.012441,0.428661,0.273598,0.078167,0.172823
AAGTGCAAAGGTAGAC-1,0.000082,0.000082,0.000082,0.017662,0.277549,0.230401,0.362817,0.000082,0.111244
AAGTGCCTTGACTGTA-1,0.000066,0.069533,0.337047,0.487709,0.000066,0.000066,0.093198,0.000066,0.012249
AAGTGCGTTAGAATCT-1,0.000106,0.000133,0.000106,0.049945,0.096987,0.388942,0.18311,0.280564,0.000106
AAGTGCTTCTCTATTG-1,0.000069,0.126357,0.261278,0.427935,0.000069,0.066814,0.000069,0.116197,0.001212
AAGTGTTTGGAGACGG-1,0.000207,0.000207,0.055071,0.000207,0.000207,0.188368,0.069592,0.685932,0.000207
AAGTTCACTCCAAGCT-1,0.000111,0.000111,0.07709,0.000111,0.029776,0.362472,0.379415,0.150802,0.000111
AAGTTCAGTCTGCGTA-1,0.000041,0.003856,0.113811,0.23744,0.170493,0.141683,0.022109,0.076668,0.233899
AAGTTCGGCCAACAGG-1,0.000085,0.025417,0.000085,0.028324,0.276569,0.479524,0.017783,0.099056,0.073157
AAGTTGTGATGTTATA-1,0.000106,0.686329,0.210134,0.074849,0.000106,0.000106,0.000106,0.028159,0.000106
AAGTTTACTAATGGCA-1,0.000088,0.000088,0.000088,0.000088,0.360782,0.01473,0.189154,0.008244,0.426737
AAGTTTATGGGCCCAA-1,0.000117,0.000117,0.065096,0.000117,0.002757,0.217438,0.259188,0.454991,0.000179
AATAACAACGCTCGGC-1,0.000071,0.000071,0.000071,0.000071,0.177899,0.32478,0.146982,0.068441,0.281614
AATAACACTAGAACAA-1,0.000259,0.001448,0.000259,0.046903,0.039878,0.184619,0.164731,0.561643,0.000259
AATAACGTCGCGCCCA-1,0.000013,0.236415,0.073107,0.473879,0.103403,0.110267,0.002889,0.000013,0.000013
AATAAGTCCTCGAGAC-1,0.000042,0.002836,0.005943,0.000042,0.389901,0.038919,0.473802,0.008677,0.079838
AATAATCTTCGTATCG-1,0.000043,0.81165,0.000043,0.18805,0.000043,0.000043,0.000043,0.000043,0.000043
AATACAATGTTTCAGG-1,0.000096,0.000096,0.006753,0.000096,0.103201,0.264444,0.078878,0.026158,0.520276
AATACCGGAGGGCTGT-1,0.000041,0.000041,0.165318,0.662043,0.000041,0.013702,0.002778,0.090155,0.06588
AATACCTGATGTGAAC-1,0.000044,0.203388,0.359563,0.421599,0.000044,0.000044,0.000044,0.000044,0.015228
AATAGAACAGAGTGGC-1,0.000053,0.000053,0.000053,0.000053,0.105133,0.600955,0.138575,0.004419,0.150705
AATAGAATCTGTTTCA-1,0.000083,0.000083,0.007334,0.000083,0.000083,0.411176,0.378068,0.203009,0.000083
AATAGCAAGCCTCCTG-1,0.000126,0.496058,0.025946,0.002801,0.104532,0.000126,0.050129,0.320154,0.000126
AATAGCTACCGCGTGC-1,0.000046,0.297919,0.147744,0.326661,0.000047,0.000047,0.000047,0.025406,0.202084
AATAGGCACGACCCTT-1,0.00003,0.290923,0.071491,0.590241,0.047198,0.00003,0.00003,0.00003,0.00003
AATAGTCCGTCCCGAC-1,0.000162,0.000162,0.010722,0.000162,0.000162,0.007716,0.734498,0.211931,0.034484
AATAGTCGCGAGTCGG-1,0.000116,0.000116,0.054741,0.092944,0.096614,0.24773,0.195902,0.303366,0.008473
AATATCAAGGTCGGAT-1,0.000169,0.046973,0.000169,0.048675,0.156798,0.248495,0.000169,0.464059,0.034493
AATATCCTAGCAAACT-1,0.000036,0.010864,0.492739,0.375134,0.000036,0.022883,0.000036,0.008724,0.08955
AATATCGAATCAATGC-1,0.000059,0.155696,0.292907,0.502938,0.000059,0.010462,0.037763,0.000059,0.000059
AATATCGAGGGTTCTC-1,0.00007,0.004343,0.125259,0.00007,0.029606,0.127229,0.53273,0.100024,0.080668
AATATTGGAGTATTGA-1,0.000175,0.000175,0.019149,0.090879,0.031818,0.005225,0.531146,0.243238,0.078197
AATCAGACTGCAGGAC-1,0.00009,0.00009,0.00009,0.00009,0.279037,0.009319,0.012446,0.240221,0.458619
AATCAGGTTTCATTTA-1,0.000056,0.060586,0.09254,0.836132,0.000056,0.000056,0.000056,0.01046,0.000056
AATCATGTAAAGACTC-1,0.000066,0.016701,0.598551,0.175268,0.000066,0.023568,0.031899,0.104988,0.048894
AATCCAAGGGCCTGAG-1,0.00012,0.00012,0.00012,0.00012,0.00012,0.00012,0.00012,0.132984,0.866175
AATCCATGCAAGGGTG-1,0.000054,0.000054,0.000054,0.000054,0.401239,0.188592,0.256942,0.020618,0.132394
AATCCCGCTCAGAGCC-1,0.000039,0.370126,0.331702,0.203256,0.083353,0.000039,0.000039,0.001986,0.00946
AATCGAGGTCTCAAGG-1,0.000033,0.531189,0.070405,0.368093,0.030147,0.000033,0.000033,0.000033,0.000033
AATCGCCTCAGCGCCA-1,0.000146,0.021358,0.000146,0.000146,0.029634,0.522197,0.028108,0.398119,0.000146
AATCGCGCAGAGGACT-1,0.000044,0.288899,0.303697,0.374729,0.010546,0.000044,0.000044,0.021952,0.000044
AATCGGGACACTACGA-1,0.000084,0.000084,0.000084,0.000084,0.259636,0.271217,0.02142,0.027418,0.419974
AATCGGTATAGCCCTC-1,0.000039,0.139729,0.390316,0.323861,0.000039,0.000039,0.000039,0.000039,0.1459
AATCGTGAGCCGAGCA-1,0.000053,0.008063,0.53818,0.168567,0.000053,0.047544,0.039171,0.071034,0.127335
AATCTAGGTTTACTTG-1,0.0001,0.088716,0.427701,0.0001,0.0001,0.0001,0.067974,0.182846,0.232362
AATCTATGCCGGAGCC-1,0.000056,0.146958,0.33797,0.309449,0.030769,0.017538,0.000056,0.016329,0.140876
AATCTCTACTGTGGTT-1,0.000181,0.000181,0.000181,0.13542,0.165877,0.162225,0.151463,0.384289,0.000181
AATCTGCGTTGGGACG-1,0.000023,0.000023,0.000023,0.000023,0.049892,0.87274,0.077233,0.000023,0.000023
AATCTGGCTTTCTAGT-1,0.000084,0.157122,0.199582,0.015947,0.076667,0.097541,0.000084,0.191246,0.261727
AATCTGGGTAGACCCT-1,0.000091,0.088399,0.000091,0.144851,0.362459,0.000091,0.005677,0.398251,0.000091
AATGACAGCAATGTCT-1,0.000134,0.000134,0.000134,0.019392,0.159986,0.462433,0.063745,0.29391,0.000134
AATGACGTAGGATGTC-1,0.000179,0.000179,0.000179,0.000179,0.104557,0.32303,0.246537,0.324979,0.000179
AATGACTGTCAGCCGG-1,0.000122,0.000122,0.000122,0.000122,0.000122,0.000122,0.077239,0.172541,0.74949
AATGAGTTCGCATATG-1,0.000109,0.000109,0.000109,0.000109,0.072808,0.020874,0.608772,0.084893,0.212216
AATGATGATACGCTAT-1,0.000032,0.000032,0.030149,0.026572,0.088655,0.512594,0.158972,0.000032,0.182961
AATGATGCGACTCCTG-1,0.000132,0.000132,0.336968,0.000132,0.000132,0.000132,0.213143,0.276522,0.172707
AATGCAACCGGGTACC-1,0.000058,0.000058,0.000058,0.06454,0.135603,0.228652,0.227143,0.010605,0.333282
AATGCACCAAGCAATG-1,0.000128,0.000129,0.000129,0.000129,0.000129,0.432062,0.158943,0.408223,0.000129
AATGGCCGCCAATGCG-1,0.000086,0.661722,0.130971,0.023378,0.000086,0.000086,0.000086,0.181666,0.001918
AATGGTCCACCGTTCA-1,0.000165,0.000165,0.000165,0.000165,0.145852,0.515272,0.026487,0.200395,0.111332
AATGGTTCTCACAAGC-1,0.000101,0.000101,0.000101,0.000101,0.011979,0.230709,0.016266,0.000101,0.740539
AATGTATGGCACTGTA-1,0.000056,0.212196,0.143805,0.563713,0.000056,0.069547,0.006215,0.004355,0.000056
AATGTGCCCGAGGTGT-1,0.000097,0.000097,0.000097,0.143209,0.059527,0.614413,0.000097,0.182367,0.000097
AATGTGCTAATCTGAG-1,0.00006,0.08712,0.691155,0.130524,0.00006,0.003285,0.068798,0.00006,0.018938
AATGTTAAGACCCTGA-1,0.000039,0.314569,0.319108,0.316456,0.034753,0.000039,0.000039,0.000039,0.014958
AATGTTGTCGTGAGAC-1,0.000059,0.444313,0.543444,0.011886,0.000059,0.000059,0.000059,0.000059,0.000059
AATTAAAGGTCGGCGT-1,0.000105,0.000105,0.000105,0.000105,0.01386,0.115919,0.112948,0.149311,0.607542
AATTAACGGATTTCCA-1,0.000053,0.000053,0.000053,0.065926,0.112725,0.412291,0.271549,0.060868,0.076481
AATTACGAGACCCATC-1,0.000041,0.15506,0.246477,0.584191,0.000041,0.014066,0.000041,0.000041,0.000041
AATTACTCGTACGCTC-1,0.000097,0.000097,0.045086,0.000097,0.013503,0.139139,0.432348,0.000627,0.369006
AATTAGCGCTGCAGCG-1,0.000117,0.064976,0.000117,0.000117,0.342134,0.24411,0.000117,0.348193,0.000117
AATTATACCCAGCAAG-1,0.000051,0.320539,0.601763,0.028509,0.032126,0.000051,0.000051,0.000051,0.01686
AATTCATAAGGGATCT-1,0.000027,0.000027,0.000027,0.013307,0.150017,0.528088,0.095316,0.000027,0.213162
AATTCATTGTCATGCA-1,0.000047,0.017965,0.019976,0.961774,0.000047,0.000047,0.000047,0.000047,0.000047
AATTCCAACTTGGTGA-1,0.000031,0.000031,0.024605,0.0123,0.612264,0.036373,0.043536,0.000031,0.270827
AATTCCAAGCATGTAC-1,0.000093,0.031176,0.000093,0.000093,0.043581,0.359299,0.234551,0.330347,0.000766
AATTCGATTCGAGGAT-1,0.000068,0.000068,0.048147,0.1015,0.000068,0.27103,0.064571,0.12124,0.39331
AATTCTAGAGTTAGGC-1,0.000142,0.000142,0.000142,0.000142,0.000142,0.711484,0.09415,0.193513,0.000142
AATTGAACGCTCTGGT-1,0.000142,0.000142,0.048897,0.000142,0.000142,0.224145,0.334248,0.365986,0.026158
AATTGCAGCAATCGAC-1,0.000059,0.238071,0.665773,0.000059,0.000059,0.000059,0.006818,0.000059,0.089039
AATTGCGTGGATTACA-1,0.00007,0.069006,0.451063,0.451014,0.028566,0.00007,0.00007,0.00007,0.00007
AATTGTGGTTGCCAAA-1,0.000027,0.427651,0.276018,0.204464,0.000027,0.000027,0.000027,0.000027,0.091733
AATTTGGGACATAGTA-1,0.000082,0.000083,0.000083,0.015603,0.214805,0.147616,0.490299,0.049958,0.081471
AATTTGGTTCCAAAGA-1,0.000085,0.000085,0.019836,0.000085,0.164332,0.252335,0.050737,0.000085,0.51242
ACAAACCATGCGTCCT-1,0.000039,0.146962,0.395239,0.405637,0.018433,0.03047,0.000039,0.000039,0.003141
ACAAACCGACAAGGCG-1,0.000043,0.000043,0.000043,0.093615,0.356897,0.005332,0.287967,0.03416,0.221898
ACAAACTCCATCAGAG-1,0.000031,0.202376,0.308575,0.453128,0.031862,0.000031,0.000031,0.000031,0.003933
ACAAAGAAGGTAGGCC-1,0.00004,0.088466,0.533361,0.202466,0.019901,0.004744,0.008493,0.077506,0.065022
ACAAAGCATGACCTAG-1,0.000035,0.027173,0.424615,0.455263,0.000035,0.000035,0.004526,0.070799,0.01752
ACAAATCGCACCGAAT-1,0.000082,0.000082,0.000082,0.101096,0.000084,0.476767,0.268835,0.152892,0.000082
ACAAATGGTAGTGTTT-1,0.000086,0.000086,0.018006,0.000086,0.042632,0.54194,0.148974,0.067779,0.18041
ACAAATTCAGATCTGA-1,0.000055,0.38551,0.000055,0.09993,0.194049,0.005526,0.004699,0.310121,0.000055
ACAACAGCATGAGCTA-1,0.000058,0.000058,0.000058,0.000058,0.126217,0.163917,0.470351,0.010648,0.228633
ACAACGGTCCCTGCGA-1,0.000075,0.000075,0.000075,0.012588,0.100251,0.3337,0.112401,0.000888,0.439946
ACAAGCAGTGCCTAGC-1,0.000067,0.000067,0.000067,0.000067,0.159685,0.479847,0.264102,0.008803,0.087296
ACAAGCTATATGGAAG-1,0.00004,0.00004,0.202145,0.318696,0.003644,0.223541,0.044663,0.105612,0.101618
ACAAGGAAATCCGCCC-1,0.000066,0.000066,0.003013,0.063648,0.081603,0.203445,0.463173,0.021075,0.16391
ACAAGGACAAGAGGTT-1,0.000081,0.043829,0.000081,0.000081,0.000081,0.000081,0.000081,0.134255,0.821428
ACAAGGATGCTTTAGG-1,0.000047,0.000047,0.185745,0.288437,0.023505,0.279781,0.053941,0.147672,0.020825
ACAAGGCCTACCAGCC-1,0.000086,0.039546,0.077024,0.000086,0.172234,0.005952,0.263575,0.4316,0.009896
ACAAGGGCAGGCTCTG-1,0.000082,0.000082,0.000082,0.000082,0.004078,0.340722,0.407819,0.082831,0.164223
ACAAGTAATTGTAAGG-1,0.000053,0.458609,0.362147,0.139917,0.039062,0.000053,0.000053,0.000053,0.000053
ACAATAGTCGTACGTT-1,0.000078,0.000079,0.027491,0.000079,0.21884,0.267412,0.468074,0.000079,0.017869
ACAATCCATTTAAACC-1,0.00008,0.00008,0.00008,0.00008,0.179175,0.172291,0.352587,0.096503,0.199122
ACAATCGATCTTTATA-1,0.000091,0.081053,0.000091,0.000091,0.52245,0.000091,0.000091,0.39595,0.000091
ACAATGAATACGGAGA-1,0.00009,0.00009,0.00009,0.00009,0.04567,0.661128,0.00009,0.292664,0.00009
ACAATGATTCTTCTAC-1,0.00006,0.747242,0.00006,0.008941,0.096299,0.00006,0.00006,0.14722,0.00006
ACAATTGTGTCTCTTT-1,0.000095,0.045318,0.384114,0.000095,0.000095,0.027961,0.037378,0.244079,0.260866
ACAATTTAGGAGGCTC-1,0.00019,0.00019,0.00019,0.046757,0.060738,0.056884,0.366995,0.467866,0.00019
ACAATTTGAGCAGTGG-1,0.00011,0.000111,0.025829,0.000111,0.013186,0.239709,0.609174,0.111659,0.000111
ACAATTTGGCCATATT-1,0.000058,0.75078,0.20661,0.014742,0.000058,0.000058,0.000058,0.000058,0.027577
ACACAAAGACGGGTGG-1,0.000091,0.000091,0.000091,0.000091,0.091921,0.388547,0.353661,0.101029,0.064478
ACACAAATATTCCTAG-1,0.000055,0.870591,0.000055,0.061819,0.000055,0.000055,0.000055,0.067259,0.000055
ACACACCAGGACCAGT-1,0.000032,0.000032,0.028772,0.000032,0.021266,0.526075,0.342447,0.000032,0.08131
ACACACTTTCTACACG-1,0.000081,0.000081,0.013162,0.000081,0.081933,0.249081,0.414614,0.001071,0.239896
ACACATGATCAAATCT-1,0.000034,0.111781,0.017438,0.86601,0.000034,0.004601,0.000034,0.000034,0.000034
ACACATTGACGCAACA-1,0.000074,0.000074,0.000074,0.000074,0.070014,0.012814,0.73502,0.085629,0.096227
ACACATTTCCGTAGAC-1,0.000055,0.091251,0.410282,0.18009,0.206322,0.054264,0.018621,0.000055,0.03906
ACACCACATAATTAGC-1,0.000048,0.486254,0.473277,0.000048,0.000048,0.000048,0.000048,0.000048,0.04018
ACACCCAGCATGCAGC-1,0.000176,0.000177,0.000177,0.000177,0.000176,0.242815,0.229122,0.184164,0.343016
ACACCCGAGAAATCCG-1,0.000131,0.015085,0.000131,0.000131,0.000131,0.000131,0.000131,0.686171,0.297959
ACACCCGTAAATCTGT-1,0.000032,0.432337,0.010037,0.39028,0.089572,0.008202,0.000032,0.012594,0.056914
ACACCGAGCGCTCTTT-1,0.000046,0.000046,0.01085,0.096154,0.059629,0.365419,0.34555,0.000046,0.122259
ACACCGGTCTGACCGC-1,0.000065,0.249625,0.136785,0.581303,0.008635,0.017244,0.000065,0.006213,0.000065
ACACCTTAAGTAGGGC-1,0.000158,0.000158,0.090307,0.000158,0.000158,0.000158,0.000158,0.19165,0.717096
ACACCTTACTACTTGC-1,0.000057,0.316614,0.483923,0.106936,0.030838,0.006954,0.000057,0.043504,0.011117
ACACGAGACTCCTTCT-1,0.000065,0.000065,0.000065,0.000065,0.168446,0.224413,0.513541,0.000065,0.093273
ACACGGCACTATGCAT-1,0.00005,0.00005,0.00005,0.00005,0.322712,0.135381,0.444788,0.00005,0.09687
ACACGGGAACTTAGGG-1,0.000087,0.000087,0.021443,0.000087,0.000087,0.131512,0.468608,0.000087,0.378001
ACACGTAGGCCACAAG-1,0.000049,0.195712,0.524437,0.056012,0.107506,0.058993,0.049613,0.000049,0.007628
ACACTCCAATGTCACT-1,0.000068,0.000068,0.000068,0.035684,0.11831,0.371328,0.366005,0.000068,0.108402
ACACTGATCAAGGTGT-1,0.00013,0.00013,0.00013,0.00013,0.00013,0.114103,0.22816,0.05794,0.599145
ACACTGGGACAGTCGT-1,0.000039,0.312076,0.199694,0.487996,0.000039,0.000039,0.000039,0.000039,0.000039
ACAGAACTGAGAACAA-1,0.000128,0.000128,0.093634,0.018834,0.001143,0.341333,0.089318,0.455355,0.000128
ACAGATTAGGTTAGTG-1,0.000112,0.000112,0.000112,0.000112,0.239777,0.254674,0.000112,0.000112,0.504876
ACAGCATAGAGCCAGT-1,0.000088,0.000088,0.000088,0.000088,0.190444,0.509258,0.1395,0.000088,0.160357
ACAGCGACATTCTCAT-1,0.000093,0.028,0.788894,0.000093,0.000093,0.000093,0.000093,0.089667,0.092974
ACAGCGCACCCGCAGC-1,0.000101,0.000101,0.000101,0.000101,0.420855,0.140715,0.185012,0.079255,0.173761
ACAGGAGGCGCAGCCG-1,0.000037,0.017945,0.000037,0.003629,0.736613,0.028632,0.139981,0.040862,0.032263
ACAGGCACGGATCCTT-1,0.000068,0.183885,0.598734,0.174322,0.000068,0.000068,0.000068,0.000068,0.042717
ACAGGCTTGCCCGACT-1,0.000033,0.000033,0.000033,0.000033,0.150678,0.665948,0.089085,0.063259,0.030898
ACAGGTGGAGGTGAGG-1,0.000139,0.00014,0.00014,0.00014,0.006833,0.134071,0.23982,0.302204,0.316514
ACAGGTGTGTTGTTGC-1,0.000034,0.003204,0.261061,0.109798,0.150133,0.376526,0.076579,0.004169,0.018497
ACAGTAATACAACTTG-1,0.000036,0.000036,0.013675,0.059449,0.256149,0.491146,0.116788,0.008415,0.054306
ACAGTATACCGTGGGA-1,0.000038,0.264365,0.467518,0.023521,0.109393,0.010141,0.000184,0.000038,0.124803
ACAGTGCAGCGCATTT-1,0.000096,0.548586,0.000096,0.050715,0.063795,0.000096,0.000096,0.336426,0.000096
ACATAAGTCGTGGTGA-1,0.000044,0.065346,0.372857,0.505981,0.010376,0.024032,0.000044,0.003755,0.017565
ACATAATAAGGCGGTG-1,0.000086,0.06626,0.000086,0.000086,0.127784,0.042682,0.007821,0.051426,0.70377
ACATACAATCAAGCGG-1,0.000059,0.458856,0.460107,0.000202,0.037575,0.000059,0.022886,0.002403,0.017852
ACATCAGCTGGGACGC-1,0.000102,0.008757,0.000102,0.0253,0.30549,0.43864,0.062115,0.159392,0.000102
ACATCCCGGCCATACG-1,0.000062,0.000062,0.000062,0.019583,0.214448,0.701354,0.058357,0.000062,0.00601
ACATCCTGGTAACTGT-1,0.000078,0.000444,0.657854,0.076945,0.000078,0.000078,0.000078,0.093077,0.171366
ACATCGATCGTTTACC-1,0.000183,0.011107,0.000183,0.000183,0.191799,0.278751,0.155727,0.232023,0.130043
ACATCGCAATATTCGG-1,0.000024,0.099826,0.000024,0.900006,0.000024,0.000024,0.000024,0.000024,0.000024
ACATCGGTCAGCCGCG-1,0.000116,0.000116,0.009466,0.000116,0.000116,0.000116,0.417902,0.104172,0.46788
ACATCGTATGCAATGG-1,0.000191,0.000191,0.020901,0.000191,0.000191,0.527822,0.075005,0.375315,0.000191
ACATCGTTAACCTAGT-1,0.000081,0.000081,0.000081,0.000081,0.107405,0.248932,0.305965,0.014068,0.323303
ACATCTCAACGCGTAA-1,0.000044,0.017954,0.000044,0.000044,0.497067,0.000044,0.022124,0.197178,0.2655
ACATGCTTACGGCAGC-1,0.000059,0.362012,0.404477,0.185659,0.033958,0.000059,0.000059,0.000059,0.013657
ACATGGCGCCAAAGTA-1,0.000102,0.300947,0.193465,0.000102,0.065784,0.143708,0.032546,0.263245,0.000102
ACATGGCTCAATTTAG-1,0.000054,0.000054,0.000054,0.029907,0.345678,0.356712,0.237843,0.000054,0.029643
ACATTAGTTTATATCC-1,0.000137,0.000137,0.000137,0.000137,0.000137,0.164252,0.597983,0.199878,0.0372
ACATTCGCGCGGAATA-1,0.000044,0.005286,0.437539,0.501325,0.000044,0.000044,0.000044,0.000044,0.055632
ACATTTGAAACCTAAC-1,0.000031,0.512247,0.030157,0.370577,0.000032,0.000032,0.000032,0.001229,0.085664
ACCAAACACCCAGCGA-1,0.000029,0.370748,0.0566,0.314358,0.082978,0.00578,0.000029,0.004574,0.164904
ACCAAACTAGAAATCC-1,0.00002,0.00002,0.00002,0.00002,0.613717,0.268568,0.036448,0.001014,0.080173
ACCAACACCACACACT-1,0.000049,0.024767,0.375802,0.387628,0.046461,0.000049,0.000049,0.003713,0.161482
ACCAACCGCACTCCAC-1,0.000048,0.233182,0.527829,0.143456,0.010359,0.000048,0.000048,0.000048,0.084983
ACCAACGCTTATTTAT-1,0.000143,0.000143,0.000143,0.000143,0.000143,0.089072,0.564681,0.196516,0.149015
ACCAAGAACGCGTGTC-1,0.000104,0.000104,0.000104,0.000104,0.047225,0.049104,0.006123,0.179453,0.71768
ACCAAGTCATCGGCAG-1,0.000058,0.593459,0.298051,0.084113,0.007973,0.000058,0.000058,0.000058,0.016174
ACCAATATGCAAGTTA-1,0.000182,0.006279,0.042957,0.000182,0.000182,0.304034,0.000182,0.503086,0.142915
ACCACAACTCAGAACA-1,0.000039,0.030902,0.000039,0.029306,0.517305,0.375642,0.03003,0.01531,0.001428
ACCACAAGTTTCTATC-1,0.000064,0.000064,0.000064,0.000064,0.032799,0.48953,0.099722,0.025722,0.351969
ACCACACGGTTGATGG-1,0.000049,0.220428,0.383555,0.346069,0.027476,0.000049,0.019062,0.002202,0.001111
ACCACCAATGTAACAA-1,0.000033,0.063097,0.348123,0.261163,0.095987,0.136609,0.041036,0.000033,0.053918
ACCACCCTCTCTTCTA-1,0.000021,0.412876,0.000021,0.413769,0.165535,0.007717,0.000021,0.000021,0.000021
ACCACGTGCAGCTATA-1,0.000083,0.000083,0.000083,0.029418,0.064474,0.830772,0.074921,0.000083,0.000083
ACCACTGTTCAAGAAG-1,0.000062,0.000062,0.005852,0.017101,0.301644,0.208779,0.237132,0.042986,0.186383
ACCAGACCATAACAAC-1,0.000028,0.023482,0.033712,0.092872,0.174846,0.488079,0.06744,0.118391,0.00115
ACCAGCCCGGTCTTTG-1,0.000054,0.143091,0.000054,0.025061,0.281757,0.000054,0.265011,0.144353,0.140564
ACCAGGAGTGTGATCT-1,0.000108,0.000108,0.000108,0.000108,0.303239,0.000108,0.057288,0.172646,0.466288
ACCAGTGCCCGGTCAA-1,0.000136,0.000136,0.113147,0.000136,0.102933,0.032208,0.199297,0.393132,0.158874
ACCAGTGCGGGAGACG-1,0.000048,0.000048,0.124415,0.000048,0.00006,0.36257,0.371067,0.014242,0.127502
ACCATATCCGCAATAA-1,0.000042,0.000042,0.000042,0.000042,0.177477,0.360212,0.007892,0.003232,0.45102
