Barcode,Topic 1,Topic 2,Topic 3to12
AAACAACGAATAGTTC-1,0.000033,0.605915,0.394052
AAACAAGTATCTCCCA-1,0.000013,0.000013,0.999974
AAACAATCTACTAGCA-1,0.000017,0.000017,0.999966
AAACACCAATAACTGC-1,0.000233,0.134337,0.86543
AAACAGAGCGACTCCT-1,0.000033,0.049847,0.950119
AAACAGCTTTCAGAAG-1,0.000044,0.000044,0.999911
AAACAGGGTCTATATT-1,0.000031,0.041938,0.958032
AAACAGTGTTCCTGGG-1,0.000025,0.016436,0.983539
AAACATGGTGAGAGGA-1,0.000058,0.052166,0.947776
AAACATTTCCCGGATT-1,0.000044,0.034365,0.965591
AAACCACTACACAGAT-1,0.000014,0.000014,0.999972
AAACCCGAACGAAATC-1,0.000013,0.010804,0.989184
AAACCGGAAATGTTAA-1,0.000038,0.276355,0.723607
AAACCGGGTAGGTACC-1,0.000049,0.07514,0.924811
AAACCGTTCGTCCAGG-1,0.000144,0.109991,0.889866
AAACCTAAGCAGCCGG-1,0.000092,0.085766,0.914143
AAACCTCATGAAGTTG-1,0.000012,0.000012,0.999976
AAACGAAGAACATACC-1,0.000058,0.084069,0.915873
AAACGAAGATGGAGTA-1,0.000044,0.000044,0.999913
AAACGACAGTCTTGCC-1,0.000016,0.000016,0.999968
AAACGAGACGGTTGAT-1,0.000058,0.000058,0.999885
AAACGCCCGAGATCGG-1,0.000017,0.007763,0.99222
AAACGCTGGGCACGAC-1,0.000017,0.012074,0.987908
AAACGGGCGTACGGGT-1,0.000025,0.000025,0.99995
AAACGGGTTGGTATCC-1,0.000015,0.153235,0.84675
AAACGGTTGCGAACTG-1,0.000044,0.06876,0.931196
AAACGTGTTCGCCCTA-1,0.00002,0.009855,0.990124
AAACTAACGTGGCGAC-1,0.000043,0.104314,0.895643
AAACTCGGTTCGCAAT-1,0.000035,0.015513,0.984451
AAACTCGTGATATAAG-1,0.000012,0.000012,0.999976
AAACTTAATTGCACGC-1,0.000068,0.00584,0.994092
AAACTTGCAAACGTAT-1,0.000051,0.000051,0.999899
AAAGAATGACCTTAGA-1,0.000021,0.000021,0.999957
AAAGAATGTGGACTAA-1,0.000012,0.099866,0.900122
AAAGACATGAAGTTTA-1,0.000029,0.000029,0.999943
AAAGACCCAAGTCGCG-1,0.000071,0.000071,0.999857
AAAGACTGGGCGCTTT-1,0.00002,0.022154,0.977826
AAAGCTTGCCTACATA-1,0.000021,0.067739,0.93224
AAAGGCCCTATAATAC-1,0.000021,0.000021,0.999958
AAAGGCTACGGACCAT-1,0.000064,0.000064,0.999871
AAAGGCTCTCGCGCCG-1,0.000089,0.000089,0.999822
AAAGGGATGTAGCAAG-1,0.000046,0.003027,0.996926
AAAGGGCAGCTTGAAT-1,0.000019,0.00295,0.997031
AAAGGTAAGCTGTACC-1,0.000077,0.000077,0.999846
AAAGGTCAACGACATG-1,0.000035,0.061123,0.938842
AAAGTAGCATTGCTCA-1,0.000061,0.000061,0.999878
AAAGTCACTGATGTAA-1,0.000046,0.000046,0.999908
AAAGTCGACCCTCAGT-1,0.000042,0.081655,0.918303
AAAGTGCCATCAATTA-1,0.00002,0.000022,0.999958
AAAGTGTGATTTATCT-1,0.000035,0.000035,0.999931
AAAGTTGACTCCCGTA-1,0.000054,0.017633,0.982313
AAATAACCATACGGGA-1,0.000076,0.1039,0.896023
AAATAAGGTAGTGCCC-1,0.000014,0.000014,0.999973
AAATAGCTTAGACTTT-1,0.000038,0.00464,0.995323
AAATAGGGTGCTATTG-1,0.000098,0.000098,0.999805
AAATCACTCCTAAACG-1,0.000017,0.000017,0.999966
AAATCCGATACACGCC-1,0.000067,0.027376,0.972557
AAATCGCGGAAGGAGT-1,0.000045,0.000045,0.999911
AAATCGTGTACCACAA-1,0.000068,0.071117,0.928815
AAATCTAGCCCTGCTA-1,0.000041,0.000041,0.999919
AAATCTGCCCGCGTCC-1,0.000057,0.000057,0.999887
AAATGACTGATCAAAC-1,0.000039,0.000039,0.999923
AAATGATTCGATCAGC-1,0.000019,0.000019,0.999962
AAATGCTCGTTACGTT-1,0.000065,0.057044,0.942891
AAATGGCATGTCTTGT-1,0.000039,0.000039,0.999923
AAATGGCCCGTGCCCT-1,0.000039,0.003116,0.996845
AAATGGTCAATGTGCC-1,0.000056,0.000056,0.999888
AAATGTATCTTATCCC-1,0.000053,0.334917,0.66503
AAATGTGGGTGCTCCT-1,0.000087,0.033891,0.966021
AAATTAACGGGTAGCT-1,0.000078,0.000078,0.999844
AAATTAATAAGCGCGA-1,0.000025,0.021201,0.978773
AAATTACACGACTCTG-1,0.000121,0.154697,0.845182
AAATTACCTATCGATG-1,0.000039,0.000039,0.999921
AAATTCCAGGTCCAAA-1,0.000016,0.000016,0.999968
AAATTGATAGTCCTTT-1,0.000232,0.000232,0.999536
AAATTGCGGCGGTTCT-1,0.000017,0.076388,0.923596
AAATTGGTGAGAAGCA-1,0.000026,0.045181,0.954793
AAATTTACCGAAATCC-1,0.000131,0.010696,0.989173
AAATTTGCGGGTGTGG-1,0.000055,0.011489,0.988455
AACAACTGGTAGTTGC-1,0.000048,0.000048,0.999904
AACAATACATTGTCGA-1,0.000026,0.000026,0.999949
AACAATTACTCTACGC-1,0.000065,0.04208,0.957855
AACACACGCTCGCCGC-1,0.000039,0.005088,0.994874
AACACGACTGTACTGA-1,0.000054,0.000054,0.999893
AACACGAGACGCGGCC-1,0.000026,0.000026,0.999947
AACACGCGGCCGCGAA-1,0.000037,0.062775,0.937188
AACAGCTGTGTGGCAA-1,0.000039,0.000039,0.999922
AACAGGAAATCGAATA-1,0.000036,0.000036,0.999929
AACAGGATGGGCCGCG-1,0.000027,0.000027,0.999945
AACAGGTAGTATGGAT-1,0.000016,0.028252,0.971732
AACATAGCGTGTATCG-1,0.000037,0.029386,0.970577
AACATATCAACTGGTG-1,0.000021,0.000021,0.999958
AACATCGATACGTCTA-1,0.00002,0.00002,0.99996
AACATTGAAGTTGATC-1,0.000069,0.054755,0.945176
AACATTGGTCAGCCGT-1,0.000045,0.709217,0.290738
AACATTGTGACTCGAG-1,0.000022,0.000022,0.999955
AACCAAGACTTCTCTG-1,0.000013,0.000013,0.999974
AACCAGTATCACTCTT-1,0.000185,0.000185,0.99963
AACCATAGGGTTGAAC-1,0.000029,0.000029,0.999942
AACCATGGGATCGCTA-1,0.000017,0.03774,0.962242
AACCCAGAGACGGAGA-1,0.000036,0.041317,0.958647
AACCCATCCCATGATC-1,0.000061,0.000061,0.999878
AACCCGACAACCCGTG-1,0.000104,0.000104,0.999792
AACCCGAGCAGAATCG-1,0.000051,0.023022,0.976926
AACCCGATAGGGCTTC-1,0.000028,0.012651,0.987321
AACCCGCTGTATTCCA-1,0.000042,0.02715,0.972808
AACCCTACTGTCAATA-1,0.000023,0.000023,0.999954
AACCCTGGTGGAACCA-1,0.000034,0.000034,0.999933
AACCGAGCTTGGTCAT-1,0.000085,0.053973,0.945942
AACCGCTAAGGGATGC-1,0.000023,0.000023,0.999955
AACCGTTGTGTTTGCT-1,0.000032,0.000032,0.999936
AACCTAAAGCCGTCCG-1,0.000013,0.000013,0.999974
AACCTCGCTTTAGCCC-1,0.000131,0.078494,0.921375
AACCTGTCACGGAATT-1,0.000017,0.000017,0.999966
AACCTTTAAATACGGT-1,0.000083,0.137135,0.862782
AACCTTTACGACGTCT-1,0.000058,0.000058,0.999884
AACGAAAGTCGTCCCA-1,0.00003,0.005314,0.994655
AACGACCTCCTAGCCG-1,0.000027,0.018281,0.981692
AACGATAATGCCGTAG-1,0.000129,0.043746,0.956125
AACGATAGAAGGGCCG-1,0.000063,0.024427,0.97551
AACGATATGTCAACTG-1,0.000042,0.02636,0.973598
AACGCATGATCTGGGT-1,0.000036,0.000036,0.999929
AACGCGAACGGCAACA-1,0.000012,0.11102,0.888968
AACGCGACCTTGGGCG-1,0.000061,0.000402,0.999536
AACGCGGTCTCCAGCC-1,0.000032,0.00849,0.991478
AACGCTGTTGCTGAAA-1,0.000015,0.000015,0.999969
AACGGACGTACGTATA-1,0.000052,0.000052,0.999896
AACGGCCATCTCCGGT-1,0.000033,0.000033,0.999934
AACGTACTGTGGGTAC-1,0.000042,0.03036,0.969598
AACGTAGTCTACCCAT-1,0.000115,0.000115,0.99977
AACGTCAGACTAGTGG-1,0.000052,0.000052,0.999897
AACGTCATCCGGCTTG-1,0.000009,0.000009,0.999983
AACGTCGCTGCACTTC-1,0.000037,0.047155,0.952809
AACGTGATGAAGGACA-1,0.00005,0.071424,0.928526
AACGTGCGAAAGTCTC-1,0.000106,0.035588,0.964306
AACGTTATCAGCACCT-1,0.000021,0.035897,0.964082
AACGTTCTACCATTGT-1,0.000017,0.009495,0.990488
AACTACCCGTTTGTCA-1,0.000008,0.000008,0.999984
AACTAGCGTATCGCAC-1,0.000055,0.173681,0.826264
AACTAGGCTTGGGTGT-1,0.000087,0.006132,0.993781
AACTCAAGTTAATTGC-1,0.000055,0.000055,0.999891
AACTCCAGAGCGTGTT-1,0.000026,0.000026,0.999949
AACTCCTAATCCCATG-1,0.000098,0.000098,0.999803
AACTCGATAAACACGT-1,0.000031,0.633908,0.366062
AACTCGATGGCGCAGT-1,0.000046,0.076395,0.923559
AACTCTCAATAGAGCG-1,0.000044,0.090271,0.909685
AACTCTCAGTGTGCTC-1,0.000159,0.067996,0.931845
AACTGAGGTCAGCGTC-1,0.00003,0.00003,0.999939
AACTGAGTTATACTGA-1,0.000019,0.033765,0.966216
AACTGATATTAGGCCT-1,0.000046,0.000046,0.999907
AACTGGGTCCCGACGT-1,0.00006,0.00006,0.99988
AACTGGGTTCGAGCCG-1,0.000078,0.031317,0.968604
AACTGGTGTGGGCCTT-1,0.000026,0.000026,0.999947
AACTTCTGCGTCTATC-1,0.000082,0.151098,0.84882
AACTTGCCCGTATGCA-1,0.000066,0.065939,0.933995
AACTTGCGTTCTCGCG-1,0.000074,0.02209,0.977837
AACTTTACGGGAGCTT-1,0.00004,0.00004,0.99992
AACTTTAGCTGCTGAG-1,0.000057,0.000057,0.999886
AACTTTCTCGATCATG-1,0.000024,0.000024,0.999953
AAGAAAGTTTGATGGG-1,0.000038,0.125173,0.874789
AAGAAATCACCAGATT-1,0.000031,0.011806,0.988164
AAGAAGGATCAGTTAG-1,0.000015,0.063817,0.936168
AAGACATACGTGGTTT-1,0.000017,0.005673,0.994311
AAGACCAAATAACTCA-1,0.000018,0.000018,0.999964
AAGACCCAACTGAACA-1,0.000052,0.005347,0.994602
AAGACTAACCCGTTGT-1,0.000021,0.002104,0.997875
AAGACTCACGCCCACT-1,0.000093,0.026975,0.972932
AAGACTGCAAGCTACT-1,0.000021,0.0491,0.950879
AAGAGATGAATCGGTA-1,0.000038,0.000038,0.999924
AAGAGCTCTTTATCGG-1,0.000175,0.010237,0.989588
AAGAGGATGTACGCGA-1,0.000062,0.004226,0.995712
AAGAGGCATGGATCGC-1,0.000019,0.000019,0.999961
AAGAGGCCCTTTGGAA-1,0.000051,0.061089,0.93886
AAGATGGCACCGGACC-1,0.000071,0.000071,0.999859
AAGATTGGCGGAACGT-1,0.000016,0.000016,0.999968
AAGCACCCTGCGTATC-1,0.000124,0.0518,0.948077
AAGCATACTCTCCTGA-1,0.000153,0.10105,0.898797
AAGCCACTTGCAGGTA-1,0.000035,0.000035,0.999931
AAGCCGAAGCGGTTTA-1,0.00006,0.050836,0.949104
AAGCCGCCGTGAAATC-1,0.000013,0.000013,0.999974
AAGCCGCTTTACCTTG-1,0.000016,0.014214,0.985771
AAGCCGGAGAGCAGGA-1,0.000042,0.052025,0.947934
AAGCGCAGGGCTTTGA-1,0.000029,0.001716,0.998256
AAGCGGAGTGCGCGCA-1,0.000029,0.050812,0.949159
AAGCGGCGTCATGGGT-1,0.000036,0.000036,0.999929
AAGCGTCCCTCATCGA-1,0.000115,0.256253,0.743631
AAGCTATGGATTGACC-1,0.000024,0.006832,0.993145
AAGCTCGTGCCAAGTC-1,0.000029,0.00698,0.992992
AAGCTCTTTCATGGTG-1,0.000118,0.000118,0.999764
AAGGAGAACTTATAAG-1,0.000031,0.104482,0.895487
AAGGAGCGGTTGGTGC-1,0.000051,0.000051,0.999897
AAGGATCGATCGCTTG-1,0.000019,0.000019,0.999962
AAGGATGAGGGACCTC-1,0.000036,0.000036,0.999927
AAGGCAGGCTGTCTCC-1,0.000022,0.000022,0.999955
AAGGCGCGTAAAGCTT-1,0.00003,0.00003,0.999939
AAGGCTGTGCTCATCG-1,0.000049,0.025602,0.974349
AAGGGAACGACTGGCT-1,0.00005,0.110869,0.889081
AAGGGACAGATTCTGT-1,0.000055,0.041999,0.957946
AAGGGACTATGCATTC-1,0.000101,0.039482,0.960417
AAGGGTTAGCCATGCG-1,0.000015,0.000015,0.99997
AAGGGTTTGATTTCAG-1,0.00004,0.00004,0.99992
AAGGTATCCTAATATA-1,0.000051,0.013389,0.98656
AAGGTGATAAACCAGC-1,0.000044,0.055579,0.944378
AAGTAAGCTTCCAAAC-1,0.000046,0.044292,0.955662
AAGTAGAAGACCGGGT-1,0.000049,0.010284,0.989666
AAGTAGTGACGCGAGG-1,0.000044,0.051283,0.948673
AAGTCAATTGTCGTCA-1,0.00003,0.00003,0.999939
AAGTCTAGTAGCTGCC-1,0.000036,0.01355,0.986414
AAGTCTTCTGTGGCCT-1,0.000085,0.064693,0.935222
AAGTGACGACCGAATT-1,0.000063,0.000063,0.999874
AAGTGAGTCGGGTTTA-1,0.000071,0.000071,0.999858
AAGTGCAAAGGTAGAC-1,0.000028,0.000028,0.999944
AAGTGCCTTGACTGTA-1,0.000039,0.000039,0.999921
AAGTGCGTTAGAATCT-1,0.000069,0.002884,0.997047
AAGTGCTTCTCTATTG-1,0.000098,0.122136,0.877766
AAGTGTTTGGAGACGG-1,0.000075,0.000075,0.999851
AAGTTCACTCCAAGCT-1,0.000026,0.000026,0.999948
AAGTTCAGTCTGCGTA-1,0.000047,0.005333,0.99462
AAGTTCGGCCAACAGG-1,0.000045,0.011318,0.988637
AAGTTGTGATGTTATA-1,0.000053,0.000053,0.999894
AAGTTTACTAATGGCA-1,0.000074,0.027143,0.972783
AAGTTTATGGGCCCAA-1,0.000023,0.000077,0.9999
AATAACAACGCTCGGC-1,0.000049,0.000049,0.999901
AATAACACTAGAACAA-1,0.00006,0.062425,0.937515
AATAACGTCGCGCCCA-1,0.000017,0.019027,0.980956
AATAAGTCCTCGAGAC-1,0.00005,0.00005,0.9999
AATAATCTTCGTATCG-1,0.000015,0.207535,0.792449
AATACAATGTTTCAGG-1,0.000038,0.010964,0.988998
AATACCGGAGGGCTGT-1,0.00006,0.029145,0.970795
AATACCTGATGTGAAC-1,0.000043,0.015049,0.984908
AATAGAACAGAGTGGC-1,0.00012,0.071669,0.928212
AATAGAATCTGTTTCA-1,0.00002,0.00002,0.99996
AATAGCAAGCCTCCTG-1,0.000048,0.022354,0.977598
AATAGCTACCGCGTGC-1,0.000024,0.000024,0.999953
AATAGGCACGACCCTT-1,0.000029,0.012962,0.987009
AATAGTCCGTCCCGAC-1,0.000033,0.000529,0.999438
AATAGTCGCGAGTCGG-1,0.000036,0.065234,0.934729
AATATCAAGGTCGGAT-1,0.000049,0.07327,0.926681
AATATCCTAGCAAACT-1,0.000041,0.000041,0.999918
AATATCGAATCAATGC-1,0.00003,0.00003,0.999941
AATATCGAGGGTTCTC-1,0.000015,0.000015,0.999969
AATATTGGAGTATTGA-1,0.000067,0.003744,0.996189
AATCAGACTGCAGGAC-1,0.000105,0.202577,0.797318
AATCAGGTTTCATTTA-1,0.000086,0.000086,0.999827
AATCATGTAAAGACTC-1,0.000046,0.000046,0.999909
AATCCAAGGGCCTGAG-1,0.000017,0.000017,0.999966
AATCCATGCAAGGGTG-1,0.000019,0.000019,0.999962
AATCCCGCTCAGAGCC-1,0.000037,0.000037,0.999925
AATCGAGGTCTCAAGG-1,0.000023,0.0277,0.972277
AATCGCCTCAGCGCCA-1,0.000068,0.000068,0.999864
AATCGCGCAGAGGACT-1,0.000019,0.027932,0.972049
AATCGGGACACTACGA-1,0.000042,0.000042,0.999915
AATCGGTATAGCCCTC-1,0.000046,0.008707,0.991246
AATCGTGAGCCGAGCA-1,0.000256,0.000256,0.999489
AATCTAGGTTTACTTG-1,0.000123,0.000123,0.999754
AATCTATGCCGGAGCC-1,0.000034,0.000034,0.999931
AATCTCTACTGTGGTT-1,0.000067,0.000067,0.999866
AATCTGCGTTGGGACG-1,0.000059,0.000059,0.999881
AATCTGGCTTTCTAGT-1,0.000132,0.000132,0.999736
AATCTGGGTAGACCCT-1,0.000264,0.03649,0.963247
AATGACAGCAATGTCT-1,0.000048,0.004202,0.99575
AATGACGTAGGATGTC-1,0.000055,0.000055,0.99989
AATGACTGTCAGCCGG-1,0.000015,0.000015,0.99997
AATGAGTTCGCATATG-1,0.000026,0.000026,0.999948
AATGATGATACGCTAT-1,0.00005,0.00005,0.999901
AATGATGCGACTCCTG-1,0.000024,0.012587,0.987389
AATGCAACCGGGTACC-1,0.000047,0.000047,0.999907
AATGCACCAAGCAATG-1,0.000018,0.000018,0.999963
AATGGCCGCCAATGCG-1,0.000034,0.000034,0.999932
AATGGTCCACCGTTCA-1,0.000046,0.000046,0.999909
AATGGTTCTCACAAGC-1,0.000038,0.000038,0.999925
AATGTATGGCACTGTA-1,0.000033,0.000033,0.999935
AATGTGCCCGAGGTGT-1,0.000178,0.069205,0.930617
AATGTGCTAATCTGAG-1,0.00007,0.02125,0.97868
AATGTTAAGACCCTGA-1,0.000016,0.006188,0.993796
AATGTTGTCGTGAGAC-1,0.000013,0.000013,0.999974
AATTAAAGGTCGGCGT-1,0.00005,0.00005,0.9999
AATTAACGGATTTCCA-1,0.000062,0.000062,0.999876
AATTACGAGACCCATC-1,0.00007,0.00007,0.999861
AATTACTCGTACGCTC-1,0.000035,0.325061,0.674904
AATTAGCGCTGCAGCG-1,0.000126,0.125273,0.874601
AATTATACCCAGCAAG-1,0.000088,0.145257,0.854655
AATTCATAAGGGATCT-1,0.000051,0.000051,0.999898
AATTCATTGTCATGCA-1,0.000073,0.004661,0.995266
AATTCCAACTTGGTGA-1,0.00006,0.864517,0.135423
AATTCCAAGCATGTAC-1,0.00004,0.011275,0.988685
AATTCGATTCGAGGAT-1,0.000046,0.016762,0.983192
AATTCTAGAGTTAGGC-1,0.000184,0.000184,0.999632
AATTGAACGCTCTGGT-1,0.000033,0.000033,0.999933
AATTGCAGCAATCGAC-1,0.000023,0.000023,0.999954
AATTGCGTGGATTACA-1,0.000026,0.000026,0.999947
AATTGTGGTTGCCAAA-1,0.00001,0.011671,0.988319
AATTTGGGACATAGTA-1,0.00013,0.019904,0.979966
AATTTGGTTCCAAAGA-1,0.00002,0.03922,0.96076
ACAAACCATGCGTCCT-1,0.000073,0.038467,0.96146
ACAAACCGACAAGGCG-1,0.000061,0.021103,0.978836
ACAAACTCCATCAGAG-1,0.000012,0.000012,0.999976
ACAAAGAAGGTAGGCC-1,0.000035,0.002221,0.997744
ACAAAGCATGACCTAG-1,0.000038,0.000038,0.999924
ACAAATCGCACCGAAT-1,0.000033,0.000033,0.999934
ACAAATGGTAGTGTTT-1,0.000014,0.000014,0.999971
ACAAATTCAGATCTGA-1,0.000032,0.000032,0.999935
ACAACAGCATGAGCTA-1,0.000026,0.042633,0.957342
ACAACGGTCCCTGCGA-1,0.000077,0.046189,0.953734
ACAAGCAGTGCCTAGC-1,0.000051,0.000341,0.999608
ACAAGCTATATGGAAG-1,0.000026,0.000026,0.999948
ACAAGGAAATCCGCCC-1,0.000071,0.02227,0.977659
ACAAGGACAAGAGGTT-1,0.000011,0.000011,0.999977
ACAAGGATGCTTTAGG-1,0.000031,0.000031,0.999938
ACAAGGCCTACCAGCC-1,0.000026,0.000026,0.999949
ACAAGGGCAGGCTCTG-1,0.000032,0.037629,0.962338
ACAAGTAATTGTAAGG-1,0.000024,0.05316,0.946816
ACAATAGTCGTACGTT-1,0.000046,0.033524,0.96643
ACAATCCATTTAAACC-1,0.000041,0.080179,0.91978
ACAATCGATCTTTATA-1,0.000025,0.000025,0.99995
ACAATGAATACGGAGA-1,0.00004,0.092661,0.907299
ACAATGATTCTTCTAC-1,0.000051,0.000051,0.999898
ACAATTGTGTCTCTTT-1,0.000083,0.000083,0.999835
ACAATTTAGGAGGCTC-1,0.000039,0.030065,0.969897
ACAATTTGAGCAGTGG-1,0.000031,0.000031,0.999937
ACAATTTGGCCATATT-1,0.000012,0.005328,0.99466
ACACAAAGACGGGTGG-1,0.000018,0.000018,0.999964
ACACAAATATTCCTAG-1,0.000025,0.004746,0.995229
ACACACCAGGACCAGT-1,0.000046,0.000046,0.999908
ACACACTTTCTACACG-1,0.000059,0.000059,0.999882
ACACATGATCAAATCT-1,0.000154,0.120816,0.87903
ACACATTGACGCAACA-1,0.000077,0.780211,0.219712
ACACATTTCCGTAGAC-1,0.000037,0.027436,0.972527
ACACCACATAATTAGC-1,0.00003,0.00003,0.999941
ACACCCAGCATGCAGC-1,0.000037,0.000037,0.999926
ACACCCGAGAAATCCG-1,0.000054,0.000054,0.999892
ACACCCGTAAATCTGT-1,0.000036,0.047984,0.951981
ACACCGAGCGCTCTTT-1,0.000072,0.749285,0.250643
ACACCGGTCTGACCGC-1,0.000073,0.11002,0.889907
ACACCTTAAGTAGGGC-1,0.000034,0.003885,0.996081
ACACCTTACTACTTGC-1,0.000023,0.000023,0.999953
ACACGAGACTCCTTCT-1,0.000045,0.015532,0.984423
ACACGGCACTATGCAT-1,0.000027,0.000027,0.999945
ACACGGGAACTTAGGG-1,0.000104,0.061372,0.938525
ACACGTAGGCCACAAG-1,0.000036,0.001716,0.998247
ACACTCCAATGTCACT-1,0.000035,0.000035,0.999929
ACACTGATCAAGGTGT-1,0.000139,0.000139,0.999722
ACACTGGGACAGTCGT-1,0.000022,0.024601,0.975377
ACAGAACTGAGAACAA-1,0.00005,0.040174,0.959775
ACAGATTAGGTTAGTG-1,0.00003,0.013108,0.986862
ACAGCATAGAGCCAGT-1,0.00003,0.00003,0.99994
ACAGCGACATTCTCAT-1,0.000046,0.000046,0.999909
ACAGCGCACCCGCAGC-1,0.000055,0.01863,0.981315
ACAGGCACGGATCCTT-1,0.000039,0.024906,0.975055
ACAGGCTTGCCCGACT-1,0.000056,0.036504,0.96344
ACAGGTGGAGGTGAGG-1,0.000088,0.081325,0.918587
ACAGGTGTGTTGTTGC-1,0.000055,0.053313,0.946632
ACAGTAATACAACTTG-1,0.000029,0.000029,0.999942
ACAGTATACCGTGGGA-1,0.000064,0.027583,0.972353
ACAGTGCAGCGCATTT-1,0.000029,0.000029,0.999942
ACATAAGTCGTGGTGA-1,0.000104,0.000104,0.999792
ACATAATAAGGCGGTG-1,0.000049,0.000049,0.999902
ACATACAATCAAGCGG-1,0.000022,0.003928,0.99605
ACATCAGCTGGGACGC-1,0.000017,0.000017,0.999967
ACATCCCGGCCATACG-1,0.000061,0.106167,0.893773
ACATCCTGGTAACTGT-1,0.000028,0.006347,0.993625
ACATCGATCGTTTACC-1,0.000085,0.022328,0.977587
ACATCGCAATATTCGG-1,0.000016,0.005365,0.994619
ACATCGGTCAGCCGCG-1,0.000057,0.014334,0.985609
ACATCGTATGCAATGG-1,0.000043,0.000043,0.999913
ACATCGTTAACCTAGT-1,0.000043,0.000043,0.999914
ACATCTCAACGCGTAA-1,0.000039,0.000039,0.999922
ACATGCTTACGGCAGC-1,0.000054,0.045233,0.954713
ACATGGCGCCAAAGTA-1,0.000029,0.000029,0.999941
ACATGGCTCAATTTAG-1,0.000062,0.371405,0.628532
ACATTAGTTTATATCC-1,0.000072,0.107204,0.892723
ACATTCGCGCGGAATA-1,0.000026,0.028786,0.971189
ACATTTGAAACCTAAC-1,0.000021,0.064955,0.935024
ACCAAACACCCAGCGA-1,0.000028,0.000028,0.999944
ACCAAACTAGAAATCC-1,0.000081,0.089826,0.910094
ACCAACACCACACACT-1,0.000038,0.006143,0.993819
ACCAACCGCACTCCAC-1,0.000011,0.000011,0.999978
ACCAACGCTTATTTAT-1,0.000097,0.000097,0.999806
ACCAAGAACGCGTGTC-1,0.000014,0.000014,0.999971
ACCAAGTCATCGGCAG-1,0.000033,0.057222,0.942745
ACCAATATGCAAGTTA-1,0.00015,0.027857,0.971992
ACCACAACTCAGAACA-1,0.000019,0.000019,0.999962
ACCACAAGTTTCTATC-1,0.000037,0.000037,0.999926
ACCACACGGTTGATGG-1,0.000012,0.000012,0.999975
ACCACCAATGTAACAA-1,0.000018,0.000018,0.999963
ACCACCCTCTCTTCTA-1,0.000026,0.017492,0.982482
ACCACGTGCAGCTATA-1,0.000073,0.035798,0.964129
ACCACTGTTCAAGAAG-1,0.000065,0.712461,0.287474
ACCAGACCATAACAAC-1,0.000034,0.077299,0.922666
ACCAGCCCGGTCTTTG-1,0.000034,0.000034,0.999933
ACCAGGAGTGTGATCT-1,0.000117,0.000117,0.999765
ACCAGTGCCCGGTCAA-1,0.000069,0.000069,0.999863
ACCAGTGCGGGAGACG-1,0.000039,0.000039,0.999922
ACCATATCCGCAATAA-1,0.000038,0.000038,0.999924
ACCATCCGCCAACTAG-1,0.000018,0.000018,0.999965
ACCATCGTATATGGTA-1,0.00008,0.00008,0.999841
ACCATTAAGGGTGTCA-1,0.00004,0.599944,0.400015
ACCCAACGCCCGTGGC-1,0.000015,0.000015,0.99997
ACCCACCTACATGCTC-1,0.000064,0.017272,0.982663
ACCCATCTTGAGGGTA-1,0.000062,0.013015,0.986922
ACCCATTTGTCCCTCT-1,0.000055,0.000055,0.999891
ACCCGAGCGAAATTAC-1,0.00005,0.000055,0.999895
ACCCGATTGGTTCCGA-1,0.000066,0.060188,0.939747
ACCCGGAAACTCCCAG-1,0.000084,0.000084,0.999832
ACCCGGAGCACCACAA-1,0.000029,0.039847,0.960124
ACCCGGATGACGCATC-1,0.000036,0.000036,0.999929
ACCCGGTTACACTTCC-1,0.000028,0.000028,0.999945
ACCCGTAGCAGAGAAT-1,0.000046,0.000046,0.999908
ACCCGTAGTCTAGTTG-1,0.00004,0.066053,0.933907
ACCCGTGTCATCAGTA-1,0.000031,0.000031,0.999937
ACCCTATAGGACTGAG-1,0.000024,0.044918,0.955058
ACCCTATGCCATATCG-1,0.000121,0.000121,0.999757
ACCCTCCCGTCAGGGC-1,0.000196,0.000196,0.999608
ACCCTCCCTTGCTATT-1,0.000043,0.000084,0.999872
ACCCTGGTAACGCCCT-1,0.000022,0.000022,0.999957
ACCCTTCATCTGCGAA-1,0.00003,0.00003,0.99994
ACCCTTGCCTGGGTCG-1,0.000032,0.060752,0.939215
ACCCTTTAGTTCTCCA-1,0.000046,0.000046,0.999908
ACCGAAAGGGCCCTGC-1,0.000039,0.000039,0.999922
ACCGAAGAGTCTGGTT-1,0.000048,0.000048,0.999903
ACCGACACATCTCCCA-1,0.000052,0.015369,0.984579
ACCGACTGAGTCCCAC-1,0.000049,0.018543,0.981409
ACCGAGTCTCCTTATT-1,0.000056,0.000056,0.999888
ACCGATAGGCATAACC-1,0.00001,0.00001,0.99998
ACCGATATTTAATCAT-1,0.000011,0.010745,0.989244
ACCGATGGTAGCATCG-1,0.00005,0.00005,0.999899
ACCGCAATAACTGCCT-1,0.000052,0.000052,0.999896
ACCGCGGTGGAAGTCG-1,0.00002,0.00002,0.99996
ACCGCTAGTCATTGGT-1,0.000119,0.463473,0.536408
ACCGGGCCTTTGTTGA-1,0.000031,0.000031,0.999939
ACCGGTCAGGTACACC-1,0.000116,0.046328,0.953556
ACCGGTCTGAGTACGG-1,0.000159,0.04956,0.950281
ACCGTCCACTGGGCCC-1,0.000016,0.000016,0.999969
ACCGTGACCACGTGGG-1,0.000051,0.000051,0.999898
ACCGTTCCCGCTCTGA-1,0.000051,0.000051,0.999899
ACCTAAGTACCTTTCA-1,0.000062,0.000062,0.999876
ACCTAATCGACTTCCT-1,0.000045,0.013539,0.986416
ACCTACAGTATGTGGT-1,0.00002,0.00002,0.999961
ACCTACTATAAATCTA-1,0.000038,0.000038,0.999925
ACCTCAGCGAGGCGCA-1,0.000026,0.002192,0.997782
ACCTCCGCCCTCGCTG-1,0.000042,0.000042,0.999916
ACCTCCGTTATTCACC-1,0.000049,0.020783,0.979168
ACCTCGAACTTATGCT-1,0.000068,0.093253,0.906679
ACCTGCGTGTCATGTT-1,0.000027,0.000027,0.999947
ACCTTTCCTTTAGAAG-1,0.000083,0.085592,0.914325
ACGAAATGGGCGGCAC-1,0.000069,0.019701,0.98023
ACGACCCATGAGTTGC-1,0.00001,0.00001,0.99998
ACGACTCTAGGGCCGA-1,0.000028,0.00506,0.994912
ACGACTGGTCATACTC-1,0.00004,0.00561,0.99435
ACGAGAACCCATCACG-1,0.00003,0.049353,0.950617
ACGAGATATTTGCTTA-1,0.000043,0.000043,0.999914
ACGAGGATACCACTCT-1,0.000068,0.150879,0.849053
ACGAGGTTTACAACGT-1,0.000051,0.024303,0.975646
ACGAGTACGGATGCCC-1,0.000041,0.000041,0.999917
ACGAGTCGCCGGCGTT-1,0.000056,0.609204,0.39074
ACGATACATAGAACTA-1,0.000029,0.018802,0.98117
ACGATACCTATCCTGA-1,0.000064,0.09499,0.904947
ACGATCATACATAGAG-1,0.000055,0.000055,0.999889
ACGATCATCTTGTAAA-1,0.000063,0.008135,0.991802
ACGATGCATATGTTAT-1,0.000059,0.000059,0.999883
ACGATGGATCCGATGC-1,0.000055,0.049003,0.950942
ACGCAAACTAATAGAT-1,0.000063,0.000063,0.999873
ACGCAATCACTACAGC-1,0.000026,0.000026,0.999948
ACGCATAAATGACATG-1,0.000019,0.000019,0.999961
ACGCATACGTTTACTA-1,0.000044,0.000044,0.999912
ACGCATTCGTGAGTAC-1,0.000066,0.007537,0.992397
ACGCCACTCGAAACAG-1,0.00003,0.004133,0.995837
ACGCCAGATGATTTCT-1,0.000126,0.230119,0.769755
ACGCCAGTGCGTTTGC-1,0.000023,0.000023,0.999954
ACGCCCAGCTGTCGAT-1,0.00004,0.092336,0.907624
ACGCGAAGTCAGACGA-1,0.000141,0.333999,0.66586
ACGCGCTACACAGGGT-1,0.000049,0.050116,0.949834
ACGCGGGCCAAGGACA-1,0.000075,0.058884,0.941042
ACGCGTTTCTTAAGAG-1,0.000034,0.027105,0.972862
ACGCTACTGAATGGGC-1,0.00001,0.00001,0.99998
ACGCTAGTATCAGTGC-1,0.000028,0.000028,0.999944
ACGCTAGTGATACACT-1,0.000038,0.000038,0.999924
ACGCTGTGAGGCGTAG-1,0.000056,0.026999,0.972946
ACGCTTAGTGTCTCTC-1,0.000048,0.000048,0.999904
ACGGAACACGAGTGCC-1,0.000045,0.067261,0.932694
ACGGAATTTAGCAAAT-1,0.000016,0.074519,0.925465
ACGGACGCAGCGACAA-1,0.000059,0.048777,0.951164
ACGGACTCTCAAAGCG-1,0.000061,0.055752,0.944187
ACGGAGCGCAAATTAC-1,0.000039,0.032673,0.967288
ACGGATGGTGCGGATA-1,0.000136,0.079096,0.920769
ACGGCACTTGCTTGGG-1,0.000096,0.248756,0.751148
ACGGCCAACATGGACT-1,0.000069,0.090867,0.909064
ACGGCGACGATGGGAA-1,0.000057,0.000057,0.999886
ACGGCGGGTTGCCCTG-1,0.000086,0.200021,0.799893
ACGGCTGGATGTAGAA-1,0.000066,0.000066,0.999867
ACGGGAGTGTCGGCCC-1,0.000061,0.034385,0.965554
ACGGGCGTATGCGACA-1,0.000065,0.000065,0.999871
ACGGGTCATGTGACTT-1,0.000055,0.400368,0.599577
ACGGGTTGTGACCTGT-1,0.000012,0.000012,0.999977
ACGGTACAGTTCAATG-1,0.000025,0.000025,0.99995
ACGGTCACCGAGAACA-1,0.000044,0.207122,0.792834
ACGTACAGATTTCTCT-1,0.000064,0.045672,0.954264
ACGTACTTTGGCACGG-1,0.000078,0.028312,0.97161
ACGTAGATTGCTGATG-1,0.000145,0.000145,0.99971
ACGTAGGAGAGTCGCT-1,0.000011,0.000011,0.999977
ACGTATTACTCCGATC-1,0.000025,0.000025,0.999951
ACGTCCTAAACGAGAT-1,0.000025,0.000025,0.99995
ACGTCGGGCAACTCGG-1,0.000041,0.038364,0.961594
ACGTCTCGTTCCGGGA-1,0.000057,0.000616,0.999327
ACGTGACAAAGTAAGT-1,0.000069,0.058417,0.941514
ACGTGCGCCTCGTGCA-1,0.000024,0.014077,0.985899
ACGTGGTCGAATGTGC-1,0.00004,0.00004,0.999919
ACGTTAGATTTGCCCG-1,0.000084,0.000084,0.999833
ACGTTATTGGTCACTC-1,0.000082,0.000082,0.999835
ACGTTCACTATGCCGC-1,0.00005,0.00005,0.999899
ACGTTCCGCGCTCCGT-1,0.00006,0.009932,0.990008
ACGTTCGCAATCAATT-1,0.000021,0.000021,0.999958
ACGTTCGTTCAGGAAA-1,0.000051,0.008517,0.991431
ACGTTCTGTACAAGTC-1,0.000089,0.000089,0.999822
ACGTTGTCGTTGAAAG-1,0.000026,0.000026,0.999949
ACGTTTAGTTGTGATC-1,0.00007,0.00007,0.99986
ACGTTTCGGTGCACTT-1,0.000021,0.036226,0.963753
ACTAAGGACGCACACC-1,0.000017,0.010705,0.989279
ACTAATACGTCAGGCG-1,0.000061,0.014936,0.985003
ACTACAAAGAGAGGTG-1,0.000026,0.007212,0.992761
ACTACATCCCGACAAG-1,0.000088,0.189897,0.810015
ACTACCAGCTCTCTGG-1,0.000047,0.00019,0.999763
ACTACCATCCGAGGGC-1,0.000049,0.155093,0.844859
ACTACGCGTTAGAATT-1,0.000048,0.000048,0.999905
ACTAGTTGCGATCGTC-1,0.000067,0.142672,0.857262
ACTATATGCTGTGTTC-1,0.000063,0.000063,0.999874
ACTATCCAGGGCATGG-1,0.000022,0.000022,0.999957
ACTATCGCCGGCTAAA-1,0.00003,0.952674,0.047296
ACTATCTGCCCGCGTA-1,0.000019,0.000019,0.999962
ACTATGTCCAGCTGCC-1,0.000031,0.000031,0.999938
ACTATTCGTCCGTGGT-1,0.000122,0.023306,0.976572
ACTATTTCCGGGCCCA-1,0.000035,0.040104,0.95986
ACTCAACGAATGTATT-1,0.000058,0.04083,0.959112
ACTCAAGTGCAAGGCT-1,0.000033,0.000033,0.999934
ACTCAATAAAGGCACG-1,0.00008,0.035132,0.964788
ACTCAGACCTGCTTCT-1,0.000068,0.0201,0.979832
ACTCATGGCAGCCTTC-1,0.000056,0.000056,0.999888
ACTCCAATATCATCAT-1,0.000041,0.018448,0.981511
ACTCCCATTCCTAAAG-1,0.000058,0.000058,0.999885
ACTCCCGAATTCGTTT-1,0.00006,0.00006,0.999881
ACTCCCGTAGACTAGG-1,0.000017,0.001777,0.998206
ACTCCCTAATGCTAAA-1,0.000073,0.013836,0.986091
ACTCCGGCCGACCACT-1,0.000065,0.199033,0.800902
ACTCGATGTATTTCAT-1,0.000062,0.141399,0.858539
ACTCGCCGTTCGATAA-1,0.000016,0.016652,0.983332
ACTCGCGATCTGACGC-1,0.000019,0.035094,0.964887
ACTCGTAACCCGTCCT-1,0.000115,0.0764,0.923485
ACTCGTCAGTAATCCC-1,0.000085,0.000085,0.999829
ACTCTAAACCTGGGAT-1,0.00005,0.313518,0.686431
ACTCTCTGACTTAGGT-1,0.000127,0.000127,0.999745
ACTCTCTTATACACGA-1,0.000111,0.083764,0.916125
ACTCTGACCTAATAGA-1,0.000043,0.000043,0.999915
ACTCTTCAGCTCCCGC-1,0.00005,0.034046,0.965903
ACTGAAACGCCGTTAG-1,0.00005,0.006551,0.993399
ACTGAATGGCGAAAGT-1,0.000034,0.000034,0.999932
ACTGATTTAGTGATTC-1,0.000053,0.000053,0.999895
ACTGCCCGCCATTCTC-1,0.000073,0.000073,0.999854
ACTGCCGTCGTAACTC-1,0.000052,0.000052,0.999895
ACTGCGGACACACCGT-1,0.000011,0.001781,0.998208
ACTGCTCGGAAGGATG-1,0.000072,0.09849,0.901437
ACTGGCGAACCTGCGT-1,0.00002,0.00002,0.999961
ACTGGGATGCCAGTGC-1,0.000056,0.082625,0.91732
ACTGTACGATACACAT-1,0.000084,0.000084,0.999831
ACTGTAGCACTTTGGA-1,0.000048,0.000048,0.999903
ACTGTATACGCGAGCA-1,0.000016,0.003812,0.996172
ACTGTCCAGGATTATA-1,0.000052,0.000052,0.999896
ACTGTCTTCTTTAGAA-1,0.000072,0.000072,0.999857
ACTGTGCTAGTAGATC-1,0.000053,0.000053,0.999894
ACTGTTTAGTGTAGGC-1,0.000072,0.000072,0.999856
ACTTACCGGGCGCGCA-1,0.000089,0.000089,0.999822
ACTTACGCATCCACGC-1,0.000136,0.025472,0.974392
ACTTAGTACGACAAGA-1,0.000015,0.000015,0.99997
ACTTATACTTACCCGG-1,0.000016,0.000016,0.999969
ACTTATCTGATCTATA-1,0.000034,0.135314,0.864652
ACTTATTAGGATCGGT-1,0.000029,0.024266,0.975705
ACTTATTTATGTGCCA-1,0.000042,0.000042,0.999917
ACTTCAGGCTGATCCC-1,0.000057,0.000057,0.999885
ACTTCCAGTGGAAGCT-1,0.000026,0.035703,0.96427
ACTTCCATGCGGGACA-1,0.000071,0.027842,0.972087
ACTTCCTGTCGTGCGA-1,0.000015,0.010742,0.989243
ACTTCGCCATACGCAC-1,0.000133,0.045018,0.954849
ACTTCGCTAGCGAGTG-1,0.00004,0.049807,0.950153
ACTTGCCATATTGTAC-1,0.000095,0.000095,0.999809
ACTTGCTCTATCTACC-1,0.000041,0.003861,0.996098
ACTTGGGACCCGGTGG-1,0.000048,0.000048,0.999904
ACTTGGGCTTTCGCCA-1,0.000028,0.000028,0.999943
ACTTGTAGTCCCTTCA-1,0.000036,0.006514,0.993449
ACTTGTGGATGGAACG-1,0.000017,0.003691,0.996291
ACTTGTTACCGGATCA-1,0.000054,0.265345,0.734601
ACTTTACCCTCATGAA-1,0.000049,0.000049,0.999903
ACTTTATACACCACTT-1,0.000057,0.065958,0.933985
ACTTTCCTATAGCTTC-1,0.000025,0.000025,0.999951
ACTTTGACTGCATCCT-1,0.000065,0.00156,0.998375
ACTTTGGTCGTGCTCC-1,0.000076,0.022202,0.977722
ACTTTGTCGACGCACT-1,0.000027,0.000027,0.999946
AGAAATTATGACTCGC-1,0.000025,0.003591,0.996384
AGAACACGGCGATGGT-1,0.000042,0.097155,0.902802
AGAACCCAGCGTGACA-1,0.000026,0.158992,0.840982
AGAACCCTCAATTGGG-1,0.000055,0.048443,0.951503
AGAACGTGGTACATTC-1,0.000112,0.042751,0.957137
AGAACTGTACTTTGTA-1,0.000034,0.115041,0.884925
AGAAGAGCGCCGTTCC-1,0.000399,0.059571,0.94003
AGAAGGTACACTTCAC-1,0.000062,0.000062,0.999876
AGAAGGTTGCCGAATT-1,0.00003,0.00003,0.99994
AGAAGGTTGTAGGTCG-1,0.000084,0.128109,0.871806
AGAAGTGATTCGTGAT-1,0.000077,0.026509,0.973414
AGAATAAATCTTCAGG-1,0.00003,0.075119,0.924851
AGAATACAGGCTATCC-1,0.000044,0.004151,0.995806
AGAATGCGGGTTCGGA-1,0.000025,0.000025,0.999951
AGAATTATGGATTCGA-1,0.000052,0.000052,0.999896
AGAATTGTTTGACATA-1,0.000038,0.030274,0.969688
AGACAGCTCAGAATCC-1,0.00003,0.102454,0.897516
AGACAGGCATCTCAGC-1,0.000033,0.233204,0.766764
AGACATAGATCCTTCC-1,0.000025,0.010278,0.989697
AGACCAAACCACACCT-1,0.000021,0.007536,0.992443
AGACCATGGGATACAA-1,0.000021,0.00989,0.990088
AGACCCACCGCTGATC-1,0.000129,0.041513,0.958357
AGACCCGCCCTCCTCG-1,0.000055,0.000055,0.99989
AGACCGCTCCGCGGTT-1,0.000034,0.036745,0.963221
AGACCGGGAAACCCTG-1,0.000047,0.032379,0.967574
AGACGAAGTGCCGGTC-1,0.00002,0.007689,0.99229
AGACGACGATGCCGCT-1,0.000107,0.102525,0.897368
AGACGCCCACTTCGCC-1,0.000034,0.18883,0.811136
AGACGGGATTGGTATA-1,0.000026,0.01036,0.989614
AGACGGGCCGATTTAA-1,0.000046,0.000046,0.999908
AGACTAGCCTTCCAGA-1,0.000018,0.000018,0.999964
AGACTGTTACCGGGTC-1,0.000066,0.032096,0.967838
AGAGAAACACCAGAAA-1,0.00005,0.019197,0.980753
AGAGAACCGTCTAGGA-1,0.000014,0.000014,0.999972
AGAGAAGGAGTACAAT-1,0.000065,0.025433,0.974502
AGAGATCTCTAAAGCG-1,0.000018,0.000018,0.999965
AGAGCAGTTATGAGAC-1,0.000018,0.028574,0.971408
AGAGCCGCCGAGATTT-1,0.000025,0.000025,0.999949
AGAGCGCTTGTAACGG-1,0.000012,0.000012,0.999975
AGAGCGGGCTAATCAT-1,0.000034,0.000034,0.999932
AGAGCGTACAAGCTCG-1,0.00005,0.030565,0.969384
AGAGCTACGAAAGCAT-1,0.000038,0.171459,0.828503
AGAGGCTTCGGAAACC-1,0.00003,0.00003,0.999939
AGAGGGACAATTGTCC-1,0.000056,0.000056,0.999888
AGAGGTATCTCGGTCC-1,0.000028,0.000028,0.999945
AGAGTAAACTTCACTA-1,0.000019,0.004635,0.995346
AGAGTATAGTGTTACG-1,0.00002,0.086535,0.913444
AGAGTCTTAATGAAAG-1,0.000017,0.001621,0.998363
AGAGTGAACAGACACC-1,0.000028,0.00695,0.993022
AGAGTTAGAGACCGAT-1,0.000162,0.000162,0.999676
AGAGTTGCAGGCCTCC-1,0.000037,0.002386,0.997578
AGATAACTTCAGGGCC-1,0.000056,0.006874,0.99307
AGATAATCACACCTAT-1,0.000019,0.000019,0.999963
AGATACCAATAGAACC-1,0.000021,0.000021,0.999958
AGATACCAGCACTTCA-1,0.000026,0.000026,0.999949
AGATACCGGTGTTCAC-1,0.000065,0.000065,0.99987
AGATACGACTTCATAT-1,0.000037,0.074584,0.925379
AGATACTCAAGATCGA-1,0.000034,0.00566,0.994306
AGATATAATACGACTA-1,0.00003,0.00003,0.999941
AGATCGTGCATAAGAT-1,0.000035,0.000035,0.99993
AGATCTCAGGTGTGAT-1,0.000161,0.100731,0.899108
AGATCTGGAGAGGATA-1,0.000061,0.056909,0.94303
AGATGACTCGCCCACG-1,0.000057,0.05543,0.944512
AGATGAGGGTTGCGAT-1,0.00004,0.00004,0.999919
AGATGATGGAGTCTGG-1,0.000059,0.058199,0.941742
AGATGCAAGACGTGCA-1,0.000342,0.000342,0.999317
AGATGCATCCTGTGTC-1,0.000086,0.026275,0.973639
AGATGCTATAACGAGC-1,0.000051,0.65036,0.349589
AGATTATAGGACGTTT-1,0.000028,0.000028,0.999945
AGATTCAAGCGGGTCG-1,0.000067,0.067075,0.932858
AGATTCACAACCGATA-1,0.000073,0.000073,0.999854
AGCAAAGGCCGCTAGT-1,0.000071,0.001157,0.998772
AGCAACATATCTTATT-1,0.000016,0.000016,0.999969
AGCAACCGAAAGTAAT-1,0.000099,0.000099,0.999801
AGCACACGTTTAGACT-1,0.000063,0.000063,0.999874
AGCACCAGTACTCACG-1,0.000023,0.000023,0.999955
AGCACTACCGGCCTGT-1,0.000088,0.014579,0.985333
AGCACTACCTCACCAG-1,0.000112,0.000112,0.999777
AGCACTTAAGGACGCC-1,0.000039,0.014787,0.985174
AGCAGAAGGAGAAAGA-1,0.000017,0.002231,0.997752
AGCAGCCAGATGAATA-1,0.000048,0.000048,0.999904
AGCAGTCGAAGCATGC-1,0.000079,0.002585,0.997336
AGCATATCAATATGCT-1,0.000071,0.000071,0.999859
AGCATCATTTCGAAAG-1,0.000053,0.145742,0.854205
AGCATCGTCGATAATT-1,0.000067,0.022605,0.977328
AGCATTACGAGGCAAG-1,0.000055,0.020091,0.979853
AGCCAAGCTTTGTGTC-1,0.000023,0.000023,0.999954
AGCCACAGGTTACCCG-1,0.000025,0.000025,0.99995
AGCCACTCCCGTGCTT-1,0.000055,0.039321,0.960624
AGCCATATAGTATGTG-1,0.000037,0.000037,0.999927
AGCCCATACATGTAAG-1,0.00004,0.00004,0.99992
AGCCCGCAACAAGCAG-1,0.000033,0.000033,0.999935
AGCCCGCACTACAATG-1,0.000046,0.029934,0.97002
AGCCCGGCATTAGAGG-1,0.000045,0.000045,0.99991
AGCCCGGTAGCCTGTA-1,0.000034,0.000034,0.999933
AGCCCTAAGCGAAGTT-1,0.000032,0.033549,0.966419
AGCCCTCCCTGGTGGC-1,0.000074,0.047158,0.952768
AGCCCTGTCGCACCGT-1,0.000036,0.008529,0.991435
AGCCCTTCTAATCCGA-1,0.000055,0.000055,0.999889
AGCCCTTGGACATCCC-1,0.000022,0.027937,0.972041
AGCCGCAAATTCAAAT-1,0.000039,0.051505,0.948457
AGCCGCTTGATTAGCG-1,0.000044,0.894235,0.10572
AGCCGTGGCTAAATGT-1,0.000039,0.030693,0.969268
AGCCTAATACCCACGT-1,0.000071,0.000071,0.999858
AGCCTTAAAGCGGAAG-1,0.000053,0.007896,0.992051
AGCCTTGTCACTGATA-1,0.000111,0.000111,0.999779
AGCGACAGGAACGGTC-1,0.000084,0.047161,0.952754
AGCGACATCCCATTCA-1,0.478198,0.000085,0.521718
AGCGACCAACGATATT-1,0.00002,0.053301,0.94668
AGCGACTTTGAAGACA-1,0.000018,0.019387,0.980595
AGCGAGACGTGAAGGC-1,0.000028,0.001798,0.998173
AGCGATGCGCCTAATA-1,0.00001,0.00001,0.99998
AGCGCATAATGAATCG-1,0.000023,0.000023,0.999953
AGCGCGGGTGCCAATG-1,0.000043,0.000043,0.999914
AGCGCTAGAGCGATGT-1,0.000036,0.073934,0.926029
AGCGCTTATGGGCAAG-1,0.000093,0.000093,0.999814
AGCGGACACTTCGTAG-1,0.000081,0.000081,0.999838
AGCGGCGGTTAGCGGT-1,0.000104,0.000104,0.999791
AGCGGGAAGGGTCCAT-1,0.000037,0.015182,0.984781
AGCGGGTCTGACACTC-1,0.000025,0.000025,0.999951
AGCGGTTGAGATGTAC-1,0.000046,0.000046,0.999908
AGCGGTTGCCGCTCTG-1,0.000057,0.000057,0.999885
AGCGTACGAGAGCTAG-1,0.000031,0.05897,0.940999
AGCGTAGCGCTAGACC-1,0.000094,0.095115,0.904791
AGCGTCTGAACCCGCA-1,0.000025,0.019968,0.980007
AGCGTTCCGATTTAAA-1,0.000087,0.011921,0.987992
AGCTAACAAGCAATGT-1,0.000056,0.000056,0.999887
AGCTAAGCTCCGTCCG-1,0.000042,0.107927,0.892031
AGCTAAGTACGCAGGC-1,0.000048,0.282836,0.717116
AGCTACGAATGGTGGT-1,0.000032,0.225934,0.774034
AGCTAGAAGCAGAAGT-1,0.000015,0.00424,0.995745
AGCTATTTAATCCAAC-1,0.000095,0.138584,0.861322
AGCTCCATATATGTTC-1,0.000124,0.042176,0.957701
AGCTCCTTCGCACATC-1,0.000053,0.000053,0.999893
AGCTCGTTGATGGAAA-1,0.000029,0.000029,0.999942
AGCTCTAGACGTTCCA-1,0.000103,0.053556,0.946341
AGCTCTTCCCAGTGCA-1,0.000031,0.000031,0.999938
AGCTCTTCGTAACCTT-1,0.000032,0.009661,0.990307
AGCTCTTTACTCAGTT-1,0.000042,0.015449,0.984508
AGCTGAAGTAAACCAA-1,0.000046,0.011165,0.98879
AGCTGCATTTGAGGTG-1,0.00008,0.137807,0.862113
AGCTGCTGTGCCGAAT-1,0.000025,0.003808,0.996167
AGCTGTAACCTCAATC-1,0.000073,0.045844,0.954083
AGCTTATAGAGACCTG-1,0.000061,0.196466,0.803473
AGCTTCAATACTTTGA-1,0.000038,0.000038,0.999925
AGCTTCTTCTCGAGCA-1,0.000025,0.000025,0.999949
AGCTTGATCAGGGTAG-1,0.000038,0.000038,0.999923
AGCTTGATCTTAACTT-1,0.000086,0.000086,0.999828
AGGAAAGCCTCTGATG-1,0.000026,0.929971,0.070002
AGGAACGAACGACTTC-1,0.000015,0.011425,0.98856
AGGAAGCTGTCCGCCG-1,0.000014,0.000014,0.999972
AGGACAGTCGAATCCC-1,0.000015,0.000015,0.99997
AGGACATCGCACGTCG-1,0.000171,0.148954,0.850875
AGGACATCGGCACACT-1,0.000026,0.302144,0.69783
AGGACGACCCATTAGA-1,0.000044,0.071265,0.928692
AGGACGCTCGATGTTG-1,0.000054,0.000054,0.999893
AGGACTTATAGGAGAA-1,0.000079,0.754232,0.245689
AGGAGACATCCACAGT-1,0.000014,0.000014,0.999971
AGGAGAGTCTGGCTAC-1,0.000007,0.000007,0.999986
AGGAGCGTTTATTATC-1,0.000017,0.114676,0.885307
AGGAGGCCTTCGCGCG-1,0.000026,0.000026,0.999948
AGGATAAAGTCGGGAT-1,0.000038,0.000038,0.999924
AGGATATAGGGATTTA-1,0.000023,0.000023,0.999953
AGGATATCCGACTGCA-1,0.000019,0.023483,0.976497
AGGATCACGCGATCTG-1,0.00005,0.012567,0.987383
AGGATTGCTTACGACA-1,0.000012,0.000012,0.999976
AGGCAAAGAGGAATCA-1,0.00007,0.060211,0.939719
AGGCAATACGGAGGAC-1,0.000022,0.731968,0.26801
AGGCACGTGACTGTCC-1,0.000024,0.000024,0.999953
AGGCAGATGCGTAAAC-1,0.000035,0.11846,0.881505
AGGCAGGGAGCGTACT-1,0.000069,0.006054,0.993876
AGGCATTGTCGTAGGG-1,0.000027,0.000027,0.999947
AGGCCACATTGGTTAC-1,0.000036,0.188624,0.811339
AGGCCACCCGTTATGA-1,0.000063,0.000063,0.999874
AGGCCCAGTGACTGGT-1,0.000077,0.233997,0.765926
AGGCCCATTGTACAGG-1,0.000061,0.000061,0.999877
AGGCCCTAGAACGCCA-1,0.000071,0.036629,0.9633
AGGCCTATCATACCAA-1,0.000052,0.000052,0.999896
AGGCCTGAGAATCTCG-1,0.000044,0.039934,0.960022
AGGCGATAACTGGCGT-1,0.000013,0.003651,0.996335
AGGCGGTTTGTCCCGC-1,0.000188,0.078949,0.920863
AGGCGTCTATGGACGG-1,0.000039,0.02098,0.978981
AGGCTATGGTTAGCTT-1,0.000047,0.130706,0.869247
AGGCTTAAGTTGCACA-1,0.000023,0.000023,0.999953
AGGCTTCCCGAAGAAG-1,0.000109,0.112058,0.887834
AGGCTTGCTAGACACC-1,0.00006,0.258552,0.741388
AGGGAAACGAGGTACT-1,0.000108,0.000108,0.999783
AGGGACAGCACGGCGG-1,0.000038,0.037926,0.962037
AGGGACCGGCTGCGTT-1,0.000033,0.051153,0.948814
AGGGACTCTACGCGAC-1,0.000104,0.000104,0.999792
AGGGAGACATACTTCG-1,0.000037,0.002528,0.997435
AGGGCAGCGGCGTGGT-1,0.000019,0.000019,0.999963
AGGGCCCTAATGTTCT-1,0.000029,0.000029,0.999943
AGGGCGAGCAGCTGAT-1,0.000018,0.027964,0.972019
AGGGCGTGATCGGCTA-1,0.000056,0.013542,0.986402
AGGGCTGCAGTTACAG-1,0.000088,0.027108,0.972804
AGGGTCAGAGCACTCG-1,0.000064,0.015024,0.984911
AGGGTCAGTAACCCTA-1,0.000067,0.000067,0.999865
AGGGTCGATGCGAACT-1,0.000061,0.000061,0.999879
AGGGTCTGGACGCAGT-1,0.000027,0.018358,0.981616
AGGGTGCCGTTCTTTA-1,0.000046,0.032362,0.967593
AGGGTGCTCTCGAGGG-1,0.000031,0.000031,0.999938
AGGGTGGATAGTGCAT-1,0.000037,0.088447,0.911516
AGGGTGTGCTACACGC-1,0.000043,0.03642,0.963536
AGGGTTCAGACGGTCC-1,0.000089,0.019916,0.979995
AGGGTTCCCTTTGGTT-1,0.00005,0.00005,0.9999
AGGGTTTAGTTCGGGA-1,0.000091,0.000091,0.999819
AGGTAACCTCCTATTC-1,0.000015,0.001874,0.998111
AGGTACGATATTGCCA-1,0.000069,0.019781,0.98015
AGGTAGATCGAGATAT-1,0.000037,0.070005,0.929958
AGGTAGGTACAAAGCT-1,0.000049,0.000049,0.999903
AGGTATAATTGATAGT-1,0.000026,0.048755,0.951219
AGGTATGCGGACATTA-1,0.000012,0.000012,0.999976
AGGTCAGGTGAGAGTG-1,0.00008,0.00008,0.99984
AGGTCGCCACTTCGGT-1,0.000028,0.043882,0.95609
AGGTCGCCTCCCAACA-1,0.000008,0.000008,0.999985
AGGTCGCGGAGTTACT-1,0.000034,0.000034,0.999933
AGGTGCACGTCCACAT-1,0.000032,0.00305,0.996918
AGGTGGTGACCTTCGC-1,0.000061,0.027557,0.972381
AGGTGTATCGCCATGA-1,0.000079,0.000079,0.999842
AGGTGTTGCCGACCAC-1,0.00001,0.00001,0.99998
AGGTTACACCATGCCG-1,0.000026,0.000026,0.999949
AGGTTCTCCTTTCCGG-1,0.000073,0.000073,0.999854
AGGTTGAGGCACGCTT-1,0.000195,0.000195,0.999611
AGTAACGTTCATCCTG-1,0.000252,0.000252,0.999496
AGTAACTATAGCAGCC-1,0.000039,0.03037,0.969591
AGTAAGGGACAGAATC-1,0.000033,0.000033,0.999934
AGTAATCTAAGGGTGG-1,0.000087,0.167361,0.832552
AGTAATGTCTTGCCGC-1,0.000043,0.000043,0.999915
AGTAATTTGCAAGCGT-1,0.000069,0.145533,0.854398
AGTACAGAAGCTTATA-1,0.000024,0.000024,0.999952
AGTACATCATTTATCA-1,0.000051,0.011699,0.988249
AGTACCTTCGAGTGCT-1,0.000126,0.000126,0.999748
AGTACGGCCCGTATCG-1,0.000015,0.000015,0.99997
AGTACGGGCACCTGGC-1,0.000088,0.000088,0.999824
AGTACGTGGCCTGTCT-1,0.000089,0.000089,0.999823
AGTACTCTTATGCCCA-1,0.000081,0.000081,0.999839
AGTAGAAGGCGCCTCA-1,0.000039,0.000039,0.999921
AGTAGCGTGAACGAAC-1,0.00006,0.00189,0.99805
AGTAGCTAGACGCCGA-1,0.00007,0.093454,0.906477
AGTAGGAAGGAAGTTG-1,0.000023,0.01871,0.981267
AGTAGGTAACATACAT-1,0.000054,0.005913,0.994033
AGTATAATACTAGGCA-1,0.000035,0.000035,0.99993
AGTATACACAGCGACA-1,0.000054,0.054438,0.945508
AGTATCCATAATAACG-1,0.000066,0.20001,0.799923
AGTATGCTGGAGACCA-1,0.000235,0.000235,0.999531
AGTATTTGGCACGACC-1,0.000081,0.000081,0.999838
AGTCAAATGATGTGAT-1,0.000055,0.240777,0.759167
AGTCAACACCACCATC-1,0.000043,0.000043,0.999914
AGTCAAGATGACACTT-1,0.000054,0.074094,0.925852
AGTCACTAGCTCTCGA-1,0.000019,0.000019,0.999962
AGTCACTCCGCCTCAT-1,0.000071,0.000071,0.999857
AGTCAGCCACCGCCTG-1,0.000021,0.000021,0.999958
AGTCCAGCGGGTACGT-1,0.000027,0.945833,0.05414
AGTCCATTGGCTGATG-1,0.000049,0.018925,0.981026
AGTCCCGCCTTTAATT-1,0.00002,0.00002,0.99996
AGTCCCTCGCAGAAAG-1,0.000029,0.003501,0.99647
AGTCGAAACGATTCAG-1,0.000036,0.000036,0.999927
AGTCGAATTAGCGTAA-1,0.00002,0.012193,0.987787
AGTCGACGGTCTCAAG-1,0.000023,0.029107,0.970871
AGTCGGCCCAAACGAC-1,0.000025,0.000025,0.999951
