Barcode,Topic 1,Topic 2,Topic 3,Topic 4,Topic 5,Topic 6,Topic 7,Topic 8,Topic 9
AAACAAGTATCTCCCA-1,0.000033,0.442643,0.000033,0.000033,0.429474,0.000033,0.037515,0.000033,0.090201
AAACACCAATAACTGC-1,0.000019,0.000019,0.014366,0.152563,0.373261,0.142484,0.289368,0.000019,0.0279
AAACAGAGCGACTCCT-1,0.000022,0.000023,0.000023,0.000023,0.000023,0.232763,0.399929,0.344486,0.022709
AAACAGCTTTCAGAAG-1,0.000052,0.000052,0.000052,0.113015,0.000052,0.389361,0.000052,0.380835,0.116532
AAACAGGGTCTATATT-1,0.000023,0.000023,0.000023,0.036092,0.000023,0.057463,0.018276,0.161734,0.726342
AAACAGTGTTCCTGGG-1,0.000025,0.773174,0.114878,0.000025,0.111481,0.000025,0.000344,0.000025,0.000025
AAACATGGTGAGAGGA-1,0.00002,0.001507,0.00002,0.114394,0.599236,0.004573,0.056792,0.000997,0.222462
AAACATTTCCCGGATT-1,0.000054,0.914337,0.04177,0.000054,0.004354,0.039267,0.000054,0.000054,0.000054
AAACCACTACACAGAT-1,0.000043,0.000043,0.004514,0.0312,0.139699,0.687501,0.131327,0.00563,0.000043
AAACCCGAACGAAATC-1,0.00003,0.121353,0.023283,0.065262,0.582042,0.00003,0.099502,0.00003,0.108467
AAACCGGAAATGTTAA-1,0.000064,0.430479,0.183761,0.117828,0.110174,0.000064,0.005369,0.001072,0.151187
AAACCGGGTAGGTACC-1,0.000027,0.000027,0.045328,0.005058,0.000027,0.464219,0.319173,0.019809,0.14633
AAACCGTTCGTCCAGG-1,0.000056,0.000056,0.000056,0.155464,0.725254,0.024035,0.020031,0.000056,0.074993
AAACCTAAGCAGCCGG-1,0.000035,0.678219,0.186058,0.000342,0.000035,0.135204,0.000035,0.000035,0.000035
AAACCTCATGAAGTTG-1,0.000032,0.000032,0.015705,0.003912,0.017388,0.00031,0.063783,0.671226,0.227612
AAACGAAGAACATACC-1,0.000071,0.015245,0.020172,0.000445,0.037266,0.494701,0.094318,0.332143,0.005638
AAACGAAGATGGAGTA-1,0.000023,0.000042,0.000023,0.009171,0.339111,0.000023,0.185207,0.004619,0.46178
AAACGACAGTCTTGCC-1,0.000058,0.086262,0.003318,0.01271,0.172555,0.059546,0.471079,0.194118,0.000354
AAACGAGACGGTTGAT-1,0.000053,0.000053,0.119209,0.150247,0.000053,0.355991,0.003512,0.178727,0.192154
AAACGCCCGAGATCGG-1,0.000068,0.000068,0.027384,0.006983,0.000068,0.663404,0.121929,0.171881,0.008216
AAACGGGCGTACGGGT-1,0.000036,0.688707,0.187076,0.000036,0.036636,0.0874,0.000036,0.000036,0.000036
AAACGGTTGCGAACTG-1,0.000032,0.771738,0.052922,0.000032,0.175147,0.000032,0.000032,0.000032,0.000032
AAACGTGTTCGCCCTA-1,0.00002,0.00002,0.00002,0.00002,0.021353,0.00002,0.419625,0.424761,0.134161
AAACTAACGTGGCGAC-1,0.000023,0.000023,0.000023,0.000023,0.000023,0.000023,0.288031,0.656703,0.055129
AAACTCGGTTCGCAAT-1,0.000099,0.724545,0.000099,0.000099,0.246212,0.000099,0.028649,0.000099,0.000099
AAACTCGTGATATAAG-1,0.000063,0.000063,0.000063,0.23429,0.16342,0.195044,0.001112,0.172203,0.233741
AAACTGCTGGCTCCAA-1,0.000039,0.000047,0.061215,0.304246,0.033932,0.592392,0.000039,0.004043,0.004048
AAACTTAATTGCACGC-1,0.000025,0.003201,0.00928,0.175456,0.210872,0.015524,0.384324,0.051515,0.149802
AAACTTGCAAACGTAT-1,0.000064,0.000064,0.000064,0.287529,0.000064,0.546487,0.000064,0.054263,0.111402
AAAGAATGACCTTAGA-1,0.000019,0.001387,0.035739,0.359557,0.116203,0.124658,0.203231,0.023189,0.136018
AAAGAATGTGGACTAA-1,0.000032,0.714242,0.199065,0.000032,0.000396,0.086138,0.000032,0.000032,0.000032
AAAGACCCAAGTCGCG-1,0.000108,0.000108,0.040133,0.000108,0.000108,0.709262,0.095578,0.154488,0.000108
AAAGACTGGGCGCTTT-1,0.000041,0.000041,0.000041,0.000041,0.000041,0.172358,0.182751,0.637093,0.007594
AAAGCTTGCCTACATA-1,0.000024,0.000024,0.028215,0.108305,0.038569,0.228242,0.417669,0.017257,0.161694
AAAGGCCCTATAATAC-1,0.000036,0.019294,0.109812,0.136526,0.19028,0.382354,0.142524,0.015743,0.003431
AAAGGCTACGGACCAT-1,0.000062,0.19551,0.084867,0.343696,0.116394,0.259283,0.000063,0.000063,0.000063
AAAGGCTCTCGCGCCG-1,0.000054,0.005259,0.017857,0.728039,0.000393,0.240359,0.000054,0.005598,0.002387
AAAGGGATGTAGCAAG-1,0.000043,0.000043,0.000043,0.000043,0.000043,0.053841,0.056477,0.546992,0.342476
AAAGGGCAGCTTGAAT-1,0.000058,0.000058,0.000058,0.026047,0.000058,0.371413,0.000058,0.600191,0.002058
AAAGGTAAGCTGTACC-1,0.000081,0.000081,0.000081,0.137489,0.000081,0.490481,0.000081,0.307583,0.064039
AAAGTAGCATTGCTCA-1,0.000036,0.000036,0.000036,0.197063,0.038784,0.288342,0.181474,0.032416,0.261814
AAAGTCACTGATGTAA-1,0.000093,0.000093,0.000093,0.039022,0.056904,0.481048,0.000093,0.419646,0.00301
AAAGTCGACCCTCAGT-1,0.000035,0.000035,0.000035,0.002885,0.000035,0.236702,0.009697,0.661589,0.088988
AAAGTGCCATCAATTA-1,0.000026,0.826654,0.011347,0.017866,0.099694,0.000026,0.024931,0.000026,0.019431
AAAGTGTGATTTATCT-1,0.000069,0.02167,0.059162,0.325364,0.000069,0.593457,0.000069,0.000069,0.000069
AAAGTTGACTCCCGTA-1,0.000035,0.005197,0.02048,0.275392,0.023753,0.450535,0.167634,0.004961,0.052012
AAATAACCATACGGGA-1,0.000077,0.000077,0.000077,0.033229,0.000077,0.52529,0.000077,0.441014,0.000081
AAATAAGGTAGTGCCC-1,0.000029,0.000029,0.02629,0.129594,0.051169,0.496141,0.293251,0.00221,0.001289
AAATACCTATAAGCAT-1,0.000046,0.005013,0.050414,0.316075,0.108392,0.361371,0.000449,0.001153,0.157088
AAATAGCTTAGACTTT-1,0.000032,0.000032,0.000032,0.237267,0.00876,0.286798,0.310439,0.061511,0.09513
AAATAGGGTGCTATTG-1,0.000082,0.13665,0.011383,0.396964,0.000082,0.454591,0.000082,0.000082,0.000082
AAATCACTCCTAAACG-1,0.000138,0.000138,0.078199,0.391983,0.200216,0.315495,0.000138,0.000138,0.013557
AAATCCGATACACGCC-1,0.00003,0.736042,0.166422,0.00003,0.082626,0.00003,0.014759,0.00003,0.00003
AAATCGCGGAAGGAGT-1,0.000042,0.012528,0.000042,0.503486,0.000042,0.252835,0.000042,0.040274,0.190706
AAATCGTGTACCACAA-1,0.000081,0.000081,0.000081,0.473899,0.016155,0.398923,0.000081,0.000081,0.110615
AAATCTAGCCCTGCTA-1,0.000034,0.296736,0.468033,0.000034,0.182173,0.000034,0.05289,0.000034,0.000034
AAATCTGCCCGCGTCC-1,0.000043,0.314947,0.069689,0.124474,0.020468,0.470249,0.000043,0.000043,0.000043
AAATGACTGATCAAAC-1,0.000063,0.529126,0.000063,0.150939,0.137628,0.000063,0.134731,0.006531,0.040858
AAATGATTCGATCAGC-1,0.000027,0.000027,0.028268,0.010774,0.000027,0.378964,0.175385,0.22053,0.185999
AAATGCTCGTTACGTT-1,0.000119,0.000119,0.005848,0.000119,0.000119,0.908548,0.000119,0.084888,0.000119
AAATGGCATGTCTTGT-1,0.000064,0.000064,0.000064,0.147099,0.000064,0.158923,0.000064,0.609791,0.083867
AAATGGCCCGTGCCCT-1,0.000045,0.000045,0.001382,0.251211,0.031618,0.424124,0.249298,0.009895,0.032383
AAATGGTCAATGTGCC-1,0.000034,0.000034,0.026913,0.001788,0.000034,0.026417,0.136297,0.405755,0.402727
AAATGTATCTTATCCC-1,0.00004,0.00004,0.016473,0.005907,0.025603,0.248374,0.167798,0.528102,0.007663
AAATTAACGGGTAGCT-1,0.000058,0.000058,0.042453,0.018897,0.000058,0.494585,0.000058,0.364058,0.079774
AAATTAATAAGCGCGA-1,0.000032,0.000032,0.000032,0.024616,0.008923,0.598809,0.000555,0.36697,0.000032
AAATTACACGACTCTG-1,0.000046,0.000046,0.011533,0.000046,0.000046,0.652481,0.013578,0.322176,0.000046
AAATTACCTATCGATG-1,0.000033,0.000033,0.000033,0.087127,0.004196,0.009043,0.183702,0.095967,0.619867
AAATTCCAGGTCCAAA-1,0.00003,0.017921,0.087887,0.262131,0.144333,0.002419,0.215248,0.036455,0.233575
AAATTGATAGTCCTTT-1,0.000054,0.024489,0.003688,0.510944,0.038549,0.414596,0.007504,0.000054,0.000121
AAATTGGTGAGAAGCA-1,0.00004,0.00004,0.025968,0.08237,0.037198,0.647407,0.116423,0.070377,0.020179
AAATTTACCGAAATCC-1,0.000063,0.000063,0.000063,0.043759,0.087584,0.221389,0.017635,0.621083,0.00836
AAATTTGCGGGTGTGG-1,0.000033,0.000033,0.000033,0.133723,0.000033,0.317647,0.147744,0.197889,0.202865
AACAACTGGTAGTTGC-1,0.000069,0.000069,0.000069,0.006614,0.000069,0.661823,0.000069,0.327506,0.003714
AACAATACATTGTCGA-1,0.000033,0.061493,0.055797,0.397958,0.301223,0.043647,0.026155,0.063545,0.050149
AACAATTACTCTACGC-1,0.00006,0.00006,0.020566,0.00006,0.00006,0.67002,0.006527,0.302587,0.00006
AACACACGCTCGCCGC-1,0.000051,0.193429,0.367374,0.002318,0.269484,0.164616,0.002625,0.000051,0.000051
AACACGACTGTACTGA-1,0.000048,0.000048,0.000048,0.000048,0.045526,0.115079,0.053032,0.786121,0.000048
AACACGAGACGCGGCC-1,0.000049,0.000049,0.000049,0.196065,0.001092,0.409229,0.000049,0.149554,0.243866
AACAGCTGTGTGGCAA-1,0.000035,0.055959,0.000035,0.579012,0.177905,0.135085,0.000035,0.026727,0.025205
AACAGGAAATCGAATA-1,0.000037,0.000037,0.000037,0.000037,0.000037,0.01191,0.027124,0.881399,0.07938
AACAGGATGGGCCGCG-1,0.000073,0.002793,0.024734,0.166193,0.000073,0.391791,0.000073,0.389904,0.024366
AACAGGTAGTATGGAT-1,0.000048,0.370845,0.332935,0.040858,0.159772,0.095399,0.000048,0.000048,0.000048
AACATAGCGTGTATCG-1,0.000023,0.596106,0.373413,0.000023,0.000023,0.025268,0.000023,0.005096,0.000023
AACATATCAACTGGTG-1,0.000033,0.000033,0.06221,0.009309,0.00337,0.462953,0.008103,0.265772,0.188217
AACATCGATACGTCTA-1,0.000038,0.000038,0.000038,0.077141,0.004795,0.505806,0.109123,0.13356,0.16946
AACATTGAAGTTGATC-1,0.000063,0.265092,0.000063,0.458244,0.163254,0.108419,0.000063,0.000063,0.004739
AACATTGTGACTCGAG-1,0.000043,0.481351,0.055154,0.162561,0.233405,0.067359,0.000043,0.000043,0.000043
AACCAAGACTTCTCTG-1,0.000034,0.000034,0.00152,0.033468,0.000034,0.222544,0.016591,0.561582,0.164194
AACCAGTATCACTCTT-1,0.00007,0.00007,0.00007,0.033849,0.00007,0.48168,0.001051,0.476024,0.007118
AACCATAGGGTTGAAC-1,0.000024,0.035668,0.014204,0.266437,0.170398,0.018917,0.235457,0.058987,0.199907
AACCATGGGATCGCTA-1,0.000113,0.000113,0.000113,0.000113,0.035303,0.745777,0.015465,0.202892,0.000113
AACCCAGAGACGGAGA-1,0.00008,0.00008,0.00008,0.00008,0.053453,0.55328,0.00008,0.392785,0.00008
AACCCATCCCATGATC-1,0.000016,0.000016,0.011133,0.010034,0.000938,0.037999,0.213803,0.136299,0.589763
AACCCGACAACCCGTG-1,0.000052,0.642302,0.017816,0.218227,0.119927,0.00152,0.000052,0.000052,0.000052
AACCCGAGCAGAATCG-1,0.000042,0.476332,0.455807,0.019191,0.003743,0.000042,0.000042,0.008904,0.035897
AACCCGATAGGGCTTC-1,0.000014,0.000014,0.000014,0.000014,0.000014,0.000014,0.549652,0.404026,0.046236
AACCCGCTGTATTCCA-1,0.000034,0.423678,0.000034,0.015752,0.198491,0.000034,0.120938,0.000652,0.240389
AACCCTACTGTCAATA-1,0.000047,0.000047,0.000047,0.735708,0.027213,0.033798,0.018249,0.047651,0.13724
AACCCTGGTGGAACCA-1,0.000027,0.000027,0.000027,0.000035,0.0213,0.000027,0.177227,0.729066,0.072264
AACCGAGCTTGGTCAT-1,0.000065,0.000065,0.026055,0.108227,0.000065,0.442775,0.000065,0.21118,0.211504
AACCGCTAAGGGATGC-1,0.000046,0.042289,0.010235,0.153931,0.55489,0.000046,0.000046,0.006602,0.231913
AACCGTTGTGTTTGCT-1,0.000051,0.000051,0.000051,0.029904,0.000051,0.02502,0.004481,0.867515,0.072875
AACCTCGCTTTAGCCC-1,0.000055,0.797585,0.05483,0.023798,0.043103,0.070006,0.010512,0.000055,0.000055
AACCTGTCACGGAATT-1,0.000033,0.000033,0.032853,0.201875,0.243519,0.322537,0.163762,0.012743,0.022646
AACCTTTAAATACGGT-1,0.000037,0.000037,0.07303,0.013445,0.382952,0.446878,0.080501,0.001933,0.001188
AACCTTTACGACGTCT-1,0.000058,0.000058,0.000058,0.122142,0.000058,0.234879,0.002,0.537187,0.103558
AACGAAAGTCGTCCCA-1,0.000034,0.001262,0.007953,0.323289,0.093573,0.194509,0.143246,0.078898,0.157236
AACGACCTCCTAGCCG-1,0.000021,0.430366,0.56949,0.000021,0.000021,0.000021,0.000021,0.000021,0.000021
AACGATAATGCCGTAG-1,0.000024,0.008301,0.000645,0.023041,0.311473,0.000024,0.176434,0.061217,0.418842
AACGATAGAAGGGCCG-1,0.000065,0.000065,0.004485,0.000065,0.020621,0.689515,0.000065,0.285054,0.000065
AACGATATGTCAACTG-1,0.000034,0.000034,0.000034,0.002358,0.000034,0.250055,0.000375,0.355271,0.391805
AACGCATGATCTGGGT-1,0.00003,0.00003,0.00003,0.021119,0.00003,0.254367,0.020077,0.30438,0.399937
AACGCGACCTTGGGCG-1,0.000031,0.543763,0.247023,0.000197,0.208861,0.000031,0.000031,0.000031,0.000031
AACGCGGTCTCCAGCC-1,0.00004,0.00004,0.002512,0.00004,0.00004,0.071933,0.114124,0.739452,0.07182
AACGCTGTTGCTGAAA-1,0.000056,0.342589,0.402456,0.018312,0.15931,0.072663,0.000056,0.0045,0.000056
AACGGACGTACGTATA-1,0.000049,0.32053,0.176145,0.403243,0.011093,0.088598,0.000049,0.000049,0.000245
AACGGCCATCTCCGGT-1,0.00003,0.004376,0.020491,0.027643,0.003383,0.384397,0.086381,0.088327,0.384971
AACGTACTGTGGGTAC-1,0.000032,0.000032,0.000032,0.135628,0.037079,0.043912,0.012972,0.110954,0.65936
AACGTCAGACTAGTGG-1,0.00005,0.00005,0.00005,0.018856,0.00005,0.228023,0.075162,0.507058,0.170701
AACGTCATCCGGCTTG-1,0.00004,0.680282,0.310743,0.00004,0.008601,0.00004,0.000176,0.00004,0.00004
AACGTCGCTGCACTTC-1,0.00004,0.918771,0.00004,0.039043,0.034856,0.007129,0.00004,0.00004,0.00004
AACGTGATGAAGGACA-1,0.000036,0.000036,0.000036,0.000036,0.000036,0.223503,0.077981,0.692322,0.006015
AACGTGCGAAAGTCTC-1,0.000044,0.026543,0.010997,0.00737,0.012308,0.636954,0.038082,0.202189,0.065512
AACGTTATCAGCACCT-1,0.000137,0.000137,0.010329,0.13011,0.048238,0.408764,0.062043,0.226699,0.113544
AACTACCCGTTTGTCA-1,0.00008,0.380187,0.005192,0.180116,0.386521,0.00008,0.004277,0.00008,0.043465
AACTAGGCTTGGGTGT-1,0.000049,0.000583,0.000049,0.254072,0.328727,0.169778,0.00478,0.173643,0.068319
AACTCAAGTTAATTGC-1,0.00004,0.00004,0.098133,0.025097,0.00004,0.516217,0.00004,0.182344,0.178049
AACTCCAGAGCGTGTT-1,0.00006,0.605916,0.121983,0.00006,0.261384,0.00006,0.010415,0.00006,0.00006
AACTCCTAATCCCATG-1,0.000028,0.000028,0.000028,0.000028,0.000028,0.000028,0.0417,0.728881,0.229252
AACTCGATGGCGCAGT-1,0.000053,0.000053,0.041179,0.000053,0.000053,0.251194,0.025828,0.546567,0.13502
AACTCTCAATAGAGCG-1,0.000034,0.000034,0.096235,0.078917,0.077422,0.368354,0.127325,0.012646,0.239032
AACTCTCAGTGTGCTC-1,0.000038,0.000038,0.009701,0.172165,0.419889,0.225141,0.164472,0.000038,0.008518
AACTGAGGTCAGCGTC-1,0.000086,0.000086,0.000086,0.001478,0.000086,0.679167,0.000086,0.318841,0.000086
AACTGAGTTATACTGA-1,0.00006,0.503205,0.042202,0.043693,0.237666,0.00006,0.009762,0.034876,0.128475
AACTGATATTAGGCCT-1,0.000063,0.000063,0.002658,0.037834,0.078544,0.178222,0.005575,0.60931,0.087731
AACTGGGTCCCGACGT-1,0.000057,0.000057,0.000057,0.024498,0.000057,0.458065,0.000057,0.504847,0.012305
AACTGGGTTCGAGCCG-1,0.00037,0.000371,0.040196,0.410633,0.000371,0.546948,0.000371,0.000371,0.000371
AACTGGTGTGGGCCTT-1,0.000178,0.094486,0.001727,0.286189,0.000179,0.253334,0.000178,0.326223,0.037506
AACTTCTGCGTCTATC-1,0.000113,0.000114,0.000114,0.000114,0.000114,0.797961,0.000114,0.201244,0.000114
AACTTGCCCGTATGCA-1,0.000038,0.000038,0.000038,0.007462,0.000038,0.263424,0.026645,0.65845,0.043868
AACTTGCGTTCTCGCG-1,0.000212,0.000212,0.111608,0.000212,0.237956,0.425344,0.000212,0.224032,0.000212
AACTTTACGGGAGCTT-1,0.000049,0.000049,0.000049,0.032,0.02463,0.215851,0.136904,0.541412,0.049056
AACTTTCTCGATCATG-1,0.000036,0.000036,0.000036,0.014671,0.378182,0.16022,0.167242,0.027082,0.252494
AAGAAAGTTTGATGGG-1,0.000021,0.523968,0.000021,0.000021,0.475884,0.000021,0.000021,0.000021,0.000021
AAGAAATCACCAGATT-1,0.000046,0.000046,0.000046,0.291933,0.000046,0.56024,0.000046,0.090327,0.057272
AAGAAGGATCAGTTAG-1,0.000143,0.000143,0.048137,0.031017,0.000143,0.655507,0.000143,0.264623,0.000143
AAGACATACGTGGTTT-1,0.000033,0.660133,0.329311,0.000033,0.01036,0.000033,0.000033,0.000033,0.000033
AAGACCAAATAACTCA-1,0.000028,0.000028,0.003152,0.395708,0.033186,0.363898,0.131321,0.027212,0.045467
AAGACCCAACTGAACA-1,0.000039,0.093858,0.039144,0.488089,0.146401,0.003329,0.053994,0.024607,0.150539
AAGACTGCAAGCTACT-1,0.000038,0.000038,0.024281,0.000038,0.000038,0.350714,0.247484,0.182545,0.194825
AAGAGATGAATCGGTA-1,0.000071,0.000071,0.000071,0.000071,0.000071,0.584897,0.000071,0.412434,0.002245
AAGAGCTCTTTATCGG-1,0.000045,0.000045,0.000045,0.024834,0.016353,0.554559,0.011556,0.169877,0.222684
AAGAGGATGTACGCGA-1,0.000045,0.000046,0.081314,0.044899,0.000046,0.279182,0.000046,0.328129,0.266295
AAGAGGCATGGATCGC-1,0.00004,0.00004,0.006648,0.151216,0.00004,0.502189,0.00004,0.148048,0.191738
AAGAGGCCCTTTGGAA-1,0.000055,0.587519,0.000056,0.000056,0.412092,0.000056,0.000056,0.000056,0.000056
AAGATGGCACCGGACC-1,0.000034,0.002444,0.067313,0.287064,0.144028,0.334001,0.070474,0.061117,0.033524
AAGATTGGCGGAACGT-1,0.000034,0.000034,0.005044,0.000034,0.000034,0.709658,0.042436,0.213784,0.028943
AAGCACCCTGCGTATC-1,0.000047,0.286189,0.15367,0.000047,0.476161,0.000047,0.083744,0.000047,0.000047
AAGCATACTCTCCTGA-1,0.00004,0.025698,0.134688,0.400976,0.166034,0.204026,0.00004,0.044704,0.023793
AAGCCACTTGCAGGTA-1,0.000017,0.369894,0.589134,0.000017,0.002483,0.024517,0.003634,0.010288,0.000017
AAGCCGAAGCGGTTTA-1,0.000068,0.61565,0.008996,0.120556,0.25446,0.000068,0.000068,0.000068,0.000068
AAGCCGCCGTGAAATC-1,0.00003,0.04702,0.005757,0.212355,0.344757,0.118873,0.040731,0.063338,0.167141
AAGCCGCTTTACCTTG-1,0.000056,0.000056,0.000056,0.299338,0.05935,0.313021,0.055425,0.185388,0.08731
AAGCCGGAGAGCAGGA-1,0.000031,0.301646,0.517912,0.142667,0.00305,0.002264,0.000341,0.009397,0.022692
AAGCGCAGGGCTTTGA-1,0.000025,0.675229,0.324598,0.000025,0.000025,0.000025,0.000025,0.000025,0.000025
AAGCGGAGTGCGCGCA-1,0.000068,0.000068,0.000068,0.247141,0.000068,0.542531,0.000068,0.204275,0.005712
AAGCGGCGTCATGGGT-1,0.00005,0.00005,0.00005,0.00005,0.00005,0.433471,0.108596,0.457634,0.00005
AAGCGTCCCTCATCGA-1,0.000045,0.044234,0.000045,0.428695,0.288123,0.001961,0.030088,0.049352,0.157457
AAGCTAGATCGAGTAA-1,0.00003,0.00003,0.00003,0.293461,0.00003,0.00003,0.00003,0.01888,0.687477
AAGCTATGGATTGACC-1,0.000038,0.604375,0.094779,0.001973,0.250457,0.029032,0.009202,0.010108,0.000038
AAGCTCGTGCCAAGTC-1,0.000052,0.000053,0.000401,0.020044,0.000053,0.388516,0.000053,0.259786,0.331043
AAGCTCTTTCATGGTG-1,0.000063,0.563108,0.100245,0.005353,0.330268,0.000063,0.000775,0.000063,0.000063
AAGGAGCGGTTGGTGC-1,0.000053,0.000053,0.000053,0.020392,0.000053,0.507086,0.014143,0.402117,0.05605
AAGGATCGATCGCTTG-1,0.000029,0.021671,0.126423,0.279922,0.158454,0.004471,0.034729,0.031403,0.342898
AAGGATGAGGGACCTC-1,0.000016,0.000016,0.000016,0.040363,0.000016,0.219775,0.00663,0.2923,0.440868
AAGGCAGGCTGTCTCC-1,0.000042,0.119814,0.083139,0.25456,0.503413,0.0055,0.001893,0.008632,0.023008
AAGGCGCGTAAAGCTT-1,0.000032,0.000032,0.000032,0.049649,0.000032,0.158277,0.00123,0.731511,0.059206
AAGGCTGTGCTCATCG-1,0.000046,0.000046,0.000046,0.000046,0.000046,0.888826,0.061529,0.049372,0.000046
AAGGGAACGACTGGCT-1,0.000023,0.01039,0.069903,0.186581,0.172019,0.318746,0.229282,0.00535,0.007707
AAGGGACAGATTCTGT-1,0.00004,0.00004,0.00004,0.159986,0.00004,0.441069,0.002286,0.22108,0.175417
AAGGGACTATGCATTC-1,0.000017,0.000017,0.000017,0.06872,0.498858,0.000017,0.141508,0.00154,0.289305
AAGGGTTAGCCATGCG-1,0.000018,0.301158,0.604326,0.000018,0.000018,0.080595,0.000018,0.013828,0.000018
AAGGGTTTGATTTCAG-1,0.000046,0.027642,0.000046,0.414871,0.02282,0.49923,0.000046,0.018024,0.017273
AAGGTATCCTAATATA-1,0.000037,0.000037,0.000037,0.009128,0.000037,0.324189,0.038506,0.299965,0.328064
AAGGTGATAAACCAGC-1,0.000035,0.000035,0.075236,0.306989,0.058481,0.068128,0.165919,0.091123,0.234053
AAGTAGAAGACCGGGT-1,0.000096,0.000096,0.000096,0.17127,0.000096,0.741798,0.000096,0.086356,0.000096
AAGTAGTGACGCGAGG-1,0.00007,0.00007,0.00007,0.07689,0.00007,0.322487,0.00007,0.275163,0.325109
AAGTCAATTGTCGTCA-1,0.000078,0.17241,0.000079,0.195575,0.00066,0.630963,0.000079,0.000079,0.000079
AAGTCTAGTAGCTGCC-1,0.00003,0.00003,0.00003,0.119342,0.013597,0.243606,0.180902,0.261349,0.181113
AAGTCTTCTGTGGCCT-1,0.000036,0.000036,0.000036,0.077697,0.005042,0.268047,0.409983,0.228318,0.010804
AAGTGACGACCGAATT-1,0.00006,0.00006,0.00006,0.309852,0.005947,0.001122,0.00006,0.019548,0.663289
AAGTGAGTCGGGTTTA-1,0.000048,0.181395,0.023652,0.430386,0.149247,0.212836,0.000048,0.002338,0.000048
AAGTGCAAAGGTAGAC-1,0.000031,0.000031,0.000031,0.000031,0.000031,0.00207,0.038934,0.892756,0.066085
AAGTGCCTTGACTGTA-1,0.000095,0.136044,0.000095,0.459742,0.00042,0.40332,0.000095,0.000095,0.000095
AAGTGCGTTAGAATCT-1,0.000024,0.000024,0.000487,0.000024,0.000024,0.563022,0.390299,0.015554,0.030541
AAGTGCTTCTCTATTG-1,0.000067,0.376196,0.203412,0.103131,0.28576,0.000067,0.031235,0.000067,0.000067
AAGTGTTTGGAGACGG-1,0.000036,0.046187,0.163083,0.146029,0.234485,0.137522,0.190154,0.00326,0.079243
AAGTTCACTCCAAGCT-1,0.000065,0.430586,0.281909,0.071342,0.035361,0.147766,0.011131,0.000065,0.021775
AAGTTCAGTCTGCGTA-1,0.000044,0.000044,0.000044,0.008754,0.000044,0.6574,0.000044,0.259557,0.07407
AAGTTCGGCCAACAGG-1,0.000028,0.000028,0.000028,0.079885,0.000028,0.248813,0.015069,0.173791,0.482329
AAGTTGTGATGTTATA-1,0.00004,0.884364,0.00004,0.00004,0.027522,0.00004,0.006936,0.00004,0.080977
AAGTTTACTAATGGCA-1,0.000283,0.000283,0.204134,0.000283,0.245624,0.460215,0.000283,0.020609,0.068287
AAGTTTATGGGCCCAA-1,0.000022,0.727912,0.271936,0.000022,0.000022,0.000022,0.000022,0.000022,0.000022
AATAACAACGCTCGGC-1,0.000039,0.000039,0.000039,0.041181,0.000039,0.534838,0.000039,0.404541,0.019242
AATAACACTAGAACAA-1,0.000038,0.022727,0.003856,0.3904,0.162934,0.406753,0.000038,0.000038,0.013216
AATAACGTCGCGCCCA-1,0.000026,0.639296,0.331476,0.000026,0.000026,0.027726,0.000026,0.00137,0.000026
AATAAGTCCTCGAGAC-1,0.000099,0.033891,0.027915,0.049507,0.226575,0.174585,0.324768,0.12011,0.04255
AATAATCTTCGTATCG-1,0.000058,0.228495,0.111379,0.183181,0.144237,0.00905,0.213565,0.013145,0.096891
AATACAATGTTTCAGG-1,0.000054,0.000054,0.000054,0.000054,0.000054,0.51986,0.125047,0.35477,0.000054
AATACCGGAGGGCTGT-1,0.000062,0.52702,0.000062,0.191616,0.280992,0.000062,0.000062,0.000062,0.000062
AATACCTGATGTGAAC-1,0.000031,0.984961,0.010353,0.000031,0.004497,0.000031,0.000031,0.000031,0.000031
AATAGAACAGAGTGGC-1,0.000076,0.000076,0.000076,0.853024,0.000076,0.146443,0.000076,0.000076,0.000076
AATAGAATCTGTTTCA-1,0.000039,0.018725,0.030113,0.261625,0.327844,0.086573,0.0055,0.123959,0.145622
AATAGCAAGCCTCCTG-1,0.000051,0.000051,0.000051,0.034725,0.000051,0.053396,0.201401,0.70814,0.002134
AATAGCTACCGCGTGC-1,0.000048,0.000048,0.049945,0.054241,0.003907,0.58267,0.073789,0.108331,0.127022
AATAGGCACGACCCTT-1,0.000028,0.5904,0.285166,0.000029,0.030903,0.007275,0.062652,0.014742,0.008806
AATAGTCCGTCCCGAC-1,0.000043,0.038562,0.000043,0.167016,0.630321,0.000043,0.000043,0.015433,0.148495
AATAGTCGCGAGTCGG-1,0.000028,0.000028,0.002624,0.003289,0.000028,0.000395,0.109875,0.837978,0.045755
AATATCAAGGTCGGAT-1,0.000051,0.008811,0.059538,0.000051,0.000051,0.204976,0.087103,0.558712,0.080709
AATATCCTAGCAAACT-1,0.000015,0.000015,0.000015,0.031239,0.092676,0.000015,0.479478,0.206398,0.190149
AATATCGAATCAATGC-1,0.000126,0.57873,0.000126,0.376445,0.044071,0.000126,0.000126,0.000126,0.000126
AATATCGAGGGTTCTC-1,0.000046,0.002055,0.025443,0.094925,0.054336,0.212097,0.101301,0.092493,0.417304
AATATTGGAGTATTGA-1,0.000051,0.000051,0.001043,0.000051,0.000051,0.833651,0.113401,0.05165,0.000051
AATCAGGTTTCATTTA-1,0.000064,0.302578,0.131834,0.134404,0.232096,0.159494,0.039404,0.000064,0.000064
AATCATGTAAAGACTC-1,0.000022,0.224771,0.571703,0.000022,0.070712,0.000022,0.089229,0.000438,0.043081
AATCCAAGGGCCTGAG-1,0.000052,0.000052,0.000052,0.000052,0.000052,0.362317,0.09458,0.542791,0.000052
AATCCCGCTCAGAGCC-1,0.000048,0.865326,0.000048,0.001858,0.113585,0.000048,0.000048,0.000048,0.018989
AATCGAGGTCTCAAGG-1,0.000032,0.734284,0.265488,0.000033,0.000033,0.000033,0.000033,0.000033,0.000033
AATCGCCTCAGCGCCA-1,0.000056,0.000056,0.009224,0.147275,0.01527,0.475193,0.000056,0.127878,0.224993
AATCGCGCAGAGGACT-1,0.000034,0.026449,0.313462,0.106212,0.223187,0.246878,0.035527,0.003341,0.044909
AATCGGGACACTACGA-1,0.000082,0.000082,0.002173,0.000082,0.016182,0.689139,0.000082,0.292095,0.000082
AATCGGTATAGCCCTC-1,0.000028,0.746043,0.253764,0.000028,0.000028,0.000028,0.000028,0.000028,0.000028
AATCGTGAGCCGAGCA-1,0.000033,0.773154,0.017441,0.000033,0.172758,0.000033,0.005029,0.000033,0.031487
AATCTAGGTTTACTTG-1,0.000054,0.000054,0.000054,0.32986,0.000596,0.122047,0.020987,0.127419,0.398928
AATCTATGCCGGAGCC-1,0.000038,0.000038,0.000237,0.101958,0.029619,0.571594,0.198766,0.033158,0.064594
AATCTCTACTGTGGTT-1,0.000036,0.000036,0.000036,0.0207,0.032811,0.000036,0.100892,0.552316,0.293136
AATCTGCGTTGGGACG-1,0.00006,0.008352,0.00006,0.535607,0.003762,0.282011,0.00006,0.111865,0.058222
AATCTGGCTTTCTAGT-1,0.000042,0.000042,0.013872,0.15201,0.005385,0.515629,0.206586,0.04502,0.061413
AATCTGGGTAGACCCT-1,0.00009,0.00009,0.032266,0.00009,0.00009,0.961735,0.00009,0.005461,0.00009
AATGACAGCAATGTCT-1,0.000025,0.000025,0.000025,0.015206,0.000025,0.119865,0.068711,0.2263,0.569818
AATGACGTAGGATGTC-1,0.000081,0.000081,0.000081,0.559092,0.000081,0.209453,0.000081,0.000081,0.230971
AATGACTGTCAGCCGG-1,0.000046,0.000047,0.000047,0.013934,0.000047,0.540186,0.000047,0.408318,0.03733
AATGAGTTCGCATATG-1,0.000155,0.000155,0.237189,0.000155,0.000155,0.57823,0.000155,0.183651,0.000155
AATGATGATACGCTAT-1,0.000034,0.000034,0.020289,0.010279,0.000034,0.304192,0.131791,0.416324,0.117023
AATGATGCGACTCCTG-1,0.000026,0.000026,0.000871,0.000026,0.000026,0.515212,0.227385,0.154278,0.102148
AATGCAACCGGGTACC-1,0.000054,0.038074,0.000054,0.000054,0.002629,0.452432,0.000054,0.434968,0.07168
AATGCACCAAGCAATG-1,0.000038,0.000038,0.000038,0.003977,0.000038,0.410301,0.033148,0.459007,0.093417
AATGGCCGCCAATGCG-1,0.000026,0.000026,0.002748,0.167226,0.024898,0.019709,0.364825,0.415641,0.004901
AATGGTCCACCGTTCA-1,0.000072,0.018314,0.000072,0.002966,0.114447,0.125271,0.036227,0.529026,0.173605
AATGGTTCTCACAAGC-1,0.000058,0.000058,0.018358,0.009189,0.000058,0.249895,0.096607,0.618276,0.007501
AATGTATGGCACTGTA-1,0.000044,0.134824,0.002941,0.481114,0.02797,0.15104,0.057967,0.082381,0.061719
AATGTGCCCGAGGTGT-1,0.000056,0.040238,0.000056,0.433866,0.163487,0.361976,0.000057,0.000057,0.000207
AATGTGCTAATCTGAG-1,0.00004,0.223833,0.059523,0.171291,0.33975,0.00004,0.023745,0.00004,0.181736
AATGTTAAGACCCTGA-1,0.000027,0.941463,0.022992,0.000027,0.00317,0.032237,0.000027,0.000027,0.000027
AATGTTGTCGTGAGAC-1,0.000033,0.897033,0.102733,0.000033,0.000033,0.000033,0.000033,0.000033,0.000033
AATTAAAGGTCGGCGT-1,0.000043,0.000043,0.006984,0.000043,0.000043,0.748352,0.140215,0.032793,0.071484
AATTAACGGATTTCCA-1,0.000046,0.156289,0.447591,0.171813,0.061795,0.030372,0.058272,0.018277,0.055546
AATTACGAGACCCATC-1,0.000039,0.05187,0.000039,0.330547,0.021902,0.267671,0.01805,0.067247,0.242634
AATTAGCGCTGCAGCG-1,0.000069,0.036473,0.031614,0.732633,0.006938,0.188314,0.000069,0.000069,0.003819
AATTATACCCAGCAAG-1,0.000033,0.948151,0.002064,0.020856,0.006854,0.000033,0.021942,0.000033,0.000033
AATTCATAAGGGATCT-1,0.000025,0.000025,0.036393,0.00793,0.005019,0.072913,0.30628,0.378665,0.192751
AATTCATTGTCATGCA-1,0.000038,0.04333,0.011255,0.187861,0.270811,0.215362,0.223577,0.028289,0.019476
AATTCCAAGCATGTAC-1,0.000026,0.545548,0.378025,0.007804,0.015265,0.000738,0.027187,0.004353,0.021053
AATTCGATTCGAGGAT-1,0.000057,0.785603,0.213999,0.000057,0.000057,0.000057,0.000057,0.000057,0.000057
AATTCTAGAGTTAGGC-1,0.00009,0.00009,0.00009,0.744383,0.00009,0.212265,0.00009,0.040802,0.002097
AATTGAACGCTCTGGT-1,0.000031,0.002377,0.000031,0.148622,0.273353,0.000031,0.043907,0.005828,0.525819
AATTGCAGCAATCGAC-1,0.00006,0.767445,0.00006,0.086661,0.120959,0.00006,0.00006,0.00006,0.024635
AATTGCGTGGATTACA-1,0.000065,0.163454,0.000671,0.423189,0.286257,0.109197,0.000065,0.017025,0.000076
AATTGTGGTTGCCAAA-1,0.000019,0.345739,0.579939,0.000019,0.000331,0.068837,0.001181,0.003916,0.000019
AATTTGGGACATAGTA-1,0.000041,0.000041,0.002226,0.000041,0.000041,0.053411,0.031718,0.726781,0.185699
AATTTGGTTCCAAAGA-1,0.000071,0.000071,0.000071,0.000071,0.000071,0.478433,0.011239,0.509903,0.000071
ACAAACCATGCGTCCT-1,0.000031,0.057756,0.000355,0.101889,0.484386,0.038695,0.020357,0.119499,0.177031
ACAAACTCCATCAGAG-1,0.000029,0.416327,0.453131,0.004234,0.002067,0.124125,0.000029,0.000029,0.000029
ACAAAGAAGGTAGGCC-1,0.000021,0.000021,0.006584,0.025447,0.0624,0.672212,0.210718,0.019227,0.003371
ACAAAGCATGACCTAG-1,0.000046,0.776006,0.093459,0.037231,0.000046,0.093074,0.000046,0.000046,0.000046
ACAAATCGCACCGAAT-1,0.000024,0.002308,0.216075,0.031067,0.397783,0.108505,0.149561,0.00982,0.084857
ACAAATGGTAGTGTTT-1,0.000049,0.012936,0.051011,0.375389,0.000049,0.351423,0.000049,0.103046,0.106048
ACAAATTCAGATCTGA-1,0.000029,0.000029,0.000029,0.000029,0.000029,0.000029,0.077331,0.746432,0.176061
ACAACAGCATGAGCTA-1,0.000035,0.000035,0.05713,0.000035,0.000035,0.3119,0.222182,0.225865,0.182784
ACAACGGTCCCTGCGA-1,0.000046,0.000046,0.000046,0.000046,0.000046,0.252205,0.000046,0.747474,0.000046
ACAAGCAGTGCCTAGC-1,0.000041,0.000041,0.000041,0.000041,0.000041,0.497791,0.070855,0.422065,0.009086
ACAAGCTATATGGAAG-1,0.000058,0.000058,0.000058,0.168554,0.030603,0.475794,0.001331,0.317753,0.005792
ACAAGGAAATCCGCCC-1,0.000045,0.019677,0.018301,0.472523,0.000045,0.203207,0.000045,0.085925,0.200232
ACAAGGACAAGAGGTT-1,0.000024,0.000024,0.002374,0.000024,0.000024,0.376606,0.364555,0.248261,0.008107
ACAAGGATGCTTTAGG-1,0.000122,0.664809,0.000122,0.167593,0.000122,0.166863,0.000122,0.000122,0.000122
ACAAGGCCTACCAGCC-1,0.000116,0.000116,0.011759,0.084946,0.149912,0.539418,0.000116,0.213503,0.000116
ACAAGGGCAGGCTCTG-1,0.000038,0.000038,0.089346,0.26257,0.000038,0.556862,0.000038,0.029753,0.061315
ACAAGTAATTGTAAGG-1,0.000035,0.582136,0.000035,0.203904,0.155041,0.000035,0.033671,0.000035,0.025108
ACAATAGTCGTACGTT-1,0.000073,0.000073,0.000073,0.100918,0.000073,0.504649,0.000073,0.195401,0.198668
ACAATCCATTTAAACC-1,0.000029,0.000029,0.000029,0.026881,0.000029,0.025344,0.002431,0.600308,0.34492
ACAATGAATACGGAGA-1,0.000044,0.000044,0.022423,0.374346,0.154718,0.376837,0.052735,0.000086,0.018765
ACAATGATTCTTCTAC-1,0.000036,0.000036,0.000036,0.000036,0.000036,0.145624,0.445818,0.403646,0.004731
ACAATTGTGTCTCTTT-1,0.000036,0.158898,0.452999,0.000036,0.250768,0.124851,0.012341,0.000036,0.000036
ACAATTTAGGAGGCTC-1,0.000067,0.000067,0.000067,0.131604,0.000067,0.17539,0.000067,0.645027,0.047645
ACAATTTGAGCAGTGG-1,0.000035,0.000035,0.000035,0.07029,0.000035,0.317311,0.050101,0.33912,0.223037
ACAATTTGGCCATATT-1,0.000041,0.090169,0.109106,0.138965,0.547503,0.00714,0.050369,0.017163,0.039543
ACACAAAGACGGGTGG-1,0.000029,0.000029,0.000029,0.000029,0.000029,0.002625,0.272993,0.532971,0.191268
ACACAAATATTCCTAG-1,0.000041,0.000042,0.000042,0.113854,0.00032,0.597182,0.031991,0.234561,0.021967
ACACACCAGGACCAGT-1,0.000035,0.000035,0.13008,0.038741,0.560116,0.214941,0.055982,0.000035,0.000035
ACACACTTTCTACACG-1,0.000039,0.000039,0.053845,0.000039,0.000039,0.000039,0.158112,0.763653,0.024194
ACACATGATCAAATCT-1,0.000037,0.002455,0.000037,0.628116,0.137148,0.092347,0.060734,0.05642,0.022707
ACACATTTCCGTAGAC-1,0.000028,0.735687,0.240819,0.000028,0.000293,0.016219,0.004327,0.002571,0.000028
ACACCACATAATTAGC-1,0.000036,0.000036,0.035286,0.339604,0.109585,0.252852,0.095904,0.058096,0.108603
ACACCCAGCATGCAGC-1,0.000046,0.000046,0.000046,0.000046,0.000046,0.595759,0.106667,0.297297,0.000046
ACACCCGAGAAATCCG-1,0.000061,0.000061,0.010128,0.082287,0.000061,0.143824,0.000358,0.725703,0.037516
ACACCCGTAAATCTGT-1,0.000019,0.008179,0.028941,0.04809,0.116251,0.080139,0.569861,0.142331,0.006191
ACACCGGTCTGACCGC-1,0.000038,0.054157,0.000038,0.2169,0.52046,0.036223,0.000264,0.066411,0.105508
ACACCTTAAGTAGGGC-1,0.000033,0.000033,0.020558,0.000033,0.000033,0.003659,0.152987,0.667093,0.155572
ACACCTTACTACTTGC-1,0.000054,0.071574,0.210512,0.408443,0.014799,0.280856,0.000054,0.009726,0.003982
ACACGAGACTCCTTCT-1,0.000048,0.000048,0.000048,0.084432,0.000048,0.396479,0.000048,0.292751,0.2261
ACACGGCACTATGCAT-1,0.000057,0.000057,0.000472,0.000057,0.000057,0.458336,0.028766,0.512139,0.000057
ACACGGGAACTTAGGG-1,0.000068,0.000068,0.025411,0.043269,0.000068,0.360715,0.000069,0.223451,0.34688
ACACGTAGGCCACAAG-1,0.000062,0.828236,0.033689,0.000062,0.137702,0.000062,0.000062,0.000062,0.000062
ACACTCCAATGTCACT-1,0.000126,0.000126,0.105358,0.000126,0.000126,0.80427,0.000126,0.089615,0.000126
ACACTGATCAAGGTGT-1,0.000069,0.000069,0.000069,0.346509,0.471098,0.000069,0.000069,0.000069,0.181978
ACACTGGGACAGTCGT-1,0.00006,0.689337,0.190227,0.008635,0.08807,0.00006,0.02349,0.00006,0.00006
ACAGAACTGAGAACAA-1,0.000039,0.000039,0.026494,0.148374,0.19982,0.260042,0.240441,0.002437,0.122314
ACAGATTAGGTTAGTG-1,0.000097,0.000097,0.130697,0.000097,0.059273,0.658297,0.15125,0.000097,0.000097
ACAGCATAGAGCCAGT-1,0.000058,0.000058,0.00442,0.000058,0.031679,0.550826,0.219971,0.192874,0.000058
ACAGCGACATTCTCAT-1,0.000081,0.777291,0.041386,0.005269,0.065806,0.109926,0.000081,0.000081,0.000081
ACAGCGCACCCGCAGC-1,0.000048,0.000048,0.000048,0.000048,0.000048,0.301228,0.025576,0.670861,0.002097
ACAGGCACGGATCCTT-1,0.000033,0.961939,0.033489,0.000033,0.004372,0.000033,0.000033,0.000033,0.000033
ACAGGCTTGCCCGACT-1,0.000036,0.24672,0.097762,0.095074,0.194978,0.000036,0.085307,0.086359,0.193728
ACAGGTGGAGGTGAGG-1,0.000045,0.000045,0.035154,0.378672,0.025126,0.510405,0.037589,0.000542,0.012423
ACAGGTGTGTTGTTGC-1,0.00003,0.00003,0.00003,0.210294,0.00835,0.426428,0.010148,0.344464,0.000225
ACAGTAATACAACTTG-1,0.000039,0.000039,0.00714,0.077247,0.013033,0.442805,0.028432,0.147769,0.283494
ACAGTATACCGTGGGA-1,0.000023,0.000023,0.000023,0.014881,0.004493,0.291788,0.400045,0.091185,0.197539
ACATAAGTCGTGGTGA-1,0.000044,0.000044,0.036866,0.327854,0.189282,0.203477,0.124112,0.082729,0.035592
ACATAATAAGGCGGTG-1,0.000067,0.017289,0.000067,0.191467,0.000067,0.260443,0.000067,0.446639,0.083894
ACATACAATCAAGCGG-1,0.000056,0.819535,0.096371,0.000056,0.000056,0.083759,0.000056,0.000056,0.000056
ACATCAGCTGGGACGC-1,0.000043,0.000043,0.000043,0.006231,0.03337,0.275831,0.151899,0.511299,0.021241
ACATCCCGGCCATACG-1,0.000037,0.003098,0.000037,0.371474,0.194595,0.001872,0.227404,0.004171,0.197312
ACATCCTGGTAACTGT-1,0.000043,0.007999,0.055534,0.445617,0.029149,0.102463,0.004941,0.048652,0.305604
ACATCGATCGTTTACC-1,0.000065,0.000065,0.00584,0.046909,0.000065,0.809774,0.000065,0.039594,0.097623
ACATCGCAATATTCGG-1,0.000051,0.754654,0.136087,0.038532,0.000051,0.047495,0.000051,0.023028,0.000051
ACATCGGTCAGCCGCG-1,0.000033,0.000033,0.000033,0.068191,0.000033,0.296969,0.010495,0.355461,0.26875
ACATCGTATGCAATGG-1,0.000038,0.000038,0.011662,0.31313,0.034475,0.029723,0.022868,0.057396,0.530669
ACATCGTTAACCTAGT-1,0.000063,0.000063,0.000063,0.043153,0.025236,0.163684,0.028756,0.724976,0.014006
ACATCTCAACGCGTAA-1,0.000109,0.000109,0.02829,0.054532,0.184349,0.189096,0.360638,0.124091,0.058786
ACATGCTTACGGCAGC-1,0.000031,0.75747,0.009108,0.018114,0.112529,0.060753,0.035452,0.006512,0.000031
ACATGGCGCCAAAGTA-1,0.000037,0.014769,0.013742,0.47605,0.041166,0.201263,0.00722,0.026548,0.219204
ACATTAGTTTATATCC-1,0.00006,0.00006,0.00006,0.599283,0.060774,0.023386,0.004504,0.104859,0.207011
ACATTCGCGCGGAATA-1,0.000029,0.337126,0.469928,0.027515,0.036703,0.084169,0.00099,0.035552,0.007988
ACATTTGAAACCTAAC-1,0.000032,0.967162,0.000755,0.000032,0.023338,0.000032,0.008586,0.000032,0.000032
ACCAAACACCCAGCGA-1,0.000025,0.000025,0.000025,0.014853,0.000025,0.253505,0.078468,0.374543,0.27853
ACCAAACTAGAAATCC-1,0.00003,0.000041,0.116988,0.00003,0.00003,0.062018,0.089841,0.670429,0.060595
ACCAACACCACACACT-1,0.00002,0.00002,0.00002,0.008217,0.00002,0.099861,0.016564,0.427104,0.448174
ACCAACCGCACTCCAC-1,0.000035,0.944565,0.020337,0.002687,0.009533,0.000035,0.000035,0.000035,0.022738
ACCAACGCTTATTTAT-1,0.000061,0.120818,0.000403,0.653641,0.039657,0.13863,0.000061,0.011486,0.035242
ACCAAGAACGCGTGTC-1,0.000046,0.000046,0.006739,0.072122,0.000046,0.037314,0.05254,0.771526,0.05962
ACCAAGTCATCGGCAG-1,0.000045,0.65887,0.239974,0.000045,0.000045,0.100884,0.000045,0.000045,0.000045
ACCAATATGCAAGTTA-1,0.000051,0.142712,0.784123,0.044028,0.009508,0.007354,0.000051,0.012122,0.000051
ACCACAACTCAGAACA-1,0.000058,0.001379,0.076702,0.056322,0.002131,0.133535,0.060925,0.651865,0.017082
ACCACAAGTTTCTATC-1,0.000044,0.000044,0.000044,0.019434,0.002995,0.453384,0.098043,0.230294,0.195718
ACCACACGGTTGATGG-1,0.000026,0.77232,0.223526,0.000026,0.000026,0.003997,0.000026,0.000026,0.000026
ACCACCAATGTAACAA-1,0.000046,0.014777,0.000046,0.609965,0.176245,0.000046,0.003348,0.003834,0.191693
ACCACCCTCTCTTCTA-1,0.000035,0.026384,0.000035,0.122538,0.176084,0.305032,0.200646,0.100326,0.068919
ACCACGTGCAGCTATA-1,0.000033,0.000033,0.000033,0.149579,0.000033,0.155875,0.000033,0.206757,0.487623
ACCAGACCATAACAAC-1,0.000021,0.002694,0.000021,0.021023,0.133085,0.000021,0.398224,0.274506,0.170405
ACCAGCCCGGTCTTTG-1,0.000089,0.065615,0.02092,0.000089,0.02076,0.233914,0.072875,0.549822,0.035916
ACCAGTGCCCGGTCAA-1,0.000064,0.000064,0.000064,0.006083,0.000064,0.439459,0.000064,0.546823,0.007316
ACCAGTGCGGGAGACG-1,0.000052,0.084683,0.391125,0.243304,0.001197,0.27906,0.000052,0.000052,0.000474
ACCATATCCGCAATAA-1,0.000049,0.000049,0.000049,0.176696,0.048317,0.041488,0.035379,0.191712,0.506262
ACCATCCGCCAACTAG-1,0.000047,0.000047,0.00005,0.001206,0.000047,0.590389,0.254964,0.092665,0.060586
ACCATCGTATATGGTA-1,0.000031,0.000031,0.034325,0.003367,0.000031,0.081426,0.015821,0.083715,0.781255
ACCCAACGCCCGTGGC-1,0.000037,0.000037,0.000037,0.267387,0.000037,0.190075,0.000178,0.164593,0.377617
ACCCACCTACATGCTC-1,0.000045,0.000045,0.000045,0.03132,0.000045,0.108745,0.009852,0.843597,0.006306
ACCCATCTTGAGGGTA-1,0.000033,0.000033,0.000033,0.001125,0.000033,0.004126,0.000033,0.654794,0.339792
ACCCATTTGTCCCTCT-1,0.000078,0.744906,0.0247,0.068013,0.000078,0.133717,0.000078,0.001974,0.026457
ACCCGAGCGAAATTAC-1,0.000028,0.039797,0.002173,0.425975,0.281358,0.035583,0.05433,0.041086,0.11967
ACCCGATTGGTTCCGA-1,0.000056,0.522581,0.259871,0.200903,0.015351,0.000056,0.000056,0.000056,0.001071
ACCCGGAAACTCCCAG-1,0.000052,0.142012,0.180669,0.171271,0.153462,0.352377,0.000052,0.000052,0.000052
ACCCGGAGCACCACAA-1,0.000041,0.595007,0.193435,0.047266,0.022791,0.000041,0.013214,0.000041,0.128165
ACCCGGATGACGCATC-1,0.00005,0.00005,0.00005,0.356104,0.00005,0.116656,0.00005,0.073419,0.453569
ACCCGGTTACACTTCC-1,0.000043,0.000043,0.065689,0.035706,0.003661,0.411635,0.065898,0.201963,0.215364
ACCCGTAGCAGAGAAT-1,0.000156,0.608454,0.109159,0.000156,0.149977,0.000156,0.061792,0.05016,0.019989
ACCCGTAGTCTAGTTG-1,0.000031,0.773882,0.144058,0.031504,0.014136,0.012146,0.000254,0.009808,0.014181
ACCCGTGTCATCAGTA-1,0.00005,0.06542,0.099179,0.391742,0.027892,0.390056,0.00005,0.012245,0.013365
ACCCTATAGGACTGAG-1,0.000054,0.000054,0.048647,0.000054,0.000054,0.243023,0.029479,0.577455,0.10118
ACCCTATGCCATATCG-1,0.000045,0.025713,0.000045,0.288725,0.160142,0.043505,0.216434,0.015069,0.250322
ACCCTCCCGTCAGGGC-1,0.000043,0.992064,0.007635,0.000043,0.000043,0.000043,0.000043,0.000043,0.000043
ACCCTCCCTTGCTATT-1,0.000042,0.006735,0.077639,0.363424,0.003456,0.224752,0.046963,0.116769,0.16022
ACCCTGGTAACGCCCT-1,0.00003,0.00003,0.00003,0.054625,0.00003,0.424944,0.062714,0.258392,0.199203
ACCCTTCATCTGCGAA-1,0.000051,0.000051,0.000051,0.000051,0.000051,0.182754,0.013507,0.789643,0.013843
ACCCTTGCCTGGGTCG-1,0.000053,0.000053,0.000053,0.039924,0.006141,0.666621,0.19621,0.087255,0.003692
ACCCTTTAGTTCTCCA-1,0.000087,0.000087,0.041418,0.000087,0.000087,0.67717,0.062007,0.218967,0.000087
ACCGAAAGGGCCCTGC-1,0.000086,0.000086,0.037223,0.000086,0.046795,0.606674,0.081431,0.227534,0.000086
ACCGAAGAGTCTGGTT-1,0.000028,0.000028,0.068828,0.035414,0.120332,0.476817,0.297726,0.000028,0.000797
ACCGACACATCTCCCA-1,0.000055,0.68015,0.136876,0.142588,0.023863,0.000055,0.000055,0.000055,0.0163
ACCGACTGAGTCCCAC-1,0.000039,0.000039,0.000039,0.043015,0.016912,0.087124,0.04664,0.512681,0.293512
ACCGAGTCTCCTTATT-1,0.000035,0.999434,0.000035,0.000035,0.000319,0.000035,0.000035,0.000035,0.000035
ACCGATAGGCATAACC-1,0.000025,0.518628,0.287164,0.005614,0.078924,0.000025,0.074177,0.014713,0.02073
ACCGATATTTAATCAT-1,0.000073,0.804782,0.000073,0.000073,0.194709,0.000073,0.000073,0.000073,0.000073
ACCGATGGTAGCATCG-1,0.000041,0.003414,0.088624,0.127428,0.141592,0.080045,0.086995,0.058223,0.413638
ACCGCAATAACTGCCT-1,0.000081,0.141719,0.02978,0.653524,0.000082,0.125419,0.000082,0.010279,0.039035
ACCGCGGTGGAAGTCG-1,0.000077,0.106679,0.17815,0.579887,0.000077,0.134897,0.000077,0.000077,0.000077
ACCGCTAGTCATTGGT-1,0.000024,0.863849,0.063715,0.000024,0.036903,0.032164,0.003275,0.000024,0.000024
ACCGGGCCTTTGTTGA-1,0.000037,0.04247,0.22005,0.136247,0.029121,0.407889,0.007333,0.047665,0.109187
