Barcode,Topic 1to3,Topic 4to10,Topic 11,Topic 12to13
AAACAAGTATCTCCCA-1,0.108598,0.753672,0.136935,0.000795
AAACACCAATAACTGC-1,0.407472,0.532023,0.000007,0.060498
AAACAGAGCGACTCCT-1,0.654045,0.318949,0.000008,0.026998
AAACAGCTTTCAGAAG-1,0.183571,0.60368,0.003425,0.209324
AAACAGGGTCTATATT-1,0.730706,0.26928,0.000005,0.00001
AAACAGTGTTCCTGGG-1,0.000102,0.285346,0.714484,0.000068
AAACATGGTGAGAGGA-1,0.152954,0.626315,0.01158,0.209151
AAACATTTCCCGGATT-1,0.079489,0.872877,0.008112,0.039522
AAACCACTACACAGAT-1,0.214641,0.452592,0.003408,0.329359
AAACCCGAACGAAATC-1,0.040115,0.737256,0.021913,0.200716
AAACCGGAAATGTTAA-1,0.082343,0.619398,0.112268,0.185991
AAACCGGGTAGGTACC-1,0.639272,0.359982,0.000006,0.00074
AAACCGTTCGTCCAGG-1,0.000297,0.000694,0.57389,0.425119
AAACCTAAGCAGCCGG-1,0.100535,0.330742,0.009594,0.559128
AAACCTCATGAAGTTG-1,0.395986,0.527696,0.072887,0.003431
AAACGAAGAACATACC-1,0.659449,0.106824,0.001489,0.232238
AAACGAAGATGGAGTA-1,0.082591,0.674093,0.010602,0.232714
AAACGACAGTCTTGCC-1,0.019052,0.352018,0.105091,0.523839
AAACGAGACGGTTGAT-1,0.413897,0.354206,0.000013,0.231884
AAACGCCCGAGATCGG-1,0.497726,0.438314,0.00001,0.063951
AAACGCTGGGCACGAC-1,0.089238,0.765047,0.124717,0.020998
AAACGGGCGTACGGGT-1,0.055621,0.682253,0.035186,0.226941
AAACGGTTGCGAACTG-1,0.489582,0.369213,0.050306,0.090899
AAACGTGTTCGCCCTA-1,0.122621,0.844945,0.006744,0.02569
AAACTAACGTGGCGAC-1,0.411716,0.39842,0.000014,0.18985
AAACTCGGTTCGCAAT-1,0.268575,0.414212,0.0502,0.267012
AAACTCGTGATATAAG-1,0.530312,0.467777,0.000007,0.001905
AAACTGCTGGCTCCAA-1,0.789102,0.175065,0.014557,0.021276
AAACTTAATTGCACGC-1,0.821071,0.178919,0.000003,0.000007
AAACTTGCAAACGTAT-1,0.448783,0.536267,0.00001,0.01494
AAAGAATGACCTTAGA-1,0.016311,0.22727,0.071702,0.684717
AAAGAATGTGGACTAA-1,0.067324,0.838599,0.051992,0.042085
AAAGACATGAAGTTTA-1,0.833899,0.060982,0.009593,0.095526
AAAGACCCAAGTCGCG-1,0.000165,0.000386,0.576087,0.423361
AAAGACTGGGCGCTTT-1,0.478522,0.35821,0.001362,0.161907
AAAGCTTGCCTACATA-1,0.149741,0.772143,0.006296,0.07182
AAAGGCCCTATAATAC-1,0.317108,0.444977,0.011695,0.226219
AAAGGCTACGGACCAT-1,0.490213,0.32008,0.000538,0.189169
AAAGGCTCTCGCGCCG-1,0.715784,0.043958,0.000019,0.240239
AAAGGGATGTAGCAAG-1,0.188305,0.048291,0.000031,0.763372
AAAGGGCAGCTTGAAT-1,0.052084,0.032255,0.541457,0.374204
AAAGGTAAGCTGTACC-1,0.718647,0.255317,0.000009,0.026026
AAAGGTCAACGACATG-1,0.13945,0.452406,0.046122,0.362021
AAAGTAGCATTGCTCA-1,0.342861,0.642708,0.001426,0.013005
AAAGTCACTGATGTAA-1,0.000153,0.000356,0.267446,0.732046
AAAGTCGACCCTCAGT-1,0.161286,0.680616,0.00298,0.155118
AAAGTGCCATCAATTA-1,0.03868,0.81172,0.058018,0.091581
AAAGTGTGATTTATCT-1,0.517505,0.43586,0.000012,0.046622
AAAGTTGACTCCCGTA-1,0.332289,0.444781,0.050394,0.172536
AAATAACCATACGGGA-1,0.259746,0.213255,0.030907,0.496091
AAATAAGGTAGTGCCC-1,0.371384,0.5629,0.045628,0.020088
AAATACCTATAAGCAT-1,0.368557,0.297616,0.143689,0.190138
AAATAGCTTAGACTTT-1,0.14028,0.625251,0.00484,0.229629
AAATAGGGTGCTATTG-1,0.48204,0.094106,0.000015,0.423838
AAATCACTCCTAAACG-1,0.376691,0.557567,0.000658,0.065083
AAATCCGATACACGCC-1,0.038713,0.478962,0.035793,0.446532
AAATCGCGGAAGGAGT-1,0.327215,0.658857,0.010514,0.003414
AAATCGTGTACCACAA-1,0.640733,0.186054,0.000017,0.173196
AAATCTAGCCCTGCTA-1,0.18325,0.723635,0.034164,0.058951
AAATCTGCCCGCGTCC-1,0.367459,0.631774,0.000256,0.000511
AAATGACTGATCAAAC-1,0.472195,0.340037,0.006352,0.181416
AAATGATTCGATCAGC-1,0.456017,0.427802,0.003553,0.112628
AAATGGCATGTCTTGT-1,0.834517,0.145343,0.005316,0.014823
AAATGGCCCGTGCCCT-1,0.409891,0.59009,0.000006,0.000013
AAATGGTCAATGTGCC-1,0.753166,0.067389,0.004321,0.175124
AAATGTATCTTATCCC-1,0.061897,0.864749,0.00639,0.066964
AAATGTGGGTGCTCCT-1,0.000167,0.00039,0.632208,0.367235
AAATTAACGGGTAGCT-1,0.50567,0.02555,0.00134,0.467441
AAATTAATAAGCGCGA-1,0.00005,0.126114,0.168972,0.704863
AAATTACACGACTCTG-1,0.575759,0.191679,0.002188,0.230375
AAATTACCTATCGATG-1,0.796759,0.137624,0.005449,0.060167
AAATTCCAGGTCCAAA-1,0.044753,0.3081,0.200878,0.446269
AAATTGATAGTCCTTT-1,0.344421,0.595837,0.000012,0.05973
AAATTGGTGAGAAGCA-1,0.755693,0.222785,0.000006,0.021516
AAATTTACCGAAATCC-1,0.381351,0.110975,0.00003,0.507643
AAATTTGCGGGTGTGG-1,0.06446,0.246519,0.086755,0.602266
AACAACTGGTAGTTGC-1,0.000109,0.086711,0.759403,0.153777
AACAATACATTGTCGA-1,0.028496,0.10202,0.567975,0.301509
AACAATTACTCTACGC-1,0.475174,0.201867,0.009642,0.313317
AACACACGCTCGCCGC-1,0.450062,0.398942,0.054955,0.096041
AACACGACTGTACTGA-1,0.787394,0.020053,0.014959,0.177594
AACACGAGACGCGGCC-1,0.244858,0.465547,0.056386,0.233209
AACAGCTGTGTGGCAA-1,0.253435,0.572466,0.004845,0.169255
AACAGGAAATCGAATA-1,0.91356,0.072723,0.000013,0.013704
AACAGGATGGGCCGCG-1,0.01739,0.000295,0.923756,0.058559
AACAGGTAGTATGGAT-1,0.110026,0.792627,0.008678,0.08867
AACATAGCGTGTATCG-1,0.785796,0.056891,0.000015,0.157297
AACATATCAACTGGTG-1,0.687594,0.017633,0.005305,0.289468
AACATCGATACGTCTA-1,0.342749,0.629114,0.014424,0.013714
AACATTGAAGTTGATC-1,0.353578,0.474313,0.000022,0.172087
AACATTGTGACTCGAG-1,0.264288,0.11038,0.071349,0.553983
AACCAAGACTTCTCTG-1,0.585693,0.389791,0.008551,0.015964
AACCAGTATCACTCTT-1,0.481007,0.262954,0.101303,0.154737
AACCATAGGGTTGAAC-1,0.244356,0.647355,0.003904,0.104384
AACCCAGAGACGGAGA-1,0.625512,0.126067,0.100934,0.147487
AACCCATCCCATGATC-1,0.236401,0.728029,0.000389,0.035181
AACCCGACAACCCGTG-1,0.000262,0.10045,0.833008,0.06628
AACCCGAGCAGAATCG-1,0.049283,0.691875,0.047276,0.211567
AACCCGATAGGGCTTC-1,0.278882,0.697322,0.000043,0.023753
AACCCGCTGTATTCCA-1,0.38128,0.544756,0.01049,0.063474
AACCCTACTGTCAATA-1,0.195636,0.356475,0.038219,0.40967
AACCCTGGTGGAACCA-1,0.808698,0.135121,0.003094,0.053086
AACCGAGCTTGGTCAT-1,0.22868,0.043357,0.078157,0.649806
AACCGCTAAGGGATGC-1,0.136343,0.107704,0.000017,0.755936
AACCGTTGTGTTTGCT-1,0.559338,0.06888,0.000028,0.371753
AACCTAAAGCCGTCCG-1,0.564335,0.112309,0.000017,0.323338
AACCTCGCTTTAGCCC-1,0.1424,0.331948,0.007059,0.518593
AACCTGTCACGGAATT-1,0.250528,0.709337,0.000007,0.040128
AACCTTTAAATACGGT-1,0.3055,0.113249,0.268856,0.312395
AACCTTTACGACGTCT-1,0.339331,0.363638,0.006996,0.290034
AACGAAAGTCGTCCCA-1,0.128944,0.836494,0.000005,0.034558
AACGACCTCCTAGCCG-1,0.000351,0.780096,0.042599,0.176954
AACGATAATGCCGTAG-1,0.457362,0.130709,0.00607,0.405859
AACGATAGAAGGGCCG-1,0.27721,0.020465,0.01225,0.690075
AACGATATGTCAACTG-1,0.872072,0.086386,0.029019,0.012522
AACGCATGATCTGGGT-1,0.39826,0.372177,0.010576,0.218987
AACGCGACCTTGGGCG-1,0.20782,0.310747,0.0004,0.481033
AACGCGGTCTCCAGCC-1,0.422325,0.166064,0.000026,0.411584
AACGCTGTTGCTGAAA-1,0.328154,0.658898,0.000896,0.012052
AACGGACGTACGTATA-1,0.32103,0.409299,0.044878,0.224793
AACGGCCATCTCCGGT-1,0.000148,0.000346,0.910675,0.08883
AACGTACTGTGGGTAC-1,0.000379,0.000884,0.772836,0.225901
AACGTCAGACTAGTGG-1,0.533443,0.000403,0.255463,0.210691
AACGTCATCCGGCTTG-1,0.015795,0.125344,0.000045,0.858816
AACGTCGCTGCACTTC-1,0.000063,0.829156,0.007221,0.16356
AACGTGATGAAGGACA-1,0.595018,0.256768,0.026629,0.121584
AACGTGCGAAAGTCTC-1,0.735885,0.263162,0.000005,0.000948
AACGTTATCAGCACCT-1,0.055229,0.113161,0.549849,0.281761
AACGTTCTACCATTGT-1,0.000122,0.563282,0.316265,0.120331
AACTACCCGTTTGTCA-1,0.006648,0.756791,0.000351,0.236211
AACTAGCGTATCGCAC-1,0.454931,0.000401,0.082727,0.461942
AACTAGGCTTGGGTGT-1,0.746834,0.106139,0.009703,0.137325
AACTCAAGTTAATTGC-1,0.047017,0.034098,0.476606,0.442279
AACTCCAGAGCGTGTT-1,0.215717,0.772586,0.004592,0.007104
AACTCCTAATCCCATG-1,0.33233,0.128776,0.00002,0.538874
AACTCTCAATAGAGCG-1,0.224082,0.261956,0.052851,0.461111
AACTCTCAGTGTGCTC-1,0.000351,0.022406,0.708241,0.269002
AACTGAGGTCAGCGTC-1,0.28921,0.50772,0.000017,0.203053
AACTGAGTTATACTGA-1,0.15859,0.836759,0.003535,0.001116
AACTGATATTAGGCCT-1,0.465578,0.088451,0.048541,0.397429
AACTGGGTCCCGACGT-1,0.859133,0.099528,0.003955,0.037384
AACTGGGTTCGAGCCG-1,0.429801,0.000294,0.000042,0.569863
AACTGGTGTGGGCCTT-1,0.000213,0.000498,0.602039,0.39725
AACTTCTGCGTCTATC-1,0.061124,0.000268,0.485164,0.453444
AACTTGCCCGTATGCA-1,0.042333,0.016067,0.00045,0.94115
AACTTTACGGGAGCTT-1,0.023555,0.323748,0.18278,0.469917
AACTTTAGCTGCTGAG-1,0.346792,0.046069,0.095809,0.51133
AACTTTCTCGATCATG-1,0.194887,0.741434,0.000009,0.06367
AAGAAAGTTTGATGGG-1,0.035235,0.964736,0.00001,0.000019
AAGAAATCACCAGATT-1,0.020582,0.596048,0.00001,0.383359
AAGACATACGTGGTTT-1,0.154268,0.807635,0.03794,0.000157
AAGACCAAATAACTCA-1,0.186706,0.613377,0.00533,0.194587
AAGACCCAACTGAACA-1,0.689373,0.13283,0.000012,0.177785
AAGACTCACGCCCACT-1,0.557339,0.091429,0.00002,0.351211
AAGACTGCAAGCTACT-1,0.76037,0.050088,0.01916,0.170383
AAGAGATGAATCGGTA-1,0.193489,0.147551,0.131084,0.527875
AAGAGCTCTTTATCGG-1,0.66754,0.109452,0.005692,0.217315
AAGAGGATGTACGCGA-1,0.665345,0.238156,0.025596,0.070904
AAGAGGCATGGATCGC-1,0.507744,0.097665,0.002103,0.392489
AAGAGGCCCTTTGGAA-1,0.233396,0.764039,0.000525,0.00204
AAGATGGCACCGGACC-1,0.000064,0.044674,0.955218,0.000043
AAGATTGGCGGAACGT-1,0.267863,0.250613,0.000298,0.481226
AAGCACCCTGCGTATC-1,0.817575,0.131166,0.042324,0.008935
AAGCATACTCTCCTGA-1,0.663457,0.172735,0.022873,0.140936
AAGCCACTTGCAGGTA-1,0.0107,0.536671,0.087706,0.364923
AAGCCGAAGCGGTTTA-1,0.24874,0.678747,0.032273,0.04024
AAGCCGCCGTGAAATC-1,0.549826,0.299453,0.027643,0.123078
AAGCCGCTTTACCTTG-1,0.117799,0.807584,0.011478,0.063138
AAGCCGGAGAGCAGGA-1,0.120257,0.841762,0.017631,0.020351
AAGCGCAGGGCTTTGA-1,0.538023,0.457055,0.000006,0.004915
AAGCGGAGTGCGCGCA-1,0.191376,0.808088,0.000322,0.000214
AAGCGGCGTCATGGGT-1,0.529771,0.275445,0.016261,0.178523
AAGCGTCCCTCATCGA-1,0.635395,0.264505,0.00076,0.09934
AAGCTAGATCGAGTAA-1,0.502772,0.253737,0.130214,0.113277
AAGCTATGGATTGACC-1,0.168578,0.589188,0.012114,0.23012
AAGCTCGTGCCAAGTC-1,0.068894,0.015367,0.015398,0.900341
AAGCTCTTTCATGGTG-1,0.695505,0.213703,0.020802,0.06999
AAGGAGAACTTATAAG-1,0.165424,0.035418,0.162254,0.636905
AAGGAGCGGTTGGTGC-1,0.838513,0.059797,0.000011,0.10168
AAGGATCGATCGCTTG-1,0.322482,0.549899,0.009165,0.118454
AAGGATGAGGGACCTC-1,0.420164,0.421107,0.039339,0.119391
AAGGCAGGCTGTCTCC-1,0.090771,0.770699,0.126572,0.011958
AAGGCGCGTAAAGCTT-1,0.478841,0.041003,0.14326,0.336895
AAGGCTGTGCTCATCG-1,0.345072,0.034603,0.22315,0.397175
AAGGGAACGACTGGCT-1,0.248113,0.471397,0.047289,0.233202
AAGGGACAGATTCTGT-1,0.048666,0.185062,0.192099,0.574173
AAGGGACTATGCATTC-1,0.168679,0.378791,0.094857,0.357672
AAGGGTTAGCCATGCG-1,0.065963,0.705373,0.009289,0.219375
AAGGGTTTGATTTCAG-1,0.233563,0.679413,0.000013,0.087011
AAGGTATCCTAATATA-1,0.647044,0.192894,0.088393,0.071669
AAGGTGATAAACCAGC-1,0.376642,0.271474,0.021242,0.330642
AAGTAGAAGACCGGGT-1,0.097174,0.018815,0.266991,0.61702
AAGTAGTGACGCGAGG-1,0.00086,0.117137,0.808051,0.073952
AAGTCAATTGTCGTCA-1,0.395223,0.547551,0.016929,0.040297
AAGTCTAGTAGCTGCC-1,0.162698,0.812517,0.010723,0.014062
AAGTCTTCTGTGGCCT-1,0.151894,0.848093,0.000004,0.000009
AAGTGACGACCGAATT-1,0.448255,0.350163,0.000021,0.201561
AAGTGAGTCGGGTTTA-1,0.011604,0.289992,0.121995,0.57641
AAGTGCAAAGGTAGAC-1,0.359274,0.385113,0.08818,0.167433
AAGTGCCTTGACTGTA-1,0.318209,0.503825,0.000013,0.177952
AAGTGCGTTAGAATCT-1,0.334831,0.385037,0.000015,0.280118
AAGTGCTTCTCTATTG-1,0.484439,0.37335,0.087551,0.05466
AAGTGTTTGGAGACGG-1,0.000097,0.000227,0.000032,0.999643
AAGTTCACTCCAAGCT-1,0.473283,0.456621,0.005175,0.064921
AAGTTCAGTCTGCGTA-1,0.489191,0.509513,0.000821,0.000475
AAGTTCGGCCAACAGG-1,0.160507,0.134627,0.153013,0.551853
AAGTTGTGATGTTATA-1,0.041621,0.752893,0.132967,0.072519
AAGTTTACTAATGGCA-1,0.200752,0.000322,0.02233,0.776596
AAGTTTATGGGCCCAA-1,0.327716,0.41153,0.000011,0.260744
AATAACAACGCTCGGC-1,0.15767,0.10833,0.083252,0.650748
AATAACACTAGAACAA-1,0.000068,0.023766,0.663105,0.31306
AATAACGTCGCGCCCA-1,0.000123,0.46016,0.222709,0.317008
AATAAGTCCTCGAGAC-1,0.800183,0.004366,0.000021,0.19543
AATAATCTTCGTATCG-1,0.129201,0.825956,0.043182,0.001661
AATACAATGTTTCAGG-1,0.827541,0.123668,0.000007,0.048785
AATACCGGAGGGCTGT-1,0.000072,0.109693,0.599912,0.290323
AATACCTGATGTGAAC-1,0.02041,0.692735,0.104641,0.182213
AATAGAACAGAGTGGC-1,0.000134,0.000314,0.642226,0.357326
AATAGAATCTGTTTCA-1,0.466149,0.281921,0.007511,0.244419
AATAGCAAGCCTCCTG-1,0.104888,0.593272,0.00653,0.295309
AATAGCTACCGCGTGC-1,0.138994,0.255708,0.074036,0.531262
AATAGGCACGACCCTT-1,0.525996,0.333927,0.019115,0.120963
AATAGTCCGTCCCGAC-1,0.793636,0.155026,0.001018,0.050319
AATAGTCGCGAGTCGG-1,0.651375,0.263341,0.007984,0.0773
AATATCCTAGCAAACT-1,0.026216,0.351048,0.066506,0.556231
AATATCGAATCAATGC-1,0.064755,0.819095,0.001813,0.114336
AATATCGAGGGTTCTC-1,0.303732,0.60094,0.004175,0.091153
AATATTGGAGTATTGA-1,0.007448,0.129712,0.000045,0.862794
AATCAGGTTTCATTTA-1,0.375345,0.561114,0.005268,0.058273
AATCATGTAAAGACTC-1,0.235371,0.572488,0.091612,0.100528
AATCCAAGGGCCTGAG-1,0.00015,0.000349,0.764834,0.234666
AATCCCGCTCAGAGCC-1,0.279428,0.251703,0.062045,0.406824
AATCGAGGTCTCAAGG-1,0.647536,0.133404,0.009364,0.209696
AATCGCCTCAGCGCCA-1,0.485667,0.278672,0.066086,0.169574
AATCGCGCAGAGGACT-1,0.045489,0.778692,0.013485,0.162334
AATCGGGACACTACGA-1,0.620493,0.028727,0.000027,0.350753
AATCGGTATAGCCCTC-1,0.249291,0.693977,0.056696,0.000036
AATCGTGAGCCGAGCA-1,0.62717,0.163166,0.045645,0.16402
AATCTAGGTTTACTTG-1,0.677562,0.302293,0.000624,0.019521
AATCTATGCCGGAGCC-1,0.23054,0.525091,0.197656,0.046713
AATCTCTACTGTGGTT-1,0.000071,0.275322,0.000024,0.724584
AATCTGCGTTGGGACG-1,0.410586,0.566267,0.000009,0.023138
AATCTGGCTTTCTAGT-1,0.413528,0.553372,0.000011,0.033089
AATCTGGGTAGACCCT-1,0.614183,0.135603,0.000024,0.250189
AATGACAGCAATGTCT-1,0.237892,0.508471,0.006852,0.246784
AATGACGTAGGATGTC-1,0.063774,0.00432,0.058015,0.873891
AATGACTGTCAGCCGG-1,0.152056,0.045133,0.035648,0.767163
AATGATGATACGCTAT-1,0.130843,0.123932,0.035116,0.710108
AATGATGCGACTCCTG-1,0.329368,0.391549,0.059818,0.219265
AATGCAACCGGGTACC-1,0.562224,0.129794,0.027504,0.280478
AATGCACCAAGCAATG-1,0.177345,0.356298,0.046057,0.4203
AATGGCCGCCAATGCG-1,0.368762,0.448407,0.000963,0.181868
AATGGTCCACCGTTCA-1,0.562873,0.298416,0.006886,0.131825
AATGGTTCTCACAAGC-1,0.682749,0.02551,0.138978,0.152763
AATGTATGGCACTGTA-1,0.128455,0.611034,0.016053,0.244458
AATGTGCCCGAGGTGT-1,0.374278,0.465911,0.000016,0.159796
AATGTGCTAATCTGAG-1,0.361321,0.611158,0.005101,0.02242
AATGTTAAGACCCTGA-1,0.583778,0.400039,0.009977,0.006206
AATGTTGTCGTGAGAC-1,0.107413,0.675496,0.104449,0.112642
AATTAAAGGTCGGCGT-1,0.692489,0.125417,0.000012,0.182082
AATTAACGGATTTCCA-1,0.469491,0.344489,0.016764,0.169256
AATTACGAGACCCATC-1,0.100026,0.824335,0.000007,0.075632
AATTAGCGCTGCAGCG-1,0.547523,0.086971,0.101012,0.264494
AATTATACCCAGCAAG-1,0.214743,0.762717,0.000011,0.022529
AATTCATAAGGGATCT-1,0.559302,0.426417,0.004033,0.010248
AATTCATTGTCATGCA-1,0.134319,0.683352,0.015484,0.166845
AATTCCAAGCATGTAC-1,0.510808,0.383208,0.000113,0.105871
AATTCGATTCGAGGAT-1,0.443986,0.518305,0.013273,0.024436
AATTCTAGAGTTAGGC-1,0.754198,0.155642,0.017421,0.072739
AATTGAACGCTCTGGT-1,0.192971,0.036056,0.025581,0.745392
AATTGCAGCAATCGAC-1,0.144326,0.699253,0.065876,0.090545
AATTGCGTGGATTACA-1,0.048938,0.631969,0.064418,0.254674
AATTGTGGTTGCCAAA-1,0.225009,0.765459,0.005749,0.003783
AATTTGGGACATAGTA-1,0.561211,0.205021,0.000019,0.23375
AATTTGGTTCCAAAGA-1,0.624292,0.021493,0.000022,0.354193
ACAAACCATGCGTCCT-1,0.176412,0.664378,0.005801,0.15341
ACAAACCGACAAGGCG-1,0.95165,0.011755,0.000009,0.036585
ACAAACTCCATCAGAG-1,0.000072,0.144005,0.855688,0.000235
ACAAAGAAGGTAGGCC-1,0.039777,0.412431,0.02511,0.522682
ACAAAGCATGACCTAG-1,0.059441,0.793559,0.069641,0.077359
ACAAATCGCACCGAAT-1,0.348639,0.034013,0.014062,0.603286
ACAAATGGTAGTGTTT-1,0.248722,0.191687,0.04436,0.515231
ACAAATTCAGATCTGA-1,0.272882,0.135906,0.002871,0.58834
ACAACAGCATGAGCTA-1,0.658402,0.096001,0.064397,0.181199
ACAACGGTCCCTGCGA-1,0.347016,0.000557,0.258606,0.393821
ACAAGCAGTGCCTAGC-1,0.800275,0.011902,0.000013,0.18781
ACAAGCTATATGGAAG-1,0.040938,0.731139,0.018837,0.209086
ACAAGGAAATCCGCCC-1,0.525953,0.145379,0.007368,0.3213
ACAAGGACAAGAGGTT-1,0.243468,0.072,0.157036,0.527496
ACAAGGATGCTTTAGG-1,0.095073,0.539621,0.044633,0.320673
ACAAGGCCTACCAGCC-1,0.63523,0.283107,0.000011,0.081652
ACAAGGGCAGGCTCTG-1,0.842763,0.083812,0.00001,0.073415
ACAAGTAATTGTAAGG-1,0.26795,0.130797,0.125722,0.47553
ACAATAGTCGTACGTT-1,0.04678,0.666101,0.074433,0.212686
ACAATCCATTTAAACC-1,0.000104,0.010079,0.929673,0.060144
ACAATCGATCTTTATA-1,0.000193,0.000451,0.107042,0.892314
ACAATGAATACGGAGA-1,0.617781,0.362373,0.000012,0.019834
ACAATGATTCTTCTAC-1,0.260629,0.703454,0.021149,0.014769
ACAATTGTGTCTCTTT-1,0.200699,0.467118,0.129764,0.202419
ACAATTTAGGAGGCTC-1,0.499708,0.318178,0.014014,0.168101
ACAATTTGAGCAGTGG-1,0.414618,0.288018,0.010773,0.286591
ACAATTTGGCCATATT-1,0.238098,0.761877,0.000008,0.000017
ACACAAAGACGGGTGG-1,0.373943,0.007915,0.000024,0.618119
ACACAAATATTCCTAG-1,0.028027,0.888479,0.006887,0.076608
ACACACCAGGACCAGT-1,0.250619,0.285662,0.038111,0.425609
ACACACTTTCTACACG-1,0.819539,0.052141,0.055879,0.072442
ACACATGATCAAATCT-1,0.161148,0.253152,0.013034,0.572665
ACACATTTCCGTAGAC-1,0.228738,0.68706,0.000215,0.083987
ACACCACATAATTAGC-1,0.02584,0.543278,0.003023,0.427859
ACACCCAGCATGCAGC-1,0.733806,0.135097,0.008466,0.122631
ACACCCGAGAAATCCG-1,0.575885,0.150074,0.151463,0.122578
ACACCCGTAAATCTGT-1,0.360139,0.389877,0.000017,0.249967
ACACCGAGCGCTCTTT-1,0.855685,0.133984,0.000006,0.010324
ACACCGGTCTGACCGC-1,0.153336,0.509799,0.039402,0.297463
ACACCTTAAGTAGGGC-1,0.00019,0.000443,0.646273,0.353094
ACACCTTACTACTTGC-1,0.039768,0.885609,0.007288,0.067335
ACACGAGACTCCTTCT-1,0.392204,0.470797,0.015755,0.121243
ACACGGCACTATGCAT-1,0.507015,0.04571,0.012829,0.434446
ACACGGGAACTTAGGG-1,0.629026,0.179002,0.000041,0.191931
ACACGTAGGCCACAAG-1,0.225998,0.76875,0.005241,0.000012
ACACTCCAATGTCACT-1,0.000144,0.000336,0.612059,0.387461
ACACTGATCAAGGTGT-1,0.000157,0.000365,0.174266,0.825212
ACACTGGGACAGTCGT-1,0.018346,0.976546,0.002909,0.002198
ACAGAACTGAGAACAA-1,0.126786,0.471335,0.046145,0.355734
ACAGATTAGGTTAGTG-1,0.47002,0.035569,0.006169,0.488242
ACAGCATAGAGCCAGT-1,0.718806,0.003228,0.00002,0.277946
ACAGCGACATTCTCAT-1,0.100299,0.813556,0.002742,0.083403
ACAGCGCACCCGCAGC-1,0.422003,0.193932,0.020092,0.363974
ACAGGCACGGATCCTT-1,0.14294,0.802242,0.001386,0.053432
ACAGGCTTGCCCGACT-1,0.452566,0.411935,0.000013,0.135486
ACAGGTGGAGGTGAGG-1,0.000314,0.000733,0.729993,0.26896
ACAGGTGTGTTGTTGC-1,0.313874,0.686112,0.000005,0.000009
ACAGTAATACAACTTG-1,0.040701,0.390553,0.102341,0.466405
ACAGTATACCGTGGGA-1,0.172878,0.758036,0.011483,0.057603
ACAGTGCAGCGCATTT-1,0.027112,0.447091,0.002348,0.523448
ACATAAGTCGTGGTGA-1,0.120048,0.84126,0.001449,0.037243
ACATAATAAGGCGGTG-1,0.346526,0.105697,0.005054,0.542723
ACATACAATCAAGCGG-1,0.081859,0.621094,0.166308,0.13074
ACATCAGCTGGGACGC-1,0.146503,0.237586,0.006962,0.608949
ACATCCCGGCCATACG-1,0.887999,0.090237,0.000013,0.021751
ACATCCTGGTAACTGT-1,0.000091,0.003318,0.058545,0.938047
ACATCGATCGTTTACC-1,0.871764,0.029785,0.040181,0.05827
ACATCGCAATATTCGG-1,0.522012,0.126648,0.00293,0.34841
ACATCGGTCAGCCGCG-1,0.021968,0.029543,0.804026,0.144462
ACATCGTATGCAATGG-1,0.268666,0.083252,0.000018,0.648064
ACATCGTTAACCTAGT-1,0.682227,0.04233,0.000039,0.275403
ACATCTCAACGCGTAA-1,0.137383,0.052233,0.28133,0.529054
ACATGCTTACGGCAGC-1,0.316792,0.472878,0.01879,0.191539
ACATGGCGCCAAAGTA-1,0.245779,0.473686,0.000941,0.279594
ACATTAGTTTATATCC-1,0.626807,0.059118,0.000038,0.314037
ACATTCGCGCGGAATA-1,0.084838,0.168993,0.003807,0.742362
ACATTTGAAACCTAAC-1,0.01192,0.797058,0.047064,0.143958
ACCAAACACCCAGCGA-1,0.260352,0.573776,0.020105,0.145767
ACCAAACTAGAAATCC-1,0.706606,0.126307,0.005798,0.161289
ACCAACACCACACACT-1,0.403906,0.475071,0.020587,0.100435
ACCAACCGCACTCCAC-1,0.046854,0.74009,0.020745,0.192311
ACCAACGCTTATTTAT-1,0.215103,0.107696,0.398566,0.278635
ACCAAGAACGCGTGTC-1,0.00178,0.000294,0.234877,0.76305
ACCAAGTCATCGGCAG-1,0.008016,0.439561,0.159907,0.392516
ACCAATATGCAAGTTA-1,0.669373,0.252927,0.000009,0.077691
ACCACAACTCAGAACA-1,0.593017,0.35453,0.000047,0.052406
ACCACAAGTTTCTATC-1,0.558885,0.172576,0.027361,0.241179
ACCACACGGTTGATGG-1,0.346619,0.362216,0.051042,0.240124
ACCACCAATGTAACAA-1,0.235793,0.446615,0.048969,0.268623
ACCACCCTCTCTTCTA-1,0.065753,0.910285,0.000007,0.023956
ACCACGTGCAGCTATA-1,0.414924,0.081945,0.184009,0.319122
ACCAGACCATAACAAC-1,0.434037,0.477126,0.000006,0.088831
ACCAGCCCGGTCTTTG-1,0.403416,0.00029,0.000041,0.596252
ACCAGGAGTGTGATCT-1,0.000242,0.000564,0.352173,0.647021
ACCAGTGCCCGGTCAA-1,0.191022,0.206965,0.008348,0.593666
ACCAGTGCGGGAGACG-1,0.312135,0.36459,0.129113,0.194162
ACCATATCCGCAATAA-1,0.346481,0.000536,0.005136,0.647846
ACCATCCGCCAACTAG-1,0.034027,0.563581,0.007374,0.395017
ACCATCGTATATGGTA-1,0.000408,0.000953,0.831741,0.166897
ACCATTAAGGGTGTCA-1,0.675671,0.186178,0.000016,0.138135
ACCCAACGCCCGTGGC-1,0.519192,0.442959,0.004552,0.033297
ACCCACCTACATGCTC-1,0.000092,0.006693,0.608834,0.384381
ACCCATCTTGAGGGTA-1,0.301241,0.129573,0.2986,0.270586
ACCCATTTGTCCCTCT-1,0.19485,0.802287,0.002854,0.00001
ACCCGAGCGAAATTAC-1,0.245008,0.464878,0.005578,0.284535
ACCCGATTGGTTCCGA-1,0.246782,0.393214,0.000021,0.359982
ACCCGGAAACTCCCAG-1,0.620205,0.211428,0.097567,0.070801
ACCCGGAGCACCACAA-1,0.1871,0.812887,0.000004,0.000009
ACCCGGATGACGCATC-1,0.089874,0.210932,0.005664,0.69353
ACCCGGTTACACTTCC-1,0.271825,0.007488,0.000047,0.720641
ACCCGTAGCAGAGAAT-1,0.095538,0.673059,0.024739,0.206664
ACCCGTAGTCTAGTTG-1,0.239985,0.673043,0.020164,0.066808
ACCCGTGTCATCAGTA-1,0.577848,0.18973,0.000021,0.232401
ACCCTATGCCATATCG-1,0.000122,0.000285,0.98546,0.014132
ACCCTCCCGTCAGGGC-1,0.107142,0.72024,0.013227,0.159391
ACCCTCCCTTGCTATT-1,0.312349,0.417084,0.011014,0.259552
ACCCTGGTAACGCCCT-1,0.254821,0.635203,0.000013,0.109963
ACCCTTCATCTGCGAA-1,0.935076,0.003271,0.000016,0.061637
ACCCTTGCCTGGGTCG-1,0.050104,0.885323,0.011973,0.052599
ACCCTTTAGTTCTCCA-1,0.753527,0.078603,0.019843,0.148028
ACCGAAAGGGCCCTGC-1,0.23625,0.017872,0.301395,0.444483
ACCGAAGAGTCTGGTT-1,0.077405,0.738909,0.003211,0.180474
ACCGACACATCTCCCA-1,0.09929,0.235691,0.154424,0.510594
ACCGACTGAGTCCCAC-1,0.29955,0.144401,0.002976,0.553073
ACCGAGTCTCCTTATT-1,0.240314,0.678223,0.007714,0.07375
ACCGATAGGCATAACC-1,0.000641,0.625439,0.000146,0.373775
ACCGATATTTAATCAT-1,0.106478,0.735549,0.004083,0.153889
ACCGATGGTAGCATCG-1,0.242022,0.306537,0.06912,0.382321
ACCGCAATAACTGCCT-1,0.227731,0.196961,0.059191,0.516117
ACCGCGGTGGAAGTCG-1,0.347042,0.307597,0.000016,0.345346
ACCGCTAGTCATTGGT-1,0.039585,0.736438,0.000017,0.22396
ACCGGGCCTTTGTTGA-1,0.107547,0.328825,0.124649,0.438979
ACCGGTCAGGTACACC-1,0.269845,0.521995,0.000006,0.208153
ACCGGTCTGAGTACGG-1,0.742637,0.091036,0.003594,0.162733
ACCGTCCACTGGGCCC-1,0.15621,0.690565,0.002003,0.151222
ACCGTGACCACGTGGG-1,0.000112,0.032544,0.518175,0.44917
ACCGTTCCCGCTCTGA-1,0.676392,0.00017,0.000024,0.323414
ACCTAAGTACCTTTCA-1,0.565885,0.421418,0.00001,0.012687
ACCTAATCGACTTCCT-1,0.000146,0.000341,0.219854,0.779659
ACCTACAGTATGTGGT-1,0.183193,0.734119,0.009511,0.073176
ACCTACTATAAATCTA-1,0.246032,0.666189,0.019804,0.067975
ACCTCAGCGAGGCGCA-1,0.586374,0.413545,0.000027,0.000054
ACCTCCGCCCTCGCTG-1,0.1134,0.853282,0.000012,0.033307
ACCTCCGTTATTCACC-1,0.049816,0.407451,0.03535,0.507383
ACCTCGAACTTATGCT-1,0.118116,0.640436,0.00998,0.231468
ACCTGCGTGTCATGTT-1,0.135612,0.776625,0.015028,0.072735
ACCTTTCCTTTAGAAG-1,0.423365,0.033463,0.06893,0.474242
ACGAAATGGGCGGCAC-1,0.443359,0.189278,0.001042,0.366321
ACGACCCATGAGTTGC-1,0.137008,0.760448,0.096136,0.006408
ACGACTCTAGGGCCGA-1,0.123016,0.822794,0.044916,0.009273
ACGACTGGTCATACTC-1,0.187552,0.67492,0.10375,0.033778
ACGAGATATTTGCTTA-1,0.750053,0.205226,0.002572,0.042149
ACGAGGATACCACTCT-1,0.255632,0.430286,0.000015,0.314067
ACGAGGTTTACAACGT-1,0.250166,0.501376,0.020486,0.227972
ACGAGTACGGATGCCC-1,0.33616,0.409893,0.092064,0.161883
ACGATACATAGAACTA-1,0.636796,0.144796,0.140033,0.078376
ACGATACCTATCCTGA-1,0.06966,0.789138,0.000013,0.141189
ACGATCATACATAGAG-1,0.400722,0.177904,0.052163,0.369211
ACGATCATCTTGTAAA-1,0.000081,0.009791,0.050341,0.939787
ACGATGCATATGTTAT-1,0.000122,0.000284,0.858542,0.141052
ACGATGGATCCGATGC-1,0.728383,0.058827,0.009695,0.203095
ACGCAAACTAATAGAT-1,0.000141,0.000328,0.842776,0.156755
ACGCAATCACTACAGC-1,0.000139,0.040647,0.139782,0.819432
ACGCATAAATGACATG-1,0.365368,0.45653,0.054661,0.123441
ACGCATACGTTTACTA-1,0.21672,0.782396,0.000316,0.000568
ACGCATTCGTGAGTAC-1,0.55706,0.100257,0.046936,0.295747
ACGCCACTCGAAACAG-1,0.369259,0.578703,0.000585,0.051453
ACGCCAGATGATTTCT-1,0.582174,0.132228,0.004439,0.281159
ACGCCAGTGCGTTTGC-1,0.203593,0.794287,0.002103,0.000017
ACGCCCAGCTGTCGAT-1,0.299473,0.109014,0.015882,0.575631
ACGCCGCTAGACGACC-1,0.583849,0.175917,0.000016,0.240218
ACGCGAAGTCAGACGA-1,0.841869,0.096449,0.000014,0.061667
ACGCGCTACACAGGGT-1,0.309688,0.319358,0.083262,0.287692
ACGCGGGCCAAGGACA-1,0.677277,0.148765,0.009089,0.164869
ACGCGTTTCTTAAGAG-1,0.264299,0.55714,0.006744,0.171817
ACGCTACTGAATGGGC-1,0.057809,0.900516,0.001667,0.040008
ACGCTAGTATCAGTGC-1,0.231335,0.60548,0.039911,0.123275
ACGCTAGTGATACACT-1,0.055694,0.101011,0.071646,0.771648
ACGCTGTGAGGCGTAG-1,0.337071,0.505488,0.000012,0.157429
ACGCTTAGTGTCTCTC-1,0.490031,0.038299,0.023116,0.448553
ACGGAACACGAGTGCC-1,0.232841,0.767136,0.000008,0.000015
ACGGACGCAGCGACAA-1,0.578819,0.290208,0.000012,0.130961
ACGGACTCTCAAAGCG-1,0.432865,0.415239,0.00283,0.149066
ACGGAGCGCAAATTAC-1,0.483574,0.33543,0.018081,0.162915
ACGGATGGTGCGGATA-1,0.584361,0.16084,0.000375,0.254424
ACGGCACTTGCTTGGG-1,0.383266,0.037905,0.004394,0.574435
ACGGCCAACATGGACT-1,0.629274,0.06194,0.164124,0.144663
ACGGCGACGATGGGAA-1,0.753209,0.080652,0.00424,0.161899
ACGGCTGGATGTAGAA-1,0.156448,0.75027,0.006861,0.086421
ACGGGAGTGTCGGCCC-1,0.183567,0.513472,0.018356,0.284604
ACGGGCGTATGCGACA-1,0.286667,0.686356,0.000329,0.026649
ACGGGTCATGTGACTT-1,0.590772,0.139997,0.000731,0.2685
ACGGGTTGTGACCTGT-1,0.000129,0.719503,0.022701,0.257668
ACGGTACAGTTCAATG-1,0.109975,0.836353,0.038641,0.015031
ACGGTCACCGAGAACA-1,0.099769,0.531584,0.000019,0.368629
ACGTACAGATTTCTCT-1,0.866967,0.006934,0.000019,0.12608
ACGTACTTTGGCACGG-1,0.492307,0.437932,0.00001,0.069751
ACGTAGATTGCTGATG-1,0.824691,0.01642,0.000021,0.158868
ACGTAGGAGAGTCGCT-1,0.01519,0.234674,0.152314,0.597823
ACGTATTACTCCGATC-1,0.429717,0.278416,0.005523,0.286344
ACGTCCTAAACGAGAT-1,0.000173,0.000404,0.504186,0.495236
ACGTCGGGCAACTCGG-1,0.258478,0.741222,0.000009,0.00029
ACGTCTCGTTCCGGGA-1,0.277064,0.685667,0.000007,0.037262
ACGTGACAAAGTAAGT-1,0.083872,0.748469,0.016255,0.151405
ACGTGCGCCTCGTGCA-1,0.800964,0.050628,0.000021,0.148387
ACGTGGTCGAATGTGC-1,0.684068,0.061113,0.003535,0.251284
ACGTTAATGTCGAAGA-1,0.32516,0.11981,0.017107,0.537923
ACGTTAGATTTGCCCG-1,0.049396,0.13023,0.332883,0.487491
ACGTTATTGGTCACTC-1,0.809142,0.063513,0.008423,0.118923
ACGTTCACTATGCCGC-1,0.000125,0.086979,0.121455,0.791442
ACGTTCCGCGCTCCGT-1,0.000117,0.000272,0.499546,0.500065
ACGTTCGCAATCAATT-1,0.293073,0.519274,0.001587,0.186066
ACGTTCGTTCAGGAAA-1,0.00021,0.401397,0.598253,0.00014
ACGTTCTGTACAAGTC-1,0.015316,0.644911,0.037221,0.302552
ACGTTGTCGTTGAAAG-1,0.434208,0.470371,0.001108,0.094313
ACGTTTAGTTGTGATC-1,0.99086,0.000147,0.000021,0.008972
ACGTTTCGGTGCACTT-1,0.003349,0.789451,0.071984,0.135216
ACTAAGGACGCACACC-1,0.177651,0.757186,0.000006,0.065157
ACTAATACGTCAGGCG-1,0.751298,0.11846,0.000156,0.130087
ACTACAAAGAGAGGTG-1,0.000082,0.31242,0.285451,0.402047
ACTACATCCCGACAAG-1,0.378795,0.436085,0.00218,0.18294
ACTACCAGCTCTCTGG-1,0.182094,0.001131,0.444863,0.371912
ACTACCATCCGAGGGC-1,0.313876,0.6287,0.055046,0.002378
ACTACGCGTTAGAATT-1,0.716818,0.151293,0.000015,0.131873
ACTAGTTGCGATCGTC-1,0.209172,0.691771,0.007838,0.09122
ACTATATGCTGTGTTC-1,0.360684,0.381538,0.006126,0.251652
ACTATCCAGGGCATGG-1,0.114966,0.393329,0.074345,0.417361
ACTATCGCCGGCTAAA-1,0.435044,0.375636,0.012004,0.177316
ACTATCTGCCCGCGTA-1,0.199928,0.800056,0.000005,0.000011
ACTATGTCCAGCTGCC-1,0.516962,0.477333,0.005638,0.000066
ACTATTCGTCCGTGGT-1,0.689353,0.038807,0.057878,0.213963
ACTATTTCCGGGCCCA-1,0.000134,0.152664,0.758508,0.088695
ACTCAAGTGCAAGGCT-1,0.106161,0.58408,0.031815,0.277944
ACTCAATAAAGGCACG-1,0.681393,0.29165,0.007785,0.019171
ACTCAGACCTGCTTCT-1,0.418726,0.05748,0.031128,0.492666
ACTCATGGCAGCCTTC-1,0.268341,0.689075,0.000099,0.042484
ACTCCAATATCATCAT-1,0.361166,0.626656,0.009177,0.003001
ACTCCCATTCCTAAAG-1,0.268484,0.722653,0.001942,0.006921
ACTCCCGAATTCGTTT-1,0.143778,0.388374,0.183893,0.283956
ACTCCCGTAGACTAGG-1,0.185553,0.715135,0.003882,0.095431
ACTCCCTAATGCTAAA-1,0.597894,0.176473,0.042756,0.182877
ACTCCCTAGAATAGTA-1,0.814975,0.183602,0.000008,0.001414
ACTCCGGCCGACCACT-1,0.063767,0.874547,0.056316,0.00537
ACTCGATGTATTTCAT-1,0.631592,0.090168,0.000016,0.278225
ACTCGCCGTTCGATAA-1,0.000843,0.972464,0.021696,0.004997
ACTCGCGATCTGACGC-1,0.001294,0.827777,0.170909,0.000019
ACTCGTAACCCGTCCT-1,0.170472,0.556723,0.061714,0.211092
ACTCGTCAGTAATCCC-1,0.700245,0.115468,0.000015,0.184271
ACTCTAAACCTGGGAT-1,0.664358,0.318011,0.000005,0.017627
ACTCTCTGACTTAGGT-1,0.884329,0.078295,0.013138,0.024239
ACTCTCTTATACACGA-1,0.623549,0.106642,0.065261,0.204548
ACTCTGACCTAATAGA-1,0.257716,0.736556,0.000008,0.005719
ACTCTTCAGCTCCCGC-1,0.043501,0.934528,0.007204,0.014767
ACTCTTGTATAGTAAC-1,0.691403,0.222751,0.038343,0.047504
ACTGAAACGCCGTTAG-1,0.264858,0.495183,0.122925,0.117033
ACTGAATGGCGAAAGT-1,0.841406,0.012144,0.096001,0.050449
ACTGATTTAGTGATTC-1,0.404136,0.000372,0.000053,0.595439
ACTGCCCGCCATTCTC-1,0.051136,0.608593,0.020655,0.319616
ACTGCCGTCGTAACTC-1,0.525348,0.092193,0.039682,0.342776
ACTGCGGACACACCGT-1,0.241547,0.686314,0.013943,0.058195
ACTGCTCGGAAGGATG-1,0.231171,0.550167,0.046323,0.172339
ACTGGCGAACCTGCGT-1,0.017658,0.688281,0.006036,0.288025
ACTGGGATGCCAGTGC-1,0.577503,0.414556,0.000008,0.007933
ACTGTACGATACACAT-1,0.355426,0.204132,0.086113,0.354329
ACTGTAGCACTTTGGA-1,0.443538,0.000758,0.291859,0.263844
ACTGTCCAGGATTATA-1,0.431414,0.011282,0.068453,0.488851
ACTGTCTTCTTTAGAA-1,0.782821,0.12364,0.045956,0.047582
ACTGTTTAGTGTAGGC-1,0.000251,0.000586,0.526428,0.472735
ACTTACCGGGCGCGCA-1,0.745317,0.156638,0.00001,0.098034
ACTTACGCATCCACGC-1,0.170167,0.006166,0.014025,0.809641
ACTTATACTTACCCGG-1,0.386239,0.517436,0.029144,0.067181
ACTTATTAGGATCGGT-1,0.552567,0.131839,0.048053,0.267541
ACTTATTTATGTGCCA-1,0.380469,0.418134,0.020505,0.180892
ACTTCAGGCTGATCCC-1,0.537269,0.205193,0.013573,0.243966
ACTTCCAGTGGAAGCT-1,0.341796,0.611426,0.025558,0.021221
ACTTCCATGCGGGACA-1,0.04799,0.45514,0.018762,0.478108
ACTTCCTGTCGTGCGA-1,0.362129,0.599751,0.002225,0.035895
ACTTCGCCATACGCAC-1,0.641656,0.168997,0.000021,0.189326
ACTTCGCTAGCGAGTG-1,0.000062,0.214827,0.002564,0.782548
ACTTGACTCCCTCTTT-1,0.716235,0.197556,0.001194,0.085015
ACTTGCCATATTGTAC-1,0.005865,0.000225,0.686363,0.307546
ACTTGCTCTATCTACC-1,0.104553,0.8952,0.000082,0.000165
ACTTGGGACCCGGTGG-1,0.79997,0.104755,0.00001,0.095265
ACTTGGGCTTTCGCCA-1,0.16982,0.122268,0.000041,0.707871
ACTTGTAGTCCCTTCA-1,0.107804,0.588361,0.019266,0.284568
ACTTGTGGATGGAACG-1,0.104363,0.795362,0.044181,0.056094
ACTTGTTACCGGATCA-1,0.286732,0.45263,0.008986,0.251652
ACTTTACCCTCATGAA-1,0.552462,0.417441,0.003968,0.02613
ACTTTATACACCACTT-1,0.03749,0.82677,0.000021,0.13572
ACTTTCCTATAGCTTC-1,0.067453,0.057347,0.000058,0.875142
ACTTTGACTGCATCCT-1,0.118336,0.531789,0.00002,0.349855
ACTTTGGTCGTGCTCC-1,0.40238,0.541692,0.004234,0.051694
ACTTTGTCGACGCACT-1,0.157444,0.731245,0.09858,0.012731
AGAAATTATGACTCGC-1,0.03254,0.685597,0.018441,0.263422
AGAACACGGCGATGGT-1,0.000068,0.326839,0.035812,0.637281
AGAACCCAGCGTGACA-1,0.009945,0.67053,0.004436,0.315089
AGAACCCTCAATTGGG-1,0.143565,0.56924,0.081455,0.20574
AGAACGTGGTACATTC-1,0.73217,0.158431,0.000015,0.109384
AGAACTGTACTTTGTA-1,0.086301,0.857925,0.041111,0.014663
AGAAGAGCGCCGTTCC-1,0.068926,0.800124,0.000161,0.130789
AGAAGGTACACTTCAC-1,0.143218,0.492795,0.021401,0.342586
AGAAGGTTGCCGAATT-1,0.224674,0.002549,0.397098,0.375679
AGAAGGTTGTAGGTCG-1,0.457511,0.398763,0.000009,0.143717
AGAAGTGATTCGTGAT-1,0.428498,0.315823,0.000021,0.255658
AGAATAAATCTTCAGG-1,0.308417,0.677798,0.000007,0.013778
AGAATACAGGCTATCC-1,0.173514,0.74271,0.000951,0.082824
AGAATGCGGGTTCGGA-1,0.470755,0.391755,0.015725,0.121765
AGAATTATGGATTCGA-1,0.34277,0.516029,0.053921,0.08728
AGAATTGTTTGACATA-1,0.385237,0.000443,0.246507,0.367813
AGACAGCTCAGAATCC-1,0.388658,0.192185,0.02692,0.392238
AGACAGGCATCTCAGC-1,0.14054,0.857614,0.001833,0.000012
AGACATAGATCCTTCC-1,0.315904,0.030077,0.238076,0.415943
AGACCAAACCACACCT-1,0.078544,0.765869,0.009475,0.146112
AGACCATGGGATACAA-1,0.559953,0.006066,0.20793,0.226051
AGACCCACCGCTGATC-1,0.635986,0.184574,0.014144,0.165295
AGACCCGCCCTCCTCG-1,0.471714,0.230617,0.102216,0.195453
AGACCGCTCCGCGGTT-1,0.203277,0.716766,0.010695,0.069262
AGACCGGGAAACCCTG-1,0.01919,0.257557,0.07734,0.645913
AGACGAAGTGCCGGTC-1,0.270992,0.27684,0.002894,0.449275
AGACGACGATGCCGCT-1,0.468986,0.50845,0.003941,0.018623
AGACGCCCACTTCGCC-1,0.134974,0.831406,0.011144,0.022477
AGACGGGATTGGTATA-1,0.883807,0.051964,0.003647,0.060582
AGACGGGCCGATTTAA-1,0.660127,0.157561,0.020786,0.161526
AGACTAGCCTTCCAGA-1,0.540523,0.062019,0.035414,0.362045
AGACTGTTACCGGGTC-1,0.000335,0.238928,0.666128,0.094608
AGAGAAACACCAGAAA-1,0.376228,0.308276,0.00002,0.315476
AGAGAACCGTCTAGGA-1,0.52019,0.336111,0.027434,0.116265
AGAGAAGGAGTACAAT-1,0.309902,0.403258,0.000017,0.286823
AGAGATCTCTAAAGCG-1,0.247862,0.347835,0.000029,0.404274
AGAGCAGTTATGAGAC-1,0.237345,0.146357,0.000028,0.616271
AGAGCCGCCGAGATTT-1,0.038474,0.675731,0.000015,0.285779
AGAGCGCTTGTAACGG-1,0.11337,0.771946,0.000007,0.114678
AGAGCGGGCTAATCAT-1,0.760397,0.018625,0.000019,0.220959
AGAGCGTACAAGCTCG-1,0.00015,0.039141,0.790452,0.170256
AGAGGCTTCGGAAACC-1,0.270807,0.493879,0.061987,0.173327
AGAGGGACAATTGTCC-1,0.611677,0.363224,0.000006,0.025093
AGAGGTATCTCGGTCC-1,0.19995,0.102299,0.247688,0.450064
AGAGTAAACTTCACTA-1,0.043896,0.738486,0.10388,0.113738
AGAGTATAGTGTTACG-1,0.239809,0.659199,0.011543,0.089449
AGAGTCTTAATGAAAG-1,0.273229,0.636341,0.000075,0.090355
AGAGTGAACAGACACC-1,0.545132,0.404594,0.00001,0.050264
AGAGTTAGAGACCGAT-1,0.47087,0.368625,0.023994,0.136511
AGAGTTGCAGGCCTCC-1,0.041917,0.802344,0.000007,0.155732
AGATAACTTCAGGGCC-1,0.000088,0.000205,0.91736,0.082347
AGATAATCACACCTAT-1,0.154997,0.460772,0.008696,0.375534
AGATACCAATAGAACC-1,0.126041,0.836511,0.017788,0.019659
AGATACCAGCACTTCA-1,0.124655,0.566146,0.067249,0.24195
AGATACCGGTGTTCAC-1,0.000472,0.087024,0.217813,0.694691
AGATACTCAAGATCGA-1,0.262001,0.086538,0.026812,0.62465
AGATATAATACGACTA-1,0.198869,0.492902,0.000099,0.308129
AGATCGTGCATAAGAT-1,0.026807,0.00989,0.104964,0.858339
AGATCTCAGGTGTGAT-1,0.477579,0.037498,0.000032,0.484891
AGATCTGGAGAGGATA-1,0.105553,0.540796,0.013558,0.340094
AGATGACTCGCCCACG-1,0.797329,0.196108,0.000012,0.006551
AGATGAGGGTTGCGAT-1,0.502821,0.324659,0.032359,0.140161
AGATGATGGAGTCTGG-1,0.274847,0.326433,0.00002,0.3987
AGATGCAAGACGTGCA-1,0.360875,0.469051,0.000012,0.170062
AGATGCATCCTGTGTC-1,0.014969,0.763765,0.028815,0.19245
AGATTATAGGACGTTT-1,0.879535,0.059996,0.011357,0.049112
AGATTCAAGCGGGTCG-1,0.033118,0.332347,0.01291,0.621625
AGATTCACAACCGATA-1,0.060694,0.290904,0.09603,0.552372
AGCAAAGGCCGCTAGT-1,0.12255,0.189035,0.041132,0.647283
AGCAACATATCTTATT-1,0.782431,0.215939,0.000007,0.001624
AGCAACCGAAAGTAAT-1,0.478545,0.508853,0.003323,0.009278
AGCACACGTTTAGACT-1,0.000191,0.376959,0.033394,0.589455
AGCACCAGTACTCACG-1,0.185128,0.087032,0.000037,0.727803
AGCACTACCGGCCTGT-1,0.747756,0.247365,0.000009,0.00487
AGCACTACCTCACCAG-1,0.221456,0.158202,0.010534,0.609807
AGCACTTAAGGACGCC-1,0.049141,0.262223,0.467437,0.221199
AGCAGAAGGAGAAAGA-1,0.260517,0.324135,0.112798,0.30255
AGCAGCCAGATGAATA-1,0.325604,0.037146,0.000033,0.637216
AGCAGTCGAAGCATGC-1,0.314154,0.44517,0.024518,0.216159
AGCATATCAATATGCT-1,0.041831,0.225987,0.024349,0.707833
AGCATCATTTCGAAAG-1,0.350987,0.533877,0.023691,0.091445
AGCATCGTCGATAATT-1,0.774162,0.013863,0.000014,0.21196
AGCATTACGAGGCAAG-1,0.279109,0.720872,0.000006,0.000012
AGCCAAGCTTTGTGTC-1,0.433491,0.384007,0.068626,0.113876
AGCCACAGGTTACCCG-1,0.197334,0.601048,0.039957,0.161662
AGCCACTCCCGTGCTT-1,0.56648,0.37668,0.007456,0.049384
AGCCATATAGTATGTG-1,0.290814,0.536246,0.027135,0.145805
AGCCCATACATGTAAG-1,0.492532,0.217996,0.000019,0.289454
AGCCCGCAACAAGCAG-1,0.560096,0.421743,0.004409,0.013752
AGCCCGCACTACAATG-1,0.00526,0.954825,0.028042,0.011872
AGCCCGGCATTAGAGG-1,0.000886,0.366182,0.067755,0.565177
AGCCCGGTAGCCTGTA-1,0.000097,0.000227,0.574151,0.425526
AGCCCTAAGCGAAGTT-1,0.608201,0.14029,0.039834,0.211676
AGCCCTCCCTGGTGGC-1,0.000062,0.415393,0.150222,0.434323
AGCCCTGTCGCACCGT-1,0.016496,0.878259,0.105236,0.000009
AGCCCTTCTAATCCGA-1,0.499008,0.471496,0.0274,0.002096
AGCCCTTGGACATCCC-1,0.167153,0.829629,0.000013,0.003205
AGCCGCAAATTCAAAT-1,0.068884,0.787899,0.000217,0.143001
AGCCGCTTGATTAGCG-1,0.488231,0.308582,0.000014,0.203173
AGCCGTGGCTAAATGT-1,0.349807,0.58327,0.000011,0.066913
AGCCTAATACCCACGT-1,0.297879,0.46188,0.024977,0.215264
AGCCTTAAAGCGGAAG-1,0.38324,0.034381,0.000019,0.582361
AGCCTTGTCACTGATA-1,0.034436,0.965451,0.000038,0.000076
AGCGACAGGAACGGTC-1,0.000088,0.000206,0.941637,0.058069
AGCGACATCCCATTCA-1,0.586655,0.026779,0.000029,0.386538
AGCGACCAACGATATT-1,0.508334,0.050049,0.000021,0.441597
AGCGACTTTGAAGACA-1,0.025992,0.175583,0.578513,0.219912
AGCGAGACGTGAAGGC-1,0.179024,0.442465,0.022042,0.356469
AGCGATGCGCCTAATA-1,0.115969,0.781311,0.008784,0.093936
AGCGCATAATGAATCG-1,0.642744,0.074674,0.000016,0.282566
AGCGCGGGTGCCAATG-1,0.492924,0.396684,0.011353,0.099039
AGCGCTAGAGCGATGT-1,0.013647,0.926865,0.025931,0.033557
AGCGCTTATGGGCAAG-1,0.586575,0.043109,0.024634,0.345681
AGCGGACACTTCGTAG-1,0.399912,0.091852,0.061993,0.446243
AGCGGCGGTTAGCGGT-1,0.187208,0.628616,0.136289,0.047888
AGCGGGAAGGGTCCAT-1,0.64619,0.032508,0.000082,0.32122
AGCGGGTCTGACACTC-1,0.255339,0.567198,0.068901,0.108561
AGCGGTTGAGATGTAC-1,0.302763,0.016828,0.001711,0.678697
AGCGGTTGCCGCTCTG-1,0.244475,0.570769,0.010211,0.174545
AGCGTGGTATTCTACT-1,0.878714,0.105676,0.00825,0.00736
AGCGTTCCGATTTAAA-1,0.577971,0.027602,0.000026,0.3944
AGCTAACAAGCAATGT-1,0.416341,0.510095,0.003399,0.070164
AGCTAAGCTCCGTCCG-1,0.116124,0.300334,0.087811,0.495731
AGCTAAGTACGCAGGC-1,0.16969,0.628862,0.014831,0.186617
AGCTACGAATGGTGGT-1,0.016892,0.435605,0.161554,0.385949
AGCTAGAAGCAGAAGT-1,0.023151,0.010564,0.087172,0.879113
AGCTATTTAATCCAAC-1,0.537135,0.130606,0.122255,0.210004
AGCTCCATATATGTTC-1,0.050087,0.933687,0.01621,0.000015
AGCTCCTTCGCACATC-1,0.206214,0.497451,0.050106,0.246228
AGCTCGTTGATGGAAA-1,0.325364,0.502964,0.003306,0.168366
AGCTCTAGACGTTCCA-1,0.496485,0.151986,0.018057,0.333473
AGCTCTTCCCAGTGCA-1,0.515124,0.4697,0.000012,0.015165
AGCTCTTCGTAACCTT-1,0.316631,0.646826,0.007502,0.029041
AGCTCTTTACTCAGTT-1,0.000136,0.000317,0.697085,0.302462
AGCTGAAGTAAACCAA-1,0.446498,0.271967,0.032034,0.249502
AGCTGCATTTGAGGTG-1,0.185541,0.384646,0.037533,0.39228
AGCTGCTGTGCCGAAT-1,0.109355,0.304224,0.000026,0.586395
AGCTGTAACCTCAATC-1,0.085585,0.426106,0.000027,0.488282
AGCTTCAATACTTTGA-1,0.891717,0.006281,0.000013,0.101988
AGCTTCTTCTCGAGCA-1,0.171005,0.811677,0.014033,0.003286
AGCTTGATCAGGGTAG-1,0.048094,0.743285,0.074991,0.13363
AGCTTGATCTTAACTT-1,0.040385,0.457221,0.064195,0.438199
AGGAACGAACGACTTC-1,0.137704,0.793663,0.03921,0.029423
AGGAAGCTGTCCGCCG-1,0.414601,0.079318,0.003291,0.50279
AGGACAGTCGAATCCC-1,0.249771,0.278448,0.173912,0.297869
AGGACATCGCACGTCG-1,0.618502,0.023854,0.166689,0.190955
AGGACATCGGCACACT-1,0.000046,0.897406,0.011545,0.091003
AGGACGACCCATTAGA-1,0.000145,0.000338,0.378797,0.62072
AGGACGCTCGATGTTG-1,0.178212,0.67089,0.000019,0.15088
AGGACTTATAGGAGAA-1,0.487439,0.184029,0.000018,0.328515
