Barcode,Topic 1to5,Topic 6,Topic 7,Topic 8to9,Topic 10to12
AAACAACGAATAGTTC-1,0.100508,0.00003,0.00003,0.389361,0.510071
AAACAAGTATCTCCCA-1,0.28486,0.305377,0.215984,0.000702,0.193077
AAACAATCTACTAGCA-1,0.260103,0.040249,0.090536,0.000266,0.608846
AAACACCAATAACTGC-1,0.624986,0.045966,0.195272,0.117328,0.016448
AAACAGAGCGACTCCT-1,0.000353,0.000071,0.000071,0.348541,0.650966
AAACAGCTTTCAGAAG-1,0.400487,0.240914,0.078274,0.125609,0.154717
AAACAGGGTCTATATT-1,0.000134,0.218181,0.000027,0.774192,0.007466
AAACAGTGTTCCTGGG-1,0.806293,0.057488,0.024906,0.101632,0.00968
AAACATGGTGAGAGGA-1,0.000072,0.365988,0.001111,0.542311,0.090519
AAACATTTCCCGGATT-1,0.070856,0.250302,0.276212,0.326315,0.076316
AAACCCGAACGAAATC-1,0.113763,0.126048,0.348062,0.001389,0.410737
AAACCGGAAATGTTAA-1,0.000255,0.000051,0.000051,0.384683,0.61496
AAACCGGGTAGGTACC-1,0.278415,0.063608,0.006861,0.232087,0.419029
AAACCGTTCGTCCAGG-1,0.601827,0.002315,0.050569,0.231323,0.113966
AAACCTAAGCAGCCGG-1,0.351242,0.044072,0.136471,0.436833,0.031382
AAACCTCATGAAGTTG-1,0.281158,0.056188,0.007138,0.398784,0.256732
AAACGAAGAACATACC-1,0.132992,0.021313,0.110106,0.000041,0.735548
AAACGAAGATGGAGTA-1,0.068132,0.000969,0.119576,0.609005,0.202319
AAACGAGACGGTTGAT-1,0.134524,0.000029,0.013045,0.589499,0.262902
AAACGCTGGGCACGAC-1,0.171991,0.128213,0.024947,0.304822,0.370028
AAACGGGCGTACGGGT-1,0.006467,0.006525,0.030811,0.955845,0.000351
AAACGGGTTGGTATCC-1,0.184143,0.060928,0.00754,0.087326,0.660063
AAACGGTTGCGAACTG-1,0.368977,0.000021,0.075193,0.467007,0.088803
AAACTCGGTTCGCAAT-1,0.563007,0.11975,0.032752,0.20335,0.081141
AAACTGCTGGCTCCAA-1,0.6455,0.000013,0.006713,0.160408,0.187366
AAACTTAATTGCACGC-1,0.000129,0.457959,0.000026,0.541035,0.000851
AAACTTGCAAACGTAT-1,0.111956,0.360503,0.012392,0.278384,0.236765
AAAGAATGACCTTAGA-1,0.090181,0.044713,0.052608,0.658706,0.153791
AAAGAATGTGGACTAA-1,0.003345,0.11309,0.283364,0.540379,0.059821
AAAGACCCAAGTCGCG-1,0.619513,0.057433,0.03004,0.091951,0.201063
AAAGACTGGGCGCTTT-1,0.22278,0.000029,0.009619,0.396645,0.370928
AAAGGCCCTATAATAC-1,0.013949,0.418917,0.035598,0.530788,0.000748
AAAGGCTACGGACCAT-1,0.472607,0.006784,0.030296,0.226368,0.263945
AAAGGCTCTCGCGCCG-1,0.47312,0.013096,0.030126,0.210958,0.272701
AAAGGGATGTAGCAAG-1,0.485994,0.000026,0.000026,0.317433,0.196521
AAAGGGCAGCTTGAAT-1,0.060878,0.006143,0.000028,0.29495,0.638001
AAAGTAGCATTGCTCA-1,0.706614,0.081576,0.048462,0.065225,0.098124
AAAGTCACTGATGTAA-1,0.171701,0.000032,0.002455,0.198256,0.627556
AAAGTCGACCCTCAGT-1,0.000205,0.000041,0.000041,0.942099,0.057613
AAAGTGCCATCAATTA-1,0.000185,0.000037,0.000037,0.506878,0.492863
AAAGTGTGATTTATCT-1,0.26709,0.02914,0.010344,0.351112,0.342314
AAAGTTGACTCCCGTA-1,0.109323,0.004249,0.054302,0.401678,0.430449
AAATAACCATACGGGA-1,0.192507,0.00006,0.062604,0.071565,0.673263
AAATACCTATAAGCAT-1,0.557661,0.115004,0.025793,0.050516,0.251026
AAATAGCTTAGACTTT-1,0.150347,0.00415,0.105672,0.065041,0.67479
AAATAGGGTGCTATTG-1,0.025451,0.146946,0.000034,0.600175,0.227395
AAATCCGATACACGCC-1,0.44569,0.166704,0.123492,0.219413,0.044702
AAATCGCGGAAGGAGT-1,0.084684,0.025704,0.071606,0.727323,0.090683
AAATCGTGTACCACAA-1,0.151312,0.000038,0.006457,0.432626,0.409567
AAATCTAGCCCTGCTA-1,0.078728,0.002047,0.17219,0.531209,0.215825
AAATCTGCCCGCGTCC-1,0.084371,0.188296,0.001337,0.484997,0.240998
AAATGACTGATCAAAC-1,0.235087,0.029944,0.015555,0.632987,0.086426
AAATGCTCGTTACGTT-1,0.341685,0.000021,0.000021,0.002554,0.655719
AAATGGCATGTCTTGT-1,0.533709,0.000018,0.011518,0.000036,0.454718
AAATGGCCCGTGCCCT-1,0.522076,0.244361,0.010499,0.049024,0.17404
AAATGGTCAATGTGCC-1,0.366018,0.000021,0.005702,0.192534,0.435724
AAATGTATCTTATCCC-1,0.095421,0.006386,0.056636,0.684389,0.157167
AAATGTGGGTGCTCCT-1,0.003002,0.142906,0.067683,0.119608,0.6668
AAATTAACGGGTAGCT-1,0.282002,0.000026,0.004016,0.163767,0.550189
AAATTAATAAGCGCGA-1,0.18295,0.187943,0.00295,0.482534,0.143624
AAATTACACGACTCTG-1,0.285464,0.000033,0.082894,0.001802,0.629807
AAATTACCTATCGATG-1,0.151627,0.00291,0.071862,0.21336,0.56024
AAATTCCAGGTCCAAA-1,0.000343,0.000069,0.000069,0.369231,0.630289
AAATTGATAGTCCTTT-1,0.526695,0.000024,0.06752,0.240429,0.165332
AAATTGCGGCGGTTCT-1,0.000207,0.000041,0.000041,0.80205,0.197661
AAATTTGCGGGTGTGG-1,0.310412,0.00254,0.003987,0.492183,0.190879
AACAACTGGTAGTTGC-1,0.085658,0.041258,0.000049,0.495356,0.377679
AACAATACATTGTCGA-1,0.541292,0.159826,0.025534,0.211996,0.061352
AACAATTACTCTACGC-1,0.128299,0.175187,0.000036,0.479795,0.216683
AACACACGCTCGCCGC-1,0.258237,0.013875,0.07453,0.36458,0.288779
AACACGACTGTACTGA-1,0.178766,0.012324,0.083554,0.013951,0.711404
AACACGAGACGCGGCC-1,0.162185,0.313241,0.005568,0.366615,0.152391
AACACGCGGCCGCGAA-1,0.292285,0.039764,0.051074,0.083612,0.533265
AACAGCTGTGTGGCAA-1,0.265711,0.065517,0.057576,0.514592,0.096603
AACAGGAAATCGAATA-1,0.196077,0.000035,0.000035,0.160271,0.643581
AACAGGATGGGCCGCG-1,0.057616,0.07006,0.000034,0.46437,0.407921
AACAGGTAGTATGGAT-1,0.343711,0.08302,0.17458,0.008817,0.389871
AACATAGCGTGTATCG-1,0.358617,0.001328,0.082524,0.451094,0.106438
AACATATCAACTGGTG-1,0.169311,0.009815,0.130337,0.0001,0.690437
AACATTGAAGTTGATC-1,0.216977,0.164027,0.184586,0.348407,0.086003
AACATTGGTCAGCCGT-1,0.000244,0.000049,0.000049,0.796535,0.203124
AACATTGTGACTCGAG-1,0.33199,0.027059,0.01102,0.409961,0.21997
AACCAAGACTTCTCTG-1,0.300464,0.250917,0.009574,0.28693,0.152115
AACCATAGGGTTGAAC-1,0.000106,0.010974,0.000021,0.91861,0.070288
AACCATGGGATCGCTA-1,0.316974,0.018961,0.002701,0.067868,0.593497
AACCCAGAGACGGAGA-1,0.626423,0.000021,0.000021,0.132498,0.241037
AACCCATCCCATGATC-1,0.615373,0.161167,0.008014,0.163297,0.052149
AACCCGACAACCCGTG-1,0.244986,0.041885,0.010298,0.619464,0.083367
AACCCGAGCAGAATCG-1,0.131523,0.295888,0.386716,0.006871,0.179003
AACCCGCTGTATTCCA-1,0.521416,0.388348,0.01293,0.050022,0.027284
AACCCTACTGTCAATA-1,0.463485,0.011153,0.083034,0.063736,0.378591
AACCCTGGTGGAACCA-1,0.029386,0.147551,0.081671,0.019687,0.721705
AACCGAGCTTGGTCAT-1,0.000265,0.000053,0.000053,0.703744,0.295886
AACCGCTAAGGGATGC-1,0.143246,0.000023,0.07211,0.355319,0.429301
AACCGTTGTGTTTGCT-1,0.432414,0.021552,0.001509,0.051114,0.493411
AACCTCGCTTTAGCCC-1,0.56562,0.093555,0.035253,0.188603,0.116969
AACCTGTCACGGAATT-1,0.000274,0.000055,0.000055,0.064409,0.935208
AACCTTTAAATACGGT-1,0.73924,0.001325,0.005812,0.190331,0.063291
AACCTTTACGACGTCT-1,0.161409,0.000037,0.009648,0.005662,0.823244
AACGAAAGTCGTCCCA-1,0.445375,0.005523,0.118507,0.33491,0.095685
AACGACCTCCTAGCCG-1,0.008436,0.16322,0.58427,0.080995,0.163079
AACGATAATGCCGTAG-1,0.093843,0.00003,0.005342,0.728192,0.172593
AACGATAGAAGGGCCG-1,0.392951,0.000027,0.00741,0.210653,0.388958
AACGATATGTCAACTG-1,0.595183,0.000019,0.049141,0.011358,0.344299
AACGCATGATCTGGGT-1,0.046867,0.00007,0.00007,0.137438,0.815554
AACGCGAACGGCAACA-1,0.148116,0.00003,0.00003,0.682332,0.169492
AACGCGACCTTGGGCG-1,0.650211,0.001789,0.040026,0.17437,0.133604
AACGCGGTCTCCAGCC-1,0.569897,0.023218,0.000031,0.172876,0.233978
AACGCTGTTGCTGAAA-1,0.219233,0.00003,0.127568,0.410043,0.243127
AACGGACGTACGTATA-1,0.144673,0.000028,0.086522,0.472939,0.295838
AACGGCCATCTCCGGT-1,0.747915,0.015732,0.005916,0.014516,0.215921
AACGTACTGTGGGTAC-1,0.450915,0.025509,0.013752,0.119735,0.39009
AACGTAGTCTACCCAT-1,0.000316,0.000035,0.013584,0.078627,0.90744
AACGTCAGACTAGTGG-1,0.778704,0.020322,0.001559,0.011276,0.18814
AACGTCATCCGGCTTG-1,0.270308,0.001895,0.066925,0.594093,0.066779
AACGTCGCTGCACTTC-1,0.094783,0.039773,0.255404,0.425243,0.184796
AACGTGATGAAGGACA-1,0.000395,0.000079,0.000079,0.375796,0.623651
AACGTGCGAAAGTCTC-1,0.193698,0.000044,0.030922,0.209973,0.565362
AACGTTATCAGCACCT-1,0.104551,0.087967,0.000029,0.383523,0.42393
AACTACCCGTTTGTCA-1,0.255447,0.026796,0.150537,0.081415,0.485805
AACTAGCGTATCGCAC-1,0.160256,0.087803,0.036697,0.000047,0.715197
AACTAGGCTTGGGTGT-1,0.678764,0.057036,0.00961,0.064312,0.190278
AACTCAAGTTAATTGC-1,0.662265,0.000017,0.000017,0.034238,0.303463
AACTCCAGAGCGTGTT-1,0.59893,0.020656,0.057975,0.006371,0.316068
AACTCCTAATCCCATG-1,0.000369,0.000074,0.000074,0.488604,0.510879
AACTCGATAAACACGT-1,0.934145,0.000008,0.003916,0.000617,0.061315
AACTCGATGGCGCAGT-1,0.869637,0.110969,0.000631,0.000023,0.01874
AACTCTCAATAGAGCG-1,0.625017,0.000015,0.036698,0.046646,0.291625
AACTCTCAGTGTGCTC-1,0.412821,0.267825,0.017482,0.254994,0.046879
AACTGATATTAGGCCT-1,0.508446,0.000027,0.006203,0.085189,0.400135
AACTGGGTCCCGACGT-1,0.701222,0.000016,0.003297,0.071656,0.223809
AACTGGTGTGGGCCTT-1,0.666721,0.009456,0.010192,0.000025,0.313606
AACTTCTGCGTCTATC-1,0.312156,0.000166,0.000475,0.219532,0.467672
AACTTGCCCGTATGCA-1,0.119675,0.000035,0.000035,0.462985,0.41727
AACTTGCGTTCTCGCG-1,0.873365,0.036321,0.000011,0.000023,0.09028
AACTTTACGGGAGCTT-1,0.048019,0.000033,0.005455,0.753942,0.192551
AACTTTAGCTGCTGAG-1,0.029367,0.000046,0.04244,0.264022,0.664125
AAGAAAGTTTGATGGG-1,0.000114,0.000023,0.005889,0.922459,0.071515
AAGAAGGATCAGTTAG-1,0.353559,0.00002,0.005205,0.126991,0.514224
AAGACATACGTGGTTT-1,0.23751,0.360237,0.257196,0.001135,0.143921
AAGACCAAATAACTCA-1,0.000125,0.019568,0.000025,0.907836,0.072446
AAGACCCAACTGAACA-1,0.521227,0.011089,0.038685,0.219433,0.209565
AAGACTAACCCGTTGT-1,0.036354,0.115667,0.000401,0.375209,0.472368
AAGACTGCAAGCTACT-1,0.632639,0.000019,0.000019,0.143085,0.224238
AAGAGATGAATCGGTA-1,0.146057,0.000034,0.000034,0.423151,0.430724
AAGAGCTCTTTATCGG-1,0.539202,0.000028,0.000028,0.199535,0.261208
AAGAGGATGTACGCGA-1,0.064752,0.000033,0.000033,0.341934,0.593249
AAGAGGCATGGATCGC-1,0.514228,0.021537,0.137027,0.178202,0.149006
AAGAGGCCCTTTGGAA-1,0.108294,0.066767,0.230075,0.312347,0.282516
AAGATGGCACCGGACC-1,0.223648,0.176733,0.027496,0.446713,0.125409
AAGATTGGCGGAACGT-1,0.271545,0.070561,0.005705,0.001131,0.651058
AAGCACCCTGCGTATC-1,0.686651,0.13296,0.017098,0.04218,0.121112
AAGCATACTCTCCTGA-1,0.381151,0.001557,0.021587,0.417936,0.177769
AAGCCACTTGCAGGTA-1,0.262632,0.221181,0.000049,0.499035,0.017103
AAGCCGAAGCGGTTTA-1,0.145477,0.000027,0.111236,0.242779,0.500481
AAGCCGCCGTGAAATC-1,0.451707,0.260421,0.151152,0.106074,0.030646
AAGCCGGAGAGCAGGA-1,0.025966,0.115375,0.019477,0.23173,0.607453
AAGCGCAGGGCTTTGA-1,0.303746,0.056404,0.023654,0.595684,0.020513
AAGCGTCCCTCATCGA-1,0.452638,0.238351,0.00076,0.120844,0.187408
AAGCTAGATCGAGTAA-1,0.753754,0.002145,0.019558,0.05116,0.173383
AAGCTATGGATTGACC-1,0.00463,0.000926,0.685331,0.306336,0.002778
AAGCTCGTGCCAAGTC-1,0.520286,0.000024,0.004788,0.101871,0.373031
AAGCTCTTTCATGGTG-1,0.489872,0.000019,0.143748,0.255912,0.110449
AAGGAGAACTTATAAG-1,0.000237,0.022183,0.006401,0.28192,0.689258
AAGGAGCGGTTGGTGC-1,0.339015,0.018575,0.000021,0.095201,0.547188
AAGGATCGATCGCTTG-1,0.232731,0.031523,0.124844,0.007082,0.60382
AAGGATGAGGGACCTC-1,0.414608,0.000018,0.022318,0.030553,0.532503
AAGGCAGGCTGTCTCC-1,0.000251,0.00005,0.00005,0.303023,0.696626
AAGGCGCGTAAAGCTT-1,0.240659,0.000022,0.000022,0.312796,0.446501
AAGGCTGTGCTCATCG-1,0.471753,0.123122,0.005079,0.043056,0.356991
AAGGGAACGACTGGCT-1,0.711573,0.07046,0.130025,0.032308,0.055634
AAGGGACAGATTCTGT-1,0.204962,0.000027,0.039323,0.190406,0.565282
AAGGGACTATGCATTC-1,0.256532,0.017896,0.029082,0.567617,0.128874
AAGGGTTTGATTTCAG-1,0.000137,0.000027,0.000027,0.679961,0.319847
AAGGTATCCTAATATA-1,0.483007,0.040794,0.017578,0.080173,0.378448
AAGGTGATAAACCAGC-1,0.291615,0.004516,0.022341,0.45,0.231527
AAGTAAGCTTCCAAAC-1,0.207659,0.087366,0.114755,0.002784,0.587436
AAGTAGAAGACCGGGT-1,0.074931,0.000034,0.000034,0.418681,0.506319
AAGTAGTGACGCGAGG-1,0.422296,0.056542,0.001255,0.088759,0.431148
AAGTCAATTGTCGTCA-1,0.251989,0.059691,0.152222,0.196243,0.339856
AAGTCTTCTGTGGCCT-1,0.027659,0.162156,0.000022,0.588992,0.221171
AAGTGACGACCGAATT-1,0.64298,0.081538,0.001375,0.112852,0.161255
AAGTGAGTCGGGTTTA-1,0.370488,0.041388,0.01867,0.471225,0.098227
AAGTGCAAAGGTAGAC-1,0.117854,0.253298,0.001908,0.411474,0.215467
AAGTGCCTTGACTGTA-1,0.17536,0.000034,0.109426,0.210478,0.504701
AAGTGCGTTAGAATCT-1,0.891805,0.057344,0.002438,0.000667,0.047747
AAGTGCTTCTCTATTG-1,0.478352,0.029338,0.027149,0.410493,0.054669
AAGTGTTTGGAGACGG-1,0.015161,0.000033,0.001364,0.753611,0.229831
AAGTTCACTCCAAGCT-1,0.356027,0.000027,0.067604,0.360821,0.215521
AAGTTCAGTCTGCGTA-1,0.000348,0.00007,0.00007,0.000139,0.999373
AAGTTCGGCCAACAGG-1,0.326381,0.093584,0.031216,0.055931,0.492887
AAGTTGTGATGTTATA-1,0.109638,0.000025,0.149205,0.720992,0.020139
AAGTTTACTAATGGCA-1,0.07111,0.090611,0.104691,0.000068,0.73352
AAGTTTATGGGCCCAA-1,0.784507,0.001899,0.026788,0.143947,0.042858
AATAACAACGCTCGGC-1,0.41244,0.061837,0.020886,0.242289,0.262549
AATAACACTAGAACAA-1,0.275393,0.095219,0.002016,0.423472,0.2039
AATAACGTCGCGCCCA-1,0.02456,0.196558,0.36386,0.12145,0.293572
AATAAGTCCTCGAGAC-1,0.000432,0.000086,0.000086,0.319242,0.680154
AATAATCTTCGTATCG-1,0.000244,0.011245,0.000049,0.367329,0.621133
AATACAATGTTTCAGG-1,0.000222,0.000044,0.000044,0.656364,0.343324
AATACCGGAGGGCTGT-1,0.671626,0.000014,0.009823,0.153655,0.164882
AATACCTGATGTGAAC-1,0.117539,0.000022,0.215078,0.519445,0.147915
AATAGAACAGAGTGGC-1,0.233257,0.001674,0.02423,0.237697,0.503142
AATAGAATCTGTTTCA-1,0.095117,0.678097,0.041352,0.166466,0.018968
AATAGGCACGACCCTT-1,0.006869,0.00004,0.00004,0.939686,0.053366
AATAGTCCGTCCCGAC-1,0.823264,0.003164,0.006102,0.029608,0.137863
AATAGTCGCGAGTCGG-1,0.087819,0.027965,0.000028,0.262537,0.621652
AATATCAAGGTCGGAT-1,0.111734,0.000034,0.000034,0.082032,0.806166
AATATCCTAGCAAACT-1,0.284755,0.382975,0.092039,0.115885,0.124346
AATATCGAATCAATGC-1,0.449322,0.094713,0.271717,0.00346,0.180788
AATATCGAGGGTTCTC-1,0.150247,0.005323,0.151763,0.000034,0.692634
AATATTGGAGTATTGA-1,0.589149,0.251889,0.000011,0.015508,0.143443
AATCAGACTGCAGGAC-1,0.000294,0.000059,0.000059,0.925752,0.073836
AATCAGGTTTCATTTA-1,0.216221,0.018169,0.010394,0.638527,0.116688
AATCATGTAAAGACTC-1,0.217437,0.004259,0.238238,0.301113,0.238953
AATCCAAGGGCCTGAG-1,0.199285,0.159381,0.00003,0.087643,0.553661
AATCCATGCAAGGGTG-1,0.242882,0.000037,0.000037,0.451448,0.305596
AATCCCGCTCAGAGCC-1,0.546168,0.039046,0.071199,0.192094,0.151494
AATCGAGGTCTCAAGG-1,0.322456,0.009755,0.114852,0.517389,0.035547
AATCGCCTCAGCGCCA-1,0.220511,0.000025,0.006098,0.483574,0.289792
AATCGCGCAGAGGACT-1,0.017676,0.009054,0.224539,0.027293,0.721439
AATCGGGACACTACGA-1,0.528488,0.020666,0.032668,0.002084,0.416094
AATCGGTATAGCCCTC-1,0.196941,0.009248,0.41011,0.297756,0.085945
AATCGTGAGCCGAGCA-1,0.471181,0.509681,0.010147,0.002561,0.00643
AATCTAGGTTTACTTG-1,0.000212,0.000042,0.000042,0.999575,0.000127
AATCTATGCCGGAGCC-1,0.000426,0.000085,0.000085,0.216802,0.782601
AATCTCTACTGTGGTT-1,0.00054,0.000047,0.000047,0.845605,0.153762
AATCTGCGTTGGGACG-1,0.48422,0.000014,0.043306,0.07045,0.402011
AATCTGGCTTTCTAGT-1,0.000215,0.000043,0.000043,0.989906,0.009793
AATGACAGCAATGTCT-1,0.022119,0.063498,0.00004,0.653698,0.260645
AATGACGTAGGATGTC-1,0.80026,0.090553,0.00394,0.025371,0.079876
AATGACTGTCAGCCGG-1,0.079227,0.000031,0.003717,0.291585,0.625441
AATGAGTTCGCATATG-1,0.433687,0.000032,0.004194,0.102913,0.459172
AATGATGATACGCTAT-1,0.181329,0.008887,0.08756,0.019376,0.702849
AATGATGCGACTCCTG-1,0.090989,0.052186,0.05687,0.010275,0.789681
AATGCAACCGGGTACC-1,0.0879,0.000055,0.000055,0.618286,0.293705
AATGCACCAAGCAATG-1,0.000126,0.019836,0.089433,0.101989,0.788617
AATGGTCCACCGTTCA-1,0.255819,0.10826,0.001922,0.045558,0.58844
AATGGTTCTCACAAGC-1,0.364777,0.000033,0.000033,0.131318,0.503839
AATGTATGGCACTGTA-1,0.000175,0.022766,0.000035,0.853749,0.123274
AATGTGCCCGAGGTGT-1,0.459365,0.051321,0.013837,0.155668,0.31981
AATGTGCTAATCTGAG-1,0.000105,0.25729,0.000021,0.737124,0.005461
AATGTTAAGACCCTGA-1,0.523946,0.114438,0.016858,0.24602,0.098738
AATGTTGTCGTGAGAC-1,0.124984,0.041819,0.375583,0.369608,0.088006
AATTAAAGGTCGGCGT-1,0.37313,0.058398,0.004717,0.111697,0.452057
AATTAACGGATTTCCA-1,0.361912,0.018166,0.082298,0.218955,0.318668
AATTACGAGACCCATC-1,0.279096,0.11415,0.255057,0.27003,0.081667
AATTACTCGTACGCTC-1,0.130415,0.022593,0.000035,0.084189,0.762769
AATTAGCGCTGCAGCG-1,0.265855,0.000023,0.021407,0.346648,0.366067
AATTATACCCAGCAAG-1,0.530593,0.050023,0.186727,0.09311,0.139547
AATTCATAAGGGATCT-1,0.006945,0.000038,0.022809,0.197327,0.772882
AATTCATTGTCATGCA-1,0.00014,0.241153,0.000028,0.758596,0.000084
AATTCCAACTTGGTGA-1,0.567166,0.000013,0.008543,0.08396,0.340319
AATTCCAAGCATGTAC-1,0.323567,0.003026,0.010622,0.556272,0.106514
AATTCGATTCGAGGAT-1,0.90684,0.045107,0.013137,0.000326,0.03459
AATTCTAGAGTTAGGC-1,0.869237,0.099207,0.000394,0.004236,0.026925
AATTGAACGCTCTGGT-1,0.243736,0.058713,0.017453,0.183661,0.496437
AATTGCAGCAATCGAC-1,0.184267,0.23666,0.133412,0.23999,0.205671
AATTGCGTGGATTACA-1,0.00288,0.000034,0.013228,0.87692,0.106938
AATTGTGGTTGCCAAA-1,0.042482,0.204874,0.59678,0.018952,0.136912
AATTTGGGACATAGTA-1,0.000532,0.000106,0.000106,0.29703,0.702225
AATTTGGTTCCAAAGA-1,0.382277,0.000034,0.002113,0.017027,0.598549
ACAAACCATGCGTCCT-1,0.027085,0.014476,0.01263,0.813764,0.132045
ACAAACTCCATCAGAG-1,0.008807,0.301284,0.000025,0.679697,0.010186
ACAAAGAAGGTAGGCC-1,0.069377,0.019196,0.008792,0.741835,0.1608
ACAAAGCATGACCTAG-1,0.423278,0.032509,0.182284,0.093118,0.268811
ACAAATCGCACCGAAT-1,0.098392,0.010256,0.025745,0.712133,0.153474
ACAAATGGTAGTGTTT-1,0.080005,0.117467,0.032744,0.547412,0.222372
ACAACAGCATGAGCTA-1,0.023207,0.000041,0.000041,0.707409,0.269301
ACAACGGTCCCTGCGA-1,0.129602,0.08945,0.000032,0.190405,0.590511
ACAAGCAGTGCCTAGC-1,0.174554,0.011384,0.000028,0.407486,0.406547
ACAAGCTATATGGAAG-1,0.126434,0.000018,0.023066,0.425772,0.42471
ACAAGGAAATCCGCCC-1,0.04098,0.093232,0.000031,0.565086,0.300671
ACAAGGACAAGAGGTT-1,0.195709,0.021907,0.000031,0.499454,0.2829
ACAAGGATGCTTTAGG-1,0.181221,0.004371,0.017596,0.538421,0.25839
ACAAGGGCAGGCTCTG-1,0.627404,0.030536,0.000016,0.233574,0.10847
ACAAGTAATTGTAAGG-1,0.000454,0.214839,0.000091,0.784343,0.000273
ACAATAGTCGTACGTT-1,0.281134,0.000027,0.00816,0.408023,0.302655
ACAATCCATTTAAACC-1,0.336853,0.100298,0.011408,0.094356,0.457084
ACAATCGATCTTTATA-1,0.172006,0.025612,0.007446,0.025716,0.76922
ACAATGAATACGGAGA-1,0.164188,0.063245,0.002466,0.528447,0.241654
ACAATTGTGTCTCTTT-1,0.343568,0.082582,0.140813,0.168047,0.26499
ACAATTTAGGAGGCTC-1,0.303347,0.00217,0.002365,0.149034,0.543084
ACAATTTGAGCAGTGG-1,0.617844,0.000015,0.00216,0.065672,0.314309
ACACAAAGACGGGTGG-1,0.089952,0.000038,0.000038,0.47715,0.432823
ACACACCAGGACCAGT-1,0.599061,0.014294,0.071691,0.017113,0.297841
ACACACTTTCTACACG-1,0.119648,0.000057,0.000057,0.3226,0.557639
ACACATGATCAAATCT-1,0.289538,0.063551,0.130065,0.352425,0.164421
ACACATTGACGCAACA-1,0.58441,0.038439,0.005941,0.136052,0.235158
ACACATTTCCGTAGAC-1,0.68477,0.190969,0.010315,0.092965,0.020981
ACACCCAGCATGCAGC-1,0.577171,0.165914,0.000017,0.007919,0.248979
ACACCCGAGAAATCCG-1,0.637628,0.000012,0.001519,0.000024,0.360817
ACACCGAGCGCTCTTT-1,0.935857,0.033789,0.001169,0.000176,0.029008
ACACCGGTCTGACCGC-1,0.152894,0.250548,0.212016,0.372822,0.011719
ACACCTTAAGTAGGGC-1,0.46879,0.108001,0.00094,0.031641,0.390627
ACACCTTACTACTTGC-1,0.028401,0.000029,0.079153,0.125423,0.766994
ACACGAGACTCCTTCT-1,0.122183,0.021202,0.0096,0.324434,0.522581
ACACGGCACTATGCAT-1,0.04429,0.092466,0.01199,0.23327,0.617983
ACACGGGAACTTAGGG-1,0.320303,0.000029,0.005637,0.246492,0.427539
ACACGTAGGCCACAAG-1,0.000168,0.002382,0.197568,0.520901,0.278981
ACACTCCAATGTCACT-1,0.269361,0.000027,0.000027,0.184454,0.546131
ACACTGATCAAGGTGT-1,0.661317,0.013695,0.009423,0.01726,0.298304
ACACTGGGACAGTCGT-1,0.000149,0.000029,0.142088,0.348074,0.509659
ACAGAACTGAGAACAA-1,0.200833,0.091507,0.005639,0.559491,0.14253
ACAGATTAGGTTAGTG-1,0.000335,0.000067,0.000067,0.479097,0.520434
ACAGCATAGAGCCAGT-1,0.000342,0.109214,0.000068,0.20817,0.682206
ACAGCGACATTCTCAT-1,0.218084,0.00003,0.257489,0.292611,0.231786
ACAGCGCACCCGCAGC-1,0.021537,0.102604,0.102474,0.000068,0.773316
ACAGGAGGCGCAGCCG-1,0.881078,0.030593,0.040485,0.000009,0.047834
ACAGGCACGGATCCTT-1,0.532644,0.062787,0.127756,0.069242,0.207571
ACAGGCTTGCCCGACT-1,0.531648,0.000024,0.069408,0.280281,0.118639
ACAGGTGGAGGTGAGG-1,0.651065,0.137479,0.005208,0.075847,0.130401
ACAGGTGTGTTGTTGC-1,0.219831,0.4027,0.062197,0.189709,0.125563
ACAGTAATACAACTTG-1,0.030896,0.033058,0.000029,0.636664,0.299353
ACATAAGTCGTGGTGA-1,0.412604,0.064017,0.054587,0.224952,0.24384
ACATAATAAGGCGGTG-1,0.080956,0.000051,0.000051,0.449788,0.469154
ACATACAATCAAGCGG-1,0.186971,0.000021,0.17531,0.603389,0.034309
ACATCAGCTGGGACGC-1,0.12929,0.123146,0.009501,0.543346,0.194717
ACATCCCGGCCATACG-1,0.677782,0.002802,0.012307,0.024792,0.282317
ACATCCTGGTAACTGT-1,0.369845,0.028444,0.102793,0.077324,0.421593
ACATCGATCGTTTACC-1,0.099397,0.139209,0.000032,0.438936,0.322426
ACATCGCAATATTCGG-1,0.337717,0.165475,0.065634,0.404847,0.026327
ACATCGGTCAGCCGCG-1,0.917594,0.003502,0.00187,0.000021,0.077013
ACATCGTATGCAATGG-1,0.055335,0.000035,0.082726,0.416831,0.445072
ACATCGTTAACCTAGT-1,0.129893,0.003861,0.180855,0.000044,0.685348
ACATCTCAACGCGTAA-1,0.000498,0.0001,0.0001,0.15544,0.843862
ACATGCTTACGGCAGC-1,0.000205,0.125246,0.000041,0.874385,0.000123
ACATGGCGCCAAAGTA-1,0.361454,0.034223,0.097515,0.152548,0.35426
ACATGGCTCAATTTAG-1,0.202041,0.01283,0.005451,0.269628,0.51005
ACATTAGTTTATATCC-1,0.570035,0.000029,0.000029,0.145077,0.284831
ACATTCGCGCGGAATA-1,0.140594,0.221666,0.028725,0.606915,0.0021
ACATTTGAAACCTAAC-1,0.023534,0.004268,0.218454,0.684441,0.069303
ACCAAACTAGAAATCC-1,0.000393,0.000079,0.000079,0.25617,0.743279
ACCAACCGCACTCCAC-1,0.191912,0.276098,0.132983,0.289452,0.109556
ACCAACGCTTATTTAT-1,0.430538,0.001628,0.025049,0.2691,0.273684
ACCAAGAACGCGTGTC-1,0.897536,0.086786,0.000011,0.000588,0.015079
ACCAAGTCATCGGCAG-1,0.000524,0.181063,0.164563,0.512827,0.141023
ACCAATATGCAAGTTA-1,0.004834,0.000046,0.000046,0.800979,0.194095
ACCACAACTCAGAACA-1,0.000397,0.000079,0.000079,0.287228,0.712216
ACCACAAGTTTCTATC-1,0.276346,0.108653,0.000025,0.161145,0.453831
ACCACACGGTTGATGG-1,0.354312,0.000022,0.139336,0.476266,0.030064
ACCACCAATGTAACAA-1,0.442851,0.001355,0.083676,0.007471,0.464647
ACCACGTGCAGCTATA-1,0.156457,0.011056,0.028947,0.611119,0.192422
ACCACTGTTCAAGAAG-1,0.361132,0.148291,0.000023,0.222394,0.268159
ACCAGACCATAACAAC-1,0.106921,0.085638,0.045221,0.48914,0.27308
ACCAGCCCGGTCTTTG-1,0.000591,0.000118,0.000118,0.288151,0.711022
ACCAGGAGTGTGATCT-1,0.043452,0.001972,0.228927,0.022302,0.703348
ACCAGTGCGGGAGACG-1,0.544718,0.069199,0.062695,0.20338,0.120009
ACCATATCCGCAATAA-1,0.875661,0.000012,0.004523,0.064182,0.055622
ACCATCCGCCAACTAG-1,0.092422,0.002893,0.062814,0.520267,0.321604
ACCATCGTATATGGTA-1,0.735266,0.063973,0.003024,0.026872,0.170866
ACCATTAAGGGTGTCA-1,0.145719,0.148777,0.000024,0.020408,0.685073
ACCCAACGCCCGTGGC-1,0.602921,0.00185,0.073519,0.004096,0.317614
ACCCACCTACATGCTC-1,0.074032,0.010326,0.000035,0.68377,0.231837
ACCCATCTTGAGGGTA-1,0.20631,0.000031,0.000031,0.098428,0.695199
ACCCATTTGTCCCTCT-1,0.000526,0.253034,0.079279,0.566237,0.100925
ACCCGAGCGAAATTAC-1,0.002196,0.130366,0.000019,0.821049,0.046369
ACCCGATTGGTTCCGA-1,0.152347,0.005072,0.012711,0.76918,0.06069
ACCCGGAAACTCCCAG-1,0.44288,0.318365,0.008676,0.085022,0.145058
ACCCGGAGCACCACAA-1,0.062458,0.013638,0.049922,0.207866,0.666115
ACCCGGATGACGCATC-1,0.510581,0.000017,0.061399,0.035851,0.392151
ACCCGGTTACACTTCC-1,0.545582,0.005508,0.009964,0.041079,0.397867
ACCCGTAGCAGAGAAT-1,0.000144,0.289198,0.000029,0.434629,0.276
ACCCGTAGTCTAGTTG-1,0.091051,0.119241,0.664879,0.026899,0.097929
ACCCGTGTCATCAGTA-1,0.645128,0.100256,0.015982,0.09509,0.143544
ACCCTATAGGACTGAG-1,0.411989,0.08444,0.000017,0.010156,0.493398
ACCCTATGCCATATCG-1,0.240025,0.23947,0.000032,0.368829,0.151645
ACCCTCCCGTCAGGGC-1,0.197661,0.0971,0.473941,0.12543,0.105869
ACCCTCCCTTGCTATT-1,0.32563,0.434576,0.178378,0.020815,0.040601
ACCCTTCATCTGCGAA-1,0.102652,0.000047,0.008298,0.255021,0.633982
ACCCTTTAGTTCTCCA-1,0.000657,0.000131,0.000131,0.294897,0.704183
ACCGAAAGGGCCCTGC-1,0.720561,0.066179,0.016303,0.000023,0.196934
ACCGAAGAGTCTGGTT-1,0.000118,0.511272,0.000024,0.488516,0.000071
ACCGACACATCTCCCA-1,0.401916,0.045887,0.0436,0.270006,0.23859
ACCGACTGAGTCCCAC-1,0.181185,0.000031,0.000031,0.354038,0.464715
ACCGAGTCTCCTTATT-1,0.246943,0.055205,0.125977,0.499331,0.072544
ACCGATAGGCATAACC-1,0.228025,0.230041,0.2607,0.000014,0.28122
ACCGATATTTAATCAT-1,0.130709,0.014849,0.176658,0.046911,0.630873
ACCGATGGTAGCATCG-1,0.074609,0.000033,0.004045,0.426447,0.494865
ACCGCAATAACTGCCT-1,0.232694,0.000022,0.066126,0.421289,0.279869
ACCGCGGTGGAAGTCG-1,0.667014,0.083766,0.022416,0.000019,0.226786
ACCGCTAGTCATTGGT-1,0.154021,0.185289,0.021481,0.639091,0.000118
ACCGGGCCTTTGTTGA-1,0.131849,0.000026,0.072988,0.357918,0.437219
ACCGGTCAGGTACACC-1,0.110809,0.252556,0.059112,0.507739,0.069783
ACCGTCCACTGGGCCC-1,0.068948,0.521543,0.026387,0.342581,0.04054
ACCGTGACCACGTGGG-1,0.469981,0.068981,0.044147,0.387198,0.029694
ACCGTTCCCGCTCTGA-1,0.007585,0.000048,0.013164,0.07182,0.907384
ACCTAAGTACCTTTCA-1,0.885858,0.086417,0.002211,0.000012,0.025501
ACCTAATCGACTTCCT-1,0.033565,0.00005,0.00005,0.542113,0.424223
ACCTACAGTATGTGGT-1,0.017682,0.031367,0.047905,0.130604,0.772442
ACCTACTATAAATCTA-1,0.935213,0.004265,0.040404,0.000011,0.020106
ACCTCAGCGAGGCGCA-1,0.149079,0.079148,0.199368,0.399824,0.172581
ACCTCCGCCCTCGCTG-1,0.199732,0.050645,0.289066,0.256282,0.204275
ACCTCCGTTATTCACC-1,0.000348,0.00007,0.00007,0.31264,0.686872
ACCTCGAACTTATGCT-1,0.039564,0.463151,0.134678,0.354894,0.007712
ACCTGCGTGTCATGTT-1,0.227764,0.262119,0.003718,0.355899,0.150501
ACCTTTCCTTTAGAAG-1,0.000555,0.000111,0.000111,0.37789,0.621333
ACGAAATGGGCGGCAC-1,0.266819,0.000019,0.001359,0.301527,0.430276
ACGACCCATGAGTTGC-1,0.000189,0.000038,0.064894,0.379516,0.555363
ACGACTCTAGGGCCGA-1,0.374275,0.016315,0.333269,0.113542,0.162598
ACGACTGGTCATACTC-1,0.419907,0.440525,0.010253,0.050123,0.079193
ACGAGAACCCATCACG-1,0.134271,0.000033,0.000033,0.245053,0.62061
ACGAGATATTTGCTTA-1,0.000322,0.000064,0.000064,0.210609,0.78894
ACGAGGATACCACTCT-1,0.00016,0.069182,0.000032,0.929188,0.001438
ACGAGGTTTACAACGT-1,0.151676,0.038961,0.026199,0.676525,0.106639
ACGAGTACGGATGCCC-1,0.09963,0.07549,0.156541,0.000035,0.668304
ACGAGTCGCCGGCGTT-1,0.204728,0.035995,0.021041,0.421657,0.316579
ACGATACATAGAACTA-1,0.000224,0.059358,0.000045,0.316675,0.623698
ACGATACCTATCCTGA-1,0.037454,0.000018,0.009925,0.71562,0.236982
ACGATCATACATAGAG-1,0.128873,0.000044,0.000044,0.559763,0.311277
ACGATCATCTTGTAAA-1,0.359662,0.003705,0.009372,0.019486,0.607775
ACGATGCATATGTTAT-1,0.330358,0.000024,0.002583,0.106926,0.56011
ACGATGGATCCGATGC-1,0.644929,0.006717,0.042933,0.000035,0.305387
ACGCAAACTAATAGAT-1,0.21587,0.112149,0.020262,0.532704,0.119014
ACGCAATCACTACAGC-1,0.000406,0.000081,0.000081,0.180025,0.819406
ACGCATACGTTTACTA-1,0.279478,0.001426,0.189304,0.194975,0.334817
ACGCATTCGTGAGTAC-1,0.05262,0.221593,0.000032,0.375361,0.350394
ACGCCACTCGAAACAG-1,0.226094,0.059932,0.128805,0.547054,0.038114
ACGCCAGATGATTTCT-1,0.000226,0.000045,0.000045,0.210187,0.789497
ACGCCAGTGCGTTTGC-1,0.00754,0.235565,0.017382,0.512812,0.226701
ACGCCCAGCTGTCGAT-1,0.000476,0.000095,0.000095,0.183989,0.815344
ACGCCGCTAGACGACC-1,0.364747,0.006981,0.024504,0.390402,0.213366
ACGCCTGACACGCGCT-1,0.11163,0.020319,0.128978,0.349925,0.389148
ACGCGAAGTCAGACGA-1,0.184521,0.000038,0.000038,0.589444,0.225959
ACGCGCTACACAGGGT-1,0.320726,0.117286,0.000019,0.167359,0.39461
ACGCGGGCCAAGGACA-1,0.463324,0.000018,0.003857,0.16205,0.370751
ACGCGTTTCTTAAGAG-1,0.143576,0.00004,0.002859,0.688121,0.165404
ACGCTACTGAATGGGC-1,0.000213,0.019653,0.000043,0.277465,0.702626
ACGCTAGTGATACACT-1,0.052703,0.000034,0.080432,0.096699,0.770131
ACGCTGTGAGGCGTAG-1,0.000246,0.000049,0.000049,0.851628,0.148027
ACGCTTAGTGTCTCTC-1,0.204581,0.000152,0.000152,0.168635,0.626479
ACGGAACACGAGTGCC-1,0.005206,0.203684,0.129725,0.61818,0.043206
ACGGAATTTAGCAAAT-1,0.014548,0.000045,0.000045,0.52083,0.464532
ACGGACGCAGCGACAA-1,0.005165,0.96867,0.002295,0.014771,0.009098
ACGGACTCTCAAAGCG-1,0.278808,0.176915,0.040285,0.200207,0.303785
ACGGATGGTGCGGATA-1,0.07587,0.309022,0.003465,0.563961,0.047682
ACGGCACTTGCTTGGG-1,0.282089,0.222196,0.000019,0.020542,0.475154
ACGGCCAACATGGACT-1,0.667052,0.010747,0.00879,0.163013,0.150399
ACGGCGACGATGGGAA-1,0.400157,0.018497,0.078324,0.266888,0.236134
ACGGCGGGTTGCCCTG-1,0.165657,0.000048,0.025833,0.383055,0.425407
ACGGCTGGATGTAGAA-1,0.420045,0.215332,0.134377,0.128173,0.102072
ACGGGAGTGTCGGCCC-1,0.236429,0.449481,0.000018,0.146953,0.167119
ACGGGTCATGTGACTT-1,0.242981,0.00003,0.00003,0.456869,0.30009
ACGGGTTGTGACCTGT-1,0.004126,0.221081,0.000825,0.378575,0.395393
ACGGTACAGTTCAATG-1,0.099343,0.010953,0.167573,0.486668,0.235463
ACGGTCACCGAGAACA-1,0.00014,0.576668,0.000028,0.381352,0.041811
ACGTACAGATTTCTCT-1,0.508243,0.051275,0.015083,0.000045,0.425355
ACGTACTTTGGCACGG-1,0.259893,0.139039,0.04056,0.432539,0.12797
ACGTAGATTGCTGATG-1,0.248443,0.000024,0.000024,0.139487,0.612023
ACGTAGGAGAGTCGCT-1,0.297304,0.000017,0.00637,0.48883,0.207478
ACGTATTACTCCGATC-1,0.406666,0.015297,0.000023,0.00903,0.568984
ACGTCCTAAACGAGAT-1,0.00042,0.022233,0.000084,0.227827,0.749436
ACGTCGGGCAACTCGG-1,0.090602,0.040363,0.035266,0.649878,0.183891
ACGTCTCGTTCCGGGA-1,0.096525,0.027726,0.01375,0.711205,0.150794
ACGTGACAAAGTAAGT-1,0.045663,0.004989,0.064325,0.776128,0.108895
ACGTGCGCCTCGTGCA-1,0.198508,0.038457,0.008245,0.212492,0.542298
ACGTTAATGTCGAAGA-1,0.816489,0.008418,0.004518,0.033671,0.136904
ACGTTAGATTTGCCCG-1,0.682451,0.00002,0.00002,0.034029,0.28348
ACGTTATTGGTCACTC-1,0.018524,0.028229,0.000043,0.599224,0.35398
ACGTTCACTATGCCGC-1,0.333161,0.080965,0.048743,0.536398,0.000733
ACGTTCCGCGCTCCGT-1,0.262404,0.000025,0.122588,0.035256,0.579728
ACGTTCGCAATCAATT-1,0.000423,0.000085,0.000085,0.489252,0.510155
ACGTTCGTTCAGGAAA-1,0.397361,0.001171,0.016913,0.155088,0.429468
ACGTTCTGTACAAGTC-1,0.286122,0.003123,0.172018,0.331054,0.207684
ACGTTGTCGTTGAAAG-1,0.000217,0.024224,0.009603,0.95397,0.011985
ACGTTTAGTTGTGATC-1,0.455552,0.044451,0.07562,0.000063,0.424315
ACTACAAAGAGAGGTG-1,0.620196,0.030351,0.022534,0.153464,0.173455
ACTACATCCCGACAAG-1,0.006835,0.379812,0.000022,0.588881,0.02445
ACTACCAGCTCTCTGG-1,0.461396,0.244383,0.000027,0.006232,0.287961
ACTACCATCCGAGGGC-1,0.015385,0.236578,0.035445,0.712456,0.000137
ACTACGCGTTAGAATT-1,0.83369,0.002581,0.013745,0.019137,0.130846
ACTAGTTGCGATCGTC-1,0.320477,0.000026,0.119026,0.10793,0.452542
ACTATCCAGGGCATGG-1,0.266332,0.00953,0.111759,0.002794,0.609585
ACTATCGCCGGCTAAA-1,0.278678,0.000022,0.000022,0.209647,0.511631
ACTATCTGCCCGCGTA-1,0.062704,0.233215,0.281045,0.179797,0.243239
ACTATGTCCAGCTGCC-1,0.142062,0.8425,0.011508,0.000447,0.003484
ACTATTCGTCCGTGGT-1,0.010526,0.00006,0.00006,0.30074,0.688613
ACTATTTCCGGGCCCA-1,0.343493,0.000022,0.027841,0.471868,0.156776
ACTCAACGAATGTATT-1,0.019001,0.000041,0.000041,0.188619,0.792298
ACTCAAGTGCAAGGCT-1,0.088418,0.000041,0.043305,0.628634,0.239602
ACTCAATAAAGGCACG-1,0.140411,0.017539,0.000035,0.571664,0.270351
ACTCAGACCTGCTTCT-1,0.563851,0.048853,0.003981,0.016624,0.366691
ACTCATGGCAGCCTTC-1,0.228183,0.081942,0.091491,0.598284,0.000099
ACTCCAATATCATCAT-1,0.735705,0.145484,0.047334,0.040084,0.031393
ACTCCCATTCCTAAAG-1,0.019534,0.214383,0.000036,0.713741,0.052305
ACTCCCGAATTCGTTT-1,0.081466,0.000028,0.082762,0.067071,0.768672
ACTCCCTAATGCTAAA-1,0.244961,0.300667,0.006703,0.027951,0.419718
ACTCCCTAGAATAGTA-1,0.130904,0.117979,0.001707,0.332757,0.416653
ACTCCGGCCGACCACT-1,0.187152,0.050456,0.115887,0.588689,0.057815
ACTCGATGTATTTCAT-1,0.347368,0.000023,0.001314,0.124193,0.527103
ACTCGCCGTTCGATAA-1,0.427169,0.204203,0.148861,0.019351,0.200416
ACTCGTAACCCGTCCT-1,0.417079,0.109408,0.050097,0.380073,0.043343
ACTCGTCAGTAATCCC-1,0.458018,0.012639,0.009976,0.220679,0.298689
ACTCTAAACCTGGGAT-1,0.020781,0.012868,0.008848,0.622003,0.335501
ACTCTCTGACTTAGGT-1,0.307267,0.000037,0.000323,0.425826,0.266548
ACTCTCTTATACACGA-1,0.000407,0.000081,0.000081,0.201498,0.797932
ACTCTGACCTAATAGA-1,0.191977,0.20697,0.110337,0.345804,0.144912
ACTCTTGTATAGTAAC-1,0.037515,0.000034,0.01564,0.485642,0.46117
ACTGAAACGCCGTTAG-1,0.159579,0.000027,0.222924,0.472122,0.145348
ACTGAATGGCGAAAGT-1,0.067874,0.000025,0.009144,0.454741,0.468216
ACTGATTTAGTGATTC-1,0.118252,0.000141,0.000141,0.097981,0.783486
ACTGCCCGCCATTCTC-1,0.115489,0.20181,0.038207,0.50843,0.136064
ACTGCCGTCGTAACTC-1,0.263566,0.000039,0.00038,0.137045,0.598971
ACTGCGGACACACCGT-1,0.116513,0.007463,0.00007,0.036808,0.839146
ACTGCTCGGAAGGATG-1,0.213477,0.544304,0.069623,0.139999,0.032597
ACTGGGATGCCAGTGC-1,0.710628,0.215579,0.041944,0.011144,0.020705
ACTGTACGATACACAT-1,0.000238,0.000048,0.000048,0.693715,0.305952
ACTGTAGCACTTTGGA-1,0.511364,0.215723,0.000021,0.040613,0.232279
ACTGTATACGCGAGCA-1,0.162324,0.043114,0.000034,0.255013,0.539515
ACTGTCCAGGATTATA-1,0.372919,0.004727,0.002173,0.066815,0.553366
ACTGTCTTCTTTAGAA-1,0.515748,0.034343,0.00174,0.0087,0.439469
ACTGTGCTAGTAGATC-1,0.115124,0.099041,0.000031,0.118644,0.667159
ACTGTTTAGTGTAGGC-1,0.072777,0.072948,0.0932,0.000082,0.760994
ACTTACCGGGCGCGCA-1,0.000387,0.000077,0.000077,0.000155,0.999304
ACTTACGCATCCACGC-1,0.746033,0.018333,0.093675,0.056314,0.085646
ACTTAGTACGACAAGA-1,0.092529,0.08379,0.000026,0.146526,0.67713
ACTTATACTTACCCGG-1,0.251936,0.000026,0.011153,0.304512,0.432373
ACTTATCTGATCTATA-1,0.000184,0.000037,0.03545,0.236654,0.727676
ACTTATTAGGATCGGT-1,0.30549,0.00004,0.00004,0.055954,0.638477
ACTTATTTATGTGCCA-1,0.472442,0.000025,0.024413,0.231448,0.271672
ACTTCAGGCTGATCCC-1,0.317009,0.000024,0.049216,0.384761,0.248991
ACTTCCAGTGGAAGCT-1,0.01805,0.709059,0.006962,0.200772,0.065158
ACTTCCATGCGGGACA-1,0.31476,0.000028,0.10457,0.316385,0.264258
ACTTCGCCATACGCAC-1,0.325799,0.000027,0.004542,0.166007,0.503625
ACTTGACTCCCTCTTT-1,0.474084,0.146427,0.023297,0.115316,0.240877
ACTTGCCATATTGTAC-1,0.203027,0.060215,0.174751,0.000072,0.561935
ACTTGCTCTATCTACC-1,0.141848,0.070558,0.056338,0.602436,0.12882
ACTTGGGACCCGGTGG-1,0.302974,0.020511,0.010044,0.285955,0.380516
ACTTGGGCTTTCGCCA-1,0.126772,0.000048,0.046997,0.812029,0.014154
ACTTGTAGTCCCTTCA-1,0.074464,0.023769,0.110979,0.565895,0.224893
ACTTGTGGATGGAACG-1,0.446979,0.000016,0.328207,0.025715,0.199083
ACTTGTTACCGGATCA-1,0.784231,0.03715,0.01711,0.141025,0.020485
ACTTTACCCTCATGAA-1,0.067192,0.037805,0.031485,0.084925,0.778593
ACTTTATACACCACTT-1,0.053739,0.37372,0.161744,0.309691,0.101106
ACTTTCCTATAGCTTC-1,0.649226,0.028494,0.000029,0.029006,0.293244
ACTTTGACTGCATCCT-1,0.456991,0.164138,0.000016,0.000033,0.378822
ACTTTGGTCGTGCTCC-1,0.074708,0.149915,0.069714,0.697986,0.007677
ACTTTGTCGACGCACT-1,0.175733,0.18163,0.175683,0.016861,0.450093
AGAAATTATGACTCGC-1,0.257947,0.057116,0.2644,0.069013,0.351523
AGAACACGGCGATGGT-1,0.000121,0.098581,0.000024,0.657887,0.243387
AGAACCCTCAATTGGG-1,0.021579,0.000018,0.064496,0.864089,0.049818
AGAACGTGGTACATTC-1,0.477718,0.004308,0.007167,0.142822,0.367985
AGAACTGTACTTTGTA-1,0.04171,0.000028,0.07223,0.783663,0.102369
AGAAGAGCGCCGTTCC-1,0.511218,0.000125,0.000125,0.00025,0.488283
AGAAGGTACACTTCAC-1,0.00011,0.408581,0.000022,0.591222,0.000066
AGAAGGTTGCCGAATT-1,0.261066,0.192903,0.004962,0.259316,0.281753
AGAAGGTTGTAGGTCG-1,0.254274,0.000024,0.076743,0.569167,0.099792
AGAAGTGATTCGTGAT-1,0.264948,0.016764,0.009699,0.338013,0.370576
AGAATAAATCTTCAGG-1,0.000149,0.00003,0.004601,0.710517,0.284703
AGAATACAGGCTATCC-1,0.109145,0.500519,0.190606,0.167255,0.032475
AGAATTATGGATTCGA-1,0.024375,0.004569,0.042793,0.230036,0.698227
AGAATTGTTTGACATA-1,0.206948,0.076744,0.000024,0.361569,0.354715
AGACAGCTCAGAATCC-1,0.035817,0.000048,0.000048,0.624305,0.339782
AGACAGGCATCTCAGC-1,0.009174,0.182153,0.000046,0.046538,0.762089
AGACATAGATCCTTCC-1,0.090375,0.000045,0.000045,0.170485,0.739051
AGACCAAACCACACCT-1,0.058153,0.02701,0.079614,0.636294,0.198929
AGACCATGGGATACAA-1,0.666184,0.188557,0.000447,0.01117,0.133642
AGACCCACCGCTGATC-1,0.283103,0.013443,0.001485,0.184646,0.517324
AGACCCGCCCTCCTCG-1,0.495482,0.07693,0.000012,0.000898,0.426679
AGACCGCTCCGCGGTT-1,0.392026,0.000174,0.07829,0.118251,0.41126
AGACCGGGAAACCCTG-1,0.009775,0.012717,0.000029,0.907788,0.069691
AGACGAAGTGCCGGTC-1,0.11529,0.0616,0.071105,0.42356,0.328444
AGACGACGATGCCGCT-1,0.560543,0.108037,0.02796,0.132671,0.170788
AGACGCCCACTTCGCC-1,0.122103,0.054552,0.638044,0.004125,0.181176
AGACTAGCCTTCCAGA-1,0.574647,0.029861,0.000016,0.004931,0.390545
AGACTGTTACCGGGTC-1,0.527282,0.271951,0.00795,0.126635,0.066183
AGAGAAACACCAGAAA-1,0.608165,0.076447,0.020693,0.097007,0.197688
AGAGAACCGTCTAGGA-1,0.27803,0.020379,0.053981,0.23241,0.4152
AGAGAAGGAGTACAAT-1,0.404622,0.024781,0.035031,0.341417,0.194149
AGAGATCTCTAAAGCG-1,0.000201,0.00004,0.00004,0.922466,0.077252
AGAGCAGTTATGAGAC-1,0.121883,0.235072,0.000055,0.477441,0.165548
AGAGCCGCCGAGATTT-1,0.0032,0.213748,0.345643,0.231252,0.206156
AGAGCGGGCTAATCAT-1,0.556107,0.009224,0.000076,0.000336,0.434257
AGAGCGTACAAGCTCG-1,0.335561,0.075201,0.000024,0.034499,0.554716
AGAGCTACGAAAGCAT-1,0.312866,0.196487,0.00002,0.011279,0.479348
AGAGGCTTCGGAAACC-1,0.010594,0.000034,0.165525,0.653585,0.170262
AGAGGTATCTCGGTCC-1,0.215361,0.073155,0.0675,0.000046,0.643939
AGAGTAAACTTCACTA-1,0.000181,0.246492,0.001408,0.323066,0.428853
AGATAACTTCAGGGCC-1,0.563955,0.020293,0.000737,0.150857,0.264158
AGATAATCACACCTAT-1,0.105126,0.141336,0.084571,0.574964,0.094003
AGATACCAATAGAACC-1,0.446799,0.091625,0.376293,0.001417,0.083866
AGATACCGGTGTTCAC-1,0.036972,0.000038,0.000038,0.467369,0.495584
AGATACGACTTCATAT-1,0.944025,0.01436,0.003296,0.000014,0.038305
AGATACTCAAGATCGA-1,0.424706,0.001039,0.00003,0.339508,0.234717
AGATATAATACGACTA-1,0.607741,0.07818,0.067973,0.184062,0.062044
AGATCGTGCATAAGAT-1,0.13361,0.089773,0.092133,0.000024,0.68446
AGATCTCAGGTGTGAT-1,0.692114,0.001952,0.007244,0.030389,0.268301
AGATCTGGAGAGGATA-1,0.072722,0.000024,0.035491,0.725299,0.166463
AGATGACTCGCCCACG-1,0.060326,0.000067,0.000067,0.544887,0.394653
AGATGAGGGTTGCGAT-1,0.00036,0.000072,0.000072,0.068094,0.931402
AGATGATGGAGTCTGG-1,0.166706,0.000019,0.135179,0.000038,0.698058
AGATGCAAGACGTGCA-1,0.814581,0.114361,0.020495,0.021232,0.02933
AGATGCATCCTGTGTC-1,0.115969,0.775114,0.019656,0.022152,0.067109
AGATGCTATAACGAGC-1,0.216878,0.021388,0.000031,0.366247,0.395457
AGATTATAGGACGTTT-1,0.517715,0.030066,0.005422,0.003404,0.443393
AGATTCACAACCGATA-1,0.517544,0.191475,0.017979,0.180999,0.092004
AGCAAAGGCCGCTAGT-1,0.595989,0.000011,0.146351,0.142285,0.115364
AGCAACATATCTTATT-1,0.354557,0.000022,0.01741,0.285655,0.342356
AGCAACCGAAAGTAAT-1,0.000439,0.000026,0.000026,0.859015,0.140494
AGCACACGTTTAGACT-1,0.141801,0.625436,0.034761,0.179559,0.018442
AGCACCAGTACTCACG-1,0.527037,0.000027,0.000027,0.155548,0.317361
AGCACTACCGGCCTGT-1,0.089337,0.062312,0.002278,0.48247,0.363603
AGCACTACCTCACCAG-1,0.177603,0.000039,0.020097,0.673649,0.128612
AGCACTTAAGGACGCC-1,0.581782,0.000018,0.000018,0.075108,0.343074
AGCAGAAGGAGAAAGA-1,0.273386,0.062031,0.013298,0.373816,0.27747
AGCAGCCAGATGAATA-1,0.259921,0.146646,0.011831,0.165956,0.415645
AGCAGTCGAAGCATGC-1,0.543322,0.000055,0.120517,0.243758,0.092349
AGCATATCAATATGCT-1,0.102387,0.000048,0.123632,0.520444,0.253489
AGCATCATTTCGAAAG-1,0.144423,0.338119,0.007582,0.451643,0.058234
AGCATCGTCGATAATT-1,0.297136,0.000022,0.000022,0.000838,0.701981
AGCATTACGAGGCAAG-1,0.087161,0.313931,0.119742,0.212952,0.266216
AGCCAAGCTTTGTGTC-1,0.529602,0.385494,0.011813,0.03277,0.04032
AGCCACAGGTTACCCG-1,0.685035,0.038455,0.166306,0.038298,0.071906
AGCCACTCCCGTGCTT-1,0.594401,0.002958,0.00867,0.006679,0.387292
AGCCATATAGTATGTG-1,0.503817,0.003965,0.069181,0.279851,0.143186
AGCCCATACATGTAAG-1,0.014643,0.000033,0.000033,0.771135,0.214156
AGCCCGCAACAAGCAG-1,0.783358,0.025038,0.008994,0.101086,0.081524
AGCCCGCACTACAATG-1,0.022001,0.000337,0.208884,0.571179,0.197599
AGCCCGGCATTAGAGG-1,0.34665,0.237888,0.044709,0.295769,0.074984
