Barcode,Topic 1,Topic 2,Topic 3,Topic 4to5,Topic 6,Topic 7,Topic 8,Topic 9,Topic 10,Topic 11,Topic 12to13
AAACAACGAATAGTTC-1,0.000008,0.000008,0.011205,0.195782,0.001254,0.533371,0.187676,0.051278,0.000008,0.000008,0.019401
AAACAAGTATCTCCCA-1,0.031409,0.070203,0.199116,0.023117,0.365229,0.03742,0.009616,0.02453,0.022129,0.077765,0.139466
AAACAATCTACTAGCA-1,0.000023,0.001472,0.653454,0.16264,0.000023,0.000023,0.000023,0.138889,0.000023,0.000023,0.04341
AAACACCAATAACTGC-1,0.000017,0.014605,0.022966,0.322675,0.137091,0.232357,0.008279,0.101906,0.000017,0.000864,0.159223
AAACAGAGCGACTCCT-1,0.362499,0.044599,0.001229,0.120126,0.000024,0.000024,0.003757,0.212362,0.201453,0.000024,0.053904
AAACAGCTTTCAGAAG-1,0.000031,0.147206,0.000031,0.049479,0.000031,0.194854,0.064355,0.000071,0.017525,0.075074,0.451344
AAACAGGGTCTATATT-1,0.000052,0.01615,0.000052,0.000104,0.000052,0.085493,0.027391,0.487955,0.025692,0.207966,0.149093
AAACAGTGTTCCTGGG-1,0.015365,0.055441,0.000032,0.000064,0.000032,0.000032,0.000032,0.788371,0.000032,0.140537,0.000064
AAACATGGTGAGAGGA-1,0.000035,0.109928,0.002453,0.00007,0.050639,0.121754,0.011271,0.09014,0.000035,0.613607,0.00007
AAACATTTCCCGGATT-1,0.000021,0.009408,0.082704,0.251903,0.017788,0.192259,0.076491,0.068515,0.001604,0.066877,0.232431
AAACCACTACACAGAT-1,0.99976,0.00002,0.00002,0.00004,0.00002,0.00002,0.00002,0.00002,0.00002,0.00002,0.00004
AAACCCGAACGAAATC-1,0.006542,0.031773,0.105298,0.007144,0.3234,0.083552,0.109753,0.07108,0.069109,0.185771,0.006577
AAACCGGAAATGTTAA-1,0.061897,0.03091,0.142671,0.217931,0.170974,0.041616,0.199084,0.000011,0.061038,0.043184,0.030684
AAACCGGGTAGGTACC-1,0.000037,0.034857,0.000037,0.01792,0.000037,0.03467,0.009432,0.001808,0.022071,0.108979,0.770153
AAACCGTTCGTCCAGG-1,0.000043,0.5183,0.000043,0.000087,0.000043,0.000043,0.000043,0.248139,0.065172,0.015215,0.15287
AAACCTAAGCAGCCGG-1,0.000011,0.030498,0.013862,0.39865,0.0383,0.137226,0.048263,0.028201,0.000011,0.000607,0.30437
AAACCTCATGAAGTTG-1,0.000087,0.000087,0.000087,0.000175,0.000087,0.000087,0.000087,0.639317,0.007872,0.140654,0.211459
AAACGAAGAACATACC-1,0.000024,0.022711,0.060708,0.333805,0.048423,0.001416,0.039532,0.009861,0.201645,0.068989,0.212887
AAACGAAGATGGAGTA-1,0.000052,0.000052,0.000052,0.000104,0.008388,0.043643,0.000052,0.141281,0.008929,0.797344,0.000104
AAACGACAGTCTTGCC-1,0.999744,0.000021,0.000021,0.000043,0.000021,0.000021,0.000021,0.000021,0.000021,0.000021,0.000043
AAACGAGACGGTTGAT-1,0.000008,0.000008,0.237299,0.693007,0.000008,0.000359,0.003451,0.040919,0.000008,0.000008,0.024924
AAACGCCCGAGATCGG-1,0.819949,0.00005,0.00005,0.000099,0.00005,0.00005,0.00005,0.00005,0.179505,0.00005,0.000099
AAACGCTGGGCACGAC-1,0.000027,0.041473,0.100428,0.012444,0.005481,0.007216,0.000027,0.10421,0.158413,0.542905,0.027377
AAACGGGCGTACGGGT-1,0.000037,0.661036,0.000037,0.000074,0.000037,0.000037,0.000037,0.026365,0.245196,0.019856,0.047287
AAACGGGTTGGTATCC-1,0.000013,0.034702,0.027427,0.572821,0.000954,0.139448,0.081984,0.007533,0.000444,0.008238,0.126435
AAACGGTTGCGAACTG-1,0.000016,0.065208,0.005818,0.559486,0.000016,0.135242,0.059434,0.032597,0.000016,0.000919,0.141247
AAACGTGTTCGCCCTA-1,0.793021,0.096505,0.000026,0.000052,0.000026,0.000026,0.000026,0.107426,0.002815,0.000026,0.000052
AAACTAACGTGGCGAC-1,0.735485,0.078138,0.000043,0.093231,0.000043,0.000043,0.074401,0.000043,0.018443,0.000043,0.000086
AAACTCGGTTCGCAAT-1,0.000017,0.046647,0.012881,0.460271,0.004748,0.138523,0.05517,0.023258,0.000017,0.008292,0.250175
AAACTCGTGATATAAG-1,0.15336,0.000037,0.000037,0.000074,0.000037,0.030795,0.050609,0.29319,0.460821,0.006904,0.004135
AAACTGCTGGCTCCAA-1,0.000012,0.06827,0.021829,0.449408,0.051979,0.007605,0.035598,0.001739,0.000012,0.000012,0.363537
AAACTTAATTGCACGC-1,0.005518,0.05841,0.000043,0.000085,0.054978,0.271197,0.000043,0.068996,0.017231,0.518638,0.004862
AAACTTGCAAACGTAT-1,0.000066,0.695908,0.000066,0.000131,0.000066,0.000066,0.000066,0.161727,0.141709,0.000066,0.000131
AAAGAATGACCTTAGA-1,0.000014,0.000014,0.491413,0.000498,0.002957,0.475016,0.008434,0.000014,0.000014,0.021599,0.000028
AAAGAATGTGGACTAA-1,0.000031,0.000031,0.000819,0.000062,0.078453,0.082415,0.002407,0.088512,0.054855,0.532526,0.159889
AAAGACATGAAGTTTA-1,0.423728,0.002384,0.000033,0.085947,0.000033,0.000033,0.098674,0.07565,0.301068,0.001919,0.010532
AAAGACCCAAGTCGCG-1,0.068531,0.030856,0.070121,0.126475,0.006272,0.000034,0.000034,0.013492,0.176521,0.166853,0.340812
AAAGACTGGGCGCTTT-1,0.000045,0.010406,0.000045,0.09498,0.044327,0.000045,0.000045,0.334699,0.005039,0.023826,0.486542
AAAGCTTGCCTACATA-1,0.841892,0.157907,0.000018,0.000036,0.000018,0.000018,0.000018,0.000018,0.000018,0.000018,0.000036
AAAGGCCCTATAATAC-1,0.000022,0.338583,0.004959,0.009094,0.000022,0.377869,0.037592,0.011933,0.000022,0.104013,0.115889
AAAGGCTACGGACCAT-1,0.00527,0.000029,0.012877,0.26503,0.20912,0.042331,0.000029,0.067377,0.006772,0.158695,0.232469
AAAGGCTCTCGCGCCG-1,0.000041,0.103211,0.060055,0.128606,0.008252,0.07394,0.10381,0.048239,0.021885,0.1586,0.293361
AAAGGGATGTAGCAAG-1,0.000044,0.000044,0.013761,0.015366,0.000044,0.000044,0.000044,0.257003,0.044754,0.24348,0.425414
AAAGGGCAGCTTGAAT-1,0.00006,0.10507,0.00006,0.000119,0.00006,0.00006,0.00006,0.00006,0.106884,0.336466,0.451103
AAAGGTAAGCTGTACC-1,0.707373,0.048223,0.000052,0.000104,0.000052,0.000052,0.083594,0.051003,0.10939,0.000052,0.000104
AAAGGTCAACGACATG-1,0.789738,0.002668,0.000028,0.000057,0.000028,0.000028,0.000028,0.143825,0.056052,0.007491,0.000057
AAAGTAGCATTGCTCA-1,0.000069,0.019831,0.000069,0.000138,0.000069,0.000069,0.000069,0.591155,0.241794,0.1466,0.000138
AAAGTCACTGATGTAA-1,0.044655,0.000027,0.070861,0.414627,0.154347,0.044715,0.030654,0.000027,0.027693,0.049137,0.163259
AAAGTCGACCCTCAGT-1,0.000132,0.000132,0.027363,0.000263,0.000132,0.000132,0.000132,0.484991,0.121039,0.14047,0.225216
AAAGTGCCATCAATTA-1,0.005026,0.004282,0.184457,0.100121,0.265879,0.244077,0.055682,0.000011,0.032637,0.087395,0.020432
AAAGTGTGATTTATCT-1,0.02012,0.017797,0.126982,0.097304,0.046581,0.138437,0.017985,0.015388,0.023293,0.25347,0.242644
AAAGTTGACTCCCGTA-1,0.000011,0.134674,0.452263,0.281658,0.007143,0.002272,0.000887,0.000011,0.025355,0.010411,0.085316
AAATAACCATACGGGA-1,0.000733,0.020043,0.053748,0.37527,0.001443,0.000281,0.187563,0.011973,0.132052,0.007864,0.209031
AAATAAGGTAGTGCCC-1,0.060254,0.023151,0.01257,0.211998,0.012968,0.040568,0.358922,0.0177,0.145664,0.045557,0.070648
AAATACCTATAAGCAT-1,0.000019,0.075999,0.007308,0.30623,0.009155,0.227035,0.065551,0.000019,0.022047,0.072521,0.214116
AAATAGCTTAGACTTT-1,0.069313,0.14503,0.023115,0.334897,0.086109,0.00253,0.285472,0.002326,0.013697,0.001664,0.035848
AAATAGGGTGCTATTG-1,0.000045,0.000045,0.000045,0.001,0.000045,0.000045,0.000045,0.080412,0.053978,0.401821,0.462517
AAATCACTCCTAAACG-1,0.948024,0.000027,0.000027,0.000054,0.000027,0.000027,0.000027,0.000871,0.050836,0.000027,0.000054
AAATCCGATACACGCC-1,0.003651,0.00188,0.05262,0.104285,0.000029,0.07825,0.025301,0.032191,0.081615,0.269016,0.351163
AAATCGCGGAAGGAGT-1,0.000037,0.435019,0.03282,0.000073,0.000057,0.161751,0.006123,0.145452,0.000037,0.218559,0.000073
AAATCGTGTACCACAA-1,0.000019,0.025919,0.010652,0.322224,0.000019,0.106293,0.023748,0.000019,0.00274,0.014342,0.494026
AAATCTAGCCCTGCTA-1,0.000039,0.009928,0.086151,0.092073,0.005458,0.014265,0.043403,0.000039,0.002228,0.665222,0.081193
AAATCTGCCCGCGTCC-1,0.051922,0.343773,0.186873,0.035182,0.123803,0.231737,0.02572,0.000015,0.000015,0.00093,0.00003
AAATGACTGATCAAAC-1,0.000013,0.056785,0.000013,0.09321,0.00079,0.333473,0.10779,0.000013,0.000013,0.00079,0.407109
AAATGATTCGATCAGC-1,0.423844,0.000052,0.000052,0.000103,0.000052,0.000052,0.000052,0.332777,0.242864,0.000052,0.000103
AAATGCTCGTTACGTT-1,0.000042,0.080337,0.000042,0.156553,0.000042,0.028357,0.053042,0.000064,0.02706,0.221015,0.433444
AAATGGCATGTCTTGT-1,0.038605,0.000022,0.010674,0.402141,0.066143,0.003727,0.109919,0.004454,0.129183,0.035556,0.199576
AAATGGCCCGTGCCCT-1,0.080106,0.037248,0.000048,0.284826,0.065883,0.000048,0.000048,0.443599,0.000048,0.000048,0.088101
AAATGGTCAATGTGCC-1,0.000045,0.000045,0.001963,0.027471,0.000045,0.000045,0.000045,0.466648,0.001948,0.007071,0.494675
AAATGTATCTTATCCC-1,0.000057,0.084062,0.000057,0.000115,0.000057,0.361759,0.000057,0.544783,0.000057,0.00888,0.000115
AAATGTGGGTGCTCCT-1,0.00059,0.000008,0.36154,0.451614,0.019263,0.005541,0.027324,0.003063,0.017376,0.028544,0.085137
AAATTAACGGGTAGCT-1,0.000053,0.000053,0.000053,0.000105,0.000053,0.000053,0.000053,0.371653,0.016138,0.096658,0.515131
AAATTAATAAGCGCGA-1,0.000066,0.000066,0.000066,0.000133,0.01532,0.000066,0.000066,0.729338,0.030652,0.20108,0.023146
AAATTACACGACTCTG-1,0.000025,0.000025,0.026566,0.234716,0.000025,0.002068,0.053571,0.02786,0.166202,0.212092,0.276849
AAATTACCTATCGATG-1,0.001266,0.005299,0.039772,0.435194,0.01407,0.019631,0.291187,0.000014,0.092056,0.02257,0.078942
AAATTCCAGGTCCAAA-1,0.051952,0.147104,0.000022,0.043577,0.029875,0.029456,0.148764,0.11467,0.261073,0.151295,0.022214
AAATTGATAGTCCTTT-1,0.000067,0.210164,0.000067,0.000135,0.000067,0.000067,0.000067,0.368356,0.273296,0.147577,0.000135
AAATTGCGGCGGTTCT-1,0.000017,0.062722,0.014636,0.423777,0.002904,0.221006,0.076124,0.007579,0.000169,0.007538,0.183529
AAATTGGTGAGAAGCA-1,0.868707,0.119814,0.000025,0.000051,0.000025,0.000025,0.000025,0.011225,0.000025,0.000025,0.000051
AAATTTACCGAAATCC-1,0.034209,0.000016,0.05564,0.140404,0.000268,0.002624,0.431836,0.001166,0.26742,0.019614,0.046804
AAATTTGCGGGTGTGG-1,0.000023,0.000023,0.000023,0.172212,0.000023,0.171449,0.044291,0.003642,0.00818,0.077646,0.522488
AACAACTGGTAGTTGC-1,0.000017,0.00737,0.030237,0.802951,0.000017,0.016088,0.006014,0.040633,0.000017,0.000017,0.096637
AACAATACATTGTCGA-1,0.000038,0.067357,0.000038,0.092589,0.029344,0.006288,0.008316,0.672994,0.000038,0.000038,0.122962
AACAATTACTCTACGC-1,0.000034,0.13044,0.000034,0.224313,0.000034,0.106973,0.050415,0.000034,0.006161,0.052199,0.429362
AACACACGCTCGCCGC-1,0.006048,0.000635,0.167726,0.532674,0.004855,0.085285,0.044444,0.097766,0.00001,0.000748,0.05981
AACACGACTGTACTGA-1,0.021419,0.005942,0.062155,0.673601,0.003069,0.001724,0.121347,0.07166,0.018559,0.000011,0.020515
AACACGAGACGCGGCC-1,0.004349,0.557166,0.000054,0.000108,0.000054,0.000054,0.000054,0.340201,0.074009,0.000054,0.0239
AACACGCGGCCGCGAA-1,0.000007,0.012504,0.220957,0.708624,0.000197,0.034681,0.014108,0.000007,0.000007,0.000007,0.008901
AACAGCTGTGTGGCAA-1,0.000062,0.340933,0.000062,0.000124,0.000062,0.000062,0.000062,0.406121,0.117238,0.135149,0.000124
AACAGGAAATCGAATA-1,0.00003,0.00003,0.009426,0.117924,0.061761,0.00003,0.010194,0.278339,0.24583,0.080372,0.196064
AACAGGATGGGCCGCG-1,0.000034,0.037615,0.008756,0.185353,0.000034,0.084148,0.008494,0.000034,0.022509,0.113744,0.53928
AACAGGTAGTATGGAT-1,0.001069,0.010589,0.082627,0.041188,0.544766,0.069283,0.121003,0.016171,0.054763,0.03235,0.026192
AACATAGCGTGTATCG-1,0.00001,0.06024,0.0194,0.359378,0.027641,0.342682,0.052744,0.00001,0.00001,0.000507,0.137376
AACATATCAACTGGTG-1,0.000024,0.000024,0.081996,0.370697,0.000024,0.000024,0.022641,0.030294,0.245097,0.065667,0.18351
AACATCGATACGTCTA-1,0.69344,0.017989,0.04468,0.090172,0.000027,0.000027,0.145091,0.000027,0.008463,0.000027,0.000057
AACATTGAAGTTGATC-1,0.000933,0.021893,0.020334,0.025654,0.329059,0.216544,0.000028,0.130656,0.000028,0.207419,0.047452
AACATTGGTCAGCCGT-1,0.000045,0.000045,0.01108,0.06025,0.000045,0.245382,0.001018,0.215097,0.000931,0.091755,0.374352
AACATTGTGACTCGAG-1,0.000028,0.000028,0.031395,0.26581,0.000028,0.047562,0.003809,0.21819,0.007671,0.048344,0.377135
AACCAAGACTTCTCTG-1,0.00003,0.010409,0.00003,0.256158,0.00003,0.164372,0.017598,0.00554,0.00003,0.066406,0.479394
AACCAGTATCACTCTT-1,0.448692,0.000037,0.000037,0.081958,0.000037,0.000037,0.036939,0.288859,0.100965,0.000037,0.042401
AACCATAGGGTTGAAC-1,0.036204,0.135531,0.000041,0.000082,0.000363,0.128051,0.000041,0.052975,0.000041,0.64659,0.000082
AACCATGGGATCGCTA-1,0.000017,0.04198,0.013414,0.674246,0.000017,0.054206,0.048793,0.000017,0.000017,0.017436,0.149859
AACCCAGAGACGGAGA-1,0.000017,0.0458,0.106984,0.543187,0.017457,0.041643,0.015263,0.000017,0.000017,0.057907,0.171707
AACCCATCCCATGATC-1,0.000047,0.001017,0.000047,0.000095,0.000064,0.116273,0.000047,0.203768,0.000047,0.449572,0.229021
AACCCGACAACCCGTG-1,0.076163,0.03658,0.000054,0.000109,0.000054,0.000054,0.000054,0.862036,0.000054,0.02473,0.000109
AACCCGAGCAGAATCG-1,0.076777,0.023886,0.355581,0.08909,0.211852,0.094519,0.004048,0.002051,0.008842,0.082785,0.050569
AACCCGATAGGGCTTC-1,0.945209,0.000036,0.000036,0.000072,0.000036,0.000036,0.000036,0.000036,0.054397,0.000036,0.000072
AACCCGCTGTATTCCA-1,0.000014,0.035976,0.000375,0.145305,0.010025,0.282019,0.078157,0.000014,0.000014,0.005381,0.442722
AACCCTACTGTCAATA-1,0.016607,0.072596,0.215021,0.292826,0.089156,0.011969,0.06136,0.11596,0.008169,0.010461,0.105875
AACCCTGGTGGAACCA-1,0.00081,0.000307,0.181097,0.378529,0.055631,0.01072,0.144043,0.000013,0.111426,0.044093,0.07333
AACCGAGCTTGGTCAT-1,0.000064,0.000064,0.000064,0.035371,0.000064,0.000064,0.000064,0.005544,0.173585,0.384759,0.400358
AACCGCTAAGGGATGC-1,0.000036,0.034218,0.071191,0.127166,0.000036,0.000036,0.000036,0.013586,0.07154,0.315285,0.366871
AACCGTTGTGTTTGCT-1,0.000011,0.000011,0.064694,0.761014,0.025061,0.003144,0.040374,0.000011,0.02339,0.002543,0.079746
AACCTAAAGCCGTCCG-1,0.056229,0.000011,0.016703,0.422428,0.000787,0.016113,0.233005,0.142115,0.057155,0.004362,0.051092
AACCTCGCTTTAGCCC-1,0.041755,0.015565,0.004548,0.058219,0.000031,0.251006,0.015802,0.309002,0.000031,0.060694,0.243348
AACCTGTCACGGAATT-1,0.415062,0.02199,0.007205,0.000042,0.015873,0.072929,0.122333,0.209717,0.02102,0.113331,0.000499
AACCTTTAAATACGGT-1,0.000017,0.000017,0.001224,0.395103,0.003445,0.229808,0.058161,0.113378,0.000017,0.011354,0.187475
AACCTTTACGACGTCT-1,0.019133,0.000064,0.000064,0.066501,0.000064,0.000064,0.139428,0.033759,0.533978,0.031552,0.175393
AACGAAAGTCGTCCCA-1,0.000031,0.257523,0.006799,0.000077,0.295391,0.164548,0.014582,0.123475,0.000031,0.066017,0.071527
AACGACCTCCTAGCCG-1,0.000011,0.173973,0.251938,0.192264,0.032095,0.202303,0.023286,0.000282,0.012243,0.059558,0.052048
AACGATAATGCCGTAG-1,0.000024,0.040223,0.031511,0.144485,0.03346,0.00557,0.000024,0.028544,0.028459,0.172825,0.514876
AACGATAGAAGGGCCG-1,0.00003,0.00003,0.120028,0.207016,0.065744,0.041114,0.005041,0.06569,0.04401,0.044637,0.40666
AACGATATGTCAACTG-1,0.061985,0.005697,0.216515,0.372254,0.117793,0.002545,0.048601,0.003599,0.014183,0.000151,0.156678
AACGCATGATCTGGGT-1,0.23737,0.000039,0.000039,0.000078,0.000039,0.000039,0.018639,0.058683,0.589867,0.003336,0.091872
AACGCGAACGGCAACA-1,0.000028,0.037331,0.000028,0.149513,0.077361,0.00727,0.000028,0.371523,0.003843,0.002841,0.350233
AACGCGACCTTGGGCG-1,0.000042,0.000042,0.000042,0.012608,0.000042,0.01374,0.000042,0.000042,0.021324,0.334032,0.618046
AACGCGGTCTCCAGCC-1,0.022148,0.014134,0.101694,0.077193,0.051097,0.059645,0.000039,0.174335,0.076724,0.1061,0.316893
AACGCTGTTGCTGAAA-1,0.000017,0.005234,0.136257,0.500449,0.049253,0.143811,0.015098,0.032217,0.000017,0.007059,0.110588
AACGGACGTACGTATA-1,0.000014,0.073465,0.02257,0.667104,0.129388,0.045027,0.012453,0.000014,0.000014,0.02695,0.022999
AACGGCCATCTCCGGT-1,0.000025,0.000025,0.000025,0.133413,0.016722,0.081027,0.004283,0.000025,0.00169,0.176028,0.586739
AACGTACTGTGGGTAC-1,0.000034,0.004436,0.000543,0.115507,0.000034,0.137327,0.034719,0.018549,0.001493,0.107546,0.579812
AACGTAGTCTACCCAT-1,0.089411,0.134804,0.075968,0.210156,0.016422,0.020269,0.005797,0.019548,0.174423,0.029644,0.223557
AACGTCAGACTAGTGG-1,0.000017,0.061609,0.104698,0.545891,0.030186,0.051444,0.022386,0.098394,0.000017,0.000017,0.08534
AACGTCATCCGGCTTG-1,0.000032,0.013299,0.000032,0.000064,0.000032,0.000032,0.000032,0.624858,0.003273,0.293544,0.064802
AACGTCGCTGCACTTC-1,0.048713,0.002154,0.026477,0.028026,0.111116,0.229209,0.01432,0.12894,0.033064,0.232608,0.145372
AACGTGATGAAGGACA-1,0.000019,0.000019,0.130953,0.452134,0.000195,0.000019,0.098169,0.217963,0.024346,0.000019,0.076166
AACGTGCGAAAGTCTC-1,0.030463,0.000023,0.108112,0.405193,0.000023,0.034714,0.030003,0.043778,0.028045,0.055109,0.264537
AACGTTATCAGCACCT-1,0.000103,0.000086,0.000086,0.000171,0.000086,0.000086,0.000086,0.775444,0.054297,0.064529,0.105028
AACGTTCTACCATTGT-1,0.000023,0.003282,0.114951,0.021497,0.214501,0.085896,0.096392,0.002959,0.068917,0.390482,0.001101
AACTACCCGTTTGTCA-1,0.000025,0.021935,0.08111,0.014064,0.297102,0.043629,0.020182,0.092413,0.10547,0.320997,0.003073
AACTAGCGTATCGCAC-1,0.000054,0.000054,0.004201,0.009394,0.031545,0.000054,0.000054,0.000054,0.342654,0.368299,0.243635
AACTAGGCTTGGGTGT-1,0.00004,0.003074,0.00004,0.323188,0.001248,0.05297,0.050237,0.107285,0.00004,0.193354,0.268525
AACTCAAGTTAATTGC-1,0.000027,0.097068,0.009293,0.173753,0.000603,0.03006,0.000027,0.189865,0.000027,0.008386,0.490892
AACTCCAGAGCGTGTT-1,0.000027,0.058703,0.031747,0.177147,0.021312,0.116218,0.060442,0.069772,0.027601,0.077099,0.359932
AACTCCTAATCCCATG-1,0.135502,0.000022,0.004189,0.071027,0.000022,0.006329,0.273452,0.006123,0.238432,0.03112,0.233783
AACTCGATAAACACGT-1,0.000045,0.000045,0.000045,0.000089,0.000045,0.116978,0.000045,0.396809,0.002926,0.306433,0.176542
AACTCGATGGCGCAGT-1,0.13568,0.129473,0.00265,0.23077,0.000029,0.031525,0.019381,0.038003,0.000029,0.000029,0.412432
AACTCTCAATAGAGCG-1,0.02316,0.000025,0.027117,0.406414,0.111241,0.000025,0.024024,0.050779,0.130556,0.028092,0.198565
AACTCTCAGTGTGCTC-1,0.000033,0.000033,0.047201,0.104044,0.038958,0.035715,0.000033,0.001265,0.007322,0.17687,0.588524
AACTGAGGTCAGCGTC-1,0.801301,0.000095,0.000095,0.00019,0.000095,0.000095,0.000095,0.035833,0.161918,0.000095,0.00019
AACTGAGTTATACTGA-1,0.001157,0.251814,0.130077,0.072339,0.131291,0.008348,0.212331,0.031845,0.105496,0.038195,0.017105
AACTGATATTAGGCCT-1,0.000029,0.018275,0.000911,0.506727,0.058077,0.000029,0.027444,0.158465,0.016563,0.028288,0.185191
AACTGGGTCCCGACGT-1,0.00004,0.00004,0.03382,0.206257,0.090204,0.015589,0.00004,0.154493,0.064901,0.07641,0.358205
AACTGGGTTCGAGCCG-1,0.000032,0.000032,0.06121,0.104261,0.001037,0.000032,0.058741,0.344054,0.383525,0.009227,0.037849
AACTGGTGTGGGCCTT-1,0.005756,0.000017,0.344658,0.277532,0.011382,0.000968,0.000907,0.013379,0.04202,0.043685,0.259696
AACTTCTGCGTCTATC-1,0.000028,0.12239,0.000028,0.467409,0.145044,0.001348,0.000028,0.107174,0.000028,0.000028,0.156493
AACTTGCCCGTATGCA-1,0.000035,0.002074,0.005278,0.341278,0.000035,0.097417,0.013089,0.014458,0.000035,0.00114,0.525162
AACTTGCGTTCTCGCG-1,0.000022,0.04174,0.004293,0.408048,0.000022,0.16787,0.051121,0.000022,0.000022,0.002593,0.324246
AACTTTACGGGAGCTT-1,0.000059,0.006696,0.000059,0.118448,0.23595,0.000059,0.165683,0.386306,0.000059,0.000059,0.086624
AACTTTAGCTGCTGAG-1,0.036077,0.000042,0.060755,0.226626,0.030147,0.000042,0.000042,0.000059,0.103645,0.298504,0.24406
AACTTTCTCGATCATG-1,0.721569,0.069423,0.001684,0.027571,0.003756,0.025099,0.045781,0.006638,0.05974,0.001549,0.03719
AAGAAAGTTTGATGGG-1,0.071784,0.000053,0.068452,0.005546,0.165078,0.075314,0.000032,0.000032,0.008688,0.598595,0.006424
AAGAAATCACCAGATT-1,0.999644,0.00003,0.00003,0.000059,0.00003,0.00003,0.00003,0.00003,0.00003,0.00003,0.000059
AAGAAGGATCAGTTAG-1,0.000052,0.002915,0.076319,0.002121,0.000052,0.014705,0.000052,0.031902,0.004285,0.323348,0.54425
AAGACATACGTGGTTT-1,0.000008,0.001826,0.389663,0.169983,0.022204,0.306271,0.031214,0.000008,0.000008,0.015763,0.063053
AAGACCAAATAACTCA-1,0.00002,0.041785,0.007444,0.000106,0.074859,0.559875,0.055001,0.033231,0.00002,0.201696,0.025963
AAGACCCAACTGAACA-1,0.096495,0.00563,0.032922,0.23325,0.055433,0.074262,0.002065,0.138227,0.000022,0.009851,0.351844
AAGACTAACCCGTTGT-1,0.000029,0.000029,0.10633,0.177614,0.000029,0.048304,0.016131,0.000029,0.028615,0.113452,0.509439
AAGACTCACGCCCACT-1,0.387487,0.000028,0.007517,0.04751,0.026798,0.003774,0.192181,0.002055,0.275823,0.024452,0.032375
AAGACTGCAAGCTACT-1,0.038319,0.08669,0.124642,0.129006,0.001573,0.00043,0.014816,0.210268,0.005465,0.002143,0.386648
AAGAGATGAATCGGTA-1,0.000036,0.00956,0.051448,0.271533,0.000036,0.11876,0.000036,0.000036,0.000036,0.234812,0.313707
AAGAGCTCTTTATCGG-1,0.000047,0.000047,0.082928,0.002813,0.017686,0.000047,0.000047,0.001247,0.125681,0.153544,0.615915
AAGAGGATGTACGCGA-1,0.000023,0.007624,0.005482,0.470043,0.03137,0.000023,0.000023,0.000023,0.000023,0.000625,0.484743
AAGAGGCATGGATCGC-1,0.000013,0.000013,0.21905,0.66769,0.000013,0.000013,0.000013,0.000013,0.00268,0.006142,0.104361
AAGAGGCCCTTTGGAA-1,0.000026,0.033426,0.119919,0.148778,0.065178,0.056443,0.02409,0.000026,0.010513,0.470708,0.070894
AAGATGGCACCGGACC-1,0.029989,0.000829,0.000042,0.131025,0.080159,0.000042,0.000042,0.33442,0.021146,0.016579,0.385727
AAGATTGGCGGAACGT-1,0.000007,0.000007,0.163797,0.785099,0.000163,0.000007,0.026142,0.000007,0.011791,0.000007,0.012972
AAGCACCCTGCGTATC-1,0.00002,0.095011,0.007256,0.553367,0.001532,0.147522,0.063784,0.00002,0.00002,0.001246,0.130222
AAGCATACTCTCCTGA-1,0.027065,0.003147,0.059216,0.542992,0.001556,0.157243,0.119897,0.003701,0.000012,0.000012,0.085158
AAGCCACTTGCAGGTA-1,0.01295,0.000039,0.000039,0.000078,0.000039,0.021051,0.000039,0.027346,0.003899,0.683351,0.25117
AAGCCGAAGCGGTTTA-1,0.092447,0.018333,0.095749,0.15681,0.2493,0.101581,0.08842,0.000024,0.058915,0.123104,0.015318
AAGCCGCCGTGAAATC-1,0.011595,0.122172,0.000029,0.000059,0.000029,0.135996,0.001449,0.22323,0.004786,0.276346,0.224308
AAGCCGCTTTACCTTG-1,0.861653,0.000019,0.000605,0.042029,0.002976,0.00934,0.063215,0.000019,0.000019,0.000019,0.020104
AAGCCGGAGAGCAGGA-1,0.000011,0.04392,0.083691,0.293837,0.35881,0.055036,0.120624,0.000833,0.002415,0.007992,0.032831
AAGCGCAGGGCTTTGA-1,0.000045,0.000045,0.000045,0.011,0.000045,0.000045,0.000045,0.123309,0.029679,0.480376,0.355363
AAGCGGAGTGCGCGCA-1,0.971786,0.000026,0.000026,0.000051,0.000026,0.000026,0.000026,0.027932,0.000026,0.000026,0.000051
AAGCGGCGTCATGGGT-1,0.088483,0.000056,0.000056,0.000113,0.000056,0.000056,0.000056,0.326494,0.58446,0.000056,0.000113
AAGCGTCCCTCATCGA-1,0.0001,0.078179,0.0001,0.0002,0.0001,0.0001,0.0001,0.782603,0.11534,0.0001,0.023077
AAGCTAGATCGAGTAA-1,0.020106,0.058248,0.004699,0.660516,0.000011,0.078669,0.154299,0.000011,0.000011,0.000011,0.023419
AAGCTATGGATTGACC-1,0.000025,0.000025,0.380896,0.008475,0.081076,0.000025,0.000025,0.000025,0.070815,0.449464,0.009148
AAGCTCGTGCCAAGTC-1,0.000013,0.000013,0.228916,0.661566,0.000013,0.009418,0.001403,0.019745,0.000013,0.001593,0.077308
AAGCTCTTTCATGGTG-1,0.000022,0.128812,0.076773,0.387815,0.031402,0.165273,0.059658,0.023175,0.000022,0.006831,0.120218
AAGGAGAACTTATAAG-1,0.058501,0.00002,0.007728,0.450827,0.098036,0.008429,0.09582,0.055596,0.102899,0.022304,0.099841
AAGGAGCGGTTGGTGC-1,0.000051,0.020394,0.000051,0.035369,0.259612,0.010128,0.000051,0.107813,0.000171,0.088443,0.477916
AAGGATCGATCGCTTG-1,0.016533,0.003099,0.137568,0.403138,0.037712,0.00375,0.393481,0.000009,0.000619,0.000009,0.004082
AAGGATGAGGGACCTC-1,0.084667,0.01615,0.083118,0.586941,0.000019,0.000019,0.032815,0.029451,0.044777,0.001195,0.120848
AAGGCAGGCTGTCTCC-1,0.005062,0.114482,0.057846,0.00476,0.063551,0.134225,0.503773,0.000471,0.005062,0.10748,0.003287
AAGGCGCGTAAAGCTT-1,0.00003,0.115698,0.00003,0.126343,0.030542,0.104012,0.05992,0.00003,0.022997,0.056087,0.484313
AAGGCTGTGCTCATCG-1,0.000054,0.068001,0.000054,0.100612,0.000054,0.000054,0.020466,0.068432,0.140548,0.147073,0.454652
AAGGGAACGACTGGCT-1,0.038038,0.004497,0.004234,0.221165,0.00704,0.391567,0.238218,0.014187,0.000011,0.000011,0.081031
AAGGGACAGATTCTGT-1,0.032767,0.012514,0.016446,0.243684,0.000036,0.000036,0.000036,0.351541,0.275315,0.005216,0.062409
AAGGGACTATGCATTC-1,0.061156,0.060569,0.000054,0.000108,0.000054,0.000054,0.000054,0.829192,0.00288,0.02503,0.02085
AAGGGTTAGCCATGCG-1,0.000006,0.00454,0.305733,0.478891,0.005144,0.174459,0.027597,0.000006,0.000006,0.000006,0.003611
AAGGGTTTGATTTCAG-1,0.000051,0.044088,0.000051,0.000101,0.000051,0.346716,0.000051,0.190647,0.000051,0.418093,0.000101
AAGGTATCCTAATATA-1,0.000035,0.000035,0.06241,0.267009,0.047464,0.000035,0.019606,0.124644,0.250233,0.033736,0.194795
AAGGTGATAAACCAGC-1,0.000039,0.47562,0.026349,0.126471,0.000039,0.000039,0.000039,0.090987,0.079983,0.007204,0.193228
AAGTAAGCTTCCAAAC-1,0.000007,0.000007,0.59366,0.309774,0.000762,0.001268,0.000007,0.000007,0.020181,0.007817,0.066508
AAGTAGAAGACCGGGT-1,0.000014,0.033589,0.056684,0.587635,0.065055,0.054276,0.027899,0.005733,0.000014,0.00769,0.161411
AAGTAGTGACGCGAGG-1,0.000027,0.050555,0.001286,0.34985,0.000027,0.041194,0.025816,0.193948,0.000027,0.000138,0.337132
AAGTCAATTGTCGTCA-1,0.000019,0.095421,0.003638,0.222261,0.215784,0.066296,0.178511,0.000356,0.024319,0.059547,0.133848
AAGTCTAGTAGCTGCC-1,0.354838,0.046276,0.000015,0.005673,0.000015,0.150327,0.442784,0.000015,0.000015,0.000015,0.000029
AAGTCTTCTGTGGCCT-1,0.000056,0.116825,0.000056,0.000112,0.215355,0.215014,0.090097,0.006209,0.000056,0.23379,0.12243
AAGTGACGACCGAATT-1,0.000019,0.059295,0.000019,0.351498,0.000019,0.152645,0.140046,0.000019,0.000019,0.000019,0.296403
AAGTGAGTCGGGTTTA-1,0.000022,0.002957,0.035653,0.356663,0.00348,0.209023,0.047398,0.000022,0.000022,0.042167,0.302591
AAGTGCAAAGGTAGAC-1,0.000101,0.08269,0.000101,0.000202,0.000101,0.000101,0.000101,0.33476,0.303045,0.129664,0.149132
AAGTGCCTTGACTGTA-1,0.000021,0.000021,0.051523,0.339019,0.250752,0.018877,0.061867,0.005999,0.144555,0.085997,0.041369
AAGTGCGTTAGAATCT-1,0.00009,0.091169,0.00009,0.000181,0.00009,0.00009,0.00009,0.63317,0.019279,0.228158,0.02759
AAGTGCTTCTCTATTG-1,0.000044,0.000044,0.000044,0.000088,0.000044,0.005945,0.000044,0.651441,0.000044,0.342176,0.000088
AAGTGTTTGGAGACGG-1,0.000048,0.000048,0.000048,0.000096,0.000048,0.000048,0.000048,0.133734,0.089868,0.397644,0.378369
AAGTTCACTCCAAGCT-1,0.000065,0.063757,0.000065,0.00013,0.009212,0.005076,0.000065,0.26604,0.14468,0.182656,0.328253
AAGTTCAGTCTGCGTA-1,0.261831,0.008597,0.000024,0.152867,0.000024,0.029271,0.107807,0.029863,0.167908,0.007388,0.234419
AAGTTCGGCCAACAGG-1,0.000048,0.02987,0.000048,0.000095,0.000048,0.00515,0.000048,0.051274,0.002792,0.375643,0.534985
AAGTTGTGATGTTATA-1,0.000041,0.000041,0.070249,0.019435,0.112097,0.011299,0.000041,0.04821,0.035835,0.58844,0.114313
AAGTTTACTAATGGCA-1,0.000028,0.000028,0.175776,0.147318,0.001387,0.000028,0.036196,0.009446,0.202591,0.089162,0.338041
AAGTTTATGGGCCCAA-1,0.000017,0.02778,0.021414,0.439348,0.008679,0.250306,0.056843,0.008507,0.000017,0.014125,0.172966
AATAACAACGCTCGGC-1,0.000014,0.016049,0.00737,0.533381,0.003546,0.114537,0.063884,0.000014,0.000014,0.000014,0.261177
AATAACACTAGAACAA-1,0.000022,0.187566,0.000022,0.173673,0.041469,0.085683,0.083741,0.198146,0.000022,0.000022,0.229633
AATAACGTCGCGCCCA-1,0.000022,0.020777,0.079598,0.029498,0.026275,0.313996,0.105467,0.008842,0.037751,0.297923,0.079851
AATAAGTCCTCGAGAC-1,0.000025,0.000025,0.048111,0.380563,0.023489,0.008866,0.027067,0.025138,0.321901,0.090853,0.073963
AATAATCTTCGTATCG-1,0.0417,0.03432,0.15077,0.285674,0.320207,0.035342,0.13054,0.000006,0.000006,0.000006,0.001427
AATACAATGTTTCAGG-1,0.000018,0.087204,0.000018,0.235027,0.005525,0.157255,0.091596,0.000018,0.000018,0.003552,0.419768
AATACCGGAGGGCTGT-1,0.031859,0.0735,0.000033,0.000066,0.000033,0.000033,0.000033,0.894312,0.000033,0.000033,0.000066
AATACCTGATGTGAAC-1,0.000018,0.038247,0.049837,0.074367,0.026165,0.525231,0.121072,0.072533,0.000496,0.028252,0.06378
AATAGAACAGAGTGGC-1,0.000019,0.074165,0.049032,0.408361,0.002958,0.036646,0.007866,0.054166,0.000019,0.00082,0.365948
AATAGAATCTGTTTCA-1,0.000025,0.139062,0.040183,0.282441,0.171411,0.001362,0.000025,0.04491,0.003252,0.043719,0.273611
AATAGCAAGCCTCCTG-1,0.37281,0.067431,0.056763,0.017978,0.127205,0.010321,0.337687,0.009704,0.000025,0.000025,0.00005
AATAGCTACCGCGTGC-1,0.236383,0.072915,0.016167,0.187463,0.000017,0.000128,0.482708,0.000017,0.000017,0.000017,0.004169
AATAGGCACGACCCTT-1,0.075232,0.00438,0.053733,0.089238,0.074534,0.347789,0.037294,0.063009,0.000018,0.024064,0.230708
AATAGTCCGTCCCGAC-1,0.000035,0.014751,0.038328,0.059963,0.007979,0.001675,0.000035,0.001104,0.001411,0.202709,0.672011
AATAGTCGCGAGTCGG-1,0.102443,0.145178,0.000112,0.000225,0.000112,0.000112,0.000112,0.437616,0.039816,0.214175,0.060097
AATATCAAGGTCGGAT-1,0.000064,0.045502,0.000064,0.000129,0.000064,0.000064,0.000064,0.003476,0.306861,0.195478,0.448233
AATATCCTAGCAAACT-1,0.000033,0.710442,0.000033,0.056211,0.000033,0.113936,0.000033,0.000033,0.000033,0.103135,0.01608
AATATCGAATCAATGC-1,0.039492,0.143731,0.032356,0.058684,0.4763,0.079526,0.139397,0.000015,0.00629,0.017563,0.006646
AATATCGAGGGTTCTC-1,0.000036,0.000036,0.026858,0.039654,0.003725,0.000037,0.018174,0.178573,0.092767,0.231469,0.40867
AATATTGGAGTATTGA-1,0.00004,0.055547,0.00004,0.034773,0.00004,0.053648,0.085265,0.008161,0.00004,0.033656,0.72879
AATCAGACTGCAGGAC-1,0.000022,0.014618,0.054931,0.339124,0.000022,0.11333,0.012149,0.023607,0.000022,0.063944,0.378229
AATCAGGTTTCATTTA-1,0.000019,0.180239,0.000019,0.004515,0.015135,0.460521,0.159878,0.002263,0.000019,0.054058,0.123334
AATCATGTAAAGACTC-1,0.000015,0.000015,0.278709,0.447566,0.005258,0.062105,0.035261,0.160517,0.000015,0.000568,0.00997
AATCCAAGGGCCTGAG-1,0.046924,0.101031,0.033618,0.160974,0.004946,0.000064,0.000036,0.083887,0.126133,0.086012,0.356375
AATCCATGCAAGGGTG-1,0.000038,0.009738,0.017434,0.04262,0.008626,0.000038,0.000038,0.49578,0.070359,0.107527,0.247802
AATCCCGCTCAGAGCC-1,0.00004,0.00004,0.00004,0.000079,0.00004,0.01729,0.00004,0.614767,0.04843,0.255899,0.063338
AATCGAGGTCTCAAGG-1,0.014619,0.057676,0.084826,0.494398,0.027077,0.196816,0.045007,0.0245,0.000008,0.000008,0.055065
AATCGCCTCAGCGCCA-1,0.000025,0.000025,0.194882,0.265209,0.059543,0.009049,0.000025,0.122715,0.007586,0.066186,0.274757
AATCGCGCAGAGGACT-1,0.012054,0.000032,0.044087,0.000064,0.019241,0.01288,0.017002,0.044184,0.257376,0.592777,0.000302
AATCGGGACACTACGA-1,0.000034,0.000034,0.008172,0.51336,0.018023,0.016003,0.000034,0.000439,0.138467,0.203478,0.101955
AATCGGTATAGCCCTC-1,0.000047,0.011377,0.000047,0.000094,0.000047,0.034148,0.032836,0.123005,0.015387,0.486436,0.296576
AATCGTGAGCCGAGCA-1,0.000044,0.021875,0.000044,0.30692,0.009538,0.027854,0.002251,0.249746,0.000044,0.22181,0.159873
AATCTAGGTTTACTTG-1,0.000031,0.048862,0.000031,0.012451,0.021198,0.299664,0.052785,0.057713,0.014611,0.114003,0.378652
AATCTATGCCGGAGCC-1,0.156891,0.000033,0.020349,0.103901,0.004325,0.01658,0.169645,0.090534,0.263222,0.068639,0.105882
AATCTCTACTGTGGTT-1,0.00012,0.00012,0.00012,0.00024,0.00012,0.00012,0.00012,0.464339,0.122969,0.410108,0.001626
AATCTGCGTTGGGACG-1,0.000018,0.005178,0.032135,0.496078,0.073401,0.000018,0.105964,0.018548,0.076078,0.030482,0.1621
AATCTGGCTTTCTAGT-1,0.000021,0.274664,0.000021,0.000043,0.023243,0.325896,0.013349,0.000146,0.004082,0.137965,0.220569
AATCTGGGTAGACCCT-1,0.316083,0.000031,0.000031,0.139207,0.000031,0.000031,0.151606,0.134346,0.208658,0.000031,0.049949
AATGACAGCAATGTCT-1,0.000038,0.000038,0.000038,0.000569,0.000038,0.018318,0.000038,0.283639,0.000038,0.053438,0.643809
AATGACGTAGGATGTC-1,0.000034,0.070622,0.006506,0.165193,0.073863,0.030865,0.000034,0.000034,0.018804,0.18468,0.449364
AATGACTGTCAGCCGG-1,0.000039,0.000039,0.000039,0.119397,0.000039,0.112287,0.000039,0.000039,0.047174,0.234694,0.486216
AATGAGTTCGCATATG-1,0.000025,0.097598,0.002888,0.415936,0.001565,0.077773,0.045591,0.199622,0.000025,0.000025,0.158951
AATGATGATACGCTAT-1,0.028608,0.000014,0.050957,0.464462,0.007213,0.003594,0.199775,0.02218,0.081246,0.011073,0.130879
AATGATGCGACTCCTG-1,0.000018,0.004583,0.070542,0.455251,0.002041,0.017142,0.259865,0.008543,0.08795,0.016451,0.077613
AATGCAACCGGGTACC-1,0.000046,0.000046,0.000046,0.000231,0.000046,0.000046,0.000046,0.050899,0.127014,0.229231,0.592351
AATGCACCAAGCAATG-1,0.130993,0.000022,0.026538,0.062677,0.000022,0.001274,0.092311,0.257678,0.275557,0.036989,0.115938
AATGGCCGCCAATGCG-1,0.858554,0.000041,0.000041,0.000081,0.000041,0.000041,0.000041,0.000041,0.136887,0.004155,0.000081
AATGGTCCACCGTTCA-1,0.048745,0.000065,0.000065,0.039628,0.098264,0.000065,0.000065,0.437701,0.010194,0.005086,0.360124
AATGGTTCTCACAAGC-1,0.000042,0.146802,0.000615,0.042555,0.000042,0.001071,0.000042,0.356023,0.035958,0.000042,0.416809
AATGTATGGCACTGTA-1,0.000012,0.489612,0.225346,0.027631,0.000456,0.17513,0.08175,0.000012,0.000012,0.000012,0.000025
AATGTGCCCGAGGTGT-1,0.080133,0.304527,0.046511,0.000139,0.00007,0.00007,0.00007,0.494469,0.003603,0.07027,0.000139
AATGTGCTAATCTGAG-1,0.00004,0.074614,0.00004,0.00008,0.000709,0.050259,0.00004,0.740424,0.003637,0.103818,0.026339
AATGTTAAGACCCTGA-1,0.000019,0.075015,0.042015,0.172661,0.023339,0.188506,0.060746,0.225073,0.000325,0.055702,0.1566
AATGTTGTCGTGAGAC-1,0.000011,0.010831,0.30334,0.438764,0.003407,0.200148,0.017677,0.000011,0.000011,0.00352,0.022281
AATTAAAGGTCGGCGT-1,0.000033,0.133299,0.0021,0.344079,0.002324,0.048571,0.010697,0.000033,0.000033,0.053672,0.405157
AATTAACGGATTTCCA-1,0.000029,0.000029,0.025747,0.224866,0.000029,0.136565,0.019802,0.083019,0.00725,0.041508,0.461158
AATTACGAGACCCATC-1,0.000032,0.292925,0.074214,0.026967,0.051075,0.331427,0.059902,0.116847,0.000032,0.046514,0.000065
AATTACTCGTACGCTC-1,0.000093,0.000093,0.000093,0.000186,0.009635,0.000093,0.000093,0.548565,0.108473,0.288536,0.044139
AATTAGCGCTGCAGCG-1,0.011631,0.001384,0.049367,0.340322,0.000856,0.164877,0.084211,0.000026,0.006801,0.072064,0.268461
AATTATACCCAGCAAG-1,0.000027,0.000027,0.03576,0.002726,0.018765,0.10595,0.000027,0.060508,0.01276,0.453393,0.310056
AATTCATAAGGGATCT-1,0.000031,0.02769,0.042598,0.159829,0.036236,0.00534,0.089976,0.0725,0.18834,0.123012,0.254447
AATTCATTGTCATGCA-1,0.000022,0.192408,0.039092,0.020282,0.197862,0.458437,0.082793,0.000022,0.000022,0.000677,0.008382
AATTCCAACTTGGTGA-1,0.000024,0.00707,0.019986,0.236534,0.046494,0.386251,0.08677,0.035343,0.000024,0.001553,0.179951
AATTCCAAGCATGTAC-1,0.038898,0.000051,0.000051,0.000102,0.000051,0.037581,0.000051,0.175125,0.010182,0.325031,0.412876
AATTCGATTCGAGGAT-1,0.106338,0.027303,0.044196,0.544653,0.003798,0.086718,0.012659,0.017697,0.00002,0.00002,0.156597
AATTCTAGAGTTAGGC-1,0.000045,0.000045,0.014103,0.094645,0.002341,0.177181,0.016025,0.000045,0.075918,0.158401,0.46125
AATTGAACGCTCTGGT-1,0.000024,0.029759,0.131628,0.344963,0.020261,0.121811,0.001654,0.005037,0.004393,0.183672,0.156798
AATTGCAGCAATCGAC-1,0.012973,0.000022,0.067594,0.057865,0.169592,0.078756,0.023582,0.091224,0.011173,0.060594,0.426625
AATTGCGTGGATTACA-1,0.000039,0.093145,0.000039,0.000079,0.013364,0.289484,0.145228,0.029846,0.000039,0.428657,0.000079
AATTGTGGTTGCCAAA-1,0.024151,0.000014,0.411546,0.027552,0.013224,0.154948,0.001413,0.009107,0.004007,0.34076,0.013278
AATTTGGGACATAGTA-1,0.123701,0.000028,0.038303,0.182432,0.000028,0.000028,0.011345,0.384289,0.165277,0.000028,0.09454
AATTTGGTTCCAAAGA-1,0.013894,0.089791,0.022701,0.65249,0.003044,0.000015,0.086058,0.000015,0.047026,0.000209,0.084758
ACAAACCATGCGTCCT-1,0.00002,0.00002,0.090263,0.015219,0.02424,0.637736,0.103639,0.108451,0.00002,0.020355,0.000039
ACAAACCGACAAGGCG-1,0.080627,0.000011,0.022346,0.219991,0.000245,0.008772,0.339675,0.084986,0.127549,0.011437,0.104361
ACAAACTCCATCAGAG-1,0.000011,0.093881,0.001942,0.055983,0.020118,0.361987,0.070502,0.013701,0.000011,0.000838,0.381027
ACAAAGAAGGTAGGCC-1,0.000043,0.050665,0.000043,0.031728,0.175292,0.076898,0.004105,0.068665,0.000043,0.490707,0.101811
ACAAAGCATGACCTAG-1,0.000026,0.020233,0.01175,0.182238,0.022684,0.060527,0.018466,0.078668,0.094323,0.2108,0.300283
ACAAATCGCACCGAAT-1,0.000014,0.01113,0.007655,0.485638,0.000419,0.175098,0.144596,0.058877,0.000014,0.010329,0.106232
ACAAATGGTAGTGTTT-1,0.000037,0.000037,0.069262,0.09449,0.000037,0.012993,0.008775,0.268291,0.021964,0.172047,0.352068
ACAAATTCAGATCTGA-1,0.658207,0.023129,0.000041,0.000083,0.000041,0.000041,0.000041,0.274851,0.043439,0.000041,0.000083
ACAACAGCATGAGCTA-1,0.000035,0.031485,0.056053,0.188602,0.059995,0.020521,0.000035,0.000035,0.053061,0.209311,0.380868
ACAACGGTCCCTGCGA-1,0.000012,0.000012,0.073114,0.663043,0.01555,0.133843,0.005951,0.000012,0.000012,0.000012,0.108439
ACAAGCAGTGCCTAGC-1,0.000029,0.072282,0.037279,0.09464,0.093265,0.016285,0.000029,0.082187,0.002626,0.009493,0.591885
ACAAGCTATATGGAAG-1,0.000039,0.162037,0.000039,0.000077,0.001103,0.55177,0.000217,0.033835,0.000039,0.249841,0.001004
ACAAGGAAATCCGCCC-1,0.00785,0.011881,0.034191,0.381662,0.010169,0.198997,0.06212,0.166429,0.00002,0.00002,0.126662
ACAAGGACAAGAGGTT-1,0.000063,0.133068,0.03557,0.194879,0.000063,0.070265,0.005831,0.034647,0.000063,0.256868,0.268684
ACAAGGATGCTTTAGG-1,0.000036,0.000036,0.066479,0.013243,0.000036,0.038746,0.000036,0.145773,0.037157,0.304737,0.393722
ACAAGGCCTACCAGCC-1,0.87946,0.054798,0.000035,0.060007,0.000035,0.000035,0.000035,0.000035,0.000035,0.000035,0.00549
ACAAGGGCAGGCTCTG-1,0.000022,0.000022,0.086167,0.265219,0.106146,0.051161,0.049812,0.000022,0.029708,0.07498,0.336741
ACAAGTAATTGTAAGG-1,0.012248,0.000021,0.170431,0.025498,0.141674,0.075204,0.000755,0.001988,0.046822,0.484628,0.040733
ACAATAGTCGTACGTT-1,0.000136,0.007703,0.000136,0.000272,0.000136,0.000136,0.000136,0.534005,0.243404,0.208618,0.005318
ACAATCCATTTAAACC-1,0.100605,0.075768,0.000035,0.091331,0.004707,0.026505,0.006373,0.000035,0.190381,0.028308,0.475953
ACAATCGATCTTTATA-1,0.005895,0.000014,0.020783,0.436683,0.192891,0.002363,0.000014,0.105179,0.084746,0.058815,0.092617
ACAATGAATACGGAGA-1,0.021258,0.643617,0.000052,0.079975,0.000052,0.000052,0.000052,0.17737,0.077416,0.000052,0.000104
ACAATGATTCTTCTAC-1,0.711162,0.000079,0.000079,0.000158,0.000079,0.000079,0.000079,0.000079,0.287967,0.000079,0.000158
ACAATTGTGTCTCTTT-1,0.000061,0.235515,0.000061,0.055529,0.000061,0.000061,0.000061,0.045843,0.169546,0.382793,0.110471
ACAATTTAGGAGGCTC-1,0.000059,0.000587,0.000059,0.194904,0.108654,0.000059,0.000059,0.690594,0.000059,0.000059,0.00491
ACAATTTGAGCAGTGG-1,0.03322,0.001201,0.012832,0.587849,0.102123,0.007248,0.052299,0.040481,0.00001,0.00001,0.162725
ACAATTTGGCCATATT-1,0.131635,0.013257,0.060012,0.000237,0.033702,0.153331,0.481581,0.112585,0.000603,0.013039,0.00002
ACACAAAGACGGGTGG-1,0.000018,0.000018,0.226214,0.478428,0.000018,0.01245,0.000018,0.007463,0.000153,0.107119,0.168099
ACACAAATATTCCTAG-1,0.906609,0.02756,0.00188,0.000041,0.000021,0.000021,0.000021,0.063765,0.000021,0.000021,0.000041
ACACACCAGGACCAGT-1,0.00002,0.004964,0.14917,0.509669,0.075957,0.042624,0.009794,0.005418,0.000089,0.039232,0.163063
ACACACTTTCTACACG-1,0.039029,0.041395,0.000038,0.193163,0.136247,0.010963,0.065975,0.003319,0.152275,0.07447,0.283126
ACACATGATCAAATCT-1,0.000022,0.000022,0.003585,0.113941,0.016244,0.308983,0.179847,0.14281,0.001272,0.066257,0.167016
ACACATTGACGCAACA-1,0.000052,0.042463,0.000052,0.000104,0.008749,0.060648,0.000052,0.600442,0.000052,0.287281,0.000104
ACACATTTCCGTAGAC-1,0.000037,0.024028,0.000037,0.029398,0.002071,0.000037,0.000037,0.033867,0.039389,0.139014,0.732086
ACACCACATAATTAGC-1,0.229261,0.103016,0.042273,0.005477,0.025839,0.086676,0.310083,0.174917,0.003279,0.019147,0.000032
ACACCCAGCATGCAGC-1,0.006109,0.005376,0.033867,0.477189,0.049204,0.016748,0.000029,0.146227,0.000029,0.021835,0.243389
ACACCCGAGAAATCCG-1,0.000025,0.000025,0.076636,0.341524,0.014039,0.13498,0.049146,0.04885,0.000025,0.026547,0.308202
ACACCCGTAAATCTGT-1,0.971634,0.00003,0.00003,0.000061,0.00003,0.00003,0.00003,0.00003,0.028031,0.00003,0.000061
ACACCGAGCGCTCTTT-1,0.023677,0.056942,0.000146,0.000292,0.000146,0.000146,0.000146,0.825575,0.039723,0.052914,0.000292
ACACCGGTCTGACCGC-1,0.000013,0.019846,0.016139,0.148702,0.000013,0.602918,0.211021,0.000013,0.000013,0.000013,0.00131
ACACCTTAAGTAGGGC-1,0.000025,0.022275,0.013499,0.350584,0.026735,0.133202,0.060658,0.000054,0.057583,0.023108,0.312277
