Barcode,Topic 1,Topic 2,Topic 3,Topic 4to5,Topic 6,Topic 7to8,Topic 9,Topic 10
AAACAAGTATCTCCCA-1,0.010978,0.050868,0.061478,0.338561,0.076383,0.327669,0.056793,0.07727
AAACACCAATAACTGC-1,0.026845,0.098319,0.016496,0.160415,0.110103,0.050575,0.44055,0.096697
AAACAGCTTTCAGAAG-1,0.000272,0.013391,0.008165,0.149421,0.09069,0.552935,0.13228,0.052847
AAACAGGGTCTATATT-1,0.066051,0.149253,0.010449,0.329191,0.075664,0.211264,0.091115,0.067014
AAACAGTGTTCCTGGG-1,0.180806,0.009295,0.000359,0.002113,0.000022,0.000043,0.014956,0.792406
AAACATTTCCCGGATT-1,0.01116,0.158112,0.01349,0.236852,0.099871,0.145595,0.133315,0.201605
AAACCCGAACGAAATC-1,0.000006,0.009611,0.087254,0.240058,0.089018,0.563932,0.010114,0.000006
AAACCGGAAATGTTAA-1,0.000369,0.077582,0.104323,0.451853,0.081959,0.266748,0.015101,0.002066
AAACCGGGTAGGTACC-1,0.001541,0.09585,0.030087,0.47429,0.058913,0.147901,0.162233,0.029186
AAACCGTTCGTCCAGG-1,0.028788,0.032056,0.043677,0.214039,0.021542,0.179066,0.026174,0.454657
AAACCTAAGCAGCCGG-1,0.040825,0.091654,0.042852,0.090291,0.100366,0.223492,0.30647,0.10405
AAACCTCATGAAGTTG-1,0.421663,0.026409,0.101805,0.183909,0.060002,0.145816,0.029788,0.030608
AAACGAAGATGGAGTA-1,0.120145,0.01779,0.031124,0.017719,0.044726,0.199513,0.293494,0.275488
AAACGAGACGGTTGAT-1,0.009204,0.086728,0.357247,0.22545,0.124922,0.07026,0.126172,0.000016
AAACGCTGGGCACGAC-1,0.000007,0.005525,0.060861,0.134418,0.021755,0.75512,0.009577,0.012736
AAACGGGCGTACGGGT-1,0.05877,0.060156,0.010132,0.165031,0.08421,0.10542,0.505852,0.010429
AAACGGTTGCGAACTG-1,0.001319,0.003045,0.04147,0.010254,0.05005,0.145614,0.035874,0.712374
AAACTCGGTTCGCAAT-1,0.023659,0.066702,0.032817,0.131969,0.194616,0.108336,0.424719,0.017181
AAACTGCTGGCTCCAA-1,0.001915,0.004469,0.115177,0.253302,0.071744,0.439736,0.067932,0.045725
AAACTTAATTGCACGC-1,0.054064,0.025208,0.007492,0.020933,0.033608,0.011044,0.458067,0.389583
AAACTTGCAAACGTAT-1,0.028706,0.168019,0.02664,0.2308,0.067254,0.314393,0.069913,0.094275
AAAGAATGTGGACTAA-1,0.000014,0.244165,0.007969,0.348609,0.127397,0.081176,0.168911,0.02176
AAAGACTGGGCGCTTT-1,0.198473,0.052693,0.412401,0.040106,0.025795,0.020436,0.036041,0.214055
AAAGGCCCTATAATAC-1,0.123275,0.061816,0.014302,0.062029,0.025177,0.019961,0.42899,0.264451
AAAGGCTACGGACCAT-1,0.015039,0.192757,0.038673,0.119986,0.15478,0.067862,0.322633,0.088269
AAAGGCTCTCGCGCCG-1,0.000006,0.000931,0.001928,0.04682,0.102851,0.840885,0.006492,0.000086
AAAGGGATGTAGCAAG-1,0.81516,0.148699,0.012811,0.000114,0.000057,0.000114,0.000057,0.022988
AAAGGGCAGCTTGAAT-1,0.749302,0.008267,0.153821,0.032479,0.004934,0.032277,0.000031,0.018889
AAAGTAGCATTGCTCA-1,0.014769,0.080745,0.039802,0.206577,0.051147,0.187842,0.013097,0.40602
AAAGTCGACCCTCAGT-1,0.000008,0.003953,0.128327,0.208131,0.086523,0.570526,0.002524,0.000008
AAAGTGCCATCAATTA-1,0.027,0.305272,0.055469,0.423202,0.010521,0.127181,0.015621,0.035735
AAAGTGTGATTTATCT-1,0.005981,0.012551,0.082748,0.220678,0.111721,0.509127,0.051563,0.005631
AAAGTTGACTCCCGTA-1,0.011415,0.001902,0.065338,0.079436,0.022309,0.819371,0.00022,0.000009
AAATAACCATACGGGA-1,0.06197,0.041144,0.199194,0.259304,0.08138,0.270056,0.038874,0.048079
AAATAAGGTAGTGCCC-1,0.295973,0.42947,0.212636,0.006531,0.000764,0.000076,0.054512,0.000038
AAATACCTATAAGCAT-1,0.109487,0.037011,0.059213,0.174944,0.009423,0.426261,0.01711,0.16655
AAATAGCTTAGACTTT-1,0.000012,0.002754,0.299294,0.197782,0.229295,0.200905,0.069945,0.000012
AAATAGGGTGCTATTG-1,0.181787,0.254881,0.009079,0.196055,0.051666,0.061534,0.115311,0.129686
AAATCCGATACACGCC-1,0.083346,0.21363,0.025198,0.133008,0.091666,0.07646,0.331055,0.045636
AAATCGCGGAAGGAGT-1,0.052581,0.001831,0.013042,0.00799,0.057086,0.195216,0.233655,0.438601
AAATCGTGTACCACAA-1,0.026841,0.023981,0.089322,0.384449,0.079486,0.338825,0.050846,0.006249
AAATCTAGCCCTGCTA-1,0.105481,0.136436,0.021199,0.251605,0.068151,0.232513,0.087223,0.097392
AAATGCTCGTTACGTT-1,0.031545,0.422527,0.399175,0.067331,0.012263,0.000162,0.005014,0.061982
AAATGGCATGTCTTGT-1,0.060031,0.046261,0.285298,0.259909,0.044008,0.280096,0.014454,0.009943
AAATGGCCCGTGCCCT-1,0.050536,0.324912,0.012107,0.26701,0.03102,0.053769,0.01404,0.246606
AAATGGTCAATGTGCC-1,0.010534,0.066082,0.386061,0.158062,0.176417,0.055432,0.133727,0.013685
AAATGTATCTTATCCC-1,0.157856,0.096441,0.518555,0.05915,0.038946,0.013682,0.094313,0.021056
AAATTAACGGGTAGCT-1,0.042733,0.259289,0.401842,0.09837,0.073565,0.038748,0.084731,0.000721
AAATTAATAAGCGCGA-1,0.077873,0.40152,0.163982,0.140221,0.030814,0.039576,0.111118,0.034896
AAATTACACGACTCTG-1,0.06071,0.101931,0.123504,0.490759,0.049406,0.082668,0.034562,0.056461
AAATTACCTATCGATG-1,0.9994,0.000067,0.000067,0.000133,0.000067,0.000133,0.000067,0.000067
AAATTCCAGGTCCAAA-1,0.008146,0.197123,0.370989,0.093403,0.125024,0.035753,0.167632,0.00193
AAATTGATAGTCCTTT-1,0.000005,0.001712,0.005714,0.013993,0.038017,0.926303,0.011049,0.003206
AAATTTGCGGGTGTGG-1,0.032211,0.144386,0.040063,0.491219,0.033832,0.118562,0.024642,0.115084
AACAACTGGTAGTTGC-1,0.5003,0.009418,0.090332,0.00007,0.000035,0.00007,0.000035,0.399741
AACAATACATTGTCGA-1,0.016036,0.31904,0.018339,0.237344,0.059464,0.027611,0.238436,0.083732
AACAATTACTCTACGC-1,0.127005,0.166389,0.481577,0.021474,0.081839,0.007049,0.114645,0.000022
AACACACGCTCGCCGC-1,0.114643,0.050436,0.031971,0.246933,0.069865,0.296063,0.075542,0.114548
AACACGAGACGCGGCC-1,0.00687,0.011385,0.029738,0.12947,0.040969,0.542144,0.024365,0.215059
AACAGCTGTGTGGCAA-1,0.000984,0.051331,0.033518,0.289743,0.150015,0.292556,0.153727,0.028127
AACAGGAAATCGAATA-1,0.085054,0.287709,0.232831,0.292356,0.00503,0.023359,0.005484,0.068176
AACAGGATGGGCCGCG-1,0.076553,0.250476,0.436569,0.03875,0.017003,0.004347,0.099009,0.077295
AACAGGTAGTATGGAT-1,0.011356,0.362795,0.047742,0.476451,0.003444,0.025723,0.000022,0.072467
AACATTGAAGTTGATC-1,0.010389,0.001991,0.012198,0.009925,0.021605,0.063807,0.130363,0.749722
AACATTGTGACTCGAG-1,0.031907,0.035923,0.072667,0.062391,0.270648,0.243114,0.217623,0.065728
AACCAAGACTTCTCTG-1,0.250727,0.018022,0.228687,0.04942,0.101694,0.161086,0.106374,0.083991
AACCATAGGGTTGAAC-1,0.068878,0.003678,0.01678,0.003283,0.003702,0.002616,0.010955,0.890108
AACCATGGGATCGCTA-1,0.040168,0.394025,0.341747,0.096192,0.026228,0.101575,0.000032,0.000032
AACCCAGAGACGGAGA-1,0.225091,0.518881,0.165449,0.062524,0.000054,0.000108,0.000054,0.027839
AACCCATCCCATGATC-1,0.022112,0.091593,0.018005,0.079979,0.088313,0.08034,0.564401,0.055255
AACCCGACAACCCGTG-1,0.007548,0.04929,0.015914,0.209368,0.138521,0.046451,0.315667,0.217242
AACCCGAGCAGAATCG-1,0.009743,0.063225,0.020058,0.24595,0.065119,0.497438,0.018425,0.080042
AACCCTACTGTCAATA-1,0.293831,0.129734,0.185754,0.260882,0.02472,0.062275,0.031973,0.01083
AACCGAGCTTGGTCAT-1,0.978577,0.005797,0.005755,0.000098,0.000049,0.000098,0.000049,0.009577
AACCGCTAAGGGATGC-1,0.005117,0.175095,0.073505,0.483073,0.029286,0.226037,0.002385,0.005503
AACCGTTGTGTTTGCT-1,0.000011,0.008248,0.091667,0.337205,0.062524,0.497654,0.002679,0.000011
AACCTCGCTTTAGCCC-1,0.043636,0.245201,0.028875,0.129449,0.125766,0.078327,0.323091,0.025655
AACCTGTCACGGAATT-1,0.000015,0.039112,0.454303,0.111713,0.194951,0.074126,0.125766,0.000015
AACCTTTAAATACGGT-1,0.005546,0.110193,0.077575,0.253661,0.080095,0.373331,0.033111,0.066487
AACCTTTACGACGTCT-1,0.187258,0.071042,0.442153,0.249286,0.008704,0.034596,0.000027,0.006934
AACGAAAGTCGTCCCA-1,0.100257,0.082963,0.100971,0.070413,0.123782,0.071637,0.353194,0.096782
AACGACCTCCTAGCCG-1,0.013946,0.058554,0.022932,0.311694,0.054363,0.332085,0.056882,0.149544
AACGATAATGCCGTAG-1,0.086651,0.040914,0.048395,0.180787,0.049411,0.423102,0.024733,0.146006
AACGATAGAAGGGCCG-1,0.020483,0.40488,0.288608,0.207392,0.022032,0.053478,0.000029,0.003098
AACGATATGTCAACTG-1,0.97686,0.000021,0.001896,0.000042,0.000021,0.000042,0.000021,0.021098
AACGCGACCTTGGGCG-1,0.015746,0.022429,0.012265,0.031905,0.111721,0.158352,0.568736,0.078846
AACGCGGTCTCCAGCC-1,0.868146,0.058572,0.03595,0.000135,0.000068,0.000135,0.000068,0.036926
AACGCTGTTGCTGAAA-1,0.017096,0.249111,0.048801,0.305714,0.041075,0.199798,0.059943,0.078463
AACGGACGTACGTATA-1,0.090827,0.108468,0.02183,0.394803,0.04569,0.266838,0.03274,0.038805
AACGGCCATCTCCGGT-1,0.017779,0.0978,0.051424,0.323944,0.061134,0.259117,0.027184,0.161617
AACGTACTGTGGGTAC-1,0.0109,0.157245,0.030142,0.484248,0.043046,0.090236,0.0992,0.084983
AACGTCAGACTAGTGG-1,0.999363,0.000071,0.000071,0.000141,0.000071,0.000141,0.000071,0.000071
AACGTCGCTGCACTTC-1,0.03163,0.025454,0.011738,0.174784,0.041873,0.624571,0.034164,0.055785
AACGTGCGAAAGTCTC-1,0.000617,0.111205,0.445,0.1626,0.088702,0.110747,0.078225,0.002903
AACGTTATCAGCACCT-1,0.999151,0.000094,0.000094,0.000189,0.000094,0.000189,0.000094,0.000094
AACGTTCTACCATTGT-1,0.06122,0.109383,0.086487,0.487879,0.079654,0.132588,0.022317,0.020472
AACTACCCGTTTGTCA-1,0.000008,0.002582,0.073654,0.063703,0.013045,0.846993,0.000008,0.000008
AACTAGGCTTGGGTGT-1,0.205464,0.120745,0.02881,0.165555,0.025078,0.214557,0.058282,0.181509
AACTCAAGTTAATTGC-1,0.0377,0.011286,0.295932,0.104106,0.05319,0.215936,0.057964,0.223886
AACTCCAGAGCGTGTT-1,0.002909,0.06401,0.038913,0.145403,0.277444,0.247411,0.218893,0.005017
AACTCGATGGCGCAGT-1,0.296448,0.074557,0.293726,0.168596,0.035338,0.101281,0.021941,0.008111
AACTCTCAATAGAGCG-1,0.000028,0.053325,0.529712,0.124544,0.128155,0.06487,0.099338,0.000028
AACTCTCAGTGTGCTC-1,0.139199,0.092552,0.058971,0.202313,0.044584,0.27999,0.036685,0.145706
AACTGAGTTATACTGA-1,0.037078,0.345847,0.162299,0.315486,0.014929,0.097914,0.006975,0.019473
AACTGATATTAGGCCT-1,0.087144,0.658031,0.148252,0.081256,0.007712,0.000076,0.010453,0.007075
AACTGGGTCCCGACGT-1,0.002579,0.017783,0.515588,0.088625,0.233831,0.099332,0.042251,0.00001
AACTTCTGCGTCTATC-1,0.105122,0.020584,0.65885,0.030282,0.070593,0.040045,0.074046,0.000479
AACTTGCCCGTATGCA-1,0.260779,0.137092,0.50777,0.018374,0.022698,0.006779,0.04146,0.005049
AACTTGCGTTCTCGCG-1,0.051828,0.018243,0.480662,0.221296,0.029765,0.115076,0.065222,0.017908
AACTTTACGGGAGCTT-1,0.11747,0.227148,0.282411,0.182155,0.028693,0.025213,0.055147,0.081763
AAGAAGGATCAGTTAG-1,0.162144,0.021609,0.495332,0.13245,0.004339,0.134826,0.000032,0.049268
AAGACATACGTGGTTT-1,0.022152,0.166026,0.004341,0.439909,0.045693,0.209537,0.064017,0.048324
AAGACCAAATAACTCA-1,0.064,0.007105,0.005138,0.006799,0.007024,0.019968,0.163896,0.72607
AAGACCCAACTGAACA-1,0.01546,0.033335,0.037018,0.137472,0.184071,0.23714,0.318246,0.037259
AAGACTGCAAGCTACT-1,0.049993,0.156864,0.344986,0.138863,0.101721,0.048526,0.153081,0.005966
AAGAGATGAATCGGTA-1,0.937979,0.001344,0.06041,0.000076,0.000038,0.000076,0.000038,0.000038
AAGAGCTCTTTATCGG-1,0.168995,0.094326,0.494173,0.079286,0.061762,0.009954,0.080535,0.01097
AAGAGGATGTACGCGA-1,0.080866,0.01298,0.088402,0.286489,0.059686,0.429401,0.041353,0.000824
AAGAGGCATGGATCGC-1,0.058208,0.124492,0.311238,0.158087,0.051363,0.036934,0.086185,0.173492
AAGAGGCCCTTTGGAA-1,0.017771,0.113079,0.036452,0.301496,0.062981,0.170685,0.067604,0.229932
AAGATGGCACCGGACC-1,0.001493,0.023462,0.018725,0.107932,0.10883,0.394237,0.247112,0.09821
AAGATTGGCGGAACGT-1,0.9998,0.000022,0.000022,0.000044,0.000022,0.000044,0.000022,0.000022
AAGCACCCTGCGTATC-1,0.062179,0.144461,0.019771,0.220176,0.169343,0.16882,0.140271,0.074978
AAGCATACTCTCCTGA-1,0.040934,0.073597,0.040475,0.209287,0.018479,0.274512,0.006301,0.336414
AAGCCGAAGCGGTTTA-1,0.003944,0.053263,0.092132,0.23281,0.037935,0.348327,0.000938,0.230649
AAGCCGCCGTGAAATC-1,0.026766,0.011248,0.013294,0.025043,0.041549,0.075623,0.219928,0.586549
AAGCCGGAGAGCAGGA-1,0.056978,0.193477,0.052554,0.409947,0.030934,0.133128,0.038469,0.084512
AAGCGCAGGGCTTTGA-1,0.102892,0.052264,0.036438,0.091393,0.095325,0.155858,0.413029,0.052802
AAGCGTCCCTCATCGA-1,0.004055,0.015851,0.022404,0.068929,0.181985,0.260739,0.444174,0.001865
AAGCTAGATCGAGTAA-1,0.019085,0.171849,0.032431,0.26734,0.06842,0.297964,0.086057,0.056853
AAGCTCGTGCCAAGTC-1,0.107089,0.090504,0.399383,0.093215,0.088375,0.136753,0.075608,0.009073
AAGCTCTTTCATGGTG-1,0.054621,0.187732,0.008179,0.269262,0.085651,0.151831,0.115522,0.127202
AAGGAGCGGTTGGTGC-1,0.779565,0.015167,0.098325,0.01231,0.024259,0.054815,0.00005,0.015509
AAGGATCGATCGCTTG-1,0.00002,0.069211,0.29945,0.248963,0.108657,0.253186,0.019703,0.00081
AAGGATGAGGGACCTC-1,0.86832,0.007375,0.019167,0.030013,0.01543,0.028754,0.001665,0.029276
AAGGCAGGCTGTCTCC-1,0.070594,0.400658,0.108177,0.274862,0.03564,0.103452,0.006594,0.000022
AAGGCGCGTAAAGCTT-1,0.999583,0.000046,0.000046,0.000093,0.000046,0.000093,0.000046,0.000046
AAGGCTGTGCTCATCG-1,0.126703,0.586109,0.262127,0.010068,0.000059,0.000119,0.014756,0.000059
AAGGGAACGACTGGCT-1,0.001263,0.011814,0.033278,0.03918,0.175654,0.118973,0.548203,0.071635
AAGGGACAGATTCTGT-1,0.958792,0.000046,0.000046,0.000092,0.000046,0.000092,0.001458,0.039426
AAGGGACTATGCATTC-1,0.000009,0.029231,0.022031,0.154777,0.265068,0.193828,0.333009,0.002046
AAGGGTTAGCCATGCG-1,0.030494,0.080872,0.021192,0.483755,0.054129,0.191661,0.054143,0.083754
AAGGTATCCTAATATA-1,0.993329,0.000045,0.000045,0.00009,0.000045,0.00009,0.000045,0.006312
AAGGTGATAAACCAGC-1,0.000004,0.00273,0.0174,0.304043,0.091928,0.550895,0.03291,0.00009
AAGTAGAAGACCGGGT-1,0.03479,0.107267,0.592173,0.078578,0.017919,0.064986,0.051051,0.053236
AAGTAGTGACGCGAGG-1,0.061587,0.256888,0.443681,0.045359,0.074474,0.088988,0.025499,0.003525
AAGTCAATTGTCGTCA-1,0.000009,0.003584,0.018371,0.200472,0.072485,0.69956,0.00551,0.000009
AAGTCTTCTGTGGCCT-1,0.122678,0.255976,0.055242,0.208317,0.013002,0.052506,0.003403,0.288875
AAGTGACGACCGAATT-1,0.009435,0.198798,0.112702,0.479352,0.036632,0.109997,0.011332,0.041753
AAGTGAGTCGGGTTTA-1,0.005552,0.024646,0.037816,0.075742,0.141118,0.117892,0.38765,0.209584
AAGTGCAAAGGTAGAC-1,0.003375,0.044432,0.537549,0.122964,0.115253,0.043168,0.133244,0.000013
AAGTGCCTTGACTGTA-1,0.012942,0.074646,0.0789,0.385951,0.033006,0.342313,0.014956,0.057285
AAGTGCGTTAGAATCT-1,0.017026,0.121081,0.011842,0.247365,0.08292,0.430093,0.023003,0.06667
AAGTGCTTCTCTATTG-1,0.068633,0.039542,0.027281,0.061002,0.034252,0.02935,0.390562,0.349378
AAGTGTTTGGAGACGG-1,0.039194,0.25231,0.013435,0.509819,0.026781,0.10704,0.021177,0.030244
AAGTTCACTCCAAGCT-1,0.001882,0.013984,0.011712,0.069391,0.14763,0.378902,0.356225,0.020272
AAGTTCGGCCAACAGG-1,0.021003,0.062504,0.145719,0.223891,0.132866,0.301677,0.071497,0.040843
AAGTTGTGATGTTATA-1,0.140007,0.170647,0.042351,0.104268,0.096832,0.217903,0.063478,0.164514
AAGTTTATGGGCCCAA-1,0.091233,0.027404,0.009286,0.094736,0.034164,0.058912,0.559344,0.12492
AATAACAACGCTCGGC-1,0.034245,0.373592,0.261425,0.177327,0.018309,0.032849,0.04559,0.056662
AATAACACTAGAACAA-1,0.007301,0.008941,0.011941,0.067445,0.05788,0.640818,0.047732,0.157943
AATAACGTCGCGCCCA-1,0.006645,0.072836,0.024384,0.439992,0.074869,0.18332,0.099657,0.098297
AATAATCTTCGTATCG-1,0.009579,0.026903,0.126564,0.292061,0.046536,0.181194,0.015053,0.302109
AATACAATGTTTCAGG-1,0.999111,0.000099,0.000099,0.000197,0.000099,0.000197,0.000099,0.000099
AATACCGGAGGGCTGT-1,0.007539,0.163524,0.027022,0.178757,0.072767,0.069665,0.414334,0.066392
AATACCTGATGTGAAC-1,0.002317,0.027399,0.011481,0.068678,0.16199,0.210712,0.422954,0.094469
AATAGAACAGAGTGGC-1,0.02748,0.028622,0.03804,0.177402,0.037293,0.631018,0.038436,0.021709
AATAGAATCTGTTTCA-1,0.026082,0.059909,0.051828,0.286469,0.095844,0.318803,0.039959,0.121106
AATAGTCCGTCCCGAC-1,0.07672,0.092369,0.073143,0.185046,0.058077,0.203,0.090612,0.221033
AATAGTCGCGAGTCGG-1,0.700131,0.008283,0.248468,0.004116,0.005244,0.033699,0.00003,0.00003
AATATCCTAGCAAACT-1,0.002044,0.014493,0.008673,0.079733,0.078395,0.783744,0.016606,0.016312
AATATCGAATCAATGC-1,0.000522,0.205919,0.044073,0.330507,0.029692,0.191995,0.003162,0.194129
AATATTGGAGTATTGA-1,0.000792,0.003816,0.192651,0.158272,0.169635,0.42765,0.045392,0.001792
AATCAGGTTTCATTTA-1,0.053508,0.197419,0.019309,0.043477,0.019952,0.010196,0.288975,0.367164
AATCATGTAAAGACTC-1,0.029498,0.278762,0.011319,0.393307,0.025194,0.096288,0.045525,0.120106
AATCCAAGGGCCTGAG-1,0.019236,0.111203,0.153036,0.452964,0.060283,0.14413,0.02653,0.032618
AATCGCCTCAGCGCCA-1,0.000016,0.01667,0.354936,0.18887,0.084461,0.338984,0.016049,0.000016
AATCGCGCAGAGGACT-1,0.002703,0.214086,0.169354,0.316409,0.081577,0.171365,0.025044,0.019462
AATCGGTATAGCCCTC-1,0.197086,0.346247,0.006171,0.164594,0.018103,0.071413,0.061813,0.134572
AATCGTGAGCCGAGCA-1,0.129794,0.186106,0.051374,0.084907,0.094851,0.051522,0.312782,0.088662
AATCTAGGTTTACTTG-1,0.000083,0.015361,0.022004,0.061908,0.255987,0.400456,0.235542,0.008658
AATCTATGCCGGAGCC-1,0.999816,0.00002,0.00002,0.000041,0.00002,0.000041,0.00002,0.00002
AATCTCTACTGTGGTT-1,0.009461,0.41988,0.10208,0.282659,0.005612,0.141079,0.004205,0.035025
AATCTGCGTTGGGACG-1,0.355377,0.067521,0.403047,0.016657,0.016782,0.008067,0.128435,0.004114
AATCTGGCTTTCTAGT-1,0.047753,0.045708,0.031638,0.073154,0.0626,0.442874,0.235566,0.060707
AATGACAGCAATGTCT-1,0.008143,0.068577,0.01896,0.334166,0.068503,0.340536,0.093146,0.067969
AATGACGTAGGATGTC-1,0.002088,0.195667,0.056122,0.511633,0.043648,0.056519,0.068649,0.065673
AATGACTGTCAGCCGG-1,0.690637,0.00005,0.00005,0.000101,0.00005,0.000101,0.00005,0.308961
AATGAGTTCGCATATG-1,0.117061,0.423179,0.456839,0.002625,0.000059,0.000118,0.000059,0.000059
AATGATGATACGCTAT-1,0.789915,0.19029,0.018039,0.000147,0.000074,0.000147,0.000074,0.001313
AATGATGCGACTCCTG-1,0.7244,0.000106,0.000106,0.000212,0.000106,0.000212,0.000106,0.274753
AATGCAACCGGGTACC-1,0.994397,0.000051,0.000051,0.000103,0.000051,0.000103,0.000051,0.005193
AATGCACCAAGCAATG-1,0.028462,0.02989,0.532724,0.111582,0.073997,0.065237,0.158094,0.000015
AATGGTCCACCGTTCA-1,0.355016,0.277413,0.154851,0.006449,0.000037,0.000073,0.020457,0.185705
AATGGTTCTCACAAGC-1,0.026247,0.008276,0.493082,0.022027,0.198378,0.044485,0.207445,0.000059
AATGTATGGCACTGTA-1,0.009929,0.008744,0.011048,0.018363,0.053113,0.108169,0.206556,0.584078
AATGTGCCCGAGGTGT-1,0.009513,0.097863,0.011552,0.2565,0.177701,0.14768,0.235424,0.063766
AATGTGCTAATCTGAG-1,0.041452,0.025172,0.025031,0.124002,0.115863,0.124943,0.440677,0.102861
AATGTTGTCGTGAGAC-1,0.002602,0.08371,0.027209,0.173293,0.061971,0.589511,0.039945,0.02176
AATTAAAGGTCGGCGT-1,0.086609,0.283179,0.204558,0.267508,0.041942,0.050198,0.019768,0.046237
AATTAACGGATTTCCA-1,0.000023,0.021393,0.021255,0.078389,0.107809,0.525098,0.147689,0.098345
AATTACGAGACCCATC-1,0.100716,0.073022,0.035944,0.052718,0.029665,0.0234,0.156344,0.528189
AATTAGCGCTGCAGCG-1,0.036708,0.013091,0.028236,0.058371,0.063665,0.752727,0.023989,0.023214
AATTATACCCAGCAAG-1,0.001627,0.028652,0.056424,0.052265,0.034552,0.12845,0.150184,0.547846
AATTCATAAGGGATCT-1,0.712384,0.233021,0.034399,0.009819,0.000059,0.000117,0.000059,0.010143
AATTCATTGTCATGCA-1,0.075323,0.172037,0.007459,0.088671,0.013085,0.008948,0.08822,0.546257
AATTCCAAGCATGTAC-1,0.006156,0.177341,0.028267,0.098926,0.168315,0.072362,0.38337,0.065262
AATTCGATTCGAGGAT-1,0.080023,0.031908,0.008272,0.110372,0.125473,0.079658,0.487195,0.0771
AATTCTAGAGTTAGGC-1,0.066327,0.233849,0.04094,0.321386,0.012982,0.062582,0.009002,0.252933
AATTGAACGCTCTGGT-1,0.051752,0.095127,0.200764,0.230567,0.052877,0.243013,0.007706,0.118194
AATTGCAGCAATCGAC-1,0.000009,0.008591,0.00704,0.067072,0.046059,0.826986,0.042156,0.002086
AATTGCGTGGATTACA-1,0.000986,0.047386,0.023822,0.122257,0.03477,0.038852,0.4304,0.301527
AATTGTGGTTGCCAAA-1,0.019492,0.205016,0.010714,0.242782,0.001703,0.069908,0.004741,0.445646
AATTTGGTTCCAAAGA-1,0.138593,0.06574,0.117321,0.291238,0.029338,0.164989,0.037653,0.155128
ACAAACCATGCGTCCT-1,0.144032,0.003253,0.010933,0.011065,0.014639,0.027993,0.499206,0.288878
ACAAAGAAGGTAGGCC-1,0.000007,0.004706,0.002053,0.086965,0.110563,0.649887,0.038698,0.107122
ACAAAGCATGACCTAG-1,0.006837,0.113831,0.021867,0.186094,0.126048,0.167338,0.338271,0.039715
ACAAATCGCACCGAAT-1,0.00001,0.009327,0.009338,0.105135,0.095519,0.659396,0.015384,0.105892
ACAAATGGTAGTGTTT-1,0.074759,0.207524,0.100126,0.436281,0.018753,0.08263,0.019366,0.060561
ACAACAGCATGAGCTA-1,0.265734,0.488102,0.222121,0.008781,0.000468,0.000102,0.014641,0.000051
ACAACGGTCCCTGCGA-1,0.912411,0.011988,0.029761,0.002128,0.000052,0.033698,0.000052,0.00991
ACAAGCAGTGCCTAGC-1,0.348645,0.031937,0.513125,0.018029,0.015714,0.063563,0.008405,0.00058
ACAAGCTATATGGAAG-1,0.065737,0.03653,0.143607,0.226724,0.141145,0.323413,0.04706,0.015784
ACAAGGAAATCCGCCC-1,0.03537,0.050535,0.049924,0.220894,0.051985,0.307715,0.01469,0.268886
ACAAGGACAAGAGGTT-1,0.093126,0.109286,0.593309,0.021669,0.033451,0.026962,0.112541,0.009655
ACAAGGATGCTTTAGG-1,0.035567,0.251964,0.048954,0.143439,0.128213,0.146883,0.207025,0.037956
ACAAGGGCAGGCTCTG-1,0.01337,0.042551,0.045599,0.379827,0.082242,0.180659,0.190309,0.065443
ACAATAGTCGTACGTT-1,0.008558,0.063632,0.084441,0.25513,0.052296,0.317368,0.003145,0.21543
ACAATCCATTTAAACC-1,0.314362,0.017121,0.149422,0.188887,0.068379,0.210812,0.042943,0.008074
ACAATGAATACGGAGA-1,0.123883,0.067499,0.045852,0.118178,0.125137,0.107845,0.373846,0.03776
ACAATTGTGTCTCTTT-1,0.000015,0.074736,0.036174,0.366982,0.125331,0.350792,0.028253,0.017717
ACAATTTAGGAGGCTC-1,0.401561,0.090282,0.249303,0.142303,0.024957,0.053826,0.019821,0.017947
ACAATTTGAGCAGTGG-1,0.999179,0.000091,0.000091,0.000182,0.000091,0.000182,0.000091,0.000091
ACAATTTGGCCATATT-1,0.000882,0.206041,0.280285,0.255304,0.114397,0.063861,0.079015,0.000214
ACACAAAGACGGGTGG-1,0.986834,0.000046,0.000046,0.000092,0.000046,0.000092,0.000046,0.012799
ACACACCAGGACCAGT-1,0.003043,0.024274,0.040626,0.337941,0.037951,0.419605,0.032337,0.104223
ACACACTTTCTACACG-1,0.006502,0.036656,0.13708,0.469921,0.057579,0.276362,0.014952,0.000948
ACACATGATCAAATCT-1,0.070309,0.062931,0.064642,0.103326,0.08501,0.118079,0.293655,0.202047
ACACATTTCCGTAGAC-1,0.266668,0.161201,0.04859,0.023819,0.041538,0.081745,0.082486,0.293951
ACACCACATAATTAGC-1,0.474728,0.413934,0.088012,0.002623,0.000047,0.000095,0.015308,0.005254
ACACCCAGCATGCAGC-1,0.999335,0.000074,0.000074,0.000148,0.000074,0.000148,0.000074,0.000074
ACACCCGAGAAATCCG-1,0.373413,0.036575,0.410437,0.016637,0.038625,0.058748,0.060334,0.00523
ACACCGAGCGCTCTTT-1,0.208078,0.575404,0.158606,0.039785,0.00263,0.000094,0.015356,0.000047
ACACCGGTCTGACCGC-1,0.114729,0.000012,0.000012,0.000093,0.000136,0.006409,0.57528,0.303329
ACACCTTACTACTTGC-1,0.001913,0.007962,0.179703,0.180685,0.121613,0.440042,0.02041,0.047671
ACACGAGACTCCTTCT-1,0.682238,0.189479,0.073506,0.000143,0.000072,0.000143,0.026346,0.028073
ACACGGGAACTTAGGG-1,0.999367,0.00007,0.00007,0.000141,0.00007,0.000141,0.00007,0.00007
ACACGTAGGCCACAAG-1,0.024935,0.29117,0.012521,0.399562,0.060517,0.122774,0.052016,0.036504
ACACTCCAATGTCACT-1,0.125619,0.38961,0.48056,0.003906,0.000061,0.000122,0.000061,0.000061
ACACTGATCAAGGTGT-1,0.018358,0.129436,0.029309,0.315521,0.05475,0.388423,0.023231,0.040971
ACACTGGGACAGTCGT-1,0.027133,0.043492,0.082972,0.267036,0.029618,0.522202,0.011674,0.015874
ACAGAACTGAGAACAA-1,0.013888,0.00823,0.008089,0.102899,0.15489,0.521926,0.169025,0.021054
ACAGCGACATTCTCAT-1,0.123723,0.164914,0.037675,0.280587,0.079279,0.161805,0.084016,0.068
ACAGGCACGGATCCTT-1,0.000752,0.032265,0.033578,0.069472,0.343322,0.273349,0.24495,0.002312
ACAGGCTTGCCCGACT-1,0.007404,0.017612,0.025344,0.142468,0.085711,0.634405,0.032789,0.054268
ACAGGTGGAGGTGAGG-1,0.255138,0.096221,0.03514,0.186622,0.048554,0.155292,0.079321,0.143711
ACAGGTGTGTTGTTGC-1,0.090113,0.217385,0.045132,0.300282,0.051555,0.175292,0.011901,0.108339
ACAGTAATACAACTTG-1,0.066253,0.221477,0.009719,0.442509,0.025893,0.063661,0.07222,0.098267
ACATAAGTCGTGGTGA-1,0.019688,0.220402,0.023464,0.111757,0.050987,0.024825,0.378546,0.170332
ACATAATAAGGCGGTG-1,0.048083,0.085024,0.492003,0.066557,0.039553,0.027296,0.206722,0.03476
ACATACAATCAAGCGG-1,0.087661,0.051086,0.029875,0.142914,0.046641,0.171674,0.378474,0.091675
ACATCAGCTGGGACGC-1,0.563682,0.06768,0.069023,0.206924,0.046365,0.039871,0.002438,0.004018
ACATCCCGGCCATACG-1,0.005998,0.115208,0.007788,0.251455,0.138408,0.343725,0.05061,0.086809
ACATCCTGGTAACTGT-1,0.0725,0.30636,0.14153,0.276446,0.036703,0.08343,0.043985,0.039046
ACATCGATCGTTTACC-1,0.032818,0.26492,0.107486,0.412541,0.020577,0.048592,0.085444,0.027621
ACATCGGTCAGCCGCG-1,0.057307,0.012339,0.138171,0.2605,0.043571,0.443569,0.039428,0.005115
ACATCGTATGCAATGG-1,0.041948,0.120637,0.131095,0.61896,0.010421,0.016794,0.019854,0.040291
ACATGGCGCCAAAGTA-1,0.64395,0.011062,0.037478,0.078713,0.051412,0.086521,0.070488,0.020377
ACATTAGTTTATATCC-1,0.036957,0.031214,0.035559,0.197377,0.033754,0.121315,0.041894,0.501929
ACATTTGAAACCTAAC-1,0.017898,0.038758,0.011942,0.107131,0.161491,0.216699,0.359951,0.08613
ACCAACCGCACTCCAC-1,0.022065,0.079493,0.03245,0.124836,0.198395,0.128116,0.372169,0.042475
ACCAACGCTTATTTAT-1,0.014886,0.03213,0.028156,0.130372,0.019493,0.551533,0.001089,0.22234
ACCAAGAACGCGTGTC-1,0.000876,0.005401,0.204559,0.295792,0.245086,0.169607,0.078667,0.000012
ACCAAGTCATCGGCAG-1,0.0735,0.173296,0.023904,0.191778,0.119754,0.07834,0.256918,0.082511
ACCAATATGCAAGTTA-1,0.139476,0.16624,0.046103,0.135209,0.104614,0.216641,0.044039,0.147679
ACCACAAGTTTCTATC-1,0.230114,0.48977,0.239514,0.018484,0.000475,0.000118,0.000275,0.02125
ACCACCAATGTAACAA-1,0.11614,0.345042,0.11422,0.271926,0.022933,0.071433,0.043854,0.014454
ACCACGTGCAGCTATA-1,0.09386,0.188816,0.086322,0.313006,0.048642,0.209493,0.023501,0.03636
ACCAGACCATAACAAC-1,0.353551,0.118924,0.013677,0.277838,0.016196,0.040722,0.084455,0.094637
ACCAGTGCGGGAGACG-1,0.004831,0.072286,0.085025,0.394341,0.042023,0.273452,0.018539,0.109503
ACCATATCCGCAATAA-1,0.059228,0.09154,0.252261,0.178111,0.033644,0.109248,0.170462,0.105507
ACCATCCGCCAACTAG-1,0.003065,0.033299,0.036646,0.261843,0.041954,0.436533,0.10418,0.08248
ACCATCGTATATGGTA-1,0.009517,0.099112,0.03091,0.686422,0.017291,0.043945,0.056118,0.056686
ACCCAACGCCCGTGGC-1,0.812917,0.00601,0.080836,0.000072,0.000036,0.000072,0.023672,0.076385
ACCCACCTACATGCTC-1,0.999266,0.000082,0.000082,0.000163,0.000082,0.000163,0.000082,0.000082
ACCCATCTTGAGGGTA-1,0.00254,0.030503,0.356297,0.193798,0.065416,0.269644,0.028471,0.053332
ACCCATTTGTCCCTCT-1,0.067696,0.300746,0.011773,0.214758,0.124866,0.09058,0.147909,0.041672
ACCCGAGCGAAATTAC-1,0.000009,0.061437,0.016463,0.160284,0.20033,0.095882,0.229126,0.236469
ACCCGATTGGTTCCGA-1,0.024218,0.232866,0.020127,0.103691,0.006243,0.00045,0.068416,0.543988
ACCCGGAAACTCCCAG-1,0.045295,0.011433,0.021283,0.135003,0.064158,0.307076,0.018788,0.396963
ACCCGGAGCACCACAA-1,0.039199,0.061213,0.035841,0.73083,0.025928,0.098161,0.003937,0.004891
ACCCGGATGACGCATC-1,0.062059,0.17454,0.263221,0.243563,0.06203,0.127619,0.047637,0.019332
ACCCGGTTACACTTCC-1,0.000017,0.02042,0.113178,0.24986,0.096056,0.44802,0.072097,0.000352
ACCCGTAGTCTAGTTG-1,0.009633,0.109059,0.036659,0.335995,0.031281,0.17984,0.060636,0.236897
ACCCGTGTCATCAGTA-1,0.046258,0.157092,0.043806,0.167766,0.131559,0.238253,0.115332,0.099933
ACCCTATAGGACTGAG-1,0.014852,0.214025,0.176356,0.428601,0.050752,0.064524,0.050852,0.000037
ACCCTATGCCATATCG-1,0.000008,0.01696,0.024716,0.078388,0.15667,0.476805,0.043373,0.20308
ACCCTCCCGTCAGGGC-1,0.011562,0.153608,0.032237,0.1937,0.127328,0.130424,0.32893,0.022211
ACCCTCCCTTGCTATT-1,0.017499,0.175169,0.071137,0.479534,0.049324,0.167491,0.019231,0.020615
ACCCTTCATCTGCGAA-1,0.001644,0.052822,0.104141,0.380723,0.09551,0.306942,0.023613,0.034606
ACCGAAGAGTCTGGTT-1,0.084355,0.02774,0.030146,0.053952,0.070684,0.186538,0.324487,0.222098
ACCGACACATCTCCCA-1,0.000012,0.024623,0.010195,0.057,0.404712,0.335227,0.168164,0.000068
ACCGACTGAGTCCCAC-1,0.974476,0.000067,0.000067,0.000133,0.000067,0.000133,0.000067,0.024992
ACCGAGTCTCCTTATT-1,0.078147,0.051646,0.013453,0.09712,0.060571,0.060913,0.471565,0.166586
ACCGATAGGCATAACC-1,0.004115,0.00261,0.018691,0.126939,0.03026,0.812354,0.005023,0.000008
ACCGATATTTAATCAT-1,0.001214,0.0016,0.047756,0.1013,0.03053,0.805768,0.002317,0.009514
ACCGATGGTAGCATCG-1,0.022126,0.383928,0.375189,0.128548,0.040106,0.014772,0.035305,0.000027
ACCGCAATAACTGCCT-1,0.110278,0.055492,0.038087,0.113905,0.07403,0.452199,0.093535,0.062474
ACCGCGGTGGAAGTCG-1,0.036696,0.225262,0.080434,0.442161,0.021668,0.161235,0.022445,0.010099
ACCGGGCCTTTGTTGA-1,0.0735,0.084208,0.113983,0.31384,0.018576,0.346582,0.000619,0.048692
ACCGGTCAGGTACACC-1,0.00416,0.05304,0.06325,0.085807,0.141593,0.177378,0.34469,0.130083
ACCGTGACCACGTGGG-1,0.104689,0.207003,0.030404,0.130937,0.047256,0.063905,0.298433,0.117372
ACCTAAGTACCTTTCA-1,0.042341,0.290544,0.011559,0.298779,0.026058,0.083255,0.039118,0.208346
ACCTAATCGACTTCCT-1,0.094845,0.380256,0.469919,0.01418,0.018651,0.010345,0.011757,0.000046
ACCTACAGTATGTGGT-1,0.06749,0.06395,0.302733,0.156862,0.118721,0.261048,0.02918,0.000017
ACCTACTATAAATCTA-1,0.000014,0.013863,0.022311,0.053311,0.087013,0.100362,0.458616,0.264509
ACCTCCGCCCTCGCTG-1,0.002228,0.073596,0.029789,0.224922,0.065409,0.336869,0.021452,0.245735
ACCTCCGTTATTCACC-1,0.036278,0.116879,0.481301,0.073252,0.071509,0.026292,0.191719,0.00277
ACCTCGAACTTATGCT-1,0.007736,0.03965,0.012482,0.058587,0.091614,0.115937,0.340411,0.333582
ACCTGCGTGTCATGTT-1,0.033616,0.161505,0.075355,0.328216,0.009027,0.135692,0.010698,0.245891
ACGAAATGGGCGGCAC-1,0.028746,0.343626,0.513012,0.094173,0.015944,0.003162,0.001303,0.000034
ACGACCCATGAGTTGC-1,0.01205,0.041112,0.100534,0.236819,0.035211,0.411534,0.011171,0.151569
ACGACTCTAGGGCCGA-1,0.00413,0.015238,0.011267,0.069507,0.149066,0.301908,0.441614,0.00727
ACGACTGGTCATACTC-1,0.0027,0.001412,0.006383,0.011497,0.032063,0.071823,0.236092,0.63803
ACGAGGATACCACTCT-1,0.057961,0.322251,0.013464,0.21576,0.010522,0.054982,0.045632,0.279428
ACGAGGTTTACAACGT-1,0.000066,0.03031,0.021929,0.146726,0.247063,0.151681,0.38023,0.021995
ACGAGTACGGATGCCC-1,0.965886,0.000076,0.000076,0.000152,0.000076,0.000152,0.012291,0.02129
ACGATACATAGAACTA-1,0.015743,0.029047,0.577333,0.094276,0.096437,0.032886,0.153973,0.000305
ACGATACCTATCCTGA-1,0.047845,0.010199,0.213876,0.081248,0.064432,0.487956,0.012651,0.081795
ACGATCATACATAGAG-1,0.836436,0.003172,0.084511,0.000151,0.002147,0.021559,0.03459,0.017433
ACGATCATCTTGTAAA-1,0.009975,0.066944,0.380714,0.244841,0.118002,0.089957,0.086658,0.002908
ACGATGCATATGTTAT-1,0.000023,0.026299,0.217578,0.289201,0.174609,0.255651,0.03662,0.000018
ACGCAAACTAATAGAT-1,0.001033,0.058895,0.036223,0.175118,0.14275,0.213533,0.314645,0.057804
ACGCAATCACTACAGC-1,0.998956,0.000047,0.000047,0.000095,0.000047,0.000095,0.000047,0.000664
ACGCATACGTTTACTA-1,0.00119,0.052974,0.0211,0.145034,0.082024,0.623893,0.036579,0.037206
ACGCATTCGTGAGTAC-1,0.012027,0.016654,0.425598,0.083134,0.157569,0.193753,0.100968,0.010297
ACGCCAGATGATTTCT-1,0.188777,0.076693,0.311833,0.097682,0.110012,0.197984,0.011291,0.00573
ACGCCAGTGCGTTTGC-1,0.101719,0.479726,0.016389,0.112424,0.041669,0.089757,0.050898,0.107418
ACGCCGCTAGACGACC-1,0.001588,0.161618,0.097981,0.334302,0.05989,0.328381,0.015555,0.000684
ACGCGAAGTCAGACGA-1,0.005987,0.049861,0.018858,0.541378,0.041714,0.305826,0.022417,0.01396
ACGCGCTACACAGGGT-1,0.000178,0.004005,0.068397,0.233221,0.119435,0.561958,0.006411,0.006395
ACGCGGGCCAAGGACA-1,0.003032,0.110259,0.535779,0.060664,0.065664,0.034639,0.149169,0.040793
ACGCGTTTCTTAAGAG-1,0.056532,0.048992,0.457983,0.098716,0.081767,0.168791,0.084155,0.003063
ACGCTACTGAATGGGC-1,0.118719,0.18772,0.029731,0.483772,0.003047,0.040396,0.003828,0.132787
ACGCTAGTGATACACT-1,0.959894,0.002327,0.037219,0.00016,0.00008,0.00016,0.00008,0.00008
ACGCTGTGAGGCGTAG-1,0.083725,0.013003,0.05052,0.352314,0.017762,0.463953,0.000297,0.018426
ACGGAACACGAGTGCC-1,0.049614,0.052005,0.001378,0.106045,0.047835,0.066524,0.450221,0.226376
ACGGAATTTAGCAAAT-1,0.131497,0.352204,0.455615,0.029286,0.000054,0.003364,0.000054,0.027926
ACGGACTCTCAAAGCG-1,0.062688,0.028897,0.013431,0.117894,0.187143,0.158213,0.256959,0.174775
ACGGATGGTGCGGATA-1,0.391793,0.047182,0.014502,0.164716,0.034282,0.127946,0.138291,0.081288
ACGGCACTTGCTTGGG-1,0.056546,0.038857,0.023063,0.11399,0.087879,0.526252,0.026048,0.127364
ACGGCCAACATGGACT-1,0.083339,0.048812,0.004493,0.489373,0.018929,0.143007,0.05123,0.160816
ACGGCGACGATGGGAA-1,0.013822,0.052395,0.050225,0.402762,0.088126,0.29969,0.060002,0.032979
ACGGCTGGATGTAGAA-1,0.072347,0.088321,0.077439,0.084573,0.030208,0.038795,0.102989,0.505328
ACGGGAGTGTCGGCCC-1,0.080242,0.014202,0.004362,0.082068,0.059656,0.666194,0.080932,0.012345
ACGGGTCATGTGACTT-1,0.228293,0.312815,0.378036,0.080567,0.000058,0.000116,0.000058,0.000058
ACGGTACAGTTCAATG-1,0.011742,0.330677,0.011268,0.213116,0.130959,0.05987,0.220573,0.021794
ACGTACTTTGGCACGG-1,0.00001,0.00001,0.001317,0.004684,0.024206,0.138946,0.646054,0.184773
ACGTAGATTGCTGATG-1,0.000018,0.036181,0.499817,0.126045,0.147545,0.03837,0.147522,0.004503
ACGTAGGAGAGTCGCT-1,0.042183,0.223434,0.015638,0.123767,0.061545,0.003672,0.372489,0.157271
ACGTATTACTCCGATC-1,0.077277,0.029332,0.207274,0.214165,0.054941,0.344562,0.05364,0.018809
ACGTCTCGTTCCGGGA-1,0.063031,0.099705,0.012,0.199807,0.084276,0.338146,0.086921,0.116114
ACGTGACAAAGTAAGT-1,0.003438,0.108683,0.016139,0.186393,0.275727,0.146534,0.229105,0.033981
ACGTGCGCCTCGTGCA-1,0.000021,0.189294,0.249406,0.164237,0.213803,0.075056,0.108163,0.000021
ACGTTAATGTCGAAGA-1,0.093177,0.039085,0.173272,0.198209,0.038505,0.444469,0.013261,0.000021
ACGTTAGATTTGCCCG-1,0.204255,0.122416,0.246259,0.172217,0.054188,0.172441,0.010594,0.01763
ACGTTATTGGTCACTC-1,0.336791,0.182279,0.455515,0.022405,0.000056,0.000113,0.000056,0.002783
ACGTTCGCAATCAATT-1,0.121811,0.013198,0.394841,0.019077,0.035465,0.021816,0.393774,0.000016
ACGTTCGTTCAGGAAA-1,0.042119,0.014953,0.054189,0.072349,0.180749,0.322253,0.281379,0.032008
ACGTTCTGTACAAGTC-1,0.001476,0.01535,0.028427,0.049294,0.286135,0.239816,0.377921,0.001581
ACGTTTAGTTGTGATC-1,0.158562,0.034998,0.189919,0.376929,0.035125,0.162099,0.017427,0.024941
ACGTTTCGGTGCACTT-1,0.074938,0.105467,0.04767,0.416711,0.046586,0.231254,0.032272,0.045102
ACTACAAAGAGAGGTG-1,0.001498,0.018164,0.02701,0.078064,0.10811,0.110393,0.527986,0.128776
ACTACATCCCGACAAG-1,0.00001,0.002728,0.011374,0.044059,0.063438,0.1015,0.311688,0.465203
ACTACCAGCTCTCTGG-1,0.999291,0.000079,0.000079,0.000158,0.000079,0.000158,0.000079,0.000079
ACTACGCGTTAGAATT-1,0.0023,0.04164,0.020965,0.191664,0.252462,0.258183,0.180372,0.052414
ACTAGTTGCGATCGTC-1,0.174364,0.213956,0.028195,0.315243,0.014164,0.129473,0.015739,0.108866
ACTATCCAGGGCATGG-1,0.000016,0.014576,0.284194,0.178763,0.324746,0.161833,0.035855,0.000016
ACTATCTGCCCGCGTA-1,0.06022,0.218946,0.113095,0.243353,0.014244,0.123864,0.005074,0.221205
ACTATGTCCAGCTGCC-1,0.009152,0.145593,0.037082,0.155522,0.033171,0.024679,0.300737,0.294065
ACTATTCGTCCGTGGT-1,0.094931,0.538543,0.045779,0.271322,0.003227,0.025279,0.000032,0.020887
ACTATTTCCGGGCCCA-1,0.062553,0.09178,0.029056,0.268537,0.072372,0.217944,0.114318,0.143441
ACTCAAGTGCAAGGCT-1,0.017912,0.224982,0.019594,0.205406,0.126805,0.175004,0.197954,0.032343
ACTCAATAAAGGCACG-1,0.780596,0.026327,0.059941,0.055706,0.00007,0.045405,0.009988,0.021968
ACTCATGGCAGCCTTC-1,0.038112,0.022653,0.016739,0.020714,0.005648,0.004116,0.238611,0.653408
ACTCCAATATCATCAT-1,0.026027,0.319018,0.023966,0.087875,0.055444,0.036232,0.259982,0.191456
ACTCCCATTCCTAAAG-1,0.000728,0.01503,0.007482,0.089047,0.133372,0.695637,0.019797,0.038907
ACTCCCGAATTCGTTT-1,0.019702,0.044015,0.528324,0.033018,0.145304,0.028267,0.201349,0.000021
ACTCCCTAATGCTAAA-1,0.039476,0.034339,0.018948,0.159834,0.233273,0.235382,0.200024,0.078722
ACTCCCTAGAATAGTA-1,0.016085,0.078925,0.026902,0.401636,0.052917,0.235974,0.074612,0.112951
ACTCCGGCCGACCACT-1,0.042804,0.377145,0.009144,0.139886,0.063207,0.024382,0.227908,0.115523
ACTCGATGTATTTCAT-1,0.206446,0.161538,0.552196,0.024689,0.015324,0.028551,0.010757,0.000499
ACTCGCCGTTCGATAA-1,0.014488,0.024828,0.022915,0.110748,0.020088,0.780891,0.001,0.025043
ACTCGCGATCTGACGC-1,0.003328,0.029251,0.392238,0.162649,0.117418,0.054399,0.24071,0.000007
ACTCGTAACCCGTCCT-1,0.007787,0.083328,0.040442,0.257526,0.041051,0.279511,0.033407,0.256948
ACTCGTCAGTAATCCC-1,0.000013,0.003859,0.391232,0.122935,0.232573,0.180371,0.069005,0.000013
ACTCTAAACCTGGGAT-1,0.151034,0.067954,0.417699,0.110139,0.043337,0.037209,0.162658,0.009971
ACTCTCTGACTTAGGT-1,0.000008,0.022405,0.080869,0.371129,0.096578,0.344282,0.082362,0.002366
ACTCTGACCTAATAGA-1,0.000011,0.018868,0.024894,0.100708,0.275916,0.351773,0.215385,0.012445
ACTCTTCAGCTCCCGC-1,0.308709,0.206344,0.231291,0.038558,0.000583,0.000083,0.19484,0.019592
ACTCTTGTATAGTAAC-1,0.007755,0.01298,0.401119,0.129108,0.122544,0.285811,0.020289,0.020393
ACTGAAACGCCGTTAG-1,0.02123,0.253014,0.03352,0.233501,0.109198,0.082417,0.023138,0.243981
ACTGAATGGCGAAAGT-1,0.013513,0.035278,0.050686,0.246532,0.061471,0.525809,0.008196,0.058515
ACTGCCCGCCATTCTC-1,0.000289,0.000009,0.002312,0.004344,0.007541,0.175588,0.053786,0.756131
ACTGCCGTCGTAACTC-1,0.023668,0.120232,0.251699,0.266865,0.017429,0.099111,0.000029,0.220965
ACTGCGGACACACCGT-1,0.021956,0.149831,0.465295,0.091986,0.087334,0.011784,0.17162,0.000195
ACTGCTCGGAAGGATG-1,0.131752,0.044898,0.060441,0.045898,0.206321,0.166941,0.326812,0.016937
ACTGTACGATACACAT-1,0.679646,0.145157,0.174754,0.000127,0.000063,0.000127,0.000063,0.000063
ACTGTAGCACTTTGGA-1,0.894499,0.086016,0.018834,0.000186,0.000093,0.000186,0.000093,0.000093
ACTGTCCAGGATTATA-1,0.084632,0.037705,0.509231,0.048017,0.100647,0.110655,0.1058,0.003314
ACTGTCTTCTTTAGAA-1,0.620904,0.327957,0.041025,0.009718,0.000079,0.000158,0.000079,0.000079
ACTGTGCTAGTAGATC-1,0.08428,0.47267,0.256397,0.077616,0.000211,0.108704,0.000061,0.000061
ACTTACGCATCCACGC-1,0.003007,0.196088,0.005204,0.188721,0.181945,0.193421,0.194379,0.037234
ACTTAGTACGACAAGA-1,0.064209,0.225608,0.455467,0.195434,0.025941,0.021422,0.009198,0.00272
ACTTATACTTACCCGG-1,0.000014,0.004461,0.195222,0.24071,0.124714,0.311239,0.123627,0.000014
ACTTATTAGGATCGGT-1,0.163158,0.309826,0.152821,0.226299,0.003311,0.018324,0.092615,0.033646
ACTTATTTATGTGCCA-1,0.000022,0.043248,0.090461,0.209239,0.049517,0.569413,0.011806,0.026293
ACTTCAGGCTGATCCC-1,0.159747,0.196338,0.01958,0.295526,0.010739,0.175313,0.011052,0.131707
ACTTCCAGTGGAAGCT-1,0.143781,0.052783,0.044518,0.018261,0.075343,0.298084,0.204915,0.162316
ACTTCCATGCGGGACA-1,0.000011,0.009792,0.018503,0.050182,0.205611,0.250008,0.46588,0.000011
ACTTGACTCCCTCTTT-1,0.234794,0.100966,0.090945,0.225695,0.007578,0.046441,0.051275,0.242306
ACTTGGGACCCGGTGG-1,0.749958,0.093127,0.142092,0.000102,0.000051,0.000102,0.000051,0.014518
ACTTGTAGTCCCTTCA-1,0.015258,0.040921,0.02728,0.260655,0.10973,0.495405,0.022032,0.02872
ACTTGTGGATGGAACG-1,0.101148,0.124558,0.064863,0.273345,0.040605,0.345491,0.003736,0.046254
ACTTTACCCTCATGAA-1,0.070537,0.017161,0.428329,0.03029,0.137957,0.029955,0.285528,0.000243
ACTTTCCTATAGCTTC-1,0.92871,0.000108,0.000108,0.000216,0.000108,0.000216,0.000108,0.070426
ACTTTGACTGCATCCT-1,0.030345,0.009319,0.045419,0.138749,0.027454,0.745513,0.002875,0.000326
ACTTTGGTCGTGCTCC-1,0.135643,0.004611,0.033122,0.012431,0.024808,0.117672,0.03237,0.639343
ACTTTGTCGACGCACT-1,0.027636,0.24241,0.011828,0.575939,0.016251,0.103095,0.007819,0.015022
AGAAATTATGACTCGC-1,0.025639,0.094525,0.118129,0.320258,0.040993,0.275441,0.024341,0.100674
AGAACCCAGCGTGACA-1,0.21932,0.022973,0.152057,0.297261,0.09388,0.163951,0.046245,0.004312
AGAACCCTCAATTGGG-1,0.085448,0.058589,0.010783,0.087828,0.038933,0.039499,0.468627,0.210292
AGAACGTGGTACATTC-1,0.901112,0.000059,0.000059,0.000118,0.000059,0.000118,0.041355,0.057121
AGAACTGTACTTTGTA-1,0.04049,0.01694,0.012082,0.055074,0.210693,0.356262,0.300056,0.008403
AGAAGAGCGCCGTTCC-1,0.000152,0.000152,0.395273,0.080133,0.203502,0.310195,0.010442,0.000152
AGAAGGTACACTTCAC-1,0.017691,0.043573,0.040606,0.093164,0.287724,0.222996,0.287719,0.006527
AGAAGGTTGCCGAATT-1,0.000385,0.066312,0.050172,0.534506,0.061469,0.195696,0.05117,0.04029
AGAAGGTTGTAGGTCG-1,0.016695,0.192406,0.026741,0.177374,0.149964,0.096734,0.28534,0.054745
