Barcode,Topic 1,Topic 2,Topic 3to4,Topic 5to6,Topic 7,Topic 8to9,Topic 10,Topic 11to12
AAACAAGTATCTCCCA-1,0.00001,0.00001,0.063584,0.085083,0.018173,0.796808,0.03316,0.003172
AAACAATCTACTAGCA-1,0.000019,0.000019,0.000037,0.044767,0.180773,0.705884,0.068466,0.000037
AAACACCAATAACTGC-1,0.997613,0.000217,0.000434,0.000434,0.000217,0.000434,0.000217,0.000434
AAACAGAGCGACTCCT-1,0.000064,0.665344,0.00483,0.074456,0.011882,0.13481,0.000064,0.10855
AAACAGGGTCTATATT-1,0.062894,0.118821,0.071531,0.136741,0.049447,0.303816,0.000019,0.25673
AAACAGTGTTCCTGGG-1,0.81088,0.03988,0.138637,0.000061,0.000031,0.01042,0.000031,0.000061
AAACATTTCCCGGATT-1,0.000017,0.003299,0.068535,0.061759,0.004102,0.572019,0.003484,0.286784
AAACCCGAACGAAATC-1,0.000037,0.664599,0.00244,0.007117,0.000037,0.028727,0.000037,0.297006
AAACCGGGTAGGTACC-1,0.321351,0.009404,0.004747,0.263807,0.079106,0.157385,0.029494,0.134704
AAACCGTTCGTCCAGG-1,0.636487,0.028242,0.335035,0.000059,0.000029,0.000059,0.000029,0.000059
AAACCTAAGCAGCCGG-1,0.011087,0.00001,0.000021,0.029448,0.00001,0.265101,0.029708,0.664615
AAACCTCATGAAGTTG-1,0.279233,0.082648,0.059806,0.144187,0.013505,0.024136,0.000033,0.396453
AAACGAAGAACATACC-1,0.000011,0.000011,0.208359,0.222917,0.017338,0.539731,0.011611,0.000022
AAACGAGACGGTTGAT-1,0.085457,0.000818,0.036563,0.424392,0.143645,0.088396,0.023762,0.196967
AAACGGGCGTACGGGT-1,0.00002,0.063078,0.089967,0.01453,0.00002,0.125609,0.064931,0.641845
AAACGGGTTGGTATCC-1,0.000049,0.416075,0.134174,0.059943,0.000049,0.023044,0.041307,0.325359
AAACGGTTGCGAACTG-1,0.019328,0.000012,0.03759,0.000023,0.135469,0.050858,0.756695,0.000023
AAACTCGGTTCGCAAT-1,0.165277,0.056616,0.023479,0.000063,0.000031,0.000063,0.020299,0.734173
AAACTGCTGGCTCCAA-1,0.028411,0.247459,0.139658,0.056052,0.027494,0.016473,0.000021,0.484433
AAACTTAATTGCACGC-1,0.832207,0.000035,0.000071,0.000071,0.000035,0.000071,0.16744,0.000071
AAACTTGCAAACGTAT-1,0.249728,0.000151,0.000049,0.045585,0.11503,0.2665,0.000025,0.322933
AAAGAATGTGGACTAA-1,0.00001,0.001801,0.002345,0.020996,0.002164,0.741429,0.063666,0.167588
AAAGACCCAAGTCGCG-1,0.000012,0.000012,0.161283,0.66768,0.010316,0.067415,0.090267,0.003015
AAAGACTGGGCGCTTT-1,0.107805,0.030433,0.124791,0.362197,0.002522,0.002129,0.278403,0.091719
AAAGGCCCTATAATAC-1,0.740445,0.003558,0.251717,0.000067,0.000033,0.000067,0.004045,0.000067
AAAGGCTACGGACCAT-1,0.25717,0.035079,0.000059,0.000059,0.009669,0.055685,0.056958,0.585322
AAAGGCTCTCGCGCCG-1,0.193153,0.075969,0.000093,0.016607,0.000046,0.017078,0.000046,0.697007
AAAGGGATGTAGCAAG-1,0.004338,0.028091,0.00538,0.184153,0.299392,0.001364,0.164686,0.312594
AAAGGGCAGCTTGAAT-1,0.125005,0.016681,0.154884,0.395007,0.00102,0.197805,0.005981,0.103617
AAAGTAGCATTGCTCA-1,0.756525,0.062633,0.17009,0.00009,0.000045,0.00009,0.010435,0.00009
AAAGTCACTGATGTAA-1,0.000022,0.000022,0.000044,0.742563,0.000022,0.206244,0.002007,0.049076
AAAGTCGACCCTCAGT-1,0.064666,0.063444,0.100193,0.200867,0.123593,0.247693,0.000025,0.19952
AAAGTGTGATTTATCT-1,0.011441,0.148504,0.127146,0.11238,0.039122,0.097805,0.036102,0.427501
AAAGTTGACTCCCGTA-1,0.000608,0.053435,0.037375,0.373555,0.005819,0.14415,0.008686,0.376371
AAATAACCATACGGGA-1,0.000011,0.000011,0.000654,0.237293,0.076459,0.68554,0.000011,0.000021
AAATACCTATAAGCAT-1,0.015854,0.023525,0.118943,0.251307,0.134931,0.053533,0.000014,0.401892
AAATAGCTTAGACTTT-1,0.000014,0.000014,0.000027,0.0021,0.15841,0.592572,0.246836,0.000027
AAATAGGGTGCTATTG-1,0.020529,0.000008,0.000016,0.369043,0.018614,0.362077,0.065583,0.164129
AAATCCGATACACGCC-1,0.000012,0.000012,0.000025,0.006814,0.000012,0.237594,0.010328,0.745202
AAATCGTGTACCACAA-1,0.09505,0.226725,0.001268,0.000083,0.104499,0.000828,0.004393,0.567153
AAATCTAGCCCTGCTA-1,0.000016,0.007161,0.000102,0.158762,0.003911,0.572193,0.005249,0.252606
AAATGACTGATCAAAC-1,0.20851,0.002459,0.000049,0.000049,0.007194,0.210775,0.196982,0.373982
AAATGCTCGTTACGTT-1,0.000028,0.007776,0.000055,0.825116,0.000028,0.143767,0.000028,0.023203
AAATGGCATGTCTTGT-1,0.000029,0.000029,0.000059,0.369245,0.000029,0.438823,0.000029,0.191756
AAATGGCCCGTGCCCT-1,0.408888,0.189412,0.221044,0.000064,0.040455,0.027017,0.046766,0.066353
AAATGGTCAATGTGCC-1,0.041643,0.001449,0.258684,0.357502,0.014084,0.07613,0.000031,0.250478
AAATGTGGGTGCTCCT-1,0.01081,0.14541,0.041635,0.101912,0.000335,0.305951,0.050637,0.343311
AAATTAACGGGTAGCT-1,0.015263,0.005579,0.096797,0.145018,0.16864,0.26346,0.00173,0.303513
AAATTACACGACTCTG-1,0.000012,0.000012,0.049861,0.324307,0.004896,0.620875,0.000012,0.000024
AAATTACCTATCGATG-1,0.020107,0.001705,0.005395,0.591799,0.01361,0.251998,0.019664,0.095722
AAATTCCAGGTCCAAA-1,0.016161,0.745709,0.002432,0.031264,0.061385,0.072835,0.058451,0.011763
AAATTGATAGTCCTTT-1,0.363577,0.000023,0.000046,0.000046,0.267599,0.00105,0.367614,0.000046
AAATTGCGGCGGTTCT-1,0.002576,0.009565,0.248263,0.328655,0.001359,0.347194,0.000038,0.062349
AAATTTGCGGGTGTGG-1,0.733579,0.090971,0.000079,0.093313,0.000036,0.000073,0.000036,0.081912
AACAACTGGTAGTTGC-1,0.000017,0.000017,0.004036,0.220215,0.530018,0.123381,0.122281,0.000035
AACAATACATTGTCGA-1,0.872372,0.034179,0.02225,0.000079,0.000039,0.000079,0.000039,0.070963
AACAATTACTCTACGC-1,0.020126,0.044596,0.204912,0.511432,0.006097,0.153303,0.000029,0.059505
AACACACGCTCGCCGC-1,0.000016,0.000016,0.05586,0.256089,0.006105,0.341528,0.023843,0.316541
AACACGACTGTACTGA-1,0.000048,0.005468,0.109555,0.141213,0.010851,0.429001,0.000048,0.303815
AACACGAGACGCGGCC-1,0.103489,0.025816,0.070819,0.005486,0.429829,0.290215,0.069812,0.004535
AACACGCGGCCGCGAA-1,0.06773,0.000019,0.108175,0.446097,0.012985,0.342741,0.021929,0.000324
AACAGCTGTGTGGCAA-1,0.840836,0.000043,0.000086,0.041684,0.000043,0.007768,0.001243,0.108295
AACAGGAAATCGAATA-1,0.000016,0.00354,0.285295,0.593822,0.000016,0.076639,0.000016,0.040657
AACAGGATGGGCCGCG-1,0.045255,0.000019,0.004099,0.636028,0.101125,0.203067,0.01029,0.000117
AACAGGTAGTATGGAT-1,0.05295,0.714156,0.232497,0.000099,0.00005,0.000099,0.00005,0.000099
AACATAGCGTGTATCG-1,0.003998,0.027966,0.000095,0.122857,0.000017,0.066251,0.018087,0.760729
AACATATCAACTGGTG-1,0.000014,0.000014,0.001309,0.348203,0.043785,0.602954,0.000014,0.003707
AACATTGAAGTTGATC-1,0.846415,0.000033,0.000065,0.000065,0.000289,0.000065,0.153001,0.000065
AACATTGGTCAGCCGT-1,0.020486,0.607512,0.29872,0.00922,0.000064,0.063805,0.000064,0.000129
AACATTGTGACTCGAG-1,0.304177,0.143653,0.034018,0.002207,0.001208,0.002133,0.000037,0.512566
AACCAAGACTTCTCTG-1,0.095862,0.123217,0.013892,0.248261,0.092581,0.091525,0.000032,0.33463
AACCATAGGGTTGAAC-1,0.496,0.017629,0.067307,0.06282,0.042175,0.076605,0.222981,0.014482
AACCATGGGATCGCTA-1,0.006646,0.091908,0.567101,0.205715,0.000039,0.000077,0.054974,0.07354
AACCCAGAGACGGAGA-1,0.000017,0.007574,0.021095,0.790747,0.000017,0.161997,0.000017,0.018538
AACCCATCCCATGATC-1,0.314695,0.000835,0.304257,0.037431,0.000094,0.000188,0.000094,0.342406
AACCCGACAACCCGTG-1,0.64544,0.059139,0.233659,0.00009,0.000045,0.001211,0.052439,0.007978
AACCCGAGCAGAATCG-1,0.02735,0.824382,0.147925,0.000086,0.000043,0.000086,0.000043,0.000086
AACCCGCTGTATTCCA-1,0.105205,0.000767,0.158741,0.003233,0.039926,0.067536,0.624563,0.000027
AACCCTACTGTCAATA-1,0.000018,0.001662,0.000037,0.297426,0.028955,0.452131,0.016062,0.203709
AACCCTGGTGGAACCA-1,0.022094,0.010732,0.22261,0.198299,0.031733,0.477174,0.005696,0.031661
AACCGAGCTTGGTCAT-1,0.034035,0.032761,0.000045,0.38124,0.091335,0.053994,0.036036,0.370554
AACCGCTAAGGGATGC-1,0.00002,0.067796,0.388368,0.079989,0.00002,0.127629,0.00002,0.336157
AACCGTTGTGTTTGCT-1,0.102028,0.308171,0.157195,0.326208,0.007486,0.039779,0.000048,0.059084
AACCTCGCTTTAGCCC-1,0.000015,0.000659,0.080772,0.126861,0.000015,0.000215,0.098334,0.693129
AACCTTTAAATACGGT-1,0.04797,0.000107,0.000034,0.269127,0.057371,0.06887,0.000017,0.556503
AACCTTTACGACGTCT-1,0.000021,0.000021,0.000043,0.116102,0.176814,0.706459,0.000021,0.000518
AACGATAATGCCGTAG-1,0.109755,0.001541,0.000044,0.090191,0.027978,0.000044,0.000022,0.770425
AACGATAGAAGGGCCG-1,0.060286,0.017182,0.047323,0.663538,0.025884,0.114461,0.008498,0.062829
AACGATATGTCAACTG-1,0.000011,0.000011,0.000022,0.801142,0.033428,0.013737,0.136174,0.015474
AACGCATGATCTGGGT-1,0.000056,0.995537,0.003957,0.000112,0.000056,0.000112,0.000056,0.000112
AACGCGAACGGCAACA-1,0.01988,0.000018,0.069654,0.345154,0.134188,0.330567,0.100064,0.000474
AACGCGACCTTGGGCG-1,0.186191,0.039011,0.04899,0.038963,0.013274,0.343382,0.218295,0.111894
AACGCGGTCTCCAGCC-1,0.038446,0.176271,0.230378,0.292322,0.007448,0.000062,0.014413,0.240659
AACGCTGTTGCTGAAA-1,0.000014,0.000014,0.285005,0.2563,0.000331,0.34774,0.012405,0.098191
AACGGACGTACGTATA-1,0.00002,0.023191,0.041497,0.330977,0.00002,0.111356,0.008591,0.484349
AACGGCCATCTCCGGT-1,0.493393,0.090635,0.415747,0.000056,0.000028,0.000056,0.000028,0.000056
AACGTACTGTGGGTAC-1,0.357196,0.353527,0.288914,0.000091,0.000045,0.000091,0.000045,0.000091
AACGTAGTCTACCCAT-1,0.06086,0.136494,0.524354,0.044304,0.125137,0.087125,0.021688,0.000038
AACGTCAGACTAGTGG-1,0.053567,0.004942,0.020716,0.624567,0.107918,0.000043,0.188179,0.000068
AACGTCGCTGCACTTC-1,0.001406,0.031013,0.211127,0.10885,0.006339,0.445814,0.000855,0.194595
AACGTGATGAAGGACA-1,0.000032,0.070081,0.006486,0.002784,0.211383,0.422682,0.10533,0.181222
AACGTGCGAAAGTCTC-1,0.02954,0.008095,0.152483,0.216203,0.094071,0.047397,0.001609,0.450602
AACTACCCGTTTGTCA-1,0.000065,0.639848,0.128472,0.00013,0.000065,0.00013,0.000065,0.231225
AACTAGCGTATCGCAC-1,0.000039,0.078527,0.128068,0.345078,0.000039,0.315004,0.028055,0.105191
AACTAGGCTTGGGTGT-1,0.062462,0.091766,0.213723,0.031827,0.142045,0.06082,0.026661,0.370695
AACTCAAGTTAATTGC-1,0.138039,0.156949,0.02276,0.048193,0.064794,0.056807,0.00768,0.504779
AACTCCAGAGCGTGTT-1,0.018974,0.001585,0.002908,0.072585,0.040426,0.268045,0.008809,0.586668
AACTCCTAATCCCATG-1,0.000033,0.276368,0.242897,0.249411,0.003229,0.163451,0.000033,0.064578
AACTCGATGGCGCAGT-1,0.000021,0.005463,0.054168,0.358225,0.031885,0.550176,0.000021,0.000042
AACTCTCAATAGAGCG-1,0.042042,0.28343,0.049311,0.401757,0.000764,0.061493,0.000028,0.161176
AACTCTCAGTGTGCTC-1,0.367901,0.021669,0.000073,0.137496,0.120362,0.245701,0.000037,0.106762
AACTGATATTAGGCCT-1,0.000032,0.036644,0.405662,0.333065,0.000032,0.015449,0.000032,0.209085
AACTGGGTCCCGACGT-1,0.00001,0.00001,0.000021,0.676414,0.000554,0.089491,0.079083,0.154417
AACTGGTGTGGGCCTT-1,0.000024,0.010893,0.086435,0.564088,0.000728,0.240601,0.043829,0.053403
AACTTCTGCGTCTATC-1,0.038918,0.015354,0.410066,0.393015,0.000029,0.137741,0.000029,0.004848
AACTTGCCCGTATGCA-1,0.097662,0.493772,0.048897,0.135136,0.080385,0.000124,0.129866,0.014158
AACTTGCGTTCTCGCG-1,0.022515,0.002145,0.027809,0.763451,0.007239,0.140594,0.000024,0.036223
AACTTTAGCTGCTGAG-1,0.000026,0.038729,0.197045,0.056063,0.095207,0.605836,0.000919,0.006174
AAGAAGGATCAGTTAG-1,0.005548,0.049826,0.680932,0.202314,0.00003,0.01723,0.01954,0.02458
AAGACATACGTGGTTT-1,0.002734,0.775461,0.16779,0.000072,0.000036,0.000072,0.001489,0.052345
AAGACCCAACTGAACA-1,0.342296,0.000913,0.000067,0.000067,0.000034,0.000067,0.000034,0.656522
AAGACTAACCCGTTGT-1,0.000028,0.001151,0.228566,0.334429,0.000028,0.434134,0.000028,0.001636
AAGACTGCAAGCTACT-1,0.000082,0.000082,0.000164,0.000164,0.000082,0.000164,0.000082,0.999178
AAGAGATGAATCGGTA-1,0.149821,0.0259,0.157589,0.499318,0.123376,0.010968,0.000033,0.032994
AAGAGCTCTTTATCGG-1,0.001874,0.000013,0.000025,0.631321,0.048037,0.161031,0.002177,0.155522
AAGAGGATGTACGCGA-1,0.179818,0.008594,0.022865,0.11467,0.106132,0.306671,0.000023,0.261226
AAGAGGCATGGATCGC-1,0.022395,0.025244,0.373648,0.109834,0.023679,0.056692,0.000018,0.38849
AAGAGGCCCTTTGGAA-1,0.00004,0.197643,0.231175,0.001671,0.003973,0.115112,0.052792,0.397595
AAGATGGCACCGGACC-1,0.754735,0.12818,0.004607,0.000088,0.000044,0.000088,0.000044,0.112215
AAGATTGGCGGAACGT-1,0.000014,0.000014,0.000027,0.594264,0.048808,0.29164,0.022262,0.042971
AAGCACCCTGCGTATC-1,0.080483,0.019566,0.021209,0.029119,0.031465,0.109917,0.048911,0.659331
AAGCATACTCTCCTGA-1,0.053148,0.026891,0.062427,0.088009,0.171243,0.177876,0.090966,0.329442
AAGCCACTTGCAGGTA-1,0.996474,0.000026,0.000052,0.000052,0.000026,0.000052,0.003268,0.000052
AAGCCGAAGCGGTTTA-1,0.000018,0.000018,0.000036,0.048794,0.099113,0.718172,0.009527,0.124323
AAGCCGCCGTGAAATC-1,0.734009,0.04311,0.162527,0.000074,0.000037,0.060089,0.000081,0.000074
AAGCGCAGGGCTTTGA-1,0.142522,0.022537,0.042376,0.000078,0.000039,0.000078,0.089651,0.702719
AAGCGTCCCTCATCGA-1,0.74863,0.000038,0.033193,0.072898,0.020007,0.071954,0.053204,0.000077
AAGCTAGATCGAGTAA-1,0.025372,0.007403,0.008333,0.177876,0.052025,0.180236,0.000016,0.548739
AAGCTCGTGCCAAGTC-1,0.019134,0.059909,0.144645,0.320062,0.072479,0.023752,0.001498,0.35852
AAGCTCTTTCATGGTG-1,0.000542,0.018649,0.021096,0.285827,0.000026,0.000052,0.159526,0.514282
AAGGAGAACTTATAAG-1,0.000021,0.123612,0.019551,0.228099,0.049622,0.546754,0.000154,0.032185
AAGGAGCGGTTGGTGC-1,0.060539,0.01279,0.118116,0.421019,0.000036,0.186886,0.000036,0.200579
AAGGATCGATCGCTTG-1,0.00006,0.099939,0.004657,0.05031,0.00006,0.235221,0.00006,0.609692
AAGGATGAGGGACCTC-1,0.000018,0.016913,0.002092,0.697955,0.011198,0.116562,0.001655,0.153606
AAGGCGCGTAAAGCTT-1,0.041574,0.022765,0.097077,0.716848,0.000026,0.003793,0.106631,0.011287
AAGGCTGTGCTCATCG-1,0.019626,0.000018,0.000035,0.182143,0.55257,0.228831,0.016742,0.000035
AAGGGAACGACTGGCT-1,0.665456,0.012759,0.000135,0.056274,0.019532,0.067738,0.000067,0.178039
AAGGGACAGATTCTGT-1,0.000012,0.000341,0.107572,0.500103,0.019331,0.27977,0.032376,0.060495
AAGGGACTATGCATTC-1,0.849228,0.00007,0.150138,0.000141,0.00007,0.000141,0.00007,0.000141
AAGGTATCCTAATATA-1,0.000009,0.006242,0.124025,0.575891,0.003036,0.236241,0.000009,0.054546
AAGGTGATAAACCAGC-1,0.000017,0.004378,0.000034,0.508369,0.000861,0.12591,0.000365,0.360067
AAGTAAGCTTCCAAAC-1,0.061024,0.010864,0.221885,0.424821,0.037531,0.216241,0.013875,0.01376
AAGTAGAAGACCGGGT-1,0.036347,0.006476,0.150983,0.549518,0.036311,0.184415,0.014583,0.021367
AAGTAGTGACGCGAGG-1,0.043314,0.021513,0.347121,0.185606,0.011735,0.215386,0.000039,0.175286
AAGTCAATTGTCGTCA-1,0.000025,0.069912,0.098878,0.25729,0.003361,0.310575,0.000025,0.259934
AAGTGACGACCGAATT-1,0.08514,0.000015,0.000031,0.000883,0.573071,0.18564,0.04269,0.11253
AAGTGAGTCGGGTTTA-1,0.49319,0.026441,0.044401,0.021098,0.022628,0.256461,0.000037,0.135744
AAGTGCCTTGACTGTA-1,0.000014,0.007479,0.002264,0.337948,0.051344,0.560135,0.000014,0.040802
AAGTGCGTTAGAATCT-1,0.269639,0.000025,0.244184,0.000049,0.24247,0.234582,0.009001,0.000049
AAGTGCTTCTCTATTG-1,0.756887,0.03904,0.091861,0.007851,0.066554,0.000558,0.037164,0.000085
AAGTGTTTGGAGACGG-1,0.072115,0.004251,0.003431,0.373622,0.002609,0.067174,0.000017,0.476779
AAGTTCACTCCAAGCT-1,0.115366,0.008181,0.017686,0.269881,0.000023,0.041576,0.000023,0.547264
AAGTTCAGTCTGCGTA-1,0.000052,0.373974,0.258323,0.240299,0.000052,0.106308,0.000052,0.020941
AAGTTCGGCCAACAGG-1,0.548868,0.010734,0.113586,0.173467,0.018205,0.07152,0.000037,0.063582
AAGTTGTGATGTTATA-1,0.036555,0.005286,0.006304,0.016852,0.082214,0.617521,0.223532,0.011735
AAGTTTACTAATGGCA-1,0.000015,0.000015,0.00003,0.2192,0.013741,0.766953,0.000015,0.00003
AAGTTTATGGGCCCAA-1,0.008594,0.000182,0.01368,0.041273,0.017325,0.083675,0.775589,0.059681
AATAACAACGCTCGGC-1,0.086898,0.194579,0.53712,0.01722,0.016858,0.000069,0.034648,0.112607
AATAACACTAGAACAA-1,0.527643,0.334483,0.085072,0.000085,0.000043,0.000085,0.000043,0.052545
AATAACGTCGCGCCCA-1,0.017882,0.444613,0.537381,0.000031,0.000016,0.000031,0.000016,0.000031
AATAAGTCCTCGAGAC-1,0.000025,0.000025,0.0231,0.119715,0.115525,0.584313,0.157015,0.000281
AATACAATGTTTCAGG-1,0.00001,0.00001,0.125389,0.343034,0.284947,0.192821,0.053769,0.00002
AATACCGGAGGGCTGT-1,0.427071,0.000022,0.000045,0.000045,0.153577,0.351146,0.068049,0.000045
AATACCTGATGTGAAC-1,0.000012,0.065416,0.245292,0.236737,0.000012,0.253137,0.013696,0.185698
AATAGAACAGAGTGGC-1,0.59652,0.293757,0.109453,0.000067,0.000034,0.000067,0.000034,0.000068
AATAGAATCTGTTTCA-1,0.009602,0.00068,0.002798,0.473954,0.000014,0.056043,0.000014,0.456894
AATAGTCCGTCCCGAC-1,0.164568,0.196281,0.154839,0.007972,0.000034,0.012447,0.000034,0.463825
AATATCAAGGTCGGAT-1,0.000018,0.003956,0.058203,0.395159,0.013884,0.523801,0.000018,0.004961
AATATCGAATCAATGC-1,0.000038,0.006386,0.116676,0.054507,0.000038,0.297175,0.000038,0.525144
AATATCGAGGGTTCTC-1,0.000025,0.000025,0.000049,0.32705,0.043205,0.506471,0.009637,0.113539
AATATTGGAGTATTGA-1,0.041556,0.040215,0.001993,0.211655,0.285935,0.343705,0.015318,0.059623
AATCAGACTGCAGGAC-1,0.00003,0.012115,0.000059,0.318805,0.044292,0.515447,0.026142,0.083109
AATCAGGTTTCATTTA-1,0.783174,0.088781,0.028111,0.030624,0.039828,0.014631,0.014779,0.000071
AATCATGTAAAGACTC-1,0.000028,0.00044,0.000056,0.138887,0.000028,0.37868,0.000028,0.481853
AATCCAAGGGCCTGAG-1,0.037637,0.00001,0.142565,0.635649,0.047563,0.086312,0.050244,0.00002
AATCCATGCAAGGGTG-1,0.000025,0.012446,0.094263,0.557015,0.006887,0.266281,0.000025,0.063057
AATCCCGCTCAGAGCC-1,0.284078,0.134662,0.031092,0.000102,0.000051,0.000102,0.233878,0.316035
AATCGAGGTCTCAAGG-1,0.089097,0.019034,0.000038,0.000595,0.000019,0.056472,0.271687,0.563059
AATCGCCTCAGCGCCA-1,0.000007,0.000007,0.001407,0.581281,0.041316,0.082563,0.166006,0.127412
AATCGCGCAGAGGACT-1,0.03263,0.641926,0.129995,0.000093,0.000046,0.000093,0.000046,0.195171
AATCGGGACACTACGA-1,0.015389,0.14124,0.032978,0.29851,0.000057,0.21124,0.000057,0.300528
AATCGGTATAGCCCTC-1,0.000032,0.250048,0.033465,0.010446,0.000032,0.383656,0.000032,0.322289
AATCGTGAGCCGAGCA-1,0.000007,0.000007,0.012813,0.154591,0.000224,0.50486,0.288037,0.03946
AATCTAGGTTTACTTG-1,0.477774,0.153246,0.00014,0.00014,0.00007,0.00014,0.020304,0.348186
AATCTATGCCGGAGCC-1,0.000096,0.550979,0.000193,0.000193,0.000096,0.000193,0.000096,0.448153
AATCTGCGTTGGGACG-1,0.000026,0.036989,0.035531,0.53173,0.000026,0.096427,0.000026,0.299246
AATCTGGCTTTCTAGT-1,0.16754,0.000022,0.069232,0.032883,0.057441,0.399127,0.267115,0.00664
AATGACAGCAATGTCT-1,0.210126,0.087928,0.074963,0.134555,0.239051,0.189959,0.000034,0.063385
AATGACGTAGGATGTC-1,0.008869,0.002735,0.000038,0.413154,0.033099,0.025344,0.000019,0.516741
AATGACTGTCAGCCGG-1,0.038266,0.000043,0.000086,0.455175,0.015116,0.079267,0.000046,0.412001
AATGAGTTCGCATATG-1,0.000023,0.004262,0.171776,0.641352,0.000023,0.17891,0.000023,0.003631
AATGATGATACGCTAT-1,0.000018,0.001914,0.301555,0.411382,0.003252,0.271587,0.000018,0.010273
AATGATGCGACTCCTG-1,0.000024,0.015763,0.082787,0.248119,0.02433,0.517641,0.000024,0.111313
AATGCAACCGGGTACC-1,0.155541,0.00353,0.216439,0.247444,0.244399,0.043611,0.024945,0.064092
AATGCACCAAGCAATG-1,0.000021,0.020146,0.062497,0.250863,0.10335,0.497438,0.028967,0.036718
AATGGTCCACCGTTCA-1,0.238861,0.057422,0.106752,0.230194,0.054638,0.019562,0.154256,0.138316
AATGGTTCTCACAAGC-1,0.068294,0.065015,0.120865,0.556986,0.040931,0.051697,0.029039,0.067172
AATGTGCCCGAGGTGT-1,0.851938,0.053055,0.000105,0.071465,0.000053,0.000105,0.000053,0.023226
AATGTGCTAATCTGAG-1,0.545222,0.000022,0.161842,0.000143,0.072125,0.055069,0.165532,0.000044
AATGTTAAGACCCTGA-1,0.030018,0.014494,0.000042,0.002199,0.000021,0.000953,0.018472,0.933801
AATGTTGTCGTGAGAC-1,0.000029,0.179947,0.235094,0.000058,0.002215,0.202625,0.007888,0.372143
AATTAAAGGTCGGCGT-1,0.203116,0.15702,0.170601,0.00106,0.000039,0.000078,0.000039,0.468047
AATTAACGGATTTCCA-1,0.074639,0.074566,0.010761,0.027844,0.119342,0.080108,0.007028,0.605711
AATTAGCGCTGCAGCG-1,0.095733,0.004963,0.008135,0.24348,0.176631,0.25621,0.019279,0.195571
AATTATACCCAGCAAG-1,0.031709,0.030327,0.143247,0.124153,0.00001,0.144517,0.317783,0.208253
AATTCATAAGGGATCT-1,0.00003,0.086224,0.17661,0.40995,0.00003,0.244092,0.00003,0.083034
AATTCCAAGCATGTAC-1,0.265347,0.286523,0.106142,0.000081,0.000041,0.000081,0.185853,0.155933
AATTCGATTCGAGGAT-1,0.011098,0.070405,0.00005,0.026611,0.108375,0.216266,0.191484,0.375711
AATTCTAGAGTTAGGC-1,0.026153,0.018371,0.005577,0.003318,0.04072,0.058282,0.037775,0.809805
AATTGAACGCTCTGGT-1,0.000012,0.004814,0.226413,0.28008,0.04912,0.05127,0.189342,0.198949
AATTGCAGCAATCGAC-1,0.000013,0.000013,0.000026,0.009655,0.000013,0.765167,0.000013,0.225099
AATTTGGGACATAGTA-1,0.000044,0.270198,0.248167,0.031449,0.107571,0.262603,0.055196,0.024772
AATTTGGTTCCAAAGA-1,0.000134,0.011932,0.000267,0.036301,0.000134,0.31609,0.000134,0.635009
ACAAACCATGCGTCCT-1,0.769042,0.003209,0.058253,0.00006,0.00003,0.00006,0.169287,0.00006
ACAAACTCCATCAGAG-1,0.770693,0.068638,0.000132,0.000132,0.000066,0.000132,0.076144,0.08406
ACAAAGCATGACCTAG-1,0.000007,0.000007,0.000014,0.024371,0.007502,0.691514,0.05879,0.217794
ACAAATCGCACCGAAT-1,0.000012,0.00029,0.317722,0.249768,0.000012,0.011785,0.044912,0.3755
ACAAATGGTAGTGTTT-1,0.00001,0.006454,0.016917,0.578569,0.006445,0.083096,0.056557,0.251952
ACAACAGCATGAGCTA-1,0.047533,0.00887,0.199974,0.113019,0.255406,0.082094,0.051562,0.241542
ACAACGGTCCCTGCGA-1,0.000027,0.001803,0.28044,0.418835,0.000855,0.250476,0.000027,0.047537
ACAAGCAGTGCCTAGC-1,0.044164,0.000017,0.023234,0.514532,0.05114,0.364579,0.000017,0.002316
ACAAGGAAATCCGCCC-1,0.000013,0.000013,0.01409,0.375834,0.201904,0.146559,0.058711,0.202876
ACAAGGACAAGAGGTT-1,0.025184,0.033618,0.084836,0.206869,0.445003,0.0569,0.097376,0.050214
ACAAGGATGCTTTAGG-1,0.000022,0.010447,0.054085,0.017253,0.000022,0.077412,0.025285,0.815473
ACAAGGGCAGGCTCTG-1,0.000014,0.000537,0.014471,0.391524,0.041816,0.191796,0.000014,0.359828
ACAATAGTCGTACGTT-1,0.103475,0.301403,0.027273,0.154593,0.000043,0.07333,0.000043,0.339841
ACAATCCATTTAAACC-1,0.170822,0.098879,0.131415,0.133402,0.09496,0.143045,0.008931,0.218545
ACAATCGATCTTTATA-1,0.027639,0.091084,0.234294,0.039315,0.039025,0.147725,0.056887,0.364032
ACAATGAATACGGAGA-1,0.785688,0.000072,0.000145,0.000145,0.000072,0.000145,0.008176,0.205557
ACAATTGTGTCTCTTT-1,0.000026,0.000535,0.000052,0.312283,0.002989,0.346018,0.000026,0.338072
ACAATTTGAGCAGTGG-1,0.00002,0.055462,0.357196,0.306396,0.025192,0.020001,0.016409,0.219325
ACACAAAGACGGGTGG-1,0.133718,0.110513,0.176341,0.340479,0.029137,0.003884,0.00004,0.205888
ACACACCAGGACCAGT-1,0.000027,0.044653,0.199531,0.237152,0.000027,0.068129,0.001205,0.449276
ACACACTTTCTACACG-1,0.000035,0.01542,0.00007,0.715814,0.000035,0.065183,0.000035,0.203407
ACACATGATCAAATCT-1,0.916659,0.023945,0.055479,0.000076,0.000038,0.000076,0.000038,0.003688
ACACATTTCCGTAGAC-1,0.098457,0.142067,0.184301,0.001955,0.000031,0.002263,0.000093,0.570832
ACACCCAGCATGCAGC-1,0.021996,0.000025,0.069257,0.485413,0.051982,0.194689,0.061016,0.115622
ACACCCGAGAAATCCG-1,0.040743,0.043435,0.25024,0.370718,0.114828,0.00941,0.170318,0.000308
ACACCGGTCTGACCGC-1,0.85,0.00987,0.000111,0.000111,0.000056,0.000111,0.000056,0.139685
ACACCTTAAGTAGGGC-1,0.039503,0.06405,0.283776,0.538156,0.000043,0.000085,0.000043,0.074345
ACACCTTACTACTTGC-1,0.000049,0.620495,0.35004,0.000098,0.000049,0.029123,0.000049,0.000098
ACACGAGACTCCTTCT-1,0.02496,0.275056,0.355707,0.155088,0.162233,0.000332,0.001235,0.025389
ACACGGCACTATGCAT-1,0.000019,0.000019,0.014076,0.235818,0.046883,0.703129,0.000019,0.000038
ACACGGGAACTTAGGG-1,0.097453,0.000258,0.006529,0.424243,0.082979,0.097016,0.000019,0.291504
ACACGTAGGCCACAAG-1,0.053036,0.095043,0.605696,0.000053,0.044204,0.065004,0.029346,0.107616
ACACTCCAATGTCACT-1,0.000026,0.026848,0.493477,0.287217,0.000026,0.137975,0.001074,0.053358
ACACTGATCAAGGTGT-1,0.439046,0.475462,0.085076,0.000104,0.000052,0.000104,0.000052,0.000104
ACACTGGGACAGTCGT-1,0.00746,0.770435,0.007274,0.000127,0.000064,0.000127,0.122643,0.091868
ACAGAACTGAGAACAA-1,0.533544,0.38923,0.046716,0.000104,0.000052,0.000104,0.000052,0.030199
ACAGATTAGGTTAGTG-1,0.000035,0.0343,0.176779,0.425449,0.000035,0.353127,0.000035,0.01024
ACAGCATAGAGCCAGT-1,0.044222,0.017133,0.168197,0.47504,0.005769,0.136462,0.039356,0.113822
ACAGCGACATTCTCAT-1,0.00002,0.00002,0.000265,0.297344,0.008319,0.442704,0.059625,0.191703
ACAGCGCACCCGCAGC-1,0.000029,0.051943,0.000696,0.229155,0.036766,0.553266,0.025482,0.102663
ACAGGCACGGATCCTT-1,0.000013,0.011328,0.063722,0.045441,0.000013,0.487035,0.146257,0.246189
ACAGGCTTGCCCGACT-1,0.000007,0.000774,0.019988,0.482568,0.032251,0.090665,0.33632,0.037428
ACAGGTGGAGGTGAGG-1,0.577416,0.000024,0.000048,0.125815,0.095158,0.197526,0.000109,0.003905
ACAGTAATACAACTTG-1,0.225908,0.008441,0.000084,0.000084,0.101366,0.002483,0.289725,0.371909
ACATAATAAGGCGGTG-1,0.014925,0.178109,0.000942,0.372864,0.000036,0.000072,0.000036,0.433016
ACATACAATCAAGCGG-1,0.001295,0.018765,0.098312,0.10121,0.004126,0.368638,0.200177,0.207477
ACATCAGCTGGGACGC-1,0.06187,0.007936,0.278329,0.403033,0.078811,0.109257,0.000547,0.060217
ACATCCCGGCCATACG-1,0.086208,0.115337,0.61377,0.000069,0.014024,0.000069,0.000034,0.170489
ACATCCTGGTAACTGT-1,0.039508,0.010296,0.116353,0.424737,0.00002,0.370088,0.00002,0.03898
ACATCGATCGTTTACC-1,0.000904,0.000032,0.000064,0.000064,0.27646,0.033479,0.44078,0.248218
ACATCGGTCAGCCGCG-1,0.15712,0.305355,0.366574,0.142252,0.000037,0.000073,0.000037,0.028552
ACATCGTATGCAATGG-1,0.097295,0.081398,0.018272,0.257663,0.00807,0.050595,0.000021,0.486687
ACATCGTTAACCTAGT-1,0.000019,0.001366,0.006743,0.286569,0.00433,0.700917,0.000019,0.000038
ACATCTCAACGCGTAA-1,0.000441,0.013557,0.471723,0.081337,0.018602,0.320129,0.031195,0.063017
ACATGCTTACGGCAGC-1,0.831494,0.000031,0.030877,0.000062,0.012846,0.000062,0.124565,0.000062
ACATGGCGCCAAAGTA-1,0.000014,0.000014,0.000179,0.026831,0.02378,0.889213,0.024861,0.035107
ACATGGCTCAATTTAG-1,0.000011,0.000011,0.056241,0.532974,0.047716,0.363012,0.000011,0.000023
ACATTAGTTTATATCC-1,0.021513,0.008922,0.092102,0.198114,0.049394,0.476368,0.000017,0.153569
ACATTCGCGCGGAATA-1,0.840475,0.007474,0.005733,0.105449,0.000027,0.025572,0.006534,0.008736
ACATTTGAAACCTAAC-1,0.000008,0.001584,0.001551,0.065176,0.02751,0.64208,0.244908,0.017183
ACCAAACTAGAAATCC-1,0.00433,0.309718,0.47371,0.008039,0.033329,0.087089,0.001192,0.082593
ACCAACCGCACTCCAC-1,0.000011,0.004246,0.142652,0.035536,0.000011,0.579958,0.012977,0.22461
ACCAACGCTTATTTAT-1,0.378899,0.067213,0.524497,0.000074,0.029131,0.000074,0.000037,0.000074
ACCAAGAACGCGTGTC-1,0.049065,0.182657,0.142334,0.426324,0.000036,0.000073,0.000036,0.199474
ACCAAGTCATCGGCAG-1,0.000021,0.02144,0.183169,0.002112,0.006649,0.409536,0.015782,0.361291
ACCAATATGCAAGTTA-1,0.111709,0.008806,0.101215,0.267275,0.101998,0.060814,0.082473,0.26571
ACCACAACTCAGAACA-1,0.000033,0.023,0.403435,0.050122,0.034437,0.234744,0.069752,0.184478
ACCACAAGTTTCTATC-1,0.005772,0.003004,0.210635,0.350538,0.235014,0.139515,0.052702,0.002821
ACCACACGGTTGATGG-1,0.036696,0.00001,0.00002,0.072746,0.000236,0.374463,0.35057,0.165259
ACCACCAATGTAACAA-1,0.013859,0.066162,0.006409,0.096222,0.08101,0.369326,0.048435,0.318576
ACCACGTGCAGCTATA-1,0.044296,0.043814,0.030094,0.415407,0.076162,0.037257,0.01545,0.337519
ACCAGCCCGGTCTTTG-1,0.000055,0.333399,0.211987,0.115548,0.000055,0.145203,0.000055,0.193698
ACCAGGAGTGTGATCT-1,0.000038,0.059688,0.031159,0.154158,0.00211,0.505515,0.000038,0.247294
ACCAGTGCGGGAGACG-1,0.000013,0.000574,0.001966,0.378868,0.030587,0.407994,0.000013,0.179986
ACCATATCCGCAATAA-1,0.112009,0.028136,0.000074,0.116025,0.009301,0.003668,0.000037,0.73075
ACCATCCGCCAACTAG-1,0.092441,0.007987,0.206242,0.313218,0.149781,0.162524,0.000013,0.067794
ACCATCGTATATGGTA-1,0.185221,0.012836,0.08301,0.324437,0.078501,0.227994,0.000025,0.087977
ACCCAACGCCCGTGGC-1,0.000011,0.001344,0.001746,0.576778,0.053916,0.174932,0.075817,0.115456
ACCCACCTACATGCTC-1,0.000025,0.010566,0.083093,0.487384,0.095693,0.323185,0.000018,0.000036
ACCCATCTTGAGGGTA-1,0.237205,0.047954,0.04168,0.207838,0.090264,0.249046,0.000022,0.125992
ACCCATTTGTCCCTCT-1,0.018427,0.000524,0.148404,0.103922,0.068306,0.346296,0.306071,0.008049
ACCCGAGCGAAATTAC-1,0.606511,0.050277,0.000136,0.071857,0.000068,0.026348,0.000068,0.244734
ACCCGATTGGTTCCGA-1,0.646776,0.035562,0.000125,0.122347,0.000063,0.000125,0.000063,0.194939
ACCCGGAAACTCCCAG-1,0.012097,0.028025,0.047215,0.057894,0.256902,0.137831,0.02143,0.438604
ACCCGGATGACGCATC-1,0.000031,0.061017,0.091541,0.458535,0.010297,0.158214,0.005288,0.215076
ACCCGGTTACACTTCC-1,0.198978,0.009052,0.030659,0.050997,0.321994,0.183895,0.090802,0.113623
ACCCGTGTCATCAGTA-1,0.163479,0.040139,0.156094,0.099017,0.166391,0.156297,0.000033,0.218551
ACCCTATAGGACTGAG-1,0.000031,0.03124,0.170238,0.58044,0.000031,0.19076,0.000031,0.027229
ACCCTATGCCATATCG-1,0.254401,0.000024,0.010459,0.061629,0.337503,0.335913,0.000024,0.000047
ACCCTCCCGTCAGGGC-1,0.000023,0.002193,0.222472,0.005718,0.001248,0.191134,0.411459,0.165753
ACCCTCCCTTGCTATT-1,0.000011,0.000011,0.015795,0.500181,0.004834,0.294642,0.001732,0.182795
ACCCTTCATCTGCGAA-1,0.010677,0.062836,0.009421,0.586252,0.000065,0.130721,0.019092,0.180936
ACCCTTTAGTTCTCCA-1,0.000104,0.285564,0.133196,0.066448,0.000104,0.037044,0.021182,0.456358
ACCGAAAGGGCCCTGC-1,0.020774,0.003747,0.131173,0.490849,0.007794,0.309257,0.001702,0.034704
ACCGAAGAGTCTGGTT-1,0.161334,0.010978,0.099842,0.085543,0.171913,0.459301,0.000013,0.011077
ACCGACACATCTCCCA-1,0.136319,0.013476,0.360141,0.00099,0.000019,0.043181,0.029293,0.41658
ACCGACTGAGTCCCAC-1,0.000072,0.004259,0.000046,0.024067,0.503701,0.02724,0.148236,0.292379
ACCGAGTCTCCTTATT-1,0.03001,0.014893,0.381857,0.000035,0.000017,0.037853,0.226798,0.308536
ACCGATGGTAGCATCG-1,0.000013,0.000013,0.000033,0.4418,0.052355,0.36208,0.01304,0.130666
ACCGCAATAACTGCCT-1,0.043302,0.000064,0.000147,0.315761,0.104791,0.100447,0.251957,0.183532
ACCGCGGTGGAAGTCG-1,0.000013,0.000508,0.070656,0.186653,0.054013,0.671735,0.000013,0.01641
ACCGCTAGTCATTGGT-1,0.973933,0.004036,0.00008,0.021712,0.00004,0.00008,0.00004,0.00008
ACCGGGCCTTTGTTGA-1,0.000036,0.09092,0.539021,0.087185,0.010052,0.151346,0.000036,0.121405
ACCGGTCAGGTACACC-1,0.658056,0.113002,0.228597,0.000086,0.000043,0.000086,0.000043,0.000086
ACCGTGACCACGTGGG-1,0.827532,0.020351,0.000046,0.000046,0.060507,0.000046,0.027887,0.063586
ACCGTTCCCGCTCTGA-1,0.000027,0.000027,0.005774,0.126763,0.071689,0.686894,0.072958,0.035868
ACCTAAGTACCTTTCA-1,0.516171,0.136274,0.000145,0.000145,0.000073,0.000145,0.000073,0.346974
ACCTAATCGACTTCCT-1,0.030804,0.047501,0.11075,0.554803,0.000952,0.181013,0.000027,0.074148
ACCTACAGTATGTGGT-1,0.030465,0.437059,0.473033,0.052527,0.000051,0.000102,0.000051,0.006712
ACCTACTATAAATCTA-1,0.066196,0.012087,0.000049,0.000049,0.020245,0.284183,0.010902,0.606288
ACCTCCGCCCTCGCTG-1,0.096593,0.012636,0.140847,0.069362,0.034944,0.182446,0.10167,0.3615
ACCTCCGTTATTCACC-1,0.045042,0.770982,0.183429,0.000137,0.000068,0.000137,0.000068,0.000137
ACCTCGAACTTATGCT-1,0.86301,0.000036,0.000072,0.000072,0.000036,0.000072,0.136629,0.000072
ACCTGCGTGTCATGTT-1,0.303439,0.194326,0.047639,0.000094,0.000047,0.030569,0.064928,0.358957
ACGAAATGGGCGGCAC-1,0.145259,0.018356,0.143431,0.340836,0.083625,0.114947,0.00003,0.153515
ACGACTCTAGGGCCGA-1,0.00001,0.004286,0.017384,0.247103,0.00001,0.380943,0.090632,0.259633
ACGACTGGTCATACTC-1,0.915523,0.031476,0.04302,0.000063,0.000031,0.000063,0.009761,0.000063
ACGAGAACCCATCACG-1,0.000029,0.004285,0.056137,0.405654,0.004925,0.402294,0.008108,0.118567
ACGAGATATTTGCTTA-1,0.000076,0.135235,0.201612,0.139338,0.000076,0.183221,0.018043,0.322398
ACGAGGATACCACTCT-1,0.097549,0.048189,0.008694,0.003606,0.093458,0.691166,0.006645,0.050692
ACGAGGTTTACAACGT-1,0.632933,0.00008,0.000156,0.000156,0.000078,0.000156,0.036337,0.330105
ACGAGTACGGATGCCC-1,0.023082,0.10011,0.33702,0.104314,0.030917,0.36756,0.000032,0.036965
ACGATACATAGAACTA-1,0.000023,0.093033,0.454833,0.29955,0.000023,0.028999,0.000023,0.123515
ACGATCATACATAGAG-1,0.020958,0.094757,0.577544,0.009334,0.000029,0.000058,0.000029,0.29729
ACGATCATCTTGTAAA-1,0.000018,0.024829,0.065655,0.314708,0.069972,0.499776,0.000018,0.025024
ACGATGCATATGTTAT-1,0.259605,0.00956,0.046816,0.155818,0.094049,0.301692,0.000023,0.132437
ACGATGGATCCGATGC-1,0.000092,0.06173,0.264103,0.026652,0.000092,0.292749,0.000092,0.354488
ACGCAAACTAATAGAT-1,0.144119,0.000016,0.088814,0.008077,0.254325,0.431447,0.070985,0.002218
ACGCAATCACTACAGC-1,0.000062,0.740555,0.258886,0.000124,0.000062,0.000124,0.000062,0.000124
ACGCATACGTTTACTA-1,0.000037,0.018674,0.073986,0.131316,0.007663,0.324629,0.000037,0.44366
ACGCATTCGTGAGTAC-1,0.000022,0.00035,0.322787,0.136697,0.016644,0.315914,0.000022,0.207563
ACGCCACTCGAAACAG-1,0.032947,0.056865,0.190883,0.02764,0.009253,0.267252,0.177055,0.238104
ACGCCAGATGATTTCT-1,0.000028,0.012665,0.000056,0.639687,0.000028,0.143361,0.000028,0.204147
ACGCCAGTGCGTTTGC-1,0.02381,0.002107,0.002837,0.056291,0.000015,0.718675,0.071465,0.1248
ACGCCCAGCTGTCGAT-1,0.019379,0.201053,0.13269,0.165915,0.02543,0.284491,0.000037,0.171004
ACGCCGCTAGACGACC-1,0.124404,0.0074,0.087065,0.104897,0.128755,0.128105,0.003599,0.415776
ACGCGAAGTCAGACGA-1,0.059086,0.032708,0.27875,0.029216,0.056333,0.103473,0.000025,0.440409
ACGCGCTACACAGGGT-1,0.177505,0.012101,0.000046,0.032285,0.401041,0.183862,0.059112,0.134048
ACGCGGGCCAAGGACA-1,0.007387,0.035271,0.144856,0.074381,0.137842,0.061346,0.000025,0.538893
ACGCTAGTGATACACT-1,0.000012,0.000012,0.000189,0.463624,0.031804,0.504326,0.000012,0.000023
ACGCTGTGAGGCGTAG-1,0.135761,0.100778,0.127959,0.428103,0.085074,0.052707,0.000022,0.069597
ACGGAACACGAGTGCC-1,0.000014,0.00242,0.000027,0.230269,0.000014,0.500797,0.001621,0.264839
ACGGAATTTAGCAAAT-1,0.000025,0.000025,0.270134,0.562928,0.000025,0.151299,0.000025,0.015539
ACGGACGCAGCGACAA-1,0.572963,0.000017,0.004513,0.006963,0.212205,0.152029,0.051275,0.000035
ACGGACTCTCAAAGCG-1,0.081041,0.004351,0.017328,0.168269,0.054661,0.119735,0.10771,0.446904
ACGGATGGTGCGGATA-1,0.007128,0.011886,0.019982,0.389577,0.005615,0.169628,0.002722,0.393462
ACGGCACTTGCTTGGG-1,0.055786,0.116815,0.068113,0.088201,0.011928,0.119225,0.000035,0.539895
ACGGCCAACATGGACT-1,0.232675,0.151348,0.011712,0.045959,0.000031,0.027411,0.000031,0.530832
ACGGCGACGATGGGAA-1,0.014209,0.004999,0.068068,0.227813,0.105718,0.034364,0.004467,0.540363
ACGGCGGGTTGCCCTG-1,0.000024,0.000734,0.149987,0.380012,0.005008,0.458549,0.000024,0.005661
ACGGCTGGATGTAGAA-1,0.386913,0.033709,0.222089,0.147643,0.036179,0.150353,0.000015,0.023099
ACGGGAGTGTCGGCCC-1,0.248747,0.007015,0.433752,0.000063,0.037329,0.219805,0.000032,0.053257
ACGGTACAGTTCAATG-1,0.033369,0.007726,0.27904,0.008044,0.001458,0.234247,0.36824,0.067877
ACGGTCACCGAGAACA-1,0.872899,0.000021,0.000041,0.000041,0.000021,0.000041,0.126895,0.000041
ACGTACAGATTTCTCT-1,0.045583,0.000049,0.037659,0.15382,0.019486,0.372348,0.370957,0.000098
ACGTACTTTGGCACGG-1,0.539898,0.000517,0.194772,0.020833,0.16397,0.015812,0.064147,0.000051
ACGTAGATTGCTGATG-1,0.020724,0.06243,0.284946,0.197911,0.101746,0.059281,0.000025,0.272938
ACGTAGGAGAGTCGCT-1,0.161834,0.009613,0.107263,0.00004,0.00002,0.00004,0.398367,0.322822
ACGTATTACTCCGATC-1,0.000015,0.000015,0.000029,0.704638,0.000015,0.215969,0.001226,0.078094
ACGTGCGCCTCGTGCA-1,0.082607,0.044601,0.046011,0.606102,0.000031,0.00588,0.011303,0.203465
ACGTTAATGTCGAAGA-1,0.094814,0.018023,0.068278,0.190009,0.224836,0.103534,0.000018,0.300488
ACGTTAGATTTGCCCG-1,0.238251,0.198737,0.000109,0.068481,0.000054,0.017952,0.000054,0.476361
ACGTTATTGGTCACTC-1,0.001275,0.009096,0.000036,0.792361,0.000018,0.145726,0.002059,0.049428
ACGTTCACTATGCCGC-1,0.659172,0.000029,0.002814,0.017577,0.011854,0.308467,0.000029,0.000058
ACGTTCCGCGCTCCGT-1,0.000027,0.000027,0.000055,0.392331,0.000579,0.453119,0.000668,0.153192
ACGTTCGCAATCAATT-1,0.196485,0.6759,0.127238,0.000094,0.000047,0.000094,0.000047,0.000094
ACGTTCGTTCAGGAAA-1,0.818559,0.006501,0.070923,0.000036,0.008465,0.000036,0.095444,0.000036
ACGTTCTGTACAAGTC-1,0.079504,0.020844,0.111484,0.000054,0.000027,0.19898,0.123867,0.46524
ACGTTGTCGTTGAAAG-1,0.862232,0.000034,0.101073,0.000068,0.000034,0.000068,0.036421,0.000068
ACGTTTAGTTGTGATC-1,0.015791,0.000034,0.000067,0.880092,0.000034,0.083412,0.000034,0.020537
ACTACAAAGAGAGGTG-1,0.62518,0.190965,0.061835,0.000101,0.000051,0.000101,0.099947,0.021821
ACTACATCCCGACAAG-1,0.696015,0.086767,0.004335,0.000286,0.00004,0.104654,0.00004,0.107863
ACTACCAGCTCTCTGG-1,0.069411,0.308579,0.203956,0.330054,0.000047,0.000095,0.047123,0.040735
ACTACCATCCGAGGGC-1,0.573999,0.000022,0.060061,0.0016,0.051777,0.281846,0.030653,0.000043
ACTACGCGTTAGAATT-1,0.059288,0.106869,0.240825,0.017582,0.000583,0.020333,0.000034,0.554485
ACTAGTTGCGATCGTC-1,0.000016,0.000016,0.022292,0.176421,0.036013,0.758939,0.000016,0.006285
ACTATCCAGGGCATGG-1,0.020818,0.014269,0.000038,0.055378,0.035984,0.69396,0.021332,0.158221
ACTATCTGCCCGCGTA-1,0.007731,0.793662,0.011845,0.000105,0.000052,0.000105,0.000052,0.186448
ACTATGTCCAGCTGCC-1,0.77892,0.00003,0.000059,0.046661,0.009971,0.149843,0.014457,0.000059
ACTATTCGTCCGTGGT-1,0.000038,0.09755,0.473847,0.204546,0.000038,0.200571,0.000038,0.023373
ACTATTTCCGGGCCCA-1,0.902649,0.052081,0.000069,0.000069,0.000034,0.000069,0.014343,0.030686
ACTCAACGAATGTATT-1,0.042845,0.021043,0.112079,0.415216,0.011938,0.396571,0.000037,0.000271
ACTCAAGTGCAAGGCT-1,0.000012,0.000186,0.000023,0.200152,0.000979,0.300796,0.122881,0.37497
ACTCAATAAAGGCACG-1,0.001739,0.006787,0.000036,0.354648,0.109023,0.053544,0.001171,0.473051
ACTCAGACCTGCTTCT-1,0.000026,0.000074,0.034924,0.500102,0.004254,0.413847,0.01619,0.030584
ACTCATGGCAGCCTTC-1,0.77833,0.004733,0.189957,0.000073,0.000036,0.000073,0.026725,0.000073
ACTCCAATATCATCAT-1,0.803023,0.088875,0.094948,0.012818,0.000056,0.000112,0.000056,0.000112
ACTCCCATTCCTAAAG-1,0.24639,0.270123,0.011249,0.00009,0.004749,0.00009,0.000045,0.467264
ACTCCCGAATTCGTTT-1,0.000688,0.388133,0.248077,0.034197,0.147648,0.1763,0.004098,0.000859
ACTCCCTAATGCTAAA-1,0.050533,0.011604,0.018667,0.064134,0.107117,0.274103,0.002084,0.471759
ACTCCCTAGAATAGTA-1,0.05028,0.029955,0.003798,0.034428,0.018001,0.000059,0.017892,0.845587
ACTCCGGCCGACCACT-1,0.032459,0.02441,0.222161,0.003659,0.001955,0.113626,0.528404,0.073326
ACTCGCCGTTCGATAA-1,0.025448,0.29267,0.09785,0.000089,0.000044,0.029125,0.000044,0.554729
ACTCGTAACCCGTCCT-1,0.414392,0.295513,0.201424,0.000094,0.000047,0.000094,0.088341,0.000094
ACTCGTCAGTAATCCC-1,0.140238,0.000019,0.000038,0.374537,0.150827,0.088826,0.00297,0.242546
ACTCTCTGACTTAGGT-1,0.005125,0.00748,0.071287,0.529142,0.067258,0.194251,0.000019,0.125438
ACTCTCTTATACACGA-1,0.000058,0.566743,0.400999,0.000116,0.000058,0.000116,0.000058,0.031854
ACTCTGACCTAATAGA-1,0.013506,0.002915,0.026216,0.025596,0.001197,0.580153,0.055241,0.295176
ACTCTTGTATAGTAAC-1,0.015649,0.000097,0.000194,0.000194,0.000097,0.000194,0.120706,0.862868
ACTGAAACGCCGTTAG-1,0.000016,0.000529,0.000105,0.202497,0.000016,0.395801,0.007812,0.393223
ACTGAATGGCGAAAGT-1,0.000014,0.031168,0.162656,0.299926,0.000014,0.00765,0.000014,0.498558
ACTGCCCGCCATTCTC-1,0.999587,0.000038,0.000075,0.000075,0.000038,0.000075,0.000038,0.000075
ACTGCCGTCGTAACTC-1,0.000041,0.004487,0.019618,0.573723,0.000041,0.000083,0.004452,0.397555
ACTGGGATGCCAGTGC-1,0.631037,0.003908,0.00008,0.00008,0.011744,0.007903,0.184964,0.160285
ACTGTACGATACACAT-1,0.000445,0.002954,0.061169,0.45804,0.138334,0.043001,0.206508,0.089549
ACTGTAGCACTTTGGA-1,0.000017,0.000116,0.310665,0.315733,0.027127,0.345499,0.000017,0.000827
ACTGTATACGCGAGCA-1,0.014852,0.00163,0.000105,0.632016,0.000052,0.05584,0.000052,0.295453
ACTGTCCAGGATTATA-1,0.084759,0.114189,0.011151,0.4409,0.108742,0.1313,0.000027,0.108931
ACTGTCTTCTTTAGAA-1,0.146489,0.172346,0.116662,0.119283,0.013078,0.000069,0.06152,0.370553
ACTGTGCTAGTAGATC-1,0.196155,0.000037,0.487046,0.127641,0.086856,0.000074,0.102117,0.000074
ACTGTTTAGTGTAGGC-1,0.000032,0.127899,0.045766,0.174411,0.188761,0.426856,0.030738,0.005536
ACTTACGCATCCACGC-1,0.000011,0.000011,0.000022,0.377199,0.003526,0.12886,0.203575,0.286796
ACTTAGTACGACAAGA-1,0.019273,0.023686,0.38352,0.392544,0.011532,0.000635,0.036427,0.132384
ACTTATACTTACCCGG-1,0.048442,0.086833,0.183081,0.288892,0.008115,0.124432,0.003404,0.2568
