Barcode,Topic 1,Topic 2to4,Topic 5to10
AAACAACGAATAGTTC-1,0.000018,0.095464,0.904517
AAACAAGTATCTCCCA-1,0.000031,0.441745,0.558225
AAACAATCTACTAGCA-1,0.024375,0.251989,0.723635
AAACACCAATAACTGC-1,0.120261,0.177821,0.701918
AAACAGAGCGACTCCT-1,0.091008,0.184201,0.724791
AAACAGCTTTCAGAAG-1,0.279143,0.000125,0.720733
AAACAGGGTCTATATT-1,0.03475,0.017539,0.947711
AAACAGTGTTCCTGGG-1,0.000015,0.387366,0.612619
AAACATGGTGAGAGGA-1,0.284804,0.42685,0.288346
AAACATTTCCCGGATT-1,0.000044,0.246477,0.753479
AAACCACTACACAGAT-1,0.780073,0.045797,0.17413
AAACCCGAACGAAATC-1,0.058104,0.481974,0.459922
AAACCGGAAATGTTAA-1,0.51284,0.220559,0.2666
AAACCGGGTAGGTACC-1,0.000039,0.010231,0.989731
AAACCGTTCGTCCAGG-1,0.000028,0.070783,0.929189
AAACCTAAGCAGCCGG-1,0.065263,0.130466,0.80427
AAACCTCATGAAGTTG-1,0.057685,0.182026,0.76029
AAACGAAGAACATACC-1,0.000078,0.000234,0.999688
AAACGAAGATGGAGTA-1,0.122098,0.84444,0.033461
AAACGACAGTCTTGCC-1,0.503747,0.366887,0.129366
AAACGAGACGGTTGAT-1,0.046314,0.000164,0.953522
AAACGCCCGAGATCGG-1,0.143391,0.137682,0.718927
AAACGCTGGGCACGAC-1,0.112498,0.624656,0.262845
AAACGGGCGTACGGGT-1,0.005962,0.304705,0.689333
AAACGGGTTGGTATCC-1,0.000021,0.14183,0.858149
AAACGGTTGCGAACTG-1,0.000088,0.25616,0.743752
AAACGTGTTCGCCCTA-1,0.600151,0.218627,0.181222
AAACTAACGTGGCGAC-1,0.315096,0.168609,0.516295
AAACTCGGTTCGCAAT-1,0.000223,0.370889,0.628887
AAACTCGTGATATAAG-1,0.331506,0.039387,0.629107
AAACTGCTGGCTCCAA-1,0.046715,0.003464,0.949821
AAACTTAATTGCACGC-1,0.000695,0.689468,0.309837
AAACTTGCAAACGTAT-1,0.063389,0.133931,0.80268
AAAGAATGACCTTAGA-1,0.276159,0.493116,0.230724
AAAGAATGTGGACTAA-1,0.001726,0.339447,0.658828
AAAGACATGAAGTTTA-1,0.22219,0.236689,0.541121
AAAGACCCAAGTCGCG-1,0.016146,0.000497,0.983357
AAAGACTGGGCGCTTT-1,0.05519,0.201326,0.743483
AAAGCTTGCCTACATA-1,0.99086,0.00011,0.009029
AAAGGCCCTATAATAC-1,0.000018,0.284265,0.715717
AAAGGCTACGGACCAT-1,0.000082,0.000246,0.999672
AAAGGCTCTCGCGCCG-1,0.000103,0.000309,0.999588
AAAGGGATGTAGCAAG-1,0.000069,0.182932,0.816999
AAAGGGCAGCTTGAAT-1,0.000037,0.002593,0.99737
AAAGGTAAGCTGTACC-1,0.098493,0.278814,0.622693
AAAGGTCAACGACATG-1,0.17057,0.600641,0.228789
AAAGTAGCATTGCTCA-1,0.00005,0.000149,0.999802
AAAGTCACTGATGTAA-1,0.003828,0.0759,0.920272
AAAGTCGACCCTCAGT-1,0.070333,0.081729,0.847938
AAAGTGCCATCAATTA-1,0.119472,0.482259,0.398269
AAAGTGTGATTTATCT-1,0.034663,0.307198,0.658139
AAAGTTGACTCCCGTA-1,0.005742,0.153245,0.841014
AAATAACCATACGGGA-1,0.049921,0.000183,0.949896
AAATAAGGTAGTGCCC-1,0.380213,0.000476,0.619311
AAATACCTATAAGCAT-1,0.000043,0.127725,0.872232
AAATAGCTTAGACTTT-1,0.064085,0.142102,0.793813
AAATAGGGTGCTATTG-1,0.000036,0.138235,0.861729
AAATCACTCCTAAACG-1,0.661801,0.326774,0.011425
AAATCCGATACACGCC-1,0.000045,0.175987,0.823968
AAATCGCGGAAGGAGT-1,0.129325,0.857762,0.012913
AAATCGTGTACCACAA-1,0.034731,0.000259,0.96501
AAATCTAGCCCTGCTA-1,0.000036,0.188541,0.811422
AAATCTGCCCGCGTCC-1,0.243147,0.682775,0.074079
AAATGACTGATCAAAC-1,0.007203,0.319577,0.67322
AAATGATTCGATCAGC-1,0.329549,0.326511,0.34394
AAATGCTCGTTACGTT-1,0.011346,0.077865,0.91079
AAATGGCATGTCTTGT-1,0.000049,0.04493,0.955021
AAATGGCCCGTGCCCT-1,0.249966,0.173769,0.576265
AAATGGTCAATGTGCC-1,0.031844,0.000349,0.967807
AAATGTATCTTATCCC-1,0.009588,0.218722,0.77169
AAATGTGGGTGCTCCT-1,0.003076,0.361412,0.635512
AAATTAACGGGTAGCT-1,0.129943,0.10821,0.761848
AAATTAATAAGCGCGA-1,0.043905,0.293981,0.662113
AAATTACACGACTCTG-1,0.075628,0.005611,0.918761
AAATTACCTATCGATG-1,0.000043,0.017779,0.982178
AAATTCCAGGTCCAAA-1,0.359039,0.000243,0.640718
AAATTGATAGTCCTTT-1,0.000061,0.000184,0.999755
AAATTGCGGCGGTTCT-1,0.000041,0.107703,0.892255
AAATTGGTGAGAAGCA-1,0.71133,0.132677,0.155994
AAATTTACCGAAATCC-1,0.058069,0.006584,0.935347
AAATTTGCGGGTGTGG-1,0.000046,0.000137,0.999817
AACAACTGGTAGTTGC-1,0.000035,0.118842,0.881123
AACAATACATTGTCGA-1,0.015761,0.003653,0.980586
AACAATTACTCTACGC-1,0.114932,0.009944,0.875123
AACACACGCTCGCCGC-1,0.029591,0.186567,0.783841
AACACGACTGTACTGA-1,0.00136,0.123226,0.875414
AACACGAGACGCGGCC-1,0.025192,0.043517,0.931291
AACACGCGGCCGCGAA-1,0.000021,0.235579,0.7644
AACAGCTGTGTGGCAA-1,0.058805,0.014449,0.926746
AACAGGAAATCGAATA-1,0.000058,0.000618,0.999324
AACAGGATGGGCCGCG-1,0.069455,0.138944,0.791602
AACAGGTAGTATGGAT-1,0.048627,0.384874,0.5665
AACATAGCGTGTATCG-1,0.011195,0.672031,0.316774
AACATATCAACTGGTG-1,0.081333,0.000255,0.918412
AACATCGATACGTCTA-1,0.532971,0.000834,0.466196
AACATTGAAGTTGATC-1,0.000028,0.412671,0.587302
AACATTGGTCAGCCGT-1,0.000031,0.007909,0.992059
AACATTGTGACTCGAG-1,0.028862,0.046846,0.924292
AACCAAGACTTCTCTG-1,0.015714,0.054592,0.929694
AACCAGTATCACTCTT-1,0.05943,0.099569,0.841002
AACCATAGGGTTGAAC-1,0.036504,0.861291,0.102205
AACCATGGGATCGCTA-1,0.000036,0.069587,0.930376
AACCCAGAGACGGAGA-1,0.047132,0.266551,0.686317
AACCCATCCCATGATC-1,0.051452,0.117736,0.830812
AACCCGACAACCCGTG-1,0.000032,0.176518,0.82345
AACCCGAGCAGAATCG-1,0.000038,0.394096,0.605866
AACCCGATAGGGCTTC-1,0.999731,0.00009,0.00018
AACCCGCTGTATTCCA-1,0.110841,0.259447,0.629712
AACCCTACTGTCAATA-1,0.000022,0.1695,0.830477
AACCCTGGTGGAACCA-1,0.001304,0.087042,0.911654
AACCGAGCTTGGTCAT-1,0.000057,0.091557,0.908386
AACCGCTAAGGGATGC-1,0.000044,0.085578,0.914377
AACCGTTGTGTTTGCT-1,0.000096,0.000287,0.999617
AACCTAAAGCCGTCCG-1,0.066613,0.342282,0.591105
AACCTCGCTTTAGCCC-1,0.000044,0.192268,0.807688
AACCTGTCACGGAATT-1,0.765996,0.000341,0.233663
AACCTTTAAATACGGT-1,0.000045,0.09314,0.906815
AACCTTTACGACGTCT-1,0.134291,0.139041,0.726668
AACGAAAGTCGTCCCA-1,0.123135,0.652228,0.224636
AACGACCTCCTAGCCG-1,0.043098,0.939024,0.017878
AACGATAATGCCGTAG-1,0.000036,0.118063,0.8819
AACGATAGAAGGGCCG-1,0.000061,0.03531,0.964629
AACGATATGTCAACTG-1,0.000068,0.224637,0.775295
AACGCATGATCTGGGT-1,0.000032,0.267485,0.732483
AACGCGAACGGCAACA-1,0.000082,0.220154,0.779765
AACGCGACCTTGGGCG-1,0.00004,0.218495,0.781465
AACGCGGTCTCCAGCC-1,0.000089,0.003549,0.996362
AACGCTGTTGCTGAAA-1,0.00004,0.001139,0.99882
AACGGACGTACGTATA-1,0.000059,0.030148,0.969793
AACGGCCATCTCCGGT-1,0.000028,0.197178,0.802794
AACGTACTGTGGGTAC-1,0.022795,0.070113,0.907093
AACGTAGTCTACCCAT-1,0.046216,0.000348,0.953436
AACGTCAGACTAGTGG-1,0.00005,0.108433,0.891516
AACGTCATCCGGCTTG-1,0.000027,0.524939,0.475034
AACGTCGCTGCACTTC-1,0.000028,0.568661,0.431311
AACGTGATGAAGGACA-1,0.010002,0.082082,0.907916
AACGTGCGAAAGTCTC-1,0.00004,0.016545,0.983416
AACGTTATCAGCACCT-1,0.016535,0.210509,0.772957
AACGTTCTACCATTGT-1,0.290729,0.518739,0.190532
AACTACCCGTTTGTCA-1,0.115656,0.379059,0.505285
AACTAGCGTATCGCAC-1,0.052601,0.00026,0.947139
AACTAGGCTTGGGTGT-1,0.000131,0.000392,0.999477
AACTCAAGTTAATTGC-1,0.021167,0.038501,0.940332
AACTCCAGAGCGTGTT-1,0.000044,0.147509,0.852447
AACTCCTAATCCCATG-1,0.103754,0.078571,0.817675
AACTCGATAAACACGT-1,0.009838,0.135677,0.854485
AACTCGATGGCGCAGT-1,0.000017,0.112964,0.887018
AACTCTCAATAGAGCG-1,0.015669,0.068291,0.91604
AACTCTCAGTGTGCTC-1,0.000035,0.1297,0.870265
AACTGAGGTCAGCGTC-1,0.361992,0.000286,0.637721
AACTGAGTTATACTGA-1,0.365088,0.538315,0.096597
AACTGATATTAGGCCT-1,0.0001,0.11845,0.881451
AACTGGGTCCCGACGT-1,0.00547,0.112678,0.881852
AACTGGGTTCGAGCCG-1,0.046602,0.224725,0.728673
AACTGGTGTGGGCCTT-1,0.000103,0.098311,0.901586
AACTTCTGCGTCTATC-1,0.000051,0.001773,0.998176
AACTTGCCCGTATGCA-1,0.00003,0.093046,0.906924
AACTTGCGTTCTCGCG-1,0.0235,0.03235,0.94415
AACTTTACGGGAGCTT-1,0.070394,0.237559,0.692047
AACTTTAGCTGCTGAG-1,0.087879,0.08662,0.825502
AACTTTCTCGATCATG-1,0.999275,0.000242,0.000483
AAGAAAGTTTGATGGG-1,0.019787,0.489431,0.490782
AAGAAATCACCAGATT-1,0.984039,0.000174,0.015787
AAGAAGGATCAGTTAG-1,0.000026,0.06111,0.938863
AAGACATACGTGGTTT-1,0.000967,0.69269,0.306343
AAGACCAAATAACTCA-1,0.128956,0.660814,0.21023
AAGACCCAACTGAACA-1,0.000048,0.037225,0.962726
AAGACTAACCCGTTGT-1,0.000045,0.062579,0.937375
AAGACTCACGCCCACT-1,0.073207,0.33189,0.594903
AAGACTGCAAGCTACT-1,0.000053,0.00016,0.999787
AAGAGATGAATCGGTA-1,0.000045,0.01268,0.987274
AAGAGCTCTTTATCGG-1,0.04105,0.067653,0.891298
AAGAGGATGTACGCGA-1,0.000041,0.000124,0.999835
AAGAGGCATGGATCGC-1,0.000017,0.024144,0.97584
AAGAGGCCCTTTGGAA-1,0.015803,0.195109,0.789089
AAGATGGCACCGGACC-1,0.000044,0.062304,0.937653
AAGATTGGCGGAACGT-1,0.0297,0.003263,0.967037
AAGCACCCTGCGTATC-1,0.000046,0.087173,0.912782
AAGCATACTCTCCTGA-1,0.039529,0.073698,0.886773
AAGCCACTTGCAGGTA-1,0.006035,0.726967,0.266998
AAGCCGAAGCGGTTTA-1,0.000079,0.000236,0.999685
AAGCCGCCGTGAAATC-1,0.076778,0.297072,0.626149
AAGCCGCTTTACCTTG-1,0.999688,0.000104,0.000208
AAGCCGGAGAGCAGGA-1,0.164893,0.378672,0.456435
AAGCGCAGGGCTTTGA-1,0.000031,0.446849,0.55312
AAGCGGAGTGCGCGCA-1,0.999641,0.00012,0.00024
AAGCGGCGTCATGGGT-1,0.030398,0.060988,0.908614
AAGCGTCCCTCATCGA-1,0.008654,0.006966,0.98438
AAGCTAGATCGAGTAA-1,0.000019,0.156841,0.843139
AAGCTATGGATTGACC-1,0.037606,0.929869,0.032526
AAGCTCGTGCCAAGTC-1,0.000071,0.000213,0.999716
AAGCTCTTTCATGGTG-1,0.000041,0.063665,0.936294
AAGGAGAACTTATAAG-1,0.000055,0.030847,0.969098
AAGGAGCGGTTGGTGC-1,0.000143,0.000429,0.999428
AAGGATCGATCGCTTG-1,0.099235,0.093561,0.807205
AAGGATGAGGGACCTC-1,0.028191,0.203564,0.768246
AAGGCAGGCTGTCTCC-1,0.201349,0.408187,0.390464
AAGGCGCGTAAAGCTT-1,0.006867,0.096201,0.896932
AAGGCTGTGCTCATCG-1,0.000087,0.00026,0.999654
AAGGGAACGACTGGCT-1,0.009587,0.196718,0.793695
AAGGGACAGATTCTGT-1,0.000036,0.207806,0.792159
AAGGGACTATGCATTC-1,0.026725,0.267147,0.706128
AAGGGTTAGCCATGCG-1,0.048126,0.732769,0.219106
AAGGGTTTGATTTCAG-1,0.49246,0.478253,0.029288
AAGGTATCCTAATATA-1,0.000058,0.000175,0.999767
AAGGTGATAAACCAGC-1,0.030971,0.179513,0.789516
AAGTAAGCTTCCAAAC-1,0.070971,0.00231,0.926718
AAGTAGAAGACCGGGT-1,0.000208,0.07149,0.928302
AAGTAGTGACGCGAGG-1,0.000062,0.000185,0.999753
AAGTCAATTGTCGTCA-1,0.032112,0.022987,0.944901
AAGTCTAGTAGCTGCC-1,0.93793,0.000139,0.061932
AAGTCTTCTGTGGCCT-1,0.143706,0.199436,0.656859
AAGTGACGACCGAATT-1,0.000023,0.149504,0.850473
AAGTGAGTCGGGTTTA-1,0.000063,0.004363,0.995574
AAGTGCAAAGGTAGAC-1,0.000042,0.041159,0.958799
AAGTGCCTTGACTGTA-1,0.00004,0.087077,0.912883
AAGTGCGTTAGAATCT-1,0.039231,0.033474,0.927295
AAGTGCTTCTCTATTG-1,0.000023,0.151697,0.84828
AAGTGTTTGGAGACGG-1,0.000074,0.000222,0.999704
AAGTTCACTCCAAGCT-1,0.000039,0.177847,0.822114
AAGTTCAGTCTGCGTA-1,0.067853,0.255807,0.67634
AAGTTCGGCCAACAGG-1,0.000051,0.000154,0.999795
AAGTTGTGATGTTATA-1,0.005708,0.578133,0.416159
AAGTTTACTAATGGCA-1,0.057652,0.156941,0.785407
AAGTTTATGGGCCCAA-1,0.000033,0.530869,0.469098
AATAACAACGCTCGGC-1,0.000051,0.081654,0.918296
AATAACACTAGAACAA-1,0.066745,0.043523,0.889731
AATAACGTCGCGCCCA-1,0.002702,0.767324,0.229975
AATAAGTCCTCGAGAC-1,0.000031,0.068761,0.931208
AATAATCTTCGTATCG-1,0.204856,0.304223,0.490922
AATACAATGTTTCAGG-1,0.083998,0.000158,0.915844
AATACCGGAGGGCTGT-1,0.016654,0.207663,0.775683
AATACCTGATGTGAAC-1,0.038922,0.617864,0.343214
AATAGAACAGAGTGGC-1,0.000068,0.067117,0.932814
AATAGAATCTGTTTCA-1,0.000031,0.010596,0.989373
AATAGCAAGCCTCCTG-1,0.194162,0.188501,0.617337
AATAGCTACCGCGTGC-1,0.249914,0.152986,0.597101
AATAGGCACGACCCTT-1,0.000015,0.62223,0.377755
AATAGTCCGTCCCGAC-1,0.024692,0.000436,0.974871
AATAGTCGCGAGTCGG-1,0.051398,0.160117,0.788485
AATATCAAGGTCGGAT-1,0.000134,0.000401,0.999466
AATATCCTAGCAAACT-1,0.090831,0.553657,0.355513
AATATCGAATCAATGC-1,0.047138,0.079926,0.872936
AATATCGAGGGTTCTC-1,0.020022,0.053489,0.926489
AATATTGGAGTATTGA-1,0.036237,0.003051,0.960713
AATCAGACTGCAGGAC-1,0.000028,0.126502,0.87347
AATCAGGTTTCATTTA-1,0.000015,0.209199,0.790786
AATCATGTAAAGACTC-1,0.000458,0.14006,0.859482
AATCCAAGGGCCTGAG-1,0.019617,0.214004,0.76638
AATCCATGCAAGGGTG-1,0.000028,0.118706,0.881266
AATCCCGCTCAGAGCC-1,0.000022,0.676933,0.323045
AATCGAGGTCTCAAGG-1,0.008487,0.681557,0.309956
AATCGCCTCAGCGCCA-1,0.000068,0.017799,0.982132
AATCGCGCAGAGGACT-1,0.009881,0.430398,0.559721
AATCGGGACACTACGA-1,0.016592,0.000233,0.983174
AATCGGTATAGCCCTC-1,0.000012,0.614179,0.385809
AATCGTGAGCCGAGCA-1,0.00005,0.208927,0.791023
AATCTAGGTTTACTTG-1,0.080458,0.128665,0.790877
AATCTATGCCGGAGCC-1,0.160349,0.016523,0.823128
AATCTCTACTGTGGTT-1,0.040304,0.000139,0.959557
AATCTGCGTTGGGACG-1,0.062787,0.032395,0.904818
AATCTGGCTTTCTAGT-1,0.059881,0.116958,0.823161
AATCTGGGTAGACCCT-1,0.119531,0.293418,0.587051
AATGACAGCAATGTCT-1,0.168985,0.000118,0.830897
AATGACGTAGGATGTC-1,0.022351,0.117233,0.860416
AATGACTGTCAGCCGG-1,0.000162,0.000485,0.999354
AATGAGTTCGCATATG-1,0.000035,0.013631,0.986334
AATGATGATACGCTAT-1,0.000068,0.108399,0.891533
AATGATGCGACTCCTG-1,0.000026,0.008664,0.991311
AATGCAACCGGGTACC-1,0.013385,0.000153,0.986461
AATGCACCAAGCAATG-1,0.088955,0.000279,0.910766
AATGGCCGCCAATGCG-1,0.976212,0.000081,0.023707
AATGGTCCACCGTTCA-1,0.142174,0.119067,0.73876
AATGGTTCTCACAAGC-1,0.000052,0.323173,0.676776
AATGTATGGCACTGTA-1,0.041729,0.776125,0.182146
AATGTGCCCGAGGTGT-1,0.040568,0.095498,0.863934
AATGTGCTAATCTGAG-1,0.005221,0.24261,0.752169
AATGTTAAGACCCTGA-1,0.000362,0.76245,0.237188
AATGTTGTCGTGAGAC-1,0.005522,0.510142,0.484336
AATTAAAGGTCGGCGT-1,0.000088,0.039915,0.959998
AATTAACGGATTTCCA-1,0.000061,0.26701,0.732929
AATTACGAGACCCATC-1,0.217842,0.700282,0.081877
AATTACTCGTACGCTC-1,0.024371,0.039902,0.935727
AATTAGCGCTGCAGCG-1,0.01766,0.000209,0.982131
AATTATACCCAGCAAG-1,0.000035,0.412991,0.586974
AATTCATAAGGGATCT-1,0.000057,0.012597,0.987346
AATTCATTGTCATGCA-1,0.024195,0.753925,0.22188
AATTCCAACTTGGTGA-1,0.014458,0.013703,0.971839
AATTCCAAGCATGTAC-1,0.0547,0.229454,0.715846
AATTCGATTCGAGGAT-1,0.012871,0.370296,0.616833
AATTCTAGAGTTAGGC-1,0.077702,0.000282,0.922016
AATTGAACGCTCTGGT-1,0.000025,0.077103,0.922872
AATTGCAGCAATCGAC-1,0.00004,0.140567,0.859393
AATTGCGTGGATTACA-1,0.03223,0.909473,0.058297
AATTGTGGTTGCCAAA-1,0.034936,0.369222,0.595841
AATTTGGGACATAGTA-1,0.000041,0.006841,0.993118
AATTTGGTTCCAAAGA-1,0.031896,0.002436,0.965668
ACAAACCATGCGTCCT-1,0.281092,0.091938,0.62697
ACAAACCGACAAGGCG-1,0.00927,0.303687,0.687044
ACAAACTCCATCAGAG-1,0.000016,0.582065,0.417919
ACAAAGAAGGTAGGCC-1,0.02627,0.420262,0.553468
ACAAAGCATGACCTAG-1,0.00002,0.307102,0.692878
ACAAATCGCACCGAAT-1,0.010944,0.000687,0.988368
ACAAATGGTAGTGTTT-1,0.00005,0.000507,0.999443
ACAAATTCAGATCTGA-1,0.082346,0.119896,0.797758
ACAACAGCATGAGCTA-1,0.053638,0.171118,0.775243
ACAACGGTCCCTGCGA-1,0.000052,0.020976,0.978972
ACAAGCAGTGCCTAGC-1,0.000034,0.000103,0.999862
ACAAGCTATATGGAAG-1,0.016962,0.398255,0.584784
ACAAGGAAATCCGCCC-1,0.000028,0.028806,0.971165
ACAAGGACAAGAGGTT-1,0.000037,0.124105,0.875858
ACAAGGATGCTTTAGG-1,0.000068,0.198844,0.801088
ACAAGGCCTACCAGCC-1,0.060042,0.244168,0.69579
ACAAGGGCAGGCTCTG-1,0.000037,0.065629,0.934334
ACAAGTAATTGTAAGG-1,0.089121,0.563645,0.347234
ACAATAGTCGTACGTT-1,0.087745,0.094075,0.81818
ACAATCCATTTAAACC-1,0.00003,0.071493,0.928477
ACAATCGATCTTTATA-1,0.000046,0.144857,0.855097
ACAATGAATACGGAGA-1,0.170772,0.000171,0.829056
ACAATGATTCTTCTAC-1,0.227978,0.352515,0.419507
ACAATTGTGTCTCTTT-1,0.011033,0.196115,0.792852
ACAATTTAGGAGGCTC-1,0.024351,0.110634,0.865015
ACAATTTGAGCAGTGG-1,0.00003,0.209132,0.790838
ACAATTTGGCCATATT-1,0.597463,0.000471,0.402066
ACACAAAGACGGGTGG-1,0.034257,0.000239,0.965504
ACACAAATATTCCTAG-1,0.999499,0.000167,0.000334
ACACACCAGGACCAGT-1,0.00003,0.117839,0.882131
ACACACTTTCTACACG-1,0.067417,0.156834,0.775749
ACACATGATCAAATCT-1,0.10352,0.04204,0.85444
ACACATTGACGCAACA-1,0.066093,0.000279,0.933628
ACACATTTCCGTAGAC-1,0.149506,0.113508,0.736986
ACACCACATAATTAGC-1,0.373963,0.518637,0.1074
ACACCCAGCATGCAGC-1,0.005691,0.284171,0.710138
ACACCCGAGAAATCCG-1,0.005242,0.092215,0.902543
ACACCCGTAAATCTGT-1,0.956474,0.00007,0.043456
ACACCGAGCGCTCTTT-1,0.08091,0.171686,0.747404
ACACCGGTCTGACCGC-1,0.053366,0.357263,0.58937
ACACCTTAAGTAGGGC-1,0.000552,0.131923,0.867526
ACACCTTACTACTTGC-1,0.00004,0.552943,0.447017
ACACGAGACTCCTTCT-1,0.000067,0.000201,0.999732
ACACGGCACTATGCAT-1,0.050002,0.039609,0.910389
ACACGGGAACTTAGGG-1,0.000058,0.063824,0.936118
ACACGTAGGCCACAAG-1,0.060408,0.441973,0.497619
ACACTCCAATGTCACT-1,0.000028,0.023602,0.976371
ACACTGATCAAGGTGT-1,0.000049,0.067662,0.932289
ACACTGGGACAGTCGT-1,0.153374,0.30474,0.541886
ACAGAACTGAGAACAA-1,0.010016,0.192062,0.797922
ACAGATTAGGTTAGTG-1,0.023118,0.033836,0.943046
ACAGCATAGAGCCAGT-1,0.000031,0.139549,0.86042
ACAGCGACATTCTCAT-1,0.000038,0.241018,0.758944
ACAGCGCACCCGCAGC-1,0.000059,0.043613,0.956327
ACAGGAGGCGCAGCCG-1,0.001392,0.055836,0.942772
ACAGGCACGGATCCTT-1,0.00003,0.51692,0.48305
ACAGGCTTGCCCGACT-1,0.000063,0.004919,0.995018
ACAGGTGGAGGTGAGG-1,0.000052,0.026601,0.973347
ACAGGTGTGTTGTTGC-1,0.045695,0.343735,0.61057
ACAGTAATACAACTTG-1,0.004909,0.174862,0.820229
ACAGTATACCGTGGGA-1,0.848469,0.000229,0.151303
ACAGTGCAGCGCATTT-1,0.112397,0.619384,0.268219
ACATAAGTCGTGGTGA-1,0.031959,0.876319,0.091723
ACATAATAAGGCGGTG-1,0.000098,0.000295,0.999607
ACATACAATCAAGCGG-1,0.000013,0.573815,0.426172
ACATCAGCTGGGACGC-1,0.087916,0.032845,0.879239
ACATCCCGGCCATACG-1,0.000167,0.000501,0.999332
ACATCCTGGTAACTGT-1,0.007298,0.014474,0.978228
ACATCGATCGTTTACC-1,0.02884,0.047409,0.923751
ACATCGCAATATTCGG-1,0.109337,0.507557,0.383106
ACATCGGTCAGCCGCG-1,0.000059,0.000177,0.999764
ACATCGTATGCAATGG-1,0.004773,0.006065,0.989162
ACATCGTTAACCTAGT-1,0.019883,0.002377,0.97774
ACATCTCAACGCGTAA-1,0.053075,0.104731,0.842195
ACATGCTTACGGCAGC-1,0.128765,0.514982,0.356253
ACATGGCGCCAAAGTA-1,0.000017,0.209339,0.790645
ACATGGCTCAATTTAG-1,0.000025,0.047861,0.952114
ACATTAGTTTATATCC-1,0.093314,0.0003,0.906386
ACATTCGCGCGGAATA-1,0.054528,0.762727,0.182745
ACATTTGAAACCTAAC-1,0.00002,0.464429,0.535552
ACCAAACACCCAGCGA-1,0.721919,0.051224,0.226857
ACCAAACTAGAAATCC-1,0.000029,0.222359,0.777611
ACCAACACCACACACT-1,0.287791,0.168202,0.544008
ACCAACCGCACTCCAC-1,0.007379,0.366636,0.625985
ACCAACGCTTATTTAT-1,0.000049,0.125359,0.874592
ACCAAGAACGCGTGTC-1,0.007827,0.088993,0.90318
ACCAAGTCATCGGCAG-1,0.000051,0.228889,0.77106
ACCAATATGCAAGTTA-1,0.000064,0.000193,0.999743
ACCACAACTCAGAACA-1,0.000046,0.028247,0.971708
ACCACAAGTTTCTATC-1,0.186467,0.045839,0.767694
ACCACACGGTTGATGG-1,0.014356,0.579023,0.406622
ACCACCAATGTAACAA-1,0.000068,0.000204,0.999728
ACCACCCTCTCTTCTA-1,0.999524,0.000159,0.000317
ACCACGTGCAGCTATA-1,0.00002,0.052031,0.94795
ACCACTGTTCAAGAAG-1,0.034695,0.002677,0.962628
ACCAGACCATAACAAC-1,0.080728,0.227635,0.691637
ACCAGCCCGGTCTTTG-1,0.067508,0.247288,0.685204
ACCAGGAGTGTGATCT-1,0.00006,0.056086,0.943853
ACCAGTGCCCGGTCAA-1,0.000042,0.117433,0.882525
ACCAGTGCGGGAGACG-1,0.000102,0.201842,0.798056
ACCATATCCGCAATAA-1,0.02914,0.067154,0.903707
ACCATCCGCCAACTAG-1,0.100704,0.047846,0.85145
ACCATCGTATATGGTA-1,0.000039,0.071937,0.928024
ACCATTAAGGGTGTCA-1,0.03353,0.23261,0.73386
ACCCAACGCCCGTGGC-1,0.064446,0.000152,0.935403
ACCCACCTACATGCTC-1,0.000041,0.137216,0.862743
ACCCATCTTGAGGGTA-1,0.000024,0.061643,0.938333
ACCCATTTGTCCCTCT-1,0.001027,0.159165,0.839808
ACCCGAGCGAAATTAC-1,0.04478,0.158732,0.796489
ACCCGATTGGTTCCGA-1,0.033804,0.153717,0.812479
ACCCGGAAACTCCCAG-1,0.000051,0.204794,0.795155
ACCCGGAGCACCACAA-1,0.148,0.209458,0.642542
ACCCGGATGACGCATC-1,0.000071,0.122688,0.877241
ACCCGGTTACACTTCC-1,0.000025,0.211538,0.788438
ACCCGTAGCAGAGAAT-1,0.037261,0.876723,0.086016
ACCCGTAGTCTAGTTG-1,0.061529,0.647239,0.291232
ACCCGTGTCATCAGTA-1,0.000073,0.133234,0.866692
ACCCTATAGGACTGAG-1,0.000079,0.000238,0.999682
ACCCTATGCCATATCG-1,0.00004,0.009029,0.990931
ACCCTCCCGTCAGGGC-1,0.009348,0.505178,0.485474
ACCCTCCCTTGCTATT-1,0.069447,0.18372,0.746833
ACCCTGGTAACGCCCT-1,0.303871,0.435314,0.260815
ACCCTTCATCTGCGAA-1,0.002963,0.148056,0.84898
ACCCTTGCCTGGGTCG-1,0.99958,0.00014,0.00028
ACCCTTTAGTTCTCCA-1,0.002473,0.125316,0.872211
ACCGAAAGGGCCCTGC-1,0.000025,0.23662,0.763355
ACCGAAGAGTCTGGTT-1,0.000524,0.233426,0.76605
ACCGACACATCTCCCA-1,0.000025,0.333075,0.6669
ACCGACTGAGTCCCAC-1,0.000036,0.044887,0.955076
ACCGAGTCTCCTTATT-1,0.030832,0.514926,0.454242
ACCGATAGGCATAACC-1,0.096999,0.344612,0.55839
ACCGATATTTAATCAT-1,0.039444,0.856631,0.103925
ACCGATGGTAGCATCG-1,0.000041,0.08855,0.911409
ACCGCAATAACTGCCT-1,0.003012,0.093409,0.90358
ACCGCGGTGGAAGTCG-1,0.026968,0.000206,0.972826
ACCGCTAGTCATTGGT-1,0.012636,0.708588,0.278776
ACCGGGCCTTTGTTGA-1,0.000038,0.211736,0.788226
ACCGGTCAGGTACACC-1,0.194574,0.051355,0.754071
ACCGGTCTGAGTACGG-1,0.020444,0.410019,0.569537
ACCGTCCACTGGGCCC-1,0.196601,0.708471,0.094927
ACCGTGACCACGTGGG-1,0.000053,0.019142,0.980805
ACCGTTCCCGCTCTGA-1,0.024895,0.158363,0.816741
ACCTAAGTACCTTTCA-1,0.000039,0.198012,0.801949
ACCTAATCGACTTCCT-1,0.00004,0.11741,0.882549
ACCTACAGTATGTGGT-1,0.062248,0.280451,0.657301
ACCTACTATAAATCTA-1,0.220979,0.115062,0.663959
ACCTCAGCGAGGCGCA-1,0.005222,0.532515,0.462263
ACCTCCGCCCTCGCTG-1,0.000035,0.421131,0.578834
ACCTCCGTTATTCACC-1,0.056704,0.200505,0.742791
ACCTCGAACTTATGCT-1,0.007505,0.394794,0.5977
ACCTGCGTGTCATGTT-1,0.007846,0.0006,0.991555
ACCTTTCCTTTAGAAG-1,0.000028,0.342945,0.657027
ACGAAATGGGCGGCAC-1,0.000019,0.038856,0.961125
ACGACCCATGAGTTGC-1,0.364839,0.242191,0.392971
ACGACTCTAGGGCCGA-1,0.000076,0.319593,0.680331
ACGACTGGTCATACTC-1,0.030448,0.215404,0.754149
ACGAGAACCCATCACG-1,0.000024,0.218944,0.781033
ACGAGATATTTGCTTA-1,0.034543,0.082903,0.882554
ACGAGGATACCACTCT-1,0.032316,0.089681,0.878002
ACGAGGTTTACAACGT-1,0.0997,0.048556,0.851744
ACGAGTACGGATGCCC-1,0.000039,0.128865,0.871096
ACGAGTCGCCGGCGTT-1,0.00939,0.052537,0.938073
ACGATACATAGAACTA-1,0.00004,0.169987,0.829973
ACGATACCTATCCTGA-1,0.227168,0.014217,0.758615
ACGATCATACATAGAG-1,0.258497,0.193447,0.548056
ACGATCATCTTGTAAA-1,0.000037,0.050654,0.949309
ACGATGCATATGTTAT-1,0.005121,0.113213,0.881666
ACGATGGATCCGATGC-1,0.065892,0.00017,0.933938
ACGCAAACTAATAGAT-1,0.000045,0.071324,0.928631
ACGCAATCACTACAGC-1,0.184658,0.211597,0.603745
ACGCATAAATGACATG-1,0.205073,0.422072,0.372855
ACGCATACGTTTACTA-1,0.008661,0.319031,0.672308
ACGCATTCGTGAGTAC-1,0.000043,0.006618,0.993339
ACGCCACTCGAAACAG-1,0.000018,0.568902,0.431079
ACGCCAGATGATTTCT-1,0.033585,0.122896,0.843519
ACGCCAGTGCGTTTGC-1,0.000018,0.36935,0.630632
ACGCCCAGCTGTCGAT-1,0.031256,0.09299,0.875754
ACGCCGCTAGACGACC-1,0.000035,0.040025,0.95994
ACGCCTGACACGCGCT-1,0.000017,0.18197,0.818013
ACGCGAAGTCAGACGA-1,0.175893,0.000335,0.823772
ACGCGCTACACAGGGT-1,0.000059,0.002962,0.996979
ACGCGGGCCAAGGACA-1,0.000035,0.073074,0.926891
ACGCGTTTCTTAAGAG-1,0.009531,0.030927,0.959542
ACGCTACTGAATGGGC-1,0.000017,0.735999,0.263984
ACGCTAGTATCAGTGC-1,0.938476,0.000067,0.061457
ACGCTAGTGATACACT-1,0.020343,0.000351,0.979306
ACGCTGTGAGGCGTAG-1,0.013708,0.386187,0.600105
ACGCTTAGTGTCTCTC-1,0.019558,0.037965,0.942477
ACGGAACACGAGTGCC-1,0.000014,0.531783,0.468203
ACGGAATTTAGCAAAT-1,0.000035,0.040348,0.959618
ACGGACGCAGCGACAA-1,0.001562,0.552233,0.446205
ACGGACTCTCAAAGCG-1,0.000055,0.181674,0.81827
ACGGAGCGCAAATTAC-1,0.23014,0.000283,0.769577
ACGGATGGTGCGGATA-1,0.000048,0.20523,0.794723
ACGGCACTTGCTTGGG-1,0.017538,0.000429,0.982033
ACGGCCAACATGGACT-1,0.128993,0.034476,0.83653
ACGGCGACGATGGGAA-1,0.000036,0.000107,0.999858
ACGGCGGGTTGCCCTG-1,0.000019,0.178322,0.82166
ACGGCTGGATGTAGAA-1,0.001469,0.43812,0.560411
ACGGGAGTGTCGGCCC-1,0.000037,0.032916,0.967048
ACGGGCGTATGCGACA-1,0.912352,0.000123,0.087525
ACGGGTCATGTGACTT-1,0.050658,0.038443,0.910899
ACGGGTTGTGACCTGT-1,0.201283,0.496356,0.302361
ACGGTACAGTTCAATG-1,0.00002,0.501645,0.498335
ACGGTCACCGAGAACA-1,0.08005,0.585424,0.334526
ACGTACAGATTTCTCT-1,0.000048,0.072514,0.927438
ACGTACTTTGGCACGG-1,0.00001,0.102699,0.89729
ACGTAGATTGCTGATG-1,0.000078,0.000235,0.999686
ACGTAGGAGAGTCGCT-1,0.019177,0.425931,0.554892
ACGTATTACTCCGATC-1,0.000048,0.006698,0.993255
ACGTCCTAAACGAGAT-1,0.141393,0.531794,0.326812
ACGTCGGGCAACTCGG-1,0.320338,0.593607,0.086055
ACGTCTCGTTCCGGGA-1,0.016775,0.40196,0.581265
ACGTGACAAAGTAAGT-1,0.000018,0.426266,0.573716
ACGTGCGCCTCGTGCA-1,0.000071,0.148753,0.851177
ACGTGGTCGAATGTGC-1,0.051969,0.282495,0.665535
ACGTTAATGTCGAAGA-1,0.000052,0.004577,0.995372
ACGTTAGATTTGCCCG-1,0.047809,0.024393,0.927798
ACGTTATTGGTCACTC-1,0.020478,0.075284,0.904238
ACGTTCACTATGCCGC-1,0.111685,0.546723,0.341592
ACGTTCCGCGCTCCGT-1,0.012305,0.187922,0.799773
ACGTTCGCAATCAATT-1,0.058304,0.213461,0.728235
ACGTTCGTTCAGGAAA-1,0.003698,0.000139,0.996163
ACGTTCTGTACAAGTC-1,0.007047,0.414631,0.578322
ACGTTGTCGTTGAAAG-1,0.000458,0.62113,0.378412
ACGTTTAGTTGTGATC-1,0.000117,0.00035,0.999533
ACGTTTCGGTGCACTT-1,0.006518,0.963591,0.029891
ACTAAGGACGCACACC-1,0.999781,0.000073,0.000146
ACTAATACGTCAGGCG-1,0.055253,0.000197,0.94455
ACTACAAAGAGAGGTG-1,0.00002,0.446706,0.553274
ACTACATCCCGACAAG-1,0.020564,0.186006,0.79343
ACTACCAGCTCTCTGG-1,0.000038,0.118437,0.881525
ACTACCATCCGAGGGC-1,0.112167,0.527631,0.360202
ACTACGCGTTAGAATT-1,0.000113,0.024216,0.975671
ACTAGTTGCGATCGTC-1,0.082353,0.114748,0.802898
ACTATATGCTGTGTTC-1,0.276723,0.011006,0.712271
ACTATCCAGGGCATGG-1,0.030445,0.218392,0.751163
ACTATCGCCGGCTAAA-1,0.029476,0.266905,0.703619
ACTATCTGCCCGCGTA-1,0.095199,0.208042,0.696759
ACTATGTCCAGCTGCC-1,0.031303,0.085956,0.882741
ACTATTCGTCCGTGGT-1,0.000045,0.0253,0.974655
ACTATTTCCGGGCCCA-1,0.000065,0.000194,0.999741
ACTCAACGAATGTATT-1,0.011002,0.140557,0.848441
ACTCAAGTGCAAGGCT-1,0.00006,0.104067,0.895874
ACTCAATAAAGGCACG-1,0.000078,0.000235,0.999687
ACTCAGACCTGCTTCT-1,0.076199,0.000418,0.923383
ACTCATGGCAGCCTTC-1,0.123567,0.372296,0.504137
ACTCCAATATCATCAT-1,0.03629,0.003082,0.960628
ACTCCCATTCCTAAAG-1,0.000017,0.327533,0.67245
ACTCCCGAATTCGTTT-1,0.020401,0.219331,0.760269
ACTCCCGTAGACTAGG-1,0.930317,0.000235,0.069447
ACTCCCTAATGCTAAA-1,0.000064,0.26133,0.738606
ACTCCCTAGAATAGTA-1,0.000056,0.043859,0.956085
ACTCCGGCCGACCACT-1,0.000031,0.269692,0.730277
ACTCGATGTATTTCAT-1,0.022944,0.159334,0.817722
ACTCGCCGTTCGATAA-1,0.043066,0.682653,0.274281
ACTCGCGATCTGACGC-1,0.728094,0.204859,0.067048
ACTCGTAACCCGTCCT-1,0.019518,0.150644,0.829838
ACTCGTCAGTAATCCC-1,0.000053,0.00016,0.999787
ACTCTAAACCTGGGAT-1,0.002015,0.343194,0.654791
ACTCTCTGACTTAGGT-1,0.000056,0.035636,0.964307
ACTCTCTTATACACGA-1,0.051316,0.000293,0.948391
ACTCTGACCTAATAGA-1,0.003199,0.437171,0.55963
ACTCTTCAGCTCCCGC-1,0.81203,0.0511,0.13687
ACTCTTGTATAGTAAC-1,0.000078,0.000235,0.999686
ACTGAAACGCCGTTAG-1,0.0324,0.024418,0.943181
ACTGAATGGCGAAAGT-1,0.000049,0.176494,0.823457
ACTGATTTAGTGATTC-1,0.073531,0.034289,0.89218
ACTGCCCGCCATTCTC-1,0.003627,0.294565,0.701808
ACTGCCGTCGTAACTC-1,0.00003,0.009733,0.990237
ACTGCGGACACACCGT-1,0.112452,0.772397,0.115151
ACTGCTCGGAAGGATG-1,0.017182,0.031026,0.951792
ACTGGCGAACCTGCGT-1,0.96964,0.000135,0.030225
ACTGGGATGCCAGTGC-1,0.000027,0.544274,0.455699
ACTGTACGATACACAT-1,0.142296,0.000199,0.857505
ACTGTAGCACTTTGGA-1,0.000057,0.001622,0.998321
ACTGTATACGCGAGCA-1,0.02921,0.084952,0.885837
ACTGTCCAGGATTATA-1,0.043529,0.000362,0.956109
ACTGTCTTCTTTAGAA-1,0.000045,0.000136,0.999818
ACTGTGCTAGTAGATC-1,0.077029,0.02328,0.899691
ACTGTTTAGTGTAGGC-1,0.000064,0.107548,0.892388
ACTTACCGGGCGCGCA-1,0.034913,0.000181,0.964906
ACTTACGCATCCACGC-1,0.000106,0.000318,0.999577
ACTTAGTACGACAAGA-1,0.000042,0.249425,0.750533
ACTTATACTTACCCGG-1,0.000048,0.005513,0.994439
ACTTATCTGATCTATA-1,0.020704,0.000476,0.978821
ACTTATTAGGATCGGT-1,0.066036,0.000404,0.933559
ACTTATTTATGTGCCA-1,0.000069,0.0359,0.964031
ACTTCAGGCTGATCCC-1,0.00005,0.026768,0.973182
ACTTCCAGTGGAAGCT-1,0.258081,0.40485,0.337069
ACTTCCATGCGGGACA-1,0.000064,0.104622,0.895314
ACTTCCTGTCGTGCGA-1,0.567408,0.011609,0.420983
ACTTCGCCATACGCAC-1,0.000066,0.009177,0.990757
ACTTCGCTAGCGAGTG-1,0.902353,0.033512,0.064135
ACTTGACTCCCTCTTT-1,0.000038,0.050154,0.949808
ACTTGCCATATTGTAC-1,0.014128,0.030708,0.955164
ACTTGCTCTATCTACC-1,0.138407,0.859993,0.001601
ACTTGGGACCCGGTGG-1,0.010641,0.139587,0.849772
ACTTGGGCTTTCGCCA-1,0.023128,0.331733,0.645139
ACTTGTAGTCCCTTCA-1,0.155961,0.107121,0.736919
ACTTGTGGATGGAACG-1,0.012475,0.242353,0.745172
ACTTGTTACCGGATCA-1,0.21285,0.256606,0.530545
ACTTTACCCTCATGAA-1,0.009027,0.2284,0.762574
ACTTTATACACCACTT-1,0.145692,0.772765,0.081543
ACTTTCCTATAGCTTC-1,0.016242,0.082342,0.901417
ACTTTGACTGCATCCT-1,0.026111,0.231427,0.742461
ACTTTGGTCGTGCTCC-1,0.013167,0.441371,0.545462
ACTTTGTCGACGCACT-1,0.004182,0.489387,0.506431
AGAAATTATGACTCGC-1,0.003297,0.290947,0.705756
AGAACACGGCGATGGT-1,0.020131,0.837702,0.142167
AGAACCCAGCGTGACA-1,0.462807,0.410061,0.127132
AGAACCCTCAATTGGG-1,0.00001,0.766,0.23399
AGAACGTGGTACATTC-1,0.02977,0.000165,0.970065
AGAACTGTACTTTGTA-1,0.000039,0.287634,0.712327
AGAAGAGCGCCGTTCC-1,0.000372,0.255439,0.744189
AGAAGGTACACTTCAC-1,0.244666,0.027545,0.727789
AGAAGGTTGCCGAATT-1,0.040601,0.140688,0.818711
AGAAGGTTGTAGGTCG-1,0.013805,0.23197,0.754226
AGAAGTGATTCGTGAT-1,0.058489,0.03799,0.903521
AGAATAAATCTTCAGG-1,0.117516,0.000121,0.882362
AGAATACAGGCTATCC-1,0.00774,0.567064,0.425196
AGAATGCGGGTTCGGA-1,0.251612,0.08343,0.664958
AGAATTATGGATTCGA-1,0.000066,0.000197,0.999737
AGAATTGTTTGACATA-1,0.000027,0.020552,0.979421
AGACAGCTCAGAATCC-1,0.072108,0.261071,0.666822
AGACAGGCATCTCAGC-1,0.438217,0.415199,0.146584
AGACATAGATCCTTCC-1,0.044225,0.000465,0.95531
AGACCAAACCACACCT-1,0.000384,0.354582,0.645034
AGACCATGGGATACAA-1,0.000043,0.071403,0.928554
AGACCCACCGCTGATC-1,0.000044,0.16259,0.837366
AGACCCGCCCTCCTCG-1,0.159551,0.089688,0.750761
AGACCGCTCCGCGGTT-1,0.022168,0.027245,0.950588
AGACCGGGAAACCCTG-1,0.02165,0.017045,0.961305
AGACGAAGTGCCGGTC-1,0.000038,0.154765,0.845197
AGACGACGATGCCGCT-1,0.03916,0.214081,0.746759
AGACGCCCACTTCGCC-1,0.145436,0.378513,0.476051
AGACGGGATTGGTATA-1,0.000039,0.243712,0.756249
AGACGGGCCGATTTAA-1,0.022305,0.148778,0.828917
AGACTAGCCTTCCAGA-1,0.019238,0.049131,0.931631
AGACTGTTACCGGGTC-1,0.000056,0.000169,0.999775
AGAGAAACACCAGAAA-1,0.000013,0.26471,0.735276
AGAGAACCGTCTAGGA-1,0.020164,0.149957,0.829879
AGAGAAGGAGTACAAT-1,0.000038,0.011681,0.988281
AGAGATCTCTAAAGCG-1,0.105139,0.013705,0.881155
AGAGCAGTTATGAGAC-1,0.063182,0.00753,0.929288
AGAGCCGCCGAGATTT-1,0.082604,0.155768,0.761628
AGAGCGCTTGTAACGG-1,0.949573,0.000182,0.050245
AGAGCGGGCTAATCAT-1,0.084147,0.398839,0.517014
AGAGCGTACAAGCTCG-1,0.000114,0.007925,0.991961
AGAGCTACGAAAGCAT-1,0.000031,0.004587,0.995382
AGAGGCTTCGGAAACC-1,0.000041,0.386063,0.613896
AGAGGGACAATTGTCC-1,0.422083,0.324575,0.253341
AGAGGTATCTCGGTCC-1,0.19884,0.000395,0.800765
AGAGTAAACTTCACTA-1,0.000089,0.000267,0.999644
AGAGTATAGTGTTACG-1,0.999415,0.000195,0.00039
AGAGTCTTAATGAAAG-1,0.060857,0.375441,0.563702
AGAGTGAACAGACACC-1,0.992067,0.000046,0.007887
AGAGTTAGAGACCGAT-1,0.000045,0.19087,0.809085
AGAGTTGCAGGCCTCC-1,0.842843,0.124387,0.032771
AGATAACTTCAGGGCC-1,0.000038,0.119813,0.88015
AGATAATCACACCTAT-1,0.00787,0.693141,0.29899
AGATACCAATAGAACC-1,0.035198,0.593731,0.371071
AGATACCAGCACTTCA-1,0.763858,0.025408,0.210735
AGATACCGGTGTTCAC-1,0.035969,0.000407,0.963624
AGATACGACTTCATAT-1,0.000047,0.046533,0.953421
AGATACTCAAGATCGA-1,0.000033,0.022757,0.97721
AGATATAATACGACTA-1,0.050885,0.251938,0.697177
AGATCGTGCATAAGAT-1,0.00006,0.016783,0.983158
AGATCTCAGGTGTGAT-1,0.000062,0.000187,0.999751
AGATCTGGAGAGGATA-1,0.07379,0.737272,0.188939
AGATGACTCGCCCACG-1,0.095372,0.021758,0.882871
AGATGAGGGTTGCGAT-1,0.023694,0.072056,0.90425
AGATGATGGAGTCTGG-1,0.026412,0.138296,0.835291
AGATGCAAGACGTGCA-1,0.041379,0.118404,0.840217
AGATGCATCCTGTGTC-1,0.000054,0.26939,0.730557
AGATGCTATAACGAGC-1,0.000011,0.058451,0.941538
AGATTATAGGACGTTT-1,0.049341,0.000247,0.950412
AGATTCAAGCGGGTCG-1,0.10529,0.255372,0.639338
AGATTCACAACCGATA-1,0.030669,0.164612,0.80472
AGCAAAGGCCGCTAGT-1,0.000059,0.111198,0.888743
AGCAACATATCTTATT-1,0.000045,0.148011,0.851944
AGCAACCGAAAGTAAT-1,0.000672,0.056259,0.943069
AGCACACGTTTAGACT-1,0.122064,0.347636,0.5303
AGCACCAGTACTCACG-1,0.000052,0.06724,0.932708
AGCACTACCGGCCTGT-1,0.029292,0.20855,0.762157
AGCACTACCTCACCAG-1,0.000044,0.000132,0.999823
AGCACTTAAGGACGCC-1,0.02581,0.266918,0.707272
AGCAGAAGGAGAAAGA-1,0.000038,0.137136,0.862826
AGCAGCCAGATGAATA-1,0.00025,0.00075,0.999
AGCAGTCGAAGCATGC-1,0.000022,0.444494,0.555484
AGCATATCAATATGCT-1,0.000055,0.012918,0.987027
AGCATCATTTCGAAAG-1,0.150676,0.054809,0.794515
AGCATCGTCGATAATT-1,0.049144,0.005481,0.945375
AGCATTACGAGGCAAG-1,0.000047,0.498739,0.501214
AGCCAAGCTTTGTGTC-1,0.000165,0.017237,0.982597
AGCCACAGGTTACCCG-1,0.000058,0.020242,0.979701
AGCCACTCCCGTGCTT-1,0.109649,0.057878,0.832473
AGCCATATAGTATGTG-1,0.034352,0.132556,0.833092
AGCCCATACATGTAAG-1,0.009224,0.040905,0.949871
AGCCCGCAACAAGCAG-1,0.000019,0.490405,0.509576
AGCCCGCACTACAATG-1,0.005852,0.738262,0.255885
AGCCCGGCATTAGAGG-1,0.086812,0.158458,0.75473
AGCCCGGTAGCCTGTA-1,0.000056,0.200199,0.799745
AGCCCTAAGCGAAGTT-1,0.0389,0.145786,0.815313
AGCCCTCCCTGGTGGC-1,0.000032,0.384113,0.615855
AGCCCTGTCGCACCGT-1,0.611378,0.200626,0.187996
AGCCCTTCTAATCCGA-1,0.000036,0.157971,0.841993
AGCCCTTGGACATCCC-1,0.023556,0.444969,0.531475
AGCCGCAAATTCAAAT-1,0.151048,0.220329,0.628623
AGCCGCTTGATTAGCG-1,0.053662,0.046382,0.899957
AGCCGTGGCTAAATGT-1,0.002982,0.122036,0.874982
AGCCTAATACCCACGT-1,0.131797,0.145828,0.722376
AGCCTTAAAGCGGAAG-1,0.04891,0.173344,0.777746
AGCCTTGTCACTGATA-1,0.428456,0.379573,0.191971
AGCGACAGGAACGGTC-1,0.000032,0.047449,0.952519
AGCGACATCCCATTCA-1,0.000063,0.115165,0.884773
AGCGACCAACGATATT-1,0.166485,0.035118,0.798397
AGCGACTTTGAAGACA-1,0.072359,0.387428,0.540213
AGCGAGACGTGAAGGC-1,0.000021,0.325699,0.67428
AGCGATGCGCCTAATA-1,0.026132,0.470537,0.503331
AGCGCATAATGAATCG-1,0.015495,0.000282,0.984222
AGCGCGGGTGCCAATG-1,0.000032,0.092675,0.907293
AGCGCTAGAGCGATGT-1,0.733196,0.000273,0.266531
AGCGCTTATGGGCAAG-1,0.000077,0.069934,0.929989
AGCGGACACTTCGTAG-1,0.007444,0.028834,0.963723
AGCGGCGGTTAGCGGT-1,0.007619,0.156783,0.835598
AGCGGGAAGGGTCCAT-1,0.038692,0.14809,0.813218
AGCGGGTCTGACACTC-1,0.037865,0.228811,0.733324
AGCGGTTGAGATGTAC-1,0.027201,0.412983,0.559816
AGCGGTTGCCGCTCTG-1,0.854084,0.000318,0.145598
AGCGTACGAGAGCTAG-1,0.00008,0.000239,0.999681
AGCGTAGCGCTAGACC-1,0.00003,0.133081,0.866889
AGCGTCTGAACCCGCA-1,0.019795,0.003373,0.976833
AGCGTGGTATTCTACT-1,0.000034,0.033626,0.96634
AGCGTTCCGATTTAAA-1,0.049412,0.328481,0.622107
AGCTAACAAGCAATGT-1,0.000021,0.071917,0.928062
AGCTAAGCTCCGTCCG-1,0.000016,0.508431,0.491553
AGCTAAGTACGCAGGC-1,0.000045,0.117477,0.882477
AGCTACGAATGGTGGT-1,0.000027,0.615232,0.384741
AGCTAGAAGCAGAAGT-1,0.009239,0.005572,0.985189
AGCTATTTAATCCAAC-1,0.000089,0.000267,0.999645
AGCTCCATATATGTTC-1,0.000042,0.276976,0.722982
AGCTCCTTCGCACATC-1,0.000028,0.187109,0.812862
AGCTCGTTGATGGAAA-1,0.999537,0.000154,0.000309
AGCTCTAGACGTTCCA-1,0.000047,0.012277,0.987676
AGCTCTTCCCAGTGCA-1,0.000026,0.028272,0.971702
AGCTCTTCGTAACCTT-1,0.033944,0.135955,0.830101
AGCTCTTTACTCAGTT-1,0.000056,0.004579,0.995364
AGCTGAAGTAAACCAA-1,0.104158,0.026508,0.869334
AGCTGCATTTGAGGTG-1,0.073695,0.481188,0.445117
AGCTGCTGTGCCGAAT-1,0.140394,0.527328,0.332278
AGCTGTAACCTCAATC-1,0.000067,0.200644,0.799289
AGCTTATAGAGACCTG-1,0.08315,0.000335,0.916514
AGCTTCAATACTTTGA-1,0.000032,0.368499,0.631469
AGCTTCTTCTCGAGCA-1,0.000023,0.53818,0.461797
AGCTTGATCAGGGTAG-1,0.117582,0.522656,0.359762
AGCTTGATCTTAACTT-1,0.026009,0.142448,0.831542
AGGAAAGCCTCTGATG-1,0.045217,0.018905,0.935878
AGGAACGAACGACTTC-1,0.001306,0.398638,0.600056
AGGAAGCTGTCCGCCG-1,0.000068,0.059867,0.940065
AGGACAGTCGAATCCC-1,0.009584,0.004294,0.986122
AGGACATCGCACGTCG-1,0.000041,0.037777,0.962182
AGGACATCGGCACACT-1,0.068898,0.708226,0.222876
AGGACGACCCATTAGA-1,0.00004,0.015546,0.984414
AGGACGCTCGATGTTG-1,0.066219,0.271315,0.662466
AGGACTTATAGGAGAA-1,0.090897,0.283742,0.625361
AGGAGACATCCACAGT-1,0.824633,0.08871,0.086657
AGGAGAGTCTGGCTAC-1,0.928206,0.000174,0.071621
AGGAGCGTTTATTATC-1,0.000012,0.72004,0.279948
AGGAGGCCTTCGCGCG-1,0.000043,0.105738,0.894219
AGGATAAAGTCGGGAT-1,0.000039,0.049674,0.950287
AGGATATAGGGATTTA-1,0.060669,0.116097,0.823234
AGGATATCCGACTGCA-1,0.158219,0.140382,0.701399
AGGATCACGCGATCTG-1,0.142604,0.192016,0.665381
AGGATTGCTTACGACA-1,0.758501,0.146975,0.094523
AGGCAAAGAGGAATCA-1,0.104296,0.000349,0.895355
AGGCAATACGGAGGAC-1,0.000014,0.032502,0.967484
AGGCACGTGACTGTCC-1,0.044995,0.542171,0.412833
AGGCAGATGCGTAAAC-1,0.049115,0.222624,0.728261
AGGCAGGGAGCGTACT-1,0.000059,0.054998,0.944943
AGGCATTGTCGTAGGG-1,0.036891,0.124109,0.839001
AGGCCACATTGGTTAC-1,0.899507,0.007237,0.093255
AGGCCACCCGTTATGA-1,0.000027,0.300759,0.699214
AGGCCCAGTGACTGGT-1,0.000051,0.000153,0.999796
AGGCCCATTGTACAGG-1,0.000059,0.254958,0.744983
AGGCCCTAGAACGCCA-1,0.032658,0.171425,0.795917
AGGCCTATCATACCAA-1,0.021666,0.455316,0.523019
AGGCCTGAGAATCTCG-1,0.000093,0.023414,0.976492
AGGCGATAACTGGCGT-1,0.027688,0.282055,0.690257
AGGCGGTTTGTCCCGC-1,0.094473,0.017762,0.887765
AGGCGTCTATGGACGG-1,0.531632,0.16273,0.305638
AGGCTATGGTTAGCTT-1,0.030794,0.000156,0.96905
AGGCTTAAGTTGCACA-1,0.000047,0.212118,0.787834
AGGCTTCCCGAAGAAG-1,0.000051,0.092816,0.907134
AGGCTTGCTAGACACC-1,0.056094,0.026143,0.917763
AGGGAAACGAGGTACT-1,0.000041,0.065097,0.934862
AGGGACAGCACGGCGG-1,0.000159,0.000476,0.999366
AGGGACCGGCTGCGTT-1,0.018757,0.372694,0.608549
AGGGACTCTACGCGAC-1,0.000096,0.000289,0.999615
AGGGAGACATACTTCG-1,0.214337,0.256715,0.528948
AGGGCAGCGGCGTGGT-1,0.073156,0.060039,0.866805
AGGGCCCTAATGTTCT-1,0.052227,0.590432,0.357341
AGGGCGAGCAGCTGAT-1,0.018415,0.020564,0.961021
AGGGCGTGATCGGCTA-1,0.065264,0.000292,0.934444
AGGGCTGCAGTTACAG-1,0.000029,0.104812,0.89516
AGGGTCAGAGCACTCG-1,0.027747,0.289704,0.682549
AGGGTCAGTAACCCTA-1,0.436293,0.301428,0.262279
AGGGTCGATGCGAACT-1,0.000086,0.176664,0.823251
AGGGTCTGGACGCAGT-1,0.015965,0.527882,0.456154
AGGGTGCCGTTCTTTA-1,0.019438,0.314342,0.666219
AGGGTGCTCTCGAGGG-1,0.000049,0.034701,0.96525
AGGGTGGATAGTGCAT-1,0.045705,0.020361,0.933935
AGGGTGTGCTACACGC-1,0.999759,0.00008,0.000161
AGGGTTCAGACGGTCC-1,0.009039,0.424078,0.566883
AGGGTTCCCTTTGGTT-1,0.129219,0.098756,0.772025
AGGGTTTAGTTCGGGA-1,0.000044,0.075557,0.9244
AGGTAACCTCCTATTC-1,0.000102,0.195718,0.80418
AGGTACGATATTGCCA-1,0.00005,0.131238,0.868712
AGGTAGATCGAGATAT-1,0.000026,0.018834,0.98114
AGGTAGGTACAAAGCT-1,0.000038,0.087041,0.91292
AGGTATAATTGATAGT-1,0.000044,0.267265,0.732691
AGGTATGCGGACATTA-1,0.731759,0.003133,0.265108
AGGTCAGGTGAGAGTG-1,0.01312,0.238855,0.748024
AGGTCGCCACTTCGGT-1,0.000033,0.079279,0.920688
AGGTCGCCTCCCAACA-1,0.024168,0.537926,0.437905
AGGTCGCGGAGTTACT-1,0.124517,0.008581,0.866902
AGGTGCACGTCCACAT-1,0.000043,0.258899,0.741058
AGGTGGTGACCTTCGC-1,0.000099,0.049915,0.949986
AGGTGTATCGCCATGA-1,0.054204,0.210051,0.735746
AGGTGTTGCCGACCAC-1,0.074399,0.53582,0.389781
AGGTTACACCATGCCG-1,0.016858,0.074957,0.908185
AGGTTCTCCTTTCCGG-1,0.040751,0.716992,0.242257
AGGTTGAGGCACGCTT-1,0.01885,0.173383,0.807766
AGGTTTCACACACCTT-1,0.000038,0.018973,0.980989
AGTAACGTTCATCCTG-1,0.048657,0.29156,0.659783
AGTAACTATAGCAGCC-1,0.087386,0.662823,0.249792
AGTAAGGGACAGAATC-1,0.000523,0.503303,0.496174
AGTAATCTAAGGGTGG-1,0.000019,0.508882,0.491099
AGTAATGTCTTGCCGC-1,0.000058,0.172003,0.82794
AGTAATTTGCAAGCGT-1,0.013391,0.860526,0.126083
AGTACAGAAGCTTATA-1,0.000029,0.51657,0.483401
AGTACATCATTTATCA-1,0.12014,0.113243,0.766617
AGTACCTTCGAGTGCT-1,0.104393,0.428432,0.467175
AGTACGGCCCGTATCG-1,0.018174,0.0003,0.981525
AGTACGGGCACCTGGC-1,0.002371,0.020657,0.976972
AGTACGTGGCCTGTCT-1,0.000065,0.054528,0.945407
AGTACTCTTATGCCCA-1,0.000081,0.100049,0.89987
AGTAGAAGGCGCCTCA-1,0.056587,0.237449,0.705964
AGTAGCGTGAACGAAC-1,0.000027,0.302794,0.697179
AGTAGCTAGACGCCGA-1,0.037346,0.394252,0.568402
AGTAGGAAGGAAGTTG-1,0.031304,0.112868,0.855828
AGTAGGTAACATACAT-1,0.000119,0.000357,0.999524
AGTATAATACTAGGCA-1,0.03065,0.000199,0.969151
AGTATACACAGCGACA-1,0.000026,0.188304,0.81167
AGTATCCATAATAACG-1,0.000044,0.10579,0.894166
AGTATGCTGGAGACCA-1,0.052015,0.420989,0.526996
AGTATTTGGCACGACC-1,0.000073,0.00022,0.999707
AGTCAAATGATGTGAT-1,0.003602,0.156514,0.839885
AGTCAACACCACCATC-1,0.000037,0.127653,0.87231
