Barcode,Topic 1,Topic 2to3,Topic 4to9,Topic 10to13
AAACAAGTATCTCCCA-1,0.000024,0.573325,0.00808,0.41857
AAACACCAATAACTGC-1,0.000047,0.11591,0.17206,0.711982
AAACAGAGCGACTCCT-1,0.000022,0.032896,0.000134,0.966948
AAACAGCTTTCAGAAG-1,0.000011,0.05039,0.825344,0.124254
AAACAGGGTCTATATT-1,0.000012,0.000967,0.691033,0.307988
AAACAGTGTTCCTGGG-1,0.000022,0.000045,0.397307,0.602626
AAACATGGTGAGAGGA-1,0.00001,0.00002,0.82718,0.172789
AAACATTTCCCGGATT-1,0.000023,0.480888,0.00014,0.518948
AAACCCGAACGAAATC-1,0.000023,0.420634,0.096966,0.482377
AAACCGGAAATGTTAA-1,0.009842,0.850725,0.096539,0.042894
AAACCGGGTAGGTACC-1,0.000021,0.021598,0.604773,0.373608
AAACCGTTCGTCCAGG-1,0.000029,0.000058,0.211722,0.788191
AAACCTAAGCAGCCGG-1,0.000028,0.116493,0.276326,0.607153
AAACCTCATGAAGTTG-1,0.342201,0.04134,0.000487,0.615972
AAACGAAGATGGAGTA-1,0.047078,0.035328,0.320031,0.597563
AAACGAGACGGTTGAT-1,0.000016,0.000032,0.76213,0.237823
AAACGCTGGGCACGAC-1,0.039291,0.700266,0.260339,0.000103
AAACGGGCGTACGGGT-1,0.000022,0.199403,0.26799,0.532584
AAACGGTTGCGAACTG-1,0.000021,0.000042,0.453127,0.546809
AAACGTGTTCGCCCTA-1,0.003178,0.135489,0.53076,0.330573
AAACTAACGTGGCGAC-1,0.000007,0.000014,0.932933,0.067046
AAACTCGGTTCGCAAT-1,0.000023,0.018325,0.378586,0.603067
AAACTCGTGATATAAG-1,0.000007,0.000159,0.855593,0.144241
AAACTGCTGGCTCCAA-1,0.000045,0.067374,0.093341,0.83924
AAACTTAATTGCACGC-1,0.000015,0.010244,0.748176,0.241566
AAACTTGCAAACGTAT-1,0.000081,0.000162,0.000487,0.999269
AAAGAATGACCTTAGA-1,0.001829,0.015971,0.287557,0.694643
AAAGAATGTGGACTAA-1,0.000018,0.859338,0.000106,0.140538
AAAGACTGGGCGCTTT-1,0.014912,0.021545,0.170705,0.792838
AAAGCTTGCCTACATA-1,0.000013,0.022493,0.454482,0.523011
AAAGGCCCTATAATAC-1,0.028244,0.158494,0.000367,0.812895
AAAGGCTACGGACCAT-1,0.000033,0.000738,0.283129,0.716099
AAAGGCTCTCGCGCCG-1,0.000012,0.010665,0.331567,0.657756
AAAGGGATGTAGCAAG-1,0.000032,0.000065,0.551882,0.448021
AAAGGGCAGCTTGAAT-1,0.720897,0.02332,0.146641,0.109142
AAAGGTAAGCTGTACC-1,0.003871,0.043602,0.569744,0.382783
AAAGTAGCATTGCTCA-1,0.000051,0.000102,0.000306,0.999542
AAAGTCGACCCTCAGT-1,0.007832,0.068383,0.003744,0.920041
AAAGTGCCATCAATTA-1,0.018664,0.749444,0.231806,0.000086
AAAGTGTGATTTATCT-1,0.000019,0.016733,0.53611,0.447138
AAAGTTGACTCCCGTA-1,0.024512,0.077954,0.170161,0.727374
AAATAACCATACGGGA-1,0.000027,0.020541,0.010143,0.969288
AAATAAGGTAGTGCCC-1,0.000012,0.001206,0.743846,0.254936
AAATACCTATAAGCAT-1,0.000024,0.10522,0.051222,0.843534
AAATAGCTTAGACTTT-1,0.000009,0.08345,0.816206,0.100334
AAATAGGGTGCTATTG-1,0.000034,0.031174,0.327233,0.64156
AAATCCGATACACGCC-1,0.00002,0.181963,0.263592,0.554426
AAATCGCGGAAGGAGT-1,0.000019,0.000039,0.632888,0.367053
AAATCGTGTACCACAA-1,0.000017,0.137284,0.177694,0.685005
AAATCTAGCCCTGCTA-1,0.0243,0.604314,0.005805,0.365582
AAATCTGCCCGCGTCC-1,0.000012,0.000025,0.789699,0.210263
AAATGACTGATCAAAC-1,0.000015,0.005002,0.593501,0.401482
AAATGATTCGATCAGC-1,0.000015,0.009083,0.781945,0.208957
AAATGCTCGTTACGTT-1,0.227171,0.048037,0.243014,0.481778
AAATGGCATGTCTTGT-1,0.007307,0.045086,0.227435,0.720172
AAATGGCCCGTGCCCT-1,0.00003,0.035969,0.000182,0.963819
AAATGGTCAATGTGCC-1,0.000042,0.000085,0.134887,0.864986
AAATGTATCTTATCCC-1,0.000008,0.09101,0.843885,0.065097
AAATTAACGGGTAGCT-1,0.000034,0.000068,0.156576,0.843322
AAATTAATAAGCGCGA-1,0.001715,0.002501,0.603754,0.39203
AAATTACACGACTCTG-1,0.000026,0.007121,0.241259,0.751594
AAATTACCTATCGATG-1,0.003933,0.02861,0.483105,0.484353
AAATTCCAGGTCCAAA-1,0.000016,0.081754,0.406319,0.511911
AAATTGATAGTCCTTT-1,0.000028,0.000056,0.33134,0.668576
AAATTGGTGAGAAGCA-1,0.015167,0.099687,0.000261,0.884885
AAATTTACCGAAATCC-1,0.013628,0.058287,0.598872,0.329213
AAATTTGCGGGTGTGG-1,0.000038,0.000076,0.251943,0.747943
AACAACTGGTAGTTGC-1,0.00002,0.00004,0.658431,0.341509
AACAATACATTGTCGA-1,0.000021,0.011511,0.255133,0.733335
AACAATTACTCTACGC-1,0.000118,0.093869,0.022887,0.883126
AACACACGCTCGCCGC-1,0.000038,0.279552,0.207736,0.512673
AACACGAGACGCGGCC-1,0.126942,0.165387,0.248184,0.459487
AACAGCTGTGTGGCAA-1,0.000016,0.000031,0.64815,0.351803
AACAGGAAATCGAATA-1,0.000019,0.000039,0.404327,0.595615
AACAGGATGGGCCGCG-1,0.000054,0.00338,0.117888,0.878678
AACAGGTAGTATGGAT-1,0.000023,0.749826,0.009267,0.240884
AACATAGCGTGTATCG-1,0.000049,0.000098,0.069499,0.930354
AACATATCAACTGGTG-1,0.000012,0.064504,0.690785,0.244699
AACATCGATACGTCTA-1,0.000024,0.079438,0.270091,0.650446
AACATTGAAGTTGATC-1,0.04499,0.223278,0.121954,0.609777
AACATTGTGACTCGAG-1,0.010282,0.000052,0.124045,0.865621
AACCAAGACTTCTCTG-1,0.000063,0.028715,0.25004,0.721182
AACCAGTATCACTCTT-1,0.000027,0.060175,0.653688,0.286111
AACCATAGGGTTGAAC-1,0.000012,0.000025,0.739568,0.260395
AACCATGGGATCGCTA-1,0.19013,0.039135,0.327993,0.442743
AACCCAGAGACGGAGA-1,0.048807,0.106272,0.332645,0.512276
AACCCATCCCATGATC-1,0.000022,0.000043,0.473491,0.526444
AACCCGACAACCCGTG-1,0.000019,0.14791,0.41201,0.440061
AACCCGAGCAGAATCG-1,0.000019,0.953482,0.000114,0.046385
AACCCGCTGTATTCCA-1,0.010001,0.000039,0.341426,0.648535
AACCCTACTGTCAATA-1,0.000028,0.063342,0.174802,0.761828
AACCGAGCTTGGTCAT-1,0.000025,0.064129,0.339917,0.595929
AACCGCTAAGGGATGC-1,0.000015,0.116836,0.542677,0.340472
AACCGTTGTGTTTGCT-1,0.183967,0.108625,0.070109,0.637299
AACCTCGCTTTAGCCC-1,0.00003,0.06031,0.306908,0.632752
AACCTGTCACGGAATT-1,0.000011,0.000023,0.99456,0.005406
AACCTTTAAATACGGT-1,0.000033,0.095169,0.054605,0.850192
AACCTTTACGACGTCT-1,0.000021,0.000042,0.719009,0.280928
AACGAAAGTCGTCCCA-1,0.000018,0.000036,0.731975,0.267972
AACGACCTCCTAGCCG-1,0.007014,0.91853,0.074363,0.000093
AACGATAATGCCGTAG-1,0.004865,0.168244,0.093517,0.733373
AACGATAGAAGGGCCG-1,0.000039,0.000077,0.192272,0.807612
AACGATATGTCAACTG-1,0.000012,0.009406,0.560746,0.429836
AACGCATGATCTGGGT-1,0.000017,0.004722,0.797571,0.197691
AACGCGACCTTGGGCG-1,0.000016,0.000032,0.354228,0.645724
AACGCGGTCTCCAGCC-1,0.000013,0.000026,0.917377,0.082584
AACGCTGTTGCTGAAA-1,0.000029,0.253438,0.000174,0.746358
AACGGACGTACGTATA-1,0.000017,0.111194,0.033245,0.855544
AACGGCCATCTCCGGT-1,0.014559,0.049219,0.213037,0.723185
AACGTACTGTGGGTAC-1,0.000036,0.000515,0.255543,0.743906
AACGTCAGACTAGTGG-1,0.000039,0.000078,0.698554,0.30133
AACGTCATCCGGCTTG-1,0.000027,0.008186,0.357502,0.634286
AACGTCGCTGCACTTC-1,0.011201,0.704263,0.164244,0.120292
AACGTGCGAAAGTCTC-1,0.000018,0.019881,0.312317,0.667784
AACGTTATCAGCACCT-1,0.000026,0.075283,0.000154,0.924537
AACTACCCGTTTGTCA-1,0.000015,0.441117,0.272233,0.286635
AACTAGGCTTGGGTGT-1,0.000041,0.03644,0.136179,0.82734
AACTCAAGTTAATTGC-1,0.00003,0.098771,0.004598,0.896601
AACTCCAGAGCGTGTT-1,0.000018,0.235236,0.117693,0.647052
AACTCCTAATCCCATG-1,0.121952,0.062961,0.252353,0.562733
AACTCTCAATAGAGCG-1,0.001379,0.012574,0.207531,0.778515
AACTCTCAGTGTGCTC-1,0.000046,0.000092,0.143693,0.856169
AACTGAGGTCAGCGTC-1,0.000016,0.004972,0.89117,0.103842
AACTGAGTTATACTGA-1,0.00002,0.870485,0.129415,0.00008
AACTGATATTAGGCCT-1,0.018024,0.001917,0.951066,0.028993
AACTGGGTCCCGACGT-1,0.019964,0.009747,0.681968,0.288321
AACTTCTGCGTCTATC-1,0.999547,0.000075,0.000226,0.000151
AACTTGCCCGTATGCA-1,0.000233,0.095757,0.210105,0.693905
AACTTGCGTTCTCGCG-1,0.999679,0.000053,0.00016,0.000107
AACTTTACGGGAGCTT-1,0.000019,0.000037,0.361925,0.638018
AACTTTCTCGATCATG-1,0.000856,0.024525,0.794954,0.179665
AAGAAAGTTTGATGGG-1,0.002489,0.000009,0.997484,0.000018
AAGAAATCACCAGATT-1,0.000035,0.086059,0.108373,0.805534
AAGAAGGATCAGTTAG-1,0.999613,0.000065,0.000194,0.000129
AAGACATACGTGGTTT-1,0.000039,0.872182,0.011102,0.116677
AAGACCAAATAACTCA-1,0.07472,0.002661,0.844084,0.078535
AAGACCCAACTGAACA-1,0.000034,0.050689,0.009699,0.939578
AAGACTGCAAGCTACT-1,0.004392,0.003692,0.321531,0.670385
AAGAGATGAATCGGTA-1,0.02747,0.000232,0.022094,0.950203
AAGAGCTCTTTATCGG-1,0.000032,0.066903,0.075357,0.857708
AAGAGGATGTACGCGA-1,0.000032,0.000065,0.16156,0.838344
AAGAGGCATGGATCGC-1,0.015835,0.029973,0.016174,0.938018
AAGAGGCCCTTTGGAA-1,0.000019,0.825027,0.000117,0.174837
AAGATGGCACCGGACC-1,0.000031,0.000061,0.004248,0.995661
AAGATTGGCGGAACGT-1,0.000019,0.000038,0.334869,0.665074
AAGCACCCTGCGTATC-1,0.000021,0.024851,0.290306,0.684822
AAGCATACTCTCCTGA-1,0.000021,0.122124,0.287348,0.590507
AAGCCACTTGCAGGTA-1,0.000021,0.000906,0.366411,0.632661
AAGCCGAAGCGGTTTA-1,0.000026,0.572568,0.000158,0.427248
AAGCCGCCGTGAAATC-1,0.186327,0.30049,0.03908,0.474103
AAGCCGCTTTACCTTG-1,0.04619,0.046767,0.08291,0.824133
AAGCCGGAGAGCAGGA-1,0.00203,0.872463,0.101071,0.024436
AAGCGCAGGGCTTTGA-1,0.008057,0.115228,0.031507,0.845208
AAGCGGAGTGCGCGCA-1,0.000009,0.005566,0.90069,0.093735
AAGCGGCGTCATGGGT-1,0.000026,0.000053,0.576304,0.423617
AAGCGTCCCTCATCGA-1,0.000029,0.000058,0.349592,0.650321
AAGCTAGATCGAGTAA-1,0.000023,0.081909,0.289772,0.628296
AAGCTATGGATTGACC-1,0.000028,0.00448,0.866078,0.129414
AAGCTCGTGCCAAGTC-1,0.00002,0.028956,0.418081,0.552944
AAGCTCTTTCATGGTG-1,0.000033,0.042167,0.380355,0.577446
AAGGAGCGGTTGGTGC-1,0.000024,0.031291,0.467156,0.501529
AAGGATCGATCGCTTG-1,0.003154,0.093345,0.289929,0.613572
AAGGATGAGGGACCTC-1,0.00001,0.001172,0.554261,0.444557
AAGGCAGGCTGTCTCC-1,0.000016,0.133455,0.743055,0.123474
AAGGCGCGTAAAGCTT-1,0.000014,0.000027,0.893697,0.106263
AAGGCTGTGCTCATCG-1,0.000019,0.000037,0.781898,0.218046
AAGGGAACGACTGGCT-1,0.019997,0.368934,0.000266,0.610803
AAGGGACAGATTCTGT-1,0.000019,0.048393,0.11641,0.835179
AAGGGACTATGCATTC-1,0.000068,0.000137,0.00041,0.999385
AAGGGTTTGATTTCAG-1,0.001537,0.022086,0.821467,0.15491
AAGGTATCCTAATATA-1,0.000014,0.025506,0.451675,0.522806
AAGGTGATAAACCAGC-1,0.000016,0.025341,0.517134,0.45751
AAGTAGAAGACCGGGT-1,0.000026,0.000052,0.621026,0.378897
AAGTAGTGACGCGAGG-1,0.000027,0.000055,0.801636,0.198282
AAGTCAATTGTCGTCA-1,0.000041,0.243154,0.001573,0.755232
AAGTCTAGTAGCTGCC-1,0.000018,0.008299,0.696094,0.295589
AAGTCTTCTGTGGCCT-1,0.003133,0.000028,0.789671,0.207168
AAGTGACGACCGAATT-1,0.000044,0.002631,0.024378,0.972947
AAGTGAGTCGGGTTTA-1,0.000066,0.000133,0.093195,0.906606
AAGTGCAAAGGTAGAC-1,0.000027,0.000055,0.881515,0.118402
AAGTGCCTTGACTGTA-1,0.000029,0.123034,0.077874,0.799063
AAGTGCGTTAGAATCT-1,0.000058,0.000115,0.064738,0.935089
AAGTGCTTCTCTATTG-1,0.017325,0.002341,0.068436,0.911898
AAGTGTTTGGAGACGG-1,0.000024,0.030226,0.539805,0.429945
AAGTTCACTCCAAGCT-1,0.000027,0.11072,0.304959,0.584294
AAGTTCAGTCTGCGTA-1,0.004784,0.00133,0.391714,0.602172
AAGTTCGGCCAACAGG-1,0.000012,0.000024,0.641313,0.358651
AAGTTGTGATGTTATA-1,0.000026,0.670404,0.143568,0.186001
AAGTTTATGGGCCCAA-1,0.000015,0.08473,0.35763,0.557626
AATAACAACGCTCGGC-1,0.004228,0.000037,0.583501,0.412234
AATAACACTAGAACAA-1,0.000018,0.002693,0.396381,0.600908
AATAATCTTCGTATCG-1,0.00004,0.913076,0.086723,0.000161
AATACAATGTTTCAGG-1,0.668011,0.021605,0.173169,0.137215
AATACCGGAGGGCTGT-1,0.000016,0.087577,0.435053,0.477354
AATACCTGATGTGAAC-1,0.000029,0.486187,0.266627,0.247157
AATAGAACAGAGTGGC-1,0.000045,0.064514,0.000271,0.935169
AATAGAATCTGTTTCA-1,0.00004,0.136869,0.009927,0.853164
AATAGCAAGCCTCCTG-1,0.000012,0.010544,0.617515,0.371929
AATAGCTACCGCGTGC-1,0.004678,0.012453,0.839023,0.143846
AATAGGCACGACCCTT-1,0.010588,0.005296,0.981224,0.002892
AATAGTCCGTCCCGAC-1,0.000018,0.176813,0.2843,0.538869
AATAGTCGCGAGTCGG-1,0.000987,0.000024,0.947298,0.051692
AATATCAAGGTCGGAT-1,0.306277,0.062724,0.414552,0.216447
AATATCCTAGCAAACT-1,0.000043,0.000085,0.625616,0.374256
AATATCGAATCAATGC-1,0.000032,0.68769,0.000191,0.312087
AATATCGAGGGTTCTC-1,0.004274,0.000046,0.466589,0.529092
AATATTGGAGTATTGA-1,0.000118,0.052438,0.000707,0.946738
AATCAGGTTTCATTTA-1,0.000028,0.000055,0.309947,0.68997
AATCATGTAAAGACTC-1,0.00004,0.434634,0.039349,0.525977
AATCCAAGGGCCTGAG-1,0.000086,0.073424,0.285134,0.641356
AATCCCGCTCAGAGCC-1,0.000022,0.000044,0.660697,0.339236
AATCGAGGTCTCAAGG-1,0.000028,0.173001,0.154207,0.672763
AATCGCCTCAGCGCCA-1,0.004017,0.055789,0.16293,0.777264
AATCGCGCAGAGGACT-1,0.000014,0.176653,0.288733,0.5346
AATCGGTATAGCCCTC-1,0.000016,0.675596,0.19656,0.127827
AATCGTGAGCCGAGCA-1,0.000021,0.054711,0.135556,0.809712
AATCTAGGTTTACTTG-1,0.00005,0.000101,0.202941,0.796908
AATCTATGCCGGAGCC-1,0.000019,0.008634,0.386959,0.604388
AATCTCTACTGTGGTT-1,0.000007,0.000014,0.895298,0.104681
AATCTGCGTTGGGACG-1,0.000021,0.002975,0.27616,0.720844
AATCTGGCTTTCTAGT-1,0.00004,0.004471,0.309605,0.685884
AATGACAGCAATGTCT-1,0.000023,0.000045,0.571724,0.428208
AATGACGTAGGATGTC-1,0.000033,0.169898,0.174944,0.655125
AATGACTGTCAGCCGG-1,0.000022,0.000043,0.473138,0.526797
AATGAGTTCGCATATG-1,0.567267,0.026268,0.17868,0.227786
AATGATGATACGCTAT-1,0.000012,0.000023,0.854798,0.145167
AATGATGCGACTCCTG-1,0.000011,0.000021,0.747501,0.252467
AATGCAACCGGGTACC-1,0.000017,0.000034,0.63176,0.368189
AATGCACCAAGCAATG-1,0.028486,0.000044,0.602082,0.369389
AATGGTCCACCGTTCA-1,0.013184,0.009886,0.171944,0.804986
AATGGTTCTCACAAGC-1,0.058484,0.000271,0.382715,0.558529
AATGTATGGCACTGTA-1,0.000017,0.018669,0.290609,0.690704
AATGTGCCCGAGGTGT-1,0.000042,0.000084,0.249765,0.750109
AATGTGCTAATCTGAG-1,0.000021,0.000043,0.556751,0.443185
AATGTTAAGACCCTGA-1,0.00002,0.086705,0.455832,0.457444
AATGTTGTCGTGAGAC-1,0.000036,0.767696,0.000214,0.232054
AATTAAAGGTCGGCGT-1,0.000033,0.000065,0.514773,0.485129
AATTAACGGATTTCCA-1,0.000036,0.169762,0.120071,0.710131
AATTACGAGACCCATC-1,0.000013,0.000026,0.769707,0.230254
AATTACTCGTACGCTC-1,0.00522,0.024122,0.184885,0.785773
AATTAGCGCTGCAGCG-1,0.000023,0.053893,0.400161,0.545924
AATTATACCCAGCAAG-1,0.000024,0.029138,0.480693,0.490145
AATTCATAAGGGATCT-1,0.000016,0.000032,0.608745,0.391207
AATTCATTGTCATGCA-1,0.00002,0.000041,0.501516,0.498424
AATTCCAAGCATGTAC-1,0.000027,0.010775,0.103163,0.886035
AATTCGATTCGAGGAT-1,0.000035,0.061853,0.135191,0.80292
AATTCTAGAGTTAGGC-1,0.000057,0.042544,0.00034,0.957059
AATTGAACGCTCTGGT-1,0.00003,0.353828,0.054981,0.591161
AATTGCAGCAATCGAC-1,0.000035,0.844461,0.000207,0.155297
AATTGCGTGGATTACA-1,0.005736,0.000037,0.732115,0.262112
AATTGTGGTTGCCAAA-1,0.009797,0.973119,0.000154,0.01693
AATTTGGGACATAGTA-1,0.000049,0.000097,0.041279,0.958576
AATTTGGTTCCAAAGA-1,0.372748,0.044777,0.045514,0.53696
ACAAACCATGCGTCCT-1,0.000011,0.030838,0.806237,0.162914
ACAAACTCCATCAGAG-1,0.000008,0.002839,0.883424,0.113729
ACAAAGAAGGTAGGCC-1,0.000019,0.000038,0.440073,0.559871
ACAAAGCATGACCTAG-1,0.000017,0.619561,0.167527,0.212895
ACAAATCGCACCGAAT-1,0.000025,0.102494,0.349048,0.548432
ACAAATGGTAGTGTTT-1,0.000024,0.046882,0.116449,0.836645
ACAACAGCATGAGCTA-1,0.000021,0.074775,0.579083,0.346121
ACAACGGTCCCTGCGA-1,0.058254,0.092544,0.31976,0.529442
ACAAGCAGTGCCTAGC-1,0.000049,0.044814,0.000294,0.954842
ACAAGCTATATGGAAG-1,0.000017,0.000174,0.674542,0.325266
ACAAGGAAATCCGCCC-1,0.000024,0.135882,0.183006,0.681087
ACAAGGACAAGAGGTT-1,0.000017,0.000034,0.711568,0.288381
ACAAGGATGCTTTAGG-1,0.000045,0.105048,0.007266,0.887642
ACAAGGGCAGGCTCTG-1,0.000021,0.079302,0.565613,0.355064
ACAAGTAATTGTAAGG-1,0.024938,0.171988,0.176199,0.626875
ACAATAGTCGTACGTT-1,0.000184,0.155072,0.001104,0.84364
ACAATCCATTTAAACC-1,0.000016,0.000031,0.675286,0.324667
ACAATGAATACGGAGA-1,0.000009,0.000018,0.894521,0.105451
ACAATGATTCTTCTAC-1,0.00001,0.004812,0.848156,0.147023
ACAATTGTGTCTCTTT-1,0.000032,0.403802,0.000195,0.595971
ACAATTTAGGAGGCTC-1,0.000014,0.000028,0.610955,0.389003
ACAATTTGAGCAGTGG-1,0.000019,0.154446,0.20604,0.639495
ACAATTTGGCCATATT-1,0.001672,0.266266,0.590522,0.141539
ACACAAAGACGGGTGG-1,0.000024,0.000048,0.511465,0.488463
ACACAAATATTCCTAG-1,0.006203,0.064575,0.611869,0.317353
ACACACCAGGACCAGT-1,0.000021,0.064102,0.187801,0.748076
ACACACTTTCTACACG-1,0.041779,0.000131,0.168254,0.789836
ACACATGATCAAATCT-1,0.000022,0.000044,0.798662,0.201272
ACACATTTCCGTAGAC-1,0.000016,0.013021,0.438006,0.548956
ACACCACATAATTAGC-1,0.000013,0.068762,0.314648,0.616577
ACACCCAGCATGCAGC-1,0.000016,0.039689,0.621989,0.338306
ACACCCGAGAAATCCG-1,0.008335,0.045238,0.089307,0.85712
ACACCGAGCGCTCTTT-1,0.000019,0.000039,0.917295,0.082647
ACACCGGTCTGACCGC-1,0.000021,0.010704,0.434833,0.554442
ACACCTTAAGTAGGGC-1,0.000029,0.000059,0.330927,0.668985
ACACCTTACTACTTGC-1,0.006533,0.070609,0.104829,0.818029
ACACGAGACTCCTTCT-1,0.000029,0.047599,0.318381,0.633992
ACACGGGAACTTAGGG-1,0.000046,0.000092,0.31953,0.680333
ACACGTAGGCCACAAG-1,0.000026,0.691689,0.000157,0.308128
ACACTCCAATGTCACT-1,0.999471,0.000088,0.000265,0.000176
ACACTGATCAAGGTGT-1,0.000026,0.000052,0.522226,0.477695
ACACTGGGACAGTCGT-1,0.000018,0.647844,0.000109,0.352029
ACAGAACTGAGAACAA-1,0.000079,0.000157,0.000472,0.999292
ACAGCGACATTCTCAT-1,0.000037,0.571202,0.000221,0.428539
ACAGCGCACCCGCAGC-1,0.102906,0.132062,0.397651,0.367381
ACAGGAGGCGCAGCCG-1,0.024293,0.180317,0.540421,0.254969
ACAGGCACGGATCCTT-1,0.000013,0.123649,0.265604,0.610733
ACAGGCTTGCCCGACT-1,0.000023,0.099324,0.572115,0.328539
ACAGGTGGAGGTGAGG-1,0.000027,0.143732,0.263707,0.592534
ACAGGTGTGTTGTTGC-1,0.000949,0.006822,0.668519,0.32371
ACAGTAATACAACTTG-1,0.000027,0.000053,0.230948,0.768972
ACAGTATACCGTGGGA-1,0.440503,0.024906,0.059134,0.475457
ACATAAGTCGTGGTGA-1,0.000022,0.000044,0.539945,0.459988
ACATAATAAGGCGGTG-1,0.000037,0.036248,0.273994,0.68972
ACATACAATCAAGCGG-1,0.000036,0.160679,0.229499,0.609786
ACATCAGCTGGGACGC-1,0.000013,0.000026,0.980182,0.019778
ACATCCCGGCCATACG-1,0.000032,0.047654,0.270233,0.682081
ACATCCTGGTAACTGT-1,0.000017,0.061522,0.485911,0.45255
ACATCGATCGTTTACC-1,0.000018,0.000036,0.616798,0.383149
ACATCGCAATATTCGG-1,0.03726,0.172344,0.000232,0.790164
ACATCGGTCAGCCGCG-1,0.000035,0.000069,0.094096,0.9058
ACATCGTATGCAATGG-1,0.000015,0.058294,0.392018,0.549673
ACATGCTTACGGCAGC-1,0.000053,0.032303,0.000318,0.967325
ACATGGCGCCAAAGTA-1,0.000011,0.000022,0.782793,0.217173
ACATTAGTTTATATCC-1,0.000023,0.012948,0.747725,0.239304
ACATTCGCGCGGAATA-1,0.000048,0.031887,0.000287,0.967778
ACATTTGAAACCTAAC-1,0.007013,0.518443,0.196439,0.278106
ACCAAACACCCAGCGA-1,0.043216,0.155337,0.395666,0.405781
ACCAACACCACACACT-1,0.000009,0.000017,0.718372,0.281603
ACCAACCGCACTCCAC-1,0.00469,0.205382,0.57714,0.212788
ACCAACGCTTATTTAT-1,0.00003,0.079367,0.181555,0.739049
ACCAAGAACGCGTGTC-1,0.000033,0.011572,0.420644,0.567751
ACCAAGTCATCGGCAG-1,0.000025,0.677445,0.000148,0.322382
ACCAATATGCAAGTTA-1,0.000023,0.010144,0.437698,0.552135
ACCACAAGTTTCTATC-1,0.00003,0.00006,0.387226,0.612684
ACCACACGGTTGATGG-1,0.000027,0.000385,0.522433,0.477155
ACCACCAATGTAACAA-1,0.000006,0.008722,0.688995,0.302276
ACCACCCTCTCTTCTA-1,0.235396,0.008629,0.687118,0.068857
ACCACGTGCAGCTATA-1,0.000023,0.092315,0.142659,0.765002
ACCACTGTTCAAGAAG-1,0.006101,0.06029,0.328316,0.605294
ACCAGACCATAACAAC-1,0.000021,0.005897,0.651599,0.342483
ACCAGTGCCCGGTCAA-1,0.000022,0.081593,0.386174,0.532211
ACCAGTGCGGGAGACG-1,0.000035,0.217756,0.000209,0.782
ACCATATCCGCAATAA-1,0.000027,0.000053,0.358575,0.641345
ACCATCCGCCAACTAG-1,0.000013,0.03572,0.867442,0.096825
ACCATCGTATATGGTA-1,0.000022,0.000044,0.498231,0.501704
ACCATTAAGGGTGTCA-1,0.002078,0.000088,0.550654,0.44718
ACCCAACGCCCGTGGC-1,0.000008,0.00125,0.567133,0.431609
ACCCACCTACATGCTC-1,0.527185,0.035164,0.332256,0.105395
ACCCATCTTGAGGGTA-1,0.000022,0.000044,0.22301,0.776925
ACCCATTTGTCCCTCT-1,0.005026,0.566152,0.05573,0.373092
ACCCGAGCGAAATTAC-1,0.000023,0.000047,0.628839,0.371091
ACCCGATTGGTTCCGA-1,0.000016,0.000032,0.434789,0.565162
ACCCGGAAACTCCCAG-1,0.000041,0.203598,0.154356,0.642004
ACCCGGAGCACCACAA-1,0.009118,0.990536,0.000208,0.000139
ACCCGGATGACGCATC-1,0.000026,0.058445,0.000155,0.941374
ACCCGGTTACACTTCC-1,0.000035,0.09908,0.000211,0.900673
ACCCGTAGCAGAGAAT-1,0.000012,0.001382,0.834694,0.163912
ACCCGTAGTCTAGTTG-1,0.078359,0.78662,0.026282,0.108739
ACCCGTGTCATCAGTA-1,0.000035,0.061203,0.111721,0.827041
ACCCTATGCCATATCG-1,0.000022,0.000045,0.196646,0.803286
ACCCTCCCGTCAGGGC-1,0.005078,0.34214,0.366852,0.28593
ACCCTCCCTTGCTATT-1,0.002387,0.178144,0.379946,0.439523
ACCCTGGTAACGCCCT-1,0.000011,0.001391,0.890828,0.107771
ACCCTTCATCTGCGAA-1,0.435553,0.0001,0.174863,0.389484
ACCCTTGCCTGGGTCG-1,0.000033,0.007818,0.094496,0.897654
ACCGAAGAGTCTGGTT-1,0.000017,0.056486,0.662841,0.280656
ACCGACACATCTCCCA-1,0.00003,0.07665,0.235262,0.688058
ACCGACTGAGTCCCAC-1,0.00003,0.000059,0.495598,0.504313
ACCGAGTCTCCTTATT-1,0.000018,0.059033,0.548649,0.3923
ACCGATAGGCATAACC-1,0.000019,0.894026,0.000116,0.105839
ACCGATATTTAATCAT-1,0.000034,0.765165,0.234667,0.000135
ACCGATGGTAGCATCG-1,0.000018,0.146668,0.364588,0.488725
ACCGCAATAACTGCCT-1,0.000012,0.080805,0.733642,0.185541
ACCGCGGTGGAAGTCG-1,0.000017,0.075476,0.513214,0.411292
ACCGCTAGTCATTGGT-1,0.000909,0.006342,0.631326,0.361422
ACCGGGCCTTTGTTGA-1,0.000022,0.091109,0.152066,0.756802
ACCGGTCAGGTACACC-1,0.000013,0.009023,0.854761,0.136203
ACCGTCCACTGGGCCC-1,0.000021,0.000043,0.542437,0.457499
ACCGTGACCACGTGGG-1,0.001251,0.098048,0.614075,0.286626
ACCTAAGTACCTTTCA-1,0.000029,0.000059,0.470119,0.529793
ACCTAATCGACTTCCT-1,0.000037,0.000073,0.182227,0.817664
ACCTACAGTATGTGGT-1,0.000017,0.054868,0.603437,0.341677
ACCTACTATAAATCTA-1,0.008858,0.500576,0.000096,0.49047
ACCTCAGCGAGGCGCA-1,0.000023,0.155183,0.161804,0.68299
ACCTCCGCCCTCGCTG-1,0.005354,0.930152,0.000341,0.064153
ACCTCCGTTATTCACC-1,0.000013,0.019645,0.39006,0.590282
ACCTCGAACTTATGCT-1,0.017248,0.000047,0.652788,0.329918
ACCTGCGTGTCATGTT-1,0.004374,0.440857,0.03338,0.521389
ACGAAATGGGCGGCAC-1,0.000083,0.076789,0.073702,0.849425
ACGACCCATGAGTTGC-1,0.00004,0.999562,0.000239,0.000159
ACGACTCTAGGGCCGA-1,0.000011,0.068589,0.585905,0.345495
ACGACTGGTCATACTC-1,0.000014,0.182081,0.391773,0.426132
ACGAGGATACCACTCT-1,0.000085,0.042342,0.000507,0.957066
ACGAGGTTTACAACGT-1,0.000017,0.019457,0.651572,0.328954
ACGAGTACGGATGCCC-1,0.000015,0.007136,0.789224,0.203625
ACGATACATAGAACTA-1,0.000022,0.012723,0.264117,0.723138
ACGATACCTATCCTGA-1,0.000011,0.013851,0.920451,0.065686
ACGATCATACATAGAG-1,0.000028,0.000055,0.290722,0.709195
ACGATCATCTTGTAAA-1,0.00005,0.071793,0.076294,0.851863
ACGATGCATATGTTAT-1,0.00003,0.029434,0.105811,0.864725
ACGATGGATCCGATGC-1,0.056247,0.090685,0.428076,0.424992
ACGCAAACTAATAGAT-1,0.006495,0.000146,0.033794,0.959565
ACGCAATCACTACAGC-1,0.000034,0.000069,0.248187,0.75171
ACGCATACGTTTACTA-1,0.000033,0.580179,0.055324,0.364464
ACGCATTCGTGAGTAC-1,0.000014,0.017524,0.492925,0.489537
ACGCCACTCGAAACAG-1,0.001586,0.055945,0.681239,0.26123
ACGCCAGATGATTTCT-1,0.000021,0.00684,0.621823,0.371317
ACGCCAGTGCGTTTGC-1,0.000023,0.544023,0.00014,0.455814
ACGCCGCTAGACGACC-1,0.00002,0.018546,0.495049,0.486384
ACGCGAAGTCAGACGA-1,0.000017,0.003108,0.305788,0.691087
ACGCGCTACACAGGGT-1,0.000015,0.000029,0.840507,0.159448
ACGCGGGCCAAGGACA-1,0.000011,0.000022,0.579603,0.420363
ACGCGTTTCTTAAGAG-1,0.080093,0.017015,0.28794,0.614952
ACGCTAGTGATACACT-1,0.000021,0.054561,0.299235,0.646183
ACGCTGTGAGGCGTAG-1,0.000026,0.004018,0.156753,0.839203
ACGGAACACGAGTGCC-1,0.00002,0.341758,0.038968,0.619253
ACGGAATTTAGCAAAT-1,0.184849,0.109455,0.313784,0.391912
ACGGACGCAGCGACAA-1,0.000035,0.00007,0.256102,0.743793
ACGGACTCTCAAAGCG-1,0.002417,0.038709,0.224905,0.733968
ACGGAGCGCAAATTAC-1,0.058611,0.000041,0.660265,0.281083
ACGGATGGTGCGGATA-1,0.000031,0.046227,0.226718,0.727024
ACGGCACTTGCTTGGG-1,0.000042,0.045987,0.373139,0.580832
ACGGCCAACATGGACT-1,0.000019,0.041261,0.202666,0.756054
ACGGCGACGATGGGAA-1,0.000018,0.065256,0.282987,0.651739
ACGGCTGGATGTAGAA-1,0.000011,0.018319,0.690457,0.291213
ACGGGAGTGTCGGCCC-1,0.079606,0.145324,0.000327,0.774743
ACGGGCGTATGCGACA-1,0.000012,0.000025,0.969368,0.030595
ACGGGTCATGTGACTT-1,0.000038,0.282808,0.000228,0.716926
ACGGGTTGTGACCTGT-1,0.000025,0.000051,0.663641,0.336283
ACGGTACAGTTCAATG-1,0.000026,0.335177,0.06835,0.596446
ACGGTCACCGAGAACA-1,0.000011,0.000023,0.896649,0.103317
ACGTACTTTGGCACGG-1,0.000032,0.000063,0.193625,0.80628
ACGTAGATTGCTGATG-1,0.000011,0.083889,0.539078,0.377023
ACGTAGGAGAGTCGCT-1,0.000034,0.000078,0.000202,0.999687
ACGTATTACTCCGATC-1,0.000026,0.058902,0.448237,0.492835
ACGTCGGGCAACTCGG-1,0.1048,0.00009,0.27662,0.618491
ACGTCTCGTTCCGGGA-1,0.004356,0.064663,0.106831,0.82415
ACGTGACAAAGTAAGT-1,0.000016,0.001261,0.418953,0.579769
ACGTGCGCCTCGTGCA-1,0.000019,0.000039,0.692764,0.307178
ACGTTAATGTCGAAGA-1,0.00002,0.030444,0.122791,0.846746
ACGTTAGATTTGCCCG-1,0.000027,0.034565,0.2142,0.751209
ACGTTATTGGTCACTC-1,0.061518,0.063241,0.273267,0.601974
ACGTTCACTATGCCGC-1,0.000014,0.000029,0.914082,0.085875
ACGTTCGCAATCAATT-1,0.000008,0.01263,0.812459,0.174903
ACGTTCGTTCAGGAAA-1,0.000024,0.000048,0.459373,0.540555
ACGTTCTGTACAAGTC-1,0.000039,0.410036,0.000231,0.589694
ACGTTGTCGTTGAAAG-1,0.002266,0.238171,0.270519,0.489044
ACGTTTAGTTGTGATC-1,0.000066,0.000132,0.075266,0.924536
ACTAAGGACGCACACC-1,0.000006,0.00007,0.9999,0.000024
ACTAATACGTCAGGCG-1,0.000023,0.000045,0.55127,0.448661
ACTACAAAGAGAGGTG-1,0.000016,0.000032,0.275727,0.724225
ACTACATCCCGACAAG-1,0.000031,0.017018,0.130816,0.852136
ACTACCAGCTCTCTGG-1,0.000998,0.000061,0.66833,0.330611
ACTACCATCCGAGGGC-1,0.011076,0.009913,0.121541,0.857469
ACTACGCGTTAGAATT-1,0.001859,0.033676,0.1389,0.825565
ACTAGTTGCGATCGTC-1,0.005845,0.538651,0.238094,0.21741
ACTATATGCTGTGTTC-1,0.085146,0.011983,0.493161,0.409711
ACTATCCAGGGCATGG-1,0.000014,0.380517,0.264732,0.354737
ACTATCGCCGGCTAAA-1,0.000015,0.000029,0.160025,0.839931
ACTATCTGCCCGCGTA-1,0.000024,0.999733,0.000146,0.000097
ACTATGTCCAGCTGCC-1,0.000137,0.076761,0.130731,0.79237
ACTATTCGTCCGTGGT-1,0.000033,0.000067,0.040133,0.959767
ACTATTTCCGGGCCCA-1,0.000038,0.000075,0.04812,0.951767
ACTCAAGTGCAAGGCT-1,0.000016,0.032151,0.800076,0.167756
ACTCAATAAAGGCACG-1,0.000025,0.025445,0.466975,0.507555
ACTCAGACCTGCTTCT-1,0.000611,0.091639,0.387121,0.52063
ACTCATGGCAGCCTTC-1,0.000036,0.000073,0.319523,0.680368
ACTCCAATATCATCAT-1,0.000045,0.000089,0.139409,0.860456
ACTCCCATTCCTAAAG-1,0.023141,0.042211,0.000293,0.934355
ACTCCCGAATTCGTTT-1,0.021538,0.382026,0.352394,0.244042
ACTCCCGTAGACTAGG-1,0.000022,0.010485,0.820803,0.168689
ACTCCCTAATGCTAAA-1,0.00598,0.20336,0.087259,0.703401
ACTCCCTAGAATAGTA-1,0.000015,0.015105,0.793351,0.191529
ACTCCGGCCGACCACT-1,0.00001,0.058001,0.482204,0.459785
ACTCGATGTATTTCAT-1,0.033154,0.015492,0.119804,0.83155
ACTCGCCGTTCGATAA-1,0.000026,0.948214,0.000153,0.051607
ACTCGCGATCTGACGC-1,0.021465,0.239191,0.588245,0.151099
ACTCGTAACCCGTCCT-1,0.031399,0.204678,0.057498,0.706425
ACTCGTCAGTAATCCC-1,0.000016,0.004394,0.705192,0.290398
ACTCTAAACCTGGGAT-1,0.012549,0.000035,0.556699,0.430717
ACTCTCTGACTTAGGT-1,0.00002,0.06472,0.42147,0.51379
ACTCTGACCTAATAGA-1,0.000013,0.326959,0.379074,0.293954
ACTCTTCAGCTCCCGC-1,0.009627,0.086317,0.803224,0.100832
ACTCTTGTATAGTAAC-1,0.000028,0.000056,0.469005,0.530911
ACTGAAACGCCGTTAG-1,0.000027,0.580671,0.000161,0.419141
ACTGAATGGCGAAAGT-1,0.007991,0.050628,0.248026,0.693355
ACTGCCCGCCATTCTC-1,0.000032,0.013909,0.511453,0.474607
ACTGCCGTCGTAACTC-1,0.000024,0.000048,0.786692,0.213237
ACTGCGGACACACCGT-1,0.000023,0.001878,0.525631,0.472468
ACTGCTCGGAAGGATG-1,0.000012,0.000024,0.797981,0.201982
ACTGGCGAACCTGCGT-1,0.002287,0.003301,0.671904,0.322508
ACTGGGATGCCAGTGC-1,0.004303,0.025841,0.419058,0.550798
ACTGTACGATACACAT-1,0.003675,0.095936,0.073597,0.826792
ACTGTAGCACTTTGGA-1,0.000038,0.000076,0.493021,0.506866
ACTGTATACGCGAGCA-1,0.039041,0.090212,0.140171,0.730577
ACTGTCCAGGATTATA-1,0.000018,0.004566,0.490415,0.505001
ACTGTCTTCTTTAGAA-1,0.00292,0.023586,0.674468,0.299025
ACTGTGCTAGTAGATC-1,0.643085,0.042904,0.146206,0.167804
ACTTACCGGGCGCGCA-1,0.089224,0.073452,0.099823,0.737501
ACTTACGCATCCACGC-1,0.000029,0.255183,0.333022,0.411766
ACTTAGTACGACAAGA-1,0.204579,0.108899,0.40008,0.286441
ACTTATACTTACCCGG-1,0.0052,0.069268,0.261498,0.664034
ACTTATTAGGATCGGT-1,0.000037,0.012822,0.12959,0.857551
ACTTATTTATGTGCCA-1,0.000056,0.136816,0.000338,0.86279
ACTTCAGGCTGATCCC-1,0.000017,0.181059,0.472476,0.346448
ACTTCCAGTGGAAGCT-1,0.051972,0.000033,0.612445,0.33555
ACTTCCATGCGGGACA-1,0.00002,0.22846,0.392939,0.378582
ACTTCGCCATACGCAC-1,0.000046,0.000092,0.000276,0.999585
ACTTCGCTAGCGAGTG-1,0.000013,0.006956,0.832243,0.160788
ACTTGACTCCCTCTTT-1,0.00003,0.09619,0.298473,0.605307
ACTTGCTCTATCTACC-1,0.003691,0.001725,0.994533,0.000052
ACTTGGGACCCGGTGG-1,0.000021,0.018481,0.467818,0.513679
ACTTGGGCTTTCGCCA-1,0.023623,0.107827,0.407153,0.461397
ACTTGTAGTCCCTTCA-1,0.000021,0.007563,0.668464,0.323951
ACTTGTGGATGGAACG-1,0.000031,0.839135,0.000189,0.160645
ACTTGTTACCGGATCA-1,0.000048,0.000095,0.000286,0.999572
ACTTTACCCTCATGAA-1,0.00002,0.007396,0.51611,0.476474
ACTTTATACACCACTT-1,0.000925,0.000016,0.998837,0.000222
ACTTTCCTATAGCTTC-1,0.005997,0.000091,0.494987,0.498925
ACTTTGACTGCATCCT-1,0.00001,0.000046,0.852109,0.147834
ACTTTGGTCGTGCTCC-1,0.000017,0.008519,0.945759,0.045705
ACTTTGTCGACGCACT-1,0.000031,0.975285,0.01842,0.006264
AGAAATTATGACTCGC-1,0.000016,0.978402,0.000097,0.021485
AGAACACGGCGATGGT-1,0.002291,0.006529,0.529947,0.461233
AGAACCCAGCGTGACA-1,0.002481,0.40821,0.445776,0.143533
AGAACCCTCAATTGGG-1,0.000014,0.000027,0.551464,0.448495
AGAACGTGGTACATTC-1,0.000017,0.000035,0.367501,0.632447
AGAACTGTACTTTGTA-1,0.000049,0.300047,0.006813,0.69309
AGAAGAGCGCCGTTCC-1,0.0003,0.194008,0.221798,0.583894
AGAAGGTACACTTCAC-1,0.000019,0.000052,0.627346,0.372583
AGAAGGTTGCCGAATT-1,0.000037,0.000075,0.402786,0.597102
AGAAGGTTGTAGGTCG-1,0.000021,0.046959,0.379047,0.573973
AGAAGTGATTCGTGAT-1,0.000022,0.000044,0.668765,0.33117
AGAATAAATCTTCAGG-1,0.000006,0.000012,0.998693,0.001288
AGAATACAGGCTATCC-1,0.000016,0.374617,0.317973,0.307395
AGAATGCGGGTTCGGA-1,0.000071,0.000141,0.299854,0.699934
AGAATTATGGATTCGA-1,0.000017,0.029711,0.62914,0.341131
AGAATTGTTTGACATA-1,0.156229,0.069112,0.350412,0.424247
AGACAGCTCAGAATCC-1,0.04677,0.083061,0.026707,0.843462
AGACAGGCATCTCAGC-1,0.000042,0.836697,0.163095,0.000166
AGACCAAACCACACCT-1,0.000009,0.03987,0.488239,0.471881
AGACCATGGGATACAA-1,0.08234,0.000178,0.66476,0.252722
AGACCCACCGCTGATC-1,0.000024,0.095199,0.223091,0.681686
AGACCCGCCCTCCTCG-1,0.000017,0.003561,0.810896,0.185526
AGACCGCTCCGCGGTT-1,0.000029,0.726709,0.000174,0.273089
AGACCGGGAAACCCTG-1,0.029775,0.000091,0.025602,0.944532
AGACGAAGTGCCGGTC-1,0.000026,0.31975,0.070727,0.609497
AGACGACGATGCCGCT-1,0.000017,0.000035,0.53701,0.462938
AGACGCCCACTTCGCC-1,0.010782,0.760116,0.000086,0.229016
AGACGGGCCGATTTAA-1,0.000013,0.026958,0.380237,0.592792
AGACTAGCCTTCCAGA-1,0.000025,0.00005,0.624585,0.37534
AGACTGTTACCGGGTC-1,0.016497,0.00005,0.373094,0.61036
AGAGAAACACCAGAAA-1,0.000006,0.000013,0.739642,0.260339
AGAGAACCGTCTAGGA-1,0.000016,0.000032,0.290869,0.709082
AGAGAAGGAGTACAAT-1,0.000026,0.000052,0.301953,0.697968
AGAGATCTCTAAAGCG-1,0.000096,0.000192,0.246834,0.752878
AGAGCAGTTATGAGAC-1,0.561431,0.080626,0.116359,0.241585
AGAGCCGCCGAGATTT-1,0.000042,0.854626,0.000254,0.145078
AGAGCGCTTGTAACGG-1,0.055887,0.065128,0.005441,0.873543
AGAGCGGGCTAATCAT-1,0.000021,0.000043,0.819611,0.180325
AGAGCGTACAAGCTCG-1,0.215514,0.000272,0.193707,0.590508
AGAGGCTTCGGAAACC-1,0.000042,0.544115,0.001662,0.454181
AGAGTAAACTTCACTA-1,0.000021,0.509235,0.113554,0.37719
AGAGTATAGTGTTACG-1,0.002872,0.027512,0.615939,0.353677
AGAGTTGCAGGCCTCC-1,0.000007,0.000015,0.877578,0.1224
AGATAACTTCAGGGCC-1,0.000013,0.01645,0.793445,0.190092
AGATAATCACACCTAT-1,0.001389,0.066956,0.477646,0.45401
AGATACCAATAGAACC-1,0.000017,0.959047,0.0001,0.040836
AGATACCAGCACTTCA-1,0.120984,0.095039,0.193751,0.590226
AGATACCGGTGTTCAC-1,0.000028,0.000056,0.3384,0.661515
AGATACGACTTCATAT-1,0.868205,0.000132,0.071307,0.060355
AGATACTCAAGATCGA-1,0.000024,0.019176,0.367313,0.613487
AGATATAATACGACTA-1,0.000027,0.020797,0.385123,0.594053
AGATCGTGCATAAGAT-1,0.000012,0.056293,0.527704,0.41599
AGATCTCAGGTGTGAT-1,0.000015,0.049452,0.565537,0.384996
AGATCTGGAGAGGATA-1,0.000013,0.000027,0.986437,0.013523
AGATGACTCGCCCACG-1,0.000049,0.000099,0.471083,0.528769
AGATGAGGGTTGCGAT-1,0.000055,0.066965,0.11135,0.821631
AGATGATGGAGTCTGG-1,0.006416,0.031673,0.287629,0.674282
AGATGCAAGACGTGCA-1,0.000105,0.029557,0.000629,0.969709
AGATGCATCCTGTGTC-1,0.000017,0.067757,0.824324,0.107902
AGATGCTATAACGAGC-1,0.026669,0.018411,0.175641,0.77928
AGATTATAGGACGTTT-1,0.000031,0.078627,0.493628,0.427714
AGATTCACAACCGATA-1,0.000023,0.051049,0.359543,0.589385
AGCAAAGGCCGCTAGT-1,0.00004,0.091662,0.042348,0.865951
AGCAACATATCTTATT-1,0.00002,0.046098,0.445083,0.508799
AGCAACCGAAAGTAAT-1,0.000038,0.549499,0.065783,0.384679
AGCACACGTTTAGACT-1,0.000077,0.12811,0.000462,0.871351
AGCACCAGTACTCACG-1,0.000032,0.000064,0.390281,0.609623
AGCACTACCGGCCTGT-1,0.176583,0.000516,0.378161,0.444739
AGCACTACCTCACCAG-1,0.042504,0.242656,0.011563,0.703278
AGCACTTAAGGACGCC-1,0.195848,0.021018,0.148727,0.634408
AGCAGAAGGAGAAAGA-1,0.000029,0.022411,0.000173,0.977388
AGCAGCCAGATGAATA-1,0.000016,0.057721,0.669659,0.272604
AGCAGTCGAAGCATGC-1,0.006032,0.330815,0.264186,0.398966
AGCATATCAATATGCT-1,0.00005,0.490068,0.000302,0.509579
AGCATCATTTCGAAAG-1,0.00007,0.048291,0.00042,0.95122
AGCATCGTCGATAATT-1,0.000029,0.000059,0.569796,0.430116
AGCATTACGAGGCAAG-1,0.000036,0.714452,0.000217,0.285295
AGCCAAGCTTTGTGTC-1,0.00002,0.123794,0.446996,0.42919
AGCCACAGGTTACCCG-1,0.000041,0.167285,0.431056,0.401619
AGCCACTCCCGTGCTT-1,0.000027,0.01452,0.270289,0.715165
AGCCATATAGTATGTG-1,0.000017,0.011478,0.172266,0.816239
AGCCCATACATGTAAG-1,0.000061,0.041554,0.008088,0.950297
AGCCCGCAACAAGCAG-1,0.000013,0.000027,0.580901,0.419059
AGCCCGCACTACAATG-1,0.000019,0.747375,0.225545,0.02706
AGCCCGGCATTAGAGG-1,0.008055,0.177799,0.000242,0.813905
AGCCCGGTAGCCTGTA-1,0.049069,0.16741,0.014521,0.769001
AGCCCTAAGCGAAGTT-1,0.000023,0.000045,0.41598,0.583952
AGCCCTCCCTGGTGGC-1,0.000034,0.000067,0.365992,0.633908
AGCCCTGTCGCACCGT-1,0.000026,0.14765,0.500166,0.352158
AGCCCTTCTAATCCGA-1,0.010848,0.015708,0.447004,0.52644
AGCCCTTGGACATCCC-1,0.000015,0.889128,0.051651,0.059206
AGCCGCAAATTCAAAT-1,0.000016,0.000032,0.37028,0.629672
AGCCGCTTGATTAGCG-1,0.000027,0.000055,0.54731,0.452607
AGCCGTGGCTAAATGT-1,0.564739,0.097637,0.000597,0.337028
AGCCTAATACCCACGT-1,0.077496,0.045801,0.260512,0.616191
AGCCTTAAAGCGGAAG-1,0.073693,0.135526,0.000507,0.790274
AGCCTTGTCACTGATA-1,0.000013,0.000027,0.973654,0.026306
AGCGACAGGAACGGTC-1,0.000027,0.000054,0.282351,0.717569
AGCGACATCCCATTCA-1,0.000021,0.000043,0.604583,0.395352
AGCGACCAACGATATT-1,0.000041,0.101344,0.332739,0.565876
AGCGACTTTGAAGACA-1,0.00002,0.000039,0.792634,0.207307
AGCGAGACGTGAAGGC-1,0.000105,0.011384,0.000627,0.987884
AGCGATGCGCCTAATA-1,0.007751,0.709409,0.000166,0.282674
AGCGCATAATGAATCG-1,0.000018,0.000598,0.408779,0.590606
AGCGCGGGTGCCAATG-1,0.008588,0.000058,0.200301,0.791053
AGCGCTAGAGCGATGT-1,0.000035,0.048772,0.482109,0.469084
AGCGCTTATGGGCAAG-1,0.000009,0.000164,0.977678,0.022149
AGCGGACACTTCGTAG-1,0.000029,0.000057,0.276187,0.723727
AGCGGCGGTTAGCGGT-1,0.000012,0.002598,0.689221,0.308168
AGCGGGAAGGGTCCAT-1,0.816075,0.000117,0.057979,0.125829
AGCGGGTCTGACACTC-1,0.000014,0.119343,0.614214,0.26643
AGCGGTTGCCGCTCTG-1,0.081849,0.209503,0.320638,0.38801
AGCGTGGTATTCTACT-1,0.000021,0.038283,0.389875,0.571821
AGCTAACAAGCAATGT-1,0.000021,0.000041,0.26398,0.735958
AGCTAAGCTCCGTCCG-1,0.000015,0.017094,0.733945,0.248946
AGCTAAGTACGCAGGC-1,0.024015,0.193082,0.203251,0.579652
AGCTAGAAGCAGAAGT-1,0.000022,0.00043,0.274172,0.725376
AGCTATTTAATCCAAC-1,0.000014,0.000028,0.758795,0.241163
AGCTCCATATATGTTC-1,0.000031,0.777679,0.000187,0.222102
AGCTCCTTCGCACATC-1,0.000027,0.10273,0.574407,0.322837
AGCTCGTTGATGGAAA-1,0.018395,0.154833,0.140161,0.686612
AGCTCTAGACGTTCCA-1,0.000009,0.008276,0.817589,0.174127
AGCTCTTCCCAGTGCA-1,0.39265,0.000122,0.20281,0.404418
AGCTCTTCGTAACCTT-1,0.000018,0.099046,0.532301,0.368635
AGCTCTTTACTCAGTT-1,0.000031,0.065151,0.37527,0.559548
AGCTGAAGTAAACCAA-1,0.000011,0.02594,0.504841,0.469209
AGCTGTAACCTCAATC-1,0.000026,0.000052,0.078416,0.921506
AGCTTCTTCTCGAGCA-1,0.00002,0.557405,0.138701,0.303873
AGCTTGATCAGGGTAG-1,0.000032,0.000064,0.539312,0.460592
AGCTTGATCTTAACTT-1,0.000078,0.066541,0.306568,0.626813
AGGAACGAACGACTTC-1,0.005319,0.852071,0.12384,0.01877
AGGAAGCTGTCCGCCG-1,0.020225,0.081274,0.300434,0.598067
AGGACAGTCGAATCCC-1,0.020231,0.051631,0.401866,0.526272
AGGACATCGCACGTCG-1,0.057034,0.000312,0.102446,0.840208
AGGACATCGGCACACT-1,0.000042,0.888925,0.110863,0.00017
AGGACGACCCATTAGA-1,0.000016,0.001847,0.343459,0.654678
AGGACGCTCGATGTTG-1,0.000019,0.005761,0.612961,0.381259
AGGACTTATAGGAGAA-1,0.000684,0.000025,0.923722,0.075568
AGGAGACATCCACAGT-1,0.000024,0.000047,0.87235,0.127579
AGGAGAGTCTGGCTAC-1,0.000668,0.025774,0.837205,0.136353
AGGAGGCCTTCGCGCG-1,0.000035,0.586415,0.001222,0.412328
AGGATAAAGTCGGGAT-1,0.000009,0.000018,0.924343,0.07563
AGGATATAGGGATTTA-1,0.000016,0.212623,0.255263,0.532098
AGGATATCCGACTGCA-1,0.000558,0.165699,0.053729,0.780014
AGGATCACGCGATCTG-1,0.000058,0.046716,0.000351,0.952875
AGGATTGCTTACGACA-1,0.000023,0.003455,0.571271,0.425251
AGGCAATACGGAGGAC-1,0.022923,0.291436,0.425985,0.259657
AGGCACGTGACTGTCC-1,0.00002,0.875956,0.000122,0.123902
AGGCAGATGCGTAAAC-1,0.010282,0.035307,0.176579,0.777832
AGGCAGGGAGCGTACT-1,0.000055,0.00011,0.055815,0.94402
AGGCATTGTCGTAGGG-1,0.000032,0.300407,0.000194,0.699367
AGGCCACATTGGTTAC-1,0.014706,0.715562,0.230108,0.039625
AGGCCACCCGTTATGA-1,0.000033,0.000066,0.732137,0.267764
AGGCCCATTGTACAGG-1,0.000041,0.083198,0.419119,0.497643
AGGCCCTAGAACGCCA-1,0.000047,0.117895,0.000284,0.881774
AGGCCTATCATACCAA-1,0.000015,0.090436,0.221047,0.688502
AGGCCTGAGAATCTCG-1,0.000014,0.057929,0.540868,0.401189
AGGCGATAACTGGCGT-1,0.000034,0.97467,0.000203,0.025092
AGGCGGTTTGTCCCGC-1,0.000045,0.000089,0.177741,0.822125
AGGCGTCTATGGACGG-1,0.000068,0.327724,0.066271,0.605938
AGGCTATGGTTAGCTT-1,0.000102,0.000205,0.189264,0.810428
AGGCTTAAGTTGCACA-1,0.000031,0.000062,0.424163,0.575744
AGGCTTCCCGAAGAAG-1,0.00003,0.00006,0.081632,0.918279
AGGCTTGCTAGACACC-1,0.973432,0.004365,0.020123,0.00208
AGGGAAACGAGGTACT-1,0.008559,0.191443,0.075064,0.724933
AGGGACCGGCTGCGTT-1,0.000012,0.00563,0.940828,0.05353
AGGGACTCTACGCGAC-1,0.00003,0.022763,0.419428,0.557779
AGGGAGACATACTTCG-1,0.000015,0.018671,0.632264,0.34905
AGGGCCCTAATGTTCT-1,0.001467,0.926127,0.072301,0.000105
AGGGCGAGCAGCTGAT-1,0.034663,0.043869,0.035513,0.885955
AGGGCGTGATCGGCTA-1,0.000063,0.020453,0.034043,0.945441
AGGGCTGCAGTTACAG-1,0.000012,0.045429,0.440674,0.513885
AGGGTCAGAGCACTCG-1,0.000021,0.000042,0.349891,0.650047
AGGGTCAGTAACCCTA-1,0.017682,0.000165,0.566694,0.415459
AGGGTCGATGCGAACT-1,0.006134,0.092173,0.147405,0.754288
AGGGTCTGGACGCAGT-1,0.00007,0.909775,0.000417,0.089738
AGGGTGCCGTTCTTTA-1,0.006387,0.000057,0.243804,0.749753
AGGGTGCTCTCGAGGG-1,0.000024,0.000048,0.501127,0.498801
AGGGTGGATAGTGCAT-1,0.000024,0.001031,0.590446,0.4085
AGGGTTCAGACGGTCC-1,0.000039,0.000078,0.162838,0.837045
AGGGTTCCCTTTGGTT-1,0.000012,0.033794,0.812189,0.154005
AGGGTTTAGTTCGGGA-1,0.000013,0.062857,0.704809,0.23232
AGGTAACCTCCTATTC-1,0.101056,0.060573,0.515745,0.322626
AGGTACGATATTGCCA-1,0.000037,0.05939,0.194616,0.745957
AGGTAGATCGAGATAT-1,0.000018,0.000036,0.501246,0.4987
AGGTAGGTACAAAGCT-1,0.000017,0.000034,0.837978,0.16197
AGGTATAATTGATAGT-1,0.000021,0.028365,0.257784,0.71383
AGGTATGCGGACATTA-1,0.000016,0.016866,0.904442,0.078677
AGGTCAGGTGAGAGTG-1,0.000123,0.000247,0.00074,0.998891
AGGTCGCCTCCCAACA-1,0.000015,0.915879,0.084048,0.000058
AGGTCGCGGAGTTACT-1,0.018164,0.000091,0.111871,0.869875
AGGTGCACGTCCACAT-1,0.000024,0.61852,0.077393,0.304063
AGGTGGTGACCTTCGC-1,0.000038,0.093448,0.342648,0.563867
AGGTGTATCGCCATGA-1,0.000106,0.000212,0.176761,0.822921
AGGTGTTGCCGACCAC-1,0.002649,0.934624,0.062602,0.000126
AGGTTACACCATGCCG-1,0.025497,0.215092,0.184604,0.574808
AGGTTCTCCTTTCCGG-1,0.00336,0.061647,0.424342,0.51065
AGGTTGAGGCACGCTT-1,0.000016,0.047903,0.425094,0.526987
AGGTTTCACACACCTT-1,0.000028,0.040132,0.526928,0.432912
AGTAACTATAGCAGCC-1,0.000016,0.824111,0.063865,0.112008
AGTAATCTAAGGGTGG-1,0.000032,0.055527,0.341013,0.603428
AGTAATGTCTTGCCGC-1,0.000014,0.000029,0.999899,0.000057
