Barcode,Topic 1,Topic 2,Topic 3to4,Topic 5to10
AAACAACGAATAGTTC-1,0.073598,0.000006,0.000197,0.926199
AAACAAGTATCTCCCA-1,0.00002,0.00002,0.168851,0.83111
AAACAATCTACTAGCA-1,0.00003,0.024634,0.526069,0.449266
AAACACCAATAACTGC-1,0.016003,0.012162,0.252393,0.719443
AAACAGAGCGACTCCT-1,0.000047,0.000047,0.66414,0.335767
AAACAGCTTTCAGAAG-1,0.000032,0.17112,0.573226,0.255622
AAACAGGGTCTATATT-1,0.030073,0.075556,0.502247,0.392124
AAACAGTGTTCCTGGG-1,0.334179,0.416314,0.247742,0.001765
AAACATGGTGAGAGGA-1,0.058945,0.045929,0.419918,0.475208
AAACATTTCCCGGATT-1,0.003839,0.019705,0.455321,0.521136
AAACCACTACACAGAT-1,0.000476,0.000011,0.000021,0.999491
AAACCCGAACGAAATC-1,0.164605,0.000039,0.761693,0.073664
AAACCGGAAATGTTAA-1,0.011748,0.000015,0.118816,0.869421
AAACCGGGTAGGTACC-1,0.012663,0.704458,0.271369,0.01151
AAACCGTTCGTCCAGG-1,0.264616,0.291462,0.065999,0.377923
AAACCTAAGCAGCCGG-1,0.000056,0.03462,0.582269,0.383055
AAACCTCATGAAGTTG-1,0.271131,0.081324,0.00947,0.638076
AAACGAAGAACATACC-1,0.000032,0.019703,0.833812,0.146453
AAACGAAGATGGAGTA-1,0.01182,0.084572,0.19922,0.704388
AAACGACAGTCTTGCC-1,0.001676,0.031253,0.581705,0.385366
AAACGAGACGGTTGAT-1,0.002884,0.11784,0.256214,0.623063
AAACGCCCGAGATCGG-1,0.02456,0.000106,0.974698,0.000636
AAACGCTGGGCACGAC-1,0.000011,0.000011,0.073929,0.92605
AAACGGGCGTACGGGT-1,0.066639,0.000021,0.351504,0.581836
AAACGGGTTGGTATCC-1,0.272072,0.000019,0.228608,0.499302
AAACGGTTGCGAACTG-1,0.14534,0.134524,0.29329,0.426846
AAACGTGTTCGCCCTA-1,0.000016,0.000016,0.099051,0.900917
AAACTAACGTGGCGAC-1,0.000086,0.000086,0.910762,0.089066
AAACTCGGTTCGCAAT-1,0.051211,0.001243,0.446352,0.501194
AAACTCGTGATATAAG-1,0.000062,0.031235,0.968328,0.000374
AAACTGCTGGCTCCAA-1,0.058606,0.119826,0.606758,0.21481
AAACTTAATTGCACGC-1,0.061456,0.003886,0.322559,0.612099
AAACTTGCAAACGTAT-1,0.000024,0.210956,0.318576,0.470444
AAAGAATGACCTTAGA-1,0.019405,0.00001,0.228716,0.751868
AAAGAATGTGGACTAA-1,0.000024,0.000024,0.518759,0.481194
AAAGACATGAAGTTTA-1,0.038834,0.155615,0.80527,0.000281
AAAGACCCAAGTCGCG-1,0.00001,0.021664,0.006208,0.972117
AAAGACTGGGCGCTTT-1,0.000007,0.000007,0.000015,0.999971
AAAGCTTGCCTACATA-1,0.028675,0.033425,0.086607,0.851293
AAAGGCCCTATAATAC-1,0.079426,0.202945,0.159653,0.557976
AAAGGCTACGGACCAT-1,0.000046,0.169593,0.713618,0.116743
AAAGGCTCTCGCGCCG-1,0.065957,0.000022,0.185693,0.748328
AAAGGGATGTAGCAAG-1,0.000033,0.042132,0.29279,0.665045
AAAGGGCAGCTTGAAT-1,0.001585,0.066566,0.043571,0.888278
AAAGGTAAGCTGTACC-1,0.117911,0.018412,0.863041,0.000636
AAAGGTCAACGACATG-1,0.116426,0.000041,0.365755,0.517779
AAAGTAGCATTGCTCA-1,0.000047,0.325967,0.358544,0.315443
AAAGTCACTGATGTAA-1,0.053602,0.166812,0.227787,0.551799
AAAGTCGACCCTCAGT-1,0.047545,0.016481,0.016078,0.919896
AAAGTGCCATCAATTA-1,0.000026,0.000026,0.325712,0.674236
AAAGTGTGATTTATCT-1,0.000049,0.000049,0.62018,0.379723
AAAGTTGACTCCCGTA-1,0.103788,0.000064,0.618805,0.277343
AAATAACCATACGGGA-1,0.000029,0.000029,0.452802,0.54714
AAATAAGGTAGTGCCC-1,0.092866,0.000046,0.900018,0.007069
AAATACCTATAAGCAT-1,0.020266,0.035856,0.212163,0.731715
AAATAGCTTAGACTTT-1,0.000062,0.144908,0.792492,0.062538
AAATAGGGTGCTATTG-1,0.000028,0.073287,0.493478,0.433207
AAATCACTCCTAAACG-1,0.000029,0.000029,0.310847,0.689095
AAATCCGATACACGCC-1,0.002285,0.041816,0.790141,0.165758
AAATCGCGGAAGGAGT-1,0.000013,0.021635,0.188113,0.790238
AAATCGTGTACCACAA-1,0.068151,0.282711,0.062661,0.586478
AAATCTAGCCCTGCTA-1,0.000034,0.008686,0.599139,0.392141
AAATCTGCCCGCGTCC-1,0.041486,0.000024,0.694746,0.263745
AAATGACTGATCAAAC-1,0.010327,0.085872,0.336547,0.567253
AAATGATTCGATCAGC-1,0.001094,0.032498,0.852025,0.114383
AAATGCTCGTTACGTT-1,0.000046,0.105459,0.594581,0.299914
AAATGGCATGTCTTGT-1,0.012164,0.035908,0.176236,0.775692
AAATGGCCCGTGCCCT-1,0.049916,0.005552,0.417048,0.527484
AAATGGTCAATGTGCC-1,0.009199,0.146797,0.11997,0.724035
AAATGTATCTTATCCC-1,0.000026,0.046871,0.401741,0.551362
AAATGTGGGTGCTCCT-1,0.000029,0.00912,0.605503,0.385348
AAATTAACGGGTAGCT-1,0.000025,0.090294,0.303092,0.606588
AAATTAATAAGCGCGA-1,0.034279,0.114679,0.568981,0.282061
AAATTACACGACTCTG-1,0.000021,0.000021,0.179589,0.820369
AAATTACCTATCGATG-1,0.000034,0.018384,0.407934,0.573647
AAATTCCAGGTCCAAA-1,0.034524,0.057872,0.737625,0.169979
AAATTGATAGTCCTTT-1,0.057418,0.859399,0.082742,0.000441
AAATTGCGGCGGTTCT-1,0.000013,0.029744,0.059788,0.910454
AAATTGGTGAGAAGCA-1,0.000036,0.000036,0.271451,0.728476
AAATTTACCGAAATCC-1,0.007376,0.004356,0.369562,0.618705
AAATTTGCGGGTGTGG-1,0.192632,0.779757,0.000048,0.027563
AACAACTGGTAGTTGC-1,0.213117,0.428882,0.177883,0.180118
AACAATACATTGTCGA-1,0.387523,0.552869,0.000032,0.059576
AACAATTACTCTACGC-1,0.171772,0.020768,0.301878,0.505582
AACACACGCTCGCCGC-1,0.00002,0.022149,0.143316,0.834514
AACACGACTGTACTGA-1,0.157636,0.069891,0.089342,0.683132
AACACGAGACGCGGCC-1,0.000033,0.228185,0.453396,0.318386
AACACGCGGCCGCGAA-1,0.045234,0.016543,0.22401,0.714212
AACAGCTGTGTGGCAA-1,0.14839,0.741871,0.107928,0.001812
AACAGGAAATCGAATA-1,0.025982,0.000025,0.280738,0.693255
AACAGGATGGGCCGCG-1,0.031014,0.074396,0.032192,0.862399
AACAGGTAGTATGGAT-1,0.05312,0.055033,0.283742,0.608105
AACATAGCGTGTATCG-1,0.070955,0.000011,0.217822,0.711212
AACATATCAACTGGTG-1,0.000037,0.000037,0.584948,0.414978
AACATCGATACGTCTA-1,0.404248,0.000048,0.479258,0.116446
AACATTGAAGTTGATC-1,0.017494,0.408276,0.416632,0.157599
AACATTGGTCAGCCGT-1,0.000023,0.028494,0.183484,0.787998
AACATTGTGACTCGAG-1,0.179967,0.179852,0.206093,0.434089
AACCAAGACTTCTCTG-1,0.154292,0.025984,0.010753,0.808972
AACCAGTATCACTCTT-1,0.000079,0.000079,0.900299,0.099542
AACCATAGGGTTGAAC-1,0.021935,0.020139,0.172553,0.785373
AACCATGGGATCGCTA-1,0.045237,0.20607,0.000905,0.747787
AACCCAGAGACGGAGA-1,0.013159,0.00092,0.020011,0.96591
AACCCATCCCATGATC-1,0.118545,0.000076,0.38775,0.49363
AACCCGACAACCCGTG-1,0.377549,0.395194,0.039687,0.18757
AACCCGAGCAGAATCG-1,0.12348,0.000057,0.802564,0.073899
AACCCGATAGGGCTTC-1,0.000021,0.000021,0.098336,0.901622
AACCCGCTGTATTCCA-1,0.073511,0.000011,0.044471,0.882007
AACCCTACTGTCAATA-1,0.000021,0.004446,0.20111,0.794423
AACCCTGGTGGAACCA-1,0.008798,0.000021,0.315686,0.675494
AACCGAGCTTGGTCAT-1,0.000029,0.076224,0.356162,0.567585
AACCGCTAAGGGATGC-1,0.004543,0.000014,0.051361,0.944082
AACCGTTGTGTTTGCT-1,0.074041,0.044236,0.309558,0.572165
AACCTAAAGCCGTCCG-1,0.000018,0.000018,0.225257,0.774706
AACCTCGCTTTAGCCC-1,0.000029,0.023901,0.488423,0.487647
AACCTGTCACGGAATT-1,0.000044,0.019234,0.881964,0.098758
AACCTTTAAATACGGT-1,0.034657,0.177414,0.222357,0.565573
AACCTTTACGACGTCT-1,0.000027,0.000027,0.104039,0.895907
AACGAAAGTCGTCCCA-1,0.014835,0.000019,0.517811,0.467336
AACGACCTCCTAGCCG-1,0.039926,0.005286,0.882852,0.071935
AACGATAATGCCGTAG-1,0.000031,0.051071,0.525671,0.423227
AACGATAGAAGGGCCG-1,0.000033,0.126235,0.502976,0.370756
AACGATATGTCAACTG-1,0.025939,0.005777,0.02255,0.945735
AACGCATGATCTGGGT-1,0.000075,0.102994,0.87382,0.023111
AACGCGAACGGCAACA-1,0.227798,0.118498,0.218416,0.435287
AACGCGACCTTGGGCG-1,0.3651,0.146598,0.280513,0.207789
AACGCGGTCTCCAGCC-1,0.007208,0.012952,0.071061,0.90878
AACGCTGTTGCTGAAA-1,0.01906,0.099827,0.415425,0.465688
AACGGACGTACGTATA-1,0.000048,0.080191,0.682662,0.237098
AACGGCCATCTCCGGT-1,0.175634,0.702572,0.059247,0.062548
AACGTACTGTGGGTAC-1,0.194742,0.804976,0.00007,0.000211
AACGTAGTCTACCCAT-1,0.133449,0.000027,0.141327,0.725197
AACGTCAGACTAGTGG-1,0.000039,0.171703,0.285867,0.542391
AACGTCATCCGGCTTG-1,0.000014,0.057648,0.280706,0.661632
AACGTCGCTGCACTTC-1,0.237707,0.000043,0.656315,0.105935
AACGTGATGAAGGACA-1,0.000041,0.000041,0.341909,0.658009
AACGTGCGAAAGTCTC-1,0.000028,0.09231,0.341659,0.566003
AACGTTATCAGCACCT-1,0.026197,0.039312,0.177411,0.757079
AACGTTCTACCATTGT-1,0.000023,0.000023,0.78501,0.214944
AACTACCCGTTTGTCA-1,0.038254,0.064547,0.254598,0.642602
AACTAGCGTATCGCAC-1,0.042841,0.057367,0.476721,0.423071
AACTAGGCTTGGGTGT-1,0.000035,0.078533,0.406161,0.515271
AACTCAAGTTAATTGC-1,0.026067,0.698941,0.009309,0.265683
AACTCCAGAGCGTGTT-1,0.000043,0.019223,0.723565,0.257169
AACTCCTAATCCCATG-1,0.000019,0.000019,0.103043,0.896919
AACTCGATAAACACGT-1,0.000017,0.009234,0.299194,0.691555
AACTCGATGGCGCAGT-1,0.000036,0.129399,0.449595,0.42097
AACTCTCAATAGAGCG-1,0.000057,0.000361,0.686452,0.313129
AACTCTCAGTGTGCTC-1,0.141256,0.596584,0.137015,0.125145
AACTGAGGTCAGCGTC-1,0.000086,0.000086,0.792916,0.206911
AACTGAGTTATACTGA-1,0.000049,0.000049,0.609923,0.389979
AACTGATATTAGGCCT-1,0.055409,0.016867,0.119487,0.808236
AACTGGGTCCCGACGT-1,0.000031,0.105379,0.424543,0.470047
AACTGGGTTCGAGCCG-1,0.004047,0.000103,0.331848,0.664002
AACTGGTGTGGGCCTT-1,0.000013,0.000175,0.048671,0.95114
AACTTCTGCGTCTATC-1,0.172037,0.224552,0.247388,0.356023
AACTTGCCCGTATGCA-1,0.000055,0.128787,0.609011,0.262147
AACTTGCGTTCTCGCG-1,0.004291,0.057757,0.054035,0.883917
AACTTTACGGGAGCTT-1,0.000032,0.1028,0.49259,0.404578
AACTTTAGCTGCTGAG-1,0.000021,0.000548,0.198911,0.800519
AACTTTCTCGATCATG-1,0.032751,0.006897,0.000024,0.960328
AAGAAAGTTTGATGGG-1,0.086933,0.000019,0.49834,0.414707
AAGAAATCACCAGATT-1,0.014859,0.000017,0.255845,0.729278
AAGAAGGATCAGTTAG-1,0.000052,0.149884,0.5922,0.257864
AAGACATACGTGGTTT-1,0.324341,0.000067,0.271859,0.403733
AAGACCAAATAACTCA-1,0.002696,0.058272,0.195865,0.743167
AAGACCCAACTGAACA-1,0.00192,0.203629,0.234665,0.559786
AAGACTAACCCGTTGT-1,0.044347,0.08429,0.031553,0.83981
AAGACTCACGCCCACT-1,0.1486,0.036925,0.571324,0.243152
AAGACTGCAAGCTACT-1,0.017553,0.003695,0.254204,0.724547
AAGAGATGAATCGGTA-1,0.025096,0.283337,0.140546,0.551022
AAGAGCTCTTTATCGG-1,0.000035,0.022474,0.263678,0.713813
AAGAGGATGTACGCGA-1,0.020973,0.400315,0.054505,0.524207
AAGAGGCATGGATCGC-1,0.00002,0.016156,0.262623,0.721201
AAGAGGCCCTTTGGAA-1,0.16393,0.004693,0.772283,0.059094
AAGATGGCACCGGACC-1,0.349261,0.442745,0.100438,0.107556
AAGATTGGCGGAACGT-1,0.00003,0.00003,0.514085,0.485854
AAGCACCCTGCGTATC-1,0.000017,0.000036,0.267349,0.732598
AAGCATACTCTCCTGA-1,0.032396,0.00267,0.092571,0.872363
AAGCCACTTGCAGGTA-1,0.713361,0.280754,0.005804,0.000082
AAGCCGAAGCGGTTTA-1,0.000052,0.027557,0.680703,0.291688
AAGCCGCCGTGAAATC-1,0.015849,0.12846,0.170937,0.684754
AAGCCGCTTTACCTTG-1,0.038578,0.000022,0.220752,0.740648
AAGCCGGAGAGCAGGA-1,0.005892,0.000023,0.238061,0.756024
AAGCGCAGGGCTTTGA-1,0.000025,0.01366,0.424182,0.562133
AAGCGGAGTGCGCGCA-1,0.00003,0.00003,0.626269,0.373671
AAGCGGCGTCATGGGT-1,0.000077,0.000451,0.999008,0.000463
AAGCGTCCCTCATCGA-1,0.398378,0.546639,0.024819,0.030164
AAGCTAGATCGAGTAA-1,0.043811,0.078649,0.320902,0.556638
AAGCTATGGATTGACC-1,0.238155,0.000714,0.378819,0.382311
AAGCTCGTGCCAAGTC-1,0.000047,0.137087,0.396834,0.466032
AAGCTCTTTCATGGTG-1,0.000026,0.029919,0.205265,0.76479
AAGGAGAACTTATAAG-1,0.000024,0.000024,0.344609,0.655343
AAGGAGCGGTTGGTGC-1,0.003956,0.067489,0.013887,0.914669
AAGGATCGATCGCTTG-1,0.000071,0.063562,0.719259,0.217108
AAGGATGAGGGACCTC-1,0.023315,0.000022,0.102527,0.874136
AAGGCAGGCTGTCTCC-1,0.007162,0.081116,0.910195,0.001526
AAGGCGCGTAAAGCTT-1,0.116711,0.218524,0.002163,0.662602
AAGGCTGTGCTCATCG-1,0.000054,0.73642,0.111525,0.152001
AAGGGAACGACTGGCT-1,0.033714,0.048845,0.33331,0.584132
AAGGGACAGATTCTGT-1,0.000041,0.057175,0.612437,0.330347
AAGGGACTATGCATTC-1,0.145137,0.506902,0.213108,0.134853
AAGGGTTAGCCATGCG-1,0.01996,0.000025,0.329085,0.65093
AAGGGTTTGATTTCAG-1,0.006341,0.000018,0.4078,0.585841
AAGGTATCCTAATATA-1,0.009904,0.03286,0.070342,0.886894
AAGGTGATAAACCAGC-1,0.000026,0.014436,0.347958,0.63758
AAGTAAGCTTCCAAAC-1,0.000011,0.02411,0.168094,0.807785
AAGTAGAAGACCGGGT-1,0.014348,0.065109,0.025213,0.895331
AAGTAGTGACGCGAGG-1,0.092776,0.313059,0.000043,0.594122
AAGTCAATTGTCGTCA-1,0.000019,0.000019,0.063454,0.936508
AAGTCTAGTAGCTGCC-1,0.000028,0.000028,0.394077,0.605866
AAGTCTTCTGTGGCCT-1,0.04536,0.268953,0.257077,0.428609
AAGTGACGACCGAATT-1,0.000016,0.079912,0.038894,0.881179
AAGTGAGTCGGGTTTA-1,0.000046,0.499217,0.245357,0.25538
AAGTGCAAAGGTAGAC-1,0.1248,0.056173,0.144433,0.674594
AAGTGCCTTGACTGTA-1,0.000038,0.031496,0.439399,0.529067
AAGTGCGTTAGAATCT-1,0.000076,0.511346,0.488125,0.000453
AAGTGCTTCTCTATTG-1,0.587802,0.41188,0.000079,0.000238
AAGTGTTTGGAGACGG-1,0.000024,0.054504,0.303468,0.642004
AAGTTCACTCCAAGCT-1,0.100178,0.000018,0.05408,0.845725
AAGTTCAGTCTGCGTA-1,0.006033,0.287983,0.593596,0.112388
AAGTTCGGCCAACAGG-1,0.314301,0.469285,0.01294,0.203474
AAGTTGTGATGTTATA-1,0.000024,0.000024,0.356078,0.643873
AAGTTTACTAATGGCA-1,0.000042,0.005324,0.749757,0.244877
AAGTTTATGGGCCCAA-1,0.149432,0.000014,0.152159,0.698395
AATAACAACGCTCGGC-1,0.042269,0.193933,0.025759,0.738039
AATAACACTAGAACAA-1,0.138402,0.861349,0.000062,0.000187
AATAACGTCGCGCCCA-1,0.113783,0.033476,0.774299,0.078443
AATAAGTCCTCGAGAC-1,0.000021,0.000021,0.385757,0.614202
AATAATCTTCGTATCG-1,0.039945,0.000048,0.872326,0.087681
AATACAATGTTTCAGG-1,0.000045,0.086683,0.621007,0.292265
AATACCGGAGGGCTGT-1,0.659024,0.288128,0.0527,0.000148
AATACCTGATGTGAAC-1,0.060007,0.002335,0.314241,0.623417
AATAGAACAGAGTGGC-1,0.091028,0.452778,0.014933,0.441261
AATAGAATCTGTTTCA-1,0.000021,0.000021,0.166726,0.833232
AATAGCAAGCCTCCTG-1,0.000072,0.000072,0.563855,0.436001
AATAGCTACCGCGTGC-1,0.000067,0.082021,0.902825,0.015088
AATAGGCACGACCCTT-1,0.734773,0.265105,0.00003,0.000091
AATAGTCCGTCCCGAC-1,0.066564,0.131121,0.321884,0.480431
AATAGTCGCGAGTCGG-1,0.000026,0.054938,0.322262,0.622774
AATATCAAGGTCGGAT-1,0.000079,0.10029,0.477938,0.421693
AATATCCTAGCAAACT-1,0.000015,0.032039,0.312693,0.655254
AATATCGAATCAATGC-1,0.00005,0.071547,0.8989,0.029503
AATATCGAGGGTTCTC-1,0.000039,0.000039,0.341197,0.658726
AATATTGGAGTATTGA-1,0.000028,0.05913,0.183306,0.757537
AATCAGACTGCAGGAC-1,0.000028,0.000028,0.259118,0.740827
AATCAGGTTTCATTTA-1,0.566124,0.306715,0.126803,0.000358
AATCATGTAAAGACTC-1,0.000042,0.022703,0.81014,0.167115
AATCCAAGGGCCTGAG-1,0.000018,0.18785,0.127287,0.684845
AATCCATGCAAGGGTG-1,0.000023,0.058455,0.188295,0.753227
AATCCCGCTCAGAGCC-1,0.162657,0.000027,0.494113,0.343203
AATCGAGGTCTCAAGG-1,0.015725,0.002613,0.469428,0.512234
AATCGCCTCAGCGCCA-1,0.004962,0.10132,0.235318,0.6584
AATCGCGCAGAGGACT-1,0.024228,0.053883,0.300484,0.621405
AATCGGGACACTACGA-1,0.000032,0.048119,0.458537,0.493312
AATCGGTATAGCCCTC-1,0.043312,0.000115,0.759671,0.196902
AATCGTGAGCCGAGCA-1,0.027864,0.005773,0.553453,0.41291
AATCTAGGTTTACTTG-1,0.046681,0.048527,0.186595,0.718197
AATCTATGCCGGAGCC-1,0.642034,0.000153,0.077507,0.280306
AATCTCTACTGTGGTT-1,0.000038,0.086148,0.560633,0.35318
AATCTGCGTTGGGACG-1,0.000034,0.024909,0.487704,0.487352
AATCTGGCTTTCTAGT-1,0.047999,0.004545,0.17725,0.770205
AATCTGGGTAGACCCT-1,0.06387,0.000072,0.662426,0.273632
AATGACAGCAATGTCT-1,0.000062,0.685573,0.250213,0.064151
AATGACGTAGGATGTC-1,0.031592,0.017251,0.018742,0.932415
AATGACTGTCAGCCGG-1,0.065269,0.230308,0.010722,0.693702
AATGAGTTCGCATATG-1,0.00004,0.029504,0.396463,0.573993
AATGATGATACGCTAT-1,0.000053,0.000053,0.654236,0.345658
AATGATGCGACTCCTG-1,0.000065,0.00153,0.829622,0.168783
AATGCAACCGGGTACC-1,0.012043,0.066417,0.376597,0.544943
AATGCACCAAGCAATG-1,0.000021,0.000021,0.108205,0.891752
AATGGCCGCCAATGCG-1,0.025723,0.000019,0.125868,0.84839
AATGGTCCACCGTTCA-1,0.000023,0.025361,0.258213,0.716403
AATGGTTCTCACAAGC-1,0.000051,0.133817,0.436851,0.429281
AATGTATGGCACTGTA-1,0.01104,0.041572,0.279983,0.667405
AATGTGCCCGAGGTGT-1,0.111094,0.528346,0.360132,0.000429
AATGTGCTAATCTGAG-1,0.440806,0.559025,0.000042,0.000127
AATGTTAAGACCCTGA-1,0.027406,0.086277,0.368394,0.517923
AATGTTGTCGTGAGAC-1,0.019041,0.011995,0.724215,0.244749
AATTAAAGGTCGGCGT-1,0.076731,0.369101,0.100704,0.453464
AATTAACGGATTTCCA-1,0.012806,0.045502,0.605725,0.335967
AATTACGAGACCCATC-1,0.013941,0.052057,0.146003,0.787999
AATTACTCGTACGCTC-1,0.004238,0.032328,0.155865,0.807569
AATTAGCGCTGCAGCG-1,0.030979,0.140001,0.339195,0.489825
AATTATACCCAGCAAG-1,0.060831,0.000015,0.39247,0.546684
AATTCATAAGGGATCT-1,0.000049,0.044822,0.48246,0.472669
AATTCATTGTCATGCA-1,0.062269,0.093886,0.273102,0.570742
AATTCCAACTTGGTGA-1,0.018524,0.000327,0.246911,0.734238
AATTCCAAGCATGTAC-1,0.000044,0.057097,0.506745,0.436114
AATTCGATTCGAGGAT-1,0.008918,0.039679,0.572937,0.378467
AATTCTAGAGTTAGGC-1,0.000017,0.007769,0.061608,0.930606
AATTGAACGCTCTGGT-1,0.000023,0.002725,0.417637,0.579615
AATTGCAGCAATCGAC-1,0.000019,0.006299,0.18605,0.807633
AATTGCGTGGATTACA-1,0.056308,0.025229,0.65824,0.260223
AATTGTGGTTGCCAAA-1,0.135787,0.000025,0.863714,0.000473
AATTTGGGACATAGTA-1,0.000051,0.000051,0.514706,0.485191
AATTTGGTTCCAAAGA-1,0.000033,0.034888,0.421838,0.543241
ACAAACCATGCGTCCT-1,0.100925,0.097783,0.355934,0.445357
ACAAACCGACAAGGCG-1,0.000008,0.000008,0.001155,0.998829
ACAAACTCCATCAGAG-1,0.789726,0.21014,0.000033,0.0001
ACAAAGAAGGTAGGCC-1,0.000013,0.013398,0.278335,0.708253
ACAAAGCATGACCTAG-1,0.000012,0.010796,0.122984,0.866209
ACAAATCGCACCGAAT-1,0.012666,0.202087,0.418967,0.36628
ACAAATGGTAGTGTTT-1,0.064894,0.002475,0.333556,0.599075
ACAAATTCAGATCTGA-1,0.095232,0.013656,0.540921,0.35019
ACAACAGCATGAGCTA-1,0.002363,0.03082,0.152239,0.814578
ACAACGGTCCCTGCGA-1,0.054343,0.002356,0.007615,0.935687
ACAAGCAGTGCCTAGC-1,0.015265,0.382559,0.453794,0.148382
ACAAGCTATATGGAAG-1,0.000021,0.110923,0.457082,0.431974
ACAAGGAAATCCGCCC-1,0.001453,0.000066,0.050023,0.948458
ACAAGGACAAGAGGTT-1,0.012736,0.262114,0.058757,0.666392
ACAAGGATGCTTTAGG-1,0.044971,0.000016,0.060651,0.894362
ACAAGGCCTACCAGCC-1,0.162942,0.000028,0.328784,0.508245
ACAAGGGCAGGCTCTG-1,0.032364,0.005233,0.355301,0.607103
ACAAGTAATTGTAAGG-1,0.412191,0.293082,0.102528,0.1922
ACAATAGTCGTACGTT-1,0.006244,0.032879,0.102804,0.858073
ACAATCCATTTAAACC-1,0.008568,0.344103,0.12162,0.525709
ACAATCGATCTTTATA-1,0.000032,0.020773,0.48109,0.498104
ACAATGAATACGGAGA-1,0.170327,0.729383,0.000194,0.100095
ACAATGATTCTTCTAC-1,0.210377,0.000029,0.066056,0.723538
ACAATTGTGTCTCTTT-1,0.000039,0.000039,0.538764,0.461158
ACAATTTAGGAGGCTC-1,0.081096,0.275556,0.279107,0.364241
ACAATTTGAGCAGTGG-1,0.00024,0.000023,0.293181,0.706557
ACAATTTGGCCATATT-1,0.000048,0.098811,0.336661,0.564479
ACACAAAGACGGGTGG-1,0.000017,0.056006,0.159375,0.784602
ACACAAATATTCCTAG-1,0.032656,0.00002,0.298229,0.669095
ACACACCAGGACCAGT-1,0.000038,0.013714,0.51283,0.473417
ACACACTTTCTACACG-1,0.077472,0.098471,0.05858,0.765477
ACACATGATCAAATCT-1,0.000036,0.135692,0.6742,0.190072
ACACATTGACGCAACA-1,0.021909,0.039287,0.057679,0.881125
ACACATTTCCGTAGAC-1,0.067419,0.071217,0.659448,0.201916
ACACCACATAATTAGC-1,0.164309,0.000037,0.719127,0.116528
ACACCCAGCATGCAGC-1,0.000067,0.164853,0.752947,0.082133
ACACCCGAGAAATCCG-1,0.00004,0.185684,0.56133,0.252946
ACACCCGTAAATCTGT-1,0.006548,0.013479,0.450385,0.529588
ACACCGAGCGCTCTTT-1,0.000014,0.000014,0.112785,0.887187
ACACCGGTCTGACCGC-1,0.091303,0.013837,0.034727,0.860133
ACACCTTAAGTAGGGC-1,0.092635,0.201023,0.109467,0.596875
ACACCTTACTACTTGC-1,0.232514,0.000067,0.295577,0.471841
ACACGAGACTCCTTCT-1,0.0199,0.078843,0.057316,0.843941
ACACGGCACTATGCAT-1,0.000026,0.0071,0.359672,0.633201
ACACGGGAACTTAGGG-1,0.077937,0.181986,0.091105,0.648973
ACACGTAGGCCACAAG-1,0.061381,0.000044,0.82984,0.108735
ACACTCCAATGTCACT-1,0.004882,0.159912,0.164741,0.670465
ACACTGATCAAGGTGT-1,0.213741,0.622737,0.048533,0.114989
ACAGAACTGAGAACAA-1,0.121165,0.217449,0.511018,0.150368
ACAGATTAGGTTAGTG-1,0.000055,0.017243,0.764503,0.218199
ACAGCATAGAGCCAGT-1,0.012149,0.000008,0.000017,0.987825
ACAGCGACATTCTCAT-1,0.000032,0.000032,0.384732,0.615204
ACAGCGCACCCGCAGC-1,0.000053,0.035973,0.849798,0.114176
ACAGGAGGCGCAGCCG-1,0.000023,0.021823,0.49934,0.478814
ACAGGCACGGATCCTT-1,0.008132,0.000028,0.670554,0.321286
ACAGGCTTGCCCGACT-1,0.000032,0.03204,0.50394,0.463988
ACAGGTGGAGGTGAGG-1,0.225373,0.774392,0.000059,0.000177
ACAGGTGTGTTGTTGC-1,0.000028,0.100356,0.515072,0.384544
ACAGTAATACAACTTG-1,0.105655,0.111819,0.445413,0.337113
ACAGTATACCGTGGGA-1,0.015195,0.00004,0.305868,0.678897
ACAGTGCAGCGCATTT-1,0.000034,0.000034,0.24188,0.758053
ACATAAGTCGTGGTGA-1,0.057247,0.070087,0.104502,0.768165
ACATAATAAGGCGGTG-1,0.003374,0.002958,0.135299,0.858369
ACATACAATCAAGCGG-1,0.079308,0.002498,0.139566,0.778628
ACATCAGCTGGGACGC-1,0.001344,0.102287,0.04137,0.854999
ACATCCCGGCCATACG-1,0.026285,0.014943,0.124775,0.833997
ACATCCTGGTAACTGT-1,0.001396,0.00667,0.386481,0.605453
ACATCGATCGTTTACC-1,0.000041,0.075342,0.392996,0.531621
ACATCGCAATATTCGG-1,0.622912,0.335448,0.007338,0.034303
ACATCGGTCAGCCGCG-1,0.168644,0.744894,0.032351,0.054111
ACATCGTATGCAATGG-1,0.027201,0.000012,0.003568,0.969219
ACATCGTTAACCTAGT-1,0.000034,0.000034,0.301023,0.69891
ACATCTCAACGCGTAA-1,0.045548,0.006004,0.444508,0.50394
ACATGCTTACGGCAGC-1,0.074231,0.030113,0.135565,0.760091
ACATGGCGCCAAAGTA-1,0.000034,0.000034,0.456114,0.543819
ACATGGCTCAATTTAG-1,0.001946,0.020568,0.127452,0.850034
ACATTAGTTTATATCC-1,0.000024,0.027927,0.20795,0.764099
ACATTCGCGCGGAATA-1,0.688347,0.311474,0.000045,0.000134
ACATTTGAAACCTAAC-1,0.001586,0.012489,0.731655,0.254269
ACCAAACACCCAGCGA-1,0.045514,0.000024,0.112625,0.841837
ACCAAACTAGAAATCC-1,0.052803,0.000017,0.161462,0.785718
ACCAACACCACACACT-1,0.000092,0.053484,0.854608,0.091816
ACCAACCGCACTCCAC-1,0.039446,0.00002,0.497722,0.462811
ACCAACGCTTATTTAT-1,0.11732,0.273311,0.037819,0.57155
ACCAAGAACGCGTGTC-1,0.000043,0.05132,0.551083,0.397554
ACCAAGTCATCGGCAG-1,0.000018,0.000018,0.213257,0.786708
ACCAATATGCAAGTTA-1,0.000017,0.037167,0.151465,0.81135
ACCACAACTCAGAACA-1,0.000048,0.000048,0.764174,0.23573
ACCACAAGTTTCTATC-1,0.000019,0.203476,0.074155,0.72235
ACCACACGGTTGATGG-1,0.057843,0.000018,0.353417,0.588721
ACCACCAATGTAACAA-1,0.000044,0.063843,0.731011,0.205101
ACCACCCTCTCTTCTA-1,0.000041,0.000041,0.339437,0.66048
ACCACGTGCAGCTATA-1,0.000027,0.008059,0.401885,0.590029
ACCACTGTTCAAGAAG-1,0.00003,0.183946,0.384007,0.432017
ACCAGACCATAACAAC-1,0.0846,0.125121,0.238578,0.551702
ACCAGCCCGGTCTTTG-1,0.000033,0.000033,0.470711,0.529223
ACCAGGAGTGTGATCT-1,0.233571,0.000021,0.000042,0.766367
ACCAGTGCCCGGTCAA-1,0.185815,0.000051,0.252026,0.562108
ACCAGTGCGGGAGACG-1,0.091818,0.038742,0.474312,0.395128
ACCATATCCGCAATAA-1,0.000034,0.031792,0.212668,0.755506
ACCATCCGCCAACTAG-1,0.016004,0.081927,0.050783,0.851286
ACCATCGTATATGGTA-1,0.046105,0.889349,0.000089,0.064457
ACCATTAAGGGTGTCA-1,0.000022,0.004292,0.296979,0.698707
ACCCAACGCCCGTGGC-1,0.000034,0.018525,0.594723,0.386717
ACCCACCTACATGCTC-1,0.031339,0.033801,0.160882,0.773978
ACCCATCTTGAGGGTA-1,0.051656,0.944796,0.003232,0.000315
ACCCATTTGTCCCTCT-1,0.036487,0.000033,0.278678,0.684803
ACCCGAGCGAAATTAC-1,0.295159,0.679429,0.025188,0.000224
ACCCGATTGGTTCCGA-1,0.409478,0.367584,0.222678,0.000259
ACCCGGAAACTCCCAG-1,0.000037,0.113413,0.573549,0.313001
ACCCGGAGCACCACAA-1,0.062149,0.000037,0.861956,0.075858
ACCCGGATGACGCATC-1,0.000024,0.000024,0.17319,0.826762
ACCCGGTTACACTTCC-1,0.346328,0.358513,0.01106,0.2841
ACCCGTAGCAGAGAAT-1,0.041106,0.014917,0.727284,0.216694
ACCCGTAGTCTAGTTG-1,0.213069,0.000227,0.728442,0.058262
ACCCGTGTCATCAGTA-1,0.032888,0.343986,0.575391,0.047735
ACCCTATAGGACTGAG-1,0.000021,0.079415,0.029396,0.891168
ACCCTATGCCATATCG-1,0.429921,0.51786,0.009149,0.04307
ACCCTCCCGTCAGGGC-1,0.002731,0.000014,0.202116,0.795138
ACCCTCCCTTGCTATT-1,0.000025,0.000025,0.254598,0.745351
ACCCTGGTAACGCCCT-1,0.04046,0.245939,0.570953,0.142649
ACCCTTCATCTGCGAA-1,0.000028,0.004198,0.339277,0.656498
ACCCTTGCCTGGGTCG-1,0.048051,0.000021,0.180283,0.771644
ACCCTTTAGTTCTCCA-1,0.000033,0.000033,0.315219,0.684715
ACCGAAAGGGCCCTGC-1,0.004426,0.00452,0.119021,0.872032
ACCGAAGAGTCTGGTT-1,0.057321,0.021382,0.314082,0.607215
ACCGACACATCTCCCA-1,0.046683,0.024619,0.635751,0.292947
ACCGACTGAGTCCCAC-1,0.000006,0.000006,0.000013,0.999975
ACCGAGTCTCCTTATT-1,0.104498,0.036824,0.238852,0.619827
ACCGATAGGCATAACC-1,0.124318,0.000038,0.874105,0.00154
ACCGATATTTAATCAT-1,0.000065,0.076921,0.922627,0.000388
ACCGATGGTAGCATCG-1,0.064123,0.023238,0.228116,0.684523
ACCGCAATAACTGCCT-1,0.019066,0.110246,0.079813,0.790874
ACCGCGGTGGAAGTCG-1,0.00007,0.023262,0.954343,0.022325
ACCGCTAGTCATTGGT-1,0.748938,0.196283,0.031449,0.02333
ACCGGGCCTTTGTTGA-1,0.000027,0.000027,0.240973,0.758972
ACCGGTCAGGTACACC-1,0.002736,0.164887,0.037736,0.794641
ACCGGTCTGAGTACGG-1,0.103422,0.000027,0.240954,0.655597
ACCGTCCACTGGGCCC-1,0.006715,0.043972,0.266362,0.682951
ACCGTGACCACGTGGG-1,0.534663,0.464337,0.000845,0.000154
ACCGTTCCCGCTCTGA-1,0.000012,0.000012,0.000025,0.999951
ACCTAAGTACCTTTCA-1,0.204923,0.30812,0.002819,0.484138
ACCTAATCGACTTCCT-1,0.034155,0.435471,0.177178,0.353196
ACCTACAGTATGTGGT-1,0.030891,0.069268,0.258113,0.641728
ACCTACTATAAATCTA-1,0.000026,0.110737,0.380864,0.508373
ACCTCAGCGAGGCGCA-1,0.040248,0.06243,0.488772,0.40855
ACCTCCGCCCTCGCTG-1,0.018432,0.000043,0.562061,0.419464
ACCTCCGTTATTCACC-1,0.166991,0.000116,0.353941,0.478953
ACCTCGAACTTATGCT-1,0.101765,0.020264,0.229753,0.648218
ACCTGCGTGTCATGTT-1,0.003455,0.090907,0.300207,0.605431
ACCTTTCCTTTAGAAG-1,0.000041,0.055586,0.7077,0.236673
ACGAAATGGGCGGCAC-1,0.075894,0.041794,0.00443,0.877883
ACGACCCATGAGTTGC-1,0.000038,0.000942,0.596872,0.402147
ACGACTCTAGGGCCGA-1,0.049005,0.001234,0.529377,0.420384
ACGACTGGTCATACTC-1,0.226233,0.662411,0.000044,0.111312
ACGAGAACCCATCACG-1,0.000023,0.121499,0.254213,0.624265
ACGAGATATTTGCTTA-1,0.000045,0.004065,0.514466,0.481425
ACGAGGATACCACTCT-1,0.000046,0.153454,0.585428,0.261072
ACGAGGTTTACAACGT-1,0.000014,0.000014,0.1444,0.855572
ACGAGTACGGATGCCC-1,0.000084,0.021337,0.94104,0.037539
ACGAGTCGCCGGCGTT-1,0.000748,0.043059,0.0574,0.898793
ACGATACATAGAACTA-1,0.015281,0.207955,0.468447,0.308317
ACGATACCTATCCTGA-1,0.005498,0.041697,0.129801,0.823004
ACGATCATACATAGAG-1,0.00002,0.000799,0.131038,0.868144
ACGATCATCTTGTAAA-1,0.011113,0.000027,0.166522,0.822338
ACGATGCATATGTTAT-1,0.293412,0.379341,0.065937,0.261311
ACGATGGATCCGATGC-1,0.26679,0.117378,0.439857,0.175976
ACGCAAACTAATAGAT-1,0.325703,0.506591,0.088882,0.078823
ACGCAATCACTACAGC-1,0.114827,0.000147,0.448656,0.436371
ACGCATAAATGACATG-1,0.032936,0.000084,0.594805,0.372174
ACGCATACGTTTACTA-1,0.00459,0.049294,0.363812,0.582304
ACGCATTCGTGAGTAC-1,0.000042,0.066689,0.429734,0.503535
ACGCCACTCGAAACAG-1,0.000943,0.011034,0.01129,0.976733
ACGCCAGATGATTTCT-1,0.000024,0.011731,0.036457,0.951788
ACGCCAGTGCGTTTGC-1,0.067499,0.000024,0.322852,0.609625
ACGCCCAGCTGTCGAT-1,0.013057,0.096808,0.565384,0.324751
ACGCCGCTAGACGACC-1,0.000018,0.105102,0.221597,0.673283
ACGCCTGACACGCGCT-1,0.00001,0.00001,0.122715,0.877265
ACGCGAAGTCAGACGA-1,0.003827,0.012062,0.095066,0.889046
ACGCGCTACACAGGGT-1,0.120357,0.551303,0.070067,0.258273
ACGCGGGCCAAGGACA-1,0.045528,0.00001,0.000021,0.954441
ACGCGTTTCTTAAGAG-1,0.000026,0.050235,0.360303,0.589436
ACGCTACTGAATGGGC-1,0.063964,0.000036,0.757129,0.178871
ACGCTAGTATCAGTGC-1,0.019468,0.000028,0.109719,0.870786
ACGCTAGTGATACACT-1,0.000049,0.000049,0.708407,0.291494
ACGCTGTGAGGCGTAG-1,0.000047,0.109723,0.545354,0.344876
ACGCTTAGTGTCTCTC-1,0.021468,0.000049,0.679403,0.299081
ACGGAACACGAGTGCC-1,0.054247,0.00002,0.57081,0.374923
ACGGAATTTAGCAAAT-1,0.000036,0.024394,0.30418,0.671391
ACGGACGCAGCGACAA-1,0.124851,0.067788,0.074299,0.733062
ACGGACTCTCAAAGCG-1,0.03706,0.03344,0.304212,0.625288
ACGGAGCGCAAATTAC-1,0.000099,0.013234,0.986074,0.000594
ACGGATGGTGCGGATA-1,0.000028,0.024681,0.388311,0.586979
ACGGCACTTGCTTGGG-1,0.041375,0.042219,0.234403,0.682002
ACGGCCAACATGGACT-1,0.00397,0.20741,0.200457,0.588162
ACGGCGACGATGGGAA-1,0.000025,0.076362,0.197447,0.726166
ACGGCGGGTTGCCCTG-1,0.000038,0.056692,0.371026,0.572244
ACGGCTGGATGTAGAA-1,0.03887,0.046813,0.121823,0.792494
ACGGGAGTGTCGGCCC-1,0.000034,0.170574,0.49422,0.335173
ACGGGCGTATGCGACA-1,0.000028,0.000028,0.238785,0.761159
ACGGGTCATGTGACTT-1,0.044607,0.202852,0.225179,0.527362
ACGGGTTGTGACCTGT-1,0.14789,0.00001,0.112726,0.739374
ACGGTACAGTTCAATG-1,0.00002,0.002754,0.529515,0.467711
ACGGTCACCGAGAACA-1,0.077268,0.000017,0.26355,0.659166
ACGTACAGATTTCTCT-1,0.004453,0.000875,0.095227,0.899445
ACGTACTTTGGCACGG-1,0.20449,0.795148,0.00009,0.000271
ACGTAGATTGCTGATG-1,0.000033,0.035682,0.192644,0.771642
ACGTAGGAGAGTCGCT-1,0.047461,0.034311,0.305628,0.6126
ACGTATTACTCCGATC-1,0.05998,0.000408,0.272353,0.667259
ACGTCCTAAACGAGAT-1,0.000019,0.039663,0.219018,0.7413
ACGTCGGGCAACTCGG-1,0.000017,0.016835,0.54592,0.437228
ACGTCTCGTTCCGGGA-1,0.022907,0.016651,0.000498,0.959944
ACGTGACAAAGTAAGT-1,0.016712,0.007218,0.485613,0.490457
ACGTGCGCCTCGTGCA-1,0.000031,0.0877,0.225485,0.686783
ACGTGGTCGAATGTGC-1,0.000021,0.000021,0.077593,0.922366
ACGTTAATGTCGAAGA-1,0.000024,0.19824,0.261668,0.540067
ACGTTAGATTTGCCCG-1,0.183556,0.625862,0.013172,0.17741
ACGTTATTGGTCACTC-1,0.000715,0.310312,0.446971,0.242001
ACGTTCACTATGCCGC-1,0.502146,0.36008,0.137648,0.000126
ACGTTCCGCGCTCCGT-1,0.053131,0.00409,0.126891,0.815888
ACGTTCGCAATCAATT-1,0.027975,0.039669,0.738493,0.193864
ACGTTCGTTCAGGAAA-1,0.309553,0.495375,0.152683,0.042389
ACGTTCTGTACAAGTC-1,0.006828,0.00002,0.494986,0.498165
ACGTTGTCGTTGAAAG-1,0.732911,0.199982,0.062097,0.00501
ACGTTTAGTTGTGATC-1,0.000028,0.078158,0.149068,0.772746
ACGTTTCGGTGCACTT-1,0.00139,0.00347,0.486788,0.508353
ACTAAGGACGCACACC-1,0.004541,0.000011,0.002716,0.992731
ACTAATACGTCAGGCG-1,0.045592,0.024135,0.671511,0.258762
ACTACAAAGAGAGGTG-1,0.417883,0.413458,0.168464,0.000195
ACTACATCCCGACAAG-1,0.002297,0.082674,0.557143,0.357886
ACTACCAGCTCTCTGG-1,0.00009,0.363079,0.447718,0.189112
ACTACCATCCGAGGGC-1,0.591458,0.408358,0.000046,0.000138
ACTACGCGTTAGAATT-1,0.053845,0.000015,0.039549,0.906591
ACTAGTTGCGATCGTC-1,0.000056,0.000056,0.647111,0.352777
ACTATATGCTGTGTTC-1,0.000062,0.090138,0.511432,0.398368
ACTATCCAGGGCATGG-1,0.000048,0.006686,0.774591,0.218674
ACTATCGCCGGCTAAA-1,0.000034,0.050547,0.624661,0.324758
ACTATCTGCCCGCGTA-1,0.255767,0.00008,0.63005,0.114103
ACTATGTCCAGCTGCC-1,0.052753,0.019633,0.210707,0.716907
ACTATTCGTCCGTGGT-1,0.000016,0.006657,0.194252,0.799075
ACTATTTCCGGGCCCA-1,0.25142,0.710053,0.038342,0.000186
ACTCAACGAATGTATT-1,0.071851,0.068058,0.030151,0.82994
ACTCAAGTGCAAGGCT-1,0.037734,0.049044,0.1981,0.715121
ACTCAATAAAGGCACG-1,0.008599,0.199807,0.397585,0.39401
ACTCAGACCTGCTTCT-1,0.000047,0.125581,0.510222,0.36415
ACTCATGGCAGCCTTC-1,0.204046,0.118609,0.300554,0.376791
ACTCCAATATCATCAT-1,0.236948,0.756813,0.000066,0.006173
ACTCCCATTCCTAAAG-1,0.08882,0.05745,0.618839,0.234891
ACTCCCGAATTCGTTT-1,0.000057,0.021062,0.703377,0.275504
ACTCCCGTAGACTAGG-1,0.000022,0.000022,0.076724,0.923231
ACTCCCTAATGCTAAA-1,0.059339,0.10591,0.174625,0.660126
ACTCCCTAGAATAGTA-1,0.005638,0.124256,0.349752,0.520354
ACTCCGGCCGACCACT-1,0.008331,0.029817,0.513866,0.447986
ACTCGATGTATTTCAT-1,0.03424,0.060886,0.176139,0.728735
ACTCGCCGTTCGATAA-1,0.013723,0.140839,0.78852,0.056918
ACTCGCGATCTGACGC-1,0.008051,0.000023,0.132816,0.85911
ACTCGTAACCCGTCCT-1,0.000039,0.311114,0.431414,0.257433
ACTCGTCAGTAATCCC-1,0.00002,0.049694,0.152231,0.798056
ACTCTAAACCTGGGAT-1,0.012383,0.008532,0.148786,0.830299
ACTCTCTGACTTAGGT-1,0.032134,0.001213,0.128302,0.838352
ACTCTCTTATACACGA-1,0.000026,0.000026,0.111361,0.888587
ACTCTGACCTAATAGA-1,0.000023,0.002283,0.676126,0.321568
ACTCTTCAGCTCCCGC-1,0.000039,0.000039,0.4531,0.546822
ACTCTTGTATAGTAAC-1,0.000046,0.124712,0.358073,0.517168
ACTGAAACGCCGTTAG-1,0.000024,0.017538,0.278769,0.703669
ACTGAATGGCGAAAGT-1,0.000025,0.000025,0.522974,0.476975
ACTGATTTAGTGATTC-1,0.090236,0.015651,0.721213,0.1729
ACTGCCCGCCATTCTC-1,0.603656,0.369087,0.02273,0.004528
ACTGCCGTCGTAACTC-1,0.000032,0.110407,0.260188,0.629373
ACTGCGGACACACCGT-1,0.000062,0.020361,0.870579,0.108998
ACTGCTCGGAAGGATG-1,0.048564,0.117568,0.047762,0.786106
ACTGGCGAACCTGCGT-1,0.039952,0.000029,0.542079,0.41794
ACTGGGATGCCAGTGC-1,0.087844,0.195764,0.328818,0.387573
ACTGTACGATACACAT-1,0.041929,0.000926,0.213081,0.744063
ACTGTAGCACTTTGGA-1,0.058658,0.214199,0.000041,0.727102
ACTGTATACGCGAGCA-1,0.000029,0.060689,0.091732,0.847551
ACTGTCCAGGATTATA-1,0.033175,0.191644,0.228227,0.546953
ACTGTCTTCTTTAGAA-1,0.033869,0.02243,0.245692,0.698009
ACTGTGCTAGTAGATC-1,0.080942,0.133376,0.000036,0.785646
ACTGTTTAGTGTAGGC-1,0.034765,0.241179,0.280046,0.444011
ACTTACCGGGCGCGCA-1,0.000082,0.000082,0.999345,0.000491
ACTTACGCATCCACGC-1,0.017856,0.0233,0.452377,0.506467
ACTTAGTACGACAAGA-1,0.000077,0.032219,0.014122,0.953582
ACTTATACTTACCCGG-1,0.000042,0.017264,0.724659,0.258036
ACTTATCTGATCTATA-1,0.235108,0.012757,0.123543,0.628592
ACTTATTAGGATCGGT-1,0.000074,0.587186,0.30405,0.10869
ACTTATTTATGTGCCA-1,0.000019,0.052367,0.092649,0.854965
ACTTCAGGCTGATCCC-1,0.000036,0.037942,0.419187,0.542835
ACTTCCAGTGGAAGCT-1,0.000554,0.039378,0.077328,0.88274
ACTTCCATGCGGGACA-1,0.023794,0.031014,0.187564,0.757629
ACTTCCTGTCGTGCGA-1,0.000017,0.000017,0.022082,0.977884
ACTTCGCCATACGCAC-1,0.000012,0.012196,0.009716,0.978075
ACTTCGCTAGCGAGTG-1,0.000051,0.008361,0.570268,0.421321
ACTTGACTCCCTCTTT-1,0.054012,0.01456,0.015059,0.916369
ACTTGCCATATTGTAC-1,0.00515,0.101594,0.136456,0.756801
ACTTGCTCTATCTACC-1,0.096998,0.0004,0.143524,0.759078
ACTTGGGACCCGGTGG-1,0.000052,0.276406,0.523843,0.199699
ACTTGGGCTTTCGCCA-1,0.016682,0.000004,0.000008,0.983307
ACTTGTAGTCCCTTCA-1,0.000026,0.023311,0.274443,0.70222
ACTTGTGGATGGAACG-1,0.000069,0.033118,0.957627,0.009186
ACTTGTTACCGGATCA-1,0.234381,0.000025,0.159278,0.606316
ACTTTACCCTCATGAA-1,0.000033,0.009116,0.654361,0.336491
ACTTTATACACCACTT-1,0.047697,0.001331,0.011545,0.939427
ACTTTCCTATAGCTTC-1,0.000018,0.000018,0.063524,0.936441
ACTTTGACTGCATCCT-1,0.052778,0.255301,0.192684,0.499237
ACTTTGGTCGTGCTCC-1,0.050643,0.064584,0.038357,0.846416
ACTTTGTCGACGCACT-1,0.000063,0.170221,0.829339,0.000377
AGAAATTATGACTCGC-1,0.044064,0.037079,0.56378,0.355077
AGAACACGGCGATGGT-1,0.056738,0.147725,0.392379,0.403158
AGAACCCAGCGTGACA-1,0.000033,0.000033,0.493611,0.506322
AGAACCCTCAATTGGG-1,0.027853,0.000006,0.000012,0.972129
AGAACGTGGTACATTC-1,0.000016,0.000016,0.145976,0.853991
AGAACTGTACTTTGTA-1,0.089951,0.000016,0.110081,0.799952
AGAAGAGCGCCGTTCC-1,0.000503,0.000503,0.251094,0.747901
AGAAGGTACACTTCAC-1,0.000029,0.107893,0.441476,0.450601
AGAAGGTTGCCGAATT-1,0.07679,0.662265,0.260525,0.00042
AGAAGGTTGTAGGTCG-1,0.015263,0.080253,0.453115,0.45137
AGAAGTGATTCGTGAT-1,0.316206,0.516932,0.071713,0.095149
AGAATAAATCTTCAGG-1,0.000038,0.116494,0.488729,0.39474
AGAATACAGGCTATCC-1,0.008254,0.000021,0.34652,0.645205
AGAATGCGGGTTCGGA-1,0.000071,0.068608,0.930895,0.000426
AGAATTATGGATTCGA-1,0.00004,0.00004,0.573212,0.426708
AGAATTGTTTGACATA-1,0.000026,0.003795,0.23094,0.765238
AGACAGCTCAGAATCC-1,0.00002,0.199884,0.169736,0.63036
AGACAGGCATCTCAGC-1,0.00003,0.00003,0.375599,0.624342
AGACATAGATCCTTCC-1,0.000034,0.079515,0.248714,0.671737
AGACCAAACCACACCT-1,0.072509,0.060164,0.13478,0.732548
AGACCATGGGATACAA-1,0.000029,0.150629,0.306218,0.543123
AGACCCACCGCTGATC-1,0.000022,0.001607,0.275997,0.722373
AGACCCGCCCTCCTCG-1,0.043909,0.055941,0.356788,0.543363
AGACCGCTCCGCGGTT-1,0.002854,0.17878,0.818,0.000365
AGACCGGGAAACCCTG-1,0.115041,0.114852,0.12451,0.645598
AGACGAAGTGCCGGTC-1,0.000055,0.002828,0.899837,0.09728
AGACGACGATGCCGCT-1,0.430984,0.290349,0.005219,0.273447
AGACGCCCACTTCGCC-1,0.051245,0.022282,0.859488,0.066985
AGACGGGATTGGTATA-1,0.000018,0.000018,0.083796,0.916168
AGACGGGCCGATTTAA-1,0.058857,0.000062,0.351735,0.589346
AGACTAGCCTTCCAGA-1,0.000046,0.749773,0.206234,0.043946
AGACTGTTACCGGGTC-1,0.45595,0.368321,0.110255,0.065474
AGAGAAACACCAGAAA-1,0.59025,0.409592,0.000039,0.000118
AGAGAACCGTCTAGGA-1,0.000027,0.000027,0.389388,0.610557
AGAGAAGGAGTACAAT-1,0.189712,0.810111,0.000044,0.000133
AGAGATCTCTAAAGCG-1,0.023945,0.134334,0.121477,0.720245
AGAGCAGTTATGAGAC-1,0.000026,0.117123,0.207124,0.675727
AGAGCCGCCGAGATTT-1,0.127429,0.000053,0.781899,0.090619
AGAGCGCTTGTAACGG-1,0.033475,0.000036,0.841098,0.12539
AGAGCGGGCTAATCAT-1,0.00005,0.07742,0.46087,0.461659
AGAGCGTACAAGCTCG-1,0.010546,0.260698,0.234666,0.49409
AGAGCTACGAAAGCAT-1,0.000034,0.121906,0.349711,0.528348
AGAGGCTTCGGAAACC-1,0.000016,0.000016,0.065973,0.933994
AGAGGGACAATTGTCC-1,0.000357,0.000026,0.186959,0.812658
AGAGGTATCTCGGTCC-1,0.000041,0.062641,0.389721,0.547597
AGAGTAAACTTCACTA-1,0.000066,0.000486,0.991673,0.007775
AGAGTATAGTGTTACG-1,0.054866,0.000027,0.059481,0.885626
AGAGTCTTAATGAAAG-1,0.037933,0.000012,0.164152,0.797903
AGAGTGAACAGACACC-1,0.000022,0.000022,0.066864,0.933093
AGAGTTAGAGACCGAT-1,0.000085,0.112533,0.886875,0.000507
AGAGTTGCAGGCCTCC-1,0.006056,0.02605,0.317208,0.650686
AGATAACTTCAGGGCC-1,0.079006,0.322532,0.004028,0.594434
AGATAATCACACCTAT-1,0.004445,0.028926,0.150456,0.816174
AGATACCAATAGAACC-1,0.024889,0.059503,0.807203,0.108405
AGATACCAGCACTTCA-1,0.000038,0.000038,0.475219,0.524706
AGATACCGGTGTTCAC-1,0.134642,0.67208,0.009596,0.183682
AGATACGACTTCATAT-1,0.000042,0.034743,0.366017,0.599198
AGATACTCAAGATCGA-1,0.000029,0.038955,0.28621,0.674805
AGATATAATACGACTA-1,0.000031,0.047151,0.627785,0.325033
AGATCGTGCATAAGAT-1,0.000032,0.000032,0.432558,0.567379
AGATCTCAGGTGTGAT-1,0.000014,0.000014,0.051838,0.948135
AGATCTGGAGAGGATA-1,0.051454,0.076176,0.358995,0.513376
AGATGACTCGCCCACG-1,0.000041,0.147762,0.433417,0.41878
AGATGAGGGTTGCGAT-1,0.000081,0.035444,0.963986,0.000489
AGATGATGGAGTCTGG-1,0.000052,0.068958,0.768434,0.162556
AGATGCAAGACGTGCA-1,0.130892,0.014319,0.146357,0.708432
AGATGCATCCTGTGTC-1,0.125546,0.033446,0.755039,0.085969
AGATGCTATAACGAGC-1,0.000036,0.080194,0.606379,0.313391
AGATTATAGGACGTTT-1,0.062319,0.164149,0.000033,0.773499
AGATTCAAGCGGGTCG-1,0.034933,0.000047,0.298997,0.666022
AGATTCACAACCGATA-1,0.018008,0.00002,0.301935,0.680037
AGCAAAGGCCGCTAGT-1,0.046157,0.131982,0.076069,0.745792
AGCAACATATCTTATT-1,0.000038,0.020858,0.514033,0.465071
AGCAACCGAAAGTAAT-1,0.008521,0.217463,0.213124,0.560892
AGCACACGTTTAGACT-1,0.797802,0.094538,0.096448,0.011212
AGCACCAGTACTCACG-1,0.000032,0.07351,0.2776,0.648858
AGCACTACCGGCCTGT-1,0.000024,0.192805,0.223141,0.584031
AGCACTACCTCACCAG-1,0.005763,0.000808,0.251981,0.741448
AGCACTTAAGGACGCC-1,0.000065,0.595586,0.380039,0.02431
AGCAGAAGGAGAAAGA-1,0.100075,0.005769,0.406521,0.487635
AGCAGCCAGATGAATA-1,0.000043,0.230515,0.471917,0.297525
AGCAGTCGAAGCATGC-1,0.000028,0.000028,0.792174,0.207769
AGCATATCAATATGCT-1,0.000035,0.000035,0.310904,0.689026
AGCATCATTTCGAAAG-1,0.051094,0.04932,0.295161,0.604425
AGCATCGTCGATAATT-1,0.005331,0.025776,0.043399,0.925494
AGCATTACGAGGCAAG-1,0.003581,0.00401,0.511604,0.480805
AGCCAAGCTTTGTGTC-1,0.000035,0.094944,0.460537,0.444483
AGCCACAGGTTACCCG-1,0.040622,0.002712,0.582691,0.373976
AGCCACTCCCGTGCTT-1,0.000028,0.016616,0.298426,0.68493
AGCCATATAGTATGTG-1,0.094602,0.000316,0.176783,0.728299
AGCCCATACATGTAAG-1,0.000059,0.227516,0.658335,0.11409
AGCCCGCAACAAGCAG-1,0.076181,0.138011,0.702814,0.082994
AGCCCGCACTACAATG-1,0.047259,0.000016,0.507036,0.445689
AGCCCGGCATTAGAGG-1,0.064461,0.537515,0.244105,0.153919
AGCCCGGTAGCCTGTA-1,0.460987,0.328851,0.045281,0.164882
AGCCCTAAGCGAAGTT-1,0.000023,0.000023,0.204812,0.795141
AGCCCTCCCTGGTGGC-1,0.540545,0.219494,0.237146,0.002815
AGCCCTGTCGCACCGT-1,0.000029,0.000029,0.304046,0.695897
AGCCCTTCTAATCCGA-1,0.000044,0.078829,0.789783,0.131343
AGCCCTTGGACATCCC-1,0.108112,0.004,0.653022,0.234866
AGCCGCAAATTCAAAT-1,0.000011,0.017415,0.140098,0.842476
AGCCGCTTGATTAGCG-1,0.000011,0.000011,0.028009,0.971968
AGCCGTGGCTAAATGT-1,0.000038,0.053975,0.637719,0.308269
AGCCTAATACCCACGT-1,0.032594,0.000023,0.333626,0.633758
AGCCTTAAAGCGGAAG-1,0.000041,0.146832,0.434592,0.418535
AGCCTTGTCACTGATA-1,0.037436,0.000022,0.688943,0.273599
AGCGACAGGAACGGTC-1,0.418593,0.581203,0.000051,0.000153
AGCGACATCCCATTCA-1,0.000053,0.112076,0.579491,0.30838
AGCGACCAACGATATT-1,0.039242,0.010105,0.158467,0.792186
AGCGACTTTGAAGACA-1,0.384536,0.615148,0.000079,0.000237
AGCGAGACGTGAAGGC-1,0.224668,0.06269,0.173447,0.539194
AGCGATGCGCCTAATA-1,0.000031,0.01223,0.739242,0.248498
AGCGCATAATGAATCG-1,0.036338,0.010974,0.029707,0.92298
AGCGCGGGTGCCAATG-1,0.000023,0.000023,0.218467,0.781486
