Barcode,Topic 1,Topic 2,Topic 3,Topic 4to7,Topic 8to11
AAACAAGTATCTCCCA-1,0.910878,0.01236,0.000013,0.076696,0.000053
AAACAATCTACTAGCA-1,0.046694,0.000037,0.300154,0.106619,0.546496
AAACACCAATAACTGC-1,0.116038,0.034294,0.309046,0.119288,0.421335
AAACAGAGCGACTCCT-1,0.000015,0.040577,0.012827,0.341902,0.604679
AAACAGCTTTCAGAAG-1,0.002247,0.007881,0.314969,0.262359,0.412544
AAACAGGGTCTATATT-1,0.00001,0.00001,0.144374,0.757889,0.097717
AAACATTTCCCGGATT-1,0.813848,0.026797,0.004064,0.086453,0.068838
AAACCACTACACAGAT-1,0.02582,0.000065,0.571299,0.076527,0.326289
AAACCCGAACGAAATC-1,0.725448,0.008389,0.177441,0.000103,0.08862
AAACCGGAAATGTTAA-1,0.999851,0.000015,0.000015,0.00006,0.00006
AAACCGGGTAGGTACC-1,0.000011,0.000058,0.006951,0.775562,0.217418
AAACCGTTCGTCCAGG-1,0.000007,0.004573,0.000007,0.965891,0.029521
AAACCTAAGCAGCCGG-1,0.317842,0.462245,0.087041,0.040299,0.092574
AAACCTCATGAAGTTG-1,0.000017,0.000017,0.0599,0.617612,0.322454
AAACGAAGAACATACC-1,0.003801,0.053867,0.398659,0.008953,0.53472
AAACGAAGATGGAGTA-1,0.006216,0.006394,0.402907,0.419582,0.164901
AAACGACAGTCTTGCC-1,0.086086,0.04921,0.689243,0.000256,0.175206
AAACGAGACGGTTGAT-1,0.000019,0.038377,0.004724,0.245747,0.711132
AAACGCCCGAGATCGG-1,0.029143,0.026249,0.159553,0.36854,0.416515
AAACGGGCGTACGGGT-1,0.787362,0.000171,0.069028,0.000101,0.143338
AAACGGGTTGGTATCC-1,0.00006,0.00006,0.428291,0.336481,0.235109
AAACGGTTGCGAACTG-1,0.001178,0.080441,0.012992,0.572179,0.33321
AAACGTGTTCGCCCTA-1,0.074935,0.016204,0.468828,0.218085,0.221948
AAACTAACGTGGCGAC-1,0.051791,0.01669,0.141023,0.462795,0.327702
AAACTCGGTTCGCAAT-1,0.091615,0.285185,0.027675,0.097614,0.497911
AAACTCGTGATATAAG-1,0.000015,0.000015,0.08157,0.755969,0.162431
AAACTGCTGGCTCCAA-1,0.138369,0.143889,0.070218,0.015043,0.632482
AAACTTAATTGCACGC-1,0.16721,0.000038,0.543796,0.025788,0.263169
AAACTTGCAAACGTAT-1,0.004875,0.000315,0.075295,0.371721,0.547793
AAAGACATGAAGTTTA-1,0.042684,0.000031,0.327777,0.000122,0.629386
AAAGACCCAAGTCGCG-1,0.000015,0.023963,0.000015,0.727781,0.248225
AAAGACTGGGCGCTTT-1,0.00001,0.00001,0.050811,0.735799,0.213371
AAAGCTTGCCTACATA-1,0.000019,0.000019,0.223568,0.130652,0.645742
AAAGGCCCTATAATAC-1,0.000017,0.007002,0.232637,0.655619,0.104725
AAAGGCTACGGACCAT-1,0.00116,0.067902,0.005795,0.431116,0.494028
AAAGGCTCTCGCGCCG-1,0.002428,0.002398,0.034452,0.064356,0.896366
AAAGGGATGTAGCAAG-1,0.000012,0.012932,0.000012,0.905981,0.081062
AAAGGGCAGCTTGAAT-1,0.000028,0.000028,0.227047,0.014473,0.758424
AAAGGTAAGCTGTACC-1,0.066236,0.01369,0.115586,0.389538,0.414951
AAAGGTCAACGACATG-1,0.000045,0.000045,0.102999,0.069584,0.827327
AAAGTAGCATTGCTCA-1,0.166504,0.03393,0.046661,0.381515,0.371389
AAAGTCACTGATGTAA-1,0.000361,0.047506,0.028927,0.449365,0.473841
AAAGTCGACCCTCAGT-1,0.000008,0.000173,0.001444,0.984475,0.0139
AAAGTGCCATCAATTA-1,0.999784,0.000022,0.000022,0.000086,0.000086
AAAGTGTGATTTATCT-1,0.301883,0.051419,0.245141,0.138437,0.263121
AAAGTTGACTCCCGTA-1,0.51761,0.042819,0.209661,0.000089,0.22982
AAATAACCATACGGGA-1,0.000011,0.001601,0.006191,0.868019,0.124178
AAATAAGGTAGTGCCC-1,0.064624,0.001649,0.110331,0.023272,0.800125
AAATACCTATAAGCAT-1,0.286236,0.112503,0.133003,0.00011,0.468147
AAATAGCTTAGACTTT-1,0.00443,0.122115,0.023903,0.453921,0.395631
AAATAGGGTGCTATTG-1,0.321482,0.101591,0.323857,0.000103,0.252966
AAATCACTCCTAAACG-1,0.000031,0.023695,0.272006,0.238942,0.465326
AAATCCGATACACGCC-1,0.684631,0.024671,0.079023,0.02287,0.188806
AAATCGCGGAAGGAGT-1,0.021425,0.000022,0.463239,0.336253,0.17906
AAATCGTGTACCACAA-1,0.000016,0.114098,0.000016,0.537964,0.347907
AAATCTAGCCCTGCTA-1,0.842779,0.04548,0.002321,0.088418,0.021002
AAATGATTCGATCAGC-1,0.018302,0.033696,0.034834,0.32931,0.583858
AAATGCTCGTTACGTT-1,0.000032,0.000032,0.068436,0.241876,0.689624
AAATGGCATGTCTTGT-1,0.020965,0.031046,0.0145,0.456091,0.477398
AAATGGCCCGTGCCCT-1,0.000015,0.000015,0.167979,0.052932,0.779059
AAATGGTCAATGTGCC-1,0.000017,0.051227,0.000017,0.616803,0.331935
AAATGTATCTTATCCC-1,0.074717,0.000064,0.816144,0.000255,0.10882
AAATGTGGGTGCTCCT-1,0.058458,0.005843,0.325551,0.331498,0.278651
AAATTAACGGGTAGCT-1,0.000011,0.085582,0.000011,0.630616,0.28378
AAATTAATAAGCGCGA-1,0.000032,0.000032,0.373416,0.056422,0.570098
AAATTACACGACTCTG-1,0.001822,0.025015,0.018064,0.501813,0.453286
AAATTACCTATCGATG-1,0.000006,0.007287,0.000006,0.926776,0.065924
AAATTCCAGGTCCAAA-1,0.049157,0.061998,0.02769,0.457666,0.403489
AAATTGATAGTCCTTT-1,0.029029,0.001607,0.10029,0.088891,0.780184
AAATTGCGGCGGTTCT-1,0.04364,0.013589,0.66147,0.20045,0.08085
AAATTGGTGAGAAGCA-1,0.053337,0.013446,0.53461,0.395222,0.003385
AAATTTACCGAAATCC-1,0.022653,0.015195,0.286143,0.442403,0.233605
AAATTTGCGGGTGTGG-1,0.000019,0.000019,0.295714,0.219493,0.484754
AACAACTGGTAGTTGC-1,0.009464,0.015814,0.074669,0.160479,0.739574
AACAATACATTGTCGA-1,0.000012,0.000012,0.163955,0.660485,0.175537
AACAATTACTCTACGC-1,0.001311,0.009733,0.012225,0.807965,0.168766
AACACACGCTCGCCGC-1,0.954656,0.000029,0.00976,0.000118,0.035437
AACACGACTGTACTGA-1,0.000022,0.003561,0.039545,0.280327,0.676546
AACACGAGACGCGGCC-1,0.000016,0.002165,0.173074,0.372122,0.452622
AACACGCGGCCGCGAA-1,0.000049,0.000049,0.385707,0.035936,0.578259
AACAGCTGTGTGGCAA-1,0.000006,0.00936,0.004334,0.835739,0.150562
AACAGGAAATCGAATA-1,0.000021,0.000021,0.030032,0.171193,0.798733
AACAGGATGGGCCGCG-1,0.000013,0.018001,0.021163,0.668219,0.292604
AACAGGTAGTATGGAT-1,0.681427,0.219905,0.017801,0.08077,0.000097
AACATATCAACTGGTG-1,0.006494,0.016166,0.006748,0.50583,0.464762
AACATCGATACGTCTA-1,0.000013,0.000013,0.086935,0.82556,0.087478
AACATTGAAGTTGATC-1,0.000023,0.000023,0.082891,0.269489,0.647573
AACATTGGTCAGCCGT-1,0.039465,0.000033,0.113826,0.280302,0.566375
AACATTGTGACTCGAG-1,0.000018,0.01401,0.002149,0.511057,0.472766
AACCAAGACTTCTCTG-1,0.000009,0.000009,0.053363,0.834492,0.112126
AACCAGTATCACTCTT-1,0.017323,0.019722,0.23528,0.486135,0.24154
AACCATAGGGTTGAAC-1,0.031512,0.048542,0.763211,0.012071,0.144664
AACCATGGGATCGCTA-1,0.000011,0.000011,0.006491,0.809969,0.183518
AACCCAGAGACGGAGA-1,0.000012,0.013153,0.000316,0.724759,0.26176
AACCCATCCCATGATC-1,0.000014,0.000014,0.165381,0.541539,0.293051
AACCCGACAACCCGTG-1,0.000017,0.001555,0.030995,0.409235,0.558199
AACCCGAGCAGAATCG-1,0.958032,0.000023,0.003634,0.038217,0.000094
AACCCTACTGTCAATA-1,0.113425,0.183367,0.067816,0.334178,0.301215
AACCCTGGTGGAACCA-1,0.00003,0.002064,0.204443,0.057485,0.735977
AACCGAGCTTGGTCAT-1,0.000025,0.003443,0.10318,0.255787,0.637565
AACCGCTAAGGGATGC-1,0.511788,0.416589,0.000013,0.071555,0.000054
AACCGTTGTGTTTGCT-1,0.000022,0.000022,0.029812,0.476055,0.49409
AACCTAAAGCCGTCCG-1,0.000036,0.000036,0.211843,0.140542,0.647543
AACCTCGCTTTAGCCC-1,0.345593,0.045955,0.259363,0.10348,0.245608
AACCTGTCACGGAATT-1,0.014833,0.025012,0.069049,0.029183,0.861923
AACCTTTAAATACGGT-1,0.032188,0.172253,0.14123,0.00282,0.65151
AACCTTTACGACGTCT-1,0.000023,0.018834,0.031947,0.302045,0.647151
AACGAAAGTCGTCCCA-1,0.069338,0.024982,0.575058,0.196934,0.133689
AACGATAATGCCGTAG-1,0.015621,0.48935,0.018828,0.356538,0.119663
AACGATAGAAGGGCCG-1,0.041077,0.09537,0.022427,0.399498,0.441629
AACGATATGTCAACTG-1,0.00002,0.021485,0.069428,0.011657,0.89741
AACGCATGATCTGGGT-1,0.000031,0.000031,0.149985,0.124334,0.72562
AACGCGAACGGCAACA-1,0.000088,0.000088,0.534078,0.00035,0.465397
AACGCGACCTTGGGCG-1,0.04264,0.040661,0.022069,0.562723,0.331907
AACGCGGTCTCCAGCC-1,0.000044,0.000044,0.086182,0.0305,0.88323
AACGCTGTTGCTGAAA-1,0.658098,0.047134,0.040786,0.201463,0.052518
AACGGACGTACGTATA-1,0.994035,0.005789,0.00002,0.000078,0.000078
AACGGCCATCTCCGGT-1,0.000007,0.017209,0.000007,0.922237,0.06054
AACGTACTGTGGGTAC-1,0.013406,0.146552,0.013424,0.560162,0.266456
AACGTAGTCTACCCAT-1,0.002652,0.005338,0.38656,0.241021,0.364429
AACGTCAGACTAGTGG-1,0.000013,0.003513,0.006198,0.644781,0.345496
AACGTGATGAAGGACA-1,0.02326,0.00003,0.886605,0.000121,0.089984
AACGTGCGAAAGTCTC-1,0.05987,0.072596,0.075025,0.000668,0.79184
AACGTTATCAGCACCT-1,0.000015,0.000015,0.032207,0.862719,0.105044
AACTACCCGTTTGTCA-1,0.68257,0.102172,0.003063,0.069984,0.142211
AACTAGCGTATCGCAC-1,0.056093,0.000111,0.453787,0.000443,0.489567
AACTAGGCTTGGGTGT-1,0.050432,0.185694,0.020043,0.343217,0.400614
AACTCAAGTTAATTGC-1,0.003653,0.076018,0.000011,0.722729,0.19759
AACTCCAGAGCGTGTT-1,0.559897,0.196114,0.043123,0.175878,0.024987
AACTCCTAATCCCATG-1,0.000025,0.013419,0.187574,0.110353,0.688629
AACTCGATGGCGCAGT-1,0.000018,0.000018,0.002242,0.668383,0.329339
AACTCTCAATAGAGCG-1,0.014332,0.038271,0.017426,0.347814,0.582157
AACTCTCAGTGTGCTC-1,0.000016,0.02801,0.156603,0.501209,0.314162
AACTGAGGTCAGCGTC-1,0.042805,0.002044,0.13456,0.455481,0.36511
AACTGAGTTATACTGA-1,0.999782,0.000022,0.000022,0.000087,0.000087
AACTGATATTAGGCCT-1,0.003914,0.007249,0.040121,0.026555,0.92216
AACTGGGTCCCGACGT-1,0.000015,0.007948,0.000872,0.622218,0.368947
AACTGGGTTCGAGCCG-1,0.013378,0.008818,0.309594,0.234849,0.433361
AACTGGTGTGGGCCTT-1,0.00002,0.05437,0.154302,0.469023,0.322285
AACTTCTGCGTCTATC-1,0.000021,0.000021,0.033651,0.654003,0.312305
AACTTGCCCGTATGCA-1,0.000011,0.000011,0.018451,0.681889,0.299638
AACTTGCGTTCTCGCG-1,0.000048,0.009648,0.129364,0.063753,0.797187
AACTTTACGGGAGCTT-1,0.000019,0.000019,0.219189,0.378178,0.402594
AACTTTAGCTGCTGAG-1,0.000068,0.0738,0.570408,0.007924,0.3478
AACTTTCTCGATCATG-1,0.003976,0.00002,0.110591,0.587372,0.29804
AAGAAATCACCAGATT-1,0.000025,0.000025,0.167361,0.195074,0.637515
AAGAAGGATCAGTTAG-1,0.00001,0.016968,0.00001,0.766715,0.216297
AAGACATACGTGGTTT-1,0.695946,0.030574,0.036495,0.07891,0.158075
AAGACCAAATAACTCA-1,0.031504,0.002112,0.487168,0.451994,0.027222
AAGACCCAACTGAACA-1,0.000022,0.003983,0.017341,0.255215,0.723439
AAGACTAACCCGTTGT-1,0.000047,0.009683,0.665285,0.22752,0.097466
AAGACTCACGCCCACT-1,0.040278,0.000053,0.505746,0.07638,0.377544
AAGACTGCAAGCTACT-1,0.002792,0.144123,0.023633,0.16406,0.665393
AAGAGATGAATCGGTA-1,0.003106,0.000021,0.049754,0.191478,0.755641
AAGAGCTCTTTATCGG-1,0.001931,0.068216,0.025903,0.155858,0.748091
AAGAGGATGTACGCGA-1,0.000016,0.00921,0.075854,0.185271,0.729649
AAGAGGCATGGATCGC-1,0.004084,0.323971,0.008282,0.491667,0.171997
AAGAGGCCCTTTGGAA-1,0.607856,0.185907,0.000018,0.206146,0.000072
AAGATGGCACCGGACC-1,0.030334,0.00512,0.010216,0.552899,0.40143
AAGATTGGCGGAACGT-1,0.004236,0.015736,0.005491,0.328033,0.646504
AAGCACCCTGCGTATC-1,0.063173,0.366108,0.024326,0.275227,0.271165
AAGCATACTCTCCTGA-1,0.066573,0.101387,0.150098,0.013826,0.668117
AAGCCGAAGCGGTTTA-1,0.938168,0.025719,0.000021,0.036006,0.000085
AAGCCGCCGTGAAATC-1,0.000013,0.002279,0.011903,0.786783,0.199023
AAGCCGCTTTACCTTG-1,0.000024,0.042382,0.243616,0.00687,0.707107
AAGCCGGAGAGCAGGA-1,0.997898,0.001875,0.000025,0.000101,0.000101
AAGCGCAGGGCTTTGA-1,0.264939,0.184076,0.086419,0.163317,0.301249
AAGCGGCGTCATGGGT-1,0.000018,0.020903,0.257877,0.438664,0.282538
AAGCGTCCCTCATCGA-1,0.000018,0.000018,0.01984,0.470391,0.509733
AAGCTAGATCGAGTAA-1,0.024764,0.128664,0.008942,0.676507,0.161122
AAGCTCGTGCCAAGTC-1,0.06857,0.099676,0.003873,0.090856,0.737025
AAGCTCTTTCATGGTG-1,0.440181,0.031554,0.280335,0.000155,0.247776
AAGGAGAACTTATAAG-1,0.041015,0.025142,0.198256,0.123089,0.612497
AAGGAGCGGTTGGTGC-1,0.00002,0.062924,0.049755,0.378473,0.508827
AAGGATCGATCGCTTG-1,0.105903,0.164322,0.012374,0.192237,0.525165
AAGGATGAGGGACCTC-1,0.000013,0.000013,0.000013,0.697751,0.30221
AAGGCAGGCTGTCTCC-1,0.001793,0.176818,0.088552,0.528067,0.20477
AAGGCGCGTAAAGCTT-1,0.099764,0.016651,0.002811,0.310575,0.5702
AAGGCTGTGCTCATCG-1,0.051256,0.029061,0.084715,0.202662,0.632306
AAGGGAACGACTGGCT-1,0.000035,0.000035,0.340941,0.070795,0.588196
AAGGGACAGATTCTGT-1,0.003445,0.019208,0.006184,0.172288,0.798874
AAGGGACTATGCATTC-1,0.00001,0.01317,0.009023,0.775127,0.20267
AAGGTATCCTAATATA-1,0.000012,0.013318,0.000012,0.761203,0.225455
AAGGTGATAAACCAGC-1,0.915302,0.015369,0.000024,0.000097,0.069207
AAGTAAGCTTCCAAAC-1,0.000146,0.000146,0.809675,0.000584,0.18945
AAGTAGAAGACCGGGT-1,0.000016,0.001272,0.000507,0.318728,0.679476
AAGTAGTGACGCGAGG-1,0.000018,0.006719,0.078918,0.247048,0.667296
AAGTCAATTGTCGTCA-1,0.869702,0.064557,0.00002,0.021195,0.044527
AAGTCTAGTAGCTGCC-1,0.00001,0.00001,0.000011,0.959647,0.040322
AAGTCTTCTGTGGCCT-1,0.000031,0.000031,0.998286,0.000124,0.001528
AAGTGACGACCGAATT-1,0.000017,0.000017,0.1249,0.079125,0.795942
AAGTGAGTCGGGTTTA-1,0.017483,0.045754,0.005595,0.709024,0.222145
AAGTGCAAAGGTAGAC-1,0.000015,0.000021,0.068763,0.69814,0.233061
AAGTGCCTTGACTGTA-1,0.783308,0.000041,0.153064,0.000166,0.06342
AAGTGCGTTAGAATCT-1,0.006812,0.000739,0.31457,0.483287,0.194592
AAGTGCTTCTCTATTG-1,0.040832,0.002269,0.151611,0.212438,0.59285
AAGTGTTTGGAGACGG-1,0.50522,0.00005,0.17577,0.000198,0.318762
AAGTTCACTCCAAGCT-1,0.550705,0.004056,0.197972,0.000107,0.247159
AAGTTCAGTCTGCGTA-1,0.000019,0.030608,0.101916,0.47976,0.387697
AAGTTCGGCCAACAGG-1,0.011424,0.034174,0.035799,0.352882,0.565721
AAGTTGTGATGTTATA-1,0.81369,0.014903,0.026144,0.00017,0.145093
AAGTTTACTAATGGCA-1,0.000061,0.070369,0.56403,0.238274,0.127265
AAGTTTATGGGCCCAA-1,0.384076,0.088027,0.104269,0.0262,0.397428
AATAACAACGCTCGGC-1,0.000005,0.000005,0.004902,0.87651,0.118578
AATAACACTAGAACAA-1,0.000007,0.010312,0.000472,0.871681,0.117527
AATAAGTCCTCGAGAC-1,0.000056,0.000056,0.609641,0.101256,0.288991
AATAATCTTCGTATCG-1,0.980966,0.000021,0.018843,0.000085,0.000085
AATACAATGTTTCAGG-1,0.000031,0.000031,0.081282,0.1398,0.778856
AATACCGGAGGGCTGT-1,0.000009,0.000373,0.000009,0.896316,0.103292
AATAGAACAGAGTGGC-1,0.049533,0.014649,0.00001,0.768368,0.16744
AATAGAATCTGTTTCA-1,0.713266,0.011632,0.216184,0.0002,0.058718
AATAGCAAGCCTCCTG-1,0.05162,0.015397,0.170314,0.50285,0.259819
AATAGCTACCGCGTGC-1,0.000018,0.000018,0.0213,0.509935,0.468728
AATAGTCCGTCCCGAC-1,0.007735,0.028929,0.013365,0.300818,0.649153
AATAGTCGCGAGTCGG-1,0.000015,0.000015,0.079329,0.667994,0.252647
AATATCAAGGTCGGAT-1,0.000018,0.003859,0.002176,0.844212,0.149735
AATATCCTAGCAAACT-1,0.043146,0.000028,0.861852,0.047947,0.047027
AATATCGAATCAATGC-1,0.940018,0.000022,0.026089,0.000086,0.033785
AATATCGAGGGTTCTC-1,0.000017,0.000017,0.027204,0.687312,0.285449
AATATTGGAGTATTGA-1,0.000015,0.000015,0.025497,0.671298,0.303175
AATCAGACTGCAGGAC-1,0.000097,0.000097,0.708075,0.000386,0.291346
AATCAGGTTTCATTTA-1,0.020469,0.000176,0.368213,0.270683,0.340459
AATCATGTAAAGACTC-1,0.90136,0.000043,0.08039,0.000173,0.018034
AATCCAAGGGCCTGAG-1,0.000018,0.000018,0.034179,0.267287,0.698497
AATCCATGCAAGGGTG-1,0.000054,0.000054,0.362502,0.054745,0.582646
AATCGCCTCAGCGCCA-1,0.351477,0.02234,0.029569,0.000131,0.596483
AATCGCGCAGAGGACT-1,0.12471,0.029348,0.183292,0.00988,0.65277
AATCGGGACACTACGA-1,0.000019,0.015208,0.081021,0.567509,0.336243
AATCGTGAGCCGAGCA-1,0.698111,0.021589,0.031803,0.000141,0.248356
AATCTAGGTTTACTTG-1,0.000017,0.000017,0.067273,0.517401,0.415292
AATCTATGCCGGAGCC-1,0.000718,0.004485,0.189574,0.475018,0.330205
AATCTCTACTGTGGTT-1,0.000017,0.000017,0.322296,0.15716,0.52051
AATCTGCGTTGGGACG-1,0.014267,0.036609,0.042864,0.164817,0.741443
AATCTGGCTTTCTAGT-1,0.000018,0.000018,0.279584,0.09828,0.622099
AATCTGGGTAGACCCT-1,0.060789,0.000025,0.606217,0.325078,0.007891
AATGACAGCAATGTCT-1,0.012657,0.01359,0.010651,0.671855,0.291246
AATGACGTAGGATGTC-1,0.523157,0.04737,0.246767,0.000142,0.182564
AATGACTGTCAGCCGG-1,0.000019,0.007533,0.019685,0.353575,0.619188
AATGAGTTCGCATATG-1,0.000029,0.01427,0.000029,0.669812,0.31586
AATGATGATACGCTAT-1,0.000031,0.000031,0.120419,0.000124,0.879395
AATGATGCGACTCCTG-1,0.014544,0.035081,0.008279,0.19453,0.747566
AATGCAACCGGGTACC-1,0.000018,0.001122,0.001632,0.557818,0.43941
AATGCACCAAGCAATG-1,0.000022,0.000022,0.047739,0.191985,0.760233
AATGGCCGCCAATGCG-1,0.025695,0.012744,0.539416,0.24344,0.178706
AATGGTCCACCGTTCA-1,0.000016,0.000016,0.128815,0.757406,0.113747
AATGGTTCTCACAAGC-1,0.00002,0.00002,0.012621,0.120523,0.866817
AATGTATGGCACTGTA-1,0.025813,0.005964,0.377749,0.366239,0.224235
AATGTGCCCGAGGTGT-1,0.000012,0.001884,0.082691,0.542926,0.372488
AATGTGCTAATCTGAG-1,0.000011,0.009582,0.000166,0.94395,0.046291
AATGTTGTCGTGAGAC-1,0.839453,0.041004,0.024359,0.00013,0.095053
AATTAAAGGTCGGCGT-1,0.00002,0.110432,0.012322,0.203709,0.673517
AATTAACGGATTTCCA-1,0.001197,0.323261,0.004319,0.395453,0.275769
AATTACGAGACCCATC-1,0.014195,0.002519,0.418635,0.496408,0.068244
AATTAGCGCTGCAGCG-1,0.00147,0.134539,0.028644,0.143457,0.691889
AATTCATAAGGGATCT-1,0.000887,0.13291,0.017834,0.531518,0.316852
AATTCATTGTCATGCA-1,0.021204,0.008065,0.315838,0.355963,0.29893
AATTCCAAGCATGTAC-1,0.000013,0.0597,0.000013,0.778917,0.161358
AATTCGATTCGAGGAT-1,0.092999,0.086366,0.400945,0.088746,0.330944
AATTCTAGAGTTAGGC-1,0.000036,0.034377,0.000036,0.179511,0.78604
AATTGAACGCTCTGGT-1,0.499177,0.141071,0.000021,0.113163,0.246568
AATTGCAGCAATCGAC-1,0.951887,0.000085,0.017806,0.000091,0.030132
AATTGCGTGGATTACA-1,0.024389,0.011898,0.361956,0.413165,0.188592
AATTGTGGTTGCCAAA-1,0.83604,0.039093,0.001882,0.095011,0.027974
AATTTGGGACATAGTA-1,0.000029,0.001017,0.031591,0.166006,0.801357
AATTTGGTTCCAAAGA-1,0.000012,0.000231,0.000012,0.889842,0.109903
ACAAACCATGCGTCCT-1,0.009674,0.02213,0.493653,0.062572,0.411971
ACAAACCGACAAGGCG-1,0.000058,0.000058,0.319986,0.121197,0.5587
ACAAAGAAGGTAGGCC-1,0.000028,0.000028,0.800448,0.048126,0.151371
ACAAAGCATGACCTAG-1,0.500886,0.113533,0.212294,0.0296,0.143687
ACAAATCGCACCGAAT-1,0.194418,0.074638,0.00001,0.730461,0.000473
ACAAATGGTAGTGTTT-1,0.87921,0.029659,0.000017,0.000067,0.091048
ACAAATTCAGATCTGA-1,0.023091,0.032814,0.086774,0.461513,0.39581
ACAACAGCATGAGCTA-1,0.000012,0.109156,0.000012,0.690918,0.199903
ACAACGGTCCCTGCGA-1,0.032835,0.050536,0.000026,0.737779,0.178824
ACAAGCAGTGCCTAGC-1,0.000011,0.001769,0.002772,0.648259,0.347189
ACAAGCTATATGGAAG-1,0.033043,0.000033,0.938111,0.000131,0.028682
ACAAGGAAATCCGCCC-1,0.112508,0.277618,0.277622,0.013755,0.318497
ACAAGGACAAGAGGTT-1,0.000009,0.030905,0.01034,0.7608,0.197946
ACAAGGATGCTTTAGG-1,0.497351,0.18426,0.20908,0.01874,0.090569
ACAAGGCCTACCAGCC-1,0.021376,0.02754,0.233083,0.357521,0.36048
ACAAGGGCAGGCTCTG-1,0.51167,0.186517,0.017671,0.002779,0.281363
ACAATAGTCGTACGTT-1,0.000023,0.000023,0.101048,0.235409,0.663497
ACAATCCATTTAAACC-1,0.000009,0.054225,0.001628,0.611695,0.332443
ACAATCGATCTTTATA-1,0.038398,0.013751,0.299318,0.217216,0.431318
ACAATGAATACGGAGA-1,0.00002,0.00002,0.027474,0.181804,0.790681
ACAATGATTCTTCTAC-1,0.046158,0.017731,0.164075,0.485623,0.286414
ACAATTGTGTCTCTTT-1,0.939011,0.003544,0.000024,0.000095,0.057325
ACAATTTAGGAGGCTC-1,0.000014,0.000014,0.122611,0.652555,0.224805
ACAATTTGAGCAGTGG-1,0.045248,0.132336,0.030757,0.186739,0.604921
ACAATTTGGCCATATT-1,0.00042,0.2246,0.000222,0.741122,0.033636
ACACAAAGACGGGTGG-1,0.000021,0.060993,0.002737,0.603687,0.332561
ACACAAATATTCCTAG-1,0.059735,0.052376,0.527887,0.279079,0.080924
ACACACCAGGACCAGT-1,0.69946,0.01427,0.07953,0.00009,0.206649
ACACACTTTCTACACG-1,0.000009,0.000009,0.000009,0.97453,0.025443
ACACATGATCAAATCT-1,0.000014,0.000014,0.059788,0.741661,0.198524
ACACCACATAATTAGC-1,0.004724,0.000453,0.07829,0.226046,0.690487
ACACCCAGCATGCAGC-1,0.000011,0.004616,0.000011,0.865212,0.13015
ACACCCGAGAAATCCG-1,0.000011,0.000011,0.000849,0.803922,0.195207
ACACCCGTAAATCTGT-1,0.001584,0.013811,0.064672,0.581658,0.338275
ACACCGAGCGCTCTTT-1,0.095876,0.000091,0.819309,0.084358,0.000366
ACACCGGTCTGACCGC-1,0.000031,0.000031,0.491773,0.11233,0.395834
ACACCTTAAGTAGGGC-1,0.000012,0.00469,0.000012,0.815083,0.180204
ACACCTTACTACTTGC-1,0.029691,0.25222,0.000009,0.71476,0.003319
ACACGAGACTCCTTCT-1,0.000019,0.024032,0.000019,0.454616,0.521312
ACACGGCACTATGCAT-1,0.001719,0.000034,0.52597,0.000136,0.47214
ACACGGGAACTTAGGG-1,0.073772,0.031542,0.025055,0.159261,0.710369
ACACGTAGGCCACAAG-1,0.999825,0.000017,0.000017,0.00007,0.00007
ACACTCCAATGTCACT-1,0.00002,0.009838,0.041386,0.840118,0.108637
ACACTGATCAAGGTGT-1,0.161438,0.035517,0.01998,0.040683,0.742382
ACACTGGGACAGTCGT-1,0.991565,0.000024,0.008215,0.000098,0.000098
ACAGAACTGAGAACAA-1,0.000013,0.000457,0.022674,0.570637,0.406218
ACAGATTAGGTTAGTG-1,0.000026,0.002663,0.109501,0.566952,0.320858
ACAGCATAGAGCCAGT-1,0.00001,0.001262,0.00001,0.836572,0.162146
ACAGCGACATTCTCAT-1,0.570014,0.017603,0.13055,0.273225,0.008608
ACAGCGCACCCGCAGC-1,0.030442,0.089045,0.145166,0.452467,0.28288
ACAGGCACGGATCCTT-1,0.439796,0.165298,0.039909,0.170525,0.184473
ACAGGCTTGCCCGACT-1,0.842591,0.000033,0.01292,0.000971,0.143486
ACAGGTGGAGGTGAGG-1,0.033258,0.015807,0.098011,0.512159,0.340765
ACAGGTGTGTTGTTGC-1,0.013932,0.000021,0.761019,0.131231,0.093796
ACAGTAATACAACTTG-1,0.006605,0.000011,0.068938,0.662393,0.262053
ACAGTATACCGTGGGA-1,0.000025,0.000025,0.163806,0.511647,0.324497
ACAGTGCAGCGCATTT-1,0.007243,0.004412,0.126025,0.0292,0.83312
ACATAAGTCGTGGTGA-1,0.025149,0.000039,0.867564,0.000156,0.107092
ACATAATAAGGCGGTG-1,0.000025,0.010882,0.019034,0.270186,0.699873
ACATCAGCTGGGACGC-1,0.000015,0.000015,0.106402,0.550124,0.343443
ACATCCCGGCCATACG-1,0.000019,0.025417,0.010527,0.302114,0.661923
ACATCCTGGTAACTGT-1,0.594836,0.010937,0.129301,0.000694,0.264232
ACATCGATCGTTTACC-1,0.177118,0.228487,0.056089,0.000183,0.538123
ACATCGGTCAGCCGCG-1,0.009268,0.034053,0.007265,0.318362,0.631052
ACATCGTATGCAATGG-1,0.440922,0.02231,0.397652,0.000139,0.138977
ACATCGTTAACCTAGT-1,0.000035,0.011953,0.27117,0.004254,0.712587
ACATCTCAACGCGTAA-1,0.017872,0.033236,0.121926,0.395161,0.431805
ACATGGCGCCAAAGTA-1,0.106291,0.099625,0.187723,0.034779,0.571583
ACATGGCTCAATTTAG-1,0.000092,0.000092,0.99908,0.000368,0.000368
ACATTAGTTTATATCC-1,0.000035,0.01696,0.045228,0.088598,0.849179
ACATTCGCGCGGAATA-1,0.032584,0.047225,0.027687,0.462143,0.43036
ACCAAACACCCAGCGA-1,0.013702,0.051585,0.117808,0.38256,0.434344
ACCAAACTAGAAATCC-1,0.018634,0.017283,0.171111,0.261847,0.531126
ACCAACACCACACACT-1,0.000009,0.005727,0.004992,0.884265,0.105006
ACCAACCGCACTCCAC-1,0.804337,0.000033,0.103208,0.000131,0.092291
ACCAACGCTTATTTAT-1,0.001769,0.162115,0.015543,0.290298,0.530274
ACCAAGAACGCGTGTC-1,0.000028,0.000028,0.060885,0.122999,0.816061
ACCAATATGCAAGTTA-1,0.261201,0.511712,0.000014,0.204011,0.023062
ACCACAACTCAGAACA-1,0.029562,0.000036,0.538813,0.064633,0.366956
ACCACAAGTTTCTATC-1,0.000022,0.023354,0.088676,0.358205,0.529742
ACCACCAATGTAACAA-1,0.007903,0.237181,0.029388,0.378914,0.346613
ACCACCCTCTCTTCTA-1,0.000013,0.000013,0.058334,0.824243,0.117397
ACCACGTGCAGCTATA-1,0.669582,0.177665,0.000019,0.007038,0.145696
ACCAGACCATAACAAC-1,0.007346,0.000032,0.844072,0.000128,0.148422
ACCAGCCCGGTCTTTG-1,0.012813,0.048048,0.127089,0.252129,0.559921
ACCAGGAGTGTGATCT-1,0.030151,0.01535,0.243949,0.173093,0.537457
ACCAGTGCCCGGTCAA-1,0.041685,0.017282,0.153415,0.396016,0.391603
ACCAGTGCGGGAGACG-1,0.911858,0.013159,0.005583,0.000082,0.069319
ACCATATCCGCAATAA-1,0.000017,0.178265,0.008676,0.48898,0.324062
ACCATCCGCCAACTAG-1,0.000016,0.000016,0.086224,0.416226,0.497518
ACCATCGTATATGGTA-1,0.000023,0.014912,0.086783,0.228734,0.669547
ACCCAACGCCCGTGGC-1,0.022469,0.064483,0.034741,0.190296,0.688011
ACCCACCTACATGCTC-1,0.000019,0.000019,0.002399,0.54902,0.448543
ACCCATCTTGAGGGTA-1,0.016741,0.025182,0.038626,0.772681,0.14677
ACCCATTTGTCCCTCT-1,0.943111,0.005642,0.001534,0.041962,0.007751
ACCCGAGCGAAATTAC-1,0.000015,0.011654,0.115526,0.037604,0.835201
ACCCGATTGGTTCCGA-1,0.005779,0.031643,0.071706,0.767407,0.123465
ACCCGGAAACTCCCAG-1,0.000006,0.156548,0.000006,0.788493,0.054946
ACCCGGAGCACCACAA-1,0.992982,0.00686,0.000018,0.00007,0.00007
ACCCGGATGACGCATC-1,0.000009,0.092976,0.000009,0.867909,0.039096
ACCCGGTTACACTTCC-1,0.068849,0.080422,0.039287,0.484548,0.326894
ACCCGTAGTCTAGTTG-1,0.674725,0.072232,0.021364,0.092392,0.139287
ACCCGTGTCATCAGTA-1,0.033912,0.021612,0.015753,0.784418,0.144305
ACCCTATAGGACTGAG-1,0.000045,0.000045,0.188074,0.000178,0.811658
ACCCTATGCCATATCG-1,0.000017,0.000017,0.005041,0.511505,0.483421
ACCCTCCCTTGCTATT-1,0.79492,0.008408,0.09731,0.000119,0.099243
ACCCTGGTAACGCCCT-1,0.000016,0.000016,0.007011,0.863801,0.129157
ACCCTTCATCTGCGAA-1,0.000018,0.008318,0.020578,0.373791,0.597296
ACCCTTGCCTGGGTCG-1,0.056217,0.047255,0.834839,0.026516,0.035173
ACCCTTTAGTTCTCCA-1,0.055456,0.002596,0.803211,0.129563,0.009175
ACCGAAAGGGCCCTGC-1,0.000019,0.000019,0.005448,0.735896,0.258619
ACCGAAGAGTCTGGTT-1,0.000019,0.000019,0.555162,0.318838,0.125963
ACCGACACATCTCCCA-1,0.015394,0.046098,0.377123,0.137465,0.42392
ACCGACTGAGTCCCAC-1,0.000008,0.026112,0.000008,0.953777,0.020096
ACCGATAGGCATAACC-1,0.999817,0.000018,0.000018,0.000073,0.000073
ACCGATATTTAATCAT-1,0.834386,0.000016,0.013804,0.144135,0.007659
ACCGATGGTAGCATCG-1,0.003722,0.190471,0.002427,0.296185,0.507195
ACCGCAATAACTGCCT-1,0.595654,0.207505,0.000359,0.084673,0.111809
ACCGCGGTGGAAGTCG-1,0.655187,0.04496,0.101655,0.000126,0.198072
ACCGGGCCTTTGTTGA-1,0.937813,0.000027,0.000027,0.000107,0.062026
ACCGGTCAGGTACACC-1,0.128292,0.009068,0.177642,0.375815,0.309183
ACCGGTCTGAGTACGG-1,0.048294,0.008311,0.266522,0.464013,0.212859
ACCGTGACCACGTGGG-1,0.000011,0.000469,0.008949,0.828506,0.162065
ACCGTTCCCGCTCTGA-1,0.00008,0.00008,0.566984,0.000319,0.432537
ACCTAAGTACCTTTCA-1,0.000019,0.000019,0.115349,0.601248,0.283365
ACCTAATCGACTTCCT-1,0.043527,0.015631,0.028145,0.571997,0.3407
ACCTACAGTATGTGGT-1,0.000012,0.156352,0.000012,0.812768,0.030856
ACCTACTATAAATCTA-1,0.195288,0.132907,0.114215,0.286904,0.270687
ACCTCCGCCCTCGCTG-1,0.939662,0.002501,0.003828,0.007356,0.046653
ACCTCCGTTATTCACC-1,0.000186,0.02703,0.052944,0.835278,0.084561
ACCTCGAACTTATGCT-1,0.051184,0.005436,0.627012,0.288783,0.027584
ACCTGCGTGTCATGTT-1,0.000021,0.000021,0.361659,0.246586,0.391713
ACCTTTCCTTTAGAAG-1,0.000067,0.000067,0.766404,0.000269,0.233192
ACGAAATGGGCGGCAC-1,0.049082,0.014782,0.016242,0.470613,0.44928
ACGACCCATGAGTTGC-1,0.804653,0.00005,0.189525,0.000201,0.005571
ACGACTGGTCATACTC-1,0.001352,0.021887,0.032987,0.391153,0.552622
ACGAGAACCCATCACG-1,0.006796,0.069584,0.476841,0.320041,0.126738
ACGAGATATTTGCTTA-1,0.058465,0.006639,0.582658,0.000168,0.352071
ACGAGGATACCACTCT-1,0.000013,0.000121,0.048168,0.65486,0.296837
ACGAGGTTTACAACGT-1,0.000025,0.000025,0.369544,0.256768,0.373638
ACGAGTACGGATGCCC-1,0.000009,0.002425,0.000009,0.890349,0.107208
ACGATACATAGAACTA-1,0.000014,0.01931,0.013183,0.752009,0.215483
ACGATACCTATCCTGA-1,0.013689,0.000037,0.912872,0.000147,0.073256
ACGATCATACATAGAG-1,0.000048,0.000048,0.021635,0.000192,0.978077
ACGATCATCTTGTAAA-1,0.058264,0.225143,0.082051,0.002989,0.631552
ACGATGCATATGTTAT-1,0.000026,0.036201,0.082504,0.047113,0.834155
ACGATGGATCCGATGC-1,0.000017,0.018848,0.046755,0.286789,0.647592
ACGCAAACTAATAGAT-1,0.000007,0.000007,0.000299,0.88691,0.112777
ACGCAATCACTACAGC-1,0.006187,0.048661,0.026866,0.058155,0.860131
ACGCATAAATGACATG-1,0.10158,0.004397,0.393551,0.395313,0.10516
ACGCATACGTTTACTA-1,0.999291,0.000029,0.00045,0.000115,0.000115
ACGCATTCGTGAGTAC-1,0.000012,0.123773,0.000012,0.762545,0.113657
ACGCCAGATGATTTCT-1,0.000027,0.000027,0.040728,0.123286,0.835932
ACGCCCAGCTGTCGAT-1,0.002535,0.001371,0.187424,0.316617,0.492053
ACGCCGCTAGACGACC-1,0.411552,0.215668,0.069411,0.0001,0.30327
ACGCGAAGTCAGACGA-1,0.004888,0.081588,0.057005,0.017799,0.838721
ACGCGCTACACAGGGT-1,0.070753,0.013832,0.080361,0.553793,0.281262
ACGCGGGCCAAGGACA-1,0.000018,0.075376,0.000018,0.590879,0.333709
ACGCGTTTCTTAAGAG-1,0.000025,0.002703,0.239007,0.4027,0.355565
ACGCTAGTATCAGTGC-1,0.000038,0.009381,0.185692,0.146588,0.658302
ACGCTAGTGATACACT-1,0.021969,0.014254,0.031709,0.225899,0.706168
ACGCTGTGAGGCGTAG-1,0.000009,0.000009,0.001726,0.94288,0.055375
ACGCTTAGTGTCTCTC-1,0.029549,0.007991,0.236373,0.275702,0.450385
ACGGAATTTAGCAAAT-1,0.000013,0.009844,0.078409,0.632429,0.279305
ACGGACTCTCAAAGCG-1,0.03696,0.135735,0.009108,0.1085,0.709696
ACGGAGCGCAAATTAC-1,0.000019,0.000019,0.039532,0.591431,0.368999
ACGGATGGTGCGGATA-1,0.634094,0.0536,0.065357,0.045397,0.201553
ACGGCACTTGCTTGGG-1,0.000021,0.212285,0.001773,0.343715,0.442207
ACGGCCAACATGGACT-1,0.01828,0.01563,0.1274,0.058083,0.780607
ACGGCGACGATGGGAA-1,0.137616,0.321273,0.001189,0.409045,0.130877
ACGGCGGGTTGCCCTG-1,0.000067,0.000067,0.738643,0.000267,0.260956
ACGGCTGGATGTAGAA-1,0.000791,0.000039,0.896987,0.000155,0.102029
ACGGGAGTGTCGGCCC-1,0.005414,0.001678,0.015606,0.458174,0.519128
ACGGGCGTATGCGACA-1,0.000015,0.000015,0.036932,0.422252,0.540786
ACGGGTCATGTGACTT-1,0.000056,0.000056,0.81938,0.000226,0.180282
ACGGTCACCGAGAACA-1,0.036321,0.021804,0.221107,0.409703,0.311066
ACGTACAGATTTCTCT-1,0.000274,0.016371,0.058807,0.524105,0.400443
ACGTACTTTGGCACGG-1,0.058326,0.033973,0.112096,0.287103,0.508503
ACGTAGATTGCTGATG-1,0.000019,0.104745,0.000019,0.589345,0.305872
ACGTAGGAGAGTCGCT-1,0.359456,0.233312,0.109954,0.136454,0.160824
ACGTATTACTCCGATC-1,0.490792,0.039463,0.07584,0.000132,0.393773
ACGTCCTAAACGAGAT-1,0.000072,0.000072,0.728974,0.00029,0.270592
ACGTCTCGTTCCGGGA-1,0.033484,0.079905,0.489948,0.032828,0.363836
ACGTGACAAAGTAAGT-1,0.116804,0.000048,0.876531,0.000194,0.006423
ACGTGCGCCTCGTGCA-1,0.008395,0.016317,0.039286,0.531782,0.40422
ACGTGGTCGAATGTGC-1,0.016117,0.00008,0.828911,0.027765,0.127127
ACGTTAATGTCGAAGA-1,0.071401,0.230564,0.085581,0.000133,0.612321
ACGTTAGATTTGCCCG-1,0.026852,0.000021,0.024177,0.213267,0.735684
ACGTTATTGGTCACTC-1,0.000027,0.000027,0.097238,0.611112,0.291596
ACGTTCCGCGCTCCGT-1,0.000018,0.003044,0.034473,0.533679,0.428786
ACGTTCGCAATCAATT-1,0.005154,0.030247,0.011321,0.489228,0.46405
ACGTTCGTTCAGGAAA-1,0.00001,0.01961,0.00001,0.636766,0.343606
ACGTTCTGTACAAGTC-1,0.805715,0.006232,0.094791,0.000115,0.093146
ACGTTTAGTTGTGATC-1,0.000011,0.001629,0.000011,0.829092,0.169257
ACTAATACGTCAGGCG-1,0.035053,0.002202,0.106855,0.518765,0.337125
ACTACAAAGAGAGGTG-1,0.163063,0.152675,0.148046,0.156939,0.379277
ACTACATCCCGACAAG-1,0.000019,0.004504,0.136241,0.513422,0.345813
ACTACCAGCTCTCTGG-1,0.00002,0.000725,0.003242,0.509144,0.486869
ACTACGCGTTAGAATT-1,0.030188,0.019425,0.00683,0.220438,0.723119
ACTAGTTGCGATCGTC-1,0.823087,0.037974,0.04025,0.000126,0.098563
ACTATATGCTGTGTTC-1,0.026046,0.000042,0.79655,0.002379,0.174985
ACTATCCAGGGCATGG-1,0.014217,0.07375,0.073447,0.074521,0.764066
ACTATCTGCCCGCGTA-1,0.682546,0.072697,0.052575,0.083421,0.108761
ACTATGTCCAGCTGCC-1,0.000017,0.001893,0.07131,0.422248,0.504533
ACTATTCGTCCGTGGT-1,0.000016,0.006643,0.069164,0.367085,0.557091
ACTATTTCCGGGCCCA-1,0.000007,0.006246,0.000585,0.772388,0.220773
ACTCAACGAATGTATT-1,0.00002,0.004789,0.001285,0.83868,0.155226
ACTCAAGTGCAAGGCT-1,0.705263,0.007977,0.044236,0.000149,0.242375
ACTCAATAAAGGCACG-1,0.000021,0.027271,0.00009,0.561923,0.410696
ACTCAGACCTGCTTCT-1,0.000022,0.000022,0.02005,0.577621,0.402285
ACTCATGGCAGCCTTC-1,0.025362,0.000034,0.323947,0.189363,0.461294
ACTCCAATATCATCAT-1,0.000024,0.000024,0.054432,0.401158,0.544362
ACTCCCATTCCTAAAG-1,0.000016,0.000016,0.057989,0.609439,0.332541
ACTCCCGAATTCGTTT-1,0.000011,0.066596,0.00067,0.802739,0.129985
ACTCCCGTAGACTAGG-1,0.000014,0.018438,0.080105,0.775856,0.125586
ACTCCCTAATGCTAAA-1,0.000936,0.377101,0.000007,0.597887,0.024068
ACTCCCTAGAATAGTA-1,0.061582,0.114542,0.138022,0.447519,0.238334
ACTCGATGTATTTCAT-1,0.000041,0.000041,0.264019,0.41013,0.325769
ACTCGCCGTTCGATAA-1,0.851894,0.011644,0.000031,0.000122,0.136309
ACTCGCGATCTGACGC-1,0.024175,0.07428,0.000011,0.858775,0.042759
ACTCGTAACCCGTCCT-1,0.00002,0.00002,0.060211,0.31402,0.625729
ACTCGTCAGTAATCCC-1,0.000017,0.083416,0.000017,0.650464,0.266087
ACTCTAAACCTGGGAT-1,0.049589,0.026566,0.88376,0.01521,0.024876
ACTCTCTGACTTAGGT-1,0.567656,0.137168,0.065684,0.000768,0.228725
ACTCTCTTATACACGA-1,0.069295,0.000088,0.714994,0.000354,0.215268
ACTCTTCAGCTCCCGC-1,0.055755,0.120873,0.06548,0.434858,0.323034
ACTCTTGTATAGTAAC-1,0.026015,0.095862,0.050198,0.030325,0.7976
ACTGAAACGCCGTTAG-1,0.409629,0.065052,0.17941,0.069964,0.275944
ACTGAATGGCGAAAGT-1,0.482229,0.260047,0.000022,0.097265,0.160437
ACTGATTTAGTGATTC-1,0.005775,0.00652,0.197061,0.341127,0.449516
ACTGCCCGCCATTCTC-1,0.000023,0.000023,0.075775,0.239468,0.684711
ACTGCCGTCGTAACTC-1,0.000019,0.000019,0.004526,0.596037,0.399398
ACTGCGGACACACCGT-1,0.000016,0.063356,0.012106,0.585858,0.338664
ACTGCTCGGAAGGATG-1,0.106401,0.00003,0.54462,0.000122,0.348827
ACTGTACGATACACAT-1,0.000017,0.030255,0.000017,0.541424,0.428287
ACTGTAGCACTTTGGA-1,0.000013,0.004548,0.000013,0.765935,0.229492
ACTGTATACGCGAGCA-1,0.000018,0.000018,0.006243,0.564551,0.42917
ACTGTCCAGGATTATA-1,0.000033,0.080043,0.008686,0.146992,0.764247
ACTGTCTTCTTTAGAA-1,0.015832,0.216565,0.000038,0.33523,0.432335
ACTGTGCTAGTAGATC-1,0.000032,0.000032,0.048606,0.251181,0.700148
ACTGTTTAGTGTAGGC-1,0.025539,0.024521,0.238632,0.159899,0.551409
ACTTACCGGGCGCGCA-1,0.021512,0.158016,0.538313,0.097021,0.185138
ACTTACGCATCCACGC-1,0.325893,0.150251,0.018166,0.096337,0.409353
ACTTAGTACGACAAGA-1,0.000016,0.000016,0.010007,0.403905,0.586056
ACTTATACTTACCCGG-1,0.00001,0.143975,0.000258,0.674389,0.181368
ACTTATCTGATCTATA-1,0.022105,0.004898,0.190087,0.282704,0.500205
ACTTATTAGGATCGGT-1,0.000029,0.084931,0.000029,0.340545,0.574465
ACTTATTTATGTGCCA-1,0.820288,0.000047,0.040303,0.000189,0.139173
ACTTCAGGCTGATCCC-1,0.594825,0.018387,0.185313,0.000103,0.201372
ACTTCCAGTGGAAGCT-1,0.025881,0.006919,0.289976,0.369726,0.307498
ACTTCCATGCGGGACA-1,0.7907,0.085749,0.000019,0.064639,0.058893
ACTTCCTGTCGTGCGA-1,0.018597,0.02437,0.069672,0.450884,0.436477
ACTTCGCCATACGCAC-1,0.032946,0.010564,0.141617,0.091744,0.723129
ACTTCGCTAGCGAGTG-1,0.000026,0.006747,0.151422,0.189998,0.651807
ACTTGACTCCCTCTTT-1,0.209897,0.15462,0.128651,0.041853,0.464978
ACTTGCCATATTGTAC-1,0.136722,0.069675,0.590264,0.000203,0.203136
ACTTGGGACCCGGTGG-1,0.030916,0.027213,0.140426,0.002762,0.798683
ACTTGTAGTCCCTTCA-1,0.0039,0.000015,0.158442,0.727457,0.110186
ACTTGTGGATGGAACG-1,0.803406,0.017286,0.00094,0.000187,0.17818
ACTTTACCCTCATGAA-1,0.006504,0.11771,0.026537,0.39639,0.452859
ACTTTCCTATAGCTTC-1,0.08141,0.158164,0.002252,0.469092,0.289082
ACTTTGACTGCATCCT-1,0.055179,0.000548,0.138006,0.78035,0.025917
ACTTTGGTCGTGCTCC-1,0.000028,0.000028,0.686866,0.119071,0.194007
ACTTTGTCGACGCACT-1,0.9639,0.000023,0.035894,0.000091,0.000091
AGAAATTATGACTCGC-1,0.918234,0.001272,0.055682,0.01334,0.011472
AGAACCCAGCGTGACA-1,0.116069,0.104794,0.0464,0.286213,0.446524
AGAACCCTCAATTGGG-1,0.056454,0.000044,0.94315,0.000176,0.000176
AGAACGTGGTACATTC-1,0.0955,0.047796,0.004451,0.313809,0.538444
AGAAGAGCGCCGTTCC-1,0.107669,0.03304,0.403094,0.040208,0.415988
AGAAGGTACACTTCAC-1,0.17743,0.003075,0.18018,0.05044,0.588874
AGAAGGTTGCCGAATT-1,0.229332,0.03789,0.172116,0.043741,0.516921
AGAAGGTTGTAGGTCG-1,0.018349,0.197289,0.011979,0.431029,0.341354
AGAAGTGATTCGTGAT-1,0.000032,0.000032,0.315064,0.174133,0.510738
AGAATAAATCTTCAGG-1,0.000009,0.000009,0.013476,0.95667,0.029835
AGAATGCGGGTTCGGA-1,0.07295,0.048316,0.723679,0.036666,0.118388
AGAATTATGGATTCGA-1,0.012815,0.032186,0.026014,0.194466,0.73452
AGAATTGTTTGACATA-1,0.000033,0.000033,0.001655,0.531294,0.466985
AGACAGCTCAGAATCC-1,0.000021,0.000021,0.069238,0.664658,0.266062
AGACAGGCATCTCAGC-1,0.950335,0.000026,0.048234,0.000106,0.001299
AGACATAGATCCTTCC-1,0.000016,0.012878,0.004788,0.819461,0.162857
AGACCAAACCACACCT-1,0.000028,0.000028,0.740839,0.029753,0.229352
AGACCATGGGATACAA-1,0.000019,0.001659,0.041663,0.469147,0.487512
AGACCCACCGCTGATC-1,0.041643,0.091483,0.050557,0.352505,0.463812
AGACCCGCCCTCCTCG-1,0.103483,0.087009,0.032055,0.33645,0.441003
AGACCGCTCCGCGGTT-1,0.789242,0.051402,0.006197,0.153077,0.000082
AGACCGGGAAACCCTG-1,0.000015,0.000015,0.188149,0.075687,0.736133
AGACGAAGTGCCGGTC-1,0.995359,0.004434,0.000023,0.000092,0.000092
AGACGACGATGCCGCT-1,0.007906,0.000018,0.231126,0.253695,0.507255
AGACGCCCACTTCGCC-1,0.999801,0.00002,0.00002,0.00008,0.00008
AGACGGGATTGGTATA-1,0.000085,0.000085,0.757263,0.000341,0.242224
AGACGGGCCGATTTAA-1,0.035459,0.020058,0.110946,0.41886,0.414676
AGACTAGCCTTCCAGA-1,0.000039,0.001283,0.001196,0.822749,0.174732
AGACTGTTACCGGGTC-1,0.026146,0.005946,0.019783,0.651051,0.297074
AGAGAAACACCAGAAA-1,0.03436,0.020144,0.087385,0.012403,0.845708
AGAGAACCGTCTAGGA-1,0.000014,0.013123,0.020504,0.519388,0.44697
AGAGAAGGAGTACAAT-1,0.000014,0.013479,0.040581,0.405412,0.540514
AGAGATCTCTAAAGCG-1,0.00001,0.000265,0.002021,0.780474,0.21723
AGAGCAGTTATGAGAC-1,0.000027,0.000027,0.079915,0.189692,0.73034
AGAGCCGCCGAGATTT-1,0.914704,0.000047,0.035504,0.000186,0.049559
AGAGCGCTTGTAACGG-1,0.000027,0.014246,0.367672,0.383758,0.234296
AGAGCGGGCTAATCAT-1,0.000013,0.000013,0.000384,0.700181,0.299409
AGAGCGTACAAGCTCG-1,0.017276,0.009862,0.000013,0.432548,0.5403
AGAGCTACGAAAGCAT-1,0.000083,0.000083,0.549202,0.105081,0.345551
AGAGGCTTCGGAAACC-1,0.936078,0.000035,0.000035,0.00014,0.063713
AGAGGTATCTCGGTCC-1,0.037625,0.020082,0.248241,0.168287,0.525765
AGAGTAAACTTCACTA-1,0.828964,0.032907,0.071205,0.000113,0.066811
AGAGTATAGTGTTACG-1,0.000083,0.000072,0.071759,0.718457,0.20963
AGAGTGAACAGACACC-1,0.012245,0.000052,0.458447,0.000209,0.529046
AGAGTTAGAGACCGAT-1,0.036683,0.025033,0.157305,0.476186,0.304792
AGATAACTTCAGGGCC-1,0.060188,0.062267,0.004082,0.418081,0.455381
AGATACCAATAGAACC-1,0.98004,0.00002,0.019778,0.000081,0.000081
AGATACCAGCACTTCA-1,0.000037,0.000037,0.533701,0.193739,0.272487
AGATACCGGTGTTCAC-1,0.028407,0.119556,0.018427,0.376915,0.456695
AGATACGACTTCATAT-1,0.000013,0.000994,0.00516,0.695095,0.298738
AGATACTCAAGATCGA-1,0.726068,0.029637,0.000026,0.037395,0.206874
AGATATAATACGACTA-1,0.001698,0.142401,0.045398,0.200292,0.61021
AGATCGTGCATAAGAT-1,0.000019,0.000019,0.002048,0.419457,0.578457
AGATCTCAGGTGTGAT-1,0.00001,0.058053,0.011263,0.502598,0.428076
AGATGACTCGCCCACG-1,0.116422,0.00728,0.11101,0.053812,0.711476
AGATGAGGGTTGCGAT-1,0.000023,0.016939,0.269418,0.317826,0.395794
AGATGATGGAGTCTGG-1,0.098117,0.162634,0.063151,0.144486,0.531611
AGATGCAAGACGTGCA-1,0.000012,0.002012,0.00197,0.903041,0.092965
AGATGCATCCTGTGTC-1,0.004311,0.000027,0.574698,0.133288,0.287676
AGATTATAGGACGTTT-1,0.026354,0.000046,0.003066,0.021332,0.949202
AGATTCAAGCGGGTCG-1,0.184312,0.017613,0.646989,0.023368,0.127718
AGATTCACAACCGATA-1,0.000013,0.000013,0.101107,0.408691,0.490175
AGCAAAGGCCGCTAGT-1,0.000717,0.176347,0.000013,0.559359,0.263564
AGCAACATATCTTATT-1,0.358516,0.067285,0.227835,0.000409,0.345955
AGCAACCGAAAGTAAT-1,0.000022,0.000022,0.145307,0.30546,0.549188
AGCACACGTTTAGACT-1,0.000024,0.015858,0.149605,0.426134,0.40838
AGCACCAGTACTCACG-1,0.005047,0.189101,0.000011,0.735431,0.07041
AGCACTACCGGCCTGT-1,0.000012,0.000012,0.033199,0.82114,0.145638
AGCACTACCTCACCAG-1,0.655143,0.082165,0.011376,0.116571,0.134745
AGCACTTAAGGACGCC-1,0.006613,0.044812,0.002639,0.583599,0.362337
AGCAGAAGGAGAAAGA-1,0.014529,0.177664,0.026538,0.211569,0.569699
AGCAGCCAGATGAATA-1,0.00001,0.073847,0.00001,0.713318,0.212815
AGCATATCAATATGCT-1,0.994325,0.000038,0.000038,0.000153,0.005445
AGCATCATTTCGAAAG-1,0.001893,0.000015,0.118912,0.556583,0.322597
AGCATCGTCGATAATT-1,0.031854,0.098991,0.000011,0.828949,0.040195
AGCATTACGAGGCAAG-1,0.867546,0.005214,0.028265,0.000155,0.09882
AGCCAAGCTTTGTGTC-1,0.007719,0.059205,0.01302,0.628338,0.291718
AGCCACAGGTTACCCG-1,0.580332,0.094969,0.215767,0.007826,0.101105
AGCCACTCCCGTGCTT-1,0.000005,0.000005,0.000005,0.998869,0.001117
AGCCATATAGTATGTG-1,0.507119,0.035782,0.03829,0.152218,0.266592
AGCCCATACATGTAAG-1,0.028528,0.009167,0.008676,0.669658,0.283971
AGCCCGCAACAAGCAG-1,0.140245,0.094849,0.075503,0.335254,0.354147
AGCCCGGCATTAGAGG-1,0.000021,0.011776,0.056317,0.201494,0.730392
AGCCCGGTAGCCTGTA-1,0.053834,0.055348,0.023504,0.621026,0.246287
AGCCCTAAGCGAAGTT-1,0.000014,0.000014,0.00013,0.709153,0.29069
AGCCCTCCCTGGTGGC-1,0.177298,0.02802,0.139843,0.237466,0.417373
AGCCCTGTCGCACCGT-1,0.000472,0.151417,0.004031,0.676439,0.167641
AGCCCTTCTAATCCGA-1,0.000024,0.026126,0.141203,0.066927,0.76572
AGCCCTTGGACATCCC-1,0.999791,0.000021,0.000021,0.000083,0.000083
AGCCGCAAATTCAAAT-1,0.130273,0.002653,0.501795,0.342553,0.022727
AGCCGTGGCTAAATGT-1,0.003041,0.000015,0.062041,0.836395,0.098508
