Barcode,Topic 1,Topic 2,Topic 3,Topic 4,Topic 5,Topic 6,Topic 7to12
AAACAACGAATAGTTC-1,0.000044,0.186965,0.004439,0.017433,0.069189,0.334106,0.387824
AAACAAGTATCTCCCA-1,0.027302,0.000034,0.000034,0.251939,0.720455,0.000034,0.000202
AAACAATCTACTAGCA-1,0.000024,0.092139,0.021558,0.018025,0.000024,0.048669,0.819562
AAACACCAATAACTGC-1,0.594466,0.000098,0.390318,0.014331,0.000098,0.000098,0.00059
AAACAGCTTTCAGAAG-1,0.003551,0.472473,0.251389,0.000023,0.000023,0.000023,0.272519
AAACAGGGTCTATATT-1,0.150351,0.443728,0.202633,0.000036,0.000036,0.000036,0.203181
AAACAGTGTTCCTGGG-1,0.13907,0.735601,0.000013,0.000013,0.000013,0.030468,0.094822
AAACATGGTGAGAGGA-1,0.943965,0.029491,0.00004,0.00004,0.026182,0.00004,0.000242
AAACATTTCCCGGATT-1,0.000018,0.009955,0.004206,0.008107,0.092958,0.079577,0.805179
AAACCGGGTAGGTACC-1,0.029521,0.020056,0.500879,0.039513,0.097032,0.016543,0.296455
AAACCGTTCGTCCAGG-1,0.000026,0.101042,0.033621,0.17892,0.000026,0.033851,0.652515
AAACCTAAGCAGCCGG-1,0.000009,0.003442,0.000009,0.000009,0.000009,0.011003,0.985517
AAACCTCATGAAGTTG-1,0.002565,0.229403,0.260992,0.00003,0.00003,0.000891,0.50609
AAACGAAGAACATACC-1,0.004228,0.046316,0.000016,0.009112,0.028283,0.024232,0.887812
AAACGAAGATGGAGTA-1,0.845299,0.000072,0.002648,0.151408,0.000072,0.000072,0.00043
AAACGAGACGGTTGAT-1,0.00002,0.00002,0.000828,0.044151,0.084156,0.016059,0.854767
AAACGCTGGGCACGAC-1,0.056276,0.122434,0.000031,0.609326,0.195329,0.016417,0.000186
AAACGGGCGTACGGGT-1,0.000019,0.044615,0.000019,0.006205,0.416356,0.007426,0.525361
AAACGGGTTGGTATCC-1,0.006744,0.389216,0.014411,0.113053,0.000016,0.077075,0.399485
AAACGGTTGCGAACTG-1,0.044847,0.159605,0.219552,0.000037,0.007034,0.000037,0.568888
AAACTCGGTTCGCAAT-1,0.000026,0.014269,0.086582,0.028196,0.000026,0.146409,0.724491
AAACTGCTGGCTCCAA-1,0.002631,0.116675,0.000013,0.000013,0.126745,0.045528,0.708394
AAACTTAATTGCACGC-1,0.776079,0.000065,0.07323,0.150108,0.000065,0.000065,0.000389
AAACTTGCAAACGTAT-1,0.294655,0.000048,0.473743,0.000048,0.224317,0.000048,0.007141
AAAGAATGACCTTAGA-1,0.407756,0.591982,0.000026,0.000026,0.000026,0.000026,0.000157
AAAGAATGTGGACTAA-1,0.000011,0.090828,0.000011,0.005509,0.000929,0.39185,0.510863
AAAGACCCAAGTCGCG-1,0.000025,0.004001,0.068796,0.066938,0.000025,0.006643,0.853571
AAAGACTGGGCGCTTT-1,0.143763,0.334622,0.102384,0.000028,0.000028,0.004201,0.414974
AAAGGCCCTATAATAC-1,0.81417,0.110484,0.07256,0.000055,0.000055,0.000055,0.002621
AAAGGCTACGGACCAT-1,0.020211,0.044306,0.011237,0.000012,0.00259,0.006937,0.914707
AAAGGCTCTCGCGCCG-1,0.000021,0.052992,0.055961,0.002396,0.000021,0.039067,0.849543
AAAGGGATGTAGCAAG-1,0.000031,0.000031,0.000031,0.021223,0.012436,0.059978,0.906271
AAAGGGCAGCTTGAAT-1,0.038414,0.120951,0.11363,0.182166,0.209008,0.00214,0.333692
AAAGTAGCATTGCTCA-1,0.226374,0.000089,0.663224,0.108055,0.001631,0.000089,0.000537
AAAGTCACTGATGTAA-1,0.026745,0.130694,0.025921,0.031011,0.010006,0.013781,0.761842
AAAGTCGACCCTCAGT-1,0.226495,0.068606,0.618153,0.000053,0.061179,0.00379,0.021724
AAAGTGCCATCAATTA-1,0.022856,0.317179,0.000016,0.170552,0.137453,0.212496,0.139447
AAAGTGTGATTTATCT-1,0.014497,0.017118,0.000079,0.54591,0.104508,0.000079,0.31781
AAAGTTGACTCCCGTA-1,0.00009,0.00009,0.00009,0.933229,0.065875,0.00009,0.000538
AAATACCTATAAGCAT-1,0.000012,0.000012,0.000012,0.000012,0.006078,0.005127,0.988748
AAATAGGGTGCTATTG-1,0.00002,0.029921,0.00002,0.091092,0.036763,0.023893,0.81829
AAATCCGATACACGCC-1,0.000032,0.015584,0.022101,0.114495,0.02528,0.01484,0.807669
AAATCGCGGAAGGAGT-1,0.999296,0.000064,0.000064,0.000064,0.000064,0.000064,0.000384
AAATCGTGTACCACAA-1,0.004822,0.150851,0.000053,0.001994,0.000026,0.000118,0.842135
AAATCTAGCCCTGCTA-1,0.000029,0.001444,0.032745,0.232506,0.049321,0.002716,0.681239
AAATCTGCCCGCGTCC-1,0.989585,0.010071,0.000034,0.000034,0.000034,0.000034,0.000207
AAATGACTGATCAAAC-1,0.115412,0.730766,0.064341,0.012657,0.039106,0.00008,0.037638
AAATGCTCGTTACGTT-1,0.00806,0.000043,0.242596,0.169003,0.007046,0.027332,0.545919
AAATGGCATGTCTTGT-1,0.000037,0.000037,0.000037,0.128257,0.000037,0.043968,0.827625
AAATGGCCCGTGCCCT-1,0.707038,0.000062,0.060883,0.000062,0.231525,0.000062,0.000369
AAATGGTCAATGTGCC-1,0.174536,0.000041,0.017916,0.459321,0.087294,0.000041,0.260851
AAATGTATCTTATCCC-1,0.253886,0.131662,0.121407,0.04846,0.005949,0.137598,0.301038
AAATGTGGGTGCTCCT-1,0.000013,0.250333,0.000013,0.010649,0.01802,0.154342,0.566631
AAATTAACGGGTAGCT-1,0.10148,0.085202,0.000055,0.535568,0.271219,0.000055,0.00642
AAATTAATAAGCGCGA-1,0.288214,0.182274,0.454637,0.005877,0.000052,0.020021,0.048926
AAATTGATAGTCCTTT-1,0.033305,0.231243,0.562348,0.074181,0.000082,0.071559,0.027282
AAATTGCGGCGGTTCT-1,0.014287,0.193143,0.000018,0.010765,0.050154,0.041449,0.690185
AAATTTGCGGGTGTGG-1,0.090928,0.000041,0.403688,0.219373,0.155757,0.01488,0.115333
AACAACTGGTAGTTGC-1,0.160615,0.0367,0.019831,0.051173,0.000042,0.000042,0.731598
AACAATACATTGTCGA-1,0.250977,0.231802,0.124211,0.030088,0.019417,0.000034,0.343471
AACAATTACTCTACGC-1,0.000026,0.157251,0.12829,0.004167,0.096819,0.013384,0.600063
AACACACGCTCGCCGC-1,0.000039,0.000039,0.02513,0.039717,0.156066,0.030778,0.748231
AACACGACTGTACTGA-1,0.000054,0.000054,0.011197,0.136791,0.000054,0.064251,0.787601
AACACGAGACGCGGCC-1,0.300642,0.000062,0.682238,0.016565,0.000062,0.000062,0.00037
AACACGCGGCCGCGAA-1,0.012654,0.027191,0.086922,0.208199,0.07595,0.118274,0.47081
AACAGCTGTGTGGCAA-1,0.335713,0.000066,0.588771,0.000066,0.000066,0.000066,0.075252
AACAGGAAATCGAATA-1,0.000035,0.000035,0.000035,0.293073,0.153044,0.000035,0.553743
AACAGGATGGGCCGCG-1,0.000022,0.000022,0.043375,0.036919,0.000022,0.028843,0.890795
AACATAGCGTGTATCG-1,0.000013,0.129583,0.026811,0.02045,0.000013,0.368268,0.454861
AACATTGAAGTTGATC-1,0.765043,0.000115,0.23381,0.000115,0.000115,0.000115,0.000688
AACATTGGTCAGCCGT-1,0.000023,0.449325,0.000032,0.015975,0.000023,0.133554,0.401068
AACATTGTGACTCGAG-1,0.000043,0.0506,0.279968,0.042131,0.000043,0.009438,0.617776
AACCAAGACTTCTCTG-1,0.027601,0.331126,0.076993,0.002708,0.000024,0.000024,0.561522
AACCATAGGGTTGAAC-1,0.845964,0.105053,0.000051,0.029848,0.000051,0.018726,0.000307
AACCATGGGATCGCTA-1,0.00002,0.020694,0.066395,0.00741,0.112735,0.019113,0.773632
AACCCAGAGACGGAGA-1,0.001765,0.000029,0.347025,0.159886,0.138246,0.001755,0.351294
AACCCATCCCATGATC-1,0.689839,0.000065,0.191368,0.000065,0.118211,0.000065,0.000388
AACCCGACAACCCGTG-1,0.345456,0.000137,0.516479,0.136835,0.000137,0.000137,0.00082
AACCCGAGCAGAATCG-1,0.028693,0.069569,0.00004,0.211632,0.66664,0.00004,0.023386
AACCCGCTGTATTCCA-1,0.199948,0.179267,0.307299,0.020801,0.245855,0.015637,0.031194
AACCCTACTGTCAATA-1,0.0081,0.000119,0.036802,0.954025,0.000119,0.000119,0.000715
AACCCTGGTGGAACCA-1,0.000019,0.017829,0.000019,0.002327,0.452587,0.09598,0.431239
AACCGAGCTTGGTCAT-1,0.025295,0.051687,0.000018,0.000018,0.034773,0.014297,0.873912
AACCGCTAAGGGATGC-1,0.000016,0.011832,0.000016,0.020616,0.061185,0.098045,0.808289
AACCGTTGTGTTTGCT-1,0.000042,0.000042,0.008755,0.08432,0.171047,0.000633,0.735161
AACCTAAAGCCGTCCG-1,0.050021,0.068648,0.000051,0.620771,0.09518,0.003348,0.161981
AACCTCGCTTTAGCCC-1,0.000011,0.105798,0.000011,0.000011,0.035657,0.000308,0.858202
AACCTTTAAATACGGT-1,0.000036,0.009862,0.055241,0.154551,0.017711,0.011219,0.751379
AACGAAAGTCGTCCCA-1,0.714384,0.000083,0.170138,0.003032,0.111783,0.000083,0.000498
AACGACCTCCTAGCCG-1,0.000011,0.112463,0.000011,0.010224,0.089027,0.495901,0.292364
AACGATAATGCCGTAG-1,0.012892,0.023998,0.006515,0.08264,0.001019,0.03037,0.842567
AACGATAGAAGGGCCG-1,0.000016,0.000016,0.000016,0.000016,0.000016,0.038025,0.961896
AACGATATGTCAACTG-1,0.000022,0.058449,0.000022,0.035187,0.092678,0.039385,0.774257
AACGCGAACGGCAACA-1,0.012183,0.037521,0.098314,0.041282,0.22454,0.055654,0.530506
AACGCGACCTTGGGCG-1,0.016323,0.000058,0.649588,0.2718,0.000058,0.000058,0.062116
AACGCGGTCTCCAGCC-1,0.000046,0.000046,0.000214,0.047408,0.044323,0.103074,0.804889
AACGCTGTTGCTGAAA-1,0.00002,0.00002,0.003718,0.00002,0.019515,0.030405,0.9463
AACGGACGTACGTATA-1,0.000015,0.032639,0.000015,0.00018,0.061434,0.080335,0.825382
AACGGCCATCTCCGGT-1,0.000011,0.092724,0.004759,0.002166,0.006617,0.032091,0.861632
AACGTACTGTGGGTAC-1,0.108019,0.001852,0.303475,0.058542,0.017382,0.009736,0.500993
AACGTAGTCTACCCAT-1,0.000013,0.183826,0.000013,0.000013,0.037691,0.035492,0.742952
AACGTCAGACTAGTGG-1,0.000034,0.039488,0.146771,0.075003,0.054648,0.066686,0.617369
AACGTCATCCGGCTTG-1,0.095352,0.357762,0.217748,0.002268,0.078809,0.009044,0.239017
AACGTCGCTGCACTTC-1,0.000013,0.288463,0.000013,0.000013,0.16126,0.345818,0.204419
AACGTGATGAAGGACA-1,0.087263,0.000052,0.000052,0.019137,0.893131,0.000052,0.000313
AACGTGCGAAAGTCTC-1,0.026295,0.035101,0.016719,0.01967,0.044905,0.084027,0.773283
AACGTTATCAGCACCT-1,0.411338,0.000101,0.444019,0.143737,0.000101,0.000101,0.000604
AACGTTCTACCATTGT-1,0.000022,0.231324,0.000022,0.081956,0.235934,0.25371,0.197031
AACTAGCGTATCGCAC-1,0.000036,0.035517,0.000036,0.004544,0.037245,0.026539,0.896084
AACTAGGCTTGGGTGT-1,0.000029,0.00529,0.003666,0.087549,0.000029,0.000403,0.903034
AACTCAAGTTAATTGC-1,0.014354,0.108371,0.009859,0.000013,0.005362,0.010455,0.851586
AACTCCAGAGCGTGTT-1,0.000058,0.000058,0.000058,0.295165,0.000058,0.000058,0.704544
AACTCGATAAACACGT-1,0.000013,0.140371,0.025192,0.004059,0.000013,0.588654,0.241698
AACTCGATGGCGCAGT-1,0.00005,0.00005,0.091076,0.104401,0.027537,0.034726,0.742159
AACTCTCAATAGAGCG-1,0.000081,0.000081,0.178933,0.302143,0.277652,0.000081,0.241029
AACTCTCAGTGTGCTC-1,0.000014,0.030529,0.012096,0.000014,0.000014,0.012641,0.944693
AACTGATATTAGGCCT-1,0.012219,0.015451,0.000038,0.258066,0.347327,0.065733,0.301165
AACTGGGTCCCGACGT-1,0.000046,0.000046,0.000046,0.167228,0.09349,0.000046,0.739099
AACTGGTGTGGGCCTT-1,0.000021,0.142653,0.000021,0.005876,0.000021,0.079768,0.771638
AACTTCTGCGTCTATC-1,0.048174,0.00011,0.657932,0.017506,0.096801,0.00011,0.179367
AACTTGCCCGTATGCA-1,0.000066,0.000066,0.134723,0.133681,0.000066,0.000066,0.731331
AACTTGCGTTCTCGCG-1,0.058673,0.000101,0.445781,0.367036,0.000101,0.000101,0.128207
AACTTTACGGGAGCTT-1,0.311809,0.000097,0.457189,0.1761,0.000097,0.000097,0.054613
AACTTTAGCTGCTGAG-1,0.000062,0.077482,0.025218,0.213651,0.000062,0.058728,0.624798
AAGAAAGTTTGATGGG-1,0.430859,0.56848,0.000066,0.000066,0.000066,0.000066,0.000397
AAGAAGGATCAGTTAG-1,0.000013,0.07964,0.035587,0.000013,0.000013,0.028368,0.856366
AAGACATACGTGGTTT-1,0.000016,0.105861,0.000016,0.103647,0.100438,0.162066,0.527955
AAGACCAAATAACTCA-1,0.771032,0.15664,0.000032,0.000032,0.072039,0.000032,0.000193
AAGACCCAACTGAACA-1,0.000021,0.02503,0.041775,0.130068,0.00161,0.056776,0.744721
AAGACTAACCCGTTGT-1,0.000037,0.000037,0.123929,0.321228,0.09429,0.088841,0.371638
AAGACTGCAAGCTACT-1,0.008194,0.012244,0.031247,0.051811,0.030791,0.146608,0.719105
AAGAGATGAATCGGTA-1,0.000039,0.143826,0.220583,0.081618,0.011933,0.010813,0.531187
AAGAGCTCTTTATCGG-1,0.000026,0.041722,0.000026,0.016929,0.120071,0.082546,0.73868
AAGAGGATGTACGCGA-1,0.0004,0.115647,0.000022,0.000022,0.043176,0.000022,0.840712
AAGAGGCATGGATCGC-1,0.000012,0.05515,0.000012,0.000012,0.017425,0.132212,0.795177
AAGAGGCCCTTTGGAA-1,0.000011,0.166204,0.000011,0.000011,0.006048,0.011327,0.816386
AAGATGGCACCGGACC-1,0.080482,0.000059,0.56953,0.333371,0.000059,0.000059,0.01644
AAGCACCCTGCGTATC-1,0.000037,0.000037,0.175311,0.116623,0.066527,0.014224,0.62724
AAGCATACTCTCCTGA-1,0.000015,0.068808,0.027202,0.026492,0.010199,0.053613,0.813671
AAGCCACTTGCAGGTA-1,0.93936,0.020336,0.039891,0.000046,0.000046,0.000046,0.000275
AAGCCGCCGTGAAATC-1,0.80482,0.000056,0.162435,0.032241,0.000056,0.000056,0.000336
AAGCCGGAGAGCAGGA-1,0.136248,0.458648,0.000024,0.365145,0.039769,0.000024,0.000143
AAGCGCAGGGCTTTGA-1,0.000027,0.000062,0.109881,0.071906,0.000027,0.095359,0.722739
AAGCGTCCCTCATCGA-1,0.202635,0.000074,0.66601,0.065262,0.065497,0.000074,0.000447
AAGCTAGATCGAGTAA-1,0.000024,0.001511,0.03025,0.090136,0.000024,0.054362,0.823693
AAGCTATGGATTGACC-1,0.531742,0.228072,0.00003,0.033673,0.018349,0.004387,0.183746
AAGCTCGTGCCAAGTC-1,0.000029,0.000029,0.000029,0.050667,0.006203,0.037622,0.90542
AAGCTCTTTCATGGTG-1,0.00005,0.00005,0.041111,0.26207,0.148446,0.015737,0.532536
AAGGAGAACTTATAAG-1,0.000028,0.03775,0.000028,0.074864,0.026243,0.205402,0.655685
AAGGAGCGGTTGGTGC-1,0.000017,0.019645,0.003122,0.000017,0.024751,0.050588,0.901861
AAGGATGAGGGACCTC-1,0.000095,0.000095,0.144299,0.681028,0.073914,0.000095,0.100475
AAGGCGCGTAAAGCTT-1,0.000037,0.009424,0.25142,0.317096,0.000037,0.000037,0.421948
AAGGCTGTGCTCATCG-1,0.000041,0.000041,0.079498,0.048419,0.073399,0.01072,0.787881
AAGGGAACGACTGGCT-1,0.690131,0.000071,0.288446,0.019659,0.0012,0.000071,0.000423
AAGGGACTATGCATTC-1,0.411626,0.000103,0.587347,0.000103,0.000103,0.000103,0.000616
AAGGGTTAGCCATGCG-1,0.000008,0.284113,0.000008,0.000008,0.000122,0.245315,0.470425
AAGGGTTTGATTTCAG-1,0.999533,0.000042,0.000042,0.000042,0.000042,0.000042,0.000255
AAGGTATCCTAATATA-1,0.000061,0.000061,0.001087,0.80823,0.128127,0.000061,0.062372
AAGGTGATAAACCAGC-1,0.000019,0.059499,0.00163,0.055741,0.137578,0.041152,0.704382
AAGTAAGCTTCCAAAC-1,0.00001,0.348872,0.00001,0.00001,0.00001,0.085666,0.565421
AAGTAGAAGACCGGGT-1,0.000033,0.017801,0.033335,0.037459,0.000033,0.001639,0.909701
AAGTAGTGACGCGAGG-1,0.000031,0.010253,0.120663,0.046308,0.000031,0.05081,0.771905
AAGTCAATTGTCGTCA-1,0.048744,0.000088,0.029648,0.549924,0.370984,0.000088,0.000525
AAGTCTTCTGTGGCCT-1,0.82358,0.062278,0.000073,0.113483,0.000073,0.000073,0.000439
AAGTGACGACCGAATT-1,0.043802,0.000066,0.529753,0.089222,0.018315,0.000066,0.318776
AAGTGAGTCGGGTTTA-1,0.000082,0.000082,0.325701,0.407326,0.000082,0.000082,0.266644
AAGTGCAAAGGTAGAC-1,0.391004,0.000092,0.27658,0.331584,0.000092,0.000092,0.000555
AAGTGCGTTAGAATCT-1,0.151,0.004602,0.630112,0.000062,0.086324,0.001424,0.126476
AAGTGCTTCTCTATTG-1,0.441302,0.000062,0.336202,0.000062,0.174779,0.005031,0.042562
AAGTGTTTGGAGACGG-1,0.000026,0.000026,0.006935,0.01782,0.337687,0.014615,0.622891
AAGTTCACTCCAAGCT-1,0.00002,0.00002,0.00002,0.012841,0.182923,0.007739,0.796436
AAGTTCGGCCAACAGG-1,0.000044,0.01497,0.126198,0.332544,0.041471,0.004671,0.480102
AAGTTGTGATGTTATA-1,0.016335,0.000049,0.002825,0.513444,0.190682,0.02279,0.253874
AAGTTTACTAATGGCA-1,0.000018,0.002171,0.000018,0.000018,0.000018,0.071007,0.926749
AAGTTTATGGGCCCAA-1,0.000024,0.065526,0.062177,0.115173,0.000024,0.050294,0.706781
AATAACAACGCTCGGC-1,0.000039,0.000039,0.163787,0.261685,0.000039,0.000039,0.574373
AATAACACTAGAACAA-1,0.000027,0.105704,0.1924,0.103228,0.003277,0.047625,0.547738
AATAACGTCGCGCCCA-1,0.000009,0.113905,0.000009,0.000009,0.008639,0.456516,0.420913
AATAAGTCCTCGAGAC-1,0.000031,0.023436,0.000031,0.116896,0.003108,0.06829,0.788207
AATACAATGTTTCAGG-1,0.268946,0.000079,0.651233,0.042494,0.000079,0.000079,0.037089
AATACCGGAGGGCTGT-1,0.74209,0.00007,0.056927,0.16071,0.039717,0.00007,0.000417
AATACCTGATGTGAAC-1,0.000018,0.174551,0.000018,0.03635,0.184049,0.417312,0.187704
AATAGAACAGAGTGGC-1,0.000029,0.032457,0.23696,0.198985,0.000029,0.058751,0.472788
AATAGAATCTGTTTCA-1,0.000027,0.002322,0.006183,0.025045,0.150219,0.144096,0.672109
AATAGGCACGACCCTT-1,0.364015,0.543153,0.000018,0.000018,0.000018,0.007919,0.084859
AATAGTCCGTCCCGAC-1,0.030254,0.00004,0.196545,0.309444,0.00004,0.016116,0.44756
AATAGTCGCGAGTCGG-1,0.760966,0.000065,0.134495,0.000039,0.009214,0.000039,0.095182
AATATCAAGGTCGGAT-1,0.01543,0.017415,0.100476,0.043562,0.022265,0.01197,0.788881
AATATCCTAGCAAACT-1,0.475238,0.34714,0.125136,0.000056,0.000056,0.000056,0.052317
AATATTGGAGTATTGA-1,0.00006,0.013967,0.331334,0.033652,0.025003,0.075276,0.520708
AATCAGACTGCAGGAC-1,0.000015,0.015,0.001761,0.000015,0.000015,0.302968,0.680225
AATCAGGTTTCATTTA-1,0.255425,0.414199,0.021022,0.000032,0.000032,0.044825,0.264465
AATCATGTAAAGACTC-1,0.000025,0.000025,0.023055,0.007919,0.062097,0.001084,0.905795
AATCCAAGGGCCTGAG-1,0.007641,0.055274,0.000471,0.000012,0.024706,0.000398,0.911499
AATCCATGCAAGGGTG-1,0.000015,0.019221,0.065475,0.000015,0.000015,0.128433,0.786826
AATCCCGCTCAGAGCC-1,0.130797,0.298318,0.180696,0.012251,0.13326,0.036562,0.208116
AATCGAGGTCTCAAGG-1,0.000011,0.137337,0.045204,0.000011,0.000011,0.516193,0.301234
AATCGCCTCAGCGCCA-1,0.00004,0.093551,0.020746,0.060743,0.0694,0.01339,0.742128
AATCGGGACACTACGA-1,0.000014,0.00017,0.000014,0.000014,0.000014,0.049875,0.949899
AATCGGTATAGCCCTC-1,0.003822,0.018605,0.006561,0.051573,0.303751,0.353424,0.262265
AATCGTGAGCCGAGCA-1,0.010254,0.039917,0.104515,0.171864,0.000031,0.016854,0.656565
AATCTAGGTTTACTTG-1,0.748132,0.000076,0.251112,0.000076,0.000076,0.000076,0.000454
AATCTCTACTGTGGTT-1,0.332843,0.14269,0.265024,0.042168,0.000065,0.037482,0.179727
AATCTGCGTTGGGACG-1,0.000096,0.000096,0.000096,0.769563,0.083978,0.000096,0.146076
AATCTGGCTTTCTAGT-1,0.63545,0.000084,0.363706,0.000084,0.000084,0.000084,0.000507
AATGACAGCAATGTCT-1,0.083623,0.25498,0.029742,0.028861,0.103208,0.000034,0.499552
AATGACGTAGGATGTC-1,0.000016,0.000016,0.000016,0.000016,0.000084,0.050897,0.948955
AATGACTGTCAGCCGG-1,0.000026,0.00433,0.04453,0.015093,0.000026,0.014696,0.921298
AATGAGTTCGCATATG-1,0.000024,0.294871,0.066025,0.000024,0.003293,0.000024,0.635738
AATGCAACCGGGTACC-1,0.000026,0.000026,0.035346,0.035047,0.003813,0.040569,0.885173
AATGGTCCACCGTTCA-1,0.228462,0.000063,0.465251,0.075015,0.230769,0.000063,0.000378
AATGGTTCTCACAAGC-1,0.045034,0.119141,0.055335,0.000013,0.003107,0.011836,0.765535
AATGTATGGCACTGTA-1,0.99939,0.000055,0.000055,0.000055,0.000055,0.000055,0.000333
AATGTGCCCGAGGTGT-1,0.20213,0.000086,0.419857,0.011907,0.00649,0.000086,0.359443
AATGTGCTAATCTGAG-1,0.735069,0.000075,0.241815,0.000075,0.000075,0.000075,0.022818
AATGTTAAGACCCTGA-1,0.027395,0.206032,0.00207,0.062142,0.033818,0.333587,0.334956
AATGTTGTCGTGAGAC-1,0.000018,0.009515,0.000018,0.006255,0.020467,0.228766,0.73496
AATTAAAGGTCGGCGT-1,0.000021,0.000021,0.082492,0.003428,0.035461,0.000021,0.878555
AATTAACGGATTTCCA-1,0.000015,0.02407,0.001575,0.000659,0.009058,0.008182,0.956441
AATTACGAGACCCATC-1,0.610694,0.140682,0.070678,0.000079,0.000079,0.101736,0.076051
AATTACTCGTACGCTC-1,0.041142,0.359197,0.00002,0.00002,0.00002,0.051022,0.548579
AATTAGCGCTGCAGCG-1,0.000018,0.186889,0.000018,0.001614,0.000018,0.00524,0.806203
AATTATACCCAGCAAG-1,0.042417,0.173993,0.076467,0.038614,0.085241,0.336614,0.246654
AATTCATTGTCATGCA-1,0.640929,0.346343,0.000051,0.000051,0.000051,0.012267,0.000308
AATTCCAACTTGGTGA-1,0.062346,0.158599,0.071211,0.389152,0.000025,0.242368,0.0763
AATTCCAAGCATGTAC-1,0.000029,0.085512,0.125819,0.050598,0.040981,0.010246,0.686815
AATTCGATTCGAGGAT-1,0.000052,0.000052,0.133542,0.111516,0.000052,0.000052,0.754736
AATTCTAGAGTTAGGC-1,0.000038,0.000038,0.030106,0.162618,0.006673,0.004203,0.796325
AATTGAACGCTCTGGT-1,0.000023,0.010548,0.000023,0.058021,0.330098,0.084219,0.517067
AATTGCAGCAATCGAC-1,0.000012,0.069853,0.000012,0.000012,0.002274,0.07965,0.848188
AATTGCGTGGATTACA-1,0.943797,0.000068,0.000068,0.05552,0.000068,0.000068,0.00041
AATTGTGGTTGCCAAA-1,0.00003,0.00003,0.00003,0.669283,0.096198,0.147083,0.087348
AATTTGGTTCCAAAGA-1,0.000033,0.000033,0.000033,0.034669,0.003104,0.000033,0.962097
ACAAACCATGCGTCCT-1,0.709039,0.013025,0.000069,0.134461,0.142922,0.000069,0.000415
ACAAACCGACAAGGCG-1,0.000041,0.003376,0.000041,0.663672,0.032602,0.134817,0.165451
ACAAACTCCATCAGAG-1,0.119098,0.713551,0.053761,0.000014,0.005724,0.02623,0.081622
ACAAAGAAGGTAGGCC-1,0.47038,0.21757,0.222884,0.000049,0.000049,0.000049,0.089019
ACAAAGCATGACCTAG-1,0.008456,0.022635,0.051419,0.013881,0.055035,0.10953,0.739042
ACAAATCGCACCGAAT-1,0.000016,0.014741,0.000016,0.004933,0.167381,0.119641,0.693272
ACAAATGGTAGTGTTT-1,0.000036,0.000036,0.013596,0.084106,0.137435,0.001756,0.763035
ACAACAGCATGAGCTA-1,0.000018,0.005451,0.002719,0.000027,0.13453,0.066728,0.790527
ACAACGGTCCCTGCGA-1,0.000035,0.00687,0.254463,0.062595,0.000035,0.067276,0.608725
ACAAGCAGTGCCTAGC-1,0.051594,0.046711,0.032033,0.02244,0.267453,0.000061,0.579709
ACAAGCTATATGGAAG-1,0.761125,0.000092,0.113927,0.099512,0.000092,0.000092,0.02516
ACAAGGAAATCCGCCC-1,0.000051,0.000051,0.010858,0.319192,0.000051,0.000051,0.669748
ACAAGGACAAGAGGTT-1,0.002356,0.000029,0.131502,0.127051,0.313942,0.029472,0.395649
ACAAGGATGCTTTAGG-1,0.000022,0.029684,0.023185,0.07223,0.000022,0.050846,0.824012
ACAAGGGCAGGCTCTG-1,0.04796,0.059699,0.033509,0.001443,0.141567,0.018225,0.697596
ACAAGTAATTGTAAGG-1,0.918234,0.000068,0.081084,0.000068,0.000068,0.000068,0.000409
ACAATAGTCGTACGTT-1,0.308211,0.000074,0.57155,0.000074,0.119575,0.000074,0.000443
ACAATCCATTTAAACC-1,0.000034,0.024013,0.153936,0.098714,0.000034,0.047391,0.675878
ACAATCGATCTTTATA-1,0.000026,0.046347,0.000026,0.042,0.000026,0.354838,0.556738
ACAATGAATACGGAGA-1,0.392612,0.000066,0.16774,0.000877,0.438241,0.000066,0.000398
ACAATTGTGTCTCTTT-1,0.000024,0.021457,0.000024,0.076718,0.039064,0.033743,0.828969
ACAATTTAGGAGGCTC-1,0.647786,0.000092,0.059002,0.217623,0.074855,0.000092,0.00055
ACAATTTGAGCAGTGG-1,0.000068,0.000068,0.000068,0.857347,0.123276,0.000068,0.019104
ACACAAAGACGGGTGG-1,0.006284,0.026801,0.017424,0.261993,0.091566,0.016741,0.57919
ACACACCAGGACCAGT-1,0.000033,0.000033,0.062858,0.014703,0.121655,0.001585,0.799132
ACACACTTTCTACACG-1,0.000028,0.024817,0.000028,0.000028,0.046864,0.015162,0.913073
ACACATGATCAAATCT-1,0.770853,0.000088,0.021711,0.206647,0.000088,0.000088,0.000526
ACACATTGACGCAACA-1,0.023873,0.335138,0.015157,0.10675,0.00002,0.113776,0.405284
ACACATTTCCGTAGAC-1,0.08209,0.186666,0.025275,0.06651,0.048918,0.219888,0.370652
ACACCCAGCATGCAGC-1,0.023102,0.113901,0.012977,0.063395,0.078994,0.000025,0.707605
ACACCCGAGAAATCCG-1,0.019633,0.006098,0.047453,0.063317,0.000041,0.035127,0.82833
ACACCGAGCGCTCTTT-1,0.410505,0.215901,0.020925,0.173674,0.160815,0.000055,0.018125
ACACCGGTCTGACCGC-1,0.634993,0.364417,0.000059,0.000059,0.000059,0.000059,0.000354
ACACCTTAAGTAGGGC-1,0.021854,0.058351,0.003792,0.0554,0.332474,0.000041,0.528088
ACACGAGACTCCTTCT-1,0.008295,0.00003,0.055426,0.021404,0.089294,0.01869,0.80686
ACACGGCACTATGCAT-1,0.000036,0.080349,0.000036,0.04819,0.034369,0.058218,0.778802
ACACGGGAACTTAGGG-1,0.000035,0.008469,0.000035,0.102418,0.298666,0.035353,0.555022
ACACGTAGGCCACAAG-1,0.010182,0.000038,0.000038,0.111141,0.330994,0.000038,0.547568
ACACTCCAATGTCACT-1,0.138145,0.255878,0.020633,0.000024,0.466645,0.000031,0.118645
ACACTGATCAAGGTGT-1,0.002219,0.005205,0.061617,0.009583,0.007844,0.000028,0.913505
ACACTGGGACAGTCGT-1,0.000091,0.000091,0.000091,0.875888,0.002108,0.000091,0.12164
ACAGAACTGAGAACAA-1,0.323302,0.00009,0.574697,0.016281,0.013524,0.00009,0.072017
ACAGATTAGGTTAGTG-1,0.000021,0.000021,0.000021,0.000021,0.024799,0.000021,0.975097
ACAGCATAGAGCCAGT-1,0.000053,0.000053,0.047186,0.196706,0.005074,0.065882,0.685046
ACAGCGACATTCTCAT-1,0.00004,0.00004,0.00004,0.013896,0.13587,0.014109,0.836005
ACAGCGCACCCGCAGC-1,0.024187,0.000091,0.029624,0.849459,0.053275,0.000091,0.043273
ACAGGCACGGATCCTT-1,0.028635,0.021973,0.001042,0.056578,0.056725,0.112141,0.722906
ACAGGCTTGCCCGACT-1,0.000059,0.000059,0.000059,0.436717,0.305069,0.000059,0.257979
ACAGGTGGAGGTGAGG-1,0.003159,0.000049,0.178539,0.290219,0.142127,0.009299,0.376608
ACAGGTGTGTTGTTGC-1,0.485682,0.08316,0.191658,0.06152,0.000054,0.158358,0.019568
ACAGTAATACAACTTG-1,0.56887,0.067755,0.006307,0.000034,0.201587,0.000034,0.155414
ACATAAGTCGTGGTGA-1,0.791505,0.000111,0.207381,0.000111,0.000111,0.000111,0.000668
ACATAATAAGGCGGTG-1,0.000036,0.000036,0.002392,0.037228,0.21506,0.071037,0.674211
ACATACAATCAAGCGG-1,0.0428,0.076463,0.032555,0.002858,0.113354,0.069428,0.662543
ACATCAGCTGGGACGC-1,0.382134,0.000053,0.12844,0.001452,0.487553,0.000053,0.000315
ACATCCCGGCCATACG-1,0.045408,0.019168,0.052486,0.000033,0.081037,0.000033,0.801834
ACATCGATCGTTTACC-1,0.000049,0.000049,0.030383,0.059181,0.000049,0.011152,0.899136
ACATCGCAATATTCGG-1,0.628706,0.25703,0.080322,0.000056,0.000056,0.033491,0.000337
ACATCGGTCAGCCGCG-1,0.000035,0.000035,0.170948,0.013573,0.000035,0.000786,0.814589
ACATCGTATGCAATGG-1,0.000029,0.000029,0.033713,0.058059,0.118818,0.057368,0.731983
ACATCGTTAACCTAGT-1,0.000041,0.107857,0.000041,0.115884,0.110374,0.008269,0.657534
ACATCTCAACGCGTAA-1,0.000019,0.237604,0.000019,0.000019,0.017279,0.097036,0.648023
ACATGCTTACGGCAGC-1,0.961138,0.038311,0.000055,0.000055,0.000055,0.000055,0.00033
ACATGGCTCAATTTAG-1,0.000118,0.016003,0.219268,0.203958,0.000049,0.125828,0.434775
ACATTAGTTTATATCC-1,0.000033,0.064243,0.040195,0.006777,0.020152,0.000033,0.868567
ACATTCGCGCGGAATA-1,0.844401,0.06408,0.001521,0.061718,0.000066,0.027818,0.000396
ACATTTGAAACCTAAC-1,0.000007,0.203064,0.000007,0.00064,0.000007,0.388048,0.408226
ACCAAACTAGAAATCC-1,0.000032,0.005836,0.000032,0.138456,0.000032,0.143451,0.71216
ACCAACCGCACTCCAC-1,0.004209,0.0638,0.000276,0.062285,0.442238,0.087212,0.33998
ACCAACGCTTATTTAT-1,0.000047,0.000047,0.32276,0.294847,0.000801,0.007272,0.374227
ACCAAGAACGCGTGTC-1,0.000029,0.000029,0.08161,0.103559,0.000029,0.004631,0.810112
ACCAAGTCATCGGCAG-1,0.011642,0.053236,0.003442,0.036825,0.018835,0.352672,0.523348
ACCAATATGCAAGTTA-1,0.018709,0.015678,0.004652,0.07045,0.011977,0.069426,0.809107
ACCACAACTCAGAACA-1,0.109341,0.000072,0.000072,0.600571,0.289437,0.000072,0.000434
ACCACAAGTTTCTATC-1,0.000031,0.000909,0.011642,0.086924,0.029657,0.004683,0.866154
ACCACACGGTTGATGG-1,0.050828,0.527911,0.000396,0.00001,0.001652,0.046108,0.373095
ACCACGTGCAGCTATA-1,0.031447,0.004618,0.000665,0.000088,0.116534,0.003972,0.842676
ACCACTGTTCAAGAAG-1,0.060055,0.332829,0.070738,0.100289,0.089936,0.066094,0.280059
ACCAGACCATAACAAC-1,0.795355,0.070489,0.020394,0.113218,0.000068,0.000068,0.000408
ACCAGCCCGGTCTTTG-1,0.000056,0.000056,0.000056,0.185593,0.000056,0.127464,0.68672
ACCAGGAGTGTGATCT-1,0.00003,0.00003,0.00003,0.047085,0.00003,0.093101,0.859693
ACCAGTGCGGGAGACG-1,0.000022,0.005891,0.027348,0.000022,0.616166,0.014936,0.335616
ACCATATCCGCAATAA-1,0.000021,0.112143,0.000021,0.024921,0.13406,0.054566,0.674268
ACCATCCGCCAACTAG-1,0.630535,0.000069,0.326448,0.00902,0.033449,0.000069,0.000412
ACCATCGTATATGGTA-1,0.000048,0.000048,0.166363,0.301945,0.000048,0.000048,0.5315
ACCATTAAGGGTGTCA-1,0.031251,0.354718,0.101992,0.000015,0.096493,0.065836,0.349695
ACCCAACGCCCGTGGC-1,0.090119,0.000058,0.000058,0.25559,0.653768,0.000058,0.000348
ACCCACCTACATGCTC-1,0.042464,0.101062,0.076453,0.014661,0.074737,0.03716,0.653463
ACCCATCTTGAGGGTA-1,0.000021,0.029795,0.038363,0.000021,0.010283,0.021177,0.900341
ACCCATTTGTCCCTCT-1,0.000033,0.026266,0.005382,0.056055,0.127423,0.076901,0.70794
ACCCGAGCGAAATTAC-1,0.161973,0.216849,0.396129,0.000055,0.000055,0.000055,0.224884
ACCCGATTGGTTCCGA-1,0.760672,0.000082,0.000082,0.047353,0.191237,0.000082,0.000492
ACCCGGAAACTCCCAG-1,0.000015,0.007945,0.000015,0.000015,0.000015,0.006337,0.985659
ACCCGGAGCACCACAA-1,0.081941,0.331718,0.000047,0.505895,0.03367,0.000047,0.046682
ACCCGGTTACACTTCC-1,0.000027,0.012661,0.052545,0.002458,0.000027,0.032537,0.899744
ACCCGTAGCAGAGAAT-1,0.955577,0.000055,0.001211,0.000055,0.042713,0.000055,0.000333
ACCCGTAGTCTAGTTG-1,0.000011,0.057875,0.000011,0.060217,0.113013,0.332102,0.436772
ACCCGTGTCATCAGTA-1,0.000029,0.010445,0.066516,0.064609,0.020553,0.026556,0.811292
ACCCTATAGGACTGAG-1,0.000042,0.000042,0.351543,0.059021,0.072074,0.137833,0.379444
ACCCTATGCCATATCG-1,0.012776,0.108597,0.158286,0.105271,0.000026,0.000026,0.615017
ACCCTCCCGTCAGGGC-1,0.025369,0.092596,0.031996,0.079368,0.079074,0.178765,0.512831
ACCCTCCCTTGCTATT-1,0.000027,0.038458,0.007509,0.054143,0.031405,0.085168,0.78329
ACCCTTCATCTGCGAA-1,0.000061,0.000061,0.124519,0.157511,0.000061,0.043077,0.674711
ACCCTTTAGTTCTCCA-1,0.024348,0.029668,0.000068,0.359535,0.269626,0.026605,0.29015
ACCGAAAGGGCCCTGC-1,0.000022,0.051663,0.026232,0.124228,0.000022,0.06219,0.735643
ACCGAAGAGTCTGGTT-1,0.604137,0.037106,0.355324,0.002592,0.000105,0.000105,0.000631
ACCGACACATCTCCCA-1,0.000025,0.042774,0.026654,0.103104,0.00932,0.000133,0.81799
ACCGACTGAGTCCCAC-1,0.00004,0.007212,0.031748,0.103449,0.12754,0.097511,0.632501
ACCGAGTCTCCTTATT-1,0.032231,0.144846,0.017436,0.001562,0.065251,0.254921,0.483755
ACCGATAGGCATAACC-1,0.098368,0.000087,0.042805,0.723393,0.029772,0.04102,0.064555
ACCGATGGTAGCATCG-1,0.000125,0.000125,0.003566,0.995188,0.000125,0.000125,0.000747
ACCGCAATAACTGCCT-1,0.000029,0.000029,0.007321,0.018277,0.033748,0.004847,0.935749
ACCGCTAGTCATTGGT-1,0.434374,0.565319,0.000031,0.000031,0.000031,0.000031,0.000185
ACCGGGCCTTTGTTGA-1,0.000043,0.000043,0.000043,0.329009,0.670562,0.000043,0.000257
ACCGGTCAGGTACACC-1,0.535054,0.00012,0.463747,0.00012,0.00012,0.00012,0.000719
ACCGTCCACTGGGCCC-1,0.999473,0.000048,0.000048,0.000048,0.000048,0.000048,0.000287
ACCGTGACCACGTGGG-1,0.288272,0.00007,0.260991,0.162169,0.288011,0.00007,0.000418
ACCGTTCCCGCTCTGA-1,0.000073,0.000073,0.004191,0.30278,0.074805,0.096351,0.521728
ACCTAAGTACCTTTCA-1,0.10165,0.184286,0.454201,0.065256,0.000061,0.058093,0.136453
ACCTAATCGACTTCCT-1,0.000048,0.000561,0.172264,0.1617,0.000048,0.115144,0.550234
ACCTACTATAAATCTA-1,0.000029,0.099207,0.18089,0.097141,0.013236,0.004839,0.604658
ACCTCAGCGAGGCGCA-1,0.01225,0.111113,0.00201,0.081766,0.071782,0.174268,0.546809
ACCTCCGCCCTCGCTG-1,0.000078,0.000078,0.006027,0.477714,0.341737,0.000078,0.174288
ACCTCGAACTTATGCT-1,0.891254,0.073773,0.000081,0.000081,0.034247,0.000081,0.000484
ACCTGCGTGTCATGTT-1,0.158929,0.000106,0.823409,0.016704,0.000106,0.000106,0.000639
ACCTTTCCTTTAGAAG-1,0.005884,0.077064,0.01828,0.115898,0.007018,0.392379,0.383477
ACGAAATGGGCGGCAC-1,0.000044,0.001602,0.638056,0.027975,0.000044,0.044916,0.287365
ACGACTCTAGGGCCGA-1,0.090868,0.041567,0.138446,0.101006,0.162739,0.21062,0.254755
ACGACTGGTCATACTC-1,0.207514,0.000068,0.5401,0.051934,0.000068,0.05606,0.144257
ACGAGAACCCATCACG-1,0.011247,0.054001,0.028521,0.009022,0.016476,0.089182,0.79155
ACGAGATATTTGCTTA-1,0.000141,0.000141,0.000141,0.84914,0.010585,0.000141,0.139711
ACGAGGATACCACTCT-1,0.499522,0.000091,0.361577,0.041737,0.000091,0.025132,0.071849
ACGAGGTTTACAACGT-1,0.61737,0.000107,0.300311,0.081353,0.000107,0.000107,0.000644
ACGAGTCGCCGGCGTT-1,0.006063,0.532836,0.007709,0.010724,0.025611,0.054376,0.362681
ACGATACATAGAACTA-1,0.085463,0.000046,0.000046,0.237218,0.676903,0.000046,0.000277
ACGATACCTATCCTGA-1,0.77385,0.000072,0.019905,0.142127,0.063539,0.000072,0.000434
ACGATCATACATAGAG-1,0.000929,0.064756,0.000031,0.065686,0.079811,0.058478,0.730308
ACGATGCATATGTTAT-1,0.000427,0.107623,0.110869,0.113387,0.156388,0.004265,0.507041
ACGATGGATCCGATGC-1,0.000048,0.000048,0.000048,0.12708,0.411605,0.026202,0.43497
ACGCAAACTAATAGAT-1,0.043645,0.168129,0.396201,0.261972,0.00005,0.00005,0.129952
ACGCATACGTTTACTA-1,0.000022,0.00005,0.000022,0.000022,0.026418,0.049159,0.924308
ACGCATTCGTGAGTAC-1,0.000036,0.000036,0.0394,0.041268,0.10722,0.092254,0.719787
ACGCCACTCGAAACAG-1,0.02696,0.164434,0.150501,0.455088,0.009941,0.148138,0.044937
ACGCCAGATGATTTCT-1,0.000027,0.096545,0.000027,0.002448,0.114698,0.001828,0.784425
ACGCCAGTGCGTTTGC-1,0.024533,0.019405,0.000014,0.004321,0.000014,0.26157,0.690143
ACGCCCAGCTGTCGAT-1,0.000027,0.250332,0.000027,0.006543,0.004627,0.106167,0.632279
ACGCCGCTAGACGACC-1,0.000043,0.000043,0.000045,0.159962,0.054924,0.011052,0.77393
ACGCGAAGTCAGACGA-1,0.00807,0.050341,0.019769,0.011655,0.187673,0.014078,0.708413
ACGCGCTACACAGGGT-1,0.03871,0.074658,0.142397,0.012384,0.016095,0.005235,0.71052
ACGCGGGCCAAGGACA-1,0.000034,0.000034,0.000231,0.088476,0.272387,0.001018,0.63782
ACGCGTTTCTTAAGAG-1,0.311708,0.000085,0.500115,0.059778,0.000085,0.122268,0.00596
ACGCTACTGAATGGGC-1,0.000013,0.140477,0.000013,0.000013,0.039002,0.396967,0.423515
ACGCTGTGAGGCGTAG-1,0.513544,0.000079,0.414144,0.026883,0.044797,0.000079,0.000474
ACGCTTAGTGTCTCTC-1,0.000127,0.000127,0.000127,0.723843,0.27489,0.000127,0.00076
ACGGAACACGAGTGCC-1,0.02179,0.160652,0.004126,0.040999,0.000017,0.272881,0.499537
ACGGAATTTAGCAAAT-1,0.000047,0.014428,0.230294,0.176457,0.011526,0.005438,0.56181
ACGGACGCAGCGACAA-1,0.999385,0.000056,0.000056,0.000056,0.000056,0.000056,0.000335
ACGGACTCTCAAAGCG-1,0.000013,0.004327,0.001214,0.000013,0.000611,0.006442,0.98738
ACGGATGGTGCGGATA-1,0.000028,0.000028,0.097223,0.044629,0.008124,0.032869,0.817099
ACGGCACTTGCTTGGG-1,0.000026,0.027984,0.005532,0.002782,0.025587,0.031131,0.906958
ACGGCCAACATGGACT-1,0.01512,0.010823,0.083773,0.114968,0.002011,0.04773,0.725574
ACGGCGACGATGGGAA-1,0.000052,0.000052,0.000052,0.285596,0.000052,0.015313,0.698884
ACGGCGGGTTGCCCTG-1,0.000035,0.00985,0.045679,0.08901,0.000035,0.052466,0.802927
ACGGCTGGATGTAGAA-1,0.827999,0.000071,0.165127,0.000071,0.006236,0.000071,0.000425
ACGGGAGTGTCGGCCC-1,0.025096,0.122884,0.564927,0.052846,0.000057,0.024547,0.209643
ACGGGTCATGTGACTT-1,0.055996,0.432962,0.000029,0.000503,0.136225,0.000029,0.374255
ACGGGTTGTGACCTGT-1,0.575887,0.409426,0.000024,0.000024,0.000024,0.014467,0.000147
ACGGTACAGTTCAATG-1,0.002361,0.150263,0.012253,0.154364,0.164492,0.226679,0.289588
ACGGTCACCGAGAACA-1,0.999618,0.000035,0.000035,0.000035,0.000035,0.000035,0.000208
ACGTACAGATTTCTCT-1,0.000042,0.000135,0.000042,0.002202,0.028268,0.082371,0.886939
ACGTACTTTGGCACGG-1,0.574878,0.299534,0.070115,0.000044,0.034377,0.000044,0.021008
ACGTAGATTGCTGATG-1,0.000051,0.000051,0.102452,0.253749,0.163085,0.000051,0.480561
ACGTAGGAGAGTCGCT-1,0.013753,0.176055,0.100109,0.137867,0.03088,0.02328,0.518057
ACGTATTACTCCGATC-1,0.010297,0.00017,0.00017,0.987999,0.00017,0.00017,0.001023
ACGTCCTAAACGAGAT-1,0.00004,0.00004,0.003102,0.383404,0.001128,0.281878,0.330407
ACGTCGGGCAACTCGG-1,0.586972,0.221055,0.086746,0.000028,0.000028,0.027157,0.078013
ACGTCTCGTTCCGGGA-1,0.53633,0.000084,0.312942,0.149969,0.000084,0.000084,0.000506
ACGTGACAAAGTAAGT-1,0.87668,0.000054,0.122784,0.000054,0.000054,0.000054,0.000322
ACGTGCGCCTCGTGCA-1,0.000024,0.000024,0.000024,0.000024,0.018907,0.0501,0.930896
ACGTGGTCGAATGTGC-1,0.000042,0.000042,0.000042,0.085731,0.654835,0.101045,0.158262
ACGTTAATGTCGAAGA-1,0.000021,0.000021,0.000021,0.000021,0.044009,0.033142,0.922764
ACGTTAGATTTGCCCG-1,0.000023,0.023019,0.073329,0.000023,0.000023,0.005079,0.898504
ACGTTATTGGTCACTC-1,0.080986,0.179815,0.449806,0.009003,0.010928,0.149415,0.120047
ACGTTCACTATGCCGC-1,0.790863,0.005402,0.075483,0.000048,0.012604,0.11528,0.00032
ACGTTCCGCGCTCCGT-1,0.017795,0.000039,0.020597,0.264907,0.000039,0.013645,0.682979
ACGTTCGTTCAGGAAA-1,0.000039,0.090613,0.345445,0.196606,0.002081,0.005523,0.359694
ACGTTCTGTACAAGTC-1,0.000036,0.000169,0.000036,0.048077,0.257555,0.043628,0.650499
ACGTTGTCGTTGAAAG-1,0.785671,0.000071,0.113447,0.035262,0.000071,0.000071,0.065406
ACGTTTAGTTGTGATC-1,0.000052,0.000052,0.017052,0.117592,0.000052,0.000052,0.865149
ACGTTTCGGTGCACTT-1,0.01932,0.068417,0.037638,0.028674,0.144975,0.106285,0.594691
ACTACAAAGAGAGGTG-1,0.330861,0.000067,0.34054,0.088366,0.088512,0.000179,0.151473
ACTACATCCCGACAAG-1,0.844022,0.143257,0.000066,0.000066,0.012126,0.000066,0.000397
ACTACCAGCTCTCTGG-1,0.000042,0.000042,0.23593,0.156162,0.229554,0.000042,0.378228
ACTACCATCCGAGGGC-1,0.93319,0.019555,0.003996,0.015144,0.00007,0.027628,0.000419
ACTACGCGTTAGAATT-1,0.051397,0.055822,0.004691,0.000013,0.014441,0.004212,0.869425
ACTAGTTGCGATCGTC-1,0.000107,0.000107,0.119435,0.436519,0.273123,0.000107,0.170602
ACTATCGCCGGCTAAA-1,0.11036,0.177957,0.145475,0.01274,0.182012,0.053236,0.31822
ACTATCTGCCCGCGTA-1,0.077339,0.083356,0.00009,0.468723,0.20645,0.00009,0.163951
ACTATGTCCAGCTGCC-1,0.724534,0.000203,0.273433,0.000203,0.000203,0.000203,0.00122
ACTATTCGTCCGTGGT-1,0.000024,0.052419,0.000024,0.000024,0.000024,0.077839,0.869648
ACTATTTCCGGGCCCA-1,0.137959,0.108229,0.060538,0.008354,0.06466,0.000026,0.620233
ACTCAACGAATGTATT-1,0.071846,0.018261,0.056462,0.225002,0.105367,0.13716,0.385902
ACTCAAGTGCAAGGCT-1,0.000022,0.010999,0.029787,0.051347,0.12582,0.006844,0.775181
ACTCAATAAAGGCACG-1,0.000048,0.000048,0.046122,0.185787,0.11634,0.029856,0.621799
ACTCAGACCTGCTTCT-1,0.011115,0.010312,0.064666,0.021397,0.017605,0.000041,0.874864
ACTCATGGCAGCCTTC-1,0.998968,0.000094,0.000094,0.000094,0.000094,0.000094,0.000563
ACTCCAATATCATCAT-1,0.622935,0.000077,0.078477,0.000077,0.297899,0.000077,0.000459
ACTCCCATTCCTAAAG-1,0.202578,0.000067,0.444907,0.064003,0.023483,0.08098,0.183982
ACTCCCTAATGCTAAA-1,0.000015,0.000601,0.01146,0.000299,0.004014,0.015669,0.967943
ACTCCCTAGAATAGTA-1,0.000016,0.000016,0.000016,0.000016,0.000016,0.015065,0.984854
ACTCCGGCCGACCACT-1,0.01053,0.087074,0.099959,0.190131,0.195356,0.018594,0.398355
ACTCGATGTATTTCAT-1,0.633088,0.000081,0.116075,0.000081,0.152405,0.000081,0.09819
ACTCGCCGTTCGATAA-1,0.000023,0.006197,0.003481,0.072537,0.183893,0.06513,0.668739
ACTCGTAACCCGTCCT-1,0.281201,0.000057,0.197444,0.005688,0.375509,0.000057,0.140044
ACTCGTCAGTAATCCC-1,0.000039,0.000039,0.032327,0.094374,0.638701,0.000039,0.23448
ACTCTAAACCTGGGAT-1,0.620117,0.000066,0.221636,0.157654,0.000066,0.000066,0.000395
ACTCTCTGACTTAGGT-1,0.00007,0.00007,0.034434,0.21869,0.00007,0.000803,0.745863
ACTCTCTTATACACGA-1,0.038591,0.00013,0.190794,0.495989,0.241566,0.00013,0.032799
ACTCTGACCTAATAGA-1,0.047296,0.056229,0.025128,0.144331,0.007811,0.04027,0.678934
ACTCTTGTATAGTAAC-1,0.000041,0.000041,0.024298,0.10549,0.207046,0.026291,0.636794
ACTGAAACGCCGTTAG-1,0.000018,0.02079,0.000018,0.000018,0.005119,0.003195,0.970841
ACTGAATGGCGAAAGT-1,0.000026,0.000026,0.009289,0.076828,0.125277,0.002808,0.785746
ACTGATTTAGTGATTC-1,0.047392,0.000087,0.000087,0.499699,0.45213,0.000087,0.000519
ACTGCCCGCCATTCTC-1,0.509116,0.112871,0.144399,0.052825,0.000053,0.112853,0.067883
ACTGCCGTCGTAACTC-1,0.000025,0.000025,0.000025,0.036652,0.103125,0.024338,0.835809
ACTGCTCGGAAGGATG-1,0.759772,0.00009,0.190723,0.009262,0.039527,0.00009,0.000537
ACTGGGATGCCAGTGC-1,0.439032,0.003641,0.310654,0.193414,0.000053,0.05288,0.000326
ACTGTACGATACACAT-1,0.000018,0.018515,0.000018,0.002421,0.012275,0.183737,0.783016
ACTGTAGCACTTTGGA-1,0.000018,0.001993,0.022784,0.000018,0.017867,0.038323,0.918996
ACTGTATACGCGAGCA-1,0.000034,0.073667,0.009147,0.058912,0.000034,0.027454,0.830751
ACTGTCCAGGATTATA-1,0.000037,0.020218,0.065868,0.0738,0.000037,0.04635,0.79369
ACTGTCTTCTTTAGAA-1,0.000047,0.000047,0.055296,0.121527,0.159827,0.020935,0.64232
ACTGTGCTAGTAGATC-1,0.000053,0.000053,0.191606,0.024254,0.368699,0.069535,0.345801
ACTGTTTAGTGTAGGC-1,0.000045,0.000045,0.008849,0.056479,0.000045,0.137622,0.796915
ACTTACGCATCCACGC-1,0.040812,0.000954,0.008723,0.304018,0.004149,0.005606,0.635738
ACTTAGTACGACAAGA-1,0.062794,0.022666,0.032559,0.028356,0.150841,0.002615,0.70017
ACTTATACTTACCCGG-1,0.014627,0.00629,0.000045,0.270004,0.259157,0.000045,0.449832
ACTTATCTGATCTATA-1,0.013049,0.169129,0.030193,0.023941,0.101682,0.230233,0.431772
ACTTATTAGGATCGGT-1,0.037482,0.017674,0.002415,0.00002,0.027363,0.026384,0.888662
ACTTATTTATGTGCCA-1,0.000037,0.000037,0.000037,0.047828,0.087174,0.000037,0.86485
ACTTCAGGCTGATCCC-1,0.02501,0.000052,0.019712,0.199312,0.053755,0.017909,0.68425
ACTTCCAGTGGAAGCT-1,0.710249,0.019717,0.088433,0.000081,0.000081,0.18095,0.000489
ACTTCCATGCGGGACA-1,0.00734,0.028911,0.006293,0.08878,0.095817,0.000664,0.772195
ACTTCGCCATACGCAC-1,0.00004,0.01422,0.013581,0.061191,0.00562,0.133647,0.771701
ACTTGACTCCCTCTTT-1,0.038092,0.00735,0.000052,0.1795,0.079804,0.016951,0.67825
ACTTGCCATATTGTAC-1,0.000047,0.028686,0.000047,0.053279,0.011683,0.106395,0.799864
ACTTGCTCTATCTACC-1,0.525723,0.470845,0.000031,0.000031,0.000031,0.003154,0.000185
ACTTGGGACCCGGTGG-1,0.031732,0.114263,0.009769,0.006212,0.000023,0.019088,0.818913
ACTTGGGCTTTCGCCA-1,0.000017,0.31228,0.086104,0.011177,0.000017,0.322252,0.268154
ACTTGTAGTCCCTTCA-1,0.473552,0.000146,0.524991,0.000146,0.000146,0.000146,0.000874
ACTTGTGGATGGAACG-1,0.07488,0.000103,0.441395,0.482796,0.000103,0.000103,0.00062
ACTTGTTACCGGATCA-1,0.17994,0.206423,0.13934,0.006398,0.133177,0.01565,0.319072
