Barcode,Topic 1,Topic 2,Topic 3,Topic 4,Topic 5,Topic 6,Topic 7,Topic 8to9,Topic 10,Topic 11to12
AAACAACGAATAGTTC-1,0.000029,0.136346,0.117792,0.000966,0.000029,0.039984,0.046377,0.153381,0.272958,0.232139
AAACAAGTATCTCCCA-1,0.188694,0.092983,0.148281,0.127455,0.000018,0.00288,0.040293,0.232412,0.001353,0.165632
AAACAATCTACTAGCA-1,0.002862,0.000051,0.736359,0.052285,0.021944,0.000051,0.000051,0.03312,0.000051,0.153227
AAACACCAATAACTGC-1,0.042511,0.142359,0.34489,0.141552,0.09586,0.135853,0.000103,0.002874,0.058111,0.035888
AAACAGAGCGACTCCT-1,0.000084,0.775738,0.100617,0.027296,0.000042,0.000042,0.000042,0.070992,0.000042,0.025102
AAACAGCTTTCAGAAG-1,0.038396,0.003798,0.379312,0.352807,0.000044,0.000044,0.000044,0.111547,0.038507,0.0755
AAACAGGGTCTATATT-1,0.037633,0.000042,0.187942,0.749655,0.023021,0.000042,0.000042,0.000085,0.001452,0.000085
AAACAGTGTTCCTGGG-1,0.039473,0.171945,0.05619,0.040682,0.000016,0.004259,0.263673,0.010995,0.165263,0.247504
AAACATGGTGAGAGGA-1,0.000019,0.011687,0.000019,0.392578,0.113156,0.245313,0.037401,0.010077,0.179968,0.009782
AAACATTTCCCGGATT-1,0.515896,0.028078,0.397938,0.010969,0.037567,0.00004,0.00004,0.009352,0.00004,0.00008
AAACCACTACACAGAT-1,0.101965,0.029274,0.011368,0.029749,0.082532,0.047461,0.155151,0.193449,0.062732,0.286319
AAACCCGAACGAAATC-1,0.682788,0.153068,0.136758,0.020408,0.000026,0.000026,0.003462,0.003384,0.000026,0.000053
AAACCGGAAATGTTAA-1,0.910375,0.018803,0.011313,0.000024,0.008264,0.000024,0.000024,0.051097,0.000024,0.000049
AAACCGGGTAGGTACC-1,0.04029,0.030652,0.884401,0.021404,0.000101,0.000101,0.000101,0.000203,0.022543,0.000203
AAACCGTTCGTCCAGG-1,0.000016,0.000016,0.000016,0.000016,0.022795,0.154109,0.004644,0.013782,0.396363,0.408244
AAACCTAAGCAGCCGG-1,0.03916,0.002003,0.048122,0.337251,0.009367,0.009476,0.003387,0.407258,0.052216,0.091758
AAACCTCATGAAGTTG-1,0.023684,0.014023,0.58212,0.0243,0.124204,0.022194,0.000058,0.144067,0.015112,0.050239
AAACGAAGAACATACC-1,0.000035,0.009803,0.266983,0.176762,0.000035,0.000035,0.000035,0.231291,0.289747,0.025273
AAACGAAGATGGAGTA-1,0.000018,0.027491,0.050864,0.017221,0.000018,0.161924,0.004592,0.110506,0.45215,0.175216
AAACGACAGTCTTGCC-1,0.044839,0.142731,0.001723,0.000014,0.001004,0.033352,0.124197,0.270059,0.004213,0.377868
AAACGAGACGGTTGAT-1,0.000018,0.006877,0.003465,0.221205,0.026124,0.00453,0.08172,0.132367,0.019593,0.504101
AAACGCCCGAGATCGG-1,0.000008,0.002572,0.000008,0.000008,0.008667,0.479537,0.178458,0.000797,0.001378,0.328566
AAACGCTGGGCACGAC-1,0.970601,0.000017,0.000017,0.000017,0.02923,0.000017,0.000017,0.000034,0.000017,0.000034
AAACGGGCGTACGGGT-1,0.14863,0.033488,0.486051,0.072177,0.000026,0.000654,0.00193,0.220908,0.009945,0.02619
AAACGGGTTGGTATCC-1,0.000022,0.013399,0.015431,0.144713,0.020909,0.111753,0.015761,0.175087,0.337081,0.165842
AAACGGTTGCGAACTG-1,0.013254,0.000909,0.038716,0.000011,0.021637,0.033216,0.000092,0.279628,0.054162,0.558375
AAACGTGTTCGCCCTA-1,0.061145,0.139476,0.026401,0.015059,0.000015,0.202703,0.200852,0.188425,0.008539,0.157385
AAACTAACGTGGCGAC-1,0.002228,0.214106,0.011225,0.000011,0.015819,0.628836,0.003225,0.028655,0.000011,0.095884
AAACTCGGTTCGCAAT-1,0.000006,0.000006,0.003451,0.000006,0.008662,0.008811,0.002455,0.352532,0.009178,0.614893
AAACTCGTGATATAAG-1,0.000005,0.000005,0.000005,0.000005,0.000005,0.153588,0.462747,0.040766,0.021101,0.321772
AAACTGCTGGCTCCAA-1,0.008377,0.126236,0.035551,0.037068,0.44469,0.000018,0.02291,0.23283,0.000018,0.092302
AAACTTAATTGCACGC-1,0.050923,0.225879,0.000076,0.41186,0.035048,0.275749,0.000085,0.000152,0.000076,0.000152
AAACTTGCAAACGTAT-1,0.136633,0.095594,0.474986,0.023286,0.000158,0.042753,0.000158,0.000316,0.130879,0.095235
AAAGAATGACCTTAGA-1,0.000013,0.10487,0.011867,0.092966,0.000036,0.087275,0.152135,0.024985,0.298026,0.227827
AAAGAATGTGGACTAA-1,0.987691,0.000024,0.000024,0.000024,0.01207,0.000024,0.000024,0.000048,0.000024,0.000048
AAAGACATGAAGTTTA-1,0.000072,0.402177,0.093648,0.000072,0.05894,0.09734,0.000072,0.000145,0.331828,0.015705
AAAGACTGGGCGCTTT-1,0.049713,0.046839,0.179015,0.237309,0.091581,0.040207,0.097298,0.070831,0.049907,0.137299
AAAGCTTGCCTACATA-1,0.067054,0.117723,0.015994,0.017181,0.000013,0.053906,0.464246,0.180907,0.063489,0.019487
AAAGGCCCTATAATAC-1,0.025279,0.074045,0.132838,0.283709,0.024729,0.088874,0.035189,0.159412,0.160094,0.015831
AAAGGCTACGGACCAT-1,0.02231,0.044517,0.058342,0.089906,0.053032,0.007533,0.035133,0.42209,0.088005,0.179132
AAAGGCTCTCGCGCCG-1,0.041124,0.033137,0.003559,0.000021,0.001113,0.000851,0.057554,0.186943,0.204527,0.47117
AAAGGGATGTAGCAAG-1,0.000079,0.396122,0.31559,0.000079,0.000079,0.000079,0.000079,0.000157,0.142922,0.144817
AAAGGGCAGCTTGAAT-1,0.025919,0.000026,0.077761,0.090343,0.10082,0.001662,0.000026,0.357291,0.262453,0.083698
AAAGGTAAGCTGTACC-1,0.039571,0.570081,0.073133,0.000031,0.001387,0.000031,0.005361,0.140078,0.00756,0.162768
AAAGGTCAACGACATG-1,0.039609,0.081246,0.098059,0.018185,0.028058,0.081396,0.233772,0.056769,0.064502,0.298405
AAAGTAGCATTGCTCA-1,0.000064,0.000064,0.000064,0.901902,0.083017,0.014507,0.000064,0.000128,0.000064,0.000128
AAAGTCACTGATGTAA-1,0.042157,0.000066,0.86278,0.094467,0.000066,0.000066,0.000066,0.000133,0.000066,0.000133
AAAGTCGACCCTCAGT-1,0.008759,0.00005,0.468511,0.186084,0.174582,0.00005,0.00005,0.045431,0.086494,0.02999
AAAGTGCCATCAATTA-1,0.983963,0.000017,0.000017,0.000017,0.000017,0.015871,0.000017,0.000033,0.000017,0.000033
AAAGTGTGATTTATCT-1,0.094012,0.383581,0.317756,0.011327,0.00003,0.00003,0.000339,0.192837,0.00003,0.000059
AAAGTTGACTCCCGTA-1,0.052776,0.088092,0.050846,0.142294,0.004021,0.004783,0.163918,0.481918,0.008062,0.003291
AAATAACCATACGGGA-1,0.000052,0.369358,0.468746,0.031411,0.000052,0.000052,0.000052,0.092712,0.025161,0.012403
AAATAAGGTAGTGCCC-1,0.235843,0.476066,0.063285,0.000022,0.000022,0.000068,0.009085,0.215541,0.000022,0.000045
AAATACCTATAAGCAT-1,0.025243,0.003012,0.000008,0.000008,0.009708,0.060402,0.013924,0.095422,0.044502,0.747771
AAATAGCTTAGACTTT-1,0.052792,0.06696,0.012031,0.076403,0.000011,0.101301,0.248046,0.3087,0.104378,0.029378
AAATAGGGTGCTATTG-1,0.021451,0.375084,0.193785,0.000062,0.000024,0.000024,0.000431,0.40737,0.000024,0.001744
AAATCACTCCTAAACG-1,0.003784,0.234906,0.005324,0.00001,0.022159,0.403886,0.144025,0.083255,0.001305,0.101345
AAATCCGATACACGCC-1,0.145639,0.100979,0.427344,0.00917,0.000025,0.069415,0.012306,0.222002,0.000025,0.013095
AAATCGCGGAAGGAGT-1,0.000053,0.000384,0.52566,0.248664,0.191143,0.000053,0.000053,0.000106,0.033777,0.000106
AAATCGTGTACCACAA-1,0.00004,0.055588,0.324198,0.015137,0.03314,0.00004,0.000077,0.31863,0.085285,0.167865
AAATCTAGCCCTGCTA-1,0.194366,0.053158,0.067722,0.075546,0.001787,0.000018,0.098946,0.429722,0.007547,0.071188
AAATCTGCCCGCGTCC-1,0.065942,0.467721,0.042273,0.072499,0.05611,0.037261,0.067815,0.003473,0.145244,0.041662
AAATGACTGATCAAAC-1,0.062006,0.158554,0.162275,0.061775,0.01247,0.076375,0.051778,0.179189,0.042219,0.193359
AAATGATTCGATCAGC-1,0.020878,0.365066,0.099851,0.000026,0.000026,0.004416,0.266938,0.181236,0.000026,0.061538
AAATGCTCGTTACGTT-1,0.023506,0.000049,0.196088,0.136654,0.64336,0.000049,0.000049,0.000098,0.000049,0.000098
AAATGGCATGTCTTGT-1,0.00007,0.309828,0.515614,0.00007,0.00007,0.00007,0.00007,0.01854,0.155528,0.00014
AAATGGCCCGTGCCCT-1,0.03818,0.076958,0.289834,0.193166,0.079111,0.065929,0.075578,0.000127,0.098547,0.082571
AAATGGTCAATGTGCC-1,0.000052,0.271345,0.125195,0.042475,0.175532,0.000052,0.000052,0.013461,0.041602,0.330232
AAATGTATCTTATCCC-1,0.023409,0.072313,0.479969,0.4234,0.000114,0.000114,0.000114,0.000227,0.000114,0.000227
AAATGTGGGTGCTCCT-1,0.051574,0.094953,0.066239,0.143389,0.317325,0.064395,0.002699,0.161472,0.011799,0.086155
AAATTAACGGGTAGCT-1,0.000018,0.018713,0.000018,0.000018,0.000018,0.107744,0.092432,0.002666,0.289434,0.488939
AAATTAATAAGCGCGA-1,0.087854,0.03,0.325828,0.010344,0.407009,0.095728,0.00008,0.00016,0.042838,0.00016
AAATTACACGACTCTG-1,0.030862,0.122012,0.055329,0.026806,0.009184,0.26385,0.136952,0.047173,0.037183,0.270648
AAATTACCTATCGATG-1,0.03157,0.131545,0.005506,0.000025,0.283054,0.037842,0.135992,0.255314,0.004018,0.115134
AAATTCCAGGTCCAAA-1,0.528666,0.023433,0.068129,0.155326,0.000017,0.014708,0.021153,0.135967,0.009249,0.043352
AAATTGATAGTCCTTT-1,0.000033,0.114518,0.000033,0.000033,0.000033,0.349749,0.053638,0.000066,0.444463,0.037434
AAATTGCGGCGGTTCT-1,0.000024,0.003225,0.000024,0.000024,0.000024,0.063829,0.051262,0.008252,0.399324,0.474011
AAATTGGTGAGAAGCA-1,0.001239,0.013466,0.009379,0.000008,0.000158,0.47064,0.275642,0.101866,0.008576,0.119025
AAATTTACCGAAATCC-1,0.000007,0.000651,0.000154,0.000007,0.000007,0.000712,0.094865,0.019104,0.07144,0.813051
AAATTTGCGGGTGTGG-1,0.000081,0.300869,0.308666,0.303003,0.000081,0.000081,0.000081,0.000162,0.086814,0.000162
AACAACTGGTAGTTGC-1,0.017425,0.00002,0.105861,0.112104,0.029284,0.00002,0.00002,0.305144,0.318836,0.111286
AACAATACATTGTCGA-1,0.000032,0.146986,0.130525,0.002406,0.000079,0.065385,0.000032,0.06816,0.414785,0.17161
AACAATTACTCTACGC-1,0.012427,0.010167,0.121542,0.066551,0.282252,0.004442,0.007159,0.297481,0.098399,0.099581
AACACACGCTCGCCGC-1,0.029627,0.109997,0.190392,0.002025,0.000016,0.037951,0.124213,0.40163,0.044216,0.059933
AACACGACTGTACTGA-1,0.000036,0.063096,0.190322,0.000036,0.009447,0.000634,0.003296,0.108915,0.523926,0.100289
AACACGAGACGCGGCC-1,0.052001,0.000029,0.12433,0.13207,0.024866,0.003072,0.000029,0.307876,0.223181,0.132547
AACACGCGGCCGCGAA-1,0.000065,0.000088,0.596595,0.350082,0.052712,0.000065,0.000065,0.000131,0.000065,0.000131
AACAGCTGTGTGGCAA-1,0.000053,0.24652,0.039977,0.000037,0.044503,0.031591,0.019455,0.000872,0.20095,0.416041
AACAGGAAATCGAATA-1,0.000044,0.234291,0.27895,0.011741,0.000044,0.000044,0.003442,0.055378,0.140952,0.275114
AACAGGATGGGCCGCG-1,0.000105,0.120616,0.148576,0.000105,0.496125,0.038763,0.000105,0.000211,0.059533,0.135859
AACAGGTAGTATGGAT-1,0.704613,0.10771,0.135247,0.000036,0.000036,0.052143,0.000036,0.000071,0.000036,0.000071
AACATAGCGTGTATCG-1,0.529925,0.090577,0.15695,0.000045,0.000045,0.000045,0.01951,0.140182,0.052012,0.010709
AACATATCAACTGGTG-1,0.011801,0.081871,0.036347,0.004603,0.024877,0.731232,0.013415,0.082433,0.000015,0.013407
AACATCGATACGTCTA-1,0.030643,0.093918,0.005567,0.16832,0.000012,0.57248,0.033864,0.09126,0.000787,0.003148
AACATTGAAGTTGATC-1,0.001384,0.157289,0.126283,0.050136,0.050772,0.047731,0.036011,0.079951,0.385998,0.064446
AACATTGGTCAGCCGT-1,0.00003,0.007651,0.044248,0.055414,0.044357,0.04557,0.030494,0.186719,0.180693,0.404823
AACATTGTGACTCGAG-1,0.029366,0.150732,0.225117,0.125415,0.027573,0.020957,0.000034,0.335391,0.010984,0.07443
AACCAAGACTTCTCTG-1,0.000105,0.051149,0.116872,0.000105,0.628471,0.202666,0.000105,0.00021,0.000105,0.00021
AACCAGTATCACTCTT-1,0.000024,0.21403,0.035692,0.000024,0.000024,0.000024,0.180427,0.005674,0.107706,0.456376
AACCATAGGGTTGAAC-1,0.052091,0.126584,0.193756,0.145026,0.382026,0.09998,0.00009,0.000179,0.00009,0.000179
AACCATGGGATCGCTA-1,0.077055,0.000056,0.28845,0.062662,0.111084,0.032865,0.000056,0.240304,0.106613,0.080856
AACCCAGAGACGGAGA-1,0.026117,0.068527,0.256296,0.100167,0.34107,0.081197,0.101139,0.000237,0.000119,0.025131
AACCCATCCCATGATC-1,0.029061,0.140883,0.54981,0.071533,0.164659,0.035544,0.000132,0.000263,0.000132,0.007983
AACCCGACAACCCGTG-1,0.040128,0.383314,0.203717,0.047585,0.031407,0.00109,0.00814,0.124542,0.125427,0.03465
AACCCGAGCAGAATCG-1,0.768935,0.00949,0.22124,0.000037,0.000037,0.000037,0.000037,0.000074,0.000037,0.000074
AACCCGATAGGGCTTC-1,0.000956,0.392404,0.021241,0.050976,0.020015,0.000019,0.22262,0.193839,0.000019,0.097911
AACCCGCTGTATTCCA-1,0.0304,0.074194,0.051879,0.153796,0.150646,0.10779,0.185618,0.087251,0.000962,0.157463
AACCCTACTGTCAATA-1,0.021103,0.139459,0.101092,0.082218,0.000017,0.01055,0.080415,0.456146,0.014654,0.094345
AACCCTGGTGGAACCA-1,0.000017,0.027417,0.039049,0.000017,0.000017,0.090471,0.007205,0.164023,0.486995,0.184787
AACCGAGCTTGGTCAT-1,0.000009,0.003426,0.000009,0.000009,0.000009,0.000009,0.085776,0.013035,0.124354,0.773365
AACCGCTAAGGGATGC-1,0.031316,0.303522,0.188187,0.00002,0.00002,0.009532,0.030423,0.304019,0.010465,0.122497
AACCGTTGTGTTTGCT-1,0.012952,0.188118,0.245293,0.002002,0.079903,0.12195,0.000082,0.000164,0.349373,0.000164
AACCTAAAGCCGTCCG-1,0.000018,0.002494,0.012158,0.000018,0.000018,0.020644,0.05576,0.129294,0.381289,0.398306
AACCTCGCTTTAGCCC-1,0.112196,0.046776,0.169632,0.040019,0.195366,0.009069,0.042157,0.26551,0.047602,0.071672
AACCTGTCACGGAATT-1,0.076302,0.00001,0.00001,0.00001,0.001674,0.24563,0.254897,0.361196,0.00355,0.05672
AACCTTTAAATACGGT-1,0.000014,0.016057,0.000551,0.000014,0.000014,0.000014,0.032826,0.35742,0.005525,0.587564
AACCTTTACGACGTCT-1,0.015424,0.407817,0.097783,0.058676,0.023086,0.160466,0.001789,0.098638,0.031914,0.104406
AACGAAAGTCGTCCCA-1,0.000044,0.000044,0.000044,0.999521,0.000044,0.000044,0.000044,0.000087,0.000044,0.000087
AACGACCTCCTAGCCG-1,0.961255,0.000023,0.000023,0.038514,0.000023,0.000023,0.000023,0.000046,0.000023,0.000046
AACGATAATGCCGTAG-1,0.000019,0.034217,0.191903,0.052669,0.000019,0.000019,0.045483,0.212209,0.000764,0.4627
AACGATAGAAGGGCCG-1,0.000062,0.000062,0.434222,0.565163,0.000062,0.000062,0.000062,0.000123,0.000062,0.000123
AACGATATGTCAACTG-1,0.044262,0.075998,0.018949,0.000022,0.000022,0.000022,0.068665,0.099884,0.200963,0.491213
AACGCATGATCTGGGT-1,0.126884,0.413681,0.077254,0.085231,0.013487,0.000035,0.14526,0.08467,0.000035,0.053462
AACGCGAACGGCAACA-1,0.000017,0.001759,0.055246,0.023062,0.000017,0.114182,0.024364,0.063318,0.627856,0.090178
AACGCGACCTTGGGCG-1,0.000018,0.026344,0.152502,0.041579,0.000018,0.000018,0.05416,0.254204,0.107562,0.363597
AACGCGGTCTCCAGCC-1,0.000046,0.272057,0.139201,0.00594,0.000046,0.000046,0.114906,0.000093,0.119225,0.348439
AACGCTGTTGCTGAAA-1,0.131148,0.021335,0.520423,0.000032,0.000032,0.000032,0.016336,0.308226,0.002371,0.000064
AACGGACGTACGTATA-1,0.000012,0.115408,0.028235,0.000012,0.000012,0.049644,0.057039,0.636551,0.036264,0.076825
AACGGCCATCTCCGGT-1,0.000043,0.200437,0.052629,0.220964,0.000043,0.022846,0.028229,0.052319,0.417415,0.005075
AACGTACTGTGGGTAC-1,0.000017,0.000017,0.000017,0.000017,0.00317,0.23532,0.004093,0.000034,0.279109,0.478207
AACGTAGTCTACCCAT-1,0.000084,0.000084,0.365335,0.551918,0.000084,0.000084,0.000084,0.082078,0.000084,0.000167
AACGTCAGACTAGTGG-1,0.023615,0.002461,0.715422,0.101534,0.019171,0.000095,0.0751,0.00019,0.000095,0.062318
AACGTCATCCGGCTTG-1,0.00008,0.00008,0.057317,0.00008,0.00008,0.00008,0.00008,0.565477,0.00008,0.376648
AACGTCGCTGCACTTC-1,0.923367,0.000046,0.076171,0.000046,0.000046,0.000046,0.000046,0.000092,0.000046,0.000092
AACGTGATGAAGGACA-1,0.00006,0.481041,0.445996,0.00006,0.00006,0.00006,0.00006,0.015745,0.038127,0.01879
AACGTGCGAAAGTCTC-1,0.003293,0.042195,0.010373,0.000016,0.14996,0.026959,0.146048,0.129785,0.00848,0.48289
AACGTTATCAGCACCT-1,0.103703,0.000095,0.645443,0.249996,0.000095,0.000095,0.000095,0.000191,0.000095,0.000191
AACGTTCTACCATTGT-1,0.94588,0.000064,0.045402,0.004715,0.000064,0.000064,0.000064,0.003553,0.000064,0.000129
AACTACCCGTTTGTCA-1,0.675354,0.021547,0.001163,0.073298,0.001416,0.025997,0.030169,0.072824,0.000023,0.09821
AACTAGCGTATCGCAC-1,0.06747,0.000057,0.090876,0.160314,0.083322,0.059166,0.012783,0.192375,0.303428,0.030209
AACTAGGCTTGGGTGT-1,0.000036,0.262397,0.034368,0.07816,0.009317,0.000227,0.013834,0.344776,0.067801,0.189084
AACTCAAGTTAATTGC-1,0.000024,0.061325,0.018928,0.000024,0.05905,0.152769,0.012377,0.042785,0.044648,0.608071
AACTCCAGAGCGTGTT-1,0.229306,0.014061,0.264313,0.000085,0.000029,0.000029,0.011455,0.380215,0.043759,0.056748
AACTCCTAATCCCATG-1,0.000011,0.005618,0.010376,0.000011,0.007699,0.000011,0.365589,0.003039,0.00219,0.605455
AACTCGATAAACACGT-1,0.000038,0.089478,0.231614,0.29857,0.035253,0.000038,0.002442,0.051255,0.154082,0.137231
AACTCGATGGCGCAGT-1,0.000093,0.000093,0.766736,0.232333,0.000093,0.000093,0.000093,0.000186,0.000093,0.000186
AACTCTCAATAGAGCG-1,0.079882,0.190219,0.110108,0.035231,0.036148,0.204166,0.128667,0.098289,0.074677,0.042613
AACTCTCAGTGTGCTC-1,0.000052,0.253719,0.168802,0.000921,0.000052,0.000052,0.002592,0.155318,0.401615,0.016875
AACTGAGGTCAGCGTC-1,0.000025,0.350561,0.022284,0.030225,0.000025,0.000025,0.18541,0.092857,0.000025,0.318563
AACTGAGTTATACTGA-1,0.87672,0.000025,0.000025,0.077177,0.044789,0.00111,0.000025,0.000051,0.000025,0.000051
AACTGATATTAGGCCT-1,0.000031,0.027704,0.000031,0.000031,0.000031,0.108364,0.13926,0.000061,0.522023,0.202466
AACTGGGTCCCGACGT-1,0.000055,0.562516,0.184363,0.000055,0.000055,0.000055,0.000055,0.00011,0.222437,0.030302
AACTGGGTTCGAGCCG-1,0.000011,0.014599,0.000011,0.000011,0.007199,0.386502,0.007673,0.027411,0.165809,0.390775
AACTGGTGTGGGCCTT-1,0.045979,0.000031,0.147702,0.152099,0.015953,0.000031,0.013533,0.378393,0.162099,0.08418
AACTTCTGCGTCTATC-1,0.000112,0.000112,0.818625,0.180255,0.000112,0.000112,0.000112,0.000224,0.000112,0.000224
AACTTGCCCGTATGCA-1,0.015092,0.000037,0.113519,0.024719,0.343036,0.00028,0.002808,0.156116,0.172216,0.172177
AACTTGCGTTCTCGCG-1,0.051508,0.173808,0.392219,0.257197,0.000153,0.124197,0.000153,0.000306,0.000153,0.000306
AACTTTACGGGAGCTT-1,0.030717,0.00007,0.180671,0.202373,0.21616,0.00007,0.00007,0.308145,0.013384,0.048341
AACTTTAGCTGCTGAG-1,0.001557,0.000056,0.196966,0.101212,0.114244,0.029012,0.000056,0.36097,0.195794,0.000136
AACTTTCTCGATCATG-1,0.043922,0.245945,0.021128,0.000019,0.009264,0.278076,0.181797,0.199414,0.015675,0.00476
AAGAAAGTTTGATGGG-1,0.063672,0.324812,0.152281,0.395533,0.00004,0.053289,0.010171,0.000081,0.00004,0.000081
AAGAAATCACCAGATT-1,0.043118,0.181746,0.027187,0.000012,0.01629,0.712185,0.004661,0.012757,0.001818,0.000225
AAGAAGGATCAGTTAG-1,0.000068,0.000068,0.394079,0.605244,0.000068,0.000068,0.000068,0.000135,0.000068,0.000135
AAGACATACGTGGTTT-1,0.896459,0.048767,0.000486,0.036398,0.000022,0.000022,0.017738,0.000044,0.000022,0.000044
AAGACCAAATAACTCA-1,0.024512,0.006296,0.018918,0.491318,0.259581,0.000578,0.037679,0.008713,0.00006,0.152345
AAGACCCAACTGAACA-1,0.000011,0.002667,0.006328,0.056685,0.000011,0.026072,0.023058,0.137682,0.129082,0.618404
AAGACTAACCCGTTGT-1,0.000058,0.127351,0.412886,0.028887,0.009111,0.000058,0.000058,0.143803,0.24942,0.028367
AAGACTCACGCCCACT-1,0.000055,0.618696,0.2016,0.000055,0.000055,0.000055,0.000055,0.092552,0.085212,0.001667
AAGACTGCAAGCTACT-1,0.106279,0.050119,0.166772,0.033542,0.000041,0.013737,0.000041,0.336696,0.089596,0.203178
AAGAGATGAATCGGTA-1,0.019846,0.000029,0.176207,0.00122,0.289383,0.000029,0.000029,0.244724,0.143302,0.125233
AAGAGCTCTTTATCGG-1,0.000018,0.012372,0.001944,0.079637,0.040529,0.006134,0.057248,0.440239,0.040501,0.321378
AAGAGGATGTACGCGA-1,0.011779,0.000019,0.112258,0.083595,0.051301,0.000019,0.000019,0.35613,0.336567,0.048314
AAGAGGCATGGATCGC-1,0.096537,0.01344,0.008225,0.007009,0.051362,0.053389,0.059399,0.258699,0.012215,0.439724
AAGAGGCCCTTTGGAA-1,0.341379,0.010206,0.048598,0.000018,0.026432,0.139328,0.026868,0.344577,0.015316,0.047279
AAGATGGCACCGGACC-1,0.00713,0.192138,0.102341,0.010918,0.000034,0.060013,0.028486,0.064368,0.48723,0.047342
AAGATTGGCGGAACGT-1,0.000008,0.000008,0.000008,0.000008,0.030099,0.251078,0.006791,0.076097,0.017842,0.61806
AAGCACCCTGCGTATC-1,0.00002,0.120779,0.026444,0.00002,0.00002,0.147434,0.072099,0.365063,0.139276,0.128845
AAGCATACTCTCCTGA-1,0.052442,0.020351,0.004758,0.00206,0.028,0.057604,0.008561,0.356277,0.028105,0.441842
AAGCCACTTGCAGGTA-1,0.000031,0.489107,0.076988,0.125839,0.000031,0.081603,0.06623,0.000127,0.137081,0.022962
AAGCCGAAGCGGTTTA-1,0.275024,0.024464,0.033408,0.005215,0.002332,0.139128,0.039146,0.446976,0.007191,0.027116
AAGCCGCCGTGAAATC-1,0.000022,0.097377,0.058876,0.192145,0.000022,0.009016,0.076239,0.040952,0.394248,0.131104
AAGCCGCTTTACCTTG-1,0.053593,0.388199,0.090639,0.090627,0.000025,0.11553,0.041433,0.166209,0.027908,0.025839
AAGCCGGAGAGCAGGA-1,0.824226,0.000019,0.000019,0.160401,0.005657,0.000019,0.009561,0.000039,0.000019,0.000039
AAGCGCAGGGCTTTGA-1,0.03262,0.085937,0.37393,0.00254,0.001528,0.027866,0.031801,0.306432,0.006408,0.130939
AAGCGGAGTGCGCGCA-1,0.013252,0.621308,0.193026,0.080798,0.000023,0.000023,0.000023,0.091477,0.000023,0.000047
AAGCGGCGTCATGGGT-1,0.000064,0.526383,0.452833,0.020207,0.000064,0.000064,0.000064,0.000128,0.000064,0.000128
AAGCGTCCCTCATCGA-1,0.000023,0.000023,0.000023,0.000023,0.000023,0.412828,0.008064,0.000045,0.413072,0.165877
AAGCTAGATCGAGTAA-1,0.000016,0.032999,0.072167,0.00041,0.011273,0.007665,0.00081,0.422994,0.001309,0.450357
AAGCTATGGATTGACC-1,0.045097,0.095964,0.140435,0.602196,0.080604,0.035227,0.000079,0.000159,0.000079,0.000159
AAGCTCGTGCCAAGTC-1,0.048788,0.202704,0.06643,0.003585,0.06494,0.130357,0.001039,0.182735,0.06131,0.238111
AAGCTCTTTCATGGTG-1,0.000012,0.000012,0.000012,0.000012,0.002026,0.257868,0.015091,0.271122,0.085973,0.367872
AAGGAGAACTTATAAG-1,0.036304,0.000081,0.647168,0.100711,0.027753,0.000081,0.000081,0.028756,0.025551,0.133515
AAGGAGCGGTTGGTGC-1,0.000091,0.207316,0.444868,0.161584,0.000091,0.000091,0.000091,0.000182,0.185506,0.000182
AAGGATCGATCGCTTG-1,0.208875,0.391106,0.380519,0.009211,0.000036,0.000036,0.000036,0.010072,0.000036,0.000073
AAGGATGAGGGACCTC-1,0.011147,0.395829,0.127285,0.008949,0.214165,0.000045,0.030295,0.132941,0.000045,0.079299
AAGGCAGGCTGTCTCC-1,0.506019,0.160854,0.107074,0.091126,0.000031,0.000031,0.000031,0.131654,0.001662,0.001518
AAGGCGCGTAAAGCTT-1,0.00766,0.001327,0.471652,0.083803,0.051695,0.138094,0.000071,0.102568,0.040066,0.103064
AAGGCTGTGCTCATCG-1,0.000092,0.036988,0.390335,0.438718,0.000092,0.000092,0.000092,0.003113,0.122002,0.008476
AAGGGAACGACTGGCT-1,0.002715,0.157191,0.360955,0.478717,0.000053,0.000053,0.000053,0.000105,0.000053,0.000105
AAGGGACAGATTCTGT-1,0.029983,0.355547,0.213378,0.018599,0.000043,0.000043,0.02389,0.302834,0.002044,0.05364
AAGGGACTATGCATTC-1,0.000034,0.019635,0.048302,0.09647,0.000034,0.343284,0.000034,0.110311,0.38183,0.000067
AAGGGTTAGCCATGCG-1,0.720128,0.000061,0.216448,0.037833,0.000061,0.000061,0.000061,0.025166,0.000061,0.000121
AAGGGTTTGATTTCAG-1,0.000022,0.088208,0.010527,0.058847,0.000022,0.03179,0.072737,0.11144,0.401771,0.224637
AAGGTATCCTAATATA-1,0.015332,0.110755,0.010162,0.000021,0.059598,0.261871,0.088214,0.048789,0.061638,0.34362
AAGGTGATAAACCAGC-1,0.073918,0.211797,0.355304,0.01162,0.000025,0.000025,0.000245,0.346993,0.000025,0.000049
AAGTAAGCTTCCAAAC-1,0.000078,0.093525,0.6682,0.180313,0.05058,0.000078,0.000078,0.000155,0.006839,0.000155
AAGTAGAAGACCGGGT-1,0.000095,0.01598,0.981165,0.002,0.000095,0.000095,0.000095,0.00019,0.000095,0.00019
AAGTAGTGACGCGAGG-1,0.008844,0.064507,0.237191,0.139873,0.135542,0.059744,0.049428,0.12064,0.039626,0.144606
AAGTCAATTGTCGTCA-1,0.059588,0.27912,0.321114,0.009999,0.000023,0.018037,0.029128,0.282922,0.000023,0.000045
AAGTCTAGTAGCTGCC-1,0.080923,0.077479,0.001344,0.048218,0.000013,0.462925,0.101011,0.203145,0.004762,0.02018
AAGTCTTCTGTGGCCT-1,0.053691,0.000105,0.591137,0.354224,0.000105,0.000105,0.000105,0.000211,0.000105,0.000211
AAGTGACGACCGAATT-1,0.038675,0.000068,0.076201,0.093797,0.097785,0.01109,0.002421,0.261337,0.288984,0.129643
AAGTGAGTCGGGTTTA-1,0.00004,0.086671,0.287904,0.166655,0.00004,0.00004,0.00004,0.390426,0.019794,0.048389
AAGTGCAAAGGTAGAC-1,0.007454,0.000049,0.228804,0.10795,0.183896,0.011134,0.000049,0.174723,0.187222,0.098719
AAGTGCCTTGACTGTA-1,0.023667,0.001336,0.000191,0.035393,0.000012,0.13467,0.086218,0.664277,0.012373,0.041862
AAGTGCGTTAGAATCT-1,0.000118,0.053176,0.825675,0.120086,0.000118,0.000118,0.000118,0.000236,0.000118,0.000236
AAGTGCTTCTCTATTG-1,0.000036,0.271307,0.000036,0.338373,0.046327,0.00606,0.236703,0.000071,0.00317,0.097918
AAGTGTTTGGAGACGG-1,0.000173,0.101188,0.202176,0.00002,0.000963,0.010144,0.029769,0.508852,0.018995,0.127721
AAGTTCACTCCAAGCT-1,0.055271,0.086942,0.051804,0.024404,0.577065,0.000058,0.02708,0.177201,0.000058,0.000116
AAGTTCAGTCTGCGTA-1,0.024232,0.701599,0.121556,0.004595,0.000043,0.000043,0.04088,0.048929,0.000043,0.058079
AAGTTCGGCCAACAGG-1,0.000104,0.027653,0.346496,0.624912,0.000104,0.000104,0.000104,0.000209,0.000104,0.000209
AAGTTGTGATGTTATA-1,0.818863,0.000026,0.001843,0.179056,0.000026,0.000026,0.000026,0.000053,0.000026,0.000053
AAGTTTACTAATGGCA-1,0.000063,0.000063,0.747683,0.000063,0.251685,0.000063,0.000063,0.000126,0.000063,0.000126
AAGTTTATGGGCCCAA-1,0.000404,0.089299,0.126688,0.000412,0.006318,0.18596,0.038979,0.36238,0.036524,0.153035
AATAACACTAGAACAA-1,0.000139,0.069842,0.007959,0.247044,0.055004,0.159284,0.139039,0.01396,0.055406,0.252323
AATAACGTCGCGCCCA-1,0.660613,0.000103,0.184056,0.000103,0.000103,0.13657,0.000103,0.01804,0.000103,0.000206
AATAAGTCCTCGAGAC-1,0.000018,0.000018,0.011707,0.027889,0.000018,0.062009,0.01002,0.087023,0.563432,0.237866
AATAATCTTCGTATCG-1,0.932805,0.027918,0.024119,0.000023,0.000023,0.000023,0.000023,0.014999,0.000023,0.000046
AATACAATGTTTCAGG-1,0.027418,0.000025,0.205071,0.089122,0.090975,0.000025,0.000535,0.205894,0.329215,0.051719
AATACCGGAGGGCTGT-1,0.049835,0.274208,0.013111,0.513541,0.000857,0.048308,0.021593,0.000111,0.063259,0.015178
AATACCTGATGTGAAC-1,0.718038,0.19493,0.000133,0.000133,0.000133,0.085837,0.000133,0.000265,0.000133,0.000265
AATAGAACAGAGTGGC-1,0.000046,0.227463,0.371946,0.000046,0.000046,0.000047,0.003485,0.255,0.140975,0.000947
AATAGAATCTGTTTCA-1,0.097904,0.327763,0.224474,0.033544,0.022923,0.000563,0.055055,0.223402,0.000028,0.014343
AATAGCAAGCCTCCTG-1,0.063563,0.220342,0.005519,0.164504,0.003114,0.070306,0.180454,0.053326,0.001402,0.23747
AATAGCTACCGCGTGC-1,0.008633,0.607404,0.080411,0.056392,0.000028,0.000028,0.072338,0.17468,0.000028,0.000057
AATAGGCACGACCCTT-1,0.000075,0.16417,0.23182,0.023925,0.004997,0.000075,0.046304,0.128478,0.286844,0.113312
AATAGTCCGTCCCGAC-1,0.00003,0.076285,0.213379,0.041576,0.00003,0.00003,0.017127,0.401804,0.005292,0.244449
AATAGTCGCGAGTCGG-1,0.00008,0.00008,0.586756,0.412441,0.00008,0.00008,0.00008,0.000161,0.00008,0.000161
AATATCAAGGTCGGAT-1,0.026514,0.000089,0.338434,0.022343,0.183142,0.033272,0.000089,0.229919,0.052439,0.113759
AATATCCTAGCAAACT-1,0.000037,0.064739,0.36633,0.078453,0.001426,0.216493,0.000037,0.118518,0.153893,0.000074
AATATCGAATCAATGC-1,0.374296,0.010073,0.077059,0.446001,0.011542,0.015472,0.018764,0.046712,0.000028,0.000055
AATATCGAGGGTTCTC-1,0.037984,0.425905,0.140725,0.052374,0.000035,0.000035,0.038838,0.259654,0.039701,0.004749
AATATTGGAGTATTGA-1,0.000227,0.000227,0.15621,0.000227,0.817825,0.023922,0.000227,0.000454,0.000227,0.000454
AATCAGACTGCAGGAC-1,0.000025,0.034411,0.059503,0.092121,0.01738,0.277685,0.002296,0.034264,0.372809,0.109507
AATCAGGTTTCATTTA-1,0.029458,0.188988,0.003124,0.18635,0.007976,0.109588,0.218524,0.016181,0.137542,0.10227
AATCATGTAAAGACTC-1,0.223217,0.104854,0.228858,0.000025,0.014606,0.219957,0.035208,0.160316,0.001427,0.011531
AATCCAAGGGCCTGAG-1,0.037544,0.000021,0.137166,0.155974,0.069694,0.000021,0.000184,0.26724,0.228983,0.103174
AATCCATGCAAGGGTG-1,0.031234,0.000035,0.300949,0.061106,0.553321,0.000035,0.000035,0.020766,0.032447,0.000071
AATCCCGCTCAGAGCC-1,0.003793,0.000013,0.000013,0.000013,0.053931,0.193354,0.053041,0.004918,0.0069,0.684023
AATCGAGGTCTCAAGG-1,0.225884,0.112904,0.191334,0.023639,0.347138,0.004374,0.030871,0.063713,0.000048,0.000097
AATCGCCTCAGCGCCA-1,0.000014,0.041091,0.000014,0.000014,0.000014,0.012385,0.19006,0.081276,0.011509,0.663625
AATCGCGCAGAGGACT-1,0.623885,0.064954,0.178407,0.071081,0.004124,0.000027,0.000027,0.042117,0.000027,0.015352
AATCGGGACACTACGA-1,0.000045,0.000045,0.374663,0.186459,0.002629,0.000045,0.000045,0.112397,0.28383,0.039844
AATCGGTATAGCCCTC-1,0.829622,0.000022,0.000022,0.000022,0.145733,0.024448,0.000022,0.000044,0.000022,0.000044
AATCGTGAGCCGAGCA-1,0.113043,0.058094,0.60349,0.000036,0.000036,0.000036,0.000036,0.225123,0.000036,0.000071
AATCTAGGTTTACTTG-1,0.011489,0.179492,0.262468,0.19677,0.133189,0.051911,0.150869,0.00021,0.001681,0.011919
AATCTATGCCGGAGCC-1,0.048117,0.507892,0.042159,0.051564,0.000033,0.000806,0.294291,0.036557,0.016924,0.001657
AATCTCTACTGTGGTT-1,0.000076,0.000076,0.616111,0.383127,0.000076,0.000076,0.000076,0.000152,0.000076,0.000152
AATCTGCGTTGGGACG-1,0.000027,0.167723,0.167691,0.033958,0.000027,0.001882,0.176778,0.373442,0.026862,0.05161
AATCTGGCTTTCTAGT-1,0.000382,0.120932,0.248343,0.000108,0.613932,0.000108,0.000108,0.000216,0.000108,0.015762
AATCTGGGTAGACCCT-1,0.000009,0.002704,0.000009,0.000009,0.000806,0.299476,0.02213,0.023359,0.091644,0.559856
AATGACAGCAATGTCT-1,0.062015,0.000106,0.008588,0.371555,0.556994,0.000106,0.000106,0.000212,0.000106,0.000212
AATGACGTAGGATGTC-1,0.030223,0.15899,0.109253,0.004142,0.015236,0.006283,0.124934,0.255699,0.002278,0.292961
AATGACTGTCAGCCGG-1,0.025173,0.000061,0.203922,0.321955,0.448462,0.000061,0.000061,0.000122,0.000061,0.000122
AATGAGTTCGCATATG-1,0.016663,0.000091,0.726216,0.256298,0.000091,0.000091,0.000091,0.000183,0.000091,0.000183
AATGATGATACGCTAT-1,0.000012,0.001081,0.000012,0.000012,0.000012,0.000012,0.402558,0.023009,0.000506,0.572787
AATGATGCGACTCCTG-1,0.030629,0.775416,0.03728,0.034323,0.000059,0.028574,0.093423,0.000118,0.000059,0.000118
AATGCAACCGGGTACC-1,0.001182,0.389711,0.352864,0.000132,0.000132,0.136833,0.000132,0.000265,0.118483,0.000265
AATGCACCAAGCAATG-1,0.000021,0.178584,0.030767,0.024473,0.007473,0.000021,0.359663,0.135511,0.012337,0.251148
AATGGCCGCCAATGCG-1,0.018613,0.43739,0.208538,0.092019,0.00004,0.00004,0.00004,0.238513,0.00004,0.004768
AATGGTCCACCGTTCA-1,0.022988,0.000073,0.390977,0.055597,0.161545,0.000073,0.000073,0.022777,0.149151,0.196745
AATGGTTCTCACAAGC-1,0.004349,0.0002,0.023602,0.0002,0.970246,0.0002,0.0002,0.000401,0.0002,0.000401
AATGTATGGCACTGTA-1,0.058666,0.068205,0.019909,0.662611,0.140695,0.031462,0.018146,0.000122,0.000061,0.000122
AATGTGCCCGAGGTGT-1,0.000064,0.109328,0.059048,0.324253,0.166308,0.155534,0.000064,0.000129,0.13121,0.054063
AATGTGCTAATCTGAG-1,0.000023,0.076972,0.000909,0.001136,0.000023,0.000572,0.309247,0.007695,0.463941,0.139481
AATGTTAAGACCCTGA-1,0.295932,0.074631,0.193745,0.118426,0.075326,0.000037,0.104563,0.130389,0.006878,0.000074
AATGTTGTCGTGAGAC-1,0.553771,0.00002,0.00002,0.000386,0.27698,0.112223,0.056501,0.00004,0.00002,0.00004
AATTAAAGGTCGGCGT-1,0.042194,0.129976,0.059761,0.077042,0.000053,0.019326,0.008773,0.102945,0.487626,0.072304
AATTAACGGATTTCCA-1,0.023889,0.01842,0.011278,0.00002,0.00002,0.00002,0.011562,0.532508,0.00357,0.398712
AATTACGAGACCCATC-1,0.000074,0.246894,0.254426,0.364336,0.000074,0.000074,0.000074,0.064218,0.06968,0.000149
AATTACTCGTACGCTC-1,0.000044,0.00064,0.01273,0.343625,0.018044,0.000044,0.000044,0.361737,0.171773,0.09132
AATTAGCGCTGCAGCG-1,0.004818,0.05251,0.001552,0.000015,0.011787,0.080407,0.031185,0.329704,0.009194,0.478829
AATTATACCCAGCAAG-1,0.6137,0.000039,0.000039,0.250802,0.135145,0.000039,0.000039,0.000078,0.000039,0.000078
AATTCATAAGGGATCT-1,0.000016,0.053688,0.000016,0.000016,0.000016,0.000247,0.284061,0.017926,0.007997,0.636016
AATTCATTGTCATGCA-1,0.17044,0.000044,0.000044,0.773668,0.055499,0.000044,0.000044,0.000087,0.000044,0.000087
AATTCCAACTTGGTGA-1,0.064577,0.000026,0.000026,0.414029,0.068175,0.024989,0.005802,0.021273,0.162836,0.238267
AATTCCAAGCATGTAC-1,0.000015,0.000015,0.000015,0.000015,0.007667,0.077265,0.000123,0.163139,0.037422,0.714326
AATTCGATTCGAGGAT-1,0.022919,0.000029,0.066206,0.403187,0.000029,0.000029,0.000029,0.504511,0.00286,0.0002
AATTCTAGAGTTAGGC-1,0.001146,0.103361,0.050291,0.044863,0.048541,0.000041,0.000127,0.539337,0.118977,0.093316
AATTGAACGCTCTGGT-1,0.000014,0.064052,0.065038,0.000014,0.015376,0.22482,0.065037,0.260462,0.035208,0.26998
AATTGCAGCAATCGAC-1,0.220564,0.000009,0.000009,0.014295,0.007255,0.095593,0.034077,0.386997,0.001618,0.239582
AATTGCGTGGATTACA-1,0.079703,0.3917,0.032908,0.495148,0.000068,0.000068,0.000068,0.000135,0.000068,0.000135
AATTGTGGTTGCCAAA-1,0.885821,0.109171,0.004856,0.000017,0.000017,0.000017,0.000017,0.000034,0.000017,0.000034
AATTTGGGACATAGTA-1,0.085654,0.094178,0.00002,0.00002,0.017767,0.090906,0.011557,0.013442,0.00002,0.686435
AATTTGGTTCCAAAGA-1,0.00003,0.05841,0.088732,0.00003,0.011154,0.050258,0.00003,0.300726,0.257571,0.23306
ACAAACCATGCGTCCT-1,0.046067,0.118705,0.308005,0.178429,0.07185,0.214161,0.055256,0.000147,0.000073,0.007307
ACAAACCGACAAGGCG-1,0.000046,0.002322,0.49502,0.046276,0.000046,0.000046,0.000046,0.284465,0.106186,0.065547
ACAAACTCCATCAGAG-1,0.014233,0.028364,0.0056,0.199658,0.064399,0.016075,0.350698,0.088606,0.097318,0.135048
ACAAAGAAGGTAGGCC-1,0.000019,0.011768,0.155253,0.18378,0.002397,0.08058,0.015465,0.118795,0.262869,0.169074
ACAAAGCATGACCTAG-1,0.441922,0.127803,0.363286,0.012346,0.000031,0.026413,0.000031,0.028075,0.000031,0.000062
ACAAATCGCACCGAAT-1,0.046274,0.025781,0.084868,0.047355,0.017125,0.008199,0.06438,0.383622,0.06598,0.256415
ACAAATGGTAGTGTTT-1,0.083789,0.198665,0.089008,0.139134,0.000025,0.019116,0.024152,0.352749,0.000025,0.093337
ACAAATTCAGATCTGA-1,0.034644,0.395932,0.445031,0.000045,0.000045,0.000045,0.062077,0.046993,0.000045,0.015141
ACAACAGCATGAGCTA-1,0.000015,0.027146,0.013153,0.008973,0.01077,0.164017,0.077266,0.052314,0.147461,0.498885
ACAACGGTCCCTGCGA-1,0.04739,0.000027,0.078252,0.097764,0.167675,0.000031,0.000027,0.269741,0.209421,0.129672
ACAAGCAGTGCCTAGC-1,0.000082,0.105312,0.119674,0.000755,0.7644,0.000082,0.000082,0.000164,0.009286,0.000164
ACAAGCTATATGGAAG-1,0.042131,0.000096,0.760621,0.196388,0.000096,0.000096,0.000096,0.000191,0.000096,0.000191
ACAAGGAAATCCGCCC-1,0.080975,0.199355,0.257025,0.078448,0.000028,0.000028,0.053745,0.25115,0.003953,0.075292
ACAAGGACAAGAGGTT-1,0.000047,0.015427,0.422944,0.080015,0.000047,0.000047,0.000047,0.182417,0.175273,0.123733
ACAAGGATGCTTTAGG-1,0.155877,0.028657,0.263024,0.016541,0.33537,0.020528,0.023592,0.106783,0.011873,0.037755
ACAAGGCCTACCAGCC-1,0.068461,0.589108,0.245762,0.0328,0.000049,0.000049,0.001949,0.05169,0.000049,0.01008
ACAAGGGCAGGCTCTG-1,0.04001,0.223755,0.05851,0.181684,0.288416,0.010928,0.032357,0.134662,0.007779,0.0219
ACAAGTAATTGTAAGG-1,0.028527,0.000032,0.000032,0.442773,0.043462,0.000032,0.000032,0.078692,0.399405,0.007012
ACAATAGTCGTACGTT-1,0.0578,0.011739,0.183043,0.281726,0.234488,0.000209,0.000209,0.000419,0.000209,0.230157
ACAATCCATTTAAACC-1,0.030177,0.000018,0.082622,0.093355,0.100046,0.001867,0.002379,0.31075,0.278735,0.100051
ACAATCGATCTTTATA-1,0.025569,0.002874,0.943782,0.027062,0.000089,0.000089,0.000089,0.000178,0.000089,0.000178
ACAATGAATACGGAGA-1,0.000022,0.000022,0.000022,0.336596,0.000022,0.20447,0.074655,0.000043,0.274253,0.109897
ACAATGATTCTTCTAC-1,0.000011,0.073274,0.000011,0.000011,0.000011,0.037152,0.319571,0.201119,0.001023,0.367818
ACAATTGTGTCTCTTT-1,0.087118,0.191611,0.195647,0.136893,0.133031,0.000027,0.005095,0.250361,0.000163,0.000054
ACAATTTAGGAGGCTC-1,0.000119,0.203468,0.331271,0.172967,0.155798,0.000119,0.000119,0.048391,0.052004,0.035743
ACAATTTGAGCAGTGG-1,0.000037,0.320831,0.040807,0.065112,0.051591,0.037043,0.041997,0.189652,0.023516,0.229415
ACAATTTGGCCATATT-1,0.46076,0.000023,0.000023,0.198896,0.000023,0.08421,0.077391,0.082894,0.00736,0.088419
ACACAAAGACGGGTGG-1,0.000151,0.513079,0.30017,0.003066,0.131141,0.051488,0.000151,0.000302,0.000151,0.000302
ACACAAATATTCCTAG-1,0.027693,0.318067,0.131126,0.143968,0.000023,0.000023,0.137038,0.238636,0.00101,0.002416
ACACACCAGGACCAGT-1,0.05541,0.20226,0.289708,0.039583,0.000025,0.004233,0.002806,0.390373,0.005968,0.009634
ACACACTTTCTACACG-1,0.000042,0.05634,0.11682,0.054652,0.000042,0.000042,0.000042,0.16509,0.084662,0.522269
ACACATGATCAAATCT-1,0.055295,0.001984,0.141181,0.125158,0.082061,0.026454,0.000686,0.177514,0.250172,0.139495
ACACATTGACGCAACA-1,0.01062,0.259764,0.207988,0.139062,0.080975,0.004614,0.000049,0.196375,0.041715,0.058838
ACACATTTCCGTAGAC-1,0.078656,0.187796,0.02712,0.069997,0.014025,0.100409,0.09561,0.376128,0.037413,0.012845
ACACCACATAATTAGC-1,0.059408,0.000018,0.000018,0.000018,0.218633,0.721801,0.000018,0.000035,0.000018,0.000035
ACACCCAGCATGCAGC-1,0.000073,0.312732,0.438888,0.057054,0.000073,0.000073,0.000073,0.000146,0.190744,0.000146
ACACCCGAGAAATCCG-1,0.033239,0.000025,0.157314,0.117795,0.082609,0.000025,0.000025,0.220812,0.2113,0.176855
ACACCCGTAAATCTGT-1,0.046344,0.097488,0.084765,0.076678,0.023258,0.022311,0.032369,0.393936,0.026763,0.196088
ACACCGAGCGCTCTTT-1,0.00004,0.114235,0.060199,0.082353,0.011023,0.00651,0.118356,0.083522,0.384811,0.138951
ACACCGGTCTGACCGC-1,0.337864,0.013489,0.410746,0.166282,0.000035,0.000035,0.000035,0.019714,0.006567,0.045231
ACACCTTAAGTAGGGC-1,0.000075,0.013898,0.582987,0.048256,0.000075,0.000075,0.000075,0.117148,0.170289,0.06712
ACACCTTACTACTTGC-1,0.088642,0.020467,0.012133,0.000819,0.000013,0.363903,0.200496,0.166788,0.059168,0.087569
ACACGAGACTCCTTCT-1,0.004969,0.072834,0.214854,0.039684,0.037508,0.073201,0.064562,0.341489,0.059771,0.091127
ACACGGCACTATGCAT-1,0.019346,0.000039,0.256481,0.040515,0.000039,0.001124,0.000039,0.297979,0.358511,0.025927
ACACGGGAACTTAGGG-1,0.00005,0.420824,0.145312,0.139382,0.00005,0.00005,0.03174,0.02625,0.01907,0.217273
ACACGTAGGCCACAAG-1,0.884027,0.000029,0.0829,0.000029,0.032812,0.000029,0.000029,0.000058,0.000029,0.000058
ACACTCCAATGTCACT-1,0.083214,0.000069,0.190005,0.726165,0.000069,0.000069,0.000069,0.000137,0.000069,0.000137
ACACTGATCAAGGTGT-1,0.006818,0.002732,0.000027,0.176804,0.04054,0.087512,0.03837,0.155808,0.179233,0.312155
ACACTGGGACAGTCGT-1,0.782129,0.073918,0.100897,0.000024,0.006156,0.000024,0.029452,0.007328,0.000024,0.000048
ACAGAACTGAGAACAA-1,0.000099,0.000099,0.805475,0.193535,0.000099,0.000099,0.000099,0.000198,0.000099,0.000198
ACAGATTAGGTTAGTG-1,0.000117,0.000117,0.998704,0.000124,0.000117,0.000117,0.000117,0.000234,0.000117,0.000234
ACAGCATAGAGCCAGT-1,0.000081,0.021831,0.654792,0.060984,0.000081,0.000081,0.000081,0.037548,0.223704,0.000816
ACAGCGACATTCTCAT-1,0.173857,0.039603,0.047464,0.013778,0.000424,0.027552,0.051815,0.600544,0.000027,0.044937
ACAGCGCACCCGCAGC-1,0.000033,0.107918,0.061869,0.060999,0.000033,0.000033,0.102948,0.086093,0.381644,0.198431
ACAGGAGGCGCAGCCG-1,0.000042,0.282613,0.329096,0.018582,0.084609,0.00673,0.000202,0.107326,0.013334,0.157467
ACAGGCACGGATCCTT-1,0.328471,0.197983,0.215923,0.000032,0.000032,0.000032,0.000032,0.257399,0.000032,0.000064
ACAGGCTTGCCCGACT-1,0.078264,0.000096,0.015677,0.487914,0.00002,0.00002,0.007868,0.384213,0.004323,0.021605
ACAGGTGGAGGTGAGG-1,0.000071,0.17971,0.346959,0.111224,0.000071,0.000071,0.000071,0.000142,0.338273,0.023409
ACAGGTGTGTTGTTGC-1,0.051829,0.004341,0.581242,0.068614,0.037037,0.000068,0.000068,0.000137,0.000068,0.256595
ACAGTAATACAACTTG-1,0.077934,0.047059,0.75373,0.051635,0.000055,0.000055,0.000055,0.062697,0.006671,0.00011
ACAGTATACCGTGGGA-1,0.000007,0.000007,0.000007,0.000007,0.000007,0.468014,0.067521,0.32202,0.013228,0.129183
ACAGTGCAGCGCATTT-1,0.042503,0.043058,0.100533,0.029954,0.018452,0.056279,0.128358,0.172654,0.104378,0.30383
ACATAAGTCGTGGTGA-1,0.000032,0.035701,0.162793,0.193614,0.148321,0.000032,0.000329,0.000064,0.000032,0.459082
ACATAATAAGGCGGTG-1,0.000103,0.316762,0.56178,0.000103,0.000103,0.000103,0.000103,0.000206,0.110484,0.010254
ACATACAATCAAGCGG-1,0.713286,0.000048,0.000048,0.039785,0.003751,0.000048,0.000048,0.181736,0.054548,0.006702
ACATCAGCTGGGACGC-1,0.019018,0.000045,0.630918,0.069106,0.165468,0.000045,0.000045,0.016686,0.034681,0.063986
ACATCCCGGCCATACG-1,0.000036,0.017641,0.059542,0.130158,0.000036,0.000036,0.031889,0.059404,0.185177,0.516079
ACATCCTGGTAACTGT-1,0.154366,0.297452,0.340234,0.032862,0.000029,0.048441,0.002896,0.123634,0.000029,0.000058
ACATCGATCGTTTACC-1,0.000025,0.008382,0.056004,0.002753,0.01297,0.000025,0.032134,0.341388,0.060576,0.485742
ACATCGCAATATTCGG-1,0.000061,0.000061,0.094901,0.147257,0.000061,0.000061,0.005607,0.32801,0.345686,0.078297
ACATCGGTCAGCCGCG-1,0.129858,0.002814,0.66014,0.199792,0.000118,0.000118,0.000118,0.000236,0.006571,0.000236
