Barcode,Topic 1,Topic 2to6,Topic 7,Topic 8to10
AAACAAGTATCTCCCA-1,0.568139,0.02678,0.000043,0.405038
AAACAATCTACTAGCA-1,0.000025,0.741478,0.000025,0.258472
AAACACCAATAACTGC-1,0.053905,0.077918,0.005299,0.862879
AAACAGAGCGACTCCT-1,0.000029,0.681207,0.023476,0.295288
AAACAGCTTTCAGAAG-1,0.073455,0.508864,0.005384,0.412296
AAACAGGGTCTATATT-1,0.128956,0.31842,0.015483,0.537141
AAACAGTGTTCCTGGG-1,0.052359,0.093866,0.36571,0.488065
AAACATGGTGAGAGGA-1,0.000029,0.45549,0.178735,0.365746
AAACATTTCCCGGATT-1,0.553696,0.024824,0.000048,0.421432
AAACCACTACACAGAT-1,0.007532,0.249386,0.310497,0.432586
AAACCCGAACGAAATC-1,0.344476,0.133975,0.014075,0.507474
AAACCGGAAATGTTAA-1,0.807019,0.033038,0.05326,0.106683
AAACCGGGTAGGTACC-1,0.064917,0.491578,0.003407,0.440098
AAACCGTTCGTCCAGG-1,0.135107,0.288627,0.06479,0.511475
AAACCTAAGCAGCCGG-1,0.312424,0.352176,0.015721,0.319679
AAACCTCATGAAGTTG-1,0.000074,0.121256,0.000718,0.877952
AAACGAAGAACATACC-1,0.000044,0.295103,0.032851,0.672002
AAACGAAGATGGAGTA-1,0.000063,0.508382,0.030644,0.46091
AAACGACAGTCTTGCC-1,0.000017,0.424485,0.221239,0.354259
AAACGAGACGGTTGAT-1,0.04221,0.852664,0.000017,0.105109
AAACGCCCGAGATCGG-1,0.000039,0.226308,0.073583,0.700071
AAACGCTGGGCACGAC-1,0.897849,0.07267,0.000028,0.029452
AAACGGGCGTACGGGT-1,0.653708,0.08038,0.00004,0.265872
AAACGGTTGCGAACTG-1,0.008808,0.317222,0.0138,0.66017
AAACGTGTTCGCCCTA-1,0.001411,0.680565,0.135107,0.182916
AAACTAACGTGGCGAC-1,0.00172,0.311816,0.112963,0.573502
AAACTCGGTTCGCAAT-1,0.012895,0.358912,0.008871,0.619322
AAACTCGTGATATAAG-1,0.05604,0.364244,0.008362,0.571355
AAACTGCTGGCTCCAA-1,0.065039,0.758712,0.000625,0.175623
AAACTTAATTGCACGC-1,0.058646,0.358462,0.176887,0.406005
AAACTTGCAAACGTAT-1,0.000059,0.209556,0.025842,0.764543
AAAGAATGACCTTAGA-1,0.00003,0.342678,0.237826,0.419466
AAAGAATGTGGACTAA-1,0.86981,0.024895,0.006448,0.098847
AAAGACATGAAGTTTA-1,0.029719,0.216883,0.194848,0.55855
AAAGACCCAAGTCGCG-1,0.000043,0.190081,0.05434,0.755536
AAAGACTGGGCGCTTT-1,0.026271,0.134798,0.00008,0.838851
AAAGCTTGCCTACATA-1,0.002453,0.844176,0.037245,0.116126
AAAGGCCCTATAATAC-1,0.001599,0.153784,0.019365,0.825253
AAAGGCTACGGACCAT-1,0.004478,0.509986,0.023274,0.462262
AAAGGCTCTCGCGCCG-1,0.005706,0.618207,0.024496,0.351591
AAAGGGATGTAGCAAG-1,0.146372,0.629631,0.000019,0.223978
AAAGGGCAGCTTGAAT-1,0.00003,0.744283,0.00334,0.252347
AAAGGTAAGCTGTACC-1,0.000041,0.350993,0.067165,0.581801
AAAGGTCAACGACATG-1,0.033732,0.591903,0.249354,0.125011
AAAGTAGCATTGCTCA-1,0.00484,0.227399,0.057777,0.709984
AAAGTCACTGATGTAA-1,0.000043,0.451882,0.03463,0.513445
AAAGTCGACCCTCAGT-1,0.232087,0.133089,0.000068,0.634757
AAAGTGCCATCAATTA-1,0.99646,0.000094,0.000019,0.003427
AAAGTGTGATTTATCT-1,0.11235,0.151597,0.000048,0.736006
AAAGTTGACTCCCGTA-1,0.056879,0.274968,0.00626,0.661893
AAATAACCATACGGGA-1,0.00003,0.559416,0.033483,0.407071
AAATAAGGTAGTGCCC-1,0.01737,0.673789,0.061396,0.247445
AAATACCTATAAGCAT-1,0.188937,0.23561,0.000143,0.57531
AAATAGCTTAGACTTT-1,0.020578,0.454829,0.009455,0.515138
AAATAGGGTGCTATTG-1,0.171487,0.319769,0.012972,0.495772
AAATCACTCCTAAACG-1,0.000029,0.860973,0.124503,0.014495
AAATCCGATACACGCC-1,0.494547,0.00948,0.013922,0.48205
AAATCGCGGAAGGAGT-1,0.000094,0.016602,0.174105,0.809199
AAATCGTGTACCACAA-1,0.044303,0.190387,0.025081,0.74023
AAATCTAGCCCTGCTA-1,0.503756,0.000252,0.00005,0.495942
AAATCTGCCCGCGTCC-1,0.000023,0.422551,0.306318,0.271108
AAATGACTGATCAAAC-1,0.059208,0.388946,0.499269,0.052577
AAATGATTCGATCAGC-1,0.01469,0.187893,0.001277,0.79614
AAATGCTCGTTACGTT-1,0.007725,0.281095,0.000065,0.711115
AAATGGCATGTCTTGT-1,0.000026,0.563815,0.036821,0.399339
AAATGGCCCGTGCCCT-1,0.336322,0.363959,0.00005,0.299669
AAATGGTCAATGTGCC-1,0.001964,0.616909,0.061362,0.319765
AAATGTATCTTATCCC-1,0.021484,0.221162,0.058497,0.698857
AAATGTGGGTGCTCCT-1,0.000027,0.860318,0.068915,0.070741
AAATTAACGGGTAGCT-1,0.010957,0.815601,0.055795,0.117647
AAATTAATAAGCGCGA-1,0.000076,0.033726,0.066957,0.899241
AAATTACACGACTCTG-1,0.009482,0.487895,0.074855,0.427768
AAATTACCTATCGATG-1,0.001803,0.407859,0.003345,0.586994
AAATTCCAGGTCCAAA-1,0.052599,0.590103,0.002146,0.355152
AAATTGATAGTCCTTT-1,0.004749,0.174336,0.081485,0.73943
AAATTGGTGAGAAGCA-1,0.000015,0.827484,0.108106,0.064395
AAATTTACCGAAATCC-1,0.000035,0.462772,0.036809,0.500384
AAATTTGCGGGTGTGG-1,0.000025,0.692347,0.10838,0.199248
AACAACTGGTAGTTGC-1,0.000029,0.701495,0.127319,0.171157
AACAATACATTGTCGA-1,0.000022,0.641496,0.041811,0.316671
AACAATTACTCTACGC-1,0.000022,0.970627,0.000022,0.02933
AACACACGCTCGCCGC-1,0.195364,0.745026,0.001897,0.057713
AACACGACTGTACTGA-1,0.000813,0.625534,0.015413,0.358239
AACACGAGACGCGGCC-1,0.005463,0.221225,0.018748,0.754565
AACACGCGGCCGCGAA-1,0.000047,0.331605,0.000292,0.668057
AACAGCTGTGTGGCAA-1,0.000033,0.371223,0.105256,0.523487
AACAGGAAATCGAATA-1,0.013858,0.422751,0.077266,0.486124
AACAGGATGGGCCGCG-1,0.000036,0.477677,0.147679,0.374608
AACAGGTAGTATGGAT-1,0.529804,0.000314,0.092851,0.377031
AACATAGCGTGTATCG-1,0.556226,0.21895,0.093298,0.131525
AACATATCAACTGGTG-1,0.00002,0.657271,0.002832,0.339878
AACATCGATACGTCTA-1,0.000026,0.791038,0.038273,0.170663
AACATTGAAGTTGATC-1,0.000015,0.889612,0.000015,0.110357
AACATTGTGACTCGAG-1,0.000014,0.901062,0.01804,0.080884
AACCAAGACTTCTCTG-1,0.005307,0.609756,0.003171,0.381766
AACCAGTATCACTCTT-1,0.000055,0.533087,0.023201,0.443657
AACCATAGGGTTGAAC-1,0.030721,0.20277,0.144107,0.622401
AACCATGGGATCGCTA-1,0.000032,0.764469,0.000032,0.235466
AACCCAGAGACGGAGA-1,0.004645,0.540482,0.072999,0.381874
AACCCATCCCATGATC-1,0.064223,0.118466,0.00821,0.809102
AACCCGACAACCCGTG-1,0.032986,0.092155,0.165326,0.709534
AACCCGAGCAGAATCG-1,0.862767,0.000196,0.008935,0.128102
AACCCGATAGGGCTTC-1,0.025325,0.397056,0.322302,0.255317
AACCCGCTGTATTCCA-1,0.070643,0.491407,0.405129,0.032821
AACCCTACTGTCAATA-1,0.039876,0.331875,0.012573,0.615675
AACCCTGGTGGAACCA-1,0.000044,0.301019,0.021316,0.677621
AACCGAGCTTGGTCAT-1,0.025618,0.472552,0.028303,0.473527
AACCGCTAAGGGATGC-1,0.096007,0.351477,0.002254,0.550262
AACCGTTGTGTTTGCT-1,0.000039,0.722517,0.010809,0.266634
AACCTAAAGCCGTCCG-1,0.000032,0.303163,0.222425,0.47438
AACCTCGCTTTAGCCC-1,0.374259,0.164155,0.002301,0.459284
AACCTGTCACGGAATT-1,0.013567,0.646405,0.189745,0.150284
AACCTTTAAATACGGT-1,0.013714,0.841161,0.000013,0.145113
AACCTTTACGACGTCT-1,0.000029,0.794939,0.003787,0.201245
AACGAAAGTCGTCCCA-1,0.000151,0.000753,0.000151,0.998946
AACGACCTCCTAGCCG-1,0.968933,0.020491,0.000017,0.01056
AACGATAATGCCGTAG-1,0.008154,0.90893,0.000014,0.082902
AACGATAGAAGGGCCG-1,0.000029,0.766409,0.031785,0.201777
AACGATATGTCAACTG-1,0.039559,0.482839,0.075173,0.402429
AACGCATGATCTGGGT-1,0.006399,0.541717,0.000032,0.451853
AACGCGAACGGCAACA-1,0.065969,0.413838,0.000075,0.520118
AACGCGACCTTGGGCG-1,0.068223,0.714885,0.013543,0.203348
AACGCGGTCTCCAGCC-1,0.022724,0.51527,0.065488,0.396518
AACGCTGTTGCTGAAA-1,0.572075,0.207446,0.000038,0.22044
AACGGACGTACGTATA-1,0.330592,0.087251,0.000877,0.581281
AACGGCCATCTCCGGT-1,0.000024,0.576747,0.147522,0.275708
AACGTACTGTGGGTAC-1,0.042313,0.33057,0.081008,0.546109
AACGTAGTCTACCCAT-1,0.000039,0.596708,0.000039,0.403213
AACGTCAGACTAGTGG-1,0.000054,0.234367,0.116288,0.649291
AACGTCATCCGGCTTG-1,0.017046,0.258782,0.634939,0.089233
AACGTCGCTGCACTTC-1,0.81566,0.182916,0.000016,0.001408
AACGTGATGAAGGACA-1,0.000031,0.417917,0.023419,0.558632
AACGTGCGAAAGTCTC-1,0.011119,0.325171,0.017093,0.646617
AACGTTCTACCATTGT-1,0.874607,0.000235,0.000047,0.125111
AACTACCCGTTTGTCA-1,0.318582,0.146501,0.157183,0.377733
AACTAGCGTATCGCAC-1,0.000048,0.319976,0.020127,0.659849
AACTAGGCTTGGGTGT-1,0.037819,0.371719,0.03051,0.559951
AACTCAAGTTAATTGC-1,0.036173,0.411645,0.084823,0.467359
AACTCCAGAGCGTGTT-1,0.720914,0.092272,0.000048,0.186767
AACTCCTAATCCCATG-1,0.019972,0.367444,0.0386,0.573984
AACTCGATGGCGCAGT-1,0.00008,0.1832,0.00008,0.81664
AACTCTCAATAGAGCG-1,0.000031,0.543453,0.024347,0.432169
AACTCTCAGTGTGCTC-1,0.002387,0.543959,0.17598,0.277675
AACTGAGGTCAGCGTC-1,0.002299,0.319898,0.034253,0.64355
AACTGAGTTATACTGA-1,0.67648,0.257679,0.020883,0.044959
AACTGATATTAGGCCT-1,0.000023,0.705881,0.051616,0.24248
AACTGGGTCCCGACGT-1,0.000032,0.403224,0.015404,0.58134
AACTGGGTTCGAGCCG-1,0.000045,0.636272,0.072539,0.291144
AACTGGTGTGGGCCTT-1,0.00006,0.154647,0.110271,0.735021
AACTTCTGCGTCTATC-1,0.100657,0.000625,0.000125,0.898593
AACTTGCCCGTATGCA-1,0.000032,0.759624,0.000355,0.23999
AACTTGCGTTCTCGCG-1,0.000145,0.03676,0.000145,0.96295
AACTTTACGGGAGCTT-1,0.020006,0.000643,0.000129,0.979223
AACTTTAGCTGCTGAG-1,0.000054,0.160422,0.038082,0.801442
AACTTTCTCGATCATG-1,0.050256,0.185866,0.281329,0.48255
AAGAAAGTTTGATGGG-1,0.073675,0.00015,0.277255,0.648921
AAGAAATCACCAGATT-1,0.01957,0.371326,0.258798,0.350305
AAGAAGGATCAGTTAG-1,0.000083,0.325408,0.000083,0.674425
AAGACATACGTGGTTT-1,0.851981,0.055302,0.045408,0.047308
AAGACCAAATAACTCA-1,0.025481,0.122516,0.068075,0.783929
AAGACCCAACTGAACA-1,0.011566,0.846914,0.030004,0.111516
AAGACTAACCCGTTGT-1,0.028934,0.442318,0.000084,0.528664
AAGACTCACGCCCACT-1,0.00004,0.316343,0.210957,0.47266
AAGACTGCAAGCTACT-1,0.001812,0.649034,0.043213,0.305941
AAGAGATGAATCGGTA-1,0.000058,0.056731,0.104557,0.838654
AAGAGCTCTTTATCGG-1,0.000172,0.873169,0.001117,0.125542
AAGAGGATGTACGCGA-1,0.000026,0.746255,0.017374,0.236344
AAGAGGCATGGATCGC-1,0.000019,0.57613,0.00146,0.422392
AAGAGGCCCTTTGGAA-1,0.700089,0.041091,0.000048,0.258773
AAGATGGCACCGGACC-1,0.019824,0.902229,0.029764,0.048182
AAGATTGGCGGAACGT-1,0.058848,0.300425,0.000029,0.640698
AAGCACCCTGCGTATC-1,0.141034,0.027463,0.001223,0.83028
AAGCATACTCTCCTGA-1,0.007537,0.428172,0.005998,0.558292
AAGCCACTTGCAGGTA-1,0.000023,0.113358,0.325181,0.561437
AAGCCGAAGCGGTTTA-1,0.36609,0.100276,0.029836,0.503797
AAGCCGCCGTGAAATC-1,0.000021,0.526453,0.061549,0.411977
AAGCCGCTTTACCTTG-1,0.000018,0.785459,0.200527,0.013995
AAGCCGGAGAGCAGGA-1,0.887741,0.000176,0.009168,0.102916
AAGCGCAGGGCTTTGA-1,0.206417,0.275385,0.03857,0.479627
AAGCGGAGTGCGCGCA-1,0.015252,0.657265,0.197423,0.130059
AAGCGGCGTCATGGGT-1,0.00004,0.330964,0.05489,0.614106
AAGCGTCCCTCATCGA-1,0.00004,0.380543,0.155452,0.463966
AAGCTAGATCGAGTAA-1,0.051301,0.530606,0.019732,0.39836
AAGCTATGGATTGACC-1,0.010987,0.784432,0.190211,0.01437
AAGCTCGTGCCAAGTC-1,0.034013,0.565063,0.019439,0.381485
AAGCTCTTTCATGGTG-1,0.227073,0.125002,0.01045,0.637475
AAGGAGAACTTATAAG-1,0.000027,0.791329,0.000306,0.208338
AAGGAGCGGTTGGTGC-1,0.000044,0.219439,0.133017,0.647501
AAGGATCGATCGCTTG-1,0.099336,0.12469,0.019758,0.756216
AAGGATGAGGGACCTC-1,0.023794,0.134963,0.059108,0.782135
AAGGCAGGCTGTCTCC-1,0.200953,0.54271,0.243206,0.013131
AAGGCGCGTAAAGCTT-1,0.036675,0.679312,0.033554,0.250459
AAGGCTGTGCTCATCG-1,0.00003,0.374479,0.03173,0.593762
AAGGGAACGACTGGCT-1,0.000028,0.263662,0.053935,0.682375
AAGGGACAGATTCTGT-1,0.000031,0.280523,0.000509,0.718936
AAGGGACTATGCATTC-1,0.000045,0.575289,0.01594,0.408726
AAGGGTTAGCCATGCG-1,0.999826,0.000097,0.000019,0.000058
AAGGGTTTGATTTCAG-1,0.000088,0.07559,0.052961,0.871361
AAGGTATCCTAATATA-1,0.000022,0.599487,0.019995,0.380496
AAGGTGATAAACCAGC-1,0.091225,0.405507,0.001197,0.502071
AAGTAAGCTTCCAAAC-1,0.000039,0.574847,0.000674,0.42444
AAGTAGAAGACCGGGT-1,0.037727,0.471753,0.035439,0.455081
AAGTAGTGACGCGAGG-1,0.000049,0.187853,0.092023,0.720075
AAGTCAATTGTCGTCA-1,0.206111,0.287108,0.000052,0.50673
AAGTCTAGTAGCTGCC-1,0.020404,0.703756,0.206455,0.069385
AAGTCTTCTGTGGCCT-1,0.000125,0.38122,0.000125,0.61853
AAGTGACGACCGAATT-1,0.00004,0.246853,0.023076,0.730031
AAGTGAGTCGGGTTTA-1,0.023921,0.173112,0.084126,0.718842
AAGTGCAAAGGTAGAC-1,0.057862,0.329964,0.077132,0.535042
AAGTGCCTTGACTGTA-1,0.177672,0.740888,0.00003,0.08141
AAGTGCGTTAGAATCT-1,0.000042,0.125241,0.060299,0.814418
AAGTGCTTCTCTATTG-1,0.000054,0.07768,0.365628,0.556637
AAGTGTTTGGAGACGG-1,0.099239,0.185593,0.004024,0.711144
AAGTTCACTCCAAGCT-1,0.342886,0.013899,0.000064,0.643151
AAGTTCAGTCTGCGTA-1,0.042707,0.508159,0.034161,0.414972
AAGTTCGGCCAACAGG-1,0.000025,0.709571,0.180061,0.110344
AAGTTGTGATGTTATA-1,0.487105,0.338334,0.116461,0.0581
AAGTTTACTAATGGCA-1,0.000067,0.423759,0.000067,0.576107
AAGTTTATGGGCCCAA-1,0.027845,0.291508,0.048343,0.632304
AATAACAACGCTCGGC-1,0.011709,0.090879,0.097063,0.80035
AATAACACTAGAACAA-1,0.000027,0.339793,0.185235,0.474944
AATAACGTCGCGCCCA-1,0.853863,0.098925,0.030713,0.0165
AATAAGTCCTCGAGAC-1,0.000031,0.672397,0.005776,0.321796
AATAATCTTCGTATCG-1,0.512258,0.279077,0.199571,0.009094
AATACAATGTTTCAGG-1,0.000135,0.000675,0.000135,0.999055
AATACCGGAGGGCTGT-1,0.064765,0.445694,0.019559,0.469982
AATACCTGATGTGAAC-1,0.802773,0.197153,0.000018,0.000055
AATAGAACAGAGTGGC-1,0.010743,0.386394,0.087155,0.515708
AATAGAATCTGTTTCA-1,0.11236,0.215084,0.003708,0.668848
AATAGCAAGCCTCCTG-1,0.05732,0.538018,0.110023,0.294639
AATAGCTACCGCGTGC-1,0.02346,0.418075,0.038585,0.51988
AATAGGCACGACCCTT-1,0.010695,0.111009,0.646409,0.231886
AATAGTCCGTCCCGAC-1,0.145087,0.11094,0.004591,0.739382
AATAGTCGCGAGTCGG-1,0.015609,0.376293,0.000095,0.608003
AATATCAAGGTCGGAT-1,0.02678,0.641305,0.000032,0.331883
AATATCCTAGCAAACT-1,0.000051,0.681206,0.000051,0.318692
AATATCGAATCAATGC-1,0.373567,0.33526,0.002389,0.288784
AATATCGAGGGTTCTC-1,0.00003,0.632008,0.001048,0.366913
AATATTGGAGTATTGA-1,0.00004,0.556857,0.005178,0.437925
AATCAGGTTTCATTTA-1,0.000051,0.185121,0.085169,0.729659
AATCATGTAAAGACTC-1,0.321154,0.036703,0.000064,0.642079
AATCCAAGGGCCTGAG-1,0.00003,0.635685,0.12995,0.234335
AATCCATGCAAGGGTG-1,0.117914,0.131359,0.000061,0.750666
AATCCCGCTCAGAGCC-1,0.002758,0.592939,0.403506,0.000798
AATCGAGGTCTCAAGG-1,0.471084,0.425123,0.1006,0.003193
AATCGCCTCAGCGCCA-1,0.000018,0.701056,0.000018,0.298908
AATCGCGCAGAGGACT-1,0.132292,0.125919,0.02844,0.713349
AATCGGGACACTACGA-1,0.000057,0.339853,0.046177,0.613913
AATCGGTATAGCCCTC-1,0.959178,0.040765,0.000014,0.000043
AATCGTGAGCCGAGCA-1,0.214598,0.685834,0.013051,0.086517
AATCTAGGTTTACTTG-1,0.10269,0.005432,0.000089,0.891789
AATCTATGCCGGAGCC-1,0.000038,0.417232,0.028709,0.554022
AATCTCTACTGTGGTT-1,0.067115,0.503002,0.018995,0.410889
AATCTGCGTTGGGACG-1,0.000019,0.765397,0.003656,0.230928
AATCTGGCTTTCTAGT-1,0.01639,0.046679,0.02566,0.911272
AATCTGGGTAGACCCT-1,0.000043,0.438977,0.077529,0.483452
AATGACAGCAATGTCT-1,0.000032,0.564391,0.019396,0.416181
AATGACGTAGGATGTC-1,0.085611,0.551876,0.001638,0.360875
AATGACTGTCAGCCGG-1,0.043735,0.415944,0.142577,0.397744
AATGAGTTCGCATATG-1,0.211421,0.064835,0.000081,0.723663
AATGATGATACGCTAT-1,0.000029,0.750855,0.036626,0.212491
AATGATGCGACTCCTG-1,0.000019,0.888079,0.000019,0.111882
AATGCAACCGGGTACC-1,0.031233,0.641156,0.031732,0.295879
AATGCACCAAGCAATG-1,0.014839,0.813131,0.000017,0.172013
AATGGCCGCCAATGCG-1,0.000017,0.317394,0.349356,0.333233
AATGGTCCACCGTTCA-1,0.000096,0.086502,0.010243,0.903159
AATGGTTCTCACAAGC-1,0.000034,0.773434,0.034064,0.192468
AATGTATGGCACTGTA-1,0.090595,0.000671,0.004339,0.904395
AATGTGCCCGAGGTGT-1,0.000029,0.717533,0.018028,0.264411
AATGTGCTAATCTGAG-1,0.000026,0.468568,0.084689,0.446717
AATGTTAAGACCCTGA-1,0.39026,0.248613,0.357894,0.003233
AATGTTGTCGTGAGAC-1,0.945798,0.024213,0.000021,0.029967
AATTAAAGGTCGGCGT-1,0.043718,0.694063,0.098266,0.163953
AATTAACGGATTTCCA-1,0.011626,0.458598,0.002804,0.526972
AATTACGAGACCCATC-1,0.000145,0.000723,0.100668,0.898465
AATTACTCGTACGCTC-1,0.03182,0.465428,0.00015,0.502602
AATTAGCGCTGCAGCG-1,0.018354,0.955746,0.000013,0.025888
AATTATACCCAGCAAG-1,0.550183,0.311617,0.099457,0.038743
AATTCATAAGGGATCT-1,0.015796,0.374395,0.015709,0.594099
AATTCATTGTCATGCA-1,0.179987,0.000871,0.000174,0.818967
AATTCCAAGCATGTAC-1,0.022322,0.626733,0.013983,0.336962
AATTCGATTCGAGGAT-1,0.243567,0.169775,0.042019,0.544639
AATTCTAGAGTTAGGC-1,0.00004,0.449454,0.00004,0.550465
AATTGAACGCTCTGGT-1,0.088647,0.184697,0.012816,0.71384
AATTGCAGCAATCGAC-1,0.719422,0.076833,0.004931,0.198814
AATTGCGTGGATTACA-1,0.029692,0.087541,0.000102,0.882666
AATTGTGGTTGCCAAA-1,0.876786,0.015187,0.089926,0.018101
AATTTGGGACATAGTA-1,0.00003,0.754164,0.007628,0.238178
AATTTGGTTCCAAAGA-1,0.000025,0.916256,0.012647,0.071072
ACAAACCATGCGTCCT-1,0.000061,0.09169,0.10856,0.799689
ACAAACCGACAAGGCG-1,0.000033,0.422984,0.072542,0.504442
ACAAACTCCATCAGAG-1,0.000025,0.808008,0.191582,0.000385
ACAAAGAAGGTAGGCC-1,0.000071,0.428746,0.09477,0.476413
ACAAAGCATGACCTAG-1,0.835512,0.057689,0.000025,0.106774
ACAAATCGCACCGAAT-1,0.094814,0.160308,0.020793,0.724085
ACAAATGGTAGTGTTT-1,0.099479,0.331616,0.000023,0.568881
ACAAATTCAGATCTGA-1,0.000023,0.888566,0.008794,0.102617
ACAACAGCATGAGCTA-1,0.078625,0.282303,0.025199,0.613873
ACAACGGTCCCTGCGA-1,0.000045,0.383922,0.012252,0.60378
ACAAGCAGTGCCTAGC-1,0.000029,0.595853,0.014743,0.389375
ACAAGCTATATGGAAG-1,0.000037,0.898395,0.032404,0.069165
ACAAGGAAATCCGCCC-1,0.025812,0.77244,0.000014,0.201734
ACAAGGACAAGAGGTT-1,0.018915,0.10888,0.151691,0.720515
ACAAGGATGCTTTAGG-1,0.549266,0.035216,0.000049,0.415469
ACAAGGCCTACCAGCC-1,0.001084,0.167759,0.272822,0.558335
ACAAGGGCAGGCTCTG-1,0.042874,0.897723,0.000014,0.059389
ACAAGTAATTGTAAGG-1,0.077497,0.065237,0.334036,0.52323
ACAATAGTCGTACGTT-1,0.057318,0.287272,0.00007,0.65534
ACAATCCATTTAAACC-1,0.000043,0.454705,0.036175,0.509077
ACAATCGATCTTTATA-1,0.000067,0.32967,0.118777,0.551485
ACAATGAATACGGAGA-1,0.000038,0.335078,0.104796,0.560088
ACAATGATTCTTCTAC-1,0.0086,0.836315,0.131774,0.023312
ACAATTGTGTCTCTTT-1,0.343855,0.215559,0.006624,0.433962
ACAATTTAGGAGGCTC-1,0.102504,0.477141,0.033375,0.38698
ACAATTTGAGCAGTGG-1,0.009302,0.224923,0.071351,0.694424
ACAATTTGGCCATATT-1,0.432099,0.024288,0.302135,0.241478
ACACAAAGACGGGTGG-1,0.001373,0.847309,0.093548,0.05777
ACACAAATATTCCTAG-1,0.016513,0.41928,0.352298,0.211908
ACACACCAGGACCAGT-1,0.111158,0.237335,0.000591,0.650916
ACACACTTTCTACACG-1,0.123435,0.601804,0.018995,0.255767
ACACATGATCAAATCT-1,0.093388,0.147804,0.00007,0.758738
ACACATTTCCGTAGAC-1,0.102515,0.727982,0.141989,0.027515
ACACCACATAATTAGC-1,0.000017,0.846684,0.011062,0.142237
ACACCCAGCATGCAGC-1,0.075086,0.350076,0.03888,0.535959
ACACCCGAGAAATCCG-1,0.000029,0.569883,0.062311,0.367776
ACACCCGTAAATCTGT-1,0.000019,0.45299,0.295219,0.251771
ACACCGAGCGCTCTTT-1,0.042566,0.269717,0.000105,0.687612
ACACCGGTCTGACCGC-1,0.086649,0.019577,0.018746,0.875029
ACACCTTAAGTAGGGC-1,0.024146,0.442897,0.131493,0.401465
ACACCTTACTACTTGC-1,0.15973,0.198397,0.00239,0.639483
ACACGAGACTCCTTCT-1,0.000019,0.75921,0.006728,0.234042
ACACGGCACTATGCAT-1,0.000063,0.039448,0.00456,0.95593
ACACGGGAACTTAGGG-1,0.002123,0.77885,0.057143,0.161885
ACACGTAGGCCACAAG-1,0.736512,0.000331,0.000066,0.26309
ACACTCCAATGTCACT-1,0.052911,0.118125,0.00011,0.828854
ACACTGATCAAGGTGT-1,0.072884,0.637037,0.009819,0.280261
ACACTGGGACAGTCGT-1,0.794569,0.079942,0.000028,0.125461
ACAGAACTGAGAACAA-1,0.00002,0.962731,0.00002,0.037229
ACAGATTAGGTTAGTG-1,0.00006,0.544378,0.000459,0.455102
ACAGCATAGAGCCAGT-1,0.00003,0.721226,0.006713,0.272031
ACAGCGACATTCTCAT-1,0.775518,0.145289,0.000039,0.079154
ACAGCGCACCCGCAGC-1,0.012694,0.386777,0.046235,0.554295
ACAGGCACGGATCCTT-1,0.814962,0.184952,0.000022,0.000065
ACAGGCTTGCCCGACT-1,0.03346,0.94994,0.000639,0.015961
ACAGGTGGAGGTGAGG-1,0.002313,0.307961,0.15419,0.535537
ACAGGTGTGTTGTTGC-1,0.000046,0.656519,0.058613,0.284822
ACAGTAATACAACTTG-1,0.057744,0.054993,0.000089,0.887174
ACAGTATACCGTGGGA-1,0.000037,0.511313,0.23294,0.25571
ACAGTGCAGCGCATTT-1,0.047786,0.74366,0.163104,0.045451
ACATAAGTCGTGGTGA-1,0.040004,0.00073,0.037169,0.922097
ACATAATAAGGCGGTG-1,0.037194,0.874883,0.020748,0.067174
ACATACAATCAAGCGG-1,0.467822,0.505745,0.026389,0.000045
ACATCAGCTGGGACGC-1,0.036336,0.365691,0.00896,0.589012
ACATCCCGGCCATACG-1,0.012142,0.755025,0.006867,0.225966
ACATCCTGGTAACTGT-1,0.226846,0.063973,0.000044,0.709137
ACATCGATCGTTTACC-1,0.041455,0.663262,0.050807,0.244477
ACATCGCAATATTCGG-1,0.011572,0.425789,0.315494,0.247145
ACATCGGTCAGCCGCG-1,0.017455,0.508828,0.076731,0.396986
ACATCGTATGCAATGG-1,0.024678,0.129053,0.004877,0.841392
ACATCGTTAACCTAGT-1,0.000043,0.279921,0.051496,0.668541
ACATCTCAACGCGTAA-1,0.000057,0.09614,0.040173,0.863631
ACATGCTTACGGCAGC-1,0.00007,0.00035,0.255967,0.743614
ACATGGCGCCAAAGTA-1,0.223784,0.46366,0.009849,0.302708
ACATGGCTCAATTTAG-1,0.047472,0.40297,0.000098,0.54946
ACATTAGTTTATATCC-1,0.053615,0.901135,0.000015,0.045235
ACATTCGCGCGGAATA-1,0.00002,0.404526,0.18542,0.410035
ACATTTGAAACCTAAC-1,0.94436,0.035259,0.010764,0.009617
ACCAAACACCCAGCGA-1,0.000032,0.239249,0.152571,0.608148
ACCAAACTAGAAATCC-1,0.000047,0.379914,0.000047,0.619992
ACCAACACCACACACT-1,0.000028,0.499335,0.013966,0.486671
ACCAACCGCACTCCAC-1,0.79434,0.005477,0.031077,0.169106
ACCAACGCTTATTTAT-1,0.0759,0.701347,0.000586,0.222168
ACCAAGAACGCGTGTC-1,0.000025,0.660681,0.107774,0.231519
ACCAAGTCATCGGCAG-1,0.894804,0.082166,0.000026,0.023004
ACCAATATGCAAGTTA-1,0.025049,0.545106,0.004774,0.425072
ACCACAACTCAGAACA-1,0.01712,0.465658,0.011717,0.505505
ACCACAAGTTTCTATC-1,0.037914,0.438662,0.088619,0.434805
ACCACACGGTTGATGG-1,0.108181,0.742381,0.149386,0.000052
ACCACCAATGTAACAA-1,0.02873,0.498092,0.002996,0.470183
ACCACCCTCTCTTCTA-1,0.079144,0.182974,0.299144,0.438738
ACCACGTGCAGCTATA-1,0.21412,0.276117,0.000035,0.509729
ACCACTGTTCAAGAAG-1,0.064432,0.303653,0.000088,0.631827
ACCAGACCATAACAAC-1,0.04748,0.096783,0.073511,0.782226
ACCAGCCCGGTCTTTG-1,0.028101,0.411809,0.017498,0.542591
ACCAGGAGTGTGATCT-1,0.000061,0.172911,0.031841,0.795187
ACCAGTGCCCGGTCAA-1,0.000032,0.70285,0.069732,0.227386
ACCAGTGCGGGAGACG-1,0.110349,0.229082,0.000039,0.66053
ACCATATCCGCAATAA-1,0.025213,0.821426,0.019183,0.134179
ACCATCGTATATGGTA-1,0.023468,0.462259,0.071142,0.443131
ACCATTAAGGGTGTCA-1,0.072346,0.37811,0.000094,0.54945
ACCCAACGCCCGTGGC-1,0.036876,0.790218,0.006567,0.166339
ACCCACCTACATGCTC-1,0.000042,0.506242,0.000042,0.493674
ACCCATCTTGAGGGTA-1,0.033021,0.636846,0.079609,0.250525
ACCCATTTGTCCCTCT-1,0.147392,0.850446,0.000015,0.002147
ACCCGAGCGAAATTAC-1,0.000025,0.589923,0.05935,0.350701
ACCCGATTGGTTCCGA-1,0.000028,0.83606,0.016558,0.147355
ACCCGGAAACTCCCAG-1,0.034193,0.684801,0.003453,0.277554
ACCCGGAGCACCACAA-1,0.833477,0.052277,0.064549,0.049697
ACCCGGATGACGCATC-1,0.068394,0.374975,0.000032,0.5566
ACCCGGTTACACTTCC-1,0.002135,0.583781,0.05493,0.359154
ACCCGTAGCAGAGAAT-1,0.102111,0.067211,0.178092,0.652586
ACCCGTAGTCTAGTTG-1,0.850334,0.008938,0.134695,0.006033
ACCCGTGTCATCAGTA-1,0.055261,0.231089,0.019608,0.694042
ACCCTATAGGACTGAG-1,0.028869,0.304226,0.000137,0.666767
ACCCTATGCCATATCG-1,0.000026,0.630296,0.059511,0.310167
ACCCTCCCGTCAGGGC-1,0.804213,0.031758,0.158261,0.005768
ACCCTCCCTTGCTATT-1,0.109395,0.2545,0.005716,0.630389
ACCCTGGTAACGCCCT-1,0.000046,0.249736,0.113013,0.637206
ACCCTTCATCTGCGAA-1,0.017987,0.613432,0.050083,0.318499
ACCCTTGCCTGGGTCG-1,0.015409,0.641239,0.22929,0.114062
ACCCTTTAGTTCTCCA-1,0.000031,0.704109,0.011625,0.284235
ACCGAAAGGGCCCTGC-1,0.002119,0.942909,0.029929,0.025043
ACCGAAGAGTCTGGTT-1,0.032679,0.476373,0.000099,0.49085
ACCGACACATCTCCCA-1,0.042927,0.695341,0.000014,0.261717
ACCGACTGAGTCCCAC-1,0.009039,0.518898,0.016387,0.455677
ACCGAGTCTCCTTATT-1,0.556669,0.214784,0.177293,0.051255
ACCGATAGGCATAACC-1,0.644646,0.294245,0.05809,0.003019
ACCGATATTTAATCAT-1,0.503208,0.435263,0.051821,0.009708
ACCGATGGTAGCATCG-1,0.012647,0.333687,0.013806,0.63986
ACCGCAATAACTGCCT-1,0.29497,0.120774,0.000028,0.584228
ACCGCGGTGGAAGTCG-1,0.187138,0.394719,0.003347,0.414796
ACCGCTAGTCATTGGT-1,0.019068,0.220038,0.49471,0.266183
ACCGGGCCTTTGTTGA-1,0.077229,0.623231,0.011497,0.288043
ACCGGTCAGGTACACC-1,0.055443,0.049619,0.006783,0.888155
ACCGGTCTGAGTACGG-1,0.000044,0.450338,0.027628,0.52199
ACCGTCCACTGGGCCC-1,0.000026,0.538866,0.127484,0.333624
ACCGTGACCACGTGGG-1,0.000027,0.476627,0.134818,0.388528
ACCGTTCCCGCTCTGA-1,0.000054,0.436881,0.012862,0.550203
ACCTAAGTACCTTTCA-1,0.000039,0.242127,0.147613,0.610221
ACCTAATCGACTTCCT-1,0.00005,0.256311,0.169927,0.573712
ACCTACAGTATGTGGT-1,0.275685,0.158502,0.000042,0.565771
ACCTACTATAAATCTA-1,0.105234,0.710859,0.013591,0.170316
ACCTCAGCGAGGCGCA-1,0.580819,0.394152,0.001296,0.023732
ACCTCCGCCCTCGCTG-1,0.669178,0.32831,0.000262,0.002251
ACCTCCGTTATTCACC-1,0.000111,0.650335,0.052818,0.296737
ACCTCGAACTTATGCT-1,0.071968,0.04276,0.00012,0.885152
ACCTGCGTGTCATGTT-1,0.01278,0.136993,0.014197,0.83603
ACCTTTCCTTTAGAAG-1,0.035181,0.401806,0.035009,0.528003
ACGAAATGGGCGGCAC-1,0.000032,0.501166,0.00405,0.494751
ACGACCCATGAGTTGC-1,0.972025,0.011635,0.000028,0.016312
ACGACTCTAGGGCCGA-1,0.71823,0.068615,0.12259,0.090565
ACGACTGGTCATACTC-1,0.000017,0.659965,0.028667,0.31135
ACGAGAACCCATCACG-1,0.000029,0.856957,0.000029,0.142985
ACGAGATATTTGCTTA-1,0.000036,0.493294,0.044327,0.462343
ACGAGGATACCACTCT-1,0.004931,0.050388,0.089392,0.855289
ACGAGGTTTACAACGT-1,0.121365,0.472612,0.000088,0.405935
ACGAGTACGGATGCCC-1,0.03498,0.272952,0.013459,0.678609
ACGATACATAGAACTA-1,0.056092,0.599382,0.02069,0.323835
ACGATACCTATCCTGA-1,0.000096,0.273605,0.048521,0.677778
ACGATCATACATAGAG-1,0.198025,0.686219,0.000022,0.115734
ACGATCATCTTGTAAA-1,0.008553,0.309921,0.009965,0.671561
ACGATGCATATGTTAT-1,0.047895,0.220427,0.132927,0.598751
ACGATGGATCCGATGC-1,0.011713,0.18957,0.019945,0.778771
ACGCAAACTAATAGAT-1,0.000019,0.592671,0.063043,0.344267
ACGCAATCACTACAGC-1,0.00003,0.801389,0.016989,0.181593
ACGCATAAATGACATG-1,0.027055,0.349352,0.255955,0.367638
ACGCATACGTTTACTA-1,0.625602,0.000272,0.000054,0.374071
ACGCATTCGTGAGTAC-1,0.000018,0.923377,0.001188,0.075416
ACGCCACTCGAAACAG-1,0.111195,0.394117,0.282546,0.212143
ACGCCAGATGATTTCT-1,0.004037,0.577543,0.045332,0.373088
ACGCCAGTGCGTTTGC-1,0.796555,0.185335,0.000285,0.017824
ACGCCCAGCTGTCGAT-1,0.000045,0.597558,0.000045,0.402352
ACGCCGCTAGACGACC-1,0.107177,0.271095,0.021633,0.600096
ACGCGAAGTCAGACGA-1,0.028312,0.422306,0.0231,0.526282
ACGCGCTACACAGGGT-1,0.000081,0.266928,0.179691,0.5533
ACGCGGGCCAAGGACA-1,0.000024,0.699439,0.072424,0.228112
ACGCGTTTCTTAAGAG-1,0.007413,0.000577,0.041183,0.950828
ACGCTACTGAATGGGC-1,0.373665,0.626293,0.00001,0.000031
ACGCTAGTATCAGTGC-1,0.000028,0.205857,0.219539,0.574576
ACGCTAGTGATACACT-1,0.000037,0.286318,0.003038,0.710606
ACGCTGTGAGGCGTAG-1,0.038335,0.654774,0.032169,0.274722
ACGCTTAGTGTCTCTC-1,0.000034,0.762154,0.036571,0.201241
ACGGAACACGAGTGCC-1,0.901227,0.098609,0.000018,0.000146
ACGGAATTTAGCAAAT-1,0.000049,0.540552,0.007415,0.451984
ACGGACGCAGCGACAA-1,0.032903,0.000417,0.169634,0.797047
ACGGACTCTCAAAGCG-1,0.017027,0.558421,0.000718,0.423834
ACGGAGCGCAAATTAC-1,0.000029,0.547329,0.01523,0.437412
ACGGATGGTGCGGATA-1,0.116991,0.207723,0.002618,0.672668
ACGGCACTTGCTTGGG-1,0.000942,0.118063,0.056615,0.82438
ACGGCCAACATGGACT-1,0.000023,0.485308,0.036419,0.478249
ACGGCGACGATGGGAA-1,0.134288,0.628513,0.000023,0.237176
ACGGCGGGTTGCCCTG-1,0.000054,0.453415,0.000054,0.546477
ACGGCTGGATGTAGAA-1,0.045774,0.408787,0.000083,0.545355
ACGGGAGTGTCGGCCC-1,0.000026,0.519986,0.037417,0.442571
ACGGGCGTATGCGACA-1,0.000022,0.850469,0.021565,0.127944
ACGGGTCATGTGACTT-1,0.000108,0.464211,0.000108,0.535573
ACGGGTTGTGACCTGT-1,0.000043,0.000217,0.329169,0.67057
ACGGTACAGTTCAATG-1,0.512878,0.367939,0.119096,0.000086
ACGGTCACCGAGAACA-1,0.069173,0.436103,0.005487,0.489238
ACGTACAGATTTCTCT-1,0.008219,0.333105,0.032977,0.625699
ACGTACTTTGGCACGG-1,0.000021,0.542908,0.043081,0.413989
ACGTAGATTGCTGATG-1,0.060978,0.527725,0.010589,0.400707
ACGTAGGAGAGTCGCT-1,0.240741,0.000325,0.181758,0.577175
ACGTATTACTCCGATC-1,0.014179,0.465183,0.000241,0.520397
ACGTCCTAAACGAGAT-1,0.000044,0.409059,0.107929,0.482968
ACGTCGGGCAACTCGG-1,0.000032,0.218935,0.217217,0.563817
ACGTCTCGTTCCGGGA-1,0.015924,0.000621,0.000124,0.98333
ACGTGACAAAGTAAGT-1,0.042198,0.420407,0.008798,0.528598
ACGTGCGCCTCGTGCA-1,0.145833,0.355157,0.006142,0.492869
ACGTGGTCGAATGTGC-1,0.000069,0.199438,0.068647,0.731847
ACGTTAATGTCGAAGA-1,0.00002,0.750653,0.001557,0.247771
ACGTTAGATTTGCCCG-1,0.017382,0.494994,0.060544,0.42708
ACGTTCACTATGCCGC-1,0.013455,0.049299,0.473969,0.463277
ACGTTCCGCGCTCCGT-1,0.000023,0.956155,0.009184,0.034639
ACGTTCGCAATCAATT-1,0.078029,0.352624,0.065074,0.504273
ACGTTCGTTCAGGAAA-1,0.000014,0.866033,0.009629,0.124324
ACGTTCTGTACAAGTC-1,0.807774,0.000437,0.000087,0.191701
ACGTTGTCGTTGAAAG-1,0.076139,0.597473,0.274825,0.051562
ACGTTTAGTTGTGATC-1,0.08293,0.335096,0.000215,0.58176
ACGTTTCGGTGCACTT-1,0.944259,0.015028,0.012968,0.027745
ACTAAGGACGCACACC-1,0.013019,0.157355,0.371677,0.457949
ACTAATACGTCAGGCG-1,0.000036,0.489121,0.016024,0.494818
ACTACAAAGAGAGGTG-1,0.000016,0.481848,0.234037,0.284099
ACTACATCCCGACAAG-1,0.000073,0.000366,0.000884,0.998677
ACTACCAGCTCTCTGG-1,0.000059,0.121148,0.152906,0.725887
ACTACCATCCGAGGGC-1,0.00001,0.804658,0.125006,0.070326
ACTACGCGTTAGAATT-1,0.00001,0.998798,0.00001,0.001182
ACTAGTTGCGATCGTC-1,0.377548,0.369596,0.000051,0.252805
ACTATATGCTGTGTTC-1,0.000023,0.960133,0.000023,0.039821
ACTATCCAGGGCATGG-1,0.034351,0.089893,0.050918,0.824838
ACTATCGCCGGCTAAA-1,0.048496,0.174894,0.000088,0.776522
ACTATCTGCCCGCGTA-1,0.704102,0.000209,0.07509,0.220599
ACTATGTCCAGCTGCC-1,0.001306,0.351982,0.084346,0.562365
ACTATTCGTCCGTGGT-1,0.000044,0.340224,0.014516,0.645216
ACTATTTCCGGGCCCA-1,0.051154,0.681112,0.036797,0.230937
ACTCAACGAATGTATT-1,0.034214,0.694586,0.002503,0.268697
ACTCAAGTGCAAGGCT-1,0.508747,0.084879,0.000042,0.406333
ACTCAATAAAGGCACG-1,0.000039,0.296982,0.02647,0.676509
ACTCAGACCTGCTTCT-1,0.000035,0.585841,0.066753,0.34737
ACTCATGGCAGCCTTC-1,0.000119,0.004953,0.06328,0.931648
ACTCCAATATCATCAT-1,0.000029,0.603891,0.048251,0.347829
ACTCCCATTCCTAAAG-1,0.139626,0.109057,0.000068,0.751249
ACTCCCGAATTCGTTT-1,0.013222,0.619164,0.024564,0.34305
ACTCCCGTAGACTAGG-1,0.00256,0.760567,0.1469,0.089974
ACTCCCTAATGCTAAA-1,0.000021,0.726048,0.000021,0.273909
ACTCCCTAGAATAGTA-1,0.000025,0.583646,0.005524,0.410806
ACTCCGGCCGACCACT-1,0.600746,0.303415,0.049958,0.045882
ACTCGATGTATTTCAT-1,0.193105,0.339456,0.000095,0.467343
ACTCGCCGTTCGATAA-1,0.779536,0.177241,0.005712,0.037511
ACTCGCGATCTGACGC-1,0.109515,0.773749,0.078549,0.038186
ACTCGTAACCCGTCCT-1,0.000031,0.631809,0.000031,0.368129
ACTCGTCAGTAATCCC-1,0.085925,0.293396,0.000038,0.620642
ACTCTAAACCTGGGAT-1,0.011614,0.285957,0.074825,0.627604
ACTCTCTGACTTAGGT-1,0.040077,0.92989,0.000017,0.030016
ACTCTCTTATACACGA-1,0.057541,0.09017,0.002906,0.849384
ACTCTGACCTAATAGA-1,0.816004,0.080964,0.06983,0.033202
ACTCTTCAGCTCCCGC-1,0.13241,0.330722,0.229216,0.307652
ACTCTTGTATAGTAAC-1,0.022167,0.564493,0.002513,0.410827
ACTGAAACGCCGTTAG-1,0.397049,0.479265,0.000021,0.123664
ACTGAATGGCGAAAGT-1,0.083633,0.337351,0.002371,0.576645
ACTGATTTAGTGATTC-1,0.00005,0.429389,0.00813,0.562431
ACTGCCCGCCATTCTC-1,0.000032,0.237244,0.231042,0.531683
ACTGCCGTCGTAACTC-1,0.000022,0.788653,0.005321,0.206004
ACTGCGGACACACCGT-1,0.069498,0.674235,0.078103,0.178165
ACTGCTCGGAAGGATG-1,0.000179,0.000895,0.000179,0.998747
ACTGGCGAACCTGCGT-1,0.009118,0.684623,0.236473,0.069786
ACTGGGATGCCAGTGC-1,0.039607,0.048272,0.69581,0.21631
ACTGTACGATACACAT-1,0.099035,0.511437,0.002499,0.387029
ACTGTAGCACTTTGGA-1,0.00375,0.463735,0.065841,0.466675
ACTGTATACGCGAGCA-1,0.000049,0.198289,0.000838,0.800824
ACTGTCCAGGATTATA-1,0.012425,0.602838,0.069725,0.315012
ACTGTCTTCTTTAGAA-1,0.069145,0.485122,0.022836,0.422898
ACTGTGCTAGTAGATC-1,0.000046,0.695583,0.000046,0.304326
ACTGTTTAGTGTAGGC-1,0.000082,0.003563,0.000082,0.996274
ACTTACCGGGCGCGCA-1,0.000044,0.4208,0.145247,0.433909
ACTTACGCATCCACGC-1,0.183073,0.359141,0.000025,0.457761
ACTTAGTACGACAAGA-1,0.009077,0.325317,0.00119,0.664416
ACTTATACTTACCCGG-1,0.000032,0.239693,0.004331,0.755944
ACTTATCTGATCTATA-1,0.098317,0.685078,0.000078,0.216527
ACTTATTAGGATCGGT-1,0.065164,0.916708,0.000017,0.018111
ACTTATTTATGTGCCA-1,0.134048,0.781792,0.00002,0.08414
ACTTCAGGCTGATCCC-1,0.064727,0.724655,0.00002,0.210597
ACTTCCAGTGGAAGCT-1,0.007489,0.334797,0.190633,0.467081
ACTTCCATGCGGGACA-1,0.54214,0.000247,0.000049,0.457563
ACTTCCTGTCGTGCGA-1,0.000017,0.655077,0.246397,0.09851
ACTTCGCCATACGCAC-1,0.173898,0.354768,0.000031,0.471303
ACTTCGCTAGCGAGTG-1,0.062535,0.649203,0.193281,0.094982
ACTTGACTCCCTCTTT-1,0.069091,0.571064,0.004609,0.355236
ACTTGCCATATTGTAC-1,0.00004,0.886988,0.00004,0.112933
ACTTGCTCTATCTACC-1,0.008405,0.121516,0.234357,0.635721
ACTTGGGACCCGGTGG-1,0.010567,0.407234,0.029053,0.553146
ACTTGGGCTTTCGCCA-1,0.163702,0.492673,0.339919,0.003706
ACTTGTAGTCCCTTCA-1,0.033269,0.521786,0.000147,0.444798
ACTTGTGGATGGAACG-1,0.403186,0.000373,0.000075,0.596367
ACTTGTTACCGGATCA-1,0.002947,0.951268,0.045762,0.000022
ACTTTACCCTCATGAA-1,0.000026,0.682388,0.001097,0.31649
ACTTTCCTATAGCTTC-1,0.026456,0.540903,0.050808,0.381833
ACTTTGGTCGTGCTCC-1,0.017865,0.247558,0.096158,0.638419
ACTTTGTCGACGCACT-1,0.793157,0.206757,0.000021,0.000064
AGAAATTATGACTCGC-1,0.718523,0.230471,0.041883,0.009123
AGAACCCAGCGTGACA-1,0.269829,0.083562,0.186811,0.459798
AGAACCCTCAATTGGG-1,0.000153,0.000764,0.141452,0.857632
AGAACGTGGTACATTC-1,0.001915,0.565616,0.023747,0.408722
AGAACTGTACTTTGTA-1,0.817344,0.182593,0.000016,0.000048
AGAAGAGCGCCGTTCC-1,0.051933,0.255895,0.000269,0.691902
AGAAGGTACACTTCAC-1,0.029504,0.154821,0.009061,0.806614
AGAAGGTTGCCGAATT-1,0.01467,0.345453,0.107553,0.532324
AGAAGGTTGTAGGTCG-1,0.170198,0.164689,0.019179,0.645934
AGAAGTGATTCGTGAT-1,0.00004,0.253907,0.078986,0.667066
AGAATACAGGCTATCC-1,0.625347,0.363736,0.003039,0.007877
AGAATGCGGGTTCGGA-1,0.037499,0.443779,0.009071,0.509651
AGAATTATGGATTCGA-1,0.000032,0.450112,0.000033,0.549824
AGAATTGTTTGACATA-1,0.000076,0.423536,0.000076,0.576311
AGACAGGCATCTCAGC-1,0.836752,0.150807,0.009618,0.002823
AGACATAGATCCTTCC-1,0.000062,0.153387,0.08015,0.766402
AGACCAAACCACACCT-1,0.07942,0.198779,0.020436,0.701365
AGACCATGGGATACAA-1,0.016955,0.557033,0.010347,0.415665
AGACCCACCGCTGATC-1,0.008417,0.294196,0.021488,0.675899
AGACCCGCCCTCCTCG-1,0.034749,0.899754,0.031662,0.033835
AGACCGCTCCGCGGTT-1,0.682218,0.00025,0.00005,0.317483
AGACCGGGAAACCCTG-1,0.075452,0.279829,0.000063,0.644655
AGACGAAGTGCCGGTC-1,0.326199,0.425881,0.000045,0.247875
AGACGACGATGCCGCT-1,0.005035,0.186337,0.114659,0.693968
AGACGCCCACTTCGCC-1,0.831037,0.084975,0.023914,0.060074
AGACGGGATTGGTATA-1,0.000026,0.885828,0.088556,0.02559
AGACGGGCCGATTTAA-1,0.003361,0.406351,0.048726,0.541562
AGACTAGCCTTCCAGA-1,0.000041,0.348622,0.042343,0.608995
AGACTGTTACCGGGTC-1,0.083453,0.216201,0.060836,0.63951
AGAGAAACACCAGAAA-1,0.000023,0.47001,0.081029,0.448939
AGAGAACCGTCTAGGA-1,0.059866,0.42548,0.000486,0.514168
AGAGAAGGAGTACAAT-1,0.058494,0.381758,0.008788,0.550961
AGAGATCTCTAAAGCG-1,0.009394,0.173381,0.044057,0.773168
AGAGCAGTTATGAGAC-1,0.008541,0.254137,0.038431,0.698892
AGAGCCGCCGAGATTT-1,0.780299,0.198686,0.000033,0.020983
AGAGCGCTTGTAACGG-1,0.078676,0.291333,0.299663,0.330327
AGAGCGGGCTAATCAT-1,0.033328,0.714491,0.035524,0.216657
AGAGCGTACAAGCTCG-1,0.000037,0.476686,0.055199,0.468078
AGAGCTACGAAAGCAT-1,0.040842,0.523349,0.000137,0.435672
AGAGGCTTCGGAAACC-1,0.437101,0.123244,0.000044,0.439611
AGAGGGACAATTGTCC-1,0.058478,0.413584,0.292018,0.23592
AGAGGTATCTCGGTCC-1,0.000032,0.654648,0.002334,0.342986
AGAGTAAACTTCACTA-1,0.214628,0.448266,0.032383,0.304722
AGAGTATAGTGTTACG-1,0.006214,0.532727,0.134215,0.326844
AGAGTCTTAATGAAAG-1,0.903496,0.027332,0.000021,0.069151
AGAGTGAACAGACACC-1,0.000014,0.676271,0.231486,0.092229
AGAGTTAGAGACCGAT-1,0.000033,0.638054,0.050489,0.311424
AGAGTTGCAGGCCTCC-1,0.00001,0.905652,0.087312,0.007026
AGATAACTTCAGGGCC-1,0.068236,0.443113,0.125846,0.362805
AGATAATCACACCTAT-1,0.147001,0.360987,0.208749,0.283263
AGATACCAATAGAACC-1,0.908132,0.022826,0.000027,0.069015
AGATACCAGCACTTCA-1,0.034916,0.777393,0.105993,0.081697
AGATACCGGTGTTCAC-1,0.024605,0.839002,0.029378,0.107015
AGATACGACTTCATAT-1,0.000063,0.144714,0.129454,0.725769
AGATACTCAAGATCGA-1,0.051043,0.608087,0.00411,0.336759
AGATATAATACGACTA-1,0.005607,0.550051,0.004609,0.439733
AGATCGTGCATAAGAT-1,0.000032,0.352385,0.005456,0.642127
AGATCTCAGGTGTGAT-1,0.086723,0.581843,0.012036,0.319397
AGATCTGGAGAGGATA-1,0.088463,0.432354,0.128821,0.350362
AGATGACTCGCCCACG-1,0.003883,0.367847,0.050402,0.577869
AGATGAGGGTTGCGAT-1,0.000026,0.899259,0.000026,0.100689
AGATGATGGAGTCTGG-1,0.067431,0.420018,0.012838,0.499713
AGATGCAAGACGTGCA-1,0.000024,0.875143,0.010138,0.114695
AGATGCATCCTGTGTC-1,0.014243,0.000691,0.011795,0.973271
AGATGCTATAACGAGC-1,0.10717,0.358069,0.000096,0.534665
AGATTATAGGACGTTT-1,0.07252,0.543487,0.110774,0.273219
AGATTCAAGCGGGTCG-1,0.000034,0.28512,0.368302,0.346545
AGATTCACAACCGATA-1,0.059253,0.373663,0.000082,0.567001
AGCAAAGGCCGCTAGT-1,0.008162,0.647148,0.019062,0.325628
AGCAACATATCTTATT-1,0.020257,0.404389,0.000155,0.575199
AGCAACCGAAAGTAAT-1,0.063201,0.016421,0.016823,0.903555
AGCACACGTTTAGACT-1,0.152179,0.196143,0.014315,0.637363
AGCACCAGTACTCACG-1,0.02518,0.62426,0.111748,0.238811
AGCACTACCGGCCTGT-1,0.000073,0.104455,0.000205,0.895268
AGCACTACCTCACCAG-1,0.06954,0.569348,0.004041,0.35707
AGCACTTAAGGACGCC-1,0.000045,0.031066,0.055174,0.913715
AGCAGAAGGAGAAAGA-1,0.020086,0.625517,0.022346,0.332052
AGCAGCCAGATGAATA-1,0.000031,0.495738,0.025673,0.478558
AGCAGTCGAAGCATGC-1,0.341891,0.599566,0.052159,0.006384
AGCATATCAATATGCT-1,0.412465,0.00045,0.012892,0.574193
AGCATCATTTCGAAAG-1,0.000054,0.299858,0.000054,0.700034
AGCATCGTCGATAATT-1,0.03118,0.481412,0.075157,0.412251
AGCATTACGAGGCAAG-1,0.533024,0.437754,0.012375,0.016847
AGCCAAGCTTTGTGTC-1,0.022251,0.298773,0.004488,0.674488
AGCCACAGGTTACCCG-1,0.516287,0.277765,0.00004,0.205907
AGCCACTCCCGTGCTT-1,0.05906,0.552725,0.003392,0.384823
AGCCATATAGTATGTG-1,0.057595,0.636276,0.139699,0.16643
AGCCCATACATGTAAG-1,0.00003,0.391229,0.011847,0.596894
AGCCCGCAACAAGCAG-1,0.000013,0.827309,0.021362,0.151316
AGCCCGCACTACAATG-1,0.913979,0.000123,0.000205,0.085694
AGCCCGGCATTAGAGG-1,0.000037,0.297085,0.015599,0.687278
AGCCCGGTAGCCTGTA-1,0.016222,0.332944,0.055053,0.595781
AGCCCTAAGCGAAGTT-1,0.003444,0.298082,0.073194,0.625281
AGCCCTCCCTGGTGGC-1,0.000026,0.660402,0.047383,0.29219
AGCCCTGTCGCACCGT-1,0.238708,0.248518,0.084526,0.428248
AGCCCTTCTAATCCGA-1,0.000036,0.567877,0.03842,0.393668
AGCCCTTGGACATCCC-1,0.776862,0.215292,0.006335,0.001511
AGCCGCAAATTCAAAT-1,0.000095,0.030346,0.154453,0.815106
AGCCGCTTGATTAGCG-1,0.003778,0.244839,0.000102,0.751282
AGCCGTGGCTAAATGT-1,0.000035,0.533468,0.011301,0.455196
AGCCTAATACCCACGT-1,0.094716,0.273601,0.055699,0.575983
AGCCTTAAAGCGGAAG-1,0.043705,0.34188,0.000088,0.614327
AGCCTTGTCACTGATA-1,0.000028,0.526642,0.308733,0.164598
AGCGACAGGAACGGTC-1,0.000029,0.296432,0.09484,0.608699
AGCGACATCCCATTCA-1,0.04449,0.777455,0.028899,0.149156
AGCGACCAACGATATT-1,0.120591,0.540076,0.004353,0.33498
AGCGACTTTGAAGACA-1,0.04995,0.32141,0.620983,0.007657
AGCGAGACGTGAAGGC-1,0.000022,0.469546,0.028414,0.502018
AGCGATGCGCCTAATA-1,0.764353,0.11184,0.050326,0.073481
AGCGCATAATGAATCG-1,0.025643,0.58735,0.023628,0.363378
AGCGCGGGTGCCAATG-1,0.017609,0.296796,0.05116,0.634435
AGCGCTAGAGCGATGT-1,0.05735,0.519817,0.268174,0.154659
AGCGCTTATGGGCAAG-1,0.000047,0.395008,0.003251,0.601694
AGCGGACACTTCGTAG-1,0.00556,0.746707,0.003531,0.244202
AGCGGCGGTTAGCGGT-1,0.024663,0.460263,0.004926,0.510148
AGCGGGAAGGGTCCAT-1,0.000054,0.355925,0.047604,0.596418
AGCGGGTCTGACACTC-1,0.018281,0.465493,0.005094,0.511133
AGCGGTTGAGATGTAC-1,0.011838,0.477028,0.161516,0.349618
AGCGGTTGCCGCTCTG-1,0.000039,0.49083,0.059267,0.449864
AGCGTACGAGAGCTAG-1,0.000098,0.251172,0.000098,0.748632
AGCGTCTGAACCCGCA-1,0.000047,0.405296,0.000047,0.59461
AGCGTGGTATTCTACT-1,0.05639,0.378053,0.000029,0.565528
AGCGTTCCGATTTAAA-1,0.000031,0.52201,0.041293,0.436665
AGCTAACAAGCAATGT-1,0.000035,0.244293,0.06681,0.688863
AGCTAAGCTCCGTCCG-1,0.00315,0.689397,0.30743,0.000022
AGCTAAGTACGCAGGC-1,0.355432,0.206907,0.032543,0.405118
AGCTACGAATGGTGGT-1,0.954527,0.000099,0.022847,0.022527
AGCTAGAAGCAGAAGT-1,0.012905,0.554212,0.014524,0.418359
AGCTATTTAATCCAAC-1,0.029395,0.358247,0.075514,0.536844
