Barcode,Topic 1to5,Topic 6,Topic 7to8
AAACAAGTATCTCCCA-1,0.821253,0.039091,0.139656
AAACACCAATAACTGC-1,0.1715,0.043036,0.785465
AAACAGGGTCTATATT-1,0.810898,0.150698,0.038404
AAACAGTGTTCCTGGG-1,0.180543,0.000086,0.819371
AAACATTTCCCGGATT-1,0.246391,0.075431,0.678179
AAACCGGGTAGGTACC-1,0.968287,0.000009,0.031703
AAACCGTTCGTCCAGG-1,0.799454,0.029195,0.171351
AAACCTAAGCAGCCGG-1,0.107575,0.019972,0.872453
AAACCTCATGAAGTTG-1,0.992139,0.000027,0.007833
AAACGAGACGGTTGAT-1,0.989535,0.010421,0.000045
AAACGGGCGTACGGGT-1,0.071352,0.070699,0.857949
AAACGGTTGCGAACTG-1,0.140658,0.000056,0.859285
AAACTCGGTTCGCAAT-1,0.046394,0.000036,0.95357
AAACTGCTGGCTCCAA-1,0.965978,0.000017,0.034005
AAACTTAATTGCACGC-1,0.025823,0.061673,0.912504
AAACTTGCAAACGTAT-1,0.975877,0.000012,0.024112
AAAGAATGTGGACTAA-1,0.415416,0.000057,0.584527
AAAGACTGGGCGCTTT-1,0.973399,0.015496,0.011106
AAAGGCCCTATAATAC-1,0.017278,0.000258,0.982464
AAAGGCTACGGACCAT-1,0.014048,0.000041,0.985911
AAAGGCTCTCGCGCCG-1,0.835702,0.09837,0.065928
AAAGGGATGTAGCAAG-1,0.998322,0.001596,0.000083
AAAGGGCAGCTTGAAT-1,0.999871,0.000043,0.000086
AAAGTAGCATTGCTCA-1,0.86813,0.061859,0.070011
AAAGTCGACCCTCAGT-1,0.945042,0.053453,0.001506
AAAGTGTGATTTATCT-1,0.999949,0.000017,0.000034
AAAGTTGACTCCCGTA-1,0.999915,0.000028,0.000057
AAATACCTATAAGCAT-1,0.991657,0.000022,0.008321
AAATAGCTTAGACTTT-1,0.999922,0.000026,0.000052
AAATAGGGTGCTATTG-1,0.973322,0.005079,0.021599
AAATCCGATACACGCC-1,0.253855,0.035385,0.710759
AAATCGTGTACCACAA-1,0.966253,0.000014,0.033733
AAATCTAGCCCTGCTA-1,0.723579,0.005615,0.270806
AAATGACTGATCAAAC-1,0.297554,0.070135,0.632311
AAATGCTCGTTACGTT-1,0.999834,0.000055,0.000111
AAATGGCCCGTGCCCT-1,0.840413,0.121099,0.038488
AAATGGTCAATGTGCC-1,0.98951,0.010437,0.000053
AAATTAACGGGTAGCT-1,0.99988,0.00004,0.00008
AAATTACCTATCGATG-1,0.982383,0.012243,0.005373
AAATTGATAGTCCTTT-1,0.58371,0.009928,0.406361
AAATTTGCGGGTGTGG-1,0.999805,0.000153,0.000042
AACAACTGGTAGTTGC-1,0.99993,0.000023,0.000046
AACAATACATTGTCGA-1,0.311839,0.046608,0.641553
AACAATTACTCTACGC-1,0.988676,0.011282,0.000042
AACACACGCTCGCCGC-1,0.785285,0.000023,0.214692
AACACGAGACGCGGCC-1,0.927372,0.000017,0.072611
AACAGCTGTGTGGCAA-1,0.25125,0.087584,0.661165
AACAGGATGGGCCGCG-1,0.999927,0.000024,0.000048
AACATAGCGTGTATCG-1,0.294439,0.000149,0.705412
AACATATCAACTGGTG-1,0.960662,0.000027,0.039311
AACATTGAAGTTGATC-1,0.044871,0.000045,0.955084
AACATTGTGACTCGAG-1,0.362058,0.000059,0.637883
AACCAAGACTTCTCTG-1,0.996501,0.003458,0.000042
AACCATAGGGTTGAAC-1,0.015284,0.251954,0.732762
AACCATGGGATCGCTA-1,0.958686,0.041178,0.000136
AACCCAGAGACGGAGA-1,0.805018,0.144366,0.050616
AACCCATCCCATGATC-1,0.149454,0.031456,0.81909
AACCCGACAACCCGTG-1,0.000209,0.000042,0.99975
AACCCGAGCAGAATCG-1,0.404997,0.132651,0.462352
AACCCGCTGTATTCCA-1,0.037324,0.00016,0.962516
AACCCTACTGTCAATA-1,0.999938,0.000021,0.000041
AACCGAGCTTGGTCAT-1,0.811288,0.02732,0.161392
AACCGCTAAGGGATGC-1,0.995308,0.000021,0.004671
AACCTCGCTTTAGCCC-1,0.12676,0.002456,0.870784
AACCTTTAAATACGGT-1,0.904798,0.052071,0.043132
AACGAAAGTCGTCCCA-1,0.119135,0.072364,0.808501
AACGATAATGCCGTAG-1,0.799267,0.050182,0.150551
AACGATATGTCAACTG-1,0.870562,0.129333,0.000105
AACGCATGATCTGGGT-1,0.972684,0.027201,0.000114
AACGCGACCTTGGGCG-1,0.039023,0.000057,0.96092
AACGCGGTCTCCAGCC-1,0.897015,0.102845,0.000141
AACGCTGTTGCTGAAA-1,0.814071,0.090817,0.095112
AACGGACGTACGTATA-1,0.976066,0.00663,0.017305
AACGGCCATCTCCGGT-1,0.853763,0.128704,0.017533
AACGTACTGTGGGTAC-1,0.963577,0.000019,0.036404
AACGTCAGACTAGTGG-1,0.999882,0.000039,0.000079
AACGTCATCCGGCTTG-1,0.179516,0.155962,0.664522
AACGTCGCTGCACTTC-1,0.278251,0.011895,0.709855
AACGTGCGAAAGTCTC-1,0.999927,0.000024,0.000049
AACTAGGCTTGGGTGT-1,0.542838,0.048082,0.40908
AACTCAAGTTAATTGC-1,0.999861,0.000046,0.000093
AACTCCAGAGCGTGTT-1,0.327366,0.000086,0.672548
AACTCTCAATAGAGCG-1,0.973222,0.026739,0.000039
AACTCTCAGTGTGCTC-1,0.912683,0.000032,0.087285
AACTGGGTCCCGACGT-1,0.947936,0.051872,0.000192
AACTTCTGCGTCTATC-1,0.999905,0.000032,0.000064
AACTTGCCCGTATGCA-1,0.999929,0.000024,0.000048
AACTTGCGTTCTCGCG-1,0.983206,0.000049,0.016745
AAGAAAGTTTGATGGG-1,0.168718,0.000055,0.831227
AAGAAGGATCAGTTAG-1,0.747364,0.153868,0.098768
AAGACATACGTGGTTT-1,0.248723,0.013277,0.738
AAGACCCAACTGAACA-1,0.220951,0.070519,0.708531
AAGACTGCAAGCTACT-1,0.999936,0.000021,0.000043
AAGAGATGAATCGGTA-1,0.985075,0.008855,0.00607
AAGAGCTCTTTATCGG-1,0.999899,0.000034,0.000068
AAGAGGATGTACGCGA-1,0.951304,0.04866,0.000036
AAGAGGCATGGATCGC-1,0.999894,0.000035,0.000071
AAGAGGCCCTTTGGAA-1,0.142353,0.19891,0.658737
AAGATGGCACCGGACC-1,0.225761,0.000055,0.774183
AAGATTGGCGGAACGT-1,0.999901,0.000033,0.000066
AAGCACCCTGCGTATC-1,0.089406,0.37818,0.532415
AAGCATACTCTCCTGA-1,0.786414,0.158126,0.05546
AAGCCACTTGCAGGTA-1,0.064247,0.00013,0.935623
AAGCCGAAGCGGTTTA-1,0.957944,0.002221,0.039835
AAGCCGCCGTGAAATC-1,0.048804,0.093972,0.857224
AAGCGCAGGGCTTTGA-1,0.016137,0.255873,0.72799
AAGCGTCCCTCATCGA-1,0.216961,0.009815,0.773224
AAGCTAGATCGAGTAA-1,0.816256,0.042453,0.141291
AAGCTCGTGCCAAGTC-1,0.955559,0.02972,0.014721
AAGCTCTTTCATGGTG-1,0.510142,0.321919,0.167939
AAGGAGCGGTTGGTGC-1,0.972328,0.027611,0.000061
AAGGATCGATCGCTTG-1,0.935572,0.054378,0.01005
AAGGATGAGGGACCTC-1,0.983573,0.006094,0.010333
AAGGCGCGTAAAGCTT-1,0.943359,0.012859,0.043782
AAGGCTGTGCTCATCG-1,0.968798,0.000038,0.031164
AAGGGAACGACTGGCT-1,0.016585,0.157167,0.826248
AAGGGACAGATTCTGT-1,0.961194,0.038733,0.000073
AAGGGACTATGCATTC-1,0.026071,0.212114,0.761815
AAGGTATCCTAATATA-1,0.814941,0.184943,0.000116
AAGGTGATAAACCAGC-1,0.999958,0.000014,0.000028
AAGTAGAAGACCGGGT-1,0.991822,0.008055,0.000123
AAGTAGTGACGCGAGG-1,0.999912,0.000029,0.000058
AAGTCAATTGTCGTCA-1,0.999464,0.000034,0.000502
AAGTGACGACCGAATT-1,0.986096,0.000026,0.013878
AAGTGAGTCGGGTTTA-1,0.081357,0.150836,0.767807
AAGTGCCTTGACTGTA-1,0.982448,0.007794,0.009758
AAGTGCGTTAGAATCT-1,0.822136,0.177032,0.000832
AAGTGCTTCTCTATTG-1,0.013116,0.193952,0.792932
AAGTGTTTGGAGACGG-1,0.937901,0.000026,0.062073
AAGTTCACTCCAAGCT-1,0.643472,0.000019,0.356509
AAGTTCAGTCTGCGTA-1,0.950571,0.049235,0.000194
AAGTTCGGCCAACAGG-1,0.970398,0.016897,0.012705
AAGTTGTGATGTTATA-1,0.603999,0.029634,0.366368
AAGTTTATGGGCCCAA-1,0.106948,0.000042,0.89301
AATAACAACGCTCGGC-1,0.945203,0.019734,0.035063
AATAACACTAGAACAA-1,0.884242,0.000083,0.115675
AATACAATGTTTCAGG-1,0.985698,0.000034,0.014268
AATACCGGAGGGCTGT-1,0.0358,0.235761,0.728439
AATACCTGATGTGAAC-1,0.098471,0.036532,0.864996
AATAGAACAGAGTGGC-1,0.826266,0.000015,0.173719
AATAGAATCTGTTTCA-1,0.915685,0.000026,0.084289
AATAGGCACGACCCTT-1,0.586541,0.001869,0.41159
AATAGTCCGTCCCGAC-1,0.569215,0.052236,0.378549
AATATCGAATCAATGC-1,0.999956,0.000015,0.000029
AATATCGAGGGTTCTC-1,0.968895,0.005878,0.025227
AATATTGGAGTATTGA-1,0.999911,0.00003,0.00006
AATCAGGTTTCATTTA-1,0.000248,0.00005,0.999702
AATCATGTAAAGACTC-1,0.735682,0.091428,0.17289
AATCCCGCTCAGAGCC-1,0.000675,0.000135,0.99919
AATCGAGGTCTCAAGG-1,0.241693,0.000205,0.758102
AATCGCCTCAGCGCCA-1,0.99991,0.00003,0.00006
AATCGGTATAGCCCTC-1,0.559753,0.000079,0.440168
AATCGTGAGCCGAGCA-1,0.104353,0.000054,0.895593
AATCTAGGTTTACTTG-1,0.313139,0.025235,0.661626
AATCTGCGTTGGGACG-1,0.999936,0.000021,0.000043
AATCTGGCTTTCTAGT-1,0.615298,0.100306,0.284396
AATGACAGCAATGTCT-1,0.68433,0.153206,0.162464
AATGACGTAGGATGTC-1,0.999955,0.000015,0.00003
AATGACTGTCAGCCGG-1,0.994988,0.004961,0.000051
AATGAGTTCGCATATG-1,0.999832,0.000056,0.000112
AATGATGATACGCTAT-1,0.971454,0.000041,0.028505
AATGATGCGACTCCTG-1,0.969708,0.00003,0.030262
AATGCAACCGGGTACC-1,0.999906,0.000031,0.000062
AATGCACCAAGCAATG-1,0.835695,0.164233,0.000072
AATGGTCCACCGTTCA-1,0.967403,0.020709,0.011887
AATGGTTCTCACAAGC-1,0.979262,0.000037,0.020701
AATGTATGGCACTGTA-1,0.098931,0.027913,0.873156
AATGTGCCCGAGGTGT-1,0.544132,0.061174,0.394694
AATGTGCTAATCTGAG-1,0.024831,0.000037,0.975132
AATGTTAAGACCCTGA-1,0.222736,0.000117,0.777147
AATGTTGTCGTGAGAC-1,0.287782,0.268502,0.443716
AATTAAAGGTCGGCGT-1,0.99986,0.000047,0.000093
AATTAACGGATTTCCA-1,0.607993,0.000021,0.391986
AATTAGCGCTGCAGCG-1,0.940814,0.000029,0.059157
AATTATACCCAGCAAG-1,0.154959,0.000088,0.844953
AATTCATAAGGGATCT-1,0.982091,0.0178,0.000109
AATTCATTGTCATGCA-1,0.077708,0.02193,0.900362
AATTCCAAGCATGTAC-1,0.441416,0.000124,0.558461
AATTCGATTCGAGGAT-1,0.01514,0.00006,0.9848
AATTCTAGAGTTAGGC-1,0.886097,0.028476,0.085427
AATTGAACGCTCTGGT-1,0.998047,0.00002,0.001933
AATTGCAGCAATCGAC-1,0.22615,0.000041,0.773809
AATTGCGTGGATTACA-1,0.187246,0.008242,0.804512
ACAAACCATGCGTCCT-1,0.001619,0.162479,0.835902
ACAAACTCCATCAGAG-1,0.027231,0.000145,0.972624
ACAAAGCATGACCTAG-1,0.128682,0.207044,0.664274
ACAAATCGCACCGAAT-1,0.93485,0.000018,0.065132
ACAAATGGTAGTGTTT-1,0.932691,0.039162,0.028147
ACAACAGCATGAGCTA-1,0.955851,0.044082,0.000067
ACAACGGTCCCTGCGA-1,0.933311,0.066608,0.000081
ACAAGCAGTGCCTAGC-1,0.950683,0.042452,0.006865
ACAAGGAAATCCGCCC-1,0.934753,0.000015,0.065232
ACAAGGACAAGAGGTT-1,0.999923,0.000026,0.000052
ACAAGGATGCTTTAGG-1,0.3077,0.117491,0.574809
ACAAGGGCAGGCTCTG-1,0.997159,0.002808,0.000033
ACAAGTAATTGTAAGG-1,0.88039,0.030078,0.089531
ACAATAGTCGTACGTT-1,0.841135,0.158815,0.00005
ACAATCCATTTAAACC-1,0.997235,0.000011,0.002755
ACAATGAATACGGAGA-1,0.472137,0.217993,0.30987
ACAATTGTGTCTCTTT-1,0.870768,0.053402,0.075831
ACAATTTGAGCAGTGG-1,0.876699,0.088499,0.034801
ACACAAAGACGGGTGG-1,0.982991,0.016945,0.000064
ACACACCAGGACCAGT-1,0.812448,0.097911,0.089641
ACACATGATCAAATCT-1,0.060907,0.095427,0.843666
ACACATTTCCGTAGAC-1,0.12789,0.000096,0.872015
ACACCCAGCATGCAGC-1,0.999895,0.000035,0.00007
ACACCCGAGAAATCCG-1,0.966961,0.000042,0.032997
ACACCGGTCTGACCGC-1,0.004317,0.000054,0.995629
ACACCTTAAGTAGGGC-1,0.960209,0.028156,0.011635
ACACCTTACTACTTGC-1,0.918465,0.005683,0.075853
ACACGAGACTCCTTCT-1,0.931534,0.068384,0.000082
ACACGGGAACTTAGGG-1,0.926357,0.07358,0.000064
ACACGTAGGCCACAAG-1,0.344997,0.218231,0.436772
ACACTCCAATGTCACT-1,0.999901,0.000033,0.000066
ACACTGATCAAGGTGT-1,0.73008,0.000048,0.269873
ACAGAACTGAGAACAA-1,0.661062,0.000026,0.338912
ACAGCGACATTCTCAT-1,0.057453,0.069237,0.87331
ACAGGCTTGCCCGACT-1,0.922539,0.027771,0.04969
ACAGGTGGAGGTGAGG-1,0.951287,0.000044,0.048669
ACAGTAATACAACTTG-1,0.908011,0.054946,0.037042
ACATAAGTCGTGGTGA-1,0.205903,0.035891,0.758206
ACATAATAAGGCGGTG-1,0.71294,0.286933,0.000127
ACATACAATCAAGCGG-1,0.139546,0.000043,0.860411
ACATCAGCTGGGACGC-1,0.996036,0.003927,0.000037
ACATCCCGGCCATACG-1,0.96068,0.000036,0.039283
ACATCCTGGTAACTGT-1,0.992451,0.007496,0.000053
ACATCGATCGTTTACC-1,0.999944,0.000019,0.000037
ACATCGCAATATTCGG-1,0.228759,0.002455,0.768786
ACATCGGTCAGCCGCG-1,0.973465,0.000061,0.026474
ACATCGTATGCAATGG-1,0.999923,0.000026,0.000052
ACATGCTTACGGCAGC-1,0.038013,0.000146,0.961841
ACATGGCGCCAAAGTA-1,0.940367,0.050483,0.00915
ACATTAGTTTATATCC-1,0.96064,0.000035,0.039325
ACATTCGCGCGGAATA-1,0.119217,0.000063,0.88072
ACATTTGAAACCTAAC-1,0.180479,0.00003,0.819491
ACCAACCGCACTCCAC-1,0.284749,0.035039,0.680212
ACCAACGCTTATTTAT-1,0.954404,0.004268,0.041328
ACCAAGAACGCGTGTC-1,0.978189,0.02158,0.000232
ACCAAGTCATCGGCAG-1,0.327364,0.000047,0.672589
ACCAATATGCAAGTTA-1,0.746847,0.000035,0.253118
ACCACAAGTTTCTATC-1,0.989456,0.000033,0.010512
ACCACACGGTTGATGG-1,0.246985,0.000077,0.752938
ACCACCAATGTAACAA-1,0.99233,0.000028,0.007642
ACCACGTGCAGCTATA-1,0.999925,0.000025,0.00005
ACCAGTGCGGGAGACG-1,0.920827,0.000041,0.079132
ACCATATCCGCAATAA-1,0.979996,0.019949,0.000055
ACCATCCGCCAACTAG-1,0.903153,0.011092,0.085755
ACCATCGTATATGGTA-1,0.975747,0.003681,0.020571
ACCCAACGCCCGTGGC-1,0.999454,0.000489,0.000057
ACCCACCTACATGCTC-1,0.988212,0.000027,0.011761
ACCCATCTTGAGGGTA-1,0.857471,0.135867,0.006662
ACCCATTTGTCCCTCT-1,0.352117,0.00368,0.644203
ACCCGAGCGAAATTAC-1,0.010927,0.000032,0.98904
ACCCGATTGGTTCCGA-1,0.023145,0.000075,0.976781
ACCCGGAAACTCCCAG-1,0.647272,0.068726,0.284001
ACCCGGATGACGCATC-1,0.999949,0.000017,0.000034
ACCCGGTTACACTTCC-1,0.885579,0.00002,0.1144
ACCCGTAGCAGAGAAT-1,0.030891,0.105301,0.863808
ACCCGTGTCATCAGTA-1,0.34398,0.001164,0.654856
ACCCTATGCCATATCG-1,0.356142,0.206598,0.43726
ACCCTCCCGTCAGGGC-1,0.2066,0.074182,0.719218
ACCCTCCCTTGCTATT-1,0.852225,0.000042,0.147733
ACCGAAGAGTCTGGTT-1,0.147112,0.000053,0.852835
ACCGACACATCTCCCA-1,0.222936,0.260945,0.51612
ACCGACTGAGTCCCAC-1,0.921349,0.000032,0.07862
ACCGAGTCTCCTTATT-1,0.179266,0.000093,0.820642
ACCGATGGTAGCATCG-1,0.942677,0.02381,0.033513
ACCGCAATAACTGCCT-1,0.896905,0.011119,0.091976
ACCGCGGTGGAAGTCG-1,0.999871,0.000093,0.000036
ACCGCTAGTCATTGGT-1,0.000414,0.000083,0.999503
ACCGGGCCTTTGTTGA-1,0.904245,0.00003,0.095725
ACCGGTCAGGTACACC-1,0.193036,0.033956,0.773009
ACCGTGACCACGTGGG-1,0.243611,0.240719,0.51567
ACCTAAGTACCTTTCA-1,0.743727,0.058804,0.197468
ACCTAATCGACTTCCT-1,0.999938,0.000021,0.000041
ACCTACTATAAATCTA-1,0.00515,0.174337,0.820513
ACCTCAGCGAGGCGCA-1,0.593391,0.015526,0.391084
ACCTCCGCCCTCGCTG-1,0.7544,0.000037,0.245563
ACCTCGAACTTATGCT-1,0.000242,0.036046,0.963712
ACCTGCGTGTCATGTT-1,0.99068,0.003685,0.005636
ACGAAATGGGCGGCAC-1,0.909496,0.000023,0.090481
ACGACTGGTCATACTC-1,0.265515,0.000042,0.734443
ACGAGGATACCACTCT-1,0.573904,0.269767,0.156329
ACGAGGTTTACAACGT-1,0.083029,0.000058,0.916914
ACGAGTACGGATGCCC-1,0.983544,0.016403,0.000053
ACGATCATACATAGAG-1,0.999874,0.000042,0.000084
ACGATCATCTTGTAAA-1,0.999919,0.000027,0.000054
ACGATGCATATGTTAT-1,0.999876,0.000041,0.000083
ACGCAAACTAATAGAT-1,0.165564,0.008334,0.826102
ACGCAATCACTACAGC-1,0.999921,0.000026,0.000053
ACGCATACGTTTACTA-1,0.44713,0.357588,0.195283
ACGCATTCGTGAGTAC-1,0.999868,0.000044,0.000088
ACGCCACTCGAAACAG-1,0.323482,0.000078,0.67644
ACGCCAGTGCGTTTGC-1,0.082314,0.000042,0.917644
ACGCCGCTAGACGACC-1,0.879703,0.0852,0.035097
ACGCGAAGTCAGACGA-1,0.928225,0.000023,0.071751
ACGCGCTACACAGGGT-1,0.950932,0.00002,0.049048
ACGCGGGCCAAGGACA-1,0.986349,0.000023,0.013629
ACGCTAGTGATACACT-1,0.968714,0.000035,0.031251
ACGCTGTGAGGCGTAG-1,0.91203,0.066664,0.021307
ACGGAACACGAGTGCC-1,0.16538,0.00005,0.83457
ACGGAATTTAGCAAAT-1,0.942828,0.057037,0.000135
ACGGACGCAGCGACAA-1,0.075401,0.078153,0.846446
ACGGACTCTCAAAGCG-1,0.449534,0.012674,0.537793
ACGGAGCGCAAATTAC-1,0.994631,0.005241,0.000128
ACGGATGGTGCGGATA-1,0.804398,0.000057,0.195545
ACGGCACTTGCTTGGG-1,0.832865,0.000018,0.167117
ACGGCCAACATGGACT-1,0.920693,0.000011,0.079296
ACGGCGACGATGGGAA-1,0.99293,0.000023,0.007047
ACGGCTGGATGTAGAA-1,0.051862,0.00003,0.948108
ACGGGAGTGTCGGCCC-1,0.999928,0.000024,0.000048
ACGGGTTGTGACCTGT-1,0.194198,0.021899,0.783903
ACGGTACAGTTCAATG-1,0.250981,0.016701,0.732318
ACGGTCACCGAGAACA-1,0.080086,0.000128,0.919787
ACGTACTTTGGCACGG-1,0.140515,0.107053,0.752433
ACGTAGATTGCTGATG-1,0.999909,0.00003,0.000061
ACGTAGGAGAGTCGCT-1,0.002426,0.182105,0.815469
ACGTATTACTCCGATC-1,0.938676,0.000019,0.061305
ACGTTAATGTCGAAGA-1,0.994725,0.000023,0.005251
ACGTTAGATTTGCCCG-1,0.909918,0.000029,0.090053
ACGTTATTGGTCACTC-1,0.999939,0.00002,0.000041
ACGTTCACTATGCCGC-1,0.255938,0.000088,0.743974
ACGTTCGTTCAGGAAA-1,0.15932,0.069229,0.771451
ACGTTCTGTACAAGTC-1,0.274893,0.000037,0.72507
ACGTTGTCGTTGAAAG-1,0.168092,0.000136,0.831772
ACTACAAAGAGAGGTG-1,0.000667,0.00005,0.999284
ACTACATCCCGACAAG-1,0.178528,0.000034,0.821437
ACTACCAGCTCTCTGG-1,0.999846,0.000051,0.000102
ACTACCATCCGAGGGC-1,0.152326,0.00011,0.847564
ACTACGCGTTAGAATT-1,0.287419,0.036312,0.676269
ACTAGTTGCGATCGTC-1,0.726251,0.19059,0.083159
ACTATCCAGGGCATGG-1,0.997602,0.000021,0.002378
ACTATCTGCCCGCGTA-1,0.805942,0.032912,0.161147
ACTATGTCCAGCTGCC-1,0.018047,0.029051,0.952902
ACTATTTCCGGGCCCA-1,0.52045,0.014799,0.464751
ACTCAAGTGCAAGGCT-1,0.157009,0.153245,0.689745
ACTCAATAAAGGCACG-1,0.989571,0.010303,0.000126
ACTCATGGCAGCCTTC-1,0.136216,0.000048,0.863737
ACTCCAATATCATCAT-1,0.227141,0.157753,0.615106
ACTCCCATTCCTAAAG-1,0.898203,0.060051,0.041747
ACTCCCGAATTCGTTT-1,0.927083,0.072863,0.000054
ACTCCCTAATGCTAAA-1,0.549521,0.000033,0.450447
ACTCCCTAGAATAGTA-1,0.928351,0.022405,0.049244
ACTCCGGCCGACCACT-1,0.099895,0.101983,0.798122
ACTCGCCGTTCGATAA-1,0.197582,0.162554,0.639863
ACTCGTAACCCGTCCT-1,0.851567,0.115156,0.033277
ACTCGTCAGTAATCCC-1,0.97477,0.025187,0.000043
ACTCTCTGACTTAGGT-1,0.994501,0.00002,0.00548
ACTCTTGTATAGTAAC-1,0.97727,0.00003,0.0227
ACTGAAACGCCGTTAG-1,0.558111,0.039973,0.401916
ACTGAATGGCGAAAGT-1,0.980535,0.000017,0.019448
ACTGCCCGCCATTCTC-1,0.04044,0.00004,0.959521
ACTGCTCGGAAGGATG-1,0.216907,0.064375,0.718718
ACTGGGATGCCAGTGC-1,0.37215,0.007307,0.620543
ACTGTACGATACACAT-1,0.955318,0.04458,0.000102
ACTGTAGCACTTTGGA-1,0.999765,0.000078,0.000157
ACTGTCCAGGATTATA-1,0.914479,0.085448,0.000073
ACTGTCTTCTTTAGAA-1,0.99967,0.00026,0.00007
ACTTACGCATCCACGC-1,0.625564,0.132541,0.241895
ACTTAGTACGACAAGA-1,0.935144,0.00008,0.064776
ACTTATACTTACCCGG-1,0.984141,0.007375,0.008484
ACTTATTAGGATCGGT-1,0.99986,0.000047,0.000093
ACTTATTTATGTGCCA-1,0.999885,0.000038,0.000076
ACTTCAGGCTGATCCC-1,0.959797,0.000026,0.040178
ACTTCCATGCGGGACA-1,0.163209,0.000061,0.83673
ACTTCGCCATACGCAC-1,0.999857,0.000048,0.000095
ACTTGACTCCCTCTTT-1,0.999943,0.000019,0.000038
ACTTGGGACCCGGTGG-1,0.992074,0.000038,0.007887
ACTTGGGCTTTCGCCA-1,0.269861,0.000677,0.729462
ACTTGTAGTCCCTTCA-1,0.64275,0.068276,0.288974
ACTTGTGGATGGAACG-1,0.931844,0.000026,0.068131
ACTTGTTACCGGATCA-1,0.048668,0.000132,0.9512
ACTTTACCCTCATGAA-1,0.959835,0.000027,0.040138
ACTTTATACACCACTT-1,0.006133,0.091683,0.902184
ACTTTCCTATAGCTTC-1,0.803238,0.115756,0.081006
ACTTTGACTGCATCCT-1,0.99949,0.000026,0.000484
ACTTTGGTCGTGCTCC-1,0.000161,0.176742,0.823098
AGAACACGGCGATGGT-1,0.000908,0.000182,0.998911
AGAACCCTCAATTGGG-1,0.073538,0.044432,0.88203
AGAACGTGGTACATTC-1,0.985854,0.014072,0.000074
AGAACTGTACTTTGTA-1,0.204129,0.02704,0.768831
AGAAGAGCGCCGTTCC-1,0.999088,0.000304,0.000608
AGAAGGTACACTTCAC-1,0.514077,0.057501,0.428423
AGAAGGTTGCCGAATT-1,0.971805,0.025162,0.003033
AGAAGGTTGTAGGTCG-1,0.028003,0.235433,0.736563
AGAAGTGATTCGTGAT-1,0.880551,0.002204,0.117244
AGAATAAATCTTCAGG-1,0.945018,0.012656,0.042326
AGAATACAGGCTATCC-1,0.112512,0.021796,0.865692
AGAATTATGGATTCGA-1,0.989154,0.000016,0.01083
AGAATTGTTTGACATA-1,0.895104,0.000052,0.104844
AGACAGCTCAGAATCC-1,0.976209,0.000014,0.023777
AGACCAAACCACACCT-1,0.255742,0.126482,0.617776
AGACCATGGGATACAA-1,0.999918,0.000027,0.000055
AGACCCACCGCTGATC-1,0.878262,0.000015,0.121723
AGACCCGCCCTCCTCG-1,0.999924,0.000025,0.000051
AGACCGCTCCGCGGTT-1,0.90073,0.055845,0.043426
AGACCGGGAAACCCTG-1,0.917617,0.000614,0.081768
AGACGAAGTGCCGGTC-1,0.99991,0.00003,0.00006
AGACGACGATGCCGCT-1,0.723825,0.053548,0.222627
AGACTAGCCTTCCAGA-1,0.999892,0.000036,0.000072
AGACTGTTACCGGGTC-1,0.120782,0.092581,0.786636
AGAGAAACACCAGAAA-1,0.01752,0.000055,0.982425
AGAGAACCGTCTAGGA-1,0.925893,0.021186,0.052922
AGAGAAGGAGTACAAT-1,0.128831,0.198826,0.672343
AGAGATCTCTAAAGCG-1,0.874666,0.000017,0.125317
AGAGCAGTTATGAGAC-1,0.999972,0.000009,0.000019
AGAGCCGCCGAGATTT-1,0.419223,0.000056,0.580721
AGAGCGTACAAGCTCG-1,0.884957,0.114986,0.000058
AGAGGCTTCGGAAACC-1,0.985479,0.009113,0.005408
AGAGTAAACTTCACTA-1,0.999928,0.000024,0.000048
AGATAACTTCAGGGCC-1,0.999917,0.000028,0.000055
AGATAATCACACCTAT-1,0.530628,0.002847,0.466526
AGATACCAATAGAACC-1,0.28007,0.057142,0.662788
AGATACCGGTGTTCAC-1,0.994931,0.000025,0.005044
AGATACGACTTCATAT-1,0.922398,0.07195,0.005652
AGATACTCAAGATCGA-1,0.98554,0.000025,0.014435
AGATATAATACGACTA-1,0.257347,0.109798,0.632856
AGATCGTGCATAAGAT-1,0.999868,0.000044,0.000088
AGATCTCAGGTGTGAT-1,0.999876,0.000041,0.000083
AGATCTGGAGAGGATA-1,0.029498,0.000115,0.970387
AGATGACTCGCCCACG-1,0.985357,0.014455,0.000188
AGATGATGGAGTCTGG-1,0.972554,0.027382,0.000064
AGATGCAAGACGTGCA-1,0.024803,0.055132,0.920065
AGATTATAGGACGTTT-1,0.999845,0.000052,0.000103
AGATTCACAACCGATA-1,0.177312,0.000033,0.822655
AGCAAAGGCCGCTAGT-1,0.051614,0.313645,0.63474
AGCAACATATCTTATT-1,0.905004,0.051277,0.04372
AGCAACCGAAAGTAAT-1,0.177821,0.256992,0.565187
AGCACACGTTTAGACT-1,0.082807,0.000126,0.917067
AGCACCAGTACTCACG-1,0.997913,0.002005,0.000083
AGCACTACCGGCCTGT-1,0.99968,0.000009,0.000311
AGCACTACCTCACCAG-1,0.979031,0.00003,0.020939
AGCACTTAAGGACGCC-1,0.999942,0.000019,0.000039
AGCAGAAGGAGAAAGA-1,0.123084,0.185735,0.691181
AGCAGCCAGATGAATA-1,0.633227,0.021033,0.34574
AGCAGTCGAAGCATGC-1,0.106545,0.031537,0.861917
AGCATATCAATATGCT-1,0.871302,0.000029,0.12867
AGCATCATTTCGAAAG-1,0.18188,0.15789,0.66023
AGCATCGTCGATAATT-1,0.894252,0.014537,0.091211
AGCATTACGAGGCAAG-1,0.572145,0.000056,0.427799
AGCCAAGCTTTGTGTC-1,0.113336,0.000073,0.886591
AGCCACAGGTTACCCG-1,0.096588,0.157032,0.74638
AGCCACTCCCGTGCTT-1,0.883268,0.000192,0.11654
AGCCATATAGTATGTG-1,0.208149,0.000105,0.791745
AGCCCATACATGTAAG-1,0.898755,0.000592,0.100653
AGCCCGCAACAAGCAG-1,0.171058,0.000065,0.828877
AGCCCGCACTACAATG-1,0.038901,0.00004,0.961059
AGCCCGGCATTAGAGG-1,0.0323,0.066583,0.901117
AGCCCGGTAGCCTGTA-1,0.138937,0.000039,0.861024
AGCCCTCCCTGGTGGC-1,0.199267,0.000049,0.800685
AGCCCTTCTAATCCGA-1,0.965923,0.000103,0.033974
AGCCGTGGCTAAATGT-1,0.872641,0.00003,0.127329
AGCCTAATACCCACGT-1,0.696394,0.266001,0.037604
AGCCTTAAAGCGGAAG-1,0.999942,0.00002,0.000038
AGCGACAGGAACGGTC-1,0.878084,0.005351,0.116565
AGCGACATCCCATTCA-1,0.999506,0.000165,0.000329
AGCGACCAACGATATT-1,0.999893,0.000036,0.000071
AGCGACTTTGAAGACA-1,0.505708,0.001585,0.492706
AGCGAGACGTGAAGGC-1,0.000183,0.000037,0.999781
AGCGATGCGCCTAATA-1,0.351303,0.003031,0.645666
AGCGCATAATGAATCG-1,0.49291,0.094122,0.412968
AGCGCGGGTGCCAATG-1,0.999923,0.000026,0.000051
AGCGGACACTTCGTAG-1,0.068315,0.004216,0.927469
AGCGGCGGTTAGCGGT-1,0.746946,0.062502,0.190552
AGCGGGTCTGACACTC-1,0.293631,0.000089,0.70628
AGCGTGGTATTCTACT-1,0.999871,0.000043,0.000086
AGCTAACAAGCAATGT-1,0.079476,0.042429,0.878095
AGCTAAGCTCCGTCCG-1,0.037569,0.000222,0.962209
AGCTAAGTACGCAGGC-1,0.357104,0.000072,0.642824
AGCTAGAAGCAGAAGT-1,0.939181,0.007252,0.053566
AGCTCCATATATGTTC-1,0.166868,0.180594,0.652538
AGCTCCTTCGCACATC-1,0.848056,0.000031,0.151914
AGCTCTAGACGTTCCA-1,0.956475,0.000033,0.043491
AGCTCTTCGTAACCTT-1,0.999746,0.000021,0.000232
AGCTCTTTACTCAGTT-1,0.995819,0.004143,0.000037
AGCTGTAACCTCAATC-1,0.460841,0.053315,0.485844
AGCTTCTTCTCGAGCA-1,0.250257,0.005369,0.744373
AGCTTGATCAGGGTAG-1,0.110333,0.224403,0.665264
AGCTTGATCTTAACTT-1,0.961808,0.003714,0.034478
AGGAAGCTGTCCGCCG-1,0.046506,0.297696,0.655798
AGGACAGTCGAATCCC-1,0.999895,0.000035,0.00007
AGGACATCGCACGTCG-1,0.887505,0.112273,0.000223
AGGACGACCCATTAGA-1,0.996777,0.000014,0.003209
AGGACGCTCGATGTTG-1,0.92418,0.038899,0.036921
AGGAGGCCTTCGCGCG-1,0.963159,0.013618,0.023223
AGGATAAAGTCGGGAT-1,0.942682,0.000031,0.057287
AGGATATAGGGATTTA-1,0.880711,0.071341,0.047948
AGGATCACGCGATCTG-1,0.933554,0.000027,0.066418
AGGCAGATGCGTAAAC-1,0.994309,0.005589,0.000101
AGGCAGGGAGCGTACT-1,0.47725,0.000079,0.522672
AGGCATTGTCGTAGGG-1,0.890388,0.000043,0.109569
AGGCCACCCGTTATGA-1,0.92745,0.072462,0.000088
AGGCCCTAGAACGCCA-1,0.899511,0.00056,0.099929
AGGCCTATCATACCAA-1,0.017156,0.000081,0.982763
AGGCCTGAGAATCTCG-1,0.353686,0.088038,0.558277
AGGCGGTTTGTCCCGC-1,0.213757,0.003437,0.782806
AGGCTATGGTTAGCTT-1,0.999884,0.000039,0.000077
AGGCTTAAGTTGCACA-1,0.378631,0.002408,0.618961
AGGCTTCCCGAAGAAG-1,0.917641,0.064659,0.0177
AGGCTTGCTAGACACC-1,0.999899,0.000034,0.000067
AGGGACCGGCTGCGTT-1,0.974601,0.003927,0.021472
AGGGACTCTACGCGAC-1,0.685973,0.000022,0.314005
AGGGCGAGCAGCTGAT-1,0.840149,0.100175,0.059676
AGGGCGTGATCGGCTA-1,0.954947,0.044899,0.000154
AGGGCTGCAGTTACAG-1,0.999899,0.000034,0.000067
AGGGTCAGAGCACTCG-1,0.130707,0.01581,0.853483
AGGGTCGATGCGAACT-1,0.925593,0.070383,0.004025
AGGGTCTGGACGCAGT-1,0.391809,0.020144,0.588047
AGGGTGCCGTTCTTTA-1,0.042974,0.023423,0.933602
AGGGTGCTCTCGAGGG-1,0.999932,0.000023,0.000045
AGGGTGGATAGTGCAT-1,0.907603,0.007768,0.084629
AGGGTTCAGACGGTCC-1,0.039627,0.000066,0.960307
AGGGTTCCCTTTGGTT-1,0.997313,0.002622,0.000064
AGGGTTTAGTTCGGGA-1,0.987338,0.012561,0.000102
AGGTAGATCGAGATAT-1,0.104913,0.000065,0.895022
AGGTAGGTACAAAGCT-1,0.953428,0.000023,0.046549
AGGTATAATTGATAGT-1,0.984071,0.000022,0.015907
AGGTCAGGTGAGAGTG-1,0.819971,0.039503,0.140526
AGGTCGCGGAGTTACT-1,0.945339,0.029242,0.025419
AGGTGCACGTCCACAT-1,0.2431,0.04462,0.712279
AGGTGGTGACCTTCGC-1,0.122394,0.00004,0.877566
AGGTGTATCGCCATGA-1,0.942173,0.031323,0.026504
AGGTTCTCCTTTCCGG-1,0.13231,0.035291,0.832399
AGGTTGAGGCACGCTT-1,0.999692,0.000103,0.000206
AGGTTTCACACACCTT-1,0.964494,0.012235,0.023271
AGTAACTATAGCAGCC-1,0.402409,0.000064,0.597527
AGTAATCTAAGGGTGG-1,0.162825,0.00009,0.837084
AGTAATTTGCAAGCGT-1,0.118633,0.056493,0.824874
AGTACAGAAGCTTATA-1,0.109786,0.000051,0.890163
AGTACATCATTTATCA-1,0.961167,0.000026,0.038807
AGTACGGCCCGTATCG-1,0.875821,0.015917,0.108261
AGTACGGGCACCTGGC-1,0.871057,0.12702,0.001923
AGTACTCTTATGCCCA-1,0.880157,0.000044,0.119799
AGTAGAAGGCGCCTCA-1,0.232635,0.000107,0.767259
AGTATAATACTAGGCA-1,0.999828,0.000057,0.000115
AGTATACACAGCGACA-1,0.154822,0.047981,0.797197
AGTATGCTGGAGACCA-1,0.161131,0.068052,0.770817
AGTATTTGGCACGACC-1,0.382505,0.039863,0.577632
AGTCAAATGATGTGAT-1,0.121609,0.000044,0.878346
AGTCAACACCACCATC-1,0.929705,0.000019,0.070276
AGTCAAGATGACACTT-1,0.999912,0.000029,0.000058
AGTCACTAGCTCTCGA-1,0.638054,0.000065,0.361881
AGTCAGCCACCGCCTG-1,0.822461,0.000055,0.177484
AGTCCATTGGCTGATG-1,0.966974,0.013257,0.019769
AGTCGACGGTCTCAAG-1,0.96345,0.035021,0.001529
AGTCGGCCCAAACGAC-1,0.999895,0.000035,0.00007
AGTCGGCTCAACTTTA-1,0.851286,0.14626,0.002454
AGTCGGTTGCGTGAGA-1,0.952887,0.02,0.027113
AGTCGTATAAAGCAGA-1,0.11898,0.110169,0.770851
AGTCGTCGACCACCAA-1,0.881963,0.000033,0.118004
AGTCGTGGGCATTACG-1,0.677654,0.000023,0.322323
AGTCTCACAAGACTAC-1,0.598388,0.07095,0.330662
AGTCTGGACATCCTTG-1,0.999867,0.000044,0.000088
AGTCTTCTCCTCAAAT-1,0.999811,0.000063,0.000126
AGTCTTTAAAGTGTCC-1,0.199895,0.066601,0.733504
AGTGAACAAACTTCTC-1,0.996127,0.003836,0.000037
AGTGACCTACTTTACG-1,0.986219,0.000022,0.013759
AGTGACTGTGACACAA-1,0.14264,0.038589,0.818771
AGTGAGACTTCCAGTA-1,0.999906,0.000031,0.000063
AGTGAGCCTCGCCGCC-1,0.969173,0.030787,0.000041
AGTGAGTCGAATTAAC-1,0.28718,0.269057,0.443763
AGTGATAACCTGCGCG-1,0.679624,0.000035,0.320341
AGTGATATGAGTAGTT-1,0.918873,0.00003,0.081097
AGTGATTCAAGCAGGA-1,0.996085,0.003861,0.000055
AGTGCACGCTTAAGAA-1,0.878074,0.000017,0.121909
AGTGCGTAGCTCGTAA-1,0.963336,0.001719,0.034945
AGTGCTAAACACAGCA-1,0.177874,0.000059,0.822067
AGTGCTTGCACGAATA-1,0.964807,0.035143,0.00005
AGTGGCCCGCAAATGG-1,0.167482,0.000053,0.832465
AGTGGCGGCAATTTGA-1,0.999931,0.000023,0.000046
AGTGGCGTCTGAAGGT-1,0.307872,0.000069,0.692059
AGTGGCTCCGTCGGCC-1,0.96269,0.022917,0.014393
AGTGTGGTCTATTGTG-1,0.929745,0.000042,0.070213
AGTTAAACACTTGCGA-1,0.95279,0.001967,0.045243
AGTTAAGTCAACCGCT-1,0.834121,0.000223,0.165656
AGTTACCCTTAAGACT-1,0.836358,0.030467,0.133175
AGTTACCGCACATGGT-1,0.955828,0.044136,0.000036
AGTTCCTACAGAATTA-1,0.999892,0.000036,0.000072
AGTTCCTATTTATGTT-1,0.879561,0.000035,0.120404
AGTTCTGCGTTGTATC-1,0.902255,0.097647,0.000098
AGTTGACGGTCCTTGC-1,0.10192,0.000072,0.898008
AGTTGCGGTCCTCAAC-1,0.080015,0.000076,0.919909
AGTTGCTGACTGATAT-1,0.999874,0.000042,0.000084
AGTTGGCAAGGCTAGA-1,0.30775,0.088451,0.603799
AGTTTGCACCTGCCTC-1,0.35781,0.136698,0.505491
AGTTTGGCACGGGTTG-1,0.999065,0.000032,0.000904
AGTTTGGCCAGACCTA-1,0.806428,0.134737,0.058835
ATAAACGGACCCGTAA-1,0.914141,0.01094,0.074919
ATAAACGTTGCACCAC-1,0.27822,0.066313,0.655467
ATAAAGGCTCGGTCGT-1,0.999919,0.000027,0.000054
ATAAATATTAGCAGCT-1,0.916785,0.083184,0.000031
ATAACGCCGGAGGGTC-1,0.976982,0.006044,0.016974
ATAACGGAGTCCAACG-1,0.99986,0.000047,0.000093
ATAAGGTGGAGAACAT-1,0.858727,0.09901,0.042263
ATAAGTAGGATTCAGA-1,0.978149,0.000034,0.021817
ATAAGTAGGGCGACTC-1,0.998114,0.000021,0.001865
ATAAGTTACCGCGACG-1,0.97731,0.000034,0.022656
ATAATACCGTTAGCCG-1,0.999897,0.000034,0.000069
ATAATAGCTGTTGAAT-1,0.89532,0.000013,0.104667
ATAATAGTGTAGGGAC-1,0.957945,0.00005,0.042005
ATAATCTTGGAGAACC-1,0.322654,0.065096,0.61225
ATAATTAGCTAAGTAG-1,0.118838,0.161902,0.719261
ATACAGGCCCTCCAAT-1,0.710215,0.047997,0.241788
ATACCACGGGCAACTT-1,0.999943,0.000019,0.000038
ATACCCTCCCGGCCAA-1,0.123389,0.101493,0.775119
ATACCTAACCAAGAAA-1,0.283319,0.169715,0.546966
ATACGAGGTTTGTAAG-1,0.016608,0.000096,0.983296
ATACGCCGGCGAAACC-1,0.939317,0.037188,0.023496
ATACGGAACGTCGTTT-1,0.36862,0.111727,0.519653
ATACGGGTTTCGATTG-1,0.852392,0.000298,0.14731
ATACGGTGAAGATGCA-1,0.935044,0.005704,0.059252
ATACGTACTTAGCCAC-1,0.894096,0.082328,0.023576
ATACGTCCACTCCTGT-1,0.909982,0.000023,0.089995
ATACGTTATGCACGGA-1,0.311371,0.000636,0.687994
ATACTACCCGTACCAC-1,0.365043,0.000041,0.634916
ATACTAGCATGACCCT-1,0.999722,0.000093,0.000186
ATACTGCCTTACACCG-1,0.337242,0.11272,0.550039
ATACTTGTTCTCGAGC-1,0.792683,0.029847,0.17747
ATAGACAACGGGACCT-1,0.842955,0.000028,0.157017
ATAGACGAAGAGAAAG-1,0.99993,0.000023,0.000047
ATAGAGTACTGGGACA-1,0.987827,0.012087,0.000086
ATAGAGTTATCAACTT-1,0.965968,0.00003,0.034002
ATAGCAACTAGGGAAG-1,0.403527,0.000043,0.596431
ATAGCCATAACAGTCA-1,0.261946,0.000906,0.737148
ATAGCCTCAGTACCCA-1,0.999902,0.000033,0.000065
ATAGGCGGCTATAGAA-1,0.964945,0.000083,0.034972
ATAGGCTAGCTTCGCA-1,0.889209,0.110252,0.000539
ATAGGGATATCCTTGA-1,0.973481,0.000518,0.026001
ATAGGTTGGGCAGATG-1,0.989273,0.010647,0.00008
ATAGTGAAGCGTTCTC-1,0.99988,0.00004,0.00008
ATAGTTCCACCCACTC-1,0.999911,0.00003,0.000059
ATATAAAGCGCTCGTG-1,0.535157,0.058263,0.406579
ATATAAATGTAGCTGC-1,0.958278,0.000025,0.041697
ATATAACACGGGCGCA-1,0.182147,0.000033,0.81782
ATATACGCTCGTGACG-1,0.072063,0.015872,0.912064
ATATAGAGTATTGGTC-1,0.031496,0.000055,0.968449
ATATCAACCTACAGAG-1,0.999677,0.000276,0.000048
ATATCGGTAGGGAGAT-1,0.999928,0.000024,0.000048
ATATCGTTCCTCGAAC-1,0.261812,0.208175,0.530014
ATATCTTAGGGCCTTC-1,0.939995,0.059911,0.000095
ATATGGGATAGCAACT-1,0.000283,0.000057,0.99966
ATATGTCTAGAGCGTG-1,0.167122,0.000133,0.832746
ATATGTCTCCCTAGCC-1,0.97809,0.000029,0.021881
ATATTCAGTTAAACCT-1,0.945622,0.001473,0.052904
ATATTCCACATAGTGA-1,0.82954,0.000049,0.170411
ATATTGCTGTCAAAGT-1,0.999831,0.000056,0.000113
ATATTTAACCCTCAAG-1,0.984499,0.000042,0.015459
ATCAAACACTGTTCCA-1,0.913496,0.043755,0.042749
ATCAAACGAAGGTTTG-1,0.964617,0.011426,0.023957
ATCAAAGAGCCGTGGT-1,0.261042,0.000197,0.738762
ATCAAGATCCCAGGAC-1,0.18804,0.000052,0.811908
ATCAATCTGGGCTGCA-1,0.999875,0.000042,0.000084
ATCAATGCCGTGGCTG-1,0.061786,0.025391,0.912822
ATCACGTGCTAATTAA-1,0.992263,0.00003,0.007707
ATCACTTCATCCTCGC-1,0.999533,0.000156,0.000311
ATCAGAAGCTGGTTGC-1,0.293751,0.00404,0.702209
ATCAGACGGCACGCCG-1,0.94044,0.000022,0.059538
ATCAGCCTCATGCTGC-1,0.677596,0.111774,0.210631
ATCAGCTCGTCCACTA-1,0.875406,0.008068,0.116526
ATCAGTAGGCAGGGAT-1,0.999745,0.000085,0.00017
ATCATAGATCGACGAG-1,0.2239,0.000104,0.775996
ATCATAGCCCTATGTA-1,0.339385,0.109249,0.551366
ATCATCCAATATTTGT-1,0.988911,0.005327,0.005762
ATCCAACGCAGTCATA-1,0.978681,0.013157,0.008162
ATCCAATGGAGGGTCC-1,0.884001,0.114472,0.001527
ATCCACATCGACAGAA-1,0.265877,0.081446,0.652677
ATCCAGAGCAACAACC-1,0.982922,0.000015,0.017063
ATCCAGGATTCGTGAA-1,0.904101,0.095851,0.000048
ATCCCATCCACAGCGC-1,0.036497,0.033204,0.930299
ATCCCATTTCCGTGGG-1,0.055042,0.215002,0.729956
ATCCTACCTAAGCTCT-1,0.999931,0.000023,0.000046
ATCCTGAATCGCTGCG-1,0.999916,0.000028,0.000056
ATCCTGCGTGGAATGG-1,0.831284,0.055144,0.113572
ATCGACCCAATACAGA-1,0.930322,0.000017,0.069661
ATCGACTCTTTCCGTT-1,0.982143,0.017703,0.000154
ATCGCACGCCGGGAGA-1,0.99017,0.000038,0.009793
ATCGCCAGTCAACATT-1,0.935017,0.058323,0.00666
ATCGGAGACAGACGGC-1,0.939427,0.000021,0.060552
ATCGGCAAGCAGTCCA-1,0.937343,0.062578,0.000079
ATCGTGGAAAGTCTGG-1,0.039376,0.000059,0.960565
ATCGTTAGCTAGCGGA-1,0.10208,0.000048,0.897872
ATCTAATATCCTACGG-1,0.868803,0.000016,0.131181
ATCTACCATCTGCTCC-1,0.156561,0.00012,0.843319
ATCTAGCTTGTGAGGG-1,0.09501,0.000039,0.90495
ATCTCCCACGGAATAT-1,0.082984,0.026507,0.890509
ATCTGACATGGAAGGA-1,0.2892,0.018126,0.692673
ATCTGATAGTGTCTTA-1,0.967457,0.032497,0.000046
ATCTGCACCTCTGCGA-1,0.989056,0.000025,0.010919
ATCTGCTGTTATCGCC-1,0.025198,0.000065,0.974737
ATCTGGGCTGTTCTTG-1,0.106091,0.430692,0.463218
ATCTGGTTAAGACTGT-1,0.603777,0.396158,0.000066
ATCTTAGGGCATTAAT-1,0.018545,0.00007,0.981385
ATCTTATCGCACACCC-1,0.15104,0.024868,0.824092
ATCTTGACCTGCAACG-1,0.999919,0.000027,0.000054
ATCTTGACTTGTCCAA-1,0.999909,0.00003,0.000061
ATGAAGCCAAGGAGCC-1,0.967637,0.032279,0.000085
ATGACGCGTTCTATCC-1,0.641311,0.20062,0.158069
ATGACTATCAGCTGTG-1,0.114031,0.000058,0.885911
ATGACTATGCGACATT-1,0.995578,0.004359,0.000064
ATGAGGAGTGTTAATC-1,0.999803,0.000066,0.000132
ATGATGCAATGGTACA-1,0.948846,0.049471,0.001683
ATGCACGCGCTGTTCA-1,0.153748,0.029322,0.81693
ATGCACTACCGCATTG-1,0.99991,0.00003,0.00006
ATGCATGATCCAGGAT-1,0.932266,0.028074,0.03966
ATGCCATTTGCGACCA-1,0.97129,0.000015,0.028696
ATGCCGGTCTTGCATA-1,0.891831,0.108097,0.000073
ATGCGACAGTCCCATT-1,0.999893,0.000036,0.000071
ATGCGAGTCCCACCAC-1,0.802861,0.0789,0.118239
ATGCTCAGTGTTGCAT-1,0.999829,0.000057,0.000114
ATGCTCTGGCGCGGTA-1,0.245771,0.036859,0.71737
ATGCTTAGGAGTTGAT-1,0.343831,0.000057,0.656113
ATGGACTGCTTAGTTG-1,0.300923,0.000094,0.698983
ATGGAGCAGGCCGTGA-1,0.999908,0.000031,0.000061
ATGGATTGACCAAACG-1,0.957937,0.042007,0.000056
ATGGCAGCATTACGAT-1,0.069275,0.058215,0.87251
ATGGGACCTGCTGAAC-1,0.144408,0.000051,0.855541
ATGGGCCTCGGCCTCT-1,0.999929,0.000024,0.000048
ATGGGTGTATACCTCC-1,0.082011,0.000054,0.917935
ATGGTATTGGGAACCG-1,0.07461,0.000108,0.925282
ATGGTATTTACTGATT-1,0.000396,0.046097,0.953506
ATGGTCGCGTGGTTTC-1,0.96807,0.000034,0.031896
ATGTACATGCGGTGAG-1,0.269265,0.000052,0.730682
ATGTACGATGACGTCG-1,0.118783,0.003149,0.878069
ATGTAGCGCGCGTAGG-1,0.202089,0.000069,0.797842
ATGTCATAATAAACGA-1,0.648709,0.002608,0.348683
ATGTCTTGTTTGACTC-1,0.108685,0.000089,0.891227
ATGTGAAAGCCTAATG-1,0.948431,0.032516,0.019053
ATGTGCATCCGACGCA-1,0.942669,0.057227,0.000104
ATGTGGACATCTTGAT-1,0.985125,0.000026,0.014849
ATGTTACGAGCAATAC-1,0.87678,0.062417,0.060803
ATGTTCGTCGACCCAC-1,0.994947,0.005006,0.000047
ATGTTGATTAGAGACT-1,0.130117,0.001649,0.868234
ATGTTGTAGTCTGTTT-1,0.09786,0.106696,0.795444
ATTAAACATGCGGACC-1,0.99995,0.000017,0.000033
ATTAATACTACGCGGG-1,0.917025,0.082821,0.000154
ATTAATGAACCAGTCG-1,0.921449,0.001639,0.076912
ATTACATGTCAGTCTT-1,0.843628,0.000018,0.156353
ATTACGCGCTGGCAGG-1,0.999943,0.000019,0.000038
ATTACTAGCCTCTTGC-1,0.822706,0.069102,0.108191
ATTACTTACTGGGCAT-1,0.888169,0.018794,0.093037
ATTAGATTCCTCAGCA-1,0.999916,0.000028,0.000056
ATTAGATTGATAGCGG-1,0.994736,0.005129,0.000136
ATTAGGCGATGCTTTC-1,0.979551,0.000043,0.020406
ATTATCGGAATGTACG-1,0.08263,0.041832,0.875538
ATTATGAGACCCAATT-1,0.104411,0.237489,0.6581
ATTATGCCATAGGGAG-1,0.999668,0.000111,0.000221
ATTATTATGTCCGTCA-1,0.073049,0.000056,0.926895
ATTATTCAGAGTCACT-1,0.475702,0.009042,0.515256
ATTCAACCATTTAAGG-1,0.414425,0.000086,0.58549
ATTCACTGATGTTGGA-1,0.640397,0.000022,0.359582
ATTCAGGACCTATTTC-1,0.999866,0.000045,0.000089
ATTCAGTAGCAGGGTC-1,0.992549,0.000026,0.007425
ATTCATATACTGTCCA-1,0.908152,0.065738,0.02611
ATTCATCGTTGAGGCA-1,0.090435,0.110333,0.799232
ATTCCCACATAAACAA-1,0.998097,0.000025,0.001877
ATTCCTCCGCCAGTGC-1,0.99988,0.00004,0.00008
ATTCGACGCCGGGCCT-1,0.939869,0.032434,0.027698
ATTCGCGCCTTGAGAG-1,0.093183,0.000058,0.906759
ATTCGTGCTATCTCTT-1,0.925086,0.000014,0.0749
ATTCGTGTACCCATTC-1,0.529994,0.000247,0.469758
ATTGAAGATCTTAGTG-1,0.999853,0.000049,0.000098
ATTGATGAGTCCTAAC-1,0.999944,0.000019,0.000037
ATTGCCTATTAGACCG-1,0.002142,0.339252,0.658606
ATTGCCTTTATGTTTG-1,0.231536,0.096508,0.671957
ATTGCGATCAGTAACT-1,0.997706,0.000022,0.002272
ATTGCTGCTCCTCCAT-1,0.948776,0.051185,0.000039
ATTGGATTACAGCGTA-1,0.699145,0.254588,0.046268
ATTGGTTGTGCATTAC-1,0.228572,0.03876,0.732667
ATTGTACAACTCGGCT-1,0.955212,0.044739,0.00005
ATTGTCTGTTTCATGT-1,0.000268,0.000054,0.999678
ATTTACAGTTTACTGG-1,0.999899,0.000034,0.000067
ATTTATACTGGTAAAG-1,0.143086,0.148459,0.708456
ATTTCCGGGTTCTGCG-1,0.382316,0.298896,0.318789
ATTTGCGCGAGTAGCT-1,0.716681,0.037345,0.245974
ATTTGTCTTGGGAGCT-1,0.833978,0.158048,0.007974
CAAACCATAAGCGTAT-1,0.419925,0.000399,0.579676
CAAACCCTCCGGCGGG-1,0.004096,0.301282,0.694623
CAAACGAGTATCGCAG-1,0.956179,0.043765,0.000056
CAAACGGTCGCACTTT-1,0.967559,0.032365,0.000076
CAAACTCGCGACGCCG-1,0.867596,0.060789,0.071615
CAAAGATTATTGGGCC-1,0.433998,0.090525,0.475477
CAAATCTCTCACAAGG-1,0.854926,0.004476,0.140597
CAAATGTCCTTCCGTG-1,0.958543,0.030924,0.010533
CAACCAGTGGCCTACC-1,0.299128,0.016994,0.683878
CAACCTACCGAGCAGT-1,0.106865,0.051352,0.841783
CAACGACCCGTTTACA-1,0.946226,0.000036,0.053738
CAACGAGCTTATTATG-1,0.000627,0.031317,0.968055
CAACGCGATGAGCCAA-1,0.231776,0.000104,0.76812
CAACGGTTCTTGATAC-1,0.589253,0.308485,0.102262
CAACGTGGTGGAGTCT-1,0.556533,0.076322,0.367145
CAACTCCTTGATCCCG-1,0.623794,0.376068,0.000137
CAACTGCTCATCCGAT-1,0.156648,0.031249,0.812103
CAAGAGGGCGGAGTAC-1,0.983751,0.000023,0.016227
CAAGATATTATAACGT-1,0.999917,0.000028,0.000056
CAAGCAACGTCGGAGT-1,0.977449,0.022515,0.000036
CAAGCGGCACATAATT-1,0.965813,0.000023,0.034164
CAAGGATCGCATGTTC-1,0.966652,0.033281,0.000067
CAAGGCCAGTGGTGCA-1,0.165852,0.045043,0.789105
CAAGGTCCTATAGGCT-1,0.999949,0.000017,0.000034
CAAGTAAGTGATAGAC-1,0.139501,0.000087,0.860412
CAAGTCGTTGAAATCT-1,0.085547,0.000112,0.914341
CAAGTGTGGTTGCAAA-1,0.999951,0.000016,0.000033
CAATAAACCTTGGCCC-1,0.936778,0.063163,0.000059
CAATATTCTTGACCTA-1,0.669353,0.148698,0.18195
CAATCCTGCCGTGGAG-1,0.985865,0.013981,0.000153
CAATGACCCTTAATTT-1,0.029816,0.153453,0.816731
CAATGCGAGAAGTATC-1,0.722559,0.000016,0.277425
CAATGGATCTCTACCA-1,0.999884,0.000039,0.000078
CAATTAAGGGTGATGA-1,0.999882,0.000039,0.000079
CAATTTCGTATAAGGG-1,0.999924,0.000025,0.00005
CACAAACCGCAGAACT-1,0.354511,0.000047,0.645442
CACAAGCTAAGAAAGG-1,0.000365,0.039163,0.960472
CACAATGAGCTGCTAT-1,0.922077,0.000025,0.077898
CACACACGCTAACGAG-1,0.578903,0.078091,0.343006
CACACAGGGATAGATT-1,0.945082,0.054839,0.000079
CACACGCGCTGTCTTA-1,0.999939,0.00002,0.00004
CACAGAGACGAGGACG-1,0.029714,0.088079,0.882207
CACAGCACCCACGGCA-1,0.999888,0.000037,0.000075
CACAGCTAGGGAGTGA-1,0.833733,0.166111,0.000156
CACAGGGCCATATAGT-1,0.519702,0.000072,0.480225
CACAGGGCCGTTGTCA-1,0.188377,0.000058,0.811565
CACAGTCCCGCTTCGC-1,0.335367,0.013878,0.650755
CACAGTTCGCTTCCCA-1,0.692604,0.056099,0.251297
CACATATTAGCAGGAT-1,0.981014,0.000027,0.018959
CACATCGTGCACGCGC-1,0.129484,0.002773,0.867744
CACATCTCACCGACGA-1,0.713439,0.098054,0.188507
CACATGATTCAGCAAC-1,0.999895,0.000035,0.00007
CACATTTCTTGTCAGA-1,0.999944,0.000019,0.000037
CACCAGTCAGCATGCA-1,0.053185,0.102197,0.844618
CACCCAAATCTTATGT-1,0.999904,0.000032,0.000064
CACCCACACGTCACCC-1,0.936803,0.063012,0.000185
CACCCGGTTTGTGACT-1,0.651248,0.000018,0.348734
CACCCTAACAAGATCT-1,0.856009,0.070087,0.073904
CACCCTTGGTGAGACC-1,0.58566,0.018889,0.395451
CACCGATGATGGGTAC-1,0.399146,0.00886,0.591994
CACCGCCAGAAGGTTT-1,0.968497,0.03144,0.000062
CACCGGTAGAGACATT-1,0.024537,0.066868,0.908595
CACCGTATCCCATCCG-1,0.852961,0.074458,0.072581
CACCGTTAGGGATCAC-1,0.807385,0.010663,0.181952
CACCGTTGCGCGATAT-1,0.828723,0.134029,0.037247
CACCTAATAGAGTCGT-1,0.908666,0.000043,0.091291
CACCTAATCAGTTTAC-1,0.990904,0.00887,0.000226
CACCTTGCGAAACTCG-1,0.938108,0.018899,0.042993
CACCTTGGCGCCTTTG-1,0.861523,0.000039,0.138438
CACGAAAGTTAGTCCC-1,0.999944,0.000019,0.000038
CACGAGCAAACCAGAC-1,0.005792,0.000105,0.994103
CACGCACAGCGCAGCT-1,0.923691,0.076217,0.000093
CACGCAGCGAGGCTTT-1,0.995299,0.000018,0.004683
CACGCGGAACTGTTGC-1,0.9999,0.000022,0.000079
CACGGGATTGAGGGTT-1,0.941613,0.000017,0.058369
CACGTCGGCAACCTCT-1,0.955236,0.000021,0.044744
CACGTTCGTGCTCTAG-1,0.842302,0.157637,0.000061
CACGTTTCGTACACAC-1,0.643511,0.215438,0.141051
CACTAAAGTTGCCTAT-1,0.999909,0.00003,0.000061
CACTACGGGAGCTGCC-1,0.298689,0.157019,0.544291
CACTCAAGAGCTATGG-1,0.988426,0.000025,0.01155
