Barcode,Topic 1,Topic 2,Topic 3,Topic 4,Topic 5,Topic 6,Topic 7,Topic 8,Topic 9
AAACAAGTATCTCCCA-1,0.000023,0.075805,0.000023,0.059035,0.387124,0.374419,0.103524,0.000023,0.000023
AAACATTTCCCGGATT-1,0.000038,0.033907,0.309308,0.157025,0.38866,0.063197,0.001425,0.000038,0.046403
AAACCCGAACGAAATC-1,0.000025,0.005732,0.03468,0.782301,0.056149,0.029608,0.074019,0.000025,0.01746
AAACCGGGTAGGTACC-1,0.000031,0.000031,0.000031,0.045491,0.000031,0.000031,0.000031,0.879833,0.074488
AAACCGTTCGTCCAGG-1,0.000065,0.010409,0.089103,0.818465,0.000065,0.000065,0.000065,0.039532,0.042233
AAACCTAAGCAGCCGG-1,0.000047,0.007827,0.142452,0.37373,0.000047,0.000047,0.000047,0.000047,0.475757
AAACGAGACGGTTGAT-1,0.000072,0.000072,0.000072,0.186155,0.000072,0.574682,0.000072,0.000072,0.238734
AAACGGGCGTACGGGT-1,0.000018,0.370843,0.319048,0.084883,0.072346,0.118086,0.002282,0.001651,0.030843
AAACGGTTGCGAACTG-1,0.000023,0.151379,0.392279,0.074689,0.325546,0.031672,0.000367,0.011873,0.012173
AAACTCGGTTCGCAAT-1,0.000049,0.000049,0.273787,0.440629,0.000049,0.000049,0.000049,0.037684,0.247654
AAACTGCTGGCTCCAA-1,0.00002,0.400431,0.000707,0.014434,0.059551,0.168105,0.294808,0.027115,0.034828
AAAGAATGTGGACTAA-1,0.000021,0.170056,0.171639,0.384975,0.2662,0.00482,0.002249,0.000021,0.000021
AAAGGCTACGGACCAT-1,0.000022,0.212554,0.532059,0.151705,0.098571,0.000022,0.00273,0.000022,0.002314
AAAGGCTCTCGCGCCG-1,0.000052,0.016935,0.013554,0.537487,0.279983,0.003431,0.108582,0.000052,0.039923
AAAGGGATGTAGCAAG-1,0.000035,0.192089,0.062223,0.034949,0.024468,0.070176,0.416602,0.114783,0.084675
AAAGTGTGATTTATCT-1,0.000061,0.091096,0.000061,0.044276,0.023208,0.490896,0.0872,0.024261,0.238941
AAAGTTGACTCCCGTA-1,0.000028,0.349008,0.004354,0.043027,0.027812,0.549252,0.019244,0.007247,0.000028
AAATAAGGTAGTGCCC-1,0.000032,0.038019,0.03132,0.383003,0.046524,0.374926,0.104945,0.000032,0.021199
AAATACCTATAAGCAT-1,0.000023,0.433488,0.000023,0.04072,0.10859,0.23908,0.155114,0.019517,0.003445
AAATAGCTTAGACTTT-1,0.000037,0.000037,0.026182,0.083321,0.119771,0.486235,0.102982,0.07197,0.109465
AAATAGGGTGCTATTG-1,0.000103,0.000103,0.052649,0.000105,0.096004,0.000103,0.040523,0.006484,0.803927
AAATCCGATACACGCC-1,0.000023,0.272629,0.44036,0.147718,0.000809,0.056021,0.000023,0.000023,0.082394
AAATCGTGTACCACAA-1,0.000058,0.000058,0.000058,0.549617,0.055851,0.280856,0.09207,0.000058,0.021373
AAATCTAGCCCTGCTA-1,0.000033,0.032919,0.080145,0.035441,0.379742,0.322791,0.087818,0.006543,0.054569
AAATGGTCAATGTGCC-1,0.000023,0.056107,0.180834,0.000296,0.019902,0.037706,0.666799,0.037636,0.000697
AAATTAACGGGTAGCT-1,0.000026,0.023924,0.041995,0.002717,0.112175,0.186791,0.566287,0.06606,0.000026
AAATTACCTATCGATG-1,0.000149,0.000149,0.000149,0.022042,0.000149,0.250425,0.000149,0.012065,0.714724
AAATTCCAGGTCCAAA-1,0.000027,0.006889,0.000027,0.356725,0.133976,0.264832,0.119329,0.000628,0.117567
AAATTGATAGTCCTTT-1,0.000039,0.000039,0.069608,0.086169,0.017501,0.011362,0.00034,0.781975,0.032967
AAATTTGCGGGTGTGG-1,0.000106,0.000106,0.236586,0.305909,0.000106,0.000106,0.000106,0.301286,0.15569
AACAACTGGTAGTTGC-1,0.000034,0.079241,0.000034,0.000034,0.019644,0.249572,0.510143,0.141266,0.000034
AACAATACATTGTCGA-1,0.000021,0.030266,0.03418,0.178749,0.06595,0.040833,0.101724,0.511747,0.036531
AACACACGCTCGCCGC-1,0.000031,0.459439,0.060736,0.012896,0.020087,0.356144,0.015024,0.000031,0.075613
AACAGCTGTGTGGCAA-1,0.000017,0.035978,0.13614,0.203386,0.053226,0.059226,0.109651,0.343244,0.059133
AACAGGATGGGCCGCG-1,0.000038,0.000038,0.000038,0.120068,0.000038,0.141711,0.096406,0.595045,0.046617
AACAGGTAGTATGGAT-1,0.000039,0.000039,0.075897,0.772957,0.051483,0.025062,0.027722,0.033512,0.013288
AACATAGCGTGTATCG-1,0.000046,0.004991,0.000046,0.000046,0.000046,0.096708,0.107744,0.005808,0.784566
AACATATCAACTGGTG-1,0.000044,0.000044,0.000044,0.012704,0.000044,0.648686,0.000044,0.001744,0.336648
AACATTGTGACTCGAG-1,0.000029,0.000029,0.517755,0.432354,0.009806,0.000029,0.000029,0.039938,0.000029
AACCCAGAGACGGAGA-1,0.000043,0.000043,0.000043,0.214,0.044297,0.120038,0.357326,0.264167,0.000043
AACCCGAGCAGAATCG-1,0.000022,0.034514,0.37885,0.407069,0.111273,0.008527,0.010427,0.048885,0.000434
AACCCTACTGTCAATA-1,0.00003,0.236127,0.007885,0.020766,0.004108,0.624884,0.04765,0.00003,0.058521
AACCGAGCTTGGTCAT-1,0.000023,0.155465,0.002546,0.012379,0.095479,0.205009,0.529051,0.000023,0.000023
AACCGCTAAGGGATGC-1,0.000056,0.000879,0.000057,0.000056,0.020343,0.231951,0.234559,0.02248,0.489618
AACCTCGCTTTAGCCC-1,0.000109,0.000109,0.194439,0.06547,0.000109,0.000109,0.000109,0.071161,0.668384
AACCTGTCACGGAATT-1,0.000022,0.013642,0.000022,0.30609,0.250979,0.258978,0.170222,0.000022,0.000022
AACCTTTAAATACGGT-1,0.000166,0.116394,0.022096,0.364299,0.000166,0.086896,0.000166,0.000166,0.409652
AACGATAATGCCGTAG-1,0.000106,0.164138,0.000106,0.290905,0.000106,0.317391,0.000106,0.000106,0.227035
AACGATATGTCAACTG-1,0.000066,0.000066,0.000066,0.309566,0.000066,0.658007,0.000066,0.027928,0.004167
AACGCGACCTTGGGCG-1,0.000022,0.106478,0.240831,0.301062,0.062864,0.028557,0.057543,0.10343,0.099213
AACGCGGTCTCCAGCC-1,0.000028,0.005529,0.056476,0.00737,0.190994,0.196471,0.429554,0.068125,0.045455
AACGCTGTTGCTGAAA-1,0.000115,0.000115,0.000115,0.295293,0.000115,0.322505,0.000115,0.000115,0.381511
AACGGACGTACGTATA-1,0.00008,0.00008,0.00008,0.139824,0.017072,0.40645,0.016458,0.00008,0.419878
AACGGCCATCTCCGGT-1,0.000031,0.121427,0.014854,0.483009,0.242043,0.000031,0.061276,0.052976,0.024352
AACGTACTGTGGGTAC-1,0.000051,0.003613,0.060185,0.609658,0.091785,0.000051,0.097634,0.051581,0.085442
AACGTCAGACTAGTGG-1,0.000063,0.00037,0.071591,0.000063,0.000063,0.019336,0.032918,0.648316,0.227282
AACGTCGCTGCACTTC-1,0.000026,0.019781,0.259688,0.162936,0.073319,0.04045,0.021042,0.394319,0.028438
AACGTGCGAAAGTCTC-1,0.000014,0.140099,0.000014,0.000014,0.087774,0.564808,0.207247,0.000014,0.000014
AACTACCCGTTTGTCA-1,0.000033,0.021739,0.032426,0.435931,0.37713,0.014557,0.105462,0.000033,0.012689
AACTAGGCTTGGGTGT-1,0.000091,0.2124,0.032839,0.39956,0.221977,0.125482,0.007467,0.000091,0.000091
AACTCAAGTTAATTGC-1,0.000029,0.013205,0.148642,0.22332,0.063715,0.010975,0.237028,0.16557,0.137517
AACTCCAGAGCGTGTT-1,0.000056,0.11336,0.267604,0.142633,0.260325,0.178948,0.003059,0.000056,0.03396
AACTCTCAATAGAGCG-1,0.00008,0.00008,0.00008,0.00008,0.00008,0.324434,0.008786,0.00008,0.666299
AACTCTCAGTGTGCTC-1,0.000092,0.000093,0.000093,0.774661,0.000093,0.000093,0.000093,0.049789,0.174995
AACTGATATTAGGCCT-1,0.000017,0.000017,0.000017,0.099074,0.290234,0.109348,0.472734,0.028523,0.000034
AACTGGGTCCCGACGT-1,0.000039,0.000039,0.000039,0.311341,0.015923,0.247007,0.253446,0.125461,0.046707
AAGACATACGTGGTTT-1,0.000022,0.004688,0.363831,0.000022,0.003158,0.003154,0.007834,0.61177,0.00552
AAGACCCAACTGAACA-1,0.000021,0.160577,0.052708,0.380686,0.397062,0.000021,0.002786,0.006117,0.000021
AAGACTGCAAGCTACT-1,0.000045,0.000045,0.028961,0.087551,0.128538,0.296433,0.393689,0.007698,0.05704
AAGAGCTCTTTATCGG-1,0.000028,0.345127,0.000028,0.024948,0.002815,0.580774,0.046225,0.000028,0.000028
AAGAGGATGTACGCGA-1,0.000023,0.004261,0.008313,0.112942,0.001335,0.052004,0.075736,0.670567,0.07482
AAGAGGCATGGATCGC-1,0.000076,0.000076,0.000076,0.025955,0.000076,0.297406,0.000076,0.000076,0.676185
AAGAGGCCCTTTGGAA-1,0.000021,0.01139,0.536703,0.063659,0.153948,0.003496,0.110788,0.004334,0.115661
AAGATGGCACCGGACC-1,0.000021,0.056532,0.006,0.245267,0.410192,0.002049,0.253336,0.025662,0.000941
AAGATTGGCGGAACGT-1,0.000083,0.000083,0.000083,0.000083,0.000083,0.054769,0.003826,0.041973,0.899017
AAGCACCCTGCGTATC-1,0.000074,0.123448,0.274015,0.000074,0.000074,0.000074,0.061283,0.120826,0.420132
AAGCATACTCTCCTGA-1,0.000053,0.362484,0.039654,0.187189,0.118893,0.228808,0.042469,0.000053,0.020398
AAGCCGAAGCGGTTTA-1,0.000027,0.085989,0.114303,0.107275,0.147149,0.136115,0.352897,0.012263,0.043981
AAGCGCAGGGCTTTGA-1,0.000022,0.000022,0.60101,0.000022,0.000022,0.000022,0.000022,0.000022,0.398833
AAGCGTCCCTCATCGA-1,0.00004,0.146034,0.02546,0.361236,0.236886,0.028758,0.099734,0.057244,0.044608
AAGCTAGATCGAGTAA-1,0.000075,0.000299,0.149622,0.305615,0.018736,0.390566,0.046818,0.000075,0.088193
AAGCTCGTGCCAAGTC-1,0.000041,0.022532,0.000041,0.113807,0.060179,0.74828,0.020574,0.025732,0.008813
AAGCTCTTTCATGGTG-1,0.000336,0.000336,0.003661,0.456595,0.000336,0.000336,0.000336,0.012886,0.525179
AAGGAGCGGTTGGTGC-1,0.000059,0.000059,0.000059,0.165386,0.049814,0.283056,0.321593,0.097045,0.08293
AAGGATCGATCGCTTG-1,0.000051,0.011636,0.015455,0.23424,0.096434,0.527343,0.060135,0.000051,0.054653
AAGGATGAGGGACCTC-1,0.000064,0.000064,0.000064,0.059006,0.000064,0.408171,0.032027,0.020924,0.479614
AAGGCAGGCTGTCTCC-1,0.000014,0.040074,0.027108,0.10121,0.560277,0.136256,0.111926,0.022169,0.000965
AAGGCGCGTAAAGCTT-1,0.00006,0.00006,0.00006,0.00006,0.00006,0.00006,0.00006,0.99952,0.00006
AAGGCTGTGCTCATCG-1,0.000018,0.119759,0.000018,0.000018,0.043067,0.029619,0.778081,0.029402,0.000018
AAGGGACAGATTCTGT-1,0.000177,0.000177,0.000177,0.352954,0.000177,0.095921,0.000177,0.000177,0.550064
AAGGTATCCTAATATA-1,0.000032,0.017372,0.01766,0.062987,0.024533,0.763539,0.026854,0.000032,0.086991
AAGGTGATAAACCAGC-1,0.00011,0.00011,0.00011,0.09212,0.00011,0.343177,0.00011,0.00011,0.564041
AAGTAGAAGACCGGGT-1,0.000038,0.189765,0.02202,0.228478,0.031844,0.038954,0.149431,0.104147,0.235323
AAGTAGTGACGCGAGG-1,0.000041,0.000041,0.000041,0.11386,0.004989,0.084539,0.104406,0.686658,0.005424
AAGTCAATTGTCGTCA-1,0.000065,0.009106,0.000065,0.237355,0.12349,0.608447,0.004191,0.000065,0.017218
AAGTGAGTCGGGTTTA-1,0.000015,0.040367,0.737465,0.065597,0.135383,0.000015,0.009764,0.011379,0.000015
AAGTGCCTTGACTGTA-1,0.000138,0.000138,0.000138,0.436491,0.000138,0.296343,0.000138,0.000138,0.266335
AAGTGCGTTAGAATCT-1,0.000035,0.000035,0.000035,0.135994,0.00106,0.16012,0.092333,0.588135,0.022255
AAGTGTTTGGAGACGG-1,0.000194,0.000194,0.000194,0.365535,0.000194,0.000194,0.000194,0.000194,0.633109
AAGTTCACTCCAAGCT-1,0.000139,0.000139,0.000139,0.270974,0.000139,0.07055,0.000139,0.000139,0.657641
AAGTTCGGCCAACAGG-1,0.000024,0.198119,0.01216,0.047357,0.304396,0.016837,0.272918,0.142436,0.005753
AAGTTGTGATGTTATA-1,0.000021,0.111825,0.358446,0.186723,0.303697,0.039225,0.000021,0.000021,0.000021
AAGTTTATGGGCCCAA-1,0.000027,0.000027,0.412293,0.000027,0.000027,0.000027,0.000027,0.027011,0.560535
AATAACAACGCTCGGC-1,0.000018,0.000018,0.000018,0.148386,0.006822,0.062117,0.081703,0.678657,0.02226
AATAACACTAGAACAA-1,0.000029,0.22473,0.009317,0.533686,0.124231,0.003848,0.050119,0.048566,0.005475
AATACCTGATGTGAAC-1,0.00004,0.013829,0.348975,0.226224,0.094084,0.225986,0.00004,0.0372,0.053621
AATAGAACAGAGTGGC-1,0.000034,0.12325,0.048656,0.496426,0.134422,0.000823,0.137157,0.01511,0.044124
AATAGAATCTGTTTCA-1,0.000196,0.000196,0.000196,0.185151,0.000196,0.000196,0.000196,0.000196,0.813479
AATAGTCCGTCCCGAC-1,0.000034,0.187022,0.0077,0.119873,0.584796,0.072641,0.020493,0.000035,0.007406
AATATCGAATCAATGC-1,0.000058,0.000059,0.010004,0.714025,0.011449,0.176217,0.003131,0.004481,0.080576
AATATCGAGGGTTCTC-1,0.000023,0.205928,0.061634,0.000023,0.000023,0.679535,0.049619,0.000023,0.003192
AATCATGTAAAGACTC-1,0.000062,0.000062,0.000062,0.434535,0.000062,0.504648,0.000062,0.000062,0.060443
AATCGAGGTCTCAAGG-1,0.000184,0.000184,0.000184,0.000184,0.000184,0.691608,0.175309,0.000184,0.131978
AATCGCCTCAGCGCCA-1,0.00007,0.067995,0.00007,0.00007,0.00007,0.343445,0.145302,0.00331,0.439667
AATCGCGCAGAGGACT-1,0.000059,0.000059,0.054011,0.546194,0.000059,0.288929,0.000067,0.016831,0.093792
AATCGGTATAGCCCTC-1,0.000024,0.012647,0.156309,0.450533,0.295205,0.02315,0.024888,0.027551,0.009692
AATCGTGAGCCGAGCA-1,0.000035,0.000035,0.398891,0.000035,0.000035,0.000035,0.000035,0.000035,0.600862
AATCTATGCCGGAGCC-1,0.000044,0.024607,0.022087,0.41323,0.004969,0.417802,0.007007,0.011551,0.098704
AATCTGCGTTGGGACG-1,0.000138,0.000138,0.000138,0.063335,0.000138,0.133253,0.000138,0.000138,0.802586
AATGACAGCAATGTCT-1,0.000047,0.006941,0.046459,0.133037,0.000047,0.000056,0.000047,0.751474,0.061894
AATGACGTAGGATGTC-1,0.000106,0.000106,0.000106,0.000106,0.000106,0.123871,0.023423,0.000106,0.852071
AATGACTGTCAGCCGG-1,0.000026,0.084536,0.035185,0.001049,0.095236,0.054039,0.479048,0.146492,0.104389
AATGATGATACGCTAT-1,0.000171,0.000171,0.027273,0.195918,0.000171,0.042923,0.000171,0.000171,0.733031
AATGATGCGACTCCTG-1,0.000045,0.000045,0.000045,0.096355,0.000045,0.655898,0.011951,0.010931,0.224684
AATGCAACCGGGTACC-1,0.000015,0.000015,0.000015,0.000015,0.176776,0.019666,0.803465,0.000015,0.000015
AATGGTTCTCACAAGC-1,0.000055,0.000055,0.000055,0.000055,0.000055,0.000055,0.000055,0.932877,0.066739
AATGTGCCCGAGGTGT-1,0.000037,0.008256,0.075166,0.119811,0.055292,0.062707,0.163665,0.392385,0.12268
AATGTTAAGACCCTGA-1,0.000045,0.164767,0.031151,0.025774,0.011889,0.223445,0.10266,0.008092,0.432176
AATGTTGTCGTGAGAC-1,0.000014,0.154504,0.238736,0.115488,0.457212,0.010094,0.007125,0.016043,0.000785
AATTAAAGGTCGGCGT-1,0.00005,0.00005,0.0356,0.508484,0.027347,0.093869,0.252474,0.035923,0.046203
AATTAACGGATTTCCA-1,0.000081,0.201921,0.098474,0.270391,0.052318,0.25945,0.030766,0.000082,0.086517
AATTAGCGCTGCAGCG-1,0.000041,0.360435,0.008225,0.242059,0.166567,0.135591,0.034438,0.033971,0.018673
AATTATACCCAGCAAG-1,0.000037,0.080632,0.100756,0.043496,0.01022,0.661232,0.005401,0.000037,0.09819
AATTCATAAGGGATCT-1,0.000092,0.000093,0.000093,0.015077,0.000093,0.048478,0.000093,0.08469,0.851293
AATTCCAAGCATGTAC-1,0.000046,0.000046,0.551267,0.281774,0.000046,0.000046,0.000046,0.045437,0.121292
AATTCGATTCGAGGAT-1,0.000081,0.000081,0.274703,0.000081,0.000081,0.000081,0.000081,0.045077,0.679737
AATTCTAGAGTTAGGC-1,0.000032,0.237792,0.000032,0.087038,0.289925,0.106295,0.278823,0.000032,0.000032
AATTGAACGCTCTGGT-1,0.000226,0.000226,0.000226,0.295088,0.000226,0.000226,0.000226,0.068264,0.635293
AATTGCAGCAATCGAC-1,0.000028,0.016936,0.501244,0.370909,0.043502,0.030662,0.008408,0.000028,0.028283
ACAAAGCATGACCTAG-1,0.00002,0.111065,0.214678,0.358412,0.237786,0.025785,0.002753,0.00002,0.049482
ACAAATCGCACCGAAT-1,0.000173,0.000173,0.100632,0.130465,0.000173,0.000173,0.000173,0.000173,0.767865
ACAAATGGTAGTGTTT-1,0.00025,0.092708,0.00025,0.397588,0.00025,0.00025,0.00025,0.00025,0.508202
ACAACAGCATGAGCTA-1,0.000044,0.021567,0.000044,0.053624,0.174952,0.469273,0.234033,0.019338,0.027124
ACAAGGAAATCCGCCC-1,0.000067,0.021509,0.156173,0.026522,0.039977,0.352465,0.103925,0.000067,0.299296
ACAAGGACAAGAGGTT-1,0.000041,0.000041,0.013,0.000041,0.001867,0.011872,0.047137,0.925959,0.000041
ACAAGGATGCTTTAGG-1,0.000059,0.508762,0.200714,0.004939,0.001877,0.039488,0.006856,0.000059,0.237246
ACAAGGGCAGGCTCTG-1,0.000096,0.000096,0.000096,0.000096,0.000096,0.329038,0.000096,0.071241,0.599145
ACAATCCATTTAAACC-1,0.000031,0.081021,0.04762,0.076672,0.015021,0.005982,0.005767,0.767855,0.000031
ACAATGAATACGGAGA-1,0.000031,0.000031,0.000589,0.078003,0.000104,0.009465,0.005391,0.83493,0.071455
ACAATTGTGTCTCTTT-1,0.000118,0.000119,0.334527,0.11742,0.000119,0.30577,0.006161,0.037444,0.198322
ACAATTTGAGCAGTGG-1,0.00005,0.006648,0.079073,0.151029,0.00005,0.747413,0.000098,0.00005,0.01559
ACACAAAGACGGGTGG-1,0.00004,0.00004,0.032996,0.104525,0.063607,0.280863,0.451704,0.029336,0.03689
ACACACCAGGACCAGT-1,0.00008,0.00008,0.00008,0.00618,0.00008,0.260074,0.023307,0.00008,0.710037
ACACATTTCCGTAGAC-1,0.000039,0.12439,0.26663,0.145664,0.028364,0.016955,0.218809,0.073048,0.126102
ACACCACATAATTAGC-1,0.000017,0.106449,0.02042,0.330679,0.131304,0.123724,0.191465,0.091854,0.004088
ACACCCAGCATGCAGC-1,0.000048,0.000048,0.002718,0.064497,0.025614,0.160794,0.441846,0.121138,0.183297
ACACCCGAGAAATCCG-1,0.000038,0.000038,0.000038,0.000996,0.000038,0.000038,0.000038,0.856724,0.142055
ACACCTTAAGTAGGGC-1,0.000024,0.253807,0.000024,0.000024,0.000024,0.062738,0.53836,0.144974,0.000024
ACACCTTACTACTTGC-1,0.000031,0.098497,0.000031,0.059108,0.442122,0.268704,0.131448,0.000031,0.000031
ACACGAGACTCCTTCT-1,0.000142,0.000142,0.000142,0.396156,0.000142,0.273467,0.000142,0.107793,0.221873
ACACGGGAACTTAGGG-1,0.000091,0.000091,0.000091,0.425903,0.000091,0.543609,0.000091,0.014232,0.015799
ACACGTAGGCCACAAG-1,0.000029,0.01613,0.340334,0.299995,0.246122,0.005859,0.009759,0.000029,0.081744
ACACTGATCAAGGTGT-1,0.000056,0.007863,0.13347,0.619352,0.095239,0.000056,0.093908,0.032672,0.017383
ACACTGGGACAGTCGT-1,0.00003,0.003397,0.365267,0.341523,0.07857,0.00412,0.069904,0.013853,0.123336
ACAGCGACATTCTCAT-1,0.00004,0.060562,0.218947,0.144705,0.457047,0.113963,0.00004,0.00004,0.004657
ACAGGCACGGATCCTT-1,0.000023,0.049275,0.533103,0.243484,0.096183,0.073612,0.002483,0.000023,0.001813
ACAGGCTTGCCCGACT-1,0.000097,0.000097,0.000097,0.08197,0.000097,0.12487,0.000097,0.14823,0.644445
ACAGGTGGAGGTGAGG-1,0.00004,0.171306,0.067412,0.633489,0.017431,0.000262,0.060749,0.039548,0.009763
ACATAATAAGGCGGTG-1,0.000046,0.000046,0.066003,0.355691,0.002272,0.198356,0.256502,0.006827,0.114259
ACATCCCGGCCATACG-1,0.000057,0.215209,0.000057,0.425018,0.270251,0.039556,0.026442,0.000057,0.023351
ACATCCTGGTAACTGT-1,0.000087,0.000087,0.000481,0.230217,0.000087,0.285825,0.000087,0.000087,0.48304
ACATCGATCGTTTACC-1,0.000022,0.035198,0.000022,0.000022,0.307116,0.261924,0.395655,0.000022,0.000022
ACATCGGTCAGCCGCG-1,0.000051,0.061454,0.112744,0.43287,0.000051,0.027632,0.011701,0.101689,0.251809
ACATCGTATGCAATGG-1,0.000075,0.053671,0.000075,0.000075,0.000075,0.082326,0.122862,0.038086,0.702754
ACATGGCGCCAAAGTA-1,0.000034,0.006852,0.033031,0.128839,0.130858,0.553774,0.08004,0.000034,0.066541
ACATTAGTTTATATCC-1,0.000065,0.204741,0.006528,0.131987,0.312225,0.072252,0.110147,0.072055,0.090001
ACATTTGAAACCTAAC-1,0.000044,0.029994,0.352874,0.538601,0.019062,0.000044,0.000044,0.000044,0.059292
ACCAACCGCACTCCAC-1,0.000021,0.235095,0.393454,0.136472,0.076844,0.102929,0.020338,0.013167,0.021681
ACCAACGCTTATTTAT-1,0.000044,0.003621,0.07643,0.625225,0.194111,0.000044,0.097886,0.001367,0.001272
ACCAAGAACGCGTGTC-1,0.000031,0.000031,0.000031,0.330049,0.008907,0.200044,0.239015,0.165396,0.056496
ACCAAGTCATCGGCAG-1,0.000012,0.372989,0.506098,0.025136,0.063719,0.000542,0.031397,0.000094,0.000012
ACCAATATGCAAGTTA-1,0.000115,0.000115,0.000115,0.000115,0.000115,0.000115,0.223965,0.000115,0.775233
ACCACAAGTTTCTATC-1,0.000052,0.001472,0.165201,0.000052,0.015879,0.046278,0.51477,0.098739,0.157557
ACCACACGGTTGATGG-1,0.000065,0.109451,0.05941,0.223318,0.000065,0.350281,0.024371,0.014278,0.218762
ACCACCAATGTAACAA-1,0.000064,0.000065,0.000065,0.205159,0.032793,0.461088,0.012004,0.000065,0.288698
ACCACGTGCAGCTATA-1,0.000104,0.062386,0.003714,0.000105,0.000105,0.089072,0.057041,0.012336,0.775138
ACCAGTGCGGGAGACG-1,0.000095,0.053031,0.000095,0.156272,0.000095,0.519687,0.000095,0.000095,0.270535
ACCATATCCGCAATAA-1,0.000055,0.000055,0.033797,0.598438,0.007437,0.134544,0.03665,0.024702,0.164323
ACCATCGTATATGGTA-1,0.00005,0.008505,0.058824,0.161561,0.117777,0.061983,0.345869,0.077594,0.167837
ACCCAACGCCCGTGGC-1,0.000061,0.000061,0.000061,0.032564,0.000061,0.179997,0.015727,0.017587,0.753884
ACCCATCTTGAGGGTA-1,0.000036,0.288582,0.011081,0.195958,0.021759,0.173721,0.114591,0.182789,0.011482
ACCCATTTGTCCCTCT-1,0.000034,0.006848,0.558773,0.033284,0.306561,0.076598,0.017814,0.000034,0.000053
ACCCGGAAACTCCCAG-1,0.000059,0.554838,0.009299,0.230347,0.014142,0.096399,0.051474,0.008991,0.034451
ACCCGGATGACGCATC-1,0.000067,0.000068,0.000068,0.142442,0.012287,0.590391,0.021419,0.068549,0.164709
ACCCGGTTACACTTCC-1,0.000036,0.126807,0.151648,0.290932,0.031504,0.061563,0.282925,0.022183,0.032401
ACCCGTGTCATCAGTA-1,0.000084,0.041449,0.052598,0.769047,0.036343,0.000084,0.015101,0.000084,0.08521
ACCCTATGCCATATCG-1,0.000063,0.011301,0.181559,0.525024,0.000063,0.000063,0.012324,0.068724,0.200879
ACCCTCCCGTCAGGGC-1,0.000027,0.000626,0.55275,0.151389,0.068596,0.020289,0.016607,0.000027,0.189688
ACCCTCCCTTGCTATT-1,0.000311,0.000311,0.051101,0.211712,0.000311,0.221305,0.000311,0.000311,0.514325
ACCGACACATCTCCCA-1,0.000059,0.366752,0.095715,0.0793,0.341736,0.024235,0.002443,0.000059,0.089699
ACCGACTGAGTCCCAC-1,0.000074,0.000074,0.000074,0.13799,0.125383,0.368193,0.112705,0.000074,0.255434
ACCGAGTCTCCTTATT-1,0.000098,0.000098,0.209565,0.085066,0.000098,0.000098,0.000098,0.000098,0.704781
ACCGATAGGCATAACC-1,0.000027,0.00819,0.387648,0.016783,0.105227,0.006736,0.065056,0.368045,0.042289
ACCGATGGTAGCATCG-1,0.000093,0.000093,0.000093,0.000093,0.000093,0.255066,0.000093,0.000093,0.744284
ACCGCAATAACTGCCT-1,0.000095,0.000095,0.104032,0.000095,0.000095,0.015194,0.041285,0.184319,0.65479
ACCGCGGTGGAAGTCG-1,0.00005,0.00005,0.00005,0.333497,0.162829,0.403797,0.077028,0.00005,0.022649
ACCGGGCCTTTGTTGA-1,0.000065,0.071678,0.000065,0.088886,0.061938,0.586769,0.047662,0.046379,0.096557
ACCGTGACCACGTGGG-1,0.000019,0.174218,0.036059,0.167477,0.454361,0.000019,0.089088,0.078515,0.000243
ACCTAAGTACCTTTCA-1,0.000073,0.000073,0.071336,0.025235,0.000073,0.000073,0.000073,0.827204,0.075859
ACCTACAGTATGTGGT-1,0.00003,0.001917,0.002407,0.151668,0.341389,0.307294,0.125388,0.021534,0.048373
ACCTACTATAAATCTA-1,0.000035,0.17436,0.149767,0.367626,0.032452,0.081871,0.036734,0.058571,0.098585
ACCTCCGCCCTCGCTG-1,0.000062,0.000217,0.356578,0.537915,0.07261,0.000062,0.000062,0.026318,0.006176
ACCTCCGTTATTCACC-1,0.000063,0.000063,0.000063,0.477781,0.000063,0.286066,0.026011,0.036117,0.173772
ACGACTCTAGGGCCGA-1,0.000039,0.385245,0.150426,0.347739,0.026138,0.073029,0.001537,0.000039,0.015809
ACGAGTACGGATGCCC-1,0.00002,0.204652,0.00002,0.00002,0.081831,0.550278,0.163142,0.00002,0.00002
ACGATACATAGAACTA-1,0.000033,0.178728,0.000311,0.056869,0.026694,0.61639,0.109627,0.000033,0.011316
ACGATCATACATAGAG-1,0.000033,0.1706,0.000799,0.003558,0.130241,0.08986,0.586416,0.018458,0.000033
ACGATCATCTTGTAAA-1,0.000026,0.034588,0.000026,0.006048,0.265316,0.608494,0.085452,0.000026,0.000026
ACGATGCATATGTTAT-1,0.000022,0.243716,0.021404,0.175191,0.088007,0.02248,0.357077,0.085797,0.006305
ACGCAAACTAATAGAT-1,0.000015,0.000015,0.694025,0.24284,0.026383,0.000015,0.000015,0.020721,0.01597
ACGCAATCACTACAGC-1,0.000022,0.078629,0.000022,0.187471,0.126742,0.591852,0.015218,0.000022,0.000022
ACGCATACGTTTACTA-1,0.000048,0.000048,0.378946,0.182384,0.142117,0.032716,0.158601,0.000048,0.105091
ACGCATTCGTGAGTAC-1,0.000027,0.000027,0.000027,0.006004,0.08702,0.242196,0.639784,0.007977,0.016938
ACGCCACTCGAAACAG-1,0.000036,0.068918,0.112698,0.15882,0.110577,0.186167,0.160292,0.055499,0.146992
ACGCCAGATGATTTCT-1,0.00003,0.000031,0.000031,0.091991,0.090082,0.54864,0.245668,0.013605,0.009923
ACGCCAGTGCGTTTGC-1,0.000031,0.020779,0.525247,0.308937,0.046659,0.002701,0.026818,0.000031,0.068797
ACGCCGCTAGACGACC-1,0.000051,0.106964,0.025801,0.10255,0.010985,0.708555,0.018977,0.012568,0.013549
ACGCGAAGTCAGACGA-1,0.000027,0.262885,0.000199,0.054625,0.381264,0.033429,0.243713,0.023831,0.000027
ACGCGCTACACAGGGT-1,0.000055,0.000055,0.05287,0.129107,0.000055,0.000055,0.000055,0.792084,0.025665
ACGCGGGCCAAGGACA-1,0.000037,0.000037,0.000037,0.061003,0.187947,0.4055,0.199618,0.121435,0.024387
ACGCTAGTGATACACT-1,0.000042,0.083733,0.02217,0.031528,0.000042,0.72755,0.001169,0.000042,0.133725
ACGGAACACGAGTGCC-1,0.000041,0.01078,0.498214,0.281126,0.095804,0.035089,0.033218,0.000041,0.045685
ACGGACTCTCAAAGCG-1,0.000075,0.104575,0.313063,0.000075,0.000075,0.000075,0.000075,0.000075,0.581909
ACGGATGGTGCGGATA-1,0.00009,0.103024,0.024906,0.00009,0.00009,0.00009,0.009235,0.00009,0.862383
ACGGCACTTGCTTGGG-1,0.000064,0.153227,0.130731,0.360199,0.03572,0.082457,0.129053,0.012146,0.096402
ACGGCCAACATGGACT-1,0.000065,0.000065,0.165243,0.789497,0.000065,0.000065,0.000065,0.012876,0.032058
ACGGCGACGATGGGAA-1,0.000122,0.000122,0.000122,0.305843,0.000122,0.096406,0.000122,0.000122,0.597019
ACGGTACAGTTCAATG-1,0.000023,0.160213,0.372147,0.047614,0.316527,0.090602,0.01203,0.000023,0.000821
ACGTAGATTGCTGATG-1,0.000096,0.000096,0.060666,0.324414,0.000096,0.391496,0.066036,0.09708,0.060019
ACGTAGGAGAGTCGCT-1,0.000049,0.000049,0.286413,0.000049,0.000049,0.000049,0.000049,0.000049,0.713242
ACGTATTACTCCGATC-1,0.000061,0.000061,0.000061,0.000061,0.043569,0.706498,0.037587,0.02364,0.188464
ACGTGCGCCTCGTGCA-1,0.000062,0.000062,0.000062,0.652636,0.000062,0.002888,0.000063,0.086365,0.257799
ACGTTAATGTCGAAGA-1,0.000038,0.228765,0.000038,0.000038,0.018937,0.420734,0.263446,0.00452,0.063485
ACGTTAGATTTGCCCG-1,0.000036,0.179833,0.138636,0.136783,0.008237,0.140703,0.231316,0.069227,0.095229
ACGTTCGCAATCAATT-1,0.000027,0.053586,0.011707,0.076294,0.295446,0.412745,0.130607,0.006828,0.01276
ACGTTCGTTCAGGAAA-1,0.000042,0.033209,0.198559,0.696448,0.023699,0.000043,0.002469,0.036883,0.008647
ACGTTCTGTACAAGTC-1,0.000051,0.000144,0.322274,0.594564,0.03063,0.04041,0.000051,0.000051,0.011825
ACTACCAGCTCTCTGG-1,0.000094,0.000094,0.038436,0.000094,0.000094,0.062395,0.000094,0.73104,0.167656
ACTACGCGTTAGAATT-1,0.000059,0.003555,0.264393,0.532871,0.070518,0.000059,0.000059,0.000059,0.128427
ACTAGTTGCGATCGTC-1,0.000079,0.00008,0.00008,0.497934,0.009206,0.302053,0.02726,0.081123,0.082185
ACTATCCAGGGCATGG-1,0.000057,0.000057,0.043678,0.352933,0.039026,0.414968,0.033706,0.000057,0.115519
ACTATCTGCCCGCGTA-1,0.000048,0.000048,0.27051,0.683365,0.000934,0.000048,0.000048,0.041188,0.003812
ACTATTTCCGGGCCCA-1,0.000019,0.018657,0.058594,0.129797,0.595755,0.001799,0.168602,0.007326,0.019452
ACTCAAGTGCAAGGCT-1,0.000132,0.000132,0.10043,0.332633,0.000132,0.000132,0.000132,0.000132,0.566143
ACTCAATAAAGGCACG-1,0.000032,0.039357,0.173347,0.047735,0.008014,0.143583,0.535808,0.044639,0.007485
ACTCCCGAATTCGTTT-1,0.00004,0.021881,0.005654,0.105985,0.030163,0.79546,0.037908,0.00004,0.002868
ACTCCCTAATGCTAAA-1,0.000078,0.162692,0.247265,0.122557,0.000078,0.296482,0.000078,0.000078,0.17069
ACTCCCTAGAATAGTA-1,0.00006,0.21777,0.01831,0.088741,0.120209,0.360516,0.09397,0.033537,0.066888
ACTCCGGCCGACCACT-1,0.000014,0.222177,0.606619,0.011275,0.003657,0.11376,0.003132,0.004431,0.034935
ACTCGCCGTTCGATAA-1,0.000015,0.013696,0.510593,0.29755,0.121366,0.003024,0.018262,0.034204,0.001291
ACTCGTCAGTAATCCC-1,0.000039,0.129101,0.015306,0.003789,0.006283,0.704936,0.032176,0.000039,0.108331
ACTCTCTGACTTAGGT-1,0.000141,0.000141,0.000141,0.000141,0.000141,0.13104,0.000141,0.189701,0.678413
ACTCTGACCTAATAGA-1,0.00004,0.00004,0.644688,0.191423,0.00004,0.00004,0.00004,0.00004,0.163651
ACTCTTGTATAGTAAC-1,0.000071,0.000071,0.015558,0.238882,0.007398,0.514979,0.026765,0.000071,0.196204
ACTGAAACGCCGTTAG-1,0.000041,0.166828,0.144066,0.079728,0.160939,0.416051,0.009347,0.000041,0.022959
ACTGAATGGCGAAAGT-1,0.000215,0.000215,0.000215,0.273719,0.000215,0.000215,0.000215,0.035527,0.689464
ACTGCCGTCGTAACTC-1,0.000018,0.000018,0.000018,0.062301,0.138783,0.269159,0.518736,0.010075,0.000893
ACTGCGGACACACCGT-1,0.000022,0.000022,0.02766,0.129515,0.398896,0.182241,0.239213,0.022409,0.000022
ACTGTACGATACACAT-1,0.000033,0.21305,0.000033,0.000033,0.033475,0.538732,0.166898,0.001513,0.046233
ACTGTAGCACTTTGGA-1,0.000069,0.000069,0.000069,0.000069,0.000069,0.188798,0.000069,0.744844,0.065944
ACTGTCCAGGATTATA-1,0.000023,0.241962,0.038693,0.000023,0.018667,0.031774,0.631384,0.037452,0.000023
ACTGTCTTCTTTAGAA-1,0.000069,0.000069,0.098208,0.191992,0.033324,0.283595,0.252628,0.032815,0.1073
ACTTACGCATCCACGC-1,0.000145,0.000146,0.000146,0.163022,0.000146,0.06289,0.000146,0.000146,0.773214
ACTTATACTTACCCGG-1,0.000097,0.000098,0.000098,0.049059,0.000098,0.053395,0.000098,0.055836,0.841223
ACTTATTAGGATCGGT-1,0.000019,0.000019,0.000019,0.011855,0.285426,0.049786,0.652836,0.000019,0.000019
ACTTATTTATGTGCCA-1,0.000146,0.000146,0.000146,0.041339,0.000146,0.022892,0.016865,0.000146,0.918174
ACTTCAGGCTGATCCC-1,0.000182,0.000182,0.01741,0.196891,0.000182,0.000182,0.000182,0.000182,0.784608
ACTTCCATGCGGGACA-1,0.000095,0.061752,0.347753,0.035105,0.000095,0.174585,0.002299,0.003089,0.375227
ACTTCGCCATACGCAC-1,0.000048,0.147357,0.018139,0.006475,0.066664,0.558563,0.045374,0.000048,0.157332
ACTTGACTCCCTCTTT-1,0.000044,0.205742,0.087084,0.000044,0.092113,0.475623,0.067148,0.013763,0.058438
ACTTGGGACCCGGTGG-1,0.000025,0.000025,0.000025,0.000025,0.113457,0.028539,0.809069,0.000025,0.048809
ACTTGGGCTTTCGCCA-1,0.002469,0.002471,0.15114,0.002471,0.002471,0.002471,0.68186,0.002471,0.152177
ACTTGTGGATGGAACG-1,0.000042,0.362336,0.08866,0.256453,0.179854,0.036815,0.064586,0.008272,0.002982
ACTTTACCCTCATGAA-1,0.000033,0.08141,0.02185,0.122502,0.04556,0.65854,0.052464,0.000033,0.017607
ACTTTCCTATAGCTTC-1,0.00016,0.00016,0.00016,0.463248,0.00016,0.38272,0.00016,0.00016,0.15307
AGAAATTATGACTCGC-1,0.000015,0.036643,0.094804,0.518037,0.337096,0.005214,0.00816,0.000015,0.000015
AGAACGTGGTACATTC-1,0.00004,0.309197,0.013881,0.068162,0.008031,0.361482,0.208705,0.00004,0.030462
AGAACTGTACTTTGTA-1,0.000045,0.049908,0.150504,0.154951,0.230863,0.344274,0.000765,0.000045,0.068644
AGAAGAGCGCCGTTCC-1,0.001277,0.001278,0.001278,0.126582,0.001278,0.119319,0.001278,0.001278,0.746431
AGAAGGTTGCCGAATT-1,0.000025,0.0745,0.000538,0.183184,0.152955,0.03834,0.464884,0.072776,0.012798
AGAAGGTTGTAGGTCG-1,0.000117,0.000117,0.116482,0.120074,0.000117,0.000117,0.000117,0.000117,0.76274
AGAAGTGATTCGTGAT-1,0.000029,0.000029,0.02447,0.167586,0.016364,0.016368,0.000862,0.685874,0.088418
AGAATACAGGCTATCC-1,0.000043,0.018213,0.074873,0.186304,0.055286,0.552401,0.046082,0.000043,0.066756
AGAATTATGGATTCGA-1,0.000048,0.000048,0.000048,0.015913,0.000048,0.746775,0.016243,0.000048,0.220827
AGACCCACCGCTGATC-1,0.000083,0.104139,0.000083,0.474687,0.029244,0.246467,0.08237,0.037721,0.025208
AGACCCGCCCTCCTCG-1,0.000049,0.00948,0.267921,0.000049,0.010847,0.128373,0.363215,0.027061,0.193004
AGACCGCTCCGCGGTT-1,0.00003,0.311168,0.205435,0.359006,0.031539,0.010191,0.077929,0.004672,0.00003
AGACGAAGTGCCGGTC-1,0.00007,0.012107,0.077359,0.135644,0.040268,0.542949,0.032502,0.00007,0.15903
AGACGACGATGCCGCT-1,0.000055,0.000055,0.241524,0.077678,0.000055,0.000055,0.000055,0.477219,0.203306
AGACTAGCCTTCCAGA-1,0.000061,0.000061,0.000061,0.080038,0.253656,0.28047,0.325659,0.037867,0.022127
AGACTGTTACCGGGTC-1,0.000022,0.000022,0.52718,0.389723,0.029812,0.000022,0.000022,0.002235,0.050962
AGAGAACCGTCTAGGA-1,0.000057,0.000057,0.000057,0.166099,0.000057,0.118604,0.000057,0.02536,0.689651
AGAGAAGGAGTACAAT-1,0.000017,0.384748,0.27119,0.158452,0.024769,0.002889,0.076098,0.078763,0.003073
AGAGCCGCCGAGATTT-1,0.000024,0.062814,0.252732,0.338058,0.294892,0.038379,0.00042,0.008059,0.004622
AGAGCGGGCTAATCAT-1,0.000027,0.02743,0.064053,0.118897,0.076225,0.029842,0.551257,0.10169,0.03058
AGAGGCTTCGGAAACC-1,0.000048,0.000048,0.000048,0.394448,0.152758,0.423858,0.010074,0.000048,0.01867
AGAGTAAACTTCACTA-1,0.000078,0.000078,0.070166,0.415937,0.05644,0.268634,0.044198,0.00085,0.143619
AGATAACTTCAGGGCC-1,0.000054,0.007863,0.209059,0.127278,0.000054,0.09103,0.255987,0.241845,0.066831
AGATACCAATAGAACC-1,0.000012,0.233976,0.385448,0.138277,0.183986,0.000777,0.004886,0.052627,0.000012
AGATACCGGTGTTCAC-1,0.000021,0.346223,0.020918,0.13349,0.087209,0.068073,0.197161,0.133805,0.013101
AGATACGACTTCATAT-1,0.00011,0.00011,0.00011,0.015027,0.00011,0.169807,0.418758,0.183787,0.212182
AGATACTCAAGATCGA-1,0.00014,0.00014,0.045985,0.016671,0.00014,0.00014,0.00014,0.004167,0.932478
AGATATAATACGACTA-1,0.000054,0.014124,0.375618,0.07963,0.068547,0.030356,0.017994,0.000054,0.413623
AGATCGTGCATAAGAT-1,0.000139,0.000139,0.000139,0.432693,0.000139,0.073078,0.000139,0.018107,0.475427
AGATCTCAGGTGTGAT-1,0.000024,0.194696,0.00491,0.000024,0.047053,0.42627,0.326975,0.000024,0.000024
AGATGACTCGCCCACG-1,0.00004,0.00004,0.00004,0.107031,0.158484,0.297559,0.403241,0.033526,0.00004
AGATGATGGAGTCTGG-1,0.000053,0.000053,0.000053,0.242055,0.0024,0.580127,0.015516,0.089054,0.07069
AGATTATAGGACGTTT-1,0.000042,0.106382,0.085746,0.229146,0.000042,0.154432,0.356781,0.042164,0.025266
AGCAAAGGCCGCTAGT-1,0.000066,0.026966,0.352503,0.123252,0.092428,0.007895,0.057757,0.000066,0.339066
AGCAACATATCTTATT-1,0.00008,0.00008,0.00008,0.051553,0.00008,0.551688,0.00008,0.00008,0.396276
AGCACCAGTACTCACG-1,0.00002,0.33889,0.001949,0.00002,0.000635,0.033688,0.623356,0.001422,0.00002
AGCACTACCTCACCAG-1,0.000225,0.000225,0.161861,0.000225,0.000225,0.000225,0.000225,0.000225,0.836564
AGCACTTAAGGACGCC-1,0.000065,0.000065,0.000065,0.088429,0.000065,0.046948,0.001346,0.846011,0.017007
AGCAGAAGGAGAAAGA-1,0.00004,0.024516,0.38039,0.446065,0.004763,0.00004,0.00004,0.00004,0.144104
AGCAGCCAGATGAATA-1,0.000054,0.044483,0.01934,0.781946,0.117576,0.035982,0.000509,0.000054,0.000054
AGCAGTCGAAGCATGC-1,0.000037,0.004345,0.205477,0.000578,0.027521,0.361535,0.088546,0.000578,0.311384
AGCATATCAATATGCT-1,0.0001,0.0383,0.049002,0.088841,0.0001,0.59472,0.015687,0.0001,0.213151
AGCATCGTCGATAATT-1,0.00003,0.030439,0.006543,0.0014,0.11387,0.126722,0.538504,0.182463,0.00003
AGCATTACGAGGCAAG-1,0.00003,0.00003,0.396917,0.562276,0.014642,0.00003,0.00003,0.00003,0.026017
AGCCAAGCTTTGTGTC-1,0.000059,0.000059,0.25269,0.68221,0.000059,0.000059,0.000059,0.000059,0.064744
AGCCACAGGTTACCCG-1,0.000033,0.590148,0.257479,0.076457,0.031368,0.041978,0.000033,0.000033,0.002472
AGCCACTCCCGTGCTT-1,0.000033,0.252391,0.000033,0.000033,0.010806,0.58831,0.130721,0.000033,0.01764
AGCCATATAGTATGTG-1,0.00002,0.172646,0.126044,0.077707,0.10117,0.247257,0.08129,0.045269,0.148598
AGCCCGCAACAAGCAG-1,0.000023,0.121802,0.207782,0.382679,0.038782,0.007077,0.098125,0.105353,0.038376
AGCCCGCACTACAATG-1,0.000029,0.01376,0.157224,0.039601,0.024639,0.051723,0.062521,0.596985,0.053518
AGCCCGGTAGCCTGTA-1,0.000027,0.000944,0.555631,0.443261,0.000027,0.000027,0.000027,0.000027,0.000027
AGCCCTGTCGCACCGT-1,0.000022,0.014302,0.046175,0.344726,0.026936,0.09006,0.262171,0.130605,0.085004
AGCCCTTGGACATCCC-1,0.000017,0.008813,0.490505,0.064805,0.141731,0.01269,0.029299,0.250268,0.001871
AGCGACAGGAACGGTC-1,0.000024,0.247461,0.016326,0.326583,0.301435,0.000024,0.064359,0.004379,0.039409
AGCGACATCCCATTCA-1,0.000044,0.016837,0.055492,0.224162,0.059872,0.159668,0.382261,0.057878,0.043786
AGCGACCAACGATATT-1,0.000021,0.042844,0.000021,0.000021,0.024724,0.086842,0.845486,0.000021,0.000021
AGCGATGCGCCTAATA-1,0.000011,0.133931,0.214033,0.014934,0.525372,0.075739,0.013346,0.021291,0.001344
AGCGCATAATGAATCG-1,0.000075,0.070703,0.053823,0.747552,0.108306,0.005285,0.000075,0.000075,0.014106
AGCGCGGGTGCCAATG-1,0.000098,0.000098,0.000098,0.145295,0.000098,0.070681,0.000098,0.08469,0.698842
AGCGGACACTTCGTAG-1,0.000089,0.046965,0.184455,0.538135,0.046812,0.091723,0.000089,0.008304,0.083427
AGCGGGTCTGACACTC-1,0.000034,0.018727,0.534421,0.258909,0.000038,0.017709,0.000034,0.000034,0.170092
AGCGTGGTATTCTACT-1,0.000029,0.446711,0.002589,0.001724,0.011088,0.34628,0.188608,0.000029,0.002943
AGCTAAGTACGCAGGC-1,0.000056,0.000056,0.198427,0.379676,0.000056,0.000056,0.000056,0.000056,0.42156
AGCTATTTAATCCAAC-1,0.000038,0.000812,0.000038,0.138775,0.109441,0.548511,0.174347,0.000038,0.027998
AGCTCCATATATGTTC-1,0.000023,0.324375,0.502814,0.078081,0.067081,0.000023,0.021238,0.006344,0.000023
AGCTCCTTCGCACATC-1,0.000081,0.152493,0.066671,0.000081,0.002426,0.039322,0.058134,0.005305,0.675487
AGCTCTAGACGTTCCA-1,0.00006,0.063995,0.00006,0.108333,0.004229,0.787557,0.007821,0.00797,0.019975
AGCTCTTCCCAGTGCA-1,0.00005,0.00005,0.00005,0.00005,0.00005,0.419018,0.00005,0.040068,0.540612
AGCTCTTCGTAACCTT-1,0.000053,0.000053,0.038848,0.214652,0.040673,0.534802,0.138834,0.009419,0.022666
AGCTCTTTACTCAGTT-1,0.000029,0.002369,0.144194,0.085986,0.073024,0.05349,0.484393,0.066612,0.089902
AGCTGAAGTAAACCAA-1,0.00003,0.021429,0.00003,0.116742,0.003836,0.815889,0.030538,0.00003,0.011476
AGCTGTAACCTCAATC-1,0.000039,0.019469,0.000039,0.18422,0.01541,0.093268,0.118237,0.532548,0.036769
AGCTTCTTCTCGAGCA-1,0.000023,0.003982,0.557313,0.122386,0.131152,0.069964,0.006564,0.000658,0.107958
AGGAAGCTGTCCGCCG-1,0.000063,0.487284,0.043191,0.244603,0.138949,0.013661,0.072122,0.000064,0.000064
AGGACAGTCGAATCCC-1,0.000119,0.000119,0.000119,0.03826,0.004695,0.031356,0.127085,0.055887,0.742358
AGGACATCGCACGTCG-1,0.000093,0.000093,0.000093,0.080098,0.000093,0.111511,0.334963,0.335582,0.137474
AGGACGACCCATTAGA-1,0.000038,0.028227,0.076397,0.064945,0.140723,0.000039,0.350353,0.094441,0.244837
AGGAGGCCTTCGCGCG-1,0.000027,0.154338,0.032023,0.03946,0.22013,0.318013,0.142407,0.000027,0.093577
AGGATAAAGTCGGGAT-1,0.000122,0.000122,0.238261,0.405429,0.000122,0.023899,0.000122,0.021966,0.309958
AGGATATAGGGATTTA-1,0.000088,0.123727,0.000088,0.220855,0.002904,0.615139,0.000088,0.037024,0.000088
AGGATATCCGACTGCA-1,0.000036,0.042386,0.15583,0.318577,0.315972,0.050105,0.013859,0.000036,0.103199
AGGCACGTGACTGTCC-1,0.000011,0.071285,0.309235,0.008214,0.543092,0.001169,0.061296,0.005688,0.000011
AGGCAGATGCGTAAAC-1,0.000068,0.000068,0.000068,0.128508,0.000068,0.453638,0.000068,0.034881,0.382634
AGGCAGGGAGCGTACT-1,0.000025,0.122471,0.001607,0.387419,0.405374,0.008373,0.062947,0.003885,0.007902
AGGCATTGTCGTAGGG-1,0.000067,0.04443,0.100892,0.119904,0.003627,0.599727,0.041401,0.000067,0.089885
AGGCCACCCGTTATGA-1,0.000028,0.058133,0.000028,0.000028,0.001472,0.062904,0.125334,0.752046,0.000028
AGGCCTGAGAATCTCG-1,0.000033,0.544671,0.263635,0.045303,0.000033,0.054385,0.000033,0.00761,0.084297
AGGCTTCCCGAAGAAG-1,0.000029,0.206004,0.289891,0.195288,0.02679,0.000029,0.192187,0.061161,0.028622
AGGGACCGGCTGCGTT-1,0.00006,0.00006,0.00006,0.554539,0.00006,0.305838,0.00006,0.00006,0.139264
AGGGACTCTACGCGAC-1,0.000055,0.038437,0.172527,0.462172,0.096773,0.000055,0.091388,0.027648,0.110946
AGGGAGACATACTTCG-1,0.000038,0.027377,0.000038,0.275107,0.088913,0.416152,0.055891,0.000038,0.136446
AGGGCGTGATCGGCTA-1,0.000018,0.260179,0.000018,0.046849,0.105597,0.197789,0.270622,0.11891,0.000018
AGGGCTGCAGTTACAG-1,0.000034,0.091759,0.046907,0.009924,0.234298,0.303792,0.300098,0.000034,0.013154
AGGGTCGATGCGAACT-1,0.000115,0.000115,0.000115,0.196337,0.000115,0.368506,0.000115,0.020856,0.413725
AGGGTGCTCTCGAGGG-1,0.000086,0.000086,0.000086,0.054362,0.000086,0.401484,0.000086,0.000086,0.543636
AGGGTTCCCTTTGGTT-1,0.000139,0.000139,0.000139,0.194289,0.000139,0.071325,0.000139,0.000139,0.733555
AGGGTTTAGTTCGGGA-1,0.000108,0.000108,0.05753,0.34021,0.000108,0.453998,0.007092,0.000108,0.140738
AGGTAACCTCCTATTC-1,0.000056,0.000056,0.000056,0.004004,0.02481,0.000056,0.02211,0.944096,0.004758
AGGTAGGTACAAAGCT-1,0.000016,0.000016,0.000016,0.020544,0.000016,0.017298,0.006262,0.955815,0.000016
AGGTATAATTGATAGT-1,0.000065,0.000065,0.000065,0.597593,0.000065,0.386307,0.000065,0.000065,0.01571
AGGTCGCGGAGTTACT-1,0.000065,0.000065,0.000065,0.342271,0.000065,0.653284,0.000065,0.000065,0.004053
AGGTGCACGTCCACAT-1,0.000039,0.046299,0.444293,0.324363,0.113475,0.00141,0.000355,0.033782,0.035984
AGGTGGTGACCTTCGC-1,0.000039,0.003223,0.371907,0.52904,0.071713,0.000039,0.000039,0.000039,0.023962
AGGTTACACCATGCCG-1,0.000037,0.024369,0.023507,0.35925,0.481039,0.080381,0.031344,0.000037,0.000037
AGGTTGAGGCACGCTT-1,0.000119,0.000119,0.000119,0.653063,0.000119,0.212394,0.000119,0.000119,0.133829
AGGTTTCACACACCTT-1,0.000131,0.000131,0.000131,0.15699,0.000131,0.52686,0.000131,0.027293,0.288201
AGTAACTATAGCAGCC-1,0.000021,0.016967,0.246973,0.219116,0.397679,0.025049,0.084179,0.000021,0.009995
AGTAATCTAAGGGTGG-1,0.000028,0.227715,0.225249,0.000028,0.017259,0.390774,0.013592,0.000028,0.125328
AGTAATGTCTTGCCGC-1,0.00004,0.00004,0.025108,0.473787,0.008243,0.232775,0.211785,0.028753,0.019469
AGTACAGAAGCTTATA-1,0.000114,0.000114,0.605382,0.000114,0.000114,0.000114,0.000114,0.017628,0.376303
AGTACATCATTTATCA-1,0.000061,0.000061,0.065896,0.119457,0.000061,0.492562,0.017469,0.000061,0.304371
AGTACGGGCACCTGGC-1,0.000034,0.000034,0.005374,0.080642,0.040188,0.783112,0.033916,0.010812,0.045887
AGTACTCTTATGCCCA-1,0.000162,0.000163,0.000163,0.110554,0.000163,0.400558,0.000163,0.000163,0.487913
AGTAGAAGGCGCCTCA-1,0.000018,0.165406,0.192662,0.171795,0.135764,0.064199,0.122723,0.071893,0.075541
