Barcode,Topic 1,Topic 2,Topic 3,Topic 4,Topic 5,Topic 6to7,Topic 8,Topic 9
AAACAACGAATAGTTC-1,0.000201,0.194691,0.000201,0.000201,0.000201,0.080677,0.087675,0.636153
AAACAAGTATCTCCCA-1,0.306546,0.284235,0.010535,0.001035,0.043103,0.162887,0.065627,0.126031
AAACAATCTACTAGCA-1,0.000067,0.113313,0.000067,0.067661,0.540535,0.273064,0.000067,0.005226
AAACACCAATAACTGC-1,0.187426,0.172947,0.046681,0.26455,0.328019,0.000188,0.000094,0.000094
AAACAGAGCGACTCCT-1,0.089063,0.00195,0.050076,0.260432,0.058244,0.53246,0.007741,0.000032
AAACAGCTTTCAGAAG-1,0.167345,0.227707,0.147468,0.000045,0.074379,0.331326,0.051685,0.000045
AAACAGGGTCTATATT-1,0.052266,0.412626,0.301348,0.000072,0.185893,0.033331,0.000072,0.014392
AAACAGTGTTCCTGGG-1,0.497408,0.017498,0.000119,0.000119,0.000119,0.000238,0.000119,0.48438
AAACATGGTGAGAGGA-1,0.856218,0.000068,0.138529,0.000068,0.000068,0.004914,0.000068,0.000068
AAACATTTCCCGGATT-1,0.205275,0.207237,0.003219,0.049234,0.017421,0.442953,0.000036,0.074625
AAACCACTACACAGAT-1,0.000072,0.000072,0.000072,0.000072,0.000072,0.000144,0.950143,0.049352
AAACCCGAACGAAATC-1,0.076736,0.07558,0.092415,0.172939,0.052323,0.025782,0.405526,0.0987
AAACCGGAAATGTTAA-1,0.000083,0.020659,0.000083,0.024225,0.000083,0.000166,0.840614,0.114086
AAACCGGGTAGGTACC-1,0.000144,0.000144,0.000144,0.000144,0.000144,0.168266,0.000144,0.830869
AAACCGTTCGTCCAGG-1,0.000131,0.003599,0.000131,0.000131,0.024377,0.151892,0.000131,0.819608
AAACCTAAGCAGCCGG-1,0.302319,0.468532,0.006876,0.000033,0.011084,0.150892,0.026014,0.03425
AAACCTCATGAAGTTG-1,0.058653,0.017274,0.000072,0.064233,0.516857,0.342768,0.000072,0.000072
AAACGAAGAACATACC-1,0.036944,0.336662,0.181108,0.000069,0.002432,0.246104,0.026957,0.169725
AAACGAAGATGGAGTA-1,0.343962,0.000084,0.486839,0.018587,0.085258,0.065103,0.000084,0.000084
AAACGACAGTCTTGCC-1,0.000097,0.000097,0.000097,0.000097,0.000097,0.000195,0.924418,0.074901
AAACGAGACGGTTGAT-1,0.042275,0.11534,0.052339,0.105797,0.063349,0.620843,0.000028,0.000028
AAACGCCCGAGATCGG-1,0.0022,0.142657,0.063793,0.000088,0.000088,0.000177,0.675898,0.115098
AAACGCTGGGCACGAC-1,0.000129,0.000129,0.200417,0.075941,0.000129,0.000259,0.476296,0.246698
AAACGGGCGTACGGGT-1,0.363637,0.445302,0.000984,0.000043,0.001778,0.109482,0.059085,0.019689
AAACGGGTTGGTATCC-1,0.000126,0.154355,0.000126,0.178345,0.106513,0.108329,0.060144,0.392061
AAACGGTTGCGAACTG-1,0.056594,0.13132,0.014262,0.00004,0.06994,0.727762,0.00004,0.00004
AAACGTGTTCGCCCTA-1,0.000058,0.000058,0.000058,0.000058,0.000909,0.025787,0.973014,0.000058
AAACTAACGTGGCGAC-1,0.000099,0.0664,0.044309,0.000099,0.056129,0.000198,0.816399,0.016368
AAACTCGGTTCGCAAT-1,0.097422,0.396268,0.025738,0.000041,0.020899,0.354193,0.00049,0.104951
AAACTCGTGATATAAG-1,0.000039,0.000039,0.000039,0.259115,0.00146,0.175496,0.563772,0.000039
AAACTGCTGGCTCCAA-1,0.449951,0.337779,0.172642,0.000074,0.009704,0.000147,0.000074,0.029629
AAACTTAATTGCACGC-1,0.265405,0.06504,0.505325,0.0129,0.055226,0.021045,0.000072,0.074987
AAACTTGCAAACGTAT-1,0.04976,0.484703,0.000746,0.000062,0.367357,0.097249,0.000062,0.000062
AAAGAATGACCTTAGA-1,0.689637,0.000082,0.309788,0.000082,0.000082,0.000164,0.000082,0.000082
AAAGAATGTGGACTAA-1,0.451045,0.000047,0.125837,0.165346,0.037034,0.000094,0.064949,0.155649
AAAGACATGAAGTTTA-1,0.081926,0.30915,0.137247,0.000048,0.017107,0.341161,0.049243,0.064119
AAAGACCCAAGTCGCG-1,0.00012,0.258603,0.042019,0.098837,0.26984,0.238479,0.028683,0.063419
AAAGACTGGGCGCTTT-1,0.021111,0.573249,0.043469,0.000125,0.193406,0.102171,0.000125,0.066347
AAAGCTTGCCTACATA-1,0.00005,0.00005,0.00005,0.017614,0.019224,0.020806,0.939146,0.003058
AAAGGCCCTATAATAC-1,0.151562,0.000134,0.000134,0.086985,0.000134,0.000268,0.092848,0.667934
AAAGGCTACGGACCAT-1,0.252695,0.572727,0.017762,0.000089,0.096172,0.056174,0.000089,0.004291
AAAGGCTCTCGCGCCG-1,0.29634,0.005021,0.00012,0.00012,0.28866,0.383566,0.00012,0.026053
AAAGGGATGTAGCAAG-1,0.000131,0.708313,0.232932,0.000131,0.000131,0.000262,0.057968,0.000131
AAAGGGCAGCTTGAAT-1,0.000176,0.169587,0.000176,0.000176,0.000176,0.000352,0.000176,0.82918
AAAGGTAAGCTGTACC-1,0.000836,0.179992,0.000836,0.000836,0.000836,0.001672,0.26756,0.547433
AAAGGTCAACGACATG-1,0.009172,0.00009,0.00009,0.384585,0.00009,0.00018,0.508049,0.097743
AAAGTAGCATTGCTCA-1,0.084543,0.418786,0.000161,0.000161,0.000161,0.000321,0.000161,0.495707
AAAGTCACTGATGTAA-1,0.029839,0.127826,0.278721,0.028899,0.295028,0.239478,0.000104,0.000104
AAAGTCGACCCTCAGT-1,0.033632,0.514004,0.04135,0.000089,0.205424,0.205324,0.000089,0.000089
AAAGTGCCATCAATTA-1,0.093434,0.000082,0.062912,0.256027,0.000082,0.000163,0.587214,0.000087
AAAGTGTGATTTATCT-1,0.289465,0.317353,0.021433,0.000082,0.014475,0.065191,0.074382,0.217619
AAAGTTGACTCCCGTA-1,0.185899,0.386301,0.03821,0.000044,0.048003,0.256297,0.055578,0.029667
AAATAACCATACGGGA-1,0.507101,0.181942,0.000099,0.057255,0.000099,0.000198,0.07659,0.176715
AAATAAGGTAGTGCCC-1,0.000067,0.036779,0.01425,0.000067,0.056362,0.016369,0.857107,0.018999
AAATACCTATAAGCAT-1,0.242515,0.370894,0.052844,0.000051,0.04486,0.13962,0.079046,0.07017
AAATAGCTTAGACTTT-1,0.000071,0.261867,0.031735,0.083503,0.031759,0.015257,0.211316,0.364492
AAATAGGGTGCTATTG-1,0.39704,0.299875,0.026107,0.057683,0.034495,0.140089,0.030594,0.014117
AAATCACTCCTAAACG-1,0.000064,0.000064,0.000064,0.014061,0.000064,0.040791,0.944826,0.000064
AAATCCGATACACGCC-1,0.19738,0.188075,0.001194,0.023045,0.030407,0.369337,0.184655,0.005909
AAATCGCGGAAGGAGT-1,0.188136,0.000058,0.226887,0.443703,0.000058,0.141041,0.000058,0.000058
AAATCGTGTACCACAA-1,0.202206,0.332545,0.168397,0.030034,0.129595,0.018031,0.000088,0.119103
AAATCTAGCCCTGCTA-1,0.326349,0.005059,0.000047,0.150465,0.176725,0.285385,0.055923,0.000047
AAATCTGCCCGCGTCC-1,0.024258,0.00005,0.316298,0.214941,0.007065,0.437287,0.00005,0.00005
AAATGACTGATCAAAC-1,0.540798,0.319059,0.13179,0.000091,0.000091,0.000182,0.000091,0.007899
AAATGATTCGATCAGC-1,0.000049,0.005536,0.000047,0.154672,0.000047,0.002536,0.735627,0.101485
AAATGCTCGTTACGTT-1,0.000138,0.341408,0.000138,0.000138,0.02818,0.23154,0.000138,0.398319
AAATGGCATGTCTTGT-1,0.000058,0.128015,0.420524,0.11449,0.087827,0.194193,0.000058,0.054835
AAATGGCCCGTGCCCT-1,0.032037,0.082751,0.075847,0.014562,0.446375,0.297529,0.050848,0.000049
AAATGGTCAATGTGCC-1,0.043833,0.356759,0.075874,0.000113,0.14902,0.35966,0.000113,0.014628
AAATGTATCTTATCCC-1,0.517392,0.243205,0.214964,0.000047,0.000047,0.009754,0.007908,0.006682
AAATGTGGGTGCTCCT-1,0.000085,0.345454,0.338705,0.127922,0.04246,0.00017,0.000085,0.14512
AAATTAACGGGTAGCT-1,0.033864,0.030733,0.441727,0.000125,0.248356,0.139946,0.000125,0.105124
AAATTAATAAGCGCGA-1,0.034263,0.155684,0.073156,0.068722,0.01907,0.637223,0.011858,0.000023
AAATTACACGACTCTG-1,0.100865,0.025779,0.124616,0.005852,0.000066,0.489149,0.000066,0.253607
AAATTACCTATCGATG-1,0.052295,0.300235,0.025233,0.000042,0.087138,0.316544,0.015572,0.202941
AAATTCCAGGTCCAAA-1,0.046053,0.012124,0.08093,0.176727,0.001815,0.219041,0.463257,0.000052
AAATTGATAGTCCTTT-1,0.609056,0.070388,0.000305,0.000305,0.000305,0.000611,0.000305,0.318723
AAATTGCGGCGGTTCT-1,0.000207,0.000207,0.000207,0.000207,0.137815,0.094543,0.000207,0.766607
AAATTGGTGAGAAGCA-1,0.000058,0.018124,0.078526,0.000058,0.000058,0.000116,0.771048,0.132012
AAATTTACCGAAATCC-1,0.10232,0.255596,0.209584,0.000039,0.103488,0.278309,0.04078,0.009883
AAATTTGCGGGTGTGG-1,0.288197,0.000244,0.000244,0.000244,0.000244,0.000488,0.055345,0.654995
AACAACTGGTAGTTGC-1,0.005199,0.62905,0.000154,0.000154,0.014317,0.173547,0.000154,0.177424
AACAATACATTGTCGA-1,0.30457,0.000204,0.000204,0.087905,0.000204,0.000409,0.000204,0.606298
AACAATTACTCTACGC-1,0.064466,0.675042,0.000215,0.110104,0.058702,0.00043,0.000215,0.090826
AACACACGCTCGCCGC-1,0.419288,0.243767,0.008309,0.000046,0.053966,0.10025,0.123738,0.050636
AACACGACTGTACTGA-1,0.000178,0.029374,0.287603,0.012065,0.215005,0.436273,0.019451,0.000052
AACACGAGACGCGGCC-1,0.000051,0.157892,0.00004,0.00004,0.544679,0.297218,0.00004,0.00004
AACACGCGGCCGCGAA-1,0.000125,0.359221,0.000125,0.030002,0.136844,0.000249,0.000125,0.473311
AACAGCTGTGTGGCAA-1,0.618543,0.000155,0.000155,0.151033,0.000155,0.000309,0.000155,0.229496
AACAGGAAATCGAATA-1,0.009644,0.088105,0.153992,0.010063,0.20938,0.495518,0.033255,0.000043
AACAGGATGGGCCGCG-1,0.000646,0.000646,0.000646,0.545427,0.000646,0.001293,0.000646,0.450047
AACAGGTAGTATGGAT-1,0.000075,0.180392,0.000075,0.087524,0.013243,0.020424,0.386801,0.311466
AACATAGCGTGTATCG-1,0.268331,0.156216,0.228949,0.000046,0.029785,0.242295,0.054386,0.019991
AACATATCAACTGGTG-1,0.056026,0.115364,0.089485,0.06323,0.133017,0.251441,0.049675,0.241763
AACATCGATACGTCTA-1,0.000065,0.131405,0.000065,0.000065,0.006977,0.075334,0.733575,0.052513
AACATTGAAGTTGATC-1,0.021653,0.000208,0.000208,0.000208,0.000208,0.000416,0.000208,0.97689
AACATTGGTCAGCCGT-1,0.000259,0.429545,0.000259,0.000259,0.081765,0.026048,0.000259,0.461608
AACATTGTGACTCGAG-1,0.387065,0.476137,0.000826,0.000121,0.000121,0.000241,0.000121,0.135369
AACCAAGACTTCTCTG-1,0.004908,0.131244,0.000072,0.130236,0.522216,0.211179,0.000072,0.000072
AACCAGTATCACTCTT-1,0.111387,0.011836,0.075604,0.021418,0.208674,0.478081,0.001559,0.09144
AACCATAGGGTTGAAC-1,0.060103,0.000041,0.200155,0.512817,0.125906,0.100903,0.000038,0.000038
AACCATGGGATCGCTA-1,0.075665,0.057151,0.007308,0.030397,0.225386,0.366093,0.043018,0.194983
AACCCAGAGACGGAGA-1,0.140599,0.293845,0.000214,0.000214,0.092372,0.000428,0.000214,0.472115
AACCCATCCCATGATC-1,0.015784,0.00092,0.080554,0.595391,0.135131,0.172112,0.000054,0.000054
AACCCGACAACCCGTG-1,0.158091,0.176224,0.00024,0.00024,0.101072,0.000479,0.00024,0.563415
AACCCGAGCAGAATCG-1,0.010192,0.000169,0.000028,0.16317,0.150043,0.500514,0.175769,0.000115
AACCCGATAGGGCTTC-1,0.000035,0.000035,0.000035,0.107187,0.000035,0.002448,0.890191,0.000035
AACCCGCTGTATTCCA-1,0.714883,0.091532,0.000069,0.000069,0.067748,0.097542,0.000069,0.028088
AACCCTACTGTCAATA-1,0.0889,0.182807,0.074505,0.000038,0.105873,0.356103,0.001056,0.190718
AACCCTGGTGGAACCA-1,0.199686,0.341263,0.174504,0.094025,0.018803,0.164887,0.003586,0.003245
AACCGAGCTTGGTCAT-1,0.124619,0.091814,0.400808,0.015238,0.052399,0.231939,0.015831,0.067352
AACCGCTAAGGGATGC-1,0.311756,0.143305,0.00629,0.000031,0.174225,0.330358,0.000031,0.034003
AACCGTTGTGTTTGCT-1,0.000086,0.109258,0.313839,0.000086,0.081609,0.494948,0.000086,0.000086
AACCTAAAGCCGTCCG-1,0.01861,0.603115,0.155734,0.000052,0.000052,0.008798,0.012246,0.201392
AACCTCGCTTTAGCCC-1,0.194027,0.318276,0.018242,0.000043,0.000043,0.439857,0.029469,0.000043
AACCTGTCACGGAATT-1,0.013775,0.21331,0.0113,0.000079,0.035158,0.007547,0.718752,0.000079
AACCTTTAAATACGGT-1,0.032527,0.100166,0.021435,0.000027,0.074807,0.770983,0.000027,0.000027
AACCTTTACGACGTCT-1,0.065479,0.002227,0.0525,0.128517,0.132607,0.609323,0.009309,0.000038
AACGAAAGTCGTCCCA-1,0.249365,0.000066,0.439868,0.027214,0.071205,0.175305,0.036912,0.000066
AACGACCTCCTAGCCG-1,0.000056,0.000056,0.000056,0.330837,0.000056,0.000113,0.63195,0.036874
AACGATAATGCCGTAG-1,0.313435,0.369371,0.015434,0.07404,0.000132,0.114778,0.04365,0.06916
AACGATAGAAGGGCCG-1,0.000086,0.059049,0.097338,0.000086,0.478781,0.350581,0.000086,0.013995
AACGATATGTCAACTG-1,0.1115,0.214596,0.13817,0.003659,0.000772,0.459977,0.000065,0.071261
AACGCATGATCTGGGT-1,0.024175,0.000078,0.068902,0.245032,0.123051,0.436403,0.063701,0.038659
AACGCGAACGGCAACA-1,0.000146,0.418643,0.000146,0.000146,0.024747,0.107345,0.019691,0.429137
AACGCGACCTTGGGCG-1,0.351423,0.001889,0.005243,0.101571,0.178928,0.360829,0.000058,0.000058
AACGCGGTCTCCAGCC-1,0.00008,0.00008,0.318349,0.00008,0.03571,0.645542,0.00008,0.00008
AACGCTGTTGCTGAAA-1,0.186534,0.304831,0.000711,0.00005,0.090694,0.41708,0.00005,0.00005
AACGGACGTACGTATA-1,0.491428,0.33409,0.028514,0.000048,0.028883,0.082277,0.034711,0.000048
AACGGCCATCTCCGGT-1,0.000116,0.000116,0.000116,0.020641,0.000116,0.190545,0.000116,0.788235
AACGTACTGTGGGTAC-1,0.000227,0.547195,0.000227,0.000227,0.000227,0.000454,0.000227,0.451217
AACGTAGTCTACCCAT-1,0.000167,0.25017,0.000167,0.000167,0.321593,0.166161,0.000167,0.261406
AACGTCAGACTAGTGG-1,0.000203,0.377242,0.000203,0.000203,0.115557,0.000405,0.003439,0.502749
AACGTCGCTGCACTTC-1,0.189311,0.000044,0.084671,0.559201,0.000044,0.000089,0.085013,0.081627
AACGTGATGAAGGACA-1,0.197419,0.028189,0.094643,0.046095,0.002934,0.612833,0.000042,0.017844
AACGTGCGAAAGTCTC-1,0.148023,0.135221,0.200607,0.073325,0.154248,0.182541,0.059807,0.046228
AACGTTATCAGCACCT-1,0.032534,0.566177,0.035991,0.050164,0.000151,0.185306,0.000151,0.129526
AACGTTCTACCATTGT-1,0.016261,0.091165,0.000244,0.000244,0.266846,0.009731,0.615263,0.000244
AACTACCCGTTTGTCA-1,0.000125,0.230697,0.000125,0.000125,0.000125,0.00025,0.389699,0.378855
AACTAGCGTATCGCAC-1,0.000143,0.549464,0.163445,0.000143,0.286231,0.000287,0.000143,0.000143
AACTAGGCTTGGGTGT-1,0.00007,0.005124,0.132196,0.00005,0.088436,0.774023,0.00005,0.00005
AACTCAAGTTAATTGC-1,0.000184,0.779897,0.000184,0.000184,0.012186,0.000368,0.000184,0.206812
AACTCCAGAGCGTGTT-1,0.332406,0.35007,0.00007,0.00007,0.047886,0.180992,0.030997,0.05751
AACTCCTAATCCCATG-1,0.165409,0.001236,0.134326,0.129371,0.113833,0.431175,0.024615,0.000034
AACTCGATAAACACGT-1,0.000043,0.000043,0.000043,0.213532,0.354855,0.431396,0.000043,0.000043
AACTCGATGGCGCAGT-1,0.000322,0.461325,0.000322,0.000322,0.096565,0.000645,0.000322,0.440176
AACTCTCAATAGAGCG-1,0.300638,0.340439,0.017399,0.000073,0.055836,0.011649,0.015925,0.258041
AACTCTCAGTGTGCTC-1,0.059145,0.035894,0.000205,0.000205,0.188063,0.00041,0.000205,0.715874
AACTGAGGTCAGCGTC-1,0.000112,0.000112,0.000112,0.055218,0.000112,0.199291,0.298909,0.446134
AACTGAGTTATACTGA-1,0.000082,0.000082,0.000082,0.115761,0.000082,0.000163,0.830633,0.053116
AACTGATATTAGGCCT-1,0.000132,0.509832,0.404337,0.000132,0.000132,0.000278,0.021202,0.063953
AACTGGGTCCCGACGT-1,0.045033,0.027207,0.048434,0.127171,0.01823,0.646326,0.000045,0.087555
AACTGGGTTCGAGCCG-1,0.251549,0.353777,0.045984,0.000064,0.044122,0.249093,0.032762,0.02265
AACTGGTGTGGGCCTT-1,0.003314,0.03574,0.083914,0.138832,0.225816,0.000287,0.000143,0.511954
AACTTCTGCGTCTATC-1,0.000117,0.257834,0.000422,0.000117,0.599531,0.141745,0.000117,0.000117
AACTTGCCCGTATGCA-1,0.000202,0.000202,0.000202,0.132481,0.04115,0.111386,0.000202,0.714174
AACTTGCGTTCTCGCG-1,0.000204,0.518257,0.000204,0.000204,0.266969,0.000409,0.030334,0.183418
AACTTTACGGGAGCTT-1,0.016173,0.281746,0.079433,0.000055,0.067452,0.555032,0.000055,0.000055
AACTTTAGCTGCTGAG-1,0.000087,0.245689,0.079203,0.000087,0.312014,0.362748,0.000087,0.000087
AACTTTCTCGATCATG-1,0.000088,0.000088,0.019394,0.000088,0.000088,0.000176,0.897332,0.082745
AAGAAAGTTTGATGGG-1,0.000213,0.000213,0.487384,0.391457,0.000213,0.000426,0.000213,0.119881
AAGAAATCACCAGATT-1,0.000039,0.000039,0.000039,0.000039,0.000039,0.000078,0.999689,0.000039
AAGAAGGATCAGTTAG-1,0.000307,0.484458,0.000307,0.000307,0.000307,0.000614,0.000307,0.513392
AAGACATACGTGGTTT-1,0.552638,0.000173,0.005629,0.041079,0.12701,0.044587,0.106215,0.122667
AAGACCAAATAACTCA-1,0.173264,0.000058,0.527339,0.073536,0.002213,0.137017,0.000058,0.086516
AAGACCCAACTGAACA-1,0.290773,0.473945,0.121384,0.000077,0.069616,0.010325,0.000077,0.033804
AAGACTAACCCGTTGT-1,0.000545,0.264454,0.000545,0.483392,0.000545,0.00109,0.000545,0.248883
AAGACTCACGCCCACT-1,0.322336,0.494345,0.027614,0.000059,0.004188,0.000118,0.102178,0.04916
AAGACTGCAAGCTACT-1,0.206837,0.094291,0.295667,0.163106,0.002914,0.213644,0.000086,0.023454
AAGAGATGAATCGGTA-1,0.000143,0.00151,0.000143,0.000143,0.115776,0.131944,0.033018,0.717323
AAGAGCTCTTTATCGG-1,0.087842,0.215284,0.096015,0.058451,0.058767,0.453,0.000053,0.030588
AAGAGGATGTACGCGA-1,0.000232,0.000232,0.000232,0.000232,0.000232,0.000463,0.000232,0.998147
AAGAGGCATGGATCGC-1,0.168532,0.194581,0.140697,0.000052,0.099097,0.171943,0.000052,0.225046
AAGAGGCCCTTTGGAA-1,0.00007,0.279223,0.00007,0.00007,0.00007,0.00014,0.145556,0.5748
AAGATGGCACCGGACC-1,0.000125,0.125866,0.000125,0.000125,0.000125,0.120244,0.056685,0.696703
AAGATTGGCGGAACGT-1,0.413138,0.006097,0.019425,0.22489,0.017017,0.200725,0.000063,0.118646
AAGCACCCTGCGTATC-1,0.24776,0.280829,0.084208,0.111154,0.110067,0.155824,0.010086,0.000074
AAGCATACTCTCCTGA-1,0.222713,0.444369,0.218272,0.000054,0.000054,0.096419,0.018065,0.000054
AAGCCACTTGCAGGTA-1,0.290386,0.000178,0.000178,0.000178,0.000178,0.000355,0.000178,0.708371
AAGCCGAAGCGGTTTA-1,0.114576,0.255668,0.00491,0.000051,0.188279,0.304234,0.086912,0.04537
AAGCCGCCGTGAAATC-1,0.049532,0.000086,0.000086,0.264559,0.000086,0.025912,0.000086,0.659652
AAGCCGCTTTACCTTG-1,0.000047,0.000047,0.026136,0.047267,0.000047,0.04803,0.87838,0.000047
AAGCCGGAGAGCAGGA-1,0.000051,0.045165,0.000051,0.000051,0.023693,0.026243,0.867465,0.037282
AAGCGCAGGGCTTTGA-1,0.142548,0.057198,0.000023,0.011894,0.005514,0.775231,0.00757,0.000023
AAGCGGAGTGCGCGCA-1,0.000091,0.033868,0.000091,0.000091,0.000091,0.000182,0.864788,0.100797
AAGCGGCGTCATGGGT-1,0.171724,0.000066,0.031759,0.072759,0.117474,0.606086,0.000066,0.000066
AAGCGTCCCTCATCGA-1,0.642016,0.000211,0.000211,0.188818,0.000211,0.000421,0.000211,0.167902
AAGCTAGATCGAGTAA-1,0.115852,0.10021,0.008151,0.00138,0.131243,0.643102,0.000031,0.000031
AAGCTATGGATTGACC-1,0.300083,0.078274,0.225057,0.137723,0.19304,0.043227,0.000082,0.022515
AAGCTCGTGCCAAGTC-1,0.219368,0.551806,0.136957,0.000088,0.000088,0.000175,0.050646,0.040872
AAGCTCTTTCATGGTG-1,0.319497,0.533626,0.046529,0.00012,0.00012,0.000241,0.00012,0.099745
AAGGAGAACTTATAAG-1,0.069876,0.127994,0.057075,0.083834,0.108795,0.550995,0.000067,0.001364
AAGGAGCGGTTGGTGC-1,0.00009,0.195503,0.026974,0.00009,0.687691,0.057447,0.00009,0.032113
AAGGATCGATCGCTTG-1,0.000092,0.286375,0.000097,0.002893,0.000092,0.000183,0.268517,0.441751
AAGGATGAGGGACCTC-1,0.083967,0.41088,0.262858,0.000073,0.000073,0.000146,0.038493,0.20351
AAGGCAGGCTGTCTCC-1,0.021214,0.113223,0.124883,0.000092,0.000092,0.006482,0.666293,0.06772
AAGGCGCGTAAAGCTT-1,0.000133,0.101448,0.000133,0.000133,0.105252,0.015092,0.134554,0.643254
AAGGCTGTGCTCATCG-1,0.039207,0.125072,0.00014,0.00014,0.629214,0.205949,0.00014,0.00014
AAGGGAACGACTGGCT-1,0.505523,0.000196,0.000196,0.000196,0.000196,0.000393,0.000196,0.493102
AAGGGACAGATTCTGT-1,0.337553,0.181335,0.033293,0.100713,0.015403,0.23999,0.047267,0.044446
AAGGGACTATGCATTC-1,0.171337,0.216545,0.000188,0.000188,0.000188,0.000376,0.000188,0.610989
AAGGGTTAGCCATGCG-1,0.000052,0.00049,0.055109,0.050031,0.010523,0.219441,0.436209,0.228145
AAGGGTTTGATTTCAG-1,0.391679,0.000117,0.585087,0.000117,0.000117,0.010273,0.000117,0.012494
AAGGTATCCTAATATA-1,0.346934,0.123542,0.338604,0.005208,0.000064,0.108181,0.013377,0.064091
AAGGTGATAAACCAGC-1,0.287278,0.426557,0.006504,0.000057,0.043377,0.160038,0.076126,0.000064
AAGTAAGCTTCCAAAC-1,0.000128,0.197544,0.03703,0.079291,0.468609,0.020229,0.000128,0.19704
AAGTAGAAGACCGGGT-1,0.000087,0.126204,0.03767,0.013922,0.629122,0.192821,0.000087,0.000087
AAGTAGTGACGCGAGG-1,0.162232,0.404488,0.000358,0.000358,0.000358,0.000715,0.004822,0.426671
AAGTCAATTGTCGTCA-1,0.128048,0.083354,0.054451,0.166509,0.217281,0.251525,0.042407,0.056425
AAGTCTAGTAGCTGCC-1,0.000051,0.000051,0.000051,0.000051,0.000051,0.000102,0.999593,0.000051
AAGTCTTCTGTGGCCT-1,0.000029,0.03185,0.239354,0.12764,0.013959,0.584062,0.003077,0.000028
AAGTGACGACCGAATT-1,0.000138,0.597358,0.000138,0.000138,0.186133,0.18561,0.000138,0.030346
AAGTGAGTCGGGTTTA-1,0.027356,0.454977,0.038162,0.000089,0.347048,0.068582,0.000089,0.063695
AAGTGCAAAGGTAGAC-1,0.077428,0.462038,0.000071,0.026589,0.002772,0.390161,0.003631,0.037309
AAGTGCCTTGACTGTA-1,0.067824,0.533525,0.000082,0.000082,0.012576,0.000163,0.206445,0.179303
AAGTGCGTTAGAATCT-1,0.000262,0.305962,0.000262,0.000262,0.000262,0.000524,0.000262,0.692202
AAGTGCTTCTCTATTG-1,0.288042,0.000438,0.000438,0.000438,0.000438,0.000876,0.000438,0.708894
AAGTGTTTGGAGACGG-1,0.289788,0.161756,0.000055,0.022807,0.020712,0.497126,0.007701,0.000055
AAGTTCACTCCAAGCT-1,0.200324,0.310489,0.01541,0.079146,0.000067,0.186543,0.206182,0.001839
AAGTTCAGTCTGCGTA-1,0.0001,0.0001,0.002723,0.0001,0.103151,0.298078,0.08748,0.508267
AAGTTCGGCCAACAGG-1,0.250134,0.000261,0.000261,0.506308,0.000261,0.000522,0.000261,0.241992
AAGTTGTGATGTTATA-1,0.195534,0.23333,0.038332,0.000082,0.020067,0.052218,0.197347,0.26309
AAGTTTACTAATGGCA-1,0.037147,0.211514,0.065879,0.065816,0.04134,0.547069,0.031197,0.000039
AAGTTTATGGGCCCAA-1,0.067366,0.36264,0.029476,0.04087,0.012826,0.470439,0.000595,0.015788
AATAACAACGCTCGGC-1,0.200319,0.355155,0.000312,0.000312,0.000312,0.000625,0.000312,0.442652
AATAACACTAGAACAA-1,0.000106,0.000106,0.000106,0.030594,0.000106,0.104542,0.000106,0.864332
AATAACGTCGCGCCCA-1,0.000844,0.186019,0.02398,0.000035,0.065039,0.03343,0.584389,0.106263
AATAAGTCCTCGAGAC-1,0.085101,0.064194,0.169846,0.000054,0.080241,0.405038,0.107487,0.08804
AATAATCTTCGTATCG-1,0.111995,0.000073,0.129979,0.282101,0.000073,0.000146,0.452511,0.023122
AATACAATGTTTCAGG-1,0.000137,0.849924,0.027165,0.034978,0.0032,0.07252,0.000137,0.011939
AATACCGGAGGGCTGT-1,0.517578,0.000284,0.000284,0.000284,0.000284,0.000569,0.000284,0.480431
AATACCTGATGTGAAC-1,0.381293,0.000059,0.000059,0.497903,0.000059,0.000118,0.103838,0.016669
AATAGAACAGAGTGGC-1,0.030955,0.247269,0.000114,0.104293,0.428892,0.000229,0.000114,0.188132
AATAGAATCTGTTTCA-1,0.104504,0.18076,0.035686,0.000035,0.000035,0.650887,0.028035,0.000057
AATAGCAAGCCTCCTG-1,0.000136,0.000136,0.000136,0.000136,0.000136,0.193771,0.5205,0.285048
AATAGCTACCGCGTGC-1,0.000076,0.048577,0.041631,0.040984,0.028835,0.000153,0.740072,0.099672
AATAGTCCGTCCCGAC-1,0.073113,0.090655,0.035267,0.000052,0.231114,0.569694,0.000052,0.000052
AATAGTCGCGAGTCGG-1,0.125501,0.514265,0.065317,0.00006,0.000282,0.294456,0.00006,0.00006
AATATCAAGGTCGGAT-1,0.00008,0.091396,0.00008,0.00008,0.54141,0.30075,0.00008,0.066123
AATATCCTAGCAAACT-1,0.037091,0.155785,0.201955,0.169441,0.001862,0.416988,0.00003,0.016848
AATATCGAATCAATGC-1,0.026035,0.455073,0.127877,0.000078,0.000078,0.000157,0.301627,0.089076
AATATCGAGGGTTCTC-1,0.421179,0.023944,0.136372,0.047734,0.137452,0.000285,0.14292,0.090114
AATATTGGAGTATTGA-1,0.000067,0.000273,0.000067,0.026015,0.485501,0.442474,0.000067,0.045535
AATCAGACTGCAGGAC-1,0.003324,0.290671,0.000132,0.000132,0.091811,0.254693,0.000132,0.359104
AATCAGGTTTCATTTA-1,0.642843,0.000426,0.000426,0.249803,0.000426,0.000852,0.000426,0.104798
AATCATGTAAAGACTC-1,0.158863,0.118743,0.027331,0.023099,0.180862,0.326942,0.053147,0.111012
AATCCAAGGGCCTGAG-1,0.000078,0.302296,0.000078,0.077297,0.314069,0.269557,0.009501,0.027124
AATCCATGCAAGGGTG-1,0.000238,0.283517,0.000238,0.000238,0.000238,0.000475,0.000238,0.71482
AATCCCGCTCAGAGCC-1,0.026216,0.170704,0.081822,0.000066,0.230837,0.438038,0.010565,0.041752
AATCGAGGTCTCAAGG-1,0.29526,0.522616,0.151571,0.000064,0.000064,0.000128,0.030232,0.000064
AATCGCCTCAGCGCCA-1,0.159077,0.33459,0.042917,0.018826,0.04023,0.333304,0.043601,0.027456
AATCGCGCAGAGGACT-1,0.000082,0.461285,0.054559,0.000082,0.019293,0.000164,0.457766,0.00677
AATCGGGACACTACGA-1,0.000104,0.331361,0.305545,0.000104,0.065811,0.051214,0.000104,0.245756
AATCGGTATAGCCCTC-1,0.389231,0.000057,0.027573,0.427776,0.000057,0.014314,0.035098,0.105893
AATCGTGAGCCGAGCA-1,0.058243,0.213939,0.000038,0.000038,0.004854,0.673245,0.000038,0.049606
AATCTAGGTTTACTTG-1,0.002828,0.105184,0.195398,0.169961,0.377202,0.132742,0.000095,0.01659
AATCTATGCCGGAGCC-1,0.000194,0.233053,0.21243,0.000194,0.000194,0.000388,0.414394,0.139152
AATCTCTACTGTGGTT-1,0.004392,0.164874,0.03792,0.000041,0.076414,0.716278,0.000041,0.000041
AATCTGCGTTGGGACG-1,0.363851,0.291413,0.003375,0.059698,0.000087,0.000174,0.037496,0.243904
AATCTGGCTTTCTAGT-1,0.018889,0.000077,0.206563,0.000077,0.17854,0.595702,0.000077,0.000077
AATCTGGGTAGACCCT-1,0.169444,0.063645,0.070339,0.027125,0.238247,0.416378,0.01478,0.000043
AATGACAGCAATGTCT-1,0.028565,0.043553,0.000152,0.000152,0.090593,0.084498,0.000152,0.752336
AATGACGTAGGATGTC-1,0.115196,0.382573,0.185126,0.000059,0.046614,0.22847,0.008565,0.033397
AATGACTGTCAGCCGG-1,0.000089,0.55159,0.016158,0.000089,0.300416,0.117536,0.000089,0.014034
AATGAGTTCGCATATG-1,0.000107,0.470998,0.000107,0.072478,0.437343,0.017035,0.000107,0.001824
AATGATGATACGCTAT-1,0.356831,0.032685,0.242891,0.059126,0.129091,0.012253,0.068015,0.099108
AATGATGCGACTCCTG-1,0.172485,0.47842,0.139575,0.000089,0.011758,0.000178,0.058441,0.139053
AATGCAACCGGGTACC-1,0.004979,0.296649,0.411729,0.055965,0.009834,0.161012,0.029835,0.029997
AATGCACCAAGCAATG-1,0.101254,0.289132,0.172675,0.000049,0.214158,0.207593,0.000049,0.015091
AATGGCCGCCAATGCG-1,0.00007,0.00007,0.00007,0.064407,0.003107,0.086624,0.845582,0.00007
AATGGTCCACCGTTCA-1,0.000145,0.775251,0.108792,0.000145,0.071577,0.00029,0.018126,0.025675
AATGGTTCTCACAAGC-1,0.000205,0.000205,0.000205,0.000205,0.040684,0.170655,0.000205,0.787635
AATGTATGGCACTGTA-1,0.082989,0.000124,0.616489,0.000124,0.202387,0.007175,0.000124,0.090589
AATGTGCCCGAGGTGT-1,0.00024,0.265617,0.00024,0.00024,0.00024,0.00048,0.00024,0.732702
AATGTGCTAATCTGAG-1,0.099669,0.210673,0.010472,0.113301,0.129724,0.230496,0.01772,0.187945
AATGTTAAGACCCTGA-1,0.153048,0.00126,0.409794,0.004763,0.003096,0.41765,0.010352,0.000038
AATGTTGTCGTGAGAC-1,0.328694,0.056179,0.06358,0.000131,0.000131,0.000261,0.286711,0.264314
AATTAAAGGTCGGCGT-1,0.02416,0.164645,0.088019,0.000136,0.556652,0.097131,0.000136,0.069122
AATTAACGGATTTCCA-1,0.025424,0.464523,0.213408,0.000097,0.024418,0.259267,0.007922,0.004941
AATTACGAGACCCATC-1,0.000049,0.000049,0.336813,0.05963,0.000049,0.603311,0.000049,0.000049
AATTACTCGTACGCTC-1,0.000104,0.017495,0.08704,0.000104,0.124521,0.770526,0.000104,0.000104
AATTAGCGCTGCAGCG-1,0.300326,0.484465,0.093876,0.000089,0.000089,0.000178,0.026122,0.094855
AATTATACCCAGCAAG-1,0.103145,0.000026,0.117771,0.151793,0.000026,0.523547,0.047248,0.056444
AATTCATAAGGGATCT-1,0.016609,0.498224,0.263579,0.00008,0.027007,0.169615,0.024805,0.00008
AATTCATTGTCATGCA-1,0.01005,0.000116,0.759181,0.007717,0.210533,0.012173,0.000116,0.000116
AATTCCAACTTGGTGA-1,0.10643,0.022648,0.014928,0.000109,0.683728,0.171937,0.000109,0.000109
AATTCCAAGCATGTAC-1,0.212098,0.637543,0.115332,0.000112,0.000112,0.000225,0.000112,0.034466
AATTCGATTCGAGGAT-1,0.331765,0.455941,0.000082,0.000082,0.024438,0.111142,0.076469,0.000082
AATTCTAGAGTTAGGC-1,0.224039,0.611621,0.129635,0.000118,0.000118,0.008221,0.02613,0.000118
AATTGAACGCTCTGGT-1,0.480007,0.162839,0.161353,0.00014,0.00014,0.013878,0.060063,0.121581
AATTGCAGCAATCGAC-1,0.211593,0.007677,0.000793,0.073953,0.23487,0.440276,0.030818,0.000021
AATTGCGTGGATTACA-1,0.050139,0.000074,0.216416,0.613801,0.043321,0.0761,0.000074,0.000074
AATTGTGGTTGCCAAA-1,0.085901,0.000101,0.026343,0.119316,0.000101,0.000202,0.486671,0.281365
AATTTGGGACATAGTA-1,0.05738,0.084608,0.225856,0.011859,0.017155,0.400588,0.027802,0.174753
AATTTGGTTCCAAAGA-1,0.091091,0.298755,0.241025,0.000079,0.0867,0.17984,0.082658,0.019853
ACAAACCATGCGTCCT-1,0.029684,0.000082,0.446664,0.078388,0.086906,0.066726,0.000082,0.291468
ACAAACCGACAAGGCG-1,0.169769,0.151248,0.284752,0.000046,0.026191,0.236475,0.000046,0.131472
ACAAACTCCATCAGAG-1,0.455793,0.042935,0.00014,0.014964,0.07311,0.015785,0.00014,0.397135
ACAAAGAAGGTAGGCC-1,0.017856,0.224852,0.071778,0.008958,0.043245,0.610997,0.016649,0.005664
ACAAAGCATGACCTAG-1,0.303707,0.501381,0.063161,0.003622,0.020252,0.052149,0.055692,0.000036
ACAAATCGCACCGAAT-1,0.42045,0.54014,0.000061,0.000061,0.000061,0.001262,0.031444,0.00652
ACAAATGGTAGTGTTT-1,0.410868,0.000154,0.000154,0.065625,0.000154,0.385494,0.020964,0.116588
ACAAATTCAGATCTGA-1,0.216524,0.269509,0.103735,0.007696,0.05158,0.000218,0.260221,0.090518
ACAACAGCATGAGCTA-1,0.191765,0.185965,0.091369,0.000058,0.026178,0.445998,0.013953,0.044714
ACAACGGTCCCTGCGA-1,0.000242,0.310056,0.000242,0.000242,0.003213,0.133457,0.000242,0.552307
ACAAGCAGTGCCTAGC-1,0.000302,0.21122,0.000293,0.06812,0.000293,0.387048,0.000293,0.332431
ACAAGCTATATGGAAG-1,0.043955,0.285721,0.142218,0.003907,0.005132,0.504542,0.000029,0.014495
ACAAGGAAATCCGCCC-1,0.180807,0.324955,0.00952,0.032465,0.018215,0.207012,0.0021,0.224926
ACAAGGACAAGAGGTT-1,0.240969,0.274049,0.000265,0.000265,0.000265,0.000531,0.000265,0.48339
ACAAGGATGCTTTAGG-1,0.156001,0.147674,0.000041,0.000041,0.073682,0.568996,0.000041,0.053523
ACAAGGCCTACCAGCC-1,0.12621,0.20226,0.004127,0.000141,0.000141,0.000283,0.408243,0.258594
ACAAGGGCAGGCTCTG-1,0.253498,0.210132,0.046381,0.021017,0.004881,0.463084,0.000064,0.000943
ACAAGTAATTGTAAGG-1,0.2052,0.133342,0.013476,0.061452,0.329346,0.138142,0.000078,0.118964
ACAATAGTCGTACGTT-1,0.016174,0.053729,0.000086,0.000085,0.586369,0.253517,0.000085,0.089955
ACAATCCATTTAAACC-1,0.162161,0.130713,0.000319,0.000319,0.000319,0.000637,0.041168,0.664365
ACAATCGATCTTTATA-1,0.015487,0.454615,0.251979,0.012307,0.053495,0.147559,0.059812,0.004747
ACAATGAATACGGAGA-1,0.807916,0.000268,0.000268,0.053476,0.000268,0.000536,0.000268,0.137001
ACAATGATTCTTCTAC-1,0.000094,0.000094,0.092651,0.053881,0.004298,0.225375,0.534542,0.089065
ACAATTGTGTCTCTTT-1,0.070682,0.131317,0.036144,0.222116,0.188632,0.303954,0.047122,0.000033
ACAATTTAGGAGGCTC-1,0.076834,0.365183,0.061335,0.000071,0.179616,0.297208,0.019682,0.000071
ACAATTTGAGCAGTGG-1,0.068019,0.017338,0.013744,0.08065,0.028731,0.71997,0.000029,0.071519
ACAATTTGGCCATATT-1,0.101336,0.00012,0.06521,0.00012,0.00012,0.00024,0.832735,0.00012
ACACAAAGACGGGTGG-1,0.000062,0.06397,0.18163,0.019484,0.008592,0.667246,0.000062,0.058954
ACACAAATATTCCTAG-1,0.000055,0.000055,0.000055,0.039272,0.000055,0.000109,0.888945,0.071456
ACACACCAGGACCAGT-1,0.197754,0.06477,0.000216,0.33115,0.000216,0.000433,0.000216,0.405244
ACACACTTTCTACACG-1,0.000099,0.148126,0.394,0.000099,0.034047,0.31011,0.000099,0.113419
ACACATGATCAAATCT-1,0.01555,0.000035,0.089842,0.105068,0.248954,0.540481,0.000035,0.000035
ACACATTGACGCAACA-1,0.200567,0.219979,0.051059,0.000107,0.153647,0.315938,0.000107,0.058597
ACACATTTCCGTAGAC-1,0.627488,0.000077,0.040099,0.000077,0.000077,0.332027,0.000077,0.000077
ACACCACATAATTAGC-1,0.000069,0.057562,0.000069,0.000069,0.000069,0.000139,0.863869,0.078153
ACACCCAGCATGCAGC-1,0.000093,0.276421,0.085208,0.032143,0.202146,0.370196,0.033699,0.000093
ACACCCGAGAAATCCG-1,0.000161,0.373721,0.000161,0.000161,0.051764,0.040962,0.000161,0.532908
ACACCCGTAAATCTGT-1,0.000471,0.000471,0.000471,0.000471,0.047683,0.000942,0.949019,0.000471
ACACCGAGCGCTCTTT-1,0.006427,0.744385,0.232155,0.000115,0.000115,0.00023,0.016458,0.000115
ACACCGGTCTGACCGC-1,0.240556,0.047724,0.209722,0.000115,0.268406,0.000231,0.000115,0.233131
ACACCTTAAGTAGGGC-1,0.0001,0.255398,0.0001,0.020625,0.450564,0.273011,0.0001,0.0001
ACACCTTACTACTTGC-1,0.000084,0.086961,0.048065,0.000084,0.000084,0.004381,0.336113,0.524229
ACACGAGACTCCTTCT-1,0.055195,0.380492,0.332894,0.000083,0.001313,0.085218,0.110868,0.033937
ACACGGCACTATGCAT-1,0.133651,0.399076,0.138712,0.00005,0.00005,0.294151,0.03426,0.00005
ACACGGGAACTTAGGG-1,0.18095,0.22381,0.18264,0.00009,0.00009,0.259465,0.00009,0.152865
ACACGTAGGCCACAAG-1,0.036106,0.335006,0.000151,0.000049,0.096963,0.154716,0.364572,0.012437
ACACTCCAATGTCACT-1,0.000087,0.15019,0.000087,0.000087,0.353075,0.371804,0.06283,0.06184
ACACTGATCAAGGTGT-1,0.030851,0.301399,0.045569,0.000123,0.477347,0.000246,0.016455,0.12801
ACACTGGGACAGTCGT-1,0.063014,0.199867,0.00296,0.000068,0.002135,0.000135,0.711547,0.020274
ACAGAACTGAGAACAA-1,0.070139,0.773841,0.00016,0.00016,0.00016,0.000321,0.012922,0.142296
ACAGATTAGGTTAGTG-1,0.002573,0.506861,0.159418,0.047334,0.116683,0.062076,0.000175,0.104879
ACAGCATAGAGCCAGT-1,0.000195,0.11788,0.000195,0.000195,0.018079,0.318309,0.000195,0.544951
ACAGCGACATTCTCAT-1,0.057977,0.155953,0.000031,0.1267,0.156328,0.436641,0.030176,0.036193
ACAGCGCACCCGCAGC-1,0.120546,0.110557,0.202596,0.000039,0.002205,0.563978,0.000039,0.000039
ACAGGAGGCGCAGCCG-1,0.091808,0.078237,0.000034,0.000034,0.009249,0.820571,0.000034,0.000034
ACAGGCACGGATCCTT-1,0.487976,0.02281,0.148726,0.000061,0.028056,0.036096,0.056041,0.220235
ACAGGCTTGCCCGACT-1,0.319405,0.456519,0.051993,0.000064,0.000064,0.000128,0.07485,0.096977
ACAGGTGGAGGTGAGG-1,0.233041,0.085365,0.000222,0.000222,0.000222,0.000445,0.000222,0.68026
ACAGGTGTGTTGTTGC-1,0.413812,0.387077,0.107351,0.000082,0.000082,0.000164,0.041875,0.049556
ACAGTAATACAACTTG-1,0.012223,0.671769,0.019745,0.000077,0.193426,0.003765,0.017288,0.081707
ACAGTATACCGTGGGA-1,0.005823,0.000072,0.076788,0.188617,0.000072,0.000145,0.72841,0.000072
ACAGTGCAGCGCATTT-1,0.000063,0.000063,0.000063,0.097344,0.000063,0.019432,0.882906,0.000063
ACATAAGTCGTGGTGA-1,0.004388,0.000035,0.027293,0.672174,0.000035,0.296005,0.000035,0.000035
ACATAATAAGGCGGTG-1,0.013466,0.127777,0.340932,0.000099,0.213144,0.221673,0.000099,0.082809
ACATACAATCAAGCGG-1,0.268784,0.128482,0.306755,0.013632,0.023773,0.062512,0.064675,0.131389
ACATCAGCTGGGACGC-1,0.000091,0.50399,0.140165,0.000091,0.17147,0.174432,0.000091,0.009671
ACATCCCGGCCATACG-1,0.019941,0.117651,0.052298,0.000099,0.069123,0.630574,0.000099,0.110215
ACATCCTGGTAACTGT-1,0.2291,0.482893,0.012221,0.000082,0.000082,0.000165,0.193541,0.081915
ACATCGATCGTTTACC-1,0.02949,0.068856,0.167276,0.066109,0.000245,0.599971,0.000092,0.067961
ACATCGCAATATTCGG-1,0.000038,0.138425,0.018391,0.059611,0.211431,0.30436,0.024521,0.243223
ACATCGGTCAGCCGCG-1,0.338838,0.000382,0.000382,0.064169,0.115352,0.099099,0.000382,0.381395
ACATCGTATGCAATGG-1,0.228912,0.485108,0.032658,0.000076,0.000076,0.000152,0.076274,0.176743
ACATCGTTAACCTAGT-1,0.052288,0.072657,0.092918,0.026872,0.101416,0.618844,0.03496,0.000045
ACATCTCAACGCGTAA-1,0.194066,0.57118,0.13084,0.000091,0.000519,0.000183,0.05667,0.046451
ACATGCTTACGGCAGC-1,0.214584,0.000181,0.366414,0.089848,0.237197,0.000363,0.000181,0.091231
ACATGGCGCCAAAGTA-1,0.172672,0.157899,0.020275,0.031405,0.173904,0.340028,0.089137,0.014679
ACATGGCTCAATTTAG-1,0.000058,0.009738,0.000058,0.000058,0.153246,0.836724,0.000058,0.000058
ACATTAGTTTATATCC-1,0.21124,0.596584,0.191197,0.000163,0.000163,0.000326,0.000163,0.000163
ACATTCGCGCGGAATA-1,0.330309,0.00018,0.000181,0.00018,0.00018,0.000361,0.00018,0.668428
ACATTTGAAACCTAAC-1,0.215255,0.000039,0.004179,0.755274,0.000039,0.000077,0.02179,0.003348
ACCAAACACCCAGCGA-1,0.00005,0.017194,0.00005,0.00005,0.000436,0.029761,0.818692,0.133766
ACCAAACTAGAAATCC-1,0.07051,0.495075,0.228949,0.031615,0.000068,0.041827,0.006959,0.124997
ACCAACACCACACACT-1,0.000051,0.003946,0.006175,0.1274,0.115671,0.377424,0.369281,0.000051
ACCAACCGCACTCCAC-1,0.084714,0.001567,0.026496,0.156066,0.008434,0.700689,0.021267,0.000768
ACCAACGCTTATTTAT-1,0.06985,0.000602,0.038921,0.03878,0.611486,0.240214,0.000073,0.000073
ACCAAGAACGCGTGTC-1,0.082937,0.423708,0.068636,0.146023,0.235958,0.0287,0.000108,0.01393
ACCAAGTCATCGGCAG-1,0.400638,0.000055,0.048628,0.181042,0.125055,0.204336,0.040192,0.000055
ACCAATATGCAAGTTA-1,0.458642,0.201156,0.000143,0.008437,0.000143,0.150867,0.015876,0.164736
ACCACAACTCAGAACA-1,0.160692,0.124308,0.074124,0.004751,0.052073,0.464519,0.043176,0.076356
ACCACAAGTTTCTATC-1,0.046112,0.078827,0.04826,0.0642,0.052466,0.649734,0.060324,0.000078
ACCACACGGTTGATGG-1,0.320862,0.000047,0.289028,0.032499,0.000047,0.357421,0.000047,0.000047
ACCACCAATGTAACAA-1,0.078332,0.140821,0.12151,0.252404,0.089364,0.142593,0.120101,0.054875
ACCACCCTCTCTTCTA-1,0.000061,0.000061,0.000061,0.171416,0.000061,0.000122,0.810239,0.017978
ACCACGTGCAGCTATA-1,0.266054,0.315956,0.015015,0.007462,0.005577,0.300455,0.031381,0.058101
ACCACTGTTCAAGAAG-1,0.08183,0.129517,0.000136,0.176727,0.123201,0.440269,0.048238,0.000081
ACCAGACCATAACAAC-1,0.146629,0.313418,0.36095,0.000064,0.000064,0.000127,0.056111,0.122638
ACCAGCCCGGTCTTTG-1,0.496017,0.369218,0.118241,0.000115,0.000115,0.000229,0.000115,0.015951
ACCAGGAGTGTGATCT-1,0.002599,0.625859,0.162619,0.066103,0.071433,0.000297,0.064577,0.006512
ACCAGTGCCCGGTCAA-1,0.103546,0.379497,0.077775,0.000188,0.012679,0.000377,0.10975,0.316188
ACCAGTGCGGGAGACG-1,0.273311,0.203763,0.00233,0.067478,0.030769,0.381222,0.000038,0.041089
ACCATATCCGCAATAA-1,0.066686,0.061978,0.104475,0.000074,0.150608,0.605529,0.000074,0.010576
ACCATCCGCCAACTAG-1,0.124313,0.615411,0.143959,0.000094,0.102232,0.010189,0.000094,0.003709
ACCATCGTATATGGTA-1,0.000162,0.267346,0.000162,0.000162,0.138817,0.294445,0.000162,0.298745
ACCATTAAGGGTGTCA-1,0.276298,0.088829,0.000165,0.000165,0.031618,0.501257,0.000165,0.101504
ACCCAACGCCCGTGGC-1,0.202437,0.171148,0.048975,0.000045,0.002541,0.52439,0.038949,0.011514
ACCCACCTACATGCTC-1,0.022356,0.460864,0.000281,0.000281,0.000281,0.000562,0.000281,0.515095
ACCCATCTTGAGGGTA-1,0.034661,0.541247,0.000363,0.000363,0.045073,0.000727,0.000363,0.377202
ACCCATTTGTCCCTCT-1,0.255879,0.049366,0.069071,0.062077,0.165793,0.232177,0.0698,0.095837
ACCCGAGCGAAATTAC-1,0.607951,0.000238,0.000238,0.000238,0.000238,0.000476,0.000238,0.390383
ACCCGATTGGTTCCGA-1,0.668572,0.048719,0.000401,0.130333,0.000401,0.000803,0.000401,0.150369
ACCCGGAAACTCCCAG-1,0.311428,0.268513,0.095393,0.030245,0.013869,0.255893,0.000086,0.024573
ACCCGGAGCACCACAA-1,0.034727,0.046923,0.003695,0.186299,0.000056,0.000112,0.67855,0.049639
ACCCGGATGACGCATC-1,0.296672,0.357177,0.111337,0.000065,0.117806,0.013875,0.10175,0.001317
ACCCGGTTACACTTCC-1,0.000087,0.155169,0.000087,0.000087,0.304795,0.539601,0.000087,0.000087
ACCCGTAGCAGAGAAT-1,0.556729,0.000812,0.000812,0.196296,0.020225,0.223503,0.000812,0.000812
ACCCGTGTCATCAGTA-1,0.16012,0.298978,0.090534,0.009428,0.008965,0.382796,0.000113,0.049066
ACCCTATAGGACTGAG-1,0.000212,0.735207,0.000212,0.000212,0.000212,0.000424,0.000212,0.26331
ACCCTATGCCATATCG-1,0.097064,0.223711,0.000337,0.000337,0.000337,0.000674,0.000337,0.677204
ACCCTCCCGTCAGGGC-1,0.054778,0.000024,0.095921,0.310079,0.049556,0.487525,0.002093,0.000024
ACCCTCCCTTGCTATT-1,0.085089,0.082148,0.026318,0.005132,0.000058,0.665774,0.02985,0.105633
ACCCTGGTAACGCCCT-1,0.000075,0.000075,0.01909,0.000075,0.097846,0.073977,0.796166,0.012696
ACCCTTCATCTGCGAA-1,0.00006,0.00006,0.286789,0.061155,0.00006,0.637398,0.00006,0.014419
ACCCTTGCCTGGGTCG-1,0.000063,0.000063,0.000063,0.000063,0.010018,0.051158,0.938507,0.000063
ACCCTTTAGTTCTCCA-1,0.052956,0.050948,0.374293,0.005761,0.053303,0.403232,0.003077,0.056429
ACCGAAAGGGCCCTGC-1,0.000074,0.321132,0.233816,0.000074,0.205231,0.004219,0.206152,0.029302
ACCGAAGAGTCTGGTT-1,0.075427,0.000062,0.204443,0.408118,0.000062,0.311763,0.000062,0.000062
ACCGACACATCTCCCA-1,0.261573,0.281214,0.074996,0.000051,0.028267,0.313681,0.031643,0.008576
ACCGACTGAGTCCCAC-1,0.103796,0.101963,0.183681,0.072348,0.053087,0.477122,0.000077,0.007927
ACCGAGTCTCCTTATT-1,0.557358,0.00006,0.099161,0.082751,0.00006,0.172221,0.087719,0.000671
ACCGATAGGCATAACC-1,0.000053,0.059052,0.000053,0.000053,0.048631,0.092109,0.658277,0.141772
ACCGATATTTAATCAT-1,0.0305,0.000065,0.000065,0.294011,0.000065,0.000131,0.622807,0.052354
ACCGATGGTAGCATCG-1,0.397827,0.368253,0.046105,0.000061,0.033756,0.104572,0.027139,0.022285
ACCGCAATAACTGCCT-1,0.359659,0.226553,0.001607,0.00007,0.00007,0.145055,0.050281,0.216706
ACCGCGGTGGAAGTCG-1,0.109385,0.420425,0.000066,0.000066,0.014194,0.030902,0.142322,0.28264
ACCGCTAGTCATTGGT-1,0.05859,0.000214,0.074841,0.000214,0.000214,0.000428,0.112782,0.752717
ACCGGGCCTTTGTTGA-1,0.328152,0.452305,0.001749,0.000079,0.022791,0.020161,0.074571,0.100193
ACCGGTCAGGTACACC-1,0.161213,0.026314,0.191503,0.21696,0.095038,0.079066,0.000105,0.2298
ACCGGTCTGAGTACGG-1,0.316857,0.404705,0.037394,0.000082,0.003655,0.000164,0.069541,0.167603
ACCGTCCACTGGGCCC-1,0.353761,0.000076,0.096406,0.150187,0.000076,0.000152,0.032467,0.366874
ACCGTGACCACGTGGG-1,0.140986,0.34415,0.000147,0.000147,0.000147,0.003205,0.000147,0.511071
ACCGTTCCCGCTCTGA-1,0.000073,0.396195,0.228068,0.000073,0.04094,0.296564,0.002834,0.035253
ACCTAAGTACCTTTCA-1,0.129964,0.00024,0.00024,0.00024,0.00024,0.000479,0.068674,0.799924
ACCTAATCGACTTCCT-1,0.281386,0.137,0.000371,0.000371,0.000371,0.000741,0.000371,0.57939
