Barcode,Topic 1,Topic 2to3,Topic 4,Topic 5to7,Topic 8to10
AAACAAGTATCTCCCA-1,0.000103,0.799507,0.095129,0.00031,0.104951
AAACAATCTACTAGCA-1,0.000025,0.220276,0.011989,0.414804,0.352906
AAACACCAATAACTGC-1,0.450816,0.4571,0.000085,0.000256,0.091742
AAACAGAGCGACTCCT-1,0.000023,0.075053,0.00365,0.398639,0.522635
AAACAGCTTTCAGAAG-1,0.000042,0.424889,0.000042,0.21822,0.356806
AAACAGGGTCTATATT-1,0.026381,0.130037,0.059905,0.030554,0.753122
AAACAGTGTTCCTGGG-1,0.000049,0.77443,0.102283,0.079158,0.044081
AAACATGGTGAGAGGA-1,0.890143,0.109683,0.000025,0.000075,0.000075
AAACATTTCCCGGATT-1,0.025458,0.006562,0.310094,0.587491,0.070395
AAACCACTACACAGAT-1,0.003813,0.187726,0.439418,0.321224,0.047819
AAACCCGAACGAAATC-1,0.000031,0.277603,0.240563,0.357395,0.124408
AAACCGGAAATGTTAA-1,0.00668,0.019933,0.377106,0.243206,0.353074
AAACCGGGTAGGTACC-1,0.000032,0.593632,0.000032,0.173784,0.23252
AAACCGTTCGTCCAGG-1,0.000009,0.000695,0.000009,0.112689,0.886598
AAACCTAAGCAGCCGG-1,0.00001,0.372071,0.184306,0.114299,0.329314
AAACCTCATGAAGTTG-1,0.000034,0.431239,0.020052,0.092125,0.456551
AAACGAAGAACATACC-1,0.00379,0.1105,0.034717,0.511709,0.339284
AAACGAAGATGGAGTA-1,0.718574,0.281026,0.000057,0.000171,0.000171
AAACGACAGTCTTGCC-1,0.009837,0.134336,0.474807,0.105345,0.275675
AAACGAGACGGTTGAT-1,0.000064,0.236219,0.000064,0.451001,0.312653
AAACGCCCGAGATCGG-1,0.001178,0.00004,0.050715,0.356855,0.591212
AAACGCTGGGCACGAC-1,0.020044,0.35888,0.321667,0.144876,0.154532
AAACGGGCGTACGGGT-1,0.011078,0.059258,0.311954,0.254016,0.363695
AAACGGTTGCGAACTG-1,0.000014,0.457714,0.158048,0.162025,0.222198
AAACGTGTTCGCCCTA-1,0.011877,0.040142,0.316022,0.071621,0.560339
AAACTAACGTGGCGAC-1,0.012826,0.127369,0.290858,0.289405,0.279542
AAACTCGGTTCGCAAT-1,0.00272,0.249908,0.030537,0.022145,0.69469
AAACTCGTGATATAAG-1,0.010374,0.442953,0.17411,0.139512,0.233051
AAACTGCTGGCTCCAA-1,0.000036,0.11563,0.017899,0.799782,0.066652
AAACTTAATTGCACGC-1,0.999764,0.000053,0.000026,0.000079,0.000079
AAACTTGCAAACGTAT-1,0.019486,0.597287,0.000045,0.146081,0.237102
AAAGAATGACCTTAGA-1,0.912377,0.029306,0.000059,0.05808,0.000178
AAAGACATGAAGTTTA-1,0.000128,0.998974,0.000128,0.000385,0.000385
AAAGACCCAAGTCGCG-1,0.012961,0.075933,0.009318,0.36925,0.532537
AAAGACTGGGCGCTTT-1,0.004191,0.203609,0.059027,0.458731,0.274443
AAAGCTTGCCTACATA-1,0.00974,0.108342,0.385032,0.183125,0.313761
AAAGGCCCTATAATAC-1,0.751877,0.144828,0.037899,0.000084,0.065311
AAAGGCTACGGACCAT-1,0.000019,0.593707,0.092876,0.006993,0.306405
AAAGGCTCTCGCGCCG-1,0.000035,0.464551,0.004365,0.198385,0.332664
AAAGGGATGTAGCAAG-1,0.000025,0.026404,0.00008,0.540996,0.432495
AAAGGGCAGCTTGAAT-1,0.000033,0.274522,0.053512,0.516523,0.15541
AAAGGTAAGCTGTACC-1,0.000035,0.347918,0.24218,0.403861,0.006005
AAAGGTCAACGACATG-1,0.026762,0.209109,0.446325,0.317731,0.000073
AAAGTAGCATTGCTCA-1,0.003403,0.162838,0.022946,0.156227,0.654586
AAAGTCACTGATGTAA-1,0.025065,0.24352,0.014355,0.40612,0.310939
AAAGTCGACCCTCAGT-1,0.000026,0.378146,0.010518,0.196383,0.414927
AAAGTGCCATCAATTA-1,0.000008,0.004035,0.231233,0.023313,0.741412
AAAGTGTGATTTATCT-1,0.03593,0.332126,0.124529,0.36466,0.142755
AAAGTTGACTCCCGTA-1,0.02852,0.758397,0.091129,0.090514,0.031441
AAATAACCATACGGGA-1,0.000081,0.945717,0.000081,0.000841,0.053281
AAATAAGGTAGTGCCC-1,0.000017,0.245268,0.199741,0.261778,0.293195
AAATACCTATAAGCAT-1,0.000046,0.204179,0.003374,0.775867,0.016534
AAATAGCTTAGACTTT-1,0.006551,0.216436,0.041501,0.675545,0.059966
AAATAGGGTGCTATTG-1,0.000015,0.102215,0.052146,0.567932,0.277692
AAATCACTCCTAAACG-1,0.009795,0.05892,0.378028,0.031222,0.522034
AAATCCGATACACGCC-1,0.007238,0.230727,0.15221,0.256354,0.353471
AAATCGCGGAAGGAGT-1,0.867969,0.123115,0.00006,0.00018,0.008675
AAATCGTGTACCACAA-1,0.000025,0.003992,0.000025,0.651757,0.3442
AAATCTAGCCCTGCTA-1,0.079234,0.338642,0.032466,0.144462,0.405196
AAATCTGCCCGCGTCC-1,0.681229,0.315872,0.000072,0.002611,0.000216
AAATGACTGATCAAAC-1,0.00012,0.508213,0.00012,0.491187,0.00036
AAATGATTCGATCAGC-1,0.001272,0.018509,0.190608,0.27995,0.509661
AAATGCTCGTTACGTT-1,0.000041,0.584233,0.000041,0.011136,0.40455
AAATGGCATGTCTTGT-1,0.000039,0.133226,0.021364,0.714383,0.130988
AAATGGCCCGTGCCCT-1,0.008778,0.000013,0.000321,0.035054,0.955834
AAATGGTCAATGTGCC-1,0.019412,0.187383,0.000554,0.778902,0.013749
AAATGTATCTTATCCC-1,0.825991,0.124884,0.000058,0.048893,0.000174
AAATGTGGGTGCTCCT-1,0.016015,0.013671,0.062166,0.238198,0.66995
AAATTAACGGGTAGCT-1,0.000096,0.790891,0.000096,0.20863,0.000287
AAATTAATAAGCGCGA-1,0.145954,0.599969,0.01049,0.087071,0.156516
AAATTACACGACTCTG-1,0.000093,0.651378,0.000093,0.148884,0.199552
AAATTACCTATCGATG-1,0.000027,0.102623,0.014199,0.701754,0.181397
AAATTCCAGGTCCAAA-1,0.021905,0.15058,0.235027,0.371271,0.221218
AAATTGATAGTCCTTT-1,0.000046,0.498826,0.000046,0.00692,0.494161
AAATTGGTGAGAAGCA-1,0.0017,0.02147,0.178516,0.020403,0.777911
AAATTTACCGAAATCC-1,0.035994,0.92928,0.000084,0.034389,0.000253
AAATTTGCGGGTGTGG-1,0.003094,0.115885,0.004822,0.197089,0.679111
AACAACTGGTAGTTGC-1,0.000064,0.459574,0.000064,0.422291,0.118008
AACAATACATTGTCGA-1,0.000555,0.20463,0.070559,0.077799,0.646456
AACAATTACTCTACGC-1,0.000022,0.000044,0.018029,0.514194,0.467711
AACACACGCTCGCCGC-1,0.031639,0.817974,0.000136,0.022761,0.127491
AACACGACTGTACTGA-1,0.035469,0.153278,0.000027,0.635195,0.17603
AACACGAGACGCGGCC-1,0.000042,0.706505,0.002307,0.059336,0.23181
AACACGCGGCCGCGAA-1,0.005779,0.12085,0.070386,0.231571,0.571413
AACAGCTGTGTGGCAA-1,0.000037,0.775384,0.095881,0.045782,0.082916
AACAGGAAATCGAATA-1,0.000042,0.181736,0.000042,0.818055,0.000126
AACAGGATGGGCCGCG-1,0.000061,0.518566,0.000061,0.031024,0.450289
AACAGGTAGTATGGAT-1,0.007766,0.054338,0.247365,0.237289,0.453241
AACATAGCGTGTATCG-1,0.000031,0.19858,0.004461,0.431477,0.365451
AACATATCAACTGGTG-1,0.002023,0.21581,0.049196,0.732888,0.000082
AACATCGATACGTCTA-1,0.000009,0.001378,0.265308,0.007559,0.725747
AACATTGAAGTTGATC-1,0.803364,0.043508,0.015369,0.1221,0.01566
AACATTGTGACTCGAG-1,0.034927,0.490655,0.163005,0.170883,0.14053
AACCAAGACTTCTCTG-1,0.000024,0.372077,0.000387,0.158936,0.468576
AACCAGTATCACTCTT-1,0.062554,0.861737,0.0001,0.075308,0.000301
AACCATAGGGTTGAAC-1,0.916803,0.000019,0.000009,0.081565,0.001603
AACCATGGGATCGCTA-1,0.051067,0.345293,0.007005,0.228014,0.368621
AACCCAGAGACGGAGA-1,0.000014,0.001153,0.00383,0.43413,0.560873
AACCCATCCCATGATC-1,0.41837,0.000036,0.000018,0.000054,0.581522
AACCCGACAACCCGTG-1,0.000404,0.30272,0.387051,0.118239,0.191585
AACCCGAGCAGAATCG-1,0.015278,0.446362,0.3249,0.155184,0.058275
AACCCGATAGGGCTTC-1,0.00001,0.033468,0.458556,0.028318,0.479649
AACCCGCTGTATTCCA-1,0.028422,0.162547,0.000023,0.27355,0.535459
AACCCTACTGTCAATA-1,0.000054,0.38506,0.090362,0.524362,0.000161
AACCCTGGTGGAACCA-1,0.000024,0.207589,0.044009,0.556293,0.192086
AACCGAGCTTGGTCAT-1,0.00765,0.313493,0.000053,0.632809,0.045996
AACCGCTAAGGGATGC-1,0.176041,0.642214,0.000108,0.000323,0.181314
AACCGTTGTGTTTGCT-1,0.008441,0.090049,0.000046,0.844371,0.057092
AACCTAAAGCCGTCCG-1,0.102479,0.733756,0.000069,0.163488,0.000208
AACCTCGCTTTAGCCC-1,0.000489,0.29178,0.236149,0.409655,0.061927
AACCTGTCACGGAATT-1,0.000022,0.294865,0.257548,0.150593,0.296973
AACCTTTAAATACGGT-1,0.040149,0.00751,0.000017,0.323899,0.628426
AACCTTTACGACGTCT-1,0.000045,0.340848,0.001415,0.517281,0.14041
AACGAAAGTCGTCCCA-1,0.999782,0.000048,0.000024,0.000073,0.000073
AACGATAATGCCGTAG-1,0.015838,0.041262,0.000021,0.620704,0.322175
AACGATAGAAGGGCCG-1,0.015654,0.000072,0.003558,0.403802,0.576913
AACGATATGTCAACTG-1,0.000088,0.702342,0.000088,0.211337,0.086145
AACGCATGATCTGGGT-1,0.000017,0.105917,0.054885,0.182069,0.657112
AACGCGAACGGCAACA-1,0.023586,0.342575,0.009036,0.197855,0.426947
AACGCGACCTTGGGCG-1,0.138999,0.4178,0.081521,0.000045,0.361635
AACGCGGTCTCCAGCC-1,0.000037,0.140374,0.000037,0.490733,0.36882
AACGCTGTTGCTGAAA-1,0.00009,0.708511,0.045314,0.158081,0.088004
AACGGACGTACGTATA-1,0.102578,0.896451,0.000139,0.000416,0.000416
AACGGCCATCTCCGGT-1,0.000031,0.407704,0.109185,0.14901,0.33407
AACGTACTGTGGGTAC-1,0.00004,0.469066,0.046486,0.362253,0.122155
AACGTAGTCTACCCAT-1,0.046929,0.469463,0.001574,0.440039,0.041995
AACGTCAGACTAGTGG-1,0.000044,0.289764,0.000044,0.710017,0.000131
AACGTCATCCGGCTTG-1,0.163857,0.010003,0.005002,0.338294,0.482844
AACGTGATGAAGGACA-1,0.059747,0.799839,0.000083,0.00025,0.140081
AACGTGCGAAAGTCTC-1,0.000052,0.257055,0.000052,0.521646,0.221195
AACGTTATCAGCACCT-1,0.002163,0.083759,0.000015,0.103572,0.810491
AACTACCCGTTTGTCA-1,0.014146,0.170967,0.408717,0.400968,0.005202
AACTAGCGTATCGCAC-1,0.000011,0.000022,0.000381,0.078157,0.921429
AACTAGGCTTGGGTGT-1,0.000052,0.508679,0.000052,0.127079,0.364139
AACTCAAGTTAATTGC-1,0.000037,0.231287,0.009143,0.578146,0.181386
AACTCCAGAGCGTGTT-1,0.01652,0.025467,0.040549,0.57632,0.341145
AACTCCTAATCCCATG-1,0.018052,0.402138,0.057689,0.506377,0.015745
AACTCGATGGCGCAGT-1,0.002155,0.320216,0.00003,0.232767,0.444832
AACTCTCAATAGAGCG-1,0.000047,0.43758,0.004361,0.520533,0.037478
AACTCTCAGTGTGCTC-1,0.008715,0.456456,0.089457,0.212296,0.233076
AACTGAGGTCAGCGTC-1,0.024486,0.190487,0.251728,0.241151,0.292149
AACTGAGTTATACTGA-1,0.003874,0.000014,0.082668,0.160975,0.752469
AACTGATATTAGGCCT-1,0.031605,0.013386,0.00004,0.738334,0.216635
AACTGGGTCCCGACGT-1,0.021419,0.00008,0.00004,0.713561,0.2649
AACTGGGTTCGAGCCG-1,0.063352,0.597739,0.001648,0.312552,0.024709
AACTGGTGTGGGCCTT-1,0.0499,0.000023,0.003303,0.15185,0.794924
AACTTCTGCGTCTATC-1,0.023823,0.152665,0.012309,0.28341,0.527793
AACTTGCCCGTATGCA-1,0.004285,0.202309,0.101464,0.460763,0.23118
AACTTGCGTTCTCGCG-1,0.00003,0.235147,0.01288,0.43671,0.315234
AACTTTACGGGAGCTT-1,0.000037,0.645765,0.000037,0.04288,0.311281
AACTTTAGCTGCTGAG-1,0.000019,0.009768,0.0181,0.343322,0.628791
AACTTTCTCGATCATG-1,0.008733,0.071818,0.236994,0.145395,0.537061
AAGAAAGTTTGATGGG-1,0.635804,0.278694,0.00009,0.085143,0.000269
AAGAAATCACCAGATT-1,0.058567,0.201074,0.474261,0.119404,0.146694
AAGAAGGATCAGTTAG-1,0.000025,0.179014,0.000025,0.343937,0.476999
AAGACCAAATAACTCA-1,0.917352,0.005878,0.000024,0.076673,0.000072
AAGACCCAACTGAACA-1,0.000008,0.226908,0.065943,0.139589,0.567553
AAGACTAACCCGTTGT-1,0.001095,0.352456,0.008734,0.206313,0.431402
AAGACTCACGCCCACT-1,0.054827,0.818698,0.000097,0.126089,0.00029
AAGACTGCAAGCTACT-1,0.000161,0.881191,0.000161,0.000482,0.118006
AAGAGATGAATCGGTA-1,0.000072,0.505358,0.000072,0.446011,0.048487
AAGAGCTCTTTATCGG-1,0.081883,0.409547,0.000101,0.21395,0.294519
AAGAGGATGTACGCGA-1,0.000042,0.492755,0.000042,0.322097,0.185063
AAGAGGCATGGATCGC-1,0.110309,0.728488,0.000083,0.000248,0.160872
AAGATGGCACCGGACC-1,0.044727,0.083572,0.257059,0.310804,0.303838
AAGATTGGCGGAACGT-1,0.036444,0.725292,0.000056,0.22411,0.014098
AAGCACCCTGCGTATC-1,0.000025,0.184456,0.060155,0.600199,0.155165
AAGCATACTCTCCTGA-1,0.014527,0.000032,0.001357,0.61454,0.369544
AAGCCACTTGCAGGTA-1,0.456895,0.094036,0.001628,0.447326,0.000114
AAGCCGAAGCGGTTTA-1,0.000034,0.107092,0.323735,0.341849,0.227289
AAGCCGCCGTGAAATC-1,0.415417,0.092461,0.274213,0.000185,0.217724
AAGCCGCTTTACCTTG-1,0.02263,0.057214,0.397335,0.022108,0.500713
AAGCCGGAGAGCAGGA-1,0.002271,0.013672,0.393323,0.34664,0.244094
AAGCGCAGGGCTTTGA-1,0.010485,0.017146,0.365505,0.121175,0.485689
AAGCGGAGTGCGCGCA-1,0.087418,0.0661,0.212945,0.124204,0.509332
AAGCGGCGTCATGGGT-1,0.000024,0.000048,0.015675,0.477297,0.506956
AAGCGTCCCTCATCGA-1,0.03013,0.318258,0.053443,0.52225,0.075919
AAGCTAGATCGAGTAA-1,0.000027,0.309189,0.000754,0.4288,0.261231
AAGCTATGGATTGACC-1,0.025003,0.05002,0.025005,0.075021,0.824951
AAGCTCGTGCCAAGTC-1,0.000083,0.250804,0.011348,0.320015,0.417749
AAGCTCTTTCATGGTG-1,0.000032,0.164944,0.020883,0.695686,0.118454
AAGGAGAACTTATAAG-1,0.000023,0.414459,0.014426,0.243781,0.327311
AAGGAGCGGTTGGTGC-1,0.000039,0.075552,0.000039,0.922901,0.001469
AAGGATCGATCGCTTG-1,0.000035,0.311072,0.135394,0.461166,0.092333
AAGGATGAGGGACCTC-1,0.039619,0.828244,0.00757,0.107454,0.017113
AAGGCAGGCTGTCTCC-1,0.007346,0.274662,0.168402,0.12461,0.424981
AAGGCGCGTAAAGCTT-1,0.000053,0.765835,0.00394,0.183278,0.046894
AAGGCTGTGCTCATCG-1,0.000054,0.302381,0.01297,0.684431,0.000163
AAGGGAACGACTGGCT-1,0.32113,0.039997,0.18575,0.000055,0.453068
AAGGGACAGATTCTGT-1,0.000043,0.589107,0.000061,0.41066,0.000129
AAGGGACTATGCATTC-1,0.053952,0.476746,0.413545,0.000097,0.05566
AAGGGTTTGATTTCAG-1,0.999598,0.000089,0.000045,0.000134,0.000134
AAGGTATCCTAATATA-1,0.009079,0.209694,0.000041,0.631579,0.149608
AAGGTGATAAACCAGC-1,0.026395,0.416412,0.000083,0.303303,0.253807
AAGTAAGCTTCCAAAC-1,0.02995,0.473531,0.000028,0.493932,0.002559
AAGTAGAAGACCGGGT-1,0.012272,0.191695,0.00491,0.791026,0.000097
AAGTAGTGACGCGAGG-1,0.000056,0.408319,0.073571,0.470094,0.04796
AAGTCAATTGTCGTCA-1,0.003727,0.24861,0.311763,0.301606,0.134294
AAGTCTAGTAGCTGCC-1,0.032043,0.086194,0.301592,0.089628,0.490542
AAGTCTTCTGTGGCCT-1,0.612505,0.325464,0.061676,0.000177,0.000177
AAGTGACGACCGAATT-1,0.000023,0.142474,0.009417,0.194625,0.653461
AAGTGAGTCGGGTTTA-1,0.018939,0.126376,0.360435,0.006977,0.487274
AAGTGCAAAGGTAGAC-1,0.002031,0.066662,0.002159,0.180449,0.748699
AAGTGCCTTGACTGTA-1,0.000032,0.044484,0.091744,0.346511,0.517229
AAGTGCGTTAGAATCT-1,0.007771,0.317688,0.014911,0.353791,0.305839
AAGTGCTTCTCTATTG-1,0.315856,0.21058,0.252103,0.030461,0.191
AAGTGTTTGGAGACGG-1,0.000026,0.206937,0.003392,0.652791,0.136855
AAGTTCACTCCAAGCT-1,0.013872,0.181449,0.020359,0.710737,0.073583
AAGTTCAGTCTGCGTA-1,0.000033,0.197296,0.140697,0.563982,0.097992
AAGTTCGGCCAACAGG-1,0.000035,0.756305,0.000035,0.07558,0.168045
AAGTTGTGATGTTATA-1,0.056282,0.341534,0.230069,0.156779,0.215337
AAGTTTACTAATGGCA-1,0.003313,0.000043,0.016976,0.520708,0.458961
AAGTTTATGGGCCCAA-1,0.032461,0.275088,0.345897,0.118248,0.228306
AATAACAACGCTCGGC-1,0.000045,0.605251,0.000481,0.351254,0.04297
AATAACACTAGAACAA-1,0.000028,0.887075,0.000028,0.052544,0.060324
AATAAGTCCTCGAGAC-1,0.000018,0.024554,0.022196,0.502287,0.450945
AATAATCTTCGTATCG-1,0.000512,0.022468,0.133951,0.214326,0.628744
AATACAATGTTTCAGG-1,0.015353,0.541406,0.000049,0.132577,0.310615
AATACCGGAGGGCTGT-1,0.002718,0.50777,0.35218,0.056448,0.080885
AATAGAACAGAGTGGC-1,0.000023,0.482346,0.000117,0.147077,0.370438
AATAGAATCTGTTTCA-1,0.000123,0.756566,0.000123,0.242818,0.00037
AATAGCAAGCCTCCTG-1,0.026826,0.055361,0.167196,0.217954,0.532663
AATAGCTACCGCGTGC-1,0.00003,0.354503,0.346707,0.253374,0.045386
AATAGGCACGACCCTT-1,0.010001,0.020006,0.010002,0.030008,0.929983
AATAGTCCGTCCCGAC-1,0.000021,0.607865,0.001318,0.034539,0.356257
AATAGTCGCGAGTCGG-1,0.00174,0.517414,0.00003,0.12471,0.356106
AATATCAAGGTCGGAT-1,0.000013,0.000025,0.000542,0.309407,0.690013
AATATCCTAGCAAACT-1,0.80429,0.000044,0.01709,0.083547,0.095029
AATATCGAATCAATGC-1,0.000036,0.210735,0.462438,0.308158,0.018632
AATATCGAGGGTTCTC-1,0.021728,0.080552,0.103644,0.597146,0.19693
AATATTGGAGTATTGA-1,0.000023,0.366995,0.000023,0.026252,0.606708
AATCAGACTGCAGGAC-1,0.000082,0.385714,0.000082,0.151821,0.462301
AATCAGGTTTCATTTA-1,0.168216,0.215973,0.125014,0.001005,0.489792
AATCATGTAAAGACTC-1,0.049304,0.629142,0.003059,0.000254,0.318241
AATCCAAGGGCCTGAG-1,0.056269,0.64198,0.021867,0.226566,0.053319
AATCCATGCAAGGGTG-1,0.000028,0.33616,0.008116,0.428311,0.227385
AATCCCGCTCAGAGCC-1,0.000056,0.000112,0.000056,0.798016,0.201761
AATCGAGGTCTCAAGG-1,0.000245,0.00049,0.000245,0.686923,0.312097
AATCGCCTCAGCGCCA-1,0.126159,0.767753,0.000101,0.000345,0.105642
AATCGCGCAGAGGACT-1,0.000642,0.174959,0.144481,0.504811,0.175107
AATCGGGACACTACGA-1,0.000013,0.000026,0.000013,0.148268,0.851681
AATCGTGAGCCGAGCA-1,0.010293,0.183748,0.464221,0.291163,0.050576
AATCTAGGTTTACTTG-1,0.028258,0.182615,0.073416,0.037958,0.677753
AATCTATGCCGGAGCC-1,0.000035,0.373996,0.234358,0.285895,0.105716
AATCTCTACTGTGGTT-1,0.018683,0.123041,0.007198,0.133323,0.717754
AATCTGCGTTGGGACG-1,0.000064,0.790533,0.000064,0.209145,0.000193
AATCTGGCTTTCTAGT-1,0.017177,0.141948,0.314724,0.019546,0.506605
AATCTGGGTAGACCCT-1,0.000086,0.682357,0.027874,0.289427,0.000257
AATGACAGCAATGTCT-1,0.000048,0.63336,0.000048,0.003655,0.362889
AATGACGTAGGATGTC-1,0.000067,0.522229,0.002326,0.475176,0.000202
AATGACTGTCAGCCGG-1,0.0244,0.075302,0.004537,0.691804,0.203956
AATGAGTTCGCATATG-1,0.000017,0.010102,0.000017,0.274948,0.714917
AATGATGATACGCTAT-1,0.000024,0.067392,0.019767,0.819009,0.093809
AATGATGCGACTCCTG-1,0.012267,0.026354,0.016035,0.477571,0.467773
AATGCAACCGGGTACC-1,0.002319,0.022956,0.006744,0.797133,0.170848
AATGCACCAAGCAATG-1,0.000027,0.060942,0.039724,0.781641,0.117666
AATGGCCGCCAATGCG-1,0.027958,0.013201,0.399037,0.027194,0.532611
AATGGTCCACCGTTCA-1,0.000038,0.334674,0.000038,0.164854,0.500397
AATGGTTCTCACAAGC-1,0.019166,0.518019,0.000049,0.362805,0.099961
AATGTATGGCACTGTA-1,0.925431,0.000053,0.027354,0.047082,0.00008
AATGTGCCCGAGGTGT-1,0.108127,0.147398,0.115392,0.405352,0.223732
AATGTGCTAATCTGAG-1,0.098552,0.166929,0.384237,0.003396,0.346885
AATGTTAAGACCCTGA-1,0.000027,0.238562,0.035442,0.475782,0.250186
AATTAAAGGTCGGCGT-1,0.000045,0.098158,0.044974,0.715109,0.141714
AATTAACGGATTTCCA-1,0.000031,0.281849,0.005812,0.549662,0.162646
AATTACGAGACCCATC-1,0.964689,0.002951,0.004877,0.000115,0.027368
AATTAGCGCTGCAGCG-1,0.00002,0.050534,0.012243,0.394349,0.542853
AATTATACCCAGCAAG-1,0.000034,0.449224,0.099733,0.312091,0.138918
AATTCATAAGGGATCT-1,0.019017,0.327673,0.002175,0.614807,0.036328
AATTCATTGTCATGCA-1,0.879529,0.000049,0.05576,0.064589,0.000073
AATTCCAAGCATGTAC-1,0.002666,0.485922,0.09622,0.112049,0.303143
AATTCGATTCGAGGAT-1,0.001936,0.266683,0.332622,0.338359,0.0604
AATTCTAGAGTTAGGC-1,0.00007,0.913608,0.00007,0.073203,0.013048
AATTGAACGCTCTGGT-1,0.000119,0.999048,0.000119,0.000357,0.000357
AATTGCAGCAATCGAC-1,0.041775,0.049143,0.397058,0.469509,0.042516
AATTGCGTGGATTACA-1,0.880931,0.06605,0.00905,0.043875,0.000093
AATTGTGGTTGCCAAA-1,0.149121,0.492603,0.351735,0.000349,0.006192
AATTTGGGACATAGTA-1,0.000051,0.418176,0.000051,0.581568,0.000153
AATTTGGTTCCAAAGA-1,0.000038,0.076966,0.004679,0.918205,0.000113
ACAAACCATGCGTCCT-1,0.783087,0.000022,0.000011,0.000033,0.216846
ACAAACCGACAAGGCG-1,0.019909,0.203603,0.000042,0.776319,0.000127
ACAAACTCCATCAGAG-1,0.241565,0.157053,0.0002,0.600582,0.0006
ACAAAGAAGGTAGGCC-1,0.722908,0.088345,0.074103,0.000089,0.114554
ACAAAGCATGACCTAG-1,0.00059,0.042598,0.26612,0.110832,0.57986
ACAAATCGCACCGAAT-1,0.000046,0.469803,0.003185,0.388836,0.13813
ACAAATGGTAGTGTTT-1,0.034326,0.700854,0.000121,0.000362,0.264337
ACAAATTCAGATCTGA-1,0.000041,0.220325,0.232662,0.522008,0.024964
ACAACAGCATGAGCTA-1,0.011609,0.473402,0.000128,0.324611,0.19025
ACAACGGTCCCTGCGA-1,0.001591,0.545281,0.004802,0.350176,0.09815
ACAAGCAGTGCCTAGC-1,0.000027,0.1013,0.026561,0.275448,0.596664
ACAAGCTATATGGAAG-1,0.780075,0.136425,0.000064,0.083243,0.000193
ACAAGGAAATCCGCCC-1,0.000028,0.079722,0.021316,0.711668,0.187266
ACAAGGACAAGAGGTT-1,0.00003,0.220481,0.007113,0.489156,0.283221
ACAAGGATGCTTTAGG-1,0.00149,0.262561,0.112625,0.460684,0.16264
ACAAGGCCTACCAGCC-1,0.000038,0.087341,0.326768,0.446466,0.139386
ACAAGGGCAGGCTCTG-1,0.000022,0.0124,0.019991,0.669201,0.298387
ACAAGTAATTGTAAGG-1,0.014288,0.028581,0.01429,0.899971,0.04287
ACAATAGTCGTACGTT-1,0.013228,0.377381,0.032154,0.05932,0.517917
ACAATCCATTTAAACC-1,0.000041,0.48839,0.012309,0.254178,0.245082
ACAATCGATCTTTATA-1,0.000015,0.078908,0.029847,0.268264,0.622967
ACAATGAATACGGAGA-1,0.00003,0.439675,0.002348,0.137309,0.420637
ACAATGATTCTTCTAC-1,0.00156,0.004243,0.516294,0.033415,0.444488
ACAATTGTGTCTCTTT-1,0.146403,0.338463,0.000087,0.022967,0.49208
ACAATTTAGGAGGCTC-1,0.082116,0.628719,0.000047,0.016506,0.272612
ACAATTTGGCCATATT-1,0.006295,0.00164,0.423522,0.081849,0.486694
ACACAAAGACGGGTGG-1,0.000028,0.030979,0.018346,0.85718,0.093466
ACACAAATATTCCTAG-1,0.00308,0.030739,0.245135,0.063691,0.657355
ACACACCAGGACCAGT-1,0.276146,0.390394,0.000095,0.000284,0.333082
ACACACTTTCTACACG-1,0.000032,0.006926,0.000032,0.672316,0.320693
ACACATGATCAAATCT-1,0.796714,0.203062,0.000032,0.000096,0.000096
ACACATTTCCGTAGAC-1,0.007089,0.176307,0.191156,0.188623,0.436826
ACACCACATAATTAGC-1,0.003194,0.430145,0.2115,0.102574,0.252587
ACACCCAGCATGCAGC-1,0.000025,0.002475,0.003766,0.65705,0.336684
ACACCCGAGAAATCCG-1,0.022673,0.453412,0.008899,0.254111,0.260905
ACACCCGTAAATCTGT-1,0.015195,0.140377,0.436687,0.189439,0.218302
ACACCGAGCGCTCTTT-1,0.000066,0.480454,0.000066,0.060773,0.458641
ACACCGGTCTGACCGC-1,0.877322,0.049919,0.051996,0.020693,0.00007
ACACCTTAAGTAGGGC-1,0.000042,0.279275,0.008711,0.59918,0.112793
ACACCTTACTACTTGC-1,0.012532,0.140523,0.084241,0.570183,0.19252
ACACGAGACTCCTTCT-1,0.000045,0.161207,0.000045,0.69779,0.140914
ACACGGCACTATGCAT-1,0.000024,0.028629,0.022216,0.61808,0.331051
ACACGGGAACTTAGGG-1,0.000098,0.743401,0.005603,0.250604,0.000294
ACACGTAGGCCACAAG-1,0.051963,0.356517,0.243302,0.148348,0.19987
ACACTCCAATGTCACT-1,0.018054,0.289553,0.000515,0.215139,0.476739
ACACTGATCAAGGTGT-1,0.000031,0.3664,0.000031,0.239794,0.393745
ACACTGGGACAGTCGT-1,0.054701,0.299792,0.427377,0.212404,0.005727
ACAGAACTGAGAACAA-1,0.04534,0.55542,0.035212,0.247423,0.116605
ACAGATTAGGTTAGTG-1,0.00003,0.161298,0.046088,0.630951,0.161633
ACAGCATAGAGCCAGT-1,0.000018,0.013542,0.016812,0.346152,0.623476
ACAGCGACATTCTCAT-1,0.150935,0.717088,0.126534,0.005216,0.000227
ACAGCGCACCCGCAGC-1,0.030515,0.807332,0.000074,0.161855,0.000223
ACAGGCACGGATCCTT-1,0.004636,0.000013,0.544341,0.094274,0.356736
ACAGGCTTGCCCGACT-1,0.000034,0.331416,0.064012,0.573994,0.030543
ACAGGTGGAGGTGAGG-1,0.000024,0.448389,0.006482,0.120852,0.424253
ACAGGTGTGTTGTTGC-1,0.814708,0.185112,0.000026,0.000077,0.000077
ACAGTAATACAACTTG-1,0.034253,0.258182,0.020878,0.282462,0.404226
ACAGTATACCGTGGGA-1,0.00315,0.00002,0.083393,0.001224,0.912212
ACAGTGCAGCGCATTT-1,0.011905,0.005997,0.587959,0.300538,0.0936
ACATAAGTCGTGGTGA-1,0.416004,0.175091,0.020621,0.036042,0.352242
ACATAATAAGGCGGTG-1,0.000038,0.000076,0.000038,0.51597,0.483879
ACATCAGCTGGGACGC-1,0.000043,0.815884,0.000043,0.005934,0.178096
ACATCCCGGCCATACG-1,0.000021,0.100962,0.000021,0.451119,0.447877
ACATCCTGGTAACTGT-1,0.001359,0.072901,0.053929,0.414326,0.457484
ACATCGATCGTTTACC-1,0.017291,0.205541,0.000043,0.745408,0.031718
ACATCGCAATATTCGG-1,0.319494,0.013336,0.006668,0.020005,0.640496
ACATCGGTCAGCCGCG-1,0.000073,0.788587,0.000073,0.195834,0.015432
ACATCGTATGCAATGG-1,0.016064,0.610329,0.00008,0.373288,0.00024
ACATCGTTAACCTAGT-1,0.000025,0.00005,0.000612,0.851559,0.147754
ACATCTCAACGCGTAA-1,0.000024,0.000063,0.001529,0.920801,0.077582
ACATGCTTACGGCAGC-1,0.610711,0.266241,0.000106,0.122625,0.000318
ACATGGCGCCAAAGTA-1,0.013494,0.322773,0.144462,0.37045,0.148822
ACATTAGTTTATATCC-1,0.000051,0.337214,0.0138,0.626705,0.02223
ACATTCGCGCGGAATA-1,0.52145,0.478134,0.00006,0.000179,0.000179
ACATTTGAAACCTAAC-1,0.000021,0.222539,0.202585,0.463445,0.111411
ACCAAACACCCAGCGA-1,0.000012,0.239579,0.159788,0.034898,0.565724
ACCAAACTAGAAATCC-1,0.014226,0.019029,0.025624,0.769016,0.172106
ACCAACACCACACACT-1,0.006021,0.0004,0.025419,0.147452,0.820709
ACCAACCGCACTCCAC-1,0.005811,0.000012,0.257636,0.1962,0.540341
ACCAACGCTTATTTAT-1,0.000039,0.665865,0.000039,0.032475,0.301583
ACCAAGAACGCGTGTC-1,0.000054,0.466998,0.006603,0.43446,0.091885
ACCAATATGCAAGTTA-1,0.000033,0.193366,0.000033,0.62499,0.181578
ACCACAACTCAGAACA-1,0.020915,0.812227,0.000076,0.127229,0.039553
ACCACAAGTTTCTATC-1,0.000248,0.129389,0.045826,0.823672,0.000865
ACCACACGGTTGATGG-1,0.000028,0.134738,0.061743,0.672576,0.130915
ACCACCAATGTAACAA-1,0.000036,0.324179,0.079543,0.371538,0.224704
ACCACCCTCTCTTCTA-1,0.000014,0.00692,0.292801,0.032289,0.667976
ACCACGTGCAGCTATA-1,0.000022,0.000044,0.000022,0.577549,0.422363
ACCAGACCATAACAAC-1,0.498019,0.317802,0.055654,0.019962,0.108563
ACCAGCCCGGTCTTTG-1,0.000024,0.018451,0.060397,0.746902,0.174226
ACCAGGAGTGTGATCT-1,0.000055,0.713197,0.026013,0.122675,0.138059
ACCAGTGCCCGGTCAA-1,0.000027,0.117781,0.047626,0.54267,0.291895
ACCAGTGCGGGAGACG-1,0.23323,0.38425,0.000114,0.000342,0.382064
ACCATATCCGCAATAA-1,0.052379,0.808824,0.000759,0.13787,0.000168
ACCATCCGCCAACTAG-1,0.003061,0.155289,0.102098,0.048913,0.69064
ACCATCGTATATGGTA-1,0.000069,0.406089,0.059554,0.440203,0.094086
ACCCAACGCCCGTGGC-1,0.000042,0.239861,0.038711,0.492642,0.228744
ACCCACCTACATGCTC-1,0.007431,0.353561,0.003405,0.30498,0.330624
ACCCATCTTGAGGGTA-1,0.000056,0.356853,0.000056,0.494259,0.148777
ACCCATTTGTCCCTCT-1,0.168429,0.349888,0.114031,0.039868,0.327784
ACCCGAGCGAAATTAC-1,0.127411,0.330664,0.118453,0.214958,0.208514
ACCCGATTGGTTCCGA-1,0.114851,0.632738,0.01789,0.00621,0.228311
ACCCGGAAACTCCCAG-1,0.000019,0.099277,0.000022,0.348296,0.552386
ACCCGGAGCACCACAA-1,0.00001,0.006442,0.294989,0.115525,0.583033
ACCCGGATGACGCATC-1,0.000036,0.180867,0.012232,0.467196,0.33967
ACCCGGTTACACTTCC-1,0.000032,0.041148,0.044745,0.69139,0.222685
ACCCGTAGCAGAGAAT-1,0.65806,0.3415,0.000063,0.000189,0.000189
ACCCGTGTCATCAGTA-1,0.000035,0.685857,0.000035,0.070008,0.244066
ACCCTATAGGACTGAG-1,0.03818,0.014891,0.000015,0.315405,0.631509
ACCCTATGCCATATCG-1,0.000021,0.086416,0.008387,0.181128,0.724049
ACCCTCCCGTCAGGGC-1,0.028164,0.000005,0.039364,0.01203,0.920437
ACCCTCCCTTGCTATT-1,0.039983,0.201141,0.041836,0.628317,0.088723
ACCCTGGTAACGCCCT-1,0.006887,0.084367,0.324538,0.245974,0.338234
ACCCTTCATCTGCGAA-1,0.000055,0.221616,0.004846,0.574637,0.198847
ACCCTTGCCTGGGTCG-1,0.031906,0.12626,0.372969,0.067332,0.401533
ACCCTTTAGTTCTCCA-1,0.000057,0.491832,0.048839,0.070398,0.388874
ACCGAAAGGGCCCTGC-1,0.00003,0.431228,0.002873,0.288831,0.277038
ACCGAAGAGTCTGGTT-1,0.898394,0.000053,0.008385,0.010772,0.082396
ACCGACACATCTCCCA-1,0.001396,0.423262,0.091384,0.266535,0.217423
ACCGACTGAGTCCCAC-1,0.000105,0.977741,0.000105,0.021732,0.000316
ACCGAGTCTCCTTATT-1,0.002227,0.464084,0.235828,0.245101,0.05276
ACCGATAGGCATAACC-1,0.015862,0.062714,0.361591,0.159399,0.400435
ACCGATATTTAATCAT-1,0.000493,0.088015,0.380755,0.381756,0.148981
ACCGATGGTAGCATCG-1,0.003264,0.757875,0.000063,0.102726,0.136071
ACCGCAATAACTGCCT-1,0.000043,0.317782,0.000043,0.650271,0.03186
ACCGCGGTGGAAGTCG-1,0.000031,0.026129,0.104004,0.566008,0.303829
ACCGCTAGTCATTGGT-1,0.520208,0.436659,0.042755,0.000189,0.000189
ACCGGGCCTTTGTTGA-1,0.045914,0.745884,0.190718,0.000274,0.017211
ACCGGTCAGGTACACC-1,0.486106,0.000028,0.000014,0.000042,0.513809
ACCGGTCTGAGTACGG-1,0.000038,0.035484,0.119571,0.806854,0.038053
ACCGTCCACTGGGCCC-1,0.999822,0.00004,0.00002,0.000059,0.000059
ACCGTGACCACGTGGG-1,0.016565,0.191235,0.002105,0.000056,0.790039
ACCGTTCCCGCTCTGA-1,0.003188,0.093186,0.078571,0.601225,0.223831
ACCTAAGTACCTTTCA-1,0.000038,0.354568,0.019314,0.28655,0.33953
ACCTAATCGACTTCCT-1,0.000039,0.130468,0.142206,0.39346,0.333827
ACCTACAGTATGTGGT-1,0.000054,0.546228,0.08435,0.26417,0.105198
ACCTACTATAAATCTA-1,0.001483,0.406475,0.323806,0.077255,0.190981
ACCTCCGCCCTCGCTG-1,0.005134,0.392545,0.34984,0.039696,0.212784
ACCTCCGTTATTCACC-1,0.000028,0.193342,0.24454,0.326839,0.235251
ACCTCGAACTTATGCT-1,0.87497,0.094253,0.027415,0.000102,0.00326
ACCTGCGTGTCATGTT-1,0.004635,0.301245,0.005765,0.196932,0.491423
ACCTTTCCTTTAGAAG-1,0.000035,0.19288,0.145047,0.64954,0.012499
ACGAAATGGGCGGCAC-1,0.000017,0.00736,0.064994,0.310539,0.61709
ACGACCCATGAGTTGC-1,0.006679,0.125823,0.405567,0.230046,0.231886
ACGACTCTAGGGCCGA-1,0.000019,0.085159,0.290176,0.158086,0.46656
ACGACTGGTCATACTC-1,0.010635,0.609399,0.116866,0.052249,0.210851
ACGAGAACCCATCACG-1,0.010734,0.000682,0.000013,0.130453,0.858118
ACGAGATATTTGCTTA-1,0.000049,0.383719,0.000049,0.579549,0.036635
ACGAGGATACCACTCT-1,0.012184,0.161346,0.244355,0.445821,0.136295
ACGAGGTTTACAACGT-1,0.877584,0.028947,0.024971,0.000087,0.068411
ACGAGTACGGATGCCC-1,0.000019,0.000765,0.034713,0.31536,0.649143
ACGATACATAGAACTA-1,0.118504,0.437186,0.003903,0.327253,0.113154
ACGATACCTATCCTGA-1,0.674083,0.264814,0.048166,0.012798,0.000139
ACGATCATACATAGAG-1,0.000057,0.270841,0.000057,0.728873,0.000171
ACGATCATCTTGTAAA-1,0.000035,0.138255,0.063257,0.605209,0.193243
ACGATGCATATGTTAT-1,0.007311,0.254632,0.000039,0.53575,0.202268
ACGATGGATCCGATGC-1,0.000023,0.000046,0.000023,0.64708,0.352829
ACGCAAACTAATAGAT-1,0.027381,0.083222,0.262824,0.002042,0.62453
ACGCAATCACTACAGC-1,0.062389,0.266045,0.169748,0.238937,0.262882
ACGCATAAATGACATG-1,0.026135,0.000033,0.302069,0.261872,0.409891
ACGCATACGTTTACTA-1,0.076494,0.455179,0.0929,0.000249,0.375179
ACGCATTCGTGAGTAC-1,0.020306,0.979095,0.000086,0.000257,0.000257
ACGCCACTCGAAACAG-1,0.025485,0.437275,0.011192,0.434106,0.091943
ACGCCAGATGATTTCT-1,0.000033,0.02847,0.009464,0.896714,0.065319
ACGCCAGTGCGTTTGC-1,0.005784,0.101023,0.179742,0.41579,0.297661
ACGCCCAGCTGTCGAT-1,0.001958,0.002165,0.000869,0.599855,0.395155
ACGCCGCTAGACGACC-1,0.000021,0.000042,0.000021,0.703324,0.296592
ACGCGAAGTCAGACGA-1,0.000021,0.0511,0.000021,0.510239,0.438619
ACGCGCTACACAGGGT-1,0.000033,0.455598,0.000033,0.03682,0.507516
ACGCGGGCCAAGGACA-1,0.000122,0.999023,0.000122,0.000366,0.000366
ACGCGTTTCTTAAGAG-1,0.037849,0.546646,0.000034,0.241541,0.17393
ACGCTAGTATCAGTGC-1,0.000019,0.206247,0.510227,0.136933,0.146575
ACGCTAGTGATACACT-1,0.000027,0.139213,0.029285,0.514352,0.317123
ACGCTGTGAGGCGTAG-1,0.000037,0.23062,0.003495,0.335018,0.430831
ACGCTTAGTGTCTCTC-1,0.205429,0.611656,0.000089,0.035029,0.147797
ACGGAACACGAGTGCC-1,0.004349,0.162193,0.124359,0.429258,0.279842
ACGGAATTTAGCAAAT-1,0.000021,0.133915,0.011592,0.393792,0.46068
ACGGACGCAGCGACAA-1,0.628967,0.000083,0.000041,0.370785,0.000124
ACGGACTCTCAAAGCG-1,0.035258,0.246318,0.079684,0.39062,0.24812
ACGGAGCGCAAATTAC-1,0.000027,0.221577,0.173684,0.163541,0.441172
ACGGATGGTGCGGATA-1,0.000032,0.085764,0.064206,0.729553,0.120446
ACGGCACTTGCTTGGG-1,0.000029,0.272814,0.014207,0.442382,0.270568
ACGGCCAACATGGACT-1,0.000035,0.563835,0.015802,0.290306,0.130023
ACGGCGACGATGGGAA-1,0.000027,0.002715,0.000908,0.808491,0.187859
ACGGCGGGTTGCCCTG-1,0.000047,0.693524,0.000081,0.261774,0.044574
ACGGCTGGATGTAGAA-1,0.827304,0.110914,0.000048,0.061589,0.000145
ACGGGAGTGTCGGCCC-1,0.007119,0.256519,0.05505,0.385114,0.296198
ACGGGCGTATGCGACA-1,0.015265,0.001984,0.038702,0.028002,0.916047
ACGGGTCATGTGACTT-1,0.033593,0.388911,0.024422,0.243676,0.309397
ACGGGTTGTGACCTGT-1,0.775308,0.128042,0.000056,0.096427,0.000167
ACGGTACAGTTCAATG-1,0.000025,0.244065,0.261393,0.409728,0.08479
ACGGTCACCGAGAACA-1,0.801636,0.176021,0.000043,0.022169,0.00013
ACGTACAGATTTCTCT-1,0.005893,0.113469,0.044426,0.618415,0.217796
ACGTACTTTGGCACGG-1,0.485114,0.120554,0.000028,0.000083,0.394222
ACGTAGATTGCTGATG-1,0.000132,0.638372,0.000132,0.282414,0.078949
ACGTAGGAGAGTCGCT-1,0.004147,0.03974,0.15358,0.193251,0.609281
ACGTATTACTCCGATC-1,0.000069,0.335615,0.084025,0.545808,0.034483
ACGTCCTAAACGAGAT-1,0.000025,0.234913,0.011082,0.213125,0.540856
ACGTCGGGCAACTCGG-1,0.582541,0.294035,0.000093,0.000278,0.123053
ACGTCTCGTTCCGGGA-1,0.281718,0.264948,0.191708,0.000072,0.261554
ACGTGACAAAGTAAGT-1,0.896606,0.000067,0.000033,0.103105,0.000189
ACGTGCGCCTCGTGCA-1,0.000093,0.234624,0.006229,0.758774,0.000279
ACGTGGTCGAATGTGC-1,0.0111,0.471055,0.008381,0.496917,0.012547
ACGTTAATGTCGAAGA-1,0.014058,0.507287,0.000055,0.478437,0.000164
ACGTTAGATTTGCCCG-1,0.000061,0.304169,0.119565,0.576023,0.000182
ACGTTATTGGTCACTC-1,0.000064,0.57996,0.001701,0.251971,0.166304
ACGTTCACTATGCCGC-1,0.358214,0.482203,0.000072,0.159293,0.000217
ACGTTCCGCGCTCCGT-1,0.000032,0.319717,0.000802,0.385959,0.29349
ACGTTCGCAATCAATT-1,0.000221,0.262843,0.12759,0.444873,0.164474
ACGTTCGTTCAGGAAA-1,0.000019,0.4127,0.162385,0.224929,0.199967
ACGTTCTGTACAAGTC-1,0.001633,0.013945,0.385272,0.134736,0.464414
ACGTTGTCGTTGAAAG-1,0.453671,0.459689,0.000141,0.086076,0.000424
ACGTTTAGTTGTGATC-1,0.000042,0.03941,0.000042,0.96038,0.000126
ACTAAGGACGCACACC-1,0.097853,0.003459,0.111318,0.021078,0.766292
ACTAATACGTCAGGCG-1,0.000029,0.001076,0.013203,0.540775,0.444917
ACTACAAAGAGAGGTG-1,0.000015,0.366228,0.011912,0.221836,0.40001
ACTACATCCCGACAAG-1,0.632538,0.008575,0.20402,0.002855,0.152012
ACTACCAGCTCTCTGG-1,0.042104,0.07327,0.010772,0.660008,0.213846
ACTACCATCCGAGGGC-1,0.617597,0.251144,0.000055,0.13104,0.000165
ACTACGCGTTAGAATT-1,0.022864,0.069081,0.169826,0.133151,0.605078
ACTAGTTGCGATCGTC-1,0.125807,0.52776,0.089121,0.053183,0.204128
ACTATATGCTGTGTTC-1,0.007397,0.114841,0.287212,0.502093,0.088457
ACTATCCAGGGCATGG-1,0.000036,0.202141,0.191299,0.44467,0.161854
ACTATCTGCCCGCGTA-1,0.000026,0.073588,0.338369,0.211723,0.376293
ACTATGTCCAGCTGCC-1,0.415736,0.044138,0.000264,0.000096,0.539766
ACTATTCGTCCGTGGT-1,0.000025,0.000049,0.000025,0.745705,0.254196
ACTATTTCCGGGCCCA-1,0.000028,0.456101,0.005346,0.003683,0.534842
ACTCAACGAATGTATT-1,0.000008,0.000015,0.000008,0.086322,0.913648
ACTCAAGTGCAAGGCT-1,0.000021,0.093389,0.106401,0.601602,0.198588
ACTCAATAAAGGCACG-1,0.019615,0.64106,0.000069,0.339047,0.000208
ACTCAGACCTGCTTCT-1,0.000016,0.000031,0.000016,0.137139,0.862799
ACTCATGGCAGCCTTC-1,0.68061,0.000027,0.037673,0.005924,0.275766
ACTCCAATATCATCAT-1,0.049562,0.273689,0.059697,0.094969,0.522084
ACTCCCATTCCTAAAG-1,0.00005,0.728822,0.003415,0.151041,0.116672
ACTCCCGAATTCGTTT-1,0.000055,0.313861,0.136692,0.523821,0.025572
ACTCCCGTAGACTAGG-1,0.000017,0.165248,0.171304,0.053842,0.609589
ACTCCCTAATGCTAAA-1,0.000021,0.12601,0.014131,0.454561,0.405277
ACTCCCTAGAATAGTA-1,0.000048,0.234778,0.000048,0.764983,0.000144
ACTCCGGCCGACCACT-1,0.000026,0.279373,0.368332,0.269901,0.082368
ACTCGATGTATTTCAT-1,0.000049,0.455904,0.000049,0.218614,0.325384
ACTCGCGATCTGACGC-1,0.04727,0.14165,0.301883,0.232604,0.276593
ACTCGTAACCCGTCCT-1,0.038948,0.547149,0.000042,0.062231,0.351631
ACTCGTCAGTAATCCC-1,0.022461,0.420117,0.000077,0.232616,0.32473
ACTCTAAACCTGGGAT-1,0.543289,0.259682,0.000044,0.000133,0.196851
ACTCTCTGACTTAGGT-1,0.00013,0.645407,0.00013,0.353943,0.00039
ACTCTCTTATACACGA-1,0.0218,0.651686,0.011221,0.167139,0.148155
ACTCTGACCTAATAGA-1,0.001275,0.013725,0.597663,0.05511,0.332227
ACTCTTCAGCTCCCGC-1,0.015046,0.002802,0.446223,0.170008,0.365921
ACTCTTGTATAGTAAC-1,0.053456,0.70155,0.000132,0.113759,0.131103
ACTGAAACGCCGTTAG-1,0.000036,0.158669,0.084917,0.615781,0.140596
ACTGAATGGCGAAAGT-1,0.035994,0.454698,0.000058,0.499753,0.009498
ACTGATTTAGTGATTC-1,0.000112,0.752887,0.000112,0.246555,0.000335
ACTGCCCGCCATTCTC-1,0.258597,0.483845,0.166247,0.002147,0.089163
ACTGCCGTCGTAACTC-1,0.000033,0.008831,0.003484,0.944611,0.043041
ACTGCGGACACACCGT-1,0.00003,0.498236,0.18005,0.238545,0.083138
ACTGCTCGGAAGGATG-1,0.409145,0.000037,0.000018,0.000055,0.590744
ACTGGCGAACCTGCGT-1,0.041038,0.310173,0.30643,0.095621,0.246738
ACTGGGATGCCAGTGC-1,0.000025,0.469717,0.147658,0.076741,0.30586
ACTGTAGCACTTTGGA-1,0.000033,0.044426,0.004379,0.67868,0.272481
ACTGTATACGCGAGCA-1,0.003594,0.000029,0.017455,0.460303,0.518619
ACTGTCCAGGATTATA-1,0.002106,0.290568,0.045649,0.390234,0.271443
ACTGTCTTCTTTAGAA-1,0.014131,0.322861,0.000062,0.622322,0.040623
ACTGTGCTAGTAGATC-1,0.000029,0.139838,0.000029,0.529762,0.330342
ACTGTTTAGTGTAGGC-1,0.000039,0.235953,0.001006,0.576312,0.18669
ACTTACCGGGCGCGCA-1,0.000026,0.006949,0.025838,0.520925,0.446261
ACTTACGCATCCACGC-1,0.000039,0.200929,0.006164,0.514412,0.278455
ACTTAGTACGACAAGA-1,0.000045,0.000303,0.000145,0.207456,0.79205
ACTTATACTTACCCGG-1,0.000064,0.868824,0.000064,0.059501,0.071547
ACTTATCTGATCTATA-1,0.000073,0.158041,0.000073,0.37269,0.469122
ACTTATTAGGATCGGT-1,0.000075,0.539442,0.000075,0.460179,0.000228
ACTTATTTATGTGCCA-1,0.036864,0.660644,0.016652,0.087079,0.198762
ACTTCAGGCTGATCCC-1,0.000022,0.162881,0.000024,0.706586,0.130488
ACTTCCAGTGGAAGCT-1,0.88448,0.000083,0.006362,0.108952,0.000124
ACTTCCATGCGGGACA-1,0.003013,0.025291,0.034119,0.33787,0.599707
ACTTCCTGTCGTGCGA-1,0.057794,0.224893,0.488699,0.088199,0.140415
ACTTCGCCATACGCAC-1,0.033563,0.295678,0.000064,0.502648,0.168047
ACTTCGCTAGCGAGTG-1,0.0518,0.11879,0.344223,0.155226,0.329962
ACTTGACTCCCTCTTT-1,0.017381,0.196181,0.116065,0.66668,0.003693
ACTTGCCATATTGTAC-1,0.010641,0.051277,0.009506,0.419316,0.50926
ACTTGCTCTATCTACC-1,0.834069,0.164785,0.000164,0.000491,0.000491
ACTTGGGACCCGGTGG-1,0.000022,0.00331,0.001428,0.601805,0.393434
ACTTGGGCTTTCGCCA-1,0.003847,0.33899,0.634079,0.011542,0.011542
ACTTGTAGTCCCTTCA-1,0.076775,0.265925,0.000054,0.013152,0.644094
ACTTGTGGATGGAACG-1,0.047422,0.25947,0.358625,0.328651,0.005832
ACTTGTTACCGGATCA-1,0.000023,0.201817,0.034701,0.551126,0.212334
ACTTTACCCTCATGAA-1,0.004546,0.359138,0.108146,0.331793,0.196378
ACTTTATACACCACTT-1,0.61063,0.191752,0.000067,0.19735,0.000202
ACTTTCCTATAGCTTC-1,0.122161,0.710818,0.000099,0.166624,0.000298
ACTTTGACTGCATCCT-1,0.000029,0.245326,0.00098,0.096264,0.657401
ACTTTGGTCGTGCTCC-1,0.799478,0.071983,0.081894,0.017705,0.02894
ACTTTGTCGACGCACT-1,0.009353,0.065642,0.349242,0.348599,0.227164
AGAAATTATGACTCGC-1,0.002055,0.006435,0.398525,0.211794,0.381192
AGAACACGGCGATGGT-1,0.567461,0.426876,0.000114,0.005207,0.000342
AGAACCCAGCGTGACA-1,0.005735,0.295427,0.459891,0.078979,0.159967
AGAACCCTCAATTGGG-1,0.924998,0.000053,0.000041,0.074829,0.000079
AGAACGTGGTACATTC-1,0.000094,0.822748,0.000094,0.046768,0.130296
AGAACTGTACTTTGTA-1,0.001839,0.202256,0.176224,0.420991,0.19869
AGAAGAGCGCCGTTCC-1,0.056824,0.166488,0.000518,0.774614,0.001555
AGAAGGTACACTTCAC-1,0.218906,0.08508,0.036582,0.113981,0.545451
AGAAGGTTGCCGAATT-1,0.000044,0.264836,0.026126,0.621129,0.087865
AGAAGGTTGTAGGTCG-1,0.016297,0.002119,0.085466,0.080727,0.815391
AGAAGTGATTCGTGAT-1,0.000094,0.889769,0.000094,0.000281,0.109763
AGAATAAATCTTCAGG-1,0.068803,0.407287,0.000037,0.523762,0.000111
AGAATGCGGGTTCGGA-1,0.000024,0.133666,0.218344,0.358866,0.2891
AGAATTATGGATTCGA-1,0.000037,0.265489,0.000037,0.734324,0.000112
AGAATTGTTTGACATA-1,0.000013,0.085097,0.004188,0.189877,0.720825
AGACAGCTCAGAATCC-1,0.027733,0.428285,0.000028,0.065998,0.477957
AGACAGGCATCTCAGC-1,0.009605,0.095451,0.366019,0.202264,0.326661
AGACATAGATCCTTCC-1,0.005701,0.000025,0.025846,0.194316,0.774111
AGACCAAACCACACCT-1,0.619474,0.000048,0.000024,0.000072,0.380382
AGACCATGGGATACAA-1,0.000029,0.107504,0.002672,0.520611,0.369185
AGACCCACCGCTGATC-1,0.000038,0.450795,0.000038,0.290748,0.258382
AGACCCGCCCTCCTCG-1,0.00003,0.096362,0.059112,0.682737,0.161759
AGACCGCTCCGCGGTT-1,0.006245,0.025532,0.476278,0.44944,0.042506
AGACCGGGAAACCCTG-1,0.000033,0.565964,0.000033,0.125225,0.308744
AGACGAAGTGCCGGTC-1,0.000072,0.337563,0.014143,0.406431,0.241791
AGACGACGATGCCGCT-1,0.000026,0.407992,0.022171,0.106879,0.462933
AGACGCCCACTTCGCC-1,0.00303,0.010059,0.287332,0.076466,0.623113
AGACGGGATTGGTATA-1,0.069636,0.604217,0.000139,0.325791,0.000217
AGACGGGCCGATTTAA-1,0.000015,0.000279,0.008042,0.275048,0.716616
AGACTAGCCTTCCAGA-1,0.000024,0.018552,0.00084,0.597745,0.382839
AGACTGTTACCGGGTC-1,0.011208,0.189473,0.30536,0.033222,0.460737
AGAGAAACACCAGAAA-1,0.132833,0.255659,0.221799,0.131459,0.258249
AGAGAACCGTCTAGGA-1,0.000073,0.967505,0.000073,0.032129,0.00022
AGAGAAGGAGTACAAT-1,0.0103,0.530302,0.00072,0.014886,0.443791
AGAGATCTCTAAAGCG-1,0.00799,0.309472,0.036716,0.30019,0.345631
AGAGCAGTTATGAGAC-1,0.137749,0.047901,0.001397,0.572021,0.240931
AGAGCCGCCGAGATTT-1,0.061024,0.532731,0.356185,0.008729,0.041331
AGAGCGCTTGTAACGG-1,0.010836,0.256431,0.371311,0.098508,0.262914
AGAGCGGGCTAATCAT-1,0.000027,0.000054,0.000027,0.402129,0.597763
AGAGCGTACAAGCTCG-1,0.001552,0.133398,0.002409,0.662702,0.199939
AGAGCTACGAAAGCAT-1,0.000044,0.673367,0.000044,0.094861,0.231685
AGAGGCTTCGGAAACC-1,0.016308,0.387858,0.057461,0.255754,0.282619
AGAGGGACAATTGTCC-1,0.002117,0.181995,0.417112,0.017056,0.38172
AGAGGTATCTCGGTCC-1,0.00002,0.028781,0.017741,0.291226,0.662232
AGAGTAAACTTCACTA-1,0.000031,0.129388,0.288029,0.278432,0.304119
AGAGTATAGTGTTACG-1,0.000021,0.223745,0.148107,0.093872,0.534255
AGAGTGAACAGACACC-1,0.028439,0.002818,0.4213,0.283279,0.264164
AGAGTTAGAGACCGAT-1,0.000037,0.010006,0.090545,0.786524,0.112889
AGAGTTGCAGGCCTCC-1,0.031381,0.002855,0.353471,0.20904,0.403253
