Barcode,Topic 1,Topic 2to3,Topic 4,Topic 5to6,Topic 7,Topic 8,Topic 9,Topic 10
AAACAAGTATCTCCCA-1,0.013604,0.384794,0.089713,0.155776,0.014344,0.053336,0.13388,0.154553
AAACACCAATAACTGC-1,0.759103,0.019209,0.013942,0.19685,0.000918,0.004636,0.000417,0.004925
AAACAGCTTTCAGAAG-1,0.089074,0.053338,0.125352,0.148207,0.009863,0.388194,0.099207,0.086764
AAACAGGGTCTATATT-1,0.045861,0.016169,0.025023,0.881353,0.000008,0.014093,0.002084,0.015409
AAACAGTGTTCCTGGG-1,0.066017,0.134798,0.016196,0.378074,0.007797,0.04986,0.18818,0.159078
AAACATGGTGAGAGGA-1,0.966472,0.018427,0.006996,0.003098,0.00001,0.00001,0.000044,0.004943
AAACATTTCCCGGATT-1,0.032688,0.260798,0.235182,0.324392,0.025709,0.031221,0.031648,0.058362
AAACCCGAACGAAATC-1,0.000008,0.33269,0.014844,0.174106,0.010671,0.007666,0.09166,0.368355
AAACCGGAAATGTTAA-1,0.00001,0.46999,0.021218,0.178289,0.007839,0.017038,0.030838,0.274778
AAACCGGGTAGGTACC-1,0.110736,0.16383,0.178563,0.403064,0.014275,0.027094,0.035135,0.067303
AAACCGTTCGTCCAGG-1,0.041459,0.082649,0.045217,0.807832,0.006797,0.002053,0.001152,0.01284
AAACCTAAGCAGCCGG-1,0.018418,0.099489,0.198267,0.601393,0.014517,0.008506,0.016593,0.042817
AAACCTCATGAAGTTG-1,0.072186,0.189923,0.203208,0.389935,0.033276,0.039178,0.042456,0.02984
AAACGAAGAACATACC-1,0.04199,0.000093,0.000047,0.000093,0.584877,0.227464,0.145389,0.000047
AAACGAAGATGGAGTA-1,0.632294,0.000015,0.000935,0.356344,0.000007,0.001223,0.000007,0.009174
AAACGAGACGGTTGAT-1,0.018918,0.421136,0.038359,0.071929,0.009175,0.015699,0.171169,0.253615
AAACGCTGGGCACGAC-1,0.034228,0.226189,0.085377,0.167944,0.002106,0.032533,0.121124,0.330499
AAACGGGCGTACGGGT-1,0.067907,0.110678,0.257014,0.425252,0.053822,0.005063,0.023619,0.056645
AAACGGTTGCGAACTG-1,0.028486,0.625787,0.007847,0.190477,0.006573,0.058127,0.025372,0.057331
AAACTCGGTTCGCAAT-1,0.050296,0.285146,0.058314,0.442014,0.005931,0.098975,0.028016,0.031307
AAACTCGTGATATAAG-1,0.015111,0.000086,0.000043,0.000086,0.308563,0.350171,0.324732,0.00121
AAACTGCTGGCTCCAA-1,0.000008,0.509026,0.086809,0.282188,0.017555,0.005843,0.032022,0.066547
AAACTTAATTGCACGC-1,0.961868,0.009724,0.009536,0.00316,0.001689,0.001468,0.004016,0.00854
AAACTTGCAAACGTAT-1,0.175892,0.072199,0.373023,0.164652,0.100323,0.013566,0.053954,0.046392
AAAGAATGACCTTAGA-1,0.922586,0.033507,0.008836,0.032799,0.000009,0.000009,0.000009,0.002244
AAAGAATGTGGACTAA-1,0.027149,0.057092,0.072571,0.612636,0.013471,0.085208,0.093475,0.0384
AAAGACTGGGCGCTTT-1,0.187584,0.315512,0.040772,0.113544,0.018019,0.090561,0.030896,0.203113
AAAGGCCCTATAATAC-1,0.860619,0.017196,0.022758,0.030314,0.011117,0.018716,0.026855,0.012425
AAAGGCTACGGACCAT-1,0.040162,0.206764,0.070125,0.520426,0.006269,0.02483,0.062307,0.069117
AAAGGCTCTCGCGCCG-1,0.075886,0.246974,0.245173,0.207843,0.038318,0.027084,0.050401,0.108321
AAAGGGATGTAGCAAG-1,0.000017,0.612067,0.043513,0.126333,0.09274,0.000493,0.074656,0.050181
AAAGGGCAGCTTGAAT-1,0.020915,0.01794,0.004988,0.002561,0.219537,0.137147,0.580411,0.0165
AAAGTAGCATTGCTCA-1,0.245109,0.012954,0.015968,0.518095,0.002692,0.185988,0.007834,0.01136
AAAGTCGACCCTCAGT-1,0.020772,0.20448,0.152242,0.345718,0.017781,0.139208,0.073726,0.046073
AAAGTGCCATCAATTA-1,0.009029,0.214976,0.040974,0.107308,0.000783,0.015114,0.372339,0.239478
AAAGTGTGATTTATCT-1,0.000079,0.564918,0.051921,0.112966,0.002449,0.001854,0.015597,0.250215
AAAGTTGACTCCCGTA-1,0.000009,0.6981,0.012523,0.186951,0.000345,0.000012,0.008501,0.093559
AAATAAGGTAGTGCCC-1,0.000014,0.207094,0.023935,0.15789,0.256934,0.043505,0.205013,0.105615
AAATACCTATAAGCAT-1,0.002004,0.273314,0.273985,0.215594,0.015363,0.017393,0.063277,0.13907
AAATAGCTTAGACTTT-1,0.000013,0.501833,0.00973,0.335014,0.027299,0.001255,0.068199,0.056657
AAATAGGGTGCTATTG-1,0.003016,0.170723,0.205512,0.481697,0.022902,0.011411,0.060841,0.043899
AAATCCGATACACGCC-1,0.00565,0.07813,0.11527,0.661731,0.029076,0.027315,0.048975,0.033852
AAATCGCGGAAGGAGT-1,0.86755,0.038727,0.026135,0.010136,0.000481,0.00001,0.002194,0.054768
AAATCGTGTACCACAA-1,0.000732,0.130538,0.099079,0.338462,0.014717,0.158249,0.19758,0.060643
AAATCTAGCCCTGCTA-1,0.00001,0.593938,0.046306,0.23399,0.009547,0.009138,0.01497,0.0921
AAATCTGCCCGCGTCC-1,0.999896,0.000023,0.000012,0.000023,0.000012,0.000012,0.000012,0.000012
AAATGACTGATCAAAC-1,0.087385,0.305552,0.039058,0.050333,0.00817,0.084876,0.193576,0.231048
AAATGCTCGTTACGTT-1,0.000048,0.110405,0.003796,0.000095,0.655409,0.000048,0.198402,0.031797
AAATGGCCCGTGCCCT-1,0.217575,0.00142,0.011065,0.340019,0.005649,0.407003,0.01365,0.00362
AAATGGTCAATGTGCC-1,0.000021,0.241096,0.068104,0.036574,0.018445,0.023992,0.263169,0.3486
AAATGTATCTTATCCC-1,0.007121,0.467162,0.031855,0.12492,0.049647,0.046969,0.140079,0.132247
AAATTAACGGGTAGCT-1,0.032982,0.308998,0.047465,0.078191,0.010124,0.068076,0.323455,0.13071
AAATTAATAAGCGCGA-1,0.006701,0.315076,0.077153,0.126961,0.018089,0.053206,0.180004,0.22281
AAATTACCTATCGATG-1,0.000017,0.360368,0.020356,0.212886,0.231828,0.00286,0.129595,0.042091
AAATTCCAGGTCCAAA-1,0.021078,0.305971,0.018056,0.373469,0.091114,0.07022,0.09539,0.024702
AAATTGATAGTCCTTT-1,0.079191,0.030325,0.049141,0.369703,0.021369,0.372223,0.061139,0.016909
AAATTTGCGGGTGTGG-1,0.015583,0.061215,0.286955,0.293168,0.015311,0.007013,0.161944,0.158811
AACAACTGGTAGTTGC-1,0.015561,0.555638,0.008917,0.136987,0.066525,0.043303,0.120683,0.052385
AACAATACATTGTCGA-1,0.025939,0.151242,0.042499,0.609282,0.005313,0.070145,0.048947,0.046632
AACAATTACTCTACGC-1,0.019562,0.178344,0.022312,0.021658,0.012335,0.074731,0.351276,0.319781
AACACACGCTCGCCGC-1,0.007539,0.081462,0.258777,0.11318,0.079304,0.003066,0.154229,0.302442
AACACGACTGTACTGA-1,0.126927,0.000184,0.000092,0.00654,0.737575,0.128498,0.000092,0.000092
AACACGAGACGCGGCC-1,0.432387,0.077559,0.234212,0.152477,0.023397,0.023202,0.027287,0.029479
AACAGCTGTGTGGCAA-1,0.1468,0.088884,0.058432,0.608137,0.011962,0.05728,0.008569,0.019935
AACAGGAAATCGAATA-1,0.081998,0.000151,0.000075,0.000151,0.177635,0.204913,0.535002,0.000075
AACAGGATGGGCCGCG-1,0.015858,0.613028,0.032543,0.073376,0.095944,0.032364,0.118224,0.018663
AACAGGTAGTATGGAT-1,0.001636,0.355775,0.057506,0.08794,0.028048,0.05084,0.110255,0.308
AACATAGCGTGTATCG-1,0.085813,0.160218,0.216293,0.283362,0.030916,0.007576,0.068959,0.146863
AACATATCAACTGGTG-1,0.000022,0.27679,0.023775,0.182413,0.263395,0.002288,0.109654,0.141664
AACATTGAAGTTGATC-1,0.525023,0.023628,0.043544,0.390695,0.000007,0.000007,0.000007,0.017091
AACATTGTGACTCGAG-1,0.099134,0.038061,0.056991,0.109621,0.315658,0.063636,0.242027,0.074873
AACCAAGACTTCTCTG-1,0.122299,0.242478,0.23622,0.040423,0.031828,0.018797,0.184781,0.123174
AACCATAGGGTTGAAC-1,0.970417,0.007234,0.010216,0.001938,0.00474,0.00098,0.001621,0.002854
AACCATGGGATCGCTA-1,0.00002,0.274625,0.02554,0.084953,0.496191,0.037811,0.076883,0.003976
AACCCAGAGACGGAGA-1,0.000031,0.173111,0.052129,0.050027,0.452631,0.015764,0.233758,0.022549
AACCCATCCCATGATC-1,0.943859,0.00485,0.015054,0.00473,0.003022,0.012623,0.013351,0.002511
AACCCGACAACCCGTG-1,0.257747,0.092974,0.115438,0.132902,0.217084,0.028155,0.036203,0.119498
AACCCGAGCAGAATCG-1,0.103696,0.105633,0.127912,0.046111,0.027129,0.112099,0.392414,0.085005
AACCCGCTGTATTCCA-1,0.034574,0.157086,0.09045,0.075686,0.032943,0.099557,0.258838,0.250867
AACCCTACTGTCAATA-1,0.026284,0.37572,0.014777,0.035684,0.049422,0.074191,0.224177,0.199744
AACCCTGGTGGAACCA-1,0.000014,0.118337,0.003109,0.207276,0.666308,0.000014,0.000014,0.004927
AACCGAGCTTGGTCAT-1,0.000024,0.422952,0.151155,0.061545,0.32379,0.000027,0.021161,0.019345
AACCGCTAAGGGATGC-1,0.059946,0.479639,0.024484,0.093904,0.024262,0.03354,0.210474,0.073751
AACCGTTGTGTTTGCT-1,0.086271,0.00012,0.00006,0.00012,0.913248,0.00006,0.00006,0.00006
AACCTCGCTTTAGCCC-1,0.000006,0.199542,0.020169,0.741504,0.003656,0.022219,0.006512,0.006392
AACCTGTCACGGAATT-1,0.000016,0.294267,0.016025,0.085534,0.160314,0.096073,0.215794,0.131977
AACCTTTAAATACGGT-1,0.00001,0.23356,0.131522,0.548908,0.002869,0.013391,0.01319,0.056548
AACGAAAGTCGTCCCA-1,0.837521,0.000039,0.001677,0.001418,0.017057,0.131657,0.010613,0.00002
AACGACCTCCTAGCCG-1,0.086672,0.067819,0.040823,0.462338,0.005244,0.050314,0.070225,0.216566
AACGATAATGCCGTAG-1,0.001614,0.17159,0.264801,0.235351,0.015942,0.09079,0.144346,0.075565
AACGATAGAAGGGCCG-1,0.000065,0.000129,0.000065,0.000129,0.208492,0.602202,0.188853,0.000065
AACGATATGTCAACTG-1,0.000025,0.12721,0.012873,0.086426,0.108089,0.007285,0.610268,0.047825
AACGCATGATCTGGGT-1,0.112091,0.00017,0.000085,0.00017,0.545896,0.160016,0.181487,0.000085
AACGCGACCTTGGGCG-1,0.063103,0.255934,0.085062,0.182502,0.012437,0.048428,0.17654,0.175994
AACGCGGTCTCCAGCC-1,0.007804,0.112164,0.009858,0.003706,0.094731,0.031184,0.703173,0.03738
AACGCTGTTGCTGAAA-1,0.000008,0.253219,0.06375,0.656366,0.004819,0.000008,0.00344,0.018391
AACGGACGTACGTATA-1,0.003398,0.147713,0.325274,0.207673,0.058846,0.033736,0.10898,0.11438
AACGGCCATCTCCGGT-1,0.021228,0.092492,0.259177,0.39825,0.024492,0.034193,0.141632,0.028537
AACGTACTGTGGGTAC-1,0.000007,0.223294,0.034426,0.659627,0.01036,0.046761,0.016098,0.009427
AACGTCAGACTAGTGG-1,0.000031,0.388584,0.013436,0.018677,0.224507,0.042817,0.29634,0.015607
AACGTCATCCGGCTTG-1,0.032924,0.717624,0.015298,0.089876,0.027793,0.019399,0.046155,0.050931
AACGTCGCTGCACTTC-1,0.034127,0.247345,0.139501,0.52871,0.011112,0.006433,0.006011,0.026762
AACGTGCGAAAGTCTC-1,0.034977,0.596087,0.013632,0.053897,0.018595,0.037546,0.049085,0.196181
AACGTTATCAGCACCT-1,0.00004,0.323814,0.00337,0.027118,0.256006,0.009241,0.362529,0.017883
AACGTTCTACCATTGT-1,0.015563,0.351986,0.062627,0.071856,0.007339,0.021811,0.227005,0.241813
AACTACCCGTTTGTCA-1,0.035108,0.542592,0.048506,0.038798,0.002377,0.001657,0.047136,0.283827
AACTAGGCTTGGGTGT-1,0.048476,0.086766,0.256481,0.377058,0.028468,0.040426,0.103517,0.058807
AACTCAAGTTAATTGC-1,0.073316,0.45843,0.168087,0.092664,0.027259,0.038745,0.08678,0.05472
AACTCCAGAGCGTGTT-1,0.000011,0.319932,0.121191,0.313821,0.038783,0.031783,0.058468,0.116012
AACTCGATGGCGCAGT-1,0.060972,0.000074,0.000037,0.000074,0.554141,0.292701,0.091963,0.000037
AACTCTCAATAGAGCG-1,0.052759,0.456131,0.022603,0.053665,0.102574,0.014175,0.216325,0.081768
AACTCTCAGTGTGCTC-1,0.013006,0.063604,0.204891,0.338322,0.021581,0.094794,0.186288,0.077514
AACTGAGTTATACTGA-1,0.014457,0.243905,0.03153,0.102126,0.025032,0.022888,0.254484,0.305578
AACTGATATTAGGCCT-1,0.019292,0.000181,0.00009,0.000181,0.30874,0.099145,0.57228,0.00009
AACTGGGTCCCGACGT-1,0.000019,0.383738,0.011274,0.314902,0.27327,0.000019,0.004727,0.012052
AACTTCTGCGTCTATC-1,0.13875,0.188212,0.006711,0.002015,0.400827,0.044251,0.217519,0.001716
AACTTGCCCGTATGCA-1,0.000011,0.545306,0.018958,0.062257,0.076668,0.120764,0.126919,0.049117
AACTTGCGTTCTCGCG-1,0.000018,0.149794,0.047438,0.061026,0.631158,0.048167,0.04043,0.021968
AACTTTACGGGAGCTT-1,0.028104,0.339683,0.092579,0.039762,0.032743,0.024703,0.225391,0.217036
AAGAAAGTTTGATGGG-1,0.991489,0.00004,0.00002,0.00004,0.008349,0.00002,0.00002,0.00002
AAGAAGGATCAGTTAG-1,0.000414,0.000096,0.000048,0.000096,0.624869,0.037546,0.336883,0.000048
AAGACATACGTGGTTT-1,0.00001,0.205533,0.130192,0.456669,0.029473,0.012838,0.069017,0.096269
AAGACCAAATAACTCA-1,0.934542,0.010677,0.001673,0.034699,0.000008,0.000008,0.000008,0.018383
AAGACCCAACTGAACA-1,0.005303,0.16281,0.118883,0.608014,0.014175,0.046259,0.009971,0.034585
AAGACTGCAAGCTACT-1,0.063145,0.329966,0.064621,0.014254,0.027698,0.051152,0.245875,0.20329
AAGAGATGAATCGGTA-1,0.012583,0.213342,0.03353,0.003081,0.16771,0.002235,0.422676,0.144842
AAGAGCTCTTTATCGG-1,0.000016,0.571288,0.038213,0.071714,0.0352,0.019754,0.070327,0.193488
AAGAGGATGTACGCGA-1,0.001469,0.224488,0.102202,0.63697,0.00823,0.003409,0.011191,0.012041
AAGAGGCATGGATCGC-1,0.025282,0.486912,0.037851,0.030246,0.009287,0.007876,0.169093,0.233452
AAGAGGCCCTTTGGAA-1,0.01732,0.171341,0.096142,0.470208,0.003852,0.003763,0.072224,0.165149
AAGATGGCACCGGACC-1,0.071902,0.134772,0.065752,0.58535,0.011746,0.092213,0.017152,0.021112
AAGATTGGCGGAACGT-1,0.000012,0.542532,0.007717,0.351719,0.066776,0.00046,0.015733,0.01505
AAGCACCCTGCGTATC-1,0.006278,0.18517,0.205264,0.305496,0.088692,0.041581,0.119048,0.048471
AAGCATACTCTCCTGA-1,0.000704,0.228014,0.293648,0.401076,0.006889,0.001836,0.011479,0.056354
AAGCCACTTGCAGGTA-1,0.223911,0.007298,0.032395,0.219001,0.012562,0.433311,0.047803,0.023719
AAGCCGAAGCGGTTTA-1,0.004486,0.249142,0.070155,0.065785,0.051285,0.023756,0.246422,0.288969
AAGCCGCCGTGAAATC-1,0.760995,0.0049,0.019677,0.087002,0.004539,0.072472,0.029683,0.020731
AAGCCGGAGAGCAGGA-1,0.021534,0.381087,0.014783,0.327864,0.007033,0.011888,0.108618,0.127193
AAGCGCAGGGCTTTGA-1,0.000073,0.08883,0.097661,0.610029,0.007975,0.040745,0.097942,0.056746
AAGCGTCCCTCATCGA-1,0.064078,0.158612,0.053142,0.478697,0.02485,0.12564,0.030887,0.064094
AAGCTAGATCGAGTAA-1,0.072988,0.2653,0.195618,0.096702,0.05066,0.227088,0.013669,0.077975
AAGCTATGGATTGACC-1,0.878753,0.108386,0.001044,0.000078,0.000039,0.000039,0.000039,0.011621
AAGCTCGTGCCAAGTC-1,0.000606,0.385794,0.039746,0.035061,0.013869,0.032519,0.125257,0.367147
AAGCTCTTTCATGGTG-1,0.000013,0.254167,0.145598,0.473502,0.020685,0.019132,0.046791,0.040112
AAGGAGCGGTTGGTGC-1,0.000014,0.852249,0.002233,0.084774,0.036597,0.000014,0.017719,0.006401
AAGGATCGATCGCTTG-1,0.000024,0.316731,0.037923,0.058017,0.054821,0.011884,0.281475,0.239125
AAGGATGAGGGACCTC-1,0.000016,0.403163,0.016604,0.222789,0.325445,0.000448,0.016471,0.015064
AAGGCAGGCTGTCTCC-1,0.000525,0.455448,0.023692,0.089014,0.04583,0.015645,0.264684,0.105162
AAGGCGCGTAAAGCTT-1,0.008672,0.091603,0.014838,0.000091,0.195518,0.004831,0.627165,0.057282
AAGGCTGTGCTCATCG-1,0.131189,0.343328,0.053968,0.00508,0.093472,0.000824,0.27778,0.094358
AAGGGAACGACTGGCT-1,0.66221,0.012598,0.035527,0.14365,0.014147,0.04643,0.043387,0.042052
AAGGGACAGATTCTGT-1,0.000033,0.267782,0.017723,0.036092,0.244219,0.004101,0.341332,0.088718
AAGGGACTATGCATTC-1,0.663079,0.00768,0.014929,0.041415,0.01375,0.206047,0.04667,0.00643
AAGGGTTAGCCATGCG-1,0.014266,0.20097,0.256301,0.022601,0.03077,0.048876,0.333437,0.092779
AAGGGTTTGATTTCAG-1,0.869392,0.037191,0.000939,0.033255,0.013928,0.011472,0.009867,0.023956
AAGGTATCCTAATATA-1,0.000016,0.713581,0.005264,0.224816,0.042585,0.000016,0.004673,0.009049
AAGGTGATAAACCAGC-1,0.003991,0.388686,0.038338,0.215957,0.000808,0.012721,0.032102,0.307398
AAGTAGAAGACCGGGT-1,0.025296,0.100273,0.010557,0.138326,0.701112,0.013387,0.000024,0.011026
AAGTAGTGACGCGAGG-1,0.000016,0.396303,0.032834,0.038234,0.035825,0.10123,0.354391,0.041167
AAGTCAATTGTCGTCA-1,0.01063,0.200185,0.133289,0.020393,0.030436,0.012942,0.194359,0.397767
AAGTCTTCTGTGGCCT-1,0.006069,0.202148,0.091023,0.204979,0.059657,0.313932,0.093108,0.029085
AAGTGACGACCGAATT-1,0.020352,0.086756,0.515185,0.151303,0.070132,0.031245,0.081999,0.04303
AAGTGAGTCGGGTTTA-1,0.000008,0.303522,0.012854,0.647273,0.000919,0.00136,0.002458,0.031606
AAGTGCAAAGGTAGAC-1,0.071046,0.378268,0.057151,0.122807,0.019504,0.014544,0.014145,0.322535
AAGTGCCTTGACTGTA-1,0.000011,0.170509,0.121954,0.06055,0.006656,0.001639,0.147554,0.491127
AAGTGCGTTAGAATCT-1,0.122745,0.022712,0.138187,0.245907,0.343924,0.065465,0.006273,0.054788
AAGTGCTTCTCTATTG-1,0.007244,0.108055,0.108529,0.483194,0.028946,0.205935,0.040956,0.017141
AAGTGTTTGGAGACGG-1,0.080809,0.219631,0.438884,0.128975,0.052104,0.005601,0.035948,0.038049
AAGTTCACTCCAAGCT-1,0.033327,0.177469,0.33539,0.269158,0.025751,0.023469,0.046302,0.089135
AAGTTCGGCCAACAGG-1,0.088414,0.082676,0.275519,0.351607,0.039498,0.01622,0.073608,0.072457
AAGTTGTGATGTTATA-1,0.028338,0.295995,0.029632,0.322489,0.022646,0.143884,0.082911,0.074105
AAGTTTATGGGCCCAA-1,0.000007,0.136389,0.022271,0.635704,0.025001,0.056056,0.014368,0.110204
AATAACAACGCTCGGC-1,0.041283,0.213786,0.171883,0.041926,0.042297,0.038669,0.34463,0.105526
AATAACACTAGAACAA-1,0.094336,0.105716,0.147599,0.543638,0.012171,0.01417,0.024345,0.058024
AATAACGTCGCGCCCA-1,0.010488,0.163294,0.21356,0.188035,0.012281,0.07543,0.237144,0.099767
AATAAGTCCTCGAGAC-1,0.058076,0.000129,0.000064,0.000129,0.632513,0.262402,0.046622,0.000064
AATAATCTTCGTATCG-1,0.0259,0.461956,0.011817,0.229471,0.009918,0.008652,0.01552,0.236766
AATACAATGTTTCAGG-1,0.00002,0.734798,0.00002,0.034816,0.223308,0.00002,0.006772,0.000246
AATACCGGAGGGCTGT-1,0.015119,0.141087,0.038044,0.709516,0.008772,0.055099,0.015361,0.017003
AATACCTGATGTGAAC-1,0.113986,0.209808,0.293894,0.210084,0.031606,0.025804,0.040037,0.074782
AATAGAACAGAGTGGC-1,0.000289,0.131276,0.060199,0.771146,0.000212,0.000442,0.001205,0.035232
AATAGAATCTGTTTCA-1,0.031798,0.181627,0.328264,0.032227,0.040027,0.004042,0.299529,0.082486
AATAGGCACGACCCTT-1,0.122607,0.062318,0.084984,0.371536,0.033825,0.207563,0.09589,0.021278
AATAGTCCGTCCCGAC-1,0.041284,0.203331,0.164873,0.515249,0.002773,0.004122,0.009975,0.058393
AATAGTCGCGAGTCGG-1,0.000015,0.261867,0.005571,0.046755,0.064456,0.256031,0.35418,0.011125
AATATCCTAGCAAACT-1,0.357367,0.057055,0.027548,0.362765,0.022432,0.136207,0.006787,0.02984
AATATCGAATCAATGC-1,0.00284,0.509909,0.064984,0.057133,0.00323,0.005541,0.220237,0.136126
AATATCGAGGGTTCTC-1,0.000038,0.077727,0.020638,0.272353,0.251804,0.010774,0.30652,0.060146
AATATTGGAGTATTGA-1,0.01555,0.372547,0.06607,0.388974,0.002304,0.039653,0.034755,0.080147
AATCAGGTTTCATTTA-1,0.012543,0.066764,0.02904,0.858021,0.005003,0.012435,0.003532,0.012662
AATCATGTAAAGACTC-1,0.003191,0.449897,0.165641,0.141833,0.020674,0.098893,0.055018,0.064853
AATCCAAGGGCCTGAG-1,0.054856,0.000094,0.000047,0.000094,0.647078,0.169995,0.12779,0.000047
AATCCCGCTCAGAGCC-1,0.067535,0.110792,0.107832,0.057693,0.02226,0.03526,0.41963,0.178998
AATCGAGGTCTCAAGG-1,0.04085,0.117399,0.193494,0.556761,0.000016,0.002955,0.025102,0.063423
AATCGCCTCAGCGCCA-1,0.068878,0.515758,0.068696,0.021969,0.008191,0.026696,0.191469,0.098343
AATCGCGCAGAGGACT-1,0.00163,0.24428,0.024075,0.013216,0.027869,0.00698,0.42081,0.261139
AATCGGTATAGCCCTC-1,0.032494,0.121742,0.198015,0.258088,0.065851,0.229484,0.064335,0.029992
AATCGTGAGCCGAGCA-1,0.000007,0.28708,0.088537,0.570088,0.014982,0.000723,0.008151,0.030431
AATCTAGGTTTACTTG-1,0.65818,0.004668,0.039232,0.043733,0.012347,0.155616,0.074454,0.01177
AATCTATGCCGGAGCC-1,0.000024,0.104936,0.077393,0.171923,0.233732,0.006327,0.246768,0.158897
AATCTCTACTGTGGTT-1,0.020666,0.316928,0.024875,0.601586,0.021106,0.000759,0.001417,0.012663
AATCTGCGTTGGGACG-1,0.024743,0.7147,0.006594,0.032559,0.064462,0.066479,0.075767,0.014697
AATCTGGCTTTCTAGT-1,0.207356,0.000041,0.003312,0.574834,0.002729,0.189048,0.009991,0.012689
AATGACAGCAATGTCT-1,0.265379,0.033304,0.137294,0.116713,0.302867,0.119878,0.007986,0.01658
AATGACGTAGGATGTC-1,0.004271,0.23068,0.060926,0.48643,0.004937,0.055769,0.043126,0.113861
AATGACTGTCAGCCGG-1,0.005381,0.429585,0.081078,0.025108,0.183133,0.002243,0.092033,0.181439
AATGAGTTCGCATATG-1,0.000036,0.450043,0.011004,0.026436,0.49768,0.000036,0.014728,0.000036
AATGATGATACGCTAT-1,0.000018,0.49634,0.053643,0.195749,0.201961,0.000018,0.004928,0.047342
AATGATGCGACTCCTG-1,0.000016,0.356072,0.019384,0.367845,0.221876,0.000016,0.003287,0.031504
AATGCAACCGGGTACC-1,0.002479,0.483334,0.016876,0.145173,0.111059,0.006056,0.103393,0.13163
AATGCACCAAGCAATG-1,0.042544,0.00011,0.000055,0.00011,0.219897,0.42306,0.31417,0.000055
AATGGTCCACCGTTCA-1,0.013317,0.462414,0.012658,0.039593,0.031167,0.224609,0.139949,0.076294
AATGGTTCTCACAAGC-1,0.024433,0.259821,0.021347,0.019809,0.318881,0.058141,0.288222,0.009346
AATGTATGGCACTGTA-1,0.800393,0.000018,0.001666,0.182763,0.000009,0.013521,0.000009,0.001623
AATGTGCCCGAGGTGT-1,0.221336,0.019233,0.019214,0.268814,0.009031,0.398382,0.044577,0.019412
AATGTGCTAATCTGAG-1,0.015999,0.02077,0.022882,0.797895,0.001962,0.113112,0.010278,0.017102
AATGTTAAGACCCTGA-1,0.002694,0.10701,0.359979,0.345072,0.006644,0.002226,0.045164,0.131212
AATGTTGTCGTGAGAC-1,0.000011,0.122285,0.331634,0.444303,0.031194,0.003662,0.022896,0.044015
AATTAAAGGTCGGCGT-1,0.016406,0.479691,0.172458,0.143034,0.013825,0.03154,0.108661,0.034385
AATTAACGGATTTCCA-1,0.012784,0.198001,0.279203,0.38383,0.050855,0.008751,0.010558,0.056019
AATTACGAGACCCATC-1,0.787571,0.082309,0.005893,0.040632,0.000008,0.043642,0.000639,0.039306
AATTACTCGTACGCTC-1,0.150648,0.000126,0.000063,0.000126,0.52347,0.32544,0.000063,0.000063
AATTAGCGCTGCAGCG-1,0.004803,0.280617,0.17037,0.473131,0.013082,0.016048,0.013102,0.028847
AATTATACCCAGCAAG-1,0.103701,0.042721,0.31831,0.070429,0.070965,0.080475,0.225071,0.088328
AATTCATAAGGGATCT-1,0.000024,0.258337,0.052789,0.180682,0.387695,0.002022,0.098541,0.01991
AATTCATTGTCATGCA-1,0.639908,0.015484,0.009433,0.332722,0.000011,0.000011,0.000011,0.00242
AATTCCAAGCATGTAC-1,0.0943,0.151992,0.19171,0.281256,0.051536,0.057735,0.084733,0.086737
AATTCGATTCGAGGAT-1,0.004638,0.137034,0.100575,0.623727,0.047433,0.054154,0.014471,0.017969
AATTCTAGAGTTAGGC-1,0.027983,0.28993,0.172167,0.344543,0.007518,0.014339,0.028785,0.114735
AATTGAACGCTCTGGT-1,0.019673,0.224006,0.081198,0.041227,0.038641,0.0088,0.461964,0.124492
AATTGCAGCAATCGAC-1,0.002276,0.194599,0.094897,0.48304,0.023979,0.087749,0.096964,0.016497
AATTGCGTGGATTACA-1,0.867918,0.000036,0.000018,0.000036,0.000018,0.131937,0.000018,0.000018
AATTGTGGTTGCCAAA-1,0.004207,0.243024,0.048746,0.204823,0.017324,0.130729,0.107824,0.243322
AATTTGGTTCCAAAGA-1,0.143989,0.000175,0.000088,0.000175,0.85531,0.000088,0.000088,0.000088
ACAAACCATGCGTCCT-1,0.882873,0.000018,0.001751,0.030156,0.000187,0.079,0.005443,0.000572
ACAAACTCCATCAGAG-1,0.042243,0.196607,0.128349,0.102675,0.010426,0.021318,0.292877,0.205506
ACAAAGAAGGTAGGCC-1,0.427702,0.011447,0.004883,0.063605,0.009302,0.430494,0.039148,0.013419
ACAAAGCATGACCTAG-1,0.008522,0.203661,0.045435,0.207457,0.025199,0.273702,0.109502,0.126522
ACAAATCGCACCGAAT-1,0.00452,0.33613,0.129181,0.373273,0.030632,0.016881,0.022198,0.087186
ACAAATGGTAGTGTTT-1,0.032702,0.182805,0.045905,0.017002,0.020894,0.174606,0.427603,0.098483
ACAACAGCATGAGCTA-1,0.019446,0.387173,0.016008,0.038407,0.018945,0.024341,0.3848,0.11088
ACAACGGTCCCTGCGA-1,0.027259,0.527464,0.007866,0.009132,0.181881,0.076842,0.168495,0.00106
ACAAGCAGTGCCTAGC-1,0.036856,0.792152,0.032388,0.032142,0.048239,0.006597,0.032267,0.019359
ACAAGCTATATGGAAG-1,0.063306,0.209194,0.170294,0.429656,0.032978,0.009367,0.044817,0.040388
ACAAGGAAATCCGCCC-1,0.00001,0.341861,0.185189,0.319518,0.012896,0.033254,0.065815,0.041456
ACAAGGACAAGAGGTT-1,0.000107,0.35791,0.070291,0.040348,0.145895,0.015494,0.257103,0.112853
ACAAGGATGCTTTAGG-1,0.012869,0.126082,0.062745,0.707236,0.023008,0.022653,0.029611,0.015796
ACAAGGGCAGGCTCTG-1,0.010405,0.202726,0.21512,0.202052,0.00917,0.015271,0.10036,0.244896
ACAAGTAATTGTAAGG-1,0.99969,0.000025,0.000013,0.000025,0.000013,0.000013,0.000209,0.000013
ACAATAGTCGTACGTT-1,0.002487,0.158759,0.280183,0.291656,0.021021,0.034486,0.134221,0.077185
ACAATCCATTTAAACC-1,0.199803,0.298801,0.129357,0.080688,0.038919,0.07158,0.081415,0.099438
ACAATGAATACGGAGA-1,0.13712,0.036771,0.282002,0.199517,0.042656,0.08581,0.165875,0.05025
ACAATTGTGTCTCTTT-1,0.054668,0.579299,0.083644,0.136671,0.005079,0.040246,0.04763,0.052762
ACAATTTAGGAGGCTC-1,0.003213,0.434906,0.106275,0.035732,0.038294,0.009295,0.214354,0.157931
ACAATTTGAGCAGTGG-1,0.000012,0.665342,0.020104,0.183916,0.081526,0.002226,0.025291,0.021583
ACAATTTGGCCATATT-1,0.000007,0.418261,0.02833,0.152269,0.025878,0.001142,0.198963,0.17515
ACACAAAGACGGGTGG-1,0.014921,0.121798,0.014581,0.014156,0.076269,0.015095,0.660677,0.082502
ACACACCAGGACCAGT-1,0.079885,0.066279,0.05694,0.052654,0.346006,0.119556,0.037901,0.24078
ACACACTTTCTACACG-1,0.061003,0.000174,0.000087,0.000174,0.495523,0.142613,0.300339,0.000087
ACACATGATCAAATCT-1,0.913242,0.000022,0.012601,0.018771,0.004237,0.0219,0.025848,0.003378
ACACATTGACGCAACA-1,0.057209,0.000129,0.000064,0.000129,0.758005,0.183049,0.00135,0.000064
ACACATTTCCGTAGAC-1,0.000009,0.329783,0.067144,0.554538,0.013023,0.005131,0.011105,0.019268
ACACCACATAATTAGC-1,0.000015,0.183534,0.028843,0.331193,0.289589,0.002695,0.037324,0.126806
ACACCCAGCATGCAGC-1,0.002434,0.290704,0.03393,0.140972,0.285644,0.022567,0.197625,0.026124
ACACCCGAGAAATCCG-1,0.000021,0.33657,0.01051,0.13851,0.435165,0.035291,0.041002,0.002932
ACACCGAGCGCTCTTT-1,0.158037,0.329261,0.115448,0.174624,0.190653,0.000085,0.010869,0.021024
ACACCGGTCTGACCGC-1,0.80844,0.006621,0.022795,0.103719,0.000009,0.038425,0.006529,0.013462
ACACCTTAAGTAGGGC-1,0.035013,0.348128,0.007934,0.035094,0.265501,0.049515,0.240885,0.017931
ACACCTTACTACTTGC-1,0.000027,0.313225,0.017327,0.108877,0.020274,0.005867,0.184701,0.349702
ACACGAGACTCCTTCT-1,0.000018,0.643578,0.016063,0.092278,0.03845,0.00981,0.131022,0.068781
ACACGGCACTATGCAT-1,0.00002,0.008619,0.000982,0.064077,0.817871,0.082563,0.002988,0.022881
ACACGGGAACTTAGGG-1,0.000022,0.599132,0.020712,0.134074,0.080302,0.000022,0.135708,0.030029
ACACGTAGGCCACAAG-1,0.000008,0.210582,0.038919,0.608928,0.002157,0.021398,0.002644,0.115363
ACACTCCAATGTCACT-1,0.000041,0.397252,0.024018,0.055348,0.427308,0.039601,0.036784,0.019647
ACACTGATCAAGGTGT-1,0.000012,0.21268,0.098229,0.646053,0.006222,0.000232,0.003257,0.033315
ACACTGGGACAGTCGT-1,0.01771,0.046476,0.084778,0.051422,0.025528,0.10196,0.41971,0.252415
ACAGAACTGAGAACAA-1,0.238196,0.000036,0.007481,0.060752,0.006773,0.63372,0.050759,0.002283
ACAGCGACATTCTCAT-1,0.032744,0.08729,0.312127,0.297781,0.019691,0.008673,0.141476,0.100219
ACAGCGCACCCGCAGC-1,0.000041,0.000083,0.000041,0.000083,0.999627,0.000041,0.000041,0.000041
ACAGGAGGCGCAGCCG-1,0.000017,0.134193,0.015812,0.294947,0.455138,0.015109,0.006688,0.078097
ACAGGCACGGATCCTT-1,0.017728,0.089941,0.48278,0.185566,0.058558,0.025685,0.075967,0.063776
ACAGGCTTGCCCGACT-1,0.000016,0.280928,0.277179,0.254918,0.02267,0.014312,0.084223,0.065753
ACAGGTGGAGGTGAGG-1,0.037512,0.069794,0.166074,0.274175,0.015427,0.213601,0.158972,0.064446
ACAGGTGTGTTGTTGC-1,0.084629,0.000034,0.000017,0.164738,0.045334,0.518465,0.086415,0.100368
ACAGTAATACAACTTG-1,0.248315,0.023111,0.057846,0.370105,0.010911,0.240288,0.02823,0.021193
ACATAAGTCGTGGTGA-1,0.954757,0.002955,0.01238,0.000095,0.00505,0.007515,0.014435,0.002814
ACATAATAAGGCGGTG-1,0.019397,0.318875,0.006193,0.012586,0.327913,0.007961,0.22322,0.083854
ACATACAATCAAGCGG-1,0.156424,0.074527,0.385984,0.139204,0.031354,0.009856,0.103288,0.099363
ACATCAGCTGGGACGC-1,0.079372,0.698444,0.05422,0.106314,0.013966,0.009398,0.013885,0.024401
ACATCCCGGCCATACG-1,0.000008,0.098402,0.126405,0.737758,0.005732,0.000093,0.00127,0.030332
ACATCCTGGTAACTGT-1,0.000019,0.230984,0.067481,0.08459,0.018259,0.020035,0.109042,0.46959
ACATCGATCGTTTACC-1,0.001037,0.294761,0.149452,0.306679,0.025425,0.020743,0.103611,0.098292
ACATCGCAATATTCGG-1,0.588922,0.005117,0.114785,0.000872,0.051264,0.027545,0.026144,0.185351
ACATCGGTCAGCCGCG-1,0.09441,0.282695,0.325503,0.255504,0.020938,0.003523,0.006493,0.010934
ACATCGTATGCAATGG-1,0.000009,0.554171,0.097174,0.269871,0.000686,0.001575,0.004355,0.07216
ACATCGTTAACCTAGT-1,0.085846,0.000052,0.000026,0.000052,0.895868,0.005,0.013129,0.000026
ACATGCTTACGGCAGC-1,0.905144,0.051881,0.027784,0.009132,0.000165,0.000013,0.001225,0.004657
ACATGGCGCCAAAGTA-1,0.002004,0.224784,0.004529,0.101735,0.02714,0.119098,0.368014,0.152696
ACATTAGTTTATATCC-1,0.00825,0.182602,0.422436,0.058794,0.015825,0.003179,0.148803,0.160111
ACATTCGCGCGGAATA-1,0.690077,0.002292,0.035051,0.011702,0.054047,0.060322,0.111864,0.034645
ACATTTGAAACCTAAC-1,0.036213,0.029466,0.149603,0.435234,0.076666,0.087648,0.084349,0.100821
ACCAACCGCACTCCAC-1,0.008725,0.029858,0.120999,0.319432,0.055943,0.249662,0.172477,0.042904
ACCAACGCTTATTTAT-1,0.005938,0.213836,0.103604,0.651413,0.008016,0.002431,0.003055,0.011706
ACCAAGAACGCGTGTC-1,0.000031,0.134938,0.022567,0.134799,0.442526,0.030943,0.149671,0.084526
ACCAAGTCATCGGCAG-1,0.061479,0.138356,0.072696,0.702418,0.000858,0.000853,0.001694,0.021646
ACCAATATGCAAGTTA-1,0.021699,0.105662,0.373724,0.202734,0.030253,0.027901,0.14715,0.090876
ACCACAAGTTTCTATC-1,0.000014,0.682999,0.00519,0.14234,0.035129,0.018149,0.101773,0.014406
ACCACACGGTTGATGG-1,0.008959,0.130623,0.166755,0.40733,0.007846,0.047322,0.163381,0.067783
ACCACCAATGTAACAA-1,0.043243,0.388529,0.04879,0.209832,0.018177,0.00676,0.084871,0.199799
ACCACGTGCAGCTATA-1,0.000014,0.187181,0.324993,0.221902,0.020827,0.002646,0.103912,0.138525
ACCACTGTTCAAGAAG-1,0.060976,0.000094,0.000047,0.000094,0.710622,0.190149,0.037971,0.000047
ACCAGACCATAACAAC-1,0.066815,0.177102,0.28323,0.142179,0.056521,0.040913,0.099164,0.134077
ACCAGTGCGGGAGACG-1,0.076554,0.22706,0.177914,0.032805,0.028003,0.010136,0.129505,0.318024
ACCATATCCGCAATAA-1,0.0837,0.237021,0.059121,0.034085,0.029142,0.063492,0.212999,0.28044
ACCATCCGCCAACTAG-1,0.333904,0.053072,0.283542,0.086789,0.028215,0.010261,0.133283,0.070934
ACCATCGTATATGGTA-1,0.004999,0.29032,0.225647,0.360329,0.014412,0.003046,0.026249,0.074997
ACCATTAAGGGTGTCA-1,0.000027,0.220914,0.043729,0.238254,0.462678,0.000122,0.016836,0.017441
ACCCAACGCCCGTGGC-1,0.034521,0.387191,0.023598,0.096157,0.034995,0.000022,0.125736,0.297779
ACCCACCTACATGCTC-1,0.025777,0.501623,0.007961,0.040429,0.290837,0.005571,0.110956,0.016846
ACCCATCTTGAGGGTA-1,0.024532,0.167052,0.221502,0.012343,0.071925,0.034507,0.290101,0.178039
ACCCATTTGTCCCTCT-1,0.00002,0.124821,0.257814,0.155956,0.032482,0.058179,0.191865,0.178862
ACCCGAGCGAAATTAC-1,0.366256,0.00003,0.003587,0.008318,0.02643,0.538683,0.055752,0.000944
ACCCGATTGGTTCCGA-1,0.004621,0.060175,0.054802,0.687776,0.01616,0.060885,0.061151,0.054431
ACCCGGAAACTCCCAG-1,0.008464,0.135773,0.32052,0.218074,0.032157,0.026884,0.069469,0.188659
ACCCGGAGCACCACAA-1,0.000062,0.532976,0.047838,0.077335,0.005807,0.006772,0.070143,0.259068
ACCCGGATGACGCATC-1,0.02553,0.478104,0.095547,0.095424,0.025354,0.000019,0.101938,0.178083
ACCCGGTTACACTTCC-1,0.000012,0.491399,0.116498,0.338269,0.004683,0.004251,0.006794,0.038095
ACCCGTAGCAGAGAAT-1,0.979971,0.000025,0.000013,0.000025,0.003392,0.003751,0.012605,0.000218
ACCCGTAGTCTAGTTG-1,0.062749,0.191035,0.080399,0.275952,0.013343,0.067025,0.238562,0.070935
ACCCGTGTCATCAGTA-1,0.124209,0.198822,0.063069,0.333443,0.016747,0.171946,0.082264,0.0095
ACCCTATAGGACTGAG-1,0.027571,0.000059,0.000301,0.000059,0.754722,0.214197,0.003062,0.000029
ACCCTATGCCATATCG-1,0.098162,0.206905,0.053182,0.637453,0.000764,0.000006,0.000006,0.003522
ACCCTCCCGTCAGGGC-1,0.052112,0.122743,0.182811,0.279015,0.042353,0.103933,0.167995,0.049039
ACCCTCCCTTGCTATT-1,0.016797,0.340563,0.212375,0.148847,0.030241,0.010074,0.094633,0.146469
ACCGAAGAGTCTGGTT-1,0.642484,0.024936,0.007128,0.314155,0.000008,0.001459,0.000075,0.009754
ACCGACACATCTCCCA-1,0.041225,0.456022,0.111795,0.337271,0.001757,0.00373,0.006971,0.041228
ACCGACTGAGTCCCAC-1,0.025784,0.305134,0.051462,0.036885,0.260219,0.010025,0.161558,0.148934
ACCGAGTCTCCTTATT-1,0.010695,0.101313,0.143037,0.691621,0.013479,0.000754,0.005857,0.033244
ACCGATAGGCATAACC-1,0.059809,0.102928,0.026175,0.119027,0.051816,0.085812,0.473634,0.0808
ACCGATATTTAATCAT-1,0.003944,0.331416,0.107598,0.071784,0.006288,0.020782,0.165005,0.293184
ACCGATGGTAGCATCG-1,0.007212,0.790796,0.024617,0.087647,0.048616,0.000015,0.031163,0.009935
ACCGCAATAACTGCCT-1,0.040111,0.193955,0.272323,0.124482,0.048317,0.036881,0.078798,0.205133
ACCGCGGTGGAAGTCG-1,0.009633,0.550269,0.023018,0.152593,0.001093,0.10189,0.013749,0.147754
ACCGCTAGTCATTGGT-1,0.061562,0.074529,0.042536,0.711652,0.004564,0.067526,0.001977,0.035655
ACCGGGCCTTTGTTGA-1,0.027064,0.298765,0.052991,0.021289,0.021222,0.010976,0.435404,0.132288
ACCGGTCAGGTACACC-1,0.852285,0.000481,0.005432,0.004673,0.001681,0.111349,0.019332,0.004768
ACCGTCCACTGGGCCC-1,0.975354,0.007164,0.008161,0.002586,0.00001,0.00001,0.000582,0.006131
ACCGTGACCACGTGGG-1,0.018711,0.114572,0.030674,0.644153,0.010406,0.147272,0.022941,0.011271
ACCTAAGTACCTTTCA-1,0.11509,0.196489,0.142945,0.439235,0.009059,0.015793,0.028211,0.053178
ACCTAATCGACTTCCT-1,0.000023,0.615797,0.0262,0.035456,0.068741,0.009879,0.173987,0.069916
ACCTACAGTATGTGGT-1,0.000017,0.431725,0.013726,0.122836,0.154655,0.000236,0.047848,0.228958
ACCTACTATAAATCTA-1,0.063561,0.543562,0.008796,0.291037,0.001062,0.023004,0.025409,0.043569
ACCTCAGCGAGGCGCA-1,0.038344,0.051982,0.440298,0.084103,0.019627,0.021174,0.166626,0.177846
ACCTCCGCCCTCGCTG-1,0.046877,0.199671,0.19822,0.216939,0.054078,0.044786,0.164968,0.07446
ACCTCCGTTATTCACC-1,0.005653,0.223626,0.083911,0.122078,0.294938,0.004229,0.117739,0.147827
ACCTCGAACTTATGCT-1,0.979449,0.000809,0.008271,0.000387,0.000142,0.000244,0.009418,0.00128
ACCTGCGTGTCATGTT-1,0.061661,0.054342,0.028935,0.825233,0.001024,0.010979,0.005196,0.01263
ACGAAATGGGCGGCAC-1,0.034727,0.532661,0.089773,0.01634,0.030779,0.003711,0.152491,0.139518
ACGACCCATGAGTTGC-1,0.061729,0.154057,0.011278,0.045745,0.002333,0.176617,0.381415,0.166826
ACGACTCTAGGGCCGA-1,0.043807,0.084205,0.114256,0.656397,0.043707,0.007699,0.006412,0.043517
ACGACTGGTCATACTC-1,0.043905,0.023556,0.091378,0.534418,0.046949,0.139276,0.097012,0.023507
ACGAGATATTTGCTTA-1,0.04048,0.000089,0.000044,0.000089,0.949105,0.010105,0.000044,0.000044
ACGAGGATACCACTCT-1,0.125803,0.022191,0.037382,0.783419,0.008315,0.003732,0.000767,0.01839
ACGAGGTTTACAACGT-1,0.932378,0.021695,0.023312,0.01212,0.000011,0.000011,0.000038,0.010435
ACGAGTACGGATGCCC-1,0.005281,0.382331,0.029449,0.379913,0.149332,0.00004,0.019962,0.033692
ACGATACATAGAACTA-1,0.000034,0.237551,0.06848,0.078185,0.305328,0.00629,0.214459,0.089673
ACGATACCTATCCTGA-1,0.025564,0.308778,0.094442,0.111668,0.189707,0.044985,0.049653,0.175204
ACGATCATACATAGAG-1,0.028322,0.706172,0.002085,0.085131,0.131317,0.020328,0.023836,0.002809
ACGATCATCTTGTAAA-1,0.000126,0.285924,0.011669,0.089016,0.062088,0.109688,0.411794,0.029695
ACGATGCATATGTTAT-1,0.213781,0.117283,0.0724,0.009864,0.156014,0.005174,0.257527,0.167957
ACGATGGATCCGATGC-1,0.082436,0.000142,0.000071,0.036801,0.816826,0.057716,0.005767,0.00024
ACGCAAACTAATAGAT-1,0.04705,0.101776,0.08632,0.414707,0.029454,0.093187,0.136153,0.091352
ACGCAATCACTACAGC-1,0.00439,0.03021,0.054999,0.071417,0.269077,0.028603,0.401276,0.140027
ACGCATACGTTTACTA-1,0.101896,0.290948,0.153099,0.315027,0.025913,0.004941,0.004003,0.104172
ACGCATTCGTGAGTAC-1,0.000021,0.409138,0.024632,0.133301,0.000021,0.001214,0.090192,0.341481
ACGCCACTCGAAACAG-1,0.004875,0.138294,0.059258,0.574462,0.009425,0.056741,0.061423,0.095522
ACGCCAGATGATTTCT-1,0.060664,0.000167,0.000083,0.000167,0.200109,0.067526,0.671201,0.000083
ACGCCAGTGCGTTTGC-1,0.034301,0.006654,0.324584,0.06153,0.107449,0.138886,0.283147,0.043449
ACGCCGCTAGACGACC-1,0.118181,0.358184,0.132141,0.055549,0.015567,0.055566,0.117735,0.147076
ACGCCTGACACGCGCT-1,0.000015,0.427601,0.017657,0.139042,0.286102,0.034416,0.071773,0.023394
ACGCGAAGTCAGACGA-1,0.000007,0.46207,0.074044,0.435664,0.003569,0.00142,0.002414,0.020812
ACGCGCTACACAGGGT-1,0.021644,0.268362,0.200745,0.286309,0.03056,0.03523,0.134355,0.022796
ACGCGGGCCAAGGACA-1,0.004405,0.427513,0.048862,0.087393,0.002731,0.003593,0.193008,0.232495
ACGCGTTTCTTAAGAG-1,0.00133,0.764456,0.031819,0.075986,0.021056,0.009523,0.015696,0.080133
ACGCTACTGAATGGGC-1,0.053611,0.079876,0.126,0.04646,0.062817,0.077153,0.418766,0.135318
ACGCTAGTGATACACT-1,0.000021,0.313031,0.013713,0.479877,0.139848,0.000021,0.007951,0.045538
ACGCTGTGAGGCGTAG-1,0.074052,0.183692,0.345321,0.184171,0.049443,0.035873,0.085571,0.041876
ACGGAACACGAGTGCC-1,0.036005,0.024677,0.282236,0.128366,0.072239,0.024899,0.171127,0.260453
ACGGAATTTAGCAAAT-1,0.000021,0.387539,0.022778,0.248862,0.316261,0.000021,0.010735,0.013784
ACGGACGCAGCGACAA-1,0.909707,0.023689,0.015919,0.031614,0.000942,0.000012,0.004967,0.013151
ACGGACTCTCAAAGCG-1,0.000008,0.208746,0.108522,0.608664,0.011499,0.029464,0.010994,0.022103
ACGGATGGTGCGGATA-1,0.028035,0.197541,0.418475,0.174364,0.023675,0.001457,0.060342,0.096111
ACGGCACTTGCTTGGG-1,0.00393,0.170509,0.242231,0.237061,0.036524,0.024503,0.170718,0.114525
ACGGCCAACATGGACT-1,0.117664,0.275768,0.137083,0.274158,0.008084,0.006197,0.029569,0.151477
ACGGCGACGATGGGAA-1,0.021176,0.270937,0.191224,0.347035,0.017019,0.007997,0.065214,0.079398
ACGGCTGGATGTAGAA-1,0.838701,0.004389,0.001481,0.023411,0.015374,0.076569,0.024765,0.015311
ACGGGAGTGTCGGCCC-1,0.232792,0.081115,0.217834,0.055413,0.119106,0.139307,0.075516,0.078916
ACGGGTCATGTGACTT-1,0.000026,0.25767,0.01059,0.156933,0.536277,0.011531,0.02611,0.000862
ACGGGTTGTGACCTGT-1,0.971708,0.000025,0.000012,0.000025,0.000012,0.028192,0.000012,0.000012
ACGGTACAGTTCAATG-1,0.035288,0.098443,0.217257,0.27055,0.036208,0.113797,0.173738,0.054719
ACGGTCACCGAGAACA-1,0.94747,0.000024,0.005481,0.003562,0.029713,0.006821,0.000974,0.005955
ACGTACAGATTTCTCT-1,0.099922,0.000178,0.000089,0.000178,0.899367,0.000089,0.000089,0.000089
ACGTACTTTGGCACGG-1,0.023236,0.091747,0.101135,0.759302,0.007428,0.001699,0.005035,0.010418
ACGTAGATTGCTGATG-1,0.018347,0.279183,0.025822,0.020679,0.012015,0.040095,0.348102,0.255758
ACGTAGGAGAGTCGCT-1,0.089838,0.119022,0.059997,0.531167,0.018431,0.135898,0.028704,0.016944
ACGTATTACTCCGATC-1,0.000019,0.537555,0.022746,0.05756,0.005297,0.071898,0.167295,0.137629
ACGTCGGGCAACTCGG-1,0.958852,0.000233,0.001905,0.038726,0.000254,0.00001,0.00001,0.00001
ACGTCTCGTTCCGGGA-1,0.071227,0.006384,0.136576,0.038322,0.138373,0.408265,0.173453,0.0274
ACGTGACAAAGTAAGT-1,0.373717,0.040141,0.082896,0.458944,0.000013,0.000013,0.000415,0.04386
ACGTGCGCCTCGTGCA-1,0.000059,0.030826,0.054466,0.04327,0.395725,0.00709,0.399595,0.068969
ACGTTAATGTCGAAGA-1,0.19138,0.146486,0.073022,0.007766,0.054167,0.108115,0.277973,0.141092
ACGTTAGATTTGCCCG-1,0.000013,0.88234,0.007732,0.084468,0.003585,0.002017,0.001426,0.018419
ACGTTATTGGTCACTC-1,0.000033,0.436388,0.003905,0.107822,0.355511,0.013326,0.082469,0.000546
ACGTTCACTATGCCGC-1,0.004479,0.320574,0.040396,0.496765,0.007581,0.085277,0.004287,0.040643
ACGTTCGCAATCAATT-1,0.008359,0.427527,0.027887,0.327925,0.129317,0.004068,0.040107,0.034811
ACGTTCGTTCAGGAAA-1,0.024995,0.132912,0.229707,0.275257,0.023002,0.04437,0.145752,0.124006
ACGTTCTGTACAAGTC-1,0.019635,0.131259,0.339087,0.321914,0.031251,0.017988,0.044082,0.094784
ACGTTGTCGTTGAAAG-1,0.226127,0.007188,0.170882,0.100524,0.006056,0.251879,0.135812,0.101532
ACGTTTAGTTGTGATC-1,0.132253,0.000152,0.000076,0.000152,0.50014,0.327891,0.039259,0.000076
ACGTTTCGGTGCACTT-1,0.181081,0.058199,0.052601,0.031595,0.03791,0.182552,0.38824,0.067822
ACTACAAAGAGAGGTG-1,0.052467,0.459452,0.01968,0.25776,0.007224,0.025741,0.052524,0.125151
ACTACATCCCGACAAG-1,0.985575,0.001384,0.002901,0.000379,0.001742,0.006345,0.001663,0.00001
ACTACCAGCTCTCTGG-1,0.014877,0.535654,0.010981,0.101116,0.300827,0.009087,0.016501,0.010958
ACTACCATCCGAGGGC-1,0.258203,0.012941,0.014516,0.437913,0.020554,0.215727,0.02005,0.020096
ACTACGCGTTAGAATT-1,0.005251,0.130493,0.222087,0.268749,0.021428,0.09519,0.206229,0.050573
ACTAGTTGCGATCGTC-1,0.110336,0.329205,0.085067,0.012418,0.023916,0.00561,0.208691,0.224757
ACTATCCAGGGCATGG-1,0.000022,0.488144,0.024598,0.041038,0.08203,0.010547,0.25172,0.101901
ACTATCGCCGGCTAAA-1,0.022138,0.127268,0.07204,0.309422,0.315276,0.073856,0.031914,0.048086
ACTATCTGCCCGCGTA-1,0.020498,0.296602,0.054618,0.063801,0.03681,0.077572,0.258241,0.191858
ACTATGTCCAGCTGCC-1,0.378187,0.012331,0.005873,0.460834,0.010159,0.103032,0.010468,0.019117
ACTATTTCCGGGCCCA-1,0.037676,0.179355,0.10406,0.553136,0.010193,0.053636,0.019651,0.042294
ACTCAAGTGCAAGGCT-1,0.001832,0.088136,0.11095,0.685618,0.056128,0.013844,0.00478,0.038711
ACTCAATAAAGGCACG-1,0.000022,0.496124,0.018776,0.194875,0.075392,0.000213,0.165295,0.049303
ACTCATGGCAGCCTTC-1,0.947333,0.000307,0.003008,0.000864,0.009111,0.021669,0.017695,0.000014
ACTCCAATATCATCAT-1,0.207998,0.021681,0.002384,0.110423,0.000015,0.647831,0.000165,0.009504
ACTCCCATTCCTAAAG-1,0.319752,0.041828,0.196793,0.073252,0.06353,0.128862,0.132661,0.043322
ACTCCCGAATTCGTTT-1,0.000038,0.247215,0.049921,0.04359,0.136379,0.001803,0.405184,0.115869
