Barcode,Topic 1,Topic 2,Topic 3to6,Topic 7,Topic 8,Topic 9,Topic 10,Topic 11
AAACAACGAATAGTTC-1,0.000074,0.000074,0.039009,0.000074,0.000074,0.000074,0.817212,0.143408
AAACAAGTATCTCCCA-1,0.000063,0.000063,0.254767,0.001628,0.275175,0.000063,0.310907,0.157336
AAACAATCTACTAGCA-1,0.00014,0.040071,0.00056,0.120717,0.135879,0.00014,0.396373,0.306121
AAACACCAATAACTGC-1,0.000078,0.188379,0.000314,0.000078,0.000078,0.740414,0.051497,0.01916
AAACAGAGCGACTCCT-1,0.000079,0.000079,0.413975,0.19351,0.065644,0.000079,0.326555,0.000079
AAACAGCTTTCAGAAG-1,0.000064,0.018004,0.040387,0.000064,0.000064,0.425438,0.467125,0.048855
AAACAGGGTCTATATT-1,0.000039,0.141717,0.318472,0.146482,0.069066,0.168042,0.156143,0.000039
AAACAGTGTTCCTGGG-1,0.001224,0.068012,0.043467,0.463688,0.423576,0.000011,0.000011,0.000011
AAACATGGTGAGAGGA-1,0.000021,0.793444,0.000082,0.000021,0.000021,0.206371,0.000021,0.000021
AAACATTTCCCGGATT-1,0.000061,0.068322,0.608073,0.000061,0.005998,0.053727,0.141441,0.122317
AAACCACTACACAGAT-1,0.000017,0.023828,0.297201,0.373764,0.269792,0.000017,0.005943,0.029437
AAACCCGAACGAAATC-1,0.000042,0.000042,0.470772,0.140276,0.103035,0.000042,0.225107,0.060684
AAACCGGAAATGTTAA-1,0.000075,0.114133,0.036898,0.26772,0.091759,0.000075,0.274174,0.215166
AAACCGGGTAGGTACC-1,0.00003,0.00003,0.767238,0.041272,0.00003,0.041156,0.150214,0.00003
AAACCGTTCGTCCAGG-1,0.00004,0.00004,0.429115,0.054731,0.00004,0.085841,0.430152,0.00004
AAACCTAAGCAGCCGG-1,0.000089,0.000089,0.000357,0.000089,0.000089,0.057502,0.292902,0.648882
AAACCTCATGAAGTTG-1,0.000083,0.10726,0.281175,0.043185,0.131497,0.000083,0.419651,0.017066
AAACGAAGAACATACC-1,0.005123,0.00023,0.430618,0.204421,0.057968,0.00023,0.135265,0.166144
AAACGAAGATGGAGTA-1,0.000024,0.550002,0.112558,0.205523,0.050289,0.081557,0.000024,0.000024
AAACGAGACGGTTGAT-1,0.002428,0.000063,0.279038,0.063661,0.021586,0.001144,0.362691,0.269389
AAACGCCCGAGATCGG-1,0.000015,0.000015,0.384361,0.236166,0.335238,0.00015,0.01304,0.031014
AAACGCTGGGCACGAC-1,0.000015,0.000015,0.452594,0.285247,0.056864,0.081314,0.000015,0.123937
AAACGGGCGTACGGGT-1,0.000046,0.045046,0.640447,0.000046,0.049303,0.062298,0.046502,0.156313
AAACGGGTTGGTATCC-1,0.000117,0.000117,0.025944,0.000117,0.000117,0.000117,0.973351,0.000117
AAACGGTTGCGAACTG-1,0.000068,0.014032,0.190249,0.110338,0.307434,0.000068,0.326226,0.051585
AAACGTGTTCGCCCTA-1,0.000059,0.000059,0.241488,0.493458,0.002638,0.000059,0.262181,0.000059
AAACTAACGTGGCGAC-1,0.000072,0.000072,0.133073,0.340366,0.057183,0.000072,0.458602,0.01056
AAACTCGGTTCGCAAT-1,0.000052,0.000052,0.783034,0.16072,0.004443,0.00862,0.043027,0.000052
AAACTCGTGATATAAG-1,0.000045,0.000045,0.646462,0.135538,0.082034,0.000045,0.135783,0.000045
AAACTGCTGGCTCCAA-1,0.000034,0.000034,0.632317,0.020869,0.000034,0.000034,0.14132,0.205357
AAACTTAATTGCACGC-1,0.000041,0.580911,0.000163,0.000041,0.000041,0.418722,0.000041,0.000041
AAACTTGCAAACGTAT-1,0.000031,0.018156,0.475309,0.055683,0.169691,0.097475,0.137889,0.045764
AAAGAATGACCTTAGA-1,0.000031,0.579993,0.000126,0.000031,0.000031,0.419724,0.000031,0.000031
AAAGAATGTGGACTAA-1,0.00007,0.00007,0.000281,0.058338,0.00007,0.093014,0.410542,0.437613
AAAGACATGAAGTTTA-1,0.000045,0.012631,0.02626,0.033793,0.047213,0.363648,0.429522,0.086889
AAAGACCCAAGTCGCG-1,0.000044,0.003629,0.465563,0.003696,0.395715,0.000044,0.090063,0.041245
AAAGACTGGGCGCTTT-1,0.000027,0.017078,0.899696,0.002027,0.024992,0.000027,0.000027,0.056128
AAAGCTTGCCTACATA-1,0.000024,0.050581,0.307079,0.399131,0.144346,0.03384,0.008036,0.056962
AAAGGCCCTATAATAC-1,0.034993,0.216265,0.094637,0.310987,0.270897,0.054625,0.001312,0.016285
AAAGGCTACGGACCAT-1,0.000021,0.000021,0.859808,0.000567,0.000021,0.000021,0.125626,0.013915
AAAGGCTCTCGCGCCG-1,0.001843,0.037155,0.459122,0.008648,0.000038,0.055754,0.38934,0.0481
AAAGGGATGTAGCAAG-1,0.000041,0.000041,0.675616,0.000041,0.004894,0.000041,0.007122,0.312205
AAAGGGCAGCTTGAAT-1,0.000049,0.021247,0.532931,0.151829,0.021678,0.048199,0.122929,0.101138
AAAGGTAAGCTGTACC-1,0.000035,0.019393,0.294754,0.120499,0.46904,0.000035,0.096207,0.000035
AAAGTAGCATTGCTCA-1,0.000034,0.050688,0.510539,0.007954,0.032885,0.193596,0.157275,0.047029
AAAGTCACTGATGTAA-1,0.000026,0.000026,0.863474,0.002054,0.134341,0.000026,0.000026,0.000026
AAAGTCGACCCTCAGT-1,0.000078,0.000078,0.213139,0.000078,0.000078,0.019004,0.767467,0.000078
AAAGTGCCATCAATTA-1,0.000014,0.000014,0.577711,0.067823,0.320233,0.000014,0.000014,0.034179
AAAGTGTGATTTATCT-1,0.000187,0.033944,0.117132,0.000187,0.000187,0.000187,0.847987,0.000187
AAAGTTGACTCCCGTA-1,0.000131,0.000131,0.000525,0.000131,0.000131,0.041419,0.761827,0.195704
AAATAACCATACGGGA-1,0.0001,0.0001,0.265543,0.008771,0.184824,0.0001,0.377703,0.162859
AAATAAGGTAGTGCCC-1,0.000055,0.068402,0.174734,0.206768,0.247115,0.061081,0.109489,0.132355
AAATACCTATAAGCAT-1,0.000042,0.000042,0.686698,0.004745,0.000042,0.000042,0.288812,0.019577
AAATAGCTTAGACTTT-1,0.000079,0.000079,0.434497,0.140769,0.08008,0.0117,0.248242,0.084554
AAATAGGGTGCTATTG-1,0.000039,0.000039,0.611875,0.031486,0.172706,0.000039,0.183776,0.000039
AAATCCGATACACGCC-1,0.000067,0.000067,0.329139,0.023089,0.179381,0.054464,0.260841,0.152952
AAATCGCGGAAGGAGT-1,0.000068,0.552095,0.00027,0.000068,0.000068,0.443362,0.004002,0.000068
AAATCGTGTACCACAA-1,0.000041,0.000041,0.776531,0.000041,0.000041,0.000041,0.190411,0.03285
AAATCTAGCCCTGCTA-1,0.000095,0.000095,0.00038,0.000095,0.000095,0.064396,0.261374,0.673471
AAATCTGCCCGCGTCC-1,0.000024,0.667096,0.000097,0.000024,0.000024,0.332687,0.000024,0.000024
AAATGACTGATCAAAC-1,0.000061,0.000061,0.159857,0.496904,0.000061,0.000061,0.342935,0.000061
AAATGATTCGATCAGC-1,0.000038,0.000038,0.752479,0.240317,0.000709,0.006344,0.000038,0.000038
AAATGCTCGTTACGTT-1,0.000065,0.000065,0.783424,0.027287,0.000065,0.024991,0.164037,0.000065
AAATGGCATGTCTTGT-1,0.000231,0.000231,0.000923,0.000231,0.000231,0.000231,0.677889,0.320034
AAATGGCCCGTGCCCT-1,0.000031,0.113822,0.175458,0.039651,0.290281,0.166377,0.064619,0.149761
AAATGGTCAATGTGCC-1,0.000051,0.000051,0.633715,0.078931,0.047194,0.000051,0.238176,0.001829
AAATGTATCTTATCCC-1,0.000035,0.148312,0.096039,0.002484,0.00004,0.078277,0.333859,0.340954
AAATGTGGGTGCTCCT-1,0.000288,0.326183,0.065279,0.165947,0.106645,0.000288,0.335084,0.000288
AAATTAACGGGTAGCT-1,0.000037,0.000037,0.821582,0.023662,0.000037,0.005228,0.11988,0.029537
AAATTAATAAGCGCGA-1,0.000033,0.018954,0.201822,0.067809,0.084264,0.242867,0.384218,0.000033
AAATTACACGACTCTG-1,0.000212,0.000212,0.094773,0.000212,0.000212,0.000212,0.776112,0.128052
AAATTACCTATCGATG-1,0.000075,0.037553,0.371661,0.000075,0.081255,0.000075,0.455416,0.053889
AAATTCCAGGTCCAAA-1,0.000031,0.02229,0.654281,0.036232,0.18312,0.007463,0.069617,0.026965
AAATTGATAGTCCTTT-1,0.000044,0.039883,0.406864,0.113737,0.125849,0.000044,0.12475,0.188828
AAATTGCGGCGGTTCT-1,0.000021,0.000021,0.884957,0.000021,0.114917,0.000021,0.000021,0.000021
AAATTGGTGAGAAGCA-1,0.000029,0.004731,0.404587,0.255862,0.118172,0.000029,0.09804,0.118551
AAATTTACCGAAATCC-1,0.000033,0.000595,0.099855,0.010644,0.547163,0.004508,0.104274,0.232927
AAATTTGCGGGTGTGG-1,0.000038,0.029749,0.504979,0.00835,0.073118,0.018573,0.207897,0.157297
AACAACTGGTAGTTGC-1,0.000058,0.000058,0.7291,0.070539,0.029682,0.000058,0.167195,0.003311
AACAATACATTGTCGA-1,0.000045,0.035586,0.161352,0.292101,0.148971,0.01233,0.249825,0.099789
AACAATTACTCTACGC-1,0.000074,0.034098,0.498619,0.000074,0.000074,0.035476,0.431511,0.000074
AACACACGCTCGCCGC-1,0.000058,0.000058,0.612709,0.000058,0.060203,0.051682,0.204196,0.071037
AACACGACTGTACTGA-1,0.000112,0.260474,0.000446,0.000112,0.000112,0.000112,0.287079,0.451554
AACACGAGACGCGGCC-1,0.000045,0.000045,0.417054,0.116688,0.009214,0.103994,0.352916,0.000045
AACACGCGGCCGCGAA-1,0.000051,0.000051,0.454413,0.0116,0.20343,0.013242,0.217029,0.100183
AACAGCTGTGTGGCAA-1,0.006341,0.046565,0.359168,0.171124,0.212869,0.015479,0.18842,0.000033
AACAGGAAATCGAATA-1,0.000106,0.039718,0.274818,0.000106,0.00766,0.017687,0.290079,0.369827
AACAGGATGGGCCGCG-1,0.000065,0.014128,0.282194,0.000065,0.000065,0.207006,0.347741,0.148736
AACAGGTAGTATGGAT-1,0.000051,0.000051,0.398264,0.106902,0.0077,0.000051,0.168155,0.318826
AACATAGCGTGTATCG-1,0.00003,0.177343,0.352177,0.013292,0.040806,0.015477,0.106939,0.293936
AACATATCAACTGGTG-1,0.000045,0.000045,0.687639,0.062572,0.117573,0.006898,0.125185,0.000045
AACATCGATACGTCTA-1,0.000034,0.064369,0.362012,0.211581,0.117235,0.000034,0.089613,0.155123
AACATTGAAGTTGATC-1,0.00005,0.12137,0.000198,0.026574,0.00005,0.690844,0.072604,0.088311
AACATTGGTCAGCCGT-1,0.000036,0.037232,0.518763,0.000036,0.112971,0.000036,0.044083,0.286842
AACATTGTGACTCGAG-1,0.00006,0.00006,0.2703,0.144838,0.00006,0.025636,0.558985,0.00006
AACCAAGACTTCTCTG-1,0.000059,0.056473,0.383756,0.028427,0.12928,0.053917,0.348029,0.000059
AACCAGTATCACTCTT-1,0.000039,0.036088,0.066298,0.19607,0.599889,0.000039,0.101539,0.000039
AACCATAGGGTTGAAC-1,0.000628,0.627875,0.000116,0.000029,0.000029,0.371264,0.000029,0.000029
AACCATGGGATCGCTA-1,0.000053,0.047721,0.404775,0.000053,0.076519,0.000053,0.000053,0.470773
AACCCAGAGACGGAGA-1,0.000089,0.068323,0.248965,0.041419,0.000089,0.245569,0.200467,0.195078
AACCCATCCCATGATC-1,0.00005,0.0205,0.116154,0.031574,0.237855,0.593766,0.000051,0.00005
AACCCGACAACCCGTG-1,0.000047,0.063403,0.033929,0.389516,0.046854,0.062312,0.376395,0.027545
AACCCGAGCAGAATCG-1,0.000037,0.031154,0.447734,0.057496,0.431821,0.000037,0.031685,0.000037
AACCCGCTGTATTCCA-1,0.000014,0.096443,0.144306,0.065756,0.69344,0.000014,0.000014,0.000014
AACCCTACTGTCAATA-1,0.000126,0.015827,0.000506,0.000126,0.000126,0.000126,0.637459,0.345703
AACCCTGGTGGAACCA-1,0.000094,0.06111,0.389392,0.107315,0.117164,0.045821,0.178976,0.100127
AACCGAGCTTGGTCAT-1,0.000039,0.000039,0.776702,0.032269,0.014023,0.000039,0.120126,0.056762
AACCGCTAAGGGATGC-1,0.000089,0.173495,0.501202,0.000089,0.000089,0.000089,0.187169,0.137776
AACCGTTGTGTTTGCT-1,0.000101,0.000101,0.15079,0.000101,0.079244,0.308297,0.285739,0.175628
AACCTCGCTTTAGCCC-1,0.000146,0.000146,0.000583,0.058802,0.000146,0.000146,0.614706,0.325327
AACCTGTCACGGAATT-1,0.000078,0.000078,0.265448,0.270966,0.012084,0.000078,0.409701,0.041567
AACCTTTAAATACGGT-1,0.000026,0.000026,0.927752,0.021682,0.011136,0.000026,0.01307,0.026282
AACCTTTACGACGTCT-1,0.000107,0.000107,0.408447,0.101364,0.06799,0.000107,0.421773,0.000107
AACGAAAGTCGTCCCA-1,0.000041,0.304734,0.000163,0.000041,0.000041,0.6949,0.000041,0.000041
AACGACCTCCTAGCCG-1,0.000013,0.000038,0.181538,0.196017,0.583713,0.000013,0.000013,0.038655
AACGATAATGCCGTAG-1,0.000046,0.000046,0.67363,0.028985,0.005899,0.000046,0.291302,0.000046
AACGATAGAAGGGCCG-1,0.000035,0.000035,0.920312,0.010571,0.037845,0.000035,0.031134,0.000035
AACGATATGTCAACTG-1,0.000067,0.000067,0.249489,0.000067,0.000067,0.021907,0.309108,0.419229
AACGCATGATCTGGGT-1,0.000049,0.000049,0.508177,0.158812,0.230537,0.000049,0.10228,0.000049
AACGCGAACGGCAACA-1,0.00012,0.030945,0.379471,0.077275,0.013063,0.00012,0.374605,0.124401
AACGCGACCTTGGGCG-1,0.00003,0.081629,0.555791,0.095047,0.191421,0.00003,0.07602,0.00003
AACGCGGTCTCCAGCC-1,0.000036,0.000036,0.918659,0.034624,0.001057,0.007272,0.035274,0.003042
AACGCTGTTGCTGAAA-1,0.002479,0.118789,0.588278,0.000144,0.000144,0.025863,0.245434,0.01887
AACGGACGTACGTATA-1,0.000031,0.000031,0.697039,0.000031,0.007545,0.071851,0.042,0.181472
AACGGCCATCTCCGGT-1,0.000026,0.000026,0.601095,0.080663,0.010903,0.103668,0.142851,0.060768
AACGTACTGTGGGTAC-1,0.002946,0.000041,0.401588,0.01411,0.000041,0.159102,0.247048,0.175124
AACGTAGTCTACCCAT-1,0.00008,0.149745,0.17448,0.054499,0.149825,0.00008,0.357838,0.113453
AACGTCAGACTAGTGG-1,0.000025,0.000025,0.967082,0.021192,0.011601,0.000025,0.000025,0.000025
AACGTCATCCGGCTTG-1,0.000029,0.13976,0.002537,0.142648,0.71494,0.000029,0.000029,0.000029
AACGTCGCTGCACTTC-1,0.000072,0.000072,0.000286,0.055925,0.000072,0.110125,0.235813,0.597636
AACGTGATGAAGGACA-1,0.000165,0.000165,0.000661,0.000165,0.000165,0.079767,0.362547,0.556363
AACGTGCGAAAGTCTC-1,0.000026,0.000026,0.724251,0.049357,0.185378,0.000026,0.023015,0.01792
AACGTTATCAGCACCT-1,0.000107,0.000107,0.246568,0.150937,0.042135,0.040236,0.185653,0.334257
AACGTTCTACCATTGT-1,0.000027,0.011048,0.313836,0.18719,0.36115,0.000027,0.121765,0.004957
AACTACCCGTTTGTCA-1,0.000084,0.000084,0.39695,0.013848,0.115617,0.000084,0.473247,0.000084
AACTAGCGTATCGCAC-1,0.000157,0.054733,0.102293,0.096566,0.129245,0.000157,0.616691,0.000157
AACTAGGCTTGGGTGT-1,0.000038,0.000038,0.863967,0.000567,0.000038,0.060804,0.074343,0.000205
AACTCAAGTTAATTGC-1,0.000026,0.000026,0.638966,0.043065,0.000026,0.012859,0.104317,0.200714
AACTCCAGAGCGTGTT-1,0.000099,0.044939,0.385115,0.000099,0.129961,0.000099,0.278477,0.161212
AACTCCTAATCCCATG-1,0.000034,0.000034,0.409659,0.025156,0.485064,0.000034,0.077647,0.002372
AACTCGATAAACACGT-1,0.000017,0.000017,0.850564,0.002704,0.145022,0.000017,0.001643,0.000017
AACTCGATGGCGCAGT-1,0.000035,0.000035,0.922554,0.000035,0.024794,0.000035,0.008676,0.043838
AACTCTCAATAGAGCG-1,0.000141,0.000141,0.000562,0.000141,0.000141,0.000141,0.775461,0.223275
AACTCTCAGTGTGCTC-1,0.000066,0.000066,0.2068,0.026563,0.016397,0.092944,0.619302,0.037863
AACTGAGGTCAGCGTC-1,0.000047,0.000047,0.457594,0.423895,0.02939,0.000047,0.04414,0.044841
AACTGAGTTATACTGA-1,0.000017,0.054874,0.395779,0.251248,0.26741,0.000017,0.024635,0.006019
AACTGATATTAGGCCT-1,0.000064,0.000064,0.432102,0.000064,0.030013,0.000064,0.309616,0.228013
AACTGGGTCCCGACGT-1,0.008522,0.000044,0.614294,0.000044,0.101781,0.000044,0.24594,0.029329
AACTGGGTTCGAGCCG-1,0.000062,0.000062,0.000246,0.136942,0.000062,0.018886,0.574128,0.269613
AACTGGTGTGGGCCTT-1,0.000028,0.005149,0.466206,0.006825,0.334383,0.000028,0.047365,0.140017
AACTTCTGCGTCTATC-1,0.000022,0.002268,0.730583,0.004056,0.263005,0.000022,0.000022,0.000022
AACTTGCCCGTATGCA-1,0.000098,0.000098,0.63088,0.110576,0.000098,0.043624,0.196846,0.017781
AACTTGCGTTCTCGCG-1,0.000092,0.020225,0.5106,0.092865,0.107203,0.000092,0.191291,0.077632
AACTTTACGGGAGCTT-1,0.003501,0.022071,0.464502,0.100019,0.194853,0.000039,0.214976,0.000039
AACTTTAGCTGCTGAG-1,0.000128,0.092924,0.05192,0.038824,0.092301,0.114177,0.417788,0.19194
AACTTTCTCGATCATG-1,0.000024,0.073963,0.093284,0.368194,0.352858,0.000024,0.056564,0.055088
AAGAAAGTTTGATGGG-1,0.000025,0.552558,0.0001,0.000025,0.000025,0.447218,0.000025,0.000025
AAGAAATCACCAGATT-1,0.000023,0.137066,0.053485,0.380584,0.136645,0.000023,0.205313,0.086862
AAGAAGGATCAGTTAG-1,0.000117,0.000117,0.524559,0.028611,0.000117,0.000117,0.446243,0.000117
AAGACATACGTGGTTT-1,0.000052,0.000052,0.023106,0.588219,0.035658,0.000052,0.35281,0.000052
AAGACCAAATAACTCA-1,0.000047,0.505917,0.00019,0.142212,0.000047,0.322473,0.029066,0.000047
AAGACCCAACTGAACA-1,0.000035,0.000035,0.360238,0.066819,0.040614,0.126695,0.40553,0.000035
AAGACTAACCCGTTGT-1,0.000058,0.000058,0.566639,0.000577,0.073038,0.000058,0.104926,0.254644
AAGACTCACGCCCACT-1,0.000011,0.000011,0.347639,0.124481,0.310749,0.097668,0.000011,0.11943
AAGACTGCAAGCTACT-1,0.000033,0.000033,0.777886,0.000033,0.12603,0.000033,0.063757,0.032197
AAGAGATGAATCGGTA-1,0.000036,0.000036,0.817585,0.000036,0.000036,0.182199,0.000036,0.000036
AAGAGCTCTTTATCGG-1,0.002976,0.000068,0.586456,0.000068,0.01783,0.000068,0.392464,0.000068
AAGAGGATGTACGCGA-1,0.000049,0.039823,0.536113,0.000049,0.000049,0.106599,0.232881,0.084435
AAGAGGCATGGATCGC-1,0.000112,0.000112,0.000446,0.000112,0.000112,0.000112,0.686192,0.312804
AAGAGGCCCTTTGGAA-1,0.000038,0.020919,0.228457,0.00832,0.681267,0.000038,0.060924,0.000038
AAGATGGCACCGGACC-1,0.000045,0.024998,0.207011,0.159453,0.078355,0.074139,0.455955,0.000045
AAGATTGGCGGAACGT-1,0.000118,0.000118,0.00047,0.000118,0.000118,0.012707,0.625707,0.360645
AAGCACCCTGCGTATC-1,0.000061,0.000061,0.716807,0.120094,0.019753,0.000061,0.143101,0.000061
AAGCATACTCTCCTGA-1,0.000023,0.000023,0.804212,0.01947,0.068073,0.053344,0.001902,0.052953
AAGCCACTTGCAGGTA-1,0.000037,0.08781,0.00015,0.629763,0.041396,0.000037,0.240768,0.000037
AAGCCGAAGCGGTTTA-1,0.000062,0.000062,0.595164,0.036744,0.000095,0.0087,0.224837,0.134335
AAGCCGCCGTGAAATC-1,0.000032,0.009733,0.171866,0.575837,0.055531,0.180603,0.005248,0.00115
AAGCCGCTTTACCTTG-1,0.000012,0.057343,0.720922,0.212198,0.000012,0.009491,0.000012,0.000012
AAGCCGGAGAGCAGGA-1,0.000032,0.045318,0.361855,0.404251,0.02903,0.123412,0.036071,0.000032
AAGCGCAGGGCTTTGA-1,0.000085,0.000085,0.339921,0.025282,0.184051,0.000085,0.432714,0.017778
AAGCGGAGTGCGCGCA-1,0.000006,0.105911,0.275105,0.000784,0.618173,0.000006,0.000006,0.000006
AAGCGGCGTCATGGGT-1,0.000054,0.000054,0.159666,0.366695,0.056915,0.014786,0.000054,0.401775
AAGCGTCCCTCATCGA-1,0.000028,0.000028,0.901229,0.061146,0.008879,0.028633,0.000028,0.000028
AAGCTAGATCGAGTAA-1,0.000028,0.000028,0.641475,0.009286,0.01101,0.018754,0.043693,0.275725
AAGCTATGGATTGACC-1,0.000059,0.466359,0.093618,0.000059,0.000059,0.43973,0.000059,0.000059
AAGCTCGTGCCAAGTC-1,0.000042,0.000042,0.734414,0.000042,0.157432,0.000042,0.104645,0.003341
AAGCTCTTTCATGGTG-1,0.000113,0.000113,0.183332,0.000113,0.189509,0.000113,0.483395,0.143313
AAGGAGAACTTATAAG-1,0.000162,0.130983,0.067386,0.073535,0.381917,0.000162,0.311889,0.033965
AAGGAGCGGTTGGTGC-1,0.000023,0.010081,0.969309,0.000023,0.003266,0.000023,0.013023,0.00425
AAGGATCGATCGCTTG-1,0.000029,0.000029,0.908616,0.000052,0.089835,0.000029,0.00138,0.000029
AAGGATGAGGGACCTC-1,0.000154,0.000154,0.000617,0.000154,0.000154,0.000154,0.669715,0.328896
AAGGCAGGCTGTCTCC-1,0.000035,0.050485,0.58258,0.142235,0.224562,0.000035,0.000035,0.000035
AAGGCGCGTAAAGCTT-1,0.000034,0.000034,0.858553,0.048655,0.000034,0.003081,0.00122,0.08839
AAGGCTGTGCTCATCG-1,0.003517,0.029032,0.252068,0.046929,0.017792,0.000042,0.11187,0.538749
AAGGGAACGACTGGCT-1,0.000071,0.200743,0.000285,0.000071,0.000071,0.60968,0.189007,0.000071
AAGGGACAGATTCTGT-1,0.000082,0.000082,0.512216,0.000156,0.005629,0.000082,0.481672,0.000082
AAGGGACTATGCATTC-1,0.000076,0.139022,0.000303,0.090485,0.000076,0.305049,0.286469,0.17852
AAGGGTTAGCCATGCG-1,0.000044,0.000044,0.051409,0.444086,0.000044,0.069767,0.241936,0.192669
AAGGGTTTGATTTCAG-1,0.000038,0.709317,0.000151,0.000038,0.000038,0.290343,0.000038,0.000038
AAGGTATCCTAATATA-1,0.000106,0.000106,0.508875,0.000106,0.021464,0.155886,0.269862,0.043596
AAGGTGATAAACCAGC-1,0.000166,0.082154,0.24804,0.000166,0.000166,0.000166,0.362481,0.306661
AAGTAAGCTTCCAAAC-1,0.000069,0.000077,0.000275,0.000069,0.000069,0.077264,0.47188,0.450298
AAGTAGAAGACCGGGT-1,0.000038,0.000038,0.873191,0.000038,0.019866,0.044117,0.060337,0.002375
AAGTAGTGACGCGAGG-1,0.002258,0.000049,0.656657,0.000049,0.000049,0.043788,0.290784,0.006366
AAGTCAATTGTCGTCA-1,0.000115,0.000115,0.084487,0.000115,0.000115,0.000115,0.417736,0.497203
AAGTCTAGTAGCTGCC-1,0.000477,0.13873,0.130329,0.194012,0.512816,0.00959,0.011557,0.002489
AAGTCTTCTGTGGCCT-1,0.000075,0.066296,0.002206,0.098882,0.023812,0.567531,0.172215,0.068984
AAGTGACGACCGAATT-1,0.000015,0.005602,0.891963,0.000015,0.073009,0.015242,0.000015,0.014141
AAGTGAGTCGGGTTTA-1,0.000035,0.006489,0.60988,0.273941,0.041038,0.009898,0.058684,0.000035
AAGTGCAAAGGTAGAC-1,0.00004,0.00004,0.582121,0.021559,0.176079,0.00004,0.009243,0.210878
AAGTGCCTTGACTGTA-1,0.000048,0.000048,0.800521,0.100082,0.038194,0.003248,0.057811,0.000048
AAGTGCGTTAGAATCT-1,0.00002,0.0001,0.659275,0.044194,0.212512,0.054441,0.029439,0.00002
AAGTGCTTCTCTATTG-1,0.000038,0.014968,0.013223,0.49735,0.004941,0.127309,0.316078,0.026093
AAGTGTTTGGAGACGG-1,0.000038,0.000038,0.646252,0.019102,0.183424,0.000038,0.151072,0.000038
AAGTTCACTCCAAGCT-1,0.000127,0.03385,0.000507,0.000127,0.026293,0.000127,0.776965,0.162003
AAGTTCAGTCTGCGTA-1,0.000034,0.000034,0.763484,0.166624,0.0056,0.000034,0.05372,0.010471
AAGTTCGGCCAACAGG-1,0.000028,0.072369,0.465627,0.000028,0.233015,0.000028,0.219584,0.00932
AAGTTGTGATGTTATA-1,0.000156,0.000156,0.000626,0.000156,0.000156,0.000156,0.504881,0.49371
AAGTTTACTAATGGCA-1,0.000114,0.000114,0.387258,0.033457,0.155014,0.016354,0.197605,0.210085
AAGTTTATGGGCCCAA-1,0.000072,0.003486,0.314288,0.077694,0.091772,0.003457,0.496087,0.013144
AATAACAACGCTCGGC-1,0.000054,0.000054,0.43986,0.02112,0.000054,0.122206,0.416597,0.000054
AATAACACTAGAACAA-1,0.000024,0.018644,0.561362,0.148111,0.098541,0.020229,0.143565,0.009523
AATAACGTCGCGCCCA-1,0.000013,0.000542,0.310821,0.129234,0.559351,0.000013,0.000013,0.000013
AATAATCTTCGTATCG-1,0.000078,0.107585,0.161469,0.269868,0.137007,0.000078,0.323837,0.000078
AATACAATGTTTCAGG-1,0.00014,0.00014,0.469684,0.003512,0.00014,0.057056,0.304988,0.164338
AATACCGGAGGGCTGT-1,0.001181,0.021402,0.02795,0.575751,0.035741,0.000641,0.337273,0.000062
AATACCTGATGTGAAC-1,0.000076,0.071361,0.231333,0.158513,0.086704,0.000076,0.218529,0.233408
AATAGAACAGAGTGGC-1,0.000029,0.03944,0.683431,0.113314,0.001899,0.03573,0.126127,0.00003
AATAGAATCTGTTTCA-1,0.000147,0.000147,0.000588,0.000147,0.000147,0.000147,0.766704,0.231974
AATAGCAAGCCTCCTG-1,0.000531,0.000029,0.281296,0.311477,0.338825,0.000029,0.05045,0.017362
AATAGCTACCGCGTGC-1,0.000028,0.024065,0.360644,0.081811,0.501969,0.000028,0.031428,0.000028
AATAGGCACGACCCTT-1,0.000012,0.467773,0.027467,0.166894,0.317409,0.000012,0.000012,0.020423
AATAGTCCGTCCCGAC-1,0.000025,0.000025,0.923353,0.005545,0.000025,0.000025,0.070976,0.000025
AATAGTCGCGAGTCGG-1,0.000049,0.022832,0.440787,0.132762,0.221054,0.072135,0.110333,0.000049
AATATCAAGGTCGGAT-1,0.00003,0.00003,0.95568,0.002608,0.04156,0.00003,0.00003,0.00003
AATATCCTAGCAAACT-1,0.000044,0.684385,0.000178,0.000044,0.000044,0.144878,0.170382,0.000044
AATATCGAATCAATGC-1,0.002915,0.000064,0.575701,0.076813,0.038976,0.000064,0.280006,0.025462
AATATCGAGGGTTCTC-1,0.000068,0.000068,0.479633,0.000068,0.154677,0.000068,0.166707,0.19871
AATATTGGAGTATTGA-1,0.001238,0.000084,0.392211,0.000084,0.000084,0.086427,0.519787,0.000084
AATCAGACTGCAGGAC-1,0.000051,0.000051,0.736261,0.044263,0.0088,0.000051,0.120018,0.090503
AATCAGGTTTCATTTA-1,0.000036,0.044533,0.181885,0.563106,0.043777,0.052973,0.000036,0.113654
AATCATGTAAAGACTC-1,0.00227,0.000126,0.433073,0.000126,0.117256,0.056418,0.249961,0.14077
AATCCAAGGGCCTGAG-1,0.000039,0.000863,0.56675,0.000039,0.411435,0.000039,0.000039,0.020795
AATCCATGCAAGGGTG-1,0.000087,0.000087,0.625146,0.129273,0.000087,0.000087,0.245146,0.000087
AATCCCGCTCAGAGCC-1,0.000013,0.14868,0.067478,0.001822,0.781968,0.000013,0.000013,0.000013
AATCGAGGTCTCAAGG-1,0.000025,0.045886,0.455218,0.037383,0.095895,0.064338,0.085431,0.215824
AATCGCCTCAGCGCCA-1,0.000044,0.000044,0.644178,0.005374,0.109651,0.000044,0.147767,0.092897
AATCGCGCAGAGGACT-1,0.000045,0.000045,0.564395,0.065364,0.006586,0.000045,0.338905,0.024615
AATCGGGACACTACGA-1,0.000121,0.000121,0.000485,0.000121,0.000121,0.000121,0.285846,0.713063
AATCGGTATAGCCCTC-1,0.00013,0.072495,0.00052,0.054443,0.00013,0.00013,0.819623,0.052529
AATCGTGAGCCGAGCA-1,0.000133,0.062046,0.000532,0.000133,0.000133,0.109149,0.597991,0.229884
AATCTAGGTTTACTTG-1,0.000394,0.258999,0.15752,0.000394,0.344535,0.097831,0.090979,0.049348
AATCTATGCCGGAGCC-1,0.011751,0.000065,0.376717,0.227414,0.036779,0.001632,0.180321,0.165321
AATCTCTACTGTGGTT-1,0.000046,0.01344,0.490534,0.129927,0.045687,0.074409,0.21167,0.034287
AATCTGCGTTGGGACG-1,0.000116,0.001652,0.000462,0.000116,0.000116,0.224305,0.665775,0.107458
AATCTGGCTTTCTAGT-1,0.003469,0.141307,0.339369,0.101906,0.157605,0.255497,0.000803,0.000043
AATCTGGGTAGACCCT-1,0.000024,0.000024,0.47425,0.418002,0.071137,0.005344,0.024465,0.006753
AATGACAGCAATGTCT-1,0.000042,0.000042,0.557168,0.013044,0.180761,0.01801,0.230891,0.000042
AATGACGTAGGATGTC-1,0.005021,0.000035,0.854555,0.036466,0.017616,0.000035,0.024063,0.06221
AATGACTGTCAGCCGG-1,0.00005,0.00005,0.485837,0.00005,0.00005,0.094377,0.106841,0.312743
AATGAGTTCGCATATG-1,0.000077,0.027482,0.512183,0.012429,0.14094,0.000077,0.304477,0.002334
AATGATGATACGCTAT-1,0.001764,0.000066,0.626745,0.000181,0.161265,0.000066,0.209554,0.000359
AATGATGCGACTCCTG-1,0.000088,0.000088,0.439429,0.041923,0.019319,0.000088,0.442882,0.056183
AATGCAACCGGGTACC-1,0.000061,0.000061,0.559402,0.07652,0.000061,0.000061,0.316874,0.04696
AATGCACCAAGCAATG-1,0.000029,0.000029,0.272422,0.000574,0.609687,0.000029,0.081557,0.035674
AATGGTCCACCGTTCA-1,0.000093,0.144825,0.30268,0.048501,0.000093,0.000093,0.493128,0.010587
AATGGTTCTCACAAGC-1,0.000032,0.000032,0.966874,0.000032,0.000032,0.027838,0.005128,0.000032
AATGTATGGCACTGTA-1,0.000065,0.379555,0.000259,0.000065,0.000065,0.619863,0.000065,0.000065
AATGTGCCCGAGGTGT-1,0.000083,0.073553,0.121645,0.001902,0.009781,0.256744,0.536207,0.000084
AATGTGCTAATCTGAG-1,0.000022,0.089936,0.315292,0.32141,0.23563,0.01749,0.016004,0.004216
AATGTTAAGACCCTGA-1,0.000051,0.097505,0.260571,0.032003,0.10502,0.011792,0.230183,0.262874
AATGTTGTCGTGAGAC-1,0.000059,0.364518,0.000238,0.000059,0.000059,0.000059,0.026039,0.608967
AATTAAAGGTCGGCGT-1,0.000879,0.000027,0.769669,0.101808,0.000166,0.016604,0.019669,0.091177
AATTAACGGATTTCCA-1,0.000083,0.000083,0.371462,0.177995,0.009963,0.000083,0.440247,0.000083
AATTACGAGACCCATC-1,0.00004,0.721584,0.000158,0.00004,0.00004,0.27806,0.00004,0.00004
AATTACTCGTACGCTC-1,0.000148,0.000148,0.368594,0.074229,0.000148,0.019457,0.53713,0.000148
AATTAGCGCTGCAGCG-1,0.000042,0.000042,0.556264,0.054491,0.000042,0.031356,0.280663,0.0771
AATTATACCCAGCAAG-1,0.000054,0.193044,0.274356,0.07274,0.162322,0.000054,0.101363,0.196067
AATTCATAAGGGATCT-1,0.000078,0.000078,0.54365,0.006537,0.038198,0.004532,0.285482,0.121445
AATTCATTGTCATGCA-1,0.000062,0.573079,0.000248,0.00285,0.000062,0.340294,0.015285,0.068119
AATTCCAACTTGGTGA-1,0.000031,0.005688,0.585868,0.002215,0.085091,0.000031,0.129101,0.191975
AATTCCAAGCATGTAC-1,0.00004,0.047477,0.627827,0.038278,0.181153,0.057553,0.047631,0.00004
AATTCGATTCGAGGAT-1,0.00021,0.029686,0.235864,0.00021,0.00021,0.00021,0.66626,0.067347
AATTCTAGAGTTAGGC-1,0.00007,0.00007,0.47997,0.102157,0.00007,0.00007,0.417522,0.00007
AATTGAACGCTCTGGT-1,0.000102,0.000103,0.00041,0.000103,0.000103,0.000103,0.477211,0.521866
AATTGCAGCAATCGAC-1,0.000255,0.081252,0.001019,0.02824,0.000255,0.000255,0.888471,0.000255
AATTGCGTGGATTACA-1,0.000031,0.797765,0.000122,0.000031,0.000031,0.201959,0.000031,0.000031
AATTGTGGTTGCCAAA-1,0.000015,0.000015,0.585852,0.24515,0.168842,0.000015,0.000094,0.000015
AATTTGGGACATAGTA-1,0.000049,0.08501,0.252304,0.01227,0.435004,0.016092,0.08818,0.111091
AATTTGGTTCCAAAGA-1,0.000131,0.000131,0.163684,0.080248,0.000131,0.000131,0.357567,0.397978
ACAAACCATGCGTCCT-1,0.000058,0.152322,0.00023,0.089428,0.000058,0.752986,0.00486,0.000058
ACAAACTCCATCAGAG-1,0.000025,0.000025,0.083882,0.817674,0.000025,0.043273,0.055072,0.000025
ACAAAGAAGGTAGGCC-1,0.000031,0.327211,0.033735,0.244974,0.037634,0.340531,0.015853,0.000031
ACAAAGCATGACCTAG-1,0.000057,0.08688,0.428943,0.001392,0.088773,0.000057,0.217861,0.176037
ACAAATCGCACCGAAT-1,0.000086,0.000086,0.216815,0.000086,0.063946,0.037487,0.536569,0.144925
ACAAATGGTAGTGTTT-1,0.000153,0.000153,0.000612,0.000153,0.000153,0.000153,0.665403,0.333219
ACAAATTCAGATCTGA-1,0.000027,0.000027,0.390279,0.212049,0.309894,0.025621,0.006951,0.055152
ACAACAGCATGAGCTA-1,0.000041,0.000041,0.706893,0.025652,0.030761,0.000041,0.103894,0.132675
ACAACGGTCCCTGCGA-1,0.000063,0.035712,0.685973,0.0522,0.107064,0.000063,0.118862,0.000063
ACAAGCAGTGCCTAGC-1,0.000044,0.012498,0.641564,0.01027,0.000044,0.148109,0.181711,0.00576
ACAAGCTATATGGAAG-1,0.00007,0.00007,0.08886,0.04768,0.052323,0.077418,0.640152,0.093427
ACAAGGAAATCCGCCC-1,0.000043,0.033518,0.224665,0.000043,0.020802,0.000043,0.066765,0.654122
ACAAGGACAAGAGGTT-1,0.000069,0.000069,0.436684,0.038301,0.000069,0.061145,0.463594,0.000069
ACAAGGATGCTTTAGG-1,0.000115,0.079725,0.178637,0.002628,0.062513,0.048311,0.459596,0.168476
ACAAGGCCTACCAGCC-1,0.00001,0.012213,0.452611,0.085583,0.449554,0.00001,0.00001,0.00001
ACAAGGGCAGGCTCTG-1,0.000034,0.000034,0.794314,0.011338,0.051233,0.000034,0.133304,0.009709
ACAAGTAATTGTAAGG-1,0.000061,0.242343,0.000243,0.066166,0.000061,0.539826,0.151239,0.000061
ACAATAGTCGTACGTT-1,0.000043,0.023542,0.660438,0.027764,0.02106,0.101301,0.165808,0.000043
ACAATCCATTTAAACC-1,0.000052,0.000052,0.568884,0.007763,0.000052,0.026143,0.397002,0.000052
ACAATCGATCTTTATA-1,0.000105,0.27444,0.162942,0.161293,0.268659,0.058317,0.074139,0.000105
ACAATGAATACGGAGA-1,0.000035,0.017845,0.367061,0.15092,0.065074,0.218145,0.180885,0.000035
ACAATGATTCTTCTAC-1,0.000021,0.000021,0.354695,0.211325,0.263296,0.055629,0.000021,0.114993
ACAATTGTGTCTCTTT-1,0.000179,0.06589,0.206738,0.000179,0.112884,0.000179,0.613771,0.000179
ACAATTTAGGAGGCTC-1,0.000029,0.000029,0.908274,0.001964,0.015179,0.000029,0.074465,0.000029
ACAATTTGAGCAGTGG-1,0.000116,0.000116,0.078776,0.000116,0.000116,0.311223,0.110937,0.498601
ACAATTTGGCCATATT-1,0.000042,0.000042,0.19164,0.52474,0.061368,0.000042,0.010486,0.21164
ACACAAAGACGGGTGG-1,0.000118,0.26139,0.188543,0.000118,0.000118,0.000118,0.257326,0.292269
ACACAAATATTCCTAG-1,0.000011,0.225447,0.565963,0.020687,0.18786,0.000011,0.000011,0.000011
ACACACCAGGACCAGT-1,0.000124,0.000124,0.000495,0.000124,0.000124,0.119232,0.330009,0.549769
ACACACTTTCTACACG-1,0.000066,0.000066,0.529017,0.031675,0.224336,0.000066,0.211869,0.002905
ACACATGATCAAATCT-1,0.000094,0.104186,0.000377,0.079586,0.000094,0.7523,0.063269,0.000094
ACACATTGACGCAACA-1,0.000078,0.000078,0.523034,0.165199,0.000078,0.000078,0.311379,0.000078
ACACATTTCCGTAGAC-1,0.000071,0.000071,0.137369,0.357672,0.209174,0.00907,0.286503,0.000071
ACACCACATAATTAGC-1,0.000031,0.031764,0.260047,0.086143,0.552031,0.000031,0.069923,0.000031
ACACCCAGCATGCAGC-1,0.000048,0.029931,0.564613,0.002207,0.069357,0.035081,0.040475,0.258288
ACACCCGAGAAATCCG-1,0.000027,0.070724,0.635269,0.000027,0.135731,0.000027,0.056516,0.101678
ACACCGAGCGCTCTTT-1,0.00002,0.00002,0.891588,0.00002,0.00002,0.089806,0.00002,0.018508
ACACCGGTCTGACCGC-1,0.000049,0.181779,0.011016,0.000049,0.000049,0.80696,0.000049,0.000049
ACACCTTAAGTAGGGC-1,0.000035,0.000035,0.8451,0.074854,0.000035,0.010003,0.002912,0.067026
ACACCTTACTACTTGC-1,0.000073,0.000073,0.351898,0.082874,0.083159,0.000073,0.425726,0.056124
ACACGAGACTCCTTCT-1,0.000069,0.000069,0.544372,0.059908,0.000069,0.000069,0.389784,0.005658
ACACGGCACTATGCAT-1,0.000044,0.009034,0.689799,0.000044,0.020796,0.099688,0.038941,0.141655
ACACGGGAACTTAGGG-1,0.000055,0.000055,0.431405,0.000055,0.027959,0.000055,0.091478,0.448937
ACACGTAGGCCACAAG-1,0.000063,0.000063,0.435969,0.218562,0.153601,0.000063,0.171617,0.020062
ACACTCCAATGTCACT-1,0.000096,0.014817,0.47612,0.22784,0.030781,0.000096,0.250155,0.000096
ACACTGATCAAGGTGT-1,0.000867,0.00972,0.555547,0.031853,0.00124,0.007649,0.171065,0.22206
ACACTGGGACAGTCGT-1,0.000046,0.090359,0.040648,0.000046,0.658082,0.000046,0.132699,0.078074
ACAGAACTGAGAACAA-1,0.00005,0.00005,0.120479,0.00005,0.00005,0.383063,0.397154,0.099102
ACAGATTAGGTTAGTG-1,0.000225,0.000225,0.0009,0.000509,0.155965,0.000225,0.841725,0.000225
ACAGCATAGAGCCAGT-1,0.000089,0.000089,0.45735,0.006185,0.198369,0.000089,0.288367,0.049464
ACAGCGACATTCTCAT-1,0.000261,0.175242,0.416301,0.000261,0.000261,0.000261,0.356704,0.050709
ACAGCGCACCCGCAGC-1,0.003697,0.147478,0.240739,0.000193,0.000193,0.079091,0.37692,0.151688
ACAGGAGGCGCAGCCG-1,0.00004,0.00004,0.451739,0.00004,0.147957,0.00004,0.312529,0.087617
ACAGGCACGGATCCTT-1,0.000057,0.121428,0.473347,0.053386,0.081818,0.000057,0.135034,0.134873
ACAGGCTTGCCCGACT-1,0.000082,0.083882,0.000327,0.000082,0.000082,0.0429,0.292002,0.580643
ACAGGTGGAGGTGAGG-1,0.00003,0.00003,0.664266,0.045777,0.00003,0.067621,0.199149,0.023098
ACAGGTGTGTTGTTGC-1,0.000022,0.076275,0.156226,0.397117,0.159047,0.04254,0.020892,0.14788
ACAGTAATACAACTTG-1,0.000024,0.029422,0.565635,0.001716,0.065607,0.313303,0.02427,0.000024
ACAGTATACCGTGGGA-1,0.000025,0.035704,0.350633,0.263356,0.215199,0.000025,0.038831,0.096226
ACATAAGTCGTGGTGA-1,0.000045,0.525671,0.00018,0.000045,0.000045,0.432469,0.000045,0.041499
ACATAATAAGGCGGTG-1,0.000078,0.000078,0.444726,0.000078,0.000078,0.000078,0.544863,0.010022
ACATACAATCAAGCGG-1,0.001067,0.06799,0.481653,0.047593,0.127681,0.038613,0.063184,0.17222
ACATCAGCTGGGACGC-1,0.000068,0.075812,0.450667,0.006464,0.007329,0.08073,0.357076,0.021854
ACATCCCGGCCATACG-1,0.000068,0.000068,0.268439,0.087655,0.000068,0.049643,0.538314,0.055745
ACATCCTGGTAACTGT-1,0.000095,0.000095,0.347449,0.058186,0.000095,0.025286,0.5687,0.000095
ACATCGATCGTTTACC-1,0.000034,0.000034,0.950219,0.000034,0.000034,0.000034,0.028399,0.021214
ACATCGCAATATTCGG-1,0.000034,0.029466,0.011982,0.667751,0.004502,0.18067,0.105561,0.000034
ACATCGGTCAGCCGCG-1,0.00005,0.00005,0.62899,0.006313,0.00005,0.073238,0.29126,0.00005
ACATCGTATGCAATGG-1,0.000075,0.000075,0.404763,0.002988,0.032738,0.010059,0.353185,0.196117
ACATCGTTAACCTAGT-1,0.003098,0.000081,0.618034,0.000081,0.052422,0.063595,0.021973,0.240717
ACATCTCAACGCGTAA-1,0.000022,0.028971,0.4957,0.0471,0.104763,0.15921,0.001613,0.162621
ACATGCTTACGGCAGC-1,0.000037,0.335183,0.000147,0.000037,0.000037,0.664486,0.000037,0.000037
ACATGGCGCCAAAGTA-1,0.000075,0.000075,0.332587,0.040568,0.030055,0.082268,0.317733,0.19664
ACATGGCTCAATTTAG-1,0.000079,0.000079,0.508675,0.045367,0.0139,0.000079,0.137967,0.293853
ACATTAGTTTATATCC-1,0.000078,0.000078,0.498284,0.033607,0.000078,0.016288,0.366587,0.085001
ACATTCGCGCGGAATA-1,0.000035,0.334516,0.011308,0.375962,0.01289,0.020916,0.215334,0.029039
ACATTTGAAACCTAAC-1,0.000031,0.054777,0.515451,0.011017,0.155497,0.04892,0.055159,0.159149
ACCAAACACCCAGCGA-1,0.000022,0.063689,0.358284,0.193429,0.346406,0.000022,0.03603,0.00212
ACCAAACTAGAAATCC-1,0.00002,0.04347,0.535126,0.027337,0.104922,0.10449,0.035727,0.148909
ACCAACACCACACACT-1,0.000027,0.068545,0.309446,0.16208,0.150803,0.000027,0.000027,0.309045
ACCAACCGCACTCCAC-1,0.000138,0.378795,0.140064,0.000138,0.153232,0.000138,0.190623,0.136874
ACCAACGCTTATTTAT-1,0.000035,0.000035,0.704604,0.245786,0.005955,0.020985,0.022567,0.000035
ACCAAGAACGCGTGTC-1,0.000058,0.022991,0.697308,0.022444,0.077241,0.000058,0.155254,0.024645
ACCAAGTCATCGGCAG-1,0.000087,0.000087,0.000349,0.000087,0.000087,0.286729,0.489329,0.223244
ACCAATATGCAAGTTA-1,0.00004,0.00004,0.583197,0.019365,0.260394,0.00004,0.103957,0.032968
ACCACAACTCAGAACA-1,0.000139,0.196975,0.000554,0.105348,0.000139,0.000211,0.223816,0.472818
ACCACAAGTTTCTATC-1,0.000056,0.000056,0.409696,0.000075,0.000056,0.000056,0.23988,0.350124
ACCACACGGTTGATGG-1,0.000019,0.039977,0.437631,0.013151,0.075778,0.056829,0.069014,0.307602
ACCACCAATGTAACAA-1,0.000072,0.000072,0.438293,0.077291,0.000072,0.000072,0.484057,0.000072
ACCACCCTCTCTTCTA-1,0.000019,0.025255,0.205436,0.321767,0.439974,0.007513,0.000019,0.000019
ACCACGTGCAGCTATA-1,0.000044,0.008067,0.502742,0.013754,0.092212,0.000044,0.199419,0.183719
ACCACTGTTCAAGAAG-1,0.000092,0.048557,0.405267,0.121128,0.00683,0.000092,0.247367,0.170666
ACCAGACCATAACAAC-1,0.000021,0.142717,0.394199,0.10214,0.212755,0.058095,0.090052,0.000021
ACCAGCCCGGTCTTTG-1,0.000019,0.028215,0.452697,0.025648,0.140418,0.198043,0.017457,0.137504
ACCAGGAGTGTGATCT-1,0.000358,0.205134,0.001432,0.205696,0.278338,0.000358,0.308327,0.000358
ACCAGTGCCCGGTCAA-1,0.006114,0.000051,0.438337,0.402364,0.068395,0.000051,0.046631,0.038057
ACCAGTGCGGGAGACG-1,0.000094,0.018878,0.480618,0.000094,0.000094,0.016088,0.276834,0.207301
ACCATATCCGCAATAA-1,0.000022,0.000105,0.72833,0.002756,0.057052,0.000022,0.087724,0.12399
ACCATCCGCCAACTAG-1,0.000047,0.027204,0.121639,0.000047,0.000047,0.803461,0.047509,0.000047
ACCATCGTATATGGTA-1,0.000047,0.000047,0.741665,0.000047,0.000047,0.178211,0.079891,0.000047
ACCATTAAGGGTGTCA-1,0.000043,0.000591,0.719693,0.000043,0.05701,0.064355,0.158223,0.000043
ACCCAACGCCCGTGGC-1,0.000118,0.24938,0.197968,0.000118,0.000118,0.000118,0.049957,0.502222
ACCCACCTACATGCTC-1,0.000105,0.000105,0.227554,0.000105,0.000105,0.03054,0.502071,0.239417
ACCCATCTTGAGGGTA-1,0.000069,0.016183,0.521269,0.000069,0.000069,0.074351,0.369795,0.018196
ACCCATTTGTCCCTCT-1,0.000164,0.084903,0.12031,0.026775,0.027522,0.020949,0.453234,0.266143
ACCCGAGCGAAATTAC-1,0.000053,0.054098,0.095922,0.213802,0.036553,0.063806,0.340377,0.195388
ACCCGATTGGTTCCGA-1,0.000021,0.000021,0.331995,0.556168,0.052394,0.035836,0.000021,0.023546
ACCCGGAAACTCCCAG-1,0.000042,0.000042,0.605526,0.172826,0.031718,0.017328,0.101918,0.070599
ACCCGGAGCACCACAA-1,0.000032,0.063824,0.104336,0.1694,0.599114,0.000032,0.040161,0.023103
ACCCGGATGACGCATC-1,0.00004,0.00004,0.791587,0.00004,0.114939,0.00004,0.090579,0.002736
ACCCGGTTACACTTCC-1,0.000067,0.000067,0.565655,0.056604,0.000067,0.079991,0.297482,0.000067
ACCCGTAGCAGAGAAT-1,0.000037,0.121442,0.039421,0.334331,0.001377,0.503318,0.000037,0.000037
ACCCGTAGTCTAGTTG-1,0.000018,0.030563,0.210065,0.114571,0.599777,0.000018,0.04497,0.000018
ACCCGTGTCATCAGTA-1,0.000037,0.020684,0.652562,0.043913,0.052335,0.090235,0.103195,0.037038
ACCCTATAGGACTGAG-1,0.000031,0.000031,0.881256,0.000031,0.076312,0.000031,0.000031,0.042279
ACCCTATGCCATATCG-1,0.000021,0.047005,0.714682,0.000021,0.238207,0.000021,0.000021,0.000021
ACCCTCCCGTCAGGGC-1,0.000095,0.373958,0.371624,0.011042,0.0505,0.000095,0.030811,0.161875
ACCCTCCCTTGCTATT-1,0.004103,0.00008,0.102951,0.117045,0.00008,0.00008,0.200489,0.575172
ACCCTGGTAACGCCCT-1,0.000081,0.000081,0.309996,0.322975,0.000081,0.000081,0.366626,0.000081
ACCCTTCATCTGCGAA-1,0.000111,0.000111,0.301265,0.066759,0.157783,0.000111,0.377522,0.09634
ACCCTTGCCTGGGTCG-1,0.000009,0.202763,0.314399,0.010062,0.470372,0.000009,0.000009,0.002377
ACCCTTTAGTTCTCCA-1,0.000068,0.042993,0.479173,0.000068,0.132989,0.110462,0.047315,0.186931
ACCGAAAGGGCCCTGC-1,0.000023,0.000023,0.860423,0.005443,0.133028,0.000023,0.000023,0.001013
ACCGAAGAGTCTGGTT-1,0.000077,0.097243,0.000307,0.100439,0.000077,0.779986,0.021794,0.000077
ACCGACACATCTCCCA-1,0.00007,0.00007,0.485239,0.135209,0.06561,0.00007,0.313662,0.00007
ACCGACTGAGTCCCAC-1,0.000086,0.000086,0.557819,0.000086,0.000086,0.000086,0.419573,0.022179
ACCGAGTCTCCTTATT-1,0.000055,0.415654,0.000218,0.000055,0.000055,0.000055,0.024243,0.559666
ACCGATAGGCATAACC-1,0.00008,0.00008,0.109562,0.350853,0.080034,0.00008,0.351526,0.107784
ACCGATATTTAATCAT-1,0.000033,0.042026,0.325545,0.007126,0.625172,0.000033,0.000033,0.000033
ACCGATGGTAGCATCG-1,0.000095,0.038002,0.00038,0.000095,0.000095,0.067292,0.360805,0.533236
ACCGCAATAACTGCCT-1,0.000034,0.000034,0.681099,0.060396,0.075565,0.005275,0.126414,0.051181
ACCGCGGTGGAAGTCG-1,0.000076,0.000076,0.137261,0.000076,0.000076,0.003881,0.31528,0.543275
ACCGCTAGTCATTGGT-1,0.000056,0.165603,0.000226,0.530064,0.000056,0.000056,0.303881,0.000056
ACCGGGCCTTTGTTGA-1,0.000115,0.000115,0.000458,0.000115,0.000115,0.000115,0.470481,0.528489
ACCGGTCAGGTACACC-1,0.00009,0.230218,0.000358,0.00009,0.00009,0.560498,0.033998,0.174659
ACCGGTCTGAGTACGG-1,0.000032,0.000032,0.472519,0.42944,0.038734,0.000032,0.059177,0.000032
ACCGTCCACTGGGCCC-1,0.000049,0.220639,0.000196,0.241121,0.000049,0.536025,0.001873,0.000049
ACCGTGACCACGTGGG-1,0.001481,0.070506,0.421285,0.133589,0.211848,0.000031,0.161229,0.000031
ACCGTTCCCGCTCTGA-1,0.000049,0.024281,0.526263,0.002094,0.126791,0.095391,0.104076,0.121054
ACCTAAGTACCTTTCA-1,0.000035,0.067066,0.51879,0.009515,0.070627,0.016923,0.135183,0.18186
ACCTAATCGACTTCCT-1,0.000023,0.073933,0.771046,0.000023,0.116163,0.000023,0.000023,0.038766
ACCTACAGTATGTGGT-1,0.00004,0.00004,0.828354,0.090498,0.014717,0.00004,0.066271,0.00004
ACCTACTATAAATCTA-1,0.00005,0.00005,0.138648,0.492949,0.00005,0.060951,0.020498,0.286806
ACCTCAGCGAGGCGCA-1,0.00004,0.125215,0.419631,0.115866,0.132485,0.008519,0.071663,0.126581
ACCTCCGCCCTCGCTG-1,0.000057,0.000057,0.510712,0.169141,0.067389,0.000057,0.055203,0.197386
ACCTCCGTTATTCACC-1,0.000082,0.000082,0.48171,0.095429,0.016308,0.000082,0.406224,0.000082
ACCTCGAACTTATGCT-1,0.00008,0.205715,0.00032,0.166809,0.061672,0.565244,0.00008,0.00008
ACCTGCGTGTCATGTT-1,0.000037,0.034872,0.449387,0.018834,0.272191,0.095382,0.128744,0.000554
