Barcode,Topic 1,Topic 2,Topic 3,Topic 4,Topic 5to6,Topic 7to9,Topic 10,Topic 11to12
AAACAACGAATAGTTC-1,0.000128,0.000661,0.109654,0.16784,0.114194,0.607139,0.000128,0.000256
AAACAAGTATCTCCCA-1,0.000029,0.062676,0.000029,0.200004,0.278723,0.400789,0.000029,0.057722
AAACAATCTACTAGCA-1,0.000172,0.000172,0.000172,0.907874,0.090576,0.000517,0.000172,0.000344
AAACACCAATAACTGC-1,0.000039,0.001694,0.065546,0.634897,0.000079,0.124133,0.000039,0.173572
AAACAGAGCGACTCCT-1,0.000046,0.000046,0.000046,0.000201,0.82464,0.140206,0.000046,0.034771
AAACAGCTTTCAGAAG-1,0.000044,0.062584,0.000044,0.082424,0.5167,0.137914,0.028388,0.171901
AAACAGGGTCTATATT-1,0.000033,0.017831,0.022448,0.084688,0.208746,0.434176,0.000033,0.232044
AAACAGTGTTCCTGGG-1,0.000098,0.007737,0.15162,0.443731,0.000196,0.000294,0.000098,0.396225
AAACATGGTGAGAGGA-1,0.000026,0.090183,0.042818,0.183645,0.198566,0.347288,0.007763,0.129711
AAACATTTCCCGGATT-1,0.000034,0.019059,0.000034,0.141778,0.46174,0.289511,0.000034,0.087809
AAACCACTACACAGAT-1,0.000049,0.000049,0.213626,0.00738,0.399675,0.312375,0.000049,0.066799
AAACCCGAACGAAATC-1,0.000034,0.398229,0.000034,0.248927,0.174899,0.177774,0.000034,0.000068
AAACCGGAAATGTTAA-1,0.000032,0.593257,0.19172,0.090324,0.036624,0.087945,0.000032,0.000064
AAACCGGGTAGGTACC-1,0.00017,0.058779,0.492349,0.35486,0.028915,0.064418,0.00017,0.000339
AAACCGTTCGTCCAGG-1,0.000101,0.000101,0.000101,0.737273,0.000202,0.242956,0.000101,0.019165
AAACCTAAGCAGCCGG-1,0.000035,0.000035,0.000035,0.067419,0.67683,0.022696,0.185629,0.047321
AAACCTCATGAAGTTG-1,0.000156,0.000156,0.000156,0.756757,0.241841,0.000467,0.000156,0.000312
AAACGAAGAACATACC-1,0.000055,0.000055,0.028388,0.012589,0.646566,0.312183,0.000055,0.00011
AAACGAAGATGGAGTA-1,0.000015,0.000015,0.138937,0.000015,0.000031,0.283204,0.000015,0.577769
AAACGACAGTCTTGCC-1,0.000043,0.000043,0.028459,0.028783,0.486948,0.167829,0.027209,0.260686
AAACGAGACGGTTGAT-1,0.00003,0.002207,0.003452,0.110956,0.076005,0.797652,0.009178,0.000519
AAACGCCCGAGATCGG-1,0.000072,0.000072,0.032141,0.030589,0.592385,0.098664,0.045488,0.200587
AAACGCTGGGCACGAC-1,0.000011,0.192907,0.209556,0.035982,0.102278,0.246683,0.093886,0.118698
AAACGGGCGTACGGGT-1,0.000021,0.000021,0.000021,0.0358,0.176345,0.541468,0.031146,0.215179
AAACGGGTTGGTATCC-1,0.000055,0.037445,0.075954,0.169327,0.041977,0.675077,0.000055,0.00011
AAACGGTTGCGAACTG-1,0.000078,0.000078,0.000078,0.201218,0.758742,0.023687,0.000078,0.016039
AAACGTGTTCGCCCTA-1,0.000018,0.061824,0.047632,0.000018,0.014314,0.62346,0.076501,0.176232
AAACTAACGTGGCGAC-1,0.000037,0.000037,0.043623,0.012378,0.360684,0.448069,0.000037,0.135135
AAACTCGGTTCGCAAT-1,0.000059,0.000059,0.019823,0.087437,0.637452,0.254991,0.000059,0.000119
AAACTCGTGATATAAG-1,0.000068,0.030937,0.000068,0.165765,0.500007,0.28974,0.013278,0.000136
AAACTGCTGGCTCCAA-1,0.000021,0.000021,0.032261,0.048757,0.079384,0.705159,0.000021,0.134375
AAACTTAATTGCACGC-1,0.00003,0.002324,0.028921,0.366444,0.030223,0.037891,0.130986,0.403181
AAACTTGCAAACGTAT-1,0.0001,0.127564,0.0001,0.829334,0.036165,0.0003,0.0001,0.006339
AAAGAATGACCTTAGA-1,0.000012,0.000012,0.085417,0.000012,0.052563,0.398426,0.347468,0.116091
AAAGAATGTGGACTAA-1,0.000027,0.277681,0.000027,0.277011,0.199306,0.04072,0.031604,0.173623
AAAGACATGAAGTTTA-1,0.000061,0.000061,0.060936,0.059853,0.68718,0.053973,0.000061,0.137873
AAAGACCCAAGTCGCG-1,0.00014,0.00014,0.00014,0.327728,0.671016,0.000419,0.00014,0.000279
AAAGACTGGGCGCTTT-1,0.000189,0.000189,0.000189,0.997921,0.000378,0.000567,0.000189,0.000378
AAAGCTTGCCTACATA-1,0.000032,0.023123,0.018285,0.188359,0.075298,0.484835,0.003768,0.206298
AAAGGCCCTATAATAC-1,0.000019,0.064676,0.010549,0.000019,0.192618,0.35492,0.008967,0.368233
AAAGGCTACGGACCAT-1,0.000083,0.000083,0.000083,0.391909,0.47096,0.104684,0.000083,0.032115
AAAGGCTCTCGCGCCG-1,0.000052,0.025033,0.015478,0.054069,0.457248,0.407237,0.000052,0.040832
AAAGGGATGTAGCAAG-1,0.00011,0.00011,0.028876,0.00011,0.970133,0.00033,0.00011,0.00022
AAAGGGCAGCTTGAAT-1,0.00009,0.00009,0.035561,0.145223,0.296016,0.522751,0.00009,0.000179
AAAGGTAAGCTGTACC-1,0.000057,0.000057,0.048513,0.103945,0.469496,0.164364,0.000057,0.213511
AAAGGTCAACGACATG-1,0.000065,0.000065,0.001111,0.377829,0.446293,0.000194,0.000065,0.174378
AAAGTAGCATTGCTCA-1,0.000179,0.000179,0.045228,0.645295,0.308043,0.000538,0.000179,0.000358
AAAGTCACTGATGTAA-1,0.000107,0.000107,0.082982,0.108341,0.570066,0.238077,0.000107,0.000213
AAAGTCGACCCTCAGT-1,0.00016,0.00016,0.00016,0.922988,0.075573,0.00048,0.00016,0.00032
AAAGTGCCATCAATTA-1,0.000015,0.293746,0.093168,0.055555,0.171446,0.303964,0.028556,0.053552
AAAGTGTGATTTATCT-1,0.000054,0.000054,0.000054,0.100643,0.589553,0.206707,0.072134,0.030801
AAAGTTGACTCCCGTA-1,0.000023,0.081849,0.035101,0.000023,0.063852,0.789985,0.002462,0.026704
AAATAACCATACGGGA-1,0.000021,0.000021,0.000021,0.000021,0.070592,0.853484,0.000021,0.075819
AAATAAGGTAGTGCCC-1,0.000027,0.166678,0.009688,0.083843,0.189295,0.520454,0.00171,0.028306
AAATACCTATAAGCAT-1,0.000046,0.000046,0.000046,0.000284,0.537964,0.392346,0.00032,0.068947
AAATAGCTTAGACTTT-1,0.000026,0.027874,0.000026,0.021708,0.262064,0.665531,0.009876,0.012896
AAATAGGGTGCTATTG-1,0.000045,0.000045,0.000045,0.073717,0.302631,0.380547,0.170725,0.072245
AAATCACTCCTAAACG-1,0.000041,0.004464,0.116409,0.678972,0.072966,0.020241,0.000041,0.106865
AAATCCGATACACGCC-1,0.000025,0.096117,0.036917,0.028369,0.360556,0.33518,0.045157,0.097679
AAATCGCGGAAGGAGT-1,0.000028,0.043072,0.05274,0.0041,0.264154,0.160155,0.18166,0.29409
AAATCGTGTACCACAA-1,0.000046,0.000046,0.003134,0.000046,0.373892,0.614713,0.000046,0.008077
AAATCTAGCCCTGCTA-1,0.000031,0.015598,0.067099,0.328787,0.148493,0.439897,0.000031,0.000063
AAATCTGCCCGCGTCC-1,0.000043,0.020304,0.000043,0.119867,0.443648,0.00013,0.000043,0.415921
AAATGACTGATCAAAC-1,0.000039,0.000039,0.000039,0.000039,0.159506,0.372255,0.000039,0.468043
AAATGATTCGATCAGC-1,0.000067,0.000067,0.000067,0.202764,0.102745,0.637542,0.000067,0.056681
AAATGCTCGTTACGTT-1,0.000443,0.098335,0.502578,0.395097,0.000887,0.00133,0.000443,0.000887
AAATGGCATGTCTTGT-1,0.000046,0.000046,0.072377,0.083923,0.246647,0.596824,0.000046,0.000092
AAATGGCCCGTGCCCT-1,0.000038,0.047071,0.063115,0.235089,0.110423,0.34313,0.000038,0.201095
AAATGGTCAATGTGCC-1,0.000063,0.000063,0.011278,0.000063,0.528918,0.459429,0.000063,0.000125
AAATGTATCTTATCCC-1,0.000053,0.000053,0.000053,0.015658,0.701108,0.282917,0.000053,0.000106
AAATGTGGGTGCTCCT-1,0.000101,0.000101,0.024096,0.674201,0.2416,0.000303,0.000101,0.059497
AAATTAACGGGTAGCT-1,0.000085,0.018369,0.000085,0.1795,0.758154,0.043549,0.000085,0.000171
AAATTAATAAGCGCGA-1,0.00005,0.024832,0.005198,0.212088,0.401977,0.295081,0.00005,0.060723
AAATTACACGACTCTG-1,0.000049,0.000049,0.000049,0.02137,0.31203,0.523608,0.005351,0.137494
AAATTACCTATCGATG-1,0.000049,0.0081,0.000049,0.066301,0.733669,0.191686,0.000049,0.000097
AAATTCCAGGTCCAAA-1,0.000015,0.042289,0.004964,0.007603,0.168082,0.709087,0.000138,0.067822
AAATTGATAGTCCTTT-1,0.000119,0.055484,0.410721,0.532721,0.000239,0.000358,0.000119,0.000239
AAATTGCGGCGGTTCT-1,0.000359,0.000359,0.344494,0.144544,0.404594,0.001078,0.000359,0.104214
AAATTGGTGAGAAGCA-1,0.000024,0.019901,0.015925,0.008209,0.143948,0.660312,0.013039,0.138642
AAATTTACCGAAATCC-1,0.000069,0.000069,0.000069,0.000069,0.948741,0.030982,0.009414,0.010587
AAATTTGCGGGTGTGG-1,0.000108,0.000108,0.235827,0.295605,0.346747,0.121282,0.000108,0.000216
AACAACTGGTAGTTGC-1,0.000192,0.000192,0.000192,0.74508,0.115906,0.137859,0.000192,0.000385
AACAATACATTGTCGA-1,0.00012,0.00012,0.116304,0.551045,0.143787,0.085806,0.102579,0.000239
AACAATTACTCTACGC-1,0.000204,0.000204,0.219829,0.590697,0.187844,0.000611,0.000204,0.000408
AACACACGCTCGCCGC-1,0.000052,0.022263,0.12607,0.078777,0.747427,0.025253,0.000052,0.000105
AACACGACTGTACTGA-1,0.000083,0.000083,0.038821,0.250869,0.273002,0.436891,0.000083,0.000167
AACACGAGACGCGGCC-1,0.00015,0.00015,0.00015,0.689749,0.308897,0.000451,0.00015,0.000301
AACACGCGGCCGCGAA-1,0.000076,0.080745,0.105257,0.176527,0.232072,0.405094,0.000076,0.000153
AACAGCTGTGTGGCAA-1,0.000149,0.000149,0.000149,0.998357,0.000299,0.000448,0.000149,0.000299
AACAGGAAATCGAATA-1,0.000049,0.000049,0.000049,0.000049,0.409676,0.559556,0.000049,0.030525
AACAGGATGGGCCGCG-1,0.000267,0.000267,0.000267,0.686254,0.311342,0.000801,0.000267,0.000534
AACAGGTAGTATGGAT-1,0.000043,0.25309,0.000043,0.12058,0.191008,0.424076,0.01001,0.001151
AACATAGCGTGTATCG-1,0.00004,0.00004,0.00004,0.378244,0.148441,0.022024,0.064046,0.387123
AACATATCAACTGGTG-1,0.000038,0.000038,0.005333,0.111419,0.193773,0.577211,0.014308,0.097881
AACATCGATACGTCTA-1,0.000024,0.033774,0.000024,0.007266,0.040194,0.820011,0.015076,0.08363
AACATTGAAGTTGATC-1,0.00005,0.00005,0.021585,0.170667,0.234615,0.341369,0.022794,0.208871
AACATTGTGACTCGAG-1,0.000075,0.000075,0.070524,0.667847,0.013676,0.203614,0.000075,0.044112
AACCAAGACTTCTCTG-1,0.000049,0.127107,0.691801,0.180653,0.000098,0.000146,0.000049,0.000098
AACCAGTATCACTCTT-1,0.000043,0.000043,0.000043,0.00416,0.239368,0.490567,0.000043,0.265731
AACCATAGGGTTGAAC-1,0.000032,0.042631,0.000032,0.247403,0.39179,0.000095,0.267702,0.050316
AACCATGGGATCGCTA-1,0.000287,0.000287,0.102133,0.069049,0.503704,0.323677,0.000287,0.000575
AACCCAGAGACGGAGA-1,0.000167,0.000167,0.000167,0.967822,0.000333,0.030844,0.000167,0.000333
AACCCATCCCATGATC-1,0.000046,0.055609,0.000046,0.209132,0.239732,0.252039,0.01485,0.228547
AACCCGACAACCCGTG-1,0.000078,0.022779,0.095924,0.344467,0.071402,0.413087,0.000078,0.052185
AACCCGAGCAGAATCG-1,0.000055,0.607313,0.000055,0.228359,0.163888,0.000165,0.000055,0.00011
AACCCGATAGGGCTTC-1,0.000052,0.015307,0.051799,0.09415,0.489444,0.013273,0.000868,0.335108
AACCCGCTGTATTCCA-1,0.000023,0.000023,0.226862,0.077335,0.016409,0.232546,0.000023,0.446781
AACCCTACTGTCAATA-1,0.000032,0.042906,0.040415,0.106552,0.222286,0.580101,0.007645,0.000064
AACCCTGGTGGAACCA-1,0.000078,0.000078,0.080595,0.265662,0.435082,0.218273,0.000078,0.000155
AACCGAGCTTGGTCAT-1,0.000099,0.000099,0.000099,0.270086,0.652452,0.076865,0.000099,0.000199
AACCGCTAAGGGATGC-1,0.000035,0.000035,0.019608,0.251701,0.219459,0.490983,0.006811,0.011369
AACCGTTGTGTTTGCT-1,0.000111,0.000111,0.000111,0.125841,0.873161,0.000333,0.000111,0.000222
AACCTAAAGCCGTCCG-1,0.000073,0.000073,0.043564,0.461673,0.397191,0.00022,0.005424,0.091782
AACCTCGCTTTAGCCC-1,0.000027,0.00457,0.017714,0.002124,0.032061,0.747153,0.004592,0.19176
AACCTGTCACGGAATT-1,0.000038,0.060676,0.057503,0.002549,0.314922,0.508497,0.000762,0.055054
AACCTTTAAATACGGT-1,0.000031,0.000031,0.000031,0.028346,0.16358,0.695102,0.000031,0.112848
AACCTTTACGACGTCT-1,0.000063,0.000063,0.000063,0.004798,0.783882,0.133431,0.069246,0.008454
AACGAAAGTCGTCCCA-1,0.00004,0.00004,0.00004,0.026211,0.477153,0.000126,0.233664,0.262726
AACGACCTCCTAGCCG-1,0.000025,0.971231,0.028523,0.000025,0.000049,0.000074,0.000025,0.000049
AACGATAATGCCGTAG-1,0.000037,0.000037,0.033102,0.004566,0.21758,0.626832,0.014491,0.103357
AACGATAGAAGGGCCG-1,0.000084,0.000084,0.000084,0.02542,0.500917,0.473159,0.000084,0.000168
AACGATATGTCAACTG-1,0.000037,0.035118,0.000037,0.004554,0.057534,0.855848,0.000791,0.046083
AACGCATGATCTGGGT-1,0.000054,0.0523,0.000054,0.1098,0.517152,0.320477,0.000054,0.000109
AACGCGAACGGCAACA-1,0.000069,0.000069,0.236816,0.113412,0.169704,0.479724,0.000069,0.000138
AACGCGACCTTGGGCG-1,0.00008,0.00008,0.176813,0.200218,0.622327,0.000241,0.00008,0.00016
AACGCGGTCTCCAGCC-1,0.00008,0.142796,0.047089,0.000086,0.425707,0.384005,0.00008,0.000159
AACGCTGTTGCTGAAA-1,0.000031,0.000031,0.000031,0.0502,0.175594,0.663222,0.05267,0.058222
AACGGACGTACGTATA-1,0.000029,0.005727,0.000029,0.035388,0.217263,0.661848,0.01019,0.069526
AACGGCCATCTCCGGT-1,0.000132,0.000132,0.06184,0.565607,0.371499,0.000395,0.000132,0.000263
AACGTACTGTGGGTAC-1,0.000178,0.000178,0.000178,0.865149,0.133251,0.000533,0.000178,0.000355
AACGTCAGACTAGTGG-1,0.000137,0.102917,0.000137,0.563266,0.241029,0.092102,0.000137,0.000275
AACGTCATCCGGCTTG-1,0.00006,0.00006,0.00006,0.031277,0.303031,0.151982,0.00006,0.513469
AACGTCGCTGCACTTC-1,0.000025,0.531664,0.162208,0.000025,0.00005,0.003094,0.000025,0.302909
AACGTGATGAAGGACA-1,0.000044,0.000044,0.000044,0.000044,0.324914,0.466459,0.000044,0.208407
AACGTGCGAAAGTCTC-1,0.000049,0.000049,0.000049,0.115924,0.61181,0.266656,0.005364,0.000098
AACGTTATCAGCACCT-1,0.000135,0.000135,0.000135,0.664096,0.330964,0.004131,0.000135,0.00027
AACGTTCTACCATTGT-1,0.000014,0.20264,0.135778,0.116353,0.10357,0.370309,0.00147,0.069867
AACTACCCGTTTGTCA-1,0.000026,0.409869,0.000026,0.345819,0.063325,0.180858,0.000026,0.000051
AACTAGCGTATCGCAC-1,0.000149,0.05176,0.000149,0.914,0.033049,0.000446,0.000149,0.000298
AACTAGGCTTGGGTGT-1,0.000147,0.065821,0.074173,0.366418,0.342763,0.150238,0.000147,0.000293
AACTCAAGTTAATTGC-1,0.000141,0.000141,0.000141,0.521615,0.477113,0.000424,0.000141,0.000282
AACTCCAGAGCGTGTT-1,0.000033,0.000033,0.040702,0.036423,0.139248,0.632412,0.000724,0.150426
AACTCCTAATCCCATG-1,0.000041,0.000041,0.000041,0.034541,0.501977,0.403205,0.014469,0.045684
AACTCGATAAACACGT-1,0.000305,0.000305,0.318037,0.000305,0.578218,0.000916,0.000305,0.101608
AACTCGATGGCGCAGT-1,0.00006,0.045888,0.023142,0.123871,0.068906,0.737952,0.00006,0.000121
AACTCTCAATAGAGCG-1,0.000044,0.042865,0.022712,0.022323,0.510827,0.401095,0.000044,0.000089
AACTCTCAGTGTGCTC-1,0.000082,0.154118,0.000082,0.409682,0.05506,0.379733,0.000082,0.00116
AACTGAGGTCAGCGTC-1,0.000079,0.047654,0.016339,0.023973,0.684209,0.190945,0.030043,0.00676
AACTGAGTTATACTGA-1,0.000024,0.429413,0.206582,0.057981,0.129061,0.153504,0.010719,0.012716
AACTGATATTAGGCCT-1,0.000067,0.023363,0.008816,0.168674,0.496819,0.276823,0.000067,0.02537
AACTGGGTCCCGACGT-1,0.000056,0.000056,0.000056,0.037758,0.552747,0.409159,0.000056,0.000112
AACTGGGTTCGAGCCG-1,0.00005,0.00005,0.00005,0.047211,0.418463,0.452215,0.00005,0.081911
AACTGGTGTGGGCCTT-1,0.000138,0.000138,0.000138,0.916144,0.000277,0.082749,0.000138,0.000277
AACTTCTGCGTCTATC-1,0.000131,0.000131,0.062625,0.936064,0.000262,0.000393,0.000131,0.000262
AACTTGCCCGTATGCA-1,0.000218,0.000218,0.67241,0.287089,0.038756,0.000654,0.000218,0.000436
AACTTGCGTTCTCGCG-1,0.000174,0.000174,0.16492,0.232301,0.01863,0.583279,0.000174,0.000348
AACTTTACGGGAGCTT-1,0.000052,0.000052,0.020756,0.073386,0.510355,0.383946,0.000052,0.011402
AACTTTAGCTGCTGAG-1,0.000143,0.000143,0.024641,0.901116,0.073096,0.00043,0.000143,0.000287
AACTTTCTCGATCATG-1,0.000044,0.032079,0.000044,0.059336,0.432356,0.379764,0.020925,0.075453
AAGAAAGTTTGATGGG-1,0.00005,0.00116,0.269436,0.00005,0.000099,0.166696,0.00005,0.56246
AAGAAATCACCAGATT-1,0.000034,0.008401,0.000034,0.129255,0.513558,0.214687,0.105011,0.029021
AAGAAGGATCAGTTAG-1,0.000231,0.000231,0.294813,0.309085,0.023202,0.371746,0.000231,0.000462
AAGACATACGTGGTTT-1,0.00003,0.962934,0.00003,0.029248,0.000061,0.000091,0.00003,0.007574
AAGACCAAATAACTCA-1,0.00001,0.002184,0.00001,0.013219,0.048212,0.489316,0.1466,0.300449
AAGACCCAACTGAACA-1,0.00005,0.00005,0.00005,0.156819,0.544509,0.215425,0.00005,0.083047
AAGACTAACCCGTTGT-1,0.000082,0.05333,0.083595,0.334298,0.163945,0.290478,0.000082,0.074189
AAGACTCACGCCCACT-1,0.000035,0.011046,0.035147,0.000035,0.529759,0.315662,0.000035,0.108282
AAGACTGCAAGCTACT-1,0.00005,0.046074,0.048853,0.00005,0.353988,0.525997,0.002932,0.022055
AAGAGATGAATCGGTA-1,0.00027,0.00027,0.55524,0.442064,0.000539,0.000809,0.00027,0.000539
AAGAGCTCTTTATCGG-1,0.000025,0.019235,0.000025,0.028421,0.480604,0.449288,0.006397,0.016006
AAGAGGATGTACGCGA-1,0.000154,0.000154,0.84226,0.1562,0.000308,0.000462,0.000154,0.000308
AAGAGGCATGGATCGC-1,0.000047,0.000047,0.000047,0.340304,0.297509,0.316379,0.044632,0.001035
AAGAGGCCCTTTGGAA-1,0.000026,0.297658,0.162624,0.178929,0.00137,0.338867,0.000026,0.020499
AAGATGGCACCGGACC-1,0.000119,0.008721,0.153169,0.546618,0.143806,0.098622,0.000119,0.048826
AAGATTGGCGGAACGT-1,0.000027,0.000027,0.000027,0.059621,0.150688,0.789526,0.000027,0.000055
AAGCACCCTGCGTATC-1,0.000054,0.000054,0.004035,0.035468,0.251196,0.49671,0.03912,0.173363
AAGCATACTCTCCTGA-1,0.000054,0.000054,0.06916,0.257563,0.185055,0.273205,0.019924,0.194985
AAGCCACTTGCAGGTA-1,0.000037,0.005201,0.045106,0.136824,0.082007,0.025199,0.000037,0.705589
AAGCCGAAGCGGTTTA-1,0.000022,0.024256,0.17354,0.00083,0.252181,0.548114,0.000022,0.001034
AAGCCGCCGTGAAATC-1,0.000027,0.023046,0.085672,0.269634,0.194307,0.121745,0.07106,0.234509
AAGCCGCTTTACCTTG-1,0.000026,0.000026,0.004215,0.039361,0.06478,0.699417,0.012342,0.179832
AAGCCGGAGAGCAGGA-1,0.000016,0.322435,0.108622,0.065366,0.05169,0.445143,0.001572,0.005156
AAGCGCAGGGCTTTGA-1,0.000037,0.011225,0.064545,0.015896,0.046189,0.695953,0.000049,0.166106
AAGCGGAGTGCGCGCA-1,0.000017,0.000017,0.246259,0.000017,0.145168,0.385593,0.033174,0.189754
AAGCGGCGTCATGGGT-1,0.000063,0.000063,0.000063,0.000063,0.638532,0.245305,0.029878,0.086033
AAGCGTCCCTCATCGA-1,0.000164,0.000164,0.50858,0.403311,0.086795,0.000493,0.000164,0.000329
AAGCTAGATCGAGTAA-1,0.000095,0.000095,0.125572,0.363094,0.318394,0.192464,0.000095,0.00019
AAGCTATGGATTGACC-1,0.000136,0.347752,0.000136,0.147961,0.034338,0.047843,0.000136,0.4217
AAGCTCGTGCCAAGTC-1,0.000067,0.000067,0.000067,0.000067,0.792673,0.20686,0.000067,0.000133
AAGCTCTTTCATGGTG-1,0.000131,0.000131,0.46324,0.144611,0.391036,0.000459,0.000131,0.000262
AAGGAGAACTTATAAG-1,0.000113,0.000113,0.055806,0.800284,0.143004,0.00034,0.000113,0.000227
AAGGAGCGGTTGGTGC-1,0.000082,0.000082,0.08669,0.217367,0.342738,0.352794,0.000082,0.000164
AAGGATCGATCGCTTG-1,0.000043,0.02157,0.000043,0.056155,0.398933,0.523125,0.000043,0.000087
AAGGATGAGGGACCTC-1,0.000021,0.15043,0.024936,0.007162,0.071436,0.745306,0.000021,0.000687
AAGGCAGGCTGTCTCC-1,0.000053,0.391082,0.000053,0.417136,0.026927,0.164588,0.000053,0.000107
AAGGCGCGTAAAGCTT-1,0.000123,0.000123,0.000123,0.998648,0.000246,0.000369,0.000123,0.000246
AAGGCTGTGCTCATCG-1,0.000075,0.000075,0.028081,0.000075,0.61908,0.352389,0.000075,0.00015
AAGGGAACGACTGGCT-1,0.000044,0.000044,0.000044,0.296708,0.421263,0.000131,0.072845,0.208923
AAGGGACAGATTCTGT-1,0.000024,0.000024,0.000024,0.021224,0.0754,0.903233,0.000024,0.000048
AAGGGACTATGCATTC-1,0.000048,0.000048,0.026943,0.387357,0.194922,0.217657,0.000048,0.172977
AAGGGTTAGCCATGCG-1,0.000072,0.713595,0.046102,0.071927,0.075517,0.000216,0.000072,0.092499
AAGGGTTTGATTTCAG-1,0.000028,0.005406,0.109698,0.165844,0.013998,0.304703,0.255388,0.144935
AAGGTATCCTAATATA-1,0.000041,0.000041,0.000041,0.133676,0.507717,0.358361,0.000041,0.000082
AAGGTGATAAACCAGC-1,0.000044,0.000044,0.000044,0.070469,0.688605,0.235651,0.000172,0.004972
AAGTAGAAGACCGGGT-1,0.000122,0.000122,0.000122,0.176705,0.815845,0.006717,0.000122,0.000244
AAGTAGTGACGCGAGG-1,0.000098,0.026825,0.020663,0.396139,0.061663,0.494317,0.000098,0.000196
AAGTCAATTGTCGTCA-1,0.000044,0.131755,0.000044,0.090517,0.471955,0.302721,0.002874,0.000089
AAGTCTAGTAGCTGCC-1,0.000065,0.026611,0.000065,0.099513,0.579377,0.19237,0.10187,0.00013
AAGTCTTCTGTGGCCT-1,0.000076,0.133926,0.000076,0.164267,0.058673,0.264001,0.000076,0.378907
AAGTGACGACCGAATT-1,0.000173,0.000173,0.089594,0.408447,0.401385,0.00052,0.000173,0.099535
AAGTGAGTCGGGTTTA-1,0.000106,0.022663,0.000106,0.866593,0.048085,0.062131,0.000106,0.000211
AAGTGCAAAGGTAGAC-1,0.000078,0.000078,0.109601,0.010981,0.802352,0.076678,0.000078,0.000155
AAGTGCCTTGACTGTA-1,0.000023,0.105449,0.000023,0.042119,0.021484,0.771391,0.000023,0.059487
AAGTGCGTTAGAATCT-1,0.000154,0.000154,0.000154,0.940616,0.000308,0.058152,0.000154,0.000308
AAGTGCTTCTCTATTG-1,0.000128,0.000128,0.000128,0.847371,0.000257,0.000385,0.000128,0.151474
AAGTGTTTGGAGACGG-1,0.000036,0.000036,0.12863,0.000932,0.298375,0.538219,0.000036,0.033736
AAGTTCACTCCAAGCT-1,0.000033,0.011249,0.047319,0.037832,0.232784,0.550378,0.054543,0.065863
AAGTTCAGTCTGCGTA-1,0.000036,0.000036,0.009805,0.000036,0.179529,0.810451,0.000036,0.000072
AAGTTCGGCCAACAGG-1,0.000145,0.023476,0.170355,0.354255,0.323033,0.112902,0.000145,0.015689
AAGTTGTGATGTTATA-1,0.000046,0.154617,0.02462,0.151234,0.396771,0.143308,0.000046,0.129357
AAGTTTACTAATGGCA-1,0.000092,0.000092,0.089279,0.150593,0.593382,0.166286,0.000092,0.000184
AAGTTTATGGGCCCAA-1,0.000029,0.01701,0.000029,0.046121,0.181584,0.547013,0.000029,0.208185
AATAACAACGCTCGGC-1,0.000126,0.070922,0.309102,0.157584,0.165519,0.229305,0.000126,0.067316
AATAACACTAGAACAA-1,0.000087,0.195647,0.06527,0.47747,0.076244,0.02652,0.000087,0.158674
AATAACGTCGCGCCCA-1,0.000029,0.84853,0.151177,0.000029,0.000059,0.000088,0.000029,0.000059
AATAAGTCCTCGAGAC-1,0.0001,0.098806,0.047715,0.159305,0.680752,0.013023,0.0001,0.000199
AATAATCTTCGTATCG-1,0.000033,0.948084,0.029068,0.001502,0.021118,0.000098,0.000033,0.000065
AATACAATGTTTCAGG-1,0.000225,0.000225,0.061963,0.739348,0.196892,0.000674,0.000225,0.000449
AATACCGGAGGGCTGT-1,0.000171,0.000171,0.000171,0.998122,0.000342,0.000512,0.000171,0.000342
AATACCTGATGTGAAC-1,0.000005,0.058232,0.414775,0.000005,0.00001,0.213245,0.000575,0.313151
AATAGAACAGAGTGGC-1,0.000128,0.000128,0.023593,0.6216,0.353781,0.000385,0.000128,0.000256
AATAGAATCTGTTTCA-1,0.00003,0.00003,0.106209,0.000294,0.149574,0.673622,0.025844,0.044397
AATAGCAAGCCTCCTG-1,0.000062,0.000062,0.000062,0.000062,0.19295,0.49932,0.000062,0.307419
AATAGCTACCGCGTGC-1,0.00003,0.00003,0.00003,0.005912,0.252446,0.570317,0.023028,0.148207
AATAGGCACGACCCTT-1,0.000023,0.000023,0.09489,0.000023,0.013265,0.398947,0.000023,0.492806
AATAGTCCGTCCCGAC-1,0.000071,0.000071,0.000071,0.224149,0.636928,0.138494,0.000071,0.000143
AATAGTCGCGAGTCGG-1,0.000054,0.000054,0.046865,0.3718,0.289962,0.291105,0.000054,0.000107
AATATCAAGGTCGGAT-1,0.000202,0.000202,0.000202,0.650977,0.347206,0.000605,0.000202,0.000404
AATATCCTAGCAAACT-1,0.000035,0.009813,0.000035,0.021802,0.280628,0.378326,0.000561,0.3088
AATATCGAATCAATGC-1,0.000022,0.029822,0.012033,0.124385,0.1451,0.688485,0.000022,0.000132
AATATCGAGGGTTCTC-1,0.000043,0.18378,0.000043,0.019385,0.174227,0.615859,0.000043,0.00662
AATATTGGAGTATTGA-1,0.000187,0.007438,0.071938,0.549433,0.369883,0.000561,0.000187,0.000374
AATCAGACTGCAGGAC-1,0.000054,0.037243,0.052374,0.129959,0.155906,0.608791,0.000054,0.015619
AATCAGGTTTCATTTA-1,0.000074,0.004341,0.07012,0.294748,0.462756,0.000221,0.000074,0.167666
AATCATGTAAAGACTC-1,0.000027,0.018553,0.000027,0.176331,0.218938,0.42618,0.000086,0.159857
AATCCAAGGGCCTGAG-1,0.000109,0.000109,0.076427,0.212593,0.354089,0.356348,0.000109,0.000217
AATCCATGCAAGGGTG-1,0.000072,0.041749,0.07051,0.151004,0.104227,0.611087,0.000072,0.021279
AATCCCGCTCAGAGCC-1,0.000046,0.000046,0.08196,0.012146,0.044701,0.192098,0.000046,0.668957
AATCGAGGTCTCAAGG-1,0.000016,0.007653,0.172433,0.022339,0.002413,0.26357,0.000016,0.53156
AATCGCCTCAGCGCCA-1,0.000072,0.000072,0.000072,0.090888,0.890358,0.018322,0.000072,0.000144
AATCGCGCAGAGGACT-1,0.000094,0.194611,0.194656,0.224663,0.38541,0.000282,0.000094,0.000188
AATCGGGACACTACGA-1,0.000102,0.000102,0.000102,0.123784,0.807717,0.06789,0.000102,0.000203
AATCGGTATAGCCCTC-1,0.000019,0.432454,0.461091,0.000019,0.000039,0.009768,0.001139,0.095471
AATCGTGAGCCGAGCA-1,0.000041,0.000041,0.005649,0.129201,0.304644,0.402677,0.058634,0.099113
AATCTAGGTTTACTTG-1,0.000071,0.000071,0.009875,0.241585,0.392918,0.159511,0.000071,0.195897
AATCTATGCCGGAGCC-1,0.000035,0.03072,0.000035,0.254591,0.001536,0.553064,0.000035,0.159982
AATCTCTACTGTGGTT-1,0.000045,0.000045,0.119776,0.000045,0.543518,0.184714,0.074709,0.077149
AATCTGCGTTGGGACG-1,0.00004,0.080742,0.00004,0.084131,0.397162,0.437767,0.00004,0.00008
AATCTGGCTTTCTAGT-1,0.000048,0.000048,0.099375,0.013471,0.283916,0.374512,0.023357,0.205272
AATCTGGGTAGACCCT-1,0.000084,0.000084,0.000084,0.09312,0.702396,0.035501,0.000084,0.168647
AATGACAGCAATGTCT-1,0.000079,0.082277,0.078476,0.211945,0.1218,0.396397,0.000079,0.108946
AATGACGTAGGATGTC-1,0.000019,0.000019,0.000019,0.000019,0.000037,0.985452,0.000019,0.014418
AATGACTGTCAGCCGG-1,0.000056,0.000056,0.058323,0.000056,0.382407,0.558935,0.000056,0.000112
AATGAGTTCGCATATG-1,0.000152,0.051263,0.185939,0.159491,0.019134,0.583566,0.000152,0.000304
AATGATGATACGCTAT-1,0.000014,0.003231,0.040668,0.000014,0.000028,0.949561,0.000014,0.00647
AATGATGCGACTCCTG-1,0.000063,0.046368,0.000063,0.34234,0.383658,0.227322,0.000063,0.000125
AATGCAACCGGGTACC-1,0.00007,0.00007,0.00007,0.06818,0.496144,0.351085,0.00007,0.084311
AATGCACCAAGCAATG-1,0.000043,0.000043,0.000043,0.026773,0.59898,0.303365,0.000812,0.069939
AATGGCCGCCAATGCG-1,0.000057,0.000057,0.033537,0.191475,0.346063,0.140324,0.000057,0.288432
AATGGTCCACCGTTCA-1,0.000559,0.000559,0.055451,0.825831,0.001119,0.001678,0.113684,0.001119
AATGGTTCTCACAAGC-1,0.000296,0.028774,0.000296,0.638707,0.330156,0.000887,0.000296,0.000591
AATGTATGGCACTGTA-1,0.000021,0.054683,0.000021,0.053662,0.24088,0.109596,0.302975,0.238161
AATGTGCCCGAGGTGT-1,0.000161,0.047866,0.000161,0.950528,0.000321,0.000482,0.000161,0.000321
AATGTGCTAATCTGAG-1,0.000092,0.000092,0.000092,0.723244,0.15994,0.000276,0.071257,0.045007
AATGTTAAGACCCTGA-1,0.000023,0.000023,0.000023,0.064061,0.039668,0.135793,0.081906,0.678503
AATGTTGTCGTGAGAC-1,0.000031,0.200799,0.074405,0.289858,0.000062,0.247964,0.006125,0.180756
AATTAAAGGTCGGCGT-1,0.000051,0.06311,0.017358,0.000051,0.382262,0.537017,0.000051,0.000101
AATTAACGGATTTCCA-1,0.00009,0.00009,0.00009,0.352666,0.646529,0.000269,0.00009,0.000179
AATTACGAGACCCATC-1,0.000024,0.05306,0.025982,0.003008,0.030704,0.236251,0.267588,0.383382
AATTACTCGTACGCTC-1,0.000081,0.000081,0.029559,0.353652,0.035401,0.550434,0.000081,0.030711
AATTAGCGCTGCAGCG-1,0.000054,0.000054,0.000054,0.051915,0.499707,0.315803,0.011504,0.12091
AATTATACCCAGCAAG-1,0.00001,0.007565,0.018636,0.006524,0.002278,0.146565,0.002662,0.81576
AATTCATAAGGGATCT-1,0.000032,0.000032,0.000032,0.000917,0.218904,0.779986,0.000032,0.000064
AATTCATTGTCATGCA-1,0.000037,0.093904,0.000037,0.054997,0.420683,0.006731,0.088642,0.334969
AATTCCAACTTGGTGA-1,0.000063,0.078462,0.054503,0.088683,0.21169,0.566412,0.000063,0.000126
AATTCCAAGCATGTAC-1,0.00004,0.029599,0.020912,0.024912,0.257371,0.563834,0.00004,0.103293
AATTCGATTCGAGGAT-1,0.000064,0.000064,0.068185,0.140536,0.189961,0.487217,0.05043,0.063543
AATTCTAGAGTTAGGC-1,0.000079,0.017313,0.000079,0.000079,0.548717,0.350245,0.000079,0.08341
AATTGAACGCTCTGGT-1,0.000054,0.000054,0.000054,0.256345,0.241495,0.446481,0.000054,0.055466
AATTGCAGCAATCGAC-1,0.000027,0.057393,0.163675,0.024258,0.545685,0.178519,0.000027,0.030414
AATTGCGTGGATTACA-1,0.000036,0.094728,0.081549,0.201581,0.333035,0.000108,0.093604,0.195359
AATTGTGGTTGCCAAA-1,0.000032,0.884099,0.000032,0.115582,0.000064,0.000096,0.000032,0.000064
AATTTGGGACATAGTA-1,0.000063,0.000063,0.000063,0.053083,0.71358,0.107996,0.001643,0.123508
AATTTGGTTCCAAAGA-1,0.000043,0.000043,0.028409,0.044391,0.373514,0.548545,0.000043,0.005011
ACAAACCATGCGTCCT-1,0.000037,0.006116,0.014779,0.054526,0.726925,0.000512,0.071683,0.125421
ACAAACCGACAAGGCG-1,0.000057,0.000057,0.092285,0.238328,0.651975,0.002374,0.000057,0.014867
ACAAACTCCATCAGAG-1,0.000053,0.000053,0.464116,0.060871,0.000106,0.000159,0.000053,0.474588
ACAAAGAAGGTAGGCC-1,0.000053,0.043312,0.000053,0.179755,0.563051,0.01013,0.022326,0.18132
ACAAAGCATGACCTAG-1,0.000019,0.000019,0.088862,0.001821,0.419821,0.399824,0.003189,0.086444
ACAAATCGCACCGAAT-1,0.000034,0.000034,0.000034,0.006054,0.558506,0.322377,0.078432,0.03453
ACAAATGGTAGTGTTT-1,0.00005,0.00005,0.00005,0.220083,0.44719,0.324667,0.00418,0.003728
ACAAATTCAGATCTGA-1,0.000047,0.000047,0.001083,0.000047,0.520721,0.303333,0.000047,0.174677
ACAACAGCATGAGCTA-1,0.000025,0.000025,0.000025,0.000025,0.0189,0.923427,0.000025,0.057548
ACAACGGTCCCTGCGA-1,0.000212,0.144,0.068148,0.349644,0.02682,0.41054,0.000212,0.000424
ACAAGCAGTGCCTAGC-1,0.000177,0.000177,0.294217,0.5895,0.114868,0.000531,0.000177,0.000354
ACAAGCTATATGGAAG-1,0.000055,0.038429,0.000055,0.001891,0.503219,0.257445,0.017964,0.180941
ACAAGGAAATCCGCCC-1,0.000052,0.042954,0.000052,0.000052,0.884583,0.071652,0.000052,0.000603
ACAAGGACAAGAGGTT-1,0.000089,0.000089,0.000089,0.706433,0.095977,0.197054,0.000089,0.000179
ACAAGGATGCTTTAGG-1,0.000038,0.003856,0.010209,0.262742,0.063037,0.460517,0.000281,0.199321
ACAAGGCCTACCAGCC-1,0.000091,0.000091,0.000091,0.138364,0.654367,0.000274,0.000461,0.206259
ACAAGGGCAGGCTCTG-1,0.000054,0.000054,0.000054,0.019775,0.662995,0.290091,0.000054,0.026923
ACAAGTAATTGTAAGG-1,0.000032,0.000032,0.000032,0.2664,0.018904,0.000096,0.010046,0.704459
ACAATAGTCGTACGTT-1,0.000156,0.000156,0.000156,0.784286,0.214312,0.000467,0.000156,0.000312
ACAATCCATTTAAACC-1,0.000101,0.053563,0.093552,0.443327,0.179024,0.230129,0.000101,0.000202
ACAATCGATCTTTATA-1,0.000098,0.000098,0.000098,0.759033,0.018114,0.222263,0.000098,0.000197
ACAATGAATACGGAGA-1,0.000166,0.000166,0.000166,0.601803,0.396699,0.000499,0.000166,0.000333
ACAATGATTCTTCTAC-1,0.000079,0.022423,0.01678,0.189178,0.41674,0.149459,0.102839,0.102501
ACAATTGTGTCTCTTT-1,0.000029,0.039468,0.069515,0.182577,0.087548,0.587217,0.005692,0.027953
ACAATTTAGGAGGCTC-1,0.000072,0.009334,0.069034,0.018753,0.848318,0.008486,0.000072,0.045933
ACAATTTGAGCAGTGG-1,0.000059,0.000059,0.058744,0.191531,0.355489,0.393631,0.00037,0.000117
ACAATTTGGCCATATT-1,0.000049,0.661167,0.000595,0.197124,0.09438,0.046535,0.000049,0.000099
ACACAAAGACGGGTGG-1,0.000103,0.000103,0.000103,0.189706,0.727533,0.082145,0.000103,0.000205
ACACAAATATTCCTAG-1,0.00002,0.045159,0.088422,0.014659,0.171335,0.429709,0.16394,0.086755
ACACACCAGGACCAGT-1,0.000029,0.011777,0.000029,0.000029,0.055608,0.906765,0.000029,0.025735
ACACACTTTCTACACG-1,0.000076,0.000076,0.000076,0.000076,0.442897,0.556569,0.000076,0.000153
ACACATGATCAAATCT-1,0.000047,0.000047,0.000047,0.051729,0.632639,0.003985,0.020244,0.291262
ACACATTGACGCAACA-1,0.000119,0.000119,0.000119,0.672785,0.027184,0.299316,0.000119,0.000238
ACACATTTCCGTAGAC-1,0.000055,0.000055,0.000055,0.051662,0.188243,0.10393,0.016732,0.639268
ACACCACATAATTAGC-1,0.00002,0.012552,0.00002,0.03139,0.086877,0.743932,0.00213,0.12308
ACACCCAGCATGCAGC-1,0.000083,0.000083,0.000083,0.013841,0.358037,0.627625,0.000083,0.000166
ACACCCGAGAAATCCG-1,0.000169,0.000169,0.000169,0.998144,0.000337,0.000506,0.000169,0.000337
ACACCCGTAAATCTGT-1,0.000034,0.00058,0.052644,0.697361,0.087606,0.051542,0.000034,0.110199
ACACCGAGCGCTCTTT-1,0.000069,0.000069,0.068243,0.051893,0.50212,0.377397,0.000069,0.000139
ACACCGGTCTGACCGC-1,0.000036,0.000036,0.000036,0.03721,0.432091,0.082215,0.115003,0.333373
ACACCTTAAGTAGGGC-1,0.000193,0.000193,0.000193,0.619558,0.180465,0.198817,0.000193,0.000387
ACACCTTACTACTTGC-1,0.000049,0.275431,0.00571,0.287353,0.173731,0.257581,0.000049,0.000097
ACACGAGACTCCTTCT-1,0.000039,0.111001,0.03483,0.007747,0.130214,0.70663,0.009181,0.000358
ACACGGCACTATGCAT-1,0.000089,0.000089,0.000089,0.029154,0.743248,0.227067,0.000089,0.000177
ACACGGGAACTTAGGG-1,0.000106,0.000106,0.000106,0.003463,0.995579,0.000319,0.000106,0.000213
ACACGTAGGCCACAAG-1,0.000036,0.294476,0.000036,0.025519,0.000072,0.547369,0.050844,0.081647
ACACTCCAATGTCACT-1,0.00026,0.00026,0.00026,0.942551,0.055105,0.000781,0.00026,0.000521
ACACTGATCAAGGTGT-1,0.000123,0.000123,0.000123,0.294745,0.581687,0.122833,0.000123,0.000245
ACACTGGGACAGTCGT-1,0.000038,0.767311,0.000038,0.185684,0.000075,0.045819,0.000038,0.000997
ACAGAACTGAGAACAA-1,0.000078,0.030496,0.000078,0.955031,0.000157,0.000235,0.000078,0.013846
ACAGATTAGGTTAGTG-1,0.00011,0.00011,0.012948,0.00011,0.809652,0.176743,0.00011,0.000219
ACAGCATAGAGCCAGT-1,0.000126,0.000126,0.031326,0.026857,0.935643,0.005543,0.000126,0.000253
ACAGCGACATTCTCAT-1,0.000035,0.057134,0.000035,0.001517,0.311939,0.534599,0.01178,0.082961
ACAGCGCACCCGCAGC-1,0.000033,0.000033,0.000033,0.000033,0.134333,0.853513,0.000033,0.011988
ACAGGAGGCGCAGCCG-1,0.000156,0.065391,0.000156,0.58718,0.032386,0.314261,0.000156,0.000313
ACAGGCACGGATCCTT-1,0.000029,0.100301,0.050933,0.451689,0.005314,0.087325,0.19213,0.112278
ACAGGCTTGCCCGACT-1,0.000028,0.000028,0.000028,0.005636,0.187027,0.704007,0.080643,0.022603
ACAGGTGGAGGTGAGG-1,0.000165,0.000165,0.000165,0.811905,0.186607,0.000496,0.000165,0.000331
ACAGGTGTGTTGTTGC-1,0.00004,0.066564,0.00004,0.098554,0.231364,0.364151,0.012707,0.22658
ACAGTAATACAACTTG-1,0.000028,0.000028,0.000028,0.010558,0.289293,0.527397,0.000028,0.17264
ACAGTATACCGTGGGA-1,0.000044,0.000044,0.000044,0.134226,0.21427,0.509269,0.053732,0.088372
ACAGTGCAGCGCATTT-1,0.000078,0.001049,0.000078,0.705417,0.091135,0.083181,0.013338,0.105723
ACATAAGTCGTGGTGA-1,0.000037,0.000037,0.000037,0.087393,0.269373,0.20434,0.049536,0.389249
ACATAATAAGGCGGTG-1,0.000098,0.000098,0.000098,0.111376,0.724135,0.163902,0.000098,0.000196
ACATACAATCAAGCGG-1,0.000009,0.000009,0.001627,0.070943,0.000017,0.495678,0.000253,0.431465
ACATCAGCTGGGACGC-1,0.000048,0.000048,0.101129,0.180447,0.30604,0.412143,0.000048,0.000096
ACATCCCGGCCATACG-1,0.000113,0.000113,0.000113,0.195098,0.753986,0.050235,0.000113,0.000227
ACATCCTGGTAACTGT-1,0.000024,0.146954,0.061725,0.009324,0.063532,0.685505,0.000024,0.032912
ACATCGATCGTTTACC-1,0.000057,0.000057,0.031672,0.010679,0.168076,0.76393,0.000057,0.025471
ACATCGCAATATTCGG-1,0.000029,0.000029,0.000029,0.022366,0.000058,0.002239,0.142817,0.832434
ACATCGGTCAGCCGCG-1,0.000124,0.000124,0.052253,0.336187,0.610567,0.000373,0.000124,0.000248
ACATCGTATGCAATGG-1,0.000065,0.000065,0.005996,0.023738,0.79657,0.167307,0.000065,0.006192
ACATCGTTAACCTAGT-1,0.000091,0.000091,0.046661,0.000091,0.850503,0.10229,0.000091,0.000182
ACATCTCAACGCGTAA-1,0.000036,0.025508,0.020917,0.000036,0.314926,0.570128,0.000036,0.068412
ACATGCTTACGGCAGC-1,0.000033,0.000033,0.05769,0.030329,0.108436,0.086857,0.011782,0.70484
ACATGGCGCCAAAGTA-1,0.000024,0.011777,0.000736,0.146954,0.106648,0.716818,0.001529,0.015514
ACATGGCTCAATTTAG-1,0.000191,0.021655,0.153803,0.822822,0.000382,0.000573,0.000191,0.000382
ACATTAGTTTATATCC-1,0.0001,0.0001,0.048173,0.091608,0.722081,0.100097,0.0001,0.03774
ACATTCGCGCGGAATA-1,0.00005,0.00005,0.00005,0.216102,0.27841,0.000151,0.00005,0.505135
ACATTTGAAACCTAAC-1,0.000008,0.029166,0.267367,0.000008,0.005085,0.207427,0.001739,0.489202
ACCAAACACCCAGCGA-1,0.000024,0.045564,0.08703,0.007761,0.1935,0.558097,0.067044,0.040981
ACCAAACTAGAAATCC-1,0.000067,0.000067,0.07764,0.300377,0.487992,0.133659,0.000067,0.000133
ACCAACACCACACACT-1,0.000054,0.012399,0.000054,0.085142,0.47523,0.379893,0.043436,0.003792
ACCAACCGCACTCCAC-1,0.000026,0.108263,0.052279,0.110354,0.094722,0.415269,0.054311,0.164776
ACCAACGCTTATTTAT-1,0.00006,0.00006,0.061479,0.055265,0.455528,0.427427,0.00006,0.00012
ACCAAGAACGCGTGTC-1,0.000073,0.000073,0.000073,0.247942,0.38622,0.365399,0.000073,0.000146
ACCAAGTCATCGGCAG-1,0.000041,0.489656,0.000041,0.039004,0.368086,0.000122,0.00568,0.097371
ACCAATATGCAAGTTA-1,0.000051,0.000051,0.000051,0.103332,0.323018,0.487259,0.010431,0.075808
ACCACAACTCAGAACA-1,0.000074,0.000074,0.000074,0.109838,0.767008,0.039099,0.000074,0.083758
ACCACAAGTTTCTATC-1,0.00011,0.00011,0.00011,0.27675,0.722262,0.000329,0.00011,0.00022
ACCACACGGTTGATGG-1,0.000053,0.000053,0.000053,0.192928,0.290489,0.057086,0.036006,0.423331
ACCACCAATGTAACAA-1,0.000014,0.013766,0.010396,0.005764,0.151547,0.773124,0.004729,0.04066
ACCACCCTCTCTTCTA-1,0.00005,0.041791,0.014372,0.020619,0.379799,0.328814,0.003795,0.210759
ACCACGTGCAGCTATA-1,0.000024,0.000024,0.014414,0.000024,0.00835,0.78808,0.000024,0.18906
ACCACTGTTCAAGAAG-1,0.000123,0.000123,0.000123,0.874134,0.12476,0.000369,0.000123,0.000246
ACCAGACCATAACAAC-1,0.000054,0.001281,0.041119,0.145602,0.209744,0.306573,0.000616,0.295011
ACCAGCCCGGTCTTTG-1,0.000034,0.000034,0.079809,0.000034,0.125474,0.687172,0.000034,0.107409
ACCAGGAGTGTGATCT-1,0.000135,0.000135,0.000135,0.988652,0.010136,0.000404,0.000135,0.000269
ACCAGTGCCCGGTCAA-1,0.000059,0.000059,0.000059,0.048621,0.646879,0.247615,0.000059,0.056647
ACCAGTGCGGGAGACG-1,0.00004,0.001867,0.00004,0.028691,0.498442,0.368331,0.055727,0.046863
ACCATATCCGCAATAA-1,0.000077,0.001646,0.018771,0.346671,0.474005,0.158598,0.000077,0.000154
ACCATCCGCCAACTAG-1,0.000031,0.000031,0.11063,0.000526,0.264404,0.487138,0.000031,0.137208
ACCATCGTATATGGTA-1,0.000099,0.12658,0.000099,0.51989,0.076883,0.276152,0.000099,0.000198
ACCATTAAGGGTGTCA-1,0.000145,0.000145,0.054794,0.058572,0.865826,0.020083,0.000145,0.00029
ACCCAACGCCCGTGGC-1,0.000023,0.000023,0.021802,0.152564,0.038805,0.760501,0.001166,0.025116
ACCCACCTACATGCTC-1,0.000103,0.000103,0.13498,0.236179,0.070126,0.558198,0.000103,0.000207
ACCCATCTTGAGGGTA-1,0.000163,0.000163,0.000163,0.432346,0.566184,0.00049,0.000163,0.000327
ACCCATTTGTCCCTCT-1,0.000014,0.000014,0.000014,0.000014,0.001084,0.847455,0.000014,0.151391
ACCCGAGCGAAATTAC-1,0.000065,0.165771,0.102741,0.730904,0.00013,0.000195,0.000065,0.00013
ACCCGATTGGTTCCGA-1,0.00008,0.179407,0.043334,0.776544,0.000159,0.000239,0.00008,0.000159
ACCCGGAAACTCCCAG-1,0.000062,0.000062,0.054841,0.085437,0.439382,0.319075,0.000062,0.101079
ACCCGGAGCACCACAA-1,0.000049,0.767057,0.000049,0.176953,0.0374,0.018346,0.000049,0.000098
ACCCGGATGACGCATC-1,0.00002,0.023366,0.017532,0.069737,0.017279,0.758757,0.00002,0.113288
ACCCGGTTACACTTCC-1,0.000077,0.000077,0.000077,0.153993,0.51609,0.329456,0.000077,0.000154
ACCCGTAGCAGAGAAT-1,0.000187,0.000187,0.000187,0.208065,0.08341,0.000561,0.051613,0.65579
ACCCGTAGTCTAGTTG-1,0.000037,0.833417,0.000037,0.083638,0.081478,0.00011,0.000037,0.001248
ACCCGTGTCATCAGTA-1,0.000072,0.000072,0.094783,0.089076,0.457132,0.339515,0.000072,0.019277
ACCCTATAGGACTGAG-1,0.000199,0.000199,0.360421,0.142739,0.122983,0.372859,0.000199,0.000399
ACCCTATGCCATATCG-1,0.000221,0.000221,0.128492,0.607054,0.000442,0.262907,0.000221,0.000442
ACCCTCCCGTCAGGGC-1,0.000014,0.062907,0.026065,0.000014,0.022141,0.634956,0.041948,0.211954
ACCCTCCCTTGCTATT-1,0.000044,0.162456,0.000044,0.011981,0.508011,0.289496,0.007329,0.020638
ACCCTGGTAACGCCCT-1,0.000027,0.062709,0.037972,0.000027,0.027512,0.612651,0.15651,0.102592
ACCCTTCATCTGCGAA-1,0.000083,0.054404,0.000083,0.061401,0.461072,0.422709,0.000083,0.000166
ACCCTTGCCTGGGTCG-1,0.000053,0.053127,0.011928,0.006684,0.600173,0.095016,0.022128,0.21089
ACCCTTTAGTTCTCCA-1,0.000069,0.033055,0.018095,0.051824,0.389101,0.507648,0.000069,0.000138
ACCGAAAGGGCCCTGC-1,0.000078,0.000078,0.014971,0.351117,0.400966,0.232555,0.000078,0.000157
ACCGAAGAGTCTGGTT-1,0.000048,0.010053,0.000048,0.152407,0.323392,0.077277,0.044488,0.392288
ACCGACACATCTCCCA-1,0.000092,0.000092,0.000092,0.32431,0.63913,0.036007,0.000092,0.000185
ACCGACTGAGTCCCAC-1,0.00011,0.00011,0.044079,0.024369,0.841517,0.089486,0.00011,0.00022
ACCGAGTCTCCTTATT-1,0.00004,0.000452,0.00004,0.080655,0.351235,0.05871,0.41882,0.090047
ACCGATAGGCATAACC-1,0.000033,0.999634,0.000033,0.000033,0.000067,0.0001,0.000033,0.000067
ACCGATATTTAATCAT-1,0.00007,0.660937,0.00007,0.169309,0.125771,0.043632,0.00007,0.00014
ACCGATGGTAGCATCG-1,0.000051,0.024894,0.000051,0.048619,0.44267,0.453348,0.000051,0.030318
ACCGCAATAACTGCCT-1,0.000028,0.094496,0.065357,0.126694,0.135588,0.490742,0.020609,0.066486
ACCGCGGTGGAAGTCG-1,0.000039,0.059799,0.000039,0.090593,0.483753,0.364731,0.000039,0.001009
ACCGCTAGTCATTGGT-1,0.000105,0.000105,0.02795,0.337175,0.116557,0.000316,0.000105,0.517685
ACCGGGCCTTTGTTGA-1,0.000022,0.013803,0.011805,0.0724,0.033925,0.80432,0.012713,0.051012
ACCGGTCAGGTACACC-1,0.000038,0.000038,0.009389,0.117068,0.152644,0.338933,0.019754,0.362135
ACCGGTCTGAGTACGG-1,0.00007,0.00007,0.060958,0.00007,0.649823,0.206026,0.011088,0.071897
ACCGTCCACTGGGCCC-1,0.000019,0.11125,0.079011,0.160881,0.344127,0.006993,0.096374,0.201345
ACCGTGACCACGTGGG-1,0.000142,0.000142,0.569806,0.428776,0.000283,0.000425,0.000142,0.000283
ACCGTTCCCGCTCTGA-1,0.000076,0.000076,0.0338,0.053329,0.642832,0.269657,0.000076,0.000153
ACCTAAGTACCTTTCA-1,0.000146,0.073787,0.113167,0.751007,0.000293,0.047914,0.000146,0.013539
ACCTAATCGACTTCCT-1,0.000099,0.013828,0.102621,0.277701,0.124742,0.480713,0.000099,0.000197
