Barcode,Topic 1to7,Topic 8,Topic 9to11
AAACAAGTATCTCCCA-1,0.98742,0.000009,0.012571
AAACACCAATAACTGC-1,0.128864,0.871072,0.000063
AAACAGAGCGACTCCT-1,0.769751,0.029604,0.200645
AAACAGCTTTCAGAAG-1,0.15993,0.509292,0.330778
AAACAGGGTCTATATT-1,0.477011,0.139798,0.383192
AAACAGTGTTCCTGGG-1,0.845712,0.00412,0.150168
AAACATGGTGAGAGGA-1,0.549537,0.22886,0.221603
AAACATTTCCCGGATT-1,0.20236,0.000032,0.797608
AAACCACTACACAGAT-1,0.588902,0.007142,0.403956
AAACCCGAACGAAATC-1,0.460857,0.000033,0.53911
AAACCGGAAATGTTAA-1,0.511935,0.005659,0.482406
AAACCGGGTAGGTACC-1,0.916588,0.02562,0.057793
AAACCGTTCGTCCAGG-1,0.773331,0.000011,0.226658
AAACCTAAGCAGCCGG-1,0.610034,0.016331,0.373635
AAACCTCATGAAGTTG-1,0.000362,0.047397,0.952241
AAACGAAGAACATACC-1,0.061249,0.023573,0.915178
AAACGAAGATGGAGTA-1,0.000187,0.931194,0.068619
AAACGACAGTCTTGCC-1,0.361779,0.120257,0.517964
AAACGAGACGGTTGAT-1,0.610113,0.012437,0.37745
AAACGCCCGAGATCGG-1,0.01921,0.000045,0.980745
AAACGGGCGTACGGGT-1,0.154123,0.145447,0.70043
AAACGGTTGCGAACTG-1,0.802201,0.000014,0.197785
AAACGTGTTCGCCCTA-1,0.087504,0.27837,0.634126
AAACTAACGTGGCGAC-1,0.710105,0.000023,0.289871
AAACTCGGTTCGCAAT-1,0.00019,0.001029,0.99878
AAACTCGTGATATAAG-1,0.000642,0.053015,0.946344
AAACTGCTGGCTCCAA-1,0.834646,0.016559,0.148795
AAACTTAATTGCACGC-1,0.415826,0.178949,0.405225
AAACTTGCAAACGTAT-1,0.822096,0.013971,0.163933
AAAGAATGACCTTAGA-1,0.35884,0.294717,0.346443
AAAGAATGTGGACTAA-1,0.387623,0.06499,0.547388
AAAGACATGAAGTTTA-1,0.059211,0.000044,0.940745
AAAGACCCAAGTCGCG-1,0.282794,0.07802,0.639186
AAAGACTGGGCGCTTT-1,0.674763,0.291938,0.033299
AAAGCTTGCCTACATA-1,0.068945,0.266239,0.664815
AAAGGCCCTATAATAC-1,0.703513,0.018953,0.277534
AAAGGCTACGGACCAT-1,0.451469,0.119689,0.428842
AAAGGCTCTCGCGCCG-1,0.342707,0.007146,0.650147
AAAGGGATGTAGCAAG-1,0.57105,0.000029,0.428921
AAAGGGCAGCTTGAAT-1,0.804576,0.093915,0.101509
AAAGGTAAGCTGTACC-1,0.867881,0.068179,0.06394
AAAGGTCAACGACATG-1,0.119574,0.000042,0.880383
AAAGTAGCATTGCTCA-1,0.983631,0.005595,0.010774
AAAGTCACTGATGTAA-1,0.311896,0.046289,0.641815
AAAGTCGACCCTCAGT-1,0.017435,0.432343,0.550221
AAAGTGTGATTTATCT-1,0.187153,0.000034,0.812812
AAAGTTGACTCCCGTA-1,0.78038,0.000018,0.219602
AAATAACCATACGGGA-1,0.932114,0.000013,0.067873
AAATAAGGTAGTGCCC-1,0.49634,0.364001,0.139659
AAATACCTATAAGCAT-1,0.568774,0.128574,0.302652
AAATAGCTTAGACTTT-1,0.000341,0.165171,0.834488
AAATAGGGTGCTATTG-1,0.072962,0.054559,0.872479
AAATCACTCCTAAACG-1,0.000502,0.000072,0.999427
AAATCCGATACACGCC-1,0.06232,0.07642,0.86126
AAATCGCGGAAGGAGT-1,0.000281,0.63147,0.368249
AAATCGTGTACCACAA-1,0.639121,0.004397,0.356482
AAATCTAGCCCTGCTA-1,0.343651,0.066212,0.590136
AAATGACTGATCAAAC-1,0.384895,0.000017,0.615088
AAATGATTCGATCAGC-1,0.666596,0.000029,0.333375
AAATGGCATGTCTTGT-1,0.306353,0.001613,0.692034
AAATGGCCCGTGCCCT-1,0.681019,0.221056,0.097925
AAATGGTCAATGTGCC-1,0.955976,0.020242,0.023782
AAATTAACGGGTAGCT-1,0.955289,0.000013,0.044698
AAATTAATAAGCGCGA-1,0.810992,0.084699,0.104309
AAATTACACGACTCTG-1,0.880351,0.001602,0.118047
AAATTACCTATCGATG-1,0.001109,0.477371,0.52152
AAATTCCAGGTCCAAA-1,0.353393,0.123126,0.523481
AAATTGATAGTCCTTT-1,0.309115,0.016348,0.674537
AAATTGGTGAGAAGCA-1,0.949263,0.013039,0.037699
AAATTTACCGAAATCC-1,0.023644,0.00003,0.976326
AAATTTGCGGGTGTGG-1,0.689334,0.001353,0.309313
AACAACTGGTAGTTGC-1,0.000332,0.179712,0.819956
AACAATACATTGTCGA-1,0.69496,0.003897,0.301144
AACAATTACTCTACGC-1,0.009331,0.36521,0.625459
AACACACGCTCGCCGC-1,0.644475,0.10611,0.249416
AACACGACTGTACTGA-1,0.011391,0.130779,0.857831
AACACGAGACGCGGCC-1,0.883746,0.051127,0.065126
AACACGCGGCCGCGAA-1,0.825707,0.029793,0.1445
AACAGCTGTGTGGCAA-1,0.221652,0.00012,0.778228
AACAGGAAATCGAATA-1,0.010694,0.065462,0.923845
AACAGGATGGGCCGCG-1,0.000285,0.089647,0.910068
AACAGGTAGTATGGAT-1,0.699896,0.000022,0.300082
AACATAGCGTGTATCG-1,0.322117,0.006448,0.671435
AACATATCAACTGGTG-1,0.315411,0.15064,0.533948
AACATCGATACGTCTA-1,0.42417,0.123283,0.452546
AACATTGAAGTTGATC-1,0.999943,0.000014,0.000042
AACATTGTGACTCGAG-1,0.235616,0.041707,0.722677
AACCAAGACTTCTCTG-1,0.730531,0.069465,0.200003
AACCAGTATCACTCTT-1,0.316012,0.000033,0.683955
AACCATAGGGTTGAAC-1,0.15648,0.290889,0.552632
AACCATGGGATCGCTA-1,0.811086,0.000029,0.188885
AACCCAGAGACGGAGA-1,0.806949,0.000044,0.193007
AACCCATCCCATGATC-1,0.601253,0.192882,0.205865
AACCCGACAACCCGTG-1,0.283967,0.000021,0.716012
AACCCGAGCAGAATCG-1,0.407122,0.070281,0.522597
AACCCGATAGGGCTTC-1,0.23689,0.000064,0.763046
AACCCGCTGTATTCCA-1,0.165311,0.005312,0.829377
AACCCTACTGTCAATA-1,0.612753,0.013315,0.373932
AACCCTGGTGGAACCA-1,0.993057,0.000009,0.006934
AACCGAGCTTGGTCAT-1,0.607678,0.000018,0.392304
AACCGCTAAGGGATGC-1,0.435455,0.000026,0.564519
AACCGTTGTGTTTGCT-1,0.00051,0.000073,0.999417
AACCTAAAGCCGTCCG-1,0.71571,0.000012,0.284278
AACCTCGCTTTAGCCC-1,0.205599,0.022959,0.771442
AACCTGTCACGGAATT-1,0.000737,0.049736,0.949527
AACCTTTAAATACGGT-1,0.40809,0.163822,0.428088
AACCTTTACGACGTCT-1,0.531572,0.088048,0.38038
AACGAAAGTCGTCCCA-1,0.030534,0.209055,0.760412
AACGATAATGCCGTAG-1,0.777696,0.000011,0.222293
AACGATAGAAGGGCCG-1,0.546516,0.000023,0.453462
AACGATATGTCAACTG-1,0.619846,0.000022,0.380132
AACGCATGATCTGGGT-1,0.937503,0.000016,0.062481
AACGCGACCTTGGGCG-1,0.220255,0.176842,0.602903
AACGCGGTCTCCAGCC-1,0.567359,0.000024,0.432617
AACGCTGTTGCTGAAA-1,0.026812,0.000021,0.973167
AACGGACGTACGTATA-1,0.61102,0.12397,0.26501
AACGGCCATCTCCGGT-1,0.477065,0.210024,0.312912
AACGTACTGTGGGTAC-1,0.398826,0.000021,0.601152
AACGTCAGACTAGTGG-1,0.652876,0.062628,0.284496
AACGTCATCCGGCTTG-1,0.078306,0.082059,0.839635
AACGTGATGAAGGACA-1,0.864123,0.000841,0.135036
AACGTGCGAAAGTCTC-1,0.52098,0.002087,0.476933
AACTACCCGTTTGTCA-1,0.833141,0.00329,0.163569
AACTAGGCTTGGGTGT-1,0.676965,0.008348,0.314687
AACTCAAGTTAATTGC-1,0.999964,0.000009,0.000027
AACTCCAGAGCGTGTT-1,0.890868,0.005847,0.103285
AACTCCTAATCCCATG-1,0.652475,0.000024,0.347501
AACTCTCAATAGAGCG-1,0.122292,0.165131,0.712577
AACTCTCAGTGTGCTC-1,0.34093,0.007068,0.652002
AACTGAGGTCAGCGTC-1,0.147128,0.000037,0.852835
AACTGAGTTATACTGA-1,0.634909,0.060358,0.304733
AACTGATATTAGGCCT-1,0.064111,0.023074,0.912816
AACTGGGTCCCGACGT-1,0.482847,0.008019,0.509134
AACTGGGTTCGAGCCG-1,0.925334,0.012902,0.061763
AACTGGTGTGGGCCTT-1,0.012994,0.15813,0.828876
AACTTCTGCGTCTATC-1,0.772008,0.000038,0.227954
AACTTGCCCGTATGCA-1,0.000342,0.39615,0.603508
AACTTTACGGGAGCTT-1,0.523782,0.377801,0.098417
AACTTTCTCGATCATG-1,0.025253,0.083697,0.89105
AAGAAAGTTTGATGGG-1,0.553049,0.189677,0.257273
AAGAAATCACCAGATT-1,0.889119,0.080263,0.030618
AAGAAGGATCAGTTAG-1,0.726322,0.000035,0.273643
AAGACATACGTGGTTT-1,0.020843,0.000035,0.979122
AAGACCAAATAACTCA-1,0.227084,0.169759,0.603157
AAGACCCAACTGAACA-1,0.501523,0.001311,0.497167
AAGACTCACGCCCACT-1,0.292697,0.012873,0.69443
AAGACTGCAAGCTACT-1,0.730214,0.00089,0.268896
AAGAGATGAATCGGTA-1,0.390928,0.359359,0.249713
AAGAGCTCTTTATCGG-1,0.999935,0.000016,0.000048
AAGAGGATGTACGCGA-1,0.64681,0.009587,0.343603
AAGAGGCATGGATCGC-1,0.709626,0.027618,0.262756
AAGAGGCCCTTTGGAA-1,0.008194,0.00003,0.991776
AAGATGGCACCGGACC-1,0.818502,0.06332,0.118178
AAGATTGGCGGAACGT-1,0.133432,0.174825,0.691744
AAGCACCCTGCGTATC-1,0.312165,0.066737,0.621098
AAGCATACTCTCCTGA-1,0.190889,0.086261,0.72285
AAGCCACTTGCAGGTA-1,0.628291,0.000022,0.371687
AAGCCGAAGCGGTTTA-1,0.900164,0.058815,0.041021
AAGCCGCCGTGAAATC-1,0.856261,0.029369,0.114371
AAGCCGCTTTACCTTG-1,0.916634,0.0118,0.071566
AAGCGCAGGGCTTTGA-1,0.952884,0.047098,0.000018
AAGCGGAGTGCGCGCA-1,0.239105,0.145026,0.615869
AAGCGGCGTCATGGGT-1,0.192844,0.000027,0.807129
AAGCGTCCCTCATCGA-1,0.297556,0.000028,0.702416
AAGCTAGATCGAGTAA-1,0.322442,0.000103,0.677455
AAGCTCGTGCCAAGTC-1,0.527795,0.000037,0.472168
AAGCTCTTTCATGGTG-1,0.383518,0.00002,0.616463
AAGGAGAACTTATAAG-1,0.000526,0.014267,0.985207
AAGGAGCGGTTGGTGC-1,0.00047,0.000067,0.999462
AAGGATCGATCGCTTG-1,0.364318,0.171539,0.464144
AAGGATGAGGGACCTC-1,0.574284,0.000018,0.425697
AAGGCAGGCTGTCTCC-1,0.64122,0.000115,0.358665
AAGGCGCGTAAAGCTT-1,0.684317,0.285934,0.029748
AAGGCTGTGCTCATCG-1,0.000507,0.078054,0.921439
AAGGGAACGACTGGCT-1,0.968167,0.007139,0.024694
AAGGGACAGATTCTGT-1,0.00144,0.355377,0.643183
AAGGGACTATGCATTC-1,0.770738,0.096255,0.133006
AAGGGTTTGATTTCAG-1,0.454578,0.189987,0.355435
AAGGTATCCTAATATA-1,0.592259,0.001596,0.406146
AAGGTGATAAACCAGC-1,0.856629,0.040711,0.102659
AAGTAGAAGACCGGGT-1,0.709003,0.000032,0.290965
AAGTAGTGACGCGAGG-1,0.888902,0.000013,0.111085
AAGTCAATTGTCGTCA-1,0.265981,0.073038,0.660981
AAGTCTAGTAGCTGCC-1,0.727936,0.052319,0.219745
AAGTCTTCTGTGGCCT-1,0.779751,0.165761,0.054487
AAGTGACGACCGAATT-1,0.545516,0.00457,0.449913
AAGTGAGTCGGGTTTA-1,0.228076,0.000021,0.771903
AAGTGCAAAGGTAGAC-1,0.781574,0.120058,0.098368
AAGTGCCTTGACTGTA-1,0.767121,0.000018,0.232861
AAGTGCGTTAGAATCT-1,0.952763,0.006859,0.040378
AAGTGCTTCTCTATTG-1,0.976205,0.000011,0.023784
AAGTGTTTGGAGACGG-1,0.305086,0.000026,0.694887
AAGTTCACTCCAAGCT-1,0.733051,0.040435,0.226514
AAGTTCAGTCTGCGTA-1,0.871063,0.000016,0.128921
AAGTTCGGCCAACAGG-1,0.376458,0.000023,0.623519
AAGTTGTGATGTTATA-1,0.215462,0.020284,0.764254
AAGTTTACTAATGGCA-1,0.000371,0.090961,0.908668
AAGTTTATGGGCCCAA-1,0.074548,0.001374,0.924078
AATAACAACGCTCGGC-1,0.858624,0.044263,0.097113
AATAACACTAGAACAA-1,0.658958,0.009659,0.331383
AATAAGTCCTCGAGAC-1,0.938877,0.000015,0.061107
AATAATCTTCGTATCG-1,0.471467,0.000027,0.528506
AATACAATGTTTCAGG-1,0.797747,0.028184,0.174068
AATACCGGAGGGCTGT-1,0.695588,0.04324,0.261172
AATAGAACAGAGTGGC-1,0.507801,0.124115,0.368084
AATAGAATCTGTTTCA-1,0.528358,0.146821,0.324821
AATAGCAAGCCTCCTG-1,0.405144,0.000042,0.594814
AATAGCTACCGCGTGC-1,0.986424,0.000013,0.013562
AATAGGCACGACCCTT-1,0.9726,0.000012,0.027388
AATAGTCCGTCCCGAC-1,0.119053,0.00004,0.880907
AATATCAAGGTCGGAT-1,0.702815,0.120574,0.176611
AATATCGAATCAATGC-1,0.781884,0.046449,0.171667
AATATCGAGGGTTCTC-1,0.118734,0.286581,0.594685
AATATTGGAGTATTGA-1,0.285699,0.057865,0.656436
AATCAGGTTTCATTTA-1,0.745633,0.038725,0.215641
AATCATGTAAAGACTC-1,0.107396,0.128596,0.764008
AATCCAAGGGCCTGAG-1,0.655273,0.019376,0.325351
AATCCCGCTCAGAGCC-1,0.255796,0.004727,0.739478
AATCGAGGTCTCAAGG-1,0.663742,0.05944,0.276818
AATCGCCTCAGCGCCA-1,0.713317,0.045192,0.241491
AATCGCGCAGAGGACT-1,0.931658,0.02635,0.041992
AATCGGGACACTACGA-1,0.000429,0.047528,0.952042
AATCGGTATAGCCCTC-1,0.233974,0.016743,0.749283
AATCGTGAGCCGAGCA-1,0.360289,0.291774,0.347937
AATCTAGGTTTACTTG-1,0.797286,0.161389,0.041325
AATCTATGCCGGAGCC-1,0.000883,0.057923,0.941194
AATCTCTACTGTGGTT-1,0.401599,0.371329,0.227072
AATCTGCGTTGGGACG-1,0.001203,0.273594,0.725203
AATCTGGCTTTCTAGT-1,0.765192,0.0054,0.229408
AATCTGGGTAGACCCT-1,0.754937,0.012762,0.232301
AATGACAGCAATGTCT-1,0.9992,0.000007,0.000794
AATGACGTAGGATGTC-1,0.55819,0.00002,0.441791
AATGACTGTCAGCCGG-1,0.755733,0.001305,0.242963
AATGATGATACGCTAT-1,0.000916,0.031966,0.967118
AATGATGCGACTCCTG-1,0.000656,0.161105,0.838238
AATGCAACCGGGTACC-1,0.56196,0.000034,0.438006
AATGCACCAAGCAATG-1,0.881868,0.000016,0.118116
AATGGCCGCCAATGCG-1,0.00041,0.000059,0.999531
AATGGTCCACCGTTCA-1,0.086602,0.913276,0.000122
AATGGTTCTCACAAGC-1,0.817728,0.100265,0.082008
AATGTATGGCACTGTA-1,0.000247,0.506078,0.493675
AATGTGCCCGAGGTGT-1,0.859411,0.111418,0.029171
AATGTGCTAATCTGAG-1,0.642291,0.000025,0.357684
AATGTTAAGACCCTGA-1,0.66461,0.009746,0.325644
AATGTTGTCGTGAGAC-1,0.709437,0.01929,0.271273
AATTAAAGGTCGGCGT-1,0.895916,0.000016,0.104068
AATTAACGGATTTCCA-1,0.67529,0.136345,0.188365
AATTACGAGACCCATC-1,0.048849,0.944052,0.007099
AATTAGCGCTGCAGCG-1,0.729152,0.000012,0.270836
AATTCATAAGGGATCT-1,0.000903,0.000129,0.998968
AATTCATTGTCATGCA-1,0.000239,0.999658,0.000103
AATTCCAAGCATGTAC-1,0.63376,0.060181,0.306059
AATTCGATTCGAGGAT-1,0.437578,0.249156,0.313266
AATTCTAGAGTTAGGC-1,0.787617,0.000017,0.212366
AATTGAACGCTCTGGT-1,0.696936,0.051997,0.251067
AATTGCAGCAATCGAC-1,0.076093,0.368024,0.555883
AATTGCGTGGATTACA-1,0.250811,0.461525,0.287663
AATTGTGGTTGCCAAA-1,0.080457,0.000565,0.918979
AATTTGGGACATAGTA-1,0.950027,0.000015,0.049958
AATTTGGTTCCAAAGA-1,0.2029,0.000045,0.797055
ACAAACCATGCGTCCT-1,0.865107,0.038858,0.096035
ACAAACCGACAAGGCG-1,0.763234,0.000013,0.236753
ACAAACTCCATCAGAG-1,0.434032,0.052235,0.513733
ACAAAGAAGGTAGGCC-1,0.266403,0.161493,0.572105
ACAAAGCATGACCTAG-1,0.278038,0.069476,0.652485
ACAAATCGCACCGAAT-1,0.132345,0.000019,0.867635
ACAAATGGTAGTGTTT-1,0.570803,0.085469,0.343728
ACAAATTCAGATCTGA-1,0.230924,0.000031,0.769045
ACAACAGCATGAGCTA-1,0.000557,0.00008,0.999363
ACAACGGTCCCTGCGA-1,0.621784,0.129787,0.248429
ACAAGCAGTGCCTAGC-1,0.000415,0.21024,0.789345
ACAAGGAAATCCGCCC-1,0.242202,0.044852,0.712946
ACAAGGACAAGAGGTT-1,0.000383,0.060474,0.939143
ACAAGGATGCTTTAGG-1,0.006972,0.000028,0.993
ACAAGGCCTACCAGCC-1,0.903303,0.01602,0.080678
ACAAGGGCAGGCTCTG-1,0.987377,0.000007,0.012616
ACAAGTAATTGTAAGG-1,0.235118,0.140654,0.624228
ACAATAGTCGTACGTT-1,0.814454,0.036426,0.14912
ACAATCCATTTAAACC-1,0.608907,0.142946,0.248148
ACAATGAATACGGAGA-1,0.638147,0.019589,0.342264
ACAATGATTCTTCTAC-1,0.4772,0.000035,0.522765
ACAATTGTGTCTCTTT-1,0.201729,0.058328,0.739943
ACAATTTAGGAGGCTC-1,0.443448,0.556294,0.000259
ACAATTTGAGCAGTGG-1,0.584065,0.000022,0.415913
ACAATTTGGCCATATT-1,0.981014,0.012374,0.006612
ACACAAAGACGGGTGG-1,0.61456,0.003168,0.382273
ACACAAATATTCCTAG-1,0.276487,0.178426,0.545087
ACACACCAGGACCAGT-1,0.707629,0.001306,0.291065
ACACACTTTCTACACG-1,0.041505,0.173438,0.785057
ACACATGATCAAATCT-1,0.891175,0.000022,0.108803
ACACATTTCCGTAGAC-1,0.530598,0.015765,0.453636
ACACCACATAATTAGC-1,0.189385,0.810262,0.000353
ACACCCAGCATGCAGC-1,0.600716,0.157529,0.241754
ACACCCGAGAAATCCG-1,0.780018,0.018805,0.201177
ACACCCGTAAATCTGT-1,0.01587,0.000084,0.984046
ACACCGGTCTGACCGC-1,0.84705,0.106293,0.046657
ACACCTTAAGTAGGGC-1,0.384601,0.337503,0.277895
ACACCTTACTACTTGC-1,0.928635,0.06311,0.008254
ACACGAGACTCCTTCT-1,0.281482,0.244453,0.474065
ACACGGCACTATGCAT-1,0.69293,0.041662,0.265409
ACACGGGAACTTAGGG-1,0.511453,0.052358,0.436189
ACACGTAGGCCACAAG-1,0.345993,0.000023,0.653984
ACACTGATCAAGGTGT-1,0.776532,0.001718,0.221749
ACACTGGGACAGTCGT-1,0.099832,0.000027,0.900142
ACAGAACTGAGAACAA-1,0.719941,0.112403,0.167656
ACAGATTAGGTTAGTG-1,0.031857,0.024088,0.944054
ACAGCATAGAGCCAGT-1,0.000364,0.157002,0.842634
ACAGCGACATTCTCAT-1,0.462653,0.037237,0.50011
ACAGCGCACCCGCAGC-1,0.728812,0.000028,0.27116
ACAGGCACGGATCCTT-1,0.008598,0.000044,0.991358
ACAGGCTTGCCCGACT-1,0.255282,0.098002,0.646716
ACAGGTGGAGGTGAGG-1,0.449406,0.000021,0.550573
ACAGTAATACAACTTG-1,0.542843,0.046571,0.410586
ACAGTATACCGTGGGA-1,0.813495,0.000021,0.186484
ACAGTGCAGCGCATTT-1,0.173888,0.027368,0.798744
ACATAAGTCGTGGTGA-1,0.232358,0.077393,0.690249
ACATAATAAGGCGGTG-1,0.579859,0.000023,0.420118
ACATCAGCTGGGACGC-1,0.693896,0.289599,0.016505
ACATCCCGGCCATACG-1,0.87111,0.024008,0.104882
ACATCCTGGTAACTGT-1,0.999965,0.000009,0.000026
ACATCGATCGTTTACC-1,0.507263,0.059947,0.43279
ACATCGCAATATTCGG-1,0.830976,0.000018,0.169006
ACATCGGTCAGCCGCG-1,0.958135,0.00618,0.035685
ACATCGTATGCAATGG-1,0.683172,0.059709,0.257119
ACATCGTTAACCTAGT-1,0.990826,0.000011,0.009163
ACATCTCAACGCGTAA-1,0.887773,0.024377,0.08785
ACATGCTTACGGCAGC-1,0.126507,0.376381,0.497112
ACATGGCGCCAAAGTA-1,0.812845,0.025493,0.161663
ACATTAGTTTATATCC-1,0.029894,0.016427,0.953678
ACATTCGCGCGGAATA-1,0.779904,0.111466,0.10863
ACCAAACACCCAGCGA-1,0.724996,0.054161,0.220844
ACCAAACTAGAAATCC-1,0.073039,0.00795,0.919011
ACCAACACCACACACT-1,0.909868,0.03747,0.052662
ACCAACCGCACTCCAC-1,0.357206,0.006592,0.636202
ACCAACGCTTATTTAT-1,0.593972,0.042344,0.363684
ACCAAGAACGCGTGTC-1,0.731364,0.0024,0.266236
ACCAAGTCATCGGCAG-1,0.056146,0.000051,0.943803
ACCAATATGCAAGTTA-1,0.044414,0.23141,0.724176
ACCACAACTCAGAACA-1,0.836109,0.000009,0.163882
ACCACAAGTTTCTATC-1,0.164927,0.093614,0.741459
ACCACACGGTTGATGG-1,0.229163,0.003947,0.766889
ACCACCAATGTAACAA-1,0.698364,0.000022,0.301614
ACCACCCTCTCTTCTA-1,0.000436,0.078356,0.921208
ACCACGTGCAGCTATA-1,0.47002,0.087945,0.442035
ACCAGACCATAACAAC-1,0.826807,0.162719,0.010475
ACCAGCCCGGTCTTTG-1,0.932435,0.000012,0.067553
ACCAGTGCCCGGTCAA-1,0.433117,0.000024,0.566859
ACCAGTGCGGGAGACG-1,0.709751,0.002114,0.288135
ACCATATCCGCAATAA-1,0.447902,0.000031,0.552067
ACCATCCGCCAACTAG-1,0.010511,0.161593,0.827896
ACCATCGTATATGGTA-1,0.569216,0.000039,0.430746
ACCCAACGCCCGTGGC-1,0.590689,0.032856,0.376455
ACCCACCTACATGCTC-1,0.809667,0.153124,0.037209
ACCCATCTTGAGGGTA-1,0.520149,0.105259,0.374592
ACCCATTTGTCCCTCT-1,0.511596,0.013013,0.47539
ACCCGAGCGAAATTAC-1,0.068408,0.337906,0.593686
ACCCGATTGGTTCCGA-1,0.677289,0.076951,0.24576
ACCCGGAAACTCCCAG-1,0.027914,0.000019,0.972067
ACCCGGAGCACCACAA-1,0.384051,0.000016,0.615933
ACCCGGATGACGCATC-1,0.992981,0.000012,0.007007
ACCCGGTTACACTTCC-1,0.621277,0.002796,0.375927
ACCCGTAGCAGAGAAT-1,0.500971,0.153925,0.345104
ACCCGTGTCATCAGTA-1,0.552998,0.038689,0.408313
ACCCTATGCCATATCG-1,0.758426,0.004635,0.236938
ACCCTCCCGTCAGGGC-1,0.0517,0.000037,0.948264
ACCCTCCCTTGCTATT-1,0.434018,0.006304,0.559678
ACCCTGGTAACGCCCT-1,0.927914,0.030052,0.042033
ACCCTTCATCTGCGAA-1,0.000544,0.05703,0.942426
ACCCTTGCCTGGGTCG-1,0.806723,0.002456,0.190821
ACCCTTTAGTTCTCCA-1,0.833782,0.000019,0.166199
ACCGAAAGGGCCCTGC-1,0.00062,0.16614,0.83324
ACCGAAGAGTCTGGTT-1,0.88686,0.076139,0.037001
ACCGACACATCTCCCA-1,0.37313,0.054083,0.572787
ACCGACTGAGTCCCAC-1,0.121084,0.101819,0.777097
ACCGAGTCTCCTTATT-1,0.468565,0.06974,0.461696
ACCGATAGGCATAACC-1,0.411193,0.005373,0.583435
ACCGATATTTAATCAT-1,0.234206,0.000053,0.765741
ACCGATGGTAGCATCG-1,0.309979,0.000049,0.689972
ACCGCAATAACTGCCT-1,0.677703,0.014345,0.307952
ACCGCGGTGGAAGTCG-1,0.380882,0.047443,0.571675
ACCGCTAGTCATTGGT-1,0.589792,0.073062,0.337147
ACCGGGCCTTTGTTGA-1,0.473843,0.068582,0.457574
ACCGGTCAGGTACACC-1,0.981118,0.008292,0.010591
ACCGGTCTGAGTACGG-1,0.804313,0.030088,0.1656
ACCGTCCACTGGGCCC-1,0.239308,0.362601,0.398091
ACCGTGACCACGTGGG-1,0.76229,0.057836,0.179875
ACCGTTCCCGCTCTGA-1,0.255986,0.004161,0.739853
ACCTAAGTACCTTTCA-1,0.406031,0.024947,0.569022
ACCTAATCGACTTCCT-1,0.686379,0.065068,0.248553
ACCTACAGTATGTGGT-1,0.921388,0.033241,0.045371
ACCTACTATAAATCTA-1,0.454075,0.190413,0.355512
ACCTCCGCCCTCGCTG-1,0.44416,0.114346,0.441494
ACCTCCGTTATTCACC-1,0.188323,0.335072,0.476605
ACCTCGAACTTATGCT-1,0.906058,0.093915,0.000027
ACCTGCGTGTCATGTT-1,0.733963,0.004836,0.261202
ACGAAATGGGCGGCAC-1,0.070867,0.094918,0.834215
ACGACTCTAGGGCCGA-1,0.001262,0.189014,0.809724
ACGACTGGTCATACTC-1,0.464788,0.000024,0.535188
ACGAGAACCCATCACG-1,0.805974,0.000023,0.194002
ACGAGATATTTGCTTA-1,0.878573,0.000014,0.121413
ACGAGGATACCACTCT-1,0.538163,0.041277,0.42056
ACGAGGTTTACAACGT-1,0.542532,0.264304,0.193164
ACGAGTACGGATGCCC-1,0.259727,0.4055,0.334773
ACGATACATAGAACTA-1,0.000812,0.227682,0.771506
ACGATCATACATAGAG-1,0.521759,0.000041,0.4782
ACGATCATCTTGTAAA-1,0.000397,0.351203,0.648401
ACGATGCATATGTTAT-1,0.893095,0.000015,0.10689
ACGATGGATCCGATGC-1,0.728658,0.026756,0.244586
ACGCAAACTAATAGAT-1,0.699092,0.010451,0.290457
ACGCAATCACTACAGC-1,0.000671,0.000096,0.999234
ACGCATAAATGACATG-1,0.440441,0.000033,0.559526
ACGCATACGTTTACTA-1,0.329645,0.02016,0.650195
ACGCATTCGTGAGTAC-1,0.905514,0.000022,0.094464
ACGCCACTCGAAACAG-1,0.582417,0.050051,0.367532
ACGCCAGATGATTTCT-1,0.275763,0.000048,0.724189
ACGCCAGTGCGTTTGC-1,0.297147,0.217312,0.485541
ACGCCCAGCTGTCGAT-1,0.883914,0.015676,0.10041
ACGCCGCTAGACGACC-1,0.231409,0.011687,0.756904
ACGCGAAGTCAGACGA-1,0.661586,0.06973,0.268684
ACGCGCTACACAGGGT-1,0.352904,0.037293,0.609803
ACGCGGGCCAAGGACA-1,0.569289,0.066625,0.364087
ACGCGTTTCTTAAGAG-1,0.744521,0.227289,0.02819
ACGCTAGTATCAGTGC-1,0.173295,0.1496,0.677105
ACGCTAGTGATACACT-1,0.234114,0.249466,0.516419
ACGCTGTGAGGCGTAG-1,0.032358,0.287933,0.679709
ACGCTTAGTGTCTCTC-1,0.963705,0.000012,0.036282
ACGGAATTTAGCAAAT-1,0.7472,0.004147,0.248653
ACGGACGCAGCGACAA-1,0.000315,0.063748,0.935937
ACGGACTCTCAAAGCG-1,0.793566,0.077408,0.129026
ACGGAGCGCAAATTAC-1,0.963119,0.000023,0.036858
ACGGATGGTGCGGATA-1,0.357116,0.000139,0.642745
ACGGCACTTGCTTGGG-1,0.021189,0.000028,0.978783
ACGGCCAACATGGACT-1,0.258052,0.000018,0.74193
ACGGCGACGATGGGAA-1,0.307358,0.00003,0.692613
ACGGCGGGTTGCCCTG-1,0.787599,0.000042,0.212359
ACGGCTGGATGTAGAA-1,0.457751,0.128596,0.413653
ACGGGAGTGTCGGCCC-1,0.784318,0.000017,0.215664
ACGGGCGTATGCGACA-1,0.000616,0.100916,0.898468
ACGGTACAGTTCAATG-1,0.000198,0.057477,0.942325
ACGGTCACCGAGAACA-1,0.000232,0.358681,0.641087
ACGTACAGATTTCTCT-1,0.225256,0.008369,0.766374
ACGTACTTTGGCACGG-1,0.869808,0.017226,0.112966
ACGTAGATTGCTGATG-1,0.000406,0.000058,0.999536
ACGTAGGAGAGTCGCT-1,0.228381,0.143388,0.628231
ACGTATTACTCCGATC-1,0.847025,0.119712,0.033263
ACGTCTCGTTCCGGGA-1,0.051591,0.3685,0.579909
ACGTGACAAAGTAAGT-1,0.000566,0.204612,0.794822
ACGTGCGCCTCGTGCA-1,0.215049,0.105937,0.679014
ACGTGGTCGAATGTGC-1,0.587557,0.000017,0.412426
ACGTTAATGTCGAAGA-1,0.76407,0.00003,0.2359
ACGTTAGATTTGCCCG-1,0.822555,0.062201,0.115244
ACGTTATTGGTCACTC-1,0.781868,0.00999,0.208143
ACGTTCACTATGCCGC-1,0.21744,0.000947,0.781613
ACGTTCCGCGCTCCGT-1,0.000533,0.110689,0.888777
ACGTTCGCAATCAATT-1,0.35895,0.268714,0.372336
ACGTTCGTTCAGGAAA-1,0.33947,0.001447,0.659082
ACGTTCTGTACAAGTC-1,0.191308,0.000029,0.808662
ACGTTGTCGTTGAAAG-1,0.861873,0.000011,0.138116
ACGTTTAGTTGTGATC-1,0.000574,0.000082,0.999344
ACTAAGGACGCACACC-1,0.345452,0.000038,0.65451
ACTAATACGTCAGGCG-1,0.654653,0.0399,0.305447
ACTACAAAGAGAGGTG-1,0.000201,0.000029,0.999771
ACTACATCCCGACAAG-1,0.819367,0.125898,0.054735
ACTACCAGCTCTCTGG-1,0.400826,0.267456,0.331719
ACTACCATCCGAGGGC-1,0.959566,0.006729,0.033705
ACTACGCGTTAGAATT-1,0.531693,0.036452,0.431854
ACTAGTTGCGATCGTC-1,0.028601,0.325116,0.646283
ACTATATGCTGTGTTC-1,0.602082,0.000029,0.397889
ACTATCCAGGGCATGG-1,0.000476,0.000068,0.999456
ACTATCTGCCCGCGTA-1,0.948518,0.004139,0.047343
ACTATGTCCAGCTGCC-1,0.910425,0.014398,0.075178
ACTATTCGTCCGTGGT-1,0.332103,0.000039,0.667857
ACTATTTCCGGGCCCA-1,0.945292,0.013885,0.040823
ACTCAACGAATGTATT-1,0.890472,0.006329,0.103199
ACTCAAGTGCAAGGCT-1,0.431084,0.037347,0.531569
ACTCAATAAAGGCACG-1,0.660306,0.000024,0.339669
ACTCAGACCTGCTTCT-1,0.855048,0.015561,0.129392
ACTCATGGCAGCCTTC-1,0.94611,0.018591,0.035299
ACTCCAATATCATCAT-1,0.808332,0.000017,0.191651
ACTCCCATTCCTAAAG-1,0.998849,0.000009,0.001142
ACTCCCGAATTCGTTT-1,0.001523,0.572093,0.426384
ACTCCCGTAGACTAGG-1,0.719583,0.057393,0.223024
ACTCCCTAATGCTAAA-1,0.548211,0.078134,0.373654
ACTCCCTAGAATAGTA-1,0.397897,0.033607,0.568496
ACTCCGGCCGACCACT-1,0.010804,0.000031,0.989165
ACTCGCCGTTCGATAA-1,0.352898,0.023931,0.623171
ACTCGCGATCTGACGC-1,0.000547,0.307744,0.691709
ACTCGTAACCCGTCCT-1,0.546493,0.048441,0.405066
ACTCGTCAGTAATCCC-1,0.982449,0.01751,0.000041
ACTCTCTGACTTAGGT-1,0.935178,0.034345,0.030477
ACTCTCTTATACACGA-1,0.740595,0.039759,0.219646
ACTCTGACCTAATAGA-1,0.036545,0.000028,0.963427
ACTCTTCAGCTCCCGC-1,0.001366,0.148789,0.849846
ACTCTTGTATAGTAAC-1,0.676688,0.000038,0.323274
ACTGAAACGCCGTTAG-1,0.031395,0.000021,0.968584
ACTGAATGGCGAAAGT-1,0.324057,0.000021,0.675922
ACTGATTTAGTGATTC-1,0.867847,0.000016,0.132137
ACTGCCCGCCATTCTC-1,0.954368,0.01691,0.028723
ACTGCCGTCGTAACTC-1,0.000541,0.000077,0.999382
ACTGCGGACACACCGT-1,0.000798,0.000114,0.999089
ACTGCTCGGAAGGATG-1,0.000735,0.03512,0.964145
ACTGGCGAACCTGCGT-1,0.421736,0.000023,0.578242
ACTGGGATGCCAGTGC-1,0.159231,0.000019,0.84075
ACTGTACGATACACAT-1,0.001147,0.449289,0.549565
ACTGTAGCACTTTGGA-1,0.169846,0.124785,0.705369
ACTGTATACGCGAGCA-1,0.786509,0.000028,0.213463
ACTGTCCAGGATTATA-1,0.564247,0.000039,0.435714
ACTGTCTTCTTTAGAA-1,0.000562,0.040291,0.959147
ACTGTGCTAGTAGATC-1,0.824971,0.000034,0.174995
ACTGTTTAGTGTAGGC-1,0.116938,0.159368,0.723694
ACTTACCGGGCGCGCA-1,0.87342,0.000014,0.126566
ACTTACGCATCCACGC-1,0.513614,0.067642,0.418744
ACTTAGTACGACAAGA-1,0.789209,0.000034,0.210757
ACTTATACTTACCCGG-1,0.34785,0.081927,0.570223
ACTTATTAGGATCGGT-1,0.739525,0.000026,0.26045
ACTTATTTATGTGCCA-1,0.610764,0.038658,0.350577
ACTTCAGGCTGATCCC-1,0.080927,0.002403,0.91667
ACTTCCAGTGGAAGCT-1,0.000303,0.618957,0.38074
ACTTCCATGCGGGACA-1,0.18962,0.079224,0.731156
ACTTCCTGTCGTGCGA-1,0.342664,0.114218,0.543117
ACTTCGCCATACGCAC-1,0.644631,0.000024,0.355345
ACTTCGCTAGCGAGTG-1,0.430713,0.141194,0.428094
ACTTGACTCCCTCTTT-1,0.889671,0.000018,0.110311
ACTTGCCATATTGTAC-1,0.254791,0.191925,0.553284
ACTTGGGACCCGGTGG-1,0.106874,0.159088,0.734038
ACTTGGGCTTTCGCCA-1,0.535469,0.023564,0.440967
ACTTGTAGTCCCTTCA-1,0.000272,0.61261,0.387117
ACTTGTGGATGGAACG-1,0.880135,0.079685,0.04018
ACTTGTTACCGGATCA-1,0.352732,0.000021,0.647247
ACTTTACCCTCATGAA-1,0.001238,0.998231,0.000531
ACTTTATACACCACTT-1,0.486097,0.143529,0.370373
ACTTTCCTATAGCTTC-1,0.001084,0.005328,0.993587
ACTTTGACTGCATCCT-1,0.039198,0.337718,0.623084
ACTTTGGTCGTGCTCC-1,0.790715,0.209245,0.00004
ACTTTGTCGACGCACT-1,0.438248,0.178145,0.383606
AGAAATTATGACTCGC-1,0.499821,0.000033,0.500146
AGAACACGGCGATGGT-1,0.469954,0.093258,0.436788
AGAACCCAGCGTGACA-1,0.900973,0.03763,0.061398
AGAACCCTCAATTGGG-1,0.192362,0.187618,0.62002
AGAACGTGGTACATTC-1,0.717658,0.000026,0.282316
AGAAGAGCGCCGTTCC-1,0.642865,0.00029,0.356845
AGAAGGTACACTTCAC-1,0.88614,0.047547,0.066313
AGAAGGTTGCCGAATT-1,0.964627,0.000813,0.03456
AGAAGGTTGTAGGTCG-1,0.258616,0.000028,0.741356
AGAAGTGATTCGTGAT-1,0.593952,0.000028,0.40602
AGAATAAATCTTCAGG-1,0.546225,0.296632,0.157143
AGAATGCGGGTTCGGA-1,0.772537,0.000028,0.227435
AGAATTATGGATTCGA-1,0.124632,0.610913,0.264455
AGACAGGCATCTCAGC-1,0.35632,0.274412,0.369268
AGACATAGATCCTTCC-1,0.364121,0.623282,0.012597
AGACCAAACCACACCT-1,0.054682,0.281922,0.663397
AGACCATGGGATACAA-1,0.74788,0.058963,0.193157
AGACCCACCGCTGATC-1,0.536507,0.003994,0.459498
AGACCCGCCCTCCTCG-1,0.463201,0.328436,0.208363
AGACCGCTCCGCGGTT-1,0.2783,0.000036,0.721664
AGACCGGGAAACCCTG-1,0.444843,0.060616,0.494541
AGACGAAGTGCCGGTC-1,0.758324,0.072357,0.169319
AGACGACGATGCCGCT-1,0.440787,0.000023,0.55919
AGACGCCCACTTCGCC-1,0.154971,0.029728,0.815301
AGACGGGATTGGTATA-1,0.735844,0.000014,0.264142
AGACGGGCCGATTTAA-1,0.498724,0.000026,0.50125
AGACTAGCCTTCCAGA-1,0.00036,0.115692,0.883948
AGACTGTTACCGGGTC-1,0.793577,0.002232,0.204191
AGAGAAACACCAGAAA-1,0.772792,0.000014,0.227195
AGAGAACCGTCTAGGA-1,0.49291,0.01571,0.49138
AGAGAAGGAGTACAAT-1,0.503625,0.129371,0.367004
AGAGATCTCTAAAGCG-1,0.410661,0.020382,0.568957
AGAGCAGTTATGAGAC-1,0.161952,0.837664,0.000383
AGAGCCGCCGAGATTT-1,0.033112,0.013828,0.95306
AGAGCGCTTGTAACGG-1,0.86591,0.000018,0.134072
AGAGCGGGCTAATCAT-1,0.000717,0.000102,0.999181
AGAGCGTACAAGCTCG-1,0.735833,0.182119,0.082047
AGAGGCTTCGGAAACC-1,0.38331,0.075404,0.541287
AGAGGGACAATTGTCC-1,0.834605,0.002156,0.163239
AGAGTAAACTTCACTA-1,0.316844,0.008345,0.674811
AGAGTATAGTGTTACG-1,0.001636,0.27102,0.727344
AGAGTGAACAGACACC-1,0.368316,0.10444,0.527244
AGAGTTAGAGACCGAT-1,0.439776,0.009946,0.550278
AGAGTTGCAGGCCTCC-1,0.008474,0.03761,0.953916
AGATAACTTCAGGGCC-1,0.760188,0.000913,0.238899
AGATAATCACACCTAT-1,0.48001,0.120098,0.399892
AGATACCAATAGAACC-1,0.167906,0.126913,0.705181
AGATACCAGCACTTCA-1,0.765288,0.081152,0.15356
AGATACCGGTGTTCAC-1,0.52949,0.001116,0.469394
AGATACGACTTCATAT-1,0.730169,0.156135,0.113696
AGATACTCAAGATCGA-1,0.666699,0.05436,0.278941
AGATATAATACGACTA-1,0.827024,0.014338,0.158639
AGATCGTGCATAAGAT-1,0.20987,0.070753,0.719377
AGATCTCAGGTGTGAT-1,0.00085,0.058754,0.940396
AGATCTGGAGAGGATA-1,0.353416,0.549653,0.09693
AGATGACTCGCCCACG-1,0.688635,0.00003,0.311335
AGATGAGGGTTGCGAT-1,0.600594,0.000024,0.399382
AGATGATGGAGTCTGG-1,0.165818,0.423176,0.411005
AGATGCAAGACGTGCA-1,0.776216,0.038082,0.185702
AGATGCATCCTGTGTC-1,0.045249,0.615284,0.339467
AGATTATAGGACGTTT-1,0.953571,0.000018,0.046411
AGATTCAAGCGGGTCG-1,0.464393,0.234726,0.300881
AGATTCACAACCGATA-1,0.907633,0.049332,0.043036
AGCAAAGGCCGCTAGT-1,0.84631,0.002954,0.150737
AGCAACATATCTTATT-1,0.712763,0.000022,0.287215
AGCAACCGAAAGTAAT-1,0.896585,0.009119,0.094297
AGCACACGTTTAGACT-1,0.63377,0.042622,0.323607
AGCACCAGTACTCACG-1,0.002323,0.054443,0.943234
AGCACTACCGGCCTGT-1,0.000383,0.064205,0.935412
AGCACTACCTCACCAG-1,0.289855,0.021179,0.688965
AGCACTTAAGGACGCC-1,0.123644,0.100619,0.775736
AGCAGAAGGAGAAAGA-1,0.606526,0.000019,0.393456
AGCAGCCAGATGAATA-1,0.746937,0.016096,0.236967
AGCAGTCGAAGCATGC-1,0.338764,0.00132,0.659916
AGCATATCAATATGCT-1,0.169724,0.000024,0.830252
AGCATCATTTCGAAAG-1,0.569005,0.039951,0.391045
AGCATCGTCGATAATT-1,0.673751,0.000044,0.326205
AGCATTACGAGGCAAG-1,0.60508,0.136498,0.258422
AGCCAAGCTTTGTGTC-1,0.757438,0.003827,0.238735
AGCCACAGGTTACCCG-1,0.609423,0.014083,0.376494
AGCCACTCCCGTGCTT-1,0.032885,0.105809,0.861307
AGCCATATAGTATGTG-1,0.562813,0.013524,0.423663
AGCCCATACATGTAAG-1,0.851475,0.012188,0.136337
AGCCCGCAACAAGCAG-1,0.636634,0.047419,0.315947
AGCCCGGCATTAGAGG-1,0.974083,0.000011,0.025906
AGCCCGGTAGCCTGTA-1,0.435725,0.079622,0.484652
AGCCCTAAGCGAAGTT-1,0.081718,0.149717,0.768565
AGCCCTCCCTGGTGGC-1,0.898886,0.064161,0.036953
AGCCCTGTCGCACCGT-1,0.213188,0.029032,0.75778
AGCCCTTCTAATCCGA-1,0.882762,0.038968,0.07827
AGCCCTTGGACATCCC-1,0.813424,0.002198,0.184378
AGCCGCAAATTCAAAT-1,0.794708,0.142681,0.062611
AGCCGTGGCTAAATGT-1,0.493747,0.256543,0.24971
AGCCTAATACCCACGT-1,0.731643,0.03501,0.233347
AGCCTTAAAGCGGAAG-1,0.796389,0.00003,0.203581
AGCGACAGGAACGGTC-1,0.468259,0.000021,0.53172
AGCGACATCCCATTCA-1,0.540872,0.000023,0.459106
AGCGACCAACGATATT-1,0.175784,0.513599,0.310617
AGCGACTTTGAAGACA-1,0.469846,0.000012,0.530142
AGCGAGACGTGAAGGC-1,0.723859,0.00002,0.276121
AGCGATGCGCCTAATA-1,0.657321,0.114321,0.228358
AGCGCATAATGAATCG-1,0.685629,0.000634,0.313737
AGCGCGGGTGCCAATG-1,0.000658,0.134949,0.864393
AGCGCTAGAGCGATGT-1,0.000594,0.000085,0.999321
AGCGCTTATGGGCAAG-1,0.732164,0.06242,0.205417
AGCGGACACTTCGTAG-1,0.131528,0.339799,0.528673
AGCGGCGGTTAGCGGT-1,0.622086,0.045714,0.3322
AGCGGGAAGGGTCCAT-1,0.760083,0.116281,0.123636
AGCGGGTCTGACACTC-1,0.811043,0.059116,0.129841
AGCGGTTGAGATGTAC-1,0.409949,0.00004,0.590011
AGCGGTTGCCGCTCTG-1,0.747688,0.000022,0.25229
AGCGTCTGAACCCGCA-1,0.882508,0.000031,0.117462
AGCGTGGTATTCTACT-1,0.314972,0.000029,0.684999
AGCGTTCCGATTTAAA-1,0.358394,0.048301,0.593305
AGCTAACAAGCAATGT-1,0.303731,0.189708,0.506561
AGCTAAGCTCCGTCCG-1,0.952041,0.000011,0.047948
AGCTAAGTACGCAGGC-1,0.278126,0.231564,0.49031
AGCTAGAAGCAGAAGT-1,0.247497,0.000073,0.75243
AGCTATTTAATCCAAC-1,0.000483,0.000069,0.999449
AGCTCCATATATGTTC-1,0.230377,0.067593,0.70203
AGCTCCTTCGCACATC-1,0.72031,0.000012,0.279678
AGCTCGTTGATGGAAA-1,0.405137,0.00003,0.594834
AGCTCTAGACGTTCCA-1,0.430308,0.000034,0.569658
AGCTCTTCCCAGTGCA-1,0.255558,0.026683,0.717759
AGCTCTTCGTAACCTT-1,0.915208,0.011269,0.073523
AGCTCTTTACTCAGTT-1,0.997529,0.000011,0.00246
AGCTGAAGTAAACCAA-1,0.000371,0.125881,0.873748
AGCTGCATTTGAGGTG-1,0.188995,0.000042,0.810964
AGCTGCTGTGCCGAAT-1,0.298874,0.000047,0.701079
AGCTGTAACCTCAATC-1,0.678974,0.056022,0.265004
AGCTTCAATACTTTGA-1,0.792023,0.001831,0.206147
AGCTTCTTCTCGAGCA-1,0.020575,0.018101,0.961324
AGCTTGATCAGGGTAG-1,0.050522,0.564385,0.385093
AGCTTGATCTTAACTT-1,0.809875,0.050181,0.139944
AGGAACGAACGACTTC-1,0.287953,0.174368,0.537679
AGGAAGCTGTCCGCCG-1,0.431013,0.009502,0.559485
AGGACAGTCGAATCCC-1,0.805756,0.006864,0.18738
AGGACATCGCACGTCG-1,0.796629,0.000045,0.203326
AGGACGACCCATTAGA-1,0.85391,0.000017,0.146072
AGGACGCTCGATGTTG-1,0.59501,0.000027,0.404964
AGGAGACATCCACAGT-1,0.000748,0.133851,0.865401
AGGAGAGTCTGGCTAC-1,0.000996,0.000142,0.998862
AGGAGGCCTTCGCGCG-1,0.288088,0.042938,0.668974
AGGATAAAGTCGGGAT-1,0.038126,0.083814,0.878061
AGGATATAGGGATTTA-1,0.670483,0.00002,0.329496
AGGATATCCGACTGCA-1,0.089086,0.123124,0.78779
AGGATCACGCGATCTG-1,0.625217,0.000029,0.374754
AGGATTGCTTACGACA-1,0.289095,0.708326,0.002579
AGGCACGTGACTGTCC-1,0.797537,0.074067,0.128396
AGGCAGATGCGTAAAC-1,0.484032,0.001471,0.514497
AGGCAGGGAGCGTACT-1,0.73337,0.000013,0.266616
AGGCATTGTCGTAGGG-1,0.766153,0.094015,0.139832
AGGCCACATTGGTTAC-1,0.812865,0.032498,0.154637
AGGCCACCCGTTATGA-1,0.303747,0.332327,0.363926
AGGCCCATTGTACAGG-1,0.571484,0.004528,0.423987
AGGCCCTAGAACGCCA-1,0.399728,0.012099,0.588173
AGGCCTATCATACCAA-1,0.202526,0.000017,0.797457
AGGCCTGAGAATCTCG-1,0.073573,0.020987,0.905439
AGGCGATAACTGGCGT-1,0.160781,0.000027,0.839192
AGGCGGTTTGTCCCGC-1,0.878023,0.031983,0.089994
AGGCGTCTATGGACGG-1,0.494074,0.000033,0.505893
AGGCTATGGTTAGCTT-1,0.192571,0.393661,0.413768
AGGCTTAAGTTGCACA-1,0.495631,0.035295,0.469074
AGGCTTCCCGAAGAAG-1,0.407571,0.000021,0.592408
AGGCTTGCTAGACACC-1,0.779942,0.050225,0.169833
AGGGAAACGAGGTACT-1,0.621289,0.000024,0.378687
AGGGACCGGCTGCGTT-1,0.001318,0.244542,0.754141
AGGGACTCTACGCGAC-1,0.431396,0.000017,0.568588
AGGGAGACATACTTCG-1,0.473437,0.015674,0.510889
AGGGCAGCGGCGTGGT-1,0.629364,0.009947,0.36069
AGGGCGAGCAGCTGAT-1,0.933725,0.000012,0.066263
AGGGCGTGATCGGCTA-1,0.741008,0.000033,0.258959
AGGGCTGCAGTTACAG-1,0.42803,0.064441,0.507529
AGGGTCAGAGCACTCG-1,0.793369,0.048475,0.158156
AGGGTCAGTAACCCTA-1,0.150571,0.081365,0.768065
AGGGTCGATGCGAACT-1,0.495161,0.078475,0.426365
AGGGTGCCGTTCTTTA-1,0.968716,0.007118,0.024166
AGGGTGCTCTCGAGGG-1,0.000585,0.000084,0.999331
AGGGTGGATAGTGCAT-1,0.757748,0.195713,0.046539
AGGGTGTGCTACACGC-1,0.766927,0.045521,0.187552
AGGGTTCAGACGGTCC-1,0.660248,0.058927,0.280825
AGGGTTCCCTTTGGTT-1,0.494668,0.039341,0.465992
AGGGTTTAGTTCGGGA-1,0.156166,0.00007,0.843764
AGGTAACCTCCTATTC-1,0.791901,0.000036,0.208063
AGGTACGATATTGCCA-1,0.276843,0.451791,0.271366
AGGTAGATCGAGATAT-1,0.878072,0.048298,0.07363
AGGTAGGTACAAAGCT-1,0.975637,0.000324,0.024039
AGGTATAATTGATAGT-1,0.395747,0.20866,0.395594
AGGTATGCGGACATTA-1,0.0004,0.323956,0.675644
AGGTCAGGTGAGAGTG-1,0.569673,0.000084,0.430243
AGGTCGCCTCCCAACA-1,0.333971,0.045417,0.620612
AGGTCGCGGAGTTACT-1,0.000958,0.069215,0.929827
AGGTGCACGTCCACAT-1,0.722935,0.064519,0.212546
AGGTGGTGACCTTCGC-1,0.302056,0.006237,0.691707
AGGTGTATCGCCATGA-1,0.000469,0.122766,0.876765
AGGTTACACCATGCCG-1,0.962597,0.000018,0.037386
AGGTTCTCCTTTCCGG-1,0.113416,0.363388,0.523195
AGGTTGAGGCACGCTT-1,0.389015,0.012388,0.598597
AGGTTTCACACACCTT-1,0.790099,0.08227,0.127631
AGTAACGTTCATCCTG-1,0.276797,0.017328,0.705876
AGTAACTATAGCAGCC-1,0.317581,0.031651,0.650767
AGTAATCTAAGGGTGG-1,0.365757,0.006611,0.627632
AGTAATGTCTTGCCGC-1,0.144901,0.19177,0.663329
AGTAATTTGCAAGCGT-1,0.330574,0.178777,0.490649
AGTACAGAAGCTTATA-1,0.794596,0.132133,0.073272
AGTACATCATTTATCA-1,0.510437,0.056609,0.432955
AGTACCTTCGAGTGCT-1,0.709776,0.000026,0.290198
AGTACGGCCCGTATCG-1,0.714062,0.203594,0.082343
AGTACGGGCACCTGGC-1,0.596711,0.000022,0.403266
AGTACGTGGCCTGTCT-1,0.812546,0.000016,0.187438
AGTACTCTTATGCCCA-1,0.507117,0.040124,0.452759
AGTAGAAGGCGCCTCA-1,0.015692,0.00003,0.984278
AGTAGCGTGAACGAAC-1,0.744323,0.070502,0.185175
AGTAGCTAGACGCCGA-1,0.548333,0.008606,0.443061
AGTAGGAAGGAAGTTG-1,0.645216,0.000029,0.354754
AGTAGGTAACATACAT-1,0.585239,0.000027,0.414735
AGTATAATACTAGGCA-1,0.772028,0.041985,0.185987
AGTATACACAGCGACA-1,0.864072,0.000013,0.135915
AGTATGCTGGAGACCA-1,0.19802,0.155758,0.646222
AGTATTTGGCACGACC-1,0.298827,0.000022,0.701151
AGTCAAATGATGTGAT-1,0.475326,0.032406,0.492269
AGTCAACACCACCATC-1,0.389589,0.000032,0.610379
AGTCAAGATGACACTT-1,0.441933,0.00002,0.558046
AGTCACTAGCTCTCGA-1,0.45876,0.05952,0.48172
AGTCACTCCGCCTCAT-1,0.782547,0.000034,0.217419
AGTCAGCCACCGCCTG-1,0.825759,0.000596,0.173645
AGTCCATTGGCTGATG-1,0.854204,0.004434,0.141362
AGTCCCGCCTTTAATT-1,0.999938,0.000015,0.000046
AGTCCCTCGCAGAAAG-1,0.000343,0.281423,0.718234
AGTCGACGGTCTCAAG-1,0.916021,0.000017,0.083962
AGTCGGCCCAAACGAC-1,0.498472,0.300326,0.201202
AGTCGGCTCAACTTTA-1,0.974455,0.00433,0.021216
AGTCGGTTGCGTGAGA-1,0.315108,0.021036,0.663857
AGTCGTATAAAGCAGA-1,0.479292,0.109041,0.411667
AGTCGTCGACCACCAA-1,0.46523,0.007436,0.527334
AGTCGTGGGCATTACG-1,0.328326,0.09908,0.572594
AGTCTAAAGTATACTC-1,0.434163,0.093161,0.472677
AGTCTCACAAGACTAC-1,0.736261,0.02586,0.237879
AGTCTGGACATCCTTG-1,0.788875,0.002012,0.209113
AGTCTTCTCCTCAAAT-1,0.55963,0.000026,0.440345
AGTCTTTAAAGTGTCC-1,0.000197,0.149468,0.850334
AGTGAACAAACTTCTC-1,0.83101,0.119747,0.049242
AGTGAAGATGGTGTCC-1,0.604248,0.000025,0.395727
AGTGACCTACTTTACG-1,0.707573,0.055492,0.236936
AGTGACTGTGACACAA-1,0.996969,0.000012,0.003019
AGTGAGACTTCCAGTA-1,0.025519,0.131863,0.842618
AGTGAGCCTCGCCGCC-1,0.471697,0.074451,0.453852
AGTGAGGGTTTCTGAC-1,0.694494,0.000024,0.305482
AGTGAGTCGAATTAAC-1,0.275349,0.000026,0.724626
AGTGATAACCTGCGCG-1,0.629016,0.011456,0.359528
AGTGATATGAGTAGTT-1,0.615331,0.040127,0.344542
AGTGATTCAAGCAGGA-1,0.000465,0.127097,0.872438
AGTGCACGCTTAAGAA-1,0.934653,0.001676,0.063671
AGTGCGTAGCTCGTAA-1,0.856646,0.000015,0.143339
AGTGCTAAACACAGCA-1,0.480819,0.063869,0.455312
AGTGCTTGCACGAATA-1,0.542953,0.000037,0.45701
AGTGGCCCGCAAATGG-1,0.331686,0.229792,0.438521
AGTGGCGGCAATTTGA-1,0.037883,0.047992,0.914125
AGTGGCGTCTGAAGGT-1,0.369293,0.01516,0.615546
AGTGGCTCCGTCGGCC-1,0.042526,0.403272,0.554203
AGTGGTGTTACCCGTG-1,0.132049,0.229831,0.63812
AGTGGTTGCGTATAGG-1,0.70811,0.157262,0.134628
AGTGTATTGCGCATTG-1,0.7018,0.005684,0.292516
AGTGTGGTCTATTGTG-1,0.697421,0.016292,0.286287
AGTTAAACACTTGCGA-1,0.996558,0.00001,0.003432
AGTTAAGCGGTCCCGG-1,0.774363,0.000019,0.225617
AGTTAAGTCAACCGCT-1,0.72786,0.022403,0.249737
AGTTACCGCACATGGT-1,0.82645,0.079769,0.093781
AGTTACTCTATCGTGG-1,0.806968,0.0226,0.170432
AGTTATTGAAAGGTAA-1,0.232202,0.010346,0.757452
AGTTCCTACAGAATTA-1,0.442398,0.005908,0.551694
AGTTCCTATTTATGTT-1,0.865422,0.009305,0.125272
AGTTGACGGTCCTTGC-1,0.329143,0.025458,0.645399
AGTTGCGGTCCTCAAC-1,0.051039,0.561416,0.387546
AGTTGGCAAGGCTAGA-1,0.31264,0.000031,0.687329
AGTTTATGTAAAGACA-1,0.026124,0.042797,0.931079
AGTTTCGCAGGTCGGA-1,0.000679,0.000097,0.999224
AGTTTGCACCTGCCTC-1,0.925963,0.02241,0.051627
AGTTTGGCACGGGTTG-1,0.579706,0.04,0.380295
AGTTTGGCCAGACCTA-1,0.655707,0.02665,0.317644
ATAAACGGACCCGTAA-1,0.777217,0.010275,0.212508
ATAAACGTTGCACCAC-1,0.109644,0.000026,0.890331
ATAAAGGCTCGGTCGT-1,0.904304,0.013972,0.081724
ATAAAGGTCAAGTACG-1,0.201919,0.000027,0.798054
ATAAATATTAGCAGCT-1,0.738636,0.018673,0.242691
ATAACGCCGGAGGGTC-1,0.41604,0.010106,0.573854
ATAACGGAGTCCAACG-1,0.6583,0.000019,0.341681
ATAACGTTACCTCCAC-1,0.652243,0.121977,0.22578
ATAAGCAAACACCGAG-1,0.735866,0.000462,0.263672
ATAAGGTGGAGAACAT-1,0.340035,0.04828,0.611684
ATAAGTACCCGATTGT-1,0.706075,0.016107,0.277818
ATAAGTAGGATTCAGA-1,0.001872,0.211019,0.787109
ATAAGTAGGGCGACTC-1,0.000956,0.048336,0.950708
ATAAGTTACCGCGACG-1,0.557898,0.000019,0.442082
ATAATAGCTGTTGAAT-1,0.800268,0.000015,0.199717
ATAATAGTGTAGGGAC-1,0.84148,0.000042,0.158478
ATAATCTTGGAGAACC-1,0.544843,0.02638,0.428777
ATAATTAGCTAAGTAG-1,0.437091,0.000026,0.562883
ATACAGGCCCTCCAAT-1,0.739713,0.076023,0.184264
ATACCACGGGCAACTT-1,0.999094,0.000848,0.000058
ATACCAGCAAATTGCT-1,0.012198,0.000079,0.987722
ATACCAGGCTAATAGA-1,0.180963,0.000224,0.818812
ATACCCTCCCGGCCAA-1,0.620575,0.150012,0.229414
ATACCGTCATCCATAA-1,0.746255,0.00002,0.253724
ATACCTAACCAAGAAA-1,0.632997,0.074343,0.29266
ATACGAAGGCTTTCCA-1,0.000646,0.068554,0.9308
ATACGACAGATGGGTA-1,0.000417,0.128491,0.871093
ATACGAGGTTTGTAAG-1,0.873623,0.000011,0.126367
ATACGCCGGCGAAACC-1,0.721448,0.000021,0.278531
ATACGGAACGTCGTTT-1,0.738129,0.006717,0.255153
ATACGGGTTTCGATTG-1,0.0009,0.095044,0.904056
ATACGGTGAAGATGCA-1,0.703612,0.243971,0.052417
ATACGTACTTAGCCAC-1,0.572086,0.000015,0.427899
ATACGTCCACTCCTGT-1,0.636837,0.153201,0.209962
ATACGTTATGCACGGA-1,0.992869,0.000012,0.007119
ATACTACCCGTACCAC-1,0.031633,0.197797,0.77057
ATACTAGCATGACCCT-1,0.55354,0.000028,0.446432
ATACTGCCTTACACCG-1,0.181286,0.119542,0.699173
ATACTTGTTCTCGAGC-1,0.000972,0.998612,0.000416
ATAGACAACGGGACCT-1,0.506612,0.036352,0.457036
ATAGACGAAGAGAAAG-1,0.671058,0.022144,0.306798
