Barcode,Topic 1,Topic 2,Topic 3,Topic 4,Topic 5to8,Topic 9,Topic 10to11
AAACAAGTATCTCCCA-1,0.000019,0.008181,0.017383,0.009212,0.783913,0.1107,0.070592
AAACACCAATAACTGC-1,0.353309,0.00009,0.00009,0.00009,0.000358,0.00009,0.645974
AAACAGCTTTCAGAAG-1,0.131109,0.001673,0.00002,0.053329,0.531936,0.083623,0.19831
AAACAGGGTCTATATT-1,0.318232,0.36963,0.000028,0.000028,0.278419,0.000028,0.033635
AAACAGTGTTCCTGGG-1,0.12549,0.17197,0.558851,0.102103,0.005224,0.036332,0.000032
AAACATGGTGAGAGGA-1,0.514854,0.000023,0.208836,0.160823,0.057512,0.041926,0.016025
AAACATTTCCCGGATT-1,0.0022,0.031803,0.056339,0.023797,0.67093,0.136526,0.078406
AAACCACTACACAGAT-1,0.115778,0.052554,0.005987,0.077626,0.747721,0.000111,0.000222
AAACCCGAACGAAATC-1,0.000019,0.05154,0.010728,0.00062,0.056519,0.006374,0.874199
AAACCGGAAATGTTAA-1,0.337047,0.201892,0.218374,0.115236,0.080497,0.011555,0.035398
AAACCGGGTAGGTACC-1,0.031634,0.04486,0.006308,0.052104,0.642762,0.003927,0.218404
AAACCGTTCGTCCAGG-1,0.015662,0.082133,0.000029,0.000029,0.166839,0.058166,0.677142
AAACCTAAGCAGCCGG-1,0.068576,0.286228,0.022741,0.000045,0.000182,0.195862,0.426365
AAACCTCATGAAGTTG-1,0.078827,0.321894,0.035086,0.036838,0.191531,0.057249,0.278575
AAACGAAGATGGAGTA-1,0.604762,0.00006,0.00006,0.00006,0.000238,0.00006,0.394761
AAACGAGACGGTTGAT-1,0.176945,0.572914,0.00006,0.00006,0.06595,0.002932,0.181139
AAACGCTGGGCACGAC-1,0.094071,0.00001,0.112146,0.642625,0.066446,0.077128,0.007573
AAACGGGCGTACGGGT-1,0.000037,0.548181,0.183453,0.000037,0.003056,0.030423,0.234813
AAACGGTTGCGAACTG-1,0.00735,0.169198,0.101809,0.000028,0.033174,0.324776,0.363666
AAACGTGTTCGCCCTA-1,0.000035,0.663218,0.053932,0.000035,0.252974,0.000035,0.029769
AAACTAACGTGGCGAC-1,0.000236,0.419378,0.000236,0.088422,0.423415,0.067841,0.000472
AAACTCGGTTCGCAAT-1,0.01755,0.20623,0.112561,0.033241,0.333624,0.239496,0.057298
AAACTCGTGATATAAG-1,0.00003,0.305663,0.052477,0.003873,0.290933,0.009133,0.337891
AAACTGCTGGCTCCAA-1,0.00434,0.252163,0.05458,0.020103,0.480638,0.15922,0.028956
AAACTTAATTGCACGC-1,0.728514,0.124112,0.000035,0.000035,0.088302,0.000035,0.058966
AAACTTGCAAACGTAT-1,0.116285,0.000237,0.000027,0.003285,0.39394,0.186393,0.299833
AAAGAATGACCTTAGA-1,0.571809,0.013011,0.164786,0.000036,0.000145,0.001554,0.24866
AAAGAATGTGGACTAA-1,0.000016,0.180394,0.450723,0.035203,0.06899,0.049318,0.215357
AAAGACCCAAGTCGCG-1,0.095727,0.669182,0.049708,0.000127,0.08784,0.000127,0.097289
AAAGACTGGGCGCTTT-1,0.008607,0.180595,0.031886,0.13141,0.437781,0.000015,0.209706
AAAGCTTGCCTACATA-1,0.00234,0.010707,0.17307,0.000183,0.000111,0.004345,0.809244
AAAGGCCCTATAATAC-1,0.258352,0.018884,0.001077,0.14964,0.570093,0.00002,0.001934
AAAGGCTACGGACCAT-1,0.013246,0.199394,0.040659,0.032506,0.254957,0.29521,0.164027
AAAGGCTCTCGCGCCG-1,0.052313,0.488328,0.021384,0.108379,0.30451,0.025053,0.000033
AAAGGGATGTAGCAAG-1,0.000027,0.104604,0.000027,0.000027,0.606435,0.000027,0.288852
AAAGGGCAGCTTGAAT-1,0.068848,0.196912,0.094896,0.068485,0.192688,0.077716,0.300455
AAAGGTAAGCTGTACC-1,0.000293,0.282846,0.000293,0.000293,0.549065,0.000293,0.166916
AAAGTAGCATTGCTCA-1,0.08599,0.056991,0.000034,0.000034,0.308607,0.010731,0.537612
AAAGTCGACCCTCAGT-1,0.050613,0.11098,0.046137,0.041991,0.493205,0.013841,0.243233
AAAGTGCCATCAATTA-1,0.05387,0.02834,0.258423,0.218894,0.129369,0.12034,0.190764
AAAGTGTGATTTATCT-1,0.000052,0.850045,0.000052,0.000052,0.004995,0.1447,0.000104
AAAGTTGACTCCCGTA-1,0.030794,0.002588,0.000032,0.000032,0.668606,0.019832,0.278117
AAATAAGGTAGTGCCC-1,0.000024,0.390773,0.013385,0.000024,0.118083,0.018196,0.459515
AAATACCTATAAGCAT-1,0.000025,0.230708,0.05254,0.030998,0.417424,0.203786,0.064519
AAATAGCTTAGACTTT-1,0.00701,0.138701,0.136138,0.002117,0.284826,0.046368,0.38484
AAATAGGGTGCTATTG-1,0.110677,0.635308,0.036973,0.000045,0.011393,0.143246,0.062358
AAATCCGATACACGCC-1,0.035927,0.117118,0.062152,0.457965,0.290939,0.031738,0.004162
AAATCGCGGAAGGAGT-1,0.339466,0.000102,0.013129,0.147624,0.306986,0.015047,0.177647
AAATCGTGTACCACAA-1,0.011241,0.110763,0.01498,0.026984,0.475743,0.057435,0.302854
AAATCTAGCCCTGCTA-1,0.000014,0.114922,0.004529,0.000903,0.655482,0.075099,0.14905
AAATCTGCCCGCGTCC-1,0.476606,0.000014,0.004776,0.516756,0.001804,0.000014,0.000029
AAATGACTGATCAAAC-1,0.014244,0.007995,0.349391,0.000025,0.000101,0.248876,0.379369
AAATGATTCGATCAGC-1,0.000022,0.087024,0.005592,0.002437,0.711415,0.001386,0.192124
AAATGCTCGTTACGTT-1,0.000039,0.100113,0.021126,0.000275,0.337318,0.000039,0.54109
AAATGGCCCGTGCCCT-1,0.18321,0.133419,0.000048,0.000048,0.377625,0.072903,0.232746
AAATGGTCAATGTGCC-1,0.008216,0.384033,0.017015,0.055296,0.522223,0.007694,0.005522
AAATGTATCTTATCCC-1,0.024741,0.070795,0.020646,0.081802,0.295303,0.046172,0.460541
AAATTAACGGGTAGCT-1,0.000031,0.351604,0.031863,0.000031,0.042882,0.09316,0.480429
AAATTAATAAGCGCGA-1,0.033355,0.270064,0.00941,0.007988,0.053105,0.051827,0.574251
AAATTACCTATCGATG-1,0.082139,0.505521,0.000095,0.000095,0.252387,0.158736,0.001028
AAATTCCAGGTCCAAA-1,0.00002,0.293742,0.01325,0.025858,0.336092,0.019593,0.311444
AAATTGATAGTCCTTT-1,0.276139,0.001603,0.000016,0.423769,0.280843,0.017599,0.000031
AAATTGGTGAGAAGCA-1,0.000019,0.429918,0.01597,0.033662,0.503408,0.000019,0.017004
AAATTTGCGGGTGTGG-1,0.000864,0.000013,0.00675,0.030504,0.858046,0.091652,0.012171
AACAACTGGTAGTTGC-1,0.000037,0.054018,0.000037,0.000037,0.000149,0.022892,0.92283
AACAATACATTGTCGA-1,0.028375,0.042568,0.011997,0.000029,0.252274,0.136761,0.527997
AACAATTACTCTACGC-1,0.073163,0.312646,0.023111,0.045588,0.285197,0.035477,0.224817
AACACACGCTCGCCGC-1,0.000033,0.465214,0.010942,0.005321,0.435088,0.008543,0.07486
AACACGAGACGCGGCC-1,0.08328,0.123519,0.008976,0.07857,0.412739,0.155759,0.137158
AACAGCTGTGTGGCAA-1,0.198674,0.16392,0.002843,0.000027,0.443325,0.062442,0.128768
AACAGGATGGGCCGCG-1,0.030029,0.012923,0.009331,0.137527,0.725946,0.053479,0.030764
AACAGGTAGTATGGAT-1,0.128753,0.043161,0.047244,0.002317,0.045561,0.282204,0.45076
AACATAGCGTGTATCG-1,0.190464,0.22698,0.235638,0.007335,0.168137,0.060686,0.11076
AACATATCAACTGGTG-1,0.000037,0.495333,0.014518,0.043236,0.287954,0.000037,0.158885
AACATCGATACGTCTA-1,0.000025,0.399466,0.027952,0.000042,0.498817,0.000052,0.073647
AACATTGAAGTTGATC-1,0.514608,0.108216,0.000054,0.000054,0.038789,0.000638,0.337642
AACATTGTGACTCGAG-1,0.040202,0.017138,0.010968,0.160938,0.29714,0.368135,0.105478
AACCAAGACTTCTCTG-1,0.046307,0.216604,0.028651,0.147999,0.555044,0.001137,0.004258
AACCATAGGGTTGAAC-1,0.6798,0.160807,0.00006,0.00006,0.00024,0.00006,0.158973
AACCATGGGATCGCTA-1,0.000023,0.073392,0.012422,0.000023,0.699143,0.000567,0.214431
AACCCAGAGACGGAGA-1,0.000012,0.000538,0.000012,0.000133,0.998162,0.000012,0.00113
AACCCATCCCATGATC-1,0.419077,0.05255,0.00008,0.00008,0.00032,0.00008,0.527813
AACCCGACAACCCGTG-1,0.020427,0.195903,0.103309,0.000026,0.062621,0.282915,0.3348
AACCCGAGCAGAATCG-1,0.010227,0.310324,0.177259,0.067727,0.108497,0.180176,0.14579
AACCCGATAGGGCTTC-1,0.063859,0.331553,0.044355,0.000069,0.000277,0.000069,0.559817
AACCCGCTGTATTCCA-1,0.049785,0.000027,0.551272,0.005046,0.000107,0.294132,0.099633
AACCCTACTGTCAATA-1,0.045156,0.193139,0.011318,0.13739,0.612945,0.000017,0.000035
AACCGAGCTTGGTCAT-1,0.012486,0.722043,0.000083,0.000083,0.000332,0.000083,0.264888
AACCGCTAAGGGATGC-1,0.18666,0.317303,0.000033,0.000033,0.402118,0.002498,0.091354
AACCTCGCTTTAGCCC-1,0.042639,0.506021,0.037704,0.000053,0.07377,0.142368,0.197444
AACCTGTCACGGAATT-1,0.000028,0.028383,0.010502,0.00566,0.272559,0.016707,0.66616
AACCTTTAAATACGGT-1,0.057517,0.090408,0.018978,0.083992,0.339047,0.336156,0.073901
AACGAAAGTCGTCCCA-1,0.473518,0.000067,0.000067,0.000067,0.000269,0.043308,0.482704
AACGACCTCCTAGCCG-1,0.019937,0.001998,0.238222,0.429299,0.051663,0.065423,0.193458
AACGATAATGCCGTAG-1,0.000027,0.148368,0.005932,0.001293,0.39811,0.246758,0.199513
AACGATAGAAGGGCCG-1,0.019404,0.776931,0.000062,0.000062,0.00025,0.000062,0.203228
AACGCATGATCTGGGT-1,0.000067,0.481453,0.000067,0.000067,0.000267,0.000067,0.518013
AACGCGAACGGCAACA-1,0.036923,0.769097,0.004604,0.041051,0.148225,0.000033,0.000067
AACGCGACCTTGGGCG-1,0.031843,0.237468,0.139283,0.068996,0.174746,0.226606,0.121057
AACGCGGTCTCCAGCC-1,0.009132,0.535818,0.000075,0.000075,0.111389,0.000075,0.343435
AACGCTGTTGCTGAAA-1,0.00004,0.276722,0.00004,0.00004,0.36532,0.038685,0.319155
AACGGACGTACGTATA-1,0.00006,0.380239,0.00006,0.00006,0.108269,0.017333,0.49398
AACGGCCATCTCCGGT-1,0.083832,0.080312,0.029325,0.090771,0.486178,0.122041,0.107541
AACGTACTGTGGGTAC-1,0.001981,0.033247,0.073291,0.171977,0.599901,0.057081,0.062521
AACGTCAGACTAGTGG-1,0.000033,0.172784,0.000033,0.000033,0.025239,0.004913,0.796964
AACGTCATCCGGCTTG-1,0.031738,0.093671,0.548942,0.000026,0.000104,0.286301,0.039218
AACGTCGCTGCACTTC-1,0.003999,0.125855,0.515081,0.081961,0.130832,0.12919,0.013081
AACGTGCGAAAGTCTC-1,0.000028,0.568502,0.048886,0.000028,0.269496,0.013625,0.099435
AACGTTATCAGCACCT-1,0.042161,0.063853,0.038382,0.056605,0.336254,0.065782,0.396963
AACGTTCTACCATTGT-1,0.048925,0.000014,0.311488,0.380251,0.126878,0.095806,0.036639
AACTACCCGTTTGTCA-1,0.013046,0.260857,0.026428,0.013303,0.440437,0.203415,0.042513
AACTAGGCTTGGGTGT-1,0.000042,0.006453,0.000042,0.000042,0.000169,0.167948,0.825304
AACTCAAGTTAATTGC-1,0.004476,0.115742,0.03307,0.013959,0.459919,0.070987,0.301847
AACTCCAGAGCGTGTT-1,0.000071,0.208804,0.010747,0.000071,0.037588,0.096229,0.646491
AACTCGATGGCGCAGT-1,0.000032,0.136633,0.000032,0.000032,0.670004,0.000032,0.193233
AACTCTCAATAGAGCG-1,0.039285,0.540754,0.000072,0.000072,0.020001,0.007486,0.392329
AACTCTCAGTGTGCTC-1,0.23657,0.080978,0.000025,0.000025,0.423144,0.021939,0.23732
AACTGAGGTCAGCGTC-1,0.123689,0.875885,0.000047,0.000047,0.000189,0.000047,0.000095
AACTGAGTTATACTGA-1,0.052041,0.040007,0.443973,0.129095,0.110704,0.031739,0.192441
AACTGGGTCCCGACGT-1,0.117992,0.770146,0.000063,0.000063,0.000252,0.000063,0.111421
AACTTCTGCGTCTATC-1,0.11012,0.188112,0.01307,0.001422,0.236507,0.025799,0.42497
AACTTGCCCGTATGCA-1,0.013662,0.229842,0.004048,0.117244,0.504422,0.079354,0.051427
AACTTGCGTTCTCGCG-1,0.000032,0.087087,0.016634,0.021999,0.56171,0.003288,0.309249
AACTTTACGGGAGCTT-1,0.056362,0.16514,0.000591,0.011098,0.40879,0.037729,0.320289
AACTTTCTCGATCATG-1,0.060679,0.155915,0.225387,0.01911,0.276847,0.011622,0.250441
AAGAAAGTTTGATGGG-1,0.984878,0.000049,0.014681,0.000049,0.000196,0.000049,0.000098
AAGAAATCACCAGATT-1,0.003468,0.008139,0.185806,0.155296,0.580566,0.009394,0.05733
AAGAAGGATCAGTTAG-1,0.000013,0.000013,0.000013,0.011617,0.988305,0.000013,0.000026
AAGACATACGTGGTTT-1,0.017414,0.050756,0.586889,0.170077,0.128775,0.017389,0.028701
AAGACCAAATAACTCA-1,0.615712,0.14071,0.003358,0.000036,0.002384,0.011903,0.225895
AAGACCCAACTGAACA-1,0.028143,0.072762,0.015149,0.119683,0.392084,0.332879,0.0393
AAGACTGCAAGCTACT-1,0.00002,0.324463,0.015447,0.007726,0.544791,0.013329,0.094224
AAGAGATGAATCGGTA-1,0.007691,0.143976,0.006441,0.139262,0.579216,0.003794,0.119621
AAGAGCTCTTTATCGG-1,0.057303,0.625412,0.000066,0.000066,0.218097,0.000066,0.098988
AAGAGGATGTACGCGA-1,0.012155,0.055391,0.022975,0.054578,0.491191,0.012662,0.351048
AAGAGGCATGGATCGC-1,0.034334,0.698848,0.017851,0.000067,0.000269,0.000067,0.248564
AAGAGGCCCTTTGGAA-1,0.081722,0.007628,0.001242,0.084388,0.662824,0.162165,0.000032
AAGATGGCACCGGACC-1,0.105315,0.134197,0.010748,0.001849,0.465576,0.200457,0.081857
AAGCACCCTGCGTATC-1,0.000025,0.020072,0.00371,0.011038,0.526039,0.234705,0.20441
AAGCATACTCTCCTGA-1,0.00152,0.048969,0.032252,0.038784,0.279425,0.487532,0.111517
AAGCCACTTGCAGGTA-1,0.283674,0.000035,0.474724,0.035528,0.000141,0.068824,0.137073
AAGCCGAAGCGGTTTA-1,0.000032,0.125855,0.008267,0.000032,0.190142,0.190563,0.48511
AAGCCGCCGTGAAATC-1,0.450574,0.012726,0.000026,0.01267,0.448005,0.05576,0.020238
AAGCCGCTTTACCTTG-1,0.000028,0.187846,0.319185,0.005665,0.035792,0.006897,0.444586
AAGCCGGAGAGCAGGA-1,0.037592,0.007092,0.102158,0.338559,0.24391,0.153793,0.116896
AAGCGCAGGGCTTTGA-1,0.045556,0.018643,0.091385,0.031516,0.631513,0.146316,0.035072
AAGCGGAGTGCGCGCA-1,0.000026,0.392663,0.225334,0.007833,0.308236,0.000026,0.065883
AAGCGTCCCTCATCGA-1,0.118169,0.013305,0.001887,0.037491,0.467273,0.314223,0.047651
AAGCTAGATCGAGTAA-1,0.000036,0.056906,0.007342,0.007376,0.472838,0.36095,0.094552
AAGCTATGGATTGACC-1,0.674741,0.195357,0.059435,0.070186,0.000161,0.00004,0.00008
AAGCTCGTGCCAAGTC-1,0.000047,0.239234,0.000047,0.000047,0.333013,0.001019,0.426594
AAGCTCTTTCATGGTG-1,0.104868,0.443754,0.000066,0.000066,0.011615,0.019603,0.420028
AAGGAGCGGTTGGTGC-1,0.000037,0.026812,0.000037,0.000037,0.169415,0.183496,0.620165
AAGGATCGATCGCTTG-1,0.087866,0.220309,0.034994,0.102282,0.416036,0.132343,0.00617
AAGGCAGGCTGTCTCC-1,0.032435,0.000301,0.086966,0.249852,0.341833,0.076197,0.212416
AAGGCGCGTAAAGCTT-1,0.000027,0.046374,0.008281,0.000027,0.042584,0.018466,0.884241
AAGGCTGTGCTCATCG-1,0.074992,0.110761,0.007888,0.02743,0.399971,0.073483,0.305475
AAGGGAACGACTGGCT-1,0.753968,0.238286,0.000032,0.000032,0.00537,0.000032,0.00228
AAGGGACAGATTCTGT-1,0.000125,0.135181,0.000125,0.000125,0.644322,0.000125,0.219997
AAGGGACTATGCATTC-1,0.589263,0.312906,0.000043,0.000043,0.000291,0.000043,0.097411
AAGGGTTAGCCATGCG-1,0.171569,0.028979,0.461286,0.139014,0.079807,0.035197,0.084148
AAGGGTTTGATTTCAG-1,0.612653,0.000022,0.155491,0.212988,0.018778,0.000022,0.000045
AAGGTGATAAACCAGC-1,0.069851,0.583571,0.005878,0.000071,0.010675,0.193326,0.136627
AAGTAGAAGACCGGGT-1,0.011829,0.051861,0.001817,0.04056,0.861002,0.004527,0.028403
AAGTAGTGACGCGAGG-1,0.039577,0.07253,0.000014,0.419023,0.439404,0.029426,0.000027
AAGTCAATTGTCGTCA-1,0.000036,0.036394,0.050856,0.027963,0.323813,0.122017,0.438921
AAGTCTAGTAGCTGCC-1,0.038575,0.030464,0.184484,0.169103,0.374778,0.009725,0.19287
AAGTCTTCTGTGGCCT-1,0.140358,0.000025,0.024465,0.104645,0.467911,0.023841,0.238753
AAGTGACGACCGAATT-1,0.015246,0.077064,0.032869,0.031894,0.659799,0.051022,0.132106
AAGTGAGTCGGGTTTA-1,0.275418,0.26704,0.000032,0.000032,0.03385,0.067912,0.355717
AAGTGCAAAGGTAGAC-1,0.007165,0.075426,0.042654,0.14671,0.588279,0.01248,0.127285
AAGTGCCTTGACTGTA-1,0.040721,0.142397,0.052781,0.004224,0.233111,0.137034,0.389732
AAGTGCGTTAGAATCT-1,0.037223,0.044585,0.000029,0.000029,0.450781,0.163924,0.303431
AAGTGCTTCTCTATTG-1,0.128699,0.046914,0.230564,0.021262,0.202021,0.298035,0.072506
AAGTGTTTGGAGACGG-1,0.010671,0.252435,0.000055,0.000055,0.172243,0.015788,0.548751
AAGTTCACTCCAAGCT-1,0.037883,0.255464,0.019292,0.060275,0.559272,0.037113,0.030701
AAGTTCAGTCTGCGTA-1,0.000059,0.946337,0.000059,0.000059,0.000236,0.000059,0.05319
AAGTTCGGCCAACAGG-1,0.000046,0.011576,0.015002,0.055196,0.610728,0.025258,0.282193
AAGTTGTGATGTTATA-1,0.00002,0.078713,0.302219,0.063674,0.179371,0.129461,0.246542
AAGTTTATGGGCCCAA-1,0.003354,0.066257,0.176251,0.047681,0.298518,0.208874,0.199066
AATAACAACGCTCGGC-1,0.064509,0.0358,0.01518,0.017715,0.434514,0.0348,0.397482
AATAACACTAGAACAA-1,0.122212,0.029082,0.049158,0.063823,0.44797,0.178641,0.109115
AATAACGTCGCGCCCA-1,0.030037,0.048259,0.246971,0.497092,0.090385,0.01847,0.068785
AATAATCTTCGTATCG-1,0.031704,0.360199,0.31568,0.089917,0.098101,0.042368,0.062031
AATACAATGTTTCAGG-1,0.000032,0.315936,0.017718,0.000032,0.08156,0.00245,0.582271
AATACCGGAGGGCTGT-1,0.077246,0.095054,0.119898,0.008342,0.313707,0.285734,0.100019
AATACCTGATGTGAAC-1,0.003649,0.014364,0.35135,0.082735,0.232632,0.048895,0.266376
AATAGAACAGAGTGGC-1,0.011659,0.131106,0.010478,0.02808,0.078002,0.120495,0.62018
AATAGAATCTGTTTCA-1,0.07764,0.210576,0.048403,0.009422,0.31772,0.132529,0.203709
AATAGCAAGCCTCCTG-1,0.06162,0.337886,0.000316,0.01064,0.296912,0.291994,0.000631
AATAGCTACCGCGTGC-1,0.000027,0.021434,0.018928,0.003705,0.567084,0.000027,0.388796
AATAGGCACGACCCTT-1,0.147493,0.000025,0.521048,0.14059,0.003512,0.185775,0.001556
AATAGTCCGTCCCGAC-1,0.000031,0.2301,0.00259,0.000031,0.027508,0.087839,0.651902
AATAGTCGCGAGTCGG-1,0.001202,0.574609,0.013685,0.069906,0.225253,0.001127,0.114217
AATATCAAGGTCGGAT-1,0.05108,0.393502,0.00016,0.00016,0.314773,0.054456,0.185869
AATATCCTAGCAAACT-1,0.090594,0.000054,0.000054,0.000054,0.233576,0.000054,0.675613
AATATCGAATCAATGC-1,0.000029,0.07464,0.012776,0.045923,0.44044,0.157329,0.268864
AATATCGAGGGTTCTC-1,0.000055,0.219945,0.000055,0.000055,0.407037,0.000055,0.372798
AATATTGGAGTATTGA-1,0.248316,0.098914,0.00003,0.00003,0.514021,0.000597,0.138092
AATCAGGTTTCATTTA-1,0.419895,0.371933,0.036809,0.014178,0.080488,0.076638,0.000058
AATCATGTAAAGACTC-1,0.000026,0.117033,0.006761,0.000026,0.573292,0.019841,0.283022
AATCCAAGGGCCTGAG-1,0.03252,0.633936,0.000057,0.000057,0.281678,0.000057,0.051696
AATCCATGCAAGGGTG-1,0.131417,0.598498,0.004608,0.000055,0.000222,0.000055,0.265145
AATCCCGCTCAGAGCC-1,0.423922,0.070613,0.358433,0.039012,0.024444,0.083535,0.000042
AATCGAGGTCTCAAGG-1,0.008316,0.367926,0.455679,0.015637,0.010091,0.063926,0.078424
AATCGCCTCAGCGCCA-1,0.000093,0.463405,0.000093,0.000093,0.051004,0.005776,0.479536
AATCGCGCAGAGGACT-1,0.000023,0.067698,0.050953,0.033416,0.333184,0.104697,0.41003
AATCGGTATAGCCCTC-1,0.024517,0.134423,0.560332,0.129874,0.096526,0.03538,0.018948
AATCGTGAGCCGAGCA-1,0.07961,0.563832,0.113138,0.011767,0.058707,0.056474,0.116472
AATCTAGGTTTACTTG-1,0.494075,0.447036,0.000045,0.000045,0.058662,0.000045,0.00009
AATCTATGCCGGAGCC-1,0.000036,0.391257,0.128713,0.000036,0.181146,0.029999,0.268813
AATCTCTACTGTGGTT-1,0.028952,0.194388,0.093057,0.088797,0.368804,0.013413,0.212589
AATCTGCGTTGGGACG-1,0.292055,0.468345,0.000091,0.000091,0.093566,0.000091,0.145759
AATCTGGCTTTCTAGT-1,0.454834,0.242077,0.000044,0.000044,0.210228,0.034107,0.058666
AATGACAGCAATGTCT-1,0.558908,0.171062,0.000026,0.000026,0.184341,0.000026,0.085611
AATGACGTAGGATGTC-1,0.000052,0.21583,0.001583,0.000052,0.193462,0.028886,0.560135
AATGACTGTCAGCCGG-1,0.000021,0.002533,0.002167,0.003569,0.771022,0.098894,0.121795
AATGAGTTCGCATATG-1,0.000016,0.010863,0.000197,0.025852,0.961124,0.000016,0.001933
AATGATGCGACTCCTG-1,0.000063,0.591284,0.070433,0.000063,0.014432,0.000063,0.323663
AATGCAACCGGGTACC-1,0.000015,0.057557,0.000015,0.018955,0.92218,0.001248,0.00003
AATGGCCGCCAATGCG-1,0.141786,0.478699,0.090625,0.000084,0.000336,0.000084,0.288386
AATGGTCCACCGTTCA-1,0.047344,0.045012,0.000012,0.438325,0.455328,0.000012,0.013967
AATGGTTCTCACAAGC-1,0.000032,0.059485,0.023604,0.001681,0.462295,0.006498,0.446405
AATGTATGGCACTGTA-1,0.751553,0.000051,0.008607,0.000051,0.000203,0.006213,0.233323
AATGTGCCCGAGGTGT-1,0.228108,0.000046,0.000046,0.003499,0.354019,0.124283,0.289998
AATGTGCTAATCTGAG-1,0.187861,0.184608,0.024153,0.022844,0.433011,0.011978,0.135546
AATGTTAAGACCCTGA-1,0.017852,0.528512,0.378326,0.000032,0.000129,0.028487,0.046661
AATGTTGTCGTGAGAC-1,0.063566,0.002707,0.298768,0.132747,0.261038,0.177152,0.064022
AATTAAAGGTCGGCGT-1,0.000019,0.142548,0.004122,0.07209,0.49668,0.017664,0.266878
AATTAACGGATTTCCA-1,0.000035,0.175963,0.000131,0.000035,0.015733,0.336778,0.471324
AATTACGAGACCCATC-1,0.621893,0.000061,0.000061,0.000061,0.000246,0.000061,0.377615
AATTACTCGTACGCTC-1,0.050399,0.3359,0.039696,0.090408,0.446761,0.000042,0.036793
AATTAGCGCTGCAGCG-1,0.00003,0.104678,0.025033,0.002652,0.436707,0.215116,0.215785
AATTATACCCAGCAAG-1,0.0696,0.138061,0.322873,0.083341,0.227842,0.092368,0.065916
AATTCATTGTCATGCA-1,0.722365,0.275964,0.001248,0.000053,0.000211,0.000053,0.000106
AATTCCAAGCATGTAC-1,0.000032,0.076111,0.040775,0.000032,0.071729,0.345251,0.466071
AATTCGATTCGAGGAT-1,0.013138,0.126966,0.124767,0.008997,0.243696,0.274331,0.208106
AATTCTAGAGTTAGGC-1,0.086608,0.145755,0.004889,0.000041,0.243169,0.151759,0.36778
AATTGAACGCTCTGGT-1,0.183073,0.469684,0.000075,0.000075,0.000298,0.046892,0.299904
AATTGCAGCAATCGAC-1,0.000024,0.102047,0.201299,0.037334,0.279751,0.091014,0.288532
AATTGCGTGGATTACA-1,0.706493,0.000066,0.120727,0.000066,0.000264,0.000066,0.172317
AATTGTGGTTGCCAAA-1,0.000525,0.007183,0.715836,0.037246,0.012839,0.045286,0.181085
ACAAACCATGCGTCCT-1,0.542485,0.454767,0.000034,0.000034,0.00241,0.000034,0.000236
ACAAACTCCATCAGAG-1,0.191219,0.000027,0.376049,0.00331,0.000106,0.385886,0.043403
ACAAAGAAGGTAGGCC-1,0.335657,0.21601,0.000023,0.000023,0.391559,0.000023,0.056705
ACAAAGCATGACCTAG-1,0.007532,0.135133,0.234262,0.021414,0.433508,0.038825,0.129326
ACAAATCGCACCGAAT-1,0.000053,0.539427,0.000053,0.000053,0.127194,0.000637,0.332584
ACAAATGGTAGTGTTT-1,0.04274,0.49678,0.050112,0.011568,0.227104,0.006007,0.165689
ACAACAGCATGAGCTA-1,0.000038,0.583591,0.005115,0.000038,0.257873,0.015781,0.137563
ACAACGGTCCCTGCGA-1,0.001052,0.116614,0.004238,0.2376,0.636741,0.000011,0.003744
ACAAGCAGTGCCTAGC-1,0.072298,0.173344,0.042241,0.096146,0.596088,0.014674,0.005209
ACAAGCTATATGGAAG-1,0.041851,0.000025,0.000025,0.000025,0.427782,0.014508,0.515783
ACAAGGAAATCCGCCC-1,0.000018,0.000019,0.001514,0.005774,0.966022,0.016942,0.009711
ACAAGGACAAGAGGTT-1,0.000011,0.161663,0.006426,0.132511,0.681337,0.008483,0.009568
ACAAGGATGCTTTAGG-1,0.207659,0.028011,0.266294,0.066293,0.419617,0.000075,0.012051
ACAAGGGCAGGCTCTG-1,0.000039,0.222079,0.001313,0.000039,0.259458,0.059921,0.457152
ACAAGTAATTGTAAGG-1,0.763822,0.001201,0.231469,0.003237,0.000155,0.000039,0.000077
ACAATAGTCGTACGTT-1,0.003703,0.026761,0.002839,0.06914,0.788632,0.061229,0.047696
ACAATCCATTTAAACC-1,0.024155,0.029117,0.002535,0.231538,0.654419,0.024892,0.033343
ACAATGAATACGGAGA-1,0.124608,0.01374,0.000037,0.000037,0.256639,0.1443,0.460641
ACAATGATTCTTCTAC-1,0.108361,0.890987,0.000072,0.000072,0.00029,0.000072,0.000145
ACAATTGTGTCTCTTT-1,0.011837,0.064487,0.039832,0.00867,0.810952,0.048488,0.015734
ACAATTTAGGAGGCTC-1,0.186816,0.149233,0.071027,0.045059,0.317123,0.220245,0.010497
ACAATTTGAGCAGTGG-1,0.072463,0.292744,0.000091,0.000091,0.354384,0.024951,0.255276
ACAATTTGGCCATATT-1,0.01937,0.025734,0.110778,0.497683,0.197489,0.025713,0.123233
ACACAAAGACGGGTGG-1,0.000021,0.171208,0.018832,0.000021,0.549245,0.045874,0.214798
ACACAAATATTCCTAG-1,0.000026,0.111387,0.207632,0.061309,0.248888,0.001848,0.36891
ACACACCAGGACCAGT-1,0.140491,0.267419,0.008185,0.000099,0.280984,0.00231,0.300512
ACACATGATCAAATCT-1,0.616362,0.066609,0.000037,0.011669,0.305211,0.000037,0.000074
ACACATTGACGCAACA-1,0.047631,0.950238,0.000068,0.000068,0.00027,0.000068,0.001657
ACACATTTCCGTAGAC-1,0.009278,0.105064,0.481328,0.022213,0.021913,0.331132,0.029071
ACACCACATAATTAGC-1,0.000019,0.146249,0.00351,0.000019,0.575771,0.050676,0.223756
ACACCCAGCATGCAGC-1,0.021769,0.115701,0.013627,0.230703,0.393444,0.019459,0.205297
ACACCCGAGAAATCCG-1,0.000025,0.677636,0.00055,0.010807,0.237762,0.002391,0.070828
ACACCCGTAAATCTGT-1,0.25336,0.409856,0.219738,0.012167,0.00022,0.009233,0.095426
ACACCGAGCGCTCTTT-1,0.000041,0.044194,0.001098,0.000041,0.097939,0.000041,0.856645
ACACCGGTCTGACCGC-1,0.885212,0.000063,0.000063,0.000063,0.000253,0.000063,0.114281
ACACCTTAAGTAGGGC-1,0.008035,0.110577,0.006255,0.000028,0.115542,0.171748,0.587816
ACACCTTACTACTTGC-1,0.000026,0.376342,0.013968,0.000026,0.10667,0.168717,0.33425
ACACGAGACTCCTTCT-1,0.017511,0.029693,0.034586,0.047895,0.543982,0.004734,0.321598
ACACGGGAACTTAGGG-1,0.000083,0.49022,0.000083,0.000083,0.000334,0.000083,0.509112
ACACGTAGGCCACAAG-1,0.000023,0.25989,0.194979,0.038338,0.247978,0.170733,0.088059
ACACTCCAATGTCACT-1,0.000032,0.123866,0.06716,0.000032,0.365223,0.000643,0.443044
ACACTGATCAAGGTGT-1,0.011618,0.1027,0.019532,0.00164,0.244762,0.096127,0.52362
ACACTGGGACAGTCGT-1,0.004141,0.001081,0.138978,0.182562,0.299065,0.160415,0.213758
ACAGAACTGAGAACAA-1,0.15522,0.146421,0.000038,0.000038,0.244464,0.084348,0.369471
ACAGCGACATTCTCAT-1,0.021188,0.034966,0.075707,0.008448,0.493631,0.265122,0.100938
ACAGGCACGGATCCTT-1,0.008757,0.000018,0.261398,0.054465,0.646216,0.021083,0.008063
ACAGGCTTGCCCGACT-1,0.165109,0.042745,0.111723,0.249145,0.347376,0.029302,0.054599
ACAGGTGGAGGTGAGG-1,0.033374,0.095666,0.004626,0.006633,0.342345,0.21994,0.297417
ACAGGTGTGTTGTTGC-1,0.136493,0.237113,0.008528,0.000029,0.221052,0.000029,0.396756
ACAGTAATACAACTTG-1,0.142761,0.182654,0.000037,0.000037,0.164287,0.008311,0.501912
ACAGTATACCGTGGGA-1,0.000019,0.062184,0.098843,0.040315,0.697173,0.012525,0.088942
ACATAAGTCGTGGTGA-1,0.447419,0.010987,0.039535,0.124231,0.3437,0.034053,0.000075
ACATAATAAGGCGGTG-1,0.057594,0.661832,0.015957,0.053496,0.098594,0.027794,0.084734
ACATACAATCAAGCGG-1,0.042667,0.013658,0.372202,0.072549,0.348509,0.019202,0.131214
ACATCAGCTGGGACGC-1,0.070074,0.122269,0.015229,0.009655,0.149928,0.036515,0.59633
ACATCCCGGCCATACG-1,0.059304,0.138371,0.00087,0.000029,0.176367,0.196853,0.428206
ACATCCTGGTAACTGT-1,0.003769,0.13632,0.036199,0.012978,0.726316,0.01443,0.069987
ACATCGATCGTTTACC-1,0.000032,0.007323,0.000032,0.000364,0.532634,0.307315,0.1523
ACATCGCAATATTCGG-1,0.643457,0.000043,0.147295,0.172213,0.000173,0.036733,0.000086
ACATCGGTCAGCCGCG-1,0.000019,0.170081,0.005603,0.012505,0.618228,0.006367,0.187198
ACATCGTATGCAATGG-1,0.000081,0.445335,0.000081,0.000081,0.000322,0.000081,0.55402
ACATGCTTACGGCAGC-1,0.99954,0.000046,0.000046,0.000046,0.000184,0.000046,0.000092
ACATGGCGCCAAAGTA-1,0.000025,0.136199,0.016248,0.000025,0.373017,0.101173,0.373313
ACATGGCTCAATTTAG-1,0.000095,0.698583,0.000095,0.000095,0.107857,0.000095,0.193179
ACATTAGTTTATATCC-1,0.034127,0.26232,0.044135,0.043827,0.157648,0.400388,0.057556
ACATTCGCGCGGAATA-1,0.622227,0.089049,0.21868,0.00004,0.00016,0.00004,0.069804
ACATTTGAAACCTAAC-1,0.056817,0.069454,0.2871,0.236124,0.332566,0.004878,0.013063
ACCAAACACCCAGCGA-1,0.000021,0.027429,0.003495,0.000271,0.657535,0.004241,0.307007
ACCAACACCACACACT-1,0.000031,0.214345,0.02292,0.000031,0.407713,0.007869,0.34709
ACCAACCGCACTCCAC-1,0.004417,0.141729,0.146043,0.042054,0.493678,0.085859,0.08622
ACCAACGCTTATTTAT-1,0.001368,0.141799,0.042315,0.010793,0.250035,0.262759,0.290931
ACCAAGAACGCGTGTC-1,0.000029,0.170074,0.003283,0.008258,0.630684,0.016535,0.171136
ACCAAGTCATCGGCAG-1,0.000019,0.12352,0.351966,0.060144,0.158345,0.247794,0.058212
ACCAATATGCAAGTTA-1,0.000052,0.12683,0.000052,0.000052,0.090143,0.042463,0.740407
ACCACAAGTTTCTATC-1,0.056677,0.050967,0.057321,0.040115,0.397516,0.132947,0.264458
ACCACACGGTTGATGG-1,0.000045,0.189443,0.259928,0.000045,0.000178,0.173624,0.376737
ACCACCAATGTAACAA-1,0.027801,0.496546,0.072425,0.004319,0.017672,0.274901,0.106336
ACCACCCTCTCTTCTA-1,0.000017,0.002799,0.057393,0.073853,0.688769,0.013077,0.164092
ACCACGTGCAGCTATA-1,0.011381,0.057546,0.000024,0.117827,0.780214,0.032976,0.000033
ACCACTGTTCAAGAAG-1,0.012203,0.201872,0.000073,0.000073,0.291442,0.000073,0.494262
ACCAGACCATAACAAC-1,0.077217,0.000016,0.003146,0.124643,0.496689,0.062481,0.235808
ACCAGTGCGGGAGACG-1,0.000059,0.24135,0.000059,0.000059,0.126155,0.00509,0.627226
ACCATATCCGCAATAA-1,0.025572,0.195206,0.021313,0.07199,0.249307,0.278508,0.158104
ACCATCCGCCAACTAG-1,0.117852,0.01677,0.008455,0.047599,0.672631,0.082081,0.054612
ACCATCGTATATGGTA-1,0.000025,0.032982,0.00075,0.030035,0.520998,0.041354,0.373856
ACCATTAAGGGTGTCA-1,0.000037,0.043874,0.000268,0.000037,0.652323,0.000037,0.303424
ACCCAACGCCCGTGGC-1,0.127434,0.046536,0.019707,0.000082,0.336682,0.167729,0.30183
ACCCACCTACATGCTC-1,0.04786,0.000698,0.018242,0.143056,0.489553,0.049984,0.250607
ACCCATCTTGAGGGTA-1,0.085716,0.046155,0.023035,0.02214,0.496903,0.02194,0.304111
ACCCATTTGTCCCTCT-1,0.029739,0.119976,0.240363,0.099129,0.35619,0.127691,0.026913
ACCCGAGCGAAATTAC-1,0.389162,0.006617,0.000041,0.000041,0.15857,0.071967,0.373602
ACCCGATTGGTTCCGA-1,0.211047,0.011574,0.065597,0.298935,0.101165,0.311616,0.000066
ACCCGGAAACTCCCAG-1,0.017881,0.328571,0.046012,0.062961,0.091353,0.453167,0.000055
ACCCGGAGCACCACAA-1,0.143331,0.000011,0.031725,0.77717,0.009439,0.038301,0.000023
ACCCGGATGACGCATC-1,0.00003,0.113909,0.00003,0.00003,0.43014,0.00003,0.455831
ACCCGGTTACACTTCC-1,0.000017,0.04178,0.001911,0.118215,0.777652,0.016053,0.044372
ACCCGTAGCAGAGAAT-1,0.999641,0.000036,0.000036,0.000036,0.000144,0.000036,0.000072
ACCCGTAGTCTAGTTG-1,0.081305,0.201406,0.280876,0.332992,0.09389,0.008415,0.001116
ACCCGTGTCATCAGTA-1,0.024687,0.185066,0.046573,0.047522,0.538377,0.112418,0.045358
ACCCTATAGGACTGAG-1,0.000014,0.073305,0.000014,0.008762,0.917865,0.000014,0.000027
ACCCTATGCCATATCG-1,0.062436,0.000037,0.000037,0.000037,0.417273,0.142623,0.377559
ACCCTCCCGTCAGGGC-1,0.00407,0.000482,0.251761,0.099045,0.597569,0.038873,0.008201
ACCCTCCCTTGCTATT-1,0.058621,0.326583,0.089314,0.000089,0.000356,0.024652,0.500386
ACCCTGGTAACGCCCT-1,0.000034,0.060959,0.174379,0.011327,0.252815,0.092046,0.40844
ACCCTTGCCTGGGTCG-1,0.000024,0.044377,0.27177,0.070261,0.354674,0.001467,0.257428
ACCGAAGAGTCTGGTT-1,0.475951,0.000061,0.000213,0.008815,0.200608,0.149234,0.165118
ACCGACACATCTCCCA-1,0.000025,0.230958,0.048747,0.000042,0.196093,0.305676,0.218459
ACCGACTGAGTCCCAC-1,0.000025,0.144733,0.000025,0.011861,0.766445,0.000025,0.076886
ACCGAGTCTCCTTATT-1,0.06025,0.167428,0.278951,0.000037,0.000146,0.021893,0.471295
ACCGATAGGCATAACC-1,0.101113,0.050791,0.045657,0.566694,0.204639,0.030829,0.000277
ACCGATATTTAATCAT-1,0.015101,0.000023,0.287632,0.270728,0.057086,0.103104,0.266327
ACCGATGGTAGCATCG-1,0.034817,0.440557,0.000064,0.000064,0.398854,0.065131,0.060513
ACCGCAATAACTGCCT-1,0.000042,0.628285,0.006706,0.022462,0.120927,0.060535,0.161042
ACCGCGGTGGAAGTCG-1,0.011531,0.182933,0.040004,0.016743,0.490485,0.164642,0.093662
ACCGCTAGTCATTGGT-1,0.22424,0.000024,0.408372,0.322571,0.011773,0.032972,0.000049
ACCGGGCCTTTGTTGA-1,0.000029,0.102706,0.038312,0.012816,0.600438,0.152135,0.093565
ACCGGTCAGGTACACC-1,0.803152,0.097089,0.000044,0.000044,0.000507,0.000044,0.099122
ACCGTCCACTGGGCCC-1,0.878032,0.000028,0.039514,0.052846,0.025438,0.004085,0.000057
ACCGTGACCACGTGGG-1,0.063694,0.000046,0.000146,0.002173,0.626059,0.181432,0.126449
ACCTAAGTACCTTTCA-1,0.153374,0.003559,0.001351,0.000027,0.544907,0.147558,0.149223
ACCTAATCGACTTCCT-1,0.045559,0.344806,0.020447,0.075948,0.488002,0.000015,0.025224
ACCTACAGTATGTGGT-1,0.000028,0.563489,0.013254,0.000028,0.066342,0.029978,0.326881
ACCTACTATAAATCTA-1,0.067595,0.182375,0.158799,0.000794,0.000109,0.391657,0.198671
ACCTCAGCGAGGCGCA-1,0.000019,0.083509,0.286574,0.186567,0.373327,0.050135,0.01987
ACCTCCGCCCTCGCTG-1,0.000027,0.203642,0.21339,0.084262,0.274966,0.19869,0.025022
ACCTCCGTTATTCACC-1,0.039138,0.313581,0.107538,0.05079,0.283759,0.125579,0.079615
ACCTCGAACTTATGCT-1,0.811425,0.115385,0.012536,0.000032,0.023388,0.0006,0.036634
ACCTGCGTGTCATGTT-1,0.114933,0.039903,0.000788,0.042359,0.779154,0.019297,0.003567
ACGAAATGGGCGGCAC-1,0.122823,0.191854,0.021185,0.031338,0.422032,0.014099,0.196669
ACGACCCATGAGTTGC-1,0.069136,0.280339,0.379822,0.073355,0.099655,0.041319,0.056374
ACGACTCTAGGGCCGA-1,0.048955,0.204138,0.305538,0.082505,0.169845,0.020091,0.168928
ACGACTGGTCATACTC-1,0.179059,0.040157,0.016322,0.011636,0.480368,0.164089,0.108368
ACGAGAACCCATCACG-1,0.462438,0.379137,0.000056,0.000056,0.158143,0.000056,0.000113
ACGAGGATACCACTCT-1,0.298186,0.398221,0.004462,0.00005,0.013964,0.185047,0.10007
ACGAGGTTTACAACGT-1,0.70424,0.062412,0.000056,0.000056,0.052096,0.000056,0.181084
ACGAGTACGGATGCCC-1,0.011559,0.096667,0.038014,0.022583,0.831116,0.00002,0.000041
ACGATACCTATCCTGA-1,0.050007,0.000015,0.000273,0.363847,0.528706,0.023238,0.033914
ACGATCATACATAGAG-1,0.003321,0.017098,0.000028,0.004348,0.869328,0.003096,0.102781
ACGATCATCTTGTAAA-1,0.000029,0.137619,0.000029,0.000029,0.563671,0.000029,0.298593
ACGATGCATATGTTAT-1,0.000022,0.05927,0.000058,0.016966,0.548837,0.016761,0.358087
ACGCAAACTAATAGAT-1,0.073597,0.254233,0.022441,0.004859,0.285631,0.257238,0.102001
ACGCAATCACTACAGC-1,0.000044,0.060182,0.012366,0.000044,0.41869,0.019472,0.489202
ACGCATACGTTTACTA-1,0.080465,0.174727,0.049977,0.056061,0.501029,0.099943,0.037798
ACGCATTCGTGAGTAC-1,0.01316,0.161565,0.00002,0.011279,0.811699,0.00002,0.002257
ACGCCACTCGAAACAG-1,0.013221,0.073308,0.393626,0.01665,0.103147,0.221443,0.178605
ACGCCAGTGCGTTTGC-1,0.022072,0.006709,0.234241,0.291312,0.397914,0.047244,0.000508
ACGCCGCTAGACGACC-1,0.051372,0.059685,0.007151,0.02116,0.82046,0.019081,0.021091
ACGCGAAGTCAGACGA-1,0.04885,0.004821,0.001955,0.024508,0.380014,0.279904,0.259948
ACGCGCTACACAGGGT-1,0.051103,0.209926,0.046666,0.051233,0.471898,0.079395,0.089779
ACGCGGGCCAAGGACA-1,0.000027,0.094944,0.000027,0.000756,0.315526,0.06656,0.522162
ACGCGTTTCTTAAGAG-1,0.123866,0.180325,0.011485,0.029958,0.572289,0.00841,0.073666
ACGCTACTGAATGGGC-1,0.02657,0.000018,0.262184,0.365531,0.032781,0.162027,0.150888
ACGCTAGTATCAGTGC-1,0.167652,0.271195,0.082408,0.242569,0.235654,0.000174,0.000348
ACGCTAGTGATACACT-1,0.000065,0.268506,0.000065,0.000065,0.036101,0.007775,0.687421
ACGCTGTGAGGCGTAG-1,0.053331,0.162746,0.025925,0.00353,0.366753,0.00131,0.386406
ACGGAACACGAGTGCC-1,0.00002,0.206809,0.463569,0.151113,0.076925,0.080271,0.021294
ACGGAATTTAGCAAAT-1,0.000027,0.024363,0.030175,0.048044,0.745823,0.005575,0.145993
ACGGACGCAGCGACAA-1,0.99964,0.000036,0.000036,0.000036,0.000144,0.000036,0.000072
ACGGACTCTCAAAGCG-1,0.000024,0.015389,0.030639,0.000024,0.477709,0.225342,0.250873
ACGGAGCGCAAATTAC-1,0.000034,0.361481,0.028052,0.000034,0.4329,0.001278,0.17622
ACGGATGGTGCGGATA-1,0.000045,0.914095,0.007061,0.000045,0.000179,0.045972,0.032604
ACGGCACTTGCTTGGG-1,0.022299,0.209128,0.013278,0.000034,0.043035,0.451633,0.260592
ACGGCCAACATGGACT-1,0.031238,0.239319,0.020589,0.026898,0.206264,0.159268,0.316425
ACGGCGACGATGGGAA-1,0.000033,0.58803,0.011896,0.012389,0.299352,0.053356,0.034944
ACGGCTGGATGTAGAA-1,0.558508,0.178022,0.004739,0.000053,0.042934,0.200147,0.015598
ACGGGAGTGTCGGCCC-1,0.209798,0.000024,0.000024,0.030312,0.55453,0.135055,0.070258
ACGGGCGTATGCGACA-1,0.000014,0.130386,0.001943,0.091062,0.770464,0.006093,0.000038
ACGGGTCATGTGACTT-1,0.000031,0.412593,0.000031,0.000031,0.107142,0.000031,0.480143
ACGGGTTGTGACCTGT-1,0.959672,0.000026,0.008401,0.031722,0.000102,0.000026,0.000051
ACGGTACAGTTCAATG-1,0.000264,0.005695,0.29808,0.079087,0.456657,0.121922,0.038295
ACGGTCACCGAGAACA-1,0.99966,0.000034,0.000034,0.000034,0.000136,0.000034,0.000068
ACGTACTTTGGCACGG-1,0.280871,0.000058,0.000058,0.000058,0.000233,0.000058,0.718662
ACGTAGATTGCTGATG-1,0.00382,0.284542,0.001581,0.063951,0.646043,0.000021,0.000041
ACGTAGGAGAGTCGCT-1,0.030854,0.087084,0.377719,0.069271,0.2942,0.129845,0.011027
ACGTATTACTCCGATC-1,0.000038,0.031027,0.08805,0.004751,0.730278,0.063376,0.082481
ACGTCGGGCAACTCGG-1,0.969882,0.00003,0.007818,0.00003,0.000121,0.00003,0.02209
ACGTCTCGTTCCGGGA-1,0.07509,0.0979,0.000022,0.000022,0.515312,0.004057,0.307596
ACGTGACAAAGTAAGT-1,0.522058,0.138909,0.000075,0.000075,0.000301,0.003424,0.335158
ACGTGCGCCTCGTGCA-1,0.173457,0.542721,0.000134,0.000134,0.013569,0.000134,0.269851
ACGTTAATGTCGAAGA-1,0.000041,0.095168,0.000041,0.000041,0.492133,0.121889,0.290686
ACGTTAGATTTGCCCG-1,0.002475,0.343125,0.020382,0.000028,0.367499,0.023254,0.243237
ACGTTATTGGTCACTC-1,0.010246,0.364214,0.021272,0.003564,0.247892,0.013586,0.339226
ACGTTCACTATGCCGC-1,0.2559,0.00002,0.465247,0.106929,0.019762,0.151917,0.000225
ACGTTCGCAATCAATT-1,0.152936,0.514729,0.111121,0.028135,0.178627,0.006901,0.00755
ACGTTCGTTCAGGAAA-1,0.005069,0.02386,0.000031,0.009849,0.365039,0.327942,0.26821
ACGTTCTGTACAAGTC-1,0.018374,0.010526,0.209803,0.026611,0.41712,0.121801,0.195766
ACGTTGTCGTTGAAAG-1,0.449302,0.000025,0.174198,0.291806,0.0001,0.08452,0.00005
ACGTTTCGGTGCACTT-1,0.054067,0.035746,0.361905,0.194913,0.029904,0.153488,0.169976
ACTAAGGACGCACACC-1,0.010962,0.013327,0.226023,0.057117,0.529354,0.000018,0.163199
ACTACAAAGAGAGGTG-1,0.08541,0.000018,0.103131,0.31925,0.067585,0.424571,0.000036
ACTACATCCCGACAAG-1,0.415052,0.000016,0.000016,0.46288,0.121987,0.000016,0.000033
ACTACCAGCTCTCTGG-1,0.000027,0.180871,0.000682,0.000027,0.486262,0.153845,0.178285
ACTACCATCCGAGGGC-1,0.494183,0.000024,0.243108,0.166058,0.096168,0.00003,0.00043
ACTACGCGTTAGAATT-1,0.040487,0.025107,0.038111,0.000034,0.053594,0.353778,0.488889
ACTAGTTGCGATCGTC-1,0.00003,0.056212,0.00003,0.00003,0.47303,0.02052,0.450149
ACTATATGCTGTGTTC-1,0.127868,0.871533,0.000067,0.000067,0.000266,0.000067,0.000133
ACTATCCAGGGCATGG-1,0.000031,0.238009,0.007122,0.000031,0.073059,0.009637,0.672112
ACTATCGCCGGCTAAA-1,0.000039,0.119472,0.000039,0.000039,0.655863,0.007369,0.217179
ACTATCTGCCCGCGTA-1,0.048963,0.340805,0.237164,0.100525,0.14658,0.085503,0.040459
ACTATGTCCAGCTGCC-1,0.194621,0.000024,0.000024,0.269129,0.529928,0.006227,0.000047
ACTATTTCCGGGCCCA-1,0.018484,0.00003,0.001263,0.002075,0.418842,0.075733,0.483574
ACTCAACGAATGTATT-1,0.150404,0.424909,0.000142,0.000142,0.423509,0.000609,0.000285
ACTCAAGTGCAAGGCT-1,0.138635,0.166465,0.38669,0.078235,0.101217,0.128443,0.000315
ACTCAATAAAGGCACG-1,0.000078,0.316962,0.000078,0.000078,0.000312,0.000078,0.682415
ACTCAGACCTGCTTCT-1,0.082005,0.563348,0.000191,0.009198,0.344684,0.000191,0.000383
ACTCATGGCAGCCTTC-1,0.754995,0.000065,0.016019,0.010883,0.077682,0.133575,0.006781
ACTCCAATATCATCAT-1,0.439593,0.00003,0.00003,0.149446,0.323661,0.084959,0.00228
ACTCCCATTCCTAAAG-1,0.171713,0.151193,0.000038,0.000032,0.315486,0.124928,0.236611
ACTCCCGAATTCGTTT-1,0.008854,0.294501,0.051718,0.025398,0.388112,0.093316,0.138102
ACTCCCGTAGACTAGG-1,0.032356,0.011093,0.024586,0.000035,0.228355,0.060676,0.6429
ACTCCCTAATGCTAAA-1,0.004086,0.000026,0.026109,0.061521,0.432112,0.339725,0.136423
ACTCCCTAGAATAGTA-1,0.000027,0.475771,0.026705,0.038442,0.357318,0.083348,0.018388
ACTCCGGCCGACCACT-1,0.000044,0.312465,0.288949,0.000044,0.000175,0.012578,0.385746
ACTCGATGTATTTCAT-1,0.000042,0.063716,0.043572,0.000042,0.053826,0.000042,0.838759
ACTCGCCGTTCGATAA-1,0.077231,0.106302,0.339339,0.341628,0.090274,0.035138,0.010088
ACTCGCGATCTGACGC-1,0.000664,0.141516,0.173815,0.229849,0.186492,0.013429,0.254234
ACTCGTAACCCGTCCT-1,0.296136,0.226484,0.000028,0.000028,0.462066,0.000092,0.015167
ACTCGTCAGTAATCCC-1,0.000105,0.421655,0.000105,0.000105,0.000418,0.000105,0.577509
ACTCTAAACCTGGGAT-1,0.184116,0.013343,0.000673,0.010882,0.473067,0.001528,0.316392
ACTCTCTGACTTAGGT-1,0.000071,0.223427,0.000071,0.002398,0.294416,0.000071,0.479545
ACTCTGACCTAATAGA-1,0.000526,0.037769,0.270692,0.044636,0.474377,0.037261,0.134739
ACTCTTCAGCTCCCGC-1,0.006607,0.045482,0.053178,0.620772,0.24017,0.005569,0.028221
ACTCTTGTATAGTAAC-1,0.000025,0.176788,0.000025,0.143119,0.592563,0.018498,0.068981
ACTGAAACGCCGTTAG-1,0.000037,0.294086,0.016103,0.009459,0.198678,0.04038,0.441257
ACTGAATGGCGAAAGT-1,0.11792,0.506006,0.003199,0.000071,0.000284,0.000071,0.372448
ACTGCCCGCCATTCTC-1,0.520306,0.000016,0.000016,0.058352,0.364788,0.000016,0.056506
ACTGCGGACACACCGT-1,0.00963,0.29773,0.089528,0.133891,0.324238,0.050069,0.094914
ACTGCTCGGAAGGATG-1,0.242561,0.005802,0.001485,0.005471,0.422703,0.106097,0.215882
ACTGGCGAACCTGCGT-1,0.000029,0.004152,0.206608,0.016792,0.569736,0.000029,0.202654
ACTGGGATGCCAGTGC-1,0.104943,0.004663,0.475533,0.084071,0.048578,0.226433,0.05578
ACTGTACGATACACAT-1,0.365524,0.634151,0.000036,0.000036,0.000144,0.000036,0.000072
ACTGTAGCACTTTGGA-1,0.105551,0.007228,0.000023,0.079548,0.559045,0.239547,0.009057
ACTGTATACGCGAGCA-1,0.023211,0.976441,0.000039,0.000039,0.000155,0.000039,0.000077
ACTGTCCAGGATTATA-1,0.004039,0.277524,0.001479,0.00003,0.158868,0.167821,0.39024
ACTGTCTTCTTTAGAA-1,0.000023,0.050451,0.000023,0.006996,0.841061,0.001222,0.100224
ACTGTGCTAGTAGATC-1,0.000027,0.029711,0.004085,0.053233,0.861387,0.025134,0.026424
ACTTACGCATCCACGC-1,0.000035,0.625338,0.000035,0.000035,0.198361,0.14366,0.032535
ACTTAGTACGACAAGA-1,0.025375,0.34918,0.012301,0.005261,0.524162,0.000027,0.083694
ACTTATACTTACCCGG-1,0.101507,0.467187,0.01155,0.000091,0.044901,0.173629,0.201134
ACTTATTAGGATCGGT-1,0.057874,0.057986,0.000171,0.014179,0.696685,0.00002,0.173085
ACTTATTTATGTGCCA-1,0.101866,0.289787,0.045881,0.000123,0.000493,0.314877,0.246972
ACTTCAGGCTGATCCC-1,0.000066,0.366968,0.000066,0.000066,0.001922,0.000066,0.630845
ACTTCCAGTGGAAGCT-1,0.535713,0.070785,0.00933,0.000053,0.175947,0.000053,0.208119
