Barcode,Topic 1to4,Topic 5to8,Topic 9,Topic 10
AAACAAGTATCTCCCA-1,0.57838,0.237713,0.148738,0.035169
AAACACCAATAACTGC-1,0.487938,0.392752,0.049528,0.069782
AAACAGAGCGACTCCT-1,0.555569,0.44437,0.00003,0.00003
AAACAGGGTCTATATT-1,0.812583,0.166173,0.013955,0.007288
AAACAGTGTTCCTGGG-1,0.368887,0.036048,0.000021,0.595044
AAACATTTCCCGGATT-1,0.812721,0.170987,0.001286,0.015005
AAACCGGGTAGGTACC-1,0.191367,0.710653,0.006586,0.091394
AAACCGTTCGTCCAGG-1,0.701984,0.297973,0.000022,0.000022
AAACCTAAGCAGCCGG-1,0.133315,0.408711,0.006337,0.451637
AAACCTCATGAAGTTG-1,0.864623,0.135342,0.000017,0.000017
AAACGAAGAACATACC-1,0.435278,0.563067,0.001619,0.000035
AAACGAGACGGTTGAT-1,0.527034,0.472915,0.000026,0.000026
AAACGGGCGTACGGGT-1,0.234748,0.726225,0.039008,0.000019
AAACGGTTGCGAACTG-1,0.003978,0.000109,0.028392,0.967521
AAACTCGGTTCGCAAT-1,0.120643,0.001103,0.061041,0.817212
AAACTGCTGGCTCCAA-1,0.683765,0.15921,0.08874,0.068286
AAACTTGCAAACGTAT-1,0.413931,0.421825,0.068131,0.096113
AAAGAATGTGGACTAA-1,0.367707,0.553215,0.018625,0.060453
AAAGACCCAAGTCGCG-1,0.94159,0.05711,0.001284,0.000016
AAAGACTGGGCGCTTT-1,0.866205,0.133257,0.000524,0.000014
AAAGGCCCTATAATAC-1,0.585226,0.40141,0.013351,0.000013
AAAGGCTACGGACCAT-1,0.13009,0.007849,0.002415,0.859646
AAAGGCTCTCGCGCCG-1,0.000216,0.37481,0.056643,0.568332
AAAGGGATGTAGCAAG-1,0.462681,0.358916,0.005223,0.17318
AAAGGGCAGCTTGAAT-1,0.370473,0.547174,0.082318,0.000035
AAAGGTAAGCTGTACC-1,0.010803,0.521759,0.467394,0.000044
AAAGTAGCATTGCTCA-1,0.711211,0.28875,0.000019,0.000019
AAAGTCACTGATGTAA-1,0.947087,0.052871,0.000021,0.000021
AAAGTCGACCCTCAGT-1,0.940944,0.051974,0.000014,0.007068
AAAGTGTGATTTATCT-1,0.838372,0.116304,0.011031,0.034294
AAAGTTGACTCCCGTA-1,0.72034,0.279633,0.000013,0.000013
AAATAACCATACGGGA-1,0.022803,0.931412,0.010348,0.035436
AAATACCTATAAGCAT-1,0.661289,0.00469,0.015977,0.318045
AAATAGCTTAGACTTT-1,0.530506,0.424085,0.018247,0.027162
AAATAGGGTGCTATTG-1,0.000206,0.326463,0.241097,0.432235
AAATCCGATACACGCC-1,0.341452,0.071219,0.218293,0.369035
AAATCGTGTACCACAA-1,0.396561,0.418963,0.099721,0.084754
AAATCTAGCCCTGCTA-1,0.918842,0.00343,0.000009,0.077719
AAATGACTGATCAAAC-1,0.000175,0.000175,0.000044,0.999605
AAATGCTCGTTACGTT-1,0.000471,0.728236,0.261768,0.009525
AAATGGCATGTCTTGT-1,0.21297,0.786909,0.00006,0.00006
AAATGGCCCGTGCCCT-1,0.750778,0.24726,0.001947,0.000015
AAATGGTCAATGTGCC-1,0.44753,0.517919,0.021901,0.012649
AAATTAACGGGTAGCT-1,0.184331,0.581963,0.233674,0.000032
AAATTACACGACTCTG-1,0.565825,0.393489,0.000036,0.04065
AAATTACCTATCGATG-1,0.3087,0.691241,0.000029,0.000029
AAATTGATAGTCCTTT-1,0.808209,0.099079,0.077424,0.015287
AAATTTACCGAAATCC-1,0.658204,0.128715,0.213031,0.00005
AAATTTGCGGGTGTGG-1,0.106566,0.893351,0.000042,0.000042
AACAACTGGTAGTTGC-1,0.392958,0.606951,0.000046,0.000046
AACAATACATTGTCGA-1,0.652741,0.343115,0.004125,0.000019
AACAATTACTCTACGC-1,0.902221,0.09484,0.002916,0.000023
AACACACGCTCGCCGC-1,0.633259,0.323999,0.002387,0.040354
AACACGACTGTACTGA-1,0.807884,0.192049,0.000034,0.000034
AACACGAGACGCGGCC-1,0.364202,0.582454,0.000019,0.053325
AACACGCGGCCGCGAA-1,0.594447,0.375613,0.014554,0.015386
AACAGCTGTGTGGCAA-1,0.999929,0.000047,0.000012,0.000012
AACAGGAAATCGAATA-1,0.133574,0.837472,0.028911,0.000044
AACAGGATGGGCCGCG-1,0.073307,0.915696,0.010941,0.000056
AACATATCAACTGGTG-1,0.36879,0.450723,0.047139,0.133348
AACATTGAAGTTGATC-1,0.552925,0.400133,0.003107,0.043834
AACATTGTGACTCGAG-1,0.047861,0.023946,0.00839,0.919803
AACCAAGACTTCTCTG-1,0.283256,0.263114,0.453616,0.000015
AACCAGTATCACTCTT-1,0.166208,0.727091,0.106551,0.00015
AACCATGGGATCGCTA-1,0.000308,0.539019,0.460596,0.000077
AACCCAGAGACGGAGA-1,0.62947,0.370461,0.000035,0.000035
AACCCATCCCATGATC-1,0.836434,0.133394,0.001621,0.028551
AACCCGACAACCCGTG-1,0.018625,0.063733,0.03626,0.881382
AACCCGCTGTATTCCA-1,0.000132,0.000132,0.000033,0.999703
AACCCTACTGTCAATA-1,0.306585,0.683887,0.002051,0.007477
AACCCTGGTGGAACCA-1,0.989765,0.010196,0.00002,0.00002
AACCGAGCTTGGTCAT-1,0.197339,0.78446,0.017264,0.000936
AACCGCTAAGGGATGC-1,0.737156,0.190708,0.072126,0.00001
AACCGTTGTGTTTGCT-1,0.878522,0.121396,0.000041,0.000041
AACCTCGCTTTAGCCC-1,0.173097,0.104157,0.037866,0.68488
AACCTTTAAATACGGT-1,0.299457,0.456579,0.000031,0.243933
AACCTTTACGACGTCT-1,0.869111,0.130846,0.000021,0.000021
AACGATAATGCCGTAG-1,0.062128,0.387003,0.005829,0.545039
AACGATAGAAGGGCCG-1,0.06888,0.581072,0.349989,0.000058
AACGATATGTCAACTG-1,0.969311,0.030649,0.00002,0.00002
AACGCATGATCTGGGT-1,0.160445,0.839049,0.000467,0.000039
AACGCGACCTTGGGCG-1,0.031308,0.00013,0.000033,0.968529
AACGCGGTCTCCAGCC-1,0.542822,0.398391,0.055818,0.002969
AACGCTGTTGCTGAAA-1,0.767332,0.053306,0.13658,0.042783
AACGGACGTACGTATA-1,0.151394,0.848565,0.00002,0.00002
AACGGCCATCTCCGGT-1,0.553735,0.310956,0.135292,0.000017
AACGTACTGTGGGTAC-1,0.485661,0.514281,0.000029,0.000029
AACGTCAGACTAGTGG-1,0.45683,0.507158,0.000026,0.035985
AACGTCATCCGGCTTG-1,0.001334,0.182348,0.000333,0.815985
AACGTGATGAAGGACA-1,0.389775,0.610131,0.000047,0.000047
AACGTGCGAAAGTCTC-1,0.595113,0.253112,0.096024,0.05575
AACTAGCGTATCGCAC-1,0.000528,0.711163,0.269013,0.019297
AACTAGGCTTGGGTGT-1,0.139377,0.101216,0.037488,0.721919
AACTCAAGTTAATTGC-1,0.259041,0.603104,0.027458,0.110396
AACTCCAGAGCGTGTT-1,0.542081,0.451012,0.002191,0.004716
AACTCCTAATCCCATG-1,0.106422,0.589733,0.244761,0.059084
AACTCTCAATAGAGCG-1,0.206382,0.742826,0.000232,0.050561
AACTCTCAGTGTGCTC-1,0.615393,0.366007,0.018569,0.000031
AACTGATATTAGGCCT-1,0.559517,0.437438,0.003011,0.000033
AACTGGGTCCCGACGT-1,0.808671,0.184597,0.000576,0.006157
AACTGGGTTCGAGCCG-1,0.000554,0.824394,0.174913,0.000139
AACTGGTGTGGGCCTT-1,0.099411,0.848946,0.051582,0.000061
AACTTGCCCGTATGCA-1,0.31082,0.679279,0.00985,0.000052
AACTTTAGCTGCTGAG-1,0.000509,0.576636,0.422728,0.000127
AAGACCCAACTGAACA-1,0.252164,0.055571,0.002264,0.690002
AAGACTCACGCCCACT-1,0.712587,0.180608,0.054845,0.05196
AAGACTGCAAGCTACT-1,0.576796,0.423147,0.000028,0.000028
AAGAGATGAATCGGTA-1,0.449544,0.508193,0.039977,0.002285
AAGAGCTCTTTATCGG-1,0.522466,0.477468,0.000033,0.000033
AAGAGGATGTACGCGA-1,0.568498,0.425512,0.005934,0.000056
AAGAGGCATGGATCGC-1,0.641495,0.358471,0.000017,0.000017
AAGATGGCACCGGACC-1,0.233039,0.759691,0.000037,0.007232
AAGATTGGCGGAACGT-1,0.526326,0.388438,0.081022,0.004214
AAGCACCCTGCGTATC-1,0.43822,0.015462,0.007249,0.53907
AAGCATACTCTCCTGA-1,0.670933,0.018225,0.000023,0.310818
AAGCCACTTGCAGGTA-1,0.35863,0.3282,0.002626,0.310544
AAGCCGCCGTGAAATC-1,0.476811,0.358774,0.070133,0.094282
AAGCGCAGGGCTTTGA-1,0.067824,0.049806,0.000034,0.882336
AAGCGGCGTCATGGGT-1,0.754387,0.175668,0.069906,0.000039
AAGCGTCCCTCATCGA-1,0.510465,0.489463,0.000036,0.000036
AAGCTAGATCGAGTAA-1,0.289546,0.033069,0.121892,0.555494
AAGCTCGTGCCAAGTC-1,0.310183,0.689422,0.000366,0.000029
AAGCTCTTTCATGGTG-1,0.400411,0.009728,0.043008,0.546853
AAGGAGAACTTATAAG-1,0.012125,0.735169,0.252627,0.000079
AAGGAGCGGTTGGTGC-1,0.328515,0.500463,0.120455,0.050568
AAGGATCGATCGCTTG-1,0.595577,0.304268,0.028321,0.071834
AAGGATGAGGGACCTC-1,0.400707,0.589554,0.009709,0.00003
AAGGCGCGTAAAGCTT-1,0.663552,0.312927,0.023501,0.000021
AAGGCTGTGCTCATCG-1,0.981543,0.018435,0.000011,0.000011
AAGGGAACGACTGGCT-1,0.862337,0.07786,0.006936,0.052867
AAGGGACAGATTCTGT-1,0.20663,0.790082,0.000025,0.003262
AAGGGACTATGCATTC-1,0.498107,0.273074,0.049106,0.179712
AAGGTATCCTAATATA-1,0.616864,0.383091,0.000023,0.000023
AAGGTGATAAACCAGC-1,0.425605,0.562806,0.006653,0.004936
AAGTAGAAGACCGGGT-1,0.726584,0.266515,0.006875,0.000025
AAGTAGTGACGCGAGG-1,0.520232,0.416123,0.063616,0.000029
AAGTCAATTGTCGTCA-1,0.394675,0.552544,0.011427,0.041354
AAGTGACGACCGAATT-1,0.833433,0.166542,0.000013,0.000013
AAGTGAGTCGGGTTTA-1,0.141742,0.23628,0.014569,0.607409
AAGTGCAAAGGTAGAC-1,0.568317,0.416577,0.008192,0.006915
AAGTGCCTTGACTGTA-1,0.468932,0.493537,0.03751,0.000021
AAGTGCGTTAGAATCT-1,0.444114,0.555822,0.000032,0.000032
AAGTGCTTCTCTATTG-1,0.366214,0.101538,0.062324,0.469924
AAGTGTTTGGAGACGG-1,0.407605,0.184275,0.115195,0.292925
AAGTTCACTCCAAGCT-1,0.282581,0.034127,0.234577,0.448716
AAGTTCAGTCTGCGTA-1,0.355483,0.599689,0.002275,0.042554
AAGTTCGGCCAACAGG-1,0.476669,0.497581,0.019874,0.005876
AAGTTGTGATGTTATA-1,0.464281,0.504122,0.002596,0.029001
AAGTTTACTAATGGCA-1,0.000399,0.77762,0.221882,0.0001
AAGTTTATGGGCCCAA-1,0.000062,0.000062,0.000015,0.999861
AATAACAACGCTCGGC-1,0.35993,0.542629,0.000019,0.097423
AATAACACTAGAACAA-1,0.273307,0.672399,0.044919,0.009375
AATAAGTCCTCGAGAC-1,0.109778,0.805444,0.084733,0.000046
AATACAATGTTTCAGG-1,0.000334,0.484527,0.515056,0.000083
AATACCGGAGGGCTGT-1,0.085219,0.722969,0.041257,0.150555
AATACCTGATGTGAAC-1,0.378821,0.48497,0.027822,0.108388
AATAGAACAGAGTGGC-1,0.662694,0.222152,0.000022,0.115133
AATAGAATCTGTTTCA-1,0.009625,0.383692,0.425205,0.181477
AATAGGCACGACCCTT-1,0.249401,0.231589,0.006994,0.512015
AATAGTCCGTCCCGAC-1,0.206315,0.075162,0.078632,0.639891
AATATCAAGGTCGGAT-1,0.000324,0.339213,0.660382,0.000081
AATATCGAGGGTTCTC-1,0.023783,0.9247,0.051484,0.000033
AATATTGGAGTATTGA-1,0.369422,0.623898,0.004052,0.002628
AATCAGGTTTCATTTA-1,0.641475,0.358484,0.00002,0.00002
AATCATGTAAAGACTC-1,0.467042,0.353623,0.064651,0.114684
AATCCAAGGGCCTGAG-1,0.0145,0.896689,0.088766,0.000045
AATCCCGCTCAGAGCC-1,0.000251,0.152351,0.00006,0.847339
AATCGCCTCAGCGCCA-1,0.326497,0.67344,0.000031,0.000031
AATCGCGCAGAGGACT-1,0.531199,0.431874,0.011744,0.025183
AATCGGGACACTACGA-1,0.481116,0.5188,0.000042,0.000042
AATCGTGAGCCGAGCA-1,0.008287,0.009455,0.276758,0.7055
AATCTAGGTTTACTTG-1,0.784433,0.211354,0.000022,0.00419
AATCTATGCCGGAGCC-1,0.409658,0.496797,0.002612,0.090934
AATCTCTACTGTGGTT-1,0.736077,0.251763,0.012133,0.000027
AATCTGCGTTGGGACG-1,0.144984,0.854921,0.000048,0.000048
AATCTGGCTTTCTAGT-1,0.997756,0.00005,0.000013,0.002182
AATCTGGGTAGACCCT-1,0.000727,0.568122,0.298053,0.133097
AATGACAGCAATGTCT-1,0.878835,0.119983,0.001167,0.000014
AATGACGTAGGATGTC-1,0.493289,0.177612,0.327932,0.001167
AATGACTGTCAGCCGG-1,0.517553,0.383348,0.087554,0.011546
AATGATGATACGCTAT-1,0.596602,0.395204,0.008167,0.000027
AATGATGCGACTCCTG-1,0.058903,0.907858,0.033208,0.000031
AATGCAACCGGGTACC-1,0.91217,0.087522,0.000122,0.000187
AATGCACCAAGCAATG-1,0.313721,0.566515,0.079032,0.040733
AATGGTCCACCGTTCA-1,0.054189,0.827117,0.118655,0.00004
AATGGTTCTCACAAGC-1,0.190384,0.795141,0.008984,0.005491
AATGTGCCCGAGGTGT-1,0.558917,0.422707,0.000033,0.018343
AATGTGCTAATCTGAG-1,0.379001,0.398064,0.122341,0.100594
AATGTTAAGACCCTGA-1,0.261918,0.256355,0.081513,0.400213
AATTAAAGGTCGGCGT-1,0.677153,0.307378,0.015446,0.000023
AATTAACGGATTTCCA-1,0.350117,0.001305,0.055705,0.592874
AATTAGCGCTGCAGCG-1,0.000232,0.391697,0.078649,0.529421
AATTCATAAGGGATCT-1,0.518859,0.478316,0.00002,0.002805
AATTCCAAGCATGTAC-1,0.000082,0.000082,0.015011,0.984824
AATTCGATTCGAGGAT-1,0.022803,0.098327,0.037825,0.841045
AATTCTAGAGTTAGGC-1,0.000264,0.854901,0.024961,0.119874
AATTGAACGCTCTGGT-1,0.357338,0.642597,0.000041,0.000024
AATTGCAGCAATCGAC-1,0.166934,0.629561,0.088526,0.114979
AATTTGGGACATAGTA-1,0.010873,0.91661,0.072339,0.000178
AATTTGGTTCCAAAGA-1,0.434233,0.501317,0.064402,0.000049
ACAAACCATGCGTCCT-1,0.370984,0.593991,0.000055,0.03497
ACAAACTCCATCAGAG-1,0.000214,0.119172,0.000053,0.880561
ACAAAGCATGACCTAG-1,0.59525,0.386762,0.008376,0.009611
ACAAATCGCACCGAAT-1,0.411899,0.206835,0.067881,0.313385
ACAAATGGTAGTGTTT-1,0.066892,0.730539,0.182966,0.019602
ACAAATTCAGATCTGA-1,0.000294,0.14813,0.851503,0.000073
ACAACAGCATGAGCTA-1,0.750068,0.12815,0.116878,0.004903
ACAACGGTCCCTGCGA-1,0.795582,0.122679,0.081721,0.000018
ACAAGCAGTGCCTAGC-1,0.010376,0.697076,0.29249,0.000058
ACAAGGAAATCCGCCC-1,0.000136,0.233798,0.098229,0.667837
ACAAGGACAAGAGGTT-1,0.711009,0.274346,0.000018,0.014627
ACAAGGATGCTTTAGG-1,0.623405,0.022774,0.221346,0.132474
ACAAGGCCTACCAGCC-1,0.475953,0.369393,0.096649,0.058005
ACAAGGGCAGGCTCTG-1,0.483562,0.510999,0.005417,0.000022
ACAATAGTCGTACGTT-1,0.550502,0.408619,0.003893,0.036986
ACAATCCATTTAAACC-1,0.770256,0.137929,0.004263,0.087553
ACAATCGATCTTTATA-1,0.178279,0.739371,0.009678,0.072672
ACAATGAATACGGAGA-1,0.875523,0.118657,0.002795,0.003025
ACAATTGTGTCTCTTT-1,0.772561,0.04386,0.077069,0.106511
ACAATTTAGGAGGCTC-1,0.634736,0.352686,0.009906,0.002671
ACAATTTGAGCAGTGG-1,0.470723,0.402825,0.002065,0.124387
ACACAAAGACGGGTGG-1,0.264709,0.735236,0.000027,0.000027
ACACACCAGGACCAGT-1,0.993544,0.006437,0.00001,0.00001
ACACACTTTCTACACG-1,0.042877,0.862447,0.094609,0.000066
ACACATGATCAAATCT-1,0.94822,0.026835,0.000006,0.024939
ACACATTTCCGTAGAC-1,0.000173,0.025453,0.000043,0.974331
ACACCCAGCATGCAGC-1,0.0015,0.929085,0.069349,0.000066
ACACCCGAGAAATCCG-1,0.207124,0.723086,0.069751,0.000039
ACACCGGTCTGACCGC-1,0.436475,0.551687,0.009431,0.002406
ACACCTTAAGTAGGGC-1,0.766039,0.226217,0.007709,0.000034
ACACCTTACTACTTGC-1,0.450616,0.442232,0.035397,0.071754
ACACGAGACTCCTTCT-1,0.492001,0.486723,0.000028,0.021248
ACACGGCACTATGCAT-1,0.377895,0.459115,0.162942,0.000049
ACACGGGAACTTAGGG-1,0.426759,0.429275,0.124166,0.019801
ACACTGATCAAGGTGT-1,0.747584,0.173283,0.022115,0.057018
ACAGAACTGAGAACAA-1,0.150248,0.687442,0.099305,0.063005
ACAGATTAGGTTAGTG-1,0.015415,0.97989,0.004617,0.000078
ACAGCATAGAGCCAGT-1,0.166875,0.702182,0.130896,0.000048
ACAGCGACATTCTCAT-1,0.684472,0.17455,0.1402,0.000778
ACAGCGCACCCGCAGC-1,0.247923,0.744953,0.007048,0.000076
ACAGGCACGGATCCTT-1,0.493949,0.504636,0.001403,0.000012
ACAGGCTTGCCCGACT-1,0.635072,0.274713,0.031729,0.058486
ACAGGTGGAGGTGAGG-1,0.854031,0.124826,0.000013,0.02113
ACAGTAATACAACTTG-1,0.963003,0.019063,0.000011,0.017923
ACATAATAAGGCGGTG-1,0.040117,0.852592,0.027193,0.080099
ACATACAATCAAGCGG-1,0.344556,0.466196,0.009533,0.179715
ACATCAGCTGGGACGC-1,0.11962,0.721194,0.159157,0.000029
ACATCCCGGCCATACG-1,0.127401,0.190231,0.141798,0.54057
ACATCCTGGTAACTGT-1,0.258048,0.685967,0.055964,0.000021
ACATCGATCGTTTACC-1,0.326295,0.271601,0.269233,0.132871
ACATCGCAATATTCGG-1,0.283035,0.640695,0.000036,0.076234
ACATCGGTCAGCCGCG-1,0.769946,0.222584,0.004609,0.002861
ACATCGTATGCAATGG-1,0.756408,0.233559,0.003459,0.006573
ACATCGTTAACCTAGT-1,0.507306,0.492596,0.000049,0.000049
ACATCTCAACGCGTAA-1,0.00055,0.913848,0.085464,0.000138
ACATGGCGCCAAAGTA-1,0.947749,0.041246,0.000007,0.010998
ACATTAGTTTATATCC-1,0.000416,0.458195,0.018903,0.522486
ACATTCGCGCGGAATA-1,0.822067,0.047527,0.057878,0.072528
ACATTTGAAACCTAAC-1,0.370644,0.456861,0.062722,0.109773
ACCAAACTAGAAATCC-1,0.000373,0.911667,0.022931,0.065028
ACCAACCGCACTCCAC-1,0.823178,0.06182,0.058585,0.056417
ACCAACGCTTATTTAT-1,0.528665,0.22655,0.015638,0.229148
ACCAAGAACGCGTGTC-1,0.334553,0.643899,0.021509,0.000039
ACCAATATGCAAGTTA-1,0.25733,0.004748,0.270633,0.46729
ACCACAACTCAGAACA-1,0.137163,0.775015,0.087782,0.00004
ACCACAAGTTTCTATC-1,0.399294,0.50359,0.035262,0.061855
ACCACACGGTTGATGG-1,0.068566,0.332968,0.043685,0.554781
ACCACCAATGTAACAA-1,0.413246,0.528933,0.00342,0.0544
ACCACGTGCAGCTATA-1,0.673814,0.011466,0.146654,0.168066
ACCAGCCCGGTCTTTG-1,0.000341,0.241813,0.757761,0.000085
ACCAGGAGTGTGATCT-1,0.185168,0.782011,0.0001,0.032721
ACCAGTGCCCGGTCAA-1,0.000303,0.669664,0.329957,0.000076
ACCAGTGCGGGAGACG-1,0.933937,0.066042,0.000011,0.000011
ACCATATCCGCAATAA-1,0.11139,0.830391,0.058189,0.00003
ACCATCCGCCAACTAG-1,0.437809,0.534975,0.027183,0.000032
ACCATCGTATATGGTA-1,0.939383,0.059794,0.000017,0.000807
ACCCAACGCCCGTGGC-1,0.365372,0.491246,0.126824,0.016557
ACCCACCTACATGCTC-1,0.56125,0.438685,0.000032,0.000032
ACCCATCTTGAGGGTA-1,0.495909,0.472214,0.002091,0.029786
ACCCATTTGTCCCTCT-1,0.216195,0.77104,0.011892,0.000873
ACCCGAGCGAAATTAC-1,0.618293,0.356885,0.024813,0.00001
ACCCGATTGGTTCCGA-1,0.000142,0.464838,0.13232,0.402699
ACCCGGAAACTCCCAG-1,0.195598,0.000119,0.236467,0.567816
ACCCGGATGACGCATC-1,0.46882,0.531134,0.000023,0.000023
ACCCGGTTACACTTCC-1,0.828241,0.088603,0.004192,0.078965
ACCCGTGTCATCAGTA-1,0.53974,0.004004,0.140939,0.315317
ACCCTATGCCATATCG-1,0.500616,0.427948,0.001687,0.069749
ACCCTCCCGTCAGGGC-1,0.347789,0.411165,0.135167,0.105879
ACCCTCCCTTGCTATT-1,0.199008,0.741658,0.013104,0.046231
ACCCTTCATCTGCGAA-1,0.000443,0.955228,0.000111,0.044219
ACCCTTTAGTTCTCCA-1,0.338634,0.661258,0.000054,0.000054
ACCGAAAGGGCCCTGC-1,0.354605,0.644807,0.000542,0.000045
ACCGACACATCTCCCA-1,0.224683,0.028489,0.000023,0.746805
ACCGACTGAGTCCCAC-1,0.46671,0.4682,0.007532,0.057558
ACCGAGTCTCCTTATT-1,0.28653,0.00611,0.00002,0.70734
ACCGATGGTAGCATCG-1,0.618937,0.376122,0.000527,0.004413
ACCGCAATAACTGCCT-1,0.241138,0.223656,0.191547,0.343659
ACCGCGGTGGAAGTCG-1,0.613946,0.270729,0.046529,0.068796
ACCGCTAGTCATTGGT-1,0.567936,0.027002,0.087915,0.317148
ACCGGGCCTTTGTTGA-1,0.435554,0.486303,0.066424,0.011718
ACCGGTCAGGTACACC-1,0.340794,0.285257,0.366699,0.00725
ACCGTGACCACGTGGG-1,0.44701,0.465589,0.086923,0.000477
ACCGTTCCCGCTCTGA-1,0.000529,0.889454,0.109885,0.000132
ACCTAAGTACCTTTCA-1,0.748414,0.172558,0.00002,0.079008
ACCTAATCGACTTCCT-1,0.818528,0.060232,0.121219,0.000021
ACCTACAGTATGTGGT-1,0.512789,0.435338,0.021653,0.030221
ACCTACTATAAATCTA-1,0.000074,0.000074,0.000019,0.999833
ACCTCAGCGAGGCGCA-1,0.467838,0.457523,0.011796,0.062843
ACCTCCGTTATTCACC-1,0.301584,0.498464,0.051228,0.148723
ACCTGCGTGTCATGTT-1,0.077308,0.489285,0.259429,0.173978
ACGAAATGGGCGGCAC-1,0.530254,0.463265,0.006457,0.000024
ACGACTCTAGGGCCGA-1,0.707999,0.084742,0.150024,0.057236
ACGACTGGTCATACTC-1,0.404392,0.595575,0.000017,0.000017
ACGAGAACCCATCACG-1,0.462725,0.346113,0.13509,0.056071
ACGAGATATTTGCTTA-1,0.772179,0.227732,0.000045,0.000045
ACGAGGATACCACTCT-1,0.884552,0.082489,0.000014,0.032945
ACGAGGTTTACAACGT-1,0.551331,0.292892,0.155767,0.00001
ACGAGTACGGATGCCC-1,0.682576,0.216337,0.099769,0.001318
ACGATACATAGAACTA-1,0.158824,0.506831,0.267037,0.067307
ACGATCATACATAGAG-1,0.439245,0.548944,0.000206,0.011606
ACGATCATCTTGTAAA-1,0.904362,0.09561,0.000014,0.000014
ACGATGCATATGTTAT-1,0.026727,0.77154,0.13149,0.070242
ACGATGGATCCGATGC-1,0.657254,0.34267,0.000038,0.000038
ACGCAAACTAATAGAT-1,0.160039,0.079254,0.00003,0.760677
ACGCAATCACTACAGC-1,0.30107,0.413398,0.020173,0.26536
ACGCATACGTTTACTA-1,0.113932,0.698562,0.040339,0.147167
ACGCATTCGTGAGTAC-1,0.777346,0.183616,0.000024,0.039014
ACGCCACTCGAAACAG-1,0.018359,0.108381,0.000026,0.873234
ACGCCAGATGATTTCT-1,0.837226,0.162735,0.000019,0.000019
ACGCCAGTGCGTTTGC-1,0.330631,0.506726,0.050238,0.112405
ACGCCCAGCTGTCGAT-1,0.000392,0.326189,0.673321,0.000098
ACGCCGCTAGACGACC-1,0.762797,0.168341,0.000028,0.068834
ACGCGAAGTCAGACGA-1,0.452585,0.400978,0.018272,0.128165
ACGCGCTACACAGGGT-1,0.815243,0.18473,0.000014,0.000014
ACGCGGGCCAAGGACA-1,0.302471,0.638266,0.059229,0.000034
ACGCTAGTGATACACT-1,0.468971,0.4996,0.031398,0.00003
ACGCTGTGAGGCGTAG-1,0.337195,0.562071,0.090383,0.010351
ACGCTTAGTGTCTCTC-1,0.000627,0.790093,0.209123,0.000157
ACGGAACACGAGTGCC-1,0.388725,0.50502,0.035239,0.071016
ACGGAATTTAGCAAAT-1,0.000326,0.542937,0.456655,0.000082
ACGGACTCTCAAAGCG-1,0.02192,0.168106,0.238873,0.571101
ACGGAGCGCAAATTAC-1,0.371023,0.592527,0.012354,0.024096
ACGGATGGTGCGGATA-1,0.234775,0.121861,0.105786,0.537577
ACGGCACTTGCTTGGG-1,0.000291,0.341451,0.057785,0.600474
ACGGCCAACATGGACT-1,0.048653,0.688812,0.052238,0.210297
ACGGCGACGATGGGAA-1,0.325491,0.130189,0.140665,0.403655
ACGGGAGTGTCGGCCC-1,0.599011,0.382797,0.017151,0.001042
ACGGTACAGTTCAATG-1,0.469375,0.413518,0.114373,0.002734
ACGTACAGATTTCTCT-1,0.451532,0.480357,0.068073,0.000039
ACGTACTTTGGCACGG-1,0.777278,0.0351,0.000015,0.187606
ACGTAGATTGCTGATG-1,0.745049,0.240531,0.009341,0.005079
ACGTAGGAGAGTCGCT-1,0.000096,0.000096,0.001816,0.997992
ACGTATTACTCCGATC-1,0.226347,0.538834,0.178392,0.056428
ACGTGCGCCTCGTGCA-1,0.502338,0.497559,0.000052,0.000052
ACGTGGTCGAATGTGC-1,0.00055,0.774352,0.13817,0.086927
ACGTTAATGTCGAAGA-1,0.843514,0.156447,0.000019,0.000019
ACGTTAGATTTGCCCG-1,0.673168,0.233393,0.082664,0.010775
ACGTTCACTATGCCGC-1,0.060359,0.023147,0.048466,0.868027
ACGTTCCGCGCTCCGT-1,0.761269,0.168269,0.022512,0.04795
ACGTTCGTTCAGGAAA-1,0.698458,0.023202,0.18274,0.0956
ACGTTCTGTACAAGTC-1,0.145595,0.791811,0.012563,0.05003
ACGTTGTCGTTGAAAG-1,0.3551,0.415812,0.000047,0.22904
ACGTTTAGTTGTGATC-1,0.308893,0.677577,0.013453,0.000078
ACTAATACGTCAGGCG-1,0.960164,0.039776,0.00003,0.00003
ACTACAAAGAGAGGTG-1,0.079788,0.026102,0.000025,0.894085
ACTACATCCCGACAAG-1,0.38531,0.508263,0.099514,0.006913
ACTACCAGCTCTCTGG-1,0.957332,0.042636,0.000016,0.000016
ACTACCATCCGAGGGC-1,0.302062,0.64781,0.003687,0.046441
ACTACGCGTTAGAATT-1,0.251285,0.000119,0.042604,0.705992
ACTAGTTGCGATCGTC-1,0.412592,0.430964,0.083534,0.07291
ACTATATGCTGTGTTC-1,0.381594,0.618322,0.000042,0.000042
ACTATCCAGGGCATGG-1,0.418251,0.483912,0.010494,0.087343
ACTATGTCCAGCTGCC-1,0.226738,0.327815,0.290911,0.154537
ACTATTCGTCCGTGGT-1,0.085629,0.833262,0.009844,0.071265
ACTATTTCCGGGCCCA-1,0.68162,0.318319,0.000031,0.000031
ACTCAACGAATGTATT-1,0.417212,0.457556,0.070206,0.055026
ACTCAAGTGCAAGGCT-1,0.731041,0.103763,0.019232,0.145963
ACTCAATAAAGGCACG-1,0.233325,0.622764,0.143878,0.000032
ACTCAGACCTGCTTCT-1,0.00037,0.953129,0.000092,0.046409
ACTCATGGCAGCCTTC-1,0.325823,0.583224,0.000019,0.090935
ACTCCAATATCATCAT-1,0.886783,0.021713,0.014777,0.076727
ACTCCCATTCCTAAAG-1,0.398037,0.601908,0.000027,0.000027
ACTCCCGAATTCGTTT-1,0.147004,0.801091,0.034211,0.017694
ACTCCCTAATGCTAAA-1,0.228569,0.072652,0.000026,0.698754
ACTCCCTAGAATAGTA-1,0.000326,0.629811,0.042708,0.327155
ACTCCGGCCGACCACT-1,0.50119,0.245043,0.087153,0.166614
ACTCGTAACCCGTCCT-1,0.652971,0.330835,0.007332,0.008862
ACTCGTCAGTAATCCC-1,0.504409,0.334448,0.000025,0.161117
ACTCTCTGACTTAGGT-1,0.000269,0.87992,0.119744,0.000067
ACTCTCTTATACACGA-1,0.709147,0.290775,0.000039,0.000039
ACTCTGACCTAATAGA-1,0.714963,0.1777,0.105695,0.001642
ACTCTTGTATAGTAAC-1,0.678662,0.297957,0.000026,0.023355
ACTGAAACGCCGTTAG-1,0.067276,0.800323,0.063302,0.069099
ACTGAATGGCGAAAGT-1,0.199506,0.757271,0.009959,0.033264
ACTGATTTAGTGATTC-1,0.000353,0.61956,0.271288,0.108799
ACTGCCCGCCATTCTC-1,0.935597,0.041158,0.009605,0.01364
ACTGCCGTCGTAACTC-1,0.035126,0.724586,0.240209,0.000079
ACTGGGATGCCAGTGC-1,0.218233,0.051784,0.000636,0.729347
ACTGTACGATACACAT-1,0.130066,0.838259,0.000046,0.031629
ACTGTAGCACTTTGGA-1,0.015723,0.796247,0.187989,0.000042
ACTGTATACGCGAGCA-1,0.000288,0.393839,0.6058,0.000072
ACTGTCCAGGATTATA-1,0.117416,0.695431,0.058762,0.128391
ACTGTCTTCTTTAGAA-1,0.770137,0.15855,0.000019,0.071294
ACTGTGCTAGTAGATC-1,0.000426,0.388727,0.61074,0.000107
ACTGTTTAGTGTAGGC-1,0.01312,0.812145,0.174641,0.000094
ACTTACCGGGCGCGCA-1,0.354859,0.603682,0.04141,0.000049
ACTTACGCATCCACGC-1,0.267409,0.016798,0.197358,0.518435
ACTTAGTACGACAAGA-1,0.000209,0.245685,0.754054,0.000052
ACTTATACTTACCCGG-1,0.489562,0.51039,0.000024,0.000024
ACTTATTAGGATCGGT-1,0.850177,0.101318,0.019598,0.028907
ACTTATTTATGTGCCA-1,0.430101,0.510955,0.000023,0.058922
ACTTCAGGCTGATCCC-1,0.612468,0.310627,0.008721,0.068184
ACTTCCATGCGGGACA-1,0.61607,0.079969,0.163403,0.140558
ACTTCGCCATACGCAC-1,0.514138,0.473951,0.008094,0.003818
ACTTGACTCCCTCTTT-1,0.259631,0.720584,0.000117,0.019668
ACTTGCCATATTGTAC-1,0.00035,0.148061,0.851501,0.000087
ACTTGGGACCCGGTGG-1,0.582129,0.311783,0.011588,0.0945
ACTTGTAGTCCCTTCA-1,0.553528,0.347647,0.098793,0.000031
ACTTGTTACCGGATCA-1,0.072562,0.053282,0.000047,0.874109
ACTTTACCCTCATGAA-1,0.454236,0.4701,0.006691,0.068973
ACTTTCCTATAGCTTC-1,0.931369,0.02935,0.000025,0.039257
ACTTTGACTGCATCCT-1,0.805873,0.1924,0.001699,0.000028
AGAACGTGGTACATTC-1,0.438092,0.455054,0.089188,0.017665
AGAACTGTACTTTGTA-1,0.573931,0.182241,0.02141,0.222418
AGAAGAGCGCCGTTCC-1,0.446028,0.553457,0.000257,0.000257
AGAAGGTACACTTCAC-1,0.532211,0.327917,0.107648,0.032223
AGAAGGTTGCCGAATT-1,0.328004,0.654262,0.000033,0.017701
AGAAGGTTGTAGGTCG-1,0.034213,0.162729,0.16304,0.640019
AGAAGTGATTCGTGAT-1,0.007133,0.99275,0.000058,0.000058
AGAATAAATCTTCAGG-1,0.700614,0.242574,0.056785,0.000028
AGAATACAGGCTATCC-1,0.605842,0.243161,0.041154,0.109843
AGAATGCGGGTTCGGA-1,0.579562,0.347199,0.012092,0.061147
AGAATTATGGATTCGA-1,0.47688,0.52307,0.000025,0.000025
AGAATTGTTTGACATA-1,0.000432,0.466663,0.532798,0.000108
AGACATAGATCCTTCC-1,0.000386,0.535665,0.463853,0.000097
AGACCAAACCACACCT-1,0.288618,0.711362,0.00001,0.00001
AGACCATGGGATACAA-1,0.579237,0.417535,0.003198,0.00003
AGACCCACCGCTGATC-1,0.000305,0.854897,0.008572,0.136226
AGACCCGCCCTCCTCG-1,0.347212,0.494482,0.002584,0.155722
AGACCGGGAAACCCTG-1,0.933133,0.030807,0.036049,0.000011
AGACGAAGTGCCGGTC-1,0.928363,0.030679,0.015603,0.025354
AGACGACGATGCCGCT-1,0.574755,0.406624,0.000104,0.018517
AGACGGGATTGGTATA-1,0.301859,0.540446,0.083356,0.074339
AGACGGGCCGATTTAA-1,0.065793,0.915054,0.019068,0.000085
AGACTAGCCTTCCAGA-1,0.791176,0.201447,0.001719,0.005658
AGACTGTTACCGGGTC-1,0.119633,0.598608,0.000047,0.281713
AGAGAAACACCAGAAA-1,0.545208,0.375832,0.056518,0.022443
AGAGAACCGTCTAGGA-1,0.706339,0.180687,0.060267,0.052707
AGAGAAGGAGTACAAT-1,0.612779,0.387185,0.000018,0.000018
AGAGATCTCTAAAGCG-1,0.884251,0.115719,0.000015,0.000015
AGAGCAGTTATGAGAC-1,0.284733,0.677818,0.037413,0.000037
AGAGCGGGCTAATCAT-1,0.013462,0.957162,0.02931,0.000066
AGAGCGTACAAGCTCG-1,0.383843,0.487643,0.090274,0.03824
AGAGGCTTCGGAAACC-1,0.567435,0.318041,0.079814,0.03471
AGAGGTATCTCGGTCC-1,0.288017,0.687006,0.024892,0.000085
AGAGTTAGAGACCGAT-1,0.000466,0.576676,0.422741,0.000117
AGATAACTTCAGGGCC-1,0.950392,0.049585,0.000011,0.000011
AGATACCGGTGTTCAC-1,0.858543,0.121287,0.009547,0.010623
AGATACGACTTCATAT-1,0.721356,0.278589,0.000028,0.000028
AGATACTCAAGATCGA-1,0.337454,0.636674,0.000027,0.025845
AGATATAATACGACTA-1,0.000092,0.000133,0.084525,0.91525
AGATCGTGCATAAGAT-1,0.683661,0.267339,0.048981,0.000019
AGATCTCAGGTGTGAT-1,0.524865,0.446236,0.000032,0.028867
AGATGACTCGCCCACG-1,0.093566,0.868875,0.03749,0.000069
AGATGAGGGTTGCGAT-1,0.861821,0.138125,0.000027,0.000027
AGATGATGGAGTCTGG-1,0.609463,0.321221,0.043654,0.025662
AGATGCAAGACGTGCA-1,0.634236,0.302278,0.063466,0.00002
AGATTATAGGACGTTT-1,0.805401,0.089583,0.104994,0.000023
AGATTCACAACCGATA-1,0.940657,0.059327,0.000008,0.000008
AGCAAAGGCCGCTAGT-1,0.00014,0.101801,0.02009,0.87797
AGCAACATATCTTATT-1,0.463505,0.463858,0.041822,0.030814
AGCAACCGAAAGTAAT-1,0.330773,0.553056,0.051958,0.064214
AGCACACGTTTAGACT-1,0.76619,0.031827,0.14644,0.055542
AGCACCAGTACTCACG-1,0.693082,0.235696,0.04313,0.028092
AGCACTACCGGCCTGT-1,0.000163,0.812129,0.187667,0.000041
AGCACTACCTCACCAG-1,0.547914,0.162098,0.22406,0.065928
AGCACTTAAGGACGCC-1,0.198205,0.673382,0.060668,0.067745
AGCAGAAGGAGAAAGA-1,0.000083,0.096905,0.004818,0.898193
AGCAGCCAGATGAATA-1,0.47119,0.035327,0.14542,0.348063
AGCAGTCGAAGCATGC-1,0.200341,0.393895,0.096585,0.309179
AGCATATCAATATGCT-1,0.380299,0.580275,0.000045,0.039382
AGCATCATTTCGAAAG-1,0.817531,0.182256,0.000199,0.000014
AGCATCGTCGATAATT-1,0.537831,0.413674,0.028848,0.019648
AGCATTACGAGGCAAG-1,0.245871,0.690742,0.015081,0.048305
AGCCAAGCTTTGTGTC-1,0.02895,0.000107,0.122933,0.84801
AGCCACAGGTTACCCG-1,0.745789,0.137484,0.006397,0.11033
AGCCACTCCCGTGCTT-1,0.867389,0.09238,0.00399,0.036241
AGCCATATAGTATGTG-1,0.016134,0.000084,0.021034,0.962748
AGCCCATACATGTAAG-1,0.686472,0.313491,0.000018,0.000019
AGCCCGCAACAAGCAG-1,0.000078,0.000543,0.008198,0.991182
AGCCCGGCATTAGAGG-1,0.849656,0.149635,0.000696,0.000012
AGCCCGGTAGCCTGTA-1,0.3302,0.070765,0.002955,0.59608
AGCCCTAAGCGAAGTT-1,0.779498,0.198321,0.022153,0.000027
AGCCCTCCCTGGTGGC-1,0.879432,0.036937,0.04269,0.04094
AGCCCTTCTAATCCGA-1,0.941092,0.058868,0.00002,0.00002
AGCCGTGGCTAAATGT-1,0.587036,0.352575,0.027108,0.033281
AGCCTAATACCCACGT-1,0.90361,0.096362,0.000014,0.000014
AGCCTTAAAGCGGAAG-1,0.173051,0.696805,0.114505,0.01564
AGCGACAGGAACGGTC-1,0.22763,0.762905,0.000018,0.009447
AGCGACATCCCATTCA-1,0.032407,0.925209,0.042308,0.000076
AGCGACCAACGATATT-1,0.45401,0.53561,0.010353,0.000027
AGCGACTTTGAAGACA-1,0.000338,0.095279,0.000085,0.904299
AGCGAGACGTGAAGGC-1,0.059371,0.828613,0.054249,0.057766
AGCGCATAATGAATCG-1,0.044372,0.295971,0.002858,0.656799
AGCGCGGGTGCCAATG-1,0.049314,0.778011,0.105587,0.067088
AGCGCTTATGGGCAAG-1,0.923413,0.076501,0.000043,0.000043
AGCGGACACTTCGTAG-1,0.213833,0.147597,0.000081,0.638489
AGCGGCGGTTAGCGGT-1,0.614856,0.385108,0.000018,0.000018
AGCGGGAAGGGTCCAT-1,0.511874,0.488041,0.000042,0.000042
AGCGGGTCTGACACTC-1,0.000061,0.000805,0.000961,0.998173
AGCGTCTGAACCCGCA-1,0.343894,0.575938,0.042808,0.03736
AGCGTGGTATTCTACT-1,0.269444,0.466924,0.144423,0.119208
AGCGTTCCGATTTAAA-1,0.127781,0.763108,0.108968,0.000143
AGCTAACAAGCAATGT-1,0.727627,0.156039,0.000129,0.116206
AGCTAAGCTCCGTCCG-1,0.058048,0.173955,0.006007,0.76199
AGCTAAGTACGCAGGC-1,0.28773,0.478213,0.100372,0.133685
AGCTAGAAGCAGAAGT-1,0.843877,0.156097,0.000013,0.000013
AGCTATTTAATCCAAC-1,0.803969,0.195973,0.000029,0.000029
AGCTCCTTCGCACATC-1,0.000158,0.882884,0.07699,0.039968
AGCTCTAGACGTTCCA-1,0.637797,0.272968,0.039083,0.050153
AGCTCTTCCCAGTGCA-1,0.465606,0.534324,0.000035,0.000035
AGCTCTTCGTAACCTT-1,0.423552,0.478805,0.030558,0.067085
AGCTCTTTACTCAGTT-1,0.71573,0.229355,0.049441,0.005474
AGCTGAAGTAAACCAA-1,0.681832,0.224021,0.018451,0.075695
AGCTGTAACCTCAATC-1,0.719461,0.280485,0.000027,0.000027
AGCTTATAGAGACCTG-1,0.000459,0.777195,0.222232,0.000115
AGCTTCTTCTCGAGCA-1,0.431999,0.441022,0.052596,0.074383
AGCTTGATCTTAACTT-1,0.670487,0.327857,0.001634,0.000022
AGGAAGCTGTCCGCCG-1,0.284422,0.005772,0.00002,0.709785
AGGACAGTCGAATCCC-1,0.736761,0.263196,0.000021,0.000021
AGGACATCGCACGTCG-1,0.196456,0.803406,0.000069,0.000069
AGGACGACCCATTAGA-1,0.717336,0.183819,0.023766,0.075078
AGGACGCTCGATGTTG-1,0.740955,0.25899,0.000027,0.000027
AGGAGGCCTTCGCGCG-1,0.747743,0.23149,0.020755,0.000012
AGGATAAAGTCGGGAT-1,0.168383,0.118429,0.319648,0.393541
AGGATATAGGGATTTA-1,0.708516,0.291457,0.000013,0.000013
AGGATATCCGACTGCA-1,0.433273,0.351838,0.199489,0.015399
AGGATCACGCGATCTG-1,0.77452,0.215423,0.00002,0.010037
AGGCAGATGCGTAAAC-1,0.677609,0.32236,0.000016,0.000016
AGGCAGGGAGCGTACT-1,0.158236,0.328808,0.000063,0.512894
AGGCATTGTCGTAGGG-1,0.546511,0.31607,0.137285,0.000134
AGGCCACCCGTTATGA-1,0.328636,0.597284,0.074046,0.000034
AGGCCCATTGTACAGG-1,0.57545,0.424474,0.000038,0.000038
AGGCCCTAGAACGCCA-1,0.55566,0.373814,0.067818,0.002709
AGGCCTATCATACCAA-1,0.000114,0.000114,0.000028,0.999744
AGGCCTGAGAATCTCG-1,0.325388,0.359798,0.166572,0.148242
AGGCGGTTTGTCCCGC-1,0.999029,0.000817,0.000008,0.000146
AGGCTATGGTTAGCTT-1,0.423948,0.507122,0.003442,0.065488
AGGCTTAAGTTGCACA-1,0.208198,0.218545,0.039969,0.533289
AGGCTTCCCGAAGAAG-1,0.909165,0.059969,0.000012,0.030853
AGGCTTGCTAGACACC-1,0.124386,0.71942,0.156156,0.000038
AGGGAAACGAGGTACT-1,0.764605,0.234458,0.000917,0.00002
AGGGACAGCACGGCGG-1,0.173294,0.826569,0.000068,0.000068
AGGGACCGGCTGCGTT-1,0.437839,0.52699,0.020327,0.014844
AGGGACTCTACGCGAC-1,0.048386,0.061024,0.315591,0.574998
AGGGCAGCGGCGTGGT-1,0.963695,0.036252,0.000026,0.000026
AGGGCGAGCAGCTGAT-1,0.598461,0.375571,0.000019,0.025949
AGGGCGTGATCGGCTA-1,0.000244,0.849171,0.150524,0.000061
AGGGCTGCAGTTACAG-1,0.756545,0.234567,0.008865,0.000023
AGGGTCAGAGCACTCG-1,0.155304,0.363548,0.056639,0.42451
AGGGTCGATGCGAACT-1,0.000161,0.927247,0.00004,0.072552
AGGGTGCCGTTCTTTA-1,0.647377,0.262485,0.000185,0.089953
AGGGTGCTCTCGAGGG-1,0.752222,0.171274,0.021686,0.054817
AGGGTGGATAGTGCAT-1,0.003184,0.694436,0.302348,0.000032
AGGGTTCAGACGGTCC-1,0.051125,0.10956,0.00002,0.839295
AGGGTTCCCTTTGGTT-1,0.910924,0.08872,0.000017,0.00034
AGGGTTTAGTTCGGGA-1,0.958725,0.035621,0.000022,0.005632
AGGTAACCTCCTATTC-1,0.596962,0.359418,0.000036,0.043584
AGGTACGATATTGCCA-1,0.125626,0.829183,0.005764,0.039427
AGGTAGATCGAGATAT-1,0.877173,0.11993,0.000011,0.002886
AGGTAGGTACAAAGCT-1,0.50485,0.297099,0.18563,0.012421
AGGTATAATTGATAGT-1,0.452706,0.523403,0.011677,0.012214
AGGTCAGGTGAGAGTG-1,0.000178,0.982762,0.010562,0.006499
AGGTCGCGGAGTTACT-1,0.703721,0.091324,0.204937,0.000019
AGGTGCACGTCCACAT-1,0.290485,0.58659,0.062009,0.060916
AGGTGGTGACCTTCGC-1,0.000122,0.047154,0.000031,0.952693
AGGTGTATCGCCATGA-1,0.268994,0.706235,0.024734,0.000037
AGGTTGAGGCACGCTT-1,0.693547,0.306407,0.000023,0.000023
AGGTTTCACACACCTT-1,0.491665,0.21747,0.204266,0.086599
AGTAACGTTCATCCTG-1,0.001173,0.844472,0.154061,0.000293
AGTAATCTAAGGGTGG-1,0.306341,0.495659,0.075165,0.122835
AGTAATGTCTTGCCGC-1,0.953193,0.046751,0.000028,0.000028
AGTACAGAAGCTTATA-1,0.403132,0.000072,0.104472,0.492325
AGTACATCATTTATCA-1,0.493262,0.408127,0.023119,0.075492
AGTACCTTCGAGTGCT-1,0.306114,0.520324,0.173482,0.000081
AGTACGGCCCGTATCG-1,0.853562,0.12299,0.023434,0.000014
AGTACGGGCACCTGGC-1,0.593783,0.406166,0.000026,0.000026
AGTACGTGGCCTGTCT-1,0.000423,0.999366,0.000106,0.000106
AGTACTCTTATGCCCA-1,0.004535,0.802495,0.133047,0.059923
AGTAGAAGGCGCCTCA-1,0.000573,0.000069,0.000017,0.999341
AGTAGCGTGAACGAAC-1,0.001009,0.884942,0.113964,0.000085
AGTAGCTAGACGCCGA-1,0.311282,0.429359,0.15638,0.102979
AGTAGGAAGGAAGTTG-1,0.848585,0.099809,0.051586,0.000021
AGTAGGTAACATACAT-1,0.764371,0.23557,0.000029,0.000029
AGTATAATACTAGGCA-1,0.203765,0.61512,0.18108,0.000035
AGTATACACAGCGACA-1,0.000162,0.304155,0.035296,0.660387
AGTATGCTGGAGACCA-1,0.463952,0.153787,0.27544,0.106821
AGTATTTGGCACGACC-1,0.5267,0.016252,0.107943,0.349105
AGTCAAATGATGTGAT-1,0.198699,0.702404,0.098745,0.000152
AGTCAACACCACCATC-1,0.144296,0.774904,0.060037,0.020763
AGTCAAGATGACACTT-1,0.446279,0.343463,0.179506,0.030751
AGTCACTAGCTCTCGA-1,0.407611,0.516345,0.003218,0.072826
AGTCAGCCACCGCCTG-1,0.122568,0.848485,0.028901,0.000046
AGTCCATTGGCTGATG-1,0.69575,0.253823,0.007235,0.043193
AGTCCCGCCTTTAATT-1,0.159468,0.781483,0.059005,0.000044
AGTCGACGGTCTCAAG-1,0.670406,0.329556,0.000019,0.000019
AGTCGGCCCAAACGAC-1,0.642777,0.261306,0.095893,0.000025
AGTCGGCTCAACTTTA-1,0.820952,0.177716,0.000017,0.001315
AGTCGGTTGCGTGAGA-1,0.421461,0.535595,0.005326,0.037618
AGTCGTATAAAGCAGA-1,0.000132,0.237445,0.032326,0.730096
AGTCGTCGACCACCAA-1,0.446398,0.530829,0.021316,0.001457
AGTCGTGGGCATTACG-1,0.594388,0.353616,0.004657,0.047339
AGTCTCACAAGACTAC-1,0.182108,0.813203,0.000054,0.004634
AGTCTGGACATCCTTG-1,0.066209,0.370755,0.562946,0.000091
AGTCTTCTCCTCAAAT-1,0.49658,0.486019,0.003628,0.013773
AGTCTTTAAAGTGTCC-1,0.390711,0.149852,0.000024,0.459414
AGTGAACAAACTTCTC-1,0.685179,0.314794,0.000013,0.000013
AGTGACCTACTTTACG-1,0.7339,0.266054,0.000023,0.000023
AGTGACTGTGACACAA-1,0.862983,0.047,0.072263,0.017754
AGTGAGACTTCCAGTA-1,0.579835,0.419364,0.000024,0.000778
AGTGAGCCTCGCCGCC-1,0.818728,0.181238,0.000017,0.000017
AGTGAGGGTTTCTGAC-1,0.825299,0.174602,0.00005,0.00005
AGTGATAACCTGCGCG-1,0.78201,0.114835,0.053339,0.049815
AGTGATATGAGTAGTT-1,0.559461,0.440455,0.000042,0.000042
AGTGATTCAAGCAGGA-1,0.784121,0.215836,0.000022,0.000022
AGTGCACGCTTAAGAA-1,0.62821,0.175383,0.162861,0.033546
AGTGCGTAGCTCGTAA-1,0.961051,0.023184,0.000012,0.015753
AGTGCTAAACACAGCA-1,0.008405,0.714728,0.1276,0.149266
AGTGCTTGCACGAATA-1,0.861042,0.113739,0.024157,0.001063
AGTGGCCCGCAAATGG-1,0.500485,0.27501,0.037141,0.187365
AGTGGCGGCAATTTGA-1,0.228931,0.760225,0.010173,0.00067
AGTGGCGTCTGAAGGT-1,0.144607,0.664728,0.165799,0.024866
AGTGGCTCCGTCGGCC-1,0.526646,0.46953,0.003794,0.000029
AGTGTATTGCGCATTG-1,0.565202,0.434714,0.000042,0.000042
AGTGTGGTCTATTGTG-1,0.078978,0.920883,0.00007,0.00007
AGTTAAACACTTGCGA-1,0.545591,0.370499,0.050431,0.033479
AGTTAAGCGGTCCCGG-1,0.793066,0.190391,0.000028,0.016516
AGTTAAGTCAACCGCT-1,0.470865,0.382358,0.000028,0.146749
AGTTACCGCACATGGT-1,0.000613,0.72808,0.271268,0.000039
AGTTACTCTATCGTGG-1,0.790471,0.209471,0.000029,0.000029
AGTTATTGAAAGGTAA-1,0.123248,0.648257,0.221321,0.007174
AGTTCCTACAGAATTA-1,0.966414,0.033558,0.000014,0.000014
AGTTCCTATTTATGTT-1,0.373692,0.421229,0.071357,0.133721
AGTTGACGGTCCTTGC-1,0.000112,0.000112,0.049262,0.950513
AGTTGGCAAGGCTAGA-1,0.35697,0.603112,0.004452,0.035466
AGTTTCGCAGGTCGGA-1,0.810685,0.189231,0.000042,0.000042
AGTTTGCACCTGCCTC-1,0.032855,0.000124,0.000727,0.966294
AGTTTGGCACGGGTTG-1,0.622578,0.359843,0.000015,0.017564
AGTTTGGCCAGACCTA-1,0.75536,0.23208,0.000018,0.012542
ATAAACGGACCCGTAA-1,0.19902,0.218725,0.214795,0.36746
ATAAAGGCTCGGTCGT-1,0.384915,0.289429,0.257886,0.06777
ATAAAGGTCAAGTACG-1,0.240881,0.610731,0.148348,0.000039
ATAAATATTAGCAGCT-1,0.005564,0.976762,0.000424,0.017249
ATAACGCCGGAGGGTC-1,0.665999,0.278313,0.000016,0.055672
ATAACGGAGTCCAACG-1,0.685533,0.314425,0.000021,0.000021
ATAAGGTGGAGAACAT-1,0.335362,0.278454,0.001138,0.385046
ATAAGTAGGATTCAGA-1,0.978291,0.013258,0.000011,0.00844
ATAAGTAGGGCGACTC-1,0.334495,0.613513,0.001193,0.050798
ATAAGTTACCGCGACG-1,0.847298,0.152668,0.000017,0.000017
ATAATAGCTGTTGAAT-1,0.000212,0.772734,0.001618,0.225437
ATAATAGTGTAGGGAC-1,0.875667,0.041186,0.083131,0.000017
ATAATCTTGGAGAACC-1,0.215874,0.094986,0.047727,0.641412
ATAATTAGCTAAGTAG-1,0.009486,0.06577,0.000022,0.924722
ATACAGGCCCTCCAAT-1,0.032111,0.200824,0.000047,0.767017
ATACCACGGGCAACTT-1,0.818578,0.164895,0.016513,0.000014
ATACCAGCAAATTGCT-1,0.000486,0.560678,0.438715,0.000121
ATACCAGGCTAATAGA-1,0.807217,0.17086,0.004099,0.017824
ATACCTAACCAAGAAA-1,0.000141,0.002612,0.228623,0.768624
ATACGAGGTTTGTAAG-1,0.000245,0.010537,0.000804,0.988414
ATACGCCGGCGAAACC-1,0.592341,0.391852,0.000017,0.01579
ATACGGAACGTCGTTT-1,0.470662,0.305531,0.222817,0.00099
ATACGGGTTTCGATTG-1,0.07957,0.896216,0.024162,0.000052
ATACGGTGAAGATGCA-1,0.538168,0.461795,0.000019,0.000019
ATACGTACTTAGCCAC-1,0.474135,0.01841,0.062958,0.444496
ATACGTCCACTCCTGT-1,0.568748,0.397991,0.033244,0.000018
ATACGTTATGCACGGA-1,0.194131,0.002946,0.000028,0.802895
ATACTACCCGTACCAC-1,0.370164,0.55403,0.018519,0.057286
ATACTAGCATGACCCT-1,0.887426,0.101087,0.006241,0.005246
ATACTGCCTTACACCG-1,0.000221,0.612992,0.367644,0.019143
ATACTTGTTCTCGAGC-1,0.254407,0.419419,0.326143,0.000031
ATAGACAACGGGACCT-1,0.949347,0.050628,0.000012,0.000012
ATAGACGAAGAGAAAG-1,0.415646,0.490572,0.093758,0.000024
ATAGAGTACTGGGACA-1,0.161261,0.737306,0.101387,0.000045
ATAGAGTTATCAACTT-1,0.722624,0.277326,0.000025,0.000025
ATAGCAACTAGGGAAG-1,0.708066,0.192289,0.031213,0.068432
ATAGGCGGCTATAGAA-1,0.949184,0.045328,0.000012,0.005475
ATAGGCTAGCTTCGCA-1,0.403342,0.575386,0.000026,0.021246
ATAGGGATATCCTTGA-1,0.521974,0.437715,0.000033,0.040278
ATAGGTTGGGCAGATG-1,0.615097,0.274695,0.039992,0.070215
ATAGTCTTTGACGTGC-1,0.285195,0.588471,0.126272,0.000063
ATAGTGAAGCGTTCTC-1,0.756396,0.130207,0.00015,0.113247
ATAGTTCCACCCACTC-1,0.963147,0.004051,0.003057,0.029746
ATATAAAGCGCTCGTG-1,0.083899,0.148803,0.001095,0.766204
ATATAAATGTAGCTGC-1,0.000238,0.096205,0.257947,0.645609
ATATAACACGGGCGCA-1,0.700832,0.147455,0.077888,0.073825
ATATCAACCTACAGAG-1,0.445358,0.457403,0.02152,0.075718
ATATCGGTAGGGAGAT-1,0.706375,0.27218,0.000034,0.021411
ATATCGTGCCAGACCC-1,0.000656,0.811228,0.187952,0.000164
ATATCGTTCCTCGAAC-1,0.418704,0.524466,0.056806,0.000025
ATATCTCCCTCGTTAA-1,0.690379,0.247526,0.000021,0.062074
ATATCTTAGGGCCTTC-1,0.833335,0.007713,0.158928,0.000025
ATATGGGATAGCAACT-1,0.196651,0.031601,0.00415,0.767598
ATATGTCTAGAGCGTG-1,0.045641,0.020651,0.064597,0.86911
ATATGTCTCCCTAGCC-1,0.997324,0.00265,0.000013,0.000013
ATATTCAGTTAAACCT-1,0.339132,0.65913,0.00003,0.001707
ATATTCCACATAGTGA-1,0.420023,0.001564,0.135474,0.442939
ATATTCCCACAGGTCA-1,0.65606,0.343838,0.000051,0.000051
ATATTGCTGTCAAAGT-1,0.984364,0.01561,0.000013,0.000013
ATATTTAACCCTCAAG-1,0.700954,0.298998,0.000024,0.000024
ATCAAACGAAGGTTTG-1,0.50112,0.498825,0.000027,0.000027
ATCAAAGAGCCGTGGT-1,0.000204,0.123663,0.016372,0.85976
ATCAAGATCCCAGGAC-1,0.191684,0.000085,0.000021,0.80821
ATCAATCTGGGCTGCA-1,0.868214,0.073507,0.050159,0.008119
ATCAATGCCGTGGCTG-1,0.874847,0.109743,0.008255,0.007154
ATCACATTAGAATATC-1,0.692968,0.293792,0.010463,0.002777
ATCACGTGCTAATTAA-1,0.240403,0.660335,0.027987,0.071276
ATCACTTCATCCTCGC-1,0.472874,0.448489,0.030226,0.048411
ATCAGACGGCACGCCG-1,0.726556,0.273404,0.00002,0.00002
