Barcode,Topic 1to2,Topic 3,Topic 4,Topic 5to10
AAACAACGAATAGTTC-1,0.345122,0.026299,0.12121,0.507369
AAACAAGTATCTCCCA-1,0.000018,0.000689,0.000364,0.998929
AAACACCAATAACTGC-1,0.186939,0.1087,0.031445,0.672916
AAACAGAGCGACTCCT-1,0.283384,0.00946,0.014849,0.692307
AAACAGCTTTCAGAAG-1,0.066756,0.065028,0.003043,0.865173
AAACAGGGTCTATATT-1,0.040105,0.04963,0.518962,0.391303
AAACAGTGTTCCTGGG-1,0.188612,0.000019,0.16827,0.643099
AAACATGGTGAGAGGA-1,0.000607,0.090131,0.199985,0.709278
AAACATTTCCCGGATT-1,0.130192,0.146895,0.092832,0.630082
AAACCACTACACAGAT-1,0.104378,0.059256,0.000027,0.836339
AAACCCGAACGAAATC-1,0.20947,0.559284,0.035148,0.196098
AAACCGGAAATGTTAA-1,0.308712,0.558525,0.000037,0.132727
AAACCGGGTAGGTACC-1,0.609916,0.293684,0.000053,0.096347
AAACCGTTCGTCCAGG-1,0.361211,0.069647,0.004826,0.564317
AAACCTAAGCAGCCGG-1,0.630682,0.0018,0.000032,0.367485
AAACCTCATGAAGTTG-1,0.230576,0.038079,0.108812,0.622533
AAACGAAGAACATACC-1,0.999256,0.000093,0.000093,0.000558
AAACGAAGATGGAGTA-1,0.01364,0.043693,0.008224,0.934443
AAACGACAGTCTTGCC-1,0.223286,0.200965,0.248669,0.327079
AAACGAGACGGTTGAT-1,0.313433,0.02093,0.000031,0.665606
AAACGCCCGAGATCGG-1,0.179792,0.130793,0.006809,0.682607
AAACGCTGGGCACGAC-1,0.217075,0.524083,0.000031,0.258811
AAACGGGCGTACGGGT-1,0.051993,0.030374,0.000015,0.917618
AAACGGGTTGGTATCC-1,0.991851,0.000085,0.000085,0.007979
AAACGGTTGCGAACTG-1,0.379582,0.042491,0.479427,0.098501
AAACGTGTTCGCCCTA-1,0.220494,0.545858,0.034411,0.199237
AAACTAACGTGGCGAC-1,0.540963,0.356127,0.000041,0.102869
AAACTCGGTTCGCAAT-1,0.176848,0.027142,0.795641,0.000369
AAACTCGTGATATAAG-1,0.416988,0.037201,0.011473,0.534338
AAACTGCTGGCTCCAA-1,0.679188,0.000028,0.206321,0.114463
AAACTTAATTGCACGC-1,0.031523,0.121399,0.013362,0.833715
AAACTTGCAAACGTAT-1,0.359405,0.073143,0.000028,0.567424
AAAGAATGACCTTAGA-1,0.014248,0.004275,0.028294,0.953184
AAAGAATGTGGACTAA-1,0.002702,0.114336,0.18503,0.697932
AAAGACATGAAGTTTA-1,0.487754,0.270448,0.019737,0.222061
AAAGACCCAAGTCGCG-1,0.33718,0.000055,0.071261,0.591504
AAAGACTGGGCGCTTT-1,0.001641,0.008256,0.039741,0.950362
AAAGCTTGCCTACATA-1,0.463986,0.531331,0.000037,0.004646
AAAGGCCCTATAATAC-1,0.131391,0.13339,0.00002,0.735199
AAAGGCTACGGACCAT-1,0.959939,0.039582,0.000068,0.00041
AAAGGCTCTCGCGCCG-1,0.514278,0.043875,0.000069,0.441779
AAAGGGATGTAGCAAG-1,0.718531,0.012026,0.000058,0.269385
AAAGGGCAGCTTGAAT-1,0.039135,0.000018,0.10149,0.859358
AAAGGTAAGCTGTACC-1,0.444764,0.215124,0.021727,0.318385
AAAGGTCAACGACATG-1,0.584407,0.063801,0.000032,0.35176
AAAGTAGCATTGCTCA-1,0.121124,0.103333,0.111297,0.664246
AAAGTCACTGATGTAA-1,0.498779,0.000101,0.167476,0.333644
AAAGTCGACCCTCAGT-1,0.154966,0.136945,0.000044,0.708045
AAAGTGCCATCAATTA-1,0.023587,0.197572,0.59268,0.186161
AAAGTGTGATTTATCT-1,0.108862,0.12764,0.00004,0.763459
AAAGTTGACTCCCGTA-1,0.003115,0.015804,0.000019,0.981063
AAATAACCATACGGGA-1,0.196591,0.006708,0.06914,0.72756
AAATAAGGTAGTGCCC-1,0.043836,0.213498,0.541056,0.201611
AAATACCTATAAGCAT-1,0.055377,0.000013,0.000013,0.944596
AAATAGCTTAGACTTT-1,0.537707,0.071691,0.032382,0.35822
AAATAGGGTGCTATTG-1,0.149333,0.000017,0.000017,0.850634
AAATCACTCCTAAACG-1,0.413429,0.002292,0.517116,0.067162
AAATCCGATACACGCC-1,0.243748,0.024922,0.026051,0.705279
AAATCGCGGAAGGAGT-1,0.072629,0.133248,0.102246,0.691876
AAATCGTGTACCACAA-1,0.937651,0.000078,0.061803,0.000468
AAATCTAGCCCTGCTA-1,0.015567,0.008981,0.065715,0.909737
AAATCTGCCCGCGTCC-1,0.030513,0.369105,0.000038,0.600344
AAATGACTGATCAAAC-1,0.380434,0.000035,0.619321,0.000209
AAATGATTCGATCAGC-1,0.334222,0.329377,0.057651,0.27875
AAATGCTCGTTACGTT-1,0.495149,0.000042,0.014202,0.490606
AAATGGCATGTCTTGT-1,0.297652,0.000042,0.058319,0.643987
AAATGGCCCGTGCCCT-1,0.000015,0.000007,0.012434,0.987545
AAATGGTCAATGTGCC-1,0.624195,0.280827,0.000197,0.094782
AAATGTATCTTATCCC-1,0.020313,0.030264,0.020414,0.929009
AAATTAACGGGTAGCT-1,0.99933,0.000084,0.000084,0.000502
AAATTAATAAGCGCGA-1,0.00281,0.00001,0.02362,0.97356
AAATTACACGACTCTG-1,0.740052,0.000053,0.000053,0.259841
AAATTACCTATCGATG-1,0.771759,0.045827,0.000049,0.182364
AAATTCCAGGTCCAAA-1,0.455679,0.310822,0.165763,0.067737
AAATTGATAGTCCTTT-1,0.327572,0.041771,0.000035,0.630621
AAATTGCGGCGGTTCT-1,0.999006,0.000124,0.000124,0.000746
AAATTGGTGAGAAGCA-1,0.191275,0.166848,0.154193,0.487684
AAATTTACCGAAATCC-1,0.191106,0.012923,0.012936,0.783034
AAATTTGCGGGTGTGG-1,0.52973,0.128122,0.000055,0.342092
AACAACTGGTAGTTGC-1,0.693399,0.000059,0.000059,0.306484
AACAATACATTGTCGA-1,0.547995,0.031884,0.000035,0.420086
AACAATTACTCTACGC-1,0.458113,0.026263,0.208113,0.307511
AACACACGCTCGCCGC-1,0.075247,0.121408,0.021093,0.782253
AACACGACTGTACTGA-1,0.983663,0.000134,0.000134,0.016069
AACACGAGACGCGGCC-1,0.232839,0.256502,0.014686,0.495974
AACACGCGGCCGCGAA-1,0.599709,0.042473,0.326425,0.031392
AACAGCTGTGTGGCAA-1,0.580154,0.057452,0.000047,0.362347
AACAGGAAATCGAATA-1,0.762263,0.014611,0.110804,0.112322
AACAGGATGGGCCGCG-1,0.262508,0.000029,0.000029,0.737433
AACAGGTAGTATGGAT-1,0.035596,0.190789,0.000014,0.773601
AACATAGCGTGTATCG-1,0.329937,0.307548,0.130479,0.232036
AACATATCAACTGGTG-1,0.551929,0.269896,0.00006,0.178115
AACATCGATACGTCTA-1,0.22778,0.18073,0.305355,0.286135
AACATTGAAGTTGATC-1,0.087272,0.062703,0.000019,0.850007
AACATTGGTCAGCCGT-1,0.94869,0.050385,0.000132,0.000793
AACATTGTGACTCGAG-1,0.990145,0.000042,0.000042,0.00977
AACCAAGACTTCTCTG-1,0.471768,0.055686,0.00004,0.472506
AACCAGTATCACTCTT-1,0.218669,0.000016,0.049754,0.731561
AACCATAGGGTTGAAC-1,0.072154,0.062476,0.213689,0.651682
AACCATGGGATCGCTA-1,0.958638,0.000073,0.000073,0.041216
AACCCAGAGACGGAGA-1,0.999138,0.000108,0.000108,0.000647
AACCCATCCCATGATC-1,0.208471,0.061769,0.000021,0.729739
AACCCGACAACCCGTG-1,0.288085,0.032523,0.103079,0.576312
AACCCGAGCAGAATCG-1,0.034285,0.138158,0.040338,0.787219
AACCCGATAGGGCTTC-1,0.473524,0.368081,0.000056,0.15834
AACCCGCTGTATTCCA-1,0.434044,0.000957,0.099615,0.465384
AACCCTACTGTCAATA-1,0.004384,0.004611,0.047684,0.94332
AACCCTGGTGGAACCA-1,0.627981,0.000044,0.000044,0.371931
AACCGAGCTTGGTCAT-1,0.19112,0.012702,0.02745,0.768728
AACCGCTAAGGGATGC-1,0.04668,0.017273,0.002662,0.933385
AACCGTTGTGTTTGCT-1,0.858381,0.000087,0.046605,0.094927
AACCTCGCTTTAGCCC-1,0.012049,0.007619,0.000015,0.980317
AACCTGTCACGGAATT-1,0.385188,0.508526,0.098158,0.008128
AACCTTTAAATACGGT-1,0.41111,0.00002,0.00002,0.588851
AACCTTTACGACGTCT-1,0.40533,0.000037,0.024283,0.57035
AACGAAAGTCGTCCCA-1,0.147948,0.00762,0.032074,0.812359
AACGACCTCCTAGCCG-1,0.059852,0.4561,0.009637,0.474411
AACGATAATGCCGTAG-1,0.305334,0.014978,0.142673,0.537015
AACGATAGAAGGGCCG-1,0.742899,0.000167,0.255934,0.001
AACGATATGTCAACTG-1,0.801091,0.012645,0.000061,0.186203
AACGCATGATCTGGGT-1,0.006951,0.106284,0.48375,0.403015
AACGCGAACGGCAACA-1,0.848463,0.000057,0.000057,0.151422
AACGCGACCTTGGGCG-1,0.500155,0.000031,0.000031,0.499783
AACGCGGTCTCCAGCC-1,0.66329,0.028319,0.137133,0.171258
AACGCTGTTGCTGAAA-1,0.149109,0.014317,0.024626,0.811948
AACGGACGTACGTATA-1,0.242222,0.086397,0.022536,0.648845
AACGGCCATCTCCGGT-1,0.190821,0.016788,0.000025,0.792366
AACGTACTGTGGGTAC-1,0.234878,0.000675,0.000033,0.764414
AACGTCAGACTAGTGG-1,0.897889,0.000068,0.000068,0.101976
AACGTCATCCGGCTTG-1,0.228886,0.067308,0.703126,0.00068
AACGTCGCTGCACTTC-1,0.119006,0.387211,0.000035,0.493748
AACGTGATGAAGGACA-1,0.16541,0.000071,0.173779,0.660741
AACGTGCGAAAGTCTC-1,0.370479,0.009171,0.096253,0.524098
AACGTTATCAGCACCT-1,0.213647,0.000041,0.000041,0.786271
AACGTTCTACCATTGT-1,0.051053,0.393988,0.240587,0.314372
AACTACCCGTTTGTCA-1,0.108313,0.330267,0.000023,0.561397
AACTAGGCTTGGGTGT-1,0.962327,0.03712,0.000079,0.000474
AACTCAAGTTAATTGC-1,0.713888,0.00307,0.021397,0.261645
AACTCCAGAGCGTGTT-1,0.090319,0.006504,0.031883,0.871294
AACTCCTAATCCCATG-1,0.283016,0.035144,0.000998,0.680842
AACTCGATAAACACGT-1,0.874321,0.109712,0.000103,0.015864
AACTCGATGGCGCAGT-1,0.226024,0.000035,0.041219,0.732722
AACTCTCAATAGAGCG-1,0.463971,0.016944,0.000053,0.519032
AACTCTCAGTGTGCTC-1,0.330237,0.079375,0.002111,0.588277
AACTGAGGTCAGCGTC-1,0.24703,0.036561,0.503089,0.213321
AACTGAGTTATACTGA-1,0.212723,0.786798,0.000068,0.00041
AACTGATATTAGGCCT-1,0.5628,0.016518,0.08854,0.332142
AACTGGGTCCCGACGT-1,0.855235,0.000414,0.034803,0.109548
AACTGGGTTCGAGCCG-1,0.150634,0.009243,0.131028,0.709095
AACTGGTGTGGGCCTT-1,0.537515,0.000229,0.341428,0.120827
AACTTCTGCGTCTATC-1,0.829394,0.015898,0.000094,0.154614
AACTTGCCCGTATGCA-1,0.076667,0.000025,0.000025,0.923283
AACTTGCGTTCTCGCG-1,0.894701,0.000045,0.000045,0.10521
AACTTTACGGGAGCTT-1,0.400478,0.072038,0.000084,0.527399
AACTTTCTCGATCATG-1,0.264902,0.63604,0.00004,0.099018
AAGAAAGTTTGATGGG-1,0.000047,0.063261,0.632062,0.30463
AAGAAATCACCAGATT-1,0.211898,0.477395,0.010203,0.300503
AAGAAGGATCAGTTAG-1,0.16269,0.000027,0.000027,0.837256
AAGACATACGTGGTTT-1,0.109602,0.011661,0.252736,0.626001
AAGACCAAATAACTCA-1,0.058154,0.204076,0.031499,0.706271
AAGACCCAACTGAACA-1,0.999451,0.000069,0.000069,0.000412
AAGACTAACCCGTTGT-1,0.999325,0.000084,0.000084,0.000506
AAGACTCACGCCCACT-1,0.106244,0.061657,0.053135,0.778964
AAGACTGCAAGCTACT-1,0.847437,0.005817,0.000059,0.146686
AAGAGATGAATCGGTA-1,0.677061,0.000042,0.000042,0.322855
AAGAGCTCTTTATCGG-1,0.241928,0.000033,0.000033,0.758005
AAGAGGATGTACGCGA-1,0.456031,0.241151,0.000067,0.302751
AAGAGGCATGGATCGC-1,0.278925,0.026508,0.000041,0.694525
AAGAGGCCCTTTGGAA-1,0.208151,0.469395,0.132186,0.190268
AAGATGGCACCGGACC-1,0.465721,0.120555,0.153192,0.260531
AAGATTGGCGGAACGT-1,0.092167,0.063173,0.000031,0.844628
AAGCACCCTGCGTATC-1,0.000542,0.000015,0.032043,0.967401
AAGCATACTCTCCTGA-1,0.686615,0.010396,0.054072,0.248917
AAGCCACTTGCAGGTA-1,0.045501,0.248384,0.000035,0.706079
AAGCCGAAGCGGTTTA-1,0.072716,0.131287,0.028967,0.767029
AAGCCGCCGTGAAATC-1,0.005493,0.025242,0.173817,0.795448
AAGCCGCTTTACCTTG-1,0.000088,0.556046,0.443601,0.000265
AAGCCGGAGAGCAGGA-1,0.00002,0.008587,0.378003,0.613389
AAGCGCAGGGCTTTGA-1,0.590728,0.045426,0.000034,0.363812
AAGCGGAGTGCGCGCA-1,0.053491,0.307316,0.076365,0.562828
AAGCGGCGTCATGGGT-1,0.563555,0.08836,0.000039,0.348046
AAGCGTCCCTCATCGA-1,0.178962,0.006714,0.078338,0.735986
AAGCTAGATCGAGTAA-1,0.747599,0.000041,0.000041,0.25232
AAGCTATGGATTGACC-1,0.027234,0.088033,0.003124,0.881608
AAGCTCGTGCCAAGTC-1,0.549225,0.039872,0.000067,0.410836
AAGCTCTTTCATGGTG-1,0.42725,0.093271,0.000052,0.479427
AAGGAGCGGTTGGTGC-1,0.933578,0.065525,0.000128,0.000769
AAGGATCGATCGCTTG-1,0.173947,0.324494,0.338185,0.163373
AAGGATGAGGGACCTC-1,0.128073,0.021111,0.250223,0.600593
AAGGCAGGCTGTCTCC-1,0.078492,0.000404,0.383912,0.537191
AAGGCGCGTAAAGCTT-1,0.240377,0.000026,0.027233,0.732364
AAGGCTGTGCTCATCG-1,0.514986,0.000054,0.002047,0.482913
AAGGGAACGACTGGCT-1,0.15388,0.167577,0.512988,0.165555
AAGGGACAGATTCTGT-1,0.603379,0.078209,0.000054,0.318358
AAGGGACTATGCATTC-1,0.256746,0.059242,0.232716,0.451296
AAGGGTTAGCCATGCG-1,0.106124,0.422062,0.000067,0.471747
AAGGGTTTGATTTCAG-1,0.004884,0.00314,0.114294,0.877681
AAGGTATCCTAATATA-1,0.188648,0.022734,0.000024,0.788594
AAGGTGATAAACCAGC-1,0.011208,0.019231,0.017149,0.952413
AAGTAGAAGACCGGGT-1,0.383248,0.000096,0.178742,0.437914
AAGTAGTGACGCGAGG-1,0.628636,0.071759,0.000062,0.299543
AAGTCAATTGTCGTCA-1,0.11521,0.025404,0.009258,0.850128
AAGTCTAGTAGCTGCC-1,0.208202,0.664179,0.000043,0.127576
AAGTCTTCTGTGGCCT-1,0.320714,0.221158,0.000052,0.458077
AAGTGACGACCGAATT-1,0.310142,0.000033,0.000033,0.689792
AAGTGAGTCGGGTTTA-1,0.791915,0.002009,0.000046,0.20603
AAGTGCAAAGGTAGAC-1,0.000682,0.024006,0.003431,0.971882
AAGTGCCTTGACTGTA-1,0.577158,0.335551,0.000056,0.087235
AAGTGCGTTAGAATCT-1,0.110808,0.012414,0.000025,0.876753
AAGTGCTTCTCTATTG-1,0.508456,0.142984,0.000045,0.348516
AAGTGTTTGGAGACGG-1,0.366596,0.037332,0.000045,0.596027
AAGTTCACTCCAAGCT-1,0.450112,0.000018,0.000018,0.549851
AAGTTCAGTCTGCGTA-1,0.508177,0.389731,0.020124,0.081968
AAGTTCGGCCAACAGG-1,0.145621,0.05997,0.000034,0.794375
AAGTTGTGATGTTATA-1,0.250191,0.058573,0.000026,0.69121
AAGTTTATGGGCCCAA-1,0.436556,0.149522,0.167884,0.246037
AATAACAACGCTCGGC-1,0.625326,0.042674,0.016752,0.315247
AATAACACTAGAACAA-1,0.224443,0.000021,0.01418,0.761356
AATAACGTCGCGCCCA-1,0.000027,0.066824,0.358934,0.574215
AATAAGTCCTCGAGAC-1,0.939516,0.000075,0.036067,0.024343
AATAATCTTCGTATCG-1,0.00005,0.192872,0.278002,0.529076
AATACAATGTTTCAGG-1,0.092651,0.00002,0.060459,0.84687
AATACCGGAGGGCTGT-1,0.318167,0.197907,0.00003,0.483897
AATACCTGATGTGAAC-1,0.137728,0.295988,0.005467,0.560816
AATAGAACAGAGTGGC-1,0.488079,0.008039,0.000031,0.503851
AATAGAATCTGTTTCA-1,0.072926,0.05049,0.083187,0.793397
AATAGCAAGCCTCCTG-1,0.099905,0.3789,0.021613,0.499582
AATAGCTACCGCGTGC-1,0.712609,0.25395,0.000036,0.033405
AATAGGCACGACCCTT-1,0.32837,0.08382,0.000033,0.587777
AATAGTCCGTCCCGAC-1,0.239355,0.000157,0.759545,0.000944
AATAGTCGCGAGTCGG-1,0.276368,0.070691,0.000041,0.6529
AATATCCTAGCAAACT-1,0.094752,0.01862,0.181891,0.704737
AATATCGAATCAATGC-1,0.079043,0.141718,0.045251,0.733988
AATATCGAGGGTTCTC-1,0.587911,0.325912,0.000064,0.086114
AATATTGGAGTATTGA-1,0.323338,0.142424,0.316453,0.217786
AATCAGACTGCAGGAC-1,0.578157,0.000111,0.000111,0.421622
AATCAGGTTTCATTTA-1,0.353268,0.392361,0.000054,0.254317
AATCATGTAAAGACTC-1,0.106908,0.098042,0.000033,0.795017
AATCCAAGGGCCTGAG-1,0.459316,0.00005,0.091309,0.449325
AATCCATGCAAGGGTG-1,0.879954,0.00007,0.00007,0.119906
AATCCCGCTCAGAGCC-1,0.218525,0.136218,0.644713,0.000544
AATCGAGGTCTCAAGG-1,0.116621,0.178102,0.177726,0.527551
AATCGCCTCAGCGCCA-1,0.632327,0.05967,0.000049,0.307954
AATCGCGCAGAGGACT-1,0.423055,0.206529,0.048591,0.321825
AATCGGGACACTACGA-1,0.999248,0.000094,0.000094,0.000564
AATCGGTATAGCCCTC-1,0.044972,0.000008,0.405915,0.549104
AATCGTGAGCCGAGCA-1,0.095594,0.000028,0.221373,0.683004
AATCTAGGTTTACTTG-1,0.161651,0.01457,0.00002,0.823758
AATCTATGCCGGAGCC-1,0.363758,0.360494,0.162511,0.113237
AATCTCTACTGTGGTT-1,0.203404,0.002228,0.017862,0.776506
AATCTGCGTTGGGACG-1,0.184081,0.039647,0.000034,0.776238
AATCTGGCTTTCTAGT-1,0.000022,0.000011,0.131923,0.868044
AATCTGGGTAGACCCT-1,0.073813,0.0952,0.000023,0.830964
AATGACAGCAATGTCT-1,0.23916,0.109143,0.000035,0.651662
AATGACGTAGGATGTC-1,0.232171,0.097511,0.040453,0.629864
AATGACTGTCAGCCGG-1,0.599042,0.0162,0.000109,0.38465
AATGAGTTCGCATATG-1,0.179877,0.000041,0.021072,0.79901
AATGATGATACGCTAT-1,0.422354,0.141788,0.153823,0.282035
AATGATGCGACTCCTG-1,0.438035,0.265296,0.000067,0.296603
AATGCAACCGGGTACC-1,0.962018,0.000076,0.000076,0.03783
AATGCACCAAGCAATG-1,0.350385,0.215582,0.076176,0.357857
AATGGCCGCCAATGCG-1,0.332939,0.009968,0.000041,0.657052
AATGGTCCACCGTTCA-1,0.3268,0.001497,0.1102,0.561503
AATGGTTCTCACAAGC-1,0.999539,0.000058,0.000058,0.000346
AATGTATGGCACTGTA-1,0.452832,0.195141,0.000025,0.352002
AATGTGCCCGAGGTGT-1,0.103272,0.010434,0.57579,0.310504
AATGTGCTAATCTGAG-1,0.680871,0.208479,0.000039,0.110611
AATGTTAAGACCCTGA-1,0.258614,0.336265,0.039693,0.365428
AATGTTGTCGTGAGAC-1,0.16072,0.24363,0.13478,0.46087
AATTAAAGGTCGGCGT-1,0.999385,0.000077,0.000077,0.000461
AATTAACGGATTTCCA-1,0.970941,0.000046,0.000046,0.028968
AATTACGAGACCCATC-1,0.019064,0.104546,0.034131,0.842259
AATTACTCGTACGCTC-1,0.712865,0.000055,0.000055,0.287024
AATTAGCGCTGCAGCG-1,0.774171,0.000051,0.225472,0.000306
AATTATACCCAGCAAG-1,0.194588,0.121031,0.213615,0.470766
AATTCATAAGGGATCT-1,0.558894,0.017652,0.102046,0.321408
AATTCATTGTCATGCA-1,0.131721,0.134011,0.002436,0.731832
AATTCCAACTTGGTGA-1,0.777607,0.221294,0.000157,0.000942
AATTCCAAGCATGTAC-1,0.19091,0.000106,0.808348,0.000636
AATTCGATTCGAGGAT-1,0.412827,0.002129,0.012479,0.572565
AATTCTAGAGTTAGGC-1,0.775032,0.004388,0.034069,0.186511
AATTGAACGCTCTGGT-1,0.400899,0.059001,0.08257,0.457531
AATTGCAGCAATCGAC-1,0.064322,0.116744,0.027762,0.791173
AATTGCGTGGATTACA-1,0.066285,0.093889,0.006735,0.833091
AATTGTGGTTGCCAAA-1,0.000017,0.067,0.065971,0.867012
AATTTGGGACATAGTA-1,0.706948,0.067815,0.000056,0.22518
AATTTGGTTCCAAAGA-1,0.290167,0.000046,0.010624,0.699164
ACAAACCATGCGTCCT-1,0.004034,0.033002,0.12845,0.834515
ACAAACTCCATCAGAG-1,0.008908,0.006754,0.241933,0.742405
ACAAAGAAGGTAGGCC-1,0.000204,0.020547,0.050772,0.928477
ACAAAGCATGACCTAG-1,0.222383,0.150363,0.036749,0.590505
ACAAATCGCACCGAAT-1,0.391832,0.033173,0.000034,0.574961
ACAAATGGTAGTGTTT-1,0.20522,0.002693,0.000027,0.792059
ACAAATTCAGATCTGA-1,0.717128,0.196661,0.019851,0.066361
ACAACAGCATGAGCTA-1,0.654025,0.021493,0.000066,0.324416
ACAACGGTCCCTGCGA-1,0.13609,0.000019,0.105908,0.757983
ACAAGCAGTGCCTAGC-1,0.469579,0.037703,0.000046,0.492671
ACAAGCTATATGGAAG-1,0.288381,0.001916,0.011622,0.698081
ACAAGGAAATCCGCCC-1,0.747265,0.010328,0.067317,0.17509
ACAAGGACAAGAGGTT-1,0.25745,0.008084,0.032516,0.70195
ACAAGGATGCTTTAGG-1,0.417905,0.124645,0.000034,0.457416
ACAAGGCCTACCAGCC-1,0.091151,0.48627,0.404139,0.01844
ACAAGGGCAGGCTCTG-1,0.440438,0.199435,0.000068,0.360059
ACAAGTAATTGTAAGG-1,0.110176,0.469439,0.002884,0.417501
ACAATAGTCGTACGTT-1,0.363242,0.053958,0.098614,0.484186
ACAATCCATTTAAACC-1,0.466059,0.01082,0.000035,0.523086
ACAATGAATACGGAGA-1,0.107883,0.002183,0.000021,0.889913
ACAATGATTCTTCTAC-1,0.478144,0.469356,0.000047,0.052453
ACAATTGTGTCTCTTT-1,0.025246,0.139525,0.220436,0.614793
ACAATTTAGGAGGCTC-1,0.012574,0.003716,0.030926,0.952785
ACAATTTGAGCAGTGG-1,0.328442,0.000045,0.000031,0.671482
ACAATTTGGCCATATT-1,0.698457,0.285495,0.000049,0.015999
ACACAAAGACGGGTGG-1,0.949648,0.049674,0.000097,0.000582
ACACAAATATTCCTAG-1,0.296764,0.313688,0.039646,0.349902
ACACACCAGGACCAGT-1,0.001644,0.029538,0.215578,0.75324
ACACACTTTCTACACG-1,0.722679,0.000086,0.159024,0.118211
ACACATGATCAAATCT-1,0.012735,0.002791,0.473635,0.510839
ACACATTGACGCAACA-1,0.401857,0.00004,0.303767,0.294337
ACACATTTCCGTAGAC-1,0.432565,0.002621,0.203314,0.361499
ACACCACATAATTAGC-1,0.39828,0.467313,0.046411,0.087997
ACACCCAGCATGCAGC-1,0.535523,0.000109,0.119684,0.344684
ACACCCGAGAAATCCG-1,0.593094,0.000037,0.000037,0.406832
ACACCCGTAAATCTGT-1,0.495914,0.137773,0.056808,0.309505
ACACCGAGCGCTCTTT-1,0.076192,0.00003,0.00003,0.923748
ACACCGGTCTGACCGC-1,0.08379,0.1394,0.000022,0.776787
ACACCTTAAGTAGGGC-1,0.999266,0.000092,0.000092,0.000551
ACACCTTACTACTTGC-1,0.068456,0.128318,0.044668,0.758559
ACACGAGACTCCTTCT-1,0.131393,0.000636,0.001343,0.866628
ACACGGCACTATGCAT-1,0.890526,0.000092,0.04163,0.067752
ACACGGGAACTTAGGG-1,0.436799,0.014929,0.007117,0.541156
ACACGTAGGCCACAAG-1,0.003596,0.046653,0.14725,0.802502
ACACTCCAATGTCACT-1,0.527628,0.000065,0.000065,0.472242
ACACTGATCAAGGTGT-1,0.606241,0.000055,0.000055,0.393648
ACACTGGGACAGTCGT-1,0.175622,0.284957,0.008276,0.531145
ACAGAACTGAGAACAA-1,0.075587,0.006927,0.01103,0.906456
ACAGCATAGAGCCAGT-1,0.998434,0.000196,0.000196,0.001175
ACAGCGACATTCTCAT-1,0.065102,0.187519,0.001525,0.745854
ACAGCGCACCCGCAGC-1,0.597221,0.000048,0.000048,0.402683
ACAGGAGGCGCAGCCG-1,0.815074,0.074237,0.033535,0.077154
ACAGGCACGGATCCTT-1,0.004637,0.206114,0.005351,0.783898
ACAGGCTTGCCCGACT-1,0.299678,0.033596,0.025903,0.640823
ACAGGTGGAGGTGAGG-1,0.390682,0.000025,0.000025,0.609269
ACAGGTGTGTTGTTGC-1,0.003498,0.082758,0.581411,0.332333
ACAGTAATACAACTTG-1,0.584554,0.118533,0.000031,0.296882
ACAGTATACCGTGGGA-1,0.40441,0.425787,0.023476,0.146327
ACAGTGCAGCGCATTT-1,0.5796,0.08812,0.228999,0.10328
ACATAAGTCGTGGTGA-1,0.165546,0.127288,0.025191,0.681975
ACATAATAAGGCGGTG-1,0.568256,0.007135,0.13332,0.291288
ACATACAATCAAGCGG-1,0.000768,0.00131,0.056134,0.941787
ACATCAGCTGGGACGC-1,0.173566,0.18595,0.042002,0.598481
ACATCCCGGCCATACG-1,0.637334,0.000088,0.037142,0.325436
ACATCCTGGTAACTGT-1,0.277669,0.371706,0.085578,0.265047
ACATCGATCGTTTACC-1,0.367562,0.000048,0.314692,0.317698
ACATCGCAATATTCGG-1,0.003369,0.04715,0.000024,0.949457
ACATCGGTCAGCCGCG-1,0.542095,0.077307,0.048253,0.332345
ACATCGTATGCAATGG-1,0.359267,0.110652,0.004739,0.525341
ACATCGTTAACCTAGT-1,0.8579,0.000063,0.000063,0.141974
ACATCTCAACGCGTAA-1,0.698987,0.225379,0.074879,0.000755
ACATGCTTACGGCAGC-1,0.002556,0.000007,0.241554,0.755884
ACATGGCGCCAAAGTA-1,0.000434,0.027672,0.120581,0.851313
ACATGGCTCAATTTAG-1,0.470518,0.008241,0.000059,0.521182
ACATTAGTTTATATCC-1,0.804974,0.123551,0.000131,0.071344
ACATTCGCGCGGAATA-1,0.057597,0.00073,0.357426,0.584247
ACATTTGAAACCTAAC-1,0.019242,0.00123,0.007269,0.97226
ACCAAACACCCAGCGA-1,0.264665,0.197179,0.344958,0.193199
ACCAACACCACACACT-1,0.26945,0.291018,0.200447,0.239085
ACCAACCGCACTCCAC-1,0.21463,0.103235,0.007978,0.674157
ACCAACGCTTATTTAT-1,0.624726,0.000087,0.374664,0.000523
ACCAAGAACGCGTGTC-1,0.310543,0.000207,0.688007,0.001243
ACCAAGTCATCGGCAG-1,0.167277,0.078449,0.106536,0.647738
ACCAATATGCAAGTTA-1,0.121657,0.001058,0.000017,0.877268
ACCACAACTCAGAACA-1,0.692465,0.016635,0.039186,0.251715
ACCACAAGTTTCTATC-1,0.816334,0.010355,0.078178,0.095133
ACCACACGGTTGATGG-1,0.036115,0.1085,0.157349,0.698035
ACCACCAATGTAACAA-1,0.848291,0.133448,0.000027,0.018234
ACCACCCTCTCTTCTA-1,0.154996,0.48654,0.234622,0.123842
ACCACGTGCAGCTATA-1,0.682621,0.134709,0.000048,0.182621
ACCACTGTTCAAGAAG-1,0.330248,0.201074,0.000076,0.468602
ACCAGACCATAACAAC-1,0.152693,0.01095,0.011759,0.824599
ACCAGCCCGGTCTTTG-1,0.999471,0.000066,0.000066,0.000397
ACCAGTGCCCGGTCAA-1,0.423063,0.00701,0.167791,0.402136
ACCAGTGCGGGAGACG-1,0.039068,0.036189,0.000024,0.924719
ACCATATCCGCAATAA-1,0.999414,0.000073,0.000073,0.00044
ACCATCCGCCAACTAG-1,0.176835,0.292621,0.201182,0.329362
ACCATCGTATATGGTA-1,0.334152,0.010103,0.036098,0.619647
ACCATTAAGGGTGTCA-1,0.52373,0.227712,0.00009,0.248468
ACCCAACGCCCGTGGC-1,0.372296,0.035362,0.000039,0.592303
ACCCACCTACATGCTC-1,0.497132,0.055815,0.000041,0.447011
ACCCATCTTGAGGGTA-1,0.541368,0.016467,0.07431,0.367856
ACCCATTTGTCCCTCT-1,0.034439,0.011428,0.058301,0.895832
ACCCGAGCGAAATTAC-1,0.324651,0.13286,0.000028,0.542461
ACCCGATTGGTTCCGA-1,0.382369,0.103974,0.002523,0.511134
ACCCGGAAACTCCCAG-1,0.926594,0.000037,0.000037,0.073333
ACCCGGAGCACCACAA-1,0.126715,0.559185,0.000034,0.314066
ACCCGGATGACGCATC-1,0.233264,0.000023,0.000023,0.766689
ACCCGGTTACACTTCC-1,0.947481,0.000075,0.000075,0.052369
ACCCGTAGCAGAGAAT-1,0.002886,0.32187,0.301165,0.374079
ACCCGTAGTCTAGTTG-1,0.009122,0.075305,0.108761,0.806812
ACCCGTGTCATCAGTA-1,0.956854,0.042534,0.000087,0.000525
ACCCTATAGGACTGAG-1,0.254591,0.000048,0.030687,0.714674
ACCCTATGCCATATCG-1,0.156495,0.000193,0.001151,0.842161
ACCCTCCCGTCAGGGC-1,0.022872,0.253498,0.004383,0.719246
ACCCTCCCTTGCTATT-1,0.568965,0.188869,0.000057,0.24211
ACCCTGGTAACGCCCT-1,0.405085,0.546464,0.000052,0.048398
ACCCTTCATCTGCGAA-1,0.590577,0.00008,0.070344,0.338999
ACCCTTGCCTGGGTCG-1,0.427601,0.021874,0.505824,0.044701
ACCCTTTAGTTCTCCA-1,0.578103,0.0488,0.087917,0.285179
ACCGAAAGGGCCCTGC-1,0.435848,0.000044,0.073793,0.490314
ACCGAAGAGTCTGGTT-1,0.12281,0.034467,0.000014,0.842709
ACCGACACATCTCCCA-1,0.961769,0.004205,0.000044,0.033983
ACCGACTGAGTCCCAC-1,0.30541,0.000027,0.012872,0.68169
ACCGAGTCTCCTTATT-1,0.003589,0.220899,0.022705,0.752807
ACCGATAGGCATAACC-1,0.034437,0.108546,0.000013,0.857004
ACCGATATTTAATCAT-1,0.108153,0.307014,0.584576,0.000256
ACCGATGGTAGCATCG-1,0.000028,0.000014,0.010472,0.989486
ACCGCAATAACTGCCT-1,0.532311,0.061609,0.000032,0.406048
ACCGCGGTGGAAGTCG-1,0.213589,0.002506,0.042512,0.741393
ACCGCTAGTCATTGGT-1,0.051038,0.126902,0.033645,0.788415
ACCGGGCCTTTGTTGA-1,0.100705,0.035108,0.00002,0.864168
ACCGGTCAGGTACACC-1,0.055783,0.130936,0.000021,0.813259
ACCGGTCTGAGTACGG-1,0.581044,0.266578,0.00005,0.152329
ACCGTCCACTGGGCCC-1,0.06601,0.215315,0.003253,0.715422
ACCGTGACCACGTGGG-1,0.138314,0.041669,0.047114,0.772903
ACCGTTCCCGCTCTGA-1,0.763476,0.000075,0.030908,0.205541
ACCTAAGTACCTTTCA-1,0.087953,0.000021,0.047919,0.864107
ACCTAATCGACTTCCT-1,0.116846,0.000017,0.052853,0.830284
ACCTACAGTATGTGGT-1,0.258488,0.654098,0.00004,0.087374
ACCTACTATAAATCTA-1,0.227687,0.000091,0.771675,0.000547
ACCTCAGCGAGGCGCA-1,0.3102,0.198133,0.000027,0.491641
ACCTCCGCCCTCGCTG-1,0.203731,0.540748,0.000038,0.255484
ACCTCCGTTATTCACC-1,0.504041,0.342298,0.115385,0.038277
ACCTCGAACTTATGCT-1,0.222792,0.167332,0.000019,0.609857
ACCTGCGTGTCATGTT-1,0.302758,0.05316,0.000034,0.644048
ACGAAATGGGCGGCAC-1,0.040512,0.000028,0.000028,0.959432
ACGACCCATGAGTTGC-1,0.02286,0.226855,0.748769,0.001516
ACGACTCTAGGGCCGA-1,0.033317,0.037606,0.639567,0.28951
ACGACTGGTCATACTC-1,0.073845,0.046349,0.011305,0.868501
ACGAGAACCCATCACG-1,0.952645,0.00007,0.00007,0.047215
ACGAGATATTTGCTTA-1,0.618644,0.000097,0.034609,0.34665
ACGAGGATACCACTCT-1,0.016647,0.011308,0.000028,0.972017
ACGAGGTTTACAACGT-1,0.0506,0.026445,0.025438,0.897517
ACGAGTACGGATGCCC-1,0.590769,0.391384,0.000073,0.017773
ACGAGTCGCCGGCGTT-1,0.684889,0.170249,0.041138,0.103725
ACGATACATAGAACTA-1,0.581614,0.035406,0.000053,0.382928
ACGATACCTATCCTGA-1,0.11191,0.058675,0.237248,0.592168
ACGATCATACATAGAG-1,0.615304,0.00004,0.002862,0.381794
ACGATCATCTTGTAAA-1,0.124481,0.026794,0.164834,0.683891
ACGATGCATATGTTAT-1,0.462356,0.027696,0.019312,0.490636
ACGATGGATCCGATGC-1,0.699162,0.000057,0.000057,0.300723
ACGCAAACTAATAGAT-1,0.680858,0.032648,0.016643,0.26985
ACGCAATCACTACAGC-1,0.39771,0.365123,0.05252,0.184647
ACGCATAAATGACATG-1,0.408979,0.17876,0.097544,0.314717
ACGCATACGTTTACTA-1,0.266453,0.32487,0.000041,0.408636
ACGCATTCGTGAGTAC-1,0.529881,0.000033,0.000033,0.470054
ACGCCACTCGAAACAG-1,0.651356,0.014996,0.000028,0.33362
ACGCCAGATGATTTCT-1,0.999206,0.000099,0.000099,0.000595
ACGCCAGTGCGTTTGC-1,0.000357,0.251971,0.267341,0.48033
ACGCCCAGCTGTCGAT-1,0.70309,0.004954,0.01367,0.278285
ACGCCGCTAGACGACC-1,0.792733,0.000052,0.000052,0.207163
ACGCCTGACACGCGCT-1,0.057127,0.223356,0.560083,0.159434
ACGCGAAGTCAGACGA-1,0.749877,0.000044,0.000044,0.250034
ACGCGCTACACAGGGT-1,0.44761,0.082183,0.000061,0.470147
ACGCGGGCCAAGGACA-1,0.685733,0.000053,0.068369,0.245845
ACGCGTTTCTTAAGAG-1,0.00114,0.000019,0.105087,0.893754
ACGCTACTGAATGGGC-1,0.000019,0.00001,0.541248,0.458724
ACGCTAGTATCAGTGC-1,0.386205,0.000035,0.378972,0.234788
ACGCTAGTGATACACT-1,0.399163,0.429941,0.000098,0.170798
ACGCTGTGAGGCGTAG-1,0.020105,0.000034,0.234564,0.745296
ACGCTTAGTGTCTCTC-1,0.856386,0.143108,0.000072,0.000434
ACGGAACACGAGTGCC-1,0.206227,0.218417,0.000026,0.57533
ACGGAATTTAGCAAAT-1,0.277331,0.00002,0.00002,0.722628
ACGGACGCAGCGACAA-1,0.074888,0.24105,0.000032,0.684031
ACGGACTCTCAAAGCG-1,0.567928,0.000033,0.000033,0.432006
ACGGAGCGCAAATTAC-1,0.105644,0.088595,0.125417,0.680344
ACGGATGGTGCGGATA-1,0.044913,0.000012,0.000012,0.955063
ACGGCACTTGCTTGGG-1,0.865215,0.134023,0.000109,0.000653
ACGGCCAACATGGACT-1,0.345309,0.000129,0.653789,0.000772
ACGGCGACGATGGGAA-1,0.641334,0.013071,0.000046,0.345549
ACGGCGGGTTGCCCTG-1,0.96523,0.033728,0.000149,0.000893
ACGGCTGGATGTAGAA-1,0.170355,0.331733,0.000027,0.497884
ACGGGAGTGTCGGCCC-1,0.501375,0.166966,0.000063,0.331596
ACGGGCGTATGCGACA-1,0.161307,0.061811,0.012548,0.764334
ACGGGTCATGTGACTT-1,0.666237,0.018857,0.056197,0.258709
ACGGGTTGTGACCTGT-1,0.000049,0.143659,0.021404,0.834888
ACGGTACAGTTCAATG-1,0.149074,0.000012,0.246242,0.604672
ACGGTCACCGAGAACA-1,0.148605,0.195545,0.021162,0.634687
ACGTACAGATTTCTCT-1,0.998852,0.000144,0.000144,0.000861
ACGTACTTTGGCACGG-1,0.56688,0.109582,0.007736,0.315802
ACGTAGATTGCTGATG-1,0.344763,0.035273,0.136144,0.483821
ACGTAGGAGAGTCGCT-1,0.123608,0.023394,0.10463,0.748367
ACGTATTACTCCGATC-1,0.184436,0.00216,0.00004,0.813364
ACGTCGGGCAACTCGG-1,0.013649,0.332603,0.147028,0.50672
ACGTCTCGTTCCGGGA-1,0.000027,0.000254,0.054191,0.945528
ACGTGACAAAGTAAGT-1,0.000023,0.016587,0.016776,0.966615
ACGTGCGCCTCGTGCA-1,0.229791,0.000032,0.000032,0.770145
ACGTGGTCGAATGTGC-1,0.75552,0.000063,0.244039,0.000379
ACGTTAATGTCGAAGA-1,0.938617,0.000052,0.000052,0.061278
ACGTTAGATTTGCCCG-1,0.170283,0.000024,0.038711,0.790982
ACGTTATTGGTCACTC-1,0.36688,0.000032,0.000032,0.633056
ACGTTCACTATGCCGC-1,0.039342,0.001795,0.427825,0.531039
ACGTTCCGCGCTCCGT-1,0.463499,0.000086,0.099642,0.436772
ACGTTCGCAATCAATT-1,0.885824,0.111045,0.000031,0.003099
ACGTTCGTTCAGGAAA-1,0.020375,0.005229,0.002189,0.972206
ACGTTCTGTACAAGTC-1,0.007896,0.045982,0.010175,0.935947
ACGTTGTCGTTGAAAG-1,0.006556,0.14291,0.011444,0.83909
ACGTTTAGTTGTGATC-1,0.851038,0.000078,0.000078,0.148806
ACGTTTCGGTGCACTT-1,0.00008,0.447859,0.137723,0.414338
ACTAAGGACGCACACC-1,0.019262,0.268551,0.202419,0.509767
ACTAATACGTCAGGCG-1,0.607029,0.134956,0.000055,0.25796
ACTACAAAGAGAGGTG-1,0.423726,0.005146,0.00003,0.571098
ACTACATCCCGACAAG-1,0.123713,0.079925,0.128138,0.668225
ACTACCAGCTCTCTGG-1,0.959226,0.032349,0.000094,0.008331
ACTACCATCCGAGGGC-1,0.000025,0.01349,0.050989,0.935496
ACTACGCGTTAGAATT-1,0.809432,0.078273,0.084886,0.027409
ACTAGTTGCGATCGTC-1,0.08021,0.051811,0.000026,0.867953
ACTATATGCTGTGTTC-1,0.239898,0.482736,0.276845,0.000521
ACTATCCAGGGCATGG-1,0.076657,0.031674,0.155045,0.736625
ACTATCGCCGGCTAAA-1,0.145208,0.037134,0.014589,0.803069
ACTATCTGCCCGCGTA-1,0.310892,0.377076,0.000032,0.312001
ACTATGTCCAGCTGCC-1,0.159743,0.221079,0.004034,0.615144
ACTATTCGTCCGTGGT-1,0.647726,0.000122,0.173807,0.178345
ACTATTTCCGGGCCCA-1,0.217997,0.000425,0.012337,0.769241
ACTCAACGAATGTATT-1,0.999198,0.000099,0.000099,0.000605
ACTCAAGTGCAAGGCT-1,0.491919,0.114969,0.000043,0.393068
ACTCAATAAAGGCACG-1,0.712227,0.000062,0.019122,0.268589
ACTCAGACCTGCTTCT-1,0.472304,0.000235,0.163207,0.364254
ACTCATGGCAGCCTTC-1,0.068212,0.002881,0.365829,0.563077
ACTCCAATATCATCAT-1,0.356591,0.026893,0.043972,0.572544
ACTCCCATTCCTAAAG-1,0.004643,0.008106,0.000013,0.987238
ACTCCCGAATTCGTTT-1,0.565818,0.349337,0.000063,0.084783
ACTCCCGTAGACTAGG-1,0.338126,0.572887,0.088702,0.000285
ACTCCCTAATGCTAAA-1,0.682832,0.038932,0.036545,0.241692
ACTCCCTAGAATAGTA-1,0.536801,0.031537,0.036264,0.395398
ACTCCGGCCGACCACT-1,0.000035,0.103336,0.21964,0.676989
ACTCGATGTATTTCAT-1,0.575554,0.045567,0.000096,0.378783
ACTCGCCGTTCGATAA-1,0.000012,0.000006,0.086076,0.913906
ACTCGCGATCTGACGC-1,0.449013,0.550505,0.000069,0.000413
ACTCGTAACCCGTCCT-1,0.378577,0.041662,0.04052,0.539242
ACTCGTCAGTAATCCC-1,0.005604,0.000019,0.006081,0.988296
ACTCTAAACCTGGGAT-1,0.000033,0.015306,0.139642,0.845019
ACTCTCTGACTTAGGT-1,0.034745,0.082197,0.044356,0.838703
ACTCTCTTATACACGA-1,0.231768,0.000855,0.020024,0.747353
ACTCTGACCTAATAGA-1,0.000016,0.032943,0.000538,0.966503
ACTCTTCAGCTCCCGC-1,0.334749,0.629626,0.000052,0.035573
ACTCTTGTATAGTAAC-1,0.854085,0.038517,0.000092,0.107306
ACTGAAACGCCGTTAG-1,0.198235,0.047845,0.002155,0.751764
ACTGAATGGCGAAAGT-1,0.549425,0.062925,0.000039,0.387611
ACTGATTTAGTGATTC-1,0.476756,0.176267,0.000095,0.346882
ACTGCCCGCCATTCTC-1,0.240825,0.265414,0.000031,0.49373
ACTGCCGTCGTAACTC-1,0.78157,0.000101,0.200748,0.017581
ACTGCGGACACACCGT-1,0.419311,0.507012,0.000042,0.073635
ACTGCTCGGAAGGATG-1,0.285886,0.132502,0.000031,0.581581
ACTGGCGAACCTGCGT-1,0.134126,0.55311,0.069241,0.243523
ACTGGGATGCCAGTGC-1,0.56156,0.406724,0.000097,0.031619
ACTGTACGATACACAT-1,0.416252,0.026318,0.000057,0.557373
ACTGTAGCACTTTGGA-1,0.661972,0.000084,0.063458,0.274486
ACTGTATACGCGAGCA-1,0.999089,0.000114,0.000114,0.000684
ACTGTCCAGGATTATA-1,0.999294,0.000088,0.000088,0.000529
ACTGTCTTCTTTAGAA-1,0.574992,0.000069,0.400487,0.024452
ACTGTGCTAGTAGATC-1,0.998908,0.000136,0.000136,0.000819
ACTTACCGGGCGCGCA-1,0.519987,0.364414,0.00006,0.115539
ACTTACGCATCCACGC-1,0.367087,0.004648,0.00085,0.627415
ACTTAGTACGACAAGA-1,0.999377,0.000078,0.000078,0.000467
ACTTATACTTACCCGG-1,0.097093,0.000036,0.094345,0.808526
ACTTATTAGGATCGGT-1,0.587655,0.000252,0.410582,0.001512
ACTTATTTATGTGCCA-1,0.272968,0.000024,0.000024,0.726985
ACTTCAGGCTGATCCC-1,0.454149,0.038039,0.000048,0.507765
ACTTCCAGTGGAAGCT-1,0.017203,0.041842,0.000014,0.940941
ACTTCCATGCGGGACA-1,0.313536,0.07043,0.000035,0.616
ACTTCCTGTCGTGCGA-1,0.322219,0.183524,0.09872,0.395537
ACTTCGCCATACGCAC-1,0.115574,0.000032,0.037901,0.846493
ACTTCGCTAGCGAGTG-1,0.066748,0.389976,0.542976,0.0003
ACTTGACTCCCTCTTT-1,0.580557,0.099116,0.000058,0.320269
ACTTGCTCTATCTACC-1,0.003084,0.424094,0.002932,0.56989
ACTTGGGACCCGGTGG-1,0.813346,0.173748,0.000109,0.012796
ACTTGGGCTTTCGCCA-1,0.302071,0.0229,0.000026,0.675003
ACTTGTAGTCCCTTCA-1,0.102806,0.064208,0.00042,0.832565
ACTTGTGGATGGAACG-1,0.437395,0.172935,0.000036,0.389634
ACTTGTTACCGGATCA-1,0.163953,0.090399,0.745019,0.00063
ACTTTACCCTCATGAA-1,0.388358,0.405281,0.015488,0.190873
ACTTTATACACCACTT-1,0.000047,0.16521,0.000023,0.83472
ACTTTCCTATAGCTTC-1,0.86172,0.00008,0.00008,0.13812
ACTTTGACTGCATCCT-1,0.247022,0.298188,0.000057,0.454733
ACTTTGGTCGTGCTCC-1,0.001348,0.018299,0.082522,0.897831
ACTTTGTCGACGCACT-1,0.065127,0.286538,0.366107,0.282228
AGAAATTATGACTCGC-1,0.30337,0.111635,0.043788,0.541208
AGAACACGGCGATGGT-1,0.001187,0.236703,0.000023,0.762086
AGAACCCAGCGTGACA-1,0.513078,0.486628,0.000042,0.000252
AGAACCCTCAATTGGG-1,0.158314,0.414397,0.000028,0.427261
AGAACGTGGTACATTC-1,0.674139,0.000043,0.000043,0.325775
AGAACTGTACTTTGTA-1,0.174209,0.497258,0.0092,0.319334
AGAAGAGCGCCGTTCC-1,0.129497,0.302042,0.074852,0.493609
AGAAGGTACACTTCAC-1,0.000024,0.000012,0.010889,0.989074
AGAAGGTTGCCGAATT-1,0.70642,0.013591,0.000047,0.279942
AGAAGGTTGTAGGTCG-1,0.558136,0.019071,0.000042,0.422751
AGAAGTGATTCGTGAT-1,0.330799,0.044463,0.000043,0.624695
AGAATAAATCTTCAGG-1,0.071265,0.180491,0.023109,0.725136
AGAATACAGGCTATCC-1,0.282625,0.425743,0.000034,0.291598
AGAATGCGGGTTCGGA-1,0.624402,0.308721,0.055874,0.011002
AGAATTATGGATTCGA-1,0.457126,0.007164,0.000049,0.535661
AGAATTGTTTGACATA-1,0.744399,0.044911,0.000062,0.210628
AGACAGCTCAGAATCC-1,0.01814,0.005756,0.054544,0.92156
AGACAGGCATCTCAGC-1,0.226131,0.738663,0.000053,0.035153
AGACATAGATCCTTCC-1,0.353939,0.00017,0.27109,0.374801
AGACCAAACCACACCT-1,0.090939,0.071402,0.000015,0.837644
AGACCATGGGATACAA-1,0.481281,0.000042,0.000042,0.518635
AGACCCACCGCTGATC-1,0.537325,0.000036,0.042288,0.420351
AGACCCGCCCTCCTCG-1,0.999385,0.000077,0.000077,0.000461
AGACCGCTCCGCGGTT-1,0.061414,0.018689,0.337009,0.582888
AGACCGGGAAACCCTG-1,0.215291,0.125109,0.000037,0.659563
AGACGAAGTGCCGGTC-1,0.158206,0.016215,0.00002,0.825558
AGACGACGATGCCGCT-1,0.509081,0.041921,0.00004,0.448958
AGACGCCCACTTCGCC-1,0.449417,0.200824,0.001328,0.348431
AGACGGGATTGGTATA-1,0.355962,0.031981,0.117183,0.494874
AGACGGGCCGATTTAA-1,0.754129,0.15733,0.058308,0.030233
AGACTAGCCTTCCAGA-1,0.372097,0.000052,0.000052,0.627799
AGACTGTTACCGGGTC-1,0.340688,0.046126,0.000038,0.613148
AGAGAAACACCAGAAA-1,0.149135,0.070371,0.010549,0.769945
AGAGAACCGTCTAGGA-1,0.49544,0.06673,0.024097,0.413733
AGAGAAGGAGTACAAT-1,0.138351,0.001218,0.000017,0.860414
AGAGATCTCTAAAGCG-1,0.170326,0.134028,0.000055,0.695591
AGAGCAGTTATGAGAC-1,0.283496,0.094371,0.000055,0.622078
AGAGCCGCCGAGATTT-1,0.159648,0.476834,0.000037,0.363481
AGAGCGCTTGTAACGG-1,0.368335,0.154553,0.000025,0.477087
AGAGCGGGCTAATCAT-1,0.664299,0.000071,0.075469,0.260162
AGAGCGTACAAGCTCG-1,0.089109,0.000024,0.080528,0.830338
AGAGCTACGAAAGCAT-1,0.17683,0.000023,0.027425,0.795721
AGAGGCTTCGGAAACC-1,0.042829,0.000014,0.000014,0.957143
AGAGGGACAATTGTCC-1,0.372361,0.57559,0.000068,0.051981
AGAGTAAACTTCACTA-1,0.362656,0.000018,0.030483,0.606844
AGAGTATAGTGTTACG-1,0.809437,0.146239,0.044049,0.000274
AGAGTCTTAATGAAAG-1,0.168592,0.254973,0.387189,0.189245
AGAGTGAACAGACACC-1,0.282672,0.104024,0.000042,0.613263
AGAGTTAGAGACCGAT-1,0.54545,0.036775,0.023185,0.394589
AGAGTTGCAGGCCTCC-1,0.192402,0.458963,0.000048,0.348587
AGATAACTTCAGGGCC-1,0.843803,0.000042,0.027112,0.129044
AGATAATCACACCTAT-1,0.049154,0.009049,0.065128,0.876669
AGATACCAATAGAACC-1,0.363326,0.321392,0.000028,0.315254
AGATACCAGCACTTCA-1,0.658771,0.255569,0.000036,0.085624
AGATACCGGTGTTCAC-1,0.300399,0.004455,0.049058,0.646088
AGATACGACTTCATAT-1,0.999342,0.000082,0.000082,0.000494
AGATACTCAAGATCGA-1,0.152308,0.000024,0.000024,0.847643
AGATATAATACGACTA-1,0.786261,0.030081,0.085632,0.098027
AGATCGTGCATAAGAT-1,0.455114,0.023966,0.085524,0.435395
AGATCTCAGGTGTGAT-1,0.168407,0.000046,0.035819,0.795728
AGATCTGGAGAGGATA-1,0.000022,0.015754,0.139641,0.844584
AGATGACTCGCCCACG-1,0.999166,0.000104,0.000104,0.000625
AGATGAGGGTTGCGAT-1,0.047998,0.000014,0.009018,0.942971
AGATGATGGAGTCTGG-1,0.544927,0.127135,0.000036,0.327902
AGATGCAAGACGTGCA-1,0.203575,0.065265,0.175431,0.555729
AGATGCATCCTGTGTC-1,0.149488,0.11494,0.005996,0.729577
AGATGCTATAACGAGC-1,0.696441,0.003734,0.03671,0.263114
AGATTATAGGACGTTT-1,0.751581,0.125345,0.000288,0.122786
AGATTCAAGCGGGTCG-1,0.060104,0.000546,0.7613,0.178051
AGATTCACAACCGATA-1,0.08054,0.10542,0.065042,0.748998
AGCAAAGGCCGCTAGT-1,0.553784,0.008556,0.005489,0.432171
AGCAACATATCTTATT-1,0.122702,0.004826,0.000019,0.872452
AGCAACCGAAAGTAAT-1,0.257533,0.136948,0.020445,0.585075
AGCACACGTTTAGACT-1,0.112158,0.188128,0.063771,0.635943
AGCACCAGTACTCACG-1,0.837596,0.000063,0.000063,0.162278
AGCACTACCGGCCTGT-1,0.136347,0.00103,0.000499,0.862124
AGCACTACCTCACCAG-1,0.158832,0.02612,0.031081,0.783966
AGCACTTAAGGACGCC-1,0.203806,0.000035,0.1081,0.68806
AGCAGAAGGAGAAAGA-1,0.962369,0.000026,0.000026,0.03758
AGCAGCCAGATGAATA-1,0.643823,0.000069,0.070142,0.285966
AGCAGTCGAAGCATGC-1,0.064524,0.105951,0.280135,0.54939
AGCATATCAATATGCT-1,0.281307,0.001229,0.000428,0.717035
AGCATCATTTCGAAAG-1,0.038571,0.052381,0.000029,0.909019
AGCATCGTCGATAATT-1,0.523485,0.000049,0.068363,0.408104
AGCATTACGAGGCAAG-1,0.147984,0.19514,0.05265,0.604226
AGCCAAGCTTTGTGTC-1,0.240521,0.000152,0.758412,0.000915
AGCCACAGGTTACCCG-1,0.131448,0.064683,0.008102,0.795767
AGCCACTCCCGTGCTT-1,0.040948,0.000028,0.148891,0.810134
AGCCATATAGTATGTG-1,0.888456,0.11103,0.000073,0.00044
AGCCCATACATGTAAG-1,0.252695,0.001182,0.000034,0.746089
AGCCCGCAACAAGCAG-1,0.857913,0.141727,0.000051,0.000308
AGCCCGCACTACAATG-1,0.098976,0.292088,0.000034,0.608902
AGCCCGGCATTAGAGG-1,0.329946,0.206349,0.017719,0.445986
AGCCCGGTAGCCTGTA-1,0.790493,0.000037,0.000037,0.209432
AGCCCTAAGCGAAGTT-1,0.80845,0.000077,0.07818,0.113292
AGCCCTCCCTGGTGGC-1,0.264708,0.234195,0.000035,0.501062
AGCCCTGTCGCACCGT-1,0.405142,0.594045,0.000043,0.00077
AGCCCTTCTAATCCGA-1,0.013966,0.145858,0.022987,0.817189
AGCCCTTGGACATCCC-1,0.453087,0.23767,0.000026,0.309217
AGCCGCAAATTCAAAT-1,0.012275,0.018311,0.031915,0.937499
AGCCGCTTGATTAGCG-1,0.500683,0.060367,0.000069,0.438881
AGCCGTGGCTAAATGT-1,0.058378,0.089033,0.035964,0.816625
AGCCTAATACCCACGT-1,0.202474,0.006715,0.123545,0.667266
AGCCTTAAAGCGGAAG-1,0.200343,0.001821,0.013385,0.784452
AGCCTTGTCACTGATA-1,0.000108,0.403299,0.000054,0.596539
AGCGACAGGAACGGTC-1,0.002207,0.000013,0.118899,0.878881
AGCGACATCCCATTCA-1,0.598434,0.000086,0.043123,0.358358
AGCGACCAACGATATT-1,0.484274,0.000041,0.031204,0.484481
AGCGACTTTGAAGACA-1,0.077679,0.046564,0.078616,0.797141
AGCGAGACGTGAAGGC-1,0.117303,0.100441,0.004777,0.777478
AGCGATGCGCCTAATA-1,0.001363,0.014338,0.118175,0.866124
AGCGCATAATGAATCG-1,0.884931,0.093179,0.000087,0.021803
AGCGCGGGTGCCAATG-1,0.044934,0.000018,0.003711,0.951337
AGCGCTAGAGCGATGT-1,0.296581,0.630946,0.000054,0.072419
AGCGCTTATGGGCAAG-1,0.138601,0.000015,0.053205,0.808178
AGCGGACACTTCGTAG-1,0.999471,0.000066,0.000066,0.000397
AGCGGCGGTTAGCGGT-1,0.289813,0.013373,0.000017,0.696797
AGCGGGAAGGGTCCAT-1,0.915321,0.00008,0.00008,0.08452
AGCGGGTCTGACACTC-1,0.576096,0.12981,0.00005,0.294044
AGCGGTTGAGATGTAC-1,0.898417,0.011729,0.089585,0.000269
AGCGGTTGCCGCTCTG-1,0.3846,0.324564,0.204113,0.086723
AGCGTACGAGAGCTAG-1,0.768473,0.000065,0.000065,0.231397
AGCGTAGCGCTAGACC-1,0.937766,0.054906,0.000127,0.007201
AGCGTCTGAACCCGCA-1,0.505977,0.012329,0.056197,0.425496
AGCGTGGTATTCTACT-1,0.6916,0.018533,0.00007,0.289797
AGCGTTCCGATTTAAA-1,0.150808,0.000062,0.37316,0.47597
AGCTAACAAGCAATGT-1,0.416758,0.032162,0.000028,0.551053
AGCTAAGCTCCGTCCG-1,0.000027,0.000925,0.186998,0.81205
AGCTAAGTACGCAGGC-1,0.272453,0.207903,0.013929,0.505714
AGCTACGAATGGTGGT-1,0.008228,0.011074,0.358581,0.622117
AGCTAGAAGCAGAAGT-1,0.72924,0.219526,0.000067,0.051167
AGCTATTTAATCCAAC-1,0.900959,0.000079,0.098486,0.000476
AGCTCCATATATGTTC-1,0.33098,0.338137,0.037855,0.293028
