Barcode,Topic 1,Topic 2to5,Topic 6,Topic 7,Topic 8to9,Topic 10,Topic 11to12
AAACAACGAATAGTTC-1,0.007901,0.092607,0.00003,0.00003,0.389361,0.032833,0.477238
AAACAAGTATCTCCCA-1,0.091454,0.193407,0.305377,0.215984,0.000702,0.048708,0.144369
AAACAATCTACTAGCA-1,0.000016,0.260086,0.040249,0.090536,0.000266,0.000961,0.607885
AAACACCAATAACTGC-1,0.055453,0.569532,0.045966,0.195272,0.117328,0.000391,0.016058
AAACAGAGCGACTCCT-1,0.000071,0.000282,0.000071,0.000071,0.348541,0.000071,0.650895
AAACAGCTTTCAGAAG-1,0.012794,0.387693,0.240914,0.078274,0.125609,0.006446,0.148271
AAACAGGGTCTATATT-1,0.000027,0.000107,0.218181,0.000027,0.774192,0.000056,0.00741
AAACAGTGTTCCTGGG-1,0.038567,0.767726,0.057488,0.024906,0.101632,0.007216,0.002464
AAACATGGTGAGAGGA-1,0.000014,0.000058,0.365988,0.001111,0.542311,0.000014,0.090505
AAACATTTCCCGGATT-1,0.032499,0.038357,0.250302,0.276212,0.326315,0.030464,0.045852
AAACCCGAACGAAATC-1,0.000012,0.113752,0.126048,0.348062,0.001389,0.000539,0.410198
AAACCGGAAATGTTAA-1,0.000051,0.000204,0.000051,0.000051,0.384683,0.000051,0.614909
AAACCGGGTAGGTACC-1,0.013886,0.264529,0.063608,0.006861,0.232087,0.137101,0.281929
AAACCGTTCGTCCAGG-1,0.012355,0.589472,0.002315,0.050569,0.231323,0.079205,0.034761
AAACCTAAGCAGCCGG-1,0.14369,0.207552,0.044072,0.136471,0.436833,0.023881,0.007501
AAACCTCATGAAGTTG-1,0.000127,0.281032,0.056188,0.007138,0.398784,0.176362,0.08037
AAACGAAGAACATACC-1,0.001178,0.131815,0.021313,0.110106,0.000041,0.002038,0.73351
AAACGAAGATGGAGTA-1,0.008981,0.05915,0.000969,0.119576,0.609005,0.122794,0.079525
AAACGAGACGGTTGAT-1,0.004541,0.129983,0.000029,0.013045,0.589499,0.068623,0.194279
AAACGCTGGGCACGAC-1,0.031879,0.140112,0.128213,0.024947,0.304822,0.000842,0.369186
AAACGGGCGTACGGGT-1,0.006383,0.000084,0.006525,0.030811,0.955845,0.000021,0.00033
AAACGGGTTGGTATCC-1,0.001556,0.182587,0.060928,0.00754,0.087326,0.041374,0.618689
AAACGGTTGCGAACTG-1,0.039275,0.329701,0.000021,0.075193,0.467007,0.082511,0.006291
AAACTCGGTTCGCAAT-1,0.29564,0.267367,0.11975,0.032752,0.20335,0.047496,0.033645
AAACTGCTGGCTCCAA-1,0.17079,0.47471,0.000013,0.006713,0.160408,0.104741,0.082625
AAACTTAATTGCACGC-1,0.000026,0.000104,0.457959,0.000026,0.541035,0.000799,0.000052
AAACTTGCAAACGTAT-1,0.02059,0.091367,0.360503,0.012392,0.278384,0.085712,0.151053
AAAGAATGACCTTAGA-1,0.001387,0.088794,0.044713,0.052608,0.658706,0.013192,0.140599
AAAGAATGTGGACTAA-1,0.000173,0.003172,0.11309,0.283364,0.540379,0.000023,0.059798
AAAGACCCAAGTCGCG-1,0.106099,0.513414,0.057433,0.03004,0.091951,0.01253,0.188533
AAAGACTGGGCGCTTT-1,0.014456,0.208324,0.000029,0.009619,0.396645,0.092056,0.278872
AAAGGCCCTATAATAC-1,0.010951,0.002998,0.418917,0.035598,0.530788,0.000726,0.000022
AAAGGCTACGGACCAT-1,0.02471,0.447898,0.006784,0.030296,0.226368,0.250661,0.013284
AAAGGCTCTCGCGCCG-1,0.038176,0.434943,0.013096,0.030126,0.210958,0.216215,0.056487
AAAGGGATGTAGCAAG-1,0.160824,0.32517,0.000026,0.000026,0.317433,0.124127,0.072395
AAAGGGCAGCTTGAAT-1,0.000028,0.06085,0.006143,0.000028,0.29495,0.514853,0.123148
AAAGTAGCATTGCTCA-1,0.00847,0.698144,0.081576,0.048462,0.065225,0.061825,0.036299
AAAGTCACTGATGTAA-1,0.107718,0.063983,0.000032,0.002455,0.198256,0.080263,0.547293
AAAGTCGACCCTCAGT-1,0.000041,0.000164,0.000041,0.000041,0.942099,0.038007,0.019606
AAAGTGCCATCAATTA-1,0.000037,0.000148,0.000037,0.000037,0.506878,0.000037,0.492826
AAAGTGTGATTTATCT-1,0.031619,0.235471,0.02914,0.010344,0.351112,0.089873,0.252441
AAAGTTGACTCCCGTA-1,0.001204,0.108119,0.004249,0.054302,0.401678,0.01369,0.416759
AAATAACCATACGGGA-1,0.00006,0.192446,0.00006,0.062604,0.071565,0.057794,0.61547
AAATACCTATAAGCAT-1,0.08284,0.474821,0.115004,0.025793,0.050516,0.152744,0.098282
AAATAGCTTAGACTTT-1,0.000017,0.15033,0.00415,0.105672,0.065041,0.007274,0.667516
AAATAGGGTGCTATTG-1,0.025316,0.000135,0.146946,0.000034,0.600175,0.154635,0.07276
AAATCCGATACACGCC-1,0.294729,0.150961,0.166704,0.123492,0.219413,0.009084,0.035618
AAATCGCGGAAGGAGT-1,0.006771,0.077913,0.025704,0.071606,0.727323,0.004522,0.086161
AAATCGTGTACCACAA-1,0.01096,0.140352,0.000038,0.006457,0.432626,0.289798,0.11977
AAATCTAGCCCTGCTA-1,0.006901,0.071827,0.002047,0.17219,0.531209,0.012794,0.203031
AAATCTGCCCGCGTCC-1,0.068517,0.015854,0.188296,0.001337,0.484997,0.074609,0.166389
AAATGACTGATCAAAC-1,0.114959,0.120128,0.029944,0.015555,0.632987,0.031174,0.055252
AAATGCTCGTTACGTT-1,0.000021,0.341665,0.000021,0.000021,0.002554,0.464497,0.191222
AAATGGCATGTCTTGT-1,0.042367,0.491342,0.000018,0.011518,0.000036,0.04958,0.405138
AAATGGCCCGTGCCCT-1,0.120046,0.40203,0.244361,0.010499,0.049024,0.156835,0.017205
AAATGGTCAATGTGCC-1,0.002702,0.363316,0.000021,0.005702,0.192534,0.225636,0.210088
AAATGTATCTTATCCC-1,0.025119,0.070302,0.006386,0.056636,0.684389,0.03633,0.120838
AAATGTGGGTGCTCCT-1,0.000032,0.002971,0.142906,0.067683,0.119608,0.000032,0.666769
AAATTAACGGGTAGCT-1,0.003811,0.278191,0.000026,0.004016,0.163767,0.356236,0.193953
AAATTAATAAGCGCGA-1,0.016771,0.166179,0.187943,0.00295,0.482534,0.045071,0.098553
AAATTACACGACTCTG-1,0.000033,0.28543,0.000033,0.082894,0.001802,0.000033,0.629774
AAATTACCTATCGATG-1,0.007003,0.144624,0.00291,0.071862,0.21336,0.033835,0.526405
AAATTCCAGGTCCAAA-1,0.000069,0.000274,0.000069,0.000069,0.369231,0.000069,0.63022
AAATTGATAGTCCTTT-1,0.058535,0.468159,0.000024,0.06752,0.240429,0.163313,0.002019
AAATTGCGGCGGTTCT-1,0.000041,0.000165,0.000041,0.000041,0.80205,0.031207,0.166453
AAATTTGCGGGTGTGG-1,0.001351,0.309061,0.00254,0.003987,0.492183,0.139749,0.05113
AACAACTGGTAGTTGC-1,0.000049,0.085608,0.041258,0.000049,0.495356,0.098735,0.278944
AACAATACATTGTCGA-1,0.071421,0.469872,0.159826,0.025534,0.211996,0.058104,0.003248
AACAATTACTCTACGC-1,0.000036,0.128263,0.175187,0.000036,0.479795,0.039955,0.176728
AACACACGCTCGCCGC-1,0.110101,0.148136,0.013875,0.07453,0.36458,0.021334,0.267444
AACACGACTGTACTGA-1,0.011067,0.167699,0.012324,0.083554,0.013951,0.020713,0.690691
AACACGAGACGCGGCC-1,0.000021,0.162165,0.313241,0.005568,0.366615,0.08099,0.071401
AACACGCGGCCGCGAA-1,0.067399,0.224886,0.039764,0.051074,0.083612,0.155176,0.378089
AACAGCTGTGTGGCAA-1,0.017266,0.248446,0.065517,0.057576,0.514592,0.090461,0.006143
AACAGGAAATCGAATA-1,0.000035,0.196041,0.000035,0.000035,0.160271,0.100437,0.543144
AACAGGATGGGCCGCG-1,0.000034,0.057582,0.07006,0.000034,0.46437,0.04953,0.358391
AACAGGTAGTATGGAT-1,0.000799,0.342913,0.08302,0.17458,0.008817,0.001029,0.388842
AACATAGCGTGTATCG-1,0.314437,0.04418,0.001328,0.082524,0.451094,0.059235,0.047203
AACATATCAACTGGTG-1,0.000017,0.169295,0.009815,0.130337,0.0001,0.001121,0.689316
AACATTGAAGTTGATC-1,0.003743,0.213234,0.164027,0.184586,0.348407,0.004161,0.081843
AACATTGGTCAGCCGT-1,0.000049,0.000195,0.000049,0.000049,0.796535,0.014176,0.188948
AACATTGTGACTCGAG-1,0.007767,0.324223,0.027059,0.01102,0.409961,0.206859,0.013111
AACCAAGACTTCTCTG-1,0.004504,0.29596,0.250917,0.009574,0.28693,0.065207,0.086909
AACCATAGGGTTGAAC-1,0.000021,0.000085,0.010974,0.000021,0.91861,0.000021,0.070267
AACCATGGGATCGCTA-1,0.026862,0.290111,0.018961,0.002701,0.067868,0.393867,0.19963
AACCCAGAGACGGAGA-1,0.22774,0.398683,0.000021,0.000021,0.132498,0.061221,0.179816
AACCCATCCCATGATC-1,0.015674,0.599699,0.161167,0.008014,0.163297,0.040451,0.011698
AACCCGACAACCCGTG-1,0.087773,0.157213,0.041885,0.010298,0.619464,0.070403,0.012964
AACCCGAGCAGAATCG-1,0.003022,0.128501,0.295888,0.386716,0.006871,0.000262,0.178741
AACCCGCTGTATTCCA-1,0.024215,0.497202,0.388348,0.01293,0.050022,0.020213,0.007071
AACCCTACTGTCAATA-1,0.019332,0.444154,0.011153,0.083034,0.063736,0.030198,0.348394
AACCCTGGTGGAACCA-1,0.000031,0.029356,0.147551,0.081671,0.019687,0.000039,0.721666
AACCGAGCTTGGTCAT-1,0.000053,0.000212,0.000053,0.000053,0.703744,0.148121,0.147764
AACCGCTAAGGGATGC-1,0.046139,0.097107,0.000023,0.07211,0.355319,0.178959,0.250342
AACCGTTGTGTTTGCT-1,0.006111,0.426303,0.021552,0.001509,0.051114,0.046145,0.447266
AACCTCGCTTTAGCCC-1,0.300248,0.265372,0.093555,0.035253,0.188603,0.049938,0.067031
AACCTGTCACGGAATT-1,0.000055,0.000219,0.000055,0.000055,0.064409,0.000055,0.935153
AACCTTTAAATACGGT-1,0.320471,0.418769,0.001325,0.005812,0.190331,0.028798,0.034493
AACCTTTACGACGTCT-1,0.006721,0.154688,0.000037,0.009648,0.005662,0.000037,0.823207
AACGAAAGTCGTCCCA-1,0.02987,0.415505,0.005523,0.118507,0.33491,0.030147,0.065538
AACGACCTCCTAGCCG-1,0.000013,0.008424,0.16322,0.58427,0.080995,0.000013,0.163066
AACGATAATGCCGTAG-1,0.053864,0.039978,0.00003,0.005342,0.728192,0.050001,0.122593
AACGATAGAAGGGCCG-1,0.08906,0.303891,0.000027,0.00741,0.210653,0.139408,0.24955
AACGATATGTCAACTG-1,0.051524,0.543658,0.000019,0.049141,0.011358,0.052471,0.291828
AACGCATGATCTGGGT-1,0.00007,0.046797,0.00007,0.00007,0.137438,0.114348,0.701206
AACGCGAACGGCAACA-1,0.017127,0.130988,0.00003,0.00003,0.682332,0.066168,0.103324
AACGCGACCTTGGGCG-1,0.201875,0.448335,0.001789,0.040026,0.17437,0.118194,0.01541
AACGCGGTCTCCAGCC-1,0.108065,0.461832,0.023218,0.000031,0.172876,0.10701,0.126969
AACGCTGTTGCTGAAA-1,0.05739,0.161843,0.00003,0.127568,0.410043,0.028143,0.214984
AACGGACGTACGTATA-1,0.093957,0.050716,0.000028,0.086522,0.472939,0.077082,0.218756
AACGGCCATCTCCGGT-1,0.007004,0.74091,0.015732,0.005916,0.014516,0.18052,0.035402
AACGTACTGTGGGTAC-1,0.003565,0.44735,0.025509,0.013752,0.119735,0.270902,0.119187
AACGTAGTCTACCCAT-1,0.000035,0.000281,0.000035,0.013584,0.078627,0.098094,0.809346
AACGTCAGACTAGTGG-1,0.000019,0.778685,0.020322,0.001559,0.011276,0.069877,0.118263
AACGTCATCCGGCTTG-1,0.11507,0.155239,0.001895,0.066925,0.594093,0.036476,0.030303
AACGTCGCTGCACTTC-1,0.075114,0.019669,0.039773,0.255404,0.425243,0.024386,0.16041
AACGTGATGAAGGACA-1,0.000079,0.000316,0.000079,0.000079,0.375796,0.000079,0.623571
AACGTGCGAAAGTCTC-1,0.068613,0.125085,0.000044,0.030922,0.209973,0.403401,0.161962
AACGTTATCAGCACCT-1,0.000029,0.104522,0.087967,0.000029,0.383523,0.203581,0.220348
AACTACCCGTTTGTCA-1,0.018614,0.236833,0.026796,0.150537,0.081415,0.03191,0.453894
AACTAGCGTATCGCAC-1,0.000023,0.160233,0.087803,0.036697,0.000047,0.001195,0.714002
AACTAGGCTTGGGTGT-1,0.046859,0.631905,0.057036,0.00961,0.064312,0.107629,0.082649
AACTCAAGTTAATTGC-1,0.000154,0.662111,0.000017,0.000017,0.034238,0.250057,0.053406
AACTCCAGAGCGTGTT-1,0.372068,0.226862,0.020656,0.057975,0.006371,0.283442,0.032626
AACTCCTAATCCCATG-1,0.000074,0.000296,0.000074,0.000074,0.488604,0.000074,0.510805
AACTCGATAAACACGT-1,0.232102,0.702043,0.000008,0.003916,0.000617,0.002957,0.058358
AACTCGATGGCGCAGT-1,0.149072,0.720564,0.110969,0.000631,0.000023,0.002216,0.016523
AACTCTCAATAGAGCG-1,0.02036,0.604656,0.000015,0.036698,0.046646,0.026767,0.264857
AACTCTCAGTGTGCTC-1,0.000322,0.412499,0.267825,0.017482,0.254994,0.032723,0.014156
AACTGATATTAGGCCT-1,0.036638,0.471809,0.000027,0.006203,0.085189,0.059805,0.340329
AACTGGGTCCCGACGT-1,0.074757,0.626465,0.000016,0.003297,0.071656,0.052169,0.17164
AACTGGTGTGGGCCTT-1,0.047248,0.619473,0.009456,0.010192,0.000025,0.038447,0.27516
AACTTCTGCGTCTATC-1,0.000034,0.312122,0.000166,0.000475,0.219532,0.296741,0.170931
AACTTGCCCGTATGCA-1,0.002127,0.117547,0.000035,0.000035,0.462985,0.214886,0.202384
AACTTGCGTTCTCGCG-1,0.000011,0.873354,0.036321,0.000011,0.000023,0.056987,0.033293
AACTTTACGGGAGCTT-1,0.000033,0.047987,0.000033,0.005455,0.753942,0.042159,0.150393
AACTTTAGCTGCTGAG-1,0.000046,0.029322,0.000046,0.04244,0.264022,0.021825,0.6423
AAGAAAGTTTGATGGG-1,0.000023,0.000091,0.000023,0.005889,0.922459,0.003883,0.067632
AAGAAGGATCAGTTAG-1,0.000911,0.352648,0.00002,0.005205,0.126991,0.381651,0.132573
AAGACATACGTGGTTT-1,0.007683,0.229827,0.360237,0.257196,0.001135,0.000038,0.143883
AAGACCAAATAACTCA-1,0.000025,0.0001,0.019568,0.000025,0.907836,0.000025,0.072421
AAGACCCAACTGAACA-1,0.047391,0.473835,0.011089,0.038685,0.219433,0.16459,0.044976
AAGACTAACCCGTTGT-1,0.008758,0.027595,0.115667,0.000401,0.375209,0.032148,0.44022
AAGACTGCAAGCTACT-1,0.265655,0.366983,0.000019,0.000019,0.143085,0.07854,0.145698
AAGAGATGAATCGGTA-1,0.000034,0.146023,0.000034,0.000034,0.423151,0.321745,0.108979
AAGAGCTCTTTATCGG-1,0.154786,0.384416,0.000028,0.000028,0.199535,0.061467,0.19974
AAGAGGATGTACGCGA-1,0.000033,0.064719,0.000033,0.000033,0.341934,0.330521,0.262728
AAGAGGCATGGATCGC-1,0.085288,0.428941,0.021537,0.137027,0.178202,0.019712,0.129294
AAGAGGCCCTTTGGAA-1,0.092849,0.015446,0.066767,0.230075,0.312347,0.027584,0.254933
AAGATGGCACCGGACC-1,0.12124,0.102409,0.176733,0.027496,0.446713,0.048236,0.077174
AAGATTGGCGGAACGT-1,0.061294,0.210251,0.070561,0.005705,0.001131,0.211017,0.440041
AAGCACCCTGCGTATC-1,0.262898,0.423754,0.13296,0.017098,0.04218,0.063324,0.057788
AAGCATACTCTCCTGA-1,0.273849,0.107302,0.001557,0.021587,0.417936,0.073759,0.10401
AAGCCACTTGCAGGTA-1,0.154953,0.107679,0.221181,0.000049,0.499035,0.004858,0.012246
AAGCCGAAGCGGTTTA-1,0.021192,0.124286,0.000027,0.111236,0.242779,0.125356,0.375125
AAGCCGCCGTGAAATC-1,0.057169,0.394538,0.260421,0.151152,0.106074,0.002397,0.028249
AAGCCGGAGAGCAGGA-1,0.019949,0.006017,0.115375,0.019477,0.23173,0.002793,0.60466
AAGCGCAGGGCTTTGA-1,0.252672,0.051074,0.056404,0.023654,0.595684,0.007616,0.012897
AAGCGTCCCTCATCGA-1,0.008085,0.444553,0.238351,0.00076,0.120844,0.147546,0.039862
AAGCTAGATCGAGTAA-1,0.235467,0.518287,0.002145,0.019558,0.05116,0.096145,0.077238
AAGCTATGGATTGACC-1,0.000926,0.003704,0.000926,0.685331,0.306336,0.000926,0.001852
AAGCTCGTGCCAAGTC-1,0.00126,0.519025,0.000024,0.004788,0.101871,0.253776,0.119256
AAGCTCTTTCATGGTG-1,0.426745,0.063126,0.000019,0.143748,0.255912,0.024313,0.086136
AAGGAGAACTTATAAG-1,0.000047,0.00019,0.022183,0.006401,0.28192,0.01448,0.674778
AAGGAGCGGTTGGTGC-1,0.0009,0.338115,0.018575,0.000021,0.095201,0.423683,0.123505
AAGGATCGATCGCTTG-1,0.000017,0.232714,0.031523,0.124844,0.007082,0.016172,0.587648
AAGGATGAGGGACCTC-1,0.016348,0.39826,0.000018,0.022318,0.030553,0.029405,0.503098
AAGGCAGGCTGTCTCC-1,0.00005,0.000201,0.00005,0.00005,0.303023,0.00005,0.696576
AAGGCGCGTAAAGCTT-1,0.000022,0.240637,0.000022,0.000022,0.312796,0.369249,0.077252
AAGGCTGTGCTCATCG-1,0.003496,0.468256,0.123122,0.005079,0.043056,0.234535,0.122455
AAGGGAACGACTGGCT-1,0.113406,0.598167,0.07046,0.130025,0.032308,0.016821,0.038813
AAGGGACAGATTCTGT-1,0.027613,0.177349,0.000027,0.039323,0.190406,0.071138,0.494144
AAGGGACTATGCATTC-1,0.120694,0.135838,0.017896,0.029082,0.567617,0.109655,0.019219
AAGGGTTTGATTTCAG-1,0.000027,0.00011,0.000027,0.000027,0.679961,0.000027,0.319819
AAGGTATCCTAATATA-1,0.044567,0.43844,0.040794,0.017578,0.080173,0.057804,0.320644
AAGGTGATAAACCAGC-1,0.023409,0.268206,0.004516,0.022341,0.45,0.082953,0.148574
AAGTAAGCTTCCAAAC-1,0.000019,0.20764,0.087366,0.114755,0.002784,0.004993,0.582443
AAGTAGAAGACCGGGT-1,0.007142,0.067789,0.000034,0.000034,0.418681,0.389074,0.117246
AAGTAGTGACGCGAGG-1,0.003737,0.418559,0.056542,0.001255,0.088759,0.318028,0.11312
AAGTCAATTGTCGTCA-1,0.016029,0.235961,0.059691,0.152222,0.196243,0.039979,0.299877
AAGTCTTCTGTGGCCT-1,0.022562,0.005097,0.162156,0.000022,0.588992,0.113329,0.107843
AAGTGACGACCGAATT-1,0.095472,0.547508,0.081538,0.001375,0.112852,0.106627,0.054629
AAGTGAGTCGGGTTTA-1,0.015577,0.354912,0.041388,0.01867,0.471225,0.082053,0.016175
AAGTGCAAAGGTAGAC-1,0.000029,0.117826,0.253298,0.001908,0.411474,0.027933,0.187534
AAGTGCCTTGACTGTA-1,0.000034,0.175326,0.000034,0.109426,0.210478,0.040831,0.463871
AAGTGCGTTAGAATCT-1,0.001573,0.890232,0.057344,0.002438,0.000667,0.025428,0.022319
AAGTGCTTCTCTATTG-1,0.137139,0.341213,0.029338,0.027149,0.410493,0.043456,0.011213
AAGTGTTTGGAGACGG-1,0.01489,0.000271,0.000033,0.001364,0.753611,0.181034,0.048797
AAGTTCACTCCAAGCT-1,0.268313,0.087715,0.000027,0.067604,0.360821,0.096258,0.119263
AAGTTCAGTCTGCGTA-1,0.00007,0.000278,0.00007,0.00007,0.000139,0.00007,0.999304
AAGTTCGGCCAACAGG-1,0.026873,0.299508,0.093584,0.031216,0.055931,0.41139,0.081497
AAGTTGTGATGTTATA-1,0.109536,0.000101,0.000025,0.149205,0.720992,0.008377,0.011762
AAGTTTACTAATGGCA-1,0.000034,0.071076,0.090611,0.104691,0.000068,0.000034,0.733486
AAGTTTATGGGCCCAA-1,0.591213,0.193294,0.001899,0.026788,0.143947,0.032401,0.010457
AATAACAACGCTCGGC-1,0.028661,0.383779,0.061837,0.020886,0.242289,0.122053,0.140496
AATAACACTAGAACAA-1,0.000028,0.275365,0.095219,0.002016,0.423472,0.034638,0.169262
AATAACGTCGCGCCCA-1,0.009579,0.014981,0.196558,0.36386,0.12145,0.00011,0.293462
AATAAGTCCTCGAGAC-1,0.000086,0.000345,0.000086,0.000086,0.319242,0.000086,0.680067
AATAATCTTCGTATCG-1,0.000049,0.000195,0.011245,0.000049,0.367329,0.000049,0.621085
AATACAATGTTTCAGG-1,0.000044,0.000178,0.000044,0.000044,0.656364,0.208764,0.13456
AATACCGGAGGGCTGT-1,0.056155,0.61547,0.000014,0.009823,0.153655,0.163252,0.001631
AATACCTGATGTGAAC-1,0.101217,0.016322,0.000022,0.215078,0.519445,0.019804,0.128111
AATAGAACAGAGTGGC-1,0.01967,0.213587,0.001674,0.02423,0.237697,0.432145,0.070997
AATAGAATCTGTTTCA-1,0.000035,0.095082,0.678097,0.041352,0.166466,0.000035,0.018933
AATAGGCACGACCCTT-1,0.00671,0.000159,0.00004,0.00004,0.939686,0.053286,0.00008
AATAGTCCGTCCCGAC-1,0.354663,0.468601,0.003164,0.006102,0.029608,0.124679,0.013184
AATAGTCGCGAGTCGG-1,0.005546,0.082272,0.027965,0.000028,0.262537,0.373305,0.248347
AATATCAAGGTCGGAT-1,0.072359,0.039375,0.000034,0.000034,0.082032,0.339099,0.467067
AATATCCTAGCAAACT-1,0.005867,0.278888,0.382975,0.092039,0.115885,0.004422,0.119924
AATATCGAATCAATGC-1,0.026494,0.422829,0.094713,0.271717,0.00346,0.032163,0.148625
AATATCGAGGGTTCTC-1,0.000017,0.15023,0.005323,0.151763,0.000034,0.000017,0.692617
AATATTGGAGTATTGA-1,0.043391,0.545758,0.251889,0.000011,0.015508,0.101991,0.041452
AATCAGACTGCAGGAC-1,0.000059,0.000235,0.000059,0.000059,0.925752,0.040174,0.033662
AATCAGGTTTCATTTA-1,0.109211,0.10701,0.018169,0.010394,0.638527,0.099176,0.017512
AATCATGTAAAGACTC-1,0.120418,0.09702,0.004259,0.238238,0.301113,0.137499,0.101454
AATCCAAGGGCCTGAG-1,0.052168,0.147117,0.159381,0.00003,0.087643,0.103223,0.450438
AATCCATGCAAGGGTG-1,0.061175,0.181706,0.000037,0.000037,0.451448,0.08214,0.223456
AATCCCGCTCAGAGCC-1,0.264053,0.282115,0.039046,0.071199,0.192094,0.033495,0.117999
AATCGAGGTCTCAAGG-1,0.291522,0.030935,0.009755,0.114852,0.517389,0.017943,0.017605
AATCGCCTCAGCGCCA-1,0.13369,0.086822,0.000025,0.006098,0.483574,0.068866,0.220925
AATCGCGCAGAGGACT-1,0.00002,0.017656,0.009054,0.224539,0.027293,0.00002,0.721419
AATCGGGACACTACGA-1,0.005721,0.522767,0.020666,0.032668,0.002084,0.031842,0.384252
AATCGGTATAGCCCTC-1,0.058195,0.138746,0.009248,0.41011,0.297756,0.009754,0.076191
AATCGTGAGCCGAGCA-1,0.306307,0.164874,0.509681,0.010147,0.002561,0.000006,0.006424
AATCTAGGTTTACTTG-1,0.000042,0.00017,0.000042,0.000042,0.999575,0.000042,0.000085
AATCTATGCCGGAGCC-1,0.000085,0.000341,0.000085,0.000085,0.216802,0.000085,0.782516
AATCTCTACTGTGGTT-1,0.000047,0.000493,0.000047,0.000047,0.845605,0.068389,0.085374
AATCTGCGTTGGGACG-1,0.031772,0.452448,0.000014,0.043306,0.07045,0.036689,0.365322
AATCTGGCTTTCTAGT-1,0.000043,0.000172,0.000043,0.000043,0.989906,0.000043,0.009749
AATGACAGCAATGTCT-1,0.00004,0.022078,0.063498,0.00004,0.653698,0.133683,0.126961
AATGACGTAGGATGTC-1,0.217074,0.583185,0.090553,0.00394,0.025371,0.004663,0.075214
AATGACTGTCAGCCGG-1,0.000031,0.079196,0.000031,0.003717,0.291585,0.41314,0.212301
AATGAGTTCGCATATG-1,0.000032,0.433655,0.000032,0.004194,0.102913,0.298395,0.160777
AATGATGATACGCTAT-1,0.00003,0.181299,0.008887,0.08756,0.019376,0.008787,0.694061
AATGATGCGACTCCTG-1,0.000024,0.090965,0.052186,0.05687,0.010275,0.023432,0.766249
AATGCAACCGGGTACC-1,0.016922,0.070978,0.000055,0.000055,0.618286,0.14568,0.148025
AATGCACCAAGCAATG-1,0.000025,0.000101,0.019836,0.089433,0.101989,0.000025,0.788592
AATGGTCCACCGTTCA-1,0.07473,0.18109,0.10826,0.001922,0.045558,0.406898,0.181543
AATGGTTCTCACAAGC-1,0.000033,0.364744,0.000033,0.000033,0.131318,0.427284,0.076555
AATGTATGGCACTGTA-1,0.000035,0.00014,0.022766,0.000035,0.853749,0.010892,0.112382
AATGTGCCCGAGGTGT-1,0.013222,0.446143,0.051321,0.013837,0.155668,0.230333,0.089476
AATGTGCTAATCTGAG-1,0.000021,0.000084,0.25729,0.000021,0.737124,0.005419,0.000042
AATGTTAAGACCCTGA-1,0.512892,0.011054,0.114438,0.016858,0.24602,0.079805,0.018932
AATGTTGTCGTGAGAC-1,0.094807,0.030177,0.041819,0.375583,0.369608,0.005756,0.08225
AATTAAAGGTCGGCGT-1,0.000026,0.373104,0.058398,0.004717,0.111697,0.315438,0.136619
AATTAACGGATTTCCA-1,0.115743,0.246169,0.018166,0.082298,0.218955,0.292204,0.026464
AATTACGAGACCCATC-1,0.003303,0.275793,0.11415,0.255057,0.27003,0.014349,0.067318
AATTACTCGTACGCTC-1,0.000035,0.13038,0.022593,0.000035,0.084189,0.550961,0.211808
AATTAGCGCTGCAGCG-1,0.124213,0.141641,0.000023,0.021407,0.346648,0.256828,0.109239
AATTATACCCAGCAAG-1,0.349441,0.181152,0.050023,0.186727,0.09311,0.048146,0.0914
AATTCATAAGGGATCT-1,0.000038,0.006908,0.000038,0.022809,0.197327,0.103337,0.669545
AATTCATTGTCATGCA-1,0.000028,0.000112,0.241153,0.000028,0.758596,0.000028,0.000056
AATTCCAACTTGGTGA-1,0.112633,0.454532,0.000013,0.008543,0.08396,0.117564,0.222755
AATTCCAAGCATGTAC-1,0.136395,0.187172,0.003026,0.010622,0.556272,0.105326,0.001187
AATTCGATTCGAGGAT-1,0.407426,0.499413,0.045107,0.013137,0.000326,0.006801,0.027789
AATTCTAGAGTTAGGC-1,0.224092,0.645145,0.099207,0.000394,0.004236,0.008265,0.01866
AATTGAACGCTCTGGT-1,0.147726,0.09601,0.058713,0.017453,0.183661,0.289779,0.206658
AATTGCAGCAATCGAC-1,0.118102,0.066165,0.23666,0.133412,0.23999,0.081637,0.124034
AATTGCGTGGATTACA-1,0.002745,0.000135,0.000034,0.013228,0.87692,0.000034,0.106904
AATTGTGGTTGCCAAA-1,0.000024,0.042458,0.204874,0.59678,0.018952,0.000008,0.136904
AATTTGGGACATAGTA-1,0.000106,0.000426,0.000106,0.000106,0.29703,0.000106,0.702118
AATTTGGTTCCAAAGA-1,0.006346,0.375932,0.000034,0.002113,0.017027,0.06,0.538548
ACAAACCATGCGTCCT-1,0.019101,0.007984,0.014476,0.01263,0.813764,0.131961,0.000084
ACAAACTCCATCAGAG-1,0.004027,0.00478,0.301284,0.000025,0.679697,0.009974,0.000212
ACAAAGAAGGTAGGCC-1,0.042574,0.026803,0.019196,0.008792,0.741835,0.009708,0.151092
ACAAAGCATGACCTAG-1,0.193874,0.229404,0.032509,0.182284,0.093118,0.048656,0.220155
ACAAATCGCACCGAAT-1,0.053909,0.044483,0.010256,0.025745,0.712133,0.097917,0.055558
ACAAATGGTAGTGTTT-1,0.000036,0.079968,0.117467,0.032744,0.547412,0.076272,0.146099
ACAACAGCATGAGCTA-1,0.007086,0.016121,0.000041,0.000041,0.707409,0.207216,0.062084
ACAACGGTCCCTGCGA-1,0.000032,0.12957,0.08945,0.000032,0.190405,0.360915,0.229595
ACAAGCAGTGCCTAGC-1,0.011228,0.163326,0.011384,0.000028,0.407486,0.247204,0.159343
ACAAGCTATATGGAAG-1,0.079238,0.047196,0.000018,0.023066,0.425772,0.268811,0.155899
ACAAGGAAATCCGCCC-1,0.033946,0.007034,0.093232,0.000031,0.565086,0.046856,0.253815
ACAAGGACAAGAGGTT-1,0.000031,0.195678,0.021907,0.000031,0.499454,0.157047,0.125853
ACAAGGATGCTTTAGG-1,0.067482,0.11374,0.004371,0.017596,0.538421,0.089322,0.169068
ACAAGGGCAGGCTCTG-1,0.328386,0.299017,0.030536,0.000016,0.233574,0.082366,0.026104
ACAAGTAATTGTAAGG-1,0.000091,0.000364,0.214839,0.000091,0.784343,0.000091,0.000182
ACAATAGTCGTACGTT-1,0.042917,0.238218,0.000027,0.00816,0.408023,0.228885,0.073771
ACAATCCATTTAAACC-1,0.004721,0.332131,0.100298,0.011408,0.094356,0.323805,0.133279
ACAATCGATCTTTATA-1,0.010515,0.161491,0.025612,0.007446,0.025716,0.069399,0.699822
ACAATGAATACGGAGA-1,0.067814,0.096374,0.063245,0.002466,0.528447,0.142205,0.099449
ACAATTGTGTCTCTTT-1,0.120659,0.222909,0.082582,0.140813,0.168047,0.022297,0.242693
ACAATTTAGGAGGCTC-1,0.001223,0.302124,0.00217,0.002365,0.149034,0.219548,0.323537
ACAATTTGAGCAGTGG-1,0.095109,0.522734,0.000015,0.00216,0.065672,0.049326,0.264983
ACACAAAGACGGGTGG-1,0.060087,0.029864,0.000038,0.000038,0.47715,0.298648,0.134175
ACACACCAGGACCAGT-1,0.07044,0.528621,0.014294,0.071691,0.017113,0.109595,0.188246
ACACACTTTCTACACG-1,0.017755,0.101892,0.000057,0.000057,0.3226,0.125235,0.432404
ACACATGATCAAATCT-1,0.093859,0.195679,0.063551,0.130065,0.352425,0.114647,0.049774
ACACATTGACGCAACA-1,0.103502,0.480908,0.038439,0.005941,0.136052,0.167942,0.067216
ACACATTTCCGTAGAC-1,0.561198,0.123572,0.190969,0.010315,0.092965,0.004341,0.01664
ACACCCAGCATGCAGC-1,0.000017,0.577154,0.165914,0.000017,0.007919,0.119379,0.1296
ACACCCGAGAAATCCG-1,0.011694,0.625933,0.000012,0.001519,0.000024,0.300594,0.060224
ACACCGAGCGCTCTTT-1,0.000008,0.935849,0.033789,0.001169,0.000176,0.00977,0.019238
ACACCGGTCTGACCGC-1,0.018902,0.133991,0.250548,0.212016,0.372822,0.006098,0.005621
ACACCTTAAGTAGGGC-1,0.000023,0.468767,0.108001,0.00094,0.031641,0.166636,0.223992
ACACCTTACTACTTGC-1,0.000029,0.028373,0.000029,0.079153,0.125423,0.013505,0.753489
ACACGAGACTCCTTCT-1,0.051387,0.070796,0.021202,0.0096,0.324434,0.444234,0.078347
ACACGGCACTATGCAT-1,0.000081,0.044209,0.092466,0.01199,0.23327,0.000081,0.617902
ACACGGGAACTTAGGG-1,0.144363,0.17594,0.000029,0.005637,0.246492,0.228089,0.19945
ACACGTAGGCCACAAG-1,0.000034,0.000134,0.002382,0.197568,0.520901,0.000034,0.278947
ACACTCCAATGTCACT-1,0.000027,0.269335,0.000027,0.000027,0.184454,0.321703,0.224429
ACACTGATCAAGGTGT-1,0.03742,0.623897,0.013695,0.009423,0.01726,0.218364,0.07994
ACACTGGGACAGTCGT-1,0.000033,0.000116,0.000029,0.142088,0.348074,0.030933,0.478727
ACAGAACTGAGAACAA-1,0.080148,0.120685,0.091507,0.005639,0.559491,0.063238,0.079293
ACAGATTAGGTTAGTG-1,0.000067,0.000268,0.000067,0.000067,0.479097,0.035501,0.484933
ACAGCATAGAGCCAGT-1,0.000068,0.000273,0.109214,0.000068,0.20817,0.000068,0.682137
ACAGCGACATTCTCAT-1,0.134222,0.083862,0.00003,0.257489,0.292611,0.044384,0.187403
ACAGCGCACCCGCAGC-1,0.000034,0.021503,0.102604,0.102474,0.000068,0.000034,0.773282
ACAGGAGGCGCAGCCG-1,0.11289,0.768189,0.030593,0.040485,0.000009,0.003343,0.044491
ACAGGCACGGATCCTT-1,0.109551,0.423093,0.062787,0.127756,0.069242,0.046222,0.161349
ACAGGCTTGCCCGACT-1,0.157527,0.374122,0.000024,0.069408,0.280281,0.024156,0.094483
ACAGGTGGAGGTGAGG-1,0.006444,0.644622,0.137479,0.005208,0.075847,0.106714,0.023686
ACAGGTGTGTTGTTGC-1,0.004807,0.215024,0.4027,0.062197,0.189709,0.011759,0.113804
ACAGTAATACAACTTG-1,0.027549,0.003346,0.033058,0.000029,0.636664,0.068764,0.230589
ACATAAGTCGTGGTGA-1,0.030932,0.381672,0.064017,0.054587,0.224952,0.006682,0.237158
ACATAATAAGGCGGTG-1,0.00888,0.072077,0.000051,0.000051,0.449788,0.238972,0.230181
ACATACAATCAAGCGG-1,0.113651,0.07332,0.000021,0.17531,0.603389,0.003352,0.030957
ACATCAGCTGGGACGC-1,0.000027,0.129264,0.123146,0.009501,0.543346,0.03099,0.163728
ACATCCCGGCCATACG-1,0.199056,0.478726,0.002802,0.012307,0.024792,0.242112,0.040204
ACATCCTGGTAACTGT-1,0.013467,0.356378,0.028444,0.102793,0.077324,0.023194,0.398399
ACATCGATCGTTTACC-1,0.000032,0.099365,0.139209,0.000032,0.438936,0.178172,0.144254
ACATCGCAATATTCGG-1,0.026716,0.311001,0.165475,0.065634,0.404847,0.00003,0.026297
ACATCGGTCAGCCGCG-1,0.000011,0.917583,0.003502,0.00187,0.000021,0.045874,0.03114
ACATCGTATGCAATGG-1,0.017687,0.037648,0.000035,0.082726,0.416831,0.124203,0.320869
ACATCGTTAACCTAGT-1,0.000022,0.129871,0.003861,0.180855,0.000044,0.000022,0.685326
ACATCTCAACGCGTAA-1,0.0001,0.000399,0.0001,0.0001,0.15544,0.0001,0.843763
ACATGCTTACGGCAGC-1,0.000041,0.000164,0.125246,0.000041,0.874385,0.000041,0.000082
ACATGGCGCCAAAGTA-1,0.025527,0.335927,0.034223,0.097515,0.152548,0.010903,0.343357
ACATGGCTCAATTTAG-1,0.008782,0.193259,0.01283,0.005451,0.269628,0.224254,0.285797
ACATTAGTTTATATCC-1,0.084761,0.485275,0.000029,0.000029,0.145077,0.228129,0.056702
ACATTCGCGCGGAATA-1,0.020979,0.119615,0.221666,0.028725,0.606915,0.002053,0.000047
ACATTTGAAACCTAAC-1,0.023443,0.000091,0.004268,0.218454,0.684441,0.003721,0.065582
ACCAAACTAGAAATCC-1,0.000079,0.000315,0.000079,0.000079,0.25617,0.000079,0.7432
ACCAACCGCACTCCAC-1,0.084996,0.106915,0.276098,0.132983,0.289452,0.009132,0.100423
ACCAACGCTTATTTAT-1,0.01873,0.411809,0.001628,0.025049,0.2691,0.159649,0.114035
ACCAAGAACGCGTGTC-1,0.263425,0.634111,0.086786,0.000011,0.000588,0.006179,0.0089
ACCAAGTCATCGGCAG-1,0.000438,0.000086,0.181063,0.164563,0.512827,0.000022,0.141001
ACCAATATGCAAGTTA-1,0.00465,0.000184,0.000046,0.000046,0.800979,0.130866,0.063229
ACCACAACTCAGAACA-1,0.000079,0.000318,0.000079,0.000079,0.287228,0.000079,0.712137
ACCACAAGTTTCTATC-1,0.000025,0.276321,0.108653,0.000025,0.161145,0.176218,0.277613
ACCACACGGTTGATGG-1,0.143188,0.211124,0.000022,0.139336,0.476266,0.019653,0.010411
ACCACCAATGTAACAA-1,0.001923,0.440927,0.001355,0.083676,0.007471,0.012781,0.451866
ACCACGTGCAGCTATA-1,0.039262,0.117195,0.011056,0.028947,0.611119,0.033831,0.158591
ACCACTGTTCAAGAAG-1,0.000023,0.361109,0.148291,0.000023,0.222394,0.109577,0.158582
ACCAGACCATAACAAC-1,0.015041,0.091881,0.085638,0.045221,0.48914,0.048679,0.224401
ACCAGCCCGGTCTTTG-1,0.000118,0.000473,0.000118,0.000118,0.288151,0.000118,0.710903
ACCAGGAGTGTGATCT-1,0.000034,0.043418,0.001972,0.228927,0.022302,0.009463,0.693885
ACCAGTGCGGGAGACG-1,0.107115,0.437602,0.069199,0.062695,0.20338,0.009985,0.110025
ACCATATCCGCAATAA-1,0.235896,0.639764,0.000012,0.004523,0.064182,0.02791,0.027712
ACCATCCGCCAACTAG-1,0.000039,0.092383,0.002893,0.062814,0.520267,0.278418,0.043186
ACCATCGTATATGGTA-1,0.000019,0.735247,0.063973,0.003024,0.026872,0.03261,0.138256
ACCATTAAGGGTGTCA-1,0.000024,0.145695,0.148777,0.000024,0.020408,0.589736,0.095337
ACCCAACGCCCGTGGC-1,0.0401,0.562821,0.00185,0.073519,0.004096,0.026133,0.291481
ACCCACCTACATGCTC-1,0.002199,0.071833,0.010326,0.000035,0.68377,0.123325,0.108513
ACCCATCTTGAGGGTA-1,0.000031,0.206279,0.000031,0.000031,0.098428,0.425542,0.269657
ACCCATTTGTCCCTCT-1,0.000382,0.000144,0.253034,0.079279,0.566237,0.000036,0.100889
ACCCGAGCGAAATTAC-1,0.000194,0.002002,0.130366,0.000019,0.821049,0.040639,0.00573
ACCCGATTGGTTCCGA-1,0.07633,0.076016,0.005072,0.012711,0.76918,0.05864,0.00205
ACCCGGAAACTCCCAG-1,0.022531,0.420348,0.318365,0.008676,0.085022,0.11307,0.031987
ACCCGGAGCACCACAA-1,0.00517,0.057288,0.013638,0.049922,0.207866,0.012287,0.653829
ACCCGGATGACGCATC-1,0.015279,0.495303,0.000017,0.061399,0.035851,0.038055,0.354097
ACCCGGTTACACTTCC-1,0.02726,0.518322,0.005508,0.009964,0.041079,0.188116,0.209751
ACCCGTAGCAGAGAAT-1,0.000029,0.000116,0.289198,0.000029,0.434629,0.000029,0.275971
ACCCGTAGTCTAGTTG-1,0.014992,0.076059,0.119241,0.664879,0.026899,0.001166,0.096763
ACCCGTGTCATCAGTA-1,0.104691,0.540437,0.100256,0.015982,0.09509,0.051866,0.091678
ACCCTATAGGACTGAG-1,0.049473,0.362517,0.08444,0.000017,0.010156,0.382221,0.111177
ACCCTATGCCATATCG-1,0.049969,0.190057,0.23947,0.000032,0.368829,0.039172,0.112472
ACCCTCCCGTCAGGGC-1,0.120423,0.077238,0.0971,0.473941,0.12543,0.026962,0.078907
ACCCTCCCTTGCTATT-1,0.036692,0.288937,0.434576,0.178378,0.020815,0.001969,0.038632
ACCCTTCATCTGCGAA-1,0.077688,0.024963,0.000047,0.008298,0.255021,0.034046,0.599937
ACCCTTTAGTTCTCCA-1,0.000131,0.000526,0.000131,0.000131,0.294897,0.000131,0.704052
ACCGAAAGGGCCCTGC-1,0.032897,0.687664,0.066179,0.016303,0.000023,0.023602,0.173332
ACCGAAGAGTCTGGTT-1,0.000024,0.000094,0.511272,0.000024,0.488516,0.000024,0.000047
ACCGACACATCTCCCA-1,0.216283,0.185633,0.045887,0.0436,0.270006,0.136338,0.102252
ACCGACTGAGTCCCAC-1,0.039979,0.141207,0.000031,0.000031,0.354038,0.226175,0.23854
ACCGAGTCTCCTTATT-1,0.203748,0.043196,0.055205,0.125977,0.499331,0.055166,0.017378
ACCGATAGGCATAACC-1,0.004089,0.223936,0.230041,0.2607,0.000014,0.000007,0.281213
ACCGATATTTAATCAT-1,0.023074,0.107635,0.014849,0.176658,0.046911,0.178005,0.452868
ACCGATGGTAGCATCG-1,0.002108,0.072501,0.000033,0.004045,0.426447,0.18706,0.307806
ACCGCAATAACTGCCT-1,0.051751,0.180944,0.000022,0.066126,0.421289,0.153972,0.125897
ACCGCGGTGGAAGTCG-1,0.020567,0.646447,0.083766,0.022416,0.000019,0.040604,0.186183
ACCGCTAGTCATTGGT-1,0.136831,0.017189,0.185289,0.021481,0.639091,0.000039,0.000079
ACCGGGCCTTTGTTGA-1,0.042998,0.088851,0.000026,0.072988,0.357918,0.052335,0.384884
ACCGGTCAGGTACACC-1,0.000023,0.110786,0.252556,0.059112,0.507739,0.002743,0.06704
ACCGTCCACTGGGCCC-1,0.000379,0.06857,0.521543,0.026387,0.342581,0.002187,0.038353
ACCGTGACCACGTGGG-1,0.039075,0.430906,0.068981,0.044147,0.387198,0.02582,0.003874
ACCGTTCCCGCTCTGA-1,0.000048,0.007537,0.000048,0.013164,0.07182,0.000048,0.907337
ACCTAAGTACCTTTCA-1,0.002816,0.883042,0.086417,0.002211,0.000012,0.001755,0.023747
ACCTAATCGACTTCCT-1,0.00005,0.033515,0.00005,0.00005,0.542113,0.245105,0.179118
ACCTACAGTATGTGGT-1,0.000036,0.017646,0.031367,0.047905,0.130604,0.038677,0.733765
ACCTACTATAAATCTA-1,0.133405,0.801808,0.004265,0.040404,0.000011,0.008088,0.012018
ACCTCAGCGAGGCGCA-1,0.122499,0.02658,0.079148,0.199368,0.399824,0.043752,0.12883
ACCTCCGCCCTCGCTG-1,0.163903,0.035829,0.050645,0.289066,0.256282,0.065972,0.138303
ACCTCCGTTATTCACC-1,0.00007,0.000279,0.00007,0.00007,0.31264,0.00007,0.686803
ACCTCGAACTTATGCT-1,0.000018,0.039546,0.463151,0.134678,0.354894,0.000018,0.007694
ACCTGCGTGTCATGTT-1,0.015598,0.212165,0.262119,0.003718,0.355899,0.118854,0.031648
ACCTTTCCTTTAGAAG-1,0.000111,0.000444,0.000111,0.000111,0.37789,0.000111,0.621222
ACGAAATGGGCGGCAC-1,0.008109,0.25871,0.000019,0.001359,0.301527,0.270212,0.160064
ACGACCCATGAGTTGC-1,0.000038,0.000151,0.000038,0.064894,0.379516,0.000038,0.555325
ACGACTCTAGGGCCGA-1,0.145168,0.229107,0.016315,0.333269,0.113542,0.037581,0.125018
ACGACTGGTCATACTC-1,0.260192,0.159715,0.440525,0.010253,0.050123,0.07449,0.004703
ACGAGAACCCATCACG-1,0.035518,0.098753,0.000033,0.000033,0.245053,0.308348,0.312262
ACGAGATATTTGCTTA-1,0.000064,0.000258,0.000064,0.000064,0.210609,0.000064,0.788875
ACGAGGATACCACTCT-1,0.000032,0.000128,0.069182,0.000032,0.929188,0.000032,0.001406
ACGAGGTTTACAACGT-1,0.004507,0.147169,0.038961,0.026199,0.676525,0.0346,0.07204
ACGAGTACGGATGCCC-1,0.000017,0.099612,0.07549,0.156541,0.000035,0.000017,0.668287
ACGAGTCGCCGGCGTT-1,0.091833,0.112894,0.035995,0.021041,0.421657,0.093518,0.223062
ACGATACATAGAACTA-1,0.000045,0.000179,0.059358,0.000045,0.316675,0.000045,0.623653
ACGATACCTATCCTGA-1,0.010497,0.026957,0.000018,0.009925,0.71562,0.01504,0.221942
ACGATCATACATAGAG-1,0.029013,0.09986,0.000044,0.000044,0.559763,0.156188,0.155089
ACGATCATCTTGTAAA-1,0.107244,0.252419,0.003705,0.009372,0.019486,0.210703,0.397072
ACGATGCATATGTTAT-1,0.002882,0.327476,0.000024,0.002583,0.106926,0.38765,0.17246
ACGATGGATCCGATGC-1,0.000017,0.644911,0.006717,0.042933,0.000035,0.017985,0.287402
ACGCAAACTAATAGAT-1,0.010567,0.205304,0.112149,0.020262,0.532704,0.105701,0.013313
ACGCAATCACTACAGC-1,0.000081,0.000325,0.000081,0.000081,0.180025,0.000081,0.819325
ACGCATACGTTTACTA-1,0.060153,0.219325,0.001426,0.189304,0.194975,0.116997,0.21782
ACGCATTCGTGAGTAC-1,0.000032,0.052588,0.221593,0.000032,0.375361,0.186009,0.164385
ACGCCACTCGAAACAG-1,0.156605,0.069489,0.059932,0.128805,0.547054,0.035412,0.002702
ACGCCAGATGATTTCT-1,0.000045,0.000181,0.000045,0.000045,0.210187,0.000045,0.789451
ACGCCAGTGCGTTTGC-1,0.007363,0.000177,0.235565,0.017382,0.512812,0.000044,0.226657
ACGCCCAGCTGTCGAT-1,0.000095,0.000381,0.000095,0.000095,0.183989,0.000095,0.815249
ACGCCGCTAGACGACC-1,0.005097,0.35965,0.006981,0.024504,0.390402,0.116017,0.097349
ACGCCTGACACGCGCT-1,0.034013,0.077617,0.020319,0.128978,0.349925,0.082679,0.306469
ACGCGAAGTCAGACGA-1,0.020115,0.164406,0.000038,0.000038,0.589444,0.21111,0.014849
ACGCGCTACACAGGGT-1,0.032747,0.287979,0.117286,0.000019,0.167359,0.210539,0.184071
ACGCGGGCCAAGGACA-1,0.079733,0.383591,0.000018,0.003857,0.16205,0.335106,0.035645
ACGCGTTTCTTAAGAG-1,0.00004,0.143537,0.00004,0.002859,0.688121,0.080734,0.08467
ACGCTACTGAATGGGC-1,0.000043,0.00017,0.019653,0.000043,0.277465,0.000043,0.702584
ACGCTAGTGATACACT-1,0.000034,0.052669,0.000034,0.080432,0.096699,0.015936,0.754195
ACGCTGTGAGGCGTAG-1,0.000049,0.000197,0.000049,0.000049,0.851628,0.073827,0.0742
ACGCTTAGTGTCTCTC-1,0.053405,0.151176,0.000152,0.000152,0.168635,0.000152,0.626327
ACGGAACACGAGTGCC-1,0.004503,0.000702,0.203684,0.129725,0.61818,0.007237,0.035969
ACGGAATTTAGCAAAT-1,0.000045,0.014504,0.000045,0.000045,0.52083,0.260354,0.204178
ACGGACGCAGCGACAA-1,0.000013,0.005152,0.96867,0.002295,0.014771,0.00103,0.008068
ACGGACTCTCAAAGCG-1,0.225199,0.053609,0.176915,0.040285,0.200207,0.225736,0.078049
ACGGATGGTGCGGATA-1,0.06856,0.00731,0.309022,0.003465,0.563961,0.047605,0.000077
ACGGCACTTGCTTGGG-1,0.222015,0.060074,0.222196,0.000019,0.020542,0.388797,0.086357
ACGGCCAACATGGACT-1,0.010944,0.656108,0.010747,0.00879,0.163013,0.12615,0.02425
ACGGCGACGATGGGAA-1,0.030529,0.369628,0.018497,0.078324,0.266888,0.06528,0.170854
ACGGCGGGTTGCCCTG-1,0.055177,0.110479,0.000048,0.025833,0.383055,0.028254,0.397153
ACGGCTGGATGTAGAA-1,0.035811,0.384234,0.215332,0.134377,0.128173,0.00001,0.102062
ACGGGAGTGTCGGCCC-1,0.00376,0.232669,0.449481,0.000018,0.146953,0.120442,0.046678
ACGGGTCATGTGACTT-1,0.00003,0.242951,0.00003,0.00003,0.456869,0.232387,0.067702
ACGGGTTGTGACCTGT-1,0.000825,0.0033,0.221081,0.000825,0.378575,0.000825,0.394568
ACGGTACAGTTCAATG-1,0.047954,0.051389,0.010953,0.167573,0.486668,0.039184,0.196279
ACGGTCACCGAGAACA-1,0.000028,0.000112,0.576668,0.000028,0.381352,0.000028,0.041783
ACGTACAGATTTCTCT-1,0.011522,0.49672,0.051275,0.015083,0.000045,0.00139,0.423965
ACGTACTTTGGCACGG-1,0.103408,0.156484,0.139039,0.04056,0.432539,0.127924,0.000046
ACGTAGATTGCTGATG-1,0.167868,0.080576,0.000024,0.000024,0.139487,0.449616,0.162407
ACGTAGGAGAGTCGCT-1,0.267449,0.029855,0.000017,0.00637,0.48883,0.196295,0.011183
ACGTATTACTCCGATC-1,0.21362,0.193046,0.015297,0.000023,0.00903,0.330812,0.238172
ACGTCCTAAACGAGAT-1,0.000084,0.000336,0.022233,0.000084,0.227827,0.000084,0.749352
ACGTCGGGCAACTCGG-1,0.001767,0.088835,0.040363,0.035266,0.649878,0.002955,0.180935
ACGTCTCGTTCCGGGA-1,0.013395,0.08313,0.027726,0.01375,0.711205,0.074373,0.076421
ACGTGACAAAGTAAGT-1,0.019979,0.025684,0.004989,0.064325,0.776128,0.044296,0.064599
ACGTGCGCCTCGTGCA-1,0.063847,0.134661,0.038457,0.008245,0.212492,0.279568,0.262731
ACGTTAATGTCGAAGA-1,0.217457,0.599031,0.008418,0.004518,0.033671,0.048797,0.088107
ACGTTAGATTTGCCCG-1,0.058576,0.623874,0.00002,0.00002,0.034029,0.160833,0.122647
ACGTTATTGGTCACTC-1,0.000043,0.018481,0.028229,0.000043,0.599224,0.153998,0.199983
ACGTTCACTATGCCGC-1,0.043717,0.289444,0.080965,0.048743,0.536398,0.000674,0.00006
ACGTTCCGCGCTCCGT-1,0.011562,0.250842,0.000025,0.122588,0.035256,0.012621,0.567106
ACGTTCGCAATCAATT-1,0.000085,0.000338,0.000085,0.000085,0.489252,0.000085,0.510071
ACGTTCGTTCAGGAAA-1,0.08009,0.31727,0.001171,0.016913,0.155088,0.371925,0.057543
ACGTTCTGTACAAGTC-1,0.135823,0.150299,0.003123,0.172018,0.331054,0.071056,0.136628
ACGTTGTCGTTGAAAG-1,0.000043,0.000174,0.024224,0.009603,0.95397,0.011898,0.000087
ACGTTTAGTTGTGATC-1,0.052724,0.402828,0.044451,0.07562,0.000063,0.028788,0.395527
ACTACAAAGAGAGGTG-1,0.026207,0.593989,0.030351,0.022534,0.153464,0.112155,0.0613
ACTACATCCCGACAAG-1,0.006748,0.000087,0.379812,0.000022,0.588881,0.024406,0.000044
ACTACCAGCTCTCTGG-1,0.000027,0.461369,0.244383,0.000027,0.006232,0.108343,0.179619
ACTACCATCCGAGGGC-1,0.000046,0.01534,0.236578,0.035445,0.712456,0.000046,0.000091
ACTACGCGTTAGAATT-1,0.0259,0.80779,0.002581,0.013745,0.019137,0.087791,0.043055
ACTAGTTGCGATCGTC-1,0.124814,0.195662,0.000026,0.119026,0.10793,0.048636,0.403906
ACTATCCAGGGCATGG-1,0.000015,0.266317,0.00953,0.111759,0.002794,0.004774,0.604811
ACTATCGCCGGCTAAA-1,0.08183,0.196848,0.000022,0.000022,0.209647,0.412397,0.099234
ACTATCTGCCCGCGTA-1,0.0175,0.045203,0.233215,0.281045,0.179797,0.022069,0.22117
ACTATGTCCAGCTGCC-1,0.006685,0.135376,0.8425,0.011508,0.000447,0.000005,0.003479
ACTATTCGTCCGTGGT-1,0.00006,0.010466,0.00006,0.00006,0.30074,0.024564,0.66405
ACTATTTCCGGGCCCA-1,0.022732,0.320761,0.000022,0.027841,0.471868,0.154586,0.00219
ACTCAACGAATGTATT-1,0.015439,0.003563,0.000041,0.000041,0.188619,0.257157,0.53514
ACTCAAGTGCAAGGCT-1,0.043574,0.044844,0.000041,0.043305,0.628634,0.126964,0.112638
ACTCAATAAAGGCACG-1,0.094982,0.045429,0.017539,0.000035,0.571664,0.042564,0.227786
ACTCAGACCTGCTTCT-1,0.011007,0.552844,0.048853,0.003981,0.016624,0.036101,0.33059
ACTCATGGCAGCCTTC-1,0.004185,0.223998,0.081942,0.091491,0.598284,0.000033,0.000066
ACTCCAATATCATCAT-1,0.167884,0.567821,0.145484,0.047334,0.040084,0.019926,0.011467
ACTCCCATTCCTAAAG-1,0.000036,0.019498,0.214383,0.000036,0.713741,0.012025,0.040281
