Barcode,Topic 1,Topic 2,Topic 3to10
AAACAAGTATCTCCCA-1,0.000023,0.000023,0.999955
AAACACCAATAACTGC-1,0.000024,0.023311,0.976666
AAACAGAGCGACTCCT-1,0.000029,0.000029,0.999943
AAACAGCTTTCAGAAG-1,0.000031,0.000031,0.999939
AAACAGGGTCTATATT-1,0.000032,0.000032,0.999937
AAACAGTGTTCCTGGG-1,0.000018,0.00002,0.999963
AAACATGGTGAGAGGA-1,0.000017,0.013231,0.986752
AAACATTTCCCGGATT-1,0.00003,0.269948,0.730023
AAACCCGAACGAAATC-1,0.000013,0.000013,0.999973
AAACCGGAAATGTTAA-1,0.000018,0.015985,0.983997
AAACCGGGTAGGTACC-1,0.000032,0.031846,0.968122
AAACCGTTCGTCCAGG-1,0.000032,0.124355,0.875614
AAACCTAAGCAGCCGG-1,0.000049,0.767663,0.232288
AAACCTCATGAAGTTG-1,0.000034,0.000034,0.999931
AAACGAAGAACATACC-1,0.000068,0.080279,0.919652
AAACGAAGATGGAGTA-1,0.000024,0.000024,0.999953
AAACGAGACGGTTGAT-1,0.000894,0.000036,0.999071
AAACGCTGGGCACGAC-1,0.000024,0.462911,0.537065
AAACGGGCGTACGGGT-1,0.000051,0.696485,0.303464
AAACGGTTGCGAACTG-1,0.000023,0.035663,0.964314
AAACGTGTTCGCCCTA-1,0.007246,0.059217,0.933537
AAACTCGGTTCGCAAT-1,0.000036,0.571713,0.428251
AAACTCGTGATATAAG-1,0.000029,0.000029,0.999943
AAACTGCTGGCTCCAA-1,0.000023,0.088212,0.911765
AAACTTAATTGCACGC-1,0.000021,0.013981,0.985998
AAACTTGCAAACGTAT-1,0.000902,0.003123,0.995975
AAAGAATGACCTTAGA-1,0.00002,0.007173,0.992807
AAAGAATGTGGACTAA-1,0.000751,0.924604,0.074645
AAAGACCCAAGTCGCG-1,0.00003,0.012196,0.987774
AAAGACTGGGCGCTTT-1,0.000024,0.000024,0.999952
AAAGCTTGCCTACATA-1,0.000871,0.030672,0.968458
AAAGGCCCTATAATAC-1,0.000019,0.044486,0.955495
AAAGGCTACGGACCAT-1,0.000036,0.116884,0.88308
AAAGGCTCTCGCGCCG-1,0.000036,0.186535,0.813429
AAAGGGATGTAGCAAG-1,0.000018,0.000018,0.999965
AAAGGGCAGCTTGAAT-1,0.000031,0.000132,0.999837
AAAGTAGCATTGCTCA-1,0.000014,0.000014,0.999971
AAAGTCACTGATGTAA-1,0.00109,0.000044,0.998866
AAAGTCGACCCTCAGT-1,0.000868,0.000036,0.999096
AAAGTGCCATCAATTA-1,0.000018,0.102395,0.897587
AAAGTGTGATTTATCT-1,0.00003,0.021736,0.978235
AAAGTTGACTCCCGTA-1,0.000026,0.003352,0.996623
AAATAACCATACGGGA-1,0.000027,0.018847,0.981126
AAATAAGGTAGTGCCC-1,0.000025,0.000025,0.99995
AAATACCTATAAGCAT-1,0.000774,0.137506,0.86172
AAATAGCTTAGACTTT-1,0.000039,0.000039,0.999922
AAATAGGGTGCTATTG-1,0.000042,0.194331,0.805627
AAATCCGATACACGCC-1,0.000043,0.563194,0.436764
AAATCGCGGAAGGAGT-1,0.000031,0.000031,0.999938
AAATCGTGTACCACAA-1,0.000069,0.386432,0.613499
AAATCTAGCCCTGCTA-1,0.000018,0.043411,0.956571
AAATCTGCCCGCGTCC-1,0.000016,0.000016,0.999967
AAATGACTGATCAAAC-1,0.000048,0.035892,0.964059
AAATGATTCGATCAGC-1,0.000042,0.000042,0.999917
AAATGCTCGTTACGTT-1,0.000039,0.000039,0.999922
AAATGGCATGTCTTGT-1,0.00004,0.00004,0.99992
AAATGGCCCGTGCCCT-1,0.000025,0.000025,0.999951
AAATGGTCAATGTGCC-1,0.000032,0.038241,0.961727
AAATGTATCTTATCCC-1,0.000018,0.000018,0.999964
AAATTAACGGGTAGCT-1,0.00003,0.00715,0.992819
AAATTAATAAGCGCGA-1,0.000045,0.000634,0.999321
AAATTACACGACTCTG-1,0.000023,0.000023,0.999954
AAATTACCTATCGATG-1,0.000027,0.000027,0.999947
AAATTCCAGGTCCAAA-1,0.000024,0.001258,0.998719
AAATTGATAGTCCTTT-1,0.000046,0.068902,0.931052
AAATTGGTGAGAAGCA-1,0.000036,0.034535,0.965429
AAATTTGCGGGTGTGG-1,0.000027,0.041042,0.958931
AACAACTGGTAGTTGC-1,0.000032,0.009603,0.990365
AACAATACATTGTCGA-1,0.000017,0.036514,0.963469
AACAATTACTCTACGC-1,0.000039,0.000039,0.999922
AACACACGCTCGCCGC-1,0.000023,0.030687,0.969291
AACACGACTGTACTGA-1,0.007984,0.000027,0.991989
AACACGAGACGCGGCC-1,0.000022,0.000022,0.999955
AACACGCGGCCGCGAA-1,0.000104,0.057656,0.94224
AACAGCTGTGTGGCAA-1,0.008199,0.003889,0.987912
AACAGGAAATCGAATA-1,0.003443,0.000039,0.996518
AACAGGATGGGCCGCG-1,0.000032,0.004121,0.995848
AACAGGTAGTATGGAT-1,0.000031,0.008937,0.991032
AACATAGCGTGTATCG-1,0.00012,0.576093,0.423787
AACATATCAACTGGTG-1,0.000023,0.000023,0.999954
AACATCGATACGTCTA-1,0.000068,0.000068,0.999864
AACATTGAAGTTGATC-1,0.000033,0.03376,0.966206
AACATTGTGACTCGAG-1,0.000015,0.035972,0.964013
AACCAAGACTTCTCTG-1,0.000032,0.029082,0.970886
AACCATAGGGTTGAAC-1,0.000797,0.035249,0.963954
AACCATGGGATCGCTA-1,0.00004,0.00004,0.999919
AACCCAGAGACGGAGA-1,0.000027,0.000027,0.999946
AACCCATCCCATGATC-1,0.000033,0.000033,0.999935
AACCCGACAACCCGTG-1,0.000017,0.000017,0.999966
AACCCGAGCAGAATCG-1,0.000024,0.022127,0.977848
AACCCGCTGTATTCCA-1,0.000023,0.027175,0.972802
AACCCTACTGTCAATA-1,0.000022,0.000022,0.999956
AACCCTGGTGGAACCA-1,0.000032,0.000032,0.999936
AACCGAGCTTGGTCAT-1,0.000031,0.000031,0.999937
AACCGCTAAGGGATGC-1,0.00002,0.014662,0.985318
AACCGTTGTGTTTGCT-1,0.000037,0.000037,0.999926
AACCTCGCTTTAGCCC-1,0.000023,0.26873,0.731247
AACCTGTCACGGAATT-1,0.000041,0.059947,0.940012
AACCTTTAAATACGGT-1,0.00119,0.539534,0.459276
AACCTTTACGACGTCT-1,0.000037,0.000037,0.999927
AACGAAAGTCGTCCCA-1,0.00003,0.00003,0.99994
AACGACCTCCTAGCCG-1,0.00003,0.591421,0.408549
AACGATAATGCCGTAG-1,0.00005,0.558751,0.441199
AACGATAGAAGGGCCG-1,0.00298,0.000028,0.996992
AACGATATGTCAACTG-1,0.000039,0.000039,0.999921
AACGCATGATCTGGGT-1,0.000032,0.000032,0.999937
AACGCGAACGGCAACA-1,0.000081,0.035298,0.964621
AACGCGACCTTGGGCG-1,0.000034,0.083589,0.916377
AACGCGGTCTCCAGCC-1,0.000044,0.003439,0.996517
AACGCTGTTGCTGAAA-1,0.00155,0.018949,0.979501
AACGGACGTACGTATA-1,0.07497,0.000013,0.925016
AACGGCCATCTCCGGT-1,0.000024,0.129368,0.870608
AACGTACTGTGGGTAC-1,0.000028,0.069,0.930972
AACGTCAGACTAGTGG-1,0.000033,0.000033,0.999935
AACGTCATCCGGCTTG-1,0.004547,0.004546,0.990907
AACGTCGCTGCACTTC-1,0.001073,0.698021,0.300906
AACGTGATGAAGGACA-1,0.000061,0.000061,0.999877
AACGTGCGAAAGTCTC-1,0.000026,0.003611,0.996363
AACGTTATCAGCACCT-1,0.000039,0.000039,0.999921
AACGTTCTACCATTGT-1,0.0003,0.564033,0.435666
AACTACCCGTTTGTCA-1,0.000044,0.000044,0.999912
AACTAGGCTTGGGTGT-1,0.000036,0.517709,0.482255
AACTCAAGTTAATTGC-1,0.000024,0.045831,0.954144
AACTCCAGAGCGTGTT-1,0.000061,0.496179,0.50376
AACTCCTAATCCCATG-1,0.000032,0.000032,0.999936
AACTCGATGGCGCAGT-1,0.000045,0.000045,0.99991
AACTCTCAATAGAGCG-1,0.000029,0.000029,0.999942
AACTCTCAGTGTGCTC-1,0.000015,0.009702,0.990283
AACTGAGTTATACTGA-1,0.00003,0.00003,0.99994
AACTGATATTAGGCCT-1,0.000052,0.000052,0.999897
AACTGGGTCCCGACGT-1,0.000037,0.035154,0.964809
AACTGGTGTGGGCCTT-1,0.000045,0.000045,0.999911
AACTTCTGCGTCTATC-1,0.000029,0.000029,0.999942
AACTTGCCCGTATGCA-1,0.000043,0.02848,0.971477
AACTTGCGTTCTCGCG-1,0.000042,0.000042,0.999915
AACTTTACGGGAGCTT-1,0.000041,0.000041,0.999918
AACTTTCTCGATCATG-1,0.000033,0.000129,0.999838
AAGAAAGTTTGATGGG-1,0.000032,0.000032,0.999936
AAGAAATCACCAGATT-1,0.000021,0.007779,0.992201
AAGAAGGATCAGTTAG-1,0.000032,0.000032,0.999936
AAGACATACGTGGTTT-1,0.000027,0.532792,0.467181
AAGACCAAATAACTCA-1,0.000019,0.004977,0.995004
AAGACCCAACTGAACA-1,0.000031,0.242918,0.757051
AAGACTAACCCGTTGT-1,0.000156,0.059785,0.940059
AAGACTGCAAGCTACT-1,0.00004,0.01493,0.98503
AAGAGATGAATCGGTA-1,0.000036,0.000036,0.999927
AAGAGCTCTTTATCGG-1,0.000024,0.011327,0.988649
AAGAGGATGTACGCGA-1,0.000031,0.000031,0.999938
AAGAGGCATGGATCGC-1,0.000031,0.015376,0.984593
AAGAGGCCCTTTGGAA-1,0.000026,0.034271,0.965703
AAGATGGCACCGGACC-1,0.000028,0.094183,0.905789
AAGATTGGCGGAACGT-1,0.000848,0.002855,0.996297
AAGCACCCTGCGTATC-1,0.000066,0.657924,0.342009
AAGCATACTCTCCTGA-1,0.000051,0.724777,0.275172
AAGCCACTTGCAGGTA-1,0.000036,0.000036,0.999929
AAGCCGAAGCGGTTTA-1,0.000027,0.00067,0.999303
AAGCCGCCGTGAAATC-1,0.000022,0.007886,0.992092
AAGCCGCTTTACCTTG-1,0.000021,0.000207,0.999772
AAGCCGGAGAGCAGGA-1,0.000018,0.045448,0.954534
AAGCGCAGGGCTTTGA-1,0.000072,0.845229,0.154699
AAGCGGAGTGCGCGCA-1,0.000038,0.027144,0.972818
AAGCGTCCCTCATCGA-1,0.000031,0.030786,0.969183
AAGCTAGATCGAGTAA-1,0.000035,0.312734,0.687231
AAGCTATGGATTGACC-1,0.000388,0.000388,0.999225
AAGCTCGTGCCAAGTC-1,0.000026,0.000026,0.999947
AAGCTCTTTCATGGTG-1,0.000103,0.492649,0.507248
AAGGAGCGGTTGGTGC-1,0.00004,0.00741,0.99255
AAGGATCGATCGCTTG-1,0.003391,0.000034,0.996575
AAGGATGAGGGACCTC-1,0.000028,0.000028,0.999944
AAGGCAGGCTGTCTCC-1,0.000033,0.000892,0.999075
AAGGCGCGTAAAGCTT-1,0.000033,0.000033,0.999934
AAGGCTGTGCTCATCG-1,0.000038,0.085884,0.914078
AAGGGAACGACTGGCT-1,0.000036,0.023875,0.97609
AAGGGACAGATTCTGT-1,0.000036,0.007043,0.992921
AAGGGACTATGCATTC-1,0.000018,0.000018,0.999965
AAGGGTTAGCCATGCG-1,0.00025,0.803289,0.196461
AAGGGTTTGATTTCAG-1,0.000039,0.000039,0.999923
AAGGTATCCTAATATA-1,0.000046,0.00523,0.994723
AAGGTGATAAACCAGC-1,0.000018,0.019564,0.980418
AAGTAGAAGACCGGGT-1,0.000034,0.000034,0.999933
AAGTAGTGACGCGAGG-1,0.000038,0.040572,0.95939
AAGTCAATTGTCGTCA-1,0.000031,0.000031,0.999938
AAGTCTAGTAGCTGCC-1,0.000028,0.000028,0.999944
AAGTCTTCTGTGGCCT-1,0.00004,0.00004,0.999919
AAGTGACGACCGAATT-1,0.000037,0.010771,0.989192
AAGTGAGTCGGGTTTA-1,0.000036,0.063313,0.936651
AAGTGCAAAGGTAGAC-1,0.000029,0.002698,0.997272
AAGTGCCTTGACTGTA-1,0.000029,0.006582,0.993388
AAGTGCGTTAGAATCT-1,0.000039,0.018287,0.981674
AAGTGCTTCTCTATTG-1,0.000032,0.000032,0.999936
AAGTGTTTGGAGACGG-1,0.000029,0.240016,0.759955
AAGTTCACTCCAAGCT-1,0.002582,0.154469,0.842949
AAGTTCAGTCTGCGTA-1,0.000048,0.000048,0.999905
AAGTTCGGCCAACAGG-1,0.000028,0.044838,0.955135
AAGTTGTGATGTTATA-1,0.000058,0.840189,0.159753
AAGTTTATGGGCCCAA-1,0.000043,0.619963,0.379994
AATAACAACGCTCGGC-1,0.000067,0.000067,0.999865
AATAACACTAGAACAA-1,0.000019,0.033,0.966981
AATAACGTCGCGCCCA-1,0.000223,0.658045,0.341733
AATAAGTCCTCGAGAC-1,0.000067,0.130798,0.869135
AATAATCTTCGTATCG-1,0.000023,0.006968,0.993009
AATACAATGTTTCAGG-1,0.000035,0.000035,0.999931
AATACCGGAGGGCTGT-1,0.000026,0.019004,0.980971
AATACCTGATGTGAAC-1,0.00006,0.359051,0.640889
AATAGAACAGAGTGGC-1,0.000042,0.273979,0.725979
AATAGAATCTGTTTCA-1,0.000035,0.018556,0.981409
AATAGCTACCGCGTGC-1,0.000038,0.000038,0.999924
AATAGGCACGACCCTT-1,0.002778,0.002779,0.994443
AATAGTCCGTCCCGAC-1,0.00004,0.338032,0.661928
AATAGTCGCGAGTCGG-1,0.000032,0.000032,0.999936
AATATCAAGGTCGGAT-1,0.000052,0.000052,0.999897
AATATCCTAGCAAACT-1,0.000023,0.001597,0.99838
AATATCGAATCAATGC-1,0.000026,0.000026,0.999948
AATATCGAGGGTTCTC-1,0.000037,0.000037,0.999926
AATATTGGAGTATTGA-1,0.000052,0.025437,0.974511
AATCAGGTTTCATTTA-1,0.000037,0.000037,0.999926
AATCATGTAAAGACTC-1,0.001767,0.008469,0.989765
AATCCAAGGGCCTGAG-1,0.00005,0.00005,0.999899
AATCCATGCAAGGGTG-1,0.000041,0.000041,0.999918
AATCCCGCTCAGAGCC-1,0.000055,0.000055,0.999891
AATCGAGGTCTCAAGG-1,0.000233,0.203273,0.796494
AATCGCCTCAGCGCCA-1,0.001975,0.002039,0.995986
AATCGCGCAGAGGACT-1,0.000024,0.000024,0.999951
AATCGGGACACTACGA-1,0.000053,0.000053,0.999893
AATCGGTATAGCCCTC-1,0.000047,0.950439,0.049514
AATCGTGAGCCGAGCA-1,0.000095,0.741377,0.258527
AATCTAGGTTTACTTG-1,0.000033,0.000033,0.999935
AATCTATGCCGGAGCC-1,0.00005,0.000054,0.999897
AATCTCTACTGTGGTT-1,0.000046,0.016438,0.983516
AATCTGCGTTGGGACG-1,0.000036,0.000463,0.999501
AATCTGGCTTTCTAGT-1,0.000032,0.000032,0.999936
AATGACAGCAATGTCT-1,0.000044,0.094952,0.905005
AATGACGTAGGATGTC-1,0.000032,0.006036,0.993932
AATGACTGTCAGCCGG-1,0.000036,0.028776,0.971188
AATGAGTTCGCATATG-1,0.000037,0.000037,0.999927
AATGATGATACGCTAT-1,0.000034,0.000034,0.999932
AATGATGCGACTCCTG-1,0.001178,0.000035,0.998788
AATGCAACCGGGTACC-1,0.002503,0.017838,0.979659
AATGCACCAAGCAATG-1,0.000018,0.000018,0.999963
AATGGTCCACCGTTCA-1,0.000028,0.000028,0.999944
AATGGTTCTCACAAGC-1,0.00004,0.00004,0.999919
AATGTATGGCACTGTA-1,0.000032,0.000032,0.999936
AATGTGCCCGAGGTGT-1,0.000034,0.031807,0.968159
AATGTGCTAATCTGAG-1,0.000032,0.017742,0.982226
AATGTTAAGACCCTGA-1,0.000131,0.742126,0.257743
AATGTTGTCGTGAGAC-1,0.00004,0.77056,0.2294
AATTAAAGGTCGGCGT-1,0.000057,0.26545,0.734493
AATTAACGGATTTCCA-1,0.000065,0.692757,0.307178
AATTACGAGACCCATC-1,0.000034,0.000034,0.999932
AATTAGCGCTGCAGCG-1,0.000041,0.433842,0.566117
AATTATACCCAGCAAG-1,0.000196,0.879274,0.12053
AATTCATAAGGGATCT-1,0.000045,0.000045,0.999909
AATTCATTGTCATGCA-1,0.000026,0.021202,0.978772
AATTCCAAGCATGTAC-1,0.000018,0.011455,0.988527
AATTCGATTCGAGGAT-1,0.000081,0.792851,0.207068
AATTCTAGAGTTAGGC-1,0.007138,0.565008,0.427854
AATTGAACGCTCTGGT-1,0.000028,0.013205,0.986767
AATTGCAGCAATCGAC-1,0.000063,0.738296,0.261641
AATTGCGTGGATTACA-1,0.00006,0.00006,0.99988
AATTGTGGTTGCCAAA-1,0.00002,0.225284,0.774696
AATTTGGGACATAGTA-1,0.000043,0.000043,0.999913
AATTTGGTTCCAAAGA-1,0.000046,0.000046,0.999907
ACAAACCATGCGTCCT-1,0.000022,0.026375,0.973602
ACAAACTCCATCAGAG-1,0.000027,0.005418,0.994555
ACAAAGAAGGTAGGCC-1,0.000026,0.000026,0.999948
ACAAAGCATGACCTAG-1,0.000034,0.699992,0.299975
ACAAATCGCACCGAAT-1,0.00002,0.021286,0.978695
ACAAATGGTAGTGTTT-1,0.000027,0.016544,0.983429
ACAACAGCATGAGCTA-1,0.000025,0.000025,0.99995
ACAACGGTCCCTGCGA-1,0.000027,0.000027,0.999946
ACAAGCAGTGCCTAGC-1,0.000995,0.001937,0.997068
ACAAGCTATATGGAAG-1,0.00003,0.00003,0.999939
ACAAGGAAATCCGCCC-1,0.000025,0.090557,0.909418
ACAAGGACAAGAGGTT-1,0.000033,0.004747,0.995219
ACAAGGATGCTTTAGG-1,0.000051,0.923945,0.076004
ACAAGGGCAGGCTCTG-1,0.000015,0.004628,0.995357
ACAAGTAATTGTAAGG-1,0.002223,0.002223,0.995555
ACAATAGTCGTACGTT-1,0.000043,0.044129,0.955828
ACAATCCATTTAAACC-1,0.000064,0.045352,0.954584
ACAATGAATACGGAGA-1,0.000024,0.011326,0.98865
ACAATTGTGTCTCTTT-1,0.000593,0.023183,0.976225
ACAATTTAGGAGGCTC-1,0.000037,0.000037,0.999926
ACAATTTGAGCAGTGG-1,0.000036,0.000036,0.999928
ACAATTTGGCCATATT-1,0.000024,0.117811,0.882165
ACACAAAGACGGGTGG-1,0.000028,0.008644,0.991328
ACACAAATATTCCTAG-1,0.000025,0.017862,0.982113
ACACACCAGGACCAGT-1,0.000035,0.077793,0.922172
ACACACTTTCTACACG-1,0.000052,0.000052,0.999896
ACACATGATCAAATCT-1,0.000023,0.000023,0.999954
ACACATTTCCGTAGAC-1,0.00004,0.049417,0.950543
ACACCACATAATTAGC-1,0.000028,0.007857,0.992115
ACACCCAGCATGCAGC-1,0.000036,0.03482,0.965144
ACACCCGAGAAATCCG-1,0.000025,0.00904,0.990934
ACACCGAGCGCTCTTT-1,0.000085,0.012757,0.987158
ACACCGGTCTGACCGC-1,0.00002,0.020474,0.979506
ACACCTTAAGTAGGGC-1,0.000035,0.003942,0.996023
ACACCTTACTACTTGC-1,0.000045,0.000045,0.999911
ACACGAGACTCCTTCT-1,0.000031,0.000031,0.999938
ACACGGCACTATGCAT-1,0.000058,0.046363,0.953579
ACACGGGAACTTAGGG-1,0.000041,0.00782,0.992139
ACACGTAGGCCACAAG-1,0.000016,0.000016,0.999968
ACACTCCAATGTCACT-1,0.000054,0.000054,0.999892
ACACTGATCAAGGTGT-1,0.00006,0.245496,0.754445
ACACTGGGACAGTCGT-1,0.00002,0.00002,0.999959
ACAGAACTGAGAACAA-1,0.000019,0.000019,0.999963
ACAGATTAGGTTAGTG-1,0.000057,0.000057,0.999885
ACAGCATAGAGCCAGT-1,0.00005,0.026224,0.973726
ACAGCGACATTCTCAT-1,0.001028,0.080447,0.918525
ACAGCGCACCCGCAGC-1,0.000035,0.020403,0.979562
ACAGGCACGGATCCTT-1,0.000047,0.835626,0.164327
ACAGGCTTGCCCGACT-1,0.000016,0.01412,0.985864
ACAGGTGGAGGTGAGG-1,0.000045,0.105012,0.894943
ACAGGTGTGTTGTTGC-1,0.000035,0.000035,0.999931
ACAGTAATACAACTTG-1,0.000035,0.01676,0.983205
ACAGTATACCGTGGGA-1,0.000026,0.000026,0.999948
ACATAAGTCGTGGTGA-1,0.000027,0.000027,0.999947
ACATAATAAGGCGGTG-1,0.000039,0.000039,0.999922
ACATACAATCAAGCGG-1,0.000769,0.908304,0.090927
ACATCAGCTGGGACGC-1,0.000029,0.000029,0.999942
ACATCCCGGCCATACG-1,0.499568,0.050404,0.450028
ACATCCTGGTAACTGT-1,0.000026,0.000219,0.999756
ACATCGATCGTTTACC-1,0.000041,0.092143,0.907816
ACATCGCAATATTCGG-1,0.000725,0.000725,0.99855
ACATCGGTCAGCCGCG-1,0.000032,0.01442,0.985548
ACATCGTATGCAATGG-1,0.000029,0.054506,0.945465
ACATCGTTAACCTAGT-1,0.000052,0.055238,0.94471
ACATGCTTACGGCAGC-1,0.00005,0.013942,0.986008
ACATGGCGCCAAAGTA-1,0.000025,0.000025,0.99995
ACATTAGTTTATATCC-1,0.000092,0.598073,0.401835
ACATTCGCGCGGAATA-1,0.000608,0.003105,0.996288
ACATTTGAAACCTAAC-1,0.000791,0.42984,0.569369
ACCAAACACCCAGCGA-1,0.000898,0.04165,0.957451
ACCAACACCACACACT-1,0.000038,0.006722,0.99324
ACCAACCGCACTCCAC-1,0.000037,0.697787,0.302176
ACCAACGCTTATTTAT-1,0.00004,0.33273,0.66723
ACCAAGAACGCGTGTC-1,0.000033,0.01308,0.986887
ACCAAGTCATCGGCAG-1,0.000055,0.916317,0.083628
ACCAATATGCAAGTTA-1,0.000053,0.822881,0.177066
ACCACAACTCAGAACA-1,0.000055,0.13654,0.863406
ACCACAAGTTTCTATC-1,0.000045,0.016465,0.98349
ACCACACGGTTGATGG-1,0.00011,0.430101,0.569788
ACCACCAATGTAACAA-1,0.000029,0.010356,0.989615
ACCACCCTCTCTTCTA-1,0.00003,0.00003,0.999941
ACCACGTGCAGCTATA-1,0.00003,0.072005,0.927965
ACCAGACCATAACAAC-1,0.000024,0.014251,0.985726
ACCAGTGCGGGAGACG-1,0.000024,0.134035,0.865942
ACCATATCCGCAATAA-1,0.000029,0.117819,0.882152
ACCATCCGCCAACTAG-1,0.000949,0.011118,0.987933
ACCATCGTATATGGTA-1,0.000043,0.208741,0.791215
ACCATTAAGGGTGTCA-1,0.000094,0.069906,0.93
ACCCAACGCCCGTGGC-1,0.000023,0.000023,0.999954
ACCCACCTACATGCTC-1,0.00004,0.014753,0.985207
ACCCATCTTGAGGGTA-1,0.000046,0.097296,0.902658
ACCCATTTGTCCCTCT-1,0.000029,0.120905,0.879066
ACCCGAGCGAAATTAC-1,0.000012,0.020586,0.979402
ACCCGATTGGTTCCGA-1,0.000023,0.02601,0.973967
ACCCGGAAACTCCCAG-1,0.000017,0.153316,0.846667
ACCCGGAGCACCACAA-1,0.00001,0.005703,0.994287
ACCCGGATGACGCATC-1,0.000041,0.000041,0.999918
ACCCGGTTACACTTCC-1,0.000054,0.19217,0.807775
ACCCGTAGCAGAGAAT-1,0.000034,0.000034,0.999933
ACCCGTAGTCTAGTTG-1,0.000033,0.605951,0.394017
ACCCGTGTCATCAGTA-1,0.00005,0.284374,0.715576
ACCCTATAGGACTGAG-1,0.000618,0.000027,0.999356
ACCCTATGCCATATCG-1,0.000044,0.083761,0.916196
ACCCTCCCGTCAGGGC-1,0.00005,0.841494,0.158456
ACCCTCCCTTGCTATT-1,0.000034,0.031361,0.968606
ACCCTGGTAACGCCCT-1,0.000033,0.022783,0.977184
ACCCTTCATCTGCGAA-1,0.000062,0.000062,0.999877
ACCCTTGCCTGGGTCG-1,0.000026,0.000445,0.999529
ACCCTTTAGTTCTCCA-1,0.002287,0.123393,0.87432
ACCGAAAGGGCCCTGC-1,0.000045,0.013324,0.986631
ACCGAAGAGTCTGGTT-1,0.000035,0.000035,0.99993
ACCGACACATCTCCCA-1,0.000041,0.863163,0.136796
ACCGACTGAGTCCCAC-1,0.00004,0.00335,0.99661
ACCGAGTCTCCTTATT-1,0.000074,0.860434,0.139492
ACCGATAGGCATAACC-1,0.000358,0.040389,0.959253
ACCGATATTTAATCAT-1,0.000028,0.035864,0.964108
ACCGATGGTAGCATCG-1,0.000033,0.000033,0.999934
ACCGCAATAACTGCCT-1,0.000034,0.153846,0.84612
ACCGCGGTGGAAGTCG-1,0.00003,0.00003,0.99994
ACCGCTAGTCATTGGT-1,0.000049,0.001375,0.998576
ACCGGGCCTTTGTTGA-1,0.00003,0.027907,0.972063
ACCGGTCAGGTACACC-1,0.000022,0.005444,0.994534
ACCGTCCACTGGGCCC-1,0.000031,0.000031,0.999939
ACCGTGACCACGTGGG-1,0.00003,0.070575,0.929395
ACCTAAGTACCTTTCA-1,0.000034,0.039291,0.960676
ACCTAATCGACTTCCT-1,0.000047,0.032875,0.967078
ACCTACAGTATGTGGT-1,0.000059,0.000059,0.999882
ACCTACTATAAATCTA-1,0.000026,0.048511,0.951463
ACCTCAGCGAGGCGCA-1,0.016673,0.421527,0.561801
ACCTCCGCCCTCGCTG-1,0.000027,0.054652,0.945321
ACCTCCGTTATTCACC-1,0.000048,0.000048,0.999904
ACCTCGAACTTATGCT-1,0.000024,0.029243,0.970733
ACCTGCGTGTCATGTT-1,0.000034,0.000034,0.999932
ACGAAATGGGCGGCAC-1,0.000028,0.000028,0.999943
ACGACCCATGAGTTGC-1,0.000017,0.072442,0.927541
ACGACTCTAGGGCCGA-1,0.000057,0.925598,0.074345
ACGACTGGTCATACTC-1,0.000571,0.058326,0.941103
ACGAGAACCCATCACG-1,0.000037,0.000037,0.999925
ACGAGATATTTGCTTA-1,0.000059,0.000059,0.999883
ACGAGGATACCACTCT-1,0.000025,0.00091,0.999065
ACGAGGTTTACAACGT-1,0.000023,0.001772,0.998205
ACGAGTACGGATGCCC-1,0.000021,0.000021,0.999957
ACGATACATAGAACTA-1,0.000047,0.000047,0.999907
ACGATACCTATCCTGA-1,0.000028,0.000028,0.999943
ACGATCATACATAGAG-1,0.000037,0.000037,0.999925
ACGATCATCTTGTAAA-1,0.000035,0.000035,0.999929
ACGATGCATATGTTAT-1,0.000052,0.115444,0.884504
ACGATGGATCCGATGC-1,0.000042,0.009176,0.990781
ACGCAAACTAATAGAT-1,0.000027,0.070376,0.929597
ACGCAATCACTACAGC-1,0.004728,0.035937,0.959334
ACGCATACGTTTACTA-1,0.000046,0.024642,0.975311
ACGCATTCGTGAGTAC-1,0.000041,0.000041,0.999919
ACGCCACTCGAAACAG-1,0.000023,0.076955,0.923022
ACGCCAGATGATTTCT-1,0.000055,0.005846,0.994099
ACGCCAGTGCGTTTGC-1,0.006496,0.391654,0.60185
ACGCCGCTAGACGACC-1,0.000033,0.025894,0.974073
ACGCGAAGTCAGACGA-1,0.000066,0.553957,0.445977
ACGCGCTACACAGGGT-1,0.000029,0.039841,0.96013
ACGCGGGCCAAGGACA-1,0.000031,0.000031,0.999937
ACGCGTTTCTTAAGAG-1,0.00003,0.00003,0.999941
ACGCTACTGAATGGGC-1,0.00005,0.633321,0.366628
ACGCTAGTGATACACT-1,0.000052,0.021933,0.978015
ACGCTGTGAGGCGTAG-1,0.000042,0.000042,0.999916
ACGGAACACGAGTGCC-1,0.000055,0.326564,0.673381
ACGGAATTTAGCAAAT-1,0.000033,0.000033,0.999933
ACGGACGCAGCGACAA-1,0.000022,0.000022,0.999956
ACGGACTCTCAAAGCG-1,0.000051,0.436952,0.562996
ACGGAGCGCAAATTAC-1,0.000044,0.009935,0.990021
ACGGATGGTGCGGATA-1,0.000045,0.855538,0.144416
ACGGCACTTGCTTGGG-1,0.000052,0.349178,0.65077
ACGGCCAACATGGACT-1,0.001284,0.502192,0.496524
ACGGCGACGATGGGAA-1,0.000025,0.087996,0.911979
ACGGCGGGTTGCCCTG-1,0.000154,0.082732,0.917114
ACGGCTGGATGTAGAA-1,0.000019,0.004389,0.995592
ACGGGAGTGTCGGCCC-1,0.005238,0.000017,0.994745
ACGGGCGTATGCGACA-1,0.000031,0.000031,0.999938
ACGGGTCATGTGACTT-1,0.000035,0.000035,0.99993
ACGGGTTGTGACCTGT-1,0.000031,0.000031,0.999939
ACGGTACAGTTCAATG-1,0.000051,0.884609,0.11534
ACGGTCACCGAGAACA-1,0.000027,0.02385,0.976122
ACGTACAGATTTCTCT-1,0.000039,0.008927,0.991033
ACGTACTTTGGCACGG-1,0.000032,0.000032,0.999935
ACGTAGATTGCTGATG-1,0.000053,0.000053,0.999895
ACGTAGGAGAGTCGCT-1,0.000062,0.599766,0.400173
ACGTATTACTCCGATC-1,0.000033,0.000884,0.999083
ACGTCGGGCAACTCGG-1,0.000053,0.000053,0.999894
ACGTCTCGTTCCGGGA-1,0.000025,0.000025,0.999951
ACGTGACAAAGTAAGT-1,0.000021,0.0016,0.998379
ACGTGCGCCTCGTGCA-1,0.000058,0.000058,0.999884
ACGTTAATGTCGAAGA-1,0.000043,0.02845,0.971508
ACGTTAGATTTGCCCG-1,0.000052,0.149132,0.850816
ACGTTATTGGTCACTC-1,0.000041,0.000041,0.999917
ACGTTCACTATGCCGC-1,0.000036,0.021179,0.978784
ACGTTCCGCGCTCCGT-1,0.000031,0.000031,0.999938
ACGTTCGCAATCAATT-1,0.000052,0.000052,0.999895
ACGTTCGTTCAGGAAA-1,0.000022,0.000022,0.999956
ACGTTCTGTACAAGTC-1,0.000076,0.729875,0.27005
ACGTTGTCGTTGAAAG-1,0.000055,0.010649,0.989296
ACGTTTAGTTGTGATC-1,0.000061,0.000061,0.999877
ACGTTTCGGTGCACTT-1,0.002256,0.856228,0.141516
ACTAAGGACGCACACC-1,0.000042,0.079616,0.920342
ACTACAAAGAGAGGTG-1,0.00003,0.026061,0.973909
ACTACATCCCGACAAG-1,0.000019,0.0095,0.990481
ACTACCAGCTCTCTGG-1,0.000041,0.03447,0.965489
ACTACCATCCGAGGGC-1,0.00068,0.000025,0.999295
ACTACGCGTTAGAATT-1,0.000046,0.267089,0.732865
ACTAGTTGCGATCGTC-1,0.000034,0.000034,0.999932
ACTATATGCTGTGTTC-1,0.006847,0.086867,0.906286
ACTATCCAGGGCATGG-1,0.000036,0.000036,0.999927
ACTATCTGCCCGCGTA-1,0.000024,0.000024,0.999953
ACTATGTCCAGCTGCC-1,0.000036,0.000036,0.999928
ACTATTCGTCCGTGGT-1,0.000041,0.000041,0.999918
ACTATTTCCGGGCCCA-1,0.000041,0.000041,0.999918
ACTCAACGAATGTATT-1,0.00009,0.028403,0.971507
ACTCAAGTGCAAGGCT-1,0.000063,0.57479,0.425147
ACTCAATAAAGGCACG-1,0.000032,0.00085,0.999118
ACTCAGACCTGCTTCT-1,0.002546,0.000048,0.997406
ACTCATGGCAGCCTTC-1,0.000031,0.000031,0.999938
ACTCCAATATCATCAT-1,0.000036,0.008197,0.991767
ACTCCCATTCCTAAAG-1,0.000027,0.000027,0.999945
ACTCCCGAATTCGTTT-1,0.000025,0.000025,0.999951
ACTCCCGTAGACTAGG-1,0.000033,0.000033,0.999934
ACTCCCTAATGCTAAA-1,0.000046,0.426558,0.573396
ACTCCCTAGAATAGTA-1,0.000023,0.112218,0.887759
ACTCCGGCCGACCACT-1,0.000051,0.775121,0.224828
ACTCGATGTATTTCAT-1,0.000055,0.000055,0.999889
ACTCGCCGTTCGATAA-1,0.000835,0.831192,0.167973
ACTCGCGATCTGACGC-1,0.000041,0.010489,0.98947
ACTCGTAACCCGTCCT-1,0.000033,0.009275,0.990691
ACTCGTCAGTAATCCC-1,0.000035,0.000035,0.999929
ACTCTAAACCTGGGAT-1,0.000028,0.000028,0.999945
ACTCTCTGACTTAGGT-1,0.00003,0.046853,0.953117
ACTCTCTTATACACGA-1,0.00007,0.187027,0.812903
ACTCTGACCTAATAGA-1,0.000055,0.946777,0.053168
ACTCTTCAGCTCCCGC-1,0.000024,0.030216,0.96976
ACTCTTGTATAGTAAC-1,0.000035,0.000035,0.99993
ACTGAAACGCCGTTAG-1,0.000025,0.027172,0.972803
ACTGAATGGCGAAAGT-1,0.000604,0.017081,0.982315
ACTGCCCGCCATTCTC-1,0.000774,0.012582,0.986644
ACTGCCGTCGTAACTC-1,0.000043,0.000043,0.999914
ACTGCGGACACACCGT-1,0.000034,0.017619,0.982348
ACTGCTCGGAAGGATG-1,0.000039,0.000039,0.999921
ACTGGCGAACCTGCGT-1,0.000037,0.025439,0.974524
ACTGGGATGCCAGTGC-1,0.000043,0.000043,0.999913
ACTGTACGATACACAT-1,0.000034,0.011133,0.988833
ACTGTAGCACTTTGGA-1,0.000041,0.018368,0.981591
ACTGTATACGCGAGCA-1,0.000029,0.000029,0.999942
ACTGTCCAGGATTATA-1,0.000034,0.006843,0.993123
ACTGTCTTCTTTAGAA-1,0.000049,0.000049,0.999901
ACTGTGCTAGTAGATC-1,0.000042,0.000042,0.999915
ACTTACCGGGCGCGCA-1,0.000068,0.091529,0.908403
ACTTACGCATCCACGC-1,0.000021,0.213989,0.78599
ACTTAGTACGACAAGA-1,0.000039,0.000039,0.999921
ACTTATACTTACCCGG-1,0.000034,0.000034,0.999933
ACTTATTAGGATCGGT-1,0.000068,0.113185,0.886746
ACTTATTTATGTGCCA-1,0.00084,0.031037,0.968123
ACTTCAGGCTGATCCC-1,0.00004,0.080076,0.919883
ACTTCCAGTGGAAGCT-1,0.000038,0.000038,0.999925
ACTTCCATGCGGGACA-1,0.000027,0.298822,0.701152
ACTTCGCCATACGCAC-1,0.000059,0.020017,0.979924
ACTTCGCTAGCGAGTG-1,0.000027,0.019323,0.98065
ACTTGACTCCCTCTTT-1,0.000036,0.000036,0.999927
ACTTGCTCTATCTACC-1,0.00003,0.009501,0.990468
ACTTGGGACCCGGTGG-1,0.000036,0.016703,0.983261
ACTTGGGCTTTCGCCA-1,0.010001,0.010002,0.979997
ACTTGTAGTCCCTTCA-1,0.002586,0.000035,0.997379
ACTTGTGGATGGAACG-1,0.000031,0.007333,0.992636
ACTTGTTACCGGATCA-1,0.000052,0.000052,0.999896
ACTTTACCCTCATGAA-1,0.00003,0.00003,0.99994
ACTTTATACACCACTT-1,0.000044,0.000044,0.999913
ACTTTCCTATAGCTTC-1,0.000056,0.000056,0.999887
ACTTTGACTGCATCCT-1,0.002184,0.027182,0.970634
ACTTTGGTCGTGCTCC-1,0.000044,0.023373,0.976583
ACTTTGTCGACGCACT-1,0.000024,0.012255,0.987721
AGAAATTATGACTCGC-1,0.00002,0.053556,0.946425
AGAACACGGCGATGGT-1,0.000037,0.000037,0.999926
AGAACCCAGCGTGACA-1,0.000026,0.008421,0.991553
AGAACCCTCAATTGGG-1,0.000719,0.005591,0.99369
AGAACGTGGTACATTC-1,0.000029,0.005342,0.994629
AGAACTGTACTTTGTA-1,0.000071,0.985527,0.014402
AGAAGAGCGCCGTTCC-1,0.000308,0.000308,0.999384
AGAAGGTACACTTCAC-1,0.000025,0.000521,0.999455
AGAAGGTTGCCGAATT-1,0.000052,0.198934,0.801013
AGAAGGTTGTAGGTCG-1,0.000049,0.527995,0.471955
AGAAGTGATTCGTGAT-1,0.000021,0.000021,0.999959
AGAATAAATCTTCAGG-1,0.000714,0.000031,0.999254
AGAATACAGGCTATCC-1,0.000949,0.35811,0.640941
AGAATGCGGGTTCGGA-1,0.001612,0.119367,0.87902
AGAATTATGGATTCGA-1,0.000033,0.000033,0.999934
AGAATTGTTTGACATA-1,0.000047,0.000047,0.999906
AGACAGCTCAGAATCC-1,0.000029,0.000029,0.999942
AGACAGGCATCTCAGC-1,0.000028,0.000028,0.999945
AGACATAGATCCTTCC-1,0.000039,0.000039,0.999923
AGACCAAACCACACCT-1,0.000031,0.0182,0.981769
AGACCATGGGATACAA-1,0.00003,0.012255,0.987715
AGACCCACCGCTGATC-1,0.000028,0.346688,0.653285
AGACCCGCCCTCCTCG-1,0.000037,0.037892,0.962071
AGACCGCTCCGCGGTT-1,0.000018,0.000018,0.999964
AGACCGGGAAACCCTG-1,0.000034,0.022532,0.977434
AGACGAAGTGCCGGTC-1,0.000011,0.000011,0.999977
AGACGACGATGCCGCT-1,0.000024,0.031457,0.968519
AGACGCCCACTTCGCC-1,0.000017,0.063147,0.936836
AGACTAGCCTTCCAGA-1,0.000047,0.042579,0.957373
AGACTGTTACCGGGTC-1,0.000028,0.036829,0.963143
AGAGAAACACCAGAAA-1,0.000025,0.007321,0.992654
AGAGAACCGTCTAGGA-1,0.000036,0.00023,0.999734
AGAGAAGGAGTACAAT-1,0.000946,0.044695,0.954359
AGAGATCTCTAAAGCG-1,0.000032,0.035277,0.964691
AGAGCAGTTATGAGAC-1,0.001463,0.000031,0.998506
AGAGCCGCCGAGATTT-1,0.000033,0.006043,0.993924
AGAGCGCTTGTAACGG-1,0.000022,0.000022,0.999956
AGAGCGGGCTAATCAT-1,0.000054,0.000054,0.999893
AGAGCGTACAAGCTCG-1,0.000031,0.000031,0.999938
AGAGCTACGAAAGCAT-1,0.00009,0.038759,0.961151
AGAGGCTTCGGAAACC-1,0.000019,0.000019,0.999962
AGAGTAAACTTCACTA-1,0.006382,0.017488,0.97613
AGAGTATAGTGTTACG-1,0.000033,0.00454,0.995426
AGAGTCTTAATGAAAG-1,0.001667,0.984995,0.013337
AGAGTTGCAGGCCTCC-1,0.004053,0.037129,0.958818
AGATAACTTCAGGGCC-1,0.000035,0.033136,0.966829
AGATAATCACACCTAT-1,0.001819,0.001819,0.996363
AGATACCAATAGAACC-1,0.000032,0.357711,0.642257
AGATACCAGCACTTCA-1,0.000048,0.036011,0.963941
AGATACCGGTGTTCAC-1,0.000035,0.124281,0.875685
AGATACGACTTCATAT-1,0.000045,0.000045,0.99991
AGATACTCAAGATCGA-1,0.000028,0.023115,0.976856
AGATATAATACGACTA-1,0.000044,0.55186,0.448096
AGATCGTGCATAAGAT-1,0.000018,0.000018,0.999964
AGATCTCAGGTGTGAT-1,0.001288,0.00005,0.998662
AGATCTGGAGAGGATA-1,0.00119,0.000048,0.998761
AGATGACTCGCCCACG-1,0.000047,0.005763,0.994191
AGATGAGGGTTGCGAT-1,0.000045,0.045013,0.954942
AGATGATGGAGTCTGG-1,0.000023,0.000023,0.999954
AGATGCAAGACGTGCA-1,0.000015,0.000015,0.999969
AGATGCATCCTGTGTC-1,0.000028,0.000028,0.999944
AGATGCTATAACGAGC-1,0.000085,0.061432,0.938483
AGATTATAGGACGTTT-1,0.000055,0.058572,0.941373
AGATTCACAACCGATA-1,0.000021,0.007811,0.992168
AGCAAAGGCCGCTAGT-1,0.000029,0.588291,0.411681
AGCAACATATCTTATT-1,0.000674,0.000026,0.999301
AGCAACCGAAAGTAAT-1,0.000015,0.000279,0.999706
AGCACACGTTTAGACT-1,0.00003,0.00003,0.999941
AGCACCAGTACTCACG-1,0.00004,0.00004,0.99992
AGCACTACCGGCCTGT-1,0.000027,0.000027,0.999945
AGCACTACCTCACCAG-1,0.000048,0.296823,0.703129
AGCACTTAAGGACGCC-1,0.000044,0.00272,0.997235
AGCAGAAGGAGAAAGA-1,0.000036,0.731375,0.268589
AGCAGCCAGATGAATA-1,0.001085,0.541,0.457915
AGCAGTCGAAGCATGC-1,0.000128,0.724959,0.274913
AGCATATCAATATGCT-1,0.000033,0.046291,0.953676
AGCATCATTTCGAAAG-1,0.000032,0.010405,0.989563
AGCATCGTCGATAATT-1,0.000031,0.004253,0.995716
AGCATTACGAGGCAAG-1,0.00006,0.845725,0.154215
AGCCAAGCTTTGTGTC-1,0.000034,0.094967,0.904999
AGCCACAGGTTACCCG-1,0.000078,0.845898,0.154024
AGCCACTCCCGTGCTT-1,0.000053,0.000053,0.999894
AGCCATATAGTATGTG-1,0.000036,0.070418,0.929546
AGCCCATACATGTAAG-1,0.000035,0.07094,0.929025
AGCCCGCAACAAGCAG-1,0.000031,0.070087,0.929882
AGCCCGCACTACAATG-1,0.000058,0.929896,0.070046
AGCCCGGCATTAGAGG-1,0.000031,0.000031,0.999938
AGCCCGGTAGCCTGTA-1,0.000034,0.084789,0.915177
AGCCCTAAGCGAAGTT-1,0.00004,0.00004,0.999919
AGCCCTCCCTGGTGGC-1,0.000026,0.000026,0.999949
AGCCCTGTCGCACCGT-1,0.000029,0.000029,0.999942
AGCCCTTCTAATCCGA-1,0.000063,0.019627,0.98031
AGCCCTTGGACATCCC-1,0.000024,0.001663,0.998314
AGCCGCAAATTCAAAT-1,0.000019,0.000019,0.999962
AGCCGTGGCTAAATGT-1,0.000031,0.000031,0.999937
AGCCTAATACCCACGT-1,0.000026,0.000026,0.999949
AGCCTTAAAGCGGAAG-1,0.000037,0.000037,0.999926
AGCCTTGTCACTGATA-1,0.000031,0.000031,0.999937
AGCGACAGGAACGGTC-1,0.000038,0.093892,0.90607
AGCGACATCCCATTCA-1,0.000053,0.000053,0.999895
AGCGACCAACGATATT-1,0.000032,0.012208,0.987761
AGCGACTTTGAAGACA-1,0.001429,0.001429,0.997142
AGCGAGACGTGAAGGC-1,0.000017,0.002261,0.997722
AGCGATGCGCCTAATA-1,0.000033,0.328567,0.671399
AGCGCATAATGAATCG-1,0.000041,0.43484,0.565119
AGCGCGGGTGCCAATG-1,0.005654,0.000021,0.994325
AGCGCTAGAGCGATGT-1,0.000034,0.000034,0.999933
AGCGGACACTTCGTAG-1,0.005883,0.214021,0.780096
AGCGGCGGTTAGCGGT-1,0.000022,0.000022,0.999956
AGCGGGAAGGGTCCAT-1,0.000031,0.000031,0.999937
AGCGGGTCTGACACTC-1,0.000032,0.198799,0.801169
AGCGGTTGCCGCTCTG-1,0.000043,0.000043,0.999915
AGCGTACGAGAGCTAG-1,0.000096,0.000096,0.999809
AGCGTCTGAACCCGCA-1,0.000115,0.048448,0.951437
AGCGTGGTATTCTACT-1,0.000028,0.036294,0.963678
AGCTAACAAGCAATGT-1,0.000025,0.028859,0.971116
AGCTAAGCTCCGTCCG-1,0.000047,0.000047,0.999907
AGCTAAGTACGCAGGC-1,0.000049,0.898429,0.101522
AGCTACGAATGGTGGT-1,0.016668,0.016669,0.966663
AGCTAGAAGCAGAAGT-1,0.000018,0.000018,0.999963
AGCTATTTAATCCAAC-1,0.000044,0.000044,0.999912
AGCTCCATATATGTTC-1,0.000023,0.000023,0.999955
AGCTCCTTCGCACATC-1,0.000022,0.044176,0.955802
AGCTCGTTGATGGAAA-1,0.000018,0.006063,0.993919
AGCTCTAGACGTTCCA-1,0.000036,0.000036,0.999928
AGCTCTTCCCAGTGCA-1,0.00004,0.004548,0.995412
AGCTCTTCGTAACCTT-1,0.00004,0.00004,0.999919
AGCTCTTTACTCAGTT-1,0.000044,0.190074,0.809882
AGCTGAAGTAAACCAA-1,0.000023,0.000023,0.999955
AGCTGTAACCTCAATC-1,0.000033,0.027019,0.972948
AGCTTATAGAGACCTG-1,0.000142,0.080415,0.919443
AGCTTCTTCTCGAGCA-1,0.000059,0.911619,0.088322
AGCTTGATCAGGGTAG-1,0.000031,0.000031,0.999938
AGCTTGATCTTAACTT-1,0.000023,0.007939,0.992038
AGGAACGAACGACTTC-1,0.00002,0.20439,0.795591
AGGAAGCTGTCCGCCG-1,0.000072,0.609687,0.390241
AGGACAGTCGAATCCC-1,0.000029,0.002164,0.997807
AGGACATCGCACGTCG-1,0.000021,0.000021,0.999957
AGGACATCGGCACACT-1,0.000052,0.7583,0.241648
AGGACGACCCATTAGA-1,0.000056,0.207137,0.792807
AGGACGCTCGATGTTG-1,0.000037,0.000037,0.999925
AGGACTTATAGGAGAA-1,0.0001,0.032278,0.967622
AGGAGACATCCACAGT-1,0.000026,0.005579,0.994395
AGGAGAGTCTGGCTAC-1,0.000024,0.001664,0.998312
AGGAGCGTTTATTATC-1,0.010002,0.010005,0.979994
AGGAGGCCTTCGCGCG-1,0.000023,0.01286,0.987117
AGGATAAAGTCGGGAT-1,0.00006,0.551964,0.447976
AGGATATAGGGATTTA-1,0.000033,0.008983,0.990984
AGGATATCCGACTGCA-1,0.000056,0.950178,0.049766
AGGATCACGCGATCTG-1,0.000035,0.000035,0.999931
AGGATTGCTTACGACA-1,0.000047,0.000047,0.999906
AGGCACGTGACTGTCC-1,0.000041,0.018103,0.981857
AGGCAGATGCGTAAAC-1,0.000028,0.010644,0.989328
AGGCAGGGAGCGTACT-1,0.000042,0.108482,0.891475
AGGCATTGTCGTAGGG-1,0.000027,0.012179,0.987794
AGGCCACATTGGTTAC-1,0.000029,0.016815,0.983155
AGGCCACCCGTTATGA-1,0.000056,0.019822,0.980122
AGGCCCAGTGACTGGT-1,0.000139,0.054406,0.945455
AGGCCCATTGTACAGG-1,0.000045,0.000045,0.99991
AGGCCCTAGAACGCCA-1,0.000037,0.027444,0.97252
AGGCCTATCATACCAA-1,0.000018,0.000018,0.999964
AGGCCTGAGAATCTCG-1,0.000045,0.751777,0.248178
AGGCGATAACTGGCGT-1,0.00002,0.019673,0.980307
AGGCGGTTTGTCCCGC-1,0.000026,0.000026,0.999949
AGGCGTCTATGGACGG-1,0.001816,0.011406,0.986778
AGGCTATGGTTAGCTT-1,0.000037,0.000037,0.999925
AGGCTTAAGTTGCACA-1,0.003705,0.003705,0.992591
AGGCTTCCCGAAGAAG-1,0.000042,0.165167,0.834791
AGGCTTGCTAGACACC-1,0.000035,0.000035,0.999931
AGGGAAACGAGGTACT-1,0.000021,0.000021,0.999958
AGGGACCGGCTGCGTT-1,0.000039,0.000039,0.999922
AGGGACTCTACGCGAC-1,0.000041,0.287266,0.712694
AGGGAGACATACTTCG-1,0.000042,0.000042,0.999916
AGGGCAGCGGCGTGGT-1,0.000056,0.000056,0.999888
AGGGCCCTAATGTTCT-1,0.000019,0.04122,0.958761
AGGGCGAGCAGCTGAT-1,0.000031,0.001992,0.997977
AGGGCGTGATCGGCTA-1,0.000025,0.000025,0.99995
AGGGCTGCAGTTACAG-1,0.000035,0.007886,0.99208
AGGGTCAGAGCACTCG-1,0.001612,0.032322,0.966065
AGGGTCAGTAACCCTA-1,0.000065,0.025755,0.97418
AGGGTCGATGCGAACT-1,0.000039,0.000039,0.999922
AGGGTCTGGACGCAGT-1,0.000029,0.469281,0.53069
AGGGTGCCGTTCTTTA-1,0.00002,0.023039,0.97694
AGGGTGCTCTCGAGGG-1,0.000035,0.000035,0.999929
AGGGTGGATAGTGCAT-1,0.00004,0.00004,0.99992
AGGGTTCAGACGGTCC-1,0.000029,0.060609,0.939362
AGGGTTCCCTTTGGTT-1,0.0015,0.011048,0.987452
AGGGTTTAGTTCGGGA-1,0.000048,0.009148,0.990804
AGGTAACCTCCTATTC-1,0.000038,0.000038,0.999924
AGGTACGATATTGCCA-1,0.000034,0.000034,0.999933
AGGTAGATCGAGATAT-1,0.000024,0.020933,0.979043
AGGTAGGTACAAAGCT-1,0.000041,0.011383,0.988575
AGGTATAATTGATAGT-1,0.000037,0.006349,0.993613
AGGTATGCGGACATTA-1,0.00003,0.015752,0.984217
AGGTCAGGTGAGAGTG-1,0.000036,0.000036,0.999928
AGGTCGCCTCCCAACA-1,0.000017,0.066406,0.933577
AGGTCGCGGAGTTACT-1,0.00448,0.00004,0.99548
AGGTGCACGTCCACAT-1,0.000057,0.89003,0.109914
AGGTGGTGACCTTCGC-1,0.000039,0.162358,0.837603
AGGTGTATCGCCATGA-1,0.000032,0.000032,0.999937
AGGTGTTGCCGACCAC-1,0.000012,0.03146,0.968528
AGGTTACACCATGCCG-1,0.005601,0.000019,0.994379
AGGTTCTCCTTTCCGG-1,0.000049,0.000049,0.999902
AGGTTGAGGCACGCTT-1,0.000049,0.010588,0.989363
AGGTTTCACACACCTT-1,0.000036,0.070574,0.92939
AGTAACTATAGCAGCC-1,0.000019,0.20588,0.794101
AGTAAGGGACAGAATC-1,0.005556,0.321539,0.672905
AGTAATCTAAGGGTGG-1,0.000134,0.947437,0.052428
AGTAATGTCTTGCCGC-1,0.00008,0.018175,0.981746
AGTAATTTGCAAGCGT-1,0.000042,0.000042,0.999915
AGTACAGAAGCTTATA-1,0.000035,0.254266,0.745699
AGTACATCATTTATCA-1,0.000048,0.000048,0.999903
AGTACGGCCCGTATCG-1,0.000033,0.000033,0.999934
AGTACGGGCACCTGGC-1,0.000033,0.000033,0.999933
AGTACTCTTATGCCCA-1,0.001112,0.185069,0.813819
AGTAGAAGGCGCCTCA-1,0.000019,0.000019,0.999961
AGTAGGAAGGAAGTTG-1,0.000043,0.000043,0.999914
AGTAGGTAACATACAT-1,0.000046,0.000046,0.999908
AGTATAATACTAGGCA-1,0.000056,0.000056,0.999889
AGTATACACAGCGACA-1,0.000014,0.00002,0.999965
AGTATGCTGGAGACCA-1,0.000013,0.001571,0.998416
AGTATTTGGCACGACC-1,0.001568,0.237269,0.761163
AGTCAAATGATGTGAT-1,0.000014,0.000014,0.999972
AGTCAACACCACCATC-1,0.000038,0.079901,0.920062
AGTCAAGATGACACTT-1,0.000036,0.040919,0.959046
AGTCACTAGCTCTCGA-1,0.000042,0.014159,0.985799
AGTCACTCCGCCTCAT-1,0.000118,0.098804,0.901078
AGTCAGCCACCGCCTG-1,0.000037,0.000037,0.999926
AGTCCATTGGCTGATG-1,0.00003,0.005098,0.994872
AGTCCCGCCTTTAATT-1,0.000044,0.023042,0.976915
AGTCCCTCGCAGAAAG-1,0.000019,0.00956,0.99042
AGTCGAAACGATTCAG-1,0.000017,0.000017,0.999965
AGTCGAATTAGCGTAA-1,0.003031,0.865194,0.131775
AGTCGACGGTCTCAAG-1,0.000026,0.000026,0.999948
AGTCGGCCCAAACGAC-1,0.00089,0.046866,0.952244
AGTCGGCTCAACTTTA-1,0.000024,0.007681,0.992295
AGTCGGTTGCGTGAGA-1,0.000057,0.000057,0.999886
AGTCGTATAAAGCAGA-1,0.000045,0.69819,0.301764
AGTCGTCGACCACCAA-1,0.001198,0.332561,0.666242
AGTCGTGGGCATTACG-1,0.000055,0.007381,0.992564
AGTCTAAAGTATACTC-1,0.000034,0.003814,0.996152
AGTCTCACAAGACTAC-1,0.00002,0.00002,0.99996
AGTCTGGACATCCTTG-1,0.000056,0.000056,0.999887
AGTCTTCTCCTCAAAT-1,0.000029,0.00376,0.996211
AGTCTTTAAAGTGTCC-1,0.000075,0.809079,0.190846
AGTGAACAAACTTCTC-1,0.000019,0.000019,0.999962
AGTGAAGATGGTGTCC-1,0.000023,0.000023,0.999953
AGTGACCTACTTTACG-1,0.000075,0.402286,0.597639
AGTGACTGTGACACAA-1,0.000013,0.000013,0.999973
AGTGAGACTTCCAGTA-1,0.000041,0.000041,0.999917
AGTGAGCCTCGCCGCC-1,0.000025,0.000025,0.999951
AGTGAGGGTTTCTGAC-1,0.000064,0.086894,0.913042
AGTGAGTCGAATTAAC-1,0.000042,0.826554,0.173404
AGTGATAACCTGCGCG-1,0.000053,0.483381,0.516566
AGTGATATGAGTAGTT-1,0.00007,0.417079,0.582851
AGTGATTCAAGCAGGA-1,0.000039,0.003088,0.996874
AGTGCACGCTTAAGAA-1,0.000023,0.041422,0.958554
AGTGCGTAGCTCGTAA-1,0.00005,0.121037,0.878913
AGTGCTAAACACAGCA-1,0.000048,0.546058,0.453894
AGTGCTTGCACGAATA-1,0.000023,0.009456,0.990521
AGTGGCCCGCAAATGG-1,0.000052,0.999533,0.000415
AGTGGCGGCAATTTGA-1,0.000027,0.000027,0.999946
AGTGGCGTCTGAAGGT-1,0.000055,0.767667,0.232279
AGTGGCTCCGTCGGCC-1,0.000041,0.000041,0.999918
AGTGGTGTTACCCGTG-1,0.000034,0.000034,0.999932
AGTGGTTGCGTATAGG-1,0.00004,0.000041,0.999919
AGTGTATTGCGCATTG-1,0.000032,0.000032,0.999936
AGTGTGCTAAGATCGC-1,0.000039,0.000039,0.999922
AGTGTGGTCTATTGTG-1,0.000032,0.000032,0.999937
AGTTAAACACTTGCGA-1,0.000043,0.225575,0.774382
AGTTAAGCGGTCCCGG-1,0.000037,0.000037,0.999925
AGTTAAGTCAACCGCT-1,0.00005,0.023826,0.976124
AGTTACCCTTAAGACT-1,0.000038,0.000038,0.999924
AGTTACCGCACATGGT-1,0.000038,0.000038,0.999924
AGTTACTCTATCGTGG-1,0.00112,0.007978,0.990902
AGTTATTCAGACTGTG-1,0.002381,0.978566,0.019052
AGTTCACCGGTTGGAC-1,0.000033,0.000033,0.999935
AGTTCCTACAGAATTA-1,0.000036,0.001495,0.998469
AGTTCCTATTTATGTT-1,0.000068,0.081766,0.918166
AGTTCTGCGTTGTATC-1,0.000047,0.000047,0.999905
AGTTGACATCGGCTGG-1,0.000031,0.000031,0.999939
AGTTGACGGTCCTTGC-1,0.000048,0.32864,0.671313
AGTTGCGGTCCTCAAC-1,0.000021,0.000021,0.999957
AGTTGCTGACTGATAT-1,0.00005,0.00005,0.999899
AGTTGGCAAGGCTAGA-1,0.000056,0.859155,0.140789
AGTTTATGTAAAGACA-1,0.000583,0.002411,0.997007
AGTTTCGCAGGTCGGA-1,0.000047,0.000047,0.999906
AGTTTGCACCTGCCTC-1,0.000057,0.54764,0.452303
AGTTTGGCACGGGTTG-1,0.000027,0.003319,0.996654
AGTTTGGCCAGACCTA-1,0.000037,0.045903,0.95406
ATAAACGGACCCGTAA-1,0.000048,0.565778,0.434174
ATAAACGTTGCACCAC-1,0.000017,0.012858,0.987125
ATAAAGGCTCGGTCGT-1,0.000969,0.065445,0.933586
ATAAATATTAGCAGCT-1,0.000033,0.053874,0.946092
ATAACGCCGGAGGGTC-1,0.000031,0.022715,0.977254
ATAACGGAGTCCAACG-1,0.000047,0.013837,0.986116
ATAAGCAAACACCGAG-1,0.000053,0.068468,0.931479
ATAAGGTGGAGAACAT-1,0.000024,0.475402,0.524574
ATAAGTAGGATTCAGA-1,0.000036,0.000036,0.999929
ATAAGTAGGGCGACTC-1,0.000027,0.003789,0.996184
ATAAGTTACCGCGACG-1,0.000049,0.321423,0.678528
ATAATACCGTTAGCCG-1,0.000042,0.000042,0.999916
ATAATAGCTGTTGAAT-1,0.000998,0.571785,0.427217
ATAATAGTGTAGGGAC-1,0.000026,0.000026,0.999948
ATAATCTTGGAGAACC-1,0.001439,0.811992,0.186569
ATAATTAGCTAAGTAG-1,0.000029,0.347097,0.652875
ATACAGCGTCCACTGA-1,0.000029,0.000029,0.999941
ATACAGGCCCTCCAAT-1,0.000713,0.285656,0.71363
ATACCACGGGCAACTT-1,0.000036,0.015951,0.984013
ATACCAGGCTAATAGA-1,0.00004,0.00004,0.99992
ATACCCTCCCGGCCAA-1,0.00003,0.001629,0.998341
ATACCGTCATCCATAA-1,0.000055,0.000055,0.99989
ATACCTAACCAAGAAA-1,0.000042,0.933377,0.066581
ATACGAAGGCTTTCCA-1,0.000023,0.017801,0.982176
ATACGAGGTTTGTAAG-1,0.000037,0.020017,0.979946
ATACGCCGGCGAAACC-1,0.0007,0.019818,0.979482
ATACGGAACGTCGTTT-1,0.000022,0.000022,0.999956
ATACGGGTTTCGATTG-1,0.000063,0.000063,0.999874
ATACGGTGAAGATGCA-1,0.000038,0.020001,0.979961
