Barcode,Topic 1to2,Topic 3to7,Topic 8to9,Topic 10to11
AAACAAGTATCTCCCA-1,0.23274,0.276301,0.35362,0.137339
AAACAATCTACTAGCA-1,0.089907,0.017019,0.098273,0.794801
AAACACCAATAACTGC-1,0.103483,0.562581,0.332989,0.000947
AAACAGAGCGACTCCT-1,0.000131,0.016509,0.690005,0.293355
AAACAGCTTTCAGAAG-1,0.07166,0.911441,0.015018,0.001881
AAACAGGGTCTATATT-1,0.065627,0.725614,0.047758,0.161001
AAACAGTGTTCCTGGG-1,0.240578,0.000417,0.038138,0.720867
AAACATGGTGAGAGGA-1,0.450099,0.331073,0.092799,0.126029
AAACATTTCCCGGATT-1,0.168573,0.616097,0.103829,0.111501
AAACCCGAACGAAATC-1,0.289609,0.418165,0.024389,0.267837
AAACCGGAAATGTTAA-1,0.593296,0.229993,0.098841,0.07787
AAACCGGGTAGGTACC-1,0.192977,0.508931,0.080272,0.21782
AAACCGTTCGTCCAGG-1,0.07267,0.232764,0.430852,0.263715
AAACCTAAGCAGCCGG-1,0.046249,0.652664,0.112818,0.188269
AAACCTCATGAAGTTG-1,0.084799,0.293795,0.549974,0.071432
AAACGAAGAACATACC-1,0.000202,0.000505,0.312178,0.687116
AAACGAAGATGGAGTA-1,0.262319,0.559789,0.167109,0.010783
AAACGAGACGGTTGAT-1,0.000103,0.017482,0.751235,0.23118
AAACGCTGGGCACGAC-1,0.833671,0.050357,0.114932,0.00104
AAACGGGCGTACGGGT-1,0.008175,0.141414,0.605436,0.244975
AAACGGTTGCGAACTG-1,0.124747,0.098351,0.217784,0.559118
AAACGTGTTCGCCCTA-1,0.155229,0.028766,0.099079,0.716926
AAACTAACGTGGCGAC-1,0.000136,0.000341,0.000136,0.999387
AAACTCGGTTCGCAAT-1,0.019442,0.29539,0.617652,0.067515
AAACTCGTGATATAAG-1,0.113322,0.43686,0.292202,0.157617
AAACTGCTGGCTCCAA-1,0.0734,0.601944,0.068688,0.255967
AAACTTAATTGCACGC-1,0.256401,0.512158,0.018775,0.212666
AAACTTGCAAACGTAT-1,0.038246,0.30623,0.633459,0.022065
AAAGAATGACCTTAGA-1,0.492524,0.507454,0.000011,0.000011
AAAGAATGTGGACTAA-1,0.326116,0.148307,0.079859,0.445718
AAAGACCCAAGTCGCG-1,0.015484,0.368642,0.503264,0.11261
AAAGACTGGGCGCTTT-1,0.176666,0.169267,0.606018,0.048049
AAAGCTTGCCTACATA-1,0.276213,0.278144,0.049087,0.396556
AAAGGCCCTATAATAC-1,0.359547,0.438834,0.199433,0.002186
AAAGGCTACGGACCAT-1,0.039494,0.273934,0.133133,0.553438
AAAGGCTCTCGCGCCG-1,0.088013,0.669082,0.126338,0.116567
AAAGGGATGTAGCAAG-1,0.000107,0.1031,0.896686,0.000107
AAAGGGCAGCTTGAAT-1,0.062065,0.874033,0.062549,0.001353
AAAGGTAAGCTGTACC-1,0.326297,0.177456,0.147698,0.348549
AAAGTAGCATTGCTCA-1,0.049973,0.766396,0.022386,0.161246
AAAGTCACTGATGTAA-1,0.024857,0.199351,0.535432,0.240359
AAAGTCGACCCTCAGT-1,0.082618,0.896209,0.000818,0.020354
AAAGTGCCATCAATTA-1,0.565043,0.201259,0.146417,0.087281
AAAGTGTGATTTATCT-1,0.018372,0.564716,0.296598,0.120314
AAAGTTGACTCCCGTA-1,0.000074,0.159067,0.289589,0.55127
AAATAACCATACGGGA-1,0.000101,0.000251,0.88095,0.118698
AAATAAGGTAGTGCCC-1,0.006529,0.123283,0.530627,0.339561
AAATACCTATAAGCAT-1,0.020026,0.38036,0.396972,0.202642
AAATAGCTTAGACTTT-1,0.000121,0.047374,0.784812,0.167694
AAATAGGGTGCTATTG-1,0.172024,0.440392,0.32253,0.065054
AAATCCGATACACGCC-1,0.261863,0.559995,0.155942,0.0222
AAATCGCGGAAGGAGT-1,0.139697,0.756424,0.103854,0.000025
AAATCGTGTACCACAA-1,0.041061,0.678636,0.280232,0.000071
AAATCTAGCCCTGCTA-1,0.114367,0.850308,0.035299,0.000026
AAATCTGCCCGCGTCC-1,0.583051,0.416924,0.000012,0.000012
AAATGACTGATCAAAC-1,0.156782,0.000159,0.000841,0.842218
AAATGATTCGATCAGC-1,0.106091,0.368453,0.334114,0.191343
AAATGCTCGTTACGTT-1,0.129909,0.591272,0.239143,0.039676
AAATGGCATGTCTTGT-1,0.063766,0.623275,0.244693,0.068266
AAATGGCCCGTGCCCT-1,0.123503,0.783946,0.039935,0.052617
AAATGGTCAATGTGCC-1,0.00006,0.458134,0.532678,0.009128
AAATGTATCTTATCCC-1,0.085486,0.284585,0.435327,0.194601
AAATGTGGGTGCTCCT-1,0.000166,0.000414,0.000166,0.999255
AAATTAACGGGTAGCT-1,0.141289,0.729432,0.094262,0.035016
AAATTAATAAGCGCGA-1,0.037547,0.529376,0.391967,0.04111
AAATTACACGACTCTG-1,0.076671,0.602406,0.100873,0.220049
AAATTACCTATCGATG-1,0.114411,0.392498,0.318297,0.174794
AAATTCCAGGTCCAAA-1,0.13387,0.455342,0.408615,0.002174
AAATTGATAGTCCTTT-1,0.03349,0.079294,0.613636,0.27358
AAATTGGTGAGAAGCA-1,0.178071,0.070082,0.204258,0.547588
AAATTTACCGAAATCC-1,0.729163,0.000481,0.150099,0.120257
AAATTTGCGGGTGTGG-1,0.137828,0.434031,0.400415,0.027726
AACAACTGGTAGTTGC-1,0.009238,0.809413,0.104202,0.077147
AACAATACATTGTCGA-1,0.034336,0.329779,0.472685,0.1632
AACAATTACTCTACGC-1,0.188337,0.261915,0.544451,0.005296
AACACACGCTCGCCGC-1,0.141598,0.466587,0.180239,0.211576
AACACGACTGTACTGA-1,0.169542,0.51961,0.145496,0.165353
AACACGAGACGCGGCC-1,0.077735,0.745031,0.061564,0.11567
AACACGCGGCCGCGAA-1,0.000125,0.000314,0.075806,0.923755
AACAGCTGTGTGGCAA-1,0.124289,0.390552,0.296954,0.188204
AACAGGAAATCGAATA-1,0.000108,0.00027,0.817049,0.182573
AACAGGATGGGCCGCG-1,0.055215,0.673732,0.261216,0.009837
AACAGGTAGTATGGAT-1,0.136634,0.312113,0.400452,0.150801
AACATAGCGTGTATCG-1,0.699036,0.160837,0.079213,0.060914
AACATATCAACTGGTG-1,0.158283,0.558975,0.10144,0.181302
AACATCGATACGTCTA-1,0.000123,0.242019,0.250497,0.50736
AACATTGAAGTTGATC-1,0.05558,0.581124,0.222887,0.140409
AACATTGTGACTCGAG-1,0.17302,0.493416,0.110385,0.223178
AACCAAGACTTCTCTG-1,0.089754,0.191374,0.641286,0.077585
AACCAGTATCACTCTT-1,0.518889,0.013058,0.188821,0.279231
AACCATAGGGTTGAAC-1,0.14785,0.541143,0.159347,0.15166
AACCATGGGATCGCTA-1,0.091004,0.746433,0.010563,0.152
AACCCAGAGACGGAGA-1,0.000096,0.066883,0.785222,0.147799
AACCCATCCCATGATC-1,0.004724,0.008523,0.688464,0.298289
AACCCGACAACCCGTG-1,0.026126,0.239189,0.628777,0.105909
AACCCGAGCAGAATCG-1,0.082007,0.38096,0.405051,0.131983
AACCCGCTGTATTCCA-1,0.163536,0.000167,0.000067,0.83623
AACCCTACTGTCAATA-1,0.096697,0.433408,0.421619,0.048276
AACCCTGGTGGAACCA-1,0.000143,0.000358,0.290776,0.708724
AACCGAGCTTGGTCAT-1,0.035958,0.790947,0.173055,0.000041
AACCGCTAAGGGATGC-1,0.150558,0.639833,0.199713,0.009896
AACCGTTGTGTTTGCT-1,0.000159,0.000397,0.995502,0.003942
AACCTAAAGCCGTCCG-1,0.550047,0.00025,0.098832,0.35087
AACCTCGCTTTAGCCC-1,0.285015,0.553399,0.151169,0.010417
AACCTGTCACGGAATT-1,0.334152,0.509345,0.141625,0.014878
AACCTTTAAATACGGT-1,0.038755,0.446275,0.378093,0.136877
AACCTTTACGACGTCT-1,0.003226,0.577958,0.402881,0.015935
AACGAAAGTCGTCCCA-1,0.118418,0.757867,0.067257,0.056459
AACGACCTCCTAGCCG-1,0.916827,0.001972,0.054665,0.026536
AACGATAATGCCGTAG-1,0.026534,0.585394,0.38274,0.005333
AACGATAGAAGGGCCG-1,0.000137,0.024677,0.975049,0.000137
AACGATATGTCAACTG-1,0.109006,0.08531,0.760548,0.045136
AACGCATGATCTGGGT-1,0.000099,0.000247,0.766865,0.232789
AACGCGAACGGCAACA-1,0.084899,0.000305,0.026627,0.888169
AACGCGACCTTGGGCG-1,0.235959,0.378842,0.128332,0.256867
AACGCGGTCTCCAGCC-1,0.057377,0.41589,0.520835,0.005897
AACGCTGTTGCTGAAA-1,0.10505,0.222299,0.357468,0.315183
AACGGACGTACGTATA-1,0.11838,0.576882,0.133483,0.171255
AACGGCCATCTCCGGT-1,0.224706,0.700445,0.074469,0.00038
AACGTACTGTGGGTAC-1,0.158195,0.51374,0.298471,0.029594
AACGTAGTCTACCCAT-1,0.108116,0.276982,0.154958,0.459943
AACGTCAGACTAGTGG-1,0.00015,0.000376,0.999324,0.00015
AACGTCATCCGGCTTG-1,0.061459,0.000231,0.000092,0.938218
AACGTCGCTGCACTTC-1,0.629416,0.000257,0.094245,0.276082
AACGTGATGAAGGACA-1,0.000136,0.000341,0.044718,0.954805
AACGTGCGAAAGTCTC-1,0.063881,0.355502,0.551009,0.029608
AACGTTATCAGCACCT-1,0.024054,0.364382,0.38986,0.221704
AACGTTCTACCATTGT-1,0.542632,0.0357,0.091299,0.330369
AACTACCCGTTTGTCA-1,0.560558,0.200377,0.228836,0.010229
AACTAGCGTATCGCAC-1,0.000136,0.109448,0.002208,0.888208
AACTAGGCTTGGGTGT-1,0.013677,0.223164,0.659818,0.103341
AACTCAAGTTAATTGC-1,0.07094,0.68681,0.208018,0.034233
AACTCCAGAGCGTGTT-1,0.093711,0.230829,0.227841,0.447619
AACTCCTAATCCCATG-1,0.00016,0.0004,0.346862,0.652578
AACTCGATGGCGCAGT-1,0.176536,0.352563,0.016938,0.453963
AACTCTCAATAGAGCG-1,0.105728,0.651706,0.224574,0.017992
AACTCTCAGTGTGCTC-1,0.18692,0.287382,0.126728,0.39897
AACTGAGGTCAGCGTC-1,0.04283,0.000527,0.000211,0.956432
AACTGAGTTATACTGA-1,0.697288,0.302666,0.000023,0.000023
AACTGATATTAGGCCT-1,0.000157,0.000393,0.982816,0.016634
AACTGGGTCCCGACGT-1,0.023376,0.024036,0.910539,0.042049
AACTGGGTTCGAGCCG-1,0.093941,0.257327,0.251988,0.396744
AACTGGTGTGGGCCTT-1,0.400496,0.302722,0.01171,0.285072
AACTTCTGCGTCTATC-1,0.150931,0.3212,0.323071,0.204798
AACTTGCCCGTATGCA-1,0.178128,0.539323,0.28249,0.000059
AACTTGCGTTCTCGCG-1,0.244069,0.266526,0.340291,0.149113
AACTTTACGGGAGCTT-1,0.010722,0.091797,0.72541,0.17207
AACTTTAGCTGCTGAG-1,0.000202,0.000506,0.269009,0.730283
AACTTTCTCGATCATG-1,0.000163,0.000407,0.266035,0.733396
AAGAAAGTTTGATGGG-1,0.505326,0.169792,0.023156,0.301726
AAGAAATCACCAGATT-1,0.197895,0.000366,0.034778,0.766961
AAGAAGGATCAGTTAG-1,0.107871,0.542129,0.250407,0.099593
AAGACATACGTGGTTT-1,0.662254,0.236021,0.053333,0.048391
AAGACCAAATAACTCA-1,0.190886,0.404567,0.215527,0.189021
AAGACCCAACTGAACA-1,0.334203,0.462867,0.173288,0.029642
AAGACTAACCCGTTGT-1,0.145399,0.309437,0.228252,0.316912
AAGACTGCAAGCTACT-1,0.000076,0.264251,0.46433,0.271343
AAGAGATGAATCGGTA-1,0.257846,0.4107,0.122749,0.208706
AAGAGCTCTTTATCGG-1,0.00417,0.597236,0.386725,0.011869
AAGAGGATGTACGCGA-1,0.023941,0.975958,0.000079,0.000022
AAGAGGCATGGATCGC-1,0.015803,0.554156,0.323529,0.106512
AAGAGGCCCTTTGGAA-1,0.149063,0.05065,0.766554,0.033734
AAGATGGCACCGGACC-1,0.001457,0.303451,0.628231,0.066861
AAGATTGGCGGAACGT-1,0.019318,0.487541,0.368236,0.124905
AAGCACCCTGCGTATC-1,0.061209,0.399406,0.424595,0.114789
AAGCATACTCTCCTGA-1,0.088789,0.148438,0.216923,0.54585
AAGCCACTTGCAGGTA-1,0.520811,0.000143,0.000057,0.478989
AAGCCGAAGCGGTTTA-1,0.155671,0.551655,0.222959,0.069715
AAGCCGCCGTGAAATC-1,0.310698,0.517779,0.148898,0.022625
AAGCCGCTTTACCTTG-1,0.076533,0.000321,0.000128,0.923018
AAGCCGGAGAGCAGGA-1,0.647972,0.143132,0.147448,0.061449
AAGCGCAGGGCTTTGA-1,0.103262,0.778051,0.035298,0.083389
AAGCGGCGTCATGGGT-1,0.226984,0.00053,0.108892,0.663593
AAGCGTCCCTCATCGA-1,0.065376,0.766194,0.097049,0.071381
AAGCTAGATCGAGTAA-1,0.059526,0.520325,0.394926,0.025223
AAGCTATGGATTGACC-1,0.343616,0.656359,0.000012,0.000012
AAGCTCGTGCCAAGTC-1,0.00009,0.33315,0.666191,0.000569
AAGCTCTTTCATGGTG-1,0.129079,0.735686,0.109516,0.025719
AAGGAGAACTTATAAG-1,0.000131,0.101846,0.037465,0.860557
AAGGAGCGGTTGGTGC-1,0.000097,0.341146,0.643389,0.015368
AAGGATCGATCGCTTG-1,0.133622,0.305776,0.500727,0.059875
AAGGATGAGGGACCTC-1,0.091326,0.700759,0.091291,0.116625
AAGGCAGGCTGTCTCC-1,0.506364,0.426868,0.00898,0.057787
AAGGCGCGTAAAGCTT-1,0.293564,0.705989,0.000388,0.000059
AAGGCTGTGCTCATCG-1,0.115574,0.44092,0.397548,0.045958
AAGGGAACGACTGGCT-1,0.010892,0.373106,0.29851,0.317492
AAGGGACAGATTCTGT-1,0.000074,0.537856,0.32976,0.13231
AAGGGACTATGCATTC-1,0.081978,0.419774,0.342467,0.155782
AAGGGTTAGCCATGCG-1,0.536421,0.004283,0.302183,0.157113
AAGGGTTTGATTTCAG-1,0.711565,0.28839,0.000022,0.000022
AAGGTATCCTAATATA-1,0.00009,0.142225,0.626184,0.231502
AAGGTGATAAACCAGC-1,0.058393,0.675185,0.097896,0.168526
AAGTAAGCTTCCAAAC-1,0.273931,0.131986,0.272679,0.321404
AAGTAGAAGACCGGGT-1,0.000099,0.208314,0.756894,0.034693
AAGTAGTGACGCGAGG-1,0.166893,0.405747,0.420285,0.007075
AAGTCAATTGTCGTCA-1,0.239605,0.368334,0.367845,0.024216
AAGTCTAGTAGCTGCC-1,0.000152,0.00038,0.072627,0.926841
AAGTCTTCTGTGGCCT-1,0.21489,0.604045,0.075206,0.105858
AAGTGACGACCGAATT-1,0.008513,0.524319,0.38856,0.078608
AAGTGAGTCGGGTTTA-1,0.075633,0.738954,0.153556,0.031857
AAGTGCAAAGGTAGAC-1,0.112603,0.518037,0.274392,0.094968
AAGTGCCTTGACTGTA-1,0.066093,0.074529,0.749387,0.109991
AAGTGCGTTAGAATCT-1,0.000122,0.20996,0.726653,0.063266
AAGTGCTTCTCTATTG-1,0.030895,0.347557,0.242972,0.378577
AAGTGTTTGGAGACGG-1,0.001957,0.68995,0.251064,0.057029
AAGTTCACTCCAAGCT-1,0.048705,0.759338,0.169787,0.022169
AAGTTCAGTCTGCGTA-1,0.000094,0.098866,0.696832,0.204208
AAGTTCGGCCAACAGG-1,0.071664,0.815451,0.091758,0.021128
AAGTTGTGATGTTATA-1,0.194012,0.301662,0.259462,0.244864
AAGTTTACTAATGGCA-1,0.008512,0.042313,0.143805,0.805371
AAGTTTATGGGCCCAA-1,0.069926,0.248567,0.242414,0.439093
AATAACAACGCTCGGC-1,0.073507,0.485941,0.269571,0.170981
AATAACACTAGAACAA-1,0.077478,0.767065,0.086547,0.06891
AATAACGTCGCGCCCA-1,0.560789,0.330918,0.006166,0.102127
AATAAGTCCTCGAGAC-1,0.000157,0.000392,0.000157,0.999294
AATAATCTTCGTATCG-1,0.339493,0.439637,0.002182,0.218688
AATACAATGTTTCAGG-1,0.057345,0.324585,0.590997,0.027072
AATACCGGAGGGCTGT-1,0.212941,0.548568,0.187875,0.050616
AATACCTGATGTGAAC-1,0.563063,0.177999,0.132552,0.126386
AATAGAACAGAGTGGC-1,0.000083,0.141127,0.606519,0.25227
AATAGAATCTGTTTCA-1,0.093268,0.413276,0.35126,0.142196
AATAGCAAGCCTCCTG-1,0.161519,0.000194,0.027131,0.811156
AATAGCTACCGCGTGC-1,0.000066,0.141451,0.340428,0.518054
AATAGGCACGACCCTT-1,0.502644,0.049322,0.105428,0.342606
AATAGTCCGTCCCGAC-1,0.063176,0.566631,0.292188,0.078005
AATAGTCGCGAGTCGG-1,0.005362,0.598204,0.384606,0.011827
AATATCAAGGTCGGAT-1,0.000068,0.670316,0.145756,0.183859
AATATCCTAGCAAACT-1,0.003299,0.168184,0.74261,0.085907
AATATCGAATCAATGC-1,0.109871,0.587509,0.220556,0.082064
AATATCGAGGGTTCTC-1,0.000091,0.02817,0.788069,0.18367
AATATTGGAGTATTGA-1,0.085631,0.688272,0.216457,0.009641
AATCAGGTTTCATTTA-1,0.000111,0.028358,0.749083,0.222448
AATCATGTAAAGACTC-1,0.082343,0.317483,0.475988,0.124186
AATCCAAGGGCCTGAG-1,0.145935,0.608634,0.08419,0.161241
AATCCATGCAAGGGTG-1,0.084577,0.240944,0.012075,0.662403
AATCCCGCTCAGAGCC-1,0.118764,0.000279,0.000111,0.880846
AATCGAGGTCTCAAGG-1,0.379774,0.070429,0.242574,0.307223
AATCGCCTCAGCGCCA-1,0.044378,0.955554,0.000046,0.000022
AATCGCGCAGAGGACT-1,0.039395,0.075621,0.748682,0.136303
AATCGGGACACTACGA-1,0.239557,0.46927,0.126509,0.164664
AATCGGTATAGCCCTC-1,0.871577,0.052696,0.036808,0.038918
AATCGTGAGCCGAGCA-1,0.128469,0.694855,0.011179,0.165496
AATCTAGGTTTACTTG-1,0.150022,0.757956,0.091984,0.000038
AATCTATGCCGGAGCC-1,0.017872,0.787521,0.058776,0.135832
AATCTCTACTGTGGTT-1,0.065155,0.055529,0.829564,0.049752
AATCTGCGTTGGGACG-1,0.002269,0.708716,0.288963,0.000052
AATCTGGCTTTCTAGT-1,0.13745,0.623872,0.032005,0.206673
AATCTGGGTAGACCCT-1,0.330005,0.064362,0.000254,0.605379
AATGACAGCAATGTCT-1,0.000137,0.022394,0.571951,0.405519
AATGACGTAGGATGTC-1,0.006994,0.731877,0.224303,0.036827
AATGACTGTCAGCCGG-1,0.016462,0.124727,0.852977,0.005834
AATGAGTTCGCATATG-1,0.130256,0.690532,0.094002,0.08521
AATGATGATACGCTAT-1,0.000136,0.000341,0.999387,0.000136
AATGATGCGACTCCTG-1,0.088227,0.582226,0.277759,0.051788
AATGCAACCGGGTACC-1,0.08079,0.8276,0.091574,0.000036
AATGCACCAAGCAATG-1,0.019859,0.603452,0.160671,0.216018
AATGGTCCACCGTTCA-1,0.059716,0.48747,0.423239,0.029574
AATGGTTCTCACAAGC-1,0.115034,0.728907,0.069466,0.086593
AATGTATGGCACTGTA-1,0.188915,0.164706,0.548085,0.098294
AATGTGCCCGAGGTGT-1,0.007393,0.074434,0.527106,0.391068
AATGTGCTAATCTGAG-1,0.300947,0.224206,0.369683,0.105164
AATGTTAAGACCCTGA-1,0.885259,0.070334,0.044379,0.000027
AATGTTGTCGTGAGAC-1,0.327794,0.566291,0.056219,0.049697
AATTAAAGGTCGGCGT-1,0.005725,0.144722,0.8075,0.042053
AATTAACGGATTTCCA-1,0.084006,0.579212,0.25315,0.083632
AATTACGAGACCCATC-1,0.223898,0.71367,0.055051,0.007381
AATTACTCGTACGCTC-1,0.231087,0.145104,0.281663,0.342146
AATTAGCGCTGCAGCG-1,0.098167,0.625835,0.27568,0.000318
AATTATACCCAGCAAG-1,0.815004,0.012207,0.000035,0.172754
AATTCATAAGGGATCT-1,0.00012,0.140761,0.834895,0.024224
AATTCATTGTCATGCA-1,0.201411,0.769612,0.028953,0.000024
AATTCCAAGCATGTAC-1,0.080978,0.627818,0.120059,0.171145
AATTCGATTCGAGGAT-1,0.022403,0.503511,0.190402,0.283684
AATTCTAGAGTTAGGC-1,0.000114,0.327745,0.561426,0.110715
AATTGAACGCTCTGGT-1,0.129777,0.683948,0.142601,0.043673
AATTGCAGCAATCGAC-1,0.154967,0.208515,0.348346,0.288172
AATTGCGTGGATTACA-1,0.292895,0.483624,0.079525,0.143956
AATTGTGGTTGCCAAA-1,0.524555,0.028321,0.205565,0.241559
AATTTGGGACATAGTA-1,0.000256,0.00064,0.689821,0.309282
AATTTGGTTCCAAAGA-1,0.104886,0.608591,0.224866,0.061657
ACAAACCATGCGTCCT-1,0.176912,0.822497,0.00001,0.00058
ACAAACCGACAAGGCG-1,0.111963,0.224411,0.273567,0.390059
ACAAACTCCATCAGAG-1,0.355773,0.000125,0.00005,0.644053
ACAAAGAAGGTAGGCC-1,0.129243,0.768876,0.053739,0.048142
ACAAAGCATGACCTAG-1,0.129424,0.415522,0.193295,0.261759
ACAAATCGCACCGAAT-1,0.000086,0.102264,0.81049,0.08716
ACAAATGGTAGTGTTT-1,0.020299,0.801385,0.114246,0.064069
ACAAATTCAGATCTGA-1,0.178642,0.000671,0.068157,0.75253
ACAACAGCATGAGCTA-1,0.141859,0.324751,0.499481,0.033909
ACAACGGTCCCTGCGA-1,0.092206,0.596129,0.298092,0.013574
ACAAGCAGTGCCTAGC-1,0.233975,0.451821,0.201416,0.112788
ACAAGCTATATGGAAG-1,0.213622,0.644835,0.14143,0.000114
ACAAGGAAATCCGCCC-1,0.198153,0.644363,0.089619,0.067865
ACAAGGACAAGAGGTT-1,0.06431,0.338893,0.592983,0.003814
ACAAGGATGCTTTAGG-1,0.038674,0.391748,0.31168,0.257898
ACAAGGGCAGGCTCTG-1,0.018035,0.522627,0.459274,0.000064
ACAAGTAATTGTAAGG-1,0.198523,0.296777,0.195922,0.308778
ACAATAGTCGTACGTT-1,0.000116,0.378249,0.589036,0.032599
ACAATCCATTTAAACC-1,0.041262,0.347528,0.5463,0.06491
ACAATCGATCTTTATA-1,0.052926,0.081859,0.279356,0.585859
ACAATGAATACGGAGA-1,0.004283,0.240625,0.497378,0.257713
ACAATGATTCTTCTAC-1,0.034513,0.000306,0.009791,0.955391
ACAATTGTGTCTCTTT-1,0.113092,0.383952,0.465587,0.037369
ACAATTTAGGAGGCTC-1,0.129729,0.83303,0.012714,0.024527
ACAATTTGAGCAGTGG-1,0.044229,0.260393,0.6566,0.038778
ACAATTTGGCCATATT-1,0.673279,0.255422,0.059212,0.012087
ACACAAAGACGGGTGG-1,0.061859,0.877668,0.060118,0.000354
ACACACCAGGACCAGT-1,0.029431,0.930958,0.02537,0.014241
ACACACTTTCTACACG-1,0.041518,0.071896,0.629227,0.257359
ACACATGATCAAATCT-1,0.000105,0.000263,0.977135,0.022497
ACACATTTCCGTAGAC-1,0.403967,0.244554,0.056641,0.294838
ACACCACATAATTAGC-1,0.277748,0.346192,0.329362,0.046698
ACACCCAGCATGCAGC-1,0.031565,0.516535,0.363348,0.088552
ACACCCGAGAAATCCG-1,0.000104,0.175398,0.824395,0.000104
ACACCGAGCGCTCTTT-1,0.052368,0.000379,0.081968,0.865285
ACACCGGTCTGACCGC-1,0.137989,0.81939,0.042603,0.000018
ACACCTTAAGTAGGGC-1,0.071829,0.641921,0.26166,0.024589
ACACCTTACTACTTGC-1,0.393491,0.571848,0.034603,0.000058
ACACGAGACTCCTTCT-1,0.022852,0.385107,0.578766,0.013275
ACACGGCACTATGCAT-1,0.000141,0.000352,0.000141,0.999367
ACACGGGAACTTAGGG-1,0.021087,0.747499,0.231361,0.000053
ACACGTAGGCCACAAG-1,0.012837,0.182008,0.299127,0.506028
ACACTCCAATGTCACT-1,0.092351,0.274125,0.448307,0.185217
ACACTGATCAAGGTGT-1,0.024247,0.421654,0.356842,0.197258
ACACTGGGACAGTCGT-1,0.501624,0.165,0.248787,0.084589
ACAGAACTGAGAACAA-1,0.077093,0.130007,0.786264,0.006636
ACAGATTAGGTTAGTG-1,0.000222,0.000554,0.138724,0.8605
ACAGCATAGAGCCAGT-1,0.116856,0.535947,0.340017,0.007181
ACAGCGACATTCTCAT-1,0.177792,0.024025,0.672437,0.125746
ACAGCGCACCCGCAGC-1,0.000172,0.000431,0.52995,0.469447
ACAGGCACGGATCCTT-1,0.382243,0.535312,0.017322,0.065123
ACAGGCTTGCCCGACT-1,0.003393,0.187807,0.572976,0.235825
ACAGGTGGAGGTGAGG-1,0.000082,0.334336,0.522819,0.142763
ACAGGTGTGTTGTTGC-1,0.302537,0.493139,0.093572,0.110751
ACAGTAATACAACTTG-1,0.053559,0.718895,0.218918,0.008627
ACAGTATACCGTGGGA-1,0.089595,0.000218,0.000087,0.9101
ACATAAGTCGTGGTGA-1,0.066916,0.857956,0.058421,0.016706
ACATAATAAGGCGGTG-1,0.000165,0.017302,0.932862,0.049671
ACATACAATCAAGCGG-1,0.694068,0.300498,0.00293,0.002504
ACATCAGCTGGGACGC-1,0.039331,0.108599,0.725668,0.126402
ACATCCCGGCCATACG-1,0.031591,0.910756,0.057619,0.000033
ACATCCTGGTAACTGT-1,0.2637,0.255244,0.183309,0.297747
ACATCGATCGTTTACC-1,0.00019,0.180714,0.581534,0.237562
ACATCGCAATATTCGG-1,0.907481,0.01767,0.053567,0.021281
ACATCGGTCAGCCGCG-1,0.000104,0.251134,0.663458,0.085305
ACATCGTATGCAATGG-1,0.000078,0.482315,0.255164,0.262443
ACATCGTTAACCTAGT-1,0.000276,0.00069,0.55801,0.441024
ACATCTCAACGCGTAA-1,0.00447,0.228986,0.398676,0.367867
ACATGCTTACGGCAGC-1,0.61936,0.37941,0.000637,0.000593
ACATGGCGCCAAAGTA-1,0.114522,0.620288,0.227434,0.037756
ACATGGCTCAATTTAG-1,0.136653,0.291359,0.204384,0.367605
ACATTAGTTTATATCC-1,0.0239,0.776707,0.190206,0.009187
ACATTCGCGCGGAATA-1,0.611594,0.062047,0.258895,0.067463
ACATTTGAAACCTAAC-1,0.797542,0.20128,0.001151,0.000027
ACCAAACACCCAGCGA-1,0.009313,0.005785,0.204216,0.780686
ACCAAACTAGAAATCC-1,0.000223,0.005974,0.209719,0.784084
ACCAACACCACACACT-1,0.077714,0.613838,0.111964,0.196484
ACCAACCGCACTCCAC-1,0.231233,0.09464,0.440016,0.23411
ACCAACGCTTATTTAT-1,0.014764,0.367298,0.534782,0.083157
ACCAAGAACGCGTGTC-1,0.115682,0.454193,0.40658,0.023545
ACCAAGTCATCGGCAG-1,0.627046,0.372908,0.000027,0.00002
ACCAATATGCAAGTTA-1,0.003148,0.045694,0.547366,0.403792
ACCACAACTCAGAACA-1,0.000153,0.000381,0.009962,0.989504
ACCACAAGTTTCTATC-1,0.070119,0.276317,0.640301,0.013263
ACCACACGGTTGATGG-1,0.70191,0.262993,0.031577,0.003519
ACCACCAATGTAACAA-1,0.121539,0.356599,0.394089,0.127774
ACCACCCTCTCTTCTA-1,0.118692,0.002004,0.152107,0.727198
ACCACGTGCAGCTATA-1,0.044969,0.334039,0.393899,0.227094
ACCAGACCATAACAAC-1,0.148625,0.676761,0.161529,0.013085
ACCAGCCCGGTCTTTG-1,0.002768,0.071681,0.211417,0.714133
ACCAGGAGTGTGATCT-1,0.000341,0.000851,0.208202,0.790607
ACCAGTGCCCGGTCAA-1,0.230883,0.15043,0.278759,0.339929
ACCAGTGCGGGAGACG-1,0.026178,0.961072,0.007823,0.004927
ACCATATCCGCAATAA-1,0.000074,0.342813,0.647601,0.009512
ACCATCCGCCAACTAG-1,0.255484,0.570108,0.116531,0.057877
ACCATCGTATATGGTA-1,0.06461,0.656203,0.279107,0.00008
ACCATTAAGGGTGTCA-1,0.066338,0.000362,0.060868,0.872433
ACCCAACGCCCGTGGC-1,0.000267,0.277871,0.721784,0.000079
ACCCACCTACATGCTC-1,0.591831,0.300398,0.091973,0.015797
ACCCATCTTGAGGGTA-1,0.034254,0.591044,0.268155,0.106546
ACCCATTTGTCCCTCT-1,0.089735,0.032648,0.370164,0.507453
ACCCGAGCGAAATTAC-1,0.002837,0.289319,0.65176,0.056084
ACCCGATTGGTTCCGA-1,0.008176,0.159336,0.338382,0.494106
ACCCGGAAACTCCCAG-1,0.20287,0.527605,0.251215,0.01831
ACCCGGAGCACCACAA-1,0.724058,0.275905,0.000019,0.000019
ACCCGGATGACGCATC-1,0.023597,0.52274,0.394441,0.059222
ACCCGGTTACACTTCC-1,0.132285,0.199523,0.663374,0.004818
ACCCGTAGCAGAGAAT-1,0.267441,0.27081,0.271501,0.190248
ACCCGTAGTCTAGTTG-1,0.579761,0.004876,0.364556,0.050807
ACCCGTGTCATCAGTA-1,0.105938,0.613091,0.232708,0.048263
ACCCTATAGGACTGAG-1,0.000129,0.000322,0.000129,0.99942
ACCCTATGCCATATCG-1,0.067127,0.670562,0.189141,0.07317
ACCCTCCCGTCAGGGC-1,0.299069,0.486472,0.19562,0.018839
ACCCTCCCTTGCTATT-1,0.053029,0.379621,0.371869,0.195481
ACCCTGGTAACGCCCT-1,0.079069,0.000132,0.000053,0.920746
ACCCTTCATCTGCGAA-1,0.000154,0.017295,0.960444,0.022106
ACCCTTTAGTTCTCCA-1,0.093995,0.000626,0.011506,0.893873
ACCGAAAGGGCCCTGC-1,0.309574,0.233805,0.404582,0.052038
ACCGAAGAGTCTGGTT-1,0.218282,0.686623,0.095046,0.000049
ACCGACACATCTCCCA-1,0.211245,0.5217,0.217446,0.04961
ACCGACTGAGTCCCAC-1,0.075189,0.606078,0.190177,0.128556
ACCGAGTCTCCTTATT-1,0.365205,0.419394,0.050904,0.164496
ACCGATAGGCATAACC-1,0.388862,0.232513,0.122532,0.256093
ACCGATATTTAATCAT-1,0.418864,0.427903,0.148496,0.004737
ACCGATGGTAGCATCG-1,0.047047,0.770248,0.182662,0.000044
ACCGCAATAACTGCCT-1,0.029781,0.344192,0.396246,0.229781
ACCGCGGTGGAAGTCG-1,0.000963,0.221234,0.601509,0.176294
ACCGCTAGTCATTGGT-1,0.68698,0.247979,0.000833,0.064207
ACCGGGCCTTTGTTGA-1,0.175734,0.697327,0.126883,0.000055
ACCGGTCAGGTACACC-1,0.052518,0.473966,0.083311,0.390204
ACCGGTCTGAGTACGG-1,0.278407,0.000267,0.000107,0.721219
ACCGTCCACTGGGCCC-1,0.364459,0.491634,0.118453,0.025454
ACCGTGACCACGTGGG-1,0.000096,0.265017,0.592323,0.142564
ACCGTTCCCGCTCTGA-1,0.03571,0.000544,0.499721,0.464025
ACCTAAGTACCTTTCA-1,0.011441,0.1478,0.643674,0.197086
ACCTAATCGACTTCCT-1,0.14919,0.648611,0.075469,0.126731
ACCTACAGTATGTGGT-1,0.273478,0.626491,0.091084,0.008947
ACCTACTATAAATCTA-1,0.034262,0.086246,0.493112,0.38638
ACCTCAGCGAGGCGCA-1,0.545631,0.447461,0.00002,0.006889
ACCTCCGCCCTCGCTG-1,0.182264,0.425898,0.239734,0.152103
ACCTCCGTTATTCACC-1,0.112928,0.829431,0.005939,0.051702
ACCTCGAACTTATGCT-1,0.305773,0.665806,0.005838,0.022584
ACCTGCGTGTCATGTT-1,0.126102,0.586983,0.123822,0.163092
ACGAAATGGGCGGCAC-1,0.103223,0.748459,0.035177,0.113141
ACGACCCATGAGTTGC-1,0.568032,0.212067,0.167672,0.052229
ACGACTCTAGGGCCGA-1,0.45627,0.542516,0.000896,0.000319
ACGACTGGTCATACTC-1,0.085784,0.478768,0.227579,0.207869
ACGAGAACCCATCACG-1,0.085828,0.16381,0.079757,0.670605
ACGAGATATTTGCTTA-1,0.000163,0.000408,0.120964,0.878464
ACGAGGATACCACTCT-1,0.328852,0.63019,0.04091,0.000048
ACGAGGTTTACAACGT-1,0.285787,0.432125,0.267186,0.014903
ACGAGTACGGATGCCC-1,0.000789,0.109237,0.699017,0.190957
ACGATACATAGAACTA-1,0.081371,0.438987,0.460903,0.018739
ACGATACCTATCCTGA-1,0.196496,0.581808,0.16056,0.061136
ACGATCATACATAGAG-1,0.018511,0.58055,0.258466,0.142472
ACGATCATCTTGTAAA-1,0.020307,0.35361,0.553662,0.07242
ACGATGCATATGTTAT-1,0.000093,0.241745,0.391611,0.36655
ACGATGGATCCGATGC-1,0.045185,0.315408,0.586086,0.053321
ACGCAAACTAATAGAT-1,0.263597,0.215493,0.298077,0.222833
ACGCAATCACTACAGC-1,0.011485,0.519984,0.366808,0.101724
ACGCATAAATGACATG-1,0.413068,0.000146,0.020159,0.566628
ACGCATACGTTTACTA-1,0.189504,0.116027,0.613155,0.081314
ACGCATTCGTGAGTAC-1,0.008445,0.801219,0.107406,0.08293
ACGCCACTCGAAACAG-1,0.592393,0.000115,0.000046,0.407446
ACGCCAGATGATTTCT-1,0.000097,0.42389,0.54406,0.031954
ACGCCAGTGCGTTTGC-1,0.806358,0.193608,0.000017,0.000017
ACGCCCAGCTGTCGAT-1,0.000064,0.269263,0.292134,0.438539
ACGCCGCTAGACGACC-1,0.084847,0.912485,0.000691,0.001978
ACGCGAAGTCAGACGA-1,0.172604,0.587897,0.227835,0.011664
ACGCGCTACACAGGGT-1,0.133443,0.858203,0.008327,0.000026
ACGCGGGCCAAGGACA-1,0.003232,0.336008,0.640761,0.019999
ACGCGTTTCTTAAGAG-1,0.05243,0.738732,0.014244,0.194594
ACGCTACTGAATGGGC-1,0.746723,0.003272,0.206118,0.043888
ACGCTAGTGATACACT-1,0.000138,0.117974,0.219651,0.662237
ACGCTGTGAGGCGTAG-1,0.000147,0.404852,0.582307,0.012693
ACGCTTAGTGTCTCTC-1,0.033502,0.269067,0.292025,0.405407
ACGGAACACGAGTGCC-1,0.744704,0.242412,0.003889,0.008995
ACGGAATTTAGCAAAT-1,0.052686,0.602129,0.237059,0.108125
ACGGACGCAGCGACAA-1,0.62097,0.163068,0.07878,0.137182
ACGGACTCTCAAAGCG-1,0.03143,0.434492,0.408321,0.125757
ACGGAGCGCAAATTAC-1,0.000132,0.00033,0.504205,0.495333
ACGGATGGTGCGGATA-1,0.00014,0.171881,0.670378,0.1576
ACGGCACTTGCTTGGG-1,0.013089,0.810828,0.176036,0.000046
ACGGCCAACATGGACT-1,0.100012,0.613734,0.285203,0.00105
ACGGCGACGATGGGAA-1,0.131505,0.358117,0.472796,0.037582
ACGGCGGGTTGCCCTG-1,0.080456,0.000274,0.000109,0.91916
ACGGCTGGATGTAGAA-1,0.028536,0.299821,0.421573,0.25007
ACGGGAGTGTCGGCCC-1,0.171745,0.818628,0.008031,0.001596
ACGGGCGTATGCGACA-1,0.249285,0.589634,0.014603,0.146478
ACGGGTCATGTGACTT-1,0.004851,0.007653,0.260442,0.727054
ACGGGTTGTGACCTGT-1,0.516846,0.324406,0.000045,0.158702
ACGGTACAGTTCAATG-1,0.45732,0.401175,0.056431,0.085074
ACGGTCACCGAGAACA-1,0.482285,0.000134,0.367537,0.150043
ACGTACAGATTTCTCT-1,0.213481,0.628029,0.034948,0.123542
ACGTACTTTGGCACGG-1,0.000113,0.020945,0.654005,0.324937
ACGTAGATTGCTGATG-1,0.032435,0.648818,0.285677,0.03307
ACGTAGGAGAGTCGCT-1,0.188673,0.413922,0.3498,0.047605
ACGTATTACTCCGATC-1,0.000078,0.234292,0.765551,0.000078
ACGTCGGGCAACTCGG-1,0.548983,0.428663,0.022334,0.00002
ACGTCTCGTTCCGGGA-1,0.077674,0.680563,0.219058,0.022705
ACGTGACAAAGTAAGT-1,0.357,0.642951,0.000025,0.000025
ACGTGCGCCTCGTGCA-1,0.000177,0.027023,0.938962,0.033837
ACGTGGTCGAATGTGC-1,0.036253,0.277263,0.324036,0.362447
ACGTTAATGTCGAAGA-1,0.029519,0.946369,0.024088,0.000024
ACGTTAGATTTGCCCG-1,0.011361,0.773056,0.099438,0.116144
ACGTTATTGGTCACTC-1,0.093514,0.418977,0.387234,0.100275
ACGTTCACTATGCCGC-1,0.3202,0.094785,0.124892,0.460124
ACGTTCCGCGCTCCGT-1,0.065925,0.095281,0.538907,0.299887
ACGTTCGCAATCAATT-1,0.000107,0.131953,0.845449,0.022491
ACGTTCGTTCAGGAAA-1,0.141999,0.569382,0.270104,0.018514
ACGTTCTGTACAAGTC-1,0.129013,0.457446,0.327834,0.085707
ACGTTGTCGTTGAAAG-1,0.435898,0.02175,0.117024,0.425328
ACGTTTAGTTGTGATC-1,0.000205,0.000514,0.962868,0.036413
ACGTTTCGGTGCACTT-1,0.80939,0.123953,0.006478,0.060178
ACTAATACGTCAGGCG-1,0.871827,0.000611,0.000244,0.127318
ACTACAAAGAGAGGTG-1,0.267514,0.073346,0.014534,0.644607
ACTACATCCCGACAAG-1,0.129814,0.778842,0.001702,0.089642
ACTACCAGCTCTCTGG-1,0.101514,0.752326,0.14344,0.00272
ACTACCATCCGAGGGC-1,0.644717,0.116174,0.043174,0.195934
ACTACGCGTTAGAATT-1,0.180953,0.562185,0.214285,0.042577
ACTAGTTGCGATCGTC-1,0.01139,0.315116,0.322539,0.350955
ACTATATGCTGTGTTC-1,0.000252,0.000631,0.206006,0.793111
ACTATCCAGGGCATGG-1,0.108229,0.217967,0.369394,0.30441
ACTATCTGCCCGCGTA-1,0.164833,0.795619,0.039521,0.000028
ACTATGTCCAGCTGCC-1,0.160024,0.493475,0.296768,0.049734
ACTATTCGTCCGTGGT-1,0.035802,0.194378,0.64658,0.123241
ACTATTTCCGGGCCCA-1,0.077453,0.767814,0.13603,0.018704
ACTCAACGAATGTATT-1,0.118469,0.152774,0.082487,0.646269
ACTCAAGTGCAAGGCT-1,0.217087,0.68031,0.068526,0.034077
ACTCAATAAAGGCACG-1,0.092636,0.681738,0.223394,0.002232
ACTCAGACCTGCTTCT-1,0.238363,0.429829,0.143087,0.188721
ACTCATGGCAGCCTTC-1,0.284787,0.33334,0.359764,0.022109
ACTCCAATATCATCAT-1,0.141649,0.454676,0.346602,0.057073
ACTCCCATTCCTAAAG-1,0.137889,0.748841,0.105766,0.007504
ACTCCCGAATTCGTTT-1,0.00015,0.003149,0.659467,0.337234
ACTCCCGTAGACTAGG-1,0.000368,0.00092,0.150215,0.848497
ACTCCCTAATGCTAAA-1,0.149558,0.413082,0.433002,0.004358
ACTCCCTAGAATAGTA-1,0.032326,0.156546,0.418732,0.392396
ACTCCGGCCGACCACT-1,0.353242,0.517577,0.018757,0.110425
ACTCGATGTATTTCAT-1,0.127872,0.63603,0.076289,0.15981
ACTCGCCGTTCGATAA-1,0.508647,0.449635,0.002897,0.038821
ACTCGCGATCTGACGC-1,0.400705,0.027905,0.446384,0.125006
ACTCGTAACCCGTCCT-1,0.071504,0.253214,0.33801,0.337272
ACTCGTCAGTAATCCC-1,0.012981,0.387857,0.55323,0.045932
ACTCTAAACCTGGGAT-1,0.151013,0.358621,0.413261,0.077105
ACTCTCTGACTTAGGT-1,0.006518,0.361219,0.563127,0.069136
ACTCTCTTATACACGA-1,0.000241,0.000601,0.270658,0.7285
ACTCTGACCTAATAGA-1,0.183051,0.543085,0.010262,0.263602
ACTCTTCAGCTCCCGC-1,0.903584,0.096246,0.000085,0.000085
ACTCTTGTATAGTAAC-1,0.006208,0.595962,0.393597,0.004233
ACTGAAACGCCGTTAG-1,0.136575,0.131465,0.450631,0.281329
ACTGAATGGCGAAAGT-1,0.000035,0.768935,0.129758,0.101271
ACTGATTTAGTGATTC-1,0.010011,0.230599,0.415393,0.343997
ACTGCCCGCCATTCTC-1,0.173602,0.227025,0.492376,0.106997
ACTGCCGTCGTAACTC-1,0.000166,0.000414,0.943253,0.056167
ACTGCGGACACACCGT-1,0.394184,0.04656,0.402592,0.156664
ACTGCTCGGAAGGATG-1,0.054229,0.71639,0.220886,0.008495
ACTGGGATGCCAGTGC-1,0.399224,0.000201,0.00008,0.600495
ACTGTACGATACACAT-1,0.017873,0.607495,0.374566,0.000067
ACTGTAGCACTTTGGA-1,0.291968,0.546275,0.127028,0.034729
ACTGTATACGCGAGCA-1,0.144178,0.563432,0.159729,0.132661
ACTGTCCAGGATTATA-1,0.014377,0.728502,0.139671,0.11745
ACTGTCTTCTTTAGAA-1,0.017648,0.221454,0.673131,0.087767
ACTGTGCTAGTAGATC-1,0.197108,0.529074,0.004325,0.269492
ACTGTTTAGTGTAGGC-1,0.000316,0.000789,0.181007,0.817888
ACTTACCGGGCGCGCA-1,0.000122,0.000305,0.000122,0.99945
ACTTACGCATCCACGC-1,0.149602,0.507321,0.316478,0.026599
ACTTAGTACGACAAGA-1,0.102266,0.532375,0.151403,0.213955
ACTTATACTTACCCGG-1,0.000134,0.178834,0.785979,0.035053
ACTTATCTGATCTATA-1,0.176386,0.161096,0.266461,0.396056
ACTTATTAGGATCGGT-1,0.000103,0.201375,0.63717,0.161352
ACTTATTTATGTGCCA-1,0.040324,0.882748,0.076888,0.000039
ACTTCAGGCTGATCCC-1,0.002634,0.224297,0.386437,0.386631
ACTTCCAGTGGAAGCT-1,0.185557,0.52893,0.275006,0.010507
ACTTCCATGCGGGACA-1,0.236258,0.151565,0.495209,0.116967
ACTTCGCCATACGCAC-1,0.000139,0.192986,0.778498,0.028377
ACTTCGCTAGCGAGTG-1,0.24302,0.475056,0.002515,0.27941
ACTTGACTCCCTCTTT-1,0.084606,0.587289,0.20017,0.127935
ACTTGCCATATTGTAC-1,0.000282,0.000706,0.047234,0.951778
ACTTGCTCTATCTACC-1,0.760911,0.237354,0.001714,0.000021
ACTTGGGACCCGGTGG-1,0.00012,0.135995,0.818896,0.044989
ACTTGGGCTTTCGCCA-1,0.363286,0.179014,0.156852,0.300849
ACTTGTAGTCCCTTCA-1,0.202472,0.462997,0.042072,0.292459
ACTTGTGGATGGAACG-1,0.282532,0.460913,0.202597,0.053958
ACTTGTTACCGGATCA-1,0.512057,0.187878,0.000037,0.300027
ACTTTACCCTCATGAA-1,0.188405,0.714791,0.069714,0.027089
ACTTTATACACCACTT-1,0.693321,0.127885,0.058738,0.120055
ACTTTCCTATAGCTTC-1,0.003054,0.352699,0.297539,0.346708
ACTTTGACTGCATCCT-1,0.12256,0.473813,0.373465,0.030163
ACTTTGGTCGTGCTCC-1,0.141961,0.472441,0.304943,0.080655
ACTTTGTCGACGCACT-1,0.238417,0.15048,0.452507,0.158597
AGAAATTATGACTCGC-1,0.201062,0.527528,0.171839,0.099571
AGAACACGGCGATGGT-1,0.566016,0.126952,0.126925,0.180107
AGAACCCAGCGTGACA-1,0.243457,0.213687,0.406539,0.136317
AGAACCCTCAATTGGG-1,0.218873,0.43253,0.342596,0.006002
AGAACGTGGTACATTC-1,0.039699,0.954981,0.005295,0.000025
AGAACTGTACTTTGTA-1,0.791844,0.054429,0.002774,0.150954
AGAAGAGCGCCGTTCC-1,0.16129,0.830217,0.007934,0.000558
AGAAGGTACACTTCAC-1,0.099865,0.375262,0.472443,0.05243
AGAAGGTTGCCGAATT-1,0.119234,0.545758,0.199742,0.135265
AGAAGGTTGTAGGTCG-1,0.090608,0.594623,0.094865,0.219903
AGAAGTGATTCGTGAT-1,0.00012,0.330851,0.577054,0.091975
AGAATAAATCTTCAGG-1,0.064982,0.142882,0.775172,0.016964
AGAATACAGGCTATCC-1,0.788777,0.069297,0.080934,0.060992
AGAATGCGGGTTCGGA-1,0.473338,0.00084,0.090264,0.435557
AGAATTATGGATTCGA-1,0.012841,0.330744,0.651674,0.004742
AGAATTGTTTGACATA-1,0.078205,0.725855,0.14532,0.05062
AGACAGCTCAGAATCC-1,0.001485,0.164235,0.834195,0.000084
AGACAGGCATCTCAGC-1,0.626746,0.372439,0.000785,0.00003
AGACATAGATCCTTCC-1,0.03064,0.000387,0.056619,0.912355
AGACCAAACCACACCT-1,0.210123,0.62356,0.163957,0.00236
AGACCATGGGATACAA-1,0.141604,0.773925,0.078587,0.005884
AGACCCACCGCTGATC-1,0.024665,0.741379,0.185179,0.048776
AGACCCGCCCTCCTCG-1,0.140784,0.779347,0.053463,0.026406
AGACCGCTCCGCGGTT-1,0.221018,0.638812,0.130093,0.010078
AGACCGGGAAACCCTG-1,0.122909,0.693129,0.146837,0.037125
AGACGAAGTGCCGGTC-1,0.141331,0.434452,0.154943,0.269274
AGACGACGATGCCGCT-1,0.191534,0.324775,0.335151,0.148541
AGACGCCCACTTCGCC-1,0.413905,0.483513,0.028741,0.073842
AGACGGGATTGGTATA-1,0.399631,0.000656,0.117649,0.482064
AGACGGGCCGATTTAA-1,0.325615,0.000566,0.000226,0.673592
AGACTAGCCTTCCAGA-1,0.000161,0.004006,0.995639,0.000194
AGACTGTTACCGGGTC-1,0.180539,0.595927,0.088907,0.134627
AGAGAAACACCAGAAA-1,0.015471,0.180813,0.553876,0.249841
AGAGAACCGTCTAGGA-1,0.077804,0.224321,0.332574,0.365301
AGAGAAGGAGTACAAT-1,0.179085,0.307428,0.417402,0.096085
AGAGATCTCTAAAGCG-1,0.14416,0.762922,0.055799,0.037119
AGAGCAGTTATGAGAC-1,0.119772,0.339547,0.313848,0.226833
AGAGCCGCCGAGATTT-1,0.215128,0.718784,0.043403,0.022685
AGAGCGCTTGTAACGG-1,0.093322,0.150378,0.145617,0.610683
AGAGCGGGCTAATCAT-1,0.000175,0.005382,0.819326,0.175117
AGAGCGTACAAGCTCG-1,0.056804,0.895055,0.048095,0.000046
AGAGCTACGAAAGCAT-1,0.033708,0.000313,0.193261,0.772718
AGAGGCTTCGGAAACC-1,0.103697,0.750919,0.108519,0.036864
AGAGGTATCTCGGTCC-1,0.052576,0.000397,0.000159,0.946868
AGAGTAAACTTCACTA-1,0.075182,0.221962,0.617474,0.085383
AGAGTATAGTGTTACG-1,0.230947,0.541045,0.014694,0.213314
AGAGTCTTAATGAAAG-1,0.632949,0.097208,0.016571,0.253273
AGAGTTAGAGACCGAT-1,0.255391,0.125106,0.331273,0.288229
AGATAACTTCAGGGCC-1,0.033633,0.635335,0.156829,0.174203
AGATAATCACACCTAT-1,0.168137,0.000216,0.726669,0.104978
AGATACCAATAGAACC-1,0.2994,0.396605,0.229175,0.074821
AGATACCAGCACTTCA-1,0.142157,0.000496,0.07979,0.777558
AGATACCGGTGTTCAC-1,0.011159,0.450921,0.536605,0.001315
AGATACGACTTCATAT-1,0.103134,0.867154,0.020927,0.008786
AGATACTCAAGATCGA-1,0.00084,0.937657,0.060366,0.001137
AGATATAATACGACTA-1,0.008842,0.412568,0.224394,0.354196
AGATCGTGCATAAGAT-1,0.000074,0.268222,0.550024,0.18168
AGATCTCAGGTGTGAT-1,0.21479,0.281081,0.356896,0.147232
AGATCTGGAGAGGATA-1,0.453027,0.399287,0.026953,0.120733
AGATGACTCGCCCACG-1,0.081763,0.455859,0.424871,0.037507
AGATGAGGGTTGCGAT-1,0.000205,0.000511,0.54216,0.457124
AGATGATGGAGTCTGG-1,0.000178,0.146518,0.740764,0.11254
AGATGCAAGACGTGCA-1,0.153721,0.748353,0.008675,0.089251
AGATGCATCCTGTGTC-1,0.011563,0.551977,0.260257,0.176203
AGATGCTATAACGAGC-1,0.325883,0.00809,0.273179,0.392847
AGATTATAGGACGTTT-1,0.119076,0.8052,0.072708,0.003016
AGATTCACAACCGATA-1,0.050852,0.843165,0.038753,0.06723
AGCAAAGGCCGCTAGT-1,0.059863,0.445234,0.316651,0.178253
AGCAACATATCTTATT-1,0.113632,0.553381,0.332935,0.000051
AGCAACCGAAAGTAAT-1,0.098833,0.335007,0.229423,0.336737
AGCACACGTTTAGACT-1,0.079861,0.189503,0.631892,0.098744
AGCACCAGTACTCACG-1,0.029948,0.574597,0.395383,0.000072
AGCACTACCGGCCTGT-1,0.149034,0.616349,0.184542,0.050075
AGCACTACCTCACCAG-1,0.15543,0.699544,0.08855,0.056475
AGCACTTAAGGACGCC-1,0.010227,0.320374,0.551756,0.117642
AGCAGAAGGAGAAAGA-1,0.13332,0.305456,0.42624,0.134984
AGCAGCCAGATGAATA-1,0.000074,0.455358,0.544494,0.000074
AGCAGTCGAAGCATGC-1,0.785018,0.204164,0.001963,0.008855
AGCATATCAATATGCT-1,0.108006,0.612196,0.184584,0.095214
AGCATCATTTCGAAAG-1,0.064727,0.828699,0.098861,0.007713
AGCATCGTCGATAATT-1,0.078891,0.06083,0.860049,0.00023
AGCATTACGAGGCAAG-1,0.345274,0.425613,0.20879,0.020324
AGCCAAGCTTTGTGTC-1,0.00009,0.480709,0.39908,0.12012
AGCCACAGGTTACCCG-1,0.123364,0.673336,0.192809,0.010491
AGCCACTCCCGTGCTT-1,0.125335,0.493095,0.381504,0.000066
AGCCATATAGTATGTG-1,0.168082,0.077893,0.290412,0.463613
AGCCCATACATGTAAG-1,0.132128,0.856881,0.000031,0.010959
AGCCCGCAACAAGCAG-1,0.36991,0.44209,0.086929,0.10107
AGCCCGCACTACAATG-1,0.786146,0.194399,0.01719,0.002266
AGCCCGGCATTAGAGG-1,0.119393,0.769522,0.03381,0.077275
AGCCCGGTAGCCTGTA-1,0.27459,0.632144,0.052478,0.040788
AGCCCTAAGCGAAGTT-1,0.006232,0.662123,0.323852,0.007793
AGCCCTCCCTGGTGGC-1,0.017928,0.072325,0.311535,0.598212
AGCCCTGTCGCACCGT-1,0.489096,0.018992,0.278684,0.213228
AGCCCTTCTAATCCGA-1,0.000066,0.163679,0.318661,0.517594
AGCCCTTGGACATCCC-1,0.536463,0.167868,0.193352,0.102316
AGCCGCAAATTCAAAT-1,0.009546,0.317582,0.66263,0.010242
AGCCGTGGCTAAATGT-1,0.088013,0.736428,0.13082,0.044739
AGCCTAATACCCACGT-1,0.111379,0.620815,0.21531,0.052496
AGCCTTAAAGCGGAAG-1,0.036217,0.891044,0.054667,0.018072
AGCCTTGTCACTGATA-1,0.333983,0.238126,0.136206,0.291685
AGCGACAGGAACGGTC-1,0.047044,0.632637,0.15411,0.166209
AGCGACATCCCATTCA-1,0.000174,0.005692,0.993961,0.000174
AGCGACCAACGATATT-1,0.000084,0.584233,0.342495,0.073188
AGCGACTTTGAAGACA-1,0.67478,0.001043,0.000417,0.32376
AGCGAGACGTGAAGGC-1,0.216534,0.628843,0.145708,0.008915
AGCGATGCGCCTAATA-1,0.176532,0.554522,0.01735,0.251595
AGCGCATAATGAATCG-1,0.000082,0.361529,0.561225,0.077164
AGCGCGGGTGCCAATG-1,0.032686,0.242914,0.538898,0.185502
AGCGCTAGAGCGATGT-1,0.319853,0.26288,0.25527,0.161997
AGCGCTTATGGGCAAG-1,0.214398,0.150737,0.360202,0.274662
AGCGGACACTTCGTAG-1,0.092389,0.172509,0.443299,0.291803
AGCGGCGGTTAGCGGT-1,0.049452,0.50438,0.445115,0.001054
AGCGGGAAGGGTCCAT-1,0.048313,0.618681,0.263696,0.06931
AGCGGGTCTGACACTC-1,0.152199,0.589694,0.220192,0.037916
AGCGGTTGCCGCTCTG-1,0.007435,0.046348,0.27506,0.671156
AGCGTACGAGAGCTAG-1,0.061622,0.02918,0.171296,0.737902
AGCGTCTGAACCCGCA-1,0.072012,0.005038,0.254785,0.668166
AGCGTGGTATTCTACT-1,0.061894,0.385235,0.414922,0.137949
AGCGTTCCGATTTAAA-1,0.141328,0.194148,0.340114,0.324409
AGCTAACAAGCAATGT-1,0.099392,0.585208,0.286766,0.028634
AGCTAAGCTCCGTCCG-1,0.256581,0.000243,0.108231,0.634945
AGCTAAGTACGCAGGC-1,0.113976,0.754562,0.114687,0.016775
AGCTACGAATGGTGGT-1,0.566393,0.010084,0.060395,0.363128
AGCTAGAAGCAGAAGT-1,0.064965,0.183711,0.638306,0.113018
AGCTATTTAATCCAAC-1,0.066037,0.831063,0.08222,0.02068
AGCTCCATATATGTTC-1,0.201323,0.366695,0.323286,0.108696
AGCTCCTTCGCACATC-1,0.185382,0.177481,0.471424,0.165713
AGCTCTAGACGTTCCA-1,0.057528,0.414917,0.453247,0.074308
AGCTCTTCCCAGTGCA-1,0.000147,0.000368,0.950114,0.049371
AGCTCTTCGTAACCTT-1,0.346292,0.241563,0.393733,0.018412
AGCTCTTTACTCAGTT-1,0.000141,0.024572,0.722534,0.252753
AGCTGAAGTAAACCAA-1,0.011507,0.338228,0.630677,0.019588
AGCTGTAACCTCAATC-1,0.121437,0.565496,0.183041,0.130025
AGCTTATAGAGACCTG-1,0.001966,0.125811,0.123952,0.748272
AGCTTCTTCTCGAGCA-1,0.003353,0.323865,0.552109,0.120673
AGCTTGATCAGGGTAG-1,0.509928,0.178549,0.003148,0.308375
AGCTTGATCTTAACTT-1,0.185932,0.600166,0.213839,0.000063
AGGAACGAACGACTTC-1,0.828002,0.022996,0.000982,0.148019
AGGAAGCTGTCCGCCG-1,0.070333,0.74531,0.121574,0.062782
AGGACAGTCGAATCCC-1,0.007948,0.723442,0.235242,0.033368
AGGACATCGCACGTCG-1,0.000169,0.000424,0.888401,0.111006
AGGACATCGGCACACT-1,0.666908,0.000094,0.000038,0.33296
AGGACGACCCATTAGA-1,0.046918,0.024534,0.824545,0.104003
AGGACGCTCGATGTTG-1,0.010859,0.521088,0.367168,0.100885
AGGACTTATAGGAGAA-1,0.176228,0.246191,0.180358,0.397222
AGGAGACATCCACAGT-1,0.008642,0.000211,0.000778,0.990369
