Barcode,Topic 1,Topic 2,Topic 3to6,Topic 7to8,Topic 9to11
AAACAAGTATCTCCCA-1,0.161288,0.000037,0.541972,0.292519,0.004184
AAACACCAATAACTGC-1,0.000015,0.000015,0.049001,0.176741,0.774228
AAACAGAGCGACTCCT-1,0.141114,0.070127,0.283777,0.005684,0.499299
AAACAGCTTTCAGAAG-1,0.004386,0.000016,0.385961,0.182403,0.427235
AAACAGGGTCTATATT-1,0.083506,0.000034,0.736004,0.146468,0.033987
AAACAGTGTTCCTGGG-1,0.000244,0.00002,0.194859,0.503442,0.301436
AAACATGGTGAGAGGA-1,0.000995,0.000024,0.528043,0.20821,0.262727
AAACATTTCCCGGATT-1,0.044992,0.000038,0.834246,0.101867,0.018856
AAACCCGAACGAAATC-1,0.156107,0.000042,0.73854,0.105183,0.000127
AAACCGGAAATGTTAA-1,0.243282,0.000106,0.75608,0.000213,0.000319
AAACCGGGTAGGTACC-1,0.000034,0.000034,0.362148,0.000068,0.637715
AAACCGTTCGTCCAGG-1,0.000035,0.000035,0.115405,0.146675,0.737849
AAACCTAAGCAGCCGG-1,0.007352,0.004822,0.393273,0.39309,0.201464
AAACCTCATGAAGTTG-1,0.000033,0.000033,0.29634,0.04299,0.660603
AAACGAAGATGGAGTA-1,0.035492,0.000028,0.562097,0.319514,0.082869
AAACGAGACGGTTGAT-1,0.000053,0.000053,0.815992,0.011921,0.171981
AAACGCTGGGCACGAC-1,0.999603,0.00004,0.000159,0.000079,0.000119
AAACGGGCGTACGGGT-1,0.000038,0.000038,0.669814,0.184678,0.145433
AAACGGGTTGGTATCC-1,0.299991,0.050253,0.00034,0.064041,0.585376
AAACGGTTGCGAACTG-1,0.052124,0.00008,0.786623,0.000161,0.161012
AAACGTGTTCGCCCTA-1,0.000054,0.000054,0.931947,0.000108,0.067836
AAACTAACGTGGCGAC-1,0.159529,0.0125,0.704282,0.000216,0.123473
AAACTCGGTTCGCAAT-1,0.000028,0.000028,0.684819,0.158006,0.157118
AAACTCGTGATATAAG-1,0.09964,0.000057,0.829923,0.011864,0.058516
AAACTGCTGGCTCCAA-1,0.024758,0.000052,0.758932,0.120798,0.09546
AAACTTAATTGCACGC-1,0.015903,0.000018,0.318611,0.443148,0.222319
AAACTTGCAAACGTAT-1,0.000048,0.000048,0.736742,0.007357,0.255805
AAAGAATGACCTTAGA-1,0.066337,0.000023,0.41444,0.375804,0.143396
AAAGAATGTGGACTAA-1,0.155147,0.000036,0.275556,0.567164,0.002096
AAAGACTGGGCGCTTT-1,0.000024,0.000024,0.54748,0.000049,0.452422
AAAGCTTGCCTACATA-1,0.026239,0.00003,0.589478,0.16573,0.218522
AAAGGCCCTATAATAC-1,0.067984,0.000021,0.523416,0.19184,0.21674
AAAGGCTACGGACCAT-1,0.536176,0.000118,0.000472,0.118071,0.345163
AAAGGCTCTCGCGCCG-1,0.178529,0.021798,0.449394,0.34947,0.000809
AAAGGGATGTAGCAAG-1,0.109162,0.030529,0.200808,0.00029,0.659212
AAAGGGCAGCTTGAAT-1,0.000029,0.002749,0.005779,0.000542,0.990901
AAAGGTAAGCTGTACC-1,0.010002,0.002376,0.349884,0.210352,0.427386
AAAGTAGCATTGCTCA-1,0.000052,0.000052,0.756497,0.042672,0.200726
AAAGTCGACCCTCAGT-1,0.000027,0.000027,0.267419,0.137857,0.59467
AAAGTGCCATCAATTA-1,0.95452,0.000072,0.045047,0.000145,0.000217
AAAGTGTGATTTATCT-1,0.041665,0.00006,0.876331,0.081763,0.000181
AAAGTTGACTCCCGTA-1,0.043035,0.000021,0.084109,0.487142,0.385693
AAATAACCATACGGGA-1,0.030821,0.000114,0.882507,0.000229,0.086328
AAATAAGGTAGTGCCC-1,0.026276,0.003461,0.596451,0.186079,0.187733
AAATACCTATAAGCAT-1,0.00004,0.00004,0.620972,0.120583,0.258365
AAATAGCTTAGACTTT-1,0.034985,0.000046,0.937658,0.027173,0.000138
AAATAGGGTGCTATTG-1,0.000013,0.000013,0.000276,0.227857,0.77184
AAATCCGATACACGCC-1,0.008801,0.000035,0.763864,0.115597,0.111704
AAATCGCGGAAGGAGT-1,0.012536,0.000011,0.089582,0.431897,0.465975
AAATCGTGTACCACAA-1,0.107152,0.000094,0.304441,0.284991,0.303322
AAATCTAGCCCTGCTA-1,0.226193,0.000027,0.317314,0.192227,0.264239
AAATCTGCCCGCGTCC-1,0.012438,0.000011,0.205722,0.546368,0.235461
AAATGACTGATCAAAC-1,0.058719,0.00006,0.900807,0.008739,0.031673
AAATGATTCGATCAGC-1,0.042282,0.000048,0.615109,0.234488,0.108073
AAATGCTCGTTACGTT-1,0.000058,0.000058,0.387501,0.000116,0.612266
AAATGGCATGTCTTGT-1,0.111489,0.000315,0.531487,0.18554,0.17117
AAATGGCCCGTGCCCT-1,0.000034,0.000034,0.470169,0.133864,0.395898
AAATGGTCAATGTGCC-1,0.072362,0.047292,0.632667,0.007981,0.239697
AAATGTATCTTATCCC-1,0.026413,0.000015,0.539739,0.200903,0.23293
AAATTAACGGGTAGCT-1,0.195573,0.01144,0.748442,0.00037,0.044176
AAATTAATAAGCGCGA-1,0.000017,0.00663,0.556804,0.065565,0.370985
AAATTACACGACTCTG-1,0.070804,0.000095,0.658851,0.000189,0.270061
AAATTACCTATCGATG-1,0.000031,0.000031,0.452559,0.082785,0.464593
AAATTCCAGGTCCAAA-1,0.042249,0.000037,0.767738,0.168729,0.021248
AAATTGATAGTCCTTT-1,0.000036,0.000036,0.162209,0.193392,0.644326
AAATTGCGGCGGTTCT-1,0.788122,0.000471,0.001884,0.000942,0.20858
AAATTGGTGAGAAGCA-1,0.092002,0.000057,0.406957,0.408636,0.092349
AAATTTGCGGGTGTGG-1,0.000029,0.000029,0.13027,0.095608,0.774064
AACAACTGGTAGTTGC-1,0.00005,0.005814,0.273022,0.000101,0.721013
AACAATACATTGTCGA-1,0.000026,0.000026,0.602666,0.123504,0.273777
AACAATTACTCTACGC-1,0.000058,0.000058,0.717251,0.000117,0.282515
AACACACGCTCGCCGC-1,0.086397,0.000036,0.463443,0.345821,0.104302
AACACGAGACGCGGCC-1,0.000035,0.000035,0.605274,0.001012,0.393644
AACAGCTGTGTGGCAA-1,0.005517,0.00003,0.636927,0.137999,0.219527
AACAGGAAATCGAATA-1,0.127746,0.000068,0.034161,0.022815,0.815211
AACAGGATGGGCCGCG-1,0.230312,0.000068,0.181286,0.000136,0.588198
AACAGGTAGTATGGAT-1,0.520629,0.000063,0.377076,0.102041,0.00019
AACATAGCGTGTATCG-1,0.000021,0.000021,0.699084,0.225364,0.07551
AACATATCAACTGGTG-1,0.119532,0.000025,0.159241,0.407431,0.313772
AACATCGATACGTCTA-1,0.000059,0.000059,0.833305,0.030631,0.135946
AACATTGAAGTTGATC-1,0.000022,0.000022,0.239487,0.259899,0.500571
AACATTGGTCAGCCGT-1,0.626151,0.058131,0.001378,0.131908,0.182433
AACATTGTGACTCGAG-1,0.059208,0.000034,0.236134,0.286315,0.418309
AACCAAGACTTCTCTG-1,0.049842,0.000052,0.448731,0.009511,0.491864
AACCAGTATCACTCTT-1,0.075116,0.000053,0.09885,0.061702,0.764279
AACCATAGGGTTGAAC-1,0.000008,0.000008,0.021576,0.391019,0.587388
AACCATGGGATCGCTA-1,0.016289,0.018373,0.964741,0.000239,0.000358
AACCCAGAGACGGAGA-1,0.357757,0.000258,0.001033,0.059234,0.581717
AACCCATCCCATGATC-1,0.048521,0.000045,0.427773,0.317997,0.205664
AACCCGACAACCCGTG-1,0.005108,0.000037,0.363512,0.287648,0.343694
AACCCGAGCAGAATCG-1,0.232247,0.000049,0.76746,0.000098,0.000146
AACCCGATAGGGCTTC-1,0.258594,0.029667,0.533906,0.158316,0.019517
AACCCGCTGTATTCCA-1,0.066098,0.000032,0.778349,0.155426,0.000095
AACCCTACTGTCAATA-1,0.007353,0.000022,0.098887,0.27212,0.621619
AACCGAGCTTGGTCAT-1,0.000054,0.000054,0.588947,0.040086,0.37086
AACCGCTAAGGGATGC-1,0.037661,0.000046,0.884603,0.077551,0.000139
AACCGTTGTGTTTGCT-1,0.082943,0.000112,0.016868,0.000224,0.899854
AACCTCGCTTTAGCCC-1,0.000036,0.000036,0.864244,0.076972,0.058711
AACCTGTCACGGAATT-1,0.059328,0.000036,0.401809,0.379038,0.159789
AACCTTTAAATACGGT-1,0.000047,0.000047,0.480273,0.077137,0.442498
AACCTTTACGACGTCT-1,0.00002,0.003226,0.000444,0.139659,0.85665
AACGAAAGTCGTCCCA-1,0.072698,0.00002,0.610673,0.211627,0.104982
AACGACCTCCTAGCCG-1,0.844783,0.000028,0.155048,0.000056,0.000085
AACGATAATGCCGTAG-1,0.000046,0.000046,0.322051,0.362544,0.315313
AACGATAGAAGGGCCG-1,0.360182,0.000322,0.170405,0.26931,0.199781
AACGATATGTCAACTG-1,0.000037,0.000037,0.5754,0.015465,0.409062
AACGCATGATCTGGGT-1,0.015791,0.000064,0.843242,0.122213,0.01869
AACGCGAACGGCAACA-1,0.337938,0.000306,0.089056,0.253208,0.319491
AACGCGACCTTGGGCG-1,0.117767,0.000058,0.257946,0.25381,0.370419
AACGCGGTCTCCAGCC-1,0.061129,0.012927,0.59302,0.000274,0.332651
AACGCTGTTGCTGAAA-1,0.094019,0.000034,0.331265,0.280343,0.29434
AACGGACGTACGTATA-1,0.000019,0.000019,0.121811,0.166584,0.711567
AACGGCCATCTCCGGT-1,0.000033,0.000033,0.278546,0.042219,0.679169
AACGTACTGTGGGTAC-1,0.000059,0.000059,0.628491,0.000117,0.371275
AACGTCAGACTAGTGG-1,0.000078,0.000078,0.581733,0.000156,0.417955
AACGTCATCCGGCTTG-1,0.049393,0.000032,0.266776,0.268513,0.415286
AACGTCGCTGCACTTC-1,0.281242,0.000083,0.293151,0.425277,0.000248
AACGTGCGAAAGTCTC-1,0.000055,0.000055,0.760321,0.053329,0.186241
AACGTTATCAGCACCT-1,0.000015,0.000015,0.166359,0.011259,0.822352
AACGTTCTACCATTGT-1,0.999452,0.000055,0.000219,0.00011,0.000165
AACTACCCGTTTGTCA-1,0.489148,0.000051,0.45539,0.055258,0.000153
AACTAGGCTTGGGTGT-1,0.000116,0.000116,0.903683,0.039065,0.05702
AACTCAAGTTAATTGC-1,0.045502,0.000044,0.584133,0.000087,0.370233
AACTCCAGAGCGTGTT-1,0.018045,0.000028,0.359698,0.127108,0.495121
AACTCCTAATCCCATG-1,0.138881,0.00012,0.652163,0.001823,0.207012
AACTCGATAAACACGT-1,0.586345,0.000368,0.001472,0.050418,0.361397
AACTCGATGGCGCAGT-1,0.11629,0.253739,0.352285,0.000699,0.276987
AACTCTCAATAGAGCG-1,0.000053,0.002494,0.947393,0.001827,0.048233
AACTCTCAGTGTGCTC-1,0.000075,0.000075,0.55934,0.072035,0.368476
AACTGAGGTCAGCGTC-1,0.097685,0.000125,0.631014,0.049594,0.221583
AACTGAGTTATACTGA-1,0.369931,0.00006,0.021135,0.572274,0.0366
AACTGATATTAGGCCT-1,0.289863,0.000226,0.298955,0.066242,0.344714
AACTGGGTCCCGACGT-1,0.145988,0.00018,0.221881,0.095642,0.536309
AACTTCTGCGTCTATC-1,0.000045,0.000045,0.373364,0.00009,0.626456
AACTTGCCCGTATGCA-1,0.000039,0.000039,0.253955,0.000079,0.745887
AACTTGCGTTCTCGCG-1,0.000033,0.000033,0.01907,0.106686,0.874178
AACTTTACGGGAGCTT-1,0.003263,0.000012,0.241976,0.132757,0.621993
AACTTTCTCGATCATG-1,0.019832,0.000028,0.644884,0.013514,0.321742
AAGAAATCACCAGATT-1,0.010976,0.000036,0.791598,0.005688,0.191702
AAGAAGGATCAGTTAG-1,0.083111,0.000053,0.915946,0.000106,0.000784
AAGACATACGTGGTTT-1,0.523147,0.000055,0.476525,0.000109,0.000164
AAGACCAAATAACTCA-1,0.041268,0.000019,0.649631,0.282291,0.026792
AAGACCCAACTGAACA-1,0.071872,0.000034,0.146744,0.18609,0.59526
AAGACTAACCCGTTGT-1,0.371204,0.000548,0.002191,0.001095,0.624962
AAGACTGCAAGCTACT-1,0.048905,0.000106,0.487607,0.128996,0.334386
AAGAGATGAATCGGTA-1,0.002037,0.000046,0.443255,0.000093,0.554569
AAGAGCTCTTTATCGG-1,0.000031,0.000031,0.121676,0.171136,0.707126
AAGAGGATGTACGCGA-1,0.09817,0.03159,0.006335,0.145927,0.717978
AAGAGGCATGGATCGC-1,0.000036,0.000036,0.454715,0.147538,0.397675
AAGAGGCCCTTTGGAA-1,0.083405,0.000042,0.916341,0.000085,0.000127
AAGATGGCACCGGACC-1,0.000043,0.000043,0.531188,0.011786,0.45694
AAGATTGGCGGAACGT-1,0.000051,0.000051,0.992485,0.000102,0.007312
AAGCACCCTGCGTATC-1,0.267932,0.000091,0.435838,0.149583,0.146556
AAGCATACTCTCCTGA-1,0.000034,0.000034,0.395163,0.317553,0.287215
AAGCCACTTGCAGGTA-1,0.000029,0.000029,0.40598,0.570022,0.023939
AAGCCGAAGCGGTTTA-1,0.075459,0.000054,0.924214,0.000109,0.000163
AAGCCGCCGTGAAATC-1,0.000016,0.000016,0.18701,0.25744,0.555519
AAGCCGCTTTACCTTG-1,0.000031,0.000031,0.542166,0.098631,0.359142
AAGCCGGAGAGCAGGA-1,0.999495,0.000051,0.000202,0.000101,0.000152
AAGCGCAGGGCTTTGA-1,0.000031,0.000031,0.512381,0.333917,0.15364
AAGCGGAGTGCGCGCA-1,0.000045,0.000045,0.925235,0.000091,0.074584
AAGCGGCGTCATGGGT-1,0.238599,0.00007,0.1059,0.266394,0.389036
AAGCGTCCCTCATCGA-1,0.00004,0.00004,0.055261,0.161367,0.783292
AAGCTAGATCGAGTAA-1,0.000069,0.000069,0.991149,0.000137,0.008576
AAGCTCGTGCCAAGTC-1,0.000029,0.000029,0.211974,0.036672,0.751295
AAGCTCTTTCATGGTG-1,0.000054,0.000054,0.585006,0.368292,0.046593
AAGGAGCGGTTGGTGC-1,0.000134,0.032182,0.907705,0.000267,0.059712
AAGGATCGATCGCTTG-1,0.110051,0.000045,0.879363,0.010405,0.000135
AAGGATGAGGGACCTC-1,0.000038,0.000038,0.681959,0.085713,0.232251
AAGGCAGGCTGTCTCC-1,0.119164,0.000058,0.778497,0.101118,0.001163
AAGGCGCGTAAAGCTT-1,0.000051,0.000051,0.246609,0.085461,0.667827
AAGGCTGTGCTCATCG-1,0.000114,0.000114,0.774023,0.000227,0.225523
AAGGGAACGACTGGCT-1,0.018552,0.000022,0.398894,0.214645,0.367887
AAGGGACAGATTCTGT-1,0.000033,0.000033,0.488595,0.040782,0.470555
AAGGGACTATGCATTC-1,0.000027,0.000027,0.668015,0.091495,0.240436
AAGGGTTAGCCATGCG-1,0.999524,0.000048,0.00019,0.000095,0.000143
AAGGGTTTGATTTCAG-1,0.062565,0.002296,0.100021,0.714839,0.120279
AAGGTATCCTAATATA-1,0.000037,0.000037,0.349953,0.057962,0.592012
AAGGTGATAAACCAGC-1,0.009963,0.000029,0.452978,0.180659,0.356371
AAGTAGAAGACCGGGT-1,0.199002,0.000277,0.398132,0.152628,0.249961
AAGTAGTGACGCGAGG-1,0.000021,0.000021,0.000085,0.000043,0.999829
AAGTCAATTGTCGTCA-1,0.029791,0.000041,0.538849,0.215884,0.215436
AAGTCTAGTAGCTGCC-1,0.005702,0.000044,0.808096,0.083037,0.10312
AAGTCTTCTGTGGCCT-1,0.039685,0.000047,0.708729,0.18571,0.065829
AAGTGACGACCGAATT-1,0.000046,0.000046,0.576171,0.000091,0.423647
AAGTGAGTCGGGTTTA-1,0.018842,0.000092,0.980604,0.000185,0.000277
AAGTGCAAAGGTAGAC-1,0.000012,0.020207,0.243959,0.059948,0.675874
AAGTGCCTTGACTGTA-1,0.199965,0.000064,0.772049,0.027728,0.000193
AAGTGCGTTAGAATCT-1,0.088268,0.000078,0.615644,0.011592,0.284418
AAGTGCTTCTCTATTG-1,0.000026,0.000026,0.173592,0.450765,0.375591
AAGTGTTTGGAGACGG-1,0.012459,0.000052,0.895988,0.000104,0.091397
AAGTTCACTCCAAGCT-1,0.000035,0.000035,0.631941,0.185852,0.182138
AAGTTCAGTCTGCGTA-1,0.000029,0.000029,0.170999,0.058377,0.770566
AAGTTCGGCCAACAGG-1,0.000054,0.000054,0.443323,0.0026,0.553969
AAGTTGTGATGTTATA-1,0.081166,0.00006,0.745714,0.165607,0.007454
AAGTTTATGGGCCCAA-1,0.000025,0.000025,0.552382,0.279119,0.168449
AATAACAACGCTCGGC-1,0.000031,0.000031,0.279243,0.000062,0.720633
AATAACACTAGAACAA-1,0.02108,0.000057,0.37818,0.139797,0.460885
AATAACGTCGCGCCCA-1,0.423363,0.000037,0.175578,0.257427,0.143595
AATAATCTTCGTATCG-1,0.446156,0.000066,0.471378,0.0822,0.000199
AATACAATGTTTCAGG-1,0.000038,0.000038,0.272721,0.000077,0.727125
AATACCGGAGGGCTGT-1,0.000022,0.000022,0.198058,0.280839,0.521058
AATACCTGATGTGAAC-1,0.063569,0.00708,0.125948,0.765032,0.038371
AATAGAACAGAGTGGC-1,0.00007,0.242349,0.684287,0.001719,0.071575
AATAGAATCTGTTTCA-1,0.00201,0.000022,0.273887,0.407643,0.316438
AATAGCAAGCCTCCTG-1,0.178553,0.000106,0.69801,0.048698,0.074632
AATAGCTACCGCGTGC-1,0.041603,0.000065,0.770809,0.16518,0.022344
AATAGGCACGACCCTT-1,0.010161,0.000019,0.358949,0.284483,0.346389
AATAGTCCGTCCCGAC-1,0.055301,0.000146,0.681549,0.146203,0.1168
AATAGTCGCGAGTCGG-1,0.000011,0.000011,0.23226,0.062798,0.70492
AATATCAAGGTCGGAT-1,0.057005,0.000088,0.179946,0.013469,0.749492
AATATCCTAGCAAACT-1,0.077337,0.000037,0.502591,0.225843,0.194194
AATATCGAATCAATGC-1,0.177755,0.000046,0.721735,0.098661,0.001803
AATATCGAGGGTTCTC-1,0.024628,0.000044,0.621906,0.086726,0.266696
AATATTGGAGTATTGA-1,0.000062,0.000062,0.424631,0.000123,0.575123
AATCAGACTGCAGGAC-1,0.633517,0.000554,0.045113,0.091727,0.229089
AATCAGGTTTCATTTA-1,0.000029,0.000029,0.000116,0.616989,0.382837
AATCATGTAAAGACTC-1,0.108907,0.000051,0.779151,0.111736,0.000154
AATCCAAGGGCCTGAG-1,0.051725,0.000136,0.196365,0.000272,0.751501
AATCCATGCAAGGGTG-1,0.169827,0.000354,0.30107,0.393671,0.135078
AATCCCGCTCAGAGCC-1,0.066329,0.000016,0.230137,0.30124,0.402279
AATCGAGGTCTCAAGG-1,0.056743,0.00003,0.307582,0.519219,0.116426
AATCGCCTCAGCGCCA-1,0.000066,0.000066,0.907787,0.011305,0.080775
AATCGCGCAGAGGACT-1,0.102827,0.00005,0.786091,0.102061,0.008972
AATCGGTATAGCCCTC-1,0.042898,0.000039,0.240456,0.473739,0.242869
AATCGTGAGCCGAGCA-1,0.000012,0.000012,0.078321,0.015977,0.905678
AATCTAGGTTTACTTG-1,0.000029,0.000029,0.207714,0.319865,0.472364
AATCTATGCCGGAGCC-1,0.271087,0.000044,0.545855,0.169529,0.013485
AATCTCTACTGTGGTT-1,0.002721,0.000025,0.613316,0.11578,0.268158
AATCTGCGTTGGGACG-1,0.006145,0.000036,0.626812,0.000071,0.366936
AATCTGGCTTTCTAGT-1,0.027049,0.000036,0.392232,0.224764,0.355918
AATGACAGCAATGTCT-1,0.00006,0.00006,0.609067,0.010939,0.379874
AATGACGTAGGATGTC-1,0.00004,0.00004,0.495358,0.133256,0.371307
AATGACTGTCAGCCGG-1,0.058412,0.000146,0.940712,0.000292,0.000438
AATGAGTTCGCATATG-1,0.000046,0.000046,0.304559,0.009234,0.686115
AATGATGATACGCTAT-1,0.026482,0.000036,0.474724,0.010288,0.48847
AATGATGCGACTCCTG-1,0.071977,0.000056,0.713001,0.185596,0.02937
AATGCAACCGGGTACC-1,0.293541,0.054627,0.00094,0.140507,0.510385
AATGCACCAAGCAATG-1,0.000056,0.000056,0.856979,0.000112,0.142796
AATGGCCGCCAATGCG-1,0.063365,0.000053,0.095851,0.100959,0.739771
AATGGTCCACCGTTCA-1,0.000016,0.000016,0.036869,0.000968,0.962132
AATGGTTCTCACAAGC-1,0.000075,0.000075,0.614589,0.000149,0.385113
AATGTATGGCACTGTA-1,0.000009,0.000009,0.000688,0.475396,0.523897
AATGTGCCCGAGGTGT-1,0.000047,0.000047,0.700599,0.00313,0.296177
AATGTGCTAATCTGAG-1,0.023407,0.000028,0.374226,0.451927,0.150412
AATGTTAAGACCCTGA-1,0.044735,0.000028,0.625448,0.306321,0.023467
AATGTTGTCGTGAGAC-1,0.08203,0.000048,0.718927,0.156982,0.042013
AATTAAAGGTCGGCGT-1,0.015574,0.000117,0.636879,0.000233,0.347198
AATTAACGGATTTCCA-1,0.000535,0.000058,0.435254,0.302294,0.26186
AATTACGAGACCCATC-1,0.094082,0.000013,0.113035,0.387156,0.405715
AATTACTCGTACGCTC-1,0.000061,0.000061,0.802264,0.000123,0.19749
AATTAGCGCTGCAGCG-1,0.00005,0.00005,0.475418,0.280741,0.243741
AATTATACCCAGCAAG-1,0.031068,0.000023,0.506943,0.418895,0.043072
AATTCATAAGGGATCT-1,0.000057,0.000057,0.761996,0.111542,0.126348
AATTCATTGTCATGCA-1,0.060402,0.000013,0.191458,0.281978,0.466149
AATTCCAACTTGGTGA-1,0.509851,0.007853,0.019661,0.22116,0.241475
AATTCCAAGCATGTAC-1,0.16459,0.000118,0.834703,0.000236,0.000354
AATTCGATTCGAGGAT-1,0.127701,0.000021,0.493943,0.375983,0.002352
AATTCTAGAGTTAGGC-1,0.035628,0.00009,0.513161,0.029299,0.421822
AATTGAACGCTCTGGT-1,0.000021,0.013112,0.491949,0.058125,0.436792
AATTGCAGCAATCGAC-1,0.258735,0.036881,0.43455,0.141827,0.128007
AATTGCGTGGATTACA-1,0.000041,0.000041,0.590802,0.408995,0.000122
AATTGTGGTTGCCAAA-1,0.691178,0.000041,0.308576,0.000082,0.000123
AATTTGGGACATAGTA-1,0.000145,0.000145,0.7728,0.00029,0.22662
ACAAACCATGCGTCCT-1,0.024365,0.000017,0.472719,0.32268,0.180218
ACAAACTCCATCAGAG-1,0.014729,0.000014,0.003397,0.680731,0.301129
ACAAAGAAGGTAGGCC-1,0.00211,0.000025,0.388647,0.359639,0.24958
ACAAAGCATGACCTAG-1,0.011956,0.018844,0.82969,0.110862,0.028649
ACAAATCGCACCGAAT-1,0.014381,0.000026,0.718276,0.139684,0.127632
ACAAATGGTAGTGTTT-1,0.025923,0.000016,0.087541,0.246292,0.640228
ACAAATTCAGATCTGA-1,0.079644,0.00004,0.089209,0.267564,0.563543
ACAACAGCATGAGCTA-1,0.00003,0.00003,0.299475,0.028444,0.672021
ACAACGGTCCCTGCGA-1,0.000043,0.000043,0.265861,0.000087,0.733965
ACAAGCAGTGCCTAGC-1,0.00005,0.048915,0.561727,0.0001,0.389209
ACAAGCTATATGGAAG-1,0.000025,0.000025,0.27132,0.264392,0.464238
ACAAGGAAATCCGCCC-1,0.000047,0.000047,0.4863,0.089307,0.424299
ACAAGGACAAGAGGTT-1,0.000032,0.000032,0.074223,0.001303,0.924411
ACAAGGATGCTTTAGG-1,0.000021,0.000021,0.212288,0.321237,0.466433
ACAAGGGCAGGCTCTG-1,0.000026,0.000026,0.192978,0.098062,0.708908
ACAATAGTCGTACGTT-1,0.000068,0.000068,0.662891,0.004687,0.332286
ACAATCCATTTAAACC-1,0.000038,0.000038,0.441899,0.000076,0.557949
ACAATGAATACGGAGA-1,0.00003,0.00003,0.671432,0.080766,0.247741
ACAATGATTCTTCTAC-1,0.059871,0.000074,0.491816,0.403208,0.045031
ACAATTGTGTCTCTTT-1,0.033219,0.000021,0.117401,0.374004,0.475354
ACAATTTAGGAGGCTC-1,0.000012,0.000012,0.192195,0.224003,0.583778
ACAATTTGAGCAGTGG-1,0.000072,0.000072,0.968462,0.021653,0.009741
ACAATTTGGCCATATT-1,0.167312,0.000074,0.770329,0.062064,0.000221
ACACAAAGACGGGTGG-1,0.131481,0.000154,0.179481,0.066708,0.622176
ACACAAATATTCCTAG-1,0.000055,0.000034,0.631855,0.06005,0.308006
ACACACCAGGACCAGT-1,0.058712,0.000043,0.614896,0.054845,0.271503
ACACACTTTCTACACG-1,0.305426,0.000265,0.169952,0.212675,0.311682
ACACATGATCAAATCT-1,0.001096,0.001379,0.298744,0.403896,0.294885
ACACATTGACGCAACA-1,0.083676,0.000084,0.799247,0.000168,0.116826
ACACATTTCCGTAGAC-1,0.000014,0.000014,0.002662,0.269772,0.727539
ACACCACATAATTAGC-1,0.047981,0.000025,0.275683,0.467362,0.208948
ACACCCAGCATGCAGC-1,0.04411,0.000124,0.224067,0.000248,0.73145
ACACCCGAGAAATCCG-1,0.328731,0.075255,0.223708,0.000227,0.372078
ACACCGAGCGCTCTTT-1,0.000016,0.000016,0.014793,0.040446,0.944729
ACACCGGTCTGACCGC-1,0.014534,0.001539,0.308568,0.409174,0.266185
ACACCTTAAGTAGGGC-1,0.000138,0.000138,0.793675,0.000277,0.205771
ACACCTTACTACTTGC-1,0.346124,0.000056,0.437473,0.216179,0.000168
ACACGAGACTCCTTCT-1,0.009975,0.000057,0.644757,0.01965,0.325561
ACACGGGAACTTAGGG-1,0.000037,0.000037,0.259778,0.086154,0.653993
ACACGTAGGCCACAAG-1,0.234768,0.000054,0.76491,0.000108,0.000161
ACACTCCAATGTCACT-1,0.066702,0.000093,0.173363,0.000186,0.759656
ACACTGATCAAGGTGT-1,0.000117,0.000117,0.828506,0.000234,0.171026
ACACTGGGACAGTCGT-1,0.591551,0.000066,0.40805,0.000133,0.000199
ACAGAACTGAGAACAA-1,0.000032,0.000032,0.504543,0.043015,0.452377
ACAGCGACATTCTCAT-1,0.284649,0.000053,0.577206,0.133927,0.004165
ACAGCGCACCCGCAGC-1,0.11704,0.000066,0.057158,0.000131,0.825605
ACAGGAGGCGCAGCCG-1,0.426815,0.000106,0.000425,0.207427,0.365227
ACAGGCACGGATCCTT-1,0.047948,0.008619,0.454243,0.375422,0.113767
ACAGGCTTGCCCGACT-1,0.001458,0.000022,0.335674,0.243193,0.419653
ACAGGTGGAGGTGAGG-1,0.000043,0.000043,0.222606,0.06069,0.716619
ACAGGTGTGTTGTTGC-1,0.000042,0.000042,0.27596,0.574131,0.149825
ACAGTAATACAACTTG-1,0.012403,0.011339,0.369111,0.166633,0.440514
ACAGTATACCGTGGGA-1,0.000018,0.000018,0.044601,0.019238,0.936125
ACATAAGTCGTGGTGA-1,0.004035,0.002013,0.03121,0.49516,0.467583
ACATAATAAGGCGGTG-1,0.284453,0.000325,0.373305,0.054072,0.287846
ACATACAATCAAGCGG-1,0.019453,0.000045,0.678274,0.24926,0.052968
ACATCAGCTGGGACGC-1,0.000027,0.000027,0.540699,0.109013,0.350234
ACATCCCGGCCATACG-1,0.087112,0.000233,0.823968,0.000466,0.08822
ACATCCTGGTAACTGT-1,0.146097,0.00007,0.72035,0.123908,0.009575
ACATCGATCGTTTACC-1,0.05634,0.000132,0.842378,0.000264,0.100886
ACATCGGTCAGCCGCG-1,0.000037,0.000037,0.11717,0.001631,0.881124
ACATCGTATGCAATGG-1,0.000032,0.000032,0.790984,0.081391,0.127562
ACATGCTTACGGCAGC-1,0.000021,0.000021,0.324898,0.522866,0.152194
ACATGGCGCCAAAGTA-1,0.12628,0.000039,0.572399,0.221244,0.080037
ACATGGCTCAATTTAG-1,0.084211,0.000227,0.632455,0.000453,0.282654
ACATTAGTTTATATCC-1,0.000113,0.000113,0.975979,0.000225,0.02357
ACATTCGCGCGGAATA-1,0.000049,0.000049,0.456087,0.54367,0.000146
ACATTTGAAACCTAAC-1,0.047852,0.000047,0.615664,0.336297,0.000141
ACCAAACACCCAGCGA-1,0.127127,0.00004,0.455917,0.33327,0.083646
ACCAACACCACACACT-1,0.000048,0.000048,0.596066,0.194322,0.209516
ACCAACCGCACTCCAC-1,0.002621,0.000022,0.463648,0.447917,0.085791
ACCAACGCTTATTTAT-1,0.079122,0.000116,0.782579,0.000233,0.137949
ACCAAGAACGCGTGTC-1,0.541244,0.000448,0.131795,0.325169,0.001344
ACCAAGTCATCGGCAG-1,0.051088,0.000024,0.38529,0.33623,0.227367
ACCAATATGCAAGTTA-1,0.000051,0.000051,0.291343,0.296392,0.412162
ACCACAAGTTTCTATC-1,0.105283,0.000073,0.105334,0.007626,0.781683
ACCACACGGTTGATGG-1,0.02384,0.074891,0.526261,0.37487,0.000138
ACCACCAATGTAACAA-1,0.414055,0.000038,0.411562,0.144001,0.030345
ACCACCCTCTCTTCTA-1,0.058683,0.000041,0.59191,0.199416,0.149951
ACCACGTGCAGCTATA-1,0.00003,0.00003,0.361411,0.061264,0.577266
ACCACTGTTCAAGAAG-1,0.005633,0.000053,0.662714,0.074292,0.257308
ACCAGACCATAACAAC-1,0.056812,0.000027,0.531165,0.042742,0.369255
ACCAGTGCCCGGTCAA-1,0.178191,0.054144,0.242299,0.204585,0.32078
ACCAGTGCGGGAGACG-1,0.000043,0.000043,0.853339,0.002003,0.144574
ACCATATCCGCAATAA-1,0.075754,0.000058,0.178702,0.155976,0.589511
ACCATCCGCCAACTAG-1,0.022147,0.000026,0.596563,0.142884,0.23838
ACCATCGTATATGGTA-1,0.000071,0.000071,0.554236,0.000143,0.445478
ACCATTAAGGGTGTCA-1,0.000015,0.000015,0.173295,0.027435,0.79924
ACCCAACGCCCGTGGC-1,0.00003,0.01166,0.375614,0.175205,0.437491
ACCCACCTACATGCTC-1,0.007194,0.000035,0.225473,0.032589,0.73471
ACCCATCTTGAGGGTA-1,0.000054,0.000054,0.651384,0.000108,0.3484
ACCCATTTGTCCCTCT-1,0.270347,0.00004,0.466329,0.262894,0.000391
ACCCGAGCGAAATTAC-1,0.00003,0.00003,0.6007,0.197833,0.201407
ACCCGATTGGTTCCGA-1,0.000027,0.000027,0.217662,0.42962,0.352663
ACCCGGAAACTCCCAG-1,0.000055,0.000055,0.355103,0.266517,0.378269
ACCCGGAGCACCACAA-1,0.395062,0.000024,0.000096,0.365959,0.23886
ACCCGGATGACGCATC-1,0.003385,0.00004,0.536466,0.175675,0.284434
ACCCGGTTACACTTCC-1,0.038987,0.0001,0.892407,0.000201,0.068305
ACCCGTAGCAGAGAAT-1,0.12016,0.000133,0.007634,0.580204,0.291869
ACCCGTAGTCTAGTTG-1,0.828977,0.000041,0.170778,0.000082,0.000123
ACCCGTGTCATCAGTA-1,0.098146,0.000078,0.277383,0.118717,0.505677
ACCCTATAGGACTGAG-1,0.000094,0.000094,0.99514,0.000188,0.004484
ACCCTATGCCATATCG-1,0.000068,0.000068,0.402047,0.003931,0.593886
ACCCTCCCGTCAGGGC-1,0.05797,0.000026,0.431485,0.448893,0.061627
ACCCTCCCTTGCTATT-1,0.000032,0.000032,0.387058,0.23513,0.377748
ACCCTGGTAACGCCCT-1,0.106315,0.000059,0.605323,0.2047,0.083603
ACCCTTCATCTGCGAA-1,0.140349,0.000184,0.316823,0.206611,0.336033
ACCCTTGCCTGGGTCG-1,0.000049,0.000049,0.736203,0.078799,0.1849
ACCGAAGAGTCTGGTT-1,0.015802,0.00003,0.685778,0.214261,0.084129
ACCGACACATCTCCCA-1,0.000052,0.000052,0.99858,0.000124,0.001193
ACCGACTGAGTCCCAC-1,0.000086,0.000086,0.872683,0.000171,0.126974
ACCGAGTCTCCTTATT-1,0.061034,0.000044,0.457446,0.479323,0.002153
ACCGATAGGCATAACC-1,0.400909,0.000045,0.598824,0.000089,0.000134
ACCGATATTTAATCAT-1,0.759501,0.00007,0.162212,0.047379,0.030838
ACCGATGGTAGCATCG-1,0.006199,0.000032,0.777991,0.013302,0.202477
ACCGCAATAACTGCCT-1,0.029287,0.000038,0.673388,0.105315,0.191973
ACCGCGGTGGAAGTCG-1,0.112038,0.000061,0.884912,0.002808,0.000182
ACCGCTAGTCATTGGT-1,0.00003,0.00003,0.303728,0.625098,0.071115
ACCGGGCCTTTGTTGA-1,0.061608,0.000062,0.850628,0.074257,0.013444
ACCGGTCAGGTACACC-1,0.000014,0.002593,0.216941,0.473023,0.307429
ACCGTCCACTGGGCCC-1,0.142325,0.000016,0.121506,0.729159,0.006994
ACCGTGACCACGTGGG-1,0.030736,0.000019,0.154885,0.259895,0.554465
ACCTAAGTACCTTTCA-1,0.037141,0.000065,0.604039,0.027457,0.331298
ACCTAATCGACTTCCT-1,0.000029,0.000029,0.109332,0.000996,0.889613
ACCTACAGTATGTGGT-1,0.458804,0.000052,0.437404,0.103585,0.000155
ACCTACTATAAATCTA-1,0.110548,0.000073,0.60231,0.239152,0.047917
ACCTCAGCGAGGCGCA-1,0.175096,0.000057,0.410273,0.356772,0.057803
ACCTCCGCCCTCGCTG-1,0.39122,0.000048,0.520405,0.088184,0.000143
ACCTCCGTTATTCACC-1,0.203206,0.000065,0.561043,0.231987,0.003699
ACCTCGAACTTATGCT-1,0.000013,0.000013,0.185729,0.456519,0.357726
ACCTGCGTGTCATGTT-1,0.000045,0.000045,0.569655,0.048277,0.381979
ACGAAATGGGCGGCAC-1,0.000032,0.000032,0.206811,0.050478,0.742647
ACGACCCATGAGTTGC-1,0.418524,0.000019,0.000077,0.526708,0.054672
ACGACTCTAGGGCCGA-1,0.099309,0.000017,0.151131,0.743663,0.005881
ACGACTGGTCATACTC-1,0.047235,0.000023,0.644971,0.181846,0.125925
ACGAGAACCCATCACG-1,0.245624,0.026989,0.041081,0.000347,0.685959
ACGAGGATACCACTCT-1,0.018791,0.000023,0.19245,0.075521,0.713214
ACGAGGTTTACAACGT-1,0.000024,0.000024,0.258634,0.295233,0.446084
ACGAGTACGGATGCCC-1,0.027134,0.000056,0.937753,0.001888,0.033169
ACGAGTCGCCGGCGTT-1,0.527351,0.000234,0.210552,0.000467,0.261395
ACGATACATAGAACTA-1,0.000033,0.002176,0.461411,0.045015,0.491365
ACGATACCTATCCTGA-1,0.02521,0.000013,0.019531,0.733616,0.221631
ACGATCATACATAGAG-1,0.000221,0.000221,0.998455,0.000441,0.000662
ACGATCATCTTGTAAA-1,0.020935,0.000056,0.605276,0.247731,0.126002
ACGATGCATATGTTAT-1,0.000058,0.012864,0.504485,0.036012,0.44658
ACGCAAACTAATAGAT-1,0.003101,0.000032,0.606548,0.247843,0.142477
ACGCAATCACTACAGC-1,0.000045,0.000045,0.391919,0.26577,0.342221
ACGCATAAATGACATG-1,0.091696,0.000096,0.113759,0.479514,0.314935
ACGCATACGTTTACTA-1,0.172608,0.000056,0.719443,0.107724,0.000168
ACGCATTCGTGAGTAC-1,0.000147,0.000147,0.99897,0.000294,0.000441
ACGCCACTCGAAACAG-1,0.021086,0.000042,0.56248,0.323058,0.093335
ACGCCAGATGATTTCT-1,0.031464,0.03062,0.408973,0.097534,0.431409
ACGCCAGTGCGTTTGC-1,0.073368,0.000011,0.003137,0.919114,0.004369
ACGCCGCTAGACGACC-1,0.000043,0.000043,0.218224,0.222643,0.559046
ACGCGAAGTCAGACGA-1,0.000133,0.008187,0.875331,0.000266,0.116083
ACGCGCTACACAGGGT-1,0.000064,0.000064,0.62066,0.000128,0.379083
ACGCGGGCCAAGGACA-1,0.000103,0.000103,0.935988,0.000206,0.063599
ACGCGTTTCTTAAGAG-1,0.000018,0.000018,0.526771,0.102362,0.370831
ACGCTACTGAATGGGC-1,0.965199,0.000064,0.034419,0.000127,0.000191
ACGCTAGTGATACACT-1,0.00002,0.00002,0.080215,0.022376,0.89737
ACGCTGTGAGGCGTAG-1,0.000062,0.000062,0.719112,0.021397,0.259368
ACGGAACACGAGTGCC-1,0.00136,0.000023,0.21486,0.546224,0.237534
ACGGAATTTAGCAAAT-1,0.00008,0.00008,0.983928,0.00016,0.015751
ACGGACGCAGCGACAA-1,0.000017,0.000017,0.283583,0.471429,0.244955
ACGGACTCTCAAAGCG-1,0.053871,0.000041,0.347366,0.240618,0.358104
ACGGAGCGCAAATTAC-1,0.000056,0.000056,0.974993,0.000112,0.024783
ACGGATGGTGCGGATA-1,0.000042,0.000042,0.938406,0.000178,0.061332
ACGGCACTTGCTTGGG-1,0.000118,0.000118,0.981886,0.000236,0.017641
ACGGCCAACATGGACT-1,0.031733,0.000091,0.451734,0.272017,0.244425
ACGGCGACGATGGGAA-1,0.007845,0.000056,0.765599,0.085538,0.140963
ACGGCGGGTTGCCCTG-1,0.232383,0.000138,0.036752,0.022922,0.707806
ACGGCTGGATGTAGAA-1,0.000015,0.000015,0.186827,0.290288,0.522855
ACGGGAGTGTCGGCCC-1,0.030163,0.000033,0.38496,0.005493,0.579352
ACGGGCGTATGCGACA-1,0.090394,0.000054,0.857877,0.032107,0.019568
ACGGGTCATGTGACTT-1,0.000017,0.000017,0.167262,0.005328,0.827377
ACGGGTTGTGACCTGT-1,0.013993,0.000122,0.280156,0.705363,0.000366
ACGGTACAGTTCAATG-1,0.181782,0.000017,0.015532,0.795099,0.00757
ACGGTCACCGAGAACA-1,0.000015,0.000015,0.125562,0.357961,0.516448
ACGTACTTTGGCACGG-1,0.000026,0.000026,0.047217,0.467382,0.48535
ACGTAGATTGCTGATG-1,0.000056,0.000056,0.496843,0.104025,0.399019
ACGTAGGAGAGTCGCT-1,0.000029,0.000029,0.361372,0.605268,0.033301
ACGTATTACTCCGATC-1,0.095443,0.000073,0.78099,0.121037,0.002458
ACGTCGGGCAACTCGG-1,0.000017,0.000017,0.138461,0.382124,0.47938
ACGTCTCGTTCCGGGA-1,0.047924,0.00002,0.456407,0.257178,0.238471
ACGTGACAAAGTAAGT-1,0.010087,0.000012,0.168631,0.234426,0.586844
ACGTGCGCCTCGTGCA-1,0.28886,0.000457,0.38733,0.147447,0.175906
ACGTTAATGTCGAAGA-1,0.095231,0.000096,0.850724,0.000191,0.053758
ACGTTAGATTTGCCCG-1,0.000037,0.000037,0.131173,0.018448,0.850305
ACGTTATTGGTCACTC-1,0.000025,0.000025,0.143756,0.026108,0.830086
ACGTTCACTATGCCGC-1,0.000015,0.000015,0.140725,0.634218,0.225027
ACGTTCGCAATCAATT-1,0.101419,0.000052,0.805298,0.084315,0.008916
ACGTTCGTTCAGGAAA-1,0.000039,0.000039,0.248519,0.280819,0.470585
ACGTTCTGTACAAGTC-1,0.101726,0.000036,0.502353,0.232786,0.163099
ACGTTGTCGTTGAAAG-1,0.031926,0.000011,0.000043,0.68296,0.28506
ACGTTTAGTTGTGATC-1,0.213166,0.00039,0.501402,0.00078,0.284261
ACGTTTCGGTGCACTT-1,0.999334,0.000067,0.000266,0.000133,0.0002
ACTAAGGACGCACACC-1,0.000053,0.000053,0.81089,0.005452,0.183552
ACTAATACGTCAGGCG-1,0.062763,0.000043,0.022973,0.130725,0.783496
ACTACAAAGAGAGGTG-1,0.216158,0.00005,0.783545,0.000099,0.000149
ACTACATCCCGACAAG-1,0.013577,0.000021,0.605854,0.276815,0.103733
ACTACCAGCTCTCTGG-1,0.000089,0.000089,0.291787,0.056843,0.651193
ACTACCATCCGAGGGC-1,0.000022,0.000022,0.04506,0.773964,0.180932
ACTACGCGTTAGAATT-1,0.125721,0.000091,0.3801,0.244937,0.249151
ACTAGTTGCGATCGTC-1,0.024462,0.000062,0.776492,0.198798,0.000186
ACTATATGCTGTGTTC-1,0.000055,0.000055,0.712658,0.000111,0.287121
ACTATCCAGGGCATGG-1,0.210685,0.000051,0.636453,0.079224,0.073588
ACTATCGCCGGCTAAA-1,0.000023,0.000023,0.216483,0.103687,0.679784
ACTATCTGCCCGCGTA-1,0.161532,0.000051,0.76939,0.068875,0.000152
ACTATGTCCAGCTGCC-1,0.000035,0.000035,0.514706,0.369912,0.115311
ACTATTCGTCCGTGGT-1,0.324207,0.231937,0.005967,0.181337,0.256553
ACTATTTCCGGGCCCA-1,0.000025,0.000025,0.0001,0.194163,0.805686
ACTCAACGAATGTATT-1,0.0848,0.000087,0.110108,0.000173,0.804832
ACTCAAGTGCAAGGCT-1,0.00749,0.000024,0.446567,0.248889,0.29703
ACTCAATAAAGGCACG-1,0.000041,0.000041,0.574474,0.046789,0.378656
ACTCAGACCTGCTTCT-1,0.109773,0.000236,0.282414,0.225176,0.382402
ACTCATGGCAGCCTTC-1,0.081146,0.00002,0.276526,0.46889,0.173419
ACTCCAATATCATCAT-1,0.000031,0.000031,0.757515,0.180076,0.062346
ACTCCCATTCCTAAAG-1,0.000015,0.000015,0.018853,0.125278,0.855838
ACTCCCGAATTCGTTT-1,0.023205,0.000045,0.345765,0.368413,0.262572
ACTCCCGTAGACTAGG-1,0.059984,0.000074,0.696089,0.000147,0.243706
ACTCCCTAATGCTAAA-1,0.028289,0.010605,0.596921,0.24879,0.115396
ACTCCCTAGAATAGTA-1,0.046736,0.000063,0.901851,0.000125,0.051225
ACTCCGGCCGACCACT-1,0.041411,0.00156,0.037086,0.868028,0.051914
ACTCGATGTATTTCAT-1,0.000047,0.000047,0.62376,0.000094,0.376052
ACTCGCCGTTCGATAA-1,0.290031,0.000033,0.239833,0.193982,0.276121
ACTCGCGATCTGACGC-1,0.409258,0.000071,0.466219,0.12424,0.000212
ACTCGTAACCCGTCCT-1,0.000048,0.000048,0.726397,0.002291,0.271216
ACTCGTCAGTAATCCC-1,0.000045,0.000045,0.389946,0.021555,0.588408
ACTCTAAACCTGGGAT-1,0.000014,0.000014,0.236924,0.286178,0.476869
ACTCTCTGACTTAGGT-1,0.032353,0.00938,0.586748,0.330152,0.041367
ACTCTGACCTAATAGA-1,0.085942,0.003431,0.804268,0.10626,0.000099
ACTCTTCAGCTCCCGC-1,0.395117,0.000057,0.275676,0.328977,0.000172
ACTCTTGTATAGTAAC-1,0.000072,0.000072,0.377201,0.183401,0.439253
ACTGAAACGCCGTTAG-1,0.143689,0.00003,0.445737,0.095815,0.314729
ACTGAATGGCGAAAGT-1,0.017715,0.000036,0.947884,0.001218,0.033146
ACTGCCCGCCATTCTC-1,0.000012,0.000012,0.000048,0.744144,0.255784
ACTGCCGTCGTAACTC-1,0.494959,0.000385,0.173613,0.329887,0.001156
ACTGCGGACACACCGT-1,0.139085,0.000056,0.747909,0.112784,0.000167
ACTGCTCGGAAGGATG-1,0.009904,0.000026,0.552933,0.143813,0.293323
ACTGGCGAACCTGCGT-1,0.000038,0.000038,0.49107,0.050147,0.458707
ACTGTACGATACACAT-1,0.000072,0.000072,0.756506,0.029664,0.213686
ACTGTAGCACTTTGGA-1,0.000034,0.000034,0.077429,0.006875,0.915627
ACTGTATACGCGAGCA-1,0.5302,0.000535,0.002139,0.465522,0.001604
ACTGTCCAGGATTATA-1,0.41625,0.000136,0.000543,0.000271,0.5828
ACTGTCTTCTTTAGAA-1,0.000095,0.000095,0.873905,0.000189,0.125716
ACTGTGCTAGTAGATC-1,0.311771,0.11424,0.001332,0.000666,0.571991
ACTTACCGGGCGCGCA-1,0.274524,0.011649,0.588676,0.124715,0.000436
ACTTACGCATCCACGC-1,0.00006,0.00006,0.872909,0.038097,0.088874
ACTTAGTACGACAAGA-1,0.155266,0.019749,0.545343,0.000212,0.27943
ACTTATACTTACCCGG-1,0.06038,0.000049,0.667426,0.099019,0.173126
ACTTATTAGGATCGGT-1,0.053678,0.020428,0.71797,0.000403,0.207521
ACTTATTTATGTGCCA-1,0.00003,0.00003,0.259418,0.299802,0.44072
ACTTCAGGCTGATCCC-1,0.015325,0.000026,0.215611,0.221561,0.547478
ACTTCCAGTGGAAGCT-1,0.110973,0.000041,0.388708,0.245909,0.254369
ACTTCCATGCGGGACA-1,0.030979,0.000041,0.664825,0.191664,0.112491
ACTTCGCCATACGCAC-1,0.000033,0.000033,0.097757,0.160462,0.741715
ACTTCGCTAGCGAGTG-1,0.040643,0.000051,0.754995,0.090975,0.113336
ACTTGACTCCCTCTTT-1,0.071761,0.009955,0.567839,0.20756,0.142885
ACTTGCTCTATCTACC-1,0.015604,0.000018,0.150038,0.560562,0.273779
ACTTGGGACCCGGTGG-1,0.151914,0.026085,0.777821,0.000234,0.043946
ACTTGGGCTTTCGCCA-1,0.000064,0.000064,0.699717,0.146287,0.153868
ACTTGTAGTCCCTTCA-1,0.015769,0.000027,0.494623,0.245924,0.243657
ACTTGTGGATGGAACG-1,0.187957,0.000042,0.346172,0.412825,0.053003
ACTTGTTACCGGATCA-1,0.134326,0.000094,0.661761,0.203538,0.000281
ACTTTACCCTCATGAA-1,0.05246,0.000065,0.848701,0.098376,0.000398
ACTTTATACACCACTT-1,0.000317,0.000317,0.21367,0.731694,0.054003
ACTTTCCTATAGCTTC-1,0.000178,0.000178,0.798189,0.200921,0.000534
ACTTTGACTGCATCCT-1,0.089441,0.000051,0.256771,0.43358,0.220158
ACTTTGGTCGTGCTCC-1,0.009956,0.000019,0.087959,0.605407,0.296658
ACTTTGTCGACGCACT-1,0.436792,0.000101,0.562604,0.000201,0.000302
AGAAATTATGACTCGC-1,0.349094,0.013312,0.637379,0.000086,0.000129
AGAACACGGCGATGGT-1,0.02891,0.000009,0.318242,0.207255,0.445585
AGAACCCAGCGTGACA-1,0.120291,0.00004,0.879471,0.00008,0.000119
AGAACCCTCAATTGGG-1,0.000024,0.00973,0.374908,0.526863,0.088475
AGAACGTGGTACATTC-1,0.000037,0.000037,0.345577,0.095282,0.559067
AGAACTGTACTTTGTA-1,0.064693,0.00002,0.387537,0.484735,0.063015
AGAAGAGCGCCGTTCC-1,0.092919,0.031295,0.780276,0.026821,0.068688
AGAAGGTACACTTCAC-1,0.007038,0.000025,0.162967,0.317308,0.512663
AGAAGGTTGCCGAATT-1,0.067471,0.000057,0.310074,0.000114,0.622284
AGAAGGTTGTAGGTCG-1,0.014448,0.000039,0.590304,0.192024,0.203185
AGAAGTGATTCGTGAT-1,0.000026,0.000026,0.000102,0.010299,0.989548
AGAATAAATCTTCAGG-1,0.000027,0.000027,0.523247,0.131449,0.34525
AGAATACAGGCTATCC-1,0.000011,0.000011,0.018851,0.551915,0.429212
AGAATGCGGGTTCGGA-1,0.000027,0.000027,0.389332,0.15915,0.451465
AGAATTATGGATTCGA-1,0.000026,0.000026,0.29721,0.398821,0.303917
AGAATTGTTTGACATA-1,0.000047,0.000047,0.60185,0.000093,0.397963
AGACAGCTCAGAATCC-1,0.026566,0.00002,0.070589,0.038133,0.864691
AGACAGGCATCTCAGC-1,0.487266,0.000096,0.512158,0.000192,0.000288
AGACCAAACCACACCT-1,0.068152,0.00001,0.201731,0.431456,0.298651
AGACCATGGGATACAA-1,0.00004,0.00004,0.126278,0.017698,0.855944
AGACCCACCGCTGATC-1,0.000073,0.000073,0.72967,0.043617,0.226567
AGACCCGCCCTCCTCG-1,0.106362,0.006872,0.084717,0.128067,0.673982
AGACCGCTCCGCGGTT-1,0.19749,0.000027,0.229711,0.525003,0.047769
AGACCGGGAAACCCTG-1,0.000022,0.000022,0.079559,0.271132,0.649264
AGACGAAGTGCCGGTC-1,0.201765,0.039271,0.449374,0.197016,0.112573
AGACGACGATGCCGCT-1,0.000022,0.000022,0.000088,0.070521,0.929347
AGACGCCCACTTCGCC-1,0.574297,0.000075,0.425253,0.00015,0.000225
AGACGGGCCGATTTAA-1,0.248841,0.000062,0.130199,0.303053,0.317845
AGACTAGCCTTCCAGA-1,0.000134,0.000134,0.996683,0.000268,0.002781
AGACTGTTACCGGGTC-1,0.04386,0.000022,0.177009,0.395539,0.383571
AGAGAAACACCAGAAA-1,0.000008,0.000008,0.000034,0.403638,0.596312
AGAGAACCGTCTAGGA-1,0.000028,0.00406,0.665152,0.013,0.31776
AGAGAAGGAGTACAAT-1,0.000034,0.000034,0.216168,0.10647,0.677293
AGAGATCTCTAAAGCG-1,0.000056,0.000056,0.655437,0.000111,0.344341
AGAGCAGTTATGAGAC-1,0.000023,0.000023,0.170772,0.067036,0.762147
AGAGCCGCCGAGATTT-1,0.423887,0.000071,0.575687,0.000142,0.000213
AGAGCGCTTGTAACGG-1,0.000025,0.000025,0.453909,0.00549,0.54055
AGAGCGGGCTAATCAT-1,0.000112,0.000112,0.100471,0.064616,0.834689
AGAGCGTACAAGCTCG-1,0.006204,0.000025,0.000101,0.031869,0.961801
AGAGCTACGAAAGCAT-1,0.000113,0.000113,0.999212,0.000225,0.000338
AGAGGCTTCGGAAACC-1,0.226076,0.000045,0.613027,0.160718,0.000134
AGAGGGACAATTGTCC-1,0.037904,0.013709,0.52668,0.204798,0.21691
AGAGTAAACTTCACTA-1,0.115423,0.00005,0.625169,0.259209,0.000149
AGAGTATAGTGTTACG-1,0.000051,0.000051,0.731976,0.045984,0.221938
AGAGTCTTAATGAAAG-1,0.722601,0.000047,0.277115,0.000096,0.000141
AGAGTTAGAGACCGAT-1,0.170635,0.000081,0.120257,0.100532,0.608495
AGAGTTGCAGGCCTCC-1,0.003978,0.000028,0.248259,0.430421,0.317314
AGATAACTTCAGGGCC-1,0.00005,0.00005,0.60084,0.003179,0.39588
AGATACCAATAGAACC-1,0.20136,0.000031,0.434208,0.361951,0.00245
AGATACCAGCACTTCA-1,0.073339,0.000056,0.394817,0.330656,0.201132
AGATACCGGTGTTCAC-1,0.00005,0.00005,0.529391,0.0001,0.470409
AGATACGACTTCATAT-1,0.170265,0.000189,0.448001,0.133364,0.24818
AGATACTCAAGATCGA-1,0.000042,0.000042,0.626982,0.109183,0.263751
AGATATAATACGACTA-1,0.00002,0.00002,0.181905,0.115369,0.702685
AGATCGTGCATAAGAT-1,0.094517,0.000064,0.651419,0.062288,0.191712
AGATCTCAGGTGTGAT-1,0.000066,0.000066,0.830238,0.000133,0.169497
AGATCTGGAGAGGATA-1,0.061635,0.000059,0.298632,0.373291,0.266384
AGATGACTCGCCCACG-1,0.199008,0.000276,0.243172,0.000551,0.556994
AGATGAGGGTTGCGAT-1,0.000067,0.000067,0.588445,0.000133,0.411289
AGATGATGGAGTCTGG-1,0.320674,0.000064,0.437461,0.238876,0.002925
AGATGCAAGACGTGCA-1,0.000012,0.000012,0.014034,0.013667,0.972274
AGATGCATCCTGTGTC-1,0.029909,0.000027,0.414452,0.404126,0.151485
AGATGCTATAACGAGC-1,0.029917,0.000025,0.275543,0.075102,0.619413
AGATTATAGGACGTTT-1,0.554059,0.040042,0.000925,0.000463,0.40451
AGATTCACAACCGATA-1,0.080841,0.000031,0.516816,0.233776,0.168536
AGCAAAGGCCGCTAGT-1,0.000039,0.003494,0.458717,0.244434,0.293316
AGCAACATATCTTATT-1,0.05644,0.000044,0.718547,0.040604,0.184365
AGCAACCGAAAGTAAT-1,0.01751,0.000026,0.415368,0.259456,0.307641
AGCACACGTTTAGACT-1,0.105494,0.000033,0.039891,0.790367,0.064215
AGCACCAGTACTCACG-1,0.015356,0.000122,0.903744,0.000244,0.080534
AGCACTACCGGCCTGT-1,0.000036,0.000036,0.408321,0.000072,0.591534
AGCACTACCTCACCAG-1,0.000028,0.022074,0.649067,0.029169,0.299662
AGCACTTAAGGACGCC-1,0.000044,0.000044,0.611453,0.000089,0.388369
AGCAGAAGGAGAAAGA-1,0.018093,0.000019,0.436383,0.32893,0.216575
AGCAGCCAGATGAATA-1,0.070689,0.00014,0.801672,0.09959,0.02791
AGCAGTCGAAGCATGC-1,0.000019,0.011937,0.281365,0.40273,0.303949
AGCATATCAATATGCT-1,0.028595,0.000022,0.134326,0.211794,0.625263
AGCATCATTTCGAAAG-1,0.008678,0.000026,0.398885,0.046169,0.546242
AGCATCGTCGATAATT-1,0.134424,0.00027,0.2028,0.00054,0.661966
AGCATTACGAGGCAAG-1,0.060505,0.000025,0.188896,0.483872,0.266702
AGCCAAGCTTTGTGTC-1,0.12942,0.00711,0.688339,0.094232,0.080898
AGCCACAGGTTACCCG-1,0.031529,0.000017,0.109951,0.540703,0.3178
AGCCACTCCCGTGCTT-1,0.010608,0.00007,0.465685,0.112044,0.411593
AGCCATATAGTATGTG-1,0.000023,0.000023,0.273493,0.35706,0.369401
AGCCCATACATGTAAG-1,0.000029,0.000029,0.154286,0.000058,0.845598
