Barcode,Topic 1to2,Topic 3,Topic 4to10
AAACAACGAATAGTTC-1,0.345122,0.026299,0.628579
AAACAAGTATCTCCCA-1,0.000018,0.000689,0.999294
AAACACCAATAACTGC-1,0.186939,0.1087,0.704361
AAACAGAGCGACTCCT-1,0.283384,0.00946,0.707156
AAACAGCTTTCAGAAG-1,0.066756,0.065028,0.868216
AAACAGGGTCTATATT-1,0.040105,0.04963,0.910265
AAACAGTGTTCCTGGG-1,0.188612,0.000019,0.811369
AAACATGGTGAGAGGA-1,0.000607,0.090131,0.909263
AAACATTTCCCGGATT-1,0.130192,0.146895,0.722914
AAACCACTACACAGAT-1,0.104378,0.059256,0.836366
AAACCCGAACGAAATC-1,0.20947,0.559284,0.231246
AAACCGGAAATGTTAA-1,0.308712,0.558525,0.132764
AAACCGGGTAGGTACC-1,0.609916,0.293684,0.096401
AAACCGTTCGTCCAGG-1,0.361211,0.069647,0.569143
AAACCTAAGCAGCCGG-1,0.630682,0.0018,0.367517
AAACCTCATGAAGTTG-1,0.230576,0.038079,0.731345
AAACGAAGAACATACC-1,0.999256,0.000093,0.000651
AAACGAAGATGGAGTA-1,0.01364,0.043693,0.942668
AAACGACAGTCTTGCC-1,0.223286,0.200965,0.575748
AAACGAGACGGTTGAT-1,0.313433,0.02093,0.665637
AAACGCCCGAGATCGG-1,0.179792,0.130793,0.689416
AAACGCTGGGCACGAC-1,0.217075,0.524083,0.258842
AAACGGGCGTACGGGT-1,0.051993,0.030374,0.917633
AAACGGGTTGGTATCC-1,0.991851,0.000085,0.008064
AAACGGTTGCGAACTG-1,0.379582,0.042491,0.577927
AAACGTGTTCGCCCTA-1,0.220494,0.545858,0.233649
AAACTAACGTGGCGAC-1,0.540963,0.356127,0.10291
AAACTCGGTTCGCAAT-1,0.176848,0.027142,0.79601
AAACTCGTGATATAAG-1,0.416988,0.037201,0.545811
AAACTGCTGGCTCCAA-1,0.679188,0.000028,0.320784
AAACTTAATTGCACGC-1,0.031523,0.121399,0.847077
AAACTTGCAAACGTAT-1,0.359405,0.073143,0.567452
AAAGAATGACCTTAGA-1,0.014248,0.004275,0.981477
AAAGAATGTGGACTAA-1,0.002702,0.114336,0.882962
AAAGACATGAAGTTTA-1,0.487754,0.270448,0.241798
AAAGACCCAAGTCGCG-1,0.33718,0.000055,0.662766
AAAGACTGGGCGCTTT-1,0.001641,0.008256,0.990103
AAAGCTTGCCTACATA-1,0.463986,0.531331,0.004683
AAAGGCCCTATAATAC-1,0.131391,0.13339,0.735219
AAAGGCTACGGACCAT-1,0.959939,0.039582,0.000478
AAAGGCTCTCGCGCCG-1,0.514278,0.043875,0.441847
AAAGGGATGTAGCAAG-1,0.718531,0.012026,0.269443
AAAGGGCAGCTTGAAT-1,0.039135,0.000018,0.960847
AAAGGTAAGCTGTACC-1,0.444764,0.215124,0.340112
AAAGGTCAACGACATG-1,0.584407,0.063801,0.351792
AAAGTAGCATTGCTCA-1,0.121124,0.103333,0.775543
AAAGTCACTGATGTAA-1,0.498779,0.000101,0.501119
AAAGTCGACCCTCAGT-1,0.154966,0.136945,0.708089
AAAGTGCCATCAATTA-1,0.023587,0.197572,0.778841
AAAGTGTGATTTATCT-1,0.108862,0.12764,0.763498
AAAGTTGACTCCCGTA-1,0.003115,0.015804,0.981081
AAATAACCATACGGGA-1,0.196591,0.006708,0.796701
AAATAAGGTAGTGCCC-1,0.043836,0.213498,0.742667
AAATACCTATAAGCAT-1,0.055377,0.000013,0.944609
AAATAGCTTAGACTTT-1,0.537707,0.071691,0.390601
AAATAGGGTGCTATTG-1,0.149333,0.000017,0.850651
AAATCACTCCTAAACG-1,0.413429,0.002292,0.584278
AAATCCGATACACGCC-1,0.243748,0.024922,0.73133
AAATCGCGGAAGGAGT-1,0.072629,0.133248,0.794123
AAATCGTGTACCACAA-1,0.937651,0.000078,0.062271
AAATCTAGCCCTGCTA-1,0.015567,0.008981,0.975452
AAATCTGCCCGCGTCC-1,0.030513,0.369105,0.600382
AAATGACTGATCAAAC-1,0.380434,0.000035,0.619531
AAATGATTCGATCAGC-1,0.334222,0.329377,0.336401
AAATGCTCGTTACGTT-1,0.495149,0.000042,0.504808
AAATGGCATGTCTTGT-1,0.297652,0.000042,0.702306
AAATGGCCCGTGCCCT-1,0.000015,0.000007,0.999978
AAATGGTCAATGTGCC-1,0.624195,0.280827,0.094979
AAATGTATCTTATCCC-1,0.020313,0.030264,0.949423
AAATTAACGGGTAGCT-1,0.99933,0.000084,0.000586
AAATTAATAAGCGCGA-1,0.00281,0.00001,0.99718
AAATTACACGACTCTG-1,0.740052,0.000053,0.259894
AAATTACCTATCGATG-1,0.771759,0.045827,0.182414
AAATTCCAGGTCCAAA-1,0.455679,0.310822,0.233499
AAATTGATAGTCCTTT-1,0.327572,0.041771,0.630656
AAATTGCGGCGGTTCT-1,0.999006,0.000124,0.00087
AAATTGGTGAGAAGCA-1,0.191275,0.166848,0.641877
AAATTTACCGAAATCC-1,0.191106,0.012923,0.795971
AAATTTGCGGGTGTGG-1,0.52973,0.128122,0.342148
AACAACTGGTAGTTGC-1,0.693399,0.000059,0.306542
AACAATACATTGTCGA-1,0.547995,0.031884,0.420121
AACAATTACTCTACGC-1,0.458113,0.026263,0.515624
AACACACGCTCGCCGC-1,0.075247,0.121408,0.803346
AACACGACTGTACTGA-1,0.983663,0.000134,0.016203
AACACGAGACGCGGCC-1,0.232839,0.256502,0.51066
AACACGCGGCCGCGAA-1,0.599709,0.042473,0.357818
AACAGCTGTGTGGCAA-1,0.580154,0.057452,0.362394
AACAGGAAATCGAATA-1,0.762263,0.014611,0.223125
AACAGGATGGGCCGCG-1,0.262508,0.000029,0.737462
AACAGGTAGTATGGAT-1,0.035596,0.190789,0.773615
AACATAGCGTGTATCG-1,0.329937,0.307548,0.362515
AACATATCAACTGGTG-1,0.551929,0.269896,0.178175
AACATCGATACGTCTA-1,0.22778,0.18073,0.59149
AACATTGAAGTTGATC-1,0.087272,0.062703,0.850026
AACATTGGTCAGCCGT-1,0.94869,0.050385,0.000925
AACATTGTGACTCGAG-1,0.990145,0.000042,0.009812
AACCAAGACTTCTCTG-1,0.471768,0.055686,0.472545
AACCAGTATCACTCTT-1,0.218669,0.000016,0.781315
AACCATAGGGTTGAAC-1,0.072154,0.062476,0.86537
AACCATGGGATCGCTA-1,0.958638,0.000073,0.041289
AACCCAGAGACGGAGA-1,0.999138,0.000108,0.000755
AACCCATCCCATGATC-1,0.208471,0.061769,0.729759
AACCCGACAACCCGTG-1,0.288085,0.032523,0.679392
AACCCGAGCAGAATCG-1,0.034285,0.138158,0.827556
AACCCGATAGGGCTTC-1,0.473524,0.368081,0.158395
AACCCGCTGTATTCCA-1,0.434044,0.000957,0.564999
AACCCTACTGTCAATA-1,0.004384,0.004611,0.991005
AACCCTGGTGGAACCA-1,0.627981,0.000044,0.371975
AACCGAGCTTGGTCAT-1,0.19112,0.012702,0.796178
AACCGCTAAGGGATGC-1,0.04668,0.017273,0.936046
AACCGTTGTGTTTGCT-1,0.858381,0.000087,0.141532
AACCTCGCTTTAGCCC-1,0.012049,0.007619,0.980332
AACCTGTCACGGAATT-1,0.385188,0.508526,0.106286
AACCTTTAAATACGGT-1,0.41111,0.00002,0.588871
AACCTTTACGACGTCT-1,0.40533,0.000037,0.594632
AACGAAAGTCGTCCCA-1,0.147948,0.00762,0.844433
AACGACCTCCTAGCCG-1,0.059852,0.4561,0.484048
AACGATAATGCCGTAG-1,0.305334,0.014978,0.679688
AACGATAGAAGGGCCG-1,0.742899,0.000167,0.256934
AACGATATGTCAACTG-1,0.801091,0.012645,0.186264
AACGCATGATCTGGGT-1,0.006951,0.106284,0.886765
AACGCGAACGGCAACA-1,0.848463,0.000057,0.15148
AACGCGACCTTGGGCG-1,0.500155,0.000031,0.499814
AACGCGGTCTCCAGCC-1,0.66329,0.028319,0.308391
AACGCTGTTGCTGAAA-1,0.149109,0.014317,0.836574
AACGGACGTACGTATA-1,0.242222,0.086397,0.671381
AACGGCCATCTCCGGT-1,0.190821,0.016788,0.792391
AACGTACTGTGGGTAC-1,0.234878,0.000675,0.764447
AACGTCAGACTAGTGG-1,0.897889,0.000068,0.102043
AACGTCATCCGGCTTG-1,0.228886,0.067308,0.703806
AACGTCGCTGCACTTC-1,0.119006,0.387211,0.493783
AACGTGATGAAGGACA-1,0.16541,0.000071,0.83452
AACGTGCGAAAGTCTC-1,0.370479,0.009171,0.62035
AACGTTATCAGCACCT-1,0.213647,0.000041,0.786312
AACGTTCTACCATTGT-1,0.051053,0.393988,0.55496
AACTACCCGTTTGTCA-1,0.108313,0.330267,0.56142
AACTAGGCTTGGGTGT-1,0.962327,0.03712,0.000553
AACTCAAGTTAATTGC-1,0.713888,0.00307,0.283042
AACTCCAGAGCGTGTT-1,0.090319,0.006504,0.903177
AACTCCTAATCCCATG-1,0.283016,0.035144,0.681839
AACTCGATAAACACGT-1,0.874321,0.109712,0.015967
AACTCGATGGCGCAGT-1,0.226024,0.000035,0.773941
AACTCTCAATAGAGCG-1,0.463971,0.016944,0.519085
AACTCTCAGTGTGCTC-1,0.330237,0.079375,0.590387
AACTGAGGTCAGCGTC-1,0.24703,0.036561,0.716409
AACTGAGTTATACTGA-1,0.212723,0.786798,0.000479
AACTGATATTAGGCCT-1,0.5628,0.016518,0.420682
AACTGGGTCCCGACGT-1,0.855235,0.000414,0.14435
AACTGGGTTCGAGCCG-1,0.150634,0.009243,0.840123
AACTGGTGTGGGCCTT-1,0.537515,0.000229,0.462255
AACTTCTGCGTCTATC-1,0.829394,0.015898,0.154708
AACTTGCCCGTATGCA-1,0.076667,0.000025,0.923308
AACTTGCGTTCTCGCG-1,0.894701,0.000045,0.105255
AACTTTACGGGAGCTT-1,0.400478,0.072038,0.527483
AACTTTCTCGATCATG-1,0.264902,0.63604,0.099058
AAGAAAGTTTGATGGG-1,0.000047,0.063261,0.936692
AAGAAATCACCAGATT-1,0.211898,0.477395,0.310707
AAGAAGGATCAGTTAG-1,0.16269,0.000027,0.837283
AAGACATACGTGGTTT-1,0.109602,0.011661,0.878737
AAGACCAAATAACTCA-1,0.058154,0.204076,0.73777
AAGACCCAACTGAACA-1,0.999451,0.000069,0.00048
AAGACTAACCCGTTGT-1,0.999325,0.000084,0.000591
AAGACTCACGCCCACT-1,0.106244,0.061657,0.832099
AAGACTGCAAGCTACT-1,0.847437,0.005817,0.146746
AAGAGATGAATCGGTA-1,0.677061,0.000042,0.322897
AAGAGCTCTTTATCGG-1,0.241928,0.000033,0.758038
AAGAGGATGTACGCGA-1,0.456031,0.241151,0.302819
AAGAGGCATGGATCGC-1,0.278925,0.026508,0.694566
AAGAGGCCCTTTGGAA-1,0.208151,0.469395,0.322454
AAGATGGCACCGGACC-1,0.465721,0.120555,0.413723
AAGATTGGCGGAACGT-1,0.092167,0.063173,0.844659
AAGCACCCTGCGTATC-1,0.000542,0.000015,0.999443
AAGCATACTCTCCTGA-1,0.686615,0.010396,0.302989
AAGCCACTTGCAGGTA-1,0.045501,0.248384,0.706115
AAGCCGAAGCGGTTTA-1,0.072716,0.131287,0.795997
AAGCCGCCGTGAAATC-1,0.005493,0.025242,0.969265
AAGCCGCTTTACCTTG-1,0.000088,0.556046,0.443866
AAGCCGGAGAGCAGGA-1,0.00002,0.008587,0.991393
AAGCGCAGGGCTTTGA-1,0.590728,0.045426,0.363846
AAGCGGAGTGCGCGCA-1,0.053491,0.307316,0.639193
AAGCGGCGTCATGGGT-1,0.563555,0.08836,0.348085
AAGCGTCCCTCATCGA-1,0.178962,0.006714,0.814323
AAGCTAGATCGAGTAA-1,0.747599,0.000041,0.252361
AAGCTATGGATTGACC-1,0.027234,0.088033,0.884732
AAGCTCGTGCCAAGTC-1,0.549225,0.039872,0.410903
AAGCTCTTTCATGGTG-1,0.42725,0.093271,0.479479
AAGGAGCGGTTGGTGC-1,0.933578,0.065525,0.000898
AAGGATCGATCGCTTG-1,0.173947,0.324494,0.501558
AAGGATGAGGGACCTC-1,0.128073,0.021111,0.850816
AAGGCAGGCTGTCTCC-1,0.078492,0.000404,0.921103
AAGGCGCGTAAAGCTT-1,0.240377,0.000026,0.759597
AAGGCTGTGCTCATCG-1,0.514986,0.000054,0.48496
AAGGGAACGACTGGCT-1,0.15388,0.167577,0.678544
AAGGGACAGATTCTGT-1,0.603379,0.078209,0.318412
AAGGGACTATGCATTC-1,0.256746,0.059242,0.684012
AAGGGTTAGCCATGCG-1,0.106124,0.422062,0.471815
AAGGGTTTGATTTCAG-1,0.004884,0.00314,0.991975
AAGGTATCCTAATATA-1,0.188648,0.022734,0.788619
AAGGTGATAAACCAGC-1,0.011208,0.019231,0.969562
AAGTAGAAGACCGGGT-1,0.383248,0.000096,0.616655
AAGTAGTGACGCGAGG-1,0.628636,0.071759,0.299605
AAGTCAATTGTCGTCA-1,0.11521,0.025404,0.859386
AAGTCTAGTAGCTGCC-1,0.208202,0.664179,0.127619
AAGTCTTCTGTGGCCT-1,0.320714,0.221158,0.458128
AAGTGACGACCGAATT-1,0.310142,0.000033,0.689825
AAGTGAGTCGGGTTTA-1,0.791915,0.002009,0.206076
AAGTGCAAAGGTAGAC-1,0.000682,0.024006,0.975313
AAGTGCCTTGACTGTA-1,0.577158,0.335551,0.087291
AAGTGCGTTAGAATCT-1,0.110808,0.012414,0.876778
AAGTGCTTCTCTATTG-1,0.508456,0.142984,0.348561
AAGTGTTTGGAGACGG-1,0.366596,0.037332,0.596072
AAGTTCACTCCAAGCT-1,0.450112,0.000018,0.54987
AAGTTCAGTCTGCGTA-1,0.508177,0.389731,0.102092
AAGTTCGGCCAACAGG-1,0.145621,0.05997,0.794409
AAGTTGTGATGTTATA-1,0.250191,0.058573,0.691236
AAGTTTATGGGCCCAA-1,0.436556,0.149522,0.413921
AATAACAACGCTCGGC-1,0.625326,0.042674,0.331999
AATAACACTAGAACAA-1,0.224443,0.000021,0.775536
AATAACGTCGCGCCCA-1,0.000027,0.066824,0.933149
AATAAGTCCTCGAGAC-1,0.939516,0.000075,0.06041
AATAATCTTCGTATCG-1,0.00005,0.192872,0.807078
AATACAATGTTTCAGG-1,0.092651,0.00002,0.907329
AATACCGGAGGGCTGT-1,0.318167,0.197907,0.483927
AATACCTGATGTGAAC-1,0.137728,0.295988,0.566283
AATAGAACAGAGTGGC-1,0.488079,0.008039,0.503882
AATAGAATCTGTTTCA-1,0.072926,0.05049,0.876584
AATAGCAAGCCTCCTG-1,0.099905,0.3789,0.521195
AATAGCTACCGCGTGC-1,0.712609,0.25395,0.033441
AATAGGCACGACCCTT-1,0.32837,0.08382,0.58781
AATAGTCCGTCCCGAC-1,0.239355,0.000157,0.760488
AATAGTCGCGAGTCGG-1,0.276368,0.070691,0.652942
AATATCCTAGCAAACT-1,0.094752,0.01862,0.886628
AATATCGAATCAATGC-1,0.079043,0.141718,0.779239
AATATCGAGGGTTCTC-1,0.587911,0.325912,0.086177
AATATTGGAGTATTGA-1,0.323338,0.142424,0.534238
AATCAGACTGCAGGAC-1,0.578157,0.000111,0.421733
AATCAGGTTTCATTTA-1,0.353268,0.392361,0.254371
AATCATGTAAAGACTC-1,0.106908,0.098042,0.79505
AATCCAAGGGCCTGAG-1,0.459316,0.00005,0.540634
AATCCATGCAAGGGTG-1,0.879954,0.00007,0.119976
AATCCCGCTCAGAGCC-1,0.218525,0.136218,0.645257
AATCGAGGTCTCAAGG-1,0.116621,0.178102,0.705277
AATCGCCTCAGCGCCA-1,0.632327,0.05967,0.308003
AATCGCGCAGAGGACT-1,0.423055,0.206529,0.370416
AATCGGGACACTACGA-1,0.999248,0.000094,0.000658
AATCGGTATAGCCCTC-1,0.044972,0.000008,0.955019
AATCGTGAGCCGAGCA-1,0.095594,0.000028,0.904378
AATCTAGGTTTACTTG-1,0.161651,0.01457,0.823779
AATCTATGCCGGAGCC-1,0.363758,0.360494,0.275748
AATCTCTACTGTGGTT-1,0.203404,0.002228,0.794368
AATCTGCGTTGGGACG-1,0.184081,0.039647,0.776272
AATCTGGCTTTCTAGT-1,0.000022,0.000011,0.999967
AATCTGGGTAGACCCT-1,0.073813,0.0952,0.830988
AATGACAGCAATGTCT-1,0.23916,0.109143,0.651698
AATGACGTAGGATGTC-1,0.232171,0.097511,0.670318
AATGACTGTCAGCCGG-1,0.599042,0.0162,0.384758
AATGAGTTCGCATATG-1,0.179877,0.000041,0.820082
AATGATGATACGCTAT-1,0.422354,0.141788,0.435858
AATGATGCGACTCCTG-1,0.438035,0.265296,0.29667
AATGCAACCGGGTACC-1,0.962018,0.000076,0.037906
AATGCACCAAGCAATG-1,0.350385,0.215582,0.434034
AATGGCCGCCAATGCG-1,0.332939,0.009968,0.657093
AATGGTCCACCGTTCA-1,0.3268,0.001497,0.671703
AATGGTTCTCACAAGC-1,0.999539,0.000058,0.000403
AATGTATGGCACTGTA-1,0.452832,0.195141,0.352027
AATGTGCCCGAGGTGT-1,0.103272,0.010434,0.886294
AATGTGCTAATCTGAG-1,0.680871,0.208479,0.110649
AATGTTAAGACCCTGA-1,0.258614,0.336265,0.405121
AATGTTGTCGTGAGAC-1,0.16072,0.24363,0.59565
AATTAAAGGTCGGCGT-1,0.999385,0.000077,0.000538
AATTAACGGATTTCCA-1,0.970941,0.000046,0.029014
AATTACGAGACCCATC-1,0.019064,0.104546,0.876389
AATTACTCGTACGCTC-1,0.712865,0.000055,0.287079
AATTAGCGCTGCAGCG-1,0.774171,0.000051,0.225778
AATTATACCCAGCAAG-1,0.194588,0.121031,0.684381
AATTCATAAGGGATCT-1,0.558894,0.017652,0.423454
AATTCATTGTCATGCA-1,0.131721,0.134011,0.734268
AATTCCAACTTGGTGA-1,0.777607,0.221294,0.001099
AATTCCAAGCATGTAC-1,0.19091,0.000106,0.808984
AATTCGATTCGAGGAT-1,0.412827,0.002129,0.585044
AATTCTAGAGTTAGGC-1,0.775032,0.004388,0.22058
AATTGAACGCTCTGGT-1,0.400899,0.059001,0.5401
AATTGCAGCAATCGAC-1,0.064322,0.116744,0.818935
AATTGCGTGGATTACA-1,0.066285,0.093889,0.839826
AATTGTGGTTGCCAAA-1,0.000017,0.067,0.932983
AATTTGGGACATAGTA-1,0.706948,0.067815,0.225236
AATTTGGTTCCAAAGA-1,0.290167,0.000046,0.709787
ACAAACCATGCGTCCT-1,0.004034,0.033002,0.962965
ACAAACTCCATCAGAG-1,0.008908,0.006754,0.984338
ACAAAGAAGGTAGGCC-1,0.000204,0.020547,0.97925
ACAAAGCATGACCTAG-1,0.222383,0.150363,0.627254
ACAAATCGCACCGAAT-1,0.391832,0.033173,0.574995
ACAAATGGTAGTGTTT-1,0.20522,0.002693,0.792087
ACAAATTCAGATCTGA-1,0.717128,0.196661,0.086212
ACAACAGCATGAGCTA-1,0.654025,0.021493,0.324482
ACAACGGTCCCTGCGA-1,0.13609,0.000019,0.863891
ACAAGCAGTGCCTAGC-1,0.469579,0.037703,0.492717
ACAAGCTATATGGAAG-1,0.288381,0.001916,0.709703
ACAAGGAAATCCGCCC-1,0.747265,0.010328,0.242407
ACAAGGACAAGAGGTT-1,0.25745,0.008084,0.734466
ACAAGGATGCTTTAGG-1,0.417905,0.124645,0.45745
ACAAGGCCTACCAGCC-1,0.091151,0.48627,0.422579
ACAAGGGCAGGCTCTG-1,0.440438,0.199435,0.360127
ACAAGTAATTGTAAGG-1,0.110176,0.469439,0.420385
ACAATAGTCGTACGTT-1,0.363242,0.053958,0.5828
ACAATCCATTTAAACC-1,0.466059,0.01082,0.523121
ACAATGAATACGGAGA-1,0.107883,0.002183,0.889933
ACAATGATTCTTCTAC-1,0.478144,0.469356,0.0525
ACAATTGTGTCTCTTT-1,0.025246,0.139525,0.835229
ACAATTTAGGAGGCTC-1,0.012574,0.003716,0.983711
ACAATTTGAGCAGTGG-1,0.328442,0.000045,0.671513
ACAATTTGGCCATATT-1,0.698457,0.285495,0.016048
ACACAAAGACGGGTGG-1,0.949648,0.049674,0.000678
ACACAAATATTCCTAG-1,0.296764,0.313688,0.389548
ACACACCAGGACCAGT-1,0.001644,0.029538,0.968818
ACACACTTTCTACACG-1,0.722679,0.000086,0.277235
ACACATGATCAAATCT-1,0.012735,0.002791,0.984474
ACACATTGACGCAACA-1,0.401857,0.00004,0.598103
ACACATTTCCGTAGAC-1,0.432565,0.002621,0.564813
ACACCACATAATTAGC-1,0.39828,0.467313,0.134407
ACACCCAGCATGCAGC-1,0.535523,0.000109,0.464368
ACACCCGAGAAATCCG-1,0.593094,0.000037,0.406869
ACACCCGTAAATCTGT-1,0.495914,0.137773,0.366313
ACACCGAGCGCTCTTT-1,0.076192,0.00003,0.923778
ACACCGGTCTGACCGC-1,0.08379,0.1394,0.77681
ACACCTTAAGTAGGGC-1,0.999266,0.000092,0.000642
ACACCTTACTACTTGC-1,0.068456,0.128318,0.803226
ACACGAGACTCCTTCT-1,0.131393,0.000636,0.867971
ACACGGCACTATGCAT-1,0.890526,0.000092,0.109382
ACACGGGAACTTAGGG-1,0.436799,0.014929,0.548272
ACACGTAGGCCACAAG-1,0.003596,0.046653,0.949751
ACACTCCAATGTCACT-1,0.527628,0.000065,0.472307
ACACTGATCAAGGTGT-1,0.606241,0.000055,0.393703
ACACTGGGACAGTCGT-1,0.175622,0.284957,0.539421
ACAGAACTGAGAACAA-1,0.075587,0.006927,0.917485
ACAGCATAGAGCCAGT-1,0.998434,0.000196,0.00137
ACAGCGACATTCTCAT-1,0.065102,0.187519,0.747379
ACAGCGCACCCGCAGC-1,0.597221,0.000048,0.402731
ACAGGAGGCGCAGCCG-1,0.815074,0.074237,0.110689
ACAGGCACGGATCCTT-1,0.004637,0.206114,0.789249
ACAGGCTTGCCCGACT-1,0.299678,0.033596,0.666726
ACAGGTGGAGGTGAGG-1,0.390682,0.000025,0.609293
ACAGGTGTGTTGTTGC-1,0.003498,0.082758,0.913744
ACAGTAATACAACTTG-1,0.584554,0.118533,0.296912
ACAGTATACCGTGGGA-1,0.40441,0.425787,0.169803
ACAGTGCAGCGCATTT-1,0.5796,0.08812,0.33228
ACATAAGTCGTGGTGA-1,0.165546,0.127288,0.707166
ACATAATAAGGCGGTG-1,0.568256,0.007135,0.424609
ACATACAATCAAGCGG-1,0.000768,0.00131,0.997922
ACATCAGCTGGGACGC-1,0.173566,0.18595,0.640483
ACATCCCGGCCATACG-1,0.637334,0.000088,0.362578
ACATCCTGGTAACTGT-1,0.277669,0.371706,0.350625
ACATCGATCGTTTACC-1,0.367562,0.000048,0.63239
ACATCGCAATATTCGG-1,0.003369,0.04715,0.94948
ACATCGGTCAGCCGCG-1,0.542095,0.077307,0.380599
ACATCGTATGCAATGG-1,0.359267,0.110652,0.53008
ACATCGTTAACCTAGT-1,0.8579,0.000063,0.142037
ACATCTCAACGCGTAA-1,0.698987,0.225379,0.075634
ACATGCTTACGGCAGC-1,0.002556,0.000007,0.997437
ACATGGCGCCAAAGTA-1,0.000434,0.027672,0.971894
ACATGGCTCAATTTAG-1,0.470518,0.008241,0.521241
ACATTAGTTTATATCC-1,0.804974,0.123551,0.071475
ACATTCGCGCGGAATA-1,0.057597,0.00073,0.941673
ACATTTGAAACCTAAC-1,0.019242,0.00123,0.979528
ACCAAACACCCAGCGA-1,0.264665,0.197179,0.538157
ACCAACACCACACACT-1,0.26945,0.291018,0.439532
ACCAACCGCACTCCAC-1,0.21463,0.103235,0.682135
ACCAACGCTTATTTAT-1,0.624726,0.000087,0.375187
ACCAAGAACGCGTGTC-1,0.310543,0.000207,0.68925
ACCAAGTCATCGGCAG-1,0.167277,0.078449,0.754274
ACCAATATGCAAGTTA-1,0.121657,0.001058,0.877284
ACCACAACTCAGAACA-1,0.692465,0.016635,0.2909
ACCACAAGTTTCTATC-1,0.816334,0.010355,0.173311
ACCACACGGTTGATGG-1,0.036115,0.1085,0.855384
ACCACCAATGTAACAA-1,0.848291,0.133448,0.018261
ACCACCCTCTCTTCTA-1,0.154996,0.48654,0.358465
ACCACGTGCAGCTATA-1,0.682621,0.134709,0.18267
ACCACTGTTCAAGAAG-1,0.330248,0.201074,0.468678
ACCAGACCATAACAAC-1,0.152693,0.01095,0.836357
ACCAGCCCGGTCTTTG-1,0.999471,0.000066,0.000463
ACCAGTGCCCGGTCAA-1,0.423063,0.00701,0.569927
ACCAGTGCGGGAGACG-1,0.039068,0.036189,0.924744
ACCATATCCGCAATAA-1,0.999414,0.000073,0.000513
ACCATCCGCCAACTAG-1,0.176835,0.292621,0.530544
ACCATCGTATATGGTA-1,0.334152,0.010103,0.655745
ACCATTAAGGGTGTCA-1,0.52373,0.227712,0.248558
ACCCAACGCCCGTGGC-1,0.372296,0.035362,0.592342
ACCCACCTACATGCTC-1,0.497132,0.055815,0.447052
ACCCATCTTGAGGGTA-1,0.541368,0.016467,0.442166
ACCCATTTGTCCCTCT-1,0.034439,0.011428,0.954133
ACCCGAGCGAAATTAC-1,0.324651,0.13286,0.542489
ACCCGATTGGTTCCGA-1,0.382369,0.103974,0.513657
ACCCGGAAACTCCCAG-1,0.926594,0.000037,0.07337
ACCCGGAGCACCACAA-1,0.126715,0.559185,0.3141
ACCCGGATGACGCATC-1,0.233264,0.000023,0.766712
ACCCGGTTACACTTCC-1,0.947481,0.000075,0.052444
ACCCGTAGCAGAGAAT-1,0.002886,0.32187,0.675244
ACCCGTAGTCTAGTTG-1,0.009122,0.075305,0.915573
ACCCGTGTCATCAGTA-1,0.956854,0.042534,0.000612
ACCCTATAGGACTGAG-1,0.254591,0.000048,0.745361
ACCCTATGCCATATCG-1,0.156495,0.000193,0.843312
ACCCTCCCGTCAGGGC-1,0.022872,0.253498,0.72363
ACCCTCCCTTGCTATT-1,0.568965,0.188869,0.242166
ACCCTGGTAACGCCCT-1,0.405085,0.546464,0.048451
ACCCTTCATCTGCGAA-1,0.590577,0.00008,0.409344
ACCCTTGCCTGGGTCG-1,0.427601,0.021874,0.550526
ACCCTTTAGTTCTCCA-1,0.578103,0.0488,0.373096
ACCGAAAGGGCCCTGC-1,0.435848,0.000044,0.564108
ACCGAAGAGTCTGGTT-1,0.12281,0.034467,0.842723
ACCGACACATCTCCCA-1,0.961769,0.004205,0.034027
ACCGACTGAGTCCCAC-1,0.30541,0.000027,0.694562
ACCGAGTCTCCTTATT-1,0.003589,0.220899,0.775512
ACCGATAGGCATAACC-1,0.034437,0.108546,0.857017
ACCGATATTTAATCAT-1,0.108153,0.307014,0.584833
ACCGATGGTAGCATCG-1,0.000028,0.000014,0.999958
ACCGCAATAACTGCCT-1,0.532311,0.061609,0.40608
ACCGCGGTGGAAGTCG-1,0.213589,0.002506,0.783905
ACCGCTAGTCATTGGT-1,0.051038,0.126902,0.82206
ACCGGGCCTTTGTTGA-1,0.100705,0.035108,0.864187
ACCGGTCAGGTACACC-1,0.055783,0.130936,0.81328
ACCGGTCTGAGTACGG-1,0.581044,0.266578,0.152378
ACCGTCCACTGGGCCC-1,0.06601,0.215315,0.718674
ACCGTGACCACGTGGG-1,0.138314,0.041669,0.820018
ACCGTTCCCGCTCTGA-1,0.763476,0.000075,0.236449
ACCTAAGTACCTTTCA-1,0.087953,0.000021,0.912026
ACCTAATCGACTTCCT-1,0.116846,0.000017,0.883137
ACCTACAGTATGTGGT-1,0.258488,0.654098,0.087414
ACCTACTATAAATCTA-1,0.227687,0.000091,0.772222
ACCTCAGCGAGGCGCA-1,0.3102,0.198133,0.491667
ACCTCCGCCCTCGCTG-1,0.203731,0.540748,0.255521
ACCTCCGTTATTCACC-1,0.504041,0.342298,0.153662
ACCTCGAACTTATGCT-1,0.222792,0.167332,0.609876
ACCTGCGTGTCATGTT-1,0.302758,0.05316,0.644082
ACGAAATGGGCGGCAC-1,0.040512,0.000028,0.95946
ACGACCCATGAGTTGC-1,0.02286,0.226855,0.750285
ACGACTCTAGGGCCGA-1,0.033317,0.037606,0.929078
ACGACTGGTCATACTC-1,0.073845,0.046349,0.879806
ACGAGAACCCATCACG-1,0.952645,0.00007,0.047285
ACGAGATATTTGCTTA-1,0.618644,0.000097,0.381259
ACGAGGATACCACTCT-1,0.016647,0.011308,0.972045
ACGAGGTTTACAACGT-1,0.0506,0.026445,0.922955
ACGAGTACGGATGCCC-1,0.590769,0.391384,0.017847
ACGAGTCGCCGGCGTT-1,0.684889,0.170249,0.144863
ACGATACATAGAACTA-1,0.581614,0.035406,0.38298
ACGATACCTATCCTGA-1,0.11191,0.058675,0.829415
ACGATCATACATAGAG-1,0.615304,0.00004,0.384656
ACGATCATCTTGTAAA-1,0.124481,0.026794,0.848725
ACGATGCATATGTTAT-1,0.462356,0.027696,0.509948
ACGATGGATCCGATGC-1,0.699162,0.000057,0.300781
ACGCAAACTAATAGAT-1,0.680858,0.032648,0.286494
ACGCAATCACTACAGC-1,0.39771,0.365123,0.237167
ACGCATAAATGACATG-1,0.408979,0.17876,0.412261
ACGCATACGTTTACTA-1,0.266453,0.32487,0.408677
ACGCATTCGTGAGTAC-1,0.529881,0.000033,0.470087
ACGCCACTCGAAACAG-1,0.651356,0.014996,0.333648
ACGCCAGATGATTTCT-1,0.999206,0.000099,0.000695
ACGCCAGTGCGTTTGC-1,0.000357,0.251971,0.747671
ACGCCCAGCTGTCGAT-1,0.70309,0.004954,0.291955
ACGCCGCTAGACGACC-1,0.792733,0.000052,0.207215
ACGCCTGACACGCGCT-1,0.057127,0.223356,0.719517
ACGCGAAGTCAGACGA-1,0.749877,0.000044,0.250078
ACGCGCTACACAGGGT-1,0.44761,0.082183,0.470208
ACGCGGGCCAAGGACA-1,0.685733,0.000053,0.314214
ACGCGTTTCTTAAGAG-1,0.00114,0.000019,0.998841
ACGCTACTGAATGGGC-1,0.000019,0.00001,0.999971
ACGCTAGTATCAGTGC-1,0.386205,0.000035,0.61376
ACGCTAGTGATACACT-1,0.399163,0.429941,0.170896
ACGCTGTGAGGCGTAG-1,0.020105,0.000034,0.97986
ACGCTTAGTGTCTCTC-1,0.856386,0.143108,0.000507
ACGGAACACGAGTGCC-1,0.206227,0.218417,0.575356
ACGGAATTTAGCAAAT-1,0.277331,0.00002,0.722649
ACGGACGCAGCGACAA-1,0.074888,0.24105,0.684062
ACGGACTCTCAAAGCG-1,0.567928,0.000033,0.432039
ACGGAGCGCAAATTAC-1,0.105644,0.088595,0.805761
ACGGATGGTGCGGATA-1,0.044913,0.000012,0.955075
ACGGCACTTGCTTGGG-1,0.865215,0.134023,0.000762
ACGGCCAACATGGACT-1,0.345309,0.000129,0.654562
ACGGCGACGATGGGAA-1,0.641334,0.013071,0.345594
ACGGCGGGTTGCCCTG-1,0.96523,0.033728,0.001042
ACGGCTGGATGTAGAA-1,0.170355,0.331733,0.497911
ACGGGAGTGTCGGCCC-1,0.501375,0.166966,0.331659
ACGGGCGTATGCGACA-1,0.161307,0.061811,0.776882
ACGGGTCATGTGACTT-1,0.666237,0.018857,0.314906
ACGGGTTGTGACCTGT-1,0.000049,0.143659,0.856292
ACGGTACAGTTCAATG-1,0.149074,0.000012,0.850914
ACGGTCACCGAGAACA-1,0.148605,0.195545,0.65585
ACGTACAGATTTCTCT-1,0.998852,0.000144,0.001005
ACGTACTTTGGCACGG-1,0.56688,0.109582,0.323538
ACGTAGATTGCTGATG-1,0.344763,0.035273,0.619964
ACGTAGGAGAGTCGCT-1,0.123608,0.023394,0.852998
ACGTATTACTCCGATC-1,0.184436,0.00216,0.813404
ACGTCGGGCAACTCGG-1,0.013649,0.332603,0.653748
ACGTCTCGTTCCGGGA-1,0.000027,0.000254,0.999719
ACGTGACAAAGTAAGT-1,0.000023,0.016587,0.983391
ACGTGCGCCTCGTGCA-1,0.229791,0.000032,0.770177
ACGTGGTCGAATGTGC-1,0.75552,0.000063,0.244417
ACGTTAATGTCGAAGA-1,0.938617,0.000052,0.06133
ACGTTAGATTTGCCCG-1,0.170283,0.000024,0.829693
ACGTTATTGGTCACTC-1,0.36688,0.000032,0.633088
ACGTTCACTATGCCGC-1,0.039342,0.001795,0.958864
ACGTTCCGCGCTCCGT-1,0.463499,0.000086,0.536415
ACGTTCGCAATCAATT-1,0.885824,0.111045,0.00313
ACGTTCGTTCAGGAAA-1,0.020375,0.005229,0.974396
ACGTTCTGTACAAGTC-1,0.007896,0.045982,0.946122
ACGTTGTCGTTGAAAG-1,0.006556,0.14291,0.850534
ACGTTTAGTTGTGATC-1,0.851038,0.000078,0.148884
ACGTTTCGGTGCACTT-1,0.00008,0.447859,0.552062
ACTAAGGACGCACACC-1,0.019262,0.268551,0.712186
ACTAATACGTCAGGCG-1,0.607029,0.134956,0.258015
ACTACAAAGAGAGGTG-1,0.423726,0.005146,0.571129
ACTACATCCCGACAAG-1,0.123713,0.079925,0.796362
ACTACCAGCTCTCTGG-1,0.959226,0.032349,0.008425
ACTACCATCCGAGGGC-1,0.000025,0.01349,0.986486
ACTACGCGTTAGAATT-1,0.809432,0.078273,0.112295
ACTAGTTGCGATCGTC-1,0.08021,0.051811,0.86798
ACTATATGCTGTGTTC-1,0.239898,0.482736,0.277366
ACTATCCAGGGCATGG-1,0.076657,0.031674,0.891669
ACTATCGCCGGCTAAA-1,0.145208,0.037134,0.817657
ACTATCTGCCCGCGTA-1,0.310892,0.377076,0.312033
ACTATGTCCAGCTGCC-1,0.159743,0.221079,0.619178
ACTATTCGTCCGTGGT-1,0.647726,0.000122,0.352152
ACTATTTCCGGGCCCA-1,0.217997,0.000425,0.781579
ACTCAACGAATGTATT-1,0.999198,0.000099,0.000704
ACTCAAGTGCAAGGCT-1,0.491919,0.114969,0.393111
ACTCAATAAAGGCACG-1,0.712227,0.000062,0.287711
ACTCAGACCTGCTTCT-1,0.472304,0.000235,0.527461
ACTCATGGCAGCCTTC-1,0.068212,0.002881,0.928906
ACTCCAATATCATCAT-1,0.356591,0.026893,0.616516
ACTCCCATTCCTAAAG-1,0.004643,0.008106,0.987251
ACTCCCGAATTCGTTT-1,0.565818,0.349337,0.084845
ACTCCCGTAGACTAGG-1,0.338126,0.572887,0.088987
ACTCCCTAATGCTAAA-1,0.682832,0.038932,0.278237
ACTCCCTAGAATAGTA-1,0.536801,0.031537,0.431662
ACTCCGGCCGACCACT-1,0.000035,0.103336,0.896628
ACTCGATGTATTTCAT-1,0.575554,0.045567,0.378879
ACTCGCCGTTCGATAA-1,0.000012,0.000006,0.999982
ACTCGCGATCTGACGC-1,0.449013,0.550505,0.000482
ACTCGTAACCCGTCCT-1,0.378577,0.041662,0.579761
ACTCGTCAGTAATCCC-1,0.005604,0.000019,0.994378
ACTCTAAACCTGGGAT-1,0.000033,0.015306,0.984661
ACTCTCTGACTTAGGT-1,0.034745,0.082197,0.883058
ACTCTCTTATACACGA-1,0.231768,0.000855,0.767377
ACTCTGACCTAATAGA-1,0.000016,0.032943,0.967041
ACTCTTCAGCTCCCGC-1,0.334749,0.629626,0.035625
ACTCTTGTATAGTAAC-1,0.854085,0.038517,0.107398
ACTGAAACGCCGTTAG-1,0.198235,0.047845,0.75392
ACTGAATGGCGAAAGT-1,0.549425,0.062925,0.38765
ACTGATTTAGTGATTC-1,0.476756,0.176267,0.346977
ACTGCCCGCCATTCTC-1,0.240825,0.265414,0.493761
ACTGCCGTCGTAACTC-1,0.78157,0.000101,0.218328
ACTGCGGACACACCGT-1,0.419311,0.507012,0.073677
ACTGCTCGGAAGGATG-1,0.285886,0.132502,0.581612
ACTGGCGAACCTGCGT-1,0.134126,0.55311,0.312763
ACTGGGATGCCAGTGC-1,0.56156,0.406724,0.031716
ACTGTACGATACACAT-1,0.416252,0.026318,0.55743
ACTGTAGCACTTTGGA-1,0.661972,0.000084,0.337944
ACTGTATACGCGAGCA-1,0.999089,0.000114,0.000798
ACTGTCCAGGATTATA-1,0.999294,0.000088,0.000617
ACTGTCTTCTTTAGAA-1,0.574992,0.000069,0.424939
ACTGTGCTAGTAGATC-1,0.998908,0.000136,0.000955
ACTTACCGGGCGCGCA-1,0.519987,0.364414,0.115599
ACTTACGCATCCACGC-1,0.367087,0.004648,0.628265
ACTTAGTACGACAAGA-1,0.999377,0.000078,0.000545
ACTTATACTTACCCGG-1,0.097093,0.000036,0.902871
ACTTATTAGGATCGGT-1,0.587655,0.000252,0.412094
ACTTATTTATGTGCCA-1,0.272968,0.000024,0.727009
ACTTCAGGCTGATCCC-1,0.454149,0.038039,0.507812
ACTTCCAGTGGAAGCT-1,0.017203,0.041842,0.940955
ACTTCCATGCGGGACA-1,0.313536,0.07043,0.616034
ACTTCCTGTCGTGCGA-1,0.322219,0.183524,0.494256
ACTTCGCCATACGCAC-1,0.115574,0.000032,0.884394
ACTTCGCTAGCGAGTG-1,0.066748,0.389976,0.543276
ACTTGACTCCCTCTTT-1,0.580557,0.099116,0.320327
ACTTGCTCTATCTACC-1,0.003084,0.424094,0.572822
ACTTGGGACCCGGTGG-1,0.813346,0.173748,0.012906
ACTTGGGCTTTCGCCA-1,0.302071,0.0229,0.67503
ACTTGTAGTCCCTTCA-1,0.102806,0.064208,0.832985
ACTTGTGGATGGAACG-1,0.437395,0.172935,0.38967
ACTTGTTACCGGATCA-1,0.163953,0.090399,0.745648
ACTTTACCCTCATGAA-1,0.388358,0.405281,0.206361
ACTTTATACACCACTT-1,0.000047,0.16521,0.834743
ACTTTCCTATAGCTTC-1,0.86172,0.00008,0.1382
ACTTTGACTGCATCCT-1,0.247022,0.298188,0.45479
ACTTTGGTCGTGCTCC-1,0.001348,0.018299,0.980353
ACTTTGTCGACGCACT-1,0.065127,0.286538,0.648335
AGAAATTATGACTCGC-1,0.30337,0.111635,0.584996
AGAACACGGCGATGGT-1,0.001187,0.236703,0.762109
AGAACCCAGCGTGACA-1,0.513078,0.486628,0.000294
AGAACCCTCAATTGGG-1,0.158314,0.414397,0.427289
AGAACGTGGTACATTC-1,0.674139,0.000043,0.325818
AGAACTGTACTTTGTA-1,0.174209,0.497258,0.328533
AGAAGAGCGCCGTTCC-1,0.129497,0.302042,0.568461
AGAAGGTACACTTCAC-1,0.000024,0.000012,0.999964
AGAAGGTTGCCGAATT-1,0.70642,0.013591,0.279989
AGAAGGTTGTAGGTCG-1,0.558136,0.019071,0.422793
AGAAGTGATTCGTGAT-1,0.330799,0.044463,0.624738
AGAATAAATCTTCAGG-1,0.071265,0.180491,0.748245
AGAATACAGGCTATCC-1,0.282625,0.425743,0.291632
AGAATGCGGGTTCGGA-1,0.624402,0.308721,0.066876
AGAATTATGGATTCGA-1,0.457126,0.007164,0.53571
AGAATTGTTTGACATA-1,0.744399,0.044911,0.210691
AGACAGCTCAGAATCC-1,0.01814,0.005756,0.976104
AGACAGGCATCTCAGC-1,0.226131,0.738663,0.035206
AGACATAGATCCTTCC-1,0.353939,0.00017,0.645891
AGACCAAACCACACCT-1,0.090939,0.071402,0.837659
AGACCATGGGATACAA-1,0.481281,0.000042,0.518677
AGACCCACCGCTGATC-1,0.537325,0.000036,0.46264
AGACCCGCCCTCCTCG-1,0.999385,0.000077,0.000538
AGACCGCTCCGCGGTT-1,0.061414,0.018689,0.919897
AGACCGGGAAACCCTG-1,0.215291,0.125109,0.6596
AGACGAAGTGCCGGTC-1,0.158206,0.016215,0.825578
AGACGACGATGCCGCT-1,0.509081,0.041921,0.448998
AGACGCCCACTTCGCC-1,0.449417,0.200824,0.349759
AGACGGGATTGGTATA-1,0.355962,0.031981,0.612057
AGACGGGCCGATTTAA-1,0.754129,0.15733,0.088541
AGACTAGCCTTCCAGA-1,0.372097,0.000052,0.627851
AGACTGTTACCGGGTC-1,0.340688,0.046126,0.613186
AGAGAAACACCAGAAA-1,0.149135,0.070371,0.780494
AGAGAACCGTCTAGGA-1,0.49544,0.06673,0.43783
AGAGAAGGAGTACAAT-1,0.138351,0.001218,0.860431
AGAGATCTCTAAAGCG-1,0.170326,0.134028,0.695646
AGAGCAGTTATGAGAC-1,0.283496,0.094371,0.622133
AGAGCCGCCGAGATTT-1,0.159648,0.476834,0.363518
AGAGCGCTTGTAACGG-1,0.368335,0.154553,0.477112
AGAGCGGGCTAATCAT-1,0.664299,0.000071,0.33563
AGAGCGTACAAGCTCG-1,0.089109,0.000024,0.910867
AGAGCTACGAAAGCAT-1,0.17683,0.000023,0.823147
AGAGGCTTCGGAAACC-1,0.042829,0.000014,0.957157
AGAGGGACAATTGTCC-1,0.372361,0.57559,0.052049
AGAGTAAACTTCACTA-1,0.362656,0.000018,0.637327
AGAGTATAGTGTTACG-1,0.809437,0.146239,0.044324
AGAGTCTTAATGAAAG-1,0.168592,0.254973,0.576435
AGAGTGAACAGACACC-1,0.282672,0.104024,0.613304
AGAGTTAGAGACCGAT-1,0.54545,0.036775,0.417774
AGAGTTGCAGGCCTCC-1,0.192402,0.458963,0.348636
AGATAACTTCAGGGCC-1,0.843803,0.000042,0.156155
AGATAATCACACCTAT-1,0.049154,0.009049,0.941797
AGATACCAATAGAACC-1,0.363326,0.321392,0.315282
AGATACCAGCACTTCA-1,0.658771,0.255569,0.08566
AGATACCGGTGTTCAC-1,0.300399,0.004455,0.695146
AGATACGACTTCATAT-1,0.999342,0.000082,0.000576
AGATACTCAAGATCGA-1,0.152308,0.000024,0.847667
AGATATAATACGACTA-1,0.786261,0.030081,0.183658
AGATCGTGCATAAGAT-1,0.455114,0.023966,0.520919
AGATCTCAGGTGTGAT-1,0.168407,0.000046,0.831547
AGATCTGGAGAGGATA-1,0.000022,0.015754,0.984225
AGATGACTCGCCCACG-1,0.999166,0.000104,0.000729
AGATGAGGGTTGCGAT-1,0.047998,0.000014,0.951988
AGATGATGGAGTCTGG-1,0.544927,0.127135,0.327938
AGATGCAAGACGTGCA-1,0.203575,0.065265,0.731161
AGATGCATCCTGTGTC-1,0.149488,0.11494,0.735573
AGATGCTATAACGAGC-1,0.696441,0.003734,0.299825
AGATTATAGGACGTTT-1,0.751581,0.125345,0.123074
AGATTCAAGCGGGTCG-1,0.060104,0.000546,0.939351
AGATTCACAACCGATA-1,0.08054,0.10542,0.81404
AGCAAAGGCCGCTAGT-1,0.553784,0.008556,0.43766
AGCAACATATCTTATT-1,0.122702,0.004826,0.872471
AGCAACCGAAAGTAAT-1,0.257533,0.136948,0.60552
AGCACACGTTTAGACT-1,0.112158,0.188128,0.699714
AGCACCAGTACTCACG-1,0.837596,0.000063,0.162341
AGCACTACCGGCCTGT-1,0.136347,0.00103,0.862623
AGCACTACCTCACCAG-1,0.158832,0.02612,0.815048
AGCACTTAAGGACGCC-1,0.203806,0.000035,0.79616
AGCAGAAGGAGAAAGA-1,0.962369,0.000026,0.037605
AGCAGCCAGATGAATA-1,0.643823,0.000069,0.356108
AGCAGTCGAAGCATGC-1,0.064524,0.105951,0.829525
AGCATATCAATATGCT-1,0.281307,0.001229,0.717464
AGCATCATTTCGAAAG-1,0.038571,0.052381,0.909048
AGCATCGTCGATAATT-1,0.523485,0.000049,0.476466
AGCATTACGAGGCAAG-1,0.147984,0.19514,0.656877
AGCCAAGCTTTGTGTC-1,0.240521,0.000152,0.759327
AGCCACAGGTTACCCG-1,0.131448,0.064683,0.803869
AGCCACTCCCGTGCTT-1,0.040948,0.000028,0.959025
AGCCATATAGTATGTG-1,0.888456,0.11103,0.000514
AGCCCATACATGTAAG-1,0.252695,0.001182,0.746123
AGCCCGCAACAAGCAG-1,0.857913,0.141727,0.000359
AGCCCGCACTACAATG-1,0.098976,0.292088,0.608936
AGCCCGGCATTAGAGG-1,0.329946,0.206349,0.463705
AGCCCGGTAGCCTGTA-1,0.790493,0.000037,0.20947
AGCCCTAAGCGAAGTT-1,0.80845,0.000077,0.191472
AGCCCTCCCTGGTGGC-1,0.264708,0.234195,0.501097
AGCCCTGTCGCACCGT-1,0.405142,0.594045,0.000813
AGCCCTTCTAATCCGA-1,0.013966,0.145858,0.840176
AGCCCTTGGACATCCC-1,0.453087,0.23767,0.309243
AGCCGCAAATTCAAAT-1,0.012275,0.018311,0.969413
AGCCGCTTGATTAGCG-1,0.500683,0.060367,0.43895
AGCCGTGGCTAAATGT-1,0.058378,0.089033,0.852589
AGCCTAATACCCACGT-1,0.202474,0.006715,0.790811
AGCCTTAAAGCGGAAG-1,0.200343,0.001821,0.797837
AGCCTTGTCACTGATA-1,0.000108,0.403299,0.596593
AGCGACAGGAACGGTC-1,0.002207,0.000013,0.99778
AGCGACATCCCATTCA-1,0.598434,0.000086,0.40148
AGCGACCAACGATATT-1,0.484274,0.000041,0.515686
AGCGACTTTGAAGACA-1,0.077679,0.046564,0.875757
AGCGAGACGTGAAGGC-1,0.117303,0.100441,0.782255
AGCGATGCGCCTAATA-1,0.001363,0.014338,0.984299
AGCGCATAATGAATCG-1,0.884931,0.093179,0.021889
AGCGCGGGTGCCAATG-1,0.044934,0.000018,0.955048
AGCGCTAGAGCGATGT-1,0.296581,0.630946,0.072473
AGCGCTTATGGGCAAG-1,0.138601,0.000015,0.861383
AGCGGACACTTCGTAG-1,0.999471,0.000066,0.000463
AGCGGCGGTTAGCGGT-1,0.289813,0.013373,0.696814
AGCGGGAAGGGTCCAT-1,0.915321,0.00008,0.0846
AGCGGGTCTGACACTC-1,0.576096,0.12981,0.294095
AGCGGTTGAGATGTAC-1,0.898417,0.011729,0.089854
AGCGGTTGCCGCTCTG-1,0.3846,0.324564,0.290836
AGCGTACGAGAGCTAG-1,0.768473,0.000065,0.231462
AGCGTAGCGCTAGACC-1,0.937766,0.054906,0.007327
AGCGTCTGAACCCGCA-1,0.505977,0.012329,0.481693
AGCGTGGTATTCTACT-1,0.6916,0.018533,0.289867
AGCGTTCCGATTTAAA-1,0.150808,0.000062,0.849131
AGCTAACAAGCAATGT-1,0.416758,0.032162,0.551081
AGCTAAGCTCCGTCCG-1,0.000027,0.000925,0.999049
AGCTAAGTACGCAGGC-1,0.272453,0.207903,0.519643
AGCTACGAATGGTGGT-1,0.008228,0.011074,0.980698
AGCTAGAAGCAGAAGT-1,0.72924,0.219526,0.051234
AGCTATTTAATCCAAC-1,0.900959,0.000079,0.098962
AGCTCCATATATGTTC-1,0.33098,0.338137,0.330884
AGCTCCTTCGCACATC-1,0.091449,0.019458,0.889093
AGCTCGTTGATGGAAA-1,0.211312,0.527134,0.261554
AGCTCTAGACGTTCCA-1,0.400151,0.048095,0.551754
AGCTCTTCCCAGTGCA-1,0.472376,0.084625,0.442998
AGCTCTTCGTAACCTT-1,0.170221,0.233246,0.596532
AGCTCTTTACTCAGTT-1,0.860984,0.049635,0.089381
AGCTGAAGTAAACCAA-1,0.099495,0.00002,0.900485
AGCTGCATTTGAGGTG-1,0.147109,0.03867,0.814221
AGCTGCTGTGCCGAAT-1,0.425852,0.03128,0.542867
AGCTGTAACCTCAATC-1,0.314757,0.060749,0.624494
AGCTTCTTCTCGAGCA-1,0.000023,0.051222,0.948755
AGCTTGATCAGGGTAG-1,0.000051,0.181266,0.818683
AGCTTGATCTTAACTT-1,0.177701,0.143626,0.678673
AGGAAAGCCTCTGATG-1,0.345822,0.070764,0.583413
AGGAACGAACGACTTC-1,0.030198,0.553486,0.416316
AGGAAGCTGTCCGCCG-1,0.62445,0.000048,0.375502
AGGACAGTCGAATCCC-1,0.250044,0.013612,0.736343
AGGACATCGCACGTCG-1,0.999042,0.00012,0.000839
AGGACATCGGCACACT-1,0.058649,0.272088,0.669263
AGGACGACCCATTAGA-1,0.41016,0.000092,0.589748
AGGACGCTCGATGTTG-1,0.291354,0.083092,0.625553
AGGACTTATAGGAGAA-1,0.096908,0.097675,0.805417
AGGAGACATCCACAGT-1,0.235481,0.439328,0.325191
AGGAGAGTCTGGCTAC-1,0.39483,0.23819,0.36698
AGGAGCGTTTATTATC-1,0.00236,0.00963,0.98801
AGGAGGCCTTCGCGCG-1,0.248622,0.053144,0.698234
AGGATAAAGTCGGGAT-1,0.798951,0.00616,0.194888
AGGATATAGGGATTTA-1,0.016867,0.003694,0.97944
AGGATATCCGACTGCA-1,0.126764,0.016231,0.857005
AGGATCACGCGATCTG-1,0.263949,0.080855,0.655196
AGGATTGCTTACGACA-1,0.413273,0.525181,0.061545
AGGCAATACGGAGGAC-1,0.697762,0.220281,0.081958
AGGCACGTGACTGTCC-1,0.074699,0.119669,0.805632
AGGCAGATGCGTAAAC-1,0.352651,0.027204,0.620145
AGGCAGGGAGCGTACT-1,0.637765,0.017837,0.344398
AGGCATTGTCGTAGGG-1,0.17822,0.099775,0.722005
AGGCCACATTGGTTAC-1,0.598867,0.366561,0.034572
AGGCCACCCGTTATGA-1,0.609549,0.000036,0.390415
AGGCCCAGTGACTGGT-1,0.273734,0.000036,0.72623
AGGCCCATTGTACAGG-1,0.906539,0.000133,0.093328
AGGCCCTAGAACGCCA-1,0.219738,0.105848,0.674415
AGGCCTATCATACCAA-1,0.489065,0.404304,0.106631
AGGCCTGAGAATCTCG-1,0.068412,0.048411,0.883177
AGGCGATAACTGGCGT-1,0.182257,0.319276,0.498467
AGGCGGTTTGTCCCGC-1,0.088733,0.158482,0.752785
AGGCGTCTATGGACGG-1,0.530747,0.293221,0.176031
AGGCTATGGTTAGCTT-1,0.223621,0.01166,0.764719
AGGCTTAAGTTGCACA-1,0.226852,0.001825,0.771323
AGGCTTCCCGAAGAAG-1,0.090515,0.000019,0.909467
AGGCTTGCTAGACACC-1,0.475143,0.000065,0.524792
AGGGAAACGAGGTACT-1,0.664791,0.056965,0.278244
AGGGACCGGCTGCGTT-1,0.098562,0.085847,0.815591
AGGGACTCTACGCGAC-1,0.999647,0.000044,0.000309
AGGGAGACATACTTCG-1,0.746823,0.230565,0.022612
AGGGCAGCGGCGTGGT-1,0.551567,0.000051,0.448382
AGGGCCCTAATGTTCT-1,0.214164,0.633375,0.152461
AGGGCGAGCAGCTGAT-1,0.135349,0.074008,0.790642
AGGGCGTGATCGGCTA-1,0.498467,0.123988,0.377545
AGGGCTGCAGTTACAG-1,0.81148,0.00005,0.18847
AGGGTCAGAGCACTCG-1,0.274513,0.091732,0.633755
AGGGTCAGTAACCCTA-1,0.309565,0.272467,0.417968
AGGGTCGATGCGAACT-1,0.356398,0.094356,0.549246
AGGGTCTGGACGCAGT-1,0.083262,0.021942,0.894797
AGGGTGCCGTTCTTTA-1,0.142385,0.197365,0.66025
AGGGTGCTCTCGAGGG-1,0.121661,0.000021,0.878318
AGGGTGGATAGTGCAT-1,0.101192,0.188219,0.710589
AGGGTGTGCTACACGC-1,0.329148,0.243116,0.427736
AGGGTTCAGACGGTCC-1,0.395252,0.073346,0.531402
AGGGTTCCCTTTGGTT-1,0.248574,0.168117,0.583309
AGGGTTTAGTTCGGGA-1,0.675888,0.000061,0.324051
AGGTAACCTCCTATTC-1,0.929265,0.000142,0.070592
AGGTACGATATTGCCA-1,0.008785,0.00003,0.991184
AGGTAGATCGAGATAT-1,0.135451,0.0248,0.839749
AGGTAGGTACAAAGCT-1,0.182489,0.011316,0.806195
AGGTATAATTGATAGT-1,0.49564,0.21928,0.28508
AGGTATGCGGACATTA-1,0.759099,0.055683,0.185219
AGGTCAGGTGAGAGTG-1,0.001795,0.000014,0.998191
AGGTCGCCACTTCGGT-1,0.999094,0.000113,0.000793
AGGTCGCCTCCCAACA-1,0.082311,0.289651,0.628037
AGGTCGCGGAGTTACT-1,0.128907,0.057507,0.813586
AGGTGCACGTCCACAT-1,0.010338,0.050172,0.93949
AGGTGGTGACCTTCGC-1,0.628498,0.234978,0.136524
AGGTGTATCGCCATGA-1,0.133492,0.06057,0.805938
AGGTGTTGCCGACCAC-1,0.000037,0.149536,0.850427
AGGTTACACCATGCCG-1,0.471938,0.454437,0.073625
AGGTTCTCCTTTCCGG-1,0.091451,0.150587,0.757962
AGGTTGAGGCACGCTT-1,0.932914,0.051183,0.015903
AGGTTTCACACACCTT-1,0.416139,0.000038,0.583823
AGTAACGTTCATCCTG-1,0.204898,0.000019,0.795083
AGTAACTATAGCAGCC-1,0.030933,0.093326,0.875741
AGTAAGGGACAGAATC-1,0.200702,0.16718,0.632118
AGTAATCTAAGGGTGG-1,0.014695,0.031147,0.954159
AGTAATGTCTTGCCGC-1,0.95348,0.019157,0.027363
AGTAATTTGCAAGCGT-1,0.000034,0.018617,0.981349
AGTACAGAAGCTTATA-1,0.049889,0.033995,0.916116
AGTACATCATTTATCA-1,0.071688,0.245109,0.683203
AGTACCTTCGAGTGCT-1,0.011283,0.012665,0.976052
AGTACGGCCCGTATCG-1,0.131596,0.149133,0.719271
AGTACGGGCACCTGGC-1,0.532385,0.047073,0.420542
AGTACGTGGCCTGTCT-1,0.2066,0.093485,0.699915
AGTACTCTTATGCCCA-1,0.125755,0.029723,0.844522
AGTAGAAGGCGCCTCA-1,0.689829,0.200421,0.10975
AGTAGCTAGACGCCGA-1,0.294297,0.170969,0.534734
AGTAGGAAGGAAGTTG-1,0.357359,0.058697,0.583944
AGTAGGTAACATACAT-1,0.411629,0.000081,0.58829
AGTATAATACTAGGCA-1,0.688467,0.012669,0.298864
AGTATACACAGCGACA-1,0.654602,0.096514,0.248884
AGTATCCATAATAACG-1,0.899255,0.000035,0.10071
AGTATGCTGGAGACCA-1,0.366216,0.060266,0.573518
AGTATTTGGCACGACC-1,0.99932,0.000085,0.000595
AGTCAAATGATGTGAT-1,0.047737,0.056041,0.896222
AGTCAACACCACCATC-1,0.848219,0.052749,0.099032
AGTCAAGATGACACTT-1,0.160291,0.000019,0.83969
AGTCACTAGCTCTCGA-1,0.012657,0.173909,0.813434
AGTCACTCCGCCTCAT-1,0.957662,0.000146,0.042192
AGTCAGCCACCGCCTG-1,0.165554,0.000034,0.834412
AGTCCAGCGGGTACGT-1,0.99886,0.000142,0.000997
AGTCCATTGGCTGATG-1,0.205408,0.412479,0.382114
AGTCCCGCCTTTAATT-1,0.599973,0.000057,0.39997
AGTCCCTCGCAGAAAG-1,0.076062,0.546618,0.37732
AGTCGAAACGATTCAG-1,0.235446,0.124577,0.639977
AGTCGAATTAGCGTAA-1,0.095464,0.053086,0.85145
AGTCGACGGTCTCAAG-1,0.134999,0.076741,0.78826
AGTCGGCCCAAACGAC-1,0.999505,0.000062,0.000433
AGTCGGCTCAACTTTA-1,0.13583,0.096942,0.767228
AGTCGGTTGCGTGAGA-1,0.32126,0.505213,0.173527
AGTCGTATAAAGCAGA-1,0.137183,0.007336,0.855482
AGTCGTCGACCACCAA-1,0.160907,0.008556,0.830537
AGTCGTGGGCATTACG-1,0.188743,0.004748,0.806509
AGTCTAAAGTATACTC-1,0.122485,0.138076,0.739439
AGTCTCACAAGACTAC-1,0.174773,0.046454,0.778772
AGTCTGGACATCCTTG-1,0.703467,0.00006,0.296473
AGTCTTCTCCTCAAAT-1,0.394352,0.000038,0.60561
AGTCTTTAAAGTGTCC-1,0.565797,0.185643,0.24856
AGTGAACAAACTTCTC-1,0.274459,0.221165,0.504376
AGTGAAGATGGTGTCC-1,0.364422,0.282511,0.353067
AGTGACCTACTTTACG-1,0.987198,0.012266,0.000536
AGTGACTGTGACACAA-1,0.029603,0.060622,0.909774
