Barcode,Topic 1,Topic 2,Topic 3,Topic 4,Topic 5,Topic 6,Topic 7to8,Topic 9to10
AAACAAGTATCTCCCA-1,0.000027,0.00368,0.689991,0.189239,0.000027,0.013057,0.000054,0.103925
AAACAATCTACTAGCA-1,0.00003,0.001009,0.001802,0.00003,0.158822,0.075807,0.61081,0.151689
AAACACCAATAACTGC-1,0.00003,0.008302,0.00003,0.00003,0.263273,0.041801,0.400015,0.28652
AAACAGAGCGACTCCT-1,0.000042,0.000042,0.000042,0.000042,0.578051,0.00966,0.02544,0.38668
AAACAGCTTTCAGAAG-1,0.000016,0.007087,0.000016,0.000016,0.068629,0.000016,0.599572,0.324649
AAACAGGGTCTATATT-1,0.000029,0.001348,0.000029,0.000029,0.511363,0.000029,0.338633,0.148539
AAACAGTGTTCCTGGG-1,0.000047,0.000047,0.663708,0.08318,0.000047,0.165123,0.000093,0.087757
AAACATGGTGAGAGGA-1,0.000031,0.027829,0.065781,0.000031,0.098908,0.338462,0.042484,0.426473
AAACATTTCCCGGATT-1,0.000035,0.000035,0.648054,0.351669,0.000035,0.000035,0.000069,0.000069
AAACCACTACACAGAT-1,0.000017,0.000017,0.000017,0.000017,0.004817,0.05271,0.537662,0.404744
AAACCCGAACGAAATC-1,0.000013,0.036687,0.49969,0.012622,0.000013,0.000013,0.100259,0.350704
AAACCGGAAATGTTAA-1,0.000031,0.02322,0.832871,0.143694,0.000031,0.000031,0.000061,0.000061
AAACCGGGTAGGTACC-1,0.000038,0.106919,0.001274,0.073695,0.576773,0.054162,0.113023,0.074115
AAACCGTTCGTCCAGG-1,0.000043,0.018948,0.434439,0.131646,0.000043,0.396149,0.000085,0.018647
AAACCTAAGCAGCCGG-1,0.000027,0.035966,0.920392,0.022802,0.012034,0.000027,0.000054,0.008698
AAACCTCATGAAGTTG-1,0.000034,0.110954,0.000034,0.000034,0.429011,0.045215,0.337338,0.07738
AAACGAAGAACATACC-1,0.00005,0.00005,0.00005,0.00005,0.354852,0.281784,0.341397,0.021769
AAACGAAGATGGAGTA-1,0.000032,0.000032,0.000032,0.000032,0.1589,0.00633,0.296573,0.538068
AAACGACAGTCTTGCC-1,0.000033,0.000033,0.00507,0.000033,0.000033,0.958112,0.023435,0.013253
AAACGAGACGGTTGAT-1,0.000051,0.000051,0.000051,0.51055,0.145811,0.194748,0.029999,0.11874
AAACGCCCGAGATCGG-1,0.000028,0.000028,0.000028,0.000028,0.043667,0.059728,0.578705,0.31779
AAACGCTGGGCACGAC-1,0.000021,0.000021,0.414802,0.307589,0.000021,0.003061,0.000042,0.274443
AAACGGGCGTACGGGT-1,0.000028,0.050088,0.341499,0.188707,0.000028,0.000028,0.120879,0.298742
AAACGGGTTGGTATCC-1,0.000039,0.041682,0.000039,0.000039,0.118871,0.310058,0.529192,0.000078
AAACGGTTGCGAACTG-1,0.000055,0.000055,0.374892,0.370007,0.000055,0.114532,0.000109,0.140295
AAACGTGTTCGCCCTA-1,0.000013,0.069709,0.182675,0.000013,0.003982,0.000298,0.299695,0.443613
AAACTAACGTGGCGAC-1,0.000017,0.000017,0.037021,0.000017,0.000017,0.001821,0.506663,0.454429
AAACTCGGTTCGCAAT-1,0.000037,0.049656,0.808395,0.141687,0.000037,0.000037,0.000075,0.000075
AAACTCGTGATATAAG-1,0.000013,0.003828,0.056331,0.000013,0.000632,0.001434,0.552029,0.385721
AAACTGCTGGCTCCAA-1,0.000069,0.000069,0.000069,0.889175,0.022459,0.087882,0.000138,0.000138
AAACTTAATTGCACGC-1,0.000039,0.038211,0.097037,0.002413,0.509891,0.012768,0.03462,0.305022
AAACTTGCAAACGTAT-1,0.000012,0.133549,0.00719,0.000012,0.009938,0.000012,0.477012,0.372275
AAAGAATGACCTTAGA-1,0.000039,0.000039,0.000039,0.000039,0.289768,0.184697,0.051725,0.473655
AAAGAATGTGGACTAA-1,0.000016,0.099345,0.90053,0.000016,0.000016,0.000016,0.000031,0.000031
AAAGACATGAAGTTTA-1,0.000032,0.000032,0.035997,0.000032,0.000032,0.850295,0.07242,0.041162
AAAGACCCAAGTCGCG-1,0.000016,0.011903,0.002992,0.000016,0.027942,0.000017,0.867937,0.089177
AAAGACTGGGCGCTTT-1,0.000021,0.049633,0.006203,0.012801,0.061115,0.024424,0.808597,0.037206
AAAGCTTGCCTACATA-1,0.000014,0.004731,0.045441,0.01653,0.010928,0.059395,0.451207,0.411754
AAAGGCCCTATAATAC-1,0.000029,0.040263,0.000029,0.000029,0.284605,0.016686,0.240989,0.417369
AAAGGCTACGGACCAT-1,0.000036,0.076543,0.739975,0.055164,0.000036,0.000036,0.000072,0.128139
AAAGGCTCTCGCGCCG-1,0.000046,0.162606,0.544245,0.225691,0.060783,0.006444,0.000092,0.000092
AAAGGGATGTAGCAAG-1,0.000029,0.178284,0.000029,0.000029,0.38484,0.010859,0.393759,0.032173
AAAGGGCAGCTTGAAT-1,0.000028,0.045093,0.000028,0.000028,0.459273,0.000028,0.488412,0.007111
AAAGGTAAGCTGTACC-1,0.000028,0.000028,0.000028,0.000028,0.000028,0.000028,0.335749,0.664081
AAAGTAGCATTGCTCA-1,0.00003,0.374963,0.254796,0.00003,0.182898,0.00003,0.055508,0.131744
AAAGTCACTGATGTAA-1,0.000013,0.000013,0.000013,0.000013,0.000013,0.000013,0.990046,0.009876
AAAGTCGACCCTCAGT-1,0.000012,0.002803,0.000012,0.000012,0.003407,0.000012,0.918505,0.075234
AAAGTGCCATCAATTA-1,0.000036,0.038102,0.304399,0.208876,0.000036,0.000036,0.15644,0.292076
AAAGTGTGATTTATCT-1,0.00004,0.00004,0.491594,0.253533,0.00004,0.239202,0.00008,0.015471
AAAGTTGACTCCCGTA-1,0.000044,0.000044,0.402455,0.303721,0.000044,0.002536,0.000089,0.291066
AAATAACCATACGGGA-1,0.000017,0.016327,0.0533,0.000017,0.083572,0.027407,0.545635,0.273725
AAATAAGGTAGTGCCC-1,0.000021,0.029115,0.027699,0.076555,0.079537,0.019134,0.119911,0.648029
AAATACCTATAAGCAT-1,0.000053,0.091567,0.399794,0.494543,0.01378,0.000053,0.000106,0.000106
AAATAGCTTAGACTTT-1,0.000027,0.022278,0.594391,0.024254,0.000027,0.089797,0.141764,0.127462
AAATAGGGTGCTATTG-1,0.000037,0.000037,0.233436,0.598264,0.000578,0.022932,0.000075,0.144641
AAATCACTCCTAAACG-1,0.000037,0.043372,0.063521,0.049135,0.025839,0.763139,0.05011,0.004847
AAATCCGATACACGCC-1,0.000019,0.200974,0.582337,0.000885,0.000019,0.000019,0.068174,0.147571
AAATCGCGGAAGGAGT-1,0.00006,0.00006,0.00006,0.00006,0.845268,0.003906,0.014882,0.135705
AAATCGTGTACCACAA-1,0.00008,0.167485,0.032269,0.610461,0.00008,0.189307,0.000159,0.000159
AAATCTAGCCCTGCTA-1,0.000026,0.001168,0.894139,0.10451,0.000026,0.000026,0.000052,0.000052
AAATCTGCCCGCGTCC-1,0.000061,0.02065,0.000061,0.000061,0.16406,0.097093,0.000123,0.71789
AAATGATTCGATCAGC-1,0.000016,0.008695,0.000016,0.000016,0.160482,0.030869,0.466152,0.333753
AAATGCTCGTTACGTT-1,0.000022,0.062966,0.081977,0.000022,0.00451,0.000022,0.794581,0.0559
AAATGGCATGTCTTGT-1,0.000039,0.013932,0.000039,0.036853,0.571399,0.015175,0.361818,0.000745
AAATGGCCCGTGCCCT-1,0.000023,0.084044,0.000023,0.000023,0.186514,0.000023,0.482091,0.247258
AAATGGTCAATGTGCC-1,0.000038,0.02531,0.201915,0.455023,0.035257,0.226672,0.000076,0.055708
AAATGTATCTTATCCC-1,0.000034,0.011279,0.000034,0.000034,0.129747,0.001201,0.636585,0.221086
AAATGTGGGTGCTCCT-1,0.000035,0.000035,0.000035,0.000035,0.254432,0.075028,0.284777,0.385621
AAATTAACGGGTAGCT-1,0.000078,0.000078,0.000078,0.683891,0.315481,0.000078,0.000157,0.000157
AAATTAATAAGCGCGA-1,0.000017,0.000017,0.000017,0.000017,0.219196,0.000017,0.625392,0.155325
AAATTACACGACTCTG-1,0.000021,0.000021,0.000021,0.000021,0.016543,0.004379,0.619575,0.359417
AAATTACCTATCGATG-1,0.000023,0.104821,0.000023,0.011591,0.081615,0.214222,0.420302,0.167404
AAATTCCAGGTCCAAA-1,0.000019,0.000019,0.582362,0.010783,0.000019,0.077156,0.000039,0.329601
AAATTGATAGTCCTTT-1,0.000027,0.168468,0.000027,0.000027,0.112161,0.000027,0.485834,0.23343
AAATTGCGGCGGTTCT-1,0.000027,0.000027,0.000027,0.000027,0.195205,0.102984,0.693143,0.008558
AAATTGGTGAGAAGCA-1,0.000022,0.005859,0.015288,0.000022,0.12715,0.000022,0.400607,0.45103
AAATTTACCGAAATCC-1,0.000052,0.000052,0.000052,0.000052,0.303456,0.220698,0.138674,0.336965
AAATTTGCGGGTGTGG-1,0.000032,0.035466,0.000032,0.017953,0.430323,0.007755,0.169138,0.339301
AACAACTGGTAGTTGC-1,0.000063,0.000063,0.000063,0.20499,0.729944,0.064623,0.000127,0.000127
AACAATACATTGTCGA-1,0.000057,0.236058,0.154877,0.389475,0.190751,0.003838,0.000115,0.024829
AACAATTACTCTACGC-1,0.000053,0.045995,0.000053,0.042145,0.910238,0.000053,0.001355,0.000107
AACACACGCTCGCCGC-1,0.000031,0.000031,0.670233,0.244864,0.000031,0.042396,0.000062,0.042354
AACACGACTGTACTGA-1,0.000016,0.015379,0.034042,0.000016,0.000016,0.000016,0.914709,0.035806
AACACGAGACGCGGCC-1,0.000025,0.029445,0.000025,0.000025,0.437498,0.000102,0.416183,0.116699
AACACGCGGCCGCGAA-1,0.00004,0.057827,0.017616,0.00004,0.174287,0.064781,0.544333,0.141075
AACAGCTGTGTGGCAA-1,0.000039,0.244535,0.054115,0.065996,0.049978,0.228887,0.080484,0.275967
AACAGGAAATCGAATA-1,0.000039,0.056184,0.000039,0.000039,0.417779,0.280064,0.244358,0.001497
AACAGGATGGGCCGCG-1,0.000024,0.032398,0.000672,0.037941,0.181332,0.182292,0.225369,0.339972
AACAGGTAGTATGGAT-1,0.000019,0.000019,0.966728,0.000019,0.000019,0.000019,0.000037,0.033141
AACATATCAACTGGTG-1,0.000059,0.09687,0.198931,0.007875,0.394618,0.068663,0.050553,0.182431
AACATCGATACGTCTA-1,0.000028,0.032371,0.013344,0.023275,0.091157,0.125391,0.207413,0.50702
AACATTGAAGTTGATC-1,0.000038,0.150023,0.000038,0.017012,0.316566,0.001975,0.140001,0.374347
AACATTGTGACTCGAG-1,0.000084,0.028251,0.110566,0.706225,0.099599,0.054941,0.000167,0.000167
AACCAAGACTTCTCTG-1,0.000018,0.233355,0.000018,0.000018,0.050748,0.000018,0.553106,0.162716
AACCAGTATCACTCTT-1,0.000061,0.000061,0.000061,0.000061,0.225457,0.013018,0.386028,0.375252
AACCATAGGGTTGAAC-1,0.000022,0.000022,0.000022,0.000022,0.000022,0.000022,0.411072,0.588794
AACCATGGGATCGCTA-1,0.000038,0.008338,0.0081,0.010942,0.477765,0.001111,0.470476,0.02323
AACCCAGAGACGGAGA-1,0.000024,0.035584,0.03221,0.01026,0.207289,0.089255,0.545984,0.079394
AACCCATCCCATGATC-1,0.000051,0.000051,0.000051,0.019191,0.680165,0.055993,0.048662,0.195837
AACCCGACAACCCGTG-1,0.000054,0.000054,0.239854,0.536116,0.09699,0.000054,0.000109,0.126768
AACCCGAGCAGAATCG-1,0.000024,0.038138,0.868456,0.070158,0.000024,0.000024,0.000048,0.023129
AACCCGATAGGGCTTC-1,0.000026,0.000026,0.009741,0.000026,0.000026,0.03014,0.49937,0.460646
AACCCTACTGTCAATA-1,0.000067,0.057797,0.144708,0.560087,0.110903,0.015116,0.000134,0.111189
AACCCTGGTGGAACCA-1,0.000015,0.000015,0.000015,0.000015,0.000015,0.000015,0.739513,0.260398
AACCGAGCTTGGTCAT-1,0.000035,0.055287,0.000035,0.02331,0.512695,0.033243,0.282293,0.093101
AACCGCTAAGGGATGC-1,0.000032,0.048576,0.487644,0.354933,0.000032,0.102291,0.000064,0.006427
AACCGTTGTGTTTGCT-1,0.000052,0.015157,0.000052,0.000052,0.382776,0.016025,0.562929,0.022957
AACCTAAAGCCGTCCG-1,0.000064,0.000064,0.000064,0.000064,0.490446,0.509039,0.000129,0.000129
AACCTCGCTTTAGCCC-1,0.000058,0.005489,0.181343,0.603736,0.001557,0.000058,0.090019,0.117739
AACCTGTCACGGAATT-1,0.000029,0.000029,0.646836,0.068726,0.000029,0.25516,0.000058,0.029135
AACCTTTAAATACGGT-1,0.000031,0.033769,0.160229,0.363534,0.000031,0.052496,0.001813,0.388097
AACCTTTACGACGTCT-1,0.000019,0.005638,0.041639,0.000019,0.000019,0.000019,0.533126,0.419521
AACGAAAGTCGTCCCA-1,0.000041,0.000041,0.000041,0.000041,0.634911,0.006648,0.046517,0.311761
AACGACCTCCTAGCCG-1,0.000017,0.000017,0.850486,0.033008,0.000017,0.096262,0.000033,0.020161
AACGATAATGCCGTAG-1,0.000036,0.030776,0.541306,0.37671,0.04666,0.00437,0.000071,0.000071
AACGATAGAAGGGCCG-1,0.000051,0.122694,0.035906,0.004771,0.490686,0.137558,0.208232,0.000103
AACGATATGTCAACTG-1,0.000035,0.114441,0.000035,0.019207,0.450709,0.000035,0.210497,0.205043
AACGCATGATCTGGGT-1,0.000035,0.088814,0.022609,0.016245,0.235372,0.089916,0.15719,0.38982
AACGCGAACGGCAACA-1,0.000017,0.000017,0.000017,0.000017,0.001607,0.002638,0.975257,0.020431
AACGCGACCTTGGGCG-1,0.000054,0.000054,0.4624,0.389725,0.000054,0.140451,0.000107,0.007157
AACGCGGTCTCCAGCC-1,0.000021,0.221418,0.018545,0.017848,0.004856,0.008957,0.524286,0.204068
AACGCTGTTGCTGAAA-1,0.000056,0.095157,0.415131,0.482786,0.00659,0.000056,0.000112,0.000112
AACGGACGTACGTATA-1,0.000045,0.135964,0.552028,0.303658,0.008082,0.000045,0.00009,0.00009
AACGGCCATCTCCGGT-1,0.000052,0.018981,0.350185,0.315697,0.046642,0.107813,0.000105,0.160525
AACGTACTGTGGGTAC-1,0.000069,0.193145,0.239002,0.496054,0.037362,0.034094,0.000137,0.000137
AACGTAGTCTACCCAT-1,0.000033,0.000033,0.000033,0.000033,0.026229,0.435457,0.531103,0.007079
AACGTCAGACTAGTGG-1,0.00003,0.080838,0.00003,0.004713,0.450211,0.00003,0.432296,0.031852
AACGTCGCTGCACTTC-1,0.000014,0.197148,0.50122,0.082145,0.000217,0.027379,0.163051,0.028825
AACGTGATGAAGGACA-1,0.000036,0.000036,0.000036,0.017408,0.164649,0.015439,0.405659,0.396739
AACGTGCGAAAGTCTC-1,0.00003,0.273824,0.34173,0.165984,0.00003,0.090238,0.107739,0.020425
AACGTTATCAGCACCT-1,0.00003,0.00003,0.00003,0.00003,0.123808,0.00003,0.718608,0.157433
AACTACCCGTTTGTCA-1,0.00003,0.00003,0.683317,0.315041,0.00003,0.001432,0.00006,0.00006
AACTAGCGTATCGCAC-1,0.000041,0.016651,0.007589,0.027353,0.100652,0.000637,0.649715,0.197363
AACTAGGCTTGGGTGT-1,0.000025,0.222348,0.17415,0.206473,0.000025,0.002475,0.169586,0.224917
AACTCAAGTTAATTGC-1,0.000048,0.234534,0.070909,0.432989,0.213444,0.047883,0.000096,0.000096
AACTCCAGAGCGTGTT-1,0.000059,0.000059,0.030461,0.832715,0.046731,0.000059,0.000118,0.089798
AACTCCTAATCCCATG-1,0.000029,0.000029,0.000029,0.000029,0.159652,0.006367,0.456756,0.377109
AACTCGATGGCGCAGT-1,0.000042,0.006344,0.000042,0.008427,0.276676,0.000042,0.692446,0.015981
AACTCTCAATAGAGCG-1,0.000034,0.171878,0.392112,0.020381,0.000034,0.30189,0.024598,0.089072
AACTCTCAGTGTGCTC-1,0.000062,0.205001,0.37229,0.244207,0.009162,0.141344,0.01252,0.015414
AACTGAGGTCAGCGTC-1,0.000032,0.000032,0.01651,0.000032,0.000834,0.002136,0.38769,0.592735
AACTGAGTTATACTGA-1,0.000045,0.000045,0.399717,0.286252,0.000045,0.303349,0.000091,0.010455
AACTGATATTAGGCCT-1,0.000039,0.003702,0.000039,0.000039,0.273386,0.249306,0.344465,0.129023
AACTGGGTCCCGACGT-1,0.000011,0.068144,0.005458,0.000011,0.068383,0.000011,0.65949,0.198492
AACTGGGTTCGAGCCG-1,0.000022,0.000022,0.000022,0.000022,0.027133,0.049755,0.764484,0.15854
AACTGGTGTGGGCCTT-1,0.00002,0.00002,0.00002,0.00002,0.00002,0.00002,0.973636,0.026241
AACTTCTGCGTCTATC-1,0.000033,0.152043,0.067252,0.006867,0.029948,0.000033,0.69648,0.047345
AACTTGCCCGTATGCA-1,0.000025,0.075488,0.000025,0.012242,0.270541,0.000918,0.463001,0.177761
AACTTGCGTTCTCGCG-1,0.00003,0.00003,0.00003,0.002097,0.049582,0.004309,0.858899,0.085023
AACTTTACGGGAGCTT-1,0.00003,0.058498,0.00003,0.00003,0.407062,0.00003,0.451967,0.082354
AACTTTAGCTGCTGAG-1,0.000067,0.027019,0.000067,0.026982,0.480356,0.003908,0.395518,0.066081
AACTTTCTCGATCATG-1,0.00003,0.00003,0.004402,0.053717,0.173627,0.046455,0.198378,0.523361
AAGAAAGTTTGATGGG-1,0.000028,0.000028,0.000028,0.000028,0.000028,0.000028,0.000056,0.999776
AAGAAATCACCAGATT-1,0.000017,0.027058,0.086451,0.011387,0.019934,0.043999,0.378985,0.432169
AAGAAGGATCAGTTAG-1,0.000028,0.046259,0.028852,0.00954,0.11096,0.008415,0.701532,0.094413
AAGACATACGTGGTTT-1,0.000018,0.000018,0.965455,0.013044,0.000018,0.000018,0.000037,0.02139
AAGACCAAATAACTCA-1,0.000019,0.012604,0.019715,0.000019,0.052698,0.000019,0.282025,0.632901
AAGACCCAACTGAACA-1,0.000038,0.066166,0.486191,0.344716,0.030792,0.018078,0.030527,0.023493
AAGACTAACCCGTTGT-1,0.000052,0.000052,0.000052,0.000052,0.212427,0.427675,0.318752,0.040938
AAGACTCACGCCCACT-1,0.000039,0.034638,0.025035,0.005281,0.113063,0.417168,0.250726,0.154049
AAGACTGCAAGCTACT-1,0.00006,0.182306,0.200964,0.435809,0.172491,0.002764,0.005485,0.00012
AAGAGATGAATCGGTA-1,0.000023,0.055198,0.000023,0.000023,0.054266,0.000023,0.737437,0.153008
AAGAGCTCTTTATCGG-1,0.000094,0.037519,0.000094,0.639801,0.12219,0.199923,0.000189,0.000189
AAGAGGATGTACGCGA-1,0.000033,0.018098,0.000033,0.000033,0.400929,0.038152,0.362851,0.179871
AAGAGGCATGGATCGC-1,0.000072,0.022859,0.498071,0.00022,0.000072,0.069858,0.000145,0.408703
AAGAGGCCCTTTGGAA-1,0.000029,0.000029,0.743119,0.22231,0.000029,0.000029,0.000059,0.034395
AAGATGGCACCGGACC-1,0.000041,0.081373,0.705934,0.072533,0.125024,0.005738,0.000082,0.009275
AAGATTGGCGGAACGT-1,0.000019,0.109895,0.003532,0.006239,0.007852,0.148003,0.58214,0.142321
AAGCACCCTGCGTATC-1,0.000037,0.118785,0.763434,0.019021,0.000037,0.021836,0.060803,0.016047
AAGCATACTCTCCTGA-1,0.000025,0.098231,0.575223,0.153442,0.010624,0.023016,0.045106,0.094332
AAGCCACTTGCAGGTA-1,0.000061,0.014165,0.2001,0.095183,0.337084,0.073243,0.000123,0.280041
AAGCCGAAGCGGTTTA-1,0.000026,0.000026,0.622296,0.233384,0.000026,0.125439,0.000053,0.018748
AAGCCGCCGTGAAATC-1,0.000023,0.001357,0.000023,0.000023,0.192739,0.000023,0.417774,0.388036
AAGCCGCTTTACCTTG-1,0.000011,0.000011,0.000011,0.001587,0.000011,0.000011,0.714542,0.283814
AAGCCGGAGAGCAGGA-1,0.000043,0.000043,0.61263,0.101079,0.000043,0.172423,0.000087,0.11365
AAGCGCAGGGCTTTGA-1,0.000045,0.025676,0.827542,0.146464,0.000045,0.000045,0.000091,0.000091
AAGCGGAGTGCGCGCA-1,0.000044,0.000044,0.000044,0.050992,0.551317,0.008466,0.063683,0.325411
AAGCGGCGTCATGGGT-1,0.000098,0.000098,0.000098,0.000098,0.344643,0.289707,0.000196,0.365062
AAGCGTCCCTCATCGA-1,0.000092,0.000092,0.000092,0.333926,0.362882,0.202439,0.000184,0.100293
AAGCTAGATCGAGTAA-1,0.000048,0.026506,0.633932,0.268784,0.008439,0.000048,0.000096,0.062147
AAGCTATGGATTGACC-1,0.000022,0.035157,0.00986,0.000163,0.015768,0.016784,0.213258,0.708988
AAGCTCGTGCCAAGTC-1,0.000045,0.027976,0.165525,0.148402,0.57722,0.000045,0.080696,0.00009
AAGCTCTTTCATGGTG-1,0.000079,0.000079,0.39427,0.556769,0.031707,0.000079,0.01686,0.000158
AAGGAGAACTTATAAG-1,0.000047,0.000047,0.000047,0.007846,0.451096,0.009302,0.331625,0.199991
AAGGAGCGGTTGGTGC-1,0.000049,0.163015,0.000049,0.037168,0.344134,0.15222,0.267572,0.035793
AAGGATCGATCGCTTG-1,0.00002,0.000736,0.551344,0.00002,0.00002,0.0013,0.002432,0.444129
AAGGATGAGGGACCTC-1,0.000044,0.259372,0.146989,0.027471,0.396467,0.096102,0.003487,0.070068
AAGGCAGGCTGTCTCC-1,0.000025,0.00549,0.791002,0.147207,0.005867,0.00692,0.000051,0.043438
AAGGCGCGTAAAGCTT-1,0.000017,0.094645,0.000017,0.000017,0.113781,0.018727,0.706763,0.06603
AAGGCTGTGCTCATCG-1,0.000047,0.332939,0.000047,0.142122,0.393264,0.045317,0.086169,0.000094
AAGGGAACGACTGGCT-1,0.000027,0.194211,0.207986,0.000072,0.325774,0.035681,0.097253,0.138996
AAGGGACAGATTCTGT-1,0.000027,0.043829,0.000027,0.005509,0.211652,0.191938,0.319971,0.227046
AAGGGACTATGCATTC-1,0.000052,0.004852,0.000052,0.051577,0.617416,0.039392,0.10253,0.184128
AAGGGTTTGATTTCAG-1,0.000029,0.000029,0.000029,0.000029,0.000029,0.000029,0.408745,0.59108
AAGGTATCCTAATATA-1,0.00005,0.087446,0.00005,0.072495,0.576304,0.064516,0.191502,0.007636
AAGGTGATAAACCAGC-1,0.000025,0.113348,0.522305,0.058125,0.000025,0.000025,0.207167,0.098981
AAGTAAGCTTCCAAAC-1,0.000037,0.034758,0.038848,0.000037,0.019074,0.782791,0.124383,0.000073
AAGTAGAAGACCGGGT-1,0.000027,0.07537,0.000027,0.000027,0.155227,0.131135,0.576781,0.061405
AAGTAGTGACGCGAGG-1,0.000039,0.112666,0.00004,0.037512,0.485818,0.12655,0.228506,0.008869
AAGTCAATTGTCGTCA-1,0.000032,0.169104,0.743422,0.084547,0.002707,0.000033,0.000091,0.000065
AAGTCTAGTAGCTGCC-1,0.000014,0.049959,0.043984,0.000571,0.000014,0.017635,0.490759,0.397063
AAGTCTTCTGTGGCCT-1,0.000016,0.000016,0.000016,0.000016,0.024904,0.000016,0.746463,0.228551
AAGTGACGACCGAATT-1,0.000025,0.049661,0.000025,0.018487,0.241427,0.025872,0.257986,0.406518
AAGTGAGTCGGGTTTA-1,0.00005,0.436505,0.162753,0.184506,0.00005,0.00005,0.007642,0.208445
AAGTGCAAAGGTAGAC-1,0.000023,0.000825,0.000023,0.000023,0.277312,0.060204,0.591079,0.070511
AAGTGCCTTGACTGTA-1,0.000022,0.03682,0.264445,0.088492,0.000022,0.000022,0.153244,0.456931
AAGTGCGTTAGAATCT-1,0.000017,0.093837,0.000017,0.000017,0.046637,0.018576,0.650771,0.190127
AAGTGCTTCTCTATTG-1,0.00002,0.02346,0.155474,0.024195,0.00002,0.00002,0.317085,0.479725
AAGTGTTTGGAGACGG-1,0.000056,0.022466,0.1357,0.83279,0.001234,0.007529,0.000113,0.000113
AAGTTCACTCCAAGCT-1,0.000043,0.034601,0.805193,0.132549,0.000043,0.027398,0.000086,0.000086
AAGTTCAGTCTGCGTA-1,0.000038,0.000038,0.000038,0.000038,0.610914,0.038817,0.119974,0.230144
AAGTTCGGCCAACAGG-1,0.000035,0.094761,0.000035,0.053761,0.385978,0.043831,0.054269,0.36733
AAGTTGTGATGTTATA-1,0.00007,0.00007,0.01117,0.878057,0.049504,0.00007,0.00014,0.06092
AAGTTTACTAATGGCA-1,0.000064,0.000064,0.000064,0.000064,0.207681,0.385558,0.294437,0.112067
AAGTTTATGGGCCCAA-1,0.000053,0.160649,0.439695,0.399288,0.000053,0.000053,0.000105,0.000105
AATAACAACGCTCGGC-1,0.000016,0.089578,0.000016,0.000016,0.36672,0.000016,0.434378,0.109261
AATAACACTAGAACAA-1,0.00005,0.005024,0.00005,0.376001,0.205177,0.366963,0.009404,0.037331
AATAAGTCCTCGAGAC-1,0.000038,0.000038,0.000038,0.000038,0.224188,0.016072,0.546531,0.213057
AATAATCTTCGTATCG-1,0.000033,0.000033,0.69205,0.17793,0.000033,0.129793,0.000065,0.000065
AATACAATGTTTCAGG-1,0.000023,0.030351,0.010122,0.0231,0.051418,0.004366,0.756489,0.12413
AATACCGGAGGGCTGT-1,0.000069,0.033294,0.000069,0.741989,0.06071,0.132019,0.03171,0.000139
AATAGAACAGAGTGGC-1,0.000039,0.076961,0.583805,0.181466,0.010051,0.147521,0.000079,0.000079
AATAGAATCTGTTTCA-1,0.000033,0.163598,0.630637,0.195058,0.000033,0.006242,0.004332,0.000067
AATAGCAAGCCTCCTG-1,0.000018,0.000018,0.031783,0.000018,0.000018,0.020159,0.459044,0.488941
AATAGCTACCGCGTGC-1,0.000021,0.052045,0.002508,0.000864,0.114675,0.002079,0.355389,0.47242
AATAGTCCGTCCCGAC-1,0.000037,0.175764,0.7886,0.035374,0.000037,0.000037,0.000075,0.000075
AATAGTCGCGAGTCGG-1,0.000011,0.000011,0.000011,0.000011,0.000011,0.000011,0.901816,0.098115
AATATCAAGGTCGGAT-1,0.000025,0.012542,0.000025,0.000025,0.026664,0.000025,0.93634,0.024355
AATATCCTAGCAAACT-1,0.000041,0.000041,0.000041,0.004454,0.193385,0.073711,0.294231,0.434098
AATATCGAATCAATGC-1,0.000026,0.000026,0.749626,0.239625,0.000026,0.010565,0.000053,0.000053
AATATCGAGGGTTCTC-1,0.000053,0.031283,0.116926,0.008787,0.161588,0.095537,0.330079,0.255746
AATATTGGAGTATTGA-1,0.000034,0.082085,0.000034,0.000034,0.202899,0.000034,0.590358,0.12452
AATCAGACTGCAGGAC-1,0.000041,0.000041,0.000041,0.000041,0.263983,0.001737,0.696493,0.037624
AATCAGGTTTCATTTA-1,0.000045,0.178364,0.505103,0.035866,0.001851,0.253805,0.00009,0.024877
AATCATGTAAAGACTC-1,0.000044,0.000044,0.426197,0.57345,0.000044,0.000044,0.000088,0.000088
AATCCAAGGGCCTGAG-1,0.000028,0.092216,0.000028,0.000028,0.284419,0.005805,0.605763,0.011714
AATCCATGCAAGGGTG-1,0.00003,0.070125,0.00003,0.00003,0.16433,0.00046,0.697265,0.067729
AATCGCCTCAGCGCCA-1,0.000038,0.078027,0.488649,0.181611,0.000038,0.163821,0.03139,0.056426
AATCGCGCAGAGGACT-1,0.000029,0.01749,0.684661,0.212157,0.016999,0.00091,0.000058,0.067696
AATCGGGACACTACGA-1,0.000048,0.000048,0.000048,0.000048,0.256648,0.000048,0.661201,0.081911
AATCGGTATAGCCCTC-1,0.000042,0.000042,0.474353,0.513482,0.000042,0.01187,0.000084,0.000084
AATCGTGAGCCGAGCA-1,0.000043,0.000043,0.630567,0.361593,0.000043,0.007538,0.000086,0.000086
AATCTAGGTTTACTTG-1,0.000055,0.000055,0.000055,0.000055,0.550149,0.052212,0.227367,0.170052
AATCTATGCCGGAGCC-1,0.000035,0.045068,0.208615,0.007063,0.220433,0.228057,0.007936,0.282792
AATCTCTACTGTGGTT-1,0.000019,0.005639,0.000019,0.000019,0.108373,0.000019,0.746189,0.139722
AATCTGCGTTGGGACG-1,0.000022,0.255454,0.238722,0.02552,0.022823,0.003981,0.365838,0.08764
AATCTGGCTTTCTAGT-1,0.000038,0.000038,0.000038,0.000038,0.369416,0.000038,0.297138,0.333254
AATCTGGGTAGACCCT-1,0.000041,0.000041,0.017774,0.000041,0.124186,0.158479,0.231018,0.468418
AATGACAGCAATGTCT-1,0.000023,0.023656,0.000023,0.009196,0.106421,0.000023,0.593495,0.267161
AATGACGTAGGATGTC-1,0.000024,0.085632,0.317148,0.109082,0.000024,0.128419,0.047368,0.312302
AATGACTGTCAGCCGG-1,0.000039,0.000039,0.000039,0.002303,0.763874,0.000039,0.225102,0.008566
AATGAGTTCGCATATG-1,0.000021,0.000021,0.000021,0.000021,0.000021,0.000021,0.965714,0.034159
AATGATGATACGCTAT-1,0.000048,0.115952,0.000048,0.013025,0.189764,0.32872,0.228071,0.124371
AATGATGCGACTCCTG-1,0.00006,0.209215,0.463022,0.00006,0.218078,0.00006,0.013372,0.096134
AATGCAACCGGGTACC-1,0.000021,0.195613,0.015691,0.000907,0.023137,0.203159,0.272389,0.289083
AATGCACCAAGCAATG-1,0.000014,0.047492,0.003932,0.000014,0.000014,0.000014,0.704626,0.243894
AATGGCCGCCAATGCG-1,0.000027,0.029171,0.030511,0.000027,0.062437,0.262442,0.292863,0.322523
AATGGTCCACCGTTCA-1,0.000014,0.00815,0.000014,0.000014,0.015599,0.000014,0.697998,0.278198
AATGGTTCTCACAAGC-1,0.00002,0.00002,0.00002,0.012182,0.032531,0.031627,0.856478,0.067123
AATGTATGGCACTGTA-1,0.000048,0.06192,0.009567,0.005851,0.398251,0.000048,0.09976,0.424555
AATGTGCCCGAGGTGT-1,0.000016,0.1687,0.11134,0.000016,0.000136,0.018245,0.354936,0.346611
AATGTGCTAATCTGAG-1,0.00007,0.00007,0.00007,0.189544,0.763205,0.00007,0.017546,0.029426
AATGTTGTCGTGAGAC-1,0.000029,0.031746,0.771006,0.191177,0.000106,0.000029,0.000059,0.005848
AATTAAAGGTCGGCGT-1,0.00005,0.426,0.025619,0.337842,0.00005,0.064576,0.114183,0.031679
AATTAACGGATTTCCA-1,0.000037,0.221602,0.432586,0.064172,0.000037,0.000037,0.117231,0.164297
AATTACGAGACCCATC-1,0.000029,0.000029,0.000029,0.000029,0.0131,0.034109,0.579877,0.372796
AATTAGCGCTGCAGCG-1,0.000042,0.230128,0.456032,0.144981,0.000049,0.026373,0.021198,0.121198
AATTCATAAGGGATCT-1,0.000021,0.19226,0.000021,0.000021,0.016891,0.000246,0.516401,0.27414
AATTCATTGTCATGCA-1,0.00003,0.00003,0.00003,0.00003,0.011193,0.121292,0.459154,0.40824
AATTCCAAGCATGTAC-1,0.00008,0.070096,0.291594,0.637188,0.000639,0.00008,0.000161,0.000161
AATTCGATTCGAGGAT-1,0.000054,0.077665,0.588444,0.237127,0.096443,0.000054,0.000107,0.000107
AATTCTAGAGTTAGGC-1,0.000056,0.196563,0.717943,0.085104,0.000056,0.000056,0.000111,0.000111
AATTGAACGCTCTGGT-1,0.000038,0.009031,0.872228,0.015008,0.000038,0.06384,0.000075,0.039742
AATTGCAGCAATCGAC-1,0.000048,0.000048,0.196058,0.598484,0.000048,0.000048,0.000097,0.205168
AATTGCGTGGATTACA-1,0.000031,0.000031,0.000031,0.000031,0.000031,0.000031,0.368503,0.631313
AATTGTGGTTGCCAAA-1,0.000024,0.000039,0.75585,0.228635,0.000024,0.000024,0.000049,0.015354
AATTTGGGACATAGTA-1,0.00004,0.00004,0.00004,0.00004,0.33199,0.038419,0.461671,0.167761
AATTTGGTTCCAAAGA-1,0.00003,0.138268,0.08008,0.007024,0.065509,0.075296,0.476878,0.156915
ACAAACCATGCGTCCT-1,0.000019,0.03005,0.000019,0.000019,0.261293,0.000019,0.208253,0.500328
ACAAACCGACAAGGCG-1,0.000065,0.000066,0.000066,0.000066,0.271776,0.7277,0.000131,0.000131
ACAAAGAAGGTAGGCC-1,0.000034,0.000034,0.000034,0.004666,0.432109,0.030385,0.160866,0.371871
ACAAAGCATGACCTAG-1,0.000025,0.020182,0.802978,0.164406,0.000025,0.000025,0.000089,0.012271
ACAAATCGCACCGAAT-1,0.000042,0.002855,0.422855,0.469415,0.029826,0.069541,0.000083,0.005383
ACAAATGGTAGTGTTT-1,0.000064,0.000064,0.164217,0.774431,0.0609,0.000064,0.000129,0.000129
ACAAATTCAGATCTGA-1,0.000048,0.000048,0.066349,0.000048,0.000048,0.23095,0.230917,0.471593
ACAACAGCATGAGCTA-1,0.000058,0.062565,0.000618,0.470813,0.238407,0.227308,0.000116,0.000116
ACAACGGTCCCTGCGA-1,0.000021,0.019812,0.000021,0.002018,0.264307,0.000021,0.620683,0.093118
ACAAGCAGTGCCTAGC-1,0.000015,0.014778,0.000015,0.000015,0.013866,0.000015,0.930291,0.041007
ACAAGCTATATGGAAG-1,0.000051,0.031695,0.000051,0.012478,0.753808,0.021637,0.150364,0.029916
ACAAGGAAATCCGCCC-1,0.000037,0.09364,0.610537,0.285931,0.009671,0.000037,0.000074,0.000074
ACAAGGACAAGAGGTT-1,0.000016,0.234561,0.000016,0.000016,0.063183,0.002082,0.582144,0.117981
ACAAGGATGCTTTAGG-1,0.000037,0.132745,0.758693,0.099611,0.008728,0.000037,0.000075,0.000075
ACAAGGCCTACCAGCC-1,0.000024,0.000024,0.000024,0.000024,0.003179,0.029083,0.536379,0.431261
ACAAGGGCAGGCTCTG-1,0.00003,0.226205,0.632127,0.040873,0.00003,0.00003,0.053587,0.047118
ACAATAGTCGTACGTT-1,0.000035,0.210679,0.11567,0.000035,0.323779,0.010698,0.149029,0.190076
ACAATCCATTTAAACC-1,0.000013,0.169509,0.003796,0.001723,0.138899,0.018195,0.320096,0.347768
ACAATCGATCTTTATA-1,0.00005,0.00005,0.00005,0.00005,0.210265,0.165989,0.375704,0.24784
ACAATGAATACGGAGA-1,0.000069,0.000069,0.175016,0.093262,0.000069,0.285636,0.000138,0.445741
ACAATGATTCTTCTAC-1,0.000035,0.034949,0.021706,0.00356,0.169433,0.088556,0.088351,0.593409
ACAATTGTGTCTCTTT-1,0.000032,0.103462,0.503035,0.167166,0.007163,0.000033,0.000065,0.219044
ACAATTTAGGAGGCTC-1,0.000021,0.000021,0.000021,0.000021,0.208775,0.050865,0.583503,0.156771
ACAATTTGAGCAGTGG-1,0.000051,0.155948,0.000052,0.245157,0.529119,0.013031,0.01529,0.041352
ACAATTTGGCCATATT-1,0.000059,0.000059,0.22143,0.733117,0.000059,0.000059,0.000118,0.045098
ACACAAAGACGGGTGG-1,0.000029,0.235018,0.076198,0.074175,0.379188,0.154271,0.076739,0.004382
ACACAAATATTCCTAG-1,0.000026,0.000026,0.040158,0.007549,0.17222,0.056821,0.239105,0.484094
ACACACCAGGACCAGT-1,0.000041,0.000041,0.50405,0.319571,0.000041,0.170836,0.000081,0.00534
ACACACTTTCTACACG-1,0.000022,0.086563,0.046506,0.000023,0.022157,0.000023,0.714117,0.13059
ACACATGATCAAATCT-1,0.000033,0.059528,0.036916,0.000033,0.379469,0.078459,0.199881,0.24568
ACACATTTCCGTAGAC-1,0.000029,0.000029,0.972666,0.000029,0.000029,0.000029,0.000057,0.027133
ACACCACATAATTAGC-1,0.000039,0.000039,0.000039,0.281689,0.230411,0.24024,0.000079,0.247462
ACACCCAGCATGCAGC-1,0.000022,0.024399,0.000022,0.000652,0.094998,0.091909,0.478179,0.30982
ACACCCGAGAAATCCG-1,0.000017,0.13197,0.006706,0.000017,0.180393,0.019254,0.394537,0.267106
ACACCCGTAAATCTGT-1,0.000052,0.024482,0.086772,0.007785,0.007896,0.74248,0.09198,0.038554
ACACCGAGCGCTCTTT-1,0.000019,0.000019,0.000019,0.000019,0.011222,0.039887,0.906603,0.042211
ACACCGGTCTGACCGC-1,0.000032,0.006283,0.000032,0.002578,0.323621,0.066476,0.286777,0.314201
ACACCTTAAGTAGGGC-1,0.000046,0.036078,0.000046,0.015592,0.488364,0.003403,0.398894,0.057576
ACACCTTACTACTTGC-1,0.000024,0.005296,0.947773,0.023192,0.000024,0.000024,0.000049,0.023617
ACACGAGACTCCTTCT-1,0.000044,0.279177,0.063045,0.365376,0.113487,0.140569,0.02995,0.008351
ACACGGCACTATGCAT-1,0.000052,0.000052,0.000052,0.000052,0.278295,0.141224,0.499106,0.081169
ACACGGGAACTTAGGG-1,0.000031,0.08961,0.044383,0.2461,0.198201,0.176174,0.010792,0.234709
ACACGTAGGCCACAAG-1,0.000033,0.000033,0.468127,0.346995,0.000033,0.01679,0.000066,0.167922
ACACTCCAATGTCACT-1,0.000026,0.000026,0.040552,0.000026,0.000026,0.008199,0.920138,0.031008
ACACTGATCAAGGTGT-1,0.000029,0.455215,0.090577,0.065043,0.000029,0.004076,0.220934,0.164096
ACACTGGGACAGTCGT-1,0.000041,0.000041,0.51275,0.479714,0.000041,0.000041,0.000082,0.007291
ACAGAACTGAGAACAA-1,0.000035,0.000659,0.000035,0.047362,0.494698,0.081396,0.22668,0.149136
ACAGATTAGGTTAGTG-1,0.000022,0.003851,0.000022,0.000022,0.005761,0.000022,0.959373,0.030925
ACAGCATAGAGCCAGT-1,0.000017,0.000242,0.000017,0.000017,0.034621,0.000017,0.923994,0.041076
ACAGCGACATTCTCAT-1,0.000053,0.014944,0.42601,0.558672,0.000053,0.000053,0.000107,0.000107
ACAGCGCACCCGCAGC-1,0.000045,0.000045,0.000045,0.000045,0.256133,0.045997,0.348146,0.349543
ACAGGCACGGATCCTT-1,0.000025,0.042283,0.891995,0.022467,0.000025,0.000025,0.003748,0.039434
ACAGGCTTGCCCGACT-1,0.000036,0.035369,0.664241,0.300136,0.000036,0.000036,0.000072,0.000072
ACAGGTGGAGGTGAGG-1,0.00005,0.113156,0.013983,0.255771,0.126666,0.274265,0.042155,0.173953
ACAGGTGTGTTGTTGC-1,0.000013,0.000013,0.000013,0.000013,0.000013,0.000013,0.662421,0.337499
ACAGTAATACAACTTG-1,0.000022,0.043591,0.000022,0.000022,0.242962,0.000765,0.485129,0.227488
ACAGTATACCGTGGGA-1,0.000039,0.000039,0.000039,0.000039,0.686612,0.026918,0.040235,0.246079
ACATAAGTCGTGGTGA-1,0.000026,0.021647,0.063975,0.000026,0.23521,0.02434,0.296799,0.357976
ACATAATAAGGCGGTG-1,0.000022,0.009119,0.000022,0.000022,0.171191,0.002412,0.729742,0.087469
ACATACAATCAAGCGG-1,0.000024,0.089337,0.594439,0.121608,0.095158,0.018656,0.001416,0.079363
ACATCAGCTGGGACGC-1,0.000023,0.024403,0.000023,0.001476,0.13589,0.137142,0.652667,0.048376
ACATCCCGGCCATACG-1,0.000035,0.071537,0.822191,0.10603,0.000035,0.000035,0.000069,0.000069
ACATCCTGGTAACTGT-1,0.000038,0.102511,0.446118,0.217672,0.000038,0.000038,0.04682,0.186764
ACATCGATCGTTTACC-1,0.000062,0.035037,0.372377,0.271397,0.000062,0.250816,0.000123,0.070127
ACATCGGTCAGCCGCG-1,0.000052,0.424974,0.131546,0.141498,0.190138,0.111583,0.000104,0.000104
ACATCGTATGCAATGG-1,0.000026,0.000026,0.722176,0.010836,0.000026,0.213758,0.000053,0.053099
ACATCGTTAACCTAGT-1,0.000078,0.117248,0.113562,0.000078,0.441522,0.027734,0.180271,0.119506
ACATCTCAACGCGTAA-1,0.000019,0.000019,0.000019,0.000019,0.000833,0.071809,0.771233,0.156049
ACATGCTTACGGCAGC-1,0.000043,0.000043,0.048252,0.008941,0.138182,0.012682,0.000086,0.79177
ACATGGCGCCAAAGTA-1,0.00004,0.061048,0.423363,0.460025,0.030444,0.001645,0.00008,0.023354
ACATTAGTTTATATCC-1,0.00005,0.137498,0.655179,0.143857,0.00005,0.063164,0.000101,0.000101
ACATTCGCGCGGAATA-1,0.000046,0.168399,0.000046,0.003202,0.242218,0.000046,0.07785,0.508194
ACATTTGAAACCTAAC-1,0.000024,0.008646,0.93743,0.023017,0.000024,0.000024,0.000048,0.030786
ACCAAACACCCAGCGA-1,0.000015,0.036525,0.118118,0.000015,0.136068,0.018596,0.331346,0.359317
ACCAAACTAGAAATCC-1,0.000035,0.000035,0.000035,0.000035,0.217437,0.148147,0.493371,0.140904
ACCAACACCACACACT-1,0.000027,0.106158,0.129749,0.000937,0.242194,0.10149,0.179921,0.239524
ACCAACCGCACTCCAC-1,0.000019,0.000019,0.965491,0.000019,0.000019,0.000019,0.000038,0.034377
ACCAACGCTTATTTAT-1,0.000061,0.000061,0.417167,0.344683,0.030782,0.147108,0.000122,0.060017
ACCAAGAACGCGTGTC-1,0.000012,0.238334,0.006238,0.000012,0.022782,0.014688,0.707627,0.010305
ACCAAGTCATCGGCAG-1,0.000033,0.000033,0.826136,0.173603,0.000033,0.000033,0.000065,0.000065
ACCAATATGCAAGTTA-1,0.00003,0.287602,0.436027,0.068455,0.00003,0.00003,0.092026,0.115801
ACCACAACTCAGAACA-1,0.00002,0.006171,0.003551,0.00002,0.00002,0.00002,0.632852,0.357347
ACCACAAGTTTCTATC-1,0.000029,0.194433,0.226695,0.089297,0.024456,0.199459,0.07942,0.18621
ACCACCAATGTAACAA-1,0.000026,0.000026,0.80247,0.027638,0.000026,0.079478,0.000053,0.090283
ACCACCCTCTCTTCTA-1,0.000016,0.013632,0.010546,0.009242,0.004174,0.027978,0.337532,0.596881
ACCACGTGCAGCTATA-1,0.000037,0.085796,0.658827,0.121977,0.006561,0.061432,0.008434,0.056936
ACCAGACCATAACAAC-1,0.000019,0.009319,0.000019,0.000019,0.302364,0.007967,0.537274,0.143019
ACCAGCCCGGTCTTTG-1,0.000024,0.000024,0.000024,0.000024,0.016354,0.000024,0.849858,0.133666
ACCAGGAGTGTGATCT-1,0.000042,0.000042,0.000042,0.000042,0.208243,0.024744,0.590639,0.176207
ACCAGTGCCCGGTCAA-1,0.000037,0.000037,0.000037,0.000037,0.000037,0.000037,0.525775,0.474004
ACCAGTGCGGGAGACG-1,0.000037,0.032206,0.626904,0.303509,0.004661,0.032535,0.000074,0.000074
ACCATATCCGCAATAA-1,0.000044,0.419274,0.185982,0.374684,0.002182,0.017656,0.000089,0.000089
ACCATCCGCCAACTAG-1,0.000017,0.169575,0.058263,0.000017,0.023366,0.005508,0.546486,0.196769
ACCATCGTATATGGTA-1,0.000095,0.077243,0.000095,0.519183,0.402911,0.000095,0.000189,0.000189
ACCATTAAGGGTGTCA-1,0.000032,0.000032,0.000032,0.000032,0.29918,0.113939,0.586691,0.000063
ACCCAACGCCCGTGGC-1,0.000051,0.043401,0.107401,0.497479,0.307847,0.043618,0.000102,0.000102
ACCCACCTACATGCTC-1,0.000047,0.088092,0.000047,0.007835,0.772956,0.00097,0.067519,0.062533
ACCCATCTTGAGGGTA-1,0.000036,0.038611,0.000036,0.091221,0.286662,0.036618,0.310307,0.236509
ACCCATTTGTCCCTCT-1,0.000031,0.024814,0.625192,0.199854,0.000031,0.000031,0.049197,0.100847
ACCCGAGCGAAATTAC-1,0.000026,0.12696,0.266961,0.000026,0.184688,0.078882,0.111147,0.23131
ACCCGATTGGTTCCGA-1,0.000039,0.311403,0.316966,0.043301,0.003375,0.168249,0.026748,0.12992
ACCCGGAAACTCCCAG-1,0.000063,0.076887,0.315525,0.575813,0.031399,0.000063,0.000125,0.000125
ACCCGGAGCACCACAA-1,0.000035,0.020213,0.832897,0.146647,0.000035,0.000035,0.000069,0.000069
ACCCGGATGACGCATC-1,0.000077,0.000077,0.38637,0.255173,0.042386,0.033627,0.000154,0.282136
ACCCGGTTACACTTCC-1,0.000069,0.113176,0.041163,0.440926,0.098121,0.088047,0.107691,0.110806
ACCCGTAGCAGAGAAT-1,0.000019,0.000019,0.000019,0.000019,0.000019,0.000019,0.000038,0.999847
ACCCGTAGTCTAGTTG-1,0.000021,0.000021,0.727511,0.21403,0.000021,0.05831,0.000043,0.000043
ACCCGTGTCATCAGTA-1,0.000062,0.069015,0.465286,0.416995,0.013046,0.000062,0.000124,0.035411
ACCCTATAGGACTGAG-1,0.000044,0.018297,0.000044,0.000044,0.109506,0.001103,0.742015,0.128948
ACCCTATGCCATATCG-1,0.000088,0.029972,0.028783,0.681063,0.133667,0.126076,0.000175,0.000175
ACCCTCCCGTCAGGGC-1,0.000022,0.005369,0.935972,0.000022,0.000022,0.000022,0.027509,0.031065
ACCCTCCCTTGCTATT-1,0.00006,0.141589,0.159836,0.644529,0.016568,0.00006,0.000119,0.03724
ACCCTGGTAACGCCCT-1,0.000026,0.093098,0.071382,0.007337,0.13966,0.084844,0.086918,0.516735
ACCCTTCATCTGCGAA-1,0.000045,0.016133,0.000045,0.013272,0.325656,0.02132,0.468381,0.155146
ACCCTTGCCTGGGTCG-1,0.000017,0.034623,0.073459,0.004984,0.007551,0.059804,0.462084,0.357478
ACCCTTTAGTTCTCCA-1,0.000072,0.008583,0.000072,0.000072,0.147726,0.16525,0.41468,0.263545
ACCGAAAGGGCCCTGC-1,0.000023,0.000023,0.000023,0.000023,0.0855,0.000023,0.906164,0.00822
ACCGAAGAGTCTGGTT-1,0.000046,0.000046,0.000046,0.000046,0.37397,0.000046,0.17516,0.450639
ACCGACACATCTCCCA-1,0.00004,0.178191,0.655912,0.165614,0.00004,0.00004,0.000081,0.000081
ACCGACTGAGTCCCAC-1,0.000023,0.054521,0.031489,0.181928,0.023393,0.133734,0.115665,0.459246
ACCGAGTCTCCTTATT-1,0.000027,0.000027,0.984678,0.002065,0.000027,0.000027,0.000055,0.013093
ACCGATAGGCATAACC-1,0.000018,0.039429,0.942074,0.018372,0.000018,0.000018,0.000036,0.000036
ACCGATATTTAATCAT-1,0.000027,0.004476,0.98125,0.004648,0.000027,0.000027,0.000055,0.009489
ACCGATGGTAGCATCG-1,0.00003,0.172096,0.075434,0.170942,0.00003,0.061834,0.236952,0.282682
ACCGCAATAACTGCCT-1,0.000023,0.117549,0.860924,0.021368,0.000023,0.000023,0.000045,0.000045
ACCGCGGTGGAAGTCG-1,0.000042,0.039223,0.691801,0.264608,0.000042,0.004116,0.000084,0.000084
ACCGCTAGTCATTGGT-1,0.000046,0.000046,0.567078,0.059429,0.034163,0.001568,0.000092,0.337577
ACCGGGCCTTTGTTGA-1,0.000037,0.000037,0.392361,0.45437,0.000037,0.106747,0.000074,0.046335
ACCGGTCAGGTACACC-1,0.000043,0.000043,0.000043,0.003332,0.54027,0.000428,0.168903,0.286939
ACCGGTCTGAGTACGG-1,0.000022,0.000022,0.000022,0.000022,0.00435,0.003278,0.670748,0.321537
ACCGTCCACTGGGCCC-1,0.000027,0.023568,0.040747,0.004936,0.177326,0.063195,0.327469,0.362731
ACCGTGACCACGTGGG-1,0.000029,0.000029,0.313328,0.044455,0.000029,0.082641,0.017518,0.54197
ACCGTTCCCGCTCTGA-1,0.000049,0.015496,0.000049,0.000049,0.048737,0.155934,0.642717,0.136968
ACCTAAGTACCTTTCA-1,0.000026,0.083982,0.000026,0.007183,0.051325,0.069394,0.582485,0.205581
ACCTAATCGACTTCCT-1,0.000027,0.000027,0.000027,0.000027,0.189694,0.178134,0.564183,0.067882
ACCTACAGTATGTGGT-1,0.000038,0.000038,0.560554,0.298614,0.000038,0.015475,0.000076,0.125168
ACCTACTATAAATCTA-1,0.000081,0.000082,0.420987,0.277321,0.024217,0.004951,0.000163,0.272197
ACCTCAGCGAGGCGCA-1,0.00003,0.067764,0.552739,0.271065,0.057722,0.009669,0.014093,0.026917
ACCTCCGCCCTCGCTG-1,0.000036,0.000036,0.686648,0.256778,0.000036,0.051723,0.000071,0.004672
ACCTCCGTTATTCACC-1,0.000034,0.096304,0.588619,0.034412,0.01519,0.11096,0.000822,0.15366
ACCTCGAACTTATGCT-1,0.000021,0.000021,0.012006,0.00033,0.093095,0.005744,0.23421,0.654573
ACCTGCGTGTCATGTT-1,0.000022,0.020505,0.000022,0.000022,0.03484,0.004491,0.771478,0.168619
ACCTTTCCTTTAGAAG-1,0.000065,0.000065,0.000065,0.000065,0.299561,0.567727,0.076328,0.056125
ACGAAATGGGCGGCAC-1,0.000021,0.049963,0.000021,0.019478,0.355319,0.045246,0.450586,0.079366
ACGACCCATGAGTTGC-1,0.000028,0.061075,0.854947,0.041638,0.000028,0.011334,0.023812,0.007138
ACGACTCTAGGGCCGA-1,0.000046,0.000046,0.498027,0.501605,0.000046,0.000046,0.000092,0.000092
ACGACTGGTCATACTC-1,0.000036,0.07186,0.446287,0.084268,0.22271,0.037657,0.000072,0.13711
ACGAGAACCCATCACG-1,0.00002,0.025115,0.045258,0.00002,0.025572,0.009204,0.840498,0.054314
ACGAGATATTTGCTTA-1,0.000055,0.039936,0.000055,0.008321,0.287543,0.053369,0.284414,0.326307
ACGAGGATACCACTCT-1,0.000016,0.000016,0.000016,0.000016,0.000016,0.000016,0.497326,0.50258
ACGAGGTTTACAACGT-1,0.000032,0.011445,0.029806,0.000032,0.308783,0.089662,0.204888,0.355352
ACGAGTACGGATGCCC-1,0.000044,0.003195,0.000044,0.121924,0.043077,0.322442,0.201033,0.308241
ACGATACATAGAACTA-1,0.000018,0.217066,0.010584,0.00171,0.039609,0.004515,0.277472,0.449026
ACGATACCTATCCTGA-1,0.000014,0.000014,0.000014,0.000014,0.000014,0.000014,0.867153,0.132761
ACGATCATACATAGAG-1,0.000021,0.188508,0.021974,0.000021,0.070441,0.028234,0.575153,0.115647
ACGATCATCTTGTAAA-1,0.000043,0.042433,0.402887,0.169945,0.004055,0.299993,0.029232,0.051413
ACGATGCATATGTTAT-1,0.000026,0.244533,0.306841,0.001827,0.016435,0.066722,0.256855,0.106762
ACGATGGATCCGATGC-1,0.000049,0.030852,0.077418,0.016176,0.463528,0.051368,0.239048,0.121561
ACGCAAACTAATAGAT-1,0.000058,0.21325,0.041746,0.610104,0.047237,0.000058,0.002986,0.084561
