Barcode,Topic 1,Topic 2to3,Topic 4,Topic 5,Topic 6,Topic 7,Topic 8,Topic 9to11
AAACAACGAATAGTTC-1,0.017836,0.00125,0.019735,0.000025,0.048409,0.000025,0.000025,0.912695
AAACAAGTATCTCCCA-1,0.002703,0.876003,0.009466,0.001531,0.089391,0.012412,0.008421,0.000074
AAACAATCTACTAGCA-1,0.000027,0.000055,0.074279,0.00134,0.166155,0.078592,0.003499,0.676052
AAACACCAATAACTGC-1,0.000027,0.000054,0.273772,0.000027,0.000027,0.198747,0.145416,0.381929
AAACAGAGCGACTCCT-1,0.000038,0.000077,0.540336,0.000038,0.050198,0.152266,0.151235,0.105811
AAACAGCTTTCAGAAG-1,0.000014,0.000029,0.044518,0.000014,0.000014,0.086772,0.304968,0.56367
AAACAGGGTCTATATT-1,0.000026,0.000053,0.405289,0.000026,0.000026,0.035506,0.204536,0.354536
AAACAGTGTTCCTGGG-1,0.000042,0.799407,0.000042,0.000042,0.200255,0.000042,0.000042,0.000127
AAACATGGTGAGAGGA-1,0.004359,0.097554,0.479884,0.000028,0.038365,0.313716,0.000028,0.066067
AAACATTTCCCGGATT-1,0.014716,0.985033,0.000031,0.000031,0.000031,0.000031,0.000031,0.000094
AAACCACTACACAGAT-1,0.000015,0.00003,0.056893,0.000463,0.006384,0.569871,0.000016,0.366328
AAACCCGAACGAAATC-1,0.049004,0.480651,0.000012,0.089622,0.036465,0.341506,0.000251,0.00249
AAACCGGAAATGTTAA-1,0.093809,0.905968,0.000028,0.000028,0.000028,0.000028,0.000028,0.000083
AAACCGGGTAGGTACC-1,0.041469,0.07854,0.515797,0.000035,0.000035,0.000035,0.264651,0.099439
AAACCGTTCGTCCAGG-1,0.057854,0.72906,0.014108,0.000039,0.134909,0.000039,0.000039,0.063953
AAACCTAAGCAGCCGG-1,0.065955,0.924197,0.000025,0.000025,0.009677,0.000024,0.000025,0.000074
AAACCTCATGAAGTTG-1,0.062186,0.000062,0.38889,0.000031,0.000031,0.003756,0.233854,0.31119
AAACGAAGAACATACC-1,0.000045,0.00009,0.545486,0.000045,0.006417,0.000045,0.000045,0.447827
AAACGAAGATGGAGTA-1,0.000029,0.000059,0.218095,0.000029,0.000029,0.318231,0.046326,0.417202
AAACGACAGTCTTGCC-1,0.00003,0.15048,0.66063,0.00003,0.138662,0.00003,0.00003,0.05011
AAACGAGACGGTTGAT-1,0.000046,0.514346,0.327203,0.000046,0.000046,0.088407,0.000741,0.069165
AAACGCCCGAGATCGG-1,0.000025,0.00005,0.094336,0.000025,0.033906,0.380087,0.000025,0.491546
AAACGCTGGGCACGAC-1,0.004478,0.687214,0.000019,0.000019,0.308175,0.000019,0.000019,0.000057
AAACGGGCGTACGGGT-1,0.064215,0.494319,0.000026,0.113302,0.006534,0.284507,0.000026,0.037072
AAACGGGTTGGTATCC-1,0.000294,0.000071,0.180448,0.000036,0.027656,0.000036,0.000036,0.791424
AAACGGTTGCGAACTG-1,0.000159,0.774478,0.015615,0.033709,0.175791,0.00005,0.00005,0.000149
AAACGTGTTCGCCCTA-1,0.076257,0.160199,0.06288,0.000012,0.000013,0.409603,0.000012,0.291023
AAACTAACGTGGCGAC-1,0.000015,0.030622,0.000015,0.000015,0.197135,0.286301,0.002867,0.48303
AAACTCGGTTCGCAAT-1,0.134513,0.865216,0.000034,0.000034,0.000034,0.000034,0.000034,0.000102
AAACTCGTGATATAAG-1,0.011636,0.050837,0.012438,0.00237,0.012585,0.312436,0.000746,0.596952
AAACTGCTGGCTCCAA-1,0.000063,0.833447,0.166051,0.000063,0.000063,0.000063,0.000063,0.000188
AAACTTAATTGCACGC-1,0.020769,0.094604,0.567851,0.000035,0.005245,0.069137,0.04266,0.199698
AAACTTGCAAACGTAT-1,0.080118,0.007468,0.000011,0.016296,0.186625,0.013539,0.359434,0.336508
AAAGAATGACCTTAGA-1,0.000035,0.000071,0.519174,0.000035,0.044291,0.250693,0.000035,0.185665
AAAGAATGTGGACTAA-1,0.217381,0.782506,0.000014,0.000014,0.000014,0.000014,0.000014,0.000042
AAAGACATGAAGTTTA-1,0.001318,0.209104,0.418385,0.000029,0.183434,0.000029,0.000029,0.187673
AAAGACCCAAGTCGCG-1,0.015522,0.00003,0.009518,0.000015,0.057754,0.000015,0.069316,0.84783
AAAGACTGGGCGCTTT-1,0.023025,0.012962,0.05307,0.000411,0.000019,0.010687,0.086789,0.813038
AAAGCTTGCCTACATA-1,0.00289,0.051827,0.068869,0.027622,0.089478,0.364338,0.002263,0.392713
AAAGGCCCTATAATAC-1,0.000027,0.000053,0.23744,0.000027,0.013378,0.17422,0.488327,0.086529
AAAGGCTACGGACCAT-1,0.063854,0.783833,0.000033,0.033762,0.084713,0.000032,0.032554,0.001219
AAAGGCTCTCGCGCCG-1,0.101704,0.759496,0.110948,0.000042,0.000042,0.000042,0.027601,0.000126
AAAGGGATGTAGCAAG-1,0.056334,0.000059,0.259784,0.02624,0.000026,0.044386,0.188171,0.424998
AAAGGGCAGCTTGAAT-1,0.03152,0.00005,0.352137,0.000025,0.000025,0.000025,0.080736,0.535482
AAAGGTAAGCTGTACC-1,0.000026,0.000051,0.01565,0.000026,0.007626,0.42123,0.000026,0.555365
AAAGGTCAACGACATG-1,0.098981,0.035906,0.098242,0.018696,0.138174,0.109409,0.063781,0.436812
AAAGTAGCATTGCTCA-1,0.200452,0.310617,0.143956,0.000028,0.010462,0.004308,0.279171,0.051007
AAAGTCACTGATGTAA-1,0.000012,0.000024,0.000012,0.002269,0.004147,0.000012,0.034937,0.958588
AAAGTCGACCCTCAGT-1,0.000011,0.000023,0.000011,0.01476,0.000011,0.05296,0.33023,0.601993
AAAGTGCCATCAATTA-1,0.023145,0.504266,0.000032,0.021687,0.000032,0.424896,0.000032,0.025909
AAAGTGTGATTTATCT-1,0.000585,0.848347,0.000036,0.000036,0.150814,0.000036,0.000036,0.000109
AAAGTTGACTCCCGTA-1,0.005263,0.666065,0.005326,0.00004,0.323104,0.00004,0.00004,0.000121
AAATAACCATACGGGA-1,0.018094,0.036204,0.044998,0.005581,0.111736,0.187148,0.074789,0.521449
AAATAAGGTAGTGCCC-1,0.003376,0.093935,0.202507,0.002865,0.032758,0.611922,0.002725,0.049913
AAATACCTATAAGCAT-1,0.086635,0.858855,0.054174,0.000048,0.000048,0.000048,0.000048,0.000144
AAATAGCTTAGACTTT-1,0.075153,0.60279,0.021055,0.014501,0.055746,0.095839,0.000025,0.134891
AAATAGGGTGCTATTG-1,0.000034,0.783999,0.057134,0.000034,0.158629,0.000034,0.000034,0.000102
AAATCACTCCTAAACG-1,0.04768,0.263174,0.572448,0.000034,0.037628,0.000034,0.000034,0.07897
AAATCCGATACACGCC-1,0.277197,0.48451,0.000017,0.046308,0.013461,0.165984,0.004414,0.008108
AAATCGCGGAAGGAGT-1,0.000054,0.000109,0.760933,0.000054,0.000054,0.000054,0.019767,0.218973
AAATCGTGTACCACAA-1,0.093287,0.706808,0.17828,0.000072,0.000072,0.000072,0.000072,0.021336
AAATCTAGCCCTGCTA-1,0.013781,0.986029,0.000024,0.000024,0.000024,0.000024,0.000024,0.000071
AAATCTGCCCGCGTCC-1,0.000056,0.000112,0.411148,0.000056,0.055203,0.46767,0.064037,0.001718
AAATGACTGATCAAAC-1,0.532805,0.220391,0.023939,0.000026,0.000026,0.000026,0.116964,0.105822
AAATGATTCGATCAGC-1,0.000015,0.00003,0.072109,0.000015,0.134253,0.141949,0.284047,0.367583
AAATGCTCGTTACGTT-1,0.031396,0.071887,0.00002,0.017738,0.027403,0.042184,0.002605,0.806767
AAATGGCATGTCTTGT-1,0.005842,0.001694,0.50157,0.000036,0.000036,0.000036,0.046268,0.44452
AAATGGCCCGTGCCCT-1,0.023941,0.000042,0.146061,0.005531,0.000021,0.204113,0.292606,0.327684
AAATGGTCAATGTGCC-1,0.002828,0.689893,0.206874,0.000035,0.093034,0.000035,0.000035,0.007267
AAATGTATCTTATCCC-1,0.000031,0.000062,0.079588,0.0003,0.101296,0.012714,0.163106,0.642904
AAATGTGGGTGCTCCT-1,0.000032,0.000064,0.389816,0.000032,0.000032,0.147932,0.000032,0.462059
AAATTAACGGGTAGCT-1,0.000071,0.582411,0.417019,0.000071,0.000071,0.000071,0.000071,0.000214
AAATTAATAAGCGCGA-1,0.000016,0.000031,0.087137,0.000016,0.038133,0.000016,0.400719,0.473932
AAATTACACGACTCTG-1,0.000019,0.000039,0.0069,0.000019,0.135877,0.213259,0.054399,0.589488
AAATTACCTATCGATG-1,0.019805,0.035684,0.186084,0.026004,0.013902,0.27319,0.067418,0.377914
AAATTCCAGGTCCAAA-1,0.000018,0.570411,0.014202,0.000018,0.415264,0.000018,0.000018,0.000053
AAATTGATAGTCCTTT-1,0.046296,0.000048,0.073036,0.113339,0.000024,0.218414,0.199473,0.349369
AAATTGCGGCGGTTCT-1,0.000025,0.000049,0.103199,0.000025,0.046086,0.051344,0.000163,0.799109
AAATTGGTGAGAAGCA-1,0.00002,0.014519,0.200665,0.00002,0.017499,0.271631,0.013217,0.482429
AAATTTACCGAAATCC-1,0.000047,0.000094,0.54963,0.002245,0.000047,0.24599,0.000047,0.2019
AAATTTGCGGGTGTGG-1,0.002288,0.009772,0.317701,0.044609,0.000029,0.200899,0.419582,0.00512
AACAACTGGTAGTTGC-1,0.000058,0.12861,0.863095,0.000058,0.000058,0.000058,0.000058,0.008007
AACAATACATTGTCGA-1,0.151995,0.500538,0.26569,0.000052,0.000052,0.000052,0.081464,0.000156
AACAATTACTCTACGC-1,0.004639,0.009836,0.766906,0.000048,0.000048,0.000048,0.101721,0.116753
AACACACGCTCGCCGC-1,0.000028,0.913741,0.015301,0.000028,0.070762,0.000028,0.000028,0.000084
AACACGACTGTACTGA-1,0.062983,0.001304,0.000014,0.000547,0.000014,0.003098,0.000014,0.932025
AACACGAGACGCGGCC-1,0.000022,0.000045,0.258633,0.027229,0.000022,0.062613,0.413403,0.238033
AACACGCGGCCGCGAA-1,0.072873,0.001256,0.190847,0.000036,0.025209,0.083695,0.000293,0.62579
AACAGCTGTGTGGCAA-1,0.136203,0.179381,0.238755,0.006592,0.054495,0.197126,0.129636,0.057813
AACAGGAAATCGAATA-1,0.009304,0.001589,0.580531,0.000036,0.000036,0.000036,0.077677,0.330793
AACAGGATGGGCCGCG-1,0.000026,0.058166,0.216273,0.004725,0.192716,0.034326,0.296944,0.196824
AACAGGTAGTATGGAT-1,0.000484,0.94953,0.000017,0.000017,0.049868,0.000017,0.000017,0.000051
AACATAGCGTGTATCG-1,0.4836,0.301629,0.039206,0.018759,0.023664,0.012409,0.011723,0.10901
AACATATCAACTGGTG-1,0.104547,0.178295,0.340499,0.000054,0.086597,0.000054,0.271656,0.0183
AACATCGATACGTCTA-1,0.007487,0.046322,0.286285,0.000026,0.048471,0.388644,0.038007,0.184759
AACATTGAAGTTGATC-1,0.03415,0.055322,0.256189,0.010538,0.005117,0.143895,0.446894,0.047894
AACATTGGTCAGCCGT-1,0.021899,0.004534,0.012917,0.000027,0.053485,0.000027,0.000027,0.907082
AACATTGTGACTCGAG-1,0.008452,0.801234,0.189782,0.000076,0.000076,0.000076,0.000076,0.000228
AACCAAGACTTCTCTG-1,0.09589,0.021405,0.007169,0.02126,0.000017,0.099781,0.392082,0.362397
AACCAGTATCACTCTT-1,0.000056,0.000111,0.24316,0.000056,0.041584,0.228672,0.068923,0.417439
AACCATAGGGTTGAAC-1,0.00002,0.000041,0.058999,0.00002,0.00002,0.280641,0.017281,0.642977
AACCATGGGATCGCTA-1,0.000034,0.005032,0.354482,0.000034,0.000034,0.000034,0.000034,0.640315
AACCCAGAGACGGAGA-1,0.01849,0.032197,0.226587,0.000022,0.018633,0.017423,0.046501,0.640147
AACCCATCCCATGATC-1,0.000046,0.000524,0.697372,0.000046,0.000046,0.009985,0.061704,0.230276
AACCCGACAACCCGTG-1,0.000049,0.732633,0.153881,0.008651,0.001918,0.100269,0.00245,0.000148
AACCCGAGCAGAATCG-1,0.088488,0.906001,0.000022,0.000022,0.000022,0.005359,0.000022,0.000065
AACCCGATAGGGCTTC-1,0.000024,0.003154,0.047638,0.000024,0.03552,0.491712,0.000024,0.421905
AACCCGCTGTATTCCA-1,0.493198,0.301612,0.00858,0.00002,0.039011,0.00002,0.026539,0.131019
AACCCTACTGTCAATA-1,0.001203,0.69815,0.13875,0.026548,0.027548,0.000061,0.107559,0.000182
AACCCTGGTGGAACCA-1,0.000014,0.000027,0.000014,0.000014,0.238232,0.001671,0.002756,0.757273
AACCGAGCTTGGTCAT-1,0.000032,0.007956,0.402322,0.043375,0.000032,0.103892,0.127423,0.314969
AACCGCTAAGGGATGC-1,0.171227,0.816543,0.012026,0.000029,0.000029,0.000029,0.000029,0.000087
AACCGTTGTGTTTGCT-1,0.000047,0.000094,0.259804,0.000047,0.000047,0.007966,0.080836,0.651158
AACCTAAAGCCGTCCG-1,0.000058,0.016889,0.920124,0.000058,0.000058,0.000058,0.000058,0.062695
AACCTCGCTTTAGCCC-1,0.000053,0.767904,0.042645,0.000102,0.000053,0.10448,0.028023,0.05674
AACCTGTCACGGAATT-1,0.0092,0.818242,0.0516,0.000026,0.120802,0.000026,0.000026,0.000078
AACCTTTAAATACGGT-1,0.025773,0.527041,0.000028,0.044905,0.239199,0.006002,0.156969,0.000084
AACCTTTACGACGTCT-1,0.014565,0.015998,0.000017,0.038495,0.325403,0.026899,0.079428,0.499195
AACGAAAGTCGTCCCA-1,0.000037,0.000075,0.611409,0.000037,0.000037,0.106199,0.045717,0.236488
AACGACCTCCTAGCCG-1,0.000821,0.931419,0.000015,0.000015,0.061101,0.006568,0.000015,0.000046
AACGATAATGCCGTAG-1,0.041788,0.882541,0.075444,0.000032,0.000032,0.000032,0.000032,0.000097
AACGATAGAAGGGCCG-1,0.11913,0.002,0.515382,0.000047,0.000047,0.000047,0.137094,0.226254
AACGATATGTCAACTG-1,0.013626,0.048383,0.304323,0.058827,0.000031,0.024571,0.477986,0.072254
AACGCATGATCTGGGT-1,0.052377,0.033103,0.365825,0.000032,0.009921,0.330871,0.026307,0.181565
AACGCGAACGGCAACA-1,0.000015,0.00003,0.000015,0.002989,0.000015,0.033373,0.004454,0.959108
AACGCGACCTTGGGCG-1,0.000049,0.908561,0.000049,0.000049,0.09105,0.000049,0.000049,0.000146
AACGCGGTCTCCAGCC-1,0.112381,0.038429,0.000385,0.064232,0.0025,0.252867,0.178143,0.351063
AACGCTGTTGCTGAAA-1,0.095817,0.854101,0.049726,0.000051,0.000051,0.000051,0.000051,0.000153
AACGGACGTACGTATA-1,0.109911,0.828376,0.044135,0.000041,0.000041,0.000041,0.000041,0.017416
AACGGCCATCTCCGGT-1,0.001243,0.696163,0.082771,0.000048,0.108032,0.000048,0.111553,0.000143
AACGTACTGTGGGTAC-1,0.169519,0.659531,0.148298,0.000062,0.022278,0.000062,0.000062,0.000187
AACGTAGTCTACCCAT-1,0.00003,0.00044,0.296948,0.001497,0.063549,0.06001,0.00003,0.577496
AACGTCAGACTAGTGG-1,0.009802,0.004973,0.28108,0.005131,0.000027,0.040122,0.291429,0.367437
AACGTCATCCGGCTTG-1,0.518794,0.266931,0.003982,0.000028,0.038022,0.000028,0.06373,0.108484
AACGTCGCTGCACTTC-1,0.461875,0.368359,0.010294,0.000013,0.00718,0.039112,0.000013,0.113153
AACGTGATGAAGGACA-1,0.000032,0.008586,0.210672,0.000032,0.123936,0.121653,0.011184,0.523905
AACGTGCGAAAGTCTC-1,0.249652,0.503706,0.016308,0.012019,0.000027,0.068585,0.067453,0.08225
AACGTTATCAGCACCT-1,0.000027,0.000055,0.081688,0.000027,0.062806,0.027299,0.054185,0.773913
AACGTTCTACCATTGT-1,0.290038,0.317853,0.061897,0.00124,0.073484,0.135451,0.008365,0.111672
AACTACCCGTTTGTCA-1,0.005241,0.994542,0.000027,0.000027,0.000027,0.000027,0.000027,0.000081
AACTAGCGTATCGCAC-1,0.025432,0.026793,0.129675,0.000037,0.000037,0.074046,0.000037,0.743942
AACTAGGCTTGGGTGT-1,0.176262,0.347718,0.005656,0.124085,0.104914,0.015931,0.122025,0.103408
AACTCAAGTTAATTGC-1,0.222998,0.414025,0.348382,0.000044,0.000044,0.000044,0.006647,0.007816
AACTCCAGAGCGTGTT-1,0.000054,0.794963,0.167846,0.000054,0.000054,0.015737,0.000054,0.021241
AACTCCTAATCCCATG-1,0.000026,0.000053,0.19467,0.000026,0.119402,0.107229,0.006338,0.572255
AACTCGATAAACACGT-1,0.038966,0.007579,0.035222,0.000032,0.103521,0.006368,0.002953,0.805359
AACTCGATGGCGCAGT-1,0.000038,0.003326,0.21587,0.000038,0.000038,0.000038,0.000038,0.780613
AACTCTCAATAGAGCG-1,0.092545,0.508276,0.065093,0.038868,0.115436,0.000031,0.000031,0.17972
AACTCTCAGTGTGCTC-1,0.163826,0.649567,0.085101,0.000056,0.000056,0.008875,0.000056,0.092463
AACTGAGGTCAGCGTC-1,0.000029,0.013666,0.067927,0.000029,0.043046,0.373701,0.000029,0.501573
AACTGAGTTATACTGA-1,0.000041,0.820931,0.000041,0.000041,0.17874,0.000041,0.000041,0.000123
AACTGATATTAGGCCT-1,0.000036,0.000071,0.407821,0.000036,0.08863,0.010581,0.109752,0.383073
AACTGGGTCCCGACGT-1,0.083497,0.00002,0.00001,0.003012,0.147882,0.001614,0.163675,0.60029
AACTGGGTTCGAGCCG-1,0.00002,0.00004,0.016898,0.014044,0.00002,0.312344,0.004491,0.652143
AACTGGTGTGGGCCTT-1,0.000019,0.000037,0.000019,0.000019,0.000019,0.000019,0.033961,0.96591
AACTTCTGCGTCTATC-1,0.132396,0.044578,0.026068,0.015073,0.007933,0.007831,0.021406,0.744716
AACTTGCCCGTATGCA-1,0.012184,0.02092,0.094527,0.001103,0.075294,0.03066,0.334555,0.430758
AACTTGCGTTCTCGCG-1,0.000027,0.000054,0.047781,0.000027,0.000027,0.025502,0.032359,0.894221
AACTTTACGGGAGCTT-1,0.024474,0.000054,0.30616,0.000027,0.000027,0.000027,0.305685,0.363546
AACTTTAGCTGCTGAG-1,0.000061,0.003816,0.36365,0.000061,0.000061,0.044766,0.000142,0.587443
AACTTTCTCGATCATG-1,0.000027,0.040411,0.324873,0.000027,0.000027,0.36344,0.000027,0.271168
AAGAAAGTTTGATGGG-1,0.000025,0.000051,0.019403,0.000025,0.711311,0.195935,0.072782,0.000468
AAGAAATCACCAGATT-1,0.021372,0.085466,0.100587,0.009266,0.054757,0.390589,0.003256,0.334708
AAGAAGGATCAGTTAG-1,0.043821,0.029752,0.129916,0.000025,0.000025,0.000142,0.000025,0.796293
AAGACATACGTGGTTT-1,0.000017,0.971298,0.000017,0.000017,0.028567,0.000017,0.000017,0.00005
AAGACCAAATAACTCA-1,0.008413,0.017249,0.106203,0.000017,0.127255,0.295981,0.016071,0.428811
AAGACCCAACTGAACA-1,0.059211,0.810428,0.055439,0.000034,0.000034,0.028381,0.033767,0.012704
AAGACTAACCCGTTGT-1,0.000047,0.000094,0.410267,0.000047,0.1192,0.000047,0.000047,0.47025
AAGACTCACGCCCACT-1,0.069644,0.039786,0.438214,0.000035,0.000035,0.218056,0.000035,0.234193
AAGACTGCAAGCTACT-1,0.196852,0.548504,0.240076,0.000055,0.000055,0.000055,0.000055,0.01435
AAGAGATGAATCGGTA-1,0.000021,0.000041,0.011937,0.052157,0.000021,0.14538,0.17539,0.615053
AAGAGCTCTTTATCGG-1,0.003105,0.650978,0.28521,0.000086,0.000086,0.000086,0.000086,0.060364
AAGAGGATGTACGCGA-1,0.00003,0.00006,0.217305,0.000315,0.00003,0.100549,0.560818,0.120892
AAGAGGCATGGATCGC-1,0.193324,0.339701,0.031635,0.000066,0.424726,0.000066,0.010286,0.000197
AAGAGGCCCTTTGGAA-1,0.000458,0.950727,0.000027,0.000027,0.048629,0.000027,0.000027,0.00008
AAGATGGCACCGGACC-1,0.10509,0.734775,0.140247,0.000037,0.013682,0.000037,0.005196,0.000936
AAGATTGGCGGAACGT-1,0.061624,0.033196,0.080126,0.02137,0.008278,0.172214,0.018739,0.604453
AAGCACCCTGCGTATC-1,0.254106,0.66271,0.002672,0.002936,0.040274,0.000034,0.000034,0.037235
AAGCATACTCTCCTGA-1,0.112506,0.699102,0.032379,0.003068,0.05235,0.022528,0.049845,0.028222
AAGCCACTTGCAGGTA-1,0.000056,0.291733,0.376244,0.000056,0.071454,0.043119,0.217172,0.000167
AAGCCGAAGCGGTTTA-1,0.000024,0.888734,0.000024,0.000024,0.111074,0.000024,0.000024,0.000072
AAGCCGCCGTGAAATC-1,0.000021,0.000042,0.082088,0.004607,0.031811,0.200864,0.446717,0.23385
AAGCCGCTTTACCTTG-1,0.00001,0.000021,0.00001,0.034743,0.064609,0.229549,0.006806,0.664252
AAGCCGGAGAGCAGGA-1,0.000039,0.732335,0.000039,0.000039,0.26735,0.000039,0.000039,0.000118
AAGCGCAGGGCTTTGA-1,0.107988,0.891682,0.000041,0.000041,0.000041,0.000041,0.000041,0.000124
AAGCGGAGTGCGCGCA-1,0.00004,0.028676,0.602046,0.00004,0.007932,0.015982,0.00004,0.345245
AAGCGGCGTCATGGGT-1,0.000089,0.000178,0.792036,0.000089,0.063645,0.064251,0.000089,0.079623
AAGCGTCCCTCATCGA-1,0.000083,0.311223,0.529115,0.000083,0.076435,0.000083,0.082727,0.00025
AAGCTAGATCGAGTAA-1,0.016768,0.894723,0.018328,0.000043,0.028848,0.000043,0.041117,0.00013
AAGCTATGGATTGACC-1,0.007164,0.017793,0.132224,0.00002,0.020147,0.548874,0.002088,0.271689
AAGCTCGTGCCAAGTC-1,0.552026,0.111979,0.180452,0.000041,0.000041,0.000705,0.000041,0.154715
AAGCTCTTTCATGGTG-1,0.000072,0.913665,0.08576,0.000072,0.000072,0.000072,0.000072,0.000215
AAGGAGAACTTATAAG-1,0.000042,0.000085,0.44634,0.000042,0.000042,0.028304,0.000042,0.525101
AAGGAGCGGTTGGTGC-1,0.007771,0.055493,0.411902,0.184373,0.000044,0.000044,0.139375,0.200998
AAGGATCGATCGCTTG-1,0.072166,0.448506,0.000018,0.057686,0.411171,0.009589,0.000018,0.000845
AAGGATGAGGGACCTC-1,0.174088,0.149565,0.514047,0.056281,0.00004,0.010078,0.073765,0.022135
AAGGCAGGCTGTCTCC-1,0.03806,0.904624,0.05366,0.000023,0.000023,0.003517,0.000023,0.000069
AAGGCGCGTAAAGCTT-1,0.000016,0.000032,0.046542,0.202583,0.000016,0.090503,0.189085,0.471224
AAGGCTGTGCTCATCG-1,0.22673,0.107388,0.41731,0.000043,0.000043,0.000043,0.020817,0.227627
AAGGGAACGACTGGCT-1,0.113734,0.218395,0.337214,0.000025,0.000025,0.02524,0.211615,0.093752
AAGGGACAGATTCTGT-1,0.000025,0.005644,0.309481,0.038646,0.029174,0.256813,0.103225,0.256991
AAGGGACTATGCATTC-1,0.000047,0.026853,0.541389,0.000047,0.000047,0.043431,0.362241,0.025944
AAGGGTTAGCCATGCG-1,0.423755,0.235681,0.134172,0.000017,0.048311,0.061298,0.00704,0.089727
AAGGGTTTGATTTCAG-1,0.000026,0.000053,0.002009,0.000026,0.006459,0.520691,0.055055,0.415679
AAGGTATCCTAATATA-1,0.013549,0.071567,0.536628,0.009808,0.000046,0.000046,0.181316,0.18704
AAGGTGATAAACCAGC-1,0.133813,0.535046,0.002599,0.030028,0.031791,0.040852,0.00366,0.222213
AAGTAAGCTTCCAAAC-1,0.015314,0.164118,0.450822,0.000033,0.075871,0.000033,0.000033,0.293775
AAGTAGAAGACCGGGT-1,0.006028,0.001079,0.17103,0.031761,0.029743,0.011691,0.109394,0.639274
AAGTAGTGACGCGAGG-1,0.021768,0.050086,0.46407,0.000036,0.000036,0.001365,0.164569,0.29807
AAGTCAATTGTCGTCA-1,0.271029,0.722341,0.006423,0.00003,0.00003,0.00003,0.00003,0.000089
AAGTCTAGTAGCTGCC-1,0.051137,0.031615,0.046259,0.000321,0.000013,0.412017,0.008611,0.450028
AAGTCTTCTGTGGCCT-1,0.000015,0.00003,0.02061,0.000072,0.038832,0.077205,0.107182,0.756054
AAGTGACGACCGAATT-1,0.000346,0.037926,0.127004,0.007186,0.115967,0.074908,0.549009,0.087655
AAGTGAGTCGGGTTTA-1,0.272968,0.381811,0.045593,0.005889,0.000045,0.241606,0.034515,0.017573
AAGTGCAAAGGTAGAC-1,0.000021,0.000041,0.220638,0.000021,0.02597,0.008776,0.09213,0.652402
AAGTGCCTTGACTGTA-1,0.016692,0.317502,0.006052,0.168195,0.196651,0.243553,0.009507,0.041848
AAGTGCGTTAGAATCT-1,0.005089,0.000032,0.00159,0.108684,0.000016,0.14754,0.390885,0.346164
AAGTGCTTCTCTATTG-1,0.063864,0.096968,0.000018,0.1166,0.276859,0.242001,0.032299,0.17139
AAGTGTTTGGAGACGG-1,0.000051,0.92281,0.057995,0.000051,0.000051,0.000051,0.018836,0.000154
AAGTTCACTCCAAGCT-1,0.089387,0.9103,0.000039,0.000039,0.000039,0.000039,0.000039,0.000117
AAGTTCAGTCTGCGTA-1,0.119701,0.000069,0.46626,0.000034,0.000034,0.083263,0.000034,0.330605
AAGTTCGGCCAACAGG-1,0.000031,0.0712,0.318376,0.116674,0.104041,0.038348,0.344746,0.006583
AAGTTGTGATGTTATA-1,0.000063,0.80028,0.199214,0.000063,0.000063,0.000063,0.000063,0.00019
AAGTTTACTAATGGCA-1,0.000058,0.000117,0.559635,0.000058,0.000058,0.040646,0.036687,0.36274
AAGTTTATGGGCCCAA-1,0.186334,0.800424,0.012908,0.000048,0.000048,0.000048,0.000048,0.000143
AATAACAACGCTCGGC-1,0.016399,0.000029,0.194867,0.001617,0.000014,0.108519,0.440316,0.238239
AATAACACTAGAACAA-1,0.000045,0.420942,0.433299,0.022457,0.030453,0.000045,0.024996,0.067761
AATAACGTCGCGCCCA-1,0.357089,0.305118,0.057016,0.00176,0.051503,0.076451,0.03186,0.119203
AATAAGTCCTCGAGAC-1,0.000035,0.000069,0.196151,0.000035,0.077372,0.10659,0.027973,0.591776
AATAATCTTCGTATCG-1,0.016553,0.937601,0.00003,0.00003,0.031215,0.000163,0.00003,0.01438
AATACAATGTTTCAGG-1,0.009908,0.014201,0.023435,0.015248,0.097652,0.006226,0.015617,0.817714
AATACCGGAGGGCTGT-1,0.000063,0.710271,0.233136,0.025303,0.000063,0.000063,0.000063,0.031038
AATACCTGATGTGAAC-1,0.529616,0.314252,0.015712,0.003108,0.009193,0.012413,0.004142,0.111565
AATAGAACAGAGTGGC-1,0.169698,0.729839,0.100214,0.000036,0.000036,0.000036,0.000036,0.000107
AATAGAATCTGTTTCA-1,0.218203,0.764747,0.002976,0.00003,0.00003,0.000613,0.00003,0.01337
AATAGCAAGCCTCCTG-1,0.001288,0.023541,0.018808,0.000016,0.075469,0.498788,0.001873,0.380216
AATAGCTACCGCGTGC-1,0.003897,0.011071,0.157397,0.002806,0.012491,0.468698,0.039881,0.303758
AATAGGCACGACCCTT-1,0.227402,0.099948,0.096214,0.002437,0.116799,0.074295,0.091597,0.291307
AATAGTCCGTCCCGAC-1,0.271907,0.72782,0.000034,0.000034,0.000034,0.000034,0.000034,0.000102
AATAGTCGCGAGTCGG-1,0.00001,0.000021,0.00001,0.00001,0.060194,0.00001,0.098724,0.841019
AATATCAAGGTCGGAT-1,0.000022,0.000045,0.000022,0.024407,0.000022,0.032933,0.01459,0.927957
AATATCCTAGCAAACT-1,0.000037,0.000078,0.348835,0.000037,0.044343,0.109969,0.000037,0.496664
AATATCGAATCAATGC-1,0.000024,0.988885,0.010924,0.000024,0.000024,0.000024,0.000024,0.000072
AATATCGAGGGTTCTC-1,0.049094,0.101641,0.246622,0.000048,0.071476,0.138107,0.032518,0.360494
AATATTGGAGTATTGA-1,0.012452,0.000063,0.142064,0.015932,0.000031,0.091465,0.16914,0.568854
AATCAGACTGCAGGAC-1,0.000037,0.000074,0.133827,0.006098,0.000037,0.070762,0.046853,0.742313
AATCAGGTTTCATTTA-1,0.165836,0.568299,0.197301,0.000041,0.038112,0.014181,0.006597,0.009634
AATCATGTAAAGACTC-1,0.00004,0.990132,0.009547,0.00004,0.00004,0.00004,0.00004,0.00012
AATCCAAGGGCCTGAG-1,0.03517,0.00005,0.209718,0.005645,0.000025,0.005286,0.092184,0.651921
AATCCATGCAAGGGTG-1,0.046699,0.000055,0.14348,0.000028,0.000028,0.017491,0.000814,0.791406
AATCCCGCTCAGAGCC-1,0.46764,0.336363,0.008208,0.000026,0.022108,0.000026,0.057923,0.107704
AATCGAGGTCTCAAGG-1,0.463546,0.288755,0.009169,0.000021,0.079591,0.055676,0.022557,0.080683
AATCGCCTCAGCGCCA-1,0.11072,0.69943,0.007134,0.017821,0.083541,0.003457,0.000035,0.077862
AATCGCGCAGAGGACT-1,0.008387,0.883961,0.059674,0.000026,0.000026,0.04782,0.000026,0.000079
AATCGGGACACTACGA-1,0.000044,0.000087,0.260599,0.000044,0.000044,0.000044,0.009532,0.729607
AATCGGTATAGCCCTC-1,0.000038,0.990626,0.008612,0.000038,0.000494,0.000038,0.000038,0.000115
AATCGTGAGCCGAGCA-1,0.0033,0.976917,0.000087,0.000039,0.019462,0.000039,0.000039,0.000117
AATCTAGGTTTACTTG-1,0.00005,0.0001,0.531559,0.00005,0.00005,0.028445,0.13454,0.305206
AATCTATGCCGGAGCC-1,0.036061,0.22662,0.486239,0.000381,0.006506,0.191111,0.000032,0.05305
AATCTCTACTGTGGTT-1,0.000017,0.000035,0.038401,0.001453,0.001609,0.09363,0.237601,0.627254
AATCTGCGTTGGGACG-1,0.322938,0.147365,0.029879,0.020815,0.030463,0.149601,0.02676,0.272179
AATCTGGCTTTCTAGT-1,0.000035,0.00007,0.312719,0.000035,0.049629,0.158628,0.160152,0.318733
AATCTGGGTAGACCCT-1,0.000037,0.004442,0.330324,0.000037,0.156002,0.209817,0.000037,0.299304
AATGACAGCAATGTCT-1,0.000021,0.000043,0.000021,0.016253,0.016141,0.233772,0.443829,0.28992
AATGACGTAGGATGTC-1,0.103905,0.421397,0.000022,0.111587,0.242642,0.012781,0.044689,0.062977
AATGACTGTCAGCCGG-1,0.000035,0.00007,0.526176,0.000035,0.000035,0.002154,0.137987,0.333507
AATGAGTTCGCATATG-1,0.000019,0.000038,0.000019,0.000019,0.011642,0.000019,0.001843,0.9864
AATGATGATACGCTAT-1,0.066464,0.033789,0.44185,0.006925,0.010295,0.146784,0.089011,0.20488
AATGATGCGACTCCTG-1,0.108697,0.499298,0.128682,0.000054,0.000054,0.000054,0.262996,0.000163
AATGCAACCGGGTACC-1,0.079769,0.047774,0.073987,0.086204,0.203263,0.009606,0.129335,0.370061
AATGCACCAAGCAATG-1,0.02235,0.000025,0.000013,0.041084,0.07419,0.186157,0.207823,0.468357
AATGGCCGCCAATGCG-1,0.009571,0.034466,0.309527,0.009788,0.065092,0.314621,0.000024,0.256912
AATGGTCCACCGTTCA-1,0.000012,0.000025,0.000012,0.003169,0.171625,0.000378,0.191928,0.63285
AATGGTTCTCACAAGC-1,0.000018,0.008337,0.041172,0.020449,0.000018,0.046432,0.011902,0.871672
AATGTATGGCACTGTA-1,0.014892,0.033116,0.446987,0.000044,0.01199,0.08764,0.110012,0.295318
AATGTGCCCGAGGTGT-1,0.164415,0.051191,0.000014,0.04578,0.257681,0.065511,0.168331,0.247077
AATGTGCTAATCTGAG-1,0.000063,0.131456,0.640944,0.000063,0.000063,0.000063,0.227157,0.00019
AATGTTAAGACCCTGA-1,0.465321,0.330806,0.00783,0.000017,0.068907,0.006761,0.006794,0.113564
AATGTTGTCGTGAGAC-1,0.066333,0.93287,0.000611,0.000027,0.000027,0.000027,0.000027,0.00008
AATTAAAGGTCGGCGT-1,0.168879,0.462941,0.036341,0.078048,0.000045,0.022118,0.098449,0.133178
AATTAACGGATTTCCA-1,0.162549,0.466266,0.000034,0.27683,0.016267,0.07443,0.000034,0.00359
AATTACGAGACCCATC-1,0.000027,0.000054,0.11803,0.000027,0.000027,0.15858,0.014696,0.70856
AATTACTCGTACGCTC-1,0.026998,0.024091,0.036588,0.016141,0.005081,0.008349,0.000394,0.882358
AATTAGCGCTGCAGCG-1,0.153686,0.591365,0.052138,0.07683,0.028679,0.029621,0.041207,0.026475
AATTATACCCAGCAAG-1,0.568971,0.255805,0.003283,0.002439,0.010793,0.032684,0.002594,0.123431
AATTCATAAGGGATCT-1,0.095805,0.007407,0.002231,0.028048,0.000019,0.275762,0.316848,0.273879
AATTCATTGTCATGCA-1,0.000027,0.00885,0.189278,0.000027,0.005206,0.252877,0.05268,0.491054
AATTCCAACTTGGTGA-1,0.032443,0.007669,0.005738,0.00003,0.089241,0.042263,0.00003,0.822586
AATTCCAAGCATGTAC-1,0.085554,0.874242,0.039692,0.000073,0.000073,0.000073,0.000073,0.000219
AATTCGATTCGAGGAT-1,0.28917,0.688419,0.022071,0.000049,0.000049,0.000049,0.000049,0.000146
AATTCTAGAGTTAGGC-1,0.288641,0.710956,0.00005,0.00005,0.00005,0.00005,0.00005,0.000151
AATTGAACGCTCTGGT-1,0.052336,0.877262,0.000034,0.000034,0.070163,0.000034,0.000034,0.000103
AATTGCAGCAATCGAC-1,0.000044,0.79077,0.017432,0.000044,0.000044,0.19149,0.000044,0.000132
AATTGCGTGGATTACA-1,0.000028,0.000056,0.042049,0.000028,0.05967,0.352776,0.04115,0.504243
AATTGTGGTTGCCAAA-1,0.021181,0.968663,0.01,0.000022,0.000022,0.000022,0.000022,0.000067
AATTTGGGACATAGTA-1,0.000036,0.000072,0.340243,0.000036,0.006212,0.010678,0.109231,0.533492
AATTTGGTTCCAAAGA-1,0.09129,0.085429,0.097397,0.002583,0.081505,0.043494,0.054074,0.544228
ACAAACCATGCGTCCT-1,0.000017,0.000034,0.230457,0.000017,0.004784,0.349819,0.236958,0.177914
ACAAACCGACAAGGCG-1,0.000059,0.036609,0.914179,0.000059,0.048796,0.000059,0.000059,0.000178
ACAAACTCCATCAGAG-1,0.412969,0.182788,0.045026,0.010705,0.081996,0.010714,0.020863,0.234939
ACAAAGAAGGTAGGCC-1,0.000031,0.000062,0.488094,0.000031,0.000031,0.140066,0.024301,0.347384
ACAAAGCATGACCTAG-1,0.037039,0.954833,0.000022,0.000022,0.000022,0.00797,0.000022,0.000067
ACAAATCGCACCGAAT-1,0.011519,0.872139,0.094067,0.000038,0.022048,0.000038,0.000038,0.000113
ACAAATGGTAGTGTTT-1,0.004683,0.889997,0.104911,0.000059,0.000059,0.000059,0.000059,0.000176
ACAAATTCAGATCTGA-1,0.007494,0.076448,0.162907,0.000043,0.109466,0.383682,0.000043,0.259917
ACAACAGCATGAGCTA-1,0.015434,0.467378,0.487134,0.029737,0.000053,0.000053,0.000053,0.000158
ACAACGGTCCCTGCGA-1,0.000019,0.000038,0.100344,0.000207,0.005219,0.009589,0.358819,0.525764
ACAAGCAGTGCCTAGC-1,0.000013,0.000027,0.000013,0.019509,0.000013,0.03357,0.232753,0.714102
ACAAGCTATATGGAAG-1,0.000046,0.014411,0.642533,0.000046,0.000046,0.000046,0.141145,0.201726
ACAAGGAAATCCGCCC-1,0.128712,0.848119,0.022936,0.000033,0.000033,0.000033,0.000033,0.0001
ACAAGGACAAGAGGTT-1,0.041288,0.000029,0.017833,0.244783,0.000015,0.064751,0.249085,0.382216
ACAAGGATGCTTTAGG-1,0.163289,0.794706,0.041768,0.000034,0.000034,0.000034,0.000034,0.000102
ACAAGGCCTACCAGCC-1,0.000022,0.000044,0.045423,0.000022,0.020239,0.426331,0.000022,0.507896
ACAAGGGCAGGCTCTG-1,0.201706,0.631138,0.016997,0.086397,0.010174,0.001262,0.010014,0.042312
ACAAGTAATTGTAAGG-1,0.10186,0.031413,0.246559,0.002008,0.072798,0.147441,0.13603,0.26189
ACAATAGTCGTACGTT-1,0.053047,0.191339,0.233103,0.003224,0.004692,0.003906,0.417976,0.092713
ACAATCCATTTAAACC-1,0.014536,0.066509,0.032587,0.01128,0.083854,0.165645,0.380884,0.244705
ACAATCGATCTTTATA-1,0.000046,0.000091,0.333664,0.001482,0.063685,0.254146,0.000046,0.34684
ACAATGAATACGGAGA-1,0.000063,0.297699,0.164482,0.000063,0.537379,0.000063,0.000063,0.000188
ACAATGATTCTTCTAC-1,0.000032,0.049589,0.37611,0.000032,0.000032,0.313585,0.000032,0.260589
ACAATTGTGTCTCTTT-1,0.017057,0.707548,0.029058,0.030815,0.038067,0.079699,0.097668,0.000089
ACAATTTAGGAGGCTC-1,0.000019,0.000039,0.188687,0.000019,0.066561,0.022277,0.123895,0.598504
ACAATTTGAGCAGTGG-1,0.009903,0.260114,0.475212,0.014195,0.000047,0.000047,0.157596,0.082887
ACAATTTGGCCATATT-1,0.000054,0.94822,0.000054,0.000054,0.000054,0.05135,0.000054,0.000161
ACACAAAGACGGGTGG-1,0.158602,0.144374,0.471211,0.000026,0.000026,0.000026,0.092337,0.133397
ACACAAATATTCCTAG-1,0.000024,0.037201,0.291114,0.000024,0.06669,0.283886,0.000024,0.321037
ACACACCAGGACCAGT-1,0.000037,0.874476,0.000037,0.000037,0.12523,0.000037,0.000037,0.00011
ACACACTTTCTACACG-1,0.06077,0.027967,0.00002,0.00851,0.062338,0.082438,0.102291,0.655664
ACACATGATCAAATCT-1,0.06237,0.018855,0.444138,0.00003,0.009195,0.07992,0.101741,0.283751
ACACATTGACGCAACA-1,0.057886,0.000066,0.003018,0.000033,0.109665,0.008895,0.003682,0.816755
ACACATTTCCGTAGAC-1,0.036502,0.929783,0.000026,0.000026,0.033532,0.000026,0.000026,0.000078
ACACCACATAATTAGC-1,0.000036,0.257919,0.538386,0.026991,0.000036,0.17649,0.000036,0.000107
ACACCCAGCATGCAGC-1,0.00002,0.00004,0.019542,0.017764,0.227201,0.031522,0.213797,0.490114
ACACCCGAGAAATCCG-1,0.061318,0.011538,0.072751,0.00351,0.143383,0.030576,0.261256,0.415669
ACACCCGTAAATCTGT-1,0.003402,0.236362,0.413393,0.000047,0.113672,0.000047,0.000047,0.23303
ACACCGAGCGCTCTTT-1,0.000017,0.000035,0.003201,0.011255,0.000017,0.051005,0.000017,0.934452
ACACCGGTCTGACCGC-1,0.000029,0.00342,0.30133,0.000029,0.080009,0.064315,0.336315,0.214553
ACACCTTAAGTAGGGC-1,0.000042,0.007773,0.283029,0.000042,0.000042,0.000042,0.442776,0.266255
ACACCTTACTACTTGC-1,0.009989,0.97699,0.000022,0.000022,0.002684,0.010204,0.000022,0.000066
ACACGAGACTCCTTCT-1,0.05099,0.499922,0.288913,0.082129,0.00004,0.00004,0.012515,0.065452
ACACGGCACTATGCAT-1,0.000047,0.000094,0.345034,0.000047,0.013744,0.01905,0.026728,0.595256
ACACGGGAACTTAGGG-1,0.031935,0.307517,0.280191,0.009822,0.170157,0.000028,0.059812,0.140539
ACACGTAGGCCACAAG-1,0.00003,0.80547,0.042462,0.00003,0.04274,0.109146,0.00003,0.000091
ACACTCCAATGTCACT-1,0.00505,0.029587,0.000023,0.000023,0.012418,0.00006,0.000023,0.952814
ACACTGATCAAGGTGT-1,0.298488,0.146882,0.016369,0.20932,0.000027,0.069369,0.127549,0.131997
ACACTGGGACAGTCGT-1,0.000037,0.999666,0.000037,0.000037,0.000037,0.000037,0.000037,0.000111
ACAGAACTGAGAACAA-1,0.000031,0.032713,0.471019,0.000031,0.000031,0.044595,0.303595,0.147984
ACAGATTAGGTTAGTG-1,0.00002,0.000041,0.00002,0.001217,0.009661,0.008873,0.120359,0.859809
ACAGCATAGAGCCAGT-1,0.008598,0.000031,0.001199,0.000015,0.000015,0.00178,0.204478,0.783883
ACAGCGACATTCTCAT-1,0.030655,0.968958,0.000048,0.000048,0.000048,0.000048,0.000048,0.000145
ACAGCGCACCCGCAGC-1,0.000041,0.000082,0.359689,0.000041,0.000041,0.079162,0.001621,0.559322
ACAGGAGGCGCAGCCG-1,0.057501,0.023066,0.055513,0.000029,0.103454,0.05439,0.008418,0.69763
ACAGGCACGGATCCTT-1,0.105937,0.864448,0.000022,0.000022,0.000022,0.011373,0.000022,0.018152
ACAGGCTTGCCCGACT-1,0.083747,0.915991,0.000033,0.000033,0.000033,0.000033,0.000033,0.000099
ACAGGTGGAGGTGAGG-1,0.035684,0.31786,0.330821,0.132869,0.097857,0.003101,0.050914,0.030894
ACAGGTGTGTTGTTGC-1,0.000012,0.000024,0.000012,0.000012,0.258047,0.000012,0.080398,0.661483
ACAGTAATACAACTTG-1,0.014518,0.00004,0.220729,0.00002,0.00002,0.091598,0.208157,0.464919
ACAGTATACCGTGGGA-1,0.000036,0.000071,0.666198,0.000036,0.015416,0.114513,0.016791,0.186941
ACAGTGCAGCGCATTT-1,0.004679,0.154754,0.319208,0.000037,0.081745,0.123096,0.000037,0.316444
ACATAAGTCGTGGTGA-1,0.017282,0.058854,0.279686,0.000024,0.059762,0.05922,0.081041,0.444132
ACATAATAAGGCGGTG-1,0.00002,0.00004,0.027129,0.011718,0.00002,0.15718,0.255083,0.54881
ACATACAATCAAGCGG-1,0.136414,0.649437,0.139427,0.000022,0.027683,0.025297,0.018018,0.003703
ACATCAGCTGGGACGC-1,0.000021,0.004877,0.210695,0.009297,0.000021,0.039294,0.140013,0.595783
ACATCCCGGCCATACG-1,0.094054,0.905695,0.000031,0.000031,0.000031,0.000031,0.000031,0.000094
ACATCCTGGTAACTGT-1,0.01288,0.700419,0.01394,0.094816,0.004356,0.171606,0.000035,0.001948
ACATCGATCGTTTACC-1,0.078131,0.712439,0.048017,0.000056,0.145918,0.000056,0.000056,0.015327
ACATCGCAATATTCGG-1,0.135874,0.046616,0.113089,0.016431,0.060625,0.148837,0.054769,0.423759
ACATCGGTCAGCCGCG-1,0.380449,0.198938,0.403213,0.000047,0.000047,0.000047,0.012673,0.004587
ACATCGTATGCAATGG-1,0.000024,0.770204,0.000024,0.000024,0.229604,0.000024,0.000024,0.000072
ACATCGTTAACCTAGT-1,0.11552,0.081034,0.449312,0.000071,0.000071,0.000434,0.004748,0.34881
ACATCTCAACGCGTAA-1,0.000017,0.000034,0.006005,0.009785,0.034147,0.238811,0.004848,0.706352
ACATGCTTACGGCAGC-1,0.000039,0.026971,0.23075,0.000039,0.551406,0.059917,0.13076,0.000117
ACATGGCGCCAAAGTA-1,0.098587,0.809544,0.091615,0.000036,0.000036,0.000036,0.000036,0.000109
ACATGGCTCAATTTAG-1,0.021943,0.013481,0.025791,0.000033,0.01868,0.000033,0.000033,0.920006
ACATTAGTTTATATCC-1,0.167384,0.772734,0.059562,0.000046,0.000046,0.000046,0.000046,0.000137
ACATTCGCGCGGAATA-1,0.023037,0.057347,0.140987,0.000042,0.000042,0.127122,0.634795,0.016629
ACATTTGAAACCTAAC-1,0.026678,0.955136,0.000022,0.000022,0.000022,0.018032,0.000022,0.000066
ACCAAACACCCAGCGA-1,0.032864,0.096893,0.142681,0.003254,0.121805,0.185195,0.084277,0.333031
ACCAAACTAGAAATCC-1,0.000032,0.000064,0.258669,0.000032,0.150116,0.005273,0.000032,0.585783
ACCAACACCACACACT-1,0.103136,0.108932,0.369885,0.000025,0.038732,0.080855,0.062008,0.236426
ACCAACCGCACTCCAC-1,0.001097,0.963234,0.000017,0.000017,0.035548,0.000017,0.000017,0.000052
ACCAACGCTTATTTAT-1,0.080904,0.742544,0.053528,0.000055,0.122694,0.000055,0.000055,0.000166
ACCAAGAACGCGTGTC-1,0.141705,0.002873,0.000042,0.041379,0.00612,0.00631,0.057808,0.743762
ACCAAGTCATCGGCAG-1,0.004337,0.995426,0.00003,0.00003,0.00003,0.00003,0.00003,0.000089
ACCAATATGCAAGTTA-1,0.319518,0.431553,0.003858,0.033315,0.000027,0.170496,0.015523,0.025711
ACCACAACTCAGAACA-1,0.010909,0.002889,0.000018,0.001001,0.000018,0.312782,0.000018,0.672365
ACCACAAGTTTCTATC-1,0.155389,0.329691,0.092708,0.036355,0.164914,0.000026,0.039118,0.181799
ACCACACGGTTGATGG-1,0.593316,0.251572,0.029817,0.000022,0.030422,0.029009,0.003239,0.062604
ACCACCAATGTAACAA-1,0.000024,0.830244,0.000024,0.000024,0.169565,0.000024,0.000024,0.000071
ACCACCCTCTCTTCTA-1,0.000962,0.022557,0.060953,0.000014,0.02164,0.602106,0.006603,0.285165
ACCACGTGCAGCTATA-1,0.123541,0.75745,0.013358,0.015967,0.064913,0.000034,0.013383,0.011355
ACCACTGTTCAAGAAG-1,0.032472,0.000073,0.025042,0.010881,0.067151,0.019621,0.018432,0.826328
ACCAGACCATAACAAC-1,0.000018,0.000035,0.266214,0.002508,0.000018,0.025018,0.187984,0.518205
ACCAGCCCGGTCTTTG-1,0.000022,0.000044,0.000022,0.000022,0.055591,0.085678,0.03315,0.825471
ACCAGGAGTGTGATCT-1,0.000038,0.000076,0.217343,0.000038,0.000038,0.077629,0.010684,0.694154
ACCAGTGCCCGGTCAA-1,0.000033,0.000067,0.000033,0.000033,0.000033,0.340162,0.000033,0.659604
ACCAGTGCGGGAGACG-1,0.109436,0.870802,0.019526,0.000034,0.000034,0.000034,0.000034,0.000101
ACCATATCCGCAATAA-1,0.382096,0.490081,0.12754,0.00004,0.00004,0.00004,0.00004,0.000121
ACCATCCGCCAACTAG-1,0.132769,0.050997,0.030339,0.005034,0.001729,0.111293,0.190945,0.476894
ACCATCGTATATGGTA-1,0.009519,0.469845,0.475279,0.000086,0.000086,0.000086,0.000086,0.045014
ACCATTAAGGGTGTCA-1,0.000029,0.000057,0.280291,0.000029,0.000029,0.000029,0.000029,0.719508
ACCCAACGCCCGTGGC-1,0.001972,0.581194,0.333567,0.000046,0.000046,0.000046,0.082989,0.000139
ACCCACCTACATGCTC-1,0.035051,0.000197,0.641039,0.000043,0.000043,0.004725,0.166733,0.152168
ACCCATCTTGAGGGTA-1,0.000033,0.097446,0.185299,0.003102,0.105089,0.070973,0.326423,0.211635
ACCCATTTGTCCCTCT-1,0.015621,0.82403,0.000029,0.002855,0.000029,0.147238,0.000029,0.01017
ACCCGAGCGAAATTAC-1,0.09557,0.256789,0.204807,0.006436,0.112899,0.034215,0.17395,0.115335
ACCCGATTGGTTCCGA-1,0.181227,0.429945,0.129774,0.016059,0.035067,0.061673,0.096257,0.049998
ACCCGGAAACTCCCAG-1,0.069363,0.863189,0.030023,0.000057,0.000057,0.000057,0.000057,0.037198
ACCCGGAGCACCACAA-1,0.047174,0.952574,0.000031,0.000031,0.000031,0.000031,0.000031,0.000094
ACCCGGATGACGCATC-1,0.017206,0.58933,0.089032,0.00007,0.300904,0.00007,0.003178,0.00021
ACCCGGTTACACTTCC-1,0.000063,0.541313,0.10256,0.000063,0.028516,0.015299,0.141446,0.170741
ACCCGTAGCAGAGAAT-1,0.000017,0.000035,0.000017,0.000017,0.962189,0.006982,0.030158,0.000585
ACCCGTGTCATCAGTA-1,0.084565,0.833821,0.058553,0.000056,0.000056,0.000056,0.000056,0.022835
ACCCTATAGGACTGAG-1,0.015863,0.000079,0.119926,0.00004,0.023376,0.00004,0.000488,0.840188
ACCCTATGCCATATCG-1,0.011285,0.720977,0.20941,0.00008,0.00008,0.00008,0.025108,0.032982
ACCCTCCCGTCAGGGC-1,0.026163,0.916802,0.00002,0.00002,0.029722,0.023538,0.00002,0.003716
ACCCTCCCTTGCTATT-1,0.049672,0.806527,0.089069,0.010387,0.000054,0.020106,0.000054,0.02413
ACCCTGGTAACGCCCT-1,0.027377,0.102312,0.328526,0.000024,0.007063,0.388185,0.011523,0.134989
ACCCTTCATCTGCGAA-1,0.000041,0.000083,0.323928,0.010851,0.000041,0.097176,0.016541,0.551339
ACCCTTGCCTGGGTCG-1,0.029271,0.071612,0.081427,0.000016,0.000016,0.361772,0.000016,0.455869
ACCCTTTAGTTCTCCA-1,0.000065,0.00013,0.354152,0.015523,0.000065,0.114537,0.000065,0.515462
ACCGAAAGGGCCCTGC-1,0.000021,0.000042,0.038966,0.000021,0.000021,0.000158,0.103289,0.85748
ACCGAAGAGTCTGGTT-1,0.000042,0.000084,0.386337,0.000042,0.000042,0.10972,0.015111,0.488623
ACCGACACATCTCCCA-1,0.285358,0.710508,0.003877,0.000037,0.000037,0.000037,0.000037,0.00011
ACCGACTGAGTCCCAC-1,0.002047,0.242115,0.04635,0.039622,0.315439,0.026895,0.164512,0.163021
ACCGAGTCTCCTTATT-1,0.00023,0.982134,0.000025,0.000025,0.017463,0.000025,0.000025,0.000074
ACCGATAGGCATAACC-1,0.107407,0.892463,0.000016,0.000016,0.000016,0.000016,0.000016,0.000049
ACCGATATTTAATCAT-1,0.035955,0.956767,0.000025,0.000025,0.007104,0.000025,0.000025,0.000075
ACCGATGGTAGCATCG-1,0.069847,0.264507,0.022723,0.037961,0.057076,0.345772,0.003658,0.198456
ACCGCAATAACTGCCT-1,0.202398,0.797437,0.000021,0.000021,0.000021,0.000021,0.000021,0.000062
ACCGCGGTGGAAGTCG-1,0.038972,0.930338,0.030423,0.000038,0.000038,0.000038,0.000038,0.000115
ACCGCTAGTCATTGGT-1,0.000042,0.553902,0.098196,0.000042,0.34761,0.000042,0.000042,0.000125
ACCGGGCCTTTGTTGA-1,0.002015,0.879577,0.000034,0.000034,0.118172,0.000034,0.000034,0.000101
ACCGGTCAGGTACACC-1,0.000039,0.000077,0.498688,0.000039,0.000039,0.059345,0.150559,0.291214
ACCGGTCTGAGTACGG-1,0.00002,0.00004,0.00002,0.000935,0.096662,0.357307,0.00998,0.535037
ACCGTCCACTGGGCCC-1,0.03675,0.031278,0.27715,0.000025,0.031452,0.157853,0.001624,0.463868
ACCGTGACCACGTGGG-1,0.069785,0.298353,0.000027,0.009745,0.522086,0.000027,0.047105,0.052873
ACCGTTCCCGCTCTGA-1,0.005032,0.000132,0.180425,0.000045,0.000045,0.0984,0.000045,0.715877
