Barcode,Topic 1,Topic 2,Topic 3to5,Topic 6to9,Topic 10,Topic 11
AAACAACGAATAGTTC-1,0.061547,0.046193,0.296457,0.266538,0.121022,0.208243
AAACAAGTATCTCCCA-1,0.000058,0.22335,0.000173,0.123592,0.019403,0.633424
AAACAATCTACTAGCA-1,0.001633,0.000009,0.102549,0.882211,0.011004,0.002593
AAACACCAATAACTGC-1,0.297205,0.001917,0.441566,0.245629,0.013671,0.000011
AAACAGAGCGACTCCT-1,0.076769,0.143266,0.026267,0.750528,0.003136,0.000034
AAACAGCTTTCAGAAG-1,0.796711,0.034796,0.000083,0.092273,0.000028,0.076109
AAACAGGGTCTATATT-1,0.546109,0.251916,0.000055,0.201882,0.000018,0.000018
AAACAGTGTTCCTGGG-1,0.055325,0.03976,0.643773,0.012982,0.124334,0.123827
AAACATGGTGAGAGGA-1,0.32554,0.383486,0.283493,0.000145,0.0073,0.000036
AAACATTTCCCGGATT-1,0.000038,0.191327,0.074257,0.144741,0.020804,0.568832
AAACCACTACACAGAT-1,0.000021,0.206332,0.475165,0.280166,0.000022,0.038293
AAACCCGAACGAAATC-1,0.243706,0.106628,0.000151,0.081665,0.00005,0.567799
AAACCGGAAATGTTAA-1,0.000021,0.332985,0.367141,0.289039,0.000021,0.010792
AAACCGGGTAGGTACC-1,0.158361,0.001738,0.049363,0.408085,0.250877,0.131576
AAACCGTTCGTCCAGG-1,0.016486,0.001913,0.128962,0.416592,0.278032,0.158014
AAACCTAAGCAGCCGG-1,0.000014,0.246768,0.111154,0.33287,0.062238,0.246956
AAACCTCATGAAGTTG-1,0.1206,0.001657,0.19568,0.65181,0.02889,0.001362
AAACGAAGAACATACC-1,0.049588,0.490531,0.000093,0.323088,0.006157,0.130543
AAACGAAGATGGAGTA-1,0.890849,0.005033,0.000101,0.000135,0.000034,0.103848
AAACGACAGTCTTGCC-1,0.000011,0.012096,0.7122,0.273027,0.002655,0.000011
AAACGAGACGGTTGAT-1,0.000019,0.000075,0.012277,0.62544,0.041631,0.320558
AAACGCCCGAGATCGG-1,0.000088,0.527158,0.000264,0.221958,0.000088,0.250443
AAACGCTGGGCACGAC-1,0.000012,0.087209,0.623722,0.084227,0.047591,0.157239
AAACGGGCGTACGGGT-1,0.000018,0.050546,0.208569,0.449127,0.009702,0.282038
AAACGGGTTGGTATCC-1,0.000028,0.074535,0.1042,0.335536,0.084083,0.401619
AAACGGTTGCGAACTG-1,0.011801,0.206247,0.430705,0.247348,0.061794,0.042106
AAACGTGTTCGCCCTA-1,0.00001,0.001483,0.285515,0.712352,0.00063,0.00001
AAACTAACGTGGCGAC-1,0.000059,0.076511,0.060837,0.262968,0.000059,0.599566
AAACTCGGTTCGCAAT-1,0.00002,0.028549,0.162509,0.217085,0.173068,0.418769
AAACTCGTGATATAAG-1,0.009292,0.48288,0.000101,0.506251,0.000034,0.001443
AAACTGCTGGCTCCAA-1,0.022,0.02645,0.023611,0.733448,0.123879,0.070613
AAACTTAATTGCACGC-1,0.943313,0.000032,0.000096,0.000128,0.000032,0.056398
AAACTTGCAAACGTAT-1,0.345113,0.000014,0.034281,0.462855,0.139329,0.018408
AAAGAATGACCTTAGA-1,0.744373,0.000034,0.052872,0.000137,0.000034,0.202551
AAAGAATGTGGACTAA-1,0.000043,0.766473,0.000128,0.00017,0.000043,0.233144
AAAGACCCAAGTCGCG-1,0.000014,0.002002,0.139071,0.838495,0.001392,0.019026
AAAGACTGGGCGCTTT-1,0.16052,0.001254,0.030193,0.698682,0.042524,0.066827
AAAGCTTGCCTACATA-1,0.000012,0.005525,0.172601,0.741348,0.021736,0.058778
AAAGGCCCTATAATAC-1,0.136489,0.000005,0.782704,0.078962,0.001835,0.000005
AAAGGCTACGGACCAT-1,0.000018,0.047345,0.181979,0.245693,0.275774,0.249191
AAAGGCTCTCGCGCCG-1,0.000014,0.000014,0.073481,0.46503,0.350626,0.110834
AAAGGGATGTAGCAAG-1,0.000015,0.000625,0.024674,0.902676,0.000325,0.071684
AAAGGGCAGCTTGAAT-1,0.012314,0.012955,0.030005,0.588293,0.22127,0.135164
AAAGGTAAGCTGTACC-1,0.000068,0.342969,0.000205,0.038898,0.000068,0.617792
AAAGGTCAACGACATG-1,0.000016,0.010274,0.464454,0.522699,0.000016,0.002541
AAAGTAGCATTGCTCA-1,0.123605,0.100989,0.000079,0.148641,0.018609,0.608077
AAAGTCACTGATGTAA-1,0.000021,0.091439,0.139411,0.682495,0.026163,0.060471
AAAGTCGACCCTCAGT-1,0.488632,0.019847,0.000071,0.199402,0.000024,0.292024
AAAGTGCCATCAATTA-1,0.000013,0.054162,0.406569,0.363633,0.049814,0.12581
AAAGTGTGATTTATCT-1,0.00001,0.00001,0.013061,0.9869,0.00001,0.00001
AAAGTTGACTCCCGTA-1,0.000016,0.000016,0.056969,0.825638,0.00539,0.111971
AAATAAGGTAGTGCCC-1,0.003907,0.991813,0.000066,0.00417,0.000022,0.000022
AAATACCTATAAGCAT-1,0.030014,0.046623,0.064581,0.670505,0.096435,0.091841
AAATAGCTTAGACTTT-1,0.000062,0.343439,0.000185,0.003121,0.000062,0.65313
AAATAGGGTGCTATTG-1,0.000016,0.000016,0.070581,0.64347,0.195066,0.09085
AAATCACTCCTAAACG-1,0.033237,0.007945,0.516712,0.385599,0.003399,0.053109
AAATCCGATACACGCC-1,0.000011,0.04127,0.28154,0.529773,0.044451,0.102955
AAATCGCGGAAGGAGT-1,0.961853,0.000032,0.000096,0.000128,0.000032,0.037859
AAATCGTGTACCACAA-1,0.008273,0.000012,0.057262,0.471377,0.354924,0.108151
AAATCTAGCCCTGCTA-1,0.000053,0.37558,0.009747,0.166002,0.181766,0.266851
AAATCTGCCCGCGTCC-1,0.797977,0.000237,0.033249,0.00095,0.000237,0.16735
AAATGACTGATCAAAC-1,0.03254,0.110676,0.161818,0.000095,0.396614,0.298258
AAATGATTCGATCAGC-1,0.02787,0.605373,0.000207,0.024379,0.014982,0.327188
AAATGCTCGTTACGTT-1,0.033857,0.014633,0.010741,0.477891,0.036343,0.426536
AAATGGCATGTCTTGT-1,0.00002,0.00002,0.079923,0.841961,0.03791,0.040165
AAATGGCCCGTGCCCT-1,0.41751,0.359446,0.000087,0.222898,0.000029,0.000029
AAATGGTCAATGTGCC-1,0.02597,0.000649,0.123739,0.730676,0.101163,0.017803
AAATGTATCTTATCCC-1,0.117097,0.030585,0.537385,0.004582,0.033939,0.276412
AAATTAACGGGTAGCT-1,0.000153,0.002447,0.02475,0.737253,0.158486,0.076911
AAATTAATAAGCGCGA-1,0.175401,0.039371,0.16421,0.183696,0.036762,0.400561
AAATTACCTATCGATG-1,0.000047,0.396322,0.000141,0.114119,0.000047,0.489323
AAATTCCAGGTCCAAA-1,0.030828,0.443138,0.000228,0.000305,0.01438,0.51112
AAATTGATAGTCCTTT-1,0.270956,0.036719,0.13364,0.000135,0.06141,0.497141
AAATTGCGGCGGTTCT-1,0.006781,0.078871,0.249243,0.528713,0.074906,0.061485
AAATTGGTGAGAAGCA-1,0.000009,0.000009,0.299813,0.698665,0.001494,0.000009
AAATTTGCGGGTGTGG-1,0.054705,0.007612,0.145571,0.328479,0.358471,0.105161
AACAACTGGTAGTTGC-1,0.00001,0.00001,0.206844,0.669025,0.105555,0.018556
AACAATACATTGTCGA-1,0.019395,0.088626,0.087748,0.078625,0.164767,0.560839
AACAATTACTCTACGC-1,0.059453,0.022685,0.124628,0.507162,0.270519,0.015553
AACACACGCTCGCCGC-1,0.000011,0.000011,0.007864,0.991738,0.000126,0.00025
AACACGACTGTACTGA-1,0.00006,0.244837,0.000181,0.278963,0.00006,0.475899
AACACGAGACGCGGCC-1,0.262017,0.016593,0.000103,0.016655,0.020534,0.684098
AACACGCGGCCGCGAA-1,0.019369,0.000014,0.131415,0.689054,0.074789,0.085358
AACAGCTGTGTGGCAA-1,0.033582,0.17487,0.044963,0.001589,0.371721,0.373275
AACAGGAAATCGAATA-1,0.071228,0.085959,0.049892,0.792885,0.000018,0.000018
AACAGGATGGGCCGCG-1,0.000536,0.000006,0.17826,0.781625,0.038273,0.001299
AACAGGTAGTATGGAT-1,0.000098,0.208537,0.000294,0.000392,0.004947,0.785733
AACATAGCGTGTATCG-1,0.000028,0.224577,0.347089,0.254888,0.007957,0.165462
AACATATCAACTGGTG-1,0.115931,0.164703,0.000182,0.100455,0.015049,0.60368
AACATCGATACGTCTA-1,0.011738,0.44454,0.019622,0.48365,0.037151,0.0033
AACATTGAAGTTGATC-1,0.40933,0.262899,0.251957,0.011571,0.006515,0.057729
AACATTGGTCAGCCGT-1,0.000035,0.144096,0.009373,0.493657,0.004982,0.347857
AACATTGTGACTCGAG-1,0.000017,0.033927,0.089945,0.010627,0.523863,0.341622
AACCAAGACTTCTCTG-1,0.040255,0.000007,0.121923,0.720487,0.113358,0.003971
AACCATAGGGTTGAAC-1,0.935223,0.038979,0.02564,0.000105,0.000026,0.000026
AACCATGGGATCGCTA-1,0.059098,0.000012,0.055728,0.662831,0.02194,0.200391
AACCCAGAGACGGAGA-1,0.017604,0.002936,0.003684,0.567827,0.0288,0.379149
AACCCATCCCATGATC-1,0.764411,0.090981,0.023362,0.119001,0.000033,0.002212
AACCCGACAACCCGTG-1,0.014319,0.047291,0.610983,0.109598,0.204659,0.01315
AACCCGAGCAGAATCG-1,0.00009,0.406061,0.00027,0.00036,0.028226,0.564993
AACCCGATAGGGCTTC-1,0.000024,0.315136,0.318839,0.214267,0.010997,0.140737
AACCCGCTGTATTCCA-1,0.010842,0.025841,0.868922,0.069277,0.022895,0.002224
AACCCTACTGTCAATA-1,0.00001,0.000832,0.043766,0.910629,0.009057,0.035705
AACCCTGGTGGAACCA-1,0.092683,0.231054,0.035559,0.263015,0.018388,0.359302
AACCGAGCTTGGTCAT-1,0.004337,0.302398,0.042566,0.624636,0.00002,0.026042
AACCGCTAAGGGATGC-1,0.000023,0.000023,0.014888,0.661105,0.011294,0.312666
AACCGTTGTGTTTGCT-1,0.061285,0.000024,0.000073,0.891523,0.011998,0.035097
AACCTCGCTTTAGCCC-1,0.000015,0.056664,0.060398,0.481515,0.291289,0.11012
AACCTGTCACGGAATT-1,0.100546,0.353494,0.000089,0.503198,0.00003,0.042643
AACCTTTAAATACGGT-1,0.000011,0.000011,0.216174,0.547701,0.193752,0.04235
AACCTTTACGACGTCT-1,0.004078,0.734652,0.074227,0.186942,0.00005,0.00005
AACGAAAGTCGTCCCA-1,0.644502,0.002355,0.220756,0.132337,0.000025,0.000025
AACGACCTCCTAGCCG-1,0.000011,0.090723,0.627826,0.228725,0.005629,0.047087
AACGATAATGCCGTAG-1,0.000014,0.000014,0.107956,0.609046,0.196538,0.086432
AACGATAGAAGGGCCG-1,0.000012,0.000184,0.027342,0.947504,0.010074,0.014883
AACGATATGTCAACTG-1,0.000041,0.038198,0.016216,0.489981,0.000041,0.455525
AACGCATGATCTGGGT-1,0.000094,0.525017,0.211409,0.224252,0.039135,0.000094
AACGCGAACGGCAACA-1,0.000009,0.00077,0.14926,0.629932,0.019255,0.200773
AACGCGACCTTGGGCG-1,0.015918,0.115738,0.433297,0.047084,0.307807,0.080157
AACGCGGTCTCCAGCC-1,0.042358,0.008205,0.025544,0.897421,0.017028,0.009445
AACGCTGTTGCTGAAA-1,0.000022,0.011697,0.080979,0.776275,0.023744,0.107283
AACGGACGTACGTATA-1,0.000021,0.001426,0.036642,0.709753,0.002557,0.2496
AACGGCCATCTCCGGT-1,0.032088,0.021176,0.042433,0.592046,0.116818,0.195439
AACGTACTGTGGGTAC-1,0.002371,0.000014,0.057373,0.46571,0.176754,0.297778
AACGTAGTCTACCCAT-1,0.035646,0.045938,0.029262,0.794774,0.040721,0.053659
AACGTCAGACTAGTGG-1,0.021525,0.047017,0.017236,0.703933,0.015411,0.194878
AACGTCATCCGGCTTG-1,0.025606,0.037071,0.333552,0.368214,0.160965,0.074591
AACGTCGCTGCACTTC-1,0.000017,0.14085,0.542977,0.316121,0.000017,0.000017
AACGTGCGAAAGTCTC-1,0.000009,0.000009,0.136762,0.805962,0.037281,0.019977
AACGTTATCAGCACCT-1,0.044565,0.010177,0.101762,0.469193,0.074455,0.299849
AACGTTCTACCATTGT-1,0.000014,0.08323,0.293227,0.285245,0.131014,0.207271
AACTACCCGTTTGTCA-1,0.000116,0.300591,0.000348,0.018036,0.238696,0.442213
AACTAGCGTATCGCAC-1,0.010229,0.390767,0.056576,0.439897,0.088246,0.014286
AACTAGGCTTGGGTGT-1,0.000015,0.007084,0.172785,0.573626,0.219942,0.026547
AACTCAAGTTAATTGC-1,0.0292,0.000855,0.00389,0.167172,0.225058,0.573825
AACTCCAGAGCGTGTT-1,0.000016,0.012092,0.042767,0.811266,0.045175,0.088685
AACTCCTAATCCCATG-1,0.063285,0.211633,0.03836,0.686622,0.00005,0.00005
AACTCGATAAACACGT-1,0.001395,0.035008,0.240729,0.705416,0.013607,0.003845
AACTCGATGGCGCAGT-1,0.012195,0.001583,0.035288,0.848189,0.037907,0.064838
AACTCTCAATAGAGCG-1,0.000015,0.006679,0.117524,0.875751,0.000015,0.000015
AACTCTCAGTGTGCTC-1,0.010129,0.062409,0.083267,0.272455,0.37919,0.192551
AACTGAGGTCAGCGTC-1,0.000028,0.174443,0.222175,0.601767,0.000028,0.00156
AACTGAGTTATACTGA-1,0.016895,0.097161,0.477847,0.306893,0.004475,0.096728
AACTGATATTAGGCCT-1,0.018702,0.007846,0.109822,0.627525,0.074048,0.162058
AACTGGGTCCCGACGT-1,0.000023,0.015675,0.030929,0.884134,0.000307,0.068933
AACTGGTGTGGGCCTT-1,0.000015,0.014701,0.152263,0.825964,0.000359,0.006698
AACTTCTGCGTCTATC-1,0.012371,0.093795,0.043362,0.662804,0.050456,0.137212
AACTTGCCCGTATGCA-1,0.008838,0.002466,0.053536,0.603836,0.126574,0.20475
AACTTGCGTTCTCGCG-1,0.000016,0.000016,0.113683,0.658412,0.052733,0.175141
AACTTTACGGGAGCTT-1,0.393492,0.000013,0.220188,0.285122,0.098735,0.002449
AACTTTAGCTGCTGAG-1,0.000026,0.079918,0.1368,0.631096,0.106381,0.045778
AACTTTCTCGATCATG-1,0.000012,0.014564,0.330888,0.634402,0.008423,0.011711
AAGAAAGTTTGATGGG-1,0.774193,0.028317,0.027006,0.000164,0.000041,0.170278
AAGAAATCACCAGATT-1,0.000009,0.000009,0.466624,0.526414,0.006935,0.000009
AAGAAGGATCAGTTAG-1,0.010662,0.009857,0.212655,0.615363,0.079658,0.071805
AAGACATACGTGGTTT-1,0.000022,0.479181,0.233054,0.203328,0.000022,0.084394
AAGACCAAATAACTCA-1,0.772065,0.152012,0.038347,0.0001,0.000025,0.037451
AAGACCCAACTGAACA-1,0.000012,0.002161,0.117285,0.424511,0.242084,0.213948
AAGACTAACCCGTTGT-1,0.045555,0.000232,0.125555,0.571552,0.093034,0.164072
AAGACTGCAAGCTACT-1,0.037698,0.02349,0.019446,0.854459,0.042108,0.022799
AAGAGATGAATCGGTA-1,0.060622,0.004459,0.03947,0.56831,0.065327,0.261812
AAGAGCTCTTTATCGG-1,0.000022,0.010819,0.047293,0.85233,0.037812,0.051724
AAGAGGATGTACGCGA-1,0.032125,0.000009,0.070846,0.61202,0.273115,0.011885
AAGAGGCATGGATCGC-1,0.000022,0.000373,0.111347,0.480965,0.063637,0.343654
AAGAGGCCCTTTGGAA-1,0.051272,0.233416,0.042267,0.000353,0.162599,0.510094
AAGATGGCACCGGACC-1,0.000015,0.000015,0.200645,0.152418,0.418877,0.228029
AAGATTGGCGGAACGT-1,0.00004,0.201497,0.000119,0.461159,0.011582,0.325603
AAGCACCCTGCGTATC-1,0.000027,0.009028,0.038045,0.516499,0.028734,0.407667
AAGCATACTCTCCTGA-1,0.000007,0.000007,0.26171,0.666424,0.071844,0.000007
AAGCCACTTGCAGGTA-1,0.134726,0.003545,0.531585,0.002328,0.115254,0.212562
AAGCCGAAGCGGTTTA-1,0.006597,0.2612,0.000286,0.049232,0.037666,0.64502
AAGCCGCCGTGAAATC-1,0.503754,0.314351,0.079616,0.000097,0.023945,0.078236
AAGCCGCTTTACCTTG-1,0.028805,0.046155,0.168775,0.750363,0.005891,0.000012
AAGCCGGAGAGCAGGA-1,0.00001,0.00001,0.409409,0.57249,0.017673,0.000408
AAGCGCAGGGCTTTGA-1,0.000014,0.044036,0.187505,0.463844,0.127803,0.176798
AAGCGGAGTGCGCGCA-1,0.008041,0.27446,0.543734,0.122257,0.019344,0.032164
AAGCGGCGTCATGGGT-1,0.037301,0.544366,0.066254,0.351792,0.000143,0.000143
AAGCGTCCCTCATCGA-1,0.022962,0.159969,0.136652,0.413018,0.253379,0.014019
AAGCTAGATCGAGTAA-1,0.021169,0.034634,0.115838,0.755483,0.037543,0.035333
AAGCTATGGATTGACC-1,0.746656,0.000071,0.000214,0.000286,0.000071,0.252701
AAGCTCGTGCCAAGTC-1,0.005861,0.004554,0.076999,0.891882,0.00895,0.011755
AAGCTCTTTCATGGTG-1,0.000029,0.08812,0.080429,0.541475,0.005496,0.28445
AAGGAGAACTTATAAG-1,0.048176,0.227543,0.000214,0.122558,0.005539,0.595971
AAGGAGCGGTTGGTGC-1,0.013507,0.019971,0.013287,0.657491,0.076203,0.219541
AAGGATCGATCGCTTG-1,0.038159,0.174491,0.000123,0.570525,0.036525,0.180177
AAGGATGAGGGACCTC-1,0.000021,0.003033,0.151284,0.659222,0.015426,0.171014
AAGGCAGGCTGTCTCC-1,0.000029,0.483836,0.000086,0.512571,0.000029,0.003451
AAGGCGCGTAAAGCTT-1,0.02381,0.005762,0.026717,0.251779,0.383884,0.308046
AAGGCTGTGCTCATCG-1,0.010787,0.001184,0.017998,0.592407,0.032112,0.345512
AAGGGAACGACTGGCT-1,0.593469,0.200767,0.000106,0.000142,0.000035,0.20548
AAGGGACAGATTCTGT-1,0.070737,0.416672,0.000071,0.501078,0.000024,0.011418
AAGGGACTATGCATTC-1,0.140108,0.031284,0.389732,0.229917,0.180874,0.028086
AAGGGTTAGCCATGCG-1,0.00001,0.005477,0.351433,0.601057,0.029504,0.012519
AAGGGTTTGATTTCAG-1,0.858363,0.000064,0.000193,0.000257,0.000064,0.141058
AAGGTATCCTAATATA-1,0.000017,0.000017,0.097078,0.744959,0.057606,0.100323
AAGGTGATAAACCAGC-1,0.002557,0.063688,0.028525,0.735326,0.084374,0.085531
AAGTAAGCTTCCAAAC-1,0.000028,0.505423,0.000083,0.450739,0.000028,0.0437
AAGTAGAAGACCGGGT-1,0.018111,0.03985,0.125452,0.659962,0.004955,0.15167
AAGTAGTGACGCGAGG-1,0.0161,0.000014,0.042375,0.695715,0.019134,0.226661
AAGTCAATTGTCGTCA-1,0.073243,0.179202,0.000157,0.143817,0.000052,0.603528
AAGTCTAGTAGCTGCC-1,0.000019,0.082745,0.417764,0.388191,0.021908,0.089373
AAGTCTTCTGTGGCCT-1,0.527726,0.243013,0.214395,0.014813,0.000027,0.000027
AAGTGACGACCGAATT-1,0.105876,0.074528,0.113371,0.331384,0.343149,0.031692
AAGTGAGTCGGGTTTA-1,0.02134,0.137771,0.000161,0.000214,0.474134,0.36638
AAGTGCAAAGGTAGAC-1,0.053389,0.015567,0.077016,0.428352,0.0385,0.387175
AAGTGCCTTGACTGTA-1,0.000053,0.206451,0.000159,0.39838,0.018295,0.376662
AAGTGCGTTAGAATCT-1,0.075001,0.002243,0.072061,0.442341,0.098168,0.310186
AAGTGCTTCTCTATTG-1,0.16714,0.134667,0.370068,0.023955,0.07819,0.22598
AAGTGTTTGGAGACGG-1,0.000023,0.000321,0.025425,0.537883,0.103201,0.333147
AAGTTCACTCCAAGCT-1,0.00001,0.000597,0.0037,0.588481,0.28112,0.126091
AAGTTCAGTCTGCGTA-1,0.007016,0.520378,0.103903,0.368488,0.000107,0.000107
AAGTTCGGCCAACAGG-1,0.013284,0.000009,0.117503,0.61755,0.101095,0.150559
AAGTTGTGATGTTATA-1,0.019779,0.638621,0.000279,0.000371,0.000093,0.340857
AAGTTTACTAATGGCA-1,0.139097,0.157475,0.000108,0.556773,0.052983,0.093563
AAGTTTATGGGCCCAA-1,0.00181,0.017688,0.484013,0.240347,0.088319,0.167825
AATAACAACGCTCGGC-1,0.010764,0.000673,0.004573,0.175264,0.158841,0.649884
AATAACACTAGAACAA-1,0.057908,0.136591,0.025754,0.000073,0.391029,0.388646
AATAACGTCGCGCCCA-1,0.000023,0.092401,0.32148,0.426719,0.011491,0.147886
AATAATCTTCGTATCG-1,0.000033,0.322517,0.172383,0.287028,0.000033,0.218006
AATACAATGTTTCAGG-1,0.02404,0.010414,0.161591,0.696645,0.060264,0.047045
AATACCGGAGGGCTGT-1,0.000004,0.021802,0.041705,0.130806,0.7385,0.067182
AATACCTGATGTGAAC-1,0.000106,0.413976,0.117653,0.000426,0.010049,0.45779
AATAGAACAGAGTGGC-1,0.000013,0.000013,0.020917,0.276303,0.385809,0.316946
AATAGAATCTGTTTCA-1,0.000018,0.038325,0.075264,0.796539,0.043889,0.045965
AATAGCAAGCCTCCTG-1,0.00004,0.031412,0.295221,0.447747,0.009517,0.216064
AATAGCTACCGCGTGC-1,0.283355,0.039715,0.000192,0.114797,0.000064,0.561877
AATAGGCACGACCCTT-1,0.034246,0.01813,0.46903,0.104487,0.269292,0.104815
AATAGTCCGTCCCGAC-1,0.000019,0.012115,0.003765,0.15886,0.402158,0.423084
AATAGTCGCGAGTCGG-1,0.046417,0.034569,0.201811,0.145327,0.346059,0.225818
AATATCAAGGTCGGAT-1,0.026987,0.05089,0.000143,0.280632,0.000048,0.641299
AATATCCTAGCAAACT-1,0.72047,0.011091,0.222633,0.045765,0.000021,0.000021
AATATCGAATCAATGC-1,0.000073,0.464362,0.024391,0.146935,0.198282,0.165958
AATATCGAGGGTTCTC-1,0.082195,0.217568,0.00016,0.518675,0.00986,0.171542
AATATTGGAGTATTGA-1,0.098149,0.13032,0.024397,0.564138,0.061056,0.121941
AATCAGACTGCAGGAC-1,0.000008,0.000008,0.256142,0.730273,0.01356,0.000008
AATCAGGTTTCATTTA-1,0.024458,0.006476,0.749713,0.173482,0.037584,0.008286
AATCATGTAAAGACTC-1,0.075102,0.202973,0.000104,0.202659,0.000035,0.519127
AATCCAAGGGCCTGAG-1,0.000013,0.005097,0.080436,0.896147,0.00129,0.017018
AATCCATGCAAGGGTG-1,0.000012,0.044859,0.119565,0.756595,0.001381,0.077588
AATCCCGCTCAGAGCC-1,0.000011,0.003241,0.667975,0.197881,0.060511,0.070381
AATCGAGGTCTCAAGG-1,0.000017,0.026019,0.43348,0.359727,0.055356,0.125401
AATCGCCTCAGCGCCA-1,0.000018,0.077249,0.057566,0.694898,0.121333,0.048936
AATCGCGCAGAGGACT-1,0.000098,0.187856,0.000295,0.000394,0.187534,0.623823
AATCGGGACACTACGA-1,0.00004,0.000377,0.053052,0.51585,0.00004,0.43064
AATCGGTATAGCCCTC-1,0.000036,0.41154,0.233985,0.180397,0.000036,0.174006
AATCGTGAGCCGAGCA-1,0.005149,0.048673,0.218766,0.523791,0.013918,0.189703
AATCTAGGTTTACTTG-1,0.705231,0.028082,0.095325,0.171316,0.000023,0.000023
AATCTATGCCGGAGCC-1,0.019431,0.146212,0.009896,0.60537,0.035072,0.184018
AATCTCTACTGTGGTT-1,0.590568,0.000039,0.000117,0.027697,0.019096,0.362483
AATCTGCGTTGGGACG-1,0.000023,0.010599,0.070995,0.734482,0.058813,0.125088
AATCTGGCTTTCTAGT-1,0.777979,0.155183,0.000083,0.066699,0.000028,0.000028
AATGACAGCAATGTCT-1,0.078119,0.006921,0.064617,0.390548,0.235301,0.224494
AATGACGTAGGATGTC-1,0.000013,0.000013,0.056495,0.729852,0.132983,0.080644
AATGACTGTCAGCCGG-1,0.00001,0.00001,0.062326,0.797023,0.037461,0.103169
AATGAGTTCGCATATG-1,0.009558,0.011078,0.144727,0.806061,0.001127,0.027449
AATGATGATACGCTAT-1,0.010258,0.376616,0.00021,0.068361,0.00007,0.544485
AATGATGCGACTCCTG-1,0.066105,0.17545,0.010395,0.704613,0.011117,0.03232
AATGCAACCGGGTACC-1,0.005585,0.113209,0.017254,0.568919,0.049992,0.245041
AATGCACCAAGCAATG-1,0.054701,0.214482,0.055163,0.66418,0.011444,0.00003
AATGGCCGCCAATGCG-1,0.00001,0.00001,0.765866,0.234094,0.00001,0.00001
AATGGTCCACCGTTCA-1,0.017664,0.000007,0.160246,0.766593,0.044069,0.011421
AATGGTTCTCACAAGC-1,0.016851,0.000007,0.120529,0.847833,0.010293,0.004488
AATGTATGGCACTGTA-1,0.623983,0.000026,0.359263,0.004787,0.007913,0.004028
AATGTGCCCGAGGTGT-1,0.205987,0.103497,0.138978,0.158033,0.15113,0.242376
AATGTGCTAATCTGAG-1,0.105756,0.084463,0.24491,0.010756,0.124725,0.429391
AATGTTAAGACCCTGA-1,0.000018,0.053409,0.623095,0.306382,0.002423,0.014673
AATGTTGTCGTGAGAC-1,0.045221,0.484401,0.000162,0.000216,0.000054,0.469945
AATTAAAGGTCGGCGT-1,0.025558,0.000011,0.03236,0.584005,0.235441,0.122624
AATTAACGGATTTCCA-1,0.000021,0.005521,0.11073,0.266489,0.282593,0.334646
AATTACGAGACCCATC-1,0.43709,0.000025,0.493277,0.029605,0.030336,0.009667
AATTACTCGTACGCTC-1,0.000009,0.000009,0.33018,0.668341,0.001453,0.000009
AATTAGCGCTGCAGCG-1,0.026179,0.000024,0.002138,0.154149,0.297407,0.520102
AATTATACCCAGCAAG-1,0.000018,0.079812,0.388484,0.434551,0.005083,0.092051
AATTCATAAGGGATCT-1,0.000068,0.335402,0.000204,0.125774,0.000068,0.538484
AATTCATTGTCATGCA-1,0.970739,0.000033,0.001068,0.00829,0.007978,0.011892
AATTCCAACTTGGTGA-1,0.000022,0.010051,0.169619,0.522761,0.121804,0.175743
AATTCCAAGCATGTAC-1,0.000639,0.043993,0.533984,0.305721,0.072525,0.043139
AATTCGATTCGAGGAT-1,0.000014,0.082255,0.22099,0.560816,0.064229,0.071696
AATTCTAGAGTTAGGC-1,0.000021,0.000021,0.001309,0.265438,0.243722,0.489489
AATTGAACGCTCTGGT-1,0.000017,0.019373,0.079276,0.700549,0.076671,0.124115
AATTGCAGCAATCGAC-1,0.047876,0.256114,0.288161,0.129505,0.063151,0.215193
AATTGCGTGGATTACA-1,0.825723,0.082368,0.072126,0.000142,0.000035,0.019605
AATTGTGGTTGCCAAA-1,0.000018,0.245063,0.552427,0.059106,0.000919,0.142467
AATTTGGTTCCAAAGA-1,0.00003,0.101144,0.034508,0.611185,0.00003,0.253103
ACAAACCATGCGTCCT-1,0.819429,0.128393,0.052068,0.000073,0.000018,0.000018
ACAAACTCCATCAGAG-1,0.000007,0.000024,0.72105,0.000207,0.253774,0.024937
ACAAAGAAGGTAGGCC-1,0.633353,0.02246,0.313975,0.002272,0.003852,0.024087
ACAAAGCATGACCTAG-1,0.015262,0.298111,0.023962,0.016621,0.239228,0.406816
ACAAATCGCACCGAAT-1,0.000024,0.019288,0.042265,0.400573,0.044745,0.493105
ACAAATGGTAGTGTTT-1,0.000022,0.045433,0.030141,0.552002,0.127062,0.24534
ACAAATTCAGATCTGA-1,0.000177,0.516426,0.000531,0.000708,0.000177,0.481982
ACAACAGCATGAGCTA-1,0.000022,0.001615,0.092579,0.496887,0.180774,0.228123
ACAACGGTCCCTGCGA-1,0.04469,0.069879,0.000053,0.287998,0.123707,0.473674
ACAAGCAGTGCCTAGC-1,0.003622,0.000006,0.082698,0.808521,0.105146,0.000006
ACAAGCTATATGGAAG-1,0.748257,0.078648,0.004995,0.168049,0.000025,0.000025
ACAAGGAAATCCGCCC-1,0.006683,0.024258,0.159885,0.675655,0.088078,0.045441
ACAAGGACAAGAGGTT-1,0.024867,0.047923,0.022743,0.354163,0.263729,0.286575
ACAAGGATGCTTTAGG-1,0.000016,0.020249,0.035229,0.82079,0.011995,0.11172
ACAAGGCCTACCAGCC-1,0.129544,0.5108,0.000245,0.119387,0.000082,0.239941
ACAAGGGCAGGCTCTG-1,0.000013,0.00162,0.066142,0.567235,0.131047,0.233943
ACAAGTAATTGTAAGG-1,0.690618,0.260354,0.024092,0.024879,0.000029,0.000029
ACAATAGTCGTACGTT-1,0.499243,0.002488,0.000065,0.323041,0.010602,0.164562
ACAATCCATTTAAACC-1,0.013075,0.007028,0.086552,0.69873,0.148179,0.046435
ACAATGAATACGGAGA-1,0.111032,0.008046,0.000075,0.009091,0.034529,0.837228
ACAATGATTCTTCTAC-1,0.000017,0.012443,0.495358,0.469193,0.001763,0.021226
ACAATTGTGTCTCTTT-1,0.000022,0.166306,0.04145,0.768362,0.000074,0.023786
ACAATTTAGGAGGCTC-1,0.086061,0.001208,0.146801,0.611034,0.050748,0.104149
ACAATTTGAGCAGTGG-1,0.000034,0.05592,0.009734,0.583594,0.018165,0.332553
ACAATTTGGCCATATT-1,0.000037,0.47654,0.218998,0.292839,0.000214,0.011371
ACACAAAGACGGGTGG-1,0.000011,0.009949,0.087522,0.714029,0.024932,0.163557
ACACAAATATTCCTAG-1,0.006689,0.161458,0.370802,0.456422,0.000471,0.004157
ACACACCAGGACCAGT-1,0.000034,0.596194,0.023817,0.266334,0.108098,0.005523
ACACACTTTCTACACG-1,0.00218,0.095879,0.001924,0.762209,0.000038,0.13777
ACACATGATCAAATCT-1,0.919453,0.000021,0.047628,0.032856,0.000021,0.000021
ACACATTGACGCAACA-1,0.013127,0.09033,0.390546,0.505268,0.000721,0.000009
ACACATTTCCGTAGAC-1,0.023705,0.096463,0.647183,0.069182,0.010639,0.152828
ACACCACATAATTAGC-1,0.007676,0.642019,0.000098,0.145058,0.000033,0.205116
ACACCCAGCATGCAGC-1,0.000012,0.004669,0.163896,0.594277,0.063567,0.173579
ACACCCGAGAAATCCG-1,0.064502,0.057296,0.028961,0.711952,0.019672,0.117618
ACACCCGTAAATCTGT-1,0.029987,0.086812,0.531134,0.230558,0.0183,0.103209
ACACCGAGCGCTCTTT-1,0.034364,0.121495,0.094539,0.2653,0.061245,0.423056
ACACCGGTCTGACCGC-1,0.883676,0.075354,0.020485,0.000096,0.000024,0.020364
ACACCTTAAGTAGGGC-1,0.002357,0.038646,0.076539,0.744822,0.113091,0.024545
ACACCTTACTACTTGC-1,0.032822,0.359626,0.057974,0.313974,0.126409,0.109195
ACACGAGACTCCTTCT-1,0.000022,0.002348,0.192365,0.705614,0.000022,0.099629
ACACGGGAACTTAGGG-1,0.000034,0.004534,0.054757,0.566674,0.049365,0.324637
ACACGTAGGCCACAAG-1,0.000095,0.237145,0.000284,0.000379,0.000095,0.762003
ACACTCCAATGTCACT-1,0.049593,0.05047,0.101999,0.184216,0.221758,0.391964
ACACTGATCAAGGTGT-1,0.000012,0.000012,0.011575,0.524351,0.349487,0.114562
ACACTGGGACAGTCGT-1,0.068869,0.293176,0.096719,0.314306,0.001965,0.224965
ACAGAACTGAGAACAA-1,0.266921,0.000017,0.038113,0.443453,0.099429,0.152068
ACAGATTAGGTTAGTG-1,0.007483,0.296047,0.000125,0.695745,0.000042,0.000558
ACAGCATAGAGCCAGT-1,0.000022,0.017639,0.099599,0.800588,0.037852,0.044299
ACAGCGACATTCTCAT-1,0.033668,0.766147,0.000146,0.110105,0.013743,0.07619
ACAGGAGGCGCAGCCG-1,0.004118,0.236268,0.226748,0.332642,0.023746,0.176479
ACAGGCACGGATCCTT-1,0.001077,0.834954,0.160296,0.000117,0.001583,0.001973
ACAGGCTTGCCCGACT-1,0.000021,0.108495,0.034402,0.747335,0.008774,0.100975
ACAGGTGGAGGTGAGG-1,0.000025,0.002728,0.008471,0.141576,0.56222,0.28498
ACAGGTGTGTTGTTGC-1,0.570437,0.004274,0.206284,0.00014,0.000035,0.21883
ACAGTAATACAACTTG-1,0.545837,0.094066,0.000045,0.360022,0.000015,0.000015
ACAGTATACCGTGGGA-1,0.000045,0.110168,0.003699,0.263534,0.000045,0.622509
ACAGTGCAGCGCATTT-1,0.000013,0.02738,0.604302,0.368278,0.000013,0.000013
ACATAAGTCGTGGTGA-1,0.467428,0.00002,0.491787,0.040097,0.000648,0.00002
ACATAATAAGGCGGTG-1,0.051283,0.062977,0.017186,0.768165,0.075955,0.024435
ACATACAATCAAGCGG-1,0.000054,0.588374,0.000163,0.000217,0.012144,0.399049
ACATCAGCTGGGACGC-1,0.12357,0.015362,0.053482,0.217271,0.10307,0.487245
ACATCCCGGCCATACG-1,0.00241,0.004898,0.053377,0.45988,0.398958,0.080476
ACATCCTGGTAACTGT-1,0.000045,0.299203,0.000136,0.188838,0.000045,0.511732
ACATCGATCGTTTACC-1,0.084884,0.092969,0.023571,0.704534,0.093087,0.000955
ACATCGCAATATTCGG-1,0.126151,0.02534,0.238566,0.090394,0.080197,0.439352
ACATCGGTCAGCCGCG-1,0.094104,0.043006,0.005861,0.285282,0.06952,0.502227
ACATCGTATGCAATGG-1,0.000022,0.000223,0.002909,0.546379,0.142079,0.308388
ACATCGTTAACCTAGT-1,0.101276,0.068342,0.028597,0.558763,0.000053,0.24297
ACATGCTTACGGCAGC-1,0.875896,0.00066,0.000088,0.053735,0.000029,0.069592
ACATGGCGCCAAAGTA-1,0.020927,0.265689,0.000165,0.094065,0.000055,0.619099
ACATGGCTCAATTTAG-1,0.000005,0.000005,0.321658,0.67832,0.000005,0.000005
ACATTAGTTTATATCC-1,0.029348,0.001825,0.037793,0.61903,0.212035,0.099969
ACATTCGCGCGGAATA-1,0.126579,0.003827,0.773083,0.004135,0.092367,0.000009
ACATTTGAAACCTAAC-1,0.06843,0.197851,0.161672,0.000296,0.055653,0.516097
ACCAAACACCCAGCGA-1,0.020037,0.23814,0.036313,0.548242,0.012617,0.144651
ACCAACACCACACACT-1,0.066331,0.369323,0.000182,0.035376,0.000061,0.528728
ACCAACCGCACTCCAC-1,0.000036,0.504678,0.058831,0.00013,0.000033,0.436292
ACCAACGCTTATTTAT-1,0.005515,0.133727,0.026342,0.255591,0.200802,0.378022
ACCAAGAACGCGTGTC-1,0.008247,0.187138,0.002372,0.315688,0.24748,0.239075
ACCAAGTCATCGGCAG-1,0.000038,0.948287,0.000114,0.001637,0.000038,0.049885
ACCAATATGCAAGTTA-1,0.000031,0.000031,0.071641,0.373951,0.049316,0.50503
ACCACAAGTTTCTATC-1,0.027179,0.001602,0.053086,0.486564,0.062053,0.369516
ACCACACGGTTGATGG-1,0.000018,0.000018,0.584986,0.314607,0.048236,0.052135
ACCACCAATGTAACAA-1,0.009056,0.196981,0.000215,0.03127,0.038131,0.724346
ACCACCCTCTCTTCTA-1,0.000014,0.064281,0.368626,0.519827,0.0084,0.038852
ACCACGTGCAGCTATA-1,0.000013,0.143129,0.082558,0.609655,0.073216,0.09143
ACCACTGTTCAAGAAG-1,0.002386,0.015064,0.575596,0.360957,0.045495,0.000501
ACCAGACCATAACAAC-1,0.547691,0.050502,0.057184,0.250952,0.005177,0.088494
ACCAGGAGTGTGATCT-1,0.110322,0.096755,0.000191,0.567187,0.000064,0.225481
ACCAGTGCCCGGTCAA-1,0.043329,0.200339,0.000384,0.000512,0.000128,0.755307
ACCAGTGCGGGAGACG-1,0.000012,0.000012,0.0653,0.910012,0.012065,0.012597
ACCATATCCGCAATAA-1,0.004799,0.000012,0.004202,0.307129,0.124432,0.559426
ACCATCCGCCAACTAG-1,0.685187,0.000019,0.016563,0.258332,0.02565,0.014249
ACCATCGTATATGGTA-1,0.059089,0.002138,0.000305,0.519162,0.059184,0.360122
ACCATTAAGGGTGTCA-1,0.026313,0.116682,0.265882,0.369853,0.043005,0.178266
ACCCAACGCCCGTGGC-1,0.000016,0.043381,0.039634,0.69732,0.194643,0.025006
ACCCACCTACATGCTC-1,0.014599,0.000692,0.189361,0.725672,0.053014,0.016662
ACCCATCTTGAGGGTA-1,0.007626,0.000019,0.004882,0.492819,0.139499,0.355155
ACCCATTTGTCCCTCT-1,0.00007,0.283219,0.058261,0.000279,0.003924,0.654247
ACCCGAGCGAAATTAC-1,0.286688,0.140342,0.005841,0.00011,0.014286,0.552734
ACCCGATTGGTTCCGA-1,0.036365,0.018448,0.529499,0.03243,0.131641,0.251617
ACCCGGAAACTCCCAG-1,0.000019,0.157044,0.038101,0.437419,0.128075,0.239342
ACCCGGAGCACCACAA-1,0.000382,0.379974,0.339333,0.279327,0.000018,0.000966
ACCCGGATGACGCATC-1,0.013356,0.068157,0.000132,0.722476,0.042624,0.153255
ACCCGGTTACACTTCC-1,0.029448,0.000723,0.017176,0.396835,0.204045,0.351773
ACCCGTAGCAGAGAAT-1,0.579367,0.013468,0.254186,0.012517,0.089944,0.050519
ACCCGTAGTCTAGTTG-1,0.000008,0.00019,0.525098,0.47425,0.000445,0.000008
ACCCGTGTCATCAGTA-1,0.010417,0.001791,0.212739,0.443577,0.3039,0.027575
ACCCTATAGGACTGAG-1,0.019539,0.017854,0.092229,0.700544,0.094685,0.075149
ACCCTATGCCATATCG-1,0.031424,0.064851,0.020028,0.061518,0.372875,0.449304
ACCCTCCCGTCAGGGC-1,0.054505,0.489994,0.036847,0.000219,0.013168,0.405267
ACCCTCCCTTGCTATT-1,0.000026,0.012641,0.129505,0.441197,0.020411,0.39622
ACCCTGGTAACGCCCT-1,0.000038,0.238809,0.040433,0.441678,0.00055,0.278491
ACCCTTCATCTGCGAA-1,0.000017,0.003192,0.161934,0.833206,0.001633,0.000017
ACCCTTGCCTGGGTCG-1,0.000009,0.004621,0.739487,0.240561,0.015312,0.000009
ACCGAAAGGGCCCTGC-1,0.000027,0.029261,0.118431,0.614261,0.019014,0.219006
ACCGAAGAGTCTGGTT-1,0.715994,0.032134,0.228813,0.023011,0.000024,0.000024
ACCGACACATCTCCCA-1,0.006307,0.130057,0.082411,0.234955,0.463151,0.083119
ACCGACTGAGTCCCAC-1,0.03259,0.040474,0.009283,0.892647,0.012086,0.01292
ACCGAGTCTCCTTATT-1,0.004703,0.40505,0.456099,0.13394,0.000015,0.000194
ACCGATAGGCATAACC-1,0.0033,0.637474,0.000134,0.003562,0.000045,0.355485
ACCGATATTTAATCAT-1,0.000063,0.328547,0.052221,0.000252,0.008316,0.610601
ACCGATGGTAGCATCG-1,0.000014,0.000014,0.078198,0.882935,0.027377,0.011462
ACCGCAATAACTGCCT-1,0.000017,0.058303,0.005518,0.671264,0.20125,0.063648
ACCGCGGTGGAAGTCG-1,0.019035,0.605131,0.00017,0.117502,0.000057,0.258106
ACCGCTAGTCATTGGT-1,0.099445,0.043965,0.441913,0.000065,0.01341,0.401202
ACCGGGCCTTTGTTGA-1,0.000037,0.02123,0.027633,0.419516,0.00268,0.528904
ACCGGTCAGGTACACC-1,0.759424,0.163291,0.077158,0.000084,0.000021,0.000021
ACCGGTCTGAGTACGG-1,0.021612,0.412795,0.000387,0.000516,0.000129,0.564561
ACCGTCCACTGGGCCC-1,0.81581,0.000035,0.000104,0.000138,0.000035,0.18388
ACCGTGACCACGTGGG-1,0.011104,0.006387,0.319979,0.207614,0.362366,0.09255
ACCGTTCCCGCTCTGA-1,0.117004,0.077521,0.017834,0.614713,0.000439,0.17249
ACCTAAGTACCTTTCA-1,0.281949,0.075264,0.000071,0.23548,0.01955,0.387687
ACCTAATCGACTTCCT-1,0.024781,0.000013,0.015682,0.644029,0.095846,0.219649
ACCTACAGTATGTGGT-1,0.021801,0.342232,0.000233,0.253086,0.150939,0.231709
ACCTACTATAAATCTA-1,0.01952,0.105804,0.387248,0.212959,0.148892,0.125576
ACCTCAGCGAGGCGCA-1,0.010642,0.277381,0.014125,0.000385,0.127252,0.570215
ACCTCCGCCCTCGCTG-1,0.009111,0.606806,0.368881,0.000576,0.014481,0.000144
ACCTCCGTTATTCACC-1,0.070141,0.276009,0.065299,0.586111,0.002374,0.000066
ACCTCGAACTTATGCT-1,0.92877,0.000019,0.071096,0.000076,0.000019,0.000019
ACCTGCGTGTCATGTT-1,0.437646,0.014062,0.000092,0.322527,0.00306,0.222613
ACGAAATGGGCGGCAC-1,0.028565,0.002178,0.120233,0.5357,0.247281,0.066043
ACGACCCATGAGTTGC-1,0.000009,0.049008,0.558204,0.392549,0.000221,0.000009
ACGACTCTAGGGCCGA-1,0.010123,0.422521,0.195615,0.032682,0.003043,0.336016
ACGACTGGTCATACTC-1,0.039271,0.046941,0.546126,0.000043,0.212078,0.155542
ACGAGAACCCATCACG-1,0.000007,0.007865,0.400954,0.54671,0.04045,0.004013
ACGAGGATACCACTCT-1,0.54435,0.087921,0.212998,0.148831,0.005879,0.000021
ACGAGGTTTACAACGT-1,0.608738,0.038311,0.169708,0.122494,0.000028,0.060721
ACGAGTACGGATGCCC-1,0.056834,0.330936,0.000479,0.586534,0.008974,0.016244
ACGAGTCGCCGGCGTT-1,0.000008,0.018355,0.635492,0.326836,0.016639,0.002671
ACGATACATAGAACTA-1,0.000014,0.010765,0.087901,0.842034,0.041468,0.017819
ACGATACCTATCCTGA-1,0.211492,0.014159,0.276662,0.111743,0.034598,0.351346
ACGATCATACATAGAG-1,0.0394,0.023628,0.01218,0.854992,0.024172,0.045628
ACGATCATCTTGTAAA-1,0.000044,0.321973,0.000131,0.290188,0.000044,0.387621
ACGATGCATATGTTAT-1,0.033222,0.000007,0.089212,0.827227,0.018185,0.032148
ACGATGGATCCGATGC-1,0.000077,0.316552,0.00023,0.015276,0.000077,0.667788
ACGCAAACTAATAGAT-1,0.189053,0.033546,0.135405,0.004115,0.176195,0.461686
ACGCAATCACTACAGC-1,0.000103,0.311994,0.150449,0.232922,0.051212,0.25332
ACGCATAAATGACATG-1,0.006587,0.088593,0.388026,0.516752,0.000021,0.000021
ACGCATACGTTTACTA-1,0.00008,0.233286,0.000241,0.186888,0.078874,0.500631
ACGCATTCGTGAGTAC-1,0.006959,0.00001,0.115385,0.861801,0.007898,0.007946
ACGCCACTCGAAACAG-1,0.000005,0.000005,0.640813,0.359166,0.000005,0.000005
ACGCCAGATGATTTCT-1,0.000026,0.050448,0.066006,0.824615,0.01225,0.046657
ACGCCAGTGCGTTTGC-1,0.009828,0.481291,0.34553,0.000201,0.00005,0.1631
ACGCCGCTAGACGACC-1,0.031983,0.026522,0.033389,0.836484,0.040304,0.031318
ACGCCTGACACGCGCT-1,0.000713,0.007564,0.464755,0.526955,0.000007,0.000007
ACGCGAAGTCAGACGA-1,0.082207,0.012883,0.09756,0.363725,0.438885,0.004741
ACGCGCTACACAGGGT-1,0.025765,0.020987,0.027644,0.457193,0.09497,0.373442
ACGCGGGCCAAGGACA-1,0.009196,0.070502,0.043509,0.502908,0.06074,0.313145
ACGCGTTTCTTAAGAG-1,0.063605,0.017966,0.356204,0.450201,0.068603,0.04342
ACGCTACTGAATGGGC-1,0.000023,0.107249,0.473658,0.243409,0.012783,0.162877
ACGCTAGTATCAGTGC-1,0.075287,0.000367,0.593365,0.250262,0.00169,0.079028
ACGCTAGTGATACACT-1,0.016166,0.234403,0.00033,0.00044,0.00011,0.748552
ACGCTGTGAGGCGTAG-1,0.388582,0.000031,0.050283,0.240195,0.109454,0.211456
ACGGAACACGAGTGCC-1,0.023607,0.558413,0.00025,0.000333,0.124224,0.293173
ACGGAATTTAGCAAAT-1,0.051837,0.000007,0.084621,0.861594,0.001935,0.000007
ACGGACGCAGCGACAA-1,0.790567,0.140957,0.015671,0.000141,0.000035,0.052628
ACGGACTCTCAAAGCG-1,0.000016,0.057033,0.095128,0.615159,0.136306,0.096359
ACGGAGCGCAAATTAC-1,0.052314,0.130652,0.000267,0.000357,0.000089,0.816321
ACGGATGGTGCGGATA-1,0.000033,0.032139,0.004808,0.432348,0.14746,0.383212
ACGGCACTTGCTTGGG-1,0.000013,0.000013,0.02701,0.627611,0.233779,0.111574
ACGGCCAACATGGACT-1,0.000011,0.040662,0.064585,0.2996,0.545497,0.049644
ACGGCGACGATGGGAA-1,0.000017,0.122004,0.049725,0.409782,0.103284,0.315187
ACGGCGGGTTGCCCTG-1,0.000028,0.051548,0.063286,0.503299,0.013687,0.368152
ACGGCTGGATGTAGAA-1,0.897654,0.037863,0.011374,0.04835,0.000023,0.004735
ACGGGAGTGTCGGCCC-1,0.110642,0.028082,0.010262,0.414535,0.094443,0.342037
ACGGGCGTATGCGACA-1,0.00003,0.240569,0.000089,0.588865,0.00003,0.170418
ACGGGTCATGTGACTT-1,0.017459,0.054197,0.241489,0.524139,0.04618,0.116536
ACGGGTTGTGACCTGT-1,0.858604,0.000327,0.000981,0.001308,0.000327,0.138453
ACGGTACAGTTCAATG-1,0.000041,0.514441,0.175125,0.077669,0.003855,0.228869
ACGGTCACCGAGAACA-1,0.999768,0.000023,0.00007,0.000093,0.000023,0.000023
ACGTACAGATTTCTCT-1,0.002562,0.168006,0.159223,0.670145,0.000032,0.000032
ACGTACTTTGGCACGG-1,0.019243,0.00106,0.617701,0.138361,0.153672,0.069962
ACGTAGATTGCTGATG-1,0.060241,0.007951,0.005081,0.855512,0.031251,0.039964
ACGTAGGAGAGTCGCT-1,0.000008,0.008699,0.830382,0.095201,0.033174,0.032536
ACGTATTACTCCGATC-1,0.00002,0.005915,0.063824,0.865847,0.015188,0.049207
ACGTCGGGCAACTCGG-1,0.90074,0.076123,0.008132,0.000131,0.000033,0.014841
ACGTCTCGTTCCGGGA-1,0.597746,0.048006,0.162588,0.175433,0.011558,0.004669
ACGTGACAAAGTAAGT-1,0.808834,0.00915,0.098324,0.000089,0.000022,0.08358
ACGTGCGCCTCGTGCA-1,0.054499,0.043581,0.011275,0.795732,0.064438,0.030476
ACGTTAATGTCGAAGA-1,0.021984,0.037597,0.010735,0.718624,0.157342,0.053718
ACGTTAGATTTGCCCG-1,0.029689,0.084736,0.02989,0.344614,0.224629,0.286441
ACGTTATTGGTCACTC-1,0.040451,0.00292,0.146347,0.751523,0.021278,0.037481
ACGTTCACTATGCCGC-1,0.0531,0.022617,0.581509,0.076918,0.082556,0.1833
ACGTTCCGCGCTCCGT-1,0.000022,0.011719,0.098513,0.821935,0.000022,0.067789
ACGTTCGCAATCAATT-1,0.011275,0.172906,0.005434,0.801964,0.002998,0.005424
ACGTTCGTTCAGGAAA-1,0.022293,0.000136,0.0766,0.023982,0.086613,0.790377
ACGTTCTGTACAAGTC-1,0.000044,0.437597,0.120583,0.025681,0.000044,0.41605
ACGTTGTCGTTGAAAG-1,0.071531,0.008816,0.06205,0.000109,0.010426,0.847069
ACGTTTAGTTGTGATC-1,0.000031,0.000031,0.041962,0.797778,0.000031,0.160166
ACGTTTCGGTGCACTT-1,0.015252,0.244341,0.327955,0.139608,0.054342,0.218502
ACTAAGGACGCACACC-1,0.000598,0.01994,0.702336,0.208626,0.047624,0.020875
ACTAATACGTCAGGCG-1,0.048566,0.421976,0.111635,0.406966,0.010762,0.000094
ACTACAAAGAGAGGTG-1,0.082551,0.215018,0.438929,0.022916,0.174771,0.065815
ACTACATCCCGACAAG-1,0.804701,0.067424,0.077108,0.000121,0.005451,0.045196
ACTACCAGCTCTCTGG-1,0.052156,0.00001,0.02705,0.830581,0.085538,0.004665
ACTACCATCCGAGGGC-1,0.197154,0.002444,0.624343,0.057337,0.104047,0.014675
ACTACGCGTTAGAATT-1,0.00002,0.087442,0.050281,0.352428,0.270951,0.238878
ACTAGTTGCGATCGTC-1,0.057967,0.197545,0.000266,0.004335,0.000089,0.739798
ACTATATGCTGTGTTC-1,0.04132,0.288841,0.000381,0.000509,0.000127,0.668822
ACTATCCAGGGCATGG-1,0.000107,0.239866,0.000322,0.000429,0.000107,0.759168
ACTATCGCCGGCTAAA-1,0.015313,0.000005,0.517704,0.445789,0.012958,0.00823
ACTATCTGCCCGCGTA-1,0.000037,0.450958,0.198604,0.305355,0.018864,0.026182
ACTATGTCCAGCTGCC-1,0.725345,0.091471,0.06741,0.000108,0.000027,0.11564
ACTATTCGTCCGTGGT-1,0.00007,0.151105,0.000209,0.364763,0.00007,0.483783
ACTATTTCCGGGCCCA-1,0.000027,0.000027,0.083357,0.019945,0.431119,0.465525
ACTCAACGAATGTATT-1,0.007023,0.117877,0.220236,0.564108,0.064161,0.026595
ACTCAAGTGCAAGGCT-1,0.000023,0.186852,0.016185,0.633454,0.004992,0.158493
ACTCAATAAAGGCACG-1,0.026922,0.00001,0.233737,0.738898,0.000424,0.00001
ACTCAGACCTGCTTCT-1,0.000036,0.080974,0.045889,0.49472,0.038798,0.339583
ACTCATGGCAGCCTTC-1,0.626672,0.002276,0.237854,0.00009,0.133086,0.000023
ACTCCAATATCATCAT-1,0.183562,0.177088,0.13061,0.001219,0.008065,0.499457
ACTCCCATTCCTAAAG-1,0.240964,0.000016,0.234506,0.429417,0.09454,0.000558
ACTCCCGAATTCGTTT-1,0.000129,0.295955,0.000387,0.000517,0.096302,0.60671
ACTCCCGTAGACTAGG-1,0.000856,0.000007,0.374304,0.596811,0.028016,0.000007
ACTCCCTAATGCTAAA-1,0.012356,0.00002,0.041818,0.47897,0.231081,0.235755
ACTCCCTAGAATAGTA-1,0.023221,0.01989,0.143639,0.788916,0.005568,0.018765
ACTCCGGCCGACCACT-1,0.007737,0.078734,0.4157,0.49781,0.00001,0.00001
ACTCGATGTATTTCAT-1,0.075617,0.000008,0.164661,0.751806,0.007055,0.000853
ACTCGCCGTTCGATAA-1,0.011691,0.486356,0.091387,0.250389,0.000033,0.160144
ACTCGCGATCTGACGC-1,0.020582,0.003172,0.50145,0.417462,0.006801,0.050533
ACTCGTAACCCGTCCT-1,0.20014,0.002711,0.152944,0.469041,0.168082,0.007081
ACTCGTCAGTAATCCC-1,0.000017,0.002864,0.100855,0.799874,0.022556,0.073834
ACTCTAAACCTGGGAT-1,0.232179,0.032958,0.502761,0.011808,0.047183,0.173112
ACTCTCTGACTTAGGT-1,0.000023,0.034221,0.109494,0.635378,0.066551,0.154333
ACTCTGACCTAATAGA-1,0.01179,0.736436,0.00207,0.000155,0.000039,0.249509
ACTCTTCAGCTCCCGC-1,0.000009,0.107055,0.497347,0.281218,0.075438,0.038933
ACTCTTGTATAGTAAC-1,0.026308,0.02358,0.024119,0.792247,0.023092,0.110653
ACTGAAACGCCGTTAG-1,0.011292,0.020745,0.052603,0.799682,0.034382,0.081296
ACTGAATGGCGAAAGT-1,0.00002,0.03395,0.015189,0.470472,0.051707,0.428662
ACTGCCCGCCATTCTC-1,0.067607,0.077706,0.495137,0.095954,0.249469,0.014127
ACTGCCGTCGTAACTC-1,0.000055,0.103662,0.000166,0.56891,0.010933,0.316274
ACTGCGGACACACCGT-1,0.000034,0.323939,0.013936,0.462595,0.030693,0.168803
ACTGCTCGGAAGGATG-1,0.612418,0.027212,0.272086,0.000836,0.082409,0.005039
ACTGGCGAACCTGCGT-1,0.000821,0.006185,0.770996,0.22027,0.001718,0.00001
ACTGGGATGCCAGTGC-1,0.033509,0.032192,0.63543,0.198358,0.080699,0.019813
ACTGTACGATACACAT-1,0.000014,0.000014,0.00224,0.810524,0.154307,0.032899
ACTGTAGCACTTTGGA-1,0.00002,0.003308,0.001465,0.506483,0.054495,0.434228
ACTGTATACGCGAGCA-1,0.009503,0.000014,0.055052,0.878953,0.000014,0.056463
