Barcode,Topic 1,Topic 2,Topic 3,Topic 4,Topic 5to6,Topic 7to8,Topic 9to11
AAACAAGTATCTCCCA-1,0.161288,0.000037,0.025534,0.004831,0.511607,0.292519,0.004184
AAACACCAATAACTGC-1,0.000015,0.000015,0.000015,0.026954,0.022031,0.176741,0.774228
AAACAGAGCGACTCCT-1,0.141114,0.070127,0.097598,0.133864,0.052315,0.005684,0.499299
AAACAGCTTTCAGAAG-1,0.004386,0.000016,0.192993,0.169785,0.023182,0.182403,0.427235
AAACAGGGTCTATATT-1,0.083506,0.000034,0.143021,0.549061,0.043922,0.146468,0.033987
AAACAGTGTTCCTGGG-1,0.000244,0.00002,0.009019,0.130512,0.055327,0.503442,0.301436
AAACATGGTGAGAGGA-1,0.000995,0.000024,0.007612,0.02463,0.495801,0.20821,0.262727
AAACATTTCCCGGATT-1,0.044992,0.000038,0.001954,0.139267,0.693024,0.101867,0.018856
AAACCCGAACGAAATC-1,0.156107,0.000042,0.000042,0.024013,0.714485,0.105183,0.000127
AAACCGGAAATGTTAA-1,0.243282,0.000106,0.000106,0.000106,0.755868,0.000213,0.000319
AAACCGGGTAGGTACC-1,0.000034,0.000034,0.187329,0.081899,0.092921,0.000068,0.637715
AAACCGTTCGTCCAGG-1,0.000035,0.000035,0.000035,0.01508,0.100289,0.146675,0.737849
AAACCTAAGCAGCCGG-1,0.007352,0.004822,0.000024,0.049848,0.343401,0.39309,0.201464
AAACCTCATGAAGTTG-1,0.000033,0.000033,0.000033,0.260678,0.035629,0.04299,0.660603
AAACGAAGATGGAGTA-1,0.035492,0.000028,0.362771,0.082872,0.116454,0.319514,0.082869
AAACGAGACGGTTGAT-1,0.000053,0.000053,0.161345,0.305743,0.348904,0.011921,0.171981
AAACGCTGGGCACGAC-1,0.999603,0.00004,0.00004,0.00004,0.000079,0.000079,0.000119
AAACGGGCGTACGGGT-1,0.000038,0.000038,0.000038,0.046917,0.62286,0.184678,0.145433
AAACGGGTTGGTATCC-1,0.299991,0.050253,0.000085,0.000085,0.00017,0.064041,0.585376
AAACGGTTGCGAACTG-1,0.052124,0.00008,0.251609,0.041887,0.493126,0.000161,0.161012
AAACGTGTTCGCCCTA-1,0.000054,0.000054,0.436867,0.29332,0.201761,0.000108,0.067836
AAACTAACGTGGCGAC-1,0.159529,0.0125,0.000108,0.000108,0.704066,0.000216,0.123473
AAACTCGGTTCGCAAT-1,0.000028,0.000028,0.247991,0.394325,0.042503,0.158006,0.157118
AAACTCGTGATATAAG-1,0.09964,0.000057,0.105548,0.157187,0.567188,0.011864,0.058516
AAACTGCTGGCTCCAA-1,0.024758,0.000052,0.104997,0.450081,0.203853,0.120798,0.09546
AAACTTAATTGCACGC-1,0.015903,0.000018,0.054258,0.24637,0.017983,0.443148,0.222319
AAACTTGCAAACGTAT-1,0.000048,0.000048,0.01756,0.446274,0.272908,0.007357,0.255805
AAAGAATGACCTTAGA-1,0.066337,0.000023,0.000023,0.02562,0.388798,0.375804,0.143396
AAAGAATGTGGACTAA-1,0.155147,0.000036,0.000036,0.000252,0.275268,0.567164,0.002096
AAAGACTGGGCGCTTT-1,0.000024,0.000024,0.045079,0.485319,0.017082,0.000049,0.452422
AAAGCTTGCCTACATA-1,0.026239,0.00003,0.199845,0.259859,0.129774,0.16573,0.218522
AAAGGCCCTATAATAC-1,0.067984,0.000021,0.479625,0.023229,0.020562,0.19184,0.21674
AAAGGCTACGGACCAT-1,0.536176,0.000118,0.000118,0.000118,0.000236,0.118071,0.345163
AAAGGCTCTCGCGCCG-1,0.178529,0.021798,0.00027,0.00027,0.448854,0.34947,0.000809
AAAGGGATGTAGCAAG-1,0.109162,0.030529,0.000145,0.000145,0.200518,0.00029,0.659212
AAAGGGCAGCTTGAAT-1,0.000029,0.002749,0.000029,0.004703,0.001047,0.000542,0.990901
AAAGGTAAGCTGTACC-1,0.010002,0.002376,0.000048,0.098001,0.251835,0.210352,0.427386
AAAGTAGCATTGCTCA-1,0.000052,0.000052,0.497959,0.100911,0.157627,0.042672,0.200726
AAAGTCGACCCTCAGT-1,0.000027,0.000027,0.145136,0.028977,0.093306,0.137857,0.59467
AAAGTGCCATCAATTA-1,0.95452,0.000072,0.04483,0.000072,0.000145,0.000145,0.000217
AAAGTGTGATTTATCT-1,0.041665,0.00006,0.021677,0.27416,0.580494,0.081763,0.000181
AAAGTTGACTCCCGTA-1,0.043035,0.000021,0.000021,0.013932,0.070156,0.487142,0.385693
AAATAACCATACGGGA-1,0.030821,0.000114,0.094097,0.145831,0.642579,0.000229,0.086328
AAATAAGGTAGTGCCC-1,0.026276,0.003461,0.066836,0.256115,0.2735,0.186079,0.187733
AAATACCTATAAGCAT-1,0.00004,0.00004,0.009374,0.543796,0.067802,0.120583,0.258365
AAATAGCTTAGACTTT-1,0.034985,0.000046,0.350099,0.088345,0.499214,0.027173,0.000138
AAATAGGGTGCTATTG-1,0.000013,0.000013,0.000013,0.000237,0.000026,0.227857,0.77184
AAATCCGATACACGCC-1,0.008801,0.000035,0.000035,0.078658,0.685171,0.115597,0.111704
AAATCGCGGAAGGAGT-1,0.012536,0.000011,0.003072,0.086488,0.000022,0.431897,0.465975
AAATCGTGTACCACAA-1,0.107152,0.000094,0.000094,0.162952,0.141395,0.284991,0.303322
AAATCTAGCCCTGCTA-1,0.226193,0.000027,0.036179,0.200992,0.080142,0.192227,0.264239
AAATCTGCCCGCGTCC-1,0.012438,0.000011,0.205394,0.000306,0.000022,0.546368,0.235461
AAATGACTGATCAAAC-1,0.058719,0.00006,0.134958,0.237052,0.528797,0.008739,0.031673
AAATGATTCGATCAGC-1,0.042282,0.000048,0.097855,0.174715,0.34254,0.234488,0.108073
AAATGCTCGTTACGTT-1,0.000058,0.000058,0.184973,0.098597,0.103932,0.000116,0.612266
AAATGGCATGTCTTGT-1,0.111489,0.000315,0.000315,0.000315,0.530858,0.18554,0.17117
AAATGGCCCGTGCCCT-1,0.000034,0.000034,0.05644,0.323821,0.089909,0.133864,0.395898
AAATGGTCAATGTGCC-1,0.072362,0.047292,0.000106,0.000106,0.632454,0.007981,0.239697
AAATGTATCTTATCCC-1,0.026413,0.000015,0.034128,0.008636,0.496976,0.200903,0.23293
AAATTAACGGGTAGCT-1,0.195573,0.01144,0.000185,0.000185,0.748073,0.00037,0.044176
AAATTAATAAGCGCGA-1,0.000017,0.00663,0.069098,0.476919,0.010787,0.065565,0.370985
AAATTACACGACTCTG-1,0.070804,0.000095,0.057185,0.000095,0.601571,0.000189,0.270061
AAATTACCTATCGATG-1,0.000031,0.000031,0.00136,0.382352,0.068847,0.082785,0.464593
AAATTCCAGGTCCAAA-1,0.042249,0.000037,0.118015,0.20362,0.446103,0.168729,0.021248
AAATTGATAGTCCTTT-1,0.000036,0.000036,0.048692,0.09824,0.015277,0.193392,0.644326
AAATTGCGGCGGTTCT-1,0.788122,0.000471,0.000471,0.000471,0.000942,0.000942,0.20858
AAATTGGTGAGAAGCA-1,0.092002,0.000057,0.000057,0.040303,0.366597,0.408636,0.092349
AAATTTGCGGGTGTGG-1,0.000029,0.000029,0.000029,0.085142,0.045099,0.095608,0.774064
AACAACTGGTAGTTGC-1,0.00005,0.005814,0.028492,0.218304,0.026226,0.000101,0.721013
AACAATACATTGTCGA-1,0.000026,0.000026,0.251041,0.236964,0.114661,0.123504,0.273777
AACAATTACTCTACGC-1,0.000058,0.000058,0.198045,0.398208,0.120998,0.000117,0.282515
AACACACGCTCGCCGC-1,0.086397,0.000036,0.029524,0.017988,0.415931,0.345821,0.104302
AACACGAGACGCGGCC-1,0.000035,0.000035,0.120124,0.013174,0.471976,0.001012,0.393644
AACAGCTGTGTGGCAA-1,0.005517,0.00003,0.225559,0.246662,0.164706,0.137999,0.219527
AACAGGAAATCGAATA-1,0.127746,0.000068,0.017524,0.000068,0.016569,0.022815,0.815211
AACAGGATGGGCCGCG-1,0.230312,0.000068,0.179172,0.001978,0.000136,0.000136,0.588198
AACAGGTAGTATGGAT-1,0.520629,0.000063,0.000063,0.000063,0.376949,0.102041,0.00019
AACATAGCGTGTATCG-1,0.000021,0.000021,0.20034,0.42902,0.069724,0.225364,0.07551
AACATATCAACTGGTG-1,0.119532,0.000025,0.000025,0.036351,0.122865,0.407431,0.313772
AACATCGATACGTCTA-1,0.000059,0.000059,0.000059,0.4204,0.412846,0.030631,0.135946
AACATTGAAGTTGATC-1,0.000022,0.000022,0.004109,0.231436,0.003941,0.259899,0.500571
AACATTGGTCAGCCGT-1,0.626151,0.058131,0.000344,0.000344,0.000689,0.131908,0.182433
AACATTGTGACTCGAG-1,0.059208,0.000034,0.104775,0.066756,0.064603,0.286315,0.418309
AACCAAGACTTCTCTG-1,0.049842,0.000052,0.000052,0.183102,0.265577,0.009511,0.491864
AACCAGTATCACTCTT-1,0.075116,0.000053,0.038259,0.060484,0.000107,0.061702,0.764279
AACCATAGGGTTGAAC-1,0.000008,0.000008,0.000008,0.021551,0.000017,0.391019,0.587388
AACCATGGGATCGCTA-1,0.016289,0.018373,0.090902,0.000119,0.873719,0.000239,0.000358
AACCCAGAGACGGAGA-1,0.357757,0.000258,0.000258,0.000258,0.000517,0.059234,0.581717
AACCCATCCCATGATC-1,0.048521,0.000045,0.002165,0.257292,0.168317,0.317997,0.205664
AACCCGACAACCCGTG-1,0.005108,0.000037,0.171259,0.115123,0.07713,0.287648,0.343694
AACCCGAGCAGAATCG-1,0.232247,0.000049,0.042864,0.08011,0.644486,0.000098,0.000146
AACCCGATAGGGCTTC-1,0.258594,0.029667,0.000144,0.000144,0.533617,0.158316,0.019517
AACCCGCTGTATTCCA-1,0.066098,0.000032,0.693792,0.000032,0.084526,0.155426,0.000095
AACCCTACTGTCAATA-1,0.007353,0.000022,0.000022,0.066979,0.031886,0.27212,0.621619
AACCGAGCTTGGTCAT-1,0.000054,0.000054,0.178944,0.057648,0.352355,0.040086,0.37086
AACCGCTAAGGGATGC-1,0.037661,0.000046,0.000046,0.446542,0.438015,0.077551,0.000139
AACCGTTGTGTTTGCT-1,0.082943,0.000112,0.006171,0.010473,0.000224,0.000224,0.899854
AACCTCGCTTTAGCCC-1,0.000036,0.000036,0.034619,0.689523,0.140102,0.076972,0.058711
AACCTGTCACGGAATT-1,0.059328,0.000036,0.000036,0.077802,0.323971,0.379038,0.159789
AACCTTTAAATACGGT-1,0.000047,0.000047,0.016461,0.156305,0.307507,0.077137,0.442498
AACCTTTACGACGTCT-1,0.00002,0.003226,0.00002,0.000384,0.00004,0.139659,0.85665
AACGAAAGTCGTCCCA-1,0.072698,0.00002,0.532848,0.065698,0.012127,0.211627,0.104982
AACGACCTCCTAGCCG-1,0.844783,0.000028,0.154963,0.000028,0.000056,0.000056,0.000085
AACGATAATGCCGTAG-1,0.000046,0.000046,0.01575,0.024703,0.281597,0.362544,0.315313
AACGATAGAAGGGCCG-1,0.360182,0.000322,0.000322,0.000322,0.16976,0.26931,0.199781
AACGATATGTCAACTG-1,0.000037,0.000037,0.077411,0.486571,0.011418,0.015465,0.409062
AACGCATGATCTGGGT-1,0.015791,0.000064,0.117345,0.374356,0.351541,0.122213,0.01869
AACGCGAACGGCAACA-1,0.337938,0.000306,0.000306,0.000306,0.088444,0.253208,0.319491
AACGCGACCTTGGGCG-1,0.117767,0.000058,0.050345,0.094967,0.112634,0.25381,0.370419
AACGCGGTCTCCAGCC-1,0.061129,0.012927,0.000137,0.004047,0.588836,0.000274,0.332651
AACGCTGTTGCTGAAA-1,0.094019,0.000034,0.006109,0.129098,0.196058,0.280343,0.29434
AACGGACGTACGTATA-1,0.000019,0.000019,0.000019,0.037328,0.084464,0.166584,0.711567
AACGGCCATCTCCGGT-1,0.000033,0.000033,0.066852,0.070849,0.140845,0.042219,0.679169
AACGTACTGTGGGTAC-1,0.000059,0.000059,0.413637,0.102463,0.112391,0.000117,0.371275
AACGTCAGACTAGTGG-1,0.000078,0.000078,0.344936,0.091874,0.144923,0.000156,0.417955
AACGTCATCCGGCTTG-1,0.049393,0.000032,0.155463,0.057108,0.054205,0.268513,0.415286
AACGTCGCTGCACTTC-1,0.281242,0.000083,0.017277,0.000083,0.275792,0.425277,0.000248
AACGTGCGAAAGTCTC-1,0.000055,0.000055,0.025908,0.321095,0.413319,0.053329,0.186241
AACGTTATCAGCACCT-1,0.000015,0.000015,0.151414,0.005669,0.009276,0.011259,0.822352
AACGTTCTACCATTGT-1,0.999452,0.000055,0.000055,0.000055,0.00011,0.00011,0.000165
AACTACCCGTTTGTCA-1,0.489148,0.000051,0.001573,0.005317,0.448501,0.055258,0.000153
AACTAGGCTTGGGTGT-1,0.000116,0.000116,0.229586,0.031779,0.642318,0.039065,0.05702
AACTCAAGTTAATTGC-1,0.045502,0.000044,0.496199,0.01304,0.074893,0.000087,0.370233
AACTCCAGAGCGTGTT-1,0.018045,0.000028,0.047429,0.180211,0.132058,0.127108,0.495121
AACTCCTAATCCCATG-1,0.138881,0.00012,0.00012,0.00012,0.651923,0.001823,0.207012
AACTCGATAAACACGT-1,0.586345,0.000368,0.000368,0.000368,0.000736,0.050418,0.361397
AACTCGATGGCGCAGT-1,0.11629,0.253739,0.00035,0.00035,0.351585,0.000699,0.276987
AACTCTCAATAGAGCG-1,0.000053,0.002494,0.017299,0.368527,0.561567,0.001827,0.048233
AACTCTCAGTGTGCTC-1,0.000075,0.000075,0.098705,0.077118,0.383516,0.072035,0.368476
AACTGAGGTCAGCGTC-1,0.097685,0.000125,0.000125,0.000125,0.630765,0.049594,0.221583
AACTGAGTTATACTGA-1,0.369931,0.00006,0.00006,0.00006,0.021015,0.572274,0.0366
AACTGATATTAGGCCT-1,0.289863,0.000226,0.000226,0.000226,0.298502,0.066242,0.344714
AACTGGGTCCCGACGT-1,0.145988,0.00018,0.00018,0.00018,0.221522,0.095642,0.536309
AACTTCTGCGTCTATC-1,0.000045,0.000045,0.010351,0.335003,0.02801,0.00009,0.626456
AACTTGCCCGTATGCA-1,0.000039,0.000039,0.046863,0.171433,0.03566,0.000079,0.745887
AACTTGCGTTCTCGCG-1,0.000033,0.000033,0.000033,0.003127,0.015911,0.106686,0.874178
AACTTTACGGGAGCTT-1,0.003263,0.000012,0.060673,0.177772,0.003531,0.132757,0.621993
AACTTTCTCGATCATG-1,0.019832,0.000028,0.626989,0.015054,0.002841,0.013514,0.321742
AAGAAATCACCAGATT-1,0.010976,0.000036,0.079293,0.43554,0.276766,0.005688,0.191702
AAGAAGGATCAGTTAG-1,0.083111,0.000053,0.844855,0.000053,0.071039,0.000106,0.000784
AAGACATACGTGGTTT-1,0.523147,0.000055,0.243053,0.01362,0.219852,0.000109,0.000164
AAGACCAAATAACTCA-1,0.041268,0.000019,0.306246,0.248254,0.095131,0.282291,0.026792
AAGACCCAACTGAACA-1,0.071872,0.000034,0.057536,0.023381,0.065828,0.18609,0.59526
AAGACTAACCCGTTGT-1,0.371204,0.000548,0.000548,0.000548,0.001095,0.001095,0.624962
AAGACTGCAAGCTACT-1,0.048905,0.000106,0.000106,0.051379,0.436121,0.128996,0.334386
AAGAGATGAATCGGTA-1,0.002037,0.000046,0.378212,0.06495,0.000093,0.000093,0.554569
AAGAGCTCTTTATCGG-1,0.000031,0.000031,0.000031,0.043795,0.077849,0.171136,0.707126
AAGAGGATGTACGCGA-1,0.09817,0.03159,0.000059,0.000059,0.006217,0.145927,0.717978
AAGAGGCATGGATCGC-1,0.000036,0.000036,0.140449,0.232599,0.081668,0.147538,0.397675
AAGAGGCCCTTTGGAA-1,0.083405,0.000042,0.297925,0.023104,0.595312,0.000085,0.000127
AAGATGGCACCGGACC-1,0.000043,0.000043,0.114885,0.243276,0.173027,0.011786,0.45694
AAGATTGGCGGAACGT-1,0.000051,0.000051,0.22491,0.519849,0.247726,0.000102,0.007312
AAGCACCCTGCGTATC-1,0.267932,0.000091,0.006936,0.000092,0.42881,0.149583,0.146556
AAGCATACTCTCCTGA-1,0.000034,0.000034,0.264428,0.009216,0.121519,0.317553,0.287215
AAGCCACTTGCAGGTA-1,0.000029,0.000029,0.228259,0.063039,0.114682,0.570022,0.023939
AAGCCGAAGCGGTTTA-1,0.075459,0.000054,0.014235,0.007736,0.902244,0.000109,0.000163
AAGCCGCCGTGAAATC-1,0.000016,0.000016,0.126783,0.040287,0.019941,0.25744,0.555519
AAGCCGCTTTACCTTG-1,0.000031,0.000031,0.000031,0.488928,0.053207,0.098631,0.359142
AAGCCGGAGAGCAGGA-1,0.999495,0.000051,0.000051,0.000051,0.000101,0.000101,0.000152
AAGCGCAGGGCTTTGA-1,0.000031,0.000031,0.028167,0.401961,0.082253,0.333917,0.15364
AAGCGGAGTGCGCGCA-1,0.000045,0.000045,0.105082,0.412017,0.408137,0.000091,0.074584
AAGCGGCGTCATGGGT-1,0.238599,0.00007,0.00007,0.00007,0.10576,0.266394,0.389036
AAGCGTCCCTCATCGA-1,0.00004,0.00004,0.011008,0.002635,0.041618,0.161367,0.783292
AAGCTAGATCGAGTAA-1,0.000069,0.000069,0.27996,0.184356,0.526833,0.000137,0.008576
AAGCTCGTGCCAAGTC-1,0.000029,0.000029,0.205359,0.000031,0.006585,0.036672,0.751295
AAGCTCTTTCATGGTG-1,0.000054,0.000054,0.005911,0.136287,0.442809,0.368292,0.046593
AAGGAGCGGTTGGTGC-1,0.000134,0.032182,0.000134,0.041389,0.866182,0.000267,0.059712
AAGGATCGATCGCTTG-1,0.110051,0.000045,0.20048,0.085858,0.593025,0.010405,0.000135
AAGGATGAGGGACCTC-1,0.000038,0.000038,0.058597,0.373411,0.249951,0.085713,0.232251
AAGGCAGGCTGTCTCC-1,0.119164,0.000058,0.07726,0.065976,0.635261,0.101118,0.001163
AAGGCGCGTAAAGCTT-1,0.000051,0.000051,0.01505,0.050381,0.181178,0.085461,0.667827
AAGGCTGTGCTCATCG-1,0.000114,0.000114,0.000114,0.029391,0.744518,0.000227,0.225523
AAGGGAACGACTGGCT-1,0.018552,0.000022,0.000022,0.085167,0.313705,0.214645,0.367887
AAGGGACAGATTCTGT-1,0.000033,0.000033,0.109795,0.359739,0.019061,0.040782,0.470555
AAGGGACTATGCATTC-1,0.000027,0.000027,0.272254,0.2776,0.118161,0.091495,0.240436
AAGGGTTAGCCATGCG-1,0.999524,0.000048,0.000048,0.000048,0.000095,0.000095,0.000143
AAGGGTTTGATTTCAG-1,0.062565,0.002296,0.000041,0.000041,0.09994,0.714839,0.120279
AAGGTATCCTAATATA-1,0.000037,0.000037,0.000037,0.210766,0.13915,0.057962,0.592012
AAGGTGATAAACCAGC-1,0.009963,0.000029,0.027841,0.186587,0.23855,0.180659,0.356371
AAGTAGAAGACCGGGT-1,0.199002,0.000277,0.000277,0.000277,0.397577,0.152628,0.249961
AAGTAGTGACGCGAGG-1,0.000021,0.000021,0.000021,0.000021,0.000043,0.000043,0.999829
AAGTCAATTGTCGTCA-1,0.029791,0.000041,0.000041,0.23454,0.304268,0.215884,0.215436
AAGTCTAGTAGCTGCC-1,0.005702,0.000044,0.209774,0.395436,0.202886,0.083037,0.10312
AAGTCTTCTGTGGCCT-1,0.039685,0.000047,0.132794,0.281761,0.294175,0.18571,0.065829
AAGTGACGACCGAATT-1,0.000046,0.000046,0.576034,0.000046,0.000091,0.000091,0.423647
AAGTGAGTCGGGTTTA-1,0.018842,0.000092,0.074016,0.135275,0.771313,0.000185,0.000277
AAGTGCAAAGGTAGAC-1,0.000012,0.020207,0.000012,0.103264,0.140684,0.059948,0.675874
AAGTGCCTTGACTGTA-1,0.199965,0.000064,0.210152,0.015502,0.546395,0.027728,0.000193
AAGTGCGTTAGAATCT-1,0.088268,0.000078,0.038292,0.198754,0.378598,0.011592,0.284418
AAGTGCTTCTCTATTG-1,0.000026,0.000026,0.090709,0.013765,0.069118,0.450765,0.375591
AAGTGTTTGGAGACGG-1,0.012459,0.000052,0.347946,0.066124,0.481918,0.000104,0.091397
AAGTTCACTCCAAGCT-1,0.000035,0.000035,0.259439,0.219829,0.152673,0.185852,0.182138
AAGTTCAGTCTGCGTA-1,0.000029,0.000029,0.000029,0.004499,0.166471,0.058377,0.770566
AAGTTCGGCCAACAGG-1,0.000054,0.000054,0.007672,0.187875,0.247776,0.0026,0.553969
AAGTTGTGATGTTATA-1,0.081166,0.00006,0.001741,0.236928,0.507046,0.165607,0.007454
AAGTTTATGGGCCCAA-1,0.000025,0.000025,0.077526,0.390293,0.084563,0.279119,0.168449
AATAACAACGCTCGGC-1,0.000031,0.000031,0.158209,0.120971,0.000062,0.000062,0.720633
AATAACACTAGAACAA-1,0.02108,0.000057,0.000057,0.016322,0.361801,0.139797,0.460885
AATAACGTCGCGCCCA-1,0.423363,0.000037,0.105765,0.008013,0.0618,0.257427,0.143595
AATAATCTTCGTATCG-1,0.446156,0.000066,0.200833,0.000066,0.270479,0.0822,0.000199
AATACAATGTTTCAGG-1,0.000038,0.000038,0.026713,0.24299,0.003018,0.000077,0.727125
AATACCGGAGGGCTGT-1,0.000022,0.000022,0.173002,0.01305,0.012006,0.280839,0.521058
AATACCTGATGTGAAC-1,0.063569,0.00708,0.123307,0.000017,0.002623,0.765032,0.038371
AATAGAACAGAGTGGC-1,0.00007,0.242349,0.216542,0.00007,0.467674,0.001719,0.071575
AATAGAATCTGTTTCA-1,0.00201,0.000022,0.028473,0.127372,0.118042,0.407643,0.316438
AATAGCAAGCCTCCTG-1,0.178553,0.000106,0.000106,0.011858,0.686047,0.048698,0.074632
AATAGCTACCGCGTGC-1,0.041603,0.000065,0.02596,0.380893,0.363956,0.16518,0.022344
AATAGGCACGACCCTT-1,0.010161,0.000019,0.27751,0.065148,0.01629,0.284483,0.346389
AATAGTCCGTCCCGAC-1,0.055301,0.000146,0.000146,0.000146,0.681256,0.146203,0.1168
AATAGTCGCGAGTCGG-1,0.000011,0.000011,0.127946,0.039324,0.06499,0.062798,0.70492
AATATCAAGGTCGGAT-1,0.057005,0.000088,0.092009,0.06963,0.018307,0.013469,0.749492
AATATCCTAGCAAACT-1,0.077337,0.000037,0.009099,0.291333,0.202158,0.225843,0.194194
AATATCGAATCAATGC-1,0.177755,0.000046,0.009663,0.098992,0.61308,0.098661,0.001803
AATATCGAGGGTTCTC-1,0.024628,0.000044,0.000044,0.417179,0.204684,0.086726,0.266696
AATATTGGAGTATTGA-1,0.000062,0.000062,0.000062,0.392264,0.032305,0.000123,0.575123
AATCAGACTGCAGGAC-1,0.633517,0.000554,0.000554,0.000554,0.044004,0.091727,0.229089
AATCAGGTTTCATTTA-1,0.000029,0.000029,0.000029,0.000029,0.000058,0.616989,0.382837
AATCATGTAAAGACTC-1,0.108907,0.000051,0.000051,0.034565,0.744534,0.111736,0.000154
AATCCAAGGGCCTGAG-1,0.051725,0.000136,0.000136,0.000136,0.196093,0.000272,0.751501
AATCCATGCAAGGGTG-1,0.169827,0.000354,0.000354,0.000354,0.300363,0.393671,0.135078
AATCCCGCTCAGAGCC-1,0.066329,0.000016,0.181473,0.03175,0.016914,0.30124,0.402279
AATCGAGGTCTCAAGG-1,0.056743,0.00003,0.010333,0.002212,0.295038,0.519219,0.116426
AATCGCCTCAGCGCCA-1,0.000066,0.000066,0.124852,0.394867,0.388068,0.011305,0.080775
AATCGCGCAGAGGACT-1,0.102827,0.00005,0.140499,0.014759,0.630832,0.102061,0.008972
AATCGGTATAGCCCTC-1,0.042898,0.000039,0.031999,0.00818,0.200276,0.473739,0.242869
AATCGTGAGCCGAGCA-1,0.000012,0.000012,0.000012,0.010284,0.068025,0.015977,0.905678
AATCTAGGTTTACTTG-1,0.000029,0.000029,0.025608,0.161631,0.020475,0.319865,0.472364
AATCTATGCCGGAGCC-1,0.271087,0.000044,0.332047,0.019741,0.194067,0.169529,0.013485
AATCTCTACTGTGGTT-1,0.002721,0.000025,0.38663,0.186029,0.040657,0.11578,0.268158
AATCTGCGTTGGGACG-1,0.006145,0.000036,0.253838,0.016053,0.356921,0.000071,0.366936
AATCTGGCTTTCTAGT-1,0.027049,0.000036,0.241277,0.063228,0.087727,0.224764,0.355918
AATGACAGCAATGTCT-1,0.00006,0.00006,0.051297,0.441824,0.115946,0.010939,0.379874
AATGACGTAGGATGTC-1,0.00004,0.00004,0.233777,0.157742,0.103839,0.133256,0.371307
AATGACTGTCAGCCGG-1,0.058412,0.000146,0.147157,0.000146,0.793409,0.000292,0.000438
AATGAGTTCGCATATG-1,0.000046,0.000046,0.168081,0.123696,0.012782,0.009234,0.686115
AATGATGATACGCTAT-1,0.026482,0.000036,0.078456,0.234609,0.161659,0.010288,0.48847
AATGATGCGACTCCTG-1,0.071977,0.000056,0.218624,0.131076,0.363302,0.185596,0.02937
AATGCAACCGGGTACC-1,0.293541,0.054627,0.000235,0.000235,0.00047,0.140507,0.510385
AATGCACCAAGCAATG-1,0.000056,0.000056,0.154124,0.340363,0.362492,0.000112,0.142796
AATGGCCGCCAATGCG-1,0.063365,0.000053,0.004597,0.082513,0.008742,0.100959,0.739771
AATGGTCCACCGTTCA-1,0.000016,0.000016,0.004322,0.032515,0.000031,0.000968,0.962132
AATGGTTCTCACAAGC-1,0.000075,0.000075,0.317886,0.004189,0.292514,0.000149,0.385113
AATGTATGGCACTGTA-1,0.000009,0.000009,0.00066,0.000009,0.000019,0.475396,0.523897
AATGTGCCCGAGGTGT-1,0.000047,0.000047,0.230301,0.400753,0.069546,0.00313,0.296177
AATGTGCTAATCTGAG-1,0.023407,0.000028,0.211195,0.079807,0.083225,0.451927,0.150412
AATGTTAAGACCCTGA-1,0.044735,0.000028,0.433638,0.088023,0.103787,0.306321,0.023467
AATGTTGTCGTGAGAC-1,0.08203,0.000048,0.173953,0.131046,0.413929,0.156982,0.042013
AATTAAAGGTCGGCGT-1,0.015574,0.000117,0.083636,0.000117,0.553126,0.000233,0.347198
AATTAACGGATTTCCA-1,0.000535,0.000058,0.000058,0.254284,0.180912,0.302294,0.26186
AATTACGAGACCCATC-1,0.094082,0.000013,0.088944,0.024065,0.000026,0.387156,0.405715
AATTACTCGTACGCTC-1,0.000061,0.000061,0.549188,0.002867,0.250209,0.000123,0.19749
AATTAGCGCTGCAGCG-1,0.00005,0.00005,0.00005,0.102153,0.373215,0.280741,0.243741
AATTATACCCAGCAAG-1,0.031068,0.000023,0.016574,0.329125,0.161244,0.418895,0.043072
AATTCATAAGGGATCT-1,0.000057,0.000057,0.165987,0.303053,0.292957,0.111542,0.126348
AATTCATTGTCATGCA-1,0.060402,0.000013,0.139408,0.052024,0.000026,0.281978,0.466149
AATTCCAACTTGGTGA-1,0.509851,0.007853,0.018465,0.000399,0.000798,0.22116,0.241475
AATTCCAAGCATGTAC-1,0.16459,0.000118,0.02895,0.050829,0.754924,0.000236,0.000354
AATTCGATTCGAGGAT-1,0.127701,0.000021,0.470213,0.000021,0.023709,0.375983,0.002352
AATTCTAGAGTTAGGC-1,0.035628,0.00009,0.00009,0.043527,0.469544,0.029299,0.421822
AATTGAACGCTCTGGT-1,0.000021,0.013112,0.253553,0.207428,0.030968,0.058125,0.436792
AATTGCAGCAATCGAC-1,0.258735,0.036881,0.000046,0.0001,0.434404,0.141827,0.128007
AATTGCGTGGATTACA-1,0.000041,0.000041,0.12637,0.030682,0.433749,0.408995,0.000122
AATTGTGGTTGCCAAA-1,0.691178,0.000041,0.04167,0.000478,0.266428,0.000082,0.000123
AATTTGGGACATAGTA-1,0.000145,0.000145,0.000145,0.031019,0.741636,0.00029,0.22662
ACAAACCATGCGTCCT-1,0.024365,0.000017,0.154038,0.143839,0.174842,0.32268,0.180218
ACAAACTCCATCAGAG-1,0.014729,0.000014,0.000014,0.003354,0.000029,0.680731,0.301129
ACAAAGAAGGTAGGCC-1,0.00211,0.000025,0.000025,0.353272,0.03535,0.359639,0.24958
ACAAAGCATGACCTAG-1,0.011956,0.018844,0.213046,0.047093,0.569552,0.110862,0.028649
ACAAATCGCACCGAAT-1,0.014381,0.000026,0.537361,0.033606,0.147309,0.139684,0.127632
ACAAATGGTAGTGTTT-1,0.025923,0.000016,0.0017,0.005617,0.080224,0.246292,0.640228
ACAAATTCAGATCTGA-1,0.079644,0.00004,0.056254,0.032876,0.00008,0.267564,0.563543
ACAACAGCATGAGCTA-1,0.00003,0.00003,0.238515,0.020076,0.040884,0.028444,0.672021
ACAACGGTCCCTGCGA-1,0.000043,0.000043,0.000043,0.253803,0.012015,0.000087,0.733965
ACAAGCAGTGCCTAGC-1,0.00005,0.048915,0.063669,0.382717,0.115341,0.0001,0.389209
ACAAGCTATATGGAAG-1,0.000025,0.000025,0.00363,0.147077,0.120613,0.264392,0.464238
ACAAGGAAATCCGCCC-1,0.000047,0.000047,0.188297,0.073556,0.224447,0.089307,0.424299
ACAAGGACAAGAGGTT-1,0.000032,0.000032,0.022981,0.044715,0.006527,0.001303,0.924411
ACAAGGATGCTTTAGG-1,0.000021,0.000021,0.007659,0.087261,0.117368,0.321237,0.466433
ACAAGGGCAGGCTCTG-1,0.000026,0.000026,0.046366,0.10819,0.038422,0.098062,0.708908
ACAATAGTCGTACGTT-1,0.000068,0.000068,0.000068,0.552059,0.110764,0.004687,0.332286
ACAATCCATTTAAACC-1,0.000038,0.000038,0.07745,0.356588,0.007861,0.000076,0.557949
ACAATGAATACGGAGA-1,0.00003,0.00003,0.445368,0.068294,0.15777,0.080766,0.247741
ACAATGATTCTTCTAC-1,0.059871,0.000074,0.000074,0.000074,0.491667,0.403208,0.045031
ACAATTGTGTCTCTTT-1,0.033219,0.000021,0.007896,0.004428,0.105077,0.374004,0.475354
ACAATTTAGGAGGCTC-1,0.000012,0.000012,0.064837,0.127225,0.000133,0.224003,0.583778
ACAATTTGAGCAGTGG-1,0.000072,0.000072,0.049586,0.568936,0.34994,0.021653,0.009741
ACAATTTGGCCATATT-1,0.167312,0.000074,0.066397,0.122583,0.581349,0.062064,0.000221
ACACAAAGACGGGTGG-1,0.131481,0.000154,0.000154,0.000154,0.179173,0.066708,0.622176
ACACAAATATTCCTAG-1,0.000055,0.000034,0.2404,0.033951,0.357504,0.06005,0.308006
ACACACCAGGACCAGT-1,0.058712,0.000043,0.272076,0.08786,0.254961,0.054845,0.271503
ACACACTTTCTACACG-1,0.305426,0.000265,0.000265,0.000265,0.169422,0.212675,0.311682
ACACATGATCAAATCT-1,0.001096,0.001379,0.210868,0.025048,0.062828,0.403896,0.294885
ACACATTGACGCAACA-1,0.083676,0.000084,0.300015,0.000084,0.499147,0.000168,0.116826
ACACATTTCCGTAGAC-1,0.000014,0.000014,0.000036,0.002598,0.000027,0.269772,0.727539
ACACCACATAATTAGC-1,0.047981,0.000025,0.102485,0.003874,0.169325,0.467362,0.208948
ACACCCAGCATGCAGC-1,0.04411,0.000124,0.029887,0.032547,0.161634,0.000248,0.73145
ACACCCGAGAAATCCG-1,0.328731,0.075255,0.000113,0.000113,0.223482,0.000227,0.372078
ACACCGAGCGCTCTTT-1,0.000016,0.000016,0.000016,0.014745,0.000032,0.040446,0.944729
ACACCGGTCTGACCGC-1,0.014534,0.001539,0.292413,0.001692,0.014464,0.409174,0.266185
ACACCTTAAGTAGGGC-1,0.000138,0.000138,0.000138,0.055558,0.737979,0.000277,0.205771
ACACCTTACTACTTGC-1,0.346124,0.000056,0.000056,0.05004,0.387377,0.216179,0.000168
ACACGAGACTCCTTCT-1,0.009975,0.000057,0.249248,0.286682,0.108827,0.01965,0.325561
ACACGGGAACTTAGGG-1,0.000037,0.000037,0.091331,0.162402,0.006045,0.086154,0.653993
ACACGTAGGCCACAAG-1,0.234768,0.000054,0.000054,0.005318,0.759538,0.000108,0.000161
ACACTCCAATGTCACT-1,0.066702,0.000093,0.020924,0.01204,0.1404,0.000186,0.759656
ACACTGATCAAGGTGT-1,0.000117,0.000117,0.023005,0.015625,0.789875,0.000234,0.171026
ACACTGGGACAGTCGT-1,0.591551,0.000066,0.000066,0.000066,0.407918,0.000133,0.000199
ACAGAACTGAGAACAA-1,0.000032,0.000032,0.190835,0.289089,0.024619,0.043015,0.452377
ACAGCGACATTCTCAT-1,0.284649,0.000053,0.000053,0.052883,0.524271,0.133927,0.004165
ACAGCGCACCCGCAGC-1,0.11704,0.000066,0.001249,0.055778,0.000131,0.000131,0.825605
ACAGGAGGCGCAGCCG-1,0.426815,0.000106,0.000106,0.000106,0.000212,0.207427,0.365227
ACAGGCACGGATCCTT-1,0.047948,0.008619,0.160771,0.163617,0.129855,0.375422,0.113767
ACAGGCTTGCCCGACT-1,0.001458,0.000022,0.077831,0.126179,0.131664,0.243193,0.419653
ACAGGTGGAGGTGAGG-1,0.000043,0.000043,0.000043,0.103471,0.119092,0.06069,0.716619
ACAGGTGTGTTGTTGC-1,0.000042,0.000042,0.000042,0.005733,0.270185,0.574131,0.149825
ACAGTAATACAACTTG-1,0.012403,0.011339,0.000033,0.123797,0.245281,0.166633,0.440514
ACAGTATACCGTGGGA-1,0.000018,0.000018,0.000018,0.028062,0.016522,0.019238,0.936125
ACATAAGTCGTGGTGA-1,0.004035,0.002013,0.000012,0.031174,0.000024,0.49516,0.467583
ACATAATAAGGCGGTG-1,0.284453,0.000325,0.000325,0.000325,0.372655,0.054072,0.287846
ACATACAATCAAGCGG-1,0.019453,0.000045,0.000045,0.137541,0.540688,0.24926,0.052968
ACATCAGCTGGGACGC-1,0.000027,0.000027,0.111888,0.332014,0.096797,0.109013,0.350234
ACATCCCGGCCATACG-1,0.087112,0.000233,0.000233,0.071314,0.752421,0.000466,0.08822
ACATCCTGGTAACTGT-1,0.146097,0.00007,0.150226,0.232909,0.337215,0.123908,0.009575
ACATCGATCGTTTACC-1,0.05634,0.000132,0.482493,0.008956,0.35093,0.000264,0.100886
ACATCGGTCAGCCGCG-1,0.000037,0.000037,0.023341,0.017726,0.076103,0.001631,0.881124
ACATCGTATGCAATGG-1,0.000032,0.000032,0.497268,0.081433,0.212283,0.081391,0.127562
ACATGCTTACGGCAGC-1,0.000021,0.000021,0.010521,0.258013,0.056364,0.522866,0.152194
ACATGGCGCCAAAGTA-1,0.12628,0.000039,0.00474,0.141126,0.426532,0.221244,0.080037
ACATGGCTCAATTTAG-1,0.084211,0.000227,0.037751,0.000227,0.594477,0.000453,0.282654
ACATTAGTTTATATCC-1,0.000113,0.000113,0.447154,0.010747,0.518078,0.000225,0.02357
ACATTCGCGCGGAATA-1,0.000049,0.000049,0.004957,0.000049,0.451081,0.54367,0.000146
ACATTTGAAACCTAAC-1,0.047852,0.000047,0.000047,0.000047,0.61557,0.336297,0.000141
ACCAAACACCCAGCGA-1,0.127127,0.00004,0.034796,0.022728,0.398392,0.33327,0.083646
ACCAACACCACACACT-1,0.000048,0.000048,0.000048,0.252297,0.343721,0.194322,0.209516
ACCAACCGCACTCCAC-1,0.002621,0.000022,0.000022,0.306647,0.156979,0.447917,0.085791
ACCAACGCTTATTTAT-1,0.079122,0.000116,0.000116,0.000116,0.782346,0.000233,0.137949
ACCAAGAACGCGTGTC-1,0.541244,0.000448,0.000448,0.000448,0.130899,0.325169,0.001344
ACCAAGTCATCGGCAG-1,0.051088,0.000024,0.000024,0.19222,0.193046,0.33623,0.227367
ACCAATATGCAAGTTA-1,0.000051,0.000051,0.000051,0.041797,0.249495,0.296392,0.412162
ACCACAAGTTTCTATC-1,0.105283,0.000073,0.009613,0.0434,0.052321,0.007626,0.781683
ACCACACGGTTGATGG-1,0.02384,0.074891,0.027555,0.051004,0.447702,0.37487,0.000138
ACCACCAATGTAACAA-1,0.414055,0.000038,0.000038,0.003217,0.408307,0.144001,0.030345
ACCACCCTCTCTTCTA-1,0.058683,0.000041,0.010065,0.503589,0.078255,0.199416,0.149951
ACCACGTGCAGCTATA-1,0.00003,0.00003,0.04185,0.295457,0.024103,0.061264,0.577266
ACCACTGTTCAAGAAG-1,0.005633,0.000053,0.290764,0.084865,0.287085,0.074292,0.257308
ACCAGACCATAACAAC-1,0.056812,0.000027,0.006997,0.371105,0.153063,0.042742,0.369255
ACCAGTGCCCGGTCAA-1,0.178191,0.054144,0.000117,0.000117,0.242065,0.204585,0.32078
ACCAGTGCGGGAGACG-1,0.000043,0.000043,0.206503,0.104366,0.542469,0.002003,0.144574
ACCATATCCGCAATAA-1,0.075754,0.000058,0.066373,0.015534,0.096795,0.155976,0.589511
ACCATCCGCCAACTAG-1,0.022147,0.000026,0.189293,0.334798,0.072472,0.142884,0.23838
ACCATCGTATATGGTA-1,0.000071,0.000071,0.303952,0.029487,0.220797,0.000143,0.445478
ACCATTAAGGGTGTCA-1,0.000015,0.000015,0.167655,0.000015,0.005626,0.027435,0.79924
ACCCAACGCCCGTGGC-1,0.00003,0.01166,0.045127,0.213701,0.116785,0.175205,0.437491
ACCCACCTACATGCTC-1,0.007194,0.000035,0.086232,0.130855,0.008386,0.032589,0.73471
ACCCATCTTGAGGGTA-1,0.000054,0.000054,0.294388,0.244653,0.112342,0.000108,0.3484
ACCCATTTGTCCCTCT-1,0.270347,0.00004,0.139424,0.054307,0.272598,0.262894,0.000391
ACCCGAGCGAAATTAC-1,0.00003,0.00003,0.098147,0.381745,0.120808,0.197833,0.201407
ACCCGATTGGTTCCGA-1,0.000027,0.000027,0.126953,0.017828,0.072882,0.42962,0.352663
ACCCGGAAACTCCCAG-1,0.000055,0.000055,0.09019,0.080645,0.184268,0.266517,0.378269
ACCCGGAGCACCACAA-1,0.395062,0.000024,0.000024,0.000024,0.000048,0.365959,0.23886
ACCCGGATGACGCATC-1,0.003385,0.00004,0.021647,0.196548,0.318271,0.175675,0.284434
ACCCGGTTACACTTCC-1,0.038987,0.0001,0.729671,0.0001,0.162635,0.000201,0.068305
ACCCGTAGCAGAGAAT-1,0.12016,0.000133,0.000133,0.007236,0.000265,0.580204,0.291869
ACCCGTAGTCTAGTTG-1,0.828977,0.000041,0.170655,0.000041,0.000082,0.000082,0.000123
ACCCGTGTCATCAGTA-1,0.098146,0.000078,0.046384,0.025968,0.205031,0.118717,0.505677
ACCCTATAGGACTGAG-1,0.000094,0.000094,0.296501,0.022888,0.675752,0.000188,0.004484
ACCCTATGCCATATCG-1,0.000068,0.000068,0.051014,0.109987,0.241045,0.003931,0.593886
ACCCTCCCGTCAGGGC-1,0.05797,0.000026,0.002069,0.266958,0.162458,0.448893,0.061627
ACCCTCCCTTGCTATT-1,0.000032,0.000032,0.048187,0.104258,0.234613,0.23513,0.377748
ACCCTGGTAACGCCCT-1,0.106315,0.000059,0.139682,0.285875,0.179767,0.2047,0.083603
ACCCTTCATCTGCGAA-1,0.140349,0.000184,0.000184,0.227277,0.089362,0.206611,0.336033
ACCCTTGCCTGGGTCG-1,0.000049,0.000049,0.000049,0.619719,0.116435,0.078799,0.1849
ACCGAAGAGTCTGGTT-1,0.015802,0.00003,0.29646,0.242647,0.14667,0.214261,0.084129
ACCGACACATCTCCCA-1,0.000052,0.000052,0.67236,0.184441,0.141779,0.000124,0.001193
ACCGACTGAGTCCCAC-1,0.000086,0.000086,0.284185,0.081937,0.506561,0.000171,0.126974
ACCGAGTCTCCTTATT-1,0.061034,0.000044,0.021321,0.094695,0.34143,0.479323,0.002153
ACCGATAGGCATAACC-1,0.400909,0.000045,0.496937,0.000045,0.101842,0.000089,0.000134
ACCGATATTTAATCAT-1,0.759501,0.00007,0.00007,0.00007,0.162071,0.047379,0.030838
ACCGATGGTAGCATCG-1,0.006199,0.000032,0.611614,0.033812,0.132565,0.013302,0.202477
ACCGCAATAACTGCCT-1,0.029287,0.000038,0.401879,0.04824,0.223269,0.105315,0.191973
ACCGCGGTGGAAGTCG-1,0.112038,0.000061,0.000061,0.010351,0.8745,0.002808,0.000182
ACCGCTAGTCATTGGT-1,0.00003,0.00003,0.238722,0.055154,0.009852,0.625098,0.071115
ACCGGGCCTTTGTTGA-1,0.061608,0.000062,0.052469,0.007322,0.790837,0.074257,0.013444
ACCGGTCAGGTACACC-1,0.000014,0.002593,0.126566,0.089843,0.000531,0.473023,0.307429
ACCGTCCACTGGGCCC-1,0.142325,0.000016,0.054625,0.000016,0.066865,0.729159,0.006994
ACCGTGACCACGTGGG-1,0.030736,0.000019,0.153891,0.000019,0.000975,0.259895,0.554465
ACCTAAGTACCTTTCA-1,0.037141,0.000065,0.107501,0.324701,0.171837,0.027457,0.331298
ACCTAATCGACTTCCT-1,0.000029,0.000029,0.000029,0.109244,0.000059,0.000996,0.889613
ACCTACAGTATGTGGT-1,0.458804,0.000052,0.000052,0.009754,0.427598,0.103585,0.000155
ACCTACTATAAATCTA-1,0.110548,0.000073,0.005381,0.027245,0.569685,0.239152,0.047917
ACCTCAGCGAGGCGCA-1,0.175096,0.000057,0.000057,0.000057,0.410159,0.356772,0.057803
ACCTCCGCCCTCGCTG-1,0.39122,0.000048,0.169638,0.056235,0.294532,0.088184,0.000143
ACCTCCGTTATTCACC-1,0.203206,0.000065,0.030805,0.0513,0.478939,0.231987,0.003699
ACCTCGAACTTATGCT-1,0.000013,0.000013,0.185689,0.000013,0.000026,0.456519,0.357726
ACCTGCGTGTCATGTT-1,0.000045,0.000045,0.013622,0.462871,0.093162,0.048277,0.381979
ACGAAATGGGCGGCAC-1,0.000032,0.000032,0.000032,0.206716,0.000064,0.050478,0.742647
ACGACCCATGAGTTGC-1,0.418524,0.000019,0.000019,0.000019,0.000039,0.526708,0.054672
ACGACTCTAGGGCCGA-1,0.099309,0.000017,0.049264,0.000017,0.10185,0.743663,0.005881
ACGACTGGTCATACTC-1,0.047235,0.000023,0.505212,0.100044,0.039715,0.181846,0.125925
ACGAGAACCCATCACG-1,0.245624,0.026989,0.000174,0.000174,0.040734,0.000347,0.685959
ACGAGGATACCACTCT-1,0.018791,0.000023,0.075264,0.085716,0.03147,0.075521,0.713214
ACGAGGTTTACAACGT-1,0.000024,0.000024,0.140048,0.078294,0.040292,0.295233,0.446084
ACGAGTACGGATGCCC-1,0.027134,0.000056,0.363396,0.395175,0.179181,0.001888,0.033169
ACGAGTCGCCGGCGTT-1,0.527351,0.000234,0.000234,0.000234,0.210085,0.000467,0.261395
ACGATACATAGAACTA-1,0.000033,0.002176,0.038393,0.401274,0.021744,0.045015,0.491365
ACGATACCTATCCTGA-1,0.02521,0.000013,0.000013,0.003995,0.015523,0.733616,0.221631
ACGATCATACATAGAG-1,0.000221,0.000221,0.000221,0.000221,0.998014,0.000441,0.000662
ACGATCATCTTGTAAA-1,0.020935,0.000056,0.000056,0.409545,0.195675,0.247731,0.126002
ACGATGCATATGTTAT-1,0.000058,0.012864,0.036556,0.33498,0.13295,0.036012,0.44658
ACGCAAACTAATAGAT-1,0.003101,0.000032,0.20439,0.026049,0.376109,0.247843,0.142477
ACGCAATCACTACAGC-1,0.000045,0.000045,0.000045,0.088521,0.303354,0.26577,0.342221
ACGCATAAATGACATG-1,0.091696,0.000096,0.000096,0.009483,0.10418,0.479514,0.314935
ACGCATACGTTTACTA-1,0.172608,0.000056,0.001117,0.172139,0.546186,0.107724,0.000168
ACGCATTCGTGAGTAC-1,0.000147,0.000147,0.000147,0.009097,0.989726,0.000294,0.000441
ACGCCACTCGAAACAG-1,0.021086,0.000042,0.000042,0.180711,0.381727,0.323058,0.093335
ACGCCAGATGATTTCT-1,0.031464,0.03062,0.000105,0.107755,0.301113,0.097534,0.431409
ACGCCAGTGCGTTTGC-1,0.073368,0.000011,0.000011,0.003103,0.000023,0.919114,0.004369
ACGCCGCTAGACGACC-1,0.000043,0.000043,0.036202,0.005355,0.176667,0.222643,0.559046
ACGCGAAGTCAGACGA-1,0.000133,0.008187,0.12388,0.000133,0.751318,0.000266,0.116083
ACGCGCTACACAGGGT-1,0.000064,0.000064,0.288624,0.128492,0.203544,0.000128,0.379083
ACGCGGGCCAAGGACA-1,0.000103,0.000103,0.180049,0.020975,0.734964,0.000206,0.063599
ACGCGTTTCTTAAGAG-1,0.000018,0.000018,0.033314,0.419947,0.07351,0.102362,0.370831
ACGCTACTGAATGGGC-1,0.965199,0.000064,0.000255,0.034036,0.000127,0.000127,0.000191
ACGCTAGTGATACACT-1,0.00002,0.00002,0.00002,0.026259,0.053936,0.022376,0.89737
ACGCTGTGAGGCGTAG-1,0.000062,0.000062,0.000062,0.511479,0.207571,0.021397,0.259368
ACGGAACACGAGTGCC-1,0.00136,0.000023,0.000023,0.056585,0.158251,0.546224,0.237534
ACGGAATTTAGCAAAT-1,0.00008,0.00008,0.583401,0.00008,0.400447,0.00016,0.015751
ACGGACGCAGCGACAA-1,0.000017,0.000017,0.093879,0.176969,0.012735,0.471429,0.244955
ACGGACTCTCAAAGCG-1,0.053871,0.000041,0.096536,0.082373,0.168457,0.240618,0.358104
ACGGAGCGCAAATTAC-1,0.000056,0.000056,0.189994,0.464078,0.320922,0.000112,0.024783
ACGGATGGTGCGGATA-1,0.000042,0.000042,0.119391,0.513349,0.305666,0.000178,0.061332
ACGGCACTTGCTTGGG-1,0.000118,0.000118,0.000118,0.000118,0.981649,0.000236,0.017641
ACGGCCAACATGGACT-1,0.031733,0.000091,0.091197,0.004025,0.356512,0.272017,0.244425
ACGGCGACGATGGGAA-1,0.007845,0.000056,0.224193,0.267802,0.273604,0.085538,0.140963
ACGGCGGGTTGCCCTG-1,0.232383,0.000138,0.004778,0.031699,0.000275,0.022922,0.707806
ACGGCTGGATGTAGAA-1,0.000015,0.000015,0.049446,0.136159,0.001223,0.290288,0.522855
ACGGGAGTGTCGGCCC-1,0.030163,0.000033,0.064128,0.297496,0.023336,0.005493,0.579352
ACGGGCGTATGCGACA-1,0.090394,0.000054,0.245461,0.265872,0.346544,0.032107,0.019568
ACGGGTCATGTGACTT-1,0.000017,0.000017,0.167056,0.000173,0.000033,0.005328,0.827377
ACGGGTTGTGACCTGT-1,0.013993,0.000122,0.000122,0.000122,0.279912,0.705363,0.000366
ACGGTACAGTTCAATG-1,0.181782,0.000017,0.00303,0.000017,0.012485,0.795099,0.00757
ACGGTCACCGAGAACA-1,0.000015,0.000015,0.123172,0.000015,0.002375,0.357961,0.516448
ACGTACTTTGGCACGG-1,0.000026,0.000026,0.028987,0.015761,0.002468,0.467382,0.48535
ACGTAGATTGCTGATG-1,0.000056,0.000056,0.114527,0.270654,0.111662,0.104025,0.399019
ACGTAGGAGAGTCGCT-1,0.000029,0.000029,0.325085,0.022361,0.013926,0.605268,0.033301
ACGTATTACTCCGATC-1,0.095443,0.000073,0.022839,0.41562,0.34253,0.121037,0.002458
ACGTCGGGCAACTCGG-1,0.000017,0.000017,0.000017,0.026414,0.112029,0.382124,0.47938
ACGTCTCGTTCCGGGA-1,0.047924,0.00002,0.001693,0.422813,0.0319,0.257178,0.238471
ACGTGACAAAGTAAGT-1,0.010087,0.000012,0.089267,0.069994,0.00937,0.234426,0.586844
ACGTGCGCCTCGTGCA-1,0.28886,0.000457,0.000457,0.000457,0.386416,0.147447,0.175906
ACGTTAATGTCGAAGA-1,0.095231,0.000096,0.152208,0.39556,0.302956,0.000191,0.053758
ACGTTAGATTTGCCCG-1,0.000037,0.000037,0.094666,0.009707,0.026801,0.018448,0.850305
ACGTTATTGGTCACTC-1,0.000025,0.000025,0.052329,0.06922,0.022208,0.026108,0.830086
ACGTTCACTATGCCGC-1,0.000015,0.000015,0.140681,0.000015,0.000029,0.634218,0.225027
ACGTTCGCAATCAATT-1,0.101419,0.000052,0.057538,0.108787,0.638973,0.084315,0.008916
ACGTTCGTTCAGGAAA-1,0.000039,0.000039,0.000039,0.027954,0.220527,0.280819,0.470585
ACGTTCTGTACAAGTC-1,0.101726,0.000036,0.000036,0.235333,0.266984,0.232786,0.163099
ACGTTGTCGTTGAAAG-1,0.031926,0.000011,0.000011,0.000011,0.000021,0.68296,0.28506
ACGTTTAGTTGTGATC-1,0.213166,0.00039,0.00039,0.00039,0.500622,0.00078,0.284261
ACGTTTCGGTGCACTT-1,0.999334,0.000067,0.000067,0.000067,0.000133,0.000133,0.0002
ACTAAGGACGCACACC-1,0.000053,0.000053,0.007346,0.550641,0.252903,0.005452,0.183552
ACTAATACGTCAGGCG-1,0.062763,0.000043,0.004378,0.018508,0.000086,0.130725,0.783496
ACTACAAAGAGAGGTG-1,0.216158,0.00005,0.382134,0.00005,0.401362,0.000099,0.000149
ACTACATCCCGACAAG-1,0.013577,0.000021,0.21959,0.274748,0.111516,0.276815,0.103733
ACTACCAGCTCTCTGG-1,0.000089,0.000089,0.047387,0.035585,0.208815,0.056843,0.651193
ACTACCATCCGAGGGC-1,0.000022,0.000022,0.044776,0.000022,0.000262,0.773964,0.180932
ACTACGCGTTAGAATT-1,0.125721,0.000091,0.022306,0.008457,0.349337,0.244937,0.249151
ACTAGTTGCGATCGTC-1,0.024462,0.000062,0.000062,0.032221,0.744209,0.198798,0.000186
ACTATATGCTGTGTTC-1,0.000055,0.000055,0.096534,0.3772,0.238923,0.000111,0.287121
ACTATCCAGGGCATGG-1,0.210685,0.000051,0.122545,0.042606,0.471301,0.079224,0.073588
ACTATCGCCGGCTAAA-1,0.000023,0.000023,0.160755,0.001878,0.05385,0.103687,0.679784
ACTATCTGCCCGCGTA-1,0.161532,0.000051,0.000051,0.074221,0.695118,0.068875,0.000152
ACTATGTCCAGCTGCC-1,0.000035,0.000035,0.038688,0.236226,0.239791,0.369912,0.115311
ACTATTCGTCCGTGGT-1,0.324207,0.231937,0.000309,0.000309,0.005348,0.181337,0.256553
ACTATTTCCGGGCCCA-1,0.000025,0.000025,0.000025,0.000025,0.00005,0.194163,0.805686
ACTCAACGAATGTATT-1,0.0848,0.000087,0.048712,0.061223,0.000173,0.000173,0.804832
ACTCAAGTGCAAGGCT-1,0.00749,0.000024,0.035766,0.159427,0.251373,0.248889,0.29703
ACTCAATAAAGGCACG-1,0.000041,0.000041,0.203532,0.074918,0.296024,0.046789,0.378656
ACTCAGACCTGCTTCT-1,0.109773,0.000236,0.080926,0.000236,0.201252,0.225176,0.382402
ACTCATGGCAGCCTTC-1,0.081146,0.00002,0.10074,0.104094,0.071692,0.46889,0.173419
ACTCCAATATCATCAT-1,0.000031,0.000031,0.241788,0.4927,0.023026,0.180076,0.062346
ACTCCCATTCCTAAAG-1,0.000015,0.000015,0.000015,0.018807,0.000031,0.125278,0.855838
ACTCCCGAATTCGTTT-1,0.023205,0.000045,0.059832,0.116236,0.169696,0.368413,0.262572
ACTCCCGTAGACTAGG-1,0.059984,0.000074,0.015814,0.188333,0.491942,0.000147,0.243706
ACTCCCTAATGCTAAA-1,0.028289,0.010605,0.000075,0.175026,0.421819,0.24879,0.115396
