Barcode,Topic 1,Topic 2,Topic 3to4,Topic 5to10
AAACAAGTATCTCCCA-1,0.000023,0.000023,0.013278,0.986677
AAACACCAATAACTGC-1,0.000024,0.023311,0.147931,0.828735
AAACAGAGCGACTCCT-1,0.000029,0.000029,0.017843,0.9821
AAACAGCTTTCAGAAG-1,0.000031,0.000031,0.169083,0.830856
AAACAGGGTCTATATT-1,0.000032,0.000032,0.016482,0.983455
AAACAGTGTTCCTGGG-1,0.000018,0.00002,0.556474,0.443488
AAACATGGTGAGAGGA-1,0.000017,0.013231,0.04478,0.941973
AAACATTTCCCGGATT-1,0.00003,0.269948,0.166945,0.563077
AAACCCGAACGAAATC-1,0.000013,0.000013,0.44869,0.551284
AAACCGGAAATGTTAA-1,0.000018,0.015985,0.638328,0.345669
AAACCGGGTAGGTACC-1,0.000032,0.031846,0.000064,0.968058
AAACCGTTCGTCCAGG-1,0.000032,0.124355,0.384906,0.490708
AAACCTAAGCAGCCGG-1,0.000049,0.767663,0.016847,0.215441
AAACCTCATGAAGTTG-1,0.000034,0.000034,0.011729,0.988202
AAACGAAGAACATACC-1,0.000068,0.080279,0.344772,0.57488
AAACGAAGATGGAGTA-1,0.000024,0.000024,0.00506,0.994893
AAACGAGACGGTTGAT-1,0.000894,0.000036,0.027956,0.971115
AAACGCTGGGCACGAC-1,0.000024,0.462911,0.245313,0.291752
AAACGGGCGTACGGGT-1,0.000051,0.696485,0.19698,0.106485
AAACGGTTGCGAACTG-1,0.000023,0.035663,0.568588,0.395726
AAACGTGTTCGCCCTA-1,0.007246,0.059217,0.120986,0.812551
AAACTCGGTTCGCAAT-1,0.000036,0.571713,0.316631,0.11162
AAACTCGTGATATAAG-1,0.000029,0.000029,0.188224,0.811719
AAACTGCTGGCTCCAA-1,0.000023,0.088212,0.481059,0.430706
AAACTTAATTGCACGC-1,0.000021,0.013981,0.301176,0.684822
AAACTTGCAAACGTAT-1,0.000902,0.003123,0.000076,0.9959
AAAGAATGACCTTAGA-1,0.00002,0.007173,0.090741,0.902066
AAAGAATGTGGACTAA-1,0.000751,0.924604,0.027385,0.04726
AAAGACCCAAGTCGCG-1,0.00003,0.012196,0.166586,0.821188
AAAGACTGGGCGCTTT-1,0.000024,0.000024,0.000048,0.999904
AAAGCTTGCCTACATA-1,0.000871,0.030672,0.03596,0.932497
AAAGGCCCTATAATAC-1,0.000019,0.044486,0.145481,0.810014
AAAGGCTACGGACCAT-1,0.000036,0.116884,0.052343,0.830736
AAAGGCTCTCGCGCCG-1,0.000036,0.186535,0.53011,0.283319
AAAGGGATGTAGCAAG-1,0.000018,0.000018,0.612809,0.387156
AAAGGGCAGCTTGAAT-1,0.000031,0.000132,0.165926,0.83391
AAAGTAGCATTGCTCA-1,0.000014,0.000014,0.851189,0.148783
AAAGTCACTGATGTAA-1,0.00109,0.000044,0.170962,0.827904
AAAGTCGACCCTCAGT-1,0.000868,0.000036,0.000071,0.999025
AAAGTGCCATCAATTA-1,0.000018,0.102395,0.463306,0.434282
AAAGTGTGATTTATCT-1,0.00003,0.021736,0.026351,0.951884
AAAGTTGACTCCCGTA-1,0.000026,0.003352,0.172099,0.824524
AAATAACCATACGGGA-1,0.000027,0.018847,0.199932,0.781195
AAATAAGGTAGTGCCC-1,0.000025,0.000025,0.002389,0.997561
AAATACCTATAAGCAT-1,0.000774,0.137506,0.373197,0.488523
AAATAGCTTAGACTTT-1,0.000039,0.000039,0.000387,0.999535
AAATAGGGTGCTATTG-1,0.000042,0.194331,0.121288,0.68434
AAATCCGATACACGCC-1,0.000043,0.563194,0.334237,0.102527
AAATCGCGGAAGGAGT-1,0.000031,0.000031,0.000062,0.999876
AAATCGTGTACCACAA-1,0.000069,0.386432,0.000137,0.613362
AAATCTAGCCCTGCTA-1,0.000018,0.043411,0.367661,0.58891
AAATCTGCCCGCGTCC-1,0.000016,0.000016,0.245429,0.754538
AAATGACTGATCAAAC-1,0.000048,0.035892,0.506076,0.457983
AAATGATTCGATCAGC-1,0.000042,0.000042,0.000083,0.999833
AAATGCTCGTTACGTT-1,0.000039,0.000039,0.050031,0.949891
AAATGGCATGTCTTGT-1,0.00004,0.00004,0.081861,0.918059
AAATGGCCCGTGCCCT-1,0.000025,0.000025,0.446963,0.552988
AAATGGTCAATGTGCC-1,0.000032,0.038241,0.03398,0.927748
AAATGTATCTTATCCC-1,0.000018,0.000018,0.210188,0.789776
AAATTAACGGGTAGCT-1,0.00003,0.00715,0.084596,0.908223
AAATTAATAAGCGCGA-1,0.000045,0.000634,0.272707,0.726614
AAATTACACGACTCTG-1,0.000023,0.000023,0.276488,0.723467
AAATTACCTATCGATG-1,0.000027,0.000027,0.186105,0.813841
AAATTCCAGGTCCAAA-1,0.000024,0.001258,0.197778,0.80094
AAATTGATAGTCCTTT-1,0.000046,0.068902,0.18029,0.750762
AAATTGGTGAGAAGCA-1,0.000036,0.034535,0.000072,0.965357
AAATTTGCGGGTGTGG-1,0.000027,0.041042,0.257486,0.701445
AACAACTGGTAGTTGC-1,0.000032,0.009603,0.03581,0.954555
AACAATACATTGTCGA-1,0.000017,0.036514,0.524483,0.438986
AACAATTACTCTACGC-1,0.000039,0.000039,0.000078,0.999843
AACACACGCTCGCCGC-1,0.000023,0.030687,0.289748,0.679543
AACACGACTGTACTGA-1,0.007984,0.000027,0.359563,0.632426
AACACGAGACGCGGCC-1,0.000022,0.000022,0.107774,0.892181
AACACGCGGCCGCGAA-1,0.000104,0.057656,0.117644,0.824595
AACAGCTGTGTGGCAA-1,0.008199,0.003889,0.492647,0.495265
AACAGGAAATCGAATA-1,0.003443,0.000039,0.188412,0.808105
AACAGGATGGGCCGCG-1,0.000032,0.004121,0.176085,0.819762
AACAGGTAGTATGGAT-1,0.000031,0.008937,0.077425,0.913607
AACATAGCGTGTATCG-1,0.00012,0.576093,0.002643,0.421144
AACATATCAACTGGTG-1,0.000023,0.000023,0.370817,0.629137
AACATCGATACGTCTA-1,0.000068,0.000068,0.000136,0.999728
AACATTGAAGTTGATC-1,0.000033,0.03376,0.06508,0.901126
AACATTGTGACTCGAG-1,0.000015,0.035972,0.577112,0.386901
AACCAAGACTTCTCTG-1,0.000032,0.029082,0.015023,0.955863
AACCATAGGGTTGAAC-1,0.000797,0.035249,0.098277,0.865676
AACCATGGGATCGCTA-1,0.00004,0.00004,0.000081,0.999838
AACCCAGAGACGGAGA-1,0.000027,0.000027,0.000178,0.999768
AACCCATCCCATGATC-1,0.000033,0.000033,0.119252,0.880683
AACCCGACAACCCGTG-1,0.000017,0.000017,0.575776,0.424189
AACCCGAGCAGAATCG-1,0.000024,0.022127,0.400854,0.576994
AACCCGCTGTATTCCA-1,0.000023,0.027175,0.445404,0.527398
AACCCTACTGTCAATA-1,0.000022,0.000022,0.09772,0.902236
AACCCTGGTGGAACCA-1,0.000032,0.000032,0.119753,0.880183
AACCGAGCTTGGTCAT-1,0.000031,0.000031,0.00193,0.998007
AACCGCTAAGGGATGC-1,0.00002,0.014662,0.444549,0.540769
AACCGTTGTGTTTGCT-1,0.000037,0.000037,0.275702,0.724224
AACCTCGCTTTAGCCC-1,0.000023,0.26873,0.731106,0.00014
AACCTGTCACGGAATT-1,0.000041,0.059947,0.002946,0.937066
AACCTTTAAATACGGT-1,0.00119,0.539534,0.000176,0.459099
AACCTTTACGACGTCT-1,0.000037,0.000037,0.042285,0.957642
AACGAAAGTCGTCCCA-1,0.00003,0.00003,0.151656,0.848284
AACGACCTCCTAGCCG-1,0.00003,0.591421,0.15392,0.254629
AACGATAATGCCGTAG-1,0.00005,0.558751,0.000099,0.4411
AACGATAGAAGGGCCG-1,0.00298,0.000028,0.026629,0.970362
AACGATATGTCAACTG-1,0.000039,0.000039,0.075465,0.924457
AACGCATGATCTGGGT-1,0.000032,0.000032,0.009885,0.990051
AACGCGAACGGCAACA-1,0.000081,0.035298,0.071237,0.893384
AACGCGACCTTGGGCG-1,0.000034,0.083589,0.253891,0.662487
AACGCGGTCTCCAGCC-1,0.000044,0.003439,0.000088,0.996428
AACGCTGTTGCTGAAA-1,0.00155,0.018949,0.817242,0.162259
AACGGACGTACGTATA-1,0.07497,0.000013,0.600637,0.324379
AACGGCCATCTCCGGT-1,0.000024,0.129368,0.449521,0.421087
AACGTACTGTGGGTAC-1,0.000028,0.069,0.577006,0.353966
AACGTCAGACTAGTGG-1,0.000033,0.000033,0.021385,0.978549
AACGTCATCCGGCTTG-1,0.004547,0.004546,0.009093,0.981814
AACGTCGCTGCACTTC-1,0.001073,0.698021,0.137369,0.163537
AACGTGATGAAGGACA-1,0.000061,0.000061,0.000123,0.999754
AACGTGCGAAAGTCTC-1,0.000026,0.003611,0.210645,0.785718
AACGTTATCAGCACCT-1,0.000039,0.000039,0.000079,0.999842
AACGTTCTACCATTGT-1,0.0003,0.564033,0.433864,0.001802
AACTACCCGTTTGTCA-1,0.000044,0.000044,0.000088,0.999823
AACTAGGCTTGGGTGT-1,0.000036,0.517709,0.465313,0.016942
AACTCAAGTTAATTGC-1,0.000024,0.045831,0.417352,0.536792
AACTCCAGAGCGTGTT-1,0.000061,0.496179,0.000122,0.503637
AACTCCTAATCCCATG-1,0.000032,0.000032,0.041606,0.95833
AACTCGATGGCGCAGT-1,0.000045,0.000045,0.05454,0.94537
AACTCTCAATAGAGCG-1,0.000029,0.000029,0.183199,0.816743
AACTCTCAGTGTGCTC-1,0.000015,0.009702,0.759713,0.23057
AACTGAGTTATACTGA-1,0.00003,0.00003,0.336269,0.663671
AACTGATATTAGGCCT-1,0.000052,0.000052,0.000103,0.999793
AACTGGGTCCCGACGT-1,0.000037,0.035154,0.000074,0.964736
AACTGGTGTGGGCCTT-1,0.000045,0.000045,0.006262,0.993648
AACTTCTGCGTCTATC-1,0.000029,0.000029,0.327399,0.672543
AACTTGCCCGTATGCA-1,0.000043,0.02848,0.000086,0.971392
AACTTGCGTTCTCGCG-1,0.000042,0.000042,0.000085,0.99983
AACTTTACGGGAGCTT-1,0.000041,0.000041,0.021586,0.978332
AACTTTCTCGATCATG-1,0.000033,0.000129,0.042843,0.956994
AAGAAAGTTTGATGGG-1,0.000032,0.000032,0.252952,0.746984
AAGAAATCACCAGATT-1,0.000021,0.007779,0.082583,0.909617
AAGAAGGATCAGTTAG-1,0.000032,0.000032,0.105442,0.894494
AAGACATACGTGGTTT-1,0.000027,0.532792,0.372656,0.094526
AAGACCAAATAACTCA-1,0.000019,0.004977,0.132465,0.86254
AAGACCCAACTGAACA-1,0.000031,0.242918,0.219171,0.53788
AAGACTAACCCGTTGT-1,0.000156,0.059785,0.192914,0.747145
AAGACTGCAAGCTACT-1,0.00004,0.01493,0.248319,0.736711
AAGAGATGAATCGGTA-1,0.000036,0.000036,0.000073,0.999854
AAGAGCTCTTTATCGG-1,0.000024,0.011327,0.575894,0.412755
AAGAGGATGTACGCGA-1,0.000031,0.000031,0.000062,0.999876
AAGAGGCATGGATCGC-1,0.000031,0.015376,0.081809,0.902784
AAGAGGCCCTTTGGAA-1,0.000026,0.034271,0.00912,0.956583
AAGATGGCACCGGACC-1,0.000028,0.094183,0.084576,0.821212
AAGATTGGCGGAACGT-1,0.000848,0.002855,0.008066,0.988231
AAGCACCCTGCGTATC-1,0.000066,0.657924,0.031257,0.310752
AAGCATACTCTCCTGA-1,0.000051,0.724777,0.000102,0.27507
AAGCCACTTGCAGGTA-1,0.000036,0.000036,0.195583,0.804345
AAGCCGAAGCGGTTTA-1,0.000027,0.00067,0.055932,0.943371
AAGCCGCCGTGAAATC-1,0.000022,0.007886,0.000592,0.9915
AAGCCGCTTTACCTTG-1,0.000021,0.000207,0.137849,0.861924
AAGCCGGAGAGCAGGA-1,0.000018,0.045448,0.55291,0.401624
AAGCGCAGGGCTTTGA-1,0.000072,0.845229,0.000144,0.154556
AAGCGGAGTGCGCGCA-1,0.000038,0.027144,0.000076,0.972742
AAGCGTCCCTCATCGA-1,0.000031,0.030786,0.472882,0.496301
AAGCTAGATCGAGTAA-1,0.000035,0.312734,0.313313,0.373918
AAGCTATGGATTGACC-1,0.000388,0.000388,0.000775,0.998449
AAGCTCGTGCCAAGTC-1,0.000026,0.000026,0.37221,0.627737
AAGCTCTTTCATGGTG-1,0.000103,0.492649,0.000206,0.507041
AAGGAGCGGTTGGTGC-1,0.00004,0.00741,0.070891,0.92166
AAGGATCGATCGCTTG-1,0.003391,0.000034,0.087866,0.908708
AAGGATGAGGGACCTC-1,0.000028,0.000028,0.006097,0.993847
AAGGCAGGCTGTCTCC-1,0.000033,0.000892,0.004328,0.994747
AAGGCGCGTAAAGCTT-1,0.000033,0.000033,0.044294,0.955641
AAGGCTGTGCTCATCG-1,0.000038,0.085884,0.098648,0.81543
AAGGGAACGACTGGCT-1,0.000036,0.023875,0.050488,0.925602
AAGGGACAGATTCTGT-1,0.000036,0.007043,0.150273,0.842648
AAGGGACTATGCATTC-1,0.000018,0.000018,0.584529,0.415436
AAGGGTTAGCCATGCG-1,0.00025,0.803289,0.0005,0.195961
AAGGGTTTGATTTCAG-1,0.000039,0.000039,0.000078,0.999845
AAGGTATCCTAATATA-1,0.000046,0.00523,0.058334,0.936389
AAGGTGATAAACCAGC-1,0.000018,0.019564,0.391739,0.588679
AAGTAGAAGACCGGGT-1,0.000034,0.000034,0.005387,0.994546
AAGTAGTGACGCGAGG-1,0.000038,0.040572,0.035719,0.92367
AAGTCAATTGTCGTCA-1,0.000031,0.000031,0.423906,0.576032
AAGTCTAGTAGCTGCC-1,0.000028,0.000028,0.002613,0.997331
AAGTCTTCTGTGGCCT-1,0.00004,0.00004,0.006985,0.992934
AAGTGACGACCGAATT-1,0.000037,0.010771,0.043199,0.945993
AAGTGAGTCGGGTTTA-1,0.000036,0.063313,0.149597,0.787054
AAGTGCAAAGGTAGAC-1,0.000029,0.002698,0.000058,0.997214
AAGTGCCTTGACTGTA-1,0.000029,0.006582,0.134033,0.859356
AAGTGCGTTAGAATCT-1,0.000039,0.018287,0.201067,0.780607
AAGTGCTTCTCTATTG-1,0.000032,0.000032,0.359835,0.640101
AAGTGTTTGGAGACGG-1,0.000029,0.240016,0.381666,0.37829
AAGTTCACTCCAAGCT-1,0.002582,0.154469,0.327736,0.515213
AAGTTCAGTCTGCGTA-1,0.000048,0.000048,0.000095,0.999809
AAGTTCGGCCAACAGG-1,0.000028,0.044838,0.028952,0.926183
AAGTTGTGATGTTATA-1,0.000058,0.840189,0.000116,0.159637
AAGTTTATGGGCCCAA-1,0.000043,0.619963,0.024133,0.355862
AATAACAACGCTCGGC-1,0.000067,0.000067,0.000135,0.999731
AATAACACTAGAACAA-1,0.000019,0.033,0.447845,0.519135
AATAACGTCGCGCCCA-1,0.000223,0.658045,0.000446,0.341287
AATAAGTCCTCGAGAC-1,0.000067,0.130798,0.211526,0.65761
AATAATCTTCGTATCG-1,0.000023,0.006968,0.030733,0.962276
AATACAATGTTTCAGG-1,0.000035,0.000035,0.005311,0.99462
AATACCGGAGGGCTGT-1,0.000026,0.019004,0.108922,0.872049
AATACCTGATGTGAAC-1,0.00006,0.359051,0.309485,0.331403
AATAGAACAGAGTGGC-1,0.000042,0.273979,0.000085,0.725894
AATAGAATCTGTTTCA-1,0.000035,0.018556,0.000071,0.981338
AATAGCTACCGCGTGC-1,0.000038,0.000038,0.000076,0.999848
AATAGGCACGACCCTT-1,0.002778,0.002779,0.0722,0.922243
AATAGTCCGTCCCGAC-1,0.00004,0.338032,0.404448,0.25748
AATAGTCGCGAGTCGG-1,0.000032,0.000032,0.000064,0.999873
AATATCAAGGTCGGAT-1,0.000052,0.000052,0.183502,0.816395
AATATCCTAGCAAACT-1,0.000023,0.001597,0.059405,0.938975
AATATCGAATCAATGC-1,0.000026,0.000026,0.025726,0.974221
AATATCGAGGGTTCTC-1,0.000037,0.000037,0.179777,0.820149
AATATTGGAGTATTGA-1,0.000052,0.025437,0.000104,0.974407
AATCAGGTTTCATTTA-1,0.000037,0.000037,0.174874,0.825052
AATCATGTAAAGACTC-1,0.001767,0.008469,0.724112,0.265653
AATCCAAGGGCCTGAG-1,0.00005,0.00005,0.000101,0.999799
AATCCATGCAAGGGTG-1,0.000041,0.000041,0.000082,0.999837
AATCCCGCTCAGAGCC-1,0.000055,0.000055,0.349088,0.650803
AATCGAGGTCTCAAGG-1,0.000233,0.203273,0.17921,0.617284
AATCGCCTCAGCGCCA-1,0.001975,0.002039,0.330538,0.665448
AATCGCGCAGAGGACT-1,0.000024,0.000024,0.157188,0.842763
AATCGGGACACTACGA-1,0.000053,0.000053,0.194912,0.804982
AATCGGTATAGCCCTC-1,0.000047,0.950439,0.04923,0.000283
AATCGTGAGCCGAGCA-1,0.000095,0.741377,0.000191,0.258337
AATCTAGGTTTACTTG-1,0.000033,0.000033,0.128426,0.871509
AATCTATGCCGGAGCC-1,0.00005,0.000054,0.035913,0.963984
AATCTCTACTGTGGTT-1,0.000046,0.016438,0.150331,0.833185
AATCTGCGTTGGGACG-1,0.000036,0.000463,0.000072,0.999428
AATCTGGCTTTCTAGT-1,0.000032,0.000032,0.335874,0.664062
AATGACAGCAATGTCT-1,0.000044,0.094952,0.103842,0.801163
AATGACGTAGGATGTC-1,0.000032,0.006036,0.215531,0.778401
AATGACTGTCAGCCGG-1,0.000036,0.028776,0.016374,0.954814
AATGAGTTCGCATATG-1,0.000037,0.000037,0.000073,0.999854
AATGATGATACGCTAT-1,0.000034,0.000034,0.160572,0.83936
AATGATGCGACTCCTG-1,0.001178,0.000035,0.20968,0.789108
AATGCAACCGGGTACC-1,0.002503,0.017838,0.016454,0.963205
AATGCACCAAGCAATG-1,0.000018,0.000018,0.438732,0.561231
AATGGTCCACCGTTCA-1,0.000028,0.000028,0.131958,0.867987
AATGGTTCTCACAAGC-1,0.00004,0.00004,0.00796,0.991959
AATGTATGGCACTGTA-1,0.000032,0.000032,0.235527,0.764409
AATGTGCCCGAGGTGT-1,0.000034,0.031807,0.412824,0.555334
AATGTGCTAATCTGAG-1,0.000032,0.017742,0.056195,0.92603
AATGTTAAGACCCTGA-1,0.000131,0.742126,0.031086,0.226658
AATGTTGTCGTGAGAC-1,0.00004,0.77056,0.154617,0.074783
AATTAAAGGTCGGCGT-1,0.000057,0.26545,0.000114,0.73438
AATTAACGGATTTCCA-1,0.000065,0.692757,0.00013,0.307048
AATTACGAGACCCATC-1,0.000034,0.000034,0.528335,0.471597
AATTAGCGCTGCAGCG-1,0.000041,0.433842,0.100541,0.465575
AATTATACCCAGCAAG-1,0.000196,0.879274,0.000392,0.120137
AATTCATAAGGGATCT-1,0.000045,0.000045,0.109018,0.890892
AATTCATTGTCATGCA-1,0.000026,0.021202,0.07037,0.908402
AATTCCAAGCATGTAC-1,0.000018,0.011455,0.860898,0.12763
AATTCGATTCGAGGAT-1,0.000081,0.792851,0.145448,0.06162
AATTCTAGAGTTAGGC-1,0.007138,0.565008,0.000167,0.427688
AATTGAACGCTCTGGT-1,0.000028,0.013205,0.222468,0.764299
AATTGCAGCAATCGAC-1,0.000063,0.738296,0.000125,0.261516
AATTGCGTGGATTACA-1,0.00006,0.00006,0.982756,0.017124
AATTGTGGTTGCCAAA-1,0.00002,0.225284,0.062815,0.711881
AATTTGGGACATAGTA-1,0.000043,0.000043,0.019638,0.980276
AATTTGGTTCCAAAGA-1,0.000046,0.000046,0.047348,0.952559
ACAAACCATGCGTCCT-1,0.000022,0.026375,0.14838,0.825222
ACAAACTCCATCAGAG-1,0.000027,0.005418,0.143416,0.851139
ACAAAGAAGGTAGGCC-1,0.000026,0.000026,0.000052,0.999896
ACAAAGCATGACCTAG-1,0.000034,0.699992,0.000067,0.299907
ACAAATCGCACCGAAT-1,0.00002,0.021286,0.434575,0.54412
ACAAATGGTAGTGTTT-1,0.000027,0.016544,0.175316,0.808113
ACAACAGCATGAGCTA-1,0.000025,0.000025,0.264463,0.735487
ACAACGGTCCCTGCGA-1,0.000027,0.000027,0.000054,0.999893
ACAAGCAGTGCCTAGC-1,0.000995,0.001937,0.00518,0.991889
ACAAGCTATATGGAAG-1,0.00003,0.00003,0.000067,0.999872
ACAAGGAAATCCGCCC-1,0.000025,0.090557,0.402346,0.507072
ACAAGGACAAGAGGTT-1,0.000033,0.004747,0.177924,0.817295
ACAAGGATGCTTTAGG-1,0.000051,0.923945,0.000102,0.075901
ACAAGGGCAGGCTCTG-1,0.000015,0.004628,0.730867,0.26449
ACAAGTAATTGTAAGG-1,0.002223,0.002223,0.004446,0.991108
ACAATAGTCGTACGTT-1,0.000043,0.044129,0.118555,0.837273
ACAATCCATTTAAACC-1,0.000064,0.045352,0.036049,0.918534
ACAATGAATACGGAGA-1,0.000024,0.011326,0.113263,0.875386
ACAATTGTGTCTCTTT-1,0.000593,0.023183,0.271073,0.705152
ACAATTTAGGAGGCTC-1,0.000037,0.000037,0.000074,0.999851
ACAATTTGAGCAGTGG-1,0.000036,0.000036,0.070857,0.929071
ACAATTTGGCCATATT-1,0.000024,0.117811,0.217081,0.665084
ACACAAAGACGGGTGG-1,0.000028,0.008644,0.003399,0.987929
ACACAAATATTCCTAG-1,0.000025,0.017862,0.00163,0.980483
ACACACCAGGACCAGT-1,0.000035,0.077793,0.100297,0.821875
ACACACTTTCTACACG-1,0.000052,0.000052,0.202621,0.797275
ACACATGATCAAATCT-1,0.000023,0.000023,0.161564,0.83839
ACACATTTCCGTAGAC-1,0.00004,0.049417,0.176166,0.774377
ACACCACATAATTAGC-1,0.000028,0.007857,0.099734,0.892381
ACACCCAGCATGCAGC-1,0.000036,0.03482,0.007179,0.957966
ACACCCGAGAAATCCG-1,0.000025,0.00904,0.011192,0.979743
ACACCGAGCGCTCTTT-1,0.000085,0.012757,0.141164,0.845993
ACACCGGTCTGACCGC-1,0.00002,0.020474,0.068265,0.911241
ACACCTTAAGTAGGGC-1,0.000035,0.003942,0.046739,0.949284
ACACCTTACTACTTGC-1,0.000045,0.000045,0.046778,0.953133
ACACGAGACTCCTTCT-1,0.000031,0.000031,0.388691,0.611247
ACACGGCACTATGCAT-1,0.000058,0.046363,0.05364,0.89994
ACACGGGAACTTAGGG-1,0.000041,0.00782,0.189477,0.802662
ACACGTAGGCCACAAG-1,0.000016,0.000016,0.628457,0.371511
ACACTCCAATGTCACT-1,0.000054,0.000054,0.065077,0.934815
ACACTGATCAAGGTGT-1,0.00006,0.245496,0.067373,0.687072
ACACTGGGACAGTCGT-1,0.00002,0.00002,0.501327,0.498632
ACAGAACTGAGAACAA-1,0.000019,0.000019,0.456896,0.543066
ACAGATTAGGTTAGTG-1,0.000057,0.000057,0.000115,0.999771
ACAGCATAGAGCCAGT-1,0.00005,0.026224,0.058059,0.915668
ACAGCGACATTCTCAT-1,0.001028,0.080447,0.199883,0.718642
ACAGCGCACCCGCAGC-1,0.000035,0.020403,0.083394,0.896168
ACAGGCACGGATCCTT-1,0.000047,0.835626,0.104228,0.060099
ACAGGCTTGCCCGACT-1,0.000016,0.01412,0.657108,0.328756
ACAGGTGGAGGTGAGG-1,0.000045,0.105012,0.000089,0.894854
ACAGGTGTGTTGTTGC-1,0.000035,0.000035,0.00007,0.999861
ACAGTAATACAACTTG-1,0.000035,0.01676,0.00471,0.978496
ACAGTATACCGTGGGA-1,0.000026,0.000026,0.237555,0.762393
ACATAAGTCGTGGTGA-1,0.000027,0.000027,0.001812,0.998135
ACATAATAAGGCGGTG-1,0.000039,0.000039,0.020969,0.978953
ACATACAATCAAGCGG-1,0.000769,0.908304,0.08631,0.004617
ACATCAGCTGGGACGC-1,0.000029,0.000029,0.031244,0.968698
ACATCCCGGCCATACG-1,0.499568,0.050404,0.389781,0.060247
ACATCCTGGTAACTGT-1,0.000026,0.000219,0.016254,0.983502
ACATCGATCGTTTACC-1,0.000041,0.092143,0.204123,0.703693
ACATCGCAATATTCGG-1,0.000725,0.000725,0.00145,0.997101
ACATCGGTCAGCCGCG-1,0.000032,0.01442,0.000064,0.985483
ACATCGTATGCAATGG-1,0.000029,0.054506,0.167094,0.778371
ACATCGTTAACCTAGT-1,0.000052,0.055238,0.047043,0.897667
ACATGCTTACGGCAGC-1,0.00005,0.013942,0.110054,0.875954
ACATGGCGCCAAAGTA-1,0.000025,0.000025,0.04222,0.957729
ACATTAGTTTATATCC-1,0.000092,0.598073,0.000184,0.401651
ACATTCGCGCGGAATA-1,0.000608,0.003105,0.348974,0.647313
ACATTTGAAACCTAAC-1,0.000791,0.42984,0.307157,0.262212
ACCAAACACCCAGCGA-1,0.000898,0.04165,0.003309,0.954142
ACCAACACCACACACT-1,0.000038,0.006722,0.000075,0.993165
ACCAACCGCACTCCAC-1,0.000037,0.697787,0.074165,0.228011
ACCAACGCTTATTTAT-1,0.00004,0.33273,0.000079,0.667151
ACCAAGAACGCGTGTC-1,0.000033,0.01308,0.017342,0.969545
ACCAAGTCATCGGCAG-1,0.000055,0.916317,0.078424,0.005204
ACCAATATGCAAGTTA-1,0.000053,0.822881,0.000106,0.17696
ACCACAACTCAGAACA-1,0.000055,0.13654,0.213272,0.650134
ACCACAAGTTTCTATC-1,0.000045,0.016465,0.080993,0.902498
ACCACACGGTTGATGG-1,0.00011,0.430101,0.000221,0.569567
ACCACCAATGTAACAA-1,0.000029,0.010356,0.000058,0.989557
ACCACCCTCTCTTCTA-1,0.00003,0.00003,0.08762,0.912321
ACCACGTGCAGCTATA-1,0.00003,0.072005,0.275561,0.652403
ACCAGACCATAACAAC-1,0.000024,0.014251,0.000048,0.985678
ACCAGTGCGGGAGACG-1,0.000024,0.134035,0.202076,0.663865
ACCATATCCGCAATAA-1,0.000029,0.117819,0.243076,0.639077
ACCATCCGCCAACTAG-1,0.000949,0.011118,0.13167,0.856263
ACCATCGTATATGGTA-1,0.000043,0.208741,0.000087,0.791129
ACCATTAAGGGTGTCA-1,0.000094,0.069906,0.174847,0.755153
ACCCAACGCCCGTGGC-1,0.000023,0.000023,0.452475,0.547479
ACCCACCTACATGCTC-1,0.00004,0.014753,0.21538,0.769827
ACCCATCTTGAGGGTA-1,0.000046,0.097296,0.000093,0.902565
ACCCATTTGTCCCTCT-1,0.000029,0.120905,0.406067,0.472999
ACCCGAGCGAAATTAC-1,0.000012,0.020586,0.630581,0.348821
ACCCGATTGGTTCCGA-1,0.000023,0.02601,0.204049,0.769918
ACCCGGAAACTCCCAG-1,0.000017,0.153316,0.846563,0.000103
ACCCGGAGCACCACAA-1,0.00001,0.005703,0.826578,0.167709
ACCCGGATGACGCATC-1,0.000041,0.000041,0.032037,0.967882
ACCCGGTTACACTTCC-1,0.000054,0.19217,0.000109,0.807667
ACCCGTAGCAGAGAAT-1,0.000034,0.000034,0.22765,0.772283
ACCCGTAGTCTAGTTG-1,0.000033,0.605951,0.377531,0.016486
ACCCGTGTCATCAGTA-1,0.00005,0.284374,0.116158,0.599418
ACCCTATAGGACTGAG-1,0.000618,0.000027,0.400645,0.598711
ACCCTATGCCATATCG-1,0.000044,0.083761,0.017191,0.899005
ACCCTCCCGTCAGGGC-1,0.00005,0.841494,0.001339,0.157117
ACCCTCCCTTGCTATT-1,0.000034,0.031361,0.155739,0.812867
ACCCTGGTAACGCCCT-1,0.000033,0.022783,0.30359,0.673594
ACCCTTCATCTGCGAA-1,0.000062,0.000062,0.025654,0.974223
ACCCTTGCCTGGGTCG-1,0.000026,0.000445,0.16243,0.837099
ACCCTTTAGTTCTCCA-1,0.002287,0.123393,0.322192,0.552128
ACCGAAAGGGCCCTGC-1,0.000045,0.013324,0.167592,0.819039
ACCGAAGAGTCTGGTT-1,0.000035,0.000035,0.025209,0.974721
ACCGACACATCTCCCA-1,0.000041,0.863163,0.108511,0.028285
ACCGACTGAGTCCCAC-1,0.00004,0.00335,0.000081,0.99653
ACCGAGTCTCCTTATT-1,0.000074,0.860434,0.000148,0.139345
ACCGATAGGCATAACC-1,0.000358,0.040389,0.326581,0.632672
ACCGATATTTAATCAT-1,0.000028,0.035864,0.258133,0.705975
ACCGATGGTAGCATCG-1,0.000033,0.000033,0.101258,0.898676
ACCGCAATAACTGCCT-1,0.000034,0.153846,0.003687,0.842433
ACCGCGGTGGAAGTCG-1,0.00003,0.00003,0.078256,0.921683
ACCGCTAGTCATTGGT-1,0.000049,0.001375,0.154183,0.844393
ACCGGGCCTTTGTTGA-1,0.00003,0.027907,0.036508,0.935555
ACCGGTCAGGTACACC-1,0.000022,0.005444,0.337957,0.656577
ACCGTCCACTGGGCCC-1,0.000031,0.000031,0.050757,0.949182
ACCGTGACCACGTGGG-1,0.00003,0.070575,0.117022,0.812373
ACCTAAGTACCTTTCA-1,0.000034,0.039291,0.532155,0.428521
ACCTAATCGACTTCCT-1,0.000047,0.032875,0.142602,0.824476
ACCTACAGTATGTGGT-1,0.000059,0.000059,0.000118,0.999765
ACCTACTATAAATCTA-1,0.000026,0.048511,0.658835,0.292628
ACCTCAGCGAGGCGCA-1,0.016673,0.421527,0.033346,0.528454
ACCTCCGCCCTCGCTG-1,0.000027,0.054652,0.522301,0.42302
ACCTCCGTTATTCACC-1,0.000048,0.000048,0.490172,0.509732
ACCTCGAACTTATGCT-1,0.000024,0.029243,0.247135,0.723598
ACCTGCGTGTCATGTT-1,0.000034,0.000034,0.080742,0.91919
ACGAAATGGGCGGCAC-1,0.000028,0.000028,0.000057,0.999886
ACGACCCATGAGTTGC-1,0.000017,0.072442,0.260482,0.667059
ACGACTCTAGGGCCGA-1,0.000057,0.925598,0.011309,0.063036
ACGACTGGTCATACTC-1,0.000571,0.058326,0.061773,0.87933
ACGAGAACCCATCACG-1,0.000037,0.000037,0.000075,0.999851
ACGAGATATTTGCTTA-1,0.000059,0.000059,0.000117,0.999766
ACGAGGATACCACTCT-1,0.000025,0.00091,0.477098,0.521966
ACGAGGTTTACAACGT-1,0.000023,0.001772,0.401312,0.596893
ACGAGTACGGATGCCC-1,0.000021,0.000021,0.809987,0.18997
ACGATACATAGAACTA-1,0.000047,0.000047,0.000093,0.999813
ACGATACCTATCCTGA-1,0.000028,0.000028,0.19893,0.801013
ACGATCATACATAGAG-1,0.000037,0.000037,0.307977,0.691948
ACGATCATCTTGTAAA-1,0.000035,0.000035,0.050212,0.949717
ACGATGCATATGTTAT-1,0.000052,0.115444,0.000104,0.8844
ACGATGGATCCGATGC-1,0.000042,0.009176,0.066812,0.923969
ACGCAAACTAATAGAT-1,0.000027,0.070376,0.312899,0.616698
ACGCAATCACTACAGC-1,0.004728,0.035937,0.153835,0.805499
ACGCATACGTTTACTA-1,0.000046,0.024642,0.015115,0.960196
ACGCATTCGTGAGTAC-1,0.000041,0.000041,0.000081,0.999838
ACGCCACTCGAAACAG-1,0.000023,0.076955,0.88192,0.041102
ACGCCAGATGATTTCT-1,0.000055,0.005846,0.122576,0.871523
ACGCCAGTGCGTTTGC-1,0.006496,0.391654,0.252526,0.349325
ACGCCGCTAGACGACC-1,0.000033,0.025894,0.120789,0.853283
ACGCGAAGTCAGACGA-1,0.000066,0.553957,0.000132,0.445845
ACGCGCTACACAGGGT-1,0.000029,0.039841,0.17239,0.787739
ACGCGGGCCAAGGACA-1,0.000031,0.000031,0.016243,0.983694
ACGCGTTTCTTAAGAG-1,0.00003,0.00003,0.000603,0.999338
ACGCTACTGAATGGGC-1,0.00005,0.633321,0.178296,0.188332
ACGCTAGTGATACACT-1,0.000052,0.021933,0.197582,0.780433
ACGCTGTGAGGCGTAG-1,0.000042,0.000042,0.035598,0.964318
ACGGAACACGAGTGCC-1,0.000055,0.326564,0.257817,0.415564
ACGGAATTTAGCAAAT-1,0.000033,0.000033,0.129689,0.870244
ACGGACGCAGCGACAA-1,0.000022,0.000022,0.331785,0.668171
ACGGACTCTCAAAGCG-1,0.000051,0.436952,0.344854,0.218143
ACGGAGCGCAAATTAC-1,0.000044,0.009935,0.000089,0.989932
ACGGATGGTGCGGATA-1,0.000045,0.855538,0.030091,0.114325
ACGGCACTTGCTTGGG-1,0.000052,0.349178,0.117985,0.532785
ACGGCCAACATGGACT-1,0.001284,0.502192,0.083485,0.41304
ACGGCGACGATGGGAA-1,0.000025,0.087996,0.187492,0.724487
ACGGCGGGTTGCCCTG-1,0.000154,0.082732,0.203781,0.713333
ACGGCTGGATGTAGAA-1,0.000019,0.004389,0.23242,0.763172
ACGGGAGTGTCGGCCC-1,0.005238,0.000017,0.768795,0.22595
ACGGGCGTATGCGACA-1,0.000031,0.000031,0.169856,0.830082
ACGGGTCATGTGACTT-1,0.000035,0.000035,0.004736,0.995194
ACGGGTTGTGACCTGT-1,0.000031,0.000031,0.28514,0.714799
ACGGTACAGTTCAATG-1,0.000051,0.884609,0.000102,0.115238
ACGGTCACCGAGAACA-1,0.000027,0.02385,0.072975,0.903148
ACGTACAGATTTCTCT-1,0.000039,0.008927,0.216194,0.77484
ACGTACTTTGGCACGG-1,0.000032,0.000032,0.409381,0.590555
ACGTAGATTGCTGATG-1,0.000053,0.000053,0.00908,0.990815
ACGTAGGAGAGTCGCT-1,0.000062,0.599766,0.000123,0.400049
ACGTATTACTCCGATC-1,0.000033,0.000884,0.132197,0.866886
ACGTCGGGCAACTCGG-1,0.000053,0.000053,0.285928,0.713966
ACGTCTCGTTCCGGGA-1,0.000025,0.000025,0.274628,0.725323
ACGTGACAAAGTAAGT-1,0.000021,0.0016,0.040208,0.958171
ACGTGCGCCTCGTGCA-1,0.000058,0.000058,0.000116,0.999767
ACGTTAATGTCGAAGA-1,0.000043,0.02845,0.000086,0.971422
ACGTTAGATTTGCCCG-1,0.000052,0.149132,0.000104,0.850712
ACGTTATTGGTCACTC-1,0.000041,0.000041,0.000083,0.999835
ACGTTCACTATGCCGC-1,0.000036,0.021179,0.098025,0.880759
ACGTTCCGCGCTCCGT-1,0.000031,0.000031,0.427601,0.572337
ACGTTCGCAATCAATT-1,0.000052,0.000052,0.027515,0.97238
ACGTTCGTTCAGGAAA-1,0.000022,0.000022,0.33479,0.665165
ACGTTCTGTACAAGTC-1,0.000076,0.729875,0.000151,0.269899
ACGTTGTCGTTGAAAG-1,0.000055,0.010649,0.021391,0.967905
ACGTTTAGTTGTGATC-1,0.000061,0.000061,0.00794,0.991937
ACGTTTCGGTGCACTT-1,0.002256,0.856228,0.140963,0.000553
ACTAAGGACGCACACC-1,0.000042,0.079616,0.000084,0.920258
ACTACAAAGAGAGGTG-1,0.00003,0.026061,0.252194,0.721715
ACTACATCCCGACAAG-1,0.000019,0.0095,0.166984,0.823497
ACTACCAGCTCTCTGG-1,0.000041,0.03447,0.040208,0.925281
ACTACCATCCGAGGGC-1,0.00068,0.000025,0.297327,0.701968
ACTACGCGTTAGAATT-1,0.000046,0.267089,0.018186,0.714679
ACTAGTTGCGATCGTC-1,0.000034,0.000034,0.015892,0.984041
ACTATATGCTGTGTTC-1,0.006847,0.086867,0.256533,0.649754
ACTATCCAGGGCATGG-1,0.000036,0.000036,0.075427,0.9245
ACTATCTGCCCGCGTA-1,0.000024,0.000024,0.30316,0.696793
ACTATGTCCAGCTGCC-1,0.000036,0.000036,0.060726,0.939202
ACTATTCGTCCGTGGT-1,0.000041,0.000041,0.102751,0.897167
ACTATTTCCGGGCCCA-1,0.000041,0.000041,0.000082,0.999836
ACTCAACGAATGTATT-1,0.00009,0.028403,0.022339,0.949167
ACTCAAGTGCAAGGCT-1,0.000063,0.57479,0.000126,0.42502
ACTCAATAAAGGCACG-1,0.000032,0.00085,0.238969,0.760149
ACTCAGACCTGCTTCT-1,0.002546,0.000048,0.165815,0.831592
ACTCATGGCAGCCTTC-1,0.000031,0.000031,0.219331,0.780607
ACTCCAATATCATCAT-1,0.000036,0.008197,0.210676,0.781091
ACTCCCATTCCTAAAG-1,0.000027,0.000027,0.143409,0.856536
ACTCCCGAATTCGTTT-1,0.000025,0.000025,0.373961,0.62599
ACTCCCGTAGACTAGG-1,0.000033,0.000033,0.003769,0.996165
ACTCCCTAATGCTAAA-1,0.000046,0.426558,0.436745,0.136651
ACTCCCTAGAATAGTA-1,0.000023,0.112218,0.812729,0.07503
ACTCCGGCCGACCACT-1,0.000051,0.775121,0.114981,0.109847
ACTCGATGTATTTCAT-1,0.000055,0.000055,0.017213,0.982676
ACTCGCCGTTCGATAA-1,0.000835,0.831192,0.064744,0.103229
ACTCGCGATCTGACGC-1,0.000041,0.010489,0.000081,0.989389
ACTCGTAACCCGTCCT-1,0.000033,0.009275,0.087003,0.903688
ACTCGTCAGTAATCCC-1,0.000035,0.000035,0.167929,0.832001
ACTCTAAACCTGGGAT-1,0.000028,0.000028,0.036912,0.963033
ACTCTCTGACTTAGGT-1,0.00003,0.046853,0.443329,0.509789
ACTCTCTTATACACGA-1,0.00007,0.187027,0.313012,0.499892
ACTCTGACCTAATAGA-1,0.000055,0.946777,0.020366,0.032802
ACTCTTCAGCTCCCGC-1,0.000024,0.030216,0.29119,0.67857
ACTCTTGTATAGTAAC-1,0.000035,0.000035,0.217277,0.782653
ACTGAAACGCCGTTAG-1,0.000025,0.027172,0.548104,0.4247
ACTGAATGGCGAAAGT-1,0.000604,0.017081,0.246533,0.735782
ACTGCCCGCCATTCTC-1,0.000774,0.012582,0.261935,0.724709
ACTGCCGTCGTAACTC-1,0.000043,0.000043,0.040854,0.959061
ACTGCGGACACACCGT-1,0.000034,0.017619,0.000067,0.98228
ACTGCTCGGAAGGATG-1,0.000039,0.000039,0.098465,0.901456
ACTGGCGAACCTGCGT-1,0.000037,0.025439,0.272212,0.702312
ACTGGGATGCCAGTGC-1,0.000043,0.000043,0.286154,0.713759
ACTGTACGATACACAT-1,0.000034,0.011133,0.044411,0.944422
ACTGTAGCACTTTGGA-1,0.000041,0.018368,0.158102,0.823489
ACTGTATACGCGAGCA-1,0.000029,0.000029,0.268837,0.731104
ACTGTCCAGGATTATA-1,0.000034,0.006843,0.02772,0.965403
ACTGTCTTCTTTAGAA-1,0.000049,0.000049,0.000099,0.999803
ACTGTGCTAGTAGATC-1,0.000042,0.000042,0.104791,0.895124
ACTTACCGGGCGCGCA-1,0.000068,0.091529,0.187359,0.721044
ACTTACGCATCCACGC-1,0.000021,0.213989,0.784488,0.001501
ACTTAGTACGACAAGA-1,0.000039,0.000039,0.007226,0.992695
ACTTATACTTACCCGG-1,0.000034,0.000034,0.133628,0.866304
ACTTATTAGGATCGGT-1,0.000068,0.113185,0.000136,0.88661
ACTTATTTATGTGCCA-1,0.00084,0.031037,0.256352,0.711771
ACTTCAGGCTGATCCC-1,0.00004,0.080076,0.208693,0.71119
ACTTCCAGTGGAAGCT-1,0.000038,0.000038,0.107123,0.892802
ACTTCCATGCGGGACA-1,0.000027,0.298822,0.560849,0.140302
ACTTCGCCATACGCAC-1,0.000059,0.020017,0.060526,0.919398
ACTTCGCTAGCGAGTG-1,0.000027,0.019323,0.058647,0.922003
ACTTGACTCCCTCTTT-1,0.000036,0.000036,0.307022,0.692906
ACTTGCTCTATCTACC-1,0.00003,0.009501,0.376667,0.613801
ACTTGGGACCCGGTGG-1,0.000036,0.016703,0.209492,0.773769
ACTTGGGCTTTCGCCA-1,0.010001,0.010002,0.020006,0.959991
ACTTGTAGTCCCTTCA-1,0.002586,0.000035,0.303182,0.694197
ACTTGTGGATGGAACG-1,0.000031,0.007333,0.034593,0.958042
ACTTGTTACCGGATCA-1,0.000052,0.000052,0.422062,0.577835
ACTTTACCCTCATGAA-1,0.00003,0.00003,0.392892,0.607048
ACTTTATACACCACTT-1,0.000044,0.000044,0.232746,0.767167
ACTTTCCTATAGCTTC-1,0.000056,0.000056,0.000113,0.999775
ACTTTGACTGCATCCT-1,0.002184,0.027182,0.008016,0.962618
ACTTTGGTCGTGCTCC-1,0.000044,0.023373,0.043466,0.933117
ACTTTGTCGACGCACT-1,0.000024,0.012255,0.273939,0.713781
AGAAATTATGACTCGC-1,0.00002,0.053556,0.113465,0.83296
AGAACACGGCGATGGT-1,0.000037,0.000037,0.460908,0.539018
AGAACCCAGCGTGACA-1,0.000026,0.008421,0.132547,0.859006
AGAACCCTCAATTGGG-1,0.000719,0.005591,0.261754,0.731935
AGAACGTGGTACATTC-1,0.000029,0.005342,0.162787,0.831843
AGAACTGTACTTTGTA-1,0.000071,0.985527,0.013978,0.000424
AGAAGAGCGCCGTTCC-1,0.000308,0.000308,0.033967,0.965417
AGAAGGTACACTTCAC-1,0.000025,0.000521,0.291416,0.708039
AGAAGGTTGCCGAATT-1,0.000052,0.198934,0.157983,0.643031
AGAAGGTTGTAGGTCG-1,0.000049,0.527995,0.000099,0.471856
AGAAGTGATTCGTGAT-1,0.000021,0.000021,0.580944,0.419015
AGAATAAATCTTCAGG-1,0.000714,0.000031,0.000063,0.999191
AGAATACAGGCTATCC-1,0.000949,0.35811,0.506034,0.134907
AGAATGCGGGTTCGGA-1,0.001612,0.119367,0.212717,0.666303
AGAATTATGGATTCGA-1,0.000033,0.000033,0.202278,0.797656
AGAATTGTTTGACATA-1,0.000047,0.000047,0.000094,0.999812
AGACAGCTCAGAATCC-1,0.000029,0.000029,0.075759,0.924183
AGACAGGCATCTCAGC-1,0.000028,0.000028,0.49505,0.504895
AGACATAGATCCTTCC-1,0.000039,0.000039,0.000692,0.999231
AGACCAAACCACACCT-1,0.000031,0.0182,0.089191,0.892578
AGACCATGGGATACAA-1,0.00003,0.012255,0.00006,0.987655
AGACCCACCGCTGATC-1,0.000028,0.346688,0.592139,0.061146
AGACCCGCCCTCCTCG-1,0.000037,0.037892,0.11358,0.848491
AGACCGCTCCGCGGTT-1,0.000018,0.000018,0.559933,0.44003
AGACCGGGAAACCCTG-1,0.000034,0.022532,0.000069,0.977365
AGACGAAGTGCCGGTC-1,0.000011,0.000011,0.78328,0.216697
AGACGACGATGCCGCT-1,0.000024,0.031457,0.361526,0.606993
AGACGCCCACTTCGCC-1,0.000017,0.063147,0.244146,0.69269
AGACTAGCCTTCCAGA-1,0.000047,0.042579,0.015832,0.941541
AGACTGTTACCGGGTC-1,0.000028,0.036829,0.294567,0.668575
AGAGAAACACCAGAAA-1,0.000025,0.007321,0.110249,0.882405
AGAGAACCGTCTAGGA-1,0.000036,0.00023,0.00621,0.993524
AGAGAAGGAGTACAAT-1,0.000946,0.044695,0.153026,0.801333
AGAGATCTCTAAAGCG-1,0.000032,0.035277,0.000848,0.963843
AGAGCAGTTATGAGAC-1,0.001463,0.000031,0.018374,0.980132
AGAGCCGCCGAGATTT-1,0.000033,0.006043,0.431918,0.562006
AGAGCGCTTGTAACGG-1,0.000022,0.000022,0.058563,0.941393
AGAGCGGGCTAATCAT-1,0.000054,0.000054,0.002117,0.997776
AGAGCGTACAAGCTCG-1,0.000031,0.000031,0.433104,0.566834
AGAGCTACGAAAGCAT-1,0.00009,0.038759,0.136261,0.82489
AGAGGCTTCGGAAACC-1,0.000019,0.000019,0.076186,0.923776
AGAGTAAACTTCACTA-1,0.006382,0.017488,0.185246,0.790884
AGAGTATAGTGTTACG-1,0.000033,0.00454,0.054222,0.941204
AGAGTCTTAATGAAAG-1,0.001667,0.984995,0.003334,0.010003
AGAGTTGCAGGCCTCC-1,0.004053,0.037129,0.353413,0.605405
AGATAACTTCAGGGCC-1,0.000035,0.033136,0.000069,0.96676
AGATAATCACACCTAT-1,0.001819,0.001819,0.003637,0.992725
AGATACCAATAGAACC-1,0.000032,0.357711,0.110402,0.531855
AGATACCAGCACTTCA-1,0.000048,0.036011,0.000096,0.963845
AGATACCGGTGTTCAC-1,0.000035,0.124281,0.000069,0.875616
AGATACGACTTCATAT-1,0.000045,0.000045,0.070235,0.929675
AGATACTCAAGATCGA-1,0.000028,0.023115,0.239121,0.737735
AGATATAATACGACTA-1,0.000044,0.55186,0.370663,0.077433
AGATCGTGCATAAGAT-1,0.000018,0.000018,0.354884,0.64508
AGATCTCAGGTGTGAT-1,0.001288,0.00005,0.335964,0.662698
AGATCTGGAGAGGATA-1,0.00119,0.000048,0.347927,0.650834
AGATGACTCGCCCACG-1,0.000047,0.005763,0.000093,0.994098
AGATGAGGGTTGCGAT-1,0.000045,0.045013,0.03139,0.923552
AGATGATGGAGTCTGG-1,0.000023,0.000023,0.449246,0.550708
AGATGCAAGACGTGCA-1,0.000015,0.000015,0.673028,0.326941
AGATGCATCCTGTGTC-1,0.000028,0.000028,0.080829,0.919115
AGATGCTATAACGAGC-1,0.000085,0.061432,0.11446,0.824023
AGATTATAGGACGTTT-1,0.000055,0.058572,0.000111,0.941262
AGATTCACAACCGATA-1,0.000021,0.007811,0.331299,0.660869
AGCAAAGGCCGCTAGT-1,0.000029,0.588291,0.000057,0.411623
AGCAACATATCTTATT-1,0.000674,0.000026,0.123232,0.876069
AGCAACCGAAAGTAAT-1,0.000015,0.000279,0.347739,0.651967
AGCACACGTTTAGACT-1,0.00003,0.00003,0.36164,0.6383
AGCACCAGTACTCACG-1,0.00004,0.00004,0.00008,0.99984
AGCACTACCGGCCTGT-1,0.000027,0.000027,0.000055,0.99989
AGCACTACCTCACCAG-1,0.000048,0.296823,0.056188,0.64694
AGCACTTAAGGACGCC-1,0.000044,0.00272,0.10595,0.891285
AGCAGAAGGAGAAAGA-1,0.000036,0.731375,0.013478,0.255111
AGCAGCCAGATGAATA-1,0.001085,0.541,0.041806,0.41611
AGCAGTCGAAGCATGC-1,0.000128,0.724959,0.000256,0.274657
AGCATATCAATATGCT-1,0.000033,0.046291,0.06171,0.891965
AGCATCATTTCGAAAG-1,0.000032,0.010405,0.220717,0.768845
AGCATCGTCGATAATT-1,0.000031,0.004253,0.314876,0.68084
AGCATTACGAGGCAAG-1,0.00006,0.845725,0.004553,0.149662
AGCCAAGCTTTGTGTC-1,0.000034,0.094967,0.316411,0.588588
AGCCACAGGTTACCCG-1,0.000078,0.845898,0.000155,0.153869
AGCCACTCCCGTGCTT-1,0.000053,0.000053,0.047072,0.952822
AGCCATATAGTATGTG-1,0.000036,0.070418,0.320641,0.608904
AGCCCATACATGTAAG-1,0.000035,0.07094,0.012672,0.916353
AGCCCGCAACAAGCAG-1,0.000031,0.070087,0.201766,0.728116
AGCCCGCACTACAATG-1,0.000058,0.929896,0.063315,0.006731
AGCCCGGCATTAGAGG-1,0.000031,0.000031,0.000062,0.999877
AGCCCGGTAGCCTGTA-1,0.000034,0.084789,0.012904,0.902273
AGCCCTAAGCGAAGTT-1,0.00004,0.00004,0.072607,0.927312
AGCCCTCCCTGGTGGC-1,0.000026,0.000026,0.177684,0.822265
AGCCCTGTCGCACCGT-1,0.000029,0.000029,0.210945,0.788997
AGCCCTTCTAATCCGA-1,0.000063,0.019627,0.000126,0.980184
AGCCCTTGGACATCCC-1,0.000024,0.001663,0.357001,0.641313
AGCCGCAAATTCAAAT-1,0.000019,0.000019,0.097598,0.902365
AGCCGTGGCTAAATGT-1,0.000031,0.000031,0.082464,0.917473
AGCCTAATACCCACGT-1,0.000026,0.000026,0.242466,0.757483
AGCCTTAAAGCGGAAG-1,0.000037,0.000037,0.031688,0.968239
AGCCTTGTCACTGATA-1,0.000031,0.000031,0.115731,0.884206
AGCGACAGGAACGGTC-1,0.000038,0.093892,0.143301,0.762769
AGCGACATCCCATTCA-1,0.000053,0.000053,0.000105,0.99979
AGCGACCAACGATATT-1,0.000032,0.012208,0.01822,0.96954
AGCGACTTTGAAGACA-1,0.001429,0.001429,0.002858,0.994284
AGCGAGACGTGAAGGC-1,0.000017,0.002261,0.444832,0.55289
AGCGATGCGCCTAATA-1,0.000033,0.328567,0.057648,0.613752
AGCGCATAATGAATCG-1,0.000041,0.43484,0.032108,0.533011
AGCGCGGGTGCCAATG-1,0.005654,0.000021,0.210804,0.783522
AGCGCTAGAGCGATGT-1,0.000034,0.000034,0.005598,0.994335
AGCGGACACTTCGTAG-1,0.005883,0.214021,0.560922,0.219174
AGCGGCGGTTAGCGGT-1,0.000022,0.000022,0.467651,0.532306
AGCGGGAAGGGTCCAT-1,0.000031,0.000031,0.069242,0.930695
AGCGGGTCTGACACTC-1,0.000032,0.198799,0.404599,0.396569
AGCGGTTGCCGCTCTG-1,0.000043,0.000043,0.000085,0.99983
AGCGTACGAGAGCTAG-1,0.000096,0.000096,0.018949,0.98086
AGCGTCTGAACCCGCA-1,0.000115,0.048448,0.025727,0.92571
AGCGTGGTATTCTACT-1,0.000028,0.036294,0.456336,0.507342
AGCTAACAAGCAATGT-1,0.000025,0.028859,0.099059,0.872058
AGCTAAGCTCCGTCCG-1,0.000047,0.000047,0.189679,0.810228
AGCTAAGTACGCAGGC-1,0.000049,0.898429,0.003553,0.097969
AGCTACGAATGGTGGT-1,0.016668,0.016669,0.033349,0.933314
AGCTAGAAGCAGAAGT-1,0.000018,0.000018,0.384264,0.615699
AGCTATTTAATCCAAC-1,0.000044,0.000044,0.249775,0.750137
AGCTCCATATATGTTC-1,0.000023,0.000023,0.691994,0.30796
AGCTCCTTCGCACATC-1,0.000022,0.044176,0.493905,0.461897
AGCTCGTTGATGGAAA-1,0.000018,0.006063,0.220298,0.773621
AGCTCTAGACGTTCCA-1,0.000036,0.000036,0.135192,0.864736
AGCTCTTCCCAGTGCA-1,0.00004,0.004548,0.114366,0.881046
AGCTCTTCGTAACCTT-1,0.00004,0.00004,0.00933,0.990589
AGCTCTTTACTCAGTT-1,0.000044,0.190074,0.219208,0.590675
AGCTGAAGTAAACCAA-1,0.000023,0.000023,0.428522,0.571432
AGCTGTAACCTCAATC-1,0.000033,0.027019,0.433869,0.539079
AGCTTATAGAGACCTG-1,0.000142,0.080415,0.034256,0.885187
AGCTTCTTCTCGAGCA-1,0.000059,0.911619,0.000118,0.088204
AGCTTGATCAGGGTAG-1,0.000031,0.000031,0.378654,0.621284
AGCTTGATCTTAACTT-1,0.000023,0.007939,0.251357,0.740681
AGGAACGAACGACTTC-1,0.00002,0.20439,0.18468,0.610911
AGGAAGCTGTCCGCCG-1,0.000072,0.609687,0.000144,0.390096
AGGACAGTCGAATCCC-1,0.000029,0.002164,0.329444,0.668363
AGGACATCGCACGTCG-1,0.000021,0.000021,0.471528,0.528429
AGGACATCGGCACACT-1,0.000052,0.7583,0.092561,0.149087
AGGACGACCCATTAGA-1,0.000056,0.207137,0.000113,0.792694
AGGACGCTCGATGTTG-1,0.000037,0.000037,0.02583,0.974095
AGGACTTATAGGAGAA-1,0.0001,0.032278,0.068976,0.898645
AGGAGACATCCACAGT-1,0.000026,0.005579,0.005771,0.988624
AGGAGAGTCTGGCTAC-1,0.000024,0.001664,0.072792,0.925519
AGGAGCGTTTATTATC-1,0.010002,0.010005,0.020008,0.959986
AGGAGGCCTTCGCGCG-1,0.000023,0.01286,0.149661,0.837456
AGGATAAAGTCGGGAT-1,0.00006,0.551964,0.00012,0.447856
AGGATATAGGGATTTA-1,0.000033,0.008983,0.031092,0.959891
AGGATATCCGACTGCA-1,0.000056,0.950178,0.004906,0.04486
AGGATCACGCGATCTG-1,0.000035,0.000035,0.223891,0.77604
AGGATTGCTTACGACA-1,0.000047,0.000047,0.018806,0.981101
AGGCACGTGACTGTCC-1,0.000041,0.018103,0.180572,0.801285
AGGCAGATGCGTAAAC-1,0.000028,0.010644,0.043063,0.946264
AGGCAGGGAGCGTACT-1,0.000042,0.108482,0.176994,0.714481
AGGCATTGTCGTAGGG-1,0.000027,0.012179,0.343287,0.644507
AGGCCACATTGGTTAC-1,0.000029,0.016815,0.123193,0.859962
AGGCCACCCGTTATGA-1,0.000056,0.019822,0.023775,0.956347
AGGCCCAGTGACTGGT-1,0.000139,0.054406,0.217466,0.727989
AGGCCCATTGTACAGG-1,0.000045,0.000045,0.00009,0.99982
AGGCCCTAGAACGCCA-1,0.000037,0.027444,0.194711,0.777808
AGGCCTATCATACCAA-1,0.000018,0.000018,0.854196,0.145767
AGGCCTGAGAATCTCG-1,0.000045,0.751777,0.00009,0.248088
AGGCGATAACTGGCGT-1,0.00002,0.019673,0.470618,0.509689
AGGCGGTTTGTCCCGC-1,0.000026,0.000026,0.235151,0.764797
AGGCGTCTATGGACGG-1,0.001816,0.011406,0.018893,0.967884
AGGCTATGGTTAGCTT-1,0.000037,0.000037,0.000075,0.99985
AGGCTTAAGTTGCACA-1,0.003705,0.003705,0.505283,0.487308
AGGCTTCCCGAAGAAG-1,0.000042,0.165167,0.003818,0.830973
AGGCTTGCTAGACACC-1,0.000035,0.000035,0.021903,0.978028
AGGGAAACGAGGTACT-1,0.000021,0.000021,0.484661,0.515297
AGGGACCGGCTGCGTT-1,0.000039,0.000039,0.000351,0.999571
AGGGACTCTACGCGAC-1,0.000041,0.287266,0.075676,0.637018
AGGGAGACATACTTCG-1,0.000042,0.000042,0.316537,0.683379
AGGGCAGCGGCGTGGT-1,0.000056,0.000056,0.000112,0.999776
AGGGCCCTAATGTTCT-1,0.000019,0.04122,0.556583,0.402179
AGGGCGAGCAGCTGAT-1,0.000031,0.001992,0.00648,0.991497
AGGGCGTGATCGGCTA-1,0.000025,0.000025,0.135669,0.864281
AGGGCTGCAGTTACAG-1,0.000035,0.007886,0.128229,0.863851
AGGGTCAGAGCACTCG-1,0.001612,0.032322,0.123364,0.842702
AGGGTCAGTAACCCTA-1,0.000065,0.025755,0.000129,0.974051
AGGGTCGATGCGAACT-1,0.000039,0.000039,0.063958,0.935964
AGGGTCTGGACGCAGT-1,0.000029,0.469281,0.397089,0.133601
AGGGTGCCGTTCTTTA-1,0.00002,0.023039,0.204718,0.772222
