Barcode,Topic 1,Topic 2to5,Topic 6,Topic 7,Topic 8to9
AAACAAGTATCTCCCA-1,0.007572,0.458203,0.080031,0.056133,0.398061
AAACACCAATAACTGC-1,0.021175,0.45051,0.280393,0.02564,0.222281
AAACAGCTTTCAGAAG-1,0.185263,0.804943,0.000107,0.003002,0.006685
AAACAGGGTCTATATT-1,0.240447,0.671476,0.000007,0.041421,0.046649
AAACATGGTGAGAGGA-1,0.013136,0.910825,0.000011,0.000011,0.076016
AAACATTTCCCGGATT-1,0.014556,0.04774,0.037105,0.130617,0.769982
AAACCCGAACGAAATC-1,0.116382,0.87311,0.005045,0.005003,0.000459
AAACCGGGTAGGTACC-1,0.013812,0.68549,0.223355,0.031113,0.04623
AAACCGTTCGTCCAGG-1,0.013582,0.184005,0.144825,0.057879,0.599709
AAACCTAAGCAGCCGG-1,0.269625,0.168014,0.025271,0.316865,0.220225
AAACCTCATGAAGTTG-1,0.016558,0.724608,0.079208,0.035823,0.143804
AAACGAAGATGGAGTA-1,0.093008,0.860214,0.040531,0.004532,0.001715
AAACGAGACGGTTGAT-1,0.000026,0.951906,0.019443,0.020331,0.008294
AAACGGGCGTACGGGT-1,0.00526,0.159472,0.003906,0.09573,0.735633
AAACGGTTGCGAACTG-1,0.022324,0.100109,0.256621,0.327388,0.293559
AAACTCGGTTCGCAAT-1,0.000012,0.000048,0.000765,0.003022,0.996152
AAACTCGTGATATAAG-1,0.026897,0.928119,0.04494,0.000014,0.000029
AAACTGCTGGCTCCAA-1,0.189125,0.725719,0.000013,0.083198,0.001946
AAACTTAATTGCACGC-1,0.058194,0.831859,0.000014,0.000014,0.109918
AAACTTGCAAACGTAT-1,0.062086,0.850473,0.000009,0.066285,0.021148
AAAGAATGACCTTAGA-1,0.049436,0.84304,0.076166,0.014692,0.016666
AAAGAATGTGGACTAA-1,0.002062,0.000061,0.488669,0.014636,0.494572
AAAGACCCAAGTCGCG-1,0.000036,0.727605,0.272251,0.000036,0.000072
AAAGACTGGGCGCTTT-1,0.008751,0.965379,0.003694,0.001987,0.020188
AAAGCTTGCCTACATA-1,0.027288,0.970185,0.002489,0.000013,0.000025
AAAGGCCCTATAATAC-1,0.014645,0.429191,0.251504,0.105664,0.198996
AAAGGCTACGGACCAT-1,0.014816,0.014227,0.134732,0.11315,0.723076
AAAGGCTCTCGCGCCG-1,0.000027,0.000107,0.002834,0.026245,0.970787
AAAGGGATGTAGCAAG-1,0.025086,0.974863,0.000013,0.000013,0.000026
AAAGGGCAGCTTGAAT-1,0.000219,0.963511,0.005172,0.002072,0.029026
AAAGTAGCATTGCTCA-1,0.099365,0.402774,0.056836,0.293397,0.147628
AAAGTCACTGATGTAA-1,0.000037,0.423362,0.576492,0.000037,0.000073
AAAGTCGACCCTCAGT-1,0.092665,0.71886,0.000009,0.024845,0.163621
AAAGTGTGATTTATCT-1,0.000022,0.704141,0.030677,0.02991,0.23525
AAAGTTGACTCCCGTA-1,0.030178,0.924506,0.020231,0.025028,0.000057
AAATAAGGTAGTGCCC-1,0.000007,0.999967,0.000007,0.000007,0.000013
AAATACCTATAAGCAT-1,0.019356,0.325881,0.019745,0.099923,0.535094
AAATAGCTTAGACTTT-1,0.00243,0.974652,0.019995,0.00176,0.001163
AAATAGGGTGCTATTG-1,0.021938,0.025681,0.203907,0.003376,0.745098
AAATCCGATACACGCC-1,0.000012,0.000049,0.005542,0.02307,0.971327
AAATCGCGGAAGGAGT-1,0.031875,0.723311,0.001684,0.025574,0.217556
AAATCGTGTACCACAA-1,0.028201,0.55766,0.002817,0.155724,0.255598
AAATCTAGCCCTGCTA-1,0.227317,0.049858,0.157105,0.020175,0.545546
AAATGATTCGATCAGC-1,0.03957,0.960375,0.000014,0.000014,0.000027
AAATGCTCGTTACGTT-1,0.000023,0.999199,0.00071,0.000023,0.000045
AAATGGCATGTCTTGT-1,0.000045,0.700532,0.299287,0.000045,0.00009
AAATGGCCCGTGCCCT-1,0.034188,0.689423,0.107777,0.009657,0.158955
AAATGGTCAATGTGCC-1,0.000027,0.913896,0.057051,0.007445,0.021581
AAATGTATCTTATCCC-1,0.000014,0.999932,0.000014,0.000014,0.000027
AAATTAACGGGTAGCT-1,0.002659,0.738187,0.029595,0.026789,0.20277
AAATTAATAAGCGCGA-1,0.018418,0.969413,0.01004,0.001003,0.001126
AAATTACACGACTCTG-1,0.000028,0.428403,0.571483,0.000028,0.000057
AAATTACCTATCGATG-1,0.003856,0.967503,0.028593,0.000016,0.000032
AAATTCCAGGTCCAAA-1,0.012738,0.892577,0.00059,0.012052,0.082043
AAATTGATAGTCCTTT-1,0.000028,0.127978,0.181937,0.03462,0.655436
AAATTTGCGGGTGTGG-1,0.003746,0.349566,0.062079,0.175768,0.408841
AACAACTGGTAGTTGC-1,0.049328,0.931581,0.016363,0.000017,0.002711
AACAATACATTGTCGA-1,0.000013,0.000052,0.008029,0.003148,0.988757
AACAATTACTCTACGC-1,0.000011,0.995271,0.00058,0.000011,0.004127
AACACACGCTCGCCGC-1,0.108164,0.506889,0.017196,0.309041,0.05871
AACACGAGACGCGGCC-1,0.013372,0.851862,0.030743,0.026401,0.077621
AACAGCTGTGTGGCAA-1,0.066891,0.001157,0.170328,0.005428,0.756197
AACAGGAAATCGAATA-1,0.065212,0.808476,0.126245,0.000022,0.000045
AACAGGATGGGCCGCG-1,0.006903,0.859706,0.093105,0.002026,0.03826
AACAGGTAGTATGGAT-1,0.007851,0.682922,0.047639,0.194274,0.067315
AACATAGCGTGTATCG-1,0.000036,0.139195,0.013019,0.111088,0.736662
AACATATCAACTGGTG-1,0.000018,0.961575,0.034529,0.00093,0.002948
AACATTGAAGTTGATC-1,0.01572,0.216205,0.114524,0.171236,0.482314
AACATTGTGACTCGAG-1,0.061932,0.003555,0.160018,0.196144,0.578351
AACCAAGACTTCTCTG-1,0.020719,0.759806,0.001392,0.029131,0.188952
AACCATAGGGTTGAAC-1,0.114216,0.811761,0.031413,0.010304,0.032306
AACCATGGGATCGCTA-1,0.032791,0.905328,0.061486,0.000355,0.000041
AACCCAGAGACGGAGA-1,0.052377,0.939784,0.007784,0.000018,0.000036
AACCCATCCCATGATC-1,0.062746,0.833816,0.091059,0.009895,0.002484
AACCCGACAACCCGTG-1,0.000011,0.000046,0.023582,0.003175,0.973186
AACCCGAGCAGAATCG-1,0.032452,0.11433,0.328642,0.034489,0.490087
AACCCTACTGTCAATA-1,0.005846,0.930812,0.003151,0.025942,0.03425
AACCGAGCTTGGTCAT-1,0.000023,0.994496,0.005412,0.000023,0.000046
AACCGCTAAGGGATGC-1,0.029133,0.531177,0.18012,0.034308,0.225262
AACCGTTGTGTTTGCT-1,0.000047,0.40764,0.59217,0.000047,0.000095
AACCTCGCTTTAGCCC-1,0.000016,0.007426,0.000017,0.057502,0.935039
AACCTGTCACGGAATT-1,0.000403,0.999155,0.000303,0.000088,0.00005
AACCTTTAAATACGGT-1,0.000027,0.023196,0.232001,0.051683,0.693093
AACCTTTACGACGTCT-1,0.007245,0.862996,0.129635,0.000041,0.000083
AACGAAAGTCGTCCCA-1,0.119887,0.647139,0.210454,0.018094,0.004426
AACGACCTCCTAGCCG-1,0.014988,0.300572,0.058276,0.131769,0.494395
AACGATAATGCCGTAG-1,0.029726,0.164388,0.300657,0.359149,0.146079
AACGATAGAAGGGCCG-1,0.061833,0.937986,0.000117,0.000021,0.000043
AACGATATGTCAACTG-1,0.036479,0.92895,0.001936,0.013147,0.019488
AACGCATGATCTGGGT-1,0.013542,0.966594,0.012622,0.007192,0.00005
AACGCGACCTTGGGCG-1,0.000012,0.000049,0.000012,0.001073,0.998853
AACGCGGTCTCCAGCC-1,0.036795,0.917736,0.029001,0.000019,0.016449
AACGCTGTTGCTGAAA-1,0.000023,0.13429,0.193561,0.004213,0.667913
AACGGACGTACGTATA-1,0.003533,0.149861,0.120336,0.033399,0.692871
AACGGCCATCTCCGGT-1,0.056344,0.51889,0.16142,0.116936,0.14641
AACGTACTGTGGGTAC-1,0.006785,0.67528,0.015393,0.302484,0.000059
AACGTCAGACTAGTGG-1,0.000012,0.99994,0.000012,0.000012,0.000024
AACGTCGCTGCACTTC-1,0.006606,0.129515,0.082063,0.062303,0.719512
AACGTGCGAAAGTCTC-1,0.000015,0.991678,0.005995,0.002281,0.00003
AACGTTATCAGCACCT-1,0.006395,0.984315,0.004224,0.005037,0.000029
AACTACCCGTTTGTCA-1,0.000026,0.633819,0.055779,0.023586,0.28679
AACTAGGCTTGGGTGT-1,0.005427,0.041552,0.081788,0.05599,0.815242
AACTCAAGTTAATTGC-1,0.0433,0.73657,0.060657,0.036242,0.123231
AACTCCAGAGCGTGTT-1,0.002457,0.067957,0.001394,0.132208,0.795984
AACTCGATGGCGCAGT-1,0.000859,0.76279,0.236232,0.00004,0.000079
AACTCTCAATAGAGCG-1,0.004945,0.891221,0.095434,0.000084,0.008316
AACTCTCAGTGTGCTC-1,0.135818,0.44299,0.000779,0.150269,0.270143
AACTGATATTAGGCCT-1,0.016429,0.98346,0.000025,0.000035,0.00005
AACTGGGTCCCGACGT-1,0.040372,0.927957,0.011166,0.020465,0.00004
AACTTCTGCGTCTATC-1,0.000021,0.999897,0.000021,0.000021,0.000041
AACTTGCCCGTATGCA-1,0.033208,0.955345,0.000886,0.00864,0.001921
AACTTGCGTTCTCGCG-1,0.051562,0.948389,0.000012,0.000012,0.000025
AACTTTACGGGAGCTT-1,0.01393,0.893365,0.004457,0.015181,0.073067
AACTTTCTCGATCATG-1,0.024447,0.975478,0.000019,0.000019,0.000037
AAGAAATCACCAGATT-1,0.00309,0.524465,0.463939,0.000028,0.008478
AAGAAGGATCAGTTAG-1,0.019766,0.980156,0.00002,0.00002,0.000039
AAGACATACGTGGTTT-1,0.002044,0.084277,0.318207,0.045021,0.550451
AAGACCAAATAACTCA-1,0.049349,0.925035,0.001742,0.01414,0.009735
AAGACCCAACTGAACA-1,0.011878,0.036714,0.102357,0.045497,0.803553
AAGACTGCAAGCTACT-1,0.000034,0.905477,0.055615,0.031295,0.007579
AAGAGATGAATCGGTA-1,0.021655,0.951914,0.026405,0.000009,0.000017
AAGAGCTCTTTATCGG-1,0.000022,0.844705,0.150839,0.00391,0.000525
AAGAGGATGTACGCGA-1,0.003806,0.892595,0.011508,0.046833,0.045259
AAGAGGCATGGATCGC-1,0.000807,0.884157,0.114662,0.000316,0.000058
AAGAGGCCCTTTGGAA-1,0.015355,0.123723,0.080871,0.053388,0.726662
AAGATGGCACCGGACC-1,0.043418,0.206449,0.000008,0.282684,0.46744
AAGATTGGCGGAACGT-1,0.000016,0.963107,0.036828,0.000016,0.000032
AAGCACCCTGCGTATC-1,0.000018,0.000071,0.184913,0.000032,0.814967
AAGCATACTCTCCTGA-1,0.129161,0.000146,0.617077,0.002443,0.251172
AAGCCGAAGCGGTTTA-1,0.064939,0.650922,0.177979,0.014305,0.091855
AAGCCGCCGTGAAATC-1,0.009815,0.423668,0.190916,0.150387,0.225214
AAGCCGCTTTACCTTG-1,0.076478,0.424672,0.498714,0.000045,0.000091
AAGCGCAGGGCTTTGA-1,0.001387,0.000061,0.048878,0.003796,0.945878
AAGCGTCCCTCATCGA-1,0.008552,0.327977,0.213127,0.377019,0.073325
AAGCTAGATCGAGTAA-1,0.077197,0.182559,0.137371,0.155195,0.447678
AAGCTCGTGCCAAGTC-1,0.000036,0.900602,0.084906,0.011718,0.002738
AAGCTCTTTCATGGTG-1,0.00003,0.000122,0.434247,0.00003,0.56557
AAGGAGCGGTTGGTGC-1,0.000025,0.999874,0.000025,0.000025,0.00005
AAGGATCGATCGCTTG-1,0.003523,0.995624,0.000008,0.000829,0.000016
AAGGATGAGGGACCTC-1,0.001196,0.90142,0.036374,0.012579,0.048431
AAGGCAGGCTGTCTCC-1,0.01038,0.987598,0.000265,0.001743,0.000014
AAGGCGCGTAAAGCTT-1,0.000008,0.999961,0.000008,0.000008,0.000016
AAGGCTGTGCTCATCG-1,0.028244,0.845631,0.007754,0.025798,0.092573
AAGGGAACGACTGGCT-1,0.038931,0.284528,0.019231,0.125319,0.531991
AAGGGACAGATTCTGT-1,0.002305,0.90127,0.050735,0.00299,0.0427
AAGGGACTATGCATTC-1,0.119782,0.100415,0.513928,0.010855,0.255021
AAGGGTTAGCCATGCG-1,0.207083,0.632327,0.024262,0.018994,0.117334
AAGGGTTTGATTTCAG-1,0.010051,0.920312,0.056903,0.005892,0.006842
AAGGTATCCTAATATA-1,0.002056,0.948431,0.015444,0.000663,0.033406
AAGGTGATAAACCAGC-1,0.061356,0.808179,0.016565,0.094058,0.019842
AAGTAGAAGACCGGGT-1,0.003858,0.992089,0.003982,0.000023,0.000047
AAGTAGTGACGCGAGG-1,0.175969,0.82397,0.000015,0.000015,0.000031
AAGTCAATTGTCGTCA-1,0.0035,0.814324,0.026178,0.066257,0.089741
AAGTCTAGTAGCTGCC-1,0.000036,0.828547,0.17131,0.000036,0.000071
AAGTCTTCTGTGGCCT-1,0.004353,0.849991,0.010199,0.001155,0.134303
AAGTGACGACCGAATT-1,0.012874,0.926778,0.000075,0.059892,0.000381
AAGTGAGTCGGGTTTA-1,0.000015,0.000058,0.000015,0.002795,0.997118
AAGTGCAAAGGTAGAC-1,0.000006,0.999972,0.000006,0.000006,0.000011
AAGTGCCTTGACTGTA-1,0.034057,0.846408,0.00325,0.022772,0.093513
AAGTGCGTTAGAATCT-1,0.041726,0.615192,0.00614,0.183431,0.153512
AAGTGCTTCTCTATTG-1,0.337117,0.154903,0.002115,0.039415,0.46645
AAGTGTTTGGAGACGG-1,0.000025,0.135672,0.006508,0.081056,0.776739
AAGTTCACTCCAAGCT-1,0.008445,0.082394,0.127102,0.081018,0.701041
AAGTTCAGTCTGCGTA-1,0.000039,0.690717,0.309127,0.000039,0.000078
AAGTTCGGCCAACAGG-1,0.046286,0.626216,0.130693,0.169478,0.027327
AAGTTGTGATGTTATA-1,0.014775,0.196883,0.047119,0.238376,0.502846
AAGTTTATGGGCCCAA-1,0.11743,0.019562,0.024419,0.149314,0.689275
AATAACAACGCTCGGC-1,0.000468,0.944414,0.000014,0.054482,0.000623
AATAACACTAGAACAA-1,0.060254,0.224997,0.461925,0.203085,0.049739
AATAACGTCGCGCCCA-1,0.000022,0.065938,0.259769,0.044912,0.629359
AATAATCTTCGTATCG-1,0.015119,0.596909,0.031739,0.194669,0.161564
AATACAATGTTTCAGG-1,0.000023,0.858618,0.041512,0.000023,0.099825
AATACCGGAGGGCTGT-1,0.020761,0.041792,0.198033,0.281269,0.458145
AATACCTGATGTGAAC-1,0.009306,0.167868,0.000043,0.158582,0.6642
AATAGAACAGAGTGGC-1,0.000039,0.250572,0.252297,0.048227,0.448864
AATAGAATCTGTTTCA-1,0.020773,0.410771,0.346168,0.030971,0.191316
AATAGCTACCGCGTGC-1,0.00004,0.823877,0.175961,0.00004,0.000081
AATAGTCCGTCCCGAC-1,0.002731,0.018335,0.231963,0.012785,0.734186
AATAGTCGCGAGTCGG-1,0.000017,0.994889,0.005043,0.000017,0.000034
AATATCAAGGTCGGAT-1,0.000088,0.290101,0.709547,0.000088,0.000176
AATATCCTAGCAAACT-1,0.098925,0.675539,0.043276,0.003929,0.178331
AATATCGAATCAATGC-1,0.090633,0.44103,0.148307,0.033501,0.28653
AATATCGAGGGTTCTC-1,0.000016,0.990333,0.000016,0.000016,0.009618
AATATTGGAGTATTGA-1,0.00105,0.841041,0.078147,0.004695,0.075067
AATCAGGTTTCATTTA-1,0.053091,0.001642,0.104099,0.009742,0.831426
AATCATGTAAAGACTC-1,0.122375,0.021093,0.000012,0.145154,0.711364
AATCCAAGGGCCTGAG-1,0.133349,0.866579,0.000018,0.000018,0.000036
AATCGCCTCAGCGCCA-1,0.004326,0.985203,0.000024,0.010399,0.000048
AATCGCGCAGAGGACT-1,0.022049,0.97209,0.002062,0.003384,0.000415
AATCGGTATAGCCCTC-1,0.000025,0.033866,0.161156,0.025681,0.779272
AATCGTGAGCCGAGCA-1,0.025714,0.236627,0.167473,0.249643,0.320543
AATCTAGGTTTACTTG-1,0.051013,0.859465,0.03094,0.021525,0.037056
AATCTATGCCGGAGCC-1,0.018,0.981785,0.000177,0.000013,0.000025
AATCTCTACTGTGGTT-1,0.152256,0.658574,0.135335,0.003733,0.050103
AATCTGCGTTGGGACG-1,0.001648,0.977035,0.004997,0.001768,0.014552
AATCTGGCTTTCTAGT-1,0.027275,0.838957,0.055852,0.011386,0.06653
AATGACAGCAATGTCT-1,0.068282,0.46952,0.033166,0.204442,0.22459
AATGACGTAGGATGTC-1,0.183695,0.748746,0.010019,0.04405,0.013491
AATGACTGTCAGCCGG-1,0.02058,0.931542,0.007963,0.003537,0.036378
AATGAGTTCGCATATG-1,0.009945,0.987863,0.002108,0.000028,0.000056
AATGATGATACGCTAT-1,0.000059,0.999884,0.000014,0.000014,0.000029
AATGATGCGACTCCTG-1,0.001828,0.984093,0.014032,0.000015,0.000031
AATGCAACCGGGTACC-1,0.032689,0.965927,0.001344,0.000013,0.000027
AATGCACCAAGCAATG-1,0.040107,0.959719,0.000013,0.000135,0.000026
AATGGTCCACCGTTCA-1,0.213085,0.68884,0.000797,0.034621,0.062657
AATGGTTCTCACAAGC-1,0.02565,0.950237,0.004221,0.007128,0.012765
AATGTATGGCACTGTA-1,0.157171,0.762233,0.044884,0.002459,0.033252
AATGTGCCCGAGGTGT-1,0.020323,0.311521,0.309853,0.154411,0.203892
AATGTGCTAATCTGAG-1,0.274668,0.259856,0.002373,0.417441,0.045662
AATGTTAAGACCCTGA-1,0.053976,0.145156,0.085227,0.151926,0.563716
AATGTTGTCGTGAGAC-1,0.000019,0.000077,0.217038,0.004363,0.778502
AATTAAAGGTCGGCGT-1,0.005819,0.95036,0.019728,0.024051,0.000041
AATTAACGGATTTCCA-1,0.120237,0.000117,0.221942,0.00003,0.657674
AATTACGAGACCCATC-1,0.075931,0.872592,0.022067,0.011817,0.017593
AATTAGCGCTGCAGCG-1,0.000037,0.128675,0.3728,0.036835,0.461654
AATTATACCCAGCAAG-1,0.000025,0.0001,0.034887,0.009261,0.955726
AATTCATAAGGGATCT-1,0.015412,0.922894,0.021484,0.026733,0.013476
AATTCATTGTCATGCA-1,0.231698,0.702317,0.065285,0.000016,0.000684
AATTCCAAGCATGTAC-1,0.000019,0.000076,0.163546,0.000019,0.836339
AATTCGATTCGAGGAT-1,0.000883,0.000066,0.007731,0.00042,0.9909
AATTCTAGAGTTAGGC-1,0.054174,0.341757,0.007761,0.500759,0.095548
AATTGAACGCTCTGGT-1,0.015492,0.806058,0.024898,0.150423,0.00313
AATTGCAGCAATCGAC-1,0.002796,0.012458,0.010739,0.04409,0.929916
AATTGTGGTTGCCAAA-1,0.001165,0.07048,0.220186,0.010399,0.69777
AATTTGGTTCCAAAGA-1,0.000038,0.281682,0.718165,0.000038,0.000076
ACAAACCATGCGTCCT-1,0.016748,0.699297,0.136514,0.019698,0.127742
ACAAAGAAGGTAGGCC-1,0.013856,0.904557,0.023473,0.002431,0.055684
ACAAAGCATGACCTAG-1,0.067883,0.335434,0.014425,0.270845,0.311413
ACAAATCGCACCGAAT-1,0.000035,0.090681,0.336558,0.052317,0.520409
ACAAATGGTAGTGTTT-1,0.00348,0.846394,0.000013,0.089529,0.060585
ACAACAGCATGAGCTA-1,0.022161,0.873901,0.008827,0.011923,0.083189
ACAACGGTCCCTGCGA-1,0.001304,0.998647,0.000012,0.000012,0.000024
ACAAGCAGTGCCTAGC-1,0.064486,0.752163,0.12132,0.00002,0.062012
ACAAGCTATATGGAAG-1,0.000007,0.998724,0.000256,0.000286,0.000726
ACAAGGAAATCCGCCC-1,0.000041,0.271017,0.293716,0.000041,0.435185
ACAAGGACAAGAGGTT-1,0.010054,0.852162,0.000011,0.072103,0.065671
ACAAGGATGCTTTAGG-1,0.000023,0.000093,0.327508,0.003075,0.669301
ACAAGGGCAGGCTCTG-1,0.007379,0.93087,0.002958,0.057875,0.000918
ACAATAGTCGTACGTT-1,0.0393,0.851715,0.047598,0.010453,0.050934
ACAATCCATTTAAACC-1,0.000018,0.788109,0.176753,0.004786,0.030334
ACAATGAATACGGAGA-1,0.000018,0.03839,0.032555,0.030779,0.898259
ACAATTGTGTCTCTTT-1,0.094124,0.132148,0.358847,0.004528,0.410352
ACAATTTAGGAGGCTC-1,0.000011,0.981421,0.005245,0.005426,0.007896
ACAATTTGAGCAGTGG-1,0.000023,0.733879,0.108388,0.000221,0.157488
ACAATTTGGCCATATT-1,0.021599,0.899537,0.017033,0.029711,0.03212
ACACAAAGACGGGTGG-1,0.002424,0.997543,0.000008,0.000008,0.000016
ACACACCAGGACCAGT-1,0.03539,0.748994,0.096587,0.019159,0.09987
ACACACTTTCTACACG-1,0.097064,0.902862,0.000018,0.000018,0.000037
ACACATGATCAAATCT-1,0.260806,0.384694,0.174726,0.00611,0.173664
ACACATTTCCGTAGAC-1,0.000017,0.000068,0.001532,0.037211,0.961171
ACACCACATAATTAGC-1,0.000008,0.999961,0.000008,0.000008,0.000016
ACACCCAGCATGCAGC-1,0.000021,0.999894,0.000021,0.000021,0.000042
ACACCCGAGAAATCCG-1,0.015584,0.917171,0.067174,0.000024,0.000047
ACACCGAGCGCTCTTT-1,0.00298,0.892328,0.10455,0.000047,0.000095
ACACCGGTCTGACCGC-1,0.139983,0.73868,0.048273,0.040054,0.033009
ACACCTTAAGTAGGGC-1,0.000029,0.894511,0.105374,0.000029,0.000058
ACACCTTACTACTTGC-1,0.022431,0.926779,0.014578,0.022558,0.013653
ACACGAGACTCCTTCT-1,0.002294,0.925012,0.003692,0.014373,0.054629
ACACGGGAACTTAGGG-1,0.000026,0.961721,0.015187,0.001101,0.021966
ACACGTAGGCCACAAG-1,0.027607,0.35905,0.079357,0.15759,0.376397
ACACTCCAATGTCACT-1,0.020842,0.920749,0.000035,0.004492,0.053883
ACACTGATCAAGGTGT-1,0.00628,0.304848,0.000024,0.295308,0.39354
ACACTGGGACAGTCGT-1,0.000015,0.150733,0.033461,0.587129,0.228662
ACAGAACTGAGAACAA-1,0.239865,0.463561,0.116572,0.047695,0.132307
ACAGCATAGAGCCAGT-1,0.017852,0.170168,0.81187,0.000037,0.000073
ACAGCGACATTCTCAT-1,0.002302,0.019107,0.264593,0.010215,0.703783
ACAGGCACGGATCCTT-1,0.000016,0.008481,0.022144,0.047051,0.922308
ACAGGCTTGCCCGACT-1,0.068838,0.326542,0.01603,0.167957,0.420633
ACAGGTGGAGGTGAGG-1,0.000027,0.207951,0.015369,0.241261,0.535393
ACAGGTGTGTTGTTGC-1,0.00379,0.83497,0.011103,0.003154,0.146983
ACAGTAATACAACTTG-1,0.169029,0.817925,0.003751,0.00927,0.000026
ACAGTATACCGTGGGA-1,0.000029,0.554486,0.4454,0.000029,0.000057
ACATAAGTCGTGGTGA-1,0.108024,0.779895,0.036666,0.027264,0.048151
ACATAATAAGGCGGTG-1,0.00739,0.982442,0.010115,0.000018,0.000035
ACATACAATCAAGCGG-1,0.000039,0.000157,0.04016,0.03933,0.920313
ACATCAGCTGGGACGC-1,0.007588,0.925451,0.001878,0.006583,0.058501
ACATCCCGGCCATACG-1,0.00202,0.002256,0.068294,0.037772,0.889658
ACATCCTGGTAACTGT-1,0.014669,0.971283,0.000012,0.013234,0.000802
ACATCGATCGTTTACC-1,0.007207,0.837594,0.0008,0.112823,0.041575
ACATCGGTCAGCCGCG-1,0.021972,0.958289,0.000017,0.019688,0.000035
ACATCGTATGCAATGG-1,0.038357,0.690003,0.025272,0.147178,0.099191
ACATGGCGCCAAAGTA-1,0.014398,0.979754,0.002766,0.000501,0.002581
ACATTAGTTTATATCC-1,0.028826,0.153295,0.50964,0.085302,0.222937
ACATTTGAAACCTAAC-1,0.000016,0.014091,0.009281,0.067756,0.908857
ACCAACACCACACACT-1,0.028896,0.936545,0.034506,0.000018,0.000035
ACCAACCGCACTCCAC-1,0.000192,0.005801,0.153203,0.003992,0.836813
ACCAACGCTTATTTAT-1,0.020921,0.066179,0.196738,0.068894,0.647268
ACCAAGAACGCGTGTC-1,0.020255,0.958455,0.004678,0.012729,0.003883
ACCAAGTCATCGGCAG-1,0.000026,0.045184,0.123325,0.005146,0.826318
ACCAATATGCAAGTTA-1,0.000024,0.000096,0.375422,0.000024,0.624435
ACCACAAGTTTCTATC-1,0.013205,0.946236,0.004965,0.0083,0.027295
ACCACACGGTTGATGG-1,0.000034,0.020299,0.148975,0.020221,0.810472
ACCACCAATGTAACAA-1,0.047462,0.86402,0.025177,0.006114,0.057227
ACCACCCTCTCTTCTA-1,0.07849,0.917744,0.003734,0.000011,0.000021
ACCACGTGCAGCTATA-1,0.050994,0.357625,0.232744,0.102449,0.256188
ACCAGACCATAACAAC-1,0.003821,0.936919,0.00301,0.015271,0.040979
ACCAGTGCGGGAGACG-1,0.153941,0.423597,0.184998,0.030758,0.206707
ACCATATCCGCAATAA-1,0.00221,0.901288,0.040033,0.03766,0.018809
ACCATCCGCCAACTAG-1,0.225048,0.76352,0.004153,0.001109,0.00617
ACCATCGTATATGGTA-1,0.037468,0.782351,0.000012,0.136446,0.043723
ACCATTAAGGGTGTCA-1,0.000054,0.69825,0.301534,0.000054,0.000108
ACCCAACGCCCGTGGC-1,0.004198,0.995744,0.000015,0.000015,0.000029
ACCCACCTACATGCTC-1,0.00002,0.999898,0.00002,0.00002,0.000041
ACCCATCTTGAGGGTA-1,0.001607,0.879517,0.008696,0.069843,0.040337
ACCCATTTGTCCCTCT-1,0.000024,0.057955,0.029564,0.016358,0.896098
ACCCGAGCGAAATTAC-1,0.038672,0.100971,0.165257,0.044942,0.650159
ACCCGATTGGTTCCGA-1,0.012461,0.100313,0.069688,0.07884,0.738698
ACCCGGAAACTCCCAG-1,0.001757,0.017436,0.043625,0.014054,0.923127
ACCCGGAGCACCACAA-1,0.027781,0.339606,0.056887,0.246338,0.329388
ACCCGGATGACGCATC-1,0.096131,0.899541,0.000008,0.003715,0.000606
ACCCGGTTACACTTCC-1,0.146135,0.627955,0.184303,0.025519,0.016088
ACCCGTAGTCTAGTTG-1,0.025073,0.335412,0.108115,0.107193,0.424207
ACCCGTGTCATCAGTA-1,0.000026,0.000102,0.000026,0.028733,0.971114
ACCCTATAGGACTGAG-1,0.000045,0.609477,0.390343,0.000045,0.00009
ACCCTATGCCATATCG-1,0.050337,0.143185,0.039617,0.091458,0.675403
ACCCTCCCGTCAGGGC-1,0.007889,0.344536,0.010848,0.447426,0.189301
ACCCTCCCTTGCTATT-1,0.027583,0.623076,0.127996,0.205592,0.015752
ACCCTGGTAACGCCCT-1,0.041526,0.873086,0.0098,0.04962,0.025968
ACCCTTCATCTGCGAA-1,0.000027,0.734246,0.265644,0.000027,0.000055
ACCGAAAGGGCCCTGC-1,0.05543,0.53547,0.408945,0.000052,0.000104
ACCGAAGAGTCTGGTT-1,0.221735,0.669182,0.004443,0.007158,0.097482
ACCGACACATCTCCCA-1,0.000017,0.001011,0.006263,0.018503,0.974205
ACCGACTGAGTCCCAC-1,0.016556,0.980358,0.00002,0.003025,0.000041
ACCGAGTCTCCTTATT-1,0.000029,0.000114,0.293702,0.000029,0.706126
ACCGATAGGCATAACC-1,0.000231,0.163029,0.039842,0.036118,0.76078
ACCGATATTTAATCAT-1,0.157966,0.451803,0.094308,0.032435,0.263488
ACCGATGGTAGCATCG-1,0.165651,0.723768,0.030159,0.002093,0.078329
ACCGCAATAACTGCCT-1,0.055524,0.243114,0.148013,0.077738,0.475611
ACCGCGGTGGAAGTCG-1,0.221881,0.778092,0.000007,0.000007,0.000014
ACCGGGCCTTTGTTGA-1,0.112084,0.688391,0.0732,0.060988,0.065337
ACCGGTCAGGTACACC-1,0.145272,0.452436,0.147114,0.004543,0.250634
ACCGTCCACTGGGCCC-1,0.01436,0.7553,0.153234,0.003496,0.07361
ACCGTGACCACGTGGG-1,0.022242,0.007602,0.151457,0.029239,0.789459
ACCTAAGTACCTTTCA-1,0.025548,0.452813,0.000141,0.45821,0.063288
ACCTAATCGACTTCCT-1,0.030321,0.935098,0.019544,0.00256,0.012476
ACCTACAGTATGTGGT-1,0.015587,0.961597,0.001209,0.006105,0.015503
ACCTACTATAAATCTA-1,0.000013,0.000051,0.000013,0.013015,0.986909
ACCTCAGCGAGGCGCA-1,0.012353,0.049417,0.012352,0.901167,0.024711
ACCTCCGCCCTCGCTG-1,0.025066,0.128895,0.110293,0.03819,0.697556
ACCTCCGTTATTCACC-1,0.000019,0.94018,0.05235,0.001801,0.005651
ACCTCGAACTTATGCT-1,0.281442,0.567982,0.147458,0.000028,0.003089
ACCTGCGTGTCATGTT-1,0.002492,0.885714,0.016058,0.034219,0.061518
ACGAAATGGGCGGCAC-1,0.005838,0.992549,0.000011,0.001579,0.000022
ACGACTCTAGGGCCGA-1,0.024052,0.127556,0.009345,0.526515,0.312531
ACGACTGGTCATACTC-1,0.163507,0.198089,0.032707,0.349071,0.256625
ACGAGGATACCACTCT-1,0.401604,0.481971,0.033302,0.000025,0.083097
ACGAGGTTTACAACGT-1,0.010213,0.880423,0.096768,0.002393,0.010203
ACGAGTACGGATGCCC-1,0.000014,0.955469,0.028483,0.000014,0.016021
ACGATACATAGAACTA-1,0.000533,0.999359,0.000027,0.000027,0.000054
ACGATACCTATCCTGA-1,0.029791,0.883967,0.072884,0.000011,0.013347
ACGATCATACATAGAG-1,0.000182,0.99976,0.000015,0.000015,0.000029
ACGATCATCTTGTAAA-1,0.024588,0.904448,0.012837,0.003383,0.054744
ACGATGCATATGTTAT-1,0.009285,0.969466,0.011686,0.009532,0.000031
ACGCAAACTAATAGAT-1,0.053806,0.033067,0.012498,0.142461,0.758167
ACGCAATCACTACAGC-1,0.023158,0.931321,0.045065,0.00002,0.000436
ACGCATACGTTTACTA-1,0.00002,0.012198,0.412017,0.031362,0.544402
ACGCATTCGTGAGTAC-1,0.003663,0.982208,0.005444,0.008639,0.000047
ACGCCAGATGATTTCT-1,0.035408,0.964498,0.000024,0.000024,0.000047
ACGCCAGTGCGTTTGC-1,0.097112,0.108421,0.076641,0.143431,0.574395
ACGCCGCTAGACGACC-1,0.092109,0.852672,0.009101,0.010237,0.035882
ACGCGAAGTCAGACGA-1,0.033011,0.291291,0.023756,0.125707,0.526235
ACGCGCTACACAGGGT-1,0.014694,0.847451,0.000122,0.114546,0.023187
ACGCGGGCCAAGGACA-1,0.010006,0.910593,0.011464,0.000024,0.067914
ACGCGTTTCTTAAGAG-1,0.013483,0.89641,0.008244,0.012794,0.069068
ACGCTACTGAATGGGC-1,0.303629,0.454106,0.053466,0.082502,0.106297
ACGCTAGTGATACACT-1,0.001226,0.99873,0.000011,0.000011,0.000022
ACGCTGTGAGGCGTAG-1,0.001664,0.957309,0.000011,0.007246,0.03377
ACGGAACACGAGTGCC-1,0.002092,0.168937,0.006536,0.384999,0.437436
ACGGAATTTAGCAAAT-1,0.011,0.988951,0.000012,0.000012,0.000024
ACGGACTCTCAAAGCG-1,0.002756,0.000053,0.062452,0.007664,0.927075
ACGGAGCGCAAATTAC-1,0.000038,0.667153,0.332696,0.000038,0.000076
ACGGATGGTGCGGATA-1,0.000027,0.000107,0.174879,0.000641,0.824347
ACGGCACTTGCTTGGG-1,0.000029,0.122957,0.019527,0.22735,0.630137
ACGGCCAACATGGACT-1,0.022019,0.144548,0.255367,0.114327,0.463738
ACGGCGACGATGGGAA-1,0.139287,0.446504,0.001432,0.324953,0.087824
ACGGCTGGATGTAGAA-1,0.146664,0.704572,0.041291,0.009917,0.097555
ACGGGAGTGTCGGCCC-1,0.052916,0.722799,0.000752,0.159155,0.064377
ACGGGCGTATGCGACA-1,0.011974,0.98274,0.000782,0.000015,0.004489
ACGGGTCATGTGACTT-1,0.000469,0.963686,0.035773,0.000024,0.000049
ACGGTACAGTTCAATG-1,0.000087,0.034619,0.37563,0.060754,0.52891
ACGTACAGATTTCTCT-1,0.000061,0.492892,0.506863,0.000061,0.000123
ACGTACTTTGGCACGG-1,0.006656,0.102911,0.109116,0.041793,0.739523
ACGTAGATTGCTGATG-1,0.000013,0.999937,0.000013,0.000013,0.000025
ACGTAGGAGAGTCGCT-1,0.000019,0.000075,0.011627,0.01676,0.971519
ACGTATTACTCCGATC-1,0.000813,0.999082,0.000026,0.000026,0.000053
ACGTCTCGTTCCGGGA-1,0.036596,0.91663,0.038463,0.000426,0.007885
ACGTGACAAAGTAAGT-1,0.003758,0.821809,0.108354,0.007843,0.058237
ACGTGCGCCTCGTGCA-1,0.080216,0.919719,0.000016,0.000016,0.000033
ACGTTAATGTCGAAGA-1,0.061862,0.852653,0.013937,0.063764,0.007783
ACGTTAGATTTGCCCG-1,0.141716,0.741549,0.014898,0.037363,0.064474
ACGTTATTGGTCACTC-1,0.017058,0.913699,0.066708,0.002464,0.000071
ACGTTCGCAATCAATT-1,0.002238,0.981931,0.009991,0.000012,0.005828
ACGTTCGTTCAGGAAA-1,0.000026,0.036312,0.240524,0.025707,0.697431
ACGTTCTGTACAAGTC-1,0.000017,0.010392,0.147958,0.052343,0.78929
ACGTTTAGTTGTGATC-1,0.060926,0.884544,0.054441,0.00003,0.00006
ACGTTTCGGTGCACTT-1,0.347506,0.572007,0.000081,0.015285,0.065121
ACTACAAAGAGAGGTG-1,0.006471,0.000055,0.003945,0.001445,0.988084
ACTACATCCCGACAAG-1,0.146759,0.36918,0.164091,0.017323,0.302647
ACTACCAGCTCTCTGG-1,0.011833,0.986531,0.00156,0.000025,0.000051
ACTACGCGTTAGAATT-1,0.000022,0.030796,0.035193,0.011176,0.922813
ACTAGTTGCGATCGTC-1,0.121508,0.676046,0.000021,0.111224,0.091201
ACTATCCAGGGCATGG-1,0.000032,0.976296,0.000253,0.006001,0.017419
ACTATCGCCGGCTAAA-1,0.000045,0.591126,0.408693,0.000045,0.000091
ACTATCTGCCCGCGTA-1,0.389069,0.119947,0.143651,0.004071,0.343263
ACTATGTCCAGCTGCC-1,0.110518,0.171174,0.425358,0.009637,0.283313
ACTATTCGTCCGTGGT-1,0.060611,0.763613,0.175687,0.000029,0.000059
ACTATTTCCGGGCCCA-1,0.000032,0.00644,0.257981,0.059033,0.676514
ACTCAAGTGCAAGGCT-1,0.000023,0.144865,0.17585,0.550494,0.128769
ACTCAATAAAGGCACG-1,0.00002,0.91367,0.051003,0.001067,0.03424
ACTCAGACCTGCTTCT-1,0.000044,0.221534,0.778289,0.000044,0.000089
ACTCATGGCAGCCTTC-1,0.090332,0.531447,0.072448,0.072422,0.233351
ACTCCAATATCATCAT-1,0.000829,0.000059,0.348738,0.001066,0.649308
ACTCCCATTCCTAAAG-1,0.015427,0.849893,0.00425,0.088533,0.041897
ACTCCCGAATTCGTTT-1,0.00452,0.919638,0.000072,0.01635,0.05942
ACTCCCGTAGACTAGG-1,0.004562,0.764052,0.083663,0.004501,0.143222
ACTCCCTAATGCTAAA-1,0.000014,0.000056,0.003246,0.000014,0.996671
ACTCCCTAGAATAGTA-1,0.00005,0.355885,0.060294,0.098527,0.485244
ACTCCGGCCGACCACT-1,0.002454,0.000086,0.114109,0.00082,0.882532
ACTCGATGTATTTCAT-1,0.000044,0.937069,0.062756,0.000044,0.000087
ACTCGCCGTTCGATAA-1,0.000022,0.000088,0.170775,0.009028,0.820087
ACTCGTAACCCGTCCT-1,0.000532,0.685487,0.110946,0.115915,0.08712
ACTCGTCAGTAATCCC-1,0.000013,0.999935,0.000013,0.000013,0.000026
ACTCTAAACCTGGGAT-1,0.015233,0.939996,0.000014,0.015782,0.028974
ACTCTCTGACTTAGGT-1,0.008786,0.877927,0.011151,0.070651,0.031485
ACTCTGACCTAATAGA-1,0.000021,0.01743,0.032024,0.011604,0.938921
ACTCTTCAGCTCCCGC-1,0.013464,0.93149,0.048304,0.000029,0.006712
ACTCTTGTATAGTAAC-1,0.000033,0.929386,0.039511,0.031003,0.000067
ACTGAAACGCCGTTAG-1,0.091239,0.047564,0.014112,0.020407,0.826679
ACTGAATGGCGAAAGT-1,0.001298,0.262265,0.400712,0.033195,0.302529
ACTGCCCGCCATTCTC-1,0.000008,0.000033,0.000008,0.002785,0.997165
ACTGCCGTCGTAACTC-1,0.033463,0.966472,0.000016,0.000016,0.000032
ACTGCGGACACACCGT-1,0.00001,0.99995,0.00001,0.00001,0.00002
ACTGCTCGGAAGGATG-1,0.114088,0.885241,0.000647,0.000008,0.000016
ACTGTACGATACACAT-1,0.000015,0.977033,0.001504,0.002884,0.018563
ACTGTAGCACTTTGGA-1,0.000033,0.963336,0.016331,0.016022,0.004278
ACTGTATACGCGAGCA-1,0.000046,0.35589,0.643927,0.000046,0.000092
ACTGTCCAGGATTATA-1,0.000021,0.969067,0.000021,0.029699,0.001192
ACTGTCTTCTTTAGAA-1,0.047607,0.901891,0.006907,0.000683,0.042914
ACTGTGCTAGTAGATC-1,0.0657,0.934234,0.000017,0.000017,0.000033
ACTTACGCATCCACGC-1,0.03048,0.052471,0.053296,0.152912,0.710841
ACTTAGTACGACAAGA-1,0.109393,0.850143,0.036667,0.000017,0.00378
ACTTATACTTACCCGG-1,0.085431,0.845101,0.000015,0.025111,0.044342
ACTTATTAGGATCGGT-1,0.000025,0.965248,0.000025,0.011728,0.022973
ACTTATTTATGTGCCA-1,0.06593,0.559821,0.002755,0.186171,0.185324
ACTTCAGGCTGATCCC-1,0.113281,0.373035,0.011865,0.458962,0.042857
ACTTCCAGTGGAAGCT-1,0.000892,0.996332,0.000009,0.000997,0.00177
ACTTCCATGCGGGACA-1,0.000017,0.000067,0.001948,0.022114,0.975854
ACTTCGCCATACGCAC-1,0.000024,0.954177,0.025589,0.011735,0.008474
ACTTGACTCCCTCTTT-1,0.058105,0.897966,0.000007,0.036438,0.007485
ACTTGGGACCCGGTGG-1,0.000769,0.955548,0.042168,0.001459,0.000056
ACTTGTAGTCCCTTCA-1,0.027053,0.916311,0.051383,0.003113,0.00214
ACTTGTGGATGGAACG-1,0.001585,0.247936,0.526298,0.014332,0.209849
ACTTTACCCTCATGAA-1,0.00001,0.999952,0.00001,0.00001,0.000019
ACTTTCCTATAGCTTC-1,0.007991,0.991922,0.000022,0.000022,0.000044
ACTTTGACTGCATCCT-1,0.001088,0.729812,0.027841,0.001184,0.240075
ACTTTGGTCGTGCTCC-1,0.187237,0.767461,0.032465,0.003461,0.009376
ACTTTGTCGACGCACT-1,0.149995,0.40958,0.086162,0.160014,0.194249
AGAAATTATGACTCGC-1,0.144259,0.477202,0.046434,0.043704,0.288402
AGAACCCAGCGTGACA-1,0.035093,0.894136,0.001073,0.063309,0.006389
AGAACCCTCAATTGGG-1,0.079406,0.858758,0.028312,0.018561,0.014963
AGAACGTGGTACATTC-1,0.032966,0.9609,0.006105,0.000009,0.000019
AGAACTGTACTTTGTA-1,0.000025,0.000099,0.017497,0.003522,0.978857
AGAAGAGCGCCGTTCC-1,0.000383,0.95051,0.047956,0.000383,0.000767
AGAAGGTACACTTCAC-1,0.111906,0.789785,0.038608,0.014925,0.044776
AGAAGGTTGCCGAATT-1,0.016777,0.920003,0.000008,0.061326,0.001886
AGAAGGTTGTAGGTCG-1,0.004212,0.011985,0.267493,0.053464,0.662846
AGAAGTGATTCGTGAT-1,0.084173,0.50413,0.000583,0.284403,0.126712
AGAATAAATCTTCAGG-1,0.016092,0.929504,0.032504,0.004096,0.017805
AGAATACAGGCTATCC-1,0.000027,0.006569,0.005448,0.040601,0.947355
AGAATTATGGATTCGA-1,0.001525,0.97358,0.000013,0.00337,0.021513
AGAATTGTTTGACATA-1,0.01038,0.988849,0.000023,0.000703,0.000045
AGACAGCTCAGAATCC-1,0.000019,0.97295,0.026973,0.000019,0.000039
AGACCAAACCACACCT-1,0.265609,0.668198,0.001807,0.012133,0.052253
AGACCATGGGATACAA-1,0.000022,0.914087,0.070278,0.000022,0.015591
AGACCCACCGCTGATC-1,0.002659,0.273537,0.054171,0.062706,0.606926
AGACCCGCCCTCCTCG-1,0.087454,0.911448,0.001046,0.000017,0.000035
AGACCGCTCCGCGGTT-1,0.038467,0.435587,0.08096,0.078884,0.366103
AGACCGGGAAACCCTG-1,0.004877,0.892725,0.067262,0.019452,0.015684
AGACGAAGTGCCGGTC-1,0.750398,0.017406,0.232115,0.000027,0.000054
AGACGACGATGCCGCT-1,0.002347,0.193474,0.328691,0.07925,0.396238
AGACGCCCACTTCGCC-1,0.030784,0.090827,0.355578,0.003198,0.519612
AGACTAGCCTTCCAGA-1,0.00002,0.897971,0.050994,0.00002,0.050994
AGACTGTTACCGGGTC-1,0.011495,0.062582,0.0122,0.334075,0.579649
AGAGAAACACCAGAAA-1,0.000014,0.000056,0.140847,0.006139,0.852945
AGAGAACCGTCTAGGA-1,0.000796,0.998956,0.000219,0.00001,0.000019
AGAGAAGGAGTACAAT-1,0.00002,0.068486,0.156026,0.04819,0.727279
AGAGATCTCTAAAGCG-1,0.236712,0.763236,0.000013,0.000013,0.000026
AGAGCAGTTATGAGAC-1,0.000018,0.933691,0.003651,0.028377,0.034264
AGAGCCGCCGAGATTT-1,0.00002,0.116873,0.162082,0.031059,0.689966
AGAGCGCTTGTAACGG-1,0.000031,0.422632,0.577243,0.000031,0.000062
AGAGCGGGCTAATCAT-1,0.052436,0.947503,0.000015,0.000015,0.00003
AGAGCGTACAAGCTCG-1,0.000013,0.999933,0.000013,0.000013,0.000027
AGAGCTACGAAAGCAT-1,0.00005,0.116283,0.883519,0.00005,0.000099
AGAGGCTTCGGAAACC-1,0.082568,0.655034,0.09218,0.098547,0.07167
AGAGTAAACTTCACTA-1,0.059049,0.668046,0.123363,0.008985,0.140558
AGAGTATAGTGTTACG-1,0.000015,0.959405,0.04051,0.000015,0.000056
AGAGTCTTAATGAAAG-1,0.242896,0.677338,0.008488,0.007501,0.063777
AGATAACTTCAGGGCC-1,0.001313,0.856805,0.09222,0.000594,0.049069
AGATACCAATAGAACC-1,0.037619,0.235065,0.085072,0.157556,0.484687
AGATACCGGTGTTCAC-1,0.00727,0.811059,0.081442,0.027793,0.072437
AGATACGACTTCATAT-1,0.01975,0.980173,0.000019,0.000019,0.000038
AGATACTCAAGATCGA-1,0.022732,0.501801,0.121034,0.067614,0.28682
AGATATAATACGACTA-1,0.000012,0.000046,0.000012,0.00692,0.993011
AGATCGTGCATAAGAT-1,0.000427,0.999513,0.000017,0.000014,0.000029
AGATCTCAGGTGTGAT-1,0.000016,0.997585,0.000253,0.000016,0.00213
AGATGACTCGCCCACG-1,0.011492,0.929444,0.058989,0.000025,0.00005
AGATGATGGAGTCTGG-1,0.008692,0.877775,0.001085,0.023676,0.088772
AGATGCAAGACGTGCA-1,0.431778,0.294781,0.01952,0.164995,0.088926
AGATGCATCCTGTGTC-1,0.000379,0.902739,0.095238,0.000015,0.00163
AGATTATAGGACGTTT-1,0.002379,0.843081,0.143217,0.011263,0.00006
AGATTCACAACCGATA-1,0.009834,0.908992,0.013868,0.05394,0.013366
AGCAAAGGCCGCTAGT-1,0.000268,0.02421,0.10385,0.074071,0.797601
AGCAACATATCTTATT-1,0.05253,0.920945,0.022841,0.00053,0.003154
AGCAACCGAAAGTAAT-1,0.056646,0.491694,0.029809,0.106075,0.315776
AGCACACGTTTAGACT-1,0.087084,0.065309,0.040445,0.747497,0.059665
AGCACCAGTACTCACG-1,0.000024,0.999879,0.000024,0.000024,0.000048
AGCACTACCGGCCTGT-1,0.003736,0.893659,0.023113,0.013635,0.065857
AGCACTACCTCACCAG-1,0.00004,0.031389,0.267874,0.035937,0.664761
AGCACTTAAGGACGCC-1,0.016866,0.805166,0.009712,0.030426,0.13783
AGCAGAAGGAGAAAGA-1,0.000012,0.000047,0.100555,0.000843,0.898544
AGCAGCCAGATGAATA-1,0.000573,0.015154,0.069899,0.012207,0.902167
AGCAGTCGAAGCATGC-1,0.125551,0.125412,0.026834,0.342224,0.37998
AGCATATCAATATGCT-1,0.168776,0.253031,0.005415,0.161063,0.411714
AGCATCATTTCGAAAG-1,0.009771,0.524937,0.266662,0.018131,0.180499
AGCATCGTCGATAATT-1,0.012522,0.944267,0.043125,0.000028,0.000057
AGCATTACGAGGCAAG-1,0.000107,0.06404,0.087592,0.14802,0.700241
AGCCAAGCTTTGTGTC-1,0.016842,0.079822,0.124967,0.132175,0.646194
AGCCACAGGTTACCCG-1,0.027945,0.251471,0.164287,0.086162,0.470134
AGCCACTCCCGTGCTT-1,0.067526,0.85068,0.081667,0.000042,0.000084
AGCCATATAGTATGTG-1,0.000019,0.000077,0.061496,0.003787,0.934621
AGCCCATACATGTAAG-1,0.001697,0.888003,0.010346,0.046685,0.053268
AGCCCGCAACAAGCAG-1,0.002995,0.003359,0.018204,0.010002,0.965441
AGCCCGCACTACAATG-1,0.024503,0.017628,0.136356,0.065575,0.755937
AGCCCGGCATTAGAGG-1,0.000014,0.003271,0.006321,0.029512,0.960882
AGCCCGGTAGCCTGTA-1,0.000018,0.000074,0.063293,0.01007,0.926544
AGCCCTAAGCGAAGTT-1,0.075994,0.923938,0.000017,0.000017,0.000034
AGCCCTCCCTGGTGGC-1,0.036281,0.102015,0.000013,0.113865,0.747826
AGCCCTGTCGCACCGT-1,0.003385,0.965173,0.023864,0.007018,0.000559
AGCCCTTCTAATCCGA-1,0.000051,0.689182,0.310615,0.000051,0.000101
AGCCCTTGGACATCCC-1,0.056672,0.083605,0.022546,0.017499,0.819679
AGCCGCAAATTCAAAT-1,0.001295,0.997391,0.000311,0.000339,0.000664
AGCCGCTTGATTAGCG-1,0.007035,0.461033,0.531759,0.000058,0.000115
AGCCGTGGCTAAATGT-1,0.00049,0.63846,0.25281,0.006163,0.102078
AGCCTAATACCCACGT-1,0.004182,0.820165,0.116155,0.03273,0.026768
AGCCTTAAAGCGGAAG-1,0.018858,0.981091,0.000013,0.000013,0.000026
AGCGACAGGAACGGTC-1,0.000028,0.227452,0.0234,0.123775,0.625345
AGCGACATCCCATTCA-1,0.058556,0.929242,0.008111,0.004055,0.000036
AGCGACCAACGATATT-1,0.007493,0.931446,0.022528,0.000025,0.038508
AGCGAGACGTGAAGGC-1,0.142443,0.250326,0.119045,0.048438,0.439748
AGCGATGCGCCTAATA-1,0.087519,0.337263,0.001401,0.23648,0.337336
AGCGCATAATGAATCG-1,0.000021,0.032988,0.064404,0.134106,0.768481
AGCGCGGGTGCCAATG-1,0.000019,0.949164,0.050761,0.000019,0.000038
AGCGCTAGAGCGATGT-1,0.001997,0.989771,0.006998,0.001212,0.000023
AGCGGACACTTCGTAG-1,0.000016,0.000066,0.236339,0.003163,0.760415
AGCGGCGGTTAGCGGT-1,0.702197,0.295612,0.000017,0.000017,0.002157
AGCGGGAAGGGTCCAT-1,0.11454,0.867662,0.002119,0.004,0.011679
AGCGGGTCTGACACTC-1,0.000014,0.037359,0.156015,0.060221,0.746391
AGCGGTTGCCGCTCTG-1,0.000028,0.391134,0.608754,0.000028,0.000056
AGCGTGGTATTCTACT-1,0.008157,0.64079,0.021032,0.1702,0.159821
AGCTAACAAGCAATGT-1,0.000014,0.000057,0.430471,0.001869,0.567589
AGCTAAGTACGCAGGC-1,0.000012,0.000049,0.110685,0.297158,0.592096
AGCTACGAATGGTGGT-1,0.00065,0.002601,0.566896,0.00065,0.429202
AGCTAGAAGCAGAAGT-1,0.017873,0.982086,0.00001,0.00001,0.000021
AGCTATTTAATCCAAC-1,0.024342,0.964232,0.008145,0.003245,0.000035
AGCTCCATATATGTTC-1,0.000999,0.042088,0.422705,0.007395,0.526813
AGCTCCTTCGCACATC-1,0.000046,0.032585,0.193158,0.015658,0.758554
AGCTCTAGACGTTCCA-1,0.000034,0.851933,0.137222,0.003111,0.0077
AGCTCTTCCCAGTGCA-1,0.049841,0.910193,0.001138,0.013206,0.025622
AGCTCTTCGTAACCTT-1,0.047614,0.952361,0.000006,0.000006,0.000013
AGCTCTTTACTCAGTT-1,0.105388,0.857348,0.000018,0.03667,0.000576
AGCTGAAGTAAACCAA-1,0.003498,0.994981,0.001479,0.000014,0.000028
AGCTGTAACCTCAATC-1,0.156739,0.212118,0.304275,0.045792,0.281076
AGCTTCTTCTCGAGCA-1,0.000014,0.077061,0.079798,0.024864,0.818263
AGCTTGATCTTAACTT-1,0.026319,0.966098,0.000013,0.007545,0.000026
AGGAACGAACGACTTC-1,0.013883,0.086132,0.156125,0.00577,0.73809
AGGAAGCTGTCCGCCG-1,0.153159,0.000099,0.43895,0.000025,0.407767
AGGACAGTCGAATCCC-1,0.010435,0.825039,0.000016,0.108753,0.055757
AGGACATCGCACGTCG-1,0.016793,0.939289,0.01592,0.010646,0.017352
AGGACGACCCATTAGA-1,0.022671,0.752466,0.048477,0.105084,0.071302
AGGACGCTCGATGTTG-1,0.012284,0.982037,0.005608,0.000024,0.000047
AGGACTTATAGGAGAA-1,0.009324,0.750877,0.215897,0.020157,0.003745
AGGAGACATCCACAGT-1,0.027218,0.97274,0.000011,0.000011,0.000021
AGGAGAGTCTGGCTAC-1,0.00247,0.997471,0.000015,0.000015,0.00003
AGGAGCGTTTATTATC-1,0.003475,0.526495,0.003475,0.459606,0.00695
AGGAGGCCTTCGCGCG-1,0.053687,0.267269,0.080378,0.188375,0.410292
AGGATAAAGTCGGGAT-1,0.002449,0.098968,0.06231,0.118993,0.717279
AGGATATAGGGATTTA-1,0.00376,0.808538,0.08282,0.045696,0.059187
AGGATATCCGACTGCA-1,0.000022,0.000088,0.143042,0.005224,0.851623
AGGATCACGCGATCTG-1,0.145096,0.678222,0.018315,0.044574,0.113793
AGGATTGCTTACGACA-1,0.000018,0.942555,0.040627,0.000018,0.016783
AGGCACGTGACTGTCC-1,0.003511,0.063287,0.143844,0.012818,0.776541
AGGCAGATGCGTAAAC-1,0.000024,0.948949,0.050954,0.000024,0.000049
AGGCAGGGAGCGTACT-1,0.019584,0.019253,0.263725,0.054467,0.642971
AGGCATTGTCGTAGGG-1,0.00005,0.364296,0.102077,0.062726,0.47085
AGGCCACCCGTTATGA-1,0.000016,0.942009,0.000016,0.014123,0.043835
AGGCCCATTGTACAGG-1,0.05334,0.902275,0.044296,0.00003,0.000059
AGGCCCTAGAACGCCA-1,0.105332,0.809137,0.000009,0.083849,0.001672
AGGCCTATCATACCAA-1,0.008713,0.000075,0.161573,0.008437,0.821202
AGGCCTGAGAATCTCG-1,0.000015,0.000061,0.019448,0.003662,0.976814
AGGCGATAACTGGCGT-1,0.038318,0.036615,0.075019,0.190533,0.659516
AGGCGGTTTGTCCCGC-1,0.006824,0.541651,0.17695,0.040164,0.23441
AGGCTATGGTTAGCTT-1,0.000018,0.999049,0.000018,0.00088,0.000036
AGGCTTCCCGAAGAAG-1,0.000038,0.22482,0.501919,0.21143,0.061793
AGGCTTGCTAGACACC-1,0.000017,0.939254,0.01913,0.000017,0.041583
AGGGACCGGCTGCGTT-1,0.000344,0.977114,0.00063,0.016054,0.005858
AGGGACTCTACGCGAC-1,0.000033,0.000133,0.354846,0.081554,0.563434
AGGGAGACATACTTCG-1,0.000012,0.997245,0.002709,0.000012,0.000023
AGGGCCCTAATGTTCT-1,0.051819,0.236838,0.06139,0.066536,0.583417
AGGGCGAGCAGCTGAT-1,0.450608,0.5481,0.001237,0.000018,0.000037
AGGGCGTGATCGGCTA-1,0.086381,0.913521,0.000024,0.000024,0.000049
AGGGCTGCAGTTACAG-1,0.000025,0.954709,0.000025,0.03851,0.006731
AGGGTCAGAGCACTCG-1,0.000022,0.00009,0.229464,0.00111,0.769315
AGGGTCGATGCGAACT-1,0.001732,0.874294,0.005327,0.018339,0.100308
AGGGTCTGGACGCAGT-1,0.003285,0.179996,0.043534,0.026396,0.746789
AGGGTGCCGTTCTTTA-1,0.000019,0.000077,0.159856,0.000019,0.840029
AGGGTGCTCTCGAGGG-1,0.00351,0.95656,0.021453,0.001083,0.017395
AGGGTGGATAGTGCAT-1,0.000116,0.967251,0.002857,0.007541,0.022234
AGGGTTCAGACGGTCC-1,0.000012,0.00005,0.001708,0.002068,0.996162
AGGGTTCCCTTTGGTT-1,0.001323,0.882913,0.086662,0.000029,0.029073
