Barcode,Topic 1,Topic 2to4,Topic 5to7,Topic 8to10
AAACAAGTATCTCCCA-1,0.132168,0.643592,0.000234,0.224006
AAACAATCTACTAGCA-1,0.000036,0.34053,0.659324,0.000109
AAACACCAATAACTGC-1,0.980318,0.019223,0.00023,0.00023
AAACAGAGCGACTCCT-1,0.019198,0.447254,0.168173,0.365375
AAACAGCTTTCAGAAG-1,0.759569,0.133987,0.00024,0.106204
AAACAGGGTCTATATT-1,0.885755,0.00122,0.00122,0.111806
AAACAGTGTTCCTGGG-1,0.023943,0.078068,0.082101,0.815888
AAACATGGTGAGAGGA-1,0.982931,0.016434,0.000318,0.000318
AAACATTTCCCGGATT-1,0.111043,0.170303,0.102874,0.61578
AAACCCGAACGAAATC-1,0.007595,0.30344,0.501019,0.187945
AAACCGGAAATGTTAA-1,0.042154,0.041192,0.531773,0.384881
AAACCGGGTAGGTACC-1,0.949886,0.000361,0.000361,0.049393
AAACCGTTCGTCCAGG-1,0.03661,0.941531,0.020222,0.001637
AAACCTAAGCAGCCGG-1,0.015376,0.652075,0.000145,0.332404
AAACCTCATGAAGTTG-1,0.596906,0.001516,0.001516,0.400063
AAACGAAGAACATACC-1,0.005127,0.588522,0.288111,0.118241
AAACGAAGATGGAGTA-1,0.90569,0.006992,0.000322,0.086996
AAACGAGACGGTTGAT-1,0.021995,0.233932,0.590312,0.15376
AAACGCCCGAGATCGG-1,0.000049,0.545868,0.453937,0.000146
AAACGCTGGGCACGAC-1,0.000016,0.603862,0.149958,0.246164
AAACGGGCGTACGGGT-1,0.170524,0.262614,0.022357,0.544505
AAACGGGTTGGTATCC-1,0.008879,0.359493,0.614828,0.0168
AAACGGTTGCGAACTG-1,0.006556,0.088399,0.180092,0.724953
AAACGTGTTCGCCCTA-1,0.000078,0.965558,0.032142,0.002221
AAACTAACGTGGCGAC-1,0.000034,0.316925,0.681199,0.001842
AAACTCGGTTCGCAAT-1,0.000029,0.146908,0.326223,0.526841
AAACTCGTGATATAAG-1,0.00005,0.487911,0.348354,0.163685
AAACTGCTGGCTCCAA-1,0.009086,0.088357,0.739481,0.163077
AAACTTAATTGCACGC-1,0.968772,0.000198,0.000198,0.030832
AAACTTGCAAACGTAT-1,0.624206,0.363024,0.006385,0.006385
AAAGAATGACCTTAGA-1,0.733354,0.017325,0.085451,0.163869
AAAGAATGTGGACTAA-1,0.000047,0.414221,0.004405,0.581327
AAAGACATGAAGTTTA-1,0.000039,0.564717,0.435126,0.000118
AAAGACCCAAGTCGCG-1,0.012165,0.36417,0.32846,0.295206
AAAGACTGGGCGCTTT-1,0.045812,0.067018,0.69592,0.191249
AAAGCTTGCCTACATA-1,0.194678,0.803018,0.000297,0.002007
AAAGGCCCTATAATAC-1,0.751721,0.228071,0.000186,0.020021
AAAGGCTACGGACCAT-1,0.000035,0.606479,0.105468,0.288018
AAAGGCTCTCGCGCCG-1,0.000074,0.264171,0.019956,0.7158
AAAGGGATGTAGCAAG-1,0.010029,0.20372,0.782496,0.003755
AAAGGGCAGCTTGAAT-1,0.033638,0.309,0.557114,0.100248
AAAGGTAAGCTGTACC-1,0.000049,0.526322,0.456168,0.017461
AAAGTAGCATTGCTCA-1,0.88873,0.005557,0.100155,0.005557
AAAGTCACTGATGTAA-1,0.000023,0.318624,0.646424,0.034929
AAAGTCGACCCTCAGT-1,0.494458,0.499933,0.002804,0.002805
AAAGTGCCATCAATTA-1,0.056416,0.086243,0.201263,0.656078
AAAGTGTGATTTATCT-1,0.000031,0.631351,0.249441,0.119177
AAAGTTGACTCCCGTA-1,0.000022,0.12141,0.589463,0.289105
AAATAACCATACGGGA-1,0.000029,0.530154,0.459948,0.009869
AAATAAGGTAGTGCCC-1,0.00005,0.838163,0.107675,0.054112
AAATACCTATAAGCAT-1,0.031576,0.287761,0.117772,0.562891
AAATAGCTTAGACTTT-1,0.000024,0.25399,0.664383,0.081603
AAATAGGGTGCTATTG-1,0.000045,0.553633,0.238833,0.207488
AAATCCGATACACGCC-1,0.079756,0.671167,0.000236,0.248841
AAATCGCGGAAGGAGT-1,0.990351,0.009238,0.000205,0.000205
AAATCGTGTACCACAA-1,0.082825,0.086039,0.40577,0.425366
AAATCTAGCCCTGCTA-1,0.034425,0.290057,0.109107,0.566411
AAATCTGCCCGCGTCC-1,0.881047,0.073237,0.003122,0.042594
AAATGACTGATCAAAC-1,0.00793,0.415854,0.077787,0.498428
AAATGATTCGATCAGC-1,0.017123,0.342404,0.594581,0.045892
AAATGCTCGTTACGTT-1,0.000061,0.31645,0.634888,0.048601
AAATGGCATGTCTTGT-1,0.000014,0.083591,0.915871,0.000525
AAATGGCCCGTGCCCT-1,0.805728,0.189923,0.002175,0.002175
AAATGGTCAATGTGCC-1,0.090895,0.232988,0.440196,0.235921
AAATGTATCTTATCCC-1,0.000026,0.642921,0.300474,0.056579
AAATGTGGGTGCTCCT-1,0.020279,0.53475,0.244389,0.200582
AAATTAACGGGTAGCT-1,0.072983,0.071949,0.394526,0.460542
AAATTAATAAGCGCGA-1,0.15402,0.380286,0.192833,0.272861
AAATTACACGACTCTG-1,0.000043,0.668022,0.325866,0.006069
AAATTACCTATCGATG-1,0.000864,0.626509,0.128611,0.244015
AAATTCCAGGTCCAAA-1,0.049365,0.887433,0.000158,0.063043
AAATTGATAGTCCTTT-1,0.618082,0.070345,0.001038,0.310534
AAATTGCGGCGGTTCT-1,0.055141,0.487688,0.347687,0.109484
AAATTGGTGAGAAGCA-1,0.000061,0.883304,0.01924,0.097396
AAATTTACCGAAATCC-1,0.000043,0.976573,0.023254,0.00013
AAATTTGCGGGTGTGG-1,0.356632,0.000313,0.398719,0.244336
AACAACTGGTAGTTGC-1,0.119079,0.042643,0.631729,0.206549
AACAATACATTGTCGA-1,0.062376,0.575038,0.022203,0.340383
AACAATTACTCTACGC-1,0.111496,0.249163,0.419473,0.219868
AACACACGCTCGCCGC-1,0.000028,0.064029,0.468807,0.467135
AACACGACTGTACTGA-1,0.005306,0.934973,0.059632,0.000089
AACACGAGACGCGGCC-1,0.605237,0.38631,0.004226,0.004226
AACACGCGGCCGCGAA-1,0.000027,0.302495,0.495011,0.202467
AACAGCTGTGTGGCAA-1,0.305875,0.692334,0.000896,0.000896
AACAGGAAATCGAATA-1,0.023814,0.523977,0.441813,0.010396
AACAGGATGGGCCGCG-1,0.075245,0.571034,0.222537,0.131183
AACAGGTAGTATGGAT-1,0.035167,0.265421,0.466193,0.233219
AACATAGCGTGTATCG-1,0.038545,0.614504,0.000453,0.346498
AACATATCAACTGGTG-1,0.000045,0.853078,0.133424,0.013453
AACATCGATACGTCTA-1,0.000061,0.493031,0.37359,0.133318
AACATTGAAGTTGATC-1,0.451061,0.000523,0.042615,0.505801
AACATTGGTCAGCCGT-1,0.000044,0.336706,0.643656,0.019594
AACATTGTGACTCGAG-1,0.090092,0.286278,0.000138,0.623492
AACCAAGACTTCTCTG-1,0.636207,0.32513,0.038316,0.000348
AACCAGTATCACTCTT-1,0.000029,0.570209,0.429674,0.000088
AACCATAGGGTTGAAC-1,0.793163,0.202172,0.000136,0.004529
AACCATGGGATCGCTA-1,0.000057,0.385528,0.614244,0.000171
AACCCAGAGACGGAGA-1,0.044683,0.899744,0.055424,0.000148
AACCCATCCCATGATC-1,0.999342,0.000219,0.000219,0.000219
AACCCGACAACCCGTG-1,0.002819,0.282502,0.221008,0.493671
AACCCGAGCAGAATCG-1,0.004201,0.529506,0.062591,0.403702
AACCCGCTGTATTCCA-1,0.000025,0.135213,0.194469,0.670293
AACCCTACTGTCAATA-1,0.000041,0.576843,0.125625,0.29749
AACCCTGGTGGAACCA-1,0.000026,0.750253,0.203383,0.046338
AACCGAGCTTGGTCAT-1,0.009114,0.635594,0.355132,0.00016
AACCGCTAAGGGATGC-1,0.000014,0.360543,0.574133,0.06531
AACCGTTGTGTTTGCT-1,0.000025,0.26554,0.728057,0.006377
AACCTAAAGCCGTCCG-1,0.000032,0.872782,0.064338,0.062847
AACCTCGCTTTAGCCC-1,0.00836,0.051304,0.313505,0.626832
AACCTGTCACGGAATT-1,0.000053,0.565052,0.274808,0.160087
AACCTTTAAATACGGT-1,0.000052,0.240549,0.136981,0.622418
AACCTTTACGACGTCT-1,0.000054,0.79114,0.208645,0.000161
AACGAAAGTCGTCCCA-1,0.9432,0.000176,0.009009,0.047615
AACGACCTCCTAGCCG-1,0.014513,0.153681,0.17414,0.657666
AACGATAATGCCGTAG-1,0.000045,0.663782,0.135587,0.200586
AACGATAGAAGGGCCG-1,0.000016,0.086695,0.859399,0.05389
AACGATATGTCAACTG-1,0.006255,0.06264,0.858445,0.07266
AACGCATGATCTGGGT-1,0.000049,0.586553,0.353693,0.059705
AACGCGAACGGCAACA-1,0.000035,0.232405,0.736358,0.031202
AACGCGACCTTGGGCG-1,0.024571,0.372169,0.015485,0.587774
AACGCGGTCTCCAGCC-1,0.000043,0.397067,0.602761,0.000129
AACGCTGTTGCTGAAA-1,0.000092,0.542411,0.09354,0.363957
AACGGACGTACGTATA-1,0.00003,0.173927,0.433184,0.392859
AACGGCCATCTCCGGT-1,0.601841,0.081773,0.131315,0.185072
AACGTACTGTGGGTAC-1,0.093224,0.237182,0.463892,0.205702
AACGTAGTCTACCCAT-1,0.000062,0.425925,0.573829,0.000185
AACGTCAGACTAGTGG-1,0.013977,0.593952,0.388317,0.003754
AACGTCGCTGCACTTC-1,0.017616,0.087274,0.178236,0.716874
AACGTGATGAAGGACA-1,0.02978,0.461495,0.428834,0.079891
AACGTGCGAAAGTCTC-1,0.049841,0.073122,0.582367,0.294671
AACGTTATCAGCACCT-1,0.040236,0.417926,0.526217,0.015621
AACGTTCTACCATTGT-1,0.000315,0.315595,0.571211,0.112879
AACTACCCGTTTGTCA-1,0.037237,0.226066,0.530903,0.205793
AACTAGCGTATCGCAC-1,0.000046,0.632379,0.348824,0.018751
AACTAGGCTTGGGTGT-1,0.001392,0.747289,0.070229,0.18109
AACTCAAGTTAATTGC-1,0.364687,0.364177,0.000305,0.270832
AACTCCAGAGCGTGTT-1,0.005807,0.719653,0.00026,0.274281
AACTCCTAATCCCATG-1,0.00003,0.500024,0.401073,0.098873
AACTCGATAAACACGT-1,0.000039,0.087869,0.628811,0.28328
AACTCGATGGCGCAGT-1,0.006933,0.36699,0.625926,0.000151
AACTCTCAATAGAGCG-1,0.01892,0.454849,0.456741,0.06949
AACTCTCAGTGTGCTC-1,0.01646,0.00284,0.761587,0.219113
AACTGAGGTCAGCGTC-1,0.000085,0.689884,0.309774,0.000256
AACTGAGTTATACTGA-1,0.021259,0.010538,0.68754,0.280663
AACTGATATTAGGCCT-1,0.028905,0.720108,0.205799,0.045187
AACTGGGTCCCGACGT-1,0.000025,0.412083,0.584461,0.003431
AACTGGGTTCGAGCCG-1,0.000042,0.754747,0.245085,0.000126
AACTGGTGTGGGCCTT-1,0.034408,0.612506,0.230803,0.122283
AACTTCTGCGTCTATC-1,0.033936,0.050097,0.91525,0.000717
AACTTGCCCGTATGCA-1,0.092828,0.51102,0.215082,0.18107
AACTTGCGTTCTCGCG-1,0.029928,0.148858,0.821049,0.000166
AACTTTACGGGAGCTT-1,0.021131,0.008445,0.809603,0.160821
AACTTTAGCTGCTGAG-1,0.03125,0.863999,0.09942,0.00533
AAGAAAGTTTGATGGG-1,0.5473,0.064087,0.125755,0.262859
AAGAAGGATCAGTTAG-1,0.000045,0.063761,0.839529,0.096666
AAGACATACGTGGTTT-1,0.008056,0.011338,0.125109,0.855497
AAGACCAAATAACTCA-1,0.999656,0.000115,0.000115,0.000115
AAGACCCAACTGAACA-1,0.006396,0.23786,0.425378,0.330366
AAGACTAACCCGTTGT-1,0.000041,0.277594,0.705882,0.016483
AAGACTCACGCCCACT-1,0.000041,0.824728,0.167441,0.00779
AAGACTGCAAGCTACT-1,0.004944,0.277426,0.498242,0.219388
AAGAGATGAATCGGTA-1,0.069011,0.732466,0.198348,0.000175
AAGAGCTCTTTATCGG-1,0.013456,0.346858,0.465337,0.174349
AAGAGGATGTACGCGA-1,0.721491,0.277736,0.000386,0.000386
AAGAGGCATGGATCGC-1,0.035831,0.613591,0.191898,0.15868
AAGAGGCCCTTTGGAA-1,0.006178,0.46088,0.196718,0.336224
AAGATGGCACCGGACC-1,0.012469,0.282605,0.324712,0.380213
AAGATTGGCGGAACGT-1,0.000044,0.957048,0.042775,0.000133
AAGCACCCTGCGTATC-1,0.000073,0.439364,0.214241,0.346322
AAGCATACTCTCCTGA-1,0.00003,0.348893,0.345325,0.305752
AAGCCACTTGCAGGTA-1,0.03079,0.310873,0.106871,0.551466
AAGCCGAAGCGGTTTA-1,0.000058,0.324237,0.388485,0.28722
AAGCCGCCGTGAAATC-1,0.888543,0.000202,0.000202,0.111053
AAGCCGGAGAGCAGGA-1,0.000032,0.082917,0.471045,0.446007
AAGCGCAGGGCTTTGA-1,0.00004,0.232318,0.123822,0.643821
AAGCGGCGTCATGGGT-1,0.000033,0.825629,0.17424,0.000098
AAGCGTCCCTCATCGA-1,0.106311,0.256014,0.38388,0.253795
AAGCTAGATCGAGTAA-1,0.007424,0.318311,0.352732,0.321533
AAGCTATGGATTGACC-1,0.627522,0.210613,0.118485,0.04338
AAGCTCGTGCCAAGTC-1,0.010676,0.180032,0.77046,0.038831
AAGCTCTTTCATGGTG-1,0.00007,0.158969,0.298,0.542961
AAGGAGAACTTATAAG-1,0.000039,0.613685,0.361292,0.024984
AAGGAGCGGTTGGTGC-1,0.034568,0.606593,0.313165,0.045674
AAGGATCGATCGCTTG-1,0.000055,0.986631,0.000164,0.01315
AAGGATGAGGGACCTC-1,0.000452,0.433028,0.398755,0.167765
AAGGCAGGCTGTCTCC-1,0.04707,0.400739,0.441195,0.110997
AAGGCGCGTAAAGCTT-1,0.052227,0.358772,0.276593,0.312408
AAGGCTGTGCTCATCG-1,0.369359,0.608668,0.018311,0.003662
AAGGGAACGACTGGCT-1,0.513169,0.000132,0.061287,0.425411
AAGGGACAGATTCTGT-1,0.000039,0.72319,0.186295,0.090476
AAGGGACTATGCATTC-1,0.727087,0.000893,0.000893,0.271127
AAGGGTTAGCCATGCG-1,0.000031,0.839399,0.000094,0.160476
AAGGGTTTGATTTCAG-1,0.699987,0.000076,0.13308,0.166858
AAGGTATCCTAATATA-1,0.035706,0.411184,0.448746,0.104364
AAGGTGATAAACCAGC-1,0.000038,0.657228,0.190192,0.152543
AAGTAAGCTTCCAAAC-1,0.030146,0.374497,0.417639,0.177719
AAGTAGAAGACCGGGT-1,0.000042,0.538794,0.454239,0.006925
AAGTAGTGACGCGAGG-1,0.20019,0.182356,0.438334,0.17912
AAGTCAATTGTCGTCA-1,0.000055,0.784415,0.037271,0.178258
AAGTCTTCTGTGGCCT-1,0.364381,0.504209,0.130994,0.000416
AAGTGACGACCGAATT-1,0.865398,0.002028,0.002028,0.130547
AAGTGAGTCGGGTTTA-1,0.000043,0.513734,0.173747,0.312477
AAGTGCAAAGGTAGAC-1,0.03876,0.396871,0.544999,0.01937
AAGTGCCTTGACTGTA-1,0.016631,0.647525,0.249362,0.086483
AAGTGCGTTAGAATCT-1,0.474396,0.518784,0.00341,0.00341
AAGTGCTTCTCTATTG-1,0.05164,0.412595,0.000103,0.535662
AAGTGTTTGGAGACGG-1,0.000061,0.516958,0.226128,0.256853
AAGTTCACTCCAAGCT-1,0.000047,0.030674,0.389915,0.579364
AAGTTCAGTCTGCGTA-1,0.000044,0.461538,0.538286,0.000132
AAGTTCGGCCAACAGG-1,0.665129,0.333685,0.000593,0.000593
AAGTTGTGATGTTATA-1,0.000093,0.313591,0.095024,0.591292
AAGTTTACTAATGGCA-1,0.000021,0.409055,0.573979,0.016944
AAGTTTATGGGCCCAA-1,0.00002,0.047236,0.427234,0.52551
AATAACAACGCTCGGC-1,0.83558,0.000371,0.000371,0.163679
AATAACACTAGAACAA-1,0.116252,0.613689,0.087034,0.183026
AATAACGTCGCGCCCA-1,0.000009,0.175538,0.497946,0.326506
AATAAGTCCTCGAGAC-1,0.000027,0.883169,0.105486,0.011318
AATAATCTTCGTATCG-1,0.038295,0.113875,0.533686,0.314144
AATACAATGTTTCAGG-1,0.032361,0.295909,0.533524,0.138207
AATACCGGAGGGCTGT-1,0.010711,0.269646,0.363208,0.356435
AATACCTGATGTGAAC-1,0.00342,0.049577,0.221269,0.725734
AATAGAACAGAGTGGC-1,0.04254,0.590838,0.268871,0.097751
AATAGAATCTGTTTCA-1,0.000027,0.111057,0.523424,0.365492
AATAGCAAGCCTCCTG-1,0.008929,0.147982,0.783706,0.059383
AATAGCTACCGCGTGC-1,0.000025,0.129478,0.870423,0.000074
AATAGGCACGACCCTT-1,0.03092,0.598446,0.000173,0.370461
AATAGTCCGTCCCGAC-1,0.000083,0.153272,0.199438,0.647206
AATAGTCGCGAGTCGG-1,0.010789,0.557951,0.218727,0.212533
AATATCAAGGTCGGAT-1,0.000036,0.333362,0.628586,0.038016
AATATCCTAGCAAACT-1,0.795523,0.127803,0.000123,0.076551
AATATCGAATCAATGC-1,0.078906,0.155791,0.177808,0.587495
AATATCGAGGGTTCTC-1,0.000046,0.542943,0.361539,0.095472
AATATTGGAGTATTGA-1,0.35279,0.119113,0.158061,0.370035
AATCAGACTGCAGGAC-1,0.000033,0.112196,0.738186,0.149584
AATCAGGTTTCATTTA-1,0.094092,0.016587,0.11886,0.77046
AATCATGTAAAGACTC-1,0.031792,0.370513,0.085819,0.511877
AATCCAAGGGCCTGAG-1,0.000039,0.256225,0.541801,0.201934
AATCCATGCAAGGGTG-1,0.000048,0.485915,0.383914,0.130124
AATCCCGCTCAGAGCC-1,0.000034,0.389776,0.253645,0.356545
AATCGAGGTCTCAAGG-1,0.042156,0.307245,0.129203,0.521396
AATCGCCTCAGCGCCA-1,0.001098,0.712291,0.147385,0.139225
AATCGCGCAGAGGACT-1,0.029974,0.558228,0.258384,0.153414
AATCGGGACACTACGA-1,0.076393,0.579709,0.245345,0.098553
AATCGGTATAGCCCTC-1,0.000159,0.530679,0.006382,0.46278
AATCGTGAGCCGAGCA-1,0.062387,0.734597,0.000311,0.202704
AATCTAGGTTTACTTG-1,0.887508,0.111621,0.000436,0.000436
AATCTATGCCGGAGCC-1,0.000052,0.505888,0.436005,0.058054
AATCTCTACTGTGGTT-1,0.332872,0.582802,0.048602,0.035724
AATCTGCGTTGGGACG-1,0.000051,0.592321,0.123215,0.284412
AATCTGGCTTTCTAGT-1,0.960685,0.000341,0.000341,0.038634
AATCTGGGTAGACCCT-1,0.000039,0.548743,0.396011,0.055208
AATGACAGCAATGTCT-1,0.520555,0.473383,0.003031,0.003031
AATGACGTAGGATGTC-1,0.000022,0.167791,0.571986,0.260201
AATGACTGTCAGCCGG-1,0.057575,0.62538,0.191454,0.125592
AATGAGTTCGCATATG-1,0.000047,0.203913,0.795897,0.000142
AATGATGATACGCTAT-1,0.016341,0.845671,0.075134,0.062855
AATGATGCGACTCCTG-1,0.00005,0.743774,0.073449,0.182727
AATGCAACCGGGTACC-1,0.018536,0.538512,0.422167,0.020785
AATGCACCAAGCAATG-1,0.000041,0.497471,0.43552,0.066968
AATGGTCCACCGTTCA-1,0.165118,0.614678,0.000175,0.22003
AATGGTTCTCACAAGC-1,0.007543,0.206726,0.785644,0.000087
AATGTATGGCACTGTA-1,0.999558,0.000147,0.000147,0.000147
AATGTGCCCGAGGTGT-1,0.534408,0.297792,0.16296,0.00484
AATGTGCTAATCTGAG-1,0.090017,0.025724,0.206863,0.677396
AATGTTAAGACCCTGA-1,0.09275,0.316499,0.14909,0.441661
AATGTTGTCGTGAGAC-1,0.000065,0.547704,0.008095,0.444136
AATTAAAGGTCGGCGT-1,0.062571,0.169418,0.672956,0.095056
AATTAACGGATTTCCA-1,0.005108,0.31424,0.178735,0.501916
AATTACGAGACCCATC-1,0.999392,0.000203,0.000203,0.000203
AATTACTCGTACGCTC-1,0.000023,0.249008,0.642715,0.108254
AATTAGCGCTGCAGCG-1,0.006867,0.29889,0.257803,0.43644
AATTATACCCAGCAAG-1,0.002851,0.285972,0.246537,0.46464
AATTCATAAGGGATCT-1,0.000058,0.721908,0.2163,0.061735
AATTCATTGTCATGCA-1,0.869253,0.00012,0.00012,0.130506
AATTCCAACTTGGTGA-1,0.000045,0.183467,0.575817,0.24067
AATTCCAAGCATGTAC-1,0.000035,0.37434,0.085941,0.539684
AATTCGATTCGAGGAT-1,0.000035,0.069234,0.33127,0.599461
AATTCTAGAGTTAGGC-1,0.021811,0.383423,0.355397,0.239369
AATTGAACGCTCTGGT-1,0.013729,0.341222,0.254313,0.390736
AATTGCAGCAATCGAC-1,0.000135,0.138739,0.32134,0.539785
AATTGCGTGGATTACA-1,0.916133,0.039124,0.000158,0.044586
AATTGTGGTTGCCAAA-1,0.000021,0.258747,0.247938,0.493294
AATTTGGGACATAGTA-1,0.04419,0.305046,0.625584,0.02518
AATTTGGTTCCAAAGA-1,0.011779,0.385611,0.578197,0.024412
ACAAACCATGCGTCCT-1,0.996135,0.000114,0.000114,0.003636
ACAAACCGACAAGGCG-1,0.00002,0.615828,0.38409,0.000061
ACAAACTCCATCAGAG-1,0.06557,0.000064,0.016282,0.918083
ACAAAGAAGGTAGGCC-1,0.520877,0.000086,0.135273,0.343764
ACAAAGCATGACCTAG-1,0.156649,0.598295,0.000162,0.244894
ACAAATCGCACCGAAT-1,0.007822,0.053975,0.608334,0.329868
ACAAATGGTAGTGTTT-1,0.000027,0.211645,0.476424,0.311903
ACAAATTCAGATCTGA-1,0.000034,0.625201,0.361618,0.013147
ACAACAGCATGAGCTA-1,0.000025,0.082083,0.733588,0.184304
ACAACGGTCCCTGCGA-1,0.048576,0.150924,0.702944,0.097556
ACAAGCAGTGCCTAGC-1,0.07866,0.415856,0.478421,0.027064
ACAAGCTATATGGAAG-1,0.108949,0.457897,0.417226,0.015927
ACAAGGAAATCCGCCC-1,0.000022,0.12522,0.474717,0.40004
ACAAGGACAAGAGGTT-1,0.266446,0.644745,0.018385,0.070424
ACAAGGATGCTTTAGG-1,0.067982,0.32107,0.036273,0.574675
ACAAGGCCTACCAGCC-1,0.000032,0.541792,0.409915,0.048261
ACAAGGGCAGGCTCTG-1,0.000016,0.203699,0.536413,0.259872
ACAAGTAATTGTAAGG-1,0.39736,0.362507,0.000205,0.239927
ACAATAGTCGTACGTT-1,0.52428,0.464606,0.005557,0.005557
ACAATCCATTTAAACC-1,0.737036,0.240328,0.000276,0.02236
ACAATCGATCTTTATA-1,0.00003,0.750482,0.247552,0.001936
ACAATGAATACGGAGA-1,0.275927,0.456725,0.000713,0.266636
ACAATGATTCTTCTAC-1,0.00005,0.401628,0.51811,0.080212
ACAATTGTGTCTCTTT-1,0.000071,0.390245,0.000214,0.609469
ACAATTTAGGAGGCTC-1,0.030356,0.55195,0.334812,0.082882
ACAATTTGAGCAGTGG-1,0.018893,0.337894,0.477591,0.165622
ACAATTTGGCCATATT-1,0.036931,0.170554,0.623062,0.169453
ACACAAAGACGGGTGG-1,0.027601,0.763148,0.189877,0.019374
ACACACCAGGACCAGT-1,0.000027,0.332196,0.406004,0.261774
ACACACTTTCTACACG-1,0.023413,0.026457,0.924757,0.025372
ACACATGATCAAATCT-1,0.813339,0.186071,0.000295,0.000295
ACACATTGACGCAACA-1,0.024636,0.41771,0.477164,0.08049
ACACATTTCCGTAGAC-1,0.00004,0.142273,0.181357,0.67633
ACACCACATAATTAGC-1,0.000077,0.999464,0.00023,0.00023
ACACCCAGCATGCAGC-1,0.035557,0.44115,0.261875,0.261418
ACACCCGAGAAATCCG-1,0.025956,0.309201,0.651134,0.013709
ACACCGAGCGCTCTTT-1,0.016294,0.559142,0.333498,0.091066
ACACCGGTCTGACCGC-1,0.858903,0.000104,0.000104,0.140889
ACACCTTAAGTAGGGC-1,0.100565,0.78925,0.107214,0.002971
ACACCTTACTACTTGC-1,0.027215,0.929603,0.000187,0.042996
ACACGAGACTCCTTCT-1,0.014497,0.210392,0.465981,0.309131
ACACGGCACTATGCAT-1,0.000013,0.247677,0.752269,0.00004
ACACGGGAACTTAGGG-1,0.028874,0.81927,0.151671,0.000185
ACACGTAGGCCACAAG-1,0.000093,0.588774,0.143423,0.26771
ACACTCCAATGTCACT-1,0.038788,0.204877,0.72871,0.027624
ACACTGATCAAGGTGT-1,0.006946,0.633153,0.169089,0.190812
ACACTGGGACAGTCGT-1,0.000103,0.415294,0.08516,0.499444
ACAGAACTGAGAACAA-1,0.562163,0.004001,0.004001,0.429835
ACAGATTAGGTTAGTG-1,0.000045,0.787165,0.212657,0.000134
ACAGCATAGAGCCAGT-1,0.000043,0.58251,0.406877,0.010569
ACAGCGACATTCTCAT-1,0.0065,0.087073,0.450807,0.45562
ACAGCGCACCCGCAGC-1,0.013191,0.331095,0.651387,0.004327
ACAGGCACGGATCCTT-1,0.000044,0.243653,0.16964,0.586663
ACAGGCTTGCCCGACT-1,0.017352,0.178067,0.441094,0.363487
ACAGGTGGAGGTGAGG-1,0.063856,0.867553,0.062043,0.006548
ACAGGTGTGTTGTTGC-1,0.257967,0.489855,0.1908,0.061379
ACAGTAATACAACTTG-1,0.771917,0.002805,0.002805,0.222474
ACAGTATACCGTGGGA-1,0.000062,0.999568,0.000185,0.000185
ACATAAGTCGTGGTGA-1,0.890348,0.088024,0.000197,0.021431
ACATAATAAGGCGGTG-1,0.011284,0.427334,0.535523,0.025859
ACATACAATCAAGCGG-1,0.000054,0.28748,0.372934,0.339533
ACATCAGCTGGGACGC-1,0.155207,0.331989,0.264817,0.247987
ACATCCCGGCCATACG-1,0.037963,0.120452,0.416937,0.424649
ACATCCTGGTAACTGT-1,0.02097,0.169869,0.424928,0.384233
ACATCGATCGTTTACC-1,0.019542,0.198218,0.456862,0.325378
ACATCGCAATATTCGG-1,0.021611,0.264581,0.320825,0.392982
ACATCGGTCAGCCGCG-1,0.459158,0.540142,0.00035,0.00035
ACATCGTATGCAATGG-1,0.000026,0.169235,0.480392,0.350347
ACATCGTTAACCTAGT-1,0.000032,0.557093,0.44278,0.000095
ACATCTCAACGCGTAA-1,0.000028,0.816699,0.17939,0.003883
ACATGGCGCCAAAGTA-1,0.000039,0.277037,0.214347,0.508577
ACATGGCTCAATTTAG-1,0.000033,0.034068,0.802292,0.163607
ACATTAGTTTATATCC-1,0.000045,0.126443,0.560516,0.312996
ACATTCGCGCGGAATA-1,0.112608,0.000037,0.427854,0.459502
ACATTTGAAACCTAAC-1,0.00004,0.196528,0.163627,0.639806
ACCAAACACCCAGCGA-1,0.000035,0.530773,0.402419,0.066773
ACCAAACTAGAAATCC-1,0.000026,0.571196,0.424712,0.004067
ACCAACACCACACACT-1,0.000027,0.360565,0.633909,0.0055
ACCAACCGCACTCCAC-1,0.030433,0.319022,0.000141,0.650403
ACCAACGCTTATTTAT-1,0.014198,0.585688,0.246221,0.153893
ACCAAGAACGCGTGTC-1,0.00004,0.766305,0.221161,0.012493
ACCAAGTCATCGGCAG-1,0.000024,0.001876,0.416043,0.582056
ACCAATATGCAAGTTA-1,0.009308,0.051004,0.205491,0.734197
ACCACAACTCAGAACA-1,0.000028,0.760414,0.238437,0.001121
ACCACAAGTTTCTATC-1,0.082225,0.186524,0.551597,0.179653
ACCACACGGTTGATGG-1,0.070511,0.394835,0.111849,0.422804
ACCACCAATGTAACAA-1,0.027655,0.651538,0.084096,0.236711
ACCACCCTCTCTTCTA-1,0.029596,0.869632,0.000376,0.100396
ACCACGTGCAGCTATA-1,0.000041,0.34668,0.403416,0.249863
ACCACTGTTCAAGAAG-1,0.000033,0.291052,0.571459,0.137456
ACCAGACCATAACAAC-1,0.245414,0.000496,0.244432,0.509658
ACCAGCCCGGTCTTTG-1,0.000026,0.553687,0.163168,0.283118
ACCAGGAGTGTGATCT-1,0.006337,0.75752,0.23598,0.000162
ACCAGTGCCCGGTCAA-1,0.000038,0.535879,0.450069,0.014014
ACCAGTGCGGGAGACG-1,0.000031,0.506071,0.405725,0.088173
ACCATATCCGCAATAA-1,0.054359,0.380466,0.474596,0.090579
ACCATCCGCCAACTAG-1,0.42281,0.000517,0.238579,0.338094
ACCATCGTATATGGTA-1,0.311485,0.205549,0.042005,0.440961
ACCATTAAGGGTGTCA-1,0.000024,0.056911,0.757519,0.185546
ACCCAACGCCCGTGGC-1,0.031373,0.051698,0.714355,0.202574
ACCCACCTACATGCTC-1,0.015752,0.014693,0.912333,0.057222
ACCCATCTTGAGGGTA-1,0.547114,0.04833,0.15173,0.252826
ACCCATTTGTCCCTCT-1,0.082683,0.059837,0.01583,0.84165
ACCCGAGCGAAATTAC-1,0.34727,0.601928,0.00056,0.050243
ACCCGATTGGTTCCGA-1,0.040806,0.000077,0.000077,0.959041
ACCCGGAAACTCCCAG-1,0.00005,0.576204,0.22304,0.200705
ACCCGGAGCACCACAA-1,0.008383,0.008979,0.537071,0.445568
ACCCGGATGACGCATC-1,0.000043,0.282746,0.479727,0.237483
ACCCGGTTACACTTCC-1,0.118014,0.821458,0.000223,0.060305
ACCCGTAGCAGAGAAT-1,0.829962,0.001215,0.134697,0.034126
ACCCGTAGTCTAGTTG-1,0.00004,0.199092,0.010528,0.790339
ACCCGTGTCATCAGTA-1,0.040941,0.029225,0.408372,0.521463
ACCCTATAGGACTGAG-1,0.085749,0.524151,0.369512,0.020588
ACCCTATGCCATATCG-1,0.03639,0.572897,0.060256,0.330458
ACCCTCCCGTCAGGGC-1,0.000024,0.000071,0.229962,0.769943
ACCCTCCCTTGCTATT-1,0.008858,0.04858,0.29825,0.644311
ACCCTGGTAACGCCCT-1,0.000061,0.373967,0.177434,0.448538
ACCCTTCATCTGCGAA-1,0.00003,0.210715,0.76558,0.023675
ACCCTTTAGTTCTCCA-1,0.000032,0.493401,0.439707,0.06686
ACCGAAAGGGCCCTGC-1,0.018864,0.137704,0.657389,0.186043
ACCGAAGAGTCTGGTT-1,0.977548,0.000193,0.000193,0.022066
ACCGACACATCTCCCA-1,0.026597,0.27368,0.132359,0.567364
ACCGACTGAGTCCCAC-1,0.027065,0.350597,0.618097,0.004242
ACCGAGTCTCCTTATT-1,0.059381,0.01749,0.000114,0.923015
ACCGATAGGCATAACC-1,0.001762,0.011121,0.487975,0.499142
ACCGATATTTAATCAT-1,0.000111,0.58368,0.016061,0.400149
ACCGATGGTAGCATCG-1,0.000044,0.442207,0.311666,0.246083
ACCGCAATAACTGCCT-1,0.000049,0.313088,0.160121,0.526742
ACCGCGGTGGAAGTCG-1,0.067568,0.743894,0.056411,0.132127
ACCGCTAGTCATTGGT-1,0.046332,0.488516,0.010059,0.455093
ACCGGGCCTTTGTTGA-1,0.018579,0.324396,0.37325,0.283775
ACCGGTCAGGTACACC-1,0.885272,0.000154,0.000154,0.114419
ACCGGTCTGAGTACGG-1,0.000039,0.454271,0.51281,0.032879
ACCGTCCACTGGGCCC-1,0.918438,0.000129,0.000129,0.081305
ACCGTGACCACGTGGG-1,0.024988,0.175779,0.418705,0.380528
ACCGTTCCCGCTCTGA-1,0.00002,0.118577,0.87051,0.010893
ACCTAAGTACCTTTCA-1,0.714266,0.281862,0.001936,0.001936
ACCTAATCGACTTCCT-1,0.326478,0.019479,0.250837,0.403206
ACCTACAGTATGTGGT-1,0.049231,0.515656,0.380158,0.054954
ACCTACTATAAATCTA-1,0.006785,0.329235,0.009172,0.654808
ACCTCCGCCCTCGCTG-1,0.000118,0.332546,0.019149,0.648186
ACCTCCGTTATTCACC-1,0.086327,0.519952,0.000248,0.393473
ACCTCGAACTTATGCT-1,0.905744,0.093817,0.00022,0.00022
ACCTGCGTGTCATGTT-1,0.976305,0.007898,0.007899,0.007898
ACCTTTCCTTTAGAAG-1,0.000033,0.727612,0.262774,0.00958
ACGAAATGGGCGGCAC-1,0.200478,0.680536,0.009056,0.10993
ACGACCCATGAGTTGC-1,0.03629,0.021389,0.553515,0.388806
ACGACTCTAGGGCCGA-1,0.006138,0.014277,0.178026,0.801559
ACGACTGGTCATACTC-1,0.088341,0.812493,0.049802,0.049364
ACGAGAACCCATCACG-1,0.000145,0.435543,0.483619,0.080694
ACGAGATATTTGCTTA-1,0.00004,0.453015,0.530279,0.016665
ACGAGGATACCACTCT-1,0.797569,0.196179,0.003126,0.003126
ACGAGGTTTACAACGT-1,0.56487,0.000099,0.165969,0.269062
ACGAGTACGGATGCCC-1,0.000042,0.743325,0.238449,0.018185
ACGAGTCGCCGGCGTT-1,0.012602,0.274261,0.466932,0.246204
ACGATACATAGAACTA-1,0.000018,0.065303,0.934624,0.000055
ACGATACCTATCCTGA-1,0.044096,0.237219,0.474598,0.244086
ACGATCATACATAGAG-1,0.011648,0.446993,0.389808,0.15155
ACGATCATCTTGTAAA-1,0.000044,0.430343,0.263923,0.30569
ACGATGCATATGTTAT-1,0.286346,0.254302,0.15878,0.300572
ACGATGGATCCGATGC-1,0.047085,0.5929,0.355838,0.004177
ACGCAAACTAATAGAT-1,0.000019,0.078216,0.702692,0.219074
ACGCAATCACTACAGC-1,0.000047,0.491444,0.495217,0.013293
ACGCATAAATGACATG-1,0.000051,0.555029,0.39971,0.045211
ACGCATACGTTTACTA-1,0.091666,0.105367,0.468563,0.334403
ACGCATTCGTGAGTAC-1,0.02985,0.146942,0.731957,0.09125
ACGCCACTCGAAACAG-1,0.031345,0.007304,0.201596,0.759755
ACGCCAGATGATTTCT-1,0.009443,0.201134,0.728983,0.06044
ACGCCAGTGCGTTTGC-1,0.000098,0.09928,0.089319,0.811303
ACGCCCAGCTGTCGAT-1,0.000026,0.724834,0.275059,0.000081
ACGCCGCTAGACGACC-1,0.00585,0.233435,0.563964,0.196751
ACGCGAAGTCAGACGA-1,0.000047,0.259337,0.411646,0.32897
ACGCGCTACACAGGGT-1,0.669787,0.085167,0.000226,0.24482
ACGCGGGCCAAGGACA-1,0.046003,0.196456,0.482086,0.275454
ACGCGTTTCTTAAGAG-1,0.038811,0.080416,0.573954,0.306818
ACGCTACTGAATGGGC-1,0.000583,0.40476,0.263,0.331657
ACGCTAGTGATACACT-1,0.000063,0.98473,0.011883,0.003324
ACGCTGTGAGGCGTAG-1,0.635358,0.001266,0.001266,0.36211
ACGCTTAGTGTCTCTC-1,0.011009,0.709034,0.171733,0.108225
ACGGAACACGAGTGCC-1,0.000044,0.411571,0.178011,0.410375
ACGGAATTTAGCAAAT-1,0.000062,0.436118,0.563635,0.000185
ACGGACGCAGCGACAA-1,0.607125,0.119713,0.188301,0.084861
ACGGACTCTCAAAGCG-1,0.000046,0.282548,0.254585,0.462821
ACGGAGCGCAAATTAC-1,0.000035,0.4551,0.53816,0.006706
ACGGATGGTGCGGATA-1,0.000074,0.311398,0.068028,0.6205
ACGGCACTTGCTTGGG-1,0.003063,0.432244,0.122762,0.441931
ACGGCCAACATGGACT-1,0.026816,0.451181,0.108933,0.41307
ACGGCGACGATGGGAA-1,0.000043,0.467987,0.092154,0.439816
ACGGCGGGTTGCCCTG-1,0.000056,0.540446,0.424706,0.034793
ACGGCTGGATGTAGAA-1,0.886328,0.000409,0.000409,0.112853
ACGGGAGTGTCGGCCC-1,0.927224,0.06965,0.001563,0.001563
ACGGGCGTATGCGACA-1,0.040463,0.751556,0.011159,0.196822
ACGGGTCATGTGACTT-1,0.011434,0.399058,0.406153,0.183355
ACGGGTTGTGACCTGT-1,0.921372,0.000551,0.077527,0.000551
ACGGTACAGTTCAATG-1,0.00003,0.009079,0.360052,0.63084
ACGGTCACCGAGAACA-1,0.854711,0.027952,0.000105,0.117232
ACGTACAGATTTCTCT-1,0.000021,0.130911,0.836273,0.032796
ACGTACTTTGGCACGG-1,0.046043,0.04989,0.088458,0.815608
ACGTAGATTGCTGATG-1,0.033903,0.176839,0.582797,0.206461
ACGTAGGAGAGTCGCT-1,0.000033,0.111432,0.07987,0.808666
ACGTATTACTCCGATC-1,0.000043,0.335895,0.412434,0.251627
ACGTCCTAAACGAGAT-1,0.000031,0.719697,0.19549,0.084782
ACGTCGGGCAACTCGG-1,0.999651,0.000116,0.000116,0.000116
ACGTCTCGTTCCGGGA-1,0.6978,0.283202,0.003708,0.01529
ACGTGACAAAGTAAGT-1,0.859479,0.138921,0.0008,0.0008
ACGTGCGCCTCGTGCA-1,0.035563,0.46901,0.454032,0.041395
ACGTGGTCGAATGTGC-1,0.000031,0.654955,0.311709,0.033305
ACGTTAATGTCGAAGA-1,0.000035,0.153703,0.628294,0.217968
ACGTTAGATTTGCCCG-1,0.459796,0.212688,0.006482,0.321034
ACGTTATTGGTCACTC-1,0.017646,0.079653,0.795582,0.107118
ACGTTCACTATGCCGC-1,0.039216,0.293748,0.212538,0.454498
ACGTTCCGCGCTCCGT-1,0.052015,0.606439,0.30822,0.033326
ACGTTCGCAATCAATT-1,0.019626,0.371696,0.000201,0.608477
ACGTTCGTTCAGGAAA-1,0.000428,0.274164,0.063564,0.661844
ACGTTCTGTACAAGTC-1,0.065084,0.208543,0.000284,0.726088
ACGTTGTCGTTGAAAG-1,0.043959,0.255344,0.105471,0.595226
ACGTTTAGTTGTGATC-1,0.000034,0.26817,0.731694,0.000102
ACGTTTCGGTGCACTT-1,0.039686,0.282657,0.290359,0.387298
ACTAATACGTCAGGCG-1,0.000015,0.383252,0.616074,0.000659
ACTACAAAGAGAGGTG-1,0.081941,0.040599,0.000233,0.877227
ACTACATCCCGACAAG-1,0.902841,0.000121,0.000121,0.096917
ACTACCAGCTCTCTGG-1,0.097859,0.13169,0.337971,0.432479
ACTACCATCCGAGGGC-1,0.045873,0.064586,0.448991,0.44055
ACTACGCGTTAGAATT-1,0.000037,0.456305,0.153738,0.38992
ACTAGTTGCGATCGTC-1,0.247782,0.406926,0.142025,0.203266
ACTATATGCTGTGTTC-1,0.000048,0.398082,0.566097,0.035773
ACTATCCAGGGCATGG-1,0.000058,0.999594,0.000174,0.000174
ACTATCGCCGGCTAAA-1,0.000045,0.677435,0.19282,0.1297
ACTATCTGCCCGCGTA-1,0.027617,0.154047,0.331668,0.486668
ACTATGTCCAGCTGCC-1,0.772814,0.00015,0.00015,0.226885
ACTATTCGTCCGTGGT-1,0.000034,0.555779,0.441013,0.003173
ACTATTTCCGGGCCCA-1,0.021224,0.20847,0.330176,0.44013
ACTCAACGAATGTATT-1,0.000032,0.447503,0.4394,0.113065
ACTCAAGTGCAAGGCT-1,0.000037,0.000112,0.627284,0.372566
ACTCAATAAAGGCACG-1,0.006711,0.67959,0.034065,0.279635
ACTCAGACCTGCTTCT-1,0.05559,0.555692,0.388537,0.000181
ACTCATGGCAGCCTTC-1,0.950526,0.000126,0.000126,0.049221
ACTCCAATATCATCAT-1,0.172789,0.000246,0.178871,0.648094
ACTCCCATTCCTAAAG-1,0.658579,0.002001,0.002001,0.33742
ACTCCCGAATTCGTTT-1,0.000033,0.238985,0.591158,0.169824
ACTCCCGTAGACTAGG-1,0.172598,0.617648,0.020824,0.188931
ACTCCCTAATGCTAAA-1,0.000058,0.486855,0.283849,0.229237
ACTCCCTAGAATAGTA-1,0.009797,0.241303,0.271094,0.477807
ACTCCGGCCGACCACT-1,0.000086,0.986989,0.000258,0.012667
ACTCGATGTATTTCAT-1,0.000027,0.055485,0.889664,0.054825
ACTCGCCGTTCGATAA-1,0.000054,0.333565,0.150443,0.515938
ACTCGCGATCTGACGC-1,0.000096,0.141342,0.714738,0.143824
ACTCGTAACCCGTCCT-1,0.774633,0.221685,0.001841,0.001841
ACTCGTCAGTAATCCC-1,0.014519,0.122519,0.494216,0.368746
ACTCTAAACCTGGGAT-1,0.014818,0.451819,0.188205,0.345159
ACTCTCTGACTTAGGT-1,0.017167,0.338565,0.067129,0.577138
ACTCTCTTATACACGA-1,0.000035,0.399714,0.533244,0.067007
ACTCTGACCTAATAGA-1,0.025957,0.012303,0.096271,0.865469
ACTCTTCAGCTCCCGC-1,0.009144,0.3451,0.480025,0.16573
ACTCTTGTATAGTAAC-1,0.009567,0.001318,0.855142,0.133973
ACTGAAACGCCGTTAG-1,0.037198,0.53947,0.108314,0.315018
ACTGAATGGCGAAAGT-1,0.000037,0.495754,0.233661,0.270548
ACTGATTTAGTGATTC-1,0.00006,0.869359,0.1304,0.000181
ACTGCCCGCCATTCTC-1,0.02458,0.006648,0.556407,0.412365
ACTGCCGTCGTAACTC-1,0.02874,0.599434,0.371673,0.000153
ACTGCGGACACACCGT-1,0.002793,0.483682,0.460539,0.052986
ACTGCTCGGAAGGATG-1,0.77513,0.224159,0.000356,0.000356
ACTGGGATGCCAGTGC-1,0.010094,0.01236,0.128021,0.849525
ACTGTACGATACACAT-1,0.000033,0.257332,0.714368,0.028267
ACTGTAGCACTTTGGA-1,0.237605,0.758111,0.004087,0.000197
ACTGTATACGCGAGCA-1,0.029064,0.387167,0.583613,0.000156
ACTGTCCAGGATTATA-1,0.038495,0.243242,0.461386,0.256878
ACTGTCTTCTTTAGAA-1,0.008054,0.291212,0.608307,0.092427
ACTGTGCTAGTAGATC-1,0.000035,0.025219,0.957686,0.017061
ACTGTTTAGTGTAGGC-1,0.000043,0.661716,0.323975,0.014266
ACTTACCGGGCGCGCA-1,0.002633,0.542462,0.223457,0.231448
ACTTACGCATCCACGC-1,0.030586,0.069502,0.339197,0.560714
ACTTAGTACGACAAGA-1,0.000055,0.541828,0.457951,0.000166
ACTTATACTTACCCGG-1,0.000291,0.650012,0.203569,0.146129
ACTTATCTGATCTATA-1,0.000083,0.458257,0.435332,0.106328
ACTTATTAGGATCGGT-1,0.063318,0.701538,0.170853,0.06429
ACTTATTTATGTGCCA-1,0.000046,0.761254,0.110134,0.128566
ACTTCAGGCTGATCCC-1,0.000038,0.115716,0.442857,0.441389
ACTTCCAGTGGAAGCT-1,0.999209,0.000264,0.000264,0.000264
ACTTCCATGCGGGACA-1,0.00005,0.187441,0.364926,0.447582
ACTTCGCCATACGCAC-1,0.10763,0.358746,0.315081,0.218543
ACTTCGCTAGCGAGTG-1,0.000065,0.561673,0.438069,0.000194
ACTTGACTCCCTCTTT-1,0.037776,0.03846,0.470269,0.453495
ACTTGCCATATTGTAC-1,0.000065,0.530543,0.362296,0.107096
ACTTGCTCTATCTACC-1,0.979726,0.000171,0.000171,0.019932
ACTTGGGACCCGGTGG-1,0.081077,0.413157,0.228392,0.277374
ACTTGTAGTCCCTTCA-1,0.795328,0.000626,0.06915,0.134895
ACTTGTGGATGGAACG-1,0.107559,0.147835,0.633438,0.111168
ACTTGTTACCGGATCA-1,0.00003,0.245397,0.144206,0.610366
ACTTTACCCTCATGAA-1,0.000043,0.318496,0.57852,0.102941
ACTTTATACACCACTT-1,0.925445,0.038681,0.000489,0.035385
ACTTTCCTATAGCTTC-1,0.046584,0.181034,0.56964,0.202743
ACTTTGACTGCATCCT-1,0.425737,0.35971,0.212469,0.002084
ACTTTGGTCGTGCTCC-1,0.895159,0.000426,0.103989,0.000426
ACTTTGTCGACGCACT-1,0.000053,0.051706,0.710548,0.237693
AGAAATTATGACTCGC-1,0.02252,0.104585,0.462507,0.410387
AGAACCCAGCGTGACA-1,0.069701,0.378688,0.335397,0.216214
AGAACCCTCAATTGGG-1,0.922264,0.000116,0.000116,0.077505
AGAACGTGGTACATTC-1,0.03099,0.3389,0.474208,0.155901
AGAACTGTACTTTGTA-1,0.000031,0.024641,0.394793,0.580536
AGAAGAGCGCCGTTCC-1,0.000621,0.474166,0.523349,0.001864
AGAAGGTACACTTCAC-1,0.782657,0.029357,0.042146,0.14584
AGAAGGTTGCCGAATT-1,0.151515,0.847927,0.000279,0.000279
AGAAGGTTGTAGGTCG-1,0.000026,0.043808,0.564697,0.391469
AGAAGTGATTCGTGAT-1,0.859266,0.001196,0.001196,0.138343
AGAATAAATCTTCAGG-1,0.461622,0.537614,0.000382,0.000382
AGAATACAGGCTATCC-1,0.000029,0.111153,0.271444,0.617373
AGAATGCGGGTTCGGA-1,0.000036,0.398457,0.547158,0.054349
AGAATTATGGATTCGA-1,0.000039,0.74353,0.144288,0.112143
AGAATTGTTTGACATA-1,0.024937,0.510491,0.445642,0.01893
AGACAGCTCAGAATCC-1,0.03731,0.386746,0.414678,0.161266
AGACAGGCATCTCAGC-1,0.009066,0.052754,0.563288,0.374892
AGACATAGATCCTTCC-1,0.046834,0.5896,0.322435,0.041131
AGACCAAACCACACCT-1,0.822136,0.110148,0.033714,0.034002
AGACCATGGGATACAA-1,0.000019,0.004346,0.911894,0.083742
AGACCCACCGCTGATC-1,0.029659,0.356331,0.380446,0.233564
AGACCCGCCCTCCTCG-1,0.073516,0.213856,0.424049,0.288579
AGACCGCTCCGCGGTT-1,0.102422,0.330434,0.256063,0.311081
AGACCGGGAAACCCTG-1,0.508944,0.002779,0.485499,0.002779
AGACGAAGTGCCGGTC-1,0.000053,0.420246,0.194753,0.384947
AGACGACGATGCCGCT-1,0.566869,0.430609,0.001261,0.001261
AGACGCCCACTTCGCC-1,0.002346,0.024451,0.524237,0.448967
AGACGGGATTGGTATA-1,0.00004,0.76257,0.108705,0.128684
AGACGGGCCGATTTAA-1,0.00003,0.588664,0.364243,0.047063
AGACTAGCCTTCCAGA-1,0.118522,0.306905,0.325797,0.248776
AGACTGTTACCGGGTC-1,0.052251,0.069131,0.031245,0.847372
AGAGAAACACCAGAAA-1,0.072806,0.497825,0.004124,0.425245
AGAGAACCGTCTAGGA-1,0.000033,0.658823,0.259357,0.081787
AGAGAAGGAGTACAAT-1,0.220532,0.681988,0.000402,0.097078
AGAGATCTCTAAAGCG-1,0.426551,0.134106,0.003126,0.436217
AGAGCAGTTATGAGAC-1,0.017809,0.163684,0.683593,0.134914
AGAGCCGCCGAGATTT-1,0.000055,0.162565,0.42191,0.41547
AGAGCGGGCTAATCAT-1,0.016473,0.465008,0.488721,0.029798
AGAGCGTACAAGCTCG-1,0.007093,0.201958,0.789208,0.001742
AGAGCTACGAAAGCAT-1,0.058256,0.406928,0.354886,0.17993
AGAGGCTTCGGAAACC-1,0.039139,0.955375,0.000234,0.005252
AGAGGTATCTCGGTCC-1,0.000073,0.336953,0.172299,0.490675
AGAGTAAACTTCACTA-1,0.000149,0.631686,0.017782,0.350383
AGAGTATAGTGTTACG-1,0.116035,0.869776,0.000568,0.013621
AGAGTCTTAATGAAAG-1,0.009974,0.475207,0.228545,0.286273
AGAGTTAGAGACCGAT-1,0.000022,0.541123,0.393772,0.065083
AGATAACTTCAGGGCC-1,0.245205,0.689745,0.064884,0.000166
AGATACCAATAGAACC-1,0.000024,0.00338,0.537012,0.459584
AGATACCAGCACTTCA-1,0.000037,0.243203,0.592443,0.164317
AGATACCGGTGTTCAC-1,0.581615,0.338822,0.002576,0.076987
AGATACGACTTCATAT-1,0.021812,0.135973,0.741621,0.100594
AGATACTCAAGATCGA-1,0.000028,0.134536,0.612311,0.253124
AGATATAATACGACTA-1,0.000031,0.179712,0.244632,0.575625
AGATCGTGCATAAGAT-1,0.022031,0.601169,0.209267,0.167533
AGATCTCAGGTGTGAT-1,0.054857,0.334687,0.529551,0.080905
AGATGACTCGCCCACG-1,0.018279,0.249011,0.73261,0.000101
AGATGAGGGTTGCGAT-1,0.019746,0.486452,0.489438,0.004364
AGATGATGGAGTCTGG-1,0.000046,0.547908,0.408156,0.04389
AGATGCAAGACGTGCA-1,0.683104,0.112173,0.20202,0.002704
AGATGCATCCTGTGTC-1,0.770397,0.22893,0.000337,0.000337
AGATGCTATAACGAGC-1,0.000021,0.386009,0.561972,0.051998
AGATTATAGGACGTTT-1,0.113634,0.597592,0.228271,0.060504
AGATTCACAACCGATA-1,0.909745,0.089855,0.0002,0.0002
AGCAAAGGCCGCTAGT-1,0.006851,0.057561,0.447796,0.487793
AGCAACATATCTTATT-1,0.000032,0.433814,0.384702,0.181452
AGCAACCGAAAGTAAT-1,0.922129,0.000304,0.029306,0.04826
AGCACACGTTTAGACT-1,0.169195,0.285213,0.05727,0.488322
AGCACCAGTACTCACG-1,0.000061,0.418962,0.378377,0.202599
AGCACTACCGGCCTGT-1,0.385467,0.61217,0.001181,0.001181
AGCACTACCTCACCAG-1,0.001821,0.107065,0.45972,0.431395
AGCACTTAAGGACGCC-1,0.277324,0.173756,0.387591,0.161329
AGCAGAAGGAGAAAGA-1,0.000034,0.508918,0.129741,0.361307
AGCAGCCAGATGAATA-1,0.027336,0.109978,0.051566,0.81112
AGCAGTCGAAGCATGC-1,0.170228,0.385929,0.004054,0.439789
AGCATATCAATATGCT-1,0.000068,0.430687,0.136202,0.433043
AGCATCATTTCGAAAG-1,0.693241,0.303425,0.001667,0.001667
AGCATCGTCGATAATT-1,0.00003,0.145427,0.85423,0.000313
AGCATTACGAGGCAAG-1,0.000033,0.178246,0.472633,0.349088
AGCCAAGCTTTGTGTC-1,0.000054,0.365513,0.01116,0.623273
AGCCACAGGTTACCCG-1,0.024069,0.584444,0.078352,0.313135
AGCCACTCCCGTGCTT-1,0.000047,0.501883,0.483914,0.014157
AGCCATATAGTATGTG-1,0.000051,0.120187,0.044934,0.834828
AGCCCATACATGTAAG-1,0.707796,0.000739,0.164189,0.127276
AGCCCGCAACAAGCAG-1,0.000534,0.489867,0.02465,0.484948
AGCCCGCACTACAATG-1,0.000026,0.156168,0.400847,0.44296
AGCCCGGCATTAGAGG-1,0.577786,0.142094,0.000374,0.279747
AGCCCGGTAGCCTGTA-1,0.034337,0.241243,0.209666,0.514754
AGCCCTAAGCGAAGTT-1,0.000027,0.184882,0.794938,0.020153
AGCCCTCCCTGGTGGC-1,0.117581,0.557902,0.075802,0.248715
AGCCCTGTCGCACCGT-1,0.039232,0.24118,0.497857,0.221731
AGCCCTTCTAATCCGA-1,0.000027,0.209544,0.771974,0.018455
AGCCCTTGGACATCCC-1,0.00007,0.194492,0.352945,0.452493
AGCCGCAAATTCAAAT-1,0.276835,0.086514,0.000263,0.636388
AGCCGCTTGATTAGCG-1,0.000037,0.440751,0.537772,0.02144
AGCCGTGGCTAAATGT-1,0.754242,0.240352,0.002703,0.002703
AGCCTAATACCCACGT-1,0.966042,0.000309,0.033341,0.000309
AGCCTTAAAGCGGAAG-1,0.054866,0.277796,0.503401,0.163937
AGCCTTGTCACTGATA-1,0.876551,0.000186,0.098768,0.024494
AGCGACAGGAACGGTC-1,0.059481,0.220081,0.365025,0.355413
AGCGACATCCCATTCA-1,0.01356,0.46373,0.522577,0.000134
AGCGACCAACGATATT-1,0.004973,0.125908,0.840715,0.028404
AGCGAGACGTGAAGGC-1,0.986705,0.000277,0.000277,0.01274
AGCGATGCGCCTAATA-1,0.058989,0.12457,0.056617,0.759825
AGCGCATAATGAATCG-1,0.001071,0.503327,0.113539,0.382063
AGCGCGGGTGCCAATG-1,0.00004,0.711065,0.165713,0.123182
AGCGCTAGAGCGATGT-1,0.020364,0.32177,0.566195,0.091671
AGCGCTTATGGGCAAG-1,0.000034,0.933072,0.066792,0.000102
AGCGGACACTTCGTAG-1,0.000094,0.536846,0.000283,0.462777
AGCGGCGGTTAGCGGT-1,0.825234,0.136076,0.000238,0.038451
AGCGGGAAGGGTCCAT-1,0.000019,0.000057,0.98928,0.010645
AGCGGGTCTGACACTC-1,0.000046,0.263936,0.130231,0.605788
AGCGGTTGAGATGTAC-1,0.000032,0.524823,0.47505,0.000095
AGCGGTTGCCGCTCTG-1,0.000043,0.295914,0.39253,0.311513
AGCGTACGAGAGCTAG-1,0.000062,0.399608,0.587623,0.012708
AGCGTAGCGCTAGACC-1,0.000047,0.19859,0.799763,0.001599
AGCGTCTGAACCCGCA-1,0.000032,0.313105,0.624347,0.062516
AGCGTGGTATTCTACT-1,0.002854,0.049364,0.452596,0.495186
AGCGTTCCGATTTAAA-1,0.00002,0.325395,0.668713,0.005871
AGCTAACAAGCAATGT-1,0.068795,0.613272,0.071934,0.245999
AGCTAAGCTCCGTCCG-1,0.041373,0.074407,0.341806,0.542414
AGCTAAGTACGCAGGC-1,0.0269,0.437218,0.000203,0.535679
AGCTACGAATGGTGGT-1,0.000063,0.736284,0.000188,0.263465
AGCTAGAAGCAGAAGT-1,0.074858,0.564313,0.058489,0.30234
AGCTATTTAATCCAAC-1,0.000032,0.39509,0.582457,0.022422
AGCTCCATATATGTTC-1,0.000086,0.155917,0.136686,0.707311
AGCTCCTTCGCACATC-1,0.00004,0.312458,0.484068,0.203434
AGCTCTAGACGTTCCA-1,0.033204,0.498888,0.344526,0.123381
AGCTCTTCCCAGTGCA-1,0.024545,0.838367,0.135914,0.001175
AGCTCTTCGTAACCTT-1,0.000059,0.796171,0.000177,0.203594
AGCTCTTTACTCAGTT-1,0.214178,0.66039,0.110049,0.015384
AGCTGAAGTAAACCAA-1,0.000025,0.598721,0.399536,0.001717
AGCTGTAACCTCAATC-1,0.648806,0.341667,0.004763,0.004763
AGCTTATAGAGACCTG-1,0.000035,0.576821,0.379023,0.044121
AGCTTCAATACTTTGA-1,0.000024,0.593651,0.358122,0.048203
AGCTTCTTCTCGAGCA-1,0.005847,0.051838,0.193943,0.748372
AGCTTGATCAGGGTAG-1,0.998541,0.000486,0.000486,0.000486
AGCTTGATCTTAACTT-1,0.627917,0.362403,0.00484,0.00484
AGGAAAGCCTCTGATG-1,0.000045,0.158748,0.587396,0.253811
AGGAACGAACGACTTC-1,0.000027,0.232135,0.378018,0.38982
AGGAAGCTGTCCGCCG-1,0.000072,0.436714,0.037765,0.52545
