Barcode,Topic 1,Topic 2to8,Topic 9to10
AAACAAGTATCTCCCA-1,0.206193,0.217983,0.575824
AAACACCAATAACTGC-1,0.000044,0.851451,0.148505
AAACAGAGCGACTCCT-1,0.00005,0.024732,0.975218
AAACAGCTTTCAGAAG-1,0.048614,0.900089,0.051297
AAACAGGGTCTATATT-1,0.069169,0.817878,0.112953
AAACAGTGTTCCTGGG-1,0.000199,0.809094,0.190708
AAACATGGTGAGAGGA-1,0.972252,0.000138,0.027609
AAACATTTCCCGGATT-1,0.000081,0.329062,0.670857
AAACCCGAACGAAATC-1,0.026818,0.000284,0.972897
AAACCGGAAATGTTAA-1,0.000075,0.000524,0.999401
AAACCGGGTAGGTACC-1,0.028411,0.947502,0.024087
AAACCGTTCGTCCAGG-1,0.000044,0.857671,0.142285
AAACCTAAGCAGCCGG-1,0.00002,0.740584,0.259396
AAACCTCATGAAGTTG-1,0.104348,0.671565,0.224087
AAACGAAGAACATACC-1,0.018819,0.930722,0.050459
AAACGAAGATGGAGTA-1,0.344308,0.303313,0.352379
AAACGAGACGGTTGAT-1,0.000044,0.89438,0.105576
AAACGCTGGGCACGAC-1,0.00002,0.57899,0.420989
AAACGGGCGTACGGGT-1,0.000025,0.917238,0.082737
AAACGGTTGCGAACTG-1,0.000019,0.947856,0.052125
AAACTCGGTTCGCAAT-1,0.000056,0.958337,0.041607
AAACTGCTGGCTCCAA-1,0.000034,0.890436,0.109529
AAACTTAATTGCACGC-1,0.005996,0.896199,0.097805
AAACTTGCAAACGTAT-1,0.002732,0.995709,0.001558
AAAGAATGACCTTAGA-1,0.745735,0.200075,0.054191
AAAGAATGTGGACTAA-1,0.003326,0.045159,0.951515
AAAGACCCAAGTCGCG-1,0.058977,0.744094,0.196929
AAAGACTGGGCGCTTT-1,0.159024,0.686498,0.154479
AAAGGCCCTATAATAC-1,0.017969,0.919043,0.062988
AAAGGCTACGGACCAT-1,0.000026,0.865644,0.134331
AAAGGCTCTCGCGCCG-1,0.000026,0.984292,0.015682
AAAGGGATGTAGCAAG-1,0.000014,0.999958,0.000028
AAAGGGCAGCTTGAAT-1,0.016696,0.964078,0.019226
AAAGTAGCATTGCTCA-1,0.000029,0.980898,0.019074
AAAGTCACTGATGTAA-1,0.020361,0.959026,0.020614
AAAGTCGACCCTCAGT-1,0.065555,0.848658,0.085787
AAAGTGCCATCAATTA-1,0.013295,0.213676,0.773029
AAAGTGTGATTTATCT-1,0.000026,0.959756,0.040218
AAAGTTGACTCCCGTA-1,0.000068,0.810791,0.18914
AAATAACCATACGGGA-1,0.001437,0.921576,0.076987
AAATACCTATAAGCAT-1,0.05698,0.627449,0.315571
AAATAGCTTAGACTTT-1,0.000067,0.088936,0.910997
AAATAGGGTGCTATTG-1,0.000022,0.993009,0.006969
AAATCCGATACACGCC-1,0.000018,0.895429,0.104553
AAATCGCGGAAGGAGT-1,0.418947,0.352376,0.228676
AAATCGTGTACCACAA-1,0.023405,0.687058,0.289537
AAATCTAGCCCTGCTA-1,0.000064,0.470475,0.529461
AAATCTGCCCGCGTCC-1,0.313264,0.311188,0.375548
AAATGACTGATCAAAC-1,0.000012,0.97735,0.022638
AAATGCTCGTTACGTT-1,0.029228,0.95659,0.014182
AAATGGCATGTCTTGT-1,0.000044,0.914047,0.08591
AAATGGCCCGTGCCCT-1,0.049427,0.872474,0.078099
AAATGGTCAATGTGCC-1,0.000026,0.878131,0.121842
AAATGTATCTTATCCC-1,0.905953,0.000103,0.093944
AAATTAACGGGTAGCT-1,0.000027,0.952649,0.047324
AAATTAATAAGCGCGA-1,0.950254,0.009064,0.040682
AAATTACACGACTCTG-1,0.000027,0.999918,0.000054
AAATTACCTATCGATG-1,0.000075,0.665941,0.333984
AAATTGATAGTCCTTT-1,0.000072,0.964961,0.034967
AAATTGCGGCGGTTCT-1,0.102639,0.855023,0.042338
AAATTTGCGGGTGTGG-1,0.000033,0.911634,0.088333
AACAACTGGTAGTTGC-1,0.034363,0.891157,0.07448
AACAATACATTGTCGA-1,0.000013,0.992312,0.007675
AACAATTACTCTACGC-1,0.033568,0.764027,0.202406
AACACACGCTCGCCGC-1,0.018767,0.824511,0.156722
AACACGACTGTACTGA-1,0.005571,0.906292,0.088137
AACACGAGACGCGGCC-1,0.00002,0.948547,0.051433
AACACGCGGCCGCGAA-1,0.055814,0.833682,0.110504
AACAGCTGTGTGGCAA-1,0.025545,0.761714,0.212741
AACAGGAAATCGAATA-1,0.004733,0.929213,0.066054
AACAGGATGGGCCGCG-1,0.091984,0.898637,0.009379
AACAGGTAGTATGGAT-1,0.055575,0.493045,0.45138
AACATAGCGTGTATCG-1,0.000034,0.927209,0.072757
AACATATCAACTGGTG-1,0.000045,0.364978,0.634977
AACATTGAAGTTGATC-1,0.000019,0.999931,0.00005
AACATTGTGACTCGAG-1,0.000028,0.878294,0.121678
AACCAAGACTTCTCTG-1,0.044717,0.906818,0.048466
AACCATAGGGTTGAAC-1,0.016114,0.82446,0.159426
AACCATGGGATCGCTA-1,0.03802,0.961961,0.000019
AACCCAGAGACGGAGA-1,0.017572,0.920163,0.062265
AACCCATCCCATGATC-1,0.052604,0.888237,0.059159
AACCCGACAACCCGTG-1,0.000024,0.942773,0.057203
AACCCGAGCAGAATCG-1,0.068294,0.05878,0.872926
AACCCGCTGTATTCCA-1,0.00374,0.846163,0.150097
AACCCTACTGTCAATA-1,0.00002,0.954633,0.045346
AACCCTGGTGGAACCA-1,0.002806,0.919398,0.077795
AACCGAGCTTGGTCAT-1,0.000025,0.919527,0.080448
AACCGCTAAGGGATGC-1,0.000038,0.534192,0.465771
AACCGTTGTGTTTGCT-1,0.000062,0.634238,0.3657
AACCTCGCTTTAGCCC-1,0.00003,0.92362,0.076351
AACCTTTAAATACGGT-1,0.000056,0.927709,0.072235
AACCTTTACGACGTCT-1,0.201181,0.309247,0.489572
AACGAAAGTCGTCCCA-1,0.143799,0.598177,0.258024
AACGACCTCCTAGCCG-1,0.010482,0.068842,0.920676
AACGATAATGCCGTAG-1,0.016627,0.534704,0.448669
AACGATAGAAGGGCCG-1,0.038789,0.887274,0.073937
AACGATATGTCAACTG-1,0.000022,0.970307,0.02967
AACGCATGATCTGGGT-1,0.009024,0.430439,0.560538
AACGCGAACGGCAACA-1,0.233448,0.742405,0.024147
AACGCGACCTTGGGCG-1,0.000026,0.936845,0.063129
AACGCGGTCTCCAGCC-1,0.00005,0.715532,0.284418
AACGCTGTTGCTGAAA-1,0.000035,0.999895,0.00007
AACGGACGTACGTATA-1,0.000029,0.988105,0.011866
AACGGCCATCTCCGGT-1,0.000023,0.966639,0.033337
AACGTACTGTGGGTAC-1,0.031542,0.795901,0.172557
AACGTCAGACTAGTGG-1,0.052135,0.913395,0.03447
AACGTCATCCGGCTTG-1,0.000041,0.959027,0.040932
AACGTCGCTGCACTTC-1,0.056711,0.421532,0.521757
AACGTGATGAAGGACA-1,0.000016,0.992279,0.007706
AACGTGCGAAAGTCTC-1,0.000034,0.721358,0.278608
AACGTTATCAGCACCT-1,0.7092,0.263929,0.026871
AACGTTCTACCATTGT-1,0.000043,0.236657,0.7633
AACTACCCGTTTGTCA-1,0.075994,0.498244,0.425763
AACTAGGCTTGGGTGT-1,0.083505,0.864864,0.051631
AACTCAAGTTAATTGC-1,0.029265,0.928754,0.04198
AACTCCAGAGCGTGTT-1,0.000053,0.772131,0.227816
AACTCCTAATCCCATG-1,0.000072,0.081752,0.918177
AACTCGATAAACACGT-1,0.177065,0.699102,0.123832
AACTCGATGGCGCAGT-1,0.089272,0.854003,0.056724
AACTCTCAATAGAGCG-1,0.000021,0.923921,0.076058
AACTCTCAGTGTGCTC-1,0.000034,0.933689,0.066276
AACTGAGTTATACTGA-1,0.000073,0.305932,0.693994
AACTGATATTAGGCCT-1,0.021301,0.920294,0.058405
AACTGGGTCCCGACGT-1,0.000042,0.788651,0.211307
AACTGGTGTGGGCCTT-1,0.039289,0.871083,0.089628
AACTTCTGCGTCTATC-1,0.21907,0.636205,0.144725
AACTTGCCCGTATGCA-1,0.000035,0.999894,0.000071
AACTTGCGTTCTCGCG-1,0.252467,0.449625,0.297907
AACTTTACGGGAGCTT-1,0.880579,0.101873,0.017548
AACTTTAGCTGCTGAG-1,0.041387,0.781153,0.17746
AAGAAAGTTTGATGGG-1,0.187998,0.595327,0.216675
AAGAAGGATCAGTTAG-1,0.070926,0.69708,0.231995
AAGACATACGTGGTTT-1,0.017725,0.318278,0.663997
AAGACCAAATAACTCA-1,0.171827,0.432415,0.395758
AAGACCCAACTGAACA-1,0.032637,0.837799,0.129564
AAGACTAACCCGTTGT-1,0.06244,0.880756,0.056804
AAGACTGCAAGCTACT-1,0.002248,0.88724,0.110512
AAGAGATGAATCGGTA-1,0.026301,0.857641,0.116058
AAGAGCTCTTTATCGG-1,0.000035,0.863012,0.136953
AAGAGGATGTACGCGA-1,0.001116,0.945094,0.05379
AAGAGGCATGGATCGC-1,0.000033,0.878868,0.121099
AAGAGGCCCTTTGGAA-1,0.063792,0.58079,0.355418
AAGATGGCACCGGACC-1,0.000034,0.959334,0.040632
AAGATTGGCGGAACGT-1,0.000029,0.969951,0.03002
AAGCACCCTGCGTATC-1,0.000066,0.953938,0.045996
AAGCATACTCTCCTGA-1,0.000043,0.640629,0.359328
AAGCCACTTGCAGGTA-1,0.031029,0.490698,0.478273
AAGCCGAAGCGGTTTA-1,0.036892,0.570519,0.392589
AAGCCGCCGTGAAATC-1,0.1,0.7,0.2
AAGCCGGAGAGCAGGA-1,0.000049,0.000342,0.999609
AAGCGCAGGGCTTTGA-1,0.000074,0.692863,0.307063
AAGCGTCCCTCATCGA-1,0.000099,0.798245,0.201656
AAGCTAGATCGAGTAA-1,0.000023,0.999932,0.000045
AAGCTATGGATTGACC-1,0.500647,0.359006,0.140347
AAGCTCGTGCCAAGTC-1,0.042815,0.521411,0.435774
AAGCTCTTTCATGGTG-1,0.000049,0.983144,0.016807
AAGGAGCGGTTGGTGC-1,0.000029,0.987178,0.012793
AAGGATCGATCGCTTG-1,0.009752,0.000547,0.989701
AAGGATGAGGGACCTC-1,0.000034,0.949873,0.050093
AAGGCAGGCTGTCTCC-1,0.053558,0.421676,0.524765
AAGGCGCGTAAAGCTT-1,0.044915,0.923643,0.031442
AAGGCTGTGCTCATCG-1,0.067533,0.881172,0.051295
AAGGGAACGACTGGCT-1,0.000029,0.978142,0.021829
AAGGGACAGATTCTGT-1,0.000039,0.908045,0.091916
AAGGGACTATGCATTC-1,0.000019,0.999942,0.000039
AAGGGTTAGCCATGCG-1,0.00008,0.068166,0.931754
AAGGGTTTGATTTCAG-1,0.882536,0.004623,0.112841
AAGGTATCCTAATATA-1,0.00785,0.960598,0.031552
AAGGTGATAAACCAGC-1,0.000023,0.942911,0.057066
AAGTAGAAGACCGGGT-1,0.044553,0.902139,0.053309
AAGTAGTGACGCGAGG-1,0.00286,0.972458,0.024682
AAGTCAATTGTCGTCA-1,0.088855,0.332143,0.579002
AAGTCTTCTGTGGCCT-1,0.931559,0.00017,0.068271
AAGTGACGACCGAATT-1,0.038746,0.915563,0.045691
AAGTGAGTCGGGTTTA-1,0.000036,0.881589,0.118375
AAGTGCAAAGGTAGAC-1,0.772402,0.148829,0.07877
AAGTGCCTTGACTGTA-1,0.037223,0.336379,0.626398
AAGTGCGTTAGAATCT-1,0.004105,0.992002,0.003893
AAGTGCTTCTCTATTG-1,0.000025,0.882771,0.117204
AAGTGTTTGGAGACGG-1,0.000032,0.985899,0.014068
AAGTTCACTCCAAGCT-1,0.000035,0.945216,0.054749
AAGTTCAGTCTGCGTA-1,0.0524,0.519972,0.427628
AAGTTCGGCCAACAGG-1,0.006887,0.907692,0.085422
AAGTTGTGATGTTATA-1,0.000083,0.122329,0.877588
AAGTTTACTAATGGCA-1,0.021598,0.869505,0.108897
AAGTTTATGGGCCCAA-1,0.000026,0.871079,0.128896
AATAACAACGCTCGGC-1,0.020283,0.944348,0.035369
AATAACACTAGAACAA-1,0.010032,0.839376,0.150591
AATAACGTCGCGCCCA-1,0.08405,0.598174,0.317775
AATAATCTTCGTATCG-1,0.000077,0.007612,0.992311
AATACAATGTTTCAGG-1,0.195225,0.78177,0.023005
AATACCGGAGGGCTGT-1,0.00003,0.852465,0.147505
AATACCTGATGTGAAC-1,0.081601,0.510211,0.408188
AATAGAACAGAGTGGC-1,0.003746,0.996202,0.000051
AATAGAATCTGTTTCA-1,0.000036,0.983317,0.016647
AATAGGCACGACCCTT-1,0.000066,0.757259,0.242675
AATAGTCCGTCCCGAC-1,0.000025,0.989587,0.010388
AATAGTCGCGAGTCGG-1,0.949265,0.050696,0.000039
AATATCAAGGTCGGAT-1,0.040552,0.908634,0.050814
AATATCCTAGCAAACT-1,0.806078,0.024825,0.169096
AATATCGAATCAATGC-1,0.07387,0.524726,0.401404
AATATCGAGGGTTCTC-1,0.000078,0.006245,0.993677
AATATTGGAGTATTGA-1,0.069252,0.77374,0.157008
AATCAGACTGCAGGAC-1,0.108758,0.818462,0.07278
AATCAGGTTTCATTTA-1,0.000441,0.769462,0.230097
AATCATGTAAAGACTC-1,0.000062,0.430033,0.569905
AATCCAAGGGCCTGAG-1,0.019127,0.942259,0.038614
AATCCATGCAAGGGTG-1,0.112799,0.593215,0.293986
AATCCCGCTCAGAGCC-1,0.005745,0.78614,0.208115
AATCGAGGTCTCAAGG-1,0.000026,0.976348,0.023626
AATCGCCTCAGCGCCA-1,0.005272,0.985635,0.009093
AATCGCGCAGAGGACT-1,0.054943,0.276066,0.668991
AATCGGGACACTACGA-1,0.00792,0.586202,0.405877
AATCGGTATAGCCCTC-1,0.043239,0.158889,0.797872
AATCGTGAGCCGAGCA-1,0.000013,0.987477,0.012511
AATCTAGGTTTACTTG-1,0.052581,0.882576,0.064843
AATCTCTACTGTGGTT-1,0.107297,0.882906,0.009797
AATCTGCGTTGGGACG-1,0.000021,0.999936,0.000043
AATCTGGCTTTCTAGT-1,0.054133,0.938388,0.007479
AATGACAGCAATGTCT-1,0.009247,0.774342,0.216411
AATGACGTAGGATGTC-1,0.000026,0.787502,0.212473
AATGACTGTCAGCCGG-1,0.008381,0.968803,0.022817
AATGAGTTCGCATATG-1,0.241952,0.521926,0.236122
AATGATGATACGCTAT-1,0.000068,0.470977,0.528955
AATGATGCGACTCCTG-1,0.000046,0.000323,0.999631
AATGCAACCGGGTACC-1,0.000046,0.938003,0.06195
AATGCACCAAGCAATG-1,0.029658,0.101765,0.868578
AATGGTCCACCGTTCA-1,0.131984,0.818583,0.049433
AATGGTTCTCACAAGC-1,0.013716,0.824987,0.161297
AATGTATGGCACTGTA-1,0.181914,0.734362,0.083724
AATGTGCCCGAGGTGT-1,0.00005,0.889212,0.110737
AATGTGCTAATCTGAG-1,0.000038,0.91538,0.084582
AATGTTAAGACCCTGA-1,0.009972,0.578701,0.411327
AATGTTGTCGTGAGAC-1,0.079908,0.230346,0.689747
AATTAAAGGTCGGCGT-1,0.000058,0.762812,0.23713
AATTAACGGATTTCCA-1,0.000019,0.922599,0.077382
AATTACGAGACCCATC-1,0.163424,0.667115,0.169461
AATTACTCGTACGCTC-1,0.676725,0.117264,0.206011
AATTAGCGCTGCAGCG-1,0.000856,0.834156,0.164988
AATTATACCCAGCAAG-1,0.000028,0.999897,0.000075
AATTCATAAGGGATCT-1,0.000024,0.949303,0.050673
AATTCATTGTCATGCA-1,0.069311,0.814251,0.116438
AATTCCAAGCATGTAC-1,0.008591,0.912361,0.079048
AATTCGATTCGAGGAT-1,0.000045,0.531896,0.468059
AATTCTAGAGTTAGGC-1,0.000046,0.939051,0.060904
AATTGAACGCTCTGGT-1,0.000033,0.999902,0.000065
AATTGCAGCAATCGAC-1,0.008347,0.184363,0.80729
AATTGCGTGGATTACA-1,0.130021,0.755469,0.11451
AATTGTGGTTGCCAAA-1,0.000064,0.091329,0.908607
AATTTGGGACATAGTA-1,0.016873,0.308268,0.674859
AATTTGGTTCCAAAGA-1,0.00128,0.98964,0.00908
ACAAACCATGCGTCCT-1,0.005019,0.953476,0.041506
ACAAACTCCATCAGAG-1,0.000029,0.939855,0.060116
ACAAAGAAGGTAGGCC-1,0.570605,0.288977,0.140418
ACAAAGCATGACCTAG-1,0.000034,0.414007,0.58596
ACAAATCGCACCGAAT-1,0.000032,0.938398,0.061569
ACAAATGGTAGTGTTT-1,0.000851,0.626856,0.372292
ACAACAGCATGAGCTA-1,0.000163,0.940326,0.059511
ACAACGGTCCCTGCGA-1,0.050375,0.766409,0.183216
ACAAGCAGTGCCTAGC-1,0.023193,0.88522,0.091587
ACAAGCTATATGGAAG-1,0.993867,0.000144,0.005989
ACAAGGAAATCCGCCC-1,0.000027,0.834979,0.164993
ACAAGGACAAGAGGTT-1,0.044081,0.818479,0.13744
ACAAGGATGCTTTAGG-1,0.000025,0.999924,0.000051
ACAAGGGCAGGCTCTG-1,0.000031,0.818881,0.181088
ACAAGTAATTGTAAGG-1,0.003437,0.933339,0.063224
ACAATAGTCGTACGTT-1,0.078734,0.797002,0.124264
ACAATCCATTTAAACC-1,0.000026,0.987542,0.012431
ACAATGAATACGGAGA-1,0.023408,0.944226,0.032366
ACAATTGTGTCTCTTT-1,0.018059,0.710957,0.270984
ACAATTTAGGAGGCTC-1,0.683884,0.08944,0.226676
ACAATTTGAGCAGTGG-1,0.000052,0.856664,0.143284
ACAATTTGGCCATATT-1,0.014101,0.211726,0.774173
ACACAAAGACGGGTGG-1,0.000019,0.948728,0.051253
ACACACCAGGACCAGT-1,0.000034,0.999721,0.000245
ACACACTTTCTACACG-1,0.000031,0.913691,0.086278
ACACATGATCAAATCT-1,0.049323,0.878438,0.072239
ACACATTGACGCAACA-1,0.456064,0.104958,0.438978
ACACATTTCCGTAGAC-1,0.000727,0.942979,0.056293
ACACCCAGCATGCAGC-1,0.028249,0.508432,0.463319
ACACCCGAGAAATCCG-1,0.055788,0.883406,0.060806
ACACCGAGCGCTCTTT-1,0.958723,0.023828,0.017449
ACACCGGTCTGACCGC-1,0.000012,0.999905,0.000083
ACACCTTAAGTAGGGC-1,0.045947,0.814918,0.139135
ACACCTTACTACTTGC-1,0.058359,0.596397,0.345245
ACACGAGACTCCTTCT-1,0.030217,0.779083,0.190701
ACACGGCACTATGCAT-1,0.016545,0.854058,0.129397
ACACGGGAACTTAGGG-1,0.00005,0.800903,0.199047
ACACGTAGGCCACAAG-1,0.041667,0.656997,0.301336
ACACTCCAATGTCACT-1,0.510094,0.141817,0.348089
ACACTGATCAAGGTGT-1,0.000052,0.884577,0.115371
ACACTGGGACAGTCGT-1,0.09252,0.142123,0.765357
ACAGAACTGAGAACAA-1,0.000023,0.931245,0.068732
ACAGATTAGGTTAGTG-1,0.027127,0.851915,0.120958
ACAGCATAGAGCCAGT-1,0.000027,0.996905,0.003068
ACAGCGACATTCTCAT-1,0.00508,0.24991,0.745009
ACAGCGCACCCGCAGC-1,0.000035,0.9085,0.091465
ACAGGCACGGATCCTT-1,0.000017,0.903211,0.096772
ACAGGCTTGCCCGACT-1,0.000041,0.891196,0.108763
ACAGGTGGAGGTGAGG-1,0.000026,0.897289,0.102685
ACAGGTGTGTTGTTGC-1,0.861859,0.000136,0.138005
ACAGTAATACAACTTG-1,0.034461,0.965455,0.000084
ACATAAGTCGTGGTGA-1,0.115544,0.781065,0.103391
ACATAATAAGGCGGTG-1,0.021591,0.943548,0.034861
ACATACAATCAAGCGG-1,0.000031,0.921048,0.078921
ACATCAGCTGGGACGC-1,0.185179,0.54699,0.267831
ACATCCCGGCCATACG-1,0.000043,0.959371,0.040587
ACATCCTGGTAACTGT-1,0.000059,0.00856,0.991381
ACATCGATCGTTTACC-1,0.000046,0.855695,0.144259
ACATCGCAATATTCGG-1,0.041356,0.793531,0.165113
ACATCGGTCAGCCGCG-1,0.048078,0.671511,0.280411
ACATCGTATGCAATGG-1,0.000037,0.825044,0.174918
ACATCGTTAACCTAGT-1,0.000021,0.999912,0.000067
ACATCTCAACGCGTAA-1,0.03321,0.943805,0.022985
ACATGCTTACGGCAGC-1,0.008343,0.87199,0.119667
ACATGGCGCCAAAGTA-1,0.004413,0.000307,0.99528
ACATGGCTCAATTTAG-1,0.40422,0.577703,0.018076
ACATTAGTTTATATCC-1,0.000032,0.943655,0.056313
ACATTCGCGCGGAATA-1,0.00002,0.824975,0.175005
ACATTTGAAACCTAAC-1,0.00005,0.561508,0.438442
ACCAACCGCACTCCAC-1,0.018198,0.335044,0.646758
ACCAACGCTTATTTAT-1,0.000045,0.922238,0.077717
ACCAAGAACGCGTGTC-1,0.037617,0.639716,0.322667
ACCAAGTCATCGGCAG-1,0.080211,0.544857,0.374932
ACCAATATGCAAGTTA-1,0.002861,0.882125,0.115014
ACCACAACTCAGAACA-1,0.020063,0.845731,0.134206
ACCACAAGTTTCTATC-1,0.021004,0.71879,0.260206
ACCACACGGTTGATGG-1,0.000062,0.741506,0.258432
ACCACCAATGTAACAA-1,0.019429,0.300164,0.680407
ACCACGTGCAGCTATA-1,0.000034,0.999898,0.000068
ACCACTGTTCAAGAAG-1,0.636433,0.322618,0.04095
ACCAGACCATAACAAC-1,0.938843,0.060696,0.000461
ACCAGTGCGGGAGACG-1,0.000025,0.919904,0.080072
ACCATATCCGCAATAA-1,0.011491,0.758349,0.23016
ACCATCCGCCAACTAG-1,0.04673,0.948737,0.004533
ACCATCGTATATGGTA-1,0.016558,0.946168,0.037274
ACCATTAAGGGTGTCA-1,0.839054,0.152365,0.008581
ACCCAACGCCCGTGGC-1,0.000028,0.941945,0.058027
ACCCACCTACATGCTC-1,0.065645,0.834659,0.099697
ACCCATCTTGAGGGTA-1,0.000019,0.999943,0.000038
ACCCATTTGTCCCTCT-1,0.000089,0.23919,0.760721
ACCCGAGCGAAATTAC-1,0.000037,0.910114,0.089849
ACCCGATTGGTTCCGA-1,0.000026,0.954032,0.045941
ACCCGGAAACTCCCAG-1,0.000037,0.883757,0.116207
ACCCGGAGCACCACAA-1,0.000036,0.617945,0.382019
ACCCGGATGACGCATC-1,0.000066,0.670149,0.329786
ACCCGGTTACACTTCC-1,0.07712,0.919043,0.003836
ACCCGTAGCAGAGAAT-1,0.08895,0.278886,0.632164
ACCCGTAGTCTAGTTG-1,0.007292,0.000427,0.99228
ACCCGTGTCATCAGTA-1,0.014808,0.450975,0.534216
ACCCTATAGGACTGAG-1,0.34002,0.438765,0.221216
ACCCTATGCCATATCG-1,0.000054,0.846239,0.153707
ACCCTCCCGTCAGGGC-1,0.009358,0.53655,0.454092
ACCCTCCCTTGCTATT-1,0.037021,0.605858,0.35712
ACCCTTCATCTGCGAA-1,0.017055,0.941185,0.04176
ACCGAAAGGGCCCTGC-1,0.036586,0.78824,0.175175
ACCGAAGAGTCTGGTT-1,0.043478,0.834426,0.122095
ACCGACACATCTCCCA-1,0.000034,0.974288,0.025678
ACCGACTGAGTCCCAC-1,0.000055,0.675438,0.324507
ACCGAGTCTCCTTATT-1,0.00002,0.922047,0.077933
ACCGATAGGCATAACC-1,0.008891,0.173734,0.817376
ACCGATATTTAATCAT-1,0.024265,0.03374,0.941995
ACCGATGGTAGCATCG-1,0.000025,0.954364,0.045612
ACCGCAATAACTGCCT-1,0.000055,0.924764,0.075181
ACCGCGGTGGAAGTCG-1,0.000111,0.223926,0.775963
ACCGCTAGTCATTGGT-1,0.034044,0.633097,0.332858
ACCGGGCCTTTGTTGA-1,0.000113,0.532874,0.467013
ACCGGTCAGGTACACC-1,0.007266,0.963333,0.029401
ACCGTCCACTGGGCCC-1,0.11624,0.679797,0.203964
ACCGTGACCACGTGGG-1,0.000033,0.75013,0.249837
ACCTAAGTACCTTTCA-1,0.000029,0.970525,0.029446
ACCTAATCGACTTCCT-1,0.001542,0.966747,0.031712
ACCTACAGTATGTGGT-1,0.036009,0.589868,0.374123
ACCTACTATAAATCTA-1,0.00003,0.983183,0.016787
ACCTCAGCGAGGCGCA-1,0.000037,0.722404,0.277559
ACCTCCGCCCTCGCTG-1,0.006946,0.000735,0.99232
ACCTCCGTTATTCACC-1,0.045637,0.478079,0.476284
ACCTCGAACTTATGCT-1,0.066147,0.734285,0.199568
ACCTGCGTGTCATGTT-1,0.022165,0.937064,0.04077
ACGAAATGGGCGGCAC-1,0.179029,0.708628,0.112343
ACGACCCATGAGTTGC-1,0.000075,0.200748,0.799177
ACGACTCTAGGGCCGA-1,0.000019,0.902692,0.097289
ACGACTGGTCATACTC-1,0.000032,0.871237,0.128731
ACGAGAACCCATCACG-1,0.01615,0.957827,0.026023
ACGAGATATTTGCTTA-1,0.000037,0.900381,0.099582
ACGAGGATACCACTCT-1,0.036083,0.82288,0.141037
ACGAGGTTTACAACGT-1,0.086581,0.717854,0.195565
ACGAGTACGGATGCCC-1,0.000073,0.168111,0.831816
ACGAGTCGCCGGCGTT-1,0.246733,0.597993,0.155275
ACGATACATAGAACTA-1,0.030587,0.824007,0.145407
ACGATACCTATCCTGA-1,0.950651,0.000153,0.049196
ACGATCATACATAGAG-1,0.020573,0.907569,0.071858
ACGATCATCTTGTAAA-1,0.000086,0.558242,0.441672
ACGATGCATATGTTAT-1,0.007894,0.909577,0.082529
ACGATGGATCCGATGC-1,0.000022,0.911432,0.088546
ACGCAAACTAATAGAT-1,0.000023,0.880209,0.119768
ACGCATACGTTTACTA-1,0.000078,0.222714,0.777208
ACGCATTCGTGAGTAC-1,0.020691,0.815801,0.163507
ACGCCACTCGAAACAG-1,0.01035,0.483548,0.506101
ACGCCAGATGATTTCT-1,0.000044,0.852471,0.147485
ACGCCAGTGCGTTTGC-1,0.095514,0.333798,0.570688
ACGCCGCTAGACGACC-1,0.000029,0.999914,0.000058
ACGCGAAGTCAGACGA-1,0.004452,0.90528,0.090267
ACGCGCTACACAGGGT-1,0.000015,0.999954,0.000031
ACGCGGGCCAAGGACA-1,0.000031,0.941616,0.058353
ACGCGTTTCTTAAGAG-1,0.909293,0.006316,0.084391
ACGCTACTGAATGGGC-1,0.000118,0.224271,0.775611
ACGCTAGTGATACACT-1,0.000079,0.000556,0.999364
ACGCTGTGAGGCGTAG-1,0.092949,0.84081,0.066241
ACGGAACACGAGTGCC-1,0.000079,0.290034,0.709886
ACGGAATTTAGCAAAT-1,0.08233,0.871852,0.045818
ACGGACGCAGCGACAA-1,0.000013,0.99996,0.000026
ACGGACTCTCAAAGCG-1,0.021805,0.952351,0.025844
ACGGATGGTGCGGATA-1,0.00002,0.999939,0.000041
ACGGCACTTGCTTGGG-1,0.000042,0.866399,0.13356
ACGGCCAACATGGACT-1,0.000041,0.934235,0.065725
ACGGCGACGATGGGAA-1,0.000032,0.96667,0.033298
ACGGCGGGTTGCCCTG-1,0.04071,0.859354,0.099936
ACGGCTGGATGTAGAA-1,0.041543,0.695088,0.263368
ACGGGAGTGTCGGCCC-1,0.020197,0.977257,0.002546
ACGGGTCATGTGACTT-1,0.794617,0.079439,0.125944
ACGGGTTGTGACCTGT-1,0.24394,0.651887,0.104173
ACGGTACAGTTCAATG-1,0.010648,0.842505,0.146848
ACGGTCACCGAGAACA-1,0.056937,0.693519,0.249544
ACGTACAGATTTCTCT-1,0.000044,0.747184,0.252772
ACGTACTTTGGCACGG-1,0.000046,0.797851,0.202103
ACGTAGATTGCTGATG-1,0.000031,0.906433,0.093536
ACGTAGGAGAGTCGCT-1,0.000025,0.926159,0.073816
ACGTATTACTCCGATC-1,0.000049,0.799664,0.200287
ACGTCGGGCAACTCGG-1,0.608861,0.061066,0.330072
ACGTCTCGTTCCGGGA-1,0.545056,0.192971,0.261973
ACGTGACAAAGTAAGT-1,0.738546,0.066618,0.194836
ACGTGCGCCTCGTGCA-1,0.000027,0.956812,0.043161
ACGTTAATGTCGAAGA-1,0.00003,0.797131,0.202839
ACGTTAGATTTGCCCG-1,0.016442,0.934562,0.048996
ACGTTATTGGTCACTC-1,0.555759,0.01233,0.431911
ACGTTCACTATGCCGC-1,0.00138,0.825902,0.172719
ACGTTCCGCGCTCCGT-1,0.037416,0.698234,0.26435
ACGTTCGCAATCAATT-1,0.026377,0.572197,0.401426
ACGTTCGTTCAGGAAA-1,0.000037,0.927158,0.072805
ACGTTCTGTACAAGTC-1,0.00875,0.837028,0.154222
ACGTTGTCGTTGAAAG-1,0.001015,0.95271,0.046275
ACGTTTAGTTGTGATC-1,0.000051,0.719447,0.280502
ACGTTTCGGTGCACTT-1,0.000084,0.088434,0.911482
ACTACAAAGAGAGGTG-1,0.000017,0.948222,0.051761
ACTACATCCCGACAAG-1,0.030197,0.85598,0.113823
ACTACCAGCTCTCTGG-1,0.005171,0.747824,0.247005
ACTACCATCCGAGGGC-1,0.051363,0.689017,0.25962
ACTACGCGTTAGAATT-1,0.000053,0.870403,0.129544
ACTAGTTGCGATCGTC-1,0.009056,0.00059,0.990354
ACTATATGCTGTGTTC-1,0.027971,0.708147,0.263882
ACTATCCAGGGCATGG-1,0.026171,0.019103,0.954725
ACTATCGCCGGCTAAA-1,0.782289,0.199908,0.017802
ACTATCTGCCCGCGTA-1,0.06906,0.539747,0.391193
ACTATGTCCAGCTGCC-1,0.013095,0.92018,0.066725
ACTATTCGTCCGTGGT-1,0.000041,0.965446,0.034512
ACTATTTCCGGGCCCA-1,0.002186,0.895742,0.102072
ACTCAACGAATGTATT-1,0.062881,0.823188,0.113931
ACTCAAGTGCAAGGCT-1,0.010248,0.920845,0.068907
ACTCAATAAAGGCACG-1,0.003338,0.540277,0.456385
ACTCAGACCTGCTTCT-1,0.049085,0.743648,0.207266
ACTCATGGCAGCCTTC-1,0.021374,0.587361,0.391265
ACTCCAATATCATCAT-1,0.000063,0.933043,0.066894
ACTCCCATTCCTAAAG-1,0.034057,0.782007,0.183937
ACTCCCGAATTCGTTT-1,0.016925,0.143438,0.839637
ACTCCCTAATGCTAAA-1,0.007229,0.821784,0.170987
ACTCCCTAGAATAGTA-1,0.000051,0.665282,0.334667
ACTCCGGCCGACCACT-1,0.010505,0.939708,0.049787
ACTCGATGTATTTCAT-1,0.686698,0.308858,0.004445
ACTCGCCGTTCGATAA-1,0.043889,0.230294,0.725817
ACTCGCGATCTGACGC-1,0.063462,0.000466,0.936072
ACTCGTAACCCGTCCT-1,0.060609,0.93881,0.000581
ACTCGTCAGTAATCCC-1,0.000024,0.999928,0.000048
ACTCTAAACCTGGGAT-1,0.961376,0.003475,0.035149
ACTCTCTGACTTAGGT-1,0.000025,0.927434,0.072541
ACTCTCTTATACACGA-1,0.000029,0.849961,0.15001
ACTCTGACCTAATAGA-1,0.000022,0.87727,0.122708
ACTCTTGTATAGTAAC-1,0.00459,0.956098,0.039312
ACTGAAACGCCGTTAG-1,0.000059,0.84559,0.154352
ACTGAATGGCGAAAGT-1,0.004414,0.952151,0.043435
ACTGCCCGCCATTCTC-1,0.000031,0.984631,0.015338
ACTGCCGTCGTAACTC-1,0.000061,0.803058,0.19688
ACTGCTCGGAAGGATG-1,0.096421,0.671736,0.231843
ACTGGGATGCCAGTGC-1,0.000031,0.89759,0.102379
ACTGTACGATACACAT-1,0.000027,0.999918,0.000054
ACTGTAGCACTTTGGA-1,0.047573,0.828439,0.123988
ACTGTATACGCGAGCA-1,0.070029,0.815253,0.114718
ACTGTCCAGGATTATA-1,0.02557,0.744064,0.230365
ACTGTCTTCTTTAGAA-1,0.000031,0.837084,0.162885
ACTGTGCTAGTAGATC-1,0.016844,0.966261,0.016895
ACTTACCGGGCGCGCA-1,0.04025,0.000309,0.959441
ACTTACGCATCCACGC-1,0.009363,0.895875,0.094762
ACTTAGTACGACAAGA-1,0.030138,0.954618,0.015244
ACTTATACTTACCCGG-1,0.018988,0.860599,0.120414
ACTTATTAGGATCGGT-1,0.049767,0.804325,0.145908
ACTTATTTATGTGCCA-1,0.030987,0.858239,0.110774
ACTTCAGGCTGATCCC-1,0.000054,0.976509,0.023436
ACTTCCAGTGGAAGCT-1,0.56928,0.16494,0.26578
ACTTCCATGCGGGACA-1,0.000061,0.871635,0.128304
ACTTCGCCATACGCAC-1,0.000026,0.999921,0.000053
ACTTGACTCCCTCTTT-1,0.000033,0.973096,0.026871
ACTTGCTCTATCTACC-1,0.365862,0.265807,0.368331
ACTTGGGACCCGGTGG-1,0.038484,0.88509,0.076426
ACTTGGGCTTTCGCCA-1,0.000022,0.907216,0.092762
ACTTGTAGTCCCTTCA-1,0.067999,0.776932,0.155069
ACTTGTGGATGGAACG-1,0.028972,0.129176,0.841852
ACTTGTTACCGGATCA-1,0.123697,0.561646,0.314657
ACTTTACCCTCATGAA-1,0.016362,0.000351,0.983287
ACTTTATACACCACTT-1,0.112664,0.710999,0.176337
ACTTTCCTATAGCTTC-1,0.000073,0.676548,0.323379
ACTTTGACTGCATCCT-1,0.057666,0.8692,0.073133
ACTTTGGTCGTGCTCC-1,0.020725,0.655878,0.323397
ACTTTGTCGACGCACT-1,0.000132,0.000925,0.998943
AGAAATTATGACTCGC-1,0.047566,0.460754,0.49168
AGAACACGGCGATGGT-1,0.036049,0.701437,0.262514
AGAACCCAGCGTGACA-1,0.036117,0.000469,0.963414
AGAACCCTCAATTGGG-1,0.095386,0.429663,0.474951
AGAACGTGGTACATTC-1,0.00003,0.938058,0.061912
AGAACTGTACTTTGTA-1,0.007131,0.834792,0.158077
AGAAGAGCGCCGTTCC-1,0.000251,0.939302,0.060446
AGAAGGTACACTTCAC-1,0.057582,0.712156,0.230262
AGAAGGTTGCCGAATT-1,0.000016,0.99734,0.002644
AGAAGGTTGTAGGTCG-1,0.000026,0.779293,0.220681
AGAAGTGATTCGTGAT-1,0.00731,0.664467,0.328223
AGAATAAATCTTCAGG-1,0.170162,0.571851,0.257987
AGAATACAGGCTATCC-1,0.000056,0.680172,0.319772
AGAATTATGGATTCGA-1,0.000059,0.944849,0.055092
AGAATTGTTTGACATA-1,0.061846,0.92279,0.015364
AGACAGCTCAGAATCC-1,0.312331,0.520735,0.166934
AGACAGGCATCTCAGC-1,0.003798,0.148493,0.847709
AGACATAGATCCTTCC-1,0.049838,0.892096,0.058066
AGACCAAACCACACCT-1,0.131425,0.680665,0.18791
AGACCATGGGATACAA-1,0.085665,0.846042,0.068294
AGACCCACCGCTGATC-1,0.003856,0.853701,0.142443
AGACCCGCCCTCCTCG-1,0.029608,0.864033,0.10636
AGACCGCTCCGCGGTT-1,0.081637,0.30775,0.610613
AGACCGGGAAACCCTG-1,0.014701,0.948782,0.036517
AGACGAAGTGCCGGTC-1,0.027535,0.5547,0.417764
AGACGACGATGCCGCT-1,0.000035,0.895454,0.10451
AGACGCCCACTTCGCC-1,0.06796,0.280957,0.651083
AGACTAGCCTTCCAGA-1,0.072106,0.887962,0.039932
AGACTGTTACCGGGTC-1,0.000039,0.870921,0.12904
AGAGAAACACCAGAAA-1,0.000021,0.998919,0.001059
AGAGAACCGTCTAGGA-1,0.000021,0.953424,0.046555
AGAGAAGGAGTACAAT-1,0.000057,0.999828,0.000114
AGAGATCTCTAAAGCG-1,0.019071,0.954491,0.026438
AGAGCAGTTATGAGAC-1,0.015299,0.962453,0.022248
AGAGCCGCCGAGATTT-1,0.058482,0.659462,0.282057
AGAGCGGGCTAATCAT-1,0.002899,0.94261,0.054491
AGAGCGTACAAGCTCG-1,0.034648,0.841074,0.124278
AGAGCTACGAAAGCAT-1,0.356936,0.122994,0.52007
AGAGGCTTCGGAAACC-1,0.000075,0.180769,0.819156
AGAGTAAACTTCACTA-1,0.017026,0.193173,0.789801
AGAGTCTTAATGAAAG-1,0.00008,0.316363,0.683557
AGATAACTTCAGGGCC-1,0.000023,0.999931,0.000046
AGATAATCACACCTAT-1,0.036011,0.744184,0.219805
AGATACCAATAGAACC-1,0.057036,0.637241,0.305723
AGATACCGGTGTTCAC-1,0.020082,0.79785,0.182068
AGATACGACTTCATAT-1,0.029377,0.429626,0.540997
AGATACTCAAGATCGA-1,0.00005,0.840437,0.159513
AGATATAATACGACTA-1,0.000033,0.999902,0.000066
AGATCGTGCATAAGAT-1,0.048527,0.000326,0.951147
AGATCTCAGGTGTGAT-1,0.000056,0.939012,0.060932
AGATCTGGAGAGGATA-1,0.103364,0.753468,0.143168
AGATGACTCGCCCACG-1,0.080934,0.884988,0.034078
AGATGAGGGTTGCGAT-1,0.095521,0.000375,0.904103
AGATGATGGAGTCTGG-1,0.00744,0.371351,0.621209
AGATGCAAGACGTGCA-1,0.05504,0.928484,0.016477
AGATGCATCCTGTGTC-1,0.501839,0.235137,0.263024
AGATGCTATAACGAGC-1,0.542978,0.451221,0.005801
AGATTATAGGACGTTT-1,0.000022,0.999934,0.000044
AGATTCACAACCGATA-1,0.015098,0.915952,0.06895
AGCAAAGGCCGCTAGT-1,0.000033,0.877316,0.122651
AGCAACATATCTTATT-1,0.020198,0.911097,0.068706
AGCAACCGAAAGTAAT-1,0.000017,0.88154,0.118444
AGCACACGTTTAGACT-1,0.000055,0.898719,0.101226
AGCACCAGTACTCACG-1,0.044149,0.867293,0.088559
AGCACTACCGGCCTGT-1,0.023197,0.790507,0.186296
AGCACTACCTCACCAG-1,0.000031,0.886276,0.113693
AGCACTTAAGGACGCC-1,0.000014,0.996526,0.003459
AGCAGAAGGAGAAAGA-1,0.000013,0.884797,0.11519
AGCAGCCAGATGAATA-1,0.000031,0.962645,0.037324
AGCAGTCGAAGCATGC-1,0.000028,0.870021,0.129951
AGCATATCAATATGCT-1,0.000068,0.701182,0.29875
AGCATCATTTCGAAAG-1,0.000038,0.782419,0.217543
AGCATCGTCGATAATT-1,0.000026,0.999923,0.000051
AGCATTACGAGGCAAG-1,0.014597,0.314943,0.67046
AGCCAAGCTTTGTGTC-1,0.000018,0.997616,0.002366
AGCCACAGGTTACCCG-1,0.000033,0.833901,0.166066
AGCCACTCCCGTGCTT-1,0.000042,0.992726,0.007231
AGCCATATAGTATGTG-1,0.000028,0.628975,0.370997
AGCCCATACATGTAAG-1,0.000015,0.973414,0.02657
AGCCCGCAACAAGCAG-1,0.001342,0.972025,0.026633
AGCCCGCACTACAATG-1,0.021558,0.553184,0.425258
AGCCCGGCATTAGAGG-1,0.00004,0.799996,0.199964
AGCCCGGTAGCCTGTA-1,0.000046,0.966936,0.033017
AGCCCTAAGCGAAGTT-1,0.00003,0.935524,0.064447
AGCCCTCCCTGGTGGC-1,0.036274,0.874536,0.08919
AGCCCTTCTAATCCGA-1,0.052634,0.526526,0.42084
AGCCCTTGGACATCCC-1,0.019767,0.499819,0.480414
AGCCGCAAATTCAAAT-1,0.962665,0.000129,0.037206
AGCCGCTTGATTAGCG-1,0.947701,0.011348,0.040951
AGCCGTGGCTAAATGT-1,0.000294,0.999602,0.000103
AGCCTAATACCCACGT-1,0.022162,0.966532,0.011306
AGCCTTAAAGCGGAAG-1,0.570574,0.250779,0.178647
AGCCTTGTCACTGATA-1,0.769133,0.086113,0.144754
AGCGACAGGAACGGTC-1,0.00005,0.822092,0.177858
AGCGACATCCCATTCA-1,0.000058,0.789473,0.21047
AGCGACCAACGATATT-1,0.011769,0.887927,0.100304
AGCGACTTTGAAGACA-1,0.010519,0.897476,0.092005
AGCGAGACGTGAAGGC-1,0.000028,0.932599,0.067373
AGCGATGCGCCTAATA-1,0.020813,0.000582,0.978605
AGCGCATAATGAATCG-1,0.000041,0.961195,0.038764
AGCGCGGGTGCCAATG-1,0.000016,0.910775,0.08921
AGCGCTTATGGGCAAG-1,0.022283,0.379935,0.597782
AGCGGACACTTCGTAG-1,0.000035,0.964383,0.035582
AGCGGCGGTTAGCGGT-1,0.057255,0.726591,0.216155
AGCGGGAAGGGTCCAT-1,0.030319,0.902976,0.066705
AGCGGGTCTGACACTC-1,0.000042,0.796784,0.203174
AGCGTACGAGAGCTAG-1,0.057133,0.91546,0.027406
AGCGTCTGAACCCGCA-1,0.038583,0.707348,0.254069
AGCGTGGTATTCTACT-1,0.00004,0.962603,0.037357
AGCTAACAAGCAATGT-1,0.026521,0.96281,0.010669
AGCTAAGCTCCGTCCG-1,0.00004,0.933155,0.066805
AGCTAAGTACGCAGGC-1,0.000037,0.801461,0.198502
AGCTACGAATGGTGGT-1,0.000412,0.002881,0.996707
AGCTAGAAGCAGAAGT-1,0.021017,0.000445,0.978538
AGCTATTTAATCCAAC-1,0.000039,0.84498,0.154981
AGCTCCATATATGTTC-1,0.035064,0.432224,0.532712
AGCTCCTTCGCACATC-1,0.000029,0.984612,0.015359
AGCTCTAGACGTTCCA-1,0.000017,0.999949,0.000034
AGCTCTTCCCAGTGCA-1,0.017033,0.806999,0.175968
AGCTCTTCGTAACCTT-1,0.320616,0.038526,0.640859
AGCTCTTTACTCAGTT-1,0.069067,0.544747,0.386185
AGCTGAAGTAAACCAA-1,0.000034,0.82274,0.177226
AGCTGTAACCTCAATC-1,0.000031,0.994495,0.005474
AGCTTCTTCTCGAGCA-1,0.035056,0.131836,0.833109
AGCTTGATCAGGGTAG-1,0.051266,0.764601,0.184133
AGCTTGATCTTAACTT-1,0.057527,0.669395,0.273078
AGGAAAGCCTCTGATG-1,0.219943,0.437827,0.342231
AGGAACGAACGACTTC-1,0.000082,0.206181,0.793738
AGGAAGCTGTCCGCCG-1,0.000037,0.576435,0.423527
AGGACAGTCGAATCCC-1,0.000016,0.999952,0.000032
AGGACATCGCACGTCG-1,0.074193,0.807692,0.118115
AGGACATCGGCACACT-1,0.000057,0.000399,0.999544
AGGACGACCCATTAGA-1,0.000048,0.824378,0.175574
AGGACGCTCGATGTTG-1,0.014045,0.000349,0.985606
AGGACTTATAGGAGAA-1,0.671232,0.301997,0.026771
AGGAGCGTTTATTATC-1,0.019129,0.664242,0.316629
AGGAGGCCTTCGCGCG-1,0.000066,0.57852,0.421413
AGGATAAAGTCGGGAT-1,0.000022,0.821046,0.178932
AGGATATAGGGATTTA-1,0.000057,0.566247,0.433697
AGGATATCCGACTGCA-1,0.002726,0.833787,0.163487
AGGATCACGCGATCTG-1,0.025126,0.974784,0.00009
AGGCACGTGACTGTCC-1,0.020743,0.251575,0.727682
AGGCAGATGCGTAAAC-1,0.010229,0.989736,0.000035
AGGCAGGGAGCGTACT-1,0.00004,0.891788,0.108171
AGGCATTGTCGTAGGG-1,0.037959,0.586477,0.375564
AGGCCACATTGGTTAC-1,0.00006,0.000422,0.999518
AGGCCACCCGTTATGA-1,0.086799,0.8649,0.048301
AGGCCCAGTGACTGGT-1,0.352257,0.29197,0.355773
AGGCCCATTGTACAGG-1,0.041115,0.781272,0.177613
AGGCCCTAGAACGCCA-1,0.00516,0.99257,0.00227
AGGCCTATCATACCAA-1,0.000021,0.850349,0.149631
AGGCCTGAGAATCTCG-1,0.023865,0.813583,0.162553
AGGCGATAACTGGCGT-1,0.000049,0.000342,0.999609
AGGCGGTTTGTCCCGC-1,0.007526,0.892942,0.099533
AGGCTATGGTTAGCTT-1,0.038809,0.949723,0.011468
AGGCTTAAGTTGCACA-1,0.000025,0.973923,0.026052
AGGCTTCCCGAAGAAG-1,0.012671,0.978112,0.009218
AGGCTTGCTAGACACC-1,0.196742,0.588553,0.214705
AGGGAAACGAGGTACT-1,0.000069,0.464506,0.535426
AGGGACCGGCTGCGTT-1,0.061911,0.227003,0.711086
AGGGACTCTACGCGAC-1,0.000031,0.957515,0.042454
AGGGCAGCGGCGTGGT-1,0.000013,0.999961,0.000026
AGGGCCCTAATGTTCT-1,0.000044,0.000308,0.999648
AGGGCGAGCAGCTGAT-1,0.075696,0.835446,0.088859
AGGGCGTGATCGGCTA-1,0.015674,0.887806,0.09652
AGGGCTGCAGTTACAG-1,0.000021,0.971813,0.028166
AGGGTCAGAGCACTCG-1,0.000056,0.885593,0.11435
AGGGTCGATGCGAACT-1,0.000034,0.924986,0.07498
AGGGTCTGGACGCAGT-1,0.05887,0.404683,0.536447
AGGGTGCCGTTCTTTA-1,0.000032,0.924714,0.075254
AGGGTGCTCTCGAGGG-1,0.000048,0.886028,0.113924
AGGGTGGATAGTGCAT-1,0.660001,0.135888,0.204111
AGGGTTCAGACGGTCC-1,0.000024,0.987348,0.012627
AGGGTTCCCTTTGGTT-1,0.000033,0.89462,0.105347
AGGGTTTAGTTCGGGA-1,0.000046,0.822332,0.177622
AGGTAACCTCCTATTC-1,0.050909,0.771849,0.177242
AGGTACGATATTGCCA-1,0.000029,0.999914,0.000057
AGGTAGATCGAGATAT-1,0.000024,0.987548,0.012428
AGGTAGGTACAAAGCT-1,0.000027,0.731032,0.268941
AGGTATAATTGATAGT-1,0.023168,0.000459,0.976373
AGGTCAGGTGAGAGTG-1,0.000029,0.92513,0.074841
AGGTCGCCTCCCAACA-1,0.000062,0.420897,0.579041
AGGTCGCGGAGTTACT-1,0.000108,0.004088,0.995804
AGGTGCACGTCCACAT-1,0.000051,0.065322,0.934627
AGGTGGTGACCTTCGC-1,0.000029,0.951397,0.048574
AGGTGTATCGCCATGA-1,0.083327,0.693305,0.223368
AGGTGTTGCCGACCAC-1,0.000072,0.161251,0.838677
AGGTTACACCATGCCG-1,0.068524,0.437669,0.493806
AGGTTCTCCTTTCCGG-1,0.050031,0.71563,0.23434
AGGTTGAGGCACGCTT-1,0.025515,0.809785,0.1647
AGGTTTCACACACCTT-1,0.000034,0.997101,0.002865
AGTAACTATAGCAGCC-1,0.000064,0.276653,0.723282
AGTAAGGGACAGAATC-1,0.000279,0.42388,0.575841
AGTAATCTAAGGGTGG-1,0.000027,0.874973,0.124999
AGTAATGTCTTGCCGC-1,0.029554,0.748037,0.222409
AGTAATTTGCAAGCGT-1,0.01691,0.973045,0.010046
AGTACAGAAGCTTATA-1,0.000025,0.976823,0.023151
AGTACATCATTTATCA-1,0.020353,0.466336,0.513311
AGTACGGCCCGTATCG-1,0.182525,0.81178,0.005694
AGTACGGGCACCTGGC-1,0.000027,0.99992,0.000053
AGTACTCTTATGCCCA-1,0.000051,0.900275,0.099674
AGTAGAAGGCGCCTCA-1,0.010399,0.987068,0.002533
AGTAGGAAGGAAGTTG-1,0.06492,0.092543,0.842537
AGTAGGTAACATACAT-1,0.031749,0.729882,0.238368
AGTATAATACTAGGCA-1,0.019276,0.949018,0.031706
AGTATACACAGCGACA-1,0.000026,0.925961,0.074014
AGTATCCATAATAACG-1,0.100724,0.787471,0.111805
AGTATGCTGGAGACCA-1,0.013238,0.873493,0.113269
AGTATTTGGCACGACC-1,0.04351,0.95302,0.00347
AGTCAAATGATGTGAT-1,0.000029,0.83983,0.160141
AGTCAACACCACCATC-1,0.077487,0.873041,0.049472
AGTCAAGATGACACTT-1,0.017181,0.877794,0.105024
AGTCACTAGCTCTCGA-1,0.002467,0.366415,0.631119
AGTCACTCCGCCTCAT-1,0.037687,0.932536,0.029777
AGTCAGCCACCGCCTG-1,0.184656,0.672045,0.143299
AGTCCAGCGGGTACGT-1,0.090342,0.778723,0.130935
AGTCCATTGGCTGATG-1,0.000144,0.426277,0.573579
AGTCCCGCCTTTAATT-1,0.000206,0.240137,0.759656
AGTCGAAACGATTCAG-1,0.855416,0.11777,0.026814
AGTCGAATTAGCGTAA-1,0.00007,0.276703,0.723227
AGTCGACGGTCTCAAG-1,0.000018,0.999946,0.000036
AGTCGGCCCAAACGAC-1,0.0352,0.934123,0.030677
AGTCGGCTCAACTTTA-1,0.000022,0.971044,0.028934
AGTCGGTTGCGTGAGA-1,0.091211,0.500597,0.408192
AGTCGTATAAAGCAGA-1,0.000039,0.706736,0.293225
AGTCGTCGACCACCAA-1,0.000022,0.995967,0.004011
AGTCGTGGGCATTACG-1,0.00005,0.988747,0.011203
AGTCTCACAAGACTAC-1,0.000044,0.885049,0.114907
AGTCTGGACATCCTTG-1,0.136806,0.684066,0.179128
AGTCTTCTCCTCAAAT-1,0.017047,0.958824,0.024129
AGTCTTTAAAGTGTCC-1,0.000034,0.78656,0.213407
AGTGAACAAACTTCTC-1,0.048669,0.18735,0.76398
AGTGACCTACTTTACG-1,0.009219,0.805992,0.184788
AGTGACTGTGACACAA-1,0.000039,0.809169,0.190792
AGTGAGACTTCCAGTA-1,0.000032,0.989416,0.010553
AGTGAGCCTCGCCGCC-1,0.000104,0.102872,0.897025
AGTGAGGGTTTCTGAC-1,0.005036,0.168286,0.826679
AGTGAGTCGAATTAAC-1,0.011033,0.096379,0.892588
AGTGATAACCTGCGCG-1,0.000042,0.740423,0.259535
AGTGATATGAGTAGTT-1,0.000055,0.549669,0.450276
AGTGATTCAAGCAGGA-1,0.001398,0.972392,0.02621
AGTGCACGCTTAAGAA-1,0.000037,0.156023,0.84394
AGTGCGTAGCTCGTAA-1,0.000059,0.995598,0.004343
AGTGCTAAACACAGCA-1,0.000025,0.844103,0.155873
AGTGCTTGCACGAATA-1,0.008903,0.733676,0.257422
AGTGGCCCGCAAATGG-1,0.006793,0.784647,0.20856
AGTGGCGGCAATTTGA-1,0.00006,0.587513,0.412427
AGTGGCGTCTGAAGGT-1,0.000029,0.968725,0.031246
AGTGGCTCCGTCGGCC-1,0.112222,0.695124,0.192653
AGTGGGAGTATACACG-1,0.599143,0.182015,0.218842
AGTGGTGTTACCCGTG-1,0.099776,0.724952,0.175272
AGTGGTTGCGTATAGG-1,0.723641,0.000307,0.276051
AGTGTATTGCGCATTG-1,0.032054,0.067194,0.900752
AGTGTGCTAAGATCGC-1,0.726948,0.102236,0.170816
AGTGTGGTCTATTGTG-1,0.018394,0.916836,0.064771
AGTTAAACACTTGCGA-1,0.019687,0.88881,0.091504
AGTTAAGCGGTCCCGG-1,0.000023,0.952599,0.047378
AGTTAAGTCAACCGCT-1,0.001035,0.664248,0.334717
AGTTACCCTTAAGACT-1,0.922697,0.076594,0.000709
AGTTACCGCACATGGT-1,0.212246,0.628211,0.159543
AGTTACTCTATCGTGG-1,0.000052,0.982156,0.017792
AGTTATTCAGACTGTG-1,0.000192,0.067475,0.932333
AGTTCACCGGTTGGAC-1,0.934867,0.050229,0.014904
AGTTCCTACAGAATTA-1,0.000032,0.816348,0.18362
AGTTCCTATTTATGTT-1,0.000037,0.873625,0.126338
AGTTCTGCGTTGTATC-1,0.334907,0.634658,0.030435
AGTTGACATCGGCTGG-1,0.09221,0.868661,0.039129
AGTTGACGGTCCTTGC-1,0.00004,0.532378,0.467582
AGTTGCGGTCCTCAAC-1,0.108258,0.548322,0.34342
AGTTGCTGACTGATAT-1,0.202279,0.76389,0.033831
AGTTGGCAAGGCTAGA-1,0.000056,0.139094,0.860849
AGTTTCGCAGGTCGGA-1,0.000042,0.958797,0.041161
AGTTTGCACCTGCCTC-1,0.000066,0.99196,0.007974
AGTTTGGCACGGGTTG-1,0.000038,0.446058,0.553904
AGTTTGGCCAGACCTA-1,0.000026,0.989448,0.010526
ATAAACGGACCCGTAA-1,0.012227,0.798091,0.189682
ATAAACGTTGCACCAC-1,0.020579,0.527607,0.451813
ATAAAGGCTCGGTCGT-1,0.000023,0.934812,0.065165
ATAAATATTAGCAGCT-1,0.025233,0.899198,0.075569
ATAACGCCGGAGGGTC-1,0.000037,0.906328,0.093634
ATAACGGAGTCCAACG-1,0.000019,0.999944,0.000038
ATAAGGTGGAGAACAT-1,0.000042,0.883398,0.11656
ATAAGTAGGATTCAGA-1,0.047693,0.001704,0.950602
ATAAGTAGGGCGACTC-1,0.00007,0.000537,0.999393
ATAAGTTACCGCGACG-1,0.000025,0.980048,0.019927
ATAATACCGTTAGCCG-1,0.593747,0.20349,0.202764
ATAATAGCTGTTGAAT-1,0.000049,0.747044,0.252907
ATAATAGTGTAGGGAC-1,0.00651,0.985664,0.007827
ATAATCTTGGAGAACC-1,0.00002,0.999938,0.000042
ATAATTAGCTAAGTAG-1,0.051955,0.843288,0.104757
ATACAGCGTCCACTGA-1,0.780378,0.118367,0.101256
ATACAGGCCCTCCAAT-1,0.000028,0.980789,0.019183
ATACCACGGGCAACTT-1,0.06872,0.870877,0.060403
ATACCAGGCTAATAGA-1,0.006208,0.963055,0.030738
ATACCCTCCCGGCCAA-1,0.082277,0.611697,0.306026
ATACCTAACCAAGAAA-1,0.000021,0.839134,0.160845
ATACGAGGTTTGTAAG-1,0.007278,0.80668,0.186042
ATACGCCGGCGAAACC-1,0.000015,0.985653,0.014332
ATACGGAACGTCGTTT-1,0.000029,0.999912,0.000058
ATACGGGTTTCGATTG-1,0.000033,0.979753,0.020214
ATACGGTGAAGATGCA-1,0.503764,0.188476,0.30776
ATACGTACTTAGCCAC-1,0.014013,0.867011,0.118976
ATACGTCCACTCCTGT-1,0.002419,0.887162,0.110419
ATACGTTATGCACGGA-1,0.025723,0.974225,0.000052
ATACTACCCGTACCAC-1,0.000111,0.228767,0.771122
ATACTAGCATGACCCT-1,0.000016,0.999952,0.000032
ATACTCTCGCCACTCT-1,0.105322,0.876641,0.018037
ATACTGCCTTACACCG-1,0.009599,0.53698,0.45342
ATACTTGTTCTCGAGC-1,0.532418,0.000371,0.467211
ATAGACAACGGGACCT-1,0.000034,0.905588,0.094378
ATAGACGAAGAGAAAG-1,0.003123,0.943993,0.052884
ATAGAGTACTGGGACA-1,0.014694,0.960713,0.024592
ATAGAGTTATCAACTT-1,0.000033,0.945124,0.054843
ATAGCAACTAGGGAAG-1,0.009154,0.455334,0.535512
ATAGCCATAACAGTCA-1,0.060148,0.536706,0.403146
ATAGCCTCAGTACCCA-1,0.630001,0.163685,0.206314
ATAGCTGCTCTTGTTA-1,0.743984,0.233186,0.022831
ATAGGCGGCTATAGAA-1,0.000052,0.983243,0.016705
ATAGGCTAGCTTCGCA-1,0.030551,0.227895,0.741554
ATAGGGATATCCTTGA-1,0.000046,0.872528,0.127426
ATAGGTTGGGCAGATG-1,0.006339,0.943718,0.049943
ATAGTCTTTGACGTGC-1,0.009796,0.9775,0.012703
ATAGTGAAGCGTTCTC-1,0.000041,0.97398,0.025979
ATAGTTCCACCCACTC-1,0.162679,0.441656,0.395666
ATATAAAGCGCTCGTG-1,0.000027,0.962643,0.03733
ATATAAATGTAGCTGC-1,0.000032,0.908664,0.091304
ATATAACACGGGCGCA-1,0.000016,0.891304,0.10868
ATATACATGTATGGTA-1,0.895923,0.082162,0.021916
ATATACGCTCGTGACG-1,0.040529,0.479668,0.479803
ATATAGAGTATTGGTC-1,0.031075,0.791912,0.177013
ATATCAACCTACAGAG-1,0.014793,0.067792,0.917414
ATATCAATTCCAGCCT-1,0.245028,0.442039,0.312932
ATATCGGTAGGGAGAT-1,0.04372,0.153252,0.803028
ATATCGTTCCTCGAAC-1,0.000038,0.815553,0.18441
ATATCTCCCTCGTTAA-1,0.000013,0.99958,0.000407
ATATCTTAGGGCCTTC-1,0.000065,0.850654,0.149282
ATATGGGATAGCAACT-1,0.000022,0.976454,0.023524
ATATGTCTAGAGCGTG-1,0.002208,0.520261,0.477531
ATATGTCTCCCTAGCC-1,0.000048,0.953198,0.046754
ATATTATCCCGTATTT-1,0.761845,0.195762,0.042393
ATATTCAGTTAAACCT-1,0.019385,0.92481,0.055805
ATATTCCACATAGTGA-1,0.000055,0.994027,0.005918
