Barcode,Topic 1,Topic 2to3,Topic 4,Topic 5to6,Topic 7,Topic 8to10
AAACAAGTATCTCCCA-1,0.107983,0.111244,0.000096,0.399004,0.296833,0.084839
AAACACCAATAACTGC-1,0.000061,0.000121,0.018989,0.618798,0.000061,0.361971
AAACAGAGCGACTCCT-1,0.036921,0.000079,0.000039,0.74943,0.000039,0.213492
AAACAGCTTTCAGAAG-1,0.000038,0.022262,0.127367,0.449997,0.000113,0.400222
AAACAGGGTCTATATT-1,0.000075,0.00015,0.150916,0.440901,0.268833,0.139125
AAACAGTGTTCCTGGG-1,0.000239,0.069312,0.000239,0.000479,0.835201,0.094529
AAACATGGTGAGAGGA-1,0.000032,0.000064,0.395087,0.071449,0.071349,0.462019
AAACATTTCCCGGATT-1,0.009369,0.305095,0.000046,0.352141,0.041269,0.292079
AAACCACTACACAGAT-1,0.041245,0.009019,0.072306,0.049904,0.100464,0.727061
AAACCCGAACGAAATC-1,0.041104,0.76413,0.000573,0.016415,0.066592,0.111185
AAACCGGAAATGTTAA-1,0.033835,0.892149,0.073876,0.000047,0.000023,0.00007
AAACCGGGTAGGTACC-1,0.000078,0.064122,0.039389,0.403313,0.35777,0.135328
AAACCGTTCGTCCAGG-1,0.00027,0.000541,0.177718,0.000541,0.728923,0.092008
AAACCTAAGCAGCCGG-1,0.000148,0.08503,0.000148,0.168124,0.676064,0.070486
AAACCTCATGAAGTTG-1,0.000067,0.000134,0.293428,0.465534,0.034705,0.206132
AAACGAAGAACATACC-1,0.041063,0.000234,0.336794,0.224612,0.396945,0.000351
AAACGAAGATGGAGTA-1,0.000087,0.000174,0.018345,0.397691,0.274809,0.308894
AAACGACAGTCTTGCC-1,0.000026,0.02441,0.257481,0.013277,0.033676,0.67113
AAACGAGACGGTTGAT-1,0.002091,0.000099,0.042793,0.592747,0.08818,0.27409
AAACGCCCGAGATCGG-1,0.000031,0.000062,0.028863,0.388231,0.000031,0.582782
AAACGCTGGGCACGAC-1,0.073981,0.864028,0.05946,0.000021,0.00001,0.0025
AAACGGGCGTACGGGT-1,0.033056,0.536512,0.158893,0.006605,0.264597,0.000338
AAACGGTTGCGAACTG-1,0.000067,0.019054,0.06737,0.364698,0.161397,0.387412
AAACGTGTTCGCCCTA-1,0.000071,0.036184,0.237987,0.104251,0.261883,0.359623
AAACTAACGTGGCGAC-1,0.011297,0.079494,0.007949,0.393734,0.110854,0.396673
AAACTCGGTTCGCAAT-1,0.000096,0.129645,0.274204,0.020141,0.399832,0.176082
AAACTCGTGATATAAG-1,0.003534,0.113137,0.00008,0.57543,0.047557,0.260261
AAACTGCTGGCTCCAA-1,0.066829,0.000174,0.000087,0.403891,0.313898,0.21512
AAACTTAATTGCACGC-1,0.00007,0.00014,0.054354,0.298939,0.162021,0.484476
AAACTTGCAAACGTAT-1,0.000108,0.000215,0.000626,0.415032,0.48228,0.101739
AAAGAATGACCTTAGA-1,0.047274,0.000105,0.000053,0.076912,0.448308,0.427349
AAAGAATGTGGACTAA-1,0.057402,0.871767,0.00003,0.00006,0.023367,0.047374
AAAGACATGAAGTTTA-1,0.000018,0.000682,0.157855,0.018612,0.000018,0.822814
AAAGACTGGGCGCTTT-1,0.000079,0.000159,0.000079,0.244325,0.422916,0.332442
AAAGCTTGCCTACATA-1,0.073464,0.176735,0.09423,0.138563,0.377935,0.139073
AAAGGCCCTATAATAC-1,0.000082,0.042697,0.000082,0.000164,0.546031,0.410944
AAAGGCTACGGACCAT-1,0.00012,0.000241,0.116684,0.242268,0.194321,0.446366
AAAGGCTCTCGCGCCG-1,0.000144,0.000287,0.02858,0.485143,0.428366,0.057479
AAAGGGATGTAGCAAG-1,0.000066,0.000131,0.000066,0.79422,0.042005,0.163512
AAAGGGCAGCTTGAAT-1,0.062081,0.000381,0.021011,0.257303,0.658653,0.000572
AAAGGTAAGCTGTACC-1,0.172486,0.000178,0.093269,0.21627,0.313585,0.204212
AAAGGTCAACGACATG-1,0.008829,0.00006,0.036084,0.265743,0.022189,0.667094
AAAGTAGCATTGCTCA-1,0.072323,0.000276,0.15206,0.158084,0.60199,0.015267
AAAGTCGACCCTCAGT-1,0.000047,0.059614,0.000047,0.424546,0.026842,0.488906
AAAGTGCCATCAATTA-1,0.010411,0.963741,0.000012,0.000024,0.000012,0.025799
AAAGTGTGATTTATCT-1,0.131424,0.000242,0.000121,0.402482,0.361484,0.104247
AAAGTTGACTCCCGTA-1,0.000071,0.000142,0.000071,0.743434,0.041909,0.214373
AAATAACCATACGGGA-1,0.000033,0.000066,0.076163,0.58866,0.000033,0.335045
AAATAAGGTAGTGCCC-1,0.088589,0.240944,0.000117,0.190997,0.389524,0.089829
AAATACCTATAAGCAT-1,0.049879,0.000219,0.081104,0.470879,0.232736,0.165182
AAATAGCTTAGACTTT-1,0.056804,0.193645,0.064464,0.196404,0.416414,0.072267
AAATAGGGTGCTATTG-1,0.000075,0.354386,0.000075,0.210547,0.166211,0.268705
AAATCACTCCTAAACG-1,0.007557,0.045646,0.085068,0.181038,0.075713,0.604978
AAATCCGATACACGCC-1,0.000116,0.182812,0.042534,0.000233,0.474485,0.29982
AAATCGCGGAAGGAGT-1,0.000035,0.013738,0.158137,0.482271,0.000035,0.345784
AAATCGTGTACCACAA-1,0.030137,0.000235,0.356519,0.486679,0.126077,0.000353
AAATCTAGCCCTGCTA-1,0.086804,0.30283,0.06044,0.184261,0.254485,0.11118
AAATCTGCCCGCGTCC-1,0.00002,0.022039,0.00002,0.044064,0.002665,0.931192
AAATGACTGATCAAAC-1,0.065583,0.000294,0.000147,0.091049,0.662425,0.180502
AAATGATTCGATCAGC-1,0.000071,0.137504,0.087198,0.535315,0.152733,0.087178
AAATGCTCGTTACGTT-1,0.000375,0.000749,0.000375,0.000749,0.86524,0.132512
AAATGGCATGTCTTGT-1,0.000059,0.000117,0.252183,0.495296,0.034326,0.218019
AAATGGCCCGTGCCCT-1,0.000073,0.000146,0.240007,0.384688,0.263696,0.11139
AAATGGTCAATGTGCC-1,0.031962,0.000168,0.03561,0.434378,0.368344,0.129538
AAATGTATCTTATCCC-1,0.000034,0.036757,0.02447,0.051575,0.000034,0.887129
AAATTAACGGGTAGCT-1,0.074106,0.000364,0.091975,0.528462,0.304548,0.000546
AAATTAATAAGCGCGA-1,0.033882,0.068879,0.197199,0.061088,0.330429,0.308524
AAATTACACGACTCTG-1,0.000048,0.000097,0.212387,0.52575,0.000048,0.261669
AAATTACCTATCGATG-1,0.256496,0.000197,0.029922,0.199691,0.34056,0.173133
AAATTCCAGGTCCAAA-1,0.041155,0.565683,0.000074,0.016112,0.197855,0.179121
AAATTGATAGTCCTTT-1,0.000177,0.026638,0.077119,0.029501,0.78813,0.078435
AAATTGCGGCGGTTCT-1,0.000101,0.046676,0.000101,0.063427,0.055714,0.83398
AAATTGGTGAGAAGCA-1,0.000063,0.144073,0.072862,0.113351,0.286884,0.382767
AAATTTACCGAAATCC-1,0.00003,0.00006,0.125548,0.372092,0.00003,0.502239
AAATTTGCGGGTGTGG-1,0.098547,0.000435,0.000217,0.231705,0.668443,0.000652
AACAACTGGTAGTTGC-1,0.063122,0.152775,0.000217,0.663634,0.000217,0.120036
AACAATACATTGTCGA-1,0.000153,0.095249,0.000153,0.000306,0.26369,0.640448
AACAATTACTCTACGC-1,0.000123,0.000245,0.000123,0.477682,0.48891,0.032916
AACACACGCTCGCCGC-1,0.000089,0.109211,0.000089,0.024903,0.301044,0.564663
AACACGACTGTACTGA-1,0.000083,0.000165,0.000083,0.675017,0.180573,0.14408
AACACGAGACGCGGCC-1,0.001015,0.118826,0.168136,0.419532,0.202188,0.090304
AACAGCTGTGTGGCAA-1,0.056719,0.000475,0.000238,0.000475,0.823464,0.118629
AACAGGAAATCGAATA-1,0.000107,0.000214,0.026133,0.470886,0.419748,0.082912
AACAGGATGGGCCGCG-1,0.00025,0.0005,0.00025,0.009413,0.988837,0.00075
AACAGGTAGTATGGAT-1,0.263029,0.736523,0.000064,0.000128,0.000064,0.000192
AACATAGCGTGTATCG-1,0.000058,0.048824,0.001644,0.073168,0.17333,0.702976
AACATATCAACTGGTG-1,0.062542,0.06738,0.000067,0.360263,0.156314,0.353435
AACATCGATACGTCTA-1,0.000033,0.000065,0.000033,0.706979,0.000033,0.292857
AACATTGAAGTTGATC-1,0.000138,0.000276,0.328573,0.000276,0.606945,0.063792
AACATTGTGACTCGAG-1,0.000118,0.000236,0.000118,0.269676,0.456602,0.273249
AACCAAGACTTCTCTG-1,0.000102,0.050309,0.00528,0.459991,0.026919,0.4574
AACCAGTATCACTCTT-1,0.000112,0.000224,0.096917,0.295145,0.387092,0.220511
AACCATAGGGTTGAAC-1,0.00004,0.000081,0.00004,0.118884,0.11719,0.763764
AACCCATCCCATGATC-1,0.000068,0.000136,0.001555,0.680969,0.000068,0.317205
AACCCGACAACCCGTG-1,0.027944,0.10262,0.000299,0.056032,0.812206,0.000898
AACCCGAGCAGAATCG-1,0.150063,0.780623,0.000034,0.000083,0.029272,0.039925
AACCCGATAGGGCTTC-1,0.000022,0.073051,0.000022,0.087825,0.000022,0.839057
AACCCGCTGTATTCCA-1,0.000098,0.000196,0.0001,0.306481,0.169128,0.523997
AACCCTACTGTCAATA-1,0.000087,0.164478,0.000087,0.092711,0.205402,0.537235
AACCCTGGTGGAACCA-1,0.00005,0.0001,0.00005,0.647823,0.103864,0.248112
AACCGAGCTTGGTCAT-1,0.000094,0.000188,0.385192,0.250602,0.217899,0.146026
AACCGCTAAGGGATGC-1,0.023762,0.055177,0.000042,0.411409,0.057171,0.452439
AACCGTTGTGTTTGCT-1,0.000074,0.010915,0.000074,0.326996,0.000074,0.661867
AACCTAAAGCCGTCCG-1,0.000043,0.000086,0.099973,0.149109,0.10801,0.642778
AACCTCGCTTTAGCCC-1,0.000202,0.038731,0.000202,0.000403,0.244489,0.715974
AACCTGTCACGGAATT-1,0.131993,0.729571,0.128005,0.000135,0.010093,0.000202
AACCTTTAAATACGGT-1,0.006495,0.090646,0.093606,0.375774,0.373588,0.059892
AACCTTTACGACGTCT-1,0.00017,0.173831,0.00017,0.00034,0.349922,0.475567
AACGAAAGTCGTCCCA-1,0.000046,0.03322,0.186507,0.305861,0.12662,0.347747
AACGACCTCCTAGCCG-1,0.034471,0.849667,0.110079,0.000022,0.000011,0.005749
AACGATAATGCCGTAG-1,0.000161,0.104579,0.033755,0.252444,0.559646,0.049414
AACGATAGAAGGGCCG-1,0.000299,0.000599,0.000299,0.128609,0.869295,0.000898
AACGATATGTCAACTG-1,0.132087,0.000234,0.000117,0.332416,0.284064,0.251081
AACGCATGATCTGGGT-1,0.064273,0.000167,0.167941,0.447409,0.152813,0.167398
AACGCGACCTTGGGCG-1,0.000046,0.000092,0.026445,0.539638,0.010583,0.423196
AACGCGGTCTCCAGCC-1,0.000103,0.000206,0.000103,0.649424,0.047875,0.302289
AACGCTGTTGCTGAAA-1,0.049142,0.020851,0.093667,0.386357,0.321815,0.128168
AACGGACGTACGTATA-1,0.053392,0.016018,0.000092,0.42671,0.065526,0.438261
AACGGCCATCTCCGGT-1,0.000065,0.074775,0.085467,0.434408,0.000065,0.405221
AACGTACTGTGGGTAC-1,0.000303,0.140856,0.000303,0.000606,0.497835,0.360097
AACGTCATCCGGCTTG-1,0.000079,0.054933,0.0912,0.000159,0.239171,0.614458
AACGTCGCTGCACTTC-1,0.000036,0.952296,0.000036,0.000072,0.029982,0.017578
AACGTGATGAAGGACA-1,0.000053,0.000106,0.000053,0.758176,0.049571,0.19204
AACGTGCGAAAGTCTC-1,0.000104,0.031258,0.131417,0.291783,0.39338,0.152058
AACGTTATCAGCACCT-1,0.000052,0.000105,0.006603,0.423861,0.06523,0.504149
AACGTTCTACCATTGT-1,0.062002,0.846645,0.09125,0.000034,0.000017,0.000051
AACTACCCGTTTGTCA-1,0.163595,0.656669,0.000062,0.000124,0.048733,0.130816
AACTAGGCTTGGGTGT-1,0.000162,0.000324,0.018365,0.454833,0.525829,0.000486
AACTCAAGTTAATTGC-1,0.000153,0.105751,0.359872,0.000306,0.533459,0.000459
AACTCCAGAGCGTGTT-1,0.077495,0.212462,0.000175,0.114338,0.595006,0.000525
AACTCCTAATCCCATG-1,0.000075,0.000149,0.48177,0.149951,0.145398,0.222657
AACTCGATAAACACGT-1,0.000066,0.031344,0.040464,0.102396,0.000066,0.825664
AACTCTCAATAGAGCG-1,0.095035,0.00016,0.016943,0.551629,0.182457,0.153776
AACTCTCAGTGTGCTC-1,0.000516,0.129261,0.000516,0.001031,0.597362,0.271315
AACTGAGGTCAGCGTC-1,0.079672,0.000249,0.000124,0.350234,0.352499,0.217223
AACTGAGTTATACTGA-1,0.029683,0.910809,0.056558,0.000035,0.000017,0.002898
AACTGATATTAGGCCT-1,0.000142,0.000285,0.000142,0.477028,0.395846,0.126557
AACTGGGTCCCGACGT-1,0.029156,0.00016,0.15317,0.686923,0.116911,0.01368
AACTGGGTTCGAGCCG-1,0.000078,0.000156,0.055492,0.322908,0.113177,0.50819
AACTTCTGCGTCTATC-1,0.000175,0.029572,0.166671,0.173236,0.257928,0.372417
AACTTGCCCGTATGCA-1,0.000103,0.047131,0.022603,0.246524,0.359482,0.324158
AACTTGCGTTCTCGCG-1,0.05581,0.000851,0.000426,0.070259,0.871377,0.001277
AACTTTACGGGAGCTT-1,0.029591,0.000121,0.193809,0.31538,0.179942,0.281158
AACTTTCTCGATCATG-1,0.037691,0.213459,0.000122,0.074944,0.211313,0.462471
AAGAAAGTTTGATGGG-1,0.000042,0.041397,0.000042,0.000083,0.116444,0.841993
AAGAAATCACCAGATT-1,0.029964,0.068511,0.118602,0.033797,0.022661,0.726466
AAGAAGGATCAGTTAG-1,0.000129,0.119969,0.008235,0.652572,0.000129,0.218965
AAGACATACGTGGTTT-1,0.122392,0.820245,0.057203,0.000053,0.000027,0.00008
AAGACCAAATAACTCA-1,0.000086,0.000173,0.006343,0.113524,0.576631,0.303243
AAGACCCAACTGAACA-1,0.000082,0.173246,0.000082,0.000163,0.399227,0.4272
AAGACTCACGCCCACT-1,0.000029,0.000059,0.000029,0.255723,0.000029,0.74413
AAGACTGCAAGCTACT-1,0.018086,0.000164,0.062802,0.503529,0.194408,0.221011
AAGAGATGAATCGGTA-1,0.043576,0.000396,0.241786,0.303312,0.410335,0.000594
AAGAGCTCTTTATCGG-1,0.032033,0.066806,0.000078,0.444315,0.167578,0.28919
AAGAGGATGTACGCGA-1,0.063531,0.000443,0.000221,0.406642,0.528499,0.000664
AAGAGGCATGGATCGC-1,0.028948,0.027729,0.000078,0.51063,0.329176,0.103439
AAGAGGCCCTTTGGAA-1,0.068109,0.830927,0.000085,0.000169,0.100455,0.000254
AAGATGGCACCGGACC-1,0.000144,0.239724,0.000144,0.000288,0.231626,0.528073
AAGATTGGCGGAACGT-1,0.000078,0.107169,0.124352,0.296748,0.107259,0.364394
AAGCACCCTGCGTATC-1,0.011416,0.000278,0.061916,0.329205,0.312452,0.284732
AAGCATACTCTCCTGA-1,0.000107,0.07842,0.032988,0.000214,0.482074,0.406197
AAGCCACTTGCAGGTA-1,0.000187,0.20497,0.000187,0.000375,0.140056,0.654225
AAGCCGAAGCGGTTTA-1,0.339426,0.338258,0.088562,0.042879,0.190494,0.000381
AAGCCGCCGTGAAATC-1,0.016588,0.000187,0.000093,0.473861,0.505897,0.003374
AAGCCGCTTTACCTTG-1,0.000044,0.042625,0.000044,0.13968,0.004122,0.813485
AAGCCGGAGAGCAGGA-1,0.110504,0.884134,0.000015,0.000031,0.000015,0.0053
AAGCGCAGGGCTTTGA-1,0.000152,0.028908,0.000152,0.321551,0.447705,0.201533
AAGCGGAGTGCGCGCA-1,0.010005,0.111855,0.000043,0.103343,0.112251,0.662504
AAGCGGCGTCATGGGT-1,0.093087,0.000163,0.025431,0.44554,0.329511,0.106268
AAGCGTCCCTCATCGA-1,0.000275,0.093448,0.000275,0.00055,0.429967,0.475486
AAGCTAGATCGAGTAA-1,0.000107,0.096475,0.083279,0.29851,0.222777,0.298854
AAGCTATGGATTGACC-1,0.000029,0.030632,0.000029,0.001634,0.000029,0.967649
AAGCTCGTGCCAAGTC-1,0.000052,0.000103,0.015788,0.61525,0.000052,0.368755
AAGCTCTTTCATGGTG-1,0.000422,0.118236,0.000422,0.000844,0.680286,0.19979
AAGGAGCGGTTGGTGC-1,0.000148,0.082357,0.252241,0.000296,0.463377,0.201582
AAGGATCGATCGCTTG-1,0.030203,0.365553,0.000051,0.421835,0.000051,0.182306
AAGGATGAGGGACCTC-1,0.074092,0.082044,0.000095,0.523625,0.196884,0.12326
AAGGCAGGCTGTCTCC-1,0.000065,0.864672,0.000065,0.000131,0.13487,0.000196
AAGGCTGTGCTCATCG-1,0.000277,0.000554,0.000277,0.49461,0.50345,0.000831
AAGGGAACGACTGGCT-1,0.000096,0.000193,0.000096,0.38047,0.48937,0.129774
AAGGGACAGATTCTGT-1,0.00008,0.052985,0.00008,0.532459,0.248703,0.165694
AAGGGACTATGCATTC-1,0.000242,0.000484,0.000242,0.307707,0.690598,0.000727
AAGGGTTAGCCATGCG-1,0.071297,0.919197,0.009438,0.000023,0.000011,0.000034
AAGGGTTTGATTTCAG-1,0.000058,0.135302,0.000058,0.000116,0.004469,0.859998
AAGGTATCCTAATATA-1,0.000028,0.000056,0.004742,0.70547,0.000028,0.289676
AAGGTGATAAACCAGC-1,0.000071,0.255098,0.073673,0.424357,0.138906,0.107895
AAGTAGAAGACCGGGT-1,0.000132,0.147323,0.035314,0.560084,0.219704,0.037443
AAGTAGTGACGCGAGG-1,0.065552,0.000456,0.092583,0.242847,0.597878,0.000684
AAGTCAATTGTCGTCA-1,0.000021,0.065556,0.000021,0.418284,0.000021,0.516096
AAGTCTAGTAGCTGCC-1,0.000065,0.073355,0.193168,0.020603,0.1261,0.586709
AAGTCTTCTGTGGCCT-1,0.00004,0.00008,0.102888,0.06101,0.00004,0.835942
AAGTGACGACCGAATT-1,0.000083,0.03551,0.50028,0.000166,0.194599,0.269362
AAGTGAGTCGGGTTTA-1,0.000126,0.153873,0.000126,0.000252,0.627455,0.218168
AAGTGCAAAGGTAGAC-1,0.000063,0.000127,0.025593,0.71462,0.000063,0.259533
AAGTGCCTTGACTGTA-1,0.000047,0.1521,0.085457,0.448941,0.003113,0.310343
AAGTGCGTTAGAATCT-1,0.049106,0.000276,0.055599,0.450571,0.444033,0.000414
AAGTGCTTCTCTATTG-1,0.000123,0.092137,0.069859,0.185281,0.140609,0.51199
AAGTGTTTGGAGACGG-1,0.000123,0.472547,0.029675,0.127789,0.170882,0.198984
AAGTTCACTCCAAGCT-1,0.00019,0.035781,0.041763,0.381183,0.325981,0.215102
AAGTTCAGTCTGCGTA-1,0.015722,0.000148,0.089492,0.361253,0.339644,0.19374
AAGTTCGGCCAACAGG-1,0.000172,0.293012,0.380582,0.000344,0.325372,0.000517
AAGTTGTGATGTTATA-1,0.390318,0.479744,0.000099,0.000197,0.129347,0.000296
AAGTTTACTAATGGCA-1,0.000199,0.000399,0.000199,0.000399,0.541556,0.457249
AAGTTTATGGGCCCAA-1,0.000055,0.051025,0.033875,0.033199,0.125473,0.756374
AATAACAACGCTCGGC-1,0.000157,0.184968,0.000157,0.429662,0.383715,0.001341
AATAACACTAGAACAA-1,0.015805,0.108051,0.099879,0.356548,0.038325,0.381392
AATAACGTCGCGCCCA-1,0.00003,0.880796,0.00003,0.000061,0.00003,0.119052
AATAAGTCCTCGAGAC-1,0.000053,0.000107,0.000053,0.455615,0.050425,0.493746
AATAATCTTCGTATCG-1,0.000042,0.944496,0.000042,0.000084,0.053449,0.001886
AATACAATGTTTCAGG-1,0.009106,0.000146,0.513621,0.15196,0.242081,0.083086
AATACCGGAGGGCTGT-1,0.000119,0.117805,0.047558,0.113635,0.197865,0.523017
AATACCTGATGTGAAC-1,0.000125,0.364848,0.000125,0.000249,0.358717,0.275936
AATAGAACAGAGTGGC-1,0.000163,0.000326,0.122397,0.113597,0.626058,0.137459
AATAGAATCTGTTTCA-1,0.000177,0.081565,0.098584,0.002191,0.521322,0.296161
AATAGCAAGCCTCCTG-1,0.000045,0.000091,0.000045,0.29228,0.000045,0.707493
AATAGCTACCGCGTGC-1,0.135318,0.00896,0.077422,0.4934,0.02917,0.25573
AATAGGCACGACCCTT-1,0.000028,0.201214,0.07352,0.067332,0.007337,0.650569
AATAGTCCGTCCCGAC-1,0.000107,0.000214,0.049208,0.442455,0.120444,0.387573
AATAGTCGCGAGTCGG-1,0.000027,0.000054,0.000027,0.452747,0.000027,0.547117
AATATCCTAGCAAACT-1,0.000033,0.000067,0.000033,0.054585,0.002319,0.942963
AATATCGAATCAATGC-1,0.51899,0.322459,0.000098,0.049837,0.108321,0.000295
AATATCGAGGGTTCTC-1,0.000134,0.05714,0.000134,0.19711,0.630729,0.114753
AATATTGGAGTATTGA-1,0.000086,0.000172,0.331546,0.487458,0.150704,0.030033
AATCAGGTTTCATTTA-1,0.000372,0.232489,0.000372,0.000744,0.337832,0.428192
AATCATGTAAAGACTC-1,0.000077,0.000153,0.000077,0.245817,0.24415,0.509726
AATCCCGCTCAGAGCC-1,0.000065,0.000129,0.000065,0.002707,0.14473,0.852304
AATCGAGGTCTCAAGG-1,0.000202,0.044859,0.000202,0.024454,0.670171,0.260111
AATCGCCTCAGCGCCA-1,0.017344,0.138814,0.113626,0.392206,0.055416,0.282595
AATCGCGCAGAGGACT-1,0.386342,0.609654,0.000047,0.000521,0.003296,0.000141
AATCGGGACACTACGA-1,0.000274,0.000548,0.000274,0.147874,0.745777,0.105253
AATCGGTATAGCCCTC-1,0.171117,0.783648,0.000033,0.006256,0.000033,0.038914
AATCGTGAGCCGAGCA-1,0.05607,0.000294,0.000147,0.588109,0.350809,0.004572
AATCTAGGTTTACTTG-1,0.013305,0.000308,0.126976,0.376152,0.334964,0.148295
AATCTATGCCGGAGCC-1,0.204151,0.000222,0.000111,0.358648,0.409247,0.027622
AATCTCTACTGTGGTT-1,0.000092,0.000185,0.000092,0.504392,0.332164,0.163074
AATCTGCGTTGGGACG-1,0.071457,0.107223,0.000129,0.124302,0.39936,0.297529
AATCTGGCTTTCTAGT-1,0.000168,0.000337,0.000168,0.221386,0.276321,0.501619
AATCTGGGTAGACCCT-1,0.000041,0.000081,0.031096,0.624689,0.000041,0.344053
AATGACAGCAATGTCT-1,0.000146,0.110148,0.000146,0.142881,0.3555,0.391178
AATGACGTAGGATGTC-1,0.000121,0.055212,0.321729,0.091065,0.46231,0.069564
AATGACTGTCAGCCGG-1,0.099563,0.000722,0.000361,0.201027,0.679219,0.019107
AATGAGTTCGCATATG-1,0.082389,0.000339,0.530501,0.003968,0.382294,0.000509
AATGATGATACGCTAT-1,0.091007,0.00026,0.00013,0.27988,0.468632,0.16009
AATGATGCGACTCCTG-1,0.121252,0.000173,0.404311,0.216354,0.230186,0.027723
AATGCAACCGGGTACC-1,0.000055,0.000109,0.034765,0.824094,0.002583,0.138394
AATGCACCAAGCAATG-1,0.00808,0.117136,0.111746,0.337223,0.297176,0.12864
AATGGCCGCCAATGCG-1,0.000023,0.093381,0.286881,0.088365,0.000023,0.531327
AATGGTCCACCGTTCA-1,0.000082,0.027776,0.534281,0.021084,0.28921,0.127568
AATGTATGGCACTGTA-1,0.000049,0.003999,0.000049,0.000098,0.081187,0.914619
AATGTGCCCGAGGTGT-1,0.000117,0.000234,0.000117,0.255917,0.374241,0.369373
AATGTGCTAATCTGAG-1,0.000127,0.067506,0.098348,0.334303,0.114817,0.384899
AATGTTAAGACCCTGA-1,0.000127,0.127509,0.000127,0.000255,0.49849,0.373491
AATGTTGTCGTGAGAC-1,0.319677,0.680053,0.000039,0.000077,0.000039,0.000116
AATTAAAGGTCGGCGT-1,0.000116,0.000232,0.000116,0.59276,0.300585,0.10619
AATTAACGGATTTCCA-1,0.022118,0.000251,0.000125,0.537456,0.236799,0.203251
AATTACGAGACCCATC-1,0.000083,0.000167,0.028985,0.330285,0.162997,0.477482
AATTACTCGTACGCTC-1,0.000127,0.000255,0.000127,0.158435,0.547381,0.293674
AATTAGCGCTGCAGCG-1,0.000079,0.014298,0.120564,0.418159,0.114484,0.332415
AATTATACCCAGCAAG-1,0.000164,0.20933,0.000164,0.000328,0.461114,0.3289
AATTCATAAGGGATCT-1,0.000056,0.030045,0.147709,0.331182,0.000056,0.490953
AATTCATTGTCATGCA-1,0.000109,0.000218,0.218182,0.321067,0.210483,0.249941
AATTCCAAGCATGTAC-1,0.000114,0.000229,0.049681,0.21008,0.288874,0.451021
AATTCGATTCGAGGAT-1,0.000112,0.000225,0.098602,0.339925,0.144748,0.416388
AATTCTAGAGTTAGGC-1,0.000118,0.000236,0.403013,0.350003,0.222507,0.024124
AATTGAACGCTCTGGT-1,0.052562,0.048175,0.027805,0.36588,0.303942,0.201636
AATTGCAGCAATCGAC-1,0.018378,0.564666,0.000055,0.139685,0.153069,0.124147
AATTGCGTGGATTACA-1,0.000125,0.035744,0.000125,0.274165,0.335374,0.354467
AATTGTGGTTGCCAAA-1,0.064201,0.911669,0.000017,0.000034,0.012483,0.011597
AATTTGGGACATAGTA-1,0.025344,0.000211,0.000105,0.634034,0.137484,0.202822
AATTTGGTTCCAAAGA-1,0.000099,0.000199,0.000099,0.718881,0.19352,0.087201
ACAAACCATGCGTCCT-1,0.000055,0.004044,0.043454,0.268507,0.03267,0.651272
ACAAACCGACAAGGCG-1,0.000024,0.000048,0.024965,0.156934,0.001244,0.816786
ACAAACTCCATCAGAG-1,0.002699,0.093967,0.062994,0.122772,0.041666,0.675902
ACAAAGAAGGTAGGCC-1,0.000053,0.000106,0.00156,0.393112,0.012777,0.592392
ACAAAGCATGACCTAG-1,0.190506,0.079996,0.00014,0.113233,0.588308,0.027816
ACAAATCGCACCGAAT-1,0.034902,0.000243,0.000122,0.214938,0.386306,0.363489
ACAAATGGTAGTGTTT-1,0.07638,0.178118,0.000088,0.560189,0.176549,0.008676
ACAAATTCAGATCTGA-1,0.042879,0.000135,0.077572,0.328807,0.172853,0.377754
ACAACAGCATGAGCTA-1,0.025985,0.000128,0.079245,0.508356,0.087811,0.298474
ACAACGGTCCCTGCGA-1,0.000362,0.168464,0.000362,0.29054,0.539184,0.001087
ACAAGCAGTGCCTAGC-1,0.000114,0.000228,0.000114,0.457533,0.4283,0.113711
ACAAGCTATATGGAAG-1,0.000046,0.000091,0.247499,0.044743,0.266083,0.441538
ACAAGGAAATCCGCCC-1,0.000128,0.097584,0.129855,0.018488,0.40957,0.344375
ACAAGGACAAGAGGTT-1,0.019113,0.068369,0.02446,0.425656,0.000062,0.462339
ACAAGGATGCTTTAGG-1,0.098672,0.101328,0.155913,0.000314,0.643303,0.00047
ACAAGGCCTACCAGCC-1,0.011227,0.028777,0.000067,0.380084,0.103773,0.476073
ACAAGGGCAGGCTCTG-1,0.00013,0.00026,0.136348,0.331563,0.467627,0.064071
ACAAGTAATTGTAAGG-1,0.000075,0.109133,0.000075,0.00015,0.238722,0.651846
ACAATAGTCGTACGTT-1,0.05518,0.000213,0.003908,0.580668,0.356292,0.003739
ACAATCCATTTAAACC-1,0.04282,0.000375,0.023899,0.410904,0.49137,0.030632
ACAATCGATCTTTATA-1,0.000143,0.092036,0.000143,0.04896,0.318898,0.53982
ACAATGAATACGGAGA-1,0.023857,0.183972,0.000266,0.172011,0.619097,0.000798
ACAATGATTCTTCTAC-1,0.024193,0.000136,0.000068,0.258541,0.186033,0.531029
ACAATTGTGTCTCTTT-1,0.000152,0.293513,0.000152,0.113137,0.351813,0.241233
ACAATTTAGGAGGCTC-1,0.0441,0.000259,0.00013,0.36612,0.430251,0.15914
ACAATTTGAGCAGTGG-1,0.120676,0.288269,0.158697,0.208693,0.109578,0.114087
ACAATTTGGCCATATT-1,0.246814,0.69586,0.057151,0.000058,0.000029,0.000087
ACACAAAGACGGGTGG-1,0.000045,0.00009,0.000045,0.853085,0.000045,0.146691
ACACAAATATTCCTAG-1,0.000028,0.020424,0.000028,0.130118,0.000028,0.849376
ACACACCAGGACCAGT-1,0.002894,0.098078,0.090078,0.265098,0.392662,0.15119
ACACACTTTCTACACG-1,0.000068,0.000136,0.000068,0.680399,0.000068,0.319262
ACACATGATCAAATCT-1,0.00009,0.00018,0.181207,0.287332,0.158409,0.372781
ACACATTGACGCAACA-1,0.000085,0.00017,0.000085,0.25132,0.546367,0.201973
ACACATTTCCGTAGAC-1,0.000111,0.156931,0.21094,0.014575,0.322216,0.295228
ACACCACATAATTAGC-1,0.121014,0.194559,0.03492,0.223109,0.215667,0.210731
ACACCCAGCATGCAGC-1,0.000166,0.000332,0.116593,0.30653,0.575879,0.000498
ACACCCGTAAATCTGT-1,0.000024,0.000048,0.29929,0.054908,0.007615,0.638114
ACACCGAGCGCTCTTT-1,0.000077,0.000154,0.000077,0.338527,0.035764,0.625401
ACACCGGTCTGACCGC-1,0.000066,0.000131,0.000066,0.457017,0.285599,0.257122
ACACCTTAAGTAGGGC-1,0.0004,0.155235,0.0004,0.0008,0.841964,0.0012
ACACCTTACTACTTGC-1,0.45521,0.32939,0.000106,0.06515,0.135402,0.014742
ACACGAGACTCCTTCT-1,0.000065,0.00013,0.000065,0.667933,0.130752,0.201054
ACACGGCACTATGCAT-1,0.000077,0.000154,0.000077,0.427176,0.223222,0.349295
ACACGGGAACTTAGGG-1,0.039971,0.000215,0.000107,0.768483,0.107162,0.084061
ACACGTAGGCCACAAG-1,0.072236,0.897361,0.000046,0.000093,0.030124,0.000139
ACACTCCAATGTCACT-1,0.000154,0.000307,0.000154,0.478918,0.515192,0.005275
ACACTGATCAAGGTGT-1,0.000189,0.000379,0.000189,0.13528,0.499725,0.364237
ACACTGGGACAGTCGT-1,0.334422,0.665358,0.000031,0.000063,0.000031,0.000094
ACAGAACTGAGAACAA-1,0.00007,0.00014,0.222688,0.460144,0.221098,0.095859
ACAGCATAGAGCCAGT-1,0.140372,0.000643,0.02472,0.340284,0.493016,0.000965
ACAGCGACATTCTCAT-1,0.222007,0.170702,0.055612,0.375747,0.046285,0.129647
ACAGCGCACCCGCAGC-1,0.000069,0.000137,0.26293,0.2284,0.227373,0.281091
ACAGGAGGCGCAGCCG-1,0.000075,0.329275,0.031834,0.000151,0.307855,0.33081
ACAGGCACGGATCCTT-1,0.027819,0.137974,0.000066,0.352435,0.276959,0.204748
ACAGGCTTGCCCGACT-1,0.01839,0.000315,0.068716,0.256519,0.532941,0.123118
ACAGGTGGAGGTGAGG-1,0.000189,0.066167,0.061997,0.000377,0.281246,0.590024
ACAGGTGTGTTGTTGC-1,0.000026,0.023382,0.38588,0.000051,0.155048,0.435613
ACAGTAATACAACTTG-1,0.000068,0.000135,0.000068,0.614439,0.167764,0.217527
ACAGTATACCGTGGGA-1,0.005582,0.150114,0.060824,0.290685,0.136974,0.35582
ACAGTGCAGCGCATTT-1,0.000041,0.000083,0.000041,0.259592,0.070597,0.669645
ACATAAGTCGTGGTGA-1,0.005098,0.000203,0.002259,0.537911,0.294659,0.15987
ACATAATAAGGCGGTG-1,0.02666,0.000143,0.000072,0.827644,0.057957,0.087524
ACATACAATCAAGCGG-1,0.000033,0.311583,0.000033,0.0009,0.000088,0.687364
ACATCAGCTGGGACGC-1,0.000094,0.000188,0.119098,0.526455,0.292,0.062165
ACATCCCGGCCATACG-1,0.000129,0.041295,0.193983,0.156683,0.427991,0.179919
ACATCCTGGTAACTGT-1,0.000051,0.000102,0.000051,0.554376,0.000051,0.44537
ACATCGATCGTTTACC-1,0.081475,0.000291,0.057411,0.622936,0.051696,0.186191
ACATCGCAATATTCGG-1,0.000082,0.110238,0.011775,0.000163,0.051682,0.826061
ACATCGGTCAGCCGCG-1,0.000236,0.228442,0.000236,0.000472,0.378618,0.391997
ACATCGTATGCAATGG-1,0.000043,0.000086,0.057996,0.887645,0.000043,0.054187
ACATCGTTAACCTAGT-1,0.000049,0.000099,0.000049,0.732219,0.000612,0.266971
ACATCTCAACGCGTAA-1,0.000069,0.025231,0.054063,0.338081,0.151928,0.430627
ACATGCTTACGGCAGC-1,0.000034,0.020049,0.000034,0.000069,0.006375,0.973439
ACATGGCGCCAAAGTA-1,0.040956,0.115447,0.075789,0.273487,0.159845,0.334476
ACATGGCTCAATTTAG-1,0.080809,0.000897,0.000449,0.000897,0.915602,0.001346
ACATTAGTTTATATCC-1,0.000129,0.000259,0.322879,0.219786,0.456558,0.000388
ACATTCGCGCGGAATA-1,0.000208,0.222449,0.000208,0.000416,0.513713,0.263006
ACATTTGAAACCTAAC-1,0.000083,0.197036,0.000083,0.035423,0.233269,0.534107
ACCAAACACCCAGCGA-1,0.06641,0.000156,0.000078,0.455164,0.078447,0.399746
ACCAAACTAGAAATCC-1,0.000159,0.000317,0.000159,0.000317,0.672632,0.326417
ACCAACACCACACACT-1,0.000039,0.039592,0.055113,0.558755,0.012602,0.333899
ACCAACCGCACTCCAC-1,0.000059,0.226944,0.048867,0.187594,0.114927,0.42161
ACCAACGCTTATTTAT-1,0.000201,0.000403,0.000201,0.000403,0.671326,0.327467
ACCAAGAACGCGTGTC-1,0.000385,0.000769,0.000385,0.000769,0.824328,0.173364
ACCAAGTCATCGGCAG-1,0.16132,0.797893,0.000051,0.000102,0.040483,0.000152
ACCAATATGCAAGTTA-1,0.000077,0.097251,0.121457,0.459722,0.207911,0.113581
ACCACAACTCAGAACA-1,0.025333,0.000096,0.187933,0.556847,0.074275,0.155516
ACCACAAGTTTCTATC-1,0.000144,0.111398,0.008867,0.600812,0.222657,0.056121
ACCACACGGTTGATGG-1,0.000113,0.104301,0.000113,0.034181,0.378201,0.483092
ACCACCAATGTAACAA-1,0.090093,0.322716,0.000109,0.127126,0.290479,0.169477
ACCACCCTCTCTTCTA-1,0.000046,0.000092,0.000046,0.561713,0.000046,0.438057
ACCACGTGCAGCTATA-1,0.043162,0.025728,0.138478,0.247474,0.311474,0.233685
ACCACTGTTCAAGAAG-1,0.000066,0.000132,0.10081,0.12254,0.140336,0.636116
ACCAGACCATAACAAC-1,0.000024,0.143806,0.351682,0.096456,0.01543,0.392602
ACCAGCCCGGTCTTTG-1,0.000102,0.000204,0.000102,0.333598,0.369115,0.296879
ACCAGTGCCCGGTCAA-1,0.00008,0.102741,0.00008,0.363279,0.158566,0.375253
ACCAGTGCGGGAGACG-1,0.000102,0.074617,0.000102,0.469718,0.203341,0.252119
ACCATATCCGCAATAA-1,0.038285,0.049924,0.053759,0.669859,0.000072,0.1881
ACCATCCGCCAACTAG-1,0.000108,0.000216,0.142265,0.495646,0.226405,0.135361
ACCATCGTATATGGTA-1,0.130347,0.109645,0.000479,0.000957,0.5976,0.160972
ACCATTAAGGGTGTCA-1,0.000092,0.000185,0.134627,0.294993,0.000092,0.57001
ACCCAACGCCCGTGGC-1,0.000077,0.309904,0.185858,0.100166,0.272779,0.131215
ACCCACCTACATGCTC-1,0.000137,0.000274,0.203241,0.291151,0.504777,0.000419
ACCCATCTTGAGGGTA-1,0.000144,0.126744,0.000144,0.214848,0.000144,0.657975
ACCCATTTGTCCCTCT-1,0.026891,0.059686,0.000131,0.482632,0.249131,0.18153
ACCCGAGCGAAATTAC-1,0.00019,0.049813,0.191227,0.00038,0.461729,0.296661
ACCCGATTGGTTCCGA-1,0.000294,0.100473,0.000294,0.000588,0.478867,0.419483
ACCCGGAAACTCCCAG-1,0.000058,0.000116,0.212346,0.281845,0.007465,0.498169
ACCCGGAGCACCACAA-1,0.000039,0.909363,0.039201,0.000078,0.026963,0.024358
ACCCGGATGACGCATC-1,0.008435,0.000156,0.055039,0.739145,0.001866,0.195358
ACCCGGTTACACTTCC-1,0.000171,0.000342,0.000171,0.061734,0.436616,0.500966
ACCCGTAGCAGAGAAT-1,0.000043,0.013624,0.000043,0.01797,0.00389,0.964431
ACCCGTAGTCTAGTTG-1,0.05977,0.854382,0.032742,0.000044,0.000022,0.05304
ACCCGTGTCATCAGTA-1,0.026909,0.00024,0.278162,0.436876,0.257452,0.000361
ACCCTATAGGACTGAG-1,0.000279,0.160586,0.000279,0.000557,0.79627,0.04203
ACCCTATGCCATATCG-1,0.004106,0.123284,0.04784,0.619433,0.000107,0.20523
ACCCTCCCGTCAGGGC-1,0.554303,0.179354,0.000067,0.045099,0.147074,0.074103
ACCCTCCCTTGCTATT-1,0.000161,0.068832,0.000161,0.387634,0.330001,0.213212
ACCCTGGTAACGCCCT-1,0.000065,0.084106,0.047125,0.461779,0.088072,0.318853
ACCCTTCATCTGCGAA-1,0.000129,0.013729,0.078941,0.407914,0.205084,0.294204
ACCCTTGCCTGGGTCG-1,0.000044,0.080745,0.000044,0.13414,0.005168,0.779857
ACCCTTTAGTTCTCCA-1,0.0299,0.000161,0.092731,0.517442,0.173142,0.186623
ACCGAAGAGTCTGGTT-1,0.00009,0.00018,0.00009,0.20321,0.177187,0.619244
ACCGACACATCTCCCA-1,0.000106,0.000212,0.361278,0.167798,0.377722,0.092884
ACCGACTGAGTCCCAC-1,0.000088,0.000175,0.365235,0.368751,0.265489,0.000263
ACCGAGTCTCCTTATT-1,0.000095,0.01699,0.109736,0.10245,0.243446,0.527284
ACCGATAGGCATAACC-1,0.222853,0.770189,0.006851,0.000036,0.000018,0.000054
ACCGATATTTAATCAT-1,0.151098,0.802953,0.041314,0.000066,0.00447,0.000099
ACCGATGGTAGCATCG-1,0.000067,0.528598,0.17657,0.110215,0.181585,0.002965
ACCGCAATAACTGCCT-1,0.005192,0.190306,0.004806,0.254743,0.544619,0.000335
ACCGCGGTGGAAGTCG-1,0.188009,0.205827,0.000173,0.194771,0.332403,0.078817
ACCGCTAGTCATTGGT-1,0.000145,0.177981,0.000145,0.00029,0.193641,0.627798
ACCGGGCCTTTGTTGA-1,0.000068,0.095497,0.094773,0.371195,0.184456,0.254012
ACCGGTCAGGTACACC-1,0.000129,0.000257,0.326959,0.192596,0.296555,0.183504
ACCGGTCTGAGTACGG-1,0.087422,0.000257,0.017568,0.281977,0.284597,0.32818
ACCGTCCACTGGGCCC-1,0.021857,0.000136,0.13621,0.092269,0.413506,0.336023
ACCGTGACCACGTGGG-1,0.00009,0.143606,0.021148,0.382854,0.14528,0.307022
ACCGTTCCCGCTCTGA-1,0.000142,0.038417,0.105659,0.18054,0.289286,0.385957
ACCTAAGTACCTTTCA-1,0.00017,0.051474,0.423038,0.00034,0.447438,0.07754
ACCTAATCGACTTCCT-1,0.000225,0.00045,0.000225,0.430864,0.479809,0.088428
ACCTACAGTATGTGGT-1,0.000067,0.75929,0.000067,0.015595,0.014682,0.210299
ACCTACTATAAATCTA-1,0.000055,0.00011,0.000055,0.774485,0.000055,0.22524
ACCTCAGCGAGGCGCA-1,0.070222,0.290805,0.000119,0.015268,0.227522,0.396063
ACCTCCGCCCTCGCTG-1,0.000094,0.719902,0.000094,0.000188,0.038094,0.241627
ACCTCCGTTATTCACC-1,0.042637,0.294887,0.000149,0.225759,0.341748,0.09482
ACCTCGAACTTATGCT-1,0.000063,0.000126,0.000063,0.585293,0.004772,0.409683
ACCTGCGTGTCATGTT-1,0.000134,0.000267,0.031503,0.41835,0.225438,0.324308
ACCTTTCCTTTAGAAG-1,0.000217,0.14613,0.000217,0.000434,0.249333,0.603669
ACGAAATGGGCGGCAC-1,0.000109,0.000218,0.000109,0.463852,0.341347,0.194366
ACGACCCATGAGTTGC-1,0.029102,0.941915,0.028102,0.000041,0.000021,0.000819
ACGACTCTAGGGCCGA-1,0.038194,0.037259,0.000138,0.284672,0.598939,0.040798
ACGACTGGTCATACTC-1,0.000162,0.154461,0.000162,0.000324,0.184068,0.660824
ACGAGATATTTGCTTA-1,0.045655,0.000212,0.070438,0.564902,0.223004,0.095789
ACGAGGATACCACTCT-1,0.000135,0.000269,0.067128,0.589748,0.31882,0.023899
ACGAGGTTTACAACGT-1,0.000096,0.000193,0.002142,0.534463,0.291802,0.171304
ACGAGTACGGATGCCC-1,0.062894,0.012978,0.087387,0.45274,0.000068,0.383933
ACGAGTCGCCGGCGTT-1,0.000166,0.045501,0.000166,0.000332,0.387065,0.56677
ACGATACATAGAACTA-1,0.046366,0.021037,0.217566,0.461154,0.096615,0.157261
ACGATACCTATCCTGA-1,0.000073,0.092745,0.000073,0.000146,0.294671,0.612292
ACGATCATACATAGAG-1,0.018146,0.000229,0.305723,0.524724,0.150834,0.000344
ACGATCATCTTGTAAA-1,0.000133,0.213527,0.081816,0.281836,0.289927,0.132761
ACGATGCATATGTTAT-1,0.031188,0.120603,0.085637,0.28092,0.173807,0.307845
ACGATGGATCCGATGC-1,0.000073,0.000147,0.000073,0.77035,0.078317,0.151039
ACGCAAACTAATAGAT-1,0.000146,0.000293,0.000146,0.205771,0.736516,0.057127
ACGCAATCACTACAGC-1,0.000081,0.10537,0.059364,0.559519,0.011582,0.264085
ACGCATAAATGACATG-1,0.000027,0.043312,0.086523,0.014625,0.004457,0.851057
ACGCATACGTTTACTA-1,0.239592,0.057698,0.43446,0.086589,0.181376,0.000285
ACGCATTCGTGAGTAC-1,0.000087,0.000174,0.676187,0.206588,0.116702,0.000262
ACGCCACTCGAAACAG-1,0.000056,0.003993,0.000056,0.1372,0.266354,0.59234
ACGCCAGATGATTTCT-1,0.000117,0.000235,0.068037,0.547213,0.292138,0.09226
ACGCCAGTGCGTTTGC-1,0.203875,0.445956,0.000178,0.000357,0.255634,0.094
ACGCCCAGCTGTCGAT-1,0.000031,0.000061,0.000031,0.000061,0.000031,0.999786
ACGCCGCTAGACGACC-1,0.028147,0.000215,0.069482,0.351828,0.300465,0.249864
ACGCGAAGTCAGACGA-1,0.000139,0.000277,0.117352,0.460815,0.421002,0.000416
ACGCGCTACACAGGGT-1,0.00017,0.108961,0.034503,0.396743,0.459113,0.00051
ACGCGGGCCAAGGACA-1,0.000073,0.000146,0.000073,0.832437,0.026716,0.140554
ACGCGTTTCTTAAGAG-1,0.000042,0.000084,0.000042,0.349636,0.000042,0.650155
ACGCTACTGAATGGGC-1,0.003054,0.932567,0.000025,0.000049,0.050235,0.014071
ACGCTAGTATCAGTGC-1,0.000032,0.000064,0.080518,0.158124,0.041788,0.719474
ACGCTAGTGATACACT-1,0.109458,0.072925,0.000094,0.449989,0.221821,0.145712
ACGCTGTGAGGCGTAG-1,0.015496,0.000218,0.069502,0.758668,0.072937,0.083177
ACGCTTAGTGTCTCTC-1,0.000045,0.00009,0.32686,0.162714,0.036976,0.473315
ACGGAACACGAGTGCC-1,0.000082,0.473853,0.000082,0.000164,0.16576,0.360059
ACGGAATTTAGCAAAT-1,0.000154,0.152309,0.016097,0.438779,0.011296,0.381366
ACGGACGCAGCGACAA-1,0.000063,0.011831,0.000063,0.000127,0.054832,0.933084
ACGGACTCTCAAAGCG-1,0.190849,0.000252,0.042818,0.385744,0.379959,0.000378
ACGGAGCGCAAATTAC-1,0.026299,0.000161,0.020731,0.547131,0.14828,0.257398
ACGGATGGTGCGGATA-1,0.000089,0.074196,0.00143,0.592813,0.143581,0.18789
ACGGCACTTGCTTGGG-1,0.000099,0.000197,0.000099,0.734462,0.093635,0.171508
ACGGCCAACATGGACT-1,0.022053,0.000135,0.62641,0.120886,0.149627,0.080889
ACGGCGACGATGGGAA-1,0.100716,0.024211,0.458711,0.176706,0.152561,0.087096
ACGGCTGGATGTAGAA-1,0.006613,0.043532,0.000122,0.281665,0.430131,0.237937
ACGGGAGTGTCGGCCC-1,0.106126,0.000301,0.000151,0.344643,0.365135,0.183645
ACGGGCGTATGCGACA-1,0.056013,0.064786,0.004731,0.387433,0.084141,0.402895
ACGGGTCATGTGACTT-1,0.000044,0.000088,0.10259,0.211295,0.000044,0.68594
ACGGGTTGTGACCTGT-1,0.000081,0.000163,0.049085,0.000163,0.244551,0.705957
ACGGTACAGTTCAATG-1,0.102592,0.006185,0.00013,0.172817,0.428217,0.29006
ACGGTCACCGAGAACA-1,0.000028,0.030158,0.140725,0.000056,0.000028,0.829005
ACGTACAGATTTCTCT-1,0.000114,0.000228,0.000114,0.69205,0.196439,0.111054
ACGTACTTTGGCACGG-1,0.000228,0.309462,0.000228,0.000456,0.340521,0.349106
ACGTAGATTGCTGATG-1,0.090118,0.07278,0.206549,0.535146,0.004491,0.090915
ACGTAGGAGAGTCGCT-1,0.000076,0.054852,0.076676,0.080338,0.235083,0.552973
ACGTATTACTCCGATC-1,0.000171,0.384808,0.088272,0.000342,0.314081,0.212326
ACGTCGGGCAACTCGG-1,0.00007,0.000139,0.003658,0.008642,0.452121,0.53537
ACGTCTCGTTCCGGGA-1,0.000054,0.040459,0.056143,0.471084,0.006543,0.425716
ACGTGACAAAGTAAGT-1,0.068598,0.000227,0.000113,0.139507,0.548501,0.243053
ACGTGCGCCTCGTGCA-1,0.000189,0.000379,0.000189,0.610761,0.387913,0.000568
ACGTGGTCGAATGTGC-1,0.000028,0.000056,0.144418,0.2258,0.009872,0.619827
ACGTTAATGTCGAAGA-1,0.000083,0.000166,0.000083,0.880718,0.029095,0.089854
ACGTTAGATTTGCCCG-1,0.05402,0.111303,0.050253,0.128883,0.100654,0.554886
ACGTTATTGGTCACTC-1,0.000065,0.00013,0.000065,0.462862,0.000465,0.536413
ACGTTCACTATGCCGC-1,0.000213,0.187406,0.000213,0.000426,0.092032,0.719711
ACGTTCGCAATCAATT-1,0.09685,0.217774,0.02478,0.340546,0.098886,0.221164
ACGTTCGTTCAGGAAA-1,0.000138,0.235807,0.08613,0.000275,0.418837,0.258813
ACGTTCTGTACAAGTC-1,0.000141,0.091284,0.000141,0.338838,0.341522,0.228073
ACGTTGTCGTTGAAAG-1,0.00012,0.13916,0.00012,0.000241,0.156911,0.703447
ACGTTTAGTTGTGATC-1,0.000038,0.000076,0.000038,0.658905,0.000038,0.340905
ACGTTTCGGTGCACTT-1,0.054479,0.892989,0.052456,0.000025,0.000013,0.000038
ACTAAGGACGCACACC-1,0.000025,0.101243,0.465611,0.000051,0.000025,0.433044
ACTAATACGTCAGGCG-1,0.000073,0.000147,0.026697,0.563655,0.154624,0.254804
ACTACAAAGAGAGGTG-1,0.000065,0.098521,0.000065,0.00013,0.152492,0.748726
ACTACATCCCGACAAG-1,0.000084,0.000168,0.06808,0.484045,0.251844,0.195779
ACTACCAGCTCTCTGG-1,0.031488,0.0597,0.091885,0.709836,0.044873,0.062219
ACTACCATCCGAGGGC-1,0.000203,0.191926,0.000203,0.000406,0.48721,0.320052
ACTACGCGTTAGAATT-1,0.00009,0.122142,0.074821,0.417738,0.211059,0.17415
ACTAGTTGCGATCGTC-1,0.568832,0.144776,0.218548,0.037541,0.000069,0.030234
ACTATATGCTGTGTTC-1,0.000095,0.00019,0.136329,0.346883,0.043226,0.473276
ACTATCCAGGGCATGG-1,0.018594,0.299173,0.161279,0.18953,0.102414,0.229011
ACTATCGCCGGCTAAA-1,0.000027,0.000054,0.000027,0.157513,0.000027,0.842353
ACTATCTGCCCGCGTA-1,0.325995,0.573562,0.000085,0.00017,0.018198,0.081989
ACTATGTCCAGCTGCC-1,0.000062,0.000123,0.000062,0.197132,0.070906,0.731715
ACTATTCGTCCGTGGT-1,0.006667,0.000123,0.086951,0.856098,0.000061,0.0501
ACTATTTCCGGGCCCA-1,0.000212,0.095495,0.000212,0.000425,0.667094,0.236561
ACTCAAGTGCAAGGCT-1,0.024991,0.000393,0.000197,0.328657,0.645173,0.00059
ACTCAATAAAGGCACG-1,0.000054,0.000109,0.000054,0.750445,0.000054,0.249283
ACTCATGGCAGCCTTC-1,0.000059,0.000117,0.000059,0.595558,0.000059,0.404149
ACTCCAATATCATCAT-1,0.000317,0.084943,0.000317,0.000633,0.80776,0.10603
ACTCCCATTCCTAAAG-1,0.038548,0.000229,0.080857,0.45323,0.079847,0.347289
ACTCCCGAATTCGTTT-1,0.102142,0.134558,0.000103,0.209067,0.177774,0.376356
ACTCCCGTAGACTAGG-1,0.000114,0.298042,0.000114,0.230243,0.201951,0.269536
ACTCCCTAATGCTAAA-1,0.059406,0.000166,0.000083,0.74866,0.106115,0.085569
ACTCCCTAGAATAGTA-1,0.00004,0.00008,0.00004,0.823893,0.00004,0.175908
ACTCCGGCCGACCACT-1,0.000121,0.169729,0.000121,0.000242,0.512994,0.316793
ACTCGATGTATTTCAT-1,0.000131,0.000262,0.000131,0.427324,0.415531,0.15662
ACTCGCCGTTCGATAA-1,0.152538,0.810648,0.000065,0.00013,0.036423,0.000196
ACTCGCGATCTGACGC-1,0.111076,0.76014,0.060942,0.002433,0.016866,0.048543
ACTCGTAACCCGTCCT-1,0.000099,0.000198,0.039408,0.611809,0.233094,0.115392
ACTCGTCAGTAATCCC-1,0.058628,0.055433,0.276429,0.13559,0.325775,0.148144
ACTCTAAACCTGGGAT-1,0.000028,0.000055,0.383691,0.049819,0.002616,0.563791
ACTCTCTGACTTAGGT-1,0.000181,0.145778,0.058069,0.08439,0.351982,0.3596
ACTCTCTTATACACGA-1,0.000064,0.000128,0.184285,0.526583,0.008141,0.280799
ACTCTGACCTAATAGA-1,0.00003,0.228618,0.013286,0.052729,0.10331,0.602028
ACTCTTCAGCTCCCGC-1,0.000034,0.779958,0.021302,0.000068,0.000034,0.198604
ACTCTTGTATAGTAAC-1,0.076834,0.000208,0.200111,0.46226,0.132745,0.127841
ACTGAAACGCCGTTAG-1,0.000118,0.254543,0.000307,0.067276,0.326939,0.350817
ACTGAATGGCGAAAGT-1,0.095424,0.000224,0.000112,0.247587,0.366624,0.290029
ACTGATTTAGTGATTC-1,0.007714,0.00012,0.00006,0.640664,0.00006,0.351382
ACTGCCCGCCATTCTC-1,0.000562,0.001124,0.000562,0.001124,0.7449,0.251728
ACTGCCGTCGTAACTC-1,0.000185,0.00037,0.000185,0.481014,0.252137,0.266108
ACTGCGGACACACCGT-1,0.309504,0.617486,0.055282,0.000099,0.017481,0.000149
ACTGCTCGGAAGGATG-1,0.031179,0.042135,0.149543,0.287932,0.182636,0.306575
ACTGGCGAACCTGCGT-1,0.000058,0.106382,0.005887,0.000116,0.199005,0.688552
ACTGGGATGCCAGTGC-1,0.000109,0.000218,0.376181,0.310402,0.312762,0.000328
ACTGTACGATACACAT-1,0.189628,0.139142,0.165352,0.424052,0.009924,0.071902
ACTGTAGCACTTTGGA-1,0.000185,0.000369,0.012072,0.131252,0.046669,0.809453
ACTGTCCAGGATTATA-1,0.00009,0.00018,0.003687,0.774591,0.088665,0.132787
ACTGTCTTCTTTAGAA-1,0.069375,0.000282,0.05217,0.407309,0.250812,0.220052
ACTTACCGGGCGCGCA-1,0.00007,0.00014,0.00007,0.624033,0.067447,0.308241
ACTTACGCATCCACGC-1,0.000103,0.167399,0.194847,0.132,0.297054,0.208598
ACTTATACTTACCCGG-1,0.042059,0.00025,0.000125,0.540077,0.349625,0.067864
ACTTATTAGGATCGGT-1,0.000198,0.000396,0.134303,0.638674,0.225835,0.000594
ACTTATTTATGTGCCA-1,0.228317,0.000456,0.070451,0.221153,0.412026,0.067596
ACTTCAGGCTGATCCC-1,0.000169,0.177487,0.000169,0.144585,0.464016,0.213574
ACTTCCAGTGGAAGCT-1,0.000077,0.000154,0.304687,0.260325,0.099203,0.335554
