Barcode,Topic 1,Topic 2,Topic 3,Topic 4,Topic 5,Topic 6,Topic 7,Topic 8,Topic 9,Topic 10
AAACAAGTATCTCCCA-1,0.017532,0.569562,0.00001,0.001924,0.101097,0.00092,0.166933,0.020472,0.100959,0.020591
AAACACCAATAACTGC-1,0.701195,0.000026,0.004824,0.000026,0.000026,0.000026,0.000026,0.000026,0.2938,0.000026
AAACAGCTTTCAGAAG-1,0.586382,0.000022,0.03324,0.031003,0.000022,0.116558,0.002033,0.002631,0.228087,0.000022
AAACAGGGTCTATATT-1,0.85983,0.118579,0.000031,0.000031,0.000031,0.000031,0.000031,0.000031,0.021374,0.000031
AAACAGTGTTCCTGGG-1,0.597918,0.171182,0.00161,0.087209,0.0804,0.024899,0.0131,0.019174,0.000013,0.004495
AAACATGGTGAGAGGA-1,0.079363,0.078911,0.522475,0.005925,0.000033,0.000033,0.000033,0.003096,0.310099,0.000033
AAACATTTCCCGGATT-1,0.152332,0.290857,0.244219,0.022699,0.000023,0.000023,0.023511,0.013883,0.12969,0.122763
AAACCCGAACGAAATC-1,0.097578,0.31717,0.015249,0.026447,0.401911,0.009404,0.017642,0.055817,0.000014,0.058769
AAACCGGAAATGTTAA-1,0.055535,0.100029,0.02486,0.020551,0.331504,0.188754,0.024559,0.053948,0.000044,0.200215
AAACCGGGTAGGTACC-1,0.327993,0.019664,0.014881,0.198377,0.021334,0.135642,0.016339,0.014654,0.214362,0.036754
AAACCGTTCGTCCAGG-1,0.977739,0.00078,0.000018,0.000018,0.000018,0.000018,0.000018,0.000018,0.021358,0.000018
AAACCTAAGCAGCCGG-1,0.060389,0.009498,0.353644,0.08479,0.028156,0.05956,0.015304,0.018443,0.076009,0.294208
AAACCTCATGAAGTTG-1,0.311272,0.046198,0.185821,0.171061,0.052076,0.052318,0.010506,0.010275,0.004714,0.155759
AAACGAAGATGGAGTA-1,0.559258,0.000035,0.000035,0.000035,0.000035,0.000035,0.000035,0.000035,0.440464,0.000035
AAACGAGACGGTTGAT-1,0.038443,0.27979,0.030346,0.192761,0.072086,0.058375,0.069817,0.07284,0.118606,0.066937
AAACGGGCGTACGGGT-1,0.043579,0.000008,0.198377,0.040561,0.001818,0.134849,0.132389,0.050107,0.161422,0.236891
AAACGGTTGCGAACTG-1,0.414534,0.003381,0.062917,0.116205,0.004278,0.138833,0.035339,0.006956,0.19316,0.024396
AAACTCGGTTCGCAAT-1,0.288126,0.053886,0.009167,0.17632,0.005664,0.00519,0.121858,0.005293,0.070875,0.26362
AAACTCGTGATATAAG-1,0.014984,0.636323,0.000084,0.000084,0.348103,0.000084,0.000084,0.000084,0.000084,0.000084
AAACTGCTGGCTCCAA-1,0.000011,0.097831,0.081702,0.25515,0.132542,0.09054,0.029321,0.031001,0.040844,0.241058
AAACTTAATTGCACGC-1,0.090559,0.000026,0.02703,0.000026,0.000026,0.000026,0.000026,0.000026,0.877013,0.005242
AAACTTGCAAACGTAT-1,0.827268,0.116814,0.000025,0.000025,0.000983,0.000025,0.000025,0.000025,0.054789,0.000025
AAAGAATGACCTTAGA-1,0.103685,0.029885,0.687812,0.000034,0.000034,0.000034,0.000034,0.000034,0.178412,0.000034
AAAGACCCAAGTCGCG-1,0.000017,0.153404,0.001319,0.010832,0.688727,0.089986,0.004039,0.051641,0.000017,0.000017
AAAGACTGGGCGCTTT-1,0.273306,0.052593,0.278008,0.061746,0.015475,0.030043,0.072747,0.055128,0.029921,0.131033
AAAGGCCCTATAATAC-1,0.162737,0.000015,0.003937,0.000015,0.000015,0.000015,0.000015,0.000015,0.829732,0.003502
AAAGGCTACGGACCAT-1,0.915316,0.084483,0.000025,0.000025,0.000025,0.000025,0.000025,0.000025,0.000025,0.000025
AAAGGCTCTCGCGCCG-1,0.719656,0.144402,0.000018,0.009623,0.020059,0.000439,0.014726,0.006718,0.000018,0.084342
AAAGGGATGTAGCAAG-1,0.000019,0.343749,0.004761,0.009193,0.158893,0.001272,0.022473,0.459603,0.000019,0.000019
AAAGGGCAGCTTGAAT-1,0.001549,0.007318,0.080555,0.091529,0.010789,0.159293,0.199717,0.330539,0.056246,0.062465
AAAGTAGCATTGCTCA-1,0.949737,0.041408,0.000019,0.000019,0.000019,0.000019,0.000019,0.000019,0.008724,0.000019
AAAGTCACTGATGTAA-1,0.000023,0.821967,0.000023,0.000023,0.177847,0.000023,0.000023,0.000023,0.000023,0.000023
AAAGTCGACCCTCAGT-1,0.254401,0.304258,0.056901,0.016677,0.007349,0.009694,0.00807,0.000075,0.180586,0.161991
AAAGTGCCATCAATTA-1,0.000008,0.049444,0.052755,0.002486,0.308299,0.108989,0.052461,0.154024,0.000305,0.271228
AAAGTGTGATTTATCT-1,0.000015,0.18285,0.107246,0.069448,0.163883,0.046888,0.082584,0.219188,0.053469,0.074429
AAAGTTGACTCCCGTA-1,0.035423,0.073215,0.034034,0.113221,0.10998,0.05244,0.176296,0.300765,0.000964,0.103661
AAATAACCATACGGGA-1,0.027144,0.283769,0.000062,0.181547,0.089013,0.181676,0.000062,0.236603,0.000062,0.000062
AAATAAGGTAGTGCCC-1,0.018183,0.968491,0.000037,0.000037,0.013068,0.000037,0.000037,0.000037,0.000037,0.000037
AAATACCTATAAGCAT-1,0.007299,0.024627,0.376755,0.309265,0.037281,0.14875,0.01434,0.020126,0.0014,0.060157
AAATAGCTTAGACTTT-1,0.00457,0.301499,0.000845,0.000712,0.315719,0.000012,0.080567,0.049123,0.000587,0.246368
AAATAGGGTGCTATTG-1,0.001262,0.078041,0.107287,0.080309,0.068533,0.165001,0.047733,0.032528,0.091412,0.327894
AAATCCGATACACGCC-1,0.000007,0.000007,0.216285,0.065664,0.000757,0.148383,0.031748,0.007265,0.000395,0.529489
AAATCGCGGAAGGAGT-1,0.482556,0.001927,0.059832,0.01184,0.014517,0.026683,0.072849,0.049309,0.275442,0.005046
AAATCGTGTACCACAA-1,0.06559,0.200497,0.152237,0.271292,0.08554,0.087702,0.034301,0.052174,0.003213,0.047455
AAATCTAGCCCTGCTA-1,0.01525,0.115343,0.002251,0.077317,0.188254,0.07721,0.161168,0.054625,0.021013,0.28757
AAATCTGCCCGCGTCC-1,0.128664,0.116509,0.134361,0.246413,0.121997,0.069476,0.04569,0.091502,0.041566,0.003822
AAATGATTCGATCAGC-1,0.033091,0.476262,0.000086,0.039371,0.313275,0.047854,0.000086,0.069038,0.020853,0.000086
AAATGCTCGTTACGTT-1,0.057386,0.066661,0.020864,0.050302,0.212831,0.104101,0.088348,0.397741,0.000623,0.001143
AAATGGCATGTCTTGT-1,0.000026,0.717308,0.000026,0.038937,0.23249,0.01111,0.000026,0.000026,0.000026,0.000026
AAATGGCCCGTGCCCT-1,0.581893,0.000016,0.031599,0.100386,0.000016,0.150968,0.022025,0.000016,0.109636,0.003445
AAATGGTCAATGTGCC-1,0.000014,0.121963,0.19987,0.111873,0.132456,0.183099,0.011867,0.23883,0.000014,0.000014
AAATGTATCTTATCCC-1,0.033048,0.13428,0.166124,0.041014,0.015835,0.003416,0.03069,0.019068,0.353133,0.203392
AAATTAACGGGTAGCT-1,0.000142,0.167978,0.126358,0.160381,0.080725,0.027566,0.10916,0.284322,0.008514,0.034854
AAATTAATAAGCGCGA-1,0.020291,0.000022,0.541757,0.001356,0.000022,0.070231,0.148292,0.063029,0.017968,0.137032
AAATTACACGACTCTG-1,0.015413,0.480231,0.000057,0.063358,0.362956,0.026244,0.000057,0.051573,0.000057,0.000057
AAATTACCTATCGATG-1,0.000007,0.003606,0.002221,0.000007,0.503694,0.209909,0.070039,0.151492,0.018437,0.040588
AAATTCCAGGTCCAAA-1,0.00019,0.074625,0.017567,0.015425,0.671315,0.119923,0.000748,0.005257,0.002353,0.092598
AAATTGATAGTCCTTT-1,0.944334,0.035498,0.00002,0.002354,0.005226,0.00002,0.00002,0.00002,0.007692,0.004817
AAATTGCGGCGGTTCT-1,0.123671,0.65142,0.000085,0.026131,0.121117,0.069414,0.000085,0.007908,0.000085,0.000085
AAATTTGCGGGTGTGG-1,0.769308,0.172556,0.000023,0.014513,0.001694,0.000023,0.000027,0.000023,0.000023,0.041809
AACAACTGGTAGTTGC-1,0.000007,0.010266,0.103368,0.049833,0.016676,0.247058,0.084564,0.460034,0.027773,0.000421
AACAATACATTGTCGA-1,0.77493,0.015388,0.000014,0.070358,0.016736,0.01331,0.001963,0.000014,0.049711,0.057576
AACAATTACTCTACGC-1,0.006975,0.159652,0.181267,0.287039,0.056691,0.132539,0.043848,0.110854,0.004858,0.016277
AACACACGCTCGCCGC-1,0.078679,0.433537,0.049482,0.159035,0.039596,0.004465,0.091388,0.038635,0.025272,0.079912
AACACGACTGTACTGA-1,0.066657,0.473405,0.000058,0.043829,0.32054,0.000058,0.000058,0.095281,0.000058,0.000058
AACACGAGACGCGGCC-1,0.834462,0.165343,0.000024,0.000024,0.000024,0.000024,0.000024,0.000024,0.000024,0.000024
AACACGCGGCCGCGAA-1,0.004891,0.862767,0.000059,0.000059,0.000059,0.000059,0.000059,0.000059,0.131929,0.000059
AACAGCTGTGTGGCAA-1,0.683344,0.016023,0.000013,0.017572,0.084504,0.006945,0.062822,0.007217,0.031544,0.090016
AACAGGAAATCGAATA-1,0.000007,0.002042,0.001266,0.001569,0.60029,0.322454,0.016034,0.041402,0.000007,0.014928
AACAGGATGGGCCGCG-1,0.002064,0.077029,0.274383,0.211649,0.028061,0.256988,0.029348,0.119549,0.000026,0.000903
AACAGGTAGTATGGAT-1,0.000005,0.000005,0.006905,0.000547,0.124137,0.144696,0.123388,0.221558,0.079503,0.299256
AACATATCAACTGGTG-1,0.000008,0.100764,0.013206,0.002182,0.50373,0.036997,0.007931,0.014105,0.008925,0.312152
AACATTGAAGTTGATC-1,0.111083,0.000018,0.138326,0.063616,0.000018,0.064135,0.020554,0.000104,0.417487,0.18466
AACATTGTGACTCGAG-1,0.830552,0.110778,0.000027,0.000027,0.000364,0.000027,0.000027,0.000027,0.058145,0.000027
AACCAAGACTTCTCTG-1,0.035486,0.434394,0.292563,0.059921,0.055748,0.003427,0.000796,0.004927,0.000025,0.112712
AACCATAGGGTTGAAC-1,0.001542,0.000017,0.250537,0.000017,0.000017,0.006005,0.038799,0.005579,0.521003,0.176484
AACCATGGGATCGCTA-1,0.01615,0.023176,0.051357,0.044636,0.276295,0.272397,0.006629,0.293232,0.01443,0.001699
AACCCAGAGACGGAGA-1,0.000011,0.000115,0.00212,0.001967,0.289222,0.270622,0.064445,0.350749,0.00855,0.012197
AACCCATCCCATGATC-1,0.911926,0.000026,0.002444,0.012443,0.000026,0.000026,0.000026,0.004689,0.068367,0.000026
AACCCGACAACCCGTG-1,0.806587,0.081265,0.000019,0.0153,0.025251,0.000019,0.001376,0.000019,0.050076,0.02009
AACCCGAGCAGAATCG-1,0.012503,0.13018,0.092616,0.015675,0.119827,0.015945,0.097737,0.104684,0.028937,0.381894
AACCCTACTGTCAATA-1,0.056776,0.304679,0.022699,0.052753,0.137433,0.001454,0.136713,0.172889,0.000019,0.114584
AACCGAGCTTGGTCAT-1,0.000017,0.291112,0.002845,0.015961,0.362814,0.009159,0.120183,0.170569,0.015257,0.012081
AACCGCTAAGGGATGC-1,0.000011,0.20193,0.11029,0.015249,0.085909,0.036847,0.194636,0.095894,0.025577,0.233656
AACCGTTGTGTTTGCT-1,0.00003,0.779415,0.00003,0.011058,0.171962,0.024643,0.004266,0.008536,0.00003,0.00003
AACCTCGCTTTAGCCC-1,0.006842,0.000008,0.175919,0.024976,0.000059,0.236508,0.01774,0.006184,0.088957,0.442807
AACCTGTCACGGAATT-1,0.000019,0.321426,0.000019,0.000019,0.513792,0.030913,0.000019,0.00017,0.11869,0.014932
AACCTTTAAATACGGT-1,0.221668,0.111989,0.019072,0.08385,0.033831,0.17086,0.01296,0.003426,0.019387,0.322958
AACCTTTACGACGTCT-1,0.027586,0.659983,0.00007,0.00008,0.293894,0.00007,0.00007,0.018107,0.00007,0.00007
AACGAAAGTCGTCCCA-1,0.563005,0.000026,0.000026,0.000026,0.000026,0.000026,0.000026,0.000026,0.436789,0.000026
AACGATAATGCCGTAG-1,0.040839,0.016143,0.200357,0.078445,0.043343,0.229896,0.053337,0.025529,0.158111,0.154
AACGATAGAAGGGCCG-1,0.05841,0.1859,0.000021,0.033037,0.495613,0.003464,0.04266,0.145624,0.000021,0.035251
AACGATATGTCAACTG-1,0.000014,0.108287,0.034728,0.020001,0.361649,0.106612,0.014252,0.326878,0.007548,0.02003
AACGCATGATCTGGGT-1,0.195511,0.804156,0.000042,0.000042,0.000042,0.000042,0.000042,0.000042,0.000042,0.000042
AACGCGAACGGCAACA-1,0.000014,0.321593,0.000014,0.004787,0.466749,0.178429,0.000014,0.000505,0.027883,0.000014
AACGCGACCTTGGGCG-1,0.582573,0.029459,0.000016,0.023853,0.024113,0.006276,0.16113,0.050832,0.11667,0.005078
AACGCGGTCTCCAGCC-1,0.00027,0.38702,0.022478,0.123281,0.263029,0.009493,0.022347,0.172036,0.000023,0.000023
AACGCTGTTGCTGAAA-1,0.000545,0.298178,0.150849,0.022571,0.050611,0.022093,0.189901,0.05515,0.091015,0.119089
AACGGACGTACGTATA-1,0.003701,0.053986,0.155355,0.053773,0.035845,0.086615,0.374848,0.207107,0.00001,0.02876
AACGGCCATCTCCGGT-1,0.933127,0.066742,0.000016,0.000016,0.000016,0.000016,0.000016,0.000016,0.000016,0.000016
AACGTACTGTGGGTAC-1,0.825477,0.174327,0.000024,0.000024,0.000024,0.000024,0.000024,0.000024,0.000024,0.000024
AACGTCAGACTAGTGG-1,0.000013,0.124226,0.03172,0.091026,0.13467,0.041242,0.067898,0.492992,0.015789,0.000425
AACGTGCGAAAGTCTC-1,0.000011,0.089593,0.146212,0.086789,0.009338,0.19318,0.184868,0.28855,0.000011,0.00145
AACGTTATCAGCACCT-1,0.036267,0.394131,0.213442,0.041266,0.025803,0.010987,0.033869,0.089889,0.020781,0.133564
AACTACCCGTTTGTCA-1,0.000009,0.003807,0.007752,0.000124,0.300384,0.024058,0.09456,0.272965,0.000009,0.296333
AACTAGGCTTGGGTGT-1,0.45986,0.072155,0.002359,0.058287,0.01737,0.029417,0.004647,0.003166,0.132529,0.220209
AACTCAAGTTAATTGC-1,0.15129,0.171967,0.01875,0.06253,0.111758,0.07514,0.000837,0.020915,0.382321,0.004491
AACTCCAGAGCGTGTT-1,0.001043,0.039127,0.032978,0.093299,0.064806,0.035892,0.168456,0.05842,0.181308,0.32467
AACTCGATAAACACGT-1,0.048757,0.304217,0.000049,0.074321,0.33352,0.021564,0.016425,0.201049,0.000049,0.000049
AACTCGATGGCGCAGT-1,0.000011,0.096164,0.032817,0.01401,0.539032,0.182629,0.014648,0.101478,0.014472,0.004738
AACTCTCAATAGAGCG-1,0.000016,0.236999,0.06378,0.006987,0.114648,0.010267,0.152339,0.385363,0.000016,0.029584
AACTCTCAGTGTGCTC-1,0.791697,0.000019,0.000332,0.029879,0.000019,0.024423,0.00195,0.000019,0.102692,0.048971
AACTGAGTTATACTGA-1,0.000013,0.020605,0.032386,0.000634,0.494794,0.339373,0.000194,0.031345,0.00025,0.080406
AACTGATATTAGGCCT-1,0.000008,0.058758,0.000833,0.003142,0.510012,0.120608,0.119805,0.153518,0.010654,0.022662
AACTGGGTCCCGACGT-1,0.000011,0.020627,0.000011,0.01776,0.46597,0.109411,0.121016,0.255217,0.000034,0.009944
AACTGGTGTGGGCCTT-1,0.036708,0.962292,0.000125,0.000125,0.000125,0.000125,0.000125,0.000125,0.000125,0.000125
AACTTCTGCGTCTATC-1,0.000025,0.058621,0.128489,0.011718,0.005784,0.008876,0.027337,0.722086,0.037039,0.000025
AACTTGCCCGTATGCA-1,0.000017,0.076367,0.291815,0.219741,0.042705,0.19183,0.007718,0.169774,0.000017,0.000017
AACTTGCGTTCTCGCG-1,0.000027,0.465037,0.00685,0.006975,0.273926,0.021125,0.008973,0.176406,0.040654,0.000027
AACTTTACGGGAGCTT-1,0.000039,0.064643,0.574491,0.000047,0.005934,0.000039,0.007761,0.00719,0.177079,0.162776
AACTTTAGCTGCTGAG-1,0.136772,0.209908,0.000044,0.105786,0.19716,0.056408,0.056906,0.23693,0.000044,0.000044
AAGAAGGATCAGTTAG-1,0.001096,0.344291,0.008372,0.049076,0.387737,0.052098,0.009832,0.128097,0.01938,0.00002
AAGACCAAATAACTCA-1,0.232465,0.004553,0.170862,0.000721,0.000025,0.000025,0.000025,0.000025,0.578776,0.012523
AAGACCCAACTGAACA-1,0.759786,0.000745,0.032265,0.066199,0.003241,0.012051,0.007692,0.001752,0.027517,0.088752
AAGACTAACCCGTTGT-1,0.051206,0.340613,0.000038,0.013361,0.473339,0.009321,0.010868,0.101178,0.000038,0.000038
AAGACTGCAAGCTACT-1,0.000756,0.160867,0.068794,0.121862,0.035054,0.043763,0.143606,0.424738,0.000016,0.000545
AAGAGATGAATCGGTA-1,0.010488,0.001607,0.059858,0.196915,0.023538,0.282975,0.142604,0.265961,0.001388,0.014667
AAGAGCTCTTTATCGG-1,0.000026,0.341584,0.305143,0.060942,0.057042,0.034252,0.022533,0.160932,0.01752,0.000026
AAGAGGATGTACGCGA-1,0.282238,0.487419,0.161418,0.015596,0.002449,0.000035,0.000035,0.000035,0.000035,0.05074
AAGAGGCATGGATCGC-1,0.000013,0.070864,0.260094,0.113376,0.019706,0.139825,0.08442,0.292675,0.010487,0.008541
AAGAGGCCCTTTGGAA-1,0.00118,0.190473,0.008493,0.000013,0.075158,0.00162,0.077016,0.088243,0.525828,0.031976
AAGATGGCACCGGACC-1,0.826988,0.000013,0.002336,0.052151,0.003229,0.04054,0.014374,0.000717,0.021604,0.038048
AAGATTGGCGGAACGT-1,0.000022,0.257843,0.020561,0.001942,0.459546,0.005783,0.002456,0.251801,0.000022,0.000022
AAGCACCCTGCGTATC-1,0.28973,0.066376,0.10299,0.085045,0.037184,0.116471,0.033885,0.008518,0.003593,0.256208
AAGCATACTCTCCTGA-1,0.162364,0.020502,0.021504,0.359072,0.042973,0.138621,0.016254,0.010908,0.085102,0.1427
AAGCCACTTGCAGGTA-1,0.231725,0.112963,0.004807,0.23171,0.1645,0.11493,0.05874,0.073144,0.001066,0.006416
AAGCCGAAGCGGTTTA-1,0.000016,0.240328,0.022312,0.022736,0.280858,0.003867,0.047003,0.070959,0.018316,0.293605
AAGCCGCCGTGAAATC-1,0.269908,0.000024,0.13707,0.049824,0.000024,0.058049,0.008347,0.000024,0.365014,0.111715
AAGCCGGAGAGCAGGA-1,0.00001,0.010747,0.069095,0.002127,0.306874,0.181845,0.011415,0.228891,0.001944,0.187051
AAGCGCAGGGCTTTGA-1,0.202421,0.240982,0.020178,0.021618,0.028362,0.00162,0.012561,0.002233,0.021667,0.448358
AAGCGTCCCTCATCGA-1,0.978023,0.02067,0.000024,0.000024,0.000024,0.000024,0.000024,0.000024,0.001142,0.000024
AAGCTAGATCGAGTAA-1,0.044005,0.356619,0.167072,0.018232,0.104957,0.060769,0.00275,0.028607,0.187851,0.029138
AAGCTCGTGCCAAGTC-1,0.00757,0.308389,0.020793,0.095113,0.057333,0.018521,0.055255,0.401986,0.031357,0.003684
AAGCTCTTTCATGGTG-1,0.000277,0.003988,0.070158,0.01409,0.041775,0.155313,0.099662,0.053564,0.006084,0.555087
AAGGAGCGGTTGGTGC-1,0.000024,0.366843,0.213533,0.081803,0.022736,0.003324,0.00919,0.3025,0.000024,0.000024
AAGGATCGATCGCTTG-1,0.000014,0.25291,0.005672,0.000015,0.473103,0.002386,0.023656,0.031745,0.000014,0.210485
AAGGATGAGGGACCTC-1,0.000014,0.354219,0.014272,0.000014,0.2413,0.021145,0.112361,0.204736,0.020449,0.031489
AAGGCAGGCTGTCTCC-1,0.00001,0.107363,0.005202,0.000542,0.617035,0.048353,0.004853,0.007069,0.041556,0.168017
AAGGCGCGTAAAGCTT-1,0.000008,0.000058,0.005509,0.060968,0.037555,0.267337,0.200375,0.38927,0.009452,0.029467
AAGGCTGTGCTCATCG-1,0.000018,0.247427,0.100729,0.053358,0.033601,0.166426,0.032447,0.343785,0.022192,0.000018
AAGGGAACGACTGGCT-1,0.601733,0.034888,0.037824,0.000029,0.000029,0.000029,0.000029,0.000029,0.325378,0.000029
AAGGGACAGATTCTGT-1,0.016995,0.341457,0.005179,0.046362,0.358563,0.016532,0.052331,0.157853,0.000017,0.004711
AAGGGACTATGCATTC-1,0.99974,0.000029,0.000029,0.000029,0.000029,0.000029,0.000029,0.000029,0.000029,0.000029
AAGGGTTTGATTTCAG-1,0.168518,0.064888,0.040191,0.000998,0.000031,0.000031,0.000031,0.000031,0.678281,0.047
AAGGTATCCTAATATA-1,0.000008,0.032886,0.003914,0.002076,0.295291,0.093545,0.156299,0.394512,0.000008,0.02146
AAGGTGATAAACCAGC-1,0.000008,0.059199,0.049582,0.044561,0.065681,0.137642,0.437118,0.191523,0.000838,0.013848
AAGTAGAAGACCGGGT-1,0.009459,0.324848,0.000502,0.068828,0.358832,0.028762,0.080627,0.119852,0.008271,0.000018
AAGTAGTGACGCGAGG-1,0.000016,0.152545,0.436838,0.046925,0.076499,0.231732,0.004874,0.048523,0.002032,0.000016
AAGTCAATTGTCGTCA-1,0.036135,0.221979,0.012931,0.01731,0.152408,0.00913,0.18532,0.224536,0.02987,0.110379
AAGTCTTCTGTGGCCT-1,0.044244,0.000762,0.073286,0.038887,0.000027,0.052459,0.044701,0.002928,0.480903,0.261803
AAGTGACGACCGAATT-1,0.318651,0.000737,0.002697,0.171756,0.006385,0.167181,0.031908,0.008966,0.192522,0.099198
AAGTGAGTCGGGTTTA-1,0.67807,0.003958,0.000016,0.118412,0.008402,0.115646,0.004515,0.000817,0.0646,0.005563
AAGTGCAAAGGTAGAC-1,0.031361,0.44453,0.485162,0.000042,0.000042,0.000042,0.000546,0.000042,0.031468,0.006766
AAGTGCCTTGACTGTA-1,0.000016,0.596311,0.005208,0.000016,0.1799,0.000105,0.055493,0.033738,0.03729,0.091923
AAGTGCGTTAGAATCT-1,0.931861,0.067935,0.000026,0.000026,0.000026,0.000026,0.000026,0.000026,0.000026,0.000026
AAGTGCTTCTCTATTG-1,0.448165,0.060143,0.000026,0.000026,0.000026,0.000026,0.000026,0.000026,0.485067,0.006472
AAGTGTTTGGAGACGG-1,0.006324,0.010442,0.077261,0.153794,0.038215,0.26463,0.099969,0.018838,0.019044,0.311483
AAGTTCACTCCAAGCT-1,0.021218,0.026913,0.057195,0.039823,0.061834,0.146308,0.117118,0.025281,0.056684,0.447625
AAGTTCGGCCAACAGG-1,0.700058,0.167047,0.016237,0.031855,0.007749,0.000026,0.006542,0.000026,0.004294,0.066165
AAGTTGTGATGTTATA-1,0.000004,0.000004,0.003105,0.00039,0.036222,0.044725,0.559797,0.213266,0.000004,0.142484
AAGTTTATGGGCCCAA-1,0.210869,0.067969,0.119179,0.13283,0.04621,0.153179,0.027187,0.014795,0.215281,0.012502
AATAACAACGCTCGGC-1,0.015976,0.028676,0.289254,0.357411,0.048362,0.184206,0.00431,0.056788,0.01218,0.002839
AATAACACTAGAACAA-1,0.944577,0.026964,0.000022,0.000022,0.016685,0.000022,0.000022,0.01164,0.000022,0.000022
AATAATCTTCGTATCG-1,0.000013,0.025816,0.021593,0.000013,0.384362,0.137039,0.018825,0.163222,0.016599,0.232518
AATACAATGTTTCAGG-1,0.032285,0.013799,0.159062,0.294311,0.020437,0.154545,0.072456,0.161787,0.065882,0.025437
AATACCGGAGGGCTGT-1,0.745479,0.251439,0.000034,0.000034,0.000034,0.000034,0.000034,0.000034,0.002842,0.000034
AATAGAACAGAGTGGC-1,0.899428,0.054882,0.000024,0.000024,0.000024,0.000024,0.000024,0.000024,0.045518,0.000024
AATAGAATCTGTTTCA-1,0.01699,0.105288,0.052816,0.09859,0.047895,0.06018,0.260142,0.082107,0.106105,0.169887
AATAGTCCGTCCCGAC-1,0.759342,0.100618,0.017829,0.000026,0.000026,0.000026,0.000026,0.000026,0.070274,0.051806
AATAGTCGCGAGTCGG-1,0.000019,0.000019,0.219087,0.015468,0.000029,0.313349,0.191521,0.104856,0.071029,0.084623
AATATCAAGGTCGGAT-1,0.042108,0.488863,0.000027,0.008601,0.456571,0.001715,0.000027,0.002034,0.000027,0.000027
AATATCCTAGCAAACT-1,0.768609,0.009924,0.000057,0.000759,0.021157,0.046841,0.000057,0.000057,0.152485,0.000057
AATATCGAATCAATGC-1,0.006028,0.130076,0.00767,0.007551,0.349711,0.011664,0.181386,0.10923,0.000015,0.196669
AATATCGAGGGTTCTC-1,0.000009,0.009381,0.004762,0.000025,0.508198,0.077494,0.001412,0.014751,0.000009,0.383959
AATATTGGAGTATTGA-1,0.273232,0.301069,0.175822,0.124263,0.081358,0.013504,0.005822,0.003631,0.000025,0.021275
AATCAGACTGCAGGAC-1,0.082557,0.56485,0.057782,0.000136,0.236105,0.037315,0.000136,0.000136,0.020849,0.000136
AATCAGGTTTCATTTA-1,0.235915,0.072662,0.013141,0.127314,0.0037,0.011505,0.220573,0.009007,0.030072,0.27611
AATCATGTAAAGACTC-1,0.000008,0.068107,0.014258,0.040767,0.139078,0.108777,0.212431,0.068478,0.04485,0.303247
AATCCAAGGGCCTGAG-1,0.000012,0.056047,0.001715,0.000014,0.609313,0.046168,0.065447,0.135864,0.063178,0.022243
AATCCATGCAAGGGTG-1,0.000015,0.065597,0.007981,0.052678,0.680895,0.167433,0.004408,0.012856,0.000015,0.008122
AATCGCCTCAGCGCCA-1,0.000347,0.208197,0.261887,0.133601,0.030798,0.014918,0.165432,0.114652,0.000019,0.070148
AATCGCGCAGAGGACT-1,0.000018,0.44992,0.000018,0.000018,0.323422,0.000018,0.009866,0.004295,0.001537,0.210886
AATCGGGACACTACGA-1,0.093318,0.483787,0.000054,0.010875,0.384922,0.020815,0.000054,0.006067,0.000054,0.000054
AATCGTGAGCCGAGCA-1,0.032569,0.156257,0.10334,0.086926,0.080243,0.094558,0.015221,0.009819,0.263903,0.157165
AATCTAGGTTTACTTG-1,0.851899,0.09804,0.012889,0.007277,0.000049,0.000049,0.000049,0.000049,0.000049,0.02965
AATCTATGCCGGAGCC-1,0.019417,0.807493,0.000023,0.000023,0.03586,0.000023,0.000023,0.000023,0.131451,0.005664
AATCTCTACTGTGGTT-1,0.075012,0.000031,0.157623,0.130038,0.000031,0.016993,0.002197,0.000233,0.310876,0.306968
AATCTGCGTTGGGACG-1,0.000014,0.177484,0.019853,0.000311,0.118389,0.01401,0.128985,0.370797,0.118458,0.051701
AATCTGGCTTTCTAGT-1,0.931091,0.000025,0.010412,0.030634,0.000025,0.000025,0.000025,0.000025,0.025356,0.002385
AATGACAGCAATGTCT-1,0.484802,0.000017,0.017089,0.196773,0.007636,0.095062,0.003393,0.000876,0.026192,0.16816
AATGACGTAGGATGTC-1,0.007694,0.191747,0.272597,0.172826,0.028558,0.107706,0.069773,0.092006,0.008762,0.048332
AATGACTGTCAGCCGG-1,0.001962,0.365362,0.011955,0.133231,0.156579,0.1124,0.026327,0.191862,0.000014,0.000307
AATGAGTTCGCATATG-1,0.00002,0.021576,0.074471,0.015957,0.240465,0.164561,0.004994,0.477917,0.00002,0.00002
AATGATGATACGCTAT-1,0.000008,0.001878,0.001402,0.004678,0.539778,0.35874,0.005167,0.03165,0.000478,0.056221
AATGATGCGACTCCTG-1,0.00001,0.021248,0.00393,0.005338,0.619939,0.157777,0.001514,0.005766,0.014126,0.170352
AATGCAACCGGGTACC-1,0.000195,0.13492,0.05384,0.060287,0.24178,0.124845,0.060494,0.254531,0.06154,0.007568
AATGCACCAAGCAATG-1,0.000071,0.947231,0.000071,0.000071,0.000071,0.000071,0.000071,0.000071,0.052204,0.000071
AATGGTCCACCGTTCA-1,0.13405,0.229899,0.199765,0.030721,0.016104,0.000251,0.071081,0.068551,0.089687,0.159891
AATGGTTCTCACAAGC-1,0.000017,0.215748,0.02016,0.061677,0.270461,0.014424,0.023961,0.389286,0.000017,0.004249
AATGTATGGCACTGTA-1,0.024369,0.000018,0.396726,0.002687,0.000018,0.06966,0.05268,0.013333,0.144556,0.295952
AATGTGCCCGAGGTGT-1,0.999812,0.000021,0.000021,0.000021,0.000021,0.000021,0.000021,0.000021,0.000021,0.000021
AATGTGCTAATCTGAG-1,0.768326,0.231417,0.000032,0.000032,0.000032,0.000032,0.000032,0.000032,0.000032,0.000032
AATGTTGTCGTGAGAC-1,0.006383,0.26238,0.014167,0.086945,0.163325,0.076354,0.030927,0.357555,0.001955,0.000009
AATTAAAGGTCGGCGT-1,0.102426,0.369726,0.196837,0.064048,0.006069,0.008112,0.012358,0.021417,0.217552,0.001456
AATTAACGGATTTCCA-1,0.076726,0.000013,0.010396,0.155569,0.00469,0.229447,0.014116,0.001078,0.209618,0.298346
AATTACGAGACCCATC-1,0.342859,0.00003,0.034157,0.00003,0.00003,0.00003,0.00003,0.00003,0.569223,0.053579
AATTACTCGTACGCTC-1,0.000033,0.164162,0.202712,0.001591,0.324665,0.119333,0.000033,0.13943,0.048008,0.000033
AATTAGCGCTGCAGCG-1,0.121875,0.093616,0.093494,0.093544,0.07251,0.173207,0.012635,0.00675,0.133925,0.198444
AATTCATAAGGGATCT-1,0.00001,0.000014,0.000319,0.006704,0.505983,0.308698,0.010496,0.119537,0.00001,0.04823
AATTCATTGTCATGCA-1,0.235202,0.0649,0.000047,0.000047,0.000047,0.000047,0.000047,0.000047,0.699569,0.000047
AATTCCAAGCATGTAC-1,0.489261,0.000017,0.066856,0.142552,0.000017,0.016284,0.007143,0.000927,0.147625,0.129319
AATTCGATTCGAGGAT-1,0.283144,0.177382,0.026253,0.007227,0.043021,0.002004,0.003443,0.000015,0.399639,0.057872
AATTCTAGAGTTAGGC-1,0.190063,0.305979,0.11918,0.205349,0.075744,0.009216,0.001012,0.00114,0.001296,0.091021
AATTGAACGCTCTGGT-1,0.012476,0.616863,0.167033,0.013674,0.002557,0.000014,0.010708,0.002576,0.006761,0.167338
AATTGCAGCAATCGAC-1,0.000011,0.203952,0.114141,0.031174,0.089219,0.018086,0.025429,0.048753,0.028552,0.440682
AATTGCGTGGATTACA-1,0.169248,0.000027,0.366471,0.000027,0.000027,0.000027,0.029669,0.001914,0.358875,0.073716
AATTGTGGTTGCCAAA-1,0.000011,0.2105,0.239949,0.006606,0.145873,0.041851,0.014436,0.237337,0.000733,0.102702
AATTTGGTTCCAAAGA-1,0.000072,0.999356,0.000072,0.000072,0.000072,0.000072,0.000072,0.000072,0.000072,0.000072
ACAAACCATGCGTCCT-1,0.096211,0.000025,0.069486,0.000247,0.000025,0.000025,0.000025,0.000025,0.803243,0.030689
ACAAAGAAGGTAGGCC-1,0.943308,0.044899,0.000067,0.000067,0.000067,0.000067,0.000067,0.000067,0.011324,0.000067
ACAAAGCATGACCTAG-1,0.00001,0.002909,0.053158,0.004821,0.024486,0.030902,0.098565,0.119682,0.544068,0.121397
ACAAATCGCACCGAAT-1,0.001578,0.024471,0.081566,0.106695,0.071094,0.275302,0.191237,0.045633,0.017251,0.185174
ACAAATGGTAGTGTTT-1,0.032186,0.091732,0.107221,0.063189,0.014799,0.046398,0.339658,0.138236,0.087275,0.079306
ACAACAGCATGAGCTA-1,0.000012,0.09356,0.037578,0.135254,0.064063,0.198481,0.076436,0.394591,0.000012,0.000012
ACAACGGTCCCTGCGA-1,0.000824,0.484807,0.054842,0.137602,0.085618,0.031836,0.002232,0.202203,0.000018,0.000018
ACAAGCAGTGCCTAGC-1,0.000016,0.195774,0.3693,0.060855,0.152372,0.12072,0.003754,0.096785,0.000016,0.000407
ACAAGCTATATGGAAG-1,0.007202,0.017681,0.347222,0.000039,0.011051,0.03218,0.026143,0.000709,0.411684,0.14609
ACAAGGAAATCCGCCC-1,0.033529,0.081196,0.211258,0.145552,0.096665,0.226498,0.02632,0.047093,0.025828,0.106061
ACAAGGACAAGAGGTT-1,0.040691,0.135274,0.195333,0.201846,0.046345,0.172074,0.025093,0.151098,0.015492,0.016754
ACAAGGATGCTTTAGG-1,0.00752,0.120198,0.217745,0.019713,0.028152,0.020993,0.051032,0.022291,0.226796,0.285562
ACAAGGGCAGGCTCTG-1,0.000009,0.010553,0.225854,0.129621,0.037736,0.327335,0.081386,0.074968,0.000009,0.112529
ACAATAGTCGTACGTT-1,0.523282,0.268606,0.015476,0.049883,0.000036,0.000036,0.019634,0.000036,0.002566,0.120445
ACAATCCATTTAAACC-1,0.0422,0.112576,0.253174,0.149746,0.153807,0.109519,0.004354,0.031459,0.097223,0.045943
ACAATGAATACGGAGA-1,0.972695,0.000018,0.000018,0.008516,0.000018,0.000018,0.000018,0.000018,0.001431,0.017248
ACAATTGTGTCTCTTT-1,0.000009,0.090245,0.044384,0.080509,0.071329,0.113121,0.210407,0.176784,0.052077,0.161136
ACAATTTAGGAGGCTC-1,0.019207,0.03884,0.676478,0.034941,0.009419,0.014882,0.054015,0.044137,0.000914,0.107168
ACAATTTGAGCAGTGG-1,0.000009,0.160621,0.008724,0.003368,0.220653,0.052265,0.232813,0.285308,0.013624,0.022615
ACAATTTGGCCATATT-1,0.002327,0.012462,0.009303,0.010233,0.564514,0.256438,0.001847,0.005055,0.010877,0.126944
ACACAAAGACGGGTGG-1,0.005018,0.268456,0.032809,0.223183,0.183761,0.07285,0.015719,0.197674,0.000018,0.000514
ACACACCAGGACCAGT-1,0.035173,0.219156,0.014504,0.091795,0.122869,0.025218,0.225828,0.032955,0.045439,0.187064
ACACACTTTCTACACG-1,0.000013,0.006656,0.00967,0.009432,0.747848,0.200045,0.000013,0.025555,0.000013,0.000754
ACACATGATCAAATCT-1,0.357629,0.000021,0.061479,0.048938,0.000021,0.053069,0.063168,0.025563,0.385504,0.004608
ACACATTGACGCAACA-1,0.00003,0.139919,0.102322,0.047535,0.50788,0.186807,0.00003,0.015418,0.00003,0.00003
ACACCACATAATTAGC-1,0.139772,0.858948,0.000047,0.000047,0.000948,0.000047,0.000047,0.000047,0.000047,0.000047
ACACCCAGCATGCAGC-1,0.002251,0.292602,0.000816,0.059886,0.270611,0.115562,0.065712,0.109043,0.082274,0.001244
ACACCCGAGAAATCCG-1,0.063391,0.119075,0.000669,0.012156,0.107543,0.00871,0.254805,0.433091,0.000012,0.000549
ACACCGAGCGCTCTTT-1,0.000026,0.047096,0.467957,0.000026,0.098663,0.035249,0.006138,0.275821,0.000026,0.068998
ACACCGGTCTGACCGC-1,0.134495,0.002636,0.135512,0.000028,0.000028,0.000028,0.000028,0.000028,0.636431,0.090787
ACACCTTAAGTAGGGC-1,0.001702,0.0783,0.008655,0.134423,0.132068,0.175971,0.138765,0.319081,0.002386,0.008649
ACACCTTACTACTTGC-1,0.000006,0.006313,0.000006,0.000006,0.45059,0.007901,0.116946,0.038067,0.000386,0.379779
ACACGAGACTCCTTCT-1,0.004651,0.03391,0.217049,0.280113,0.016411,0.119452,0.010454,0.166712,0.150544,0.000704
ACACGGGAACTTAGGG-1,0.000014,0.190671,0.014588,0.024618,0.0976,0.008259,0.184166,0.478871,0.001058,0.000155
ACACGTAGGCCACAAG-1,0.005152,0.08631,0.07121,0.00001,0.015711,0.001594,0.386385,0.117873,0.01414,0.301615
ACACTCCAATGTCACT-1,0.000014,0.052627,0.032847,0.010461,0.115592,0.010408,0.134404,0.636769,0.000014,0.006866
ACACTGATCAAGGTGT-1,0.896238,0.068163,0.000022,0.016204,0.000972,0.000022,0.000022,0.000022,0.01527,0.003064
ACACTGGGACAGTCGT-1,0.000011,0.015239,0.251377,0.000011,0.051784,0.034813,0.037152,0.373577,0.000012,0.236023
ACAGAACTGAGAACAA-1,0.765317,0.000025,0.000025,0.000025,0.000025,0.000025,0.000025,0.000025,0.234483,0.000025
ACAGATTAGGTTAGTG-1,0.110549,0.307154,0.000057,0.059074,0.240641,0.114197,0.000057,0.168156,0.000057,0.000057
ACAGCATAGAGCCAGT-1,0.000053,0.987822,0.000053,0.000053,0.011756,0.000053,0.000053,0.000053,0.000053,0.000053
ACAGCGACATTCTCAT-1,0.013114,0.096732,0.031787,0.111593,0.06183,0.043396,0.323934,0.076425,0.13732,0.103868
ACAGGCACGGATCCTT-1,0.013188,0.306318,0.196506,0.106269,0.073841,0.031267,0.049715,0.126595,0.08186,0.014441
ACAGGCTTGCCCGACT-1,0.005671,0.316783,0.155431,0.066542,0.032133,0.007581,0.08236,0.010836,0.019342,0.303322
ACAGGTGGAGGTGAGG-1,0.597466,0.000817,0.169923,0.114012,0.000024,0.026452,0.052664,0.01095,0.000768,0.026925
ACAGGTGTGTTGTTGC-1,0.063947,0.211679,0.000053,0.000053,0.000053,0.000053,0.000053,0.000053,0.724006,0.000053
ACAGTAATACAACTTG-1,0.782795,0.005571,0.020383,0.039696,0.057212,0.01554,0.012199,0.014411,0.04674,0.005452
ACATAAGTCGTGGTGA-1,0.536126,0.000023,0.075884,0.001511,0.000023,0.007472,0.000869,0.000023,0.375465,0.002604
ACATAATAAGGCGGTG-1,0.040272,0.190688,0.000023,0.114373,0.432337,0.038172,0.017916,0.166171,0.000023,0.000023
ACATCAGCTGGGACGC-1,0.037698,0.000017,0.139368,0.11904,0.000023,0.196975,0.031806,0.021667,0.304054,0.149351
ACATCCCGGCCATACG-1,0.82424,0.141732,0.000017,0.006275,0.013489,0.000017,0.000017,0.000017,0.000017,0.014181
ACATCCTGGTAACTGT-1,0.000013,0.254188,0.000491,0.000013,0.229271,0.001546,0.239067,0.042382,0.065876,0.167152
ACATCGATCGTTTACC-1,0.023554,0.016781,0.272746,0.160902,0.06437,0.30119,0.041076,0.050212,0.018043,0.051128
ACATCGGTCAGCCGCG-1,0.416272,0.569809,0.000034,0.000034,0.001656,0.000034,0.000034,0.000034,0.012062,0.000034
ACATCGTATGCAATGG-1,0.000009,0.120674,0.170802,0.109496,0.071217,0.067134,0.101971,0.121134,0.000009,0.237554
ACATGGCGCCAAAGTA-1,0.000014,0.226301,0.05394,0.001631,0.197328,0.000868,0.184325,0.117825,0.000014,0.217754
ACATGGCTCAATTTAG-1,0.000027,0.323338,0.000027,0.012037,0.519026,0.071273,0.008067,0.06615,0.000027,0.000027
ACATTAGTTTATATCC-1,0.280448,0.15104,0.032361,0.13265,0.073299,0.027003,0.006871,0.007485,0.015091,0.273751
ACATTCGCGCGGAATA-1,0.003193,0.007356,0.286367,0.104689,0.033105,0.157142,0.029205,0.010849,0.232467,0.135626
ACCAACCGCACTCCAC-1,0.033728,0.473795,0.025769,0.00685,0.011059,0.001764,0.014278,0.003502,0.225252,0.204003
ACCAACGCTTATTTAT-1,0.834674,0.000039,0.003077,0.006379,0.001897,0.019954,0.000018,0.000018,0.07272,0.061225
ACCAAGAACGCGTGTC-1,0.000017,0.173209,0.018657,0.008308,0.424476,0.047493,0.049442,0.256159,0.000123,0.022116
ACCAATATGCAAGTTA-1,0.020032,0.537241,0.182655,0.067197,0.004685,0.006015,0.005229,0.002595,0.133073,0.041279
ACCACAAGTTTCTATC-1,0.026141,0.099013,0.006337,0.405159,0.18391,0.026857,0.088594,0.120867,0.024998,0.018125
ACCACCAATGTAACAA-1,0.000008,0.003475,0.001745,0.000296,0.263329,0.028221,0.143047,0.205959,0.000008,0.353912
ACCACGTGCAGCTATA-1,0.002587,0.003537,0.148375,0.052494,0.028894,0.346374,0.17633,0.090655,0.026922,0.123834
ACCACTGTTCAAGAAG-1,0.000023,0.01281,0.225422,0.002473,0.307267,0.342906,0.000023,0.106495,0.000023,0.002557
ACCAGACCATAACAAC-1,0.047192,0.000029,0.222667,0.000029,0.000029,0.111367,0.000029,0.000029,0.596313,0.022316
ACCAGTGCGGGAGACG-1,0.026071,0.227854,0.136655,0.108781,0.05343,0.064852,0.202167,0.152127,0.008016,0.020046
ACCATATCCGCAATAA-1,0.01604,0.365764,0.260674,0.192957,0.036249,0.067762,0.004792,0.014708,0.035514,0.005541
ACCATCCGCCAACTAG-1,0.877485,0.033617,0.00002,0.011461,0.009107,0.000372,0.013196,0.00002,0.045933,0.008788
ACCATCGTATATGGTA-1,0.618063,0.163542,0.017728,0.105254,0.049635,0.024038,0.000724,0.010795,0.010196,0.000025
ACCATTAAGGGTGTCA-1,0.00004,0.447797,0.206724,0.00004,0.187771,0.008131,0.00004,0.149377,0.00004,0.00004
ACCCAACGCCCGTGGC-1,0.000011,0.432427,0.072013,0.005141,0.104086,0.002367,0.141535,0.143043,0.008396,0.090981
ACCCACCTACATGCTC-1,0.052476,0.5939,0.074824,0.05911,0.017969,0.000259,0.001743,0.029192,0.169352,0.001175
ACCCATCTTGAGGGTA-1,0.066767,0.220528,0.190283,0.210589,0.064918,0.182518,0.002883,0.015706,0.003168,0.042641
ACCCATTTGTCCCTCT-1,0.002768,0.039994,0.183414,0.038528,0.017717,0.027692,0.082422,0.034727,0.01076,0.561979
ACCCGAGCGAAATTAC-1,0.630528,0.054307,0.000047,0.000047,0.000047,0.000047,0.000047,0.000047,0.314838,0.000047
ACCCGATTGGTTCCGA-1,0.646269,0.026719,0.010981,0.039469,0.004244,0.002217,0.05217,0.006228,0.153976,0.057727
ACCCGGAAACTCCCAG-1,0.211165,0.255932,0.000015,0.006669,0.045876,0.044492,0.030526,0.002043,0.310378,0.092904
ACCCGGAGCACCACAA-1,0.000074,0.089413,0.031084,0.009509,0.318286,0.144621,0.025537,0.105604,0.121272,0.154601
ACCCGGATGACGCATC-1,0.000007,0.020769,0.008042,0.002342,0.204937,0.032234,0.371802,0.316442,0.000007,0.043419
ACCCGGTTACACTTCC-1,0.096575,0.007627,0.056978,0.141243,0.021912,0.337531,0.045169,0.012063,0.130232,0.150669
ACCCGTGTCATCAGTA-1,0.648873,0.030115,0.000015,0.099626,0.006089,0.017775,0.017083,0.000075,0.07909,0.101259
ACCCTATAGGACTGAG-1,0.000026,0.364632,0.126652,0.0012,0.431313,0.005833,0.005746,0.064548,0.000026,0.000026
ACCCTATGCCATATCG-1,0.750041,0.000027,0.000027,0.142131,0.000027,0.000027,0.016514,0.013161,0.005019,0.073027
ACCCTCCCGTCAGGGC-1,0.005766,0.023403,0.111304,0.015791,0.056117,0.143188,0.26351,0.105158,0.174389,0.101374
ACCCTCCCTTGCTATT-1,0.009494,0.44355,0.074022,0.033937,0.052947,0.00715,0.022326,0.004175,0.056821,0.295577
ACCCTTCATCTGCGAA-1,0.000019,0.356751,0.001669,0.00707,0.572808,0.055189,0.000019,0.002179,0.000019,0.004275
ACCGAAAGGGCCCTGC-1,0.016633,0.847257,0.00003,0.00003,0.078097,0.007053,0.00003,0.00003,0.05081,0.00003
ACCGAAGAGTCTGGTT-1,0.972969,0.000029,0.000029,0.000029,0.000029,0.000029,0.000029,0.000029,0.026797,0.000029
ACCGACACATCTCCCA-1,0.118637,0.000008,0.000327,0.102238,0.02381,0.240161,0.085063,0.023954,0.305135,0.100668
ACCGACTGAGTCCCAC-1,0.009294,0.392129,0.014114,0.073683,0.222496,0.035615,0.023816,0.226867,0.001964,0.000022
ACCGAGTCTCCTTATT-1,0.033695,0.175175,0.173676,0.07446,0.131326,0.042491,0.063694,0.103927,0.127096,0.07446
ACCGATAGGCATAACC-1,0.000008,0.001483,0.104652,0.000008,0.099069,0.155957,0.026041,0.141821,0.078004,0.392958
ACCGATATTTAATCAT-1,0.00001,0.000997,0.017672,0.001793,0.195964,0.163008,0.041105,0.116033,0.00061,0.462807
ACCGATGGTAGCATCG-1,0.004903,0.271671,0.022136,0.027411,0.274402,0.024799,0.089889,0.147335,0.111809,0.025645
ACCGCAATAACTGCCT-1,0.001049,0.022414,0.178138,0.061117,0.059717,0.371519,0.034811,0.033475,0.060322,0.177438
ACCGCGGTGGAAGTCG-1,0.000848,0.007999,0.009769,0.004846,0.226141,0.067291,0.259363,0.224458,0.003775,0.195509
ACCGCTAGTCATTGGT-1,0.222762,0.163091,0.015495,0.233124,0.168367,0.074017,0.044532,0.069667,0.001165,0.007781
ACCGGGCCTTTGTTGA-1,0.000567,0.616359,0.035754,0.013553,0.03007,0.002244,0.069353,0.051156,0.076932,0.104013
ACCGGTCAGGTACACC-1,0.694952,0.047729,0.00002,0.00002,0.00002,0.00002,0.00002,0.00002,0.257183,0.00002
ACCGTCCACTGGGCCC-1,0.002111,0.000021,0.483293,0.006667,0.000021,0.052286,0.003714,0.005273,0.380818,0.065795
ACCGTGACCACGTGGG-1,0.874817,0.000022,0.000022,0.00006,0.000022,0.003784,0.000022,0.000022,0.121209,0.000022
ACCTAAGTACCTTTCA-1,0.928057,0.067124,0.00003,0.00003,0.004608,0.00003,0.00003,0.00003,0.00003,0.00003
ACCTAATCGACTTCCT-1,0.000123,0.000044,0.175912,0.051713,0.056537,0.524728,0.019029,0.042421,0.054401,0.075092
ACCTACAGTATGTGGT-1,0.000016,0.168148,0.000016,0.002139,0.55336,0.010385,0.036847,0.016211,0.000016,0.212861
ACCTACTATAAATCTA-1,0.787506,0.167307,0.00002,0.002158,0.010049,0.00002,0.00002,0.00002,0.032879,0.00002
ACCTCCGCCCTCGCTG-1,0.0001,0.032532,0.03055,0.004399,0.088095,0.024871,0.221277,0.176575,0.030558,0.391043
ACCTCCGTTATTCACC-1,0.022664,0.67618,0.000025,0.000025,0.125958,0.000025,0.000025,0.000025,0.175051,0.000025
ACCTCGAACTTATGCT-1,0.214857,0.000016,0.141919,0.002634,0.000016,0.00903,0.001476,0.000104,0.385281,0.244667
ACCTGCGTGTCATGTT-1,0.848306,0.111114,0.000025,0.000025,0.000025,0.000025,0.000025,0.000025,0.040403,0.000025
ACGAAATGGGCGGCAC-1,0.001401,0.070519,0.294971,0.169152,0.110529,0.23092,0.025451,0.039666,0.000014,0.057376
ACGACCCATGAGTTGC-1,0.002526,0.01847,0.035498,0.004795,0.242042,0.244747,0.067492,0.196381,0.119797,0.068253
ACGACTGGTCATACTC-1,0.692908,0.045784,0.001894,0.000036,0.000036,0.000036,0.000036,0.000036,0.202723,0.056511
ACGAGAACCCATCACG-1,0.001752,0.604545,0.000017,0.000242,0.382797,0.005911,0.002036,0.000017,0.002664,0.000017
ACGAGGATACCACTCT-1,0.823383,0.031556,0.00003,0.00003,0.004191,0.00003,0.00003,0.00003,0.111506,0.029214
ACGAGGTTTACAACGT-1,0.708752,0.001175,0.000021,0.000021,0.000021,0.000021,0.000021,0.000021,0.289923,0.000021
ACGAGTACGGATGCCC-1,0.000018,0.28072,0.00326,0.00084,0.654623,0.00385,0.004672,0.002865,0.001102,0.048049
ACGAGTCGCCGGCGTT-1,0.015917,0.297147,0.000074,0.044595,0.525493,0.033468,0.006834,0.076324,0.000074,0.000074
ACGATACATAGAACTA-1,0.022552,0.023932,0.002436,0.016517,0.455525,0.108357,0.038994,0.326742,0.000013,0.004932
ACGATACCTATCCTGA-1,0.009794,0.008803,0.296779,0.000035,0.000687,0.014794,0.007544,0.023346,0.636531,0.001685
ACGATCATACATAGAG-1,0.000013,0.055748,0.001104,0.009363,0.070303,0.054809,0.259939,0.548694,0.000013,0.000013
ACGATCATCTTGTAAA-1,0.000016,0.237543,0.001739,0.000016,0.339534,0.000735,0.190617,0.03702,0.001897,0.190884
ACGATGCATATGTTAT-1,0.077611,0.006993,0.092375,0.44194,0.044646,0.207739,0.024693,0.081255,0.003213,0.019535
ACGATGGATCCGATGC-1,0.062229,0.284069,0.00005,0.046346,0.547522,0.014336,0.00005,0.0453,0.00005,0.00005
ACGCAAACTAATAGAT-1,0.996678,0.000018,0.000018,0.000018,0.000018,0.000018,0.000018,0.000018,0.003177,0.000018
ACGCAATCACTACAGC-1,0.000045,0.990633,0.000045,0.000045,0.009003,0.000045,0.000045,0.000045,0.000045,0.000045
ACGCATACGTTTACTA-1,0.001325,0.209752,0.061903,0.017553,0.023325,0.010296,0.200575,0.044253,0.03664,0.394377
ACGCATTCGTGAGTAC-1,0.000043,0.165532,0.416761,0.105479,0.010038,0.023766,0.003964,0.274332,0.000043,0.000043
ACGCCAGATGATTTCT-1,0.00001,0.066339,0.002797,0.010196,0.580559,0.275695,0.004811,0.055762,0.002079,0.001752
ACGCCGCTAGACGACC-1,0.020131,0.00057,0.19948,0.079123,0.021006,0.387198,0.092137,0.143215,0.006051,0.05109
ACGCGAAGTCAGACGA-1,0.194015,0.0001,0.042361,0.152454,0.011393,0.220519,0.016038,0.003257,0.136084,0.223779
ACGCGCTACACAGGGT-1,0.336534,0.413435,0.074817,0.049755,0.025758,0.022782,0.000033,0.000163,0.000033,0.076688
ACGCGGGCCAAGGACA-1,0.006493,0.016261,0.02973,0.043972,0.016838,0.323795,0.165637,0.288864,0.104161,0.004249
ACGCGTTTCTTAAGAG-1,0.083394,0.35514,0.550329,0.010783,0.000059,0.000059,0.000059,0.000059,0.000059,0.000059
ACGCTAGTGATACACT-1,0.000018,0.377928,0.000305,0.000018,0.465687,0.000018,0.000043,0.000035,0.052349,0.103599
ACGCTGTGAGGCGTAG-1,0.164126,0.156103,0.061128,0.098048,0.028335,0.045361,0.103588,0.020124,0.248231,0.074956
