Barcode,Topic 1,Topic 2to3,Topic 4to12
AAACAAGTATCTCCCA-1,0.000052,0.017304,0.982644
AAACAATCTACTAGCA-1,0.058672,0.00013,0.941199
AAACACCAATAACTGC-1,0.060837,0.054847,0.884317
AAACAGAGCGACTCCT-1,0.000034,0.233434,0.766532
AAACAGCTTTCAGAAG-1,0.006076,0.319255,0.674669
AAACAGGGTCTATATT-1,0.000016,0.220333,0.779651
AAACAGTGTTCCTGGG-1,0.83698,0.162746,0.000274
AAACATGGTGAGAGGA-1,0.000006,0.605099,0.394895
AAACATTTCCCGGATT-1,0.000046,0.032382,0.967572
AAACCACTACACAGAT-1,0.054243,0.08966,0.856097
AAACCCGAACGAAATC-1,0.022699,0.01412,0.963181
AAACCGGAAATGTTAA-1,0.000022,0.35511,0.644868
AAACCGGGTAGGTACC-1,0.146065,0.002695,0.851241
AAACCGTTCGTCCAGG-1,0.417876,0.00008,0.582045
AAACCTAAGCAGCCGG-1,0.000032,0.04086,0.959109
AAACCTCATGAAGTTG-1,0.00002,0.076959,0.92302
AAACGAAGAACATACC-1,0.000085,0.088329,0.911586
AAACGAAGATGGAGTA-1,0.00306,0.718037,0.278903
AAACGACAGTCTTGCC-1,0.000031,0.03265,0.967319
AAACGAGACGGTTGAT-1,0.000021,0.030282,0.969697
AAACGCCCGAGATCGG-1,0.145259,0.145022,0.709719
AAACGCTGGGCACGAC-1,0.003964,0.53649,0.459546
AAACGGGCGTACGGGT-1,0.000018,0.053932,0.94605
AAACGGTTGCGAACTG-1,0.000046,0.181695,0.818259
AAACGTGTTCGCCCTA-1,0.192351,0.34865,0.458999
AAACTAACGTGGCGAC-1,0.264499,0.136219,0.599282
AAACTCGGTTCGCAAT-1,0.006274,0.171048,0.822678
AAACTCGTGATATAAG-1,0.090196,0.000093,0.909711
AAACTGCTGGCTCCAA-1,0.000035,0.00007,0.999896
AAACTTAATTGCACGC-1,0.081449,0.535024,0.383527
AAACTTGCAAACGTAT-1,0.000036,0.062161,0.937802
AAAGAATGACCTTAGA-1,0.048356,0.631895,0.319749
AAAGAATGTGGACTAA-1,0.163924,0.384058,0.452018
AAAGACATGAAGTTTA-1,0.021524,0.293707,0.684769
AAAGACCCAAGTCGCG-1,0.116692,0.066164,0.817144
AAAGACTGGGCGCTTT-1,0.001831,0.194039,0.80413
AAAGCTTGCCTACATA-1,0.102223,0.177473,0.720304
AAAGGCCCTATAATAC-1,0.092176,0.215156,0.692668
AAAGGCTACGGACCAT-1,0.078282,0.020823,0.900895
AAAGGCTCTCGCGCCG-1,0.056688,0.000067,0.943245
AAAGGGATGTAGCAAG-1,0.000038,0.000076,0.999886
AAAGGGCAGCTTGAAT-1,0.00004,0.006142,0.993819
AAAGGTAAGCTGTACC-1,0.000133,0.072329,0.927538
AAAGGTCAACGACATG-1,0.137999,0.238329,0.623672
AAAGTAGCATTGCTCA-1,0.016956,0.088625,0.894419
AAAGTCACTGATGTAA-1,0.013917,0.063913,0.92217
AAAGTCGACCCTCAGT-1,0.066253,0.005405,0.928342
AAAGTGCCATCAATTA-1,0.190027,0.370184,0.439788
AAAGTGTGATTTATCT-1,0.006029,0.032522,0.96145
AAAGTTGACTCCCGTA-1,0.00007,0.035447,0.964483
AAATAACCATACGGGA-1,0.117076,0.191537,0.691387
AAATAAGGTAGTGCCC-1,0.005312,0.051646,0.943042
AAATACCTATAAGCAT-1,0.022512,0.012445,0.965043
AAATAGCTTAGACTTT-1,0.000068,0.000136,0.999797
AAATAGGGTGCTATTG-1,0.000052,0.000104,0.999843
AAATCACTCCTAAACG-1,0.00705,0.442257,0.550693
AAATCCGATACACGCC-1,0.000028,0.068111,0.931861
AAATCGCGGAAGGAGT-1,0.030633,0.447355,0.522012
AAATCGTGTACCACAA-1,0.000023,0.000046,0.999931
AAATCTAGCCCTGCTA-1,0.000054,0.000108,0.999838
AAATCTGCCCGCGTCC-1,0.030497,0.81923,0.150273
AAATGACTGATCAAAC-1,0.037743,0.648723,0.313534
AAATGATTCGATCAGC-1,0.233822,0.079767,0.686411
AAATGCTCGTTACGTT-1,0.000034,0.052253,0.947713
AAATGGCATGTCTTGT-1,0.094314,0.009348,0.896339
AAATGGCCCGTGCCCT-1,0.000014,0.201489,0.798498
AAATGGTCAATGTGCC-1,0.000028,0.015491,0.984481
AAATGTATCTTATCCC-1,0.00002,0.052732,0.947248
AAATGTGGGTGCTCCT-1,0.000031,0.06618,0.933789
AAATTAACGGGTAGCT-1,0.034216,0.000122,0.965662
AAATTAATAAGCGCGA-1,0.00001,0.32512,0.674869
AAATTACACGACTCTG-1,0.023093,0.069346,0.907561
AAATTACCTATCGATG-1,0.020096,0.033843,0.946061
AAATTCCAGGTCCAAA-1,0.171965,0.000146,0.827889
AAATTGATAGTCCTTT-1,0.072199,0.078697,0.849104
AAATTGGTGAGAAGCA-1,0.000029,0.472791,0.52718
AAATTTACCGAAATCC-1,0.000037,0.324149,0.675815
AAATTTGCGGGTGTGG-1,0.046727,0.018257,0.935016
AACAACTGGTAGTTGC-1,0.012028,0.000093,0.987879
AACAATACATTGTCGA-1,0.330632,0.005131,0.664237
AACAATTACTCTACGC-1,0.010026,0.068587,0.921386
AACACACGCTCGCCGC-1,0.000052,0.000104,0.999844
AACACGACTGTACTGA-1,0.000061,0.000122,0.999818
AACACGAGACGCGGCC-1,0.000903,0.000756,0.998341
AACACGCGGCCGCGAA-1,0.012569,0.052082,0.935348
AACAGCTGTGTGGCAA-1,0.240288,0.003157,0.756555
AACAGGAAATCGAATA-1,0.000048,0.000097,0.999855
AACAGGATGGGCCGCG-1,0.083361,0.000053,0.916586
AACAGGTAGTATGGAT-1,0.387265,0.356231,0.256504
AACATAGCGTGTATCG-1,0.038083,0.634059,0.327858
AACATATCAACTGGTG-1,0.003734,0.035439,0.960827
AACATCGATACGTCTA-1,0.018932,0.000223,0.980844
AACATTGAAGTTGATC-1,0.574002,0.006591,0.419408
AACATTGTGACTCGAG-1,0.121794,0.078397,0.799809
AACCAAGACTTCTCTG-1,0.02985,0.061764,0.908386
AACCAGTATCACTCTT-1,0.000023,0.361288,0.638689
AACCATAGGGTTGAAC-1,0.044984,0.447442,0.507574
AACCATGGGATCGCTA-1,0.000057,0.082208,0.917735
AACCCAGAGACGGAGA-1,0.005738,0.18376,0.810502
AACCCATCCCATGATC-1,0.161961,0.178452,0.659587
AACCCGACAACCCGTG-1,0.878003,0.010697,0.1113
AACCCGAGCAGAATCG-1,0.195946,0.263309,0.540744
AACCCGATAGGGCTTC-1,0.000012,0.374764,0.625224
AACCCGCTGTATTCCA-1,0.277728,0.454783,0.267489
AACCCTACTGTCAATA-1,0.00005,0.0001,0.999851
AACCCTGGTGGAACCA-1,0.027574,0.131196,0.841231
AACCGAGCTTGGTCAT-1,0.078097,0.000097,0.921806
AACCGCTAAGGGATGC-1,0.000052,0.000105,0.999843
AACCGTTGTGTTTGCT-1,0.015519,0.051241,0.93324
AACCTAAAGCCGTCCG-1,0.285155,0.000088,0.714757
AACCTCGCTTTAGCCC-1,0.002696,0.068065,0.929239
AACCTGTCACGGAATT-1,0.047613,0.000205,0.952182
AACCTTTAAATACGGT-1,0.000036,0.026818,0.973146
AACCTTTACGACGTCT-1,0.000041,0.000081,0.999878
AACGAAAGTCGTCCCA-1,0.007022,0.49945,0.493528
AACGACCTCCTAGCCG-1,0.028155,0.735263,0.236581
AACGATAATGCCGTAG-1,0.000037,0.037706,0.962257
AACGATAGAAGGGCCG-1,0.005406,0.010065,0.984528
AACGATATGTCAACTG-1,0.000034,0.028038,0.971928
AACGCATGATCTGGGT-1,0.071047,0.000153,0.928799
AACGCGAACGGCAACA-1,0.040905,0.000166,0.958929
AACGCGACCTTGGGCG-1,0.217352,0.162195,0.620453
AACGCGGTCTCCAGCC-1,0.003144,0.082591,0.914265
AACGCTGTTGCTGAAA-1,0.00004,0.065834,0.934126
AACGGACGTACGTATA-1,0.000053,0.000107,0.99984
AACGGCCATCTCCGGT-1,0.063113,0.000083,0.936804
AACGTACTGTGGGTAC-1,0.09369,0.058566,0.847745
AACGTCAGACTAGTGG-1,0.000041,0.000082,0.999877
AACGTCATCCGGCTTG-1,0.168067,0.22243,0.609503
AACGTCGCTGCACTTC-1,0.215342,0.661907,0.12275
AACGTGATGAAGGACA-1,0.000043,0.118201,0.881756
AACGTGCGAAAGTCTC-1,0.000027,0.038773,0.9612
AACGTTATCAGCACCT-1,0.000033,0.000067,0.9999
AACGTTCTACCATTGT-1,0.042844,0.333339,0.623817
AACTACCCGTTTGTCA-1,0.323164,0.32009,0.356746
AACTAGCGTATCGCAC-1,0.010297,0.011221,0.978483
AACTAGGCTTGGGTGT-1,0.061657,0.02548,0.912863
AACTCAAGTTAATTGC-1,0.000194,0.015098,0.984709
AACTCCAGAGCGTGTT-1,0.000046,0.00088,0.999073
AACTCCTAATCCCATG-1,0.046777,0.10115,0.852073
AACTCGATGGCGCAGT-1,0.162322,0.036263,0.801415
AACTCTCAATAGAGCG-1,0.025574,0.019874,0.954553
AACTCTCAGTGTGCTC-1,0.340276,0.008189,0.651535
AACTGAGGTCAGCGTC-1,0.000197,0.184952,0.814851
AACTGAGTTATACTGA-1,0.022601,0.230768,0.746631
AACTGATATTAGGCCT-1,0.00006,0.00012,0.999821
AACTGGGTCCCGACGT-1,0.045887,0.000067,0.954046
AACTGGGTTCGAGCCG-1,0.000073,0.000146,0.999781
AACTGGTGTGGGCCTT-1,0.00002,0.044101,0.955879
AACTTCTGCGTCTATC-1,0.000045,0.00009,0.999864
AACTTGCCCGTATGCA-1,0.009998,0.016273,0.973729
AACTTGCGTTCTCGCG-1,0.00002,0.174051,0.825929
AACTTTACGGGAGCTT-1,0.154463,0.02866,0.816877
AACTTTAGCTGCTGAG-1,0.008259,0.033459,0.958282
AACTTTCTCGATCATG-1,0.000026,0.580324,0.41965
AAGAAAGTTTGATGGG-1,0.114336,0.632896,0.252768
AAGAAATCACCAGATT-1,0.000039,0.338809,0.661152
AAGAAGGATCAGTTAG-1,0.000023,0.047145,0.952832
AAGACATACGTGGTTT-1,0.104386,0.176956,0.718659
AAGACCAAATAACTCA-1,0.025608,0.786204,0.188188
AAGACCCAACTGAACA-1,0.20587,0.056534,0.737596
AAGACTCACGCCCACT-1,0.064751,0.071891,0.863358
AAGACTGCAAGCTACT-1,0.000044,0.000088,0.999868
AAGAGATGAATCGGTA-1,0.034791,0.046398,0.918811
AAGAGCTCTTTATCGG-1,0.014241,0.020147,0.965612
AAGAGGATGTACGCGA-1,0.027974,0.016695,0.95533
AAGAGGCATGGATCGC-1,0.009638,0.024629,0.965733
AAGAGGCCCTTTGGAA-1,0.014607,0.088908,0.896485
AAGATGGCACCGGACC-1,0.363961,0.000109,0.63593
AAGATTGGCGGAACGT-1,0.000038,0.000075,0.999887
AAGCACCCTGCGTATC-1,0.032086,0.06422,0.903694
AAGCATACTCTCCTGA-1,0.011858,0.142008,0.846134
AAGCCACTTGCAGGTA-1,0.632827,0.286499,0.080674
AAGCCGAAGCGGTTTA-1,0.000088,0.000176,0.999736
AAGCCGCCGTGAAATC-1,0.124036,0.14528,0.730684
AAGCCGCTTTACCTTG-1,0.007495,0.671396,0.321109
AAGCCGGAGAGCAGGA-1,0.000025,0.529384,0.470591
AAGCGCAGGGCTTTGA-1,0.017235,0.092681,0.890084
AAGCGGAGTGCGCGCA-1,0.000035,0.127393,0.872572
AAGCGGCGTCATGGGT-1,0.000063,0.147377,0.85256
AAGCGTCCCTCATCGA-1,0.277132,0.059998,0.662871
AAGCTAGATCGAGTAA-1,0.00005,0.0001,0.999849
AAGCTATGGATTGACC-1,0.019889,0.49548,0.484631
AAGCTCGTGCCAAGTC-1,0.00003,0.0382,0.961769
AAGCTCTTTCATGGTG-1,0.013991,0.111551,0.874458
AAGGAGAACTTATAAG-1,0.000016,0.030247,0.969737
AAGGAGCGGTTGGTGC-1,0.042642,0.07144,0.885918
AAGGATCGATCGCTTG-1,0.000098,0.000195,0.999707
AAGGATGAGGGACCTC-1,0.074149,0.022462,0.903389
AAGGCAGGCTGTCTCC-1,0.010641,0.039872,0.949487
AAGGCGCGTAAAGCTT-1,0.011317,0.00008,0.988603
AAGGCTGTGCTCATCG-1,0.000047,0.000094,0.999859
AAGGGAACGACTGGCT-1,0.044399,0.343249,0.612351
AAGGGACAGATTCTGT-1,0.000079,0.000157,0.999764
AAGGGACTATGCATTC-1,0.035221,0.15562,0.809159
AAGGGTTAGCCATGCG-1,0.00002,0.458668,0.541312
AAGGGTTTGATTTCAG-1,0.000008,0.674139,0.325853
AAGGTATCCTAATATA-1,0.000021,0.073335,0.926644
AAGGTGATAAACCAGC-1,0.000052,0.000104,0.999844
AAGTAGAAGACCGGGT-1,0.000033,0.075748,0.92422
AAGTAGTGACGCGAGG-1,0.00003,0.00058,0.99939
AAGTCAATTGTCGTCA-1,0.000026,0.000053,0.999921
AAGTCTAGTAGCTGCC-1,0.012341,0.597462,0.390197
AAGTCTTCTGTGGCCT-1,0.000014,0.443409,0.556577
AAGTGACGACCGAATT-1,0.000018,0.071855,0.928127
AAGTGAGTCGGGTTTA-1,0.228907,0.028645,0.742449
AAGTGCAAAGGTAGAC-1,0.00005,0.000101,0.999849
AAGTGCCTTGACTGTA-1,0.000042,0.000084,0.999873
AAGTGCGTTAGAATCT-1,0.080639,0.029542,0.889819
AAGTGCTTCTCTATTG-1,0.56875,0.390299,0.040951
AAGTGTTTGGAGACGG-1,0.000033,0.000066,0.999901
AAGTTCACTCCAAGCT-1,0.021976,0.051713,0.926311
AAGTTCAGTCTGCGTA-1,0.035592,0.000165,0.964243
AAGTTCGGCCAACAGG-1,0.259688,0.000048,0.740264
AAGTTGTGATGTTATA-1,0.014391,0.034691,0.950918
AAGTTTACTAATGGCA-1,0.000071,0.011057,0.988872
AAGTTTATGGGCCCAA-1,0.047347,0.102105,0.850548
AATAACAACGCTCGGC-1,0.00003,0.069375,0.930594
AATAACACTAGAACAA-1,0.167424,0.000082,0.832494
AATAACGTCGCGCCCA-1,0.281166,0.090412,0.628422
AATAAGTCCTCGAGAC-1,0.023258,0.262746,0.713997
AATAATCTTCGTATCG-1,0.000099,0.129904,0.869997
AATACAATGTTTCAGG-1,0.196348,0.00021,0.803442
AATACCGGAGGGCTGT-1,0.999714,0.000052,0.000234
AATACCTGATGTGAAC-1,0.182479,0.340615,0.476905
AATAGAACAGAGTGGC-1,0.195016,0.012435,0.792549
AATAGAATCTGTTTCA-1,0.063471,0.006501,0.930028
AATAGCAAGCCTCCTG-1,0.058693,0.136157,0.80515
AATAGCTACCGCGTGC-1,0.155542,0.043147,0.801311
AATAGGCACGACCCTT-1,0.657372,0.342133,0.000496
AATAGTCCGTCCCGAC-1,0.102077,0.141213,0.75671
AATAGTCGCGAGTCGG-1,0.041928,0.045375,0.912698
AATATCAAGGTCGGAT-1,0.039718,0.043118,0.917164
AATATCCTAGCAAACT-1,0.000214,0.597502,0.402284
AATATCGAATCAATGC-1,0.022629,0.000216,0.977154
AATATCGAGGGTTCTC-1,0.000063,0.021619,0.978318
AATATTGGAGTATTGA-1,0.008346,0.033342,0.958312
AATCAGGTTTCATTTA-1,0.535335,0.399445,0.06522
AATCATGTAAAGACTC-1,0.000029,0.010089,0.989881
AATCCAAGGGCCTGAG-1,0.000069,0.001655,0.998276
AATCCATGCAAGGGTG-1,0.000044,0.000089,0.999867
AATCCCGCTCAGAGCC-1,0.138887,0.219996,0.641117
AATCGAGGTCTCAAGG-1,0.000012,0.724687,0.2753
AATCGCCTCAGCGCCA-1,0.000026,0.017508,0.982466
AATCGCGCAGAGGACT-1,0.25856,0.182892,0.558548
AATCGGGACACTACGA-1,0.000083,0.118417,0.881501
AATCGGTATAGCCCTC-1,0.208008,0.599531,0.192461
AATCGTGAGCCGAGCA-1,0.000033,0.001096,0.998871
AATCTAGGTTTACTTG-1,0.144266,0.011793,0.843941
AATCTATGCCGGAGCC-1,0.000136,0.140321,0.859542
AATCTCTACTGTGGTT-1,0.01831,0.208815,0.772876
AATCTGCGTTGGGACG-1,0.000032,0.040152,0.959816
AATCTGGCTTTCTAGT-1,0.001183,0.263767,0.73505
AATCTGGGTAGACCCT-1,0.072191,0.154474,0.773335
AATGACAGCAATGTCT-1,0.001326,0.10857,0.890103
AATGACGTAGGATGTC-1,0.029914,0.000083,0.970003
AATGACTGTCAGCCGG-1,0.013987,0.019882,0.966131
AATGAGTTCGCATATG-1,0.051375,0.053625,0.894999
AATGATGATACGCTAT-1,0.000031,0.042188,0.957781
AATGATGCGACTCCTG-1,0.000033,0.093803,0.906164
AATGCAACCGGGTACC-1,0.163176,0.000056,0.836768
AATGCACCAAGCAATG-1,0.000035,0.007011,0.992954
AATGGCCGCCAATGCG-1,0.004438,0.367507,0.628055
AATGGTCCACCGTTCA-1,0.083796,0.132894,0.783309
AATGGTTCTCACAAGC-1,0.018014,0.000098,0.981889
AATGTATGGCACTGTA-1,0.024584,0.740741,0.234676
AATGTGCCCGAGGTGT-1,0.030345,0.099202,0.870454
AATGTGCTAATCTGAG-1,0.423362,0.111607,0.465031
AATGTTAAGACCCTGA-1,0.022103,0.585026,0.392871
AATGTTGTCGTGAGAC-1,0.264544,0.598831,0.136625
AATTAAAGGTCGGCGT-1,0.00002,0.033824,0.966156
AATTAACGGATTTCCA-1,0.022059,0.100484,0.877458
AATTACGAGACCCATC-1,0.042844,0.762513,0.194642
AATTAGCGCTGCAGCG-1,0.001232,0.034092,0.964676
AATTATACCCAGCAAG-1,0.013581,0.415206,0.571213
AATTCATAAGGGATCT-1,0.000042,0.067376,0.932582
AATTCATTGTCATGCA-1,0.005875,0.615949,0.378176
AATTCCAAGCATGTAC-1,0.186427,0.00818,0.805394
AATTCGATTCGAGGAT-1,0.000036,0.041548,0.958417
AATTCTAGAGTTAGGC-1,0.049273,0.001339,0.949388
AATTGAACGCTCTGGT-1,0.000023,0.000046,0.999931
AATTGCAGCAATCGAC-1,0.005409,0.164161,0.83043
AATTGCGTGGATTACA-1,0.131522,0.520593,0.347885
AATTGTGGTTGCCAAA-1,0.008402,0.401264,0.590334
AATTTGGGACATAGTA-1,0.000066,0.135547,0.864388
AATTTGGTTCCAAAGA-1,0.00004,0.1748,0.82516
ACAAACCATGCGTCCT-1,0.045969,0.431049,0.522982
ACAAACCGACAAGGCG-1,0.043316,0.100529,0.856154
ACAAACTCCATCAGAG-1,0.736484,0.263065,0.000452
ACAAAGAAGGTAGGCC-1,0.000005,0.459138,0.540857
ACAAAGCATGACCTAG-1,0.000042,0.000705,0.999253
ACAAATCGCACCGAAT-1,0.114814,0.000076,0.88511
ACAAATGGTAGTGTTT-1,0.000047,0.000093,0.99986
ACAAATTCAGATCTGA-1,0.094906,0.063508,0.841586
ACAACAGCATGAGCTA-1,0.056343,0.000077,0.94358
ACAACGGTCCCTGCGA-1,0.000051,0.000102,0.999847
ACAAGCAGTGCCTAGC-1,0.079089,0.041914,0.878997
ACAAGCTATATGGAAG-1,0.009894,0.319273,0.670833
ACAAGGAAATCCGCCC-1,0.000022,0.060246,0.939733
ACAAGGACAAGAGGTT-1,0.000046,0.052213,0.947741
ACAAGGATGCTTTAGG-1,0.000027,0.07459,0.925383
ACAAGGCCTACCAGCC-1,0.151374,0.118681,0.729945
ACAAGGGCAGGCTCTG-1,0.000025,0.00819,0.991786
ACAAGTAATTGTAAGG-1,0.526858,0.472656,0.000486
ACAATAGTCGTACGTT-1,0.000033,0.039653,0.960314
ACAATCCATTTAAACC-1,0.02957,0.062311,0.908119
ACAATCGATCTTTATA-1,0.000016,0.204514,0.79547
ACAATGAATACGGAGA-1,0.175938,0.000056,0.824006
ACAATGATTCTTCTAC-1,0.22214,0.081622,0.696237
ACAATTGTGTCTCTTT-1,0.000082,0.019681,0.980238
ACAATTTAGGAGGCTC-1,0.049815,0.106862,0.843323
ACAATTTGAGCAGTGG-1,0.000031,0.06491,0.935059
ACAATTTGGCCATATT-1,0.000065,0.114121,0.885814
ACACAAAGACGGGTGG-1,0.009404,0.060628,0.929969
ACACAAATATTCCTAG-1,0.000013,0.649567,0.35042
ACACACCAGGACCAGT-1,0.00004,0.028504,0.971457
ACACACTTTCTACACG-1,0.000075,0.033701,0.966224
ACACATGATCAAATCT-1,0.015096,0.251916,0.732987
ACACATTTCCGTAGAC-1,0.107919,0.27784,0.614241
ACACCACATAATTAGC-1,0.018986,0.000171,0.980843
ACACCCAGCATGCAGC-1,0.22251,0.020397,0.757093
ACACCCGAGAAATCCG-1,0.000027,0.040826,0.959147
ACACCCGTAAATCTGT-1,0.000009,0.399193,0.600798
ACACCGAGCGCTCTTT-1,0.022499,0.00016,0.97734
ACACCGGTCTGACCGC-1,0.037619,0.378723,0.583659
ACACCTTAAGTAGGGC-1,0.047389,0.01638,0.936231
ACACCTTACTACTTGC-1,0.086633,0.140684,0.772683
ACACGAGACTCCTTCT-1,0.12689,0.000059,0.873051
ACACGGCACTATGCAT-1,0.000044,0.107912,0.892044
ACACGGGAACTTAGGG-1,0.000041,0.128121,0.871838
ACACGTAGGCCACAAG-1,0.056205,0.117711,0.826083
ACACTCCAATGTCACT-1,0.000049,0.071691,0.92826
ACACTGATCAAGGTGT-1,0.2156,0.058816,0.725584
ACACTGGGACAGTCGT-1,0.065744,0.043597,0.890659
ACAGAACTGAGAACAA-1,0.000016,0.040815,0.959169
ACAGATTAGGTTAGTG-1,0.002371,0.028847,0.968781
ACAGCATAGAGCCAGT-1,0.000075,0.006692,0.993234
ACAGCGACATTCTCAT-1,0.012125,0.024785,0.96309
ACAGCGCACCCGCAGC-1,0.000049,0.225845,0.774106
ACAGGCACGGATCCTT-1,0.000027,0.167287,0.832686
ACAGGCTTGCCCGACT-1,0.006626,0.019695,0.973679
ACAGGTGGAGGTGAGG-1,0.122475,0.026151,0.851374
ACAGGTGTGTTGTTGC-1,0.000015,0.178916,0.821069
ACAGTAATACAACTTG-1,0.042776,0.131385,0.825838
ACAGTATACCGTGGGA-1,0.00442,0.446345,0.549235
ACAGTGCAGCGCATTT-1,0.185381,0.1699,0.64472
ACATAAGTCGTGGTGA-1,0.060517,0.441293,0.49819
ACATAATAAGGCGGTG-1,0.000033,0.000066,0.999901
ACATACAATCAAGCGG-1,0.000013,0.672771,0.327216
ACATCAGCTGGGACGC-1,0.016098,0.108151,0.87575
ACATCCCGGCCATACG-1,0.003705,0.101482,0.894812
ACATCCTGGTAACTGT-1,0.000024,0.076968,0.923008
ACATCGATCGTTTACC-1,0.000044,0.000088,0.999868
ACATCGCAATATTCGG-1,0.600793,0.398473,0.000734
ACATCGGTCAGCCGCG-1,0.019383,0.001973,0.978644
ACATCGTATGCAATGG-1,0.000027,0.000054,0.99992
ACATCGTTAACCTAGT-1,0.000038,0.080283,0.919679
ACATCTCAACGCGTAA-1,0.022649,0.276664,0.700687
ACATGCTTACGGCAGC-1,0.495627,0.490157,0.014216
ACATGGCGCCAAAGTA-1,0.000047,0.107875,0.892078
ACATTAGTTTATATCC-1,0.10405,0.000053,0.895897
ACATTCGCGCGGAATA-1,0.421935,0.427917,0.150148
ACATTTGAAACCTAAC-1,0.06959,0.460965,0.469445
ACCAAACACCCAGCGA-1,0.04387,0.000176,0.955954
ACCAAACTAGAAATCC-1,0.000013,0.338499,0.661488
ACCAACACCACACACT-1,0.318877,0.262321,0.418803
ACCAACCGCACTCCAC-1,0.000039,0.035751,0.964209
ACCAACGCTTATTTAT-1,0.045607,0.000094,0.954299
ACCAAGAACGCGTGTC-1,0.000036,0.00085,0.999114
ACCAAGTCATCGGCAG-1,0.129413,0.42942,0.441167
ACCAATATGCAAGTTA-1,0.049885,0.280924,0.669191
ACCACAACTCAGAACA-1,0.000063,0.083066,0.916871
ACCACAAGTTTCTATC-1,0.000045,0.000091,0.999864
ACCACACGGTTGATGG-1,0.000021,0.630425,0.369554
ACCACCAATGTAACAA-1,0.000067,0.024545,0.975387
ACCACCCTCTCTTCTA-1,0.000037,0.42871,0.571253
ACCACGTGCAGCTATA-1,0.053582,0.017377,0.929041
ACCAGACCATAACAAC-1,0.003391,0.334879,0.66173
ACCAGCCCGGTCTTTG-1,0.000029,0.374624,0.625346
ACCAGGAGTGTGATCT-1,0.00006,0.00012,0.99982
ACCAGTGCCCGGTCAA-1,0.018295,0.000232,0.981473
ACCAGTGCGGGAGACG-1,0.005697,0.050289,0.944014
ACCATATCCGCAATAA-1,0.093921,0.116921,0.789158
ACCATCCGCCAACTAG-1,0.000028,0.023177,0.976795
ACCATCGTATATGGTA-1,0.036592,0.015252,0.948156
ACCCAACGCCCGTGGC-1,0.000038,0.029337,0.970626
ACCCACCTACATGCTC-1,0.000034,0.073722,0.926244
ACCCATCTTGAGGGTA-1,0.000055,0.00011,0.999835
ACCCATTTGTCCCTCT-1,0.000067,0.000352,0.999581
ACCCGAGCGAAATTAC-1,0.447064,0.00011,0.552825
ACCCGATTGGTTCCGA-1,0.992339,0.000069,0.007592
ACCCGGAAACTCCCAG-1,0.000039,0.028824,0.971137
ACCCGGAGCACCACAA-1,0.001587,0.465857,0.532556
ACCCGGATGACGCATC-1,0.00008,0.000159,0.999761
ACCCGGTTACACTTCC-1,0.000038,0.033362,0.9666
ACCCGTAGCAGAGAAT-1,0.01435,0.747286,0.238364
ACCCGTAGTCTAGTTG-1,0.135037,0.448054,0.416909
ACCCGTGTCATCAGTA-1,0.06929,0.037835,0.892874
ACCCTATAGGACTGAG-1,0.000035,0.00007,0.999895
ACCCTATGCCATATCG-1,0.491987,0.000153,0.50786
ACCCTCCCGTCAGGGC-1,0.00002,0.26707,0.73291
ACCCTCCCTTGCTATT-1,0.00004,0.014184,0.985776
ACCCTGGTAACGCCCT-1,0.051334,0.0211,0.927566
ACCCTTCATCTGCGAA-1,0.01294,0.07595,0.911109
ACCCTTGCCTGGGTCG-1,0.053327,0.484595,0.462077
ACCCTTTAGTTCTCCA-1,0.000026,0.373115,0.626859
ACCGAAAGGGCCCTGC-1,0.000027,0.113366,0.886607
ACCGAAGAGTCTGGTT-1,0.025668,0.280202,0.69413
ACCGACACATCTCCCA-1,0.110716,0.000114,0.88917
ACCGACTGAGTCCCAC-1,0.000034,0.06567,0.934296
ACCGAGTCTCCTTATT-1,0.000017,0.226854,0.773129
ACCGATAGGCATAACC-1,0.133005,0.000112,0.866883
ACCGATATTTAATCAT-1,0.000135,0.000271,0.999594
ACCGATGGTAGCATCG-1,0.000035,0.000069,0.999896
ACCGCAATAACTGCCT-1,0.045595,0.038024,0.916382
ACCGCGGTGGAAGTCG-1,0.038709,0.000145,0.961146
ACCGCTAGTCATTGGT-1,0.648472,0.351306,0.000221
ACCGGGCCTTTGTTGA-1,0.008705,0.045962,0.945333
ACCGGTCAGGTACACC-1,0.000251,0.182728,0.817021
ACCGGTCTGAGTACGG-1,0.024869,0.276506,0.698625
ACCGTCCACTGGGCCC-1,0.031562,0.793753,0.174685
ACCGTGACCACGTGGG-1,0.455466,0.000073,0.544461
ACCGTTCCCGCTCTGA-1,0.000048,0.124473,0.875479
ACCTAAGTACCTTTCA-1,0.053086,0.017953,0.928961
ACCTAATCGACTTCCT-1,0.058007,0.051302,0.890691
ACCTACAGTATGTGGT-1,0.302237,0.476563,0.2212
ACCTACTATAAATCTA-1,0.012027,0.134757,0.853215
ACCTCAGCGAGGCGCA-1,0.01254,0.392481,0.594979
ACCTCCGCCCTCGCTG-1,0.000068,0.038833,0.961099
ACCTCCGTTATTCACC-1,0.20234,0.07978,0.717881
ACCTCGAACTTATGCT-1,0.050103,0.442127,0.507769
ACCTGCGTGTCATGTT-1,0.000036,0.008578,0.991386
ACCTTTCCTTTAGAAG-1,0.000016,0.237081,0.762903
ACGAAATGGGCGGCAC-1,0.027067,0.038351,0.934582
ACGACCCATGAGTTGC-1,0.00006,0.45717,0.542771
ACGACTCTAGGGCCGA-1,0.012653,0.169937,0.81741
ACGACTGGTCATACTC-1,0.564655,0.130756,0.304588
ACGAGAACCCATCACG-1,0.078545,0.041801,0.879654
ACGAGATATTTGCTTA-1,0.008656,0.249196,0.742148
ACGAGGATACCACTCT-1,0.074555,0.13179,0.793655
ACGAGGTTTACAACGT-1,0.011847,0.209818,0.778335
ACGAGTACGGATGCCC-1,0.012216,0.077253,0.910531
ACGATACATAGAACTA-1,0.115817,0.000099,0.884084
ACGATACCTATCCTGA-1,0.000016,0.160056,0.839928
ACGATCATACATAGAG-1,0.049079,0.000042,0.950878
ACGATCATCTTGTAAA-1,0.000064,0.000128,0.999809
ACGATGCATATGTTAT-1,0.050529,0.016936,0.932535
ACGATGGATCCGATGC-1,0.129257,0.000111,0.870632
ACGCAAACTAATAGAT-1,0.664896,0.00008,0.335024
ACGCAATCACTACAGC-1,0.058148,0.00037,0.941483
ACGCATAAATGACATG-1,0.246364,0.30179,0.451846
ACGCATACGTTTACTA-1,0.000043,0.005825,0.994132
ACGCATTCGTGAGTAC-1,0.022319,0.000062,0.977619
ACGCCACTCGAAACAG-1,0.091449,0.610162,0.298389
ACGCCAGATGATTTCT-1,0.000047,0.007019,0.992934
ACGCCAGTGCGTTTGC-1,0.00318,0.435121,0.561698
ACGCCCAGCTGTCGAT-1,0.007295,0.14439,0.848315
ACGCCGCTAGACGACC-1,0.050147,0.000157,0.949697
ACGCGAAGTCAGACGA-1,0.047344,0.032874,0.919782
ACGCGCTACACAGGGT-1,0.000014,0.055581,0.944406
ACGCGGGCCAAGGACA-1,0.017644,0.006358,0.975998
ACGCGTTTCTTAAGAG-1,0.006932,0.064134,0.928934
ACGCTACTGAATGGGC-1,0.00002,0.643578,0.356402
ACGCTAGTATCAGTGC-1,0.010632,0.491092,0.498276
ACGCTAGTGATACACT-1,0.000051,0.010783,0.989165
ACGCTGTGAGGCGTAG-1,0.000021,0.086115,0.913863
ACGCTTAGTGTCTCTC-1,0.000023,0.534791,0.465186
ACGGAACACGAGTGCC-1,0.037848,0.249348,0.712803
ACGGAATTTAGCAAAT-1,0.000048,0.024157,0.975796
ACGGACGCAGCGACAA-1,0.003446,0.963962,0.032592
ACGGACTCTCAAAGCG-1,0.040226,0.03739,0.922384
ACGGAGCGCAAATTAC-1,0.129198,0.000271,0.870531
ACGGATGGTGCGGATA-1,0.122917,0.000106,0.876977
ACGGCACTTGCTTGGG-1,0.000028,0.039274,0.960698
ACGGCCAACATGGACT-1,0.066181,0.000191,0.933628
ACGGCGACGATGGGAA-1,0.002523,0.043074,0.954403
ACGGCGGGTTGCCCTG-1,0.000057,0.000115,0.999828
ACGGCTGGATGTAGAA-1,0.08686,0.292217,0.620923
ACGGGAGTGTCGGCCC-1,0.000015,0.090003,0.909982
ACGGGCGTATGCGACA-1,0.000053,0.148974,0.850973
ACGGGTCATGTGACTT-1,0.000074,0.000148,0.999779
ACGGGTTGTGACCTGT-1,0.174926,0.330423,0.494651
ACGGTACAGTTCAATG-1,0.020428,0.365104,0.614467
ACGGTCACCGAGAACA-1,0.059847,0.588442,0.351712
ACGTACAGATTTCTCT-1,0.000046,0.10972,0.890234
ACGTACTTTGGCACGG-1,0.941942,0.057755,0.000303
ACGTAGATTGCTGATG-1,0.000024,0.028845,0.971131
ACGTAGGAGAGTCGCT-1,0.056748,0.042639,0.900614
ACGTATTACTCCGATC-1,0.000053,0.000106,0.999841
ACGTCCTAAACGAGAT-1,0.061803,0.000125,0.938072
ACGTCGGGCAACTCGG-1,0.004792,0.710559,0.284649
ACGTCTCGTTCCGGGA-1,0.067006,0.260096,0.672898
ACGTGACAAAGTAAGT-1,0.000004,0.452816,0.547181
ACGTGCGCCTCGTGCA-1,0.060471,0.000093,0.939437
ACGTGGTCGAATGTGC-1,0.000038,0.29517,0.704792
ACGTTAATGTCGAAGA-1,0.000026,0.000053,0.999921
ACGTTAGATTTGCCCG-1,0.10426,0.000094,0.895646
ACGTTATTGGTCACTC-1,0.000041,0.053699,0.946259
ACGTTCACTATGCCGC-1,0.999541,0.000083,0.000376
ACGTTCCGCGCTCCGT-1,0.090223,0.04753,0.862247
ACGTTCGCAATCAATT-1,0.069402,0.000154,0.930444
ACGTTCGTTCAGGAAA-1,0.478746,0.000064,0.52119
ACGTTCTGTACAAGTC-1,0.000032,0.000064,0.999905
ACGTTGTCGTTGAAAG-1,0.781186,0.218075,0.000739
ACGTTTAGTTGTGATC-1,0.000031,0.033633,0.966335
ACGTTTCGGTGCACTT-1,0.000019,0.556639,0.443342
ACTAAGGACGCACACC-1,0.000015,0.39303,0.606955
ACTAATACGTCAGGCG-1,0.000093,0.128266,0.871641
ACTACAAAGAGAGGTG-1,0.219377,0.44087,0.339753
ACTACATCCCGACAAG-1,0.033015,0.33031,0.636675
ACTACCAGCTCTCTGG-1,0.000035,0.050432,0.949533
ACTACCATCCGAGGGC-1,0.635182,0.364536,0.000281
ACTACGCGTTAGAATT-1,0.209435,0.02941,0.761155
ACTAGTTGCGATCGTC-1,0.000087,0.000173,0.99974
ACTATATGCTGTGTTC-1,0.035825,0.000404,0.963771
ACTATCCAGGGCATGG-1,0.001384,0.000141,0.998475
ACTATCTGCCCGCGTA-1,0.353327,0.343978,0.302694
ACTATGTCCAGCTGCC-1,0.191682,0.217031,0.591287
ACTATTCGTCCGTGGT-1,0.055859,0.000076,0.944065
ACTATTTCCGGGCCCA-1,0.793227,0.000096,0.206676
ACTCAACGAATGTATT-1,0.000047,0.078459,0.921494
ACTCAAGTGCAAGGCT-1,0.000029,0.056766,0.943205
ACTCAATAAAGGCACG-1,0.000035,0.056489,0.943476
ACTCAGACCTGCTTCT-1,0.000058,0.269052,0.730889
ACTCATGGCAGCCTTC-1,0.051823,0.348793,0.599384
ACTCCAATATCATCAT-1,0.260587,0.197501,0.541912
ACTCCCATTCCTAAAG-1,0.000047,0.013597,0.986355
ACTCCCGAATTCGTTT-1,0.000024,0.0112,0.988776
ACTCCCGTAGACTAGG-1,0.000028,0.451023,0.548949
ACTCCCTAATGCTAAA-1,0.000038,0.050676,0.949286
ACTCCCTAGAATAGTA-1,0.087034,0.055512,0.857454
ACTCCGGCCGACCACT-1,0.033812,0.071568,0.894621
ACTCGATGTATTTCAT-1,0.000033,0.019817,0.98015
ACTCGCCGTTCGATAA-1,0.130532,0.577467,0.292001
ACTCGCGATCTGACGC-1,0.001646,0.403192,0.595162
ACTCGTAACCCGTCCT-1,0.000037,0.062154,0.937808
ACTCGTCAGTAATCCC-1,0.017166,0.063594,0.919239
ACTCTAAACCTGGGAT-1,0.000007,0.087101,0.912892
ACTCTCTGACTTAGGT-1,0.08689,0.000134,0.912976
ACTCTCTTATACACGA-1,0.000044,0.220895,0.779061
ACTCTGACCTAATAGA-1,0.000019,0.310081,0.6899
ACTCTTCAGCTCCCGC-1,0.000015,0.699225,0.30076
ACTCTTGTATAGTAAC-1,0.028207,0.031582,0.940211
ACTGAAACGCCGTTAG-1,0.000025,0.086885,0.91309
ACTGAATGGCGAAAGT-1,0.000023,0.000045,0.999932
ACTGATTTAGTGATTC-1,0.038148,0.346484,0.615367
ACTGCCCGCCATTCTC-1,0.686421,0.19815,0.11543
ACTGCCGTCGTAACTC-1,0.338814,0.076024,0.585162
ACTGCGGACACACCGT-1,0.016865,0.040215,0.94292
ACTGCTCGGAAGGATG-1,0.000012,0.32147,0.678518
ACTGGCGAACCTGCGT-1,0.012408,0.429365,0.558227
ACTGGGATGCCAGTGC-1,0.187738,0.308419,0.503843
ACTGTACGATACACAT-1,0.05739,0.000072,0.942538
ACTGTAGCACTTTGGA-1,0.03171,0.083714,0.884576
ACTGTATACGCGAGCA-1,0.160386,0.003416,0.836199
ACTGTCCAGGATTATA-1,0.00003,0.010133,0.989837
ACTGTCTTCTTTAGAA-1,0.081262,0.000068,0.91867
ACTGTGCTAGTAGATC-1,0.000043,0.096063,0.903894
ACTGTTTAGTGTAGGC-1,0.000064,0.035586,0.96435
ACTTACCGGGCGCGCA-1,0.000044,0.128736,0.87122
ACTTACGCATCCACGC-1,0.012545,0.039581,0.947874
ACTTAGTACGACAAGA-1,0.000067,0.000135,0.999798
ACTTATACTTACCCGG-1,0.000046,0.000092,0.999862
ACTTATTAGGATCGGT-1,0.046678,0.000113,0.953209
ACTTATTTATGTGCCA-1,0.000064,0.000128,0.999809
ACTTCAGGCTGATCCC-1,0.002453,0.08304,0.914507
ACTTCCAGTGGAAGCT-1,0.056841,0.537938,0.405221
ACTTCCATGCGGGACA-1,0.00004,0.00008,0.99988
ACTTCCTGTCGTGCGA-1,0.03366,0.02032,0.94602
ACTTCGCCATACGCAC-1,0.191179,0.000067,0.808754
ACTTCGCTAGCGAGTG-1,0.000012,0.688421,0.311567
ACTTGACTCCCTCTTT-1,0.13392,0.077226,0.788855
ACTTGCCATATTGTAC-1,0.000044,0.050325,0.949631
ACTTGCTCTATCTACC-1,0.000007,0.704413,0.29558
ACTTGGGACCCGGTGG-1,0.05921,0.081125,0.859665
ACTTGGGCTTTCGCCA-1,0.007963,0.44498,0.547057
ACTTGTAGTCCCTTCA-1,0.068344,0.196823,0.734833
ACTTGTGGATGGAACG-1,0.000134,0.000267,0.999599
ACTTGTTACCGGATCA-1,0.118251,0.258912,0.622837
ACTTTACCCTCATGAA-1,0.000044,0.000088,0.999868
ACTTTATACACCACTT-1,0.092771,0.687606,0.219623
ACTTTCCTATAGCTTC-1,0.000036,0.054504,0.945459
ACTTTGACTGCATCCT-1,0.001496,0.170636,0.827869
ACTTTGGTCGTGCTCC-1,0.027785,0.363868,0.608347
ACTTTGTCGACGCACT-1,0.000112,0.136432,0.863456
AGAAATTATGACTCGC-1,0.029486,0.114789,0.855725
AGAACACGGCGATGGT-1,0.197807,0.660985,0.141208
AGAACCCAGCGTGACA-1,0.000027,0.278255,0.721717
AGAACCCTCAATTGGG-1,0.013249,0.501884,0.484867
AGAACGTGGTACATTC-1,0.000025,0.000049,0.999926
AGAACTGTACTTTGTA-1,0.023728,0.693133,0.283139
AGAAGAGCGCCGTTCC-1,0.00026,0.000519,0.999221
AGAAGGTACACTTCAC-1,0.127775,0.129148,0.743077
AGAAGGTTGCCGAATT-1,0.06581,0.000056,0.934134
AGAAGGTTGTAGGTCG-1,0.000037,0.036011,0.963952
AGAAGTGATTCGTGAT-1,0.133545,0.000071,0.866384
AGAATAAATCTTCAGG-1,0.01581,0.101889,0.882301
AGAATACAGGCTATCC-1,0.350385,0.074362,0.575253
AGAATGCGGGTTCGGA-1,0.24694,0.073139,0.679921
AGAATTATGGATTCGA-1,0.000066,0.000133,0.999801
AGAATTGTTTGACATA-1,0.000038,0.109899,0.890063
AGACAGCTCAGAATCC-1,0.000016,0.152902,0.847081
AGACAGGCATCTCAGC-1,0.000009,0.592327,0.407664
AGACATAGATCCTTCC-1,0.062525,0.067554,0.86992
AGACCAAACCACACCT-1,0.000199,0.346431,0.65337
AGACCATGGGATACAA-1,0.000017,0.034983,0.965
AGACCCACCGCTGATC-1,0.113338,0.000055,0.886607
AGACCCGCCCTCCTCG-1,0.001082,0.130314,0.868604
AGACCGCTCCGCGGTT-1,0.112346,0.000247,0.887407
AGACCGGGAAACCCTG-1,0.008943,0.069883,0.921174
AGACGAAGTGCCGGTC-1,0.000049,0.000097,0.999854
AGACGACGATGCCGCT-1,0.033812,0.059589,0.9066
AGACGCCCACTTCGCC-1,0.000132,0.03737,0.962498
AGACGGGATTGGTATA-1,0.000039,0.188083,0.811878
AGACGGGCCGATTTAA-1,0.072897,0.057402,0.869701
AGACTAGCCTTCCAGA-1,0.064423,0.023395,0.912182
AGACTGTTACCGGGTC-1,0.360212,0.000078,0.63971
AGAGAAACACCAGAAA-1,0.807029,0.192754,0.000218
AGAGAACCGTCTAGGA-1,0.000033,0.005585,0.994381
AGAGAAGGAGTACAAT-1,0.132984,0.01336,0.853656
AGAGATCTCTAAAGCG-1,0.001976,0.137464,0.86056
AGAGCAGTTATGAGAC-1,0.00005,0.000099,0.999851
AGAGCCGCCGAGATTT-1,0.302905,0.448822,0.248273
AGAGCGCTTGTAACGG-1,0.000019,0.663004,0.336977
AGAGCGGGCTAATCAT-1,0.017631,0.043945,0.938423
AGAGCGTACAAGCTCG-1,0.057639,0.029074,0.913287
AGAGCTACGAAAGCAT-1,0.045254,0.000148,0.954599
AGAGGCTTCGGAAACC-1,0.000056,0.025521,0.974423
AGAGGGACAATTGTCC-1,0.000024,0.654271,0.345706
AGAGGTATCTCGGTCC-1,0.065091,0.043671,0.891238
AGAGTAAACTTCACTA-1,0.000087,0.000175,0.999738
AGAGTATAGTGTTACG-1,0.000046,0.307685,0.692268
AGAGTCTTAATGAAAG-1,0.000014,0.515598,0.484388
AGAGTGAACAGACACC-1,0.000023,0.313083,0.686894
AGAGTTAGAGACCGAT-1,0.00004,0.28481,0.71515
AGAGTTGCAGGCCTCC-1,0.001527,0.431335,0.567138
AGATAACTTCAGGGCC-1,0.018517,0.00006,0.981423
AGATAATCACACCTAT-1,0.200506,0.693332,0.106163
AGATACCAATAGAACC-1,0.287568,0.597089,0.115344
AGATACCAGCACTTCA-1,0.021719,0.268328,0.709952
AGATACCGGTGTTCAC-1,0.008387,0.030124,0.961489
AGATACGACTTCATAT-1,0.00006,0.000119,0.999821
AGATACTCAAGATCGA-1,0.048372,0.0001,0.951528
AGATATAATACGACTA-1,0.113478,0.037607,0.848914
AGATCGTGCATAAGAT-1,0.000032,0.050165,0.949803
AGATCTCAGGTGTGAT-1,0.054297,0.048287,0.897417
AGATCTGGAGAGGATA-1,0.035992,0.710807,0.253201
AGATGACTCGCCCACG-1,0.001157,0.000116,0.998727
AGATGAGGGTTGCGAT-1,0.000156,0.036379,0.963465
AGATGATGGAGTCTGG-1,0.000107,0.000215,0.999678
AGATGCAAGACGTGCA-1,0.024502,0.105311,0.870188
AGATGCATCCTGTGTC-1,0.000018,0.655492,0.344489
AGATTATAGGACGTTT-1,0.000033,0.013551,0.986416
AGATTCAAGCGGGTCG-1,0.337872,0.104245,0.557883
AGATTCACAACCGATA-1,0.038761,0.06115,0.900088
AGCAAAGGCCGCTAGT-1,0.082855,0.110116,0.80703
AGCAACATATCTTATT-1,0.000037,0.0197,0.980263
AGCAACCGAAAGTAAT-1,0.068847,0.098505,0.832648
AGCACACGTTTAGACT-1,0.252985,0.324907,0.422108
AGCACCAGTACTCACG-1,0.000052,0.062997,0.936951
AGCACTACCGGCCTGT-1,0.00002,0.00004,0.99994
AGCACTACCTCACCAG-1,0.000059,0.000119,0.999822
AGCACTTAAGGACGCC-1,0.000036,0.00246,0.997504
AGCAGAAGGAGAAAGA-1,0.036386,0.120968,0.842646
AGCAGCCAGATGAATA-1,0.244987,0.000072,0.754941
AGCAGTCGAAGCATGC-1,0.000015,0.65071,0.349275
AGCATATCAATATGCT-1,0.000028,0.000055,0.999917
AGCATCATTTCGAAAG-1,0.00691,0.191044,0.802046
AGCATCGTCGATAATT-1,0.104883,0.000121,0.894995
AGCATTACGAGGCAAG-1,0.039598,0.060797,0.899605
AGCCAAGCTTTGTGTC-1,0.000028,0.177837,0.822135
AGCCACAGGTTACCCG-1,0.068633,0.001534,0.929833
AGCCACTCCCGTGCTT-1,0.000062,0.027242,0.972696
AGCCATATAGTATGTG-1,0.137624,0.096911,0.765465
AGCCCATACATGTAAG-1,0.057011,0.009883,0.933106
AGCCCGCAACAAGCAG-1,0.087486,0.206063,0.706451
AGCCCGCACTACAATG-1,0.106113,0.545891,0.347996
AGCCCGGCATTAGAGG-1,0.103347,0.096272,0.800381
AGCCCGGTAGCCTGTA-1,0.345416,0.090177,0.564407
AGCCCTAAGCGAAGTT-1,0.011464,0.000107,0.988429
AGCCCTCCCTGGTGGC-1,0.611143,0.170602,0.218255
AGCCCTGTCGCACCGT-1,0.147179,0.061515,0.791306
AGCCCTTCTAATCCGA-1,0.136782,0.000152,0.863066
AGCCCTTGGACATCCC-1,0.107279,0.052483,0.840238
AGCCGCAAATTCAAAT-1,0.00195,0.281925,0.716126
AGCCGTGGCTAAATGT-1,0.026555,0.080176,0.893268
AGCCTAATACCCACGT-1,0.070393,0.157999,0.771607
AGCCTTAAAGCGGAAG-1,0.000034,0.046777,0.953189
AGCCTTGTCACTGATA-1,0.028053,0.722505,0.249442
AGCGACAGGAACGGTC-1,0.194942,0.054322,0.750736
AGCGACATCCCATTCA-1,0.000063,0.000126,0.999811
AGCGACCAACGATATT-1,0.000047,0.127016,0.872937
AGCGACTTTGAAGACA-1,0.698125,0.301353,0.000522
AGCGAGACGTGAAGGC-1,0.079958,0.281503,0.638539
AGCGATGCGCCTAATA-1,0.055677,0.155824,0.788499
AGCGCATAATGAATCG-1,0.110156,0.050316,0.839528
AGCGCGGGTGCCAATG-1,0.000049,0.000098,0.999853
AGCGCTAGAGCGATGT-1,0.000058,0.13126,0.868682
AGCGCTTATGGGCAAG-1,0.000038,0.109718,0.890243
AGCGGACACTTCGTAG-1,0.081898,0.00449,0.913612
AGCGGCGGTTAGCGGT-1,0.000022,0.197838,0.802141
AGCGGGAAGGGTCCAT-1,0.00006,0.04777,0.95217
AGCGGGTCTGACACTC-1,0.00003,0.077818,0.922153
AGCGGTTGAGATGTAC-1,0.126554,0.349141,0.524305
AGCGGTTGCCGCTCTG-1,0.074921,0.233994,0.691086
AGCGTACGAGAGCTAG-1,0.015072,0.000118,0.98481
AGCGTCTGAACCCGCA-1,0.000077,0.000153,0.99977
AGCGTGGTATTCTACT-1,0.000067,0.011369,0.988564
AGCGTTCCGATTTAAA-1,0.035297,0.150346,0.814357
AGCTAACAAGCAATGT-1,0.316498,0.037182,0.64632
AGCTAAGCTCCGTCCG-1,0.571298,0.428269,0.000433
AGCTAAGTACGCAGGC-1,0.000036,0.099609,0.900355
AGCTACGAATGGTGGT-1,0.080434,0.360845,0.558721
AGCTAGAAGCAGAAGT-1,0.083155,0.021087,0.895757
AGCTATTTAATCCAAC-1,0.000062,0.000124,0.999815
AGCTCCATATATGTTC-1,0.066674,0.000299,0.933027
AGCTCCTTCGCACATC-1,0.008765,0.010309,0.980926
AGCTCGTTGATGGAAA-1,0.00645,0.248418,0.745132
AGCTCTAGACGTTCCA-1,0.000049,0.067065,0.932885
AGCTCTTCCCAGTGCA-1,0.000053,0.000106,0.999842
AGCTCTTCGTAACCTT-1,0.000068,0.000136,0.999797
AGCTCTTTACTCAGTT-1,0.000029,0.002221,0.99775
AGCTGAAGTAAACCAA-1,0.011515,0.067941,0.920544
AGCTGCATTTGAGGTG-1,0.138392,0.303509,0.558098
AGCTGCTGTGCCGAAT-1,0.122383,0.18496,0.692657
AGCTGTAACCTCAATC-1,0.00003,0.08196,0.91801
AGCTTATAGAGACCTG-1,0.000046,0.041998,0.957957
AGCTTCAATACTTTGA-1,0.033181,0.120244,0.846574
AGCTTCTTCTCGAGCA-1,0.002452,0.053697,0.943851
AGCTTGATCAGGGTAG-1,0.000007,0.69452,0.305473
AGCTTGATCTTAACTT-1,0.000023,0.000047,0.99993
AGGAACGAACGACTTC-1,0.011172,0.588577,0.400251
AGGAAGCTGTCCGCCG-1,0.006469,0.034276,0.959256
AGGACAGTCGAATCCC-1,0.000031,0.013279,0.98669
AGGACATCGCACGTCG-1,0.000073,0.000147,0.99978
AGGACATCGGCACACT-1,0.000025,0.519147,0.480828
AGGACGACCCATTAGA-1,0.009618,0.005037,0.985345
AGGACGCTCGATGTTG-1,0.021787,0.000074,0.978139
AGGAGACATCCACAGT-1,0.001439,0.336531,0.662031
AGGAGAGTCTGGCTAC-1,0.022204,0.449552,0.528243
AGGAGCGTTTATTATC-1,0.296191,0.28301,0.420799
AGGAGGCCTTCGCGCG-1,0.000025,0.020864,0.979111
AGGATAAAGTCGGGAT-1,0.000039,0.031719,0.968242
AGGATATAGGGATTTA-1,0.000039,0.000077,0.999884
AGGATATCCGACTGCA-1,0.015539,0.232787,0.751674
AGGATCACGCGATCTG-1,0.000029,0.118925,0.881047
AGGATTGCTTACGACA-1,0.000129,0.000258,0.999614
AGGCACGTGACTGTCC-1,0.087622,0.13837,0.774008
AGGCAGATGCGTAAAC-1,0.000034,0.079354,0.920612
AGGCAGGGAGCGTACT-1,0.316662,0.145788,0.537549
AGGCATTGTCGTAGGG-1,0.068645,0.040287,0.891068
AGGCCACATTGGTTAC-1,0.000015,0.612839,0.387145
AGGCCACCCGTTATGA-1,0.026063,0.007069,0.966868
AGGCCCATTGTACAGG-1,0.000056,0.093134,0.906811
AGGCCCTAGAACGCCA-1,0.133879,0.000051,0.86607
AGGCCTATCATACCAA-1,0.317137,0.191336,0.491527
AGGCCTGAGAATCTCG-1,0.021222,0.015703,0.963076
AGGCGATAACTGGCGT-1,0.067335,0.224413,0.708251
AGGCGGTTTGTCCCGC-1,0.003851,0.215431,0.780718
AGGCGTCTATGGACGG-1,0.020631,0.000374,0.978995
AGGCTATGGTTAGCTT-1,0.00004,0.015343,0.984617
AGGCTTAAGTTGCACA-1,0.00811,0.771461,0.220428
AGGCTTCCCGAAGAAG-1,0.051415,0.044403,0.904181
AGGCTTGCTAGACACC-1,0.008162,0.176784,0.815053
AGGGAAACGAGGTACT-1,0.000045,0.130733,0.869222
AGGGACAGCACGGCGG-1,0.000032,0.021636,0.978331
AGGGACCGGCTGCGTT-1,0.000082,0.000163,0.999755
AGGGACTCTACGCGAC-1,0.118906,0.000083,0.881011
AGGGAGACATACTTCG-1,0.131406,0.245516,0.623078
AGGGCAGCGGCGTGGT-1,0.006614,0.17012,0.823266
AGGGCCCTAATGTTCT-1,0.030379,0.524865,0.444755
AGGGCGAGCAGCTGAT-1,0.019755,0.030058,0.950187
AGGGCGTGATCGGCTA-1,0.022546,0.000065,0.977388
AGGGCTGCAGTTACAG-1,0.000024,0.029677,0.970299
AGGGTCAGAGCACTCG-1,0.769746,0.095627,0.134626
AGGGTCAGTAACCCTA-1,0.092107,0.148125,0.759769
AGGGTCGATGCGAACT-1,0.000043,0.009751,0.990206
AGGGTCTGGACGCAGT-1,0.033934,0.378267,0.587799
AGGGTGCCGTTCTTTA-1,0.441547,0.303267,0.255186
AGGGTGCTCTCGAGGG-1,0.000036,0.037608,0.962357
AGGGTGGATAGTGCAT-1,0.000024,0.241546,0.75843
AGGGTGTGCTACACGC-1,0.093703,0.299031,0.607266
AGGGTTCAGACGGTCC-1,0.735682,0.052561,0.211756
AGGGTTCCCTTTGGTT-1,0.000071,0.000142,0.999788
AGGGTTTAGTTCGGGA-1,0.029378,0.000096,0.970526
AGGTAACCTCCTATTC-1,0.000058,0.117728,0.882214
AGGTACGATATTGCCA-1,0.000044,0.037482,0.962474
AGGTAGATCGAGATAT-1,0.681416,0.047247,0.271338
AGGTAGGTACAAAGCT-1,0.000019,0.198782,0.801199
AGGTATAATTGATAGT-1,0.085317,0.000191,0.914492
AGGTATGCGGACATTA-1,0.00005,0.479142,0.520808
AGGTCAGGTGAGAGTG-1,0.000017,0.100506,0.899477
AGGTCGCCTCCCAACA-1,0.009994,0.275418,0.714587
AGGTCGCGGAGTTACT-1,0.000136,0.000271,0.999593
AGGTGCACGTCCACAT-1,0.055249,0.170379,0.774373
AGGTGGTGACCTTCGC-1,0.452618,0.000117,0.547265
AGGTGTATCGCCATGA-1,0.00005,0.0001,0.99985
AGGTGTTGCCGACCAC-1,0.020746,0.559637,0.419617
AGGTTACACCATGCCG-1,0.117439,0.087307,0.795254
AGGTTCTCCTTTCCGG-1,0.000014,0.882994,0.116992
AGGTTGAGGCACGCTT-1,0.000061,0.000123,0.999816
AGGTTTCACACACCTT-1,0.000066,0.000131,0.999803
AGTAACGTTCATCCTG-1,0.00631,0.472066,0.521623
AGTAACTATAGCAGCC-1,0.261771,0.51948,0.218749
AGTAAGGGACAGAATC-1,0.119013,0.392757,0.48823
AGTAATCTAAGGGTGG-1,0.000013,0.722558,0.277428
AGTAATGTCTTGCCGC-1,0.060738,0.000127,0.939135
AGTAATTTGCAAGCGT-1,0.116872,0.686075,0.197052
AGTACAGAAGCTTATA-1,0.063398,0.148224,0.788379
AGTACATCATTTATCA-1,0.000128,0.032483,0.967389
AGTACCTTCGAGTGCT-1,0.106057,0.126623,0.767319
AGTACGGCCCGTATCG-1,0.00002,0.2355,0.76448
AGTACGGGCACCTGGC-1,0.018185,0.000098,0.981718
AGTACGTGGCCTGTCT-1,0.00451,0.354536,0.640954
AGTACTCTTATGCCCA-1,0.000036,0.160736,0.839229
AGTAGAAGGCGCCTCA-1,0.099062,0.070697,0.830241
AGTAGCGTGAACGAAC-1,0.343781,0.118501,0.537717
AGTAGCTAGACGCCGA-1,0.100776,0.170386,0.728838
AGTAGGAAGGAAGTTG-1,0.000048,0.083145,0.916807
AGTAGGTAACATACAT-1,0.000058,0.027982,0.97196
AGTATAATACTAGGCA-1,0.000022,0.000578,0.9994
AGTATACACAGCGACA-1,0.667359,0.000665,0.331975
AGTATGCTGGAGACCA-1,0.240622,0.000096,0.759282
AGTATTTGGCACGACC-1,0.142428,0.000126,0.857446
AGTCAAATGATGTGAT-1,0.639442,0.211507,0.149051
AGTCAACACCACCATC-1,0.054662,0.027798,0.91754
AGTCAAGATGACACTT-1,0.000025,0.004098,0.995877
AGTCACTAGCTCTCGA-1,0.000067,0.000134,0.999799
AGTCACTCCGCCTCAT-1,0.076551,0.000173,0.923275
AGTCAGCCACCGCCTG-1,0.018712,0.078306,0.902982
AGTCCATTGGCTGATG-1,0.000103,0.000206,0.999691
AGTCCCGCCTTTAATT-1,0.000037,0.042332,0.957631
AGTCCCTCGCAGAAAG-1,0.026928,0.477642,0.495429
AGTCGAAACGATTCAG-1,0.000499,0.716675,0.282826
AGTCGAATTAGCGTAA-1,0.020906,0.545122,0.433972
AGTCGACGGTCTCAAG-1,0.038217,0.000064,0.961719
AGTCGGCCCAAACGAC-1,0.000039,0.000532,0.999429
AGTCGGCTCAACTTTA-1,0.000041,0.021156,0.978804
AGTCGGTTGCGTGAGA-1,0.03108,0.087842,0.881078
AGTCGTATAAAGCAGA-1,0.002307,0.035429,0.962265
AGTCGTCGACCACCAA-1,0.000039,0.00693,0.993031
AGTCGTGGGCATTACG-1,0.083258,0.003765,0.912977
AGTCTAAAGTATACTC-1,0.354437,0.023564,0.621999
AGTCTCACAAGACTAC-1,0.296582,0.058263,0.645155
AGTCTGGACATCCTTG-1,0.000027,0.047238,0.952736
AGTCTTCTCCTCAAAT-1,0.138014,0.033467,0.82852
AGTCTTTAAAGTGTCC-1,0.000029,0.14234,0.857632
AGTGAACAAACTTCTC-1,0.000026,0.075864,0.92411
AGTGAAGATGGTGTCC-1,0.000047,0.269845,0.730108
AGTGACCTACTTTACG-1,0.103811,0.000058,0.896131
AGTGACTGTGACACAA-1,0.54567,0.085947,0.368383
AGTGAGACTTCCAGTA-1,0.000063,0.000126,0.999812
AGTGAGCCTCGCCGCC-1,0.000048,0.000095,0.999857
AGTGAGGGTTTCTGAC-1,0.177244,0.165248,0.657509
AGTGAGTCGAATTAAC-1,0.239964,0.604098,0.155938
AGTGATAACCTGCGCG-1,0.000032,0.001341,0.998628
