Barcode,Topic 1,Topic 2,Topic 3,Topic 4to5,Topic 6,Topic 7,Topic 8
AAACAACGAATAGTTC-1,0.014543,0.320985,0.202631,0.3757,0.000031,0.078294,0.007815
AAACAAGTATCTCCCA-1,0.130513,0.164493,0.036118,0.348851,0.098107,0.096524,0.125394
AAACAATCTACTAGCA-1,0.662154,0.130803,0.194781,0.000197,0.000098,0.000098,0.011868
AAACACCAATAACTGC-1,0.030786,0.108904,0.123346,0.498594,0.133412,0.095575,0.009383
AAACAGAGCGACTCCT-1,0.136481,0.203132,0.110424,0.336182,0.176284,0.03612,0.001378
AAACAGCTTTCAGAAG-1,0.045743,0.366767,0.046967,0.381242,0.048398,0.067812,0.043072
AAACAGGGTCTATATT-1,0.33113,0.464798,0.051372,0.06142,0.000042,0.000042,0.091196
AAACAGTGTTCCTGGG-1,0.725481,0.000059,0.000059,0.000118,0.274166,0.000059,0.000059
AAACATGGTGAGAGGA-1,0.055647,0.155568,0.027286,0.281095,0.136025,0.184724,0.159656
AAACATTTCCCGGATT-1,0.007022,0.0447,0.172166,0.397857,0.150888,0.169645,0.057722
AAACCACTACACAGAT-1,0.008671,0.062878,0.012838,0.234565,0.392485,0.265348,0.023214
AAACCCGAACGAAATC-1,0.048704,0.043234,0.005148,0.283554,0.207428,0.148043,0.263889
AAACCGGAAATGTTAA-1,0.00002,0.008758,0.011791,0.141065,0.317212,0.489323,0.031831
AAACCGGGTAGGTACC-1,0.027302,0.155242,0.41583,0.30999,0.000035,0.055871,0.035731
AAACCGTTCGTCCAGG-1,0.051396,0.070345,0.665344,0.15033,0.048916,0.013558,0.000111
AAACCTAAGCAGCCGG-1,0.123506,0.116202,0.431635,0.110244,0.000064,0.068747,0.149603
AAACCTCATGAAGTTG-1,0.000034,0.185776,0.232274,0.405327,0.066215,0.093161,0.017212
AAACGAAGAACATACC-1,0.007317,0.02037,0.63823,0.275283,0.030666,0.026607,0.001527
AAACGAAGATGGAGTA-1,0.142541,0.201331,0.027285,0.16624,0.041981,0.070593,0.350028
AAACGACAGTCTTGCC-1,0.013625,0.099607,0.013915,0.170231,0.022171,0.441363,0.239088
AAACGAGACGGTTGAT-1,0.000021,0.003162,0.211973,0.732904,0.022027,0.029891,0.000021
AAACGCCCGAGATCGG-1,0.091655,0.285753,0.012448,0.238157,0.062022,0.06647,0.243496
AAACGCTGGGCACGAC-1,0.04436,0.006565,0.000063,0.000507,0.69786,0.000063,0.250582
AAACGGGCGTACGGGT-1,0.049656,0.123169,0.245767,0.246763,0.003044,0.257775,0.073826
AAACGGGTTGGTATCC-1,0.051558,0.325932,0.238445,0.32476,0.057031,0.00054,0.001735
AAACGGTTGCGAACTG-1,0.912083,0.02237,0.000081,0.000162,0.052927,0.000081,0.012295
AAACGTGTTCGCCCTA-1,0.241529,0.01394,0.022359,0.051089,0.263393,0.233501,0.174191
AAACTAACGTGGCGAC-1,0.097795,0.027671,0.008005,0.372874,0.027498,0.178538,0.287618
AAACTCGGTTCGCAAT-1,0.049822,0.022952,0.591958,0.031528,0.292765,0.00986,0.001115
AAACTCGTGATATAAG-1,0.060414,0.146495,0.027607,0.558607,0.150437,0.01311,0.04333
AAACTGCTGGCTCCAA-1,0.010253,0.044159,0.691265,0.096765,0.109979,0.044765,0.002814
AAACTTAATTGCACGC-1,0.000013,0.023732,0.031793,0.464665,0.168632,0.299291,0.011874
AAACTTGCAAACGTAT-1,0.532702,0.089557,0.053313,0.178015,0.051977,0.01446,0.079976
AAAGAATGACCTTAGA-1,0.000014,0.146018,0.03163,0.162815,0.104552,0.468585,0.086385
AAAGAATGTGGACTAA-1,0.00002,0.001811,0.029181,0.098729,0.499524,0.36968,0.001055
AAAGACATGAAGTTTA-1,0.456724,0.160542,0.0754,0.000117,0.082062,0.015234,0.209921
AAAGACCCAAGTCGCG-1,0.999501,0.000071,0.000071,0.000143,0.000071,0.000071,0.000071
AAAGACTGGGCGCTTT-1,0.114212,0.249353,0.03301,0.404633,0.007485,0.122281,0.069025
AAAGCTTGCCTACATA-1,0.044071,0.134026,0.088456,0.131933,0.159289,0.060809,0.381416
AAAGGCCCTATAATAC-1,0.063518,0.111155,0.221528,0.173734,0.085946,0.246958,0.097161
AAAGGCTACGGACCAT-1,0.999036,0.000611,0.000059,0.000118,0.000059,0.000059,0.000059
AAAGGCTCTCGCGCCG-1,0.698721,0.000056,0.000056,0.000112,0.300944,0.000056,0.000056
AAAGGGATGTAGCAAG-1,0.127207,0.192598,0.647634,0.032424,0.000046,0.000046,0.000046
AAAGGGCAGCTTGAAT-1,0.059022,0.159089,0.168929,0.491299,0.000024,0.11165,0.009987
AAAGGTAAGCTGTACC-1,0.054154,0.101204,0.011693,0.620844,0.006934,0.119315,0.085856
AAAGGTCAACGACATG-1,0.126862,0.356437,0.011445,0.041007,0.01896,0.020816,0.424474
AAAGTAGCATTGCTCA-1,0.000019,0.008713,0.278249,0.598885,0.01942,0.09245,0.002263
AAAGTCACTGATGTAA-1,0.999352,0.000093,0.000093,0.000185,0.000093,0.000093,0.000093
AAAGTCGACCCTCAGT-1,0.031521,0.030089,0.043461,0.728872,0.102573,0.060968,0.002518
AAAGTGCCATCAATTA-1,0.080415,0.001295,0.003209,0.006262,0.254963,0.103198,0.550659
AAAGTGTGATTTATCT-1,0.179097,0.304744,0.347089,0.048918,0.000093,0.003537,0.116522
AAAGTTGACTCCCGTA-1,0.177258,0.010655,0.157153,0.401585,0.000039,0.217466,0.035845
AAATAACCATACGGGA-1,0.00303,0.004037,0.142102,0.71978,0.073615,0.057415,0.00002
AAATAAGGTAGTGCCC-1,0.165174,0.220209,0.019141,0.312707,0.000066,0.000066,0.282638
AAATACCTATAAGCAT-1,0.343785,0.000032,0.365611,0.17098,0.107759,0.010704,0.00113
AAATAGCTTAGACTTT-1,0.16446,0.332059,0.06625,0.200394,0.153483,0.004497,0.078857
AAATAGGGTGCTATTG-1,0.099414,0.20753,0.533031,0.114502,0.000046,0.015526,0.029952
AAATCACTCCTAAACG-1,0.148394,0.121956,0.016851,0.010426,0.123722,0.115982,0.46267
AAATCCGATACACGCC-1,0.150432,0.000219,0.226319,0.335109,0.110455,0.166416,0.011049
AAATCGCGGAAGGAGT-1,0.167404,0.184394,0.09785,0.222795,0.177243,0.119906,0.030407
AAATCGTGTACCACAA-1,0.99932,0.000097,0.000097,0.000194,0.000097,0.000097,0.000097
AAATCTAGCCCTGCTA-1,0.005265,0.216189,0.26233,0.260289,0.001414,0.072474,0.18204
AAATCTGCCCGCGTCC-1,0.002679,0.000079,0.000016,0.002693,0.774748,0.176152,0.043633
AAATGACTGATCAAAC-1,0.805901,0.000075,0.000075,0.00015,0.03894,0.000075,0.154784
AAATGATTCGATCAGC-1,0.220907,0.037032,0.003922,0.584673,0.130377,0.007129,0.015959
AAATGCTCGTTACGTT-1,0.01945,0.243869,0.131037,0.510947,0.000036,0.07732,0.017341
AAATGGCATGTCTTGT-1,0.279728,0.037391,0.417899,0.24347,0.000045,0.012717,0.00875
AAATGGCCCGTGCCCT-1,0.101227,0.192667,0.126935,0.331006,0.045073,0.055382,0.14771
AAATGGTCAATGTGCC-1,0.889126,0.109634,0.000207,0.000413,0.000207,0.000207,0.000207
AAATGTATCTTATCCC-1,0.174604,0.540687,0.01539,0.054648,0.017723,0.000088,0.19686
AAATGTGGGTGCTCCT-1,0.865364,0.054317,0.014412,0.006334,0.000077,0.000077,0.05942
AAATTAACGGGTAGCT-1,0.548589,0.045113,0.321586,0.009229,0.070026,0.000096,0.005361
AAATTAATAAGCGCGA-1,0.000024,0.19369,0.028673,0.625215,0.109368,0.035327,0.007704
AAATTACACGACTCTG-1,0.040727,0.234805,0.249705,0.393027,0.000045,0.015241,0.066452
AAATTACCTATCGATG-1,0.12504,0.626911,0.096358,0.015865,0.025351,0.000062,0.110413
AAATTCCAGGTCCAAA-1,0.000019,0.007831,0.00561,0.773813,0.00074,0.211867,0.000119
AAATTGATAGTCCTTT-1,0.232517,0.262174,0.351268,0.13093,0.00006,0.000846,0.022205
AAATTGCGGCGGTTCT-1,0.101841,0.482358,0.11603,0.219335,0.007935,0.010824,0.061677
AAATTGGTGAGAAGCA-1,0.000022,0.07861,0.014008,0.24291,0.013883,0.559162,0.091405
AAATTTACCGAAATCC-1,0.17098,0.707685,0.074743,0.046351,0.000081,0.000081,0.000081
AAATTTGCGGGTGTGG-1,0.082341,0.003378,0.269045,0.532229,0.090855,0.021975,0.000177
AACAACTGGTAGTTGC-1,0.670775,0.154989,0.118485,0.000183,0.000091,0.000091,0.055386
AACAATACATTGTCGA-1,0.078494,0.047456,0.581068,0.184913,0.000024,0.082446,0.025599
AACAATTACTCTACGC-1,0.177237,0.077817,0.141023,0.42077,0.002891,0.155752,0.024511
AACACACGCTCGCCGC-1,0.003632,0.279922,0.132649,0.274439,0.000046,0.173665,0.135647
AACACGACTGTACTGA-1,0.064018,0.017829,0.691308,0.226732,0.000038,0.000038,0.000038
AACACGAGACGCGGCC-1,0.000017,0.036299,0.116992,0.77968,0.009568,0.047592,0.009852
AACACGCGGCCGCGAA-1,0.165009,0.338099,0.368503,0.068035,0.060016,0.000281,0.000057
AACAGCTGTGTGGCAA-1,0.070699,0.000962,0.33072,0.528311,0.002487,0.065623,0.001198
AACAGGAAATCGAATA-1,0.128779,0.313847,0.546032,0.011188,0.000052,0.000052,0.000052
AACAGGATGGGCCGCG-1,0.000024,0.002086,0.234455,0.672055,0.053665,0.037691,0.000024
AACAGGTAGTATGGAT-1,0.034139,0.063628,0.014619,0.375012,0.061252,0.150308,0.301043
AACATAGCGTGTATCG-1,0.08732,0.000059,0.079466,0.000119,0.305934,0.169947,0.357154
AACATATCAACTGGTG-1,0.026098,0.212148,0.099148,0.514834,0.025398,0.030825,0.091548
AACATCGATACGTCTA-1,0.072894,0.683231,0.039202,0.110824,0.000074,0.000074,0.093702
AACATTGAAGTTGATC-1,0.020363,0.066211,0.163869,0.415597,0.007293,0.222276,0.104391
AACATTGGTCAGCCGT-1,0.089423,0.450145,0.069211,0.287227,0.08621,0.000047,0.017737
AACATTGTGACTCGAG-1,0.912326,0.005656,0.081281,0.000295,0.000148,0.000148,0.000148
AACCAAGACTTCTCTG-1,0.087991,0.355457,0.151522,0.274594,0.000041,0.056543,0.073852
AACCAGTATCACTCTT-1,0.303633,0.194605,0.170219,0.131133,0.200207,0.000101,0.000101
AACCATAGGGTTGAAC-1,0.168887,0.195206,0.086459,0.091749,0.00004,0.1804,0.27726
AACCATGGGATCGCTA-1,0.061763,0.266472,0.316396,0.297913,0.038044,0.000451,0.018961
AACCCAGAGACGGAGA-1,0.014098,0.050822,0.807149,0.09589,0.02413,0.00788,0.000031
AACCCATCCCATGATC-1,0.002129,0.088448,0.042683,0.547624,0.093492,0.210914,0.014711
AACCCGACAACCCGTG-1,0.827926,0.007768,0.002305,0.000395,0.069708,0.010933,0.080965
AACCCGAGCAGAATCG-1,0.021034,0.230616,0.009181,0.076432,0.016161,0.025224,0.621353
AACCCGATAGGGCTTC-1,0.008533,0.100668,0.108554,0.07952,0.099796,0.412055,0.190874
AACCCGCTGTATTCCA-1,0.54738,0.000036,0.000036,0.000072,0.410678,0.041763,0.000036
AACCCTACTGTCAATA-1,0.073226,0.258607,0.335359,0.163045,0.091398,0.051172,0.027193
AACCCTGGTGGAACCA-1,0.076106,0.105152,0.488105,0.321246,0.002237,0.003623,0.003529
AACCGAGCTTGGTCAT-1,0.132137,0.045924,0.475836,0.217937,0.127249,0.000878,0.000039
AACCGCTAAGGGATGC-1,0.230788,0.459172,0.185247,0.000177,0.000089,0.000089,0.124438
AACCGTTGTGTTTGCT-1,0.000028,0.015758,0.723586,0.212061,0.000099,0.048442,0.000028
AACCTAAAGCCGTCCG-1,0.161912,0.07521,0.211034,0.191501,0.042179,0.126377,0.191787
AACCTCGCTTTAGCCC-1,0.000034,0.000034,0.367585,0.320838,0.101269,0.209828,0.000413
AACCTGTCACGGAATT-1,0.148438,0.191744,0.000093,0.207662,0.001242,0.000093,0.450728
AACCTTTAAATACGGT-1,0.26264,0.101805,0.543821,0.021289,0.04537,0.000051,0.025024
AACCTTTACGACGTCT-1,0.579382,0.293352,0.040382,0.034887,0.00009,0.00009,0.051816
AACGAAAGTCGTCCCA-1,0.331721,0.031792,0.019202,0.244318,0.295237,0.023052,0.054677
AACGACCTCCTAGCCG-1,0.000021,0.003386,0.002248,0.139536,0.096107,0.69891,0.059793
AACGATAATGCCGTAG-1,0.2983,0.001053,0.420641,0.116526,0.137093,0.02635,0.000037
AACGATAGAAGGGCCG-1,0.955036,0.044491,0.000079,0.000158,0.000079,0.000079,0.000079
AACGATATGTCAACTG-1,0.17315,0.019719,0.3654,0.365665,0.00027,0.067402,0.008395
AACGCATGATCTGGGT-1,0.103209,0.137759,0.08474,0.425029,0.239772,0.005044,0.004447
AACGCGAACGGCAACA-1,0.020536,0.000588,0.010131,0.929014,0.021964,0.016128,0.001639
AACGCGACCTTGGGCG-1,0.866967,0.051571,0.000126,0.000252,0.000126,0.000126,0.080833
AACGCGGTCTCCAGCC-1,0.011773,0.020087,0.541837,0.238504,0.164055,0.023704,0.000041
AACGCTGTTGCTGAAA-1,0.106397,0.097784,0.248717,0.308199,0.000053,0.05436,0.18449
AACGGACGTACGTATA-1,0.079384,0.308229,0.166651,0.288712,0.000059,0.013617,0.143347
AACGGCCATCTCCGGT-1,0.297299,0.068638,0.515934,0.048477,0.065106,0.000044,0.004502
AACGTACTGTGGGTAC-1,0.202357,0.00775,0.569872,0.086873,0.122096,0.011011,0.00004
AACGTAGTCTACCCAT-1,0.721753,0.000064,0.0816,0.067207,0.129248,0.000064,0.000064
AACGTCAGACTAGTGG-1,0.085909,0.048736,0.693675,0.074318,0.092752,0.004578,0.000031
AACGTCATCCGGCTTG-1,0.810128,0.000072,0.000072,0.000145,0.189437,0.000072,0.000072
AACGTCGCTGCACTTC-1,0.000024,0.002352,0.000024,0.004602,0.567871,0.421782,0.003345
AACGTGATGAAGGACA-1,0.000303,0.097625,0.166322,0.679895,0.031737,0.016219,0.0079
AACGTGCGAAAGTCTC-1,0.000173,0.045293,0.440583,0.338557,0.147578,0.027727,0.000089
AACGTTATCAGCACCT-1,0.063992,0.274122,0.049465,0.487211,0.100337,0.012373,0.012499
AACGTTCTACCATTGT-1,0.19611,0.000083,0.000083,0.000166,0.574738,0.000083,0.228737
AACTACCCGTTTGTCA-1,0.079992,0.258364,0.03408,0.14234,0.001465,0.002837,0.480922
AACTAGCGTATCGCAC-1,0.891359,0.000102,0.000102,0.026712,0.08152,0.000102,0.000102
AACTAGGCTTGGGTGT-1,0.664884,0.208148,0.119685,0.000248,0.000124,0.000124,0.006786
AACTCAAGTTAATTGC-1,0.756677,0.09419,0.094047,0.006408,0.048542,0.000067,0.000067
AACTCCAGAGCGTGTT-1,0.005957,0.147818,0.219162,0.373472,0.214801,0.017735,0.021055
AACTCCTAATCCCATG-1,0.222833,0.034977,0.108118,0.410515,0.161433,0.014438,0.047688
AACTCGATAAACACGT-1,0.078179,0.525894,0.168405,0.187216,0.000044,0.007238,0.033025
AACTCGATGGCGCAGT-1,0.264386,0.399271,0.259631,0.041975,0.000062,0.001897,0.032778
AACTCTCAATAGAGCG-1,0.000052,0.173596,0.267909,0.429941,0.068073,0.030772,0.029657
AACTCTCAGTGTGCTC-1,0.193636,0.055962,0.733345,0.015603,0.000046,0.001213,0.000196
AACTGAGGTCAGCGTC-1,0.000044,0.197499,0.000045,0.304114,0.029794,0.303926,0.164577
AACTGAGTTATACTGA-1,0.095493,0.048272,0.064174,0.02062,0.037775,0.00141,0.732256
AACTGATATTAGGCCT-1,0.007331,0.011239,0.669414,0.262446,0.004438,0.045096,0.000036
AACTGGGTCCCGACGT-1,0.047223,0.151605,0.546644,0.251411,0.000035,0.001221,0.001861
AACTGGGTTCGAGCCG-1,0.018009,0.110336,0.059608,0.672969,0.032099,0.066171,0.040807
AACTGGTGTGGGCCTT-1,0.513262,0.002615,0.075987,0.32136,0.086569,0.000104,0.000104
AACTTCTGCGTCTATC-1,0.143837,0.309063,0.152584,0.278164,0.005423,0.079078,0.031851
AACTTGCCCGTATGCA-1,0.223197,0.028318,0.398134,0.302093,0.001432,0.041901,0.004924
AACTTGCGTTCTCGCG-1,0.000022,0.019605,0.000497,0.932045,0.000022,0.033991,0.013819
AACTTTACGGGAGCTT-1,0.011405,0.000146,0.000146,0.754944,0.233067,0.000146,0.000146
AACTTTAGCTGCTGAG-1,0.510104,0.115946,0.054449,0.319316,0.000062,0.000062,0.000062
AACTTTCTCGATCATG-1,0.039854,0.006626,0.004896,0.156874,0.456751,0.314109,0.020891
AAGAAAGTTTGATGGG-1,0.015439,0.010845,0.010676,0.002927,0.619203,0.216385,0.124527
AAGAAATCACCAGATT-1,0.145984,0.056962,0.000049,0.000098,0.155504,0.010139,0.631264
AAGAAGGATCAGTTAG-1,0.086779,0.12533,0.027156,0.518736,0.1059,0.111038,0.025061
AAGACATACGTGGTTT-1,0.008156,0.000092,0.000092,0.000184,0.178967,0.000092,0.812416
AAGACCAAATAACTCA-1,0.278456,0.014283,0.01888,0.23712,0.302691,0.122403,0.026167
AAGACCCAACTGAACA-1,0.821909,0.011691,0.029706,0.11579,0.000052,0.010703,0.010148
AAGACTAACCCGTTGT-1,0.211631,0.146993,0.201265,0.308527,0.131148,0.000217,0.000217
AAGACTCACGCCCACT-1,0.168744,0.14538,0.058009,0.055427,0.000042,0.096569,0.475829
AAGACTGCAAGCTACT-1,0.023956,0.072729,0.65073,0.203977,0.000051,0.025836,0.022722
AAGAGATGAATCGGTA-1,0.027733,0.129944,0.294461,0.323275,0.207588,0.016961,0.000037
AAGAGCTCTTTATCGG-1,0.000043,0.009829,0.503451,0.44897,0.000043,0.037124,0.000539
AAGAGGATGTACGCGA-1,0.233902,0.322459,0.364047,0.071926,0.000062,0.000062,0.007541
AAGAGGCATGGATCGC-1,0.130001,0.013341,0.089134,0.526075,0.241398,0.000025,0.000025
AAGAGGCCCTTTGGAA-1,0.024045,0.128811,0.047493,0.268853,0.013009,0.026308,0.491481
AAGATGGCACCGGACC-1,0.247901,0.034712,0.478202,0.103143,0.010094,0.034465,0.091482
AAGATTGGCGGAACGT-1,0.47177,0.095385,0.122374,0.279129,0.000048,0.002586,0.028708
AAGCACCCTGCGTATC-1,0.000027,0.000027,0.472906,0.374628,0.062814,0.089572,0.000027
AAGCATACTCTCCTGA-1,0.285513,0.09692,0.446372,0.021889,0.146335,0.00005,0.002921
AAGCCACTTGCAGGTA-1,0.239146,0.004525,0.193583,0.000077,0.158898,0.222705,0.181066
AAGCCGAAGCGGTTTA-1,0.212148,0.07799,0.074974,0.404811,0.012332,0.019897,0.197848
AAGCCGCCGTGAAATC-1,0.236574,0.055633,0.297727,0.039871,0.019677,0.14435,0.206168
AAGCCGCTTTACCTTG-1,0.129972,0.10075,0.006388,0.028028,0.059733,0.05565,0.619479
AAGCCGGAGAGCAGGA-1,0.003305,0.002785,0.012705,0.078742,0.036736,0.530027,0.335701
AAGCGCAGGGCTTTGA-1,0.077055,0.053905,0.525854,0.026907,0.222587,0.013287,0.080404
AAGCGGAGTGCGCGCA-1,0.078075,0.033461,0.186239,0.104075,0.171861,0.209555,0.216734
AAGCGGCGTCATGGGT-1,0.025811,0.20513,0.105655,0.430318,0.029281,0.066373,0.137433
AAGCGTCCCTCATCGA-1,0.012095,0.05969,0.528464,0.359531,0.000029,0.035034,0.005157
AAGCTAGATCGAGTAA-1,0.00003,0.010122,0.784582,0.151194,0.051019,0.003023,0.00003
AAGCTATGGATTGACC-1,0.025627,0.080166,0.031964,0.195311,0.000567,0.414599,0.251766
AAGCTCGTGCCAAGTC-1,0.115075,0.185023,0.410751,0.266533,0.015901,0.000178,0.006538
AAGCTCTTTCATGGTG-1,0.000037,0.000511,0.459796,0.363024,0.073545,0.103049,0.000037
AAGGAGAACTTATAAG-1,0.856517,0.126045,0.008318,0.007471,0.00142,0.000114,0.000114
AAGGAGCGGTTGGTGC-1,0.692884,0.000199,0.074335,0.000398,0.157542,0.000199,0.074444
AAGGATCGATCGCTTG-1,0.055068,0.696423,0.058676,0.127031,0.000093,0.000093,0.062617
AAGGATGAGGGACCTC-1,0.027478,0.044976,0.288765,0.627737,0.000035,0.003747,0.007262
AAGGCAGGCTGTCTCC-1,0.033032,0.066789,0.000069,0.010469,0.630944,0.000069,0.258629
AAGGCGCGTAAAGCTT-1,0.00343,0.082764,0.691455,0.142046,0.014195,0.044913,0.021196
AAGGCTGTGCTCATCG-1,0.999403,0.000085,0.000085,0.00017,0.000085,0.000085,0.000085
AAGGGAACGACTGGCT-1,0.006455,0.042713,0.23206,0.418441,0.000022,0.205886,0.094423
AAGGGACAGATTCTGT-1,0.023311,0.178617,0.240576,0.448257,0.000031,0.073695,0.035512
AAGGGACTATGCATTC-1,0.081304,0.28566,0.14109,0.201721,0.001357,0.058349,0.23052
AAGGGTTAGCCATGCG-1,0.000084,0.000084,0.000084,0.000254,0.920352,0.005027,0.074117
AAGGGTTTGATTTCAG-1,0.126386,0.015622,0.001488,0.299613,0.077623,0.33739,0.141878
AAGGTATCCTAATATA-1,0.002982,0.148573,0.42438,0.287541,0.082193,0.051088,0.003242
AAGGTGATAAACCAGC-1,0.261165,0.080741,0.340149,0.124737,0.117823,0.016895,0.058491
AAGTAAGCTTCCAAAC-1,0.142095,0.159383,0.588801,0.051778,0.057843,0.00005,0.00005
AAGTAGAAGACCGGGT-1,0.981179,0.000057,0.000057,0.000113,0.018481,0.000057,0.000057
AAGTAGTGACGCGAGG-1,0.125503,0.463821,0.250528,0.096654,0.02086,0.000673,0.041961
AAGTCAATTGTCGTCA-1,0.000036,0.067189,0.145087,0.5399,0.138497,0.091466,0.017825
AAGTCTAGTAGCTGCC-1,0.178969,0.114163,0.000082,0.000163,0.035337,0.000082,0.671204
AAGTCTTCTGTGGCCT-1,0.011768,0.028279,0.019496,0.68897,0.047375,0.195634,0.008479
AAGTGACGACCGAATT-1,0.026193,0.247532,0.392584,0.282083,0.000032,0.025562,0.026014
AAGTGAGTCGGGTTTA-1,0.719565,0.000084,0.000084,0.148862,0.088005,0.043315,0.000084
AAGTGCAAAGGTAGAC-1,0.001956,0.079543,0.021292,0.670651,0.224213,0.002298,0.000046
AAGTGCCTTGACTGTA-1,0.323068,0.399646,0.105057,0.012798,0.042501,0.000109,0.116822
AAGTGCGTTAGAATCT-1,0.061613,0.317838,0.070621,0.488199,0.002521,0.023168,0.03604
AAGTGCTTCTCTATTG-1,0.123433,0.000019,0.50366,0.019552,0.07296,0.277274,0.003103
AAGTGTTTGGAGACGG-1,0.370169,0.05917,0.381551,0.16272,0.015149,0.00625,0.004991
AAGTTCACTCCAAGCT-1,0.057007,0.021758,0.513747,0.282236,0.000621,0.004989,0.119641
AAGTTCAGTCTGCGTA-1,0.019061,0.683523,0.028083,0.211528,0.000053,0.000189,0.057563
AAGTTCGGCCAACAGG-1,0.086978,0.014335,0.526331,0.222028,0.146806,0.003482,0.000039
AAGTTGTGATGTTATA-1,0.027809,0.032935,0.001478,0.108053,0.161605,0.144274,0.523847
AAGTTTACTAATGGCA-1,0.229422,0.008731,0.540145,0.105496,0.116101,0.000052,0.000052
AAGTTTATGGGCCCAA-1,0.011668,0.031318,0.612805,0.061735,0.050437,0.189118,0.042919
AATAACAACGCTCGGC-1,0.133368,0.288206,0.2514,0.264106,0.018868,0.012803,0.031248
AATAACACTAGAACAA-1,0.00548,0.002308,0.693915,0.157222,0.042994,0.098045,0.000036
AATAACGTCGCGCCCA-1,0.000048,0.00154,0.004357,0.09317,0.192736,0.321597,0.386553
AATAAGTCCTCGAGAC-1,0.001041,0.175841,0.414967,0.366316,0.020536,0.02126,0.000039
AATAATCTTCGTATCG-1,0.01216,0.033234,0.063301,0.020489,0.150392,0.28469,0.435734
AATACAATGTTTCAGG-1,0.312769,0.427858,0.165127,0.022117,0.000068,0.000068,0.071993
AATACCGGAGGGCTGT-1,0.038853,0.050798,0.661211,0.034962,0.004231,0.168123,0.041822
AATACCTGATGTGAAC-1,0.109319,0.000031,0.013682,0.041133,0.033093,0.609105,0.193636
AATAGAACAGAGTGGC-1,0.999527,0.000068,0.000068,0.000135,0.000068,0.000068,0.000068
AATAGAATCTGTTTCA-1,0.222736,0.276962,0.301078,0.059468,0.000066,0.003068,0.136621
AATAGCAAGCCTCCTG-1,0.046355,0.175408,0.00673,0.081668,0.053965,0.049239,0.586636
AATAGCTACCGCGTGC-1,0.09806,0.331193,0.001223,0.472866,0.000054,0.015648,0.080957
AATAGGCACGACCCTT-1,0.157692,0.000026,0.364588,0.000052,0.170559,0.283805,0.023278
AATAGTCCGTCCCGAC-1,0.897143,0.032248,0.000092,0.000183,0.000092,0.000092,0.07015
AATAGTCGCGAGTCGG-1,0.187209,0.198472,0.035873,0.444297,0.045254,0.005545,0.083351
AATATCAAGGTCGGAT-1,0.543265,0.081296,0.326824,0.046437,0.00008,0.00008,0.002018
AATATCCTAGCAAACT-1,0.100738,0.355471,0.040592,0.20789,0.099117,0.128478,0.067715
AATATCGAATCAATGC-1,0.083856,0.072919,0.069319,0.361757,0.161081,0.043596,0.207471
AATATCGAGGGTTCTC-1,0.150775,0.176523,0.084404,0.484303,0.015123,0.082911,0.005961
AATATTGGAGTATTGA-1,0.045956,0.406125,0.116486,0.317011,0.03531,0.010842,0.06827
AATCAGACTGCAGGAC-1,0.058563,0.191701,0.25851,0.399933,0.001537,0.035635,0.054122
AATCAGGTTTCATTTA-1,0.13567,0.003159,0.479588,0.032918,0.100186,0.222999,0.02548
AATCATGTAAAGACTC-1,0.016751,0.392064,0.188808,0.000139,0.000069,0.006337,0.395831
AATCCAAGGGCCTGAG-1,0.999536,0.000066,0.000066,0.000132,0.000066,0.000066,0.000066
AATCCATGCAAGGGTG-1,0.060405,0.618919,0.220106,0.055153,0.000059,0.000059,0.045298
AATCCCGCTCAGAGCC-1,0.875465,0.000039,0.000039,0.000077,0.124303,0.000039,0.000039
AATCGAGGTCTCAAGG-1,0.079655,0.020695,0.216963,0.000482,0.074318,0.14575,0.462136
AATCGCCTCAGCGCCA-1,0.031277,0.341148,0.26946,0.287372,0.052492,0.008991,0.00926
AATCGCGCAGAGGACT-1,0.189545,0.093434,0.005137,0.361154,0.167584,0.039531,0.143616
AATCGGGACACTACGA-1,0.355458,0.000067,0.309702,0.225459,0.109181,0.000067,0.000067
AATCGGTATAGCCCTC-1,0.000043,0.014021,0.000043,0.000904,0.126114,0.559238,0.299635
AATCGTGAGCCGAGCA-1,0.174795,0.027609,0.442528,0.146678,0.022191,0.068273,0.117926
AATCTAGGTTTACTTG-1,0.411011,0.076449,0.193871,0.045205,0.168358,0.000222,0.104884
AATCTATGCCGGAGCC-1,0.08851,0.349382,0.026533,0.383329,0.079273,0.020768,0.052204
AATCTCTACTGTGGTT-1,0.039166,0.380298,0.064838,0.441318,0.006911,0.035082,0.032387
AATCTGCGTTGGGACG-1,0.097948,0.111567,0.284191,0.39051,0.000044,0.044138,0.071603
AATCTGGCTTTCTAGT-1,0.023117,0.268128,0.046508,0.411414,0.163093,0.051664,0.036075
AATCTGGGTAGACCCT-1,0.05197,0.055889,0.145167,0.452662,0.020804,0.243942,0.029567
AATGACAGCAATGTCT-1,0.149274,0.194112,0.220647,0.419985,0.000044,0.001275,0.014664
AATGACGTAGGATGTC-1,0.104899,0.045056,0.659418,0.097264,0.093259,0.000052,0.000052
AATGACTGTCAGCCGG-1,0.48043,0.000158,0.000158,0.000315,0.518624,0.000158,0.000158
AATGAGTTCGCATATG-1,0.08453,0.35935,0.069939,0.42199,0.000042,0.039065,0.025084
AATGATGATACGCTAT-1,0.211931,0.394961,0.148252,0.07462,0.022099,0.000071,0.148066
AATGATGCGACTCCTG-1,0.266937,0.509248,0.082148,0.054589,0.000067,0.000067,0.086944
AATGCAACCGGGTACC-1,0.519412,0.078068,0.339961,0.019231,0.039947,0.000068,0.003312
AATGCACCAAGCAATG-1,0.377777,0.533212,0.013627,0.000148,0.057937,0.000074,0.017226
AATGGCCGCCAATGCG-1,0.220812,0.061743,0.000066,0.000131,0.185709,0.000066,0.531474
AATGGTCCACCGTTCA-1,0.060088,0.66903,0.045301,0.136263,0.000065,0.000065,0.089189
AATGGTTCTCACAAGC-1,0.271295,0.011359,0.400198,0.289627,0.022545,0.004943,0.000033
AATGTATGGCACTGTA-1,0.059651,0.164078,0.067178,0.057579,0.02917,0.190678,0.431666
AATGTGCCCGAGGTGT-1,0.070312,0.039221,0.328967,0.33093,0.140213,0.068385,0.021972
AATGTGCTAATCTGAG-1,0.003455,0.125328,0.435051,0.109555,0.138505,0.173362,0.014742
AATGTTAAGACCCTGA-1,0.026632,0.007829,0.13415,0.028256,0.354811,0.287251,0.161071
AATGTTGTCGTGAGAC-1,0.031094,0.172926,0.057065,0.041634,0.319817,0.212464,0.165
AATTAAAGGTCGGCGT-1,0.583835,0.037676,0.177936,0.200196,0.000119,0.000119,0.000119
AATTAACGGATTTCCA-1,0.426397,0.000054,0.515081,0.025212,0.033148,0.000054,0.000054
AATTACGAGACCCATC-1,0.045297,0.275242,0.121848,0.088574,0.087721,0.215012,0.166306
AATTACTCGTACGCTC-1,0.071815,0.432168,0.039724,0.256499,0.130607,0.02594,0.043246
AATTAGCGCTGCAGCG-1,0.832407,0.036787,0.044255,0.013689,0.00263,0.000099,0.070134
AATTATACCCAGCAAG-1,0.14084,0.03572,0.137017,0.000118,0.066165,0.000075,0.620066
AATTCATAAGGGATCT-1,0.070361,0.067473,0.312845,0.456753,0.000037,0.067011,0.02552
AATTCATTGTCATGCA-1,0.07384,0.084748,0.027198,0.355272,0.025415,0.349285,0.084241
AATTCCAACTTGGTGA-1,0.128416,0.449367,0.090695,0.302308,0.014032,0.012328,0.002854
AATTCCAAGCATGTAC-1,0.577746,0.001456,0.180336,0.045907,0.042615,0.151109,0.000831
AATTCGATTCGAGGAT-1,0.005727,0.018457,0.579978,0.239255,0.000217,0.120035,0.036331
AATTCTAGAGTTAGGC-1,0.680335,0.052849,0.112198,0.034443,0.114581,0.000103,0.005491
AATTGAACGCTCTGGT-1,0.198421,0.028597,0.208083,0.395737,0.083476,0.013602,0.072084
AATTGCAGCAATCGAC-1,0.231712,0.225953,0.039817,0.05902,0.063515,0.002423,0.377561
AATTGCGTGGATTACA-1,0.057462,0.034753,0.099289,0.316023,0.182068,0.241775,0.06863
AATTGTGGTTGCCAAA-1,0.013849,0.030705,0.003941,0.080113,0.100526,0.130202,0.640663
AATTTGGGACATAGTA-1,0.00004,0.151977,0.022598,0.735399,0.00004,0.068692,0.021254
AATTTGGTTCCAAAGA-1,0.078635,0.25223,0.644989,0.023981,0.000055,0.000055,0.000055
ACAAACCATGCGTCCT-1,0.225336,0.131559,0.092929,0.190286,0.007768,0.114889,0.237233
ACAAACCGACAAGGCG-1,0.072576,0.086422,0.369487,0.210413,0.000039,0.162312,0.098752
ACAAACTCCATCAGAG-1,0.839125,0.000054,0.000054,0.000108,0.000054,0.000054,0.160551
ACAAAGAAGGTAGGCC-1,0.304049,0.169716,0.015428,0.343861,0.118003,0.004272,0.044669
ACAAAGCATGACCTAG-1,0.03957,0.104229,0.167366,0.312897,0.054275,0.110149,0.211514
ACAAATCGCACCGAAT-1,0.005951,0.218699,0.524672,0.214946,0.000066,0.000066,0.035598
ACAAATGGTAGTGTTT-1,0.043619,0.341242,0.297344,0.19725,0.077457,0.000061,0.043027
ACAAATTCAGATCTGA-1,0.529633,0.174652,0.00774,0.108166,0.048975,0.001109,0.129724
ACAACAGCATGAGCTA-1,0.000025,0.008272,0.358897,0.609536,0.015464,0.007505,0.0003
ACAACGGTCCCTGCGA-1,0.124668,0.013029,0.107951,0.584596,0.144251,0.025487,0.000019
ACAAGCAGTGCCTAGC-1,0.123866,0.259244,0.31344,0.142805,0.145163,0.011908,0.003574
ACAAGCTATATGGAAG-1,0.094227,0.3105,0.026027,0.482856,0.001309,0.007966,0.077114
ACAAGGAAATCCGCCC-1,0.161393,0.069429,0.556212,0.137253,0.033983,0.012715,0.029015
ACAAGGACAAGAGGTT-1,0.16543,0.28653,0.433174,0.089306,0.00591,0.002086,0.017564
ACAAGGATGCTTTAGG-1,0.430004,0.148275,0.187261,0.041406,0.043438,0.01062,0.138997
ACAAGGCCTACCAGCC-1,0.001898,0.389633,0.018014,0.054959,0.00004,0.183097,0.352359
ACAAGGGCAGGCTCTG-1,0.191946,0.081486,0.213234,0.307968,0.153725,0.013538,0.038103
ACAAGTAATTGTAAGG-1,0.071215,0.049534,0.172214,0.188524,0.029882,0.428921,0.059711
ACAATAGTCGTACGTT-1,0.003366,0.112751,0.13815,0.679823,0.000029,0.020228,0.045653
ACAATCCATTTAAACC-1,0.132456,0.092088,0.390055,0.211249,0.158083,0.005037,0.011032
ACAATCGATCTTTATA-1,0.037426,0.029473,0.723909,0.160225,0.023392,0.025524,0.000052
ACAATGAATACGGAGA-1,0.054826,0.176387,0.276608,0.379792,0.012026,0.03474,0.06562
ACAATGATTCTTCTAC-1,0.347406,0.007694,0.010295,0.070304,0.357356,0.035901,0.171044
ACAATTGTGTCTCTTT-1,0.008937,0.033709,0.122907,0.538243,0.267524,0.026359,0.002321
ACAATTTAGGAGGCTC-1,0.040343,0.274972,0.072258,0.526612,0.008482,0.06243,0.014903
ACAATTTGAGCAGTGG-1,0.299818,0.536029,0.096931,0.006897,0.000096,0.000096,0.060134
ACAATTTGGCCATATT-1,0.000051,0.113004,0.009876,0.031495,0.044133,0.229496,0.571946
ACACAAAGACGGGTGG-1,0.715924,0.190647,0.092964,0.000186,0.000093,0.000093,0.000093
ACACAAATATTCCTAG-1,0.124845,0.074283,0.031996,0.000116,0.019301,0.004572,0.744886
ACACACCAGGACCAGT-1,0.13616,0.256443,0.07427,0.432457,0.041419,0.004119,0.055132
ACACACTTTCTACACG-1,0.009906,0.004986,0.688548,0.102801,0.193663,0.000059,0.000037
ACACATGATCAAATCT-1,0.074124,0.188133,0.217617,0.288177,0.022676,0.126467,0.082806
ACACATTGACGCAACA-1,0.030176,0.48898,0.011099,0.326704,0.003807,0.121805,0.017431
ACACATTTCCGTAGAC-1,0.000057,0.000057,0.421314,0.000115,0.072904,0.332474,0.17308
ACACCACATAATTAGC-1,0.197626,0.326221,0.003079,0.122869,0.014736,0.000082,0.335387
ACACCCAGCATGCAGC-1,0.486032,0.014719,0.161458,0.333554,0.000522,0.003618,0.000095
ACACCCGAGAAATCCG-1,0.167057,0.044119,0.512595,0.218766,0.025689,0.022996,0.008778
ACACCCGTAAATCTGT-1,0.071787,0.026941,0.070247,0.162387,0.223403,0.418934,0.026302
ACACCGAGCGCTCTTT-1,0.093365,0.284615,0.03341,0.313471,0.090385,0.059297,0.125458
ACACCGGTCTGACCGC-1,0.018314,0.448559,0.134518,0.101162,0.000043,0.114337,0.183066
ACACCTTAAGTAGGGC-1,0.66053,0.177845,0.161194,0.000173,0.000086,0.000086,0.000086
ACACCTTACTACTTGC-1,0.275268,0.156238,0.00302,0.186287,0.236891,0.00006,0.142235
ACACGAGACTCCTTCT-1,0.098743,0.002353,0.365292,0.43173,0.036709,0.06004,0.005133
ACACGGCACTATGCAT-1,0.009602,0.136697,0.195906,0.651214,0.000029,0.003445,0.003107
ACACGGGAACTTAGGG-1,0.134346,0.009363,0.284508,0.509212,0.049632,0.008134,0.004806
ACACGTAGGCCACAAG-1,0.000273,0.14343,0.056996,0.333047,0.130008,0.235096,0.101149
ACACTCCAATGTCACT-1,0.403403,0.09692,0.02656,0.291982,0.119692,0.013735,0.047708
ACACTGATCAAGGTGT-1,0.999338,0.000095,0.000095,0.000189,0.000094,0.000095,0.000095
ACACTGGGACAGTCGT-1,0.012223,0.019718,0.000991,0.232836,0.295498,0.323938,0.114797
ACAGAACTGAGAACAA-1,0.204716,0.359125,0.165496,0.144473,0.000042,0.007628,0.118521
ACAGATTAGGTTAGTG-1,0.474266,0.007108,0.275166,0.243267,0.000064,0.000064,0.000064
ACAGCATAGAGCCAGT-1,0.621147,0.010441,0.100733,0.143797,0.123781,0.000051,0.000051
ACAGCGACATTCTCAT-1,0.178837,0.301646,0.167374,0.005104,0.000096,0.000096,0.346846
ACAGCGCACCCGCAGC-1,0.000018,0.000403,0.237738,0.670424,0.036628,0.054771,0.000018
ACAGGAGGCGCAGCCG-1,0.079186,0.35805,0.000727,0.319699,0.12537,0.001379,0.115589
ACAGGCACGGATCCTT-1,0.176007,0.000046,0.052197,0.095287,0.265401,0.263076,0.147986
ACAGGCTTGCCCGACT-1,0.077229,0.135378,0.293199,0.22833,0.000043,0.191871,0.07395
ACAGGTGGAGGTGAGG-1,0.093247,0.050158,0.695227,0.131969,0.027977,0.001347,0.000075
ACAGGTGTGTTGTTGC-1,0.20968,0.179738,0.000057,0.235426,0.265018,0.000065,0.110016
ACAGTAATACAACTTG-1,0.086313,0.222657,0.055487,0.585764,0.019185,0.014528,0.016066
ACAGTATACCGTGGGA-1,0.036294,0.08471,0.00612,0.33519,0.245916,0.221009,0.07076
ACAGTGCAGCGCATTT-1,0.036846,0.073433,0.0143,0.200233,0.402393,0.244152,0.028642
ACATAAGTCGTGGTGA-1,0.481749,0.341894,0.014385,0.003295,0.000058,0.000058,0.15856
ACATAATAAGGCGGTG-1,0.162942,0.086246,0.542851,0.113769,0.013413,0.059579,0.021199
ACATACAATCAAGCGG-1,0.11211,0.026633,0.009579,0.002209,0.054469,0.145574,0.649426
ACATCAGCTGGGACGC-1,0.000017,0.024021,0.002289,0.719343,0.245303,0.009011,0.000017
ACATCCCGGCCATACG-1,0.891041,0.003557,0.005318,0.099851,0.000077,0.000077,0.000077
ACATCCTGGTAACTGT-1,0.020844,0.245239,0.019337,0.292157,0.231185,0.010665,0.180573
ACATCGATCGTTTACC-1,0.030457,0.012905,0.716727,0.126589,0.113064,0.00019,0.000068
ACATCGCAATATTCGG-1,0.087015,0.071344,0.280835,0.071991,0.001607,0.384009,0.103198
ACATCGGTCAGCCGCG-1,0.007103,0.00532,0.53495,0.389522,0.016588,0.046485,0.000032
ACATCGTATGCAATGG-1,0.017442,0.15176,0.615332,0.170652,0.000049,0.035844,0.008919
ACATCGTTAACCTAGT-1,0.224756,0.297707,0.401089,0.074536,0.000065,0.000065,0.001782
ACATCTCAACGCGTAA-1,0.114204,0.077282,0.337369,0.425228,0.044596,0.00127,0.000052
ACATGCTTACGGCAGC-1,0.069844,0.00233,0.098719,0.077291,0.163182,0.54922,0.039415
ACATGGCGCCAAAGTA-1,0.260745,0.215348,0.057963,0.22815,0.080073,0.024577,0.133145
ACATGGCTCAATTTAG-1,0.121027,0.284072,0.018386,0.426513,0.028437,0.04334,0.078225
ACATTAGTTTATATCC-1,0.885936,0.088058,0.025326,0.000272,0.000136,0.000136,0.000136
ACATTCGCGCGGAATA-1,0.060487,0.004791,0.174248,0.136613,0.434006,0.148129,0.041726
ACATTTGAAACCTAAC-1,0.000018,0.000018,0.000018,0.051584,0.15799,0.787674,0.002699
ACCAAACACCCAGCGA-1,0.000019,0.022645,0.010317,0.719037,0.075903,0.169083,0.002996
ACCAAACTAGAAATCC-1,0.042703,0.019082,0.548268,0.341824,0.018962,0.020975,0.008184
ACCAACACCACACACT-1,0.072094,0.122303,0.002918,0.329361,0.454121,0.000036,0.019167
ACCAACCGCACTCCAC-1,0.000021,0.007946,0.025778,0.501742,0.203586,0.243654,0.017272
ACCAACGCTTATTTAT-1,0.803675,0.000107,0.036492,0.103788,0.000107,0.055433,0.000398
ACCAAGAACGCGTGTC-1,0.542725,0.000149,0.026948,0.19184,0.238039,0.000149,0.000149
ACCAAGTCATCGGCAG-1,0.000054,0.13361,0.035382,0.070362,0.129302,0.278948,0.352341
ACCAATATGCAAGTTA-1,0.206388,0.020427,0.39996,0.287971,0.032834,0.037886,0.014534
ACCACAACTCAGAACA-1,0.173334,0.337206,0.435373,0.036264,0.0038,0.00006,0.013963
ACCACAAGTTTCTATC-1,0.880561,0.000099,0.000099,0.000199,0.118843,0.000099,0.000099
ACCACACGGTTGATGG-1,0.01535,0.028274,0.215906,0.000117,0.078882,0.192565,0.468906
ACCACCAATGTAACAA-1,0.137476,0.035085,0.036582,0.553925,0.107185,0.072906,0.05684
ACCACCCTCTCTTCTA-1,0.13649,0.012286,0.006348,0.069076,0.391645,0.226714,0.15744
ACCACGTGCAGCTATA-1,0.318196,0.232472,0.338485,0.087504,0.000065,0.000065,0.023214
ACCACTGTTCAAGAAG-1,0.032128,0.429773,0.07497,0.312733,0.000039,0.138957,0.0114
ACCAGACCATAACAAC-1,0.025552,0.098965,0.023787,0.658125,0.015004,0.135376,0.043191
ACCAGCCCGGTCTTTG-1,0.291287,0.19555,0.359462,0.086306,0.000064,0.002606,0.064724
ACCAGGAGTGTGATCT-1,0.82415,0.000052,0.029965,0.133796,0.011931,0.000052,0.000052
ACCAGTGCCCGGTCAA-1,0.070148,0.100627,0.110004,0.550928,0.025115,0.056466,0.086711
ACCAGTGCGGGAGACG-1,0.000058,0.269542,0.241856,0.347237,0.000058,0.062651,0.078598
ACCATATCCGCAATAA-1,0.71568,0.26002,0.010999,0.012914,0.000129,0.000129,0.000129
ACCATCCGCCAACTAG-1,0.027152,0.035043,0.033589,0.817348,0.018216,0.055753,0.0129
ACCATCGTATATGGTA-1,0.567587,0.207047,0.174382,0.049083,0.000093,0.000093,0.001716
ACCATTAAGGGTGTCA-1,0.339756,0.256257,0.011375,0.165331,0.115498,0.000065,0.111718
ACCCAACGCCCGTGGC-1,0.183326,0.490928,0.236193,0.00983,0.0227,0.002096,0.054928
ACCCACCTACATGCTC-1,0.053742,0.358062,0.215229,0.265255,0.000041,0.081449,0.026222
ACCCATCTTGAGGGTA-1,0.000032,0.006839,0.495063,0.389814,0.001287,0.106931,0.000032
ACCCATTTGTCCCTCT-1,0.000084,0.218085,0.168129,0.173392,0.269413,0.092957,0.07794
ACCCGAGCGAAATTAC-1,0.324761,0.037166,0.290164,0.151086,0.017482,0.146311,0.033031
ACCCGATTGGTTCCGA-1,0.362262,0.007467,0.353167,0.031995,0.068073,0.140418,0.036618
ACCCGGAAACTCCCAG-1,0.520321,0.153556,0.291423,0.000206,0.000103,0.000103,0.034288
ACCCGGAGCACCACAA-1,0.11774,0.017657,0.016745,0.03966,0.624697,0.048667,0.134834
ACCCGGATGACGCATC-1,0.188697,0.67554,0.054791,0.003602,0.000085,0.000085,0.0772
ACCCGGTTACACTTCC-1,0.650598,0.022965,0.055456,0.27045,0.000415,0.000058,0.000058
ACCCGTAGCAGAGAAT-1,0.173366,0.075316,0.005667,0.000568,0.215555,0.033235,0.496293
ACCCGTAGTCTAGTTG-1,0.008597,0.000463,0.000046,0.021434,0.271924,0.245982,0.451553
ACCCGTGTCATCAGTA-1,0.969485,0.000058,0.000058,0.030224,0.000058,0.000058,0.000058
ACCCTATAGGACTGAG-1,0.040667,0.485867,0.173763,0.216675,0.043084,0.021234,0.01871
ACCCTATGCCATATCG-1,0.031765,0.020574,0.720143,0.133296,0.050258,0.041149,0.002815
ACCCTCCCGTCAGGGC-1,0.065348,0.092217,0.043304,0.009817,0.032123,0.085501,0.67169
ACCCTCCCTTGCTATT-1,0.13601,0.009575,0.249074,0.41691,0.092167,0.070556,0.025709
ACCCTGGTAACGCCCT-1,0.15144,0.393634,0.003194,0.230756,0.016856,0.000073,0.204047
ACCCTTCATCTGCGAA-1,0.003365,0.035103,0.640705,0.290997,0.010446,0.019345,0.000038
ACCCTTGCCTGGGTCG-1,0.067251,0.039471,0.021465,0.096329,0.058985,0.381009,0.335491
ACCCTTTAGTTCTCCA-1,0.001295,0.391073,0.285829,0.297536,0.00006,0.021467,0.002739
ACCGAAAGGGCCCTGC-1,0.999677,0.000046,0.000046,0.000092,0.000046,0.000046,0.000046
ACCGAAGAGTCTGGTT-1,0.044759,0.18466,0.097501,0.320441,0.160431,0.114681,0.077528
ACCGACACATCTCCCA-1,0.17315,0.073757,0.500753,0.065691,0.137657,0.02368,0.025312
ACCGACTGAGTCCCAC-1,0.223147,0.02173,0.545263,0.123369,0.000051,0.076011,0.01043
ACCGAGTCTCCTTATT-1,0.051012,0.022252,0.237329,0.026319,0.068366,0.466641,0.128081
ACCGATAGGCATAACC-1,0.000027,0.035944,0.000857,0.153957,0.373783,0.378124,0.057308
ACCGATATTTAATCAT-1,0.013671,0.000023,0.000023,0.215062,0.365943,0.330574,0.074704
ACCGATGGTAGCATCG-1,0.126149,0.432885,0.254929,0.098236,0.00008,0.00008,0.087641
ACCGCAATAACTGCCT-1,0.213446,0.027949,0.425248,0.16566,0.051985,0.086345,0.029368
ACCGCGGTGGAAGTCG-1,0.0579,0.192118,0.072183,0.46839,0.000042,0.139996,0.069371
ACCGCTAGTCATTGGT-1,0.000015,0.001036,0.268752,0.020487,0.263102,0.441884,0.004724
ACCGGGCCTTTGTTGA-1,0.321384,0.084737,0.206406,0.186159,0.0029,0.089213,0.109202
ACCGGTCAGGTACACC-1,0.059807,0.598802,0.086707,0.060031,0.000048,0.002625,0.19198
ACCGGTCTGAGTACGG-1,0.000057,0.63043,0.039299,0.013342,0.000057,0.054488,0.262326
ACCGTCCACTGGGCCC-1,0.381616,0.052454,0.023671,0.093303,0.24974,0.069312,0.129905
ACCGTGACCACGTGGG-1,0.226624,0.122442,0.60494,0.003786,0.00005,0.000133,0.042025
ACCGTTCCCGCTCTGA-1,0.088624,0.035546,0.689378,0.111386,0.044069,0.017501,0.013497
ACCTAAGTACCTTTCA-1,0.350303,0.106359,0.154258,0.309456,0.047069,0.010782,0.021774
ACCTAATCGACTTCCT-1,0.350665,0.237948,0.125156,0.11892,0.128488,0.00009,0.038734
ACCTACAGTATGTGGT-1,0.018657,0.099211,0.01769,0.610436,0.093283,0.013041,0.147682
ACCTACTATAAATCTA-1,0.85932,0.000049,0.000049,0.000098,0.092837,0.007049,0.040598
ACCTCAGCGAGGCGCA-1,0.075084,0.078734,0.035733,0.000193,0.160891,0.013334,0.63603
ACCTCCGCCCTCGCTG-1,0.000038,0.126117,0.045428,0.271505,0.000038,0.237448,0.319426
ACCTCCGTTATTCACC-1,0.084447,0.171588,0.032213,0.28689,0.360107,0.031625,0.03313
ACCTCGAACTTATGCT-1,0.341986,0.188448,0.077974,0.015911,0.007022,0.011411,0.357247
ACCTGCGTGTCATGTT-1,0.031825,0.246624,0.203392,0.40463,0.000073,0.016797,0.096658
ACCTTTCCTTTAGAAG-1,0.000031,0.015037,0.39047,0.391135,0.137808,0.065488,0.000031
ACGAAATGGGCGGCAC-1,0.002585,0.123454,0.188332,0.50321,0.179444,0.002955,0.000021
ACGACCCATGAGTTGC-1,0.048435,0.000437,0.04176,0.072151,0.081034,0.558925,0.197258
ACGACTCTAGGGCCGA-1,0.029537,0.00105,0.017283,0.040369,0.464333,0.276629,0.170799
ACGACTGGTCATACTC-1,0.067474,0.068813,0.376337,0.241643,0.035852,0.149779,0.060102
ACGAGAACCCATCACG-1,0.260171,0.192882,0.33466,0.04357,0.167676,0.00004,0.001002
ACGAGATATTTGCTTA-1,0.026075,0.117232,0.329044,0.447789,0.000052,0.010281,0.069528
ACGAGGATACCACTCT-1,0.032598,0.231589,0.264795,0.310955,0.000043,0.101598,0.058422
ACGAGGTTTACAACGT-1,0.138647,0.13049,0.155289,0.304735,0.131037,0.056128,0.083674
ACGAGTACGGATGCCC-1,0.053485,0.082114,0.068032,0.715822,0.000031,0.024805,0.055712
ACGAGTCGCCGGCGTT-1,0.000022,0.052467,0.011648,0.845152,0.000022,0.089579,0.001109
ACGATACATAGAACTA-1,0.279099,0.30686,0.322944,0.077606,0.000064,0.000064,0.013364
ACGATACCTATCCTGA-1,0.0503,0.65606,0.013373,0.227216,0.00006,0.000997,0.051994
ACGATCATACATAGAG-1,0.000033,0.000033,0.58085,0.349861,0.030466,0.038725,0.000033
ACGATCATCTTGTAAA-1,0.093538,0.203538,0.115633,0.469875,0.000057,0.019226,0.098135
ACGATGCATATGTTAT-1,0.852061,0.052505,0.091674,0.003491,0.00009,0.00009,0.00009
ACGATGGATCCGATGC-1,0.293511,0.193471,0.45156,0.033193,0.000057,0.000057,0.028153
ACGCAAACTAATAGAT-1,0.898051,0.074775,0.000085,0.016148,0.01077,0.000085,0.000085
ACGCAATCACTACAGC-1,0.00003,0.014581,0.040718,0.910769,0.00003,0.033842,0.00003
ACGCATAAATGACATG-1,0.000015,0.009654,0.000865,0.484473,0.217258,0.285278,0.002458
ACGCATACGTTTACTA-1,0.204794,0.266539,0.092043,0.143462,0.000059,0.004421,0.288681
ACGCATTCGTGAGTAC-1,0.146084,0.06516,0.711725,0.073134,0.000081,0.000081,0.003735
ACGCCACTCGAAACAG-1,0.114568,0.007306,0.306498,0.000068,0.025696,0.325956,0.219908
ACGCCAGATGATTTCT-1,0.000036,0.034397,0.424226,0.444794,0.069116,0.027396,0.000036
ACGCCAGTGCGTTTGC-1,0.008988,0.000053,0.016085,0.00016,0.41712,0.513668,0.043926
ACGCCCAGCTGTCGAT-1,0.007011,0.04452,0.70038,0.202858,0.000044,0.04184,0.003347
ACGCCGCTAGACGACC-1,0.063495,0.078891,0.56408,0.265396,0.002588,0.012937,0.012613
ACGCCTGACACGCGCT-1,0.143881,0.496016,0.007439,0.161757,0.000067,0.000067,0.190773
ACGCGAAGTCAGACGA-1,0.725684,0.106604,0.037141,0.065657,0.059175,0.000097,0.005642
ACGCGCTACACAGGGT-1,0.057622,0.006689,0.376722,0.37298,0.154545,0.030153,0.001289
ACGCGGGCCAAGGACA-1,0.165656,0.000038,0.661689,0.124932,0.035835,0.011812,0.000038
ACGCGTTTCTTAAGAG-1,0.000022,0.059812,0.026258,0.822579,0.084539,0.006767,0.000022
ACGCTACTGAATGGGC-1,0.000066,0.000066,0.000066,0.001539,0.48135,0.34956,0.167353
ACGCTAGTATCAGTGC-1,0.056381,0.179637,0.049949,0.066283,0.034407,0.095766,0.517577
ACGCTAGTGATACACT-1,0.264398,0.162148,0.094294,0.406491,0.0327,0.000052,0.039917
ACGCTGTGAGGCGTAG-1,0.189238,0.092076,0.011072,0.554408,0.124263,0.023439,0.005503
ACGCTTAGTGTCTCTC-1,0.512647,0.130701,0.125618,0.009459,0.2123,0.000092,0.009182
