Barcode,Topic 1,Topic 2,Topic 3to4,Topic 5to7,Topic 8to9,Topic 10,Topic 11
AAACAAGTATCTCCCA-1,0.144166,0.088574,0.042685,0.233616,0.35362,0.013144,0.124194
AAACAATCTACTAGCA-1,0.035482,0.054425,0.00014,0.016878,0.098273,0.062019,0.732783
AAACACCAATAACTGC-1,0.056761,0.046721,0.342256,0.220325,0.332989,0.000924,0.000024
AAACAGAGCGACTCCT-1,0.000065,0.000065,0.000131,0.016379,0.690005,0.03138,0.261974
AAACAGCTTTCAGAAG-1,0.01263,0.05903,0.436256,0.475186,0.015018,0.000249,0.001632
AAACAGGGTCTATATT-1,0.06197,0.003657,0.203903,0.521711,0.047758,0.000015,0.160985
AAACAGTGTTCCTGGG-1,0.164143,0.076434,0.000295,0.000122,0.038138,0.08604,0.634827
AAACATGGTGAGAGGA-1,0.417769,0.032329,0.027287,0.303786,0.092799,0.038178,0.087852
AAACATTTCCCGGATT-1,0.134237,0.034336,0.415561,0.200535,0.103829,0.015609,0.095892
AAACCCGAACGAAATC-1,0.289596,0.000013,0.074413,0.343753,0.024389,0.121609,0.146228
AAACCGGAAATGTTAA-1,0.330888,0.262408,0.002445,0.227547,0.098841,0.015594,0.062276
AAACCGGGTAGGTACC-1,0.039893,0.153084,0.178881,0.33005,0.080272,0.200578,0.017242
AAACCGTTCGTCCAGG-1,0.024474,0.048195,0.147127,0.085636,0.430852,0.135032,0.128682
AAACCTAAGCAGCCGG-1,0.045425,0.000824,0.594612,0.058052,0.112818,0.141867,0.046402
AAACCTCATGAAGTTG-1,0.084741,0.000058,0.060112,0.233683,0.549974,0.019226,0.052206
AAACGAAGAACATACC-1,0.000101,0.000101,0.000202,0.000303,0.312178,0.314958,0.372158
AAACGAAGATGGAGTA-1,0.2623,0.00002,0.172705,0.387084,0.167109,0.004419,0.006364
AAACGAGACGGTTGAT-1,0.000052,0.000052,0.000103,0.017378,0.751235,0.000052,0.231128
AAACGCTGGGCACGAC-1,0.352486,0.481186,0.05029,0.000068,0.114932,0.000359,0.000681
AAACGGGCGTACGGGT-1,0.005706,0.002469,0.127323,0.014092,0.605436,0.00004,0.244935
AAACGGTTGCGAACTG-1,0.003146,0.121602,0.091238,0.007113,0.217784,0.205125,0.353993
AAACGTGTTCGCCCTA-1,0.071449,0.08378,0.000077,0.028689,0.099079,0.182017,0.534909
AAACTAACGTGGCGAC-1,0.000068,0.000068,0.000136,0.000204,0.000136,0.009203,0.990183
AAACTCGGTTCGCAAT-1,0.019406,0.000037,0.245229,0.050162,0.617652,0.000037,0.067478
AAACTCGTGATATAAG-1,0.007393,0.105929,0.346417,0.090442,0.292202,0.157598,0.000019
AAACTGCTGGCTCCAA-1,0.030089,0.043312,0.043323,0.558621,0.068688,0.02789,0.228077
AAACTTAATTGCACGC-1,0.022014,0.234387,0.077318,0.434841,0.018775,0.000013,0.212654
AAACTTGCAAACGTAT-1,0.000032,0.038214,0.049091,0.257139,0.633459,0.013395,0.008671
AAAGAATGACCTTAGA-1,0.492519,0.000005,0.246348,0.261106,0.000011,0.000005,0.000005
AAAGAATGTGGACTAA-1,0.146434,0.179682,0.146054,0.002254,0.079859,0.008656,0.437062
AAAGACCCAAGTCGCG-1,0.015442,0.000042,0.328989,0.039653,0.503264,0.099768,0.012842
AAAGACTGGGCGCTTT-1,0.176627,0.000039,0.129151,0.040116,0.606018,0.02549,0.022559
AAAGCTTGCCTACATA-1,0.250544,0.025669,0.183493,0.094651,0.049087,0.37047,0.026086
AAAGGCCCTATAATAC-1,0.070653,0.288894,0.327932,0.110902,0.199433,0.00217,0.000016
AAAGGCTACGGACCAT-1,0.000043,0.039451,0.270683,0.003251,0.133133,0.011342,0.542097
AAAGGCTCTCGCGCCG-1,0.080499,0.007515,0.355369,0.313714,0.126338,0.0757,0.040867
AAAGGGATGTAGCAAG-1,0.000053,0.000053,0.000107,0.102993,0.896686,0.000053,0.000053
AAAGGGCAGCTTGAAT-1,0.002782,0.059284,0.026546,0.847486,0.062549,0.000018,0.001335
AAAGGTAAGCTGTACC-1,0.002565,0.323732,0.000149,0.177307,0.147698,0.021924,0.326625
AAAGTAGCATTGCTCA-1,0.04191,0.008063,0.380826,0.38557,0.022386,0.000018,0.161228
AAAGTCACTGATGTAA-1,0.000106,0.024751,0.177346,0.022005,0.535432,0.000106,0.240253
AAAGTCGACCCTCAGT-1,0.057165,0.025453,0.236322,0.659887,0.000818,0.020339,0.000015
AAAGTGCCATCAATTA-1,0.54715,0.017893,0.108623,0.092636,0.146417,0.02877,0.058512
AAAGTGTGATTTATCT-1,0.015282,0.003091,0.060951,0.503764,0.296598,0.011296,0.109018
AAAGTTGACTCCCGTA-1,0.000037,0.000037,0.000074,0.158993,0.289589,0.000037,0.551233
AAATAACCATACGGGA-1,0.00005,0.00005,0.000101,0.000151,0.88095,0.033609,0.085089
AAATAAGGTAGTGCCC-1,0.006489,0.00004,0.088515,0.034768,0.530627,0.161065,0.178497
AAATACCTATAAGCAT-1,0.019994,0.000032,0.118256,0.262104,0.396972,0.051056,0.151586
AAATAGCTTAGACTTT-1,0.00006,0.00006,0.013529,0.033844,0.784812,0.080246,0.087448
AAATAGGGTGCTATTG-1,0.130906,0.041119,0.296496,0.143895,0.32253,0.049578,0.015476
AAATCCGATACACGCC-1,0.006751,0.255112,0.48591,0.074085,0.155942,0.012548,0.009652
AAATCGCGGAAGGAGT-1,0.029042,0.110655,0.179283,0.577141,0.103854,0.000012,0.000012
AAATCGTGTACCACAA-1,0.041026,0.000035,0.010213,0.668424,0.280232,0.000035,0.000035
AAATCTAGCCCTGCTA-1,0.040005,0.074362,0.376777,0.473532,0.035299,0.000013,0.000013
AAATCTGCCCGCGTCC-1,0.143489,0.439562,0.127267,0.289657,0.000012,0.000006,0.000006
AAATGACTGATCAAAC-1,0.000032,0.15675,0.000064,0.000095,0.000841,0.000032,0.842186
AAATGATTCGATCAGC-1,0.000135,0.105955,0.307436,0.061016,0.334114,0.190926,0.000417
AAATGCTCGTTACGTT-1,0.000023,0.129886,0.52071,0.070562,0.239143,0.039653,0.000023
AAATGGCATGTCTTGT-1,0.010595,0.053171,0.208327,0.414949,0.244693,0.067329,0.000937
AAATGGCCCGTGCCCT-1,0.108664,0.014839,0.313834,0.470112,0.039935,0.000418,0.052198
AAATGGTCAATGTGCC-1,0.00003,0.00003,0.000765,0.457369,0.532678,0.005463,0.003665
AAATGTATCTTATCCC-1,0.000033,0.085453,0.257312,0.027273,0.435327,0.194568,0.000033
AAATGTGGGTGCTCCT-1,0.000083,0.000083,0.000166,0.000248,0.000166,0.00038,0.998875
AAATTAACGGGTAGCT-1,0.016126,0.125163,0.034985,0.694447,0.094262,0.034439,0.000577
AAATTAATAAGCGCGA-1,0.012076,0.025471,0.087563,0.441812,0.391967,0.02868,0.01243
AAATTACACGACTCTG-1,0.017735,0.058936,0.529536,0.072871,0.100873,0.220028,0.000022
AAATTACCTATCGATG-1,0.006428,0.107983,0.114754,0.277744,0.318297,0.147715,0.027079
AAATTCCAGGTCCAAA-1,0.133839,0.000031,0.384457,0.070885,0.408615,0.002142,0.000031
AAATTGATAGTCCTTT-1,0.033441,0.000049,0.016429,0.062865,0.613636,0.000049,0.273531
AAATTGGTGAGAAGCA-1,0.000034,0.178037,0.002965,0.067118,0.204258,0.159447,0.388142
AAATTTACCGAAATCC-1,0.000096,0.729067,0.000192,0.000288,0.150099,0.000096,0.120161
AAATTTGCGGGTGTGG-1,0.137141,0.000686,0.334258,0.099773,0.400415,0.000033,0.027693
AACAACTGGTAGTTGC-1,0.009214,0.000024,0.022113,0.787299,0.104202,0.004429,0.072718
AACAATACATTGTCGA-1,0.026473,0.007864,0.329674,0.000106,0.472685,0.003014,0.160185
AACAATTACTCTACGC-1,0.184556,0.003781,0.034416,0.227499,0.544451,0.000044,0.005252
AACACACGCTCGCCGC-1,0.141199,0.000399,0.060032,0.406555,0.180239,0.030808,0.180768
AACACGACTGTACTGA-1,0.160794,0.008748,0.336522,0.183088,0.145496,0.165329,0.000024
AACACGAGACGCGGCC-1,0.065768,0.011967,0.213873,0.531157,0.061564,0.000019,0.115652
AACACGCGGCCGCGAA-1,0.000063,0.000063,0.000125,0.000188,0.075806,0.230247,0.693508
AACAGCTGTGTGGCAA-1,0.003876,0.120413,0.153577,0.236975,0.296954,0.064295,0.123908
AACAGGAAATCGAATA-1,0.000054,0.000054,0.000108,0.000162,0.817049,0.000054,0.182519
AACAGGATGGGCCGCG-1,0.055188,0.000027,0.066787,0.606945,0.261216,0.004578,0.005259
AACAGGTAGTATGGAT-1,0.059964,0.07667,0.07414,0.237973,0.400452,0.000745,0.150056
AACATAGCGTGTATCG-1,0.317576,0.38146,0.138848,0.021988,0.079213,0.030936,0.029978
AACATATCAACTGGTG-1,0.06794,0.090343,0.42246,0.136515,0.10144,0.07252,0.108782
AACATCGATACGTCTA-1,0.000062,0.000062,0.000123,0.241896,0.250497,0.234722,0.272638
AACATTGAAGTTGATC-1,0.031367,0.024214,0.485,0.096124,0.222887,0.10027,0.040139
AACATTGTGACTCGAG-1,0.07734,0.09568,0.43891,0.054506,0.110385,0.095097,0.128082
AACCAAGACTTCTCTG-1,0.0057,0.084054,0.003221,0.188153,0.641286,0.00005,0.077536
AACCAGTATCACTCTT-1,0.000041,0.518848,0.000082,0.012977,0.188821,0.01498,0.264251
AACCATAGGGTTGAAC-1,0.121459,0.02639,0.077178,0.463965,0.159347,0.006906,0.144754
AACCATGGGATCGCTA-1,0.062175,0.028829,0.64339,0.103043,0.010563,0.151985,0.000015
AACCCAGAGACGGAGA-1,0.000048,0.000048,0.037691,0.029192,0.785222,0.066116,0.081683
AACCCATCCCATGATC-1,0.004673,0.000051,0.000102,0.00842,0.688464,0.002857,0.295432
AACCCGACAACCCGTG-1,0.02609,0.000036,0.20186,0.037329,0.628777,0.001667,0.104242
AACCCGAGCAGAATCG-1,0.011739,0.070268,0.133797,0.247163,0.405051,0.000036,0.131947
AACCCGCTGTATTCCA-1,0.000033,0.163502,0.000067,0.0001,0.000067,0.044682,0.791548
AACCCTACTGTCAATA-1,0.005817,0.090879,0.052419,0.380989,0.421619,0.023862,0.024413
AACCCTGGTGGAACCA-1,0.000072,0.000072,0.000143,0.000215,0.290776,0.283539,0.425185
AACCGAGCTTGGTCAT-1,0.00002,0.035938,0.286713,0.504234,0.173055,0.00002,0.00002
AACCGCTAAGGGATGC-1,0.001902,0.148656,0.247642,0.392191,0.199713,0.003156,0.00674
AACCGTTGTGTTTGCT-1,0.000079,0.000079,0.000159,0.000238,0.995502,0.000079,0.003863
AACCTAAAGCCGTCCG-1,0.00005,0.549997,0.0001,0.00015,0.098832,0.105543,0.245327
AACCTCGCTTTAGCCC-1,0.035524,0.24949,0.534372,0.019027,0.151169,0.010389,0.000028
AACCTGTCACGGAATT-1,0.312785,0.021367,0.416433,0.092912,0.141625,0.012076,0.002803
AACCTTTAAATACGGT-1,0.035119,0.003636,0.239228,0.207047,0.378093,0.061766,0.07511
AACCTTTACGACGTCT-1,0.003189,0.000038,0.392778,0.18518,0.402881,0.015897,0.000038
AACGAAAGTCGTCCCA-1,0.086563,0.031854,0.088188,0.669678,0.067257,0.001933,0.054525
AACGACCTCCTAGCCG-1,0.138252,0.778574,0.000032,0.00194,0.054665,0.000016,0.02652
AACGATAATGCCGTAG-1,0.015795,0.010739,0.185236,0.400158,0.38274,0.000025,0.005307
AACGATAGAAGGGCCG-1,0.000068,0.000068,0.006523,0.018154,0.975049,0.000068,0.000068
AACGATATGTCAACTG-1,0.002348,0.106658,0.000103,0.085206,0.760548,0.000052,0.045084
AACGCATGATCTGGGT-1,0.000049,0.000049,0.000099,0.000148,0.766865,0.082156,0.150633
AACGCGAACGGCAACA-1,0.000061,0.084838,0.000122,0.000183,0.026627,0.334318,0.553851
AACGCGACCTTGGGCG-1,0.003135,0.232824,0.331593,0.047249,0.128332,0.038849,0.218018
AACGCGGTCTCCAGCC-1,0.057341,0.000036,0.129548,0.286343,0.520835,0.00586,0.000036
AACGCTGTTGCTGAAA-1,0.104977,0.000073,0.05819,0.164108,0.357468,0.016361,0.298822
AACGGACGTACGTATA-1,0.004623,0.113757,0.066385,0.510497,0.133483,0.046986,0.124269
AACGGCCATCTCCGGT-1,0.112349,0.112356,0.485803,0.214643,0.074469,0.000363,0.000017
AACGTACTGTGGGTAC-1,0.013346,0.144848,0.168653,0.345087,0.298471,0.006875,0.022719
AACGTAGTCTACCCAT-1,0.00413,0.103986,0.020369,0.256613,0.154958,0.340709,0.119235
AACGTCAGACTAGTGG-1,0.000075,0.000075,0.00015,0.000225,0.999324,0.000075,0.000075
AACGTCATCCGGCTTG-1,0.000046,0.061413,0.000092,0.000138,0.000092,0.000046,0.938172
AACGTCGCTGCACTTC-1,0.000166,0.629251,0.000103,0.000154,0.094245,0.000051,0.27603
AACGTGATGAAGGACA-1,0.000068,0.000068,0.000136,0.000205,0.044718,0.090533,0.864272
AACGTGCGAAAGTCTC-1,0.000032,0.063849,0.005641,0.349861,0.551009,0.000032,0.029576
AACGTTATCAGCACCT-1,0.000063,0.023991,0.362296,0.002086,0.38986,0.099119,0.122585
AACGTTCTACCATTGT-1,0.365927,0.176705,0.02974,0.00596,0.091299,0.03537,0.294999
AACTACCCGTTTGTCA-1,0.151487,0.409071,0.090284,0.110093,0.228836,0.00003,0.010199
AACTAGCGTATCGCAC-1,0.000068,0.000068,0.000136,0.109312,0.002208,0.393657,0.494551
AACTAGGCTTGGGTGT-1,0.013628,0.00005,0.158973,0.064191,0.659818,0.00005,0.103291
AACTCAAGTTAATTGC-1,0.070924,0.000016,0.031272,0.655538,0.208018,0.007865,0.026368
AACTCCAGAGCGTGTT-1,0.069069,0.024642,0.10589,0.124939,0.227841,0.270706,0.176914
AACTCCTAATCCCATG-1,0.00008,0.00008,0.00016,0.00024,0.346862,0.00008,0.652498
AACTCGATGGCGCAGT-1,0.002121,0.174415,0.292646,0.059916,0.016938,0.453941,0.000022
AACTCTCAATAGAGCG-1,0.012954,0.092774,0.162716,0.48899,0.224574,0.004502,0.01349
AACTCTCAGTGTGCTC-1,0.000032,0.186887,0.18346,0.103922,0.126728,0.214102,0.184868
AACTGAGGTCAGCGTC-1,0.000105,0.042725,0.000211,0.000316,0.000211,0.092877,0.863555
AACTGAGTTATACTGA-1,0.655989,0.041299,0.003763,0.298903,0.000023,0.000011,0.000011
AACTGATATTAGGCCT-1,0.000079,0.000079,0.000157,0.000236,0.982816,0.000079,0.016555
AACTGGGTCCCGACGT-1,0.000047,0.023329,0.000094,0.023942,0.910539,0.008748,0.033301
AACTGGGTTCGAGCCG-1,0.007367,0.086575,0.015294,0.242033,0.251988,0.233708,0.163036
AACTGGTGTGGGCCTT-1,0.305723,0.094773,0.29783,0.004892,0.01171,0.28504,0.000032
AACTTCTGCGTCTATC-1,0.081868,0.069064,0.045855,0.275346,0.323071,0.204754,0.000044
AACTTGCCCGTATGCA-1,0.178098,0.000029,0.304393,0.234931,0.28249,0.000029,0.000029
AACTTGCGTTCTCGCG-1,0.000032,0.244037,0.170536,0.09599,0.340291,0.13523,0.013883
AACTTTACGGGAGCTT-1,0.000045,0.010677,0.008422,0.083375,0.72541,0.108899,0.063171
AACTTTAGCTGCTGAG-1,0.000101,0.000101,0.000202,0.000303,0.269009,0.09489,0.635392
AACTTTCTCGATCATG-1,0.000081,0.000081,0.000163,0.000244,0.266035,0.146754,0.586642
AAGAAAGTTTGATGGG-1,0.343415,0.161912,0.036166,0.133625,0.023156,0.002599,0.299127
AAGAAATCACCAGATT-1,0.000073,0.197822,0.000147,0.00022,0.034778,0.00228,0.764681
AAGAAGGATCAGTTAG-1,0.021904,0.085967,0.507187,0.034942,0.250407,0.09957,0.000023
AAGACATACGTGGTTT-1,0.308127,0.354127,0.223673,0.012348,0.053333,0.004391,0.044001
AAGACCAAATAACTCA-1,0.162369,0.028517,0.04745,0.357117,0.215527,0.051903,0.137118
AAGACCCAACTGAACA-1,0.000017,0.334185,0.428901,0.033966,0.173288,0.023213,0.006429
AAGACTAACCCGTTGT-1,0.02792,0.117479,0.017407,0.29203,0.228252,0.180648,0.136263
AAGACTGCAAGCTACT-1,0.000038,0.000038,0.018591,0.24566,0.46433,0.031555,0.239788
AAGAGATGAATCGGTA-1,0.249643,0.008203,0.009253,0.401447,0.122749,0.004426,0.20428
AAGAGCTCTTTATCGG-1,0.004142,0.000028,0.115557,0.481679,0.386725,0.009777,0.002092
AAGAGGATGTACGCGA-1,0.02393,0.000011,0.507131,0.468827,0.000079,0.000011,0.000011
AAGAGGCATGGATCGC-1,0.015779,0.000024,0.020252,0.533903,0.323529,0.011072,0.095439
AAGAGGCCCTTTGGAA-1,0.14902,0.000043,0.000086,0.050564,0.766554,0.000043,0.033691
AAGATGGCACCGGACC-1,0.001427,0.000029,0.288611,0.014839,0.628231,0.004152,0.06271
AAGATTGGCGGAACGT-1,0.01888,0.000438,0.230589,0.256953,0.368236,0.000046,0.124859
AAGCACCCTGCGTATC-1,0.020304,0.040906,0.39358,0.005826,0.424595,0.059501,0.055288
AAGCATACTCTCCTGA-1,0.000038,0.088751,0.03851,0.109928,0.216923,0.000038,0.545812
AAGCCACTTGCAGGTA-1,0.004767,0.516044,0.000057,0.000086,0.000057,0.011163,0.467826
AAGCCGAAGCGGTTTA-1,0.119396,0.036275,0.134007,0.417649,0.222959,0.000037,0.069678
AAGCCGCCGTGAAATC-1,0.005487,0.305211,0.400247,0.117532,0.148898,0.021336,0.001289
AAGCCGCTTTACCTTG-1,0.000064,0.076469,0.000128,0.000192,0.000128,0.091686,0.831332
AAGCCGGAGAGCAGGA-1,0.219973,0.427998,0.029609,0.113523,0.147448,0.014387,0.047062
AAGCGCAGGGCTTTGA-1,0.103245,0.000017,0.606348,0.171704,0.035298,0.000017,0.083372
AAGCGGCGTCATGGGT-1,0.000106,0.226878,0.000212,0.000318,0.108892,0.068708,0.594885
AAGCGTCCCTCATCGA-1,0.065356,0.00002,0.488946,0.277248,0.097049,0.071361,0.00002
AAGCTAGATCGAGTAA-1,0.000032,0.059494,0.037823,0.482502,0.394926,0.019682,0.00554
AAGCTATGGATTGACC-1,0.314182,0.029434,0.239802,0.416557,0.000012,0.000006,0.000006
AAGCTCGTGCCAAGTC-1,0.000045,0.000045,0.001888,0.331262,0.666191,0.000045,0.000525
AAGCTCTTTCATGGTG-1,0.074657,0.054422,0.504601,0.231085,0.109516,0.020789,0.00493
AAGGAGAACTTATAAG-1,0.000065,0.000065,0.000131,0.101716,0.037465,0.330327,0.53023
AAGGAGCGGTTGGTGC-1,0.000048,0.000048,0.040952,0.300194,0.643389,0.000048,0.015319
AAGGATCGATCGCTTG-1,0.133571,0.000051,0.080447,0.225329,0.500727,0.003409,0.056466
AAGGATGAGGGACCTC-1,0.075446,0.015879,0.277214,0.423544,0.091291,0.109857,0.006768
AAGGCAGGCTGTCTCC-1,0.441212,0.065152,0.225472,0.201397,0.00898,0.007621,0.050166
AAGGCGCGTAAAGCTT-1,0.275531,0.018033,0.339091,0.366898,0.000388,0.000029,0.000029
AAGGCTGTGCTCATCG-1,0.115537,0.000038,0.088312,0.352608,0.397548,0.000169,0.045789
AAGGGAACGACTGGCT-1,0.000029,0.010863,0.305066,0.06804,0.29851,0.040704,0.276787
AAGGGACAGATTCTGT-1,0.000037,0.000037,0.001354,0.536502,0.32976,0.06922,0.06309
AAGGGACTATGCATTC-1,0.034925,0.047053,0.348618,0.071156,0.342467,0.090625,0.065156
AAGGGTTAGCCATGCG-1,0.536387,0.000034,0.00418,0.000103,0.302183,0.000034,0.157079
AAGGGTTTGATTTCAG-1,0.285667,0.425898,0.026097,0.262293,0.000022,0.000011,0.000011
AAGGTATCCTAATATA-1,0.000045,0.000045,0.038455,0.10377,0.626184,0.000045,0.231457
AAGGTGATAAACCAGC-1,0.035116,0.023276,0.164294,0.510891,0.097896,0.093951,0.074575
AAGTAAGCTTCCAAAC-1,0.021754,0.252178,0.007429,0.124557,0.272679,0.174461,0.146943
AAGTAGAAGACCGGGT-1,0.000049,0.000049,0.000099,0.208216,0.756894,0.000049,0.034644
AAGTAGTGACGCGAGG-1,0.000038,0.166855,0.122486,0.28326,0.420285,0.000038,0.007037
AAGTCAATTGTCGTCA-1,0.023431,0.216174,0.045488,0.322846,0.367845,0.024033,0.000183
AAGTCTAGTAGCTGCC-1,0.000076,0.000076,0.000152,0.000228,0.072627,0.26991,0.656931
AAGTCTTCTGTGGCCT-1,0.183928,0.030962,0.153407,0.450638,0.075206,0.04867,0.057188
AAGTGACGACCGAATT-1,0.008439,0.000074,0.142955,0.381363,0.38856,0.000074,0.078534
AAGTGAGTCGGGTTTA-1,0.024225,0.051409,0.298209,0.440745,0.153556,0.028355,0.003501
AAGTGCAAAGGTAGAC-1,0.027206,0.085396,0.298562,0.219475,0.274392,0.09494,0.000028
AAGTGCCTTGACTGTA-1,0.029524,0.036569,0.000172,0.074357,0.749387,0.000086,0.109905
AAGTGCGTTAGAATCT-1,0.000061,0.000061,0.02815,0.18181,0.726653,0.000061,0.063205
AAGTGCTTCTCTATTG-1,0.022229,0.008666,0.033762,0.313795,0.242972,0.007099,0.371477
AAGTGTTTGGAGACGG-1,0.001929,0.000028,0.191174,0.498775,0.251064,0.000028,0.057001
AAGTTCACTCCAAGCT-1,0.027748,0.020957,0.464061,0.295277,0.169787,0.00003,0.022139
AAGTTCAGTCTGCGTA-1,0.000047,0.000047,0.06989,0.028976,0.696832,0.170864,0.033343
AAGTTCGGCCAACAGG-1,0.071645,0.000019,0.332685,0.482766,0.091758,0.021109,0.000019
AAGTTGTGATGTTATA-1,0.181926,0.012086,0.204218,0.097444,0.259462,0.196199,0.048665
AAGTTTACTAATGGCA-1,0.008449,0.000063,0.000125,0.042187,0.143805,0.206251,0.59912
AAGTTTATGGGCCCAA-1,0.000043,0.069883,0.212248,0.036319,0.242414,0.000046,0.439047
AATAACAACGCTCGGC-1,0.015123,0.058384,0.037671,0.448269,0.269571,0.109883,0.061097
AATAACACTAGAACAA-1,0.015147,0.06233,0.536046,0.231019,0.086547,0.011375,0.057535
AATAACGTCGCGCCCA-1,0.493776,0.067013,0.330872,0.000046,0.006166,0.002727,0.0994
AATAAGTCCTCGAGAC-1,0.000078,0.000078,0.000157,0.000235,0.000157,0.322044,0.67725
AATAATCTTCGTATCG-1,0.27437,0.065123,0.000037,0.439599,0.002182,0.000019,0.21867
AATACAATGTTTCAGG-1,0.001002,0.056343,0.208325,0.11626,0.590997,0.000044,0.027028
AATACCGGAGGGCTGT-1,0.193864,0.019078,0.101646,0.446921,0.187875,0.000402,0.050213
AATACCTGATGTGAAC-1,0.529696,0.033368,0.177927,0.000072,0.132552,0.032943,0.093443
AATAGAACAGAGTGGC-1,0.000042,0.000042,0.106464,0.034663,0.606519,0.000042,0.252229
AATAGAATCTGTTTCA-1,0.000033,0.093235,0.058234,0.355042,0.35126,0.000033,0.142163
AATAGCAAGCCTCCTG-1,0.002726,0.158792,0.000077,0.000116,0.027131,0.080173,0.730983
AATAGCTACCGCGTGC-1,0.000033,0.000033,0.046154,0.095297,0.340428,0.243717,0.274337
AATAGGCACGACCCTT-1,0.381307,0.121337,0.049254,0.000068,0.105428,0.000023,0.342583
AATAGTCCGTCCCGAC-1,0.06314,0.000036,0.481996,0.084635,0.292188,0.043741,0.034263
AATAGTCGCGAGTCGG-1,0.005338,0.000024,0.462698,0.135506,0.384606,0.010632,0.001195
AATATCAAGGTCGGAT-1,0.000034,0.000034,0.580643,0.089674,0.145756,0.102303,0.081557
AATATCCTAGCAAACT-1,0.003256,0.000043,0.054104,0.114081,0.74261,0.007332,0.078575
AATATCGAATCAATGC-1,0.100334,0.009538,0.119106,0.468403,0.220556,0.021755,0.060309
AATATCGAGGGTTCTC-1,0.000045,0.000045,0.000091,0.02808,0.788069,0.024952,0.158718
AATATTGGAGTATTGA-1,0.003643,0.081988,0.111336,0.576936,0.216457,0.000054,0.009587
AATCAGGTTTCATTTA-1,0.000056,0.000056,0.028192,0.000167,0.749083,0.000056,0.222392
AATCATGTAAAGACTC-1,0.065427,0.016916,0.145719,0.171763,0.475988,0.012187,0.111999
AATCCAAGGGCCTGAG-1,0.011278,0.134657,0.545973,0.062661,0.08419,0.161222,0.000019
AATCCATGCAAGGGTG-1,0.043726,0.040851,0.001042,0.239902,0.012075,0.581764,0.08064
AATCCCGCTCAGAGCC-1,0.029089,0.089675,0.000111,0.000167,0.000111,0.000056,0.88079
AATCGAGGTCTCAAGG-1,0.141378,0.238396,0.070308,0.000121,0.242574,0.00004,0.307182
AATCGCCTCAGCGCCA-1,0.013164,0.031214,0.226997,0.728557,0.000046,0.000011,0.000011
AATCGCGCAGAGGACT-1,0.039336,0.000058,0.011213,0.064408,0.748682,0.000058,0.136244
AATCGGGACACTACGA-1,0.173097,0.066459,0.222706,0.246564,0.126509,0.164637,0.000027
AATCGGTATAGCCCTC-1,0.031733,0.839844,0.049727,0.00297,0.036808,0.015062,0.023857
AATCGTGAGCCGAGCA-1,0.010116,0.118353,0.455514,0.239341,0.011179,0.019654,0.145842
AATCTAGGTTTACTTG-1,0.150003,0.000019,0.265868,0.492088,0.091984,0.000019,0.000019
AATCTATGCCGGAGCC-1,0.017851,0.000021,0.735751,0.051769,0.058776,0.110807,0.025025
AATCTCTACTGTGGTT-1,0.06508,0.000075,0.00015,0.055379,0.829564,0.000075,0.049677
AATCTGCGTTGGGACG-1,0.002243,0.000026,0.299032,0.409684,0.288963,0.000026,0.000026
AATCTGGCTTTCTAGT-1,0.085503,0.051946,0.077961,0.545911,0.032005,0.079441,0.127232
AATCTGGGTAGACCCT-1,0.00128,0.328724,0.000254,0.064108,0.000254,0.000127,0.605252
AATGACAGCAATGTCT-1,0.000068,0.000068,0.000137,0.022257,0.571951,0.11539,0.290129
AATGACGTAGGATGTC-1,0.006969,0.000024,0.158787,0.57309,0.224303,0.000024,0.036802
AATGACTGTCAGCCGG-1,0.016405,0.000057,0.014514,0.110213,0.852977,0.002291,0.003543
AATGAGTTCGCATATG-1,0.130227,0.000029,0.638782,0.05175,0.094002,0.053289,0.031921
AATGATGATACGCTAT-1,0.000068,0.000068,0.000136,0.000204,0.999387,0.000068,0.000068
AATGATGCGACTCCTG-1,0.088202,0.000025,0.088664,0.493562,0.277759,0.045333,0.006455
AATGCAACCGGGTACC-1,0.080771,0.000018,0.03707,0.79053,0.091574,0.000018,0.000018
AATGCACCAAGCAATG-1,0.016895,0.002964,0.569197,0.034254,0.160671,0.216002,0.000017
AATGGTCCACCGTTCA-1,0.03795,0.021766,0.223928,0.263542,0.423239,0.012816,0.016758
AATGGTTCTCACAAGC-1,0.037662,0.077372,0.440547,0.28836,0.069466,0.001085,0.085508
AATGTATGGCACTGTA-1,0.154726,0.034189,0.000058,0.164648,0.548085,0.012002,0.086292
AATGTGCCCGAGGTGT-1,0.000036,0.007356,0.024722,0.049712,0.527106,0.000036,0.391032
AATGTGCTAATCTGAG-1,0.014844,0.286103,0.166878,0.057328,0.369683,0.000038,0.105125
AATGTTAAGACCCTGA-1,0.212283,0.672976,0.060133,0.010201,0.044379,0.000014,0.000014
AATGTTGTCGTGAGAC-1,0.309958,0.017836,0.304406,0.261885,0.056219,0.000716,0.04898
AATTAAAGGTCGGCGT-1,0.000066,0.005659,0.000131,0.144591,0.8075,0.000066,0.041987
AATTAACGGATTTCCA-1,0.016877,0.067129,0.505524,0.073688,0.25315,0.049565,0.034067
AATTACGAGACCCATC-1,0.223885,0.000013,0.278185,0.435485,0.055051,0.000013,0.007368
AATTACTCGTACGCTC-1,0.108322,0.122765,0.01664,0.128464,0.281663,0.181461,0.160685
AATTAGCGCTGCAGCG-1,0.00002,0.098147,0.35468,0.271155,0.27568,0.000293,0.000025
AATTATACCCAGCAAG-1,0.421654,0.393349,0.012154,0.000053,0.000035,0.170809,0.001946
AATTCATAAGGGATCT-1,0.00006,0.00006,0.053988,0.086773,0.834895,0.00006,0.024164
AATTCATTGTCATGCA-1,0.194814,0.006597,0.282164,0.487448,0.028953,0.000011,0.000013
AATTCCAAGCATGTAC-1,0.007113,0.073865,0.586814,0.041004,0.120059,0.01366,0.157485
AATTCGATTCGAGGAT-1,0.018956,0.003447,0.419258,0.084254,0.190402,0.153313,0.13037
AATTCTAGAGTTAGGC-1,0.000057,0.000057,0.320682,0.007063,0.561426,0.041666,0.069049
AATTGAACGCTCTGGT-1,0.00038,0.129397,0.265366,0.418582,0.142601,0.021603,0.02207
AATTGCAGCAATCGAC-1,0.150127,0.00484,0.070979,0.137536,0.348346,0.106237,0.181935
AATTGCGTGGATTACA-1,0.24648,0.046414,0.010355,0.473269,0.079525,0.000017,0.143939
AATTGTGGTTGCCAAA-1,0.520926,0.003629,0.011694,0.016627,0.205565,0.000836,0.240724
AATTTGGGACATAGTA-1,0.000128,0.000128,0.000256,0.000384,0.689821,0.000128,0.309154
AATTTGGTTCCAAAGA-1,0.015304,0.089582,0.534939,0.073653,0.224866,0.061635,0.000022
ACAAACCATGCGTCCT-1,0.13894,0.037972,0.540722,0.281775,0.00001,0.000575,0.000005
ACAAACCGACAAGGCG-1,0.000018,0.111945,0.020678,0.203733,0.273567,0.279418,0.110641
ACAAACTCCATCAGAG-1,0.002075,0.353697,0.00005,0.000075,0.00005,0.000025,0.644028
ACAAAGAAGGTAGGCC-1,0.129224,0.000018,0.033955,0.734921,0.053739,0.007346,0.040797
ACAAAGCATGACCTAG-1,0.119713,0.00971,0.311277,0.104245,0.193295,0.028065,0.233694
ACAAATCGCACCGAAT-1,0.000043,0.000043,0.010861,0.091403,0.81049,0.000043,0.087117
ACAAATGGTAGTGTTT-1,0.020281,0.000018,0.189257,0.612129,0.114246,0.043786,0.020284
ACAAATTCAGATCTGA-1,0.000134,0.178508,0.000268,0.000402,0.068157,0.000134,0.752396
ACAACAGCATGAGCTA-1,0.006602,0.135256,0.063853,0.260898,0.499481,0.014833,0.019077
ACAACGGTCCCTGCGA-1,0.092172,0.000033,0.388273,0.207856,0.298092,0.000033,0.01354
ACAAGCAGTGCCTAGC-1,0.233949,0.000025,0.037869,0.413952,0.201416,0.015433,0.097356
ACAAGCTATATGGAAG-1,0.172445,0.041176,0.511636,0.133198,0.14143,0.000075,0.000039
ACAAGGAAATCCGCCC-1,0.194424,0.003729,0.079856,0.564507,0.089619,0.00002,0.067845
ACAAGGACAAGAGGTT-1,0.024388,0.039922,0.043147,0.295746,0.592983,0.002303,0.001512
ACAAGGATGCTTTAGG-1,0.038641,0.000033,0.297802,0.093945,0.31168,0.2271,0.030798
ACAAGGGCAGGCTCTG-1,0.018003,0.000032,0.104056,0.418572,0.459274,0.000032,0.000032
ACAAGTAATTGTAAGG-1,0.158445,0.040078,0.296665,0.000112,0.195922,0.050359,0.258418
ACAATAGTCGTACGTT-1,0.000058,0.000058,0.02183,0.35642,0.589036,0.007957,0.024641
ACAATCCATTTAAACC-1,0.04121,0.000052,0.036431,0.311096,0.5463,0.000033,0.064876
ACAATCGATCTTTATA-1,0.000044,0.052882,0.000088,0.081772,0.279356,0.344761,0.241098
ACAATGAATACGGAGA-1,0.004236,0.000047,0.168446,0.072179,0.497378,0.037625,0.220088
ACAATGATTCTTCTAC-1,0.000061,0.034452,0.000122,0.000183,0.009791,0.02666,0.92873
ACAATTGTGTCTCTTT-1,0.049909,0.063184,0.257148,0.126804,0.465587,0.015274,0.022095
ACAATTTAGGAGGCTC-1,0.067924,0.061805,0.271666,0.561364,0.012714,0.024509,0.000018
ACAATTTGAGCAGTGG-1,0.044186,0.000043,0.01635,0.244043,0.6566,0.000043,0.038735
ACAATTTGGCCATATT-1,0.673255,0.000025,0.152838,0.102584,0.059212,0.010535,0.001552
ACACAAAGACGGGTGG-1,0.045318,0.016542,0.202226,0.675442,0.060118,0.000017,0.000337
ACACACCAGGACCAGT-1,0.029421,0.00001,0.208392,0.722566,0.02537,0.005843,0.008398
ACACACTTTCTACACG-1,0.000075,0.041444,0.027899,0.043996,0.629227,0.173494,0.083865
ACACATGATCAAATCT-1,0.000053,0.000053,0.000105,0.000158,0.977135,0.000053,0.022445
ACACATTTCCGTAGAC-1,0.208986,0.194981,0.244467,0.000088,0.056641,0.000033,0.294805
ACACCACATAATTAGC-1,0.277719,0.000029,0.273336,0.072857,0.329362,0.046669,0.000029
ACACCCAGCATGCAGC-1,0.000073,0.031492,0.053637,0.462898,0.363348,0.000073,0.088479
ACACCCGAGAAATCCG-1,0.000052,0.000052,0.013443,0.161955,0.824395,0.000052,0.000052
ACACCGAGCGCTCTTT-1,0.000076,0.052292,0.000151,0.000227,0.081968,0.010884,0.854402
ACACCGGTCTGACCGC-1,0.042751,0.095237,0.419116,0.400274,0.042603,0.000009,0.000009
ACACCTTAAGTAGGGC-1,0.013177,0.058653,0.02186,0.620061,0.26166,0.008899,0.01569
ACACCTTACTACTTGC-1,0.1202,0.273291,0.169881,0.401967,0.034603,0.000029,0.000029
ACACGAGACTCCTTCT-1,0.022803,0.000049,0.000098,0.385009,0.578766,0.000049,0.013226
ACACGGCACTATGCAT-1,0.00007,0.00007,0.000141,0.000211,0.000141,0.606656,0.39271
ACACGGGAACTTAGGG-1,0.02106,0.000026,0.120804,0.626695,0.231361,0.000026,0.000026
ACACGTAGGCCACAAG-1,0.012801,0.000036,0.018329,0.163679,0.299127,0.186681,0.319348
ACACTCCAATGTCACT-1,0.000035,0.092316,0.247408,0.026717,0.448307,0.17414,0.011076
ACACTGATCAAGGTGT-1,0.011573,0.012673,0.252605,0.169048,0.356842,0.008254,0.189003
ACACTGGGACAGTCGT-1,0.027458,0.474166,0.054831,0.110169,0.248787,0.025303,0.059287
ACAGAACTGAGAACAA-1,0.049771,0.027322,0.068538,0.061469,0.786264,0.000043,0.006593
ACAGATTAGGTTAGTG-1,0.000111,0.000111,0.000222,0.000333,0.138724,0.195303,0.665197
ACAGCATAGAGCCAGT-1,0.116815,0.00004,0.35593,0.180016,0.340017,0.00714,0.00004
ACAGCGACATTCTCAT-1,0.177725,0.000067,0.020825,0.003201,0.672437,0.030481,0.095265
ACAGCGCACCCGCAGC-1,0.000086,0.000086,0.000172,0.000259,0.52995,0.011752,0.457695
ACAGGCACGGATCCTT-1,0.137395,0.244848,0.333431,0.20188,0.017322,0.01821,0.046913
ACAGGCTTGCCCGACT-1,0.000086,0.003307,0.119821,0.067986,0.572976,0.000086,0.235738
ACAGGTGGAGGTGAGG-1,0.000041,0.000041,0.257616,0.07672,0.522819,0.114306,0.028457
ACAGGTGTGTTGTTGC-1,0.272104,0.030433,0.485954,0.007185,0.093572,0.008224,0.102527
ACAGTAATACAACTTG-1,0.021717,0.031842,0.092915,0.62598,0.218918,0.000021,0.008607
ACAGTATACCGTGGGA-1,0.000044,0.089552,0.000087,0.000131,0.000087,0.057366,0.852734
ACATAAGTCGTGGTGA-1,0.063967,0.002949,0.174508,0.683448,0.058421,0.016695,0.000011
ACATAATAAGGCGGTG-1,0.000082,0.000082,0.000165,0.017137,0.932862,0.000082,0.049589
ACATACAATCAAGCGG-1,0.21845,0.475618,0.30046,0.000038,0.00293,0.001375,0.001129
ACATCAGCTGGGACGC-1,0.009313,0.030018,0.004545,0.104054,0.725668,0.000051,0.126351
ACATCCCGGCCATACG-1,0.031575,0.000017,0.730578,0.180178,0.057619,0.000017,0.000017
ACATCCTGGTAACTGT-1,0.000051,0.263648,0.096413,0.158832,0.183309,0.013929,0.283818
ACATCGATCGTTTACC-1,0.000095,0.000095,0.027859,0.152855,0.581534,0.000095,0.237467
ACATCGCAATATTCGG-1,0.392397,0.515084,0.003201,0.014469,0.053567,0.005167,0.016114
ACATCGGTCAGCCGCG-1,0.000052,0.000052,0.000104,0.25103,0.663458,0.000052,0.085253
ACATCGTATGCAATGG-1,0.000039,0.000039,0.078919,0.403396,0.255164,0.002723,0.25972
ACATCGTTAACCTAGT-1,0.000138,0.000138,0.000276,0.000414,0.55801,0.081261,0.359763
ACATCTCAACGCGTAA-1,0.000023,0.004447,0.025418,0.203568,0.398676,0.210829,0.157038
ACATGCTTACGGCAGC-1,0.43142,0.18794,0.273173,0.106237,0.000637,0.000582,0.000011
ACATGGCGCCAAAGTA-1,0.114498,0.000024,0.187291,0.432997,0.227434,0.01707,0.020687
ACATGGCTCAATTTAG-1,0.031102,0.105551,0.03882,0.252538,0.204384,0.217498,0.150107
ACATTAGTTTATATCC-1,0.023866,0.000034,0.382012,0.394695,0.190206,0.004097,0.00509
ACATTCGCGCGGAATA-1,0.547086,0.064508,0.034927,0.027121,0.258895,0.008391,0.059073
ACATTTGAAACCTAAC-1,0.20693,0.590611,0.001787,0.199493,0.001151,0.000013,0.000013
ACCAAACACCCAGCGA-1,0.000066,0.009248,0.004029,0.001756,0.204216,0.058011,0.722675
ACCAAACTAGAAATCC-1,0.000111,0.000111,0.005639,0.000334,0.209719,0.073849,0.710235
ACCAACACCACACACT-1,0.032689,0.045024,0.553562,0.060276,0.111964,0.196468,0.000016
ACCAACCGCACTCCAC-1,0.218061,0.013172,0.080905,0.013735,0.440016,0.123301,0.110809
ACCAACGCTTATTTAT-1,0.014723,0.000041,0.276836,0.090462,0.534782,0.026013,0.057145
ACCAAGAACGCGTGTC-1,0.11564,0.000042,0.021558,0.432635,0.40658,0.009281,0.014264
ACCAAGTCATCGGCAG-1,0.225868,0.401178,0.320763,0.052144,0.000027,0.00001,0.00001
ACCAATATGCAAGTTA-1,0.003068,0.00008,0.027363,0.018332,0.547366,0.00008,0.403712
ACCACAACTCAGAACA-1,0.000076,0.000076,0.000153,0.000229,0.009962,0.000076,0.989428
ACCACAAGTTTCTATC-1,0.000041,0.070078,0.022609,0.253708,0.640301,0.000041,0.013222
ACCACACGGTTGATGG-1,0.15239,0.549521,0.262939,0.000054,0.031577,0.003502,0.000018
ACCACCAATGTAACAA-1,0.020032,0.101507,0.006169,0.35043,0.394089,0.000045,0.127728
ACCACCCTCTCTTCTA-1,0.118647,0.000045,0.000091,0.001913,0.152107,0.369512,0.357686
ACCACGTGCAGCTATA-1,0.000068,0.044901,0.049203,0.284836,0.393899,0.032864,0.194229
ACCAGACCATAACAAC-1,0.127033,0.021592,0.284499,0.392262,0.161529,0.011774,0.001311
ACCAGCCCGGTCTTTG-1,0.000068,0.0027,0.000136,0.071545,0.211417,0.251564,0.462569
ACCAGGAGTGTGATCT-1,0.00017,0.00017,0.000341,0.000511,0.208202,0.00017,0.790436
ACCAGTGCCCGGTCAA-1,0.009272,0.221611,0.002347,0.148083,0.278759,0.133357,0.206572
ACCAGTGCGGGAGACG-1,0.026165,0.000013,0.432228,0.528843,0.007823,0.002267,0.00266
ACCATATCCGCAATAA-1,0.000037,0.000037,0.016186,0.326627,0.647601,0.000037,0.009475
ACCATCCGCCAACTAG-1,0.089173,0.166311,0.070797,0.499311,0.116531,0.005593,0.052284
ACCATCGTATATGGTA-1,0.038963,0.025647,0.100777,0.555426,0.279107,0.00004,0.00004
ACCATTAAGGGTGTCA-1,0.027602,0.038736,0.000145,0.000217,0.060868,0.018342,0.854091
ACCCAACGCCCGTGGC-1,0.000227,0.000039,0.00649,0.271381,0.721784,0.000039,0.000039
ACCCACCTACATGCTC-1,0.000132,0.591699,0.100314,0.200084,0.091973,0.000132,0.015665
ACCCATCTTGAGGGTA-1,0.014135,0.020119,0.352893,0.238151,0.268155,0.027509,0.079037
ACCCATTTGTCCCTCT-1,0.000062,0.089673,0.019499,0.013149,0.370164,0.000062,0.507391
ACCCGAGCGAAATTAC-1,0.002805,0.000032,0.253171,0.036148,0.65176,0.015062,0.041023
ACCCGATTGGTTCCGA-1,0.000046,0.00813,0.158144,0.001192,0.338382,0.000046,0.49406
ACCCGGAAACTCCCAG-1,0.00003,0.20284,0.519116,0.008489,0.251215,0.002886,0.015425
ACCCGGAGCACCACAA-1,0.487331,0.236728,0.053152,0.222753,0.000019,0.000009,0.000009
ACCCGGATGACGCATC-1,0.00061,0.022987,0.201601,0.321138,0.394441,0.0032,0.056021
ACCCGGTTACACTTCC-1,0.132224,0.000061,0.022778,0.176744,0.663374,0.000061,0.004757
ACCCGTAGCAGAGAAT-1,0.230406,0.037035,0.037844,0.232967,0.271501,0.027714,0.162535
ACCCGTAGTCTAGTTG-1,0.579728,0.000033,0.004777,0.000099,0.364556,0.000033,0.050774
ACCCGTGTCATCAGTA-1,0.105907,0.000031,0.156851,0.45624,0.232708,0.031985,0.016278
ACCCTATAGGACTGAG-1,0.000064,0.000064,0.000129,0.000193,0.000129,0.616144,0.383276
ACCCTATGCCATATCG-1,0.067101,0.000026,0.549922,0.120641,0.189141,0.053127,0.020043
ACCCTCCCGTCAGGGC-1,0.085257,0.213812,0.456427,0.030044,0.19562,0.006786,0.012054
ACCCTCCCTTGCTATT-1,0.042204,0.010825,0.019433,0.360188,0.371869,0.072131,0.12335
ACCCTGGTAACGCCCT-1,0.050698,0.028371,0.000053,0.000079,0.000053,0.919495,0.001251
ACCCTTCATCTGCGAA-1,0.000077,0.000077,0.000154,0.017141,0.960444,0.000077,0.022029
ACCCTTTAGTTCTCCA-1,0.000125,0.09387,0.00025,0.000376,0.011506,0.002352,0.891521
ACCGAAAGGGCCCTGC-1,0.229611,0.079963,0.162938,0.070868,0.404582,0.052009,0.000029
ACCGAAGAGTCTGGTT-1,0.058192,0.16009,0.000106,0.686517,0.095046,0.000025,0.000025
ACCGACACATCTCCCA-1,0.001857,0.209388,0.498908,0.022791,0.217446,0.007774,0.041836
ACCGACTGAGTCCCAC-1,0.037358,0.037832,0.024282,0.581796,0.190177,0.003672,0.124884
ACCGAGTCTCCTTATT-1,0.328132,0.037074,0.416157,0.003237,0.050904,0.033344,0.131151
ACCGATAGGCATAACC-1,0.36524,0.023621,0.022903,0.20961,0.122532,0.090326,0.165767
ACCGATATTTAATCAT-1,0.387782,0.031082,0.038084,0.38982,0.148496,0.001173,0.003564
ACCGATGGTAGCATCG-1,0.001445,0.045602,0.306157,0.464091,0.182662,0.000022,0.000022
ACCGCAATAACTGCCT-1,0.000032,0.029749,0.100659,0.243533,0.396246,0.000032,0.229748
ACCGCGGTGGAAGTCG-1,0.000915,0.000048,0.003521,0.217713,0.601509,0.019584,0.15671
ACCGCTAGTCATTGGT-1,0.337379,0.349602,0.247583,0.000396,0.000833,0.006943,0.057264
ACCGGGCCTTTGTTGA-1,0.031032,0.144702,0.375449,0.321878,0.126883,0.000028,0.000028
ACCGGTCAGGTACACC-1,0.010924,0.041594,0.018169,0.455797,0.083311,0.000027,0.390178
ACCGGTCTGAGTACGG-1,0.000053,0.278354,0.000107,0.00016,0.000107,0.108643,0.612577
ACCGTCCACTGGGCCC-1,0.255716,0.108744,0.146069,0.345564,0.118453,0.007126,0.018328
ACCGTGACCACGTGGG-1,0.000048,0.000048,0.262892,0.002125,0.592323,0.000048,0.142516
ACCGTTCCCGCTCTGA-1,0.000109,0.035601,0.000218,0.000326,0.499721,0.014954,0.449071
ACCTAAGTACCTTTCA-1,0.000072,0.011369,0.000145,0.147655,0.643674,0.052619,0.144467
ACCTAATCGACTTCCT-1,0.073559,0.075631,0.00006,0.64855,0.075469,0.025965,0.100766
ACCTACAGTATGTGGT-1,0.268734,0.004744,0.185405,0.441085,0.091084,0.00892,0.000027
ACCTACTATAAATCTA-1,0.034223,0.000039,0.08613,0.000116,0.493112,0.000039,0.386341
ACCTCAGCGAGGCGCA-1,0.360279,0.185351,0.440275,0.007186,0.00002,0.003741,0.003148
ACCTCCGCCCTCGCTG-1,0.155318,0.026947,0.014801,0.411097,0.239734,0.067258,0.084845
ACCTCCGTTATTCACC-1,0.084955,0.027973,0.706429,0.123002,0.005939,0.038565,0.013137
ACCTCGAACTTATGCT-1,0.097305,0.208468,0.025615,0.640191,0.005838,0.022572,0.000011
ACCTGCGTGTCATGTT-1,0.071678,0.054425,0.135206,0.451777,0.123822,0.117583,0.04551
ACGAAATGGGCGGCAC-1,0.103196,0.000027,0.249205,0.499254,0.035177,0.041462,0.071678
ACGACCCATGAGTTGC-1,0.469332,0.0987,0.083951,0.128116,0.167672,0.008398,0.043831
ACGACTCTAGGGCCGA-1,0.393962,0.062308,0.533117,0.009399,0.000896,0.000305,0.000014
ACGACTGGTCATACTC-1,0.0071,0.078683,0.350288,0.12848,0.227579,0.065176,0.142693
ACGAGAACCCATCACG-1,0.071597,0.014231,0.055461,0.108349,0.079757,0.652521,0.018084
ACGAGATATTTGCTTA-1,0.000082,0.000082,0.000163,0.000245,0.120964,0.301035,0.577428
ACGAGGATACCACTCT-1,0.328828,0.000024,0.233551,0.396639,0.04091,0.000024,0.000024
ACGAGGTTTACAACGT-1,0.285754,0.000032,0.155669,0.276456,0.267186,0.01487,0.000032
ACGAGTACGGATGCCC-1,0.000738,0.000051,0.074506,0.034731,0.699017,0.169286,0.021672
ACGATACATAGAACTA-1,0.081344,0.000027,0.27724,0.161748,0.460903,0.017546,0.001193
ACGATACCTATCCTGA-1,0.196458,0.000038,0.568422,0.013386,0.16056,0.051257,0.009879
ACGATCATACATAGAG-1,0.000124,0.018387,0.546588,0.033962,0.258466,0.000124,0.142348
ACGATCATCTTGTAAA-1,0.020267,0.000041,0.005372,0.348238,0.553662,0.006067,0.066353
ACGATGCATATGTTAT-1,0.000047,0.000047,0.000093,0.241652,0.391611,0.000047,0.366503
ACGATGGATCCGATGC-1,0.045139,0.000046,0.295672,0.019737,0.586086,0.053275,0.000046
ACGCAAACTAATAGAT-1,0.000034,0.263562,0.182787,0.032706,0.298077,0.064234,0.158599
ACGCAATCACTACAGC-1,0.000045,0.01144,0.466264,0.05372,0.366808,0.084785,0.016938
ACGCATAAATGACATG-1,0.141162,0.271906,0.000058,0.000088,0.020159,0.055419,0.511208
ACGCATACGTTTACTA-1,0.041345,0.148159,0.002312,0.113715,0.613155,0.001523,0.079791
ACGCATTCGTGAGTAC-1,0.000051,0.008394,0.079959,0.72126,0.107406,0.00002,0.08291
ACGCCACTCGAAACAG-1,0.000023,0.592371,0.000046,0.000069,0.000046,0.018796,0.38865
ACGCCAGATGATTTCT-1,0.000048,0.000048,0.147106,0.276784,0.54406,0.015887,0.016066
ACGCCAGTGCGTTTGC-1,0.326945,0.479413,0.135928,0.05768,0.000017,0.000008,0.000008
ACGCCCAGCTGTCGAT-1,0.000032,0.000032,0.074021,0.195243,0.292134,0.241092,0.197447
ACGCCGCTAGACGACC-1,0.006162,0.078684,0.193177,0.719308,0.000691,0.001959,0.000019
ACGCGAAGTCAGACGA-1,0.004168,0.168436,0.428481,0.159416,0.227835,0.011633,0.000031
ACGCGCTACACAGGGT-1,0.003033,0.130411,0.346222,0.51198,0.008327,0.000013,0.000013
ACGCGGGCCAAGGACA-1,0.001804,0.001428,0.065462,0.270546,0.640761,0.000035,0.019964
ACGCGTTTCTTAAGAG-1,0.010098,0.042332,0.176463,0.562269,0.014244,0.194576,0.000018
ACGCTACTGAATGGGC-1,0.736968,0.009755,0.003167,0.000105,0.206118,0.000035,0.043853
ACGCTAGTGATACACT-1,0.000069,0.000069,0.00572,0.112254,0.219651,0.513437,0.1488
ACGCTGTGAGGCGTAG-1,0.000074,0.000074,0.000147,0.404705,0.582307,0.000074,0.012619
ACGCTTAGTGTCTCTC-1,0.000028,0.033474,0.015806,0.253261,0.292025,0.245792,0.159614
ACGGAACACGAGTGCC-1,0.311299,0.433405,0.000026,0.242386,0.003889,0.002726,0.006269
ACGGAATTTAGCAAAT-1,0.023507,0.029179,0.530696,0.071433,0.237059,0.108096,0.000029
ACGGACGCAGCGACAA-1,0.569389,0.051582,0.15668,0.006388,0.07878,0.01743,0.119751
ACGGACTCTCAAAGCG-1,0.031394,0.000036,0.307179,0.127313,0.408321,0.016543,0.109214
ACGGAGCGCAAATTAC-1,0.000066,0.000066,0.000132,0.000198,0.504205,0.06437,0.430963
ACGGATGGTGCGGATA-1,0.00007,0.00007,0.069531,0.10235,0.670378,0.00007,0.15753
ACGGCACTTGCTTGGG-1,0.013066,0.000023,0.35496,0.455868,0.176036,0.000023,0.000023
ACGGCCAACATGGACT-1,0.004597,0.095415,0.459994,0.153741,0.285203,0.00079,0.00026
ACGGCGACGATGGGAA-1,0.000037,0.131468,0.159901,0.198216,0.472796,0.000037,0.037545
ACGGCGGGTTGCCCTG-1,0.000055,0.080402,0.000109,0.000164,0.000109,0.000055,0.919106
ACGGCTGGATGTAGAA-1,0.000434,0.028102,0.05958,0.240241,0.421573,0.069551,0.180519
ACGGGAGTGTCGGCCC-1,0.003759,0.167985,0.37185,0.446777,0.008031,0.001577,0.000019
ACGGGCGTATGCGACA-1,0.00498,0.244305,0.4265,0.163134,0.014603,0.146467,0.000011
ACGGGTCATGTGACTT-1,0.000057,0.004794,0.000114,0.007539,0.260442,0.47965,0.247404
ACGGGTTGTGACCTGT-1,0.410391,0.106455,0.025317,0.299089,0.000045,0.115999,0.042704
ACGGTACAGTTCAATG-1,0.420818,0.036501,0.378728,0.022447,0.056431,0.004679,0.080395
ACGGTCACCGAGAACA-1,0.01122,0.471065,0.000054,0.000081,0.367537,0.000027,0.150017
ACGTACAGATTTCTCT-1,0.0168,0.196681,0.371149,0.25688,0.034948,0.123519,0.000023
ACGTACTTTGGCACGG-1,0.000057,0.000057,0.020776,0.00017,0.654005,0.000057,0.32488
ACGTAGATTGCTGATG-1,0.0324,0.000035,0.11435,0.534468,0.285677,0.000035,0.033035
ACGTAGGAGAGTCGCT-1,0.025565,0.163108,0.413805,0.000116,0.3498,0.005644,0.041961
ACGTATTACTCCGATC-1,0.000039,0.000039,0.013914,0.220379,0.765551,0.000039,0.000039
ACGTCGGGCAACTCGG-1,0.548974,0.00001,0.089272,0.339391,0.022334,0.00001,0.00001
ACGTCTCGTTCCGGGA-1,0.077652,0.000022,0.364186,0.316377,0.219058,0.014342,0.008363
ACGTGACAAAGTAAGT-1,0.105118,0.251882,0.091376,0.551575,0.000025,0.000012,0.000012
ACGTGCGCCTCGTGCA-1,0.000089,0.000089,0.010741,0.016282,0.938962,0.000089,0.033749
ACGTGGTCGAATGTGC-1,0.00002,0.036233,0.025622,0.251641,0.324036,0.227376,0.135072
ACGTTAATGTCGAAGA-1,0.007136,0.022383,0.245437,0.700932,0.024088,0.000012,0.000012
ACGTTAGATTTGCCCG-1,0.011333,0.000029,0.273213,0.499843,0.099438,0.071326,0.044818
