Barcode,Topic 1,Topic 2,Topic 3,Topic 4,Topic 5,Topic 6,Topic 7,Topic 8to9,Topic 10,Topic 11
AAACAACGAATAGTTC-1,0.061547,0.046193,0.057086,0.023442,0.215929,0.150596,0.063773,0.052169,0.121022,0.208243
AAACAAGTATCTCCCA-1,0.000058,0.22335,0.000058,0.000058,0.000058,0.035181,0.076053,0.012358,0.019403,0.633424
AAACAATCTACTAGCA-1,0.001633,0.000009,0.081062,0.000459,0.021028,0.656186,0.057947,0.168079,0.011004,0.002593
AAACACCAATAACTGC-1,0.297205,0.001917,0.264721,0.069299,0.107546,0.017821,0.055237,0.172572,0.013671,0.000011
AAACAGAGCGACTCCT-1,0.076769,0.143266,0.018892,0.002096,0.005279,0.193621,0.222186,0.334721,0.003136,0.000034
AAACAGCTTTCAGAAG-1,0.796711,0.034796,0.000028,0.000028,0.000028,0.000028,0.091083,0.001163,0.000028,0.076109
AAACAGGGTCTATATT-1,0.546109,0.251916,0.000018,0.000018,0.000018,0.000018,0.201827,0.000037,0.000018,0.000018
AAACAGTGTTCCTGGG-1,0.055325,0.03976,0.030301,0.105703,0.507769,0.00485,0.000008,0.008124,0.124334,0.123827
AAACATGGTGAGAGGA-1,0.32554,0.383486,0.28342,0.000036,0.000036,0.000036,0.000036,0.000073,0.0073,0.000036
AAACATTTCCCGGATT-1,0.000038,0.191327,0.044473,0.000038,0.029747,0.080828,0.062283,0.00163,0.020804,0.568832
AAACCACTACACAGAT-1,0.000021,0.206332,0.060038,0.006534,0.408593,0.107368,0.132797,0.040002,0.000022,0.038293
AAACCCGAACGAAATC-1,0.243706,0.106628,0.00005,0.00005,0.00005,0.00005,0.081514,0.000101,0.00005,0.567799
AAACCGGAAATGTTAA-1,0.000021,0.332985,0.17707,0.012594,0.177477,0.020205,0.264058,0.004775,0.000021,0.010792
AAACCGGGTAGGTACC-1,0.158361,0.001738,0.027346,0.000011,0.022006,0.115664,0.090807,0.201613,0.250877,0.131576
AAACCGTTCGTCCAGG-1,0.016486,0.001913,0.010271,0.072385,0.046305,0.045874,0.032616,0.338102,0.278032,0.158014
AAACCTAAGCAGCCGG-1,0.000014,0.246768,0.013199,0.031254,0.0667,0.061498,0.169449,0.101922,0.062238,0.246956
AAACCTCATGAAGTTG-1,0.1206,0.001657,0.176788,0.002767,0.016125,0.169387,0.075209,0.407214,0.02889,0.001362
AAACGAAGAACATACC-1,0.049588,0.490531,0.000031,0.000031,0.000031,0.000031,0.307748,0.015309,0.006157,0.130543
AAACGAAGATGGAGTA-1,0.890849,0.005033,0.000034,0.000034,0.000034,0.000034,0.000034,0.000068,0.000034,0.103848
AAACGACAGTCTTGCC-1,0.000011,0.012096,0.143243,0.207309,0.361647,0.199994,0.028596,0.044438,0.002655,0.000011
AAACGAGACGGTTGAT-1,0.000019,0.000075,0.000019,0.000019,0.012239,0.271043,0.106007,0.24839,0.041631,0.320558
AAACGCCCGAGATCGG-1,0.000088,0.527158,0.000088,0.000088,0.000088,0.000088,0.221694,0.000176,0.000088,0.250443
AAACGCTGGGCACGAC-1,0.000012,0.087209,0.009523,0.010508,0.603691,0.075894,0.002605,0.005729,0.047591,0.157239
AAACGGGCGTACGGGT-1,0.000018,0.050546,0.022754,0.000018,0.185798,0.201314,0.232516,0.015298,0.009702,0.282038
AAACGGGTTGGTATCC-1,0.000028,0.074535,0.000028,0.000028,0.104144,0.246031,0.027216,0.062289,0.084083,0.401619
AAACGGTTGCGAACTG-1,0.011801,0.206247,0.130783,0.163526,0.136396,0.006697,0.126043,0.114608,0.061794,0.042106
AAACGTGTTCGCCCTA-1,0.00001,0.001483,0.096695,0.001113,0.187707,0.575776,0.079332,0.057244,0.00063,0.00001
AAACTAACGTGGCGAC-1,0.000059,0.076511,0.00413,0.000059,0.056649,0.177461,0.085389,0.000118,0.000059,0.599566
AAACTCGGTTCGCAAT-1,0.00002,0.028549,0.00002,0.039918,0.122571,0.040242,0.029812,0.147031,0.173068,0.418769
AAACTCGTGATATAAG-1,0.009292,0.48288,0.000034,0.000034,0.000034,0.000034,0.50615,0.000067,0.000034,0.001443
AAACTGCTGGCTCCAA-1,0.022,0.02645,0.001779,0.015343,0.006489,0.082046,0.109803,0.541598,0.123879,0.070613
AAACTTAATTGCACGC-1,0.943313,0.000032,0.000032,0.000032,0.000032,0.000032,0.000032,0.000064,0.000032,0.056398
AAACTTGCAAACGTAT-1,0.345113,0.000014,0.02142,0.000014,0.012847,0.314112,0.018025,0.130718,0.139329,0.018408
AAAGAATGACCTTAGA-1,0.744373,0.000034,0.000034,0.000034,0.052804,0.000034,0.000034,0.000068,0.000034,0.202551
AAAGAATGTGGACTAA-1,0.000043,0.766473,0.000043,0.000043,0.000043,0.000043,0.000043,0.000085,0.000043,0.233144
AAAGACCCAAGTCGCG-1,0.000014,0.002002,0.000014,0.0537,0.085357,0.245912,0.079708,0.512876,0.001392,0.019026
AAAGACTGGGCGCTTT-1,0.16052,0.001254,0.001442,0.000013,0.028738,0.043592,0.277894,0.377197,0.042524,0.066827
AAAGCTTGCCTACATA-1,0.000012,0.005525,0.081234,0.000012,0.091355,0.661049,0.041298,0.039001,0.021736,0.058778
AAAGGCCCTATAATAC-1,0.136489,0.000005,0.630164,0.132265,0.020275,0.008933,0.000005,0.070024,0.001835,0.000005
AAAGGCTACGGACCAT-1,0.000018,0.047345,0.000018,0.051029,0.130932,0.013234,0.017098,0.215361,0.275774,0.249191
AAAGGCTCTCGCGCCG-1,0.000014,0.000014,0.000014,0.024102,0.049365,0.038831,0.001515,0.424684,0.350626,0.110834
AAAGGGATGTAGCAAG-1,0.000015,0.000625,0.000015,0.002325,0.022334,0.116914,0.172755,0.613007,0.000325,0.071684
AAAGGGCAGCTTGAAT-1,0.012314,0.012955,0.020471,0.000058,0.009475,0.086047,0.188196,0.314049,0.22127,0.135164
AAAGGTAAGCTGTACC-1,0.000068,0.342969,0.000068,0.000068,0.000068,0.000068,0.038693,0.000137,0.000068,0.617792
AAAGGTCAACGACATG-1,0.000016,0.010274,0.104348,0.000676,0.359431,0.511137,0.005142,0.00642,0.000016,0.002541
AAAGTAGCATTGCTCA-1,0.123605,0.100989,0.000026,0.000026,0.000026,0.000026,0.1438,0.004815,0.018609,0.608077
AAAGTCACTGATGTAA-1,0.000021,0.091439,0.084018,0.031536,0.023857,0.086332,0.420698,0.175465,0.026163,0.060471
AAAGTCGACCCTCAGT-1,0.488632,0.019847,0.000024,0.000024,0.000024,0.000024,0.187354,0.012024,0.000024,0.292024
AAAGTGCCATCAATTA-1,0.000013,0.054162,0.314139,0.001858,0.090572,0.348097,0.006053,0.009483,0.049814,0.12581
AAAGTGTGATTTATCT-1,0.00001,0.00001,0.005544,0.000123,0.007394,0.641266,0.164303,0.181331,0.00001,0.00001
AAAGTTGACTCCCGTA-1,0.000016,0.000016,0.041715,0.000016,0.015238,0.444921,0.299602,0.081115,0.00539,0.111971
AAATAAGGTAGTGCCC-1,0.003907,0.991813,0.000022,0.000022,0.000022,0.000022,0.000022,0.004126,0.000022,0.000022
AAATACCTATAAGCAT-1,0.030014,0.046623,0.000182,0.047985,0.016414,0.096099,0.226605,0.347801,0.096435,0.091841
AAATAGCTTAGACTTT-1,0.000062,0.343439,0.000062,0.000062,0.000062,0.000062,0.002936,0.000124,0.000062,0.65313
AAATAGGGTGCTATTG-1,0.000016,0.000016,0.020199,0.037818,0.012564,0.354375,0.035659,0.253436,0.195066,0.09085
AAATCACTCCTAAACG-1,0.033237,0.007945,0.000012,0.157143,0.359557,0.203732,0.035764,0.146103,0.003399,0.053109
AAATCCGATACACGCC-1,0.000011,0.04127,0.179165,0.005965,0.096411,0.120682,0.281848,0.127243,0.044451,0.102955
AAATCGCGGAAGGAGT-1,0.961853,0.000032,0.000032,0.000032,0.000032,0.000032,0.000032,0.000064,0.000032,0.037859
AAATCGTGTACCACAA-1,0.008273,0.000012,0.017492,0.010916,0.028854,0.032724,0.006919,0.431733,0.354924,0.108151
AAATCTAGCCCTGCTA-1,0.000053,0.37558,0.009641,0.000053,0.000053,0.031501,0.074141,0.06036,0.181766,0.266851
AAATCTGCCCGCGTCC-1,0.797977,0.000237,0.000237,0.000237,0.032774,0.000237,0.000237,0.000475,0.000237,0.16735
AAATGACTGATCAAAC-1,0.03254,0.110676,0.112061,0.049733,0.000024,0.000024,0.000024,0.000048,0.396614,0.298258
AAATGATTCGATCAGC-1,0.02787,0.605373,0.000069,0.000069,0.000069,0.000069,0.024173,0.000138,0.014982,0.327188
AAATGCTCGTTACGTT-1,0.033857,0.014633,0.00002,0.009266,0.001456,0.00002,0.075935,0.401937,0.036343,0.426536
AAATGGCATGTCTTGT-1,0.00002,0.00002,0.079883,0.00002,0.00002,0.599246,0.137009,0.105705,0.03791,0.040165
AAATGGCCCGTGCCCT-1,0.41751,0.359446,0.000029,0.000029,0.000029,0.000029,0.222809,0.00006,0.000029,0.000029
AAATGGTCAATGTGCC-1,0.02597,0.000649,0.052442,0.033861,0.037436,0.032558,0.037468,0.66065,0.101163,0.017803
AAATGTATCTTATCCC-1,0.117097,0.030585,0.014574,0.009088,0.513723,0.002453,0.000014,0.002115,0.033939,0.276412
AAATTAACGGGTAGCT-1,0.000153,0.002447,0.00001,0.018967,0.005773,0.011846,0.071962,0.653445,0.158486,0.076911
AAATTAATAAGCGCGA-1,0.175401,0.039371,0.000015,0.00594,0.158255,0.015297,0.123094,0.045305,0.036762,0.400561
AAATTACCTATCGATG-1,0.000047,0.396322,0.000047,0.000047,0.000047,0.000047,0.113978,0.000094,0.000047,0.489323
AAATTCCAGGTCCAAA-1,0.030828,0.443138,0.000076,0.000076,0.000076,0.000076,0.000076,0.000152,0.01438,0.51112
AAATTGATAGTCCTTT-1,0.270956,0.036719,0.133573,0.000034,0.000034,0.000034,0.000034,0.000067,0.06141,0.497141
AAATTGCGGCGGTTCT-1,0.006781,0.078871,0.004173,0.099607,0.145463,0.185062,0.07099,0.272662,0.074906,0.061485
AAATTGGTGAGAAGCA-1,0.000009,0.000009,0.281271,0.001413,0.017129,0.599942,0.024977,0.073746,0.001494,0.000009
AAATTTGCGGGTGTGG-1,0.054705,0.007612,0.113331,0.012211,0.020029,0.055,0.039446,0.234033,0.358471,0.105161
AACAACTGGTAGTTGC-1,0.00001,0.00001,0.119602,0.083167,0.004074,0.031773,0.006365,0.630886,0.105555,0.018556
AACAATACATTGTCGA-1,0.019395,0.088626,0.000326,0.010929,0.076493,0.012507,0.016229,0.049889,0.164767,0.560839
AACAATTACTCTACGC-1,0.059453,0.022685,0.045561,0.027586,0.051481,0.133706,0.054248,0.319207,0.270519,0.015553
AACACACGCTCGCCGC-1,0.000011,0.000011,0.001287,0.000011,0.006566,0.711317,0.146433,0.133989,0.000126,0.00025
AACACGACTGTACTGA-1,0.00006,0.244837,0.00006,0.00006,0.00006,0.00006,0.278782,0.000121,0.00006,0.475899
AACACGAGACGCGGCC-1,0.262017,0.016593,0.000034,0.000034,0.000034,0.000034,0.010161,0.006459,0.020534,0.684098
AACACGCGGCCGCGAA-1,0.019369,0.000014,0.000014,0.005867,0.125534,0.277688,0.022628,0.388739,0.074789,0.085358
AACAGCTGTGTGGCAA-1,0.033582,0.17487,0.038527,0.000341,0.006095,0.0015,0.00003,0.000059,0.371721,0.373275
AACAGGAAATCGAATA-1,0.071228,0.085959,0.034316,0.000018,0.015558,0.232924,0.54047,0.019491,0.000018,0.000018
AACAGGATGGGCCGCG-1,0.000536,0.000006,0.156662,0.003183,0.018415,0.114968,0.009312,0.657345,0.038273,0.001299
AACAGGTAGTATGGAT-1,0.000098,0.208537,0.000098,0.000098,0.000098,0.000098,0.000098,0.000196,0.004947,0.785733
AACATAGCGTGTATCG-1,0.000028,0.224577,0.27556,0.026241,0.045288,0.056697,0.113201,0.08499,0.007957,0.165462
AACATATCAACTGGTG-1,0.115931,0.164703,0.000061,0.000061,0.000061,0.000061,0.099809,0.000585,0.015049,0.60368
AACATCGATACGTCTA-1,0.011738,0.44454,0.019558,0.000032,0.000032,0.018188,0.450111,0.015351,0.037151,0.0033
AACATTGAAGTTGATC-1,0.40933,0.262899,0.12686,0.033389,0.091709,0.000021,0.00954,0.00201,0.006515,0.057729
AACATTGGTCAGCCGT-1,0.000035,0.144096,0.000035,0.000035,0.009303,0.033511,0.125831,0.334315,0.004982,0.347857
AACATTGTGACTCGAG-1,0.000017,0.033927,0.005375,0.054791,0.029779,0.000017,0.000017,0.010592,0.523863,0.341622
AACCAAGACTTCTCTG-1,0.040255,0.000007,0.056884,0.001092,0.063946,0.169365,0.006555,0.544566,0.113358,0.003971
AACCATAGGGTTGAAC-1,0.935223,0.038979,0.025588,0.000026,0.000026,0.000026,0.000026,0.000053,0.000026,0.000026
AACCATGGGATCGCTA-1,0.059098,0.000012,0.000482,0.004984,0.050262,0.059728,0.212601,0.390502,0.02194,0.200391
AACCCAGAGACGGAGA-1,0.017604,0.002936,0.000013,0.002501,0.00117,0.023211,0.080798,0.463818,0.0288,0.379149
AACCCATCCCATGATC-1,0.764411,0.090981,0.017341,0.005973,0.000047,0.000033,0.117024,0.001945,0.000033,0.002212
AACCCGACAACCCGTG-1,0.014319,0.047291,0.370304,0.186298,0.054381,0.017633,0.005123,0.086842,0.204659,0.01315
AACCCGAGCAGAATCG-1,0.00009,0.406061,0.00009,0.00009,0.00009,0.00009,0.00009,0.00018,0.028226,0.564993
AACCCGATAGGGCTTC-1,0.000024,0.315136,0.001337,0.050966,0.266535,0.059535,0.091305,0.063426,0.010997,0.140737
AACCCGCTGTATTCCA-1,0.010842,0.025841,0.199563,0.668272,0.001087,0.015166,0.012351,0.04176,0.022895,0.002224
AACCCTACTGTCAATA-1,0.00001,0.000832,0.031693,0.00001,0.012063,0.645744,0.160332,0.104553,0.009057,0.035705
AACCCTGGTGGAACCA-1,0.092683,0.231054,0.031152,0.000064,0.004343,0.100339,0.137285,0.025391,0.018388,0.359302
AACCGAGCTTGGTCAT-1,0.004337,0.302398,0.00784,0.033636,0.001091,0.019485,0.573275,0.031876,0.00002,0.026042
AACCGCTAAGGGATGC-1,0.000023,0.000023,0.000023,0.000023,0.014841,0.220032,0.384295,0.056778,0.011294,0.312666
AACCGTTGTGTTTGCT-1,0.061285,0.000024,0.000024,0.000024,0.000024,0.270723,0.415773,0.205027,0.011998,0.035097
AACCTCGCTTTAGCCC-1,0.000015,0.056664,0.006008,0.023721,0.030669,0.270553,0.026476,0.184487,0.291289,0.11012
AACCTGTCACGGAATT-1,0.100546,0.353494,0.00003,0.00003,0.00003,0.00003,0.503109,0.000059,0.00003,0.042643
AACCTTTAAATACGGT-1,0.000011,0.000011,0.000489,0.183812,0.031873,0.186662,0.005932,0.355107,0.193752,0.04235
AACCTTTACGACGTCT-1,0.004078,0.734652,0.074127,0.00005,0.00005,0.044046,0.00005,0.142846,0.00005,0.00005
AACGAAAGTCGTCCCA-1,0.644502,0.002355,0.00368,0.014932,0.202144,0.004161,0.068944,0.059232,0.000025,0.000025
AACGACCTCCTAGCCG-1,0.000011,0.090723,0.184499,0.077186,0.366141,0.15246,0.042031,0.034234,0.005629,0.047087
AACGATAATGCCGTAG-1,0.000014,0.000014,0.000714,0.096523,0.010719,0.247935,0.004336,0.356774,0.196538,0.086432
AACGATAGAAGGGCCG-1,0.000012,0.000184,0.002924,0.015105,0.009313,0.212296,0.223876,0.511331,0.010074,0.014883
AACGATATGTCAACTG-1,0.000041,0.038198,0.000041,0.000041,0.016135,0.065232,0.380886,0.043862,0.000041,0.455525
AACGCATGATCTGGGT-1,0.000094,0.525017,0.211222,0.000094,0.000094,0.017375,0.063993,0.142885,0.039135,0.000094
AACGCGAACGGCAACA-1,0.000009,0.00077,0.000009,0.042727,0.106524,0.062245,0.081154,0.486533,0.019255,0.200773
AACGCGACCTTGGGCG-1,0.015918,0.115738,0.167331,0.232168,0.033797,0.002618,0.01535,0.029116,0.307807,0.080157
AACGCGGTCTCCAGCC-1,0.042358,0.008205,0.003765,0.013541,0.008238,0.180185,0.365219,0.352017,0.017028,0.009445
AACGCTGTTGCTGAAA-1,0.000022,0.011697,0.079541,0.000022,0.001416,0.283082,0.457672,0.035521,0.023744,0.107283
AACGGACGTACGTATA-1,0.000021,0.001426,0.000021,0.000021,0.0366,0.19698,0.352484,0.160288,0.002557,0.2496
AACGGCCATCTCCGGT-1,0.032088,0.021176,0.002169,0.012981,0.027283,0.027246,0.198317,0.366482,0.116818,0.195439
AACGTACTGTGGGTAC-1,0.002371,0.000014,0.010583,0.002405,0.044385,0.051845,0.020828,0.393036,0.176754,0.297778
AACGTAGTCTACCCAT-1,0.035646,0.045938,0.024018,0.000025,0.005219,0.336556,0.446119,0.012099,0.040721,0.053659
AACGTCAGACTAGTGG-1,0.021525,0.047017,0.000018,0.006521,0.010697,0.000357,0.484997,0.218579,0.015411,0.194878
AACGTCATCCGGCTTG-1,0.025606,0.037071,0.18765,0.093308,0.052595,0.028855,0.110317,0.229042,0.160965,0.074591
AACGTCGCTGCACTTC-1,0.000017,0.14085,0.464441,0.004786,0.07375,0.027092,0.288995,0.000035,0.000017,0.000017
AACGTGCGAAAGTCTC-1,0.000009,0.000009,0.005715,0.10577,0.025277,0.257322,0.04132,0.50732,0.037281,0.019977
AACGTTATCAGCACCT-1,0.044565,0.010177,0.01192,0.008155,0.081687,0.069713,0.156298,0.243182,0.074455,0.299849
AACGTTCTACCATTGT-1,0.000014,0.08323,0.008786,0.061769,0.222671,0.186685,0.054781,0.043779,0.131014,0.207271
AACTACCCGTTTGTCA-1,0.000116,0.300591,0.000116,0.000116,0.000116,0.000116,0.000116,0.017804,0.238696,0.442213
AACTAGCGTATCGCAC-1,0.010229,0.390767,0.056514,0.000031,0.000031,0.18751,0.161393,0.090994,0.088246,0.014286
AACTAGGCTTGGGTGT-1,0.000015,0.007084,0.002759,0.162581,0.007444,0.140367,0.01046,0.4228,0.219942,0.026547
AACTCAAGTTAATTGC-1,0.0292,0.000855,0.000017,0.000018,0.003856,0.008239,0.036228,0.122705,0.225058,0.573825
AACTCCAGAGCGTGTT-1,0.000016,0.012092,0.03705,0.000016,0.005701,0.504676,0.257273,0.049317,0.045175,0.088685
AACTCCTAATCCCATG-1,0.063285,0.211633,0.029851,0.008459,0.00005,0.126499,0.204691,0.355432,0.00005,0.00005
AACTCGATAAACACGT-1,0.001395,0.035008,0.012728,0.125622,0.102378,0.272888,0.116968,0.315559,0.013607,0.003845
AACTCGATGGCGCAGT-1,0.012195,0.001583,0.000223,0.020889,0.014176,0.081902,0.138861,0.627426,0.037907,0.064838
AACTCTCAATAGAGCG-1,0.000015,0.006679,0.116961,0.000015,0.000548,0.267691,0.604085,0.003976,0.000015,0.000015
AACTCTCAGTGTGCTC-1,0.010129,0.062409,0.013802,0.004941,0.064524,0.047247,0.089471,0.135737,0.37919,0.192551
AACTGAGGTCAGCGTC-1,0.000028,0.174443,0.165433,0.000028,0.056715,0.31665,0.284057,0.00106,0.000028,0.00156
AACTGAGTTATACTGA-1,0.016895,0.097161,0.205726,0.005471,0.26665,0.204947,0.087739,0.014208,0.004475,0.096728
AACTGATATTAGGCCT-1,0.018702,0.007846,0.081029,0.009297,0.019497,0.165929,0.339863,0.121733,0.074048,0.162058
AACTGGGTCCCGACGT-1,0.000023,0.015675,0.000275,0.003787,0.026867,0.130172,0.445122,0.30884,0.000307,0.068933
AACTGGTGTGGGCCTT-1,0.000015,0.014701,0.042384,0.07968,0.030199,0.478821,0.189218,0.157925,0.000359,0.006698
AACTTCTGCGTCTATC-1,0.012371,0.093795,0.000014,0.005636,0.037712,0.004941,0.117432,0.540431,0.050456,0.137212
AACTTGCCCGTATGCA-1,0.008838,0.002466,0.035412,0.003886,0.014238,0.097981,0.056005,0.44985,0.126574,0.20475
AACTTGCGTTCTCGCG-1,0.000016,0.000016,0.000016,0.051857,0.061811,0.007325,0.047232,0.603855,0.052733,0.175141
AACTTTACGGGAGCTT-1,0.393492,0.000013,0.218409,0.001054,0.000726,0.025705,0.029664,0.229752,0.098735,0.002449
AACTTTAGCTGCTGAG-1,0.000026,0.079918,0.131265,0.000026,0.005509,0.350719,0.170409,0.109969,0.106381,0.045778
AACTTTCTCGATCATG-1,0.000012,0.014564,0.004626,0.000957,0.325305,0.57296,0.016908,0.044534,0.008423,0.011711
AAGAAAGTTTGATGGG-1,0.774193,0.028317,0.002512,0.001745,0.022749,0.000041,0.000041,0.000082,0.000041,0.170278
AAGAAATCACCAGATT-1,0.000009,0.000009,0.000336,0.010978,0.455309,0.465874,0.000009,0.060532,0.006935,0.000009
AAGAAGGATCAGTTAG-1,0.010662,0.009857,0.150467,0.035825,0.026362,0.027844,0.150695,0.436824,0.079658,0.071805
AAGACATACGTGGTTT-1,0.000022,0.479181,0.000022,0.000022,0.23301,0.003872,0.196946,0.002509,0.000022,0.084394
AAGACCAAATAACTCA-1,0.772065,0.152012,0.032904,0.005418,0.000025,0.000025,0.000025,0.00005,0.000025,0.037451
AAGACCCAACTGAACA-1,0.000012,0.002161,0.000012,0.065117,0.052156,0.008977,0.080943,0.33459,0.242084,0.213948
AAGACTAACCCGTTGT-1,0.045555,0.000232,0.003931,0.03318,0.088444,0.24484,0.040378,0.286334,0.093034,0.164072
AAGACTGCAAGCTACT-1,0.037698,0.02349,0.000036,0.011109,0.0083,0.137678,0.300058,0.416722,0.042108,0.022799
AAGAGATGAATCGGTA-1,0.060622,0.004459,0.001379,0.000015,0.038076,0.030557,0.27967,0.258082,0.065327,0.261812
AAGAGCTCTTTATCGG-1,0.000022,0.010819,0.000022,0.015493,0.031779,0.101999,0.270468,0.479863,0.037812,0.051724
AAGAGGATGTACGCGA-1,0.032125,0.000009,0.047113,0.003585,0.020148,0.178538,0.001153,0.432329,0.273115,0.011885
AAGAGGCATGGATCGC-1,0.000022,0.000373,0.005973,0.003376,0.101998,0.124766,0.157589,0.198611,0.063637,0.343654
AAGAGGCCCTTTGGAA-1,0.051272,0.233416,0.041946,0.000232,0.000088,0.000088,0.000088,0.000176,0.162599,0.510094
AAGATGGCACCGGACC-1,0.000015,0.000015,0.000015,0.007642,0.192988,0.08439,0.000015,0.068012,0.418877,0.228029
AAGATTGGCGGAACGT-1,0.00004,0.201497,0.00004,0.00004,0.00004,0.011841,0.447214,0.002104,0.011582,0.325603
AAGCACCCTGCGTATC-1,0.000027,0.009028,0.000027,0.000027,0.037991,0.086907,0.246548,0.183043,0.028734,0.407667
AAGCATACTCTCCTGA-1,0.000007,0.000007,0.023141,0.232374,0.006195,0.191503,0.026415,0.448506,0.071844,0.000007
AAGCCACTTGCAGGTA-1,0.134726,0.003545,0.232733,0.069509,0.229343,0.002232,0.000014,0.000083,0.115254,0.212562
AAGCCGAAGCGGTTTA-1,0.006597,0.2612,0.000095,0.000095,0.000095,0.036777,0.012265,0.00019,0.037666,0.64502
AAGCCGCCGTGAAATC-1,0.503754,0.314351,0.000024,0.03862,0.040972,0.000024,0.000024,0.000049,0.023945,0.078236
AAGCCGCTTTACCTTG-1,0.028805,0.046155,0.011909,0.015797,0.141069,0.49715,0.142897,0.110316,0.005891,0.000012
AAGCCGGAGAGCAGGA-1,0.00001,0.00001,0.37063,0.003594,0.035184,0.55653,0.002225,0.013735,0.017673,0.000408
AAGCGCAGGGCTTTGA-1,0.000014,0.044036,0.000779,0.0916,0.095126,0.224931,0.028581,0.210333,0.127803,0.176798
AAGCGGAGTGCGCGCA-1,0.008041,0.27446,0.15789,0.106767,0.279077,0.087379,0.001153,0.033725,0.019344,0.032164
AAGCGGCGTCATGGGT-1,0.037301,0.544366,0.065968,0.000143,0.000143,0.122987,0.000143,0.228662,0.000143,0.000143
AAGCGTCCCTCATCGA-1,0.022962,0.159969,0.06926,0.049442,0.017951,0.074015,0.162,0.177002,0.253379,0.014019
AAGCTAGATCGAGTAA-1,0.021169,0.034634,0.004785,0.092232,0.018821,0.078842,0.214302,0.46234,0.037543,0.035333
AAGCTATGGATTGACC-1,0.746656,0.000071,0.000071,0.000071,0.000071,0.000071,0.000071,0.000143,0.000071,0.252701
AAGCTCGTGCCAAGTC-1,0.005861,0.004554,0.000018,0.050026,0.026955,0.083146,0.113532,0.695204,0.00895,0.011755
AAGCTCTTTCATGGTG-1,0.000029,0.08812,0.00003,0.011975,0.068424,0.039548,0.434055,0.067872,0.005496,0.28445
AAGGAGAACTTATAAG-1,0.048176,0.227543,0.000071,0.000071,0.000071,0.013835,0.10858,0.000143,0.005539,0.595971
AAGGAGCGGTTGGTGC-1,0.013507,0.019971,0.000014,0.010252,0.003022,0.005272,0.118666,0.533553,0.076203,0.219541
AAGGATCGATCGCTTG-1,0.038159,0.174491,0.000041,0.000041,0.000041,0.08282,0.32889,0.158815,0.036525,0.180177
AAGGATGAGGGACCTC-1,0.000021,0.003033,0.122227,0.000021,0.029036,0.229142,0.346728,0.083352,0.015426,0.171014
AAGGCAGGCTGTCTCC-1,0.000029,0.483836,0.000029,0.000029,0.000029,0.000029,0.512262,0.00028,0.000029,0.003451
AAGGCGCGTAAAGCTT-1,0.02381,0.005762,0.01623,0.009239,0.001248,0.011667,0.032332,0.20778,0.383884,0.308046
AAGGCTGTGCTCATCG-1,0.010787,0.001184,0.000018,0.00385,0.014129,0.003892,0.135181,0.453334,0.032112,0.345512
AAGGGAACGACTGGCT-1,0.593469,0.200767,0.000035,0.000035,0.000035,0.000035,0.000035,0.000071,0.000035,0.20548
AAGGGACAGATTCTGT-1,0.070737,0.416672,0.000024,0.000024,0.000024,0.000024,0.501007,0.000048,0.000024,0.011418
AAGGGACTATGCATTC-1,0.140108,0.031284,0.098998,0.02158,0.269153,0.077685,0.007549,0.144684,0.180874,0.028086
AAGGGTTAGCCATGCG-1,0.00001,0.005477,0.00839,0.060395,0.282648,0.385137,0.085878,0.130041,0.029504,0.012519
AAGGGTTTGATTTCAG-1,0.858363,0.000064,0.000064,0.000064,0.000064,0.000064,0.000064,0.000129,0.000064,0.141058
AAGGTATCCTAATATA-1,0.000017,0.000017,0.090848,0.00183,0.0044,0.476383,0.067831,0.200745,0.057606,0.100323
AAGGTGATAAACCAGC-1,0.002557,0.063688,0.01198,0.000019,0.016526,0.221321,0.380333,0.133672,0.084374,0.085531
AAGTAAGCTTCCAAAC-1,0.000028,0.505423,0.000028,0.000028,0.000028,0.000028,0.450656,0.000055,0.000028,0.0437
AAGTAGAAGACCGGGT-1,0.018111,0.03985,0.000013,0.124668,0.000771,0.004615,0.278835,0.376512,0.004955,0.15167
AAGTAGTGACGCGAGG-1,0.0161,0.000014,0.020478,0.000014,0.021883,0.076603,0.09388,0.525232,0.019134,0.226661
AAGTCAATTGTCGTCA-1,0.073243,0.179202,0.000052,0.000052,0.000052,0.00958,0.134132,0.000105,0.000052,0.603528
AAGTCTAGTAGCTGCC-1,0.000019,0.082745,0.000019,0.000019,0.417726,0.270248,0.047118,0.070825,0.021908,0.089373
AAGTCTTCTGTGGCCT-1,0.527726,0.243013,0.211733,0.002635,0.000027,0.000027,0.014732,0.000054,0.000027,0.000027
AAGTGACGACCGAATT-1,0.105876,0.074528,0.080427,0.022854,0.010089,0.034776,0.14863,0.147977,0.343149,0.031692
AAGTGAGTCGGGTTTA-1,0.02134,0.137771,0.000054,0.000054,0.000054,0.000054,0.000054,0.000107,0.474134,0.36638
AAGTGCAAAGGTAGAC-1,0.053389,0.015567,0.017295,0.000017,0.059705,0.070418,0.148951,0.208984,0.0385,0.387175
AAGTGCCTTGACTGTA-1,0.000053,0.206451,0.000053,0.000053,0.000053,0.000053,0.398221,0.000106,0.018295,0.376662
AAGTGCGTTAGAATCT-1,0.075001,0.002243,0.017536,0.0008,0.053724,0.186845,0.057371,0.198125,0.098168,0.310186
AAGTGCTTCTCTATTG-1,0.16714,0.134667,0.127983,0.06401,0.178075,0.000826,0.000447,0.022682,0.07819,0.22598
AAGTGTTTGGAGACGG-1,0.000023,0.000321,0.000023,0.003077,0.022325,0.177494,0.049217,0.311172,0.103201,0.333147
AAGTTCACTCCAAGCT-1,0.00001,0.000597,0.00001,0.002347,0.001344,0.208863,0.040706,0.338912,0.28112,0.126091
AAGTTCAGTCTGCGTA-1,0.007016,0.520378,0.090538,0.013258,0.000107,0.033117,0.089287,0.246084,0.000107,0.000107
AAGTTCGGCCAACAGG-1,0.013284,0.000009,0.076258,0.011698,0.029547,0.089883,0.050409,0.477258,0.101095,0.150559
AAGTTGTGATGTTATA-1,0.019779,0.638621,0.000093,0.000093,0.000093,0.000093,0.000093,0.000186,0.000093,0.340857
AAGTTTACTAATGGCA-1,0.139097,0.157475,0.000036,0.000036,0.000036,0.062181,0.322901,0.171691,0.052983,0.093563
AAGTTTATGGGCCCAA-1,0.00181,0.017688,0.100883,0.204565,0.178565,0.08583,0.013153,0.141364,0.088319,0.167825
AATAACAACGCTCGGC-1,0.010764,0.000673,0.000011,0.000011,0.00455,0.014761,0.044884,0.115619,0.158841,0.649884
AATAACACTAGAACAA-1,0.057908,0.136591,0.012592,0.013144,0.000018,0.000018,0.000018,0.000036,0.391029,0.388646
AATAACGTCGCGCCCA-1,0.000023,0.092401,0.015034,0.000219,0.306226,0.117309,0.27457,0.034841,0.011491,0.147886
AATAATCTTCGTATCG-1,0.000033,0.322517,0.024022,0.000033,0.148327,0.098501,0.187773,0.000754,0.000033,0.218006
AATACAATGTTTCAGG-1,0.02404,0.010414,0.005731,0.019658,0.136202,0.048364,0.183044,0.465238,0.060264,0.047045
AATACCGGAGGGCTGT-1,0.000004,0.021802,0.011812,0.017542,0.012352,0.047433,0.005384,0.077989,0.7385,0.067182
AATACCTGATGTGAAC-1,0.000106,0.413976,0.076658,0.040888,0.000106,0.000106,0.000106,0.000213,0.010049,0.45779
AATAGAACAGAGTGGC-1,0.000013,0.000013,0.000013,0.001408,0.019495,0.020226,0.006707,0.24937,0.385809,0.316946
AATAGAATCTGTTTCA-1,0.000018,0.038325,0.000018,0.0111,0.064146,0.304473,0.321297,0.170768,0.043889,0.045965
AATAGCAAGCCTCCTG-1,0.00004,0.031412,0.153612,0.00004,0.141569,0.403489,0.029276,0.014982,0.009517,0.216064
AATAGCTACCGCGTGC-1,0.283355,0.039715,0.000064,0.000064,0.000064,0.000064,0.114606,0.000128,0.000064,0.561877
AATAGGCACGACCCTT-1,0.034246,0.01813,0.338313,0.103351,0.027366,0.020013,0.004906,0.079569,0.269292,0.104815
AATAGTCCGTCCCGAC-1,0.000019,0.012115,0.000019,0.003173,0.000572,0.006169,0.021038,0.131653,0.402158,0.423084
AATAGTCGCGAGTCGG-1,0.046417,0.034569,0.063246,0.047985,0.09058,0.042122,0.042401,0.060804,0.346059,0.225818
AATATCAAGGTCGGAT-1,0.026987,0.05089,0.000048,0.000048,0.000048,0.000048,0.195414,0.085171,0.000048,0.641299
AATATCCTAGCAAACT-1,0.72047,0.011091,0.067004,0.021777,0.133852,0.003169,0.012465,0.03013,0.000021,0.000021
AATATCGAATCAATGC-1,0.000073,0.464362,0.024244,0.000073,0.000073,0.087594,0.007358,0.051983,0.198282,0.165958
AATATCGAGGGTTCTC-1,0.082195,0.217568,0.000053,0.000053,0.000053,0.008773,0.118325,0.391577,0.00986,0.171542
AATATTGGAGTATTGA-1,0.098149,0.13032,0.023844,0.000019,0.000534,0.009313,0.470932,0.083893,0.061056,0.121941
AATCAGACTGCAGGAC-1,0.000008,0.000008,0.000008,0.192029,0.064105,0.317278,0.000008,0.412987,0.01356,0.000008
AATCAGGTTTCATTTA-1,0.024458,0.006476,0.232406,0.185637,0.33167,0.042503,0.020992,0.109987,0.037584,0.008286
AATCATGTAAAGACTC-1,0.075102,0.202973,0.000035,0.000035,0.000035,0.000035,0.202555,0.000069,0.000035,0.519127
AATCCAAGGGCCTGAG-1,0.000013,0.005097,0.000013,0.041969,0.038454,0.15264,0.238282,0.505225,0.00129,0.017018
AATCCATGCAAGGGTG-1,0.000012,0.044859,0.000012,0.059079,0.060474,0.089675,0.091448,0.575472,0.001381,0.077588
AATCCCGCTCAGAGCC-1,0.000011,0.003241,0.071837,0.529597,0.066541,0.045471,0.012927,0.139483,0.060511,0.070381
AATCGAGGTCTCAAGG-1,0.000017,0.026019,0.000939,0.118535,0.314006,0.22638,0.064719,0.068629,0.055356,0.125401
AATCGCCTCAGCGCCA-1,0.000018,0.077249,0.000018,0.005351,0.052197,0.174743,0.186274,0.333881,0.121333,0.048936
AATCGCGCAGAGGACT-1,0.000098,0.187856,0.000098,0.000098,0.000098,0.000098,0.000098,0.000197,0.187534,0.623823
AATCGGGACACTACGA-1,0.00004,0.000377,0.022977,0.00004,0.030035,0.289416,0.189799,0.036635,0.00004,0.43064
AATCGGTATAGCCCTC-1,0.000036,0.41154,0.000036,0.000036,0.233913,0.003777,0.176549,0.000072,0.000036,0.174006
AATCGTGAGCCGAGCA-1,0.005149,0.048673,0.004474,0.036978,0.177314,0.240943,0.109497,0.173351,0.013918,0.189703
AATCTAGGTTTACTTG-1,0.705231,0.028082,0.088515,0.006786,0.000023,0.001869,0.139754,0.029693,0.000023,0.000023
AATCTATGCCGGAGCC-1,0.019431,0.146212,0.009766,0.000056,0.000073,0.134637,0.303392,0.167341,0.035072,0.184018
AATCTCTACTGTGGTT-1,0.590568,0.000039,0.000039,0.000039,0.000039,0.000039,0.026566,0.001092,0.019096,0.362483
AATCTGCGTTGGGACG-1,0.000023,0.010599,0.06277,0.000023,0.008202,0.331676,0.295275,0.107531,0.058813,0.125088
AATCTGGCTTTCTAGT-1,0.777979,0.155183,0.000028,0.000028,0.000028,0.000028,0.066616,0.000056,0.000028,0.000028
AATGACAGCAATGTCT-1,0.078119,0.006921,0.043689,0.002478,0.01845,0.022112,0.157142,0.211294,0.235301,0.224494
AATGACGTAGGATGTC-1,0.000013,0.000013,0.000013,0.006459,0.050024,0.182758,0.049898,0.497196,0.132983,0.080644
AATGACTGTCAGCCGG-1,0.00001,0.00001,0.00001,0.043031,0.019285,0.031176,0.018556,0.747291,0.037461,0.103169
AATGAGTTCGCATATG-1,0.009558,0.011078,0.000013,0.034799,0.109915,0.004177,0.329602,0.472281,0.001127,0.027449
AATGATGATACGCTAT-1,0.010258,0.376616,0.00007,0.00007,0.00007,0.00007,0.068151,0.00014,0.00007,0.544485
AATGATGCGACTCCTG-1,0.066105,0.17545,0.000029,0.003101,0.007265,0.070322,0.331193,0.303098,0.011117,0.03232
AATGCAACCGGGTACC-1,0.005585,0.113209,0.00002,0.012728,0.004506,0.030245,0.178497,0.360177,0.049992,0.245041
AATGCACCAAGCAATG-1,0.054701,0.214482,0.051936,0.003198,0.00003,0.04889,0.176354,0.438936,0.011444,0.00003
AATGGCCGCCAATGCG-1,0.00001,0.00001,0.275734,0.360589,0.129544,0.223475,0.00001,0.010609,0.00001,0.00001
AATGGTCCACCGTTCA-1,0.017664,0.000007,0.003261,0.020991,0.135994,0.209116,0.002141,0.555337,0.044069,0.011421
AATGGTTCTCACAAGC-1,0.016851,0.000007,0.020708,0.068399,0.031422,0.012002,0.043332,0.7925,0.010293,0.004488
AATGTATGGCACTGTA-1,0.623983,0.000026,0.153318,0.020653,0.185292,0.004708,0.000026,0.000052,0.007913,0.004028
AATGTGCCCGAGGTGT-1,0.205987,0.103497,0.040931,0.03512,0.062926,0.035737,0.008992,0.113303,0.15113,0.242376
AATGTGCTAATCTGAG-1,0.105756,0.084463,0.064378,0.038862,0.14167,0.006452,0.000017,0.004286,0.124725,0.429391
AATGTTAAGACCCTGA-1,0.000018,0.053409,0.000018,0.195444,0.427633,0.008648,0.175166,0.122567,0.002423,0.014673
AATGTTGTCGTGAGAC-1,0.045221,0.484401,0.000054,0.000054,0.000054,0.000054,0.000054,0.000108,0.000054,0.469945
AATTAAAGGTCGGCGT-1,0.025558,0.000011,0.003493,0.012347,0.01652,0.042085,0.008458,0.533461,0.235441,0.122624
AATTAACGGATTTCCA-1,0.000021,0.005521,0.000021,0.097556,0.013153,0.056411,0.02276,0.187318,0.282593,0.334646
AATTACGAGACCCATC-1,0.43709,0.000025,0.082195,0.008212,0.402871,0.023784,0.000025,0.005796,0.030336,0.009667
AATTACTCGTACGCTC-1,0.000009,0.000009,0.049034,0.163013,0.118133,0.03165,0.093549,0.543142,0.001453,0.000009
AATTAGCGCTGCAGCG-1,0.026179,0.000024,0.000024,0.000024,0.00209,0.000024,0.003859,0.150266,0.297407,0.520102
AATTATACCCAGCAAG-1,0.000018,0.079812,0.247343,0.001484,0.139657,0.255654,0.143385,0.035513,0.005083,0.092051
AATTCATAAGGGATCT-1,0.000068,0.335402,0.000068,0.000068,0.000068,0.000068,0.12557,0.000136,0.000068,0.538484
AATTCATTGTCATGCA-1,0.970739,0.000033,0.000033,0.000033,0.001002,0.000033,0.000033,0.008224,0.007978,0.011892
AATTCCAACTTGGTGA-1,0.000022,0.010051,0.000022,0.009867,0.159731,0.134915,0.062742,0.325103,0.121804,0.175743
AATTCCAAGCATGTAC-1,0.000639,0.043993,0.135743,0.258557,0.139684,0.018257,0.070629,0.216834,0.072525,0.043139
AATTCGATTCGAGGAT-1,0.000014,0.082255,0.000391,0.045807,0.174792,0.184299,0.169003,0.207513,0.064229,0.071696
AATTCTAGAGTTAGGC-1,0.000021,0.000021,0.000021,0.000021,0.001266,0.007285,0.081943,0.176211,0.243722,0.489489
AATTGAACGCTCTGGT-1,0.000017,0.019373,0.010415,0.013889,0.054972,0.308818,0.043688,0.348042,0.076671,0.124115
AATTGCAGCAATCGAC-1,0.047876,0.256114,0.176412,0.008921,0.102828,0.042486,0.024629,0.06239,0.063151,0.215193
AATTGCGTGGATTACA-1,0.825723,0.082368,0.072056,0.000035,0.000035,0.000035,0.000035,0.000071,0.000035,0.019605
AATTGTGGTTGCCAAA-1,0.000018,0.245063,0.223654,0.000018,0.328755,0.040961,0.010094,0.00805,0.000919,0.142467
AATTTGGTTCCAAAGA-1,0.00003,0.101144,0.034448,0.00003,0.00003,0.017235,0.588211,0.005738,0.00003,0.253103
ACAAACCATGCGTCCT-1,0.819429,0.128393,0.034442,0.017608,0.000018,0.000018,0.000018,0.000037,0.000018,0.000018
ACAAACTCCATCAGAG-1,0.000007,0.000024,0.494887,0.225151,0.001012,0.000007,0.000007,0.000193,0.253774,0.024937
ACAAAGAAGGTAGGCC-1,0.633353,0.02246,0.073083,0.029745,0.211147,0.000023,0.000023,0.002226,0.003852,0.024087
ACAAAGCATGACCTAG-1,0.015262,0.298111,0.000038,0.000038,0.023886,0.016507,0.000038,0.000076,0.239228,0.406816
ACAAATCGCACCGAAT-1,0.000024,0.019288,0.000024,0.000024,0.042217,0.042446,0.252404,0.105722,0.044745,0.493105
ACAAATGGTAGTGTTT-1,0.000022,0.045433,0.002949,0.007852,0.01934,0.348828,0.060955,0.142219,0.127062,0.24534
ACAAATTCAGATCTGA-1,0.000177,0.516426,0.000177,0.000177,0.000177,0.000177,0.000177,0.000354,0.000177,0.481982
ACAACAGCATGAGCTA-1,0.000022,0.001615,0.000022,0.006454,0.086103,0.151848,0.063415,0.281624,0.180774,0.228123
ACAACGGTCCCTGCGA-1,0.04469,0.069879,0.000018,0.000018,0.000018,0.000018,0.176068,0.111912,0.123707,0.473674
ACAAGCAGTGCCTAGC-1,0.003622,0.000006,0.061806,0.004037,0.016855,0.305498,0.000006,0.503017,0.105146,0.000006
ACAAGCTATATGGAAG-1,0.748257,0.078648,0.004945,0.000025,0.000025,0.000025,0.167363,0.000661,0.000025,0.000025
ACAAGGAAATCCGCCC-1,0.006683,0.024258,0.007929,0.068258,0.083699,0.15282,0.183984,0.338851,0.088078,0.045441
ACAAGGACAAGAGGTT-1,0.024867,0.047923,0.019786,0.002939,0.000018,0.003259,0.21292,0.137984,0.263729,0.286575
ACAAGGATGCTTTAGG-1,0.000016,0.020249,0.000016,0.000016,0.035196,0.295452,0.258902,0.266436,0.011995,0.11172
ACAAGGCCTACCAGCC-1,0.129544,0.5108,0.000082,0.000082,0.000082,0.000082,0.113893,0.005413,0.000082,0.239941
ACAAGGGCAGGCTCTG-1,0.000013,0.00162,0.011441,0.015158,0.039544,0.129512,0.047839,0.389884,0.131047,0.233943
ACAAGTAATTGTAAGG-1,0.690618,0.260354,0.024035,0.000029,0.000029,0.000029,0.024793,0.000057,0.000029,0.000029
ACAATAGTCGTACGTT-1,0.499243,0.002488,0.000022,0.000022,0.000022,0.000022,0.292492,0.030527,0.010602,0.164562
ACAATCCATTTAAACC-1,0.013075,0.007028,0.065933,0.00108,0.019539,0.09752,0.123197,0.478012,0.148179,0.046435
ACAATGAATACGGAGA-1,0.111032,0.008046,0.000025,0.000025,0.000025,0.000025,0.007265,0.001801,0.034529,0.837228
ACAATGATTCTTCTAC-1,0.000017,0.012443,0.38185,0.001137,0.112371,0.422701,0.030831,0.015662,0.001763,0.021226
ACAATTGTGTCTCTTT-1,0.000022,0.166306,0.001921,0.000022,0.039508,0.01516,0.68762,0.065582,0.000074,0.023786
ACAATTTAGGAGGCTC-1,0.086061,0.001208,0.082738,0.000535,0.063529,0.186011,0.087225,0.337799,0.050748,0.104149
ACAATTTGAGCAGTGG-1,0.000034,0.05592,0.000034,0.000034,0.009667,0.053626,0.451873,0.078095,0.018165,0.332553
ACAATTTGGCCATATT-1,0.000037,0.47654,0.182334,0.000037,0.036627,0.100322,0.192443,0.000075,0.000214,0.011371
ACACAAAGACGGGTGG-1,0.000011,0.009949,0.000011,0.041358,0.046153,0.054788,0.131002,0.52824,0.024932,0.163557
ACACAAATATTCCTAG-1,0.006689,0.161458,0.013047,0.004587,0.353168,0.225736,0.208946,0.02174,0.000471,0.004157
ACACACCAGGACCAGT-1,0.000034,0.596194,0.023749,0.000034,0.000034,0.141292,0.014784,0.110259,0.108098,0.005523
ACACACTTTCTACACG-1,0.00218,0.095879,0.000038,0.000038,0.001848,0.166736,0.513163,0.082311,0.000038,0.13777
ACACATGATCAAATCT-1,0.919453,0.000021,0.040489,0.001052,0.006087,0.023925,0.008889,0.000042,0.000021,0.000021
ACACATTGACGCAACA-1,0.013127,0.09033,0.110608,0.166119,0.113818,0.013011,0.361937,0.130321,0.000721,0.000009
ACACATTTCCGTAGAC-1,0.023705,0.096463,0.011195,0.291606,0.344382,0.011191,0.02368,0.034311,0.010639,0.152828
ACACCACATAATTAGC-1,0.007676,0.642019,0.000033,0.000033,0.000033,0.000033,0.14496,0.000065,0.000033,0.205116
ACACCCAGCATGCAGC-1,0.000012,0.004669,0.005563,0.15592,0.002412,0.01908,0.084749,0.490448,0.063567,0.173579
ACACCCGAGAAATCCG-1,0.064502,0.057296,0.000009,0.023163,0.005789,0.00108,0.456169,0.254702,0.019672,0.117618
ACACCCGTAAATCTGT-1,0.029987,0.086812,0.001243,0.123792,0.406099,0.034211,0.03281,0.163537,0.0183,0.103209
ACACCGAGCGCTCTTT-1,0.034364,0.121495,0.000866,0.053543,0.04013,0.000629,0.066938,0.197733,0.061245,0.423056
ACACCGGTCTGACCGC-1,0.883676,0.075354,0.020437,0.000024,0.000024,0.000024,0.000024,0.000048,0.000024,0.020364
ACACCTTAAGTAGGGC-1,0.002357,0.038646,0.047567,0.020969,0.008003,0.017734,0.077562,0.649526,0.113091,0.024545
ACACCTTACTACTTGC-1,0.032822,0.359626,0.057793,0.00009,0.00009,0.197146,0.014436,0.102392,0.126409,0.109195
ACACGAGACTCCTTCT-1,0.000022,0.002348,0.000022,0.064315,0.128028,0.057268,0.192709,0.455637,0.000022,0.099629
ACACGGGAACTTAGGG-1,0.000034,0.004534,0.000034,0.021173,0.03355,0.10224,0.148364,0.31607,0.049365,0.324637
ACACGTAGGCCACAAG-1,0.000095,0.237145,0.000095,0.000095,0.000095,0.000095,0.000095,0.000189,0.000095,0.762003
ACACTCCAATGTCACT-1,0.049593,0.05047,0.007228,0.067781,0.02699,0.000019,0.035388,0.148809,0.221758,0.391964
ACACTGATCAAGGTGT-1,0.000012,0.000012,0.000012,0.001719,0.009844,0.011265,0.017352,0.495734,0.349487,0.114562
ACACTGGGACAGTCGT-1,0.068869,0.293176,0.055125,0.025846,0.015748,0.041687,0.215733,0.056886,0.001965,0.224965
ACAGAACTGAGAACAA-1,0.266921,0.000017,0.001221,0.000017,0.036874,0.124346,0.059034,0.260073,0.099429,0.152068
ACAGATTAGGTTAGTG-1,0.007483,0.296047,0.000042,0.000042,0.000042,0.00878,0.680922,0.006042,0.000042,0.000558
ACAGCATAGAGCCAGT-1,0.000022,0.017639,0.099556,0.000022,0.000022,0.410409,0.319313,0.070867,0.037852,0.044299
ACAGCGACATTCTCAT-1,0.033668,0.766147,0.000049,0.000049,0.000049,0.000049,0.106392,0.003665,0.013743,0.07619
ACAGGAGGCGCAGCCG-1,0.004118,0.236268,0.00085,0.087648,0.13825,0.03703,0.117428,0.178183,0.023746,0.176479
ACAGGCACGGATCCTT-1,0.001077,0.834954,0.160238,0.000029,0.000029,0.000029,0.000029,0.000059,0.001583,0.001973
ACAGGCTTGCCCGACT-1,0.000021,0.108495,0.000021,0.011781,0.0226,0.135233,0.489815,0.122286,0.008774,0.100975
ACAGGTGGAGGTGAGG-1,0.000025,0.002728,0.000025,0.001575,0.006872,0.006609,0.000025,0.134942,0.56222,0.28498
ACAGGTGTGTTGTTGC-1,0.570437,0.004274,0.000035,0.000035,0.206214,0.000035,0.000035,0.00007,0.000035,0.21883
ACAGTAATACAACTTG-1,0.545837,0.094066,0.000015,0.000015,0.000015,0.000015,0.359977,0.00003,0.000015,0.000015
ACAGTATACCGTGGGA-1,0.000045,0.110168,0.000045,0.000045,0.00361,0.058946,0.204498,0.00009,0.000045,0.622509
ACAGTGCAGCGCATTT-1,0.000013,0.02738,0.083886,0.056111,0.464305,0.24897,0.075634,0.043674,0.000013,0.000013
ACATAAGTCGTGGTGA-1,0.467428,0.00002,0.469759,0.021021,0.001007,0.013246,0.00002,0.02683,0.000648,0.00002
ACATAATAAGGCGGTG-1,0.051283,0.062977,0.002311,0.000416,0.014458,0.135494,0.193536,0.439135,0.075955,0.024435
ACATACAATCAAGCGG-1,0.000054,0.588374,0.000054,0.000054,0.000054,0.000054,0.000054,0.000108,0.012144,0.399049
ACATCAGCTGGGACGC-1,0.12357,0.015362,0.00002,0.00002,0.053442,0.028292,0.092613,0.096366,0.10307,0.487245
ACATCCCGGCCATACG-1,0.00241,0.004898,0.000227,0.004957,0.048192,0.064184,0.027359,0.368337,0.398958,0.080476
ACATCCTGGTAACTGT-1,0.000045,0.299203,0.000045,0.000045,0.000045,0.000045,0.188702,0.000091,0.000045,0.511732
ACATCGATCGTTTACC-1,0.084884,0.092969,0.011048,0.012511,0.000012,0.005572,0.519431,0.179531,0.093087,0.000955
ACATCGCAATATTCGG-1,0.126151,0.02534,0.000031,0.003619,0.234916,0.031622,0.009771,0.049,0.080197,0.439352
ACATCGGTCAGCCGCG-1,0.094104,0.043006,0.004037,0.000146,0.001678,0.000018,0.165617,0.119646,0.06952,0.502227
ACATCGTATGCAATGG-1,0.000022,0.000223,0.000022,0.000022,0.002864,0.189204,0.063575,0.293599,0.142079,0.308388
ACATCGTTAACCTAGT-1,0.101276,0.068342,0.028491,0.000053,0.000053,0.065286,0.39826,0.095218,0.000053,0.24297
ACATGCTTACGGCAGC-1,0.875896,0.00066,0.000029,0.000029,0.000029,0.000029,0.052077,0.001629,0.000029,0.069592
ACATGGCGCCAAAGTA-1,0.020927,0.265689,0.000055,0.000055,0.000055,0.000055,0.093899,0.00011,0.000055,0.619099
ACATGGCTCAATTTAG-1,0.000005,0.000005,0.000005,0.319391,0.002262,0.071792,0.000005,0.606523,0.000005,0.000005
ACATTAGTTTATATCC-1,0.029348,0.001825,0.01661,0.013494,0.007688,0.031301,0.083812,0.503917,0.212035,0.099969
ACATTCGCGCGGAATA-1,0.126579,0.003827,0.685781,0.087273,0.000029,0.000009,0.000009,0.004117,0.092367,0.000009
ACATTTGAAACCTAAC-1,0.06843,0.197851,0.034119,0.10387,0.023682,0.000074,0.000074,0.000148,0.055653,0.516097
ACCAAACACCCAGCGA-1,0.020037,0.23814,0.034904,0.00003,0.001378,0.00003,0.542786,0.005425,0.012617,0.144651
ACCAACACCACACACT-1,0.066331,0.369323,0.000061,0.000061,0.000061,0.000061,0.035194,0.000121,0.000061,0.528728
ACCAACCGCACTCCAC-1,0.000036,0.504678,0.000033,0.000033,0.058766,0.000033,0.000033,0.000065,0.000033,0.436292
ACCAACGCTTATTTAT-1,0.005515,0.133727,0.003647,0.018221,0.004474,0.00665,0.111749,0.137192,0.200802,0.378022
ACCAAGAACGCGTGTC-1,0.008247,0.187138,0.000033,0.002306,0.000033,0.004502,0.007363,0.303824,0.24748,0.239075
ACCAAGTCATCGGCAG-1,0.000038,0.948287,0.000038,0.000038,0.000038,0.000038,0.001523,0.000076,0.000038,0.049885
ACCAATATGCAAGTTA-1,0.000031,0.000031,0.000031,0.000031,0.071579,0.095117,0.078749,0.200084,0.049316,0.50503
