Barcode,Topic 1,Topic 2to3,Topic 4to6,Topic 7,Topic 8,Topic 9to10
AAACAAGTATCTCCCA-1,0.013604,0.384794,0.245489,0.014344,0.053336,0.288433
AAACACCAATAACTGC-1,0.759103,0.019209,0.210792,0.000918,0.004636,0.005343
AAACAGCTTTCAGAAG-1,0.089074,0.053338,0.27356,0.009863,0.388194,0.185971
AAACAGGGTCTATATT-1,0.045861,0.016169,0.906376,0.000008,0.014093,0.017493
AAACAGTGTTCCTGGG-1,0.066017,0.134798,0.39427,0.007797,0.04986,0.347258
AAACATGGTGAGAGGA-1,0.966472,0.018427,0.010094,0.00001,0.00001,0.004987
AAACATTTCCCGGATT-1,0.032688,0.260798,0.559574,0.025709,0.031221,0.090011
AAACCCGAACGAAATC-1,0.000008,0.33269,0.18895,0.010671,0.007666,0.460015
AAACCGGAAATGTTAA-1,0.00001,0.46999,0.199507,0.007839,0.017038,0.305616
AAACCGGGTAGGTACC-1,0.110736,0.16383,0.581627,0.014275,0.027094,0.102438
AAACCGTTCGTCCAGG-1,0.041459,0.082649,0.853049,0.006797,0.002053,0.013993
AAACCTAAGCAGCCGG-1,0.018418,0.099489,0.79966,0.014517,0.008506,0.059409
AAACCTCATGAAGTTG-1,0.072186,0.189923,0.593143,0.033276,0.039178,0.072295
AAACGAAGAACATACC-1,0.04199,0.000093,0.00014,0.584877,0.227464,0.145436
AAACGAAGATGGAGTA-1,0.632294,0.000015,0.357279,0.000007,0.001223,0.009182
AAACGAGACGGTTGAT-1,0.018918,0.421136,0.110288,0.009175,0.015699,0.424783
AAACGCTGGGCACGAC-1,0.034228,0.226189,0.253322,0.002106,0.032533,0.451623
AAACGGGCGTACGGGT-1,0.067907,0.110678,0.682266,0.053822,0.005063,0.080264
AAACGGTTGCGAACTG-1,0.028486,0.625787,0.198324,0.006573,0.058127,0.082703
AAACTCGGTTCGCAAT-1,0.050296,0.285146,0.500328,0.005931,0.098975,0.059324
AAACTCGTGATATAAG-1,0.015111,0.000086,0.000128,0.308563,0.350171,0.325941
AAACTGCTGGCTCCAA-1,0.000008,0.509026,0.368997,0.017555,0.005843,0.09857
AAACTTAATTGCACGC-1,0.961868,0.009724,0.012695,0.001689,0.001468,0.012556
AAACTTGCAAACGTAT-1,0.175892,0.072199,0.537675,0.100323,0.013566,0.100345
AAAGAATGACCTTAGA-1,0.922586,0.033507,0.041635,0.000009,0.000009,0.002253
AAAGAATGTGGACTAA-1,0.027149,0.057092,0.685206,0.013471,0.085208,0.131875
AAAGACTGGGCGCTTT-1,0.187584,0.315512,0.154315,0.018019,0.090561,0.234009
AAAGGCCCTATAATAC-1,0.860619,0.017196,0.053073,0.011117,0.018716,0.03928
AAAGGCTACGGACCAT-1,0.040162,0.206764,0.590551,0.006269,0.02483,0.131424
AAAGGCTCTCGCGCCG-1,0.075886,0.246974,0.453016,0.038318,0.027084,0.158722
AAAGGGATGTAGCAAG-1,0.000017,0.612067,0.169846,0.09274,0.000493,0.124837
AAAGGGCAGCTTGAAT-1,0.020915,0.01794,0.00755,0.219537,0.137147,0.596911
AAAGTAGCATTGCTCA-1,0.245109,0.012954,0.534063,0.002692,0.185988,0.019193
AAAGTCGACCCTCAGT-1,0.020772,0.20448,0.497961,0.017781,0.139208,0.119799
AAAGTGCCATCAATTA-1,0.009029,0.214976,0.148282,0.000783,0.015114,0.611817
AAAGTGTGATTTATCT-1,0.000079,0.564918,0.164888,0.002449,0.001854,0.265812
AAAGTTGACTCCCGTA-1,0.000009,0.6981,0.199474,0.000345,0.000012,0.10206
AAATAAGGTAGTGCCC-1,0.000014,0.207094,0.181825,0.256934,0.043505,0.310628
AAATACCTATAAGCAT-1,0.002004,0.273314,0.489578,0.015363,0.017393,0.202347
AAATAGCTTAGACTTT-1,0.000013,0.501833,0.344745,0.027299,0.001255,0.124856
AAATAGGGTGCTATTG-1,0.003016,0.170723,0.687209,0.022902,0.011411,0.10474
AAATCCGATACACGCC-1,0.00565,0.07813,0.777001,0.029076,0.027315,0.082827
AAATCGCGGAAGGAGT-1,0.86755,0.038727,0.036271,0.000481,0.00001,0.056962
AAATCGTGTACCACAA-1,0.000732,0.130538,0.437541,0.014717,0.158249,0.258223
AAATCTAGCCCTGCTA-1,0.00001,0.593938,0.280297,0.009547,0.009138,0.10707
AAATCTGCCCGCGTCC-1,0.999896,0.000023,0.000035,0.000012,0.000012,0.000023
AAATGACTGATCAAAC-1,0.087385,0.305552,0.089391,0.00817,0.084876,0.424625
AAATGCTCGTTACGTT-1,0.000048,0.110405,0.003891,0.655409,0.000048,0.230199
AAATGGCCCGTGCCCT-1,0.217575,0.00142,0.351083,0.005649,0.407003,0.01727
AAATGGTCAATGTGCC-1,0.000021,0.241096,0.104678,0.018445,0.023992,0.611769
AAATGTATCTTATCCC-1,0.007121,0.467162,0.156775,0.049647,0.046969,0.272326
AAATTAACGGGTAGCT-1,0.032982,0.308998,0.125656,0.010124,0.068076,0.454164
AAATTAATAAGCGCGA-1,0.006701,0.315076,0.204115,0.018089,0.053206,0.402813
AAATTACCTATCGATG-1,0.000017,0.360368,0.233241,0.231828,0.00286,0.171686
AAATTCCAGGTCCAAA-1,0.021078,0.305971,0.391525,0.091114,0.07022,0.120092
AAATTGATAGTCCTTT-1,0.079191,0.030325,0.418844,0.021369,0.372223,0.078048
AAATTTGCGGGTGTGG-1,0.015583,0.061215,0.580123,0.015311,0.007013,0.320755
AACAACTGGTAGTTGC-1,0.015561,0.555638,0.145904,0.066525,0.043303,0.173069
AACAATACATTGTCGA-1,0.025939,0.151242,0.651782,0.005313,0.070145,0.095579
AACAATTACTCTACGC-1,0.019562,0.178344,0.04397,0.012335,0.074731,0.671057
AACACACGCTCGCCGC-1,0.007539,0.081462,0.371958,0.079304,0.003066,0.456671
AACACGACTGTACTGA-1,0.126927,0.000184,0.006632,0.737575,0.128498,0.000184
AACACGAGACGCGGCC-1,0.432387,0.077559,0.38669,0.023397,0.023202,0.056766
AACAGCTGTGTGGCAA-1,0.1468,0.088884,0.66657,0.011962,0.05728,0.028504
AACAGGAAATCGAATA-1,0.081998,0.000151,0.000226,0.177635,0.204913,0.535077
AACAGGATGGGCCGCG-1,0.015858,0.613028,0.105919,0.095944,0.032364,0.136887
AACAGGTAGTATGGAT-1,0.001636,0.355775,0.145446,0.028048,0.05084,0.418255
AACATAGCGTGTATCG-1,0.085813,0.160218,0.499655,0.030916,0.007576,0.215822
AACATATCAACTGGTG-1,0.000022,0.27679,0.206188,0.263395,0.002288,0.251318
AACATTGAAGTTGATC-1,0.525023,0.023628,0.434239,0.000007,0.000007,0.017097
AACATTGTGACTCGAG-1,0.099134,0.038061,0.166612,0.315658,0.063636,0.3169
AACCAAGACTTCTCTG-1,0.122299,0.242478,0.276643,0.031828,0.018797,0.307955
AACCATAGGGTTGAAC-1,0.970417,0.007234,0.012154,0.00474,0.00098,0.004475
AACCATGGGATCGCTA-1,0.00002,0.274625,0.110493,0.496191,0.037811,0.08086
AACCCAGAGACGGAGA-1,0.000031,0.173111,0.102156,0.452631,0.015764,0.256307
AACCCATCCCATGATC-1,0.943859,0.00485,0.019784,0.003022,0.012623,0.015862
AACCCGACAACCCGTG-1,0.257747,0.092974,0.24834,0.217084,0.028155,0.155701
AACCCGAGCAGAATCG-1,0.103696,0.105633,0.174023,0.027129,0.112099,0.477419
AACCCGCTGTATTCCA-1,0.034574,0.157086,0.166135,0.032943,0.099557,0.509705
AACCCTACTGTCAATA-1,0.026284,0.37572,0.050462,0.049422,0.074191,0.423921
AACCCTGGTGGAACCA-1,0.000014,0.118337,0.210385,0.666308,0.000014,0.004941
AACCGAGCTTGGTCAT-1,0.000024,0.422952,0.212701,0.32379,0.000027,0.040506
AACCGCTAAGGGATGC-1,0.059946,0.479639,0.118388,0.024262,0.03354,0.284225
AACCGTTGTGTTTGCT-1,0.086271,0.00012,0.00018,0.913248,0.00006,0.00012
AACCTCGCTTTAGCCC-1,0.000006,0.199542,0.761673,0.003656,0.022219,0.012904
AACCTGTCACGGAATT-1,0.000016,0.294267,0.101558,0.160314,0.096073,0.347771
AACCTTTAAATACGGT-1,0.00001,0.23356,0.680431,0.002869,0.013391,0.069738
AACGAAAGTCGTCCCA-1,0.837521,0.000039,0.003094,0.017057,0.131657,0.010632
AACGACCTCCTAGCCG-1,0.086672,0.067819,0.503161,0.005244,0.050314,0.286791
AACGATAATGCCGTAG-1,0.001614,0.17159,0.500152,0.015942,0.09079,0.219911
AACGATAGAAGGGCCG-1,0.000065,0.000129,0.000194,0.208492,0.602202,0.188918
AACGATATGTCAACTG-1,0.000025,0.12721,0.099299,0.108089,0.007285,0.658093
AACGCATGATCTGGGT-1,0.112091,0.00017,0.000255,0.545896,0.160016,0.181572
AACGCGACCTTGGGCG-1,0.063103,0.255934,0.267564,0.012437,0.048428,0.352534
AACGCGGTCTCCAGCC-1,0.007804,0.112164,0.013563,0.094731,0.031184,0.740554
AACGCTGTTGCTGAAA-1,0.000008,0.253219,0.720116,0.004819,0.000008,0.021831
AACGGACGTACGTATA-1,0.003398,0.147713,0.532946,0.058846,0.033736,0.223361
AACGGCCATCTCCGGT-1,0.021228,0.092492,0.657426,0.024492,0.034193,0.170169
AACGTACTGTGGGTAC-1,0.000007,0.223294,0.694053,0.01036,0.046761,0.025525
AACGTCAGACTAGTGG-1,0.000031,0.388584,0.032114,0.224507,0.042817,0.311947
AACGTCATCCGGCTTG-1,0.032924,0.717624,0.105173,0.027793,0.019399,0.097086
AACGTCGCTGCACTTC-1,0.034127,0.247345,0.668211,0.011112,0.006433,0.032772
AACGTGCGAAAGTCTC-1,0.034977,0.596087,0.067529,0.018595,0.037546,0.245266
AACGTTATCAGCACCT-1,0.00004,0.323814,0.030487,0.256006,0.009241,0.380412
AACGTTCTACCATTGT-1,0.015563,0.351986,0.134483,0.007339,0.021811,0.468818
AACTACCCGTTTGTCA-1,0.035108,0.542592,0.087304,0.002377,0.001657,0.330963
AACTAGGCTTGGGTGT-1,0.048476,0.086766,0.633539,0.028468,0.040426,0.162324
AACTCAAGTTAATTGC-1,0.073316,0.45843,0.260751,0.027259,0.038745,0.1415
AACTCCAGAGCGTGTT-1,0.000011,0.319932,0.435012,0.038783,0.031783,0.174479
AACTCGATGGCGCAGT-1,0.060972,0.000074,0.000111,0.554141,0.292701,0.092
AACTCTCAATAGAGCG-1,0.052759,0.456131,0.076268,0.102574,0.014175,0.298093
AACTCTCAGTGTGCTC-1,0.013006,0.063604,0.543213,0.021581,0.094794,0.263802
AACTGAGTTATACTGA-1,0.014457,0.243905,0.133656,0.025032,0.022888,0.560062
AACTGATATTAGGCCT-1,0.019292,0.000181,0.000271,0.30874,0.099145,0.572371
AACTGGGTCCCGACGT-1,0.000019,0.383738,0.326176,0.27327,0.000019,0.016778
AACTTCTGCGTCTATC-1,0.13875,0.188212,0.008726,0.400827,0.044251,0.219235
AACTTGCCCGTATGCA-1,0.000011,0.545306,0.081215,0.076668,0.120764,0.176036
AACTTGCGTTCTCGCG-1,0.000018,0.149794,0.108465,0.631158,0.048167,0.062399
AACTTTACGGGAGCTT-1,0.028104,0.339683,0.13234,0.032743,0.024703,0.442427
AAGAAAGTTTGATGGG-1,0.991489,0.00004,0.000061,0.008349,0.00002,0.00004
AAGAAGGATCAGTTAG-1,0.000414,0.000096,0.000144,0.624869,0.037546,0.336931
AAGACATACGTGGTTT-1,0.00001,0.205533,0.586861,0.029473,0.012838,0.165285
AAGACCAAATAACTCA-1,0.934542,0.010677,0.036372,0.000008,0.000008,0.018392
AAGACCCAACTGAACA-1,0.005303,0.16281,0.726897,0.014175,0.046259,0.044556
AAGACTGCAAGCTACT-1,0.063145,0.329966,0.078874,0.027698,0.051152,0.449164
AAGAGATGAATCGGTA-1,0.012583,0.213342,0.036611,0.16771,0.002235,0.567519
AAGAGCTCTTTATCGG-1,0.000016,0.571288,0.109927,0.0352,0.019754,0.263815
AAGAGGATGTACGCGA-1,0.001469,0.224488,0.739171,0.00823,0.003409,0.023232
AAGAGGCATGGATCGC-1,0.025282,0.486912,0.068097,0.009287,0.007876,0.402546
AAGAGGCCCTTTGGAA-1,0.01732,0.171341,0.56635,0.003852,0.003763,0.237373
AAGATGGCACCGGACC-1,0.071902,0.134772,0.651102,0.011746,0.092213,0.038264
AAGATTGGCGGAACGT-1,0.000012,0.542532,0.359437,0.066776,0.00046,0.030784
AAGCACCCTGCGTATC-1,0.006278,0.18517,0.51076,0.088692,0.041581,0.167519
AAGCATACTCTCCTGA-1,0.000704,0.228014,0.694724,0.006889,0.001836,0.067833
AAGCCACTTGCAGGTA-1,0.223911,0.007298,0.251395,0.012562,0.433311,0.071522
AAGCCGAAGCGGTTTA-1,0.004486,0.249142,0.135941,0.051285,0.023756,0.535391
AAGCCGCCGTGAAATC-1,0.760995,0.0049,0.10668,0.004539,0.072472,0.050414
AAGCCGGAGAGCAGGA-1,0.021534,0.381087,0.342646,0.007033,0.011888,0.235811
AAGCGCAGGGCTTTGA-1,0.000073,0.08883,0.70769,0.007975,0.040745,0.154688
AAGCGTCCCTCATCGA-1,0.064078,0.158612,0.531839,0.02485,0.12564,0.094982
AAGCTAGATCGAGTAA-1,0.072988,0.2653,0.292319,0.05066,0.227088,0.091644
AAGCTATGGATTGACC-1,0.878753,0.108386,0.001122,0.000039,0.000039,0.01166
AAGCTCGTGCCAAGTC-1,0.000606,0.385794,0.074807,0.013869,0.032519,0.492404
AAGCTCTTTCATGGTG-1,0.000013,0.254167,0.6191,0.020685,0.019132,0.086902
AAGGAGCGGTTGGTGC-1,0.000014,0.852249,0.087006,0.036597,0.000014,0.02412
AAGGATCGATCGCTTG-1,0.000024,0.316731,0.09594,0.054821,0.011884,0.5206
AAGGATGAGGGACCTC-1,0.000016,0.403163,0.239394,0.325445,0.000448,0.031535
AAGGCAGGCTGTCTCC-1,0.000525,0.455448,0.112706,0.04583,0.015645,0.369845
AAGGCGCGTAAAGCTT-1,0.008672,0.091603,0.014929,0.195518,0.004831,0.684447
AAGGCTGTGCTCATCG-1,0.131189,0.343328,0.059048,0.093472,0.000824,0.372138
AAGGGAACGACTGGCT-1,0.66221,0.012598,0.179177,0.014147,0.04643,0.085439
AAGGGACAGATTCTGT-1,0.000033,0.267782,0.053815,0.244219,0.004101,0.43005
AAGGGACTATGCATTC-1,0.663079,0.00768,0.056344,0.01375,0.206047,0.0531
AAGGGTTAGCCATGCG-1,0.014266,0.20097,0.278902,0.03077,0.048876,0.426216
AAGGGTTTGATTTCAG-1,0.869392,0.037191,0.034194,0.013928,0.011472,0.033823
AAGGTATCCTAATATA-1,0.000016,0.713581,0.23008,0.042585,0.000016,0.013722
AAGGTGATAAACCAGC-1,0.003991,0.388686,0.254295,0.000808,0.012721,0.3395
AAGTAGAAGACCGGGT-1,0.025296,0.100273,0.148883,0.701112,0.013387,0.011049
AAGTAGTGACGCGAGG-1,0.000016,0.396303,0.071068,0.035825,0.10123,0.395558
AAGTCAATTGTCGTCA-1,0.01063,0.200185,0.153682,0.030436,0.012942,0.592127
AAGTCTTCTGTGGCCT-1,0.006069,0.202148,0.296001,0.059657,0.313932,0.122193
AAGTGACGACCGAATT-1,0.020352,0.086756,0.666487,0.070132,0.031245,0.125029
AAGTGAGTCGGGTTTA-1,0.000008,0.303522,0.660128,0.000919,0.00136,0.034064
AAGTGCAAAGGTAGAC-1,0.071046,0.378268,0.179958,0.019504,0.014544,0.33668
AAGTGCCTTGACTGTA-1,0.000011,0.170509,0.182505,0.006656,0.001639,0.638681
AAGTGCGTTAGAATCT-1,0.122745,0.022712,0.384094,0.343924,0.065465,0.061061
AAGTGCTTCTCTATTG-1,0.007244,0.108055,0.591723,0.028946,0.205935,0.058097
AAGTGTTTGGAGACGG-1,0.080809,0.219631,0.567858,0.052104,0.005601,0.073997
AAGTTCACTCCAAGCT-1,0.033327,0.177469,0.604548,0.025751,0.023469,0.135437
AAGTTCGGCCAACAGG-1,0.088414,0.082676,0.627127,0.039498,0.01622,0.146065
AAGTTGTGATGTTATA-1,0.028338,0.295995,0.352121,0.022646,0.143884,0.157016
AAGTTTATGGGCCCAA-1,0.000007,0.136389,0.657974,0.025001,0.056056,0.124572
AATAACAACGCTCGGC-1,0.041283,0.213786,0.213809,0.042297,0.038669,0.450157
AATAACACTAGAACAA-1,0.094336,0.105716,0.691237,0.012171,0.01417,0.08237
AATAACGTCGCGCCCA-1,0.010488,0.163294,0.401595,0.012281,0.07543,0.336912
AATAAGTCCTCGAGAC-1,0.058076,0.000129,0.000193,0.632513,0.262402,0.046686
AATAATCTTCGTATCG-1,0.0259,0.461956,0.241288,0.009918,0.008652,0.252285
AATACAATGTTTCAGG-1,0.00002,0.734798,0.034837,0.223308,0.00002,0.007017
AATACCGGAGGGCTGT-1,0.015119,0.141087,0.74756,0.008772,0.055099,0.032364
AATACCTGATGTGAAC-1,0.113986,0.209808,0.503977,0.031606,0.025804,0.114819
AATAGAACAGAGTGGC-1,0.000289,0.131276,0.831345,0.000212,0.000442,0.036437
AATAGAATCTGTTTCA-1,0.031798,0.181627,0.360491,0.040027,0.004042,0.382015
AATAGGCACGACCCTT-1,0.122607,0.062318,0.45652,0.033825,0.207563,0.117168
AATAGTCCGTCCCGAC-1,0.041284,0.203331,0.680122,0.002773,0.004122,0.068369
AATAGTCGCGAGTCGG-1,0.000015,0.261867,0.052325,0.064456,0.256031,0.365305
AATATCCTAGCAAACT-1,0.357367,0.057055,0.390313,0.022432,0.136207,0.036628
AATATCGAATCAATGC-1,0.00284,0.509909,0.122117,0.00323,0.005541,0.356363
AATATCGAGGGTTCTC-1,0.000038,0.077727,0.292991,0.251804,0.010774,0.366666
AATATTGGAGTATTGA-1,0.01555,0.372547,0.455044,0.002304,0.039653,0.114902
AATCAGGTTTCATTTA-1,0.012543,0.066764,0.887061,0.005003,0.012435,0.016194
AATCATGTAAAGACTC-1,0.003191,0.449897,0.307473,0.020674,0.098893,0.119871
AATCCAAGGGCCTGAG-1,0.054856,0.000094,0.000141,0.647078,0.169995,0.127836
AATCCCGCTCAGAGCC-1,0.067535,0.110792,0.165525,0.02226,0.03526,0.598628
AATCGAGGTCTCAAGG-1,0.04085,0.117399,0.750255,0.000016,0.002955,0.088525
AATCGCCTCAGCGCCA-1,0.068878,0.515758,0.090664,0.008191,0.026696,0.289813
AATCGCGCAGAGGACT-1,0.00163,0.24428,0.037291,0.027869,0.00698,0.681949
AATCGGTATAGCCCTC-1,0.032494,0.121742,0.456103,0.065851,0.229484,0.094327
AATCGTGAGCCGAGCA-1,0.000007,0.28708,0.658626,0.014982,0.000723,0.038582
AATCTAGGTTTACTTG-1,0.65818,0.004668,0.082965,0.012347,0.155616,0.086224
AATCTATGCCGGAGCC-1,0.000024,0.104936,0.249316,0.233732,0.006327,0.405665
AATCTCTACTGTGGTT-1,0.020666,0.316928,0.62646,0.021106,0.000759,0.01408
AATCTGCGTTGGGACG-1,0.024743,0.7147,0.039153,0.064462,0.066479,0.090464
AATCTGGCTTTCTAGT-1,0.207356,0.000041,0.578146,0.002729,0.189048,0.02268
AATGACAGCAATGTCT-1,0.265379,0.033304,0.254007,0.302867,0.119878,0.024566
AATGACGTAGGATGTC-1,0.004271,0.23068,0.547356,0.004937,0.055769,0.156987
AATGACTGTCAGCCGG-1,0.005381,0.429585,0.106187,0.183133,0.002243,0.273472
AATGAGTTCGCATATG-1,0.000036,0.450043,0.03744,0.49768,0.000036,0.014764
AATGATGATACGCTAT-1,0.000018,0.49634,0.249391,0.201961,0.000018,0.05227
AATGATGCGACTCCTG-1,0.000016,0.356072,0.387229,0.221876,0.000016,0.034791
AATGCAACCGGGTACC-1,0.002479,0.483334,0.162048,0.111059,0.006056,0.235023
AATGCACCAAGCAATG-1,0.042544,0.00011,0.000164,0.219897,0.42306,0.314225
AATGGTCCACCGTTCA-1,0.013317,0.462414,0.052251,0.031167,0.224609,0.216242
AATGGTTCTCACAAGC-1,0.024433,0.259821,0.041156,0.318881,0.058141,0.297568
AATGTATGGCACTGTA-1,0.800393,0.000018,0.184429,0.000009,0.013521,0.001632
AATGTGCCCGAGGTGT-1,0.221336,0.019233,0.288028,0.009031,0.398382,0.063989
AATGTGCTAATCTGAG-1,0.015999,0.02077,0.820777,0.001962,0.113112,0.02738
AATGTTAAGACCCTGA-1,0.002694,0.10701,0.705051,0.006644,0.002226,0.176376
AATGTTGTCGTGAGAC-1,0.000011,0.122285,0.775937,0.031194,0.003662,0.066911
AATTAAAGGTCGGCGT-1,0.016406,0.479691,0.315492,0.013825,0.03154,0.143045
AATTAACGGATTTCCA-1,0.012784,0.198001,0.663033,0.050855,0.008751,0.066576
AATTACGAGACCCATC-1,0.787571,0.082309,0.046525,0.000008,0.043642,0.039944
AATTACTCGTACGCTC-1,0.150648,0.000126,0.000189,0.52347,0.32544,0.000126
AATTAGCGCTGCAGCG-1,0.004803,0.280617,0.643501,0.013082,0.016048,0.041949
AATTATACCCAGCAAG-1,0.103701,0.042721,0.388739,0.070965,0.080475,0.313398
AATTCATAAGGGATCT-1,0.000024,0.258337,0.233471,0.387695,0.002022,0.118451
AATTCATTGTCATGCA-1,0.639908,0.015484,0.342156,0.000011,0.000011,0.002431
AATTCCAAGCATGTAC-1,0.0943,0.151992,0.472967,0.051536,0.057735,0.17147
AATTCGATTCGAGGAT-1,0.004638,0.137034,0.724301,0.047433,0.054154,0.03244
AATTCTAGAGTTAGGC-1,0.027983,0.28993,0.51671,0.007518,0.014339,0.14352
AATTGAACGCTCTGGT-1,0.019673,0.224006,0.122424,0.038641,0.0088,0.586456
AATTGCAGCAATCGAC-1,0.002276,0.194599,0.577937,0.023979,0.087749,0.113461
AATTGCGTGGATTACA-1,0.867918,0.000036,0.000054,0.000018,0.131937,0.000036
AATTGTGGTTGCCAAA-1,0.004207,0.243024,0.253569,0.017324,0.130729,0.351146
AATTTGGTTCCAAAGA-1,0.143989,0.000175,0.000263,0.85531,0.000088,0.000175
ACAAACCATGCGTCCT-1,0.882873,0.000018,0.031907,0.000187,0.079,0.006015
ACAAACTCCATCAGAG-1,0.042243,0.196607,0.231024,0.010426,0.021318,0.498383
ACAAAGAAGGTAGGCC-1,0.427702,0.011447,0.068488,0.009302,0.430494,0.052567
ACAAAGCATGACCTAG-1,0.008522,0.203661,0.252892,0.025199,0.273702,0.236024
ACAAATCGCACCGAAT-1,0.00452,0.33613,0.502454,0.030632,0.016881,0.109384
ACAAATGGTAGTGTTT-1,0.032702,0.182805,0.062907,0.020894,0.174606,0.526086
ACAACAGCATGAGCTA-1,0.019446,0.387173,0.054415,0.018945,0.024341,0.49568
ACAACGGTCCCTGCGA-1,0.027259,0.527464,0.016999,0.181881,0.076842,0.169556
ACAAGCAGTGCCTAGC-1,0.036856,0.792152,0.06453,0.048239,0.006597,0.051626
ACAAGCTATATGGAAG-1,0.063306,0.209194,0.59995,0.032978,0.009367,0.085205
ACAAGGAAATCCGCCC-1,0.00001,0.341861,0.504708,0.012896,0.033254,0.107272
ACAAGGACAAGAGGTT-1,0.000107,0.35791,0.110639,0.145895,0.015494,0.369956
ACAAGGATGCTTTAGG-1,0.012869,0.126082,0.769981,0.023008,0.022653,0.045406
ACAAGGGCAGGCTCTG-1,0.010405,0.202726,0.417173,0.00917,0.015271,0.345255
ACAAGTAATTGTAAGG-1,0.99969,0.000025,0.000038,0.000013,0.000013,0.000221
ACAATAGTCGTACGTT-1,0.002487,0.158759,0.57184,0.021021,0.034486,0.211407
ACAATCCATTTAAACC-1,0.199803,0.298801,0.210045,0.038919,0.07158,0.180853
ACAATGAATACGGAGA-1,0.13712,0.036771,0.481518,0.042656,0.08581,0.216125
ACAATTGTGTCTCTTT-1,0.054668,0.579299,0.220316,0.005079,0.040246,0.100392
ACAATTTAGGAGGCTC-1,0.003213,0.434906,0.142007,0.038294,0.009295,0.372285
ACAATTTGAGCAGTGG-1,0.000012,0.665342,0.20402,0.081526,0.002226,0.046875
ACAATTTGGCCATATT-1,0.000007,0.418261,0.180599,0.025878,0.001142,0.374113
ACACAAAGACGGGTGG-1,0.014921,0.121798,0.028737,0.076269,0.015095,0.743178
ACACACCAGGACCAGT-1,0.079885,0.066279,0.109594,0.346006,0.119556,0.27868
ACACACTTTCTACACG-1,0.061003,0.000174,0.000261,0.495523,0.142613,0.300426
ACACATGATCAAATCT-1,0.913242,0.000022,0.031372,0.004237,0.0219,0.029227
ACACATTGACGCAACA-1,0.057209,0.000129,0.000193,0.758005,0.183049,0.001414
ACACATTTCCGTAGAC-1,0.000009,0.329783,0.621682,0.013023,0.005131,0.030372
ACACCACATAATTAGC-1,0.000015,0.183534,0.360036,0.289589,0.002695,0.16413
ACACCCAGCATGCAGC-1,0.002434,0.290704,0.174902,0.285644,0.022567,0.223749
ACACCCGAGAAATCCG-1,0.000021,0.33657,0.14902,0.435165,0.035291,0.043934
ACACCGAGCGCTCTTT-1,0.158037,0.329261,0.290072,0.190653,0.000085,0.031893
ACACCGGTCTGACCGC-1,0.80844,0.006621,0.126514,0.000009,0.038425,0.019991
ACACCTTAAGTAGGGC-1,0.035013,0.348128,0.043028,0.265501,0.049515,0.258816
ACACCTTACTACTTGC-1,0.000027,0.313225,0.126204,0.020274,0.005867,0.534403
ACACGAGACTCCTTCT-1,0.000018,0.643578,0.108341,0.03845,0.00981,0.199803
ACACGGCACTATGCAT-1,0.00002,0.008619,0.065059,0.817871,0.082563,0.025868
ACACGGGAACTTAGGG-1,0.000022,0.599132,0.154786,0.080302,0.000022,0.165737
ACACGTAGGCCACAAG-1,0.000008,0.210582,0.647846,0.002157,0.021398,0.118007
ACACTCCAATGTCACT-1,0.000041,0.397252,0.079366,0.427308,0.039601,0.056431
ACACTGATCAAGGTGT-1,0.000012,0.21268,0.744282,0.006222,0.000232,0.036572
ACACTGGGACAGTCGT-1,0.01771,0.046476,0.136201,0.025528,0.10196,0.672125
ACAGAACTGAGAACAA-1,0.238196,0.000036,0.068232,0.006773,0.63372,0.053042
ACAGCGACATTCTCAT-1,0.032744,0.08729,0.609908,0.019691,0.008673,0.241695
ACAGCGCACCCGCAGC-1,0.000041,0.000083,0.000124,0.999627,0.000041,0.000083
ACAGGAGGCGCAGCCG-1,0.000017,0.134193,0.310759,0.455138,0.015109,0.084784
ACAGGCACGGATCCTT-1,0.017728,0.089941,0.668345,0.058558,0.025685,0.139743
ACAGGCTTGCCCGACT-1,0.000016,0.280928,0.532097,0.02267,0.014312,0.149977
ACAGGTGGAGGTGAGG-1,0.037512,0.069794,0.440248,0.015427,0.213601,0.223418
ACAGGTGTGTTGTTGC-1,0.084629,0.000034,0.164755,0.045334,0.518465,0.186783
ACAGTAATACAACTTG-1,0.248315,0.023111,0.427952,0.010911,0.240288,0.049423
ACATAAGTCGTGGTGA-1,0.954757,0.002955,0.012474,0.00505,0.007515,0.017249
ACATAATAAGGCGGTG-1,0.019397,0.318875,0.01878,0.327913,0.007961,0.307073
ACATACAATCAAGCGG-1,0.156424,0.074527,0.525188,0.031354,0.009856,0.202651
ACATCAGCTGGGACGC-1,0.079372,0.698444,0.160534,0.013966,0.009398,0.038286
ACATCCCGGCCATACG-1,0.000008,0.098402,0.864163,0.005732,0.000093,0.031602
ACATCCTGGTAACTGT-1,0.000019,0.230984,0.152071,0.018259,0.020035,0.578631
ACATCGATCGTTTACC-1,0.001037,0.294761,0.456131,0.025425,0.020743,0.201903
ACATCGCAATATTCGG-1,0.588922,0.005117,0.115657,0.051264,0.027545,0.211495
ACATCGGTCAGCCGCG-1,0.09441,0.282695,0.581006,0.020938,0.003523,0.017427
ACATCGTATGCAATGG-1,0.000009,0.554171,0.367045,0.000686,0.001575,0.076515
ACATCGTTAACCTAGT-1,0.085846,0.000052,0.000079,0.895868,0.005,0.013155
ACATGCTTACGGCAGC-1,0.905144,0.051881,0.036916,0.000165,0.000013,0.005882
ACATGGCGCCAAAGTA-1,0.002004,0.224784,0.106264,0.02714,0.119098,0.52071
ACATTAGTTTATATCC-1,0.00825,0.182602,0.481231,0.015825,0.003179,0.308914
ACATTCGCGCGGAATA-1,0.690077,0.002292,0.046753,0.054047,0.060322,0.146509
ACATTTGAAACCTAAC-1,0.036213,0.029466,0.584837,0.076666,0.087648,0.18517
ACCAACCGCACTCCAC-1,0.008725,0.029858,0.440432,0.055943,0.249662,0.215381
ACCAACGCTTATTTAT-1,0.005938,0.213836,0.755017,0.008016,0.002431,0.014761
ACCAAGAACGCGTGTC-1,0.000031,0.134938,0.157366,0.442526,0.030943,0.234197
ACCAAGTCATCGGCAG-1,0.061479,0.138356,0.775114,0.000858,0.000853,0.02334
ACCAATATGCAAGTTA-1,0.021699,0.105662,0.576459,0.030253,0.027901,0.238026
ACCACAAGTTTCTATC-1,0.000014,0.682999,0.14753,0.035129,0.018149,0.116179
ACCACACGGTTGATGG-1,0.008959,0.130623,0.574086,0.007846,0.047322,0.231164
ACCACCAATGTAACAA-1,0.043243,0.388529,0.258622,0.018177,0.00676,0.28467
ACCACGTGCAGCTATA-1,0.000014,0.187181,0.546894,0.020827,0.002646,0.242438
ACCACTGTTCAAGAAG-1,0.060976,0.000094,0.000141,0.710622,0.190149,0.038018
ACCAGACCATAACAAC-1,0.066815,0.177102,0.425409,0.056521,0.040913,0.23324
ACCAGTGCGGGAGACG-1,0.076554,0.22706,0.210719,0.028003,0.010136,0.447529
ACCATATCCGCAATAA-1,0.0837,0.237021,0.093206,0.029142,0.063492,0.493439
ACCATCCGCCAACTAG-1,0.333904,0.053072,0.370331,0.028215,0.010261,0.204217
ACCATCGTATATGGTA-1,0.004999,0.29032,0.585977,0.014412,0.003046,0.101246
ACCATTAAGGGTGTCA-1,0.000027,0.220914,0.281983,0.462678,0.000122,0.034277
ACCCAACGCCCGTGGC-1,0.034521,0.387191,0.119756,0.034995,0.000022,0.423515
ACCCACCTACATGCTC-1,0.025777,0.501623,0.04839,0.290837,0.005571,0.127801
ACCCATCTTGAGGGTA-1,0.024532,0.167052,0.233844,0.071925,0.034507,0.468139
ACCCATTTGTCCCTCT-1,0.00002,0.124821,0.413771,0.032482,0.058179,0.370727
ACCCGAGCGAAATTAC-1,0.366256,0.00003,0.011904,0.02643,0.538683,0.056697
ACCCGATTGGTTCCGA-1,0.004621,0.060175,0.742578,0.01616,0.060885,0.115581
ACCCGGAAACTCCCAG-1,0.008464,0.135773,0.538593,0.032157,0.026884,0.258129
ACCCGGAGCACCACAA-1,0.000062,0.532976,0.125173,0.005807,0.006772,0.32921
ACCCGGATGACGCATC-1,0.02553,0.478104,0.190971,0.025354,0.000019,0.280021
ACCCGGTTACACTTCC-1,0.000012,0.491399,0.454767,0.004683,0.004251,0.044889
ACCCGTAGCAGAGAAT-1,0.979971,0.000025,0.000038,0.003392,0.003751,0.012823
ACCCGTAGTCTAGTTG-1,0.062749,0.191035,0.35635,0.013343,0.067025,0.309497
ACCCGTGTCATCAGTA-1,0.124209,0.198822,0.396512,0.016747,0.171946,0.091764
ACCCTATAGGACTGAG-1,0.027571,0.000059,0.00036,0.754722,0.214197,0.003091
ACCCTATGCCATATCG-1,0.098162,0.206905,0.690635,0.000764,0.000006,0.003528
ACCCTCCCGTCAGGGC-1,0.052112,0.122743,0.461826,0.042353,0.103933,0.217033
ACCCTCCCTTGCTATT-1,0.016797,0.340563,0.361223,0.030241,0.010074,0.241102
ACCGAAGAGTCTGGTT-1,0.642484,0.024936,0.321283,0.000008,0.001459,0.009829
ACCGACACATCTCCCA-1,0.041225,0.456022,0.449067,0.001757,0.00373,0.048199
ACCGACTGAGTCCCAC-1,0.025784,0.305134,0.088347,0.260219,0.010025,0.310491
ACCGAGTCTCCTTATT-1,0.010695,0.101313,0.834658,0.013479,0.000754,0.039101
ACCGATAGGCATAACC-1,0.059809,0.102928,0.145202,0.051816,0.085812,0.554433
ACCGATATTTAATCAT-1,0.003944,0.331416,0.179381,0.006288,0.020782,0.458189
ACCGATGGTAGCATCG-1,0.007212,0.790796,0.112263,0.048616,0.000015,0.041098
ACCGCAATAACTGCCT-1,0.040111,0.193955,0.396805,0.048317,0.036881,0.283931
ACCGCGGTGGAAGTCG-1,0.009633,0.550269,0.175612,0.001093,0.10189,0.161503
ACCGCTAGTCATTGGT-1,0.061562,0.074529,0.754188,0.004564,0.067526,0.037632
ACCGGGCCTTTGTTGA-1,0.027064,0.298765,0.07428,0.021222,0.010976,0.567692
ACCGGTCAGGTACACC-1,0.852285,0.000481,0.010105,0.001681,0.111349,0.0241
ACCGTCCACTGGGCCC-1,0.975354,0.007164,0.010748,0.00001,0.00001,0.006713
ACCGTGACCACGTGGG-1,0.018711,0.114572,0.674827,0.010406,0.147272,0.034212
ACCTAAGTACCTTTCA-1,0.11509,0.196489,0.58218,0.009059,0.015793,0.081389
ACCTAATCGACTTCCT-1,0.000023,0.615797,0.061656,0.068741,0.009879,0.243903
ACCTACAGTATGTGGT-1,0.000017,0.431725,0.136562,0.154655,0.000236,0.276805
ACCTACTATAAATCTA-1,0.063561,0.543562,0.299833,0.001062,0.023004,0.068979
ACCTCAGCGAGGCGCA-1,0.038344,0.051982,0.524401,0.019627,0.021174,0.344472
ACCTCCGCCCTCGCTG-1,0.046877,0.199671,0.41516,0.054078,0.044786,0.239428
ACCTCCGTTATTCACC-1,0.005653,0.223626,0.205988,0.294938,0.004229,0.265566
ACCTCGAACTTATGCT-1,0.979449,0.000809,0.008657,0.000142,0.000244,0.010698
ACCTGCGTGTCATGTT-1,0.061661,0.054342,0.854168,0.001024,0.010979,0.017826
ACGAAATGGGCGGCAC-1,0.034727,0.532661,0.106113,0.030779,0.003711,0.292009
ACGACCCATGAGTTGC-1,0.061729,0.154057,0.057022,0.002333,0.176617,0.548241
ACGACTCTAGGGCCGA-1,0.043807,0.084205,0.770653,0.043707,0.007699,0.049929
ACGACTGGTCATACTC-1,0.043905,0.023556,0.625796,0.046949,0.139276,0.120519
ACGAGATATTTGCTTA-1,0.04048,0.000089,0.000133,0.949105,0.010105,0.000089
ACGAGGATACCACTCT-1,0.125803,0.022191,0.820802,0.008315,0.003732,0.019158
ACGAGGTTTACAACGT-1,0.932378,0.021695,0.035432,0.000011,0.000011,0.010473
ACGAGTACGGATGCCC-1,0.005281,0.382331,0.409362,0.149332,0.00004,0.053654
ACGATACATAGAACTA-1,0.000034,0.237551,0.146665,0.305328,0.00629,0.304132
ACGATACCTATCCTGA-1,0.025564,0.308778,0.206109,0.189707,0.044985,0.224856
ACGATCATACATAGAG-1,0.028322,0.706172,0.087216,0.131317,0.020328,0.026645
ACGATCATCTTGTAAA-1,0.000126,0.285924,0.100685,0.062088,0.109688,0.441489
ACGATGCATATGTTAT-1,0.213781,0.117283,0.082264,0.156014,0.005174,0.425484
ACGATGGATCCGATGC-1,0.082436,0.000142,0.036872,0.816826,0.057716,0.006007
ACGCAAACTAATAGAT-1,0.04705,0.101776,0.501027,0.029454,0.093187,0.227506
ACGCAATCACTACAGC-1,0.00439,0.03021,0.126417,0.269077,0.028603,0.541303
ACGCATACGTTTACTA-1,0.101896,0.290948,0.468126,0.025913,0.004941,0.108175
ACGCATTCGTGAGTAC-1,0.000021,0.409138,0.157932,0.000021,0.001214,0.431673
ACGCCACTCGAAACAG-1,0.004875,0.138294,0.63372,0.009425,0.056741,0.156945
ACGCCAGATGATTTCT-1,0.060664,0.000167,0.00025,0.200109,0.067526,0.671284
ACGCCAGTGCGTTTGC-1,0.034301,0.006654,0.386114,0.107449,0.138886,0.326596
ACGCCGCTAGACGACC-1,0.118181,0.358184,0.18769,0.015567,0.055566,0.264811
ACGCCTGACACGCGCT-1,0.000015,0.427601,0.156699,0.286102,0.034416,0.095167
ACGCGAAGTCAGACGA-1,0.000007,0.46207,0.509708,0.003569,0.00142,0.023225
ACGCGCTACACAGGGT-1,0.021644,0.268362,0.487054,0.03056,0.03523,0.157151
ACGCGGGCCAAGGACA-1,0.004405,0.427513,0.136254,0.002731,0.003593,0.425503
ACGCGTTTCTTAAGAG-1,0.00133,0.764456,0.107805,0.021056,0.009523,0.095829
ACGCTACTGAATGGGC-1,0.053611,0.079876,0.17246,0.062817,0.077153,0.554083
ACGCTAGTGATACACT-1,0.000021,0.313031,0.49359,0.139848,0.000021,0.053488
ACGCTGTGAGGCGTAG-1,0.074052,0.183692,0.529492,0.049443,0.035873,0.127447
ACGGAACACGAGTGCC-1,0.036005,0.024677,0.410602,0.072239,0.024899,0.43158
ACGGAATTTAGCAAAT-1,0.000021,0.387539,0.27164,0.316261,0.000021,0.024518
ACGGACGCAGCGACAA-1,0.909707,0.023689,0.047533,0.000942,0.000012,0.018118
ACGGACTCTCAAAGCG-1,0.000008,0.208746,0.717185,0.011499,0.029464,0.033097
ACGGATGGTGCGGATA-1,0.028035,0.197541,0.592839,0.023675,0.001457,0.156453
ACGGCACTTGCTTGGG-1,0.00393,0.170509,0.479292,0.036524,0.024503,0.285243
ACGGCCAACATGGACT-1,0.117664,0.275768,0.411241,0.008084,0.006197,0.181046
ACGGCGACGATGGGAA-1,0.021176,0.270937,0.538259,0.017019,0.007997,0.144613
ACGGCTGGATGTAGAA-1,0.838701,0.004389,0.024891,0.015374,0.076569,0.040076
ACGGGAGTGTCGGCCC-1,0.232792,0.081115,0.273247,0.119106,0.139307,0.154433
ACGGGTCATGTGACTT-1,0.000026,0.25767,0.167523,0.536277,0.011531,0.026972
ACGGGTTGTGACCTGT-1,0.971708,0.000025,0.000037,0.000012,0.028192,0.000025
ACGGTACAGTTCAATG-1,0.035288,0.098443,0.487807,0.036208,0.113797,0.228457
ACGGTCACCGAGAACA-1,0.94747,0.000024,0.009043,0.029713,0.006821,0.006929
ACGTACAGATTTCTCT-1,0.099922,0.000178,0.000267,0.899367,0.000089,0.000178
ACGTACTTTGGCACGG-1,0.023236,0.091747,0.860437,0.007428,0.001699,0.015453
ACGTAGATTGCTGATG-1,0.018347,0.279183,0.046501,0.012015,0.040095,0.60386
ACGTAGGAGAGTCGCT-1,0.089838,0.119022,0.591163,0.018431,0.135898,0.045648
ACGTATTACTCCGATC-1,0.000019,0.537555,0.080306,0.005297,0.071898,0.304924
ACGTCGGGCAACTCGG-1,0.958852,0.000233,0.04063,0.000254,0.00001,0.00002
ACGTCTCGTTCCGGGA-1,0.071227,0.006384,0.174898,0.138373,0.408265,0.200853
ACGTGACAAAGTAAGT-1,0.373717,0.040141,0.541841,0.000013,0.000013,0.044275
ACGTGCGCCTCGTGCA-1,0.000059,0.030826,0.097736,0.395725,0.00709,0.468564
ACGTTAATGTCGAAGA-1,0.19138,0.146486,0.080788,0.054167,0.108115,0.419065
ACGTTAGATTTGCCCG-1,0.000013,0.88234,0.0922,0.003585,0.002017,0.019846
ACGTTATTGGTCACTC-1,0.000033,0.436388,0.111727,0.355511,0.013326,0.083015
ACGTTCACTATGCCGC-1,0.004479,0.320574,0.53716,0.007581,0.085277,0.04493
ACGTTCGCAATCAATT-1,0.008359,0.427527,0.355811,0.129317,0.004068,0.074917
ACGTTCGTTCAGGAAA-1,0.024995,0.132912,0.504964,0.023002,0.04437,0.269758
ACGTTCTGTACAAGTC-1,0.019635,0.131259,0.661,0.031251,0.017988,0.138866
ACGTTGTCGTTGAAAG-1,0.226127,0.007188,0.271406,0.006056,0.251879,0.237345
ACGTTTAGTTGTGATC-1,0.132253,0.000152,0.000229,0.50014,0.327891,0.039335
ACGTTTCGGTGCACTT-1,0.181081,0.058199,0.084196,0.03791,0.182552,0.456062
ACTACAAAGAGAGGTG-1,0.052467,0.459452,0.27744,0.007224,0.025741,0.177676
ACTACATCCCGACAAG-1,0.985575,0.001384,0.003281,0.001742,0.006345,0.001673
ACTACCAGCTCTCTGG-1,0.014877,0.535654,0.112097,0.300827,0.009087,0.027459
ACTACCATCCGAGGGC-1,0.258203,0.012941,0.452429,0.020554,0.215727,0.040146
ACTACGCGTTAGAATT-1,0.005251,0.130493,0.490836,0.021428,0.09519,0.256802
ACTAGTTGCGATCGTC-1,0.110336,0.329205,0.097485,0.023916,0.00561,0.433448
ACTATCCAGGGCATGG-1,0.000022,0.488144,0.065636,0.08203,0.010547,0.353621
ACTATCGCCGGCTAAA-1,0.022138,0.127268,0.381462,0.315276,0.073856,0.08
ACTATCTGCCCGCGTA-1,0.020498,0.296602,0.118419,0.03681,0.077572,0.450099
ACTATGTCCAGCTGCC-1,0.378187,0.012331,0.466707,0.010159,0.103032,0.029584
ACTATTTCCGGGCCCA-1,0.037676,0.179355,0.657195,0.010193,0.053636,0.061945
ACTCAAGTGCAAGGCT-1,0.001832,0.088136,0.796568,0.056128,0.013844,0.043491
ACTCAATAAAGGCACG-1,0.000022,0.496124,0.213651,0.075392,0.000213,0.214598
ACTCATGGCAGCCTTC-1,0.947333,0.000307,0.003872,0.009111,0.021669,0.017709
ACTCCAATATCATCAT-1,0.207998,0.021681,0.112807,0.000015,0.647831,0.009668
ACTCCCATTCCTAAAG-1,0.319752,0.041828,0.270045,0.06353,0.128862,0.175984
ACTCCCGAATTCGTTT-1,0.000038,0.247215,0.093511,0.136379,0.001803,0.521053
ACTCCCTAATGCTAAA-1,0.000008,0.145792,0.718535,0.006083,0.036371,0.093211
ACTCCCTAGAATAGTA-1,0.060642,0.285902,0.524588,0.009431,0.010099,0.109338
ACTCCGGCCGACCACT-1,0.024794,0.159444,0.473385,0.101937,0.105835,0.134604
ACTCGATGTATTTCAT-1,0.01249,0.165427,0.08116,0.408487,0.150983,0.181453
ACTCGCCGTTCGATAA-1,0.005098,0.180238,0.583907,0.031067,0.021287,0.178403
ACTCGCGATCTGACGC-1,0.000004,0.577755,0.380817,0.003764,0.000577,0.037083
ACTCGTAACCCGTCCT-1,0.182262,0.059851,0.379388,0.032075,0.249828,0.096596
ACTCGTCAGTAATCCC-1,0.000014,0.619939,0.177643,0.015327,0.007059,0.180017
ACTCTAAACCTGGGAT-1,0.015362,0.348367,0.172865,0.140791,0.121926,0.20069
ACTCTCTGACTTAGGT-1,0.003316,0.229005,0.189742,0.004804,0.167976,0.405156
ACTCTGACCTAATAGA-1,0.000012,0.139294,0.668057,0.040698,0.006562,0.145377
ACTCTTCAGCTCCCGC-1,0.1247,0.227557,0.142046,0.19614,0.015846,0.29371
ACTCTTGTATAGTAAC-1,0.000021,0.388167,0.105887,0.006987,0.014726,0.484212
ACTGAAACGCCGTTAG-1,0.028767,0.102882,0.579356,0.0141,0.021583,0.253311
ACTGAATGGCGAAAGT-1,0.000009,0.592806,0.349799,0.002698,0.000561,0.054127
ACTGCCCGCCATTCTC-1,0.279851,0.032567,0.566681,0.015157,0.034119,0.071626
ACTGCCGTCGTAACTC-1,0.003783,0.125203,0.000164,0.449178,0.228375,0.193296
ACTGCGGACACACCGT-1,0.012409,0.649065,0.224084,0.009227,0.007322,0.097893
ACTGCTCGGAAGGATG-1,0.744911,0.020307,0.0978,0.019576,0.070345,0.04706
ACTGGGATGCCAGTGC-1,0.090536,0.440655,0.267257,0.001752,0.115848,0.083952
ACTGTACGATACACAT-1,0.000021,0.643258,0.130336,0.118721,0.003509,0.104155
ACTGTAGCACTTTGGA-1,0.081066,0.473378,0.081354,0.202995,0.013196,0.148011
ACTGTCCAGGATTATA-1,0.000012,0.728762,0.067902,0.026666,0.007424,0.169233
ACTGTCTTCTTTAGAA-1,0.039464,0.472506,0.111141,0.05858,0.013371,0.304939
ACTGTGCTAGTAGATC-1,0.01856,0.000136,0.000204,0.435249,0.169485,0.376366
ACTTACGCATCCACGC-1,0.053151,0.249018,0.619776,0.004492,0.047347,0.026216
ACTTAGTACGACAAGA-1,0.004087,0.026754,0.013753,0.511488,0.099328,0.344591
ACTTATACTTACCCGG-1,0.006087,0.505551,0.236709,0.09174,0.01952,0.140393
ACTTATTAGGATCGGT-1,0.065395,0.864068,0.008288,0.01508,0.003611,0.043559
ACTTATTTATGTGCCA-1,0.025884,0.171227,0.216482,0.057302,0.014973,0.514132
ACTTCAGGCTGATCCC-1,0.000015,0.212693,0.689294,0.016776,0.011954,0.069269
ACTTCCAGTGGAAGCT-1,0.580502,0.003611,0.401893,0.000009,0.000009,0.013976
ACTTCCATGCGGGACA-1,0.003657,0.12146,0.61193,0.018432,0.045664,0.198858
ACTTCGCCATACGCAC-1,0.000027,0.245868,0.103034,0.23099,0.025236,0.394845
ACTTCGCTAGCGAGTG-1,0.039932,0.002878,0.052972,0.798376,0.061411,0.04443
ACTTGACTCCCTCTTT-1,0.12324,0.298565,0.146713,0.011389,0.017398,0.402694
ACTTGCTCTATCTACC-1,0.993464,0.006439,0.000042,0.000014,0.000014,0.000028
ACTTGGGACCCGGTGG-1,0.066738,0.276174,0.044213,0.064534,0.021811,0.526531
ACTTGGGCTTTCGCCA-1,0.005845,0.091142,0.593826,0.009702,0.044247,0.255239
ACTTGTAGTCCCTTCA-1,0.09554,0.116042,0.544926,0.022888,0.087204,0.1334
ACTTGTGGATGGAACG-1,0.054698,0.154718,0.073345,0.029188,0.035763,0.652288
ACTTGTTACCGGATCA-1,0.05029,0.640971,0.20744,0.004201,0.005859,0.091239
ACTTTACCCTCATGAA-1,0.007895,0.297755,0.096304,0.172469,0.09939,0.326186
ACTTTATACACCACTT-1,0.965733,0.020922,0.013278,0.000017,0.000017,0.000034
ACTTTCCTATAGCTTC-1,0.046008,0.604219,0.060445,0.057832,0.001642,0.229855
ACTTTGACTGCATCCT-1,0.051275,0.169003,0.580212,0.035057,0.048729,0.115724
ACTTTGGTCGTGCTCC-1,0.995191,0.000024,0.000036,0.000012,0.002881,0.001856
ACTTTGTCGACGCACT-1,0.023654,0.54025,0.070419,0.011886,0.047476,0.306314
AGAAATTATGACTCGC-1,0.021622,0.360753,0.119682,0.006668,0.010215,0.48106
AGAACACGGCGATGGT-1,0.995808,0.000031,0.000047,0.004067,0.000016,0.000031
AGAACCCAGCGTGACA-1,0.00001,0.347784,0.141865,0.019049,0.012963,0.478329
AGAACCCTCAATTGGG-1,0.907691,0.022805,0.033205,0.004924,0.000479,0.030896
AGAACGTGGTACATTC-1,0.000014,0.547693,0.143236,0.045755,0.018009,0.245292
AGAACTGTACTTTGTA-1,0.002698,0.140181,0.771092,0.012707,0.014874,0.058448
AGAAGAGCGCCGTTCC-1,0.000209,0.27084,0.116588,0.481744,0.058597,0.072022
AGAAGGTACACTTCAC-1,0.720013,0.017906,0.123785,0.019006,0.057913,0.061378
AGAAGGTTGCCGAATT-1,0.008763,0.274956,0.391491,0.013197,0.017926,0.293667
AGAAGGTTGTAGGTCG-1,0.015661,0.087243,0.732139,0.016902,0.081328,0.066727
AGAAGTGATTCGTGAT-1,0.157962,0.455267,0.317561,0.001048,0.022479,0.045683
AGAATAAATCTTCAGG-1,0.000011,0.371226,0.456348,0.036706,0.010185,0.125525
AGAATACAGGCTATCC-1,0.121845,0.0985,0.485027,0.077721,0.041443,0.175463
AGAATTATGGATTCGA-1,0.004595,0.418442,0.33443,0.028308,0.022184,0.19204
AGAATTGTTTGACATA-1,0.000047,0.304867,0.050137,0.509092,0.000047,0.135811
AGACAGCTCAGAATCC-1,0.113399,0.201741,0.072516,0.307005,0.039263,0.266075
AGACAGGCATCTCAGC-1,0.064237,0.171476,0.102047,0.03732,0.022316,0.602604
AGACCAAACCACACCT-1,0.735526,0.016891,0.176184,0.011445,0.045831,0.014122
AGACCATGGGATACAA-1,0.000018,0.700233,0.117465,0.170745,0.00006,0.011479
AGACCCACCGCTGATC-1,0.006095,0.121538,0.754158,0.010457,0.012751,0.095001
AGACCCGCCCTCCTCG-1,0.042238,0.392174,0.144821,0.141311,0.061269,0.218188
AGACCGCTCCGCGGTT-1,0.000019,0.41597,0.240549,0.005398,0.000019,0.338044
AGACCGGGAAACCCTG-1,0.039827,0.07653,0.317603,0.060526,0.35465,0.150865
AGACGAAGTGCCGGTC-1,0.011974,0.250479,0.33029,0.058261,0.017714,0.331283
AGACGACGATGCCGCT-1,0.129078,0.143773,0.555114,0.004112,0.131638,0.036286
AGACGCCCACTTCGCC-1,0.037579,0.252791,0.110867,0.003855,0.078949,0.51596
AGACTAGCCTTCCAGA-1,0.093555,0.249439,0.048959,0.072686,0.003232,0.532129
AGACTGTTACCGGGTC-1,0.034007,0.090076,0.631212,0.004575,0.052196,0.187935
AGAGAAACACCAGAAA-1,0.04801,0.147963,0.760559,0.00647,0.010063,0.026937
AGAGAACCGTCTAGGA-1,0.000026,0.180569,0.156903,0.102592,0.036356,0.523553
AGAGAAGGAGTACAAT-1,0.027214,0.057042,0.588662,0.103517,0.119384,0.104182
AGAGATCTCTAAAGCG-1,0.011702,0.184085,0.585211,0.036188,0.073182,0.109632
AGAGCAGTTATGAGAC-1,0.0302,0.471797,0.086751,0.043676,0.007587,0.359989
AGAGCCGCCGAGATTT-1,0.000165,0.054092,0.535391,0.032409,0.007548,0.370396
AGAGCGGGCTAATCAT-1,0.000082,0.005695,0.000247,0.262607,0.042335,0.689034
AGAGCGTACAAGCTCG-1,0.000029,0.046773,0.000087,0.147522,0.134551,0.671039
AGAGCTACGAAAGCAT-1,0.097693,0.000113,0.000169,0.766812,0.1351,0.000113
AGAGGCTTCGGAAACC-1,0.000013,0.353672,0.353173,0.008043,0.007489,0.27761
AGAGTAAACTTCACTA-1,0.006708,0.6532,0.168525,0.001849,0.005842,0.163876
AGAGTATAGTGTTACG-1,0.257934,0.000057,0.004832,0.378437,0.076476,0.282264
AGAGTCTTAATGAAAG-1,0.082959,0.228083,0.287116,0.004691,0.010228,0.386922
AGATAACTTCAGGGCC-1,0.026956,0.749402,0.060367,0.036725,0.002035,0.124515
AGATAATCACACCTAT-1,0.999853,0.000033,0.000049,0.000016,0.000016,0.000033
AGATACCAATAGAACC-1,0.014415,0.148984,0.547543,0.023252,0.033409,0.232397
AGATACCGGTGTTCAC-1,0.018775,0.071097,0.420703,0.043568,0.263135,0.182722
AGATACGACTTCATAT-1,0.000024,0.139522,0.496491,0.327571,0.000024,0.036367
AGATACTCAAGATCGA-1,0.036548,0.362938,0.416077,0.008893,0.003108,0.172436
AGATATAATACGACTA-1,0.016265,0.092347,0.842667,0.008307,0.014019,0.026396
AGATCGTGCATAAGAT-1,0.013323,0.000064,0.000096,0.15963,0.744472,0.082415
AGATCTCAGGTGTGAT-1,0.000018,0.415027,0.135901,0.066447,0.00328,0.379328
AGATCTGGAGAGGATA-1,0.999847,0.000034,0.000051,0.000017,0.000017,0.000034
AGATGACTCGCCCACG-1,0.000026,0.643419,0.111057,0.234331,0.000026,0.011141
AGATGATGGAGTCTGG-1,0.000028,0.31426,0.084227,0.051514,0.000028,0.549942
AGATGCAAGACGTGCA-1,0.669789,0.014445,0.075498,0.05144,0.11249,0.076338
AGATGCATCCTGTGTC-1,0.456308,0.000032,0.07974,0.005075,0.438578,0.020268
AGATGCTATAACGAGC-1,0.007826,0.000073,0.00011,0.604984,0.366173,0.020833
AGATTATAGGACGTTT-1,0.025926,0.439607,0.05873,0.020574,0.032382,0.422781
AGATTCACAACCGATA-1,0.396869,0.020648,0.307714,0.05738,0.129681,0.087708
AGCAAAGGCCGCTAGT-1,0.007066,0.192702,0.430303,0.007015,0.225823,0.137091
