Barcode,Topic 1,Topic 2,Topic 3to13
AAACAACGAATAGTTC-1,0.000008,0.000008,0.999983
AAACAAGTATCTCCCA-1,0.031409,0.070203,0.898387
AAACAATCTACTAGCA-1,0.000023,0.001472,0.998506
AAACACCAATAACTGC-1,0.000017,0.014605,0.985378
AAACAGAGCGACTCCT-1,0.362499,0.044599,0.592902
AAACAGCTTTCAGAAG-1,0.000031,0.147206,0.852763
AAACAGGGTCTATATT-1,0.000052,0.01615,0.983798
AAACAGTGTTCCTGGG-1,0.015365,0.055441,0.929194
AAACATGGTGAGAGGA-1,0.000035,0.109928,0.890037
AAACATTTCCCGGATT-1,0.000021,0.009408,0.990571
AAACCACTACACAGAT-1,0.99976,0.00002,0.00022
AAACCCGAACGAAATC-1,0.006542,0.031773,0.961685
AAACCGGAAATGTTAA-1,0.061897,0.03091,0.907193
AAACCGGGTAGGTACC-1,0.000037,0.034857,0.965106
AAACCGTTCGTCCAGG-1,0.000043,0.5183,0.481656
AAACCTAAGCAGCCGG-1,0.000011,0.030498,0.969491
AAACCTCATGAAGTTG-1,0.000087,0.000087,0.999825
AAACGAAGAACATACC-1,0.000024,0.022711,0.977265
AAACGAAGATGGAGTA-1,0.000052,0.000052,0.999896
AAACGACAGTCTTGCC-1,0.999744,0.000021,0.000235
AAACGAGACGGTTGAT-1,0.000008,0.000008,0.999983
AAACGCCCGAGATCGG-1,0.819949,0.00005,0.180001
AAACGCTGGGCACGAC-1,0.000027,0.041473,0.958501
AAACGGGCGTACGGGT-1,0.000037,0.661036,0.338927
AAACGGGTTGGTATCC-1,0.000013,0.034702,0.965285
AAACGGTTGCGAACTG-1,0.000016,0.065208,0.934775
AAACGTGTTCGCCCTA-1,0.793021,0.096505,0.110474
AAACTAACGTGGCGAC-1,0.735485,0.078138,0.186377
AAACTCGGTTCGCAAT-1,0.000017,0.046647,0.953336
AAACTCGTGATATAAG-1,0.15336,0.000037,0.846603
AAACTGCTGGCTCCAA-1,0.000012,0.06827,0.931718
AAACTTAATTGCACGC-1,0.005518,0.05841,0.936072
AAACTTGCAAACGTAT-1,0.000066,0.695908,0.304026
AAAGAATGACCTTAGA-1,0.000014,0.000014,0.999972
AAAGAATGTGGACTAA-1,0.000031,0.000031,0.999938
AAAGACATGAAGTTTA-1,0.423728,0.002384,0.573889
AAAGACCCAAGTCGCG-1,0.068531,0.030856,0.900613
AAAGACTGGGCGCTTT-1,0.000045,0.010406,0.989549
AAAGCTTGCCTACATA-1,0.841892,0.157907,0.000201
AAAGGCCCTATAATAC-1,0.000022,0.338583,0.661395
AAAGGCTACGGACCAT-1,0.00527,0.000029,0.994701
AAAGGCTCTCGCGCCG-1,0.000041,0.103211,0.896748
AAAGGGATGTAGCAAG-1,0.000044,0.000044,0.999911
AAAGGGCAGCTTGAAT-1,0.00006,0.10507,0.89487
AAAGGTAAGCTGTACC-1,0.707373,0.048223,0.244405
AAAGGTCAACGACATG-1,0.789738,0.002668,0.207594
AAAGTAGCATTGCTCA-1,0.000069,0.019831,0.9801
AAAGTCACTGATGTAA-1,0.044655,0.000027,0.955318
AAAGTCGACCCTCAGT-1,0.000132,0.000132,0.999737
AAAGTGCCATCAATTA-1,0.005026,0.004282,0.990692
AAAGTGTGATTTATCT-1,0.02012,0.017797,0.962083
AAAGTTGACTCCCGTA-1,0.000011,0.134674,0.865315
AAATAACCATACGGGA-1,0.000733,0.020043,0.979224
AAATAAGGTAGTGCCC-1,0.060254,0.023151,0.916595
AAATACCTATAAGCAT-1,0.000019,0.075999,0.923983
AAATAGCTTAGACTTT-1,0.069313,0.14503,0.785657
AAATAGGGTGCTATTG-1,0.000045,0.000045,0.999909
AAATCACTCCTAAACG-1,0.948024,0.000027,0.051949
AAATCCGATACACGCC-1,0.003651,0.00188,0.994469
AAATCGCGGAAGGAGT-1,0.000037,0.435019,0.564944
AAATCGTGTACCACAA-1,0.000019,0.025919,0.974063
AAATCTAGCCCTGCTA-1,0.000039,0.009928,0.990033
AAATCTGCCCGCGTCC-1,0.051922,0.343773,0.604305
AAATGACTGATCAAAC-1,0.000013,0.056785,0.943202
AAATGATTCGATCAGC-1,0.423844,0.000052,0.576104
AAATGCTCGTTACGTT-1,0.000042,0.080337,0.91962
AAATGGCATGTCTTGT-1,0.038605,0.000022,0.961373
AAATGGCCCGTGCCCT-1,0.080106,0.037248,0.882647
AAATGGTCAATGTGCC-1,0.000045,0.000045,0.99991
AAATGTATCTTATCCC-1,0.000057,0.084062,0.915881
AAATGTGGGTGCTCCT-1,0.00059,0.000008,0.999401
AAATTAACGGGTAGCT-1,0.000053,0.000053,0.999895
AAATTAATAAGCGCGA-1,0.000066,0.000066,0.999867
AAATTACACGACTCTG-1,0.000025,0.000025,0.999949
AAATTACCTATCGATG-1,0.001266,0.005299,0.993436
AAATTCCAGGTCCAAA-1,0.051952,0.147104,0.800944
AAATTGATAGTCCTTT-1,0.000067,0.210164,0.789768
AAATTGCGGCGGTTCT-1,0.000017,0.062722,0.937261
AAATTGGTGAGAAGCA-1,0.868707,0.119814,0.011478
AAATTTACCGAAATCC-1,0.034209,0.000016,0.965776
AAATTTGCGGGTGTGG-1,0.000023,0.000023,0.999954
AACAACTGGTAGTTGC-1,0.000017,0.00737,0.992613
AACAATACATTGTCGA-1,0.000038,0.067357,0.932606
AACAATTACTCTACGC-1,0.000034,0.13044,0.869526
AACACACGCTCGCCGC-1,0.006048,0.000635,0.993317
AACACGACTGTACTGA-1,0.021419,0.005942,0.97264
AACACGAGACGCGGCC-1,0.004349,0.557166,0.438486
AACACGCGGCCGCGAA-1,0.000007,0.012504,0.987489
AACAGCTGTGTGGCAA-1,0.000062,0.340933,0.659005
AACAGGAAATCGAATA-1,0.00003,0.00003,0.99994
AACAGGATGGGCCGCG-1,0.000034,0.037615,0.962352
AACAGGTAGTATGGAT-1,0.001069,0.010589,0.988342
AACATAGCGTGTATCG-1,0.00001,0.06024,0.93975
AACATATCAACTGGTG-1,0.000024,0.000024,0.999952
AACATCGATACGTCTA-1,0.69344,0.017989,0.288571
AACATTGAAGTTGATC-1,0.000933,0.021893,0.977174
AACATTGGTCAGCCGT-1,0.000045,0.000045,0.999909
AACATTGTGACTCGAG-1,0.000028,0.000028,0.999944
AACCAAGACTTCTCTG-1,0.00003,0.010409,0.989561
AACCAGTATCACTCTT-1,0.448692,0.000037,0.551271
AACCATAGGGTTGAAC-1,0.036204,0.135531,0.828265
AACCATGGGATCGCTA-1,0.000017,0.04198,0.958004
AACCCAGAGACGGAGA-1,0.000017,0.0458,0.954183
AACCCATCCCATGATC-1,0.000047,0.001017,0.998936
AACCCGACAACCCGTG-1,0.076163,0.03658,0.887257
AACCCGAGCAGAATCG-1,0.076777,0.023886,0.899337
AACCCGATAGGGCTTC-1,0.945209,0.000036,0.054755
AACCCGCTGTATTCCA-1,0.000014,0.035976,0.964011
AACCCTACTGTCAATA-1,0.016607,0.072596,0.910796
AACCCTGGTGGAACCA-1,0.00081,0.000307,0.998883
AACCGAGCTTGGTCAT-1,0.000064,0.000064,0.999872
AACCGCTAAGGGATGC-1,0.000036,0.034218,0.965746
AACCGTTGTGTTTGCT-1,0.000011,0.000011,0.999978
AACCTAAAGCCGTCCG-1,0.056229,0.000011,0.94376
AACCTCGCTTTAGCCC-1,0.041755,0.015565,0.94268
AACCTGTCACGGAATT-1,0.415062,0.02199,0.562948
AACCTTTAAATACGGT-1,0.000017,0.000017,0.999966
AACCTTTACGACGTCT-1,0.019133,0.000064,0.980803
AACGAAAGTCGTCCCA-1,0.000031,0.257523,0.742447
AACGACCTCCTAGCCG-1,0.000011,0.173973,0.826017
AACGATAATGCCGTAG-1,0.000024,0.040223,0.959753
AACGATAGAAGGGCCG-1,0.00003,0.00003,0.999939
AACGATATGTCAACTG-1,0.061985,0.005697,0.932318
AACGCATGATCTGGGT-1,0.23737,0.000039,0.762591
AACGCGAACGGCAACA-1,0.000028,0.037331,0.962641
AACGCGACCTTGGGCG-1,0.000042,0.000042,0.999916
AACGCGGTCTCCAGCC-1,0.022148,0.014134,0.963718
AACGCTGTTGCTGAAA-1,0.000017,0.005234,0.994749
AACGGACGTACGTATA-1,0.000014,0.073465,0.926521
AACGGCCATCTCCGGT-1,0.000025,0.000025,0.999951
AACGTACTGTGGGTAC-1,0.000034,0.004436,0.99553
AACGTAGTCTACCCAT-1,0.089411,0.134804,0.775785
AACGTCAGACTAGTGG-1,0.000017,0.061609,0.938375
AACGTCATCCGGCTTG-1,0.000032,0.013299,0.986669
AACGTCGCTGCACTTC-1,0.048713,0.002154,0.949133
AACGTGATGAAGGACA-1,0.000019,0.000019,0.999963
AACGTGCGAAAGTCTC-1,0.030463,0.000023,0.969514
AACGTTATCAGCACCT-1,0.000103,0.000086,0.999811
AACGTTCTACCATTGT-1,0.000023,0.003282,0.996695
AACTACCCGTTTGTCA-1,0.000025,0.021935,0.97804
AACTAGCGTATCGCAC-1,0.000054,0.000054,0.999891
AACTAGGCTTGGGTGT-1,0.00004,0.003074,0.996886
AACTCAAGTTAATTGC-1,0.000027,0.097068,0.902905
AACTCCAGAGCGTGTT-1,0.000027,0.058703,0.94127
AACTCCTAATCCCATG-1,0.135502,0.000022,0.864476
AACTCGATAAACACGT-1,0.000045,0.000045,0.999911
AACTCGATGGCGCAGT-1,0.13568,0.129473,0.734847
AACTCTCAATAGAGCG-1,0.02316,0.000025,0.976814
AACTCTCAGTGTGCTC-1,0.000033,0.000033,0.999933
AACTGAGGTCAGCGTC-1,0.801301,0.000095,0.198604
AACTGAGTTATACTGA-1,0.001157,0.251814,0.747029
AACTGATATTAGGCCT-1,0.000029,0.018275,0.981696
AACTGGGTCCCGACGT-1,0.00004,0.00004,0.999921
AACTGGGTTCGAGCCG-1,0.000032,0.000032,0.999937
AACTGGTGTGGGCCTT-1,0.005756,0.000017,0.994227
AACTTCTGCGTCTATC-1,0.000028,0.12239,0.877581
AACTTGCCCGTATGCA-1,0.000035,0.002074,0.997891
AACTTGCGTTCTCGCG-1,0.000022,0.04174,0.958237
AACTTTACGGGAGCTT-1,0.000059,0.006696,0.993246
AACTTTAGCTGCTGAG-1,0.036077,0.000042,0.963881
AACTTTCTCGATCATG-1,0.721569,0.069423,0.209008
AAGAAAGTTTGATGGG-1,0.071784,0.000053,0.928162
AAGAAATCACCAGATT-1,0.999644,0.00003,0.000326
AAGAAGGATCAGTTAG-1,0.000052,0.002915,0.997034
AAGACATACGTGGTTT-1,0.000008,0.001826,0.998166
AAGACCAAATAACTCA-1,0.00002,0.041785,0.958195
AAGACCCAACTGAACA-1,0.096495,0.00563,0.897875
AAGACTAACCCGTTGT-1,0.000029,0.000029,0.999943
AAGACTCACGCCCACT-1,0.387487,0.000028,0.612486
AAGACTGCAAGCTACT-1,0.038319,0.08669,0.874991
AAGAGATGAATCGGTA-1,0.000036,0.00956,0.990404
AAGAGCTCTTTATCGG-1,0.000047,0.000047,0.999907
AAGAGGATGTACGCGA-1,0.000023,0.007624,0.992353
AAGAGGCATGGATCGC-1,0.000013,0.000013,0.999974
AAGAGGCCCTTTGGAA-1,0.000026,0.033426,0.966548
AAGATGGCACCGGACC-1,0.029989,0.000829,0.969181
AAGATTGGCGGAACGT-1,0.000007,0.000007,0.999985
AAGCACCCTGCGTATC-1,0.00002,0.095011,0.904969
AAGCATACTCTCCTGA-1,0.027065,0.003147,0.969787
AAGCCACTTGCAGGTA-1,0.01295,0.000039,0.987011
AAGCCGAAGCGGTTTA-1,0.092447,0.018333,0.88922
AAGCCGCCGTGAAATC-1,0.011595,0.122172,0.866233
AAGCCGCTTTACCTTG-1,0.861653,0.000019,0.138327
AAGCCGGAGAGCAGGA-1,0.000011,0.04392,0.956068
AAGCGCAGGGCTTTGA-1,0.000045,0.000045,0.999909
AAGCGGAGTGCGCGCA-1,0.971786,0.000026,0.028188
AAGCGGCGTCATGGGT-1,0.088483,0.000056,0.911461
AAGCGTCCCTCATCGA-1,0.0001,0.078179,0.921721
AAGCTAGATCGAGTAA-1,0.020106,0.058248,0.921646
AAGCTATGGATTGACC-1,0.000025,0.000025,0.99995
AAGCTCGTGCCAAGTC-1,0.000013,0.000013,0.999975
AAGCTCTTTCATGGTG-1,0.000022,0.128812,0.871166
AAGGAGAACTTATAAG-1,0.058501,0.00002,0.94148
AAGGAGCGGTTGGTGC-1,0.000051,0.020394,0.979555
AAGGATCGATCGCTTG-1,0.016533,0.003099,0.980368
AAGGATGAGGGACCTC-1,0.084667,0.01615,0.899183
AAGGCAGGCTGTCTCC-1,0.005062,0.114482,0.880455
AAGGCGCGTAAAGCTT-1,0.00003,0.115698,0.884273
AAGGCTGTGCTCATCG-1,0.000054,0.068001,0.931945
AAGGGAACGACTGGCT-1,0.038038,0.004497,0.957466
AAGGGACAGATTCTGT-1,0.032767,0.012514,0.954719
AAGGGACTATGCATTC-1,0.061156,0.060569,0.878276
AAGGGTTAGCCATGCG-1,0.000006,0.00454,0.995454
AAGGGTTTGATTTCAG-1,0.000051,0.044088,0.955862
AAGGTATCCTAATATA-1,0.000035,0.000035,0.99993
AAGGTGATAAACCAGC-1,0.000039,0.47562,0.524341
AAGTAAGCTTCCAAAC-1,0.000007,0.000007,0.999985
AAGTAGAAGACCGGGT-1,0.000014,0.033589,0.966396
AAGTAGTGACGCGAGG-1,0.000027,0.050555,0.949418
AAGTCAATTGTCGTCA-1,0.000019,0.095421,0.90456
AAGTCTAGTAGCTGCC-1,0.354838,0.046276,0.598886
AAGTCTTCTGTGGCCT-1,0.000056,0.116825,0.883119
AAGTGACGACCGAATT-1,0.000019,0.059295,0.940686
AAGTGAGTCGGGTTTA-1,0.000022,0.002957,0.997021
AAGTGCAAAGGTAGAC-1,0.000101,0.08269,0.917208
AAGTGCCTTGACTGTA-1,0.000021,0.000021,0.999957
AAGTGCGTTAGAATCT-1,0.00009,0.091169,0.90874
AAGTGCTTCTCTATTG-1,0.000044,0.000044,0.999912
AAGTGTTTGGAGACGG-1,0.000048,0.000048,0.999904
AAGTTCACTCCAAGCT-1,0.000065,0.063757,0.936178
AAGTTCAGTCTGCGTA-1,0.261831,0.008597,0.729572
AAGTTCGGCCAACAGG-1,0.000048,0.02987,0.970082
AAGTTGTGATGTTATA-1,0.000041,0.000041,0.999918
AAGTTTACTAATGGCA-1,0.000028,0.000028,0.999945
AAGTTTATGGGCCCAA-1,0.000017,0.02778,0.972203
AATAACAACGCTCGGC-1,0.000014,0.016049,0.983937
AATAACACTAGAACAA-1,0.000022,0.187566,0.812412
AATAACGTCGCGCCCA-1,0.000022,0.020777,0.979201
AATAAGTCCTCGAGAC-1,0.000025,0.000025,0.999951
AATAATCTTCGTATCG-1,0.0417,0.03432,0.923979
AATACAATGTTTCAGG-1,0.000018,0.087204,0.912778
AATACCGGAGGGCTGT-1,0.031859,0.0735,0.894641
AATACCTGATGTGAAC-1,0.000018,0.038247,0.961735
AATAGAACAGAGTGGC-1,0.000019,0.074165,0.925816
AATAGAATCTGTTTCA-1,0.000025,0.139062,0.860913
AATAGCAAGCCTCCTG-1,0.37281,0.067431,0.559759
AATAGCTACCGCGTGC-1,0.236383,0.072915,0.690702
AATAGGCACGACCCTT-1,0.075232,0.00438,0.920387
AATAGTCCGTCCCGAC-1,0.000035,0.014751,0.985214
AATAGTCGCGAGTCGG-1,0.102443,0.145178,0.752379
AATATCAAGGTCGGAT-1,0.000064,0.045502,0.954433
AATATCCTAGCAAACT-1,0.000033,0.710442,0.289525
AATATCGAATCAATGC-1,0.039492,0.143731,0.816776
AATATCGAGGGTTCTC-1,0.000036,0.000036,0.999927
AATATTGGAGTATTGA-1,0.00004,0.055547,0.944413
AATCAGACTGCAGGAC-1,0.000022,0.014618,0.98536
AATCAGGTTTCATTTA-1,0.000019,0.180239,0.819742
AATCATGTAAAGACTC-1,0.000015,0.000015,0.999969
AATCCAAGGGCCTGAG-1,0.046924,0.101031,0.852045
AATCCATGCAAGGGTG-1,0.000038,0.009738,0.990224
AATCCCGCTCAGAGCC-1,0.00004,0.00004,0.999921
AATCGAGGTCTCAAGG-1,0.014619,0.057676,0.927705
AATCGCCTCAGCGCCA-1,0.000025,0.000025,0.999951
AATCGCGCAGAGGACT-1,0.012054,0.000032,0.987914
AATCGGGACACTACGA-1,0.000034,0.000034,0.999931
AATCGGTATAGCCCTC-1,0.000047,0.011377,0.988576
AATCGTGAGCCGAGCA-1,0.000044,0.021875,0.978081
AATCTAGGTTTACTTG-1,0.000031,0.048862,0.951107
AATCTATGCCGGAGCC-1,0.156891,0.000033,0.843077
AATCTCTACTGTGGTT-1,0.00012,0.00012,0.99976
AATCTGCGTTGGGACG-1,0.000018,0.005178,0.994804
AATCTGGCTTTCTAGT-1,0.000021,0.274664,0.725314
AATCTGGGTAGACCCT-1,0.316083,0.000031,0.683887
AATGACAGCAATGTCT-1,0.000038,0.000038,0.999925
AATGACGTAGGATGTC-1,0.000034,0.070622,0.929344
AATGACTGTCAGCCGG-1,0.000039,0.000039,0.999923
AATGAGTTCGCATATG-1,0.000025,0.097598,0.902377
AATGATGATACGCTAT-1,0.028608,0.000014,0.971378
AATGATGCGACTCCTG-1,0.000018,0.004583,0.995399
AATGCAACCGGGTACC-1,0.000046,0.000046,0.999909
AATGCACCAAGCAATG-1,0.130993,0.000022,0.868985
AATGGCCGCCAATGCG-1,0.858554,0.000041,0.141406
AATGGTCCACCGTTCA-1,0.048745,0.000065,0.951191
AATGGTTCTCACAAGC-1,0.000042,0.146802,0.853156
AATGTATGGCACTGTA-1,0.000012,0.489612,0.510376
AATGTGCCCGAGGTGT-1,0.080133,0.304527,0.61534
AATGTGCTAATCTGAG-1,0.00004,0.074614,0.925346
AATGTTAAGACCCTGA-1,0.000019,0.075015,0.924966
AATGTTGTCGTGAGAC-1,0.000011,0.010831,0.989158
AATTAAAGGTCGGCGT-1,0.000033,0.133299,0.866668
AATTAACGGATTTCCA-1,0.000029,0.000029,0.999943
AATTACGAGACCCATC-1,0.000032,0.292925,0.707043
AATTACTCGTACGCTC-1,0.000093,0.000093,0.999814
AATTAGCGCTGCAGCG-1,0.011631,0.001384,0.986985
AATTATACCCAGCAAG-1,0.000027,0.000027,0.999945
AATTCATAAGGGATCT-1,0.000031,0.02769,0.972279
AATTCATTGTCATGCA-1,0.000022,0.192408,0.80757
AATTCCAACTTGGTGA-1,0.000024,0.00707,0.992906
AATTCCAAGCATGTAC-1,0.038898,0.000051,0.961051
AATTCGATTCGAGGAT-1,0.106338,0.027303,0.86636
AATTCTAGAGTTAGGC-1,0.000045,0.000045,0.99991
AATTGAACGCTCTGGT-1,0.000024,0.029759,0.970217
AATTGCAGCAATCGAC-1,0.012973,0.000022,0.987005
AATTGCGTGGATTACA-1,0.000039,0.093145,0.906816
AATTGTGGTTGCCAAA-1,0.024151,0.000014,0.975835
AATTTGGGACATAGTA-1,0.123701,0.000028,0.876271
AATTTGGTTCCAAAGA-1,0.013894,0.089791,0.896315
ACAAACCATGCGTCCT-1,0.00002,0.00002,0.999961
ACAAACCGACAAGGCG-1,0.080627,0.000011,0.919362
ACAAACTCCATCAGAG-1,0.000011,0.093881,0.906109
ACAAAGAAGGTAGGCC-1,0.000043,0.050665,0.949292
ACAAAGCATGACCTAG-1,0.000026,0.020233,0.979741
ACAAATCGCACCGAAT-1,0.000014,0.01113,0.988857
ACAAATGGTAGTGTTT-1,0.000037,0.000037,0.999926
ACAAATTCAGATCTGA-1,0.658207,0.023129,0.318664
ACAACAGCATGAGCTA-1,0.000035,0.031485,0.96848
ACAACGGTCCCTGCGA-1,0.000012,0.000012,0.999976
ACAAGCAGTGCCTAGC-1,0.000029,0.072282,0.927689
ACAAGCTATATGGAAG-1,0.000039,0.162037,0.837924
ACAAGGAAATCCGCCC-1,0.00785,0.011881,0.980269
ACAAGGACAAGAGGTT-1,0.000063,0.133068,0.86687
ACAAGGATGCTTTAGG-1,0.000036,0.000036,0.999929
ACAAGGCCTACCAGCC-1,0.87946,0.054798,0.065742
ACAAGGGCAGGCTCTG-1,0.000022,0.000022,0.999956
ACAAGTAATTGTAAGG-1,0.012248,0.000021,0.987731
ACAATAGTCGTACGTT-1,0.000136,0.007703,0.992161
ACAATCCATTTAAACC-1,0.100605,0.075768,0.823627
ACAATCGATCTTTATA-1,0.005895,0.000014,0.994091
ACAATGAATACGGAGA-1,0.021258,0.643617,0.335126
ACAATGATTCTTCTAC-1,0.711162,0.000079,0.288759
ACAATTGTGTCTCTTT-1,0.000061,0.235515,0.764424
ACAATTTAGGAGGCTC-1,0.000059,0.000587,0.999354
ACAATTTGAGCAGTGG-1,0.03322,0.001201,0.965579
ACAATTTGGCCATATT-1,0.131635,0.013257,0.855108
ACACAAAGACGGGTGG-1,0.000018,0.000018,0.999963
ACACAAATATTCCTAG-1,0.906609,0.02756,0.065831
ACACACCAGGACCAGT-1,0.00002,0.004964,0.995016
ACACACTTTCTACACG-1,0.039029,0.041395,0.919576
ACACATGATCAAATCT-1,0.000022,0.000022,0.999956
ACACATTGACGCAACA-1,0.000052,0.042463,0.957485
ACACATTTCCGTAGAC-1,0.000037,0.024028,0.975935
ACACCACATAATTAGC-1,0.229261,0.103016,0.667723
ACACCCAGCATGCAGC-1,0.006109,0.005376,0.988515
ACACCCGAGAAATCCG-1,0.000025,0.000025,0.99995
ACACCCGTAAATCTGT-1,0.971634,0.00003,0.028335
ACACCGAGCGCTCTTT-1,0.023677,0.056942,0.919382
ACACCGGTCTGACCGC-1,0.000013,0.019846,0.980141
ACACCTTAAGTAGGGC-1,0.000025,0.022275,0.9777
ACACCTTACTACTTGC-1,0.000015,0.029618,0.970367
ACACGAGACTCCTTCT-1,0.000015,0.000015,0.99997
ACACGGCACTATGCAT-1,0.000029,0.000029,0.999942
ACACGGGAACTTAGGG-1,0.052283,0.000045,0.947672
ACACGTAGGCCACAAG-1,0.000013,0.000013,0.999973
ACACTCCAATGTCACT-1,0.191153,0.017569,0.791278
ACACTGATCAAGGTGT-1,0.011242,0.032139,0.956618
ACACTGGGACAGTCGT-1,0.000005,0.043733,0.956262
ACAGAACTGAGAACAA-1,0.134382,0.643108,0.222509
ACAGATTAGGTTAGTG-1,0.000025,0.003294,0.996681
ACAGCATAGAGCCAGT-1,0.000017,0.051767,0.948215
ACAGCGACATTCTCAT-1,0.000029,0.000029,0.999943
ACAGCGCACCCGCAGC-1,0.038635,0.051423,0.909942
ACAGGAGGCGCAGCCG-1,0.000044,0.095254,0.904702
ACAGGCACGGATCCTT-1,0.000018,0.000018,0.999965
ACAGGCTTGCCCGACT-1,0.000024,0.000024,0.999952
ACAGGTGGAGGTGAGG-1,0.000021,0.025659,0.97432
ACAGGTGTGTTGTTGC-1,0.000054,0.037053,0.962893
ACAGTAATACAACTTG-1,0.000052,0.059264,0.940684
ACAGTATACCGTGGGA-1,0.740661,0.121794,0.137545
ACAGTGCAGCGCATTT-1,0.698178,0.000042,0.30178
ACATAAGTCGTGGTGA-1,0.00004,0.214807,0.785153
ACATAATAAGGCGGTG-1,0.000032,0.051602,0.948366
ACATACAATCAAGCGG-1,0.006095,0.000016,0.993889
ACATCAGCTGGGACGC-1,0.000139,0.044123,0.955738
ACATCCCGGCCATACG-1,0.000058,0.001785,0.998157
ACATCCTGGTAACTGT-1,0.000036,0.000036,0.999929
ACATCGATCGTTTACC-1,0.000025,0.000025,0.99995
ACATCGCAATATTCGG-1,0.000023,0.000023,0.999953
ACATCGGTCAGCCGCG-1,0.000041,0.037006,0.962953
ACATCGTATGCAATGG-1,0.000018,0.000018,0.999965
ACATCGTTAACCTAGT-1,0.010875,0.084261,0.904864
ACATCTCAACGCGTAA-1,0.000028,0.000028,0.999945
ACATGCTTACGGCAGC-1,0.000014,0.000014,0.999973
ACATGGCGCCAAAGTA-1,0.043624,0.048011,0.908366
ACATGGCTCAATTTAG-1,0.000067,0.000067,0.999865
ACATTAGTTTATATCC-1,0.000046,0.03021,0.969744
ACATTCGCGCGGAATA-1,0.027362,0.000016,0.972622
ACATTTGAAACCTAAC-1,0.008693,0.249134,0.742173
ACCAAACACCCAGCGA-1,0.311803,0.000014,0.688182
ACCAAACTAGAAATCC-1,0.035252,0.005884,0.958864
ACCAACACCACACACT-1,0.438989,0.22224,0.338771
ACCAACCGCACTCCAC-1,0.034274,0.112643,0.853082
ACCAACGCTTATTTAT-1,0.000058,0.000058,0.999885
ACCAAGAACGCGTGTC-1,0.000022,0.000022,0.999957
ACCAAGTCATCGGCAG-1,0.042485,0.094126,0.86339
ACCAATATGCAAGTTA-1,0.000007,0.000007,0.999987
ACCACAACTCAGAACA-1,0.000014,0.010482,0.989504
ACCACAAGTTTCTATC-1,0.017956,0.104388,0.877657
ACCACACGGTTGATGG-1,0.000024,0.028487,0.97149
ACCACCAATGTAACAA-1,0.000025,0.000025,0.99995
ACCACCCTCTCTTCTA-1,0.671233,0.000038,0.32873
ACCACGTGCAGCTATA-1,0.000036,0.040704,0.95926
ACCACTGTTCAAGAAG-1,0.000052,0.0973,0.902648
ACCAGACCATAACAAC-1,0.000021,0.738182,0.261797
ACCAGCCCGGTCTTTG-1,0.084797,0.00003,0.915173
ACCAGGAGTGTGATCT-1,0.004513,0.000012,0.995475
ACCAGTGCCCGGTCAA-1,0.455916,0.034591,0.509494
ACCAGTGCGGGAGACG-1,0.000016,0.037439,0.962545
ACCATATCCGCAATAA-1,0.000033,0.018926,0.981041
ACCATCCGCCAACTAG-1,0.000075,0.000075,0.999849
ACCATCGTATATGGTA-1,0.000056,0.004629,0.995315
ACCATTAAGGGTGTCA-1,0.000067,0.015071,0.984862
ACCCAACGCCCGTGGC-1,0.000023,0.020569,0.979409
ACCCACCTACATGCTC-1,0.000021,0.011435,0.988544
ACCCATCTTGAGGGTA-1,0.013781,0.146533,0.839686
ACCCATTTGTCCCTCT-1,0.00002,0.05128,0.9487
ACCCGAGCGAAATTAC-1,0.001915,0.000063,0.998022
ACCCGATTGGTTCCGA-1,0.00005,0.00005,0.9999
ACCCGGAAACTCCCAG-1,0.014516,0.000021,0.985463
ACCCGGAGCACCACAA-1,0.054094,0.002326,0.94358
ACCCGGATGACGCATC-1,0.000057,0.014908,0.985035
ACCCGGTTACACTTCC-1,0.000038,0.015131,0.98483
ACCCGTAGCAGAGAAT-1,0.001362,0.078657,0.919981
ACCCGTAGTCTAGTTG-1,0.000026,0.026201,0.973773
ACCCGTGTCATCAGTA-1,0.00003,0.020104,0.979867
ACCCTATAGGACTGAG-1,0.041414,0.054974,0.903612
ACCCTATGCCATATCG-1,0.000024,0.247434,0.752542
ACCCTCCCGTCAGGGC-1,0.000022,0.015701,0.984277
ACCCTCCCTTGCTATT-1,0.000024,0.000024,0.999951
ACCCTGGTAACGCCCT-1,0.249832,0.226144,0.524023
ACCCTTCATCTGCGAA-1,0.000018,0.000018,0.999965
ACCCTTGCCTGGGTCG-1,0.983795,0.000022,0.016183
ACCCTTTAGTTCTCCA-1,0.00002,0.00002,0.99996
ACCGAAAGGGCCCTGC-1,0.000029,0.000029,0.999941
ACCGAAGAGTCTGGTT-1,0.011175,0.024652,0.964174
ACCGACACATCTCCCA-1,0.017567,0.046432,0.936001
ACCGACTGAGTCCCAC-1,0.000061,0.047948,0.951991
ACCGAGTCTCCTTATT-1,0.000037,0.08745,0.912513
ACCGATAGGCATAACC-1,0.136926,0.022173,0.840901
ACCGATATTTAATCAT-1,0.000013,0.02133,0.978657
ACCGATGGTAGCATCG-1,0.000034,0.003827,0.996138
ACCGCAATAACTGCCT-1,0.000015,0.039761,0.960224
ACCGCGGTGGAAGTCG-1,0.058889,0.029388,0.911722
ACCGCTAGTCATTGGT-1,0.000022,0.007624,0.992354
ACCGGGCCTTTGTTGA-1,0.05462,0.026428,0.918952
ACCGGTCAGGTACACC-1,0.000065,0.196546,0.80339
ACCGGTCTGAGTACGG-1,0.674196,0.000042,0.325762
ACCGTCCACTGGGCCC-1,0.000016,0.000016,0.999968
ACCGTGACCACGTGGG-1,0.000055,0.000055,0.999891
ACCGTTCCCGCTCTGA-1,0.000022,0.000022,0.999957
ACCTAAGTACCTTTCA-1,0.000062,0.000062,0.999875
ACCTAATCGACTTCCT-1,0.000035,0.105465,0.8945
ACCTACAGTATGTGGT-1,0.003366,0.000036,0.996598
ACCTACTATAAATCTA-1,0.000039,0.014555,0.985406
ACCTCAGCGAGGCGCA-1,0.000021,0.069319,0.93066
ACCTCCGCCCTCGCTG-1,0.000027,0.000027,0.999947
ACCTCCGTTATTCACC-1,0.073298,0.035944,0.890758
ACCTCGAACTTATGCT-1,0.101206,0.000038,0.898756
ACCTGCGTGTCATGTT-1,0.045474,0.000113,0.954412
ACCTTTCCTTTAGAAG-1,0.047809,0.011014,0.941177
ACGAAATGGGCGGCAC-1,0.000035,0.070762,0.929203
ACGACCCATGAGTTGC-1,0.000016,0.013584,0.9864
ACGACTCTAGGGCCGA-1,0.00003,0.00003,0.99994
ACGACTGGTCATACTC-1,0.019083,0.093654,0.887263
ACGAGAACCCATCACG-1,0.00003,0.112612,0.887359
ACGAGATATTTGCTTA-1,0.000017,0.000017,0.999965
ACGAGGATACCACTCT-1,0.00009,0.00009,0.99982
ACGAGGTTTACAACGT-1,0.030508,0.28137,0.688122
ACGAGTACGGATGCCC-1,0.000037,0.000037,0.999926
ACGAGTCGCCGGCGTT-1,0.000016,0.003502,0.996482
ACGATACATAGAACTA-1,0.00001,0.00001,0.99998
ACGATACCTATCCTGA-1,0.000051,0.371227,0.628722
ACGATCATACATAGAG-1,0.000011,0.001421,0.998568
ACGATCATCTTGTAAA-1,0.000031,0.000031,0.999938
ACGATGCATATGTTAT-1,0.000026,0.071925,0.928049
ACGATGGATCCGATGC-1,0.000039,0.000039,0.999922
ACGCAAACTAATAGAT-1,0.000018,0.026058,0.973923
ACGCAATCACTACAGC-1,0.30182,0.00002,0.69816
ACGCATAAATGACATG-1,0.756005,0.050496,0.193499
ACGCATACGTTTACTA-1,0.01753,0.145419,0.837051
ACGCATTCGTGAGTAC-1,0.000054,0.010246,0.9897
ACGCCACTCGAAACAG-1,0.000027,0.003336,0.996637
ACGCCAGATGATTTCT-1,0.15375,0.069894,0.776356
ACGCCAGTGCGTTTGC-1,0.00006,0.008029,0.991912
ACGCCCAGCTGTCGAT-1,0.182272,0.000022,0.817706
ACGCCGCTAGACGACC-1,0.000038,0.000038,0.999924
ACGCCTGACACGCGCT-1,0.000056,0.258621,0.741323
ACGCGAAGTCAGACGA-1,0.000022,0.154321,0.845657
ACGCGCTACACAGGGT-1,0.000025,0.006046,0.99393
ACGCGGGCCAAGGACA-1,0.000039,0.011551,0.98841
ACGCGTTTCTTAAGAG-1,0.000184,0.000184,0.999632
ACGCTACTGAATGGGC-1,0.021473,0.00841,0.970117
ACGCTAGTATCAGTGC-1,0.915925,0.000034,0.084041
ACGCTAGTGATACACT-1,0.000026,0.001006,0.998968
ACGCTGTGAGGCGTAG-1,0.000135,0.000135,0.99973
ACGCTTAGTGTCTCTC-1,0.052744,0.000011,0.947246
ACGGAACACGAGTGCC-1,0.000011,0.105713,0.894276
ACGGAATTTAGCAAAT-1,0.000037,0.039709,0.960254
ACGGACGCAGCGACAA-1,0.000043,0.000916,0.999041
ACGGACTCTCAAAGCG-1,0.007321,0.000029,0.99265
ACGGAGCGCAAATTAC-1,0.310388,0.000022,0.68959
ACGGATGGTGCGGATA-1,0.00002,0.00002,0.999961
ACGGCACTTGCTTGGG-1,0.000016,0.008235,0.991749
ACGGCCAACATGGACT-1,0.000025,0.000025,0.999951
ACGGCGACGATGGGAA-1,0.000015,0.102609,0.897376
ACGGCGGGTTGCCCTG-1,0.000013,0.040265,0.959722
ACGGCTGGATGTAGAA-1,0.000034,0.095704,0.904262
ACGGGAGTGTCGGCCC-1,0.000089,0.000089,0.999822
ACGGGCGTATGCGACA-1,0.497792,0.011653,0.490555
ACGGGTCATGTGACTT-1,0.037942,0.000097,0.961961
ACGGGTTGTGACCTGT-1,0.118948,0.11023,0.770822
ACGGTACAGTTCAATG-1,0.010273,0.000029,0.989697
ACGGTCACCGAGAACA-1,0.000032,0.020912,0.979056
ACGTACAGATTTCTCT-1,0.000033,0.000033,0.999934
ACGTACTTTGGCACGG-1,0.007389,0.188456,0.804155
ACGTAGATTGCTGATG-1,0.000033,0.045057,0.95491
ACGTAGGAGAGTCGCT-1,0.004693,0.004455,0.990853
ACGTATTACTCCGATC-1,0.000051,0.067478,0.932471
ACGTCCTAAACGAGAT-1,0.025212,0.002576,0.972212
ACGTCGGGCAACTCGG-1,0.104679,0.22403,0.671291
ACGTCTCGTTCCGGGA-1,0.000055,0.160626,0.839318
ACGTGACAAAGTAAGT-1,0.000033,0.841201,0.158766
ACGTGCGCCTCGTGCA-1,0.000055,0.000055,0.99989
ACGTGGTCGAATGTGC-1,0.012368,0.000007,0.987625
ACGTTAATGTCGAAGA-1,0.000014,0.016964,0.983022
ACGTTAGATTTGCCCG-1,0.017697,0.130878,0.851425
ACGTTATTGGTCACTC-1,0.000037,0.094292,0.905671
ACGTTCACTATGCCGC-1,0.000012,0.090658,0.909329
ACGTTCCGCGCTCCGT-1,0.069876,0.057839,0.872285
ACGTTCGCAATCAATT-1,0.078641,0.00003,0.921329
ACGTTCGTTCAGGAAA-1,0.000019,0.000019,0.999963
ACGTTCTGTACAAGTC-1,0.000035,0.000035,0.99993
ACGTTGTCGTTGAAAG-1,0.041843,0.000032,0.958125
ACGTTTAGTTGTGATC-1,0.00003,0.00003,0.999941
ACGTTTCGGTGCACTT-1,0.011463,0.041483,0.947053
ACTAAGGACGCACACC-1,0.999672,0.000027,0.0003
ACTAATACGTCAGGCG-1,0.500908,0.000043,0.499048
ACTACAAAGAGAGGTG-1,0.015904,0.011953,0.972142
ACTACATCCCGACAAG-1,0.002537,0.010401,0.987061
ACTACCAGCTCTCTGG-1,0.029714,0.086776,0.88351
ACTACCATCCGAGGGC-1,0.000012,0.047656,0.952333
ACTACGCGTTAGAATT-1,0.000019,0.000019,0.999961
ACTAGTTGCGATCGTC-1,0.010009,0.027347,0.962644
ACTATATGCTGTGTTC-1,0.680256,0.00005,0.319694
ACTATCCAGGGCATGG-1,0.000947,0.023533,0.97552
ACTATCGCCGGCTAAA-1,0.008831,0.090103,0.901066
ACTATCTGCCCGCGTA-1,0.000018,0.072741,0.927241
ACTATGTCCAGCTGCC-1,0.000031,0.000031,0.999937
ACTATTCGTCCGTGGT-1,0.000022,0.000022,0.999955
ACTATTTCCGGGCCCA-1,0.000025,0.004664,0.995312
ACTCAACGAATGTATT-1,0.000032,0.113077,0.886891
ACTCAAGTGCAAGGCT-1,0.000047,0.083118,0.916835
ACTCAATAAAGGCACG-1,0.057285,0.000012,0.942703
ACTCAGACCTGCTTCT-1,0.000022,0.000022,0.999957
ACTCATGGCAGCCTTC-1,0.000041,0.018848,0.98111
ACTCCAATATCATCAT-1,0.000066,0.000066,0.999869
ACTCCCATTCCTAAAG-1,0.00004,0.00004,0.99992
ACTCCCGAATTCGTTT-1,0.023407,0.014615,0.961977
ACTCCCGTAGACTAGG-1,0.657021,0.00262,0.340359
ACTCCCTAATGCTAAA-1,0.000038,0.425608,0.574354
ACTCCCTAGAATAGTA-1,0.001741,0.02448,0.973779
ACTCCGGCCGACCACT-1,0.000024,0.08942,0.910557
ACTCGATGTATTTCAT-1,0.000146,0.000146,0.999709
ACTCGCCGTTCGATAA-1,0.000025,0.0354,0.964574
ACTCGCGATCTGACGC-1,0.067328,0.001612,0.931059
ACTCGTAACCCGTCCT-1,0.055308,0.8904,0.054292
ACTCGTCAGTAATCCC-1,0.000037,0.000037,0.999925
ACTCTAAACCTGGGAT-1,0.000078,0.008352,0.99157
ACTCTCTGACTTAGGT-1,0.000053,0.000053,0.999894
ACTCTCTTATACACGA-1,0.042048,0.000021,0.95793
ACTCTGACCTAATAGA-1,0.000019,0.064199,0.935783
ACTCTTCAGCTCCCGC-1,0.803334,0.031393,0.165273
ACTCTTGTATAGTAAC-1,0.000017,0.000017,0.999967
ACTGAAACGCCGTTAG-1,0.000029,0.000029,0.999943
ACTGAATGGCGAAAGT-1,0.000023,0.129847,0.87013
ACTGATTTAGTGATTC-1,0.017317,0.000014,0.982669
ACTGCCCGCCATTCTC-1,0.000016,0.057972,0.942011
ACTGCCGTCGTAACTC-1,0.001715,0.000017,0.998268
ACTGCGGACACACCGT-1,0.257329,0.000964,0.741707
ACTGCTCGGAAGGATG-1,0.020412,0.000039,0.979549
ACTGGCGAACCTGCGT-1,0.990044,0.009607,0.000349
ACTGGGATGCCAGTGC-1,0.00005,0.00005,0.999901
ACTGTACGATACACAT-1,0.00003,0.055545,0.944425
ACTGTAGCACTTTGGA-1,0.009789,0.014952,0.975259
ACTGTATACGCGAGCA-1,0.000035,0.000035,0.999929
ACTGTCCAGGATTATA-1,0.000044,0.000044,0.999912
ACTGTCTTCTTTAGAA-1,0.021913,0.000023,0.978064
ACTGTGCTAGTAGATC-1,0.000066,0.026511,0.973423
ACTGTTTAGTGTAGGC-1,0.000016,0.000016,0.999969
ACTTACCGGGCGCGCA-1,0.019157,0.005281,0.975562
ACTTACGCATCCACGC-1,0.000024,0.063282,0.936694
ACTTAGTACGACAAGA-1,0.000032,0.014389,0.985579
ACTTATACTTACCCGG-1,0.017608,0.035795,0.946597
ACTTATCTGATCTATA-1,0.008168,0.000021,0.99181
ACTTATTAGGATCGGT-1,0.000022,0.02437,0.975607
ACTTATTTATGTGCCA-1,0.000018,0.000018,0.999964
ACTTCAGGCTGATCCC-1,0.053488,0.000014,0.946499
ACTTCCAGTGGAAGCT-1,0.014803,0.037533,0.947664
ACTTCCATGCGGGACA-1,0.000019,0.019668,0.980312
ACTTCCTGTCGTGCGA-1,0.843452,0.000031,0.156517
ACTTCGCCATACGCAC-1,0.024369,0.02257,0.953061
ACTTCGCTAGCGAGTG-1,0.960483,0.009099,0.030418
ACTTGACTCCCTCTTT-1,0.000056,0.000056,0.999888
ACTTGCCATATTGTAC-1,0.00002,0.01663,0.98335
ACTTGCTCTATCTACC-1,0.000013,0.142979,0.857009
ACTTGGGACCCGGTGG-1,0.111129,0.00002,0.88885
ACTTGGGCTTTCGCCA-1,0.028245,0.048076,0.923679
ACTTGTAGTCCCTTCA-1,0.000087,0.154068,0.845844
ACTTGTGGATGGAACG-1,0.00005,0.00005,0.999899
ACTTGTTACCGGATCA-1,0.006915,0.007919,0.985166
ACTTTACCCTCATGAA-1,0.00001,0.039829,0.960161
ACTTTATACACCACTT-1,0.076669,0.266285,0.657045
ACTTTCCTATAGCTTC-1,0.000053,0.000274,0.999673
ACTTTGACTGCATCCT-1,0.00014,0.00014,0.999721
ACTTTGGTCGTGCTCC-1,0.000044,0.000044,0.999911
ACTTTGTCGACGCACT-1,0.000014,0.090654,0.909332
AGAAATTATGACTCGC-1,0.10347,0.034478,0.862053
AGAACACGGCGATGGT-1,0.076176,0.113157,0.810667
AGAACCCAGCGTGACA-1,0.064837,0.020744,0.914419
AGAACCCTCAATTGGG-1,0.000017,0.105282,0.894701
AGAACGTGGTACATTC-1,0.000026,0.000026,0.999947
AGAACTGTACTTTGTA-1,0.000021,0.270076,0.729904
AGAAGAGCGCCGTTCC-1,0.000423,0.000423,0.999155
AGAAGGTACACTTCAC-1,0.000032,0.000032,0.999935
AGAAGGTTGCCGAATT-1,0.000029,0.000029,0.999942
AGAAGGTTGTAGGTCG-1,0.000033,0.000033,0.999935
AGAAGTGATTCGTGAT-1,0.000047,0.000047,0.999905
AGAATAAATCTTCAGG-1,0.000103,0.124229,0.875669
AGAATACAGGCTATCC-1,0.000018,0.004793,0.995189
AGAATGCGGGTTCGGA-1,0.467746,0.04839,0.483863
AGAATTATGGATTCGA-1,0.001282,0.031636,0.967082
AGAATTGTTTGACATA-1,0.00002,0.110441,0.88954
AGACAGCTCAGAATCC-1,0.000069,0.037212,0.962718
AGACAGGCATCTCAGC-1,0.000009,0.000009,0.999981
AGACATAGATCCTTCC-1,0.013472,0.118623,0.867905
AGACCAAACCACACCT-1,0.000044,0.054995,0.94496
AGACCATGGGATACAA-1,0.000055,0.12205,0.877895
AGACCCACCGCTGATC-1,0.00005,0.114447,0.885503
AGACCCGCCCTCCTCG-1,0.00004,0.00004,0.999919
AGACCGCTCCGCGGTT-1,0.000034,0.094355,0.905611
AGACCGGGAAACCCTG-1,0.012278,0.111329,0.876393
AGACGAAGTGCCGGTC-1,0.000015,0.166456,0.833528
AGACGACGATGCCGCT-1,0.000051,0.000051,0.999898
AGACGCCCACTTCGCC-1,0.000029,0.000029,0.999942
AGACGGGATTGGTATA-1,0.222593,0.000014,0.777393
AGACGGGCCGATTTAA-1,0.202037,0.00002,0.797943
AGACTAGCCTTCCAGA-1,0.000045,0.064013,0.935941
AGACTGTTACCGGGTC-1,0.025822,0.104104,0.870073
AGAGAAACACCAGAAA-1,0.000036,0.017323,0.982641
AGAGAACCGTCTAGGA-1,0.000008,0.000008,0.999983
AGAGAAGGAGTACAAT-1,0.000841,0.235568,0.763591
AGAGATCTCTAAAGCG-1,0.000111,0.000111,0.999777
AGAGCAGTTATGAGAC-1,0.000035,0.050231,0.949734
AGAGCCGCCGAGATTT-1,0.000025,0.000025,0.99995
AGAGCGCTTGTAACGG-1,0.66713,0.011529,0.321341
AGAGCGGGCTAATCAT-1,0.027933,0.047595,0.924473
AGAGCGTACAAGCTCG-1,0.000048,0.079165,0.920786
AGAGCTACGAAAGCAT-1,0.000038,0.000038,0.999924
AGAGGCTTCGGAAACC-1,0.000033,0.101618,0.898349
AGAGGGACAATTGTCC-1,0.911186,0.000027,0.088787
AGAGGTATCTCGGTCC-1,0.005267,0.000018,0.994716
AGAGTAAACTTCACTA-1,0.000006,0.000006,0.999989
AGAGTATAGTGTTACG-1,0.460694,0.087348,0.451958
AGAGTCTTAATGAAAG-1,0.000013,0.113253,0.886734
AGAGTGAACAGACACC-1,0.999767,0.000019,0.000213
AGAGTTAGAGACCGAT-1,0.443793,0.000081,0.556126
AGAGTTGCAGGCCTCC-1,0.999748,0.000021,0.000231
AGATAACTTCAGGGCC-1,0.000027,0.053381,0.946592
AGATAATCACACCTAT-1,0.028206,0.118384,0.85341
AGATACCAATAGAACC-1,0.000022,0.011193,0.988785
AGATACCAGCACTTCA-1,0.502697,0.000037,0.497266
AGATACCGGTGTTCAC-1,0.00005,0.247125,0.752825
AGATACGACTTCATAT-1,0.000036,0.000036,0.999928
AGATACTCAAGATCGA-1,0.000036,0.040323,0.959641
AGATATAATACGACTA-1,0.01107,0.02139,0.967541
AGATCGTGCATAAGAT-1,0.087359,0.022792,0.889848
AGATCTCAGGTGTGAT-1,0.000025,0.000025,0.999951
AGATCTGGAGAGGATA-1,0.031519,0.007707,0.960773
AGATGACTCGCCCACG-1,0.000056,0.083996,0.915948
AGATGAGGGTTGCGAT-1,0.144982,0.015661,0.839357
AGATGATGGAGTCTGG-1,0.000015,0.001159,0.998826
AGATGCAAGACGTGCA-1,0.000057,0.117736,0.882207
AGATGCATCCTGTGTC-1,0.00002,0.184305,0.815675
AGATGCTATAACGAGC-1,0.000052,0.01929,0.980658
AGATTATAGGACGTTT-1,0.02195,0.000034,0.978016
AGATTCAAGCGGGTCG-1,0.695803,0.007394,0.296802
AGATTCACAACCGATA-1,0.000047,0.10575,0.894203
AGCAAAGGCCGCTAGT-1,0.000044,0.068972,0.930984
AGCAACATATCTTATT-1,0.000039,0.027312,0.972649
AGCAACCGAAAGTAAT-1,0.000028,0.035261,0.96471
AGCACACGTTTAGACT-1,0.000039,0.002383,0.997578
AGCACCAGTACTCACG-1,0.000027,0.035313,0.964659
AGCACTACCGGCCTGT-1,0.00004,0.034323,0.965636
AGCACTACCTCACCAG-1,0.027354,0.000016,0.97263
AGCACTTAAGGACGCC-1,0.000025,0.040228,0.959747
AGCAGAAGGAGAAAGA-1,0.000017,0.010497,0.989487
AGCAGCCAGATGAATA-1,0.000025,0.000025,0.99995
AGCAGTCGAAGCATGC-1,0.00002,0.00002,0.99996
AGCATATCAATATGCT-1,0.128539,0.029875,0.841587
AGCATCATTTCGAAAG-1,0.000057,0.000057,0.999886
AGCATCGTCGATAATT-1,0.000039,0.033695,0.966266
AGCATTACGAGGCAAG-1,0.086691,0.000017,0.913292
AGCCAAGCTTTGTGTC-1,0.000039,0.201272,0.798689
AGCCACAGGTTACCCG-1,0.000036,0.006463,0.993502
AGCCACTCCCGTGCTT-1,0.05236,0.083041,0.8646
AGCCATATAGTATGTG-1,0.00003,0.006231,0.993739
AGCCCATACATGTAAG-1,0.000038,0.012301,0.987661
AGCCCGCAACAAGCAG-1,0.000029,0.000029,0.999942
AGCCCGCACTACAATG-1,0.000022,0.012387,0.98759
AGCCCGGCATTAGAGG-1,0.000031,0.162744,0.837225
AGCCCGGTAGCCTGTA-1,0.026432,0.012695,0.960873
AGCCCTAAGCGAAGTT-1,0.046157,0.000028,0.953815
AGCCCTCCCTGGTGGC-1,0.000026,0.170822,0.829153
AGCCCTGTCGCACCGT-1,0.000005,0.153805,0.84619
AGCCCTTCTAATCCGA-1,0.200514,0.04702,0.752465
AGCCCTTGGACATCCC-1,0.015998,0.086955,0.897047
AGCCGCAAATTCAAAT-1,0.000048,0.093663,0.906289
AGCCGCTTGATTAGCG-1,0.000096,0.099809,0.900094
AGCCGTGGCTAAATGT-1,0.000071,0.207278,0.79265
AGCCTAATACCCACGT-1,0.029882,0.099485,0.870632
AGCCTTAAAGCGGAAG-1,0.000019,0.105599,0.894382
AGCCTTGTCACTGATA-1,0.000017,0.051282,0.948701
AGCGACAGGAACGGTC-1,0.000029,0.000029,0.999942
AGCGACATCCCATTCA-1,0.019775,0.026831,0.953394
AGCGACCAACGATATT-1,0.000104,0.000044,0.999852
AGCGACTTTGAAGACA-1,0.000022,0.005428,0.994551
AGCGAGACGTGAAGGC-1,0.000009,0.214023,0.785967
AGCGATGCGCCTAATA-1,0.000013,0.012542,0.987445
AGCGCATAATGAATCG-1,0.000021,0.010772,0.989208
AGCGCGGGTGCCAATG-1,0.030608,0.000029,0.969363
AGCGCTAGAGCGATGT-1,0.080381,0.09144,0.828179
AGCGCTTATGGGCAAG-1,0.269347,0.000016,0.730638
AGCGGACACTTCGTAG-1,0.000015,0.000015,0.99997
AGCGGCGGTTAGCGGT-1,0.000037,0.233762,0.766202
AGCGGGAAGGGTCCAT-1,0.00003,0.00003,0.99994
AGCGGGTCTGACACTC-1,0.000049,0.000049,0.999902
AGCGGTTGAGATGTAC-1,0.386084,0.000031,0.613885
AGCGGTTGCCGCTCTG-1,0.287046,0.215859,0.497095
AGCGTACGAGAGCTAG-1,0.000025,0.004695,0.99528
AGCGTAGCGCTAGACC-1,0.018484,0.04446,0.937056
AGCGTCTGAACCCGCA-1,0.000043,0.000043,0.999914
AGCGTGGTATTCTACT-1,0.000034,0.030708,0.969257
AGCGTTCCGATTTAAA-1,0.193086,0.000049,0.806865
AGCTAACAAGCAATGT-1,0.015822,0.336177,0.648001
AGCTAAGCTCCGTCCG-1,0.004494,0.000022,0.995484
AGCTAAGTACGCAGGC-1,0.092354,0.000024,0.907622
AGCTACGAATGGTGGT-1,0.000026,0.037735,0.962239
AGCTAGAAGCAGAAGT-1,0.04575,0.000035,0.954215
AGCTATTTAATCCAAC-1,0.014715,0.008502,0.976783
AGCTCCATATATGTTC-1,0.00002,0.098767,0.901213
AGCTCCTTCGCACATC-1,0.07097,0.010886,0.918144
AGCTCGTTGATGGAAA-1,0.637422,0.008469,0.354108
AGCTCTAGACGTTCCA-1,0.000046,0.017768,0.982186
AGCTCTTCCCAGTGCA-1,0.062004,0.000025,0.93797
AGCTCTTCGTAACCTT-1,0.000042,0.000042,0.999917
AGCTCTTTACTCAGTT-1,0.000035,0.006623,0.993343
AGCTGAAGTAAACCAA-1,0.000029,0.000029,0.999941
AGCTGCATTTGAGGTG-1,0.601467,0.000032,0.398501
AGCTGCTGTGCCGAAT-1,0.797465,0.000046,0.202489
AGCTGTAACCTCAATC-1,0.052361,0.836597,0.111042
AGCTTATAGAGACCTG-1,0.00002,0.00002,0.99996
AGCTTCAATACTTTGA-1,0.015578,0.000009,0.984413
AGCTTCTTCTCGAGCA-1,0.074367,0.06053,0.865102
AGCTTGATCAGGGTAG-1,0.00002,0.086663,0.913317
AGCTTGATCTTAACTT-1,0.000076,0.000076,0.999848
AGGAAAGCCTCTGATG-1,0.000033,0.000033,0.999934
AGGAACGAACGACTTC-1,0.000012,0.004452,0.995536
AGGAAGCTGTCCGCCG-1,0.000029,0.008396,0.991575
AGGACAGTCGAATCCC-1,0.000035,0.013652,0.986314
AGGACATCGCACGTCG-1,0.000049,0.020629,0.979322
AGGACATCGGCACACT-1,0.00002,0.074976,0.925004
AGGACGACCCATTAGA-1,0.025741,0.071123,0.903135
AGGACGCTCGATGTTG-1,0.04714,0.000032,0.952828
AGGACTTATAGGAGAA-1,0.028532,0.205385,0.766083
AGGAGACATCCACAGT-1,0.711904,0.240636,0.047459
AGGAGAGTCTGGCTAC-1,0.572086,0.020455,0.407459
AGGAGCGTTTATTATC-1,0.000029,0.021427,0.978544
AGGAGGCCTTCGCGCG-1,0.000032,0.000032,0.999935
AGGATAAAGTCGGGAT-1,0.00002,0.042179,0.957802
AGGATATAGGGATTTA-1,0.00006,0.00006,0.99988
AGGATATCCGACTGCA-1,0.000022,0.000022,0.999957
AGGATCACGCGATCTG-1,0.000121,0.078661,0.921218
AGGATTGCTTACGACA-1,0.426751,0.22494,0.34831
AGGCAAAGAGGAATCA-1,0.000021,0.000021,0.999958
AGGCAATACGGAGGAC-1,0.000048,0.292281,0.707671
AGGCACGTGACTGTCC-1,0.005415,0.036945,0.95764
AGGCAGATGCGTAAAC-1,0.000035,0.000035,0.99993
AGGCAGGGAGCGTACT-1,0.000037,0.000037,0.999926
AGGCATTGTCGTAGGG-1,0.000042,0.009467,0.990492
AGGCCACATTGGTTAC-1,0.000015,0.000015,0.999971
AGGCCACCCGTTATGA-1,0.000039,0.020337,0.979624
AGGCCCAGTGACTGGT-1,0.000063,0.000063,0.999874
AGGCCCATTGTACAGG-1,0.000031,0.000031,0.999939
AGGCCCTAGAACGCCA-1,0.000086,0.000086,0.999829
AGGCCTATCATACCAA-1,0.000862,0.046916,0.952221
AGGCCTGAGAATCTCG-1,0.000027,0.000027,0.999947
AGGCGATAACTGGCGT-1,0.001145,0.028217,0.970638
AGGCGGTTTGTCCCGC-1,0.000031,0.471203,0.528766
AGGCGTCTATGGACGG-1,0.500933,0.017296,0.481771
AGGCTATGGTTAGCTT-1,0.000074,0.000074,0.999851
AGGCTTAAGTTGCACA-1,0.000017,0.028369,0.971614
AGGCTTCCCGAAGAAG-1,0.000021,0.000021,0.999958
AGGCTTGCTAGACACC-1,0.000048,0.109757,0.890195
AGGGAAACGAGGTACT-1,0.004865,0.000027,0.995108
AGGGACAGCACGGCGG-1,0.000044,0.000044,0.999911
AGGGACCGGCTGCGTT-1,0.000037,0.000037,0.999927
AGGGACTCTACGCGAC-1,0.000039,0.016071,0.98389
AGGGAGACATACTTCG-1,0.159388,0.007534,0.833078
AGGGCAGCGGCGTGGT-1,0.126908,0.021187,0.851905
AGGGCCCTAATGTTCT-1,0.008617,0.13296,0.858423
AGGGCGAGCAGCTGAT-1,0.0184,0.101228,0.880372
AGGGCGTGATCGGCTA-1,0.000022,0.000022,0.999956
AGGGCTGCAGTTACAG-1,0.000028,0.032211,0.967761
AGGGTCAGAGCACTCG-1,0.054347,0.022416,0.923237
AGGGTCAGTAACCCTA-1,0.696878,0.022218,0.280903
AGGGTCGATGCGAACT-1,0.000026,0.000026,0.999948
AGGGTCTGGACGCAGT-1,0.000006,0.007002,0.992992
AGGGTGCCGTTCTTTA-1,0.061605,0.704922,0.233472
AGGGTGCTCTCGAGGG-1,0.000033,0.000033,0.999934
AGGGTGGATAGTGCAT-1,0.000119,0.129986,0.869895
AGGGTGTGCTACACGC-1,0.879562,0.11721,0.003228
AGGGTTCAGACGGTCC-1,0.000058,0.000058,0.999884
AGGGTTCCCTTTGGTT-1,0.135964,0.00886,0.855176
AGGGTTTAGTTCGGGA-1,0.000047,0.000047,0.999905
AGGTAACCTCCTATTC-1,0.000037,0.000037,0.999925
AGGTACGATATTGCCA-1,0.060266,0.000018,0.939716
AGGTAGATCGAGATAT-1,0.000065,0.133075,0.86686
AGGTAGGTACAAAGCT-1,0.000016,0.094625,0.905359
AGGTATAATTGATAGT-1,0.000025,0.000025,0.99995
AGGTATGCGGACATTA-1,0.306935,0.140162,0.552904
AGGTCAGGTGAGAGTG-1,0.000079,0.366857,0.633064
AGGTCGCCACTTCGGT-1,0.030898,0.031627,0.937475
AGGTCGCCTCCCAACA-1,0.110916,0.009303,0.879781
AGGTCGCGGAGTTACT-1,0.000017,0.024555,0.975428
AGGTGCACGTCCACAT-1,0.000046,0.000046,0.999909
AGGTGGTGACCTTCGC-1,0.000024,0.066585,0.933391
AGGTGTATCGCCATGA-1,0.060526,0.000097,0.939377
AGGTGTTGCCGACCAC-1,0.021905,0.000011,0.978084
AGGTTACACCATGCCG-1,0.11039,0.025918,0.863692
AGGTTCTCCTTTCCGG-1,0.013406,0.025824,0.960771
AGGTTGAGGCACGCTT-1,0.001499,0.000035,0.998465
AGGTTTCACACACCTT-1,0.035037,0.00006,0.964903
AGTAACGTTCATCCTG-1,0.1562,0.000053,0.843747
AGTAACTATAGCAGCC-1,0.000031,0.011717,0.988252
AGTAAGGGACAGAATC-1,0.05185,0.00143,0.94672
AGTAATCTAAGGGTGG-1,0.000016,0.152004,0.84798
AGTAATGTCTTGCCGC-1,0.000023,0.000023,0.999954
AGTAATTTGCAAGCGT-1,0.040126,0.22596,0.733914
AGTACAGAAGCTTATA-1,0.000031,0.531636,0.468333
AGTACATCATTTATCA-1,0.000013,0.0328,0.967187
AGTACCTTCGAGTGCT-1,0.901536,0.000061,0.098402
AGTACGGCCCGTATCG-1,0.000064,0.085251,0.914686
AGTACGGGCACCTGGC-1,0.000052,0.000052,0.999896
AGTACGTGGCCTGTCT-1,0.24041,0.095636,0.663954
AGTACTCTTATGCCCA-1,0.00004,0.00004,0.99992
AGTAGAAGGCGCCTCA-1,0.000043,0.00627,0.993687
AGTAGCGTGAACGAAC-1,0.112971,0.000009,0.88702
AGTAGCTAGACGCCGA-1,0.373031,0.080218,0.546751
AGTAGGAAGGAAGTTG-1,0.184176,0.081641,0.734183
AGTAGGTAACATACAT-1,0.000032,0.040646,0.959322
AGTATAATACTAGGCA-1,0.00002,0.035339,0.964642
AGTATACACAGCGACA-1,0.000055,0.151722,0.848224
AGTATCCATAATAACG-1,0.000032,0.029751,0.970217
AGTATGCTGGAGACCA-1,0.023753,0.000055,0.976191
AGTATTTGGCACGACC-1,0.000034,0.000034,0.999931
AGTCAAATGATGTGAT-1,0.172846,0.00004,0.827114
AGTCAACACCACCATC-1,0.00002,0.06368,0.936301
