Barcode,Topic 1,Topic 2,Topic 3,Topic 4,Topic 5,Topic 6,Topic 7to8,Topic 9,Topic 10
AAACAACGAATAGTTC-1,0.051577,0.118541,0.000024,0.000024,0.041015,0.027933,0.760839,0.000024,0.000024
AAACAAGTATCTCCCA-1,0.078553,0.037032,0.193227,0.025547,0.034955,0.199296,0.333071,0.022933,0.075386
AAACAATCTACTAGCA-1,0.000055,0.031839,0.000055,0.118899,0.482178,0.015364,0.255725,0.01057,0.085315
AAACACCAATAACTGC-1,0.034106,0.463055,0.011571,0.064344,0.164634,0.000027,0.000055,0.079318,0.182889
AAACAGAGCGACTCCT-1,0.134341,0.198812,0.000027,0.04806,0.236296,0.146975,0.235438,0.000026,0.000026
AAACAGCTTTCAGAAG-1,0.010027,0.344408,0.000056,0.000056,0.075145,0.000056,0.000113,0.512344,0.057794
AAACAGGGTCTATATT-1,0.000046,0.400783,0.000046,0.170497,0.000046,0.000046,0.000092,0.397353,0.031093
AAACAGTGTTCCTGGG-1,0.717202,0.133243,0.000046,0.000046,0.000046,0.000046,0.005168,0.000046,0.144156
AAACATGGTGAGAGGA-1,0.000029,0.000029,0.000029,0.000029,0.002091,0.000029,0.036428,0.795304,0.16603
AAACATTTCCCGGATT-1,0.108163,0.005441,0.161955,0.001141,0.007153,0.18012,0.517815,0.0182,0.000012
AAACCACTACACAGAT-1,0.081878,0.095865,0.282631,0.047435,0.140889,0.165185,0.083204,0.053633,0.04928
AAACCCGAACGAAATC-1,0.211144,0.161281,0.196208,0.0007,0.06998,0.064585,0.014716,0.281362,0.000025
AAACCGGAAATGTTAA-1,0.000027,0.000027,0.052493,0.057901,0.012614,0.218336,0.210123,0.448451,0.000027
AAACCGGGTAGGTACC-1,0.015017,0.759637,0.000078,0.089074,0.000078,0.000078,0.000156,0.000078,0.135805
AAACCGTTCGTCCAGG-1,0.035103,0.384111,0.000043,0.014612,0.42654,0.008791,0.058305,0.038447,0.034047
AAACCTAAGCAGCCGG-1,0.152542,0.010255,0.060413,0.052743,0.032269,0.074203,0.586606,0.004515,0.026453
AAACCTCATGAAGTTG-1,0.000049,0.480582,0.000049,0.349464,0.000049,0.000049,0.000099,0.077478,0.092179
AAACGAAGATGGAGTA-1,0.000038,0.000038,0.002551,0.242707,0.021945,0.006587,0.031226,0.69487,0.000038
AAACGACAGTCTTGCC-1,0.058876,0.013684,0.233315,0.338492,0.012918,0.224835,0.022213,0.057331,0.038338
AAACGAGACGGTTGAT-1,0.033908,0.048812,0.086485,0.311272,0.220884,0.011503,0.272312,0.014788,0.000036
AAACGCCCGAGATCGG-1,0.373995,0.23865,0.008523,0.001064,0.145159,0.130962,0.096043,0.005574,0.00003
AAACGCTGGGCACGAC-1,0.020942,0.013287,0.007166,0.017562,0.000022,0.000022,0.000044,0.359657,0.581298
AAACGGGCGTACGGGT-1,0.338334,0.057399,0.078738,0.032858,0.019724,0.189551,0.07479,0.001618,0.206987
AAACGGGTTGGTATCC-1,0.024858,0.018087,0.237619,0.284258,0.223985,0.001754,0.017045,0.000992,0.191401
AAACGGTTGCGAACTG-1,0.031776,0.010153,0.187623,0.669752,0.008154,0.027424,0.000036,0.037346,0.027736
AAACGTGTTCGCCCTA-1,0.166615,0.089131,0.1606,0.000021,0.337018,0.13257,0.062849,0.051174,0.000021
AAACTAACGTGGCGAC-1,0.168233,0.096001,0.000686,0.046452,0.009265,0.144998,0.525433,0.008913,0.000019
AAACTCGGTTCGCAAT-1,0.013354,0.001797,0.433301,0.291667,0.183104,0.003664,0.049934,0.001928,0.021251
AAACTCGTGATATAAG-1,0.112882,0.481152,0.103605,0.080734,0.048455,0.133713,0.021606,0.017813,0.000041
AAACTGCTGGCTCCAA-1,0.125884,0.331523,0.000148,0.118245,0.000148,0.000148,0.12779,0.114799,0.181314
AAACTTAATTGCACGC-1,0.086727,0.41524,0.017448,0.012187,0.059444,0.011247,0.000066,0.397609,0.000033
AAACTTGCAAACGTAT-1,0.027144,0.494527,0.006049,0.114261,0.051713,0.03666,0.141207,0.091185,0.037254
AAAGAATGACCTTAGA-1,0.000031,0.000031,0.000031,0.000031,0.006357,0.000031,0.018659,0.87176,0.103069
AAAGAATGTGGACTAA-1,0.000508,0.000005,0.391146,0.000005,0.000005,0.008915,0.368994,0.000005,0.230418
AAAGACATGAAGTTTA-1,0.029016,0.000264,0.371793,0.079481,0.242347,0.086742,0.131936,0.011151,0.047269
AAAGACCCAAGTCGCG-1,0.000042,0.206463,0.000042,0.430022,0.363225,0.000042,0.000083,0.000042,0.000042
AAAGACTGGGCGCTTT-1,0.000169,0.734022,0.000169,0.000169,0.000169,0.000169,0.000339,0.000169,0.264624
AAAGCTTGCCTACATA-1,0.044805,0.074385,0.425886,0.005793,0.013635,0.155532,0.146485,0.133461,0.000017
AAAGGCCCTATAATAC-1,0.305841,0.229023,0.060536,0.000019,0.044984,0.119067,0.056866,0.03134,0.152324
AAAGGCTACGGACCAT-1,0.000029,0.013571,0.059334,0.415854,0.384917,0.001645,0.102634,0.000029,0.021988
AAAGGCTCTCGCGCCG-1,0.000058,0.082207,0.000058,0.822771,0.003053,0.000058,0.000116,0.000058,0.091621
AAAGGGATGTAGCAAG-1,0.000036,0.027552,0.000036,0.912959,0.000036,0.000036,0.045447,0.000036,0.013861
AAAGGGCAGCTTGAAT-1,0.094065,0.792451,0.000099,0.000099,0.038827,0.000099,0.000199,0.074061,0.000099
AAAGGTAAGCTGTACC-1,0.215478,0.298576,0.000728,0.00003,0.152752,0.228847,0.053233,0.050326,0.00003
AAAGGTCAACGACATG-1,0.153116,0.036775,0.053122,0.002478,0.053518,0.507913,0.140612,0.04267,0.009796
AAAGTAGCATTGCTCA-1,0.000053,0.927872,0.000053,0.004436,0.040852,0.000053,0.000105,0.026524,0.000053
AAAGTCACTGATGTAA-1,0.000032,0.002093,0.039706,0.124093,0.298148,0.000032,0.48789,0.000032,0.047974
AAAGTCGACCCTCAGT-1,0.000057,0.576448,0.000057,0.000057,0.122689,0.000057,0.000114,0.300465,0.000057
AAAGTGCCATCAATTA-1,0.000028,0.000028,0.000028,0.000028,0.000028,0.000028,0.000056,0.594032,0.405744
AAAGTGTGATTTATCT-1,0.097991,0.038931,0.055569,0.012568,0.148643,0.405325,0.094796,0.052634,0.093543
AAAGTTGACTCCCGTA-1,0.175208,0.106824,0.021992,0.138821,0.022905,0.406188,0.056053,0.000023,0.071986
AAATAACCATACGGGA-1,0.011564,0.028845,0.009886,0.106135,0.326952,0.009686,0.427893,0.000031,0.079008
AAATAAGGTAGTGCCC-1,0.004529,0.000014,0.227608,0.238752,0.000014,0.016262,0.116142,0.143547,0.253133
AAATACCTATAAGCAT-1,0.000104,0.392117,0.000104,0.411123,0.000104,0.000104,0.000207,0.056198,0.139939
AAATAGCTTAGACTTT-1,0.145089,0.370549,0.065597,0.005935,0.202238,0.10959,0.071223,0.029756,0.000024
AAATAGGGTGCTATTG-1,0.186104,0.472069,0.000067,0.03124,0.251746,0.000067,0.021384,0.037256,0.000067
AAATCACTCCTAAACG-1,0.32972,0.150661,0.390458,0.000022,0.000684,0.044998,0.019404,0.049667,0.014386
AAATCCGATACACGCC-1,0.300734,0.060108,0.059193,0.283656,0.028137,0.129181,0.003953,0.060184,0.074854
AAATCGCGGAAGGAGT-1,0.000045,0.034185,0.000045,0.049295,0.000045,0.000045,0.00009,0.815939,0.100312
AAATCGTGTACCACAA-1,0.000064,0.258441,0.000064,0.089218,0.28907,0.016834,0.240302,0.00861,0.097398
AAATCTAGCCCTGCTA-1,0.051618,0.123587,0.292885,0.000016,0.015319,0.254092,0.166697,0.000016,0.095772
AAATCTGCCCGCGTCC-1,0.000059,0.000059,0.000059,0.000059,0.000059,0.000059,0.000118,0.468532,0.530997
AAATGACTGATCAAAC-1,0.040263,0.75184,0.00008,0.18225,0.00008,0.00008,0.000159,0.025169,0.00008
AAATGATTCGATCAGC-1,0.036918,0.267184,0.024923,0.057812,0.00226,0.063624,0.278487,0.077777,0.191016
AAATGCTCGTTACGTT-1,0.000076,0.555923,0.000076,0.130998,0.312548,0.000076,0.000152,0.000076,0.000076
AAATGGCCCGTGCCCT-1,0.030521,0.26212,0.082845,0.016986,0.028197,0.017438,0.200681,0.108832,0.25238
AAATGGTCAATGTGCC-1,0.055983,0.576612,0.000099,0.001856,0.348371,0.000099,0.000362,0.000099,0.016519
AAATGTATCTTATCCC-1,0.020436,0.107885,0.194883,0.232984,0.058828,0.110602,0.045794,0.055328,0.17326
AAATTAACGGGTAGCT-1,0.006042,0.114248,0.000066,0.179545,0.663704,0.000066,0.036196,0.000066,0.000066
AAATTAATAAGCGCGA-1,0.212526,0.564512,0.022845,0.057599,0.044679,0.014748,0.023113,0.059951,0.000028
AAATTACACGACTCTG-1,0.036363,0.173928,0.004001,0.276573,0.208499,0.019587,0.280945,0.000052,0.000052
AAATTACCTATCGATG-1,0.097898,0.426412,0.00003,0.363585,0.007221,0.062579,0.002257,0.036894,0.003123
AAATTCCAGGTCCAAA-1,0.046123,0.194988,0.149532,0.320254,0.003945,0.02018,0.00004,0.220003,0.044935
AAATTGATAGTCCTTT-1,0.073411,0.505357,0.004064,0.000056,0.076935,0.103825,0.136836,0.015306,0.084209
AAATTGCGGCGGTTCT-1,0.267881,0.110513,0.068144,0.070519,0.144777,0.015601,0.223257,0.061953,0.037355
AAATTGGTGAGAAGCA-1,0.066558,0.129133,0.015831,0.114062,0.040618,0.435058,0.104861,0.029753,0.064125
AAATTTACCGAAATCC-1,0.185272,0.064472,0.059329,0.232987,0.214119,0.020338,0.22064,0.002812,0.000031
AAATTTGCGGGTGTGG-1,0.051051,0.703849,0.000044,0.000044,0.14189,0.05298,0.050055,0.000044,0.000044
AACAACTGGTAGTTGC-1,0.001079,0.169856,0.000047,0.152679,0.549233,0.006686,0.000093,0.02411,0.096216
AACAATACATTGTCGA-1,0.161603,0.495644,0.000022,0.054031,0.117702,0.039753,0.011359,0.025585,0.094301
AACAATTACTCTACGC-1,0.004917,0.479474,0.021245,0.054553,0.156834,0.008292,0.052738,0.098297,0.123651
AACACACGCTCGCCGC-1,0.396775,0.172088,0.00003,0.12722,0.000115,0.091071,0.066007,0.014927,0.131767
AACACGAGACGCGGCC-1,0.011863,0.196667,0.020935,0.013688,0.151201,0.20986,0.394366,0.001399,0.000022
AACACGCGGCCGCGAA-1,0.112873,0.360098,0.000099,0.000099,0.000099,0.000099,0.268939,0.000099,0.257594
AACAGCTGTGTGGCAA-1,0.215619,0.716301,0.000055,0.000055,0.000055,0.000055,0.00011,0.000055,0.067695
AACAGGATGGGCCGCG-1,0.000054,0.518252,0.000054,0.423454,0.000054,0.000054,0.000108,0.057918,0.000054
AACAGGTAGTATGGAT-1,0.135275,0.265471,0.080818,0.000039,0.147101,0.011327,0.005887,0.354043,0.000039
AACATAGCGTGTATCG-1,0.36182,0.317201,0.00249,0.000429,0.00457,0.002141,0.177934,0.000029,0.133388
AACATATCAACTGGTG-1,0.065119,0.20797,0.000029,0.25013,0.033839,0.342892,0.073832,0.026159,0.000029
AACATCGATACGTCTA-1,0.055498,0.140756,0.161805,0.017334,0.085417,0.301909,0.195286,0.011088,0.030907
AACATTGAAGTTGATC-1,0.029508,0.516901,0.000032,0.277614,0.000032,0.000032,0.000063,0.114937,0.060882
AACATTGGTCAGCCGT-1,0.105301,0.062535,0.017032,0.057027,0.561372,0.038274,0.158385,0.000037,0.000037
AACATTGTGACTCGAG-1,0.075695,0.142066,0.000039,0.621202,0.031452,0.000039,0.000077,0.039704,0.089727
AACCAAGACTTCTCTG-1,0.000249,0.69204,0.000048,0.000048,0.241904,0.006212,0.000097,0.059353,0.000048
AACCAGTATCACTCTT-1,0.140332,0.163886,0.017854,0.086242,0.524876,0.014431,0.030376,0.021954,0.000049
AACCATAGGGTTGAAC-1,0.202691,0.287696,0.016289,0.0355,0.000909,0.00003,0.00006,0.352265,0.104559
AACCATGGGATCGCTA-1,0.098288,0.900155,0.000195,0.000195,0.000195,0.000195,0.000389,0.000195,0.000195
AACCCAGAGACGGAGA-1,0.000051,0.453561,0.000051,0.011043,0.311269,0.019564,0.015246,0.034573,0.154644
AACCCATCCCATGATC-1,0.032023,0.243138,0.34121,0.076315,0.042214,0.07262,0.041876,0.126672,0.02393
AACCCGACAACCCGTG-1,0.343288,0.151871,0.034614,0.158694,0.251164,0.02693,0.00463,0.016962,0.011847
AACCCGAGCAGAATCG-1,0.000015,0.000015,0.427326,0.007492,0.013249,0.044161,0.210456,0.216283,0.081004
AACCCGATAGGGCTTC-1,0.014151,0.046418,0.443096,0.004727,0.083853,0.137394,0.193294,0.076099,0.000968
AACCCGCTGTATTCCA-1,0.226005,0.466809,0.000078,0.165846,0.000078,0.000078,0.000156,0.140873,0.000078
AACCCTACTGTCAATA-1,0.155138,0.23795,0.005652,0.000024,0.190674,0.292605,0.115555,0.002377,0.000024
AACCCTGGTGGAACCA-1,0.000033,0.000033,0.01272,0.162326,0.143845,0.008136,0.554799,0.079672,0.038437
AACCGAGCTTGGTCAT-1,0.000148,0.499549,0.13554,0.203812,0.013924,0.000148,0.000295,0.146438,0.000148
AACCGCTAAGGGATGC-1,0.067615,0.281637,0.008859,0.296224,0.041031,0.185874,0.080906,0.037823,0.000031
AACCTAAAGCCGTCCG-1,0.000019,0.000019,0.136937,0.604067,0.06239,0.013486,0.180736,0.000019,0.002327
AACCTCGCTTTAGCCC-1,0.064075,0.000021,0.066573,0.0755,0.133564,0.000903,0.658969,0.000373,0.000021
AACCTGTCACGGAATT-1,0.000017,0.003785,0.336591,0.000017,0.158206,0.087292,0.177412,0.128672,0.108009
AACCTTTAAATACGGT-1,0.02194,0.673885,0.000171,0.082693,0.000171,0.000171,0.055327,0.057119,0.108523
AACCTTTACGACGTCT-1,0.000012,0.000012,0.002314,0.000012,0.006517,0.007576,0.973992,0.000012,0.009553
AACGAAAGTCGTCCCA-1,0.000043,0.105012,0.000043,0.237149,0.009745,0.000043,0.000086,0.626425,0.021452
AACGACCTCCTAGCCG-1,0.279871,0.00499,0.256682,0.000015,0.000015,0.013637,0.062652,0.096741,0.285395
AACGATAATGCCGTAG-1,0.000025,0.000025,0.180659,0.103474,0.160177,0.000025,0.514146,0.000025,0.041444
AACGATAGAAGGGCCG-1,0.038851,0.102742,0.063394,0.00005,0.319597,0.00005,0.475215,0.00005,0.00005
AACGATATGTCAACTG-1,0.000058,0.137072,0.000058,0.677301,0.141499,0.000058,0.01343,0.030466,0.000058
AACGCATGATCTGGGT-1,0.001298,0.000012,0.018297,0.002416,0.004437,0.553426,0.38227,0.000012,0.037832
AACGCGAACGGCAACA-1,0.006185,0.13587,0.000032,0.159152,0.453808,0.000032,0.24486,0.000032,0.000032
AACGCGACCTTGGGCG-1,0.247772,0.101295,0.049963,0.031146,0.41609,0.000057,0.000115,0.012491,0.14107
AACGCGGTCTCCAGCC-1,0.000076,0.000076,0.000076,0.641346,0.000076,0.000076,0.000152,0.240484,0.117639
AACGCTGTTGCTGAAA-1,0.129621,0.162433,0.022291,0.040779,0.018109,0.083938,0.445887,0.037565,0.059377
AACGGACGTACGTATA-1,0.204196,0.11972,0.051609,0.018877,0.005226,0.235416,0.299896,0.005147,0.059914
AACGGCCATCTCCGGT-1,0.0521,0.717926,0.000038,0.000038,0.132754,0.000038,0.000076,0.003921,0.093109
AACGTACTGTGGGTAC-1,0.02503,0.594226,0.000054,0.343119,0.019913,0.000054,0.017495,0.000054,0.000054
AACGTAGTCTACCCAT-1,0.000059,0.000059,0.000059,0.169866,0.347342,0.000059,0.394275,0.037212,0.051071
AACGTCAGACTAGTGG-1,0.000234,0.071091,0.000039,0.007658,0.282714,0.287651,0.350537,0.000039,0.000039
AACGTCATCCGGCTTG-1,0.000098,0.945493,0.000098,0.053721,0.000098,0.000098,0.000197,0.000098,0.000098
AACGTCGCTGCACTTC-1,0.301562,0.170231,0.038005,0.088201,0.000031,0.007767,0.103429,0.014788,0.275986
AACGTGATGAAGGACA-1,0.003273,0.004681,0.000041,0.122053,0.046651,0.043522,0.362224,0.033818,0.383737
AACGTGCGAAAGTCTC-1,0.000038,0.000038,0.159866,0.10658,0.457265,0.000038,0.276099,0.000038,0.000038
AACGTTATCAGCACCT-1,0.000063,0.585408,0.000063,0.071077,0.016931,0.000063,0.000127,0.039187,0.287079
AACGTTCTACCATTGT-1,0.126821,0.581192,0.000144,0.000144,0.000144,0.000144,0.000287,0.268986,0.02214
AACTACCCGTTTGTCA-1,0.029495,0.23631,0.110718,0.18103,0.044242,0.138952,0.000457,0.258761,0.000035
AACTAGCGTATCGCAC-1,0.000069,0.027842,0.000069,0.136205,0.496445,0.021399,0.272478,0.018576,0.026917
AACTAGGCTTGGGTGT-1,0.000081,0.272895,0.000081,0.491691,0.182513,0.000081,0.019843,0.032734,0.000081
AACTCAAGTTAATTGC-1,0.016033,0.057417,0.000031,0.546914,0.010089,0.003244,0.304845,0.025826,0.035601
AACTCCAGAGCGTGTT-1,0.143258,0.040295,0.038169,0.168355,0.042117,0.162139,0.388464,0.000022,0.017181
AACTCCTAATCCCATG-1,0.046065,0.088986,0.02706,0.10975,0.095898,0.03212,0.567207,0.000024,0.03289
AACTCGATAAACACGT-1,0.030929,0.002289,0.126675,0.001906,0.293658,0.024689,0.519821,0.000016,0.000016
AACTCGATGGCGCAGT-1,0.004336,0.13227,0.000036,0.000835,0.427293,0.013599,0.421557,0.000036,0.000036
AACTCTCAATAGAGCG-1,0.033369,0.087736,0.006517,0.000178,0.015713,0.418748,0.424607,0.006472,0.00666
AACTCTCAGTGTGCTC-1,0.194394,0.530095,0.00007,0.00007,0.00007,0.00007,0.000141,0.00007,0.275019
AACTGAGGTCAGCGTC-1,0.101773,0.218852,0.030302,0.209965,0.063806,0.178218,0.02896,0.051845,0.116279
AACTGAGTTATACTGA-1,0.000044,0.047211,0.000044,0.059655,0.002522,0.000044,0.000087,0.881499,0.008896
AACTGATATTAGGCCT-1,0.000089,0.028659,0.000089,0.077422,0.309243,0.00227,0.429108,0.050735,0.102387
AACTGGGTCCCGACGT-1,0.000064,0.105078,0.000064,0.2437,0.169105,0.00744,0.390706,0.064678,0.019166
AACTGGGTTCGAGCCG-1,0.144777,0.098804,0.000048,0.261632,0.381062,0.041037,0.043412,0.029179,0.000048
AACTGGTGTGGGCCTT-1,0.000079,0.188843,0.00156,0.40067,0.309534,0.000048,0.06724,0.000048,0.031978
AACTTCTGCGTCTATC-1,0.019701,0.431132,0.000043,0.024045,0.344567,0.058661,0.072233,0.000043,0.049576
AACTTGCCCGTATGCA-1,0.019046,0.336641,0.000055,0.270389,0.066996,0.122912,0.021784,0.048935,0.113242
AACTTGCGTTCTCGCG-1,0.057031,0.382693,0.000055,0.012952,0.312368,0.037018,0.165613,0.000055,0.032214
AACTTTACGGGAGCTT-1,0.15719,0.721972,0.000055,0.000055,0.000055,0.000055,0.00011,0.000055,0.120452
AACTTTAGCTGCTGAG-1,0.000079,0.022392,0.000079,0.151467,0.313593,0.016433,0.440027,0.055852,0.000079
AACTTTCTCGATCATG-1,0.026158,0.097434,0.155679,0.075873,0.30494,0.173424,0.000058,0.166405,0.000029
AAGAAAGTTTGATGGG-1,0.222168,0.56565,0.000058,0.000058,0.000058,0.000058,0.000115,0.191968,0.019868
AAGAAATCACCAGATT-1,0.068885,0.081328,0.375489,0.000019,0.030502,0.115621,0.072099,0.168583,0.087474
AAGAAGGATCAGTTAG-1,0.018051,0.177043,0.000047,0.058388,0.220857,0.111334,0.414186,0.000047,0.000047
AAGACATACGTGGTTT-1,0.005916,0.000969,0.298061,0.00001,0.003628,0.04605,0.045634,0.12165,0.478081
AAGACCAAATAACTCA-1,0.142982,0.048886,0.019383,0.000031,0.001428,0.060198,0.104683,0.622357,0.000051
AAGACCCAACTGAACA-1,0.056851,0.31284,0.002047,0.239648,0.24505,0.005585,0.083944,0.000049,0.053987
AAGACTAACCCGTTGT-1,0.005485,0.076,0.039239,0.002547,0.814078,0.000048,0.062507,0.000048,0.000048
AAGACTCACGCCCACT-1,0.10742,0.103851,0.099845,0.11296,0.157522,0.091224,0.29845,0.009521,0.019207
AAGACTGCAAGCTACT-1,0.000219,0.397606,0.000219,0.000219,0.000219,0.000219,0.254742,0.000219,0.346335
AAGAGATGAATCGGTA-1,0.000062,0.427727,0.000062,0.000062,0.440704,0.028773,0.001118,0.015453,0.08604
AAGAGCTCTTTATCGG-1,0.000032,0.000032,0.169924,0.008367,0.057976,0.000032,0.740522,0.010456,0.012659
AAGAGGATGTACGCGA-1,0.000052,0.729587,0.000052,0.000052,0.117649,0.078369,0.054236,0.019951,0.000052
AAGAGGCATGGATCGC-1,0.040897,0.204627,0.000048,0.343034,0.305744,0.000304,0.105251,0.000048,0.000048
AAGAGGCCCTTTGGAA-1,0.048855,0.072858,0.442232,0.060389,0.025853,0.015622,0.275484,0.052427,0.00628
AAGATGGCACCGGACC-1,0.26424,0.714098,0.000032,0.000032,0.003518,0.000914,0.017103,0.000032,0.000032
AAGATTGGCGGAACGT-1,0.003416,0.06678,0.00002,0.088767,0.052672,0.011334,0.764565,0.00002,0.012426
AAGCACCCTGCGTATC-1,0.025304,0.01779,0.016752,0.099509,0.81272,0.000053,0.027766,0.000053,0.000053
AAGCATACTCTCCTGA-1,0.085201,0.461676,0.000136,0.113637,0.000136,0.000136,0.162555,0.07359,0.102933
AAGCCACTTGCAGGTA-1,0.420068,0.0599,0.014896,0.029631,0.00003,0.100142,0.160976,0.00003,0.214327
AAGCCGAAGCGGTTTA-1,0.247945,0.018653,0.13099,0.166484,0.004839,0.177031,0.136909,0.10063,0.016518
AAGCCGCCGTGAAATC-1,0.025005,0.025009,0.025004,0.025008,0.77494,0.025007,0.050016,0.02501,0.025002
AAGCCGCTTTACCTTG-1,0.018149,0.018174,0.371053,0.224288,0.03435,0.087898,0.099979,0.08928,0.056827
AAGCCGGAGAGCAGGA-1,0.000825,0.073361,0.000033,0.000033,0.00024,0.000033,0.000066,0.918861,0.006548
AAGCGCAGGGCTTTGA-1,0.019625,0.000014,0.488416,0.202062,0.109433,0.004253,0.082635,0.019566,0.073996
AAGCGGAGTGCGCGCA-1,0.0079,0.079901,0.039838,0.068854,0.110691,0.037053,0.010607,0.377863,0.267293
AAGCGGCGTCATGGGT-1,0.33151,0.274941,0.002982,0.069933,0.063075,0.073513,0.15266,0.004379,0.027007
AAGCGTCCCTCATCGA-1,0.070256,0.151147,0.003115,0.352373,0.032864,0.269404,0.09933,0.005112,0.016399
AAGCTAGATCGAGTAA-1,0.028471,0.326636,0.000161,0.097328,0.000161,0.000161,0.220527,0.010694,0.315863
AAGCTATGGATTGACC-1,0.050527,0.045062,0.000056,0.000056,0.000056,0.045356,0.088622,0.453643,0.316622
AAGCTCGTGCCAAGTC-1,0.000074,0.176364,0.000074,0.393717,0.374276,0.000074,0.055272,0.000074,0.000074
AAGCTCTTTCATGGTG-1,0.224571,0.108551,0.028365,0.162539,0.304357,0.00006,0.160231,0.011265,0.00006
AAGGAGCGGTTGGTGC-1,0.105197,0.474344,0.000078,0.058483,0.203682,0.000078,0.157983,0.000078,0.000078
AAGGATCGATCGCTTG-1,0.038802,0.186622,0.103267,0.227755,0.077634,0.217219,0.123584,0.025096,0.000023
AAGGATGAGGGACCTC-1,0.072686,0.135232,0.002171,0.26973,0.128085,0.010822,0.381218,0.000029,0.000029
AAGGCAGGCTGTCTCC-1,0.120741,0.262368,0.023922,0.000046,0.055603,0.004477,0.000091,0.532706,0.000046
AAGGCGCGTAAAGCTT-1,0.000032,0.080081,0.000032,0.01897,0.265224,0.416597,0.139191,0.010192,0.069681
AAGGCTGTGCTCATCG-1,0.04476,0.351745,0.00009,0.00009,0.000419,0.00009,0.574138,0.00009,0.028578
AAGGGAACGACTGGCT-1,0.362168,0.178032,0.159655,0.000014,0.081144,0.030208,0.057236,0.030522,0.101021
AAGGGACAGATTCTGT-1,0.156341,0.213437,0.017678,0.010225,0.117607,0.098139,0.379152,0.007399,0.000022
AAGGGACTATGCATTC-1,0.072266,0.639382,0.000042,0.043546,0.000069,0.001415,0.000085,0.019804,0.223391
AAGGGTTAGCCATGCG-1,0.191997,0.689583,0.000087,0.000087,0.000087,0.000087,0.000175,0.117809,0.000087
AAGGGTTTGATTTCAG-1,0.000055,0.000055,0.000055,0.000055,0.000055,0.000055,0.00011,0.796452,0.203107
AAGGTATCCTAATATA-1,0.000025,0.000025,0.095643,0.049374,0.112039,0.052534,0.660886,0.000025,0.029448
AAGGTGATAAACCAGC-1,0.09428,0.180344,0.000604,0.000024,0.125631,0.439053,0.142621,0.017418,0.000024
AAGTAGAAGACCGGGT-1,0.014077,0.108034,0.003531,0.000031,0.137494,0.084788,0.634315,0.000031,0.017701
AAGTAGTGACGCGAGG-1,0.000077,0.786055,0.000077,0.095847,0.082699,0.000077,0.000154,0.034937,0.000077
AAGTCAATTGTCGTCA-1,0.135787,0.2393,0.087077,0.09474,0.050763,0.151274,0.145004,0.058857,0.037199
AAGTCTAGTAGCTGCC-1,0.000008,0.000008,0.558966,0.000008,0.002818,0.030507,0.300623,0.041272,0.06579
AAGTCTTCTGTGGCCT-1,0.337419,0.364963,0.005473,0.018321,0.010024,0.000036,0.000072,0.263657,0.000036
AAGTGACGACCGAATT-1,0.003996,0.230519,0.000025,0.000025,0.17471,0.093859,0.496816,0.000025,0.000025
AAGTGAGTCGGGTTTA-1,0.071164,0.063841,0.014778,0.011699,0.250699,0.003031,0.584724,0.000032,0.000032
AAGTGCAAAGGTAGAC-1,0.006591,0.714846,0.000054,0.04057,0.004215,0.000054,0.019776,0.067336,0.146558
AAGTGCCTTGACTGTA-1,0.019302,0.360604,0.016024,0.29482,0.087157,0.13243,0.000072,0.04056,0.049032
AAGTGCGTTAGAATCT-1,0.000044,0.639203,0.000044,0.174891,0.049231,0.075837,0.000089,0.060616,0.000044
AAGTGCTTCTCTATTG-1,0.253437,0.000016,0.081582,0.259867,0.000016,0.000016,0.042123,0.001027,0.361916
AAGTGTTTGGAGACGG-1,0.083578,0.371833,0.000051,0.142627,0.372168,0.002464,0.027178,0.000051,0.000051
AAGTTCACTCCAAGCT-1,0.263693,0.081701,0.052952,0.020903,0.063048,0.028174,0.372981,0.00004,0.116509
AAGTTCAGTCTGCGTA-1,0.123645,0.50117,0.000039,0.000039,0.096065,0.105754,0.089454,0.049022,0.034811
AAGTTCGGCCAACAGG-1,0.208875,0.300846,0.000417,0.007308,0.051266,0.182553,0.192102,0.000034,0.056598
AAGTTGTGATGTTATA-1,0.018906,0.080984,0.431987,0.003968,0.124929,0.03916,0.13441,0.065842,0.099812
AAGTTTATGGGCCCAA-1,0.207701,0.059209,0.51033,0.023011,0.056128,0.000045,0.00009,0.008363,0.135123
AATAACAACGCTCGGC-1,0.007507,0.288039,0.000023,0.040309,0.022194,0.111284,0.530596,0.000025,0.000023
AATAACACTAGAACAA-1,0.064708,0.026756,0.033831,0.293466,0.00039,0.023094,0.510516,0.000015,0.047225
AATAACGTCGCGCCCA-1,0.440545,0.317618,0.000197,0.000036,0.000036,0.000036,0.187388,0.000036,0.05411
AATAAGTCCTCGAGAC-1,0.000033,0.000033,0.072351,0.145234,0.252555,0.008548,0.436172,0.055793,0.029281
AATAATCTTCGTATCG-1,0.000022,0.000022,0.404854,0.010923,0.139588,0.05744,0.052989,0.322697,0.011464
AATACAATGTTTCAGG-1,0.001728,0.943869,0.000081,0.009299,0.000081,0.000081,0.000162,0.010788,0.03391
AATACCGGAGGGCTGT-1,0.56616,0.031639,0.02833,0.000068,0.238735,0.017783,0.087103,0.021571,0.008611
AATACCTGATGTGAAC-1,0.480991,0.020785,0.001676,0.094774,0.000022,0.116909,0.017985,0.016655,0.250203
AATAGAACAGAGTGGC-1,0.257239,0.411031,0.000085,0.238836,0.026785,0.000085,0.027407,0.000085,0.038447
AATAGAATCTGTTTCA-1,0.194743,0.108712,0.016249,0.009569,0.02377,0.001731,0.46542,0.00034,0.179465
AATAGCAAGCCTCCTG-1,0.073342,0.016116,0.04117,0.000038,0.078829,0.287361,0.500291,0.002833,0.00002
AATAGCTACCGCGTGC-1,0.136686,0.184698,0.273723,0.022344,0.013537,0.115174,0.238221,0.015596,0.00002
AATAGGCACGACCCTT-1,0.034592,0.655342,0.00003,0.00003,0.00003,0.00003,0.309887,0.00003,0.00003
AATAGTCCGTCCCGAC-1,0.000051,0.000051,0.021617,0.161539,0.000051,0.017199,0.429404,0.000051,0.370038
AATAGTCGCGAGTCGG-1,0.090047,0.469173,0.000062,0.000026,0.064956,0.229391,0.094674,0.046218,0.005452
AATATCAAGGTCGGAT-1,0.000078,0.568701,0.000078,0.024863,0.323244,0.000078,0.000157,0.000078,0.082721
AATATCCTAGCAAACT-1,0.000035,0.000035,0.000035,0.000035,0.000035,0.000035,0.000071,0.692733,0.306984
AATATCGAATCAATGC-1,0.05387,0.070251,0.290818,0.192099,0.013763,0.029556,0.240109,0.107693,0.001842
AATATCGAGGGTTCTC-1,0.10911,0.458315,0.000043,0.241116,0.097298,0.051527,0.016849,0.025697,0.000043
AATATTGGAGTATTGA-1,0.037774,0.350275,0.000063,0.052988,0.042248,0.34311,0.126935,0.038946,0.007662
AATCAGACTGCAGGAC-1,0.128987,0.052677,0.026462,0.160946,0.184735,0.001636,0.441992,0.000035,0.00253
AATCAGGTTTCATTTA-1,0.560008,0.110506,0.101044,0.004134,0.031169,0.034896,0.005645,0.043633,0.108965
AATCATGTAAAGACTC-1,0.077311,0.066627,0.028508,0.000014,0.013724,0.342363,0.466979,0.000014,0.00446
AATCCAAGGGCCTGAG-1,0.010187,0.168103,0.000045,0.167128,0.559287,0.000056,0.095104,0.000045,0.000045
AATCCATGCAAGGGTG-1,0.000059,0.502402,0.000059,0.092933,0.39465,0.000059,0.009718,0.000059,0.000059
AATCCCGCTCAGAGCC-1,0.236011,0.672941,0.000071,0.028946,0.000071,0.000071,0.056875,0.000071,0.004944
AATCGAGGTCTCAAGG-1,0.14669,0.187326,0.000029,0.000029,0.000029,0.000029,0.665809,0.000029,0.000029
AATCGCCTCAGCGCCA-1,0.057412,0.047394,0.035495,0.049264,0.422589,0.011635,0.376127,0.000042,0.000042
AATCGCGCAGAGGACT-1,0.217509,0.449199,0.079733,0.003181,0.000049,0.000049,0.000099,0.176872,0.073307
AATCGGTATAGCCCTC-1,0.256232,0.367674,0.000035,0.000035,0.000035,0.000035,0.00007,0.104196,0.271688
AATCGTGAGCCGAGCA-1,0.334134,0.021761,0.155007,0.094398,0.168976,0.050029,0.175553,0.000124,0.000017
AATCTAGGTTTACTTG-1,0.000058,0.666714,0.000058,0.000058,0.000058,0.000058,0.000116,0.33282,0.000058
AATCTATGCCGGAGCC-1,0.20502,0.468917,0.095448,0.00104,0.006412,0.12964,0.014754,0.041369,0.0374
AATCTCTACTGTGGTT-1,0.104242,0.352716,0.00009,0.00009,0.00009,0.00009,0.000179,0.542413,0.00009
AATCTGCGTTGGGACG-1,0.270212,0.370536,0.00005,0.03374,0.00005,0.010998,0.147252,0.009689,0.157472
AATCTGGCTTTCTAGT-1,0.031437,0.377593,0.000048,0.179263,0.000048,0.000048,0.000097,0.389365,0.022099
AATCTGGGTAGACCCT-1,0.107698,0.061422,0.06504,0.125018,0.420876,0.076793,0.088234,0.018716,0.036203
AATGACAGCAATGTCT-1,0.051847,0.406832,0.000041,0.000041,0.048385,0.237158,0.237591,0.000041,0.018065
AATGACGTAGGATGTC-1,0.004649,0.004664,0.066728,0.268938,0.10833,0.000179,0.517802,0.00003,0.028681
AATGACTGTCAGCCGG-1,0.00711,0.065276,0.000033,0.132532,0.48141,0.030555,0.283016,0.000033,0.000033
AATGAGTTCGCATATG-1,0.011722,0.421533,0.000061,0.047385,0.262117,0.008039,0.145805,0.000061,0.103276
AATGATGATACGCTAT-1,0.187333,0.195101,0.000026,0.272493,0.016369,0.036127,0.238882,0.053643,0.000026
AATGATGCGACTCCTG-1,0.045938,0.130586,0.010891,0.007308,0.05931,0.270458,0.45953,0.000024,0.015955
AATGCAACCGGGTACC-1,0.013552,0.142492,0.015811,0.306285,0.248924,0.000041,0.24754,0.000041,0.025313
AATGCACCAAGCAATG-1,0.000008,0.000008,0.134163,0.039771,0.000999,0.043789,0.729937,0.000008,0.051316
AATGGCCGCCAATGCG-1,0.047651,0.150051,0.229475,0.014657,0.15082,0.15293,0.018486,0.195724,0.040206
AATGGTCCACCGTTCA-1,0.021063,0.733407,0.000132,0.001469,0.000132,0.000132,0.154423,0.000132,0.089107
AATGGTTCTCACAAGC-1,0.080961,0.406136,0.000057,0.020482,0.393771,0.097433,0.001047,0.000057,0.000057
AATGTATGGCACTGTA-1,0.000032,0.000032,0.000032,0.431003,0.000032,0.000032,0.000064,0.330024,0.238751
AATGTGCCCGAGGTGT-1,0.040553,0.281949,0.000039,0.28763,0.007392,0.263824,0.091197,0.027377,0.000039
AATGTGCTAATCTGAG-1,0.246622,0.009827,0.153326,0.110178,0.114279,0.254869,0.047089,0.016411,0.047398
AATGTTAAGACCCTGA-1,0.267292,0.119363,0.000808,0.001382,0.000021,0.000021,0.220258,0.000021,0.390833
AATGTTGTCGTGAGAC-1,0.231527,0.199678,0.28579,0.013131,0.002506,0.01704,0.078441,0.047322,0.124565
AATTAAAGGTCGGCGT-1,0.0135,0.221284,0.000072,0.467003,0.133851,0.000072,0.164071,0.000072,0.000072
AATTAACGGATTTCCA-1,0.000141,0.150576,0.000141,0.093471,0.079515,0.000141,0.000283,0.02034,0.655391
AATTACGAGACCCATC-1,0.000048,0.060663,0.000048,0.000048,0.021373,0.000048,0.000096,0.917627,0.000048
AATTACTCGTACGCTC-1,0.120434,0.16006,0.008273,0.082749,0.409543,0.102162,0.050968,0.028772,0.03704
AATTAGCGCTGCAGCG-1,0.000088,0.420374,0.000088,0.352056,0.135339,0.000088,0.000177,0.0917,0.000088
AATTATACCCAGCAAG-1,0.534805,0.24558,0.003525,0.000028,0.000028,0.007872,0.025673,0.000028,0.182461
AATTCATAAGGGATCT-1,0.063256,0.35521,0.055484,0.006958,0.215701,0.026778,0.274834,0.001741,0.000038
AATTCATTGTCATGCA-1,0.000033,0.000033,0.000033,0.11485,0.001111,0.000033,0.000065,0.346066,0.537777
AATTCCAACTTGGTGA-1,0.294965,0.324876,0.000053,0.000212,0.290688,0.004666,0.062974,0.004322,0.017246
AATTCCAAGCATGTAC-1,0.096788,0.037415,0.330609,0.031613,0.092874,0.000031,0.191364,0.000031,0.219275
AATTCGATTCGAGGAT-1,0.18395,0.009513,0.373313,0.065249,0.273907,0.001054,0.020523,0.041711,0.030781
AATTCTAGAGTTAGGC-1,0.000088,0.29195,0.000088,0.595639,0.024879,0.000088,0.000176,0.087004,0.000088
AATTGAACGCTCTGGT-1,0.045988,0.035251,0.026423,0.176395,0.073784,0.03564,0.545204,0.000035,0.06128
AATTGCAGCAATCGAC-1,0.097467,0.115719,0.200836,0.046786,0.035851,0.092133,0.348843,0.041466,0.020897
AATTGCGTGGATTACA-1,0.000038,0.161636,0.000038,0.009153,0.011073,0.000038,0.000076,0.679961,0.137986
AATTGTGGTTGCCAAA-1,0.146114,0.118242,0.166739,0.005606,0.040987,0.088842,0.029719,0.403731,0.000019
AATTTGGGACATAGTA-1,0.060092,0.263899,0.000054,0.000054,0.207714,0.016175,0.451905,0.000054,0.000054
ACAAACCATGCGTCCT-1,0.129147,0.466562,0.018796,0.000026,0.019563,0.002018,0.020515,0.041524,0.301848
ACAAACCGACAAGGCG-1,0.000045,0.341727,0.000045,0.493421,0.154876,0.000045,0.009751,0.000045,0.000045
ACAAACTCCATCAGAG-1,0.379703,0.175524,0.00002,0.00631,0.00002,0.00002,0.412224,0.00002,0.026159
ACAAAGAAGGTAGGCC-1,0.002249,0.000025,0.061797,0.00696,0.000232,0.018856,0.037575,0.714139,0.158167
ACAAAGCATGACCTAG-1,0.310324,0.070961,0.188371,0.021489,0.019979,0.164808,0.076085,0.07354,0.074443
ACAAATCGCACCGAAT-1,0.071008,0.032056,0.056052,0.059892,0.125178,0.045953,0.609815,0.000023,0.000023
ACAAATGGTAGTGTTT-1,0.020015,0.031273,0.002899,0.098032,0.054598,0.491929,0.180969,0.000028,0.120257
ACAAATTCAGATCTGA-1,0.243943,0.05695,0.055127,0.008628,0.189036,0.315887,0.106117,0.020508,0.003804
ACAACAGCATGAGCTA-1,0.00006,0.105105,0.00006,0.79406,0.00006,0.00006,0.000121,0.039867,0.060606
ACAACGGTCCCTGCGA-1,0.000054,0.580999,0.000054,0.129671,0.208346,0.000054,0.000108,0.08066,0.000054
ACAAGCAGTGCCTAGC-1,0.000044,0.572306,0.000044,0.001773,0.345382,0.030803,0.043773,0.00583,0.000044
ACAAGCTATATGGAAG-1,0.096112,0.407391,0.029717,0.000024,0.040802,0.001409,0.035058,0.057748,0.33174
ACAAGGAAATCCGCCC-1,0.021908,0.194931,0.139251,0.023411,0.511488,0.029651,0.064259,0.015054,0.000047
ACAAGGACAAGAGGTT-1,0.003487,0.314232,0.000041,0.016931,0.431868,0.134528,0.023389,0.057953,0.017571
ACAAGGATGCTTTAGG-1,0.274947,0.369958,0.000036,0.046566,0.088019,0.117632,0.040539,0.062269,0.000036
ACAAGGCCTACCAGCC-1,0.096351,0.020704,0.059178,0.08526,0.016215,0.458547,0.250165,0.000019,0.01356
ACAAGGGCAGGCTCTG-1,0.000023,0.000023,0.08992,0.544796,0.035919,0.001888,0.327385,0.000023,0.000023
ACAAGTAATTGTAAGG-1,0.002728,0.186927,0.000019,0.000019,0.015008,0.007294,0.787967,0.000019,0.000019
ACAATAGTCGTACGTT-1,0.011628,0.462317,0.000064,0.000064,0.346625,0.01189,0.003966,0.163382,0.000064
ACAATCCATTTAAACC-1,0.000051,0.6193,0.000051,0.064097,0.243929,0.019867,0.000101,0.052554,0.000051
ACAATGAATACGGAGA-1,0.014014,0.654843,0.000037,0.225964,0.024717,0.030042,0.024691,0.000037,0.025655
ACAATGATTCTTCTAC-1,0.197726,0.08768,0.073579,0.013844,0.106385,0.214543,0.090754,0.171348,0.044142
ACAATTGTGTCTCTTT-1,0.065072,0.020002,0.065625,0.00191,0.058811,0.231873,0.535961,0.020732,0.000014
ACAATTTAGGAGGCTC-1,0.007775,0.579522,0.00007,0.170359,0.00007,0.00007,0.00014,0.135965,0.106027
ACAATTTGAGCAGTGG-1,0.00004,0.000027,0.037095,0.101017,0.040857,0.005348,0.815561,0.000027,0.000027
ACAATTTGGCCATATT-1,0.046095,0.000073,0.000073,0.000073,0.013205,0.000073,0.000147,0.92026,0.019998
ACACAAAGACGGGTGG-1,0.078522,0.109118,0.029122,0.018246,0.386466,0.000034,0.378425,0.000034,0.000034
ACACAAATATTCCTAG-1,0.027929,0.031803,0.412158,0.007962,0.141342,0.089811,0.206987,0.081993,0.000015
ACACACCAGGACCAGT-1,0.034696,0.187732,0.020547,0.013615,0.174738,0.332927,0.223808,0.000032,0.011906
ACACACTTTCTACACG-1,0.000135,0.086584,0.000135,0.208049,0.20434,0.000135,0.372646,0.12616,0.001815
ACACATGATCAAATCT-1,0.031067,0.305724,0.000029,0.296897,0.000029,0.000029,0.000059,0.125807,0.240358
ACACATTGACGCAACA-1,0.079852,0.03562,0.10795,0.000332,0.231016,0.419297,0.118955,0.00696,0.000018
ACACATTTCCGTAGAC-1,0.000082,0.000082,0.000082,0.625773,0.000082,0.000082,0.000164,0.115231,0.25842
ACACCACATAATTAGC-1,0.018103,0.235411,0.175281,0.109272,0.067556,0.151477,0.043889,0.166603,0.032408
ACACCCAGCATGCAGC-1,0.000045,0.117203,0.000045,0.531579,0.331775,0.000045,0.019216,0.000045,0.000045
ACACCCGAGAAATCCG-1,0.000015,0.000015,0.03993,0.000233,0.078694,0.245248,0.589717,0.000015,0.046132
ACACCCGTAAATCTGT-1,0.160307,0.189382,0.12512,0.001579,0.008255,0.011988,0.03317,0.072422,0.397777
ACACCGAGCGCTCTTT-1,0.064557,0.505477,0.013449,0.003629,0.101126,0.179489,0.000071,0.132167,0.000036
ACACCGGTCTGACCGC-1,0.179188,0.086513,0.257625,0.000015,0.00882,0.008726,0.333171,0.000315,0.125627
ACACCTTAAGTAGGGC-1,0.001924,0.22561,0.000059,0.14818,0.519136,0.00087,0.007844,0.008154,0.088224
ACACCTTACTACTTGC-1,0.044908,0.050879,0.500796,0.000859,0.112054,0.063297,0.170168,0.057021,0.000019
ACACGAGACTCCTTCT-1,0.00005,0.00005,0.00005,0.717344,0.027178,0.109165,0.123247,0.022865,0.00005
ACACGGCACTATGCAT-1,0.000035,0.000035,0.006656,0.233874,0.243583,0.027671,0.387488,0.07719,0.023469
ACACGGGAACTTAGGG-1,0.000067,0.223862,0.000067,0.668139,0.006618,0.000067,0.000134,0.10098,0.000067
ACACGTAGGCCACAAG-1,0.189867,0.094069,0.191718,0.000026,0.007653,0.058763,0.029459,0.130186,0.298259
ACACTCCAATGTCACT-1,0.147903,0.328076,0.000047,0.135017,0.115518,0.063781,0.209563,0.000047,0.000047
ACACTGATCAAGGTGT-1,0.001602,0.346343,0.000051,0.03697,0.221093,0.003264,0.390575,0.000051,0.000051
ACACTGGGACAGTCGT-1,0.033165,0.003514,0.31323,0.236074,0.001007,0.145482,0.040374,0.227133,0.000022
ACAGAACTGAGAACAA-1,0.113893,0.77655,0.00005,0.00005,0.002601,0.00005,0.009148,0.00005,0.097608
ACAGATTAGGTTAGTG-1,0.000079,0.000079,0.000079,0.163554,0.297478,0.003153,0.500752,0.022029,0.012798
ACAGCATAGAGCCAGT-1,0.000203,0.731574,0.000203,0.147191,0.000203,0.000203,0.053597,0.066624,0.000203
ACAGCGACATTCTCAT-1,0.263152,0.124904,0.135238,0.012275,0.285144,0.074529,0.029529,0.075199,0.00003
ACAGCGCACCCGCAGC-1,0.000046,0.005335,0.011699,0.26175,0.171895,0.000046,0.207527,0.160088,0.181614
ACAGGAGGCGCAGCCG-1,0.520731,0.240294,0.00256,0.000027,0.020792,0.094106,0.076861,0.000027,0.0446
ACAGGCACGGATCCTT-1,0.401891,0.000491,0.193286,0.000011,0.000497,0.275921,0.027215,0.000017,0.100671
ACAGGCTTGCCCGACT-1,0.277747,0.063709,0.02566,0.000041,0.015772,0.182111,0.298428,0.006419,0.130114
ACAGGTGGAGGTGAGG-1,0.097142,0.42421,0.000047,0.130536,0.321378,0.010844,0.015751,0.000047,0.000047
ACAGGTGTGTTGTTGC-1,0.205485,0.3844,0.007058,0.165128,0.003121,0.000024,0.000048,0.181328,0.053407
ACAGTAATACAACTTG-1,0.043792,0.640784,0.000055,0.000055,0.000055,0.000055,0.000109,0.315042,0.000055
ACAGTATACCGTGGGA-1,0.133665,0.297768,0.091134,0.003822,0.233264,0.15418,0.022263,0.063866,0.000037
ACAGTGCAGCGCATTT-1,0.027686,0.021649,0.240435,0.005176,0.057693,0.273089,0.256837,0.011927,0.105508
ACATAAGTCGTGGTGA-1,0.000082,0.084106,0.000082,0.116067,0.000082,0.000082,0.000164,0.680069,0.119266
ACATAATAAGGCGGTG-1,0.000094,0.453825,0.000094,0.537179,0.008338,0.000094,0.000188,0.000094,0.000094
ACATACAATCAAGCGG-1,0.104071,0.341127,0.000033,0.000033,0.000033,0.014173,0.540463,0.000033,0.000033
ACATCAGCTGGGACGC-1,0.021267,0.835534,0.000155,0.000155,0.000155,0.000155,0.00031,0.00908,0.133189
ACATCCCGGCCATACG-1,0.000096,0.01127,0.000096,0.009076,0.034218,0.000096,0.241183,0.017243,0.686722
ACATCCTGGTAACTGT-1,0.286998,0.169652,0.151365,0.008333,0.017682,0.118997,0.1189,0.017277,0.110796
ACATCGATCGTTTACC-1,0.000052,0.035771,0.043363,0.234378,0.285036,0.035263,0.333461,0.000052,0.032624
ACATCGCAATATTCGG-1,0.091017,0.384195,0.000036,0.000036,0.000036,0.000036,0.524571,0.000036,0.000036
ACATCGGTCAGCCGCG-1,0.015561,0.068743,0.004058,0.044492,0.153283,0.429766,0.284045,0.000027,0.000027
ACATCGTATGCAATGG-1,0.023785,0.000177,0.004095,0.422841,0.009443,0.14078,0.373073,0.000024,0.025782
ACATCGTTAACCTAGT-1,0.000071,0.223125,0.000071,0.682868,0.001776,0.000071,0.000142,0.091806,0.000071
ACATCTCAACGCGTAA-1,0.004788,0.465862,0.000129,0.197375,0.000517,0.000129,0.022195,0.04999,0.259017
ACATGCTTACGGCAGC-1,0.236158,0.115194,0.01623,0.216362,0.00003,0.052576,0.066784,0.003658,0.293008
ACATGGCGCCAAAGTA-1,0.145024,0.352831,0.084238,0.00009,0.235564,0.098211,0.011052,0.072964,0.000025
ACATGGCTCAATTTAG-1,0.13736,0.223672,0.016291,0.101092,0.228025,0.10677,0.165442,0.001573,0.019774
ACATTAGTTTATATCC-1,0.000073,0.084955,0.000073,0.164646,0.724604,0.000073,0.025429,0.000073,0.000073
ACATTCGCGCGGAATA-1,0.128591,0.000071,0.091384,0.005438,0.000015,0.223924,0.142811,0.00018,0.407587
ACATTTGAAACCTAAC-1,0.264093,0.437871,0.000038,0.015456,0.000038,0.000038,0.000076,0.021901,0.260488
ACCAAACACCCAGCGA-1,0.062732,0.199012,0.254341,0.117541,0.101448,0.185907,0.043165,0.007823,0.028031
ACCAACACCACACACT-1,0.009643,0.002535,0.107528,0.001293,0.027095,0.240473,0.611419,0.000008,0.000008
ACCAACCGCACTCCAC-1,0.238873,0.091633,0.160411,0.054078,0.070754,0.254013,0.079027,0.051201,0.00001
ACCAACGCTTATTTAT-1,0.087284,0.100762,0.036632,0.000342,0.386529,0.006544,0.32309,0.000047,0.058771
ACCAAGAACGCGTGTC-1,0.068819,0.253904,0.00006,0.127809,0.234147,0.001148,0.20705,0.003136,0.103927
ACCAAGTCATCGGCAG-1,0.570359,0.200439,0.047594,0.075784,0.000022,0.000595,0.075356,0.00028,0.029572
ACCAATATGCAAGTTA-1,0.039263,0.039307,0.053284,0.252224,0.2262,0.036078,0.332849,0.000038,0.020756
ACCACAACTCAGAACA-1,0.000019,0.000019,0.269969,0.000019,0.030201,0.002064,0.697672,0.000019,0.000019
ACCACAAGTTTCTATC-1,0.009612,0.10318,0.000053,0.001834,0.881359,0.000053,0.003804,0.000053,0.000053
ACCACACGGTTGATGG-1,0.406933,0.04986,0.032445,0.000022,0.000022,0.000022,0.473314,0.000022,0.037359
ACCACCAATGTAACAA-1,0.003131,0.000383,0.320677,0.000009,0.024844,0.136582,0.514357,0.000009,0.000009
ACCACCCTCTCTTCTA-1,0.01572,0.094817,0.397943,0.003777,0.138882,0.120088,0.005482,0.14803,0.07526
ACCACGTGCAGCTATA-1,0.000798,0.001853,0.050479,0.246612,0.066851,0.07975,0.49408,0.003211,0.056367
ACCACTGTTCAAGAAG-1,0.064644,0.07165,0.092453,0.041798,0.247951,0.339408,0.027965,0.028048,0.086083
ACCAGACCATAACAAC-1,0.175098,0.376916,0.082389,0.000022,0.035026,0.002115,0.000262,0.111002,0.217171
ACCAGCCCGGTCTTTG-1,0.000032,0.000032,0.004226,0.178542,0.283107,0.006065,0.393117,0.089675,0.045205
ACCAGTGCCCGGTCAA-1,0.224113,0.380689,0.003784,0.000032,0.126792,0.189059,0.001812,0.073686,0.000032
ACCAGTGCGGGAGACG-1,0.096971,0.044002,0.055762,0.161485,0.013049,0.359452,0.17717,0.016342,0.075767
ACCATATCCGCAATAA-1,0.002693,0.207619,0.000053,0.158203,0.309935,0.004948,0.22877,0.000053,0.087727
ACCATCCGCCAACTAG-1,0.000064,0.413302,0.000064,0.121167,0.007217,0.000064,0.000129,0.457927,0.000064
ACCATCGTATATGGTA-1,0.024719,0.392543,0.000068,0.000068,0.437905,0.032831,0.11173,0.000068,0.000068
ACCATTAAGGGTGTCA-1,0.158236,0.124102,0.011302,0.185723,0.109833,0.199767,0.033922,0.171108,0.006007
ACCCAACGCCCGTGGC-1,0.272604,0.292989,0.000064,0.11673,0.028931,0.000064,0.288489,0.000064,0.000064
ACCCACCTACATGCTC-1,0.000052,0.418672,0.000052,0.415101,0.043579,0.000052,0.000105,0.099196,0.02319
ACCCATCTTGAGGGTA-1,0.012418,0.02091,0.011699,0.103594,0.271996,0.213146,0.326476,0.037123,0.002637
ACCCATTTGTCCCTCT-1,0.228971,0.112451,0.177786,0.079786,0.010517,0.216759,0.092401,0.081297,0.000032
ACCCGAGCGAAATTAC-1,0.098903,0.719196,0.001353,0.000029,0.042203,0.055035,0.012581,0.000029,0.070671
ACCCGATTGGTTCCGA-1,0.001761,0.000006,0.037488,0.000006,0.000006,0.000006,0.682716,0.000006,0.278004
ACCCGGAAACTCCCAG-1,0.082648,0.33038,0.000119,0.394087,0.000119,0.000119,0.009893,0.064461,0.118175
ACCCGGAGCACCACAA-1,0.034273,0.109541,0.00003,0.00003,0.058211,0.07585,0.002723,0.719313,0.00003
ACCCGGATGACGCATC-1,0.054783,0.222826,0.001661,0.189425,0.14343,0.157257,0.216963,0.013629,0.000027
ACCCGGTTACACTTCC-1,0.000061,0.342637,0.000061,0.490613,0.16632,0.000061,0.000123,0.000061,0.000061
ACCCGTAGCAGAGAAT-1,0.285934,0.233432,0.000051,0.000051,0.000051,0.000051,0.000102,0.213353,0.266974
