Barcode,Topic 1,Topic 2to3,Topic 4to6,Topic 7,Topic 8to10,Topic 11,Topic 12
AAACAACGAATAGTTC-1,0.00002,0.343551,0.096398,0.211604,0.334363,0.00002,0.014045
AAACAAGTATCTCCCA-1,0.065017,0.361012,0.047734,0.247191,0.199569,0.0047,0.074778
AAACAATCTACTAGCA-1,0.023169,0.074826,0.201948,0.292204,0.329316,0.000015,0.078523
AAACACCAATAACTGC-1,0.065705,0.294835,0.080829,0.360089,0.084437,0.041053,0.073052
AAACAGAGCGACTCCT-1,0.006815,0.001022,0.963824,0.006,0.022303,0.000018,0.000018
AAACAGCTTTCAGAAG-1,0.0001,0.046513,0.094448,0.14127,0.713238,0.00143,0.003
AAACAGGGTCTATATT-1,0.005674,0.436203,0.121417,0.200226,0.177643,0.041941,0.016896
AAACAGTGTTCCTGGG-1,0.03525,0.037151,0.014962,0.000021,0.000062,0.572615,0.339939
AAACATGGTGAGAGGA-1,0.14989,0.057899,0.293139,0.142131,0.228269,0.049049,0.079623
AAACATTTCCCGGATT-1,0.096205,0.281031,0.101343,0.127685,0.049579,0.165032,0.179126
AAACCACTACACAGAT-1,0.000015,0.046236,0.713626,0.011433,0.22866,0.000015,0.000015
AAACCCGAACGAAATC-1,0.011502,0.076829,0.17601,0.316149,0.363627,0.050913,0.00497
AAACCGGAAATGTTAA-1,0.013709,0.449287,0.198298,0.093961,0.195879,0.003645,0.045221
AAACCGGGTAGGTACC-1,0.000606,0.486352,0.252021,0.146924,0.052182,0.057649,0.004266
AAACCGTTCGTCCAGG-1,0.013899,0.383451,0.010628,0.342406,0.116166,0.016008,0.117441
AAACCTAAGCAGCCGG-1,0.000022,0.280117,0.000067,0.008843,0.000067,0.431769,0.279115
AAACCTCATGAAGTTG-1,0.000025,0.397184,0.496702,0.038576,0.05748,0.000025,0.01001
AAACGAAGAACATACC-1,0.019866,0.415661,0.237434,0.119762,0.207208,0.000034,0.000034
AAACGAAGATGGAGTA-1,0.010759,0.299473,0.077845,0.213513,0.284725,0.088583,0.025102
AAACGACAGTCTTGCC-1,0.019721,0.203754,0.668101,0.04542,0.062968,0.000018,0.000018
AAACGAGACGGTTGAT-1,0.000026,0.159476,0.462733,0.311482,0.066231,0.000026,0.000026
AAACGCCCGAGATCGG-1,0.000028,0.221295,0.597762,0.043381,0.104513,0.000028,0.032992
AAACGCTGGGCACGAC-1,0.068514,0.172986,0.113058,0.128628,0.017135,0.175935,0.323743
AAACGGGCGTACGGGT-1,0.019732,0.24433,0.006077,0.014885,0.018179,0.0469,0.649897
AAACGGGTTGGTATCC-1,0.000046,0.558161,0.033122,0.310905,0.092646,0.000046,0.005074
AAACGGTTGCGAACTG-1,0.004166,0.211395,0.000074,0.000025,0.000074,0.036966,0.747301
AAACGTGTTCGCCCTA-1,0.000042,0.71877,0.280933,0.000042,0.000127,0.000042,0.000042
AAACTAACGTGGCGAC-1,0.000031,0.40206,0.533267,0.045469,0.016592,0.002552,0.000031
AAACTCGGTTCGCAAT-1,0.119299,0.040757,0.000079,0.000026,0.025156,0.23469,0.579994
AAACTCGTGATATAAG-1,0.003682,0.458361,0.517751,0.010445,0.000103,0.009625,0.000034
AAACTGCTGGCTCCAA-1,0.011994,0.053585,0.213721,0.291732,0.302825,0.000013,0.126129
AAACTTAATTGCACGC-1,0.047883,0.322642,0.105117,0.179244,0.203753,0.045631,0.09573
AAACTTGCAAACGTAT-1,0.000793,0.329573,0.194637,0.098943,0.137199,0.238841,0.000013
AAAGAATGACCTTAGA-1,0.344691,0.01524,0.161671,0.038374,0.14694,0.003863,0.289221
AAAGAATGTGGACTAA-1,0.000032,0.1032,0.000096,0.000032,0.000096,0.53977,0.356774
AAAGACATGAAGTTTA-1,0.000043,0.756806,0.152216,0.040954,0.049895,0.000043,0.000043
AAAGACCCAAGTCGCG-1,0.000035,0.311842,0.345709,0.249797,0.08697,0.000035,0.005613
AAAGACTGGGCGCTTT-1,0.265842,0.57898,0.007533,0.00004,0.038882,0.108683,0.00004
AAAGCTTGCCTACATA-1,0.010253,0.299851,0.171818,0.025783,0.492249,0.000023,0.000023
AAAGGCCCTATAATAC-1,0.009858,0.071751,0.050516,0.031884,0.031419,0.667411,0.137161
AAAGGCTACGGACCAT-1,0.231946,0.003628,0.175565,0.002722,0.217369,0.134464,0.234306
AAAGGCTCTCGCGCCG-1,0.061853,0.537583,0.018984,0.151696,0.184225,0.000477,0.045182
AAAGGGATGTAGCAAG-1,0.000104,0.713382,0.097734,0.000104,0.000312,0.18826,0.000104
AAAGGGCAGCTTGAAT-1,0.000026,0.059773,0.77974,0.000026,0.000077,0.160333,0.000026
AAAGGTAAGCTGTACC-1,0.022127,0.059085,0.828406,0.034767,0.055561,0.000027,0.000027
AAAGGTCAACGACATG-1,0.000018,0.194396,0.647131,0.030104,0.128317,0.000018,0.000018
AAAGTAGCATTGCTCA-1,0.001993,0.065613,0.135076,0.604886,0.019602,0.170643,0.002187
AAAGTCACTGATGTAA-1,0.000031,0.253626,0.358224,0.119771,0.268288,0.000031,0.000031
AAAGTCGACCCTCAGT-1,0.013171,0.246286,0.570593,0.036912,0.101285,0.031735,0.000018
AAAGTGCCATCAATTA-1,0.000018,0.488198,0.001623,0.017765,0.009973,0.259911,0.222512
AAAGTGTGATTTATCT-1,0.068332,0.079762,0.136782,0.522595,0.162131,0.022714,0.007683
AAAGTTGACTCCCGTA-1,0.000026,0.364645,0.058803,0.433847,0.041747,0.000026,0.100906
AAATAACCATACGGGA-1,0.000038,0.274934,0.71302,0.001321,0.010612,0.000038,0.000038
AAATAAGGTAGTGCCC-1,0.000023,0.613015,0.119072,0.134708,0.133136,0.000023,0.000023
AAATACCTATAAGCAT-1,0.001886,0.247001,0.052643,0.564,0.085016,0.035238,0.014214
AAATAGCTTAGACTTT-1,0.001381,0.275888,0.210323,0.298512,0.205468,0.000016,0.008413
AAATAGGGTGCTATTG-1,0.035245,0.231877,0.085497,0.108888,0.526525,0.001342,0.010626
AAATCACTCCTAAACG-1,0.103091,0.07724,0.702223,0.034155,0.082636,0.000642,0.000013
AAATCCGATACACGCC-1,0.597914,0.099366,0.102165,0.038515,0.095412,0.014787,0.051841
AAATCGCGGAAGGAGT-1,0.063683,0.056111,0.201307,0.253677,0.378426,0.003626,0.043171
AAATCGTGTACCACAA-1,0.001937,0.302469,0.162553,0.409133,0.099054,0.012758,0.012098
AAATCTAGCCCTGCTA-1,0.204369,0.07991,0.144878,0.046886,0.259592,0.242072,0.022293
AAATCTGCCCGCGTCC-1,0.000027,0.086092,0.000081,0.000027,0.000081,0.000027,0.913667
AAATGACTGATCAAAC-1,0.401928,0.000033,0.00005,0.000017,0.00005,0.000017,0.597906
AAATGATTCGATCAGC-1,0.000191,0.780097,0.000572,0.000191,0.000572,0.218186,0.000191
AAATGCTCGTTACGTT-1,0.000054,0.92931,0.04515,0.000054,0.016103,0.009276,0.000054
AAATGGCATGTCTTGT-1,0.002121,0.199545,0.365971,0.050231,0.312279,0.06982,0.000034
AAATGGCCCGTGCCCT-1,0.000013,0.523996,0.059823,0.285608,0.098654,0.005571,0.026335
AAATGGTCAATGTGCC-1,0.121989,0.283778,0.492709,0.040924,0.054603,0.005969,0.000027
AAATGTATCTTATCCC-1,0.176756,0.038865,0.602708,0.000011,0.130445,0.051204,0.000011
AAATGTGGGTGCTCCT-1,0.00002,0.150993,0.06811,0.102043,0.678795,0.00002,0.00002
AAATTAACGGGTAGCT-1,0.000024,0.242353,0.459949,0.0215,0.270716,0.005434,0.000024
AAATTAATAAGCGCGA-1,0.073934,0.469989,0.061481,0.00004,0.106028,0.282767,0.005761
AAATTACACGACTCTG-1,0.081775,0.111181,0.727741,0.020321,0.058945,0.000019,0.000019
AAATTACCTATCGATG-1,0.049951,0.065554,0.853294,0.011646,0.019527,0.000013,0.000013
AAATTCCAGGTCCAAA-1,0.000014,0.217241,0.112405,0.513878,0.156433,0.000014,0.000014
AAATTGATAGTCCTTT-1,0.036533,0.065825,0.103432,0.033364,0.659915,0.012457,0.088473
AAATTGCGGCGGTTCT-1,0.000026,0.145147,0.383542,0.14592,0.325313,0.000026,0.000026
AAATTGGTGAGAAGCA-1,0.000076,0.631543,0.053662,0.000076,0.000228,0.314339,0.000076
AAATTTACCGAAATCC-1,0.081318,0.099384,0.511665,0.076279,0.231302,0.000026,0.000026
AAATTTGCGGGTGTGG-1,0.003651,0.443455,0.068762,0.12818,0.208792,0.002365,0.144795
AACAACTGGTAGTTGC-1,0.000095,0.873689,0.102314,0.000095,0.000284,0.000095,0.023429
AACAATACATTGTCGA-1,0.456707,0.001758,0.118183,0.023345,0.399997,0.000004,0.000004
AACAATTACTCTACGC-1,0.000104,0.92065,0.000311,0.000104,0.000311,0.022061,0.056459
AACACACGCTCGCCGC-1,0.100654,0.417371,0.079801,0.078748,0.269532,0.039811,0.014084
AACACGACTGTACTGA-1,0.000055,0.559743,0.285049,0.152996,0.002047,0.000055,0.000055
AACACGAGACGCGGCC-1,0.021771,0.009861,0.26227,0.042145,0.600526,0.063414,0.000014
AACACGCGGCCGCGAA-1,0.000043,0.306952,0.068818,0.473749,0.117262,0.000043,0.033134
AACAGCTGTGTGGCAA-1,0.208174,0.181077,0.200246,0.185894,0.204346,0.001222,0.019041
AACAGGAAATCGAATA-1,0.000024,0.119346,0.605023,0.074217,0.201343,0.000024,0.000024
AACAGGATGGGCCGCG-1,0.000063,0.786065,0.078516,0.000063,0.00019,0.135039,0.000063
AACAGGTAGTATGGAT-1,0.00002,0.174208,0.011726,0.06031,0.009939,0.743777,0.00002
AACATAGCGTGTATCG-1,0.000047,0.104405,0.000141,0.000047,0.000141,0.069417,0.825802
AACATATCAACTGGTG-1,0.001125,0.244845,0.329804,0.128708,0.295466,0.000026,0.000026
AACATCGATACGTCTA-1,0.000108,0.815846,0.000325,0.000108,0.000325,0.18318,0.000108
AACATTGAAGTTGATC-1,0.064567,0.015236,0.116224,0.04291,0.106557,0.190831,0.463675
AACATTGGTCAGCCGT-1,0.00003,0.201593,0.058143,0.027444,0.623574,0.000081,0.089134
AACATTGTGACTCGAG-1,0.006563,0.261418,0.102487,0.131257,0.093841,0.24651,0.157924
AACCAAGACTTCTCTG-1,0.120636,0.278208,0.376374,0.012375,0.082797,0.049054,0.080556
AACCAGTATCACTCTT-1,0.000068,0.367657,0.464938,0.078719,0.020909,0.067641,0.000068
AACCATAGGGTTGAAC-1,0.043858,0.546863,0.022066,0.020499,0.052614,0.148391,0.165709
AACCATGGGATCGCTA-1,0.00004,0.423411,0.345441,0.109691,0.094683,0.026694,0.00004
AACCCAGAGACGGAGA-1,0.000045,0.347719,0.373622,0.175544,0.102981,0.000045,0.000045
AACCCATCCCATGATC-1,0.000983,0.390463,0.008351,0.430756,0.146377,0.002733,0.020336
AACCCGACAACCCGTG-1,0.002273,0.148737,0.009721,0.005885,0.021666,0.017482,0.794235
AACCCGAGCAGAATCG-1,0.342983,0.141958,0.164449,0.102892,0.156693,0.006332,0.084694
AACCCGATAGGGCTTC-1,0.011806,0.250758,0.653045,0.019461,0.019727,0.045184,0.000019
AACCCGCTGTATTCCA-1,0.000034,0.000068,0.000102,0.000034,0.000102,0.239762,0.759898
AACCCTACTGTCAATA-1,0.044147,0.193784,0.235342,0.32836,0.178587,0.000023,0.019757
AACCCTGGTGGAACCA-1,0.000034,0.344455,0.322259,0.167353,0.165547,0.000318,0.000034
AACCGAGCTTGGTCAT-1,0.000124,0.536319,0.189381,0.000124,0.000373,0.273554,0.000124
AACCGCTAAGGGATGC-1,0.000025,0.460429,0.131046,0.245938,0.136632,0.000039,0.025891
AACCGTTGTGTTTGCT-1,0.014869,0.779062,0.127208,0.042021,0.036719,0.00006,0.00006
AACCTAAAGCCGTCCG-1,0.000028,0.468138,0.292579,0.09467,0.130709,0.013848,0.000028
AACCTCGCTTTAGCCC-1,0.000029,0.633704,0.001849,0.049263,0.007822,0.125127,0.182206
AACCTGTCACGGAATT-1,0.000016,0.243497,0.135333,0.04951,0.403073,0.056065,0.112506
AACCTTTAAATACGGT-1,0.125271,0.208352,0.128486,0.058507,0.313096,0.004262,0.162024
AACCTTTACGACGTCT-1,0.012262,0.079788,0.881236,0.000298,0.005246,0.02114,0.000029
AACGAAAGTCGTCCCA-1,0.01976,0.328311,0.062899,0.419376,0.110263,0.020941,0.038451
AACGACCTCCTAGCCG-1,0.075868,0.048802,0.039003,0.134554,0.081759,0.057708,0.562306
AACGATAATGCCGTAG-1,0.06684,0.04497,0.389834,0.043296,0.418929,0.024725,0.011406
AACGATAGAAGGGCCG-1,0.000053,0.534913,0.437451,0.024474,0.003002,0.000053,0.000053
AACGATATGTCAACTG-1,0.000091,0.494968,0.179356,0.000091,0.000272,0.325132,0.000091
AACGCATGATCTGGGT-1,0.000166,0.907014,0.000497,0.000166,0.000497,0.091495,0.000166
AACGCGAACGGCAACA-1,0.033712,0.109962,0.530831,0.141875,0.157975,0.000028,0.025617
AACGCGACCTTGGGCG-1,0.132012,0.156376,0.028726,0.028779,0.039669,0.033979,0.580459
AACGCGGTCTCCAGCC-1,0.000117,0.704467,0.105159,0.000117,0.000352,0.141364,0.048423
AACGCTGTTGCTGAAA-1,0.03756,0.247155,0.170909,0.222501,0.263466,0.053273,0.005136
AACGGACGTACGTATA-1,0.065188,0.299433,0.152097,0.048926,0.426531,0.001963,0.005862
AACGGCCATCTCCGGT-1,0.013224,0.00371,0.268554,0.032808,0.681692,0.000006,0.000006
AACGTACTGTGGGTAC-1,0.071831,0.359343,0.041307,0.301527,0.149499,0.004892,0.0716
AACGTAGTCTACCCAT-1,0.001055,0.254087,0.202748,0.226726,0.315339,0.000022,0.000022
AACGTCAGACTAGTGG-1,0.000075,0.74207,0.039858,0.000075,0.000225,0.217621,0.000075
AACGTCATCCGGCTTG-1,0.00003,0.000061,0.000091,0.00003,0.000091,0.00003,0.999667
AACGTCGCTGCACTTC-1,0.005076,0.056338,0.000093,0.000031,0.000093,0.069863,0.868507
AACGTGATGAAGGACA-1,0.011429,0.345332,0.485632,0.063685,0.093853,0.000035,0.000035
AACGTGCGAAAGTCTC-1,0.004014,0.540172,0.101271,0.151273,0.19241,0.000025,0.010835
AACGTTATCAGCACCT-1,0.000031,0.206396,0.607426,0.04475,0.073738,0.067628,0.000031
AACGTTCTACCATTGT-1,0.000051,0.17445,0.039378,0.007566,0.009492,0.008171,0.760893
AACTACCCGTTTGTCA-1,0.000026,0.829048,0.000077,0.063862,0.032764,0.005638,0.068586
AACTAGCGTATCGCAC-1,0.002022,0.000809,0.327966,0.029033,0.640141,0.000015,0.000015
AACTAGGCTTGGGTGT-1,0.020497,0.171668,0.149042,0.046191,0.588337,0.000011,0.024255
AACTCAAGTTAATTGC-1,0.000034,0.708613,0.070304,0.055363,0.135466,0.02416,0.006061
AACTCCAGAGCGTGTT-1,0.038266,0.641698,0.000083,0.017306,0.028085,0.042417,0.232144
AACTCCTAATCCCATG-1,0.000053,0.470113,0.433969,0.010751,0.000159,0.084902,0.000053
AACTCGATAAACACGT-1,0.000122,0.301639,0.161851,0.248352,0.282636,0.000016,0.005384
AACTCGATGGCGCAGT-1,0.000056,0.584947,0.268658,0.085529,0.039222,0.000056,0.021533
AACTCTCAATAGAGCG-1,0.000021,0.191367,0.218515,0.376691,0.213364,0.000021,0.000021
AACTCTCAGTGTGCTC-1,0.074105,0.276549,0.057927,0.15938,0.248802,0.03361,0.149627
AACTGAGGTCAGCGTC-1,0.000018,0.005683,0.805697,0.00994,0.178627,0.000018,0.000018
AACTGAGTTATACTGA-1,0.009192,0.188941,0.327045,0.056246,0.383299,0.035268,0.00001
AACTGATATTAGGCCT-1,0.000047,0.276039,0.588019,0.012172,0.083079,0.040597,0.000047
AACTGGGTCCCGACGT-1,0.000059,0.562351,0.389034,0.000468,0.000178,0.047851,0.000059
AACTGGGTTCGAGCCG-1,0.000052,0.820544,0.164931,0.000052,0.000155,0.014215,0.000052
AACTGGTGTGGGCCTT-1,0.010668,0.157723,0.638864,0.104503,0.088184,0.000029,0.000029
AACTTCTGCGTCTATC-1,0.00006,0.606828,0.249913,0.047622,0.00018,0.095338,0.00006
AACTTGCCCGTATGCA-1,0.004535,0.710807,0.000282,0.000094,0.000282,0.283905,0.000094
AACTTGCGTTCTCGCG-1,0.000046,0.736725,0.227154,0.03154,0.004442,0.000046,0.000046
AACTTTACGGGAGCTT-1,0.000078,0.536129,0.000233,0.000078,0.000233,0.463172,0.000078
AACTTTAGCTGCTGAG-1,0.00004,0.364448,0.280774,0.098084,0.256575,0.00004,0.00004
AACTTTCTCGATCATG-1,0.000066,0.672612,0.132301,0.000066,0.000199,0.194689,0.000066
AAGAAAGTTTGATGGG-1,0.000039,0.057022,0.000117,0.000039,0.000117,0.302319,0.640348
AAGAAATCACCAGATT-1,0.000041,0.705969,0.232423,0.00655,0.000122,0.054856,0.000041
AAGAAGGATCAGTTAG-1,0.000059,0.867417,0.090664,0.012784,0.00392,0.025096,0.000059
AAGACATACGTGGTTT-1,0.383691,0.03314,0.049903,0.023663,0.070674,0.139955,0.298975
AAGACCAAATAACTCA-1,0.081514,0.019239,0.450798,0.065151,0.370414,0.002815,0.010069
AAGACCCAACTGAACA-1,0.042497,0.188035,0.250398,0.183959,0.101599,0.228073,0.005439
AAGACTAACCCGTTGT-1,0.000037,0.363278,0.264906,0.243205,0.128501,0.000037,0.000037
AAGACTCACGCCCACT-1,0.015268,0.013458,0.407766,0.028931,0.534549,0.000013,0.000013
AAGACTGCAAGCTACT-1,0.000052,0.812996,0.008338,0.078936,0.099575,0.000052,0.000052
AAGAGATGAATCGGTA-1,0.000072,0.620436,0.000217,0.000072,0.000217,0.378913,0.000072
AAGAGCTCTTTATCGG-1,0.011633,0.211277,0.126861,0.118299,0.528591,0.000024,0.003316
AAGAGGATGTACGCGA-1,0.023345,0.00209,0.671834,0.003323,0.299387,0.000011,0.000011
AAGAGGCATGGATCGC-1,0.000027,0.350285,0.328395,0.236355,0.071427,0.000027,0.013484
AAGAGGCCCTTTGGAA-1,0.006336,0.685863,0.020532,0.076521,0.084265,0.049593,0.07689
AAGATGGCACCGGACC-1,0.010204,0.234643,0.19798,0.178817,0.098354,0.255114,0.024888
AAGATTGGCGGAACGT-1,0.057785,0.547051,0.348239,0.006399,0.007984,0.032497,0.000045
AAGCACCCTGCGTATC-1,0.038729,0.371157,0.095289,0.058354,0.124932,0.264939,0.0466
AAGCATACTCTCCTGA-1,0.007947,0.380035,0.095665,0.164868,0.2188,0.030399,0.102287
AAGCCACTTGCAGGTA-1,0.000027,0.000054,0.000081,0.000027,0.000081,0.000027,0.999705
AAGCCGAAGCGGTTTA-1,0.082633,0.015216,0.317939,0.011743,0.572451,0.000009,0.000009
AAGCCGCCGTGAAATC-1,0.047233,0.178315,0.091294,0.093253,0.043172,0.042424,0.504309
AAGCCGCTTTACCTTG-1,0.00011,0.83154,0.000329,0.00011,0.000329,0.167474,0.00011
AAGCCGGAGAGCAGGA-1,0.007377,0.528387,0.107059,0.094528,0.161922,0.028566,0.072161
AAGCGCAGGGCTTTGA-1,0.333357,0.0032,0.008118,0.011572,0.040032,0.01433,0.589391
AAGCGGAGTGCGCGCA-1,0.03427,0.635276,0.245918,0.000033,0.000098,0.084371,0.000033
AAGCGGCGTCATGGGT-1,0.006369,0.034878,0.804136,0.011244,0.109042,0.03431,0.000021
AAGCGTCCCTCATCGA-1,0.185247,0.001017,0.114903,0.000965,0.687107,0.000005,0.010756
AAGCTAGATCGAGTAA-1,0.003306,0.327114,0.196614,0.038922,0.392254,0.000017,0.041774
AAGCTATGGATTGACC-1,0.00006,0.000121,0.000181,0.00006,0.000181,0.00006,0.999337
AAGCTCGTGCCAAGTC-1,0.000036,0.257759,0.409763,0.163129,0.169242,0.000036,0.000036
AAGCTCTTTCATGGTG-1,0.007879,0.583795,0.065747,0.030905,0.258128,0.016955,0.036592
AAGGAGAACTTATAAG-1,0.000032,0.5246,0.143308,0.177832,0.144099,0.000032,0.010097
AAGGAGCGGTTGGTGC-1,0.000131,0.574856,0.218471,0.006089,0.000392,0.193978,0.006083
AAGGATCGATCGCTTG-1,0.06283,0.216711,0.123817,0.460689,0.125169,0.000018,0.010766
AAGGATGAGGGACCTC-1,0.000035,0.248447,0.729645,0.018493,0.003309,0.000035,0.000035
AAGGCAGGCTGTCTCC-1,0.044649,0.092388,0.107002,0.304561,0.423225,0.019852,0.008324
AAGGCGCGTAAAGCTT-1,0.000072,0.849636,0.063028,0.000072,0.000217,0.079451,0.007524
AAGGCTGTGCTCATCG-1,0.000093,0.71675,0.015398,0.000093,0.000278,0.267297,0.000093
AAGGGAACGACTGGCT-1,0.040841,0.207139,0.147954,0.13061,0.072137,0.029143,0.372176
AAGGGACAGATTCTGT-1,0.032767,0.065239,0.810439,0.031666,0.050432,0.009441,0.000017
AAGGGACTATGCATTC-1,0.105618,0.362727,0.018545,0.153331,0.194352,0.163733,0.001695
AAGGGTTAGCCATGCG-1,0.000034,0.059476,0.047908,0.007985,0.000102,0.033737,0.850759
AAGGGTTTGATTTCAG-1,0.080099,0.214045,0.046883,0.031247,0.491266,0.043079,0.093381
AAGGTATCCTAATATA-1,0.000109,0.944553,0.054688,0.000109,0.000326,0.000109,0.000109
AAGGTGATAAACCAGC-1,0.034992,0.026801,0.199588,0.457922,0.223872,0.003029,0.053795
AAGTAAGCTTCCAAAC-1,0.010892,0.246836,0.113325,0.275445,0.331823,0.002725,0.018954
AAGTAGAAGACCGGGT-1,0.000038,0.392564,0.50407,0.012923,0.0075,0.082867,0.000038
AAGTAGTGACGCGAGG-1,0.084656,0.023088,0.851424,0.000019,0.011816,0.028979,0.000019
AAGTCAATTGTCGTCA-1,0.018166,0.228548,0.095951,0.458245,0.109732,0.040613,0.048744
AAGTCTAGTAGCTGCC-1,0.000058,0.684652,0.028973,0.000058,0.000173,0.28603,0.000058
AAGTCTTCTGTGGCCT-1,0.001233,0.17764,0.50709,0.00544,0.179815,0.12876,0.000023
AAGTGACGACCGAATT-1,0.00214,0.390138,0.353323,0.118437,0.07831,0.057624,0.000029
AAGTGAGTCGGGTTTA-1,0.058077,0.328795,0.22697,0.098179,0.169372,0.034745,0.083862
AAGTGCAAAGGTAGAC-1,0.000041,0.710383,0.000122,0.000041,0.000122,0.28925,0.000041
AAGTGCCTTGACTGTA-1,0.006968,0.266672,0.059781,0.378068,0.080738,0.001733,0.206041
AAGTGCGTTAGAATCT-1,0.003085,0.273907,0.010862,0.015815,0.111143,0.585179,0.000009
AAGTGCTTCTCTATTG-1,0.000025,0.18281,0.00181,0.001766,0.001714,0.038505,0.77337
AAGTGTTTGGAGACGG-1,0.000029,0.653774,0.11267,0.108972,0.078128,0.000029,0.046397
AAGTTCACTCCAAGCT-1,0.437433,0.052305,0.181915,0.036365,0.249958,0.038425,0.0036
AAGTTCAGTCTGCGTA-1,0.000122,0.337332,0.000367,0.000122,0.000367,0.661568,0.000122
AAGTTCGGCCAACAGG-1,0.000011,0.190241,0.028995,0.102474,0.647715,0.030552,0.000011
AAGTTGTGATGTTATA-1,0.015285,0.272841,0.007318,0.01106,0.059208,0.065362,0.568926
AAGTTTACTAATGGCA-1,0.000043,0.485591,0.228676,0.094472,0.191131,0.000043,0.000043
AAGTTTATGGGCCCAA-1,0.031209,0.068337,0.031297,0.018989,0.007899,0.091539,0.750731
AATAACAACGCTCGGC-1,0.05645,0.015584,0.720711,0.007568,0.069355,0.13032,0.000012
AATAACACTAGAACAA-1,0.11718,0.015491,0.108136,0.152316,0.524822,0.045989,0.036066
AATAACGTCGCGCCCA-1,0.194757,0.113604,0.002048,0.022867,0.021641,0.138821,0.506262
AATAAGTCCTCGAGAC-1,0.000043,0.770915,0.081228,0.131493,0.005227,0.011051,0.000043
AATAATCTTCGTATCG-1,0.164667,0.141091,0.33951,0.027458,0.327255,0.00001,0.00001
AATACAATGTTTCAGG-1,0.03474,0.117839,0.779174,0.00116,0.057082,0.00998,0.000023
AATACCGGAGGGCTGT-1,0.039516,0.274797,0.033143,0.038116,0.021014,0.124581,0.468834
AATACCTGATGTGAAC-1,0.022391,0.082231,0.051459,0.022646,0.203774,0.039204,0.578294
AATAGAACAGAGTGGC-1,0.183152,0.019346,0.23751,0.237458,0.291253,0.008517,0.022763
AATAGAATCTGTTTCA-1,0.014221,0.024778,0.066806,0.069923,0.787648,0.006296,0.030327
AATAGCAAGCCTCCTG-1,0.000043,0.410361,0.494779,0.030596,0.064136,0.000043,0.000043
AATAGCTACCGCGTGC-1,0.000218,0.919297,0.000653,0.000218,0.000653,0.078744,0.000218
AATAGGCACGACCCTT-1,0.000036,0.000071,0.000107,0.000036,0.000107,0.154455,0.845188
AATAGTCCGTCCCGAC-1,0.006643,0.035572,0.03178,0.027567,0.582169,0.290367,0.025901
AATAGTCGCGAGTCGG-1,0.071765,0.087848,0.685896,0.000017,0.117176,0.037281,0.000017
AATATCAAGGTCGGAT-1,0.000056,0.648399,0.201309,0.056458,0.072872,0.000056,0.02085
AATATCCTAGCAAACT-1,0.006008,0.160843,0.162417,0.144471,0.5037,0.013214,0.009348
AATATCGAATCAATGC-1,0.018517,0.430511,0.131299,0.05312,0.340686,0.019888,0.005977
AATATCGAGGGTTCTC-1,0.000053,0.558192,0.414636,0.012045,0.014967,0.000053,0.000053
AATATTGGAGTATTGA-1,0.048985,0.075579,0.737595,0.025199,0.109978,0.000021,0.002643
AATCAGACTGCAGGAC-1,0.000045,0.406876,0.100813,0.153669,0.160742,0.139817,0.038038
AATCAGGTTTCATTTA-1,0.02496,0.05627,0.005837,0.008172,0.021154,0.000993,0.882614
AATCATGTAAAGACTC-1,0.404023,0.036318,0.188731,0.015284,0.266691,0.002622,0.086333
AATCCAAGGGCCTGAG-1,0.000038,0.434421,0.184858,0.116896,0.173374,0.090375,0.000038
AATCCATGCAAGGGTG-1,0.00005,0.330758,0.23023,0.269033,0.112478,0.033238,0.024212
AATCCCGCTCAGAGCC-1,0.000039,0.000078,0.000117,0.000039,0.000117,0.000039,0.999572
AATCGAGGTCTCAAGG-1,0.00004,0.00008,0.000119,0.00004,0.000119,0.113215,0.886387
AATCGCCTCAGCGCCA-1,0.000031,0.307757,0.196573,0.331888,0.124229,0.000031,0.039492
AATCGCGCAGAGGACT-1,0.00564,0.002271,0.203223,0.249555,0.539296,0.000007,0.000007
AATCGGGACACTACGA-1,0.000023,0.135285,0.583163,0.043793,0.193737,0.043974,0.000023
AATCGGTATAGCCCTC-1,0.000043,0.16222,0.000128,0.000043,0.000128,0.01255,0.824889
AATCGTGAGCCGAGCA-1,0.000031,0.188337,0.020312,0.000031,0.000404,0.455825,0.33506
AATCTAGGTTTACTTG-1,0.066787,0.107465,0.213736,0.107553,0.504438,0.000011,0.000011
AATCTATGCCGGAGCC-1,0.000028,0.1899,0.599987,0.162792,0.01009,0.037175,0.000028
AATCTCTACTGTGGTT-1,0.050501,0.094652,0.356859,0.005775,0.47749,0.014711,0.000012
AATCTGCGTTGGGACG-1,0.000054,0.595621,0.256752,0.125211,0.022254,0.000054,0.000054
AATCTGGCTTTCTAGT-1,0.015771,0.435843,0.018869,0.113118,0.392514,0.000156,0.023729
AATCTGGGTAGACCCT-1,0.013093,0.143983,0.600659,0.026517,0.194774,0.020949,0.000024
AATGACAGCAATGTCT-1,0.033901,0.392543,0.029494,0.195433,0.335675,0.002161,0.010793
AATGACGTAGGATGTC-1,0.072734,0.033531,0.195924,0.496407,0.195158,0.006062,0.000184
AATGACTGTCAGCCGG-1,0.000055,0.575992,0.091194,0.000055,0.000164,0.332487,0.000055
AATGAGTTCGCATATG-1,0.000037,0.183723,0.524365,0.27099,0.020811,0.000037,0.000037
AATGATGATACGCTAT-1,0.000083,0.534765,0.102336,0.046188,0.000749,0.234696,0.081184
AATGATGCGACTCCTG-1,0.005927,0.276734,0.689337,0.002247,0.000119,0.025596,0.000039
AATGCAACCGGGTACC-1,0.000115,0.552231,0.220154,0.000115,0.000346,0.200069,0.026968
AATGCACCAAGCAATG-1,0.000092,0.583594,0.000277,0.000092,0.000277,0.415575,0.000092
AATGGCCGCCAATGCG-1,0.00305,0.253005,0.64572,0.01767,0.064125,0.016409,0.000021
AATGGTCCACCGTTCA-1,0.000099,0.734561,0.000296,0.000099,0.000296,0.264552,0.000099
AATGGTTCTCACAAGC-1,0.014683,0.054457,0.550877,0.016918,0.363022,0.000022,0.000022
AATGTATGGCACTGTA-1,0.060232,0.333959,0.078415,0.097028,0.086256,0.258145,0.085964
AATGTGCCCGAGGTGT-1,0.184455,0.138509,0.087826,0.439041,0.090829,0.040329,0.01901
AATGTGCTAATCTGAG-1,0.005256,0.47861,0.000087,0.00666,0.000087,0.217872,0.291427
AATGTTAAGACCCTGA-1,0.00002,0.000041,0.000061,0.00002,0.000061,0.00002,0.999777
AATGTTGTCGTGAGAC-1,0.78587,0.000012,0.093896,0.001617,0.118593,0.000006,0.000006
AATTAAAGGTCGGCGT-1,0.000034,0.47454,0.223954,0.152944,0.129507,0.000034,0.018986
AATTAACGGATTTCCA-1,0.365723,0.041183,0.147864,0.012781,0.271164,0.005418,0.155867
AATTACGAGACCCATC-1,0.023857,0.057012,0.086539,0.028602,0.739841,0.038205,0.025944
AATTACTCGTACGCTC-1,0.000047,0.65784,0.003215,0.000047,0.000141,0.338661,0.000047
AATTAGCGCTGCAGCG-1,0.005187,0.265696,0.053576,0.45243,0.159566,0.000021,0.063524
AATTATACCCAGCAAG-1,0.000024,0.000048,0.000071,0.000024,0.000071,0.000097,0.999665
AATTCATAAGGGATCT-1,0.000122,0.861531,0.031321,0.000122,0.000366,0.106417,0.000122
AATTCATTGTCATGCA-1,0.03851,0.135136,0.242243,0.033859,0.317233,0.090123,0.142895
AATTCCAACTTGGTGA-1,0.000027,0.457792,0.107601,0.222456,0.160128,0.045423,0.006573
AATTCCAAGCATGTAC-1,0.064015,0.039054,0.021361,0.01903,0.032246,0.02315,0.801145
AATTCGATTCGAGGAT-1,0.864369,0.007799,0.010513,0.016045,0.002133,0.09154,0.007601
AATTCTAGAGTTAGGC-1,0.037684,0.027716,0.173227,0.292189,0.469054,0.000016,0.000115
AATTGAACGCTCTGGT-1,0.145463,0.136959,0.024617,0.169584,0.523349,0.000013,0.000013
AATTGCAGCAATCGAC-1,0.087976,0.029631,0.044902,0.026707,0.051049,0.004949,0.754786
AATTGCGTGGATTACA-1,0.059398,0.503227,0.000114,0.007917,0.015018,0.193984,0.220342
AATTGTGGTTGCCAAA-1,0.002476,0.453414,0.000067,0.000022,0.001467,0.15437,0.388185
AATTTGGGACATAGTA-1,0.000041,0.082914,0.858089,0.025328,0.033544,0.000041,0.000041
AATTTGGTTCCAAAGA-1,0.000045,0.551541,0.238781,0.139836,0.069707,0.000045,0.000045
ACAAACCATGCGTCCT-1,0.135473,0.319986,0.169638,0.168391,0.070105,0.093869,0.042538
ACAAACCGACAAGGCG-1,0.000027,0.469804,0.285949,0.151544,0.092621,0.000027,0.000027
ACAAACTCCATCAGAG-1,0.000054,0.049855,0.000163,0.000054,0.000163,0.021259,0.928451
ACAAAGAAGGTAGGCC-1,0.006614,0.07512,0.451593,0.168222,0.298436,0.000008,0.000008
ACAAAGCATGACCTAG-1,0.459953,0.214761,0.061001,0.012885,0.127615,0.041205,0.082582
ACAAATCGCACCGAAT-1,0.000022,0.487536,0.011296,0.358833,0.068414,0.000022,0.073878
ACAAATGGTAGTGTTT-1,0.016716,0.08856,0.194079,0.156573,0.523369,0.020689,0.000014
ACAAATTCAGATCTGA-1,0.005283,0.28233,0.699183,0.011863,0.001268,0.000037,0.000037
ACAACAGCATGAGCTA-1,0.008313,0.058121,0.731635,0.079511,0.08732,0.035079,0.000022
ACAACGGTCCCTGCGA-1,0.050515,0.051158,0.84297,0.010333,0.011338,0.033656,0.000029
ACAAGCAGTGCCTAGC-1,0.000108,0.728921,0.000323,0.000108,0.000323,0.270108,0.000108
ACAAGCTATATGGAAG-1,0.00002,0.305482,0.513781,0.019665,0.079042,0.08199,0.00002
ACAAGGAAATCCGCCC-1,0.020409,0.061226,0.121229,0.374259,0.406606,0.006165,0.010107
ACAAGGACAAGAGGTT-1,0.000089,0.62825,0.095225,0.000089,0.000267,0.27599,0.000089
ACAAGGATGCTTTAGG-1,0.205263,0.242463,0.108309,0.042658,0.137269,0.154368,0.109671
ACAAGGCCTACCAGCC-1,0.00308,0.134157,0.525411,0.005781,0.283494,0.048056,0.000023
ACAAGGGCAGGCTCTG-1,0.03527,0.006096,0.256864,0.439611,0.2316,0.000005,0.030555
ACAAGTAATTGTAAGG-1,0.000019,0.000038,0.000056,0.000019,0.000056,0.081362,0.91845
ACAATAGTCGTACGTT-1,0.011511,0.084644,0.342214,0.019165,0.482173,0.060283,0.00001
ACAATCCATTTAAACC-1,0.096603,0.008594,0.782509,0.006051,0.08588,0.020351,0.000013
ACAATCGATCTTTATA-1,0.001034,0.005992,0.553624,0.120048,0.319273,0.000014,0.000014
ACAATGAATACGGAGA-1,0.013123,0.433256,0.040579,0.338875,0.051009,0.082938,0.04022
ACAATGATTCTTCTAC-1,0.000052,0.402472,0.595644,0.001509,0.000218,0.000052,0.000052
ACAATTGTGTCTCTTT-1,0.004103,0.488979,0.049061,0.044694,0.172823,0.240313,0.000027
ACAATTTAGGAGGCTC-1,0.000087,0.613832,0.000261,0.000087,0.000261,0.365322,0.02015
ACAATTTGAGCAGTGG-1,0.016169,0.302749,0.59859,0.021785,0.0022,0.058476,0.000031
ACAATTTGGCCATATT-1,0.008699,0.247619,0.112507,0.524599,0.052772,0.034507,0.019298
ACACAAAGACGGGTGG-1,0.010955,0.721402,0.008561,0.000078,0.000235,0.23024,0.028527
ACACAAATATTCCTAG-1,0.000063,0.768043,0.128506,0.000063,0.000189,0.103074,0.000063
ACACACCAGGACCAGT-1,0.023526,0.012908,0.310019,0.339173,0.304113,0.010257,0.000005
ACACACTTTCTACACG-1,0.000051,0.50262,0.2803,0.132273,0.027593,0.057111,0.000051
ACACATGATCAAATCT-1,0.029093,0.26177,0.276336,0.126347,0.228266,0.029764,0.048424
ACACATTGACGCAACA-1,0.003786,0.460364,0.089222,0.022452,0.240248,0.155177,0.028751
ACACATTTCCGTAGAC-1,0.000046,0.000091,0.000137,0.000046,0.000137,0.000046,0.999498
ACACCACATAATTAGC-1,0.000023,0.414105,0.258572,0.207153,0.120101,0.000023,0.000023
ACACCCAGCATGCAGC-1,0.000096,0.579791,0.000289,0.000096,0.000289,0.419341,0.000096
ACACCCGAGAAATCCG-1,0.000801,0.257266,0.574343,0.103448,0.064087,0.000028,0.000028
ACACCCGTAAATCTGT-1,0.000053,0.128389,0.801165,0.03707,0.01675,0.016554,0.000019
ACACCGAGCGCTCTTT-1,0.000024,0.332374,0.184937,0.002747,0.347897,0.104294,0.027728
ACACCGGTCTGACCGC-1,0.037699,0.17777,0.143026,0.131112,0.058808,0.154422,0.297162
ACACCTTAAGTAGGGC-1,0.000079,0.354417,0.000236,0.000079,0.000236,0.644876,0.000079
ACACCTTACTACTTGC-1,0.037912,0.258339,0.086068,0.389925,0.21063,0.000026,0.017099
ACACGAGACTCCTTCT-1,0.00004,0.217476,0.683771,0.073141,0.025492,0.00004,0.00004
ACACGGCACTATGCAT-1,0.000028,0.139946,0.489807,0.065156,0.305008,0.000028,0.000028
ACACGGGAACTTAGGG-1,0.000086,0.820904,0.134947,0.000086,0.000259,0.04363,0.000086
ACACGTAGGCCACAAG-1,0.055432,0.394511,0.209757,0.069292,0.194726,0.036137,0.040145
ACACTCCAATGTCACT-1,0.000031,0.231679,0.392893,0.027006,0.306449,0.041912,0.000031
ACACTGATCAAGGTGT-1,0.004612,0.342428,0.069644,0.390636,0.125998,0.053066,0.013616
ACACTGGGACAGTCGT-1,0.068251,0.230736,0.262949,0.141238,0.126938,0.048192,0.121694
ACAGAACTGAGAACAA-1,0.077778,0.010903,0.29617,0.117241,0.497897,0.000006,0.000006
ACAGATTAGGTTAGTG-1,0.000075,0.564963,0.064128,0.346068,0.024617,0.000075,0.000075
ACAGCATAGAGCCAGT-1,0.010896,0.473201,0.221201,0.063545,0.084894,0.11969,0.026575
ACAGCGACATTCTCAT-1,0.000023,0.388677,0.002961,0.030716,0.063937,0.464256,0.04943
ACAGCGCACCCGCAGC-1,0.000046,0.636865,0.241604,0.013822,0.107569,0.000046,0.000046
ACAGGAGGCGCAGCCG-1,0.000014,0.193262,0.157111,0.155558,0.493452,0.000014,0.000588
ACAGGCACGGATCCTT-1,0.092342,0.059588,0.004002,0.004858,0.001014,0.341788,0.496408
ACAGGCTTGCCCGACT-1,0.19632,0.025752,0.433433,0.019478,0.324993,0.000012,0.000012
ACAGGTGGAGGTGAGG-1,0.06424,0.131101,0.084566,0.346331,0.36684,0.003142,0.00378
ACAGGTGTGTTGTTGC-1,0.000017,0.27994,0.111745,0.002962,0.447227,0.158092,0.000017
ACAGTAATACAACTTG-1,0.051014,0.316079,0.173749,0.188101,0.147743,0.123299,0.000014
ACAGTATACCGTGGGA-1,0.000101,0.870558,0.075678,0.000101,0.000303,0.053158,0.000101
ACAGTGCAGCGCATTT-1,0.000032,0.469102,0.471591,0.032254,0.026958,0.000032,0.000032
ACATAAGTCGTGGTGA-1,0.133697,0.047839,0.40244,0.091084,0.30658,0.004087,0.014273
ACATAATAAGGCGGTG-1,0.000078,0.647404,0.250778,0.000078,0.000235,0.101347,0.000078
ACATACAATCAAGCGG-1,0.030269,0.06914,0.124043,0.039239,0.069064,0.075202,0.593043
ACATCAGCTGGGACGC-1,0.000046,0.56171,0.191523,0.000046,0.129587,0.117042,0.000046
ACATCCCGGCCATACG-1,0.007103,0.410687,0.073984,0.138836,0.315414,0.033081,0.020895
ACATCCTGGTAACTGT-1,0.004573,0.168126,0.070314,0.341899,0.30568,0.109392,0.000016
ACATCGATCGTTTACC-1,0.01062,0.548359,0.089124,0.166147,0.185719,0.000016,0.000016
ACATCGCAATATTCGG-1,0.000034,0.000068,0.000101,0.000034,0.000101,0.675749,0.323913
ACATCGGTCAGCCGCG-1,0.000026,0.332964,0.225084,0.261983,0.154877,0.000026,0.025041
ACATCGTATGCAATGG-1,0.008851,0.003531,0.290635,0.296506,0.400459,0.000009,0.000009
ACATCGTTAACCTAGT-1,0.000043,0.321006,0.33752,0.027224,0.223993,0.09017,0.000043
ACATCTCAACGCGTAA-1,0.00002,0.104059,0.5924,0.107445,0.196035,0.00002,0.00002
ACATGCTTACGGCAGC-1,0.000031,0.017591,0.000092,0.000031,0.000092,0.140471,0.841692
ACATGGCGCCAAAGTA-1,0.019549,0.27836,0.166642,0.395913,0.11061,0.009776,0.01915
ACATGGCTCAATTTAG-1,0.000054,0.746306,0.054812,0.092695,0.085355,0.000054,0.020724
ACATTAGTTTATATCC-1,0.050758,0.056927,0.044432,0.025268,0.757726,0.042091,0.022799
ACATTCGCGCGGAATA-1,0.000015,0.00003,0.000045,0.000015,0.000045,0.000015,0.999833
ACATTTGAAACCTAAC-1,0.033233,0.000052,0.000047,0.000016,0.000047,0.000016,0.966589
ACCAAACACCCAGCGA-1,0.000045,0.619035,0.065517,0.000045,0.051571,0.263742,0.000045
ACCAAACTAGAAATCC-1,0.000024,0.272781,0.195844,0.269424,0.26188,0.000024,0.000024
ACCAACACCACACACT-1,0.00008,0.561309,0.227845,0.06326,0.000241,0.147185,0.00008
ACCAACCGCACTCCAC-1,0.039626,0.017107,0.011038,0.003948,0.024444,0.088898,0.814939
ACCAACGCTTATTTAT-1,0.016832,0.607485,0.003017,0.131202,0.201031,0.024741,0.015691
ACCAAGAACGCGTGTC-1,0.000035,0.405003,0.479389,0.058462,0.057041,0.000035,0.000035
ACCAAGTCATCGGCAG-1,0.403337,0.054351,0.026531,0.040142,0.006724,0.179283,0.289632
ACCAATATGCAAGTTA-1,0.1787,0.04284,0.149472,0.019513,0.502221,0.081677,0.025577
ACCACAACTCAGAACA-1,0.000044,0.598834,0.338829,0.062077,0.000131,0.000044,0.000044
ACCACAAGTTTCTATC-1,0.000066,0.323072,0.380783,0.000066,0.007975,0.287974,0.000066
ACCACACGGTTGATGG-1,0.000025,0.00005,0.000076,0.000025,0.000076,0.093664,0.906085
ACCACCAATGTAACAA-1,0.005918,0.198842,0.195053,0.46763,0.09405,0.030979,0.007528
ACCACCCTCTCTTCTA-1,0.028717,0.402439,0.500833,0.022657,0.000162,0.045138,0.000054
ACCACGTGCAGCTATA-1,0.006484,0.456967,0.016428,0.374995,0.091524,0.003144,0.050459
ACCACTGTTCAAGAAG-1,0.013902,0.099774,0.348775,0.013809,0.47119,0.000015,0.052535
ACCAGACCATAACAAC-1,0.009351,0.080216,0.772187,0.074328,0.025299,0.038605,0.000015
ACCAGCCCGGTCTTTG-1,0.0147,0.450007,0.366848,0.146986,0.021355,0.000052,0.000052
ACCAGGAGTGTGATCT-1,0.000029,0.218874,0.233722,0.194332,0.352985,0.000029,0.000029
ACCAGTGCCCGGTCAA-1,0.000033,0.258761,0.640001,0.09209,0.009047,0.000033,0.000033
ACCAGTGCGGGAGACG-1,0.006434,0.190894,0.200903,0.293441,0.276011,0.000018,0.032298
ACCATATCCGCAATAA-1,0.000041,0.615015,0.128549,0.218756,0.037558,0.000041,0.000041
ACCATCCGCCAACTAG-1,0.012352,0.298707,0.269274,0.195529,0.161221,0.054553,0.008364
ACCATCGTATATGGTA-1,0.015821,0.492367,0.116395,0.200764,0.161074,0.002135,0.011445
ACCATTAAGGGTGTCA-1,0.001345,0.538452,0.14865,0.013543,0.279194,0.018793,0.000024
ACCCAACGCCCGTGGC-1,0.000028,0.220932,0.542162,0.142641,0.094181,0.000028,0.000028
ACCCACCTACATGCTC-1,0.029577,0.536302,0.419639,0.000432,0.002211,0.011789,0.00005
ACCCATCTTGAGGGTA-1,0.017236,0.601685,0.285987,0.020627,0.074352,0.000056,0.000056
ACCCATTTGTCCCTCT-1,0.000026,0.663751,0.006968,0.053876,0.043489,0.150257,0.081634
ACCCGAGCGAAATTAC-1,0.063963,0.275774,0.139661,0.298395,0.134957,0.0728,0.01445
ACCCGATTGGTTCCGA-1,0.004825,0.049938,0.000725,0.065113,0.000062,0.000904,0.878433
ACCCGGAAACTCCCAG-1,0.031714,0.200761,0.162995,0.105875,0.087329,0.285696,0.12563
ACCCGGAGCACCACAA-1,0.043118,0.480547,0.147818,0.111169,0.086309,0.029303,0.101736
ACCCGGATGACGCATC-1,0.00004,0.569163,0.005979,0.402537,0.022202,0.00004,0.00004
ACCCGGTTACACTTCC-1,0.017685,0.189163,0.30092,0.026719,0.425047,0.013297,0.02717
ACCCGTAGCAGAGAAT-1,0.000024,0.000049,0.000073,0.000024,0.000073,0.000024,0.999732
ACCCGTAGTCTAGTTG-1,0.338741,0.132939,0.125528,0.072366,0.076858,0.080699,0.172869
ACCCGTGTCATCAGTA-1,0.182084,0.113085,0.077814,0.013658,0.379222,0.000398,0.23374
ACCCTATAGGACTGAG-1,0.000039,0.392951,0.240237,0.132677,0.234017,0.000039,0.000039
ACCCTATGCCATATCG-1,0.105914,0.094793,0.208396,0.057059,0.36426,0.091019,0.078559
ACCCTCCCGTCAGGGC-1,0.200589,0.010963,0.162108,0.002374,0.098738,0.066004,0.459224
ACCCTCCCTTGCTATT-1,0.04457,0.133455,0.049062,0.097074,0.594099,0.077424,0.004315
ACCCTGGTAACGCCCT-1,0.000055,0.641307,0.034046,0.000055,0.22298,0.101501,0.000055
ACCCTTCATCTGCGAA-1,0.016789,0.003814,0.81562,0.088833,0.041549,0.03337,0.000025
ACCCTTGCCTGGGTCG-1,0.000055,0.431536,0.000165,0.000055,0.000165,0.56797,0.000055
ACCCTTTAGTTCTCCA-1,0.00009,0.553771,0.333129,0.019158,0.093673,0.00009,0.00009
ACCGAAAGGGCCCTGC-1,0.000026,0.397016,0.182744,0.157513,0.126727,0.000026,0.135948
ACCGAAGAGTCTGGTT-1,0.061609,0.191042,0.076317,0.385546,0.207275,0.009027,0.069184
ACCGACACATCTCCCA-1,0.466191,0.065117,0.13641,0.035339,0.267652,0.028361,0.00093
ACCGACTGAGTCCCAC-1,0.000091,0.682568,0.172063,0.000091,0.000274,0.144821,0.000091
ACCGAGTCTCCTTATT-1,0.000028,0.056869,0.00394,0.000028,0.000084,0.03567,0.903382
ACCGATAGGCATAACC-1,0.070314,0.493385,0.096437,0.112712,0.100731,0.080902,0.045519
ACCGATATTTAATCAT-1,0.036699,0.043906,0.302963,0.015961,0.322855,0.277608,0.000008
ACCGATGGTAGCATCG-1,0.000019,0.153014,0.232057,0.173548,0.437198,0.000019,0.004145
ACCGCAATAACTGCCT-1,0.435624,0.05372,0.097305,0.082702,0.315307,0.001452,0.01389
ACCGCGGTGGAAGTCG-1,0.000285,0.538319,0.027077,0.278102,0.031116,0.000872,0.124231
ACCGCTAGTCATTGGT-1,0.000019,0.000037,0.000056,0.000019,0.000056,0.000714,0.999099
ACCGGGCCTTTGTTGA-1,0.003876,0.20597,0.129131,0.198056,0.462937,0.000015,0.000015
ACCGGTCAGGTACACC-1,0.16557,0.087336,0.193576,0.181542,0.208112,0.082437,0.081426
ACCGGTCTGAGTACGG-1,0.021343,0.181595,0.497437,0.149726,0.145398,0.004476,0.000026
ACCGTCCACTGGGCCC-1,0.408719,0.081423,0.237752,0.095205,0.049584,0.105447,0.02187
ACCGTGACCACGTGGG-1,0.122993,0.197055,0.268792,0.114291,0.206115,0.011659,0.079095
ACCGTTCCCGCTCTGA-1,0.000024,0.138451,0.314,0.016082,0.520972,0.010447,0.000024
ACCTAAGTACCTTTCA-1,0.120652,0.040014,0.095722,0.075826,0.667772,0.000007,0.000007
ACCTAATCGACTTCCT-1,0.000082,0.536804,0.411048,0.000082,0.041878,0.010022,0.000082
ACCTACAGTATGTGGT-1,0.026634,0.107879,0.104672,0.262755,0.493906,0.000015,0.004139
ACCTACTATAAATCTA-1,0.00583,0.042144,0.002768,0.000024,0.000071,0.127401,0.821762
ACCTCAGCGAGGCGCA-1,0.000021,0.0458,0.000064,0.000639,0.000064,0.014651,0.93876
ACCTCCGCCCTCGCTG-1,0.451308,0.088817,0.079387,0.014519,0.321713,0.028751,0.015505
ACCTCCGTTATTCACC-1,0.000026,0.213486,0.265248,0.219301,0.301887,0.000026,0.000026
ACCTCGAACTTATGCT-1,0.029308,0.307906,0.084868,0.096281,0.076111,0.079673,0.325853
ACCTGCGTGTCATGTT-1,0.00607,0.146805,0.307521,0.034897,0.489559,0.00196,0.013189
ACCTTTCCTTTAGAAG-1,0.000333,0.043555,0.376442,0.177862,0.401764,0.000022,0.000022
ACGAAATGGGCGGCAC-1,0.000062,0.633295,0.19975,0.000062,0.000187,0.166582,0.000062
ACGACCCATGAGTTGC-1,0.053696,0.297361,0.304787,0.12629,0.161852,0.030286,0.025728
ACGACTCTAGGGCCGA-1,0.002553,0.003946,0.009433,0.022426,0.027561,0.264535,0.669545
ACGACTGGTCATACTC-1,0.007698,0.501785,0.080653,0.115274,0.113228,0.108565,0.072797
ACGAGAACCCATCACG-1,0.000032,0.474027,0.174684,0.074046,0.277148,0.000032,0.000032
ACGAGATATTTGCTTA-1,0.005154,0.107662,0.70342,0.03708,0.146614,0.000035,0.000035
ACGAGGATACCACTCT-1,0.121947,0.026508,0.125206,0.147584,0.550588,0.023912,0.004255
ACGAGGTTTACAACGT-1,0.02525,0.125837,0.038009,0.303805,0.350453,0.141466,0.01518
ACGAGTACGGATGCCC-1,0.001873,0.015707,0.763429,0.069893,0.149069,0.000015,0.000015
ACGAGTCGCCGGCGTT-1,0.000015,0.217605,0.164512,0.157895,0.459943,0.000015,0.000015
ACGATACATAGAACTA-1,0.00012,0.745423,0.138171,0.00012,0.00036,0.115686,0.00012
ACGATACCTATCCTGA-1,0.000036,0.683856,0.033168,0.000036,0.024185,0.258681,0.000036
ACGATCATACATAGAG-1,0.000133,0.763647,0.227889,0.007663,0.0004,0.000133,0.000133
ACGATCATCTTGTAAA-1,0.06586,0.022869,0.317781,0.209759,0.298947,0.084314,0.000469
ACGATGCATATGTTAT-1,0.000039,0.541519,0.318462,0.077198,0.044072,0.01867,0.000039
ACGATGGATCCGATGC-1,0.000047,0.382952,0.238924,0.177917,0.047305,0.152809,0.000047
ACGCAAACTAATAGAT-1,0.089132,0.399989,0.085339,0.061728,0.114814,0.139256,0.109743
ACGCAATCACTACAGC-1,0.000641,0.101503,0.88696,0.010754,0.000085,0.000028,0.000028
ACGCATAAATGACATG-1,0.000025,0.122054,0.568779,0.146571,0.162522,0.000025,0.000025
ACGCATACGTTTACTA-1,0.116407,0.095669,0.373153,0.023852,0.325582,0.038493,0.026843
ACGCATTCGTGAGTAC-1,0.005407,0.046566,0.600944,0.006139,0.305324,0.000025,0.035595
ACGCCACTCGAAACAG-1,0.00002,0.00004,0.00006,0.00002,0.00006,0.00002,0.99978
ACGCCAGATGATTTCT-1,0.00008,0.231421,0.720522,0.023726,0.02417,0.000041,0.000041
ACGCCAGTGCGTTTGC-1,0.00002,0.00004,0.00006,0.00002,0.00006,0.000315,0.999487
ACGCCCAGCTGTCGAT-1,0.000049,0.468099,0.2261,0.265109,0.027883,0.012711,0.000049
ACGCCGCTAGACGACC-1,0.006494,0.232563,0.083606,0.393435,0.203197,0.000024,0.08068
ACGCCTGACACGCGCT-1,0.000123,0.277177,0.156537,0.201541,0.329321,0.001951,0.03335
ACGCGAAGTCAGACGA-1,0.000028,0.551915,0.008294,0.339495,0.089332,0.000028,0.010909
ACGCGCTACACAGGGT-1,0.000019,0.38713,0.290765,0.17019,0.117151,0.000019,0.034726
ACGCGGGCCAAGGACA-1,0.000028,0.264055,0.654403,0.019087,0.012684,0.049716,0.000028
ACGCGTTTCTTAAGAG-1,0.00005,0.473303,0.000151,0.00005,0.000151,0.526246,0.00005
ACGCTACTGAATGGGC-1,0.012182,0.087379,0.000089,0.00003,0.00155,0.10345,0.79532
ACGCTAGTATCAGTGC-1,0.012046,0.006627,0.935479,0.02356,0.022257,0.000016,0.000016
ACGCTAGTGATACACT-1,0.005137,0.317603,0.637621,0.010466,0.02909,0.000042,0.000042
ACGCTGTGAGGCGTAG-1,0.000021,0.229521,0.486662,0.050584,0.209826,0.016759,0.006627
ACGCTTAGTGTCTCTC-1,0.000066,0.78686,0.008023,0.000066,0.002351,0.202568,0.000066
