Barcode,Topic 1,Topic 2,Topic 3to8,Topic 9to10
AAACAAGTATCTCCCA-1,0.460915,0.068565,0.40977,0.060751
AAACACCAATAACTGC-1,0.014814,0.215699,0.54224,0.227248
AAACAGAGCGACTCCT-1,0.046206,0.000037,0.950303,0.003454
AAACAGCTTTCAGAAG-1,0.022729,0.236102,0.609317,0.131852
AAACAGGGTCTATATT-1,0.000066,0.159479,0.644887,0.195568
AAACAGTGTTCCTGGG-1,0.000026,0.000026,0.404215,0.595734
AAACATGGTGAGAGGA-1,0.000032,0.105756,0.000189,0.894023
AAACATTTCCCGGATT-1,0.766645,0.005596,0.226857,0.000902
AAACCACTACACAGAT-1,0.000018,0.000018,0.583781,0.416182
AAACCCGAACGAAATC-1,0.836846,0.056941,0.01507,0.091143
AAACCGGAAATGTTAA-1,0.775712,0.013738,0.117078,0.093471
AAACCGGGTAGGTACC-1,0.000018,0.000018,0.950241,0.049723
AAACCGTTCGTCCAGG-1,0.000064,0.001456,0.849452,0.149028
AAACCTAAGCAGCCGG-1,0.03348,0.003537,0.764397,0.198586
AAACCTCATGAAGTTG-1,0.000032,0.039315,0.741032,0.219621
AAACGAAGAACATACC-1,0.000069,0.263995,0.735797,0.000139
AAACGAAGATGGAGTA-1,0.0001,0.881327,0.118257,0.000316
AAACGACAGTCTTGCC-1,0.000052,0.27096,0.588752,0.140236
AAACGAGACGGTTGAT-1,0.00003,0.001881,0.94738,0.050709
AAACGCCCGAGATCGG-1,0.000035,0.000035,0.771741,0.22819
AAACGCTGGGCACGAC-1,0.521161,0.000016,0.359797,0.119026
AAACGGGCGTACGGGT-1,0.491118,0.071236,0.293591,0.144055
AAACGGTTGCGAACTG-1,0.030237,0.000023,0.600243,0.369497
AAACGTGTTCGCCCTA-1,0.000022,0.000022,0.871183,0.128773
AAACTAACGTGGCGAC-1,0.025358,0.017795,0.880904,0.075943
AAACTCGGTTCGCAAT-1,0.000032,0.036312,0.550765,0.412891
AAACTCGTGATATAAG-1,0.047315,0.000016,0.950616,0.002053
AAACTGCTGGCTCCAA-1,0.055629,0.000991,0.883602,0.059778
AAACTTAATTGCACGC-1,0.000067,0.774081,0.037747,0.188105
AAACTTGCAAACGTAT-1,0.000014,0.000014,0.902199,0.097773
AAAGAATGACCTTAGA-1,0.002781,0.472827,0.000255,0.524137
AAAGAATGTGGACTAA-1,0.764716,0.000016,0.121022,0.114246
AAAGACATGAAGTTTA-1,0.162701,0.380286,0.231151,0.225862
AAAGACCCAAGTCGCG-1,0.000081,0.43995,0.559807,0.000162
AAAGACTGGGCGCTTT-1,0.000032,0.050843,0.714114,0.235012
AAAGCTTGCCTACATA-1,0.148998,0.000016,0.566126,0.28486
AAAGGCCCTATAATAC-1,0.017654,0.284938,0.329378,0.368029
AAAGGCTACGGACCAT-1,0.000029,0.044146,0.699073,0.256752
AAAGGCTCTCGCGCCG-1,0.000031,0.0049,0.840137,0.154933
AAAGGGATGTAGCAAG-1,0.000022,0.000022,0.99279,0.007166
AAAGGGCAGCTTGAAT-1,0.000037,0.022864,0.745732,0.231366
AAAGGTAAGCTGTACC-1,0.000073,0.000073,0.977017,0.022837
AAAGGTCAACGACATG-1,0.00007,0.538252,0.382722,0.078956
AAAGTAGCATTGCTCA-1,0.016602,0.019712,0.822675,0.14101
AAAGTCACTGATGTAA-1,0.030116,0.120689,0.764535,0.08466
AAAGTCGACCCTCAGT-1,0.000022,0.000022,0.805301,0.194655
AAAGTGCCATCAATTA-1,0.796845,0.089903,0.02078,0.092471
AAAGTGTGATTTATCT-1,0.665586,0.017362,0.316959,0.000094
AAAGTTGACTCCCGTA-1,0.4814,0.139451,0.37518,0.003968
AAATAACCATACGGGA-1,0.032798,0.001469,0.960611,0.005121
AAATAAGGTAGTGCCC-1,0.070372,0.051965,0.658796,0.218868
AAATACCTATAAGCAT-1,0.043886,0.007228,0.931491,0.017394
AAATAGCTTAGACTTT-1,0.346196,0.088443,0.551872,0.01349
AAATAGGGTGCTATTG-1,0.095545,0.020489,0.861552,0.022414
AAATCACTCCTAAACG-1,0.147558,0.275375,0.547118,0.029949
AAATCCGATACACGCC-1,0.011863,0.000012,0.788396,0.19973
AAATCGCGGAAGGAGT-1,0.000101,0.88281,0.116888,0.000201
AAATCGTGTACCACAA-1,0.000013,0.000013,0.967295,0.032678
AAATCTAGCCCTGCTA-1,0.924115,0.055953,0.019877,0.000056
AAATCTGCCCGCGTCC-1,0.032873,0.232989,0.000112,0.734027
AAATGACTGATCAAAC-1,0.000013,0.000013,0.567818,0.432156
AAATGATTCGATCAGC-1,0.000049,0.000049,0.845215,0.154687
AAATGCTCGTTACGTT-1,0.000049,0.555656,0.323872,0.120423
AAATGGCATGTCTTGT-1,0.000047,0.000047,0.999812,0.000094
AAATGGCCCGTGCCCT-1,0.000061,0.076969,0.734331,0.188639
AAATGGTCAATGTGCC-1,0.062138,0.000027,0.884382,0.053453
AAATTAACGGGTAGCT-1,0.000029,0.03555,0.90031,0.064111
AAATTAATAAGCGCGA-1,0.000099,0.870944,0.128758,0.000198
AAATTACACGACTCTG-1,0.015968,0.000027,0.983201,0.000805
AAATTACCTATCGATG-1,0.00002,0.007286,0.992221,0.000472
AAATTCCAGGTCCAAA-1,0.344061,0.007011,0.506527,0.142401
AAATTGATAGTCCTTT-1,0.000103,0.219085,0.520801,0.260012
AAATTGGTGAGAAGCA-1,0.000033,0.055107,0.626452,0.318408
AAATTTACCGAAATCC-1,0.000054,0.045627,0.86757,0.08675
AAATTTGCGGGTGTGG-1,0.000016,0.000019,0.909321,0.090643
AACAACTGGTAGTTGC-1,0.000032,0.026982,0.919163,0.053823
AACAATACATTGTCGA-1,0.000021,0.000021,0.803962,0.195996
AACAATTACTCTACGC-1,0.000023,0.000023,0.934383,0.06557
AACACACGCTCGCCGC-1,0.606674,0.072772,0.320461,0.000093
AACACGACTGTACTGA-1,0.000046,0.000046,0.963703,0.036205
AACACGAGACGCGGCC-1,0.00005,0.00005,0.901102,0.098799
AACAGCTGTGTGGCAA-1,0.004278,0.012971,0.86366,0.119091
AACAGGAAATCGAATA-1,0.000016,0.000016,0.987575,0.012392
AACAGGATGGGCCGCG-1,0.000019,0.000019,0.965476,0.034486
AACAGGTAGTATGGAT-1,0.415074,0.000024,0.458919,0.125983
AACATAGCGTGTATCG-1,0.000011,0.000011,0.621734,0.378245
AACATATCAACTGGTG-1,0.051852,0.002526,0.900574,0.045049
AACATCGATACGTCTA-1,0.002033,0.000038,0.969167,0.028762
AACATTGAAGTTGATC-1,0.070373,0.537892,0.1534,0.238334
AACATTGTGACTCGAG-1,0.000035,0.044054,0.528797,0.427114
AACCAAGACTTCTCTG-1,0.00002,0.00002,0.885784,0.114177
AACCAGTATCACTCTT-1,0.040041,0.170026,0.533075,0.256859
AACCATAGGGTTGAAC-1,0.000039,0.544415,0.214502,0.241043
AACCATGGGATCGCTA-1,0.000085,0.940599,0.059147,0.000169
AACCCAGAGACGGAGA-1,0.000082,0.150823,0.848927,0.000169
AACCCATCCCATGATC-1,0.040142,0.378682,0.454431,0.126745
AACCCGACAACCCGTG-1,0.000033,0.010595,0.589702,0.39967
AACCCGAGCAGAATCG-1,0.65184,0.049261,0.108621,0.190279
AACCCGATAGGGCTTC-1,0.00003,0.00003,0.544906,0.455034
AACCCGCTGTATTCCA-1,0.000021,0.000021,0.346085,0.653873
AACCCTACTGTCAATA-1,0.526089,0.127704,0.265049,0.081158
AACCCTGGTGGAACCA-1,0.000018,0.000018,0.895998,0.103967
AACCGAGCTTGGTCAT-1,0.012923,0.045543,0.8033,0.138234
AACCGCTAAGGGATGC-1,0.372363,0.011905,0.615666,0.000065
AACCGTTGTGTTTGCT-1,0.000052,0.111926,0.870624,0.017398
AACCTAAAGCCGTCCG-1,0.000133,0.653504,0.297674,0.048689
AACCTCGCTTTAGCCC-1,0.017267,0.013812,0.791395,0.177526
AACCTGTCACGGAATT-1,0.012831,0.00002,0.711295,0.275854
AACCTTTAAATACGGT-1,0.000015,0.016492,0.972901,0.010592
AACCTTTACGACGTCT-1,0.000031,0.000031,0.994103,0.005835
AACGAAAGTCGTCCCA-1,0.031711,0.745857,0.038314,0.184118
AACGACCTCCTAGCCG-1,0.887134,0.038349,0.006117,0.068401
AACGATAATGCCGTAG-1,0.030932,0.000022,0.863662,0.105384
AACGATAGAAGGGCCG-1,0.000035,0.057529,0.922188,0.020248
AACGATATGTCAACTG-1,0.061363,0.029653,0.9064,0.002584
AACGCATGATCTGGGT-1,0.00003,0.00003,0.90394,0.096
AACGCGACCTTGGGCG-1,0.000032,0.015562,0.607649,0.376757
AACGCGGTCTCCAGCC-1,0.000076,0.057714,0.942057,0.000153
AACGCTGTTGCTGAAA-1,0.536517,0.236321,0.226933,0.000229
AACGGACGTACGTATA-1,0.783518,0.000023,0.208148,0.008311
AACGGCCATCTCCGGT-1,0.000013,0.000013,0.999948,0.000026
AACGTACTGTGGGTAC-1,0.021691,0.048449,0.764104,0.165756
AACGTCAGACTAGTGG-1,0.00006,0.047813,0.940948,0.011179
AACGTCATCCGGCTTG-1,0.043566,0.01841,0.341099,0.596925
AACGTCGCTGCACTTC-1,0.986201,0.000017,0.000104,0.013678
AACGTGATGAAGGACA-1,0.000034,0.000034,0.99549,0.004443
AACGTGCGAAAGTCTC-1,0.002538,0.000024,0.934907,0.062531
AACGTTATCAGCACCT-1,0.056935,0.540065,0.402792,0.000208
AACGTTCTACCATTGT-1,0.99983,0.000019,0.000113,0.000038
AACTACCCGTTTGTCA-1,0.515675,0.266009,0.038542,0.179774
AACTAGGCTTGGGTGT-1,0.009569,0.005793,0.738254,0.246383
AACTCAAGTTAATTGC-1,0.000015,0.000015,0.999018,0.000953
AACTCCAGAGCGTGTT-1,0.500575,0.275836,0.153954,0.069635
AACTCCTAATCCCATG-1,0.000097,0.18108,0.717935,0.100888
AACTCTCAATAGAGCG-1,0.039756,0.037173,0.923035,0.000036
AACTCTCAGTGTGCTC-1,0.000031,0.000031,0.837228,0.16271
AACTGAGGTCAGCGTC-1,0.000033,0.000033,0.999868,0.000066
AACTGAGTTATACTGA-1,0.331981,0.074272,0.28545,0.308296
AACTGATATTAGGCCT-1,0.000066,0.164741,0.798013,0.037179
AACTGGGTCCCGACGT-1,0.00001,0.00001,0.994312,0.005668
AACTGGGTTCGAGCCG-1,0.000083,0.555901,0.381632,0.062383
AACTGGTGTGGGCCTT-1,0.009786,0.874973,0.115073,0.000168
AACTTCTGCGTCTATC-1,0.160098,0.734761,0.024803,0.080338
AACTTGCCCGTATGCA-1,0.000026,0.000026,0.972037,0.027911
AACTTTACGGGAGCTT-1,0.03337,0.294277,0.324117,0.348237
AACTTTCTCGATCATG-1,0.000029,0.000029,0.727478,0.272463
AAGAAAGTTTGATGGG-1,0.000054,0.69755,0.076399,0.225997
AAGAAATCACCAGATT-1,0.070656,0.003862,0.626226,0.299256
AAGACATACGTGGTTT-1,0.888183,0.020975,0.000131,0.090711
AAGACCAAATAACTCA-1,0.000067,0.695106,0.176089,0.128738
AAGACCCAACTGAACA-1,0.046108,0.004778,0.758023,0.191091
AAGACTCACGCCCACT-1,0.032069,0.591295,0.326856,0.04978
AAGACTGCAAGCTACT-1,0.022158,0.000015,0.974965,0.002862
AAGAGATGAATCGGTA-1,0.000046,0.038783,0.86905,0.092121
AAGAGCTCTTTATCGG-1,0.033836,0.055692,0.803795,0.106677
AAGAGGATGTACGCGA-1,0.000049,0.000049,0.984894,0.015009
AAGAGGCATGGATCGC-1,0.000017,0.000017,0.996898,0.003068
AAGAGGCCCTTTGGAA-1,0.687278,0.000021,0.192322,0.120379
AAGATGGCACCGGACC-1,0.000035,0.022829,0.70415,0.272986
AAGATTGGCGGAACGT-1,0.29316,0.086837,0.527398,0.092605
AAGCACCCTGCGTATC-1,0.116714,0.000017,0.816721,0.066549
AAGCATACTCTCCTGA-1,0.141124,0.000019,0.765768,0.093088
AAGCCACTTGCAGGTA-1,0.043692,0.000015,0.207956,0.748337
AAGCCGAAGCGGTTTA-1,0.779737,0.125536,0.094643,0.000083
AAGCCGCCGTGAAATC-1,0.000052,0.220055,0.449717,0.330176
AAGCCGCTTTACCTTG-1,0.06105,0.00002,0.685177,0.253753
AAGCCGGAGAGCAGGA-1,0.759899,0.01644,0.121312,0.10235
AAGCGCAGGGCTTTGA-1,0.047439,0.008018,0.581082,0.363461
AAGCGGAGTGCGCGCA-1,0.00002,0.00002,0.822661,0.177299
AAGCGGCGTCATGGGT-1,0.000064,0.000064,0.910081,0.08979
AAGCGTCCCTCATCGA-1,0.000028,0.000028,0.873481,0.126463
AAGCTAGATCGAGTAA-1,0.032405,0.079649,0.870855,0.017091
AAGCTATGGATTGACC-1,0.047372,0.575596,0.08107,0.295961
AAGCTCGTGCCAAGTC-1,0.000041,0.044459,0.913223,0.042277
AAGCTCTTTCATGGTG-1,0.162142,0.022515,0.681026,0.134317
AAGGAGAACTTATAAG-1,0.068674,0.340815,0.590275,0.000236
AAGGAGCGGTTGGTGC-1,0.000061,0.000061,0.934457,0.06542
AAGGATCGATCGCTTG-1,0.444292,0.033721,0.510228,0.011759
AAGGATGAGGGACCTC-1,0.061641,0.001403,0.926514,0.010442
AAGGCAGGCTGTCTCC-1,0.289543,0.166536,0.261925,0.281996
AAGGCGCGTAAAGCTT-1,0.000051,0.00934,0.912378,0.07823
AAGGCTGTGCTCATCG-1,0.000013,0.000013,0.99995,0.000025
AAGGGAACGACTGGCT-1,0.000076,0.295683,0.438103,0.266137
AAGGGACAGATTCTGT-1,0.154556,0.000036,0.843738,0.00167
AAGGGACTATGCATTC-1,0.000069,0.0255,0.659858,0.314573
AAGGGTTAGCCATGCG-1,0.940838,0.03448,0.024625,0.000057
AAGGGTTTGATTTCAG-1,0.000078,0.62509,0.102867,0.271966
AAGGTATCCTAATATA-1,0.000031,0.000031,0.96807,0.031868
AAGGTGATAAACCAGC-1,0.441613,0.06075,0.497556,0.000081
AAGTAGAAGACCGGGT-1,0.000034,0.000034,0.959855,0.040077
AAGTAGTGACGCGAGG-1,0.000041,0.052764,0.895911,0.051284
AAGTCAATTGTCGTCA-1,0.354143,0.000035,0.6317,0.014121
AAGTCTAGTAGCTGCC-1,0.000028,0.000028,0.64377,0.356174
AAGTCTTCTGTGGCCT-1,0.002963,0.743681,0.136209,0.117147
AAGTGACGACCGAATT-1,0.00007,0.035449,0.879334,0.085147
AAGTGAGTCGGGTTTA-1,0.000031,0.000031,0.699365,0.300573
AAGTGCAAAGGTAGAC-1,0.00009,0.537335,0.462396,0.000179
AAGTGCCTTGACTGTA-1,0.705938,0.002355,0.230726,0.06098
AAGTGCGTTAGAATCT-1,0.000039,0.04482,0.751343,0.203798
AAGTGCTTCTCTATTG-1,0.000021,0.000021,0.355818,0.644141
AAGTGTTTGGAGACGG-1,0.160273,0.000048,0.779095,0.060584
AAGTTCACTCCAAGCT-1,0.078191,0.11971,0.72494,0.077159
AAGTTCAGTCTGCGTA-1,0.06113,0.121279,0.722539,0.095051
AAGTTCGGCCAACAGG-1,0.01711,0.002414,0.880954,0.099521
AAGTTGTGATGTTATA-1,0.927785,0.000017,0.033907,0.038291
AAGTTTACTAATGGCA-1,0.000071,0.61616,0.383626,0.000143
AAGTTTATGGGCCCAA-1,0.016771,0.093712,0.391904,0.497614
AATAACAACGCTCGGC-1,0.000023,0.000023,0.968247,0.031707
AATAACACTAGAACAA-1,0.015449,0.000046,0.904328,0.080176
AATAACGTCGCGCCCA-1,0.996371,0.000013,0.00008,0.003536
AATAAGTCCTCGAGAC-1,0.000041,0.002737,0.960866,0.036356
AATAATCTTCGTATCG-1,0.70808,0.000017,0.168209,0.123693
AATACAATGTTTCAGG-1,0.000035,0.056119,0.717018,0.226828
AATACCGGAGGGCTGT-1,0.000023,0.000023,0.628474,0.371481
AATACCTGATGTGAAC-1,0.829589,0.000017,0.04971,0.120684
AATAGAACAGAGTGGC-1,0.00004,0.093824,0.779868,0.126267
AATAGAATCTGTTTCA-1,0.207338,0.232603,0.441716,0.118343
AATAGCAAGCCTCCTG-1,0.000054,0.000054,0.828977,0.170915
AATAGCTACCGCGTGC-1,0.000028,0.000028,0.834095,0.165849
AATAGGCACGACCCTT-1,0.000021,0.000021,0.385286,0.614672
AATAGTCCGTCCCGAC-1,0.207325,0.095354,0.540662,0.156659
AATAGTCGCGAGTCGG-1,0.000108,0.65817,0.341508,0.000215
AATATCAAGGTCGGAT-1,0.000092,0.940641,0.059083,0.000184
AATATCCTAGCAAACT-1,0.000085,0.77651,0.145102,0.078304
AATATCGAATCAATGC-1,0.714758,0.023119,0.262051,0.000073
AATATCGAGGGTTCTC-1,0.000033,0.047876,0.8563,0.095791
AATATTGGAGTATTGA-1,0.00002,0.00002,0.929535,0.070425
AATCAGGTTTCATTTA-1,0.000038,0.000038,0.497617,0.502307
AATCATGTAAAGACTC-1,0.806333,0.048653,0.14493,0.000084
AATCCAAGGGCCTGAG-1,0.013176,0.000031,0.88661,0.100183
AATCCCGCTCAGAGCC-1,0.007559,0.000013,0.638217,0.354212
AATCGAGGTCTCAAGG-1,0.076589,0.092634,0.266114,0.564663
AATCGCCTCAGCGCCA-1,0.027217,0.006194,0.953911,0.012677
AATCGCGCAGAGGACT-1,0.293829,0.208458,0.228423,0.26929
AATCGGGACACTACGA-1,0.000033,0.001971,0.81434,0.183657
AATCGGTATAGCCCTC-1,0.785848,0.000016,0.191452,0.022685
AATCGTGAGCCGAGCA-1,0.132628,0.000014,0.758482,0.108876
AATCTAGGTTTACTTG-1,0.00005,0.069738,0.652592,0.27762
AATCTATGCCGGAGCC-1,0.009751,0.046258,0.861705,0.082286
AATCTCTACTGTGGTT-1,0.000056,0.002533,0.750436,0.246975
AATCTGCGTTGGGACG-1,0.084,0.005057,0.910893,0.000051
AATCTGGCTTTCTAGT-1,0.000076,0.187475,0.508123,0.304327
AATCTGGGTAGACCCT-1,0.000071,0.0052,0.935838,0.05889
AATGACAGCAATGTCT-1,0.000025,0.000025,0.976013,0.023938
AATGACGTAGGATGTC-1,0.007599,0.03749,0.952567,0.002344
AATGACTGTCAGCCGG-1,0.000054,0.000054,0.963405,0.036487
AATGATGATACGCTAT-1,0.000018,0.000018,0.999928,0.000036
AATGATGCGACTCCTG-1,0.000021,0.000021,0.999916,0.000042
AATGCAACCGGGTACC-1,0.000062,0.058475,0.894899,0.046565
AATGCACCAAGCAATG-1,0.079897,0.000024,0.860133,0.059946
AATGGCCGCCAATGCG-1,0.000053,0.038569,0.745181,0.216196
AATGGTCCACCGTTCA-1,0.000026,0.029626,0.793239,0.177108
AATGGTTCTCACAAGC-1,0.000032,0.00759,0.869749,0.122629
AATGTATGGCACTGTA-1,0.000109,0.671283,0.195097,0.13351
AATGTGCCCGAGGTGT-1,0.000061,0.002123,0.670229,0.327588
AATGTGCTAATCTGAG-1,0.000018,0.000018,0.706515,0.293448
AATGTTAAGACCCTGA-1,0.175262,0.000615,0.394411,0.429713
AATGTTGTCGTGAGAC-1,0.99906,0.000738,0.000152,0.000051
AATTAAAGGTCGGCGT-1,0.008145,0.001197,0.92475,0.065908
AATTAACGGATTTCCA-1,0.069283,0.027312,0.767344,0.136061
AATTACGAGACCCATC-1,0.23494,0.65565,0.109251,0.000158
AATTAGCGCTGCAGCG-1,0.000013,0.000013,0.999946,0.000027
AATTATACCCAGCAAG-1,0.017515,0.000015,0.48843,0.49404
AATTCATAAGGGATCT-1,0.346755,0.067807,0.534068,0.051369
AATTCATTGTCATGCA-1,0.000108,0.680868,0.243131,0.075893
AATTCCAAGCATGTAC-1,0.007256,0.003452,0.647015,0.342277
AATTCGATTCGAGGAT-1,0.000016,0.000016,0.844728,0.15524
AATTCTAGAGTTAGGC-1,0.00005,0.027941,0.841975,0.130034
AATTGAACGCTCTGGT-1,0.230697,0.001466,0.744456,0.023381
AATTGCAGCAATCGAC-1,0.74691,0.122807,0.043994,0.086289
AATTGCGTGGATTACA-1,0.000081,0.845499,0.000488,0.153931
AATTGTGGTTGCCAAA-1,0.877295,0.039369,0.000123,0.083213
AATTTGGGACATAGTA-1,0.00004,0.00004,0.989604,0.010315
AATTTGGTTCCAAAGA-1,0.000047,0.000047,0.999814,0.000093
ACAAACCATGCGTCCT-1,0.000045,0.673444,0.009653,0.316858
ACAAACCGACAAGGCG-1,0.053169,0.387172,0.382683,0.176977
ACAAACTCCATCAGAG-1,0.000016,0.000016,0.363578,0.63639
ACAAAGAAGGTAGGCC-1,0.000089,0.79001,0.209724,0.000177
ACAAAGCATGACCTAG-1,0.920516,0.000013,0.063724,0.015747
ACAAATCGCACCGAAT-1,0.228993,0.107797,0.639309,0.023901
ACAAATGGTAGTGTTT-1,0.135435,0.214292,0.649378,0.000894
ACAAATTCAGATCTGA-1,0.000052,0.060656,0.789587,0.149705
ACAACAGCATGAGCTA-1,0.000024,0.02579,0.863174,0.111011
ACAACGGTCCCTGCGA-1,0.000045,0.006784,0.86811,0.125061
ACAAGCAGTGCCTAGC-1,0.000038,0.000038,0.896432,0.103492
ACAAGCTATATGGAAG-1,0.000097,0.820499,0.179209,0.000195
ACAAGGAAATCCGCCC-1,0.00001,0.00001,0.996269,0.003711
ACAAGGACAAGAGGTT-1,0.000037,0.017883,0.973297,0.008782
ACAAGGATGCTTTAGG-1,0.238312,0.023139,0.601899,0.13665
ACAAGGCCTACCAGCC-1,0.020962,0.000063,0.865072,0.113903
ACAAGGGCAGGCTCTG-1,0.022834,0.029334,0.857191,0.090642
ACAAGTAATTGTAAGG-1,0.000937,0.220026,0.280955,0.498081
ACAATAGTCGTACGTT-1,0.000029,0.000029,0.877097,0.122845
ACAATCCATTTAAACC-1,0.013406,0.029309,0.91805,0.039235
ACAATCGATCTTTATA-1,0.088725,0.455868,0.208217,0.24719
ACAATGAATACGGAGA-1,0.000036,0.043009,0.741157,0.215799
ACAATGATTCTTCTAC-1,0.000066,0.040415,0.705364,0.254154
ACAATTGTGTCTCTTT-1,0.742171,0.124144,0.132371,0.001315
ACAATTTAGGAGGCTC-1,0.000072,0.48363,0.325906,0.190392
ACAATTTGAGCAGTGG-1,0.000029,0.039955,0.95906,0.000956
ACAATTTGGCCATATT-1,0.162095,0.079889,0.444964,0.313052
ACACAAAGACGGGTGG-1,0.000027,0.008554,0.973505,0.017915
ACACAAATATTCCTAG-1,0.054631,0.00004,0.655403,0.289926
ACACACCAGGACCAGT-1,0.333359,0.034579,0.631995,0.000067
ACACACTTTCTACACG-1,0.000021,0.000021,0.953204,0.046753
ACACATGATCAAATCT-1,0.000077,0.537792,0.211011,0.25112
ACACATTTCCGTAGAC-1,0.000021,0.000021,0.605121,0.394836
ACACCACATAATTAGC-1,0.004686,0.000021,0.862553,0.13274
ACACCCAGCATGCAGC-1,0.000029,0.000029,0.994754,0.005188
ACACCCGAGAAATCCG-1,0.000026,0.006311,0.889034,0.104629
ACACCCGTAAATCTGT-1,0.00007,0.503698,0.398792,0.09744
ACACCGGTCTGACCGC-1,0.379065,0.419485,0.120125,0.081325
ACACCTTAAGTAGGGC-1,0.000058,0.09446,0.884223,0.021258
ACACCTTACTACTTGC-1,0.275639,0.000018,0.658585,0.065758
ACACGAGACTCCTTCT-1,0.13799,0.002716,0.859246,0.000047
ACACGGCACTATGCAT-1,0.000053,0.004737,0.983707,0.011503
ACACGGGAACTTAGGG-1,0.000032,0.000032,0.998757,0.00118
ACACGTAGGCCACAAG-1,0.844878,0.036101,0.09066,0.028361
ACACTCCAATGTCACT-1,0.000079,0.959158,0.000473,0.04029
ACACTGATCAAGGTGT-1,0.000057,0.000057,0.832507,0.167379
ACACTGGGACAGTCGT-1,0.999812,0.000021,0.000125,0.000042
ACAGAACTGAGAACAA-1,0.000049,0.011074,0.843713,0.145163
ACAGATTAGGTTAGTG-1,0.000038,0.170857,0.737593,0.091512
ACAGCATAGAGCCAGT-1,0.00003,0.000266,0.899602,0.100101
ACAGCGACATTCTCAT-1,0.620805,0.07965,0.000295,0.29925
ACAGCGCACCCGCAGC-1,0.000093,0.000093,0.93077,0.069044
ACAGGCACGGATCCTT-1,0.739303,0.115545,0.000166,0.144986
ACAGGCTTGCCCGACT-1,0.258298,0.028708,0.697139,0.015855
ACAGGTGGAGGTGAGG-1,0.000025,0.00904,0.931892,0.059043
ACAGGTGTGTTGTTGC-1,0.031284,0.958356,0.008921,0.001439
ACAGTAATACAACTTG-1,0.000041,0.001648,0.775254,0.223057
ACAGTATACCGTGGGA-1,0.000042,0.003272,0.749554,0.247133
ACAGTGCAGCGCATTT-1,0.000052,0.588205,0.257411,0.154332
ACATAAGTCGTGGTGA-1,0.000102,0.839882,0.159813,0.000203
ACATAATAAGGCGGTG-1,0.000022,0.000022,0.880121,0.119834
ACATACAATCAAGCGG-1,0.619423,0.064924,0.11407,0.201584
ACATCAGCTGGGACGC-1,0.000036,0.02648,0.734668,0.238816
ACATCCCGGCCATACG-1,0.072198,0.019658,0.652897,0.255248
ACATCCTGGTAACTGT-1,0.374738,0.111805,0.466189,0.047267
ACATCGATCGTTTACC-1,0.000061,0.102643,0.883706,0.01359
ACATCGCAATATTCGG-1,0.00872,0.122442,0.281498,0.58734
ACATCGGTCAGCCGCG-1,0.073237,0.009522,0.869102,0.048138
ACATCGTATGCAATGG-1,0.054818,0.135262,0.74401,0.065911
ACATCGTTAACCTAGT-1,0.000064,0.012745,0.987063,0.000128
ACATCTCAACGCGTAA-1,0.000109,0.463291,0.536381,0.000218
ACATGCTTACGGCAGC-1,0.000039,0.386796,0.038176,0.574988
ACATGGCGCCAAAGTA-1,0.514684,0.001035,0.474952,0.009328
ACATTAGTTTATATCC-1,0.176542,0.085037,0.630911,0.10751
ACATTCGCGCGGAATA-1,0.000046,0.181725,0.300042,0.518186
ACATTTGAAACCTAAC-1,0.903635,0.000019,0.005511,0.090835
ACCAAACACCCAGCGA-1,0.000023,0.009315,0.869572,0.12109
ACCAAACTAGAAATCC-1,0.000045,0.861827,0.03733,0.100798
ACCAACACCACACACT-1,0.147745,0.002003,0.816255,0.033997
ACCAACCGCACTCCAC-1,0.678751,0.117654,0.022778,0.180817
ACCAACGCTTATTTAT-1,0.000034,0.03294,0.823418,0.143608
ACCAAGAACGCGTGTC-1,0.00005,0.095225,0.89411,0.010615
ACCAAGTCATCGGCAG-1,0.991008,0.000016,0.008944,0.000032
ACCAATATGCAAGTTA-1,0.003255,0.012892,0.856038,0.127814
ACCACAACTCAGAACA-1,0.00004,0.00004,0.827745,0.172174
ACCACAAGTTTCTATC-1,0.185448,0.000031,0.799114,0.015407
ACCACACGGTTGATGG-1,0.2214,0.017403,0.261956,0.499241
ACCACCAATGTAACAA-1,0.191351,0.039857,0.697146,0.071646
ACCACCCTCTCTTCTA-1,0.000041,0.014248,0.562962,0.422749
ACCACGTGCAGCTATA-1,0.140404,0.034876,0.729398,0.095323
ACCAGACCATAACAAC-1,0.00006,0.798833,0.200988,0.000119
ACCAGCCCGGTCTTTG-1,0.000056,0.201682,0.685513,0.112748
ACCAGTGCCCGGTCAA-1,0.000051,0.000051,0.999795,0.000103
ACCAGTGCGGGAGACG-1,0.734168,0.00627,0.259469,0.000092
ACCATATCCGCAATAA-1,0.01635,0.000014,0.983608,0.000028
ACCATCCGCCAACTAG-1,0.022091,0.21078,0.616882,0.150247
ACCATCGTATATGGTA-1,0.000041,0.001322,0.984259,0.014378
ACCCAACGCCCGTGGC-1,0.092167,0.023594,0.824419,0.05982
ACCCACCTACATGCTC-1,0.000037,0.059197,0.869164,0.071602
ACCCATCTTGAGGGTA-1,0.000029,0.000029,0.924439,0.075502
ACCCATTTGTCCCTCT-1,0.992571,0.007196,0.000175,0.000058
ACCCGAGCGAAATTAC-1,0.000025,0.016022,0.767631,0.216322
ACCCGATTGGTTCCGA-1,0.00003,0.010041,0.464319,0.525609
ACCCGGAAACTCCCAG-1,0.005542,0.000015,0.878013,0.116429
ACCCGGAGCACCACAA-1,0.736026,0.130901,0.013124,0.119949
ACCCGGATGACGCATC-1,0.38199,0.000024,0.615552,0.002434
ACCCGGTTACACTTCC-1,0.000043,0.000043,0.926807,0.073107
ACCCGTAGCAGAGAAT-1,0.315685,0.594354,0.003914,0.086046
ACCCGTAGTCTAGTTG-1,0.976917,0.000019,0.000117,0.022947
ACCCGTGTCATCAGTA-1,0.142239,0.000066,0.766075,0.09162
ACCCTATGCCATATCG-1,0.000101,0.000101,0.753555,0.246242
ACCCTCCCGTCAGGGC-1,0.858702,0.02486,0.088098,0.02834
ACCCTCCCTTGCTATT-1,0.329593,0.114435,0.541725,0.014247
ACCCTGGTAACGCCCT-1,0.014347,0.000021,0.909479,0.076154
ACCCTTCATCTGCGAA-1,0.000027,0.031759,0.92848,0.039734
ACCCTTGCCTGGGTCG-1,0.00002,0.00002,0.936217,0.063742
ACCCTTTAGTTCTCCA-1,0.000048,0.000048,0.886472,0.113432
ACCGAAAGGGCCCTGC-1,0.000033,0.16712,0.745087,0.087761
ACCGAAGAGTCTGGTT-1,0.000079,0.846676,0.10084,0.052405
ACCGACACATCTCCCA-1,0.007778,0.002446,0.718319,0.271457
ACCGACTGAGTCCCAC-1,0.066316,0.013198,0.879532,0.040954
ACCGAGTCTCCTTATT-1,0.005054,0.000011,0.682451,0.312484
ACCGATAGGCATAACC-1,0.912307,0.018313,0.006872,0.062508
ACCGATATTTAATCAT-1,0.766128,0.000024,0.052861,0.180987
ACCGATGGTAGCATCG-1,0.073031,0.001184,0.92574,0.000045
ACCGCAATAACTGCCT-1,0.003465,0.059474,0.814784,0.122278
ACCGCGGTGGAAGTCG-1,0.683674,0.000026,0.316248,0.000052
ACCGCTAGTCATTGGT-1,0.00002,0.00002,0.197005,0.802955
ACCGGGCCTTTGTTGA-1,0.547,0.108535,0.344321,0.000144
ACCGGTCAGGTACACC-1,0.000066,0.625317,0.188882,0.185735
ACCGGTCTGAGTACGG-1,0.000071,0.03924,0.95737,0.003319
ACCGTCCACTGGGCCC-1,0.000059,0.681643,0.098113,0.220184
ACCGTGACCACGTGGG-1,0.000889,0.035412,0.5964,0.367299
ACCGTTCCCGCTCTGA-1,0.000108,0.691405,0.285966,0.022521
ACCTAAGTACCTTTCA-1,0.00002,0.00002,0.991202,0.008759
ACCTAATCGACTTCCT-1,0.000057,0.018047,0.872492,0.109404
ACCTACAGTATGTGGT-1,0.348776,0.009085,0.584396,0.057743
ACCTACTATAAATCTA-1,0.00017,0.001746,0.712883,0.285201
ACCTCAGCGAGGCGCA-1,0.620242,0.095151,0.156232,0.128374
ACCTCCGCCCTCGCTG-1,0.176804,0.000014,0.543102,0.280079
ACCTCCGTTATTCACC-1,0.015287,0.000028,0.815467,0.169218
ACCTCGAACTTATGCT-1,0.02292,0.735425,0.00029,0.241365
ACCTGCGTGTCATGTT-1,0.000028,0.000028,0.900315,0.099629
ACGAAATGGGCGGCAC-1,0.000033,0.024213,0.842746,0.133008
ACGACCCATGAGTTGC-1,0.61939,0.000017,0.17505,0.205543
ACGACTCTAGGGCCGA-1,0.59384,0.006213,0.114701,0.285245
ACGACTGGTCATACTC-1,0.000031,0.007587,0.554526,0.437856
ACGAGATATTTGCTTA-1,0.000088,0.021762,0.93213,0.04602
ACGAGGATACCACTCT-1,0.000033,0.000033,0.749813,0.250121
ACGAGGTTTACAACGT-1,0.029226,0.838946,0.00034,0.131488
ACGAGTACGGATGCCC-1,0.008098,0.000024,0.975887,0.01599
ACGATACATAGAACTA-1,0.000021,0.000021,0.999917,0.000042
ACGATACCTATCCTGA-1,0.006405,0.843337,0.150039,0.000219
ACGATCATACATAGAG-1,0.110566,0.050497,0.712677,0.12626
ACGATCATCTTGTAAA-1,0.10761,0.146398,0.712676,0.033316
ACGATGCATATGTTAT-1,0.000041,0.015544,0.917676,0.066739
ACGATGGATCCGATGC-1,0.000045,0.010599,0.966402,0.022953
ACGCAAACTAATAGAT-1,0.000018,0.000018,0.846627,0.153338
ACGCAATCACTACAGC-1,0.044569,0.000024,0.86481,0.090597
ACGCATAAATGACATG-1,0.029641,0.001099,0.713958,0.255302
ACGCATACGTTTACTA-1,0.934005,0.000026,0.065916,0.000052
ACGCATTCGTGAGTAC-1,0.00002,0.00002,0.999919,0.000041
ACGCCACTCGAAACAG-1,0.000063,0.027701,0.338965,0.63327
ACGCCAGATGATTTCT-1,0.00003,0.002078,0.997832,0.00006
ACGCCAGTGCGTTTGC-1,0.380355,0.000013,0.526254,0.093378
ACGCCCAGCTGTCGAT-1,0.000097,0.757087,0.242623,0.000194
ACGCCGCTAGACGACC-1,0.000025,0.000025,0.963857,0.036092
ACGCGAAGTCAGACGA-1,0.017588,0.000036,0.871134,0.111242
ACGCGCTACACAGGGT-1,0.000046,0.02429,0.72303,0.252634
ACGCGGGCCAAGGACA-1,0.0806,0.008329,0.911036,0.000035
ACGCGTTTCTTAAGAG-1,0.000096,0.955372,0.044341,0.000191
ACGCTACTGAATGGGC-1,0.960076,0.000028,0.03984,0.000056
ACGCTAGTATCAGTGC-1,0.006864,0.470459,0.383018,0.139659
ACGCTAGTGATACACT-1,0.000037,0.000037,0.932487,0.06744
ACGCTGTGAGGCGTAG-1,0.000062,0.098501,0.739466,0.16197
ACGCTTAGTGTCTCTC-1,0.000199,0.417291,0.582111,0.000399
ACGGAACACGAGTGCC-1,0.667463,0.039478,0.052292,0.240767
ACGGAATTTAGCAAAT-1,0.00007,0.942425,0.057365,0.00014
ACGGACGCAGCGACAA-1,0.000037,0.737562,0.001839,0.260562
ACGGACTCTCAAAGCG-1,0.03701,0.079734,0.683125,0.200131
ACGGAGCGCAAATTAC-1,0.00003,0.00288,0.916198,0.080892
ACGGATGGTGCGGATA-1,0.004543,0.026756,0.877366,0.091334
ACGGCACTTGCTTGGG-1,0.008229,0.106638,0.792949,0.092184
ACGGCCAACATGGACT-1,0.012438,0.000015,0.984474,0.003072
ACGGCGACGATGGGAA-1,0.203917,0.004172,0.79185,0.000061
ACGGCTGGATGTAGAA-1,0.020371,0.707675,0.181599,0.090355
ACGGGAGTGTCGGCCC-1,0.000031,0.000031,0.941734,0.058204
ACGGGCGTATGCGACA-1,0.011235,0.050042,0.876341,0.062383
ACGGGTTGTGACCTGT-1,0.051606,0.50783,0.212681,0.227884
ACGGTACAGTTCAATG-1,0.685523,0.055423,0.001403,0.257651
ACGGTCACCGAGAACA-1,0.023199,0.648878,0.067781,0.260142
ACGTACAGATTTCTCT-1,0.000019,0.000019,0.961175,0.038787
ACGTACTTTGGCACGG-1,0.000024,0.00313,0.445561,0.551284
ACGTAGATTGCTGATG-1,0.000073,0.083742,0.91604,0.000145
ACGTAGGAGAGTCGCT-1,0.009983,0.052756,0.416177,0.521084
ACGTATTACTCCGATC-1,0.673619,0.157043,0.07417,0.095168
ACGTCGGGCAACTCGG-1,0.037617,0.536502,0.035329,0.390553
ACGTCTCGTTCCGGGA-1,0.000078,0.854984,0.144781,0.000157
ACGTGACAAAGTAAGT-1,0.000089,0.924132,0.075601,0.000178
ACGTGCGCCTCGTGCA-1,0.000059,0.017309,0.982508,0.000124
ACGTGGTCGAATGTGC-1,0.000136,0.42932,0.570272,0.000272
ACGTTAATGTCGAAGA-1,0.000018,0.000018,0.999927,0.000036
ACGTTAGATTTGCCCG-1,0.000067,0.03392,0.897603,0.06841
ACGTTATTGGTCACTC-1,0.000116,0.654523,0.34513,0.000231
ACGTTCACTATGCCGC-1,0.000021,0.000021,0.22477,0.775188
ACGTTCCGCGCTCCGT-1,0.000084,0.346421,0.576545,0.07695
ACGTTCGCAATCAATT-1,0.205554,0.033116,0.736716,0.024614
ACGTTCGTTCAGGAAA-1,0.000034,0.000044,0.806421,0.1935
ACGTTCTGTACAAGTC-1,0.463478,0.133395,0.225011,0.178117
ACGTTGTCGTTGAAAG-1,0.000027,0.000027,0.243535,0.756411
ACGTTTAGTTGTGATC-1,0.03841,0.044347,0.917106,0.000136
ACGTTTCGGTGCACTT-1,0.999811,0.000021,0.000126,0.000042
ACTAAGGACGCACACC-1,0.000026,0.000026,0.731899,0.26805
ACTAATACGTCAGGCG-1,0.000083,0.000083,0.999667,0.000166
ACTACAAAGAGAGGTG-1,0.012598,0.000021,0.621756,0.365625
ACTACATCCCGACAAG-1,0.201978,0.539168,0.099464,0.159391
ACTACCAGCTCTCTGG-1,0.000041,0.036462,0.944133,0.019364
ACTACCATCCGAGGGC-1,0.000024,0.000024,0.371193,0.62876
ACTACGCGTTAGAATT-1,0.005573,0.041141,0.635741,0.317545
ACTAGTTGCGATCGTC-1,0.784834,0.095595,0.119465,0.000105
ACTATATGCTGTGTTC-1,0.000121,0.008297,0.94117,0.050411
ACTATCCAGGGCATGG-1,0.524971,0.025378,0.447885,0.001765
ACTATCTGCCCGCGTA-1,0.739986,0.057362,0.138553,0.064099
ACTATGTCCAGCTGCC-1,0.000049,0.492638,0.110528,0.396785
ACTATTCGTCCGTGGT-1,0.000032,0.003394,0.996509,0.000065
ACTATTTCCGGGCCCA-1,0.000025,0.000624,0.780076,0.219276
ACTCAAGTGCAAGGCT-1,0.11111,0.12204,0.55531,0.21154
ACTCAATAAAGGCACG-1,0.008098,0.000051,0.991749,0.000102
ACTCAGACCTGCTTCT-1,0.000069,0.998494,0.0013,0.000137
ACTCATGGCAGCCTTC-1,0.007331,0.684235,0.053375,0.255059
ACTCCAATATCATCAT-1,0.000023,0.000023,0.623487,0.376466
ACTCCCATTCCTAAAG-1,0.029267,0.000029,0.783813,0.186891
ACTCCCGAATTCGTTT-1,0.246395,0.008198,0.745342,0.000065
ACTCCCGTAGACTAGG-1,0.035499,0.000734,0.725039,0.238728
ACTCCCTAATGCTAAA-1,0.094797,0.000014,0.878957,0.026232
ACTCCCTAGAATAGTA-1,0.074848,0.038463,0.78191,0.104779
ACTCCGGCCGACCACT-1,0.70518,0.023255,0.103719,0.167845
ACTCGCCGTTCGATAA-1,0.868876,0.000022,0.049215,0.081888
ACTCGCGATCTGACGC-1,0.119576,0.000018,0.62642,0.253986
ACTCGTAACCCGTCCT-1,0.000063,0.000091,0.850299,0.149547
ACTCGTCAGTAATCCC-1,0.067734,0.008075,0.921304,0.002888
ACTCTAAACCTGGGAT-1,0.030068,0.804681,0.048406,0.116845
ACTCTCTGACTTAGGT-1,0.000057,0.010824,0.914735,0.074385
ACTCTCTTATACACGA-1,0.000062,0.000062,0.811271,0.188604
ACTCTGACCTAATAGA-1,0.638747,0.034509,0.116128,0.210616
ACTCTTCAGCTCCCGC-1,0.001903,0.000025,0.626112,0.371959
ACTCTTGTATAGTAAC-1,0.06593,0.000043,0.883597,0.05043
ACTGAAACGCCGTTAG-1,0.872138,0.060635,0.067153,0.000074
ACTGAATGGCGAAAGT-1,0.40176,0.061528,0.536637,0.000075
ACTGATTTAGTGATTC-1,0.000094,0.000094,0.726612,0.273199
ACTGCCCGCCATTCTC-1,0.000029,0.008962,0.279314,0.711695
ACTGCCGTCGTAACTC-1,0.000045,0.008327,0.991537,0.00009
ACTGCGGACACACCGT-1,0.129277,0.02151,0.696686,0.152528
ACTGCTCGGAAGGATG-1,0.000078,0.845608,0.136571,0.017743
ACTGGCGAACCTGCGT-1,0.05758,0.001581,0.713674,0.227164
ACTGGGATGCCAGTGC-1,0.003271,0.000356,0.329204,0.667169
ACTGTACGATACACAT-1,0.019504,0.009456,0.886934,0.084106
ACTGTAGCACTTTGGA-1,0.000024,0.001248,0.981629,0.0171
ACTGTATACGCGAGCA-1,0.000073,0.502173,0.260442,0.237312
ACTGTCCAGGATTATA-1,0.013296,0.008869,0.947014,0.030822
ACTGTCTTCTTTAGAA-1,0.000026,0.000026,0.999896,0.000052
ACTGTGCTAGTAGATC-1,0.000134,0.823628,0.175969,0.000268
ACTGTTTAGTGTAGGC-1,0.000093,0.929158,0.070564,0.000185
ACTTACCGGGCGCGCA-1,0.000142,0.000142,0.926942,0.072774
ACTTACGCATCCACGC-1,0.001971,0.000022,0.871416,0.126591
ACTTAGTACGACAAGA-1,0.038177,0.708723,0.252934,0.000167
ACTTATACTTACCCGG-1,0.009978,0.038763,0.919228,0.032031
ACTTATTAGGATCGGT-1,0.075089,0.000503,0.881398,0.04301
ACTTATTTATGTGCCA-1,0.311561,0.228761,0.4595,0.000178
ACTTCAGGCTGATCCC-1,0.390086,0.075262,0.50268,0.031972
ACTTCCAGTGGAAGCT-1,0.000116,0.815196,0.184455,0.000232
ACTTCCATGCGGGACA-1,0.056887,0.060048,0.713903,0.169162
ACTTCCTGTCGTGCGA-1,0.029775,0.561005,0.228116,0.181104
ACTTCGCCATACGCAC-1,0.000061,0.041809,0.872836,0.085294
ACTTCGCTAGCGAGTG-1,0.010161,0.000048,0.66364,0.326151
ACTTGACTCCCTCTTT-1,0.028699,0.004284,0.838471,0.128546
ACTTGCCATATTGTAC-1,0.026393,0.485801,0.487599,0.000207
ACTTGCTCTATCTACC-1,0.082239,0.598399,0.016997,0.302365
ACTTGGGACCCGGTGG-1,0.000054,0.006523,0.940506,0.052918
ACTTGGGCTTTCGCCA-1,0.027644,0.020418,0.229403,0.722535
ACTTGTAGTCCCTTCA-1,0.000098,0.2612,0.704789,0.033913
ACTTGTGGATGGAACG-1,0.602143,0.078028,0.267784,0.052045
ACTTGTTACCGGATCA-1,0.00006,0.004313,0.276597,0.71903
ACTTTACCCTCATGAA-1,0.02924,0.00896,0.841677,0.120123
ACTTTATACACCACTT-1,0.011535,0.669365,0.006541,0.312559
ACTTTCCTATAGCTTC-1,0.000058,0.014259,0.792974,0.192709
ACTTTGACTGCATCCT-1,0.000042,0.00078,0.688488,0.31069
ACTTTGGTCGTGCTCC-1,0.003003,0.832005,0.079909,0.085082
ACTTTGTCGACGCACT-1,0.509398,0.000017,0.345368,0.145217
AGAAATTATGACTCGC-1,0.920354,0.000018,0.075624,0.004005
AGAACACGGCGATGGT-1,0.013778,0.606461,0.022745,0.357015
AGAACCCAGCGTGACA-1,0.123935,0.133102,0.244892,0.49807
AGAACCCTCAATTGGG-1,0.000073,0.871806,0.111237,0.016884
AGAACGTGGTACATTC-1,0.000026,0.000026,0.985017,0.014931
AGAACTGTACTTTGTA-1,0.45035,0.000019,0.188741,0.36089
AGAAGAGCGCCGTTCC-1,0.038953,0.150546,0.809309,0.001191
AGAAGGTACACTTCAC-1,0.000104,0.410453,0.532845,0.056597
AGAAGGTTGCCGAATT-1,0.005498,0.000037,0.884564,0.109902
AGAAGGTTGTAGGTCG-1,0.090377,0.001957,0.850307,0.057359
AGAAGTGATTCGTGAT-1,0.000024,0.000024,0.98246,0.017491
AGAATAAATCTTCAGG-1,0.000063,0.130333,0.765742,0.103863
AGAATACAGGCTATCC-1,0.874824,0.021389,0.053361,0.050427
AGAATGCGGGTTCGGA-1,0.00009,0.00009,0.976682,0.023137
AGAATTATGGATTCGA-1,0.033388,0.003997,0.95293,0.009684
AGAATTGTTTGACATA-1,0.007145,0.801171,0.191554,0.00013
AGACAGCTCAGAATCC-1,0.010091,0.844336,0.053014,0.092558
AGACAGGCATCTCAGC-1,0.756037,0.018131,0.025169,0.200663
AGACATAGATCCTTCC-1,0.020694,0.899503,0.007249,0.072553
AGACCAAACCACACCT-1,0.000092,0.576136,0.41913,0.004643
AGACCATGGGATACAA-1,0.000047,0.031243,0.826588,0.142122
AGACCCACCGCTGATC-1,0.000038,0.031327,0.844017,0.124618
AGACCCGCCCTCCTCG-1,0.000028,0.000028,0.99989,0.000055
AGACCGCTCCGCGGTT-1,0.897814,0.035709,0.066388,0.000088
AGACCGGGAAACCCTG-1,0.000026,0.015253,0.845369,0.139352
AGACGAAGTGCCGGTC-1,0.747782,0.009072,0.243051,0.000094
AGACGACGATGCCGCT-1,0.0163,0.036071,0.847433,0.100196
AGACGCCCACTTCGCC-1,0.679262,0.083354,0.055895,0.18149
AGACGGGATTGGTATA-1,0.039401,0.794757,0.165601,0.00024
AGACGGGCCGATTTAA-1,0.000067,0.000067,0.939144,0.060722
AGACTAGCCTTCCAGA-1,0.035884,0.005007,0.909039,0.050069
AGACTGTTACCGGGTC-1,0.000029,0.000029,0.601788,0.398153
AGAGAAACACCAGAAA-1,0.000018,0.000018,0.628406,0.371557
AGAGAACCGTCTAGGA-1,0.25168,0.098977,0.649269,0.000074
AGAGAAGGAGTACAAT-1,0.000059,0.002935,0.664287,0.33272
AGAGATCTCTAAAGCG-1,0.054765,0.055078,0.70803,0.182126
AGAGCAGTTATGAGAC-1,0.000057,0.138781,0.835236,0.025926
AGAGCCGCCGAGATTT-1,0.690108,0.112886,0.08881,0.108197
AGAGCGCTTGTAACGG-1,0.045715,0.000027,0.666142,0.288116
AGAGCGGGCTAATCAT-1,0.03758,0.062178,0.900141,0.0001
AGAGCGTACAAGCTCG-1,0.000036,0.000036,0.918837,0.081092
AGAGGCTTCGGAAACC-1,0.865605,0.031813,0.102532,0.000051
AGAGGGACAATTGTCC-1,0.000017,0.000017,0.851131,0.148836
AGAGGTATCTCGGTCC-1,0.087919,0.052713,0.806888,0.052479
AGAGTAAACTTCACTA-1,0.654676,0.200098,0.142185,0.003041
AGAGTATAGTGTTACG-1,0.000014,0.000014,0.934765,0.065207
AGAGTCTTAATGAAAG-1,0.923804,0.024817,0.049985,0.001395
AGAGTGAACAGACACC-1,0.043028,0.359139,0.387017,0.210816
AGAGTTAGAGACCGAT-1,0.000047,0.062553,0.932152,0.005248
AGAGTTGCAGGCCTCC-1,0.000032,0.000032,0.731661,0.268276
AGATAACTTCAGGGCC-1,0.020576,0.004134,0.965633,0.009657
AGATAATCACACCTAT-1,0.06174,0.20589,0.346168,0.386201
AGATACCAATAGAACC-1,0.794952,0.086406,0.000227,0.118414
AGATACCAGCACTTCA-1,0.006569,0.009975,0.680134,0.303322
AGATACCGGTGTTCAC-1,0.015735,0.000021,0.984202,0.000043
AGATACGACTTCATAT-1,0.00005,0.136735,0.676402,0.186814
AGATACTCAAGATCGA-1,0.232499,0.036963,0.730444,0.000095
AGATATAATACGACTA-1,0.072918,0.000016,0.715932,0.211134
AGATCGTGCATAAGAT-1,0.000028,0.000028,0.997,0.002943
AGATCTCAGGTGTGAT-1,0.028628,0.000035,0.971268,0.000069
AGATCTGGAGAGGATA-1,0.000064,0.748558,0.000384,0.250993
AGATGACTCGCCCACG-1,0.000045,0.000045,0.997016,0.002893
AGATGAGGGTTGCGAT-1,0.000029,0.000029,0.999886,0.000057
AGATGATGGAGTCTGG-1,0.425938,0.029476,0.544534,0.000051
AGATGCAAGACGTGCA-1,0.000056,0.006081,0.672788,0.321074
AGATGCATCCTGTGTC-1,0.017157,0.752844,0.122629,0.10737
AGATTATAGGACGTTT-1,0.052639,0.001861,0.878846,0.066654
AGATTCAAGCGGGTCG-1,0.000057,0.170352,0.492556,0.337035
AGATTCACAACCGATA-1,0.124607,0.384532,0.490738,0.000123
AGCAAAGGCCGCTAGT-1,0.008784,0.000771,0.782836,0.207608
AGCAACATATCTTATT-1,0.535259,0.056524,0.35541,0.052806
AGCAACCGAAAGTAAT-1,0.00679,0.004299,0.72253,0.266381
AGCACACGTTTAGACT-1,0.009754,0.122841,0.430626,0.436779
AGCACCAGTACTCACG-1,0.000037,0.000037,0.964601,0.035324
AGCACTACCGGCCTGT-1,0.000031,0.000031,0.793252,0.206685
AGCACTACCTCACCAG-1,0.071228,0.132582,0.67374,0.12245
AGCACTTAAGGACGCC-1,0.000066,0.006199,0.950157,0.043577
AGCAGAAGGAGAAAGA-1,0.009316,0.039779,0.609443,0.341462
AGCAGCCAGATGAATA-1,0.010212,0.028276,0.802628,0.158884
AGCAGTCGAAGCATGC-1,0.052324,0.007657,0.72978,0.210238
AGCATATCAATATGCT-1,0.312172,0.126775,0.448564,0.112489
AGCATCATTTCGAAAG-1,0.00004,0.00004,0.836384,0.163535
AGCATCGTCGATAATT-1,0.000095,0.066097,0.928234,0.005573
AGCATTACGAGGCAAG-1,0.923305,0.034724,0.007379,0.034592
AGCCAAGCTTTGTGTC-1,0.021584,0.00002,0.812121,0.166275
AGCCACAGGTTACCCG-1,0.22498,0.152293,0.520524,0.102203
AGCCACTCCCGTGCTT-1,0.000032,0.000032,0.999873,0.000063
AGCCATATAGTATGTG-1,0.003654,0.04361,0.617814,0.334922
AGCCCATACATGTAAG-1,0.000038,0.030032,0.899781,0.070148
AGCCCGCAACAAGCAG-1,0.10892,0.027138,0.510323,0.353619
AGCCCGCACTACAATG-1,0.987564,0.012281,0.000116,0.000039
AGCCCGGCATTAGAGG-1,0.02054,0.000026,0.51863,0.460804
AGCCCGGTAGCCTGTA-1,0.000042,0.000042,0.718319,0.281597
AGCCCTAAGCGAAGTT-1,0.055525,0.023405,0.920974,0.000096
AGCCCTCCCTGGTGGC-1,0.000022,0.000022,0.458873,0.541083
AGCCCTGTCGCACCGT-1,0.050991,0.00007,0.613282,0.335657
AGCCCTTCTAATCCGA-1,0.000028,0.000028,0.976369,0.023575
AGCCCTTGGACATCCC-1,0.999863,0.000015,0.000091,0.00003
AGCCGCAAATTCAAAT-1,0.081613,0.847297,0.070965,0.000125
AGCCGTGGCTAAATGT-1,0.000031,0.009195,0.798939,0.191835
AGCCTAATACCCACGT-1,0.000102,0.194414,0.683744,0.12174
AGCCTTAAAGCGGAAG-1,0.000073,0.773493,0.226288,0.000146
AGCCTTGTCACTGATA-1,0.055049,0.40106,0.034368,0.509523
AGCGACAGGAACGGTC-1,0.004223,0.024222,0.900063,0.071491
AGCGACATCCCATTCA-1,0.000063,0.115857,0.827512,0.056568
AGCGACCAACGATATT-1,0.116983,0.013796,0.869141,0.000081
AGCGACTTTGAAGACA-1,0.000012,0.000012,0.705461,0.294515
AGCGAGACGTGAAGGC-1,0.000049,0.40285,0.144395,0.452706
AGCGATGCGCCTAATA-1,0.323433,0.000013,0.556872,0.119682
AGCGCATAATGAATCG-1,0.000022,0.006999,0.923814,0.069165
AGCGCGGGTGCCAATG-1,0.03271,0.002958,0.953712,0.01062
AGCGCTAGAGCGATGT-1,0.204921,0.015663,0.475187,0.30423
AGCGCTTATGGGCAAG-1,0.000035,0.000035,0.999862,0.000069
AGCGGACACTTCGTAG-1,0.113207,0.028121,0.666929,0.191743
AGCGGCGGTTAGCGGT-1,0.000108,0.381707,0.550819,0.067366
AGCGGGAAGGGTCCAT-1,0.000079,0.802073,0.197689,0.000159
AGCGGGTCTGACACTC-1,0.004777,0.000018,0.575638,0.419567
AGCGGTTGAGATGTAC-1,0.01223,0.567205,0.227721,0.192844
AGCGGTTGCCGCTCTG-1,0.056589,0.008963,0.79488,0.139569
AGCGTGGTATTCTACT-1,0.000038,0.000038,0.953893,0.046031
AGCGTTCCGATTTAAA-1,0.000059,0.315318,0.594394,0.090229
AGCTAACAAGCAATGT-1,0.00004,0.009599,0.683368,0.306994
AGCTAAGCTCCGTCCG-1,0.003364,0.000023,0.249025,0.747588
AGCTAAGTACGCAGGC-1,0.127475,0.005564,0.639633,0.227328
AGCTACGAATGGTGGT-1,0.911523,0.014892,0.000149,0.073435
AGCTAGAAGCAGAAGT-1,0.000019,0.000019,0.999924,0.000038
AGCTATTTAATCCAAC-1,0.000039,0.00731,0.945024,0.047627
AGCTCCATATATGTTC-1,0.847725,0.065458,0.0613,0.025518
AGCTCCTTCGCACATC-1,0.445022,0.006402,0.493196,0.055379
AGCTCGTTGATGGAAA-1,0.00005,0.010448,0.733944,0.255557
AGCTCTAGACGTTCCA-1,0.087005,0.023299,0.889634,0.000062
AGCTCTTCCCAGTGCA-1,0.016706,0.000029,0.983208,0.000057
AGCTCTTCGTAACCTT-1,0.101929,0.042192,0.787555,0.068324
AGCTCTTTACTCAGTT-1,0.000057,0.010369,0.946743,0.042831
AGCTGAAGTAAACCAA-1,0.081336,0.000021,0.914409,0.004235
AGCTGCATTTGAGGTG-1,0.000107,0.547509,0.408589,0.043795
AGCTGCTGTGCCGAAT-1,0.012055,0.184146,0.663341,0.140459
AGCTGTAACCTCAATC-1,0.000065,0.000596,0.855622,0.143717
AGCTTCAATACTTTGA-1,0.044186,0.456652,0.279462,0.2197
AGCTTCTTCTCGAGCA-1,0.959649,0.008952,0.000146,0.031252
AGCTTGATCAGGGTAG-1,0.000063,0.694677,0.017837,0.287423
AGCTTGATCTTAACTT-1,0.000075,0.013363,0.832052,0.15451
AGGAACGAACGACTTC-1,0.963202,0.003567,0.000144,0.033087
AGGAAGCTGTCCGCCG-1,0.030346,0.000017,0.793866,0.175771
AGGACAGTCGAATCCC-1,0.170326,0.032468,0.748885,0.048321
AGGACATCGCACGTCG-1,0.103466,0.022781,0.731294,0.142459
AGGACATCGGCACACT-1,0.92772,0.06098,0.005823,0.005476
AGGACGACCCATTAGA-1,0.000061,0.000061,0.939434,0.060444
AGGACGCTCGATGTTG-1,0.000022,0.000022,0.998764,0.001192
AGGAGACATCCACAGT-1,0.000013,0.000013,0.931518,0.068455
AGGAGAGTCTGGCTAC-1,0.000317,0.064962,0.659086,0.275636
AGGAGCGTTTATTATC-1,0.928801,0.020706,0.050403,0.000091
AGGAGGCCTTCGCGCG-1,0.851877,0.036107,0.111948,0.000069
AGGATAAAGTCGGGAT-1,0.115926,0.118842,0.703602,0.06163
AGGATATAGGGATTTA-1,0.557292,0.171813,0.27078,0.000116
AGGATATCCGACTGCA-1,0.574675,0.022975,0.079941,0.322409
