Barcode,Topic 1,Topic 2to3,Topic 4to5,Topic 6to13
AAACAAGTATCTCCCA-1,0.00002,0.500457,0.047874,0.451649
AAACAATCTACTAGCA-1,0.00014,0.027717,0.277484,0.694659
AAACACCAATAACTGC-1,0.000053,0.028132,0.335044,0.636772
AAACAGAGCGACTCCT-1,0.000029,0.05381,0.218973,0.727188
AAACAGCTTTCAGAAG-1,0.000054,0.001473,0.708588,0.289885
AAACAGGGTCTATATT-1,0.00005,0.0001,0.641522,0.358329
AAACAGTGTTCCTGGG-1,0.00002,0.000039,0.357827,0.642114
AAACATGGTGAGAGGA-1,0.590953,0.000049,0.017751,0.391247
AAACATTTCCCGGATT-1,0.000019,0.793891,0.026417,0.179674
AAACCCGAACGAAATC-1,0.000017,0.849064,0.074582,0.076338
AAACCGGAAATGTTAA-1,0.000022,0.814105,0.121649,0.064223
AAACCGGGTAGGTACC-1,0.000014,0.000028,0.000028,0.99993
AAACCGTTCGTCCAGG-1,0.000049,0.000097,0.700318,0.299536
AAACCTAAGCAGCCGG-1,0.00001,0.051894,0.096287,0.85181
AAACCTCATGAAGTTG-1,0.000024,0.014468,0.087556,0.897952
AAACGAAGAACATACC-1,0.000053,0.000105,0.800458,0.199384
AAACGAAGATGGAGTA-1,0.000076,0.000151,0.999168,0.000605
AAACGAGACGGTTGAT-1,0.000023,0.007618,0.321737,0.670623
AAACGCCCGAGATCGG-1,0.000026,0.000053,0.028947,0.970974
AAACGCTGGGCACGAC-1,0.000012,0.658035,0.000895,0.341058
AAACGGGCGTACGGGT-1,0.013412,0.543303,0.229834,0.213451
AAACGGGTTGGTATCC-1,0.000217,0.037016,0.516105,0.446662
AAACGGTTGCGAACTG-1,0.000018,0.033346,0.115954,0.850683
AAACGTGTTCGCCCTA-1,0.000017,0.000034,0.099668,0.900282
AAACTAACGTGGCGAC-1,0.000052,0.000104,0.60555,0.394294
AAACTCGGTTCGCAAT-1,0.000024,0.015202,0.502498,0.482276
AAACTCGTGATATAAG-1,0.000012,0.048249,0.000761,0.950978
AAACTGCTGGCTCCAA-1,0.000013,0.066549,0.060943,0.872495
AAACTTAATTGCACGC-1,0.000051,0.008726,0.892064,0.099159
AAACTTGCAAACGTAT-1,0.000011,0.005347,0.000021,0.994621
AAAGAATGACCTTAGA-1,0.323867,0.000065,0.347108,0.328959
AAAGAATGTGGACTAA-1,0.000012,0.80672,0.003388,0.18988
AAAGACATGAAGTTTA-1,0.000041,0.154582,0.47584,0.369537
AAAGACCCAAGTCGCG-1,0.000061,0.000121,0.999334,0.000484
AAAGACTGGGCGCTTT-1,0.021246,0.000049,0.233966,0.744739
AAAGCTTGCCTACATA-1,0.000012,0.161513,0.064402,0.774072
AAAGGCCCTATAATAC-1,0.000046,0.008887,0.586017,0.40505
AAAGGCTACGGACCAT-1,0.000022,0.000044,0.29158,0.708354
AAAGGCTCTCGCGCCG-1,0.000023,0.000047,0.176048,0.823882
AAAGGGATGTAGCAAG-1,0.000017,0.000034,0.045455,0.954495
AAAGGGCAGCTTGAAT-1,0.000029,0.000057,0.272922,0.726993
AAAGGTAAGCTGTACC-1,0.000056,0.000111,0.339098,0.660734
AAAGTAGCATTGCTCA-1,0.00005,0.000101,0.435417,0.564431
AAAGTCACTGATGTAA-1,0.000022,0.020514,0.232155,0.747308
AAAGTCGACCCTCAGT-1,0.000017,0.000034,0.000034,0.999915
AAAGTGCCATCAATTA-1,0.000026,0.817056,0.135035,0.047883
AAAGTGTGATTTATCT-1,0.000036,0.693024,0.173921,0.133019
AAAGTTGACTCCCGTA-1,0.000035,0.511048,0.264517,0.2244
AAATAACCATACGGGA-1,0.000021,0.03064,0.008798,0.960542
AAATAAGGTAGTGCCC-1,0.000022,0.093933,0.319511,0.586534
AAATACCTATAAGCAT-1,0.001035,0.0539,0.00921,0.935854
AAATAGCTTAGACTTT-1,0.000017,0.46612,0.11338,0.420483
AAATAGGGTGCTATTG-1,0.000014,0.129427,0.080265,0.790295
AAATCCGATACACGCC-1,0.000009,0.018593,0.025153,0.956245
AAATCGCGGAAGGAGT-1,0.000075,0.00015,0.999175,0.0006
AAATCGTGTACCACAA-1,0.00001,0.000108,0.000021,0.999861
AAATCTAGCCCTGCTA-1,0.000021,0.918749,0.081058,0.000171
AAATCTGCCCGCGTCC-1,0.425551,0.045808,0.139456,0.389185
AAATGACTGATCAAAC-1,0.00001,0.00002,0.005782,0.994187
AAATGATTCGATCAGC-1,0.000038,0.000075,0.035297,0.96459
AAATGCTCGTTACGTT-1,0.000037,0.000075,0.615775,0.384113
AAATGGCATGTCTTGT-1,0.000036,0.000072,0.295037,0.704856
AAATGGCCCGTGCCCT-1,0.000046,0.000093,0.378741,0.62112
AAATGGTCAATGTGCC-1,0.000021,0.074467,0.05458,0.870933
AAATGTATCTTATCCC-1,0.403326,0.031278,0.378589,0.186806
AAATGTGGGTGCTCCT-1,0.000105,0.100751,0.20935,0.689795
AAATTAACGGGTAGCT-1,0.000022,0.000045,0.238476,0.761457
AAATTAATAAGCGCGA-1,0.071514,0.000147,0.927749,0.000589
AAATTACACGACTCTG-1,0.00002,0.017434,0.019307,0.963239
AAATTACCTATCGATG-1,0.006882,0.000177,0.064061,0.92888
AAATTCCAGGTCCAAA-1,0.000009,0.59799,0.030591,0.371411
AAATTGATAGTCCTTT-1,0.000078,0.000156,0.520262,0.479504
AAATTGCGGCGGTTCT-1,0.000256,0.09075,0.299337,0.609656
AAATTGGTGAGAAGCA-1,0.000025,0.00005,0.279237,0.720688
AAATTTACCGAAATCC-1,0.000041,0.000082,0.161832,0.838045
AAATTTGCGGGTGTGG-1,0.000013,0.006739,0.014537,0.978711
AACAACTGGTAGTTGC-1,0.000024,0.000049,0.109885,0.890042
AACAATACATTGTCGA-1,0.000016,0.000032,0.032354,0.967598
AACAATTACTCTACGC-1,0.000018,0.000036,0.000036,0.999911
AACACACGCTCGCCGC-1,0.000035,0.636735,0.319705,0.043525
AACACGACTGTACTGA-1,0.000035,0.00007,0.200809,0.799087
AACACGAGACGCGGCC-1,0.000038,0.000076,0.367033,0.632854
AACACGCGGCCGCGAA-1,0.000145,0.042938,0.220031,0.736885
AACAGCTGTGTGGCAA-1,0.000022,0.000044,0.101145,0.898789
AACAGGAAATCGAATA-1,0.000013,0.000025,0.000156,0.999806
AACAGGATGGGCCGCG-1,0.000015,0.000029,0.000072,0.999884
AACAGGTAGTATGGAT-1,0.000019,0.539898,0.031283,0.428801
AACATAGCGTGTATCG-1,0.000008,0.003814,0.002059,0.994118
AACATATCAACTGGTG-1,0.000018,0.078156,0.095278,0.826547
AACATCGATACGTCTA-1,0.000029,0.023535,0.264887,0.711549
AACATTGAAGTTGATC-1,0.000053,0.072129,0.655923,0.271895
AACATTGGTCAGCCGT-1,0.000291,0.000583,0.700458,0.298668
AACATTGTGACTCGAG-1,0.002659,0.000054,0.417148,0.580139
AACCAAGACTTCTCTG-1,0.001731,0.00003,0.00003,0.998208
AACCAGTATCACTCTT-1,0.000037,0.08731,0.166346,0.746307
AACCATAGGGTTGAAC-1,0.00003,0.02111,0.549833,0.429027
AACCATGGGATCGCTA-1,0.000063,0.000127,0.999303,0.000507
AACCCAGAGACGGAGA-1,0.000062,0.000123,0.795889,0.203926
AACCCATCCCATGATC-1,0.000079,0.040839,0.78357,0.175512
AACCCGACAACCCGTG-1,0.000025,0.00005,0.272449,0.727476
AACCCGAGCAGAATCG-1,0.000016,0.654656,0.051502,0.293826
AACCCGCTGTATTCCA-1,0.000016,0.000152,0.010845,0.988987
AACCCTACTGTCAATA-1,0.002367,0.581985,0.224255,0.191393
AACCCTGGTGGAACCA-1,0.000014,0.000027,0.000027,0.999932
AACCGAGCTTGGTCAT-1,0.008278,0.039551,0.257542,0.694629
AACCGCTAAGGGATGC-1,0.000025,0.436125,0.093915,0.469935
AACCGTTGTGTTTGCT-1,0.058453,0.00008,0.130688,0.810779
AACCTAAAGCCGTCCG-1,0.000101,0.000202,0.723747,0.27595
AACCTCGCTTTAGCCC-1,0.00215,0.02293,0.139447,0.835473
AACCTGTCACGGAATT-1,0.000015,0.031533,0.035746,0.932706
AACCTTTAAATACGGT-1,0.000011,0.003745,0.046029,0.950215
AACCTTTACGACGTCT-1,0.000024,0.000048,0.006673,0.993255
AACGAAAGTCGTCCCA-1,0.00005,0.031856,0.765061,0.203033
AACGACCTCCTAGCCG-1,0.012752,0.885533,0.038312,0.063403
AACGATAATGCCGTAG-1,0.005563,0.079268,0.088746,0.826423
AACGATAGAAGGGCCG-1,0.000027,0.000054,0.11381,0.886109
AACGATATGTCAACTG-1,0.00003,0.079961,0.342674,0.577334
AACGCATGATCTGGGT-1,0.000023,0.000046,0.128587,0.871344
AACGCGAACGGCAACA-1,0.000191,0.000383,0.46756,0.531866
AACGCGACCTTGGGCG-1,0.000025,0.000049,0.366558,0.633368
AACGCGGTCTCCAGCC-1,0.000058,0.000116,0.44301,0.556815
AACGCTGTTGCTGAAA-1,0.000088,0.557948,0.283241,0.158724
AACGGACGTACGTATA-1,0.000018,0.855316,0.000036,0.14463
AACGGCCATCTCCGGT-1,0.00001,0.00002,0.00002,0.99995
AACGTACTGTGGGTAC-1,0.000034,0.021347,0.260678,0.717941
AACGTAGTCTACCCAT-1,0.000205,0.000409,0.398297,0.601089
AACGTCAGACTAGTGG-1,0.000045,0.000091,0.563483,0.436381
AACGTCGCTGCACTTC-1,0.001092,0.998775,0.000027,0.000107
AACGTGATGAAGGACA-1,0.000026,0.000051,0.060653,0.93927
AACGTGCGAAAGTCTC-1,0.000018,0.009356,0.110764,0.879861
AACGTTATCAGCACCT-1,0.267054,0.073265,0.419728,0.239952
AACGTTCTACCATTGT-1,0.000014,0.999841,0.000029,0.000116
AACTACCCGTTTGTCA-1,0.000043,0.523975,0.285737,0.190246
AACTAGCGTATCGCAC-1,0.000115,0.156816,0.262909,0.580159
AACTAGGCTTGGGTGT-1,0.000033,0.037672,0.406796,0.555499
AACTCAAGTTAATTGC-1,0.000532,0.000023,0.040286,0.959159
AACTCCAGAGCGTGTT-1,0.009029,0.57396,0.347894,0.069117
AACTCCTAATCCCATG-1,0.000074,0.000148,0.493352,0.506425
AACTCGATAAACACGT-1,0.000207,0.0788,0.45405,0.466944
AACTCGATGGCGCAGT-1,0.077913,0.089279,0.263226,0.569582
AACTCTCAATAGAGCG-1,0.000014,0.050923,0.048204,0.90086
AACTCTCAGTGTGCTC-1,0.000024,0.000048,0.128013,0.871915
AACTGAGGTCAGCGTC-1,0.000025,0.00005,0.00005,0.999874
AACTGAGTTATACTGA-1,0.001581,0.384791,0.166082,0.447546
AACTGATATTAGGCCT-1,0.034015,0.000101,0.760165,0.205719
AACTGGGTCCCGACGT-1,0.000008,0.000016,0.000016,0.999961
AACTGGGTTCGAGCCG-1,0.02823,0.000125,0.740606,0.231039
AACTGGTGTGGGCCTT-1,0.000062,0.000124,0.999318,0.000496
AACTTCTGCGTCTATC-1,0.000046,0.163902,0.835679,0.000372
AACTTGCCCGTATGCA-1,0.00002,0.00004,0.00004,0.9999
AACTTGCGTTCTCGCG-1,0.008301,0.021884,0.194793,0.775022
AACTTTACGGGAGCTT-1,0.000028,0.093356,0.324335,0.582281
AACTTTAGCTGCTGAG-1,0.000117,0.084967,0.432827,0.48209
AAGAAAGTTTGATGGG-1,0.000041,0.000082,0.888403,0.111475
AAGAAGGATCAGTTAG-1,0.010932,0.098029,0.283449,0.607591
AAGACATACGTGGTTT-1,0.000017,0.887772,0.02775,0.084461
AAGACCAAATAACTCA-1,0.006096,0.000101,0.871619,0.122184
AAGACCCAACTGAACA-1,0.000011,0.044001,0.092763,0.863225
AAGACTAACCCGTTGT-1,0.000226,0.039975,0.324662,0.635137
AAGACTCACGCCCACT-1,0.000051,0.03377,0.795677,0.170502
AAGACTGCAAGCTACT-1,0.000012,0.034781,0.001647,0.96356
AAGAGATGAATCGGTA-1,0.000036,0.000071,0.320212,0.679681
AAGAGCTCTTTATCGG-1,0.000032,0.114763,0.320483,0.564723
AAGAGGATGTACGCGA-1,0.000037,0.000074,0.247417,0.752471
AAGAGGCATGGATCGC-1,0.000013,0.0096,0.019564,0.970823
AAGAGGCCCTTTGGAA-1,0.018513,0.730475,0.001632,0.249379
AAGATGGCACCGGACC-1,0.000026,0.000053,0.27531,0.724611
AAGATTGGCGGAACGT-1,0.092358,0.31831,0.145602,0.44373
AAGCACCCTGCGTATC-1,0.000013,0.132175,0.007474,0.860338
AAGCATACTCTCCTGA-1,0.000015,0.162418,0.080705,0.756862
AAGCCACTTGCAGGTA-1,0.000011,0.065046,0.000023,0.93492
AAGCCGAAGCGGTTTA-1,0.000032,0.809479,0.190234,0.000255
AAGCCGCCGTGAAATC-1,0.00425,0.000079,0.630892,0.364779
AAGCCGGAGAGCAGGA-1,0.000022,0.783886,0.143536,0.072556
AAGCGCAGGGCTTTGA-1,0.000024,0.055842,0.331595,0.61254
AAGCGGCGTCATGGGT-1,0.040772,0.000098,0.041933,0.917196
AAGCGTCCCTCATCGA-1,0.000022,0.000043,0.000043,0.999892
AAGCTAGATCGAGTAA-1,0.000019,0.03585,0.160986,0.803144
AAGCTATGGATTGACC-1,0.017064,0.050014,0.668488,0.264434
AAGCTCGTGCCAAGTC-1,0.000031,0.000063,0.313144,0.686762
AAGCTCTTTCATGGTG-1,0.002905,0.252835,0.204812,0.539448
AAGGAGAACTTATAAG-1,0.000089,0.051541,0.584449,0.363921
AAGGAGCGGTTGGTGC-1,0.000047,0.000093,0.449325,0.550534
AAGGATCGATCGCTTG-1,0.000021,0.620232,0.071298,0.308448
AAGGATGAGGGACCTC-1,0.000033,0.079848,0.372786,0.547332
AAGGCAGGCTGTCTCC-1,0.000024,0.357547,0.339709,0.30272
AAGGCGCGTAAAGCTT-1,0.001767,0.000078,0.513244,0.484912
AAGGCTGTGCTCATCG-1,0.00001,0.000019,0.000019,0.999952
AAGGGAACGACTGGCT-1,0.000058,0.000116,0.628266,0.37156
AAGGGACAGATTCTGT-1,0.000028,0.168015,0.293486,0.538472
AAGGGACTATGCATTC-1,0.000052,0.000104,0.529467,0.470376
AAGGGTTAGCCATGCG-1,0.000022,0.942451,0.05735,0.000176
AAGGGTTTGATTTCAG-1,0.134762,0.000118,0.556386,0.308734
AAGGTATCCTAATATA-1,0.005187,0.000047,0.140479,0.854286
AAGGTGATAAACCAGC-1,0.000031,0.47895,0.321963,0.199057
AAGTAAGCTTCCAAAC-1,0.000143,0.288858,0.381001,0.329998
AAGTAGAAGACCGGGT-1,0.000026,0.000052,0.021172,0.978749
AAGTAGTGACGCGAGG-1,0.000031,0.000063,0.235149,0.764757
AAGTCAATTGTCGTCA-1,0.000027,0.450406,0.0552,0.494367
AAGTCTTCTGTGGCCT-1,0.000061,0.000121,0.898735,0.101083
AAGTGACGACCGAATT-1,0.000054,0.000107,0.467535,0.532305
AAGTGAGTCGGGTTTA-1,0.000024,0.000047,0.206826,0.793103
AAGTGCAAAGGTAGAC-1,0.019082,0.000135,0.938865,0.041919
AAGTGCCTTGACTGTA-1,0.006021,0.799135,0.006715,0.188129
AAGTGCGTTAGAATCT-1,0.053529,0.00006,0.091359,0.855052
AAGTGCTTCTCTATTG-1,0.000016,0.000032,0.125826,0.874126
AAGTGTTTGGAGACGG-1,0.000013,0.338064,0.065529,0.596394
AAGTTCACTCCAAGCT-1,0.000035,0.211336,0.387287,0.401341
AAGTTCAGTCTGCGTA-1,0.000049,0.086261,0.422045,0.491646
AAGTTCGGCCAACAGG-1,0.000026,0.033747,0.079965,0.886262
AAGTTGTGATGTTATA-1,0.000013,0.916834,0.000026,0.083127
AAGTTTACTAATGGCA-1,0.000054,0.000108,0.77125,0.228589
AAGTTTATGGGCCCAA-1,0.00002,0.029558,0.389557,0.580864
AATAACAACGCTCGGC-1,0.000018,0.000035,0.008436,0.991511
AATAACACTAGAACAA-1,0.000035,0.01386,0.494554,0.49155
AATAACGTCGCGCCCA-1,0.00001,0.999888,0.00002,0.000082
AATAAGTCCTCGAGAC-1,0.000031,0.000062,0.36034,0.639567
AATAATCTTCGTATCG-1,0.000013,0.765617,0.005701,0.228669
AATACAATGTTTCAGG-1,0.000026,0.000053,0.173994,0.825927
AATACCGGAGGGCTGT-1,0.000017,0.000035,0.034563,0.965385
AATACCTGATGTGAAC-1,0.000013,0.860794,0.000027,0.139166
AATAGAACAGAGTGGC-1,0.000504,0.000062,0.352683,0.646751
AATAGAATCTGTTTCA-1,0.187103,0.272055,0.182911,0.35793
AATAGCAAGCCTCCTG-1,0.000042,0.000083,0.161903,0.837973
AATAGCTACCGCGTGC-1,0.000022,0.000043,0.013598,0.986337
AATAGTCCGTCCCGAC-1,0.000032,0.22627,0.338411,0.435286
AATAGTCGCGAGTCGG-1,0.000081,0.000162,0.978071,0.021687
AATATCAAGGTCGGAT-1,0.000069,0.000138,0.999242,0.000551
AATATCCTAGCAAACT-1,0.018213,0.000127,0.936116,0.045544
AATATCGAATCAATGC-1,0.000028,0.732097,0.108997,0.158878
AATATCGAGGGTTCTC-1,0.000025,0.012683,0.176767,0.810524
AATATTGGAGTATTGA-1,0.000015,0.006361,0.000031,0.993593
AATCAGACTGCAGGAC-1,0.000246,0.000492,0.446068,0.553195
AATCAGGTTTCATTTA-1,0.000029,0.000058,0.245382,0.754531
AATCATGTAAAGACTC-1,0.000032,0.829823,0.149543,0.020602
AATCCAAGGGCCTGAG-1,0.000023,0.015384,0.0796,0.904992
AATCCATGCAAGGGTG-1,0.000154,0.000308,0.447036,0.552503
AATCCCGCTCAGAGCC-1,0.00001,0.007064,0.004848,0.988078
AATCGAGGTCTCAAGG-1,0.000018,0.091383,0.329915,0.578685
AATCGCCTCAGCGCCA-1,0.000034,0.103551,0.503473,0.392942
AATCGCGCAGAGGACT-1,0.000028,0.333615,0.237924,0.428433
AATCGGGACACTACGA-1,0.000025,0.00005,0.067965,0.931959
AATCGGTATAGCCCTC-1,0.000012,0.795976,0.000024,0.203988
AATCGTGAGCCGAGCA-1,0.000011,0.173322,0.036001,0.790666
AATCTAGGTTTACTTG-1,0.000038,0.000075,0.215148,0.78474
AATCTATGCCGGAGCC-1,0.002639,0.014105,0.156361,0.826895
AATCTCTACTGTGGTT-1,0.000043,0.000085,0.279923,0.71995
AATCTGCGTTGGGACG-1,0.000019,0.225483,0.119537,0.65496
AATCTGGCTTTCTAGT-1,0.000057,0.000115,0.427933,0.571894
AATCTGGGTAGACCCT-1,0.000054,0.000108,0.497731,0.502106
AATGACAGCAATGTCT-1,0.000019,0.000038,0.000038,0.999906
AATGACGTAGGATGTC-1,0.000021,0.011886,0.122294,0.865799
AATGACTGTCAGCCGG-1,0.000041,0.000082,0.237143,0.762734
AATGAGTTCGCATATG-1,0.005408,0.026887,0.182782,0.784923
AATGATGATACGCTAT-1,0.000014,0.000028,0.000028,0.999931
AATGATGCGACTCCTG-1,0.000016,0.000032,0.024195,0.975756
AATGCAACCGGGTACC-1,0.018087,0.002443,0.664259,0.31521
AATGCACCAAGCAATG-1,0.000019,0.100152,0.019769,0.88006
AATGGTCCACCGTTCA-1,0.00002,0.001221,0.02786,0.970899
AATGGTTCTCACAAGC-1,0.000024,0.000049,0.016445,0.983482
AATGTATGGCACTGTA-1,0.000081,0.000161,0.990696,0.009062
AATGTGCCCGAGGTGT-1,0.000047,0.000093,0.202245,0.797615
AATGTGCTAATCTGAG-1,0.000014,0.000028,0.000028,0.999929
AATGTTAAGACCCTGA-1,0.000015,0.193218,0.24534,0.561427
AATGTTGTCGTGAGAC-1,0.000019,0.998018,0.001807,0.000155
AATTAAAGGTCGGCGT-1,0.00002,0.025527,0.050753,0.9237
AATTAACGGATTTCCA-1,0.000023,0.084382,0.299876,0.615718
AATTACGAGACCCATC-1,0.00006,0.22428,0.728867,0.046793
AATTACTCGTACGCTC-1,0.022398,0.000356,0.507462,0.469784
AATTAGCGCTGCAGCG-1,0.00001,0.000021,0.000021,0.999948
AATTATACCCAGCAAG-1,0.000011,0.027199,0.091482,0.881308
AATTCATAAGGGATCT-1,0.130588,0.349241,0.254954,0.265217
AATTCATTGTCATGCA-1,0.000081,0.000162,0.999106,0.00065
AATTCCAACTTGGTGA-1,0.000256,0.078087,0.442479,0.479177
AATTCCAAGCATGTAC-1,0.000018,0.004078,0.071245,0.924659
AATTCGATTCGAGGAT-1,0.000012,0.000025,0.101228,0.898735
AATTCTAGAGTTAGGC-1,0.000038,0.000076,0.383682,0.616204
AATTGAACGCTCTGGT-1,0.000014,0.319924,0.037961,0.6421
AATTGCAGCAATCGAC-1,0.000033,0.748053,0.164632,0.087282
AATTGCGTGGATTACA-1,0.000061,0.000122,0.914358,0.085459
AATTGTGGTTGCCAAA-1,0.000016,0.852052,0.028769,0.119163
AATTTGGGACATAGTA-1,0.000031,0.000062,0.028096,0.971811
AATTTGGTTCCAAAGA-1,0.000035,0.000071,0.182334,0.817559
ACAAACCATGCGTCCT-1,0.000034,0.000068,0.71147,0.288428
ACAAACCGACAAGGCG-1,0.017837,0.172729,0.460591,0.348843
ACAAACTCCATCAGAG-1,0.000012,0.000538,0.000025,0.999425
ACAAAGAAGGTAGGCC-1,0.000066,0.000132,0.999276,0.000526
ACAAAGCATGACCTAG-1,0.00001,0.944209,0.000021,0.05576
ACAAATCGCACCGAAT-1,0.000015,0.352257,0.13528,0.512448
ACAAATGGTAGTGTTT-1,0.000051,0.207648,0.711961,0.08034
ACAAATTCAGATCTGA-1,0.00004,0.002632,0.04501,0.952318
ACAACAGCATGAGCTA-1,0.000019,0.000066,0.112337,0.887578
ACAACGGTCCCTGCGA-1,0.000034,0.000069,0.192307,0.80759
ACAAGCAGTGCCTAGC-1,0.000029,0.000058,0.095657,0.904256
ACAAGCTATATGGAAG-1,0.000072,0.000145,0.999205,0.000578
ACAAGGAAATCCGCCC-1,0.000008,0.005624,0.000016,0.994352
ACAAGGACAAGAGGTT-1,0.000028,0.000056,0.42262,0.577296
ACAAGGATGCTTTAGG-1,0.000016,0.287377,0.042394,0.670213
ACAAGGCCTACCAGCC-1,0.000048,0.015895,0.33922,0.644837
ACAAGGGCAGGCTCTG-1,0.000022,0.032344,0.271063,0.69657
ACAAGTAATTGTAAGG-1,0.000027,0.002179,0.286354,0.71144
ACAATAGTCGTACGTT-1,0.000023,0.000045,0.000045,0.999887
ACAATCCATTTAAACC-1,0.000015,0.015962,0.044196,0.939828
ACAATCGATCTTTATA-1,0.075632,0.116373,0.514341,0.293654
ACAATGAATACGGAGA-1,0.000027,0.000054,0.108033,0.891885
ACAATGATTCTTCTAC-1,0.008452,0.000101,0.475528,0.51592
ACAATTGTGTCTCTTT-1,0.023427,0.761584,0.174832,0.040156
ACAATTTAGGAGGCTC-1,0.000054,0.000109,0.742558,0.257279
ACAATTTGAGCAGTGG-1,0.000023,0.000045,0.078716,0.921217
ACAATTTGGCCATATT-1,0.000017,0.259425,0.148146,0.592412
ACACAAAGACGGGTGG-1,0.000021,0.000042,0.150642,0.849295
ACACACCAGGACCAGT-1,0.000026,0.418016,0.099608,0.48235
ACACACTTTCTACACG-1,0.000016,0.000033,0.000033,0.999918
ACACATGATCAAATCT-1,0.000058,0.000116,0.754459,0.245368
ACACATTGACGCAACA-1,0.000159,0.000319,0.539164,0.460358
ACACATTTCCGTAGAC-1,0.000016,0.000033,0.266754,0.733197
ACACCACATAATTAGC-1,0.000016,0.018004,0.233963,0.748016
ACACCCAGCATGCAGC-1,0.000022,0.000044,0.04613,0.953803
ACACCCGAGAAATCCG-1,0.00002,0.000041,0.010697,0.989242
ACACCGAGCGCTCTTT-1,0.039462,0.096344,0.278961,0.585234
ACACCGGTCTGACCGC-1,0.00003,0.369857,0.428654,0.201458
ACACCTTAAGTAGGGC-1,0.016741,0.000089,0.259889,0.723281
ACACCTTACTACTTGC-1,0.000014,0.513628,0.000028,0.48633
ACACGAGACTCCTTCT-1,0.000018,0.142714,0.036894,0.820374
ACACGGCACTATGCAT-1,0.000041,0.000081,0.341868,0.65801
ACACGGGAACTTAGGG-1,0.000024,0.000049,0.150669,0.849258
ACACGTAGGCCACAAG-1,0.000028,0.856189,0.12155,0.022233
ACACTCCAATGTCACT-1,0.000059,0.000118,0.999351,0.000472
ACACTGATCAAGGTGT-1,0.000043,0.000086,0.457308,0.542563
ACACTGGGACAGTCGT-1,0.000016,0.999824,0.000032,0.000128
ACAGAACTGAGAACAA-1,0.000038,0.000075,0.356112,0.643775
ACAGATTAGGTTAGTG-1,0.000029,0.009138,0.208229,0.782604
ACAGCATAGAGCCAGT-1,0.000023,0.000046,0.056813,0.943118
ACAGCGACATTCTCAT-1,0.030509,0.645171,0.083587,0.240733
ACAGCGCACCCGCAGC-1,0.000071,0.000141,0.437976,0.561812
ACAGGCACGGATCCTT-1,0.000021,0.737918,0.126911,0.13515
ACAGGCTTGCCCGACT-1,0.000016,0.300031,0.033364,0.666589
ACAGGTGGAGGTGAGG-1,0.000019,0.000038,0.093196,0.906747
ACAGGTGTGTTGTTGC-1,0.000065,0.025583,0.966477,0.007875
ACAGTAATACAACTTG-1,0.001413,0.00232,0.2984,0.697867
ACAGTATACCGTGGGA-1,0.000032,0.000064,0.417308,0.582595
ACATAAGTCGTGGTGA-1,0.000076,0.000153,0.999161,0.000611
ACATAATAAGGCGGTG-1,0.039978,0.000034,0.00048,0.959507
ACATACAATCAAGCGG-1,0.000017,0.637403,0.128899,0.23368
ACATCAGCTGGGACGC-1,0.000027,0.000055,0.146785,0.853133
ACATCCCGGCCATACG-1,0.000035,0.093304,0.254836,0.651824
ACATCCTGGTAACTGT-1,0.000035,0.461693,0.329484,0.208789
ACATCGATCGTTTACC-1,0.000046,0.000092,0.50781,0.492052
ACATCGCAATATTCGG-1,0.000033,0.013769,0.361539,0.624659
ACATCGGTCAGCCGCG-1,0.000048,0.076225,0.520237,0.40349
ACATCGTATGCAATGG-1,0.000022,0.176975,0.15297,0.670033
ACATCGTTAACCTAGT-1,0.000049,0.000097,0.328281,0.671574
ACATCTCAACGCGTAA-1,0.000082,0.000165,0.920756,0.078997
ACATGGCGCCAAAGTA-1,0.000027,0.592374,0.160929,0.24667
ACATGGCTCAATTTAG-1,0.000178,0.000356,0.481583,0.517883
ACATTAGTTTATATCC-1,0.042856,0.194947,0.313846,0.448351
ACATTCGCGCGGAATA-1,0.000035,0.00007,0.558466,0.441428
ACATTTGAAACCTAAC-1,0.000015,0.898504,0.001449,0.100033
ACCAAACACCCAGCGA-1,0.000017,0.002147,0.160309,0.837527
ACCAAACTAGAAATCC-1,0.000034,0.004407,0.902344,0.093215
ACCAACACCACACACT-1,0.000012,0.15681,0.02179,0.821389
ACCAACCGCACTCCAC-1,0.000028,0.676646,0.15606,0.167267
ACCAACGCTTATTTAT-1,0.000026,0.000052,0.26996,0.729961
ACCAAGAACGCGTGTC-1,0.000039,0.000077,0.311021,0.688863
ACCAAGTCATCGGCAG-1,0.000012,0.999866,0.000024,0.000097
ACCAATATGCAAGTTA-1,0.000025,0.046189,0.325109,0.628677
ACCACAACTCAGAACA-1,0.000031,0.000061,0.098786,0.901122
ACCACAAGTTTCTATC-1,0.000024,0.195158,0.135055,0.669764
ACCACACGGTTGATGG-1,0.000017,0.22756,0.15325,0.619173
ACCACCAATGTAACAA-1,0.008825,0.435271,0.208955,0.346948
ACCACCCTCTCTTCTA-1,0.000032,0.015903,0.547987,0.436078
ACCACGTGCAGCTATA-1,0.015377,0.159304,0.098174,0.727145
ACCACTGTTCAAGAAG-1,0.000162,0.000324,0.501863,0.497651
ACCAGACCATAACAAC-1,0.000044,0.000089,0.999511,0.000356
ACCAGCCCGGTCTTTG-1,0.000043,0.000085,0.404226,0.595646
ACCAGGAGTGTGATCT-1,0.00014,0.178793,0.22379,0.597277
ACCAGTGCCCGGTCAA-1,0.000039,0.000079,0.048786,0.951096
ACCAGTGCGGGAGACG-1,0.000035,0.760018,0.152029,0.087917
ACCATATCCGCAATAA-1,0.000011,0.021212,0.000022,0.978756
ACCATCCGCCAACTAG-1,0.000058,0.000116,0.590358,0.409468
ACCATCGTATATGGTA-1,0.000032,0.000063,0.070344,0.92956
ACCATTAAGGGTGTCA-1,0.00782,0.000264,0.442398,0.549518
ACCCAACGCCCGTGGC-1,0.013665,0.119598,0.058318,0.808419
ACCCACCTACATGCTC-1,0.000029,0.000057,0.170557,0.829357
ACCCATCTTGAGGGTA-1,0.000915,0.000045,0.015858,0.983183
ACCCATTTGTCCCTCT-1,0.000022,0.983958,0.015841,0.000179
ACCCGAGCGAAATTAC-1,0.000019,0.000039,0.060376,0.939566
ACCCGATTGGTTCCGA-1,0.000023,0.000047,0.158139,0.841791
ACCCGGAAACTCCCAG-1,0.000012,0.009869,0.000024,0.990095
ACCCGGAGCACCACAA-1,0.000027,0.728835,0.147737,0.1234
ACCCGGATGACGCATC-1,0.000018,0.477708,0.005719,0.516555
ACCCGGTTACACTTCC-1,0.000033,0.000066,0.129459,0.870442
ACCCGTAGCAGAGAAT-1,0.000034,0.307229,0.620855,0.071882
ACCCGTAGTCTAGTTG-1,0.001992,0.979191,0.00003,0.018787
ACCCGTGTCATCAGTA-1,0.000025,0.158507,0.252175,0.589293
ACCCTATAGGACTGAG-1,0.009449,0.064282,0.157225,0.769045
ACCCTATGCCATATCG-1,0.000077,0.000153,0.570359,0.429412
ACCCTCCCGTCAGGGC-1,0.000022,0.879804,0.115313,0.004861
ACCCTCCCTTGCTATT-1,0.000034,0.397854,0.368818,0.233294
ACCCTGGTAACGCCCT-1,0.000016,0.021147,0.052876,0.925961
ACCCTTCATCTGCGAA-1,0.000021,0.000042,0.067747,0.93219
ACCCTTTAGTTCTCCA-1,0.000037,0.000073,0.117469,0.882421
ACCGAAAGGGCCCTGC-1,0.000025,0.00005,0.282809,0.717116
ACCGAAGAGTCTGGTT-1,0.000059,0.000118,0.987532,0.012291
ACCGACACATCTCCCA-1,0.000017,0.016647,0.159532,0.823805
ACCGACTGAGTCCCAC-1,0.000029,0.082141,0.171174,0.746655
ACCGAGTCTCCTTATT-1,0.000008,0.003411,0.027064,0.969517
ACCGATAGGCATAACC-1,0.001137,0.91269,0.018901,0.067272
ACCGATATTTAATCAT-1,0.000018,0.775166,0.001404,0.223412
ACCGATGGTAGCATCG-1,0.000017,0.108473,0.067078,0.824432
ACCGCAATAACTGCCT-1,0.000022,0.059953,0.389229,0.550796
ACCGCGGTGGAAGTCG-1,0.00002,0.759311,0.002481,0.238188
ACCGCTAGTCATTGGT-1,0.000015,0.000215,0.000031,0.999739
ACCGGGCCTTTGTTGA-1,0.000055,0.615166,0.331314,0.053464
ACCGGTCAGGTACACC-1,0.00005,0.0001,0.669301,0.330549
ACCGGTCTGAGTACGG-1,0.000054,0.000107,0.383987,0.615852
ACCGTCCACTGGGCCC-1,0.045232,0.00009,0.680667,0.274011
ACCGTGACCACGTGGG-1,0.03938,0.000047,0.051906,0.908667
ACCGTTCCCGCTCTGA-1,0.000082,0.000163,0.883163,0.116592
ACCTAAGTACCTTTCA-1,0.000015,0.00003,0.00003,0.999925
ACCTAATCGACTTCCT-1,0.000043,0.000087,0.540107,0.459763
ACCTACAGTATGTGGT-1,0.000031,0.384085,0.2419,0.373983
ACCTACTATAAATCTA-1,0.000013,0.000026,0.04999,0.94997
ACCTCCGCCCTCGCTG-1,0.000011,0.315953,0.000022,0.684015
ACCTCCGTTATTCACC-1,0.000021,0.022139,0.077538,0.900301
ACCTCGAACTTATGCT-1,0.000037,0.02057,0.73164,0.247752
ACCTGCGTGTCATGTT-1,0.000021,0.000043,0.001168,0.998767
ACCTTTCCTTTAGAAG-1,0.000146,0.050931,0.381212,0.567711
ACGAAATGGGCGGCAC-1,0.000025,0.00005,0.071008,0.928917
ACGACCCATGAGTTGC-1,0.000013,0.732099,0.000026,0.267862
ACGACTCTAGGGCCGA-1,0.000014,0.612457,0.086131,0.301397
ACGACTGGTCATACTC-1,0.000023,0.000047,0.231632,0.768297
ACGAGAACCCATCACG-1,0.000148,0.000296,0.282738,0.716818
ACGAGATATTTGCTTA-1,0.000067,0.000135,0.367432,0.632366
ACGAGGATACCACTCT-1,0.001907,0.000051,0.001829,0.996214
ACGAGGTTTACAACGT-1,0.041787,0.031413,0.82158,0.10522
ACGAGTACGGATGCCC-1,0.000019,0.009163,0.000037,0.990781
ACGAGTCGCCGGCGTT-1,0.00023,0.103503,0.282642,0.613625
ACGATACATAGAACTA-1,0.000016,0.004631,0.001536,0.993817
ACGATACCTATCCTGA-1,0.092231,0.007423,0.899689,0.000657
ACGATCATACATAGAG-1,0.000043,0.118665,0.353333,0.52796
ACGATCATCTTGTAAA-1,0.000032,0.246379,0.39351,0.360079
ACGATGCATATGTTAT-1,0.000031,0.005272,0.403647,0.59105
ACGATGGATCCGATGC-1,0.000035,0.000069,0.201084,0.798812
ACGCAAACTAATAGAT-1,0.000014,0.000027,0.072052,0.927908
ACGCAATCACTACAGC-1,0.000019,0.063477,0.03301,0.903495
ACGCATAAATGACATG-1,0.000027,0.035805,0.089365,0.874804
ACGCATACGTTTACTA-1,0.00002,0.939382,0.00004,0.060558
ACGCATTCGTGAGTAC-1,0.000016,0.000031,0.000031,0.999922
ACGCCACTCGAAACAG-1,0.00002,0.008835,0.401163,0.589982
ACGCCAGATGATTTCT-1,0.000023,0.000046,0.088962,0.910969
ACGCCAGTGCGTTTGC-1,0.00001,0.614704,0.00002,0.385266
ACGCCCAGCTGTCGAT-1,0.000073,0.000147,0.804294,0.195486
ACGCCGCTAGACGACC-1,0.000019,0.006811,0.186076,0.807094
ACGCGAAGTCAGACGA-1,0.000027,0.030061,0.207924,0.761988
ACGCGCTACACAGGGT-1,0.000035,0.00007,0.396269,0.603627
ACGCGGGCCAAGGACA-1,0.000013,0.096849,0.085285,0.817853
ACGCGTTTCTTAAGAG-1,0.16582,0.000144,0.833459,0.000577
ACGCTACTGAATGGGC-1,0.000021,0.973018,0.026789,0.000172
ACGCTAGTGATACACT-1,0.000028,0.001576,0.292135,0.706261
ACGCTGTGAGGCGTAG-1,0.000048,0.000095,0.296175,0.703682
ACGCTTAGTGTCTCTC-1,0.000147,0.000295,0.98492,0.014638
ACGGAACACGAGTGCC-1,0.000022,0.678763,0.09275,0.228465
ACGGAATTTAGCAAAT-1,0.000053,0.000105,0.999422,0.000421
ACGGACGCAGCGACAA-1,0.000028,0.003049,0.772479,0.224444
ACGGACTCTCAAAGCG-1,0.000019,0.106035,0.300467,0.593479
ACGGAGCGCAAATTAC-1,0.000023,0.000046,0.13458,0.865351
ACGGATGGTGCGGATA-1,0.000023,0.01648,0.280872,0.702625
ACGGCACTTGCTTGGG-1,0.001824,0.041719,0.640444,0.316013
ACGGCCAACATGGACT-1,0.000012,0.027973,0.070759,0.901256
ACGGCGACGATGGGAA-1,0.000023,0.220705,0.249518,0.529754
ACGGCGGGTTGCCCTG-1,0.000204,0.000407,0.259994,0.739396
ACGGCTGGATGTAGAA-1,0.000056,0.0186,0.940985,0.040358
ACGGGAGTGTCGGCCC-1,0.000024,0.000048,0.000048,0.999881
ACGGGCGTATGCGACA-1,0.012614,0.03012,0.277786,0.67948
ACGGGTCATGTGACTT-1,0.11547,0.024398,0.272679,0.587453
ACGGGTTGTGACCTGT-1,0.011279,0.060478,0.527596,0.400647
ACGGTACAGTTCAATG-1,0.00002,0.672849,0.073285,0.253845
ACGGTCACCGAGAACA-1,0.000034,0.026129,0.76292,0.210917
ACGTACAGATTTCTCT-1,0.000015,0.000029,0.000029,0.999927
ACGTACTTTGGCACGG-1,0.000019,0.000037,0.116067,0.883877
ACGTAGATTGCTGATG-1,0.000055,0.027867,0.400294,0.571784
ACGTAGGAGAGTCGCT-1,0.000021,0.036318,0.311211,0.65245
ACGTATTACTCCGATC-1,0.000036,0.724312,0.203415,0.072237
ACGTCCTAAACGAGAT-1,0.000135,0.254349,0.275289,0.470227
ACGTCGGGCAACTCGG-1,0.184269,0.036052,0.471353,0.308326
ACGTCTCGTTCCGGGA-1,0.000059,0.000118,0.999351,0.000472
ACGTGACAAAGTAAGT-1,0.000067,0.000134,0.999263,0.000536
ACGTGCGCCTCGTGCA-1,0.000045,0.000089,0.455025,0.544841
ACGTGGTCGAATGTGC-1,0.000102,0.000204,0.998878,0.000816
ACGTTAATGTCGAAGA-1,0.000014,0.000028,0.012843,0.987115
ACGTTAGATTTGCCCG-1,0.015255,0.000102,0.325936,0.658707
ACGTTATTGGTCACTC-1,0.147604,0.000176,0.60855,0.24367
ACGTTCACTATGCCGC-1,0.000016,0.000032,0.013436,0.986515
ACGTTCCGCGCTCCGT-1,0.000063,0.000126,0.841028,0.158783
ACGTTCGCAATCAATT-1,0.00003,0.256709,0.451521,0.29174
ACGTTCGTTCAGGAAA-1,0.000026,0.000052,0.233658,0.766263
ACGTTCTGTACAAGTC-1,0.000044,0.520756,0.325772,0.153428
ACGTTGTCGTTGAAAG-1,0.000021,0.000042,0.000042,0.999896
ACGTTTAGTTGTGATC-1,0.000052,0.036669,0.289963,0.673316
ACGTTTCGGTGCACTT-1,0.000016,0.999823,0.000032,0.000129
ACTAATACGTCAGGCG-1,0.000063,0.000126,0.182401,0.81741
ACTACAAAGAGAGGTG-1,0.000016,0.009842,0.189413,0.800728
ACTACATCCCGACAAG-1,0.000029,0.226472,0.558884,0.214615
ACTACCAGCTCTCTGG-1,0.018092,0.000063,0.055494,0.926351
ACTACCATCCGAGGGC-1,0.000018,0.000036,0.000973,0.998973
ACTACGCGTTAGAATT-1,0.000019,0.015864,0.133572,0.850545
ACTAGTTGCGATCGTC-1,0.00004,0.80433,0.136431,0.059199
ACTATATGCTGTGTTC-1,0.000092,0.000184,0.632421,0.367303
ACTATCCAGGGCATGG-1,0.000029,0.539391,0.172969,0.287611
ACTATCGCCGGCTAAA-1,0.026788,0.000296,0.589961,0.382954
ACTATCTGCCCGCGTA-1,0.00003,0.7771,0.188729,0.034141
ACTATGTCCAGCTGCC-1,0.000037,0.000074,0.600292,0.399597
ACTATTCGTCCGTGGT-1,0.000025,0.00005,0.116749,0.883176
ACTATTTCCGGGCCCA-1,0.000019,0.000038,0.03184,0.968103
ACTCAACGAATGTATT-1,0.000152,0.084545,0.110858,0.804445
ACTCAAGTGCAAGGCT-1,0.000045,0.147874,0.531333,0.320748
ACTCAATAAAGGCACG-1,0.000039,0.03044,0.43642,0.533101
ACTCAGACCTGCTTCT-1,0.000052,0.000103,0.999432,0.000413
ACTCATGGCAGCCTTC-1,0.000053,0.029878,0.807055,0.163014
ACTCCAATATCATCAT-1,0.000018,0.00708,0.000036,0.992866
ACTCCCATTCCTAAAG-1,0.000022,0.036974,0.007321,0.955683
ACTCCCGAATTCGTTT-1,0.004874,0.31294,0.182885,0.4993
ACTCCCGTAGACTAGG-1,0.000021,0.057058,0.265875,0.677046
ACTCCCTAATGCTAAA-1,0.000011,0.095594,0.006657,0.897738
ACTCCCTAGAATAGTA-1,0.00002,0.110311,0.166593,0.723076
ACTCCGGCCGACCACT-1,0.000014,0.69368,0.115924,0.190381
ACTCGATGTATTTCAT-1,0.014861,0.036772,0.379887,0.56848
ACTCGCCGTTCGATAA-1,0.000017,0.860971,0.000033,0.13898
ACTCGCGATCTGACGC-1,0.000014,0.228561,0.077566,0.69386
ACTCGTAACCCGTCCT-1,0.000048,0.000096,0.283746,0.71611
ACTCGTCAGTAATCCC-1,0.000019,0.081752,0.01208,0.906148
ACTCTAAACCTGGGAT-1,0.455318,0.031098,0.498106,0.015479
ACTCTCTGACTTAGGT-1,0.000044,0.019583,0.481601,0.498772
ACTCTCTTATACACGA-1,0.000048,0.000095,0.132512,0.867345
ACTCTGACCTAATAGA-1,0.000023,0.669269,0.158054,0.172654
ACTCTTCAGCTCCCGC-1,0.000913,0.02116,0.136191,0.841736
ACTCTTGTATAGTAAC-1,0.000033,0.101375,0.317446,0.581147
ACTGAAACGCCGTTAG-1,0.010699,0.877818,0.065247,0.046235
ACTGAATGGCGAAAGT-1,0.000028,0.437375,0.388608,0.173989
ACTGATTTAGTGATTC-1,0.000071,0.000143,0.219931,0.779855
ACTGCCCGCCATTCTC-1,0.000022,0.000045,0.129869,0.870064
ACTGCCGTCGTAACTC-1,0.000034,0.000069,0.31235,0.687546
ACTGCGGACACACCGT-1,0.002091,0.17267,0.51222,0.313019
ACTGCTCGGAAGGATG-1,0.000059,0.011275,0.917139,0.071527
ACTGGGATGCCAGTGC-1,0.000028,0.006346,0.510004,0.483622
ACTGTACGATACACAT-1,0.024119,0.036298,0.065244,0.874338
ACTGTAGCACTTTGGA-1,0.000018,0.000037,0.008182,0.991763
ACTGTATACGCGAGCA-1,0.000055,0.107349,0.545858,0.346738
ACTGTCCAGGATTATA-1,0.00002,0.017754,0.037243,0.944983
ACTGTCTTCTTTAGAA-1,0.00002,0.011457,0.054302,0.934221
ACTGTGCTAGTAGATC-1,0.000099,0.000197,0.998914,0.00079
ACTGTTTAGTGTAGGC-1,0.000069,0.000138,0.993513,0.006279
ACTTACCGGGCGCGCA-1,0.000109,0.000217,0.650421,0.349253
ACTTACGCATCCACGC-1,0.000017,0.003239,0.050872,0.945871
ACTTAGTACGACAAGA-1,0.000062,0.031309,0.968133,0.000497
ACTTATACTTACCCGG-1,0.000018,0.031053,0.148578,0.820351
ACTTATCTGATCTATA-1,0.006955,0.070187,0.491712,0.431146
ACTTATTAGGATCGGT-1,0.000032,0.090035,0.12699,0.782943
ACTTATTTATGTGCCA-1,0.000068,0.36419,0.53167,0.104072
ACTTCAGGCTGATCCC-1,0.000028,0.448561,0.297466,0.253945
ACTTCCAGTGGAAGCT-1,0.022671,0.000177,0.976442,0.000709
ACTTCCATGCGGGACA-1,0.000024,0.093148,0.254839,0.651989
ACTTCGCCATACGCAC-1,0.035652,0.01186,0.51347,0.439018
ACTTCGCTAGCGAGTG-1,0.000037,0.02498,0.315953,0.65903
ACTTGACTCCCTCTTT-1,0.00002,0.051833,0.116338,0.831809
ACTTGCCATATTGTAC-1,0.000079,0.028537,0.621753,0.349631
ACTTGCTCTATCTACC-1,0.100729,0.075798,0.559965,0.263508
ACTTGGGACCCGGTGG-1,0.000041,0.000082,0.454099,0.545779
ACTTGTAGTCCCTTCA-1,0.000074,0.000147,0.805073,0.194705
ACTTGTGGATGGAACG-1,0.000027,0.712348,0.085099,0.202525
ACTTGTTACCGGATCA-1,0.000046,0.000091,0.388051,0.611811
ACTTTACCCTCATGAA-1,0.000022,0.07537,0.046659,0.877948
ACTTTATACACCACTT-1,0.000049,0.019554,0.775364,0.205033
ACTTTCCTATAGCTTC-1,0.021806,0.01357,0.117905,0.846719
ACTTTGACTGCATCCT-1,0.000032,0.000065,0.030825,0.969078
ACTTTGGTCGTGCTCC-1,0.000049,0.001461,0.850912,0.147578
ACTTTGTCGACGCACT-1,0.000013,0.673506,0.000026,0.326454
AGAAATTATGACTCGC-1,0.000013,0.928126,0.024466,0.047394
AGAACCCAGCGTGACA-1,0.235407,0.164405,0.176631,0.423557
AGAACCCTCAATTGGG-1,0.114881,0.000109,0.884573,0.000437
AGAACGTGGTACATTC-1,0.00002,0.000228,0.107408,0.892345
AGAACTGTACTTTGTA-1,0.000014,0.484147,0.006749,0.50909
AGAAGAGCGCCGTTCC-1,0.000463,0.075549,0.387325,0.536663
AGAAGGTACACTTCAC-1,0.016206,0.000159,0.619396,0.364239
AGAAGGTTGCCGAATT-1,0.000028,0.022307,0.190808,0.786857
AGAAGGTTGTAGGTCG-1,0.002184,0.105518,0.011072,0.881225
AGAAGTGATTCGTGAT-1,0.000019,0.000037,0.000037,0.999907
AGAATAAATCTTCAGG-1,0.000047,0.000095,0.668943,0.330915
AGAATACAGGCTATCC-1,0.000016,0.886011,0.059391,0.054582
AGAATGCGGGTTCGGA-1,0.000069,0.000138,0.692733,0.30706
AGAATTATGGATTCGA-1,0.000025,0.070348,0.21468,0.714946
AGAATTGTTTGACATA-1,0.000048,0.000097,0.96335,0.036505
AGACAGCTCAGAATCC-1,0.004051,0.036437,0.922751,0.036761
AGACAGGCATCTCAGC-1,0.000024,0.763392,0.083534,0.153051
AGACATAGATCCTTCC-1,0.049986,0.021235,0.928216,0.000563
AGACCAAACCACACCT-1,0.000069,0.000139,0.988039,0.011753
AGACCATGGGATACAA-1,0.000036,0.000072,0.360296,0.639596
AGACCCACCGCTGATC-1,0.01477,0.013326,0.330119,0.641786
AGACCCGCCCTCCTCG-1,0.000021,0.000042,0.114668,0.885269
AGACCGCTCCGCGGTT-1,0.000034,0.905756,0.09394,0.00027
AGACCGGGAAACCCTG-1,0.003155,0.00004,0.06262,0.934185
AGACGAAGTGCCGGTC-1,0.000036,0.771884,0.154072,0.074008
AGACGACGATGCCGCT-1,0.000024,0.004395,0.122018,0.873563
AGACGCCCACTTCGCC-1,0.000032,0.712557,0.164922,0.122489
AGACGGGATTGGTATA-1,0.00009,0.031736,0.967453,0.000721
AGACGGGCCGATTTAA-1,0.007397,0.000103,0.118858,0.873643
AGACTAGCCTTCCAGA-1,0.00298,0.038904,0.17061,0.787507
AGACTGTTACCGGGTC-1,0.000023,0.000045,0.058238,0.941694
AGAGAAACACCAGAAA-1,0.000014,0.000028,0.077935,0.922022
AGAGAACCGTCTAGGA-1,0.000028,0.267035,0.343946,0.388991
AGAGAAGGAGTACAAT-1,0.000045,0.00009,0.426339,0.573526
AGAGATCTCTAAAGCG-1,0.000023,0.05549,0.051122,0.893366
AGAGCAGTTATGAGAC-1,0.007719,0.000088,0.26054,0.731653
AGAGCCGCCGAGATTT-1,0.047829,0.711366,0.149042,0.091764
AGAGCGGGCTAATCAT-1,0.000038,0.039377,0.329211,0.631375
AGAGCGTACAAGCTCG-1,0.000027,0.000055,0.032288,0.96763
AGAGCTACGAAAGCAT-1,0.000145,0.154313,0.285279,0.560263
AGAGGCTTCGGAAACC-1,0.00002,0.87779,0.052477,0.069713
AGAGGTATCTCGGTCC-1,0.000109,0.074147,0.262576,0.663168
AGAGTAAACTTCACTA-1,0.012001,0.679283,0.30834,0.000376
AGAGTATAGTGTTACG-1,0.000011,0.000047,0.001476,0.998466
AGAGTCTTAATGAAAG-1,0.000021,0.926127,0.047815,0.026037
AGAGTTAGAGACCGAT-1,0.001858,0.000072,0.092304,0.905767
AGATAACTTCAGGGCC-1,0.000018,0.027698,0.108413,0.863871
AGATACCAATAGAACC-1,0.000029,0.818583,0.107621,0.073766
AGATACCAGCACTTCA-1,0.000035,0.01061,0.415474,0.573881
AGATACCGGTGTTCAC-1,0.000016,0.024353,0.08987,0.885761
AGATACGACTTCATAT-1,0.000038,0.000076,0.322927,0.676959
AGATACTCAAGATCGA-1,0.000036,0.293714,0.277106,0.429143
AGATATAATACGACTA-1,0.000013,0.091509,0.049241,0.859237
AGATCGTGCATAAGAT-1,0.000022,0.000043,0.084115,0.91582
AGATCTCAGGTGTGAT-1,0.000026,0.029283,0.080316,0.890375
AGATGACTCGCCCACG-1,0.000035,0.00007,0.138109,0.861786
AGATGAGGGTTGCGAT-1,0.000022,0.000044,0.008408,0.991527
AGATGATGGAGTCTGG-1,0.001923,0.568095,0.08681,0.343172
AGATGCAAGACGTGCA-1,0.009238,0.000086,0.076516,0.91416
AGATGCATCCTGTGTC-1,0.000052,0.018934,0.803187,0.177826
AGATGCTATAACGAGC-1,0.012483,0.066938,0.268612,0.651967
AGATTATAGGACGTTT-1,0.000025,0.073984,0.057079,0.868912
AGATTCACAACCGATA-1,0.000046,0.100003,0.733911,0.166039
AGCAAAGGCCGCTAGT-1,0.009175,0.013171,0.098989,0.878665
AGCAACATATCTTATT-1,0.000019,0.573639,0.065293,0.361048
AGCAACCGAAAGTAAT-1,0.001294,0.000062,0.267021,0.731623
AGCACACGTTTAGACT-1,0.000046,0.00947,0.560488,0.429996
AGCACCAGTACTCACG-1,0.015737,0.000057,0.154613,0.829592
AGCACTACCGGCCTGT-1,0.002409,0.000048,0.007784,0.989759
AGCACTACCTCACCAG-1,0.000025,0.170653,0.349935,0.479387
AGCACTTAAGGACGCC-1,0.00005,0.0001,0.60455,0.3953
AGCAGAAGGAGAAAGA-1,0.000014,0.013093,0.38297,0.603923
AGCAGCCAGATGAATA-1,0.000021,0.016718,0.151964,0.831297
AGCAGTCGAAGCATGC-1,0.000008,0.045131,0.024461,0.930399
AGCATATCAATATGCT-1,0.000039,0.483406,0.185651,0.330904
AGCATCATTTCGAAAG-1,0.000031,0.000062,0.056874,0.943033
AGCATCGTCGATAATT-1,0.000073,0.000146,0.561027,0.438754
AGCATTACGAGGCAAG-1,0.001133,0.938762,0.052268,0.007837
AGCCAAGCTTTGTGTC-1,0.000015,0.022968,0.109767,0.86725
AGCCACAGGTTACCCG-1,0.000037,0.265254,0.409541,0.325168
AGCCACTCCCGTGCTT-1,0.000024,0.000048,0.047165,0.952762
AGCCATATAGTATGTG-1,0.000014,0.001156,0.142378,0.856452
AGCCCATACATGTAAG-1,0.000029,0.000059,0.049162,0.95075
AGCCCGCAACAAGCAG-1,0.000012,0.100262,0.117412,0.782314
AGCCCGCACTACAATG-1,0.000015,0.987493,0.012373,0.000119
AGCCCGGCATTAGAGG-1,0.00002,0.02728,0.00004,0.97266
AGCCCGGTAGCCTGTA-1,0.000032,0.000065,0.561082,0.438821
AGCCCTAAGCGAAGTT-1,0.000037,0.051039,0.289753,0.659172
AGCCCTCCCTGGTGGC-1,0.000017,0.000034,0.017313,0.982636
AGCCCTGTCGCACCGT-1,0.000014,0.168965,0.08574,0.745281
AGCCCTTCTAATCCGA-1,0.000022,0.000043,0.017064,0.982871
AGCCCTTGGACATCCC-1,0.000012,0.999358,0.000023,0.000607
AGCCGCAAATTCAAAT-1,0.000047,0.071884,0.927696,0.000374
AGCCGCTTGATTAGCG-1,0.000208,0.000417,0.551707,0.447667
AGCCGTGGCTAAATGT-1,0.005534,0.004157,0.067417,0.922891
AGCCTAATACCCACGT-1,0.000077,0.000155,0.75852,0.241248
AGCCTTAAAGCGGAAG-1,0.000055,0.00011,0.991415,0.00842
AGCCTTGTCACTGATA-1,0.243263,0.06241,0.339171,0.355156
AGCGACAGGAACGGTC-1,0.000027,0.005417,0.238845,0.755711
AGCGACATCCCATTCA-1,0.039119,0.000096,0.505776,0.455009
AGCGACCAACGATATT-1,0.000031,0.136025,0.257733,0.606211
AGCGAGACGTGAAGGC-1,0.000038,0.000075,0.499804,0.500083
AGCGATGCGCCTAATA-1,0.00001,0.479636,0.00002,0.520334
AGCGCATAATGAATCG-1,0.000017,0.000034,0.137599,0.862351
AGCGCGGGTGCCAATG-1,0.000019,0.045047,0.173423,0.78151
AGCGCTAGAGCGATGT-1,0.000015,0.241685,0.05778,0.70052
AGCGCTTATGGGCAAG-1,0.000027,0.000053,0.000053,0.999867
AGCGGACACTTCGTAG-1,0.000024,0.12389,0.317284,0.558802
AGCGGCGGTTAGCGGT-1,0.000082,0.000164,0.936273,0.06348
AGCGGGAAGGGTCCAT-1,0.00006,0.00012,0.999338,0.000482
AGCGGGTCTGACACTC-1,0.000014,0.007875,0.072373,0.919738
AGCGGTTGAGATGTAC-1,0.018257,0.027866,0.803698,0.150179
AGCGGTTGCCGCTCTG-1,0.000034,0.064784,0.36958,0.565601
AGCGTACGAGAGCTAG-1,0.000159,0.126839,0.474981,0.398021
AGCGTAGCGCTAGACC-1,0.000249,0.043838,0.419835,0.536078
AGCGTCTGAACCCGCA-1,0.000172,0.148337,0.312298,0.539193
AGCGTGGTATTCTACT-1,0.000029,0.000058,0.219313,0.7806
AGCGTTCCGATTTAAA-1,0.000044,0.000089,0.595876,0.403991
AGCTAACAAGCAATGT-1,0.00003,0.000061,0.395496,0.604412
AGCTAAGCTCCGTCCG-1,0.000018,0.001259,0.05623,0.942494
AGCTAAGTACGCAGGC-1,0.000017,0.143565,0.261497,0.594921
AGCTAGAAGCAGAAGT-1,0.000015,0.000029,0.000029,0.999927
AGCTATTTAATCCAAC-1,0.009189,0.00006,0.181187,0.809565
AGCTCCATATATGTTC-1,0.000034,0.855982,0.13816,0.005824
AGCTCCTTCGCACATC-1,0.000027,0.600558,0.12632,0.273095
AGCTCTAGACGTTCCA-1,0.000023,0.120439,0.341784,0.537754
AGCTCTTCCCAGTGCA-1,0.000022,0.0295,0.082689,0.88779
AGCTCTTCGTAACCTT-1,0.005742,0.258752,0.05318,0.682326
AGCTCTTTACTCAGTT-1,0.000044,0.000087,0.265199,0.73467
AGCTGAAGTAAACCAA-1,0.000016,0.112478,0.07238,0.815126
AGCTGCATTTGAGGTG-1,0.000081,0.000163,0.999105,0.000651
AGCTGTAACCTCAATC-1,0.00005,0.0001,0.147444,0.852405
AGCTTATAGAGACCTG-1,0.02214,0.099733,0.163695,0.714431
AGCTTCAATACTTTGA-1,0.000118,0.054316,0.63807,0.307496
AGCTTCTTCTCGAGCA-1,0.000019,0.951011,0.005447,0.043523
AGCTTGATCAGGGTAG-1,0.000047,0.000095,0.867828,0.132029
AGCTTGATCTTAACTT-1,0.000057,0.000115,0.501703,0.498124
AGGAAAGCCTCTGATG-1,0.000224,0.041421,0.604989,0.353365
AGGAACGAACGACTTC-1,0.000018,0.956251,0.004329,0.039402
AGGAAGCTGTCCGCCG-1,0.000013,0.030558,0.052715,0.916714
AGGACAGTCGAATCCC-1,0.00002,0.221137,0.048545,0.730297
