Barcode,Topic 1,Topic 2to3,Topic 4to7,Topic 8,Topic 9,Topic 10
AAACAACGAATAGTTC-1,0.350578,0.000115,0.000231,0.239175,0.336648,0.073253
AAACAAGTATCTCCCA-1,0.000033,0.365859,0.285861,0.20691,0.118643,0.022694
AAACAATCTACTAGCA-1,0.061368,0.000166,0.000333,0.148133,0.679453,0.110547
AAACACCAATAACTGC-1,0.109702,0.43764,0.356302,0.010654,0.008972,0.07673
AAACAGAGCGACTCCT-1,0.096233,0.227885,0.278868,0.380445,0.00012,0.01645
AAACAGCTTTCAGAAG-1,0.071861,0.110042,0.715682,0.048798,0.046183,0.007434
AAACAGGGTCTATATT-1,0.165877,0.068059,0.48259,0.048604,0.224729,0.010141
AAACAGTGTTCCTGGG-1,0.105965,0.001694,0.567762,0.043832,0.132875,0.147872
AAACATGGTGAGAGGA-1,0.943187,0.000048,0.000097,0.000024,0.007275,0.049369
AAACATTTCCCGGATT-1,0.04953,0.091985,0.046996,0.187479,0.215772,0.408238
AAACCCGAACGAAATC-1,0.00041,0.24012,0.598244,0.033531,0.071434,0.056261
AAACCGGAAATGTTAA-1,0.020439,0.032143,0.679247,0.097664,0.15766,0.012846
AAACCGGGTAGGTACC-1,0.027612,0.082601,0.597249,0.000029,0.202935,0.089574
AAACCGTTCGTCCAGG-1,0.012203,0.130636,0.768308,0.005076,0.079202,0.004576
AAACCTAAGCAGCCGG-1,0.072964,0.000051,0.017222,0.669199,0.23568,0.004884
AAACCTCATGAAGTTG-1,0.000016,0.09486,0.857783,0.000016,0.032844,0.014482
AAACGAAGAACATACC-1,0.172321,0.00013,0.000261,0.010389,0.591621,0.225278
AAACGAAGATGGAGTA-1,0.625824,0.035783,0.289799,0.048541,0.000026,0.000026
AAACGAGACGGTTGAT-1,0.001447,0.732957,0.027903,0.016813,0.172782,0.048097
AAACGCTGGGCACGAC-1,0.045735,0.062828,0.507334,0.033404,0.000528,0.350171
AAACGGGCGTACGGGT-1,0.024252,0.128432,0.476935,0.092222,0.214641,0.063517
AAACGGGTTGGTATCC-1,0.00408,0.000144,0.000287,0.514419,0.455278,0.025792
AAACGGTTGCGAACTG-1,0.009005,0.080332,0.451018,0.086262,0.284186,0.089198
AAACGTGTTCGCCCTA-1,0.024099,0.00017,0.00034,0.250658,0.322652,0.402081
AAACTCGGTTCGCAAT-1,0.009536,0.482041,0.401441,0.023926,0.029859,0.053197
AAACTCGTGATATAAG-1,0.000078,0.209365,0.000313,0.139404,0.272559,0.378281
AAACTGCTGGCTCCAA-1,0.136073,0.247219,0.28262,0.27673,0.034486,0.022872
AAACTTAATTGCACGC-1,0.677477,0.082101,0.10814,0.118832,0.00004,0.013411
AAACTTGCAAACGTAT-1,0.103767,0.023135,0.580515,0.004718,0.282756,0.005108
AAAGAATGACCTTAGA-1,0.625049,0.066567,0.298904,0.003858,0.000018,0.005604
AAAGAATGTGGACTAA-1,0.00001,0.680953,0.300784,0.001334,0.006612,0.010307
AAAGACCCAAGTCGCG-1,0.000046,0.313813,0.043251,0.125177,0.492193,0.025519
AAAGACTGGGCGCTTT-1,0.012964,0.161172,0.744252,0.00002,0.039251,0.042341
AAAGCTTGCCTACATA-1,0.08275,0.014384,0.40176,0.033625,0.098595,0.368885
AAAGGCCCTATAATAC-1,0.078207,0.16764,0.647722,0.070121,0.001285,0.035026
AAAGGCTACGGACCAT-1,0.000011,0.048385,0.951571,0.000011,0.000011,0.000011
AAAGGCTCTCGCGCCG-1,0.000039,0.241835,0.598754,0.000039,0.044566,0.114767
AAAGGGATGTAGCAAG-1,0.000035,0.4327,0.356658,0.018516,0.183564,0.008527
AAAGGGCAGCTTGAAT-1,0.045307,0.034485,0.372646,0.179828,0.367705,0.00003
AAAGGTAAGCTGTACC-1,0.070917,0.090576,0.638816,0.078781,0.106219,0.014692
AAAGTAGCATTGCTCA-1,0.162466,0.078688,0.416834,0.00003,0.267457,0.074525
AAAGTCACTGATGTAA-1,0.000043,0.810584,0.046477,0.006502,0.130466,0.005927
AAAGTCGACCCTCAGT-1,0.00001,0.010829,0.953728,0.022399,0.013025,0.00001
AAAGTGCCATCAATTA-1,0.027402,0.185691,0.772748,0.001504,0.001314,0.011342
AAAGTGTGATTTATCT-1,0.00012,0.00024,0.037035,0.962365,0.00012,0.00012
AAAGTTGACTCCCGTA-1,0.000073,0.279095,0.25098,0.469707,0.000073,0.000073
AAATAACCATACGGGA-1,0.173061,0.000135,0.00027,0.23233,0.581819,0.012385
AAATAAGGTAGTGCCC-1,0.019645,0.490637,0.3846,0.079791,0.012797,0.01253
AAATACCTATAAGCAT-1,0.00003,0.378242,0.379278,0.081286,0.135565,0.025598
AAATAGCTTAGACTTT-1,0.134331,0.022771,0.005956,0.023152,0.463951,0.349838
AAATAGGGTGCTATTG-1,0.000038,0.640844,0.208356,0.030647,0.096525,0.023591
AAATCCGATACACGCC-1,0.026621,0.105292,0.557379,0.203018,0.081589,0.026102
AAATCGCGGAAGGAGT-1,0.880972,0.000044,0.021993,0.096946,0.000022,0.000022
AAATCGTGTACCACAA-1,0.019652,0.269556,0.477575,0.233064,0.000076,0.000076
AAATCTAGCCCTGCTA-1,0.011495,0.029871,0.098872,0.117226,0.597263,0.145273
AAATCTGCCCGCGTCC-1,0.445065,0.103884,0.449515,0.000022,0.000022,0.001493
AAATGACTGATCAAAC-1,0.000229,0.026962,0.653465,0.120112,0.169746,0.029486
AAATGATTCGATCAGC-1,0.021697,0.000102,0.002038,0.35516,0.562315,0.058688
AAATGCTCGTTACGTT-1,0.023403,0.011484,0.09395,0.000056,0.863594,0.007512
AAATGGCATGTCTTGT-1,0.000049,0.840486,0.035287,0.048498,0.073357,0.002323
AAATGGCCCGTGCCCT-1,0.235413,0.001667,0.143527,0.101193,0.517659,0.000541
AAATGGTCAATGTGCC-1,0.000051,0.113638,0.409208,0.016713,0.443437,0.016954
AAATGTATCTTATCCC-1,0.003286,0.016505,0.941744,0.022999,0.012944,0.002523
AAATGTGGGTGCTCCT-1,0.733472,0.000099,0.000197,0.124791,0.138461,0.00298
AAATTAACGGGTAGCT-1,0.000077,0.268525,0.086092,0.000077,0.410832,0.234398
AAATTAATAAGCGCGA-1,0.043059,0.034338,0.477136,0.013412,0.26063,0.171425
AAATTACACGACTCTG-1,0.068601,0.000174,0.000348,0.039802,0.745541,0.145533
AAATTACCTATCGATG-1,0.209999,0.000184,0.066146,0.526073,0.183541,0.014057
AAATTCCAGGTCCAAA-1,0.000055,0.257084,0.252885,0.072147,0.061926,0.355904
AAATTGATAGTCCTTT-1,0.088994,0.001243,0.36741,0.147215,0.395105,0.000032
AAATTGCGGCGGTTCT-1,0.000039,0.496343,0.09241,0.101153,0.310016,0.000039
AAATTGGTGAGAAGCA-1,0.023633,0.000154,0.000308,0.02724,0.461823,0.486842
AAATTTACCGAAATCC-1,0.149394,0.204152,0.259531,0.219063,0.132812,0.035048
AAATTTGCGGGTGTGG-1,0.000012,0.035958,0.921288,0.000012,0.041896,0.000833
AACAACTGGTAGTTGC-1,0.05573,0.079511,0.338695,0.036755,0.489249,0.00006
AACAATACATTGTCGA-1,0.008951,0.002646,0.838683,0.096843,0.051749,0.001129
AACAATTACTCTACGC-1,0.029293,0.092309,0.568602,0.003792,0.18475,0.121255
AACACACGCTCGCCGC-1,0.029649,0.253942,0.384743,0.113878,0.197108,0.020679
AACACGACTGTACTGA-1,0.037598,0.297595,0.000305,0.032069,0.356299,0.276132
AACACGAGACGCGGCC-1,0.04952,0.229952,0.561646,0.004273,0.072897,0.081712
AACACGCGGCCGCGAA-1,0.020394,0.785023,0.01632,0.000033,0.144663,0.033566
AACAGCTGTGTGGCAA-1,0.320746,0.044139,0.496774,0.036749,0.000055,0.101537
AACAGGAAATCGAATA-1,0.000042,0.808471,0.046792,0.000042,0.105025,0.039628
AACAGGATGGGCCGCG-1,0.024856,0.027651,0.299305,0.005038,0.640206,0.002943
AACAGGTAGTATGGAT-1,0.000011,0.165107,0.83485,0.000011,0.000011,0.000011
AACATAGCGTGTATCG-1,0.08215,0.000508,0.066454,0.579252,0.062775,0.20886
AACATATCAACTGGTG-1,0.044397,0.170863,0.277649,0.107471,0.378569,0.021049
AACATCGATACGTCTA-1,0.265778,0.000192,0.000384,0.179644,0.52404,0.029962
AACATTGAAGTTGATC-1,0.122117,0.234255,0.356521,0.000028,0.001846,0.285233
AACATTGGTCAGCCGT-1,0.036953,0.229682,0.012952,0.011327,0.402951,0.306135
AACATTGTGACTCGAG-1,0.000015,0.068211,0.930016,0.000015,0.000511,0.001232
AACCAAGACTTCTCTG-1,0.000784,0.110573,0.831661,0.000016,0.054212,0.002754
AACCAGTATCACTCTT-1,0.074304,0.109441,0.420347,0.080073,0.134219,0.181616
AACCATAGGGTTGAAC-1,0.468159,0.228195,0.292451,0.000018,0.004158,0.007021
AACCATGGGATCGCTA-1,0.00003,0.46832,0.513523,0.00003,0.018066,0.00003
AACCCAGAGACGGAGA-1,0.013636,0.022266,0.335526,0.013323,0.564757,0.050492
AACCCATCCCATGATC-1,0.361587,0.243695,0.204355,0.000033,0.019365,0.170965
AACCCGACAACCCGTG-1,0.003273,0.037456,0.843233,0.08862,0.014199,0.013218
AACCCGAGCAGAATCG-1,0.011676,0.182597,0.442205,0.049157,0.183664,0.130702
AACCCGATAGGGCTTC-1,0.066385,0.052906,0.606044,0.125548,0.000508,0.148609
AACCCGCTGTATTCCA-1,0.00237,0.139553,0.641899,0.035549,0.05423,0.1264
AACCCTACTGTCAATA-1,0.058897,0.253273,0.32071,0.13022,0.201367,0.035533
AACCCTGGTGGAACCA-1,0.288896,0.100976,0.000206,0.09903,0.345347,0.165544
AACCGAGCTTGGTCAT-1,0.000027,0.499896,0.433117,0.003042,0.058534,0.005384
AACCGCTAAGGGATGC-1,0.020471,0.184991,0.445443,0.226935,0.106716,0.015444
AACCGTTGTGTTTGCT-1,0.000052,0.653032,0.242491,0.104323,0.000052,0.000052
AACCTAAAGCCGTCCG-1,0.076396,0.057477,0.446562,0.365428,0.007544,0.046594
AACCTCGCTTTAGCCC-1,0.079037,0.000105,0.014982,0.334003,0.525361,0.046511
AACCTGTCACGGAATT-1,0.000025,0.084458,0.595316,0.075041,0.232302,0.012857
AACCTTTAAATACGGT-1,0.000034,0.442651,0.401334,0.033926,0.108911,0.013144
AACCTTTACGACGTCT-1,0.141842,0.271302,0.090913,0.224717,0.080707,0.190519
AACGAAAGTCGTCCCA-1,0.788257,0.061289,0.074338,0.000043,0.009977,0.066096
AACGACCTCCTAGCCG-1,0.021203,0.199136,0.549342,0.017098,0.022386,0.190834
AACGATAATGCCGTAG-1,0.000024,0.493368,0.427518,0.075243,0.003823,0.000024
AACGATAGAAGGGCCG-1,0.00703,0.284596,0.05783,0.160533,0.482392,0.007619
AACGATATGTCAACTG-1,0.000031,0.5194,0.265548,0.007369,0.20762,0.000031
AACGCATGATCTGGGT-1,0.058369,0.224943,0.481571,0.101242,0.129349,0.004525
AACGCGAACGGCAACA-1,0.000036,0.597076,0.289199,0.008837,0.010824,0.094028
AACGCGACCTTGGGCG-1,0.092051,0.117611,0.521334,0.013509,0.017061,0.238433
AACGCGGTCTCCAGCC-1,0.000044,0.503511,0.290614,0.06338,0.142145,0.000306
AACGCTGTTGCTGAAA-1,0.066165,0.273306,0.40613,0.140507,0.10101,0.012883
AACGGCCATCTCCGGT-1,0.000016,0.14986,0.758636,0.018646,0.065647,0.007195
AACGTACTGTGGGTAC-1,0.002644,0.238233,0.619938,0.000024,0.131249,0.007912
AACGTAGTCTACCCAT-1,0.35924,0.000185,0.00037,0.255983,0.384129,0.000093
AACGTCAGACTAGTGG-1,0.00006,0.413512,0.130465,0.00006,0.175045,0.280857
AACGTCATCCGGCTTG-1,0.007464,0.04798,0.437603,0.008953,0.022025,0.475974
AACGTCGCTGCACTTC-1,0.032233,0.188095,0.544361,0.068874,0.11588,0.050557
AACGTGATGAAGGACA-1,0.122434,0.000156,0.000311,0.375555,0.461973,0.039571
AACGTGCGAAAGTCTC-1,0.004017,0.472678,0.311964,0.015203,0.195315,0.000823
AACGTTATCAGCACCT-1,0.04881,0.016478,0.267281,0.115291,0.537298,0.014842
AACGTTCTACCATTGT-1,0.018589,0.091276,0.642456,0.155773,0.001294,0.090612
AACTACCCGTTTGTCA-1,0.000051,0.297222,0.191329,0.014056,0.129218,0.368124
AACTAGCGTATCGCAC-1,0.091786,0.023708,0.00038,0.06513,0.567069,0.251928
AACTAGGCTTGGGTGT-1,0.000035,0.465994,0.357874,0.000035,0.17336,0.002702
AACTCAAGTTAATTGC-1,0.043413,0.193926,0.369172,0.00003,0.356817,0.036643
AACTCCAGAGCGTGTT-1,0.044878,0.224073,0.397739,0.153316,0.144332,0.035662
AACTCCTAATCCCATG-1,0.184314,0.043257,0.000667,0.771429,0.000167,0.000167
AACTCGATAAACACGT-1,0.047675,0.508297,0.01534,0.004346,0.353812,0.07053
AACTCGATGGCGCAGT-1,0.044995,0.426814,0.32885,0.010472,0.14095,0.04792
AACTCTCAATAGAGCG-1,0.071832,0.124951,0.343506,0.126074,0.243069,0.090568
AACTCTCAGTGTGCTC-1,0.005916,0.223405,0.680278,0.012457,0.072316,0.005627
AACTGAGTTATACTGA-1,0.000011,0.037998,0.794616,0.010408,0.154654,0.002314
AACTGATATTAGGCCT-1,0.00005,0.491457,0.223155,0.01534,0.242489,0.027508
AACTGGGTCCCGACGT-1,0.000026,0.595582,0.151319,0.02292,0.228403,0.001751
AACTGGGTTCGAGCCG-1,0.057718,0.181811,0.257506,0.421301,0.000153,0.081511
AACTGGTGTGGGCCTT-1,0.000071,0.572619,0.00109,0.000071,0.185904,0.240244
AACTTCTGCGTCTATC-1,0.005104,0.017686,0.183768,0.000073,0.607382,0.185986
AACTTGCCCGTATGCA-1,0.042217,0.130986,0.487278,0.000037,0.291441,0.04804
AACTTGCGTTCTCGCG-1,0.000041,0.363659,0.429943,0.000041,0.162792,0.043525
AACTTTACGGGAGCTT-1,0.09659,0.104606,0.731711,0.000743,0.014389,0.05196
AACTTTAGCTGCTGAG-1,0.013211,0.00022,0.00044,0.095728,0.89029,0.00011
AACTTTCTCGATCATG-1,0.012464,0.001719,0.171979,0.403641,0.300845,0.109353
AAGAAAGTTTGATGGG-1,0.99943,0.000052,0.000105,0.000361,0.000026,0.000026
AAGAAATCACCAGATT-1,0.000012,0.249959,0.747828,0.002177,0.000012,0.000012
AAGAAGGATCAGTTAG-1,0.013362,0.188659,0.479215,0.021546,0.296027,0.001192
AAGACATACGTGGTTT-1,0.000016,0.104307,0.693764,0.059547,0.093695,0.048672
AAGACCAAATAACTCA-1,0.772223,0.000033,0.010138,0.216519,0.00107,0.000017
AAGACCCAACTGAACA-1,0.065155,0.124899,0.492884,0.020734,0.182872,0.113456
AAGACTAACCCGTTGT-1,0.000027,0.532079,0.406035,0.061806,0.000027,0.000027
AAGACTGCAAGCTACT-1,0.000034,0.31798,0.388081,0.013842,0.280029,0.000034
AAGAGATGAATCGGTA-1,0.024867,0.105224,0.772482,0.000022,0.09456,0.002844
AAGAGCTCTTTATCGG-1,0.000036,0.613608,0.260458,0.079438,0.046328,0.000132
AAGAGGATGTACGCGA-1,0.037759,0.12762,0.557246,0.000032,0.254439,0.022904
AAGAGGCATGGATCGC-1,0.000028,0.492228,0.165851,0.074117,0.262422,0.005354
AAGAGGCCCTTTGGAA-1,0.000019,0.29334,0.702999,0.003605,0.000019,0.000019
AAGATGGCACCGGACC-1,0.046275,0.078248,0.770685,0.095234,0.005536,0.004022
AAGATTGGCGGAACGT-1,0.175259,0.000113,0.000226,0.346695,0.477652,0.000056
AAGCACCCTGCGTATC-1,0.000017,0.514953,0.484681,0.000017,0.000316,0.000017
AAGCATACTCTCCTGA-1,0.000017,0.355519,0.574177,0.014703,0.054288,0.001297
AAGCCACTTGCAGGTA-1,0.063215,0.097329,0.456201,0.023891,0.007997,0.351366
AAGCCGAAGCGGTTTA-1,0.000024,0.413198,0.556623,0.018731,0.0114,0.000024
AAGCCGCCGTGAAATC-1,0.050012,0.100043,0.20005,0.050009,0.549867,0.050018
AAGCCGCTTTACCTTG-1,0.000035,0.19848,0.205901,0.140822,0.09941,0.355353
AAGCCGGAGAGCAGGA-1,0.006934,0.073966,0.662998,0.000193,0.152636,0.103274
AAGCGCAGGGCTTTGA-1,0.001225,0.515428,0.089829,0.032815,0.126813,0.23389
AAGCGGAGTGCGCGCA-1,0.000024,0.533793,0.139171,0.18298,0.000024,0.144007
AAGCGGCGTCATGGGT-1,0.094402,0.136208,0.438503,0.099886,0.180868,0.050134
AAGCGTCCCTCATCGA-1,0.000015,0.015157,0.801032,0.000015,0.179773,0.004007
AAGCTAGATCGAGTAA-1,0.000013,0.128993,0.675452,0.000766,0.194763,0.000013
AAGCTATGGATTGACC-1,0.999682,0.000059,0.000118,0.00003,0.00003,0.000082
AAGCTCGTGCCAAGTC-1,0.000034,0.627676,0.231507,0.013813,0.10149,0.02548
AAGCTCTTTCATGGTG-1,0.021512,0.281003,0.006173,0.106526,0.480551,0.104236
AAGGAGAACTTATAAG-1,0.248584,0.000117,0.000233,0.282292,0.375699,0.093076
AAGGAGCGGTTGGTGC-1,0.000065,0.013793,0.018391,0.000065,0.819183,0.148502
AAGGATCGATCGCTTG-1,0.000022,0.344579,0.521083,0.013482,0.120812,0.000022
AAGGATGAGGGACCTC-1,0.000057,0.000114,0.000227,0.328656,0.670889,0.000057
AAGGCAGGCTGTCTCC-1,0.000024,0.225887,0.491653,0.007513,0.087463,0.187461
AAGGCGCGTAAAGCTT-1,0.009328,0.35988,0.143685,0.000032,0.420069,0.067006
AAGGCTGTGCTCATCG-1,0.007854,0.391719,0.390972,0.000039,0.183593,0.025823
AAGGGAACGACTGGCT-1,0.153697,0.085908,0.096888,0.000025,0.157564,0.505919
AAGGGACAGATTCTGT-1,0.327183,0.126068,0.073226,0.128111,0.188157,0.157255
AAGGGACTATGCATTC-1,0.087196,0.021384,0.701648,0.054332,0.040122,0.095317
AAGGGTTAGCCATGCG-1,0.012756,0.161672,0.488309,0.035051,0.04902,0.253192
AAGGGTTTGATTTCAG-1,0.892834,0.000062,0.000125,0.001566,0.105381,0.000031
AAGGTATCCTAATATA-1,0.095184,0.509637,0.030411,0.167633,0.155024,0.042111
AAGGTGATAAACCAGC-1,0.047012,0.288564,0.1982,0.300108,0.15879,0.007326
AAGTAAGCTTCCAAAC-1,0.276159,0.000164,0.000328,0.140812,0.413262,0.169274
AAGTAGAAGACCGGGT-1,0.046543,0.067316,0.287856,0.077623,0.456466,0.064196
AAGTAGTGACGCGAGG-1,0.023159,0.074791,0.805329,0.000178,0.094631,0.001912
AAGTCAATTGTCGTCA-1,0.02393,0.000137,0.000275,0.188189,0.581015,0.206453
AAGTCTAGTAGCTGCC-1,0.000029,0.075807,0.447608,0.115105,0.050459,0.310993
AAGTCTTCTGTGGCCT-1,0.139618,0.081751,0.212319,0.06644,0.322925,0.176947
AAGTGACGACCGAATT-1,0.033271,0.133201,0.659159,0.000036,0.089484,0.08485
AAGTGAGTCGGGTTTA-1,0.066809,0.075865,0.596137,0.024076,0.063073,0.174041
AAGTGCAAAGGTAGAC-1,0.023339,0.147847,0.739086,0.004986,0.070039,0.014702
AAGTGCCTTGACTGTA-1,0.035132,0.16865,0.179855,0.064446,0.489967,0.061951
AAGTGCGTTAGAATCT-1,0.130974,0.088908,0.43639,0.000033,0.279889,0.063806
AAGTGCTTCTCTATTG-1,0.013912,0.049799,0.655295,0.067571,0.047735,0.165688
AAGTGTTTGGAGACGG-1,0.000038,0.522646,0.239456,0.074974,0.161841,0.001045
AAGTTCACTCCAAGCT-1,0.013096,0.320836,0.160765,0.314423,0.075728,0.115152
AAGTTCAGTCTGCGTA-1,0.052025,0.136685,0.389501,0.130263,0.236452,0.055074
AAGTTCGGCCAACAGG-1,0.059237,0.104699,0.770776,0.017786,0.039458,0.008044
AAGTTGTGATGTTATA-1,0.000015,0.351977,0.558581,0.029547,0.059864,0.000015
AAGTTTACTAATGGCA-1,0.004861,0.000119,0.000237,0.437955,0.556769,0.000059
AAGTTTATGGGCCCAA-1,0.00002,0.48872,0.306056,0.001775,0.145597,0.057833
AATAACAACGCTCGGC-1,0.036248,0.059765,0.718533,0.019924,0.163337,0.002193
AATAACACTAGAACAA-1,0.022739,0.071974,0.618319,0.001168,0.251067,0.034732
AATAACGTCGCGCCCA-1,0.018988,0.094739,0.679829,0.10611,0.054436,0.045897
AATAAGTCCTCGAGAC-1,0.147001,0.000137,0.000274,0.385241,0.151003,0.316344
AATAATCTTCGTATCG-1,0.02052,0.172253,0.749204,0.014074,0.003246,0.040704
AATACAATGTTTCAGG-1,0.000022,0.087324,0.912485,0.000022,0.000127,0.000022
AATACCGGAGGGCTGT-1,0.211413,0.029565,0.67178,0.012917,0.051265,0.023061
AATACCTGATGTGAAC-1,0.009418,0.195774,0.050863,0.068417,0.149348,0.526178
AATAGAACAGAGTGGC-1,0.000012,0.006326,0.884586,0.001187,0.107878,0.000012
AATAGAATCTGTTTCA-1,0.021566,0.076586,0.051352,0.401931,0.437867,0.010698
AATAGCTACCGCGTGC-1,0.089092,0.011736,0.050372,0.394154,0.289914,0.164731
AATAGGCACGACCCTT-1,0.026459,0.031264,0.728,0.075051,0.031595,0.107632
AATAGTCCGTCCCGAC-1,0.010025,0.219696,0.460861,0.026812,0.232921,0.049685
AATAGTCGCGAGTCGG-1,0.015313,0.015883,0.968317,0.000008,0.000473,0.000008
AATATCAAGGTCGGAT-1,0.00003,0.333042,0.329995,0.050711,0.286193,0.00003
AATATCCTAGCAAACT-1,0.480761,0.189879,0.207321,0.055534,0.010535,0.05597
AATATCGAATCAATGC-1,0.000016,0.49996,0.489228,0.010339,0.000016,0.000441
AATATCGAGGGTTCTC-1,0.093305,0.060322,0.335597,0.296321,0.178335,0.036119
AATATTGGAGTATTGA-1,0.00002,0.086858,0.886823,0.00002,0.024998,0.001281
AATCAGACTGCAGGAC-1,0.000029,0.684313,0.237071,0.024922,0.053636,0.000029
AATCAGGTTTCATTTA-1,0.126984,0.058501,0.601747,0.012438,0.085635,0.114694
AATCATGTAAAGACTC-1,0.15097,0.057218,0.000281,0.30779,0.317804,0.165936
AATCCAAGGGCCTGAG-1,0.037728,0.373688,0.309931,0.023094,0.230655,0.024904
AATCCATGCAAGGGTG-1,0.000044,0.115166,0.210295,0.050913,0.617723,0.005859
AATCCCGCTCAGAGCC-1,0.010896,0.082496,0.783262,0.021789,0.002537,0.09902
AATCGAGGTCTCAAGG-1,0.011498,0.031372,0.092434,0.339864,0.000816,0.524015
AATCGCCTCAGCGCCA-1,0.003321,0.489516,0.042754,0.084792,0.34918,0.030436
AATCGCGCAGAGGACT-1,0.00003,0.364137,0.362769,0.021815,0.103462,0.147787
AATCGGGACACTACGA-1,0.000073,0.471154,0.000292,0.033424,0.339882,0.155174
AATCGGTATAGCCCTC-1,0.000019,0.438816,0.466735,0.000019,0.074243,0.020169
AATCGTGAGCCGAGCA-1,0.089962,0.000175,0.000351,0.879899,0.000088,0.029525
AATCTAGGTTTACTTG-1,0.145435,0.381241,0.239803,0.00003,0.020449,0.213043
AATCTATGCCGGAGCC-1,0.114447,0.000155,0.00031,0.121781,0.637754,0.125552
AATCTCTACTGTGGTT-1,0.045725,0.105896,0.737041,0.0014,0.069048,0.04089
AATCTGCGTTGGGACG-1,0.202038,0.000134,0.000267,0.463931,0.333564,0.000067
AATCTGGCTTTCTAGT-1,0.176401,0.130107,0.241403,0.010219,0.205843,0.236027
AATCTGGGTAGACCCT-1,0.072356,0.090364,0.429391,0.246628,0.053951,0.107309
AATGACAGCAATGTCT-1,0.024344,0.033327,0.813126,0.007011,0.122174,0.000019
AATGACGTAGGATGTC-1,0.000038,0.610625,0.222745,0.139301,0.027252,0.000038
AATGACTGTCAGCCGG-1,0.002785,0.141439,0.389332,0.000133,0.46627,0.000041
AATGAGTTCGCATATG-1,0.002409,0.196763,0.350272,0.053251,0.389977,0.007328
AATGATGATACGCTAT-1,0.212441,0.00018,0.00036,0.565295,0.221634,0.00009
AATGATGCGACTCCTG-1,0.069797,0.249648,0.414291,0.058627,0.193262,0.014374
AATGCAACCGGGTACC-1,0.000036,0.601068,0.173377,0.000036,0.195241,0.030242
AATGCACCAAGCAATG-1,0.087276,0.191994,0.354601,0.069209,0.287996,0.008925
AATGGTCCACCGTTCA-1,0.051591,0.079428,0.422275,0.000028,0.251985,0.194693
AATGGTTCTCACAAGC-1,0.017586,0.120373,0.165208,0.025601,0.588269,0.082964
AATGTATGGCACTGTA-1,0.763811,0.041201,0.016567,0.113518,0.000038,0.064865
AATGTGCCCGAGGTGT-1,0.041738,0.136712,0.579746,0.00003,0.192284,0.04949
AATGTGCTAATCTGAG-1,0.044628,0.002513,0.943864,0.002039,0.005443,0.001513
AATGTTAAGACCCTGA-1,0.037192,0.018141,0.012373,0.832017,0.007976,0.0923
AATGTTGTCGTGAGAC-1,0.000019,0.400716,0.548965,0.015427,0.014716,0.020157
AATTAAAGGTCGGCGT-1,0.000045,0.045351,0.417087,0.02535,0.504849,0.007319
AATTAACGGATTTCCA-1,0.012132,0.37265,0.41474,0.106588,0.076325,0.017566
AATTACGAGACCCATC-1,0.918801,0.000172,0.071449,0.00132,0.008231,0.000027
AATTACTCGTACGCTC-1,0.001177,0.014489,0.291704,0.0696,0.622991,0.000039
AATTAGCGCTGCAGCG-1,0.000029,0.216455,0.648002,0.007014,0.089736,0.038764
AATTCATAAGGGATCT-1,0.055768,0.000267,0.000533,0.325447,0.351685,0.266299
AATTCATTGTCATGCA-1,0.784964,0.063064,0.089007,0.000052,0.000052,0.062862
AATTCCAACTTGGTGA-1,0.018791,0.103671,0.013765,0.471944,0.387443,0.004386
AATTCCAAGCATGTAC-1,0.000026,0.154021,0.689726,0.072726,0.061948,0.021554
AATTCGATTCGAGGAT-1,0.001755,0.09912,0.016943,0.31371,0.300267,0.268206
AATTCTAGAGTTAGGC-1,0.000024,0.186824,0.637049,0.070686,0.105393,0.000024
AATTGAACGCTCTGGT-1,0.00338,0.142027,0.091412,0.219386,0.5247,0.019095
AATTGCAGCAATCGAC-1,0.007924,0.091754,0.051865,0.063387,0.523158,0.261912
AATTGCGTGGATTACA-1,0.63234,0.036285,0.331275,0.000033,0.000033,0.000033
AATTGTGGTTGCCAAA-1,0.004301,0.129107,0.430801,0.03161,0.096366,0.307816
AATTTGGGACATAGTA-1,0.086471,0.060736,0.269512,0.169062,0.112557,0.301662
AATTTGGTTCCAAAGA-1,0.003761,0.395289,0.000486,0.038451,0.553039,0.008974
ACAAACCATGCGTCCT-1,0.451283,0.119457,0.405905,0.02274,0.00002,0.000595
ACAAACCGACAAGGCG-1,0.060938,0.005005,0.225201,0.708604,0.000126,0.000126
ACAAACTCCATCAGAG-1,0.00819,0.095763,0.849781,0.018795,0.000019,0.027451
ACAAAGAAGGTAGGCC-1,0.33905,0.145792,0.22974,0.000022,0.024608,0.260788
ACAAAGCATGACCTAG-1,0.099537,0.061597,0.004706,0.076459,0.183226,0.574475
ACAAATCGCACCGAAT-1,0.008656,0.40296,0.084858,0.177022,0.265863,0.060641
ACAAATGGTAGTGTTT-1,0.022175,0.132588,0.014356,0.32121,0.436798,0.072873
ACAACAGCATGAGCTA-1,0.000029,0.426879,0.475932,0.005386,0.090944,0.00083
ACAACGGTCCCTGCGA-1,0.039063,0.186407,0.092025,0.020151,0.342186,0.320169
ACAAGCAGTGCCTAGC-1,0.000358,0.137726,0.617545,0.027793,0.111516,0.105062
ACAAGCTATATGGAAG-1,0.153461,0.090138,0.536934,0.17755,0.000024,0.041892
ACAAGGAAATCCGCCC-1,0.000017,0.265971,0.637984,0.07974,0.01627,0.000017
ACAAGGACAAGAGGTT-1,0.000017,0.125302,0.808543,0.000017,0.066104,0.000017
ACAAGGATGCTTTAGG-1,0.085785,0.152457,0.211178,0.33625,0.19838,0.015951
ACAAGGGCAGGCTCTG-1,0.000027,0.541301,0.242276,0.083273,0.133096,0.000027
ACAAGTAATTGTAAGG-1,0.098106,0.169536,0.627761,0.102295,0.000008,0.002295
ACAATAGTCGTACGTT-1,0.089043,0.023679,0.246148,0.024524,0.587759,0.028846
ACAATCCATTTAAACC-1,0.017987,0.175165,0.52405,0.000023,0.177476,0.105298
ACAATCGATCTTTATA-1,0.128807,0.000104,0.000208,0.56625,0.304579,0.000052
ACAATGAATACGGAGA-1,0.095675,0.190439,0.408626,0.083345,0.143509,0.078406
ACAATTGTGTCTCTTT-1,0.035463,0.213643,0.164332,0.37636,0.194374,0.015828
ACAATTTAGGAGGCTC-1,0.000014,0.054172,0.918899,0.000014,0.02199,0.00491
ACAATTTGAGCAGTGG-1,0.000085,0.027273,0.000339,0.000085,0.503067,0.469151
ACAATTTGGCCATATT-1,0.038667,0.099145,0.453128,0.01313,0.222361,0.173569
ACACAAAGACGGGTGG-1,0.001855,0.38064,0.13355,0.115776,0.285329,0.08285
ACACAAATATTCCTAG-1,0.00002,0.728532,0.183088,0.067956,0.00002,0.020385
ACACACCAGGACCAGT-1,0.132949,0.116789,0.01252,0.379815,0.344717,0.013208
ACACACTTTCTACACG-1,0.000046,0.772814,0.169949,0.01989,0.037254,0.000046
ACACATGATCAAATCT-1,0.243678,0.142074,0.273715,0.029649,0.17772,0.133164
ACACATTGACGCAACA-1,0.000034,0.081525,0.138299,0.123549,0.629258,0.027335
ACACATTTCCGTAGAC-1,0.009499,0.176779,0.410144,0.090856,0.129158,0.183564
ACACCACATAATTAGC-1,0.000022,0.393309,0.590761,0.006662,0.000022,0.009224
ACACCCAGCATGCAGC-1,0.000066,0.460311,0.10635,0.000066,0.377237,0.05597
ACACCCGAGAAATCCG-1,0.000026,0.515342,0.361544,0.014425,0.099651,0.009013
ACACCGAGCGCTCTTT-1,0.000053,0.323709,0.11997,0.000053,0.195472,0.360744
ACACCGGTCTGACCGC-1,0.693942,0.059204,0.170648,0.000022,0.009181,0.067003
ACACCTTAAGTAGGGC-1,0.000057,0.42446,0.251776,0.000057,0.10352,0.22013
ACACCTTACTACTTGC-1,0.000025,0.496762,0.489511,0.000025,0.001066,0.012611
ACACGAGACTCCTTCT-1,0.000068,0.670413,0.104437,0.128782,0.077026,0.019273
ACACGGCACTATGCAT-1,0.127757,0.000224,0.000448,0.012998,0.670263,0.18831
ACACGGGAACTTAGGG-1,0.000032,0.561046,0.372549,0.06631,0.000032,0.000032
ACACGTAGGCCACAAG-1,0.000023,0.431852,0.568056,0.000023,0.000023,0.000023
ACACTCCAATGTCACT-1,0.000055,0.026362,0.273464,0.185605,0.44424,0.070275
ACACTGATCAAGGTGT-1,0.061234,0.045677,0.603903,0.007726,0.276396,0.005064
ACACTGGGACAGTCGT-1,0.011348,0.089506,0.339692,0.069351,0.308302,0.181802
ACAGAACTGAGAACAA-1,0.350267,0.190546,0.316975,0.000026,0.06385,0.078336
ACAGATTAGGTTAGTG-1,0.008783,0.000159,0.000318,0.296009,0.694652,0.000079
ACAGCATAGAGCCAGT-1,0.000052,0.63454,0.024352,0.050043,0.286276,0.004738
ACAGCGACATTCTCAT-1,0.036235,0.000181,0.000361,0.003164,0.320849,0.639211
ACAGCGCACCCGCAGC-1,0.068348,0.000175,0.00035,0.0585,0.390642,0.481986
ACAGGAGGCGCAGCCG-1,0.074012,0.073295,0.133203,0.233936,0.451175,0.034378
ACAGGCACGGATCCTT-1,0.022668,0.140098,0.239283,0.563421,0.000042,0.034488
ACAGGCTTGCCCGACT-1,0.022916,0.107281,0.368189,0.346921,0.057166,0.097527
ACAGGTGGAGGTGAGG-1,0.000019,0.109063,0.819142,0.000019,0.055983,0.015775
ACAGGTGTGTTGTTGC-1,0.099769,0.081294,0.554137,0.093793,0.023891,0.147115
ACAGTAATACAACTTG-1,0.248807,0.21688,0.49041,0.000026,0.01144,0.032438
ACAGTATACCGTGGGA-1,0.000041,0.400684,0.248254,0.350938,0.000041,0.000041
ACATAAGTCGTGGTGA-1,0.536911,0.000085,0.002573,0.013855,0.409958,0.036617
ACATAATAAGGCGGTG-1,0.00006,0.559194,0.125913,0.00754,0.248774,0.058519
ACATACAATCAAGCGG-1,0.051189,0.002693,0.129817,0.689195,0.102731,0.024373
ACATCAGCTGGGACGC-1,0.096574,0.076425,0.767388,0.011435,0.016235,0.031943
ACATCCCGGCCATACG-1,0.008119,0.110908,0.290053,0.005493,0.468208,0.11722
ACATCCTGGTAACTGT-1,0.053488,0.000131,0.000262,0.364422,0.466987,0.11471
ACATCGATCGTTTACC-1,0.030516,0.055971,0.722924,0.007621,0.182934,0.000034
ACATCGCAATATTCGG-1,0.12877,0.000023,0.204737,0.365753,0.254719,0.045998
ACATCGGTCAGCCGCG-1,0.033468,0.164584,0.634002,0.000024,0.163209,0.004714
ACATCGTATGCAATGG-1,0.008635,0.332299,0.115354,0.161352,0.37453,0.00783
ACATCGTTAACCTAGT-1,0.134444,0.000243,0.000487,0.179536,0.554741,0.130549
ACATCTCAACGCGTAA-1,0.228289,0.103437,0.000319,0.346536,0.140524,0.180895
ACATGCTTACGGCAGC-1,0.544637,0.025743,0.035287,0.161319,0.178801,0.054213
ACATGGCGCCAAAGTA-1,0.01045,0.054231,0.047254,0.118888,0.414834,0.354343
ACATGGCTCAATTTAG-1,0.021804,0.510147,0.021425,0.00006,0.308519,0.138045
ACATTAGTTTATATCC-1,0.000029,0.196132,0.554263,0.00042,0.246686,0.00247
ACATTCGCGCGGAATA-1,0.145461,0.059436,0.777694,0.00661,0.000014,0.010784
ACATTTGAAACCTAAC-1,0.040784,0.000046,0.01128,0.329381,0.393949,0.22456
ACCAAACACCCAGCGA-1,0.072335,0.000152,0.000304,0.262459,0.392954,0.271796
ACCAAACTAGAAATCC-1,0.291289,0.000097,0.000193,0.293074,0.349733,0.065614
ACCAACACCACACACT-1,0.057587,0.000152,0.000304,0.411291,0.33285,0.197817
ACCAACCGCACTCCAC-1,0.073116,0.049297,0.17352,0.377661,0.183443,0.142963
ACCAACGCTTATTTAT-1,0.000025,0.094024,0.773019,0.000025,0.07025,0.062659
ACCAAGAACGCGTGTC-1,0.00003,0.64942,0.296599,0.006696,0.047225,0.00003
ACCAAGTCATCGGCAG-1,0.060439,0.494914,0.328399,0.002141,0.047383,0.066724
ACCAATATGCAAGTTA-1,0.000029,0.263324,0.173908,0.140999,0.421711,0.000029
ACCACAACTCAGAACA-1,0.193695,0.010369,0.239099,0.38164,0.000092,0.175104
ACCACAAGTTTCTATC-1,0.000071,0.301177,0.15908,0.022981,0.40291,0.113782
ACCACACGGTTGATGG-1,0.034732,0.119539,0.454468,0.238109,0.054979,0.098174
ACCACCAATGTAACAA-1,0.000031,0.617724,0.121723,0.192926,0.034273,0.033322
ACCACCCTCTCTTCTA-1,0.000052,0.534993,0.052751,0.000994,0.000052,0.411159
ACCACGTGCAGCTATA-1,0.022822,0.562143,0.182866,0.097662,0.116192,0.018316
ACCACTGTTCAAGAAG-1,0.000037,0.503031,0.291388,0.05595,0.142698,0.006896
ACCAGACCATAACAAC-1,0.009096,0.048642,0.942245,0.000006,0.000006,0.000006
ACCAGCCCGGTCTTTG-1,0.108083,0.002919,0.00038,0.472811,0.047299,0.368507
ACCAGGAGTGTGATCT-1,0.149497,0.000121,0.000242,0.397592,0.452488,0.000061
ACCAGTGCCCGGTCAA-1,0.072643,0.076084,0.59441,0.100474,0.125655,0.030736
ACCATATCCGCAATAA-1,0.017066,0.09436,0.318293,0.04083,0.418941,0.11051
ACCATCCGCCAACTAG-1,0.000009,0.109737,0.880751,0.000009,0.009486,0.000009
ACCATCGTATATGGTA-1,0.040019,0.218873,0.472734,0.000049,0.087506,0.180819
ACCATTAAGGGTGTCA-1,0.000033,0.293159,0.409674,0.000033,0.265464,0.031637
ACCCAACGCCCGTGGC-1,0.13401,0.000354,0.000264,0.137913,0.598533,0.128925
ACCCACCTACATGCTC-1,0.0359,0.134931,0.249286,0.00005,0.271778,0.308055
ACCCATCTTGAGGGTA-1,0.000036,0.218133,0.654334,0.000036,0.119246,0.008215
ACCCATTTGTCCCTCT-1,0.02458,0.059472,0.06345,0.3837,0.336726,0.132071
ACCCGAGCGAAATTAC-1,0.099253,0.173449,0.246132,0.000037,0.058615,0.422514
ACCCGATTGGTTCCGA-1,0.058776,0.062936,0.632763,0.016261,0.073933,0.155332
ACCCGGAAACTCCCAG-1,0.000022,0.306984,0.646283,0.022725,0.019315,0.004671
ACCCGGAGCACCACAA-1,0.036688,0.15861,0.469399,0.000024,0.0113,0.323978
ACCCGGATGACGCATC-1,0.038391,0.205405,0.259273,0.123784,0.30302,0.070127
ACCCGGTTACACTTCC-1,0.000398,0.013891,0.376964,0.029053,0.568254,0.01144
ACCCGTAGCAGAGAAT-1,0.91774,0.000072,0.000144,0.000036,0.000036,0.081972
ACCCGTAGTCTAGTTG-1,0.000011,0.199656,0.694461,0.016232,0.003883,0.085758
ACCCGTGTCATCAGTA-1,0.000036,0.172575,0.720159,0.000036,0.083152,0.024041
ACCCTATAGGACTGAG-1,0.000026,0.25639,0.671816,0.000026,0.071715,0.000026
ACCCTATGCCATATCG-1,0.061241,0.067468,0.68739,0.000032,0.133593,0.050276
ACCCTCCCGTCAGGGC-1,0.042248,0.11416,0.092035,0.14996,0.134285,0.467312
ACCCTCCCTTGCTATT-1,0.028678,0.000198,0.000395,0.353251,0.560351,0.057127
ACCCTGGTAACGCCCT-1,0.022944,0.000113,0.005827,0.235573,0.655855,0.079689
ACCCTTCATCTGCGAA-1,0.000055,0.47875,0.160584,0.089112,0.271445,0.000055
ACCCTTGCCTGGGTCG-1,0.000023,0.42696,0.569301,0.000548,0.000023,0.003146
ACCCTTTAGTTCTCCA-1,0.160032,0.020022,0.009023,0.649867,0.000143,0.160912
ACCGAAAGGGCCCTGC-1,0.000035,0.738882,0.189237,0.051561,0.020251,0.000035
ACCGAAGAGTCTGGTT-1,0.565631,0.204293,0.103683,0.008585,0.024514,0.093294
ACCGACACATCTCCCA-1,0.000037,0.057748,0.27687,0.176111,0.477991,0.011243
ACCGACTGAGTCCCAC-1,0.000042,0.250252,0.398351,0.096514,0.241265,0.013576
ACCGAGTCTCCTTATT-1,0.007226,0.000075,0.011917,0.466197,0.092098,0.422488
ACCGATAGGCATAACC-1,0.000011,0.148347,0.831938,0.011639,0.007083,0.000982
ACCGATATTTAATCAT-1,0.034797,0.002774,0.511814,0.080905,0.222999,0.146712
ACCGATGGTAGCATCG-1,0.106798,0.046789,0.069133,0.372791,0.312637,0.091851
ACCGCAATAACTGCCT-1,0.000036,0.731876,0.132136,0.068274,0.064778,0.002901
ACCGCGGTGGAAGTCG-1,0.000037,0.685702,0.111876,0.085083,0.07466,0.042641
ACCGCTAGTCATTGGT-1,0.182774,0.030394,0.499093,0.00633,0.000023,0.281387
ACCGGGCCTTTGTTGA-1,0.183916,0.035449,0.377207,0.154757,0.091198,0.157473
ACCGGTCAGGTACACC-1,0.546095,0.015374,0.341242,0.007922,0.089345,0.000022
ACCGTCCACTGGGCCC-1,0.999813,0.000042,0.000083,0.000021,0.000021,0.000021
ACCGTGACCACGTGGG-1,0.073971,0.034914,0.859767,0.000161,0.029065,0.002121
ACCGTTCCCGCTCTGA-1,0.139893,0.000165,0.000331,0.1613,0.459538,0.238774
ACCTAAGTACCTTTCA-1,0.048202,0.007644,0.586489,0.000032,0.343564,0.014069
ACCTAATCGACTTCCT-1,0.021474,0.101038,0.502682,0.000029,0.286449,0.088328
ACCTACAGTATGTGGT-1,0.000029,0.078767,0.60824,0.04204,0.270895,0.000029
ACCTACTATAAATCTA-1,0.031515,0.064309,0.863726,0.005251,0.030578,0.004621
ACCTCAGCGAGGCGCA-1,0.012355,0.051672,0.132353,0.246772,0.258371,0.298477
ACCTCCGCCCTCGCTG-1,0.000065,0.191324,0.427912,0.062359,0.276559,0.041782
ACCTCCGTTATTCACC-1,0.030147,0.210917,0.16923,0.055932,0.364743,0.16903
ACCTCGAACTTATGCT-1,0.329898,0.064641,0.585996,0.006097,0.000162,0.013207
ACCTGCGTGTCATGTT-1,0.074329,0.087543,0.826404,0.000015,0.00858,0.00313
ACCTTTCCTTTAGAAG-1,0.056657,0.198991,0.308894,0.310199,0.020416,0.104842
ACGAAATGGGCGGCAC-1,0.005212,0.000046,0.244225,0.091048,0.659446,0.000023
ACGACCCATGAGTTGC-1,0.087287,0.085954,0.423417,0.125636,0.122385,0.15532
ACGACTCTAGGGCCGA-1,0.057741,0.181028,0.435836,0.15852,0.110206,0.056669
ACGACTGGTCATACTC-1,0.04765,0.042555,0.731539,0.105375,0.001638,0.071243
ACGAGAACCCATCACG-1,0.000035,0.843886,0.118664,0.000035,0.026027,0.011352
ACGAGATATTTGCTTA-1,0.114384,0.000215,0.000429,0.040324,0.480725,0.363924
ACGAGGATACCACTCT-1,0.175447,0.177005,0.343347,0.002868,0.135826,0.165507
ACGAGGTTTACAACGT-1,0.187055,0.140451,0.467476,0.199429,0.003555,0.002034
ACGAGTACGGATGCCC-1,0.1186,0.000209,0.000418,0.21823,0.56421,0.098334
ACGAGTCGCCGGCGTT-1,0.000028,0.559114,0.058322,0.030195,0.327982,0.024358
ACGATACATAGAACTA-1,0.075862,0.450758,0.169971,0.108534,0.151991,0.042884
ACGATACCTATCCTGA-1,0.034489,0.185507,0.654044,0.000015,0.023884,0.102061
ACGATCATACATAGAG-1,0.0117,0.267378,0.027193,0.051111,0.622099,0.02052
ACGATCATCTTGTAAA-1,0.406194,0.034651,0.032622,0.249357,0.220614,0.056561
ACGATGCATATGTTAT-1,0.021694,0.176894,0.486148,0.000044,0.234412,0.080807
ACGATGGATCCGATGC-1,0.021272,0.013381,0.000459,0.000115,0.635293,0.329481
ACGCAAACTAATAGAT-1,0.002098,0.019131,0.807352,0.047818,0.114086,0.009515
ACGCAATCACTACAGC-1,0.016096,0.139833,0.000338,0.312982,0.365774,0.164976
ACGCATACGTTTACTA-1,0.000044,0.373943,0.455302,0.103497,0.063559,0.003654
ACGCATTCGTGAGTAC-1,0.014605,0.252599,0.619772,0.000042,0.112939,0.000042
ACGCCACTCGAAACAG-1,0.003062,0.587926,0.174614,0.010339,0.048854,0.175206
ACGCCAGATGATTTCT-1,0.000043,0.668673,0.218914,0.035594,0.076733,0.000043
ACGCCAGTGCGTTTGC-1,0.00003,0.559332,0.037896,0.00003,0.141536,0.261177
ACGCCCAGCTGTCGAT-1,0.367781,0.000289,0.000577,0.337324,0.250866,0.043163
ACGCCGCTAGACGACC-1,0.000067,0.713853,0.170095,0.000067,0.085516,0.030402
ACGCCTGACACGCGCT-1,0.037984,0.190539,0.182188,0.337237,0.164588,0.087463
ACGCGAAGTCAGACGA-1,0.000022,0.181984,0.765252,0.050839,0.001882,0.000022
ACGCGCTACACAGGGT-1,0.049426,0.077751,0.823528,0.000018,0.035261,0.014017
ACGCGGGCCAAGGACA-1,0.000051,0.361174,0.542284,0.002025,0.067004,0.027463
ACGCGTTTCTTAAGAG-1,0.000013,0.073998,0.853245,0.012026,0.032082,0.028636
ACGCTACTGAATGGGC-1,0.021057,0.00356,0.277013,0.390803,0.303014,0.004554
ACGCTAGTGATACACT-1,0.059031,0.146178,0.454273,0.111122,0.223644,0.005751
ACGCTGTGAGGCGTAG-1,0.091343,0.055871,0.826626,0.00275,0.002623,0.020787
ACGCTTAGTGTCTCTC-1,0.142273,0.007045,0.400273,0.407064,0.043216,0.000129
ACGGAACACGAGTGCC-1,0.012832,0.050152,0.000149,0.012015,0.226587,0.698266
ACGGAATTTAGCAAAT-1,0.002731,0.225291,0.01327,0.000068,0.408593,0.350048
ACGGACGCAGCGACAA-1,0.759531,0.033411,0.163178,0.008833,0.000039,0.035007
ACGGACTCTCAAAGCG-1,0.017847,0.205038,0.3508,0.177448,0.234396,0.014471
ACGGAGCGCAAATTAC-1,0.047928,0.017663,0.401408,0.532849,0.000076,0.000076
ACGGATGGTGCGGATA-1,0.024869,0.456057,0.080275,0.12095,0.22675,0.091099
ACGGCACTTGCTTGGG-1,0.000058,0.124588,0.406533,0.000058,0.435747,0.033016
ACGGCCAACATGGACT-1,0.015913,0.231384,0.62868,0.029326,0.064337,0.03036
ACGGCGACGATGGGAA-1,0.000021,0.372355,0.286031,0.112234,0.229338,0.000021
ACGGCGGGTTGCCCTG-1,0.000041,0.672521,0.025093,0.043919,0.255906,0.00252
ACGGCTGGATGTAGAA-1,0.518652,0.030744,0.446572,0.000025,0.000025,0.003983
ACGGGAGTGTCGGCCC-1,0.049761,0.036019,0.48696,0.00376,0.190612,0.232889
ACGGGCGTATGCGACA-1,0.017036,0.528529,0.063058,0.02148,0.086865,0.283032
ACGGGTCATGTGACTT-1,0.047881,0.101802,0.00707,0.023936,0.443197,0.376114
ACGGGTTGTGACCTGT-1,0.716566,0.082662,0.111468,0.0028,0.016667,0.069837
ACGGTACAGTTCAATG-1,0.076087,0.000067,0.0144,0.581019,0.108546,0.219881
ACGGTCACCGAGAACA-1,0.814681,0.005329,0.051914,0.116389,0.000028,0.011659
ACGTACAGATTTCTCT-1,0.010112,0.493864,0.017072,0.044238,0.398915,0.0358
ACGTACTTTGGCACGG-1,0.084907,0.011665,0.368949,0.044336,0.332396,0.157747
ACGTAGATTGCTGATG-1,0.000039,0.471951,0.276987,0.002656,0.240636,0.007731
ACGTAGGAGAGTCGCT-1,0.013567,0.41927,0.297161,0.065294,0.10212,0.102587
ACGTATTACTCCGATC-1,0.000179,0.26369,0.077637,0.658136,0.000179,0.000179
ACGTCCTAAACGAGAT-1,0.000124,0.040996,0.367329,0.591303,0.000124,0.000124
ACGTCGGGCAACTCGG-1,0.950406,0.000041,0.000082,0.041316,0.008135,0.000021
ACGTCTCGTTCCGGGA-1,0.246677,0.076514,0.139415,0.1026,0.336834,0.09796
ACGTGACAAAGTAAGT-1,0.640571,0.060059,0.131572,0.007058,0.099823,0.060918
ACGTGCGCCTCGTGCA-1,0.000039,0.641736,0.27183,0.035483,0.050873,0.000039
ACGTGGTCGAATGTGC-1,0.000831,0.00037,0.000741,0.997687,0.000185,0.000185
ACGTTAATGTCGAAGA-1,0.008639,0.547613,0.068535,0.011863,0.339963,0.023387
ACGTTAGATTTGCCCG-1,0.000031,0.102129,0.754752,0.000031,0.121985,0.021073
ACGTTATTGGTCACTC-1,0.027942,0.328599,0.501301,0.000033,0.138493,0.003632
ACGTTCACTATGCCGC-1,0.006754,0.177694,0.718583,0.016293,0.035178,0.045498
ACGTTCCGCGCTCCGT-1,0.000049,0.458083,0.040729,0.060688,0.285547,0.154905
ACGTTCGCAATCAATT-1,0.001405,0.476792,0.410647,0.03339,0.051054,0.026712
ACGTTCGTTCAGGAAA-1,0.008711,0.104753,0.715434,0.000019,0.128659,0.042423
ACGTTCTGTACAAGTC-1,0.031349,0.151729,0.379714,0.081502,0.28733,0.068376
ACGTTGTCGTTGAAAG-1,0.054699,0.071202,0.664219,0.025567,0.012313,0.172001
ACGTTTAGTTGTGATC-1,0.000075,0.545038,0.000302,0.000075,0.432705,0.021804
ACGTTTCGGTGCACTT-1,0.070405,0.07172,0.360078,0.034008,0.2004,0.263389
ACTAAGGACGCACACC-1,0.000025,0.374479,0.216162,0.357414,0.000134,0.051786
ACTAATACGTCAGGCG-1,0.033337,0.172816,0.430181,0.122063,0.191749,0.049854
ACTACAAAGAGAGGTG-1,0.071722,0.042955,0.815645,0.031199,0.010949,0.02753
ACTACATCCCGACAAG-1,0.443056,0.104022,0.273928,0.138764,0.000041,0.040188
ACTACCAGCTCTCTGG-1,0.011019,0.021164,0.264954,0.059817,0.643005,0.00004
ACTACCATCCGAGGGC-1,0.091148,0.079892,0.454896,0.059243,0.078326,0.236494
ACTACGCGTTAGAATT-1,0.000028,0.168185,0.673809,0.032304,0.098487,0.027186
ACTAGTTGCGATCGTC-1,0.030981,0.427528,0.231238,0.033243,0.260337,0.016673
ACTATATGCTGTGTTC-1,0.049576,0.210924,0.37289,0.17149,0.179134,0.015987
ACTATCCAGGGCATGG-1,0.000022,0.540726,0.293097,0.016401,0.145502,0.004253
ACTATCGCCGGCTAAA-1,0.000025,0.219345,0.236403,0.010823,0.475922,0.057482
ACTATCTGCCCGCGTA-1,0.000029,0.120446,0.271574,0.023634,0.348173,0.236145
ACTATGTCCAGCTGCC-1,0.056266,0.120559,0.797221,0.006323,0.000013,0.019618
ACTATTCGTCCGTGGT-1,0.000068,0.530478,0.000272,0.037899,0.343886,0.087398
ACTATTTCCGGGCCCA-1,0.009642,0.233116,0.712421,0.000022,0.015759,0.02904
ACTCAACGAATGTATT-1,0.000049,0.793966,0.121821,0.014728,0.067119,0.002318
ACTCAAGTGCAAGGCT-1,0.151145,0.000114,0.077839,0.451065,0.319766,0.000072
ACTCAATAAAGGCACG-1,0.017366,0.485649,0.14311,0.000114,0.182074,0.171687
ACTCAGACCTGCTTCT-1,0.000047,0.744058,0.046116,0.000047,0.19101,0.018723
ACTCATGGCAGCCTTC-1,0.263627,0.132967,0.572063,0.02743,0.000017,0.003897
ACTCCAATATCATCAT-1,0.112994,0.007652,0.411705,0.195111,0.245758,0.026781
ACTCCCATTCCTAAAG-1,0.102106,0.309079,0.324181,0.000034,0.111383,0.153217
ACTCCCGAATTCGTTT-1,0.271129,0.000139,0.000277,0.317115,0.335047,0.076293
ACTCCCGTAGACTAGG-1,0.050966,0.208095,0.696197,0.032919,0.000022,0.011801
ACTCCCTAATGCTAAA-1,0.000021,0.455299,0.498778,0.014206,0.031446,0.000251
ACTCCCTAGAATAGTA-1,0.001243,0.255999,0.389522,0.027827,0.28918,0.036229
ACTCCGGCCGACCACT-1,0.00438,0.117698,0.450982,0.418192,0.00046,0.008288
ACTCGATGTATTTCAT-1,0.00003,0.269668,0.580669,0.00003,0.149572,0.00003
ACTCGCCGTTCGATAA-1,0.002126,0.166072,0.763582,0.053995,0.014214,0.000011
ACTCGCGATCTGACGC-1,0.000023,0.175558,0.524541,0.000522,0.098582,0.200775
ACTCGTAACCCGTCCT-1,0.006149,0.150725,0.843081,0.000015,0.000015,0.000015
ACTCGTCAGTAATCCC-1,0.00003,0.575749,0.215094,0.028993,0.177655,0.002478
ACTCTAAACCTGGGAT-1,0.047884,0.039333,0.569659,0.000012,0.240022,0.10309
ACTCTCTGACTTAGGT-1,0.000047,0.61367,0.088487,0.061651,0.219844,0.016301
ACTCTCTTATACACGA-1,0.284517,0.030594,0.00067,0.398416,0.145156,0.140647
ACTCTGACCTAATAGA-1,0.114828,0.008039,0.0068,0.371458,0.224042,0.274834
ACTCTTCAGCTCCCGC-1,0.002149,0.066484,0.754786,0.016119,0.124953,0.03551
ACTCTTGTATAGTAAC-1,0.000032,0.417597,0.422865,0.008563,0.150912,0.000032
ACTGAAACGCCGTTAG-1,0.035898,0.11927,0.422646,0.135632,0.262007,0.024547
ACTGAATGGCGAAAGT-1,0.008071,0.42417,0.02367,0.133003,0.298932,0.112155
ACTGATTTAGTGATTC-1,0.307897,0.000674,0.146018,0.28646,0.000337,0.258614
ACTGCCCGCCATTCTC-1,0.127532,0.018417,0.412,0.316401,0.00003,0.125621
