Barcode,Topic 1,Topic 2,Topic 3,Topic 4to11
AAACAAGTATCTCCCA-1,0.000042,0.474486,0.062591,0.462881
AAACAATCTACTAGCA-1,0.000016,0.000016,0.101839,0.89813
AAACACCAATAACTGC-1,0.000023,0.000023,0.000023,0.99993
AAACAGAGCGACTCCT-1,0.001073,0.043825,0.023008,0.932094
AAACAGCTTTCAGAAG-1,0.000058,0.000058,0.151,0.848884
AAACAGGGTCTATATT-1,0.000016,0.000016,0.121083,0.878885
AAACAGTGTTCCTGGG-1,0.000019,0.022826,0.018052,0.959103
AAACATGGTGAGAGGA-1,0.000021,0.001389,0.708561,0.290029
AAACATTTCCCGGATT-1,0.000051,0.819599,0.119743,0.060607
AAACCACTACACAGAT-1,0.000036,0.000036,0.190114,0.809814
AAACCCGAACGAAATC-1,0.000018,0.00874,0.000018,0.991224
AAACCGGAAATGTTAA-1,0.000013,0.036098,0.008626,0.955264
AAACCGGGTAGGTACC-1,0.000016,0.000016,0.000016,0.999952
AAACCGTTCGTCCAGG-1,0.000421,0.000016,0.002906,0.996657
AAACCTAAGCAGCCGG-1,0.000026,0.793987,0.205781,0.000206
AAACCTCATGAAGTTG-1,0.00003,0.00003,0.156786,0.843154
AAACGAAGAACATACC-1,0.000024,0.000024,0.000024,0.999929
AAACGAAGATGGAGTA-1,0.000188,0.000188,0.250988,0.748635
AAACGACAGTCTTGCC-1,0.000038,0.000038,0.314044,0.68588
AAACGAGACGGTTGAT-1,0.004734,0.661069,0.000047,0.33415
AAACGCCCGAGATCGG-1,0.000025,0.000025,0.193944,0.806005
AAACGCTGGGCACGAC-1,0.000013,0.005564,0.037066,0.957357
AAACGGGCGTACGGGT-1,0.000039,0.957664,0.024401,0.017896
AAACGGTTGCGAACTG-1,0.000026,0.071799,0.006289,0.921886
AAACGTGTTCGCCCTA-1,0.00001,0.00001,0.000281,0.999699
AAACTAACGTGGCGAC-1,0.000073,0.017022,0.000073,0.982832
AAACTCGGTTCGCAAT-1,0.000068,0.424414,0.000068,0.57545
AAACTCGTGATATAAG-1,0.000031,0.025914,0.000031,0.974025
AAACTGCTGGCTCCAA-1,0.000033,0.721254,0.002729,0.275984
AAACTTAATTGCACGC-1,0.000036,0.026909,0.150034,0.823021
AAACTTGCAAACGTAT-1,0.000042,0.000042,0.451992,0.547925
AAAGAATGACCTTAGA-1,0.06036,0.000025,0.771798,0.167816
AAAGAATGTGGACTAA-1,0.000027,0.725871,0.036149,0.237953
AAAGACATGAAGTTTA-1,0.000024,0.000024,0.175313,0.824638
AAAGACCCAAGTCGCG-1,0.000035,0.000035,0.000035,0.999896
AAAGACTGGGCGCTTT-1,0.00004,0.00004,0.268799,0.731121
AAAGCTTGCCTACATA-1,0.000012,0.018195,0.000012,0.981781
AAAGGCCCTATAATAC-1,0.000007,0.000007,0.023578,0.976408
AAAGGCTACGGACCAT-1,0.000031,0.022248,0.000031,0.977691
AAAGGCTCTCGCGCCG-1,0.000019,0.024761,0.0067,0.968521
AAAGGGATGTAGCAAG-1,0.001511,0.115341,0.000038,0.883111
AAAGGGCAGCTTGAAT-1,0.000043,0.000043,0.027057,0.972857
AAAGGTAAGCTGTACC-1,0.000051,0.044352,0.209717,0.74588
AAAGGTCAACGACATG-1,0.000025,0.007137,0.278159,0.714679
AAAGTAGCATTGCTCA-1,0.000026,0.002508,0.12752,0.869947
AAAGTCACTGATGTAA-1,0.004268,0.010438,0.000037,0.985257
AAAGTCGACCCTCAGT-1,0.00002,0.00002,0.032377,0.967583
AAAGTGCCATCAATTA-1,0.000021,0.016072,0.000021,0.983886
AAAGTGTGATTTATCT-1,0.000066,0.751091,0.000066,0.248778
AAAGTTGACTCCCGTA-1,0.000032,0.663606,0.000032,0.33633
AAATAACCATACGGGA-1,0.000034,0.010004,0.000034,0.989928
AAATAAGGTAGTGCCC-1,0.00002,0.102857,0.069284,0.827839
AAATACCTATAAGCAT-1,0.000039,0.74526,0.000039,0.254662
AAATAGCTTAGACTTT-1,0.000056,0.20656,0.000056,0.793328
AAATAGGGTGCTATTG-1,0.000044,0.808692,0.000044,0.19122
AAATCCGATACACGCC-1,0.000027,0.99625,0.000027,0.003697
AAATCGCGGAAGGAGT-1,0.000063,0.043188,0.423272,0.533477
AAATCGTGTACCACAA-1,0.001274,0.000045,0.000045,0.998636
AAATCTAGCCCTGCTA-1,0.000033,0.779877,0.153104,0.066987
AAATCTGCCCGCGTCC-1,0.000083,0.044151,0.15431,0.801457
AAATGACTGATCAAAC-1,0.000004,0.000004,0.00012,0.999871
AAATGATTCGATCAGC-1,0.000031,0.004651,0.051919,0.9434
AAATGCTCGTTACGTT-1,0.000053,0.00398,0.184849,0.811117
AAATGGCATGTCTTGT-1,0.000028,0.084302,0.012392,0.903278
AAATGGCCCGTGCCCT-1,0.00004,0.00004,0.00004,0.99988
AAATGGTCAATGTGCC-1,0.00002,0.068853,0.002133,0.928993
AAATGTATCTTATCCC-1,0.00005,0.001708,0.05442,0.943822
AAATGTGGGTGCTCCT-1,0.000012,0.000012,0.129417,0.870559
AAATTAACGGGTAGCT-1,0.000022,0.054635,0.000022,0.945321
AAATTAATAAGCGCGA-1,0.000028,0.045813,0.116047,0.838112
AAATTACACGACTCTG-1,0.001832,0.154858,0.011407,0.831903
AAATTACCTATCGATG-1,0.000039,0.174936,0.165793,0.659232
AAATTCCAGGTCCAAA-1,0.000014,0.010678,0.000014,0.989294
AAATTGATAGTCCTTT-1,0.000028,0.032777,0.104077,0.863117
AAATTGGTGAGAAGCA-1,0.000012,0.000012,0.015401,0.984575
AAATTTACCGAAATCC-1,0.000022,0.000022,0.001331,0.998625
AAATTTGCGGGTGTGG-1,0.00003,0.024776,0.058801,0.916393
AACAACTGGTAGTTGC-1,0.000024,0.028199,0.000024,0.971753
AACAATACATTGTCGA-1,0.000015,0.054912,0.150674,0.794398
AACAATTACTCTACGC-1,0.000022,0.000022,0.030341,0.969616
AACACACGCTCGCCGC-1,0.00169,0.627968,0.000039,0.370304
AACACGACTGTACTGA-1,0.000022,0.000022,0.016558,0.983397
AACACGAGACGCGGCC-1,0.00004,0.00004,0.190225,0.809696
AACACGCGGCCGCGAA-1,0.000038,0.027601,0.085255,0.887107
AACAGCTGTGTGGCAA-1,0.000022,0.000022,0.312011,0.687946
AACAGGAAATCGAATA-1,0.000041,0.000041,0.000041,0.999876
AACAGGATGGGCCGCG-1,0.000017,0.000017,0.002481,0.997484
AACAGGTAGTATGGAT-1,0.000031,0.025356,0.079681,0.894932
AACATAGCGTGTATCG-1,0.000019,0.843613,0.152525,0.003844
AACATATCAACTGGTG-1,0.000015,0.029634,0.002136,0.968215
AACATCGATACGTCTA-1,0.000011,0.019065,0.133046,0.847879
AACATTGAAGTTGATC-1,0.000014,0.000014,0.001592,0.99838
AACATTGTGACTCGAG-1,0.000021,0.000021,0.000021,0.999936
AACCAAGACTTCTCTG-1,0.00003,0.00003,0.219533,0.780408
AACCAGTATCACTCTT-1,0.00003,0.001503,0.00003,0.998438
AACCATAGGGTTGAAC-1,0.000053,0.000053,0.201808,0.798086
AACCATGGGATCGCTA-1,0.000077,0.000077,0.103315,0.896531
AACCCAGAGACGGAGA-1,0.000017,0.000017,0.000017,0.99995
AACCCATCCCATGATC-1,0.000035,0.000035,0.066891,0.933039
AACCCGACAACCCGTG-1,0.000005,0.033503,0.346598,0.619893
AACCCGAGCAGAATCG-1,0.000022,0.028618,0.000022,0.971338
AACCCGATAGGGCTTC-1,0.00081,0.010086,0.196527,0.792577
AACCCGCTGTATTCCA-1,0.000293,0.002021,0.013918,0.983769
AACCCTACTGTCAATA-1,0.000052,0.67733,0.000052,0.322566
AACCCTGGTGGAACCA-1,0.000018,0.000018,0.052248,0.947716
AACCGAGCTTGGTCAT-1,0.000063,0.291793,0.000063,0.708081
AACCGCTAAGGGATGC-1,0.000043,0.834295,0.000043,0.16562
AACCGTTGTGTTTGCT-1,0.000052,0.000052,0.000052,0.999843
AACCTAAAGCCGTCCG-1,0.000019,0.06077,0.012105,0.927106
AACCTCGCTTTAGCCC-1,0.000057,0.887326,0.000057,0.11256
AACCTGTCACGGAATT-1,0.000031,0.028471,0.02581,0.945689
AACCTTTAAATACGGT-1,0.000029,0.269101,0.000029,0.730841
AACCTTTACGACGTCT-1,0.00005,0.092296,0.00005,0.907603
AACGAAAGTCGTCCCA-1,0.00004,0.008063,0.256681,0.735215
AACGACCTCCTAGCCG-1,0.000018,0.083386,0.09052,0.826076
AACGATAATGCCGTAG-1,0.000049,0.593354,0.263705,0.142892
AACGATAGAAGGGCCG-1,0.000028,0.043286,0.000028,0.956658
AACGATATGTCAACTG-1,0.000041,0.144762,0.133534,0.721662
AACGCATGATCTGGGT-1,0.000033,0.025843,0.000033,0.974092
AACGCGACCTTGGGCG-1,0.000034,0.013633,0.000034,0.986298
AACGCGGTCTCCAGCC-1,0.000055,0.163154,0.000055,0.836736
AACGCTGTTGCTGAAA-1,0.000026,0.630967,0.051616,0.317391
AACGGACGTACGTATA-1,0.000047,0.826275,0.000047,0.173631
AACGGCCATCTCCGGT-1,0.000023,0.083516,0.010311,0.90615
AACGTACTGTGGGTAC-1,0.003411,0.049816,0.000021,0.946752
AACGTAGTCTACCCAT-1,0.000023,0.019117,0.029898,0.950961
AACGTCAGACTAGTGG-1,0.006455,0.000027,0.060228,0.93329
AACGTCATCCGGCTTG-1,0.00001,0.038784,0.22126,0.739946
AACGTCGCTGCACTTC-1,0.000033,0.129165,0.158623,0.712179
AACGTGATGAAGGACA-1,0.000029,0.012581,0.038629,0.948761
AACGTGCGAAAGTCTC-1,0.000055,0.550214,0.000055,0.449676
AACGTTATCAGCACCT-1,0.00007,0.00007,0.134235,0.865626
AACGTTCTACCATTGT-1,0.000007,0.000907,0.094931,0.904154
AACTACCCGTTTGTCA-1,0.000055,0.123562,0.149719,0.726664
AACTAGCGTATCGCAC-1,0.000013,0.000013,0.000013,0.99996
AACTAGGCTTGGGTGT-1,0.00005,0.084865,0.077758,0.837327
AACTCAAGTTAATTGC-1,0.000015,0.000015,0.000522,0.999448
AACTCCAGAGCGTGTT-1,0.000058,0.859351,0.06578,0.074811
AACTCCTAATCCCATG-1,0.000019,0.079751,0.000372,0.919858
AACTCGATGGCGCAGT-1,0.000081,0.000081,0.143541,0.856297
AACTCTCAATAGAGCG-1,0.000056,0.399363,0.076709,0.523873
AACTCTCAGTGTGCTC-1,0.000027,0.002653,0.030088,0.967233
AACTGAGGTCAGCGTC-1,0.000028,0.022165,0.01083,0.966977
AACTGAGTTATACTGA-1,0.000015,0.136599,0.02268,0.840706
AACTGATATTAGGCCT-1,0.000045,0.054237,0.000045,0.945673
AACTGGGTCCCGACGT-1,0.000037,0.091015,0.000037,0.908911
AACTGGGTTCGAGCCG-1,0.000035,0.012514,0.112396,0.875054
AACTGGTGTGGGCCTT-1,0.000031,0.000031,0.150448,0.84949
AACTTCTGCGTCTATC-1,0.000067,0.000067,0.069153,0.930713
AACTTGCCCGTATGCA-1,0.000014,0.000014,0.000014,0.999958
AACTTGCGTTCTCGCG-1,0.000084,0.000084,0.178741,0.82109
AACTTTACGGGAGCTT-1,0.000053,0.000053,0.402469,0.597425
AACTTTAGCTGCTGAG-1,0.000042,0.000042,0.153714,0.846203
AACTTTCTCGATCATG-1,0.000016,0.00312,0.000016,0.996848
AAGAAAGTTTGATGGG-1,0.00005,0.00005,0.99569,0.004211
AAGAAATCACCAGATT-1,0.000024,0.056664,0.264929,0.678383
AAGAAGGATCAGTTAG-1,0.000053,0.000053,0.000053,0.99984
AAGACATACGTGGTTT-1,0.000008,0.007877,0.021464,0.970651
AAGACCAAATAACTCA-1,0.00009,0.048675,0.118801,0.832434
AAGACCCAACTGAACA-1,0.000037,0.022435,0.000037,0.977491
AAGACTCACGCCCACT-1,0.000038,0.000038,0.042286,0.957638
AAGACTGCAAGCTACT-1,0.00778,0.562889,0.000051,0.429279
AAGAGATGAATCGGTA-1,0.000058,0.000058,0.000058,0.999827
AAGAGCTCTTTATCGG-1,0.000029,0.476805,0.100496,0.42267
AAGAGGATGTACGCGA-1,0.000022,0.000022,0.204883,0.795073
AAGAGGCATGGATCGC-1,0.000035,0.753676,0.000035,0.246254
AAGAGGCCCTTTGGAA-1,0.000057,0.113213,0.197264,0.689465
AAGATGGCACCGGACC-1,0.000024,0.061631,0.000024,0.938322
AAGATTGGCGGAACGT-1,0.000032,0.427393,0.00066,0.571916
AAGCACCCTGCGTATC-1,0.00005,0.309252,0.005813,0.684885
AAGCATACTCTCCTGA-1,0.001178,0.658945,0.00005,0.339827
AAGCCACTTGCAGGTA-1,0.000013,0.025892,0.036798,0.937297
AAGCCGAAGCGGTTTA-1,0.002546,0.421295,0.041236,0.534923
AAGCCGCCGTGAAATC-1,0.000017,0.000017,0.250858,0.749107
AAGCCGCTTTACCTTG-1,0.000041,0.067887,0.000041,0.932031
AAGCCGGAGAGCAGGA-1,0.000009,0.000009,0.003297,0.996685
AAGCGCAGGGCTTTGA-1,0.000053,0.790799,0.004397,0.204752
AAGCGGAGTGCGCGCA-1,0.000025,0.000025,0.203224,0.796726
AAGCGGCGTCATGGGT-1,0.000026,0.015871,0.000026,0.984077
AAGCGTCCCTCATCGA-1,0.000024,0.000024,0.043682,0.95627
AAGCTAGATCGAGTAA-1,0.000038,0.423955,0.224554,0.351453
AAGCTATGGATTGACC-1,0.000029,0.043968,0.843702,0.1123
AAGCTCGTGCCAAGTC-1,0.000054,0.766126,0.000054,0.233766
AAGCTCTTTCATGGTG-1,0.000065,0.856288,0.000065,0.143582
AAGGAGAACTTATAAG-1,0.000043,0.029033,0.006475,0.964449
AAGGAGCGGTTGGTGC-1,0.000017,0.000017,0.000017,0.999948
AAGGATCGATCGCTTG-1,0.000039,0.249559,0.000039,0.750364
AAGGATGAGGGACCTC-1,0.000041,0.39638,0.155115,0.448464
AAGGCAGGCTGTCTCC-1,0.000021,0.046483,0.007167,0.94633
AAGGCGCGTAAAGCTT-1,0.000025,0.000025,0.000025,0.999925
AAGGCTGTGCTCATCG-1,0.00004,0.006786,0.00004,0.993133
AAGGGAACGACTGGCT-1,0.000018,0.000018,0.063354,0.936611
AAGGGACAGATTCTGT-1,0.000076,0.112211,0.000076,0.887638
AAGGGACTATGCATTC-1,0.000021,0.019923,0.009629,0.970427
AAGGGTTAGCCATGCG-1,0.000007,0.030969,0.144865,0.824159
AAGGGTTTGATTTCAG-1,0.000044,0.109107,0.241165,0.649685
AAGGTATCCTAATATA-1,0.000074,0.328463,0.000074,0.671388
AAGGTGATAAACCAGC-1,0.000047,0.823551,0.000047,0.176355
AAGTAGAAGACCGGGT-1,0.000056,0.048379,0.000056,0.95151
AAGTAGTGACGCGAGG-1,0.000021,0.002936,0.102364,0.894679
AAGTCAATTGTCGTCA-1,0.00005,0.833065,0.00005,0.166834
AAGTCTAGTAGCTGCC-1,0.000015,0.004096,0.046241,0.949648
AAGTCTTCTGTGGCCT-1,0.000123,0.000123,0.204977,0.794776
AAGTGACGACCGAATT-1,0.000057,0.000057,0.070539,0.929347
AAGTGAGTCGGGTTTA-1,0.00003,0.048939,0.00003,0.951001
AAGTGCAAAGGTAGAC-1,0.000044,0.000044,0.340158,0.659754
AAGTGCCTTGACTGTA-1,0.000088,0.409425,0.045175,0.545312
AAGTGCGTTAGAATCT-1,0.000018,0.000018,0.000018,0.999947
AAGTGCTTCTCTATTG-1,0.000012,0.107268,0.144954,0.747765
AAGTGTTTGGAGACGG-1,0.000068,0.841214,0.000068,0.15865
AAGTTCACTCCAAGCT-1,0.000085,0.845789,0.000085,0.15404
AAGTTCAGTCTGCGTA-1,0.000033,0.020755,0.094916,0.884296
AAGTTCGGCCAACAGG-1,0.000019,0.003674,0.129065,0.867242
AAGTTGTGATGTTATA-1,0.000031,0.299736,0.070695,0.629538
AAGTTTACTAATGGCA-1,0.000724,0.053182,0.031121,0.914974
AAGTTTATGGGCCCAA-1,0.000777,0.471998,0.00195,0.525275
AATAACAACGCTCGGC-1,0.000018,0.000018,0.082965,0.916998
AATAACACTAGAACAA-1,0.000021,0.01048,0.000021,0.989478
AATAACGTCGCGCCCA-1,0.000011,0.151339,0.003812,0.844838
AATAAGTCCTCGAGAC-1,0.000014,0.000014,0.000014,0.999957
AATAATCTTCGTATCG-1,0.000036,0.013702,0.021972,0.96429
AATACAATGTTTCAGG-1,0.0001,0.0001,0.191694,0.808105
AATACCGGAGGGCTGT-1,0.000011,0.000011,0.392525,0.607453
AATACCTGATGTGAAC-1,0.000021,0.947596,0.000021,0.052361
AATAGAACAGAGTGGC-1,0.00002,0.00002,0.078444,0.921516
AATAGAATCTGTTTCA-1,0.000048,0.662273,0.073434,0.264244
AATAGCAAGCCTCCTG-1,0.000032,0.004367,0.000032,0.995569
AATAGCTACCGCGTGC-1,0.000033,0.119352,0.06095,0.819665
AATAGGCACGACCCTT-1,0.000014,0.000014,0.229934,0.770037
AATAGTCCGTCCCGAC-1,0.000023,0.000023,0.000023,0.99993
AATAGTCGCGAGTCGG-1,0.000073,0.028848,0.05358,0.917499
AATATCAAGGTCGGAT-1,0.000073,0.000073,0.182543,0.81731
AATATCCTAGCAAACT-1,0.000146,0.000146,0.242317,0.75739
AATATCGAATCAATGC-1,0.00008,0.213147,0.201703,0.585071
AATATCGAGGGTTCTC-1,0.00004,0.131622,0.066389,0.801948
AATATTGGAGTATTGA-1,0.000049,0.033107,0.047908,0.918936
AATCAGGTTTCATTTA-1,0.000006,0.000006,0.058161,0.941827
AATCATGTAAAGACTC-1,0.000037,0.708899,0.000037,0.291027
AATCCAAGGGCCTGAG-1,0.000038,0.000038,0.000038,0.999887
AATCCCGCTCAGAGCC-1,0.000694,0.199275,0.060632,0.739399
AATCGAGGTCTCAAGG-1,0.000021,0.943791,0.031108,0.025079
AATCGCCTCAGCGCCA-1,0.000029,0.411335,0.066576,0.52206
AATCGCGCAGAGGACT-1,0.000017,0.033291,0.004017,0.962675
AATCGGGACACTACGA-1,0.000044,0.000044,0.000044,0.999868
AATCGGTATAGCCCTC-1,0.142257,0.226525,0.216226,0.414991
AATCGTGAGCCGAGCA-1,0.00002,0.950511,0.000473,0.048997
AATCTAGGTTTACTTG-1,0.002475,0.000017,0.116367,0.881141
AATCTATGCCGGAGCC-1,0.000027,0.000027,0.000027,0.999919
AATCTCTACTGTGGTT-1,0.000039,0.000039,0.071648,0.928274
AATCTGCGTTGGGACG-1,0.000045,0.651278,0.000045,0.348632
AATCTGGCTTTCTAGT-1,0.000019,0.000019,0.217574,0.782388
AATCTGGGTAGACCCT-1,0.000041,0.009014,0.000041,0.990904
AATGACAGCAATGTCT-1,0.000025,0.045221,0.046594,0.90816
AATGACGTAGGATGTC-1,0.000023,0.672591,0.06603,0.261356
AATGACTGTCAGCCGG-1,0.000031,0.034922,0.000031,0.965015
AATGAGTTCGCATATG-1,0.000081,0.000081,0.021302,0.978535
AATGATGATACGCTAT-1,0.000045,0.13181,0.007457,0.860688
AATGATGCGACTCCTG-1,0.000029,0.053705,0.113685,0.832582
AATGCAACCGGGTACC-1,0.000028,0.004795,0.000028,0.995149
AATGCACCAAGCAATG-1,0.000034,0.000034,0.00282,0.997113
AATGGCCGCCAATGCG-1,0.00002,0.037118,0.187423,0.77544
AATGGTCCACCGTTCA-1,0.000076,0.000076,0.023904,0.975943
AATGGTTCTCACAAGC-1,0.000034,0.000034,0.044608,0.955324
AATGTATGGCACTGTA-1,0.000049,0.040319,0.211272,0.74836
AATGTGCCCGAGGTGT-1,0.000018,0.000018,0.049642,0.950323
AATGTGCTAATCTGAG-1,0.000008,0.000008,0.250765,0.749218
AATGTTAAGACCCTGA-1,0.000026,0.900794,0.098971,0.000208
AATGTTGTCGTGAGAC-1,0.000036,0.219237,0.025024,0.755703
AATTAAAGGTCGGCGT-1,0.000018,0.042368,0.000018,0.957595
AATTAACGGATTTCCA-1,0.037229,0.06514,0.000029,0.897602
AATTACGAGACCCATC-1,0.000076,0.039727,0.201947,0.75825
AATTAGCGCTGCAGCG-1,0.000051,0.20427,0.020887,0.774792
AATTATACCCAGCAAG-1,0.000027,0.720601,0.279156,0.000216
AATTCATAAGGGATCT-1,0.00004,0.151339,0.00004,0.848581
AATTCATTGTCATGCA-1,0.000032,0.030557,0.456753,0.512658
AATTCCAAGCATGTAC-1,0.00002,0.020274,0.00002,0.979686
AATTCGATTCGAGGAT-1,0.000041,0.926471,0.073156,0.000332
AATTCTAGAGTTAGGC-1,0.000053,0.391455,0.000053,0.608439
AATTGAACGCTCTGGT-1,0.000084,0.755264,0.000084,0.244567
AATTGCAGCAATCGAC-1,0.000019,0.713659,0.119477,0.166845
AATTGCGTGGATTACA-1,0.000044,0.046917,0.600512,0.352528
AATTGTGGTTGCCAAA-1,0.000013,0.044895,0.003173,0.951919
AATTTGGGACATAGTA-1,0.000023,0.014882,0.000023,0.985072
AATTTGGTTCCAAAGA-1,0.000045,0.097081,0.007656,0.895218
ACAAACCATGCGTCCT-1,0.000012,0.000012,0.169369,0.830607
ACAAACCGACAAGGCG-1,0.000472,0.000017,0.000017,0.999494
ACAAACTCCATCAGAG-1,0.000007,0.028571,0.002495,0.968927
ACAAAGAAGGTAGGCC-1,0.000153,0.021394,0.267188,0.711264
ACAAAGCATGACCTAG-1,0.000015,0.462496,0.06106,0.476429
ACAAATCGCACCGAAT-1,0.000029,0.956207,0.000029,0.043735
ACAAATGGTAGTGTTT-1,0.000034,0.870392,0.000034,0.12954
ACAAATTCAGATCTGA-1,0.000031,0.000031,0.000031,0.999907
ACAACAGCATGAGCTA-1,0.000042,0.526214,0.032537,0.441208
ACAACGGTCCCTGCGA-1,0.000057,0.000057,0.000057,0.99983
ACAAGCAGTGCCTAGC-1,0.000017,0.000017,0.000017,0.999948
ACAAGCTATATGGAAG-1,0.000069,0.034752,0.200301,0.764878
ACAAGGAAATCCGCCC-1,0.000021,0.637474,0.000021,0.362484
ACAAGGACAAGAGGTT-1,0.000016,0.000016,0.000016,0.999951
ACAAGGATGCTTTAGG-1,0.000033,0.811794,0.187907,0.000266
ACAAGGCCTACCAGCC-1,0.000023,0.000023,0.146337,0.853618
ACAAGGGCAGGCTCTG-1,0.000942,0.708524,0.000041,0.290492
ACAAGTAATTGTAAGG-1,0.000027,0.000027,0.188589,0.811357
ACAATAGTCGTACGTT-1,0.000063,0.000063,0.000063,0.99981
ACAATCCATTTAAACC-1,0.000038,0.000038,0.000038,0.999887
ACAATCGATCTTTATA-1,0.000046,0.000046,0.000046,0.999861
ACAATGAATACGGAGA-1,0.000029,0.000029,0.000029,0.999914
ACAATGATTCTTCTAC-1,0.000035,0.000035,0.000035,0.999896
ACAATTGTGTCTCTTT-1,0.000042,0.735613,0.159098,0.105247
ACAATTTAGGAGGCTC-1,0.000038,0.049302,0.170571,0.78009
ACAATTTGAGCAGTGG-1,0.000086,0.343803,0.000086,0.656026
ACAATTTGGCCATATT-1,0.00039,0.073851,0.000015,0.925744
ACACAAAGACGGGTGG-1,0.000041,0.027414,0.000041,0.972503
ACACAAATATTCCTAG-1,0.000021,0.027838,0.000021,0.972121
ACACACCAGGACCAGT-1,0.000064,0.77482,0.000064,0.225052
ACACACTTTCTACACG-1,0.000026,0.000026,0.086757,0.913191
ACACATGATCAAATCT-1,0.000841,0.000009,0.223106,0.776045
ACACATTTCCGTAGAC-1,0.000053,0.625573,0.155596,0.218778
ACACCACATAATTAGC-1,0.000012,0.064514,0.015029,0.920445
ACACCCAGCATGCAGC-1,0.000039,0.000039,0.000039,0.999882
ACACCCGAGAAATCCG-1,0.000028,0.000028,0.000028,0.999916
ACACCGGTCTGACCGC-1,0.000623,0.000015,0.003475,0.995886
ACACCTTAAGTAGGGC-1,0.000036,0.028565,0.000036,0.971363
ACACCTTACTACTTGC-1,0.003897,0.146809,0.000076,0.849219
ACACGAGACTCCTTCT-1,0.000036,0.252557,0.016554,0.730852
ACACGGCACTATGCAT-1,0.000026,0.008942,0.000026,0.991007
ACACGGGAACTTAGGG-1,0.000044,0.330974,0.000044,0.668939
ACACGTAGGCCACAAG-1,0.000015,0.04857,0.047043,0.904373
ACACTCCAATGTCACT-1,0.000054,0.000054,0.12653,0.873362
ACACTGATCAAGGTGT-1,0.000032,0.185799,0.160332,0.653838
ACACTGGGACAGTCGT-1,0.000032,0.081885,0.11716,0.800923
ACAGAACTGAGAACAA-1,0.000019,0.003048,0.079315,0.917617
ACAGATTAGGTTAGTG-1,0.000024,0.000024,0.01081,0.989142
ACAGCATAGAGCCAGT-1,0.000023,0.000023,0.054371,0.945583
ACAGCGACATTCTCAT-1,0.00006,0.92141,0.00006,0.07847
ACAGCGCACCCGCAGC-1,0.000049,0.053497,0.000049,0.946405
ACAGGCACGGATCCTT-1,0.000019,0.918688,0.01532,0.065973
ACAGGCTTGCCCGACT-1,0.000043,0.626764,0.012334,0.36086
ACAGGTGGAGGTGAGG-1,0.000013,0.010272,0.057294,0.932421
ACAGGTGTGTTGTTGC-1,0.000811,0.304062,0.160347,0.53478
ACAGTAATACAACTTG-1,0.000019,0.000019,0.054956,0.945007
ACAGTATACCGTGGGA-1,0.000029,0.011405,0.000029,0.988537
ACAGTGCAGCGCATTT-1,0.000014,0.067419,0.157941,0.774626
ACATAAGTCGTGGTGA-1,0.000049,0.000049,0.079145,0.920756
ACATAATAAGGCGGTG-1,0.000025,0.01577,0.000025,0.98418
ACATACAATCAAGCGG-1,0.000015,0.825723,0.06363,0.110631
ACATCAGCTGGGACGC-1,0.000023,0.000023,0.118639,0.881315
ACATCCCGGCCATACG-1,0.000018,0.000018,0.009497,0.990467
ACATCCTGGTAACTGT-1,0.000031,0.538458,0.000031,0.46148
ACATCGATCGTTTACC-1,0.000059,0.230811,0.000059,0.76907
ACATCGCAATATTCGG-1,0.000021,0.000021,0.132424,0.867535
ACATCGGTCAGCCGCG-1,0.000027,0.000027,0.000027,0.999919
ACATCGTATGCAATGG-1,0.000033,0.376262,0.045917,0.577788
ACATCGTTAACCTAGT-1,0.000045,0.000045,0.000045,0.999865
ACATCTCAACGCGTAA-1,0.000036,0.000036,0.000036,0.999892
ACATGCTTACGGCAGC-1,0.001325,0.000012,0.072968,0.925695
ACATGGCGCCAAAGTA-1,0.00008,0.41897,0.00008,0.580871
ACATTAGTTTATATCC-1,0.00004,0.159038,0.063814,0.777108
ACATTCGCGCGGAATA-1,0.000013,0.000013,0.039821,0.960153
ACATTTGAAACCTAAC-1,0.000017,0.523081,0.003327,0.473574
ACCAAACACCCAGCGA-1,0.000014,0.033773,0.000014,0.966198
ACCAAACTAGAAATCC-1,0.000027,0.000027,0.014674,0.985272
ACCAACACCACACACT-1,0.000022,0.037849,0.000022,0.962107
ACCAACCGCACTCCAC-1,0.000023,0.633186,0.017559,0.349232
ACCAACGCTTATTTAT-1,0.000017,0.019345,0.014504,0.966134
ACCAAGAACGCGTGTC-1,0.000025,0.127324,0.000025,0.872626
ACCAAGTCATCGGCAG-1,0.000033,0.672364,0.027928,0.299675
ACCAATATGCAAGTTA-1,0.000061,0.8864,0.000061,0.113479
ACCACAACTCAGAACA-1,0.000028,0.000028,0.049575,0.95037
ACCACAAGTTTCTATC-1,0.000029,0.000029,0.01644,0.983502
ACCACACGGTTGATGG-1,0.000026,0.989739,0.000026,0.010209
ACCACCAATGTAACAA-1,0.00006,0.317747,0.00006,0.682132
ACCACCCTCTCTTCTA-1,0.000011,0.039882,0.082885,0.877222
ACCACGTGCAGCTATA-1,0.000042,0.891118,0.000042,0.108798
ACCAGACCATAACAAC-1,0.00017,0.00017,0.17176,0.8279
ACCAGCCCGGTCTTTG-1,0.000015,0.000015,0.163096,0.836874
ACCAGGAGTGTGATCT-1,0.000048,0.000048,0.000048,0.999856
ACCAGTGCCCGGTCAA-1,0.000644,0.013031,0.209754,0.776571
ACCAGTGCGGGAGACG-1,0.000033,0.680642,0.000033,0.319291
ACCATATCCGCAATAA-1,0.000036,0.192438,0.055449,0.752076
ACCATCCGCCAACTAG-1,0.000025,0.000025,0.0346,0.96535
ACCATCGTATATGGTA-1,0.00616,0.021857,0.000027,0.971956
ACCCAACGCCCGTGGC-1,0.000035,0.406636,0.000035,0.593293
ACCCACCTACATGCTC-1,0.000022,0.033574,0.003311,0.963093
ACCCATCTTGAGGGTA-1,0.000025,0.003617,0.000025,0.996333
ACCCATTTGTCCCTCT-1,0.000044,0.86258,0.000235,0.137141
ACCCGAGCGAAATTAC-1,0.000026,0.000026,0.0144,0.985548
ACCCGATTGGTTCCGA-1,0.000005,0.000005,0.021734,0.978257
ACCCGGAAACTCCCAG-1,0.000028,0.126149,0.168416,0.705407
ACCCGGAGCACCACAA-1,0.00002,0.070871,0.00002,0.929088
ACCCGGATGACGCATC-1,0.000071,0.600641,0.000071,0.399217
ACCCGGTTACACTTCC-1,0.000026,0.000026,0.005526,0.994421
ACCCGTAGCAGAGAAT-1,0.000041,0.000041,0.873412,0.126507
ACCCGTAGTCTAGTTG-1,0.000019,0.022585,0.028457,0.94894
ACCCGTGTCATCAGTA-1,0.000025,0.000025,0.042408,0.957541
ACCCTATAGGACTGAG-1,0.000046,0.000046,0.067436,0.932471
ACCCTATGCCATATCG-1,0.000029,0.074096,0.000029,0.925846
ACCCTCCCGTCAGGGC-1,0.000025,0.98953,0.001226,0.009218
ACCCTCCCTTGCTATT-1,0.000074,0.608246,0.219211,0.172469
ACCCTGGTAACGCCCT-1,0.000025,0.002929,0.000025,0.997021
ACCCTTCATCTGCGAA-1,0.000053,0.000053,0.000053,0.999842
ACCCTTGCCTGGGTCG-1,0.000016,0.000016,0.000016,0.999951
ACCCTTTAGTTCTCCA-1,0.000018,0.000018,0.000018,0.999947
ACCGAAAGGGCCCTGC-1,0.000032,0.000032,0.021092,0.978845
ACCGAAGAGTCTGGTT-1,0.000026,0.028317,0.075398,0.896259
ACCGACACATCTCCCA-1,0.000052,0.489806,0.294558,0.215584
ACCGACTGAGTCCCAC-1,0.000643,0.273953,0.000023,0.725381
ACCGAGTCTCCTTATT-1,0.000026,0.999741,0.000026,0.000207
ACCGATAGGCATAACC-1,0.000015,0.073653,0.029749,0.896583
ACCGATATTTAATCAT-1,0.000012,0.000012,0.000012,0.999965
ACCGATGGTAGCATCG-1,0.000047,0.83095,0.000047,0.168956
ACCGCAATAACTGCCT-1,0.000026,0.928215,0.000026,0.071733
ACCGCGGTGGAAGTCG-1,0.00009,0.399628,0.00009,0.600193
ACCGCTAGTCATTGGT-1,0.000023,0.016727,0.089965,0.893284
ACCGGGCCTTTGTTGA-1,0.000068,0.660432,0.034878,0.304622
ACCGGTCAGGTACACC-1,0.000008,0.012749,0.192911,0.794332
ACCGGTCTGAGTACGG-1,0.00002,0.00002,0.036786,0.963174
ACCGTCCACTGGGCCC-1,0.000083,0.040064,0.23903,0.720823
ACCGTGACCACGTGGG-1,0.000024,0.017214,0.293282,0.68948
ACCGTTCCCGCTCTGA-1,0.000019,0.000019,0.000019,0.999942
ACCTAAGTACCTTTCA-1,0.000059,0.016816,0.000059,0.983066
ACCTAATCGACTTCCT-1,0.000047,0.000047,0.000047,0.999859
ACCTACAGTATGTGGT-1,0.000804,0.028489,0.146248,0.824459
ACCTACTATAAATCTA-1,0.000018,0.07699,0.012737,0.910254
ACCTCAGCGAGGCGCA-1,0.000013,0.791706,0.074589,0.133692
ACCTCCGCCCTCGCTG-1,0.000059,0.443975,0.296179,0.259786
ACCTCCGTTATTCACC-1,0.000018,0.059759,0.005708,0.934516
ACCTCGAACTTATGCT-1,0.000027,0.000027,0.137109,0.862838
ACCTGCGTGTCATGTT-1,0.000031,0.000031,0.039172,0.960767
ACCTTTCCTTTAGAAG-1,0.000017,0.000017,0.012285,0.987682
ACGAAATGGGCGGCAC-1,0.000016,0.000016,0.000016,0.999953
ACGACCCATGAGTTGC-1,0.000014,0.000868,0.03869,0.960427
ACGACTCTAGGGCCGA-1,0.000034,0.922644,0.001709,0.075613
ACGACTGGTCATACTC-1,0.000008,0.000008,0.117317,0.882667
ACGAGAACCCATCACG-1,0.000085,0.000085,0.000085,0.999744
ACGAGATATTTGCTTA-1,0.000025,0.020796,0.000025,0.979154
ACGAGGATACCACTCT-1,0.000033,0.000033,0.113366,0.886568
ACGAGGTTTACAACGT-1,0.000019,0.000019,0.000019,0.999943
ACGAGTACGGATGCCC-1,0.000023,0.047657,0.000023,0.952297
ACGATACATAGAACTA-1,0.000066,0.171343,0.018917,0.809675
ACGATACCTATCCTGA-1,0.000133,0.102934,0.222801,0.674133
ACGATCATACATAGAG-1,0.000032,0.112382,0.010408,0.877179
ACGATCATCTTGTAAA-1,0.000029,0.252948,0.000029,0.746994
ACGATGCATATGTTAT-1,0.000025,0.008563,0.095984,0.895427
ACGATGGATCCGATGC-1,0.000033,0.054164,0.000033,0.94577
ACGCAAACTAATAGAT-1,0.000038,0.007141,0.000038,0.992783
ACGCAATCACTACAGC-1,0.000045,0.11584,0.017881,0.866234
ACGCATAAATGACATG-1,0.000026,0.000026,0.031279,0.968669
ACGCATACGTTTACTA-1,0.00004,0.624084,0.375554,0.000321
ACGCATTCGTGAGTAC-1,0.000021,0.093234,0.065025,0.84172
ACGCCACTCGAAACAG-1,0.000031,0.534991,0.18723,0.277749
ACGCCAGATGATTTCT-1,0.000055,0.034486,0.000055,0.965404
ACGCCAGTGCGTTTGC-1,0.000036,0.845896,0.108563,0.045505
ACGCCCAGCTGTCGAT-1,0.000023,0.000023,0.021271,0.978684
ACGCCGCTAGACGACC-1,0.000041,0.753312,0.000041,0.246605
ACGCGAAGTCAGACGA-1,0.000041,0.220731,0.000041,0.779187
ACGCGCTACACAGGGT-1,0.000029,0.000029,0.000029,0.999914
ACGCGGGCCAAGGACA-1,0.000039,0.428913,0.000039,0.57101
ACGCGTTTCTTAAGAG-1,0.000133,0.063112,0.033156,0.903598
ACGCTACTGAATGGGC-1,0.000007,0.057808,0.017039,0.925146
ACGCTAGTGATACACT-1,0.000413,0.121433,0.000017,0.878138
ACGCTGTGAGGCGTAG-1,0.000023,0.000023,0.187708,0.812247
ACGCTTAGTGTCTCTC-1,0.000033,0.005305,0.081575,0.913088
ACGGAACACGAGTGCC-1,0.000022,0.74533,0.203835,0.050813
ACGGAATTTAGCAAAT-1,0.000064,0.000064,0.000064,0.999807
ACGGACGCAGCGACAA-1,0.000465,0.000017,0.356626,0.642891
ACGGACTCTCAAAGCG-1,0.001804,0.840991,0.083783,0.073423
ACGGAGCGCAAATTAC-1,0.000032,0.030549,0.009751,0.959669
ACGGATGGTGCGGATA-1,0.000026,0.431676,0.011838,0.55646
ACGGCACTTGCTTGGG-1,0.00003,0.035779,0.083317,0.880874
ACGGCCAACATGGACT-1,0.000031,0.042009,0.016738,0.941222
ACGGCGACGATGGGAA-1,0.000033,0.808764,0.135545,0.055658
ACGGCGGGTTGCCCTG-1,0.000046,0.035461,0.02274,0.941752
ACGGCTGGATGTAGAA-1,0.00004,0.043665,0.029523,0.926772
ACGGGAGTGTCGGCCC-1,0.000024,0.060979,0.08885,0.850147
ACGGGCGTATGCGACA-1,0.000014,0.000014,0.003556,0.996415
ACGGGTTGTGACCTGT-1,0.000072,0.019278,0.271471,0.709179
ACGGTACAGTTCAATG-1,0.000035,0.819305,0.146356,0.034303
ACGGTCACCGAGAACA-1,0.000025,0.000025,0.118483,0.881466
ACGTACAGATTTCTCT-1,0.000059,0.051137,0.115145,0.833658
ACGTACTTTGGCACGG-1,0.000014,0.000014,0.124054,0.875918
ACGTAGATTGCTGATG-1,0.001587,0.48067,0.221762,0.295981
ACGTAGGAGAGTCGCT-1,0.000032,0.867507,0.121063,0.011398
ACGTATTACTCCGATC-1,0.000055,0.72381,0.000055,0.276081
ACGTCCTAAACGAGAT-1,0.001316,0.000026,0.112179,0.886478
ACGTCGGGCAACTCGG-1,0.000047,0.017128,0.199285,0.78354
ACGTCTCGTTCCGGGA-1,0.000159,0.013715,0.223986,0.762141
ACGTGACAAAGTAAGT-1,0.00013,0.00013,0.32651,0.67323
ACGTGCGCCTCGTGCA-1,0.000044,0.000044,0.000044,0.999869
ACGTGGTCGAATGTGC-1,0.000041,0.023062,0.022809,0.954088
ACGTTAATGTCGAAGA-1,0.000043,0.643158,0.000043,0.356755
ACGTTAGATTTGCCCG-1,0.000014,0.001939,0.023127,0.974919
ACGTTATTGGTCACTC-1,0.000077,0.030179,0.005947,0.963797
ACGTTCACTATGCCGC-1,0.000008,0.000008,0.207249,0.792735
ACGTTCCGCGCTCCGT-1,0.000021,0.000021,0.000021,0.999937
ACGTTCGCAATCAATT-1,0.000015,0.000015,0.005926,0.994043
ACGTTCGTTCAGGAAA-1,0.000018,0.01898,0.000018,0.980983
ACGTTCTGTACAAGTC-1,0.000038,0.999622,0.000038,0.000302
ACGTTGTCGTTGAAAG-1,0.000023,0.008295,0.314781,0.6769
ACGTTTAGTTGTGATC-1,0.000035,0.03352,0.000035,0.96641
ACGTTTCGGTGCACTT-1,0.000008,0.053518,0.058382,0.888092
ACTAAGGACGCACACC-1,0.000023,0.018995,0.032691,0.948291
ACTAATACGTCAGGCG-1,0.000058,0.055787,0.049389,0.894766
ACTACAAAGAGAGGTG-1,0.000014,0.004212,0.000014,0.995759
ACTACATCCCGACAAG-1,0.000022,0.000022,0.360529,0.639427
ACTACCAGCTCTCTGG-1,0.000036,0.000036,0.000036,0.999892
ACTACCATCCGAGGGC-1,0.000008,0.000008,0.199679,0.800304
ACTACGCGTTAGAATT-1,0.000045,0.016201,0.000045,0.983709
ACTAGTTGCGATCGTC-1,0.000086,0.455397,0.000086,0.544432
ACTATATGCTGTGTTC-1,0.000054,0.03934,0.122387,0.83822
ACTATCCAGGGCATGG-1,0.000086,0.215787,0.025373,0.758754
ACTATCTGCCCGCGTA-1,0.000019,0.026114,0.112013,0.861855
ACTATGTCCAGCTGCC-1,0.00004,0.00004,0.040337,0.959583
ACTATTCGTCCGTGGT-1,0.000029,0.059983,0.009716,0.930273
ACTATTTCCGGGCCCA-1,0.000023,0.032701,0.110304,0.856972
ACTCAACGAATGTATT-1,0.000051,0.002628,0.181755,0.815566
ACTCAAGTGCAAGGCT-1,0.000076,0.868623,0.000076,0.131226
ACTCAATAAAGGCACG-1,0.001922,0.096279,0.000079,0.901721
ACTCAGACCTGCTTCT-1,0.000031,0.000031,0.007008,0.99293
ACTCATGGCAGCCTTC-1,0.000018,0.000018,0.196623,0.803342
ACTCCAATATCATCAT-1,0.000026,0.006672,0.116283,0.877019
ACTCCCATTCCTAAAG-1,0.000024,0.000024,0.000024,0.999928
ACTCCCGAATTCGTTT-1,0.000057,0.442122,0.000057,0.557764
ACTCCCGTAGACTAGG-1,0.004611,0.015799,0.000021,0.979569
ACTCCCTAATGCTAAA-1,0.000049,0.608934,0.052439,0.338578
ACTCCCTAGAATAGTA-1,0.000044,0.615511,0.082712,0.301733
ACTCCGGCCGACCACT-1,0.000024,0.808042,0.191745,0.00019
ACTCGATGTATTTCAT-1,0.000044,0.022734,0.112794,0.864428
ACTCGCCGTTCGATAA-1,0.000026,0.060482,0.310682,0.628811
ACTCGCGATCTGACGC-1,0.000024,0.047575,0.008111,0.94429
ACTCGTAACCCGTCCT-1,0.000047,0.023592,0.067193,0.909168
ACTCGTCAGTAATCCC-1,0.000046,0.626242,0.000046,0.373666
ACTCTAAACCTGGGAT-1,0.000099,0.021314,0.450788,0.527799
ACTCTCTGACTTAGGT-1,0.00004,0.864886,0.00004,0.135035
ACTCTCTTATACACGA-1,0.000019,0.10847,0.044138,0.847373
ACTCTGACCTAATAGA-1,0.000017,0.724413,0.070923,0.204648
ACTCTTCAGCTCCCGC-1,0.000025,0.030411,0.004466,0.965097
ACTCTTGTATAGTAAC-1,0.000038,0.55144,0.098459,0.350063
ACTGAAACGCCGTTAG-1,0.000035,0.716025,0.00433,0.279609
ACTGAATGGCGAAAGT-1,0.000072,0.746918,0.13068,0.12233
ACTGATTTAGTGATTC-1,0.000029,0.000029,0.19955,0.800393
ACTGCCCGCCATTCTC-1,0.00001,0.00001,0.386118,0.613862
ACTGCCGTCGTAACTC-1,0.000025,0.000025,0.000025,0.999925
ACTGCGGACACACCGT-1,0.00001,0.00001,0.000869,0.999111
ACTGCTCGGAAGGATG-1,0.001903,0.00004,0.261126,0.736931
ACTGGCGAACCTGCGT-1,0.000022,0.000022,0.03631,0.963646
ACTGGGATGCCAGTGC-1,0.000023,0.288637,0.027183,0.684157
ACTGTACGATACACAT-1,0.000042,0.503551,0.000042,0.496365
ACTGTAGCACTTTGGA-1,0.000034,0.000034,0.004352,0.99558
ACTGTATACGCGAGCA-1,0.000019,0.000019,0.000019,0.999942
ACTGTCCAGGATTATA-1,0.000047,0.087877,0.128611,0.783465
ACTGTCTTCTTTAGAA-1,0.000041,0.265702,0.000041,0.734216
ACTGTGCTAGTAGATC-1,0.000027,0.000027,0.006639,0.993307
ACTGTTTAGTGTAGGC-1,0.000053,0.000053,0.261692,0.738202
ACTTACCGGGCGCGCA-1,0.000029,0.035408,0.000029,0.964533
ACTTACGCATCCACGC-1,0.000038,0.873939,0.107194,0.018828
ACTTAGTACGACAAGA-1,0.000043,0.000043,0.000043,0.99987
ACTTATACTTACCCGG-1,0.000044,0.597037,0.166893,0.236026
ACTTATTAGGATCGGT-1,0.000014,0.002421,0.070837,0.926728
ACTTATTTATGTGCCA-1,0.000069,0.75551,0.000069,0.244352
ACTTCAGGCTGATCCC-1,0.00006,0.665972,0.030465,0.303503
ACTTCCAGTGGAAGCT-1,0.000108,0.000108,0.776467,0.223316
ACTTCCATGCGGGACA-1,0.000052,0.97717,0.011223,0.011555
ACTTCGCCATACGCAC-1,0.00916,0.435801,0.000051,0.554988
ACTTCGCTAGCGAGTG-1,0.000013,0.03098,0.040892,0.928116
ACTTGACTCCCTCTTT-1,0.000031,0.378265,0.000031,0.621673
ACTTGCCATATTGTAC-1,0.000021,0.000021,0.040707,0.95925
ACTTGCTCTATCTACC-1,0.000074,0.055642,0.276452,0.667832
ACTTGGGACCCGGTGG-1,0.000014,0.000014,0.003145,0.996828
ACTTGGGCTTTCGCCA-1,0.000454,0.835859,0.150613,0.013074
ACTTGTAGTCCCTTCA-1,0.000072,0.000072,0.023366,0.976489
ACTTGTGGATGGAACG-1,0.00008,0.459737,0.00008,0.540102
ACTTGTTACCGGATCA-1,0.000013,0.048551,0.265321,0.686115
ACTTTACCCTCATGAA-1,0.007389,0.061193,0.477954,0.453464
ACTTTATACACCACTT-1,0.000052,0.000052,0.655184,0.344712
ACTTTCCTATAGCTTC-1,0.002934,0.223609,0.000054,0.773403
ACTTTGACTGCATCCT-1,0.000025,0.000025,0.236485,0.763465
ACTTTGGTCGTGCTCC-1,0.000014,0.000014,0.04335,0.956621
ACTTTGTCGACGCACT-1,0.000049,0.126125,0.036803,0.837023
AGAAATTATGACTCGC-1,0.000035,0.052035,0.159441,0.788489
AGAACACGGCGATGGT-1,0.000037,0.001316,0.285554,0.713094
AGAACCCAGCGTGACA-1,0.000033,0.047811,0.125955,0.826201
AGAACCCTCAATTGGG-1,0.000033,0.000033,0.104654,0.89528
AGAACGTGGTACATTC-1,0.000049,0.364626,0.000049,0.635277
AGAACTGTACTTTGTA-1,0.000038,0.913956,0.000678,0.085329
AGAAGAGCGCCGTTCC-1,0.000321,0.583821,0.184924,0.230934
AGAAGGTACACTTCAC-1,0.000027,0.000027,0.007792,0.992154
AGAAGGTTGCCGAATT-1,0.000039,0.021242,0.035047,0.943672
AGAAGGTTGTAGGTCG-1,0.000072,0.839195,0.037574,0.123159
AGAAGTGATTCGTGAT-1,0.000033,0.000308,0.023599,0.97606
AGAATAAATCTTCAGG-1,0.000016,0.000016,0.126714,0.873253
AGAATACAGGCTATCC-1,0.000037,0.816162,0.114382,0.069419
AGAATGCGGGTTCGGA-1,0.000021,0.067806,0.137067,0.795106
AGAATTATGGATTCGA-1,0.000022,0.072258,0.000037,0.927683
AGAATTGTTTGACATA-1,0.000068,0.000068,0.012677,0.987186
AGACAGCTCAGAATCC-1,0.000064,0.000064,0.024544,0.975327
AGACAGGCATCTCAGC-1,0.00002,0.076745,0.033276,0.889959
AGACATAGATCCTTCC-1,0.000051,0.000051,0.03077,0.969128
AGACCAAACCACACCT-1,0.000027,0.000027,0.690727,0.309218
AGACCATGGGATACAA-1,0.000022,0.000022,0.001553,0.998403
AGACCCACCGCTGATC-1,0.00004,0.558686,0.00004,0.441234
AGACCCGCCCTCCTCG-1,0.00003,0.003198,0.00003,0.996742
AGACCGCTCCGCGGTT-1,0.000035,0.038636,0.055525,0.905805
AGACCGGGAAACCCTG-1,0.000482,0.000018,0.05737,0.942131
AGACGAAGTGCCGGTC-1,0.000068,0.933581,0.000068,0.066284
AGACGACGATGCCGCT-1,0.000023,0.029065,0.000023,0.97089
AGACGCCCACTTCGCC-1,0.00002,0.137196,0.077653,0.78513
AGACGGGATTGGTATA-1,0.000027,0.000027,0.000027,0.999918
AGACGGGCCGATTTAA-1,0.000028,0.000028,0.000028,0.999917
AGACTAGCCTTCCAGA-1,0.000021,0.06261,0.010792,0.926578
AGACTGTTACCGGGTC-1,0.001284,0.097794,0.147111,0.753811
AGAGAAACACCAGAAA-1,0.000008,0.035215,0.241008,0.723769
AGAGAACCGTCTAGGA-1,0.001062,0.114119,0.000037,0.884783
AGAGAAGGAGTACAAT-1,0.000021,0.008986,0.204817,0.786177
AGAGATCTCTAAAGCG-1,0.000026,0.000026,0.000026,0.999923
AGAGCAGTTATGAGAC-1,0.000046,0.000046,0.341879,0.658028
AGAGCCGCCGAGATTT-1,0.000029,0.129213,0.081786,0.788971
AGAGCGCTTGTAACGG-1,0.000011,0.000011,0.070705,0.929272
AGAGCGGGCTAATCAT-1,0.000027,0.016557,0.026384,0.957032
AGAGCGTACAAGCTCG-1,0.000063,0.000063,0.05335,0.946523
AGAGGCTTCGGAAACC-1,0.000049,0.396436,0.000049,0.603465
AGAGGGACAATTGTCC-1,0.000053,0.00874,0.000053,0.991154
AGAGGTATCTCGGTCC-1,0.000139,0.000139,0.343507,0.656215
AGAGTAAACTTCACTA-1,0.000059,0.190055,0.001482,0.808404
AGAGTATAGTGTTACG-1,0.000039,0.066405,0.023127,0.910429
AGAGTCTTAATGAAAG-1,0.000008,0.006271,0.264241,0.729479
AGAGTTAGAGACCGAT-1,0.000041,0.000041,0.004495,0.995423
AGAGTTGCAGGCCTCC-1,0.000804,0.009764,0.000034,0.989398
AGATAACTTCAGGGCC-1,0.002428,0.032433,0.019973,0.945165
AGATAATCACACCTAT-1,0.000039,0.000039,0.083385,0.916537
AGATACCAATAGAACC-1,0.000017,0.048713,0.000017,0.951253
AGATACCAGCACTTCA-1,0.000019,0.000019,0.074536,0.925426
AGATACCGGTGTTCAC-1,0.00002,0.006954,0.010009,0.983017
AGATACGACTTCATAT-1,0.000028,0.000028,0.051222,0.948721
AGATACTCAAGATCGA-1,0.001102,0.76516,0.015012,0.218725
AGATATAATACGACTA-1,0.00003,0.51366,0.019861,0.466449
AGATCGTGCATAAGAT-1,0.000029,0.090615,0.000029,0.909326
AGATCTCAGGTGTGAT-1,0.000059,0.722118,0.000059,0.277765
AGATCTGGAGAGGATA-1,0.00005,0.044474,0.155776,0.7997
AGATGACTCGCCCACG-1,0.000022,0.03323,0.000022,0.966727
AGATGAGGGTTGCGAT-1,0.000036,0.07819,0.015085,0.906689
AGATGATGGAGTCTGG-1,0.000064,0.339445,0.000064,0.660427
AGATGCAAGACGTGCA-1,0.000036,0.000036,0.114016,0.885912
AGATGCATCCTGTGTC-1,0.00015,0.062715,0.010717,0.926418
AGATTATAGGACGTTT-1,0.00005,0.00005,0.045239,0.95466
AGATTCAAGCGGGTCG-1,0.00006,0.002944,0.00006,0.996936
AGATTCACAACCGATA-1,0.000011,0.000011,0.005034,0.994944
AGCAAAGGCCGCTAGT-1,0.000041,0.748852,0.121462,0.129644
AGCAACATATCTTATT-1,0.000044,0.781861,0.012234,0.205861
AGCAACCGAAAGTAAT-1,0.000022,0.000022,0.026692,0.973264
AGCACACGTTTAGACT-1,0.000023,0.000023,0.547806,0.452149
AGCACCAGTACTCACG-1,0.000056,0.097322,0.000056,0.902567
AGCACTACCGGCCTGT-1,0.000098,0.000098,0.000098,0.999707
AGCACTACCTCACCAG-1,0.000044,0.795499,0.000044,0.204414
AGCACTTAAGGACGCC-1,0.000017,0.000017,0.158719,0.841247
AGCAGAAGGAGAAAGA-1,0.000031,0.349756,0.097916,0.552297
AGCAGCCAGATGAATA-1,0.000043,0.059718,0.000133,0.940106
AGCAGTCGAAGCATGC-1,0.000022,0.834464,0.165342,0.000173
AGCATATCAATATGCT-1,0.000045,0.794919,0.037304,0.167732
AGCATCATTTCGAAAG-1,0.00006,0.00006,0.00006,0.99982
AGCATCGTCGATAATT-1,0.000031,0.000031,0.008663,0.991275
AGCATTACGAGGCAAG-1,0.000035,0.712287,0.195027,0.092651
AGCCAAGCTTTGTGTC-1,0.000911,0.023333,0.000037,0.975718
AGCCACAGGTTACCCG-1,0.000049,0.887751,0.091405,0.020796
AGCCACTCCCGTGCTT-1,0.000086,0.076369,0.000086,0.923459
AGCCATATAGTATGTG-1,0.000063,0.434502,0.321012,0.244423
AGCCCATACATGTAAG-1,0.001501,0.000043,0.134382,0.864074
AGCCCGCAACAAGCAG-1,0.000011,0.000895,0.000646,0.998448
AGCCCGCACTACAATG-1,0.000031,0.090587,0.098823,0.810558
AGCCCGGCATTAGAGG-1,0.000017,0.020377,0.026572,0.953034
AGCCCGGTAGCCTGTA-1,0.000019,0.000019,0.000019,0.999943
AGCCCTAAGCGAAGTT-1,0.000024,0.047898,0.000024,0.952054
AGCCCTCCCTGGTGGC-1,0.000008,0.019386,0.000476,0.980131
AGCCCTGTCGCACCGT-1,0.000026,0.030247,0.003415,0.966311
AGCCCTTCTAATCCGA-1,0.000018,0.063025,0.082033,0.854924
AGCCCTTGGACATCCC-1,0.000018,0.049257,0.000081,0.950644
AGCCGCAAATTCAAAT-1,0.000141,0.030455,0.197036,0.772368
AGCCGTGGCTAAATGT-1,0.000024,0.000024,0.095652,0.9043
AGCCTAATACCCACGT-1,0.000017,0.000017,0.118329,0.881637
AGCCTTAAAGCGGAAG-1,0.000054,0.000054,0.129958,0.869933
AGCCTTGTCACTGATA-1,0.000046,0.000046,0.383215,0.616694
AGCGACAGGAACGGTC-1,0.00314,0.037258,0.038828,0.920774
AGCGACATCCCATTCA-1,0.000041,0.000041,0.000041,0.999876
AGCGACCAACGATATT-1,0.000798,0.00003,0.068732,0.93044
AGCGACTTTGAAGACA-1,0.000009,0.00078,0.000009,0.999201
AGCGAGACGTGAAGGC-1,0.00003,0.00003,0.166319,0.83362
AGCGATGCGCCTAATA-1,0.000037,0.453146,0.000037,0.54678
AGCGCATAATGAATCG-1,0.000031,0.000031,0.000031,0.999907
AGCGCGGGTGCCAATG-1,0.000035,0.109155,0.014806,0.876005
AGCGCTAGAGCGATGT-1,0.000012,0.049274,0.000012,0.950703
AGCGCTTATGGGCAAG-1,0.000021,0.026888,0.000021,0.97307
AGCGGACACTTCGTAG-1,0.000047,0.084737,0.018548,0.896668
AGCGGCGGTTAGCGGT-1,0.000041,0.000041,0.062101,0.937816
AGCGGGAAGGGTCCAT-1,0.001753,0.00003,0.00003,0.998187
AGCGGGTCTGACACTC-1,0.000019,0.255387,0.071909,0.672685
AGCGGTTGAGATGTAC-1,0.000028,0.000028,0.118903,0.88104
AGCGGTTGCCGCTCTG-1,0.000016,0.02044,0.034093,0.94545
AGCGTCTGAACCCGCA-1,0.000048,0.000048,0.000955,0.998948
AGCGTGGTATTCTACT-1,0.000111,0.653423,0.010935,0.335531
AGCGTTCCGATTTAAA-1,0.000032,0.004062,0.121884,0.874022
AGCTAACAAGCAATGT-1,0.000017,0.018318,0.003957,0.977708
AGCTAAGCTCCGTCCG-1,0.000014,0.008137,0.151824,0.840025
AGCTAAGTACGCAGGC-1,0.00003,0.942777,0.052204,0.004989
AGCTACGAATGGTGGT-1,0.000371,0.136229,0.293608,0.569793
AGCTAGAAGCAGAAGT-1,0.000024,0.029984,0.027892,0.9421
AGCTATTTAATCCAAC-1,0.000027,0.000027,0.000027,0.99992
AGCTCCATATATGTTC-1,0.000051,0.139203,0.559105,0.301642
AGCTCCTTCGCACATC-1,0.000038,0.854066,0.075941,0.069956
AGCTCGTTGATGGAAA-1,0.000019,0.000019,0.07667,0.923291
AGCTCTAGACGTTCCA-1,0.000045,0.673534,0.000045,0.326375
AGCTCTTCCCAGTGCA-1,0.000051,0.058359,0.001703,0.939887
AGCTCTTCGTAACCTT-1,0.000128,0.283327,0.183674,0.532871
AGCTCTTTACTCAGTT-1,0.00003,0.006085,0.00003,0.993855
AGCTGAAGTAAACCAA-1,0.000013,0.186308,0.040298,0.773381
AGCTGCATTTGAGGTG-1,0.000021,0.053342,0.143348,0.803289
AGCTGCTGTGCCGAAT-1,0.000052,0.024125,0.129829,0.845995
AGCTGTAACCTCAATC-1,0.00004,0.051118,0.058017,0.890825
AGCTTATAGAGACCTG-1,0.000021,0.000021,0.000021,0.999938
AGCTTCAATACTTTGA-1,0.023933,0.00002,0.00002,0.976027
