Barcode,Topic 1,Topic 2,Topic 3,Topic 4,Topic 5,Topic 6,Topic 7,Topic 8,Topic 9,Topic 10,Topic 11,Topic 12
AAACAAGTATCTCCCA-1,0.05814,0.000023,0.207119,0.019738,0.66883,0.002616,0.000023,0.000053,0.006467,0.000023,0.006719,0.030249
AAACACCAATAACTGC-1,0.047205,0.000043,0.004132,0.000193,0.031707,0.221764,0.000043,0.17019,0.202699,0.051224,0.063362,0.207439
AAACAGAGCGACTCCT-1,0.000019,0.011016,0.000019,0.000019,0.000019,0.000019,0.035891,0.000019,0.009755,0.83009,0.107346,0.005788
AAACAGCTTTCAGAAG-1,0.000011,0.000011,0.000011,0.000011,0.548098,0.270629,0.000011,0.04887,0.002738,0.105289,0.003204,0.021114
AAACAGGGTCTATATT-1,0.003263,0.000034,0.004498,0.000034,0.136366,0.223094,0.000034,0.229755,0.159772,0.151824,0.080658,0.010668
AAACAGTGTTCCTGGG-1,0.037264,0.000059,0.153496,0.000059,0.009977,0.016475,0.000059,0.07903,0.188427,0.251319,0.149106,0.114729
AAACATGGTGAGAGGA-1,0.020335,0.177768,0.001214,0.000019,0.083419,0.125968,0.003859,0.018776,0.015774,0.503508,0.028264,0.021096
AAACATTTCCCGGATT-1,0.41757,0.036172,0.234337,0.002481,0.000047,0.000047,0.048992,0.049453,0.16526,0.000047,0.045545,0.000047
AAACCACTACACAGAT-1,0.000027,0.000027,0.007336,0.000027,0.000027,0.000027,0.025784,0.012062,0.693266,0.000027,0.259222,0.002167
AAACCCGAACGAAATC-1,0.303165,0.002461,0.008658,0.079397,0.325427,0.000108,0.000012,0.000012,0.000012,0.276569,0.004167,0.000012
AAACCGGAAATGTTAA-1,0.051721,0.02964,0.109744,0.427753,0.08611,0.00676,0.287989,0.000187,0.000024,0.000024,0.000024,0.000024
AAACCGTTCGTCCAGG-1,0.06231,0.000128,0.000128,0.000128,0.000128,0.000128,0.000128,0.02068,0.552682,0.000128,0.363304,0.000128
AAACCTAAGCAGCCGG-1,0.035815,0.000015,0.030872,0.009218,0.482386,0.067631,0.001886,0.004223,0.000233,0.27558,0.000015,0.092126
AAACCTCATGAAGTTG-1,0.156372,0.000022,0.000022,0.000022,0.179504,0.432702,0.000022,0.007695,0.000022,0.079417,0.097203,0.046998
AAACGAAGAACATACC-1,0.000097,0.000097,0.032818,0.000097,0.000097,0.156344,0.126967,0.084863,0.137352,0.046966,0.411215,0.003087
AAACGAAGATGGAGTA-1,0.098697,0.004796,0.000032,0.000032,0.155932,0.075606,0.015284,0.142136,0.133407,0.33244,0.005635,0.036004
AAACGACAGTCTTGCC-1,0.084153,0.000027,0.079218,0.000027,0.000027,0.000027,0.000027,0.006693,0.273491,0.000437,0.465926,0.089945
AAACGAGACGGTTGAT-1,0.056162,0.039272,0.020921,0.000021,0.654995,0.061534,0.015972,0.084256,0.066779,0.000046,0.000021,0.000021
AAACGCCCGAGATCGG-1,0.063106,0.000058,0.026409,0.000058,0.000058,0.044848,0.21657,0.142349,0.207211,0.000058,0.175355,0.123922
AAACGCTGGGCACGAC-1,0.399297,0.498311,0.000011,0.032778,0.000011,0.000011,0.000011,0.000011,0.000011,0.065568,0.00397,0.000011
AAACGGGCGTACGGGT-1,0.009375,0.192113,0.026165,0.014574,0.064074,0.021533,0.011489,0.050375,0.306045,0.284493,0.011389,0.008375
AAACGGTTGCGAACTG-1,0.179766,0.000125,0.067834,0.000125,0.026451,0.055897,0.124334,0.088687,0.440801,0.000125,0.015729,0.000125
AAACGTGTTCGCCCTA-1,0.153842,0.00004,0.038399,0.00004,0.00004,0.00004,0.048443,0.011248,0.203926,0.52029,0.018242,0.005449
AAACTAACGTGGCGAC-1,0.068982,0.000039,0.018919,0.000039,0.093621,0.037196,0.010767,0.064698,0.119538,0.213045,0.368225,0.004931
AAACTCGGTTCGCAAT-1,0.000068,0.049446,0.117001,0.005474,0.001105,0.001545,0.000068,0.605768,0.219321,0.000068,0.000068,0.000068
AAACTCGTGATATAAG-1,0.139194,0.000039,0.108214,0.000039,0.109163,0.133117,0.000039,0.109514,0.139899,0.236977,0.000039,0.023766
AAACTGCTGGCTCCAA-1,0.072764,0.000025,0.000025,0.000025,0.048292,0.000025,0.000025,0.000025,0.000025,0.813057,0.041673,0.024041
AAACTTAATTGCACGC-1,0.029756,0.000035,0.258499,0.001432,0.165173,0.301789,0.000035,0.012432,0.04286,0.000035,0.000035,0.187921
AAACTTGCAAACGTAT-1,0.046278,0.000073,0.000073,0.000073,0.016204,0.004602,0.019242,0.499955,0.197456,0.01536,0.20061,0.000073
AAAGAATGACCTTAGA-1,0.199267,0.000011,0.000628,0.000011,0.748651,0.027268,0.000011,0.022994,0.00065,0.000486,0.000011,0.000011
AAAGAATGTGGACTAA-1,0.00004,0.024591,0.479209,0.276807,0.029422,0.01782,0.00004,0.084872,0.087077,0.00004,0.00004,0.00004
AAAGACCCAAGTCGCG-1,0.000126,0.000126,0.04879,0.000126,0.184099,0.000126,0.252373,0.000126,0.000126,0.000126,0.513729,0.000126
AAAGACTGGGCGCTTT-1,0.029937,0.000014,0.000014,0.000014,0.407616,0.531606,0.000014,0.023515,0.000014,0.000558,0.006683,0.000014
AAAGCTTGCCTACATA-1,0.001767,0.000022,0.061846,0.080228,0.383609,0.063299,0.000022,0.020864,0.03234,0.286351,0.004481,0.065169
AAAGGCCCTATAATAC-1,0.118079,0.000049,0.060791,0.000049,0.000049,0.039309,0.023789,0.005944,0.306425,0.035612,0.406082,0.003822
AAAGGCTACGGACCAT-1,0.000061,0.000061,0.045429,0.000061,0.017577,0.020289,0.014266,0.161995,0.584011,0.142404,0.013788,0.000061
AAAGGCTCTCGCGCCG-1,0.101983,0.000096,0.28188,0.000096,0.000096,0.000096,0.000096,0.457023,0.158347,0.000096,0.000096,0.000096
AAAGGGATGTAGCAAG-1,0.000033,0.000033,0.000033,0.000033,0.000033,0.000033,0.99964,0.000033,0.000033,0.000033,0.000033,0.000033
AAAGGGCAGCTTGAAT-1,0.105699,0.000094,0.000094,0.000094,0.173615,0.000094,0.042762,0.000094,0.000094,0.030176,0.647089,0.000094
AAAGGTAAGCTGTACC-1,0.203196,0.000043,0.025887,0.000043,0.000043,0.005239,0.090769,0.184519,0.438681,0.004193,0.04594,0.001448
AAAGTAGCATTGCTCA-1,0.076319,0.000082,0.012068,0.000082,0.006548,0.170636,0.159643,0.005984,0.154316,0.000082,0.332105,0.082134
AAAGTCACTGATGTAA-1,0.084467,0.000128,0.097576,0.000128,0.104755,0.000128,0.154485,0.000128,0.01914,0.000128,0.538806,0.000128
AAAGTCGACCCTCAGT-1,0.022723,0.000011,0.000011,0.000011,0.584705,0.374136,0.013025,0.005335,0.000011,0.000011,0.000011,0.000011
AAAGTGCCATCAATTA-1,0.489263,0.386724,0.024832,0.089655,0.009435,0.000013,0.000013,0.000013,0.000013,0.000013,0.000013,0.000013
AAAGTGTGATTTATCT-1,0.005497,0.000056,0.380864,0.000056,0.078462,0.00224,0.038896,0.056317,0.298427,0.130308,0.000056,0.008822
AAAGTTGACTCCCGTA-1,0.001043,0.099554,0.007101,0.014184,0.14127,0.012966,0.000028,0.01508,0.084737,0.548703,0.075223,0.00011
AAATAACCATACGGGA-1,0.000055,0.000055,0.053912,0.000055,0.000055,0.000055,0.012418,0.278883,0.500957,0.000055,0.153449,0.000055
AAATAAGGTAGTGCCC-1,0.174664,0.122805,0.134381,0.000038,0.000038,0.000038,0.061052,0.001611,0.148263,0.288158,0.068912,0.000038
AAATACCTATAAGCAT-1,0.113354,0.051415,0.038048,0.000039,0.196625,0.047738,0.072387,0.073583,0.406696,0.000039,0.000039,0.000039
AAATAGCTTAGACTTT-1,0.129267,0.000031,0.107375,0.045462,0.006437,0.043789,0.000031,0.061385,0.146559,0.429753,0.028138,0.001771
AAATAGGGTGCTATTG-1,0.000013,0.000013,0.064135,0.002384,0.806605,0.027671,0.000013,0.080135,0.018994,0.000013,0.000013,0.000013
AAATCCGATACACGCC-1,0.004341,0.013532,0.146935,0.021121,0.550495,0.009524,0.00002,0.074793,0.131461,0.019261,0.006868,0.021647
AAATCGCGGAAGGAGT-1,0.000033,0.032555,0.000033,0.000033,0.112782,0.114831,0.000033,0.063677,0.027732,0.483277,0.080279,0.084736
AAATCGTGTACCACAA-1,0.094371,0.000059,0.000059,0.000059,0.000059,0.001039,0.053905,0.486065,0.166,0.167694,0.030632,0.000059
AAATCTAGCCCTGCTA-1,0.000045,0.116609,0.37353,0.065842,0.123326,0.018316,0.000045,0.090596,0.209635,0.001928,0.000045,0.000082
AAATCTGCCCGCGTCC-1,0.134871,0.000031,0.110412,0.005282,0.007869,0.013465,0.000031,0.148843,0.071058,0.503335,0.000031,0.004774
AAATGACTGATCAAAC-1,0.008334,0.008334,0.008334,0.008334,0.008334,0.008334,0.008334,0.476605,0.008334,0.008334,0.440058,0.008334
AAATGATTCGATCAGC-1,0.082241,0.031687,0.156972,0.000046,0.024357,0.068709,0.000046,0.019391,0.303543,0.250219,0.000046,0.062744
AAATGCTCGTTACGTT-1,0.081671,0.000068,0.000068,0.000068,0.000068,0.000068,0.204716,0.000068,0.000068,0.051904,0.661169,0.000068
AAATGGCATGTCTTGT-1,0.055581,0.000057,0.007315,0.000057,0.000057,0.238537,0.000057,0.155528,0.420311,0.000057,0.122387,0.000057
AAATGGCCCGTGCCCT-1,0.019367,0.000024,0.000024,0.000024,0.198865,0.419174,0.000024,0.077559,0.003783,0.260711,0.020422,0.000024
AAATGGTCAATGTGCC-1,0.000065,0.000065,0.035193,0.000065,0.00215,0.104564,0.000065,0.452242,0.276311,0.017371,0.093141,0.018767
AAATGTATCTTATCCC-1,0.469113,0.000031,0.000031,0.000031,0.057543,0.199724,0.002998,0.247751,0.022685,0.000031,0.000031,0.000031
AAATTAACGGGTAGCT-1,0.000058,0.000058,0.000058,0.000058,0.000058,0.000058,0.017626,0.150238,0.4836,0.223203,0.017435,0.107549
AAATTAATAAGCGCGA-1,0.264773,0.000017,0.015529,0.000017,0.182226,0.127373,0.036198,0.19592,0.061213,0.097255,0.018883,0.000595
AAATTACACGACTCTG-1,0.000049,0.000049,0.000739,0.000049,0.000049,0.000049,0.176941,0.437171,0.143279,0.19999,0.041588,0.000049
AAATTACCTATCGATG-1,0.000025,0.0018,0.004385,0.020512,0.417911,0.021235,0.012895,0.111827,0.051576,0.24886,0.056507,0.052467
AAATTCCAGGTCCAAA-1,0.185197,0.011853,0.348724,0.004861,0.00003,0.002376,0.00003,0.118073,0.168804,0.146395,0.007632,0.006024
AAATTGATAGTCCTTT-1,0.116602,0.025891,0.000084,0.000084,0.09772,0.01226,0.26987,0.019581,0.000084,0.000084,0.457655,0.000084
AAATTGCGGCGGTTCT-1,0.000248,0.000248,0.230749,0.000248,0.392089,0.000248,0.035466,0.000248,0.000248,0.030786,0.309173,0.000248
AAATTGGTGAGAAGCA-1,0.11763,0.000063,0.384921,0.000063,0.000063,0.000063,0.194063,0.081399,0.221546,0.000063,0.000063,0.000063
AAATTTACCGAAATCC-1,0.000048,0.000048,0.000048,0.000048,0.000048,0.010912,0.000048,0.056956,0.47292,0.098347,0.290564,0.070013
AAATTTGCGGGTGTGG-1,0.000107,0.000107,0.047051,0.000107,0.000107,0.000107,0.193442,0.000107,0.417411,0.000107,0.341239,0.000107
AACAACTGGTAGTTGC-1,0.000106,0.000106,0.000106,0.000106,0.000106,0.045718,0.03056,0.129996,0.520635,0.000106,0.22258,0.049873
AACAATACATTGTCGA-1,0.000109,0.042766,0.053302,0.000109,0.000109,0.048235,0.000109,0.073882,0.374995,0.000109,0.406165,0.000109
AACAATTACTCTACGC-1,0.113758,0.048197,0.000063,0.000063,0.155074,0.000063,0.000063,0.000063,0.000063,0.019055,0.663476,0.000063
AACACACGCTCGCCGC-1,0.265001,0.000052,0.521281,0.000052,0.000052,0.000777,0.006524,0.010801,0.105768,0.000052,0.089587,0.000052
AACACGACTGTACTGA-1,0.000055,0.000055,0.000055,0.000055,0.000055,0.000055,0.000055,0.000055,0.296953,0.069861,0.620829,0.011921
AACACGAGACGCGGCC-1,0.000057,0.000057,0.000057,0.03612,0.000057,0.013835,0.000057,0.185506,0.110153,0.130868,0.457381,0.065851
AACAGCTGTGTGGCAA-1,0.243747,0.000062,0.000062,0.000062,0.173131,0.027353,0.215869,0.000062,0.000062,0.06198,0.166594,0.111017
AACAGGAAATCGAATA-1,0.000051,0.000051,0.000051,0.000051,0.000051,0.000051,0.030269,0.370391,0.563996,0.000051,0.029311,0.005676
AACAGGTAGTATGGAT-1,0.000049,0.000049,0.08557,0.296297,0.000049,0.000049,0.01192,0.006065,0.599803,0.000049,0.000049,0.000049
AACATAGCGTGTATCG-1,0.000047,0.000047,0.000047,0.000047,0.121743,0.057491,0.000047,0.203344,0.000047,0.433307,0.020923,0.162912
AACATATCAACTGGTG-1,0.028712,0.000041,0.16565,0.028163,0.205116,0.03832,0.036887,0.167772,0.184706,0.004731,0.002584,0.137317
AACATCGATACGTCTA-1,0.217172,0.000049,0.147621,0.000049,0.25611,0.01122,0.018478,0.095915,0.253236,0.000049,0.000052,0.000049
AACATTGAAGTTGATC-1,0.063966,0.024068,0.000056,0.014128,0.000056,0.000056,0.000056,0.000056,0.000056,0.356909,0.540534,0.000056
AACATTGGTCAGCCGT-1,0.113116,0.000288,0.000288,0.000288,0.217362,0.187289,0.283547,0.000288,0.000288,0.000288,0.196667,0.000288
AACATTGTGACTCGAG-1,0.00004,0.00004,0.00004,0.00004,0.000085,0.019799,0.002226,0.075444,0.211312,0.576637,0.105459,0.008878
AACCAAGACTTCTCTG-1,0.197069,0.000067,0.000067,0.000067,0.000067,0.000067,0.442671,0.000067,0.000067,0.000067,0.359658,0.000067
AACCAGTATCACTCTT-1,0.000046,0.000046,0.000046,0.000046,0.000046,0.000046,0.000381,0.065221,0.461459,0.121176,0.319855,0.031633
AACCATAGGGTTGAAC-1,0.02139,0.000015,0.000716,0.000015,0.413782,0.191629,0.000015,0.002219,0.000087,0.342911,0.000522,0.026701
AACCCATCCCATGATC-1,0.04171,0.00002,0.00002,0.00002,0.498462,0.356339,0.00002,0.017308,0.000049,0.067914,0.018118,0.00002
AACCCGACAACCCGTG-1,0.00004,0.00004,0.00004,0.00004,0.08438,0.16559,0.00004,0.086939,0.030788,0.549261,0.058693,0.024145
AACCCGAGCAGAATCG-1,0.000032,0.017588,0.495631,0.184652,0.044416,0.04494,0.000032,0.091129,0.121484,0.000032,0.000032,0.000032
AACCCGATAGGGCTTC-1,0.044022,0.000038,0.027262,0.000038,0.000038,0.001628,0.309017,0.019946,0.250591,0.223513,0.115965,0.007941
AACCCGCTGTATTCCA-1,0.000076,0.000076,0.000076,0.000076,0.035019,0.288404,0.000076,0.215755,0.016778,0.0916,0.092458,0.259607
AACCCTACTGTCAATA-1,0.151726,0.027211,0.14537,0.009484,0.230912,0.044841,0.025393,0.090698,0.071042,0.119258,0.009376,0.074688
AACCCTGGTGGAACCA-1,0.035247,0.000063,0.000063,0.018462,0.000063,0.000063,0.08665,0.040798,0.658918,0.000063,0.139128,0.020481
AACCGAGCTTGGTCAT-1,0.000066,0.000066,0.072366,0.000066,0.000066,0.012076,0.156152,0.327565,0.396002,0.035442,0.000066,0.000066
AACCGCTAAGGGATGC-1,0.368388,0.028917,0.19339,0.000038,0.000038,0.000038,0.30312,0.064745,0.041213,0.000038,0.000038,0.000038
AACCGTTGTGTTTGCT-1,0.04343,0.00007,0.004801,0.00007,0.001927,0.240305,0.013302,0.389992,0.191841,0.00007,0.040919,0.073275
AACCTCGCTTTAGCCC-1,0.020373,0.00004,0.13802,0.00004,0.547421,0.007067,0.00004,0.192805,0.094073,0.00004,0.00004,0.00004
AACCTGTCACGGAATT-1,0.050719,0.000038,0.150878,0.071736,0.000038,0.000038,0.023537,0.027499,0.207017,0.467405,0.001056,0.000038
AACCTTTAAATACGGT-1,0.000044,0.000044,0.122829,0.09838,0.110692,0.020275,0.066505,0.236288,0.290555,0.054299,0.000044,0.000044
AACCTTTACGACGTCT-1,0.04046,0.000058,0.130859,0.000058,0.158486,0.032903,0.021916,0.396943,0.143758,0.000058,0.000058,0.074441
AACGAAAGTCGTCCCA-1,0.0072,0.00004,0.04013,0.003172,0.018381,0.012257,0.095249,0.234323,0.069409,0.463488,0.048957,0.007394
AACGACCTCCTAGCCG-1,0.000024,0.890858,0.037397,0.043337,0.000024,0.000024,0.000024,0.000024,0.028216,0.000024,0.000024,0.000024
AACGATAATGCCGTAG-1,0.000028,0.00483,0.098591,0.017537,0.385614,0.131033,0.00105,0.167662,0.118091,0.075306,0.000232,0.000028
AACGATAGAAGGGCCG-1,0.000097,0.000097,0.000097,0.000097,0.000097,0.000097,0.000097,0.000097,0.636132,0.000097,0.362072,0.000926
AACGATATGTCAACTG-1,0.027991,0.021446,0.080632,0.000053,0.000053,0.04088,0.049227,0.218497,0.179696,0.287066,0.046604,0.047854
AACGCATGATCTGGGT-1,0.10892,0.025569,0.003461,0.000037,0.000037,0.000037,0.861751,0.000037,0.000037,0.000037,0.000037,0.000037
AACGCGACCTTGGGCG-1,0.000079,0.000079,0.164722,0.000079,0.000079,0.025913,0.042655,0.572419,0.193739,0.000079,0.000079,0.000079
AACGCGGTCTCCAGCC-1,0.202533,0.000084,0.077361,0.000084,0.000084,0.000465,0.184639,0.266329,0.241784,0.000084,0.026466,0.000084
AACGCTGTTGCTGAAA-1,0.041158,0.000054,0.177106,0.088972,0.076815,0.000054,0.012144,0.01271,0.386019,0.195531,0.009384,0.000054
AACGGACGTACGTATA-1,0.000043,0.000043,0.082111,0.222744,0.073146,0.008053,0.091785,0.138733,0.147019,0.230121,0.004555,0.001648
AACGGCCATCTCCGGT-1,0.000079,0.000079,0.000079,0.072186,0.000079,0.015502,0.074772,0.229388,0.192168,0.003864,0.336089,0.075714
AACGTACTGTGGGTAC-1,0.000104,0.000104,0.000104,0.000104,0.000104,0.050716,0.000104,0.066817,0.513446,0.147234,0.221063,0.000104
AACGTCAGACTAGTGG-1,0.000074,0.000074,0.000074,0.021341,0.000074,0.000074,0.349103,0.000074,0.013465,0.020897,0.575702,0.019046
AACGTCATCCGGCTTG-1,0.011905,0.011905,0.011905,0.011905,0.86904,0.011905,0.011905,0.011905,0.011905,0.011906,0.011906,0.011905
AACGTCGCTGCACTTC-1,0.362854,0.245589,0.025781,0.180111,0.000066,0.000033,0.009897,0.005169,0.022169,0.130303,0.017996,0.000033
AACGTGATGAAGGACA-1,0.002288,0.000045,0.00469,0.000045,0.000045,0.11012,0.020745,0.448106,0.30285,0.04929,0.061732,0.000045
AACGTGCGAAAGTCTC-1,0.116986,0.000052,0.070185,0.000052,0.000358,0.000052,0.007939,0.455245,0.285193,0.022194,0.033737,0.008009
AACGTTATCAGCACCT-1,0.081774,0.00002,0.00002,0.00002,0.302853,0.41725,0.00002,0.083554,0.014532,0.086209,0.012128,0.001618
AACGTTCTACCATTGT-1,0.000108,0.84864,0.000108,0.000108,0.000108,0.000108,0.000108,0.000108,0.000108,0.000108,0.150282,0.000108
AACTACCCGTTTGTCA-1,0.000035,0.000035,0.434584,0.070721,0.176647,0.160596,0.000035,0.003347,0.108489,0.000035,0.000035,0.045442
AACTAGCGTATCGCAC-1,0.000191,0.000191,0.000191,0.028169,0.000191,0.28688,0.167968,0.000191,0.000191,0.000191,0.515457,0.000191
AACTAGGCTTGGGTGT-1,0.006094,0.000057,0.322501,0.000057,0.117834,0.043753,0.38648,0.013434,0.02335,0.060749,0.025635,0.000057
AACTCAAGTTAATTGC-1,0.067854,0.000048,0.024162,0.000048,0.020193,0.13581,0.030961,0.173621,0.218865,0.057934,0.126282,0.144221
AACTCCAGAGCGTGTT-1,0.000045,0.000045,0.015798,0.08639,0.070407,0.003332,0.000045,0.189853,0.232379,0.335024,0.046277,0.020405
AACTCCTAATCCCATG-1,0.059831,0.000061,0.000061,0.000061,0.000061,0.000061,0.053256,0.17223,0.577765,0.087571,0.027415,0.021626
AACTCTCAATAGAGCG-1,0.000023,0.000023,0.000023,0.000023,0.78983,0.000375,0.003153,0.115255,0.052738,0.008497,0.029965,0.000095
AACTCTCAGTGTGCTC-1,0.000083,0.000083,0.000568,0.000083,0.000083,0.006643,0.109278,0.000083,0.262191,0.280224,0.340598,0.000083
AACTGAGGTCAGCGTC-1,0.000061,0.000061,0.000061,0.000061,0.000061,0.176637,0.000061,0.187821,0.311263,0.135904,0.18355,0.004459
AACTGAGTTATACTGA-1,0.021178,0.059039,0.024462,0.40819,0.000023,0.000023,0.061097,0.035364,0.038613,0.338566,0.013422,0.000023
AACTGATATTAGGCCT-1,0.019268,0.000053,0.000053,0.000053,0.000053,0.076232,0.031191,0.45843,0.136165,0.112265,0.151917,0.014319
AACTGGGTCCCGACGT-1,0.000049,0.013559,0.000495,0.000049,0.030368,0.068367,0.183001,0.257887,0.259204,0.089761,0.061714,0.035546
AACTGGGTTCGAGCCG-1,0.000082,0.000082,0.222585,0.000082,0.000082,0.000082,0.113382,0.000082,0.093683,0.000082,0.569697,0.000082
AACTGGTGTGGGCCTT-1,0.018201,0.000228,0.1497,0.000228,0.272582,0.000228,0.086486,0.000228,0.037718,0.076566,0.317524,0.040309
AACTTCTGCGTCTATC-1,0.000035,0.000035,0.000035,0.000035,0.049018,0.314237,0.10588,0.056213,0.03645,0.022697,0.14083,0.274535
AACTTGCGTTCTCGCG-1,0.000064,0.000064,0.000064,0.019677,0.0785,0.026042,0.000064,0.022358,0.010972,0.086548,0.720036,0.035611
AACTTTACGGGAGCTT-1,0.000022,0.000022,0.000022,0.002382,0.243456,0.402027,0.000022,0.304517,0.047467,0.000022,0.000022,0.000022
AACTTTAGCTGCTGAG-1,0.000171,0.000171,0.000171,0.000171,0.263166,0.000171,0.203066,0.154552,0.000171,0.000171,0.273731,0.104288
AACTTTCTCGATCATG-1,0.290603,0.000051,0.384096,0.000051,0.000051,0.000051,0.000051,0.139535,0.098622,0.071111,0.000051,0.015727
AAGAAAGTTTGATGGG-1,0.000062,0.000062,0.000062,0.000062,0.038974,0.114174,0.000062,0.483087,0.04381,0.167072,0.015885,0.136686
AAGAAATCACCAGATT-1,0.249045,0.000029,0.036844,0.000029,0.133451,0.000029,0.000029,0.037905,0.200468,0.342115,0.000029,0.000029
AAGACATACGTGGTTT-1,0.02214,0.166193,0.041056,0.476476,0.008577,0.000018,0.0041,0.000018,0.000018,0.269528,0.011857,0.000018
AAGACCAAATAACTCA-1,0.000624,0.011461,0.024019,0.019332,0.043487,0.029868,0.042514,0.073332,0.288805,0.386681,0.055461,0.024416
AAGACCCAACTGAACA-1,0.044676,0.000036,0.056789,0.018884,0.084735,0.045166,0.081252,0.061617,0.085883,0.190717,0.036255,0.29399
AAGACTGCAAGCTACT-1,0.016675,0.000049,0.000762,0.032618,0.294111,0.017693,0.018867,0.305561,0.141866,0.10327,0.022483,0.046045
AAGAGATGAATCGGTA-1,0.262076,0.000151,0.000151,0.000151,0.110629,0.024767,0.000151,0.000151,0.000151,0.000151,0.60132,0.000151
AAGAGCTCTTTATCGG-1,0.09685,0.000048,0.13067,0.000048,0.04517,0.399128,0.000048,0.163461,0.160281,0.000048,0.000048,0.004201
AAGAGGATGTACGCGA-1,0.095775,0.031996,0.00008,0.00008,0.218786,0.02875,0.072755,0.009589,0.00008,0.013278,0.490091,0.03874
AAGAGGCATGGATCGC-1,0.014825,0.00004,0.119948,0.00004,0.04982,0.00716,0.005443,0.336511,0.172295,0.141989,0.006577,0.145351
AAGAGGCCCTTTGGAA-1,0.004574,0.000032,0.228315,0.391403,0.000032,0.029413,0.090517,0.012934,0.070231,0.151797,0.013186,0.007566
AAGATGGCACCGGACC-1,0.019655,0.000117,0.000117,0.049082,0.000117,0.000117,0.388328,0.131613,0.165806,0.000117,0.244816,0.000117
AAGATTGGCGGAACGT-1,0.000025,0.000025,0.000025,0.009763,0.448134,0.042581,0.006621,0.16987,0.048559,0.211278,0.029318,0.033801
AAGCACCCTGCGTATC-1,0.044271,0.000062,0.078564,0.032915,0.079394,0.009328,0.022535,0.277598,0.360402,0.061457,0.033413,0.000062
AAGCATACTCTCCTGA-1,0.000043,0.031781,0.056165,0.028448,0.108926,0.047671,0.005674,0.147024,0.437674,0.132967,0.003586,0.000043
AAGCCACTTGCAGGTA-1,0.066603,0.000072,0.08735,0.000072,0.049097,0.170916,0.141186,0.005372,0.010534,0.088853,0.350942,0.029004
AAGCCGAAGCGGTTTA-1,0.057422,0.03743,0.533849,0.034335,0.000067,0.000067,0.000067,0.025297,0.210796,0.005105,0.0955,0.000067
AAGCCGCCGTGAAATC-1,0.049232,0.058079,0.000023,0.008864,0.135788,0.008401,0.005088,0.000023,0.000023,0.281928,0.274703,0.17785
AAGCCGCTTTACCTTG-1,0.051357,0.000044,0.110402,0.038883,0.227178,0.0022,0.000044,0.241831,0.170247,0.156134,0.001636,0.000044
AAGCCGGAGAGCAGGA-1,0.006787,0.756214,0.008243,0.067636,0.000015,0.000015,0.005912,0.000015,0.002231,0.114645,0.038271,0.000015
AAGCGCAGGGCTTTGA-1,0.000085,0.043121,0.275534,0.000085,0.046807,0.043964,0.000085,0.214674,0.375391,0.000085,0.000085,0.000085
AAGCGGAGTGCGCGCA-1,0.002847,0.000032,0.009334,0.011188,0.000032,0.000032,0.000032,0.034817,0.293679,0.594478,0.053497,0.000032
AAGCGGCGTCATGGGT-1,0.000061,0.000061,0.000061,0.000061,0.000061,0.025841,0.054009,0.178383,0.644382,0.000061,0.084638,0.012382
AAGCGTCCCTCATCGA-1,0.000141,0.000141,0.058161,0.000141,0.120097,0.000141,0.270366,0.004785,0.175575,0.000141,0.363473,0.006839
AAGCTAGATCGAGTAA-1,0.000052,0.001068,0.158611,0.048946,0.107839,0.007019,0.022741,0.490507,0.082756,0.023537,0.000052,0.056873
AAGCTATGGATTGACC-1,0.041668,0.041668,0.041669,0.541643,0.041667,0.041668,0.041673,0.041669,0.041669,0.041668,0.041668,0.041669
AAGCTCGTGCCAAGTC-1,0.000071,0.000071,0.024608,0.042709,0.025304,0.002219,0.000071,0.480097,0.341209,0.074485,0.009085,0.000071
AAGCTCTTTCATGGTG-1,0.164123,0.044899,0.348157,0.000096,0.098007,0.005241,0.000096,0.194531,0.051662,0.000096,0.043388,0.049703
AAGGAGCGGTTGGTGC-1,0.158378,0.000092,0.000092,0.000092,0.000092,0.000092,0.739532,0.000092,0.000092,0.000092,0.101266,0.000092
AAGGATCGATCGCTTG-1,0.00004,0.00004,0.071674,0.097944,0.00004,0.00004,0.00004,0.02606,0.48525,0.261956,0.01853,0.038385
AAGGATGAGGGACCTC-1,0.045393,0.01196,0.108337,0.000043,0.079473,0.190474,0.0708,0.22377,0.126642,0.060483,0.000043,0.082583
AAGGCAGGCTGTCTCC-1,0.025805,0.018713,0.342257,0.042931,0.000042,0.000042,0.030848,0.006946,0.200461,0.192537,0.132256,0.007161
AAGGCGCGTAAAGCTT-1,0.000078,0.000078,0.000712,0.022599,0.042196,0.00507,0.188142,0.034588,0.095401,0.000078,0.440044,0.171013
AAGGCTGTGCTCATCG-1,0.000062,0.000062,0.016193,0.000062,0.003464,0.133705,0.008707,0.167309,0.193617,0.220543,0.064662,0.191614
AAGGGAACGACTGGCT-1,0.088646,0.000021,0.005139,0.000021,0.321837,0.135029,0.012796,0.000021,0.000021,0.001937,0.017006,0.417524
AAGGGACAGATTCTGT-1,0.00659,0.000646,0.013958,0.024661,0.329992,0.079018,0.153169,0.02722,0.023413,0.155395,0.000298,0.185641
AAGGGACTATGCATTC-1,0.039262,0.000071,0.061108,0.014595,0.17193,0.000071,0.150048,0.005289,0.034486,0.037122,0.473146,0.012871
AAGGGTTAGCCATGCG-1,0.000144,0.423215,0.000144,0.267793,0.000144,0.000144,0.155503,0.000144,0.000144,0.000144,0.152337,0.000144
AAGGGTTTGATTTCAG-1,0.008529,0.025429,0.265612,0.000067,0.213691,0.001496,0.000067,0.100528,0.347619,0.036827,0.000067,0.000067
AAGGTATCCTAATATA-1,0.00003,0.00003,0.00003,0.00003,0.000825,0.02013,0.00003,0.07397,0.00846,0.812137,0.0835,0.00083
AAGGTGATAAACCAGC-1,0.00003,0.035913,0.052876,0.012361,0.090954,0.004587,0.009268,0.053741,0.111006,0.589268,0.022565,0.017431
AAGTAGAAGACCGGGT-1,0.062954,0.000024,0.000024,0.000024,0.311612,0.033141,0.000024,0.000024,0.000024,0.016555,0.018858,0.556735
AAGTAGTGACGCGAGG-1,0.113467,0.000135,0.000135,0.000135,0.139495,0.161916,0.00211,0.000135,0.030497,0.000135,0.551703,0.000135
AAGTCAATTGTCGTCA-1,0.176646,0.000046,0.382865,0.004615,0.033584,0.000046,0.271131,0.051067,0.021847,0.044431,0.013675,0.000046
AAGTCTAGTAGCTGCC-1,0.130815,0.000035,0.180279,0.000035,0.423842,0.000035,0.000035,0.127395,0.137421,0.000035,0.000035,0.000035
AAGTCTTCTGTGGCCT-1,0.00083,0.000026,0.060857,0.000026,0.633761,0.090792,0.006528,0.086616,0.120484,0.000026,0.000026,0.000026
AAGTGACGACCGAATT-1,0.00008,0.00008,0.036782,0.00008,0.082209,0.016314,0.164005,0.020943,0.220303,0.0143,0.422798,0.022104
AAGTGAGTCGGGTTTA-1,0.000052,0.000052,0.000052,0.000052,0.000052,0.021666,0.000052,0.244363,0.201746,0.324376,0.117696,0.089844
AAGTGCAAAGGTAGAC-1,0.048724,0.000014,0.000014,0.000014,0.259635,0.243043,0.006763,0.026125,0.000014,0.373328,0.028182,0.014143
AAGTGCCTTGACTGTA-1,0.113598,0.000044,0.185835,0.051005,0.184739,0.008873,0.000044,0.000176,0.093958,0.361641,0.000044,0.000044
AAGTGCGTTAGAATCT-1,0.043954,0.000071,0.000071,0.000071,0.079824,0.055108,0.327059,0.061615,0.015343,0.000071,0.41674,0.000071
AAGTGCTTCTCTATTG-1,0.000109,0.000109,0.029334,0.08188,0.000109,0.000109,0.000109,0.000109,0.525071,0.000109,0.362844,0.000109
AAGTGTTTGGAGACGG-1,0.000033,0.000033,0.053144,0.078843,0.118956,0.040991,0.008585,0.552272,0.08535,0.000033,0.000033,0.06173
AAGTTCACTCCAAGCT-1,0.187521,0.000042,0.306735,0.000042,0.200112,0.000042,0.000042,0.232933,0.043977,0.028468,0.000042,0.000042
AAGTTCAGTCTGCGTA-1,0.000054,0.000054,0.008669,0.005079,0.000054,0.019557,0.004421,0.153083,0.397519,0.345936,0.059622,0.005953
AAGTTCGGCCAACAGG-1,0.000072,0.029073,0.079405,0.000072,0.000072,0.000072,0.040125,0.000072,0.133246,0.000072,0.706822,0.0109
AAGTTGTGATGTTATA-1,0.072507,0.000018,0.099267,0.141048,0.214672,0.059038,0.000018,0.000018,0.000018,0.384407,0.000732,0.028258
AAGTTTACTAATGGCA-1,0.000169,0.039593,0.000169,0.000169,0.034173,0.153188,0.272236,0.163243,0.076118,0.000169,0.260604,0.000169
AAGTTTATGGGCCCAA-1,0.081006,0.021117,0.310754,0.00006,0.07834,0.00006,0.390115,0.067808,0.050562,0.00006,0.00006,0.00006
AATAACAACGCTCGGC-1,0.101925,0.000089,0.000089,0.000089,0.1695,0.090621,0.101163,0.009381,0.000089,0.096959,0.410503,0.019591
AATAACACTAGAACAA-1,0.010813,0.000055,0.004549,0.000055,0.000055,0.000055,0.094254,0.050489,0.455803,0.000055,0.366126,0.01769
AATAACGTCGCGCCCA-1,0.000047,0.295937,0.000047,0.048145,0.415868,0.070053,0.000047,0.00616,0.000047,0.000047,0.16286,0.000744
AATAAGTCCTCGAGAC-1,0.103696,0.000044,0.000044,0.026053,0.000044,0.000044,0.073546,0.000044,0.000044,0.019474,0.730366,0.046599
AATAATCTTCGTATCG-1,0.000031,0.223347,0.237572,0.309552,0.000031,0.000031,0.100198,0.025718,0.103412,0.000031,0.000031,0.000047
AATACAATGTTTCAGG-1,0.054565,0.000046,0.014252,0.000046,0.000046,0.112546,0.293093,0.140575,0.133527,0.008008,0.229359,0.013937
AATACCGGAGGGCTGT-1,0.000069,0.000069,0.000069,0.007139,0.000069,0.000069,0.000069,0.000069,0.510298,0.001854,0.469201,0.011026
AATACCTGATGTGAAC-1,0.227112,0.000048,0.174524,0.063854,0.019974,0.23089,0.000048,0.111562,0.13681,0.012483,0.008708,0.013986
AATAGAACAGAGTGGC-1,0.142531,0.000057,0.045205,0.000057,0.000057,0.311027,0.055906,0.09888,0.142888,0.129281,0.060716,0.013395
AATAGAATCTGTTTCA-1,0.000263,0.00721,0.249491,0.000036,0.389966,0.017835,0.263461,0.025055,0.046577,0.000036,0.000036,0.000036
AATAGCAAGCCTCCTG-1,0.153205,0.000045,0.000045,0.000045,0.060675,0.211404,0.000045,0.004882,0.009818,0.178008,0.306031,0.075796
AATAGCTACCGCGTGC-1,0.000037,0.000037,0.189451,0.000037,0.389427,0.119755,0.000037,0.166201,0.027139,0.035372,0.000037,0.072469
AATAGGCACGACCCTT-1,0.041668,0.041668,0.041667,0.041667,0.041667,0.041668,0.041668,0.041668,0.041668,0.041667,0.541653,0.041669
AATAGTCCGTCCCGAC-1,0.239831,0.00006,0.148663,0.00006,0.00006,0.028749,0.00006,0.270447,0.18224,0.12971,0.00006,0.00006
AATAGTCGCGAGTCGG-1,0.00106,0.000025,0.000025,0.000025,0.117577,0.341378,0.000025,0.40738,0.126734,0.001073,0.004675,0.000025
AATATCCTAGCAAACT-1,0.001089,0.00001,0.00001,0.00001,0.679205,0.077437,0.00001,0.002792,0.00001,0.239406,0.00001,0.00001
AATATCGAATCAATGC-1,0.055374,0.001742,0.338313,0.179934,0.000034,0.000034,0.000034,0.000034,0.014113,0.4033,0.007055,0.000034
AATATCGAGGGTTCTC-1,0.000089,0.000089,0.213407,0.000089,0.089761,0.004486,0.036538,0.064812,0.47128,0.000089,0.029629,0.089733
AATATTGGAGTATTGA-1,0.000053,0.000053,0.000053,0.02037,0.000053,0.000053,0.000053,0.000053,0.008751,0.261815,0.70864,0.000053
AATCAGGTTTCATTTA-1,0.095559,0.000049,0.000049,0.000049,0.02636,0.001434,0.000049,0.000049,0.000049,0.113232,0.747474,0.015648
AATCATGTAAAGACTC-1,0.233276,0.025712,0.269779,0.012365,0.016516,0.000039,0.101856,0.002991,0.02573,0.307941,0.003755,0.000039
AATCCAAGGGCCTGAG-1,0.064685,0.000076,0.000076,0.007643,0.000076,0.000076,0.144544,0.034687,0.054699,0.000076,0.693284,0.000076
AATCCCGCTCAGAGCC-1,0.004167,0.004167,0.004167,0.004167,0.004167,0.004167,0.954164,0.004167,0.004167,0.004167,0.004167,0.004167
AATCGAGGTCTCAAGG-1,0.003788,0.003788,0.003788,0.385477,0.003788,0.576643,0.003788,0.003788,0.003788,0.003788,0.003788,0.003788
AATCGCCTCAGCGCCA-1,0.002287,0.00004,0.101532,0.022394,0.305069,0.052551,0.001304,0.384225,0.064937,0.064991,0.00004,0.00063
AATCGCGCAGAGGACT-1,0.014952,0.000029,0.041846,0.117843,0.000029,0.000029,0.012433,0.000029,0.090821,0.644248,0.07771,0.000029
AATCGGGACACTACGA-1,0.000141,0.000141,0.001532,0.000141,0.057319,0.040047,0.118053,0.309015,0.055137,0.072448,0.345886,0.000141
AATCGGTATAGCCCTC-1,0.096543,0.031326,0.041272,0.485754,0.253329,0.008889,0.032738,0.018948,0.031109,0.00003,0.00003,0.00003
AATCGTGAGCCGAGCA-1,0.00029,0.000048,0.034792,0.017545,0.224505,0.000209,0.08628,0.180042,0.293798,0.158931,0.000048,0.003512
AATCTAGGTTTACTTG-1,0.000019,0.000019,0.000019,0.000019,0.473522,0.361932,0.000019,0.000068,0.000019,0.138026,0.00121,0.025128
AATCTATGCCGGAGCC-1,0.06589,0.025264,0.080813,0.036892,0.009159,0.000039,0.000039,0.057745,0.080325,0.567335,0.076459,0.000039
AATCTCTACTGTGGTT-1,0.072792,0.000014,0.000014,0.000014,0.649113,0.155488,0.000014,0.000297,0.000014,0.048552,0.07344,0.000248
AATCTGCGTTGGGACG-1,0.094985,0.000051,0.131506,0.000051,0.128837,0.008271,0.106993,0.220869,0.08959,0.138345,0.050409,0.030092
AATCTGGCTTTCTAGT-1,0.053979,0.000028,0.000028,0.000028,0.195787,0.520062,0.049637,0.001618,0.000894,0.07148,0.009304,0.097156
AATCTGGGTAGACCCT-1,0.000054,0.000054,0.000054,0.025771,0.000054,0.000054,0.014517,0.061619,0.607078,0.000054,0.272368,0.018322
AATGACAGCAATGTCT-1,0.206483,0.000828,0.000069,0.000069,0.000069,0.000069,0.792068,0.000069,0.000069,0.000069,0.000069,0.000069
AATGACGTAGGATGTC-1,0.000044,0.000044,0.011993,0.03142,0.031382,0.001974,0.000044,0.197285,0.517689,0.187564,0.014433,0.006129
AATGACTGTCAGCCGG-1,0.000081,0.000081,0.000081,0.000081,0.000081,0.10275,0.149309,0.270278,0.379978,0.000081,0.097117,0.000081
AATGAGTTCGCATATG-1,0.000078,0.016253,0.000078,0.000078,0.000078,0.000078,0.123783,0.079033,0.275107,0.000078,0.284185,0.221171
AATGATGATACGCTAT-1,0.048358,0.000048,0.079879,0.000048,0.339872,0.075469,0.055514,0.186115,0.195894,0.018707,0.000048,0.000048
AATGATGCGACTCCTG-1,0.000054,0.000054,0.29226,0.004305,0.149314,0.012674,0.000054,0.256955,0.284167,0.000054,0.000054,0.000054
AATGCAACCGGGTACC-1,0.254789,0.000078,0.018463,0.000078,0.000078,0.000078,0.000078,0.179693,0.546428,0.000078,0.000078,0.000078
AATGCACCAAGCAATG-1,0.193316,0.000033,0.01421,0.000033,0.368293,0.042246,0.002261,0.208385,0.161367,0.003569,0.001342,0.004944
AATGGCCGCCAATGCG-1,0.281465,0.000084,0.000084,0.000084,0.063597,0.000084,0.264155,0.000084,0.030782,0.20241,0.157085,0.000084
AATGGTCCACCGTTCA-1,0.000021,0.000021,0.000021,0.000021,0.231115,0.538419,0.228795,0.001506,0.000021,0.000021,0.000021,0.000021
AATGTATGGCACTGTA-1,0.000026,0.000026,0.070527,0.016412,0.336764,0.071119,0.000026,0.028831,0.109512,0.321375,0.002502,0.04288
AATGTGCCCGAGGTGT-1,0.176015,0.044153,0.000111,0.000111,0.028653,0.000111,0.407423,0.000111,0.000111,0.000111,0.342976,0.000111
AATGTGCTAATCTGAG-1,0.160809,0.019191,0.000059,0.000059,0.290599,0.035687,0.062961,0.000059,0.000059,0.026424,0.387021,0.017074
AATGTTAAGACCCTGA-1,0.00009,0.00009,0.00009,0.057837,0.299604,0.02937,0.00009,0.56212,0.014116,0.011995,0.024509,0.00009
AATGTTGTCGTGAGAC-1,0.309687,0.042118,0.052496,0.101498,0.423175,0.010925,0.059146,0.000013,0.000013,0.000013,0.000013,0.000903
AATTAAAGGTCGGCGT-1,0.000055,0.000055,0.042503,0.000055,0.005074,0.173619,0.144159,0.329687,0.231773,0.054649,0.001165,0.017208
AATTAACGGATTTCCA-1,0.000079,0.000079,0.000079,0.039557,0.013695,0.150003,0.139511,0.03904,0.617721,0.000079,0.000079,0.000079
AATTACGAGACCCATC-1,0.000057,0.000057,0.046554,0.046702,0.027893,0.054918,0.037555,0.186856,0.13967,0.414597,0.032746,0.012396
AATTACTCGTACGCTC-1,0.000028,0.000028,0.000028,0.011077,0.033362,0.495765,0.000028,0.203765,0.015782,0.161511,0.077496,0.00113
AATTAGCGCTGCAGCG-1,0.00006,0.00006,0.036556,0.00006,0.00006,0.033239,0.036858,0.107929,0.583478,0.201582,0.00006,0.00006
AATTATACCCAGCAAG-1,0.000068,0.026817,0.000068,0.000068,0.130399,0.299296,0.000068,0.319864,0.003839,0.035119,0.092431,0.091964
AATTCATAAGGGATCT-1,0.000056,0.000056,0.044113,0.000056,0.042981,0.030463,0.000056,0.342416,0.355212,0.172717,0.000056,0.011816
AATTCATTGTCATGCA-1,0.105933,0.000064,0.222404,0.015692,0.016832,0.092464,0.000064,0.100078,0.382609,0.063732,0.000064,0.000064
AATTCCAAGCATGTAC-1,0.252409,0.000101,0.01854,0.000101,0.000101,0.000101,0.000101,0.105541,0.622699,0.000101,0.000101,0.000101
AATTCGATTCGAGGAT-1,0.115414,0.037642,0.030642,0.000033,0.227131,0.064851,0.000033,0.096872,0.089427,0.309173,0.028749,0.000033
AATTCTAGAGTTAGGC-1,0.000073,0.000073,0.000073,0.000073,0.000073,0.019987,0.050272,0.007144,0.472931,0.236897,0.158033,0.054372
AATTGAACGCTCTGGT-1,0.000048,0.000048,0.262625,0.025606,0.062386,0.025114,0.052359,0.152636,0.41773,0.000048,0.001353,0.000048
AATTGCAGCAATCGAC-1,0.054896,0.000029,0.183664,0.27882,0.089683,0.029557,0.000029,0.131893,0.102684,0.000029,0.000029,0.128685
AATTGCGTGGATTACA-1,0.02006,0.000045,0.050817,0.008955,0.066175,0.201743,0.000045,0.048987,0.44722,0.137398,0.000045,0.018508
AATTGTGGTTGCCAAA-1,0.004301,0.240734,0.219113,0.4906,0.00002,0.00002,0.00002,0.00002,0.011613,0.003058,0.030483,0.00002
AATTTGGGACATAGTA-1,0.144733,0.000125,0.000125,0.000125,0.000125,0.022141,0.09544,0.209072,0.28281,0.080884,0.164294,0.000125
AATTTGGTTCCAAAGA-1,0.00007,0.00007,0.00007,0.00007,0.00007,0.00007,0.00007,0.192894,0.428232,0.050044,0.179334,0.149007
ACAAACCATGCGTCCT-1,0.186044,0.011706,0.067149,0.002148,0.066619,0.363243,0.032301,0.13618,0.029561,0.040071,0.000048,0.06493
ACAAACTCCATCAGAG-1,0.006411,0.006411,0.006411,0.359126,0.576769,0.006411,0.006411,0.006411,0.006411,0.006411,0.00641,0.006411
ACAAAGAAGGTAGGCC-1,0.000029,0.000029,0.007663,0.002802,0.130212,0.071131,0.033096,0.38801,0.325621,0.01752,0.017506,0.006381
ACAAAGCATGACCTAG-1,0.029951,0.015247,0.230343,0.148245,0.124507,0.01748,0.043693,0.081085,0.288772,0.020331,0.000026,0.00032
ACAAATCGCACCGAAT-1,0.002634,0.048568,0.126493,0.0025,0.215645,0.003407,0.00003,0.233343,0.164309,0.182263,0.013854,0.006954
ACAAATGGTAGTGTTT-1,0.011467,0.000127,0.142353,0.019359,0.238322,0.019517,0.068116,0.01048,0.014333,0.433732,0.020892,0.021303
ACAAATTCAGATCTGA-1,0.000045,0.000045,0.001133,0.000045,0.003172,0.116472,0.000045,0.103235,0.699569,0.022338,0.053855,0.000045
ACAACAGCATGAGCTA-1,0.007351,0.000053,0.121429,0.000053,0.037233,0.102739,0.000053,0.495022,0.219184,0.000053,0.016777,0.000053
ACAAGCTATATGGAAG-1,0.007623,0.000022,0.022944,0.02856,0.496876,0.141554,0.024658,0.18423,0.08782,0.005671,0.000022,0.000022
ACAAGGAAATCCGCCC-1,0.000027,0.002431,0.01645,0.010904,0.115781,0.010192,0.000359,0.050243,0.158526,0.507496,0.008736,0.118855
ACAAGGACAAGAGGTT-1,0.006953,0.000054,0.001644,0.054076,0.000054,0.000054,0.013154,0.000054,0.098884,0.116723,0.708295,0.000054
ACAAGGATGCTTTAGG-1,0.000021,0.000021,0.097395,0.035926,0.632613,0.051785,0.000021,0.137142,0.029289,0.000021,0.000021,0.015744
ACAAGGCCTACCAGCC-1,0.00005,0.00005,0.00005,0.00005,0.00005,0.00005,0.057045,0.007706,0.146092,0.498981,0.28983,0.00005
ACAAGGGCAGGCTCTG-1,0.106826,0.039461,0.295172,0.00004,0.046447,0.019312,0.186326,0.154167,0.078323,0.070219,0.003666,0.00004
ACAAGTAATTGTAAGG-1,0.041667,0.041667,0.041667,0.041668,0.541652,0.041668,0.041667,0.041668,0.041668,0.04167,0.041669,0.041669
ACAATAGTCGTACGTT-1,0.00009,0.00009,0.00009,0.00009,0.00009,0.003301,0.054728,0.257868,0.353317,0.00009,0.182591,0.147653
ACAATCCATTTAAACC-1,0.100135,0.029971,0.000094,0.050726,0.000094,0.000094,0.042285,0.03837,0.163814,0.000094,0.574231,0.000094
ACAATGAATACGGAGA-1,0.048714,0.000092,0.000092,0.000092,0.247299,0.022403,0.397979,0.000092,0.000092,0.065306,0.217747,0.000092
ACAATGATTCTTCTAC-1,0.12097,0.000045,0.038836,0.000045,0.000045,0.000579,0.038275,0.167719,0.288159,0.328765,0.016516,0.000045
ACAATTGTGTCTCTTT-1,0.19025,0.016071,0.373339,0.000048,0.104812,0.000048,0.035953,0.007175,0.035127,0.237079,0.000048,0.000048
ACAATTTAGGAGGCTC-1,0.000997,0.00002,0.019292,0.00002,0.180392,0.599217,0.00002,0.034874,0.004436,0.056925,0.00002,0.103786
ACAATTTGAGCAGTGG-1,0.000059,0.000059,0.109553,0.000059,0.23098,0.002061,0.000059,0.261018,0.358929,0.000059,0.037105,0.000059
ACAATTTGGCCATATT-1,0.05747,0.033243,0.270194,0.097405,0.15553,0.049123,0.019064,0.10045,0.135309,0.060613,0.008431,0.013169
ACACAAAGACGGGTGG-1,0.000076,0.000076,0.027791,0.000076,0.000076,0.000076,0.07816,0.405451,0.487991,0.000076,0.000076,0.000076
ACACAAATATTCCTAG-1,0.004886,0.000035,0.008813,0.015372,0.000731,0.000035,0.000035,0.04177,0.187265,0.63603,0.101867,0.003159
ACACACCAGGACCAGT-1,0.00003,0.00003,0.00003,0.059966,0.024888,0.002018,0.00003,0.004077,0.043947,0.773149,0.014905,0.076929
ACACACTTTCTACACG-1,0.000068,0.000068,0.000068,0.000068,0.000068,0.188332,0.129538,0.04406,0.166081,0.277351,0.121514,0.072783
ACACATGATCAAATCT-1,0.129373,0.000039,0.14517,0.000039,0.014195,0.424348,0.001192,0.167919,0.11364,0.001117,0.002912,0.000055
ACACATTGACGCAACA-1,0.00003,0.00003,0.00003,0.00003,0.00003,0.034074,0.000916,0.190385,0.326065,0.076858,0.202618,0.168936
ACACATTTCCGTAGAC-1,0.115943,0.000062,0.063462,0.076444,0.139405,0.031812,0.000062,0.238311,0.009389,0.272848,0.050546,0.001716
ACACCACATAATTAGC-1,0.147424,0.000038,0.321714,0.000038,0.070978,0.06802,0.096224,0.118293,0.061647,0.11555,0.000038,0.000038
ACACCCAGCATGCAGC-1,0.000068,0.000068,0.000068,0.000068,0.006398,0.220696,0.000068,0.429917,0.070177,0.114992,0.126364,0.031115
ACACCCGAGAAATCCG-1,0.048774,0.014804,0.000262,0.000262,0.11739,0.000262,0.000262,0.000262,0.000262,0.000262,0.289817,0.527381
ACACCGAGCGCTCTTT-1,0.000024,0.000024,0.000024,0.000024,0.16614,0.062077,0.759686,0.000024,0.000024,0.011317,0.000615,0.000024
ACACCGGTCTGACCGC-1,0.13061,0.000031,0.123429,0.000031,0.092852,0.399461,0.000031,0.162587,0.089186,0.001717,0.000031,0.000031
ACACCTTAAGTAGGGC-1,0.000129,0.000129,0.000129,0.000129,0.000129,0.164998,0.154475,0.01715,0.392073,0.000129,0.191087,0.079443
ACACCTTACTACTTGC-1,0.000059,0.000059,0.406031,0.034887,0.015693,0.000059,0.000059,0.076672,0.437789,0.028575,0.000059,0.000059
ACACGAGACTCCTTCT-1,0.118312,0.000052,0.031488,0.000052,0.000052,0.016224,0.058418,0.387558,0.282475,0.105268,0.000052,0.000052
ACACGGCACTATGCAT-1,0.000059,0.000059,0.000059,0.000059,0.000059,0.000059,0.142128,0.11687,0.411332,0.000059,0.308065,0.021192
ACACGGGAACTTAGGG-1,0.000066,0.000066,0.000066,0.000066,0.000066,0.007202,0.000066,0.1561,0.571581,0.051805,0.11453,0.098388
ACACGTAGGCCACAAG-1,0.163329,0.164474,0.167694,0.023399,0.458178,0.02284,0.000013,0.000013,0.000013,0.000013,0.000013,0.000021
ACACTCCAATGTCACT-1,0.000059,0.000059,0.000059,0.000059,0.000059,0.175255,0.009822,0.02636,0.273089,0.038126,0.264058,0.212993
ACACTGATCAAGGTGT-1,0.075949,0.000062,0.015376,0.000062,0.045379,0.370504,0.047588,0.075518,0.058437,0.201851,0.076212,0.033062
ACACTGGGACAGTCGT-1,0.030844,0.036191,0.160908,0.509804,0.069097,0.069336,0.00003,0.014526,0.073347,0.030762,0.002941,0.002214
ACAGAACTGAGAACAA-1,0.027657,0.017188,0.017526,0.009377,0.074197,0.053955,0.056011,0.009757,0.017439,0.040027,0.672615,0.004251
