Barcode,Topic 1,Topic 2,Topic 3,Topic 4,Topic 5,Topic 6to7,Topic 8to9,Topic 10to12
AAACAACGAATAGTTC-1,0.000029,0.136346,0.117792,0.000966,0.000029,0.086361,0.153381,0.505097
AAACAAGTATCTCCCA-1,0.188694,0.092983,0.148281,0.127455,0.000018,0.043173,0.232412,0.166985
AAACAATCTACTAGCA-1,0.002862,0.000051,0.736359,0.052285,0.021944,0.000102,0.03312,0.153278
AAACACCAATAACTGC-1,0.042511,0.142359,0.34489,0.141552,0.09586,0.135955,0.002874,0.093999
AAACAGAGCGACTCCT-1,0.000084,0.775738,0.100617,0.027296,0.000042,0.000085,0.070992,0.025145
AAACAGCTTTCAGAAG-1,0.038396,0.003798,0.379312,0.352807,0.000044,0.000088,0.111547,0.114007
AAACAGGGTCTATATT-1,0.037633,0.000042,0.187942,0.749655,0.023021,0.000085,0.000085,0.001537
AAACAGTGTTCCTGGG-1,0.039473,0.171945,0.05619,0.040682,0.000016,0.267932,0.010995,0.412767
AAACATGGTGAGAGGA-1,0.000019,0.011687,0.000019,0.392578,0.113156,0.282715,0.010077,0.189749
AAACATTTCCCGGATT-1,0.515896,0.028078,0.397938,0.010969,0.037567,0.00008,0.009352,0.00012
AAACCACTACACAGAT-1,0.101965,0.029274,0.011368,0.029749,0.082532,0.202612,0.193449,0.349051
AAACCCGAACGAAATC-1,0.682788,0.153068,0.136758,0.020408,0.000026,0.003488,0.003384,0.000079
AAACCGGAAATGTTAA-1,0.910375,0.018803,0.011313,0.000024,0.008264,0.000049,0.051097,0.000073
AAACCGGGTAGGTACC-1,0.04029,0.030652,0.884401,0.021404,0.000101,0.000203,0.000203,0.022746
AAACCGTTCGTCCAGG-1,0.000016,0.000016,0.000016,0.000016,0.022795,0.158752,0.013782,0.804607
AAACCTAAGCAGCCGG-1,0.03916,0.002003,0.048122,0.337251,0.009367,0.012863,0.407258,0.143975
AAACCTCATGAAGTTG-1,0.023684,0.014023,0.58212,0.0243,0.124204,0.022252,0.144067,0.06535
AAACGAAGAACATACC-1,0.000035,0.009803,0.266983,0.176762,0.000035,0.00007,0.231291,0.31502
AAACGAAGATGGAGTA-1,0.000018,0.027491,0.050864,0.017221,0.000018,0.166516,0.110506,0.627366
AAACGACAGTCTTGCC-1,0.044839,0.142731,0.001723,0.000014,0.001004,0.157549,0.270059,0.382081
AAACGAGACGGTTGAT-1,0.000018,0.006877,0.003465,0.221205,0.026124,0.08625,0.132367,0.523693
AAACGCCCGAGATCGG-1,0.000008,0.002572,0.000008,0.000008,0.008667,0.657995,0.000797,0.329944
AAACGCTGGGCACGAC-1,0.970601,0.000017,0.000017,0.000017,0.02923,0.000034,0.000034,0.000051
AAACGGGCGTACGGGT-1,0.14863,0.033488,0.486051,0.072177,0.000026,0.002584,0.220908,0.036135
AAACGGGTTGGTATCC-1,0.000022,0.013399,0.015431,0.144713,0.020909,0.127514,0.175087,0.502924
AAACGGTTGCGAACTG-1,0.013254,0.000909,0.038716,0.000011,0.021637,0.033308,0.279628,0.612537
AAACGTGTTCGCCCTA-1,0.061145,0.139476,0.026401,0.015059,0.000015,0.403555,0.188425,0.165924
AAACTAACGTGGCGAC-1,0.002228,0.214106,0.011225,0.000011,0.015819,0.63206,0.028655,0.095896
AAACTCGGTTCGCAAT-1,0.000006,0.000006,0.003451,0.000006,0.008662,0.011265,0.352532,0.62407
AAACTCGTGATATAAG-1,0.000005,0.000005,0.000005,0.000005,0.000005,0.616335,0.040766,0.342873
AAACTGCTGGCTCCAA-1,0.008377,0.126236,0.035551,0.037068,0.44469,0.022927,0.23283,0.09232
AAACTTAATTGCACGC-1,0.050923,0.225879,0.000076,0.41186,0.035048,0.275834,0.000152,0.000228
AAACTTGCAAACGTAT-1,0.136633,0.095594,0.474986,0.023286,0.000158,0.042911,0.000316,0.226114
AAAGAATGACCTTAGA-1,0.000013,0.10487,0.011867,0.092966,0.000036,0.23941,0.024985,0.525854
AAAGAATGTGGACTAA-1,0.987691,0.000024,0.000024,0.000024,0.01207,0.000048,0.000048,0.000072
AAAGACATGAAGTTTA-1,0.000072,0.402177,0.093648,0.000072,0.05894,0.097412,0.000145,0.347534
AAAGACTGGGCGCTTT-1,0.049713,0.046839,0.179015,0.237309,0.091581,0.137505,0.070831,0.187206
AAAGCTTGCCTACATA-1,0.067054,0.117723,0.015994,0.017181,0.000013,0.518152,0.180907,0.082976
AAAGGCCCTATAATAC-1,0.025279,0.074045,0.132838,0.283709,0.024729,0.124063,0.159412,0.175925
AAAGGCTACGGACCAT-1,0.02231,0.044517,0.058342,0.089906,0.053032,0.042666,0.42209,0.267137
AAAGGCTCTCGCGCCG-1,0.041124,0.033137,0.003559,0.000021,0.001113,0.058405,0.186943,0.675697
AAAGGGATGTAGCAAG-1,0.000079,0.396122,0.31559,0.000079,0.000079,0.000157,0.000157,0.287739
AAAGGGCAGCTTGAAT-1,0.025919,0.000026,0.077761,0.090343,0.10082,0.001688,0.357291,0.346151
AAAGGTAAGCTGTACC-1,0.039571,0.570081,0.073133,0.000031,0.001387,0.005391,0.140078,0.170328
AAAGGTCAACGACATG-1,0.039609,0.081246,0.098059,0.018185,0.028058,0.315168,0.056769,0.362907
AAAGTAGCATTGCTCA-1,0.000064,0.000064,0.000064,0.901902,0.083017,0.01457,0.000128,0.000191
AAAGTCACTGATGTAA-1,0.042157,0.000066,0.86278,0.094467,0.000066,0.000133,0.000133,0.000199
AAAGTCGACCCTCAGT-1,0.008759,0.00005,0.468511,0.186084,0.174582,0.000099,0.045431,0.116484
AAAGTGCCATCAATTA-1,0.983963,0.000017,0.000017,0.000017,0.000017,0.015888,0.000033,0.00005
AAAGTGTGATTTATCT-1,0.094012,0.383581,0.317756,0.011327,0.00003,0.000369,0.192837,0.000089
AAAGTTGACTCCCGTA-1,0.052776,0.088092,0.050846,0.142294,0.004021,0.168701,0.481918,0.011353
AAATAACCATACGGGA-1,0.000052,0.369358,0.468746,0.031411,0.000052,0.000105,0.092712,0.037564
AAATAAGGTAGTGCCC-1,0.235843,0.476066,0.063285,0.000022,0.000022,0.009153,0.215541,0.000067
AAATACCTATAAGCAT-1,0.025243,0.003012,0.000008,0.000008,0.009708,0.074326,0.095422,0.792272
AAATAGCTTAGACTTT-1,0.052792,0.06696,0.012031,0.076403,0.000011,0.349347,0.3087,0.133756
AAATAGGGTGCTATTG-1,0.021451,0.375084,0.193785,0.000062,0.000024,0.000455,0.40737,0.001768
AAATCACTCCTAAACG-1,0.003784,0.234906,0.005324,0.00001,0.022159,0.547911,0.083255,0.102649
AAATCCGATACACGCC-1,0.145639,0.100979,0.427344,0.00917,0.000025,0.081721,0.222002,0.01312
AAATCGCGGAAGGAGT-1,0.000053,0.000384,0.52566,0.248664,0.191143,0.000106,0.000106,0.033883
AAATCGTGTACCACAA-1,0.00004,0.055588,0.324198,0.015137,0.03314,0.000118,0.31863,0.25315
AAATCTAGCCCTGCTA-1,0.194366,0.053158,0.067722,0.075546,0.001787,0.098964,0.429722,0.078735
AAATCTGCCCGCGTCC-1,0.065942,0.467721,0.042273,0.072499,0.05611,0.105076,0.003473,0.186906
AAATGACTGATCAAAC-1,0.062006,0.158554,0.162275,0.061775,0.01247,0.128153,0.179189,0.235578
AAATGATTCGATCAGC-1,0.020878,0.365066,0.099851,0.000026,0.000026,0.271353,0.181236,0.061564
AAATGCTCGTTACGTT-1,0.023506,0.000049,0.196088,0.136654,0.64336,0.000098,0.000098,0.000147
AAATGGCATGTCTTGT-1,0.00007,0.309828,0.515614,0.00007,0.00007,0.00014,0.01854,0.155668
AAATGGCCCGTGCCCT-1,0.03818,0.076958,0.289834,0.193166,0.079111,0.141507,0.000127,0.181119
AAATGGTCAATGTGCC-1,0.000052,0.271345,0.125195,0.042475,0.175532,0.000105,0.013461,0.371834
AAATGTATCTTATCCC-1,0.023409,0.072313,0.479969,0.4234,0.000114,0.000227,0.000227,0.000341
AAATGTGGGTGCTCCT-1,0.051574,0.094953,0.066239,0.143389,0.317325,0.067094,0.161472,0.097955
AAATTAACGGGTAGCT-1,0.000018,0.018713,0.000018,0.000018,0.000018,0.200176,0.002666,0.778372
AAATTAATAAGCGCGA-1,0.087854,0.03,0.325828,0.010344,0.407009,0.095808,0.00016,0.042998
AAATTACACGACTCTG-1,0.030862,0.122012,0.055329,0.026806,0.009184,0.400802,0.047173,0.307831
AAATTACCTATCGATG-1,0.03157,0.131545,0.005506,0.000025,0.283054,0.173834,0.255314,0.119152
AAATTCCAGGTCCAAA-1,0.528666,0.023433,0.068129,0.155326,0.000017,0.035861,0.135967,0.052601
AAATTGATAGTCCTTT-1,0.000033,0.114518,0.000033,0.000033,0.000033,0.403387,0.000066,0.481897
AAATTGCGGCGGTTCT-1,0.000024,0.003225,0.000024,0.000024,0.000024,0.115091,0.008252,0.873335
AAATTGGTGAGAAGCA-1,0.001239,0.013466,0.009379,0.000008,0.000158,0.746282,0.101866,0.127601
AAATTTACCGAAATCC-1,0.000007,0.000651,0.000154,0.000007,0.000007,0.095577,0.019104,0.884491
AAATTTGCGGGTGTGG-1,0.000081,0.300869,0.308666,0.303003,0.000081,0.000162,0.000162,0.086976
AACAACTGGTAGTTGC-1,0.017425,0.00002,0.105861,0.112104,0.029284,0.00004,0.305144,0.430123
AACAATACATTGTCGA-1,0.000032,0.146986,0.130525,0.002406,0.000079,0.065417,0.06816,0.586395
AACAATTACTCTACGC-1,0.012427,0.010167,0.121542,0.066551,0.282252,0.011601,0.297481,0.19798
AACACACGCTCGCCGC-1,0.029627,0.109997,0.190392,0.002025,0.000016,0.162164,0.40163,0.104149
AACACGACTGTACTGA-1,0.000036,0.063096,0.190322,0.000036,0.009447,0.003931,0.108915,0.624215
AACACGAGACGCGGCC-1,0.052001,0.000029,0.12433,0.13207,0.024866,0.003101,0.307876,0.355727
AACACGCGGCCGCGAA-1,0.000065,0.000088,0.596595,0.350082,0.052712,0.000131,0.000131,0.000196
AACAGCTGTGTGGCAA-1,0.000053,0.24652,0.039977,0.000037,0.044503,0.051047,0.000872,0.616991
AACAGGAAATCGAATA-1,0.000044,0.234291,0.27895,0.011741,0.000044,0.003486,0.055378,0.416066
AACAGGATGGGCCGCG-1,0.000105,0.120616,0.148576,0.000105,0.496125,0.038868,0.000211,0.195392
AACAGGTAGTATGGAT-1,0.704613,0.10771,0.135247,0.000036,0.000036,0.052179,0.000071,0.000107
AACATAGCGTGTATCG-1,0.529925,0.090577,0.15695,0.000045,0.000045,0.019556,0.140182,0.062721
AACATATCAACTGGTG-1,0.011801,0.081871,0.036347,0.004603,0.024877,0.744647,0.082433,0.013422
AACATCGATACGTCTA-1,0.030643,0.093918,0.005567,0.16832,0.000012,0.606344,0.09126,0.003935
AACATTGAAGTTGATC-1,0.001384,0.157289,0.126283,0.050136,0.050772,0.083742,0.079951,0.450444
AACATTGGTCAGCCGT-1,0.00003,0.007651,0.044248,0.055414,0.044357,0.076064,0.186719,0.585515
AACATTGTGACTCGAG-1,0.029366,0.150732,0.225117,0.125415,0.027573,0.020991,0.335391,0.085414
AACCAAGACTTCTCTG-1,0.000105,0.051149,0.116872,0.000105,0.628471,0.202771,0.00021,0.000316
AACCAGTATCACTCTT-1,0.000024,0.21403,0.035692,0.000024,0.000024,0.180451,0.005674,0.564082
AACCATAGGGTTGAAC-1,0.052091,0.126584,0.193756,0.145026,0.382026,0.100069,0.000179,0.000269
AACCATGGGATCGCTA-1,0.077055,0.000056,0.28845,0.062662,0.111084,0.032921,0.240304,0.187468
AACCCAGAGACGGAGA-1,0.026117,0.068527,0.256296,0.100167,0.34107,0.182336,0.000237,0.025249
AACCCATCCCATGATC-1,0.029061,0.140883,0.54981,0.071533,0.164659,0.035676,0.000263,0.008114
AACCCGACAACCCGTG-1,0.040128,0.383314,0.203717,0.047585,0.031407,0.00923,0.124542,0.160077
AACCCGAGCAGAATCG-1,0.768935,0.00949,0.22124,0.000037,0.000037,0.000074,0.000074,0.000112
AACCCGATAGGGCTTC-1,0.000956,0.392404,0.021241,0.050976,0.020015,0.222639,0.193839,0.09793
AACCCGCTGTATTCCA-1,0.0304,0.074194,0.051879,0.153796,0.150646,0.293408,0.087251,0.158425
AACCCTACTGTCAATA-1,0.021103,0.139459,0.101092,0.082218,0.000017,0.090965,0.456146,0.108999
AACCCTGGTGGAACCA-1,0.000017,0.027417,0.039049,0.000017,0.000017,0.097676,0.164023,0.671782
AACCGAGCTTGGTCAT-1,0.000009,0.003426,0.000009,0.000009,0.000009,0.085785,0.013035,0.897719
AACCGCTAAGGGATGC-1,0.031316,0.303522,0.188187,0.00002,0.00002,0.039955,0.304019,0.132962
AACCGTTGTGTTTGCT-1,0.012952,0.188118,0.245293,0.002002,0.079903,0.122032,0.000164,0.349536
AACCTAAAGCCGTCCG-1,0.000018,0.002494,0.012158,0.000018,0.000018,0.076404,0.129294,0.779595
AACCTCGCTTTAGCCC-1,0.112196,0.046776,0.169632,0.040019,0.195366,0.051226,0.26551,0.119274
AACCTGTCACGGAATT-1,0.076302,0.00001,0.00001,0.00001,0.001674,0.500527,0.361196,0.06027
AACCTTTAAATACGGT-1,0.000014,0.016057,0.000551,0.000014,0.000014,0.03284,0.35742,0.593089
AACCTTTACGACGTCT-1,0.015424,0.407817,0.097783,0.058676,0.023086,0.162255,0.098638,0.13632
AACGAAAGTCGTCCCA-1,0.000044,0.000044,0.000044,0.999521,0.000044,0.000087,0.000087,0.000131
AACGACCTCCTAGCCG-1,0.961255,0.000023,0.000023,0.038514,0.000023,0.000046,0.000046,0.00007
AACGATAATGCCGTAG-1,0.000019,0.034217,0.191903,0.052669,0.000019,0.045502,0.212209,0.463463
AACGATAGAAGGGCCG-1,0.000062,0.000062,0.434222,0.565163,0.000062,0.000123,0.000123,0.000185
AACGATATGTCAACTG-1,0.044262,0.075998,0.018949,0.000022,0.000022,0.068687,0.099884,0.692177
AACGCATGATCTGGGT-1,0.126884,0.413681,0.077254,0.085231,0.013487,0.145296,0.08467,0.053497
AACGCGAACGGCAACA-1,0.000017,0.001759,0.055246,0.023062,0.000017,0.138546,0.063318,0.718034
AACGCGACCTTGGGCG-1,0.000018,0.026344,0.152502,0.041579,0.000018,0.054177,0.254204,0.471158
AACGCGGTCTCCAGCC-1,0.000046,0.272057,0.139201,0.00594,0.000046,0.114953,0.000093,0.467663
AACGCTGTTGCTGAAA-1,0.131148,0.021335,0.520423,0.000032,0.000032,0.016368,0.308226,0.002435
AACGGACGTACGTATA-1,0.000012,0.115408,0.028235,0.000012,0.000012,0.106683,0.636551,0.113088
AACGGCCATCTCCGGT-1,0.000043,0.200437,0.052629,0.220964,0.000043,0.051074,0.052319,0.42249
AACGTACTGTGGGTAC-1,0.000017,0.000017,0.000017,0.000017,0.00317,0.239413,0.000034,0.757316
AACGTAGTCTACCCAT-1,0.000084,0.000084,0.365335,0.551918,0.000084,0.000167,0.082078,0.000251
AACGTCAGACTAGTGG-1,0.023615,0.002461,0.715422,0.101534,0.019171,0.075195,0.00019,0.062412
AACGTCATCCGGCTTG-1,0.00008,0.00008,0.057317,0.00008,0.00008,0.000159,0.565477,0.376728
AACGTCGCTGCACTTC-1,0.923367,0.000046,0.076171,0.000046,0.000046,0.000092,0.000092,0.000139
AACGTGATGAAGGACA-1,0.00006,0.481041,0.445996,0.00006,0.00006,0.00012,0.015745,0.056917
AACGTGCGAAAGTCTC-1,0.003293,0.042195,0.010373,0.000016,0.14996,0.173007,0.129785,0.49137
AACGTTATCAGCACCT-1,0.103703,0.000095,0.645443,0.249996,0.000095,0.000191,0.000191,0.000286
AACGTTCTACCATTGT-1,0.94588,0.000064,0.045402,0.004715,0.000064,0.000129,0.003553,0.000193
AACTACCCGTTTGTCA-1,0.675354,0.021547,0.001163,0.073298,0.001416,0.056166,0.072824,0.098232
AACTAGCGTATCGCAC-1,0.06747,0.000057,0.090876,0.160314,0.083322,0.071949,0.192375,0.333638
AACTAGGCTTGGGTGT-1,0.000036,0.262397,0.034368,0.07816,0.009317,0.014061,0.344776,0.256885
AACTCAAGTTAATTGC-1,0.000024,0.061325,0.018928,0.000024,0.05905,0.165146,0.042785,0.652718
AACTCCAGAGCGTGTT-1,0.229306,0.014061,0.264313,0.000085,0.000029,0.011484,0.380215,0.100507
AACTCCTAATCCCATG-1,0.000011,0.005618,0.010376,0.000011,0.007699,0.3656,0.003039,0.607645
AACTCGATAAACACGT-1,0.000038,0.089478,0.231614,0.29857,0.035253,0.00248,0.051255,0.291312
AACTCGATGGCGCAGT-1,0.000093,0.000093,0.766736,0.232333,0.000093,0.000186,0.000186,0.000279
AACTCTCAATAGAGCG-1,0.079882,0.190219,0.110108,0.035231,0.036148,0.332833,0.098289,0.11729
AACTCTCAGTGTGCTC-1,0.000052,0.253719,0.168802,0.000921,0.000052,0.002644,0.155318,0.41849
AACTGAGGTCAGCGTC-1,0.000025,0.350561,0.022284,0.030225,0.000025,0.185435,0.092857,0.318588
AACTGAGTTATACTGA-1,0.87672,0.000025,0.000025,0.077177,0.044789,0.001136,0.000051,0.000076
AACTGATATTAGGCCT-1,0.000031,0.027704,0.000031,0.000031,0.000031,0.247624,0.000061,0.724489
AACTGGGTCCCGACGT-1,0.000055,0.562516,0.184363,0.000055,0.000055,0.00011,0.00011,0.252738
AACTGGGTTCGAGCCG-1,0.000011,0.014599,0.000011,0.000011,0.007199,0.394175,0.027411,0.556584
AACTGGTGTGGGCCTT-1,0.045979,0.000031,0.147702,0.152099,0.015953,0.013564,0.378393,0.246279
AACTTCTGCGTCTATC-1,0.000112,0.000112,0.818625,0.180255,0.000112,0.000224,0.000224,0.000336
AACTTGCCCGTATGCA-1,0.015092,0.000037,0.113519,0.024719,0.343036,0.003088,0.156116,0.344393
AACTTGCGTTCTCGCG-1,0.051508,0.173808,0.392219,0.257197,0.000153,0.12435,0.000306,0.000459
AACTTTACGGGAGCTT-1,0.030717,0.00007,0.180671,0.202373,0.21616,0.000139,0.308145,0.061724
AACTTTAGCTGCTGAG-1,0.001557,0.000056,0.196966,0.101212,0.114244,0.029067,0.36097,0.19593
AACTTTCTCGATCATG-1,0.043922,0.245945,0.021128,0.000019,0.009264,0.459873,0.199414,0.020435
AAGAAAGTTTGATGGG-1,0.063672,0.324812,0.152281,0.395533,0.00004,0.06346,0.000081,0.000121
AAGAAATCACCAGATT-1,0.043118,0.181746,0.027187,0.000012,0.01629,0.716846,0.012757,0.002043
AAGAAGGATCAGTTAG-1,0.000068,0.000068,0.394079,0.605244,0.000068,0.000135,0.000135,0.000203
AAGACATACGTGGTTT-1,0.896459,0.048767,0.000486,0.036398,0.000022,0.017759,0.000044,0.000065
AAGACCAAATAACTCA-1,0.024512,0.006296,0.018918,0.491318,0.259581,0.038257,0.008713,0.152404
AAGACCCAACTGAACA-1,0.000011,0.002667,0.006328,0.056685,0.000011,0.04913,0.137682,0.747486
AAGACTAACCCGTTGT-1,0.000058,0.127351,0.412886,0.028887,0.009111,0.000117,0.143803,0.277787
AAGACTCACGCCCACT-1,0.000055,0.618696,0.2016,0.000055,0.000055,0.000109,0.092552,0.086879
AAGACTGCAAGCTACT-1,0.106279,0.050119,0.166772,0.033542,0.000041,0.013777,0.336696,0.292775
AAGAGATGAATCGGTA-1,0.019846,0.000029,0.176207,0.00122,0.289383,0.000058,0.244724,0.268535
AAGAGCTCTTTATCGG-1,0.000018,0.012372,0.001944,0.079637,0.040529,0.063383,0.440239,0.361879
AAGAGGATGTACGCGA-1,0.011779,0.000019,0.112258,0.083595,0.051301,0.000037,0.35613,0.384881
AAGAGGCATGGATCGC-1,0.096537,0.01344,0.008225,0.007009,0.051362,0.112788,0.258699,0.451939
AAGAGGCCCTTTGGAA-1,0.341379,0.010206,0.048598,0.000018,0.026432,0.166196,0.344577,0.062595
AAGATGGCACCGGACC-1,0.00713,0.192138,0.102341,0.010918,0.000034,0.088499,0.064368,0.534572
AAGATTGGCGGAACGT-1,0.000008,0.000008,0.000008,0.000008,0.030099,0.257868,0.076097,0.635903
AAGCACCCTGCGTATC-1,0.00002,0.120779,0.026444,0.00002,0.00002,0.219533,0.365063,0.268121
AAGCATACTCTCCTGA-1,0.052442,0.020351,0.004758,0.00206,0.028,0.066165,0.356277,0.469947
AAGCCACTTGCAGGTA-1,0.000031,0.489107,0.076988,0.125839,0.000031,0.147833,0.000127,0.160043
AAGCCGAAGCGGTTTA-1,0.275024,0.024464,0.033408,0.005215,0.002332,0.178273,0.446976,0.034307
AAGCCGCCGTGAAATC-1,0.000022,0.097377,0.058876,0.192145,0.000022,0.085255,0.040952,0.525352
AAGCCGCTTTACCTTG-1,0.053593,0.388199,0.090639,0.090627,0.000025,0.156962,0.166209,0.053747
AAGCCGGAGAGCAGGA-1,0.824226,0.000019,0.000019,0.160401,0.005657,0.00958,0.000039,0.000058
AAGCGCAGGGCTTTGA-1,0.03262,0.085937,0.37393,0.00254,0.001528,0.059667,0.306432,0.137347
AAGCGGAGTGCGCGCA-1,0.013252,0.621308,0.193026,0.080798,0.000023,0.000047,0.091477,0.00007
AAGCGGCGTCATGGGT-1,0.000064,0.526383,0.452833,0.020207,0.000064,0.000128,0.000128,0.000192
AAGCGTCCCTCATCGA-1,0.000023,0.000023,0.000023,0.000023,0.000023,0.420891,0.000045,0.57895
AAGCTAGATCGAGTAA-1,0.000016,0.032999,0.072167,0.00041,0.011273,0.008475,0.422994,0.451666
AAGCTATGGATTGACC-1,0.045097,0.095964,0.140435,0.602196,0.080604,0.035306,0.000159,0.000238
AAGCTCGTGCCAAGTC-1,0.048788,0.202704,0.06643,0.003585,0.06494,0.131396,0.182735,0.299421
AAGCTCTTTCATGGTG-1,0.000012,0.000012,0.000012,0.000012,0.002026,0.272959,0.271122,0.453845
AAGGAGAACTTATAAG-1,0.036304,0.000081,0.647168,0.100711,0.027753,0.000161,0.028756,0.159066
AAGGAGCGGTTGGTGC-1,0.000091,0.207316,0.444868,0.161584,0.000091,0.000182,0.000182,0.185688
AAGGATCGATCGCTTG-1,0.208875,0.391106,0.380519,0.009211,0.000036,0.000073,0.010072,0.000109
AAGGATGAGGGACCTC-1,0.011147,0.395829,0.127285,0.008949,0.214165,0.03034,0.132941,0.079344
AAGGCAGGCTGTCTCC-1,0.506019,0.160854,0.107074,0.091126,0.000031,0.000062,0.131654,0.00318
AAGGCGCGTAAAGCTT-1,0.00766,0.001327,0.471652,0.083803,0.051695,0.138165,0.102568,0.14313
AAGGCTGTGCTCATCG-1,0.000092,0.036988,0.390335,0.438718,0.000092,0.000184,0.003113,0.130479
AAGGGAACGACTGGCT-1,0.002715,0.157191,0.360955,0.478717,0.000053,0.000105,0.000105,0.000158
AAGGGACAGATTCTGT-1,0.029983,0.355547,0.213378,0.018599,0.000043,0.023933,0.302834,0.055684
AAGGGACTATGCATTC-1,0.000034,0.019635,0.048302,0.09647,0.000034,0.343317,0.110311,0.381897
AAGGGTTAGCCATGCG-1,0.720128,0.000061,0.216448,0.037833,0.000061,0.000121,0.025166,0.000182
AAGGGTTTGATTTCAG-1,0.000022,0.088208,0.010527,0.058847,0.000022,0.104527,0.11144,0.626408
AAGGTATCCTAATATA-1,0.015332,0.110755,0.010162,0.000021,0.059598,0.350084,0.048789,0.405258
AAGGTGATAAACCAGC-1,0.073918,0.211797,0.355304,0.01162,0.000025,0.00027,0.346993,0.000074
AAGTAAGCTTCCAAAC-1,0.000078,0.093525,0.6682,0.180313,0.05058,0.000155,0.000155,0.006994
AAGTAGAAGACCGGGT-1,0.000095,0.01598,0.981165,0.002,0.000095,0.00019,0.00019,0.000285
AAGTAGTGACGCGAGG-1,0.008844,0.064507,0.237191,0.139873,0.135542,0.109173,0.12064,0.184231
AAGTCAATTGTCGTCA-1,0.059588,0.27912,0.321114,0.009999,0.000023,0.047165,0.282922,0.000068
AAGTCTAGTAGCTGCC-1,0.080923,0.077479,0.001344,0.048218,0.000013,0.563936,0.203145,0.024942
AAGTCTTCTGTGGCCT-1,0.053691,0.000105,0.591137,0.354224,0.000105,0.000211,0.000211,0.000316
AAGTGACGACCGAATT-1,0.038675,0.000068,0.076201,0.093797,0.097785,0.013511,0.261337,0.418627
AAGTGAGTCGGGTTTA-1,0.00004,0.086671,0.287904,0.166655,0.00004,0.000081,0.390426,0.068183
AAGTGCAAAGGTAGAC-1,0.007454,0.000049,0.228804,0.10795,0.183896,0.011183,0.174723,0.285941
AAGTGCCTTGACTGTA-1,0.023667,0.001336,0.000191,0.035393,0.000012,0.220888,0.664277,0.054236
AAGTGCGTTAGAATCT-1,0.000118,0.053176,0.825675,0.120086,0.000118,0.000236,0.000236,0.000354
AAGTGCTTCTCTATTG-1,0.000036,0.271307,0.000036,0.338373,0.046327,0.242763,0.000071,0.101088
AAGTGTTTGGAGACGG-1,0.000173,0.101188,0.202176,0.00002,0.000963,0.039913,0.508852,0.146716
AAGTTCACTCCAAGCT-1,0.055271,0.086942,0.051804,0.024404,0.577065,0.027138,0.177201,0.000175
AAGTTCAGTCTGCGTA-1,0.024232,0.701599,0.121556,0.004595,0.000043,0.040923,0.048929,0.058122
AAGTTCGGCCAACAGG-1,0.000104,0.027653,0.346496,0.624912,0.000104,0.000209,0.000209,0.000313
AAGTTGTGATGTTATA-1,0.818863,0.000026,0.001843,0.179056,0.000026,0.000053,0.000053,0.000079
AAGTTTACTAATGGCA-1,0.000063,0.000063,0.747683,0.000063,0.251685,0.000126,0.000126,0.00019
AAGTTTATGGGCCCAA-1,0.000404,0.089299,0.126688,0.000412,0.006318,0.22494,0.36238,0.189559
AATAACACTAGAACAA-1,0.000139,0.069842,0.007959,0.247044,0.055004,0.298323,0.01396,0.307729
AATAACGTCGCGCCCA-1,0.660613,0.000103,0.184056,0.000103,0.000103,0.136673,0.01804,0.000309
AATAAGTCCTCGAGAC-1,0.000018,0.000018,0.011707,0.027889,0.000018,0.072029,0.087023,0.801298
AATAATCTTCGTATCG-1,0.932805,0.027918,0.024119,0.000023,0.000023,0.000046,0.014999,0.000068
AATACAATGTTTCAGG-1,0.027418,0.000025,0.205071,0.089122,0.090975,0.000561,0.205894,0.380934
AATACCGGAGGGCTGT-1,0.049835,0.274208,0.013111,0.513541,0.000857,0.069901,0.000111,0.078437
AATACCTGATGTGAAC-1,0.718038,0.19493,0.000133,0.000133,0.000133,0.08597,0.000265,0.000398
AATAGAACAGAGTGGC-1,0.000046,0.227463,0.371946,0.000046,0.000046,0.003532,0.255,0.141922
AATAGAATCTGTTTCA-1,0.097904,0.327763,0.224474,0.033544,0.022923,0.055618,0.223402,0.014371
AATAGCAAGCCTCCTG-1,0.063563,0.220342,0.005519,0.164504,0.003114,0.25076,0.053326,0.238872
AATAGCTACCGCGTGC-1,0.008633,0.607404,0.080411,0.056392,0.000028,0.072367,0.17468,0.000085
AATAGGCACGACCCTT-1,0.000075,0.16417,0.23182,0.023925,0.004997,0.046379,0.128478,0.400156
AATAGTCCGTCCCGAC-1,0.00003,0.076285,0.213379,0.041576,0.00003,0.017156,0.401804,0.249741
AATAGTCGCGAGTCGG-1,0.00008,0.00008,0.586756,0.412441,0.00008,0.000161,0.000161,0.000241
AATATCAAGGTCGGAT-1,0.026514,0.000089,0.338434,0.022343,0.183142,0.033361,0.229919,0.166198
AATATCCTAGCAAACT-1,0.000037,0.064739,0.36633,0.078453,0.001426,0.21653,0.118518,0.153967
AATATCGAATCAATGC-1,0.374296,0.010073,0.077059,0.446001,0.011542,0.034236,0.046712,0.000083
AATATCGAGGGTTCTC-1,0.037984,0.425905,0.140725,0.052374,0.000035,0.038873,0.259654,0.04445
AATATTGGAGTATTGA-1,0.000227,0.000227,0.15621,0.000227,0.817825,0.024149,0.000454,0.000681
AATCAGACTGCAGGAC-1,0.000025,0.034411,0.059503,0.092121,0.01738,0.27998,0.034264,0.482317
AATCAGGTTTCATTTA-1,0.029458,0.188988,0.003124,0.18635,0.007976,0.328112,0.016181,0.239812
AATCATGTAAAGACTC-1,0.223217,0.104854,0.228858,0.000025,0.014606,0.255165,0.160316,0.012957
AATCCAAGGGCCTGAG-1,0.037544,0.000021,0.137166,0.155974,0.069694,0.000206,0.26724,0.332157
AATCCATGCAAGGGTG-1,0.031234,0.000035,0.300949,0.061106,0.553321,0.000071,0.020766,0.032518
AATCCCGCTCAGAGCC-1,0.003793,0.000013,0.000013,0.000013,0.053931,0.246395,0.004918,0.690924
AATCGAGGTCTCAAGG-1,0.225884,0.112904,0.191334,0.023639,0.347138,0.035245,0.063713,0.000145
AATCGCCTCAGCGCCA-1,0.000014,0.041091,0.000014,0.000014,0.000014,0.202445,0.081276,0.675134
AATCGCGCAGAGGACT-1,0.623885,0.064954,0.178407,0.071081,0.004124,0.000054,0.042117,0.015379
AATCGGGACACTACGA-1,0.000045,0.000045,0.374663,0.186459,0.002629,0.000089,0.112397,0.323675
AATCGGTATAGCCCTC-1,0.829622,0.000022,0.000022,0.000022,0.145733,0.02447,0.000044,0.000066
AATCGTGAGCCGAGCA-1,0.113043,0.058094,0.60349,0.000036,0.000036,0.000071,0.225123,0.000107
AATCTAGGTTTACTTG-1,0.011489,0.179492,0.262468,0.19677,0.133189,0.20278,0.00021,0.013601
AATCTATGCCGGAGCC-1,0.048117,0.507892,0.042159,0.051564,0.000033,0.295098,0.036557,0.018582
AATCTCTACTGTGGTT-1,0.000076,0.000076,0.616111,0.383127,0.000076,0.000152,0.000152,0.000229
AATCTGCGTTGGGACG-1,0.000027,0.167723,0.167691,0.033958,0.000027,0.17866,0.373442,0.078473
AATCTGGCTTTCTAGT-1,0.000382,0.120932,0.248343,0.000108,0.613932,0.000216,0.000216,0.01587
AATCTGGGTAGACCCT-1,0.000009,0.002704,0.000009,0.000009,0.000806,0.321606,0.023359,0.651499
AATGACAGCAATGTCT-1,0.062015,0.000106,0.008588,0.371555,0.556994,0.000212,0.000212,0.000318
AATGACGTAGGATGTC-1,0.030223,0.15899,0.109253,0.004142,0.015236,0.131217,0.255699,0.295239
AATGACTGTCAGCCGG-1,0.025173,0.000061,0.203922,0.321955,0.448462,0.000122,0.000122,0.000183
AATGAGTTCGCATATG-1,0.016663,0.000091,0.726216,0.256298,0.000091,0.000183,0.000183,0.000274
AATGATGATACGCTAT-1,0.000012,0.001081,0.000012,0.000012,0.000012,0.40257,0.023009,0.573293
AATGATGCGACTCCTG-1,0.030629,0.775416,0.03728,0.034323,0.000059,0.121997,0.000118,0.000177
AATGCAACCGGGTACC-1,0.001182,0.389711,0.352864,0.000132,0.000132,0.136965,0.000265,0.118748
AATGCACCAAGCAATG-1,0.000021,0.178584,0.030767,0.024473,0.007473,0.359684,0.135511,0.263485
AATGGCCGCCAATGCG-1,0.018613,0.43739,0.208538,0.092019,0.00004,0.00008,0.238513,0.004807
AATGGTCCACCGTTCA-1,0.022988,0.000073,0.390977,0.055597,0.161545,0.000146,0.022777,0.345896
AATGGTTCTCACAAGC-1,0.004349,0.0002,0.023602,0.0002,0.970246,0.000401,0.000401,0.000601
AATGTATGGCACTGTA-1,0.058666,0.068205,0.019909,0.662611,0.140695,0.049608,0.000122,0.000183
AATGTGCCCGAGGTGT-1,0.000064,0.109328,0.059048,0.324253,0.166308,0.155598,0.000129,0.185273
AATGTGCTAATCTGAG-1,0.000023,0.076972,0.000909,0.001136,0.000023,0.309819,0.007695,0.603422
AATGTTAAGACCCTGA-1,0.295932,0.074631,0.193745,0.118426,0.075326,0.1046,0.130389,0.006952
AATGTTGTCGTGAGAC-1,0.553771,0.00002,0.00002,0.000386,0.27698,0.168724,0.00004,0.00006
AATTAAAGGTCGGCGT-1,0.042194,0.129976,0.059761,0.077042,0.000053,0.028099,0.102945,0.559931
AATTAACGGATTTCCA-1,0.023889,0.01842,0.011278,0.00002,0.00002,0.011583,0.532508,0.402282
AATTACGAGACCCATC-1,0.000074,0.246894,0.254426,0.364336,0.000074,0.000149,0.064218,0.069829
AATTACTCGTACGCTC-1,0.000044,0.00064,0.01273,0.343625,0.018044,0.000087,0.361737,0.263093
AATTAGCGCTGCAGCG-1,0.004818,0.05251,0.001552,0.000015,0.011787,0.111592,0.329704,0.488023
AATTATACCCAGCAAG-1,0.6137,0.000039,0.000039,0.250802,0.135145,0.000078,0.000078,0.000118
AATTCATAAGGGATCT-1,0.000016,0.053688,0.000016,0.000016,0.000016,0.284309,0.017926,0.644013
AATTCATTGTCATGCA-1,0.17044,0.000044,0.000044,0.773668,0.055499,0.000087,0.000087,0.000131
AATTCCAACTTGGTGA-1,0.064577,0.000026,0.000026,0.414029,0.068175,0.030791,0.021273,0.401102
AATTCCAAGCATGTAC-1,0.000015,0.000015,0.000015,0.000015,0.007667,0.077388,0.163139,0.751747
AATTCGATTCGAGGAT-1,0.022919,0.000029,0.066206,0.403187,0.000029,0.000059,0.504511,0.003059
AATTCTAGAGTTAGGC-1,0.001146,0.103361,0.050291,0.044863,0.048541,0.000168,0.539337,0.212293
AATTGAACGCTCTGGT-1,0.000014,0.064052,0.065038,0.000014,0.015376,0.289856,0.260462,0.305188
AATTGCAGCAATCGAC-1,0.220564,0.000009,0.000009,0.014295,0.007255,0.129671,0.386997,0.2412
AATTGCGTGGATTACA-1,0.079703,0.3917,0.032908,0.495148,0.000068,0.000135,0.000135,0.000203
AATTGTGGTTGCCAAA-1,0.885821,0.109171,0.004856,0.000017,0.000017,0.000034,0.000034,0.000051
AATTTGGGACATAGTA-1,0.085654,0.094178,0.00002,0.00002,0.017767,0.102463,0.013442,0.686455
AATTTGGTTCCAAAGA-1,0.00003,0.05841,0.088732,0.00003,0.011154,0.050288,0.300726,0.490631
ACAAACCATGCGTCCT-1,0.046067,0.118705,0.308005,0.178429,0.07185,0.269416,0.000147,0.007381
ACAAACCGACAAGGCG-1,0.000046,0.002322,0.49502,0.046276,0.000046,0.000092,0.284465,0.171733
ACAAACTCCATCAGAG-1,0.014233,0.028364,0.0056,0.199658,0.064399,0.366773,0.088606,0.232367
ACAAAGAAGGTAGGCC-1,0.000019,0.011768,0.155253,0.18378,0.002397,0.096044,0.118795,0.431943
ACAAAGCATGACCTAG-1,0.441922,0.127803,0.363286,0.012346,0.000031,0.026444,0.028075,0.000092
ACAAATCGCACCGAAT-1,0.046274,0.025781,0.084868,0.047355,0.017125,0.072579,0.383622,0.322395
ACAAATGGTAGTGTTT-1,0.083789,0.198665,0.089008,0.139134,0.000025,0.043269,0.352749,0.093362
ACAAATTCAGATCTGA-1,0.034644,0.395932,0.445031,0.000045,0.000045,0.062122,0.046993,0.015187
ACAACAGCATGAGCTA-1,0.000015,0.027146,0.013153,0.008973,0.01077,0.241283,0.052314,0.646346
ACAACGGTCCCTGCGA-1,0.04739,0.000027,0.078252,0.097764,0.167675,0.000058,0.269741,0.339093
ACAAGCAGTGCCTAGC-1,0.000082,0.105312,0.119674,0.000755,0.7644,0.000164,0.000164,0.00945
ACAAGCTATATGGAAG-1,0.042131,0.000096,0.760621,0.196388,0.000096,0.000191,0.000191,0.000287
ACAAGGAAATCCGCCC-1,0.080975,0.199355,0.257025,0.078448,0.000028,0.053774,0.25115,0.079245
ACAAGGACAAGAGGTT-1,0.000047,0.015427,0.422944,0.080015,0.000047,0.000095,0.182417,0.299006
ACAAGGATGCTTTAGG-1,0.155877,0.028657,0.263024,0.016541,0.33537,0.04412,0.106783,0.049628
ACAAGGCCTACCAGCC-1,0.068461,0.589108,0.245762,0.0328,0.000049,0.001999,0.05169,0.01013
ACAAGGGCAGGCTCTG-1,0.04001,0.223755,0.05851,0.181684,0.288416,0.043285,0.134662,0.029678
ACAAGTAATTGTAAGG-1,0.028527,0.000032,0.000032,0.442773,0.043462,0.000064,0.078692,0.406417
ACAATAGTCGTACGTT-1,0.0578,0.011739,0.183043,0.281726,0.234488,0.000419,0.000419,0.230367
ACAATCCATTTAAACC-1,0.030177,0.000018,0.082622,0.093355,0.100046,0.004247,0.31075,0.378785
ACAATCGATCTTTATA-1,0.025569,0.002874,0.943782,0.027062,0.000089,0.000178,0.000178,0.000267
ACAATGAATACGGAGA-1,0.000022,0.000022,0.000022,0.336596,0.000022,0.279125,0.000043,0.38415
ACAATGATTCTTCTAC-1,0.000011,0.073274,0.000011,0.000011,0.000011,0.356723,0.201119,0.368841
ACAATTGTGTCTCTTT-1,0.087118,0.191611,0.195647,0.136893,0.133031,0.005122,0.250361,0.000218
ACAATTTAGGAGGCTC-1,0.000119,0.203468,0.331271,0.172967,0.155798,0.000239,0.048391,0.087748
ACAATTTGAGCAGTGG-1,0.000037,0.320831,0.040807,0.065112,0.051591,0.079039,0.189652,0.252931
ACAATTTGGCCATATT-1,0.46076,0.000023,0.000023,0.198896,0.000023,0.161601,0.082894,0.095779
ACACAAAGACGGGTGG-1,0.000151,0.513079,0.30017,0.003066,0.131141,0.051639,0.000302,0.000453
ACACAAATATTCCTAG-1,0.027693,0.318067,0.131126,0.143968,0.000023,0.137061,0.238636,0.003426
ACACACCAGGACCAGT-1,0.05541,0.20226,0.289708,0.039583,0.000025,0.007039,0.390373,0.015602
ACACACTTTCTACACG-1,0.000042,0.05634,0.11682,0.054652,0.000042,0.000083,0.16509,0.606931
ACACATGATCAAATCT-1,0.055295,0.001984,0.141181,0.125158,0.082061,0.027139,0.177514,0.389667
ACACATTGACGCAACA-1,0.01062,0.259764,0.207988,0.139062,0.080975,0.004663,0.196375,0.100553
ACACATTTCCGTAGAC-1,0.078656,0.187796,0.02712,0.069997,0.014025,0.196019,0.376128,0.050258
ACACCACATAATTAGC-1,0.059408,0.000018,0.000018,0.000018,0.218633,0.721818,0.000035,0.000053
ACACCCAGCATGCAGC-1,0.000073,0.312732,0.438888,0.057054,0.000073,0.000146,0.000146,0.190889
ACACCCGAGAAATCCG-1,0.033239,0.000025,0.157314,0.117795,0.082609,0.000051,0.220812,0.388155
ACACCCGTAAATCTGT-1,0.046344,0.097488,0.084765,0.076678,0.023258,0.05468,0.393936,0.222851
ACACCGAGCGCTCTTT-1,0.00004,0.114235,0.060199,0.082353,0.011023,0.124867,0.083522,0.523762
ACACCGGTCTGACCGC-1,0.337864,0.013489,0.410746,0.166282,0.000035,0.00007,0.019714,0.051799
ACACCTTAAGTAGGGC-1,0.000075,0.013898,0.582987,0.048256,0.000075,0.000151,0.117148,0.237409
ACACCTTACTACTTGC-1,0.088642,0.020467,0.012133,0.000819,0.000013,0.564399,0.166788,0.146738
ACACGAGACTCCTTCT-1,0.004969,0.072834,0.214854,0.039684,0.037508,0.137763,0.341489,0.150898
ACACGGCACTATGCAT-1,0.019346,0.000039,0.256481,0.040515,0.000039,0.001163,0.297979,0.384438
ACACGGGAACTTAGGG-1,0.00005,0.420824,0.145312,0.139382,0.00005,0.03179,0.02625,0.236343
ACACGTAGGCCACAAG-1,0.884027,0.000029,0.0829,0.000029,0.032812,0.000058,0.000058,0.000087
ACACTCCAATGTCACT-1,0.083214,0.000069,0.190005,0.726165,0.000069,0.000137,0.000137,0.000206
ACACTGATCAAGGTGT-1,0.006818,0.002732,0.000027,0.176804,0.04054,0.125883,0.155808,0.491388
ACACTGGGACAGTCGT-1,0.782129,0.073918,0.100897,0.000024,0.006156,0.029476,0.007328,0.000072
ACAGAACTGAGAACAA-1,0.000099,0.000099,0.805475,0.193535,0.000099,0.000198,0.000198,0.000297
ACAGATTAGGTTAGTG-1,0.000117,0.000117,0.998704,0.000124,0.000117,0.000234,0.000234,0.000352
ACAGCATAGAGCCAGT-1,0.000081,0.021831,0.654792,0.060984,0.000081,0.000162,0.037548,0.22452
ACAGCGACATTCTCAT-1,0.173857,0.039603,0.047464,0.013778,0.000424,0.079367,0.600544,0.044964
ACAGCGCACCCGCAGC-1,0.000033,0.107918,0.061869,0.060999,0.000033,0.102981,0.086093,0.580075
ACAGGAGGCGCAGCCG-1,0.000042,0.282613,0.329096,0.018582,0.084609,0.006932,0.107326,0.170801
ACAGGCACGGATCCTT-1,0.328471,0.197983,0.215923,0.000032,0.000032,0.000064,0.257399,0.000096
ACAGGCTTGCCCGACT-1,0.078264,0.000096,0.015677,0.487914,0.00002,0.007888,0.384213,0.025928
ACAGGTGGAGGTGAGG-1,0.000071,0.17971,0.346959,0.111224,0.000071,0.000142,0.000142,0.361682
ACAGGTGTGTTGTTGC-1,0.051829,0.004341,0.581242,0.068614,0.037037,0.000137,0.000137,0.256663
ACAGTAATACAACTTG-1,0.077934,0.047059,0.75373,0.051635,0.000055,0.00011,0.062697,0.00678
ACAGTATACCGTGGGA-1,0.000007,0.000007,0.000007,0.000007,0.000007,0.535535,0.32202,0.142412
ACAGTGCAGCGCATTT-1,0.042503,0.043058,0.100533,0.029954,0.018452,0.184637,0.172654,0.408209
ACATAAGTCGTGGTGA-1,0.000032,0.035701,0.162793,0.193614,0.148321,0.000361,0.000064,0.459114
ACATAATAAGGCGGTG-1,0.000103,0.316762,0.56178,0.000103,0.000103,0.000206,0.000206,0.120737
ACATACAATCAAGCGG-1,0.713286,0.000048,0.000048,0.039785,0.003751,0.000096,0.181736,0.06125
ACATCAGCTGGGACGC-1,0.019018,0.000045,0.630918,0.069106,0.165468,0.000091,0.016686,0.098667
ACATCCCGGCCATACG-1,0.000036,0.017641,0.059542,0.130158,0.000036,0.031925,0.059404,0.701256
ACATCCTGGTAACTGT-1,0.154366,0.297452,0.340234,0.032862,0.000029,0.051337,0.123634,0.000086
ACATCGATCGTTTACC-1,0.000025,0.008382,0.056004,0.002753,0.01297,0.032159,0.341388,0.546318
ACATCGCAATATTCGG-1,0.000061,0.000061,0.094901,0.147257,0.000061,0.005668,0.32801,0.423982
ACATCGGTCAGCCGCG-1,0.129858,0.002814,0.66014,0.199792,0.000118,0.000236,0.000236,0.006807
ACATCGTATGCAATGG-1,0.045728,0.170516,0.288548,0.036535,0.015146,0.04511,0.306556,0.09186
ACATCGTTAACCTAGT-1,0.000033,0.114,0.069007,0.000033,0.000033,0.018726,0.107609,0.690557
ACATCTCAACGCGTAA-1,0.000026,0.02294,0.132787,0.037762,0.085951,0.000053,0.405568,0.314913
ACATGCTTACGGCAGC-1,0.014366,0.222972,0.215885,0.309391,0.000034,0.149517,0.005066,0.08277
ACATGGCGCCAAAGTA-1,0.197297,0.26348,0.510326,0.028633,0.000033,0.000066,0.000066,0.000099
ACATGGCTCAATTTAG-1,0.000037,0.138577,0.005937,0.007274,0.123144,0.107015,0.053039,0.564976
ACATTAGTTTATATCC-1,0.000042,0.291762,0.087942,0.000042,0.000042,0.000084,0.563718,0.056368
ACATTCGCGCGGAATA-1,0.000019,0.1131,0.092925,0.122054,0.065144,0.356125,0.027526,0.223108
ACATTTGAAACCTAAC-1,0.813276,0.033284,0.000073,0.000073,0.000073,0.152855,0.000146,0.000219
ACCAAACACCCAGCGA-1,0.000018,0.430079,0.138646,0.000018,0.000018,0.019086,0.379705,0.032431
ACCAAACTAGAAATCC-1,0.000045,0.000045,0.347171,0.34594,0.000045,0.00009,0.137108,0.169556
ACCAACACCACACACT-1,0.000012,0.11746,0.000352,0.11913,0.010212,0.578663,0.140558,0.033613
ACCAACCGCACTCCAC-1,0.606882,0.060827,0.19338,0.005025,0.000029,0.000553,0.133216,0.000087
ACCAACGCTTATTTAT-1,0.00002,0.021787,0.00002,0.00002,0.00002,0.214726,0.057024,0.706381
ACCAAGAACGCGTGTC-1,0.000122,0.051448,0.807103,0.140352,0.000122,0.000244,0.000244,0.000366
ACCAAGTCATCGGCAG-1,0.987622,0.000026,0.000026,0.000026,0.012119,0.000052,0.000052,0.000078
ACCAATATGCAAGTTA-1,0.000373,0.007776,0.050958,0.004398,0.000012,0.056939,0.488734,0.39081
ACCACAACTCAGAACA-1,0.000026,0.220301,0.049513,0.000026,0.000026,0.063354,0.11418,0.552575
ACCACAAGTTTCTATC-1,0.000065,0.241728,0.044,0.000065,0.000065,0.09664,0.00013,0.617307
ACCACACGGTTGATGG-1,0.203299,0.167932,0.201906,0.02934,0.134082,0.068241,0.194822,0.000378
ACCACCAATGTAACAA-1,0.430499,0.03667,0.300724,0.00002,0.188162,0.016536,0.027327,0.000061
ACCACCCTCTCTTCTA-1,0.136671,0.504444,0.120053,0.238501,0.000041,0.000083,0.000083,0.000124
ACCACGTGCAGCTATA-1,0.00002,0.065166,0.033514,0.020197,0.00002,0.162776,0.49873,0.219577
ACCACTGTTCAAGAAG-1,0.000012,0.000012,0.000012,0.000012,0.207986,0.077986,0.043939,0.670043
ACCAGACCATAACAAC-1,0.017971,0.000049,0.481668,0.499921,0.000049,0.000098,0.000098,0.000146
ACCAGCCCGGTCTTTG-1,0.000081,0.137262,0.636149,0.013404,0.000081,0.000161,0.032631,0.180232
ACCAGGAGTGTGATCT-1,0.025122,0.000082,0.397749,0.067254,0.067754,0.000164,0.133809,0.308066
ACCAGTGCCCGGTCAA-1,0.000011,0.042778,0.000011,0.000011,0.000011,0.296863,0.106297,0.554017
ACCAGTGCGGGAGACG-1,0.008717,0.034839,0.147075,0.000017,0.000017,0.171956,0.468395,0.168983
ACCATATCCGCAATAA-1,0.000038,0.086899,0.144778,0.02485,0.000038,0.025666,0.400601,0.317129
ACCATCCGCCAACTAG-1,0.000027,0.000027,0.000027,0.853529,0.003524,0.000053,0.000053,0.142761
ACCATCGTATATGGTA-1,0.000103,0.119405,0.155844,0.269003,0.084744,0.000205,0.012093,0.358605
ACCATTAAGGGTGTCA-1,0.000022,0.012356,0.001563,0.000022,0.000022,0.10037,0.121358,0.764287
ACCCAACGCCCGTGGC-1,0.090682,0.265441,0.110062,0.058346,0.068034,0.01775,0.148929,0.240757
ACCCACCTACATGCTC-1,0.057783,0.000031,0.109674,0.02874,0.239389,0.026004,0.142315,0.396063
ACCCATCTTGAGGGTA-1,0.000133,0.000133,0.822177,0.126778,0.000133,0.000266,0.000266,0.050114
ACCCATTTGTCCCTCT-1,0.612456,0.073907,0.254397,0.000048,0.000048,0.000095,0.058907,0.000143
ACCCGAGCGAAATTAC-1,0.060513,0.042438,0.000139,0.021911,0.000022,0.210377,0.055077,0.609523
ACCCGATTGGTTCCGA-1,0.000059,0.692738,0.038455,0.135841,0.000059,0.000118,0.000118,0.132612
ACCCGGAAACTCCCAG-1,0.021706,0.105147,0.053656,0.000022,0.040852,0.079044,0.312332,0.387241
ACCCGGAGCACCACAA-1,0.955748,0.008898,0.027915,0.007262,0.000022,0.000044,0.000044,0.000066
ACCCGGATGACGCATC-1,0.063963,0.138795,0.177482,0.165001,0.000025,0.192189,0.213365,0.04918
ACCCGGTTACACTTCC-1,0.000062,0.265973,0.041537,0.000062,0.000062,0.016696,0.007973,0.667634
ACCCGTAGCAGAGAAT-1,0.066162,0.174222,0.062287,0.25879,0.073362,0.365027,0.00006,0.00009
ACCCGTAGTCTAGTTG-1,0.971466,0.019464,0.0088,0.00003,0.00003,0.00006,0.00006,0.00009
ACCCGTGTCATCAGTA-1,0.01824,0.093816,0.065082,0.000031,0.020727,0.127245,0.396994,0.277865
ACCCTATAGGACTGAG-1,0.000194,0.18639,0.365044,0.070962,0.000194,0.376248,0.000388,0.000581
ACCCTATGCCATATCG-1,0.000055,0.039338,0.145741,0.020818,0.000055,0.044417,0.124214,0.625362
ACCCTCCCGTCAGGGC-1,0.684251,0.070247,0.085258,0.002713,0.019005,0.000048,0.136651,0.001827
ACCCTCCCTTGCTATT-1,0.033375,0.093375,0.025505,0.034036,0.02821,0.289952,0.314078,0.18147
ACCCTGGTAACGCCCT-1,0.028874,0.000757,0.000008,0.000008,0.000008,0.629374,0.052436,0.288534
ACCCTTCATCTGCGAA-1,0.011273,0.059783,0.221327,0.000066,0.079814,0.309219,0.029213,0.289304
ACCCTTGCCTGGGTCG-1,0.042504,0.486052,0.062186,0.327464,0.008748,0.013958,0.059005,0.000083
ACCCTTTAGTTCTCCA-1,0.000013,0.000013,0.000013,0.000013,0.000013,0.203513,0.010735,0.785687
ACCGAAAGGGCCCTGC-1,0.021992,0.090098,0.529065,0.172567,0.185749,0.000151,0.000151,0.000227
ACCGAAGAGTCTGGTT-1,0.000073,0.000073,0.000073,0.999201,0.000073,0.000145,0.000145,0.000218
ACCGACACATCTCCCA-1,0.033239,0.081167,0.103253,0.000036,0.000026,0.03078,0.499536,0.251963
ACCGACTGAGTCCCAC-1,0.000076,0.309788,0.119252,0.000076,0.000076,0.020342,0.210195,0.340195
ACCGAGTCTCCTTATT-1,0.079297,0.149943,0.136608,0.177672,0.000025,0.037183,0.393054,0.026218
ACCGATAGGCATAACC-1,0.999759,0.000022,0.000022,0.000022,0.000022,0.000044,0.000044,0.000066
ACCGATATTTAATCAT-1,0.909845,0.018246,0.006516,0.003862,0.000029,0.061359,0.000057,0.000086
ACCGATGGTAGCATCG-1,0.003134,0.01276,0.007739,0.12245,0.000017,0.134693,0.406649,0.312557
ACCGCAATAACTGCCT-1,0.012565,0.138102,0.056195,0.110029,0.000269,0.154436,0.438342,0.090061
ACCGCGGTGGAAGTCG-1,0.714303,0.000017,0.024253,0.06136,0.004695,0.00803,0.088326,0.099014
ACCGCTAGTCATTGGT-1,0.011256,0.509564,0.000036,0.106987,0.000036,0.092392,0.000071,0.27966
ACCGGGCCTTTGTTGA-1,0.053925,0.038704,0.107323,0.039128,0.001608,0.27364,0.218859,0.266813
ACCGGTCAGGTACACC-1,0.048555,0.058735,0.229012,0.157522,0.117966,0.028087,0.032197,0.327925
ACCGGTCTGAGTACGG-1,0.000042,0.484275,0.045609,0.000042,0.000042,0.043652,0.082567,0.343773
ACCGTCCACTGGGCCC-1,0.020631,0.106943,0.130039,0.289985,0.019795,0.043407,0.001462,0.387738
ACCGTGACCACGTGGG-1,0.035662,0.068683,0.091682,0.008685,0.794865,0.000121,0.000121,0.000181
ACCGTTCCCGCTCTGA-1,0.000034,0.02263,0.14465,0.000034,0.005484,0.405691,0.006471,0.415007
