Barcode,Topic 1,Topic 2,Topic 3to8
AAACAATCTACTAGCA-1,0.726307,0.003332,0.27036
AAACAGAGCGACTCCT-1,0.000087,0.006801,0.993113
AAACATTTCCCGGATT-1,0.009632,0.007866,0.982502
AAACCGGAAATGTTAA-1,0.380265,0.317423,0.302312
AAACCGTTCGTCCAGG-1,0.305162,0.465516,0.229323
AAACCTAAGCAGCCGG-1,0.02491,0.237901,0.73719
AAACGAAGAACATACC-1,0.808711,0.002281,0.189008
AAACGAGACGGTTGAT-1,0.002019,0.013485,0.984495
AAACGCTGGGCACGAC-1,0.097028,0.168995,0.733977
AAACGGGCGTACGGGT-1,0.051558,0.053378,0.895064
AAACTCGTGATATAAG-1,0.036924,0.080119,0.882957
AAACTGCTGGCTCCAA-1,0.208758,0.24514,0.546102
AAACTTGCAAACGTAT-1,0.46002,0.539767,0.000213
AAAGACCCAAGTCGCG-1,0.002533,0.002235,0.995231
AAAGACTGGGCGCTTT-1,0.012402,0.11971,0.867888
AAAGGCTACGGACCAT-1,0.001162,0.001852,0.996986
AAAGGCTCTCGCGCCG-1,0.20255,0.343172,0.454278
AAAGGGATGTAGCAAG-1,0.011146,0.091447,0.897408
AAAGGGCAGCTTGAAT-1,0.025083,0.537058,0.437858
AAAGTAGCATTGCTCA-1,0.018195,0.132201,0.849604
AAAGTCACTGATGTAA-1,0.108375,0.034063,0.857562
AAAGTGCCATCAATTA-1,0.025722,0.036182,0.938096
AAAGTGTGATTTATCT-1,0.414662,0.197101,0.388237
AAAGTTGACTCCCGTA-1,0.246009,0.229041,0.52495
AAATAACCATACGGGA-1,0.000225,0.054772,0.945003
AAATAAGGTAGTGCCC-1,0.533671,0.358099,0.10823
AAATAGCTTAGACTTT-1,0.015719,0.009444,0.974837
AAATAGGGTGCTATTG-1,0.898616,0.000047,0.101337
AAATCCGATACACGCC-1,0.031304,0.000009,0.968687
AAATCGTGTACCACAA-1,0.343974,0.117193,0.538833
AAATCTAGCCCTGCTA-1,0.250267,0.038004,0.711729
AAATGATTCGATCAGC-1,0.081422,0.301865,0.616713
AAATGCTCGTTACGTT-1,0.026694,0.474806,0.498501
AAATGGCATGTCTTGT-1,0.210399,0.185546,0.604055
AAATGGTCAATGTGCC-1,0.011417,0.116433,0.87215
AAATGTATCTTATCCC-1,0.046872,0.197008,0.75612
AAATTAACGGGTAGCT-1,0.079085,0.242685,0.67823
AAATTACACGACTCTG-1,0.041176,0.034813,0.924011
AAATTACCTATCGATG-1,0.047993,0.170106,0.7819
AAATTCCAGGTCCAAA-1,0.412302,0.022327,0.565371
AAATTGATAGTCCTTT-1,0.009017,0.141425,0.849558
AAATTGCGGCGGTTCT-1,0.160316,0.014544,0.82514
AAATTTACCGAAATCC-1,0.617095,0.009785,0.37312
AACAACTGGTAGTTGC-1,0.203737,0.287788,0.508475
AACAATACATTGTCGA-1,0.242842,0.115481,0.641676
AACAATTACTCTACGC-1,0.000028,0.467683,0.532289
AACACACGCTCGCCGC-1,0.270185,0.000066,0.729749
AACACGACTGTACTGA-1,0.203281,0.21023,0.586489
AACACGAGACGCGGCC-1,0.669238,0.330582,0.00018
AACACGCGGCCGCGAA-1,0.064015,0.010399,0.925586
AACAGCTGTGTGGCAA-1,0.040735,0.034813,0.924453
AACAGGAAATCGAATA-1,0.042452,0.059632,0.897916
AACAGGATGGGCCGCG-1,0.079827,0.72123,0.198942
AACAGGTAGTATGGAT-1,0.382128,0.357314,0.260558
AACATATCAACTGGTG-1,0.00617,0.334209,0.659621
AACATTGGTCAGCCGT-1,0.488511,0.009369,0.50212
AACATTGTGACTCGAG-1,0.023147,0.336686,0.640167
AACCAAGACTTCTCTG-1,0.461336,0.00344,0.535224
AACCAGTATCACTCTT-1,0.568842,0.016902,0.414256
AACCATGGGATCGCTA-1,0.130927,0.124366,0.744708
AACCCAGAGACGGAGA-1,0.107224,0.000013,0.892763
AACCCGAGCAGAATCG-1,0.018274,0.020856,0.96087
AACCCTACTGTCAATA-1,0.011787,0.003086,0.985127
AACCCTGGTGGAACCA-1,0.475674,0.03351,0.490817
AACCGAGCTTGGTCAT-1,0.000008,0.000482,0.99951
AACCGCTAAGGGATGC-1,0.737579,0.086969,0.175452
AACCGTTGTGTTTGCT-1,0.129147,0.194486,0.676367
AACCTCGCTTTAGCCC-1,0.004795,0.007569,0.987636
AACCTTTAAATACGGT-1,0.694346,0.277942,0.027712
AACCTTTACGACGTCT-1,0.00001,0.194673,0.805317
AACGACCTCCTAGCCG-1,0.099744,0.029481,0.870775
AACGATAATGCCGTAG-1,0.467463,0.010619,0.521918
AACGATAGAAGGGCCG-1,0.068674,0.385302,0.546024
AACGATATGTCAACTG-1,0.041182,0.129608,0.82921
AACGCATGATCTGGGT-1,0.000006,0.006835,0.993159
AACGCGAACGGCAACA-1,0.036692,0.155015,0.808293
AACGCGGTCTCCAGCC-1,0.008808,0.131738,0.859455
AACGCTGTTGCTGAAA-1,0.518205,0.013116,0.46868
AACGGCCATCTCCGGT-1,0.337827,0.598369,0.063804
AACGTACTGTGGGTAC-1,0.803648,0.19602,0.000332
AACGTCAGACTAGTGG-1,0.038869,0.380732,0.580399
AACGTGATGAAGGACA-1,0.027944,0.023135,0.948921
AACGTGCGAAAGTCTC-1,0.026443,0.130207,0.843349
AACGTTATCAGCACCT-1,0.003159,0.658628,0.338213
AACGTTCTACCATTGT-1,0.180754,0.102078,0.717168
AACTACCCGTTTGTCA-1,0.940692,0.005521,0.053787
AACTAGCGTATCGCAC-1,0.860672,0.000022,0.139305
AACTAGGCTTGGGTGT-1,0.501219,0.065207,0.433574
AACTCAAGTTAATTGC-1,0.059552,0.08914,0.851308
AACTCCAGAGCGTGTT-1,0.004833,0.001913,0.993254
AACTCCTAATCCCATG-1,0.040329,0.356114,0.603557
AACTCGATAAACACGT-1,0.105661,0.237735,0.656604
AACTCGATGGCGCAGT-1,0.022033,0.054636,0.923331
AACTCTCAATAGAGCG-1,0.022227,0.092221,0.885552
AACTCTCAGTGTGCTC-1,0.036126,0.011397,0.952477
AACTGATATTAGGCCT-1,0.080089,0.101996,0.817915
AACTGGGTCCCGACGT-1,0.059581,0.245788,0.694631
AACTGGTGTGGGCCTT-1,0.210212,0.016839,0.772949
AACTTCTGCGTCTATC-1,0.00815,0.779572,0.212278
AACTTGCCCGTATGCA-1,0.000395,0.607758,0.391847
AACTTGCGTTCTCGCG-1,0.113752,0.125381,0.760866
AACTTTACGGGAGCTT-1,0.221992,0.476949,0.301059
AACTTTAGCTGCTGAG-1,0.54145,0.016228,0.442321
AAGAAGGATCAGTTAG-1,0.007548,0.14996,0.842492
AAGACATACGTGGTTT-1,0.036513,0.099751,0.863736
AAGACCCAACTGAACA-1,0.027744,0.036915,0.935341
AAGACTAACCCGTTGT-1,0.215278,0.005203,0.779519
AAGACTGCAAGCTACT-1,0.017077,0.028496,0.954427
AAGAGATGAATCGGTA-1,0.028979,0.109389,0.861632
AAGAGCTCTTTATCGG-1,0.012345,0.026684,0.960971
AAGAGGCATGGATCGC-1,0.018432,0.068201,0.913367
AAGAGGCCCTTTGGAA-1,0.035052,0.207085,0.757863
AAGATGGCACCGGACC-1,0.035647,0.061,0.903353
AAGATTGGCGGAACGT-1,0.01489,0.079011,0.906099
AAGCACCCTGCGTATC-1,0.09523,0.188661,0.71611
AAGCATACTCTCCTGA-1,0.718301,0.112583,0.169116
AAGCCGAAGCGGTTTA-1,0.321602,0.290387,0.388011
AAGCCGGAGAGCAGGA-1,0.000006,0.000916,0.999078
AAGCGGCGTCATGGGT-1,0.000007,0.027771,0.972222
AAGCGTCCCTCATCGA-1,0.018735,0.335113,0.646153
AAGCTAGATCGAGTAA-1,0.999432,0.000081,0.000487
AAGCTCGTGCCAAGTC-1,0.075555,0.318114,0.606331
AAGCTCTTTCATGGTG-1,0.273132,0.055143,0.671726
AAGGAGAACTTATAAG-1,0.639508,0.006711,0.353781
AAGGAGCGGTTGGTGC-1,0.008302,0.211478,0.78022
AAGGATGAGGGACCTC-1,0.139815,0.134071,0.726114
AAGGCGCGTAAAGCTT-1,0.0266,0.252237,0.721163
AAGGCTGTGCTCATCG-1,0.056559,0.18674,0.756701
AAGGGACAGATTCTGT-1,0.000649,0.028759,0.970592
AAGGTATCCTAATATA-1,0.007319,0.042539,0.950142
AAGGTGATAAACCAGC-1,0.415927,0.137162,0.446912
AAGTAGAAGACCGGGT-1,0.025018,0.101026,0.873957
AAGTAGTGACGCGAGG-1,0.015784,0.350935,0.633281
AAGTCAATTGTCGTCA-1,0.412516,0.009378,0.578106
AAGTGAGTCGGGTTTA-1,0.025395,0.148575,0.82603
AAGTGCAAAGGTAGAC-1,0.029429,0.541876,0.428695
AAGTGCCTTGACTGTA-1,0.246243,0.176054,0.577703
AAGTGCGTTAGAATCT-1,0.006104,0.004816,0.98908
AAGTGTTTGGAGACGG-1,0.521229,0.00009,0.478681
AAGTTCACTCCAAGCT-1,0.30284,0.29198,0.40518
AAGTTCAGTCTGCGTA-1,0.020457,0.146853,0.832691
AAGTTGTGATGTTATA-1,0.017635,0.012926,0.969439
AAGTTTACTAATGGCA-1,0.763945,0.00245,0.233605
AATAACAACGCTCGGC-1,0.789947,0.209864,0.000189
AATAACACTAGAACAA-1,0.124266,0.000501,0.875232
AATAAGTCCTCGAGAC-1,0.684996,0.049563,0.265441
AATAATCTTCGTATCG-1,0.463849,0.429325,0.106826
AATACAATGTTTCAGG-1,0.008248,0.758292,0.233459
AATAGAACAGAGTGGC-1,0.420066,0.400647,0.179287
AATAGAATCTGTTTCA-1,0.624274,0.067274,0.308452
AATAGCTACCGCGTGC-1,0.00195,0.026403,0.971647
AATAGTCCGTCCCGAC-1,0.230342,0.507846,0.261812
AATAGTCGCGAGTCGG-1,0.000024,0.418303,0.581674
AATATCAAGGTCGGAT-1,0.028863,0.040216,0.930921
AATATCGAATCAATGC-1,0.834361,0.00006,0.165579
AATATCGAGGGTTCTC-1,0.027619,0.23729,0.73509
AATCAGACTGCAGGAC-1,0.170454,0.021667,0.807879
AATCATGTAAAGACTC-1,0.361869,0.085824,0.552307
AATCCAAGGGCCTGAG-1,0.058269,0.049446,0.892285
AATCCATGCAAGGGTG-1,0.054212,0.161782,0.784006
AATCGCCTCAGCGCCA-1,0.006855,0.117599,0.875547
AATCGGGACACTACGA-1,0.054315,0.003613,0.942072
AATCTAGGTTTACTTG-1,0.002467,0.427091,0.570442
AATCTATGCCGGAGCC-1,0.001655,0.08031,0.918035
AATCTGCGTTGGGACG-1,0.004653,0.155646,0.839701
AATGACAGCAATGTCT-1,0.198236,0.601368,0.200396
AATGACGTAGGATGTC-1,0.029732,0.002274,0.967993
AATGACTGTCAGCCGG-1,0.041671,0.109815,0.848514
AATGAGTTCGCATATG-1,0.04491,0.433538,0.521552
AATGATGATACGCTAT-1,0.01553,0.138321,0.846149
AATGATGCGACTCCTG-1,0.028322,0.217948,0.75373
AATGCAACCGGGTACC-1,0.131415,0.248593,0.619991
AATGCACCAAGCAATG-1,0.099277,0.105157,0.795567
AATGGTCCACCGTTCA-1,0.069226,0.521021,0.409753
AATGGTTCTCACAAGC-1,0.006233,0.174651,0.819116
AATGTGCCCGAGGTGT-1,0.09903,0.284102,0.616868
AATGTTGTCGTGAGAC-1,0.127787,0.076248,0.795965
AATTAAAGGTCGGCGT-1,0.165977,0.140041,0.693982
AATTAACGGATTTCCA-1,0.362461,0.485485,0.152054
AATTACTCGTACGCTC-1,0.00747,0.567933,0.424598
AATTAGCGCTGCAGCG-1,0.333828,0.280177,0.385995
AATTCATAAGGGATCT-1,0.05363,0.126939,0.819431
AATTCCAACTTGGTGA-1,0.517236,0.0173,0.465464
AATTCCAAGCATGTAC-1,0.078359,0.145805,0.775836
AATTCGATTCGAGGAT-1,0.032211,0.325384,0.642406
AATTCTAGAGTTAGGC-1,0.999068,0.000133,0.000798
AATTGAACGCTCTGGT-1,0.091175,0.210989,0.697836
AATTGCAGCAATCGAC-1,0.043336,0.32395,0.632714
AATTGTGGTTGCCAAA-1,0.061765,0.323362,0.614873
AATTTGGGACATAGTA-1,0.003274,0.104086,0.89264
AATTTGGTTCCAAAGA-1,0.09749,0.005151,0.897359
ACAAAGCATGACCTAG-1,0.000013,0.066795,0.933192
ACAAATCGCACCGAAT-1,0.352886,0.007332,0.639782
ACAAATGGTAGTGTTT-1,0.145167,0.205054,0.649779
ACAACAGCATGAGCTA-1,0.004743,0.018383,0.976874
ACAACGGTCCCTGCGA-1,0.016433,0.31619,0.667377
ACAAGCAGTGCCTAGC-1,0.000026,0.365118,0.634856
ACAAGGAAATCCGCCC-1,0.626233,0.040228,0.333539
ACAAGGACAAGAGGTT-1,0.188962,0.357508,0.45353
ACAAGGATGCTTTAGG-1,0.062807,0.036964,0.900228
ACAAGGGCAGGCTCTG-1,0.149074,0.001132,0.849794
ACAATCCATTTAAACC-1,0.406647,0.441956,0.151396
ACAATGAATACGGAGA-1,0.002379,0.154863,0.842759
ACAATTGTGTCTCTTT-1,0.999577,0.00006,0.000363
ACAATTTAGGAGGCTC-1,0.868041,0.131578,0.00038
ACAATTTGAGCAGTGG-1,0.000261,0.003473,0.996266
ACACAAAGACGGGTGG-1,0.002366,0.002697,0.994937
ACACACCAGGACCAGT-1,0.23654,0.099871,0.663589
ACACACTTTCTACACG-1,0.087054,0.021681,0.891265
ACACATTGACGCAACA-1,0.027687,0.225983,0.74633
ACACCACATAATTAGC-1,0.497449,0.032281,0.47027
ACACCCAGCATGCAGC-1,0.003809,0.080954,0.915237
ACACCCGAGAAATCCG-1,0.031046,0.101841,0.867113
ACACCGAGCGCTCTTT-1,0.006887,0.763405,0.229708
ACACCTTAAGTAGGGC-1,0.01767,0.08932,0.89301
ACACGAGACTCCTTCT-1,0.027312,0.147306,0.825382
ACACGGCACTATGCAT-1,0.409146,0.088507,0.502347
ACACGGGAACTTAGGG-1,0.08522,0.182506,0.732274
ACACGTAGGCCACAAG-1,0.009869,0.085905,0.904225
ACACTCCAATGTCACT-1,0.004514,0.775772,0.219714
ACACTGATCAAGGTGT-1,0.420591,0.508326,0.071084
ACACTGGGACAGTCGT-1,0.001928,0.001323,0.996749
ACAGAACTGAGAACAA-1,0.027348,0.302866,0.669786
ACAGATTAGGTTAGTG-1,0.062445,0.052436,0.885119
ACAGCATAGAGCCAGT-1,0.007454,0.008376,0.98417
ACAGCGACATTCTCAT-1,0.261709,0.043094,0.695197
ACAGCGCACCCGCAGC-1,0.074986,0.231493,0.693521
ACAGGCTTGCCCGACT-1,0.562353,0.05254,0.385108
ACAGGTGGAGGTGAGG-1,0.513513,0.409951,0.076536
ACATAATAAGGCGGTG-1,0.053157,0.193791,0.753052
ACATCAGCTGGGACGC-1,0.75408,0.232018,0.013902
ACATCCCGGCCATACG-1,0.251686,0.289063,0.459252
ACATCCTGGTAACTGT-1,0.220487,0.153943,0.62557
ACATCGATCGTTTACC-1,0.017651,0.004268,0.978081
ACATCGGTCAGCCGCG-1,0.762719,0.000092,0.237189
ACATCGTATGCAATGG-1,0.136771,0.025303,0.837926
ACATCGTTAACCTAGT-1,0.150227,0.058125,0.791648
ACATGGCGCCAAAGTA-1,0.109231,0.124356,0.766413
ACATGGCTCAATTTAG-1,0.05182,0.320382,0.627798
ACATTAGTTTATATCC-1,0.998994,0.000144,0.000863
ACCAACACCACACACT-1,0.061598,0.000012,0.93839
ACCAACCGCACTCCAC-1,0.007921,0.052409,0.93967
ACCAACGCTTATTTAT-1,0.327021,0.394591,0.278387
ACCAAGAACGCGTGTC-1,0.063088,0.119428,0.817484
ACCAATATGCAAGTTA-1,0.315753,0.19592,0.488327
ACCACAAGTTTCTATC-1,0.066931,0.253742,0.679327
ACCACCAATGTAACAA-1,0.518656,0.086583,0.394761
ACCACGTGCAGCTATA-1,0.682089,0.182822,0.13509
ACCACTGTTCAAGAAG-1,0.020862,0.440267,0.538871
ACCAGGAGTGTGATCT-1,0.5935,0.012616,0.393884
ACCAGTGCCCGGTCAA-1,0.012232,0.012911,0.974856
ACCAGTGCGGGAGACG-1,0.999687,0.000045,0.000268
ACCATATCCGCAATAA-1,0.002127,0.026386,0.971487
ACCATCGTATATGGTA-1,0.904171,0.000041,0.095788
ACCATTAAGGGTGTCA-1,0.225672,0.673534,0.100794
ACCCAACGCCCGTGGC-1,0.12481,0.060003,0.815188
ACCCACCTACATGCTC-1,0.025887,0.613031,0.361083
ACCCATCTTGAGGGTA-1,0.289122,0.634384,0.076493
ACCCATTTGTCCCTCT-1,0.1262,0.249941,0.623859
ACCCGGAAACTCCCAG-1,0.698784,0.007707,0.293509
ACCCGGAGCACCACAA-1,0.001221,0.001684,0.997094
ACCCGGATGACGCATC-1,0.011247,0.085376,0.903377
ACCCGGTTACACTTCC-1,0.629258,0.250747,0.119996
ACCCGTAGTCTAGTTG-1,0.08445,0.303457,0.612093
ACCCGTGTCATCAGTA-1,0.085839,0.042318,0.871843
ACCCTATAGGACTGAG-1,0.00042,0.110579,0.889002
ACCCTATGCCATATCG-1,0.044535,0.092863,0.862601
ACCCTCCCTTGCTATT-1,0.68617,0.178673,0.135157
ACCCTTCATCTGCGAA-1,0.046928,0.012417,0.940654
ACCGAAAGGGCCCTGC-1,0.150549,0.099244,0.750207
ACCGACACATCTCCCA-1,0.022303,0.004909,0.972787
ACCGACTGAGTCCCAC-1,0.057188,0.079885,0.862927
ACCGATAGGCATAACC-1,0.000011,0.005304,0.994685
ACCGATATTTAATCAT-1,0.24479,0.432901,0.322309
ACCGATGGTAGCATCG-1,0.000545,0.025402,0.974054
ACCGCAATAACTGCCT-1,0.771076,0.000067,0.228858
ACCGCGGTGGAAGTCG-1,0.999237,0.000664,0.000099
ACCGGGCCTTTGTTGA-1,0.924559,0.000042,0.075399
ACCGTGACCACGTGGG-1,0.098281,0.083666,0.818053
ACCGTTCCCGCTCTGA-1,0.715496,0.018704,0.265801
ACCTAAGTACCTTTCA-1,0.674684,0.028976,0.296341
ACCTAATCGACTTCCT-1,0.067493,0.648792,0.283715
ACCTCCGCCCTCGCTG-1,0.231696,0.190268,0.578036
ACCTCCGTTATTCACC-1,0.334732,0.388904,0.276364
ACCTGCGTGTCATGTT-1,0.449282,0.48656,0.064157
ACGAAATGGGCGGCAC-1,0.034979,0.048274,0.916746
ACGACCCATGAGTTGC-1,0.021859,0.169729,0.808412
ACGAGAACCCATCACG-1,0.326507,0.020462,0.653031
ACGAGATATTTGCTTA-1,0.071081,0.001744,0.927174
ACGAGGATACCACTCT-1,0.000274,0.086744,0.912982
ACGAGTACGGATGCCC-1,0.00001,0.000594,0.999396
ACGATACATAGAACTA-1,0.005537,0.036208,0.958255
ACGATCATACATAGAG-1,0.099415,0.260206,0.640378
ACGATCATCTTGTAAA-1,0.03381,0.17246,0.793731
ACGATGCATATGTTAT-1,0.066168,0.187463,0.746369
ACGATGGATCCGATGC-1,0.098348,0.128954,0.772699
ACGCAAACTAATAGAT-1,0.033868,0.21473,0.751401
ACGCAATCACTACAGC-1,0.130347,0.209406,0.660247
ACGCATACGTTTACTA-1,0.284343,0.333608,0.382049
ACGCATTCGTGAGTAC-1,0.01989,0.429987,0.550123
ACGCCAGATGATTTCT-1,0.188522,0.021122,0.790356
ACGCCGCTAGACGACC-1,0.013944,0.087177,0.898879
ACGCGAAGTCAGACGA-1,0.310733,0.238837,0.45043
ACGCGGGCCAAGGACA-1,0.05535,0.327865,0.616785
ACGCGTTTCTTAAGAG-1,0.343737,0.655954,0.000309
ACGCTACTGAATGGGC-1,0.138168,0.1787,0.683132
ACGCTAGTGATACACT-1,0.003197,0.167479,0.829324
ACGGAATTTAGCAAAT-1,0.009036,0.116283,0.874681
ACGGACTCTCAAAGCG-1,0.028814,0.02069,0.950496
ACGGAGCGCAAATTAC-1,0.010891,0.064987,0.924122
ACGGATGGTGCGGATA-1,0.278566,0.21841,0.503023
ACGGCACTTGCTTGGG-1,0.981196,0.017441,0.001363
ACGGCCAACATGGACT-1,0.700228,0.279469,0.020304
ACGGCGACGATGGGAA-1,0.576175,0.084152,0.339673
ACGGCGGGTTGCCCTG-1,0.397628,0.005134,0.597238
ACGGGAGTGTCGGCCC-1,0.384206,0.601676,0.014118
ACGGGCGTATGCGACA-1,0.326616,0.080132,0.593252
ACGGGTCATGTGACTT-1,0.078808,0.747933,0.17326
ACGTACAGATTTCTCT-1,0.009206,0.007654,0.98314
ACGTAGATTGCTGATG-1,0.094986,0.226971,0.678044
ACGTATTACTCCGATC-1,0.027475,0.130738,0.841787
ACGTGCGCCTCGTGCA-1,0.198067,0.157902,0.644032
ACGTTAATGTCGAAGA-1,0.004957,0.028747,0.966296
ACGTTAGATTTGCCCG-1,0.357417,0.486518,0.156064
ACGTTATTGGTCACTC-1,0.003161,0.459171,0.537668
ACGTTCCGCGCTCCGT-1,0.070459,0.004476,0.925064
ACGTTCGCAATCAATT-1,0.246927,0.399434,0.353639
ACGTTCGTTCAGGAAA-1,0.016062,0.068187,0.915751
ACGTTCTGTACAAGTC-1,0.012755,0.09686,0.890385
ACGTTTAGTTGTGATC-1,0.071143,0.093019,0.835838
ACGTTTCGGTGCACTT-1,0.164765,0.011299,0.823937
ACTACCAGCTCTCTGG-1,0.097298,0.156929,0.745773
ACTACGCGTTAGAATT-1,0.04022,0.043215,0.916565
ACTAGTTGCGATCGTC-1,0.807719,0.003782,0.1885
ACTATATGCTGTGTTC-1,0.016081,0.132615,0.851304
ACTATCCAGGGCATGG-1,0.333997,0.413843,0.252159
ACTATCGCCGGCTAAA-1,0.012631,0.439495,0.547874
ACTATCTGCCCGCGTA-1,0.314579,0.466871,0.21855
ACTATTCGTCCGTGGT-1,0.072836,0.132724,0.79444
ACTATTTCCGGGCCCA-1,0.253214,0.034133,0.712652
ACTCAACGAATGTATT-1,0.016588,0.006008,0.977404
ACTCAAGTGCAAGGCT-1,0.041551,0.001561,0.956888
ACTCAATAAAGGCACG-1,0.001332,0.021212,0.977456
ACTCAGACCTGCTTCT-1,0.061408,0.184326,0.754266
ACTCCCGAATTCGTTT-1,0.030368,0.241454,0.728178
ACTCCCTAATGCTAAA-1,0.408324,0.496279,0.095398
ACTCCCTAGAATAGTA-1,0.924691,0.00928,0.066029
ACTCGATGTATTTCAT-1,0.025791,0.532527,0.441682
ACTCGCCGTTCGATAA-1,0.025826,0.322702,0.651473
ACTCGTAACCCGTCCT-1,0.031956,0.050909,0.917135
ACTCGTCAGTAATCCC-1,0.036837,0.376316,0.586848
ACTCTAAACCTGGGAT-1,0.063694,0.626024,0.310282
ACTCTCTGACTTAGGT-1,0.002746,0.000434,0.99682
ACTCTCTTATACACGA-1,0.110981,0.181828,0.707192
ACTCTTGTATAGTAAC-1,0.05037,0.313258,0.636372
ACTGAAACGCCGTTAG-1,0.260466,0.287268,0.452266
ACTGAATGGCGAAAGT-1,0.490164,0.388,0.121837
ACTGCCGTCGTAACTC-1,0.133601,0.139078,0.727321
ACTGTACGATACACAT-1,0.036789,0.018937,0.944274
ACTGTAGCACTTTGGA-1,0.109319,0.3699,0.520781
ACTGTATACGCGAGCA-1,0.10824,0.113997,0.777763
ACTGTCCAGGATTATA-1,0.069547,0.338487,0.591966
ACTGTCTTCTTTAGAA-1,0.018209,0.024253,0.957538
ACTGTGCTAGTAGATC-1,0.090079,0.242497,0.667423
ACTTACCGGGCGCGCA-1,0.008801,0.116853,0.874346
ACTTACGCATCCACGC-1,0.122837,0.158355,0.718808
ACTTAGTACGACAAGA-1,0.042874,0.014415,0.942711
ACTTATACTTACCCGG-1,0.002835,0.011509,0.985656
ACTTATTAGGATCGGT-1,0.016647,0.097839,0.885514
ACTTATTTATGTGCCA-1,0.424339,0.17668,0.398981
ACTTCAGGCTGATCCC-1,0.559105,0.000099,0.440795
ACTTCCATGCGGGACA-1,0.056634,0.006599,0.936767
ACTTCGCCATACGCAC-1,0.12614,0.262349,0.61151
ACTTGACTCCCTCTTT-1,0.064133,0.082008,0.85386
ACTTGCCATATTGTAC-1,0.854786,0.004102,0.141113
ACTTGGGACCCGGTGG-1,0.022587,0.411509,0.565903
ACTTGTGGATGGAACG-1,0.406294,0.550209,0.043497
ACTTTACCCTCATGAA-1,0.149123,0.370324,0.480554
ACTTTCCTATAGCTTC-1,0.034229,0.129517,0.836254
ACTTTGTCGACGCACT-1,0.037745,0.277479,0.684776
AGAAATTATGACTCGC-1,0.392782,0.385034,0.222185
AGAACGTGGTACATTC-1,0.036205,0.061879,0.901916
AGAAGAGCGCCGTTCC-1,0.000149,0.355229,0.644622
AGAAGGTTGCCGAATT-1,0.608698,0.19427,0.197032
AGAAGGTTGTAGGTCG-1,0.025807,0.301964,0.672229
AGAAGTGATTCGTGAT-1,0.093536,0.52648,0.379984
AGAATTATGGATTCGA-1,0.011457,0.153513,0.83503
AGAATTGTTTGACATA-1,0.031062,0.269044,0.699894
AGACAGCTCAGAATCC-1,0.009657,0.687627,0.302715
AGACAGGCATCTCAGC-1,0.452721,0.523887,0.023391
AGACATAGATCCTTCC-1,0.07277,0.176306,0.750924
AGACCATGGGATACAA-1,0.014994,0.257222,0.727783
AGACCCACCGCTGATC-1,0.999419,0.000082,0.000498
AGACCCGCCCTCCTCG-1,0.017258,0.014133,0.968609
AGACCGCTCCGCGGTT-1,0.369926,0.208265,0.421809
AGACGACGATGCCGCT-1,0.01595,0.105187,0.878863
AGACGCCCACTTCGCC-1,0.001371,0.000117,0.998512
AGACTAGCCTTCCAGA-1,0.029556,0.226405,0.744039
AGACTGTTACCGGGTC-1,0.067229,0.229432,0.703338
AGAGAACCGTCTAGGA-1,0.028554,0.256434,0.715011
AGAGAAGGAGTACAAT-1,0.028203,0.128384,0.843413
AGAGCAGTTATGAGAC-1,0.019195,0.316131,0.664674
AGAGCCGCCGAGATTT-1,0.018867,0.037255,0.943878
AGAGCGGGCTAATCAT-1,0.316854,0.163206,0.51994
AGAGCGTACAAGCTCG-1,0.000416,0.914345,0.085239
AGAGCTACGAAAGCAT-1,0.016153,0.216734,0.767112
AGAGGCTTCGGAAACC-1,0.737855,0.058518,0.203627
AGAGGTATCTCGGTCC-1,0.865456,0.000021,0.134523
AGATAACTTCAGGGCC-1,0.094364,0.272404,0.633231
AGATACCAATAGAACC-1,0.022957,0.178068,0.798976
AGATACCGGTGTTCAC-1,0.539495,0.010427,0.450079
AGATACGACTTCATAT-1,0.012729,0.159293,0.827978
AGATACTCAAGATCGA-1,0.163662,0.452225,0.384113
AGATATAATACGACTA-1,0.026254,0.091989,0.881757
AGATCGTGCATAAGAT-1,0.020056,0.077194,0.90275
AGATCTCAGGTGTGAT-1,0.000464,0.000328,0.999208
AGATGACTCGCCCACG-1,0.00687,0.189012,0.804119
AGATGAGGGTTGCGAT-1,0.003298,0.193611,0.803091
AGATGATGGAGTCTGG-1,0.004196,0.009448,0.986355
AGATGCTATAACGAGC-1,0.002841,0.42035,0.576809
AGATTATAGGACGTTT-1,0.015125,0.401343,0.583531
AGCAAAGGCCGCTAGT-1,0.067794,0.240645,0.69156
AGCAACATATCTTATT-1,0.049491,0.056582,0.893928
AGCACCAGTACTCACG-1,0.268709,0.187102,0.544188
AGCACTACCGGCCTGT-1,0.825816,0.17337,0.000815
AGCACTACCTCACCAG-1,0.599031,0.000794,0.400175
AGCACTTAAGGACGCC-1,0.095782,0.573133,0.331085
AGCAGAAGGAGAAAGA-1,0.043134,0.187469,0.769398
AGCAGCCAGATGAATA-1,0.178849,0.435959,0.385193
AGCATATCAATATGCT-1,0.441445,0.23893,0.319625
AGCATCATTTCGAAAG-1,0.004764,0.046316,0.94892
AGCATCGTCGATAATT-1,0.04818,0.13536,0.816459
AGCATTACGAGGCAAG-1,0.135837,0.102225,0.761938
AGCCAAGCTTTGTGTC-1,0.032529,0.074949,0.892522
AGCCACAGGTTACCCG-1,0.013451,0.04197,0.944578
AGCCACTCCCGTGCTT-1,0.006912,0.072439,0.920649
AGCCCGGTAGCCTGTA-1,0.03681,0.011438,0.951752
AGCCCTAAGCGAAGTT-1,0.163683,0.173694,0.662624
AGCCCTTCTAATCCGA-1,0.000997,0.045064,0.953939
AGCCCTTGGACATCCC-1,0.003869,0.005839,0.990292
AGCCGCTTGATTAGCG-1,0.032035,0.415977,0.551988
AGCCGTGGCTAAATGT-1,0.018646,0.262793,0.718561
AGCCTTAAAGCGGAAG-1,0.027303,0.171464,0.801232
AGCGACAGGAACGGTC-1,0.489268,0.238859,0.271873
AGCGACATCCCATTCA-1,0.005989,0.073248,0.920764
AGCGACCAACGATATT-1,0.005065,0.063337,0.931599
AGCGATGCGCCTAATA-1,0.024849,0.123021,0.85213
AGCGCATAATGAATCG-1,0.107946,0.33307,0.558984
AGCGCGGGTGCCAATG-1,0.032766,0.047468,0.919766
AGCGCTTATGGGCAAG-1,0.167382,0.077061,0.755557
AGCGGACACTTCGTAG-1,0.112184,0.073512,0.814304
AGCGGGAAGGGTCCAT-1,0.039196,0.006045,0.954759
AGCGTACGAGAGCTAG-1,0.017329,0.016906,0.965765
AGCGTAGCGCTAGACC-1,0.55347,0.013864,0.432666
AGCGTCTGAACCCGCA-1,0.05907,0.112914,0.828016
AGCGTGGTATTCTACT-1,0.158711,0.016097,0.825192
AGCTAACAAGCAATGT-1,0.071063,0.164972,0.763964
AGCTAAGTACGCAGGC-1,0.057346,0.206393,0.736261
AGCTAGAAGCAGAAGT-1,0.031931,0.355301,0.612768
AGCTATTTAATCCAAC-1,0.06525,0.161516,0.773234
AGCTCCATATATGTTC-1,0.107932,0.309019,0.583048
AGCTCCTTCGCACATC-1,0.456928,0.000122,0.54295
AGCTCTAGACGTTCCA-1,0.002639,0.01277,0.984591
AGCTCTTCCCAGTGCA-1,0.087093,0.251229,0.661679
AGCTCTTCGTAACCTT-1,0.159034,0.304633,0.536332
AGCTCTTTACTCAGTT-1,0.404648,0.273744,0.321608
AGCTGAAGTAAACCAA-1,0.036889,0.160473,0.802638
AGCTGTAACCTCAATC-1,0.026843,0.086038,0.88712
AGCTTATAGAGACCTG-1,0.714369,0.005686,0.279945
AGCTTCTTCTCGAGCA-1,0.207789,0.017096,0.775115
AGGAAAGCCTCTGATG-1,0.063194,0.20174,0.735066
AGGAACGAACGACTTC-1,0.02289,0.014037,0.963073
AGGAAGCTGTCCGCCG-1,0.002681,0.019647,0.977673
AGGACAGTCGAATCCC-1,0.009605,0.008527,0.981868
AGGACATCGCACGTCG-1,0.228744,0.000016,0.77124
AGGACATCGGCACACT-1,0.001468,0.315924,0.682608
AGGACGACCCATTAGA-1,0.571631,0.002209,0.426161
AGGACGCTCGATGTTG-1,0.001188,0.073189,0.925623
AGGACTTATAGGAGAA-1,0.072837,0.483845,0.443318
AGGAGGCCTTCGCGCG-1,0.370378,0.004829,0.624793
AGGATAAAGTCGGGAT-1,0.985187,0.014534,0.000279
AGGATATAGGGATTTA-1,0.453198,0.080192,0.46661
AGGCAATACGGAGGAC-1,0.194124,0.747289,0.058587
AGGCACGTGACTGTCC-1,0.025692,0.189484,0.784824
AGGCAGATGCGTAAAC-1,0.074883,0.140632,0.784485
AGGCAGGGAGCGTACT-1,0.010096,0.009088,0.980816
AGGCCACATTGGTTAC-1,0.414025,0.160084,0.425891
AGGCCACCCGTTATGA-1,0.200425,0.224722,0.574853
AGGCCCAGTGACTGGT-1,0.01462,0.22973,0.75565
AGGCCCATTGTACAGG-1,0.075114,0.11384,0.811046
AGGCCCTAGAACGCCA-1,0.837364,0.162157,0.000479
AGGCCTGAGAATCTCG-1,0.007209,0.003275,0.989516
AGGCGATAACTGGCGT-1,0.010587,0.019684,0.969729
AGGCTATGGTTAGCTT-1,0.019283,0.225725,0.754992
AGGCTTCCCGAAGAAG-1,0.438449,0.552683,0.008868
AGGCTTGCTAGACACC-1,0.007138,0.809702,0.183161
AGGGAAACGAGGTACT-1,0.046606,0.240164,0.71323
AGGGACAGCACGGCGG-1,0.83964,0.001802,0.158558
AGGGACCGGCTGCGTT-1,0.096909,0.302313,0.600778
AGGGACTCTACGCGAC-1,0.327602,0.503627,0.168771
AGGGAGACATACTTCG-1,0.102063,0.10771,0.790227
AGGGCAGCGGCGTGGT-1,0.140149,0.156508,0.703343
AGGGCCCTAATGTTCT-1,0.008178,0.241611,0.750211
AGGGCGAGCAGCTGAT-1,0.710728,0.139968,0.149305
AGGGCGTGATCGGCTA-1,0.018151,0.005564,0.976284
AGGGCTGCAGTTACAG-1,0.010383,0.030116,0.959501
AGGGTCGATGCGAACT-1,0.011035,0.152155,0.83681
AGGGTCTGGACGCAGT-1,0.085147,0.131969,0.782885
AGGGTGCTCTCGAGGG-1,0.025316,0.238042,0.736643
AGGGTGGATAGTGCAT-1,0.130222,0.708587,0.161191
AGGGTTCCCTTTGGTT-1,0.006373,0.044649,0.948978
AGGGTTTAGTTCGGGA-1,0.001439,0.137746,0.860815
AGGTAACCTCCTATTC-1,0.037966,0.069159,0.892875
AGGTACGATATTGCCA-1,0.012474,0.003956,0.98357
AGGTAGATCGAGATAT-1,0.032899,0.318256,0.648844
AGGTAGGTACAAAGCT-1,0.32382,0.542391,0.13379
AGGTATAATTGATAGT-1,0.095194,0.245462,0.659344
AGGTCAGGTGAGAGTG-1,0.350919,0.648797,0.000284
AGGTCGCCACTTCGGT-1,0.637298,0.00817,0.354532
AGGTCGCCTCCCAACA-1,0.005297,0.034858,0.959845
AGGTCGCGGAGTTACT-1,0.000008,0.007377,0.992615
AGGTGGTGACCTTCGC-1,0.294051,0.095577,0.610372
AGGTGTTGCCGACCAC-1,0.033445,0.420175,0.54638
AGGTTGAGGCACGCTT-1,0.00001,0.000297,0.999693
AGGTTTCACACACCTT-1,0.012292,0.059248,0.92846
AGTAACGTTCATCCTG-1,0.238322,0.006697,0.754981
AGTAATGTCTTGCCGC-1,0.028422,0.332792,0.638786
AGTACATCATTTATCA-1,0.001828,0.015816,0.982356
AGTACGGGCACCTGGC-1,0.019269,0.049728,0.931003
AGTACGTGGCCTGTCT-1,0.594234,0.018074,0.387692
AGTACTCTTATGCCCA-1,0.333565,0.290354,0.376081
AGTAGGAAGGAAGTTG-1,0.00549,0.17795,0.81656
AGTAGGTAACATACAT-1,0.086459,0.072867,0.840674
AGTATAATACTAGGCA-1,0.046101,0.569074,0.384825
AGTATACACAGCGACA-1,0.087371,0.228525,0.684104
AGTATCCATAATAACG-1,0.291195,0.056399,0.652406
AGTATTTGGCACGACC-1,0.045489,0.044176,0.910335
AGTCAACACCACCATC-1,0.395114,0.475144,0.129741
AGTCAAGATGACACTT-1,0.837874,0.000072,0.162054
AGTCACTAGCTCTCGA-1,0.391475,0.302621,0.305903
AGTCACTCCGCCTCAT-1,0.033879,0.090799,0.875322
AGTCAGCCACCGCCTG-1,0.000644,0.025293,0.974063
AGTCCAGCGGGTACGT-1,0.335908,0.014676,0.649416
AGTCCATTGGCTGATG-1,0.101267,0.204437,0.694296
AGTCCCGCCTTTAATT-1,0.000009,0.023595,0.976396
AGTCGACGGTCTCAAG-1,0.002194,0.109467,0.888339
AGTCGGCCCAAACGAC-1,0.174685,0.010906,0.814409
AGTCGGCTCAACTTTA-1,0.315215,0.630378,0.054407
AGTCGTATAAAGCAGA-1,0.021175,0.415455,0.563369
AGTCGTCGACCACCAA-1,0.173836,0.065526,0.760638
AGTCGTGGGCATTACG-1,0.025105,0.05882,0.916075
AGTCTAAAGTATACTC-1,0.000902,0.005742,0.993356
AGTCTCACAAGACTAC-1,0.131412,0.308822,0.559766
AGTCTGGACATCCTTG-1,0.000036,0.266549,0.733415
AGTCTTCTCCTCAAAT-1,0.041987,0.035974,0.92204
AGTGAACAAACTTCTC-1,0.841134,0.001688,0.157178
AGTGACCTACTTTACG-1,0.763812,0.121343,0.114845
AGTGAGACTTCCAGTA-1,0.015122,0.157442,0.827436
AGTGAGCCTCGCCGCC-1,0.149408,0.181153,0.669439
AGTGAGGGTTTCTGAC-1,0.157113,0.166338,0.67655
AGTGAGTCGAATTAAC-1,0.077757,0.340144,0.582099
AGTGATAACCTGCGCG-1,0.08039,0.020762,0.898847
AGTGATATGAGTAGTT-1,0.565168,0.047972,0.38686
AGTGATTCAAGCAGGA-1,0.080922,0.11427,0.804808
AGTGCACGCTTAAGAA-1,0.970291,0.000051,0.029658
AGTGCTAAACACAGCA-1,0.035437,0.126219,0.838345
AGTGCTTGCACGAATA-1,0.006234,0.027053,0.966713
AGTGGCGGCAATTTGA-1,0.006979,0.108212,0.884809
AGTGGCGTCTGAAGGT-1,0.032523,0.095046,0.872431
AGTGGGAGTATACACG-1,0.001621,0.48534,0.513039
AGTGTATTGCGCATTG-1,0.027748,0.040663,0.931589
AGTGTGCTAAGATCGC-1,0.015178,0.975036,0.009786
AGTGTGGTCTATTGTG-1,0.009075,0.781002,0.209922
AGTTAAACACTTGCGA-1,0.377527,0.302361,0.320112
AGTTAAGCGGTCCCGG-1,0.005035,0.005863,0.989103
AGTTAAGTCAACCGCT-1,0.002012,0.240765,0.757224
AGTTACCCTTAAGACT-1,0.292439,0.241176,0.466385
AGTTACCGCACATGGT-1,0.003915,0.112303,0.883782
AGTTACTCTATCGTGG-1,0.187486,0.269713,0.542802
AGTTCACCGGTTGGAC-1,0.000034,0.734325,0.265642
AGTTCCTACAGAATTA-1,0.121042,0.257929,0.62103
AGTTCCTATTTATGTT-1,0.000843,0.118634,0.880523
AGTTCTGCGTTGTATC-1,0.030453,0.376358,0.593189
AGTTGACATCGGCTGG-1,0.117893,0.137038,0.745069
AGTTGACGGTCCTTGC-1,0.046664,0.293152,0.660184
AGTTGCTGACTGATAT-1,0.001583,0.726449,0.271968
AGTTGGCAAGGCTAGA-1,0.14241,0.024834,0.832755
AGTTTCGCAGGTCGGA-1,0.479506,0.000037,0.520457
AGTTTGCACCTGCCTC-1,0.375417,0.448929,0.175654
AGTTTGGCCAGACCTA-1,0.349331,0.628832,0.021837
ATAAACCATTGGACGG-1,0.798321,0.001193,0.200486
ATAAACGGACCCGTAA-1,0.896541,0.000076,0.103383
ATAAACGTTGCACCAC-1,0.13903,0.236757,0.624213
ATAAAGGCTCGGTCGT-1,0.042947,0.248112,0.708941
ATAAAGGTCAAGTACG-1,0.319359,0.004721,0.67592
ATAACGCCGGAGGGTC-1,0.066884,0.087523,0.845593
ATAACGGAGTCCAACG-1,0.017767,0.120443,0.861789
ATAAGGTGGAGAACAT-1,0.596769,0.000069,0.403162
ATAAGTAGGATTCAGA-1,0.008961,0.112853,0.878185
ATAAGTAGGGCGACTC-1,0.127599,0.221874,0.650528
ATAAGTTACCGCGACG-1,0.614248,0.000067,0.385685
ATAATACCGTTAGCCG-1,0.018941,0.617785,0.363274
ATAATAGCTGTTGAAT-1,0.447834,0.20374,0.348426
ATAATAGTGTAGGGAC-1,0.048164,0.327279,0.624556
ATAATCTTGGAGAACC-1,0.027355,0.076467,0.896178
ATAATTAGCTAAGTAG-1,0.022497,0.438057,0.539445
ATACAGGCCCTCCAAT-1,0.423397,0.456506,0.120097
ATACCACGGGCAACTT-1,0.845504,0.152772,0.001724
ATACCAGCAAATTGCT-1,0.730555,0.033466,0.235979
ATACCAGGCTAATAGA-1,0.244353,0.006666,0.748981
ATACCTAACCAAGAAA-1,0.375019,0.154164,0.470816
ATACGCCGGCGAAACC-1,0.061588,0.031249,0.907163
ATACGGGTTTCGATTG-1,0.009635,0.150941,0.839423
ATACGTACTTAGCCAC-1,0.437884,0.285552,0.276564
ATACGTCCACTCCTGT-1,0.532022,0.02987,0.438109
ATACGTTATGCACGGA-1,0.005396,0.055045,0.939559
ATACTACCCGTACCAC-1,0.050779,0.015984,0.933237
ATACTAGCATGACCCT-1,0.046972,0.178625,0.774403
ATACTCTCGCCACTCT-1,0.141114,0.39108,0.467806
ATACTGCCTTACACCG-1,0.235234,0.07648,0.688287
ATACTTGTTCTCGAGC-1,0.289975,0.7097,0.000325
ATAGACAACGGGACCT-1,0.458299,0.020013,0.521688
ATAGACGAAGAGAAAG-1,0.051308,0.216972,0.73172
ATAGAGTACTGGGACA-1,0.04226,0.149969,0.807771
ATAGAGTTATCAACTT-1,0.009767,0.043298,0.946935
ATAGCAACTAGGGAAG-1,0.01363,0.115208,0.871162
ATAGCCATAACAGTCA-1,0.18628,0.028787,0.784933
ATAGCCTCAGTACCCA-1,0.491231,0.146743,0.362025
ATAGCTGCTCTTGTTA-1,0.044053,0.880127,0.07582
ATAGGCTAGCTTCGCA-1,0.000972,0.075575,0.923453
ATAGGGATATCCTTGA-1,0.047927,0.082427,0.869646
ATAGGTTGGGCAGATG-1,0.000022,0.111342,0.888636
ATAGTCTTTGACGTGC-1,0.090621,0.043456,0.865923
ATAGTGAAGCGTTCTC-1,0.037447,0.150301,0.812252
ATAGTTCCACCCACTC-1,0.021899,0.018335,0.959766
ATATAAAGCGCTCGTG-1,0.345967,0.411744,0.242289
ATATAAATGTAGCTGC-1,0.468262,0.18502,0.346718
ATATAACACGGGCGCA-1,0.038351,0.32431,0.637339
ATATACGCTCGTGACG-1,0.091618,0.232425,0.675957
ATATCAACCTACAGAG-1,0.000919,0.060655,0.938426
ATATCGGTAGGGAGAT-1,0.44536,0.125312,0.429328
ATATCGTTCCTCGAAC-1,0.111725,0.181754,0.706522
ATATCTCCCTCGTTAA-1,0.042265,0.013437,0.944299
ATATCTTAGGGCCTTC-1,0.06601,0.298748,0.635243
ATATGTCTCCCTAGCC-1,0.001161,0.05364,0.945198
ATATTATCCCGTATTT-1,0.002524,0.450595,0.546882
ATATTCAGTTAAACCT-1,0.975142,0.000051,0.024807
ATATTCCACATAGTGA-1,0.831633,0.00008,0.168287
ATATTCCCACAGGTCA-1,0.162704,0.038947,0.798349
ATATTGCTGTCAAAGT-1,0.242463,0.022441,0.735096
ATATTGGAGAGGCCTT-1,0.020869,0.171129,0.808002
ATATTTAACCCTCAAG-1,0.127457,0.199226,0.673317
ATCAAACACTGTTCCA-1,0.64862,0.001153,0.350227
ATCAAACGAAGGTTTG-1,0.30589,0.55209,0.142019
ATCAATCTGGGCTGCA-1,0.02599,0.225212,0.748798
ATCACATTAGAATATC-1,0.119361,0.322696,0.557943
ATCACTTCATCCTCGC-1,0.010834,0.106818,0.882348
ATCAGACGGCACGCCG-1,0.999782,0.000031,0.000187
ATCAGCCTCATGCTGC-1,0.257633,0.377152,0.365215
ATCAGGTCGCCATTGC-1,0.198267,0.101811,0.699922
ATCAGTAGGCAGGGAT-1,0.00509,0.008718,0.986192
ATCATAGCCCTATGTA-1,0.050562,0.158738,0.7907
ATCATCCAATATTTGT-1,0.019427,0.157858,0.822715
ATCCAACGCAGTCATA-1,0.064051,0.40892,0.527029
ATCCACATCGACAGAA-1,0.007028,0.019079,0.973893
ATCCAGAGCAACAACC-1,0.885622,0.038544,0.075835
ATCCAGGATTCGTGAA-1,0.31632,0.339824,0.343856
ATCCGGACCAGCCTGA-1,0.028646,0.134754,0.8366
ATCCTACCTAAGCTCT-1,0.454141,0.081483,0.464376
ATCCTGCGTGGAATGG-1,0.998227,0.000096,0.001676
ATCCTGCTGCAGATAG-1,0.106362,0.000008,0.89363
ATCCTTCTGAAAGAAC-1,0.794186,0.202895,0.002919
ATCGACCCAATACAGA-1,0.184915,0.008917,0.806168
ATCGACTCTTTCCGTT-1,0.005793,0.211807,0.782399
ATCGCACGATTGTTCA-1,0.084045,0.12734,0.788615
ATCGCACGCCGGGAGA-1,0.023954,0.264188,0.711858
ATCGCCAGTCAACATT-1,0.815242,0.003892,0.180867
ATCGCCGTGGTTCATG-1,0.160382,0.029237,0.810381
ATCGCTGCGTGCAGCA-1,0.030861,0.063471,0.905669
ATCGGCAAGCAGTCCA-1,0.063127,0.123785,0.813088
ATCGTATTCCGAGAAC-1,0.405085,0.593774,0.001141
ATCGTCCAATCGAGTC-1,0.002364,0.262342,0.735294
ATCGTTAGCTAGCGGA-1,0.123703,0.370293,0.506004
ATCGTTCACTTTCGCC-1,0.060849,0.411561,0.52759
ATCTAACGTCCCTATG-1,0.014785,0.252643,0.732572
ATCTAATATCCTACGG-1,0.574755,0.390136,0.035109
ATCTATCGATGATCAA-1,0.042761,0.62602,0.331219
ATCTCCCACGGAATAT-1,0.080292,0.224095,0.695614
ATCTCCCTGCAATCTA-1,0.485697,0.004046,0.510256
ATCTCGTGAGCGAAAC-1,0.723772,0.000288,0.275941
ATCTGACATGGAAGGA-1,0.016033,0.062911,0.921055
ATCTGATAGTGTCTTA-1,0.043192,0.191639,0.765169
ATCTGCACCTCTGCGA-1,0.039299,0.266154,0.694548
ATCTGGGCTGTTCTTG-1,0.069335,0.024247,0.906418
ATCTGGTTAAGACTGT-1,0.016719,0.029362,0.953919
ATCTGTAATTGTACCC-1,0.048481,0.169373,0.782146
ATCTTATCGCACACCC-1,0.127712,0.457465,0.414823
ATCTTGACCTGCAACG-1,0.120284,0.156751,0.722965
ATCTTGACTTGTCCAA-1,0.006948,0.072153,0.920899
ATGAAGCCAAGGAGCC-1,0.052641,0.302262,0.645097
ATGACGCCGGCTCTAA-1,0.079917,0.036926,0.883158
ATGACGCGTTCTATCC-1,0.019223,0.181606,0.799171
ATGACTATCAGCTGTG-1,0.026012,0.197927,0.776061
ATGACTATGCGACATT-1,0.584202,0.114351,0.301447
ATGAGGAGTGTTAATC-1,0.164748,0.545835,0.289417
ATGATCGGGAATAGAC-1,0.032857,0.08942,0.877723
ATGATGCAATGGTACA-1,0.796129,0.009543,0.194329
ATGCACCTTCCTTAAT-1,0.004814,0.282658,0.712528
ATGCACTACCGCATTG-1,0.005064,0.068254,0.926683
ATGCATGATCCAGGAT-1,0.134674,0.195308,0.670018
ATGCATTCCGTGATGG-1,0.86585,0.000026,0.134123
ATGCCAATCGCTCTGC-1,0.005149,0.119574,0.875277
ATGCCATTTGCGACCA-1,0.141843,0.088209,0.769948
ATGCCGGTCTTGCATA-1,0.068115,0.402361,0.529524
ATGCCGGTTGATGGGA-1,0.089251,0.409878,0.500871
ATGCGACAGTCCCATT-1,0.011303,0.128576,0.86012
ATGCTCAGTGTTGCAT-1,0.000039,0.605647,0.394314
ATGCTCTGGCGCGGTA-1,0.147445,0.287344,0.565211
ATGCTTAGGAGTTGAT-1,0.053723,0.12744,0.818838
ATGGAGCAGGCCGTGA-1,0.015618,0.188712,0.79567
ATGGATCCGGCGTCCG-1,0.046752,0.251086,0.702162
ATGGATTGACCAAACG-1,0.078939,0.251205,0.669856
ATGGCAGCCGAGAAAC-1,0.327333,0.440016,0.232651
ATGGCTGGAAATGGCC-1,0.065398,0.163867,0.770734
ATGGGACCTGCTGAAC-1,0.080355,0.363248,0.556397
ATGGGCCTCGGCCTCT-1,0.369218,0.299639,0.331143
ATGGTCGCGTGGTTTC-1,0.192324,0.413544,0.394132
ATGTAAGGCTGCTCTT-1,0.134313,0.162908,0.702779
ATGTACATGCGGTGAG-1,0.005842,0.077719,0.916439
ATGTCATTTCCCATTG-1,0.001737,0.539673,0.45859
ATGTGAAAGCCTAATG-1,0.449109,0.538302,0.012588
ATGTGCATCCGACGCA-1,0.01282,0.057498,0.929682
ATGTGGACATCTTGAT-1,0.348995,0.129308,0.521696
ATGTGTAGTTTAGTCA-1,0.721603,0.008496,0.269901
ATGTTACGAGCAATAC-1,0.047234,0.177597,0.775169
ATGTTCCTGCCCACCT-1,0.034707,0.875645,0.089648
ATGTTGTAGTCTGTTT-1,0.066486,0.027891,0.905623
ATTAAACATGCGGACC-1,0.239813,0.109832,0.650354
ATTAACACCTGAGATA-1,0.00844,0.217301,0.774259
ATTAATACTACGCGGG-1,0.110157,0.166626,0.723217
ATTAATGAACCAGTCG-1,0.081133,0.119463,0.799404
ATTAATTCGGTCACTC-1,0.026846,0.008045,0.965109
ATTACAACTACCGGCC-1,0.103666,0.243699,0.652634
ATTACATGTCAGTCTT-1,0.405697,0.411329,0.182974
ATTACCACACTGCCTG-1,0.8531,0.05341,0.093491
ATTACTAGCCTCTTGC-1,0.012371,0.106978,0.880651
ATTACTTACTGGGCAT-1,0.008649,0.26175,0.729601
ATTAGATTCCTCAGCA-1,0.003696,0.033044,0.96326
ATTAGATTGATAGCGG-1,0.106053,0.254529,0.639418
ATTAGGCGATGCTTTC-1,0.022034,0.299641,0.678325
ATTATACTTTGCTCGT-1,0.129802,0.237782,0.632416
ATTATAGCTACTTTAC-1,0.474856,0.44309,0.082054
ATTATCTCGACAGATC-1,0.122586,0.165971,0.711442
ATTATGCCATAGGGAG-1,0.00409,0.144882,0.851029
ATTATTATGTCCGTCA-1,0.058961,0.287849,0.653191
ATTATTCAGAGTCACT-1,0.164714,0.004055,0.831231
ATTCAAAGTACCTGTT-1,0.031225,0.442848,0.525927
ATTCAACCATTTAAGG-1,0.00881,0.016735,0.974455
ATTCACTGATGTTGGA-1,0.34748,0.434997,0.217522
ATTCAGGACCTATTTC-1,0.000975,0.207583,0.791442
ATTCAGTAGCAGGGTC-1,0.006263,0.993517,0.00022
ATTCATATACTGTCCA-1,0.800084,0.075732,0.124184
ATTCATCGTTGAGGCA-1,0.009971,0.116916,0.873112
ATTCCCACATAAACAA-1,0.000012,0.105985,0.894004
ATTCCTAAGACGTGGA-1,0.000254,0.054452,0.945294
ATTCCTCCGCCAGTGC-1,0.089222,0.218238,0.69254
ATTCCTTCCAGGCGGT-1,0.01109,0.288489,0.700421
ATTCGACGCCGGGCCT-1,0.667725,0.000021,0.332254
ATTCGCGCCTTGAGAG-1,0.499361,0.186363,0.314276
ATTCGTCCCGAGGTTA-1,0.160791,0.049323,0.789886
ATTCGTGCTATCTCTT-1,0.999871,0.000018,0.00011
ATTCTCGTCTCTTTAG-1,0.09893,0.010734,0.890336
ATTCTGAGTATGAACT-1,0.606676,0.00361,0.389714
ATTCTTCGTACTTATG-1,0.099045,0.371562,0.529393
ATTGAAGATCTTAGTG-1,0.043428,0.648621,0.307952
ATTGACCGGCGATGAC-1,0.030257,0.099993,0.86975
ATTGACGTAACTCGGT-1,0.03144,0.006331,0.962229
ATTGATAGCAACGAGA-1,0.004353,0.173371,0.822276
ATTGATGAGTCCTAAC-1,0.192467,0.242009,0.565524
ATTGCCTTTATGTTTG-1,0.043006,0.230002,0.726992
ATTGCGATCAGTAACT-1,0.863065,0.000476,0.136458
ATTGCTGCTCCTCCAT-1,0.028093,0.330131,0.641777
ATTGGATTACAGCGTA-1,0.555061,0.084101,0.360838
ATTGGGAATATCTTGG-1,0.132155,0.000015,0.867829
ATTGGTAGGATCCGCT-1,0.00314,0.211464,0.785396
ATTGTACAACTCGGCT-1,0.022516,0.017557,0.959928
ATTGTCGCAATACCTT-1,0.049578,0.182949,0.767473
ATTGTTCAACGATCCG-1,0.616984,0.30817,0.074846
ATTTAACTCGTATTAC-1,0.114261,0.225498,0.660242
ATTTACAGTTTACTGG-1,0.058802,0.38101,0.560188
ATTTACTAAGTCCATT-1,0.000708,0.003836,0.995456
ATTTCATTATTTCGCG-1,0.107045,0.168584,0.72437
ATTTCCGGGTTCTGCG-1,0.088211,0.323225,0.588564
ATTTGCGCGAGTAGCT-1,0.001853,0.34874,0.649406
ATTTGTCTTGGGAGCT-1,0.143214,0.226566,0.63022
ATTTGTTCCAGGGCTC-1,0.034705,0.227735,0.73756
CAAACGAGTATCGCAG-1,0.752381,0.048529,0.199091
CAAACGGTCGCACTTT-1,0.001835,0.011582,0.986583
CAAACTACGATAGAGA-1,0.087742,0.208194,0.704064
CAAACTATTGAGCTTC-1,0.016206,0.019956,0.963839
CAAACTCGCGACGCCG-1,0.867506,0.000048,0.132446
CAAAGATTATTGGGCC-1,0.038515,0.496087,0.465398
CAAAGGTCATCTGAAA-1,0.641241,0.004014,0.354745
CAAAGTCAGGTTAGCT-1,0.036441,0.42619,0.537368
CAAATCTCTCACAAGG-1,0.601567,0.29645,0.101983
CAAATGTCCTTCCGTG-1,0.63321,0.000061,0.366729
CAAATTGGATTATGCC-1,0.091935,0.130899,0.777166
CAAATTGTCAGCAAGC-1,0.067081,0.091589,0.84133
CAACATGGCCTGATAA-1,0.016676,0.4756,0.507724
CAACCAGTGGCCTACC-1,0.077726,0.282928,0.639347
CAACCGCACCTAGACA-1,0.021758,0.616324,0.361918
CAACCTACCGAGCAGT-1,0.004571,0.147465,0.847964
CAACGACCCGTTTACA-1,0.032365,0.241312,0.726323
CAACGATCGATCCAAT-1,0.146642,0.052096,0.801262
CAACGGTTCTTGATAC-1,0.032412,0.098783,0.868804
CAACGTGGTGGAGTCT-1,0.255261,0.509359,0.23538
CAACTATATCGAATGC-1,0.02907,0.003232,0.967698
CAACTCCTTGATCCCG-1,0.029052,0.079782,0.891167
CAACTGCTCATCCGAT-1,0.041334,0.055111,0.903555
CAACTTGTAGTGGGCA-1,0.07395,0.072636,0.853414
CAAGAGGGCGGAGTAC-1,0.707173,0.077923,0.214903
CAAGATATTATAACGT-1,0.368899,0.1636,0.467501
CAAGCAACGTCGGAGT-1,0.166177,0.21313,0.620693
CAAGCACCAAATGCCT-1,0.062389,0.327344,0.610267
CAAGCGGCACATAATT-1,0.843279,0.155204,0.001517
CAAGGATCGCATGTTC-1,0.003705,0.028596,0.967699
CAAGGCCAGTGGTGCA-1,0.173927,0.179272,0.6468
CAAGGTCCTATAGGCT-1,0.020064,0.053064,0.926872
CAAGTGAACTTTGGTT-1,0.385455,0.000023,0.614521
CAAGTGTGGTTGCAAA-1,0.017883,0.009261,0.972856
CAATAAACCTTGGCCC-1,0.006568,0.078066,0.915366
CAATATTCTTGACCTA-1,0.013668,0.003365,0.982968
CAATATTGGACTAGTG-1,0.025036,0.228277,0.746686
CAATCCCTATACCAGC-1,0.053673,0.188257,0.758071
CAATCCTGCCGTGGAG-1,0.048677,0.343712,0.607611
CAATGCGAGAAGTATC-1,0.698135,0.1198,0.182064
CAATGGAATCTACATA-1,0.570343,0.025829,0.403828
CAATGGATCTCTACCA-1,0.01615,0.001893,0.981957
CAATGGTCGGCCTGGG-1,0.680079,0.048876,0.271044
CAATGTGCCAACCCTT-1,0.575172,0.076577,0.348251
CAATTAAGGGTGATGA-1,0.005586,0.238455,0.755959
CAATTTCGTATAAGGG-1,0.032709,0.304299,0.662992
CAATTTGACCGGGAAG-1,0.015783,0.44129,0.542927
CACAAACCGCAGAACT-1,0.157584,0.020269,0.822147
CACAATGAGCTGCTAT-1,0.397401,0.365381,0.237218
CACACACGCTAACGAG-1,0.516214,0.072759,0.411027
CACACAGCTTGCGCTC-1,0.813645,0.024891,0.161464
CACACAGGGATAGATT-1,0.006029,0.973197,0.020774
CACACGCGCTGTCTTA-1,0.009708,0.030404,0.959888
CACACGTTTCAATGGG-1,0.335571,0.043622,0.620807
CACAGCACCCACGGCA-1,0.000311,0.005526,0.994163
CACAGCTAGGGAGTGA-1,0.156713,0.053881,0.789406
CACAGGGCCATATAGT-1,0.245903,0.440625,0.313472
CACAGGGCCGTTGTCA-1,0.001064,0.005604,0.993333
CACAGTCCCGCTTCGC-1,0.00107,0.080778,0.918152
CACAGTTCGCTTCCCA-1,0.421445,0.46585,0.112705
