Barcode,Topic 1,Topic 2to7,Topic 8to10
AAACAAGTATCTCCCA-1,0.734542,0.000246,0.265212
AAACACCAATAACTGC-1,0.00241,0.696666,0.300925
AAACAGAGCGACTCCT-1,0.000031,0.93238,0.067589
AAACAGCTTTCAGAAG-1,0.068264,0.315158,0.616579
AAACAGGGTCTATATT-1,0.000096,0.012595,0.987308
AAACAGTGTTCCTGGG-1,0.000012,0.680031,0.319957
AAACATGGTGAGAGGA-1,0.057117,0.448844,0.494038
AAACATTTCCCGGATT-1,0.772174,0.000463,0.227362
AAACCACTACACAGAT-1,0.070092,0.000397,0.92951
AAACCCGAACGAAATC-1,0.502238,0.014783,0.482979
AAACCGGAAATGTTAA-1,0.578309,0.38556,0.036131
AAACCGGGTAGGTACC-1,0.000059,0.489031,0.510909
AAACCGTTCGTCCAGG-1,0.000041,0.469273,0.530686
AAACCTAAGCAGCCGG-1,0.655007,0.337086,0.007907
AAACCTCATGAAGTTG-1,0.011653,0.004783,0.983564
AAACGAAGATGGAGTA-1,0.079718,0.411148,0.509134
AAACGACAGTCTTGCC-1,0.037556,0.000473,0.961971
AAACGAGACGGTTGAT-1,0.00001,0.919638,0.080352
AAACGCCCGAGATCGG-1,0.000118,0.000708,0.999174
AAACGCTGGGCACGAC-1,0.636788,0.056017,0.307196
AAACGGGCGTACGGGT-1,0.76687,0.164406,0.068724
AAACGGTTGCGAACTG-1,0.000474,0.682294,0.317232
AAACGTGTTCGCCCTA-1,0.12376,0.160852,0.715388
AAACTAACGTGGCGAC-1,0.00003,0.814418,0.185552
AAACTCGGTTCGCAAT-1,0.033538,0.748381,0.218081
AAACTCGTGATATAAG-1,0.000032,0.521202,0.478767
AAACTGCTGGCTCCAA-1,0.041527,0.867983,0.09049
AAACTTAATTGCACGC-1,0.093175,0.005487,0.901339
AAACTTGCAAACGTAT-1,0.000027,0.874956,0.125016
AAAGAATGACCTTAGA-1,0.078105,0.466408,0.455488
AAAGAATGTGGACTAA-1,0.838093,0.000178,0.161729
AAAGACTGGGCGCTTT-1,0.078639,0.385392,0.535969
AAAGCTTGCCTACATA-1,0.005691,0.825019,0.16929
AAAGGCCCTATAATAC-1,0.000036,0.625316,0.374647
AAAGGCTACGGACCAT-1,0.054594,0.859002,0.086405
AAAGGCTCTCGCGCCG-1,0.000028,0.645053,0.354918
AAAGGGATGTAGCAAG-1,0.000059,0.518602,0.481339
AAAGGGCAGCTTGAAT-1,0.035977,0.000498,0.963524
AAAGGTAAGCTGTACC-1,0.000063,0.467995,0.531942
AAAGTAGCATTGCTCA-1,0.000038,0.827612,0.17235
AAAGTCGACCCTCAGT-1,0.01293,0.00039,0.986679
AAAGTGCCATCAATTA-1,0.30897,0.675309,0.015722
AAAGTGTGATTTATCT-1,0.183283,0.749896,0.066821
AAAGTTGACTCCCGTA-1,0.152849,0.242571,0.60458
AAATAACCATACGGGA-1,0.000038,0.675448,0.324514
AAATAAGGTAGTGCCC-1,0.000014,0.790623,0.209363
AAATACCTATAAGCAT-1,0.007513,0.894426,0.098061
AAATAGCTTAGACTTT-1,0.0124,0.522681,0.464919
AAATAGGGTGCTATTG-1,0.173858,0.147066,0.679076
AAATCACTCCTAAACG-1,0.124413,0.214201,0.661386
AAATCCGATACACGCC-1,0.704465,0.118769,0.176767
AAATCGCGGAAGGAGT-1,0.038007,0.419478,0.542515
AAATCGTGTACCACAA-1,0.017954,0.641139,0.340907
AAATCTAGCCCTGCTA-1,0.856548,0.019856,0.123596
AAATCTGCCCGCGTCC-1,0.091636,0.000409,0.907955
AAATGACTGATCAAAC-1,0.026424,0.626314,0.347262
AAATGATTCGATCAGC-1,0.016136,0.755817,0.228046
AAATGGCATGTCTTGT-1,0.000039,0.931176,0.068786
AAATGGCCCGTGCCCT-1,0.00006,0.158713,0.841227
AAATGGTCAATGTGCC-1,0.000026,0.707016,0.292958
AAATTAACGGGTAGCT-1,0.040024,0.92836,0.031615
AAATTACACGACTCTG-1,0.000042,0.733322,0.266636
AAATTACCTATCGATG-1,0.018952,0.83628,0.144768
AAATTCCAGGTCCAAA-1,0.001353,0.606212,0.392435
AAATTGATAGTCCTTT-1,0.037385,0.794315,0.1683
AAATTGGTGAGAAGCA-1,0.000014,0.849346,0.150639
AAATTTACCGAAATCC-1,0.000081,0.351115,0.648804
AAATTTGCGGGTGTGG-1,0.000016,0.915133,0.084851
AACAACTGGTAGTTGC-1,0.000069,0.571711,0.42822
AACAATACATTGTCGA-1,0.05029,0.839006,0.110704
AACAATTACTCTACGC-1,0.000121,0.375038,0.624841
AACACACGCTCGCCGC-1,0.302426,0.295261,0.402313
AACACGACTGTACTGA-1,0.093221,0.042273,0.864506
AACACGAGACGCGGCC-1,0.00003,0.717303,0.282667
AACAGCTGTGTGGCAA-1,0.000018,0.981574,0.018408
AACAGGAAATCGAATA-1,0.000037,0.939872,0.06009
AACAGGATGGGCCGCG-1,0.000048,0.634837,0.365114
AACAGGTAGTATGGAT-1,0.593548,0.229309,0.177143
AACATAGCGTGTATCG-1,0.510421,0.398468,0.091111
AACATATCAACTGGTG-1,0.000016,0.983715,0.016269
AACATCGATACGTCTA-1,0.000057,0.322414,0.677529
AACATTGAAGTTGATC-1,0.000033,0.744891,0.255077
AACATTGTGACTCGAG-1,0.038319,0.912953,0.048728
AACCAAGACTTCTCTG-1,0.000024,0.881826,0.11815
AACCAGTATCACTCTT-1,0.000171,0.001028,0.998801
AACCATAGGGTTGAAC-1,0.054589,0.000443,0.944968
AACCCAGAGACGGAGA-1,0.114433,0.396733,0.488834
AACCCATCCCATGATC-1,0.039284,0.00042,0.960296
AACCCGACAACCCGTG-1,0.166634,0.668779,0.164586
AACCCGAGCAGAATCG-1,0.826761,0.000296,0.172943
AACCCGCTGTATTCCA-1,0.001879,0.540474,0.457647
AACCCTACTGTCAATA-1,0.015621,0.141867,0.842512
AACCCTGGTGGAACCA-1,0.039242,0.000597,0.960161
AACCGAGCTTGGTCAT-1,0.000019,0.981216,0.018765
AACCGCTAAGGGATGC-1,0.14875,0.84813,0.003121
AACCGTTGTGTTTGCT-1,0.000201,0.059134,0.940665
AACCTCGCTTTAGCCC-1,0.606632,0.161447,0.23192
AACCTGTCACGGAATT-1,0.111876,0.592558,0.295566
AACCTTTAAATACGGT-1,0.013163,0.712175,0.274661
AACCTTTACGACGTCT-1,0.000058,0.555043,0.444899
AACGAAAGTCGTCCCA-1,0.089786,0.000504,0.90971
AACGACCTCCTAGCCG-1,0.99425,0.000192,0.005559
AACGATAATGCCGTAG-1,0.023952,0.717716,0.258331
AACGATAGAAGGGCCG-1,0.000116,0.1679,0.831983
AACGATATGTCAACTG-1,0.03527,0.964679,0.000051
AACGCATGATCTGGGT-1,0.000029,0.739123,0.260848
AACGCGACCTTGGGCG-1,0.00092,0.714954,0.284126
AACGCGGTCTCCAGCC-1,0.00005,0.720883,0.279067
AACGCTGTTGCTGAAA-1,0.309463,0.659925,0.030612
AACGGACGTACGTATA-1,0.214626,0.423654,0.36172
AACGGCCATCTCCGGT-1,0.000073,0.393398,0.606529
AACGTACTGTGGGTAC-1,0.028255,0.884017,0.087728
AACGTCAGACTAGTGG-1,0.000079,0.357455,0.642466
AACGTCATCCGGCTTG-1,0.037699,0.077677,0.884624
AACGTCGCTGCACTTC-1,0.874192,0.000194,0.125614
AACGTGATGAAGGACA-1,0.000046,0.79508,0.204874
AACGTGCGAAAGTCTC-1,0.128419,0.724901,0.146679
AACGTTCTACCATTGT-1,0.60643,0.257112,0.136458
AACTACCCGTTTGTCA-1,0.284985,0.336306,0.378709
AACTAGGCTTGGGTGT-1,0.000022,0.754553,0.245425
AACTCAAGTTAATTGC-1,0.000016,0.826274,0.17371
AACTCCAGAGCGTGTT-1,0.628138,0.00076,0.371102
AACTCCTAATCCCATG-1,0.000019,0.879602,0.120379
AACTCTCAATAGAGCG-1,0.014868,0.456794,0.528338
AACTCTCAGTGTGCTC-1,0.00003,0.850315,0.149656
AACTGAGGTCAGCGTC-1,0.000038,0.610656,0.389307
AACTGAGTTATACTGA-1,0.272313,0.494,0.233687
AACTGATATTAGGCCT-1,0.00003,0.999878,0.000091
AACTGGGTCCCGACGT-1,0.051858,0.748002,0.20014
AACTTGCCCGTATGCA-1,0.000043,0.709184,0.290773
AACTTTCTCGATCATG-1,0.000018,0.765628,0.234355
AAGAAAGTTTGATGGG-1,0.046046,0.000665,0.953289
AAGAAATCACCAGATT-1,0.055082,0.748715,0.196203
AAGACATACGTGGTTT-1,0.60073,0.3619,0.03737
AAGACCAAATAACTCA-1,0.000101,0.000606,0.999293
AAGACCCAACTGAACA-1,0.059861,0.801273,0.138867
AAGACTGCAAGCTACT-1,0.000999,0.515851,0.48315
AAGAGATGAATCGGTA-1,0.012026,0.471823,0.516151
AAGAGCTCTTTATCGG-1,0.000018,0.876637,0.123344
AAGAGGATGTACGCGA-1,0.000085,0.531182,0.468733
AAGAGGCATGGATCGC-1,0.000008,0.816812,0.183181
AAGAGGCCCTTTGGAA-1,0.959036,0.000303,0.040661
AAGATGGCACCGGACC-1,0.071013,0.867363,0.061624
AAGATTGGCGGAACGT-1,0.031527,0.941178,0.027294
AAGCACCCTGCGTATC-1,0.046935,0.836355,0.11671
AAGCATACTCTCCTGA-1,0.000016,0.6617,0.338284
AAGCCACTTGCAGGTA-1,0.000041,0.463079,0.53688
AAGCCGAAGCGGTTTA-1,0.549874,0.376562,0.073564
AAGCCGCCGTGAAATC-1,0.029277,0.365258,0.605465
AAGCCGCTTTACCTTG-1,0.059148,0.442752,0.4981
AAGCCGGAGAGCAGGA-1,0.9176,0.025597,0.056803
AAGCGCAGGGCTTTGA-1,0.028564,0.577803,0.393633
AAGCGGCGTCATGGGT-1,0.000047,0.6245,0.375453
AAGCGTCCCTCATCGA-1,0.000061,0.852116,0.147823
AAGCTAGATCGAGTAA-1,0.000019,0.909861,0.09012
AAGCTATGGATTGACC-1,0.092836,0.382814,0.524351
AAGCTCGTGCCAAGTC-1,0.237098,0.377873,0.385029
AAGCTCTTTCATGGTG-1,0.513379,0.187449,0.299172
AAGGAGCGGTTGGTGC-1,0.000031,0.929631,0.070338
AAGGATCGATCGCTTG-1,0.008746,0.619441,0.371813
AAGGATGAGGGACCTC-1,0.000021,0.817132,0.182848
AAGGCAGGCTGTCTCC-1,0.066092,0.816706,0.117202
AAGGCGCGTAAAGCTT-1,0.045098,0.025832,0.92907
AAGGCTGTGCTCATCG-1,0.14471,0.84812,0.00717
AAGGGAACGACTGGCT-1,0.000025,0.932062,0.067913
AAGGGACAGATTCTGT-1,0.139142,0.756654,0.104205
AAGGGACTATGCATTC-1,0.00006,0.744408,0.255532
AAGGGTTAGCCATGCG-1,0.51142,0.470768,0.017811
AAGGTATCCTAATATA-1,0.000017,0.840959,0.159023
AAGGTGATAAACCAGC-1,0.167982,0.475908,0.356111
AAGTAGAAGACCGGGT-1,0.000045,0.518804,0.481151
AAGTAGTGACGCGAGG-1,0.000034,0.672176,0.327791
AAGTCAATTGTCGTCA-1,0.392777,0.00031,0.606913
AAGTCTAGTAGCTGCC-1,0.042367,0.708349,0.249284
AAGTGACGACCGAATT-1,0.000027,0.991118,0.008855
AAGTGAGTCGGGTTTA-1,0.003562,0.951304,0.045133
AAGTGCCTTGACTGTA-1,0.239393,0.002183,0.758423
AAGTGCGTTAGAATCT-1,0.000053,0.720035,0.279912
AAGTGCTTCTCTATTG-1,0.16019,0.492292,0.347519
AAGTGTTTGGAGACGG-1,0.206038,0.119876,0.674086
AAGTTCACTCCAAGCT-1,0.649453,0.119617,0.23093
AAGTTCAGTCTGCGTA-1,0.000079,0.154041,0.84588
AAGTTCGGCCAACAGG-1,0.000045,0.91046,0.089495
AAGTTGTGATGTTATA-1,0.83584,0.00046,0.1637
AAGTTTATGGGCCCAA-1,0.011003,0.62731,0.361687
AATAACAACGCTCGGC-1,0.010313,0.464872,0.524816
AATAACACTAGAACAA-1,0.000021,0.856828,0.143151
AATAACGTCGCGCCCA-1,0.530645,0.362252,0.107103
AATAATCTTCGTATCG-1,0.583676,0.000617,0.415707
AATACCGGAGGGCTGT-1,0.11761,0.729046,0.153345
AATACCTGATGTGAAC-1,0.949822,0.043414,0.006765
AATAGAACAGAGTGGC-1,0.017337,0.810291,0.172372
AATAGAATCTGTTTCA-1,0.179412,0.578192,0.242396
AATAGCAAGCCTCCTG-1,0.000076,0.336591,0.663334
AATAGCTACCGCGTGC-1,0.000053,0.440003,0.559944
AATAGGCACGACCCTT-1,0.000035,0.835086,0.164879
AATAGTCCGTCCCGAC-1,0.000038,0.461939,0.538023
AATATCGAATCAATGC-1,0.676757,0.253443,0.0698
AATATCGAGGGTTCTC-1,0.044544,0.503517,0.45194
AATATTGGAGTATTGA-1,0.106098,0.403641,0.490261
AATCAGGTTTCATTTA-1,0.006507,0.91497,0.078524
AATCATGTAAAGACTC-1,0.357745,0.641075,0.001179
AATCCAAGGGCCTGAG-1,0.12401,0.33037,0.545619
AATCCCGCTCAGAGCC-1,0.024291,0.163363,0.812346
AATCGAGGTCTCAAGG-1,0.291833,0.208505,0.499662
AATCGCCTCAGCGCCA-1,0.000017,0.848266,0.151717
AATCGCGCAGAGGACT-1,0.04304,0.74951,0.20745
AATCGGGACACTACGA-1,0.084183,0.563941,0.351876
AATCGGTATAGCCCTC-1,0.999702,0.000199,0.000099
AATCGTGAGCCGAGCA-1,0.381925,0.173361,0.444714
AATCTAGGTTTACTTG-1,0.000107,0.033529,0.966364
AATCTATGCCGGAGCC-1,0.000016,0.919732,0.080252
AATCTCTACTGTGGTT-1,0.072165,0.316696,0.61114
AATCTGCGTTGGGACG-1,0.043044,0.427191,0.529765
AATCTGGCTTTCTAGT-1,0.000124,0.000743,0.999133
AATCTGGGTAGACCCT-1,0.188132,0.093542,0.718327
AATGACAGCAATGTCT-1,0.000023,0.992634,0.007343
AATGACGTAGGATGTC-1,0.039915,0.443057,0.517028
AATGACTGTCAGCCGG-1,0.00007,0.566236,0.433694
AATGATGATACGCTAT-1,0.031392,0.280003,0.688605
AATGATGCGACTCCTG-1,0.01403,0.964648,0.021322
AATGCAACCGGGTACC-1,0.000063,0.651544,0.348393
AATGCACCAAGCAATG-1,0.033787,0.540982,0.425231
AATGGCCGCCAATGCG-1,0.116374,0.00038,0.883246
AATGGTCCACCGTTCA-1,0.029053,0.336195,0.634751
AATGGTTCTCACAAGC-1,0.041731,0.000615,0.957654
AATGTATGGCACTGTA-1,0.112909,0.000606,0.886485
AATGTGCCCGAGGTGT-1,0.00009,0.411609,0.588301
AATGTGCTAATCTGAG-1,0.074717,0.176812,0.748471
AATGTTAAGACCCTGA-1,0.346759,0.062421,0.59082
AATGTTGTCGTGAGAC-1,0.532782,0.190753,0.276465
AATTAAAGGTCGGCGT-1,0.01001,0.765863,0.224127
AATTAACGGATTTCCA-1,0.060773,0.776073,0.163153
AATTACGAGACCCATC-1,0.075008,0.398513,0.526478
AATTAGCGCTGCAGCG-1,0.112689,0.659485,0.227826
AATTATACCCAGCAAG-1,0.857687,0.000308,0.142004
AATTCATAAGGGATCT-1,0.013078,0.87338,0.113542
AATTCATTGTCATGCA-1,0.048226,0.004006,0.947768
AATTCCAAGCATGTAC-1,0.046733,0.916153,0.037114
AATTCGATTCGAGGAT-1,0.059088,0.491384,0.449528
AATTCTAGAGTTAGGC-1,0.052059,0.120031,0.827911
AATTGAACGCTCTGGT-1,0.014599,0.891581,0.09382
AATTGCAGCAATCGAC-1,0.596432,0.112191,0.291377
AATTGCGTGGATTACA-1,0.048257,0.000534,0.951209
AATTGTGGTTGCCAAA-1,0.911547,0.072273,0.01618
AATTTGGGACATAGTA-1,0.000064,0.856889,0.143047
AATTTGGTTCCAAAGA-1,0.000131,0.000787,0.999082
ACAAACCATGCGTCCT-1,0.000044,0.106165,0.893791
ACAAACTCCATCAGAG-1,0.187099,0.55164,0.261261
ACAAAGAAGGTAGGCC-1,0.051827,0.304801,0.643372
ACAAAGCATGACCTAG-1,0.862086,0.004418,0.133496
ACAAATCGCACCGAAT-1,0.110373,0.523043,0.366584
ACAAATGGTAGTGTTT-1,0.109176,0.825255,0.065569
ACAAATTCAGATCTGA-1,0.000103,0.343817,0.65608
ACAACAGCATGAGCTA-1,0.046399,0.838426,0.115176
ACAACGGTCCCTGCGA-1,0.101214,0.000733,0.898054
ACAAGCAGTGCCTAGC-1,0.000024,0.726653,0.273323
ACAAGGAAATCCGCCC-1,0.010202,0.820605,0.169193
ACAAGGACAAGAGGTT-1,0.041088,0.000341,0.958571
ACAAGGATGCTTTAGG-1,0.501603,0.310652,0.187746
ACAAGGCCTACCAGCC-1,0.040331,0.001177,0.958492
ACAAGGGCAGGCTCTG-1,0.000019,0.853837,0.146144
ACAAGTAATTGTAAGG-1,0.000029,0.898446,0.101525
ACAATAGTCGTACGTT-1,0.000043,0.880262,0.119695
ACAATCCATTTAAACC-1,0.000056,0.536639,0.463305
ACAATGAATACGGAGA-1,0.000022,0.939996,0.059982
ACAATGATTCTTCTAC-1,0.000055,0.737812,0.262133
ACAATTGTGTCTCTTT-1,0.765434,0.070169,0.164398
ACAATTTGAGCAGTGG-1,0.076402,0.87223,0.051369
ACAATTTGGCCATATT-1,0.284586,0.501034,0.21438
ACACAAAGACGGGTGG-1,0.000035,0.649591,0.350374
ACACAAATATTCCTAG-1,0.000239,0.944229,0.055532
ACACACCAGGACCAGT-1,0.108538,0.096379,0.795082
ACACACTTTCTACACG-1,0.000077,0.748003,0.251921
ACACATGATCAAATCT-1,0.028316,0.146486,0.825198
ACACATTTCCGTAGAC-1,0.000027,0.597538,0.402434
ACACCACATAATTAGC-1,0.017609,0.706438,0.275953
ACACCCAGCATGCAGC-1,0.00978,0.396182,0.594038
ACACCCGAGAAATCCG-1,0.037041,0.000379,0.96258
ACACCGGTCTGACCGC-1,0.000033,0.46477,0.535197
ACACCTTAAGTAGGGC-1,0.00007,0.177162,0.822768
ACACCTTACTACTTGC-1,0.248805,0.18813,0.563065
ACACGAGACTCCTTCT-1,0.003012,0.816818,0.180169
ACACGGCACTATGCAT-1,0.130248,0.072549,0.797204
ACACGGGAACTTAGGG-1,0.000043,0.467327,0.53263
ACACGTAGGCCACAAG-1,0.999643,0.000238,0.000119
ACACTGATCAAGGTGT-1,0.00358,0.963525,0.032895
ACACTGGGACAGTCGT-1,0.768651,0.000496,0.230852
ACAGAACTGAGAACAA-1,0.000053,0.405106,0.594841
ACAGCATAGAGCCAGT-1,0.037867,0.001715,0.960419
ACAGCGACATTCTCAT-1,0.838132,0.074058,0.08781
ACAGCGCACCCGCAGC-1,0.000068,0.592705,0.407227
ACAGGCACGGATCCTT-1,0.872967,0.0019,0.125133
ACAGGCTTGCCCGACT-1,0.57968,0.092813,0.327507
ACAGGTGGAGGTGAGG-1,0.000021,0.969023,0.030956
ACAGTAATACAACTTG-1,0.000057,0.006435,0.993508
ACAGTATACCGTGGGA-1,0.041036,0.322568,0.636396
ACATAAGTCGTGGTGA-1,0.052402,0.000598,0.947
ACATAATAAGGCGGTG-1,0.000108,0.235487,0.764405
ACATACAATCAAGCGG-1,0.924678,0.000348,0.074975
ACATCAGCTGGGACGC-1,0.102348,0.326552,0.5711
ACATCCCGGCCATACG-1,0.063891,0.647273,0.288836
ACATCCTGGTAACTGT-1,0.137159,0.434562,0.428279
ACATCGATCGTTTACC-1,0.016538,0.758185,0.225277
ACATCGCAATATTCGG-1,0.022598,0.505815,0.471587
ACATCGGTCAGCCGCG-1,0.000022,0.877886,0.122092
ACATCGTATGCAATGG-1,0.051504,0.576768,0.371728
ACATCGTTAACCTAGT-1,0.000088,0.298489,0.701422
ACATGCTTACGGCAGC-1,0.00002,0.665385,0.334595
ACATGGCGCCAAAGTA-1,0.082688,0.760338,0.156974
ACATTAGTTTATATCC-1,0.030816,0.026588,0.942596
ACATTCGCGCGGAATA-1,0.000044,0.634885,0.365071
ACATTTGAAACCTAAC-1,0.850224,0.03415,0.115626
ACCAAACACCCAGCGA-1,0.000018,0.75602,0.243962
ACCAACACCACACACT-1,0.000016,0.988801,0.011183
ACCAACCGCACTCCAC-1,0.361885,0.354784,0.283331
ACCAACGCTTATTTAT-1,0.000033,0.668359,0.331608
ACCAAGAACGCGTGTC-1,0.0001,0.182161,0.817739
ACCAAGTCATCGGCAG-1,0.715559,0.000305,0.284137
ACCAATATGCAAGTTA-1,0.208194,0.735555,0.056251
ACCACAACTCAGAACA-1,0.033664,0.087217,0.879119
ACCACAAGTTTCTATC-1,0.00003,0.905655,0.094314
ACCACACGGTTGATGG-1,0.075922,0.654938,0.269139
ACCACCAATGTAACAA-1,0.044735,0.556587,0.398678
ACCACCCTCTCTTCTA-1,0.036253,0.295315,0.668432
ACCACGTGCAGCTATA-1,0.070295,0.887387,0.042318
ACCAGTGCCCGGTCAA-1,0.000067,0.471519,0.528414
ACCAGTGCGGGAGACG-1,0.248025,0.534518,0.217458
ACCATATCCGCAATAA-1,0.000012,0.902186,0.097802
ACCATCCGCCAACTAG-1,0.031192,0.000795,0.968013
ACCATCGTATATGGTA-1,0.000071,0.100312,0.899617
ACCCAACGCCCGTGGC-1,0.012192,0.844399,0.143408
ACCCACCTACATGCTC-1,0.014604,0.171608,0.813788
ACCCATCTTGAGGGTA-1,0.000028,0.925971,0.074002
ACCCATTTGTCCCTCT-1,0.844498,0.000284,0.155218
ACCCGAGCGAAATTAC-1,0.000033,0.993452,0.006515
ACCCGATTGGTTCCGA-1,0.045137,0.744979,0.209884
ACCCGGAAACTCCCAG-1,0.154726,0.801793,0.043481
ACCCGGAGCACCACAA-1,0.768834,0.000192,0.230973
ACCCGGATGACGCATC-1,0.06947,0.679899,0.250631
ACCCGGTTACACTTCC-1,0.00855,0.69123,0.30022
ACCCGTAGCAGAGAAT-1,0.040236,0.000527,0.959237
ACCCGTAGTCTAGTTG-1,0.844646,0.000343,0.155012
ACCCGTGTCATCAGTA-1,0.01322,0.486165,0.500615
ACCCTATGCCATATCG-1,0.000097,0.249837,0.750066
ACCCTCCCGTCAGGGC-1,0.917548,0.000207,0.082246
ACCCTCCCTTGCTATT-1,0.197526,0.37757,0.424904
ACCCTGGTAACGCCCT-1,0.000021,0.760303,0.239675
ACCCTTCATCTGCGAA-1,0.000067,0.718855,0.281077
ACCCTTGCCTGGGTCG-1,0.021147,0.809122,0.169732
ACCCTTTAGTTCTCCA-1,0.000116,0.000695,0.99919
ACCGAAGAGTCTGGTT-1,0.000128,0.000766,0.999107
ACCGACACATCTCCCA-1,0.000018,0.894606,0.105376
ACCGACTGAGTCCCAC-1,0.000052,0.4158,0.584147
ACCGAGTCTCCTTATT-1,0.136917,0.716384,0.1467
ACCGATAGGCATAACC-1,0.77142,0.000222,0.228357
ACCGATATTTAATCAT-1,0.700073,0.123539,0.176388
ACCGATGGTAGCATCG-1,0.000021,0.854586,0.145392
ACCGCAATAACTGCCT-1,0.324153,0.431456,0.24439
ACCGCGGTGGAAGTCG-1,0.174577,0.540813,0.28461
ACCGCTAGTCATTGGT-1,0.005138,0.559937,0.434925
ACCGGGCCTTTGTTGA-1,0.699994,0.061005,0.239001
ACCGGTCAGGTACACC-1,0.000036,0.259968,0.739996
ACCGGTCTGAGTACGG-1,0.000166,0.000999,0.998835
ACCGTCCACTGGGCCC-1,0.068742,0.364808,0.566449
ACCGTGACCACGTGGG-1,0.006785,0.957852,0.035363
ACCTAAGTACCTTTCA-1,0.006735,0.79973,0.193535
ACCTAATCGACTTCCT-1,0.000022,0.890523,0.109455
ACCTACAGTATGTGGT-1,0.024917,0.36033,0.614753
ACCTACTATAAATCTA-1,0.101437,0.772834,0.125728
ACCTCAGCGAGGCGCA-1,0.999424,0.000384,0.000192
ACCTCCGCCCTCGCTG-1,0.806312,0.011112,0.182576
ACCTCCGTTATTCACC-1,0.086864,0.529812,0.383323
ACCTCGAACTTATGCT-1,0.029279,0.000421,0.9703
ACCTGCGTGTCATGTT-1,0.000126,0.546044,0.45383
ACGAAATGGGCGGCAC-1,0.000027,0.368453,0.63152
ACGACCCATGAGTTGC-1,0.617274,0.098437,0.284289
ACGACTCTAGGGCCGA-1,0.999733,0.000178,0.000089
ACGACTGGTCATACTC-1,0.000037,0.648077,0.351886
ACGAGATATTTGCTTA-1,0.000068,0.35885,0.641082
ACGAGGATACCACTCT-1,0.054876,0.420556,0.524568
ACGAGGTTTACAACGT-1,0.066663,0.319334,0.614003
ACGAGTACGGATGCCC-1,0.000025,0.771397,0.228578
ACGATACATAGAACTA-1,0.000045,0.592936,0.407019
ACGATCATACATAGAG-1,0.045447,0.685845,0.268708
ACGATCATCTTGTAAA-1,0.036744,0.833948,0.129309
ACGATGCATATGTTAT-1,0.000081,0.057645,0.942274
ACGATGGATCCGATGC-1,0.000181,0.001083,0.998736
ACGCAAACTAATAGAT-1,0.001852,0.690024,0.308125
ACGCAATCACTACAGC-1,0.000344,0.750228,0.249427
ACGCATAAATGACATG-1,0.000066,0.004999,0.994935
ACGCATACGTTTACTA-1,0.707385,0.290092,0.002523
ACGCATTCGTGAGTAC-1,0.000025,0.634576,0.365399
ACGCCACTCGAAACAG-1,0.029282,0.338364,0.632354
ACGCCAGATGATTTCT-1,0.000083,0.702021,0.297896
ACGCCAGTGCGTTTGC-1,0.738923,0.000295,0.260782
ACGCCGCTAGACGACC-1,0.000024,0.745894,0.254081
ACGCGAAGTCAGACGA-1,0.038585,0.349007,0.612408
ACGCGCTACACAGGGT-1,0.000034,0.979416,0.02055
ACGCGGGCCAAGGACA-1,0.05232,0.861173,0.086507
ACGCTACTGAATGGGC-1,0.919117,0.000207,0.080677
ACGCTAGTATCAGTGC-1,0.138122,0.243855,0.618022
ACGCTAGTGATACACT-1,0.08254,0.856436,0.061024
ACGCTGTGAGGCGTAG-1,0.034162,0.001035,0.964804
ACGCTTAGTGTCTCTC-1,0.106686,0.448078,0.445236
ACGGAACACGAGTGCC-1,0.715366,0.193828,0.090807
ACGGACGCAGCGACAA-1,0.000036,0.643326,0.356638
ACGGACTCTCAAAGCG-1,0.161428,0.18051,0.658062
ACGGAGCGCAAATTAC-1,0.000044,0.53597,0.463986
ACGGATGGTGCGGATA-1,0.2791,0.069782,0.651118
ACGGCACTTGCTTGGG-1,0.010492,0.891194,0.098314
ACGGCCAACATGGACT-1,0.002657,0.562833,0.43451
ACGGCGACGATGGGAA-1,0.11042,0.805036,0.084544
ACGGCTGGATGTAGAA-1,0.000053,0.069326,0.930621
ACGGGAGTGTCGGCCC-1,0.000071,0.721781,0.278148
ACGGGCGTATGCGACA-1,0.0001,0.649743,0.350157
ACGGGTTGTGACCTGT-1,0.080914,0.123054,0.796032
ACGGTACAGTTCAATG-1,0.886939,0.019914,0.093147
ACGGTCACCGAGAACA-1,0.000049,0.000292,0.999659
ACGTACAGATTTCTCT-1,0.081161,0.003352,0.915487
ACGTACTTTGGCACGG-1,0.000046,0.452024,0.54793
ACGTAGATTGCTGATG-1,0.000018,0.979541,0.020441
ACGTAGGAGAGTCGCT-1,0.000018,0.867463,0.132519
ACGTATTACTCCGATC-1,0.165842,0.73815,0.096008
ACGTCTCGTTCCGGGA-1,0.055572,0.457132,0.487296
ACGTGACAAAGTAAGT-1,0.047334,0.394495,0.558171
ACGTGCGCCTCGTGCA-1,0.000083,0.280164,0.719753
ACGTTAATGTCGAAGA-1,0.000022,0.824861,0.175116
ACGTTAGATTTGCCCG-1,0.030269,0.602605,0.367126
ACGTTCACTATGCCGC-1,0.001539,0.89685,0.101611
ACGTTCGCAATCAATT-1,0.021277,0.743059,0.235663
ACGTTCGTTCAGGAAA-1,0.031283,0.682085,0.286633
ACGTTCTGTACAAGTC-1,0.926211,0.000379,0.07341
ACGTTGTCGTTGAAAG-1,0.00002,0.781342,0.218638
ACGTTTAGTTGTGATC-1,0.000077,0.665328,0.334595
ACGTTTCGGTGCACTT-1,0.559783,0.436535,0.003681
ACTAATACGTCAGGCG-1,0.000037,0.863487,0.136476
ACTACAAAGAGAGGTG-1,0.006457,0.552274,0.441269
ACTACATCCCGACAAG-1,0.006198,0.507546,0.486255
ACTACCAGCTCTCTGG-1,0.000063,0.905988,0.093949
ACTACCATCCGAGGGC-1,0.08776,0.478375,0.433865
ACTACGCGTTAGAATT-1,0.019887,0.519557,0.460555
ACTAGTTGCGATCGTC-1,0.765879,0.038417,0.195704
ACTATATGCTGTGTTC-1,0.000035,0.973495,0.026469
ACTATCCAGGGCATGG-1,0.098732,0.504977,0.396291
ACTATCTGCCCGCGTA-1,0.813703,0.008401,0.177896
ACTATGTCCAGCTGCC-1,0.000041,0.620306,0.379653
ACTATTCGTCCGTGGT-1,0.000203,0.743722,0.256075
ACTATTTCCGGGCCCA-1,0.021133,0.779471,0.199396
ACTCAAGTGCAAGGCT-1,0.487729,0.507445,0.004827
ACTCAATAAAGGCACG-1,0.032273,0.395366,0.57236
ACTCATGGCAGCCTTC-1,0.000035,0.340633,0.659333
ACTCCAATATCATCAT-1,0.039472,0.958302,0.002227
ACTCCCATTCCTAAAG-1,0.00005,0.236588,0.763362
ACTCCCGAATTCGTTT-1,0.000024,0.681617,0.318359
ACTCCCGTAGACTAGG-1,0.131509,0.7465,0.121991
ACTCCCTAATGCTAAA-1,0.066731,0.699897,0.233372
ACTCCCTAGAATAGTA-1,0.097603,0.612666,0.289731
ACTCCGGCCGACCACT-1,0.894853,0.001134,0.104014
ACTCGCCGTTCGATAA-1,0.994712,0.005198,0.000089
ACTCGCGATCTGACGC-1,0.014637,0.682789,0.302573
ACTCGTAACCCGTCCT-1,0.000028,0.968993,0.03098
ACTCGTCAGTAATCCC-1,0.000035,0.38419,0.615775
ACTCTCTGACTTAGGT-1,0.015011,0.960496,0.024493
ACTCTCTTATACACGA-1,0.000121,0.003124,0.996755
ACTCTGACCTAATAGA-1,0.657477,0.280685,0.061838
ACTCTTCAGCTCCCGC-1,0.054972,0.704102,0.240926
ACTCTTGTATAGTAAC-1,0.000062,0.209619,0.790319
ACTGAAACGCCGTTAG-1,0.761468,0.000345,0.238187
ACTGAATGGCGAAAGT-1,0.350683,0.172711,0.476606
ACTGATTTAGTGATTC-1,0.158384,0.271955,0.569661
ACTGCCCGCCATTCTC-1,0.000035,0.615753,0.384213
ACTGCCGTCGTAACTC-1,0.000033,0.867885,0.132083
ACTGCGGACACACCGT-1,0.024089,0.685525,0.290386
ACTGCTCGGAAGGATG-1,0.082191,0.00077,0.917039
ACTGGGATGCCAGTGC-1,0.000686,0.601431,0.397883
ACTGTACGATACACAT-1,0.000067,0.500763,0.49917
ACTGTAGCACTTTGGA-1,0.000062,0.722004,0.277933
ACTGTCCAGGATTATA-1,0.000026,0.816478,0.183496
ACTGTCTTCTTTAGAA-1,0.043827,0.392542,0.563631
ACTTACCGGGCGCGCA-1,0.000035,0.743034,0.256931
ACTTACGCATCCACGC-1,0.288419,0.117027,0.594554
ACTTATACTTACCCGG-1,0.007559,0.410597,0.581844
ACTTATTAGGATCGGT-1,0.000037,0.839114,0.160849
ACTTATTTATGTGCCA-1,0.334161,0.356283,0.309556
ACTTCAGGCTGATCCC-1,0.517937,0.189133,0.29293
ACTTCCATGCGGGACA-1,0.720193,0.024101,0.255705
ACTTCCTGTCGTGCGA-1,0.208956,0.126912,0.664132
ACTTCGCCATACGCAC-1,0.191735,0.507021,0.301244
ACTTCGCTAGCGAGTG-1,0.037202,0.785801,0.176997
ACTTGACTCCCTCTTT-1,0.009724,0.894981,0.095295
ACTTGGGACCCGGTGG-1,0.000026,0.653767,0.346207
ACTTGGGCTTTCGCCA-1,0.13999,0.151676,0.708334
ACTTGTAGTCCCTTCA-1,0.076596,0.016376,0.907028
ACTTGTGGATGGAACG-1,0.683692,0.00547,0.310838
ACTTGTTACCGGATCA-1,0.100191,0.745739,0.15407
ACTTTACCCTCATGAA-1,0.043026,0.559163,0.397812
ACTTTATACACCACTT-1,0.000133,0.000799,0.999068
ACTTTCCTATAGCTTC-1,0.000029,0.9739,0.026071
ACTTTGACTGCATCCT-1,0.064256,0.099726,0.836018
ACTTTGGTCGTGCTCC-1,0.07595,0.003334,0.920716
ACTTTGTCGACGCACT-1,0.505117,0.388082,0.106801
AGAAATTATGACTCGC-1,0.910137,0.022417,0.067446
AGAACACGGCGATGGT-1,0.000039,0.113831,0.88613
AGAACCCAGCGTGACA-1,0.107468,0.648557,0.243975
AGAACCCTCAATTGGG-1,0.035154,0.00046,0.964386
AGAACGTGGTACATTC-1,0.000024,0.874588,0.125388
AGAACTGTACTTTGTA-1,0.999496,0.000336,0.000168
AGAAGAGCGCCGTTCC-1,0.136621,0.671519,0.191859
AGAAGGTACACTTCAC-1,0.042346,0.072223,0.885431
AGAAGGTTGCCGAATT-1,0.025902,0.869644,0.104454
AGAAGGTTGTAGGTCG-1,0.230526,0.317246,0.452227
AGAAGTGATTCGTGAT-1,0.000061,0.664016,0.335924
AGAATAAATCTTCAGG-1,0.097458,0.134447,0.768095
AGAATACAGGCTATCC-1,0.453581,0.455955,0.090464
AGAATGCGGGTTCGGA-1,0.000029,0.911607,0.088364
AGAATTATGGATTCGA-1,0.000016,0.923203,0.076781
AGACAGGCATCTCAGC-1,0.7322,0.001992,0.265809
AGACCAAACCACACCT-1,0.099421,0.000389,0.90019
AGACCATGGGATACAA-1,0.089925,0.002467,0.907608
AGACCCACCGCTGATC-1,0.000019,0.893631,0.10635
AGACCCGCCCTCCTCG-1,0.100028,0.669421,0.230551
AGACCGCTCCGCGGTT-1,0.640089,0.103952,0.255959
AGACCGGGAAACCCTG-1,0.000066,0.023984,0.97595
AGACGAAGTGCCGGTC-1,0.345534,0.058474,0.595991
AGACGACGATGCCGCT-1,0.000035,0.397578,0.602386
AGACGCCCACTTCGCC-1,0.85974,0.000217,0.140043
AGACGGGATTGGTATA-1,0.147944,0.321661,0.530395
AGACGGGCCGATTTAA-1,0.000048,0.700888,0.299064
AGACTAGCCTTCCAGA-1,0.000078,0.406883,0.59304
AGACTGTTACCGGGTC-1,0.000047,0.567379,0.432575
AGAGAAACACCAGAAA-1,0.002457,0.717064,0.280479
AGAGAACCGTCTAGGA-1,0.178728,0.745238,0.076034
AGAGAAGGAGTACAAT-1,0.000027,0.990256,0.009717
AGAGATCTCTAAAGCG-1,0.000096,0.000578,0.999326
AGAGCAGTTATGAGAC-1,0.154803,0.030514,0.814684
AGAGCCGCCGAGATTT-1,0.707212,0.028268,0.26452
AGAGCGGGCTAATCAT-1,0.00006,0.848693,0.151247
AGAGCGTACAAGCTCG-1,0.11014,0.001035,0.888826
AGAGGCTTCGGAAACC-1,0.713272,0.000404,0.286325
AGAGGGACAATTGTCC-1,0.000016,0.990311,0.009673
AGAGTAAACTTCACTA-1,0.341582,0.430953,0.227465
AGAGTATAGTGTTACG-1,0.006703,0.784044,0.209253
AGAGTCTTAATGAAAG-1,0.614011,0.180941,0.205048
AGAGTGAACAGACACC-1,0.040105,0.120459,0.839435
AGAGTTAGAGACCGAT-1,0.000118,0.209853,0.790029
AGAGTTGCAGGCCTCC-1,0.000012,0.687607,0.312381
AGATAACTTCAGGGCC-1,0.000023,0.883161,0.116816
AGATAATCACACCTAT-1,0.000081,0.000484,0.999435
AGATACCAATAGAACC-1,0.86558,0.031298,0.103122
AGATACCAGCACTTCA-1,0.015256,0.47382,0.510924
AGATACCGGTGTTCAC-1,0.000053,0.64723,0.352718
AGATACGACTTCATAT-1,0.085172,0.324951,0.589877
AGATACTCAAGATCGA-1,0.092869,0.036032,0.871099
AGATATAATACGACTA-1,0.04385,0.856771,0.099379
AGATCGTGCATAAGAT-1,0.00003,0.791201,0.208768
AGATCTCAGGTGTGAT-1,0.000029,0.915443,0.084528
AGATCTGGAGAGGATA-1,0.045753,0.003827,0.95042
AGATGACTCGCCCACG-1,0.012822,0.622285,0.364894
AGATGAGGGTTGCGAT-1,0.000037,0.993962,0.006002
AGATGATGGAGTCTGG-1,0.035926,0.256288,0.707787
AGATGCAAGACGTGCA-1,0.000016,0.864286,0.135698
AGATGCATCCTGTGTC-1,0.08345,0.263881,0.652669
AGATTATAGGACGTTT-1,0.000025,0.982703,0.017273
AGATTCAAGCGGGTCG-1,0.101865,0.00113,0.897004
AGATTCACAACCGATA-1,0.125831,0.364733,0.509436
AGCAAAGGCCGCTAGT-1,0.030191,0.802681,0.167128
AGCAACATATCTTATT-1,0.635208,0.247556,0.117235
AGCAACCGAAAGTAAT-1,0.000016,0.952028,0.047956
AGCACACGTTTAGACT-1,0.000064,0.751827,0.248108
AGCACCAGTACTCACG-1,0.053886,0.654675,0.291439
AGCACTACCGGCCTGT-1,0.002007,0.269283,0.72871
AGCACTACCTCACCAG-1,0.180822,0.000777,0.8184
AGCACTTAAGGACGCC-1,0.000051,0.170802,0.829148
AGCAGAAGGAGAAAGA-1,0.01815,0.41418,0.567669
AGCAGCCAGATGAATA-1,0.000021,0.648947,0.351031
AGCAGTCGAAGCATGC-1,0.798278,0.133032,0.06869
AGCATATCAATATGCT-1,0.679674,0.003945,0.316381
AGCATCATTTCGAAAG-1,0.00003,0.798793,0.201178
AGCATCGTCGATAATT-1,0.000083,0.861114,0.138803
AGCATTACGAGGCAAG-1,0.956114,0.000338,0.043548
AGCCAAGCTTTGTGTC-1,0.053067,0.302416,0.644517
AGCCACAGGTTACCCG-1,0.803517,0.00031,0.196173
AGCCACTCCCGTGCTT-1,0.000053,0.887711,0.112237
AGCCATATAGTATGTG-1,0.067041,0.777487,0.155472
AGCCCATACATGTAAG-1,0.016189,0.950812,0.032999
AGCCCGCAACAAGCAG-1,0.000007,0.888998,0.110995
AGCCCGCACTACAATG-1,0.962148,0.000193,0.037659
AGCCCGGCATTAGAGG-1,0.000047,0.619909,0.380044
AGCCCGGTAGCCTGTA-1,0.000014,0.849302,0.150684
AGCCCTAAGCGAAGTT-1,0.000037,0.92192,0.078043
AGCCCTCCCTGGTGGC-1,0.183354,0.226918,0.589728
AGCCCTGTCGCACCGT-1,0.020173,0.832861,0.146966
AGCCCTTCTAATCCGA-1,0.000044,0.76955,0.230407
AGCCCTTGGACATCCC-1,0.778135,0.05785,0.164015
AGCCGTGGCTAAATGT-1,0.000038,0.862776,0.137186
AGCCTAATACCCACGT-1,0.01052,0.000573,0.988907
AGCCTTGTCACTGATA-1,0.070993,0.349703,0.579304
AGCGACAGGAACGGTC-1,0.000023,0.943906,0.056071
AGCGACATCCCATTCA-1,0.000027,0.993816,0.006157
AGCGACCAACGATATT-1,0.000027,0.731862,0.268111
AGCGACTTTGAAGACA-1,0.059304,0.628848,0.311848
AGCGAGACGTGAAGGC-1,0.096959,0.593606,0.309435
AGCGATGCGCCTAATA-1,0.892123,0.00744,0.100437
AGCGCATAATGAATCG-1,0.000032,0.559088,0.440879
AGCGCGGGTGCCAATG-1,0.024642,0.788513,0.186846
AGCGCTAGAGCGATGT-1,0.000011,0.869937,0.130052
AGCGCTTATGGGCAAG-1,0.000056,0.633255,0.366689
AGCGGACACTTCGTAG-1,0.033096,0.852913,0.113991
AGCGGCGGTTAGCGGT-1,0.208318,0.000677,0.791005
AGCGGGAAGGGTCCAT-1,0.099447,0.428666,0.471887
AGCGGGTCTGACACTC-1,0.023725,0.650837,0.325437
AGCGGTTGCCGCTCTG-1,0.000019,0.831815,0.168166
AGCGTGGTATTCTACT-1,0.061854,0.608814,0.329332
AGCTAACAAGCAATGT-1,0.000034,0.805316,0.19465
AGCTAAGCTCCGTCCG-1,0.037501,0.5781,0.384399
AGCTAAGTACGCAGGC-1,0.540251,0.103486,0.356263
AGCTACGAATGGTGGT-1,0.999719,0.000187,0.000094
AGCTAGAAGCAGAAGT-1,0.000029,0.65494,0.34503
AGCTATTTAATCCAAC-1,0.000047,0.885497,0.114457
AGCTCCATATATGTTC-1,0.916269,0.052193,0.031538
AGCTCCTTCGCACATC-1,0.082292,0.645229,0.272479
AGCTCGTTGATGGAAA-1,0.000022,0.703898,0.29608
AGCTCTAGACGTTCCA-1,0.00084,0.87378,0.12538
AGCTCTTCCCAGTGCA-1,0.000062,0.449873,0.550065
AGCTCTTCGTAACCTT-1,0.034364,0.859733,0.105903
AGCTCTTTACTCAGTT-1,0.000027,0.732113,0.26786
AGCTGAAGTAAACCAA-1,0.000027,0.553195,0.446778
AGCTGCTGTGCCGAAT-1,0.167112,0.191507,0.641381
AGCTGTAACCTCAATC-1,0.000055,0.812615,0.187331
AGCTTCTTCTCGAGCA-1,0.935853,0.023469,0.040678
AGCTTGATCAGGGTAG-1,0.018661,0.000463,0.980876
AGCTTGATCTTAACTT-1,0.00002,0.961825,0.038155
AGGAACGAACGACTTC-1,0.913958,0.006121,0.079921
AGGAAGCTGTCCGCCG-1,0.030923,0.818192,0.150885
AGGACAGTCGAATCCC-1,0.00604,0.512479,0.481481
AGGACATCGGCACACT-1,0.904358,0.000382,0.09526
AGGACGACCCATTAGA-1,0.000025,0.983339,0.016636
AGGACGCTCGATGTTG-1,0.00003,0.95356,0.04641
AGGAGACATCCACAGT-1,0.000009,0.979029,0.020962
AGGAGAGTCTGGCTAC-1,0.043191,0.799032,0.157777
AGGAGCGTTTATTATC-1,0.997682,0.000333,0.001985
AGGAGGCCTTCGCGCG-1,0.818456,0.000263,0.181281
AGGATAAAGTCGGGAT-1,0.000014,0.905008,0.094978
AGGATATAGGGATTTA-1,0.258598,0.52056,0.220842
AGGATATCCGACTGCA-1,0.64491,0.000164,0.354926
AGGATCACGCGATCTG-1,0.005378,0.243766,0.750856
AGGATTGCTTACGACA-1,0.000008,0.970199,0.029794
AGGCACGTGACTGTCC-1,0.554643,0.413071,0.032286
AGGCAGATGCGTAAAC-1,0.050067,0.927076,0.022857
AGGCAGGGAGCGTACT-1,0.00003,0.8274,0.17257
AGGCATTGTCGTAGGG-1,0.068849,0.75457,0.176581
AGGCCACATTGGTTAC-1,0.173618,0.462757,0.363624
AGGCCACCCGTTATGA-1,0.000061,0.342247,0.657692
AGGCCCATTGTACAGG-1,0.000113,0.016577,0.98331
AGGCCCTAGAACGCCA-1,0.000061,0.619981,0.379958
AGGCCTATCATACCAA-1,0.000421,0.815967,0.183612
AGGCCTGAGAATCTCG-1,0.765151,0.00796,0.22689
AGGCGATAACTGGCGT-1,0.600021,0.340015,0.059964
AGGCGGTTTGTCCCGC-1,0.033401,0.6793,0.287299
AGGCGTCTATGGACGG-1,0.163832,0.29974,0.536428
AGGCTATGGTTAGCTT-1,0.000085,0.084982,0.914933
AGGCTTAAGTTGCACA-1,0.074901,0.102118,0.822981
AGGCTTCCCGAAGAAG-1,0.116657,0.595382,0.287961
AGGGAAACGAGGTACT-1,0.019671,0.894265,0.086063
AGGGACCGGCTGCGTT-1,0.050176,0.820613,0.12921
AGGGACTCTACGCGAC-1,0.003886,0.996073,0.000041
AGGGAGACATACTTCG-1,0.030044,0.846834,0.123122
AGGGCAGCGGCGTGGT-1,0.000176,0.001055,0.998769
AGGGCCCTAATGTTCT-1,0.857694,0.000265,0.142041
AGGGCGAGCAGCTGAT-1,0.000039,0.659062,0.340899
AGGGCGTGATCGGCTA-1,0.000163,0.000976,0.998861
AGGGCTGCAGTTACAG-1,0.000028,0.716482,0.28349
AGGGTCAGAGCACTCG-1,0.000028,0.512186,0.487786
AGGGTCAGTAACCCTA-1,0.006398,0.802603,0.190999
AGGGTCGATGCGAACT-1,0.185251,0.775681,0.039067
AGGGTCTGGACGCAGT-1,0.892094,0.014902,0.093004
AGGGTGCCGTTCTTTA-1,0.000027,0.723529,0.276443
AGGGTGCTCTCGAGGG-1,0.007702,0.608493,0.383805
AGGGTGTGCTACACGC-1,0.000083,0.043762,0.956155
AGGGTTCAGACGGTCC-1,0.025803,0.665595,0.308602
AGGGTTCCCTTTGGTT-1,0.152436,0.388973,0.458591
AGGGTTTAGTTCGGGA-1,0.062752,0.93651,0.000739
AGGTAACCTCCTATTC-1,0.101785,0.312467,0.585748
AGGTACGATATTGCCA-1,0.000062,0.485196,0.514742
AGGTAGATCGAGATAT-1,0.000025,0.706388,0.293587
AGGTAGGTACAAAGCT-1,0.00006,0.66808,0.331861
AGGTATAATTGATAGT-1,0.00212,0.846097,0.151782
AGGTATGCGGACATTA-1,0.004761,0.90674,0.088499
AGGTCAGGTGAGAGTG-1,0.00002,0.867012,0.132968
AGGTCGCCTCCCAACA-1,0.77173,0.050545,0.177725
AGGTCGCGGAGTTACT-1,0.038941,0.949656,0.011402
AGGTGCACGTCCACAT-1,0.999659,0.000227,0.000114
AGGTGGTGACCTTCGC-1,0.026286,0.957881,0.015833
AGGTGTATCGCCATGA-1,0.000083,0.000499,0.999418
AGGTGTTGCCGACCAC-1,0.903808,0.000145,0.096047
AGGTTACACCATGCCG-1,0.146364,0.794362,0.059274
AGGTTCTCCTTTCCGG-1,0.047409,0.000718,0.951873
AGGTTGAGGCACGCTT-1,0.000078,0.252089,0.747833
AGGTTTCACACACCTT-1,0.038398,0.815677,0.145925
AGTAACGTTCATCCTG-1,0.18874,0.000953,0.810307
AGTAACTATAGCAGCC-1,0.701147,0.188849,0.110005
AGTAAGGGACAGAATC-1,0.695438,0.135708,0.168854
AGTAATCTAAGGGTGG-1,0.719759,0.014771,0.26547
AGTAATGTCTTGCCGC-1,0.000082,0.665985,0.333932
AGTAATTTGCAAGCGT-1,0.059081,0.000559,0.940361
AGTACAGAAGCTTATA-1,0.156451,0.572714,0.270834
AGTACATCATTTATCA-1,0.005397,0.754358,0.240245
AGTACCTTCGAGTGCT-1,0.000079,0.415691,0.58423
AGTACGGCCCGTATCG-1,0.036104,0.343887,0.620009
AGTACGGGCACCTGGC-1,0.027414,0.742501,0.230085
AGTACGTGGCCTGTCT-1,0.000234,0.001406,0.99836
AGTACTCTTATGCCCA-1,0.420034,0.366261,0.213705
AGTAGAAGGCGCCTCA-1,0.112897,0.738572,0.148532
AGTAGCTAGACGCCGA-1,0.000261,0.118945,0.880794
AGTAGGAAGGAAGTTG-1,0.000037,0.920105,0.079858
AGTAGGTAACATACAT-1,0.107696,0.000846,0.891457
AGTATAATACTAGGCA-1,0.000059,0.083356,0.916586
AGTATACACAGCGACA-1,0.0516,0.925313,0.023087
AGTATGCTGGAGACCA-1,0.000028,0.999886,0.000085
AGTATTTGGCACGACC-1,0.002327,0.970309,0.027364
AGTCAAATGATGTGAT-1,0.000905,0.9436,0.055495
AGTCAACACCACCATC-1,0.016601,0.868682,0.114717
AGTCAAGATGACACTT-1,0.248011,0.512259,0.23973
AGTCACTAGCTCTCGA-1,0.759578,0.007076,0.233347
AGTCCATTGGCTGATG-1,0.341683,0.623695,0.034622
AGTCCCGCCTTTAATT-1,0.000054,0.528296,0.47165
AGTCCCTCGCAGAAAG-1,0.001968,0.636176,0.361856
AGTCGAATTAGCGTAA-1,0.99972,0.000187,0.000093
AGTCGACGGTCTCAAG-1,0.167248,0.47481,0.357942
AGTCGGCCCAAACGAC-1,0.000054,0.613142,0.386804
AGTCGGCTCAACTTTA-1,0.000041,0.829484,0.170475
AGTCGGTTGCGTGAGA-1,0.031565,0.890208,0.078227
AGTCGTATAAAGCAGA-1,0.425235,0.336072,0.238693
AGTCGTCGACCACCAA-1,0.739099,0.000418,0.260483
AGTCGTGGGCATTACG-1,0.000045,0.760832,0.239124
AGTCTAAAGTATACTC-1,0.000018,0.889718,0.110264
AGTCTCACAAGACTAC-1,0.064921,0.595627,0.339452
AGTCTTCTCCTCAAAT-1,0.003415,0.908112,0.088474
AGTCTTTAAAGTGTCC-1,0.061514,0.651718,0.286768
AGTGAACAAACTTCTC-1,0.16842,0.781799,0.04978
AGTGAAGATGGTGTCC-1,0.019914,0.762432,0.217654
AGTGACCTACTTTACG-1,0.041813,0.91328,0.044907
AGTGACTGTGACACAA-1,0.0444,0.612688,0.342912
AGTGAGACTTCCAGTA-1,0.000063,0.477036,0.5229
AGTGAGCCTCGCCGCC-1,0.049985,0.558462,0.391552
AGTGAGGGTTTCTGAC-1,0.042117,0.150613,0.80727
AGTGAGTCGAATTAAC-1,0.580639,0.303604,0.115757
AGTGATAACCTGCGCG-1,0.890571,0.109261,0.000168
AGTGATATGAGTAGTT-1,0.000022,0.888269,0.111709
AGTGATTCAAGCAGGA-1,0.004971,0.607612,0.387418
AGTGCACGCTTAAGAA-1,0.431583,0.528003,0.040414
AGTGCGTAGCTCGTAA-1,0.000038,0.219897,0.780065
AGTGCTAAACACAGCA-1,0.652116,0.227921,0.119963
AGTGCTTGCACGAATA-1,0.013732,0.739994,0.246273
AGTGGCCCGCAAATGG-1,0.893209,0.000419,0.106372
AGTGGCGGCAATTTGA-1,0.090188,0.901485,0.008327
AGTGGCGTCTGAAGGT-1,0.546634,0.042632,0.410734
AGTGGCTCCGTCGGCC-1,0.183025,0.0004,0.816574
AGTGGTGTTACCCGTG-1,0.039046,0.095594,0.86536
AGTGTATTGCGCATTG-1,0.000509,0.166375,0.833116
AGTTAAACACTTGCGA-1,0.024792,0.556173,0.419035
AGTTAAGCGGTCCCGG-1,0.000049,0.756904,0.243047
AGTTAAGTCAACCGCT-1,0.000038,0.979378,0.020584
AGTTACTCTATCGTGG-1,0.000093,0.628681,0.371226
AGTTATTCAGACTGTG-1,0.889105,0.00024,0.110656
AGTTCCTACAGAATTA-1,0.057328,0.92884,0.013832
AGTTCCTATTTATGTT-1,0.011111,0.794859,0.19403
AGTTGACGGTCCTTGC-1,0.082154,0.653433,0.264413
AGTTGCGGTCCTCAAC-1,0.020785,0.00045,0.978766
AGTTGGCAAGGCTAGA-1,0.922055,0.054117,0.023828
AGTTTATGTAAAGACA-1,0.000009,0.8087,0.191291
AGTTTCGCAGGTCGGA-1,0.012212,0.001074,0.986714
AGTTTGCACCTGCCTC-1,0.054002,0.550936,0.395063
AGTTTGGCACGGGTTG-1,0.287389,0.482821,0.22979
AGTTTGGCCAGACCTA-1,0.00003,0.979103,0.020867
ATAAACGGACCCGTAA-1,0.061619,0.816084,0.122297
ATAAACGTTGCACCAC-1,0.753044,0.010664,0.236293
ATAAAGGCTCGGTCGT-1,0.000042,0.430114,0.569844
ATAAAGGTCAAGTACG-1,0.071007,0.117457,0.811536
ATAAATATTAGCAGCT-1,0.005908,0.648756,0.345336
ATAACGCCGGAGGGTC-1,0.019647,0.212545,0.767808
ATAACGGAGTCCAACG-1,0.008809,0.538983,0.452208
ATAACGTTACCTCCAC-1,0.000031,0.755559,0.244409
ATAAGGTGGAGAACAT-1,0.20803,0.763034,0.028936
ATAAGTACCCGATTGT-1,0.000044,0.704542,0.295414
ATAAGTAGGATTCAGA-1,0.000026,0.731534,0.26844
ATAAGTAGGGCGACTC-1,0.00001,0.876602,0.123388
ATAAGTTACCGCGACG-1,0.042536,0.846272,0.111192
ATAATAGCTGTTGAAT-1,0.000022,0.665733,0.334245
ATAATCTTGGAGAACC-1,0.364385,0.310352,0.325262
ATAATTAGCTAAGTAG-1,0.000037,0.331464,0.668499
ATACAGCGTCCACTGA-1,0.000383,0.278399,0.721218
ATACAGGCCCTCCAAT-1,0.000024,0.904479,0.095497
ATACCACGGGCAACTT-1,0.000061,0.279754,0.720186
ATACCAGGCTAATAGA-1,0.065619,0.365209,0.569172
ATACCCTCCCGGCCAA-1,0.088971,0.000326,0.910703
ATACCGTCATCCATAA-1,0.000578,0.612705,0.386716
ATACCTAACCAAGAAA-1,0.000011,0.999919,0.000071
ATACGAAGGCTTTCCA-1,0.105654,0.550348,0.343998
ATACGACAGATGGGTA-1,0.161577,0.040428,0.797995
ATACGAGGTTTGTAAG-1,0.024168,0.525675,0.450157
ATACGCCGGCGAAACC-1,0.003163,0.883628,0.113209
ATACGGAACGTCGTTT-1,0.000075,0.531193,0.468732
ATACGGGTTTCGATTG-1,0.017703,0.355627,0.62667
ATACGGTGAAGATGCA-1,0.049405,0.34726,0.603335
ATACGTACTTAGCCAC-1,0.324468,0.593099,0.082434
ATACGTCCACTCCTGT-1,0.449652,0.426316,0.124032
ATACGTTATGCACGGA-1,0.007672,0.267374,0.724954
ATACTACCCGTACCAC-1,0.924432,0.000395,0.075173
ATACTAGCATGACCCT-1,0.000069,0.512045,0.487886
ATACTGCCTTACACCG-1,0.472303,0.137993,0.389704
ATAGACAACGGGACCT-1,0.085031,0.534996,0.379972
ATAGACGAAGAGAAAG-1,0.000029,0.845608,0.154363
ATAGAGTACTGGGACA-1,0.000076,0.585162,0.414762
ATAGAGTTATCAACTT-1,0.000014,0.903384,0.096601
ATAGCAACTAGGGAAG-1,0.913906,0.02366,0.062435
ATAGCCATAACAGTCA-1,0.740258,0.000225,0.259517
ATAGGAATCTAAGCTT-1,0.042206,0.000856,0.956938
ATAGGCGGCTATAGAA-1,0.000053,0.333649,0.666299
ATAGGCTAGCTTCGCA-1,0.028843,0.544599,0.426558
ATAGGGATATCCTTGA-1,0.000058,0.921427,0.078515
ATAGGTTGGGCAGATG-1,0.047029,0.855845,0.097126
ATAGTCTTTGACGTGC-1,0.182029,0.00134,0.816631
ATAGTGAAGCGTTCTC-1,0.000008,0.975444,0.024548
ATAGTTCCACCCACTC-1,0.027213,0.530627,0.44216
ATATAAAGCGCTCGTG-1,0.000033,0.768728,0.23124
ATATAAATGTAGCTGC-1,0.066844,0.671282,0.261874
ATATAACACGGGCGCA-1,0.812254,0.096646,0.0911
ATATACGCTCGTGACG-1,0.868578,0.021619,0.109803
ATATAGAGTATTGGTC-1,0.169328,0.000428,0.830244
ATATCAACCTACAGAG-1,0.149094,0.624762,0.226145
ATATCAATTCCAGCCT-1,0.081632,0.208066,0.710302
ATATCGGTAGGGAGAT-1,0.080977,0.380373,0.53865
ATATCGTGCCAGACCC-1,0.145476,0.430175,0.42435
ATATCGTTCCTCGAAC-1,0.693367,0.040027,0.266606
ATATCTCCCTCGTTAA-1,0.000038,0.848929,0.151033
ATATCTTAGGGCCTTC-1,0.001731,0.9588,0.039469
ATATGGGATAGCAACT-1,0.06539,0.824204,0.110405
ATATGTCTAGAGCGTG-1,0.12854,0.565178,0.306282
ATATGTCTCCCTAGCC-1,0.041426,0.34484,0.613735
ATATGTGCACAAACCA-1,0.000013,0.75427,0.245717
ATATTCAGTTAAACCT-1,0.013199,0.875313,0.111488
ATATTCCACATAGTGA-1,0.09721,0.396123,0.506668
ATATTCCCACAGGTCA-1,0.098776,0.000871,0.900353
ATATTGGAGAGGCCTT-1,0.156294,0.687844,0.155862
ATATTTAACCCTCAAG-1,0.000026,0.837924,0.16205
ATCAAACACTGTTCCA-1,0.565852,0.054345,0.379803
ATCAAACGAAGGTTTG-1,0.050031,0.87382,0.076149
ATCAAAGAGCCGTGGT-1,0.000043,0.707291,0.292666
ATCAAGATCCCAGGAC-1,0.036368,0.962397,0.001235
ATCAATCTGGGCTGCA-1,0.021092,0.940623,0.038285
ATCAATGCCGTGGCTG-1,0.00004,0.415665,0.584295
ATCACATTAGAATATC-1,0.000033,0.832718,0.167249
ATCACGTGCTAATTAA-1,0.000038,0.604606,0.395356
ATCACTTCATCCTCGC-1,0.000057,0.765791,0.234152
