Barcode,Topic 1,Topic 2,Topic 3to5,Topic 6to7,Topic 8,Topic 9,Topic 10
AAACAAGTATCTCCCA-1,0.734542,0.000041,0.000123,0.000082,0.083976,0.181195,0.000041
AAACACCAATAACTGC-1,0.00241,0.000023,0.446051,0.250591,0.000023,0.290079,0.010822
AAACAGAGCGACTCCT-1,0.000031,0.042843,0.27091,0.618627,0.010924,0.056634,0.000031
AAACAGCTTTCAGAAG-1,0.068264,0.000058,0.126751,0.188348,0.223877,0.232722,0.159979
AAACAGGGTCTATATT-1,0.000096,0.000096,0.000289,0.01221,0.604903,0.380049,0.002357
AAACAGTGTTCCTGGG-1,0.000012,0.004285,0.406295,0.269451,0.070595,0.118634,0.130729
AAACATGGTGAGAGGA-1,0.057117,0.002514,0.24574,0.20059,0.074312,0.225423,0.194303
AAACATTTCCCGGATT-1,0.772174,0.000077,0.000232,0.000154,0.227208,0.000077,0.000077
AAACCACTACACAGAT-1,0.070092,0.000066,0.000199,0.000132,0.209825,0.690565,0.02912
AAACCCGAACGAAATC-1,0.502238,0.002831,0.0001,0.011852,0.476244,0.000033,0.006702
AAACCGGAAATGTTAA-1,0.578309,0.007254,0.378255,0.000051,0.000026,0.000406,0.035699
AAACCGGGTAGGTACC-1,0.000059,0.000059,0.033209,0.455763,0.325712,0.156549,0.028649
AAACCGTTCGTCCAGG-1,0.000041,0.000041,0.015025,0.454207,0.457827,0.072817,0.000041
AAACCTAAGCAGCCGG-1,0.655007,0.059809,0.224932,0.052345,0.00786,0.000024,0.000024
AAACCTCATGAAGTTG-1,0.011653,0.004427,0.000214,0.000142,0.208299,0.694523,0.080741
AAACGAAGATGGAGTA-1,0.079718,0.036425,0.17839,0.196334,0.076417,0.253851,0.178865
AAACGACAGTCTTGCC-1,0.037556,0.000079,0.000236,0.000158,0.350108,0.509277,0.102585
AAACGAGACGGTTGAT-1,0.00001,0.001313,0.677456,0.240869,0.00001,0.010129,0.070214
AAACGCCCGAGATCGG-1,0.000118,0.000118,0.000354,0.000236,0.38621,0.578467,0.034498
AAACGCTGGGCACGAC-1,0.636788,0.000502,0.051575,0.00394,0.170542,0.121283,0.015371
AAACGGGCGTACGGGT-1,0.76687,0.000038,0.077422,0.086946,0.068647,0.000038,0.000038
AAACGGTTGCGAACTG-1,0.000474,0.00002,0.625998,0.056276,0.019498,0.000021,0.297712
AAACGTGTTCGCCCTA-1,0.12376,0.001558,0.021952,0.137342,0.174723,0.517712,0.022952
AAACTAACGTGGCGAC-1,0.00003,0.00003,0.283301,0.531088,0.006079,0.120163,0.059309
AAACTCGGTTCGCAAT-1,0.033538,0.332437,0.249996,0.165948,0.083155,0.066494,0.068433
AAACTCGTGATATAAG-1,0.000032,0.158552,0.039165,0.323485,0.186829,0.279512,0.012426
AAACTGCTGGCTCCAA-1,0.041527,0.189239,0.566023,0.112721,0.00693,0.021395,0.062165
AAACTTAATTGCACGC-1,0.093175,0.000878,0.000091,0.004518,0.004412,0.896896,0.00003
AAACTTGCAAACGTAT-1,0.000027,0.000027,0.081464,0.793465,0.005461,0.036153,0.083402
AAAGAATGACCTTAGA-1,0.078105,0.01766,0.202822,0.245926,0.043771,0.238461,0.173255
AAAGAATGTGGACTAA-1,0.838093,0.00003,0.000089,0.000059,0.00003,0.00003,0.16167
AAAGACTGGGCGCTTT-1,0.078639,0.000041,0.170277,0.215074,0.060355,0.40674,0.068874
AAAGCTTGCCTACATA-1,0.005691,0.000009,0.412407,0.412604,0.007536,0.15124,0.010514
AAAGGCCCTATAATAC-1,0.000036,0.000036,0.136879,0.488402,0.195735,0.068892,0.11002
AAAGGCTACGGACCAT-1,0.054594,0.060761,0.518214,0.280027,0.007727,0.078662,0.000016
AAAGGCTCTCGCGCCG-1,0.000028,0.045654,0.301319,0.298081,0.225984,0.128906,0.000028
AAAGGGATGTAGCAAG-1,0.000059,0.022357,0.03979,0.456455,0.396188,0.085092,0.000059
AAAGGGCAGCTTGAAT-1,0.035977,0.000083,0.000249,0.000166,0.409141,0.5543,0.000083
AAAGGTAAGCTGTACC-1,0.000063,0.000063,0.023873,0.444058,0.249771,0.282108,0.000063
AAAGTAGCATTGCTCA-1,0.000038,0.000038,0.360286,0.467288,0.021038,0.151275,0.000038
AAAGTCGACCCTCAGT-1,0.01293,0.000065,0.000195,0.00013,0.440897,0.391937,0.153845
AAAGTGCCATCAATTA-1,0.30897,0.000195,0.619086,0.056028,0.001335,0.000014,0.014372
AAAGTGTGATTTATCT-1,0.183283,0.083997,0.583166,0.082734,0.066782,0.000019,0.000019
AAAGTTGACTCCCGTA-1,0.152849,0.242414,0.000094,0.000063,0.275694,0.267692,0.061194
AAATAACCATACGGGA-1,0.000038,0.037233,0.198471,0.439744,0.035695,0.163106,0.125713
AAATAAGGTAGTGCCC-1,0.000014,0.025394,0.638669,0.126559,0.113702,0.008953,0.086707
AAATACCTATAAGCAT-1,0.007513,0.073253,0.534598,0.286574,0.098027,0.000017,0.000017
AAATAGCTTAGACTTT-1,0.0124,0.039071,0.380242,0.103369,0.435187,0.029707,0.000024
AAATAGGGTGCTATTG-1,0.173858,0.000071,0.02483,0.122164,0.648306,0.000071,0.030698
AAATCACTCCTAAACG-1,0.124413,0.006479,0.110197,0.097524,0.135956,0.349445,0.175985
AAATCCGATACACGCC-1,0.704465,0.110309,0.000095,0.008365,0.046872,0.121311,0.008584
AAATCGCGGAAGGAGT-1,0.038007,0.029104,0.228149,0.162225,0.179766,0.241745,0.121004
AAATCGTGTACCACAA-1,0.017954,0.000027,0.202589,0.438523,0.317879,0.002887,0.020141
AAATCTAGCCCTGCTA-1,0.856548,0.019695,0.000097,0.000065,0.000032,0.092754,0.03081
AAATCTGCCCGCGTCC-1,0.091636,0.000068,0.000204,0.000136,0.116288,0.641769,0.149898
AAATGACTGATCAAAC-1,0.026424,0.055373,0.53732,0.033621,0.182602,0.044802,0.119858
AAATGATTCGATCAGC-1,0.016136,0.000028,0.361894,0.393895,0.18838,0.039638,0.000028
AAATGGCATGTCTTGT-1,0.000039,0.000039,0.173092,0.758045,0.009703,0.043912,0.015171
AAATGGCCCGTGCCCT-1,0.00006,0.012308,0.000179,0.146227,0.369281,0.463988,0.007958
AAATGGTCAATGTGCC-1,0.000026,0.061824,0.454901,0.19029,0.051545,0.229629,0.011783
AAATTAACGGGTAGCT-1,0.040024,0.005024,0.400929,0.522408,0.007077,0.023035,0.001504
AAATTACACGACTCTG-1,0.000042,0.019702,0.335289,0.37833,0.000042,0.266552,0.000042
AAATTACCTATCGATG-1,0.018952,0.000015,0.520615,0.315649,0.023406,0.000015,0.121346
AAATTCCAGGTCCAAA-1,0.001353,0.002927,0.489951,0.113334,0.247122,0.000012,0.145301
AAATTGATAGTCCTTT-1,0.037385,0.014216,0.199714,0.580385,0.020278,0.147967,0.000056
AAATTGGTGAGAAGCA-1,0.000014,0.059425,0.652598,0.137322,0.000014,0.150611,0.000014
AAATTTACCGAAATCC-1,0.000081,0.000081,0.212615,0.138418,0.271247,0.339837,0.037719
AAATTTGCGGGTGTGG-1,0.000016,0.000016,0.753397,0.161719,0.000016,0.057822,0.027013
AACAACTGGTAGTTGC-1,0.000069,0.000069,0.002038,0.569603,0.20305,0.223677,0.001493
AACAATACATTGTCGA-1,0.05029,0.000015,0.551182,0.287809,0.000015,0.015774,0.094915
AACAATTACTCTACGC-1,0.000121,0.000121,0.000364,0.374553,0.252913,0.290987,0.080941
AACACACGCTCGCCGC-1,0.302426,0.216057,0.051961,0.027243,0.002316,0.257582,0.142415
AACACGACTGTACTGA-1,0.093221,0.041653,0.000372,0.000248,0.026353,0.485742,0.352411
AACACGAGACGCGGCC-1,0.00003,0.025169,0.167423,0.52471,0.011491,0.271146,0.00003
AACAGCTGTGTGGCAA-1,0.000018,0.000018,0.621189,0.360366,0.000018,0.018372,0.000018
AACAGGAAATCGAATA-1,0.000037,0.000037,0.065454,0.874381,0.024293,0.018255,0.017542
AACAGGATGGGCCGCG-1,0.000048,0.000048,0.026316,0.608473,0.186891,0.173045,0.005178
AACAGGTAGTATGGAT-1,0.593548,0.007946,0.114978,0.106385,0.177051,0.000046,0.000046
AACATAGCGTGTATCG-1,0.510421,0.143666,0.163012,0.09179,0.069552,0.02152,0.000039
AACATATCAACTGGTG-1,0.000016,0.000016,0.794307,0.189392,0.016237,0.000016,0.000016
AACATCGATACGTCTA-1,0.000057,0.000057,0.031282,0.291075,0.500438,0.177033,0.000057
AACATTGAAGTTGATC-1,0.000033,0.102129,0.245562,0.3972,0.000607,0.254437,0.000033
AACATTGTGACTCGAG-1,0.038319,0.070195,0.725052,0.117706,0.045646,0.003067,0.000015
AACCAAGACTTCTCTG-1,0.000024,0.000024,0.425243,0.45656,0.000356,0.096711,0.021083
AACCAGTATCACTCTT-1,0.000171,0.000171,0.000514,0.000343,0.432656,0.560225,0.00592
AACCATAGGGTTGAAC-1,0.054589,0.000074,0.000221,0.000148,0.478283,0.466611,0.000074
AACCCAGAGACGGAGA-1,0.114433,0.06017,0.066728,0.269834,0.220617,0.125645,0.142572
AACCCATCCCATGATC-1,0.039284,0.00007,0.00021,0.00014,0.287733,0.622866,0.049698
AACCCGACAACCCGTG-1,0.166634,0.007782,0.302463,0.358535,0.121166,0.008627,0.034794
AACCCGAGCAGAATCG-1,0.826761,0.000049,0.000148,0.000099,0.01657,0.000049,0.156324
AACCCGCTGTATTCCA-1,0.001879,0.015878,0.499662,0.024934,0.000014,0.002192,0.455441
AACCCTACTGTCAATA-1,0.015621,0.000044,0.111588,0.030235,0.842424,0.000044,0.000044
AACCCTGGTGGAACCA-1,0.039242,0.0001,0.000299,0.000199,0.50998,0.317456,0.132726
AACCGAGCTTGGTCAT-1,0.000019,0.002648,0.585533,0.393035,0.000019,0.005596,0.01315
AACCGCTAAGGGATGC-1,0.14875,0.08791,0.679586,0.080634,0.001216,0.001893,0.000012
AACCGTTGTGTTTGCT-1,0.000201,0.000201,0.000603,0.05833,0.862044,0.07842,0.000201
AACCTCGCTTTAGCCC-1,0.606632,0.110571,0.000134,0.050743,0.184458,0.047418,0.000045
AACCTGTCACGGAATT-1,0.111876,0.478976,0.037896,0.075687,0.043661,0.209393,0.042512
AACCTTTAAATACGGT-1,0.013163,0.03666,0.471602,0.203914,0.268907,0.000029,0.005726
AACCTTTACGACGTCT-1,0.000058,0.000058,0.023943,0.531042,0.3136,0.131242,0.000058
AACGAAAGTCGTCCCA-1,0.089786,0.000084,0.000252,0.000168,0.037753,0.548754,0.323203
AACGACCTCCTAGCCG-1,0.99425,0.000032,0.000096,0.000064,0.000032,0.000032,0.005495
AACGATAATGCCGTAG-1,0.023952,0.114903,0.455688,0.147125,0.13685,0.04083,0.080651
AACGATAGAAGGGCCG-1,0.000116,0.000116,0.008005,0.159779,0.496503,0.335365,0.000116
AACGATATGTCAACTG-1,0.03527,0.000017,0.598294,0.366368,0.000017,0.000017,0.000017
AACGCATGATCTGGGT-1,0.000029,0.023812,0.482198,0.233113,0.08358,0.167011,0.010257
AACGCGACCTTGGGCG-1,0.00092,0.032257,0.558901,0.123796,0.263488,0.018909,0.001729
AACGCGGTCTCCAGCC-1,0.00005,0.034628,0.245811,0.440445,0.00677,0.272246,0.00005
AACGCTGTTGCTGAAA-1,0.309463,0.000016,0.659027,0.000882,0.000016,0.000016,0.03058
AACGGACGTACGTATA-1,0.214626,0.404429,0.006892,0.012333,0.208601,0.126188,0.02693
AACGGCCATCTCCGGT-1,0.000073,0.000042,0.003617,0.389738,0.412248,0.194238,0.000042
AACGTACTGTGGGTAC-1,0.028255,0.000016,0.753959,0.130042,0.000016,0.01813,0.069582
AACGTCAGACTAGTGG-1,0.000079,0.000079,0.0027,0.354677,0.349964,0.292423,0.000079
AACGTCATCCGGCTTG-1,0.037699,0.000018,0.077624,0.000035,0.000018,0.000018,0.884588
AACGTCGCTGCACTTC-1,0.874192,0.000032,0.000097,0.000065,0.000032,0.000032,0.125549
AACGTGATGAAGGACA-1,0.000046,0.027791,0.308331,0.458958,0.00846,0.19329,0.003124
AACGTGCGAAAGTCTC-1,0.128419,0.161192,0.293056,0.270653,0.113145,0.033516,0.000018
AACGTTCTACCATTGT-1,0.60643,0.004292,0.131276,0.121544,0.059159,0.033065,0.044234
AACTACCCGTTTGTCA-1,0.284985,0.110349,0.214472,0.011485,0.020209,0.055794,0.302706
AACTAGGCTTGGGTGT-1,0.000022,0.124739,0.531791,0.098023,0.087729,0.01928,0.138416
AACTCAAGTTAATTGC-1,0.000016,0.044401,0.576446,0.205427,0.000016,0.173678,0.000016
AACTCCAGAGCGTGTT-1,0.628138,0.000127,0.00038,0.000253,0.370849,0.000127,0.000127
AACTCCTAATCCCATG-1,0.000019,0.000019,0.580302,0.299281,0.000019,0.003058,0.117302
AACTCTCAATAGAGCG-1,0.014868,0.034384,0.338007,0.084402,0.402615,0.000024,0.1257
AACTCTCAGTGTGCTC-1,0.00003,0.00003,0.44771,0.402576,0.149597,0.00003,0.00003
AACTGAGGTCAGCGTC-1,0.000038,0.000038,0.268868,0.341749,0.000038,0.017557,0.371711
AACTGAGTTATACTGA-1,0.272313,0.47644,0.009498,0.008061,0.103228,0.11238,0.018079
AACTGATATTAGGCCT-1,0.00003,0.00003,0.54903,0.450818,0.00003,0.00003,0.00003
AACTGGGTCCCGACGT-1,0.051858,0.010357,0.187998,0.549647,0.012714,0.02577,0.161655
AACTTGCCCGTATGCA-1,0.000043,0.000043,0.089176,0.619965,0.016423,0.095934,0.178416
AACTTTCTCGATCATG-1,0.000018,0.000018,0.472699,0.292911,0.137314,0.095739,0.001301
AAGAAAGTTTGATGGG-1,0.046046,0.000111,0.000332,0.000222,0.144903,0.759675,0.048711
AAGAAATCACCAGATT-1,0.055082,0.009502,0.475822,0.263392,0.064344,0.091269,0.040591
AAGACATACGTGGTTT-1,0.60073,0.00272,0.301114,0.058067,0.001283,0.006618,0.029468
AAGACCAAATAACTCA-1,0.000101,0.000101,0.000303,0.000202,0.698414,0.219114,0.081764
AAGACCCAACTGAACA-1,0.059861,0.042918,0.616982,0.141372,0.026118,0.014396,0.098353
AAGACTGCAAGCTACT-1,0.000999,0.019139,0.0684,0.428312,0.395337,0.078628,0.009185
AAGAGATGAATCGGTA-1,0.012026,0.000075,0.116689,0.35506,0.068713,0.394441,0.052996
AAGAGCTCTTTATCGG-1,0.000018,0.08257,0.568838,0.225229,0.064794,0.032085,0.026465
AAGAGGATGTACGCGA-1,0.000085,0.000085,0.000254,0.530844,0.404995,0.063653,0.000085
AAGAGGCATGGATCGC-1,0.000008,0.016997,0.780374,0.019441,0.000008,0.001499,0.181674
AAGAGGCCCTTTGGAA-1,0.959036,0.00005,0.000151,0.000101,0.04056,0.00005,0.00005
AAGATGGCACCGGACC-1,0.071013,0.002083,0.418916,0.446365,0.061514,0.000084,0.000027
AAGATTGGCGGAACGT-1,0.031527,0.001447,0.395714,0.544017,0.009881,0.011174,0.00624
AAGCACCCTGCGTATC-1,0.046935,0.193299,0.401669,0.241387,0.116167,0.000514,0.000029
AAGCATACTCTCCTGA-1,0.000016,0.113426,0.461465,0.086809,0.000388,0.003313,0.334583
AAGCCACTTGCAGGTA-1,0.000041,0.000041,0.144915,0.318122,0.2675,0.269339,0.000041
AAGCCGAAGCGGTTTA-1,0.549874,0.000059,0.134644,0.241859,0.067753,0.005772,0.00004
AAGCCGCCGTGAAATC-1,0.029277,0.096717,0.008897,0.259644,0.187117,0.418304,0.000043
AAGCCGCTTTACCTTG-1,0.059148,0.00002,0.309503,0.133229,0.025787,0.318763,0.153549
AAGCCGGAGAGCAGGA-1,0.9176,0.000032,0.000097,0.025468,0.037622,0.009862,0.009319
AAGCGCAGGGCTTTGA-1,0.028564,0.009936,0.31607,0.251798,0.393569,0.000032,0.000032
AAGCGGCGTCATGGGT-1,0.000047,0.000047,0.129779,0.494673,0.000047,0.000047,0.375359
AAGCGTCCCTCATCGA-1,0.000061,0.000061,0.23117,0.620886,0.140074,0.007688,0.000061
AAGCTAGATCGAGTAA-1,0.000019,0.278486,0.490229,0.141147,0.009891,0.07494,0.005289
AAGCTATGGATTGACC-1,0.092836,0.000017,0.310603,0.072193,0.003035,0.258148,0.263167
AAGCTCGTGCCAAGTC-1,0.237098,0.280087,0.000093,0.097693,0.125904,0.147109,0.112015
AAGCTCTTTCATGGTG-1,0.513379,0.07436,0.086294,0.026795,0.283188,0.015928,0.000056
AAGGAGCGGTTGGTGC-1,0.000031,0.000031,0.656082,0.273517,0.000031,0.05552,0.014787
AAGGATCGATCGCTTG-1,0.008746,0.262559,0.211576,0.145306,0.313932,0.05785,0.000031
AAGGATGAGGGACCTC-1,0.000021,0.000738,0.364536,0.451857,0.168936,0.01389,0.000021
AAGGCAGGCTGTCTCC-1,0.066092,0.07576,0.583638,0.157309,0.014226,0.03791,0.065066
AAGGCGCGTAAAGCTT-1,0.045098,0.025502,0.000198,0.000132,0.166427,0.704169,0.058474
AAGGCTGTGCTCATCG-1,0.14471,0.000045,0.17272,0.675356,0.00708,0.000045,0.000045
AAGGGAACGACTGGCT-1,0.000025,0.000025,0.267245,0.664791,0.005479,0.056258,0.006176
AAGGGACAGATTCTGT-1,0.139142,0.011123,0.500704,0.244826,0.004629,0.09119,0.008385
AAGGGACTATGCATTC-1,0.00006,0.00006,0.09809,0.646258,0.203412,0.05206,0.00006
AAGGGTTAGCCATGCG-1,0.51142,0.000024,0.470696,0.000049,0.000024,0.000024,0.017763
AAGGTATCCTAATATA-1,0.000017,0.071883,0.431225,0.337851,0.001857,0.155532,0.001634
AAGGTGATAAACCAGC-1,0.167982,0.108945,0.30169,0.065273,0.279592,0.073161,0.003358
AAGTAGAAGACCGGGT-1,0.000045,0.000045,0.060182,0.458577,0.133266,0.285361,0.062525
AAGTAGTGACGCGAGG-1,0.000034,0.000034,0.221335,0.450807,0.000034,0.008,0.319758
AAGTCAATTGTCGTCA-1,0.392777,0.000052,0.000155,0.000103,0.606809,0.000052,0.000052
AAGTCTAGTAGCTGCC-1,0.042367,0.000945,0.597758,0.109645,0.005601,0.115104,0.128579
AAGTGACGACCGAATT-1,0.000027,0.000027,0.512281,0.47881,0.000027,0.0088,0.000027
AAGTGAGTCGGGTTTA-1,0.003562,0.000015,0.522027,0.429261,0.035929,0.005595,0.003609
AAGTGCCTTGACTGTA-1,0.239393,0.001834,0.00021,0.00014,0.712676,0.045677,0.00007
AAGTGCGTTAGAATCT-1,0.000053,0.000053,0.306268,0.413714,0.130093,0.149766,0.000053
AAGTGCTTCTCTATTG-1,0.16019,0.00274,0.062048,0.427504,0.120857,0.099769,0.126892
AAGTGTTTGGAGACGG-1,0.206038,0.000145,0.119442,0.00029,0.385844,0.000145,0.288097
AAGTTCACTCCAAGCT-1,0.649453,0.119409,0.000125,0.000083,0.000042,0.20081,0.030078
AAGTTCAGTCTGCGTA-1,0.000079,0.000079,0.000238,0.153724,0.70973,0.136071,0.000079
AAGTTCGGCCAACAGG-1,0.000045,0.000045,0.240706,0.669708,0.061838,0.027612,0.000045
AAGTTGTGATGTTATA-1,0.83584,0.000077,0.00023,0.000153,0.128827,0.034796,0.000077
AAGTTTATGGGCCCAA-1,0.011003,0.317263,0.207196,0.10285,0.308831,0.00799,0.044867
AATAACAACGCTCGGC-1,0.010313,0.000035,0.140347,0.324489,0.045029,0.330873,0.148913
AATAACACTAGAACAA-1,0.000021,0.00884,0.450968,0.39702,0.03728,0.10585,0.000021
AATAACGTCGCGCCCA-1,0.530645,0.000013,0.362214,0.000025,0.000013,0.000013,0.107077
AATAATCTTCGTATCG-1,0.583676,0.000103,0.000309,0.000206,0.254292,0.000103,0.161312
AATACCGGAGGGCTGT-1,0.11761,0.000016,0.518972,0.210058,0.002183,0.010341,0.140821
AATACCTGATGTGAAC-1,0.949822,0.00004,0.043294,0.000079,0.00004,0.00004,0.006685
AATAGAACAGAGTGGC-1,0.017337,0.000025,0.222709,0.587556,0.172322,0.000025,0.000025
AATAGAATCTGTTTCA-1,0.179412,0.087003,0.390496,0.100693,0.134131,0.089798,0.018467
AATAGCAAGCCTCCTG-1,0.000076,0.000076,0.000227,0.336289,0.196031,0.467227,0.000076
AATAGCTACCGCGTGC-1,0.000053,0.000053,0.007834,0.432116,0.432382,0.12751,0.000053
AATAGGCACGACCCTT-1,0.000035,0.000035,0.724159,0.110892,0.035312,0.129532,0.000035
AATAGTCCGTCCCGAC-1,0.000038,0.326356,0.110418,0.025165,0.204446,0.238816,0.094762
AATATCGAATCAATGC-1,0.676757,0.022484,0.147806,0.083153,0.044178,0.025587,0.000034
AATATCGAGGGTTCTC-1,0.044544,0.000041,0.282048,0.221428,0.446526,0.005372,0.000041
AATATTGGAGTATTGA-1,0.106098,0.000072,0.050054,0.353515,0.079536,0.410653,0.000072
AATCAGGTTTCATTTA-1,0.006507,0.000027,0.474185,0.440757,0.051289,0.027207,0.000027
AATCATGTAAAGACTC-1,0.357745,0.074036,0.560426,0.006614,0.000017,0.000017,0.001146
AATCCAAGGGCCTGAG-1,0.12401,0.012171,0.107556,0.210643,0.295933,0.193417,0.05627
AATCCCGCTCAGAGCC-1,0.024291,0.000047,0.153719,0.009596,0.719292,0.091531,0.001524
AATCGAGGTCTCAAGG-1,0.291833,0.000018,0.2075,0.000987,0.000018,0.000018,0.499626
AATCGCCTCAGCGCCA-1,0.000017,0.040087,0.518148,0.290031,0.148215,0.003485,0.000017
AATCGCGCAGAGGACT-1,0.04304,0.131699,0.529199,0.088612,0.005826,0.145432,0.056192
AATCGGGACACTACGA-1,0.084183,0.009083,0.172321,0.382538,0.119296,0.0927,0.13988
AATCGGTATAGCCCTC-1,0.999702,0.000033,0.000099,0.000066,0.000033,0.000033,0.000033
AATCGTGAGCCGAGCA-1,0.381925,0.173101,0.000156,0.000104,0.028098,0.206759,0.209857
AATCTAGGTTTACTTG-1,0.000107,0.000107,0.00032,0.033103,0.432236,0.534022,0.000107
AATCTATGCCGGAGCC-1,0.000016,0.000296,0.592223,0.327213,0.059772,0.004909,0.015572
AATCTCTACTGTGGTT-1,0.072165,0.001966,0.164323,0.150407,0.028519,0.433642,0.148978
AATCTGCGTTGGGACG-1,0.043044,0.010057,0.201094,0.21604,0.5297,0.000033,0.000033
AATCTGGCTTTCTAGT-1,0.000124,0.000124,0.000371,0.000248,0.405371,0.593638,0.000124
AATCTGGGTAGACCCT-1,0.188132,0.000078,0.016505,0.076958,0.110989,0.088461,0.518876
AATGACAGCAATGTCT-1,0.000023,0.001071,0.782787,0.208775,0.000023,0.007296,0.000023
AATGACGTAGGATGTC-1,0.039915,0.01455,0.204374,0.224134,0.470507,0.046488,0.000033
AATGACTGTCAGCCGG-1,0.00007,0.00007,0.004373,0.561793,0.24468,0.188944,0.00007
AATGATGATACGCTAT-1,0.031392,0.000059,0.064534,0.215411,0.651852,0.036694,0.000059
AATGATGCGACTCCTG-1,0.01403,0.000019,0.803733,0.160895,0.021283,0.000019,0.000019
AATGCAACCGGGTACC-1,0.000063,0.000063,0.038057,0.613424,0.345762,0.002568,0.000063
AATGCACCAAGCAATG-1,0.033787,0.098203,0.09667,0.346108,0.133431,0.232442,0.059359
AATGGCCGCCAATGCG-1,0.116374,0.000063,0.00019,0.000127,0.008665,0.193192,0.681389
AATGGTCCACCGTTCA-1,0.029053,0.026134,0.095113,0.214949,0.226388,0.269321,0.139043
AATGGTTCTCACAAGC-1,0.041731,0.000102,0.000307,0.000205,0.497465,0.379415,0.080774
AATGTATGGCACTGTA-1,0.112909,0.000101,0.000303,0.000202,0.202689,0.680734,0.003062
AATGTGCCCGAGGTGT-1,0.00009,0.00009,0.00027,0.411249,0.279341,0.308871,0.00009
AATGTGCTAATCTGAG-1,0.074717,0.000053,0.025411,0.151348,0.349854,0.398564,0.000053
AATGTTAAGACCCTGA-1,0.346759,0.037416,0.024906,0.000099,0.559232,0.031538,0.00005
AATGTTGTCGTGAGAC-1,0.532782,0.001002,0.18719,0.00256,0.005111,0.000057,0.271298
AATTAAAGGTCGGCGT-1,0.01001,0.055468,0.156365,0.55403,0.168317,0.055785,0.000026
AATTAACGGATTTCCA-1,0.060773,0.16967,0.331344,0.27506,0.148157,0.01496,0.000037
AATTACGAGACCCATC-1,0.075008,0.000061,0.115359,0.283093,0.124303,0.328424,0.073752
AATTAGCGCTGCAGCG-1,0.112689,0.237497,0.216478,0.20551,0.180114,0.034539,0.013173
AATTATACCCAGCAAG-1,0.857687,0.000051,0.000154,0.000103,0.061793,0.048065,0.032147
AATTCATAAGGGATCT-1,0.013078,0.067583,0.580028,0.225769,0.000019,0.113504,0.000019
AATTCATTGTCATGCA-1,0.048226,0.000081,0.000243,0.003681,0.255217,0.621841,0.07071
AATTCCAAGCATGTAC-1,0.046733,0.044076,0.748126,0.123952,0.02886,0.000034,0.00822
AATTCGATTCGAGGAT-1,0.059088,0.008778,0.361743,0.120864,0.448606,0.000046,0.000876
AATTCTAGAGTTAGGC-1,0.052059,0.042164,0.002672,0.075194,0.763826,0.024774,0.03931
AATTGAACGCTCTGGT-1,0.014599,0.160478,0.597594,0.133509,0.060022,0.03378,0.000018
AATTGCAGCAATCGAC-1,0.596432,0.036035,0.068158,0.007998,0.286333,0.005004,0.00004
AATTGCGTGGATTACA-1,0.048257,0.000089,0.000267,0.000178,0.325796,0.593338,0.032075
AATTGTGGTTGCCAAA-1,0.911547,0.000029,0.03121,0.041035,0.003532,0.00847,0.004177
AATTTGGGACATAGTA-1,0.000064,0.000064,0.074558,0.782268,0.091772,0.051212,0.000064
AATTTGGTTCCAAAGA-1,0.000131,0.000131,0.000393,0.000262,0.690725,0.276937,0.031421
ACAAACCATGCGTCCT-1,0.000044,0.105947,0.000131,0.000087,0.083626,0.801118,0.009047
ACAAACTCCATCAGAG-1,0.187099,0.003609,0.409203,0.138828,0.062606,0.168348,0.030307
ACAAAGAAGGTAGGCC-1,0.051827,0.000048,0.138088,0.166664,0.216168,0.213159,0.214045
ACAAAGCATGACCTAG-1,0.862086,0.004257,0.000097,0.000064,0.059651,0.01195,0.061895
ACAAATCGCACCGAAT-1,0.110373,0.179374,0.250702,0.092967,0.198863,0.019607,0.148115
ACAAATGGTAGTGTTT-1,0.109176,0.156176,0.457901,0.211178,0.051002,0.014545,0.000022
ACAAATTCAGATCTGA-1,0.000103,0.335485,0.000309,0.008023,0.220502,0.435475,0.000103
ACAACAGCATGAGCTA-1,0.046399,0.00242,0.476483,0.359523,0.077164,0.000931,0.037081
ACAACGGTCCCTGCGA-1,0.101214,0.000122,0.000366,0.000244,0.29495,0.56518,0.037924
ACAAGCAGTGCCTAGC-1,0.000024,0.000371,0.407866,0.318417,0.000107,0.187372,0.085843
ACAAGGAAATCCGCCC-1,0.010202,0.29191,0.430082,0.098613,0.011215,0.088934,0.069044
ACAAGGACAAGAGGTT-1,0.041088,0.000057,0.00017,0.000114,0.038493,0.209205,0.710874
ACAAGGATGCTTTAGG-1,0.501603,0.020146,0.23779,0.052715,0.028121,0.006961,0.152664
ACAAGGCCTACCAGCC-1,0.040331,0.000196,0.000588,0.000392,0.352832,0.499303,0.106357
ACAAGGGCAGGCTCTG-1,0.000019,0.523485,0.199914,0.130438,0.005465,0.112066,0.028612
ACAAGTAATTGTAAGG-1,0.000029,0.000217,0.479666,0.418563,0.016687,0.084808,0.000029
ACAATAGTCGTACGTT-1,0.000043,0.000043,0.197429,0.682789,0.015344,0.092977,0.011374
ACAATCCATTTAAACC-1,0.000056,0.000056,0.023972,0.512611,0.356154,0.107095,0.000056
ACAATGAATACGGAGA-1,0.000022,0.032096,0.703105,0.204795,0.000022,0.059937,0.000022
ACAATGATTCTTCTAC-1,0.000055,0.000055,0.006298,0.731459,0.166514,0.056281,0.039338
ACAATTGTGTCTCTTT-1,0.765434,0.070023,0.000088,0.000058,0.005285,0.159083,0.000029
ACAATTTGAGCAGTGG-1,0.076402,0.034761,0.377018,0.460451,0.008219,0.043132,0.000017
ACAATTTGGCCATATT-1,0.284586,0.013514,0.235076,0.252443,0.214331,0.000025,0.000025
ACACAAAGACGGGTGG-1,0.000035,0.000035,0.312512,0.337043,0.032178,0.031741,0.286455
ACACAAATATTCCTAG-1,0.000239,0.01522,0.768592,0.160417,0.00001,0.051636,0.003886
ACACACCAGGACCAGT-1,0.108538,0.089916,0.000142,0.006322,0.642401,0.078209,0.074472
ACACACTTTCTACACG-1,0.000077,0.000077,0.199901,0.548025,0.089316,0.139221,0.023383
ACACATGATCAAATCT-1,0.028316,0.005053,0.116986,0.024447,0.000034,0.793859,0.031306
ACACATTTCCGTAGAC-1,0.000027,0.351087,0.128693,0.117759,0.200837,0.128354,0.073243
ACACCACATAATTAGC-1,0.017609,0.011543,0.270713,0.424183,0.056237,0.044447,0.175268
ACACCCAGCATGCAGC-1,0.00978,0.000085,0.00941,0.386688,0.332558,0.24515,0.016331
ACACCCGAGAAATCCG-1,0.037041,0.000063,0.000189,0.000126,0.19497,0.767548,0.000063
ACACCGGTCTGACCGC-1,0.000033,0.000447,0.121563,0.34276,0.000033,0.386589,0.148575
ACACCTTAAGTAGGGC-1,0.00007,0.0647,0.016768,0.095694,0.111514,0.711185,0.00007
ACACCTTACTACTTGC-1,0.248805,0.006877,0.086642,0.09461,0.540079,0.000046,0.022941
ACACGAGACTCCTTCT-1,0.003012,0.083602,0.171479,0.561737,0.12176,0.058384,0.000026
ACACGGCACTATGCAT-1,0.130248,0.000252,0.000756,0.071541,0.445055,0.20487,0.147279
ACACGGGAACTTAGGG-1,0.000043,0.004012,0.006973,0.456343,0.30392,0.213779,0.014931
ACACGTAGGCCACAAG-1,0.999643,0.00004,0.000119,0.000079,0.00004,0.00004,0.00004
ACACTGATCAAGGTGT-1,0.00358,0.09524,0.680969,0.187315,0.001859,0.031015,0.000021
ACACTGGGACAGTCGT-1,0.768651,0.000083,0.000248,0.000165,0.230687,0.000083,0.000083
ACAGAACTGAGAACAA-1,0.000053,0.000053,0.03267,0.372382,0.276713,0.203978,0.114151
ACAGCATAGAGCCAGT-1,0.037867,0.000286,0.000857,0.000572,0.000286,0.145172,0.814961
ACAGCGACATTCTCAT-1,0.838132,0.000062,0.053927,0.020069,0.087686,0.000062,0.000062
ACAGCGCACCCGCAGC-1,0.000068,0.000068,0.056337,0.5363,0.046314,0.111263,0.24965
ACAGGCACGGATCCTT-1,0.872967,0.000038,0.000113,0.001749,0.024783,0.059256,0.041094
ACAGGCTTGCCCGACT-1,0.57968,0.000693,0.060805,0.031315,0.32743,0.000039,0.000039
ACAGGTGGAGGTGAGG-1,0.000021,0.000021,0.562413,0.406589,0.030914,0.000021,0.000021
ACAGTAATACAACTTG-1,0.000057,0.000057,0.000172,0.006206,0.281308,0.703576,0.008624
ACAGTATACCGTGGGA-1,0.041036,0.000351,0.000603,0.321614,0.373311,0.263048,0.000037
ACATAAGTCGTGGTGA-1,0.052402,0.0001,0.000299,0.000199,0.476729,0.470171,0.0001
ACATAATAAGGCGGTG-1,0.000108,0.000108,0.000323,0.235057,0.673044,0.091253,0.000108
ACATACAATCAAGCGG-1,0.924678,0.000058,0.000174,0.000116,0.000058,0.000058,0.074859
ACATCAGCTGGGACGC-1,0.102348,0.013891,0.106395,0.206266,0.092386,0.337272,0.141442
ACATCCCGGCCATACG-1,0.063891,0.012424,0.193308,0.441542,0.141885,0.031878,0.115073
ACATCCTGGTAACTGT-1,0.137159,0.361293,0.007355,0.065914,0.326789,0.101456,0.000035
ACATCGATCGTTTACC-1,0.016538,0.096189,0.120765,0.541231,0.225174,0.000051,0.000051
ACATCGCAATATTCGG-1,0.022598,0.003436,0.406751,0.095628,0.009405,0.31175,0.150432
ACATCGGTCAGCCGCG-1,0.000022,0.000022,0.625492,0.252372,0.001252,0.038892,0.081948
ACATCGTATGCAATGG-1,0.051504,0.060345,0.355915,0.160508,0.358723,0.012976,0.000029
ACATCGTTAACCTAGT-1,0.000088,0.000088,0.064708,0.233693,0.282136,0.414071,0.005215
ACATGCTTACGGCAGC-1,0.00002,0.002192,0.395826,0.267367,0.00002,0.149613,0.184962
ACATGGCGCCAAAGTA-1,0.082688,0.044871,0.544109,0.171358,0.034057,0.00941,0.113506
ACATTAGTTTATATCC-1,0.030816,0.000068,0.000204,0.026316,0.913517,0.029011,0.000068
ACATTCGCGCGGAATA-1,0.000044,0.000044,0.229962,0.404879,0.242184,0.122843,0.000044
ACATTTGAAACCTAAC-1,0.850224,0.000057,0.03398,0.000113,0.115513,0.000057,0.000057
ACCAAACACCCAGCGA-1,0.000018,0.000018,0.361824,0.394178,0.00617,0.066085,0.171707
ACCAACACCACACACT-1,0.000016,0.000016,0.656226,0.33256,0.008584,0.002583,0.000016
ACCAACCGCACTCCAC-1,0.361885,0.011837,0.342901,0.000047,0.000023,0.000023,0.283284
ACCAACGCTTATTTAT-1,0.000033,0.042961,0.344923,0.280475,0.275664,0.04578,0.010163
ACCAAGAACGCGTGTC-1,0.0001,0.0001,0.0003,0.181761,0.56603,0.219193,0.032516
ACCAAGTCATCGGCAG-1,0.715559,0.000051,0.000152,0.000102,0.024826,0.000051,0.25926
ACCAATATGCAAGTTA-1,0.208194,0.162721,0.397709,0.175125,0.051108,0.000026,0.005117
ACCACAACTCAGAACA-1,0.033664,0.000093,0.070645,0.016479,0.6768,0.202227,0.000093
ACCACAAGTTTCTATC-1,0.00003,0.00003,0.532801,0.372824,0.04871,0.045575,0.00003
ACCACACGGTTGATGG-1,0.075922,0.025575,0.619154,0.010209,0.017939,0.000057,0.251144
ACCACCAATGTAACAA-1,0.044735,0.315742,0.172733,0.068113,0.189228,0.076784,0.132666
ACCACCCTCTCTTCTA-1,0.036253,0.030556,0.250625,0.014133,0.000012,0.533077,0.135343
ACCACGTGCAGCTATA-1,0.070295,0.040811,0.569799,0.276777,0.015975,0.000021,0.026323
ACCAGTGCCCGGTCAA-1,0.000067,0.000067,0.135806,0.335646,0.187786,0.226841,0.113787
ACCAGTGCGGGAGACG-1,0.248025,0.188081,0.316114,0.030323,0.038167,0.02773,0.15156
ACCATATCCGCAATAA-1,0.000012,0.01021,0.49722,0.394756,0.001033,0.03366,0.063109
ACCATCCGCCAACTAG-1,0.031192,0.000132,0.000397,0.000265,0.46102,0.452751,0.054243
ACCATCGTATATGGTA-1,0.000071,0.018706,0.000213,0.081393,0.405572,0.493974,0.000071
ACCCAACGCCCGTGGC-1,0.012192,0.097147,0.617878,0.129374,0.000463,0.142934,0.000011
ACCCACCTACATGCTC-1,0.014604,0.000098,0.003823,0.167687,0.516969,0.182766,0.114053
ACCCATCTTGAGGGTA-1,0.000028,0.000028,0.513992,0.411951,0.000028,0.039319,0.034655
ACCCATTTGTCCCTCT-1,0.844498,0.000047,0.000142,0.000095,0.007087,0.147641,0.00049
ACCCGAGCGAAATTAC-1,0.000033,0.047443,0.543337,0.402672,0.000033,0.006448,0.000033
ACCCGATTGGTTCCGA-1,0.045137,0.071258,0.382098,0.291623,0.009346,0.17097,0.029569
ACCCGGAAACTCCCAG-1,0.154726,0.02065,0.691571,0.089573,0.020123,0.000015,0.023343
ACCCGGAGCACCACAA-1,0.768834,0.000032,0.000096,0.000064,0.000032,0.089995,0.140946
ACCCGGATGACGCATC-1,0.06947,0.000019,0.590297,0.089583,0.073047,0.000019,0.177565
ACCCGGTTACACTTCC-1,0.00855,0.033795,0.292159,0.365276,0.021534,0.111977,0.166709
ACCCGTAGCAGAGAAT-1,0.040236,0.000088,0.000263,0.000176,0.083955,0.663519,0.211762
ACCCGTAGTCTAGTTG-1,0.844646,0.000057,0.000171,0.000114,0.154897,0.000057,0.000057
ACCCGTGTCATCAGTA-1,0.01322,0.147403,0.102516,0.236246,0.288351,0.079389,0.132875
ACCCTATGCCATATCG-1,0.000097,0.000097,0.000292,0.249448,0.590587,0.097042,0.062437
ACCCTCCCGTCAGGGC-1,0.917548,0.000034,0.000103,0.000069,0.000034,0.000034,0.082177
ACCCTCCCTTGCTATT-1,0.197526,0.007461,0.221884,0.148225,0.379395,0.014935,0.030573
ACCCTGGTAACGCCCT-1,0.000021,0.001982,0.490238,0.268083,0.025398,0.153575,0.060702
ACCCTTCATCTGCGAA-1,0.000067,0.000067,0.18127,0.537518,0.220176,0.013466,0.047435
ACCCTTGCCTGGGTCG-1,0.021147,0.075681,0.231481,0.50196,0.004707,0.138054,0.026972
ACCCTTTAGTTCTCCA-1,0.000116,0.000116,0.000347,0.000232,0.000116,0.000116,0.998958
ACCGAAGAGTCTGGTT-1,0.000128,0.000128,0.000383,0.000255,0.430026,0.568953,0.000128
ACCGACACATCTCCCA-1,0.000018,0.000044,0.770614,0.123947,0.023428,0.000018,0.08193
ACCGACTGAGTCCCAC-1,0.000052,0.109011,0.007696,0.299093,0.289871,0.294223,0.000052
ACCGAGTCTCCTTATT-1,0.136917,0.261234,0.337399,0.11775,0.098737,0.04794,0.000022
ACCGATAGGCATAACC-1,0.77142,0.000037,0.000111,0.000074,0.000037,0.026291,0.20203
ACCGATATTTAATCAT-1,0.700073,0.003063,0.041531,0.078945,0.176288,0.00005,0.00005
ACCGATGGTAGCATCG-1,0.000021,0.101507,0.684201,0.068878,0.052419,0.016424,0.07655
ACCGCAATAACTGCCT-1,0.324153,0.029256,0.275671,0.126529,0.242329,0.000025,0.002036
ACCGCGGTGGAAGTCG-1,0.174577,0.170451,0.265544,0.104819,0.027346,0.089674,0.167591
ACCGCTAGTCATTGGT-1,0.005138,0.000042,0.38482,0.175075,0.248557,0.059223,0.127145
ACCGGGCCTTTGTTGA-1,0.699994,0.060817,0.000112,0.000075,0.090043,0.148921,0.000037
ACCGGTCAGGTACACC-1,0.000036,0.000036,0.258061,0.00187,0.000036,0.534254,0.205705
ACCGGTCTGAGTACGG-1,0.000166,0.000166,0.000499,0.000333,0.671481,0.327187,0.000166
ACCGTCCACTGGGCCC-1,0.068742,0.011214,0.146436,0.207159,0.081557,0.316119,0.168773
ACCGTGACCACGTGGG-1,0.006785,0.020332,0.584863,0.352657,0.030384,0.004959,0.00002
ACCTAAGTACCTTTCA-1,0.006735,0.000042,0.505116,0.294572,0.124909,0.028172,0.040454
ACCTAATCGACTTCCT-1,0.000022,0.000022,0.686715,0.203786,0.000022,0.094956,0.014476
ACCTACAGTATGTGGT-1,0.024917,0.189518,0.064403,0.10641,0.476916,0.137787,0.000049
ACCTACTATAAATCTA-1,0.101437,0.166391,0.504397,0.102046,0.022669,0.080108,0.022952
ACCTCAGCGAGGCGCA-1,0.999424,0.000064,0.000192,0.000128,0.000064,0.000064,0.000064
ACCTCCGCCCTCGCTG-1,0.806312,0.000067,0.000201,0.010844,0.052171,0.130338,0.000067
ACCTCCGTTATTCACC-1,0.086864,0.056906,0.294349,0.178557,0.36433,0.01896,0.000034
ACCTCGAACTTATGCT-1,0.029279,0.00007,0.000211,0.00014,0.05466,0.886651,0.028989
ACCTGCGTGTCATGTT-1,0.000126,0.000126,0.029981,0.515938,0.119732,0.333973,0.000126
ACGAAATGGGCGGCAC-1,0.000027,0.032673,0.095868,0.239912,0.000027,0.525184,0.106309
ACGACCCATGAGTTGC-1,0.617274,0.010462,0.085856,0.002119,0.000025,0.267341,0.016923
ACGACTCTAGGGCCGA-1,0.999733,0.00003,0.000089,0.000059,0.00003,0.00003,0.00003
ACGACTGGTCATACTC-1,0.000037,0.000037,0.224716,0.423324,0.244915,0.106934,0.000037
ACGAGATATTTGCTTA-1,0.000068,0.001466,0.233334,0.124049,0.134274,0.506741,0.000068
ACGAGGATACCACTCT-1,0.054876,0.003845,0.017993,0.398717,0.207667,0.311621,0.00528
ACGAGGTTTACAACGT-1,0.066663,0.000042,0.258519,0.060773,0.006759,0.601803,0.005441
ACGAGTACGGATGCCC-1,0.000025,0.071071,0.350258,0.350068,0.065291,0.118274,0.045014
ACGATACATAGAACTA-1,0.000045,0.000045,0.138679,0.454213,0.354592,0.038998,0.013429
ACGATCATACATAGAG-1,0.045447,0.023521,0.477543,0.184781,0.001621,0.23645,0.030637
ACGATCATCTTGTAAA-1,0.036744,0.180901,0.409301,0.243746,0.119633,0.009656,0.000019
ACGATGCATATGTTAT-1,0.000081,0.000081,0.000244,0.057319,0.657265,0.284927,0.000081
ACGATGGATCCGATGC-1,0.000181,0.000181,0.000542,0.000361,0.721268,0.277287,0.000181
ACGCAAACTAATAGAT-1,0.001852,0.028724,0.302985,0.358315,0.063439,0.160123,0.084563
ACGCAATCACTACAGC-1,0.000344,0.000022,0.279248,0.470958,0.065891,0.13176,0.051777
ACGCATAAATGACATG-1,0.000066,0.004667,0.000199,0.000133,0.326205,0.660421,0.00831
ACGCATACGTTTACTA-1,0.707385,0.000024,0.28261,0.007458,0.000024,0.000024,0.002474
ACGCATTCGTGAGTAC-1,0.000025,0.026145,0.313352,0.295079,0.000025,0.330402,0.034972
ACGCCACTCGAAACAG-1,0.029282,0.000033,0.325868,0.012463,0.132982,0.000033,0.499339
ACGCCAGATGATTTCT-1,0.000083,0.000083,0.066356,0.635581,0.297729,0.000083,0.000083
ACGCCAGTGCGTTTGC-1,0.738923,0.000049,0.000147,0.000098,0.000049,0.153259,0.107474
ACGCCGCTAGACGACC-1,0.000024,0.026301,0.519191,0.200403,0.254033,0.000024,0.000024
ACGCGAAGTCAGACGA-1,0.038585,0.009487,0.233095,0.106425,0.536875,0.000034,0.075499
ACGCGCTACACAGGGT-1,0.000034,0.000034,0.323687,0.655695,0.004446,0.01607,0.000034
ACGCGGGCCAAGGACA-1,0.05232,0.022223,0.355181,0.483769,0.024733,0.020833,0.040941
ACGCTACTGAATGGGC-1,0.919117,0.000034,0.000103,0.000069,0.000034,0.068709,0.011933
ACGCTAGTATCAGTGC-1,0.138122,0.000052,0.031949,0.211854,0.117902,0.297533,0.202587
ACGCTAGTGATACACT-1,0.08254,0.000382,0.371561,0.484493,0.060985,0.00002,0.00002
ACGCTGTGAGGCGTAG-1,0.034162,0.000172,0.000517,0.000345,0.358936,0.29917,0.306698
ACGCTTAGTGTCTCTC-1,0.106686,0.323692,0.000338,0.124048,0.028723,0.175731,0.240782
ACGGAACACGAGTGCC-1,0.715366,0.000036,0.143478,0.050314,0.00395,0.000036,0.086821
ACGGACGCAGCGACAA-1,0.000036,0.03099,0.118731,0.493605,0.055133,0.301469,0.000036
ACGGACTCTCAAAGCG-1,0.161428,0.064547,0.052737,0.063227,0.629892,0.028136,0.000033
ACGGAGCGCAAATTAC-1,0.000044,0.000044,0.135905,0.40002,0.388659,0.012413,0.062915
ACGGATGGTGCGGATA-1,0.2791,0.039809,0.007827,0.022145,0.640409,0.010658,0.000051
ACGGCACTTGCTTGGG-1,0.010492,0.007175,0.548731,0.335288,0.09827,0.000022,0.000022
ACGGCCAACATGGACT-1,0.002657,0.007357,0.295815,0.259661,0.43047,0.000035,0.004005
ACGGCGACGATGGGAA-1,0.11042,0.236506,0.424531,0.143999,0.031897,0.052629,0.000018
ACGGCTGGATGTAGAA-1,0.000053,0.000053,0.00016,0.069112,0.217057,0.575311,0.138252
ACGGGAGTGTCGGCCC-1,0.000071,0.031117,0.114768,0.575897,0.073986,0.204092,0.000071
ACGGGCGTATGCGACA-1,0.0001,0.075453,0.456519,0.117772,0.002332,0.271068,0.076757
ACGGGTTGTGACCTGT-1,0.080914,0.000173,0.077538,0.045343,0.21114,0.446359,0.138533
ACGGTACAGTTCAATG-1,0.886939,0.01693,0.000116,0.002868,0.05673,0.035859,0.000558
ACGGTCACCGAGAACA-1,0.000049,0.000049,0.000146,0.000097,0.138788,0.676857,0.184015
ACGTACAGATTTCTCT-1,0.081161,0.000086,0.000258,0.003008,0.18061,0.658826,0.076051
ACGTACTTTGGCACGG-1,0.000046,0.000046,0.018768,0.43321,0.476867,0.071017,0.000046
ACGTAGATTGCTGATG-1,0.000018,0.000018,0.449796,0.529727,0.006649,0.000398,0.013394
ACGTAGGAGAGTCGCT-1,0.000018,0.112623,0.595372,0.159467,0.091843,0.003881,0.036795
ACGTATTACTCCGATC-1,0.165842,0.504372,0.083179,0.150599,0.027913,0.068068,0.000027
ACGTCTCGTTCCGGGA-1,0.055572,0.000048,0.252677,0.204407,0.079686,0.305332,0.102278
ACGTGACAAAGTAAGT-1,0.047334,0.001333,0.150565,0.242597,0.057566,0.257246,0.24336
ACGTGCGCCTCGTGCA-1,0.000083,0.006384,0.000248,0.273532,0.303974,0.415696,0.000083
ACGTTAATGTCGAAGA-1,0.000022,0.033538,0.603476,0.187847,0.175072,0.000022,0.000022
ACGTTAGATTTGCCCG-1,0.030269,0.000068,0.128896,0.473641,0.234052,0.036063,0.09701
ACGTTCACTATGCCGC-1,0.001539,0.023455,0.627556,0.24584,0.00986,0.091735,0.000016
ACGTTCGCAATCAATT-1,0.021277,0.242378,0.243991,0.25669,0.171471,0.064173,0.00002
ACGTTCGTTCAGGAAA-1,0.031283,0.008555,0.169251,0.504278,0.284483,0.002119,0.000032
ACGTTCTGTACAAGTC-1,0.926211,0.000063,0.00019,0.000126,0.073284,0.000063,0.000063
ACGTTGTCGTTGAAAG-1,0.00002,0.00002,0.637408,0.143914,0.060898,0.00032,0.157419
ACGTTTAGTTGTGATC-1,0.000077,0.000077,0.258028,0.407223,0.061619,0.225306,0.04767
ACGTTTCGGTGCACTT-1,0.559783,0.000033,0.368189,0.068314,0.003616,0.000033,0.000033
ACTAATACGTCAGGCG-1,0.000037,0.000037,0.331953,0.531498,0.000037,0.136403,0.000037
ACTACAAAGAGAGGTG-1,0.006457,0.073225,0.214794,0.264255,0.279977,0.159681,0.001612
ACTACATCCCGACAAG-1,0.006198,0.005863,0.062115,0.439569,0.054768,0.429194,0.002293
ACTACCAGCTCTCTGG-1,0.000063,0.000063,0.148992,0.756933,0.008968,0.084918,0.000063
ACTACCATCCGAGGGC-1,0.08776,0.000047,0.057642,0.420686,0.246916,0.160894,0.026054
ACTACGCGTTAGAATT-1,0.019887,0.002594,0.021464,0.495499,0.362265,0.064346,0.033944
ACTAGTTGCGATCGTC-1,0.765879,0.029694,0.000149,0.008573,0.073045,0.12261,0.00005
ACTATATGCTGTGTTC-1,0.000035,0.004703,0.372253,0.59654,0.000088,0.026346,0.000035
ACTATCCAGGGCATGG-1,0.098732,0.031865,0.326809,0.146303,0.388628,0.00286,0.004803
ACTATCTGCCCGCGTA-1,0.813703,0.00006,0.000181,0.008159,0.123844,0.053991,0.00006
ACTATGTCCAGCTGCC-1,0.000041,0.016194,0.111329,0.492783,0.023337,0.33389,0.022427
ACTATTCGTCCGTGGT-1,0.000203,0.000203,0.13823,0.605289,0.000203,0.051361,0.20451
ACTATTTCCGGGCCCA-1,0.021133,0.019479,0.658591,0.101401,0.000023,0.186423,0.01295
ACTCAAGTGCAAGGCT-1,0.487729,0.121997,0.376112,0.009335,0.004778,0.000024,0.000024
ACTCAATAAAGGCACG-1,0.032273,0.102159,0.029448,0.26376,0.343622,0.155266,0.073472
ACTCATGGCAGCCTTC-1,0.000035,0.012821,0.236336,0.091476,0.000035,0.493277,0.166021
ACTCCAATATCATCAT-1,0.039472,0.07751,0.668613,0.212179,0.000027,0.002172,0.000027
ACTCCCATTCCTAAAG-1,0.00005,0.069631,0.027164,0.139793,0.00005,0.622144,0.141167
ACTCCCGAATTCGTTT-1,0.000024,0.257381,0.311946,0.11229,0.005691,0.269706,0.042963
ACTCCCGTAGACTAGG-1,0.131509,0.002526,0.327285,0.416689,0.101561,0.020407,0.000023
ACTCCCTAATGCTAAA-1,0.066731,0.03519,0.55455,0.110156,0.23217,0.001176,0.000027
ACTCCCTAGAATAGTA-1,0.097603,0.000352,0.327178,0.285135,0.000023,0.067591,0.222117
ACTCCGGCCGACCACT-1,0.894853,0.000969,0.000099,0.000066,0.000033,0.008875,0.095106
ACTCGCCGTTCGATAA-1,0.994712,0.00003,0.000089,0.005079,0.00003,0.00003,0.00003
ACTCGCGATCTGACGC-1,0.014637,0.16635,0.378856,0.137583,0.147674,0.112722,0.042178
ACTCGTAACCCGTCCT-1,0.000028,0.000028,0.504202,0.464763,0.000028,0.028867,0.002085
ACTCGTCAGTAATCCC-1,0.000035,0.185061,0.05683,0.142299,0.446067,0.141057,0.028651
ACTCTCTGACTTAGGT-1,0.015011,0.003476,0.684378,0.272642,0.024448,0.000022,0.000022
ACTCTCTTATACACGA-1,0.000121,0.002518,0.000363,0.000242,0.514804,0.48183,0.000121
ACTCTGACCTAATAGA-1,0.657477,0.042862,0.23265,0.005174,0.000028,0.018936,0.042874
ACTCTTCAGCTCCCGC-1,0.054972,0.021942,0.625704,0.056455,0.031191,0.096725,0.11301
ACTCTTGTATAGTAAC-1,0.000062,0.00855,0.027032,0.174036,0.657777,0.13248,0.000062
ACTGAAACGCCGTTAG-1,0.761468,0.000057,0.000172,0.000115,0.129952,0.093429,0.014806
ACTGAATGGCGAAAGT-1,0.350683,0.033849,0.065125,0.073737,0.471505,0.003809,0.001292
ACTGATTTAGTGATTC-1,0.158384,0.000146,0.000438,0.271371,0.145366,0.093583,0.330713
ACTGCCCGCCATTCTC-1,0.000035,0.000035,0.36553,0.250188,0.005416,0.093435,0.285362
ACTGCCGTCGTAACTC-1,0.000033,0.006639,0.489503,0.371742,0.000033,0.132017,0.000033
ACTGCGGACACACCGT-1,0.024089,0.216153,0.416736,0.052635,0.014834,0.052544,0.223008
ACTGCTCGGAAGGATG-1,0.082191,0.000128,0.000385,0.000257,0.37275,0.524266,0.020023
ACTGGGATGCCAGTGC-1,0.000686,0.013986,0.315315,0.27213,0.237397,0.144889,0.015596
ACTGTACGATACACAT-1,0.000067,0.000067,0.080999,0.419697,0.499036,0.000067,0.000067
ACTGTAGCACTTTGGA-1,0.000062,0.000062,0.068177,0.653765,0.271451,0.00642,0.000062
ACTGTCCAGGATTATA-1,0.000026,0.000059,0.401422,0.414997,0.000026,0.159241,0.024228
ACTGTCTTCTTTAGAA-1,0.043827,0.000351,0.071416,0.320775,0.292938,0.205772,0.064921
ACTTACCGGGCGCGCA-1,0.000035,0.006897,0.306696,0.429442,0.000035,0.103298,0.153598
ACTTACGCATCCACGC-1,0.288419,0.116715,0.000188,0.000125,0.434937,0.159555,0.000063
ACTTATACTTACCCGG-1,0.007559,0.102368,0.167012,0.141216,0.557897,0.023901,0.000047
ACTTATTAGGATCGGT-1,0.000037,0.000037,0.239439,0.599638,0.071896,0.000037,0.088917
ACTTATTTATGTGCCA-1,0.334161,0.093055,0.243976,0.019253,0.086274,0.030361,0.19292
