Barcode,Topic 1,Topic 2,Topic 3,Topic 4,Topic 5,Topic 6,Topic 7,Topic 8,Topic 9,Topic 10,Topic 11,Topic 12,Topic 13
AAACAAGTATCTCCCA-1,0.004593,0.006241,0.097765,0.342953,0.232607,0.000853,0.002158,0.000371,0.060872,0.113858,0.136935,0.000011,0.000784
AAACACCAATAACTGC-1,0.074451,0.231626,0.101394,0.005913,0.001863,0.007526,0.020114,0.071699,0.201726,0.223183,0.000007,0.047673,0.012825
AAACAGAGCGACTCCT-1,0.043346,0.193188,0.417511,0.014348,0.003276,0.011392,0.158681,0.031794,0.013962,0.085496,0.000008,0.000659,0.026339
AAACAGCTTTCAGAAG-1,0.017302,0.053233,0.113035,0.114109,0.019503,0.006749,0.009201,0.01489,0.347617,0.091611,0.003425,0.01803,0.191294
AAACAGGGTCTATATT-1,0.687702,0.042503,0.000501,0.019229,0.000496,0.000005,0.000031,0.12928,0.099105,0.021133,0.000005,0.000005,0.000005
AAACAGTGTTCCTGGG-1,0.000034,0.000034,0.000034,0.114917,0.17026,0.000034,0.000034,0.000034,0.000034,0.000034,0.714484,0.000034,0.000034
AAACATGGTGAGAGGA-1,0.079161,0.016184,0.057609,0.151279,0.000286,0.077453,0.226571,0.131804,0.00378,0.035143,0.01158,0.004746,0.204405
AAACATTTCCCGGATT-1,0.053154,0.003735,0.022599,0.814062,0.001168,0.007292,0.019473,0.02557,0.001969,0.003342,0.008112,0.008484,0.031038
AAACCACTACACAGAT-1,0.008788,0.193503,0.01235,0.155647,0.083106,0.009663,0.000326,0.018255,0.164334,0.021261,0.003408,0.187138,0.142221
AAACCCGAACGAAATC-1,0.004306,0.023776,0.012033,0.184578,0.254892,0.112932,0.030822,0.071049,0.041397,0.041587,0.021913,0.028065,0.172652
AAACCGGAAATGTTAA-1,0.018044,0.030141,0.034158,0.003562,0.379786,0.13097,0.074876,0.016738,0.008315,0.00515,0.112268,0.070983,0.115008
AAACCGGGTAGGTACC-1,0.034975,0.601419,0.002878,0.133812,0.010722,0.000452,0.003614,0.052295,0.093846,0.065241,0.000006,0.000734,0.000006
AAACCGTTCGTCCAGG-1,0.000099,0.000099,0.000099,0.000099,0.000099,0.000099,0.000099,0.000099,0.000099,0.000099,0.57389,0.033069,0.39205
AAACCTAAGCAGCCGG-1,0.04203,0.033511,0.024995,0.095741,0.015268,0.039814,0.015888,0.050872,0.077122,0.036036,0.009594,0.037171,0.521957
AAACCTCATGAAGTTG-1,0.054074,0.339407,0.002505,0.030852,0.033844,0.000009,0.002057,0.099223,0.329402,0.03231,0.072887,0.003423,0.000009
AAACGAAGAACATACC-1,0.000015,0.635559,0.023874,0.102093,0.000015,0.000319,0.004351,0.000015,0.000015,0.000015,0.001489,0.163012,0.069226
AAACGAAGATGGAGTA-1,0.028048,0.002401,0.052142,0.145968,0.010036,0.04713,0.046318,0.131553,0.087355,0.205732,0.010602,0.005398,0.227316
AAACGACAGTCTTGCC-1,0.003911,0.011769,0.003372,0.000016,0.011526,0.049613,0.001887,0.031754,0.247392,0.009829,0.105091,0.376675,0.147164
AAACGAGACGGTTGAT-1,0.0399,0.080713,0.293283,0.148237,0.000013,0.004234,0.168444,0.013143,0.000759,0.019377,0.000013,0.004773,0.227111
AAACGCCCGAGATCGG-1,0.166219,0.181201,0.150306,0.00001,0.00001,0.000082,0.001152,0.006945,0.32948,0.100635,0.00001,0.061684,0.002268
AAACGCTGGGCACGAC-1,0.082279,0.006564,0.000395,0.117054,0.108692,0.090564,0.056812,0.389896,0.001406,0.000623,0.124717,0.002082,0.018917
AAACGGGCGTACGGGT-1,0.003224,0.010117,0.042279,0.007306,0.144749,0.062413,0.137366,0.028148,0.094722,0.207549,0.035186,0.043113,0.183828
AAACGGTTGCGAACTG-1,0.00537,0.48303,0.001182,0.013584,0.040546,0.001096,0.001759,0.063416,0.228571,0.020241,0.050306,0.090886,0.000013
AAACGTGTTCGCCCTA-1,0.03629,0.04192,0.044412,0.120967,0.01606,0.017173,0.111733,0.278958,0.090326,0.209727,0.006744,0.020069,0.005621
AAACTAACGTGGCGAC-1,0.304284,0.046054,0.061379,0.100666,0.00543,0.013468,0.004268,0.028857,0.224431,0.0213,0.000014,0.086958,0.102892
AAACTCGGTTCGCAAT-1,0.15345,0.094563,0.020562,0.002894,0.185009,0.014567,0.013024,0.046324,0.111742,0.040653,0.0502,0.214336,0.052676
AAACTCGTGATATAAG-1,0.15983,0.171333,0.199149,0.183228,0.017391,0.018281,0.115485,0.048965,0.021514,0.062914,0.000007,0.000438,0.001466
AAACTGCTGGCTCCAA-1,0.154393,0.453974,0.180736,0.116999,0.000974,0.001327,0.009486,0.008722,0.023203,0.014355,0.014557,0.016908,0.004368
AAACTTAATTGCACGC-1,0.791438,0.023224,0.006409,0.055333,0.000003,0.000599,0.003559,0.091682,0.00711,0.02063,0.000003,0.000003,0.000003
AAACTTGCAAACGTAT-1,0.119617,0.311489,0.017677,0.00001,0.000705,0.00597,0.016177,0.114072,0.317817,0.081516,0.00001,0.003491,0.011449
AAAGAATGACCTTAGA-1,0.003598,0.000015,0.012699,0.000015,0.003173,0.17332,0.047951,0.001908,0.000031,0.000873,0.071702,0.039379,0.645338
AAAGAATGTGGACTAA-1,0.034476,0.003826,0.029021,0.067976,0.053049,0.20648,0.145855,0.340827,0.004937,0.019475,0.051992,0.000526,0.041559
AAAGACATGAAGTTTA-1,0.029563,0.68531,0.119026,0.049921,0.003333,0.000938,0.003796,0.000009,0.000734,0.00225,0.009593,0.077835,0.017691
AAAGACCCAAGTCGCG-1,0.000055,0.000055,0.000055,0.000055,0.000055,0.000055,0.000055,0.000055,0.000055,0.000055,0.576087,0.420429,0.002933
AAAGACTGGGCGCTTT-1,0.027044,0.304109,0.147369,0.009901,0.19131,0.030026,0.018586,0.007145,0.076278,0.024964,0.001362,0.099361,0.062546
AAAGCTTGCCTACATA-1,0.061576,0.055258,0.032907,0.10159,0.31719,0.070327,0.078763,0.090627,0.057204,0.056442,0.006296,0.013746,0.058073
AAAGGCCCTATAATAC-1,0.216438,0.058605,0.042065,0.022116,0.089252,0.029487,0.007757,0.051422,0.206568,0.038376,0.011695,0.040874,0.185346
AAAGGCTACGGACCAT-1,0.000012,0.488545,0.001655,0.165799,0.041451,0.003794,0.000902,0.030341,0.069977,0.007817,0.000538,0.182233,0.006936
AAAGGCTCTCGCGCCG-1,0.015133,0.668869,0.031781,0.00024,0.000019,0.009821,0.014329,0.00807,0.009105,0.002374,0.000019,0.15653,0.083709
AAAGGGATGTAGCAAG-1,0.000031,0.029527,0.158747,0.000031,0.000031,0.01472,0.000481,0.000031,0.024195,0.008802,0.000031,0.441459,0.321914
AAAGGGCAGCTTGAAT-1,0.00002,0.006185,0.045879,0.00002,0.00002,0.00002,0.00002,0.00002,0.013397,0.018756,0.541457,0.374184,0.00002
AAAGGTAAGCTGTACC-1,0.254562,0.102877,0.361207,0.000188,0.000009,0.003943,0.015022,0.021211,0.128864,0.08608,0.000009,0.005727,0.020299
AAAGGTCAACGACATG-1,0.008328,0.130273,0.000849,0.006046,0.087814,0.006366,0.00485,0.0989,0.222966,0.025464,0.046122,0.358692,0.003328
AAAGTAGCATTGCTCA-1,0.030503,0.304169,0.008189,0.007983,0.016002,0.000008,0.000607,0.051822,0.434399,0.131886,0.001426,0.012997,0.000008
AAAGTCACTGATGTAA-1,0.000051,0.000051,0.000051,0.000051,0.000051,0.000051,0.000051,0.000051,0.000051,0.000051,0.267446,0.684294,0.047751
AAAGTCGACCCTCAGT-1,0.046323,0.000013,0.11495,0.096062,0.000353,0.000942,0.000013,0.000013,0.530597,0.052636,0.00298,0.052733,0.102385
AAAGTGCCATCAATTA-1,0.020848,0.014281,0.003551,0.008986,0.248391,0.156576,0.054784,0.184777,0.136003,0.022202,0.058018,0.068477,0.023105
AAAGTGTGATTTATCT-1,0.149802,0.094142,0.273561,0.000012,0.000012,0.006474,0.412948,0.009032,0.000012,0.007369,0.000012,0.002857,0.043765
AAAGTTGACTCCCGTA-1,0.094396,0.029257,0.208637,0.002317,0.030752,0.110553,0.29438,0.00449,0.000012,0.002278,0.050394,0.004988,0.167548
AAATAACCATACGGGA-1,0.000017,0.061626,0.198103,0.064298,0.037765,0.016055,0.028127,0.000017,0.002339,0.064654,0.030907,0.067159,0.428932
AAATAAGGTAGTGCCC-1,0.018448,0.273386,0.079551,0.037913,0.01512,0.051582,0.265555,0.056972,0.072227,0.063531,0.045628,0.00525,0.014837
AAATACCTATAAGCAT-1,0.08333,0.177714,0.107513,0.237373,0.049018,0.003024,0.004341,0.000628,0.001625,0.001607,0.143689,0.12206,0.068078
AAATAGCTTAGACTTT-1,0.026493,0.058384,0.055403,0.338786,0.03738,0.088991,0.145742,0.014331,0.000011,0.000011,0.00484,0.019874,0.209755
AAATAGGGTGCTATTG-1,0.169901,0.086752,0.225388,0.000015,0.000015,0.014941,0.013856,0.012217,0.033249,0.019813,0.000015,0.018666,0.405172
AAATCACTCCTAAACG-1,0.025128,0.287981,0.063582,0.161321,0.010797,0.006409,0.007515,0.041226,0.239768,0.090531,0.000658,0.046701,0.018382
AAATCCGATACACGCC-1,0.000406,0.000008,0.038299,0.06698,0.062604,0.030447,0.006603,0.007441,0.221132,0.083754,0.035793,0.007666,0.438866
AAATCGCGGAAGGAGT-1,0.062466,0.061501,0.203249,0.341722,0.055778,0.005232,0.159102,0.029323,0.009549,0.058151,0.010514,0.000006,0.003408
AAATCGTGTACCACAA-1,0.043879,0.474582,0.122273,0.180544,0.000017,0.000017,0.005423,0.000017,0.000017,0.000017,0.000017,0.162841,0.010355
AAATCTAGCCCTGCTA-1,0.091639,0.010336,0.081275,0.268992,0.036431,0.032022,0.258265,0.069933,0.011963,0.046029,0.034164,0.002832,0.05612
AAATCTGCCCGCGTCC-1,0.105614,0.237862,0.023983,0.000256,0.000256,0.277301,0.000256,0.316318,0.033196,0.004192,0.000256,0.000256,0.000256
AAATGACTGATCAAAC-1,0.115411,0.335565,0.021219,0.000021,0.014712,0.012734,0.105241,0.062966,0.120481,0.023881,0.006352,0.163172,0.018244
AAATGATTCGATCAGC-1,0.033832,0.219619,0.202566,0.126197,0.01559,0.079879,0.129369,0.05276,0.015731,0.008277,0.003553,0.01485,0.097777
AAATGGCATGTCTTGT-1,0.142735,0.282513,0.409269,0.05583,0.000015,0.000015,0.000015,0.000015,0.071375,0.018079,0.005316,0.014809,0.000015
AAATGGCCCGTGCCCT-1,0.197432,0.207191,0.005268,0.045508,0.039395,0.000006,0.001447,0.069822,0.227255,0.206656,0.000006,0.000006,0.000006
AAATGGTCAATGTGCC-1,0.001944,0.632393,0.118829,0.008281,0.043634,0.00014,0.010509,0.000014,0.000471,0.00434,0.004321,0.170616,0.004507
AAATGTATCTTATCCC-1,0.001609,0.009296,0.050992,0.366583,0.035512,0.00386,0.002886,0.00404,0.240512,0.211356,0.00639,0.003774,0.063189
AAATGTGGGTGCTCCT-1,0.000056,0.000056,0.000056,0.000056,0.000056,0.000056,0.000056,0.000056,0.000056,0.000056,0.632208,0.357739,0.009497
AAATTAACGGGTAGCT-1,0.007553,0.258361,0.239756,0.00003,0.00003,0.00445,0.020948,0.00003,0.00003,0.00003,0.00134,0.310735,0.156706
AAATTAATAAGCGCGA-1,0.000017,0.000017,0.000017,0.000017,0.083272,0.042759,0.000017,0.000017,0.000017,0.000017,0.168972,0.017539,0.687324
AAATTACACGACTCTG-1,0.173358,0.051686,0.350715,0.016205,0.013797,0.042344,0.011236,0.009935,0.073244,0.024918,0.002188,0.052806,0.177568
AAATTACCTATCGATG-1,0.338077,0.103466,0.355216,0.023451,0.005532,0.024041,0.054953,0.010305,0.001035,0.018307,0.005449,0.002073,0.058095
AAATTCCAGGTCCAAA-1,0.014147,0.01036,0.020246,0.03335,0.040439,0.112463,0.090817,0.027329,0.003685,0.000017,0.200878,0.080588,0.365681
AAATTGATAGTCCTTT-1,0.000012,0.344396,0.000012,0.392257,0.028287,0.000012,0.000012,0.002141,0.166495,0.006632,0.000012,0.059717,0.000012
AAATTGGTGAGAAGCA-1,0.748335,0.00222,0.005138,0.000006,0.00111,0.065588,0.02153,0.06589,0.025338,0.043321,0.000006,0.010177,0.011339
AAATTTACCGAAATCC-1,0.12633,0.116123,0.138898,0.110793,0.00003,0.00003,0.00003,0.00003,0.00003,0.00003,0.00003,0.250137,0.257506
AAATTTGCGGGTGTGG-1,0.000025,0.06441,0.000025,0.000025,0.177986,0.007584,0.000025,0.002946,0.057927,0.000025,0.086755,0.506072,0.096194
AACAACTGGTAGTTGC-1,0.000036,0.000036,0.000036,0.086492,0.000036,0.000036,0.000036,0.000036,0.000036,0.000036,0.759403,0.15374,0.000036
AACAATACATTGTCGA-1,0.000019,0.028457,0.000019,0.000019,0.012517,0.000019,0.000019,0.000019,0.089405,0.000019,0.567975,0.301489,0.000019
AACAATTACTCTACGC-1,0.000019,0.468986,0.006169,0.128022,0.032214,0.000019,0.015667,0.002561,0.019606,0.003778,0.009642,0.28762,0.025697
AACACACGCTCGCCGC-1,0.034354,0.016524,0.399184,0.00001,0.045831,0.057984,0.088647,0.005403,0.083404,0.117663,0.054955,0.02406,0.07198
AACACGACTGTACTGA-1,0.029345,0.55158,0.20647,0.006417,0.00002,0.000237,0.0123,0.001039,0.00002,0.00002,0.014959,0.165383,0.012212
AACACGAGACGCGGCC-1,0.112526,0.103981,0.028351,0.004239,0.004028,0.014205,0.00725,0.087104,0.3148,0.033921,0.056386,0.201777,0.031433
AACAGCTGTGTGGCAA-1,0.000009,0.234494,0.018931,0.000009,0.026874,0.003097,0.006905,0.014767,0.34512,0.175693,0.004845,0.167704,0.00155
AACAGGAAATCGAATA-1,0.14219,0.616924,0.154445,0.000013,0.000013,0.000013,0.021837,0.015674,0.020968,0.014204,0.000013,0.013691,0.000013
AACAGGATGGGCCGCG-1,0.000042,0.000042,0.017306,0.000042,0.000042,0.000042,0.000042,0.000042,0.000042,0.000042,0.923756,0.058517,0.000042
AACAGGTAGTATGGAT-1,0.059576,0.012922,0.037527,0.000051,0.021809,0.246565,0.046298,0.055817,0.244707,0.17738,0.008678,0.029312,0.059357
AACATAGCGTGTATCG-1,0.715683,0.02421,0.045904,0.000015,0.000015,0.006331,0.006566,0.016108,0.012047,0.015809,0.000015,0.129786,0.027512
AACATATCAACTGGTG-1,0.31803,0.020649,0.348915,0.000013,0.000013,0.006908,0.010659,0.000013,0.000013,0.000013,0.005305,0.038967,0.250502
AACATCGATACGTCTA-1,0.052704,0.108735,0.18131,0.339306,0.023725,0.008422,0.195058,0.035669,0.007157,0.019777,0.014424,0.003277,0.010436
AACATTGAAGTTGATC-1,0.047781,0.242568,0.063229,0.000022,0.000022,0.007442,0.036284,0.141035,0.251919,0.037589,0.000022,0.035977,0.13611
AACATTGTGACTCGAG-1,0.000031,0.264226,0.000031,0.000031,0.012601,0.017817,0.000031,0.030444,0.049426,0.000031,0.071349,0.544976,0.009007
AACCAAGACTTCTCTG-1,0.005726,0.577835,0.002132,0.033527,0.043486,0.00129,0.002586,0.044949,0.239805,0.024149,0.008551,0.015802,0.000162
AACCAGTATCACTCTT-1,0.148991,0.02332,0.308696,0.000024,0.05208,0.003567,0.012368,0.000496,0.122725,0.071694,0.101303,0.116039,0.038698
AACCATAGGGTTGAAC-1,0.011231,0.083289,0.149837,0.041229,0.005313,0.017299,0.089401,0.037366,0.098152,0.358594,0.003904,0.051438,0.052947
AACCCAGAGACGGAGA-1,0.000059,0.223318,0.402135,0.125716,0.000059,0.000059,0.000059,0.000059,0.000059,0.000059,0.100934,0.098048,0.049438
AACCCATCCCATGATC-1,0.202492,0.023796,0.010113,0.436697,0.085973,0.002146,0.000007,0.015628,0.142236,0.045342,0.000389,0.007064,0.028116
AACCCGACAACCCGTG-1,0.000087,0.000087,0.000087,0.012747,0.069136,0.000087,0.000087,0.000087,0.018217,0.000087,0.833008,0.022603,0.043677
AACCCGAGCAGAATCG-1,0.031486,0.012528,0.005268,0.004323,0.152182,0.117487,0.14124,0.210461,0.060275,0.005906,0.047276,0.134476,0.077091
AACCCGATAGGGCTTC-1,0.109502,0.127594,0.041786,0.389172,0.01923,0.002502,0.001057,0.055351,0.189862,0.040147,0.000043,0.009096,0.014657
AACCCGCTGTATTCCA-1,0.028083,0.352741,0.000456,0.156116,0.022516,0.005986,0.012561,0.161036,0.180924,0.005615,0.01049,0.061449,0.002025
AACCCTACTGTCAATA-1,0.046865,0.003153,0.145618,0.000696,0.005535,0.188212,0.15604,0.002504,0.000014,0.003474,0.038219,0.012925,0.396746
AACCCTGGTGGAACCA-1,0.075283,0.585939,0.147477,0.092071,0.008639,0.002222,0.008234,0.00548,0.009294,0.009181,0.003094,0.044904,0.008182
AACCGAGCTTGGTCAT-1,0.084358,0.000029,0.144292,0.011118,0.000029,0.008886,0.005278,0.000029,0.000799,0.017217,0.078157,0.25248,0.397326
AACCGCTAAGGGATGC-1,0.061994,0.004136,0.070214,0.000017,0.000017,0.054238,0.051291,0.002106,0.000017,0.000017,0.000017,0.031761,0.724175
AACCGTTGTGTTTGCT-1,0.022914,0.222155,0.314269,0.04742,0.000028,0.000028,0.000028,0.000028,0.015775,0.005573,0.000028,0.367087,0.004666
AACCTAAAGCCGTCCG-1,0.003498,0.406742,0.154096,0.103374,0.000017,0.000017,0.007573,0.000017,0.000017,0.001293,0.000017,0.309522,0.013817
AACCTCGCTTTAGCCC-1,0.068,0.03848,0.03592,0.168397,0.001611,0.031082,0.01523,0.037985,0.056827,0.020816,0.007059,0.03257,0.486023
AACCTGTCACGGAATT-1,0.038699,0.09441,0.11742,0.000007,0.004289,0.050936,0.22022,0.053348,0.164068,0.216469,0.000007,0.035196,0.004931
AACCTTTAAATACGGT-1,0.029518,0.213396,0.062586,0.058992,0.020114,0.005906,0.014317,0.003344,0.00822,0.002355,0.268856,0.225313,0.087082
AACCTTTACGACGTCT-1,0.004098,0.063546,0.271687,0.115319,0.099993,0.025597,0.041314,0.000035,0.002839,0.078541,0.006996,0.040908,0.249126
AACGAAAGTCGTCCCA-1,0.01023,0.06283,0.055883,0.018859,0.009843,0.024788,0.105612,0.098352,0.055873,0.523167,0.000005,0.004494,0.030064
AACGACCTCCTAGCCG-1,0.000146,0.000189,0.000016,0.033968,0.195919,0.224749,0.0207,0.171158,0.124802,0.0088,0.042599,0.059683,0.117271
AACGATAATGCCGTAG-1,0.112335,0.000223,0.344803,0.000017,0.000017,0.040697,0.005211,0.000017,0.062981,0.021769,0.00607,0.075905,0.329954
AACGATAGAAGGGCCG-1,0.000022,0.251619,0.025569,0.01986,0.000022,0.000022,0.000493,0.000022,0.000022,0.000022,0.01225,0.636206,0.053869
AACGATATGTCAACTG-1,0.25252,0.170328,0.449224,0.000761,0.003508,0.002498,0.028797,0.010732,0.013068,0.027023,0.029019,0.009613,0.002909
AACGCATGATCTGGGT-1,0.012827,0.064942,0.320491,0.133012,0.015112,0.017482,0.197982,0.005704,0.000014,0.002871,0.010576,0.016619,0.202368
AACGCGACCTTGGGCG-1,0.000024,0.207771,0.000024,0.001631,0.094167,0.005537,0.003381,0.0852,0.114218,0.006613,0.0004,0.481008,0.000024
AACGCGGTCTCCAGCC-1,0.15297,0.125324,0.144031,0.000026,0.000026,0.016766,0.004173,0.035291,0.09103,0.018752,0.000026,0.313827,0.097757
AACGCTGTTGCTGAAA-1,0.043046,0.057322,0.227786,0.485825,0.000009,0.000404,0.16879,0.002688,0.000009,0.001173,0.000896,0.003209,0.008843
AACGGACGTACGTATA-1,0.01582,0.036381,0.268828,0.00444,0.000013,0.040153,0.297528,0.053816,0.004296,0.009053,0.044878,0.024954,0.19984
AACGGCCATCTCCGGT-1,0.000049,0.000049,0.000049,0.000049,0.000049,0.000049,0.000049,0.000049,0.000049,0.000049,0.910675,0.000049,0.088781
AACGTACTGTGGGTAC-1,0.000126,0.000126,0.000126,0.000126,0.000126,0.000126,0.000126,0.000126,0.000126,0.000126,0.772836,0.000127,0.225774
AACGTCAGACTAGTGG-1,0.000058,0.182,0.351386,0.000058,0.000058,0.000058,0.000058,0.000058,0.000058,0.000058,0.255463,0.128526,0.082164
AACGTCATCCGGCTTG-1,0.000045,0.015706,0.000045,0.000045,0.014058,0.039776,0.043379,0.027998,0.000045,0.000045,0.000045,0.562267,0.296548
AACGTCGCTGCACTTC-1,0.000021,0.000021,0.000021,0.396603,0.239247,0.120931,0.000921,0.071411,0.000021,0.000021,0.007221,0.000021,0.163539
AACGTGATGAAGGACA-1,0.092553,0.205383,0.297083,0.000042,0.119224,0.012537,0.009068,0.010114,0.071302,0.034481,0.026629,0.041359,0.080225
AACGTGCGAAAGTCTC-1,0.401306,0.112036,0.222543,0.263098,0.000005,0.000005,0.000037,0.000005,0.000005,0.000005,0.000005,0.000131,0.000816
AACGTTATCAGCACCT-1,0.00657,0.016524,0.032135,0.000022,0.000022,0.000022,0.006981,0.000042,0.091549,0.014524,0.549849,0.251369,0.030393
AACGTTCTACCATTGT-1,0.000041,0.000041,0.000041,0.09925,0.182838,0.046925,0.195262,0.038925,0.000041,0.000041,0.316265,0.001584,0.118747
AACTACCCGTTTGTCA-1,0.000012,0.002317,0.004318,0.06277,0.497226,0.064372,0.012566,0.045432,0.052056,0.022369,0.000351,0.049776,0.186434
AACTAGCGTATCGCAC-1,0.000057,0.134039,0.320834,0.000057,0.000057,0.000057,0.000057,0.000057,0.000057,0.000057,0.082727,0.453838,0.008104
AACTAGGCTTGGGTGT-1,0.089132,0.580536,0.077166,0.076057,0.000018,0.005805,0.009546,0.003405,0.007993,0.003315,0.009703,0.087219,0.050106
AACTCAAGTTAATTGC-1,0.000038,0.000038,0.04694,0.000038,0.000038,0.000038,0.000038,0.000038,0.000038,0.033867,0.476606,0.442241,0.000038
AACTCCAGAGCGTGTT-1,0.009222,0.037906,0.16859,0.169788,0.115381,0.00659,0.138252,0.029405,0.013058,0.300113,0.004592,0.005647,0.001457
AACTCCTAATCCCATG-1,0.197971,0.029111,0.105248,0.00002,0.015975,0.092934,0.015696,0.00002,0.00002,0.004111,0.00002,0.043802,0.495072
AACTCTCAATAGAGCG-1,0.003107,0.016973,0.204002,0.00002,0.00002,0.045863,0.215995,0.00002,0.00002,0.00002,0.052851,0.018351,0.44276
AACTCTCAGTGTGCTC-1,0.000117,0.000117,0.000117,0.000117,0.000117,0.021703,0.000117,0.000117,0.000117,0.000117,0.708241,0.136147,0.132855
AACTGAGGTCAGCGTC-1,0.1717,0.041191,0.076319,0.042902,0.033428,0.039123,0.082022,0.149686,0.02789,0.132668,0.000017,0.061258,0.141796
AACTGAGTTATACTGA-1,0.046123,0.101431,0.011036,0.601197,0.00699,0.011269,0.083575,0.104285,0.01111,0.018332,0.003535,0.001109,0.000007
AACTGATATTAGGCCT-1,0.038054,0.185976,0.241548,0.00003,0.014512,0.040495,0.010876,0.007201,0.010635,0.004703,0.048541,0.296829,0.1006
AACTGGGTCCCGACGT-1,0.120413,0.247502,0.491219,0.039435,0.008553,0.000015,0.009445,0.002995,0.026579,0.012505,0.003955,0.033036,0.004348
AACTGGGTTCGAGCCG-1,0.042037,0.167021,0.220744,0.000042,0.000042,0.000042,0.000042,0.000042,0.000042,0.000042,0.000042,0.321595,0.248268
AACTGGTGTGGGCCTT-1,0.000071,0.000071,0.000071,0.000071,0.000071,0.000071,0.000071,0.000071,0.000071,0.000071,0.602039,0.397179,0.000071
AACTTCTGCGTCTATC-1,0.000038,0.000038,0.061048,0.000038,0.000038,0.000038,0.000038,0.000038,0.000038,0.000038,0.485164,0.436181,0.017262
AACTTGCCCGTATGCA-1,0.00004,0.030904,0.011389,0.00004,0.00004,0.015826,0.00004,0.00004,0.00004,0.00004,0.00045,0.830802,0.110348
AACTTTACGGGAGCTT-1,0.002552,0.012016,0.008987,0.000021,0.213281,0.023711,0.000542,0.000021,0.079796,0.006377,0.18278,0.046578,0.423339
AACTTTAGCTGCTGAG-1,0.000064,0.100622,0.246106,0.045687,0.000064,0.000064,0.000064,0.000064,0.000064,0.000064,0.095809,0.498731,0.012599
AACTTTCTCGATCATG-1,0.078546,0.110796,0.005546,0.000009,0.104586,0.151588,0.141969,0.237122,0.089693,0.016467,0.000009,0.057865,0.005806
AAGAAAGTTTGATGGG-1,0.024733,0.008388,0.002114,0.404876,0.005107,0.001865,0.02787,0.336522,0.089412,0.099085,0.00001,0.00001,0.00001
AAGAAATCACCAGATT-1,0.003015,0.003873,0.013694,0.006286,0.042385,0.167998,0.076611,0.0961,0.150378,0.05629,0.00001,0.024357,0.359002
AAGACATACGTGGTTT-1,0.105253,0.028776,0.020239,0.193581,0.191001,0.014557,0.049012,0.256591,0.054322,0.048572,0.03794,0.000151,0.000006
AAGACCAAATAACTCA-1,0.091078,0.027624,0.068005,0.081843,0.015071,0.027197,0.213813,0.186702,0.019288,0.069463,0.00533,0.005161,0.189426
AAGACCCAACTGAACA-1,0.000012,0.674424,0.014937,0.000012,0.002532,0.014814,0.03018,0.014768,0.051498,0.019026,0.000012,0.16377,0.014015
AAGACTCACGCCCACT-1,0.05933,0.320485,0.177524,0.00002,0.00002,0.016215,0.012616,0.03835,0.005717,0.018491,0.00002,0.219183,0.132028
AAGACTGCAAGCTACT-1,0.317722,0.272414,0.170233,0.000016,0.000016,0.003573,0.014098,0.01416,0.014577,0.003646,0.01916,0.11717,0.053213
AAGAGATGAATCGGTA-1,0.000039,0.012006,0.181444,0.07029,0.000039,0.000039,0.001577,0.000039,0.000039,0.07553,0.131084,0.527836,0.000039
AAGAGCTCTTTATCGG-1,0.230321,0.158625,0.278594,0.067675,0.005539,0.010695,0.020648,0.001392,0.000016,0.003486,0.005692,0.043874,0.173441
AAGAGGATGTACGCGA-1,0.000012,0.6626,0.002732,0.145467,0.067093,0.002327,0.004403,0.004514,0.009986,0.004366,0.025596,0.070893,0.000012
AAGAGGCATGGATCGC-1,0.255954,0.007242,0.244547,0.017463,0.000013,0.043537,0.036614,0.000013,0.000013,0.000013,0.002103,0.000818,0.391671
AAGAGGCCCTTTGGAA-1,0.10044,0.094179,0.038777,0.227871,0.016911,0.009064,0.146813,0.180899,0.05419,0.12829,0.000525,0.001839,0.000201
AAGATGGCACCGGACC-1,0.000021,0.000021,0.000021,0.000153,0.004745,0.000021,0.000021,0.000021,0.03969,0.000021,0.955218,0.000022,0.000021
AAGATTGGCGGAACGT-1,0.003073,0.007117,0.257673,0.000018,0.000018,0.071898,0.177557,0.000018,0.000018,0.001086,0.000298,0.010922,0.470305
AAGCACCCTGCGTATC-1,0.256483,0.30424,0.256852,0.032466,0.001704,0.000008,0.005957,0.009168,0.044731,0.037132,0.042324,0.008927,0.000008
AAGCATACTCTCCTGA-1,0.084975,0.291602,0.28688,0.001513,0.007089,0.007701,0.034839,0.015923,0.083802,0.021867,0.022873,0.070371,0.070564
AAGCCACTTGCAGGTA-1,0.006407,0.004269,0.000024,0.000024,0.393274,0.007201,0.000024,0.001077,0.133455,0.001617,0.087706,0.301045,0.063879
AAGCCGAAGCGGTTTA-1,0.021881,0.015572,0.211287,0.47477,0.0322,0.00311,0.010643,0.001415,0.063366,0.093243,0.032273,0.033802,0.006438
AAGCCGCCGTGAAATC-1,0.281446,0.222321,0.046059,0.004015,0.001876,0.006968,0.008283,0.06134,0.189657,0.027314,0.027643,0.093457,0.029621
AAGCCGCTTTACCTTG-1,0.093902,0.010625,0.013272,0.049053,0.225719,0.113825,0.039915,0.293671,0.06102,0.024382,0.011478,0.022827,0.040311
AAGCCGGAGAGCAGGA-1,0.007323,0.111956,0.000978,0.288649,0.133589,0.041587,0.05329,0.2885,0.027185,0.008962,0.017631,0.01871,0.001641
AAGCGCAGGGCTTTGA-1,0.164945,0.354099,0.018979,0.003639,0.001217,0.006782,0.010121,0.153194,0.203993,0.078109,0.000006,0.004169,0.000746
AAGCGGAGTGCGCGCA-1,0.109024,0.06566,0.016692,0.055404,0.167146,0.006077,0.110631,0.252498,0.05965,0.156682,0.000322,0.000005,0.000209
AAGCGGCGTCATGGGT-1,0.020765,0.000016,0.50899,0.130744,0.000016,0.000016,0.000016,0.000016,0.131362,0.013272,0.016261,0.010758,0.167766
AAGCGTCCCTCATCGA-1,0.000013,0.634528,0.000854,0.147877,0.061303,0.000132,0.002434,0.013546,0.023518,0.015695,0.00076,0.098897,0.000443
AAGCTAGATCGAGTAA-1,0.042108,0.271198,0.189467,0.157107,0.061512,0.000431,0.002129,0.000794,0.020126,0.011639,0.130214,0.049105,0.064171
AAGCTATGGATTGACC-1,0.164083,0.000118,0.004377,0.000024,0.000024,0.09297,0.428101,0.062145,0.002286,0.003637,0.012114,0.08234,0.14778
AAGCTCGTGCCAAGTC-1,0.011428,0.000032,0.057433,0.000032,0.000032,0.008918,0.006287,0.000032,0.000032,0.000032,0.015398,0.323777,0.576564
AAGCTCTTTCATGGTG-1,0.350481,0.047271,0.297753,0.068056,0.002744,0.000816,0.002642,0.008511,0.102366,0.028568,0.020802,0.028079,0.041912
AAGGAGAACTTATAAG-1,0.000025,0.000025,0.165373,0.000025,0.000025,0.000025,0.000025,0.000025,0.000025,0.035265,0.162254,0.636879,0.000025
AAGGAGCGGTTGGTGC-1,0.006514,0.762558,0.069441,0.04839,0.000011,0.000011,0.010835,0.000366,0.000011,0.000173,0.000011,0.09767,0.00401
AAGGATCGATCGCTTG-1,0.038898,0.164585,0.118999,0.182811,0.0005,0.052962,0.29257,0.019192,0.000458,0.001406,0.009165,0.039944,0.07851
AAGGATGAGGGACCTC-1,0.044429,0.034894,0.340841,0.257666,0.000015,0.010189,0.132054,0.00765,0.000015,0.013517,0.039339,0.024874,0.094517
AAGGCAGGCTGTCTCC-1,0.018738,0.066336,0.005696,0.055224,0.485072,0.039576,0.043405,0.100974,0.040306,0.006142,0.126572,0.003452,0.008506
AAGGCGCGTAAAGCTT-1,0.000038,0.248527,0.230276,0.040777,0.000038,0.000038,0.000038,0.000038,0.000038,0.000038,0.14326,0.130703,0.206192
AAGGCTGTGCTCATCG-1,0.000031,0.285166,0.059875,0.000031,0.000031,0.003014,0.031434,0.000031,0.000031,0.000031,0.22315,0.396187,0.000988
AAGGGAACGACTGGCT-1,0.15275,0.048714,0.046649,0.042091,0.046456,0.02192,0.005616,0.044867,0.247135,0.063312,0.047289,0.102421,0.130781
AAGGGACAGATTCTGT-1,0.000026,0.000026,0.048613,0.000026,0.100855,0.069138,0.014965,0.000026,0.000026,0.000026,0.192099,0.105704,0.468468
AAGGGACTATGCATTC-1,0.070395,0.057636,0.040648,0.048718,0.100666,0.018892,0.009435,0.031142,0.153515,0.016424,0.094857,0.297883,0.059789
AAGGGTTAGCCATGCG-1,0.05215,0.013785,0.000028,0.292906,0.00585,0.189295,0.105224,0.112042,0.000028,0.000028,0.009289,0.026875,0.192499
AAGGGTTTGATTTCAG-1,0.108596,0.007542,0.117425,0.145832,0.281105,0.053592,0.107718,0.045785,0.018845,0.026536,0.000013,0.001028,0.085983
AAGGTATCCTAATATA-1,0.209348,0.074984,0.362712,0.041875,0.014944,0.024218,0.089161,0.007864,0.001981,0.012851,0.088393,0.016909,0.05476
AAGGTGATAAACCAGC-1,0.004768,0.00156,0.370313,0.194705,0.000013,0.020703,0.030804,0.000013,0.000487,0.024749,0.021242,0.000797,0.329845
AAGTAGAAGACCGGGT-1,0.000024,0.002066,0.095084,0.000024,0.000024,0.000024,0.009572,0.000024,0.000388,0.00876,0.266991,0.612515,0.004504
AAGTAGTGACGCGAGG-1,0.000035,0.000113,0.000712,0.108114,0.008845,0.000035,0.000035,0.000035,0.000035,0.000035,0.808051,0.073917,0.000035
AAGTCAATTGTCGTCA-1,0.055999,0.122885,0.216339,0.184049,0.093822,0.066561,0.184327,0.01411,0.000011,0.00467,0.016929,0.001384,0.038914
AAGTCTAGTAGCTGCC-1,0.025025,0.115811,0.021863,0.02853,0.132538,0.047391,0.090838,0.237681,0.177404,0.098134,0.010723,0.006293,0.007769
AAGTCTTCTGTGGCCT-1,0.013229,0.075073,0.063592,0.214215,0.009348,0.000108,0.020958,0.06862,0.120744,0.414099,0.000004,0.000004,0.000004
AAGTGACGACCGAATT-1,0.119358,0.31166,0.017237,0.000021,0.000021,0.018177,0.020951,0.047259,0.194299,0.069435,0.000021,0.167212,0.03435
AAGTGAGTCGGGTTTA-1,0.000023,0.001357,0.010224,0.085164,0.029671,0.00246,0.000023,0.000023,0.053078,0.119574,0.121995,0.569171,0.007238
AAGTGCAAAGGTAGAC-1,0.036939,0.186278,0.136057,0.231097,0.113932,0.006049,0.002194,0.000014,0.015053,0.016774,0.08818,0.054036,0.113398
AAGTGCCTTGACTGTA-1,0.001856,0.257123,0.05923,0.326202,0.036511,0.047244,0.080517,0.010541,0.001071,0.001739,0.000013,0.052058,0.125894
AAGTGCGTTAGAATCT-1,0.03583,0.290485,0.008516,0.000015,0.000015,0.002832,0.009176,0.035116,0.226301,0.111582,0.000015,0.279549,0.000568
AAGTGCTTCTCTATTG-1,0.000009,0.484362,0.000068,0.099718,0.179099,0.000009,0.000009,0.005019,0.074192,0.015304,0.087551,0.054651,0.000009
AAGTGTTTGGAGACGG-1,0.000032,0.000032,0.000032,0.000032,0.000032,0.000032,0.000032,0.000032,0.000032,0.000032,0.000032,0.093567,0.906076
AAGTTCACTCCAAGCT-1,0.026424,0.063283,0.383577,0.070415,0.110916,0.008708,0.025846,0.011835,0.053816,0.175084,0.005175,0.013365,0.051556
AAGTTCAGTCTGCGTA-1,0.059465,0.058845,0.370881,0.311792,0.000008,0.000334,0.192818,0.002664,0.000008,0.001889,0.000821,0.000008,0.000467
AAGTTCGGCCAACAGG-1,0.000025,0.160457,0.000025,0.000025,0.007448,0.063613,0.041624,0.002154,0.019739,0.000025,0.153013,0.496083,0.05577
AAGTTGTGATGTTATA-1,0.015993,0.000015,0.025612,0.017125,0.645354,0.022596,0.031112,0.011363,0.018008,0.007336,0.132967,0.015364,0.057155
AAGTTTACTAATGGCA-1,0.000046,0.146562,0.054144,0.000046,0.000046,0.000046,0.000046,0.000046,0.000046,0.000046,0.02233,0.610902,0.165694
AAGTTTATGGGCCCAA-1,0.143417,0.122878,0.061421,0.000011,0.000875,0.038922,0.004752,0.104321,0.250669,0.011979,0.000011,0.137892,0.122851
AATAACAACGCTCGGC-1,0.002423,0.028016,0.127231,0.000021,0.000021,0.003613,0.03107,0.004459,0.027273,0.041872,0.083252,0.635625,0.015123
AATAACACTAGAACAA-1,0.000023,0.000023,0.000023,0.000023,0.000023,0.000023,0.000023,0.000023,0.023629,0.000023,0.663105,0.28736,0.0257
AATAACGTCGCGCCCA-1,0.000041,0.000041,0.000041,0.025774,0.300741,0.133018,0.000505,0.000041,0.000041,0.000041,0.222709,0.000041,0.316967
AATAAGTCCTCGAGAC-1,0.002446,0.627574,0.170163,0.000021,0.000021,0.000021,0.004241,0.000021,0.000021,0.000021,0.000021,0.177914,0.017517
AATAATCTTCGTATCG-1,0.050408,0.076366,0.002427,0.040284,0.34391,0.053014,0.07873,0.2431,0.048203,0.018716,0.043182,0.001507,0.000154
AATACAATGTTTCAGG-1,0.00877,0.732506,0.086264,0.000007,0.000007,0.000007,0.010125,0.007771,0.023357,0.082394,0.000007,0.048778,0.000007
AATACCGGAGGGCTGT-1,0.000024,0.000024,0.000024,0.000024,0.063801,0.000036,0.000024,0.000024,0.045759,0.000024,0.599912,0.290299,0.000024
AATACCTGATGTGAAC-1,0.01431,0.000022,0.006078,0.016165,0.036506,0.341833,0.102165,0.165275,0.011997,0.018794,0.104641,0.02477,0.157443
AATAGAACAGAGTGGC-1,0.000045,0.000045,0.000045,0.000045,0.000045,0.000045,0.000045,0.000045,0.000045,0.000045,0.642226,0.261715,0.095611
AATAGAATCTGTTTCA-1,0.161399,0.097533,0.207217,0.074209,0.002705,0.015496,0.135111,0.029602,0.004919,0.019879,0.007511,0.034721,0.209697
AATAGCAAGCCTCCTG-1,0.049756,0.028511,0.026621,0.00406,0.039062,0.029296,0.01148,0.134459,0.313203,0.061712,0.00653,0.160046,0.135263
AATAGCTACCGCGTGC-1,0.05095,0.017627,0.070417,0.08344,0.000021,0.080608,0.073845,0.017754,0.000021,0.000021,0.074036,0.083693,0.447569
AATAGGCACGACCCTT-1,0.005571,0.51936,0.001065,0.002429,0.096383,0.02037,0.017772,0.125436,0.063574,0.007962,0.019115,0.082301,0.038662
AATAGTCCGTCCCGAC-1,0.01289,0.622349,0.158398,0.093916,0.00001,0.00001,0.005585,0.005025,0.028091,0.022389,0.001018,0.050034,0.000285
AATAGTCGCGAGTCGG-1,0.357856,0.179859,0.11366,0.195486,0.002105,0.005898,0.003956,0.014234,0.028233,0.013429,0.007984,0.01903,0.058271
AATATCCTAGCAAACT-1,0.000015,0.000015,0.026185,0.000015,0.003994,0.03849,0.095697,0.028385,0.081154,0.103314,0.066506,0.162332,0.393898
AATATCGAATCAATGC-1,0.026116,0.0319,0.006739,0.483515,0.094653,0.056042,0.018446,0.12351,0.031291,0.011638,0.001813,0.006417,0.107919
AATATCGAGGGTTCTC-1,0.033788,0.105496,0.164448,0.464214,0.0168,0.013887,0.103952,0.000296,0.000011,0.001779,0.004175,0.014371,0.076782
AATATTGGAGTATTGA-1,0.000043,0.007362,0.000043,0.000043,0.000044,0.002245,0.000043,0.063697,0.063596,0.000043,0.000045,0.531764,0.33103
AATCAGGTTTCATTTA-1,0.00174,0.372659,0.000947,0.130078,0.093337,0.004566,0.000321,0.066477,0.236939,0.029396,0.005268,0.056455,0.001818
AATCATGTAAAGACTC-1,0.011411,0.021884,0.202077,0.023034,0.179262,0.045328,0.065978,0.002735,0.053071,0.20308,0.091612,0.024507,0.076022
AATCCAAGGGCCTGAG-1,0.00005,0.00005,0.00005,0.00005,0.00005,0.00005,0.00005,0.00005,0.00005,0.00005,0.764834,0.221839,0.012828
AATCCCGCTCAGAGCC-1,0.033571,0.156234,0.089623,0.03998,0.011143,0.007917,0.027209,0.050465,0.095489,0.0195,0.062045,0.384203,0.022622
AATCGAGGTCTCAAGG-1,0.576804,0.000016,0.070716,0.000016,0.000016,0.077887,0.019382,0.019172,0.013107,0.003824,0.009364,0.079694,0.130002
AATCGCCTCAGCGCCA-1,0.06606,0.159394,0.260213,0.09848,0.130214,0.02256,0.026241,0.000103,0.000011,0.001062,0.066086,0.004893,0.164681
AATCGCGCAGAGGACT-1,0.013472,0.021414,0.010604,0.499482,0.095646,0.032901,0.089896,0.053942,0.00484,0.001985,0.013485,0.018758,0.143575
AATCGGGACACTACGA-1,0.000027,0.58723,0.033236,0.028566,0.000027,0.000027,0.000027,0.000027,0.000027,0.000027,0.000027,0.317999,0.032754
AATCGGTATAGCCCTC-1,0.17551,0.067241,0.00654,0.003737,0.112465,0.053369,0.180074,0.323779,0.010677,0.009875,0.056696,0.000018,0.000018
AATCGTGAGCCGAGCA-1,0.592102,0.0028,0.032268,0.001713,0.106401,0.042712,0.002562,0.004317,0.003377,0.002082,0.045645,0.042569,0.121451
AATCTAGGTTTACTTG-1,0.663383,0.014172,0.000007,0.000007,0.001743,0.009243,0.002114,0.11991,0.159276,0.01,0.000624,0.014748,0.004773
AATCTATGCCGGAGCC-1,0.021561,0.112115,0.096864,0.2186,0.136292,0.047145,0.121469,0.001555,0.000015,0.000015,0.197656,0.000015,0.046698
AATCTCTACTGTGGTT-1,0.000024,0.000024,0.000024,0.000024,0.000024,0.033069,0.000024,0.002776,0.239382,0.000024,0.000024,0.044587,0.679997
AATCTGCGTTGGGACG-1,0.000186,0.033537,0.376863,0.500316,0.000009,0.000009,0.065904,0.000009,0.000009,0.000009,0.000009,0.000433,0.022705
AATCTGGCTTTCTAGT-1,0.33039,0.043462,0.039676,0.226146,0.003761,0.001536,0.000011,0.025944,0.245491,0.050483,0.000011,0.007922,0.025167
AATCTGGGTAGACCCT-1,0.050634,0.282964,0.280585,0.000024,0.024259,0.067352,0.021953,0.006473,0.012146,0.003395,0.000024,0.17368,0.07651
AATGACAGCAATGTCT-1,0.000013,0.235603,0.002276,0.327287,0.021844,0.000013,0.000013,0.0003,0.106587,0.052427,0.006852,0.245516,0.001268
AATGACGTAGGATGTC-1,0.00003,0.000251,0.063493,0.00003,0.00003,0.004141,0.00003,0.00003,0.00003,0.00003,0.058015,0.039585,0.834306
AATGACTGTCAGCCGG-1,0.000023,0.021426,0.130606,0.000023,0.000023,0.000023,0.004866,0.000023,0.000023,0.040152,0.035648,0.763365,0.003798
AATGATGATACGCTAT-1,0.000029,0.000029,0.130786,0.000029,0.000029,0.015025,0.108763,0.000029,0.000029,0.000029,0.035116,0.110768,0.59934
AATGATGCGACTCCTG-1,0.057985,0.086201,0.185182,0.190914,0.008983,0.107504,0.070787,0.009515,0.000015,0.003832,0.059818,0.052873,0.166392
AATGCAACCGGGTACC-1,0.059377,0.35932,0.143528,0.000018,0.064812,0.024513,0.012705,0.004921,0.017821,0.005004,0.027504,0.168526,0.111952
AATGCACCAAGCAATG-1,0.000017,0.016734,0.160593,0.047368,0.000017,0.092977,0.215513,0.000387,0.000017,0.000017,0.046057,0.02997,0.39033
AATGGCCGCCAATGCG-1,0.015787,0.314738,0.038237,0.103824,0.084806,0.011973,0.004558,0.021872,0.167255,0.054118,0.000963,0.118012,0.063855
AATGGTCCACCGTTCA-1,0.140778,0.324042,0.098053,0.005025,0.096377,0.00834,0.006874,0.034564,0.114391,0.032846,0.006886,0.092101,0.039724
AATGGTTCTCACAAGC-1,0.000064,0.349636,0.333049,0.025128,0.000064,0.000064,0.000064,0.000064,0.000064,0.000064,0.138978,0.152699,0.000064
AATGTATGGCACTGTA-1,0.003628,0.025895,0.098932,0.26033,0.019098,0.01371,0.007109,0.015944,0.130754,0.164089,0.016053,0.032254,0.212204
AATGTGCCCGAGGTGT-1,0.075786,0.282596,0.015896,0.000016,0.000016,0.020673,0.000361,0.031855,0.380337,0.032653,0.000016,0.142916,0.01688
AATGTGCTAATCTGAG-1,0.025228,0.322323,0.01377,0.017392,0.011215,0.000091,0.003739,0.039186,0.437824,0.101712,0.005101,0.022413,0.000007
AATGTTAAGACCCTGA-1,0.376265,0.10436,0.103153,0.067586,0.109456,0.000702,0.004892,0.008074,0.092976,0.116352,0.009977,0.005747,0.000459
AATGTTGTCGTGAGAC-1,0.025483,0.004249,0.077681,0.078086,0.419175,0.049234,0.063069,0.009434,0.012042,0.044456,0.104449,0.040415,0.072228
AATTAAAGGTCGGCGT-1,0.000012,0.656416,0.036061,0.092965,0.000012,0.000012,0.004512,0.000012,0.000012,0.027892,0.000012,0.182069,0.000012
AATTAACGGATTTCCA-1,0.03336,0.370407,0.065724,0.310909,0.008229,0.000527,0.003937,0.001614,0.012261,0.007012,0.016764,0.109077,0.06018
AATTACGAGACCCATC-1,0.013431,0.04542,0.041175,0.000996,0.050799,0.05341,0.164131,0.096335,0.071343,0.387322,0.000007,0.020351,0.055282
AATTAGCGCTGCAGCG-1,0.014123,0.31179,0.22161,0.000031,0.000031,0.000031,0.008145,0.008385,0.065242,0.005105,0.101012,0.243172,0.021322
AATTATACCCAGCAAG-1,0.007526,0.115867,0.091351,0.103245,0.003533,0.002854,0.11316,0.077155,0.035403,0.427367,0.000011,0.016712,0.005816
AATTCATAAGGGATCT-1,0.10736,0.100699,0.351243,0.1929,0.000011,0.000486,0.227805,0.005195,0.000011,0.000011,0.004033,0.000011,0.010238
AATTCATTGTCATGCA-1,0.010893,0.049917,0.073509,0.134461,0.10107,0.010661,0.035958,0.041799,0.181158,0.178244,0.015484,0.041716,0.125129
AATTCCAAGCATGTAC-1,0.057284,0.449121,0.004403,0.000014,0.000175,0.009925,0.011959,0.106392,0.19856,0.056182,0.000113,0.104653,0.001218
AATTCGATTCGAGGAT-1,0.151334,0.243378,0.049274,0.272029,0.002373,0.000387,0.004396,0.035689,0.141866,0.061564,0.013273,0.018384,0.006052
AATTCTAGAGTTAGGC-1,0.074744,0.520569,0.158885,0.134531,0.000018,0.000018,0.006154,0.002512,0.006364,0.006046,0.017421,0.070751,0.001987
AATTGAACGCTCTGGT-1,0.115433,0.00078,0.076758,0.000019,0.000019,0.029056,0.006907,0.000019,0.000019,0.000019,0.025581,0.040636,0.704756
AATTGCAGCAATCGAC-1,0.121748,0.000584,0.021994,0.005497,0.037612,0.174137,0.264009,0.1278,0.069976,0.020223,0.065876,0.030502,0.060043
AATTGCGTGGATTACA-1,0.000013,0.004745,0.04418,0.295624,0.102223,0.012044,0.001893,0.00486,0.085861,0.129463,0.064418,0.103041,0.151634
AATTGTGGTTGCCAAA-1,0.069917,0.13626,0.018832,0.11119,0.366217,0.041836,0.092076,0.124369,0.014137,0.015634,0.005749,0.00083,0.002952
AATTTGGGACATAGTA-1,0.075194,0.087551,0.398466,0.028897,0.000019,0.002177,0.064877,0.000995,0.008852,0.099204,0.000019,0.122069,0.11168
AATTTGGTTCCAAAGA-1,0.092388,0.326533,0.205372,0.000022,0.000022,0.000022,0.003586,0.002716,0.008717,0.006406,0.000022,0.345567,0.008626
ACAAACCATGCGTCCT-1,0.082774,0.00109,0.092548,0.140277,0.02193,0.024884,0.008782,0.011263,0.326695,0.130547,0.005801,0.003748,0.149661
ACAAACCGACAAGGCG-1,0.007273,0.884934,0.059443,0.000009,0.000009,0.000009,0.007602,0.000603,0.000224,0.003299,0.000009,0.030216,0.006369
ACAAACTCCATCAGAG-1,0.000024,0.000024,0.000024,0.000024,0.00166,0.000024,0.000024,0.000024,0.082718,0.05953,0.855688,0.000211,0.000024
ACAAAGAAGGTAGGCC-1,0.000013,0.000202,0.039562,0.000013,0.004419,0.134005,0.006138,0.003089,0.200967,0.0638,0.02511,0.095011,0.427671
ACAAAGCATGACCTAG-1,0.030237,0.003742,0.025462,0.348067,0.089355,0.034988,0.089607,0.14456,0.032444,0.054537,0.069641,0.000958,0.076402
ACAAATCGCACCGAAT-1,0.055752,0.051051,0.241836,0.000015,0.000015,0.0143,0.015663,0.000015,0.003131,0.000874,0.014062,0.026268,0.577018
ACAAATGGTAGTGTTT-1,0.000016,0.077785,0.170921,0.150931,0.01735,0.000256,0.004391,0.000016,0.004468,0.014275,0.04436,0.045575,0.469656
ACAAATTCAGATCTGA-1,0.000023,0.000153,0.272707,0.000023,0.077153,0.01695,0.004117,0.000023,0.009274,0.028366,0.002871,0.261771,0.32657
ACAACAGCATGAGCTA-1,0.202861,0.120478,0.335063,0.000018,0.052804,0.00642,0.025892,0.000145,0.003797,0.006926,0.064397,0.090488,0.090712
ACAACGGTCCCTGCGA-1,0.00008,0.096004,0.250933,0.00008,0.00008,0.00008,0.00008,0.00008,0.00008,0.00008,0.258606,0.271603,0.122218
ACAAGCAGTGCCTAGC-1,0.000013,0.79616,0.004103,0.005175,0.003987,0.000013,0.000151,0.002006,0.000555,0.000014,0.000013,0.186588,0.001222
ACAAGCTATATGGAAG-1,0.000645,0.000238,0.040054,0.003127,0.050295,0.188107,0.03211,0.011183,0.149227,0.297091,0.018837,0.05134,0.157746
ACAAGGAAATCCGCCC-1,0.19555,0.122442,0.207961,0.000014,0.067346,0.045856,0.009658,0.00242,0.016044,0.004041,0.007368,0.020133,0.301167
ACAAGGACAAGAGGTT-1,0.000064,0.189482,0.053921,0.050037,0.000064,0.000064,0.021642,0.000064,0.000064,0.000064,0.157036,0.242562,0.284934
ACAAGGATGCTTTAGG-1,0.003263,0.015016,0.076795,0.006245,0.203991,0.104328,0.067392,0.009666,0.074093,0.073907,0.044633,0.035302,0.285371
ACAAGGCCTACCAGCC-1,0.175418,0.337018,0.122795,0.005637,0.003205,0.002643,0.01211,0.028129,0.163986,0.067395,0.000011,0.075718,0.005933
ACAAGGGCAGGCTCTG-1,0.250967,0.252386,0.339411,0.014843,0.00001,0.004508,0.03748,0.013829,0.009451,0.00369,0.00001,0.020202,0.053213
ACAAGTAATTGTAAGG-1,0.096988,0.134868,0.036094,0.024546,0.00003,0.062066,0.013331,0.023269,0.007527,0.000029,0.125722,0.047596,0.427934
ACAATAGTCGTACGTT-1,0.00002,0.002585,0.044175,0.019242,0.106345,0.006058,0.000768,0.009742,0.440273,0.083673,0.074433,0.190463,0.022223
