Barcode,Topic 1,Topic 2,Topic 3to8,Topic 9,Topic 10to13
AAACAACGAATAGTTC-1,0.000008,0.000008,0.929288,0.051278,0.019418
AAACAAGTATCTCCCA-1,0.031409,0.070203,0.634498,0.02453,0.239359
AAACAATCTACTAGCA-1,0.000023,0.001472,0.816162,0.138889,0.043455
AAACACCAATAACTGC-1,0.000017,0.014605,0.723369,0.101906,0.160104
AAACAGAGCGACTCCT-1,0.362499,0.044599,0.125159,0.212362,0.255381
AAACAGCTTTCAGAAG-1,0.000031,0.147206,0.30875,0.000071,0.543943
AAACAGGGTCTATATT-1,0.000052,0.01615,0.113092,0.487955,0.38275
AAACAGTGTTCCTGGG-1,0.015365,0.055441,0.000191,0.788371,0.140633
AAACATGGTGAGAGGA-1,0.000035,0.109928,0.186186,0.09014,0.613712
AAACATTTCCCGGATT-1,0.000021,0.009408,0.621144,0.068515,0.300912
AAACCACTACACAGAT-1,0.99976,0.00002,0.00012,0.00002,0.00008
AAACCCGAACGAAATC-1,0.006542,0.031773,0.629147,0.07108,0.261458
AAACCGGAAATGTTAA-1,0.061897,0.03091,0.772276,0.000011,0.134906
AAACCGGGTAGGTACC-1,0.000037,0.034857,0.062096,0.001808,0.901203
AAACCGTTCGTCCAGG-1,0.000043,0.5183,0.000261,0.248139,0.233256
AAACCTAAGCAGCCGG-1,0.000011,0.030498,0.636301,0.028201,0.304989
AAACCTCATGAAGTTG-1,0.000087,0.000087,0.000524,0.639317,0.359984
AAACGAAGAACATACC-1,0.000024,0.022711,0.483884,0.009861,0.48352
AAACGAAGATGGAGTA-1,0.000052,0.000052,0.052238,0.141281,0.806377
AAACGACAGTCTTGCC-1,0.999744,0.000021,0.000128,0.000021,0.000085
AAACGAGACGGTTGAT-1,0.000008,0.000008,0.934125,0.040919,0.02494
AAACGCCCGAGATCGG-1,0.819949,0.00005,0.000298,0.00005,0.179654
AAACGCTGGGCACGAC-1,0.000027,0.041473,0.125595,0.10421,0.728695
AAACGGGCGTACGGGT-1,0.000037,0.661036,0.000223,0.026365,0.312339
AAACGGGTTGGTATCC-1,0.000013,0.034702,0.822635,0.007533,0.135117
AAACGGTTGCGAACTG-1,0.000016,0.065208,0.759996,0.032597,0.142182
AAACGTGTTCGCCCTA-1,0.793021,0.096505,0.000156,0.107426,0.002892
AAACTAACGTGGCGAC-1,0.735485,0.078138,0.167761,0.000043,0.018572
AAACTCGGTTCGCAAT-1,0.000017,0.046647,0.671593,0.023258,0.258484
AAACTCGTGATATAAG-1,0.15336,0.000037,0.081553,0.29319,0.47186
AAACTGCTGGCTCCAA-1,0.000012,0.06827,0.566418,0.001739,0.363561
AAACTTAATTGCACGC-1,0.005518,0.05841,0.326346,0.068996,0.54073
AAACTTGCAAACGTAT-1,0.000066,0.695908,0.000393,0.161727,0.141906
AAAGAATGACCTTAGA-1,0.000014,0.000014,0.978318,0.000014,0.021641
AAAGAATGTGGACTAA-1,0.000031,0.000031,0.164156,0.088512,0.74727
AAAGACATGAAGTTTA-1,0.423728,0.002384,0.18472,0.07565,0.313519
AAAGACCCAAGTCGCG-1,0.068531,0.030856,0.202935,0.013492,0.684185
AAAGACTGGGCGCTTT-1,0.000045,0.010406,0.139443,0.334699,0.515407
AAAGCTTGCCTACATA-1,0.841892,0.157907,0.000109,0.000018,0.000073
AAAGGCCCTATAATAC-1,0.000022,0.338583,0.429537,0.011933,0.219924
AAAGGCTACGGACCAT-1,0.00527,0.000029,0.529387,0.067377,0.397937
AAAGGCTCTCGCGCCG-1,0.000041,0.103211,0.374663,0.048239,0.473846
AAAGGGATGTAGCAAG-1,0.000044,0.000044,0.02926,0.257003,0.713649
AAAGGGCAGCTTGAAT-1,0.00006,0.10507,0.000358,0.00006,0.894453
AAAGGTAAGCTGTACC-1,0.707373,0.048223,0.083855,0.051003,0.109547
AAAGGTCAACGACATG-1,0.789738,0.002668,0.00017,0.143825,0.0636
AAAGTAGCATTGCTCA-1,0.000069,0.019831,0.000414,0.591155,0.388532
AAAGTCACTGATGTAA-1,0.044655,0.000027,0.715203,0.000027,0.240088
AAAGTCGACCCTCAGT-1,0.000132,0.000132,0.028022,0.484991,0.486724
AAAGTGCCATCAATTA-1,0.005026,0.004282,0.850217,0.000011,0.140463
AAAGTGTGATTTATCT-1,0.02012,0.017797,0.427289,0.015388,0.519407
AAAGTTGACTCCCGTA-1,0.000011,0.134674,0.744223,0.000011,0.121082
AAATAACCATACGGGA-1,0.000733,0.020043,0.618305,0.011973,0.348947
AAATAAGGTAGTGCCC-1,0.060254,0.023151,0.637026,0.0177,0.261869
AAATACCTATAAGCAT-1,0.000019,0.075999,0.615279,0.000019,0.308685
AAATAGCTTAGACTTT-1,0.069313,0.14503,0.732122,0.002326,0.051208
AAATAGGGTGCTATTG-1,0.000045,0.000045,0.001181,0.080412,0.918317
AAATCACTCCTAAACG-1,0.948024,0.000027,0.000162,0.000871,0.050917
AAATCCGATACACGCC-1,0.003651,0.00188,0.260485,0.032191,0.701794
AAATCGCGGAAGGAGT-1,0.000037,0.435019,0.200824,0.145452,0.218668
AAATCGTGTACCACAA-1,0.000019,0.025919,0.462936,0.000019,0.511108
AAATCTAGCCCTGCTA-1,0.000039,0.009928,0.24135,0.000039,0.748643
AAATCTGCCCGCGTCC-1,0.051922,0.343773,0.603315,0.000015,0.000975
AAATGACTGATCAAAC-1,0.000013,0.056785,0.535276,0.000013,0.407912
AAATGATTCGATCAGC-1,0.423844,0.000052,0.000309,0.332777,0.243018
AAATGCTCGTTACGTT-1,0.000042,0.080337,0.238037,0.000064,0.681518
AAATGGCATGTCTTGT-1,0.038605,0.000022,0.592604,0.004454,0.364316
AAATGGCCCGTGCCCT-1,0.080106,0.037248,0.350851,0.443599,0.088197
AAATGGTCAATGTGCC-1,0.000045,0.000045,0.029568,0.466648,0.503695
AAATGTATCTTATCCC-1,0.000057,0.084062,0.362046,0.544783,0.009052
AAATGTGGGTGCTCCT-1,0.00059,0.000008,0.865282,0.003063,0.131056
AAATTAACGGGTAGCT-1,0.000053,0.000053,0.000315,0.371653,0.627927
AAATTAATAAGCGCGA-1,0.000066,0.000066,0.015652,0.729338,0.254878
AAATTACACGACTCTG-1,0.000025,0.000025,0.316947,0.02786,0.655143
AAATTACCTATCGATG-1,0.001266,0.005299,0.799853,0.000014,0.193568
AAATTCCAGGTCCAAA-1,0.051952,0.147104,0.251693,0.11467,0.434581
AAATTGATAGTCCTTT-1,0.000067,0.210164,0.000404,0.368356,0.421008
AAATTGCGGCGGTTCT-1,0.000017,0.062722,0.738446,0.007579,0.191235
AAATTGGTGAGAAGCA-1,0.868707,0.119814,0.000152,0.011225,0.000101
AAATTTACCGAAATCC-1,0.034209,0.000016,0.630771,0.001166,0.333838
AAATTTGCGGGTGTGG-1,0.000023,0.000023,0.387999,0.003642,0.608313
AACAACTGGTAGTTGC-1,0.000017,0.00737,0.855308,0.040633,0.096672
AACAATACATTGTCGA-1,0.000038,0.067357,0.136574,0.672994,0.123037
AACAATTACTCTACGC-1,0.000034,0.13044,0.38177,0.000034,0.487722
AACACACGCTCGCCGC-1,0.006048,0.000635,0.834983,0.097766,0.060568
AACACGACTGTACTGA-1,0.021419,0.005942,0.861896,0.07166,0.039084
AACACGAGACGCGGCC-1,0.004349,0.557166,0.000323,0.340201,0.097962
AACACGCGGCCGCGAA-1,0.000007,0.012504,0.978568,0.000007,0.008915
AACAGCTGTGTGGCAA-1,0.000062,0.340933,0.000373,0.406121,0.252511
AACAGGAAATCGAATA-1,0.00003,0.00003,0.199336,0.278339,0.522265
AACAGGATGGGCCGCG-1,0.000034,0.037615,0.286785,0.000034,0.675534
AACAGGTAGTATGGAT-1,0.001069,0.010589,0.858866,0.016171,0.113304
AACATAGCGTGTATCG-1,0.00001,0.06024,0.801847,0.00001,0.137893
AACATATCAACTGGTG-1,0.000024,0.000024,0.475383,0.030294,0.494275
AACATCGATACGTCTA-1,0.69344,0.017989,0.279997,0.000027,0.008547
AACATTGAAGTTGATC-1,0.000933,0.021893,0.59162,0.130656,0.254899
AACATTGGTCAGCCGT-1,0.000045,0.000045,0.317775,0.215097,0.467038
AACATTGTGACTCGAG-1,0.000028,0.000028,0.348604,0.21819,0.43315
AACCAAGACTTCTCTG-1,0.00003,0.010409,0.43819,0.00554,0.54583
AACCAGTATCACTCTT-1,0.448692,0.000037,0.119008,0.288859,0.143403
AACCATAGGGTTGAAC-1,0.036204,0.135531,0.128578,0.052975,0.646712
AACCATGGGATCGCTA-1,0.000017,0.04198,0.790675,0.000017,0.167311
AACCCAGAGACGGAGA-1,0.000017,0.0458,0.724533,0.000017,0.229632
AACCCATCCCATGATC-1,0.000047,0.001017,0.116527,0.203768,0.67864
AACCCGACAACCCGTG-1,0.076163,0.03658,0.000327,0.862036,0.024894
AACCCGAGCAGAATCG-1,0.076777,0.023886,0.755089,0.002051,0.142196
AACCCGATAGGGCTTC-1,0.945209,0.000036,0.000215,0.000036,0.054505
AACCCGCTGTATTCCA-1,0.000014,0.035976,0.515881,0.000014,0.448117
AACCCTACTGTCAATA-1,0.016607,0.072596,0.670332,0.11596,0.124505
AACCCTGGTGGAACCA-1,0.00081,0.000307,0.77002,0.000013,0.22885
AACCGAGCTTGGTCAT-1,0.000064,0.000064,0.035627,0.005544,0.958702
AACCGCTAAGGGATGC-1,0.000036,0.034218,0.198464,0.013586,0.753695
AACCGTTGTGTTTGCT-1,0.000011,0.000011,0.894287,0.000011,0.10568
AACCTAAAGCCGTCCG-1,0.056229,0.000011,0.689036,0.142115,0.112609
AACCTCGCTTTAGCCC-1,0.041755,0.015565,0.329605,0.309002,0.304073
AACCTGTCACGGAATT-1,0.415062,0.02199,0.218381,0.209717,0.13485
AACCTTTAAATACGGT-1,0.000017,0.000017,0.687742,0.113378,0.198846
AACCTTTACGACGTCT-1,0.019133,0.000064,0.206121,0.033759,0.740923
AACGAAAGTCGTCCCA-1,0.000031,0.257523,0.481397,0.123475,0.137575
AACGACCTCCTAGCCG-1,0.000011,0.173973,0.701886,0.000282,0.123848
AACGATAATGCCGTAG-1,0.000024,0.040223,0.21505,0.028544,0.716159
AACGATAGAAGGGCCG-1,0.00003,0.00003,0.438943,0.06569,0.495307
AACGATATGTCAACTG-1,0.061985,0.005697,0.757708,0.003599,0.171011
AACGCATGATCTGGGT-1,0.23737,0.000039,0.018834,0.058683,0.685074
AACGCGAACGGCAACA-1,0.000028,0.037331,0.2342,0.371523,0.356918
AACGCGACCTTGGGCG-1,0.000042,0.000042,0.026474,0.000042,0.973401
AACGCGGTCTCCAGCC-1,0.022148,0.014134,0.289667,0.174335,0.499716
AACGCTGTTGCTGAAA-1,0.000017,0.005234,0.844867,0.032217,0.117664
AACGGACGTACGTATA-1,0.000014,0.073465,0.876543,0.000014,0.049964
AACGGCCATCTCCGGT-1,0.000025,0.000025,0.235469,0.000025,0.764457
AACGTACTGTGGGTAC-1,0.000034,0.004436,0.28813,0.018549,0.688851
AACGTAGTCTACCCAT-1,0.089411,0.134804,0.328613,0.019548,0.427624
AACGTCAGACTAGTGG-1,0.000017,0.061609,0.754606,0.098394,0.085374
AACGTCATCCGGCTTG-1,0.000032,0.013299,0.000192,0.624858,0.361619
AACGTCGCTGCACTTC-1,0.048713,0.002154,0.409148,0.12894,0.411044
AACGTGATGAAGGACA-1,0.000019,0.000019,0.68147,0.217963,0.100531
AACGTGCGAAAGTCTC-1,0.030463,0.000023,0.578045,0.043778,0.347691
AACGTTATCAGCACCT-1,0.000103,0.000086,0.000514,0.775444,0.223854
AACGTTCTACCATTGT-1,0.000023,0.003282,0.533237,0.002959,0.4605
AACTACCCGTTTGTCA-1,0.000025,0.021935,0.456087,0.092413,0.42954
AACTAGCGTATCGCAC-1,0.000054,0.000054,0.045249,0.000054,0.954588
AACTAGGCTTGGGTGT-1,0.00004,0.003074,0.427682,0.107285,0.461919
AACTCAAGTTAATTGC-1,0.000027,0.097068,0.213736,0.189865,0.499305
AACTCCAGAGCGTGTT-1,0.000027,0.058703,0.406867,0.069772,0.464631
AACTCCTAATCCCATG-1,0.135502,0.000022,0.355019,0.006123,0.503335
AACTCGATAAACACGT-1,0.000045,0.000045,0.117201,0.396809,0.485901
AACTCGATGGCGCAGT-1,0.13568,0.129473,0.284354,0.038003,0.41249
AACTCTCAATAGAGCG-1,0.02316,0.000025,0.568821,0.050779,0.357214
AACTCTCAGTGTGCTC-1,0.000033,0.000033,0.225952,0.001265,0.772716
AACTGAGGTCAGCGTC-1,0.801301,0.000095,0.000569,0.035833,0.162202
AACTGAGTTATACTGA-1,0.001157,0.251814,0.554387,0.031845,0.160797
AACTGATATTAGGCCT-1,0.000029,0.018275,0.593188,0.158465,0.230042
AACTGGGTCCCGACGT-1,0.00004,0.00004,0.34591,0.154493,0.499517
AACTGGGTTCGAGCCG-1,0.000032,0.000032,0.22528,0.344054,0.430602
AACTGGTGTGGGCCTT-1,0.005756,0.000017,0.635448,0.013379,0.3454
AACTTCTGCGTCTATC-1,0.000028,0.12239,0.613858,0.107174,0.156549
AACTTGCCCGTATGCA-1,0.000035,0.002074,0.457097,0.014458,0.526336
AACTTGCGTTCTCGCG-1,0.000022,0.04174,0.631354,0.000022,0.326861
AACTTTACGGGAGCTT-1,0.000059,0.006696,0.520198,0.386306,0.086741
AACTTTAGCTGCTGAG-1,0.036077,0.000042,0.317612,0.000059,0.64621
AACTTTCTCGATCATG-1,0.721569,0.069423,0.103892,0.006638,0.098478
AAGAAAGTTTGATGGG-1,0.071784,0.000053,0.314423,0.000032,0.613707
AAGAAATCACCAGATT-1,0.999644,0.00003,0.000178,0.00003,0.000119
AAGAAGGATCAGTTAG-1,0.000052,0.002915,0.093249,0.031902,0.871883
AAGACATACGTGGTTT-1,0.000008,0.001826,0.919335,0.000008,0.078823
AAGACCAAATAACTCA-1,0.00002,0.041785,0.697285,0.033231,0.227679
AAGACCCAACTGAACA-1,0.096495,0.00563,0.397931,0.138227,0.361717
AAGACTAACCCGTTGT-1,0.000029,0.000029,0.348408,0.000029,0.651506
AAGACTCACGCCCACT-1,0.387487,0.000028,0.27778,0.002055,0.33265
AAGACTGCAAGCTACT-1,0.038319,0.08669,0.270467,0.210268,0.394255
AAGAGATGAATCGGTA-1,0.000036,0.00956,0.441813,0.000036,0.548555
AAGAGCTCTTTATCGG-1,0.000047,0.000047,0.10352,0.001247,0.89514
AAGAGGATGTACGCGA-1,0.000023,0.007624,0.50694,0.000023,0.485391
AAGAGGCATGGATCGC-1,0.000013,0.000013,0.886779,0.000013,0.113183
AAGAGGCCCTTTGGAA-1,0.000026,0.033426,0.414407,0.000026,0.552114
AAGATGGCACCGGACC-1,0.029989,0.000829,0.21131,0.33442,0.423452
AAGATTGGCGGAACGT-1,0.000007,0.000007,0.975208,0.000007,0.02477
AAGCACCCTGCGTATC-1,0.00002,0.095011,0.773462,0.00002,0.131488
AAGCATACTCTCCTGA-1,0.027065,0.003147,0.880905,0.003701,0.085182
AAGCCACTTGCAGGTA-1,0.01295,0.000039,0.021246,0.027346,0.93842
AAGCCGAAGCGGTTTA-1,0.092447,0.018333,0.691859,0.000024,0.197337
AAGCCGCCGTGAAATC-1,0.011595,0.122172,0.137563,0.22323,0.505441
AAGCCGCTTTACCTTG-1,0.861653,0.000019,0.118165,0.000019,0.020143
AAGCCGGAGAGCAGGA-1,0.000011,0.04392,0.911998,0.000833,0.043238
AAGCGCAGGGCTTTGA-1,0.000045,0.000045,0.011182,0.123309,0.865418
AAGCGGAGTGCGCGCA-1,0.971786,0.000026,0.000154,0.027932,0.000102
AAGCGGCGTCATGGGT-1,0.088483,0.000056,0.000338,0.326494,0.584629
AAGCGTCCCTCATCGA-1,0.0001,0.078179,0.0006,0.782603,0.138517
AAGCTAGATCGAGTAA-1,0.020106,0.058248,0.898194,0.000011,0.023441
AAGCTATGGATTGACC-1,0.000025,0.000025,0.470498,0.000025,0.529427
AAGCTCGTGCCAAGTC-1,0.000013,0.000013,0.901316,0.019745,0.078914
AAGCTCTTTCATGGTG-1,0.000022,0.128812,0.720921,0.023175,0.127071
AAGGAGAACTTATAAG-1,0.058501,0.00002,0.66084,0.055596,0.225044
AAGGAGCGGTTGGTGC-1,0.000051,0.020394,0.305212,0.107813,0.56653
AAGGATCGATCGCTTG-1,0.016533,0.003099,0.975649,0.000009,0.00471
AAGGATGAGGGACCTC-1,0.084667,0.01615,0.702911,0.029451,0.16682
AAGGCAGGCTGTCTCC-1,0.005062,0.114482,0.764155,0.000471,0.115829
AAGGCGCGTAAAGCTT-1,0.00003,0.115698,0.320846,0.00003,0.563397
AAGGCTGTGCTCATCG-1,0.000054,0.068001,0.12124,0.068432,0.742273
AAGGGAACGACTGGCT-1,0.038038,0.004497,0.862224,0.014187,0.081054
AAGGGACAGATTCTGT-1,0.032767,0.012514,0.260237,0.351541,0.342941
AAGGGACTATGCATTC-1,0.061156,0.060569,0.000324,0.829192,0.048759
AAGGGTTAGCCATGCG-1,0.000006,0.00454,0.991824,0.000006,0.003624
AAGGGTTTGATTTCAG-1,0.000051,0.044088,0.346969,0.190647,0.418245
AAGGTATCCTAATATA-1,0.000035,0.000035,0.396523,0.124644,0.478764
AAGGTGATAAACCAGC-1,0.000039,0.47562,0.152938,0.090987,0.280415
AAGTAAGCTTCCAAAC-1,0.000007,0.000007,0.905472,0.000007,0.094506
AAGTAGAAGACCGGGT-1,0.000014,0.033589,0.791548,0.005733,0.169115
AAGTAGTGACGCGAGG-1,0.000027,0.050555,0.418173,0.193948,0.337297
AAGTCAATTGTCGTCA-1,0.000019,0.095421,0.68649,0.000356,0.217714
AAGTCTAGTAGCTGCC-1,0.354838,0.046276,0.598813,0.000015,0.000059
AAGTCTTCTGTGGCCT-1,0.000056,0.116825,0.520634,0.006209,0.356276
AAGTGACGACCGAATT-1,0.000019,0.059295,0.644227,0.000019,0.296441
AAGTGAGTCGGGTTTA-1,0.000022,0.002957,0.652218,0.000022,0.344781
AAGTGCAAAGGTAGAC-1,0.000101,0.08269,0.000607,0.33476,0.581841
AAGTGCCTTGACTGTA-1,0.000021,0.000021,0.722038,0.005999,0.27192
AAGTGCGTTAGAATCT-1,0.00009,0.091169,0.000543,0.63317,0.275027
AAGTGCTTCTCTATTG-1,0.000044,0.000044,0.006164,0.651441,0.342307
AAGTGTTTGGAGACGG-1,0.000048,0.000048,0.000289,0.133734,0.865881
AAGTTCACTCCAAGCT-1,0.000065,0.063757,0.014549,0.26604,0.655589
AAGTTCAGTCTGCGTA-1,0.261831,0.008597,0.289994,0.029863,0.409715
AAGTTCGGCCAACAGG-1,0.000048,0.02987,0.005388,0.051274,0.91342
AAGTTGTGATGTTATA-1,0.000041,0.000041,0.21312,0.04821,0.738589
AAGTTTACTAATGGCA-1,0.000028,0.000028,0.360704,0.009446,0.629795
AAGTTTATGGGCCCAA-1,0.000017,0.02778,0.77659,0.008507,0.187107
AATAACAACGCTCGGC-1,0.000014,0.016049,0.722717,0.000014,0.261206
AATAACACTAGAACAA-1,0.000022,0.187566,0.384589,0.198146,0.229678
AATAACGTCGCGCCCA-1,0.000022,0.020777,0.554834,0.008842,0.415526
AATAAGTCCTCGAGAC-1,0.000025,0.000025,0.488096,0.025138,0.486717
AATAATCTTCGTATCG-1,0.0417,0.03432,0.922533,0.000006,0.00144
AATACAATGTTTCAGG-1,0.000018,0.087204,0.489422,0.000018,0.423339
AATACCGGAGGGCTGT-1,0.031859,0.0735,0.000197,0.894312,0.000132
AATACCTGATGTGAAC-1,0.000018,0.038247,0.796673,0.072533,0.092528
AATAGAACAGAGTGGC-1,0.000019,0.074165,0.504863,0.054166,0.366787
AATAGAATCTGTTTCA-1,0.000025,0.139062,0.495421,0.04491,0.320582
AATAGCAAGCCTCCTG-1,0.37281,0.067431,0.549955,0.009704,0.0001
AATAGCTACCGCGTGC-1,0.236383,0.072915,0.686482,0.000017,0.004203
AATAGGCACGACCCTT-1,0.075232,0.00438,0.602588,0.063009,0.25479
AATAGTCCGTCCCGAC-1,0.000035,0.014751,0.107979,0.001104,0.876131
AATAGTCGCGAGTCGG-1,0.102443,0.145178,0.000675,0.437616,0.314088
AATATCAAGGTCGGAT-1,0.000064,0.045502,0.000386,0.003476,0.950571
AATATCCTAGCAAACT-1,0.000033,0.710442,0.170246,0.000033,0.119247
AATATCGAATCAATGC-1,0.039492,0.143731,0.786262,0.000015,0.030499
AATATCGAGGGTTCTC-1,0.000036,0.000036,0.088448,0.178573,0.732906
AATATTGGAGTATTGA-1,0.00004,0.055547,0.173766,0.008161,0.762486
AATCAGACTGCAGGAC-1,0.000022,0.014618,0.519556,0.023607,0.442196
AATCAGGTTTCATTTA-1,0.000019,0.180239,0.640068,0.002263,0.177411
AATCATGTAAAGACTC-1,0.000015,0.000015,0.828899,0.160517,0.010553
AATCCAAGGGCCTGAG-1,0.046924,0.101031,0.199637,0.083887,0.568521
AATCCATGCAAGGGTG-1,0.000038,0.009738,0.068757,0.49578,0.425688
AATCCCGCTCAGAGCC-1,0.00004,0.00004,0.017487,0.614767,0.367667
AATCGAGGTCTCAAGG-1,0.014619,0.057676,0.848124,0.0245,0.055081
AATCGCCTCAGCGCCA-1,0.000025,0.000025,0.528707,0.122715,0.348529
AATCGCGCAGAGGACT-1,0.012054,0.000032,0.093275,0.044184,0.850455
AATCGGGACACTACGA-1,0.000034,0.000034,0.555593,0.000439,0.443899
AATCGGTATAGCCCTC-1,0.000047,0.011377,0.067172,0.123005,0.798399
AATCGTGAGCCGAGCA-1,0.000044,0.021875,0.346608,0.249746,0.381727
AATCTAGGTTTACTTG-1,0.000031,0.048862,0.386128,0.057713,0.507266
AATCTATGCCGGAGCC-1,0.156891,0.000033,0.314799,0.090534,0.437743
AATCTCTACTGTGGTT-1,0.00012,0.00012,0.000719,0.464339,0.534703
AATCTGCGTTGGGACG-1,0.000018,0.005178,0.707595,0.018548,0.268661
AATCTGGCTTTCTAGT-1,0.000021,0.274664,0.362552,0.000146,0.362616
AATCTGGGTAGACCCT-1,0.316083,0.000031,0.290904,0.134346,0.258637
AATGACAGCAATGTCT-1,0.000038,0.000038,0.019,0.283639,0.697285
AATGACGTAGGATGTC-1,0.000034,0.070622,0.276462,0.000034,0.652848
AATGACTGTCAGCCGG-1,0.000039,0.000039,0.2318,0.000039,0.768084
AATGAGTTCGCATATG-1,0.000025,0.097598,0.543753,0.199622,0.159002
AATGATGATACGCTAT-1,0.028608,0.000014,0.726001,0.02218,0.223198
AATGATGCGACTCCTG-1,0.000018,0.004583,0.804841,0.008543,0.182015
AATGCAACCGGGTACC-1,0.000046,0.000046,0.000413,0.050899,0.948596
AATGCACCAAGCAATG-1,0.130993,0.000022,0.182822,0.257678,0.428484
AATGGCCGCCAATGCG-1,0.858554,0.000041,0.000243,0.000041,0.141122
AATGGTCCACCGTTCA-1,0.048745,0.000065,0.138086,0.437701,0.375404
AATGGTTCTCACAAGC-1,0.000042,0.146802,0.044325,0.356023,0.452808
AATGTATGGCACTGTA-1,0.000012,0.489612,0.510313,0.000012,0.00005
AATGTGCCCGAGGTGT-1,0.080133,0.304527,0.04686,0.494469,0.074012
AATGTGCTAATCTGAG-1,0.00004,0.074614,0.051128,0.740424,0.133794
AATGTTAAGACCCTGA-1,0.000019,0.075015,0.487267,0.225073,0.212627
AATGTTGTCGTGAGAC-1,0.000011,0.010831,0.963335,0.000011,0.025812
AATTAAAGGTCGGCGT-1,0.000033,0.133299,0.407772,0.000033,0.458863
AATTAACGGATTTCCA-1,0.000029,0.000029,0.407008,0.083019,0.509916
AATTACGAGACCCATC-1,0.000032,0.292925,0.543584,0.116847,0.046612
AATTACTCGTACGCTC-1,0.000093,0.000093,0.010101,0.548565,0.441148
AATTAGCGCTGCAGCG-1,0.011631,0.001384,0.639633,0.000026,0.347326
AATTATACCCAGCAAG-1,0.000027,0.000027,0.163228,0.060508,0.776209
AATTCATAAGGGATCT-1,0.000031,0.02769,0.333979,0.0725,0.565799
AATTCATTGTCATGCA-1,0.000022,0.192408,0.798467,0.000022,0.009081
AATTCCAACTTGGTGA-1,0.000024,0.00707,0.776035,0.035343,0.181527
AATTCCAAGCATGTAC-1,0.038898,0.000051,0.037837,0.175125,0.748089
AATTCGATTCGAGGAT-1,0.106338,0.027303,0.692024,0.017697,0.156638
AATTCTAGAGTTAGGC-1,0.000045,0.000045,0.304296,0.000045,0.695568
AATTGAACGCTCTGGT-1,0.000024,0.029759,0.620316,0.005037,0.344864
AATTGCAGCAATCGAC-1,0.012973,0.000022,0.397389,0.091224,0.498392
AATTGCGTGGATTACA-1,0.000039,0.093145,0.448194,0.029846,0.428775
AATTGTGGTTGCCAAA-1,0.024151,0.000014,0.608682,0.009107,0.358045
AATTTGGGACATAGTA-1,0.123701,0.000028,0.232136,0.384289,0.259845
AATTTGGTTCCAAAGA-1,0.013894,0.089791,0.764308,0.000015,0.131992
ACAAACCATGCGTCCT-1,0.00002,0.00002,0.871096,0.108451,0.020414
ACAAACCGACAAGGCG-1,0.080627,0.000011,0.591028,0.084986,0.243348
ACAAACTCCATCAGAG-1,0.000011,0.093881,0.510532,0.013701,0.381875
ACAAAGAAGGTAGGCC-1,0.000043,0.050665,0.288065,0.068665,0.592561
ACAAAGCATGACCTAG-1,0.000026,0.020233,0.295666,0.078668,0.605407
ACAAATCGCACCGAAT-1,0.000014,0.01113,0.813405,0.058877,0.116575
ACAAATGGTAGTGTTT-1,0.000037,0.000037,0.185557,0.268291,0.546078
ACAAATTCAGATCTGA-1,0.658207,0.023129,0.000249,0.274851,0.043564
ACAACAGCATGAGCTA-1,0.000035,0.031485,0.325206,0.000035,0.64324
ACAACGGTCCCTGCGA-1,0.000012,0.000012,0.891501,0.000012,0.108463
ACAAGCAGTGCCTAGC-1,0.000029,0.072282,0.241498,0.082187,0.604004
ACAAGCTATATGGAAG-1,0.000039,0.162037,0.553206,0.033835,0.250883
ACAAGGAAATCCGCCC-1,0.00785,0.011881,0.687139,0.166429,0.126702
ACAAGGACAAGAGGTT-1,0.000063,0.133068,0.306608,0.034647,0.525614
ACAAGGATGCTTTAGG-1,0.000036,0.000036,0.118539,0.145773,0.735617
ACAAGGCCTACCAGCC-1,0.87946,0.054798,0.060147,0.000035,0.00556
ACAAGGGCAGGCTCTG-1,0.000022,0.000022,0.558505,0.000022,0.44143
ACAAGTAATTGTAAGG-1,0.012248,0.000021,0.413561,0.001988,0.572182
ACAATAGTCGTACGTT-1,0.000136,0.007703,0.000817,0.534005,0.45734
ACAATCCATTTAAACC-1,0.100605,0.075768,0.128951,0.000035,0.694641
ACAATCGATCTTTATA-1,0.005895,0.000014,0.652735,0.105179,0.236177
ACAATGAATACGGAGA-1,0.021258,0.643617,0.080184,0.17737,0.077572
ACAATGATTCTTCTAC-1,0.711162,0.000079,0.000475,0.000079,0.288205
ACAATTGTGTCTCTTT-1,0.000061,0.235515,0.055771,0.045843,0.66281
ACAATTTAGGAGGCTC-1,0.000059,0.000587,0.303733,0.690594,0.005027
ACAATTTGAGCAGTGG-1,0.03322,0.001201,0.762351,0.040481,0.162746
ACAATTTGGCCATATT-1,0.131635,0.013257,0.728863,0.112585,0.013661
ACACAAAGACGGGTGG-1,0.000018,0.000018,0.717129,0.007463,0.275371
ACACAAATATTCCTAG-1,0.906609,0.02756,0.001983,0.063765,0.000083
ACACACCAGGACCAGT-1,0.00002,0.004964,0.787214,0.005418,0.202384
ACACACTTTCTACACG-1,0.039029,0.041395,0.406387,0.003319,0.509871
ACACATGATCAAATCT-1,0.000022,0.000022,0.622601,0.14281,0.234545
ACACATTGACGCAACA-1,0.000052,0.042463,0.069606,0.600442,0.287437
ACACATTTCCGTAGAC-1,0.000037,0.024028,0.03158,0.033867,0.910488
ACACCACATAATTAGC-1,0.229261,0.103016,0.470348,0.174917,0.022458
ACACCCAGCATGCAGC-1,0.006109,0.005376,0.577037,0.146227,0.265252
ACACCCGAGAAATCCG-1,0.000025,0.000025,0.616326,0.04885,0.334774
ACACCCGTAAATCTGT-1,0.971634,0.00003,0.000183,0.00003,0.028122
ACACCGAGCGCTCTTT-1,0.023677,0.056942,0.000877,0.825575,0.09293
ACACCGGTCTGACCGC-1,0.000013,0.019846,0.978794,0.000013,0.001335
ACACCTTAAGTAGGGC-1,0.000025,0.022275,0.584678,0.000054,0.392969
ACACCTTACTACTTGC-1,0.000015,0.029618,0.885437,0.000015,0.084915
ACACGAGACTCCTTCT-1,0.000015,0.000015,0.780849,0.011598,0.207523
ACACGGCACTATGCAT-1,0.000029,0.000029,0.437788,0.000029,0.562125
ACACGGGAACTTAGGG-1,0.052283,0.000045,0.273168,0.065362,0.609142
ACACGTAGGCCACAAG-1,0.000013,0.000013,0.829283,0.000015,0.170675
ACACTCCAATGTCACT-1,0.191153,0.017569,0.12487,0.016471,0.649938
ACACTGATCAAGGTGT-1,0.011242,0.032139,0.142383,0.087555,0.72668
ACACTGGGACAGTCGT-1,0.000005,0.043733,0.948493,0.000005,0.007763
ACAGAACTGAGAACAA-1,0.134382,0.643108,0.000267,0.222064,0.000178
ACAGATTAGGTTAGTG-1,0.000025,0.003294,0.778615,0.002441,0.215625
ACAGCATAGAGCCAGT-1,0.000017,0.051767,0.85845,0.000017,0.089748
ACAGCGACATTCTCAT-1,0.000029,0.000029,0.576301,0.000029,0.423613
ACAGCGCACCCGCAGC-1,0.038635,0.051423,0.744586,0.023926,0.14143
ACAGGAGGCGCAGCCG-1,0.000044,0.095254,0.043602,0.151315,0.709785
ACAGGCACGGATCCTT-1,0.000018,0.000018,0.586159,0.019224,0.394581
ACAGGCTTGCCCGACT-1,0.000024,0.000024,0.552824,0.007037,0.440091
ACAGGTGGAGGTGAGG-1,0.000021,0.025659,0.246831,0.007946,0.719543
ACAGGTGTGTTGTTGC-1,0.000054,0.037053,0.43608,0.190983,0.335829
ACAGTAATACAACTTG-1,0.000052,0.059264,0.212138,0.4589,0.269645
ACAGTATACCGTGGGA-1,0.740661,0.121794,0.00018,0.137244,0.00012
ACAGTGCAGCGCATTT-1,0.698178,0.000042,0.000249,0.01635,0.285181
ACATAAGTCGTGGTGA-1,0.00004,0.214807,0.281359,0.13303,0.370763
ACATAATAAGGCGGTG-1,0.000032,0.051602,0.291991,0.080783,0.575591
ACATACAATCAAGCGG-1,0.006095,0.000016,0.811792,0.042261,0.139835
ACATCAGCTGGGACGC-1,0.000139,0.044123,0.000832,0.526108,0.428798
ACATCCCGGCCATACG-1,0.000058,0.001785,0.270637,0.144217,0.583303
ACATCCTGGTAACTGT-1,0.000036,0.000036,0.5873,0.000036,0.412593
ACATCGATCGTTTACC-1,0.000025,0.000025,0.761519,0.133256,0.105176
ACATCGCAATATTCGG-1,0.000023,0.000023,0.40756,0.020932,0.571462
ACATCGGTCAGCCGCG-1,0.000041,0.037006,0.009183,0.07562,0.87815
ACATCGTATGCAATGG-1,0.000018,0.000018,0.747113,0.012723,0.24013
ACATCGTTAACCTAGT-1,0.010875,0.084261,0.720883,0.113473,0.070508
ACATCTCAACGCGTAA-1,0.000028,0.000028,0.127379,0.110758,0.761807
ACATGCTTACGGCAGC-1,0.000014,0.000014,0.937692,0.000014,0.062267
ACATGGCGCCAAAGTA-1,0.043624,0.048011,0.432153,0.065828,0.410385
ACATGGCTCAATTTAG-1,0.000067,0.000067,0.137177,0.137311,0.725378
ACATTAGTTTATATCC-1,0.000046,0.03021,0.36659,0.179029,0.424125
ACATTCGCGCGGAATA-1,0.027362,0.000016,0.812818,0.087633,0.072171
ACATTTGAAACCTAAC-1,0.008693,0.249134,0.085143,0.23893,0.4181
ACCAAACACCCAGCGA-1,0.311803,0.000014,0.687843,0.000014,0.000326
ACCAAACTAGAAATCC-1,0.035252,0.005884,0.252347,0.193144,0.513373
ACCAACACCACACACT-1,0.438989,0.22224,0.000251,0.086994,0.251526
ACCAACCGCACTCCAC-1,0.034274,0.112643,0.803767,0.00034,0.048975
ACCAACGCTTATTTAT-1,0.000058,0.000058,0.000345,0.034518,0.965022
ACCAAGAACGCGTGTC-1,0.000022,0.000022,0.801429,0.000022,0.198506
ACCAAGTCATCGGCAG-1,0.042485,0.094126,0.574476,0.025375,0.263539
ACCAATATGCAAGTTA-1,0.000007,0.000007,0.938899,0.000007,0.061081
ACCACAACTCAGAACA-1,0.000014,0.010482,0.646766,0.057406,0.285332
ACCACAAGTTTCTATC-1,0.017956,0.104388,0.248713,0.116081,0.512863
ACCACACGGTTGATGG-1,0.000024,0.028487,0.27346,0.045275,0.652755
ACCACCAATGTAACAA-1,0.000025,0.000025,0.427777,0.026441,0.545731
ACCACCCTCTCTTCTA-1,0.671233,0.000038,0.000227,0.000038,0.328465
ACCACGTGCAGCTATA-1,0.000036,0.040704,0.325683,0.282996,0.350581
ACCACTGTTCAAGAAG-1,0.000052,0.0973,0.00031,0.902131,0.000207
ACCAGACCATAACAAC-1,0.000021,0.738182,0.148818,0.018721,0.094258
ACCAGCCCGGTCTTTG-1,0.084797,0.00003,0.209559,0.300035,0.405579
ACCAGGAGTGTGATCT-1,0.004513,0.000012,0.899668,0.000012,0.095795
ACCAGTGCCCGGTCAA-1,0.455916,0.034591,0.000416,0.207617,0.301461
ACCAGTGCGGGAGACG-1,0.000016,0.037439,0.925566,0.000016,0.036964
ACCATATCCGCAATAA-1,0.000033,0.018926,0.16033,0.296548,0.524163
ACCATCCGCCAACTAG-1,0.000075,0.000075,0.000453,0.36033,0.639066
ACCATCGTATATGGTA-1,0.000056,0.004629,0.000674,0.010618,0.984023
ACCATTAAGGGTGTCA-1,0.000067,0.015071,0.000402,0.984192,0.000268
ACCCAACGCCCGTGGC-1,0.000023,0.020569,0.684218,0.117066,0.178125
ACCCACCTACATGCTC-1,0.000021,0.011435,0.840114,0.108116,0.040314
ACCCATCTTGAGGGTA-1,0.013781,0.146533,0.362365,0.080862,0.396459
ACCCATTTGTCCCTCT-1,0.00002,0.05128,0.722819,0.00002,0.225861
ACCCGAGCGAAATTAC-1,0.001915,0.000063,0.000378,0.715855,0.28179
ACCCGATTGGTTCCGA-1,0.00005,0.00005,0.072119,0.577006,0.350774
ACCCGGAAACTCCCAG-1,0.014516,0.000021,0.629458,0.000021,0.355984
ACCCGGAGCACCACAA-1,0.054094,0.002326,0.905536,0.000012,0.038032
ACCCGGATGACGCATC-1,0.000057,0.014908,0.765007,0.11262,0.107407
ACCCGGTTACACTTCC-1,0.000038,0.015131,0.31658,0.013184,0.655066
ACCCGTAGCAGAGAAT-1,0.001362,0.078657,0.919935,0.000009,0.000037
ACCCGTAGTCTAGTTG-1,0.000026,0.026201,0.282496,0.063528,0.627748
ACCCGTGTCATCAGTA-1,0.00003,0.020104,0.405457,0.03804,0.536369
ACCCTATAGGACTGAG-1,0.041414,0.054974,0.067373,0.182908,0.653331
ACCCTATGCCATATCG-1,0.000024,0.247434,0.344124,0.000024,0.408394
ACCCTCCCGTCAGGGC-1,0.000022,0.015701,0.605643,0.009687,0.368948
ACCCTCCCTTGCTATT-1,0.000024,0.000024,0.747387,0.015778,0.236785
ACCCTGGTAACGCCCT-1,0.249832,0.226144,0.473881,0.045178,0.004965
ACCCTTCATCTGCGAA-1,0.000018,0.000018,0.891031,0.000018,0.108916
ACCCTTGCCTGGGTCG-1,0.983795,0.000022,0.000133,0.000022,0.016028
ACCCTTTAGTTCTCCA-1,0.00002,0.00002,0.569453,0.00002,0.430487
ACCGAAAGGGCCCTGC-1,0.000029,0.000029,0.517339,0.013808,0.468795
ACCGAAGAGTCTGGTT-1,0.011175,0.024652,0.010669,0.234151,0.719354
ACCGACACATCTCCCA-1,0.017567,0.046432,0.164735,0.055004,0.716262
ACCGACTGAGTCCCAC-1,0.000061,0.047948,0.000463,0.270439,0.681089
ACCGAGTCTCCTTATT-1,0.000037,0.08745,0.248881,0.313815,0.349817
ACCGATAGGCATAACC-1,0.136926,0.022173,0.794907,0.000008,0.045986
ACCGATATTTAATCAT-1,0.000013,0.02133,0.898663,0.013381,0.066614
ACCGATGGTAGCATCG-1,0.000034,0.003827,0.405411,0.117867,0.47286
ACCGCAATAACTGCCT-1,0.000015,0.039761,0.750131,0.157633,0.052461
ACCGCGGTGGAAGTCG-1,0.058889,0.029388,0.854226,0.000016,0.05748
ACCGCTAGTCATTGGT-1,0.000022,0.007624,0.605861,0.007118,0.379375
ACCGGGCCTTTGTTGA-1,0.05462,0.026428,0.600806,0.175035,0.14311
ACCGGTCAGGTACACC-1,0.000065,0.196546,0.000388,0.000065,0.802937
ACCGGTCTGAGTACGG-1,0.674196,0.000042,0.094879,0.011937,0.218945
ACCGTCCACTGGGCCC-1,0.000016,0.000016,0.998874,0.000016,0.001078
ACCGTGACCACGTGGG-1,0.000055,0.000055,0.005146,0.859584,0.13516
ACCGTTCCCGCTCTGA-1,0.000022,0.000022,0.58438,0.035946,0.379631
ACCTAAGTACCTTTCA-1,0.000062,0.000062,0.000374,0.337793,0.661708
ACCTAATCGACTTCCT-1,0.000035,0.105465,0.226452,0.000606,0.667442
ACCTACAGTATGTGGT-1,0.003366,0.000036,0.097264,0.055957,0.843377
ACCTACTATAAATCTA-1,0.000039,0.014555,0.073955,0.036137,0.875314
ACCTCAGCGAGGCGCA-1,0.000021,0.069319,0.407522,0.467532,0.055606
ACCTCCGCCCTCGCTG-1,0.000027,0.000027,0.773592,0.035042,0.191312
ACCTCCGTTATTCACC-1,0.073298,0.035944,0.467001,0.103342,0.320415
ACCTCGAACTTATGCT-1,0.101206,0.000038,0.669653,0.004297,0.224805
ACCTGCGTGTCATGTT-1,0.045474,0.000113,0.000681,0.725013,0.228719
ACCTTTCCTTTAGAAG-1,0.047809,0.011014,0.702556,0.016944,0.221677
ACGAAATGGGCGGCAC-1,0.000035,0.070762,0.231639,0.025753,0.671811
ACGACCCATGAGTTGC-1,0.000016,0.013584,0.847855,0.109237,0.029308
ACGACTCTAGGGCCGA-1,0.00003,0.00003,0.12392,0.006426,0.869593
ACGACTGGTCATACTC-1,0.019083,0.093654,0.000403,0.886715,0.000145
ACGAGAACCCATCACG-1,0.00003,0.112612,0.152733,0.077843,0.656783
ACGAGATATTTGCTTA-1,0.000017,0.000017,0.756845,0.029834,0.213286
ACGAGGATACCACTCT-1,0.00009,0.00009,0.000539,0.611236,0.388046
ACGAGGTTTACAACGT-1,0.030508,0.28137,0.112667,0.004166,0.571289
ACGAGTACGGATGCCC-1,0.000037,0.000037,0.273008,0.594033,0.132885
ACGAGTCGCCGGCGTT-1,0.000016,0.003502,0.863153,0.096909,0.036419
ACGATACATAGAACTA-1,0.00001,0.00001,0.904425,0.00001,0.095545
ACGATACCTATCCTGA-1,0.000051,0.371227,0.282124,0.075431,0.271166
ACGATCATACATAGAG-1,0.000011,0.001421,0.96719,0.000011,0.031368
ACGATCATCTTGTAAA-1,0.000031,0.000031,0.587176,0.042086,0.370676
ACGATGCATATGTTAT-1,0.000026,0.071925,0.369088,0.056346,0.502615
ACGATGGATCCGATGC-1,0.000039,0.000039,0.467117,0.021296,0.511509
ACGCAAACTAATAGAT-1,0.000018,0.026058,0.503546,0.000018,0.470359
ACGCAATCACTACAGC-1,0.30182,0.00002,0.461825,0.234904,0.001431
ACGCATAAATGACATG-1,0.756005,0.050496,0.000253,0.163196,0.03005
ACGCATACGTTTACTA-1,0.01753,0.145419,0.676281,0.000023,0.160747
ACGCATTCGTGAGTAC-1,0.000054,0.010246,0.087817,0.089122,0.812762
ACGCCACTCGAAACAG-1,0.000027,0.003336,0.017407,0.125415,0.853815
ACGCCAGATGATTTCT-1,0.15375,0.069894,0.521461,0.000026,0.254869
ACGCCAGTGCGTTTGC-1,0.00006,0.008029,0.091006,0.717538,0.183369
ACGCCCAGCTGTCGAT-1,0.182272,0.000022,0.561084,0.010829,0.245793
ACGCCGCTAGACGACC-1,0.000038,0.000038,0.46824,0.018798,0.512886
ACGCCTGACACGCGCT-1,0.000056,0.258621,0.018088,0.386106,0.337129
ACGCGAAGTCAGACGA-1,0.000022,0.154321,0.693375,0.010532,0.141749
ACGCGCTACACAGGGT-1,0.000025,0.006046,0.373942,0.02971,0.590277
ACGCGGGCCAAGGACA-1,0.000039,0.011551,0.406057,0.164075,0.418278
ACGCGTTTCTTAAGAG-1,0.000184,0.000184,0.001104,0.756238,0.24229
ACGCTACTGAATGGGC-1,0.021473,0.00841,0.807847,0.003896,0.158373
ACGCTAGTATCAGTGC-1,0.915925,0.000034,0.032912,0.000034,0.051095
ACGCTAGTGATACACT-1,0.000026,0.001006,0.705268,0.095623,0.198077
ACGCTGTGAGGCGTAG-1,0.000135,0.000135,0.000811,0.908206,0.090713
ACGCTTAGTGTCTCTC-1,0.052744,0.000011,0.856918,0.009978,0.08035
ACGGAACACGAGTGCC-1,0.000011,0.105713,0.748005,0.140238,0.006033
ACGGAATTTAGCAAAT-1,0.000037,0.039709,0.35527,0.112512,0.492473
ACGGACGCAGCGACAA-1,0.000043,0.000916,0.248058,0.021496,0.729487
ACGGACTCTCAAAGCG-1,0.007321,0.000029,0.585305,0.078894,0.32845
ACGGAGCGCAAATTAC-1,0.310388,0.000022,0.508802,0.013044,0.167744
ACGGATGGTGCGGATA-1,0.00002,0.00002,0.881134,0.00002,0.118807
ACGGCACTTGCTTGGG-1,0.000016,0.008235,0.906435,0.000408,0.084906
ACGGCCAACATGGACT-1,0.000025,0.000025,0.401778,0.174967,0.423206
ACGGCGACGATGGGAA-1,0.000015,0.102609,0.763631,0.012351,0.121394
ACGGCGGGTTGCCCTG-1,0.000013,0.040265,0.839697,0.028843,0.091182
ACGGCTGGATGTAGAA-1,0.000034,0.095704,0.670538,0.178659,0.055065
ACGGGAGTGTCGGCCC-1,0.000089,0.000089,0.077487,0.784098,0.138237
ACGGGCGTATGCGACA-1,0.497792,0.011653,0.414835,0.000987,0.074732
ACGGGTCATGTGACTT-1,0.037942,0.000097,0.055498,0.731286,0.175177
ACGGGTTGTGACCTGT-1,0.118948,0.11023,0.156088,0.000043,0.614691
ACGGTACAGTTCAATG-1,0.010273,0.000029,0.40702,0.005949,0.576728
ACGGTCACCGAGAACA-1,0.000032,0.020912,0.498982,0.00812,0.471954
ACGTACAGATTTCTCT-1,0.000033,0.000033,0.538303,0.000033,0.461599
ACGTACTTTGGCACGG-1,0.007389,0.188456,0.545746,0.086038,0.17237
ACGTAGATTGCTGATG-1,0.000033,0.045057,0.441702,0.042226,0.470982
ACGTAGGAGAGTCGCT-1,0.004693,0.004455,0.271817,0.212976,0.50606
ACGTATTACTCCGATC-1,0.000051,0.067478,0.075071,0.510368,0.347032
ACGTCCTAAACGAGAT-1,0.025212,0.002576,0.764615,0.056196,0.151402
ACGTCGGGCAACTCGG-1,0.104679,0.22403,0.336587,0.027478,0.307226
ACGTCTCGTTCCGGGA-1,0.000055,0.160626,0.290099,0.249759,0.29946
ACGTGACAAAGTAAGT-1,0.000033,0.841201,0.001161,0.000033,0.157572
ACGTGCGCCTCGTGCA-1,0.000055,0.000055,0.312454,0.345276,0.342159
ACGTGGTCGAATGTGC-1,0.012368,0.000007,0.908042,0.000007,0.079575
ACGTTAATGTCGAAGA-1,0.000014,0.016964,0.761655,0.181132,0.040235
ACGTTAGATTTGCCCG-1,0.017697,0.130878,0.286968,0.403236,0.161221
ACGTTATTGGTCACTC-1,0.000037,0.094292,0.109135,0.105476,0.69106
ACGTTCACTATGCCGC-1,0.000012,0.090658,0.583679,0.085272,0.240378
ACGTTCCGCGCTCCGT-1,0.069876,0.057839,0.435833,0.00004,0.436412
ACGTTCGCAATCAATT-1,0.078641,0.00003,0.335436,0.222072,0.363822
ACGTTCGTTCAGGAAA-1,0.000019,0.000019,0.399828,0.000019,0.600116
ACGTTCTGTACAAGTC-1,0.000035,0.000035,0.12666,0.350786,0.522485
ACGTTGTCGTTGAAAG-1,0.041843,0.000032,0.198791,0.060935,0.698398
ACGTTTAGTTGTGATC-1,0.00003,0.00003,0.619815,0.00003,0.380097
ACGTTTCGGTGCACTT-1,0.011463,0.041483,0.535517,0.042902,0.368635
ACTAAGGACGCACACC-1,0.999672,0.000027,0.000164,0.000027,0.000109
ACTAATACGTCAGGCG-1,0.500908,0.000043,0.000261,0.109086,0.389702
ACTACAAAGAGAGGTG-1,0.015904,0.011953,0.280187,0.454588,0.237368
ACTACATCCCGACAAG-1,0.002537,0.010401,0.857507,0.053754,0.0758
ACTACCAGCTCTCTGG-1,0.029714,0.086776,0.686681,0.02339,0.173439
ACTACCATCCGAGGGC-1,0.000012,0.047656,0.793204,0.033088,0.12604
ACTACGCGTTAGAATT-1,0.000019,0.000019,0.747652,0.006261,0.246049
ACTAGTTGCGATCGTC-1,0.010009,0.027347,0.87719,0.000017,0.085437
ACTATATGCTGTGTTC-1,0.680256,0.00005,0.033685,0.038242,0.247767
ACTATCCAGGGCATGG-1,0.000947,0.023533,0.813645,0.000077,0.161798
ACTATCGCCGGCTAAA-1,0.008831,0.090103,0.000517,0.807724,0.092825
ACTATCTGCCCGCGTA-1,0.000018,0.072741,0.795511,0.042018,0.089712
ACTATGTCCAGCTGCC-1,0.000031,0.000031,0.393366,0.002384,0.604187
ACTATTCGTCCGTGGT-1,0.000022,0.000022,0.723632,0.000022,0.2763
ACTATTTCCGGGCCCA-1,0.000025,0.004664,0.594569,0.015626,0.385117
ACTCAACGAATGTATT-1,0.000032,0.113077,0.259352,0.039605,0.587934
ACTCAAGTGCAAGGCT-1,0.000047,0.083118,0.580269,0.008424,0.328142
ACTCAATAAAGGCACG-1,0.057285,0.000012,0.822302,0.000012,0.12039
ACTCAGACCTGCTTCT-1,0.000022,0.000022,0.791332,0.129827,0.078798
ACTCATGGCAGCCTTC-1,0.000041,0.018848,0.145186,0.084798,0.751126
ACTCCAATATCATCAT-1,0.000066,0.000066,0.000394,0.43423,0.565244
ACTCCCATTCCTAAAG-1,0.00004,0.00004,0.00024,0.999519,0.00016
ACTCCCGAATTCGTTT-1,0.023407,0.014615,0.892311,0.06082,0.008846
ACTCCCGTAGACTAGG-1,0.657021,0.00262,0.000237,0.061852,0.27827
ACTCCCTAATGCTAAA-1,0.000038,0.425608,0.000228,0.250567,0.323559
ACTCCCTAGAATAGTA-1,0.001741,0.02448,0.592437,0.000027,0.381315
ACTCCGGCCGACCACT-1,0.000024,0.08942,0.562798,0.023001,0.324757
ACTCGATGTATTTCAT-1,0.000146,0.000146,0.000874,0.581205,0.41763
ACTCGCCGTTCGATAA-1,0.000025,0.0354,0.471771,0.007739,0.485064
ACTCGCGATCTGACGC-1,0.067328,0.001612,0.588757,0.289308,0.052994
ACTCGTAACCCGTCCT-1,0.055308,0.8904,0.000252,0.053871,0.000168
ACTCGTCAGTAATCCC-1,0.000037,0.000037,0.394123,0.101395,0.504407
ACTCTAAACCTGGGAT-1,0.000078,0.008352,0.014076,0.277643,0.699851
ACTCTCTGACTTAGGT-1,0.000053,0.000053,0.321517,0.000053,0.678324
ACTCTCTTATACACGA-1,0.042048,0.000021,0.475033,0.174396,0.308501
ACTCTGACCTAATAGA-1,0.000019,0.064199,0.76715,0.000019,0.168613
ACTCTTCAGCTCCCGC-1,0.803334,0.031393,0.032292,0.003002,0.129979
ACTCTTGTATAGTAAC-1,0.000017,0.000017,0.789723,0.017676,0.192567
ACTGAAACGCCGTTAG-1,0.000029,0.000029,0.410591,0.000029,0.589323
ACTGAATGGCGAAAGT-1,0.000023,0.129847,0.377026,0.014653,0.478451
ACTGATTTAGTGATTC-1,0.017317,0.000014,0.739463,0.022398,0.220808
ACTGCCCGCCATTCTC-1,0.000016,0.057972,0.813896,0.021753,0.106362
ACTGCCGTCGTAACTC-1,0.001715,0.000017,0.821588,0.000017,0.176663
ACTGCGGACACACCGT-1,0.257329,0.000964,0.254172,0.187528,0.300007
ACTGCTCGGAAGGATG-1,0.020412,0.000039,0.288382,0.289687,0.40148
ACTGGCGAACCTGCGT-1,0.990044,0.009607,0.00019,0.000032,0.000127
ACTGGGATGCCAGTGC-1,0.00005,0.00005,0.000297,0.270114,0.72949
ACTGTACGATACACAT-1,0.00003,0.055545,0.399822,0.101917,0.442686
ACTGTAGCACTTTGGA-1,0.009789,0.014952,0.492839,0.160449,0.321971
ACTGTATACGCGAGCA-1,0.000035,0.000035,0.432119,0.048107,0.519703
ACTGTCCAGGATTATA-1,0.000044,0.000044,0.135629,0.68713,0.177154
ACTGTCTTCTTTAGAA-1,0.021913,0.000023,0.62425,0.008802,0.345013
ACTGTGCTAGTAGATC-1,0.000066,0.026511,0.103702,0.152307,0.717414
ACTGTTTAGTGTAGGC-1,0.000016,0.000016,0.804469,0.055545,0.139954
ACTTACCGGGCGCGCA-1,0.019157,0.005281,0.436776,0.322711,0.216075
ACTTACGCATCCACGC-1,0.000024,0.063282,0.583761,0.310741,0.042192
ACTTAGTACGACAAGA-1,0.000032,0.014389,0.555647,0.149561,0.280371
ACTTATACTTACCCGG-1,0.017608,0.035795,0.67674,0.063766,0.206091
ACTTATCTGATCTATA-1,0.008168,0.000021,0.299019,0.185951,0.50684
ACTTATTAGGATCGGT-1,0.000022,0.02437,0.58999,0.06206,0.323558
ACTTATTTATGTGCCA-1,0.000018,0.000018,0.939262,0.000018,0.060684
ACTTCAGGCTGATCCC-1,0.053488,0.000014,0.821875,0.000014,0.12461
ACTTCCAGTGGAAGCT-1,0.014803,0.037533,0.469204,0.413379,0.06508
ACTTCCATGCGGGACA-1,0.000019,0.019668,0.803471,0.035607,0.141235
ACTTCCTGTCGTGCGA-1,0.843452,0.000031,0.000189,0.156202,0.000126
ACTTCGCCATACGCAC-1,0.024369,0.02257,0.810988,0.005857,0.136216
ACTTCGCTAGCGAGTG-1,0.960483,0.009099,0.027487,0.000023,0.002908
ACTTGACTCCCTCTTT-1,0.000056,0.000056,0.108525,0.042459,0.848905
ACTTGCCATATTGTAC-1,0.00002,0.01663,0.867941,0.00002,0.11539
ACTTGCTCTATCTACC-1,0.000013,0.142979,0.856946,0.000013,0.00005
ACTTGGGACCCGGTGG-1,0.111129,0.00002,0.56051,0.000042,0.328298
ACTTGGGCTTTCGCCA-1,0.028245,0.048076,0.496204,0.116115,0.31136
ACTTGTAGTCCCTTCA-1,0.000087,0.154068,0.037301,0.090865,0.717678
ACTTGTGGATGGAACG-1,0.00005,0.00005,0.0948,0.021207,0.883892
ACTTGTTACCGGATCA-1,0.006915,0.007919,0.283914,0.194357,0.506895
ACTTTACCCTCATGAA-1,0.00001,0.039829,0.83942,0.00001,0.120731
ACTTTATACACCACTT-1,0.076669,0.266285,0.257509,0.000093,0.399443
ACTTTCCTATAGCTTC-1,0.000053,0.000274,0.381385,0.057869,0.560419
ACTTTGACTGCATCCT-1,0.00014,0.00014,0.000838,0.615945,0.382938
ACTTTGGTCGTGCTCC-1,0.000044,0.000044,0.356774,0.134265,0.508872
ACTTTGTCGACGCACT-1,0.000014,0.090654,0.87783,0.022817,0.008685
AGAAATTATGACTCGC-1,0.10347,0.034478,0.753669,0.00082,0.107563
AGAACACGGCGATGGT-1,0.076176,0.113157,0.682289,0.10177,0.026608
AGAACCCAGCGTGACA-1,0.064837,0.020744,0.738665,0.163617,0.012136
AGAACCCTCAATTGGG-1,0.000017,0.105282,0.884719,0.009889,0.000094
AGAACGTGGTACATTC-1,0.000026,0.000026,0.621708,0.055347,0.322893
AGAACTGTACTTTGTA-1,0.000021,0.270076,0.565572,0.074656,0.089675
AGAAGAGCGCCGTTCC-1,0.000423,0.000423,0.002536,0.069858,0.926761
AGAAGGTACACTTCAC-1,0.000032,0.000032,0.151116,0.239008,0.609811
AGAAGGTTGCCGAATT-1,0.000029,0.000029,0.693941,0.16481,0.141191
AGAAGGTTGTAGGTCG-1,0.000033,0.000033,0.410098,0.008097,0.58174
AGAAGTGATTCGTGAT-1,0.000047,0.000047,0.078032,0.243239,0.678634
AGAATAAATCTTCAGG-1,0.000103,0.124229,0.000617,0.483147,0.391905
AGAATACAGGCTATCC-1,0.000018,0.004793,0.900862,0.085096,0.009232
AGAATGCGGGTTCGGA-1,0.467746,0.04839,0.000522,0.028788,0.454554
AGAATTATGGATTCGA-1,0.001282,0.031636,0.849816,0.010996,0.10627
