Barcode,Topic 1,Topic 2,Topic 3to5,Topic 6to7,Topic 8to10
AAACAACGAATAGTTC-1,0.112375,0.019735,0.36573,0.106374,0.395785
AAACAAGTATCTCCCA-1,0.332397,0.052503,0.117087,0.022351,0.475662
AAACAATCTACTAGCA-1,0.000038,0.00952,0.105946,0.87268,0.011816
AAACACCAATAACTGC-1,0.000015,0.003302,0.151358,0.182912,0.662412
AAACAGAGCGACTCCT-1,0.168568,0.005736,0.047511,0.603756,0.17443
AAACAGCTTTCAGAAG-1,0.000966,0.000031,0.072041,0.875249,0.051715
AAACAGGGTCTATATT-1,0.000021,0.004343,0.241409,0.50581,0.248418
AAACAGTGTTCCTGGG-1,0.000016,0.000016,0.573253,0.000033,0.426682
AAACATGGTGAGAGGA-1,0.000239,0.00003,0.196513,0.434463,0.368755
AAACATTTCCCGGATT-1,0.267576,0.000015,0.34793,0.00003,0.384449
AAACCACTACACAGAT-1,0.068769,0.288693,0.160887,0.426143,0.055508
AAACCCGAACGAAATC-1,0.036582,0.093604,0.656312,0.051809,0.161694
AAACCGGAAATGTTAA-1,0.079123,0.028231,0.510096,0.073047,0.309504
AAACCGGGTAGGTACC-1,0.099469,0.032738,0.016849,0.730125,0.12082
AAACCGTTCGTCCAGG-1,0.007724,0.00001,0.109829,0.002167,0.88027
AAACCTAAGCAGCCGG-1,0.456055,0.000045,0.000134,0.543632,0.000134
AAACCTCATGAAGTTG-1,0.000038,0.000041,0.101499,0.820887,0.077536
AAACGAAGAACATACC-1,0.000037,0.053814,0.032154,0.72747,0.186525
AAACGAAGATGGAGTA-1,0.000057,0.001429,0.00017,0.998174,0.00017
AAACGACAGTCTTGCC-1,0.056764,0.527239,0.04144,0.355755,0.018802
AAACGAGACGGTTGAT-1,0.045575,0.044572,0.026442,0.547746,0.335665
AAACGCCCGAGATCGG-1,0.013075,0.350449,0.047679,0.588663,0.000135
AAACGCTGGGCACGAC-1,0.034139,0.105011,0.773231,0.000073,0.087546
AAACGGGCGTACGGGT-1,0.795904,0.000063,0.000188,0.203657,0.000188
AAACGGGTTGGTATCC-1,0.089879,0.005834,0.117104,0.197322,0.58986
AAACGGTTGCGAACTG-1,0.116356,0.133784,0.025705,0.231054,0.493101
AAACGTGTTCGCCCTA-1,0.068321,0.191436,0.345673,0.315743,0.078827
AAACTAACGTGGCGAC-1,0.000796,0.097536,0.452641,0.108905,0.340123
AAACTCGGTTCGCAAT-1,0.294694,0.001501,0.053391,0.113332,0.537082
AAACTCGTGATATAAG-1,0.107135,0.254544,0.145916,0.399239,0.093166
AAACTGCTGGCTCCAA-1,0.083652,0.013625,0.128166,0.235186,0.539371
AAACTTAATTGCACGC-1,0.000023,0.043415,0.15415,0.635803,0.16661
AAACTTGCAAACGTAT-1,0.000011,0.000067,0.25974,0.028032,0.712149
AAAGAATGACCTTAGA-1,0.01277,0.018846,0.000153,0.968078,0.000153
AAAGAATGTGGACTAA-1,0.066147,0.260409,0.593987,0.000033,0.079425
AAAGACATGAAGTTTA-1,0.266198,0.198548,0.271917,0.140229,0.123107
AAAGACCCAAGTCGCG-1,0.000021,0.005976,0.143417,0.259792,0.590793
AAAGACTGGGCGCTTT-1,0.000038,0.028347,0.000114,0.971387,0.000114
AAAGCTTGCCTACATA-1,0.46052,0.187484,0.037022,0.187065,0.127909
AAAGGCCCTATAATAC-1,0.003579,0.283958,0.012072,0.699634,0.000757
AAAGGCTACGGACCAT-1,0.177238,0.044501,0.075942,0.319731,0.382588
AAAGGCTCTCGCGCCG-1,0.000014,0.000014,0.204242,0.007893,0.787837
AAAGGGATGTAGCAAG-1,0.080849,0.044011,0.061753,0.757243,0.056144
AAAGGGCAGCTTGAAT-1,0.000057,0.014771,0.000171,0.984831,0.000171
AAAGGTAAGCTGTACC-1,0.058909,0.064018,0.13561,0.561838,0.179624
AAAGGTCAACGACATG-1,0.082566,0.174371,0.437661,0.203345,0.102057
AAAGTAGCATTGCTCA-1,0.002544,0.009237,0.159918,0.309891,0.518409
AAAGTCACTGATGTAA-1,0.000049,0.023976,0.01162,0.788745,0.17561
AAAGTCGACCCTCAGT-1,0.000029,0.000029,0.141575,0.817761,0.040606
AAAGTGCCATCAATTA-1,0.027937,0.158357,0.404539,0.26718,0.141986
AAAGTGTGATTTATCT-1,0.025633,0.00002,0.160183,0.086968,0.727195
AAAGTTGACTCCCGTA-1,0.064125,0.057017,0.072466,0.633292,0.173099
AAATAACCATACGGGA-1,0.21068,0.010446,0.060725,0.444551,0.273597
AAATAAGGTAGTGCCC-1,0.04312,0.249942,0.365802,0.175698,0.165438
AAATACCTATAAGCAT-1,0.017333,0.013298,0.157429,0.249661,0.562278
AAATAGCTTAGACTTT-1,0.008292,0.016902,0.37056,0.132796,0.47145
AAATAGGGTGCTATTG-1,0.425009,0.00005,0.000149,0.566612,0.00818
AAATCACTCCTAAACG-1,0.049894,0.302482,0.400963,0.209815,0.036847
AAATCCGATACACGCC-1,0.690664,0.026342,0.144391,0.090117,0.048486
AAATCGCGGAAGGAGT-1,0.000065,0.000065,0.000793,0.998884,0.000194
AAATCGTGTACCACAA-1,0.023803,0.035679,0.03179,0.409806,0.498922
AAATCTAGCCCTGCTA-1,0.257228,0.016861,0.233417,0.098897,0.393597
AAATCTGCCCGCGTCC-1,0.00034,0.612348,0.241553,0.133209,0.01255
AAATGACTGATCAAAC-1,0.560665,0.000036,0.439119,0.000072,0.000108
AAATGATTCGATCAGC-1,0.187891,0.060161,0.241286,0.256555,0.254108
AAATGCTCGTTACGTT-1,0.00003,0.00003,0.077861,0.798424,0.123654
AAATGGCATGTCTTGT-1,0.026663,0.000017,0.110249,0.04666,0.816411
AAATGGCCCGTGCCCT-1,0.000039,0.00867,0.158575,0.628415,0.204302
AAATGGTCAATGTGCC-1,0.009317,0.016246,0.09926,0.346483,0.528694
AAATGTATCTTATCCC-1,0.00009,0.00009,0.188132,0.181619,0.630069
AAATGTGGGTGCTCCT-1,0.000032,0.134069,0.181374,0.525758,0.158767
AAATTAACGGGTAGCT-1,0.000012,0.000012,0.197306,0.002928,0.799741
AAATTAATAAGCGCGA-1,0.004582,0.000057,0.149107,0.326121,0.520132
AAATTACACGACTCTG-1,0.000013,0.000013,0.143391,0.008397,0.848187
AAATTACCTATCGATG-1,0.001061,0.030498,0.193712,0.336283,0.438446
AAATTCCAGGTCCAAA-1,0.102188,0.388221,0.155142,0.353311,0.001137
AAATTGATAGTCCTTT-1,0.000026,0.011712,0.076721,0.425653,0.485888
AAATTGCGGCGGTTCT-1,0.102889,0.000064,0.088267,0.222377,0.586403
AAATTGGTGAGAAGCA-1,0.015048,0.044273,0.555915,0.093198,0.291566
AAATTTACCGAAATCC-1,0.091736,0.079548,0.27969,0.245688,0.303338
AAATTTGCGGGTGTGG-1,0.000017,0.006221,0.027011,0.356916,0.609835
AACAACTGGTAGTTGC-1,0.000014,0.011069,0.095427,0.119267,0.774223
AACAATACATTGTCGA-1,0.069164,0.001507,0.020885,0.317817,0.590628
AACAATTACTCTACGC-1,0.000025,0.010036,0.316678,0.261532,0.411729
AACACACGCTCGCCGC-1,0.203894,0.013518,0.103443,0.352634,0.32651
AACACGACTGTACTGA-1,0.039827,0.022216,0.129116,0.305276,0.503565
AACACGAGACGCGGCC-1,0.011318,0.003741,0.209847,0.505856,0.269238
AACACGCGGCCGCGAA-1,0.000011,0.000073,0.362728,0.055898,0.58129
AACAGCTGTGTGGCAA-1,0.052371,0.008877,0.131938,0.355875,0.450939
AACAGGAAATCGAATA-1,0.191181,0.061296,0.036079,0.329371,0.382073
AACAGGATGGGCCGCG-1,0.000027,0.015785,0.113839,0.419871,0.450478
AACAGGTAGTATGGAT-1,0.055229,0.133597,0.530137,0.041235,0.239803
AACATAGCGTGTATCG-1,0.73032,0.113485,0.127637,0.006755,0.021803
AACATATCAACTGGTG-1,0.000034,0.044428,0.193499,0.362452,0.399587
AACATCGATACGTCTA-1,0.009517,0.304181,0.051763,0.58792,0.04662
AACATTGAAGTTGATC-1,0.005939,0.03063,0.316,0.284231,0.3632
AACATTGTGACTCGAG-1,0.308305,0.003175,0.054289,0.130396,0.503835
AACCAAGACTTCTCTG-1,0.000034,0.000034,0.033948,0.712098,0.253885
AACCAGTATCACTCTT-1,0.000032,0.017988,0.423558,0.219213,0.339209
AACCATAGGGTTGAAC-1,0.029018,0.00785,0.31571,0.282777,0.364645
AACCATGGGATCGCTA-1,0.000045,0.000045,0.06305,0.714832,0.222028
AACCCAGAGACGGAGA-1,0.029198,0.001828,0.031576,0.597645,0.339753
AACCCATCCCATGATC-1,0.011132,0.006045,0.138726,0.484347,0.35975
AACCCGACAACCCGTG-1,0.000011,0.016177,0.288983,0.13183,0.562999
AACCCGAGCAGAATCG-1,0.002032,0.318243,0.614885,0.030183,0.034657
AACCCGATAGGGCTTC-1,0.027117,0.025371,0.644912,0.074077,0.228523
AACCCGCTGTATTCCA-1,0.022563,0.009233,0.754722,0.000049,0.213433
AACCCTACTGTCAATA-1,0.031094,0.007357,0.154632,0.347152,0.459764
AACCCTGGTGGAACCA-1,0.033862,0.000126,0.854169,0.111465,0.000378
AACCGAGCTTGGTCAT-1,0.000022,0.000022,0.163046,0.079955,0.756954
AACCGCTAAGGGATGC-1,0.005625,0.007446,0.215173,0.173285,0.598471
AACCGTTGTGTTTGCT-1,0.033169,0.023289,0.15205,0.415542,0.37595
AACCTAAAGCCGTCCG-1,0.071106,0.363555,0.16013,0.315764,0.089446
AACCTCGCTTTAGCCC-1,0.812016,0.000041,0.000122,0.187238,0.000584
AACCTGTCACGGAATT-1,0.031933,0.226201,0.377877,0.177395,0.186594
AACCTTTAAATACGGT-1,0.463849,0.000032,0.000097,0.344044,0.191978
AACCTTTACGACGTCT-1,0.011439,0.029144,0.14214,0.595537,0.22174
AACGAAAGTCGTCCCA-1,0.000015,0.000015,0.355878,0.126024,0.518068
AACGACCTCCTAGCCG-1,0.114786,0.242662,0.63557,0.00691,0.000073
AACGATAATGCCGTAG-1,0.226308,0.020769,0.000124,0.672534,0.080265
AACGATAGAAGGGCCG-1,0.000013,0.005843,0.128574,0.108872,0.756698
AACGATATGTCAACTG-1,0.000027,0.022782,0.158231,0.302657,0.516302
AACGCATGATCTGGGT-1,0.005047,0.058206,0.34921,0.310271,0.277267
AACGCGAACGGCAACA-1,0.029033,0.00005,0.177149,0.126506,0.667262
AACGCGACCTTGGGCG-1,0.061358,0.037208,0.000136,0.807269,0.094029
AACGCGGTCTCCAGCC-1,0.000023,0.000023,0.214792,0.119238,0.665925
AACGCTGTTGCTGAAA-1,0.264565,0.012026,0.340239,0.001967,0.381203
AACGGACGTACGTATA-1,0.140542,0.00646,0.257612,0.180049,0.415337
AACGGCCATCTCCGGT-1,0.082006,0.000519,0.020151,0.738242,0.159083
AACGTACTGTGGGTAC-1,0.045847,0.041323,0.066688,0.123052,0.72309
AACGTCAGACTAGTGG-1,0.005861,0.026993,0.117304,0.386449,0.463392
AACGTCATCCGGCTTG-1,0.264668,0.050168,0.319542,0.078543,0.287079
AACGTCGCTGCACTTC-1,0.055558,0.25613,0.688182,0.000052,0.000078
AACGTGATGAAGGACA-1,0.082841,0.012618,0.000186,0.904168,0.000186
AACGTGCGAAAGTCTC-1,0.00002,0.001928,0.174996,0.256376,0.566681
AACGTTATCAGCACCT-1,0.087575,0.002548,0.14365,0.301987,0.46424
AACGTTCTACCATTGT-1,0.000038,0.00548,0.662748,0.000077,0.331656
AACTACCCGTTTGTCA-1,0.088023,0.415875,0.217857,0.243852,0.034393
AACTAGCGTATCGCAC-1,0.000027,0.016078,0.179674,0.270373,0.533848
AACTAGGCTTGGGTGT-1,0.052038,0.037158,0.179912,0.14986,0.581032
AACTCAAGTTAATTGC-1,0.055665,0.023088,0.018643,0.757728,0.144875
AACTCCAGAGCGTGTT-1,0.372754,0.000042,0.057317,0.292977,0.276909
AACTCCTAATCCCATG-1,0.006857,0.044018,0.088599,0.652789,0.207736
AACTCGATAAACACGT-1,0.065749,0.041414,0.146687,0.182751,0.563398
AACTCGATGGCGCAGT-1,0.000032,0.003913,0.139794,0.735341,0.12092
AACTCTCAATAGAGCG-1,0.042776,0.004834,0.174067,0.171817,0.606506
AACTCTCAGTGTGCTC-1,0.099433,0.026432,0.030814,0.370398,0.472922
AACTGAGGTCAGCGTC-1,0.066807,0.21474,0.201082,0.335021,0.18235
AACTGAGTTATACTGA-1,0.084626,0.065818,0.502745,0.224131,0.122679
AACTGATATTAGGCCT-1,0.000043,0.037027,0.105116,0.565694,0.29212
AACTGGGTCCCGACGT-1,0.068051,0.00002,0.00735,0.06366,0.860919
AACTGGGTTCGAGCCG-1,0.060612,0.21647,0.330881,0.07924,0.312798
AACTGGTGTGGGCCTT-1,0.000021,0.000626,0.224208,0.173722,0.601424
AACTTCTGCGTCTATC-1,0.000058,0.000058,0.247396,0.752128,0.000361
AACTTGCCCGTATGCA-1,0.03413,0.027887,0.009527,0.714146,0.214311
AACTTGCGTTCTCGCG-1,0.000047,0.000047,0.105555,0.64069,0.253662
AACTTTACGGGAGCTT-1,0.144031,0.000063,0.003508,0.42372,0.428679
AACTTTAGCTGCTGAG-1,0.000043,0.00472,0.28935,0.277521,0.428365
AACTTTCTCGATCATG-1,0.268977,0.130923,0.41724,0.10973,0.07313
AAGAAAGTTTGATGGG-1,0.003871,0.107022,0.78851,0.040815,0.059782
AAGAAATCACCAGATT-1,0.397789,0.235728,0.038293,0.309021,0.019169
AAGAAGGATCAGTTAG-1,0.000018,0.000018,0.256361,0.377606,0.365997
AAGACATACGTGGTTT-1,0.034825,0.037611,0.817531,0.015436,0.094598
AAGACCAAATAACTCA-1,0.000025,0.015779,0.168294,0.730251,0.085651
AAGACCCAACTGAACA-1,0.073052,0.013154,0.142334,0.204768,0.566692
AAGACTAACCCGTTGT-1,0.089122,0.00004,0.143439,0.186479,0.58092
AAGACTCACGCCCACT-1,0.115907,0.314087,0.295312,0.186185,0.088509
AAGACTGCAAGCTACT-1,0.000027,0.000029,0.071434,0.374422,0.554087
AAGAGATGAATCGGTA-1,0.000063,0.018541,0.020047,0.929056,0.032292
AAGAGCTCTTTATCGG-1,0.000027,0.00418,0.165369,0.107416,0.723007
AAGAGGATGTACGCGA-1,0.000014,0.000014,0.040182,0.086649,0.873141
AAGAGGCATGGATCGC-1,0.035563,0.030095,0.056992,0.49889,0.37846
AAGAGGCCCTTTGGAA-1,0.116718,0.439345,0.127527,0.253869,0.062541
AAGATGGCACCGGACC-1,0.080676,0.008901,0.061318,0.356869,0.492237
AAGATTGGCGGAACGT-1,0.001369,0.000019,0.179959,0.090234,0.728419
AAGCACCCTGCGTATC-1,0.624773,0.000067,0.000202,0.368464,0.006493
AAGCATACTCTCCTGA-1,0.307175,0.011888,0.022671,0.320445,0.337822
AAGCCACTTGCAGGTA-1,0.011751,0.312095,0.315861,0.148254,0.212039
AAGCCGAAGCGGTTTA-1,0.000018,0.063653,0.382331,0.115715,0.438282
AAGCCGCCGTGAAATC-1,0.097574,0.055082,0.037374,0.730878,0.079091
AAGCCGCTTTACCTTG-1,0.382442,0.333017,0.006196,0.278186,0.000159
AAGCCGGAGAGCAGGA-1,0.061772,0.371095,0.273449,0.193071,0.100613
AAGCGCAGGGCTTTGA-1,0.287161,0.000065,0.135453,0.00013,0.577191
AAGCGGAGTGCGCGCA-1,0.009453,0.384574,0.141729,0.459375,0.004869
AAGCGGCGTCATGGGT-1,0.056408,0.126962,0.020462,0.576407,0.219761
AAGCGTCCCTCATCGA-1,0.048546,0.005235,0.060674,0.758001,0.127544
AAGCTAGATCGAGTAA-1,0.129178,0.024442,0.04153,0.534415,0.270435
AAGCTATGGATTGACC-1,0.034785,0.037464,0.555412,0.227878,0.144461
AAGCTCGTGCCAAGTC-1,0.00003,0.001729,0.043655,0.263302,0.691283
AAGCTCTTTCATGGTG-1,0.42822,0.016353,0.008691,0.328059,0.218677
AAGGAGAACTTATAAG-1,0.000017,0.000017,0.176115,0.097069,0.726783
AAGGAGCGGTTGGTGC-1,0.000026,0.000026,0.148976,0.138533,0.712439
AAGGATCGATCGCTTG-1,0.00002,0.014323,0.460359,0.059829,0.465469
AAGGATGAGGGACCTC-1,0.002523,0.026065,0.159845,0.133487,0.678081
AAGGCAGGCTGTCTCC-1,0.024787,0.118698,0.741613,0.005489,0.109412
AAGGCGCGTAAAGCTT-1,0.256932,0.000044,0.051225,0.40855,0.283249
AAGGCTGTGCTCATCG-1,0.000028,0.010166,0.138685,0.290003,0.561117
AAGGGAACGACTGGCT-1,0.000018,0.03178,0.319355,0.199586,0.449261
AAGGGACAGATTCTGT-1,0.016734,0.012585,0.134692,0.213856,0.622133
AAGGGACTATGCATTC-1,0.000013,0.000688,0.112701,0.142387,0.74421
AAGGGTTAGCCATGCG-1,0.17875,0.206115,0.550854,0.061253,0.003028
AAGGGTTTGATTTCAG-1,0.084147,0.000067,0.000219,0.915364,0.000202
AAGGTATCCTAATATA-1,0.153466,0.014137,0.028167,0.268229,0.536
AAGGTGATAAACCAGC-1,0.042564,0.014912,0.18575,0.297959,0.458815
AAGTAGAAGACCGGGT-1,0.002994,0.077096,0.004048,0.698904,0.216959
AAGTAGTGACGCGAGG-1,0.093333,0.001965,0.069812,0.098739,0.736151
AAGTCAATTGTCGTCA-1,0.156758,0.07778,0.018799,0.524051,0.222612
AAGTCTAGTAGCTGCC-1,0.080254,0.323151,0.268948,0.302801,0.024845
AAGTCTTCTGTGGCCT-1,0.077283,0.000048,0.061534,0.647064,0.214072
AAGTGACGACCGAATT-1,0.000037,0.000037,0.057766,0.591522,0.350639
AAGTGAGTCGGGTTTA-1,0.000036,0.032911,0.009877,0.5918,0.365375
AAGTGCAAAGGTAGAC-1,0.004691,0.00006,0.030444,0.497767,0.467037
AAGTGCCTTGACTGTA-1,0.028227,0.041119,0.286903,0.13154,0.512211
AAGTGCGTTAGAATCT-1,0.011103,0.070073,0.0346,0.750764,0.13346
AAGTGCTTCTCTATTG-1,0.036149,0.046837,0.221582,0.401543,0.293889
AAGTGTTTGGAGACGG-1,0.689194,0.000031,0.000093,0.17699,0.133693
AAGTTCACTCCAAGCT-1,0.415721,0.006381,0.042831,0.131356,0.40371
AAGTTCAGTCTGCGTA-1,0.007655,0.063947,0.214543,0.345373,0.368482
AAGTTCGGCCAACAGG-1,0.014295,0.00485,0.062107,0.184112,0.734636
AAGTTGTGATGTTATA-1,0.216126,0.198455,0.408337,0.175298,0.001784
AAGTTTACTAATGGCA-1,0.000019,0.001204,0.324636,0.082972,0.591169
AAGTTTATGGGCCCAA-1,0.568104,0.000118,0.000353,0.424166,0.00726
AATAACAACGCTCGGC-1,0.000016,0.002553,0.045757,0.221614,0.730061
AATAACACTAGAACAA-1,0.001275,0.020604,0.025253,0.810081,0.142788
AATAACGTCGCGCCCA-1,0.103962,0.21819,0.630546,0.002003,0.045299
AATAAGTCCTCGAGAC-1,0.013595,0.123951,0.043337,0.722113,0.097005
AATAATCTTCGTATCG-1,0.083963,0.074369,0.543538,0.20156,0.096569
AATACAATGTTTCAGG-1,0.000028,0.001179,0.281414,0.589879,0.1275
AATACCGGAGGGCTGT-1,0.082495,0.033916,0.068324,0.457625,0.357641
AATACCTGATGTGAAC-1,0.195457,0.000018,0.804435,0.000036,0.000054
AATAGAACAGAGTGGC-1,0.000037,0.015896,0.0049,0.775944,0.203222
AATAGAATCTGTTTCA-1,0.246312,0.015758,0.084434,0.374261,0.279235
AATAGCAAGCCTCCTG-1,0.344907,0.348637,0.026553,0.266972,0.012931
AATAGCTACCGCGTGC-1,0.013907,0.011289,0.506301,0.019295,0.449209
AATAGGCACGACCCTT-1,0.079912,0.103221,0.317005,0.129197,0.370664
AATAGTCCGTCCCGAC-1,0.04633,0.032483,0.117682,0.393712,0.409792
AATAGTCGCGAGTCGG-1,0.000088,0.000088,0.083568,0.201014,0.715241
AATATCAAGGTCGGAT-1,0.00004,0.016355,0.109537,0.799127,0.074941
AATATCCTAGCAAACT-1,0.040645,0.000082,0.000246,0.958781,0.000246
AATATCGAATCAATGC-1,0.000669,0.231033,0.311924,0.319189,0.137184
AATATCGAGGGTTCTC-1,0.074859,0.000025,0.180705,0.098496,0.645915
AATATTGGAGTATTGA-1,0.000052,0.013414,0.111648,0.83122,0.043666
AATCAGACTGCAGGAC-1,0.001499,0.000054,0.215599,0.174492,0.608356
AATCAGGTTTCATTTA-1,0.017842,0.164804,0.13645,0.196386,0.484518
AATCATGTAAAGACTC-1,0.428767,0.065582,0.005879,0.409101,0.090671
AATCCAAGGGCCTGAG-1,0.14354,0.005603,0.010941,0.5911,0.248815
AATCCATGCAAGGGTG-1,0.004723,0.000044,0.080242,0.27141,0.643582
AATCCCGCTCAGAGCC-1,0.144556,0.416167,0.095702,0.091386,0.252189
AATCGAGGTCTCAAGG-1,0.878515,0.000041,0.12124,0.000082,0.000122
AATCGCCTCAGCGCCA-1,0.049504,0.028114,0.04136,0.358235,0.522787
AATCGCGCAGAGGACT-1,0.033368,0.088252,0.672394,0.026445,0.179541
AATCGGGACACTACGA-1,0.032511,0.000022,0.033368,0.190971,0.743128
AATCGGTATAGCCCTC-1,0.190921,0.237706,0.554715,0.01076,0.005898
AATCGTGAGCCGAGCA-1,0.589219,0.008423,0.021758,0.125205,0.255395
AATCTAGGTTTACTTG-1,0.000034,0.005285,0.219062,0.591305,0.184314
AATCTATGCCGGAGCC-1,0.012554,0.010954,0.30662,0.067661,0.602211
AATCTCTACTGTGGTT-1,0.071047,0.005243,0.057436,0.866161,0.000112
AATCTGCGTTGGGACG-1,0.000021,0.000021,0.26802,0.091669,0.64027
AATCTGGCTTTCTAGT-1,0.000059,0.000059,0.059279,0.904076,0.036527
AATCTGGGTAGACCCT-1,0.022898,0.084018,0.426727,0.297105,0.169252
AATGACAGCAATGTCT-1,0.033323,0.023753,0.063231,0.210674,0.669018
AATGACGTAGGATGTC-1,0.038284,0.005125,0.113401,0.26661,0.576581
AATGACTGTCAGCCGG-1,0.000037,0.021272,0.020074,0.578568,0.380049
AATGAGTTCGCATATG-1,0.000037,0.012964,0.247737,0.542801,0.19646
AATGATGATACGCTAT-1,0.008838,0.061901,0.11141,0.339366,0.478484
AATGATGCGACTCCTG-1,0.050467,0.000021,0.362455,0.014368,0.572689
AATGCAACCGGGTACC-1,0.028792,0.039304,0.026298,0.361028,0.544578
AATGCACCAAGCAATG-1,0.001815,0.005989,0.283417,0.030314,0.678464
AATGGCCGCCAATGCG-1,0.151078,0.077466,0.41017,0.090351,0.270936
AATGGTCCACCGTTCA-1,0.000035,0.001417,0.22198,0.551171,0.225397
AATGGTTCTCACAAGC-1,0.000053,0.054287,0.052735,0.777728,0.115198
AATGTATGGCACTGTA-1,0.000288,0.177891,0.001502,0.811852,0.008467
AATGTGCCCGAGGTGT-1,0.021037,0.029793,0.002034,0.463934,0.483202
AATGTGCTAATCTGAG-1,0.000045,0.12556,0.004876,0.869383,0.000135
AATGTTAAGACCCTGA-1,0.919853,0.000026,0.079989,0.000053,0.000079
AATGTTGTCGTGAGAC-1,0.152834,0.781542,0.063162,0.000044,0.002418
AATTAAAGGTCGGCGT-1,0.125206,0.000464,0.000114,0.607195,0.267021
AATTAACGGATTTCCA-1,0.307984,0.000061,0.000183,0.691588,0.000183
AATTACGAGACCCATC-1,0.000046,0.000867,0.217484,0.741641,0.039962
AATTACTCGTACGCTC-1,0.051246,0.000125,0.004546,0.22029,0.723793
AATTAGCGCTGCAGCG-1,0.006095,0.000018,0.226733,0.092952,0.674202
AATTATACCCAGCAAG-1,0.978964,0.006225,0.010706,0.00007,0.004035
AATTCATAAGGGATCT-1,0.008751,0.020984,0.116527,0.26218,0.591558
AATTCATTGTCATGCA-1,0.217502,0.000363,0.005046,0.686938,0.090151
AATTCCAACTTGGTGA-1,0.013207,0.001348,0.119001,0.127084,0.73936
AATTCCAAGCATGTAC-1,0.066062,0.088342,0.04202,0.317767,0.485809
AATTCGATTCGAGGAT-1,0.478587,0.000193,0.000578,0.388912,0.13173
AATTCTAGAGTTAGGC-1,0.072823,0.034388,0.00018,0.754241,0.138369
AATTGAACGCTCTGGT-1,0.171939,0.017385,0.0001,0.648049,0.162527
AATTGCAGCAATCGAC-1,0.166459,0.042549,0.51884,0.116118,0.156034
AATTGCGTGGATTACA-1,0.004503,0.105126,0.187258,0.63066,0.072453
AATTGTGGTTGCCAAA-1,0.170654,0.402839,0.167885,0.227804,0.030817
AATTTGGGACATAGTA-1,0.084063,0.005535,0.14429,0.320508,0.445604
AATTTGGTTCCAAAGA-1,0.008434,0.047865,0.104175,0.241675,0.597851
ACAAACCATGCGTCCT-1,0.090076,0.039187,0.16738,0.682377,0.02098
ACAAACCGACAAGGCG-1,0.050098,0.030431,0.380718,0.351593,0.18716
ACAAACTCCATCAGAG-1,0.000015,0.001265,0.571763,0.000328,0.426629
ACAAAGAAGGTAGGCC-1,0.000053,0.000053,0.000159,0.999576,0.000159
ACAAAGCATGACCTAG-1,0.4922,0.11379,0.167713,0.019482,0.206815
ACAAATCGCACCGAAT-1,0.07151,0.005777,0.197663,0.065105,0.659945
ACAAATGGTAGTGTTT-1,0.010912,0.007605,0.13917,0.108232,0.734081
ACAAATTCAGATCTGA-1,0.386123,0.158794,0.016327,0.393246,0.04551
ACAACAGCATGAGCTA-1,0.000027,0.000027,0.088287,0.461688,0.449971
ACAACGGTCCCTGCGA-1,0.000045,0.000483,0.047445,0.863849,0.088178
ACAAGCAGTGCCTAGC-1,0.000047,0.000047,0.116433,0.728689,0.154784
ACAAGCTATATGGAAG-1,0.005482,0.000055,0.14973,0.517789,0.326944
ACAAGGAAATCCGCCC-1,0.188039,0.058895,0.03152,0.577127,0.144418
ACAAGGACAAGAGGTT-1,0.000044,0.008242,0.16817,0.368194,0.45535
ACAAGGATGCTTTAGG-1,0.146088,0.133679,0.299074,0.220472,0.200687
ACAAGGCCTACCAGCC-1,0.101613,0.154376,0.390347,0.158351,0.195313
ACAAGGGCAGGCTCTG-1,0.351975,0.000083,0.026257,0.354464,0.267221
ACAAGTAATTGTAAGG-1,0.015367,0.022939,0.238406,0.114822,0.608466
ACAATAGTCGTACGTT-1,0.000036,0.000036,0.192735,0.367464,0.43973
ACAATCCATTTAAACC-1,0.000011,0.000737,0.076997,0.076355,0.845901
ACAATCGATCTTTATA-1,0.206943,0.116633,0.07699,0.523569,0.075865
ACAATGAATACGGAGA-1,0.01352,0.099317,0.112919,0.419989,0.354255
ACAATGATTCTTCTAC-1,0.05459,0.325577,0.249596,0.137641,0.232596
ACAATTGTGTCTCTTT-1,0.007374,0.038308,0.303314,0.0471,0.603904
ACAATTTAGGAGGCTC-1,0.005622,0.000052,0.063064,0.653057,0.278205
ACAATTTGAGCAGTGG-1,0.001154,0.000019,0.177896,0.191598,0.629333
ACAATTTGGCCATATT-1,0.251388,0.25129,0.261,0.098525,0.137797
ACACAAAGACGGGTGG-1,0.000628,0.012141,0.041462,0.33441,0.611359
ACACAAATATTCCTAG-1,0.054995,0.234044,0.383702,0.28062,0.046639
ACACACCAGGACCAGT-1,0.039226,0.038274,0.17424,0.099654,0.648607
ACACACTTTCTACACG-1,0.06163,0.006373,0.000185,0.762808,0.169004
ACACATGATCAAATCT-1,0.000022,0.000022,0.194519,0.243362,0.562075
ACACATTGACGCAACA-1,0.044928,0.0001,0.213482,0.18807,0.553421
ACACATTTCCGTAGAC-1,0.751687,0.000112,0.084926,0.000224,0.163051
ACACCACATAATTAGC-1,0.044384,0.161295,0.51844,0.112572,0.163308
ACACCCAGCATGCAGC-1,0.000035,0.001905,0.176938,0.350981,0.470141
ACACCCGAGAAATCCG-1,0.001929,0.013869,0.182214,0.323613,0.478375
ACACCCGTAAATCTGT-1,0.061404,0.370967,0.307147,0.260369,0.000114
ACACCGAGCGCTCTTT-1,0.034826,0.000148,0.065083,0.305259,0.594684
ACACCGGTCTGACCGC-1,0.000014,0.000074,0.253479,0.160783,0.585651
ACACCTTAAGTAGGGC-1,0.000022,0.00121,0.170318,0.148773,0.679676
ACACCTTACTACTTGC-1,0.100199,0.265699,0.33223,0.170209,0.131663
ACACGAGACTCCTTCT-1,0.00003,0.051779,0.079637,0.538317,0.330237
ACACGGCACTATGCAT-1,0.127926,0.075286,0.000505,0.472736,0.323547
ACACGGGAACTTAGGG-1,0.04232,0.000051,0.000152,0.935665,0.021811
ACACGTAGGCCACAAG-1,0.120469,0.180152,0.398856,0.100854,0.199669
ACACTCCAATGTCACT-1,0.000067,0.010818,0.006281,0.919565,0.063268
ACACTGATCAAGGTGT-1,0.00072,0.004684,0.02296,0.267632,0.704004
ACACTGGGACAGTCGT-1,0.24723,0.134767,0.451974,0.069225,0.096804
ACAGAACTGAGAACAA-1,0.031332,0.029133,0.179616,0.670282,0.089638
ACAGATTAGGTTAGTG-1,0.004246,0.00102,0.27513,0.142014,0.577589
ACAGCATAGAGCCAGT-1,0.123193,0.031532,0.039261,0.186355,0.61966
ACAGCGACATTCTCAT-1,0.285986,0.103261,0.164978,0.03974,0.406035
ACAGCGCACCCGCAGC-1,0.000877,0.129976,0.083954,0.742431,0.042762
ACAGGAGGCGCAGCCG-1,0.068599,0.092315,0.378902,0.142471,0.317714
ACAGGCACGGATCCTT-1,0.674469,0.032588,0.000118,0.292708,0.000118
ACAGGCTTGCCCGACT-1,0.064521,0.053795,0.182944,0.129133,0.569606
ACAGGTGGAGGTGAGG-1,0.000021,0.013486,0.047534,0.313688,0.62527
ACAGGTGTGTTGTTGC-1,0.064514,0.000056,0.142077,0.34566,0.447693
ACAGTAATACAACTTG-1,0.000025,0.000025,0.167309,0.619327,0.213313
ACAGTATACCGTGGGA-1,0.204635,0.113938,0.302094,0.186748,0.192585
ACAGTGCAGCGCATTT-1,0.028141,0.208335,0.302327,0.270171,0.191026
ACATAAGTCGTGGTGA-1,0.000036,0.006508,0.084435,0.87566,0.03336
ACATAATAAGGCGGTG-1,0.053259,0.044376,0.047166,0.287387,0.567812
ACATACAATCAAGCGG-1,0.955696,0.000033,0.03604,0.000065,0.008166
ACATCAGCTGGGACGC-1,0.008224,0.000059,0.000177,0.991363,0.000177
ACATCCCGGCCATACG-1,0.112237,0.046428,0.006136,0.599049,0.236149
ACATCCTGGTAACTGT-1,0.027548,0.035648,0.213276,0.232147,0.491382
ACATCGATCGTTTACC-1,0.019602,0.022603,0.000144,0.839704,0.117947
ACATCGCAATATTCGG-1,0.044042,0.066873,0.292719,0.265037,0.331329
ACATCGGTCAGCCGCG-1,0.00002,0.014113,0.101046,0.304504,0.580317
ACATCGTATGCAATGG-1,0.141549,0.043627,0.002073,0.50868,0.304071
ACATCGTTAACCTAGT-1,0.000031,0.005436,0.085972,0.268426,0.640135
ACATCTCAACGCGTAA-1,0.045369,0.154458,0.150821,0.380478,0.268873
ACATGCTTACGGCAGC-1,0.001102,0.298191,0.536585,0.004538,0.159584
ACATGGCGCCAAAGTA-1,0.024016,0.097585,0.174272,0.213952,0.490175
ACATGGCTCAATTTAG-1,0.031774,0.00008,0.092303,0.225087,0.650755
ACATTAGTTTATATCC-1,0.058681,0.002985,0.121238,0.486536,0.33056
ACATTCGCGCGGAATA-1,0.000023,0.167502,0.503674,0.054017,0.274785
ACATTTGAAACCTAAC-1,0.189483,0.000037,0.810294,0.000074,0.000111
ACCAAACACCCAGCGA-1,0.125618,0.059826,0.420054,0.084357,0.310146
ACCAAACTAGAAATCC-1,0.00678,0.170293,0.114156,0.475974,0.232797
ACCAACACCACACACT-1,0.001022,0.051681,0.361109,0.198464,0.387724
ACCAACCGCACTCCAC-1,0.521648,0.164586,0.20783,0.068521,0.037414
ACCAACGCTTATTTAT-1,0.072816,0.033931,0.161941,0.183705,0.547607
ACCAAGAACGCGTGTC-1,0.051126,0.077397,0.032663,0.66963,0.169184
ACCAAGTCATCGGCAG-1,0.089463,0.251705,0.428289,0.097307,0.133235
ACCAATATGCAAGTTA-1,0.283733,0.056513,0.070661,0.215872,0.373221
ACCACAACTCAGAACA-1,0.003086,0.229772,0.001378,0.462433,0.303332
ACCACAAGTTTCTATC-1,0.021991,0.032238,0.020529,0.726809,0.198433
ACCACACGGTTGATGG-1,0.817832,0.080834,0.030986,0.070164,0.000184
ACCACCAATGTAACAA-1,0.00172,0.001066,0.543328,0.013901,0.439986
ACCACCCTCTCTTCTA-1,0.00985,0.412802,0.357018,0.146759,0.07357
ACCACGTGCAGCTATA-1,0.402057,0.000128,0.311504,0.285927,0.000384
ACCACTGTTCAAGAAG-1,0.000115,0.000115,0.177294,0.350914,0.471563
ACCAGACCATAACAAC-1,0.063752,0.000054,0.010267,0.870264,0.055663
ACCAGCCCGGTCTTTG-1,0.000102,0.050741,0.169555,0.072853,0.706749
ACCAGGAGTGTGATCT-1,0.012254,0.021716,0.137775,0.157325,0.670931
ACCAGTGCCCGGTCAA-1,0.018732,0.168951,0.276758,0.211056,0.324503
ACCAGTGCGGGAGACG-1,0.023128,0.027006,0.211224,0.183407,0.555235
ACCATATCCGCAATAA-1,0.063183,0.00003,0.267539,0.237506,0.431742
ACCATCCGCCAACTAG-1,0.000019,0.000019,0.330364,0.23662,0.432977
ACCATCGTATATGGTA-1,0.205063,0.000053,0.000159,0.4776,0.317125
ACCATTAAGGGTGTCA-1,0.00014,0.00014,0.109673,0.198507,0.69154
ACCCAACGCCCGTGGC-1,0.000026,0.048666,0.098569,0.363108,0.489632
ACCCACCTACATGCTC-1,0.000646,0.000045,0.129375,0.717494,0.15244
ACCCATCTTGAGGGTA-1,0.000041,0.029367,0.068402,0.692465,0.209725
ACCCATTTGTCCCTCT-1,0.184911,0.365527,0.08963,0.252512,0.10742
ACCCGAGCGAAATTAC-1,0.041872,0.007492,0.105398,0.255794,0.589444
ACCCGATTGGTTCCGA-1,0.12177,0.027172,0.211116,0.359178,0.280764
ACCCGGAAACTCCCAG-1,0.474542,0.000041,0.000123,0.440776,0.084518
ACCCGGAGCACCACAA-1,0.000015,0.013861,0.592238,0.091474,0.302411
ACCCGGATGACGCATC-1,0.000021,0.003237,0.232525,0.060542,0.703676
ACCCGGTTACACTTCC-1,0.003232,0.013831,0.038519,0.678293,0.266125
ACCCGTAGCAGAGAAT-1,0.00003,0.445166,0.373219,0.178186,0.0034
ACCCGTAGTCTAGTTG-1,0.031124,0.159351,0.634781,0.06483,0.109914
ACCCGTGTCATCAGTA-1,0.09461,0.010803,0.000134,0.85212,0.042333
ACCCTATAGGACTGAG-1,0.020432,0.00007,0.107587,0.480674,0.391238
ACCCTATGCCATATCG-1,0.045236,0.020128,0.051639,0.184976,0.698022
ACCCTCCCGTCAGGGC-1,0.703359,0.064805,0.103656,0.058823,0.069358
ACCCTCCCTTGCTATT-1,0.204167,0.061991,0.013978,0.450354,0.269511
ACCCTGGTAACGCCCT-1,0.006251,0.289285,0.433875,0.245549,0.02504
ACCCTTCATCTGCGAA-1,0.000017,0.000017,0.149618,0.004936,0.845413
ACCCTTGCCTGGGTCG-1,0.014118,0.110832,0.423917,0.298308,0.152825
ACCCTTTAGTTCTCCA-1,0.042451,0.011059,0.253346,0.037844,0.6553
ACCGAAAGGGCCCTGC-1,0.000029,0.031715,0.168326,0.511099,0.288832
ACCGAAGAGTCTGGTT-1,0.000063,0.000063,0.000188,0.999497,0.000188
ACCGACACATCTCCCA-1,0.660974,0.000078,0.000235,0.338477,0.000235
ACCGACTGAGTCCCAC-1,0.000033,0.022858,0.081362,0.372358,0.523389
ACCGAGTCTCCTTATT-1,0.991327,0.000049,0.000148,0.000098,0.008378
ACCGATAGGCATAACC-1,0.230399,0.395064,0.174649,0.189641,0.010248
ACCGATATTTAATCAT-1,0.058438,0.440168,0.343992,0.152551,0.004852
ACCGATGGTAGCATCG-1,0.000015,0.000041,0.099418,0.088084,0.812442
ACCGCAATAACTGCCT-1,0.159581,0.008351,0.182908,0.057554,0.591605
ACCGCGGTGGAAGTCG-1,0.206421,0.158626,0.012207,0.449106,0.173639
ACCGCTAGTCATTGGT-1,0.073351,0.606275,0.106869,0.13677,0.076734
ACCGGGCCTTTGTTGA-1,0.104218,0.072319,0.215649,0.325287,0.282527
ACCGGTCAGGTACACC-1,0.000014,0.000014,0.343387,0.093121,0.563464
ACCGGTCTGAGTACGG-1,0.002718,0.054622,0.47036,0.141454,0.330847
ACCGTCCACTGGGCCC-1,0.002167,0.005611,0.328109,0.522944,0.141168
ACCGTGACCACGTGGG-1,0.060259,0.014862,0.056834,0.345018,0.523027
ACCGTTCCCGCTCTGA-1,0.034737,0.056725,0.272422,0.195563,0.440552
ACCTAAGTACCTTTCA-1,0.046267,0.007584,0.000118,0.888647,0.057383
ACCTAATCGACTTCCT-1,0.000071,0.000071,0.026337,0.957238,0.016283
ACCTACAGTATGTGGT-1,0.138328,0.176274,0.384269,0.030221,0.270908
ACCTACTATAAATCTA-1,0.084919,0.008269,0.166135,0.186155,0.554523
ACCTCAGCGAGGCGCA-1,0.730574,0.048205,0.126389,0.073579,0.021253
ACCTCCGCCCTCGCTG-1,0.048687,0.14432,0.590524,0.016223,0.200246
ACCTCCGTTATTCACC-1,0.051565,0.09206,0.498226,0.148241,0.209909
ACCTCGAACTTATGCT-1,0.000018,0.029399,0.301115,0.228606,0.440862
ACCTGCGTGTCATGTT-1,0.031705,0.003464,0.099948,0.780414,0.08447
ACCTTTCCTTTAGAAG-1,0.000058,0.199504,0.011891,0.788375,0.000173
ACGAAATGGGCGGCAC-1,0.000027,0.000027,0.043785,0.378575,0.577586
ACGACCCATGAGTTGC-1,0.021542,0.358134,0.352562,0.241527,0.026234
ACGACTCTAGGGCCGA-1,0.509971,0.022193,0.314827,0.032583,0.120426
ACGACTGGTCATACTC-1,0.055747,0.013556,0.089963,0.18109,0.659644
ACGAGAACCCATCACG-1,0.000034,0.06311,0.000101,0.936654,0.000101
ACGAGATATTTGCTTA-1,0.015302,0.075823,0.127749,0.530562,0.250564
ACGAGGATACCACTCT-1,0.000021,0.00303,0.386999,0.126198,0.483753
ACGAGGTTTACAACGT-1,0.000038,0.000508,0.054161,0.777692,0.167601
ACGAGTACGGATGCCC-1,0.043407,0.084747,0.167959,0.487913,0.215975
ACGAGTCGCCGGCGTT-1,0.000068,0.000068,0.158162,0.097595,0.744107
ACGATACATAGAACTA-1,0.000022,0.055305,0.117287,0.225841,0.601544
ACGATACCTATCCTGA-1,0.0344,0.000071,0.155776,0.324534,0.485219
ACGATCATACATAGAG-1,0.000037,0.012404,0.085237,0.496088,0.406234
ACGATCATCTTGTAAA-1,0.00158,0.032874,0.250275,0.314711,0.40056
ACGATGCATATGTTAT-1,0.000396,0.028549,0.087018,0.625143,0.258893
ACGATGGATCCGATGC-1,0.000015,0.000015,0.079303,0.019541,0.901126
ACGCAAACTAATAGAT-1,0.024532,0.03666,0.105587,0.441006,0.392215
ACGCAATCACTACAGC-1,0.065758,0.06776,0.227623,0.411163,0.227696
ACGCATAAATGACATG-1,0.04904,0.328972,0.217433,0.286589,0.117967
ACGCATACGTTTACTA-1,0.332546,0.085971,0.058321,0.2496,0.273562
ACGCATTCGTGAGTAC-1,0.000018,0.000018,0.071332,0.022564,0.906069
ACGCCACTCGAAACAG-1,0.728335,0.000026,0.27151,0.000052,0.000078
ACGCCAGATGATTTCT-1,0.001134,0.000277,0.08437,0.334529,0.57969
ACGCCAGTGCGTTTGC-1,0.383683,0.054935,0.47214,0.000047,0.089195
ACGCCCAGCTGTCGAT-1,0.225,0.050415,0.118154,0.376708,0.229723
ACGCCGCTAGACGACC-1,0.153879,0.000123,0.490315,0.089635,0.266047
ACGCCTGACACGCGCT-1,0.179787,0.103673,0.363731,0.049844,0.302965
ACGCGAAGTCAGACGA-1,0.000023,0.001395,0.105948,0.25645,0.636184
ACGCGCTACACAGGGT-1,0.206658,0.000026,0.003424,0.349267,0.440624
ACGCGGGCCAAGGACA-1,0.012603,0.021629,0.000105,0.627953,0.337709
ACGCGTTTCTTAAGAG-1,0.021004,0.000077,0.117464,0.351584,0.509871
ACGCTACTGAATGGGC-1,0.000016,0.000016,0.997914,0.000033,0.002021
ACGCTAGTATCAGTGC-1,0.017677,0.099565,0.643964,0.063918,0.174876
ACGCTAGTGATACACT-1,0.027693,0.004632,0.265652,0.21719,0.484833
ACGCTGTGAGGCGTAG-1,0.000033,0.000033,0.164458,0.638804,0.196672
ACGCTTAGTGTCTCTC-1,0.000015,0.002518,0.585566,0.010173,0.401729
ACGGAACACGAGTGCC-1,0.793408,0.000035,0.20638,0.000071,0.000106
ACGGAATTTAGCAAAT-1,0.000041,0.021057,0.025424,0.825323,0.128155
ACGGACGCAGCGACAA-1,0.00001,0.000913,0.75103,0.002567,0.24548
ACGGACTCTCAAAGCG-1,0.16988,0.057029,0.104858,0.296071,0.372162
ACGGAGCGCAAATTAC-1,0.007372,0.033985,0.20883,0.428853,0.32096
ACGGATGGTGCGGATA-1,0.109894,0.005664,0.259641,0.205843,0.418958
ACGGCACTTGCTTGGG-1,0.032608,0.023099,0.120577,0.427029,0.396687
ACGGCCAACATGGACT-1,0.138422,0.00032,0.000116,0.701533,0.15961
ACGGCGACGATGGGAA-1,0.048155,0.020787,0.165389,0.056803,0.708866
ACGGCGGGTTGCCCTG-1,0.000034,0.000034,0.115142,0.370507,0.514283
ACGGCTGGATGTAGAA-1,0.000018,0.000018,0.152016,0.225432,0.622516
ACGGGAGTGTCGGCCC-1,0.000017,0.000017,0.088124,0.101664,0.810178
ACGGGCGTATGCGACA-1,0.022103,0.193913,0.394654,0.279268,0.110062
ACGGGTCATGTGACTT-1,0.000115,0.000115,0.239601,0.305318,0.454851
ACGGGTTGTGACCTGT-1,0.000023,0.235244,0.695485,0.063413,0.005834
ACGGTACAGTTCAATG-1,0.16894,0.134005,0.512411,0.000034,0.184609
ACGGTCACCGAGAACA-1,0.000028,0.412486,0.006539,0.580865,0.000083
ACGTACAGATTTCTCT-1,0.219144,0.06686,0.008237,0.33849,0.36727
ACGTACTTTGGCACGG-1,0.000022,0.001297,0.237033,0.129129,0.632519
ACGTAGATTGCTGATG-1,0.000028,0.000028,0.251112,0.154155,0.594678
ACGTAGGAGAGTCGCT-1,0.662144,0.000113,0.000338,0.285819,0.051586
ACGTATTACTCCGATC-1,0.002124,0.055678,0.100386,0.481068,0.360744
ACGTCCTAAACGAGAT-1,0.061649,0.147337,0.031195,0.757182,0.002637
ACGTCGGGCAACTCGG-1,0.018077,0.109742,0.000213,0.871756,0.000213
ACGTCTCGTTCCGGGA-1,0.00005,0.00005,0.00015,0.999599,0.00015
ACGTGACAAAGTAAGT-1,0.160946,0.001177,0.122816,0.618153,0.096909
ACGTGCGCCTCGTGCA-1,0.000075,0.016455,0.012434,0.868986,0.10205
ACGTGGTCGAATGTGC-1,0.051432,0.332486,0.047025,0.568882,0.000174
ACGTTAATGTCGAAGA-1,0.001213,0.000459,0.148782,0.638141,0.211404
ACGTTAGATTTGCCCG-1,0.125457,0.001652,0.028796,0.550678,0.293416
ACGTTATTGGTCACTC-1,0.012738,0.00009,0.034296,0.537177,0.415699
ACGTTCACTATGCCGC-1,0.00002,0.008214,0.602067,0.016593,0.373107
ACGTTCCGCGCTCCGT-1,0.000013,0.000013,0.058353,0.03725,0.904372
ACGTTCGCAATCAATT-1,0.054801,0.168041,0.429258,0.150435,0.197464
ACGTTCGTTCAGGAAA-1,0.008804,0.002952,0.07094,0.346117,0.571188
ACGTTCTGTACAAGTC-1,0.582863,0.000031,0.355833,0.00147,0.059803
ACGTTGTCGTTGAAAG-1,0.116112,0.170274,0.328072,0.132968,0.252574
ACGTTTAGTTGTGATC-1,0.000046,0.002225,0.00619,0.445351,0.546188
ACGTTTCGGTGCACTT-1,0.000084,0.376958,0.461492,0.161213,0.000253
ACTAAGGACGCACACC-1,0.099459,0.025782,0.49818,0.045461,0.331119
ACTAATACGTCAGGCG-1,0.103219,0.068429,0.071667,0.700507,0.056178
ACTACAAAGAGAGGTG-1,0.016391,0.046937,0.144105,0.125063,0.667503
ACTACATCCCGACAAG-1,0.000046,0.044503,0.000777,0.954536,0.000138
ACTACCAGCTCTCTGG-1,0.000015,0.000015,0.104727,0.003803,0.891441
ACTACCATCCGAGGGC-1,0.00174,0.3337,0.39039,0.150708,0.123462
ACTACGCGTTAGAATT-1,0.078582,0.021725,0.140965,0.316349,0.442379
ACTAGTTGCGATCGTC-1,0.079981,0.110505,0.118852,0.554471,0.136191
ACTATATGCTGTGTTC-1,0.01203,0.148787,0.228578,0.332915,0.27769
ACTATCCAGGGCATGG-1,0.004757,0.002771,0.44702,0.000035,0.545416
ACTATCGCCGGCTAAA-1,0.00014,0.00014,0.121151,0.241604,0.636964
ACTATCTGCCCGCGTA-1,0.080003,0.532343,0.185482,0.155513,0.046659
ACTATGTCCAGCTGCC-1,0.006301,0.293524,0.01039,0.50026,0.189525
ACTATTCGTCCGTGGT-1,0.000035,0.000035,0.16805,0.365904,0.465976
ACTATTTCCGGGCCCA-1,0.097342,0.025302,0.02696,0.569773,0.280623
ACTCAACGAATGTATT-1,0.005486,0.000039,0.074314,0.920044,0.000117
ACTCAAGTGCAAGGCT-1,0.116007,0.027097,0.165742,0.25597,0.435184
ACTCAATAAAGGCACG-1,0.000038,0.031945,0.033154,0.696948,0.237914
ACTCAGACCTGCTTCT-1,0.029906,0.013307,0.130376,0.209106,0.617305
ACTCATGGCAGCCTTC-1,0.009425,0.264674,0.247878,0.231759,0.246263
ACTCCAATATCATCAT-1,0.035454,0.079293,0.1935,0.327358,0.364396
ACTCCCATTCCTAAAG-1,0.000023,0.040142,0.204864,0.292652,0.46232
ACTCCCGAATTCGTTT-1,0.00358,0.011345,0.251164,0.335532,0.398379
ACTCCCGTAGACTAGG-1,0.045336,0.049376,0.651385,0.098196,0.155707
ACTCCCTAATGCTAAA-1,0.513477,0.000044,0.000133,0.402035,0.084311
ACTCCCTAGAATAGTA-1,0.348127,0.000847,0.00009,0.441622,0.209314
ACTCCGGCCGACCACT-1,0.974889,0.000028,0.000083,0.024917,0.000083
ACTCGATGTATTTCAT-1,0.000098,0.000098,0.146357,0.283723,0.569724
ACTCGCCGTTCGATAA-1,0.041127,0.545518,0.031911,0.381353,0.000092
ACTCGCGATCTGACGC-1,0.041581,0.348145,0.115009,0.468814,0.026451
ACTCGTAACCCGTCCT-1,0.000023,0.000532,0.198257,0.195925,0.605263
ACTCGTCAGTAATCCC-1,0.000026,0.001199,0.168185,0.387112,0.443478
ACTCTAAACCTGGGAT-1,0.000077,0.013349,0.224451,0.231268,0.530855
ACTCTCTGACTTAGGT-1,0.067358,0.116508,0.000158,0.621059,0.194916
ACTCTCTTATACACGA-1,0.079617,0.088555,0.006115,0.464163,0.36155
ACTCTGACCTAATAGA-1,0.699864,0.05665,0.003607,0.239793,0.000086
ACTCTTCAGCTCCCGC-1,0.222464,0.45736,0.048771,0.26273,0.008675
ACTCTTGTATAGTAAC-1,0.00043,0.000027,0.204467,0.136604,0.658473
ACTGAAACGCCGTTAG-1,0.177564,0.067847,0.09236,0.191656,0.470573
ACTGAATGGCGAAAGT-1,0.119159,0.028466,0.031627,0.295307,0.525441
ACTGATTTAGTGATTC-1,0.028535,0.190029,0.240299,0.288415,0.252722
ACTGCCCGCCATTCTC-1,0.000593,0.090511,0.273228,0.218316,0.417351
ACTGCCGTCGTAACTC-1,0.073029,0.008136,0.004756,0.25142,0.662659
ACTGCGGACACACCGT-1,0.085227,0.277496,0.330407,0.284313,0.022557
ACTGCTCGGAAGGATG-1,0.00002,0.00002,0.181951,0.242292,0.575717
ACTGGCGAACCTGCGT-1,0.000027,0.366977,0.199213,0.417345,0.016438
ACTGGGATGCCAGTGC-1,0.115182,0.023389,0.289077,0.171993,0.40036
ACTGTACGATACACAT-1,0.038,0.001394,0.139341,0.134288,0.686977
ACTGTAGCACTTTGGA-1,0.003377,0.022507,0.063516,0.609523,0.301076
ACTGTATACGCGAGCA-1,0.00003,0.00003,0.066251,0.613241,0.320448
ACTGTCCAGGATTATA-1,0.019211,0.004663,0.131058,0.056266,0.788803
ACTGTCTTCTTTAGAA-1,0.000043,0.000043,0.000128,0.83568,0.164107
ACTGTGCTAGTAGATC-1,0.000046,0.009848,0.060566,0.685745,0.243796
ACTGTTTAGTGTAGGC-1,0.000057,0.021596,0.127506,0.671912,0.17893
ACTTACCGGGCGCGCA-1,0.06281,0.088788,0.03641,0.370141,0.44185
ACTTACGCATCCACGC-1,0.616932,0.29304,0.000154,0.000102,0.089772
ACTTAGTACGACAAGA-1,0.000047,0.000048,0.044555,0.925293,0.030057
ACTTATACTTACCCGG-1,0.028859,0.014065,0.101042,0.172074,0.683961
ACTTATTAGGATCGGT-1,0.127823,0.004134,0.03604,0.577751,0.254252
ACTTATTTATGTGCCA-1,0.060264,0.008841,0.230986,0.055631,0.644278
ACTTCAGGCTGATCCC-1,0.105477,0.068528,0.000138,0.825719,0.000138
ACTTCCAGTGGAAGCT-1,0.013129,0.00007,0.000211,0.986378,0.000211
ACTTCCATGCGGGACA-1,0.771065,0.00006,0.044618,0.095894,0.088364
ACTTCCTGTCGTGCGA-1,0.046174,0.132367,0.409459,0.287625,0.124374
ACTTCGCCATACGCAC-1,0.000021,0.000021,0.322614,0.01334,0.664003
ACTTCGCTAGCGAGTG-1,0.015797,0.071189,0.4475,0.2561,0.209413
ACTTGACTCCCTCTTT-1,0.046598,0.001794,0.276619,0.130233,0.544755
ACTTGCCATATTGTAC-1,0.000049,0.000049,0.034194,0.654498,0.31121
ACTTGCTCTATCTACC-1,0.01192,0.408088,0.098383,0.481428,0.000181
ACTTGGGACCCGGTGG-1,0.056848,0.018712,0.02694,0.535035,0.362466
ACTTGGGCTTTCGCCA-1,0.568835,0.022577,0.326767,0.048719,0.033102
ACTTGTAGTCCCTTCA-1,0.000017,0.000017,0.285421,0.18732,0.527224
ACTTGTGGATGGAACG-1,0.049775,0.091181,0.416799,0.041182,0.401062
ACTTGTTACCGGATCA-1,0.000046,0.000046,0.65249,0.000093,0.347324
ACTTTACCCTCATGAA-1,0.010671,0.003944,0.382488,0.114049,0.488847
ACTTTATACACCACTT-1,0.004978,0.170271,0.721152,0.029701,0.073898
ACTTTCCTATAGCTTC-1,0.001995,0.000043,0.109959,0.587837,0.300165
ACTTTGACTGCATCCT-1,0.00002,0.00002,0.372984,0.273806,0.353169
ACTTTGGTCGTGCTCC-1,0.000057,0.025325,0.000171,0.974277,0.000171
ACTTTGTCGACGCACT-1,0.157692,0.45702,0.221058,0.164123,0.000107
AGAAATTATGACTCGC-1,0.206194,0.233949,0.357184,0.186252,0.016422
AGAACACGGCGATGGT-1,0.000013,0.010831,0.64219,0.027525,0.31944
AGAACCCAGCGTGACA-1,0.123158,0.419157,0.187099,0.257363,0.013223
AGAACCCTCAATTGGG-1,0.000021,0.000021,0.26882,0.396442,0.334696
AGAACGTGGTACATTC-1,0.000024,0.003961,0.102408,0.252438,0.641168
AGAACTGTACTTTGTA-1,0.962712,0.000033,0.03709,0.000066,0.000099
AGAAGAGCGCCGTTCC-1,0.000368,0.000368,0.001103,0.971218,0.026943
AGAAGGTACACTTCAC-1,0.000016,0.000016,0.221499,0.051871,0.726598
AGAAGGTTGCCGAATT-1,0.000026,0.004083,0.079998,0.328995,0.586897
AGAAGGTTGTAGGTCG-1,0.405756,0.000409,0.085934,0.021747,0.486153
AGAAGTGATTCGTGAT-1,0.015443,0.00305,0.000162,0.974681,0.006663
AGAATAAATCTTCAGG-1,0.06735,0.011159,0.000129,0.921234,0.000129
AGAATACAGGCTATCC-1,0.60104,0.257304,0.124193,0.017388,0.000075
AGAATGCGGGTTCGGA-1,0.003166,0.109832,0.229011,0.517611,0.140379
AGAATTATGGATTCGA-1,0.085949,0.054262,0.058109,0.342455,0.459226
AGAATTGTTTGACATA-1,0.002352,0.000053,0.273492,0.241186,0.482917
AGACAGCTCAGAATCC-1,0.012201,0.01326,0.100296,0.512665,0.361578
AGACAGGCATCTCAGC-1,0.07482,0.43683,0.183019,0.305205,0.000125
