Barcode,Topic 1,Topic 2to3,Topic 4to5,Topic 6,Topic 7to10
AAACAAGTATCTCCCA-1,0.293327,0.005452,0.045302,0.508268,0.147651
AAACAATCTACTAGCA-1,0.000039,0.455609,0.112076,0.000039,0.432238
AAACACCAATAACTGC-1,0.000015,0.008178,0.248189,0.000015,0.743602
AAACAGAGCGACTCCT-1,0.169231,0.696593,0.00666,0.017651,0.109865
AAACAGCTTTCAGAAG-1,0.024904,0.58871,0.000062,0.016958,0.369366
AAACAGGGTCTATATT-1,0.000021,0.08589,0.148702,0.003629,0.761758
AAACAGTGTTCCTGGG-1,0.038723,0.001141,0.749277,0.036344,0.174515
AAACATGGTGAGAGGA-1,0.08296,0.275346,0.025367,0.00003,0.616297
AAACATTTCCCGGATT-1,0.351163,0.000085,0.32298,0.244522,0.08125
AAACCACTACACAGAT-1,0.176136,0.373692,0.298266,0.001033,0.150873
AAACCCGAACGAAATC-1,0.118656,0.138763,0.669822,0.011738,0.061021
AAACCGGAAATGTTAA-1,0.130201,0.06758,0.637495,0.020471,0.144252
AAACCGGGTAGGTACC-1,0.023303,0.345524,0.02119,0.210536,0.399447
AAACCGTTCGTCCAGG-1,0.009172,0.000019,0.218623,0.02429,0.747895
AAACCTAAGCAGCCGG-1,0.522712,0.476971,0.000091,0.000045,0.000181
AAACCTCATGAAGTTG-1,0.000038,0.469056,0.027863,0.000038,0.503004
AAACGAAGAACATACC-1,0.007724,0.474223,0.097333,0.000038,0.420682
AAACGAAGATGGAGTA-1,0.013905,0.861423,0.000115,0.000057,0.124499
AAACGACAGTCTTGCC-1,0.283424,0.435897,0.26305,0.00247,0.015159
AAACGAGACGGTTGAT-1,0.00003,0.547831,0.010342,0.010665,0.431132
AAACGCCCGAGATCGG-1,0.095304,0.728273,0.131807,0.000045,0.04457
AAACGCTGGGCACGAC-1,0.136152,0.02121,0.810839,0.03159,0.000209
AAACGGGCGTACGGGT-1,0.808135,0.191423,0.000126,0.000063,0.000253
AAACGGTTGCGAACTG-1,0.150767,0.515491,0.034781,0.045241,0.253719
AAACGTGTTCGCCCTA-1,0.24294,0.292171,0.307358,0.00743,0.150101
AAACTAACGTGGCGAC-1,0.033851,0.180294,0.554862,0.024373,0.20662
AAACTCGGTTCGCAAT-1,0.375575,0.115262,0.000137,0.237318,0.271707
AAACTCGTGATATAAG-1,0.151229,0.582976,0.175522,0.000043,0.09023
AAACTGCTGGCTCCAA-1,0.082615,0.253731,0.135165,0.132194,0.396295
AAACTTAATTGCACGC-1,0.000023,0.151847,0.100131,0.007462,0.740537
AAACTTGCAAACGTAT-1,0.000011,0.000022,0.329853,0.000651,0.669463
AAAGAATGACCTTAGA-1,0.094092,0.905547,0.000103,0.000052,0.000207
AAAGAATGTGGACTAA-1,0.173639,0.163719,0.626362,0.030553,0.005727
AAAGACATGAAGTTTA-1,0.381845,0.044102,0.313347,0.148805,0.111902
AAAGACCCAAGTCGCG-1,0.001299,0.043743,0.201618,0.046257,0.707082
AAAGACTGGGCGCTTT-1,0.096906,0.879693,0.000077,0.000038,0.023287
AAAGCTTGCCTACATA-1,0.456447,0.335355,0.012112,0.140397,0.05569
AAAGGCCCTATAATAC-1,0.06901,0.656349,0.096457,0.000022,0.178162
AAAGGCTACGGACCAT-1,0.090572,0.390588,0.032776,0.269934,0.21613
AAAGGCTCTCGCGCCG-1,0.001248,0.041152,0.171237,0.072241,0.714122
AAAGGGATGTAGCAAG-1,0.040438,0.677162,0.045002,0.051414,0.185984
AAAGGGCAGCTTGAAT-1,0.000057,0.753046,0.000115,0.000057,0.246724
AAAGGTAAGCTGTACC-1,0.033655,0.505204,0.165628,0.052699,0.242814
AAAGGTCAACGACATG-1,0.143327,0.16361,0.591014,0.014873,0.087176
AAAGTAGCATTGCTCA-1,0.003109,0.036822,0.213787,0.0376,0.708682
AAAGTCACTGATGTAA-1,0.00005,0.599731,0.065288,0.001449,0.333482
AAAGTCGACCCTCAGT-1,0.083978,0.642504,0.02796,0.00003,0.245528
AAAGTGCCATCAATTA-1,0.127837,0.178483,0.53328,0.034788,0.125612
AAAGTGTGATTTATCT-1,0.093925,0.057681,0.180874,0.097694,0.569826
AAAGTTGACTCCCGTA-1,0.053568,0.685419,0.034167,0.0118,0.215045
AAATAACCATACGGGA-1,0.340835,0.347965,0.018919,0.066747,0.225535
AAATAAGGTAGTGCCC-1,0.181309,0.277668,0.384785,0.012599,0.143638
AAATACCTATAAGCAT-1,0.034911,0.266596,0.053747,0.028095,0.616651
AAATAGCTTAGACTTT-1,0.054534,0.144876,0.304981,0.011693,0.483916
AAATAGGGTGCTATTG-1,0.408156,0.591492,0.000101,0.00005,0.000201
AAATCACTCCTAAACG-1,0.225537,0.230874,0.514398,0.000695,0.028496
AAATCCGATACACGCC-1,0.792169,0.061645,0.012618,0.101577,0.031992
AAATCGCGGAAGGAGT-1,0.000066,0.872342,0.000131,0.000066,0.127395
AAATCGTGTACCACAA-1,0.00594,0.410847,0.024655,0.086899,0.47166
AAATCTAGCCCTGCTA-1,0.337343,0.049027,0.149542,0.216841,0.247247
AAATCTGCCCGCGTCC-1,0.275141,0.12036,0.296194,0.004805,0.303501
AAATGACTGATCAAAC-1,0.80633,0.000073,0.193414,0.000036,0.000146
AAATGATTCGATCAGC-1,0.260805,0.225014,0.184892,0.092405,0.236884
AAATGCTCGTTACGTT-1,0.00003,0.067615,0.010813,0.00003,0.921511
AAATGGCATGTCTTGT-1,0.009401,0.024863,0.202077,0.055623,0.708035
AAATGGCCCGTGCCCT-1,0.000039,0.19648,0.068963,0.000039,0.734479
AAATGGTCAATGTGCC-1,0.010448,0.239464,0.108936,0.17662,0.464532
AAATGTGGGTGCTCCT-1,0.008921,0.225016,0.269861,0.000032,0.496171
AAATTAACGGGTAGCT-1,0.000012,0.001379,0.362943,0.001531,0.634135
AAATTACACGACTCTG-1,0.000013,0.001635,0.271588,0.000013,0.726751
AAATTACCTATCGATG-1,0.057413,0.331526,0.102369,0.000029,0.508663
AAATTCCAGGTCCAAA-1,0.405046,0.351435,0.202605,0.000026,0.040889
AAATTGATAGTCCTTT-1,0.000026,0.177314,0.14922,0.018063,0.655376
AAATTGGTGAGAAGCA-1,0.028865,0.212163,0.50884,0.012687,0.237445
AAATTTACCGAAATCC-1,0.056098,0.198779,0.373526,0.188192,0.183406
AAATTTGCGGGTGTGG-1,0.000017,0.14421,0.075074,0.017412,0.763287
AACAACTGGTAGTTGC-1,0.000014,0.00965,0.218019,0.026051,0.746266
AACAATTACTCTACGC-1,0.000025,0.067448,0.22877,0.000063,0.703693
AACACACGCTCGCCGC-1,0.33437,0.277183,0.022758,0.010776,0.354913
AACACGACTGTACTGA-1,0.024646,0.091109,0.213433,0.029013,0.641799
AACACGAGACGCGGCC-1,0.100139,0.269415,0.110442,0.005447,0.514557
AACACGCGGCCGCGAA-1,0.000011,0.000022,0.290601,0.000011,0.709355
AACAGCTGTGTGGCAA-1,0.029993,0.218094,0.154214,0.103569,0.49413
AACAGGAAATCGAATA-1,0.2167,0.200791,0.022242,0.191742,0.368525
AACAGGATGGGCCGCG-1,0.011727,0.317759,0.172357,0.000027,0.49813
AACAGGTAGTATGGAT-1,0.182501,0.05986,0.514532,0.030163,0.212944
AACATAGCGTGTATCG-1,0.786634,0.014801,0.063612,0.12841,0.006543
AACATATCAACTGGTG-1,0.006553,0.447484,0.131152,0.007833,0.406978
AACATCGATACGTCTA-1,0.000038,0.778135,0.1034,0.000038,0.118389
AACATTGAAGTTGATC-1,0.036082,0.105099,0.307379,0.008563,0.542877
AACATTGTGACTCGAG-1,0.45044,0.088258,0.00974,0.081782,0.36978
AACCAAGACTTCTCTG-1,0.000035,0.206373,0.018576,0.000035,0.774981
AACCAGTATCACTCTT-1,0.000032,0.12921,0.529473,0.009591,0.331693
AACCATAGGGTTGAAC-1,0.052969,0.015147,0.198692,0.026031,0.707161
AACCATGGGATCGCTA-1,0.000045,0.15956,0.008269,0.000045,0.832081
AACCCAGAGACGGAGA-1,0.003781,0.212503,0.046019,0.011038,0.726659
AACCCATCCCATGATC-1,0.012969,0.108121,0.050403,0.011704,0.816803
AACCCGACAACCCGTG-1,0.000011,0.125657,0.290765,0.000454,0.583113
AACCCGAGCAGAATCG-1,0.076024,0.247578,0.641608,0.000065,0.034724
AACCCGATAGGGCTTC-1,0.028742,0.151614,0.698398,0.01861,0.102635
AACCCGCTGTATTCCA-1,0.157438,0.008047,0.821515,0.008757,0.004243
AACCCTACTGTCAATA-1,0.115189,0.371741,0.15563,0.039302,0.318138
AACCCTGGTGGAACCA-1,0.46935,0.000256,0.529755,0.000128,0.000512
AACCGAGCTTGGTCAT-1,0.000022,0.094082,0.189097,0.000022,0.716776
AACCGCTAAGGGATGC-1,0.057864,0.177178,0.2222,0.011926,0.530832
AACCGTTGTGTTTGCT-1,0.051098,0.132343,0.076497,0.212037,0.528025
AACCTAAAGCCGTCCG-1,0.163643,0.185263,0.339696,0.073039,0.238359
AACCTCGCTTTAGCCC-1,0.781554,0.208535,0.000082,0.009667,0.000163
AACCTGTCACGGAATT-1,0.063901,0.329165,0.489263,0.025935,0.091737
AACCTTTAAATACGGT-1,0.520436,0.319276,0.000065,0.103621,0.056601
AACCTTTACGACGTCT-1,0.14373,0.509073,0.099844,0.002078,0.245274
AACGAAAGTCGTCCCA-1,0.000015,0.00003,0.129723,0.000015,0.870218
AACGACCTCCTAGCCG-1,0.422599,0.000049,0.57723,0.000024,0.000098
AACGATAATGCCGTAG-1,0.276586,0.70975,0.000084,0.003796,0.009783
AACGATAGAAGGGCCG-1,0.000013,0.002009,0.274267,0.013577,0.710135
AACGATATGTCAACTG-1,0.000027,0.312979,0.109019,0.005423,0.572551
AACGCATGATCTGGGT-1,0.049866,0.313062,0.277853,0.000025,0.359194
AACGCGACCTTGGGCG-1,0.04653,0.949348,0.000092,0.000046,0.003984
AACGCGGTCTCCAGCC-1,0.000023,0.063507,0.278965,0.000023,0.657482
AACGCTGTTGCTGAAA-1,0.401917,0.039119,0.264015,0.017123,0.277825
AACGGACGTACGTATA-1,0.324181,0.06794,0.156775,0.114344,0.33676
AACGGCCATCTCCGGT-1,0.154911,0.70983,0.008987,0.000044,0.126227
AACGTACTGTGGGTAC-1,0.035029,0.049596,0.045664,0.341319,0.528391
AACGTAGTCTACCCAT-1,0.102995,0.443466,0.025824,0.014758,0.412958
AACGTCAGACTAGTGG-1,0.036511,0.186005,0.163315,0.046163,0.568006
AACGTCGCTGCACTTC-1,0.290586,0.012309,0.696975,0.000026,0.000105
AACGTGATGAAGGACA-1,0.066655,0.900768,0.000125,0.008078,0.024374
AACGTGCGAAAGTCTC-1,0.004215,0.2901,0.071179,0.005151,0.629354
AACGTTCTACCATTGT-1,0.000039,0.003391,0.831295,0.00357,0.161705
AACTACCCGTTTGTCA-1,0.322642,0.325341,0.275112,0.001683,0.075222
AACTAGCGTATCGCAC-1,0.016506,0.058026,0.208892,0.011879,0.704697
AACTAGGCTTGGGTGT-1,0.055762,0.082739,0.173728,0.089748,0.598023
AACTCAAGTTAATTGC-1,0.030563,0.644644,0.055487,0.021452,0.247855
AACTCCAGAGCGTGTT-1,0.467332,0.199288,0.001888,0.138281,0.193211
AACTCCTAATCCCATG-1,0.000043,0.71363,0.062707,0.000043,0.223577
AACTCGATGGCGCAGT-1,0.002643,0.346235,0.108642,0.017011,0.525468
AACTCTCAATAGAGCG-1,0.10793,0.241862,0.035906,0.042829,0.571474
AACTCTCAGTGTGCTC-1,0.170761,0.306079,0.020523,0.180199,0.322438
AACTGAGGTCAGCGTC-1,0.192395,0.332023,0.253451,0.041626,0.180504
AACTGAGTTATACTGA-1,0.141683,0.147412,0.533404,0.083651,0.093851
AACTGATATTAGGCCT-1,0.010225,0.441126,0.219412,0.023529,0.305708
AACTGGGTCCCGACGT-1,0.003628,0.021454,0.025496,0.252209,0.697213
AACTGGGTTCGAGCCG-1,0.194705,0.059961,0.444485,0.101646,0.199204
AACTGGTGTGGGCCTT-1,0.000021,0.000042,0.322781,0.000021,0.677136
AACTTCTGCGTCTATC-1,0.021515,0.291527,0.205901,0.000058,0.480998
AACTTGCCCGTATGCA-1,0.03179,0.273554,0.012135,0.00006,0.68246
AACTTGCGTTCTCGCG-1,0.013958,0.269948,0.031993,0.022757,0.661344
AACTTTAGCTGCTGAG-1,0.001071,0.179411,0.378488,0.000044,0.440987
AACTTTCTCGATCATG-1,0.461807,0.096416,0.300092,0.014572,0.127113
AAGAAAGTTTGATGGG-1,0.140295,0.021281,0.483015,0.0025,0.352909
AAGAAATCACCAGATT-1,0.480799,0.428931,0.02661,0.005047,0.058614
AAGAAGGATCAGTTAG-1,0.000018,0.144678,0.067059,0.000018,0.788228
AAGACATACGTGGTTT-1,0.07472,0.103384,0.75371,0.016291,0.051895
AAGACCAAATAACTCA-1,0.000025,0.312434,0.027153,0.000025,0.660362
AAGACCCAACTGAACA-1,0.124803,0.137992,0.098365,0.257548,0.381292
AAGACTCACGCCCACT-1,0.178903,0.111014,0.438308,0.177581,0.094193
AAGACTGCAAGCTACT-1,0.000027,0.324424,0.04613,0.000027,0.629392
AAGAGATGAATCGGTA-1,0.000584,0.597441,0.000127,0.025737,0.376112
AAGAGCTCTTTATCGG-1,0.007317,0.099524,0.2461,0.059259,0.587801
AAGAGGATGTACGCGA-1,0.000014,0.008005,0.136998,0.000014,0.85497
AAGAGGCATGGATCGC-1,0.009626,0.505029,0.036607,0.061465,0.387274
AAGAGGCCCTTTGGAA-1,0.288399,0.480987,0.190779,0.013006,0.026829
AAGATGGCACCGGACC-1,0.077019,0.200929,0.065691,0.140111,0.51625
AAGATTGGCGGAACGT-1,0.006777,0.087864,0.211178,0.112171,0.58201
AAGCACCCTGCGTATC-1,0.706697,0.286239,0.000136,0.004898,0.00203
AAGCATACTCTCCTGA-1,0.235628,0.512844,0.000058,0.065937,0.185533
AAGCCACTTGCAGGTA-1,0.109034,0.117795,0.497496,0.137406,0.138269
AAGCCGAAGCGGTTTA-1,0.001754,0.195419,0.405009,0.009247,0.38857
AAGCCGCCGTGAAATC-1,0.081127,0.51643,0.073389,0.006605,0.322449
AAGCCGCTTTACCTTG-1,0.488568,0.421304,0.001068,0.001347,0.087712
AAGCCGGAGAGCAGGA-1,0.307608,0.18819,0.407912,0.079812,0.016478
AAGCGCAGGGCTTTGA-1,0.339046,0.000131,0.067255,0.275062,0.318505
AAGCGGAGTGCGCGCA-1,0.071784,0.65325,0.247851,0.000027,0.027086
AAGCGGCGTCATGGGT-1,0.075649,0.64097,0.02614,0.078958,0.178284
AAGCGTCCCTCATCGA-1,0.000047,0.592537,0.029832,0.023776,0.353808
AAGCTAGATCGAGTAA-1,0.072577,0.682263,0.002116,0.006447,0.236596
AAGCTATGGATTGACC-1,0.149422,0.039984,0.392205,0.011965,0.406424
AAGCTCGTGCCAAGTC-1,0.00353,0.194725,0.042932,0.007624,0.75119
AAGCTCTTTCATGGTG-1,0.473522,0.417082,0.00014,0.033336,0.07592
AAGGAGAACTTATAAG-1,0.000017,0.002443,0.310056,0.000017,0.687467
AAGGAGCGGTTGGTGC-1,0.000026,0.05307,0.260302,0.022635,0.663968
AAGGATCGATCGCTTG-1,0.000027,0.123473,0.492626,0.015901,0.367973
AAGGATGAGGGACCTC-1,0.006834,0.147604,0.125442,0.0166,0.70352
AAGGCAGGCTGTCTCC-1,0.126903,0.084584,0.761551,0.009652,0.017309
AAGGCGCGTAAAGCTT-1,0.306229,0.316143,0.014603,0.122526,0.240498
AAGGCTGTGCTCATCG-1,0.000555,0.249164,0.214853,0.000028,0.535399
AAGGGAACGACTGGCT-1,0.000018,0.054355,0.470875,0.000018,0.474734
AAGGGACAGATTCTGT-1,0.015957,0.106539,0.146086,0.177601,0.553817
AAGGGACTATGCATTC-1,0.000013,0.04862,0.224308,0.000013,0.727045
AAGGGTTAGCCATGCG-1,0.449562,0.000134,0.535484,0.000067,0.014752
AAGGGTTTGATTTCAG-1,0.285589,0.713936,0.000136,0.000068,0.000271
AAGGTATCCTAATATA-1,0.093493,0.22807,0.004592,0.335774,0.338071
AAGGTGATAAACCAGC-1,0.143629,0.348586,0.11669,0.017598,0.373497
AAGTAGAAGACCGGGT-1,0.000046,0.518995,0.03824,0.083677,0.359042
AAGTAGTGACGCGAGG-1,0.066937,0.015169,0.149978,0.090489,0.677427
AAGTCAATTGTCGTCA-1,0.135973,0.659877,0.000085,0.101845,0.102219
AAGTCTAGTAGCTGCC-1,0.267385,0.33571,0.30828,0.001159,0.087467
AAGTCTTCTGTGGCCT-1,0.135115,0.429962,0.004762,0.089429,0.340732
AAGTGACGACCGAATT-1,0.000037,0.159174,0.049834,0.000037,0.790919
AAGTGAGTCGGGTTTA-1,0.000036,0.495099,0.001106,0.004677,0.499082
AAGTGCCTTGACTGTA-1,0.040962,0.276497,0.233519,0.001603,0.44742
AAGTGCGTTAGAATCT-1,0.031697,0.572289,0.156223,0.016221,0.22357
AAGTGCTTCTCTATTG-1,0.042836,0.270764,0.293859,0.017814,0.374728
AAGTGTTTGGAGACGG-1,0.639661,0.19359,0.000062,0.166563,0.000124
AAGTTCACTCCAAGCT-1,0.567165,0.088074,0.000069,0.029271,0.315421
AAGTTCAGTCTGCGTA-1,0.003187,0.325299,0.250373,0.006586,0.414555
AAGTTCGGCCAACAGG-1,0.021816,0.111607,0.144591,0.016318,0.705668
AAGTTGTGATGTTATA-1,0.536416,0.104107,0.335324,0.000024,0.024129
AAGTTTACTAATGGCA-1,0.000019,0.028048,0.404327,0.000019,0.567587
AAGTTTATGGGCCCAA-1,0.606754,0.392416,0.000237,0.000119,0.000474
AATAACAACGCTCGGC-1,0.000016,0.059989,0.090886,0.000232,0.848876
AATAACACTAGAACAA-1,0.09853,0.745118,0.04079,0.002334,0.113228
AATAACGTCGCGCCCA-1,0.19678,0.186248,0.616437,0.000027,0.000509
AATAAGTCCTCGAGAC-1,0.000043,0.464511,0.097538,0.000043,0.437866
AATAATCTTCGTATCG-1,0.24815,0.181318,0.517509,0.000023,0.053
AATACAATGTTTCAGG-1,0.006282,0.14799,0.093309,0.000977,0.751441
AATACCGGAGGGCTGT-1,0.048671,0.35876,0.08013,0.117387,0.395052
AATACCTGATGTGAAC-1,0.358991,0.000036,0.640875,0.000026,0.000072
AATAGAACAGAGTGGC-1,0.000038,0.82828,0.000076,0.000038,0.171569
AATAGAATCTGTTTCA-1,0.356748,0.346602,0.005323,0.025886,0.265442
AATAGCAAGCCTCCTG-1,0.489362,0.344381,0.050495,0.032339,0.083424
AATAGCTACCGCGTGC-1,0.085217,0.058946,0.378579,0.016326,0.460932
AATAGTCCGTCCCGAC-1,0.001646,0.496989,0.046089,0.003996,0.45128
AATATCAAGGTCGGAT-1,0.00004,0.4228,0.120921,0.00089,0.45535
AATATCCTAGCAAACT-1,0.149719,0.849694,0.000168,0.000084,0.000335
AATATCGAATCAATGC-1,0.039885,0.47983,0.397661,0.009554,0.07307
AATATCGAGGGTTCTC-1,0.247924,0.057384,0.12119,0.025593,0.547909
AATATTGGAGTATTGA-1,0.000052,0.400461,0.107396,0.007834,0.484257
AATCAGGTTTCATTTA-1,0.058969,0.131038,0.303954,0.070412,0.435628
AATCATGTAAAGACTC-1,0.391424,0.444725,0.000058,0.11859,0.045203
AATCCAAGGGCCTGAG-1,0.07142,0.284053,0.04261,0.088986,0.51293
AATCCCGCTCAGAGCC-1,0.243132,0.46462,0.208253,0.000053,0.083941
AATCGAGGTCTCAAGG-1,0.99963,0.000082,0.000082,0.000041,0.000164
AATCGCCTCAGCGCCA-1,0.00892,0.295559,0.046112,0.138711,0.510699
AATCGCGCAGAGGACT-1,0.095952,0.078627,0.649476,0.047325,0.128619
AATCGGGACACTACGA-1,0.023759,0.0199,0.105929,0.004333,0.846079
AATCGGTATAGCCCTC-1,0.435035,0.025318,0.527928,0.000029,0.011691
AATCGTGAGCCGAGCA-1,0.602508,0.09356,0.000061,0.135288,0.168583
AATCTAGGTTTACTTG-1,0.000034,0.237521,0.167772,0.000034,0.594639
AATCTATGCCGGAGCC-1,0.01302,0.103293,0.282492,0.073508,0.527688
AATCTCTACTGTGGTT-1,0.264812,0.647865,0.000075,0.000038,0.08721
AATCTGCGTTGGGACG-1,0.004683,0.138018,0.332241,0.000021,0.525037
AATCTGGCTTTCTAGT-1,0.00006,0.59903,0.00012,0.00006,0.40073
AATCTGGGTAGACCCT-1,0.068502,0.273858,0.549843,0.001288,0.10651
AATGACAGCAATGTCT-1,0.009555,0.039375,0.091466,0.174275,0.685329
AATGACGTAGGATGTC-1,0.037667,0.336102,0.045692,0.030366,0.550174
AATGACTGTCAGCCGG-1,0.003308,0.420735,0.074018,0.032042,0.469897
AATGAGTTCGCATATG-1,0.012971,0.135826,0.159281,0.031818,0.660104
AATGATGATACGCTAT-1,0.0095,0.351628,0.124385,0.053773,0.460713
AATGATGCGACTCCTG-1,0.124644,0.003237,0.381864,0.280315,0.20994
AATGCAACCGGGTACC-1,0.029163,0.289634,0.057404,0.047696,0.576103
AATGCACCAAGCAATG-1,0.02166,0.13058,0.304623,0.029802,0.513335
AATGGCCGCCAATGCG-1,0.247813,0.069822,0.444246,0.07049,0.167629
AATGGTCCACCGTTCA-1,0.000036,0.231555,0.136263,0.000036,0.632111
AATGGTTCTCACAAGC-1,0.048511,0.565221,0.014843,0.000053,0.371372
AATGTATGGCACTGTA-1,0.001177,0.332511,0.001268,0.079658,0.585387
AATGTGCCCGAGGTGT-1,0.000566,0.111682,0.019164,0.094857,0.773731
AATGTGCTAATCTGAG-1,0.000046,0.887534,0.077632,0.000046,0.034743
AATGTTAAGACCCTGA-1,0.992561,0.000053,0.000053,0.007226,0.000106
AATGTTGTCGTGAGAC-1,0.393478,0.378749,0.08869,0.132059,0.007024
AATTAAAGGTCGGCGT-1,0.196056,0.554782,0.000077,0.065267,0.183818
AATTAACGGATTTCCA-1,0.334098,0.665468,0.000124,0.000062,0.000248
AATTACGAGACCCATC-1,0.00005,0.344385,0.080306,0.004442,0.570816
AATTAGCGCTGCAGCG-1,0.171576,0.046577,0.160256,0.017944,0.603648
AATTATACCCAGCAAG-1,0.984617,0.004433,0.00007,0.010739,0.000141
AATTCATAAGGGATCT-1,0.027266,0.077082,0.092901,0.124113,0.678638
AATTCATTGTCATGCA-1,0.100827,0.450812,0.000068,0.209579,0.238713
AATTCCAAGCATGTAC-1,0.09075,0.541861,0.046085,0.021924,0.29938
AATTCGATTCGAGGAT-1,0.388149,0.61048,0.000391,0.000196,0.000783
AATTCTAGAGTTAGGC-1,0.000309,0.938469,0.000121,0.000061,0.06104
AATTGAACGCTCTGGT-1,0.157571,0.670551,0.000068,0.040038,0.131772
AATTGCAGCAATCGAC-1,0.246531,0.140708,0.480089,0.005663,0.12701
AATTGCGTGGATTACA-1,0.020851,0.337211,0.18037,0.038112,0.423456
AATTGTGGTTGCCAAA-1,0.37409,0.270372,0.258128,0.024705,0.072705
AATTTGGGACATAGTA-1,0.067133,0.225747,0.175949,0.027706,0.503465
AATTTGGTTCCAAAGA-1,0.015819,0.154963,0.212242,0.103256,0.513721
ACAAACCATGCGTCCT-1,0.227945,0.418392,0.077641,0.009759,0.266263
ACAAACCGACAAGGCG-1,0.028818,0.250016,0.484034,0.050278,0.186854
ACAAACTCCATCAGAG-1,0.000016,0.024116,0.615215,0.000016,0.360638
ACAAAGAAGGTAGGCC-1,0.100152,0.899472,0.000108,0.000054,0.000215
ACAAAGCATGACCTAG-1,0.469745,0.188317,0.084668,0.227936,0.029334
ACAAATCGCACCGAAT-1,0.21583,0.031316,0.101495,0.103021,0.548338
ACAAATGGTAGTGTTT-1,0.04787,0.128688,0.027692,0.094183,0.701567
ACAAATTCAGATCTGA-1,0.371501,0.274336,0.032278,0.169671,0.152214
ACAACAGCATGAGCTA-1,0.000028,0.288922,0.096462,0.000028,0.61456
ACAACGGTCCCTGCGA-1,0.000046,0.498471,0.055221,0.000046,0.446216
ACAAGCAGTGCCTAGC-1,0.030674,0.315015,0.095258,0.006325,0.552728
ACAAGGAAATCCGCCC-1,0.214752,0.734092,0.000076,0.000038,0.051042
ACAAGGACAAGAGGTT-1,0.000024,0.195778,0.248727,0.007958,0.547514
ACAAGGATGCTTTAGG-1,0.29251,0.288011,0.335514,0.053288,0.030677
ACAAGGCCTACCAGCC-1,0.156819,0.133355,0.565732,0.063227,0.080867
ACAAGGGCAGGCTCTG-1,0.48311,0.229848,0.000048,0.040824,0.24617
ACAATAGTCGTACGTT-1,0.000036,0.018578,0.115075,0.000036,0.866275
ACAATCCATTTAAACC-1,0.000011,0.005847,0.223803,0.000011,0.770328
ACAATCGATCTTTATA-1,0.263629,0.319779,0.079201,0.005619,0.331772
ACAATGAATACGGAGA-1,0.05791,0.213648,0.155845,0.079652,0.492945
ACAATGATTCTTCTAC-1,0.104194,0.313113,0.402844,0.085124,0.094725
ACAATTGTGTCTCTTT-1,0.007993,0.212322,0.361078,0.034947,0.383661
ACAATTTGAGCAGTGG-1,0.104049,0.140783,0.120406,0.004328,0.630435
ACAATTTGGCCATATT-1,0.322302,0.108172,0.312354,0.224725,0.032446
ACACAAAGACGGGTGG-1,0.001713,0.189604,0.117693,0.032445,0.658545
ACACAAATATTCCTAG-1,0.085407,0.4909,0.364118,0.001496,0.05808
ACACACCAGGACCAGT-1,0.127882,0.158565,0.18408,0.159781,0.369693
ACACACTTTCTACACG-1,0.000062,0.676552,0.000125,0.168003,0.155257
ACACATGATCAAATCT-1,0.000022,0.070665,0.139112,0.000022,0.790179
ACACATTTCCGTAGAC-1,0.83009,0.003189,0.000225,0.087023,0.079472
ACACCACATAATTAGC-1,0.058715,0.344652,0.480588,0.005177,0.110869
ACACCCAGCATGCAGC-1,0.000035,0.277191,0.289326,0.000035,0.433413
ACACCCGAGAAATCCG-1,0.039034,0.210876,0.139034,0.008042,0.603014
ACACCCGTAAATCTGT-1,0.462237,0.196297,0.338271,0.000038,0.003156
ACACCGGTCTGACCGC-1,0.000014,0.007726,0.252523,0.001851,0.737886
ACACCTTAAGTAGGGC-1,0.009352,0.052407,0.222394,0.018241,0.697605
ACACCTTACTACTTGC-1,0.33259,0.143944,0.379019,0.013126,0.131321
ACACGAGACTCCTTCT-1,0.00003,0.577815,0.049226,0.007344,0.365585
ACACGGCACTATGCAT-1,0.137831,0.467754,0.000341,0.000171,0.393903
ACACGGGAACTTAGGG-1,0.000051,0.85427,0.000102,0.000051,0.145525
ACACGTAGGCCACAAG-1,0.139589,0.337096,0.39308,0.017549,0.112686
ACACTCCAATGTCACT-1,0.033673,0.785157,0.000135,0.01003,0.171005
ACACTGATCAAGGTGT-1,0.006157,0.21043,0.064244,0.038153,0.681017
ACACTGGGACAGTCGT-1,0.31115,0.016313,0.393111,0.243643,0.035783
ACAGAACTGAGAACAA-1,0.225653,0.493573,0.05907,0.020727,0.200977
ACAGATTAGGTTAGTG-1,0.000026,0.017253,0.290049,0.017436,0.675236
ACAGCATAGAGCCAGT-1,0.031549,0.061784,0.096335,0.332867,0.477464
ACAGCGACATTCTCAT-1,0.32644,0.008587,0.10844,0.423781,0.132752
ACAGCGCACCCGCAGC-1,0.051122,0.827708,0.092709,0.000062,0.028399
ACAGGCACGGATCCTT-1,0.768909,0.230814,0.000079,0.00004,0.000158
ACAGGCTTGCCCGACT-1,0.058958,0.28922,0.236094,0.110743,0.304985
ACAGGTGGAGGTGAGG-1,0.002101,0.278972,0.10549,0.003264,0.610173
ACAGTAATACAACTTG-1,0.000025,0.174692,0.08028,0.000025,0.744977
ACAGTATACCGTGGGA-1,0.285111,0.170778,0.280521,0.157515,0.106076
ACAGTGCAGCGCATTT-1,0.093275,0.283255,0.544148,0.000026,0.079296
ACATAAGTCGTGGTGA-1,0.000037,0.497395,0.00528,0.000037,0.497252
ACATAATAAGGCGGTG-1,0.028809,0.140356,0.080424,0.238656,0.511755
ACATACAATCAAGCGG-1,0.93111,0.002172,0.000066,0.066522,0.000131
ACATCAGCTGGGACGC-1,0.066734,0.905683,0.00012,0.00006,0.027404
ACATCCCGGCCATACG-1,0.068503,0.617018,0.000667,0.118144,0.195669
ACATCCTGGTAACTGT-1,0.04417,0.350267,0.185968,0.038389,0.381206
ACATCGATCGTTTACC-1,0.000048,0.924764,0.000097,0.012671,0.06242
ACATCGGTCAGCCGCG-1,0.009225,0.215436,0.2061,0.018447,0.550792
ACATCGTATGCAATGG-1,0.03213,0.743988,0.000072,0.031583,0.192227
ACATCGTTAACCTAGT-1,0.000031,0.169512,0.163289,0.016625,0.650543
ACATCTCAACGCGTAA-1,0.085752,0.133062,0.227018,0.088087,0.466081
ACATGCTTACGGCAGC-1,0.162062,0.016834,0.702567,0.006309,0.112228
ACATGGCGCCAAAGTA-1,0.031729,0.227549,0.19681,0.290169,0.253742
ACATTAGTTTATATCC-1,0.057466,0.233635,0.061055,0.234557,0.413287
ACATTCGCGCGGAATA-1,0.014534,0.006243,0.712871,0.100844,0.165508
ACATTTGAAACCTAAC-1,0.408905,0.000075,0.590834,0.000037,0.000149
ACCAAACACCCAGCGA-1,0.127765,0.098543,0.369605,0.233646,0.170442
ACCAAACTAGAAATCC-1,0.015754,0.288441,0.250254,0.018901,0.42665
ACCAACACCACACACT-1,0.05143,0.190534,0.393192,0.017936,0.346909
ACCAACCGCACTCCAC-1,0.73799,0.027273,0.099411,0.086844,0.048482
ACCAACGCTTATTTAT-1,0.053446,0.119127,0.158255,0.291227,0.377945
ACCAAGAACGCGTGTC-1,0.028957,0.322984,0.017163,0.09362,0.537276
ACCAAGTCATCGGCAG-1,0.180017,0.236007,0.437276,0.020966,0.125735
ACCAATATGCAAGTTA-1,0.282142,0.395915,0.01853,0.116902,0.18651
ACCACAACTCAGAACA-1,0.021712,0.313617,0.049956,0.14703,0.467685
ACCACAAGTTTCTATC-1,0.000051,0.508415,0.008834,0.015412,0.467288
ACCACACGGTTGATGG-1,0.847014,0.152551,0.000124,0.000062,0.000249
ACCACCAATGTAACAA-1,0.066944,0.041291,0.385277,0.002152,0.504336
ACCACCCTCTCTTCTA-1,0.059426,0.412175,0.451526,0.007632,0.069241
ACCACGTGCAGCTATA-1,0.759453,0.171895,0.068003,0.00013,0.000519
ACCAGACCATAACAAC-1,0.170089,0.731687,0.00011,0.000055,0.098059
ACCAGCCCGGTCTTTG-1,0.000019,0.000038,0.33917,0.028172,0.632602
ACCAGGAGTGTGATCT-1,0.017606,0.012751,0.174278,0.023565,0.7718
ACCAGTGCCCGGTCAA-1,0.079815,0.068356,0.389836,0.03526,0.426733
ACCAGTGCGGGAGACG-1,0.123181,0.168572,0.124646,0.059624,0.523976
ACCATATCCGCAATAA-1,0.200256,0.127186,0.244361,0.028822,0.399375
ACCATCCGCCAACTAG-1,0.000019,0.000038,0.076765,0.000019,0.923159
ACCATCGTATATGGTA-1,0.112954,0.372312,0.000107,0.317079,0.197548
ACCCAACGCCCGTGGC-1,0.000026,0.453087,0.060883,0.000583,0.485422
ACCCACCTACATGCTC-1,0.049506,0.416197,0.079606,0.000046,0.454645
ACCCATCTTGAGGGTA-1,0.000041,0.324776,0.065635,0.111683,0.497865
ACCCATTTGTCCCTCT-1,0.268662,0.517237,0.106018,0.055838,0.052244
ACCCGAGCGAAATTAC-1,0.004327,0.110157,0.132815,0.177554,0.575147
ACCCGATTGGTTCCGA-1,0.118016,0.250352,0.261609,0.066763,0.30326
ACCCGGAAACTCCCAG-1,0.440484,0.410176,0.000083,0.106975,0.042281
ACCCGGAGCACCACAA-1,0.00258,0.129046,0.692245,0.002095,0.174034
ACCCGGATGACGCATC-1,0.000022,0.129107,0.244151,0.001853,0.624867
ACCCGGTTACACTTCC-1,0.017963,0.606664,0.056968,0.000036,0.318369
ACCCGTAGCAGAGAAT-1,0.124981,0.339377,0.436249,0.00003,0.099363
ACCCGTAGTCTAGTTG-1,0.166486,0.112014,0.653941,0.027742,0.039816
ACCCGTGTCATCAGTA-1,0.013229,0.945331,0.00009,0.01596,0.02539
ACCCTATGCCATATCG-1,0.013459,0.055413,0.109235,0.197213,0.624679
ACCCTCCCGTCAGGGC-1,0.67549,0.10989,0.025547,0.171956,0.017117
ACCCTCCCTTGCTATT-1,0.167957,0.614081,0.000067,0.048003,0.169892
ACCCTGGTAACGCCCT-1,0.165043,0.345971,0.461311,0.000019,0.027656
ACCCTTCATCTGCGAA-1,0.000017,0.000033,0.310158,0.000343,0.689449
ACCCTTGCCTGGGTCG-1,0.007556,0.286884,0.466743,0.043689,0.195127
ACCCTTTAGTTCTCCA-1,0.023648,0.00712,0.377193,0.088674,0.503365
ACCGAAAGGGCCCTGC-1,0.002082,0.147326,0.147679,0.004208,0.698705
ACCGAAGAGTCTGGTT-1,0.000063,0.807083,0.000126,0.000063,0.192664
ACCGACACATCTCCCA-1,0.728966,0.270484,0.000157,0.000079,0.000314
ACCGACTGAGTCCCAC-1,0.003719,0.305045,0.115582,0.024695,0.55096
ACCGAGTCTCCTTATT-1,0.951056,0.000099,0.000099,0.048549,0.000198
ACCGATAGGCATAACC-1,0.391835,0.299151,0.261837,0.027726,0.019451
ACCGATATTTAATCAT-1,0.305301,0.20497,0.435423,0.002364,0.051943
ACCGATGGTAGCATCG-1,0.029798,0.104525,0.117081,0.013138,0.735457
ACCGCAATAACTGCCT-1,0.1886,0.085629,0.125858,0.151492,0.448421
ACCGCGGTGGAAGTCG-1,0.253662,0.639805,0.00009,0.011124,0.095318
ACCGCTAGTCATTGGT-1,0.297207,0.17704,0.360552,0.021404,0.143796
ACCGGGCCTTTGTTGA-1,0.211919,0.192051,0.185619,0.123989,0.286422
ACCGGTCAGGTACACC-1,0.000014,0.000028,0.228,0.000014,0.771944
ACCGGTCTGAGTACGG-1,0.028732,0.163214,0.569735,0.005155,0.233164
ACCGTCCACTGGGCCC-1,0.033649,0.099578,0.14184,0.111279,0.613653
ACCGTTCCCGCTCTGA-1,0.040715,0.055788,0.315786,0.069071,0.51864
ACCTAAGTACCTTTCA-1,0.057077,0.764546,0.00008,0.1164,0.061897
ACCTAATCGACTTCCT-1,0.082795,0.852064,0.000143,0.000072,0.064926
ACCTACAGTATGTGGT-1,0.277244,0.081139,0.42487,0.093036,0.123711
ACCTACTATAAATCTA-1,0.209952,0.155804,0.0522,0.075889,0.506156
ACCTCAGCGAGGCGCA-1,0.804235,0.143279,0.024907,0.009761,0.017818
ACCTCCGCCCTCGCTG-1,0.148753,0.076029,0.620729,0.064351,0.090138
ACCTCCGTTATTCACC-1,0.238614,0.123296,0.519901,0.038953,0.079237
ACCTCGAACTTATGCT-1,0.000018,0.027919,0.3452,0.000018,0.626845
ACCTGCGTGTCATGTT-1,0.067784,0.568633,0.098291,0.012831,0.252462
ACCTTTCCTTTAGAAG-1,0.004733,0.597824,0.093333,0.000058,0.304053
ACGAAATGGGCGGCAC-1,0.000028,0.003219,0.017798,0.000028,0.978928
ACGACCCATGAGTTGC-1,0.156626,0.175346,0.427801,0.199096,0.041131
ACGACTCTAGGGCCGA-1,0.609489,0.00535,0.208974,0.053625,0.122562
ACGACTGGTCATACTC-1,0.059728,0.100716,0.144238,0.110604,0.584714
ACGAGAACCCATCACG-1,0.000776,0.716302,0.009505,0.000034,0.273383
ACGAGATATTTGCTTA-1,0.046315,0.512393,0.190096,0.004638,0.246558
ACGAGGATACCACTCT-1,0.000021,0.020475,0.274244,0.000021,0.705239
ACGAGGTTTACAACGT-1,0.000038,0.391872,0.029839,0.000038,0.578213
ACGAGTACGGATGCCC-1,0.04553,0.348931,0.162655,0.049896,0.392987
ACGATACATAGAACTA-1,0.000023,0.182522,0.159569,0.139882,0.518005
ACGATCATACATAGAG-1,0.000037,0.368588,0.129324,0.000037,0.502013
ACGATCATCTTGTAAA-1,0.095024,0.303548,0.258263,0.010831,0.332334
ACGATGCATATGTTAT-1,0.000039,0.496258,0.116779,0.031332,0.355592
ACGATGGATCCGATGC-1,0.000015,0.007666,0.182021,0.008121,0.802177
ACGCAAACTAATAGAT-1,0.003092,0.417462,0.099121,0.028418,0.451908
ACGCAATCACTACAGC-1,0.015792,0.661443,0.172047,0.026216,0.124503
ACGCATAAATGACATG-1,0.178397,0.390834,0.387055,0.006499,0.037215
ACGCATACGTTTACTA-1,0.34679,0.488422,0.045833,0.040277,0.078678
ACGCATTCGTGAGTAC-1,0.000018,0.006686,0.155941,0.003759,0.833596
ACGCCACTCGAAACAG-1,0.998758,0.000052,0.00106,0.000026,0.000104
ACGCCAGATGATTTCT-1,0.042481,0.296927,0.11931,0.00004,0.541242
ACGCCAGTGCGTTTGC-1,0.498494,0.010525,0.398865,0.05926,0.032856
ACGCCCAGCTGTCGAT-1,0.183539,0.136417,0.094457,0.279053,0.306534
ACGCCGCTAGACGACC-1,0.384493,0.00025,0.411762,0.000125,0.20337
ACGCGAAGTCAGACGA-1,0.000023,0.304905,0.038206,0.005829,0.651038
ACGCGCTACACAGGGT-1,0.083939,0.180338,0.000052,0.43049,0.305182
ACGCGGGCCAAGGACA-1,0.002191,0.383071,0.000071,0.019734,0.594933
ACGCTACTGAATGGGC-1,0.000891,0.000033,0.998995,0.000016,0.000065
ACGCTAGTATCAGTGC-1,0.087476,0.065578,0.788621,0.003246,0.055079
ACGCTAGTGATACACT-1,0.164729,0.111578,0.200977,0.166362,0.356354
ACGCTGTGAGGCGTAG-1,0.00053,0.132613,0.089269,0.007073,0.770515
ACGCTTAGTGTCTCTC-1,0.000015,0.000594,0.823725,0.020735,0.154931
ACGGAACACGAGTGCC-1,0.969676,0.000071,0.030075,0.000035,0.000142
ACGGAATTTAGCAAAT-1,0.00116,0.526447,0.063341,0.009976,0.399077
ACGGACGCAGCGACAA-1,0.000186,0.000019,0.934169,0.00081,0.064815
ACGGACTCTCAAAGCG-1,0.234167,0.210102,0.059827,0.067054,0.42885
ACGGAGCGCAAATTAC-1,0.004084,0.456737,0.199943,0.003441,0.335795
ACGGATGGTGCGGATA-1,0.191729,0.260054,0.273218,0.045418,0.229581
ACGGCACTTGCTTGGG-1,0.126848,0.45993,0.039247,0.01159,0.362385
ACGGCCAACATGGACT-1,0.039136,0.77142,0.000078,0.006919,0.182448
ACGGCGACGATGGGAA-1,0.139421,0.161529,0.078057,0.005833,0.615159
ACGGCTGGATGTAGAA-1,0.000018,0.008842,0.066177,0.000018,0.924946
ACGGGAGTGTCGGCCC-1,0.000017,0.003977,0.137101,0.000017,0.858887
ACGGGCGTATGCGACA-1,0.103348,0.34961,0.44839,0.007261,0.091391
ACGGGTTGTGACCTGT-1,0.085265,0.074801,0.597519,0.000299,0.242115
ACGGTACAGTTCAATG-1,0.246228,0.127782,0.510539,0.051578,0.063874
ACGGTCACCGAGAACA-1,0.127172,0.574427,0.152074,0.000028,0.146299
ACGTACAGATTTCTCT-1,0.0924,0.175318,0.025419,0.397552,0.309311
ACGTACTTTGGCACGG-1,0.000022,0.042778,0.355492,0.001249,0.600459
ACGTAGATTGCTGATG-1,0.000028,0.121589,0.350175,0.17128,0.356929
ACGTAGGAGAGTCGCT-1,0.614366,0.303011,0.000226,0.042327,0.04007
ACGTATTACTCCGATC-1,0.000039,0.596084,0.01104,0.000039,0.392798
ACGTCCTAAACGAGAT-1,0.086937,0.610468,0.09813,0.014815,0.189651
ACGTCGGGCAACTCGG-1,0.165343,0.830985,0.000143,0.000071,0.003457
ACGTCTCGTTCCGGGA-1,0.062711,0.881813,0.000101,0.00005,0.055324
ACGTGACAAAGTAAGT-1,0.223714,0.44584,0.000519,0.217815,0.112113
ACGTGCGCCTCGTGCA-1,0.000075,0.662721,0.040976,0.000075,0.296153
ACGTGGTCGAATGTGC-1,0.096973,0.425306,0.09203,0.038682,0.347008
ACGTTAATGTCGAAGA-1,0.10798,0.542177,0.030243,0.000038,0.319564
ACGTTAGATTTGCCCG-1,0.085017,0.315097,0.000106,0.123593,0.476186
ACGTTCACTATGCCGC-1,0.025128,0.044784,0.558489,0.00002,0.371579
ACGTTCCGCGCTCCGT-1,0.000013,0.000025,0.209101,0.000013,0.790849
ACGTTCGCAATCAATT-1,0.131898,0.278557,0.470565,0.052071,0.066909
ACGTTCGTTCAGGAAA-1,0.071098,0.313799,0.071204,0.013946,0.529953
ACGTTCTGTACAAGTC-1,0.699621,0.000062,0.202724,0.080118,0.017474
ACGTTGTCGTTGAAAG-1,0.18835,0.087749,0.479608,0.079738,0.164555
ACGTTTAGTTGTGATC-1,0.000046,0.234352,0.044719,0.01023,0.710653
ACGTTTCGGTGCACTT-1,0.154812,0.251943,0.573215,0.018572,0.001458
ACTAAGGACGCACACC-1,0.087951,0.042272,0.494873,0.2216,0.153304
ACTAATACGTCAGGCG-1,0.150549,0.720168,0.101584,0.000069,0.027629
ACTACAAAGAGAGGTG-1,0.037118,0.22201,0.089239,0.040342,0.611291
ACTACATCCCGACAAG-1,0.000047,0.675835,0.000093,0.000047,0.323978
ACTACCAGCTCTCTGG-1,0.000015,0.00003,0.257989,0.000015,0.741951
ACTACCATCCGAGGGC-1,0.03145,0.238936,0.591812,0.083261,0.054541
ACTACGCGTTAGAATT-1,0.08387,0.232313,0.107387,0.042909,0.533521
ACTAGTTGCGATCGTC-1,0.100294,0.743683,0.088682,0.00006,0.067281
ACTATATGCTGTGTTC-1,0.095634,0.37285,0.279131,0.009638,0.242747
ACTATCCAGGGCATGG-1,0.058203,0.022474,0.42171,0.1217,0.375913
ACTATCTGCCCGCGTA-1,0.254218,0.388727,0.310777,0.004693,0.041586
ACTATGTCCAGCTGCC-1,0.04257,0.211247,0.107663,0.117199,0.521322
ACTATTCGTCCGTGGT-1,0.000035,0.157043,0.236839,0.000035,0.606048
ACTATTTCCGGGCCCA-1,0.103578,0.506899,0.030285,0.060089,0.299148
ACTCAACGAATGTATT-1,0.099324,0.756547,0.010711,0.000039,0.133378
ACTCAAGTGCAAGGCT-1,0.161425,0.283158,0.127594,0.05089,0.376932
ACTCAATAAAGGCACG-1,0.000038,0.578783,0.041231,0.007562,0.372385
ACTCAGACCTGCTTCT-1,0.006279,0.003658,0.185326,0.106052,0.698686
ACTCATGGCAGCCTTC-1,0.076709,0.17103,0.444748,0.012493,0.29502
ACTCCAATATCATCAT-1,0.02177,0.16773,0.266204,0.048342,0.495953
ACTCCCATTCCTAAAG-1,0.000023,0.04664,0.163509,0.00852,0.781308
ACTCCCGAATTCGTTT-1,0.047117,0.337758,0.276159,0.007027,0.33194
ACTCCCGTAGACTAGG-1,0.042496,0.279441,0.575663,0.005815,0.096585
ACTCCCTAATGCTAAA-1,0.55285,0.314114,0.00009,0.028583,0.104364
ACTCCCTAGAATAGTA-1,0.35187,0.492038,0.00006,0.100142,0.05589
ACTCCGGCCGACCACT-1,0.98884,0.010965,0.000056,0.000028,0.000111
ACTCGCCGTTCGATAA-1,0.178259,0.667606,0.107295,0.000031,0.046809
ACTCGCGATCTGACGC-1,0.063676,0.628369,0.233996,0.038684,0.035274
ACTCGTAACCCGTCCT-1,0.000023,0.0323,0.179818,0.000023,0.787837
ACTCGTCAGTAATCCC-1,0.000026,0.287152,0.148195,0.000026,0.564601
ACTCTCTGACTTAGGT-1,0.071308,0.699054,0.000106,0.117895,0.111638
ACTCTCTTATACACGA-1,0.022582,0.503586,0.003913,0.180248,0.289672
ACTCTGACCTAATAGA-1,0.783449,0.213087,0.000058,0.000499,0.002907
ACTCTTCAGCTCCCGC-1,0.395898,0.403152,0.158445,0.010467,0.032038
ACTCTTGTATAGTAAC-1,0.036081,0.089111,0.072287,0.076986,0.725535
ACTGAAACGCCGTTAG-1,0.177234,0.337877,0.077093,0.062185,0.34561
ACTGAATGGCGAAAGT-1,0.129067,0.430286,0.001273,0.053418,0.385955
ACTGATTTAGTGATTC-1,0.144494,0.218219,0.370807,0.057191,0.20929
ACTGCCCGCCATTCTC-1,0.018644,0.10636,0.411983,0.020426,0.442587
ACTGCCGTCGTAACTC-1,0.037975,0.110524,0.025704,0.20012,0.625677
ACTGCGGACACACCGT-1,0.162083,0.408533,0.340516,0.001013,0.087855
ACTGCTCGGAAGGATG-1,0.00002,0.01747,0.130251,0.006164,0.846096
ACTGGCGAACCTGCGT-1,0.069945,0.347363,0.39007,0.003836,0.188786
ACTGGGATGCCAGTGC-1,0.210559,0.187617,0.190296,0.000052,0.411476
ACTGTACGATACACAT-1,0.080707,0.122704,0.12443,0.148839,0.52332
ACTGTAGCACTTTGGA-1,0.000032,0.209688,0.065919,0.109341,0.61502
ACTGTATACGCGAGCA-1,0.000031,0.03484,0.051732,0.000031,0.913367
ACTGTCCAGGATTATA-1,0.08897,0.06268,0.088073,0.094833,0.665444
ACTGTCTTCTTTAGAA-1,0.000043,0.574185,0.001572,0.000043,0.424157
ACTGTGCTAGTAGATC-1,0.000046,0.154233,0.033423,0.004125,0.808173
ACTGTTTAGTGTAGGC-1,0.000058,0.434661,0.173177,0.000805,0.391299
ACTTACCGGGCGCGCA-1,0.078874,0.235956,0.070302,0.028643,0.586225
ACTTACGCATCCACGC-1,0.634204,0.131993,0.000103,0.233494,0.000206
ACTTAGTACGACAAGA-1,0.000047,0.382721,0.030748,0.000047,0.586436
ACTTATACTTACCCGG-1,0.109317,0.145213,0.017979,0.154256,0.573236
ACTTATTAGGATCGGT-1,0.22438,0.485214,0.006774,0.025687,0.257945
ACTTATTTATGTGCCA-1,0.214222,0.042954,0.159226,0.042685,0.540914
ACTTCAGGCTGATCCC-1,0.071685,0.926919,0.000094,0.000047,0.001256
ACTTCCAGTGGAAGCT-1,0.137904,0.861597,0.000142,0.000071,0.000285
ACTTCCATGCGGGACA-1,0.786318,0.086824,0.00012,0.083369,0.043369
ACTTCCTGTCGTGCGA-1,0.124953,0.187592,0.548299,0.004114,0.135042
ACTTCGCCATACGCAC-1,0.007397,0.010414,0.404991,0.001922,0.575275
ACTTCGCTAGCGAGTG-1,0.039024,0.352893,0.347132,0.000508,0.260443
ACTTGACTCCCTCTTT-1,0.207456,0.105404,0.264101,0.018094,0.404945
ACTTGCCATATTGTAC-1,0.000049,0.307388,0.032322,0.000049,0.660192
ACTTGCTCTATCTACC-1,0.375773,0.468249,0.073848,0.000061,0.082069
ACTTGGGACCCGGTGG-1,0.055988,0.386384,0.034717,0.010901,0.512011
ACTTGGGCTTTCGCCA-1,0.687157,0.02671,0.195894,0.065422,0.024818
ACTTGTAGTCCCTTCA-1,0.000018,0.000428,0.214489,0.062373,0.722692
ACTTGTGGATGGAACG-1,0.158119,0.0927,0.390682,0.079149,0.27935
ACTTGTTACCGGATCA-1,0.105209,0.0076,0.745897,0.000047,0.141247
ACTTTACCCTCATGAA-1,0.133101,0.096076,0.273562,0.001169,0.496092
ACTTTATACACCACTT-1,0.201702,0.008337,0.688638,0.000022,0.101301
ACTTTCCTATAGCTTC-1,0.048321,0.452193,0.127017,0.054309,0.31816
ACTTTGACTGCATCCT-1,0.030384,0.017815,0.094616,0.006058,0.851126
ACTTTGGTCGTGCTCC-1,0.000057,0.783217,0.001014,0.000057,0.215655
ACTTTGTCGACGCACT-1,0.399574,0.291515,0.280736,0.000036,0.028138
AGAAATTATGACTCGC-1,0.480914,0.150663,0.325724,0.010659,0.03204
AGAACACGGCGATGGT-1,0.010111,0.001479,0.72381,0.001015,0.263585
AGAACCCAGCGTGACA-1,0.250298,0.448631,0.244191,0.001678,0.055202
AGAACCCTCAATTGGG-1,0.008798,0.201977,0.070213,0.000021,0.718992
AGAACGTGGTACATTC-1,0.001744,0.044084,0.132261,0.042231,0.77968
AGAACTGTACTTTGTA-1,0.999701,0.000066,0.000066,0.000033,0.000133
AGAAGAGCGCCGTTCC-1,0.000368,0.481938,0.000736,0.000368,0.516591
AGAAGGTACACTTCAC-1,0.000016,0.000032,0.221012,0.000016,0.778923
AGAAGGTTGCCGAATT-1,0.000026,0.16761,0.158013,0.003056,0.671294
AGAAGGTTGTAGGTCG-1,0.517039,0.045689,0.004193,0.018999,0.414081
AGAAGTGATTCGTGAT-1,0.004785,0.86153,0.003179,0.000055,0.130452
AGAATAAATCTTCAGG-1,0.175962,0.808599,0.000087,0.000043,0.015309
AGAATACAGGCTATCC-1,0.810559,0.072724,0.115103,0.000188,0.001426
AGAATGCGGGTTCGGA-1,0.050637,0.501942,0.25392,0.008154,0.185347
AGAATTATGGATTCGA-1,0.072798,0.371228,0.024316,0.13708,0.394578
AGAATTGTTTGACATA-1,0.026027,0.011516,0.130305,0.128867,0.703284
AGACAGGCATCTCAGC-1,0.291159,0.328563,0.280166,0.000042,0.10007
AGACATAGATCCTTCC-1,0.000057,0.431839,0.136367,0.000057,0.43168
AGACCAAACCACACCT-1,0.000023,0.039148,0.112617,0.000045,0.848167
AGACCATGGGATACAA-1,0.034231,0.248786,0.094082,0.00004,0.622861
AGACCCACCGCTGATC-1,0.062354,0.551236,0.00006,0.174942,0.211407
AGACCCGCCCTCCTCG-1,0.112533,0.240427,0.13805,0.128179,0.380811
AGACCGCTCCGCGGTT-1,0.19344,0.124602,0.599348,0.0509,0.03171
AGACCGGGAAACCCTG-1,0.000038,0.500246,0.041797,0.000765,0.457155
AGACGAAGTGCCGGTC-1,0.162172,0.108322,0.230159,0.029641,0.469706
AGACGACGATGCCGCT-1,0.014499,0.170264,0.239119,0.014266,0.561853
AGACGCCCACTTCGCC-1,0.351171,0.020039,0.475852,0.108992,0.043946
AGACGGGATTGGTATA-1,0.003437,0.644418,0.170536,0.000055,0.181554
AGACGGGCCGATTTAA-1,0.097912,0.467139,0.146681,0.078602,0.209666
AGACTAGCCTTCCAGA-1,0.000047,0.41621,0.047189,0.000047,0.536508
AGACTGTTACCGGGTC-1,0.091671,0.684589,0.007596,0.016183,0.199961
AGAGAAACACCAGAAA-1,0.07621,0.214671,0.15789,0.107745,0.443485
AGAGAACCGTCTAGGA-1,0.00002,0.119719,0.13819,0.00323,0.738842
AGAGAAGGAGTACAAT-1,0.02598,0.024084,0.236139,0.006237,0.70756
AGAGATCTCTAAAGCG-1,0.045541,0.362748,0.020795,0.016745,0.554172
AGAGCAGTTATGAGAC-1,0.00003,0.142832,0.044389,0.05928,0.753468
AGAGCCGCCGAGATTT-1,0.118229,0.422333,0.366962,0.047763,0.044713
AGAGCGCTTGTAACGG-1,0.215878,0.170697,0.604596,0.000044,0.008785
AGAGCGGGCTAATCAT-1,0.000013,0.000026,0.182314,0.000013,0.817634
AGAGCGTACAAGCTCG-1,0.000064,0.589735,0.029774,0.005546,0.374881
AGAGGCTTCGGAAACC-1,0.112758,0.634381,0.107474,0.012078,0.133309
AGAGGGACAATTGTCC-1,0.115634,0.175191,0.514518,0.007554,0.187103
AGAGGTATCTCGGTCC-1,0.000027,0.013915,0.292632,0.000341,0.693086
AGAGTAAACTTCACTA-1,0.084263,0.182071,0.377685,0.036869,0.319112
AGAGTATAGTGTTACG-1,0.353296,0.358596,0.11508,0.016664,0.156365
AGAGTCTTAATGAAAG-1,0.306592,0.126713,0.562562,0.001724,0.002409
AGAGTGAACAGACACC-1,0.07359,0.002886,0.854494,0.057331,0.011699
AGAGTTAGAGACCGAT-1,0.413094,0.310034,0.077649,0.061914,0.137309
AGAGTTGCAGGCCTCC-1,0.12101,0.230002,0.540903,0.003759,0.104326
AGATAACTTCAGGGCC-1,0.000015,0.021508,0.206538,0.000015,0.771923
AGATACCAATAGAACC-1,0.03253,0.051406,0.82343,0.000012,0.092621
AGATACCAGCACTTCA-1,0.106875,0.225443,0.452571,0.057898,0.157212
AGATACCGGTGTTCAC-1,0.000047,0.674731,0.000093,0.000047,0.325083
AGATACGACTTCATAT-1,0.002037,0.162339,0.064912,0.010186,0.760526
AGATACTCAAGATCGA-1,0.091071,0.059133,0.059751,0.060815,0.72923
AGATATAATACGACTA-1,0.205037,0.527526,0.000244,0.266705,0.000487
AGATCGTGCATAAGAT-1,0.004415,0.33404,0.328559,0.005128,0.327858
AGATCTCAGGTGTGAT-1,0.000042,0.308574,0.095973,0.171899,0.423512
AGATCTGGAGAGGATA-1,0.000011,0.000023,0.749985,0.000011,0.24997
AGATGACTCGCCCACG-1,0.00004,0.213731,0.107952,0.019547,0.65873
