Barcode,Topic 1,Topic 2,Topic 3,Topic 4,Topic 5,Topic 6,Topic 7,Topic 8,Topic 9,Topic 10
AAACAAGTATCTCCCA-1,0.568139,0.026609,0.000043,0.000043,0.000043,0.000043,0.000043,0.014777,0.071457,0.318805
AAACAATCTACTAGCA-1,0.000025,0.066644,0.37859,0.04283,0.227215,0.0262,0.000025,0.244188,0.009545,0.004739
AAACACCAATAACTGC-1,0.053905,0.077677,0.00006,0.00006,0.00006,0.00006,0.005299,0.027943,0.679796,0.15514
AAACAGAGCGACTCCT-1,0.000029,0.128287,0.003184,0.106378,0.273817,0.169541,0.023476,0.149615,0.015956,0.129716
AAACAGCTTTCAGAAG-1,0.073455,0.009761,0.079271,0.000098,0.357039,0.062696,0.005384,0.042264,0.114526,0.255506
AAACAGGGTCTATATT-1,0.128956,0.029528,0.051989,0.000076,0.169521,0.067307,0.015483,0.015333,0.472107,0.049702
AAACAGTGTTCCTGGG-1,0.052359,0.08826,0.000022,0.000022,0.001198,0.004363,0.36571,0.031067,0.238062,0.218937
AAACATGGTGAGAGGA-1,0.000029,0.016735,0.429311,0.000029,0.003609,0.005806,0.178735,0.011639,0.22143,0.132678
AAACATTTCCCGGATT-1,0.553696,0.024631,0.000048,0.000048,0.000048,0.000048,0.000048,0.011301,0.273445,0.136686
AAACCACTACACAGAT-1,0.007532,0.011543,0.008132,0.07754,0.126135,0.026036,0.310497,0.178748,0.049713,0.204124
AAACCCGAACGAAATC-1,0.344476,0.001706,0.024873,0.093918,0.004184,0.009294,0.014075,0.23074,0.095197,0.181537
AAACCGGAAATGTTAA-1,0.807019,0.000027,0.000027,0.032931,0.000027,0.000027,0.05326,0.000932,0.001628,0.104123
AAACCGGGTAGGTACC-1,0.064917,0.000026,0.229448,0.008932,0.206572,0.046599,0.003407,0.335171,0.038918,0.066009
AAACCGTTCGTCCAGG-1,0.135107,0.191093,0.000027,0.002316,0.064226,0.030965,0.06479,0.108689,0.029074,0.373712
AAACCTAAGCAGCCGG-1,0.312424,0.120685,0.092602,0.061895,0.038563,0.038431,0.015721,0.088762,0.115391,0.115527
AAACCTCATGAAGTTG-1,0.000074,0.000074,0.07025,0.026757,0.024101,0.000074,0.000718,0.094791,0.702703,0.080458
AAACGAAGAACATACC-1,0.000044,0.160472,0.006812,0.003523,0.106627,0.017668,0.032851,0.334078,0.159943,0.177981
AAACGAAGATGGAGTA-1,0.000063,0.000063,0.246938,0.034982,0.000063,0.226336,0.030644,0.000063,0.460079,0.000768
AAACGACAGTCTTGCC-1,0.000017,0.002933,0.026012,0.135631,0.222218,0.037691,0.221239,0.155195,0.018082,0.180982
AAACGAGACGGTTGAT-1,0.04221,0.005394,0.201116,0.097177,0.260914,0.288063,0.000017,0.062035,0.018642,0.024432
AAACGCCCGAGATCGG-1,0.000039,0.000039,0.000039,0.002817,0.221749,0.001665,0.073583,0.083591,0.000374,0.616106
AAACGCTGGGCACGAC-1,0.897849,0.000028,0.000028,0.017475,0.005948,0.049191,0.000028,0.029396,0.000028,0.000028
AAACGGGCGTACGGGT-1,0.653708,0.080219,0.00004,0.00004,0.00004,0.00004,0.00004,0.00004,0.099181,0.16665
AAACGGTTGCGAACTG-1,0.008808,0.061612,0.000023,0.121343,0.070831,0.063413,0.0138,0.271496,0.022228,0.366446
AAACGTGTTCGCCCTA-1,0.001411,0.008655,0.043791,0.170918,0.240865,0.216336,0.135107,0.123097,0.011959,0.047861
AAACTAACGTGGCGAC-1,0.00172,0.01174,0.03926,0.042369,0.084586,0.13386,0.112963,0.081327,0.013426,0.478749
AAACTCGGTTCGCAAT-1,0.012895,0.235345,0.000029,0.097588,0.024029,0.00192,0.008871,0.192943,0.052762,0.373617
AAACTCGTGATATAAG-1,0.05604,0.067837,0.000514,0.1111,0.088116,0.096676,0.008362,0.271262,0.056223,0.24387
AAACTGCTGGCTCCAA-1,0.065039,0.007673,0.118783,0.18377,0.343277,0.10521,0.000625,0.140477,0.013908,0.021239
AAACTTAATTGCACGC-1,0.058646,0.000144,0.164248,0.043334,0.023031,0.127705,0.176887,0.000144,0.263753,0.142109
AAACTTGCAAACGTAT-1,0.000059,0.20932,0.000059,0.000059,0.000059,0.000059,0.025842,0.000059,0.648475,0.116009
AAAGAATGACCTTAGA-1,0.00003,0.130928,0.21166,0.00003,0.00003,0.00003,0.237826,0.00003,0.304142,0.115294
AAAGAATGTGGACTAA-1,0.86981,0.024776,0.00003,0.00003,0.00003,0.00003,0.006448,0.00003,0.078996,0.019822
AAAGACATGAAGTTTA-1,0.029719,0.157196,0.000032,0.006929,0.050331,0.002394,0.194848,0.096789,0.119785,0.341977
AAAGACCCAAGTCGCG-1,0.000043,0.000043,0.028155,0.005272,0.155859,0.000752,0.05434,0.337411,0.074484,0.343641
AAAGACTGGGCGCTTT-1,0.026271,0.134479,0.00008,0.00008,0.00008,0.00008,0.00008,0.00008,0.689003,0.149768
AAAGCTTGCCTACATA-1,0.002453,0.08476,0.246471,0.387552,0.065451,0.059942,0.037245,0.059193,0.022495,0.034438
AAAGGCCCTATAATAC-1,0.001599,0.000033,0.125966,0.00456,0.011021,0.012204,0.019365,0.046656,0.518068,0.260529
AAAGGCTACGGACCAT-1,0.004478,0.000023,0.025607,0.20839,0.108983,0.166983,0.023274,0.034591,0.028336,0.399335
AAAGGCTCTCGCGCCG-1,0.005706,0.618112,0.000024,0.000024,0.000024,0.000024,0.024496,0.002973,0.031694,0.316924
AAAGGGATGTAGCAAG-1,0.146372,0.082965,0.010415,0.034865,0.167293,0.334093,0.000019,0.193977,0.01179,0.018212
AAAGGGCAGCTTGAAT-1,0.00003,0.108803,0.32992,0.000053,0.273853,0.031654,0.00334,0.19869,0.028831,0.024826
AAAGGTAAGCTGTACC-1,0.000041,0.000041,0.000884,0.102245,0.106147,0.141676,0.067165,0.168415,0.026744,0.386643
AAAGGTCAACGACATG-1,0.033732,0.431232,0.019492,0.005003,0.128884,0.007293,0.249354,0.054109,0.038378,0.032524
AAAGTAGCATTGCTCA-1,0.00484,0.000041,0.070792,0.014819,0.089866,0.05188,0.057777,0.251183,0.101094,0.357707
AAAGTCACTGATGTAA-1,0.000043,0.001131,0.150152,0.000043,0.183803,0.116753,0.03463,0.301202,0.04974,0.162503
AAAGTCGACCCTCAGT-1,0.232087,0.010042,0.000068,0.000068,0.030559,0.092351,0.000068,0.026576,0.42019,0.187991
AAAGTGCCATCAATTA-1,0.99646,0.000019,0.000019,0.000019,0.000019,0.000019,0.000019,0.003389,0.000019,0.000019
AAAGTGTGATTTATCT-1,0.11235,0.127128,0.000048,0.018383,0.00437,0.001667,0.000048,0.127353,0.119131,0.489522
AAAGTTGACTCCCGTA-1,0.056879,0.025011,0.048421,0.104664,0.087604,0.009268,0.00626,0.241812,0.033957,0.386125
AAATAACCATACGGGA-1,0.00003,0.385956,0.005696,0.008233,0.05863,0.100901,0.033483,0.099957,0.0908,0.216314
AAATAAGGTAGTGCCC-1,0.01737,0.00002,0.301228,0.196525,0.127353,0.048662,0.061396,0.04787,0.011368,0.188207
AAATACCTATAAGCAT-1,0.188937,0.05678,0.088905,0.021094,0.031343,0.037488,0.000143,0.266601,0.083347,0.225363
AAATAGCTTAGACTTT-1,0.020578,0.000025,0.149875,0.176648,0.10973,0.018551,0.009455,0.270407,0.025632,0.219099
AAATAGGGTGCTATTG-1,0.171487,0.177035,0.007605,0.003181,0.015566,0.116381,0.012972,0.027285,0.10191,0.366576
AAATCACTCCTAAACG-1,0.000029,0.011518,0.138414,0.076187,0.590389,0.044466,0.124503,0.009942,0.001279,0.003274
AAATCCGATACACGCC-1,0.494547,0.000037,0.000037,0.009332,0.000037,0.000037,0.013922,0.007354,0.241685,0.233011
AAATCGCGGAAGGAGT-1,0.000094,0.016228,0.000094,0.000094,0.000094,0.000094,0.174105,0.000094,0.626451,0.182654
AAATCGTGTACCACAA-1,0.044303,0.00462,0.000044,0.114382,0.056491,0.01485,0.025081,0.163655,0.007442,0.569134
AAATCTAGCCCTGCTA-1,0.503756,0.00005,0.00005,0.00005,0.00005,0.00005,0.00005,0.002798,0.005735,0.487409
AAATCTGCCCGCGTCC-1,0.000023,0.305828,0.116655,0.000023,0.000023,0.000023,0.306318,0.000023,0.229066,0.042019
AAATGACTGATCAAAC-1,0.059208,0.035204,0.024457,0.238405,0.015564,0.075315,0.499269,0.027181,0.011858,0.013538
AAATGATTCGATCAGC-1,0.01469,0.034291,0.000038,0.033459,0.055809,0.064297,0.001277,0.58114,0.062564,0.152436
AAATGCTCGTTACGTT-1,0.007725,0.005706,0.157535,0.000065,0.111391,0.006399,0.000065,0.25418,0.201316,0.255619
AAATGGCATGTCTTGT-1,0.000026,0.084577,0.005668,0.004974,0.351664,0.116932,0.036821,0.248577,0.060431,0.090331
AAATGGCCCGTGCCCT-1,0.336322,0.363759,0.00005,0.00005,0.00005,0.00005,0.00005,0.00005,0.139263,0.160356
AAATGGTCAATGTGCC-1,0.001964,0.144634,0.089662,0.076943,0.143452,0.162218,0.061362,0.115469,0.054668,0.149627
AAATGTATCTTATCCC-1,0.021484,0.006256,0.200986,0.000086,0.000086,0.013748,0.058497,0.021245,0.541889,0.135724
AAATGTGGGTGCTCCT-1,0.000027,0.034691,0.172767,0.00341,0.623799,0.02565,0.068915,0.057825,0.008929,0.003986
AAATTAACGGGTAGCT-1,0.010957,0.256582,0.011506,0.044061,0.087553,0.415899,0.055795,0.042692,0.025955,0.049001
AAATTAATAAGCGCGA-1,0.000076,0.033421,0.000076,0.000076,0.000076,0.000076,0.066957,0.000076,0.627992,0.271172
AAATTACACGACTCTG-1,0.009482,0.070021,0.021779,0.086137,0.10622,0.203738,0.074855,0.150431,0.110605,0.166731
AAATTACCTATCGATG-1,0.001803,0.006167,0.002897,0.142763,0.150765,0.105267,0.003345,0.469078,0.015281,0.102635
AAATTCCAGGTCCAAA-1,0.052599,0.052462,0.232999,0.16957,0.042927,0.092146,0.002146,0.076878,0.060498,0.217775
AAATTGATAGTCCTTT-1,0.004749,0.015506,0.111262,0.001435,0.011922,0.034211,0.081485,0.255374,0.170287,0.313769
AAATTGGTGAGAAGCA-1,0.000015,0.110029,0.023874,0.199085,0.134993,0.359503,0.108106,0.049812,0.000638,0.013945
AAATTTACCGAAATCC-1,0.000035,0.021782,0.000035,0.047368,0.365879,0.027707,0.036809,0.403059,0.003925,0.0934
AAATTTGCGGGTGTGG-1,0.000025,0.039111,0.169413,0.006439,0.45085,0.026534,0.10838,0.088789,0.049064,0.061394
AACAACTGGTAGTTGC-1,0.000029,0.000029,0.314983,0.007178,0.18618,0.193125,0.127319,0.038411,0.038319,0.094427
AACAATACATTGTCGA-1,0.000022,0.000022,0.198033,0.033573,0.356615,0.053253,0.041811,0.080731,0.031137,0.204802
AACAATTACTCTACGC-1,0.000022,0.002874,0.431058,0.00909,0.477538,0.050068,0.000022,0.029287,0.000022,0.000022
AACACACGCTCGCCGC-1,0.195364,0.258182,0.26136,0.123136,0.016416,0.085932,0.001897,0.014194,0.020394,0.023126
AACACGACTGTACTGA-1,0.000813,0.000043,0.062758,0.028358,0.241191,0.293184,0.015413,0.173401,0.009758,0.175081
AACACGAGACGCGGCC-1,0.005463,0.049018,0.172059,0.000049,0.000049,0.000049,0.018748,0.057919,0.45817,0.238475
AACACGCGGCCGCGAA-1,0.000047,0.057919,0.190178,0.000047,0.05906,0.024401,0.000292,0.425307,0.187382,0.055368
AACAGCTGTGTGGCAA-1,0.000033,0.167573,0.106953,0.000299,0.058913,0.037485,0.105256,0.079935,0.148007,0.295545
AACAGGAAATCGAATA-1,0.013858,0.239773,0.00003,0.003742,0.12308,0.056125,0.077266,0.137823,0.006663,0.341638
AACAGGATGGGCCGCG-1,0.000036,0.004356,0.150144,0.010148,0.296699,0.016331,0.147679,0.314544,0.013044,0.047021
AACAGGTAGTATGGAT-1,0.529804,0.000063,0.000063,0.000063,0.000063,0.000063,0.092851,0.000063,0.099274,0.277694
AACATAGCGTGTATCG-1,0.556226,0.218847,0.000026,0.000026,0.000026,0.000026,0.093298,0.000026,0.108915,0.022585
AACATATCAACTGGTG-1,0.00002,0.064455,0.021326,0.171085,0.312804,0.087601,0.002832,0.306257,0.008064,0.025556
AACATCGATACGTCTA-1,0.000026,0.055609,0.068828,0.069198,0.100776,0.496627,0.038273,0.016529,0.052245,0.101888
AACATTGAAGTTGATC-1,0.000015,0.021134,0.704154,0.000015,0.131222,0.033088,0.000015,0.041441,0.033981,0.034935
AACATTGTGACTCGAG-1,0.000014,0.033492,0.090953,0.067615,0.472615,0.236388,0.01804,0.037567,0.009145,0.034173
AACCAAGACTTCTCTG-1,0.005307,0.000487,0.500841,0.007693,0.093029,0.007706,0.003171,0.27723,0.083969,0.020568
AACCAGTATCACTCTT-1,0.000055,0.13639,0.000055,0.005267,0.224118,0.167257,0.023201,0.06091,0.003862,0.378885
AACCATAGGGTTGAAC-1,0.030721,0.000144,0.151195,0.009645,0.019202,0.022584,0.144107,0.000144,0.419595,0.202663
AACCATGGGATCGCTA-1,0.000032,0.045809,0.378225,0.000032,0.332452,0.00795,0.000032,0.213985,0.017604,0.003877
AACCCAGAGACGGAGA-1,0.004645,0.180991,0.072045,0.013347,0.219432,0.054667,0.072999,0.285887,0.036119,0.059868
AACCCATCCCATGATC-1,0.064223,0.0001,0.095678,0.0001,0.0001,0.02249,0.00821,0.0001,0.255158,0.553844
AACCCGACAACCCGTG-1,0.032986,0.000026,0.000026,0.021432,0.058848,0.011824,0.165326,0.124058,0.002994,0.582482
AACCCGAGCAGAATCG-1,0.862767,0.000039,0.000039,0.000039,0.000039,0.000039,0.008935,0.000039,0.000039,0.128024
AACCCGATAGGGCTTC-1,0.025325,0.024475,0.010757,0.096006,0.23936,0.026457,0.322302,0.145535,0.00764,0.102143
AACCCGCTGTATTCCA-1,0.070643,0.001795,0.030044,0.430271,0.012123,0.017174,0.405129,0.017088,0.005524,0.010209
AACCCTACTGTCAATA-1,0.039876,0.003863,0.07127,0.109201,0.132043,0.015499,0.012573,0.222477,0.063083,0.330114
AACCCTGGTGGAACCA-1,0.000044,0.211007,0.002515,0.000044,0.07857,0.008884,0.021316,0.090505,0.043608,0.543509
AACCGAGCTTGGTCAT-1,0.025618,0.022594,0.017547,0.112559,0.041679,0.278173,0.028303,0.278266,0.022982,0.172279
AACCGCTAAGGGATGC-1,0.096007,0.000035,0.087094,0.076201,0.126763,0.061384,0.002254,0.100445,0.151739,0.298078
AACCGTTGTGTTTGCT-1,0.000039,0.000039,0.064882,0.011107,0.575924,0.070565,0.010809,0.072393,0.037387,0.156854
AACCTAAAGCCGTCCG-1,0.000032,0.00005,0.005689,0.020667,0.265388,0.011369,0.222425,0.171316,0.015084,0.28798
AACCTCGCTTTAGCCC-1,0.374259,0.163992,0.000041,0.000041,0.000041,0.000041,0.002301,0.00139,0.136408,0.321486
AACCTGTCACGGAATT-1,0.013567,0.251901,0.185117,0.116118,0.044737,0.048531,0.189745,0.022227,0.059899,0.068158
AACCTTTAAATACGGT-1,0.013714,0.008431,0.244879,0.140392,0.350118,0.097341,0.000013,0.134761,0.000569,0.009782
AACCTTTACGACGTCT-1,0.000029,0.611056,0.005776,0.000037,0.044105,0.133966,0.003787,0.109959,0.018735,0.072551
AACGAAAGTCGTCCCA-1,0.000151,0.000151,0.000151,0.000151,0.000151,0.000151,0.000151,0.000151,0.676496,0.322299
AACGACCTCCTAGCCG-1,0.968933,0.020424,0.000017,0.000017,0.000017,0.000017,0.000017,0.000129,0.004943,0.005488
AACGATAATGCCGTAG-1,0.008154,0.041553,0.362964,0.124272,0.176314,0.203828,0.000014,0.052997,0.016667,0.013237
AACGATAGAAGGGCCG-1,0.000029,0.000029,0.1562,0.061236,0.464906,0.084037,0.031785,0.132457,0.043457,0.025862
AACGATATGTCAACTG-1,0.039559,0.047837,0.013699,0.03086,0.024217,0.366226,0.075173,0.029254,0.263353,0.109822
AACGCATGATCTGGGT-1,0.006399,0.365107,0.000032,0.004708,0.071905,0.099964,0.000032,0.175823,0.021418,0.254612
AACGCGAACGGCAACA-1,0.065969,0.413536,0.000075,0.000075,0.000075,0.000075,0.000075,0.000075,0.330921,0.189121
AACGCGACCTTGGGCG-1,0.068223,0.08687,0.07095,0.151273,0.110733,0.29506,0.013543,0.160038,0.029956,0.013355
AACGCGGTCTCCAGCC-1,0.022724,0.301961,0.010679,0.047627,0.048089,0.106914,0.065488,0.207897,0.096389,0.092231
AACGCTGTTGCTGAAA-1,0.572075,0.068358,0.000038,0.003132,0.116887,0.019031,0.000038,0.154524,0.006099,0.059817
AACGGACGTACGTATA-1,0.330592,0.000043,0.009564,0.077559,0.000043,0.000043,0.000877,0.080992,0.043619,0.45667
AACGGCCATCTCCGGT-1,0.000024,0.340044,0.01284,0.005686,0.099318,0.118858,0.147522,0.10757,0.092235,0.075903
AACGTACTGTGGGTAC-1,0.042313,0.006078,0.000972,0.041245,0.19581,0.086465,0.081008,0.206867,0.189322,0.149919
AACGTAGTCTACCCAT-1,0.000039,0.10332,0.396153,0.000039,0.078323,0.018873,0.000039,0.236562,0.097552,0.0691
AACGTCAGACTAGTGG-1,0.000054,0.135013,0.000054,0.000054,0.095407,0.003838,0.116288,0.05701,0.245668,0.346614
AACGTCATCCGGCTTG-1,0.017046,0.000011,0.000017,0.235967,0.007846,0.014941,0.634939,0.009314,0.001224,0.078695
AACGTCGCTGCACTTC-1,0.81566,0.000016,0.032634,0.125328,0.013182,0.011757,0.000016,0.001376,0.000016,0.000016
AACGTGATGAAGGACA-1,0.000031,0.034759,0.007038,0.003441,0.096658,0.276021,0.023419,0.249826,0.204452,0.104353
AACGTGCGAAAGTCTC-1,0.011119,0.115689,0.000024,0.124756,0.054714,0.02999,0.017093,0.262313,0.04843,0.335874
AACGTTCTACCATTGT-1,0.874607,0.000047,0.000047,0.000047,0.000047,0.000047,0.000047,0.000047,0.01804,0.107023
AACTACCCGTTTGTCA-1,0.318582,0.141993,0.001917,0.002502,0.000045,0.000045,0.157183,0.000045,0.0365,0.341188
AACTAGCGTATCGCAC-1,0.000048,0.037143,0.159468,0.000304,0.077307,0.045755,0.020127,0.433275,0.056074,0.1705
AACTAGGCTTGGGTGT-1,0.037819,0.108308,0.009623,0.056564,0.118137,0.079087,0.03051,0.23758,0.034718,0.287653
AACTCAAGTTAATTGC-1,0.036173,0.02058,0.070766,0.059435,0.138076,0.122788,0.084823,0.254999,0.060557,0.151803
AACTCCAGAGCGTGTT-1,0.720914,0.09208,0.000048,0.000048,0.000048,0.000048,0.000048,0.016101,0.007309,0.163357
AACTCCTAATCCCATG-1,0.019972,0.002736,0.000036,0.069567,0.160305,0.1348,0.0386,0.432013,0.011017,0.130954
AACTCGATGGCGCAGT-1,0.00008,0.177664,0.00008,0.00008,0.00008,0.005295,0.00008,0.149677,0.401062,0.265901
AACTCTCAATAGAGCG-1,0.000031,0.000031,0.161372,0.284429,0.062342,0.035279,0.024347,0.064903,0.027218,0.340048
AACTCTCAGTGTGCTC-1,0.002387,0.22276,0.06729,0.013298,0.138567,0.102043,0.17598,0.17406,0.030715,0.0729
AACTGAGGTCAGCGTC-1,0.002299,0.09346,0.000035,0.017846,0.141516,0.067041,0.034253,0.46462,0.041506,0.137424
AACTGAGTTATACTGA-1,0.67648,0.131213,0.076836,0.039638,0.001904,0.008088,0.020883,0.007751,0.023263,0.013945
AACTGATATTAGGCCT-1,0.000023,0.12533,0.135953,0.002752,0.211025,0.23082,0.051616,0.057807,0.044818,0.139855
AACTGGGTCCCGACGT-1,0.000032,0.000032,0.040241,0.036941,0.220335,0.105675,0.015404,0.201304,0.016111,0.363925
AACTGGGTTCGAGCCG-1,0.000045,0.006489,0.000045,0.000163,0.567362,0.062213,0.072539,0.057022,0.047001,0.187121
AACTGGTGTGGGCCTT-1,0.00006,0.00006,0.139275,0.00006,0.01503,0.000222,0.110271,0.328154,0.193058,0.213809
AACTTCTGCGTCTATC-1,0.100657,0.000125,0.000125,0.000125,0.000125,0.000125,0.000125,0.000125,0.339598,0.558869
AACTTGCCCGTATGCA-1,0.000032,0.001559,0.354096,0.016336,0.383028,0.004604,0.000355,0.229363,0.000032,0.010596
AACTTGCGTTCTCGCG-1,0.000145,0.03618,0.000145,0.000145,0.000145,0.000145,0.000145,0.109507,0.305207,0.548236
AACTTTACGGGAGCTT-1,0.020006,0.000129,0.000129,0.000129,0.000129,0.000129,0.000129,0.000129,0.453434,0.525661
AACTTTAGCTGCTGAG-1,0.000054,0.000054,0.011905,0.00531,0.104809,0.038343,0.038082,0.506747,0.197379,0.097317
AACTTTCTCGATCATG-1,0.050256,0.000035,0.000035,0.185725,0.000035,0.000035,0.281329,0.040731,0.00673,0.435088
AAGAAAGTTTGATGGG-1,0.073675,0.00003,0.00003,0.00003,0.00003,0.00003,0.277255,0.00003,0.620438,0.028452
AAGAAATCACCAGATT-1,0.01957,0.061763,0.01749,0.184141,0.029235,0.078697,0.258798,0.098198,0.030229,0.221879
AAGAAGGATCAGTTAG-1,0.000083,0.080581,0.016619,0.031445,0.190871,0.005892,0.000083,0.055433,0.214478,0.404514
AAGACATACGTGGTTT-1,0.851981,0.055215,0.000022,0.000022,0.000022,0.000022,0.045408,0.000022,0.022995,0.024291
AAGACCAAATAACTCA-1,0.025481,0.122283,0.000058,0.000058,0.000058,0.000058,0.068075,0.000058,0.708949,0.074921
AAGACCCAACTGAACA-1,0.011566,0.171913,0.041929,0.113847,0.234803,0.284422,0.030004,0.051897,0.026103,0.033517
AAGACTAACCCGTTGT-1,0.028934,0.441983,0.000084,0.000084,0.000084,0.000084,0.000084,0.000084,0.380083,0.148497
AAGACTCACGCCCACT-1,0.00004,0.00004,0.01513,0.066875,0.232207,0.002091,0.210957,0.169845,0.002428,0.300387
AAGACTGCAAGCTACT-1,0.001812,0.256949,0.012912,0.065383,0.050939,0.262851,0.043213,0.139707,0.101503,0.064731
AAGAGATGAATCGGTA-1,0.000058,0.00272,0.050247,0.000058,0.003648,0.000058,0.104557,0.56952,0.185314,0.08382
AAGAGCTCTTTATCGG-1,0.000172,0.00417,0.186055,0.275574,0.185065,0.222305,0.001117,0.05372,0.060041,0.011781
AAGAGGATGTACGCGA-1,0.000026,0.004214,0.543633,0.004916,0.099357,0.094136,0.017374,0.105328,0.061097,0.069919
AAGAGGCATGGATCGC-1,0.000019,0.088414,0.081804,0.180161,0.191817,0.033933,0.00146,0.226018,0.048667,0.147707
AAGAGGCCCTTTGGAA-1,0.700089,0.040897,0.000048,0.000048,0.000048,0.000048,0.000048,0.000048,0.222433,0.036291
AAGATGGCACCGGACC-1,0.019824,0.084052,0.180405,0.047404,0.329706,0.260662,0.029764,0.030015,0.008344,0.009823
AAGATTGGCGGAACGT-1,0.058848,0.026469,0.010792,0.078427,0.051269,0.133469,0.000029,0.155642,0.024291,0.460765
AAGCACCCTGCGTATC-1,0.141034,0.010142,0.000043,0.01327,0.003965,0.000043,0.001223,0.213584,0.03403,0.582666
AAGCATACTCTCCTGA-1,0.007537,0.000022,0.026152,0.26814,0.10373,0.030129,0.005998,0.270041,0.043119,0.245132
AAGCCACTTGCAGGTA-1,0.000023,0.000023,0.112891,0.000398,0.000023,0.000023,0.325181,0.007772,0.066926,0.486739
AAGCCGAAGCGGTTTA-1,0.36609,0.099993,0.000071,0.000071,0.000071,0.000071,0.029836,0.000071,0.153737,0.34999
AAGCCGCCGTGAAATC-1,0.000021,0.305518,0.210515,0.000021,0.003057,0.007342,0.061549,0.042398,0.189954,0.179624
AAGCCGCTTTACCTTG-1,0.000018,0.000018,0.209857,0.403826,0.035484,0.136274,0.200527,0.007084,0.000018,0.006893
AAGCCGGAGAGCAGGA-1,0.887741,0.000035,0.000035,0.000035,0.000035,0.000035,0.009168,0.000035,0.000035,0.102846
AAGCGCAGGGCTTTGA-1,0.206417,0.252575,0.010869,0.011867,0.000037,0.000037,0.03857,0.018813,0.064114,0.3967
AAGCGGAGTGCGCGCA-1,0.015252,0.024924,0.07093,0.371986,0.064079,0.125346,0.197423,0.085561,0.008952,0.035546
AAGCGGCGTCATGGGT-1,0.00004,0.00004,0.00004,0.012632,0.292077,0.026173,0.05489,0.197169,0.030528,0.386409
AAGCGTCCCTCATCGA-1,0.00004,0.238282,0.061345,0.00004,0.056421,0.024455,0.155452,0.062016,0.069498,0.332452
AAGCTAGATCGAGTAA-1,0.051301,0.207264,0.119951,0.097339,0.070416,0.035638,0.019732,0.095668,0.092654,0.210038
AAGCTATGGATTGACC-1,0.010987,0.119731,0.664674,0.000009,0.000009,0.000009,0.190211,0.000009,0.014353,0.000009
AAGCTCGTGCCAAGTC-1,0.034013,0.000024,0.003188,0.117766,0.398068,0.046017,0.019439,0.257745,0.045576,0.078163
AAGCTCTTTCATGGTG-1,0.227073,0.092465,0.000042,0.028153,0.0043,0.000042,0.01045,0.14341,0.019886,0.47418
AAGGAGAACTTATAAG-1,0.000027,0.126175,0.165212,0.005768,0.428129,0.066043,0.000306,0.193747,0.00401,0.010581
AAGGAGCGGTTGGTGC-1,0.000044,0.017956,0.000044,0.028221,0.155686,0.017532,0.133017,0.322915,0.0516,0.272986
AAGGATCGATCGCTTG-1,0.099336,0.097046,0.000051,0.027492,0.000051,0.000051,0.019758,0.107276,0.161515,0.487425
AAGGATGAGGGACCTC-1,0.023794,0.000041,0.000041,0.041976,0.074915,0.017991,0.059108,0.097496,0.083243,0.601395
AAGGCAGGCTGTCTCC-1,0.200953,0.000557,0.523443,0.015824,0.000023,0.002863,0.243206,0.000023,0.013085,0.000023
AAGGCGCGTAAAGCTT-1,0.036675,0.02835,0.069119,0.019612,0.481433,0.080798,0.033554,0.139035,0.051518,0.059906
AAGGCTGTGCTCATCG-1,0.00003,0.019256,0.00003,0.011981,0.313861,0.02935,0.03173,0.200061,0.064045,0.329656
AAGGGAACGACTGGCT-1,0.000028,0.035515,0.13298,0.011567,0.020993,0.062607,0.053935,0.077838,0.458699,0.145838
AAGGGACAGATTCTGT-1,0.000031,0.000031,0.001038,0.152535,0.104892,0.022027,0.000509,0.202079,0.066483,0.450375
AAGGGACTATGCATTC-1,0.000045,0.000045,0.517359,0.000045,0.021351,0.036488,0.01594,0.002875,0.331048,0.074802
AAGGGTTAGCCATGCG-1,0.999826,0.000019,0.000019,0.000019,0.000019,0.000019,0.000019,0.000019,0.000019,0.000019
AAGGGTTTGATTTCAG-1,0.000088,0.000088,0.055368,0.000088,0.019957,0.000088,0.052961,0.089717,0.58867,0.192974
AAGGTATCCTAATATA-1,0.000022,0.06845,0.0144,0.096922,0.246559,0.173156,0.019995,0.32116,0.017423,0.041913
AAGGTGATAAACCAGC-1,0.091225,0.183647,0.044816,0.095287,0.055211,0.026546,0.001197,0.145062,0.064888,0.292121
AAGTAAGCTTCCAAAC-1,0.000039,0.233163,0.150384,0.002557,0.159863,0.02888,0.000674,0.103429,0.261392,0.05962
AAGTAGAAGACCGGGT-1,0.037727,0.13961,0.018866,0.012443,0.228266,0.072568,0.035439,0.241982,0.063109,0.14999
AAGTAGTGACGCGAGG-1,0.000049,0.000049,0.035449,0.002464,0.142988,0.006904,0.092023,0.363433,0.028861,0.327781
AAGTCAATTGTCGTCA-1,0.206111,0.286902,0.000052,0.000052,0.000052,0.000052,0.000052,0.000052,0.328342,0.178335
AAGTCTAGTAGCTGCC-1,0.020404,0.105032,0.006162,0.415197,0.102979,0.074385,0.206455,0.030104,0.011499,0.027782
AAGTCTTCTGTGGCCT-1,0.000125,0.38072,0.000125,0.000125,0.000125,0.000125,0.000125,0.000125,0.61828,0.000125
AAGTGACGACCGAATT-1,0.00004,0.010981,0.120222,0.000885,0.089458,0.025307,0.023076,0.411907,0.089713,0.228411
AAGTGAGTCGGGTTTA-1,0.023921,0.047614,0.000035,0.032784,0.051755,0.040925,0.084126,0.049777,0.057617,0.611447
AAGTGCAAAGGTAGAC-1,0.057862,0.000097,0.119125,0.000097,0.10148,0.109166,0.077132,0.003732,0.48194,0.049371
AAGTGCCTTGACTGTA-1,0.177672,0.470582,0.143038,0.040917,0.020855,0.065496,0.00003,0.020604,0.042083,0.018724
AAGTGCGTTAGAATCT-1,0.000042,0.000042,0.024452,0.006189,0.072128,0.022431,0.060299,0.180237,0.198966,0.435215
AAGTGCTTCTCTATTG-1,0.000054,0.000054,0.042393,0.003005,0.010008,0.02222,0.365628,0.051165,0.154911,0.350562
AAGTGTTTGGAGACGG-1,0.099239,0.03136,0.015318,0.105676,0.004627,0.028612,0.004024,0.025678,0.184896,0.50057
AAGTTCACTCCAAGCT-1,0.342886,0.013642,0.000064,0.000064,0.000064,0.000064,0.000064,0.050694,0.073462,0.518995
AAGTTCAGTCTGCGTA-1,0.042707,0.046654,0.019749,0.034459,0.250756,0.156541,0.034161,0.068163,0.078541,0.268268
AAGTTCGGCCAACAGG-1,0.000025,0.176752,0.149914,0.011483,0.210688,0.160734,0.180061,0.05665,0.009331,0.044363
AAGTTGTGATGTTATA-1,0.487105,0.04216,0.057869,0.232644,0.002607,0.003054,0.116461,0.011422,0.020759,0.025919
AAGTTTACTAATGGCA-1,0.000067,0.01079,0.000067,0.005311,0.259458,0.148133,0.000067,0.208275,0.143349,0.224483
AAGTTTATGGGCCCAA-1,0.027845,0.000036,0.036187,0.243955,0.008646,0.002684,0.048343,0.063748,0.083999,0.484557
AATAACAACGCTCGGC-1,0.011709,0.007907,0.012834,0.005799,0.042749,0.02159,0.097063,0.387969,0.237563,0.174817
AATAACACTAGAACAA-1,0.000027,0.000027,0.187222,0.033911,0.035278,0.083354,0.185235,0.04977,0.130455,0.29472
AATAACGTCGCGCCCA-1,0.853863,0.000017,0.04543,0.039067,0.001074,0.013337,0.030713,0.010643,0.00584,0.000017
AATAAGTCCTCGAGAC-1,0.000031,0.412194,0.043082,0.000031,0.197471,0.01962,0.005776,0.259005,0.037115,0.025676
AATAATCTTCGTATCG-1,0.512258,0.000024,0.105589,0.173417,0.000024,0.000024,0.199571,0.000024,0.008983,0.000087
AATACAATGTTTCAGG-1,0.000135,0.000135,0.000135,0.000135,0.000135,0.000135,0.000135,0.087619,0.296432,0.615005
AATACCGGAGGGCTGT-1,0.064765,0.097826,0.0758,0.015562,0.195042,0.061464,0.019559,0.07793,0.162603,0.229449
AATACCTGATGTGAAC-1,0.802773,0.000018,0.18466,0.011341,0.000018,0.001116,0.000018,0.000018,0.000018,0.000018
AATAGAACAGAGTGGC-1,0.010743,0.266732,0.022608,0.008425,0.003206,0.085424,0.087155,0.003662,0.184442,0.327604
AATAGAATCTGTTTCA-1,0.11236,0.000035,0.050694,0.140026,0.024294,0.000035,0.003708,0.082239,0.046096,0.540513
AATAGCAAGCCTCCTG-1,0.05732,0.000038,0.00912,0.096333,0.324329,0.108197,0.110023,0.114176,0.021751,0.158712
AATAGCTACCGCGTGC-1,0.02346,0.000044,0.002242,0.147762,0.081844,0.186184,0.038585,0.193951,0.021036,0.304893
AATAGGCACGACCCTT-1,0.010695,0.003179,0.102927,0.004858,0.000023,0.000023,0.646409,0.00386,0.116259,0.111767
AATAGTCCGTCCCGAC-1,0.145087,0.003814,0.000036,0.048008,0.022471,0.03661,0.004591,0.112246,0.042617,0.584519
AATAGTCGCGAGTCGG-1,0.015609,0.055135,0.102285,0.000095,0.071698,0.14708,0.000095,0.004883,0.456043,0.147078
AATATCAAGGTCGGAT-1,0.02678,0.025693,0.22787,0.006779,0.316892,0.064072,0.000032,0.307903,0.011956,0.012023
AATATCCTAGCAAACT-1,0.000051,0.000051,0.675799,0.005254,0.000051,0.000051,0.000051,0.022357,0.070359,0.225975
AATATCGAATCAATGC-1,0.373567,0.335051,0.000052,0.000052,0.000052,0.000052,0.002389,0.000052,0.167881,0.120851
AATATCGAGGGTTCTC-1,0.00003,0.102759,0.094993,0.175145,0.170042,0.08907,0.001048,0.117634,0.133399,0.115881
AATATTGGAGTATTGA-1,0.00004,0.023231,0.459977,0.00004,0.049108,0.0245,0.005178,0.193976,0.212538,0.031411
AATCAGGTTTCATTTA-1,0.000051,0.000051,0.053754,0.005403,0.125861,0.000051,0.085169,0.109354,0.098272,0.522032
AATCATGTAAAGACTC-1,0.321154,0.000064,0.000064,0.036446,0.000064,0.000064,0.000064,0.009372,0.000931,0.631775
AATCCAAGGGCCTGAG-1,0.00003,0.228477,0.033495,0.003808,0.354251,0.015654,0.12995,0.110237,0.072246,0.051852
AATCCATGCAAGGGTG-1,0.117914,0.025521,0.000061,0.000061,0.102945,0.002772,0.000061,0.272729,0.469509,0.008428
AATCCCGCTCAGAGCC-1,0.002758,0.000011,0.052449,0.49813,0.026802,0.015546,0.403506,0.000775,0.000011,0.000011
AATCGAGGTCTCAAGG-1,0.471084,0.023901,0.10057,0.289397,0.000691,0.010565,0.1006,0.003164,0.000015,0.000015
AATCGCCTCAGCGCCA-1,0.000018,0.039316,0.074476,0.249344,0.283183,0.054737,0.000018,0.245421,0.006734,0.046753
AATCGCGCAGAGGACT-1,0.132292,0.000038,0.000038,0.125767,0.000038,0.000038,0.02844,0.039898,0.008072,0.665379
AATCGGGACACTACGA-1,0.000057,0.029737,0.105575,0.000057,0.175974,0.028509,0.046177,0.166768,0.077791,0.369353
AATCGGTATAGCCCTC-1,0.959178,0.040708,0.000014,0.000014,0.000014,0.000014,0.000014,0.000014,0.000014,0.000014
AATCGTGAGCCGAGCA-1,0.214598,0.391608,0.04353,0.217702,0.01179,0.021205,0.013051,0.002857,0.025596,0.058064
AATCTAGGTTTACTTG-1,0.10269,0.005077,0.000089,0.000089,0.000089,0.000089,0.000089,0.000089,0.301465,0.590234
AATCTATGCCGGAGCC-1,0.000038,0.055028,0.009281,0.177331,0.101192,0.0744,0.028709,0.21217,0.04611,0.295742
AATCTCTACTGTGGTT-1,0.067115,0.01563,0.144942,0.004812,0.14329,0.194329,0.018995,0.017166,0.393647,0.000076
AATCTGCGTTGGGACG-1,0.000019,0.047262,0.158739,0.120003,0.304839,0.134555,0.003656,0.136397,0.018128,0.076403
AATCTGGCTTTCTAGT-1,0.01639,0.046323,0.000089,0.000089,0.000089,0.000089,0.02566,0.000089,0.594797,0.316386
AATCTGGGTAGACCCT-1,0.000043,0.135441,0.043763,0.003621,0.162226,0.093925,0.077529,0.163257,0.07307,0.247125
AATGACAGCAATGTCT-1,0.000032,0.26194,0.120871,0.000032,0.153527,0.028021,0.019396,0.158946,0.137481,0.119754
AATGACGTAGGATGTC-1,0.085611,0.502156,0.00109,0.002323,0.036047,0.01026,0.001638,0.207885,0.015691,0.1373
AATGACTGTCAGCCGG-1,0.043735,0.066511,0.066728,0.030229,0.114635,0.13784,0.142577,0.069065,0.104221,0.224458
AATGAGTTCGCATATG-1,0.211421,0.064509,0.000081,0.000081,0.000081,0.000081,0.000081,0.107227,0.578471,0.037965
AATGATGATACGCTAT-1,0.000029,0.002182,0.010653,0.08469,0.380155,0.273175,0.036626,0.056869,0.019747,0.135875
AATGATGCGACTCCTG-1,0.000019,0.05343,0.125056,0.142665,0.368753,0.198177,0.000019,0.103442,0.000329,0.008111
AATGCAACCGGGTACC-1,0.031233,0.005149,0.025397,0.171604,0.267166,0.17184,0.031732,0.134747,0.024369,0.136763
AATGCACCAAGCAATG-1,0.014839,0.032387,0.012817,0.076994,0.219706,0.471227,0.000017,0.151731,0.00976,0.010522
AATGGCCGCCAATGCG-1,0.000017,0.194313,0.003797,0.013903,0.078415,0.026965,0.349356,0.194966,0.029895,0.108371
AATGGTCCACCGTTCA-1,0.000096,0.015821,0.070392,0.000096,0.000096,0.000096,0.010243,0.000287,0.520333,0.382538
AATGGTTCTCACAAGC-1,0.000034,0.330059,0.102478,0.013744,0.184272,0.142881,0.034064,0.129416,0.062511,0.000542
AATGTATGGCACTGTA-1,0.090595,0.000134,0.000134,0.000134,0.000134,0.000134,0.004339,0.000134,0.664486,0.239775
AATGTGCCCGAGGTGT-1,0.000029,0.013,0.286595,0.004938,0.357701,0.055297,0.018028,0.159869,0.09623,0.008312
AATGTGCTAATCTGAG-1,0.000026,0.324094,0.063319,0.000026,0.043278,0.037851,0.084689,0.146967,0.06055,0.2392
AATGTTAAGACCCTGA-1,0.39026,0.188412,0.025931,0.034216,0.000027,0.000027,0.357894,0.000027,0.00318,0.000027
AATGTTGTCGTGAGAC-1,0.945798,0.004034,0.005433,0.000021,0.005059,0.009665,0.000021,0.029924,0.000021,0.000021
AATTAAAGGTCGGCGT-1,0.043718,0.235228,0.012885,0.015628,0.043223,0.387099,0.098266,0.064148,0.06149,0.038315
AATTAACGGATTTCCA-1,0.011626,0.000425,0.10687,0.181666,0.119739,0.049899,0.002804,0.339666,0.021048,0.166258
AATTACGAGACCCATC-1,0.000145,0.000145,0.000145,0.000145,0.000145,0.000145,0.100668,0.000145,0.517103,0.381218
AATTACTCGTACGCTC-1,0.03182,0.043725,0.113415,0.00015,0.04269,0.265449,0.00015,0.00015,0.502303,0.00015
AATTAGCGCTGCAGCG-1,0.018354,0.03755,0.186508,0.170673,0.349895,0.21112,0.000013,0.025862,0.000013,0.000013
AATTATACCCAGCAAG-1,0.550183,0.137928,0.06183,0.111183,0.00002,0.000656,0.099457,0.004769,0.026972,0.007002
AATTCATAAGGGATCT-1,0.015796,0.031617,0.008936,0.112181,0.15864,0.063021,0.015709,0.220997,0.104017,0.269086
AATTCATTGTCATGCA-1,0.179987,0.000174,0.000174,0.000174,0.000174,0.000174,0.000174,0.000174,0.818619,0.000174
AATTCCAAGCATGTAC-1,0.022322,0.150108,0.097748,0.08198,0.053232,0.243665,0.013983,0.05973,0.041887,0.235345
AATTCGATTCGAGGAT-1,0.243567,0.073043,0.015749,0.052068,0.000056,0.028861,0.042019,0.023572,0.316749,0.204318
AATTCTAGAGTTAGGC-1,0.00004,0.00004,0.010434,0.25977,0.125445,0.053765,0.00004,0.135407,0.052732,0.362327
AATTGAACGCTCTGGT-1,0.088647,0.02201,0.014228,0.058946,0.077808,0.011704,0.012816,0.153508,0.034405,0.525927
AATTGCAGCAATCGAC-1,0.719422,0.06506,0.00716,0.004535,0.000039,0.000039,0.004931,0.022991,0.036827,0.138996
AATTGCGTGGATTACA-1,0.029692,0.087133,0.000102,0.000102,0.000102,0.000102,0.000102,0.000102,0.77472,0.107844
AATTGTGGTTGCCAAA-1,0.876786,0.015093,0.000017,0.000042,0.000017,0.000017,0.089926,0.000017,0.009929,0.008155
AATTTGGGACATAGTA-1,0.00003,0.020797,0.00003,0.088847,0.339885,0.304605,0.007628,0.214175,0.00003,0.023973
AATTTGGTTCCAAAGA-1,0.000025,0.210296,0.017701,0.001445,0.320568,0.366246,0.012647,0.062804,0.00331,0.004957
ACAAACCATGCGTCCT-1,0.000061,0.000061,0.02419,0.000061,0.062587,0.004792,0.10856,0.000061,0.596199,0.203429
ACAAACCGACAAGGCG-1,0.000033,0.422853,0.000033,0.000033,0.000033,0.000033,0.072542,0.028734,0.115397,0.36031
ACAAACTCCATCAGAG-1,0.000025,0.027285,0.471542,0.132358,0.161501,0.015322,0.191582,0.000373,0.000006,0.000006
ACAAAGAAGGTAGGCC-1,0.000071,0.428462,0.000071,0.000071,0.000071,0.000071,0.09477,0.000071,0.459781,0.016561
ACAAAGCATGACCTAG-1,0.835512,0.006962,0.045419,0.000565,0.001595,0.003148,0.000025,0.012314,0.036253,0.058207
ACAAATCGCACCGAAT-1,0.094814,0.000036,0.000532,0.094716,0.056686,0.008339,0.020793,0.0885,0.06853,0.567055
ACAAATGGTAGTGTTT-1,0.099479,0.065466,0.001692,0.113168,0.116496,0.034794,0.000023,0.431971,0.032022,0.104888
ACAAATTCAGATCTGA-1,0.000023,0.041977,0.058607,0.007451,0.671652,0.108878,0.008794,0.070939,0.019699,0.011979
ACAACAGCATGAGCTA-1,0.078625,0.000029,0.006651,0.114726,0.047571,0.113325,0.025199,0.073789,0.157133,0.382952
ACAACGGTCCCTGCGA-1,0.000045,0.213164,0.152768,0.000045,0.014611,0.003334,0.012252,0.19984,0.172542,0.231397
ACAAGCAGTGCCTAGC-1,0.000029,0.192957,0.304565,0.002196,0.086148,0.009988,0.014743,0.297881,0.028898,0.062597
ACAAGCTATATGGAAG-1,0.000037,0.040143,0.856794,0.000037,0.000825,0.000595,0.032404,0.005079,0.061522,0.002564
ACAAGGAAATCCGCCC-1,0.025812,0.018602,0.361191,0.09027,0.170841,0.131537,0.000014,0.121664,0.032422,0.047648
ACAAGGACAAGAGGTT-1,0.018915,0.00005,0.018651,0.006386,0.072769,0.011023,0.151691,0.186137,0.149908,0.384469
ACAAGGATGCTTTAGG-1,0.549266,0.03502,0.000049,0.000049,0.000049,0.000049,0.000049,0.00107,0.035467,0.378933
ACAAGGCCTACCAGCC-1,0.001084,0.07674,0.000049,0.003385,0.077101,0.010484,0.272822,0.194699,0.062603,0.301032
ACAAGGGCAGGCTCTG-1,0.042874,0.031488,0.168653,0.104494,0.355227,0.237861,0.000014,0.053878,0.000934,0.004577
ACAAGTAATTGTAAGG-1,0.077497,0.065101,0.000034,0.000034,0.000034,0.000034,0.334036,0.000034,0.479509,0.043687
ACAATAGTCGTACGTT-1,0.057318,0.244759,0.042302,0.00007,0.00007,0.00007,0.00007,0.081345,0.281592,0.292402
ACAATCCATTTAAACC-1,0.000043,0.134082,0.021497,0.007489,0.276177,0.015459,0.036175,0.094114,0.092198,0.322764
ACAATCGATCTTTATA-1,0.000067,0.076868,0.009846,0.017047,0.207681,0.018227,0.118777,0.256746,0.035854,0.258885
ACAATGAATACGGAGA-1,0.000038,0.000038,0.130476,0.012394,0.180866,0.011305,0.104796,0.172402,0.067106,0.32058
ACAATGATTCTTCTAC-1,0.0086,0.001,0.07261,0.023255,0.594218,0.145232,0.131774,0.017025,0.000242,0.006045
ACAATTGTGTCTCTTT-1,0.343855,0.000051,0.047184,0.048934,0.06657,0.052819,0.006624,0.140451,0.08294,0.210571
ACAATTTAGGAGGCTC-1,0.102504,0.050089,0.180573,0.000059,0.029686,0.216734,0.033375,0.051665,0.327927,0.007388
ACAATTTGAGCAGTGG-1,0.009302,0.084797,0.000031,0.073755,0.03533,0.03101,0.071351,0.196638,0.03004,0.467746
ACAATTTGGCCATATT-1,0.432099,0.015635,0.006146,0.002417,0.000045,0.000045,0.302135,0.035599,0.021476,0.184403
ACACAAAGACGGGTGG-1,0.001373,0.042236,0.019755,0.008027,0.503088,0.274202,0.093548,0.027527,0.027726,0.002517
ACACAAATATTCCTAG-1,0.016513,0.072002,0.010965,0.19798,0.050432,0.087902,0.352298,0.052402,0.097092,0.062414
ACACACCAGGACCAGT-1,0.111158,0.004187,0.005151,0.14194,0.081419,0.004639,0.000591,0.256324,0.043765,0.350828
ACACACTTTCTACACG-1,0.123435,0.078727,0.045606,0.0122,0.265486,0.199784,0.018995,0.207414,0.021527,0.026825
ACACATGATCAAATCT-1,0.093388,0.147525,0.00007,0.00007,0.00007,0.00007,0.00007,0.00007,0.755713,0.002955
ACACATTTCCGTAGAC-1,0.102515,0.000283,0.310852,0.3691,0.014042,0.033705,0.141989,0.016168,0.000977,0.01037
ACACCACATAATTAGC-1,0.000017,0.000027,0.304391,0.41922,0.077192,0.045854,0.011062,0.095107,0.011735,0.035395
ACACCCAGCATGCAGC-1,0.075086,0.041759,0.030488,0.006531,0.080703,0.190595,0.03888,0.312687,0.102138,0.121134
ACACCCGAGAAATCCG-1,0.000029,0.35344,0.081016,0.02065,0.094542,0.020234,0.062311,0.068561,0.09287,0.206346
ACACCCGTAAATCTGT-1,0.000019,0.016827,0.023698,0.11968,0.273692,0.019094,0.295219,0.176367,0.028451,0.046954
ACACCGAGCGCTCTTT-1,0.042566,0.14128,0.013059,0.000105,0.000105,0.115169,0.000105,0.000105,0.687403,0.000105
ACACCGGTCTGACCGC-1,0.086649,0.019286,0.000073,0.000073,0.000073,0.000073,0.018746,0.000073,0.322891,0.552065
ACACCTTAAGTAGGGC-1,0.024146,0.200052,0.000049,0.023697,0.090771,0.128328,0.131493,0.230166,0.073869,0.09743
ACACCTTACTACTTGC-1,0.15973,0.000047,0.036489,0.148272,0.002039,0.01155,0.00239,0.276129,0.060191,0.303163
ACACGAGACTCCTTCT-1,0.000019,0.011708,0.004604,0.197738,0.236309,0.308851,0.006728,0.127115,0.014471,0.092456
ACACGGCACTATGCAT-1,0.000063,0.000063,0.000063,0.028588,0.010672,0.000063,0.00456,0.508179,0.000063,0.447688
ACACGGGAACTTAGGG-1,0.002123,0.011897,0.109715,0.074618,0.144441,0.438178,0.057143,0.017853,0.050814,0.093218
ACACGTAGGCCACAAG-1,0.736512,0.000066,0.000066,0.000066,0.000066,0.000066,0.000066,0.000066,0.066956,0.196068
ACACTCCAATGTCACT-1,0.052911,0.114125,0.00367,0.00011,0.00011,0.00011,0.00011,0.00011,0.828633,0.00011
ACACTGATCAAGGTGT-1,0.072884,0.138299,0.010273,0.034057,0.13404,0.320367,0.009819,0.058651,0.066368,0.155242
ACACTGGGACAGTCGT-1,0.794569,0.017019,0.000028,0.025691,0.034741,0.002464,0.000028,0.125406,0.000028,0.000028
ACAGAACTGAGAACAA-1,0.00002,0.00002,0.688793,0.003412,0.25993,0.010576,0.00002,0.020212,0.013503,0.003514
ACAGATTAGGTTAGTG-1,0.00006,0.327585,0.036426,0.00006,0.167507,0.0128,0.000459,0.175903,0.130573,0.148626
ACAGCATAGAGCCAGT-1,0.00003,0.134967,0.110016,0.008694,0.429314,0.038235,0.006713,0.20234,0.02589,0.043801
ACAGCGACATTCTCAT-1,0.775518,0.029307,0.026284,0.008585,0.030425,0.050687,0.000039,0.043443,0.000654,0.035057
ACAGCGCACCCGCAGC-1,0.012694,0.047281,0.003933,0.021902,0.147556,0.166106,0.046235,0.187217,0.002648,0.364429
ACAGGCACGGATCCTT-1,0.814962,0.165226,0.019661,0.000022,0.000022,0.000022,0.000022,0.000022,0.000022,0.000022
ACAGGCTTGCCCGACT-1,0.03346,0.022063,0.259894,0.526979,0.055614,0.08539,0.000639,0.009627,0.000017,0.006318
ACAGGTGGAGGTGAGG-1,0.002313,0.142314,0.008747,0.044365,0.082159,0.030376,0.15419,0.058846,0.192577,0.284114
ACAGGTGTGTTGTTGC-1,0.000046,0.000046,0.555223,0.002017,0.0963,0.002933,0.058613,0.074563,0.179433,0.030826
ACAGTAATACAACTTG-1,0.057744,0.039732,0.000089,0.014993,0.000089,0.000089,0.000089,0.000089,0.590684,0.2964
ACAGTATACCGTGGGA-1,0.000037,0.008871,0.035618,0.177792,0.106015,0.183018,0.23294,0.113051,0.017634,0.125025
ACAGTGCAGCGCATTT-1,0.047786,0.118448,0.179877,0.036831,0.362872,0.045631,0.163104,0.04017,0.001115,0.004166
ACATAAGTCGTGGTGA-1,0.040004,0.000146,0.000146,0.000146,0.000146,0.000146,0.037169,0.000146,0.808819,0.113132
ACATAATAAGGCGGTG-1,0.037194,0.016037,0.080713,0.066509,0.162685,0.548939,0.020748,0.056697,0.003033,0.007445
ACATACAATCAAGCGG-1,0.467822,0.000015,0.226016,0.279684,0.000015,0.000015,0.026389,0.000015,0.000015,0.000015
ACATCAGCTGGGACGC-1,0.036336,0.038642,0.033291,0.00062,0.15241,0.140727,0.00896,0.012165,0.4579,0.118948
ACATCCCGGCCATACG-1,0.012142,0.000022,0.004733,0.255507,0.279783,0.214981,0.006867,0.11681,0.020969,0.088187
ACATCCTGGTAACTGT-1,0.226846,0.023393,0.000044,0.01486,0.00248,0.023195,0.000044,0.117528,0.035028,0.556582
ACATCGATCGTTTACC-1,0.041455,0.542364,0.010406,0.02451,0.017386,0.068595,0.050807,0.093179,0.011821,0.139477
ACATCGCAATATTCGG-1,0.011572,0.025252,0.387614,0.008794,0.00017,0.003959,0.315494,0.008542,0.219696,0.018907
ACATCGGTCAGCCGCG-1,0.017455,0.106941,0.098521,0.002911,0.164127,0.136329,0.076731,0.192101,0.038204,0.166681
ACATCGTATGCAATGG-1,0.024678,0.000036,0.000036,0.113568,0.015378,0.000036,0.004877,0.268051,0.001093,0.572249
ACATCGTTAACCTAGT-1,0.000043,0.05676,0.000043,0.006889,0.18827,0.027958,0.051496,0.435392,0.064464,0.168685
ACATCTCAACGCGTAA-1,0.000057,0.003004,0.000057,0.001973,0.049599,0.041507,0.040173,0.206151,0.0886,0.56888
ACATGCTTACGGCAGC-1,0.00007,0.00007,0.00007,0.00007,0.00007,0.00007,0.255967,0.00007,0.566552,0.176992
ACATGGCGCCAAAGTA-1,0.223784,0.430812,0.001718,0.013849,0.006648,0.010632,0.009849,0.035752,0.091306,0.17565
ACATGGCTCAATTTAG-1,0.047472,0.148475,0.000098,0.000098,0.226693,0.027605,0.000098,0.02337,0.525992,0.000098
ACATTAGTTTATATCC-1,0.053615,0.048908,0.031664,0.134384,0.243752,0.442428,0.000015,0.045206,0.000015,0.000015
ACATTCGCGCGGAATA-1,0.00002,0.046486,0.311774,0.00476,0.036674,0.004832,0.18542,0.082668,0.106353,0.221013
ACATTTGAAACCTAAC-1,0.94436,0.000024,0.035164,0.000024,0.000024,0.000024,0.010764,0.000024,0.009569,0.000024
