Barcode,Topic 1,Topic 2to4,Topic 5to6,Topic 7to9,Topic 10,Topic 11to12
AAACAAGTATCTCCCA-1,0.00001,0.063593,0.085083,0.814982,0.03316,0.003172
AAACAATCTACTAGCA-1,0.000019,0.000056,0.044767,0.886656,0.068466,0.000037
AAACACCAATAACTGC-1,0.997613,0.000651,0.000434,0.000651,0.000217,0.000434
AAACAGAGCGACTCCT-1,0.000064,0.670173,0.074456,0.146692,0.000064,0.10855
AAACAGGGTCTATATT-1,0.062894,0.190352,0.136741,0.353264,0.000019,0.25673
AAACAGTGTTCCTGGG-1,0.81088,0.178517,0.000061,0.01045,0.000031,0.000061
AAACATTTCCCGGATT-1,0.000017,0.071834,0.061759,0.576121,0.003484,0.286784
AAACCCGAACGAAATC-1,0.000037,0.667039,0.007117,0.028764,0.000037,0.297006
AAACCGGGTAGGTACC-1,0.321351,0.014152,0.263807,0.236491,0.029494,0.134704
AAACCGTTCGTCCAGG-1,0.636487,0.363278,0.000059,0.000088,0.000029,0.000059
AAACCTAAGCAGCCGG-1,0.011087,0.000031,0.029448,0.265111,0.029708,0.664615
AAACCTCATGAAGTTG-1,0.279233,0.142454,0.144187,0.03764,0.000033,0.396453
AAACGAAGAACATACC-1,0.000011,0.20837,0.222917,0.557069,0.011611,0.000022
AAACGAGACGGTTGAT-1,0.085457,0.037381,0.424392,0.23204,0.023762,0.196967
AAACGGGCGTACGGGT-1,0.00002,0.153045,0.01453,0.125628,0.064931,0.641845
AAACGGGTTGGTATCC-1,0.000049,0.550249,0.059943,0.023093,0.041307,0.325359
AAACGGTTGCGAACTG-1,0.019328,0.037602,0.000023,0.186327,0.756695,0.000023
AAACTCGGTTCGCAAT-1,0.165277,0.080094,0.000063,0.000094,0.020299,0.734173
AAACTGCTGGCTCCAA-1,0.028411,0.387117,0.056052,0.043967,0.000021,0.484433
AAACTTAATTGCACGC-1,0.832207,0.000106,0.000071,0.000106,0.16744,0.000071
AAACTTGCAAACGTAT-1,0.249728,0.0002,0.045585,0.38153,0.000025,0.322933
AAAGAATGTGGACTAA-1,0.00001,0.004146,0.020996,0.743593,0.063666,0.167588
AAAGACCCAAGTCGCG-1,0.000012,0.161295,0.66768,0.077731,0.090267,0.003015
AAAGACTGGGCGCTTT-1,0.107805,0.155225,0.362197,0.004651,0.278403,0.091719
AAAGGCCCTATAATAC-1,0.740445,0.255276,0.000067,0.0001,0.004045,0.000067
AAAGGCTACGGACCAT-1,0.25717,0.035138,0.000059,0.065354,0.056958,0.585322
AAAGGCTCTCGCGCCG-1,0.193153,0.076062,0.016607,0.017124,0.000046,0.697007
AAAGGGATGTAGCAAG-1,0.004338,0.033471,0.184153,0.300757,0.164686,0.312594
AAAGGGCAGCTTGAAT-1,0.125005,0.171565,0.395007,0.198825,0.005981,0.103617
AAAGTAGCATTGCTCA-1,0.756525,0.232724,0.00009,0.000135,0.010435,0.00009
AAAGTCACTGATGTAA-1,0.000022,0.000066,0.742563,0.206266,0.002007,0.049076
AAAGTCGACCCTCAGT-1,0.064666,0.163637,0.200867,0.371286,0.000025,0.19952
AAAGTGTGATTTATCT-1,0.011441,0.27565,0.11238,0.136926,0.036102,0.427501
AAAGTTGACTCCCGTA-1,0.000608,0.09081,0.373555,0.149969,0.008686,0.376371
AAATAACCATACGGGA-1,0.000011,0.000665,0.237293,0.761999,0.000011,0.000021
AAATACCTATAAGCAT-1,0.015854,0.142468,0.251307,0.188464,0.000014,0.401892
AAATAGCTTAGACTTT-1,0.000014,0.000041,0.0021,0.750982,0.246836,0.000027
AAATAGGGTGCTATTG-1,0.020529,0.000025,0.369043,0.380691,0.065583,0.164129
AAATCCGATACACGCC-1,0.000012,0.000037,0.006814,0.237606,0.010328,0.745202
AAATCGTGTACCACAA-1,0.09505,0.227993,0.000083,0.105327,0.004393,0.567153
AAATCTAGCCCTGCTA-1,0.000016,0.007263,0.158762,0.576105,0.005249,0.252606
AAATGACTGATCAAAC-1,0.20851,0.002508,0.000049,0.217969,0.196982,0.373982
AAATGCTCGTTACGTT-1,0.000028,0.007831,0.825116,0.143795,0.000028,0.023203
AAATGGCATGTCTTGT-1,0.000029,0.000088,0.369245,0.438853,0.000029,0.191756
AAATGGCCCGTGCCCT-1,0.408888,0.410456,0.000064,0.067472,0.046766,0.066353
AAATGGTCAATGTGCC-1,0.041643,0.260133,0.357502,0.090214,0.000031,0.250478
AAATGTGGGTGCTCCT-1,0.01081,0.187045,0.101912,0.306286,0.050637,0.343311
AAATTAACGGGTAGCT-1,0.015263,0.102377,0.145018,0.4321,0.00173,0.303513
AAATTACACGACTCTG-1,0.000012,0.049873,0.324307,0.625771,0.000012,0.000024
AAATTACCTATCGATG-1,0.020107,0.0071,0.591799,0.265608,0.019664,0.095722
AAATTCCAGGTCCAAA-1,0.016161,0.74814,0.031264,0.134221,0.058451,0.011763
AAATTGATAGTCCTTT-1,0.363577,0.000068,0.000046,0.26865,0.367614,0.000046
AAATTGCGGCGGTTCT-1,0.002576,0.257829,0.328655,0.348553,0.000038,0.062349
AAATTTGCGGGTGTGG-1,0.733579,0.091049,0.093313,0.000109,0.000036,0.081912
AACAACTGGTAGTTGC-1,0.000017,0.004053,0.220215,0.653399,0.122281,0.000035
AACAATACATTGTCGA-1,0.872372,0.056429,0.000079,0.000118,0.000039,0.070963
AACAATTACTCTACGC-1,0.020126,0.249508,0.511432,0.159399,0.000029,0.059505
AACACACGCTCGCCGC-1,0.000016,0.055877,0.256089,0.347633,0.023843,0.316541
AACACGACTGTACTGA-1,0.000048,0.115024,0.141213,0.439852,0.000048,0.303815
AACACGAGACGCGGCC-1,0.103489,0.096634,0.005486,0.720044,0.069812,0.004535
AACACGCGGCCGCGAA-1,0.06773,0.108194,0.446097,0.355726,0.021929,0.000324
AACAGCTGTGTGGCAA-1,0.840836,0.00013,0.041684,0.007811,0.001243,0.108295
AACAGGAAATCGAATA-1,0.000016,0.288835,0.593822,0.076655,0.000016,0.040657
AACAGGATGGGCCGCG-1,0.045255,0.004118,0.636028,0.304192,0.01029,0.000117
AACAGGTAGTATGGAT-1,0.05295,0.946653,0.000099,0.000149,0.00005,0.000099
AACATAGCGTGTATCG-1,0.003998,0.028061,0.122857,0.066268,0.018087,0.760729
AACATATCAACTGGTG-1,0.000014,0.001323,0.348203,0.646739,0.000014,0.003707
AACATTGAAGTTGATC-1,0.846415,0.000098,0.000065,0.000355,0.153001,0.000065
AACATTGGTCAGCCGT-1,0.020486,0.906232,0.00922,0.063869,0.000064,0.000129
AACATTGTGACTCGAG-1,0.304177,0.177671,0.002207,0.003342,0.000037,0.512566
AACCAAGACTTCTCTG-1,0.095862,0.137109,0.248261,0.184106,0.000032,0.33463
AACCATAGGGTTGAAC-1,0.496,0.084937,0.06282,0.11878,0.222981,0.014482
AACCATGGGATCGCTA-1,0.006646,0.659009,0.205715,0.000116,0.054974,0.07354
AACCCAGAGACGGAGA-1,0.000017,0.028669,0.790747,0.162013,0.000017,0.018538
AACCCATCCCATGATC-1,0.314695,0.305092,0.037431,0.000282,0.000094,0.342406
AACCCGACAACCCGTG-1,0.64544,0.292798,0.00009,0.001255,0.052439,0.007978
AACCCGAGCAGAATCG-1,0.02735,0.972307,0.000086,0.000129,0.000043,0.000086
AACCCGCTGTATTCCA-1,0.105205,0.159508,0.003233,0.107463,0.624563,0.000027
AACCCTACTGTCAATA-1,0.000018,0.001698,0.297426,0.481087,0.016062,0.203709
AACCCTGGTGGAACCA-1,0.022094,0.233343,0.198299,0.508907,0.005696,0.031661
AACCGAGCTTGGTCAT-1,0.034035,0.032806,0.38124,0.145329,0.036036,0.370554
AACCGCTAAGGGATGC-1,0.00002,0.456163,0.079989,0.12765,0.00002,0.336157
AACCGTTGTGTTTGCT-1,0.102028,0.465366,0.326208,0.047266,0.000048,0.059084
AACCTCGCTTTAGCCC-1,0.000015,0.081431,0.126861,0.000229,0.098334,0.693129
AACCTTTAAATACGGT-1,0.04797,0.000142,0.269127,0.126241,0.000017,0.556503
AACCTTTACGACGTCT-1,0.000021,0.000064,0.116102,0.883273,0.000021,0.000518
AACGATAATGCCGTAG-1,0.109755,0.001585,0.090191,0.028022,0.000022,0.770425
AACGATAGAAGGGCCG-1,0.060286,0.064505,0.663538,0.140344,0.008498,0.062829
AACGATATGTCAACTG-1,0.000011,0.000033,0.801142,0.047166,0.136174,0.015474
AACGCATGATCTGGGT-1,0.000056,0.999494,0.000112,0.000169,0.000056,0.000112
AACGCGAACGGCAACA-1,0.01988,0.069672,0.345154,0.464756,0.100064,0.000474
AACGCGACCTTGGGCG-1,0.186191,0.088001,0.038963,0.356657,0.218295,0.111894
AACGCGGTCTCCAGCC-1,0.038446,0.406649,0.292322,0.00751,0.014413,0.240659
AACGCTGTTGCTGAAA-1,0.000014,0.285019,0.2563,0.348071,0.012405,0.098191
AACGGACGTACGTATA-1,0.00002,0.064688,0.330977,0.111376,0.008591,0.484349
AACGGCCATCTCCGGT-1,0.493393,0.506383,0.000056,0.000084,0.000028,0.000056
AACGTACTGTGGGTAC-1,0.357196,0.642441,0.000091,0.000136,0.000045,0.000091
AACGTAGTCTACCCAT-1,0.06086,0.660848,0.044304,0.212262,0.021688,0.000038
AACGTCAGACTAGTGG-1,0.053567,0.025658,0.624567,0.107961,0.188179,0.000068
AACGTCGCTGCACTTC-1,0.001406,0.242141,0.10885,0.452153,0.000855,0.194595
AACGTGATGAAGGACA-1,0.000032,0.076567,0.002784,0.634065,0.10533,0.181222
AACGTGCGAAAGTCTC-1,0.02954,0.160579,0.216203,0.141468,0.001609,0.450602
AACTACCCGTTTGTCA-1,0.000065,0.76832,0.00013,0.000195,0.000065,0.231225
AACTAGCGTATCGCAC-1,0.000039,0.206595,0.345078,0.315043,0.028055,0.105191
AACTAGGCTTGGGTGT-1,0.062462,0.30549,0.031827,0.202865,0.026661,0.370695
AACTCAAGTTAATTGC-1,0.138039,0.179709,0.048193,0.1216,0.00768,0.504779
AACTCCAGAGCGTGTT-1,0.018974,0.004493,0.072585,0.308471,0.008809,0.586668
AACTCCTAATCCCATG-1,0.000033,0.519265,0.249411,0.16668,0.000033,0.064578
AACTCGATGGCGCAGT-1,0.000021,0.059631,0.358225,0.58206,0.000021,0.000042
AACTCTCAATAGAGCG-1,0.042042,0.332741,0.401757,0.062257,0.000028,0.161176
AACTCTCAGTGTGCTC-1,0.367901,0.021742,0.137496,0.366063,0.000037,0.106762
AACTGATATTAGGCCT-1,0.000032,0.442307,0.333065,0.015481,0.000032,0.209085
AACTGGGTCCCGACGT-1,0.00001,0.000031,0.676414,0.090044,0.079083,0.154417
AACTGGTGTGGGCCTT-1,0.000024,0.097328,0.564088,0.241328,0.043829,0.053403
AACTTCTGCGTCTATC-1,0.038918,0.42542,0.393015,0.137771,0.000029,0.004848
AACTTGCCCGTATGCA-1,0.097662,0.542669,0.135136,0.080509,0.129866,0.014158
AACTTGCGTTCTCGCG-1,0.022515,0.029954,0.763451,0.147832,0.000024,0.036223
AACTTTAGCTGCTGAG-1,0.000026,0.235775,0.056063,0.701042,0.000919,0.006174
AAGAAGGATCAGTTAG-1,0.005548,0.730758,0.202314,0.01726,0.01954,0.02458
AAGACATACGTGGTTT-1,0.002734,0.943251,0.000072,0.000109,0.001489,0.052345
AAGACCCAACTGAACA-1,0.342296,0.00098,0.000067,0.000101,0.000034,0.656522
AAGACTAACCCGTTGT-1,0.000028,0.229717,0.334429,0.434162,0.000028,0.001636
AAGACTGCAAGCTACT-1,0.000082,0.000247,0.000164,0.000247,0.000082,0.999178
AAGAGATGAATCGGTA-1,0.149821,0.183489,0.499318,0.134345,0.000033,0.032994
AAGAGCTCTTTATCGG-1,0.001874,0.000038,0.631321,0.209068,0.002177,0.155522
AAGAGGATGTACGCGA-1,0.179818,0.031458,0.11467,0.412804,0.000023,0.261226
AAGAGGCATGGATCGC-1,0.022395,0.398892,0.109834,0.080371,0.000018,0.38849
AAGAGGCCCTTTGGAA-1,0.00004,0.428818,0.001671,0.119085,0.052792,0.397595
AAGATGGCACCGGACC-1,0.754735,0.132787,0.000088,0.000132,0.000044,0.112215
AAGATTGGCGGAACGT-1,0.000014,0.000041,0.594264,0.340449,0.022262,0.042971
AAGCACCCTGCGTATC-1,0.080483,0.040774,0.029119,0.141382,0.048911,0.659331
AAGCATACTCTCCTGA-1,0.053148,0.089318,0.088009,0.349119,0.090966,0.329442
AAGCCACTTGCAGGTA-1,0.996474,0.000077,0.000052,0.000077,0.003268,0.000052
AAGCCGAAGCGGTTTA-1,0.000018,0.000054,0.048794,0.817284,0.009527,0.124323
AAGCCGCCGTGAAATC-1,0.734009,0.205638,0.000074,0.060126,0.000081,0.000074
AAGCGCAGGGCTTTGA-1,0.142522,0.064913,0.000078,0.000117,0.089651,0.702719
AAGCGTCCCTCATCGA-1,0.74863,0.033231,0.072898,0.09196,0.053204,0.000077
AAGCTAGATCGAGTAA-1,0.025372,0.015736,0.177876,0.232261,0.000016,0.548739
AAGCTCGTGCCAAGTC-1,0.019134,0.204555,0.320062,0.096231,0.001498,0.35852
AAGCTCTTTCATGGTG-1,0.000542,0.039745,0.285827,0.000078,0.159526,0.514282
AAGGAGAACTTATAAG-1,0.000021,0.143163,0.228099,0.596377,0.000154,0.032185
AAGGAGCGGTTGGTGC-1,0.060539,0.130906,0.421019,0.186922,0.000036,0.200579
AAGGATCGATCGCTTG-1,0.00006,0.104597,0.05031,0.235281,0.00006,0.609692
AAGGATGAGGGACCTC-1,0.000018,0.019006,0.697955,0.127761,0.001655,0.153606
AAGGCGCGTAAAGCTT-1,0.041574,0.119842,0.716848,0.003819,0.106631,0.011287
AAGGCTGTGCTCATCG-1,0.019626,0.000053,0.182143,0.781401,0.016742,0.000035
AAGGGAACGACTGGCT-1,0.665456,0.012894,0.056274,0.087271,0.000067,0.178039
AAGGGACAGATTCTGT-1,0.000012,0.107914,0.500103,0.299101,0.032376,0.060495
AAGGGACTATGCATTC-1,0.849228,0.150209,0.000141,0.000211,0.00007,0.000141
AAGGTATCCTAATATA-1,0.000009,0.130268,0.575891,0.239277,0.000009,0.054546
AAGGTGATAAACCAGC-1,0.000017,0.004412,0.508369,0.126771,0.000365,0.360067
AAGTAAGCTTCCAAAC-1,0.061024,0.232749,0.424821,0.253772,0.013875,0.01376
AAGTAGAAGACCGGGT-1,0.036347,0.157459,0.549518,0.220726,0.014583,0.021367
AAGTAGTGACGCGAGG-1,0.043314,0.368634,0.185606,0.227122,0.000039,0.175286
AAGTCAATTGTCGTCA-1,0.000025,0.168791,0.25729,0.313935,0.000025,0.259934
AAGTGACGACCGAATT-1,0.08514,0.000046,0.000883,0.758712,0.04269,0.11253
AAGTGAGTCGGGTTTA-1,0.49319,0.070842,0.021098,0.279088,0.000037,0.135744
AAGTGCCTTGACTGTA-1,0.000014,0.009743,0.337948,0.611479,0.000014,0.040802
AAGTGCGTTAGAATCT-1,0.269639,0.244209,0.000049,0.477052,0.009001,0.000049
AAGTGCTTCTCTATTG-1,0.756887,0.130901,0.007851,0.067113,0.037164,0.000085
AAGTGTTTGGAGACGG-1,0.072115,0.007682,0.373622,0.069783,0.000017,0.476779
AAGTTCACTCCAAGCT-1,0.115366,0.025867,0.269881,0.041599,0.000023,0.547264
AAGTTCAGTCTGCGTA-1,0.000052,0.632297,0.240299,0.106359,0.000052,0.020941
AAGTTCGGCCAACAGG-1,0.548868,0.12432,0.173467,0.089725,0.000037,0.063582
AAGTTGTGATGTTATA-1,0.036555,0.01159,0.016852,0.699736,0.223532,0.011735
AAGTTTACTAATGGCA-1,0.000015,0.000046,0.2192,0.780694,0.000015,0.00003
AAGTTTATGGGCCCAA-1,0.008594,0.013862,0.041273,0.101,0.775589,0.059681
AATAACAACGCTCGGC-1,0.086898,0.731699,0.01722,0.016927,0.034648,0.112607
AATAACACTAGAACAA-1,0.527643,0.419555,0.000085,0.000128,0.000043,0.052545
AATAACGTCGCGCCCA-1,0.017882,0.981994,0.000031,0.000047,0.000016,0.000031
AATAAGTCCTCGAGAC-1,0.000025,0.023125,0.119715,0.699838,0.157015,0.000281
AATACAATGTTTCAGG-1,0.00001,0.125399,0.343034,0.477768,0.053769,0.00002
AATACCGGAGGGCTGT-1,0.427071,0.000067,0.000045,0.504723,0.068049,0.000045
AATACCTGATGTGAAC-1,0.000012,0.310708,0.236737,0.253149,0.013696,0.185698
AATAGAACAGAGTGGC-1,0.59652,0.40321,0.000067,0.000101,0.000034,0.000068
AATAGAATCTGTTTCA-1,0.009602,0.003477,0.473954,0.056058,0.000014,0.456894
AATAGTCCGTCCCGAC-1,0.164568,0.35112,0.007972,0.012481,0.000034,0.463825
AATATCAAGGTCGGAT-1,0.000018,0.062158,0.395159,0.537685,0.000018,0.004961
AATATCGAATCAATGC-1,0.000038,0.123061,0.054507,0.297213,0.000038,0.525144
AATATCGAGGGTTCTC-1,0.000025,0.000074,0.32705,0.549676,0.009637,0.113539
AATATTGGAGTATTGA-1,0.041556,0.042208,0.211655,0.62964,0.015318,0.059623
AATCAGACTGCAGGAC-1,0.00003,0.012174,0.318805,0.55974,0.026142,0.083109
AATCAGGTTTCATTTA-1,0.783174,0.116893,0.030624,0.054459,0.014779,0.000071
AATCATGTAAAGACTC-1,0.000028,0.000496,0.138887,0.378708,0.000028,0.481853
AATCCAAGGGCCTGAG-1,0.037637,0.142575,0.635649,0.133874,0.050244,0.00002
AATCCATGCAAGGGTG-1,0.000025,0.106709,0.557015,0.273168,0.000025,0.063057
AATCCCGCTCAGAGCC-1,0.284078,0.165755,0.000102,0.000153,0.233878,0.316035
AATCGAGGTCTCAAGG-1,0.089097,0.019072,0.000595,0.05649,0.271687,0.563059
AATCGCCTCAGCGCCA-1,0.000007,0.001414,0.581281,0.12388,0.166006,0.127412
AATCGCGCAGAGGACT-1,0.03263,0.771921,0.000093,0.000139,0.000046,0.195171
AATCGGGACACTACGA-1,0.015389,0.174219,0.29851,0.211297,0.000057,0.300528
AATCGGTATAGCCCTC-1,0.000032,0.283514,0.010446,0.383688,0.000032,0.322289
AATCGTGAGCCGAGCA-1,0.000007,0.01282,0.154591,0.505084,0.288037,0.03946
AATCTAGGTTTACTTG-1,0.477774,0.153386,0.00014,0.00021,0.020304,0.348186
AATCTATGCCGGAGCC-1,0.000096,0.551171,0.000193,0.000289,0.000096,0.448153
AATCTGCGTTGGGACG-1,0.000026,0.07252,0.53173,0.096453,0.000026,0.299246
AATCTGGCTTTCTAGT-1,0.16754,0.069254,0.032883,0.456568,0.267115,0.00664
AATGACAGCAATGTCT-1,0.210126,0.16289,0.134555,0.42901,0.000034,0.063385
AATGACGTAGGATGTC-1,0.008869,0.002773,0.413154,0.058443,0.000019,0.516741
AATGACTGTCAGCCGG-1,0.038266,0.000129,0.455175,0.094383,0.000046,0.412001
AATGAGTTCGCATATG-1,0.000023,0.176038,0.641352,0.178933,0.000023,0.003631
AATGATGATACGCTAT-1,0.000018,0.303468,0.411382,0.274839,0.000018,0.010273
AATGATGCGACTCCTG-1,0.000024,0.09855,0.248119,0.541971,0.000024,0.111313
AATGCAACCGGGTACC-1,0.155541,0.219969,0.247444,0.28801,0.024945,0.064092
AATGCACCAAGCAATG-1,0.000021,0.082643,0.250863,0.600788,0.028967,0.036718
AATGGTCCACCGTTCA-1,0.238861,0.164174,0.230194,0.0742,0.154256,0.138316
AATGGTTCTCACAAGC-1,0.068294,0.18588,0.556986,0.092628,0.029039,0.067172
AATGTGCCCGAGGTGT-1,0.851938,0.053161,0.071465,0.000158,0.000053,0.023226
AATGTGCTAATCTGAG-1,0.545222,0.161865,0.000143,0.127194,0.165532,0.000044
AATGTTAAGACCCTGA-1,0.030018,0.014536,0.002199,0.000974,0.018472,0.933801
AATGTTGTCGTGAGAC-1,0.000029,0.415042,0.000058,0.20484,0.007888,0.372143
AATTAAAGGTCGGCGT-1,0.203116,0.327622,0.00106,0.000116,0.000039,0.468047
AATTAACGGATTTCCA-1,0.074639,0.085327,0.027844,0.19945,0.007028,0.605711
AATTAGCGCTGCAGCG-1,0.095733,0.013098,0.24348,0.43284,0.019279,0.195571
AATTATACCCAGCAAG-1,0.031709,0.173574,0.124153,0.144528,0.317783,0.208253
AATTCATAAGGGATCT-1,0.00003,0.262835,0.40995,0.244122,0.00003,0.083034
AATTCCAAGCATGTAC-1,0.265347,0.392664,0.000081,0.000122,0.185853,0.155933
AATTCGATTCGAGGAT-1,0.011098,0.070455,0.026611,0.324642,0.191484,0.375711
AATTCTAGAGTTAGGC-1,0.026153,0.023948,0.003318,0.099001,0.037775,0.809805
AATTGAACGCTCTGGT-1,0.000012,0.231227,0.28008,0.10039,0.189342,0.198949
AATTGCAGCAATCGAC-1,0.000013,0.000039,0.009655,0.76518,0.000013,0.225099
AATTTGGGACATAGTA-1,0.000044,0.518365,0.031449,0.370175,0.055196,0.024772
AATTTGGTTCCAAAGA-1,0.000134,0.012199,0.036301,0.316224,0.000134,0.635009
ACAAACCATGCGTCCT-1,0.769042,0.061463,0.00006,0.000089,0.169287,0.00006
ACAAACTCCATCAGAG-1,0.770693,0.068771,0.000132,0.000199,0.076144,0.08406
ACAAAGCATGACCTAG-1,0.000007,0.000022,0.024371,0.699016,0.05879,0.217794
ACAAATCGCACCGAAT-1,0.000012,0.318012,0.249768,0.011796,0.044912,0.3755
ACAAATGGTAGTGTTT-1,0.00001,0.023371,0.578569,0.089541,0.056557,0.251952
ACAACAGCATGAGCTA-1,0.047533,0.208844,0.113019,0.3375,0.051562,0.241542
ACAACGGTCCCTGCGA-1,0.000027,0.282243,0.418835,0.251331,0.000027,0.047537
ACAAGCAGTGCCTAGC-1,0.044164,0.023251,0.514532,0.415719,0.000017,0.002316
ACAAGGAAATCCGCCC-1,0.000013,0.014103,0.375834,0.348463,0.058711,0.202876
ACAAGGACAAGAGGTT-1,0.025184,0.118455,0.206869,0.501903,0.097376,0.050214
ACAAGGATGCTTTAGG-1,0.000022,0.064532,0.017253,0.077434,0.025285,0.815473
ACAAGGGCAGGCTCTG-1,0.000014,0.015008,0.391524,0.233612,0.000014,0.359828
ACAATAGTCGTACGTT-1,0.103475,0.328676,0.154593,0.073372,0.000043,0.339841
ACAATCCATTTAAACC-1,0.170822,0.230294,0.133402,0.238005,0.008931,0.218545
ACAATCGATCTTTATA-1,0.027639,0.325378,0.039315,0.186749,0.056887,0.364032
ACAATGAATACGGAGA-1,0.785688,0.000217,0.000145,0.000217,0.008176,0.205557
ACAATTGTGTCTCTTT-1,0.000026,0.000587,0.312283,0.349007,0.000026,0.338072
ACAATTTGAGCAGTGG-1,0.00002,0.412658,0.306396,0.045193,0.016409,0.219325
ACACAAAGACGGGTGG-1,0.133718,0.286854,0.340479,0.033021,0.00004,0.205888
ACACACCAGGACCAGT-1,0.000027,0.244184,0.237152,0.068156,0.001205,0.449276
ACACACTTTCTACACG-1,0.000035,0.01549,0.715814,0.065218,0.000035,0.203407
ACACATGATCAAATCT-1,0.916659,0.079424,0.000076,0.000114,0.000038,0.003688
ACACATTTCCGTAGAC-1,0.098457,0.326368,0.001955,0.002294,0.000093,0.570832
ACACCCAGCATGCAGC-1,0.021996,0.069282,0.485413,0.246671,0.061016,0.115622
ACACCCGAGAAATCCG-1,0.040743,0.293675,0.370718,0.124238,0.170318,0.000308
ACACCGGTCTGACCGC-1,0.85,0.009981,0.000111,0.000167,0.000056,0.139685
ACACCTTAAGTAGGGC-1,0.039503,0.347826,0.538156,0.000128,0.000043,0.074345
ACACCTTACTACTTGC-1,0.000049,0.970535,0.000098,0.029172,0.000049,0.000098
ACACGAGACTCCTTCT-1,0.02496,0.630762,0.155088,0.162565,0.001235,0.025389
ACACGGCACTATGCAT-1,0.000019,0.014095,0.235818,0.750011,0.000019,0.000038
ACACGGGAACTTAGGG-1,0.097453,0.006787,0.424243,0.179994,0.000019,0.291504
ACACGTAGGCCACAAG-1,0.053036,0.700739,0.000053,0.109208,0.029346,0.107616
ACACTCCAATGTCACT-1,0.000026,0.520325,0.287217,0.138001,0.001074,0.053358
ACACTGATCAAGGTGT-1,0.439046,0.560538,0.000104,0.000156,0.000052,0.000104
ACACTGGGACAGTCGT-1,0.00746,0.777709,0.000127,0.000191,0.122643,0.091868
ACAGAACTGAGAACAA-1,0.533544,0.435946,0.000104,0.000155,0.000052,0.030199
ACAGATTAGGTTAGTG-1,0.000035,0.211079,0.425449,0.353162,0.000035,0.01024
ACAGCATAGAGCCAGT-1,0.044222,0.185329,0.47504,0.142231,0.039356,0.113822
ACAGCGACATTCTCAT-1,0.00002,0.000285,0.297344,0.451024,0.059625,0.191703
ACAGCGCACCCGCAGC-1,0.000029,0.052639,0.229155,0.590032,0.025482,0.102663
ACAGGCACGGATCCTT-1,0.000013,0.07505,0.045441,0.487049,0.146257,0.246189
ACAGGCTTGCCCGACT-1,0.000007,0.020762,0.482568,0.122916,0.33632,0.037428
ACAGGTGGAGGTGAGG-1,0.577416,0.000072,0.125815,0.292684,0.000109,0.003905
ACAGTAATACAACTTG-1,0.225908,0.008525,0.000084,0.103849,0.289725,0.371909
ACATAATAAGGCGGTG-1,0.014925,0.179052,0.372864,0.000107,0.000036,0.433016
ACATACAATCAAGCGG-1,0.001295,0.117077,0.10121,0.372763,0.200177,0.207477
ACATCAGCTGGGACGC-1,0.06187,0.286264,0.403033,0.188069,0.000547,0.060217
ACATCCCGGCCATACG-1,0.086208,0.729107,0.000069,0.014093,0.000034,0.170489
ACATCCTGGTAACTGT-1,0.039508,0.126649,0.424737,0.370107,0.00002,0.03898
ACATCGATCGTTTACC-1,0.000904,0.000096,0.000064,0.309939,0.44078,0.248218
ACATCGGTCAGCCGCG-1,0.15712,0.671929,0.142252,0.00011,0.000037,0.028552
ACATCGTATGCAATGG-1,0.097295,0.09967,0.257663,0.058665,0.000021,0.486687
ACATCGTTAACCTAGT-1,0.000019,0.008108,0.286569,0.705248,0.000019,0.000038
ACATCTCAACGCGTAA-1,0.000441,0.485279,0.081337,0.338731,0.031195,0.063017
ACATGCTTACGGCAGC-1,0.831494,0.030908,0.000062,0.012908,0.124565,0.000062
ACATGGCGCCAAAGTA-1,0.000014,0.000193,0.026831,0.912994,0.024861,0.035107
ACATGGCTCAATTTAG-1,0.000011,0.056252,0.532974,0.410729,0.000011,0.000023
ACATTAGTTTATATCC-1,0.021513,0.101024,0.198114,0.525763,0.000017,0.153569
ACATTCGCGCGGAATA-1,0.840475,0.013207,0.105449,0.025598,0.006534,0.008736
ACATTTGAAACCTAAC-1,0.000008,0.003135,0.065176,0.66959,0.244908,0.017183
ACCAAACTAGAAATCC-1,0.00433,0.783428,0.008039,0.120418,0.001192,0.082593
ACCAACCGCACTCCAC-1,0.000011,0.146898,0.035536,0.579969,0.012977,0.22461
ACCAACGCTTATTTAT-1,0.378899,0.59171,0.000074,0.029205,0.000037,0.000074
ACCAAGAACGCGTGTC-1,0.049065,0.324992,0.426324,0.000109,0.000036,0.199474
ACCAAGTCATCGGCAG-1,0.000021,0.20461,0.002112,0.416185,0.015782,0.361291
ACCAATATGCAAGTTA-1,0.111709,0.110021,0.267275,0.162813,0.082473,0.26571
ACCACAACTCAGAACA-1,0.000033,0.426435,0.050122,0.269182,0.069752,0.184478
ACCACAAGTTTCTATC-1,0.005772,0.213639,0.350538,0.374529,0.052702,0.002821
ACCACACGGTTGATGG-1,0.036696,0.00003,0.072746,0.3747,0.35057,0.165259
ACCACCAATGTAACAA-1,0.013859,0.072571,0.096222,0.450337,0.048435,0.318576
ACCACGTGCAGCTATA-1,0.044296,0.073908,0.415407,0.113419,0.01545,0.337519
ACCAGCCCGGTCTTTG-1,0.000055,0.545386,0.115548,0.145258,0.000055,0.193698
ACCAGGAGTGTGATCT-1,0.000038,0.090847,0.154158,0.507625,0.000038,0.247294
ACCAGTGCGGGAGACG-1,0.000013,0.00254,0.378868,0.438581,0.000013,0.179986
ACCATATCCGCAATAA-1,0.112009,0.02821,0.116025,0.012969,0.000037,0.73075
ACCATCCGCCAACTAG-1,0.092441,0.214229,0.313218,0.312305,0.000013,0.067794
ACCATCGTATATGGTA-1,0.185221,0.095846,0.324437,0.306495,0.000025,0.087977
ACCCAACGCCCGTGGC-1,0.000011,0.003089,0.576778,0.228849,0.075817,0.115456
ACCCACCTACATGCTC-1,0.000025,0.09366,0.487384,0.418878,0.000018,0.000036
ACCCATCTTGAGGGTA-1,0.237205,0.089634,0.207838,0.339309,0.000022,0.125992
ACCCATTTGTCCCTCT-1,0.018427,0.148928,0.103922,0.414603,0.306071,0.008049
ACCCGAGCGAAATTAC-1,0.606511,0.050413,0.071857,0.026416,0.000068,0.244734
ACCCGATTGGTTCCGA-1,0.646776,0.035687,0.122347,0.000188,0.000063,0.194939
ACCCGGAAACTCCCAG-1,0.012097,0.075241,0.057894,0.394733,0.02143,0.438604
ACCCGGATGACGCATC-1,0.000031,0.152558,0.458535,0.168512,0.005288,0.215076
ACCCGGTTACACTTCC-1,0.198978,0.039711,0.050997,0.505888,0.090802,0.113623
ACCCGTGTCATCAGTA-1,0.163479,0.196233,0.099017,0.322687,0.000033,0.218551
ACCCTATAGGACTGAG-1,0.000031,0.201477,0.58044,0.190791,0.000031,0.027229
ACCCTATGCCATATCG-1,0.254401,0.010483,0.061629,0.673416,0.000024,0.000047
ACCCTCCCGTCAGGGC-1,0.000023,0.224665,0.005718,0.192383,0.411459,0.165753
ACCCTCCCTTGCTATT-1,0.000011,0.015805,0.500181,0.299477,0.001732,0.182795
ACCCTTCATCTGCGAA-1,0.010677,0.072257,0.586252,0.130786,0.019092,0.180936
ACCCTTTAGTTCTCCA-1,0.000104,0.418761,0.066448,0.037148,0.021182,0.456358
ACCGAAAGGGCCCTGC-1,0.020774,0.13492,0.490849,0.317051,0.001702,0.034704
ACCGAAGAGTCTGGTT-1,0.161334,0.11082,0.085543,0.631214,0.000013,0.011077
ACCGACACATCTCCCA-1,0.136319,0.373617,0.00099,0.0432,0.029293,0.41658
ACCGACTGAGTCCCAC-1,0.000072,0.004305,0.024067,0.530941,0.148236,0.292379
ACCGAGTCTCCTTATT-1,0.03001,0.396751,0.000035,0.037871,0.226798,0.308536
ACCGATGGTAGCATCG-1,0.000013,0.000046,0.4418,0.414436,0.01304,0.130666
ACCGCAATAACTGCCT-1,0.043302,0.000211,0.315761,0.205238,0.251957,0.183532
ACCGCGGTGGAAGTCG-1,0.000013,0.071164,0.186653,0.725748,0.000013,0.01641
ACCGCTAGTCATTGGT-1,0.973933,0.004116,0.021712,0.00012,0.00004,0.00008
ACCGGGCCTTTGTTGA-1,0.000036,0.629941,0.087185,0.161397,0.000036,0.121405
ACCGGTCAGGTACACC-1,0.658056,0.341599,0.000086,0.000129,0.000043,0.000086
ACCGTGACCACGTGGG-1,0.827532,0.020397,0.000046,0.060553,0.027887,0.063586
ACCGTTCCCGCTCTGA-1,0.000027,0.0058,0.126763,0.758583,0.072958,0.035868
ACCTAAGTACCTTTCA-1,0.516171,0.136419,0.000145,0.000218,0.000073,0.346974
ACCTAATCGACTTCCT-1,0.030804,0.158252,0.554803,0.181966,0.000027,0.074148
ACCTACAGTATGTGGT-1,0.030465,0.910092,0.052527,0.000153,0.000051,0.006712
ACCTACTATAAATCTA-1,0.066196,0.012136,0.000049,0.304428,0.010902,0.606288
ACCTCCGCCCTCGCTG-1,0.096593,0.153484,0.069362,0.21739,0.10167,0.3615
ACCTCCGTTATTCACC-1,0.045042,0.954411,0.000137,0.000205,0.000068,0.000137
ACCTCGAACTTATGCT-1,0.86301,0.000108,0.000072,0.000108,0.136629,0.000072
ACCTGCGTGTCATGTT-1,0.303439,0.241965,0.000094,0.030617,0.064928,0.358957
ACGAAATGGGCGGCAC-1,0.145259,0.161787,0.340836,0.198572,0.00003,0.153515
ACGACTCTAGGGCCGA-1,0.00001,0.02167,0.247103,0.380952,0.090632,0.259633
ACGACTGGTCATACTC-1,0.915523,0.074496,0.000063,0.000094,0.009761,0.000063
ACGAGAACCCATCACG-1,0.000029,0.060423,0.405654,0.407219,0.008108,0.118567
ACGAGATATTTGCTTA-1,0.000076,0.336847,0.139338,0.183297,0.018043,0.322398
ACGAGGATACCACTCT-1,0.097549,0.056884,0.003606,0.784624,0.006645,0.050692
ACGAGGTTTACAACGT-1,0.632933,0.000236,0.000156,0.000234,0.036337,0.330105
ACGAGTACGGATGCCC-1,0.023082,0.43713,0.104314,0.398477,0.000032,0.036965
ACGATACATAGAACTA-1,0.000023,0.547866,0.29955,0.029022,0.000023,0.123515
ACGATCATACATAGAG-1,0.020958,0.672301,0.009334,0.000088,0.000029,0.29729
ACGATCATCTTGTAAA-1,0.000018,0.090484,0.314708,0.569748,0.000018,0.025024
ACGATGCATATGTTAT-1,0.259605,0.056376,0.155818,0.395741,0.000023,0.132437
ACGATGGATCCGATGC-1,0.000092,0.325834,0.026652,0.292842,0.000092,0.354488
ACGCAAACTAATAGAT-1,0.144119,0.088829,0.008077,0.685772,0.070985,0.002218
ACGCAATCACTACAGC-1,0.000062,0.999442,0.000124,0.000186,0.000062,0.000124
ACGCATACGTTTACTA-1,0.000037,0.09266,0.131316,0.332291,0.000037,0.44366
ACGCATTCGTGAGTAC-1,0.000022,0.323137,0.136697,0.332558,0.000022,0.207563
ACGCCACTCGAAACAG-1,0.032947,0.247748,0.02764,0.276505,0.177055,0.238104
ACGCCAGATGATTTCT-1,0.000028,0.012721,0.639687,0.143389,0.000028,0.204147
ACGCCAGTGCGTTTGC-1,0.02381,0.004944,0.056291,0.718689,0.071465,0.1248
ACGCCCAGCTGTCGAT-1,0.019379,0.333743,0.165915,0.309922,0.000037,0.171004
ACGCCGCTAGACGACC-1,0.124404,0.094465,0.104897,0.25686,0.003599,0.415776
ACGCGAAGTCAGACGA-1,0.059086,0.311458,0.029216,0.159806,0.000025,0.440409
ACGCGCTACACAGGGT-1,0.177505,0.012147,0.032285,0.584902,0.059112,0.134048
ACGCGGGCCAAGGACA-1,0.007387,0.180127,0.074381,0.199187,0.000025,0.538893
ACGCTAGTGATACACT-1,0.000012,0.0002,0.463624,0.53613,0.000012,0.000023
ACGCTGTGAGGCGTAG-1,0.135761,0.228737,0.428103,0.137781,0.000022,0.069597
ACGGAACACGAGTGCC-1,0.000014,0.002447,0.230269,0.50081,0.001621,0.264839
ACGGAATTTAGCAAAT-1,0.000025,0.270159,0.562928,0.151324,0.000025,0.015539
ACGGACGCAGCGACAA-1,0.572963,0.00453,0.006963,0.364234,0.051275,0.000035
ACGGACTCTCAAAGCG-1,0.081041,0.02168,0.168269,0.174396,0.10771,0.446904
ACGGATGGTGCGGATA-1,0.007128,0.031868,0.389577,0.175243,0.002722,0.393462
ACGGCACTTGCTTGGG-1,0.055786,0.184929,0.088201,0.131153,0.000035,0.539895
ACGGCCAACATGGACT-1,0.232675,0.163061,0.045959,0.027442,0.000031,0.530832
ACGGCGACGATGGGAA-1,0.014209,0.073067,0.227813,0.140082,0.004467,0.540363
ACGGCGGGTTGCCCTG-1,0.000024,0.150722,0.380012,0.463557,0.000024,0.005661
ACGGCTGGATGTAGAA-1,0.386913,0.255798,0.147643,0.186532,0.000015,0.023099
ACGGGAGTGTCGGCCC-1,0.248747,0.440768,0.000063,0.257134,0.000032,0.053257
ACGGTACAGTTCAATG-1,0.033369,0.286765,0.008044,0.235705,0.36824,0.067877
ACGGTCACCGAGAACA-1,0.872899,0.000062,0.000041,0.000062,0.126895,0.000041
ACGTACAGATTTCTCT-1,0.045583,0.037708,0.15382,0.391834,0.370957,0.000098
ACGTACTTTGGCACGG-1,0.539898,0.195289,0.020833,0.179782,0.064147,0.000051
ACGTAGATTGCTGATG-1,0.020724,0.347376,0.197911,0.161027,0.000025,0.272938
ACGTAGGAGAGTCGCT-1,0.161834,0.116876,0.00004,0.00006,0.398367,0.322822
ACGTATTACTCCGATC-1,0.000015,0.000044,0.704638,0.215983,0.001226,0.078094
ACGTGCGCCTCGTGCA-1,0.082607,0.090612,0.606102,0.005911,0.011303,0.203465
ACGTTAATGTCGAAGA-1,0.094814,0.086302,0.190009,0.32837,0.000018,0.300488
ACGTTAGATTTGCCCG-1,0.238251,0.198846,0.068481,0.018006,0.000054,0.476361
ACGTTATTGGTCACTC-1,0.001275,0.009132,0.792361,0.145744,0.002059,0.049428
ACGTTCACTATGCCGC-1,0.659172,0.002843,0.017577,0.320321,0.000029,0.000058
ACGTTCCGCGCTCCGT-1,0.000027,0.000082,0.392331,0.453698,0.000668,0.153192
ACGTTCGCAATCAATT-1,0.196485,0.803138,0.000094,0.000142,0.000047,0.000094
ACGTTCGTTCAGGAAA-1,0.818559,0.077424,0.000036,0.008501,0.095444,0.000036
ACGTTCTGTACAAGTC-1,0.079504,0.132327,0.000054,0.199007,0.123867,0.46524
ACGTTGTCGTTGAAAG-1,0.862232,0.101107,0.000068,0.000103,0.036421,0.000068
ACGTTTAGTTGTGATC-1,0.015791,0.000101,0.880092,0.083446,0.000034,0.020537
ACTACAAAGAGAGGTG-1,0.62518,0.2528,0.000101,0.000152,0.099947,0.021821
ACTACATCCCGACAAG-1,0.696015,0.091102,0.000286,0.104694,0.00004,0.107863
ACTACCAGCTCTCTGG-1,0.069411,0.512535,0.330054,0.000142,0.047123,0.040735
ACTACCATCCGAGGGC-1,0.573999,0.060082,0.0016,0.333622,0.030653,0.000043
ACTACGCGTTAGAATT-1,0.059288,0.347694,0.017582,0.020917,0.000034,0.554485
ACTAGTTGCGATCGTC-1,0.000016,0.022309,0.176421,0.794953,0.000016,0.006285
ACTATCCAGGGCATGG-1,0.020818,0.014308,0.055378,0.729944,0.021332,0.158221
ACTATCTGCCCGCGTA-1,0.007731,0.805507,0.000105,0.000157,0.000052,0.186448
ACTATGTCCAGCTGCC-1,0.77892,0.000089,0.046661,0.159814,0.014457,0.000059
ACTATTCGTCCGTGGT-1,0.000038,0.571397,0.204546,0.200609,0.000038,0.023373
ACTATTTCCGGGCCCA-1,0.902649,0.052149,0.000069,0.000103,0.014343,0.030686
ACTCAACGAATGTATT-1,0.042845,0.133122,0.415216,0.408509,0.000037,0.000271
ACTCAAGTGCAAGGCT-1,0.000012,0.00021,0.200152,0.301776,0.122881,0.37497
ACTCAATAAAGGCACG-1,0.001739,0.006823,0.354648,0.162567,0.001171,0.473051
ACTCAGACCTGCTTCT-1,0.000026,0.034997,0.500102,0.418101,0.01619,0.030584
ACTCATGGCAGCCTTC-1,0.77833,0.19469,0.000073,0.000109,0.026725,0.000073
ACTCCAATATCATCAT-1,0.803023,0.183823,0.012818,0.000167,0.000056,0.000112
ACTCCCATTCCTAAAG-1,0.24639,0.281372,0.00009,0.004839,0.000045,0.467264
ACTCCCGAATTCGTTT-1,0.000688,0.63621,0.034197,0.323947,0.004098,0.000859
ACTCCCTAATGCTAAA-1,0.050533,0.03027,0.064134,0.38122,0.002084,0.471759
ACTCCCTAGAATAGTA-1,0.05028,0.033753,0.034428,0.01806,0.017892,0.845587
ACTCCGGCCGACCACT-1,0.032459,0.246571,0.003659,0.115581,0.528404,0.073326
ACTCGCCGTTCGATAA-1,0.025448,0.39052,0.000089,0.029169,0.000044,0.554729
ACTCGTAACCCGTCCT-1,0.414392,0.496938,0.000094,0.000141,0.088341,0.000094
ACTCGTCAGTAATCCC-1,0.140238,0.000056,0.374537,0.239653,0.00297,0.242546
ACTCTCTGACTTAGGT-1,0.005125,0.078767,0.529142,0.261509,0.000019,0.125438
ACTCTCTTATACACGA-1,0.000058,0.967741,0.000116,0.000173,0.000058,0.031854
ACTCTGACCTAATAGA-1,0.013506,0.02913,0.025596,0.581351,0.055241,0.295176
ACTCTTGTATAGTAAC-1,0.015649,0.000291,0.000194,0.000291,0.120706,0.862868
ACTGAAACGCCGTTAG-1,0.000016,0.000634,0.202497,0.395818,0.007812,0.393223
ACTGAATGGCGAAAGT-1,0.000014,0.193824,0.299926,0.007664,0.000014,0.498558
ACTGCCCGCCATTCTC-1,0.999587,0.000113,0.000075,0.000113,0.000038,0.000075
ACTGCCGTCGTAACTC-1,0.000041,0.024105,0.573723,0.000124,0.004452,0.397555
ACTGGGATGCCAGTGC-1,0.631037,0.003988,0.00008,0.019647,0.184964,0.160285
ACTGTACGATACACAT-1,0.000445,0.064123,0.45804,0.181336,0.206508,0.089549
ACTGTAGCACTTTGGA-1,0.000017,0.310781,0.315733,0.372625,0.000017,0.000827
ACTGTATACGCGAGCA-1,0.014852,0.001735,0.632016,0.055892,0.000052,0.295453
ACTGTCCAGGATTATA-1,0.084759,0.12534,0.4409,0.240042,0.000027,0.108931
ACTGTCTTCTTTAGAA-1,0.146489,0.289008,0.119283,0.013147,0.06152,0.370553
ACTGTGCTAGTAGATC-1,0.196155,0.487083,0.127641,0.08693,0.102117,0.000074
ACTGTTTAGTGTAGGC-1,0.000032,0.173665,0.174411,0.615617,0.030738,0.005536
ACTTACGCATCCACGC-1,0.000011,0.000033,0.377199,0.132385,0.203575,0.286796
ACTTAGTACGACAAGA-1,0.019273,0.407206,0.392544,0.012167,0.036427,0.132384
ACTTATACTTACCCGG-1,0.048442,0.269914,0.288892,0.132547,0.003404,0.2568
ACTTATTAGGATCGGT-1,0.185472,0.146927,0.084379,0.258809,0.000029,0.324385
ACTTATTTATGTGCCA-1,0.000015,0.093236,0.552204,0.210697,0.069193,0.074655
ACTTCAGGCTGATCCC-1,0.003833,0.227149,0.261179,0.000354,0.000018,0.507467
ACTTCCATGCGGGACA-1,0.00002,0.032775,0.07954,0.055035,0.056329,0.776301
ACTTCGCCATACGCAC-1,0.000025,0.230968,0.469085,0.001047,0.000025,0.29885
ACTTGACTCCCTCTTT-1,0.069325,0.224107,0.41686,0.260189,0.014477,0.015043
ACTTGCCATATTGTAC-1,0.000026,0.044132,0.268907,0.680006,0.004128,0.002802
ACTTGGGACCCGGTGG-1,0.022706,0.057882,0.110778,0.355458,0.277284,0.175892
ACTTGTGGATGGAACG-1,0.000034,0.385146,0.093078,0.452393,0.000035,0.069314
ACTTGTTACCGGATCA-1,0.190058,0.035146,0.043399,0.319696,0.007979,0.403721
ACTTTACCCTCATGAA-1,0.011737,0.196989,0.148161,0.532189,0.091857,0.019067
ACTTTCCTATAGCTTC-1,0.068022,0.02403,0.490712,0.270346,0.109499,0.037391
ACTTTGGTCGTGCTCC-1,0.747342,0.059624,0.022636,0.000152,0.027255,0.14299
AGAAATTATGACTCGC-1,0.014326,0.317951,0.147183,0.126055,0.053729,0.340756
AGAACACGGCGATGGT-1,0.764248,0.005797,0.00007,0.000105,0.085083,0.144696
AGAACGTGGTACATTC-1,0.015269,0.313517,0.254071,0.301179,0.047025,0.068939
AGAACTGTACTTTGTA-1,0.000009,0.118291,0.246946,0.443959,0.020671,0.170124
AGAAGAGCGCCGTTCC-1,0.000159,0.000478,0.364259,0.423803,0.000159,0.211141
AGAAGGTACACTTCAC-1,0.33445,0.019193,0.000095,0.293206,0.057495,0.295562
AGAAGGTTGCCGAATT-1,0.196071,0.003116,0.130388,0.017523,0.000054,0.652849
AGAAGGTTGTAGGTCG-1,0.007521,0.000031,0.119201,0.05048,0.703555,0.119212
AGAAGTGATTCGTGAT-1,0.452983,0.127271,0.000154,0.000231,0.000077,0.419284
AGAATACAGGCTATCC-1,0.000412,0.085011,0.05758,0.786598,0.032047,0.038351
AGAATTATGGATTCGA-1,0.000014,0.067039,0.256171,0.623679,0.000333,0.052765
AGAATTGTTTGACATA-1,0.000029,0.029605,0.841619,0.029549,0.078865,0.020333
AGACAGCTCAGAATCC-1,0.00034,0.000019,0.671299,0.318392,0.006463,0.003486
AGACATAGATCCTTCC-1,0.004313,0.417141,0.302848,0.196444,0.079206,0.000048
AGACCATGGGATACAA-1,0.017041,0.042453,0.718261,0.217889,0.000024,0.004332
AGACCCACCGCTGATC-1,0.098656,0.208828,0.207206,0.067476,0.000024,0.41781
AGACCCGCCCTCCTCG-1,0.098571,0.320199,0.363424,0.060545,0.000033,0.157227
AGACCGCTCCGCGGTT-1,0.153256,0.8406,0.000088,0.000132,0.000044,0.005881
AGACCGGGAAACCCTG-1,0.100123,0.045216,0.00419,0.557787,0.085261,0.207423
AGACGAAGTGCCGGTC-1,0.000031,0.242677,0.237859,0.105469,0.022918,0.391047
AGACGACGATGCCGCT-1,0.734935,0.247995,0.000051,0.000077,0.016892,0.000051
AGACTAGCCTTCCAGA-1,0.056139,0.296206,0.374783,0.167379,0.010169,0.095324
AGACTGTTACCGGGTC-1,0.710354,0.193814,0.023781,0.00019,0.000063,0.071797
AGAGAAACACCAGAAA-1,0.928568,0.000081,0.000054,0.000081,0.071163,0.000054
AGAGAACCGTCTAGGA-1,0.000017,0.246038,0.555233,0.13798,0.043278,0.017454
AGAGAAGGAGTACAAT-1,0.775836,0.223769,0.000099,0.000148,0.000049,0.000099
AGAGATCTCTAAAGCG-1,0.081415,0.000917,0.010214,0.345066,0.094209,0.46818
AGAGCAGTTATGAGAC-1,0.087106,0.158173,0.185655,0.403837,0.127964,0.037265
AGAGCCGCCGAGATTT-1,0.000041,0.999633,0.000082,0.000122,0.000041,0.000082
AGAGCGGGCTAATCAT-1,0.00001,0.00003,0.805866,0.149544,0.021196,0.023354
AGAGCGTACAAGCTCG-1,0.000018,0.031859,0.40942,0.479759,0.077933,0.001011
AGAGCTACGAAAGCAT-1,0.000014,0.064147,0.795939,0.139454,0.000419,0.000028
AGAGGCTTCGGAAACC-1,0.000015,0.000045,0.067279,0.757383,0.000015,0.175263
AGAGGTATCTCGGTCC-1,0.000031,0.00738,0.285242,0.689387,0.000031,0.01793
AGAGTAAACTTCACTA-1,0.000024,0.007445,0.186261,0.558688,0.000024,0.247557
AGATAACTTCAGGGCC-1,0.026988,0.453431,0.087561,0.355418,0.02077,0.055832
AGATACCAATAGAACC-1,0.00004,0.208491,0.00008,0.00012,0.00004,0.791228
AGATACCGGTGTTCAC-1,0.307204,0.182326,0.092457,0.412283,0.000022,0.005708
AGATACGACTTCATAT-1,0.025386,0.160956,0.788427,0.007451,0.000028,0.017752
AGATACTCAAGATCGA-1,0.000019,0.126965,0.238434,0.070885,0.000022,0.563676
AGATATAATACGACTA-1,0.007264,0.004706,0.00005,0.062017,0.021543,0.90442
AGATCGTGCATAAGAT-1,0.000016,0.395158,0.215524,0.383755,0.000016,0.005532
AGATCTCAGGTGTGAT-1,0.122929,0.000057,0.302041,0.253208,0.013731,0.308035
AGATCTGGAGAGGATA-1,0.443589,0.137162,0.226954,0.184178,0.003885,0.004232
AGATGACTCGCCCACG-1,0.143967,0.184577,0.338213,0.006058,0.054965,0.272219
AGATGATGGAGTCTGG-1,0.000027,0.564553,0.012374,0.393664,0.01972,0.009661
AGATGCAAGACGTGCA-1,0.958326,0.000638,0.000425,0.000638,0.039548,0.000425
AGATTATAGGACGTTT-1,0.131248,0.202781,0.003629,0.076726,0.16525,0.420367
AGATTCACAACCGATA-1,0.178036,0.350132,0.008514,0.19329,0.00353,0.266498
AGCAAAGGCCGCTAGT-1,0.020357,0.005655,0.005793,0.001323,0.000025,0.966847
AGCAACATATCTTATT-1,0.000017,0.38257,0.203494,0.291055,0.008368,0.114495
AGCAACCGAAAGTAAT-1,0.817916,0.122825,0.000245,0.000367,0.000122,0.058525
AGCACACGTTTAGACT-1,0.653632,0.00013,0.000086,0.083742,0.262323,0.000086
AGCACCAGTACTCACG-1,0.089897,0.100353,0.256486,0.352154,0.00002,0.201091
AGCACTACCGGCCTGT-1,0.128732,0.09526,0.388306,0.276628,0.000029,0.111045
AGCACTACCTCACCAG-1,0.088302,0.555115,0.003355,0.028531,0.162536,0.162161
AGCACTTAAGGACGCC-1,0.064965,0.06161,0.316047,0.46659,0.01165,0.079138
AGCAGAAGGAGAAAGA-1,0.054132,0.008358,0.000043,0.000065,0.000022,0.93738
AGCAGCCAGATGAATA-1,0.062367,0.207477,0.026083,0.3903,0.002334,0.311439
AGCAGTCGAAGCATGC-1,0.052097,0.423576,0.032429,0.01403,0.12042,0.357448
AGCATATCAATATGCT-1,0.000028,0.290587,0.135037,0.15067,0.000028,0.42365
AGCATCATTTCGAAAG-1,0.62369,0.051768,0.000108,0.000162,0.295454,0.028817
AGCATCGTCGATAATT-1,0.12388,0.281348,0.391577,0.059636,0.057553,0.086005
AGCATTACGAGGCAAG-1,0.002097,0.066269,0.0173,0.411879,0.036309,0.466146
AGCCAAGCTTTGTGTC-1,0.225409,0.026488,0.019673,0.208695,0.000038,0.519696
AGCCACAGGTTACCCG-1,0.00129,0.000027,0.166596,0.255301,0.532715,0.04407
AGCCACTCCCGTGCTT-1,0.034769,0.185027,0.564389,0.096666,0.014973,0.104176
AGCCATATAGTATGTG-1,0.022356,0.115161,0.000585,0.253285,0.322458,0.286155
AGCCCATACATGTAAG-1,0.267801,0.193864,0.020818,0.157212,0.034756,0.325549
AGCCCGCAACAAGCAG-1,0.169076,0.000042,0.000279,0.656379,0.139387,0.034837
AGCCCGCACTACAATG-1,0.107381,0.208372,0.000773,0.095136,0.000021,0.588318
AGCCCGGCATTAGAGG-1,0.552482,0.310961,0.000125,0.000187,0.136121,0.000125
AGCCCGGTAGCCTGTA-1,0.432682,0.108494,0.010944,0.232295,0.128519,0.087065
AGCCCTAAGCGAAGTT-1,0.000016,0.000048,0.676943,0.236846,0.01933,0.066817
AGCCCTCCCTGGTGGC-1,0.767047,0.157443,0.000135,0.000203,0.017251,0.05792
AGCCCTTCTAATCCGA-1,0.000042,0.504865,0.240619,0.202652,0.000042,0.051781
AGCCGTGGCTAAATGT-1,0.575917,0.00451,0.014861,0.069076,0.000052,0.335585
AGCCTAATACCCACGT-1,0.291081,0.059633,0.000118,0.000177,0.001974,0.647016
AGCCTTAAAGCGGAAG-1,0.000916,0.337577,0.488106,0.060357,0.02441,0.088634
AGCGACAGGAACGGTC-1,0.777227,0.217499,0.000048,0.005154,0.000024,0.000048
AGCGACATCCCATTCA-1,0.0344,0.007169,0.681833,0.089321,0.006469,0.180808
AGCGACCAACGATATT-1,0.12499,0.285094,0.314413,0.000127,0.000042,0.275334
AGCGAGACGTGAAGGC-1,0.725855,0.019526,0.067941,0.074672,0.060587,0.051418
AGCGATGCGCCTAATA-1,0.00003,0.308905,0.003243,0.27282,0.000079,0.414922
AGCGCATAATGAATCG-1,0.139648,0.335974,0.003274,0.000125,0.000042,0.520936
AGCGCGGGTGCCAATG-1,0.015091,0.090501,0.349914,0.456377,0.002969,0.085148
AGCGGACACTTCGTAG-1,0.067815,0.000174,0.000116,0.000174,0.2956,0.636121
AGCGGCGGTTAGCGGT-1,0.183026,0.169458,0.183092,0.323382,0.010606,0.130436
AGCGGGAAGGGTCCAT-1,0.036893,0.410125,0.480507,0.071657,0.000025,0.000793
AGCGGGTCTGACACTC-1,0.000014,0.004116,0.000056,0.393209,0.398191,0.204413
AGCGTACGAGAGCTAG-1,0.000019,0.060387,0.488854,0.415592,0.027253,0.007895
AGCGTAGCGCTAGACC-1,0.000056,0.231323,0.077468,0.409841,0.013403,0.267909
AGCGTCTGAACCCGCA-1,0.022427,0.037327,0.542447,0.359277,0.000031,0.038491
AGCGTGGTATTCTACT-1,0.185488,0.081028,0.11527,0.195643,0.000024,0.422547
