Barcode,Topic 1,Topic 2,Topic 3,Topic 4,Topic 5,Topic 6,Topic 7,Topic 8,Topic 9,Topic 10
AAACAAGTATCTCCCA-1,0.132168,0.259391,0.016185,0.368016,0.000078,0.000078,0.000078,0.210786,0.013142,0.000078
AAACAATCTACTAGCA-1,0.000036,0.000036,0.332372,0.008121,0.504446,0.136401,0.018477,0.000036,0.000036,0.000036
AAACACCAATAACTGC-1,0.980318,0.01907,0.000077,0.000077,0.000077,0.000077,0.000077,0.000077,0.000077,0.000077
AAACAGAGCGACTCCT-1,0.019198,0.013375,0.272682,0.161197,0.032297,0.096389,0.039487,0.32334,0.00236,0.039675
AAACAGCTTTCAGAAG-1,0.759569,0.133827,0.00008,0.00008,0.00008,0.00008,0.00008,0.106045,0.00008,0.00008
AAACAGGGTCTATATT-1,0.885755,0.000407,0.000407,0.000407,0.000407,0.000407,0.000407,0.000407,0.000407,0.110992
AAACAGTGTTCCTGGG-1,0.023943,0.044868,0.010959,0.022241,0.016365,0.050184,0.015552,0.000292,0.489143,0.326453
AAACATGGTGAGAGGA-1,0.982931,0.016222,0.000106,0.000106,0.000106,0.000106,0.000106,0.000106,0.000106,0.000106
AAACATTTCCCGGATT-1,0.111043,0.013518,0.00012,0.156665,0.00012,0.012574,0.09018,0.185308,0.243842,0.18663
AAACCCGAACGAAATC-1,0.007595,0.018163,0.149457,0.13582,0.142046,0.14395,0.215023,0.10327,0.033185,0.05149
AAACCGGAAATGTTAA-1,0.042154,0.001217,0.039911,0.000064,0.297603,0.166689,0.067481,0.124438,0.029608,0.230835
AAACCGGGTAGGTACC-1,0.949886,0.00012,0.00012,0.00012,0.00012,0.00012,0.00012,0.00012,0.001342,0.047931
AAACCGTTCGTCCAGG-1,0.03661,0.758547,0.043445,0.139539,0.020155,0.000033,0.000033,0.000033,0.00157,0.000033
AAACCTAAGCAGCCGG-1,0.015376,0.529254,0.01471,0.108111,0.000048,0.000048,0.000048,0.32891,0.003446,0.000048
AAACCTCATGAAGTTG-1,0.596906,0.000505,0.000505,0.000505,0.000505,0.000505,0.000505,0.399053,0.000505,0.000505
AAACGAAGAACATACC-1,0.005127,0.007797,0.441923,0.138802,0.055317,0.194117,0.038676,0.012878,0.043647,0.061716
AAACGAAGATGGAGTA-1,0.90569,0.006777,0.000107,0.000107,0.000107,0.000107,0.000107,0.086782,0.000107,0.000107
AAACGAGACGGTTGAT-1,0.021995,0.030954,0.139601,0.063377,0.081779,0.417267,0.091266,0.022142,0.039728,0.09189
AAACGCCCGAGATCGG-1,0.000049,0.000049,0.154041,0.391778,0.177094,0.000049,0.276794,0.000049,0.000049,0.000049
AAACGCTGGGCACGAC-1,0.000016,0.056391,0.12877,0.418702,0.00358,0.136514,0.009864,0.005102,0.062732,0.17833
AAACGGGCGTACGGGT-1,0.170524,0.000127,0.000127,0.26236,0.000127,0.000127,0.022103,0.018562,0.313705,0.212238
AAACGGGTTGGTATCC-1,0.008879,0.000052,0.356399,0.003042,0.31607,0.098124,0.200634,0.016695,0.000052,0.000052
AAACGGTTGCGAACTG-1,0.006556,0.05532,0.02315,0.009929,0.037921,0.080995,0.061177,0.082123,0.05162,0.59121
AAACGTGTTCGCCCTA-1,0.000078,0.261688,0.572486,0.131383,0.031986,0.000078,0.000078,0.002065,0.000078,0.000078
AAACTAACGTGGCGAC-1,0.000034,0.000034,0.262106,0.054785,0.22496,0.029097,0.427142,0.000034,0.000034,0.001774
AAACTCGGTTCGCAAT-1,0.000029,0.078688,0.027767,0.040453,0.024077,0.021511,0.280635,0.268844,0.041161,0.216835
AAACTCGTGATATAAG-1,0.00005,0.030805,0.218843,0.238263,0.293418,0.00005,0.054886,0.16103,0.002606,0.00005
AAACTGCTGGCTCCAA-1,0.009086,0.044653,0.025905,0.0178,0.072426,0.590894,0.076161,0.043842,0.040566,0.078669
AAACTTAATTGCACGC-1,0.968772,0.000066,0.000066,0.000066,0.000066,0.000066,0.000066,0.000066,0.000066,0.030701
AAACTTGCAAACGTAT-1,0.624206,0.002128,0.002128,0.358768,0.002128,0.002128,0.002128,0.002128,0.002128,0.002128
AAAGAATGACCTTAGA-1,0.733354,0.000067,0.000067,0.017192,0.000067,0.000067,0.085318,0.014808,0.146875,0.002186
AAAGAATGTGGACTAA-1,0.000047,0.368737,0.031514,0.01397,0.004311,0.000047,0.000047,0.285652,0.075272,0.220403
AAAGACATGAAGTTTA-1,0.000039,0.001465,0.23244,0.330813,0.032593,0.064762,0.33777,0.000039,0.000039,0.000039
AAAGACCCAAGTCGCG-1,0.012165,0.033088,0.29225,0.038832,0.173298,0.155116,0.000045,0.295139,0.000034,0.000034
AAAGACTGGGCGCTTT-1,0.045812,0.039802,0.015566,0.01165,0.200719,0.132367,0.362834,0.166603,0.01204,0.012606
AAAGCTTGCCTACATA-1,0.194678,0.03669,0.000099,0.766229,0.000099,0.000099,0.000099,0.001809,0.000099,0.000099
AAAGGCCCTATAATAC-1,0.751721,0.179296,0.020839,0.027936,0.000062,0.000062,0.000062,0.008002,0.011957,0.000062
AAAGGCTACGGACCAT-1,0.000035,0.183773,0.009245,0.413461,0.027508,0.068298,0.009662,0.003371,0.079658,0.204989
AAAGGCTCTCGCGCCG-1,0.000074,0.034986,0.000074,0.229112,0.000074,0.015632,0.00425,0.000074,0.690582,0.025144
AAAGGGATGTAGCAAG-1,0.010029,0.007162,0.138078,0.05848,0.126652,0.331326,0.324518,0.001006,0.000019,0.002731
AAAGGGCAGCTTGAAT-1,0.033638,0.1781,0.087027,0.043874,0.185718,0.232046,0.13935,0.079628,0.005657,0.014963
AAAGGTAAGCTGTACC-1,0.000049,0.095892,0.183291,0.247139,0.407744,0.019397,0.029027,0.017364,0.000049,0.000049
AAAGTAGCATTGCTCA-1,0.88873,0.001852,0.001852,0.001852,0.09645,0.001852,0.001852,0.001852,0.001852,0.001852
AAAGTCACTGATGTAA-1,0.000023,0.00021,0.222375,0.096038,0.060214,0.560684,0.025526,0.000023,0.015231,0.019675
AAAGTCGACCCTCAGT-1,0.494458,0.000935,0.000935,0.498063,0.000935,0.000935,0.000935,0.000935,0.000935,0.000935
AAAGTGCCATCAATTA-1,0.056416,0.00404,0.072035,0.010168,0.077343,0.084874,0.039046,0.152847,0.206141,0.297089
AAAGTGTGATTTATCT-1,0.000031,0.081817,0.06192,0.487614,0.015779,0.024613,0.209049,0.017539,0.018283,0.083355
AAAGTTGACTCCCGTA-1,0.000022,0.001255,0.07779,0.042366,0.018984,0.160562,0.409918,0.126697,0.005368,0.15704
AAATAACCATACGGGA-1,0.000029,0.020319,0.333888,0.175947,0.063721,0.364631,0.031596,0.000029,0.000029,0.00981
AAATAAGGTAGTGCCC-1,0.00005,0.123786,0.458467,0.255909,0.036394,0.000269,0.071012,0.047428,0.006635,0.00005
AAATACCTATAAGCAT-1,0.031576,0.042629,0.108428,0.136704,0.049762,0.06597,0.002041,0.030531,0.314301,0.218059
AAATAGCTTAGACTTT-1,0.000024,0.015121,0.131376,0.107493,0.219058,0.004423,0.440902,0.063028,0.006181,0.012394
AAATAGGGTGCTATTG-1,0.000045,0.464564,0.05849,0.030579,0.123032,0.049836,0.065965,0.033805,0.051754,0.121929
AAATCCGATACACGCC-1,0.079756,0.358307,0.001616,0.311244,0.000079,0.000079,0.000079,0.127333,0.114447,0.007061
AAATCGCGGAAGGAGT-1,0.990351,0.009101,0.000068,0.000068,0.000068,0.000068,0.000068,0.000068,0.000068,0.000068
AAATCGTGTACCACAA-1,0.082825,0.000032,0.013987,0.07202,0.000958,0.0807,0.324111,0.147434,0.206056,0.071875
AAATCTAGCCCTGCTA-1,0.034425,0.048767,0.049688,0.191602,0.000066,0.039791,0.069249,0.259486,0.237266,0.069659
AAATCTGCCCGCGTCC-1,0.881047,0.073118,0.000059,0.000059,0.003003,0.000059,0.000059,0.041854,0.000059,0.000681
AAATGACTGATCAAAC-1,0.00793,0.038951,0.030097,0.346806,0.011797,0.000045,0.065945,0.194314,0.164126,0.139988
AAATGATTCGATCAGC-1,0.017123,0.013141,0.220734,0.10853,0.363417,0.038016,0.193148,0.009873,0.004905,0.031114
AAATGCTCGTTACGTT-1,0.000061,0.121861,0.173373,0.021215,0.571545,0.063282,0.000061,0.035391,0.004028,0.009182
AAATGGCATGTCTTGT-1,0.000014,0.012177,0.06468,0.006735,0.321619,0.593386,0.000866,0.000014,0.000014,0.000498
AAATGGCCCGTGCCCT-1,0.805728,0.188474,0.000725,0.000725,0.000725,0.000725,0.000725,0.000725,0.000725,0.000725
AAATGGTCAATGTGCC-1,0.090895,0.043199,0.011442,0.178346,0.006362,0.16591,0.267925,0.079308,0.079099,0.077514
AAATGTATCTTATCCC-1,0.000026,0.282346,0.113342,0.247233,0.066155,0.123584,0.110735,0.039454,0.015276,0.001848
AAATGTGGGTGCTCCT-1,0.020279,0.123905,0.295546,0.115299,0.100846,0.121369,0.022174,0.102383,0.092557,0.005641
AAATTAACGGGTAGCT-1,0.072983,0.001559,0.006063,0.064327,0.000047,0.131634,0.262845,0.000047,0.437071,0.023424
AAATTAATAAGCGCGA-1,0.15402,0.18723,0.059319,0.133736,0.029202,0.02595,0.137681,0.187805,0.069322,0.015734
AAATTACACGACTCTG-1,0.000043,0.027829,0.514152,0.126041,0.13508,0.164233,0.026553,0.005983,0.000043,0.000043
AAATTACCTATCGATG-1,0.000864,0.16999,0.229386,0.227134,0.022853,0.092685,0.013073,0.2,0.028249,0.015767
AAATTCCAGGTCCAAA-1,0.049365,0.188348,0.024934,0.674151,0.000053,0.000053,0.000053,0.062938,0.000053,0.000053
AAATTGATAGTCCTTT-1,0.618082,0.069653,0.000346,0.000346,0.000346,0.000346,0.000346,0.035763,0.274426,0.000346
AAATTGCGGCGGTTCT-1,0.055141,0.124005,0.267789,0.095895,0.347551,0.000068,0.000068,0.090157,0.010949,0.008378
AAATTGGTGAGAAGCA-1,0.000061,0.137338,0.35671,0.389257,0.01798,0.000061,0.001199,0.097274,0.000061,0.000061
AAATTTACCGAAATCC-1,0.000043,0.012136,0.611169,0.353268,0.012816,0.010166,0.000271,0.000043,0.000043,0.000043
AAATTTGCGGGTGTGG-1,0.356632,0.000104,0.000104,0.000104,0.000104,0.211097,0.187518,0.000104,0.000104,0.244127
AACAACTGGTAGTTGC-1,0.119079,0.000028,0.003847,0.038767,0.01355,0.167509,0.45067,0.206469,0.000028,0.000051
AACAATACATTGTCGA-1,0.062376,0.228919,0.010982,0.335138,0.000055,0.000055,0.022092,0.089837,0.226129,0.024417
AACAATTACTCTACGC-1,0.111496,0.013536,0.007144,0.228484,0.048336,0.153424,0.217712,0.06018,0.095542,0.064146
AACACACGCTCGCCGC-1,0.000028,0.00634,0.04322,0.014469,0.138979,0.002433,0.327395,0.366104,0.013569,0.087463
AACACGACTGTACTGA-1,0.005306,0.043563,0.544729,0.346681,0.054891,0.004712,0.00003,0.00003,0.00003,0.00003
AACACGAGACGCGGCC-1,0.605237,0.383492,0.001409,0.001409,0.001409,0.001409,0.001409,0.001409,0.001409,0.001409
AACACGCGGCCGCGAA-1,0.000027,0.002712,0.229254,0.070529,0.117302,0.288684,0.089024,0.000027,0.005803,0.196637
AACAGCTGTGTGGCAA-1,0.305875,0.508884,0.000299,0.183151,0.000299,0.000299,0.000299,0.000299,0.000299,0.000299
AACAGGAAATCGAATA-1,0.023814,0.068434,0.328338,0.127206,0.210819,0.228362,0.002632,0.010339,0.000028,0.000028
AACAGGATGGGCCGCG-1,0.075245,0.417359,0.023381,0.130294,0.094301,0.102254,0.025983,0.1311,0.000042,0.000042
AACAGGTAGTATGGAT-1,0.035167,0.016211,0.158031,0.091179,0.15028,0.125593,0.190321,0.083886,0.01702,0.132312
AACATAGCGTGTATCG-1,0.038545,0.3626,0.000151,0.251753,0.000151,0.000151,0.000151,0.329499,0.016847,0.000151
AACATATCAACTGGTG-1,0.000045,0.109851,0.391055,0.352172,0.088872,0.044508,0.000045,0.000045,0.013363,0.000045
AACATCGATACGTCTA-1,0.000061,0.029132,0.361818,0.102082,0.128804,0.132905,0.111881,0.103969,0.013305,0.016043
AACATTGAAGTTGATC-1,0.451061,0.000174,0.000174,0.000174,0.000174,0.000174,0.042267,0.000174,0.404393,0.101233
AACATTGGTCAGCCGT-1,0.000044,0.008877,0.252759,0.075069,0.588395,0.008637,0.046623,0.019506,0.000044,0.000044
AACATTGTGACTCGAG-1,0.090092,0.004901,0.00044,0.280936,0.000046,0.000046,0.000046,0.004718,0.598441,0.020334
AACCAAGACTTCTCTG-1,0.636207,0.255252,0.069762,0.000116,0.038084,0.000116,0.000116,0.000116,0.000116,0.000116
AACCAGTATCACTCTT-1,0.000029,0.000267,0.339271,0.230671,0.095723,0.175075,0.158876,0.000029,0.000029,0.000029
AACCATAGGGTTGAAC-1,0.793163,0.020008,0.000045,0.182119,0.000045,0.000045,0.000045,0.004438,0.000045,0.000045
AACCATGGGATCGCTA-1,0.000057,0.095246,0.284418,0.005865,0.557104,0.057083,0.000057,0.000057,0.000057,0.000057
AACCCAGAGACGGAGA-1,0.044683,0.201994,0.477735,0.220015,0.055325,0.000049,0.000049,0.000049,0.000049,0.000049
AACCCATCCCATGATC-1,0.999342,0.000073,0.000073,0.000073,0.000073,0.000073,0.000073,0.000073,0.000073,0.000073
AACCCGACAACCCGTG-1,0.002819,0.206839,0.031552,0.044112,0.014605,0.192714,0.013688,0.005896,0.256807,0.230968
AACCCGAGCAGAATCG-1,0.004201,0.309292,0.188189,0.032025,0.055219,0.00006,0.007312,0.403582,0.00006,0.00006
AACCCGCTGTATTCCA-1,0.000025,0.076523,0.032409,0.026281,0.037508,0.02345,0.133511,0.079041,0.063486,0.527765
AACCCTACTGTCAATA-1,0.000041,0.096828,0.259367,0.220648,0.040964,0.015511,0.069149,0.007542,0.042733,0.247216
AACCCTGGTGGAACCA-1,0.000026,0.099777,0.358017,0.29246,0.057794,0.140388,0.005201,0.000026,0.024782,0.021531
AACCGAGCTTGGTCAT-1,0.009114,0.410275,0.109978,0.115341,0.173852,0.181226,0.000053,0.000053,0.000053,0.000053
AACCGCTAAGGGATGC-1,0.000014,0.000303,0.057058,0.303182,0.00434,0.072308,0.497485,0.002938,0.006916,0.055456
AACCGTTGTGTTTGCT-1,0.000025,0.086956,0.134968,0.043615,0.242078,0.479121,0.006857,0.005764,0.000588,0.000025
AACCTAAAGCCGTCCG-1,0.000032,0.110859,0.436002,0.325922,0.016817,0.019038,0.028483,0.059472,0.003343,0.000032
AACCTCGCTTTAGCCC-1,0.00836,0.043047,0.007492,0.000765,0.137908,0.000249,0.175347,0.456882,0.013348,0.156602
AACCTGTCACGGAATT-1,0.000053,0.004863,0.272942,0.287246,0.135932,0.045069,0.093807,0.151141,0.008893,0.000053
AACCTTTAAATACGGT-1,0.000052,0.047755,0.015509,0.177285,0.000052,0.069445,0.067484,0.000052,0.146907,0.47546
AACCTTTACGACGTCT-1,0.000054,0.087002,0.473852,0.230285,0.204081,0.004511,0.000054,0.000054,0.000054,0.000054
AACGAAAGTCGTCCCA-1,0.9432,0.000059,0.000059,0.000059,0.008891,0.000059,0.000059,0.023996,0.023561,0.000059
AACGACCTCCTAGCCG-1,0.014513,0.026339,0.041429,0.085913,0.010176,0.097497,0.066466,0.060506,0.089541,0.507619
AACGATAATGCCGTAG-1,0.000045,0.454842,0.194731,0.014209,0.121295,0.010952,0.00334,0.008768,0.007869,0.18395
AACGATAGAAGGGCCG-1,0.000016,0.006273,0.070656,0.009767,0.19941,0.612173,0.047816,0.050911,0.000276,0.002703
AACGATATGTCAACTG-1,0.006255,0.011988,0.040042,0.010609,0.145841,0.671719,0.040885,0.059159,0.007135,0.006367
AACGCATGATCTGGGT-1,0.000049,0.022367,0.35475,0.209436,0.22581,0.059982,0.067902,0.044735,0.001524,0.013446
AACGCGAACGGCAACA-1,0.000035,0.00632,0.170269,0.055816,0.166035,0.515013,0.05531,0.0047,0.000035,0.026468
AACGCGACCTTGGGCG-1,0.024571,0.250769,0.027154,0.094246,0.000037,0.004258,0.01119,0.026542,0.341253,0.21998
AACGCGGTCTCCAGCC-1,0.000043,0.063817,0.202186,0.131064,0.233693,0.171351,0.197717,0.000043,0.000043,0.000043
AACGCTGTTGCTGAAA-1,0.000092,0.226897,0.079192,0.236322,0.093357,0.000092,0.000092,0.273238,0.083976,0.006743
AACGGACGTACGTATA-1,0.00003,0.012313,0.093898,0.067716,0.136863,0.006211,0.29011,0.157451,0.088964,0.146444
AACGGCCATCTCCGGT-1,0.601841,0.000059,0.000059,0.081655,0.000059,0.000059,0.131197,0.000059,0.172492,0.012521
AACGTACTGTGGGTAC-1,0.093224,0.074268,0.017173,0.14574,0.016906,0.053773,0.393213,0.017946,0.163366,0.02439
AACGTAGTCTACCCAT-1,0.000062,0.048314,0.360108,0.017503,0.371313,0.059354,0.143162,0.000062,0.000062,0.000062
AACGTCAGACTAGTGG-1,0.013977,0.178707,0.291533,0.123711,0.37065,0.017629,0.000037,0.003679,0.000037,0.000037
AACGTCGCTGCACTTC-1,0.017616,0.07441,0.012842,0.000023,0.058862,0.079071,0.040303,0.247999,0.020253,0.448621
AACGTGATGAAGGACA-1,0.02978,0.007957,0.429812,0.023726,0.096009,0.252252,0.080572,0.039574,0.002746,0.037572
AACGTGCGAAAGTCTC-1,0.049841,0.008026,0.012547,0.052548,0.008974,0.413866,0.159527,0.023316,0.159573,0.111782
AACGTTATCAGCACCT-1,0.040236,0.307776,0.100516,0.009634,0.523973,0.002202,0.000042,0.013925,0.000042,0.001654
AACGTTCTACCATTGT-1,0.000315,0.063191,0.112698,0.139706,0.063022,0.45116,0.057028,0.000031,0.064251,0.048597
AACTACCCGTTTGTCA-1,0.037237,0.003234,0.123246,0.099586,0.222947,0.210032,0.097925,0.128423,0.044371,0.032999
AACTAGCGTATCGCAC-1,0.000046,0.061388,0.336901,0.234091,0.129881,0.197587,0.021356,0.008658,0.006477,0.003616
AACTAGGCTTGGGTGT-1,0.001392,0.636805,0.01971,0.090775,0.033991,0.036172,0.000067,0.000067,0.14767,0.033353
AACTCAAGTTAATTGC-1,0.364687,0.200142,0.000102,0.163933,0.000102,0.000102,0.000102,0.000102,0.270628,0.000102
AACTCCAGAGCGTGTT-1,0.005807,0.23754,0.07024,0.411874,0.000087,0.000087,0.000087,0.181764,0.052862,0.039654
AACTCCTAATCCCATG-1,0.00003,0.042691,0.335712,0.121621,0.202463,0.14402,0.05459,0.041028,0.008296,0.049549
AACTCGATAAACACGT-1,0.000039,0.001303,0.086527,0.000039,0.333714,0.01234,0.282757,0.143472,0.001605,0.138204
AACTCGATGGCGCAGT-1,0.006933,0.00005,0.348442,0.018497,0.449066,0.17681,0.00005,0.00005,0.00005,0.00005
AACTCTCAATAGAGCG-1,0.01892,0.031384,0.143876,0.279589,0.195494,0.112775,0.148472,0.0274,0.006587,0.035503
AACTCTCAGTGTGCTC-1,0.01646,0.000018,0.000018,0.002803,0.000018,0.141419,0.62015,0.001993,0.038504,0.178616
AACTGAGGTCAGCGTC-1,0.000085,0.018581,0.442694,0.228609,0.274818,0.000085,0.034871,0.000085,0.000085,0.000085
AACTGAGTTATACTGA-1,0.021259,0.000046,0.010446,0.000046,0.348696,0.070163,0.268682,0.178741,0.004763,0.097158
AACTGATATTAGGCCT-1,0.028905,0.404222,0.215594,0.100293,0.135714,0.070029,0.000056,0.045075,0.000056,0.000056
AACTGGGTCCCGACGT-1,0.000025,0.052966,0.09414,0.264977,0.077793,0.390094,0.116573,0.001704,0.00106,0.000666
AACTGGGTTCGAGCCG-1,0.000042,0.000042,0.636394,0.118311,0.086265,0.111097,0.047722,0.000042,0.000042,0.000042
AACTGGTGTGGGCCTT-1,0.034408,0.200722,0.197687,0.214097,0.087277,0.138914,0.004612,0.000032,0.080493,0.041758
AACTTCTGCGTCTATC-1,0.033936,0.017584,0.030178,0.002336,0.345759,0.541909,0.027581,0.000033,0.000033,0.000651
AACTTGCCCGTATGCA-1,0.092828,0.098957,0.119091,0.292972,0.200484,0.004152,0.010446,0.180965,0.000052,0.000052
AACTTGCGTTCTCGCG-1,0.029928,0.073435,0.066234,0.009188,0.773189,0.047805,0.000055,0.000055,0.000055,0.000055
AACTTTACGGGAGCTT-1,0.021131,0.00198,0.006453,0.000011,0.068375,0.279252,0.461977,0.027881,0.005935,0.127005
AACTTTAGCTGCTGAG-1,0.03125,0.278293,0.305036,0.28067,0.089157,0.010212,0.000052,0.000052,0.005226,0.000052
AAGAAAGTTTGATGGG-1,0.5473,0.040145,0.000107,0.023835,0.000107,0.040742,0.084906,0.029313,0.000107,0.233438
AAGAAGGATCAGTTAG-1,0.000045,0.019479,0.044237,0.000045,0.58113,0.249497,0.008901,0.000045,0.067776,0.028846
AAGACATACGTGGTTT-1,0.008056,0.011298,0.00002,0.00002,0.014068,0.00145,0.109591,0.003672,0.083033,0.768792
AAGACCAAATAACTCA-1,0.999656,0.000038,0.000038,0.000038,0.000038,0.000038,0.000038,0.000038,0.000038,0.000038
AAGACCCAACTGAACA-1,0.006396,0.075431,0.018601,0.143828,0.017387,0.320073,0.087918,0.033054,0.161552,0.135761
AAGACTAACCCGTTGT-1,0.000041,0.001864,0.255944,0.019785,0.490001,0.071826,0.144055,0.000041,0.000041,0.016401
AAGACTCACGCCCACT-1,0.000041,0.004037,0.584324,0.236368,0.02095,0.050672,0.095819,0.007656,0.000041,0.000094
AAGACTGCAAGCTACT-1,0.004944,0.111479,0.058786,0.107161,0.106283,0.355096,0.036862,0.000034,0.17747,0.041884
AAGAGATGAATCGGTA-1,0.069011,0.18204,0.21842,0.332006,0.183451,0.000058,0.014839,0.000058,0.000058,0.000058
AAGAGCTCTTTATCGG-1,0.013456,0.119155,0.180355,0.047348,0.304228,0.13276,0.028348,0.05278,0.037214,0.084355
AAGAGGATGTACGCGA-1,0.721491,0.153303,0.000129,0.124304,0.000129,0.000129,0.000129,0.000129,0.000129,0.000129
AAGAGGCATGGATCGC-1,0.035831,0.291572,0.114522,0.207497,0.028539,0.154147,0.009211,0.063825,0.051336,0.043518
AAGAGGCCCTTTGGAA-1,0.006178,0.236465,0.156617,0.067798,0.135167,0.035936,0.025615,0.264034,0.000229,0.071961
AAGATGGCACCGGACC-1,0.012469,0.138299,0.019042,0.125263,0.018414,0.218212,0.088085,0.167499,0.137229,0.075485
AAGATTGGCGGAACGT-1,0.000044,0.405074,0.156519,0.395455,0.042686,0.000044,0.000044,0.000044,0.000044,0.000044
AAGCACCCTGCGTATC-1,0.000073,0.344737,0.050678,0.043948,0.052176,0.00457,0.157496,0.029691,0.08875,0.227881
AAGCATACTCTCCTGA-1,0.00003,0.199483,0.030134,0.119275,0.005416,0.271781,0.068128,0.001753,0.053763,0.250236
AAGCCACTTGCAGGTA-1,0.03079,0.276418,0.011105,0.023351,0.056611,0.030413,0.019847,0.012985,0.472091,0.06639
AAGCCGAAGCGGTTTA-1,0.000058,0.000448,0.210835,0.112954,0.164647,0.084782,0.139056,0.240032,0.006681,0.040507
AAGCCGCCGTGAAATC-1,0.888543,0.000067,0.000067,0.000067,0.000067,0.000067,0.000067,0.000067,0.096017,0.014969
AAGCCGGAGAGCAGGA-1,0.000032,0.002665,0.066799,0.013452,0.143607,0.210422,0.117015,0.171632,0.086019,0.188356
AAGCGCAGGGCTTTGA-1,0.00004,0.140754,0.036229,0.055335,0.042721,0.00004,0.081061,0.114659,0.244122,0.285039
AAGCGGCGTCATGGGT-1,0.000033,0.005314,0.319743,0.500572,0.015368,0.097724,0.061148,0.000033,0.000033,0.000033
AAGCGTCCCTCATCGA-1,0.106311,0.004408,0.004689,0.246917,0.000062,0.095029,0.288789,0.000062,0.059294,0.194439
AAGCTAGATCGAGTAA-1,0.007424,0.062506,0.164512,0.091292,0.102493,0.178933,0.071307,0.124392,0.066405,0.130737
AAGCTATGGATTGACC-1,0.627522,0.001111,0.138246,0.071256,0.079381,0.00844,0.030663,0.043259,0.00006,0.00006
AAGCTCGTGCCAAGTC-1,0.010676,0.051904,0.091826,0.036303,0.118358,0.524354,0.127748,0.008482,0.010823,0.019526
AAGCTCTTTCATGGTG-1,0.00007,0.156573,0.002326,0.00007,0.156988,0.00007,0.140941,0.163571,0.17696,0.20243
AAGGAGAACTTATAAG-1,0.000039,0.010197,0.221271,0.382216,0.174814,0.124196,0.062282,0.018218,0.001005,0.00576
AAGGAGCGGTTGGTGC-1,0.034568,0.1846,0.046662,0.375332,0.023751,0.051011,0.238403,0.000044,0.004582,0.041048
AAGGATCGATCGCTTG-1,0.000055,0.486711,0.000055,0.499864,0.000055,0.000055,0.000055,0.012219,0.000876,0.000055
AAGGATGAGGGACCTC-1,0.000452,0.061502,0.197869,0.173656,0.150542,0.224243,0.02397,0.000378,0.072642,0.094745
AAGGCAGGCTGTCTCC-1,0.04707,0.046206,0.173698,0.180835,0.090092,0.181354,0.169749,0.022164,0.063503,0.025329
AAGGCGCGTAAAGCTT-1,0.052227,0.094348,0.087547,0.176878,0.134548,0.065563,0.076483,0.312341,0.000033,0.000033
AAGGCTGTGCTCATCG-1,0.369359,0.410375,0.128398,0.069895,0.005481,0.008741,0.00409,0.003528,0.000067,0.000067
AAGGGAACGACTGGCT-1,0.513169,0.000044,0.000044,0.000044,0.000044,0.05619,0.005054,0.000044,0.052886,0.372481
AAGGGACAGATTCTGT-1,0.000039,0.172106,0.211303,0.33978,0.073562,0.083146,0.029587,0.017625,0.001807,0.071044
AAGGGACTATGCATTC-1,0.727087,0.000298,0.000298,0.000298,0.000298,0.000298,0.000298,0.270531,0.000298,0.000298
AAGGGTTAGCCATGCG-1,0.000031,0.334493,0.006496,0.49841,0.000031,0.000031,0.000031,0.000031,0.152128,0.008317
AAGGGTTTGATTTCAG-1,0.699987,0.000025,0.000025,0.000025,0.000025,0.127718,0.005337,0.014211,0.000025,0.152621
AAGGTATCCTAATATA-1,0.035706,0.009901,0.24536,0.155922,0.08126,0.282444,0.085042,0.000026,0.084664,0.019674
AAGGTGATAAACCAGC-1,0.000038,0.061005,0.2827,0.313523,0.065733,0.022863,0.101596,0.00152,0.017558,0.133465
AAGTAAGCTTCCAAAC-1,0.030146,0.000322,0.175256,0.198919,0.293205,0.000734,0.123699,0.000066,0.177588,0.000066
AAGTAGAAGACCGGGT-1,0.000042,0.223237,0.280222,0.035335,0.377477,0.030933,0.045829,0.006841,0.000042,0.000042
AAGTAGTGACGCGAGG-1,0.20019,0.154139,0.000066,0.028151,0.003413,0.155158,0.279762,0.084423,0.043832,0.050865
AAGTCAATTGTCGTCA-1,0.000055,0.160704,0.124578,0.499133,0.005542,0.000055,0.031674,0.178148,0.000055,0.000055
AAGTCTTCTGTGGCCT-1,0.364381,0.503932,0.000139,0.000139,0.130717,0.000139,0.000139,0.000139,0.000139,0.000139
AAGTGACGACCGAATT-1,0.865398,0.000676,0.000676,0.000676,0.000676,0.000676,0.000676,0.000676,0.129195,0.000676
AAGTGAGTCGGGTTTA-1,0.000043,0.408342,0.001656,0.103736,0.000371,0.139375,0.034,0.06379,0.224334,0.024352
AAGTGCAAAGGTAGAC-1,0.03876,0.237469,0.074942,0.08446,0.377711,0.100498,0.06679,0.019301,0.000034,0.000034
AAGTGCCTTGACTGTA-1,0.016631,0.416739,0.061961,0.168825,0.247596,0.000227,0.001539,0.086341,0.000071,0.000071
AAGTGCGTTAGAATCT-1,0.474396,0.001137,0.001137,0.516511,0.001137,0.001137,0.001137,0.001137,0.001137,0.001137
AAGTGCTTCTCTATTG-1,0.05164,0.386585,0.000034,0.025975,0.000034,0.000034,0.000034,0.000034,0.528652,0.006976
AAGTGTTTGGAGACGG-1,0.000061,0.350358,0.113727,0.052873,0.155294,0.000061,0.070773,0.119966,0.068042,0.068845
AAGTTCACTCCAAGCT-1,0.000047,0.00698,0.023647,0.000047,0.184262,0.019949,0.185704,0.248707,0.057728,0.272928
AAGTTCAGTCTGCGTA-1,0.000044,0.000044,0.343942,0.117551,0.229069,0.16597,0.143247,0.000044,0.000044,0.000044
AAGTTCGGCCAACAGG-1,0.665129,0.299908,0.000198,0.033579,0.000198,0.000198,0.000198,0.000198,0.000198,0.000198
AAGTTGTGATGTTATA-1,0.000093,0.25521,0.040804,0.017577,0.060695,0.000093,0.034235,0.133908,0.433511,0.023872
AAGTTTACTAATGGCA-1,0.000021,0.001808,0.396201,0.011046,0.253318,0.243834,0.076827,0.014078,0.000021,0.002845
AAGTTTATGGGCCCAA-1,0.00002,0.004805,0.000558,0.041872,0.002443,0.005417,0.419374,0.009812,0.040993,0.474704
AATAACAACGCTCGGC-1,0.83558,0.000124,0.000124,0.000124,0.000124,0.000124,0.000124,0.000124,0.031758,0.131797
AATAACACTAGAACAA-1,0.116252,0.323071,0.02193,0.268688,0.029922,0.00697,0.050142,0.072878,0.085434,0.024714
AATAACGTCGCGCCCA-1,0.000009,0.007833,0.104817,0.062888,0.018372,0.429201,0.050374,0.00694,0.001477,0.318089
AATAAGTCCTCGAGAC-1,0.000027,0.030435,0.411511,0.441223,0.016304,0.078574,0.010607,0.000027,0.011264,0.000027
AATAATCTTCGTATCG-1,0.038295,0.009494,0.09075,0.013631,0.141507,0.105284,0.286896,0.164199,0.09844,0.051505
AATACAATGTTTCAGG-1,0.032361,0.13854,0.102467,0.054901,0.252141,0.16547,0.115913,0.037617,0.059419,0.041171
AATACCGGAGGGCTGT-1,0.010711,0.032009,0.000939,0.236697,0.000018,0.317433,0.045757,0.000018,0.193751,0.162666
AATACCTGATGTGAAC-1,0.00342,0.021167,0.028386,0.000024,0.170293,0.03237,0.018607,0.371332,0.006256,0.348146
AATAGAACAGAGTGGC-1,0.04254,0.158423,0.015287,0.417128,0.002806,0.069026,0.197039,0.000039,0.091942,0.00577
AATAGAATCTGTTTCA-1,0.000027,0.030628,0.066072,0.014357,0.0827,0.090412,0.350312,0.189263,0.024397,0.151832
AATAGCAAGCCTCCTG-1,0.008929,0.000591,0.061682,0.085709,0.480333,0.00006,0.303313,0.052927,0.001103,0.005353
AATAGCTACCGCGTGC-1,0.000025,0.000025,0.0924,0.037054,0.582865,0.12947,0.158088,0.000025,0.000025,0.000025
AATAGGCACGACCCTT-1,0.03092,0.042592,0.000058,0.555797,0.000058,0.000058,0.000058,0.000058,0.370346,0.000058
AATAGTCCGTCCCGAC-1,0.000083,0.000076,0.000076,0.15312,0.000076,0.13461,0.064752,0.000076,0.478505,0.168625
AATAGTCGCGAGTCGG-1,0.010789,0.275521,0.086885,0.195545,0.109675,0.083417,0.025634,0.204692,0.007807,0.000034
AATATCAAGGTCGGAT-1,0.000036,0.000036,0.326812,0.006513,0.347938,0.280282,0.000367,0.037944,0.000036,0.000036
AATATCCTAGCAAACT-1,0.795523,0.127721,0.000041,0.000041,0.000041,0.000041,0.000041,0.07211,0.0044,0.000041
AATATCGAATCAATGC-1,0.078906,0.000135,0.124158,0.031498,0.09933,0.000135,0.078343,0.032451,0.394259,0.160785
AATATCGAGGGTTCTC-1,0.000046,0.202863,0.186777,0.153303,0.100514,0.110293,0.150733,0.011437,0.000046,0.083988
AATATTGGAGTATTGA-1,0.35279,0.000179,0.118756,0.000179,0.000179,0.00159,0.156292,0.000179,0.14868,0.221177
AATCAGACTGCAGGAC-1,0.000033,0.000033,0.11202,0.000142,0.154514,0.359552,0.224121,0.000033,0.000033,0.149518
AATCAGGTTTCATTTA-1,0.094092,0.000049,0.000049,0.016488,0.000049,0.013871,0.10494,0.009054,0.631569,0.129837
AATCATGTAAAGACTC-1,0.031792,0.005974,0.12131,0.243229,0.059695,0.015991,0.010132,0.368573,0.123301,0.020003
AATCCAAGGGCCTGAG-1,0.000039,0.012024,0.172062,0.072139,0.227268,0.26969,0.044843,0.01128,0.164313,0.026341
AATCCATGCAAGGGTG-1,0.000048,0.028775,0.352519,0.104621,0.175291,0.165973,0.04265,0.000047,0.033726,0.096351
AATCCCGCTCAGAGCC-1,0.000034,0.110842,0.041837,0.237098,0.001795,0.113476,0.138374,0.008603,0.011535,0.336406
AATCGAGGTCTCAAGG-1,0.042156,0.000106,0.000105,0.307034,0.000105,0.054463,0.074635,0.245231,0.145786,0.130379
AATCGCCTCAGCGCCA-1,0.001098,0.248747,0.382113,0.081431,0.13207,0.015271,0.000043,0.000987,0.087034,0.051204
AATCGCGCAGAGGACT-1,0.029974,0.057416,0.337937,0.162875,0.075989,0.054712,0.127684,0.149702,0.003667,0.000046
AATCGGGACACTACGA-1,0.076393,0.009145,0.487536,0.083027,0.089312,0.146471,0.009562,0.095337,0.002014,0.001202
AATCGGTATAGCCCTC-1,0.000159,0.453921,0.018774,0.057984,0.006279,0.000052,0.000052,0.001414,0.281078,0.180288
AATCGTGAGCCGAGCA-1,0.062387,0.352644,0.000104,0.381849,0.000104,0.000104,0.000104,0.202493,0.000107,0.000104
AATCTAGGTTTACTTG-1,0.887508,0.11133,0.000145,0.000145,0.000145,0.000145,0.000145,0.000145,0.000145,0.000145
AATCTATGCCGGAGCC-1,0.000052,0.006092,0.31209,0.187706,0.2542,0.04885,0.132955,0.025678,0.024126,0.00825
AATCTCTACTGTGGTT-1,0.332872,0.58257,0.000116,0.000116,0.000116,0.04837,0.000116,0.035492,0.000116,0.000116
AATCTGCGTTGGGACG-1,0.000051,0.094401,0.259642,0.238278,0.005413,0.08447,0.033331,0.086977,0.103782,0.093653
AATCTGGCTTTCTAGT-1,0.960685,0.000114,0.000114,0.000114,0.000114,0.000114,0.000114,0.000114,0.038407,0.000114
AATCTGGGTAGACCCT-1,0.000039,0.008172,0.338475,0.202096,0.148456,0.038476,0.209079,0.033012,0.011557,0.01064
AATGACAGCAATGTCT-1,0.520555,0.450769,0.00101,0.021604,0.00101,0.00101,0.00101,0.00101,0.00101,0.00101
AATGACGTAGGATGTC-1,0.000022,0.008432,0.11882,0.04054,0.20136,0.342806,0.027821,0.002634,0.007714,0.249853
AATGACTGTCAGCCGG-1,0.057575,0.100517,0.041222,0.48364,0.009962,0.021178,0.160314,0.105615,0.019941,0.000036
AATGAGTTCGCATATG-1,0.000047,0.01831,0.158212,0.027392,0.576628,0.219222,0.000047,0.000047,0.000047,0.000047
AATGATGATACGCTAT-1,0.016341,0.204259,0.414982,0.226429,0.046454,0.028632,0.000047,0.000803,0.010426,0.051625
AATGATGCGACTCCTG-1,0.00005,0.181872,0.239197,0.322705,0.047985,0.025189,0.000275,0.109476,0.010571,0.06268
AATGCAACCGGGTACC-1,0.018536,0.140642,0.158292,0.239578,0.099853,0.184873,0.137441,0.020728,0.000029,0.000029
AATGCACCAAGCAATG-1,0.000041,0.007941,0.188772,0.300758,0.050048,0.087005,0.298466,0.001021,0.031659,0.034289
AATGGTCCACCGTTCA-1,0.165118,0.172882,0.003817,0.437978,0.000058,0.000058,0.000058,0.219913,0.000058,0.000058
AATGGTTCTCACAAGC-1,0.007543,0.029044,0.145987,0.031694,0.415356,0.20298,0.167308,0.000029,0.000029,0.000029
AATGTATGGCACTGTA-1,0.999558,0.000049,0.000049,0.000049,0.000049,0.000049,0.000049,0.000049,0.000049,0.000049
AATGTGCCCGAGGTGT-1,0.534408,0.001613,0.294565,0.001613,0.001613,0.001613,0.159733,0.001613,0.001613,0.001613
AATGTGCTAATCTGAG-1,0.090017,0.000032,0.000032,0.02566,0.000032,0.00297,0.20386,0.000032,0.66199,0.015374
AATGTTAAGACCCTGA-1,0.09275,0.002903,0.055623,0.257972,0.004781,0.084924,0.059385,0.159262,0.206295,0.076103
AATGTTGTCGTGAGAC-1,0.000065,0.498284,0.021359,0.028061,0.007965,0.000065,0.000065,0.196258,0.008568,0.239309
AATTAAAGGTCGGCGT-1,0.062571,0.080357,0.00205,0.08701,0.000746,0.089615,0.582595,0.04354,0.021904,0.029612
AATTAACGGATTTCCA-1,0.005108,0.007753,0.057012,0.249476,0.036741,0.075046,0.066949,0.104652,0.163158,0.234106
AATTACGAGACCCATC-1,0.999392,0.000068,0.000068,0.000068,0.000068,0.000068,0.000068,0.000068,0.000068,0.000068
AATTACTCGTACGCTC-1,0.000023,0.045541,0.186393,0.017074,0.309773,0.315467,0.017475,0.000023,0.004856,0.103375
AATTAGCGCTGCAGCG-1,0.006867,0.06009,0.05712,0.181681,0.019087,0.200567,0.038149,0.080677,0.033375,0.322388
AATTATACCCAGCAAG-1,0.002851,0.126429,0.112364,0.04718,0.174124,0.000048,0.072365,0.250761,0.180937,0.032942
AATTCATAAGGGATCT-1,0.000058,0.261606,0.271513,0.188789,0.200776,0.015466,0.000058,0.012568,0.039105,0.010062
AATTCATTGTCATGCA-1,0.869253,0.00004,0.00004,0.00004,0.00004,0.00004,0.00004,0.130425,0.00004,0.00004
AATTCCAACTTGGTGA-1,0.000045,0.000045,0.179436,0.003986,0.385973,0.057399,0.132446,0.071332,0.009896,0.159442
AATTCCAAGCATGTAC-1,0.000035,0.168717,0.057115,0.148508,0.060933,0.012467,0.012541,0.086078,0.117532,0.336074
AATTCGATTCGAGGAT-1,0.000035,0.061807,0.006145,0.001282,0.136911,0.000035,0.194324,0.317405,0.121805,0.160251
AATTCTAGAGTTAGGC-1,0.021811,0.071032,0.0269,0.285491,0.000082,0.321224,0.034091,0.000082,0.233016,0.006272
AATTGAACGCTCTGGT-1,0.013729,0.152523,0.177643,0.011056,0.163516,0.060995,0.029802,0.00686,0.049484,0.334391
AATTGCAGCAATCGAC-1,0.000135,0.011007,0.035664,0.092068,0.045644,0.010832,0.264865,0.333106,0.072093,0.134587
AATTGCGTGGATTACA-1,0.916133,0.025052,0.000053,0.014019,0.000053,0.000053,0.000053,0.000053,0.04448,0.000053
AATTGTGGTTGCCAAA-1,0.000021,0.185437,0.042733,0.030577,0.074225,0.090176,0.083536,0.088682,0.103373,0.301239
AATTTGGGACATAGTA-1,0.04419,0.009739,0.251921,0.043386,0.195077,0.265872,0.164635,0.014742,0.004064,0.006374
AATTTGGTTCCAAAGA-1,0.011779,0.072213,0.247412,0.065987,0.19392,0.377233,0.007045,0.020571,0.000929,0.002912
ACAAACCATGCGTCCT-1,0.996135,0.000038,0.000038,0.000038,0.000038,0.000038,0.000038,0.000038,0.00356,0.000038
ACAAACCGACAAGGCG-1,0.00002,0.00002,0.291464,0.324344,0.020443,0.137563,0.226083,0.00002,0.00002,0.00002
ACAAACTCCATCAGAG-1,0.06557,0.000021,0.000021,0.000021,0.000021,0.014751,0.00151,0.218672,0.385982,0.313429
ACAAAGAAGGTAGGCC-1,0.520877,0.000029,0.000029,0.000029,0.000029,0.000029,0.135216,0.000029,0.043701,0.300034
ACAAAGCATGACCTAG-1,0.156649,0.248983,0.000054,0.349257,0.000054,0.000054,0.000054,0.206201,0.038638,0.000054
ACAAATCGCACCGAAT-1,0.007822,0.00433,0.042759,0.006886,0.028213,0.128304,0.451816,0.085185,0.017086,0.227597
ACAAATGGTAGTGTTT-1,0.000027,0.053482,0.114324,0.043839,0.099102,0.179005,0.198317,0.000593,0.018267,0.293043
ACAAATTCAGATCTGA-1,0.000034,0.000457,0.315728,0.309016,0.009463,0.160375,0.19178,0.000034,0.000034,0.013078
ACAACAGCATGAGCTA-1,0.000025,0.000025,0.018217,0.063841,0.009572,0.618331,0.105685,0.000055,0.145054,0.039195
ACAACGGTCCCTGCGA-1,0.048576,0.057638,0.042362,0.050924,0.183805,0.197772,0.321367,0.076858,0.003907,0.016791
ACAAGCAGTGCCTAGC-1,0.07866,0.229693,0.049464,0.136699,0.054973,0.078209,0.345239,0.000036,0.008872,0.018156
ACAAGCTATATGGAAG-1,0.108949,0.376279,0.065112,0.016506,0.295838,0.002174,0.119214,0.015838,0.000045,0.000045
ACAAGGAAATCCGCCC-1,0.000022,0.046427,0.078085,0.000708,0.218675,0.208686,0.047356,0.074947,0.000802,0.32429
ACAAGGACAAGAGGTT-1,0.266446,0.324,0.070763,0.249983,0.018278,0.000054,0.000054,0.070317,0.000054,0.000054
ACAAGGATGCTTTAGG-1,0.067982,0.252425,0.017101,0.051544,0.036129,0.000072,0.000072,0.574531,0.000072,0.000072
ACAAGGCCTACCAGCC-1,0.000032,0.024381,0.234969,0.282442,0.072843,0.057191,0.279881,0.000032,0.009607,0.038622
ACAAGGGCAGGCTCTG-1,0.000016,0.034024,0.078859,0.090816,0.009415,0.408616,0.118382,0.014323,0.011219,0.234331
ACAAGTAATTGTAAGG-1,0.39736,0.012944,0.000068,0.349495,0.000068,0.000068,0.000068,0.134418,0.105441,0.000068
ACAATAGTCGTACGTT-1,0.52428,0.001852,0.001852,0.460901,0.001852,0.001852,0.001852,0.001852,0.001852,0.001852
ACAATCCATTTAAACC-1,0.737036,0.089176,0.001103,0.150049,0.000092,0.000092,0.000092,0.000092,0.022175,0.000092
ACAATCGATCTTTATA-1,0.00003,0.002889,0.552152,0.195441,0.024245,0.121925,0.101382,0.00003,0.00003,0.001876
ACAATGAATACGGAGA-1,0.275927,0.286076,0.000238,0.170411,0.000238,0.000238,0.000238,0.266161,0.000238,0.000238
ACAATGATTCTTCTAC-1,0.00005,0.063231,0.173242,0.165155,0.201878,0.001757,0.314475,0.076539,0.00005,0.003623
ACAATTGTGTCTCTTT-1,0.000071,0.295398,0.018592,0.076256,0.000071,0.000071,0.000071,0.593687,0.015711,0.000071
ACAATTTAGGAGGCTC-1,0.030356,0.489159,0.056411,0.00638,0.273881,0.015841,0.045091,0.070741,0.009044,0.003097
ACAATTTGAGCAGTGG-1,0.018893,0.084646,0.030509,0.22274,0.03719,0.397104,0.043296,0.074843,0.071494,0.019285
ACAATTTGGCCATATT-1,0.036931,0.000074,0.053809,0.11667,0.223165,0.181558,0.218339,0.090396,0.038089,0.040968
ACACAAAGACGGGTGG-1,0.027601,0.107607,0.052008,0.603534,0.015169,0.0367,0.138008,0.000037,0.019299,0.000037
ACACACCAGGACCAGT-1,0.000027,0.013539,0.184685,0.133971,0.078162,0.111752,0.21609,0.099097,0.012745,0.149932
ACACACTTTCTACACG-1,0.023413,0.006403,0.020029,0.000026,0.493293,0.423608,0.007857,0.005741,0.010812,0.008819
ACACATGATCAAATCT-1,0.813339,0.022675,0.000098,0.163297,0.000098,0.000098,0.000098,0.000098,0.000098,0.000098
ACACATTGACGCAACA-1,0.024636,0.249137,0.119002,0.049571,0.46134,0.01578,0.000044,0.000044,0.027819,0.052627
ACACATTTCCGTAGAC-1,0.00004,0.128986,0.008723,0.004563,0.039965,0.000513,0.140879,0.278684,0.075712,0.321934
ACACCACATAATTAGC-1,0.000077,0.307173,0.02241,0.669881,0.000077,0.000077,0.000077,0.000077,0.000077,0.000077
ACACCCAGCATGCAGC-1,0.035557,0.038391,0.187738,0.215021,0.115923,0.034193,0.111759,0.099074,0.162307,0.000036
ACACCCGAGAAATCCG-1,0.025956,0.105846,0.09699,0.106365,0.479856,0.150317,0.020962,0.013646,0.000032,0.000032
ACACCGAGCGCTCTTT-1,0.016294,0.203072,0.320741,0.035329,0.30672,0.02674,0.000038,0.021842,0.014166,0.055059
ACACCGGTCTGACCGC-1,0.858903,0.000035,0.000035,0.000035,0.000035,0.000035,0.000035,0.140819,0.000035,0.000035
ACACCTTAAGTAGGGC-1,0.100565,0.193034,0.101031,0.495185,0.107108,0.000053,0.000053,0.002865,0.000053,0.000053
ACACCTTACTACTTGC-1,0.027215,0.499337,0.000062,0.430204,0.000062,0.000062,0.000062,0.000062,0.042872,0.000062
ACACGAGACTCCTTCT-1,0.014497,0.029173,0.138765,0.042454,0.142704,0.293063,0.030213,0.036221,0.046389,0.22652
ACACGGCACTATGCAT-1,0.000013,0.000013,0.213334,0.03433,0.059987,0.660703,0.031579,0.000013,0.000013,0.000013
ACACGGGAACTTAGGG-1,0.028874,0.287712,0.185763,0.345796,0.02621,0.125399,0.000062,0.000062,0.000062,0.000062
ACACGTAGGCCACAAG-1,0.000093,0.272291,0.230262,0.086221,0.143236,0.000093,0.000093,0.267523,0.000093,0.000093
ACACTCCAATGTCACT-1,0.038788,0.040015,0.164822,0.00004,0.354819,0.361948,0.011944,0.012314,0.010236,0.005074
ACACTGATCAAGGTGT-1,0.006946,0.328714,0.04784,0.2566,0.005354,0.116757,0.046977,0.114748,0.04006,0.036003
ACACTGGGACAGTCGT-1,0.000103,0.247547,0.019686,0.148061,0.071033,0.000103,0.014024,0.308573,0.042432,0.148439
ACAGAACTGAGAACAA-1,0.562163,0.001334,0.001334,0.001334,0.001334,0.001334,0.001334,0.001334,0.427167,0.001334
ACAGATTAGGTTAGTG-1,0.000045,0.071546,0.707931,0.007688,0.181331,0.031282,0.000045,0.000045,0.000045,0.000045
ACAGCATAGAGCCAGT-1,0.000043,0.084804,0.287268,0.210438,0.075811,0.314069,0.016997,0.000043,0.000043,0.010482
ACAGCGACATTCTCAT-1,0.0065,0.005302,0.06252,0.019251,0.221735,0.070346,0.158726,0.176237,0.066192,0.213192
ACAGCGCACCCGCAGC-1,0.013191,0.000025,0.309902,0.021167,0.322859,0.313673,0.014856,0.003196,0.000025,0.001106
ACAGGCACGGATCCTT-1,0.000044,0.227767,0.003276,0.012609,0.081402,0.005777,0.08246,0.260036,0.035746,0.290881
ACAGGCTTGCCCGACT-1,0.017352,0.047604,0.081733,0.048731,0.330442,0.012788,0.097864,0.166546,0.0449,0.152041
ACAGGTGGAGGTGAGG-1,0.063856,0.414224,0.075715,0.377614,0.043574,0.012646,0.005824,0.000048,0.006452,0.000048
ACAGGTGTGTTGTTGC-1,0.257967,0.247869,0.023557,0.218429,0.108124,0.051829,0.030846,0.000071,0.061237,0.000071
ACAGTAATACAACTTG-1,0.771917,0.000935,0.000935,0.000935,0.000935,0.000935,0.000935,0.220604,0.000935,0.000935
ACAGTATACCGTGGGA-1,0.000062,0.268376,0.000856,0.730337,0.000062,0.000062,0.000062,0.000062,0.000062,0.000062
ACATAAGTCGTGGTGA-1,0.890348,0.087893,0.000066,0.000066,0.000066,0.000066,0.000066,0.0213,0.000066,0.000066
ACATAATAAGGCGGTG-1,0.011284,0.017489,0.063313,0.346532,0.151977,0.271882,0.111664,0.025786,0.000037,0.000037
ACATACAATCAAGCGG-1,0.000054,0.046337,0.070413,0.17073,0.001694,0.066637,0.304603,0.087214,0.029265,0.223054
ACATCAGCTGGGACGC-1,0.155207,0.281911,0.007221,0.042857,0.024065,0.035555,0.205197,0.091978,0.083876,0.072134
ACATCCCGGCCATACG-1,0.037963,0.032838,0.000048,0.087566,0.021496,0.345086,0.050356,0.066047,0.05518,0.303422
ACATCCTGGTAACTGT-1,0.02097,0.017408,0.044956,0.107505,0.039237,0.00005,0.385642,0.235502,0.131544,0.017187
ACATCGATCGTTTACC-1,0.019542,0.067863,0.08347,0.046885,0.092879,0.276033,0.087949,0.24276,0.041221,0.041396
ACATCGCAATATTCGG-1,0.021611,0.001961,0.000028,0.262592,0.000028,0.070914,0.249883,0.000028,0.178289,0.214665
ACATCGGTCAGCCGCG-1,0.459158,0.474251,0.000117,0.065774,0.000117,0.000117,0.000117,0.000117,0.000117,0.000117
ACATCGTATGCAATGG-1,0.000026,0.061688,0.091615,0.015931,0.134666,0.258773,0.086954,0.102352,0.010172,0.237823
ACATCGTTAACCTAGT-1,0.000032,0.049828,0.293334,0.213931,0.111795,0.32504,0.005945,0.000032,0.000032,0.000032
ACATCTCAACGCGTAA-1,0.000028,0.048185,0.475122,0.293392,0.098181,0.024187,0.057022,0.000028,0.003826,0.000028
ACATGGCGCCAAAGTA-1,0.000039,0.038453,0.082518,0.156067,0.141741,0.021857,0.050749,0.444638,0.059136,0.004804
ACATGGCTCAATTTAG-1,0.000033,0.000033,0.034002,0.000033,0.232419,0.44193,0.127943,0.017532,0.000033,0.146042
ACATTAGTTTATATCC-1,0.000045,0.118424,0.00437,0.00365,0.219077,0.307925,0.033514,0.102883,0.058141,0.151971
ACATTCGCGCGGAATA-1,0.112608,0.000012,0.000012,0.000012,0.000012,0.021213,0.406628,0.00117,0.186364,0.271968
ACATTTGAAACCTAAC-1,0.00004,0.164566,0.03023,0.001731,0.152686,0.006747,0.004194,0.144921,0.03277,0.462115
ACCAAACACCCAGCGA-1,0.000035,0.003452,0.442186,0.085135,0.105411,0.00639,0.290618,0.066703,0.000035,0.000035
ACCAAACTAGAAATCC-1,0.000026,0.00478,0.407398,0.159017,0.100765,0.229862,0.094084,0.000026,0.000026,0.004016
ACCAACACCACACACT-1,0.000027,0.019036,0.272415,0.069114,0.113734,0.092196,0.427978,0.000564,0.000027,0.004909
ACCAACCGCACTCCAC-1,0.030433,0.202307,0.031151,0.085564,0.000047,0.000047,0.000047,0.650309,0.000047,0.000047
ACCAACGCTTATTTAT-1,0.014198,0.388772,0.031615,0.1653,0.01186,0.227242,0.007119,0.000048,0.092376,0.06147
ACCAAGAACGCGTGTC-1,0.00004,0.264186,0.352319,0.1498,0.221066,0.000055,0.00004,0.012412,0.00004,0.00004
ACCAAGTCATCGGCAG-1,0.000024,0.000024,0.001827,0.000024,0.054173,0.147684,0.214187,0.0201,0.005533,0.556423
