Barcode,Topic 1,Topic 2,Topic 3to5,Topic 6to8,Topic 9,Topic 10,Topic 11to13
AAACAACGAATAGTTC-1,0.000008,0.000008,0.206987,0.7223,0.051278,0.000008,0.019409
AAACAAGTATCTCCCA-1,0.031409,0.070203,0.222233,0.412265,0.02453,0.022129,0.217231
AAACAATCTACTAGCA-1,0.000023,0.001472,0.816094,0.000068,0.138889,0.000023,0.043432
AAACACCAATAACTGC-1,0.000017,0.014605,0.345641,0.377728,0.101906,0.000017,0.160087
AAACAGAGCGACTCCT-1,0.362499,0.044599,0.121355,0.003805,0.212362,0.201453,0.053928
AAACAGCTTTCAGAAG-1,0.000031,0.147206,0.04951,0.25924,0.000071,0.017525,0.526418
AAACAGGGTCTATATT-1,0.000052,0.01615,0.000156,0.112936,0.487955,0.025692,0.357059
AAACAGTGTTCCTGGG-1,0.015365,0.055441,0.000095,0.000095,0.788371,0.000032,0.140601
AAACATGGTGAGAGGA-1,0.000035,0.109928,0.002522,0.183663,0.09014,0.000035,0.613677
AAACATTTCCCGGATT-1,0.000021,0.009408,0.334607,0.286538,0.068515,0.001604,0.299308
AAACCACTACACAGAT-1,0.99976,0.00002,0.00006,0.00006,0.00002,0.00002,0.00006
AAACCCGAACGAAATC-1,0.006542,0.031773,0.112442,0.516705,0.07108,0.069109,0.192348
AAACCGGAAATGTTAA-1,0.061897,0.03091,0.360602,0.411674,0.000011,0.061038,0.073868
AAACCGGGTAGGTACC-1,0.000037,0.034857,0.017957,0.044139,0.001808,0.022071,0.879131
AAACCGTTCGTCCAGG-1,0.000043,0.5183,0.00013,0.00013,0.248139,0.065172,0.168085
AAACCTAAGCAGCCGG-1,0.000011,0.030498,0.412512,0.223789,0.028201,0.000011,0.304978
AAACCTCATGAAGTTG-1,0.000087,0.000087,0.000262,0.000262,0.639317,0.007872,0.352112
AAACGAAGAACATACC-1,0.000024,0.022711,0.394513,0.089372,0.009861,0.201645,0.281876
AAACGAAGATGGAGTA-1,0.000052,0.000052,0.000156,0.052083,0.141281,0.008929,0.797448
AAACGACAGTCTTGCC-1,0.999744,0.000021,0.000064,0.000064,0.000021,0.000021,0.000064
AAACGAGACGGTTGAT-1,0.000008,0.000008,0.930306,0.003819,0.040919,0.000008,0.024932
AAACGCCCGAGATCGG-1,0.819949,0.00005,0.000149,0.000149,0.00005,0.179505,0.000149
AAACGCTGGGCACGAC-1,0.000027,0.041473,0.112871,0.012724,0.10421,0.158413,0.570282
AAACGGGCGTACGGGT-1,0.000037,0.661036,0.000112,0.000112,0.026365,0.245196,0.067143
AAACGGGTTGGTATCC-1,0.000013,0.034702,0.600249,0.222386,0.007533,0.000444,0.134673
AAACGGTTGCGAACTG-1,0.000016,0.065208,0.565304,0.194692,0.032597,0.000016,0.142166
AAACGTGTTCGCCCTA-1,0.793021,0.096505,0.000078,0.000078,0.107426,0.002815,0.000078
AAACTAACGTGGCGAC-1,0.735485,0.078138,0.093274,0.074487,0.000043,0.018443,0.00013
AAACTCGGTTCGCAAT-1,0.000017,0.046647,0.473152,0.198442,0.023258,0.000017,0.258468
AAACTCGTGATATAAG-1,0.15336,0.000037,0.000111,0.081442,0.29319,0.460821,0.011039
AAACTGCTGGCTCCAA-1,0.000012,0.06827,0.471237,0.095181,0.001739,0.000012,0.363549
AAACTTAATTGCACGC-1,0.005518,0.05841,0.000128,0.326218,0.068996,0.017231,0.523499
AAACTTGCAAACGTAT-1,0.000066,0.695908,0.000197,0.000197,0.161727,0.141709,0.000197
AAAGAATGACCTTAGA-1,0.000014,0.000014,0.491911,0.486407,0.000014,0.000014,0.021627
AAAGAATGTGGACTAA-1,0.000031,0.000031,0.000881,0.163275,0.088512,0.054855,0.692415
AAAGACATGAAGTTTA-1,0.423728,0.002384,0.08598,0.09874,0.07565,0.301068,0.012451
AAAGACCCAAGTCGCG-1,0.068531,0.030856,0.196596,0.00634,0.013492,0.176521,0.507665
AAAGACTGGGCGCTTT-1,0.000045,0.010406,0.095025,0.044418,0.334699,0.005039,0.510368
AAAGCTTGCCTACATA-1,0.841892,0.157907,0.000055,0.000055,0.000018,0.000018,0.000055
AAAGGCCCTATAATAC-1,0.000022,0.338583,0.014054,0.415483,0.011933,0.000022,0.219902
AAAGGCTACGGACCAT-1,0.00527,0.000029,0.277907,0.25148,0.067377,0.006772,0.391165
AAAGGCTCTCGCGCCG-1,0.000041,0.103211,0.188662,0.186002,0.048239,0.021885,0.451961
AAAGGGATGTAGCAAG-1,0.000044,0.000044,0.029127,0.000133,0.257003,0.044754,0.668894
AAAGGGCAGCTTGAAT-1,0.00006,0.10507,0.000179,0.000179,0.00006,0.106884,0.787569
AAAGGTAAGCTGTACC-1,0.707373,0.048223,0.000157,0.083698,0.051003,0.10939,0.000157
AAAGGTCAACGACATG-1,0.789738,0.002668,0.000085,0.000085,0.143825,0.056052,0.007548
AAAGTAGCATTGCTCA-1,0.000069,0.019831,0.000207,0.000207,0.591155,0.241794,0.146738
AAAGTCACTGATGTAA-1,0.044655,0.000027,0.485488,0.229715,0.000027,0.027693,0.212396
AAAGTCGACCCTCAGT-1,0.000132,0.000132,0.027627,0.000395,0.484991,0.121039,0.365686
AAAGTGCCATCAATTA-1,0.005026,0.004282,0.284579,0.565638,0.000011,0.032637,0.107827
AAAGTGTGATTTATCT-1,0.02012,0.017797,0.224287,0.203002,0.015388,0.023293,0.496114
AAAGTTGACTCCCGTA-1,0.000011,0.134674,0.733921,0.010301,0.000011,0.025355,0.095726
AAATAACCATACGGGA-1,0.000733,0.020043,0.429018,0.189286,0.011973,0.132052,0.216895
AAATAAGGTAGTGCCC-1,0.060254,0.023151,0.224568,0.412458,0.0177,0.145664,0.116205
AAATACCTATAAGCAT-1,0.000019,0.075999,0.313538,0.301741,0.000019,0.022047,0.286638
AAATAGCTTAGACTTT-1,0.069313,0.14503,0.358012,0.37411,0.002326,0.013697,0.037512
AAATAGGGTGCTATTG-1,0.000045,0.000045,0.001045,0.000136,0.080412,0.053978,0.864339
AAATCACTCCTAAACG-1,0.948024,0.000027,0.000081,0.000081,0.000871,0.050836,0.000081
AAATCCGATACACGCC-1,0.003651,0.00188,0.156905,0.10358,0.032191,0.081615,0.620179
AAATCGCGGAAGGAGT-1,0.000037,0.435019,0.032893,0.167931,0.145452,0.000037,0.218632
AAATCGTGTACCACAA-1,0.000019,0.025919,0.332876,0.13006,0.000019,0.00274,0.508368
AAATCTAGCCCTGCTA-1,0.000039,0.009928,0.178225,0.063126,0.000039,0.002228,0.746415
AAATCTGCCCGCGTCC-1,0.051922,0.343773,0.222055,0.38126,0.000015,0.000015,0.00096
AAATGACTGATCAAAC-1,0.000013,0.056785,0.093223,0.442053,0.000013,0.000013,0.407899
AAATGATTCGATCAGC-1,0.423844,0.000052,0.000155,0.000155,0.332777,0.242864,0.000155
AAATGCTCGTTACGTT-1,0.000042,0.080337,0.156596,0.081442,0.000064,0.02706,0.654459
AAATGGCATGTCTTGT-1,0.038605,0.000022,0.412814,0.17979,0.004454,0.129183,0.235132
AAATGGCCCGTGCCCT-1,0.080106,0.037248,0.284873,0.065978,0.443599,0.000048,0.088149
AAATGGTCAATGTGCC-1,0.000045,0.000045,0.029434,0.000134,0.466648,0.001948,0.501747
AAATGTATCTTATCCC-1,0.000057,0.084062,0.000172,0.361874,0.544783,0.000057,0.008995
AAATGTGGGTGCTCCT-1,0.00059,0.000008,0.813154,0.052128,0.003063,0.017376,0.113681
AAATTAACGGGTAGCT-1,0.000053,0.000053,0.000158,0.000158,0.371653,0.016138,0.611789
AAATTAATAAGCGCGA-1,0.000066,0.000066,0.000199,0.015453,0.729338,0.030652,0.224226
AAATTACACGACTCTG-1,0.000025,0.000025,0.261282,0.055665,0.02786,0.166202,0.488941
AAATTACCTATCGATG-1,0.001266,0.005299,0.474966,0.324887,0.000014,0.092056,0.101511
AAATTCCAGGTCCAAA-1,0.051952,0.147104,0.043599,0.208094,0.11467,0.261073,0.173508
AAATTGATAGTCCTTT-1,0.000067,0.210164,0.000202,0.000202,0.368356,0.273296,0.147712
AAATTGCGGCGGTTCT-1,0.000017,0.062722,0.438413,0.300034,0.007579,0.000169,0.191066
AAATTGGTGAGAAGCA-1,0.868707,0.119814,0.000076,0.000076,0.011225,0.000025,0.000076
AAATTTACCGAAATCC-1,0.034209,0.000016,0.196043,0.434728,0.001166,0.26742,0.066418
AAATTTGCGGGTGTGG-1,0.000023,0.000023,0.172235,0.215764,0.003642,0.00818,0.600133
AACAACTGGTAGTTGC-1,0.000017,0.00737,0.833188,0.02212,0.040633,0.000017,0.096654
AACAATACATTGTCGA-1,0.000038,0.067357,0.092626,0.043948,0.672994,0.000038,0.123
AACAATTACTCTACGC-1,0.000034,0.13044,0.224347,0.157423,0.000034,0.006161,0.481561
AACACACGCTCGCCGC-1,0.006048,0.000635,0.7004,0.134583,0.097766,0.00001,0.060558
AACACGACTGTACTGA-1,0.021419,0.005942,0.735756,0.12614,0.07166,0.018559,0.020525
AACACGAGACGCGGCC-1,0.004349,0.557166,0.000161,0.000161,0.340201,0.074009,0.023954
AACACGCGGCCGCGAA-1,0.000007,0.012504,0.929581,0.048987,0.000007,0.000007,0.008908
AACAGCTGTGTGGCAA-1,0.000062,0.340933,0.000187,0.000187,0.406121,0.117238,0.135274
AACAGGAAATCGAATA-1,0.00003,0.00003,0.12735,0.071986,0.278339,0.24583,0.276435
AACAGGATGGGCCGCG-1,0.000034,0.037615,0.194109,0.092676,0.000034,0.022509,0.653024
AACAGGTAGTATGGAT-1,0.001069,0.010589,0.123815,0.735051,0.016171,0.054763,0.058542
AACATAGCGTGTATCG-1,0.00001,0.06024,0.378779,0.423068,0.00001,0.00001,0.137883
AACATATCAACTGGTG-1,0.000024,0.000024,0.452694,0.022689,0.030294,0.245097,0.249178
AACATCGATACGTCTA-1,0.69344,0.017989,0.134852,0.145145,0.000027,0.008463,0.000084
AACATTGAAGTTGATC-1,0.000933,0.021893,0.045989,0.545631,0.130656,0.000028,0.254871
AACATTGGTCAGCCGT-1,0.000045,0.000045,0.07133,0.246445,0.215097,0.000931,0.466107
AACATTGTGACTCGAG-1,0.000028,0.000028,0.297205,0.051399,0.21819,0.007671,0.425479
AACCAAGACTTCTCTG-1,0.00003,0.010409,0.256189,0.182001,0.00554,0.00003,0.5458
AACCAGTATCACTCTT-1,0.448692,0.000037,0.081995,0.037013,0.288859,0.100965,0.042438
AACCATAGGGTTGAAC-1,0.036204,0.135531,0.000123,0.128455,0.052975,0.000041,0.646672
AACCATGGGATCGCTA-1,0.000017,0.04198,0.68766,0.103015,0.000017,0.000017,0.167295
AACCCAGAGACGGAGA-1,0.000017,0.0458,0.65017,0.074363,0.000017,0.000017,0.229615
AACCCATCCCATGATC-1,0.000047,0.001017,0.000142,0.116385,0.203768,0.000047,0.678593
AACCCGACAACCCGTG-1,0.076163,0.03658,0.000163,0.000163,0.862036,0.000054,0.024839
AACCCGAGCAGAATCG-1,0.076777,0.023886,0.444671,0.310419,0.002051,0.008842,0.133354
AACCCGATAGGGCTTC-1,0.945209,0.000036,0.000107,0.000107,0.000036,0.054397,0.000107
AACCCGCTGTATTCCA-1,0.000014,0.035976,0.145681,0.3702,0.000014,0.000014,0.448103
AACCCTACTGTCAATA-1,0.016607,0.072596,0.507846,0.162486,0.11596,0.008169,0.116336
AACCCTGGTGGAACCA-1,0.00081,0.000307,0.559626,0.210394,0.000013,0.111426,0.117424
AACCGAGCTTGGTCAT-1,0.000064,0.000064,0.035435,0.000192,0.005544,0.173585,0.785117
AACCGCTAAGGGATGC-1,0.000036,0.034218,0.198357,0.000108,0.013586,0.07154,0.682155
AACCGTTGTGTTTGCT-1,0.000011,0.000011,0.825708,0.068579,0.000011,0.02339,0.082289
AACCTAAAGCCGTCCG-1,0.056229,0.000011,0.439131,0.249905,0.142115,0.057155,0.055454
AACCTCGCTTTAGCCC-1,0.041755,0.015565,0.062767,0.266838,0.309002,0.000031,0.304042
AACCTGTCACGGAATT-1,0.415062,0.02199,0.007247,0.211135,0.209717,0.02102,0.113829
AACCTTTAAATACGGT-1,0.000017,0.000017,0.396328,0.291414,0.113378,0.000017,0.198829
AACCTTTACGACGTCT-1,0.019133,0.000064,0.066565,0.139556,0.033759,0.533978,0.206945
AACGAAAGTCGTCCCA-1,0.000031,0.257523,0.006875,0.474522,0.123475,0.000031,0.137544
AACGACCTCCTAGCCG-1,0.000011,0.173973,0.444202,0.257684,0.000282,0.012243,0.111606
AACGATAATGCCGTAG-1,0.000024,0.040223,0.175996,0.039054,0.028544,0.028459,0.687701
AACGATAGAAGGGCCG-1,0.00003,0.00003,0.327044,0.111899,0.06569,0.04401,0.451297
AACGATATGTCAACTG-1,0.061985,0.005697,0.588769,0.168939,0.003599,0.014183,0.156829
AACGCATGATCTGGGT-1,0.23737,0.000039,0.000117,0.018717,0.058683,0.589867,0.095208
AACGCGAACGGCAACA-1,0.000028,0.037331,0.149541,0.084659,0.371523,0.003843,0.353074
AACGCGACCTTGGGCG-1,0.000042,0.000042,0.01265,0.013823,0.000042,0.021324,0.952078
AACGCGGTCTCCAGCC-1,0.022148,0.014134,0.178886,0.11078,0.174335,0.076724,0.422992
AACGCTGTTGCTGAAA-1,0.000017,0.005234,0.636705,0.208162,0.032217,0.000017,0.117647
AACGGACGTACGTATA-1,0.000014,0.073465,0.689675,0.186868,0.000014,0.000014,0.049949
AACGGCCATCTCCGGT-1,0.000025,0.000025,0.133438,0.102032,0.000025,0.00169,0.762767
AACGTACTGTGGGTAC-1,0.000034,0.004436,0.11605,0.17208,0.018549,0.001493,0.687358
AACGTAGTCTACCCAT-1,0.089411,0.134804,0.286124,0.042488,0.019548,0.174423,0.253201
AACGTCAGACTAGTGG-1,0.000017,0.061609,0.65059,0.104017,0.098394,0.000017,0.085357
AACGTCATCCGGCTTG-1,0.000032,0.013299,0.000096,0.000096,0.624858,0.003273,0.358346
AACGTCGCTGCACTTC-1,0.048713,0.002154,0.054503,0.354645,0.12894,0.033064,0.37798
AACGTGATGAAGGACA-1,0.000019,0.000019,0.583087,0.098382,0.217963,0.024346,0.076185
AACGTGCGAAAGTCTC-1,0.030463,0.000023,0.513305,0.064739,0.043778,0.028045,0.319646
AACGTTATCAGCACCT-1,0.000103,0.000086,0.000257,0.000257,0.775444,0.054297,0.169557
AACGTTCTACCATTGT-1,0.000023,0.003282,0.136448,0.396789,0.002959,0.068917,0.391583
AACTACCCGTTTGTCA-1,0.000025,0.021935,0.095174,0.360913,0.092413,0.10547,0.32407
AACTAGCGTATCGCAC-1,0.000054,0.000054,0.013596,0.031653,0.000054,0.342654,0.611934
AACTAGGCTTGGGTGT-1,0.00004,0.003074,0.323227,0.104455,0.107285,0.00004,0.461879
AACTCAAGTTAATTGC-1,0.000027,0.097068,0.183046,0.03069,0.189865,0.000027,0.499278
AACTCCAGAGCGTGTT-1,0.000027,0.058703,0.208894,0.197972,0.069772,0.027601,0.43703
AACTCCTAATCCCATG-1,0.135502,0.000022,0.075216,0.279803,0.006123,0.238432,0.264903
AACTCGATAAACACGT-1,0.000045,0.000045,0.000134,0.117067,0.396809,0.002926,0.482974
AACTCGATGGCGCAGT-1,0.13568,0.129473,0.233419,0.050935,0.038003,0.000029,0.412461
AACTCTCAATAGAGCG-1,0.02316,0.000025,0.433531,0.13529,0.050779,0.130556,0.226657
AACTCTCAGTGTGCTC-1,0.000033,0.000033,0.151245,0.074707,0.001265,0.007322,0.765394
AACTGAGGTCAGCGTC-1,0.801301,0.000095,0.000285,0.000285,0.035833,0.161918,0.000285
AACTGAGTTATACTGA-1,0.001157,0.251814,0.202416,0.351971,0.031845,0.105496,0.055301
AACTGATATTAGGCCT-1,0.000029,0.018275,0.507638,0.08555,0.158465,0.016563,0.213479
AACTGGGTCCCGACGT-1,0.00004,0.00004,0.240077,0.105833,0.154493,0.064901,0.434616
AACTGGGTTCGAGCCG-1,0.000032,0.000032,0.165471,0.05981,0.344054,0.383525,0.047077
AACTGGTGTGGGCCTT-1,0.005756,0.000017,0.622191,0.013257,0.013379,0.04202,0.30338
AACTTCTGCGTCTATC-1,0.000028,0.12239,0.467437,0.14642,0.107174,0.000028,0.156521
AACTTGCCCGTATGCA-1,0.000035,0.002074,0.346556,0.110541,0.014458,0.000035,0.526301
AACTTGCGTTCTCGCG-1,0.000022,0.04174,0.412341,0.219013,0.000022,0.000022,0.326839
AACTTTACGGGAGCTT-1,0.000059,0.006696,0.118507,0.401692,0.386306,0.000059,0.086683
AACTTTAGCTGCTGAG-1,0.036077,0.000042,0.287381,0.03023,0.000059,0.103645,0.542565
AACTTTCTCGATCATG-1,0.721569,0.069423,0.029255,0.074637,0.006638,0.05974,0.038738
AAGAAAGTTTGATGGG-1,0.071784,0.000053,0.073998,0.240425,0.000032,0.008688,0.605019
AAGAAATCACCAGATT-1,0.999644,0.00003,0.000089,0.000089,0.00003,0.00003,0.000089
AAGAAGGATCAGTTAG-1,0.000052,0.002915,0.07844,0.014808,0.031902,0.004285,0.867598
AAGACATACGTGGTTT-1,0.000008,0.001826,0.559645,0.359689,0.000008,0.000008,0.078815
AAGACCAAATAACTCA-1,0.00002,0.041785,0.00755,0.689735,0.033231,0.00002,0.227659
AAGACCCAACTGAACA-1,0.096495,0.00563,0.266172,0.13176,0.138227,0.000022,0.361695
AAGACTAACCCGTTGT-1,0.000029,0.000029,0.283945,0.064463,0.000029,0.028615,0.622891
AAGACTCACGCCCACT-1,0.387487,0.000028,0.055027,0.222753,0.002055,0.275823,0.056827
AAGACTGCAAGCTACT-1,0.038319,0.08669,0.253648,0.016819,0.210268,0.005465,0.38879
AAGAGATGAATCGGTA-1,0.000036,0.00956,0.322981,0.118832,0.000036,0.000036,0.548519
AAGAGCTCTTTATCGG-1,0.000047,0.000047,0.085741,0.017779,0.001247,0.125681,0.769459
AAGAGGATGTACGCGA-1,0.000023,0.007624,0.475525,0.031415,0.000023,0.000023,0.485368
AAGAGGCATGGATCGC-1,0.000013,0.000013,0.886741,0.000038,0.000013,0.00268,0.110503
AAGAGGCCCTTTGGAA-1,0.000026,0.033426,0.268697,0.14571,0.000026,0.010513,0.541602
AAGATGGCACCGGACC-1,0.029989,0.000829,0.131067,0.080243,0.33442,0.021146,0.402306
AAGATTGGCGGAACGT-1,0.000007,0.000007,0.948896,0.026312,0.000007,0.011791,0.012979
AAGCACCCTGCGTATC-1,0.00002,0.095011,0.560623,0.212838,0.00002,0.00002,0.131468
AAGCATACTCTCCTGA-1,0.027065,0.003147,0.602208,0.278696,0.003701,0.000012,0.08517
AAGCCACTTGCAGGTA-1,0.01295,0.000039,0.000117,0.021129,0.027346,0.003899,0.934521
AAGCCGAAGCGGTTTA-1,0.092447,0.018333,0.252559,0.4393,0.000024,0.058915,0.138422
AAGCCGCCGTGAAATC-1,0.011595,0.122172,0.000088,0.137475,0.22323,0.004786,0.500655
AAGCCGCTTTACCTTG-1,0.861653,0.000019,0.042634,0.075531,0.000019,0.000019,0.020123
AAGCCGGAGAGCAGGA-1,0.000011,0.04392,0.377528,0.53447,0.000833,0.002415,0.040823
AAGCGCAGGGCTTTGA-1,0.000045,0.000045,0.011046,0.000136,0.123309,0.029679,0.835739
AAGCGGAGTGCGCGCA-1,0.971786,0.000026,0.000077,0.000077,0.027932,0.000026,0.000077
AAGCGGCGTCATGGGT-1,0.088483,0.000056,0.000169,0.000169,0.326494,0.58446,0.000169
AAGCGTCCCTCATCGA-1,0.0001,0.078179,0.0003,0.0003,0.782603,0.11534,0.023177
AAGCTAGATCGAGTAA-1,0.020106,0.058248,0.665215,0.232979,0.000011,0.000011,0.02343
AAGCTATGGATTGACC-1,0.000025,0.000025,0.389371,0.081126,0.000025,0.070815,0.458612
AAGCTCGTGCCAAGTC-1,0.000013,0.000013,0.890482,0.010834,0.019745,0.000013,0.078901
AAGCTCTTTCATGGTG-1,0.000022,0.128812,0.464588,0.256333,0.023175,0.000022,0.127049
AAGGAGAACTTATAAG-1,0.058501,0.00002,0.458555,0.202285,0.055596,0.102899,0.122145
AAGGAGCGGTTGGTGC-1,0.000051,0.020394,0.035421,0.269791,0.107813,0.000171,0.566359
AAGGATCGATCGCTTG-1,0.016533,0.003099,0.540705,0.434944,0.000009,0.000619,0.004091
AAGGATGAGGGACCTC-1,0.084667,0.01615,0.670059,0.032853,0.029451,0.044777,0.122043
AAGGCAGGCTGTCTCC-1,0.005062,0.114482,0.062606,0.701549,0.000471,0.005062,0.110767
AAGGCGCGTAAAGCTT-1,0.00003,0.115698,0.126372,0.194474,0.00003,0.022997,0.5404
AAGGCTGTGCTCATCG-1,0.000054,0.068001,0.100666,0.020574,0.068432,0.140548,0.601725
AAGGGAACGACTGGCT-1,0.038038,0.004497,0.225399,0.636825,0.014187,0.000011,0.081043
AAGGGACAGATTCTGT-1,0.032767,0.012514,0.26013,0.000107,0.351541,0.275315,0.067626
AAGGGACTATGCATTC-1,0.061156,0.060569,0.000162,0.000162,0.829192,0.00288,0.04588
AAGGGTTAGCCATGCG-1,0.000006,0.00454,0.784623,0.2072,0.000006,0.000006,0.003618
AAGGGTTTGATTTCAG-1,0.000051,0.044088,0.000152,0.346817,0.190647,0.000051,0.418194
AAGGTATCCTAATATA-1,0.000035,0.000035,0.329418,0.067104,0.124644,0.250233,0.228531
AAGGTGATAAACCAGC-1,0.000039,0.47562,0.15282,0.000118,0.090987,0.079983,0.200432
AAGTAAGCTTCCAAAC-1,0.000007,0.000007,0.903434,0.002037,0.000007,0.020181,0.074326
AAGTAGAAGACCGGGT-1,0.000014,0.033589,0.644318,0.14723,0.005733,0.000014,0.169101
AAGTAGTGACGCGAGG-1,0.000027,0.050555,0.351136,0.067037,0.193948,0.000027,0.33727
AAGTCAATTGTCGTCA-1,0.000019,0.095421,0.225899,0.460591,0.000356,0.024319,0.193396
AAGTCTAGTAGCTGCC-1,0.354838,0.046276,0.005688,0.593125,0.000015,0.000015,0.000044
AAGTCTTCTGTGGCCT-1,0.000056,0.116825,0.000167,0.520466,0.006209,0.000056,0.356221
AAGTGACGACCGAATT-1,0.000019,0.059295,0.351517,0.292709,0.000019,0.000019,0.296422
AAGTGAGTCGGGTTTA-1,0.000022,0.002957,0.392316,0.259902,0.000022,0.000022,0.344758
AAGTGCAAAGGTAGAC-1,0.000101,0.08269,0.000304,0.000304,0.33476,0.303045,0.278796
AAGTGCCTTGACTGTA-1,0.000021,0.000021,0.390542,0.331497,0.005999,0.144555,0.127365
AAGTGCGTTAGAATCT-1,0.00009,0.091169,0.000271,0.000271,0.63317,0.019279,0.255748
AAGTGCTTCTCTATTG-1,0.000044,0.000044,0.000131,0.006033,0.651441,0.000044,0.342263
AAGTGTTTGGAGACGG-1,0.000048,0.000048,0.000144,0.000144,0.133734,0.089868,0.776013
AAGTTCACTCCAAGCT-1,0.000065,0.063757,0.000195,0.014354,0.26604,0.14468,0.510909
AAGTTCAGTCTGCGTA-1,0.261831,0.008597,0.152891,0.137102,0.029863,0.167908,0.241807
AAGTTCGGCCAACAGG-1,0.000048,0.02987,0.000143,0.005245,0.051274,0.002792,0.910628
AAGTTGTGATGTTATA-1,0.000041,0.000041,0.089683,0.123437,0.04821,0.035835,0.702753
AAGTTTACTAATGGCA-1,0.000028,0.000028,0.323094,0.037611,0.009446,0.202591,0.427203
AAGTTTATGGGCCCAA-1,0.000017,0.02778,0.460762,0.315828,0.008507,0.000017,0.18709
AATAACAACGCTCGGC-1,0.000014,0.016049,0.540751,0.181967,0.000014,0.000014,0.261191
AATAACACTAGAACAA-1,0.000022,0.187566,0.173695,0.210894,0.198146,0.000022,0.229656
AATAACGTCGCGCCCA-1,0.000022,0.020777,0.109096,0.445738,0.008842,0.037751,0.377774
AATAAGTCCTCGAGAC-1,0.000025,0.000025,0.428674,0.059422,0.025138,0.321901,0.164816
AATAATCTTCGTATCG-1,0.0417,0.03432,0.436444,0.48609,0.000006,0.000006,0.001433
AATACAATGTTTCAGG-1,0.000018,0.087204,0.235045,0.254376,0.000018,0.000018,0.423321
AATACCGGAGGGCTGT-1,0.031859,0.0735,0.000099,0.000099,0.894312,0.000033,0.000099
AATACCTGATGTGAAC-1,0.000018,0.038247,0.124205,0.672468,0.072533,0.000496,0.092032
AATAGAACAGAGTGGC-1,0.000019,0.074165,0.457393,0.04747,0.054166,0.000019,0.366768
AATAGAATCTGTTTCA-1,0.000025,0.139062,0.322624,0.172798,0.04491,0.003252,0.31733
AATAGCAAGCCTCCTG-1,0.37281,0.067431,0.074742,0.475213,0.009704,0.000025,0.000075
AATAGCTACCGCGTGC-1,0.236383,0.072915,0.20363,0.482853,0.000017,0.000017,0.004186
AATAGGCACGACCCTT-1,0.075232,0.00438,0.142971,0.459617,0.063009,0.000018,0.254772
AATAGTCCGTCCCGAC-1,0.000035,0.014751,0.09829,0.009688,0.001104,0.001411,0.87472
AATAGTCGCGAGTCGG-1,0.102443,0.145178,0.000337,0.000337,0.437616,0.039816,0.274272
AATATCAAGGTCGGAT-1,0.000064,0.045502,0.000193,0.000193,0.003476,0.306861,0.643711
AATATCCTAGCAAACT-1,0.000033,0.710442,0.056244,0.114002,0.000033,0.000033,0.119214
AATATCGAATCAATGC-1,0.039492,0.143731,0.091039,0.695223,0.000015,0.00629,0.024209
AATATCGAGGGTTCTC-1,0.000036,0.000036,0.066512,0.021936,0.178573,0.092767,0.640139
AATATTGGAGTATTGA-1,0.00004,0.055547,0.034814,0.138953,0.008161,0.00004,0.762445
AATCAGACTGCAGGAC-1,0.000022,0.014618,0.394055,0.125501,0.023607,0.000022,0.442173
AATCAGGTTTCATTTA-1,0.000019,0.180239,0.004534,0.635534,0.002263,0.000019,0.177392
AATCATGTAAAGACTC-1,0.000015,0.000015,0.726275,0.102624,0.160517,0.000015,0.010538
AATCCAAGGGCCTGAG-1,0.046924,0.101031,0.194592,0.005046,0.083887,0.126133,0.442388
AATCCATGCAAGGGTG-1,0.000038,0.009738,0.060055,0.008702,0.49578,0.070359,0.355329
AATCCCGCTCAGAGCC-1,0.00004,0.00004,0.000119,0.017369,0.614767,0.04843,0.319237
AATCGAGGTCTCAAGG-1,0.014619,0.057676,0.579224,0.2689,0.0245,0.000008,0.055073
AATCGCCTCAGCGCCA-1,0.000025,0.000025,0.460091,0.068616,0.122715,0.007586,0.340943
AATCGCGCAGAGGACT-1,0.012054,0.000032,0.044152,0.049123,0.044184,0.257376,0.593079
AATCGGGACACTACGA-1,0.000034,0.000034,0.521532,0.034061,0.000439,0.138467,0.305432
AATCGGTATAGCCCTC-1,0.000047,0.011377,0.000141,0.067031,0.123005,0.015387,0.783012
AATCGTGAGCCGAGCA-1,0.000044,0.021875,0.306964,0.039644,0.249746,0.000044,0.381683
AATCTAGGTTTACTTG-1,0.000031,0.048862,0.012482,0.373646,0.057713,0.014611,0.492655
AATCTATGCCGGAGCC-1,0.156891,0.000033,0.12425,0.190549,0.090534,0.263222,0.174522
AATCTCTACTGTGGTT-1,0.00012,0.00012,0.000359,0.000359,0.464339,0.122969,0.411734
AATCTGCGTTGGGACG-1,0.000018,0.005178,0.528213,0.179382,0.018548,0.076078,0.192582
AATCTGGCTTTCTAGT-1,0.000021,0.274664,0.000064,0.362488,0.000146,0.004082,0.358534
AATCTGGGTAGACCCT-1,0.316083,0.000031,0.139237,0.151667,0.134346,0.208658,0.049979
AATGACAGCAATGTCT-1,0.000038,0.000038,0.000607,0.018394,0.283639,0.000038,0.697248
AATGACGTAGGATGTC-1,0.000034,0.070622,0.171698,0.104763,0.000034,0.018804,0.634044
AATGACTGTCAGCCGG-1,0.000039,0.000039,0.119435,0.112365,0.000039,0.047174,0.72091
AATGAGTTCGCATATG-1,0.000025,0.097598,0.418823,0.12493,0.199622,0.000025,0.158977
AATGATGATACGCTAT-1,0.028608,0.000014,0.515419,0.210582,0.02218,0.081246,0.141952
AATGATGCGACTCCTG-1,0.000018,0.004583,0.525793,0.279048,0.008543,0.08795,0.094065
AATGCAACCGGGTACC-1,0.000046,0.000046,0.000276,0.000137,0.050899,0.127014,0.821582
AATGCACCAAGCAATG-1,0.130993,0.000022,0.089215,0.093607,0.257678,0.275557,0.152927
AATGGCCGCCAATGCG-1,0.858554,0.000041,0.000122,0.000122,0.000041,0.136887,0.004236
AATGGTCCACCGTTCA-1,0.048745,0.000065,0.039693,0.098394,0.437701,0.010194,0.36521
AATGGTTCTCACAAGC-1,0.000042,0.146802,0.043171,0.001154,0.356023,0.035958,0.416851
AATGTATGGCACTGTA-1,0.000012,0.489612,0.252977,0.257337,0.000012,0.000012,0.000037
AATGTGCCCGAGGTGT-1,0.080133,0.304527,0.046651,0.000209,0.494469,0.003603,0.070409
AATGTGCTAATCTGAG-1,0.00004,0.074614,0.00012,0.051008,0.740424,0.003637,0.130157
AATGTTAAGACCCTGA-1,0.000019,0.075015,0.214676,0.272591,0.225073,0.000325,0.212302
AATGTTGTCGTGAGAC-1,0.000011,0.010831,0.742104,0.221232,0.000011,0.000011,0.025801
AATTAAAGGTCGGCGT-1,0.000033,0.133299,0.346179,0.061592,0.000033,0.000033,0.45883
AATTAACGGATTTCCA-1,0.000029,0.000029,0.250613,0.156395,0.083019,0.00725,0.502665
AATTACGAGACCCATC-1,0.000032,0.292925,0.101181,0.442404,0.116847,0.000032,0.046579
AATTACTCGTACGCTC-1,0.000093,0.000093,0.00028,0.009821,0.548565,0.108473,0.332675
AATTAGCGCTGCAGCG-1,0.011631,0.001384,0.389689,0.249944,0.000026,0.006801,0.340525
AATTATACCCAGCAAG-1,0.000027,0.000027,0.038486,0.124742,0.060508,0.01276,0.763449
AATTCATAAGGGATCT-1,0.000031,0.02769,0.202426,0.131553,0.0725,0.18834,0.377459
AATTCATTGTCATGCA-1,0.000022,0.192408,0.059374,0.739092,0.000022,0.000022,0.009059
AATTCCAACTTGGTGA-1,0.000024,0.00707,0.256521,0.519515,0.035343,0.000024,0.181503
AATTCCAAGCATGTAC-1,0.038898,0.000051,0.000154,0.037684,0.175125,0.010182,0.737907
AATTCGATTCGAGGAT-1,0.106338,0.027303,0.588849,0.103175,0.017697,0.00002,0.156618
AATTCTAGAGTTAGGC-1,0.000045,0.000045,0.108748,0.195548,0.000045,0.075918,0.61965
AATTGAACGCTCTGGT-1,0.000024,0.029759,0.476591,0.143725,0.005037,0.004393,0.340471
AATTGCAGCAATCGAC-1,0.012973,0.000022,0.125458,0.27193,0.091224,0.011173,0.487219
AATTGCGTGGATTACA-1,0.000039,0.093145,0.000118,0.448076,0.029846,0.000039,0.428736
AATTGTGGTTGCCAAA-1,0.024151,0.000014,0.439098,0.169585,0.009107,0.004007,0.354039
AATTTGGGACATAGTA-1,0.123701,0.000028,0.220735,0.011402,0.384289,0.165277,0.094568
AATTTGGTTCCAAAGA-1,0.013894,0.089791,0.675191,0.089117,0.000015,0.047026,0.084967
ACAAACCATGCGTCCT-1,0.00002,0.00002,0.105481,0.765615,0.108451,0.00002,0.020395
ACAAACCGACAAGGCG-1,0.080627,0.000011,0.242337,0.348691,0.084986,0.127549,0.115798
ACAAACTCCATCAGAG-1,0.000011,0.093881,0.057925,0.452607,0.013701,0.000011,0.381865
ACAAAGAAGGTAGGCC-1,0.000043,0.050665,0.031771,0.256295,0.068665,0.000043,0.592518
ACAAAGCATGACCTAG-1,0.000026,0.020233,0.193988,0.101678,0.078668,0.094323,0.511083
ACAAATCGCACCGAAT-1,0.000014,0.01113,0.493293,0.320112,0.058877,0.000014,0.116561
ACAAATGGTAGTGTTT-1,0.000037,0.000037,0.163752,0.021805,0.268291,0.021964,0.524115
ACAAATTCAGATCTGA-1,0.658207,0.023129,0.000124,0.000124,0.274851,0.043439,0.000124
ACAACAGCATGAGCTA-1,0.000035,0.031485,0.244655,0.080551,0.000035,0.053061,0.590179
ACAACGGTCCCTGCGA-1,0.000012,0.000012,0.736157,0.155344,0.000012,0.000012,0.108451
ACAAGCAGTGCCTAGC-1,0.000029,0.072282,0.131919,0.109579,0.082187,0.002626,0.601378
ACAAGCTATATGGAAG-1,0.000039,0.162037,0.000116,0.553091,0.033835,0.000039,0.250845
ACAAGGAAATCCGCCC-1,0.00785,0.011881,0.415853,0.271286,0.166429,0.00002,0.126682
ACAAGGACAAGAGGTT-1,0.000063,0.133068,0.230449,0.076159,0.034647,0.000063,0.525552
ACAAGGATGCTTTAGG-1,0.000036,0.000036,0.079722,0.038817,0.145773,0.037157,0.698459
ACAAGGCCTACCAGCC-1,0.87946,0.054798,0.060042,0.000105,0.000035,0.000035,0.005525
ACAAGGGCAGGCTCTG-1,0.000022,0.000022,0.351386,0.20712,0.000022,0.029708,0.411721
ACAAGTAATTGTAAGG-1,0.012248,0.000021,0.195929,0.217632,0.001988,0.046822,0.525361
ACAATAGTCGTACGTT-1,0.000136,0.007703,0.000408,0.000408,0.534005,0.243404,0.213936
ACAATCCATTTAAACC-1,0.100605,0.075768,0.091366,0.037586,0.000035,0.190381,0.504261
ACAATCGATCTTTATA-1,0.005895,0.000014,0.457466,0.195269,0.105179,0.084746,0.151432
ACAATGAATACGGAGA-1,0.021258,0.643617,0.080027,0.000156,0.17737,0.077416,0.000156
ACAATGATTCTTCTAC-1,0.711162,0.000079,0.000237,0.000237,0.000079,0.287967,0.000237
ACAATTGTGTCTCTTT-1,0.000061,0.235515,0.05559,0.000182,0.045843,0.169546,0.493264
ACAATTTAGGAGGCTC-1,0.000059,0.000587,0.194962,0.108771,0.690594,0.000059,0.004969
ACAATTTGAGCAGTGG-1,0.03322,0.001201,0.600681,0.161671,0.040481,0.00001,0.162736
ACAATTTGGCCATATT-1,0.131635,0.013257,0.060249,0.668614,0.112585,0.000603,0.013058
ACACAAAGACGGGTGG-1,0.000018,0.000018,0.704642,0.012487,0.007463,0.000153,0.275218
ACACAAATATTCCTAG-1,0.906609,0.02756,0.001921,0.000062,0.063765,0.000021,0.000062
ACACACCAGGACCAGT-1,0.00002,0.004964,0.658838,0.128376,0.005418,0.000089,0.202295
ACACACTTTCTACACG-1,0.039029,0.041395,0.193202,0.213185,0.003319,0.152275,0.357596
ACACATGATCAAATCT-1,0.000022,0.000022,0.117526,0.505074,0.14281,0.001272,0.233273
ACACATTGACGCAACA-1,0.000052,0.042463,0.000156,0.06945,0.600442,0.000052,0.287385
ACACATTTCCGTAGAC-1,0.000037,0.024028,0.029435,0.002145,0.033867,0.039389,0.871099
ACACCACATAATTAGC-1,0.229261,0.103016,0.04775,0.422598,0.174917,0.003279,0.019179
ACACCCAGCATGCAGC-1,0.006109,0.005376,0.511056,0.065981,0.146227,0.000029,0.265223
ACACCCGAGAAATCCG-1,0.000025,0.000025,0.41816,0.198166,0.04885,0.000025,0.334749
ACACCCGTAAATCTGT-1,0.971634,0.00003,0.000091,0.000091,0.00003,0.028031,0.000091
ACACCGAGCGCTCTTT-1,0.023677,0.056942,0.000439,0.000439,0.825575,0.039723,0.053207
ACACCGGTCTGACCGC-1,0.000013,0.019846,0.164842,0.813952,0.000013,0.000013,0.001322
ACACCTTAAGTAGGGC-1,0.000025,0.022275,0.364083,0.220595,0.000054,0.057583,0.335386
ACACCTTACTACTTGC-1,0.000015,0.029618,0.455649,0.429788,0.000015,0.005079,0.079837
ACACGAGACTCCTTCT-1,0.000015,0.000015,0.776871,0.003978,0.011598,0.027596,0.179927
ACACGGCACTATGCAT-1,0.000029,0.000029,0.400853,0.036935,0.000029,0.300737,0.261388
ACACGGGAACTTAGGG-1,0.052283,0.000045,0.245725,0.027443,0.065362,0.190149,0.418993
ACACGTAGGCCACAAG-1,0.000013,0.000013,0.667461,0.161823,0.000015,0.005609,0.165065
ACACTCCAATGTCACT-1,0.191153,0.017569,0.0002,0.124669,0.016471,0.031658,0.61828
ACACTGATCAAGGTGT-1,0.011242,0.032139,0.090435,0.051947,0.087555,0.009815,0.716865
ACACTGGGACAGTCGT-1,0.000005,0.043733,0.913412,0.035082,0.000005,0.000005,0.007758
ACAGAACTGAGAACAA-1,0.134382,0.643108,0.000134,0.000134,0.222064,0.000045,0.000134
ACAGATTAGGTTAGTG-1,0.000025,0.003294,0.528823,0.249792,0.002441,0.034664,0.180961
ACAGCATAGAGCCAGT-1,0.000017,0.051767,0.603872,0.254578,0.000017,0.000017,0.089731
ACAGCGACATTCTCAT-1,0.000029,0.000029,0.480902,0.095399,0.000029,0.04235,0.381263
ACAGCGCACCCGCAGC-1,0.038635,0.051423,0.498019,0.246566,0.023926,0.02762,0.113811
ACAGGAGGCGCAGCCG-1,0.000044,0.095254,0.000131,0.043472,0.151315,0.000044,0.709741
ACAGGCACGGATCCTT-1,0.000018,0.000018,0.513078,0.073082,0.019224,0.020621,0.37396
ACAGGCTTGCCCGACT-1,0.000024,0.000024,0.474829,0.077994,0.007037,0.000024,0.440067
ACAGGTGGAGGTGAGG-1,0.000021,0.025659,0.167752,0.079079,0.007946,0.000021,0.719523
ACAGGTGTGTTGTTGC-1,0.000054,0.037053,0.007914,0.428167,0.190983,0.000054,0.335775
ACAGTAATACAACTTG-1,0.000052,0.059264,0.116685,0.095454,0.4589,0.000052,0.269593
ACAGTATACCGTGGGA-1,0.740661,0.121794,0.00009,0.00009,0.137244,0.00003,0.00009
ACAGTGCAGCGCATTT-1,0.698178,0.000042,0.000125,0.000125,0.01635,0.187615,0.097566
ACATAAGTCGTGGTGA-1,0.00004,0.214807,0.075078,0.206282,0.13303,0.006808,0.363955
ACATAATAAGGCGGTG-1,0.000032,0.051602,0.27771,0.014281,0.080783,0.000032,0.575559
ACATACAATCAAGCGG-1,0.006095,0.000016,0.203661,0.608131,0.042261,0.003722,0.136113
ACATCAGCTGGGACGC-1,0.000139,0.044123,0.000416,0.000416,0.526108,0.132508,0.29629
ACATCCCGGCCATACG-1,0.000058,0.001785,0.270464,0.000173,0.144217,0.000058,0.583246
ACATCCTGGTAACTGT-1,0.000036,0.000036,0.113331,0.473969,0.000036,0.131226,0.281367
ACATCGATCGTTTACC-1,0.000025,0.000025,0.695752,0.065767,0.133256,0.000025,0.10515
ACATCGCAATATTCGG-1,0.000023,0.000023,0.140812,0.266747,0.020932,0.03021,0.541252
ACATCGGTCAGCCGCG-1,0.000041,0.037006,0.00906,0.000123,0.07562,0.053349,0.824801
ACATCGTATGCAATGG-1,0.000018,0.000018,0.682525,0.064588,0.012723,0.000018,0.240112
ACATCGTTAACCTAGT-1,0.010875,0.084261,0.640315,0.080569,0.113473,0.014747,0.05576
ACATCTCAACGCGTAA-1,0.000028,0.000028,0.113488,0.013891,0.110758,0.353364,0.408443
ACATGCTTACGGCAGC-1,0.000014,0.000014,0.405184,0.532508,0.000014,0.000014,0.062253
ACATGGCGCCAAAGTA-1,0.043624,0.048011,0.210337,0.221816,0.065828,0.284861,0.125524
ACATGGCTCAATTTAG-1,0.000067,0.000067,0.02634,0.110837,0.137311,0.000067,0.72531
ACATTAGTTTATATCC-1,0.000046,0.03021,0.164066,0.202525,0.179029,0.000046,0.424079
ACATTCGCGCGGAATA-1,0.027362,0.000016,0.052883,0.759935,0.087633,0.000016,0.072155
ACATTTGAAACCTAAC-1,0.008693,0.249134,0.002175,0.082968,0.23893,0.005951,0.412149
ACCAAACACCCAGCGA-1,0.311803,0.000014,0.327938,0.359905,0.000014,0.000014,0.000311
ACCAAACTAGAAATCC-1,0.035252,0.005884,0.084655,0.167692,0.193144,0.395837,0.117536
ACCAACACCACACACT-1,0.438989,0.22224,0.000125,0.000125,0.086994,0.2491,0.002426
ACCAACCGCACTCCAC-1,0.034274,0.112643,0.42457,0.379198,0.00034,0.000016,0.048959
ACCAACGCTTATTTAT-1,0.000058,0.000058,0.000173,0.000173,0.034518,0.042382,0.92264
ACCAAGAACGCGTGTC-1,0.000022,0.000022,0.707512,0.093917,0.000022,0.000022,0.198484
ACCAAGTCATCGGCAG-1,0.042485,0.094126,0.239592,0.334883,0.025375,0.022207,0.241332
ACCAATATGCAAGTTA-1,0.000007,0.000007,0.737166,0.201733,0.000007,0.000007,0.061074
ACCACAACTCAGAACA-1,0.000014,0.010482,0.340706,0.30606,0.057406,0.110986,0.174346
ACCACAAGTTTCTATC-1,0.017956,0.104388,0.169895,0.078818,0.116081,0.016633,0.49623
ACCACACGGTTGATGG-1,0.000024,0.028487,0.084686,0.188774,0.045275,0.013521,0.639234
ACCACCAATGTAACAA-1,0.000025,0.000025,0.246081,0.181696,0.026441,0.232505,0.313226
ACCACCCTCTCTTCTA-1,0.671233,0.000038,0.000114,0.000114,0.000038,0.318117,0.010347
ACCACGTGCAGCTATA-1,0.000036,0.040704,0.259785,0.065897,0.282996,0.024319,0.326261
ACCACTGTTCAAGAAG-1,0.000052,0.0973,0.000155,0.000155,0.902131,0.000052,0.000155
ACCAGACCATAACAAC-1,0.000021,0.738182,0.00772,0.141097,0.018721,0.0087,0.085558
ACCAGCCCGGTCTTTG-1,0.084797,0.00003,0.195545,0.014014,0.300035,0.232663,0.172916
ACCAGGAGTGTGATCT-1,0.004513,0.000012,0.743696,0.155972,0.000012,0.065573,0.030222
ACCAGTGCCCGGTCAA-1,0.455916,0.034591,0.000208,0.000208,0.207617,0.301253,0.000208
ACCAGTGCGGGAGACG-1,0.000016,0.037439,0.717983,0.207583,0.000016,0.000016,0.036948
ACCATATCCGCAATAA-1,0.000033,0.018926,0.133915,0.026415,0.296548,0.050305,0.473858
ACCATCCGCCAACTAG-1,0.000075,0.000075,0.000226,0.000226,0.36033,0.255308,0.383758
ACCATCGTATATGGTA-1,0.000056,0.004629,0.000168,0.000506,0.010618,0.123317,0.860706
ACCATTAAGGGTGTCA-1,0.000067,0.015071,0.000201,0.000201,0.984192,0.000067,0.000201
ACCCAACGCCCGTGGC-1,0.000023,0.020569,0.513716,0.170503,0.117066,0.033698,0.144427
ACCCACCTACATGCTC-1,0.000021,0.011435,0.771221,0.068892,0.108116,0.000021,0.040293
ACCCATCTTGAGGGTA-1,0.013781,0.146533,0.166052,0.196313,0.080862,0.000463,0.395995
ACCCATTTGTCCCTCT-1,0.00002,0.05128,0.58198,0.140839,0.00002,0.00002,0.225841
ACCCGAGCGAAATTAC-1,0.001915,0.000063,0.000189,0.000189,0.715855,0.104364,0.177426
ACCCGATTGGTTCCGA-1,0.00005,0.00005,0.00015,0.071969,0.577006,0.031037,0.319737
ACCCGGAAACTCCCAG-1,0.014516,0.000021,0.453511,0.175946,0.000021,0.002158,0.353826
ACCCGGAGCACCACAA-1,0.054094,0.002326,0.156767,0.748769,0.000012,0.003554,0.034478
ACCCGGATGACGCATC-1,0.000057,0.014908,0.649997,0.11501,0.11262,0.061838,0.04557
ACCCGGTTACACTTCC-1,0.000038,0.015131,0.157294,0.159287,0.013184,0.002109,0.652957
ACCCGTAGCAGAGAAT-1,0.001362,0.078657,0.439153,0.480782,0.000009,0.000009,0.000028
ACCCGTAGTCTAGTTG-1,0.000026,0.026201,0.151951,0.130546,0.063528,0.069344,0.558404
ACCCGTGTCATCAGTA-1,0.00003,0.020104,0.245783,0.159674,0.03804,0.005047,0.531323
ACCCTATAGGACTGAG-1,0.041414,0.054974,0.009662,0.057711,0.182908,0.000056,0.653275
ACCCTATGCCATATCG-1,0.000024,0.247434,0.211153,0.132971,0.000024,0.000024,0.40837
ACCCTCCCGTCAGGGC-1,0.000022,0.015701,0.269624,0.336019,0.009687,0.000022,0.368926
ACCCTCCCTTGCTATT-1,0.000024,0.000024,0.557723,0.189664,0.015778,0.017797,0.218988
ACCCTGGTAACGCCCT-1,0.249832,0.226144,0.196573,0.277308,0.045178,0.00154,0.003425
ACCCTTCATCTGCGAA-1,0.000018,0.000018,0.778355,0.112676,0.000018,0.000813,0.108103
ACCCTTGCCTGGGTCG-1,0.983795,0.000022,0.000066,0.000066,0.000022,0.000022,0.016006
ACCCTTTAGTTCTCCA-1,0.00002,0.00002,0.281203,0.28825,0.00002,0.121045,0.309442
ACCGAAAGGGCCCTGC-1,0.000029,0.000029,0.474233,0.043106,0.013808,0.067055,0.401739
ACCGAAGAGTCTGGTT-1,0.011175,0.024652,0.000136,0.010533,0.234151,0.150128,0.569226
ACCGACACATCTCCCA-1,0.017567,0.046432,0.042524,0.122211,0.055004,0.023019,0.693243
ACCGACTGAGTCCCAC-1,0.000061,0.047948,0.00028,0.000183,0.270439,0.154327,0.526762
ACCGAGTCTCCTTATT-1,0.000037,0.08745,0.039472,0.209409,0.313815,0.000037,0.34978
ACCGATAGGCATAACC-1,0.136926,0.022173,0.447405,0.347501,0.000008,0.000907,0.04508
ACCGATATTTAATCAT-1,0.000013,0.02133,0.324809,0.573854,0.013381,0.01551,0.051104
ACCGATGGTAGCATCG-1,0.000034,0.003827,0.113143,0.292269,0.117867,0.040445,0.432415
ACCGCAATAACTGCCT-1,0.000015,0.039761,0.564144,0.185987,0.157633,0.000015,0.052446
ACCGCGGTGGAAGTCG-1,0.058889,0.029388,0.478504,0.375722,0.000016,0.009504,0.047977
ACCGCTAGTCATTGGT-1,0.000022,0.007624,0.08955,0.516311,0.007118,0.000022,0.379352
ACCGGGCCTTTGTTGA-1,0.05462,0.026428,0.520931,0.079875,0.175035,0.006539,0.136571
ACCGGTCAGGTACACC-1,0.000065,0.196546,0.000194,0.000194,0.000065,0.089615,0.713322
ACCGGTCTGAGTACGG-1,0.674196,0.000042,0.094753,0.000127,0.011937,0.204077,0.014868
ACCGTCCACTGGGCCC-1,0.000016,0.000016,0.158381,0.840494,0.000016,0.000016,0.001062
ACCGTGACCACGTGGG-1,0.000055,0.000055,0.000164,0.004982,0.859584,0.039755,0.095405
ACCGTTCCCGCTCTGA-1,0.000022,0.000022,0.543511,0.040868,0.035946,0.236606,0.143026
ACCTAAGTACCTTTCA-1,0.000062,0.000062,0.000187,0.000187,0.337793,0.016488,0.64522
ACCTAATCGACTTCCT-1,0.000035,0.105465,0.150461,0.07599,0.000606,0.000035,0.667407
ACCTACAGTATGTGGT-1,0.003366,0.000036,0.064421,0.032843,0.055957,0.170328,0.673048
ACCTACTATAAATCTA-1,0.000039,0.014555,0.055161,0.018794,0.036137,0.05266,0.822654
ACCTCAGCGAGGCGCA-1,0.000021,0.069319,0.037505,0.370017,0.467532,0.000021,0.055585
ACCTCCGCCCTCGCTG-1,0.000027,0.000027,0.164261,0.609331,0.035042,0.000436,0.190876
ACCTCCGTTATTCACC-1,0.073298,0.035944,0.125808,0.341193,0.103342,0.113127,0.207288
ACCTCGAACTTATGCT-1,0.101206,0.000038,0.008659,0.660994,0.004297,0.000038,0.224767
ACCTGCGTGTCATGTT-1,0.045474,0.000113,0.00034,0.00034,0.725013,0.142629,0.08609
ACCTTTCCTTTAGAAG-1,0.047809,0.011014,0.368861,0.333695,0.016944,0.160152,0.061524
ACGAAATGGGCGGCAC-1,0.000035,0.070762,0.218574,0.013065,0.025753,0.008286,0.663524
ACGACCCATGAGTTGC-1,0.000016,0.013584,0.326781,0.521074,0.109237,0.000875,0.028433
ACGACTCTAGGGCCGA-1,0.00003,0.00003,0.021213,0.102707,0.006426,0.004837,0.864756
ACGACTGGTCATACTC-1,0.019083,0.093654,0.000109,0.000294,0.886715,0.000036,0.000109
ACGAGAACCCATCACG-1,0.00003,0.112612,0.14425,0.008484,0.077843,0.003179,0.653604
ACGAGATATTTGCTTA-1,0.000017,0.000017,0.560073,0.196772,0.029834,0.069199,0.144088
ACGAGGATACCACTCT-1,0.00009,0.00009,0.000269,0.000269,0.611236,0.048321,0.339724
ACGAGGTTTACAACGT-1,0.030508,0.28137,0.000133,0.112534,0.004166,0.088644,0.482645
ACGAGTACGGATGCCC-1,0.000037,0.000037,0.197885,0.075123,0.594033,0.096073,0.036811
ACGAGTCGCCGGCGTT-1,0.000016,0.003502,0.049778,0.813375,0.096909,0.000016,0.036403
ACGATACATAGAACTA-1,0.00001,0.00001,0.873529,0.030897,0.00001,0.018015,0.07753
ACGATACCTATCCTGA-1,0.000051,0.371227,0.000152,0.281972,0.075431,0.000051,0.271116
ACGATCATACATAGAG-1,0.000011,0.001421,0.938207,0.028983,0.000011,0.000011,0.031358
ACGATCATCTTGTAAA-1,0.000031,0.000031,0.582469,0.004707,0.042086,0.140236,0.23044
ACGATGCATATGTTAT-1,0.000026,0.071925,0.320199,0.048889,0.056346,0.015173,0.487442
ACGATGGATCCGATGC-1,0.000039,0.000039,0.452052,0.015065,0.021296,0.265163,0.246346
ACGCAAACTAATAGAT-1,0.000018,0.026058,0.099076,0.404469,0.000018,0.000018,0.470341
ACGCAATCACTACAGC-1,0.30182,0.00002,0.15017,0.311656,0.234904,0.00002,0.001411
ACGCATAAATGACATG-1,0.756005,0.050496,0.000127,0.000127,0.163196,0.029923,0.000127
ACGCATACGTTTACTA-1,0.01753,0.145419,0.404821,0.27146,0.000023,0.000023,0.160723
ACGCATTCGTGAGTAC-1,0.000054,0.010246,0.087655,0.000162,0.089122,0.034179,0.778583
ACGCCACTCGAAACAG-1,0.000027,0.003336,0.001255,0.016152,0.125415,0.010325,0.843489
ACGCCAGATGATTTCT-1,0.15375,0.069894,0.375057,0.146404,0.000026,0.067364,0.187505
ACGCCAGTGCGTTTGC-1,0.00006,0.008029,0.000179,0.090827,0.717538,0.006709,0.17666
ACGCCCAGCTGTCGAT-1,0.182272,0.000022,0.306969,0.254115,0.010829,0.200299,0.045493
ACGCCGCTAGACGACC-1,0.000038,0.000038,0.399087,0.069153,0.018798,0.007427,0.505459
ACGCCTGACACGCGCT-1,0.000056,0.258621,0.015872,0.002216,0.386106,0.193619,0.14351
ACGCGAAGTCAGACGA-1,0.000022,0.154321,0.554711,0.138665,0.010532,0.000022,0.141727
ACGCGCTACACAGGGT-1,0.000025,0.006046,0.311085,0.062858,0.02971,0.000025,0.590253
ACGCGGGCCAAGGACA-1,0.000039,0.011551,0.275272,0.130785,0.164075,0.078108,0.340169
ACGCGTTTCTTAAGAG-1,0.000184,0.000184,0.000552,0.000552,0.756238,0.000184,0.242106
ACGCTACTGAATGGGC-1,0.021473,0.00841,0.285309,0.522539,0.003896,0.000399,0.157974
ACGCTAGTATCAGTGC-1,0.915925,0.000034,0.03214,0.000771,0.000034,0.050993,0.000102
ACGCTAGTGATACACT-1,0.000026,0.001006,0.371815,0.333453,0.095623,0.006615,0.191462
ACGCTGTGAGGCGTAG-1,0.000135,0.000135,0.000406,0.000406,0.908206,0.067138,0.023575
ACGCTTAGTGTCTCTC-1,0.052744,0.000011,0.727671,0.129248,0.009978,0.024355,0.055995
