Barcode,Topic 1to3,Topic 4to5,Topic 6,Topic 7to8
AAACAAGTATCTCCCA-1,0.239365,0.581889,0.039091,0.139656
AAACACCAATAACTGC-1,0.169987,0.001512,0.043036,0.785465
AAACAGGGTCTATATT-1,0.640574,0.170324,0.150698,0.038404
AAACAGTGTTCCTGGG-1,0.144476,0.036067,0.000086,0.819371
AAACATTTCCCGGATT-1,0.246248,0.000143,0.075431,0.678179
AAACCGGGTAGGTACC-1,0.418615,0.549672,0.000009,0.031703
AAACCGTTCGTCCAGG-1,0.153573,0.645881,0.029195,0.171351
AAACCTAAGCAGCCGG-1,0.085549,0.022026,0.019972,0.872453
AAACCTCATGAAGTTG-1,0.926411,0.065729,0.000027,0.007833
AAACGAGACGGTTGAT-1,0.663541,0.325993,0.010421,0.000045
AAACGGGCGTACGGGT-1,0.071268,0.000085,0.070699,0.857949
AAACGGTTGCGAACTG-1,0.000169,0.140489,0.000056,0.859285
AAACTCGGTTCGCAAT-1,0.046323,0.000072,0.000036,0.95357
AAACTGCTGGCTCCAA-1,0.918243,0.047735,0.000017,0.034005
AAACTTAATTGCACGC-1,0.010735,0.015088,0.061673,0.912504
AAACTTGCAAACGTAT-1,0.217249,0.758627,0.000012,0.024112
AAAGAATGTGGACTAA-1,0.415302,0.000114,0.000057,0.584527
AAAGACTGGGCGCTTT-1,0.746837,0.226562,0.015496,0.011106
AAAGGCCCTATAATAC-1,0.010651,0.006627,0.000258,0.982464
AAAGGCTACGGACCAT-1,0.013965,0.000082,0.000041,0.985911
AAAGGCTCTCGCGCCG-1,0.221987,0.613714,0.09837,0.065928
AAAGGGATGTAGCAAG-1,0.893891,0.104431,0.001596,0.000083
AAAGGGCAGCTTGAAT-1,0.953733,0.046138,0.000043,0.000086
AAAGTAGCATTGCTCA-1,0.430564,0.437566,0.061859,0.070011
AAAGTCGACCCTCAGT-1,0.737654,0.207388,0.053453,0.001506
AAAGTGTGATTTATCT-1,0.999914,0.000034,0.000017,0.000034
AAAGTTGACTCCCGTA-1,0.999858,0.000057,0.000028,0.000057
AAATACCTATAAGCAT-1,0.979798,0.011859,0.000022,0.008321
AAATAGCTTAGACTTT-1,0.999869,0.000052,0.000026,0.000052
AAATAGGGTGCTATTG-1,0.843331,0.129992,0.005079,0.021599
AAATCCGATACACGCC-1,0.25376,0.000095,0.035385,0.710759
AAATCGTGTACCACAA-1,0.935091,0.031162,0.000014,0.033733
AAATCTAGCCCTGCTA-1,0.207976,0.515603,0.005615,0.270806
AAATGACTGATCAAAC-1,0.297158,0.000396,0.070135,0.632311
AAATGCTCGTTACGTT-1,0.629382,0.370452,0.000055,0.000111
AAATGGCCCGTGCCCT-1,0.733909,0.106504,0.121099,0.038488
AAATGGTCAATGTGCC-1,0.828249,0.161261,0.010437,0.000053
AAATTAACGGGTAGCT-1,0.999799,0.00008,0.00004,0.00008
AAATTACCTATCGATG-1,0.551731,0.430653,0.012243,0.005373
AAATTGATAGTCCTTT-1,0.251363,0.332347,0.009928,0.406361
AAATTTGCGGGTGTGG-1,0.569183,0.430622,0.000153,0.000042
AACAACTGGTAGTTGC-1,0.728921,0.27101,0.000023,0.000046
AACAATACATTGTCGA-1,0.095663,0.216176,0.046608,0.641553
AACAATTACTCTACGC-1,0.725334,0.263342,0.011282,0.000042
AACACACGCTCGCCGC-1,0.667172,0.118113,0.000023,0.214692
AACACGAGACGCGGCC-1,0.489497,0.437875,0.000017,0.072611
AACAGCTGTGTGGCAA-1,0.196355,0.054896,0.087584,0.661165
AACAGGATGGGCCGCG-1,0.98216,0.017767,0.000024,0.000048
AACATAGCGTGTATCG-1,0.294141,0.000298,0.000149,0.705412
AACATATCAACTGGTG-1,0.761438,0.199224,0.000027,0.039311
AACATTGAAGTTGATC-1,0.000135,0.044736,0.000045,0.955084
AACATTGTGACTCGAG-1,0.361941,0.000117,0.000059,0.637883
AACCAAGACTTCTCTG-1,0.717604,0.278897,0.003458,0.000042
AACCATAGGGTTGAAC-1,0.015161,0.000123,0.251954,0.732762
AACCATGGGATCGCTA-1,0.869753,0.088934,0.041178,0.000136
AACCCAGAGACGGAGA-1,0.796118,0.008899,0.144366,0.050616
AACCCATCCCATGATC-1,0.146394,0.003059,0.031456,0.81909
AACCCGACAACCCGTG-1,0.000125,0.000083,0.000042,0.99975
AACCCGAGCAGAATCG-1,0.360977,0.04402,0.132651,0.462352
AACCCGCTGTATTCCA-1,0.037004,0.00032,0.00016,0.962516
AACCCTACTGTCAATA-1,0.967302,0.032636,0.000021,0.000041
AACCGAGCTTGGTCAT-1,0.65567,0.155617,0.02732,0.161392
AACCGCTAAGGGATGC-1,0.843763,0.151545,0.000021,0.004671
AACCTCGCTTTAGCCC-1,0.028222,0.098538,0.002456,0.870784
AACCTTTAAATACGGT-1,0.748492,0.156306,0.052071,0.043132
AACGAAAGTCGTCCCA-1,0.113091,0.006044,0.072364,0.808501
AACGATAATGCCGTAG-1,0.439976,0.359291,0.050182,0.150551
AACGATATGTCAACTG-1,0.866383,0.004179,0.129333,0.000105
AACGCATGATCTGGGT-1,0.771572,0.201113,0.027201,0.000114
AACGCGACCTTGGGCG-1,0.038909,0.000114,0.000057,0.96092
AACGCGGTCTCCAGCC-1,0.799924,0.097091,0.102845,0.000141
AACGCTGTTGCTGAAA-1,0.754119,0.059952,0.090817,0.095112
AACGGACGTACGTATA-1,0.976011,0.000054,0.00663,0.017305
AACGGCCATCTCCGGT-1,0.482608,0.371156,0.128704,0.017533
AACGTACTGTGGGTAC-1,0.429639,0.533938,0.000019,0.036404
AACGTCAGACTAGTGG-1,0.981965,0.017917,0.000039,0.000079
AACGTCATCCGGCTTG-1,0.175662,0.003854,0.155962,0.664522
AACGTCGCTGCACTTC-1,0.059711,0.218539,0.011895,0.709855
AACGTGCGAAAGTCTC-1,0.713606,0.28632,0.000024,0.000049
AACTAGGCTTGGGTGT-1,0.389291,0.153547,0.048082,0.40908
AACTCAAGTTAATTGC-1,0.999769,0.000093,0.000046,0.000093
AACTCCAGAGCGTGTT-1,0.327195,0.000171,0.000086,0.672548
AACTCTCAATAGAGCG-1,0.581994,0.391228,0.026739,0.000039
AACTCTCAGTGTGCTC-1,0.510113,0.40257,0.000032,0.087285
AACTGGGTCCCGACGT-1,0.947744,0.000192,0.051872,0.000192
AACTTCTGCGTCTATC-1,0.37994,0.619965,0.000032,0.000064
AACTTGCCCGTATGCA-1,0.758134,0.241795,0.000024,0.000048
AACTTGCGTTCTCGCG-1,0.499061,0.484145,0.000049,0.016745
AAGAAAGTTTGATGGG-1,0.113031,0.055687,0.000055,0.831227
AAGAAGGATCAGTTAG-1,0.707436,0.039928,0.153868,0.098768
AAGACATACGTGGTTT-1,0.243369,0.005354,0.013277,0.738
AAGACCCAACTGAACA-1,0.206319,0.014632,0.070519,0.708531
AAGACTGCAAGCTACT-1,0.513068,0.486868,0.000021,0.000043
AAGAGATGAATCGGTA-1,0.792941,0.192134,0.008855,0.00607
AAGAGCTCTTTATCGG-1,0.857137,0.142762,0.000034,0.000068
AAGAGGATGTACGCGA-1,0.607981,0.343323,0.04866,0.000036
AAGAGGCATGGATCGC-1,0.824833,0.175061,0.000035,0.000071
AAGAGGCCCTTTGGAA-1,0.138399,0.003954,0.19891,0.658737
AAGATGGCACCGGACC-1,0.158683,0.067078,0.000055,0.774183
AAGATTGGCGGAACGT-1,0.676003,0.323898,0.000033,0.000066
AAGCACCCTGCGTATC-1,0.082332,0.007073,0.37818,0.532415
AAGCATACTCTCCTGA-1,0.644545,0.141869,0.158126,0.05546
AAGCCACTTGCAGGTA-1,0.063987,0.00026,0.00013,0.935623
AAGCCGAAGCGGTTTA-1,0.431281,0.526664,0.002221,0.039835
AAGCCGCCGTGAAATC-1,0.007978,0.040826,0.093972,0.857224
AAGCGCAGGGCTTTGA-1,0.015244,0.000893,0.255873,0.72799
AAGCGTCCCTCATCGA-1,0.019911,0.197051,0.009815,0.773224
AAGCTAGATCGAGTAA-1,0.500511,0.315745,0.042453,0.141291
AAGCTCGTGCCAAGTC-1,0.736841,0.218718,0.02972,0.014721
AAGCTCTTTCATGGTG-1,0.321275,0.188867,0.321919,0.167939
AAGGAGCGGTTGGTGC-1,0.852562,0.119766,0.027611,0.000061
AAGGATCGATCGCTTG-1,0.886206,0.049366,0.054378,0.01005
AAGGATGAGGGACCTC-1,0.543473,0.4401,0.006094,0.010333
AAGGCGCGTAAAGCTT-1,0.804701,0.138658,0.012859,0.043782
AAGGCTGTGCTCATCG-1,0.814664,0.154134,0.000038,0.031164
AAGGGAACGACTGGCT-1,0.000106,0.016479,0.157167,0.826248
AAGGGACAGATTCTGT-1,0.761055,0.200139,0.038733,0.000073
AAGGGACTATGCATTC-1,0.025988,0.000083,0.212114,0.761815
AAGGTATCCTAATATA-1,0.8146,0.000341,0.184943,0.000116
AAGGTGATAAACCAGC-1,0.99993,0.000028,0.000014,0.000028
AAGTAGAAGACCGGGT-1,0.788873,0.202949,0.008055,0.000123
AAGTAGTGACGCGAGG-1,0.936046,0.063866,0.000029,0.000058
AAGTCAATTGTCGTCA-1,0.999397,0.000067,0.000034,0.000502
AAGTGACGACCGAATT-1,0.756452,0.229645,0.000026,0.013878
AAGTGAGTCGGGTTTA-1,0.037592,0.043766,0.150836,0.767807
AAGTGCCTTGACTGTA-1,0.658468,0.32398,0.007794,0.009758
AAGTGCGTTAGAATCT-1,0.44849,0.373646,0.177032,0.000832
AAGTGCTTCTCTATTG-1,0.000179,0.012937,0.193952,0.792932
AAGTGTTTGGAGACGG-1,0.722407,0.215494,0.000026,0.062073
AAGTTCACTCCAAGCT-1,0.000616,0.642856,0.000019,0.356509
AAGTTCAGTCTGCGTA-1,0.908481,0.042091,0.049235,0.000194
AAGTTCGGCCAACAGG-1,0.802998,0.167401,0.016897,0.012705
AAGTTGTGATGTTATA-1,0.603883,0.000116,0.029634,0.366368
AAGTTTATGGGCCCAA-1,0.106863,0.000085,0.000042,0.89301
AATAACAACGCTCGGC-1,0.385795,0.559408,0.019734,0.035063
AATAACACTAGAACAA-1,0.669418,0.214824,0.000083,0.115675
AATACAATGTTTCAGG-1,0.479391,0.506306,0.000034,0.014268
AATACCGGAGGGCTGT-1,0.0357,0.0001,0.235761,0.728439
AATACCTGATGTGAAC-1,0.082038,0.016434,0.036532,0.864996
AATAGAACAGAGTGGC-1,0.239925,0.586341,0.000015,0.173719
AATAGAATCTGTTTCA-1,0.859065,0.05662,0.000026,0.084289
AATAGGCACGACCCTT-1,0.329381,0.25716,0.001869,0.41159
AATAGTCCGTCCCGAC-1,0.273003,0.296212,0.052236,0.378549
AATATCGAATCAATGC-1,0.615855,0.384102,0.000015,0.000029
AATATCGAGGGTTCTC-1,0.599689,0.369206,0.005878,0.025227
AATATTGGAGTATTGA-1,0.841743,0.158168,0.00003,0.00006
AATCAGGTTTCATTTA-1,0.000149,0.000099,0.00005,0.999702
AATCATGTAAAGACTC-1,0.591802,0.14388,0.091428,0.17289
AATCCCGCTCAGAGCC-1,0.000405,0.00027,0.000135,0.99919
AATCGAGGTCTCAAGG-1,0.241282,0.000411,0.000205,0.758102
AATCGCCTCAGCGCCA-1,0.690233,0.309677,0.00003,0.00006
AATCGGTATAGCCCTC-1,0.559595,0.000158,0.000079,0.440168
AATCGTGAGCCGAGCA-1,0.104246,0.000107,0.000054,0.895593
AATCTAGGTTTACTTG-1,0.129479,0.18366,0.025235,0.661626
AATCTGCGTTGGGACG-1,0.689451,0.310485,0.000021,0.000043
AATCTGGCTTTCTAGT-1,0.280504,0.334794,0.100306,0.284396
AATGACAGCAATGTCT-1,0.360981,0.323349,0.153206,0.162464
AATGACGTAGGATGTC-1,0.981921,0.018035,0.000015,0.00003
AATGACTGTCAGCCGG-1,0.720245,0.274743,0.004961,0.000051
AATGAGTTCGCATATG-1,0.54719,0.452641,0.000056,0.000112
AATGATGATACGCTAT-1,0.64751,0.323944,0.000041,0.028505
AATGATGCGACTCCTG-1,0.438142,0.531565,0.00003,0.030262
AATGCAACCGGGTACC-1,0.796869,0.203037,0.000031,0.000062
AATGCACCAAGCAATG-1,0.504069,0.331625,0.164233,0.000072
AATGGTCCACCGTTCA-1,0.763412,0.203991,0.020709,0.011887
AATGGTTCTCACAAGC-1,0.637206,0.342055,0.000037,0.020701
AATGTATGGCACTGTA-1,0.000149,0.098781,0.027913,0.873156
AATGTGCCCGAGGTGT-1,0.345524,0.198608,0.061174,0.394694
AATGTGCTAATCTGAG-1,0.000112,0.024719,0.000037,0.975132
AATGTTAAGACCCTGA-1,0.222501,0.000234,0.000117,0.777147
AATGTTGTCGTGAGAC-1,0.240303,0.047479,0.268502,0.443716
AATTAAAGGTCGGCGT-1,0.999767,0.000093,0.000047,0.000093
AATTAACGGATTTCCA-1,0.085206,0.522787,0.000021,0.391986
AATTAGCGCTGCAGCG-1,0.915749,0.025065,0.000029,0.059157
AATTATACCCAGCAAG-1,0.154783,0.000176,0.000088,0.844953
AATTCATAAGGGATCT-1,0.797155,0.184936,0.0178,0.000109
AATTCATTGTCATGCA-1,0.073975,0.003733,0.02193,0.900362
AATTCCAAGCATGTAC-1,0.441168,0.000247,0.000124,0.558461
AATTCGATTCGAGGAT-1,0.015019,0.000121,0.00006,0.9848
AATTCTAGAGTTAGGC-1,0.785931,0.100167,0.028476,0.085427
AATTGAACGCTCTGGT-1,0.87676,0.121287,0.00002,0.001933
AATTGCAGCAATCGAC-1,0.096101,0.130049,0.000041,0.773809
AATTGCGTGGATTACA-1,0.042944,0.144302,0.008242,0.804512
ACAAACCATGCGTCCT-1,0.000091,0.001529,0.162479,0.835902
ACAAACTCCATCAGAG-1,0.026941,0.00029,0.000145,0.972624
ACAAAGCATGACCTAG-1,0.128622,0.00006,0.207044,0.664274
ACAAATCGCACCGAAT-1,0.847415,0.087435,0.000018,0.065132
ACAAATGGTAGTGTTT-1,0.730182,0.202509,0.039162,0.028147
ACAACAGCATGAGCTA-1,0.794426,0.161425,0.044082,0.000067
ACAACGGTCCCTGCGA-1,0.585901,0.347411,0.066608,0.000081
ACAAGCAGTGCCTAGC-1,0.768906,0.181777,0.042452,0.006865
ACAAGGAAATCCGCCC-1,0.670196,0.264557,0.000015,0.065232
ACAAGGACAAGAGGTT-1,0.983218,0.016705,0.000026,0.000052
ACAAGGATGCTTTAGG-1,0.307572,0.000128,0.117491,0.574809
ACAAGGGCAGGCTCTG-1,0.978745,0.018413,0.002808,0.000033
ACAAGTAATTGTAAGG-1,0.400076,0.480314,0.030078,0.089531
ACAATAGTCGTACGTT-1,0.679595,0.16154,0.158815,0.00005
ACAATCCATTTAAACC-1,0.289498,0.707736,0.000011,0.002755
ACAATGAATACGGAGA-1,0.098945,0.373192,0.217993,0.30987
ACAATTGTGTCTCTTT-1,0.55062,0.320148,0.053402,0.075831
ACAATTTGAGCAGTGG-1,0.723704,0.152995,0.088499,0.034801
ACACAAAGACGGGTGG-1,0.803853,0.179138,0.016945,0.000064
ACACACCAGGACCAGT-1,0.753382,0.059066,0.097911,0.089641
ACACATGATCAAATCT-1,0.000133,0.060774,0.095427,0.843666
ACACATTTCCGTAGAC-1,0.053412,0.074478,0.000096,0.872015
ACACCCAGCATGCAGC-1,0.730838,0.269058,0.000035,0.00007
ACACCCGAGAAATCCG-1,0.81042,0.156541,0.000042,0.032997
ACACCGGTCTGACCGC-1,0.000161,0.004156,0.000054,0.995629
ACACCTTAAGTAGGGC-1,0.83593,0.124278,0.028156,0.011635
ACACCTTACTACTTGC-1,0.686077,0.232388,0.005683,0.075853
ACACGAGACTCCTTCT-1,0.761659,0.169875,0.068384,0.000082
ACACGGGAACTTAGGG-1,0.828139,0.098217,0.07358,0.000064
ACACGTAGGCCACAAG-1,0.190753,0.154244,0.218231,0.436772
ACACTCCAATGTCACT-1,0.40152,0.598381,0.000033,0.000066
ACACTGATCAAGGTGT-1,0.729984,0.000096,0.000048,0.269873
ACAGAACTGAGAACAA-1,0.279889,0.381172,0.000026,0.338912
ACAGCGACATTCTCAT-1,0.002279,0.055173,0.069237,0.87331
ACAGGCTTGCCCGACT-1,0.595912,0.326626,0.027771,0.04969
ACAGGTGGAGGTGAGG-1,0.938862,0.012424,0.000044,0.048669
ACAGTAATACAACTTG-1,0.696782,0.211229,0.054946,0.037042
ACATAAGTCGTGGTGA-1,0.135866,0.070038,0.035891,0.758206
ACATAATAAGGCGGTG-1,0.706792,0.006148,0.286933,0.000127
ACATACAATCAAGCGG-1,0.133122,0.006424,0.000043,0.860411
ACATCAGCTGGGACGC-1,0.420585,0.575451,0.003927,0.000037
ACATCCCGGCCATACG-1,0.747484,0.213196,0.000036,0.039283
ACATCCTGGTAACTGT-1,0.912846,0.079605,0.007496,0.000053
ACATCGATCGTTTACC-1,0.963313,0.036631,0.000019,0.000037
ACATCGCAATATTCGG-1,0.007366,0.221393,0.002455,0.768786
ACATCGGTCAGCCGCG-1,0.59052,0.382945,0.000061,0.026474
ACATCGTATGCAATGG-1,0.996632,0.003291,0.000026,0.000052
ACATGCTTACGGCAGC-1,0.037721,0.000292,0.000146,0.961841
ACATGGCGCCAAAGTA-1,0.748996,0.19137,0.050483,0.00915
ACATTAGTTTATATCC-1,0.855317,0.105322,0.000035,0.039325
ACATTCGCGCGGAATA-1,0.027062,0.092155,0.000063,0.88072
ACATTTGAAACCTAAC-1,0.055777,0.124702,0.00003,0.819491
ACCAACCGCACTCCAC-1,0.070795,0.213954,0.035039,0.680212
ACCAACGCTTATTTAT-1,0.765605,0.188799,0.004268,0.041328
ACCAAGAACGCGTGTC-1,0.977957,0.000232,0.02158,0.000232
ACCAAGTCATCGGCAG-1,0.268466,0.058898,0.000047,0.672589
ACCAATATGCAAGTTA-1,0.717778,0.029069,0.000035,0.253118
ACCACAAGTTTCTATC-1,0.630631,0.358825,0.000033,0.010512
ACCACACGGTTGATGG-1,0.246831,0.000154,0.000077,0.752938
ACCACCAATGTAACAA-1,0.760669,0.23166,0.000028,0.007642
ACCACGTGCAGCTATA-1,0.952248,0.047678,0.000025,0.00005
ACCAGTGCGGGAGACG-1,0.920744,0.000083,0.000041,0.079132
ACCATATCCGCAATAA-1,0.971691,0.008305,0.019949,0.000055
ACCATCCGCCAACTAG-1,0.629057,0.274097,0.011092,0.085755
ACCATCGTATATGGTA-1,0.507156,0.468592,0.003681,0.020571
ACCCAACGCCCGTGGC-1,0.76087,0.238584,0.000489,0.000057
ACCCACCTACATGCTC-1,0.167621,0.820591,0.000027,0.011761
ACCCATCTTGAGGGTA-1,0.688327,0.169144,0.135867,0.006662
ACCCATTTGTCCCTCT-1,0.094257,0.257861,0.00368,0.644203
ACCCGAGCGAAATTAC-1,0.000097,0.01083,0.000032,0.98904
ACCCGATTGGTTCCGA-1,0.022995,0.000149,0.000075,0.976781
ACCCGGAAACTCCCAG-1,0.625665,0.021607,0.068726,0.284001
ACCCGGATGACGCATC-1,0.75974,0.240209,0.000017,0.000034
ACCCGGTTACACTTCC-1,0.505399,0.380181,0.00002,0.1144
ACCCGTAGCAGAGAAT-1,0.008137,0.022754,0.105301,0.863808
ACCCGTGTCATCAGTA-1,0.19229,0.15169,0.001164,0.654856
ACCCTATGCCATATCG-1,0.314793,0.041349,0.206598,0.43726
ACCCTCCCGTCAGGGC-1,0.134639,0.071961,0.074182,0.719218
ACCCTCCCTTGCTATT-1,0.490542,0.361683,0.000042,0.147733
ACCGAAGAGTCTGGTT-1,0.147005,0.000107,0.000053,0.852835
ACCGACACATCTCCCA-1,0.005665,0.217271,0.260945,0.51612
ACCGACTGAGTCCCAC-1,0.627904,0.293444,0.000032,0.07862
ACCGAGTCTCCTTATT-1,0.116671,0.062594,0.000093,0.820642
ACCGATGGTAGCATCG-1,0.797054,0.145623,0.02381,0.033513
ACCGCAATAACTGCCT-1,0.825374,0.071531,0.011119,0.091976
ACCGCGGTGGAAGTCG-1,0.999834,0.000037,0.000093,0.000036
ACCGCTAGTCATTGGT-1,0.000249,0.000166,0.000083,0.999503
ACCGGGCCTTTGTTGA-1,0.889519,0.014726,0.00003,0.095725
ACCGGTCAGGTACACC-1,0.057,0.136036,0.033956,0.773009
ACCGTGACCACGTGGG-1,0.066811,0.176801,0.240719,0.51567
ACCTAAGTACCTTTCA-1,0.44937,0.294357,0.058804,0.197468
ACCTAATCGACTTCCT-1,0.428808,0.57113,0.000021,0.000041
ACCTACTATAAATCTA-1,0.005051,0.000099,0.174337,0.820513
ACCTCAGCGAGGCGCA-1,0.589118,0.004272,0.015526,0.391084
ACCTCCGCCCTCGCTG-1,0.588631,0.165768,0.000037,0.245563
ACCTCGAACTTATGCT-1,0.000145,0.000097,0.036046,0.963712
ACCTGCGTGTCATGTT-1,0.477492,0.513188,0.003685,0.005636
ACGAAATGGGCGGCAC-1,0.648799,0.260698,0.000023,0.090481
ACGACTGGTCATACTC-1,0.067897,0.197618,0.000042,0.734443
ACGAGGATACCACTCT-1,0.387347,0.186557,0.269767,0.156329
ACGAGGTTTACAACGT-1,0.082913,0.000115,0.000058,0.916914
ACGAGTACGGATGCCC-1,0.720221,0.263323,0.016403,0.000053
ACGATCATACATAGAG-1,0.834281,0.165593,0.000042,0.000084
ACGATCATCTTGTAAA-1,0.977886,0.022033,0.000027,0.000054
ACGATGCATATGTTAT-1,0.999793,0.000083,0.000041,0.000083
ACGCAAACTAATAGAT-1,0.137688,0.027876,0.008334,0.826102
ACGCAATCACTACAGC-1,0.732545,0.267376,0.000026,0.000053
ACGCATACGTTTACTA-1,0.29857,0.14856,0.357588,0.195283
ACGCATTCGTGAGTAC-1,0.825029,0.17484,0.000044,0.000088
ACGCCACTCGAAACAG-1,0.323326,0.000156,0.000078,0.67644
ACGCCAGTGCGTTTGC-1,0.001149,0.081165,0.000042,0.917644
ACGCCGCTAGACGACC-1,0.549115,0.330588,0.0852,0.035097
ACGCGAAGTCAGACGA-1,0.826485,0.10174,0.000023,0.071751
ACGCGCTACACAGGGT-1,0.634454,0.316478,0.00002,0.049048
ACGCGGGCCAAGGACA-1,0.634311,0.352038,0.000023,0.013629
ACGCTAGTGATACACT-1,0.712956,0.255759,0.000035,0.031251
ACGCTGTGAGGCGTAG-1,0.756489,0.155541,0.066664,0.021307
ACGGAACACGAGTGCC-1,0.153871,0.011509,0.00005,0.83457
ACGGAATTTAGCAAAT-1,0.755232,0.187597,0.057037,0.000135
ACGGACGCAGCGACAA-1,0.068912,0.006489,0.078153,0.846446
ACGGACTCTCAAAGCG-1,0.139589,0.309944,0.012674,0.537793
ACGGAGCGCAAATTAC-1,0.923675,0.070955,0.005241,0.000128
ACGGATGGTGCGGATA-1,0.794498,0.0099,0.000057,0.195545
ACGGCACTTGCTTGGG-1,0.306684,0.526181,0.000018,0.167117
ACGGCCAACATGGACT-1,0.180429,0.740264,0.000011,0.079296
ACGGCGACGATGGGAA-1,0.991119,0.001811,0.000023,0.007047
ACGGCTGGATGTAGAA-1,0.006182,0.04568,0.00003,0.948108
ACGGGAGTGTCGGCCC-1,0.62815,0.371778,0.000024,0.000048
ACGGGTTGTGACCTGT-1,0.138733,0.055465,0.021899,0.783903
ACGGTACAGTTCAATG-1,0.196663,0.054318,0.016701,0.732318
ACGGTCACCGAGAACA-1,0.07983,0.000255,0.000128,0.919787
ACGTACTTTGGCACGG-1,0.140302,0.000213,0.107053,0.752433
ACGTAGATTGCTGATG-1,0.734526,0.265383,0.00003,0.000061
ACGTAGGAGAGTCGCT-1,0.002348,0.000078,0.182105,0.815469
ACGTATTACTCCGATC-1,0.462268,0.476409,0.000019,0.061305
ACGTTAATGTCGAAGA-1,0.540011,0.454714,0.000023,0.005251
ACGTTAGATTTGCCCG-1,0.664595,0.245323,0.000029,0.090053
ACGTTATTGGTCACTC-1,0.174282,0.825656,0.00002,0.000041
ACGTTCACTATGCCGC-1,0.255762,0.000176,0.000088,0.743974
ACGTTCGTTCAGGAAA-1,0.15922,0.0001,0.069229,0.771451
ACGTTCTGTACAAGTC-1,0.229799,0.045094,0.000037,0.72507
ACGTTGTCGTTGAAAG-1,0.167819,0.000273,0.000136,0.831772
ACTACAAAGAGAGGTG-1,0.000567,0.000099,0.00005,0.999284
ACTACATCCCGACAAG-1,0.099384,0.079144,0.000034,0.821437
ACTACCAGCTCTCTGG-1,0.858577,0.141269,0.000051,0.000102
ACTACCATCCGAGGGC-1,0.152106,0.00022,0.00011,0.847564
ACTACGCGTTAGAATT-1,0.204048,0.083371,0.036312,0.676269
ACTAGTTGCGATCGTC-1,0.700048,0.026203,0.19059,0.083159
ACTATCCAGGGCATGG-1,0.792286,0.205316,0.000021,0.002378
ACTATCTGCCCGCGTA-1,0.250327,0.555615,0.032912,0.161147
ACTATGTCCAGCTGCC-1,0.017945,0.000102,0.029051,0.952902
ACTATTTCCGGGCCCA-1,0.224201,0.296248,0.014799,0.464751
ACTCAAGTGCAAGGCT-1,0.149525,0.007484,0.153245,0.689745
ACTCAATAAAGGCACG-1,0.986597,0.002974,0.010303,0.000126
ACTCATGGCAGCCTTC-1,0.000143,0.136073,0.000048,0.863737
ACTCCAATATCATCAT-1,0.00012,0.227021,0.157753,0.615106
ACTCCCATTCCTAAAG-1,0.391705,0.506497,0.060051,0.041747
ACTCCCGAATTCGTTT-1,0.760889,0.166194,0.072863,0.000054
ACTCCCTAATGCTAAA-1,0.549455,0.000065,0.000033,0.450447
ACTCCCTAGAATAGTA-1,0.766767,0.161584,0.022405,0.049244
ACTCCGGCCGACCACT-1,0.082969,0.016926,0.101983,0.798122
ACTCGCCGTTCGATAA-1,0.197488,0.000095,0.162554,0.639863
ACTCGTAACCCGTCCT-1,0.614184,0.237383,0.115156,0.033277
ACTCGTCAGTAATCCC-1,0.427825,0.546945,0.025187,0.000043
ACTCTCTGACTTAGGT-1,0.915175,0.079326,0.00002,0.00548
ACTCTTGTATAGTAAC-1,0.578348,0.398923,0.00003,0.0227
ACTGAAACGCCGTTAG-1,0.466535,0.091576,0.039973,0.401916
ACTGAATGGCGAAAGT-1,0.833419,0.147116,0.000017,0.019448
ACTGCCCGCCATTCTC-1,0.000119,0.040321,0.00004,0.959521
ACTGCTCGGAAGGATG-1,0.171546,0.045362,0.064375,0.718718
ACTGGGATGCCAGTGC-1,0.372031,0.000119,0.007307,0.620543
ACTGTACGATACACAT-1,0.737015,0.218303,0.04458,0.000102
ACTGTAGCACTTTGGA-1,0.999608,0.000157,0.000078,0.000157
ACTGTCCAGGATTATA-1,0.812201,0.102277,0.085448,0.000073
ACTGTCTTCTTTAGAA-1,0.837494,0.162175,0.00026,0.00007
ACTTACGCATCCACGC-1,0.16844,0.457124,0.132541,0.241895
ACTTAGTACGACAAGA-1,0.934713,0.000431,0.00008,0.064776
ACTTATACTTACCCGG-1,0.715388,0.268752,0.007375,0.008484
ACTTATTAGGATCGGT-1,0.999767,0.000093,0.000047,0.000093
ACTTATTTATGTGCCA-1,0.976197,0.023688,0.000038,0.000076
ACTTCAGGCTGATCCC-1,0.756066,0.20373,0.000026,0.040178
ACTTCCATGCGGGACA-1,0.163087,0.000122,0.000061,0.83673
ACTTCGCCATACGCAC-1,0.86694,0.132917,0.000048,0.000095
ACTTGACTCCCTCTTT-1,0.657557,0.342386,0.000019,0.000038
ACTTGGGACCCGGTGG-1,0.89249,0.099585,0.000038,0.007887
ACTTGGGCTTTCGCCA-1,0.268507,0.001354,0.000677,0.729462
ACTTGTAGTCCCTTCA-1,0.196925,0.445825,0.068276,0.288974
ACTTGTGGATGGAACG-1,0.486197,0.445646,0.000026,0.068131
ACTTGTTACCGGATCA-1,0.048404,0.000264,0.000132,0.9512
ACTTTACCCTCATGAA-1,0.880191,0.079643,0.000027,0.040138
ACTTTATACACCACTT-1,0.005877,0.000256,0.091683,0.902184
ACTTTCCTATAGCTTC-1,0.532329,0.270909,0.115756,0.081006
ACTTTGACTGCATCCT-1,0.446127,0.553364,0.000026,0.000484
ACTTTGGTCGTGCTCC-1,0.000097,0.000064,0.176742,0.823098
AGAACACGGCGATGGT-1,0.000545,0.000363,0.000182,0.998911
AGAACCCTCAATTGGG-1,0.057987,0.015552,0.044432,0.88203
AGAACGTGGTACATTC-1,0.944906,0.040947,0.014072,0.000074
AGAACTGTACTTTGTA-1,0.187639,0.01649,0.02704,0.768831
AGAAGAGCGCCGTTCC-1,0.99848,0.000608,0.000304,0.000608
AGAAGGTACACTTCAC-1,0.510017,0.004059,0.057501,0.428423
AGAAGGTTGCCGAATT-1,0.667893,0.303912,0.025162,0.003033
AGAAGGTTGTAGGTCG-1,0.009957,0.018047,0.235433,0.736563
AGAAGTGATTCGTGAT-1,0.064385,0.816166,0.002204,0.117244
AGAATAAATCTTCAGG-1,0.461391,0.483627,0.012656,0.042326
AGAATACAGGCTATCC-1,0.056836,0.055676,0.021796,0.865692
AGAATTATGGATTCGA-1,0.618676,0.370478,0.000016,0.01083
AGAATTGTTTGACATA-1,0.503811,0.391293,0.000052,0.104844
AGACAGCTCAGAATCC-1,0.328723,0.647486,0.000014,0.023777
AGACCAAACCACACCT-1,0.20881,0.046932,0.126482,0.617776
AGACCATGGGATACAA-1,0.557432,0.442486,0.000027,0.000055
AGACCCACCGCTGATC-1,0.435963,0.4423,0.000015,0.121723
AGACCCGCCCTCCTCG-1,0.577479,0.422445,0.000025,0.000051
AGACCGCTCCGCGGTT-1,0.425402,0.475327,0.055845,0.043426
AGACCGGGAAACCCTG-1,0.701977,0.215641,0.000614,0.081768
AGACGAAGTGCCGGTC-1,0.99985,0.00006,0.00003,0.00006
AGACGACGATGCCGCT-1,0.496905,0.22692,0.053548,0.222627
AGACTAGCCTTCCAGA-1,0.992279,0.007613,0.000036,0.000072
AGACTGTTACCGGGTC-1,0.115179,0.005604,0.092581,0.786636
AGAGAAACACCAGAAA-1,0.01741,0.00011,0.000055,0.982425
AGAGAACCGTCTAGGA-1,0.694809,0.231084,0.021186,0.052922
AGAGAAGGAGTACAAT-1,0.07028,0.058551,0.198826,0.672343
AGAGATCTCTAAAGCG-1,0.275782,0.598883,0.000017,0.125317
AGAGCAGTTATGAGAC-1,0.25709,0.742882,0.000009,0.000019
AGAGCCGCCGAGATTT-1,0.249473,0.16975,0.000056,0.580721
AGAGCGTACAAGCTCG-1,0.576175,0.308781,0.114986,0.000058
AGAGGCTTCGGAAACC-1,0.649552,0.335928,0.009113,0.005408
AGAGTAAACTTCACTA-1,0.869779,0.130148,0.000024,0.000048
AGATAACTTCAGGGCC-1,0.979457,0.02046,0.000028,0.000055
AGATAATCACACCTAT-1,0.008537,0.522091,0.002847,0.466526
AGATACCAATAGAACC-1,0.279949,0.00012,0.057142,0.662788
AGATACCGGTGTTCAC-1,0.742649,0.252283,0.000025,0.005044
AGATACGACTTCATAT-1,0.758948,0.16345,0.07195,0.005652
AGATACTCAAGATCGA-1,0.953039,0.032501,0.000025,0.014435
AGATATAATACGACTA-1,0.234465,0.022881,0.109798,0.632856
AGATCGTGCATAAGAT-1,0.714887,0.284981,0.000044,0.000088
AGATCTCAGGTGTGAT-1,0.963019,0.036857,0.000041,0.000083
AGATCTGGAGAGGATA-1,0.029268,0.00023,0.000115,0.970387
AGATGACTCGCCCACG-1,0.972283,0.013075,0.014455,0.000188
AGATGATGGAGTCTGG-1,0.97249,0.000064,0.027382,0.000064
AGATGCAAGACGTGCA-1,0.000116,0.024687,0.055132,0.920065
AGATTATAGGACGTTT-1,0.977866,0.021979,0.000052,0.000103
AGATTCACAACCGATA-1,0.148715,0.028597,0.000033,0.822655
AGCAAAGGCCGCTAGT-1,0.035002,0.016612,0.313645,0.63474
AGCAACATATCTTATT-1,0.832726,0.072278,0.051277,0.04372
AGCAACCGAAAGTAAT-1,0.012261,0.16556,0.256992,0.565187
AGCACACGTTTAGACT-1,0.082668,0.000139,0.000126,0.917067
AGCACCAGTACTCACG-1,0.838348,0.159565,0.002005,0.000083
AGCACTACCGGCCTGT-1,0.157415,0.842265,0.000009,0.000311
AGCACTACCTCACCAG-1,0.778722,0.200309,0.00003,0.020939
AGCACTTAAGGACGCC-1,0.988806,0.011136,0.000019,0.000039
AGCAGAAGGAGAAAGA-1,0.096312,0.026772,0.185735,0.691181
AGCAGCCAGATGAATA-1,0.492423,0.140805,0.021033,0.34574
AGCAGTCGAAGCATGC-1,0.106454,0.000092,0.031537,0.861917
AGCATATCAATATGCT-1,0.694293,0.177009,0.000029,0.12867
AGCATCATTTCGAAAG-1,0.131624,0.050256,0.15789,0.66023
AGCATCGTCGATAATT-1,0.838949,0.055302,0.014537,0.091211
AGCATTACGAGGCAAG-1,0.572034,0.000111,0.000056,0.427799
AGCCAAGCTTTGTGTC-1,0.11319,0.000146,0.000073,0.886591
AGCCACAGGTTACCCG-1,0.096453,0.000135,0.157032,0.74638
AGCCACTCCCGTGCTT-1,0.882884,0.000384,0.000192,0.11654
AGCCATATAGTATGTG-1,0.207938,0.000211,0.000105,0.791745
AGCCCATACATGTAAG-1,0.735185,0.16357,0.000592,0.100653
AGCCCGCAACAAGCAG-1,0.170929,0.000129,0.000065,0.828877
AGCCCGCACTACAATG-1,0.00012,0.038781,0.00004,0.961059
AGCCCGGCATTAGAGG-1,0.028377,0.003923,0.066583,0.901117
AGCCCGGTAGCCTGTA-1,0.052362,0.086574,0.000039,0.861024
AGCCCTCCCTGGTGGC-1,0.04337,0.155897,0.000049,0.800685
AGCCCTTCTAATCCGA-1,0.822198,0.143725,0.000103,0.033974
AGCCGTGGCTAAATGT-1,0.599125,0.273517,0.00003,0.127329
AGCCTAATACCCACGT-1,0.552681,0.143714,0.266001,0.037604
AGCCTTAAAGCGGAAG-1,0.431278,0.568665,0.00002,0.000038
AGCGACAGGAACGGTC-1,0.47144,0.406645,0.005351,0.116565
AGCGACATCCCATTCA-1,0.958786,0.040721,0.000165,0.000329
AGCGACCAACGATATT-1,0.721363,0.278531,0.000036,0.000071
AGCGACTTTGAAGACA-1,0.502538,0.00317,0.001585,0.492706
AGCGAGACGTGAAGGC-1,0.00011,0.000073,0.000037,0.999781
AGCGATGCGCCTAATA-1,0.185089,0.166214,0.003031,0.645666
AGCGCATAATGAATCG-1,0.09947,0.39344,0.094122,0.412968
AGCGCGGGTGCCAATG-1,0.558287,0.441636,0.000026,0.000051
AGCGGACACTTCGTAG-1,0.000086,0.068229,0.004216,0.927469
AGCGGCGGTTAGCGGT-1,0.467466,0.27948,0.062502,0.190552
AGCGGGTCTGACACTC-1,0.239322,0.054308,0.000089,0.70628
AGCGTGGTATTCTACT-1,0.999785,0.000086,0.000043,0.000086
AGCTAACAAGCAATGT-1,0.050305,0.02917,0.042429,0.878095
AGCTAAGCTCCGTCCG-1,0.037125,0.000444,0.000222,0.962209
AGCTAAGTACGCAGGC-1,0.26446,0.092645,0.000072,0.642824
AGCTAGAAGCAGAAGT-1,0.560297,0.378885,0.007252,0.053566
AGCTCCATATATGTTC-1,0.162023,0.004845,0.180594,0.652538
AGCTCCTTCGCACATC-1,0.675955,0.172101,0.000031,0.151914
AGCTCTAGACGTTCCA-1,0.664091,0.292384,0.000033,0.043491
AGCTCTTCGTAACCTT-1,0.66877,0.330976,0.000021,0.000232
AGCTCTTTACTCAGTT-1,0.287557,0.708262,0.004143,0.000037
AGCTGTAACCTCAATC-1,0.078609,0.382232,0.053315,0.485844
AGCTTCTTCTCGAGCA-1,0.20859,0.041667,0.005369,0.744373
AGCTTGATCAGGGTAG-1,0.110127,0.000205,0.224403,0.665264
AGCTTGATCTTAACTT-1,0.118354,0.843453,0.003714,0.034478
AGGAAGCTGTCCGCCG-1,0.032976,0.01353,0.297696,0.655798
AGGACAGTCGAATCCC-1,0.99851,0.001386,0.000035,0.00007
AGGACATCGCACGTCG-1,0.856465,0.031039,0.112273,0.000223
AGGACGACCCATTAGA-1,0.890772,0.106005,0.000014,0.003209
AGGACGCTCGATGTTG-1,0.826884,0.097296,0.038899,0.036921
AGGAGGCCTTCGCGCG-1,0.705569,0.25759,0.013618,0.023223
AGGATAAAGTCGGGAT-1,0.850515,0.092167,0.000031,0.057287
AGGATATAGGGATTTA-1,0.855039,0.025673,0.071341,0.047948
AGGATCACGCGATCTG-1,0.421728,0.511826,0.000027,0.066418
AGGCAGATGCGTAAAC-1,0.897169,0.09714,0.005589,0.000101
AGGCAGGGAGCGTACT-1,0.35687,0.120379,0.000079,0.522672
AGGCATTGTCGTAGGG-1,0.641237,0.249152,0.000043,0.109569
AGGCCACCCGTTATGA-1,0.909339,0.018111,0.072462,0.000088
AGGCCCTAGAACGCCA-1,0.576781,0.32273,0.00056,0.099929
AGGCCTATCATACCAA-1,0.016994,0.000163,0.000081,0.982763
AGGCCTGAGAATCTCG-1,0.119459,0.234226,0.088038,0.558277
AGGCGGTTTGTCCCGC-1,0.083043,0.130714,0.003437,0.782806
AGGCTATGGTTAGCTT-1,0.826137,0.173747,0.000039,0.000077
AGGCTTAAGTTGCACA-1,0.373815,0.004817,0.002408,0.618961
AGGCTTCCCGAAGAAG-1,0.311892,0.605748,0.064659,0.0177
AGGCTTGCTAGACACC-1,0.517791,0.482108,0.000034,0.000067
AGGGACCGGCTGCGTT-1,0.913952,0.060649,0.003927,0.021472
AGGGACTCTACGCGAC-1,0.144122,0.541852,0.000022,0.314005
AGGGCGAGCAGCTGAT-1,0.266397,0.573752,0.100175,0.059676
AGGGCGTGATCGGCTA-1,0.937353,0.017594,0.044899,0.000154
AGGGCTGCAGTTACAG-1,0.880084,0.119815,0.000034,0.000067
AGGGTCAGAGCACTCG-1,0.098588,0.032119,0.01581,0.853483
AGGGTCGATGCGAACT-1,0.693288,0.232305,0.070383,0.004025
AGGGTCTGGACGCAGT-1,0.311618,0.080191,0.020144,0.588047
AGGGTGCCGTTCTTTA-1,0.042866,0.000108,0.023423,0.933602
AGGGTGCTCTCGAGGG-1,0.709487,0.290445,0.000023,0.000045
AGGGTGGATAGTGCAT-1,0.451143,0.45646,0.007768,0.084629
AGGGTTCAGACGGTCC-1,0.039495,0.000132,0.000066,0.960307
AGGGTTCCCTTTGGTT-1,0.609487,0.387827,0.002622,0.000064
AGGGTTTAGTTCGGGA-1,0.95565,0.031688,0.012561,0.000102
AGGTAGATCGAGATAT-1,0.104784,0.000129,0.000065,0.895022
AGGTAGGTACAAAGCT-1,0.636449,0.316979,0.000023,0.046549
AGGTATAATTGATAGT-1,0.889241,0.094829,0.000022,0.015907
AGGTCAGGTGAGAGTG-1,0.136465,0.683506,0.039503,0.140526
AGGTCGCGGAGTTACT-1,0.749868,0.195471,0.029242,0.025419
AGGTGCACGTCCACAT-1,0.193375,0.049725,0.04462,0.712279
AGGTGGTGACCTTCGC-1,0.018593,0.103801,0.00004,0.877566
AGGTGTATCGCCATGA-1,0.48611,0.456063,0.031323,0.026504
AGGTTCTCCTTTCCGG-1,0.013475,0.118835,0.035291,0.832399
AGGTTGAGGCACGCTT-1,0.999486,0.000206,0.000103,0.000206
AGGTTTCACACACCTT-1,0.792629,0.171865,0.012235,0.023271
AGTAACTATAGCAGCC-1,0.401302,0.001106,0.000064,0.597527
AGTAATCTAAGGGTGG-1,0.162645,0.000181,0.00009,0.837084
AGTAATTTGCAAGCGT-1,0.111465,0.007168,0.056493,0.824874
AGTACAGAAGCTTATA-1,0.109683,0.000103,0.000051,0.890163
AGTACATCATTTATCA-1,0.763862,0.197305,0.000026,0.038807
AGTACGGCCCGTATCG-1,0.764108,0.111713,0.015917,0.108261
AGTACGGGCACCTGGC-1,0.78813,0.082927,0.12702,0.001923
AGTACTCTTATGCCCA-1,0.734839,0.145317,0.000044,0.119799
AGTAGAAGGCGCCTCA-1,0.232421,0.000214,0.000107,0.767259
AGTATAATACTAGGCA-1,0.969519,0.030308,0.000057,0.000115
AGTATACACAGCGACA-1,0.024115,0.130707,0.047981,0.797197
AGTATGCTGGAGACCA-1,0.008602,0.152529,0.068052,0.770817
AGTATTTGGCACGACC-1,0.38235,0.000155,0.039863,0.577632
AGTCAAATGATGTGAT-1,0.025785,0.095825,0.000044,0.878346
AGTCAACACCACCATC-1,0.501635,0.42807,0.000019,0.070276
AGTCAAGATGACACTT-1,0.998513,0.0014,0.000029,0.000058
AGTCACTAGCTCTCGA-1,0.637925,0.000129,0.000065,0.361881
AGTCAGCCACCGCCTG-1,0.53813,0.284331,0.000055,0.177484
AGTCCATTGGCTGATG-1,0.614104,0.35287,0.013257,0.019769
AGTCGACGGTCTCAAG-1,0.856218,0.107231,0.035021,0.001529
AGTCGGCCCAAACGAC-1,0.910238,0.089656,0.000035,0.00007
AGTCGGCTCAACTTTA-1,0.33314,0.518145,0.14626,0.002454
AGTCGGTTGCGTGAGA-1,0.787221,0.165666,0.02,0.027113
AGTCGTATAAAGCAGA-1,0.102126,0.016854,0.110169,0.770851
AGTCGTCGACCACCAA-1,0.547569,0.334394,0.000033,0.118004
AGTCGTGGGCATTACG-1,0.134435,0.543219,0.000023,0.322323
AGTCTCACAAGACTAC-1,0.45914,0.139248,0.07095,0.330662
AGTCTGGACATCCTTG-1,0.661494,0.338374,0.000044,0.000088
AGTCTTCTCCTCAAAT-1,0.859447,0.140364,0.000063,0.000126
AGTCTTTAAAGTGTCC-1,0.199729,0.000166,0.066601,0.733504
AGTGAACAAACTTCTC-1,0.90248,0.093647,0.003836,0.000037
AGTGACCTACTTTACG-1,0.515261,0.470958,0.000022,0.013759
AGTGACTGTGACACAA-1,0.142533,0.000107,0.038589,0.818771
AGTGAGACTTCCAGTA-1,0.918593,0.081312,0.000031,0.000063
AGTGAGCCTCGCCGCC-1,0.693593,0.27558,0.030787,0.000041
AGTGAGTCGAATTAAC-1,0.287117,0.000063,0.269057,0.443763
AGTGATAACCTGCGCG-1,0.352399,0.327225,0.000035,0.320341
AGTGATATGAGTAGTT-1,0.791429,0.127444,0.00003,0.081097
AGTGATTCAAGCAGGA-1,0.714248,0.281837,0.003861,0.000055
AGTGCACGCTTAAGAA-1,0.369418,0.508656,0.000017,0.121909
AGTGCGTAGCTCGTAA-1,0.742489,0.220847,0.001719,0.034945
AGTGCTAAACACAGCA-1,0.177755,0.000119,0.000059,0.822067
AGTGCTTGCACGAATA-1,0.872185,0.092622,0.035143,0.00005
AGTGGCCCGCAAATGG-1,0.167375,0.000107,0.000053,0.832465
AGTGGCGGCAATTTGA-1,0.601479,0.398452,0.000023,0.000046
AGTGGCGTCTGAAGGT-1,0.307734,0.000138,0.000069,0.692059
AGTGGCTCCGTCGGCC-1,0.695756,0.266934,0.022917,0.014393
AGTGTGGTCTATTGTG-1,0.402426,0.52732,0.000042,0.070213
AGTTAAACACTTGCGA-1,0.624189,0.3286,0.001967,0.045243
AGTTAAGTCAACCGCT-1,0.030662,0.803459,0.000223,0.165656
AGTTACCCTTAAGACT-1,0.352549,0.483809,0.030467,0.133175
AGTTACCGCACATGGT-1,0.494985,0.460843,0.044136,0.000036
AGTTCCTACAGAATTA-1,0.886241,0.113651,0.000036,0.000072
AGTTCCTATTTATGTT-1,0.564539,0.315022,0.000035,0.120404
AGTTCTGCGTTGTATC-1,0.413908,0.488347,0.097647,0.000098
AGTTGACGGTCCTTGC-1,0.101776,0.000143,0.000072,0.898008
AGTTGCGGTCCTCAAC-1,0.079864,0.000152,0.000076,0.919909
AGTTGCTGACTGATAT-1,0.283493,0.716381,0.000042,0.000084
AGTTGGCAAGGCTAGA-1,0.30767,0.00008,0.088451,0.603799
AGTTTGCACCTGCCTC-1,0.264085,0.093725,0.136698,0.505491
AGTTTGGCACGGGTTG-1,0.946987,0.052078,0.000032,0.000904
AGTTTGGCCAGACCTA-1,0.698543,0.107885,0.134737,0.058835
ATAAACGGACCCGTAA-1,0.440085,0.474056,0.01094,0.074919
ATAAACGTTGCACCAC-1,0.257502,0.020718,0.066313,0.655467
ATAAAGGCTCGGTCGT-1,0.978571,0.021348,0.000027,0.000054
ATAAATATTAGCAGCT-1,0.454168,0.462618,0.083184,0.000031
ATAACGCCGGAGGGTC-1,0.652923,0.324059,0.006044,0.016974
ATAACGGAGTCCAACG-1,0.999767,0.000093,0.000047,0.000093
ATAAGGTGGAGAACAT-1,0.798265,0.060463,0.09901,0.042263
ATAAGTAGGATTCAGA-1,0.740978,0.237171,0.000034,0.021817
ATAAGTAGGGCGACTC-1,0.835363,0.162751,0.000021,0.001865
ATAAGTTACCGCGACG-1,0.977242,0.000068,0.000034,0.022656
ATAATACCGTTAGCCG-1,0.38858,0.611317,0.000034,0.000069
ATAATAGCTGTTGAAT-1,0.356105,0.539215,0.000013,0.104667
ATAATAGTGTAGGGAC-1,0.644409,0.313535,0.00005,0.042005
ATAATCTTGGAGAACC-1,0.148747,0.173907,0.065096,0.61225
ATAATTAGCTAAGTAG-1,0.118708,0.000129,0.161902,0.719261
ATACAGGCCCTCCAAT-1,0.582009,0.128205,0.047997,0.241788
ATACCACGGGCAACTT-1,0.601224,0.398718,0.000019,0.000038
ATACCCTCCCGGCCAA-1,0.03569,0.087699,0.101493,0.775119
ATACCTAACCAAGAAA-1,0.186609,0.09671,0.169715,0.546966
ATACGAGGTTTGTAAG-1,0.004698,0.01191,0.000096,0.983296
ATACGCCGGCGAAACC-1,0.574508,0.364809,0.037188,0.023496
ATACGGAACGTCGTTT-1,0.061763,0.306857,0.111727,0.519653
ATACGGGTTTCGATTG-1,0.851531,0.000861,0.000298,0.14731
ATACGGTGAAGATGCA-1,0.553055,0.381989,0.005704,0.059252
ATACGTACTTAGCCAC-1,0.32789,0.566206,0.082328,0.023576
ATACGTCCACTCCTGT-1,0.586172,0.32381,0.000023,0.089995
ATACGTTATGCACGGA-1,0.100054,0.211317,0.000636,0.687994
ATACTACCCGTACCAC-1,0.267287,0.097755,0.000041,0.634916
ATACTAGCATGACCCT-1,0.667268,0.332454,0.000093,0.000186
ATACTGCCTTACACCG-1,0.219866,0.117376,0.11272,0.550039
ATACTTGTTCTCGAGC-1,0.221331,0.571352,0.029847,0.17747
ATAGACAACGGGACCT-1,0.136421,0.706535,0.000028,0.157017
ATAGACGAAGAGAAAG-1,0.999884,0.000047,0.000023,0.000047
ATAGAGTACTGGGACA-1,0.901031,0.086796,0.012087,0.000086
ATAGAGTTATCAACTT-1,0.71064,0.255328,0.00003,0.034002
ATAGCAACTAGGGAAG-1,0.122838,0.280689,0.000043,0.596431
ATAGCCATAACAGTCA-1,0.153007,0.108938,0.000906,0.737148
ATAGCCTCAGTACCCA-1,0.461387,0.538516,0.000033,0.000065
ATAGGCGGCTATAGAA-1,0.493005,0.47194,0.000083,0.034972
ATAGGCTAGCTTCGCA-1,0.542338,0.346871,0.110252,0.000539
ATAGGGATATCCTTGA-1,0.973231,0.00025,0.000518,0.026001
ATAGGTTGGGCAGATG-1,0.818547,0.170726,0.010647,0.00008
ATAGTGAAGCGTTCTC-1,0.9998,0.00008,0.00004,0.00008
ATAGTTCCACCCACTC-1,0.999852,0.000059,0.00003,0.000059
ATATAAAGCGCTCGTG-1,0.306003,0.229155,0.058263,0.406579
ATATAAATGTAGCTGC-1,0.766842,0.191436,0.000025,0.041697
ATATAACACGGGCGCA-1,0.182081,0.000066,0.000033,0.81782
ATATACGCTCGTGACG-1,0.044333,0.02773,0.015872,0.912064
ATATAGAGTATTGGTC-1,0.031387,0.00011,0.000055,0.968449
ATATCAACCTACAGAG-1,0.997089,0.002588,0.000276,0.000048
ATATCGGTAGGGAGAT-1,0.99606,0.003868,0.000024,0.000048
ATATCGTTCCTCGAAC-1,0.144492,0.11732,0.208175,0.530014
ATATCTTAGGGCCTTC-1,0.923112,0.016883,0.059911,0.000095
ATATGGGATAGCAACT-1,0.00017,0.000113,0.000057,0.99966
ATATGTCTAGAGCGTG-1,0.166856,0.000265,0.000133,0.832746
ATATGTCTCCCTAGCC-1,0.76099,0.2171,0.000029,0.021881
ATATTCAGTTAAACCT-1,0.825143,0.120479,0.001473,0.052904
ATATTCCACATAGTGA-1,0.623632,0.205908,0.000049,0.170411
ATATTGCTGTCAAAGT-1,0.831524,0.168307,0.000056,0.000113
ATATTTAACCCTCAAG-1,0.731465,0.253034,0.000042,0.015459
ATCAAACACTGTTCCA-1,0.68522,0.228276,0.043755,0.042749
ATCAAACGAAGGTTTG-1,0.92386,0.040757,0.011426,0.023957
ATCAAAGAGCCGTGGT-1,0.260648,0.000394,0.000197,0.738762
ATCAAGATCCCAGGAC-1,0.106365,0.081675,0.000052,0.811908
ATCAATCTGGGCTGCA-1,0.939125,0.060749,0.000042,0.000084
ATCAATGCCGTGGCTG-1,0.046437,0.01535,0.025391,0.912822
ATCACGTGCTAATTAA-1,0.852787,0.139475,0.00003,0.007707
ATCACTTCATCCTCGC-1,0.982982,0.016551,0.000156,0.000311
ATCAGAAGCTGGTTGC-1,0.285672,0.008079,0.00404,0.702209
ATCAGACGGCACGCCG-1,0.868152,0.072289,0.000022,0.059538
ATCAGCCTCATGCTGC-1,0.615801,0.061795,0.111774,0.210631
ATCAGCTCGTCCACTA-1,0.784688,0.090717,0.008068,0.116526
ATCAGTAGGCAGGGAT-1,0.989947,0.009798,0.000085,0.00017
ATCATAGATCGACGAG-1,0.223692,0.000208,0.000104,0.775996
ATCATAGCCCTATGTA-1,0.105915,0.23347,0.109249,0.551366
ATCATCCAATATTTGT-1,0.955699,0.033212,0.005327,0.005762
ATCCAACGCAGTCATA-1,0.79599,0.182691,0.013157,0.008162
ATCCAATGGAGGGTCC-1,0.720594,0.163407,0.114472,0.001527
ATCCACATCGACAGAA-1,0.265669,0.000208,0.081446,0.652677
ATCCAGAGCAACAACC-1,0.479651,0.503272,0.000015,0.017063
ATCCAGGATTCGTGAA-1,0.752861,0.151239,0.095851,0.000048
ATCCCATCCACAGCGC-1,0.006682,0.029814,0.033204,0.930299
ATCCCATTTCCGTGGG-1,0.00009,0.054952,0.215002,0.729956
ATCCTACCTAAGCTCT-1,0.531825,0.468105,0.000023,0.000046
ATCCTGAATCGCTGCG-1,0.943403,0.056513,0.000028,0.000056
ATCCTGCGTGGAATGG-1,0.547458,0.283826,0.055144,0.113572
ATCGACCCAATACAGA-1,0.885831,0.044491,0.000017,0.069661
ATCGACTCTTTCCGTT-1,0.833173,0.14897,0.017703,0.000154
ATCGCACGCCGGGAGA-1,0.916816,0.073354,0.000038,0.009793
ATCGCCAGTCAACATT-1,0.868871,0.066146,0.058323,0.00666
ATCGGAGACAGACGGC-1,0.664114,0.275312,0.000021,0.060552
ATCGGCAAGCAGTCCA-1,0.419716,0.517627,0.062578,0.000079
ATCGTGGAAAGTCTGG-1,0.035936,0.00344,0.000059,0.960565
ATCGTTAGCTAGCGGA-1,0.101983,0.000097,0.000048,0.897872
ATCTAATATCCTACGG-1,0.178513,0.69029,0.000016,0.131181
ATCTACCATCTGCTCC-1,0.15632,0.000241,0.00012,0.843319
ATCTAGCTTGTGAGGG-1,0.030232,0.064778,0.000039,0.90495
ATCTCCCACGGAATAT-1,0.000105,0.082879,0.026507,0.890509
ATCTGACATGGAAGGA-1,0.011559,0.277641,0.018126,0.692673
ATCTGATAGTGTCTTA-1,0.174105,0.793352,0.032497,0.000046
ATCTGCACCTCTGCGA-1,0.539295,0.449761,0.000025,0.010919
ATCTGCTGTTATCGCC-1,0.000195,0.025003,0.000065,0.974737
ATCTGGGCTGTTCTTG-1,0.082988,0.023103,0.430692,0.463218
ATCTGGTTAAGACTGT-1,0.593727,0.010049,0.396158,0.000066
ATCTTAGGGCATTAAT-1,0.000209,0.018336,0.00007,0.981385
ATCTTATCGCACACCC-1,0.150239,0.000802,0.024868,0.824092
ATCTTGACCTGCAACG-1,0.682145,0.317775,0.000027,0.000054
ATCTTGACTTGTCCAA-1,0.865037,0.134872,0.00003,0.000061
ATGAAGCCAAGGAGCC-1,0.829012,0.138625,0.032279,0.000085
ATGACGCGTTCTATCC-1,0.541861,0.09945,0.20062,0.158069
ATGACTATCAGCTGTG-1,0.113915,0.000116,0.000058,0.885911
ATGACTATGCGACATT-1,0.9916,0.003978,0.004359,0.000064
ATGAGGAGTGTTAATC-1,0.999671,0.000132,0.000066,0.000132
ATGATGCAATGGTACA-1,0.730779,0.218067,0.049471,0.001683
ATGCACGCGCTGTTCA-1,0.140427,0.013321,0.029322,0.81693
ATGCACTACCGCATTG-1,0.725024,0.274886,0.00003,0.00006
ATGCATGATCCAGGAT-1,0.759241,0.173025,0.028074,0.03966
ATGCCATTTGCGACCA-1,0.919683,0.051607,0.000015,0.028696
ATGCCGGTCTTGCATA-1,0.862145,0.029685,0.108097,0.000073
ATGCGACAGTCCCATT-1,0.677204,0.322689,0.000036,0.000071
ATGCGAGTCCCACCAC-1,0.619461,0.1834,0.0789,0.118239
ATGCTCAGTGTTGCAT-1,0.861738,0.138091,0.000057,0.000114
ATGCTCTGGCGCGGTA-1,0.24222,0.00355,0.036859,0.71737
ATGCTTAGGAGTTGAT-1,0.343717,0.000113,0.000057,0.656113
ATGGACTGCTTAGTTG-1,0.300735,0.000188,0.000094,0.698983
ATGGAGCAGGCCGTGA-1,0.999847,0.000061,0.000031,0.000061
ATGGATTGACCAAACG-1,0.816759,0.141178,0.042007,0.000056
ATGGCAGCATTACGAT-1,0.000197,0.069077,0.058215,0.87251
ATGGGACCTGCTGAAC-1,0.144306,0.000102,0.000051,0.855541
ATGGGCCTCGGCCTCT-1,0.807088,0.192841,0.000024,0.000048
ATGGGTGTATACCTCC-1,0.041813,0.040198,0.000054,0.917935
ATGGTATTGGGAACCG-1,0.074394,0.000216,0.000108,0.925282
