Barcode,Topic 1,Topic 2,Topic 3to8,Topic 9,Topic 10
AAACAAGTATCTCCCA-1,0.206193,0.027461,0.190522,0.524792,0.051033
AAACACCAATAACTGC-1,0.000044,0.788352,0.063098,0.148461,0.000044
AAACAGAGCGACTCCT-1,0.00005,0.00005,0.024683,0.935527,0.03969
AAACAGCTTTCAGAAG-1,0.048614,0.16846,0.731629,0.000643,0.050654
AAACAGGGTCTATATT-1,0.069169,0.817504,0.000373,0.105696,0.007257
AAACAGTGTTCCTGGG-1,0.000199,0.266976,0.542118,0.099641,0.091067
AAACATGGTGAGAGGA-1,0.972252,0.00002,0.000119,0.00002,0.02759
AAACATTTCCCGGATT-1,0.000081,0.110614,0.218448,0.581149,0.089708
AAACCCGAACGAAATC-1,0.026818,0.000041,0.000244,0.000041,0.972857
AAACCGGAAATGTTAA-1,0.000075,0.000075,0.000449,0.655369,0.344033
AAACCGGGTAGGTACC-1,0.028411,0.564434,0.383069,0.002961,0.021126
AAACCGTTCGTCCAGG-1,0.000044,0.216537,0.641135,0.142241,0.000044
AAACCTAAGCAGCCGG-1,0.00002,0.050016,0.690568,0.169208,0.090188
AAACCTCATGAAGTTG-1,0.104348,0.506076,0.165489,0.03196,0.192127
AAACGAAGAACATACC-1,0.018819,0.005552,0.92517,0.043324,0.007135
AAACGAAGATGGAGTA-1,0.344308,0.138226,0.165087,0.000028,0.352351
AAACGAGACGGTTGAT-1,0.000044,0.089851,0.804529,0.105532,0.000044
AAACGCTGGGCACGAC-1,0.00002,0.021823,0.557167,0.275873,0.145116
AAACGGGCGTACGGGT-1,0.000025,0.075083,0.842155,0.027004,0.055733
AAACGGTTGCGAACTG-1,0.000019,0.07495,0.872905,0.048134,0.003991
AAACTCGGTTCGCAAT-1,0.000056,0.21867,0.739667,0.04155,0.000056
AAACTGCTGGCTCCAA-1,0.000034,0.033185,0.857251,0.109495,0.000034
AAACTTAATTGCACGC-1,0.005996,0.450452,0.445747,0.000016,0.097789
AAACTTGCAAACGTAT-1,0.002732,0.347579,0.64813,0.001191,0.000368
AAAGAATGACCTTAGA-1,0.745735,0.065003,0.135072,0.000082,0.054108
AAAGAATGTGGACTAA-1,0.003326,0.036141,0.009018,0.637948,0.313566
AAAGACCCAAGTCGCG-1,0.058977,0.074633,0.669461,0.153225,0.043705
AAAGACTGGGCGCTTT-1,0.159024,0.374758,0.31174,0.138784,0.015694
AAAGGCCCTATAATAC-1,0.017969,0.320371,0.598672,0.047997,0.014991
AAAGGCTACGGACCAT-1,0.000026,0.032564,0.833079,0.134305,0.000026
AAAGGCTCTCGCGCCG-1,0.000026,0.077678,0.906613,0.015656,0.000026
AAAGGGATGTAGCAAG-1,0.000014,0.000864,0.999094,0.000014,0.000014
AAAGGGCAGCTTGAAT-1,0.016696,0.196007,0.768071,0.000015,0.019211
AAAGTAGCATTGCTCA-1,0.000029,0.365646,0.615252,0.011455,0.007619
AAAGTCACTGATGTAA-1,0.020361,0.087215,0.871811,0.02059,0.000024
AAAGTCGACCCTCAGT-1,0.065555,0.343938,0.50472,0.057343,0.028444
AAAGTGCCATCAATTA-1,0.013295,0.032466,0.18121,0.445573,0.327457
AAAGTGTGATTTATCT-1,0.000026,0.003505,0.956251,0.001683,0.038534
AAAGTTGACTCCCGTA-1,0.000068,0.048052,0.762739,0.138815,0.050325
AAATAACCATACGGGA-1,0.001437,0.000021,0.921555,0.051381,0.025606
AAATACCTATAAGCAT-1,0.05698,0.000022,0.627426,0.302473,0.013098
AAATAGCTTAGACTTT-1,0.000067,0.038287,0.050649,0.806478,0.104519
AAATAGGGTGCTATTG-1,0.000022,0.014053,0.978956,0.004803,0.002166
AAATCCGATACACGCC-1,0.000018,0.019996,0.875433,0.011528,0.093026
AAATCGCGGAAGGAGT-1,0.418947,0.345898,0.006478,0.066875,0.161801
AAATCGTGTACCACAA-1,0.023405,0.084903,0.602155,0.261805,0.027732
AAATCTAGCCCTGCTA-1,0.000064,0.1128,0.357675,0.427936,0.101525
AAATCTGCCCGCGTCC-1,0.313264,0.110283,0.200905,0.000031,0.375517
AAATGACTGATCAAAC-1,0.000012,0.322188,0.655162,0.002153,0.020486
AAATGCTCGTTACGTT-1,0.029228,0.127444,0.829146,0.014166,0.000017
AAATGGCATGTCTTGT-1,0.000044,0.074295,0.839752,0.075236,0.010674
AAATGGCCCGTGCCCT-1,0.049427,0.226115,0.646359,0.000015,0.078084
AAATGGTCAATGTGCC-1,0.000026,0.000493,0.877638,0.120949,0.000894
AAATGTATCTTATCCC-1,0.905953,0.000015,0.000088,0.062533,0.031411
AAATTAACGGGTAGCT-1,0.000027,0.049747,0.902902,0.047298,0.000027
AAATTAATAAGCGCGA-1,0.950254,0.008911,0.000153,0.000026,0.040656
AAATTACACGACTCTG-1,0.000027,0.000027,0.999891,0.000027,0.000027
AAATTACCTATCGATG-1,0.000075,0.022468,0.643474,0.276439,0.057545
AAATTGATAGTCCTTT-1,0.000072,0.407151,0.55781,0.034895,0.000072
AAATTGCGGCGGTTCT-1,0.102639,0.130954,0.724069,0.023024,0.019315
AAATTTGCGGGTGTGG-1,0.000033,0.3483,0.563334,0.088301,0.000033
AACAACTGGTAGTTGC-1,0.034363,0.080093,0.811064,0.074454,0.000026
AACAATACATTGTCGA-1,0.000013,0.123028,0.869284,0.007661,0.000013
AACAATTACTCTACGC-1,0.033568,0.533449,0.230577,0.202367,0.000038
AACACACGCTCGCCGC-1,0.018767,0.037338,0.787174,0.095278,0.061444
AACACGACTGTACTGA-1,0.005571,0.000016,0.906276,0.070563,0.017574
AACACGAGACGCGGCC-1,0.00002,0.611419,0.337128,0.051413,0.00002
AACACGCGGCCGCGAA-1,0.055814,0.066296,0.767386,0.073262,0.037242
AACAGCTGTGTGGCAA-1,0.025545,0.660056,0.101658,0.015024,0.197718
AACAGGAAATCGAATA-1,0.004733,0.002041,0.927172,0.066027,0.000027
AACAGGATGGGCCGCG-1,0.091984,0.361407,0.53723,0.009353,0.000027
AACAGGTAGTATGGAT-1,0.055575,0.000047,0.492998,0.000047,0.451333
AACATAGCGTGTATCG-1,0.000034,0.144347,0.782861,0.026766,0.045991
AACATATCAACTGGTG-1,0.000045,0.000045,0.364932,0.539369,0.095608
AACATTGAAGTTGATC-1,0.000019,0.234373,0.765559,0.000019,0.000031
AACATTGTGACTCGAG-1,0.000028,0.145866,0.732428,0.116401,0.005277
AACCAAGACTTCTCTG-1,0.044717,0.304781,0.602037,0.048091,0.000375
AACCATAGGGTTGAAC-1,0.016114,0.618752,0.205709,0.000024,0.159402
AACCATGGGATCGCTA-1,0.03802,0.016024,0.945937,0.00001,0.00001
AACCCAGAGACGGAGA-1,0.017572,0.16184,0.758324,0.062246,0.000019
AACCCATCCCATGATC-1,0.052604,0.634759,0.253478,0.000038,0.059121
AACCCGACAACCCGTG-1,0.000024,0.154459,0.788314,0.057179,0.000024
AACCCGAGCAGAATCG-1,0.068294,0.002656,0.056124,0.000072,0.872854
AACCCGCTGTATTCCA-1,0.00374,0.131775,0.714388,0.083376,0.066722
AACCCTACTGTCAATA-1,0.00002,0.000053,0.954581,0.016451,0.028896
AACCCTGGTGGAACCA-1,0.002806,0.00272,0.916678,0.010123,0.067673
AACCGAGCTTGGTCAT-1,0.000025,0.010027,0.909499,0.046035,0.034413
AACCGCTAAGGGATGC-1,0.000038,0.000038,0.534154,0.444574,0.021197
AACCGTTGTGTTTGCT-1,0.000062,0.031499,0.602738,0.365638,0.000062
AACCTCGCTTTAGCCC-1,0.00003,0.059828,0.863792,0.001667,0.074683
AACCTTTAAATACGGT-1,0.000056,0.154288,0.773421,0.033808,0.038427
AACCTTTACGACGTCT-1,0.201181,0.000059,0.309188,0.489513,0.000059
AACGAAAGTCGTCCCA-1,0.143799,0.184435,0.413742,0.18239,0.075634
AACGACCTCCTAGCCG-1,0.010482,0.068506,0.000336,0.250694,0.669983
AACGATAATGCCGTAG-1,0.016627,0.006022,0.528682,0.439859,0.00881
AACGATAGAAGGGCCG-1,0.038789,0.14303,0.744244,0.073904,0.000032
AACGATATGTCAACTG-1,0.000022,0.000465,0.969842,0.029648,0.000022
AACGCATGATCTGGGT-1,0.009024,0.00944,0.420999,0.398193,0.162345
AACGCGAACGGCAACA-1,0.233448,0.158577,0.583827,0.002191,0.021957
AACGCGACCTTGGGCG-1,0.000026,0.156829,0.780015,0.060491,0.002638
AACGCGGTCTCCAGCC-1,0.00005,0.001804,0.713728,0.284369,0.00005
AACGCTGTTGCTGAAA-1,0.000035,0.014188,0.985707,0.000035,0.000035
AACGGACGTACGTATA-1,0.000029,0.021316,0.966789,0.000029,0.011837
AACGGCCATCTCCGGT-1,0.000023,0.123933,0.842707,0.012999,0.020339
AACGTACTGTGGGTAC-1,0.031542,0.15789,0.638011,0.172488,0.000069
AACGTCAGACTAGTGG-1,0.052135,0.090317,0.823079,0.030017,0.004452
AACGTCATCCGGCTTG-1,0.000041,0.290064,0.668963,0.030422,0.01051
AACGTCGCTGCACTTC-1,0.056711,0.007768,0.413764,0.147832,0.373925
AACGTGATGAAGGACA-1,0.000016,0.000016,0.992263,0.000016,0.00769
AACGTGCGAAAGTCTC-1,0.000034,0.116636,0.604722,0.138099,0.140509
AACGTTATCAGCACCT-1,0.7092,0.161758,0.102171,0.000046,0.026825
AACGTTCTACCATTGT-1,0.000043,0.236399,0.000258,0.463864,0.299436
AACTACCCGTTTGTCA-1,0.075994,0.000029,0.498214,0.001729,0.424034
AACTAGGCTTGGGTGT-1,0.083505,0.123603,0.741261,0.030563,0.021068
AACTCAAGTTAATTGC-1,0.029265,0.242163,0.686591,0.041946,0.000035
AACTCCAGAGCGTGTT-1,0.000053,0.146137,0.625993,0.218867,0.008949
AACTCCTAATCCCATG-1,0.000072,0.000072,0.08168,0.905562,0.012615
AACTCGATAAACACGT-1,0.177065,0.089623,0.609479,0.123285,0.000547
AACTCGATGGCGCAGT-1,0.089272,0.180789,0.673215,0.056698,0.000027
AACTCTCAATAGAGCG-1,0.000021,0.000021,0.9239,0.056507,0.019551
AACTCTCAGTGTGCTC-1,0.000034,0.139172,0.794518,0.028357,0.037919
AACTGAGTTATACTGA-1,0.000073,0.000073,0.305859,0.28299,0.411004
AACTGATATTAGGCCT-1,0.021301,0.008404,0.91189,0.058377,0.000028
AACTGGGTCCCGACGT-1,0.000042,0.01968,0.768972,0.143898,0.067408
AACTGGTGTGGGCCTT-1,0.039289,0.016752,0.85433,0.089613,0.000016
AACTTCTGCGTCTATC-1,0.21907,0.090012,0.546193,0.002204,0.14252
AACTTGCCCGTATGCA-1,0.000035,0.408857,0.591037,0.000035,0.000035
AACTTGCGTTCTCGCG-1,0.252467,0.046429,0.403196,0.289493,0.008415
AACTTTACGGGAGCTT-1,0.880579,0.06556,0.036313,0.017515,0.000033
AACTTTAGCTGCTGAG-1,0.041387,0.033079,0.748074,0.177439,0.000021
AAGAAAGTTTGATGGG-1,0.187998,0.590971,0.004356,0.007673,0.209002
AAGAAGGATCAGTTAG-1,0.070926,0.01028,0.686799,0.171024,0.06097
AAGACATACGTGGTTT-1,0.017725,0.249149,0.069128,0.000088,0.663909
AAGACCAAATAACTCA-1,0.171827,0.404071,0.028344,0.000032,0.395726
AAGACCCAACTGAACA-1,0.032637,0.048239,0.78956,0.129538,0.000025
AAGACTAACCCGTTGT-1,0.06244,0.079436,0.80132,0.00525,0.051554
AAGACTGCAAGCTACT-1,0.002248,0.0003,0.88694,0.083537,0.026975
AAGAGATGAATCGGTA-1,0.026301,0.341243,0.516398,0.116019,0.000039
AAGAGCTCTTTATCGG-1,0.000035,0.000035,0.862977,0.134434,0.002519
AAGAGGATGTACGCGA-1,0.001116,0.168924,0.77617,0.053739,0.000051
AAGAGGCATGGATCGC-1,0.000033,0.061966,0.816902,0.121066,0.000033
AAGAGGCCCTTTGGAA-1,0.063792,0.008089,0.572701,0.10629,0.249127
AAGATGGCACCGGACC-1,0.000034,0.257533,0.701801,0.040598,0.000034
AAGATTGGCGGAACGT-1,0.000029,0.01124,0.958711,0.02341,0.00661
AAGCACCCTGCGTATC-1,0.000066,0.010681,0.943257,0.04593,0.000066
AAGCATACTCTCCTGA-1,0.000043,0.027465,0.613164,0.32904,0.030288
AAGCCACTTGCAGGTA-1,0.031029,0.276733,0.213965,0.406553,0.071719
AAGCCGAAGCGGTTTA-1,0.036892,0.017611,0.552908,0.290804,0.101784
AAGCCGCCGTGAAATC-1,0.1,0.1,0.6,0.1,0.1
AAGCCGGAGAGCAGGA-1,0.000049,0.000049,0.000293,0.704175,0.295434
AAGCGCAGGGCTTTGA-1,0.000074,0.217337,0.475526,0.285517,0.021545
AAGCGTCCCTCATCGA-1,0.000099,0.445102,0.353143,0.073222,0.128434
AAGCTAGATCGAGTAA-1,0.000023,0.010033,0.989899,0.000023,0.000023
AAGCTATGGATTGACC-1,0.500647,0.332707,0.026299,0.025134,0.115214
AAGCTCGTGCCAAGTC-1,0.042815,0.000032,0.521378,0.430443,0.005331
AAGCTCTTTCATGGTG-1,0.000049,0.007856,0.975288,0.016758,0.000049
AAGGAGCGGTTGGTGC-1,0.000029,0.081666,0.905512,0.010461,0.002332
AAGGATCGATCGCTTG-1,0.009752,0.000078,0.000469,0.676508,0.313193
AAGGATGAGGGACCTC-1,0.000034,0.001678,0.948195,0.049209,0.000884
AAGGCAGGCTGTCTCC-1,0.053558,0.145598,0.276079,0.027039,0.497726
AAGGCGCGTAAAGCTT-1,0.044915,0.13858,0.785062,0.029152,0.00229
AAGGCTGTGCTCATCG-1,0.067533,0.148253,0.732919,0.051247,0.000048
AAGGGAACGACTGGCT-1,0.000029,0.638482,0.33966,0.000029,0.021801
AAGGGACAGATTCTGT-1,0.000039,0.006603,0.901442,0.091878,0.000039
AAGGGACTATGCATTC-1,0.000019,0.282439,0.717503,0.000019,0.000019
AAGGGTTAGCCATGCG-1,0.00008,0.067689,0.000477,0.32715,0.604604
AAGGGTTTGATTTCAG-1,0.882536,0.004469,0.000154,0.000026,0.112815
AAGGTATCCTAATATA-1,0.00785,0.000019,0.960579,0.029033,0.002519
AAGGTGATAAACCAGC-1,0.000023,0.004312,0.938599,0.016028,0.041038
AAGTAGAAGACCGGGT-1,0.044553,0.199999,0.70214,0.053279,0.00003
AAGTAGTGACGCGAGG-1,0.00286,0.307705,0.664753,0.024658,0.000023
AAGTCAATTGTCGTCA-1,0.088855,0.000071,0.332072,0.540581,0.038421
AAGTCTTCTGTGGCCT-1,0.931559,0.000024,0.000146,0.01091,0.05736
AAGTGACGACCGAATT-1,0.038746,0.198162,0.717401,0.045666,0.000024
AAGTGAGTCGGGTTTA-1,0.000036,0.178558,0.703031,0.118339,0.000036
AAGTGCAAAGGTAGAC-1,0.772402,0.053596,0.095233,0.078739,0.000031
AAGTGCCTTGACTGTA-1,0.037223,0.111029,0.22535,0.544016,0.082382
AAGTGCGTTAGAATCT-1,0.004105,0.321665,0.670337,0.000027,0.003866
AAGTGCTTCTCTATTG-1,0.000025,0.184066,0.698706,0.000025,0.117179
AAGTGTTTGGAGACGG-1,0.000032,0.003484,0.982416,0.014036,0.000032
AAGTTCACTCCAAGCT-1,0.000035,0.0055,0.939715,0.054713,0.000035
AAGTTCAGTCTGCGTA-1,0.0524,0.092822,0.427151,0.297592,0.130036
AAGTTCGGCCAACAGG-1,0.006887,0.270307,0.637385,0.075159,0.010263
AAGTTGTGATGTTATA-1,0.000083,0.1136,0.00873,0.318928,0.558659
AAGTTTACTAATGGCA-1,0.021598,0.011464,0.858041,0.105825,0.003072
AAGTTTATGGGCCCAA-1,0.000026,0.146522,0.724557,0.09053,0.038366
AATAACAACGCTCGGC-1,0.020283,0.414885,0.529463,0.035346,0.000023
AATAACACTAGAACAA-1,0.010032,0.262035,0.577341,0.150559,0.000032
AATAACGTCGCGCCCA-1,0.08405,0.019586,0.578589,0.085955,0.23182
AATAATCTTCGTATCG-1,0.000077,0.000077,0.007534,0.518209,0.474102
AATACAATGTTTCAGG-1,0.195225,0.164341,0.61743,0.022978,0.000027
AATACCGGAGGGCTGT-1,0.00003,0.299574,0.552892,0.147475,0.00003
AATACCTGATGTGAAC-1,0.081601,0.019707,0.490504,0.22988,0.178308
AATAGAACAGAGTGGC-1,0.003746,0.124928,0.871274,0.000027,0.000024
AATAGAATCTGTTTCA-1,0.000036,0.027047,0.95627,0.003332,0.013315
AATAGGCACGACCCTT-1,0.000066,0.689539,0.06772,0.198408,0.044267
AATAGTCCGTCCCGAC-1,0.000025,0.068233,0.921353,0.009723,0.000665
AATAGTCGCGAGTCGG-1,0.949265,0.000019,0.050677,0.000019,0.000019
AATATCAAGGTCGGAT-1,0.040552,0.072472,0.836163,0.045679,0.005135
AATATCCTAGCAAACT-1,0.806078,0.000019,0.024806,0.000019,0.169077
AATATCGAATCAATGC-1,0.07387,0.027786,0.49694,0.203986,0.197417
AATATCGAGGGTTCTC-1,0.000078,0.000078,0.006167,0.92528,0.068398
AATATTGGAGTATTGA-1,0.069252,0.588017,0.185723,0.000076,0.156932
AATCAGACTGCAGGAC-1,0.108758,0.124688,0.693773,0.002783,0.069997
AATCAGGTTTCATTTA-1,0.000441,0.467233,0.30223,0.1397,0.090397
AATCATGTAAAGACTC-1,0.000062,0.103109,0.326924,0.353696,0.216209
AATCCAAGGGCCTGAG-1,0.019127,0.052605,0.889654,0.038597,0.000017
AATCCATGCAAGGGTG-1,0.112799,0.142212,0.451003,0.293164,0.000822
AATCCCGCTCAGAGCC-1,0.005745,0.129575,0.656566,0.167073,0.041042
AATCGAGGTCTCAAGG-1,0.000026,0.130246,0.846102,0.000026,0.0236
AATCGCCTCAGCGCCA-1,0.005272,0.002203,0.983432,0.009066,0.000027
AATCGCGCAGAGGACT-1,0.054943,0.185915,0.09015,0.000101,0.66889
AATCGGGACACTACGA-1,0.00792,0.00068,0.585522,0.394634,0.011244
AATCGGTATAGCCCTC-1,0.043239,0.057773,0.101116,0.01047,0.787402
AATCGTGAGCCGAGCA-1,0.000013,0.008624,0.978852,0.000225,0.012286
AATCTAGGTTTACTTG-1,0.052581,0.489659,0.392917,0.036544,0.028299
AATCTCTACTGTGGTT-1,0.107297,0.220962,0.661944,0.006172,0.003626
AATCTGCGTTGGGACG-1,0.000021,0.000021,0.999916,0.000021,0.000022
AATCTGGCTTTCTAGT-1,0.054133,0.834602,0.103786,0.000061,0.007418
AATGACAGCAATGTCT-1,0.009247,0.33051,0.443832,0.189057,0.027353
AATGACGTAGGATGTC-1,0.000026,0.001345,0.786157,0.211718,0.000755
AATGACTGTCAGCCGG-1,0.008381,0.112039,0.856764,0.022791,0.000026
AATGAGTTCGCATATG-1,0.241952,0.241849,0.280077,0.236073,0.000048
AATGATGATACGCTAT-1,0.000068,0.003885,0.467092,0.528735,0.00022
AATGATGCGACTCCTG-1,0.000046,0.000046,0.000277,0.900243,0.099387
AATGCAACCGGGTACC-1,0.000046,0.141084,0.796919,0.061904,0.000046
AATGCACCAAGCAATG-1,0.029658,0.058136,0.043629,0.859775,0.008803
AATGGTCCACCGTTCA-1,0.131984,0.614753,0.20383,0.030591,0.018842
AATGGTTCTCACAAGC-1,0.013716,0.214081,0.610906,0.161266,0.000031
AATGTATGGCACTGTA-1,0.181914,0.442547,0.291816,0.00002,0.083704
AATGTGCCCGAGGTGT-1,0.00005,0.433221,0.455992,0.077919,0.032818
AATGTGCTAATCTGAG-1,0.000038,0.329349,0.586031,0.039032,0.04555
AATGTTAAGACCCTGA-1,0.009972,0.153286,0.425415,0.315621,0.095707
AATGTTGTCGTGAGAC-1,0.079908,0.134649,0.095696,0.170108,0.519639
AATTAAAGGTCGGCGT-1,0.000058,0.222354,0.540459,0.230328,0.006802
AATTAACGGATTTCCA-1,0.000019,0.001964,0.920635,0.077363,0.000019
AATTACGAGACCCATC-1,0.163424,0.473521,0.193594,0.005146,0.164315
AATTACTCGTACGCTC-1,0.676725,0.077159,0.040104,0.165435,0.040576
AATTAGCGCTGCAGCG-1,0.000856,0.076565,0.75759,0.131092,0.033896
AATTATACCCAGCAAG-1,0.000028,0.136747,0.86315,0.000048,0.000028
AATTCATAAGGGATCT-1,0.000024,0.000085,0.949218,0.003029,0.047643
AATTCATTGTCATGCA-1,0.069311,0.568125,0.246126,0.000033,0.116406
AATTCCAAGCATGTAC-1,0.008591,0.021852,0.890508,0.079035,0.000013
AATTCGATTCGAGGAT-1,0.000045,0.002867,0.52903,0.468014,0.000045
AATTCTAGAGTTAGGC-1,0.000046,0.016798,0.922253,0.033764,0.02714
AATTGAACGCTCTGGT-1,0.000033,0.083705,0.916197,0.000033,0.000033
AATTGCAGCAATCGAC-1,0.008347,0.000029,0.184334,0.549842,0.257448
AATTGCGTGGATTACA-1,0.130021,0.318411,0.437058,0.036595,0.077915
AATTGTGGTTGCCAAA-1,0.000064,0.090948,0.000382,0.110863,0.797744
AATTTGGGACATAGTA-1,0.016873,0.02998,0.278288,0.674771,0.000088
AATTTGGTTCCAAAGA-1,0.00128,0.000233,0.989407,0.003761,0.005319
ACAAACCATGCGTCCT-1,0.005019,0.730459,0.223017,0.000019,0.041486
ACAAACTCCATCAGAG-1,0.000029,0.361274,0.578581,0.000029,0.060087
ACAAAGAAGGTAGGCC-1,0.570605,0.151006,0.137972,0.105524,0.034893
ACAAAGCATGACCTAG-1,0.000034,0.05586,0.358147,0.182369,0.40359
ACAAATCGCACCGAAT-1,0.000032,0.04945,0.888948,0.061494,0.000076
ACAAATGGTAGTGTTT-1,0.000851,0.000027,0.626829,0.263784,0.108508
ACAACAGCATGAGCTA-1,0.000163,0.064548,0.875778,0.059483,0.000028
ACAACGGTCCCTGCGA-1,0.050375,0.366809,0.399601,0.183187,0.000029
ACAAGCAGTGCCTAGC-1,0.023193,0.407086,0.478134,0.090569,0.001017
ACAAGCTATATGGAAG-1,0.993867,0.000021,0.000124,0.000021,0.005968
ACAAGGAAATCCGCCC-1,0.000027,0.003505,0.831474,0.069623,0.09537
ACAAGGACAAGAGGTT-1,0.044081,0.370414,0.448065,0.128949,0.008491
ACAAGGATGCTTTAGG-1,0.000025,0.016811,0.983112,0.000025,0.000025
ACAAGGGCAGGCTCTG-1,0.000031,0.004805,0.814075,0.181058,0.00003
ACAAGTAATTGTAAGG-1,0.003437,0.694376,0.238963,0.006329,0.056896
ACAATAGTCGTACGTT-1,0.078734,0.293266,0.503736,0.012764,0.1115
ACAATCCATTTAAACC-1,0.000026,0.353824,0.633719,0.012405,0.000026
ACAATGAATACGGAGA-1,0.023408,0.250919,0.693307,0.010478,0.021888
ACAATTGTGTCTCTTT-1,0.018059,0.16893,0.542027,0.197446,0.073539
ACAATTTAGGAGGCTC-1,0.683884,0.086318,0.003122,0.226514,0.000162
ACAATTTGAGCAGTGG-1,0.000052,0.120293,0.736371,0.143233,0.000052
ACAATTTGGCCATATT-1,0.014101,0.000103,0.211622,0.000103,0.77407
ACACAAAGACGGGTGG-1,0.000019,0.048681,0.900047,0.019102,0.032151
ACACACCAGGACCAGT-1,0.000034,0.018481,0.981241,0.000034,0.00021
ACACACTTTCTACACG-1,0.000031,0.000031,0.91366,0.086247,0.000031
ACACATGATCAAATCT-1,0.049323,0.635771,0.242667,0.000024,0.072216
ACACATTGACGCAACA-1,0.456064,0.030378,0.07458,0.418185,0.020793
ACACATTTCCGTAGAC-1,0.000727,0.150897,0.792082,0.00533,0.050964
ACACCCAGCATGCAGC-1,0.028249,0.056292,0.45214,0.451292,0.012027
ACACCCGAGAAATCCG-1,0.055788,0.172048,0.711358,0.060764,0.000042
ACACCGAGCGCTCTTT-1,0.958723,0.012545,0.011282,0.012598,0.004851
ACACCGGTCTGACCGC-1,0.000012,0.368747,0.631158,0.00007,0.000012
ACACCTTAAGTAGGGC-1,0.045947,0.134948,0.67997,0.13911,0.000026
ACACCTTACTACTTGC-1,0.058359,0.035602,0.560795,0.145996,0.199248
ACACGAGACTCCTTCT-1,0.030217,0.031853,0.74723,0.184622,0.006079
ACACGGCACTATGCAT-1,0.016545,0.004409,0.849649,0.129373,0.000024
ACACGGGAACTTAGGG-1,0.00005,0.03326,0.767643,0.198563,0.000484
ACACGTAGGCCACAAG-1,0.041667,0.014326,0.642672,0.018857,0.282479
ACACTCCAATGTCACT-1,0.510094,0.138023,0.003795,0.348042,0.000046
ACACTGATCAAGGTGT-1,0.000052,0.149299,0.735277,0.110104,0.005267
ACACTGGGACAGTCGT-1,0.09252,0.000087,0.142036,0.000087,0.76527
ACAGAACTGAGAACAA-1,0.000023,0.274455,0.65679,0.013503,0.055228
ACAGATTAGGTTAGTG-1,0.027127,0.001041,0.850874,0.12094,0.000018
ACAGCATAGAGCCAGT-1,0.000027,0.053806,0.943099,0.003041,0.000027
ACAGCGACATTCTCAT-1,0.00508,0.000103,0.249808,0.50503,0.239979
ACAGCGCACCCGCAGC-1,0.000035,0.000035,0.908465,0.080315,0.01115
ACAGGCACGGATCCTT-1,0.000017,0.006549,0.896662,0.000017,0.096755
ACAGGCTTGCCCGACT-1,0.000041,0.002351,0.888845,0.086719,0.022043
ACAGGTGGAGGTGAGG-1,0.000026,0.162999,0.734289,0.07144,0.031245
ACAGGTGTGTTGTTGC-1,0.861859,0.000019,0.000116,0.000019,0.137985
ACAGTAATACAACTTG-1,0.034461,0.906802,0.058653,0.000042,0.000042
ACATAAGTCGTGGTGA-1,0.115544,0.581946,0.199119,0.011475,0.091916
ACATAATAAGGCGGTG-1,0.021591,0.002293,0.941254,0.026664,0.008197
ACATACAATCAAGCGG-1,0.000031,0.064773,0.856275,0.021365,0.057557
ACATCAGCTGGGACGC-1,0.185179,0.490647,0.056343,0.267759,0.000072
ACATCCCGGCCATACG-1,0.000043,0.079012,0.880358,0.040544,0.000043
ACATCCTGGTAACTGT-1,0.000059,0.000059,0.0085,0.962015,0.029366
ACATCGATCGTTTACC-1,0.000046,0.079399,0.776296,0.141413,0.002846
ACATCGCAATATTCGG-1,0.041356,0.596587,0.196944,0.157744,0.007369
ACATCGGTCAGCCGCG-1,0.048078,0.108689,0.562821,0.277934,0.002477
ACATCGTATGCAATGG-1,0.000037,0.000037,0.825007,0.173801,0.001117
ACATCGTTAACCTAGT-1,0.000021,0.000021,0.999891,0.000046,0.000021
ACATCTCAACGCGTAA-1,0.03321,0.001899,0.941906,0.022951,0.000034
ACATGCTTACGGCAGC-1,0.008343,0.14832,0.723671,0.000009,0.119658
ACATGGCGCCAAAGTA-1,0.004413,0.000044,0.000263,0.778784,0.216496
ACATGGCTCAATTTAG-1,0.40422,0.134728,0.442975,0.018051,0.000025
ACATTAGTTTATATCC-1,0.000032,0.015495,0.92816,0.004457,0.051855
ACATTCGCGCGGAATA-1,0.00002,0.270221,0.554754,0.124711,0.050294
ACATTTGAAACCTAAC-1,0.00005,0.00005,0.561458,0.16191,0.276533
ACCAACCGCACTCCAC-1,0.018198,0.000022,0.335021,0.457232,0.189526
ACCAACGCTTATTTAT-1,0.000045,0.134196,0.788043,0.076893,0.000823
ACCAAGAACGCGTGTC-1,0.037617,0.150865,0.488852,0.322628,0.000038
ACCAAGTCATCGGCAG-1,0.080211,0.00004,0.544817,0.053302,0.32163
ACCAATATGCAAGTTA-1,0.002861,0.00003,0.882095,0.114984,0.00003
ACCACAACTCAGAACA-1,0.020063,0.00002,0.845711,0.133377,0.000829
ACCACAAGTTTCTATC-1,0.021004,0.185713,0.533077,0.260165,0.000041
ACCACACGGTTGATGG-1,0.000062,0.349032,0.392474,0.050651,0.207781
ACCACCAATGTAACAA-1,0.019429,0.170588,0.129576,0.575878,0.104528
ACCACGTGCAGCTATA-1,0.000034,0.001858,0.99804,0.000034,0.000034
ACCACTGTTCAAGAAG-1,0.636433,0.088739,0.233878,0.001841,0.039109
ACCAGACCATAACAAC-1,0.938843,0.000014,0.060682,0.000014,0.000447
ACCAGTGCGGGAGACG-1,0.000025,0.000025,0.919879,0.043029,0.037043
ACCATATCCGCAATAA-1,0.011491,0.051178,0.707171,0.19333,0.03683
ACCATCCGCCAACTAG-1,0.04673,0.233858,0.714878,0.001442,0.003091
ACCATCGTATATGGTA-1,0.016558,0.25792,0.688248,0.037228,0.000046
ACCATTAAGGGTGTCA-1,0.839054,0.000537,0.151829,0.008564,0.000017
ACCCAACGCCCGTGGC-1,0.000028,0.010711,0.931234,0.057999,0.000028
ACCCACCTACATGCTC-1,0.065645,0.385197,0.449462,0.099658,0.000038
ACCCATCTTGAGGGTA-1,0.000019,0.070263,0.929679,0.000019,0.000019
ACCCATTTGTCCCTCT-1,0.000089,0.000089,0.239101,0.468681,0.292041
ACCCGAGCGAAATTAC-1,0.000037,0.515513,0.394601,0.089812,0.000037
ACCCGATTGGTTCCGA-1,0.000026,0.332558,0.621474,0.022076,0.023865
ACCCGGAAACTCCCAG-1,0.000037,0.064208,0.819549,0.085929,0.030277
ACCCGGAGCACCACAA-1,0.000036,0.147227,0.470718,0.140842,0.241177
ACCCGGATGACGCATC-1,0.000066,0.001841,0.668308,0.246607,0.083178
ACCCGGTTACACTTCC-1,0.07712,0.200175,0.718868,0.0038,0.000036
ACCCGTAGCAGAGAAT-1,0.08895,0.122114,0.156771,0.233062,0.399103
ACCCGTAGTCTAGTTG-1,0.007292,0.000061,0.000366,0.325157,0.667123
ACCCGTGTCATCAGTA-1,0.014808,0.000057,0.450918,0.478847,0.055369
ACCCTATAGGACTGAG-1,0.34002,0.172869,0.265896,0.221167,0.000048
ACCCTATGCCATATCG-1,0.000054,0.169806,0.676433,0.100218,0.053489
ACCCTCCCGTCAGGGC-1,0.009358,0.034706,0.501844,0.115903,0.33819
ACCCTCCCTTGCTATT-1,0.037021,0.000031,0.605827,0.31109,0.04603
ACCCTTCATCTGCGAA-1,0.017055,0.005144,0.93604,0.019356,0.022405
ACCGAAAGGGCCCTGC-1,0.036586,0.025745,0.762495,0.175155,0.000019
ACCGAAGAGTCTGGTT-1,0.043478,0.648799,0.185627,0.000047,0.122048
ACCGACACATCTCCCA-1,0.000034,0.034148,0.94014,0.025644,0.000034
ACCGACTGAGTCCCAC-1,0.000055,0.005357,0.670082,0.324451,0.000055
ACCGAGTCTCCTTATT-1,0.00002,0.043125,0.878922,0.003783,0.07415
ACCGATAGGCATAACC-1,0.008891,0.064454,0.10928,0.393928,0.423448
ACCGATATTTAATCAT-1,0.024265,0.031608,0.002132,0.503014,0.438981
ACCGATGGTAGCATCG-1,0.000025,0.000025,0.954339,0.004227,0.041385
ACCGCAATAACTGCCT-1,0.000055,0.13454,0.790224,0.047946,0.027234
ACCGCGGTGGAAGTCG-1,0.000111,0.153864,0.070062,0.569057,0.206906
ACCGCTAGTCATTGGT-1,0.034044,0.408086,0.225012,0.162724,0.170135
ACCGGGCCTTTGTTGA-1,0.000113,0.103964,0.42891,0.414534,0.052479
ACCGGTCAGGTACACC-1,0.007266,0.56762,0.395713,0.029372,0.000029
ACCGTCCACTGGGCCC-1,0.11624,0.491797,0.188,0.000026,0.203937
ACCGTGACCACGTGGG-1,0.000033,0.118542,0.631589,0.249804,0.000033
ACCTAAGTACCTTTCA-1,0.000029,0.341957,0.628567,0.028202,0.001245
ACCTAATCGACTTCCT-1,0.001542,0.3418,0.624946,0.031684,0.000028
ACCTACAGTATGTGGT-1,0.036009,0.048222,0.541646,0.12712,0.247003
ACCTACTATAAATCTA-1,0.00003,0.204115,0.779068,0.016181,0.000606
ACCTCAGCGAGGCGCA-1,0.000037,0.080676,0.641727,0.119494,0.158065
ACCTCCGCCCTCGCTG-1,0.006946,0.000105,0.00063,0.207356,0.784963
ACCTCCGTTATTCACC-1,0.045637,0.000059,0.47802,0.271502,0.204782
ACCTCGAACTTATGCT-1,0.066147,0.614298,0.119986,0.074693,0.124875
ACCTGCGTGTCATGTT-1,0.022165,0.245049,0.692015,0.037533,0.003237
ACGAAATGGGCGGCAC-1,0.179029,0.258012,0.450615,0.099536,0.012807
ACGACCCATGAGTTGC-1,0.000075,0.05233,0.148418,0.518115,0.281063
ACGACTCTAGGGCCGA-1,0.000019,0.000019,0.902673,0.011265,0.086025
ACGACTGGTCATACTC-1,0.000032,0.431216,0.440021,0.1242,0.004532
ACGAGAACCCATCACG-1,0.01615,0.023973,0.933854,0.025398,0.000625
ACGAGATATTTGCTTA-1,0.000037,0.000037,0.900344,0.088655,0.010928
ACGAGGATACCACTCT-1,0.036083,0.730665,0.092214,0.067424,0.073614
ACGAGGTTTACAACGT-1,0.086581,0.573408,0.144447,0.162088,0.033477
ACGAGTACGGATGCCC-1,0.000073,0.000073,0.168039,0.750392,0.081424
ACGAGTCGCCGGCGTT-1,0.246733,0.101464,0.496529,0.146573,0.008702
ACGATACATAGAACTA-1,0.030587,0.000021,0.823985,0.145385,0.000021
ACGATACCTATCCTGA-1,0.950651,0.000022,0.000131,0.000022,0.049174
ACGATCATACATAGAG-1,0.020573,0.002889,0.90468,0.071829,0.000029
ACGATCATCTTGTAAA-1,0.000086,0.042618,0.515624,0.359632,0.08204
ACGATGCATATGTTAT-1,0.007894,0.049617,0.85996,0.082502,0.000028
ACGATGGATCCGATGC-1,0.000022,0.004128,0.907303,0.088207,0.000339
ACGCAAACTAATAGAT-1,0.000023,0.135229,0.74498,0.119745,0.000023
ACGCATACGTTTACTA-1,0.000078,0.087498,0.135216,0.546757,0.230451
ACGCATTCGTGAGTAC-1,0.020691,0.055239,0.760563,0.163452,0.000055
ACGCCACTCGAAACAG-1,0.01035,0.163985,0.319564,0.452722,0.053379
ACGCCAGATGATTTCT-1,0.000044,0.000044,0.852426,0.122552,0.024933
ACGCCAGTGCGTTTGC-1,0.095514,0.000041,0.333757,0.255597,0.315091
ACGCCGCTAGACGACC-1,0.000029,0.056528,0.943386,0.000029,0.000029
ACGCGAAGTCAGACGA-1,0.004452,0.075083,0.830198,0.085271,0.004996
ACGCGCTACACAGGGT-1,0.000015,0.131846,0.868107,0.000015,0.000015
ACGCGGGCCAAGGACA-1,0.000031,0.061754,0.879862,0.058323,0.000031
ACGCGTTTCTTAAGAG-1,0.909293,0.000017,0.006299,0.084374,0.000017
ACGCTACTGAATGGGC-1,0.000118,0.223561,0.00071,0.21903,0.556581
ACGCTAGTGATACACT-1,0.000079,0.000079,0.000477,0.982019,0.017345
ACGCTGTGAGGCGTAG-1,0.092949,0.705725,0.135085,0.065502,0.000738
ACGGAACACGAGTGCC-1,0.000079,0.025951,0.264083,0.598349,0.111537
ACGGAATTTAGCAAAT-1,0.08233,0.124966,0.746886,0.037206,0.008612
ACGGACGCAGCGACAA-1,0.000013,0.353751,0.646209,0.000013,0.000013
ACGGACTCTCAAAGCG-1,0.021805,0.094285,0.858066,0.021658,0.004185
ACGGATGGTGCGGATA-1,0.00002,0.001184,0.998756,0.00002,0.00002
ACGGCACTTGCTTGGG-1,0.000042,0.050016,0.816383,0.113844,0.019716
ACGGCCAACATGGACT-1,0.000041,0.145161,0.789074,0.065684,0.000041
ACGGCGACGATGGGAA-1,0.000032,0.025154,0.941516,0.033265,0.000032
ACGGCGGGTTGCCCTG-1,0.04071,0.005399,0.853954,0.039084,0.060852
ACGGCTGGATGTAGAA-1,0.041543,0.647237,0.047851,0.00006,0.263308
ACGGGAGTGTCGGCCC-1,0.020197,0.624112,0.353145,0.002508,0.000039
ACGGGTCATGTGACTT-1,0.794617,0.000021,0.079418,0.113639,0.012305
ACGGGTTGTGACCTGT-1,0.24394,0.454797,0.197091,0.003894,0.100279
ACGGTACAGTTCAATG-1,0.010648,0.001487,0.841017,0.012614,0.134233
ACGGTCACCGAGAACA-1,0.056937,0.672002,0.021517,0.022459,0.227085
ACGTACAGATTTCTCT-1,0.000044,0.001897,0.745287,0.252729,0.000044
ACGTACTTTGGCACGG-1,0.000046,0.466644,0.331206,0.166971,0.035133
ACGTAGATTGCTGATG-1,0.000031,0.010183,0.896249,0.090393,0.003144
ACGTAGGAGAGTCGCT-1,0.000025,0.07332,0.852839,0.024487,0.049329
ACGTATTACTCCGATC-1,0.000049,0.000743,0.798922,0.144124,0.056163
ACGTCGGGCAACTCGG-1,0.608861,0.052608,0.008458,0.003962,0.32611
ACGTCTCGTTCCGGGA-1,0.545056,0.139064,0.053907,0.230894,0.031079
ACGTGACAAAGTAAGT-1,0.738546,0.066368,0.00025,0.185622,0.009214
ACGTGCGCCTCGTGCA-1,0.000027,0.002378,0.954434,0.000027,0.043134
ACGTTAATGTCGAAGA-1,0.00003,0.013018,0.784113,0.184993,0.017845
ACGTTAGATTTGCCCG-1,0.016442,0.11237,0.822192,0.048438,0.000558
ACGTTATTGGTCACTC-1,0.555759,0.000048,0.012282,0.431863,0.000048
ACGTTCACTATGCCGC-1,0.00138,0.151653,0.674249,0.000025,0.172693
ACGTTCCGCGCTCCGT-1,0.037416,0.003276,0.694958,0.264321,0.000029
ACGTTCGCAATCAATT-1,0.026377,0.019209,0.552988,0.331257,0.070169
ACGTTCGTTCAGGAAA-1,0.000037,0.238945,0.688213,0.072767,0.000037
ACGTTCTGTACAAGTC-1,0.00875,0.00002,0.837008,0.00002,0.154201
ACGTTGTCGTTGAAAG-1,0.001015,0.289353,0.663357,0.00002,0.046255
ACGTTTAGTTGTGATC-1,0.000051,0.000051,0.719396,0.280452,0.000051
ACGTTTCGGTGCACTT-1,0.000084,0.08793,0.000503,0.565657,0.345825
ACTACAAAGAGAGGTG-1,0.000017,0.204706,0.743516,0.03336,0.018401
ACTACATCCCGACAAG-1,0.030197,0.801985,0.053995,0.000032,0.113791
ACTACCAGCTCTCTGG-1,0.005171,0.037166,0.710658,0.246988,0.000017
ACTACCATCCGAGGGC-1,0.051363,0.396837,0.29218,0.021032,0.238588
ACTACGCGTTAGAATT-1,0.000053,0.178524,0.691879,0.128576,0.000968
ACTAGTTGCGATCGTC-1,0.009056,0.000084,0.000506,0.800706,0.189648
ACTATATGCTGTGTTC-1,0.027971,0.01339,0.694757,0.086015,0.177867
ACTATCCAGGGCATGG-1,0.026171,0.000037,0.019067,0.705571,0.249155
ACTATCGCCGGCTAAA-1,0.782289,0.088264,0.111644,0.016236,0.001566
ACTATCTGCCCGCGTA-1,0.06906,0.104169,0.435578,0.007302,0.383891
ACTATGTCCAGCTGCC-1,0.013095,0.207389,0.71279,0.000018,0.066708
ACTATTCGTCCGTGGT-1,0.000041,0.019541,0.945905,0.005225,0.029287
ACTATTTCCGGGCCCA-1,0.002186,0.227785,0.667957,0.09766,0.004412
ACTCAACGAATGTATT-1,0.062881,0.085696,0.737492,0.113915,0.000016
ACTCAAGTGCAAGGCT-1,0.010248,0.013458,0.907387,0.063304,0.005602
ACTCAATAAAGGCACG-1,0.003338,0.000023,0.540254,0.427337,0.029048
ACTCAGACCTGCTTCT-1,0.049085,0.105961,0.637688,0.202875,0.004392
ACTCATGGCAGCCTTC-1,0.021374,0.484138,0.103223,0.151774,0.239491
ACTCCAATATCATCAT-1,0.000063,0.52954,0.403503,0.03274,0.034154
ACTCCCATTCCTAAAG-1,0.034057,0.396205,0.385801,0.15554,0.028397
ACTCCCGAATTCGTTT-1,0.016925,0.000043,0.143395,0.73642,0.103217
ACTCCCTAATGCTAAA-1,0.007229,0.048043,0.773741,0.170948,0.000039
ACTCCCTAGAATAGTA-1,0.000051,0.000051,0.665231,0.334615,0.000051
ACTCCGGCCGACCACT-1,0.010505,0.020422,0.919287,0.00315,0.046637
ACTCGATGTATTTCAT-1,0.686698,0.001607,0.307251,0.004415,0.00003
ACTCGCCGTTCGATAA-1,0.043889,0.132134,0.09816,0.00007,0.725747
ACTCGCGATCTGACGC-1,0.063462,0.000067,0.0004,0.584365,0.351707
ACTCGTAACCCGTCCT-1,0.060609,0.58395,0.35486,0.000062,0.000519
ACTCGTCAGTAATCCC-1,0.000024,0.000024,0.999904,0.000024,0.000024
ACTCTAAACCTGGGAT-1,0.961376,0.000027,0.003448,0.027668,0.007481
ACTCTCTGACTTAGGT-1,0.000025,0.000025,0.927409,0.053793,0.018749
ACTCTCTTATACACGA-1,0.000029,0.000029,0.849933,0.149982,0.000029
ACTCTGACCTAATAGA-1,0.000022,0.058329,0.818941,0.011725,0.110983
ACTCTTGTATAGTAAC-1,0.00459,0.05452,0.901577,0.03928,0.000032
ACTGAAACGCCGTTAG-1,0.000059,0.049972,0.795618,0.110817,0.043535
ACTGAATGGCGAAAGT-1,0.004414,0.022532,0.929618,0.003322,0.040113
ACTGCCCGCCATTCTC-1,0.000031,0.488714,0.495917,0.003507,0.011831
ACTGCCGTCGTAACTC-1,0.000061,0.000061,0.802997,0.196819,0.000061
ACTGCTCGGAAGGATG-1,0.096421,0.553901,0.117836,0.213724,0.018119
ACTGGGATGCCAGTGC-1,0.000031,0.219255,0.678335,0.005187,0.097191
ACTGTACGATACACAT-1,0.000027,0.000027,0.999891,0.000027,0.000027
ACTGTAGCACTTTGGA-1,0.047573,0.267479,0.56096,0.123956,0.000032
ACTGTATACGCGAGCA-1,0.070029,0.013044,0.802209,0.114708,0.00001
ACTGTCCAGGATTATA-1,0.02557,0.0122,0.731864,0.215221,0.015145
ACTGTCTTCTTTAGAA-1,0.000031,0.037345,0.799739,0.162855,0.000031
ACTGTGCTAGTAGATC-1,0.016844,0.040985,0.925277,0.01688,0.000015
ACTTACCGGGCGCGCA-1,0.04025,0.000044,0.000265,0.821657,0.137785
ACTTACGCATCCACGC-1,0.009363,0.079489,0.816387,0.094706,0.000057
ACTTAGTACGACAAGA-1,0.030138,0.109071,0.845547,0.014387,0.000858
ACTTATACTTACCCGG-1,0.018988,0.002925,0.857674,0.114011,0.006402
ACTTATTAGGATCGGT-1,0.049767,0.159311,0.645014,0.145839,0.000069
ACTTATTTATGTGCCA-1,0.030987,0.000036,0.858203,0.071035,0.039739
ACTTCAGGCTGATCCC-1,0.000054,0.215327,0.761182,0.022269,0.001168
ACTTCCAGTGGAAGCT-1,0.56928,0.040701,0.124239,0.139157,0.126623
ACTTCCATGCGGGACA-1,0.000061,0.059823,0.811812,0.024862,0.103443
ACTTCGCCATACGCAC-1,0.000026,0.000026,0.999894,0.000026,0.000026
ACTTGACTCCCTCTTT-1,0.000033,0.001135,0.971961,0.001003,0.025868
ACTTGCTCTATCTACC-1,0.365862,0.066877,0.19893,0.000022,0.36831
ACTTGGGACCCGGTGG-1,0.038484,0.154347,0.730742,0.000028,0.076399
ACTTGGGCTTTCGCCA-1,0.000022,0.202592,0.704624,0.067886,0.024876
ACTTGTAGTCCCTTCA-1,0.067999,0.127845,0.649087,0.000022,0.155047
ACTTGTGGATGGAACG-1,0.028972,0.128407,0.000769,0.365734,0.476118
ACTTGTTACCGGATCA-1,0.123697,0.251327,0.310319,0.27127,0.043387
ACTTTACCCTCATGAA-1,0.016362,0.00005,0.000301,0.884336,0.098951
ACTTTATACACCACTT-1,0.112664,0.14999,0.561009,0.054111,0.122226
ACTTTCCTATAGCTTC-1,0.000073,0.049097,0.627452,0.323306,0.000073
ACTTTGACTGCATCCT-1,0.057666,0.003986,0.865214,0.000011,0.073123
ACTTTGGTCGTGCTCC-1,0.020725,0.608744,0.047134,0.000068,0.323329
ACTTTGTCGACGCACT-1,0.000132,0.000132,0.000793,0.395214,0.603729
AGAAATTATGACTCGC-1,0.047566,0.053208,0.407546,0.057589,0.434091
AGAACACGGCGATGGT-1,0.036049,0.622693,0.078744,0.000024,0.26249
AGAACCCAGCGTGACA-1,0.036117,0.000067,0.000402,0.552105,0.411309
AGAACCCTCAATTGGG-1,0.095386,0.429448,0.000215,0.204666,0.270285
AGAACGTGGTACATTC-1,0.00003,0.005084,0.932975,0.061882,0.00003
AGAACTGTACTTTGTA-1,0.007131,0.003471,0.831321,0.037108,0.120969
AGAAGAGCGCCGTTCC-1,0.000251,0.000251,0.939051,0.000251,0.060195
AGAAGGTACACTTCAC-1,0.057582,0.39217,0.319986,0.123995,0.106267
AGAAGGTTGCCGAATT-1,0.000016,0.0431,0.95424,0.000016,0.002628
AGAAGGTTGTAGGTCG-1,0.000026,0.014925,0.764367,0.220655,0.000026
AGAAGTGATTCGTGAT-1,0.00731,0.357405,0.307062,0.32259,0.005633
AGAATAAATCTTCAGG-1,0.170162,0.420901,0.15095,0.250534,0.007453
AGAATACAGGCTATCC-1,0.000056,0.164037,0.516135,0.126057,0.193715
AGAATTATGGATTCGA-1,0.000059,0.083826,0.861023,0.0038,0.051292
AGAATTGTTTGACATA-1,0.061846,0.348588,0.574202,0.015344,0.000021
AGACAGCTCAGAATCC-1,0.312331,0.003466,0.517268,0.149121,0.017813
AGACAGGCATCTCAGC-1,0.003798,0.026674,0.121819,0.367189,0.48052
AGACATAGATCCTTCC-1,0.049838,0.018646,0.87345,0.058013,0.000053
AGACCAAACCACACCT-1,0.131425,0.257861,0.422803,0.000026,0.187884
AGACCATGGGATACAA-1,0.085665,0.1163,0.729742,0.063143,0.005151
AGACCCACCGCTGATC-1,0.003856,0.033668,0.820033,0.098519,0.043924
AGACCCGCCCTCCTCG-1,0.029608,0.062642,0.801391,0.096006,0.010354
AGACCGCTCCGCGGTT-1,0.081637,0.05625,0.2515,0.009624,0.600989
AGACCGGGAAACCCTG-1,0.014701,0.541558,0.407224,0.036495,0.000022
AGACGAAGTGCCGGTC-1,0.027535,0.064151,0.49055,0.411971,0.005793
AGACGACGATGCCGCT-1,0.000035,0.434804,0.460651,0.064218,0.040292
AGACGCCCACTTCGCC-1,0.06796,0.03822,0.242737,0.258239,0.392844
AGACTAGCCTTCCAGA-1,0.072106,0.074355,0.813607,0.037377,0.002555
AGACTGTTACCGGGTC-1,0.000039,0.226629,0.644292,0.129002,0.000039
AGAGAAACACCAGAAA-1,0.000021,0.289744,0.709175,0.000021,0.001038
AGAGAACCGTCTAGGA-1,0.000021,0.017715,0.935709,0.019073,0.027482
AGAGAAGGAGTACAAT-1,0.000057,0.622851,0.376977,0.000057,0.000057
AGAGATCTCTAAAGCG-1,0.019071,0.484069,0.470422,0.026402,0.000036
AGAGCAGTTATGAGAC-1,0.015299,0.394224,0.568229,0.022218,0.00003
AGAGCCGCCGAGATTT-1,0.058482,0.030106,0.629356,0.029531,0.252526
AGAGCGGGCTAATCAT-1,0.002899,0.000021,0.942589,0.008401,0.046091
AGAGCGTACAAGCTCG-1,0.034648,0.373957,0.467116,0.124247,0.000031
AGAGCTACGAAAGCAT-1,0.356936,0.034888,0.088106,0.520034,0.000036
AGAGGCTTCGGAAACC-1,0.000075,0.091346,0.089423,0.758208,0.060948
AGAGTAAACTTCACTA-1,0.017026,0.125096,0.068076,0.632152,0.15765
AGAGTCTTAATGAAAG-1,0.00008,0.315885,0.000479,0.348255,0.335302
AGATAACTTCAGGGCC-1,0.000023,0.172734,0.827197,0.000023,0.000023
AGATAATCACACCTAT-1,0.036011,0.468853,0.275331,0.000023,0.219782
AGATACCAATAGAACC-1,0.057036,0.00343,0.63381,0.074169,0.231554
AGATACCGGTGTTCAC-1,0.020082,0.195844,0.602006,0.178873,0.003195
AGATACGACTTCATAT-1,0.029377,0.179693,0.249933,0.540962,0.000035
AGATACTCAAGATCGA-1,0.00005,0.025841,0.814597,0.118422,0.041091
AGATATAATACGACTA-1,0.000033,0.091001,0.908901,0.000033,0.000033
AGATCGTGCATAAGAT-1,0.048527,0.000047,0.00028,0.89784,0.053307
AGATCTCAGGTGTGAT-1,0.000056,0.024124,0.914888,0.021507,0.039425
AGATCTGGAGAGGATA-1,0.103364,0.219093,0.534375,0.026519,0.116649
AGATGACTCGCCCACG-1,0.080934,0.00188,0.883108,0.013097,0.020981
AGATGAGGGTTGCGAT-1,0.095521,0.000054,0.000322,0.846037,0.058067
AGATGATGGAGTCTGG-1,0.00744,0.020992,0.350358,0.490445,0.130763
AGATGCAAGACGTGCA-1,0.05504,0.666057,0.262426,0.016435,0.000042
AGATGCATCCTGTGTC-1,0.501839,0.234666,0.000471,0.262945,0.000079
AGATGCTATAACGAGC-1,0.542978,0.024786,0.426436,0.000012,0.005788
AGATTATAGGACGTTT-1,0.000022,0.016986,0.982948,0.000022,0.000022
AGATTCACAACCGATA-1,0.015098,0.571455,0.344497,0.000033,0.068917
AGCAAAGGCCGCTAGT-1,0.000033,0.094601,0.782715,0.122618,0.000033
AGCAACATATCTTATT-1,0.020198,0.000025,0.911071,0.000025,0.06868
AGCAACCGAAAGTAAT-1,0.000017,0.327729,0.55381,0.118427,0.000017
AGCACACGTTTAGACT-1,0.000055,0.761457,0.137262,0.000055,0.10117
AGCACCAGTACTCACG-1,0.044149,0.099158,0.768135,0.088515,0.000044
AGCACTACCGGCCTGT-1,0.023197,0.6136,0.176907,0.000104,0.186192
AGCACTACCTCACCAG-1,0.000031,0.000031,0.886245,0.113662,0.000031
AGCACTTAAGGACGCC-1,0.000014,0.114772,0.881754,0.003445,0.000014
AGCAGAAGGAGAAAGA-1,0.000013,0.01391,0.870887,0.115177,0.000013
AGCAGCCAGATGAATA-1,0.000031,0.035375,0.92727,0.031505,0.005818
AGCAGTCGAAGCATGC-1,0.000028,0.11317,0.756851,0.054982,0.074968
AGCATATCAATATGCT-1,0.000068,0.00193,0.699251,0.298682,0.000068
AGCATCATTTCGAAAG-1,0.000038,0.494967,0.287452,0.215666,0.001876
AGCATCGTCGATAATT-1,0.000026,0.034387,0.965536,0.000026,0.000026
AGCATTACGAGGCAAG-1,0.014597,0.093998,0.220946,0.315079,0.355381
AGCCAAGCTTTGTGTC-1,0.000018,0.065084,0.932532,0.002144,0.000223
AGCCACAGGTTACCCG-1,0.000033,0.010642,0.82326,0.109664,0.056402
AGCCACTCCCGTGCTT-1,0.000042,0.000042,0.992684,0.007189,0.000042
AGCCATATAGTATGTG-1,0.000028,0.106985,0.521989,0.28924,0.081757
AGCCCATACATGTAAG-1,0.000015,0.194878,0.778536,0.026555,0.000015
AGCCCGCAACAAGCAG-1,0.001342,0.290572,0.681453,0.021122,0.005511
AGCCCGCACTACAATG-1,0.021558,0.014741,0.538443,0.020032,0.405226
AGCCCGGCATTAGAGG-1,0.00004,0.439067,0.360929,0.172678,0.027286
AGCCCGGTAGCCTGTA-1,0.000046,0.213966,0.75297,0.032971,0.000046
AGCCCTAAGCGAAGTT-1,0.00003,0.001673,0.93385,0.064417,0.00003
AGCCCTCCCTGGTGGC-1,0.036274,0.543194,0.331342,0.000041,0.089149
AGCCCTTCTAATCCGA-1,0.052634,0.026461,0.500065,0.299937,0.120903
AGCCCTTGGACATCCC-1,0.019767,0.123269,0.37655,0.258219,0.222195
AGCCGCAAATTCAAAT-1,0.962665,0.000018,0.000111,0.035783,0.001423
AGCCGCTTGATTAGCG-1,0.947701,0.00002,0.011328,0.040931,0.00002
AGCCGTGGCTAAATGT-1,0.000294,0.629805,0.369797,0.000052,0.000052
AGCCTAATACCCACGT-1,0.022162,0.726439,0.240092,0.011268,0.000038
AGCCTTAAAGCGGAAG-1,0.570574,0.150877,0.099902,0.178596,0.00005
AGCCTTGTCACTGATA-1,0.769133,0.085896,0.000217,0.000036,0.144718
AGCGACAGGAACGGTC-1,0.00005,0.329386,0.492707,0.101493,0.076365
AGCGACATCCCATTCA-1,0.000058,0.004356,0.785116,0.210412,0.000058
AGCGACCAACGATATT-1,0.011769,0.099187,0.78874,0.085576,0.014729
AGCGACTTTGAAGACA-1,0.010519,0.369522,0.527954,0.008093,0.083912
AGCGAGACGTGAAGGC-1,0.000028,0.701148,0.231451,0.000028,0.067345
AGCGATGCGCCTAATA-1,0.020813,0.000083,0.000498,0.292349,0.686256
AGCGCATAATGAATCG-1,0.000041,0.093596,0.867598,0.038723,0.000041
AGCGCGGGTGCCAATG-1,0.000016,0.000016,0.910759,0.066886,0.022324
AGCGCTTATGGGCAAG-1,0.022283,0.000079,0.379856,0.537085,0.060697
AGCGGACACTTCGTAG-1,0.000035,0.127778,0.836604,0.018938,0.016644
AGCGGCGGTTAGCGGT-1,0.057255,0.683459,0.043132,0.083557,0.132598
AGCGGGAAGGGTCCAT-1,0.030319,0.069264,0.833712,0.066687,0.000018
AGCGGGTCTGACACTC-1,0.000042,0.176085,0.6207,0.105356,0.097818
