Barcode,Topic 1,Topic 2to3,Topic 4,Topic 5to10
AAACAAGTATCTCCCA-1,0.000103,0.799507,0.095129,0.105261
AAACAATCTACTAGCA-1,0.000025,0.220276,0.011989,0.76771
AAACACCAATAACTGC-1,0.450816,0.4571,0.000085,0.091998
AAACAGAGCGACTCCT-1,0.000023,0.075053,0.00365,0.921274
AAACAGCTTTCAGAAG-1,0.000042,0.424889,0.000042,0.575026
AAACAGGGTCTATATT-1,0.026381,0.130037,0.059905,0.783677
AAACAGTGTTCCTGGG-1,0.000049,0.77443,0.102283,0.123238
AAACATGGTGAGAGGA-1,0.890143,0.109683,0.000025,0.000149
AAACATTTCCCGGATT-1,0.025458,0.006562,0.310094,0.657886
AAACCACTACACAGAT-1,0.003813,0.187726,0.439418,0.369043
AAACCCGAACGAAATC-1,0.000031,0.277603,0.240563,0.481804
AAACCGGAAATGTTAA-1,0.00668,0.019933,0.377106,0.59628
AAACCGGGTAGGTACC-1,0.000032,0.593632,0.000032,0.406303
AAACCGTTCGTCCAGG-1,0.000009,0.000695,0.000009,0.999287
AAACCTAAGCAGCCGG-1,0.00001,0.372071,0.184306,0.443613
AAACCTCATGAAGTTG-1,0.000034,0.431239,0.020052,0.548675
AAACGAAGAACATACC-1,0.00379,0.1105,0.034717,0.850993
AAACGAAGATGGAGTA-1,0.718574,0.281026,0.000057,0.000343
AAACGACAGTCTTGCC-1,0.009837,0.134336,0.474807,0.38102
AAACGAGACGGTTGAT-1,0.000064,0.236219,0.000064,0.763653
AAACGCCCGAGATCGG-1,0.001178,0.00004,0.050715,0.948067
AAACGCTGGGCACGAC-1,0.020044,0.35888,0.321667,0.299408
AAACGGGCGTACGGGT-1,0.011078,0.059258,0.311954,0.61771
AAACGGTTGCGAACTG-1,0.000014,0.457714,0.158048,0.384223
AAACGTGTTCGCCCTA-1,0.011877,0.040142,0.316022,0.63196
AAACTAACGTGGCGAC-1,0.012826,0.127369,0.290858,0.568947
AAACTCGGTTCGCAAT-1,0.00272,0.249908,0.030537,0.716835
AAACTCGTGATATAAG-1,0.010374,0.442953,0.17411,0.372563
AAACTGCTGGCTCCAA-1,0.000036,0.11563,0.017899,0.866435
AAACTTAATTGCACGC-1,0.999764,0.000053,0.000026,0.000158
AAACTTGCAAACGTAT-1,0.019486,0.597287,0.000045,0.383183
AAAGAATGACCTTAGA-1,0.912377,0.029306,0.000059,0.058258
AAAGACATGAAGTTTA-1,0.000128,0.998974,0.000128,0.000769
AAAGACCCAAGTCGCG-1,0.012961,0.075933,0.009318,0.901788
AAAGACTGGGCGCTTT-1,0.004191,0.203609,0.059027,0.733174
AAAGCTTGCCTACATA-1,0.00974,0.108342,0.385032,0.496886
AAAGGCCCTATAATAC-1,0.751877,0.144828,0.037899,0.065396
AAAGGCTACGGACCAT-1,0.000019,0.593707,0.092876,0.313398
AAAGGCTCTCGCGCCG-1,0.000035,0.464551,0.004365,0.531049
AAAGGGATGTAGCAAG-1,0.000025,0.026404,0.00008,0.973491
AAAGGGCAGCTTGAAT-1,0.000033,0.274522,0.053512,0.671933
AAAGGTAAGCTGTACC-1,0.000035,0.347918,0.24218,0.409866
AAAGGTCAACGACATG-1,0.026762,0.209109,0.446325,0.317804
AAAGTAGCATTGCTCA-1,0.003403,0.162838,0.022946,0.810813
AAAGTCACTGATGTAA-1,0.025065,0.24352,0.014355,0.71706
AAAGTCGACCCTCAGT-1,0.000026,0.378146,0.010518,0.61131
AAAGTGCCATCAATTA-1,0.000008,0.004035,0.231233,0.764724
AAAGTGTGATTTATCT-1,0.03593,0.332126,0.124529,0.507415
AAAGTTGACTCCCGTA-1,0.02852,0.758397,0.091129,0.121954
AAATAACCATACGGGA-1,0.000081,0.945717,0.000081,0.054122
AAATAAGGTAGTGCCC-1,0.000017,0.245268,0.199741,0.554974
AAATACCTATAAGCAT-1,0.000046,0.204179,0.003374,0.792401
AAATAGCTTAGACTTT-1,0.006551,0.216436,0.041501,0.735511
AAATAGGGTGCTATTG-1,0.000015,0.102215,0.052146,0.845624
AAATCACTCCTAAACG-1,0.009795,0.05892,0.378028,0.553257
AAATCCGATACACGCC-1,0.007238,0.230727,0.15221,0.609825
AAATCGCGGAAGGAGT-1,0.867969,0.123115,0.00006,0.008855
AAATCGTGTACCACAA-1,0.000025,0.003992,0.000025,0.995957
AAATCTAGCCCTGCTA-1,0.079234,0.338642,0.032466,0.549658
AAATCTGCCCGCGTCC-1,0.681229,0.315872,0.000072,0.002827
AAATGACTGATCAAAC-1,0.00012,0.508213,0.00012,0.491547
AAATGATTCGATCAGC-1,0.001272,0.018509,0.190608,0.789611
AAATGCTCGTTACGTT-1,0.000041,0.584233,0.000041,0.415686
AAATGGCATGTCTTGT-1,0.000039,0.133226,0.021364,0.845371
AAATGGCCCGTGCCCT-1,0.008778,0.000013,0.000321,0.990888
AAATGGTCAATGTGCC-1,0.019412,0.187383,0.000554,0.792652
AAATGTATCTTATCCC-1,0.825991,0.124884,0.000058,0.049067
AAATGTGGGTGCTCCT-1,0.016015,0.013671,0.062166,0.908148
AAATTAACGGGTAGCT-1,0.000096,0.790891,0.000096,0.208917
AAATTAATAAGCGCGA-1,0.145954,0.599969,0.01049,0.243587
AAATTACACGACTCTG-1,0.000093,0.651378,0.000093,0.348436
AAATTACCTATCGATG-1,0.000027,0.102623,0.014199,0.883151
AAATTCCAGGTCCAAA-1,0.021905,0.15058,0.235027,0.592489
AAATTGATAGTCCTTT-1,0.000046,0.498826,0.000046,0.501081
AAATTGGTGAGAAGCA-1,0.0017,0.02147,0.178516,0.798315
AAATTTACCGAAATCC-1,0.035994,0.92928,0.000084,0.034642
AAATTTGCGGGTGTGG-1,0.003094,0.115885,0.004822,0.876199
AACAACTGGTAGTTGC-1,0.000064,0.459574,0.000064,0.540299
AACAATACATTGTCGA-1,0.000555,0.20463,0.070559,0.724256
AACAATTACTCTACGC-1,0.000022,0.000044,0.018029,0.981905
AACACACGCTCGCCGC-1,0.031639,0.817974,0.000136,0.150252
AACACGACTGTACTGA-1,0.035469,0.153278,0.000027,0.811225
AACACGAGACGCGGCC-1,0.000042,0.706505,0.002307,0.291146
AACACGCGGCCGCGAA-1,0.005779,0.12085,0.070386,0.802985
AACAGCTGTGTGGCAA-1,0.000037,0.775384,0.095881,0.128698
AACAGGAAATCGAATA-1,0.000042,0.181736,0.000042,0.81818
AACAGGATGGGCCGCG-1,0.000061,0.518566,0.000061,0.481312
AACAGGTAGTATGGAT-1,0.007766,0.054338,0.247365,0.69053
AACATAGCGTGTATCG-1,0.000031,0.19858,0.004461,0.796928
AACATATCAACTGGTG-1,0.002023,0.21581,0.049196,0.73297
AACATCGATACGTCTA-1,0.000009,0.001378,0.265308,0.733305
AACATTGAAGTTGATC-1,0.803364,0.043508,0.015369,0.13776
AACATTGTGACTCGAG-1,0.034927,0.490655,0.163005,0.311413
AACCAAGACTTCTCTG-1,0.000024,0.372077,0.000387,0.627512
AACCAGTATCACTCTT-1,0.062554,0.861737,0.0001,0.075609
AACCATAGGGTTGAAC-1,0.916803,0.000019,0.000009,0.083169
AACCATGGGATCGCTA-1,0.051067,0.345293,0.007005,0.596635
AACCCAGAGACGGAGA-1,0.000014,0.001153,0.00383,0.995003
AACCCATCCCATGATC-1,0.41837,0.000036,0.000018,0.581576
AACCCGACAACCCGTG-1,0.000404,0.30272,0.387051,0.309825
AACCCGAGCAGAATCG-1,0.015278,0.446362,0.3249,0.21346
AACCCGATAGGGCTTC-1,0.00001,0.033468,0.458556,0.507967
AACCCGCTGTATTCCA-1,0.028422,0.162547,0.000023,0.809009
AACCCTACTGTCAATA-1,0.000054,0.38506,0.090362,0.524524
AACCCTGGTGGAACCA-1,0.000024,0.207589,0.044009,0.748378
AACCGAGCTTGGTCAT-1,0.00765,0.313493,0.000053,0.678804
AACCGCTAAGGGATGC-1,0.176041,0.642214,0.000108,0.181638
AACCGTTGTGTTTGCT-1,0.008441,0.090049,0.000046,0.901464
AACCTAAAGCCGTCCG-1,0.102479,0.733756,0.000069,0.163696
AACCTCGCTTTAGCCC-1,0.000489,0.29178,0.236149,0.471582
AACCTGTCACGGAATT-1,0.000022,0.294865,0.257548,0.447565
AACCTTTAAATACGGT-1,0.040149,0.00751,0.000017,0.952324
AACCTTTACGACGTCT-1,0.000045,0.340848,0.001415,0.657692
AACGAAAGTCGTCCCA-1,0.999782,0.000048,0.000024,0.000145
AACGATAATGCCGTAG-1,0.015838,0.041262,0.000021,0.942879
AACGATAGAAGGGCCG-1,0.015654,0.000072,0.003558,0.980715
AACGATATGTCAACTG-1,0.000088,0.702342,0.000088,0.297482
AACGCATGATCTGGGT-1,0.000017,0.105917,0.054885,0.839181
AACGCGAACGGCAACA-1,0.023586,0.342575,0.009036,0.624802
AACGCGACCTTGGGCG-1,0.138999,0.4178,0.081521,0.36168
AACGCGGTCTCCAGCC-1,0.000037,0.140374,0.000037,0.859553
AACGCTGTTGCTGAAA-1,0.00009,0.708511,0.045314,0.246085
AACGGACGTACGTATA-1,0.102578,0.896451,0.000139,0.000832
AACGGCCATCTCCGGT-1,0.000031,0.407704,0.109185,0.483079
AACGTACTGTGGGTAC-1,0.00004,0.469066,0.046486,0.484408
AACGTAGTCTACCCAT-1,0.046929,0.469463,0.001574,0.482035
AACGTCAGACTAGTGG-1,0.000044,0.289764,0.000044,0.710149
AACGTCATCCGGCTTG-1,0.163857,0.010003,0.005002,0.821138
AACGTGATGAAGGACA-1,0.059747,0.799839,0.000083,0.140331
AACGTGCGAAAGTCTC-1,0.000052,0.257055,0.000052,0.742842
AACGTTATCAGCACCT-1,0.002163,0.083759,0.000015,0.914063
AACTACCCGTTTGTCA-1,0.014146,0.170967,0.408717,0.40617
AACTAGCGTATCGCAC-1,0.000011,0.000022,0.000381,0.999586
AACTAGGCTTGGGTGT-1,0.000052,0.508679,0.000052,0.491218
AACTCAAGTTAATTGC-1,0.000037,0.231287,0.009143,0.759532
AACTCCAGAGCGTGTT-1,0.01652,0.025467,0.040549,0.917465
AACTCCTAATCCCATG-1,0.018052,0.402138,0.057689,0.522122
AACTCGATGGCGCAGT-1,0.002155,0.320216,0.00003,0.677599
AACTCTCAATAGAGCG-1,0.000047,0.43758,0.004361,0.558012
AACTCTCAGTGTGCTC-1,0.008715,0.456456,0.089457,0.445372
AACTGAGGTCAGCGTC-1,0.024486,0.190487,0.251728,0.5333
AACTGAGTTATACTGA-1,0.003874,0.000014,0.082668,0.913444
AACTGATATTAGGCCT-1,0.031605,0.013386,0.00004,0.954969
AACTGGGTCCCGACGT-1,0.021419,0.00008,0.00004,0.978461
AACTGGGTTCGAGCCG-1,0.063352,0.597739,0.001648,0.33726
AACTGGTGTGGGCCTT-1,0.0499,0.000023,0.003303,0.946774
AACTTCTGCGTCTATC-1,0.023823,0.152665,0.012309,0.811203
AACTTGCCCGTATGCA-1,0.004285,0.202309,0.101464,0.691943
AACTTGCGTTCTCGCG-1,0.00003,0.235147,0.01288,0.751944
AACTTTACGGGAGCTT-1,0.000037,0.645765,0.000037,0.354161
AACTTTAGCTGCTGAG-1,0.000019,0.009768,0.0181,0.972112
AACTTTCTCGATCATG-1,0.008733,0.071818,0.236994,0.682455
AAGAAAGTTTGATGGG-1,0.635804,0.278694,0.00009,0.085413
AAGAAATCACCAGATT-1,0.058567,0.201074,0.474261,0.266098
AAGAAGGATCAGTTAG-1,0.000025,0.179014,0.000025,0.820937
AAGACCAAATAACTCA-1,0.917352,0.005878,0.000024,0.076745
AAGACCCAACTGAACA-1,0.000008,0.226908,0.065943,0.707141
AAGACTAACCCGTTGT-1,0.001095,0.352456,0.008734,0.637715
AAGACTCACGCCCACT-1,0.054827,0.818698,0.000097,0.126379
AAGACTGCAAGCTACT-1,0.000161,0.881191,0.000161,0.118487
AAGAGATGAATCGGTA-1,0.000072,0.505358,0.000072,0.494498
AAGAGCTCTTTATCGG-1,0.081883,0.409547,0.000101,0.508469
AAGAGGATGTACGCGA-1,0.000042,0.492755,0.000042,0.50716
AAGAGGCATGGATCGC-1,0.110309,0.728488,0.000083,0.16112
AAGATGGCACCGGACC-1,0.044727,0.083572,0.257059,0.614642
AAGATTGGCGGAACGT-1,0.036444,0.725292,0.000056,0.238207
AAGCACCCTGCGTATC-1,0.000025,0.184456,0.060155,0.755364
AAGCATACTCTCCTGA-1,0.014527,0.000032,0.001357,0.984084
AAGCCACTTGCAGGTA-1,0.456895,0.094036,0.001628,0.44744
AAGCCGAAGCGGTTTA-1,0.000034,0.107092,0.323735,0.569139
AAGCCGCCGTGAAATC-1,0.415417,0.092461,0.274213,0.217909
AAGCCGCTTTACCTTG-1,0.02263,0.057214,0.397335,0.522821
AAGCCGGAGAGCAGGA-1,0.002271,0.013672,0.393323,0.590734
AAGCGCAGGGCTTTGA-1,0.010485,0.017146,0.365505,0.606864
AAGCGGAGTGCGCGCA-1,0.087418,0.0661,0.212945,0.633537
AAGCGGCGTCATGGGT-1,0.000024,0.000048,0.015675,0.984253
AAGCGTCCCTCATCGA-1,0.03013,0.318258,0.053443,0.598169
AAGCTAGATCGAGTAA-1,0.000027,0.309189,0.000754,0.69003
AAGCTATGGATTGACC-1,0.025003,0.05002,0.025005,0.899972
AAGCTCGTGCCAAGTC-1,0.000083,0.250804,0.011348,0.737765
AAGCTCTTTCATGGTG-1,0.000032,0.164944,0.020883,0.814141
AAGGAGAACTTATAAG-1,0.000023,0.414459,0.014426,0.571092
AAGGAGCGGTTGGTGC-1,0.000039,0.075552,0.000039,0.92437
AAGGATCGATCGCTTG-1,0.000035,0.311072,0.135394,0.553498
AAGGATGAGGGACCTC-1,0.039619,0.828244,0.00757,0.124567
AAGGCAGGCTGTCTCC-1,0.007346,0.274662,0.168402,0.54959
AAGGCGCGTAAAGCTT-1,0.000053,0.765835,0.00394,0.230172
AAGGCTGTGCTCATCG-1,0.000054,0.302381,0.01297,0.684594
AAGGGAACGACTGGCT-1,0.32113,0.039997,0.18575,0.453123
AAGGGACAGATTCTGT-1,0.000043,0.589107,0.000061,0.410789
AAGGGACTATGCATTC-1,0.053952,0.476746,0.413545,0.055757
AAGGGTTTGATTTCAG-1,0.999598,0.000089,0.000045,0.000268
AAGGTATCCTAATATA-1,0.009079,0.209694,0.000041,0.781187
AAGGTGATAAACCAGC-1,0.026395,0.416412,0.000083,0.55711
AAGTAAGCTTCCAAAC-1,0.02995,0.473531,0.000028,0.496491
AAGTAGAAGACCGGGT-1,0.012272,0.191695,0.00491,0.791123
AAGTAGTGACGCGAGG-1,0.000056,0.408319,0.073571,0.518055
AAGTCAATTGTCGTCA-1,0.003727,0.24861,0.311763,0.4359
AAGTCTAGTAGCTGCC-1,0.032043,0.086194,0.301592,0.58017
AAGTCTTCTGTGGCCT-1,0.612505,0.325464,0.061676,0.000355
AAGTGACGACCGAATT-1,0.000023,0.142474,0.009417,0.848086
AAGTGAGTCGGGTTTA-1,0.018939,0.126376,0.360435,0.494251
AAGTGCAAAGGTAGAC-1,0.002031,0.066662,0.002159,0.929147
AAGTGCCTTGACTGTA-1,0.000032,0.044484,0.091744,0.86374
AAGTGCGTTAGAATCT-1,0.007771,0.317688,0.014911,0.65963
AAGTGCTTCTCTATTG-1,0.315856,0.21058,0.252103,0.221461
AAGTGTTTGGAGACGG-1,0.000026,0.206937,0.003392,0.789645
AAGTTCACTCCAAGCT-1,0.013872,0.181449,0.020359,0.78432
AAGTTCAGTCTGCGTA-1,0.000033,0.197296,0.140697,0.661974
AAGTTCGGCCAACAGG-1,0.000035,0.756305,0.000035,0.243624
AAGTTGTGATGTTATA-1,0.056282,0.341534,0.230069,0.372116
AAGTTTACTAATGGCA-1,0.003313,0.000043,0.016976,0.979668
AAGTTTATGGGCCCAA-1,0.032461,0.275088,0.345897,0.346554
AATAACAACGCTCGGC-1,0.000045,0.605251,0.000481,0.394223
AATAACACTAGAACAA-1,0.000028,0.887075,0.000028,0.112868
AATAAGTCCTCGAGAC-1,0.000018,0.024554,0.022196,0.953232
AATAATCTTCGTATCG-1,0.000512,0.022468,0.133951,0.84307
AATACAATGTTTCAGG-1,0.015353,0.541406,0.000049,0.443192
AATACCGGAGGGCTGT-1,0.002718,0.50777,0.35218,0.137332
AATAGAACAGAGTGGC-1,0.000023,0.482346,0.000117,0.517515
AATAGAATCTGTTTCA-1,0.000123,0.756566,0.000123,0.243188
AATAGCAAGCCTCCTG-1,0.026826,0.055361,0.167196,0.750617
AATAGCTACCGCGTGC-1,0.00003,0.354503,0.346707,0.29876
AATAGGCACGACCCTT-1,0.010001,0.020006,0.010002,0.959991
AATAGTCCGTCCCGAC-1,0.000021,0.607865,0.001318,0.390796
AATAGTCGCGAGTCGG-1,0.00174,0.517414,0.00003,0.480816
AATATCAAGGTCGGAT-1,0.000013,0.000025,0.000542,0.99942
AATATCCTAGCAAACT-1,0.80429,0.000044,0.01709,0.178576
AATATCGAATCAATGC-1,0.000036,0.210735,0.462438,0.32679
AATATCGAGGGTTCTC-1,0.021728,0.080552,0.103644,0.794076
AATATTGGAGTATTGA-1,0.000023,0.366995,0.000023,0.63296
AATCAGACTGCAGGAC-1,0.000082,0.385714,0.000082,0.614122
AATCAGGTTTCATTTA-1,0.168216,0.215973,0.125014,0.490797
AATCATGTAAAGACTC-1,0.049304,0.629142,0.003059,0.318495
AATCCAAGGGCCTGAG-1,0.056269,0.64198,0.021867,0.279885
AATCCATGCAAGGGTG-1,0.000028,0.33616,0.008116,0.655696
AATCCCGCTCAGAGCC-1,0.000056,0.000112,0.000056,0.999777
AATCGAGGTCTCAAGG-1,0.000245,0.00049,0.000245,0.999019
AATCGCCTCAGCGCCA-1,0.126159,0.767753,0.000101,0.105987
AATCGCGCAGAGGACT-1,0.000642,0.174959,0.144481,0.679918
AATCGGGACACTACGA-1,0.000013,0.000026,0.000013,0.999949
AATCGTGAGCCGAGCA-1,0.010293,0.183748,0.464221,0.341739
AATCTAGGTTTACTTG-1,0.028258,0.182615,0.073416,0.715711
AATCTATGCCGGAGCC-1,0.000035,0.373996,0.234358,0.391611
AATCTCTACTGTGGTT-1,0.018683,0.123041,0.007198,0.851078
AATCTGCGTTGGGACG-1,0.000064,0.790533,0.000064,0.209338
AATCTGGCTTTCTAGT-1,0.017177,0.141948,0.314724,0.526151
AATCTGGGTAGACCCT-1,0.000086,0.682357,0.027874,0.289684
AATGACAGCAATGTCT-1,0.000048,0.63336,0.000048,0.366544
AATGACGTAGGATGTC-1,0.000067,0.522229,0.002326,0.475378
AATGACTGTCAGCCGG-1,0.0244,0.075302,0.004537,0.89576
AATGAGTTCGCATATG-1,0.000017,0.010102,0.000017,0.989865
AATGATGATACGCTAT-1,0.000024,0.067392,0.019767,0.912818
AATGATGCGACTCCTG-1,0.012267,0.026354,0.016035,0.945344
AATGCAACCGGGTACC-1,0.002319,0.022956,0.006744,0.967981
AATGCACCAAGCAATG-1,0.000027,0.060942,0.039724,0.899307
AATGGCCGCCAATGCG-1,0.027958,0.013201,0.399037,0.559804
AATGGTCCACCGTTCA-1,0.000038,0.334674,0.000038,0.66525
AATGGTTCTCACAAGC-1,0.019166,0.518019,0.000049,0.462766
AATGTATGGCACTGTA-1,0.925431,0.000053,0.027354,0.047162
AATGTGCCCGAGGTGT-1,0.108127,0.147398,0.115392,0.629084
AATGTGCTAATCTGAG-1,0.098552,0.166929,0.384237,0.350281
AATGTTAAGACCCTGA-1,0.000027,0.238562,0.035442,0.725968
AATTAAAGGTCGGCGT-1,0.000045,0.098158,0.044974,0.856823
AATTAACGGATTTCCA-1,0.000031,0.281849,0.005812,0.712308
AATTACGAGACCCATC-1,0.964689,0.002951,0.004877,0.027483
AATTAGCGCTGCAGCG-1,0.00002,0.050534,0.012243,0.937203
AATTATACCCAGCAAG-1,0.000034,0.449224,0.099733,0.451009
AATTCATAAGGGATCT-1,0.019017,0.327673,0.002175,0.651135
AATTCATTGTCATGCA-1,0.879529,0.000049,0.05576,0.064662
AATTCCAAGCATGTAC-1,0.002666,0.485922,0.09622,0.415192
AATTCGATTCGAGGAT-1,0.001936,0.266683,0.332622,0.398759
AATTCTAGAGTTAGGC-1,0.00007,0.913608,0.00007,0.086251
AATTGAACGCTCTGGT-1,0.000119,0.999048,0.000119,0.000714
AATTGCAGCAATCGAC-1,0.041775,0.049143,0.397058,0.512025
AATTGCGTGGATTACA-1,0.880931,0.06605,0.00905,0.043968
AATTGTGGTTGCCAAA-1,0.149121,0.492603,0.351735,0.006542
AATTTGGGACATAGTA-1,0.000051,0.418176,0.000051,0.581721
AATTTGGTTCCAAAGA-1,0.000038,0.076966,0.004679,0.918317
ACAAACCATGCGTCCT-1,0.783087,0.000022,0.000011,0.21688
ACAAACCGACAAGGCG-1,0.019909,0.203603,0.000042,0.776446
ACAAACTCCATCAGAG-1,0.241565,0.157053,0.0002,0.601182
ACAAAGAAGGTAGGCC-1,0.722908,0.088345,0.074103,0.114644
ACAAAGCATGACCTAG-1,0.00059,0.042598,0.26612,0.690692
ACAAATCGCACCGAAT-1,0.000046,0.469803,0.003185,0.526966
ACAAATGGTAGTGTTT-1,0.034326,0.700854,0.000121,0.264699
ACAAATTCAGATCTGA-1,0.000041,0.220325,0.232662,0.546972
ACAACAGCATGAGCTA-1,0.011609,0.473402,0.000128,0.514862
ACAACGGTCCCTGCGA-1,0.001591,0.545281,0.004802,0.448326
ACAAGCAGTGCCTAGC-1,0.000027,0.1013,0.026561,0.872112
ACAAGCTATATGGAAG-1,0.780075,0.136425,0.000064,0.083436
ACAAGGAAATCCGCCC-1,0.000028,0.079722,0.021316,0.898934
ACAAGGACAAGAGGTT-1,0.00003,0.220481,0.007113,0.772376
ACAAGGATGCTTTAGG-1,0.00149,0.262561,0.112625,0.623324
ACAAGGCCTACCAGCC-1,0.000038,0.087341,0.326768,0.585853
ACAAGGGCAGGCTCTG-1,0.000022,0.0124,0.019991,0.967588
ACAAGTAATTGTAAGG-1,0.014288,0.028581,0.01429,0.942841
ACAATAGTCGTACGTT-1,0.013228,0.377381,0.032154,0.577237
ACAATCCATTTAAACC-1,0.000041,0.48839,0.012309,0.49926
ACAATCGATCTTTATA-1,0.000015,0.078908,0.029847,0.891231
ACAATGAATACGGAGA-1,0.00003,0.439675,0.002348,0.557946
ACAATGATTCTTCTAC-1,0.00156,0.004243,0.516294,0.477903
ACAATTGTGTCTCTTT-1,0.146403,0.338463,0.000087,0.515047
ACAATTTAGGAGGCTC-1,0.082116,0.628719,0.000047,0.289118
ACAATTTGGCCATATT-1,0.006295,0.00164,0.423522,0.568544
ACACAAAGACGGGTGG-1,0.000028,0.030979,0.018346,0.950646
ACACAAATATTCCTAG-1,0.00308,0.030739,0.245135,0.721046
ACACACCAGGACCAGT-1,0.276146,0.390394,0.000095,0.333365
ACACACTTTCTACACG-1,0.000032,0.006926,0.000032,0.993009
ACACATGATCAAATCT-1,0.796714,0.203062,0.000032,0.000192
ACACATTTCCGTAGAC-1,0.007089,0.176307,0.191156,0.625449
ACACCACATAATTAGC-1,0.003194,0.430145,0.2115,0.355161
ACACCCAGCATGCAGC-1,0.000025,0.002475,0.003766,0.993734
ACACCCGAGAAATCCG-1,0.022673,0.453412,0.008899,0.515016
ACACCCGTAAATCTGT-1,0.015195,0.140377,0.436687,0.407741
ACACCGAGCGCTCTTT-1,0.000066,0.480454,0.000066,0.519413
ACACCGGTCTGACCGC-1,0.877322,0.049919,0.051996,0.020763
ACACCTTAAGTAGGGC-1,0.000042,0.279275,0.008711,0.711973
ACACCTTACTACTTGC-1,0.012532,0.140523,0.084241,0.762703
ACACGAGACTCCTTCT-1,0.000045,0.161207,0.000045,0.838704
ACACGGCACTATGCAT-1,0.000024,0.028629,0.022216,0.949131
ACACGGGAACTTAGGG-1,0.000098,0.743401,0.005603,0.250898
ACACGTAGGCCACAAG-1,0.051963,0.356517,0.243302,0.348218
ACACTCCAATGTCACT-1,0.018054,0.289553,0.000515,0.691878
ACACTGATCAAGGTGT-1,0.000031,0.3664,0.000031,0.633539
ACACTGGGACAGTCGT-1,0.054701,0.299792,0.427377,0.218131
ACAGAACTGAGAACAA-1,0.04534,0.55542,0.035212,0.364028
ACAGATTAGGTTAGTG-1,0.00003,0.161298,0.046088,0.792584
ACAGCATAGAGCCAGT-1,0.000018,0.013542,0.016812,0.969629
ACAGCGACATTCTCAT-1,0.150935,0.717088,0.126534,0.005443
ACAGCGCACCCGCAGC-1,0.030515,0.807332,0.000074,0.162079
ACAGGCACGGATCCTT-1,0.004636,0.000013,0.544341,0.45101
ACAGGCTTGCCCGACT-1,0.000034,0.331416,0.064012,0.604537
ACAGGTGGAGGTGAGG-1,0.000024,0.448389,0.006482,0.545106
ACAGGTGTGTTGTTGC-1,0.814708,0.185112,0.000026,0.000155
ACAGTAATACAACTTG-1,0.034253,0.258182,0.020878,0.686688
ACAGTATACCGTGGGA-1,0.00315,0.00002,0.083393,0.913436
ACAGTGCAGCGCATTT-1,0.011905,0.005997,0.587959,0.394138
ACATAAGTCGTGGTGA-1,0.416004,0.175091,0.020621,0.388284
ACATAATAAGGCGGTG-1,0.000038,0.000076,0.000038,0.999848
ACATCAGCTGGGACGC-1,0.000043,0.815884,0.000043,0.18403
ACATCCCGGCCATACG-1,0.000021,0.100962,0.000021,0.898996
ACATCCTGGTAACTGT-1,0.001359,0.072901,0.053929,0.87181
ACATCGATCGTTTACC-1,0.017291,0.205541,0.000043,0.777126
ACATCGCAATATTCGG-1,0.319494,0.013336,0.006668,0.660502
ACATCGGTCAGCCGCG-1,0.000073,0.788587,0.000073,0.211266
ACATCGTATGCAATGG-1,0.016064,0.610329,0.00008,0.373528
ACATCGTTAACCTAGT-1,0.000025,0.00005,0.000612,0.999313
ACATCTCAACGCGTAA-1,0.000024,0.000063,0.001529,0.998383
ACATGCTTACGGCAGC-1,0.610711,0.266241,0.000106,0.122943
ACATGGCGCCAAAGTA-1,0.013494,0.322773,0.144462,0.519271
ACATTAGTTTATATCC-1,0.000051,0.337214,0.0138,0.648935
ACATTCGCGCGGAATA-1,0.52145,0.478134,0.00006,0.000357
ACATTTGAAACCTAAC-1,0.000021,0.222539,0.202585,0.574856
ACCAAACACCCAGCGA-1,0.000012,0.239579,0.159788,0.600622
ACCAAACTAGAAATCC-1,0.014226,0.019029,0.025624,0.941122
ACCAACACCACACACT-1,0.006021,0.0004,0.025419,0.96816
ACCAACCGCACTCCAC-1,0.005811,0.000012,0.257636,0.736541
ACCAACGCTTATTTAT-1,0.000039,0.665865,0.000039,0.334058
ACCAAGAACGCGTGTC-1,0.000054,0.466998,0.006603,0.526345
ACCAATATGCAAGTTA-1,0.000033,0.193366,0.000033,0.806568
ACCACAACTCAGAACA-1,0.020915,0.812227,0.000076,0.166782
ACCACAAGTTTCTATC-1,0.000248,0.129389,0.045826,0.824537
ACCACACGGTTGATGG-1,0.000028,0.134738,0.061743,0.803491
ACCACCAATGTAACAA-1,0.000036,0.324179,0.079543,0.596242
ACCACCCTCTCTTCTA-1,0.000014,0.00692,0.292801,0.700265
ACCACGTGCAGCTATA-1,0.000022,0.000044,0.000022,0.999912
ACCAGACCATAACAAC-1,0.498019,0.317802,0.055654,0.128525
ACCAGCCCGGTCTTTG-1,0.000024,0.018451,0.060397,0.921128
ACCAGGAGTGTGATCT-1,0.000055,0.713197,0.026013,0.260734
ACCAGTGCCCGGTCAA-1,0.000027,0.117781,0.047626,0.834566
ACCAGTGCGGGAGACG-1,0.23323,0.38425,0.000114,0.382406
ACCATATCCGCAATAA-1,0.052379,0.808824,0.000759,0.138038
ACCATCCGCCAACTAG-1,0.003061,0.155289,0.102098,0.739553
ACCATCGTATATGGTA-1,0.000069,0.406089,0.059554,0.534289
ACCCAACGCCCGTGGC-1,0.000042,0.239861,0.038711,0.721386
ACCCACCTACATGCTC-1,0.007431,0.353561,0.003405,0.635603
ACCCATCTTGAGGGTA-1,0.000056,0.356853,0.000056,0.643035
ACCCATTTGTCCCTCT-1,0.168429,0.349888,0.114031,0.367652
ACCCGAGCGAAATTAC-1,0.127411,0.330664,0.118453,0.423472
ACCCGATTGGTTCCGA-1,0.114851,0.632738,0.01789,0.234521
ACCCGGAAACTCCCAG-1,0.000019,0.099277,0.000022,0.900682
ACCCGGAGCACCACAA-1,0.00001,0.006442,0.294989,0.698558
ACCCGGATGACGCATC-1,0.000036,0.180867,0.012232,0.806865
ACCCGGTTACACTTCC-1,0.000032,0.041148,0.044745,0.914075
ACCCGTAGCAGAGAAT-1,0.65806,0.3415,0.000063,0.000377
ACCCGTGTCATCAGTA-1,0.000035,0.685857,0.000035,0.314074
ACCCTATAGGACTGAG-1,0.03818,0.014891,0.000015,0.946914
ACCCTATGCCATATCG-1,0.000021,0.086416,0.008387,0.905177
ACCCTCCCGTCAGGGC-1,0.028164,0.000005,0.039364,0.932467
ACCCTCCCTTGCTATT-1,0.039983,0.201141,0.041836,0.717039
ACCCTGGTAACGCCCT-1,0.006887,0.084367,0.324538,0.584208
ACCCTTCATCTGCGAA-1,0.000055,0.221616,0.004846,0.773484
ACCCTTGCCTGGGTCG-1,0.031906,0.12626,0.372969,0.468865
ACCCTTTAGTTCTCCA-1,0.000057,0.491832,0.048839,0.459272
ACCGAAAGGGCCCTGC-1,0.00003,0.431228,0.002873,0.565869
ACCGAAGAGTCTGGTT-1,0.898394,0.000053,0.008385,0.093168
ACCGACACATCTCCCA-1,0.001396,0.423262,0.091384,0.483958
ACCGACTGAGTCCCAC-1,0.000105,0.977741,0.000105,0.022048
ACCGAGTCTCCTTATT-1,0.002227,0.464084,0.235828,0.29786
ACCGATAGGCATAACC-1,0.015862,0.062714,0.361591,0.559834
ACCGATATTTAATCAT-1,0.000493,0.088015,0.380755,0.530737
ACCGATGGTAGCATCG-1,0.003264,0.757875,0.000063,0.238797
ACCGCAATAACTGCCT-1,0.000043,0.317782,0.000043,0.682132
ACCGCGGTGGAAGTCG-1,0.000031,0.026129,0.104004,0.869836
ACCGCTAGTCATTGGT-1,0.520208,0.436659,0.042755,0.000377
ACCGGGCCTTTGTTGA-1,0.045914,0.745884,0.190718,0.017485
ACCGGTCAGGTACACC-1,0.486106,0.000028,0.000014,0.513851
ACCGGTCTGAGTACGG-1,0.000038,0.035484,0.119571,0.844907
ACCGTCCACTGGGCCC-1,0.999822,0.00004,0.00002,0.000119
ACCGTGACCACGTGGG-1,0.016565,0.191235,0.002105,0.790095
ACCGTTCCCGCTCTGA-1,0.003188,0.093186,0.078571,0.825055
ACCTAAGTACCTTTCA-1,0.000038,0.354568,0.019314,0.62608
ACCTAATCGACTTCCT-1,0.000039,0.130468,0.142206,0.727287
ACCTACAGTATGTGGT-1,0.000054,0.546228,0.08435,0.369367
ACCTACTATAAATCTA-1,0.001483,0.406475,0.323806,0.268237
ACCTCCGCCCTCGCTG-1,0.005134,0.392545,0.34984,0.252481
ACCTCCGTTATTCACC-1,0.000028,0.193342,0.24454,0.56209
ACCTCGAACTTATGCT-1,0.87497,0.094253,0.027415,0.003362
ACCTGCGTGTCATGTT-1,0.004635,0.301245,0.005765,0.688355
ACCTTTCCTTTAGAAG-1,0.000035,0.19288,0.145047,0.662039
ACGAAATGGGCGGCAC-1,0.000017,0.00736,0.064994,0.927629
ACGACCCATGAGTTGC-1,0.006679,0.125823,0.405567,0.461932
ACGACTCTAGGGCCGA-1,0.000019,0.085159,0.290176,0.624646
ACGACTGGTCATACTC-1,0.010635,0.609399,0.116866,0.2631
ACGAGAACCCATCACG-1,0.010734,0.000682,0.000013,0.988571
ACGAGATATTTGCTTA-1,0.000049,0.383719,0.000049,0.616184
ACGAGGATACCACTCT-1,0.012184,0.161346,0.244355,0.582115
ACGAGGTTTACAACGT-1,0.877584,0.028947,0.024971,0.068498
ACGAGTACGGATGCCC-1,0.000019,0.000765,0.034713,0.964503
ACGATACATAGAACTA-1,0.118504,0.437186,0.003903,0.440407
ACGATACCTATCCTGA-1,0.674083,0.264814,0.048166,0.012937
ACGATCATACATAGAG-1,0.000057,0.270841,0.000057,0.729044
ACGATCATCTTGTAAA-1,0.000035,0.138255,0.063257,0.798452
ACGATGCATATGTTAT-1,0.007311,0.254632,0.000039,0.738018
ACGATGGATCCGATGC-1,0.000023,0.000046,0.000023,0.999909
ACGCAAACTAATAGAT-1,0.027381,0.083222,0.262824,0.626572
ACGCAATCACTACAGC-1,0.062389,0.266045,0.169748,0.501819
ACGCATAAATGACATG-1,0.026135,0.000033,0.302069,0.671763
ACGCATACGTTTACTA-1,0.076494,0.455179,0.0929,0.375428
ACGCATTCGTGAGTAC-1,0.020306,0.979095,0.000086,0.000513
ACGCCACTCGAAACAG-1,0.025485,0.437275,0.011192,0.526048
ACGCCAGATGATTTCT-1,0.000033,0.02847,0.009464,0.962033
ACGCCAGTGCGTTTGC-1,0.005784,0.101023,0.179742,0.713451
ACGCCCAGCTGTCGAT-1,0.001958,0.002165,0.000869,0.995009
ACGCCGCTAGACGACC-1,0.000021,0.000042,0.000021,0.999917
ACGCGAAGTCAGACGA-1,0.000021,0.0511,0.000021,0.948858
ACGCGCTACACAGGGT-1,0.000033,0.455598,0.000033,0.544336
ACGCGGGCCAAGGACA-1,0.000122,0.999023,0.000122,0.000733
ACGCGTTTCTTAAGAG-1,0.037849,0.546646,0.000034,0.415471
ACGCTAGTATCAGTGC-1,0.000019,0.206247,0.510227,0.283508
ACGCTAGTGATACACT-1,0.000027,0.139213,0.029285,0.831475
ACGCTGTGAGGCGTAG-1,0.000037,0.23062,0.003495,0.765849
ACGCTTAGTGTCTCTC-1,0.205429,0.611656,0.000089,0.182826
ACGGAACACGAGTGCC-1,0.004349,0.162193,0.124359,0.709099
ACGGAATTTAGCAAAT-1,0.000021,0.133915,0.011592,0.854472
ACGGACGCAGCGACAA-1,0.628967,0.000083,0.000041,0.370909
ACGGACTCTCAAAGCG-1,0.035258,0.246318,0.079684,0.638739
ACGGAGCGCAAATTAC-1,0.000027,0.221577,0.173684,0.604713
ACGGATGGTGCGGATA-1,0.000032,0.085764,0.064206,0.849999
ACGGCACTTGCTTGGG-1,0.000029,0.272814,0.014207,0.71295
ACGGCCAACATGGACT-1,0.000035,0.563835,0.015802,0.420328
ACGGCGACGATGGGAA-1,0.000027,0.002715,0.000908,0.99635
ACGGCGGGTTGCCCTG-1,0.000047,0.693524,0.000081,0.306348
ACGGCTGGATGTAGAA-1,0.827304,0.110914,0.000048,0.061734
ACGGGAGTGTCGGCCC-1,0.007119,0.256519,0.05505,0.681312
ACGGGCGTATGCGACA-1,0.015265,0.001984,0.038702,0.944049
ACGGGTCATGTGACTT-1,0.033593,0.388911,0.024422,0.553074
ACGGGTTGTGACCTGT-1,0.775308,0.128042,0.000056,0.096594
ACGGTACAGTTCAATG-1,0.000025,0.244065,0.261393,0.494518
ACGGTCACCGAGAACA-1,0.801636,0.176021,0.000043,0.022299
ACGTACAGATTTCTCT-1,0.005893,0.113469,0.044426,0.836211
ACGTACTTTGGCACGG-1,0.485114,0.120554,0.000028,0.394305
ACGTAGATTGCTGATG-1,0.000132,0.638372,0.000132,0.361363
ACGTAGGAGAGTCGCT-1,0.004147,0.03974,0.15358,0.802533
ACGTATTACTCCGATC-1,0.000069,0.335615,0.084025,0.58029
ACGTCCTAAACGAGAT-1,0.000025,0.234913,0.011082,0.75398
ACGTCGGGCAACTCGG-1,0.582541,0.294035,0.000093,0.123331
ACGTCTCGTTCCGGGA-1,0.281718,0.264948,0.191708,0.261626
ACGTGACAAAGTAAGT-1,0.896606,0.000067,0.000033,0.103294
ACGTGCGCCTCGTGCA-1,0.000093,0.234624,0.006229,0.759054
ACGTGGTCGAATGTGC-1,0.0111,0.471055,0.008381,0.509464
ACGTTAATGTCGAAGA-1,0.014058,0.507287,0.000055,0.478601
ACGTTAGATTTGCCCG-1,0.000061,0.304169,0.119565,0.576205
ACGTTATTGGTCACTC-1,0.000064,0.57996,0.001701,0.418275
ACGTTCACTATGCCGC-1,0.358214,0.482203,0.000072,0.15951
ACGTTCCGCGCTCCGT-1,0.000032,0.319717,0.000802,0.679449
ACGTTCGCAATCAATT-1,0.000221,0.262843,0.12759,0.609347
ACGTTCGTTCAGGAAA-1,0.000019,0.4127,0.162385,0.424896
ACGTTCTGTACAAGTC-1,0.001633,0.013945,0.385272,0.59915
ACGTTGTCGTTGAAAG-1,0.453671,0.459689,0.000141,0.0865
ACGTTTAGTTGTGATC-1,0.000042,0.03941,0.000042,0.960506
ACTAAGGACGCACACC-1,0.097853,0.003459,0.111318,0.787371
ACTAATACGTCAGGCG-1,0.000029,0.001076,0.013203,0.985692
ACTACAAAGAGAGGTG-1,0.000015,0.366228,0.011912,0.621846
ACTACATCCCGACAAG-1,0.632538,0.008575,0.20402,0.154867
ACTACCAGCTCTCTGG-1,0.042104,0.07327,0.010772,0.873854
ACTACCATCCGAGGGC-1,0.617597,0.251144,0.000055,0.131204
ACTACGCGTTAGAATT-1,0.022864,0.069081,0.169826,0.738229
ACTAGTTGCGATCGTC-1,0.125807,0.52776,0.089121,0.257311
ACTATATGCTGTGTTC-1,0.007397,0.114841,0.287212,0.59055
ACTATCCAGGGCATGG-1,0.000036,0.202141,0.191299,0.606524
ACTATCTGCCCGCGTA-1,0.000026,0.073588,0.338369,0.588016
ACTATGTCCAGCTGCC-1,0.415736,0.044138,0.000264,0.539862
ACTATTCGTCCGTGGT-1,0.000025,0.000049,0.000025,0.999901
ACTATTTCCGGGCCCA-1,0.000028,0.456101,0.005346,0.538525
ACTCAACGAATGTATT-1,0.000008,0.000015,0.000008,0.99997
ACTCAAGTGCAAGGCT-1,0.000021,0.093389,0.106401,0.800189
ACTCAATAAAGGCACG-1,0.019615,0.64106,0.000069,0.339255
ACTCAGACCTGCTTCT-1,0.000016,0.000031,0.000016,0.999938
ACTCATGGCAGCCTTC-1,0.68061,0.000027,0.037673,0.28169
ACTCCAATATCATCAT-1,0.049562,0.273689,0.059697,0.617053
ACTCCCATTCCTAAAG-1,0.00005,0.728822,0.003415,0.267713
ACTCCCGAATTCGTTT-1,0.000055,0.313861,0.136692,0.549393
ACTCCCGTAGACTAGG-1,0.000017,0.165248,0.171304,0.663431
ACTCCCTAATGCTAAA-1,0.000021,0.12601,0.014131,0.859839
ACTCCCTAGAATAGTA-1,0.000048,0.234778,0.000048,0.765127
ACTCCGGCCGACCACT-1,0.000026,0.279373,0.368332,0.352269
ACTCGATGTATTTCAT-1,0.000049,0.455904,0.000049,0.543998
ACTCGCGATCTGACGC-1,0.04727,0.14165,0.301883,0.509197
ACTCGTAACCCGTCCT-1,0.038948,0.547149,0.000042,0.413861
ACTCGTCAGTAATCCC-1,0.022461,0.420117,0.000077,0.557345
ACTCTAAACCTGGGAT-1,0.543289,0.259682,0.000044,0.196985
ACTCTCTGACTTAGGT-1,0.00013,0.645407,0.00013,0.354333
ACTCTCTTATACACGA-1,0.0218,0.651686,0.011221,0.315293
ACTCTGACCTAATAGA-1,0.001275,0.013725,0.597663,0.387337
ACTCTTCAGCTCCCGC-1,0.015046,0.002802,0.446223,0.535929
ACTCTTGTATAGTAAC-1,0.053456,0.70155,0.000132,0.244862
ACTGAAACGCCGTTAG-1,0.000036,0.158669,0.084917,0.756377
ACTGAATGGCGAAAGT-1,0.035994,0.454698,0.000058,0.509251
ACTGATTTAGTGATTC-1,0.000112,0.752887,0.000112,0.24689
ACTGCCCGCCATTCTC-1,0.258597,0.483845,0.166247,0.091311
ACTGCCGTCGTAACTC-1,0.000033,0.008831,0.003484,0.987652
ACTGCGGACACACCGT-1,0.00003,0.498236,0.18005,0.321683
ACTGCTCGGAAGGATG-1,0.409145,0.000037,0.000018,0.590799
ACTGGCGAACCTGCGT-1,0.041038,0.310173,0.30643,0.342359
ACTGGGATGCCAGTGC-1,0.000025,0.469717,0.147658,0.382601
ACTGTAGCACTTTGGA-1,0.000033,0.044426,0.004379,0.951161
ACTGTATACGCGAGCA-1,0.003594,0.000029,0.017455,0.978922
ACTGTCCAGGATTATA-1,0.002106,0.290568,0.045649,0.661676
ACTGTCTTCTTTAGAA-1,0.014131,0.322861,0.000062,0.662946
ACTGTGCTAGTAGATC-1,0.000029,0.139838,0.000029,0.860104
ACTGTTTAGTGTAGGC-1,0.000039,0.235953,0.001006,0.763002
ACTTACCGGGCGCGCA-1,0.000026,0.006949,0.025838,0.967186
ACTTACGCATCCACGC-1,0.000039,0.200929,0.006164,0.792868
ACTTAGTACGACAAGA-1,0.000045,0.000303,0.000145,0.999506
ACTTATACTTACCCGG-1,0.000064,0.868824,0.000064,0.131048
ACTTATCTGATCTATA-1,0.000073,0.158041,0.000073,0.841813
ACTTATTAGGATCGGT-1,0.000075,0.539442,0.000075,0.460407
ACTTATTTATGTGCCA-1,0.036864,0.660644,0.016652,0.285841
ACTTCAGGCTGATCCC-1,0.000022,0.162881,0.000024,0.837073
ACTTCCAGTGGAAGCT-1,0.88448,0.000083,0.006362,0.109075
ACTTCCATGCGGGACA-1,0.003013,0.025291,0.034119,0.937577
ACTTCCTGTCGTGCGA-1,0.057794,0.224893,0.488699,0.228614
ACTTCGCCATACGCAC-1,0.033563,0.295678,0.000064,0.670695
ACTTCGCTAGCGAGTG-1,0.0518,0.11879,0.344223,0.485187
ACTTGACTCCCTCTTT-1,0.017381,0.196181,0.116065,0.670374
ACTTGCCATATTGTAC-1,0.010641,0.051277,0.009506,0.928576
ACTTGCTCTATCTACC-1,0.834069,0.164785,0.000164,0.000982
ACTTGGGACCCGGTGG-1,0.000022,0.00331,0.001428,0.995239
ACTTGGGCTTTCGCCA-1,0.003847,0.33899,0.634079,0.023084
ACTTGTAGTCCCTTCA-1,0.076775,0.265925,0.000054,0.657246
ACTTGTGGATGGAACG-1,0.047422,0.25947,0.358625,0.334483
ACTTGTTACCGGATCA-1,0.000023,0.201817,0.034701,0.763459
ACTTTACCCTCATGAA-1,0.004546,0.359138,0.108146,0.528171
ACTTTATACACCACTT-1,0.61063,0.191752,0.000067,0.197551
ACTTTCCTATAGCTTC-1,0.122161,0.710818,0.000099,0.166922
ACTTTGACTGCATCCT-1,0.000029,0.245326,0.00098,0.753665
ACTTTGGTCGTGCTCC-1,0.799478,0.071983,0.081894,0.046645
ACTTTGTCGACGCACT-1,0.009353,0.065642,0.349242,0.575763
AGAAATTATGACTCGC-1,0.002055,0.006435,0.398525,0.592986
AGAACACGGCGATGGT-1,0.567461,0.426876,0.000114,0.005549
AGAACCCAGCGTGACA-1,0.005735,0.295427,0.459891,0.238947
AGAACCCTCAATTGGG-1,0.924998,0.000053,0.000041,0.074908
AGAACGTGGTACATTC-1,0.000094,0.822748,0.000094,0.177064
AGAACTGTACTTTGTA-1,0.001839,0.202256,0.176224,0.61968
AGAAGAGCGCCGTTCC-1,0.056824,0.166488,0.000518,0.776169
AGAAGGTACACTTCAC-1,0.218906,0.08508,0.036582,0.659432
AGAAGGTTGCCGAATT-1,0.000044,0.264836,0.026126,0.708994
AGAAGGTTGTAGGTCG-1,0.016297,0.002119,0.085466,0.896119
AGAAGTGATTCGTGAT-1,0.000094,0.889769,0.000094,0.110044
AGAATAAATCTTCAGG-1,0.068803,0.407287,0.000037,0.523873
AGAATGCGGGTTCGGA-1,0.000024,0.133666,0.218344,0.647966
AGAATTATGGATTCGA-1,0.000037,0.265489,0.000037,0.734436
AGAATTGTTTGACATA-1,0.000013,0.085097,0.004188,0.910702
AGACAGCTCAGAATCC-1,0.027733,0.428285,0.000028,0.543954
AGACAGGCATCTCAGC-1,0.009605,0.095451,0.366019,0.528925
AGACATAGATCCTTCC-1,0.005701,0.000025,0.025846,0.968427
AGACCAAACCACACCT-1,0.619474,0.000048,0.000024,0.380454
AGACCATGGGATACAA-1,0.000029,0.107504,0.002672,0.889796
AGACCCACCGCTGATC-1,0.000038,0.450795,0.000038,0.549129
AGACCCGCCCTCCTCG-1,0.00003,0.096362,0.059112,0.844496
AGACCGCTCCGCGGTT-1,0.006245,0.025532,0.476278,0.491945
AGACCGGGAAACCCTG-1,0.000033,0.565964,0.000033,0.433969
AGACGAAGTGCCGGTC-1,0.000072,0.337563,0.014143,0.648222
AGACGACGATGCCGCT-1,0.000026,0.407992,0.022171,0.569812
AGACGCCCACTTCGCC-1,0.00303,0.010059,0.287332,0.699579
AGACGGGATTGGTATA-1,0.069636,0.604217,0.000139,0.326008
AGACGGGCCGATTTAA-1,0.000015,0.000279,0.008042,0.991664
AGACTAGCCTTCCAGA-1,0.000024,0.018552,0.00084,0.980584
AGACTGTTACCGGGTC-1,0.011208,0.189473,0.30536,0.493959
AGAGAAACACCAGAAA-1,0.132833,0.255659,0.221799,0.389708
AGAGAACCGTCTAGGA-1,0.000073,0.967505,0.000073,0.032349
AGAGAAGGAGTACAAT-1,0.0103,0.530302,0.00072,0.458678
AGAGATCTCTAAAGCG-1,0.00799,0.309472,0.036716,0.645821
AGAGCAGTTATGAGAC-1,0.137749,0.047901,0.001397,0.812952
AGAGCCGCCGAGATTT-1,0.061024,0.532731,0.356185,0.05006
AGAGCGCTTGTAACGG-1,0.010836,0.256431,0.371311,0.361422
AGAGCGGGCTAATCAT-1,0.000027,0.000054,0.000027,0.999892
AGAGCGTACAAGCTCG-1,0.001552,0.133398,0.002409,0.862642
AGAGCTACGAAAGCAT-1,0.000044,0.673367,0.000044,0.326546
AGAGGCTTCGGAAACC-1,0.016308,0.387858,0.057461,0.538373
AGAGGGACAATTGTCC-1,0.002117,0.181995,0.417112,0.398777
AGAGGTATCTCGGTCC-1,0.00002,0.028781,0.017741,0.953458
AGAGTAAACTTCACTA-1,0.000031,0.129388,0.288029,0.582551
AGAGTATAGTGTTACG-1,0.000021,0.223745,0.148107,0.628126
AGAGTGAACAGACACC-1,0.028439,0.002818,0.4213,0.547443
AGAGTTAGAGACCGAT-1,0.000037,0.010006,0.090545,0.899412
AGAGTTGCAGGCCTCC-1,0.031381,0.002855,0.353471,0.612292
AGATAACTTCAGGGCC-1,0.000047,0.288699,0.040262,0.670992
AGATAATCACACCTAT-1,0.012505,0.025005,0.012504,0.949986
AGATACCAGCACTTCA-1,0.014835,0.060966,0.233253,0.690946
AGATACCGGTGTTCAC-1,0.000051,0.494331,0.000051,0.505567
AGATACGACTTCATAT-1,0.039607,0.101344,0.040665,0.818383
AGATACTCAAGATCGA-1,0.00008,0.803069,0.00008,0.19677
AGATATAATACGACTA-1,0.000026,0.487203,0.079209,0.433562
AGATCGTGCATAAGAT-1,0.000026,0.145322,0.031116,0.823537
AGATCTCAGGTGTGAT-1,0.187703,0.527113,0.000101,0.285082
AGATCTGGAGAGGATA-1,0.635783,0.286557,0.000111,0.077549
AGATGACTCGCCCACG-1,0.017759,0.044303,0.037572,0.900366
AGATGAGGGTTGCGAT-1,0.000022,0.00245,0.014204,0.983325
AGATGATGGAGTCTGG-1,0.000035,0.221046,0.046423,0.732496
AGATGCAAGACGTGCA-1,0.02908,0.133418,0.000027,0.837475
AGATGCATCCTGTGTC-1,0.807659,0.174744,0.000059,0.017538
AGATTATAGGACGTTT-1,0.009885,0.656524,0.000094,0.333497
AGATTCAAGCGGGTCG-1,0.000024,0.000814,0.361683,0.637478
AGATTCACAACCGATA-1,0.29109,0.432427,0.107195,0.169287
AGCAAAGGCCGCTAGT-1,0.000016,0.214202,0.135905,0.649877
AGCAACATATCTTATT-1,0.00011,0.973978,0.00011,0.025803
AGCAACCGAAAGTAAT-1,0.088691,0.090656,0.216779,0.603873
AGCACACGTTTAGACT-1,0.639376,0.309087,0.01277,0.038767
AGCACCAGTACTCACG-1,0.000083,0.825995,0.000083,0.173838
AGCACTACCGGCCTGT-1,0.000036,0.398055,0.005145,0.596763
AGCACTACCTCACCAG-1,0.000016,0.103072,0.056623,0.840289
AGCACTTAAGGACGCC-1,0.043353,0.579924,0.007449,0.369273
AGCAGAAGGAGAAAGA-1,0.000021,0.028901,0.172988,0.79809
AGCAGCCAGATGAATA-1,0.000036,0.575853,0.000036,0.424076
AGCAGTCGAAGCATGC-1,0.004992,0.375678,0.074842,0.544488
AGCATATCAATATGCT-1,0.217216,0.459982,0.000179,0.322623
AGCATCATTTCGAAAG-1,0.000395,0.257276,0.0166,0.725728
AGCATCGTCGATAATT-1,0.022981,0.295491,0.025647,0.655881
AGCCAAGCTTTGTGTC-1,0.000008,0.162349,0.079032,0.758611
AGCCACAGGTTACCCG-1,0.000012,0.053454,0.248736,0.697798
AGCCACTCCCGTGCTT-1,0.03235,0.412169,0.019198,0.536282
AGCCATATAGTATGTG-1,0.000023,0.356753,0.175753,0.467471
AGCCCATACATGTAAG-1,0.000045,0.769547,0.000045,0.230364
AGCCCGCAACAAGCAG-1,0.000332,0.519152,0.120964,0.359553
AGCCCGGCATTAGAGG-1,0.315292,0.000034,0.017643,0.667031
AGCCCGGTAGCCTGTA-1,0.000016,0.441403,0.065807,0.492774
AGCCCTAAGCGAAGTT-1,0.000091,0.574941,0.000091,0.424877
AGCCCTCCCTGGTGGC-1,0.41018,0.585897,0.00176,0.002164
AGCCCTGTCGCACCGT-1,0.001524,0.094929,0.160958,0.742589
AGCCCTTCTAATCCGA-1,0.039594,0.017213,0.061331,0.881862
AGCCCTTGGACATCCC-1,0.00002,0.01112,0.349919,0.63894
AGCCGCAAATTCAAAT-1,0.441374,0.420226,0.00211,0.13629
AGCCGTGGCTAAATGT-1,0.000027,0.410849,0.018215,0.57091
AGCCTAATACCCACGT-1,0.139989,0.000021,0.026135,0.833855
AGCCTTAAAGCGGAAG-1,0.000039,0.631232,0.000039,0.368689
AGCCTTGTCACTGATA-1,0.723066,0.176045,0.000071,0.100817
AGCGACAGGAACGGTC-1,0.000038,0.848689,0.000038,0.151234
AGCGACATCCCATTCA-1,0.000067,0.014891,0.000067,0.984976
AGCGACCAACGATATT-1,0.000025,0.014166,0.001431,0.984379
AGCGACTTTGAAGACA-1,0.18507,0.010529,0.005265,0.799136
AGCGAGACGTGAAGGC-1,0.581333,0.006378,0.019487,0.392803
AGCGATGCGCCTAATA-1,0.071522,0.311193,0.167482,0.449803
AGCGCATAATGAATCG-1,0.000023,0.189957,0.000023,0.809998
AGCGCGGGTGCCAATG-1,0.00441,0.039702,0.007015,0.948874
AGCGCTAGAGCGATGT-1,0.000031,0.39838,0.262103,0.339486
AGCGCTTATGGGCAAG-1,0.008081,0.065026,0.000957,0.925937
AGCGGACACTTCGTAG-1,0.004003,0.370429,0.206136,0.419432
AGCGGCGGTTAGCGGT-1,0.130367,0.869394,0.000034,0.000205
AGCGGGAAGGGTCCAT-1,0.000043,0.322994,0.000043,0.67692
AGCGGGTCTGACACTC-1,0.002667,0.092018,0.201751,0.703565
AGCGGTTGAGATGTAC-1,0.016065,0.682613,0.000066,0.301256
AGCGGTTGCCGCTCTG-1,0.000013,0.084787,0.195982,0.719218
AGCGTACGAGAGCTAG-1,0.000012,0.004807,0.000216,0.994965
AGCGTAGCGCTAGACC-1,0.000101,0.388233,0.000101,0.611565
AGCGTCTGAACCCGCA-1,0.006891,0.19034,0.010083,0.792686
AGCGTGGTATTCTACT-1,0.000039,0.078773,0.000039,0.921149
AGCGTTCCGATTTAAA-1,0.136241,0.833797,0.000112,0.02985
AGCTAACAAGCAATGT-1,0.022948,0.596835,0.185785,0.194432
AGCTAAGCTCCGTCCG-1,0.37739,0.063501,0.000714,0.558394
AGCTAAGTACGCAGGC-1,0.000182,0.09733,0.258063,0.644424
AGCTAGAAGCAGAAGT-1,0.000029,0.101439,0.08155,0.816983
AGCTATTTAATCCAAC-1,0.000057,0.349031,0.000057,0.650854
AGCTCCATATATGTTC-1,0.025155,0.526033,0.192066,0.256747
AGCTCCTTCGCACATC-1,0.006615,0.108402,0.018446,0.866537
AGCTCGTTGATGGAAA-1,0.001873,0.022973,0.165004,0.81015
AGCTCTAGACGTTCCA-1,0.068742,0.718923,0.000129,0.212205
AGCTCTTCCCAGTGCA-1,0.043216,0.682744,0.000079,0.273961
AGCTCTTCGTAACCTT-1,0.172662,0.404791,0.049046,0.373501
AGCTCTTTACTCAGTT-1,0.000054,0.200809,0.091092,0.708045
AGCTGAAGTAAACCAA-1,0.006489,0.232595,0.005252,0.755664
AGCTGCATTTGAGGTG-1,0.000027,0.015106,0.394073,0.590793
AGCTGCTGTGCCGAAT-1,0.009049,0.173673,0.561258,0.256021
AGCTGTAACCTCAATC-1,0.000055,0.722786,0.000055,0.277104
AGCTTATAGAGACCTG-1,0.00003,0.178557,0.015342,0.806071
AGCTTCAATACTTTGA-1,0.000045,0.125364,0.000045,0.874546
AGCTTCTTCTCGAGCA-1,0.016193,0.065099,0.330888,0.58782
AGCTTGATCAGGGTAG-1,0.781898,0.008857,0.000034,0.209211
AGCTTGATCTTAACTT-1,0.00004,0.552472,0.00004,0.447448
AGGAACGAACGACTTC-1,0.014075,0.228719,0.47909,0.278115
AGGAAGCTGTCCGCCG-1,0.00385,0.430598,0.091668,0.473883
AGGACAGTCGAATCCC-1,0.000124,0.690257,0.013837,0.295782
AGGACATCGCACGTCG-1,0.000035,0.32492,0.000036,0.675009
AGGACATCGGCACACT-1,0.040073,0.148993,0.360813,0.450121
AGGACGACCCATTAGA-1,0.000056,0.345306,0.049065,0.605573
AGGACGCTCGATGTTG-1,0.000039,0.166929,0.048172,0.78486
