Barcode,Topic 1,Topic 2,Topic 3to11
AAACAACGAATAGTTC-1,0.000074,0.000074,0.999852
AAACAAGTATCTCCCA-1,0.000063,0.000063,0.999875
AAACAATCTACTAGCA-1,0.00014,0.040071,0.959789
AAACACCAATAACTGC-1,0.000078,0.188379,0.811542
AAACAGAGCGACTCCT-1,0.000079,0.000079,0.999842
AAACAGCTTTCAGAAG-1,0.000064,0.018004,0.981932
AAACAGGGTCTATATT-1,0.000039,0.141717,0.858244
AAACAGTGTTCCTGGG-1,0.001224,0.068012,0.930763
AAACATGGTGAGAGGA-1,0.000021,0.793444,0.206535
AAACATTTCCCGGATT-1,0.000061,0.068322,0.931617
AAACCACTACACAGAT-1,0.000017,0.023828,0.976155
AAACCCGAACGAAATC-1,0.000042,0.000042,0.999917
AAACCGGAAATGTTAA-1,0.000075,0.114133,0.885792
AAACCGGGTAGGTACC-1,0.00003,0.00003,0.99994
AAACCGTTCGTCCAGG-1,0.00004,0.00004,0.999919
AAACCTAAGCAGCCGG-1,0.000089,0.000089,0.999821
AAACCTCATGAAGTTG-1,0.000083,0.10726,0.892657
AAACGAAGAACATACC-1,0.005123,0.00023,0.994646
AAACGAAGATGGAGTA-1,0.000024,0.550002,0.449974
AAACGAGACGGTTGAT-1,0.002428,0.000063,0.997509
AAACGCCCGAGATCGG-1,0.000015,0.000015,0.99997
AAACGCTGGGCACGAC-1,0.000015,0.000015,0.99997
AAACGGGCGTACGGGT-1,0.000046,0.045046,0.954909
AAACGGGTTGGTATCC-1,0.000117,0.000117,0.999765
AAACGGTTGCGAACTG-1,0.000068,0.014032,0.9859
AAACGTGTTCGCCCTA-1,0.000059,0.000059,0.999883
AAACTAACGTGGCGAC-1,0.000072,0.000072,0.999856
AAACTCGGTTCGCAAT-1,0.000052,0.000052,0.999896
AAACTCGTGATATAAG-1,0.000045,0.000045,0.999909
AAACTGCTGGCTCCAA-1,0.000034,0.000034,0.999931
AAACTTAATTGCACGC-1,0.000041,0.580911,0.419049
AAACTTGCAAACGTAT-1,0.000031,0.018156,0.981812
AAAGAATGACCTTAGA-1,0.000031,0.579993,0.419976
AAAGAATGTGGACTAA-1,0.00007,0.00007,0.999859
AAAGACATGAAGTTTA-1,0.000045,0.012631,0.987324
AAAGACCCAAGTCGCG-1,0.000044,0.003629,0.996326
AAAGACTGGGCGCTTT-1,0.000027,0.017078,0.982896
AAAGCTTGCCTACATA-1,0.000024,0.050581,0.949395
AAAGGCCCTATAATAC-1,0.034993,0.216265,0.748742
AAAGGCTACGGACCAT-1,0.000021,0.000021,0.999958
AAAGGCTCTCGCGCCG-1,0.001843,0.037155,0.961002
AAAGGGATGTAGCAAG-1,0.000041,0.000041,0.999919
AAAGGGCAGCTTGAAT-1,0.000049,0.021247,0.978704
AAAGGTAAGCTGTACC-1,0.000035,0.019393,0.980571
AAAGTAGCATTGCTCA-1,0.000034,0.050688,0.949278
AAAGTCACTGATGTAA-1,0.000026,0.000026,0.999948
AAAGTCGACCCTCAGT-1,0.000078,0.000078,0.999844
AAAGTGCCATCAATTA-1,0.000014,0.000014,0.999973
AAAGTGTGATTTATCT-1,0.000187,0.033944,0.965869
AAAGTTGACTCCCGTA-1,0.000131,0.000131,0.999738
AAATAACCATACGGGA-1,0.0001,0.0001,0.9998
AAATAAGGTAGTGCCC-1,0.000055,0.068402,0.931543
AAATACCTATAAGCAT-1,0.000042,0.000042,0.999916
AAATAGCTTAGACTTT-1,0.000079,0.000079,0.999841
AAATAGGGTGCTATTG-1,0.000039,0.000039,0.999922
AAATCCGATACACGCC-1,0.000067,0.000067,0.999866
AAATCGCGGAAGGAGT-1,0.000068,0.552095,0.447837
AAATCGTGTACCACAA-1,0.000041,0.000041,0.999917
AAATCTAGCCCTGCTA-1,0.000095,0.000095,0.99981
AAATCTGCCCGCGTCC-1,0.000024,0.667096,0.33288
AAATGACTGATCAAAC-1,0.000061,0.000061,0.999878
AAATGATTCGATCAGC-1,0.000038,0.000038,0.999924
AAATGCTCGTTACGTT-1,0.000065,0.000065,0.999869
AAATGGCATGTCTTGT-1,0.000231,0.000231,0.999538
AAATGGCCCGTGCCCT-1,0.000031,0.113822,0.886147
AAATGGTCAATGTGCC-1,0.000051,0.000051,0.999897
AAATGTATCTTATCCC-1,0.000035,0.148312,0.851653
AAATGTGGGTGCTCCT-1,0.000288,0.326183,0.67353
AAATTAACGGGTAGCT-1,0.000037,0.000037,0.999927
AAATTAATAAGCGCGA-1,0.000033,0.018954,0.981013
AAATTACACGACTCTG-1,0.000212,0.000212,0.999575
AAATTACCTATCGATG-1,0.000075,0.037553,0.962372
AAATTCCAGGTCCAAA-1,0.000031,0.02229,0.977679
AAATTGATAGTCCTTT-1,0.000044,0.039883,0.960073
AAATTGCGGCGGTTCT-1,0.000021,0.000021,0.999958
AAATTGGTGAGAAGCA-1,0.000029,0.004731,0.99524
AAATTTACCGAAATCC-1,0.000033,0.000595,0.999371
AAATTTGCGGGTGTGG-1,0.000038,0.029749,0.970213
AACAACTGGTAGTTGC-1,0.000058,0.000058,0.999884
AACAATACATTGTCGA-1,0.000045,0.035586,0.964369
AACAATTACTCTACGC-1,0.000074,0.034098,0.965828
AACACACGCTCGCCGC-1,0.000058,0.000058,0.999884
AACACGACTGTACTGA-1,0.000112,0.260474,0.739415
AACACGAGACGCGGCC-1,0.000045,0.000045,0.999911
AACACGCGGCCGCGAA-1,0.000051,0.000051,0.999897
AACAGCTGTGTGGCAA-1,0.006341,0.046565,0.947093
AACAGGAAATCGAATA-1,0.000106,0.039718,0.960177
AACAGGATGGGCCGCG-1,0.000065,0.014128,0.985807
AACAGGTAGTATGGAT-1,0.000051,0.000051,0.999898
AACATAGCGTGTATCG-1,0.00003,0.177343,0.822628
AACATATCAACTGGTG-1,0.000045,0.000045,0.999911
AACATCGATACGTCTA-1,0.000034,0.064369,0.935598
AACATTGAAGTTGATC-1,0.00005,0.12137,0.87858
AACATTGGTCAGCCGT-1,0.000036,0.037232,0.962731
AACATTGTGACTCGAG-1,0.00006,0.00006,0.999879
AACCAAGACTTCTCTG-1,0.000059,0.056473,0.943468
AACCAGTATCACTCTT-1,0.000039,0.036088,0.963873
AACCATAGGGTTGAAC-1,0.000628,0.627875,0.371497
AACCATGGGATCGCTA-1,0.000053,0.047721,0.952226
AACCCAGAGACGGAGA-1,0.000089,0.068323,0.931588
AACCCATCCCATGATC-1,0.00005,0.0205,0.97945
AACCCGACAACCCGTG-1,0.000047,0.063403,0.93655
AACCCGAGCAGAATCG-1,0.000037,0.031154,0.96881
AACCCGCTGTATTCCA-1,0.000014,0.096443,0.903543
AACCCTACTGTCAATA-1,0.000126,0.015827,0.984046
AACCCTGGTGGAACCA-1,0.000094,0.06111,0.938795
AACCGAGCTTGGTCAT-1,0.000039,0.000039,0.999921
AACCGCTAAGGGATGC-1,0.000089,0.173495,0.826415
AACCGTTGTGTTTGCT-1,0.000101,0.000101,0.999798
AACCTCGCTTTAGCCC-1,0.000146,0.000146,0.999709
AACCTGTCACGGAATT-1,0.000078,0.000078,0.999844
AACCTTTAAATACGGT-1,0.000026,0.000026,0.999948
AACCTTTACGACGTCT-1,0.000107,0.000107,0.999787
AACGAAAGTCGTCCCA-1,0.000041,0.304734,0.695225
AACGACCTCCTAGCCG-1,0.000013,0.000038,0.999949
AACGATAATGCCGTAG-1,0.000046,0.000046,0.999908
AACGATAGAAGGGCCG-1,0.000035,0.000035,0.99993
AACGATATGTCAACTG-1,0.000067,0.000067,0.999866
AACGCATGATCTGGGT-1,0.000049,0.000049,0.999903
AACGCGAACGGCAACA-1,0.00012,0.030945,0.968935
AACGCGACCTTGGGCG-1,0.00003,0.081629,0.91834
AACGCGGTCTCCAGCC-1,0.000036,0.000036,0.999928
AACGCTGTTGCTGAAA-1,0.002479,0.118789,0.878732
AACGGACGTACGTATA-1,0.000031,0.000031,0.999938
AACGGCCATCTCCGGT-1,0.000026,0.000026,0.999948
AACGTACTGTGGGTAC-1,0.002946,0.000041,0.997013
AACGTAGTCTACCCAT-1,0.00008,0.149745,0.850175
AACGTCAGACTAGTGG-1,0.000025,0.000025,0.99995
AACGTCATCCGGCTTG-1,0.000029,0.13976,0.860211
AACGTCGCTGCACTTC-1,0.000072,0.000072,0.999857
AACGTGATGAAGGACA-1,0.000165,0.000165,0.999669
AACGTGCGAAAGTCTC-1,0.000026,0.000026,0.999947
AACGTTATCAGCACCT-1,0.000107,0.000107,0.999786
AACGTTCTACCATTGT-1,0.000027,0.011048,0.988925
AACTACCCGTTTGTCA-1,0.000084,0.000084,0.999832
AACTAGCGTATCGCAC-1,0.000157,0.054733,0.94511
AACTAGGCTTGGGTGT-1,0.000038,0.000038,0.999924
AACTCAAGTTAATTGC-1,0.000026,0.000026,0.999948
AACTCCAGAGCGTGTT-1,0.000099,0.044939,0.954962
AACTCCTAATCCCATG-1,0.000034,0.000034,0.999932
AACTCGATAAACACGT-1,0.000017,0.000017,0.999967
AACTCGATGGCGCAGT-1,0.000035,0.000035,0.999931
AACTCTCAATAGAGCG-1,0.000141,0.000141,0.999719
AACTCTCAGTGTGCTC-1,0.000066,0.000066,0.999869
AACTGAGGTCAGCGTC-1,0.000047,0.000047,0.999907
AACTGAGTTATACTGA-1,0.000017,0.054874,0.945108
AACTGATATTAGGCCT-1,0.000064,0.000064,0.999872
AACTGGGTCCCGACGT-1,0.008522,0.000044,0.991433
AACTGGGTTCGAGCCG-1,0.000062,0.000062,0.999877
AACTGGTGTGGGCCTT-1,0.000028,0.005149,0.994823
AACTTCTGCGTCTATC-1,0.000022,0.002268,0.99771
AACTTGCCCGTATGCA-1,0.000098,0.000098,0.999804
AACTTGCGTTCTCGCG-1,0.000092,0.020225,0.979683
AACTTTACGGGAGCTT-1,0.003501,0.022071,0.974427
AACTTTAGCTGCTGAG-1,0.000128,0.092924,0.906949
AACTTTCTCGATCATG-1,0.000024,0.073963,0.926013
AAGAAAGTTTGATGGG-1,0.000025,0.552558,0.447417
AAGAAATCACCAGATT-1,0.000023,0.137066,0.862911
AAGAAGGATCAGTTAG-1,0.000117,0.000117,0.999765
AAGACATACGTGGTTT-1,0.000052,0.000052,0.999897
AAGACCAAATAACTCA-1,0.000047,0.505917,0.494036
AAGACCCAACTGAACA-1,0.000035,0.000035,0.999931
AAGACTAACCCGTTGT-1,0.000058,0.000058,0.999883
AAGACTCACGCCCACT-1,0.000011,0.000011,0.999978
AAGACTGCAAGCTACT-1,0.000033,0.000033,0.999935
AAGAGATGAATCGGTA-1,0.000036,0.000036,0.999928
AAGAGCTCTTTATCGG-1,0.002976,0.000068,0.996955
AAGAGGATGTACGCGA-1,0.000049,0.039823,0.960127
AAGAGGCATGGATCGC-1,0.000112,0.000112,0.999777
AAGAGGCCCTTTGGAA-1,0.000038,0.020919,0.979043
AAGATGGCACCGGACC-1,0.000045,0.024998,0.974957
AAGATTGGCGGAACGT-1,0.000118,0.000118,0.999765
AAGCACCCTGCGTATC-1,0.000061,0.000061,0.999878
AAGCATACTCTCCTGA-1,0.000023,0.000023,0.999954
AAGCCACTTGCAGGTA-1,0.000037,0.08781,0.912153
AAGCCGAAGCGGTTTA-1,0.000062,0.000062,0.999875
AAGCCGCCGTGAAATC-1,0.000032,0.009733,0.990235
AAGCCGCTTTACCTTG-1,0.000012,0.057343,0.942646
AAGCCGGAGAGCAGGA-1,0.000032,0.045318,0.95465
AAGCGCAGGGCTTTGA-1,0.000085,0.000085,0.999831
AAGCGGAGTGCGCGCA-1,0.000006,0.105911,0.894082
AAGCGGCGTCATGGGT-1,0.000054,0.000054,0.999891
AAGCGTCCCTCATCGA-1,0.000028,0.000028,0.999943
AAGCTAGATCGAGTAA-1,0.000028,0.000028,0.999944
AAGCTATGGATTGACC-1,0.000059,0.466359,0.533583
AAGCTCGTGCCAAGTC-1,0.000042,0.000042,0.999916
AAGCTCTTTCATGGTG-1,0.000113,0.000113,0.999775
AAGGAGAACTTATAAG-1,0.000162,0.130983,0.868855
AAGGAGCGGTTGGTGC-1,0.000023,0.010081,0.989895
AAGGATCGATCGCTTG-1,0.000029,0.000029,0.999941
AAGGATGAGGGACCTC-1,0.000154,0.000154,0.999691
AAGGCAGGCTGTCTCC-1,0.000035,0.050485,0.949481
AAGGCGCGTAAAGCTT-1,0.000034,0.000034,0.999933
AAGGCTGTGCTCATCG-1,0.003517,0.029032,0.96745
AAGGGAACGACTGGCT-1,0.000071,0.200743,0.799185
AAGGGACAGATTCTGT-1,0.000082,0.000082,0.999837
AAGGGACTATGCATTC-1,0.000076,0.139022,0.860902
AAGGGTTAGCCATGCG-1,0.000044,0.000044,0.999912
AAGGGTTTGATTTCAG-1,0.000038,0.709317,0.290645
AAGGTATCCTAATATA-1,0.000106,0.000106,0.999788
AAGGTGATAAACCAGC-1,0.000166,0.082154,0.91768
AAGTAAGCTTCCAAAC-1,0.000069,0.000077,0.999854
AAGTAGAAGACCGGGT-1,0.000038,0.000038,0.999924
AAGTAGTGACGCGAGG-1,0.002258,0.000049,0.997694
AAGTCAATTGTCGTCA-1,0.000115,0.000115,0.99977
AAGTCTAGTAGCTGCC-1,0.000477,0.13873,0.860793
AAGTCTTCTGTGGCCT-1,0.000075,0.066296,0.93363
AAGTGACGACCGAATT-1,0.000015,0.005602,0.994384
AAGTGAGTCGGGTTTA-1,0.000035,0.006489,0.993476
AAGTGCAAAGGTAGAC-1,0.00004,0.00004,0.999919
AAGTGCCTTGACTGTA-1,0.000048,0.000048,0.999904
AAGTGCGTTAGAATCT-1,0.00002,0.0001,0.999881
AAGTGCTTCTCTATTG-1,0.000038,0.014968,0.984994
AAGTGTTTGGAGACGG-1,0.000038,0.000038,0.999925
AAGTTCACTCCAAGCT-1,0.000127,0.03385,0.966023
AAGTTCAGTCTGCGTA-1,0.000034,0.000034,0.999932
AAGTTCGGCCAACAGG-1,0.000028,0.072369,0.927603
AAGTTGTGATGTTATA-1,0.000156,0.000156,0.999687
AAGTTTACTAATGGCA-1,0.000114,0.000114,0.999773
AAGTTTATGGGCCCAA-1,0.000072,0.003486,0.996442
AATAACAACGCTCGGC-1,0.000054,0.000054,0.999891
AATAACACTAGAACAA-1,0.000024,0.018644,0.981332
AATAACGTCGCGCCCA-1,0.000013,0.000542,0.999445
AATAATCTTCGTATCG-1,0.000078,0.107585,0.892337
AATACAATGTTTCAGG-1,0.00014,0.00014,0.999719
AATACCGGAGGGCTGT-1,0.001181,0.021402,0.977417
AATACCTGATGTGAAC-1,0.000076,0.071361,0.928563
AATAGAACAGAGTGGC-1,0.000029,0.03944,0.96053
AATAGAATCTGTTTCA-1,0.000147,0.000147,0.999706
AATAGCAAGCCTCCTG-1,0.000531,0.000029,0.999439
AATAGCTACCGCGTGC-1,0.000028,0.024065,0.975907
AATAGGCACGACCCTT-1,0.000012,0.467773,0.532215
AATAGTCCGTCCCGAC-1,0.000025,0.000025,0.99995
AATAGTCGCGAGTCGG-1,0.000049,0.022832,0.977119
AATATCAAGGTCGGAT-1,0.00003,0.00003,0.999939
AATATCCTAGCAAACT-1,0.000044,0.684385,0.315571
AATATCGAATCAATGC-1,0.002915,0.000064,0.997022
AATATCGAGGGTTCTC-1,0.000068,0.000068,0.999864
AATATTGGAGTATTGA-1,0.001238,0.000084,0.998678
AATCAGACTGCAGGAC-1,0.000051,0.000051,0.999898
AATCAGGTTTCATTTA-1,0.000036,0.044533,0.955431
AATCATGTAAAGACTC-1,0.00227,0.000126,0.997604
AATCCAAGGGCCTGAG-1,0.000039,0.000863,0.999098
AATCCATGCAAGGGTG-1,0.000087,0.000087,0.999826
AATCCCGCTCAGAGCC-1,0.000013,0.14868,0.851307
AATCGAGGTCTCAAGG-1,0.000025,0.045886,0.954089
AATCGCCTCAGCGCCA-1,0.000044,0.000044,0.999911
AATCGCGCAGAGGACT-1,0.000045,0.000045,0.99991
AATCGGGACACTACGA-1,0.000121,0.000121,0.999758
AATCGGTATAGCCCTC-1,0.00013,0.072495,0.927375
AATCGTGAGCCGAGCA-1,0.000133,0.062046,0.937821
AATCTAGGTTTACTTG-1,0.000394,0.258999,0.740608
AATCTATGCCGGAGCC-1,0.011751,0.000065,0.988184
AATCTCTACTGTGGTT-1,0.000046,0.01344,0.986514
AATCTGCGTTGGGACG-1,0.000116,0.001652,0.998232
AATCTGGCTTTCTAGT-1,0.003469,0.141307,0.855224
AATCTGGGTAGACCCT-1,0.000024,0.000024,0.999952
AATGACAGCAATGTCT-1,0.000042,0.000042,0.999915
AATGACGTAGGATGTC-1,0.005021,0.000035,0.994944
AATGACTGTCAGCCGG-1,0.00005,0.00005,0.999899
AATGAGTTCGCATATG-1,0.000077,0.027482,0.97244
AATGATGATACGCTAT-1,0.001764,0.000066,0.99817
AATGATGCGACTCCTG-1,0.000088,0.000088,0.999824
AATGCAACCGGGTACC-1,0.000061,0.000061,0.999877
AATGCACCAAGCAATG-1,0.000029,0.000029,0.999942
AATGGTCCACCGTTCA-1,0.000093,0.144825,0.855082
AATGGTTCTCACAAGC-1,0.000032,0.000032,0.999936
AATGTATGGCACTGTA-1,0.000065,0.379555,0.620381
AATGTGCCCGAGGTGT-1,0.000083,0.073553,0.926364
AATGTGCTAATCTGAG-1,0.000022,0.089936,0.910042
AATGTTAAGACCCTGA-1,0.000051,0.097505,0.902444
AATGTTGTCGTGAGAC-1,0.000059,0.364518,0.635422
AATTAAAGGTCGGCGT-1,0.000879,0.000027,0.999094
AATTAACGGATTTCCA-1,0.000083,0.000083,0.999834
AATTACGAGACCCATC-1,0.00004,0.721584,0.278377
AATTACTCGTACGCTC-1,0.000148,0.000148,0.999705
AATTAGCGCTGCAGCG-1,0.000042,0.000042,0.999916
AATTATACCCAGCAAG-1,0.000054,0.193044,0.806902
AATTCATAAGGGATCT-1,0.000078,0.000078,0.999844
AATTCATTGTCATGCA-1,0.000062,0.573079,0.426859
AATTCCAACTTGGTGA-1,0.000031,0.005688,0.994281
AATTCCAAGCATGTAC-1,0.00004,0.047477,0.952482
AATTCGATTCGAGGAT-1,0.00021,0.029686,0.970103
AATTCTAGAGTTAGGC-1,0.00007,0.00007,0.99986
AATTGAACGCTCTGGT-1,0.000102,0.000103,0.999795
AATTGCAGCAATCGAC-1,0.000255,0.081252,0.918494
AATTGCGTGGATTACA-1,0.000031,0.797765,0.202204
AATTGTGGTTGCCAAA-1,0.000015,0.000015,0.999969
AATTTGGGACATAGTA-1,0.000049,0.08501,0.91494
AATTTGGTTCCAAAGA-1,0.000131,0.000131,0.999739
ACAAACCATGCGTCCT-1,0.000058,0.152322,0.84762
ACAAACTCCATCAGAG-1,0.000025,0.000025,0.999951
ACAAAGAAGGTAGGCC-1,0.000031,0.327211,0.672759
ACAAAGCATGACCTAG-1,0.000057,0.08688,0.913063
ACAAATCGCACCGAAT-1,0.000086,0.000086,0.999827
ACAAATGGTAGTGTTT-1,0.000153,0.000153,0.999694
ACAAATTCAGATCTGA-1,0.000027,0.000027,0.999946
ACAACAGCATGAGCTA-1,0.000041,0.000041,0.999917
ACAACGGTCCCTGCGA-1,0.000063,0.035712,0.964225
ACAAGCAGTGCCTAGC-1,0.000044,0.012498,0.987458
ACAAGCTATATGGAAG-1,0.00007,0.00007,0.99986
ACAAGGAAATCCGCCC-1,0.000043,0.033518,0.966439
ACAAGGACAAGAGGTT-1,0.000069,0.000069,0.999862
ACAAGGATGCTTTAGG-1,0.000115,0.079725,0.92016
ACAAGGCCTACCAGCC-1,0.00001,0.012213,0.987777
ACAAGGGCAGGCTCTG-1,0.000034,0.000034,0.999932
ACAAGTAATTGTAAGG-1,0.000061,0.242343,0.757596
ACAATAGTCGTACGTT-1,0.000043,0.023542,0.976414
ACAATCCATTTAAACC-1,0.000052,0.000052,0.999895
ACAATCGATCTTTATA-1,0.000105,0.27444,0.725455
ACAATGAATACGGAGA-1,0.000035,0.017845,0.98212
ACAATGATTCTTCTAC-1,0.000021,0.000021,0.999959
ACAATTGTGTCTCTTT-1,0.000179,0.06589,0.93393
ACAATTTAGGAGGCTC-1,0.000029,0.000029,0.999941
ACAATTTGAGCAGTGG-1,0.000116,0.000116,0.999768
ACAATTTGGCCATATT-1,0.000042,0.000042,0.999916
ACACAAAGACGGGTGG-1,0.000118,0.26139,0.738492
ACACAAATATTCCTAG-1,0.000011,0.225447,0.774542
ACACACCAGGACCAGT-1,0.000124,0.000124,0.999752
ACACACTTTCTACACG-1,0.000066,0.000066,0.999867
ACACATGATCAAATCT-1,0.000094,0.104186,0.895719
ACACATTGACGCAACA-1,0.000078,0.000078,0.999844
ACACATTTCCGTAGAC-1,0.000071,0.000071,0.999859
ACACCACATAATTAGC-1,0.000031,0.031764,0.968205
ACACCCAGCATGCAGC-1,0.000048,0.029931,0.970021
ACACCCGAGAAATCCG-1,0.000027,0.070724,0.929248
ACACCGAGCGCTCTTT-1,0.00002,0.00002,0.999961
ACACCGGTCTGACCGC-1,0.000049,0.181779,0.818172
ACACCTTAAGTAGGGC-1,0.000035,0.000035,0.999929
ACACCTTACTACTTGC-1,0.000073,0.000073,0.999854
ACACGAGACTCCTTCT-1,0.000069,0.000069,0.999861
ACACGGCACTATGCAT-1,0.000044,0.009034,0.990923
ACACGGGAACTTAGGG-1,0.000055,0.000055,0.99989
ACACGTAGGCCACAAG-1,0.000063,0.000063,0.999874
ACACTCCAATGTCACT-1,0.000096,0.014817,0.985087
ACACTGATCAAGGTGT-1,0.000867,0.00972,0.989413
ACACTGGGACAGTCGT-1,0.000046,0.090359,0.909595
ACAGAACTGAGAACAA-1,0.00005,0.00005,0.999899
ACAGATTAGGTTAGTG-1,0.000225,0.000225,0.99955
ACAGCATAGAGCCAGT-1,0.000089,0.000089,0.999823
ACAGCGACATTCTCAT-1,0.000261,0.175242,0.824497
ACAGCGCACCCGCAGC-1,0.003697,0.147478,0.848825
ACAGGAGGCGCAGCCG-1,0.00004,0.00004,0.999921
ACAGGCACGGATCCTT-1,0.000057,0.121428,0.878515
ACAGGCTTGCCCGACT-1,0.000082,0.083882,0.916036
ACAGGTGGAGGTGAGG-1,0.00003,0.00003,0.999941
ACAGGTGTGTTGTTGC-1,0.000022,0.076275,0.923703
ACAGTAATACAACTTG-1,0.000024,0.029422,0.970554
ACAGTATACCGTGGGA-1,0.000025,0.035704,0.96427
ACATAAGTCGTGGTGA-1,0.000045,0.525671,0.474284
ACATAATAAGGCGGTG-1,0.000078,0.000078,0.999844
ACATACAATCAAGCGG-1,0.001067,0.06799,0.930943
ACATCAGCTGGGACGC-1,0.000068,0.075812,0.92412
ACATCCCGGCCATACG-1,0.000068,0.000068,0.999864
ACATCCTGGTAACTGT-1,0.000095,0.000095,0.99981
ACATCGATCGTTTACC-1,0.000034,0.000034,0.999933
ACATCGCAATATTCGG-1,0.000034,0.029466,0.9705
ACATCGGTCAGCCGCG-1,0.00005,0.00005,0.9999
ACATCGTATGCAATGG-1,0.000075,0.000075,0.99985
ACATCGTTAACCTAGT-1,0.003098,0.000081,0.996821
ACATCTCAACGCGTAA-1,0.000022,0.028971,0.971007
ACATGCTTACGGCAGC-1,0.000037,0.335183,0.66478
ACATGGCGCCAAAGTA-1,0.000075,0.000075,0.999851
ACATGGCTCAATTTAG-1,0.000079,0.000079,0.999842
ACATTAGTTTATATCC-1,0.000078,0.000078,0.999845
ACATTCGCGCGGAATA-1,0.000035,0.334516,0.665449
ACATTTGAAACCTAAC-1,0.000031,0.054777,0.945192
ACCAAACACCCAGCGA-1,0.000022,0.063689,0.93629
ACCAAACTAGAAATCC-1,0.00002,0.04347,0.95651
ACCAACACCACACACT-1,0.000027,0.068545,0.931428
ACCAACCGCACTCCAC-1,0.000138,0.378795,0.621068
ACCAACGCTTATTTAT-1,0.000035,0.000035,0.999931
ACCAAGAACGCGTGTC-1,0.000058,0.022991,0.976951
ACCAAGTCATCGGCAG-1,0.000087,0.000087,0.999825
ACCAATATGCAAGTTA-1,0.00004,0.00004,0.999921
ACCACAACTCAGAACA-1,0.000139,0.196975,0.802886
ACCACAAGTTTCTATC-1,0.000056,0.000056,0.999887
ACCACACGGTTGATGG-1,0.000019,0.039977,0.960004
ACCACCAATGTAACAA-1,0.000072,0.000072,0.999856
ACCACCCTCTCTTCTA-1,0.000019,0.025255,0.974726
ACCACGTGCAGCTATA-1,0.000044,0.008067,0.991889
ACCACTGTTCAAGAAG-1,0.000092,0.048557,0.95135
ACCAGACCATAACAAC-1,0.000021,0.142717,0.857262
ACCAGCCCGGTCTTTG-1,0.000019,0.028215,0.971766
ACCAGGAGTGTGATCT-1,0.000358,0.205134,0.794508
ACCAGTGCCCGGTCAA-1,0.006114,0.000051,0.993835
ACCAGTGCGGGAGACG-1,0.000094,0.018878,0.981028
ACCATATCCGCAATAA-1,0.000022,0.000105,0.999873
ACCATCCGCCAACTAG-1,0.000047,0.027204,0.972749
ACCATCGTATATGGTA-1,0.000047,0.000047,0.999907
ACCATTAAGGGTGTCA-1,0.000043,0.000591,0.999367
ACCCAACGCCCGTGGC-1,0.000118,0.24938,0.750502
ACCCACCTACATGCTC-1,0.000105,0.000105,0.999791
ACCCATCTTGAGGGTA-1,0.000069,0.016183,0.983748
ACCCATTTGTCCCTCT-1,0.000164,0.084903,0.914933
ACCCGAGCGAAATTAC-1,0.000053,0.054098,0.945849
ACCCGATTGGTTCCGA-1,0.000021,0.000021,0.999959
ACCCGGAAACTCCCAG-1,0.000042,0.000042,0.999915
ACCCGGAGCACCACAA-1,0.000032,0.063824,0.936145
ACCCGGATGACGCATC-1,0.00004,0.00004,0.99992
ACCCGGTTACACTTCC-1,0.000067,0.000067,0.999866
ACCCGTAGCAGAGAAT-1,0.000037,0.121442,0.878521
ACCCGTAGTCTAGTTG-1,0.000018,0.030563,0.969419
ACCCGTGTCATCAGTA-1,0.000037,0.020684,0.979278
ACCCTATAGGACTGAG-1,0.000031,0.000031,0.999939
ACCCTATGCCATATCG-1,0.000021,0.047005,0.952974
ACCCTCCCGTCAGGGC-1,0.000095,0.373958,0.625947
ACCCTCCCTTGCTATT-1,0.004103,0.00008,0.995817
ACCCTGGTAACGCCCT-1,0.000081,0.000081,0.999839
ACCCTTCATCTGCGAA-1,0.000111,0.000111,0.999779
ACCCTTGCCTGGGTCG-1,0.000009,0.202763,0.797227
ACCCTTTAGTTCTCCA-1,0.000068,0.042993,0.956939
ACCGAAAGGGCCCTGC-1,0.000023,0.000023,0.999953
ACCGAAGAGTCTGGTT-1,0.000077,0.097243,0.90268
ACCGACACATCTCCCA-1,0.00007,0.00007,0.99986
ACCGACTGAGTCCCAC-1,0.000086,0.000086,0.999829
ACCGAGTCTCCTTATT-1,0.000055,0.415654,0.584291
ACCGATAGGCATAACC-1,0.00008,0.00008,0.999839
ACCGATATTTAATCAT-1,0.000033,0.042026,0.957941
ACCGATGGTAGCATCG-1,0.000095,0.038002,0.961903
ACCGCAATAACTGCCT-1,0.000034,0.000034,0.999931
ACCGCGGTGGAAGTCG-1,0.000076,0.000076,0.999848
ACCGCTAGTCATTGGT-1,0.000056,0.165603,0.83434
ACCGGGCCTTTGTTGA-1,0.000115,0.000115,0.999771
ACCGGTCAGGTACACC-1,0.00009,0.230218,0.769693
ACCGGTCTGAGTACGG-1,0.000032,0.000032,0.999935
ACCGTCCACTGGGCCC-1,0.000049,0.220639,0.779312
ACCGTGACCACGTGGG-1,0.001481,0.070506,0.928013
ACCGTTCCCGCTCTGA-1,0.000049,0.024281,0.97567
ACCTAAGTACCTTTCA-1,0.000035,0.067066,0.932898
ACCTAATCGACTTCCT-1,0.000023,0.073933,0.926044
ACCTACAGTATGTGGT-1,0.00004,0.00004,0.999921
ACCTACTATAAATCTA-1,0.00005,0.00005,0.9999
ACCTCAGCGAGGCGCA-1,0.00004,0.125215,0.874745
ACCTCCGCCCTCGCTG-1,0.000057,0.000057,0.999887
ACCTCCGTTATTCACC-1,0.000082,0.000082,0.999836
ACCTCGAACTTATGCT-1,0.00008,0.205715,0.794205
ACCTGCGTGTCATGTT-1,0.000037,0.034872,0.965091
ACGAAATGGGCGGCAC-1,0.000036,0.000036,0.999929
ACGACCCATGAGTTGC-1,0.000028,0.19073,0.809242
ACGACTCTAGGGCCGA-1,0.000041,0.113291,0.886668
ACGACTGGTCATACTC-1,0.000024,0.012977,0.986999
ACGAGAACCCATCACG-1,0.004536,0.000037,0.995427
ACGAGATATTTGCTTA-1,0.000208,0.046317,0.953476
ACGAGGATACCACTCT-1,0.0001,0.054338,0.945562
ACGAGGTTTACAACGT-1,0.000018,0.329927,0.670054
ACGAGTACGGATGCCC-1,0.0001,0.0001,0.999799
ACGAGTCGCCGGCGTT-1,0.000028,0.005487,0.994485
ACGATACATAGAACTA-1,0.000123,0.004385,0.995492
ACGATACCTATCCTGA-1,0.000026,0.002007,0.997967
ACGATCATACATAGAG-1,0.000036,0.000036,0.999928
ACGATCATCTTGTAAA-1,0.00242,0.000218,0.997362
ACGATGCATATGTTAT-1,0.000043,0.000043,0.999913
ACGATGGATCCGATGC-1,0.000214,0.032523,0.967262
ACGCAAACTAATAGAT-1,0.000034,0.045344,0.954623
ACGCAATCACTACAGC-1,0.000057,0.000057,0.999885
ACGCATAAATGACATG-1,0.000031,0.000031,0.999937
ACGCATACGTTTACTA-1,0.00013,0.00013,0.99974
ACGCATTCGTGAGTAC-1,0.000049,0.000049,0.999903
ACGCCACTCGAAACAG-1,0.000059,0.358227,0.641714
ACGCCAGATGATTTCT-1,0.000187,0.023906,0.975907
ACGCCAGTGCGTTTGC-1,0.000055,0.043903,0.956042
ACGCCGCTAGACGACC-1,0.000046,0.000046,0.999907
ACGCCTGACACGCGCT-1,0.000037,0.006231,0.993732
ACGCGAAGTCAGACGA-1,0.00002,0.00002,0.99996
ACGCGCTACACAGGGT-1,0.000046,0.016798,0.983156
ACGCGGGCCAAGGACA-1,0.000019,0.000019,0.999962
ACGCGTTTCTTAAGAG-1,0.000064,0.000064,0.999872
ACGCTACTGAATGGGC-1,0.000043,0.117742,0.882214
ACGCTAGTGATACACT-1,0.000034,0.000034,0.999932
ACGCTGTGAGGCGTAG-1,0.00003,0.060461,0.939509
ACGCTTAGTGTCTCTC-1,0.000051,0.099414,0.900536
ACGGAACACGAGTGCC-1,0.000043,0.044372,0.955586
ACGGAATTTAGCAAAT-1,0.000137,0.094782,0.905081
ACGGACGCAGCGACAA-1,0.000017,0.608473,0.39151
ACGGACTCTCAAAGCG-1,0.000045,0.000045,0.99991
ACGGAGCGCAAATTAC-1,0.000064,0.000064,0.999872
ACGGATGGTGCGGATA-1,0.000036,0.000036,0.999928
ACGGCACTTGCTTGGG-1,0.000066,0.000066,0.999867
ACGGCCAACATGGACT-1,0.000026,0.000026,0.999948
ACGGCGACGATGGGAA-1,0.000034,0.000034,0.999933
ACGGCGGGTTGCCCTG-1,0.000019,0.000019,0.999962
ACGGCTGGATGTAGAA-1,0.000057,0.225214,0.77473
ACGGGAGTGTCGGCCC-1,0.00006,0.046157,0.953783
ACGGGCGTATGCGACA-1,0.000032,0.093503,0.906465
ACGGGTCATGTGACTT-1,0.000083,0.000083,0.999833
ACGGGTTGTGACCTGT-1,0.001692,0.612033,0.386275
ACGGTACAGTTCAATG-1,0.002741,0.194532,0.802727
ACGGTCACCGAGAACA-1,0.000031,0.58118,0.418789
ACGTACAGATTTCTCT-1,0.000167,0.000167,0.999666
ACGTACTTTGGCACGG-1,0.000026,0.125094,0.874879
ACGTAGATTGCTGATG-1,0.000026,0.000026,0.999947
ACGTAGGAGAGTCGCT-1,0.000027,0.032495,0.967478
ACGTATTACTCCGATC-1,0.000159,0.000159,0.999682
ACGTCCTAAACGAGAT-1,0.000012,0.033988,0.966
ACGTCGGGCAACTCGG-1,0.000032,0.502313,0.497656
ACGTCTCGTTCCGGGA-1,0.000027,0.136475,0.863498
ACGTGACAAAGTAAGT-1,0.000023,0.477734,0.522243
ACGTGCGCCTCGTGCA-1,0.000054,0.000054,0.999892
ACGTGGTCGAATGTGC-1,0.000032,0.032363,0.967605
ACGTTAATGTCGAAGA-1,0.000064,0.000064,0.999872
ACGTTAGATTTGCCCG-1,0.000022,0.01759,0.982388
ACGTTATTGGTCACTC-1,0.000239,0.013567,0.986193
ACGTTCACTATGCCGC-1,0.000301,0.437011,0.562688
ACGTTCCGCGCTCCGT-1,0.00004,0.00004,0.99992
ACGTTCGCAATCAATT-1,0.000054,0.000054,0.999892
ACGTTCGTTCAGGAAA-1,0.000023,0.015662,0.984315
ACGTTCTGTACAAGTC-1,0.000122,0.301989,0.697889
ACGTTGTCGTTGAAAG-1,0.000453,0.209191,0.790356
ACGTTTAGTTGTGATC-1,0.00626,0.000232,0.993508
ACGTTTCGGTGCACTT-1,0.000018,0.055055,0.944927
ACTAAGGACGCACACC-1,0.000014,0.104061,0.895925
ACTAATACGTCAGGCG-1,0.000032,0.000032,0.999936
ACTACAAAGAGAGGTG-1,0.000042,0.000042,0.999917
ACTACATCCCGACAAG-1,0.000046,0.304345,0.695608
ACTACCAGCTCTCTGG-1,0.00004,0.00004,0.99992
ACTACCATCCGAGGGC-1,0.000008,0.383503,0.616489
ACTACGCGTTAGAATT-1,0.000044,0.015721,0.984235
ACTAGTTGCGATCGTC-1,0.000055,0.021969,0.977977
ACTATATGCTGTGTTC-1,0.000044,0.038008,0.961948
ACTATCCAGGGCATGG-1,0.000072,0.000072,0.999856
ACTATCGCCGGCTAAA-1,0.00004,0.00004,0.999921
ACTATCTGCCCGCGTA-1,0.000073,0.000073,0.999855
ACTATGTCCAGCTGCC-1,0.000042,0.305931,0.694026
ACTATTCGTCCGTGGT-1,0.000262,0.000262,0.999476
ACTATTTCCGGGCCCA-1,0.002232,0.014197,0.983571
ACTCAACGAATGTATT-1,0.000054,0.000054,0.999892
ACTCAAGTGCAAGGCT-1,0.000143,0.000143,0.999714
ACTCAATAAAGGCACG-1,0.000041,0.000041,0.999918
ACTCAGACCTGCTTCT-1,0.000032,0.000032,0.999935
ACTCATGGCAGCCTTC-1,0.000058,0.618354,0.381588
ACTCCAATATCATCAT-1,0.000061,0.056876,0.943062
ACTCCCATTCCTAAAG-1,0.000036,0.000036,0.999927
ACTCCCGAATTCGTTT-1,0.000109,0.000109,0.999782
ACTCCCGTAGACTAGG-1,0.000031,0.000031,0.999938
ACTCCCTAATGCTAAA-1,0.000033,0.000033,0.999933
ACTCCCTAGAATAGTA-1,0.00005,0.006117,0.993833
ACTCCGGCCGACCACT-1,0.000054,0.144738,0.855208
ACTCGATGTATTTCAT-1,0.000045,0.000045,0.99991
ACTCGCCGTTCGATAA-1,0.000038,0.202585,0.797377
ACTCGCGATCTGACGC-1,0.000038,0.000038,0.999924
ACTCGTAACCCGTCCT-1,0.000027,0.023625,0.976348
ACTCGTCAGTAATCCC-1,0.000043,0.000043,0.999913
ACTCTAAACCTGGGAT-1,0.000051,0.000051,0.999899
ACTCTCTGACTTAGGT-1,0.000036,0.000036,0.999929
ACTCTCTTATACACGA-1,0.000212,0.000212,0.999576
ACTCTGACCTAATAGA-1,0.000057,0.060482,0.939461
ACTCTTCAGCTCCCGC-1,0.002906,0.30995,0.687144
ACTCTTGTATAGTAAC-1,0.000039,0.000039,0.999921
ACTGAAACGCCGTTAG-1,0.000056,0.036355,0.963589
ACTGAATGGCGAAAGT-1,0.000073,0.000073,0.999854
ACTGATTTAGTGATTC-1,0.000055,0.058676,0.941269
ACTGCCCGCCATTCTC-1,0.000025,0.066881,0.933093
ACTGCCGTCGTAACTC-1,0.000103,0.000103,0.999794
ACTGCGGACACACCGT-1,0.000081,0.137312,0.862608
ACTGCTCGGAAGGATG-1,0.00012,0.050411,0.949469
ACTGGCGAACCTGCGT-1,0.000011,0.087524,0.912465
ACTGGGATGCCAGTGC-1,0.000009,0.01452,0.985471
ACTGTACGATACACAT-1,0.00009,0.00009,0.99982
ACTGTAGCACTTTGGA-1,0.000044,0.000044,0.999912
ACTGTATACGCGAGCA-1,0.000134,0.000134,0.999731
ACTGTCCAGGATTATA-1,0.000045,0.000045,0.99991
ACTGTCTTCTTTAGAA-1,0.000042,0.000042,0.999917
ACTGTGCTAGTAGATC-1,0.000097,0.092348,0.907555
ACTGTTTAGTGTAGGC-1,0.003378,0.000128,0.996494
ACTTACCGGGCGCGCA-1,0.000034,0.00686,0.993106
ACTTACGCATCCACGC-1,0.000047,0.000047,0.999905
ACTTAGTACGACAAGA-1,0.00005,0.00005,0.9999
ACTTATACTTACCCGG-1,0.000136,0.221722,0.778142
ACTTATCTGATCTATA-1,0.000081,0.000081,0.999837
ACTTATTAGGATCGGT-1,0.00003,0.00003,0.99994
ACTTATTTATGTGCCA-1,0.000179,0.000179,0.999641
ACTTCAGGCTGATCCC-1,0.000054,0.000054,0.999892
ACTTCCAGTGGAAGCT-1,0.000027,0.72447,0.275503
ACTTCCATGCGGGACA-1,0.000112,0.017399,0.98249
ACTTCGCCATACGCAC-1,0.000116,0.000116,0.999768
ACTTCGCTAGCGAGTG-1,0.000021,0.224433,0.775546
ACTTGACTCCCTCTTT-1,0.000037,0.000037,0.999926
ACTTGCCATATTGTAC-1,0.000329,0.275535,0.724136
ACTTGCTCTATCTACC-1,0.000059,0.455888,0.544052
ACTTGGGACCCGGTGG-1,0.00004,0.00004,0.99992
ACTTGGGCTTTCGCCA-1,0.000133,0.296091,0.703776
ACTTGTAGTCCCTTCA-1,0.000093,0.1041,0.895807
ACTTGTGGATGGAACG-1,0.000068,0.000068,0.999864
ACTTGTTACCGGATCA-1,0.000053,0.133634,0.866313
ACTTTACCCTCATGAA-1,0.000065,0.000065,0.99987
ACTTTATACACCACTT-1,0.000034,0.577543,0.422423
ACTTTCCTATAGCTTC-1,0.00008,0.00008,0.999839
ACTTTGACTGCATCCT-1,0.000061,0.103034,0.896905
ACTTTGGTCGTGCTCC-1,0.000035,0.379476,0.620489
ACTTTGTCGACGCACT-1,0.000067,0.01646,0.983473
AGAAATTATGACTCGC-1,0.000035,0.009984,0.989981
AGAACACGGCGATGGT-1,0.000016,0.335885,0.664099
AGAACCCAGCGTGACA-1,0.000033,0.028121,0.971847
AGAACCCTCAATTGGG-1,0.000043,0.428116,0.571842
AGAACGTGGTACATTC-1,0.000033,0.000033,0.999933
AGAACTGTACTTTGTA-1,0.000016,0.05859,0.941394
AGAAGAGCGCCGTTCC-1,0.000548,0.000548,0.998905
AGAAGGTACACTTCAC-1,0.000891,0.111017,0.888092
AGAAGGTTGCCGAATT-1,0.000066,0.000066,0.999867
AGAAGGTTGTAGGTCG-1,0.000167,0.000167,0.999665
AGAAGTGATTCGTGAT-1,0.000043,0.000043,0.999914
AGAATAAATCTTCAGG-1,0.000044,0.011932,0.988024
AGAATACAGGCTATCC-1,0.000017,0.078038,0.921945
AGAATGCGGGTTCGGA-1,0.000824,0.00004,0.999136
AGAATTATGGATTCGA-1,0.001705,0.000086,0.998209
AGAATTGTTTGACATA-1,0.000022,0.047886,0.952093
AGACAGCTCAGAATCC-1,0.00005,0.102978,0.896972
AGACAGGCATCTCAGC-1,0.000032,0.000032,0.999936
AGACATAGATCCTTCC-1,0.000022,0.000022,0.999957
AGACCAAACCACACCT-1,0.000056,0.010476,0.989468
AGACCATGGGATACAA-1,0.00006,0.00006,0.999879
AGACCCACCGCTGATC-1,0.000028,0.000028,0.999943
AGACCCGCCCTCCTCG-1,0.000033,0.000033,0.999934
AGACCGCTCCGCGGTT-1,0.000056,0.000056,0.999889
AGACCGGGAAACCCTG-1,0.00003,0.093263,0.906707
AGACGAAGTGCCGGTC-1,0.001991,0.000134,0.997875
AGACGACGATGCCGCT-1,0.000042,0.000042,0.999916
AGACGCCCACTTCGCC-1,0.000048,0.071693,0.928259
AGACGGGCCGATTTAA-1,0.000044,0.000044,0.999912
AGACTAGCCTTCCAGA-1,0.000043,0.000043,0.999915
AGACTGTTACCGGGTC-1,0.000024,0.038506,0.96147
AGAGAAACACCAGAAA-1,0.000029,0.065877,0.934094
AGAGAACCGTCTAGGA-1,0.000132,0.000132,0.999736
AGAGAAGGAGTACAAT-1,0.000041,0.042444,0.957515
AGAGATCTCTAAAGCG-1,0.000022,0.000022,0.999955
AGAGCAGTTATGAGAC-1,0.000041,0.000041,0.999919
AGAGCCGCCGAGATTT-1,0.000077,0.000077,0.999846
AGAGCGCTTGTAACGG-1,0.00084,0.083446,0.915715
AGAGCGGGCTAATCAT-1,0.000034,0.000034,0.999931
AGAGCGTACAAGCTCG-1,0.000085,0.109014,0.890901
AGAGCTACGAAAGCAT-1,0.000096,0.079765,0.920139
AGAGGCTTCGGAAACC-1,0.000072,0.000072,0.999855
AGAGGGACAATTGTCC-1,0.000027,0.047069,0.952904
AGAGGTATCTCGGTCC-1,0.000136,0.26317,0.736694
AGAGTAAACTTCACTA-1,0.000062,0.000062,0.999876
AGAGTATAGTGTTACG-1,0.000026,0.114147,0.885827
AGAGTCTTAATGAAAG-1,0.000014,0.013157,0.986829
AGAGTTAGAGACCGAT-1,0.000022,0.000022,0.999956
AGAGTTGCAGGCCTCC-1,0.000008,0.127963,0.872029
AGATAACTTCAGGGCC-1,0.000032,0.000032,0.999935
AGATAATCACACCTAT-1,0.000021,0.612439,0.387539
AGATACCAATAGAACC-1,0.000073,0.000073,0.999854
AGATACCAGCACTTCA-1,0.000014,0.03763,0.962356
AGATACCGGTGTTCAC-1,0.000034,0.022425,0.977541
AGATACGACTTCATAT-1,0.000035,0.044085,0.95588
AGATACTCAAGATCGA-1,0.000091,0.000091,0.999818
AGATATAATACGACTA-1,0.000059,0.033034,0.966907
AGATCGTGCATAAGAT-1,0.000038,0.000038,0.999925
AGATCTCAGGTGTGAT-1,0.00013,0.00013,0.999739
AGATCTGGAGAGGATA-1,0.000025,0.40692,0.593055
AGATGACTCGCCCACG-1,0.000086,0.000086,0.999829
AGATGAGGGTTGCGAT-1,0.000071,0.000071,0.999857
AGATGATGGAGTCTGG-1,0.000078,0.000078,0.999844
AGATGCAAGACGTGCA-1,0.000047,0.169703,0.830249
AGATGCATCCTGTGTC-1,0.000091,0.048493,0.951416
AGATGCTATAACGAGC-1,0.000031,0.000031,0.999937
AGATTATAGGACGTTT-1,0.000041,0.000041,0.999918
AGATTCAAGCGGGTCG-1,0.000016,0.000016,0.999968
AGATTCACAACCGATA-1,0.000042,0.155445,0.844514
AGCAAAGGCCGCTAGT-1,0.000066,0.000066,0.999867
AGCAACATATCTTATT-1,0.000193,0.000193,0.999615
AGCAACCGAAAGTAAT-1,0.000055,0.116431,0.883514
AGCACACGTTTAGACT-1,0.000018,0.242394,0.757588
AGCACCAGTACTCACG-1,0.000061,0.000061,0.999877
AGCACTACCGGCCTGT-1,0.000034,0.000034,0.999933
AGCACTACCTCACCAG-1,0.000074,0.000074,0.999851
AGCACTTAAGGACGCC-1,0.000049,0.000049,0.999903
AGCAGAAGGAGAAAGA-1,0.000052,0.000052,0.999895
AGCAGCCAGATGAATA-1,0.00003,0.00003,0.999941
AGCAGTCGAAGCATGC-1,0.002319,0.026984,0.970698
AGCATATCAATATGCT-1,0.00014,0.04174,0.95812
AGCATCATTTCGAAAG-1,0.007692,0.1537,0.838608
AGCATCGTCGATAATT-1,0.000068,0.000068,0.999863
AGCATTACGAGGCAAG-1,0.000122,0.000122,0.999755
AGCCAAGCTTTGTGTC-1,0.000042,0.000042,0.999915
AGCCACAGGTTACCCG-1,0.000098,0.019884,0.980019
AGCCACTCCCGTGCTT-1,0.000103,0.062074,0.937823
AGCCATATAGTATGTG-1,0.000019,0.000019,0.999962
AGCCCATACATGTAAG-1,0.000022,0.000022,0.999955
AGCCCGCAACAAGCAG-1,0.000058,0.025227,0.974715
AGCCCGCACTACAATG-1,0.000095,0.000096,0.999809
AGCCCGGCATTAGAGG-1,0.00012,0.025631,0.974249
AGCCCGGTAGCCTGTA-1,0.000048,0.000048,0.999905
AGCCCTAAGCGAAGTT-1,0.000037,0.000037,0.999926
AGCCCTCCCTGGTGGC-1,0.000044,0.31163,0.688327
AGCCCTGTCGCACCGT-1,0.00008,0.100288,0.899632
AGCCCTTCTAATCCGA-1,0.000043,0.005385,0.994572
AGCCCTTGGACATCCC-1,0.000111,0.000111,0.999778
AGCCGCAAATTCAAAT-1,0.000029,0.012725,0.987246
AGCCGCTTGATTAGCG-1,0.000012,0.007057,0.992932
AGCCGTGGCTAAATGT-1,0.000077,0.007143,0.99278
AGCCTAATACCCACGT-1,0.000076,0.083413,0.916511
AGCCTTAAAGCGGAAG-1,0.000072,0.000072,0.999856
AGCCTTGTCACTGATA-1,0.000028,0.631253,0.368719
AGCGACAGGAACGGTC-1,0.000023,0.023322,0.976656
AGCGACATCCCATTCA-1,0.000051,0.000051,0.999899
AGCGACCAACGATATT-1,0.000082,0.000082,0.999836
AGCGACTTTGAAGACA-1,0.000695,0.034157,0.965148
AGCGAGACGTGAAGGC-1,0.00005,0.245454,0.754496
AGCGATGCGCCTAATA-1,0.000224,0.084646,0.91513
AGCGCATAATGAATCG-1,0.000034,0.000034,0.999931
AGCGCGGGTGCCAATG-1,0.000068,0.000068,0.999863
AGCGCTAGAGCGATGT-1,0.000018,0.0036,0.996383
AGCGCTTATGGGCAAG-1,0.000039,0.018387,0.981574
AGCGGACACTTCGTAG-1,0.000079,0.102181,0.89774
AGCGGCGGTTAGCGGT-1,0.000052,0.089112,0.910836
AGCGGGAAGGGTCCAT-1,0.000099,0.000099,0.999802
AGCGGGTCTGACACTC-1,0.004356,0.000089,0.995555
AGCGGTTGAGATGTAC-1,0.000058,0.000058,0.999883
AGCGGTTGCCGCTCTG-1,0.000034,0.000034,0.999932
AGCGTACGAGAGCTAG-1,0.000099,0.000099,0.999802
AGCGTAGCGCTAGACC-1,0.000071,0.000071,0.999857
AGCGTCTGAACCCGCA-1,0.000034,0.000034,0.999931
AGCGTGGTATTCTACT-1,0.000054,0.000054,0.999893
AGCGTTCCGATTTAAA-1,0.00003,0.00003,0.999941
AGCTAACAAGCAATGT-1,0.000048,0.000429,0.999522
AGCTAAGCTCCGTCCG-1,0.000009,0.329948,0.670044
AGCTAAGTACGCAGGC-1,0.000101,0.010521,0.989378
AGCTACGAATGGTGGT-1,0.000135,0.353956,0.645909
AGCTAGAAGCAGAAGT-1,0.000042,0.000042,0.999916
AGCTATTTAATCCAAC-1,0.000128,0.034068,0.965804
AGCTCCATATATGTTC-1,0.0001,0.0001,0.999799
AGCTCCTTCGCACATC-1,0.000167,0.000167,0.999666
AGCTCGTTGATGGAAA-1,0.000012,0.000012,0.999977
AGCTCTAGACGTTCCA-1,0.004861,0.000033,0.995106
AGCTCTTCCCAGTGCA-1,0.000098,0.000099,0.999803
AGCTCTTCGTAACCTT-1,0.00006,0.00006,0.99988
AGCTCTTTACTCAGTT-1,0.000021,0.000021,0.999957
AGCTGAAGTAAACCAA-1,0.000129,0.000129,0.999742
AGCTGCATTTGAGGTG-1,0.000019,0.014442,0.985539
AGCTGTAACCTCAATC-1,0.000047,0.022122,0.977831
AGCTTATAGAGACCTG-1,0.000116,0.000116,0.999768
AGCTTCTTCTCGAGCA-1,0.000057,0.076622,0.923321
AGCTTGATCAGGGTAG-1,0.000029,0.759887,0.240084
AGCTTGATCTTAACTT-1,0.000056,0.000056,0.999888
AGGAAAGCCTCTGATG-1,0.000046,0.000046,0.999908
AGGAACGAACGACTTC-1,0.000053,0.000053,0.999894
AGGAAGCTGTCCGCCG-1,0.000059,0.000059,0.999882
AGGACAGTCGAATCCC-1,0.000073,0.000073,0.999855
AGGACATCGCACGTCG-1,0.00003,0.00003,0.99994
AGGACATCGGCACACT-1,0.000037,0.000037,0.999926
AGGACGACCCATTAGA-1,0.0016,0.00002,0.99838
AGGACGCTCGATGTTG-1,0.000048,0.000048,0.999904
AGGACTTATAGGAGAA-1,0.000068,0.000068,0.999864
AGGAGACATCCACAGT-1,0.000021,0.000021,0.999958
AGGAGAGTCTGGCTAC-1,0.000011,0.064883,0.935106
AGGAGCGTTTATTATC-1,0.000013,0.019187,0.980801
AGGAGGCCTTCGCGCG-1,0.00017,0.00017,0.99966
AGGATAAAGTCGGGAT-1,0.000025,0.000025,0.99995
AGGATATAGGGATTTA-1,0.000119,0.000119,0.999761
AGGATATCCGACTGCA-1,0.002707,0.057927,0.939366
AGGATCACGCGATCTG-1,0.000045,0.075371,0.924584
AGGATTGCTTACGACA-1,0.000052,0.000052,0.999896
AGGCAAAGAGGAATCA-1,0.000082,0.000082,0.999836
AGGCAATACGGAGGAC-1,0.000018,0.000018,0.999963
AGGCACGTGACTGTCC-1,0.000118,0.000118,0.999763
AGGCAGATGCGTAAAC-1,0.000108,0.082494,0.917398
AGGCAGGGAGCGTACT-1,0.000029,0.036062,0.963909
AGGCATTGTCGTAGGG-1,0.000166,0.000166,0.999668
AGGCCACATTGGTTAC-1,0.000015,0.024621,0.975364
AGGCCACCCGTTATGA-1,0.000036,0.012568,0.987396
AGGCCCAGTGACTGGT-1,0.000075,0.000075,0.999849
AGGCCCATTGTACAGG-1,0.006329,0.000084,0.993587
AGGCCCTAGAACGCCA-1,0.000037,0.000037,0.999926
AGGCCTATCATACCAA-1,0.000009,0.10107,0.898921
AGGCCTGAGAATCTCG-1,0.000063,0.000063,0.999874
AGGCGATAACTGGCGT-1,0.000101,0.000101,0.999797
AGGCGGTTTGTCCCGC-1,0.000035,0.301484,0.698481
AGGCGTCTATGGACGG-1,0.000049,0.000049,0.999903
AGGCTATGGTTAGCTT-1,0.000135,0.000135,0.99973
AGGCTTAAGTTGCACA-1,0.000129,0.000129,0.999742
AGGCTTCCCGAAGAAG-1,0.00003,0.00003,0.999939
AGGCTTGCTAGACACC-1,0.000061,0.236493,0.763446
AGGGAAACGAGGTACT-1,0.000047,0.013673,0.98628
AGGGACAGCACGGCGG-1,0.000145,0.034338,0.965517
AGGGACCGGCTGCGTT-1,0.000046,0.000046,0.999909
AGGGACTCTACGCGAC-1,0.000024,0.014385,0.98559
AGGGAGACATACTTCG-1,0.000043,0.016355,0.983602
AGGGCAGCGGCGTGGT-1,0.000044,0.002576,0.99738
AGGGCCCTAATGTTCT-1,0.000024,0.085422,0.914555
AGGGCGAGCAGCTGAT-1,0.000044,0.000044,0.999912
AGGGCGTGATCGGCTA-1,0.000059,0.000059,0.999882
AGGGCTGCAGTTACAG-1,0.000023,0.000023,0.999955
AGGGTCAGAGCACTCG-1,0.000031,0.20236,0.79761
AGGGTCAGTAACCCTA-1,0.000059,0.000059,0.999883
AGGGTCGATGCGAACT-1,0.000186,0.050251,0.949563
AGGGTCTGGACGCAGT-1,0.000019,0.000019,0.999961
AGGGTGCCGTTCTTTA-1,0.000036,0.000036,0.999928
AGGGTGCTCTCGAGGG-1,0.000082,0.000082,0.999837
AGGGTGGATAGTGCAT-1,0.000109,0.067792,0.932098
AGGGTTCAGACGGTCC-1,0.000023,0.021585,0.978392
AGGGTTCCCTTTGGTT-1,0.000197,0.000197,0.999606
AGGGTTTAGTTCGGGA-1,0.000028,0.000028,0.999944
AGGTAACCTCCTATTC-1,0.000033,0.000033,0.999933
AGGTACGATATTGCCA-1,0.000136,0.000136,0.999727
AGGTAGATCGAGATAT-1,0.000045,0.068166,0.931789
AGGTAGGTACAAAGCT-1,0.000047,0.018255,0.981698
AGGTATAATTGATAGT-1,0.000056,0.000056,0.999889
AGGTATGCGGACATTA-1,0.000022,0.051748,0.94823
AGGTCAGGTGAGAGTG-1,0.000063,0.000063,0.999874
AGGTCGCCACTTCGGT-1,0.000069,0.000069,0.999863
AGGTCGCCTCCCAACA-1,0.000026,0.000026,0.999947
AGGTCGCGGAGTTACT-1,0.0001,0.0001,0.9998
AGGTGCACGTCCACAT-1,0.000138,0.045034,0.954828
AGGTGGTGACCTTCGC-1,0.000045,0.054163,0.945792
AGGTGTATCGCCATGA-1,0.002121,0.000032,0.997848
AGGTGTTGCCGACCAC-1,0.000017,0.14024,0.859743
AGGTTACACCATGCCG-1,0.005206,0.000038,0.994756
AGGTTCTCCTTTCCGG-1,0.000043,0.573232,0.426725
AGGTTGAGGCACGCTT-1,0.000172,0.000172,0.999656
AGGTTTCACACACCTT-1,0.000034,0.000034,0.999933
AGTAACGTTCATCCTG-1,0.000023,0.019917,0.98006
AGTAACTATAGCAGCC-1,0.00004,0.206829,0.79313
AGTAAGGGACAGAATC-1,0.000083,0.24906,0.750857
AGTAATCTAAGGGTGG-1,0.000041,0.073393,0.926566
AGTAATGTCTTGCCGC-1,0.000055,0.000055,0.99989
AGTAATTTGCAAGCGT-1,0.000031,0.590219,0.40975
AGTACAGAAGCTTATA-1,0.000083,0.308555,0.691362
AGTACATCATTTATCA-1,0.001606,0.00009,0.998304
AGTACCTTCGAGTGCT-1,0.000036,0.050082,0.949882
AGTACGGCCCGTATCG-1,0.000057,0.017228,0.982715
AGTACGGGCACCTGGC-1,0.000148,0.000148,0.999705
AGTACGTGGCCTGTCT-1,0.000068,0.000068,0.999865
AGTACTCTTATGCCCA-1,0.000283,0.028421,0.971296
AGTAGAAGGCGCCTCA-1,0.000043,0.000043,0.999915
AGTAGCTAGACGCCGA-1,0.000026,0.000026,0.999948
AGTAGGAAGGAAGTTG-1,0.000059,0.020882,0.979059
AGTAGGTAACATACAT-1,0.000077,0.006182,0.99374
AGTATAATACTAGGCA-1,0.00005,0.00005,0.999899
AGTATACACAGCGACA-1,0.001568,0.017731,0.980701
AGTATCCATAATAACG-1,0.000026,0.000026,0.999948
AGTATGCTGGAGACCA-1,0.000101,0.076229,0.92367
AGTATTTGGCACGACC-1,0.000033,0.000033,0.999935
AGTCAAATGATGTGAT-1,0.000024,0.010639,0.989337
AGTCAACACCACCATC-1,0.000043,0.000043,0.999914
AGTCAAGATGACACTT-1,0.000094,0.000094,0.999812
AGTCACTAGCTCTCGA-1,0.000217,0.000217,0.999566
AGTCACTCCGCCTCAT-1,0.000024,0.000024,0.999952
AGTCAGCCACCGCCTG-1,0.000077,0.172988,0.826935
AGTCCAGCGGGTACGT-1,0.000032,0.000032,0.999937
AGTCCATTGGCTGATG-1,0.000095,0.000095,0.999811
AGTCCCGCCTTTAATT-1,0.000033,0.000033,0.999934
AGTCCCTCGCAGAAAG-1,0.000014,0.247326,0.752661
AGTCGAAACGATTCAG-1,0.000023,0.47917,0.520807
AGTCGAATTAGCGTAA-1,0.000041,0.000041,0.999918
AGTCGACGGTCTCAAG-1,0.000083,0.20991,0.790006
AGTCGGCCCAAACGAC-1,0.000055,0.000055,0.999891
AGTCGGCTCAACTTTA-1,0.00804,0.014561,0.9774
AGTCGGTTGCGTGAGA-1,0.000029,0.027078,0.972893
AGTCGTATAAAGCAGA-1,0.000119,0.000119,0.999763
AGTCGTCGACCACCAA-1,0.000077,0.030473,0.969449
AGTCGTGGGCATTACG-1,0.00147,0.000037,0.998493
AGTCTAAAGTATACTC-1,0.000045,0.000045,0.99991
AGTCTCACAAGACTAC-1,0.000058,0.000058,0.999884
AGTCTGGACATCCTTG-1,0.000087,0.044985,0.954928
