Barcode,Topic 1,Topic 2,Topic 3to4,Topic 5to11
AAACAAGTATCTCCCA-1,0.141,0.055186,0.474365,0.329449
AAACACCAATAACTGC-1,0.291591,0.330468,0.000031,0.377909
AAACAGAGCGACTCCT-1,0.000031,0.000031,0.514108,0.485831
AAACAGCTTTCAGAAG-1,0.159899,0.013435,0.298941,0.527725
AAACAGGGTCTATATT-1,0.000013,0.003086,0.288815,0.708086
AAACAGTGTTCCTGGG-1,0.744562,0.187595,0.000044,0.067799
AAACATGGTGAGAGGA-1,0.544204,0.126817,0.153775,0.175204
AAACATTTCCCGGATT-1,0.581941,0.049856,0.261686,0.106517
AAACCCGAACGAAATC-1,0.01416,0.006686,0.301506,0.677648
AAACCGGGTAGGTACC-1,0.015441,0.000006,0.002737,0.981816
AAACCGTTCGTCCAGG-1,0.000008,0.002827,0.084362,0.912804
AAACCTAAGCAGCCGG-1,0.793598,0.030369,0.097965,0.078068
AAACCTCATGAAGTTG-1,0.000005,0.000005,0.001618,0.998373
AAACGAAGATGGAGTA-1,0.128822,0.41427,0.456778,0.00013
AAACGAGACGGTTGAT-1,0.000009,0.005244,0.316557,0.678189
AAACGGGCGTACGGGT-1,0.064581,0.712764,0.010294,0.212361
AAACGGTTGCGAACTG-1,0.778567,0.048823,0.073704,0.098906
AAACGTGTTCGCCCTA-1,0.000049,0.087552,0.64377,0.268628
AAACTCGGTTCGCAAT-1,0.662054,0.168307,0.000035,0.169604
AAACTCGTGATATAAG-1,0.000032,0.045958,0.634252,0.319758
AAACTGCTGGCTCCAA-1,0.091333,0.002489,0.804064,0.102113
AAACTTAATTGCACGC-1,0.734981,0.1128,0.152086,0.000133
AAACTTGCAAACGTAT-1,0.017029,0.03572,0.182661,0.764591
AAAGAATGACCTTAGA-1,0.682786,0.068126,0.192556,0.056532
AAAGACCCAAGTCGCG-1,0.000075,0.17652,0.611559,0.211845
AAAGACTGGGCGCTTT-1,0.022674,0.027577,0.517078,0.432672
AAAGCTTGCCTACATA-1,0.000015,0.000015,0.257693,0.742277
AAAGGCCCTATAATAC-1,0.228984,0.391503,0.000036,0.379477
AAAGGCTACGGACCAT-1,0.202121,0.639952,0.000077,0.157849
AAAGGCTCTCGCGCCG-1,0.11552,0.052793,0.831466,0.000221
AAAGGGATGTAGCAAG-1,0.000032,0.000032,0.765176,0.234761
AAAGGGCAGCTTGAAT-1,0.02501,0.000013,0.125606,0.849372
AAAGGTAAGCTGTACC-1,0.000059,0.583355,0.380785,0.035801
AAAGTAGCATTGCTCA-1,0.000028,0.059244,0.898725,0.042003
AAAGTCACTGATGTAA-1,0.03277,0.444305,0.366906,0.156019
AAAGTCGACCCTCAGT-1,0.02561,0.000009,0.014876,0.959505
AAAGTGTGATTTATCT-1,0.00002,0.069278,0.624235,0.306467
AAAGTTGACTCCCGTA-1,0.015548,0.122385,0.631365,0.230702
AAATAACCATACGGGA-1,0.00002,0.107485,0.38057,0.511926
AAATAAGGTAGTGCCC-1,0.000006,0.000006,0.135427,0.864562
AAATACCTATAAGCAT-1,0.100443,0.052054,0.342181,0.505322
AAATAGCTTAGACTTT-1,0.053942,0.000014,0.339473,0.606571
AAATAGGGTGCTATTG-1,0.259922,0.008853,0.51934,0.211884
AAATCCGATACACGCC-1,0.068704,0.226985,0.001604,0.702707
AAATCGCGGAAGGAGT-1,0.000211,0.097815,0.055606,0.846368
AAATCGTGTACCACAA-1,0.034272,0.00873,0.364331,0.592667
AAATCTAGCCCTGCTA-1,0.187405,0.044016,0.302986,0.465593
AAATCTGCCCGCGTCC-1,0.732295,0.1453,0.104673,0.017732
AAATGACTGATCAAAC-1,0.874128,0.000077,0.012152,0.113643
AAATGATTCGATCAGC-1,0.000025,0.010049,0.484572,0.505355
AAATGCTCGTTACGTT-1,0.000059,0.000059,0.960711,0.03917
AAATGGCATGTCTTGT-1,0.00004,0.00004,0.838915,0.161005
AAATGGCCCGTGCCCT-1,0.219929,0.097601,0.142915,0.539555
AAATGGTCAATGTGCC-1,0.040652,0.000077,0.365678,0.593594
AAATGTATCTTATCCC-1,0.000028,0.010407,0.249426,0.740139
AAATTAACGGGTAGCT-1,0.000026,0.000026,0.692547,0.307401
AAATTAATAAGCGCGA-1,0.000035,0.038782,0.806635,0.154548
AAATTACACGACTCTG-1,0.00003,0.00003,0.417989,0.581952
AAATTACCTATCGATG-1,0.000015,0.000015,0.076258,0.923711
AAATTCCAGGTCCAAA-1,0.04686,0.000006,0.068454,0.88468
AAATTGATAGTCCTTT-1,0.000019,0.154463,0.178049,0.667468
AAATTGGTGAGAAGCA-1,0.000042,0.142482,0.742777,0.114699
AAATTTGCGGGTGTGG-1,0.062621,0.021643,0.873351,0.042385
AACAACTGGTAGTTGC-1,0.006114,0.020457,0.127218,0.846211
AACAATACATTGTCGA-1,0.014272,0.557469,0.000019,0.428239
AACAATTACTCTACGC-1,0.008871,0.03214,0.7289,0.230089
AACACACGCTCGCCGC-1,0.000025,0.000005,0.007899,0.992071
AACACGACTGTACTGA-1,0.000067,0.091282,0.631485,0.277166
AACACGAGACGCGGCC-1,0.000011,0.00022,0.262268,0.737501
AACAGCTGTGTGGCAA-1,0.58665,0.115314,0.289374,0.008662
AACAGGAAATCGAATA-1,0.000029,0.000029,0.394014,0.605927
AACAGGATGGGCCGCG-1,0.000022,0.02184,0.465558,0.51258
AACAGGTAGTATGGAT-1,0.019871,0.015992,0.427408,0.536728
AACATAGCGTGTATCG-1,0.855634,0.022709,0.044571,0.077086
AACATATCAACTGGTG-1,0.005521,0.031899,0.357116,0.605464
AACATCGATACGTCTA-1,0.000025,0.000025,0.00005,0.9999
AACATTGAAGTTGATC-1,0.595045,0.347494,0.057251,0.00021
AACATTGTGACTCGAG-1,0.382288,0.499157,0.118355,0.000201
AACCAAGACTTCTCTG-1,0.009571,0.00666,0.634104,0.349664
AACCATAGGGTTGAAC-1,0.708971,0.227554,0.00148,0.061995
AACCATGGGATCGCTA-1,0.000065,0.026209,0.587291,0.386436
AACCCAGAGACGGAGA-1,0.03299,0.031928,0.696873,0.238209
AACCCATCCCATGATC-1,0.00497,0.078772,0.132685,0.783573
AACCCGACAACCCGTG-1,0.427451,0.382173,0.000032,0.190344
AACCCGCTGTATTCCA-1,0.79016,0.090933,0.118403,0.000503
AACCCTACTGTCAATA-1,0.000025,0.312589,0.465044,0.222343
AACCGAGCTTGGTCAT-1,0.048366,0.003239,0.706285,0.24211
AACCGCTAAGGGATGC-1,0.000006,0.000006,0.05191,0.948078
AACCGTTGTGTTTGCT-1,0.000116,0.013735,0.985334,0.000815
AACCTCGCTTTAGCCC-1,0.099313,0.533825,0.000051,0.366811
AACCTGTCACGGAATT-1,0.015015,0.004442,0.335852,0.644691
AACCTTTAAATACGGT-1,0.000018,0.08809,0.686637,0.225255
AACCTTTACGACGTCT-1,0.000028,0.000028,0.34714,0.652803
AACGAAAGTCGTCCCA-1,0.069067,0.114125,0.463892,0.352916
AACGATAATGCCGTAG-1,0.00005,0.263493,0.120372,0.616085
AACGATAGAAGGGCCG-1,0.00005,0.00005,0.790533,0.209368
AACGATATGTCAACTG-1,0.000028,0.01926,0.593648,0.387064
AACGCATGATCTGGGT-1,0.000036,0.000036,0.454906,0.545022
AACGCGACCTTGGGCG-1,0.700678,0.124632,0.117383,0.057307
AACGCGGTCTCCAGCC-1,0.000038,0.000038,0.332186,0.667739
AACGCTGTTGCTGAAA-1,0.00001,0.042439,0.184447,0.773104
AACGGACGTACGTATA-1,0.000019,0.181639,0.818209,0.000133
AACGGCCATCTCCGGT-1,0.010533,0.015953,0.33942,0.634094
AACGTACTGTGGGTAC-1,0.000022,0.004103,0.720948,0.274927
AACGTCAGACTAGTGG-1,0.000036,0.016204,0.654976,0.328784
AACGTCATCCGGCTTG-1,0.688444,0.003788,0.007577,0.300191
AACGTGATGAAGGACA-1,0.000062,0.657654,0.341847,0.000437
AACGTGCGAAAGTCTC-1,0.0708,0.001537,0.345726,0.581936
AACGTTATCAGCACCT-1,0.000042,0.000042,0.304257,0.695658
AACTACCCGTTTGTCA-1,0.000021,0.149212,0.66106,0.189707
AACTAGGCTTGGGTGT-1,0.005373,0.021042,0.126319,0.847267
AACTCAAGTTAATTGC-1,0.001064,0.000579,0.249849,0.748507
AACTCCAGAGCGTGTT-1,0.138649,0.224053,0.543401,0.093897
AACTCCTAATCCCATG-1,0.000036,0.000036,0.66989,0.330038
AACTCTCAATAGAGCG-1,0.01504,0.020948,0.1507,0.813312
AACTCTCAGTGTGCTC-1,0.00001,0.0884,0.148901,0.76269
AACTGATATTAGGCCT-1,0.000036,0.004188,0.540388,0.455388
AACTGGGTCCCGACGT-1,0.000013,0.000013,0.208118,0.791855
AACTTCTGCGTCTATC-1,0.000055,0.000055,0.373591,0.626299
AACTTGCCCGTATGCA-1,0.000021,0.000021,0.332507,0.667451
AACTTGCGTTCTCGCG-1,0.000066,0.074484,0.587495,0.337954
AACTTTACGGGAGCTT-1,0.000046,0.000046,0.799997,0.199911
AACTTTCTCGATCATG-1,0.000021,0.003587,0.296417,0.699976
AAGAAAGTTTGATGGG-1,0.581871,0.297838,0.084182,0.036109
AAGAAATCACCAGATT-1,0.048501,0.045329,0.265875,0.640295
AAGACCAAATAACTCA-1,0.541895,0.349483,0.079257,0.029365
AAGACCCAACTGAACA-1,0.409428,0.255929,0.311073,0.02357
AAGACTGCAAGCTACT-1,0.000012,0.008588,0.240324,0.751076
AAGAGATGAATCGGTA-1,0.035483,0.000012,0.006872,0.957633
AAGAGCTCTTTATCGG-1,0.035645,0.031688,0.262242,0.670425
AAGAGGATGTACGCGA-1,0.000007,0.000007,0.008106,0.99188
AAGAGGCATGGATCGC-1,0.029902,0.000115,0.098809,0.871173
AAGAGGCCCTTTGGAA-1,0.06117,0.086914,0.303647,0.548269
AAGATGGCACCGGACC-1,0.213815,0.078697,0.073242,0.634247
AAGATTGGCGGAACGT-1,0.00001,0.002844,0.141213,0.855932
AAGCACCCTGCGTATC-1,0.081677,0.467362,0.450661,0.000299
AAGCATACTCTCCTGA-1,0.000015,0.122619,0.317302,0.560064
AAGCCACTTGCAGGTA-1,0.770999,0.089934,0.095221,0.043846
AAGCCGAAGCGGTTTA-1,0.000016,0.130967,0.717926,0.151091
AAGCCGCCGTGAAATC-1,0.824296,0.006555,0.071016,0.098133
AAGCCGCTTTACCTTG-1,0.000028,0.021478,0.331999,0.646495
AAGCGCAGGGCTTTGA-1,0.118321,0.184496,0.418897,0.278286
AAGCGGAGTGCGCGCA-1,0.022253,0.080087,0.239551,0.658109
AAGCGGCGTCATGGGT-1,0.000041,0.0891,0.497121,0.413738
AAGCGTCCCTCATCGA-1,0.000046,0.319637,0.679996,0.000321
AAGCTAGATCGAGTAA-1,0.000025,0.091255,0.868692,0.040028
AAGCTATGGATTGACC-1,0.524073,0.000362,0.000724,0.47484
AAGCTCGTGCCAAGTC-1,0.022305,0.007923,0.414246,0.555526
AAGCTCTTTCATGGTG-1,0.000046,0.194248,0.694367,0.111339
AAGGAGCGGTTGGTGC-1,0.044954,0.000171,0.232249,0.722626
AAGGATCGATCGCTTG-1,0.05432,0.002788,0.353634,0.589257
AAGGATGAGGGACCTC-1,0.097033,0.003011,0.806299,0.093658
AAGGCAGGCTGTCTCC-1,0.027612,0.004234,0.332718,0.635435
AAGGCGCGTAAAGCTT-1,0.000021,0.000021,0.228589,0.771369
AAGGCTGTGCTCATCG-1,0.028841,0.000022,0.291244,0.679893
AAGGGAACGACTGGCT-1,0.354544,0.383966,0.128611,0.132879
AAGGGACAGATTCTGT-1,0.000008,0.000008,0.000017,0.999967
AAGGGACTATGCATTC-1,0.112306,0.36724,0.000037,0.520417
AAGGGTTTGATTTCAG-1,0.143183,0.12405,0.401355,0.331411
AAGGTATCCTAATATA-1,0.015538,0.003898,0.665435,0.315129
AAGGTGATAAACCAGC-1,0.000111,0.038134,0.557892,0.403863
AAGTAGAAGACCGGGT-1,0.000014,0.000014,0.004057,0.995915
AAGTAGTGACGCGAGG-1,0.037567,0.01242,0.582453,0.36756
AAGTCAATTGTCGTCA-1,0.000012,0.09157,0.40491,0.503508
AAGTCTAGTAGCTGCC-1,0.034122,0.010092,0.33252,0.623266
AAGTCTTCTGTGGCCT-1,0.000024,0.086611,0.514343,0.399023
AAGTGACGACCGAATT-1,0.000012,0.000012,0.177722,0.822255
AAGTGAGTCGGGTTTA-1,0.538911,0.150656,0.161592,0.148841
AAGTGCAAAGGTAGAC-1,0.000042,0.039693,0.697692,0.262573
AAGTGCCTTGACTGTA-1,0.000007,0.000007,0.005609,0.994376
AAGTGCGTTAGAATCT-1,0.000013,0.02982,0.36851,0.601657
AAGTGCTTCTCTATTG-1,0.573633,0.237535,0.052393,0.136439
AAGTGTTTGGAGACGG-1,0.00001,0.00001,0.193665,0.806315
AAGTTCACTCCAAGCT-1,0.358508,0.043306,0.597923,0.000262
AAGTTCAGTCTGCGTA-1,0.01599,0.033353,0.243274,0.707384
AAGTTCGGCCAACAGG-1,0.000673,0.009646,0.354075,0.635605
AAGTTGTGATGTTATA-1,0.127851,0.095904,0.23121,0.545036
AAGTTTATGGGCCCAA-1,0.668521,0.232608,0.015957,0.082915
AATAACAACGCTCGGC-1,0.000004,0.000004,0.013503,0.986488
AATAACACTAGAACAA-1,0.008429,0.000007,0.157719,0.833845
AATACAATGTTTCAGG-1,0.00003,0.00003,0.559207,0.440733
AATACCGGAGGGCTGT-1,0.820038,0.087676,0.090436,0.00185
AATACCTGATGTGAAC-1,0.089807,0.00841,0.405792,0.49599
AATAGAACAGAGTGGC-1,0.000007,0.000007,0.125562,0.874423
AATAGAATCTGTTTCA-1,0.000021,0.098621,0.891002,0.010356
AATAGCTACCGCGTGC-1,0.00488,0.009173,0.057157,0.928791
AATAGGCACGACCCTT-1,0.341519,0.004785,0.00957,0.644125
AATAGTCCGTCCCGAC-1,0.35112,0.051856,0.589664,0.00736
AATAGTCGCGAGTCGG-1,0.000027,0.000027,0.125114,0.874832
AATATCCTAGCAAACT-1,0.063929,0.004422,0.468682,0.462967
AATATCGAATCAATGC-1,0.000028,0.092565,0.466055,0.441352
AATATCGAGGGTTCTC-1,0.003931,0.000027,0.458619,0.537423
AATATTGGAGTATTGA-1,0.070918,0.000013,0.285977,0.643092
AATCAGGTTTCATTTA-1,0.693622,0.0944,0.006695,0.205283
AATCATGTAAAGACTC-1,0.087295,0.212555,0.691734,0.008416
AATCCAAGGGCCTGAG-1,0.000085,0.230003,0.769316,0.000596
AATCCCGCTCAGAGCC-1,0.71652,0.142394,0.099061,0.042024
AATCGAGGTCTCAAGG-1,0.880963,0.000246,0.003663,0.115128
AATCGCCTCAGCGCCA-1,0.021346,0.006301,0.363118,0.609234
AATCGCGCAGAGGACT-1,0.000012,0.000529,0.48602,0.513439
AATCGTGAGCCGAGCA-1,0.61139,0.164163,0.091806,0.132641
AATCTAGGTTTACTTG-1,0.014005,0.136794,0.79304,0.056161
AATCTATGCCGGAGCC-1,0.009568,0.00002,0.168725,0.821686
AATCTCTACTGTGGTT-1,0.035244,0.004517,0.003336,0.956902
AATCTGCGTTGGGACG-1,0.000024,0.06287,0.538574,0.398533
AATCTGGCTTTCTAGT-1,0.000025,0.011552,0.593941,0.394483
AATGACAGCAATGTCT-1,0.000025,0.090229,0.885596,0.02415
AATGACGTAGGATGTC-1,0.00002,0.007811,0.801171,0.190999
AATGACTGTCAGCCGG-1,0.000031,0.000031,0.577846,0.422093
AATGAGTTCGCATATG-1,0.030521,0.081576,0.825264,0.062639
AATGATGATACGCTAT-1,0.000035,0.000035,0.656108,0.343821
AATGATGCGACTCCTG-1,0.000016,0.000016,0.051056,0.948911
AATGCAACCGGGTACC-1,0.000025,0.008017,0.615148,0.37681
AATGCACCAAGCAATG-1,0.000028,0.000028,0.582362,0.417581
AATGGTCCACCGTTCA-1,0.00002,0.003417,0.293041,0.703522
AATGGTTCTCACAAGC-1,0.005982,0.000016,0.073089,0.920914
AATGTATGGCACTGTA-1,0.503115,0.369776,0.023198,0.10391
AATGTGCCCGAGGTGT-1,0.040649,0.031386,0.456606,0.471359
AATGTGCTAATCTGAG-1,0.962953,0.013639,0.023268,0.00014
AATGTTAAGACCCTGA-1,0.503959,0.198081,0.077277,0.220683
AATTAAAGGTCGGCGT-1,0.000008,0.001254,0.109349,0.889389
AATTAACGGATTTCCA-1,0.107545,0.206382,0.407636,0.278437
AATTACGAGACCCATC-1,0.579256,0.0457,0.245417,0.129628
AATTAGCGCTGCAGCG-1,0.000023,0.038377,0.419576,0.542024
AATTATACCCAGCAAG-1,0.977163,0.000119,0.000238,0.02248
AATTCATAAGGGATCT-1,0.000017,0.001317,0.159886,0.83878
AATTCATTGTCATGCA-1,0.349696,0.458711,0.118839,0.072754
AATTCCAAGCATGTAC-1,0.890833,0.021762,0.087223,0.000181
AATTCGATTCGAGGAT-1,0.166241,0.154979,0.263048,0.415732
AATTCTAGAGTTAGGC-1,0.057236,0.018932,0.881754,0.042078
AATTGAACGCTCTGGT-1,0.156427,0.003461,0.138074,0.702038
AATTGCAGCAATCGAC-1,0.337062,0.470981,0.172517,0.019441
AATTGCGTGGATTACA-1,0.556479,0.351166,0.005916,0.086439
AATTTGGGACATAGTA-1,0.000036,0.000036,0.565657,0.434271
AATTTGGTTCCAAAGA-1,0.000075,0.026308,0.88091,0.092708
ACAAACCATGCGTCCT-1,0.74481,0.220798,0.012869,0.021524
ACAAACTCCATCAGAG-1,0.871438,0.00006,0.128079,0.000423
ACAAAGAAGGTAGGCC-1,0.011819,0.011604,0.561392,0.415184
ACAAAGCATGACCTAG-1,0.215294,0.508623,0.082638,0.193445
ACAAATCGCACCGAAT-1,0.065664,0.02375,0.910467,0.000119
ACAAATGGTAGTGTTT-1,0.000266,0.03171,0.498209,0.469815
ACAACAGCATGAGCTA-1,0.073998,0.00832,0.337804,0.579879
ACAACGGTCCCTGCGA-1,0.000024,0.000024,0.489079,0.510872
ACAAGCAGTGCCTAGC-1,0.000011,0.000011,0.156123,0.843856
ACAAGCTATATGGAAG-1,0.000018,0.001469,0.231001,0.767512
ACAAGGAAATCCGCCC-1,0.000016,0.072207,0.80148,0.126297
ACAAGGACAAGAGGTT-1,0.000012,0.000012,0.113898,0.886077
ACAAGGATGCTTTAGG-1,0.060619,0.371268,0.108613,0.4595
ACAAGGGCAGGCTCTG-1,0.027013,0.000008,0.181408,0.791572
ACAAGTAATTGTAAGG-1,0.005051,0.949488,0.010102,0.035359
ACAATAGTCGTACGTT-1,0.03271,0.005485,0.135642,0.826163
ACAATCCATTTAAACC-1,0.096568,0.007864,0.345898,0.54967
ACAATGAATACGGAGA-1,0.045563,0.36027,0.593958,0.000209
ACAATTGTGTCTCTTT-1,0.000009,0.000009,0.028701,0.971281
ACAATTTAGGAGGCTC-1,0.000022,0.000022,0.101008,0.898948
ACAATTTGAGCAGTGG-1,0.009365,0.053503,0.520511,0.41662
ACACAAAGACGGGTGG-1,0.00684,0.000023,0.515227,0.477909
ACACAAATATTCCTAG-1,0.000042,0.148331,0.591081,0.260547
ACACACCAGGACCAGT-1,0.033039,0.018606,0.932911,0.015443
ACACACTTTCTACACG-1,0.000052,0.000052,0.486435,0.51346
ACACATGATCAAATCT-1,0.510738,0.205747,0.226998,0.056517
ACACATTTCCGTAGAC-1,0.815685,0.006496,0.000141,0.177678
ACACCACATAATTAGC-1,0.007194,0.006593,0.190793,0.795421
ACACCCAGCATGCAGC-1,0.000024,0.000024,0.322637,0.677314
ACACCCGAGAAATCCG-1,0.005676,0.00002,0.18917,0.805134
ACACCGGTCTGACCGC-1,0.343875,0.001255,0.000014,0.654856
ACACCTTAAGTAGGGC-1,0.000022,0.000022,0.219509,0.780448
ACACCTTACTACTTGC-1,0.021879,0.07126,0.692721,0.214141
ACACGAGACTCCTTCT-1,0.044891,0.00001,0.08748,0.867618
ACACGGGAACTTAGGG-1,0.00002,0.394683,0.161783,0.443514
ACACGTAGGCCACAAG-1,0.080734,0.071765,0.313351,0.53415
ACACTCCAATGTCACT-1,0.000067,0.013684,0.567549,0.4187
ACACTGATCAAGGTGT-1,0.010568,0.028087,0.365101,0.596245
ACAGAACTGAGAACAA-1,0.087426,0.000005,0.001369,0.911199
ACAGCATAGAGCCAGT-1,0.000086,0.156643,0.719915,0.123355
ACAGCGACATTCTCAT-1,0.223101,0.053841,0.020468,0.70259
ACAGCGCACCCGCAGC-1,0.000053,0.177654,0.744893,0.0774
ACAGGCACGGATCCTT-1,0.629423,0.308854,0.044993,0.016729
ACAGGCTTGCCCGACT-1,0.000025,0.050856,0.743056,0.206063
ACAGGTGGAGGTGAGG-1,0.000016,0.015223,0.61573,0.369032
ACAGGTGTGTTGTTGC-1,0.000021,0.473991,0.107885,0.418103
ACAGTAATACAACTTG-1,0.000144,0.009422,0.117425,0.873009
ACAGTATACCGTGGGA-1,0.000027,0.000027,0.274808,0.725139
ACATAAGTCGTGGTGA-1,0.155995,0.025601,0.031325,0.78708
ACATAATAAGGCGGTG-1,0.000021,0.001803,0.338111,0.660066
ACATACAATCAAGCGG-1,0.726336,0.115502,0.156273,0.001889
ACATCAGCTGGGACGC-1,0.000012,0.032411,0.156118,0.81146
ACATCCCGGCCATACG-1,0.00002,0.097101,0.421925,0.480954
ACATCCTGGTAACTGT-1,0.000018,0.376759,0.301081,0.322141
ACATCGATCGTTTACC-1,0.004567,0.038895,0.261094,0.695444
ACATCGCAATATTCGG-1,0.735896,0.002933,0.240641,0.02053
ACATCGGTCAGCCGCG-1,0.013445,0.011167,0.347807,0.62758
ACATCGTATGCAATGG-1,0.000024,0.006037,0.885227,0.108712
ACATCGTTAACCTAGT-1,0.01579,0.046378,0.579711,0.358121
ACATGCTTACGGCAGC-1,0.790739,0.120304,0.088667,0.000291
ACATGGCGCCAAAGTA-1,0.000014,0.000014,0.361478,0.638495
ACATTAGTTTATATCC-1,0.000013,0.025189,0.134565,0.840234
ACATTCGCGCGGAATA-1,0.688095,0.06353,0.163573,0.084802
ACATTTGAAACCTAAC-1,0.334997,0.301197,0.071843,0.291963
ACCAAACACCCAGCGA-1,0.000018,0.027001,0.406137,0.566844
ACCAACACCACACACT-1,0.000024,0.000024,0.35074,0.649213
ACCAACCGCACTCCAC-1,0.154597,0.514638,0.00005,0.330715
ACCAACGCTTATTTAT-1,0.000015,0.019746,0.417597,0.562642
ACCAAGAACGCGTGTC-1,0.000027,0.000027,0.221222,0.778724
ACCAATATGCAAGTTA-1,0.018941,0.216519,0.764336,0.000204
ACCACAAGTTTCTATC-1,0.001213,0.058803,0.426691,0.513293
ACCACACGGTTGATGG-1,0.684781,0.115494,0.084237,0.115488
ACCACCAATGTAACAA-1,0.087109,0.000013,0.676704,0.236174
ACCACCCTCTCTTCTA-1,0.029532,0.004764,0.433689,0.532015
ACCACGTGCAGCTATA-1,0.000018,0.024806,0.785,0.190176
ACCAGACCATAACAAC-1,0.000007,0.000007,0.001153,0.998832
ACCAGTGCCCGGTCAA-1,0.000043,0.15425,0.515152,0.330555
ACCAGTGCGGGAGACG-1,0.003888,0.000016,0.118865,0.877231
ACCATATCCGCAATAA-1,0.007691,0.017416,0.207447,0.767445
ACCATCCGCCAACTAG-1,0.01001,0.024461,0.387676,0.577853
ACCATCGTATATGGTA-1,0.00003,0.00003,0.5607,0.43924
ACCCAACGCCCGTGGC-1,0.00002,0.005062,0.609482,0.385435
ACCCACCTACATGCTC-1,0.000034,0.005923,0.514968,0.479075
ACCCATCTTGAGGGTA-1,0.029532,0.03217,0.353094,0.585204
ACCCATTTGTCCCTCT-1,0.144994,0.575598,0.07638,0.203028
ACCCGAGCGAAATTAC-1,0.775768,0.024545,0.189273,0.010413
ACCCGATTGGTTCCGA-1,0.926566,0.001175,0.013349,0.05891
ACCCGGAAACTCCCAG-1,0.000015,0.403182,0.00003,0.596773
ACCCGGATGACGCATC-1,0.006399,0.004758,0.030188,0.958654
ACCCGGTTACACTTCC-1,0.000012,0.000012,0.17371,0.826267
ACCCGTAGCAGAGAAT-1,0.609849,0.000017,0.000033,0.390101
ACCCGTGTCATCAGTA-1,0.073863,0.086017,0.18741,0.652711
ACCCTATGCCATATCG-1,0.288201,0.030948,0.646369,0.034482
ACCCTCCCGTCAGGGC-1,0.770586,0.176873,0.052345,0.000196
ACCCTCCCTTGCTATT-1,0.000034,0.089123,0.700793,0.210051
ACCCTGGTAACGCCCT-1,0.000025,0.000025,0.163168,0.836783
ACCCTTCATCTGCGAA-1,0.000054,0.000054,0.49023,0.509663
ACCCTTGCCTGGGTCG-1,0.001156,0.029433,0.206708,0.762702
ACCGAAAGGGCCCTGC-1,0.000061,0.107948,0.474555,0.417436
ACCGAAGAGTCTGGTT-1,0.015674,0.000009,0.000026,0.984291
ACCGACACATCTCCCA-1,0.56246,0.140458,0.223796,0.073286
ACCGACTGAGTCCCAC-1,0.005659,0.000008,0.000166,0.994167
ACCGAGTCTCCTTATT-1,0.634502,0.329804,0.035424,0.00027
ACCGATGGTAGCATCG-1,0.000015,0.000594,0.365162,0.634229
ACCGCAATAACTGCCT-1,0.051233,0.166999,0.781596,0.000172
ACCGCGGTGGAAGTCG-1,0.047418,0.024875,0.476073,0.451634
ACCGCTAGTCATTGGT-1,0.876903,0.086846,0.000095,0.036156
ACCGGGCCTTTGTTGA-1,0.027273,0.014696,0.484389,0.473643
ACCGGTCAGGTACACC-1,0.390059,0.163595,0.42648,0.019867
ACCGTCCACTGGGCCC-1,0.177166,0.04431,0.027529,0.750995
ACCGTGACCACGTGGG-1,0.249279,0.175237,0.173325,0.40216
ACCTAAGTACCTTTCA-1,0.000008,0.000008,0.006733,0.99325
ACCTAATCGACTTCCT-1,0.013537,0.022779,0.465482,0.498201
ACCTACAGTATGTGGT-1,0.000014,0.000232,0.549547,0.450207
ACCTACTATAAATCTA-1,0.187573,0.195527,0.000053,0.616847
ACCTCAGCGAGGCGCA-1,0.238307,0.004785,0.723411,0.033497
ACCTCCGCCCTCGCTG-1,0.000015,0.000015,0.312253,0.687717
ACCTCCGTTATTCACC-1,0.000015,0.05644,0.315242,0.628303
ACCTCGAACTTATGCT-1,0.877658,0.056498,0.021374,0.044469
ACCTGCGTGTCATGTT-1,0.000011,0.030989,0.026892,0.942108
ACGAAATGGGCGGCAC-1,0.000015,0.00245,0.325812,0.671723
ACGACTCTAGGGCCGA-1,0.91479,0.043312,0.041739,0.000159
ACGACTGGTCATACTC-1,0.260372,0.305906,0.004856,0.428866
ACGAGATATTTGCTTA-1,0.000076,0.378166,0.513587,0.108171
ACGAGGATACCACTCT-1,0.000012,0.001461,0.045959,0.952569
ACGAGGTTTACAACGT-1,0.00003,0.375159,0.247363,0.377448
ACGAGTACGGATGCCC-1,0.00001,0.00001,0.034801,0.96518
ACGATACATAGAACTA-1,0.000025,0.000025,0.294233,0.705717
ACGATACCTATCCTGA-1,0.027796,0.000066,0.832534,0.139605
ACGATCATACATAGAG-1,0.000026,0.000026,0.451448,0.5485
ACGATCATCTTGTAAA-1,0.007612,0.000008,0.013814,0.978567
ACGATGCATATGTTAT-1,0.000005,0.000005,0.00001,0.99998
ACGATGGATCCGATGC-1,0.000095,0.073933,0.925311,0.000662
ACGCAAACTAATAGAT-1,0.454675,0.253435,0.291686,0.000204
ACGCAATCACTACAGC-1,0.000031,0.028973,0.464139,0.506857
ACGCATACGTTTACTA-1,0.000076,0.178882,0.725732,0.095309
ACGCATTCGTGAGTAC-1,0.000021,0.000021,0.226078,0.773879
ACGCCACTCGAAACAG-1,0.600026,0.26892,0.026758,0.104296
ACGCCAGATGATTTCT-1,0.00004,0.052221,0.634561,0.313177
ACGCCAGTGCGTTTGC-1,0.13467,0.059944,0.301988,0.503398
ACGCCGCTAGACGACC-1,0.000014,0.000994,0.427224,0.571768
ACGCGAAGTCAGACGA-1,0.000023,0.136951,0.83711,0.025916
ACGCGCTACACAGGGT-1,0.130899,0.13535,0.646206,0.087545
ACGCGGGCCAAGGACA-1,0.00752,0.01395,0.261329,0.717201
ACGCGTTTCTTAAGAG-1,0.033019,0.032451,0.024273,0.910257
ACGCTAGTGATACACT-1,0.000027,0.080778,0.397114,0.522081
ACGCTGTGAGGCGTAG-1,0.000022,0.001226,0.693792,0.304959
ACGGAACACGAGTGCC-1,0.083429,0.071433,0.287853,0.557285
ACGGAATTTAGCAAAT-1,0.000051,0.205606,0.79399,0.000354
ACGGACGCAGCGACAA-1,0.716403,0.000024,0.006923,0.27665
ACGGACTCTCAAAGCG-1,0.180092,0.37433,0.063107,0.38247
ACGGAGCGCAAATTAC-1,0.000023,0.000023,0.211011,0.788943
ACGGATGGTGCGGATA-1,0.143193,0.015575,0.051376,0.789855
ACGGCACTTGCTTGGG-1,0.000032,0.033649,0.966096,0.000223
ACGGCCAACATGGACT-1,0.000026,0.031384,0.685731,0.282858
ACGGCGACGATGGGAA-1,0.045527,0.002213,0.202281,0.749979
ACGGCTGGATGTAGAA-1,0.657448,0.133395,0.178529,0.030628
ACGGGAGTGTCGGCCC-1,0.057191,0.058609,0.275399,0.6088
ACGGGCGTATGCGACA-1,0.00002,0.00002,0.173473,0.826488
ACGGGTCATGTGACTT-1,0.000081,0.053892,0.473396,0.472632
ACGGGTTGTGACCTGT-1,0.786855,0.013443,0.109443,0.090259
ACGGTACAGTTCAATG-1,0.798874,0.163199,0.027717,0.01021
ACGGTCACCGAGAACA-1,0.659035,0.058602,0.003881,0.278481
ACGTACAGATTTCTCT-1,0.00012,0.172127,0.826912,0.000841
ACGTACTTTGGCACGG-1,0.303129,0.521306,0.069498,0.106068
ACGTAGATTGCTGATG-1,0.015164,0.000006,0.00347,0.98136
ACGTAGGAGAGTCGCT-1,0.579022,0.326052,0.094626,0.000299
ACGTATTACTCCGATC-1,0.003079,0.000008,0.000016,0.996897
ACGTCGGGCAACTCGG-1,0.797564,0.103248,0.079888,0.0193
ACGTCTCGTTCCGGGA-1,0.000086,0.002958,0.147041,0.849915
ACGTGACAAAGTAAGT-1,0.028458,0.004992,0.142424,0.824126
ACGTGCGCCTCGTGCA-1,0.000036,0.000036,0.423686,0.576241
ACGTTAATGTCGAAGA-1,0.000034,0.000034,0.16807,0.831861
ACGTTAGATTTGCCCG-1,0.040328,0.000302,0.21213,0.747241
ACGTTATTGGTCACTC-1,0.000033,0.000033,0.106611,0.893322
ACGTTCACTATGCCGC-1,0.774903,0.121199,0.089002,0.014896
ACGTTCGCAATCAATT-1,0.000015,0.060023,0.581405,0.358557
ACGTTCGTTCAGGAAA-1,0.061957,0.651449,0.227707,0.058888
ACGTTCTGTACAAGTC-1,0.629157,0.080436,0.13057,0.159837
ACGTTGTCGTTGAAAG-1,0.791069,0.171208,0.037385,0.000338
ACGTTTAGTTGTGATC-1,0.000043,0.000043,0.490517,0.509397
ACTAATACGTCAGGCG-1,0.000043,0.085868,0.424517,0.489571
ACTACAAAGAGAGGTG-1,0.91328,0.009199,0.077317,0.000204
ACTACATCCCGACAAG-1,0.637697,0.146049,0.195026,0.021228
ACTACCAGCTCTCTGG-1,0.00002,0.00002,0.095493,0.904468
ACTACCATCCGAGGGC-1,0.746317,0.075465,0.046946,0.131272
ACTACGCGTTAGAATT-1,0.253132,0.057095,0.118991,0.570783
ACTAGTTGCGATCGTC-1,0.000023,0.164515,0.826874,0.008588
ACTATATGCTGTGTTC-1,0.000086,0.091004,0.815626,0.093284
ACTATCCAGGGCATGG-1,0.000009,0.000175,0.214534,0.785281
ACTATCTGCCCGCGTA-1,0.034906,0.018366,0.295046,0.651683
ACTATGTCCAGCTGCC-1,0.802464,0.019305,0.113414,0.064817
ACTATTCGTCCGTGGT-1,0.000035,0.000035,0.330975,0.668954
ACTATTTCCGGGCCCA-1,0.123624,0.256964,0.606124,0.013288
ACTCAAGTGCAAGGCT-1,0.118285,0.457782,0.423591,0.000342
ACTCAATAAAGGCACG-1,0.006381,0.00002,0.352646,0.640954
ACTCAGACCTGCTTCT-1,0.000099,0.106246,0.341119,0.552536
ACTCATGGCAGCCTTC-1,0.942563,0.048452,0.003885,0.0051
ACTCCAATATCATCAT-1,0.415374,0.328574,0.1187,0.137351
ACTCCCATTCCTAAAG-1,0.000025,0.119672,0.868194,0.01211
ACTCCCGAATTCGTTT-1,0.050651,0.007291,0.395027,0.547032
ACTCCCGTAGACTAGG-1,0.00002,0.002316,0.346575,0.651089
ACTCCCTAATGCTAAA-1,0.47323,0.023669,0.340083,0.163019
ACTCCCTAGAATAGTA-1,0.031427,0.024869,0.583204,0.3605
ACTCCGGCCGACCACT-1,0.264818,0.438327,0.095023,0.201833
ACTCGATGTATTTCAT-1,0.000081,0.001044,0.750363,0.248512
ACTCGTAACCCGTCCT-1,0.122748,0.008579,0.199194,0.669478
ACTCGTCAGTAATCCC-1,0.000008,0.000008,0.000016,0.999968
ACTCTAAACCTGGGAT-1,0.000049,0.03139,0.581793,0.386768
ACTCTCTGACTTAGGT-1,0.000011,0.000011,0.075122,0.924856
ACTCTCTTATACACGA-1,0.000051,0.181232,0.541308,0.277409
ACTCTGACCTAATAGA-1,0.55258,0.382903,0.023085,0.041431
ACTCTTGTATAGTAAC-1,0.000008,0.000008,0.021965,0.97802
ACTGAAACGCCGTTAG-1,0.012681,0.051317,0.332926,0.603077
ACTGAATGGCGAAAGT-1,0.000014,0.146457,0.588533,0.264996
ACTGCCCGCCATTCTC-1,0.72308,0.077349,0.000076,0.199495
ACTGCCGTCGTAACTC-1,0.000033,0.000033,0.158549,0.841384
ACTGCGGACACACCGT-1,0.000015,0.000015,0.321257,0.678713
ACTGCTCGGAAGGATG-1,0.017333,0.002526,0.558634,0.421506
ACTGGGATGCCAGTGC-1,0.699886,0.235206,0.000101,0.064807
ACTGTACGATACACAT-1,0.000008,0.000008,0.001969,0.998016
ACTGTAGCACTTTGGA-1,0.016773,0.032399,0.788017,0.162811
ACTGTATACGCGAGCA-1,0.0001,0.081089,0.439818,0.478993
ACTGTCCAGGATTATA-1,0.000012,0.0002,0.12387,0.875919
ACTGTCTTCTTTAGAA-1,0.000125,0.000125,0.476063,0.523687
ACTGTGCTAGTAGATC-1,0.000072,0.04337,0.49684,0.459718
ACTTACCGGGCGCGCA-1,0.000047,0.153,0.846622,0.00033
ACTTACGCATCCACGC-1,0.141734,0.292316,0.565687,0.000263
ACTTAGTACGACAAGA-1,0.021033,0.033224,0.367548,0.578195
ACTTATACTTACCCGG-1,0.032968,0.018209,0.727767,0.221056
ACTTATTAGGATCGGT-1,0.00001,0.00001,0.00002,0.999959
ACTTATTTATGTGCCA-1,0.000009,0.000009,0.000018,0.999964
ACTTCAGGCTGATCCC-1,0.000032,0.040297,0.959449,0.000223
ACTTCCAGTGGAAGCT-1,0.003906,0.203984,0.491433,0.300677
ACTTCCATGCGGGACA-1,0.146969,0.507859,0.297374,0.047798
ACTTCGCCATACGCAC-1,0.000038,0.000038,0.324603,0.675321
ACTTGACTCCCTCTTT-1,0.000026,0.015805,0.405955,0.578214
ACTTGCTCTATCTACC-1,0.846526,0.051066,0.083366,0.019042
ACTTGGGACCCGGTGG-1,0.000009,0.000009,0.003292,0.99669
ACTTGGGCTTTCGCCA-1,0.004546,0.340665,0.266366,0.388423
ACTTGTAGTCCCTTCA-1,0.332212,0.000954,0.512431,0.154403
ACTTGTGGATGGAACG-1,0.00002,0.087078,0.62507,0.287833
ACTTGTTACCGGATCA-1,0.737986,0.186096,0.064972,0.010946
ACTTTACCCTCATGAA-1,0.000094,0.028313,0.387527,0.584066
ACTTTATACACCACTT-1,0.522205,0.104312,0.279444,0.09404
ACTTTCCTATAGCTTC-1,0.00002,0.00002,0.106576,0.893384
ACTTTGACTGCATCCT-1,0.000012,0.007883,0.126456,0.86565
ACTTTGGTCGTGCTCC-1,0.318065,0.000014,0.000028,0.681892
AGAACACGGCGATGGT-1,0.691681,0.305444,0.002664,0.000211
AGAACCCTCAATTGGG-1,0.667189,0.235479,0.077881,0.019451
AGAACGTGGTACATTC-1,0.000027,0.016247,0.670574,0.313152
AGAACTGTACTTTGTA-1,0.754548,0.005174,0.095337,0.14494
AGAAGAGCGCCGTTCC-1,0.01522,0.000142,0.061384,0.923254
AGAAGGTACACTTCAC-1,0.000015,0.009853,0.445535,0.544597
AGAAGGTTGCCGAATT-1,0.000015,0.002081,0.425147,0.572757
AGAAGGTTGTAGGTCG-1,0.448477,0.255552,0.217332,0.078639
AGAAGTGATTCGTGAT-1,0.048812,0.004664,0.86616,0.080364
AGAATAAATCTTCAGG-1,0.170769,0.0023,0.322249,0.504682
AGAATACAGGCTATCC-1,0.207377,0.120169,0.246259,0.426196
AGAATGCGGGTTCGGA-1,0.024181,0.242803,0.732555,0.000461
AGAATTATGGATTCGA-1,0.000024,0.040406,0.843339,0.116231
AGAATTGTTTGACATA-1,0.000022,0.000022,0.083664,0.916292
AGACAGCTCAGAATCC-1,0.000022,0.000022,0.05952,0.940436
AGACCAAACCACACCT-1,0.000011,0.00066,0.438131,0.561197
AGACCATGGGATACAA-1,0.003171,0.000013,0.05315,0.943666
AGACCCACCGCTGATC-1,0.019492,0.0013,0.646603,0.332605
AGACCCGCCCTCCTCG-1,0.006302,0.000014,0.059879,0.933804
AGACCGCTCCGCGGTT-1,0.000015,0.046525,0.375234,0.578226
AGACCGGGAAACCCTG-1,0.00001,0.013376,0.248524,0.73809
AGACGAAGTGCCGGTC-1,0.006739,0.000338,0.103346,0.889577
AGACGACGATGCCGCT-1,0.005628,0.018271,0.257926,0.718175
AGACTAGCCTTCCAGA-1,0.000027,0.000027,0.433965,0.565981
AGACTGTTACCGGGTC-1,0.616457,0.124127,0.259136,0.00028
AGAGAAACACCAGAAA-1,0.616284,0.320244,0.055472,0.008001
AGAGAACCGTCTAGGA-1,0.000006,0.000006,0.03636,0.963628
AGAGAAGGAGTACAAT-1,0.150851,0.047602,0.037173,0.764373
AGAGATCTCTAAAGCG-1,0.000015,0.000015,0.318396,0.681575
AGAGCAGTTATGAGAC-1,0.00001,0.00001,0.00002,0.99996
AGAGCCGCCGAGATTT-1,0.028084,0.03179,0.298286,0.64184
AGAGCGCTTGTAACGG-1,0.055455,0.052828,0.383236,0.50848
AGAGCGGGCTAATCAT-1,0.000039,0.003217,0.626686,0.370058
AGAGCGTACAAGCTCG-1,0.000021,0.000021,0.12319,0.876768
AGAGGCTTCGGAAACC-1,0.000008,0.000008,0.179716,0.820268
AGAGTAAACTTCACTA-1,0.000018,0.079509,0.75055,0.169923
AGAGTATAGTGTTACG-1,0.000026,0.004412,0.337058,0.658504
AGAGTTGCAGGCCTCC-1,0.002275,0.07816,0.337002,0.582563
AGATAACTTCAGGGCC-1,0.012704,0.000018,0.42845,0.558827
AGATAATCACACCTAT-1,0.857541,0.002525,0.005051,0.134883
AGATACCAGCACTTCA-1,0.000027,0.000027,0.182907,0.81704
AGATACCGGTGTTCAC-1,0.000478,0.010492,0.171489,0.817541
AGATACGACTTCATAT-1,0.000047,0.072496,0.589793,0.337665
AGATACTCAAGATCGA-1,0.054617,0.003207,0.137906,0.80427
AGATATAATACGACTA-1,0.30734,0.630257,0.014005,0.048398
AGATCGTGCATAAGAT-1,0.00002,0.00002,0.379983,0.619976
AGATCTCAGGTGTGAT-1,0.000029,0.000029,0.703104,0.296838
AGATCTGGAGAGGATA-1,0.642028,0.256217,0.101466,0.000289
AGATGACTCGCCCACG-1,0.000032,0.000032,0.274144,0.725792
AGATGAGGGTTGCGAT-1,0.000041,0.008959,0.554732,0.436269
AGATGATGGAGTCTGG-1,0.000011,0.000011,0.011955,0.988024
AGATGCAAGACGTGCA-1,0.019808,0.119457,0.007096,0.853638
AGATGCATCCTGTGTC-1,0.000022,0.007433,0.396252,0.596293
AGATTATAGGACGTTT-1,0.004968,0.000009,0.016325,0.978698
AGATTCACAACCGATA-1,0.000015,0.01724,0.469128,0.513618
AGCAAAGGCCGCTAGT-1,0.125884,0.25254,0.17581,0.445766
AGCAACATATCTTATT-1,0.098685,0.044553,0.194403,0.662359
AGCAACCGAAAGTAAT-1,0.000008,0.000008,0.091035,0.908948
AGCACACGTTTAGACT-1,0.854467,0.104631,0.040697,0.000205
AGCACCAGTACTCACG-1,0.000024,0.000024,0.344672,0.655279
AGCACTACCGGCCTGT-1,0.000016,0.000016,0.208939,0.791029
AGCACTACCTCACCAG-1,0.007756,0.069026,0.923044,0.000174
AGCACTTAAGGACGCC-1,0.011412,0.000012,0.057491,0.931085
AGCAGAAGGAGAAAGA-1,0.320241,0.000007,0.000015,0.679738
AGCAGCCAGATGAATA-1,0.061583,0.102702,0.190888,0.644827
AGCAGTCGAAGCATGC-1,0.456733,0.164933,0.000122,0.378211
AGCATATCAATATGCT-1,0.000033,0.198499,0.799266,0.002202
AGCATCATTTCGAAAG-1,0.000014,0.005399,0.42763,0.566957
AGCATCGTCGATAATT-1,0.008761,0.005167,0.829691,0.156381
AGCATTACGAGGCAAG-1,0.157458,0.119932,0.199075,0.523536
AGCCAAGCTTTGTGTC-1,0.076191,0.664033,0.035359,0.224417
AGCCACAGGTTACCCG-1,0.453714,0.368912,0.177105,0.000269
AGCCACTCCCGTGCTT-1,0.000027,0.000027,0.191175,0.808771
AGCCATATAGTATGTG-1,0.703074,0.168769,0.104299,0.023858
AGCCCATACATGTAAG-1,0.000014,0.000014,0.244357,0.755614
AGCCCGCAACAAGCAG-1,0.768559,0.143035,0.022087,0.066319
AGCCCGGCATTAGAGG-1,0.816514,0.068352,0.112867,0.002267
AGCCCGGTAGCCTGTA-1,0.012224,0.278063,0.599829,0.109883
AGCCCTAAGCGAAGTT-1,0.000046,0.000046,0.420224,0.579683
AGCCCTCCCTGGTGGC-1,0.626644,0.300673,0.001466,0.071217
AGCCCTGTCGCACCGT-1,0.013063,0.01395,0.241527,0.73146
AGCCCTTCTAATCCGA-1,0.009901,0.000476,0.488847,0.500777
AGCCGCAAATTCAAAT-1,0.000008,0.001116,0.026387,0.972489
AGCCGTGGCTAAATGT-1,0.000021,0.100346,0.899489,0.000145
AGCCTAATACCCACGT-1,0.000008,0.000008,0.139471,0.860513
AGCCTTAAAGCGGAAG-1,0.000036,0.000036,0.57498,0.424948
AGCCTTGTCACTGATA-1,0.760468,0.015359,0.223361,0.000812
AGCGACAGGAACGGTC-1,0.103308,0.034601,0.858863,0.003228
AGCGACATCCCATTCA-1,0.000026,0.000026,0.082809,0.91714
AGCGACCAACGATATT-1,0.00004,0.00004,0.86367,0.13625
AGCGACTTTGAAGACA-1,0.939386,0.006061,0.012123,0.04243
AGCGAGACGTGAAGGC-1,0.892155,0.04633,0.020661,0.040854
AGCGATGCGCCTAATA-1,0.062721,0.110621,0.200468,0.62619
AGCGCATAATGAATCG-1,0.001479,0.652153,0.32435,0.022019
AGCGCGGGTGCCAATG-1,0.000035,0.000035,0.979912,0.020019
AGCGCTAGAGCGATGT-1,0.012125,0.010933,0.194803,0.782139
AGCGCTTATGGGCAAG-1,0.000039,0.090808,0.603975,0.305177
AGCGGACACTTCGTAG-1,0.602082,0.190737,0.104424,0.102758
AGCGGCGGTTAGCGGT-1,0.000012,0.014562,0.443139,0.542287
AGCGGGAAGGGTCCAT-1,0.00013,0.00013,0.649771,0.349968
AGCGGGTCTGACACTC-1,0.663584,0.019205,0.162834,0.154377
AGCGGTTGCCGCTCTG-1,0.000023,0.000023,0.065005,0.934949
AGCGTGGTATTCTACT-1,0.040681,0.005622,0.294745,0.658952
AGCTAACAAGCAATGT-1,0.362201,0.089108,0.212146,0.336545
AGCTAAGCTCCGTCCG-1,0.90876,0.000077,0.081245,0.009918
AGCTAAGTACGCAGGC-1,0.402116,0.063995,0.091639,0.442251
AGCTAGAAGCAGAAGT-1,0.000012,0.000012,0.03232,0.967656
AGCTATTTAATCCAAC-1,0.00004,0.00004,0.480185,0.519736
AGCTCCATATATGTTC-1,0.054377,0.044938,0.377718,0.522967
AGCTCCTTCGCACATC-1,0.044342,0.069778,0.095887,0.789994
AGCTCGTTGATGGAAA-1,0.00003,0.022777,0.512821,0.464373
AGCTCTAGACGTTCCA-1,0.022618,0.000013,0.160469,0.8169
AGCTCTTCCCAGTGCA-1,0.000031,0.000031,0.349992,0.649947
AGCTCTTCGTAACCTT-1,0.000026,0.035881,0.619917,0.344176
AGCTCTTTACTCAGTT-1,0.013523,0.055434,0.662247,0.268796
AGCTGAAGTAAACCAA-1,0.000024,0.013618,0.802373,0.183986
AGCTGTAACCTCAATC-1,0.000019,0.072053,0.473881,0.454047
AGCTTCTTCTCGAGCA-1,0.496774,0.401868,0.050841,0.050516
AGCTTGATCAGGGTAG-1,0.860834,0.022339,0.046081,0.070746
AGCTTGATCTTAACTT-1,0.000025,0.008786,0.908064,0.083125
AGGAAGCTGTCCGCCG-1,0.087503,0.027184,0.008082,0.877231
AGGACAGTCGAATCCC-1,0.058846,0.065704,0.531567,0.343883
AGGACATCGCACGTCG-1,0.000038,0.001801,0.291332,0.706829
AGGACGACCCATTAGA-1,0.003646,0.011586,0.020356,0.964411
AGGACGCTCGATGTTG-1,0.000027,0.000027,0.304174,0.695773
AGGAGACATCCACAGT-1,0.019724,0.010724,0.328863,0.640689
AGGAGAGTCTGGCTAC-1,0.010138,0.024154,0.320719,0.644989
AGGAGGCCTTCGCGCG-1,0.053591,0.003238,0.251019,0.692152
AGGATAAAGTCGGGAT-1,0.029848,0.041655,0.498479,0.430018
AGGATATAGGGATTTA-1,0.006504,0.121334,0.858366,0.013796
AGGATATCCGACTGCA-1,0.45643,0.473503,0.005123,0.064945
AGGATCACGCGATCTG-1,0.000051,0.000008,0.030964,0.968977
AGGATTGCTTACGACA-1,0.000024,0.019096,0.375086,0.605794
AGGCAGATGCGTAAAC-1,0.021122,0.000017,0.310951,0.66791
AGGCAGGGAGCGTACT-1,0.000048,0.347296,0.652322,0.000334
AGGCATTGTCGTAGGG-1,0.000021,0.030043,0.881825,0.088111
AGGCCACCCGTTATGA-1,0.00004,0.003584,0.883499,0.112876
AGGCCCATTGTACAGG-1,0.000052,0.000052,0.459807,0.54009
AGGCCCTAGAACGCCA-1,0.000016,0.044701,0.637799,0.317484
AGGCCTATCATACCAA-1,0.7944,0.005801,0.00006,0.19974
AGGCCTGAGAATCTCG-1,0.063264,0.572962,0.349978,0.013796
AGGCGGTTTGTCCCGC-1,0.713184,0.001173,0.237259,0.048384
AGGCGTCTATGGACGG-1,0.000032,0.003471,0.331255,0.665243
AGGCTATGGTTAGCTT-1,0.01274,0.000033,0.558885,0.428342
AGGCTTAAGTTGCACA-1,0.737437,0.003497,0.006994,0.252073
AGGCTTCCCGAAGAAG-1,0.000013,0.000013,0.37065,0.629323
AGGCTTGCTAGACACC-1,0.000047,0.000047,0.921339,0.078567
AGGGAAACGAGGTACT-1,0.00004,0.00004,0.52307,0.47685
AGGGACCGGCTGCGTT-1,0.007132,0.003379,0.179018,0.81047
AGGGACTCTACGCGAC-1,0.000038,0.341081,0.658615,0.000266
AGGGAGACATACTTCG-1,0.00002,0.00002,0.365332,0.634629
AGGGCAGCGGCGTGGT-1,0.000055,0.076968,0.517153,0.405823
AGGGCGAGCAGCTGAT-1,0.000016,0.056819,0.535708,0.407457
AGGGCGTGATCGGCTA-1,0.000037,0.000037,0.668634,0.331292
AGGGCTGCAGTTACAG-1,0.039132,0.001477,0.487513,0.471878
AGGGTCAGAGCACTCG-1,0.484054,0.41452,0.056183,0.045243
AGGGTCAGTAACCCTA-1,0.00003,0.00003,0.307878,0.692062
AGGGTCGATGCGAACT-1,0.000008,0.022306,0.100756,0.87693
AGGGTGCCGTTCTTTA-1,0.5489,0.251493,0.198623,0.000984
AGGGTGCTCTCGAGGG-1,0.000007,0.000007,0.000892,0.999094
AGGGTGGATAGTGCAT-1,0.000039,0.031604,0.522407,0.445951
AGGGTTCAGACGGTCC-1,0.842891,0.027306,0.000055,0.129748
AGGGTTCCCTTTGGTT-1,0.03299,0.00058,0.046271,0.920159
AGGGTTTAGTTCGGGA-1,0.022927,0.005625,0.083878,0.887569
AGGTAACCTCCTATTC-1,0.00009,0.268812,0.607205,0.123893
AGGTACGATATTGCCA-1,0.00009,0.00009,0.988171,0.01165
AGGTAGATCGAGATAT-1,0.361886,0.446527,0.179191,0.012396
AGGTAGGTACAAAGCT-1,0.000005,0.000005,0.081292,0.918697
AGGTATAATTGATAGT-1,0.000007,0.00955,0.101131,0.889312
AGGTCAGGTGAGAGTG-1,0.058171,0.066368,0.875291,0.00017
AGGTCGCGGAGTTACT-1,0.004066,0.000014,0.056205,0.939716
AGGTGGTGACCTTCGC-1,0.355227,0.366555,0.25757,0.020649
AGGTGTATCGCCATGA-1,0.029923,0.05165,0.490949,0.427479
AGGTTACACCATGCCG-1,0.00002,0.042535,0.853419,0.104025
AGGTTCTCCTTTCCGG-1,0.898727,0.054021,0.038913,0.008339
AGGTTGAGGCACGCTT-1,0.007892,0.00004,0.53306,0.459009
AGGTTTCACACACCTT-1,0.010758,0.000012,0.173092,0.816137
AGTAAGGGACAGAATC-1,0.287835,0.001934,0.003869,0.706362
AGTAATCTAAGGGTGG-1,0.429826,0.476902,0.092543,0.000729
AGTAATGTCTTGCCGC-1,0.000055,0.000055,0.64341,0.35648
AGTAATTTGCAAGCGT-1,0.481392,0.319868,0.005184,0.193557
AGTACAGAAGCTTATA-1,0.460712,0.252819,0.000043,0.286426
AGTACATCATTTATCA-1,0.019578,0.109991,0.081562,0.78887
AGTACCTTCGAGTGCT-1,0.000073,0.233208,0.54899,0.217729
AGTACGGCCCGTATCG-1,0.038055,0.009533,0.222695,0.729717
AGTACGGGCACCTGGC-1,0.000027,0.035776,0.572551,0.391645
AGTACGTGGCCTGTCT-1,0.000033,0.153271,0.637403,0.209293
AGTACTCTTATGCCCA-1,0.008141,0.219535,0.712882,0.059442
AGTAGAAGGCGCCTCA-1,0.866518,0.003535,0.129756,0.000192
AGTAGGAAGGAAGTTG-1,0.000014,0.000014,0.064916,0.935056
AGTAGGTAACATACAT-1,0.000096,0.035349,0.83143,0.133126
AGTATAATACTAGGCA-1,0.000015,0.000015,0.128851,0.871118
AGTATACACAGCGACA-1,0.674208,0.132263,0.193363,0.000167
AGTATGCTGGAGACCA-1,0.036477,0.278245,0.685034,0.000244
AGTATTTGGCACGACC-1,0.000042,0.276843,0.722823,0.000292
AGTCAAATGATGTGAT-1,0.314064,0.294067,0.000038,0.391831
AGTCAACACCACCATC-1,0.029568,0.010434,0.183851,0.776147
AGTCAAGATGACACTT-1,0.000005,0.000005,0.003511,0.996479
AGTCACTAGCTCTCGA-1,0.000032,0.189775,0.721251,0.088942
AGTCAGCCACCGCCTG-1,0.000091,0.103635,0.790717,0.105557
AGTCCATTGGCTGATG-1,0.011586,0.0218,0.891292,0.075322
AGTCCCGCCTTTAATT-1,0.000029,0.000029,0.204009,0.795934
AGTCCCTCGCAGAAAG-1,0.000016,0.000016,0.290755,0.709212
AGTCGAAACGATTCAG-1,0.538878,0.16129,0.05332,0.246512
AGTCGACGGTCTCAAG-1,0.0208,0.016288,0.311309,0.651604
AGTCGGCCCAAACGAC-1,0.00265,0.010694,0.370612,0.616044
AGTCGGCTCAACTTTA-1,0.059426,0.052138,0.782222,0.106214
AGTCGGTTGCGTGAGA-1,0.000018,0.047995,0.729726,0.22226
AGTCGTATAAAGCAGA-1,0.371642,0.001414,0.000042,0.626902
AGTCGTCGACCACCAA-1,0.033619,0.057427,0.267554,0.641399
AGTCGTGGGCATTACG-1,0.063121,0.012053,0.202774,0.722052
AGTCTAAAGTATACTC-1,0.000017,0.037594,0.045831,0.916559
AGTCTCACAAGACTAC-1,0.053856,0.128608,0.259954,0.557582
AGTCTGGACATCCTTG-1,0.000044,0.000044,0.432635,0.567277
AGTCTTCTCCTCAAAT-1,0.06783,0.001045,0.644729,0.286396
AGTCTTTAAAGTGTCC-1,0.392045,0.269603,0.03822,0.300132
AGTGAACAAACTTCTC-1,0.015558,0.000402,0.239176,0.744864
AGTGAAGATGGTGTCC-1,0.000034,0.007716,0.630518,0.361732
AGTGACCTACTTTACG-1,0.000026,0.032322,0.748869,0.218783
AGTGACTGTGACACAA-1,0.7951,0.204683,0.000048,0.000169
AGTGAGACTTCCAGTA-1,0.000009,0.000009,0.042594,0.957388
AGTGAGCCTCGCCGCC-1,0.000018,0.000018,0.360902,0.639062
AGTGAGGGTTTCTGAC-1,0.000039,0.086184,0.73708,0.176697
AGTGATAACCTGCGCG-1,0.05079,0.656243,0.253925,0.039042
AGTGATATGAGTAGTT-1,0.043987,0.010591,0.502064,0.443358
AGTGATTCAAGCAGGA-1,0.017306,0.050512,0.099996,0.832186
AGTGCACGCTTAAGAA-1,0.034684,0.00507,0.603708,0.356537
AGTGCGTAGCTCGTAA-1,0.004216,0.022222,0.954417,0.019145
AGTGCTAAACACAGCA-1,0.013461,0.689102,0.297143,0.000294
AGTGCTTGCACGAATA-1,0.000005,0.000005,0.000195,0.999796
AGTGGCCCGCAAATGG-1,0.500299,0.00771,0.004287,0.487704
AGTGGCGGCAATTTGA-1,0.00002,0.00002,0.311106,0.688853
AGTGGCGTCTGAAGGT-1,0.080144,0.000009,0.000017,0.919831
AGTGGCTCCGTCGGCC-1,0.000008,0.000008,0.070605,0.92938
AGTGGTGTTACCCGTG-1,0.021629,0.001571,0.421118,0.555682
AGTGGTTGCGTATAGG-1,0.000015,0.000015,0.198122,0.801849
