Barcode,Topic 1,Topic 2,Topic 3to7,Topic 8to9,Topic 10,Topic 11
AAACAAGTATCTCCCA-1,0.144166,0.088574,0.276301,0.35362,0.013144,0.124194
AAACAATCTACTAGCA-1,0.035482,0.054425,0.017019,0.098273,0.062019,0.732783
AAACACCAATAACTGC-1,0.056761,0.046721,0.562581,0.332989,0.000924,0.000024
AAACAGAGCGACTCCT-1,0.000065,0.000065,0.016509,0.690005,0.03138,0.261974
AAACAGCTTTCAGAAG-1,0.01263,0.05903,0.911441,0.015018,0.000249,0.001632
AAACAGGGTCTATATT-1,0.06197,0.003657,0.725614,0.047758,0.000015,0.160985
AAACAGTGTTCCTGGG-1,0.164143,0.076434,0.000417,0.038138,0.08604,0.634827
AAACATGGTGAGAGGA-1,0.417769,0.032329,0.331073,0.092799,0.038178,0.087852
AAACATTTCCCGGATT-1,0.134237,0.034336,0.616097,0.103829,0.015609,0.095892
AAACCCGAACGAAATC-1,0.289596,0.000013,0.418165,0.024389,0.121609,0.146228
AAACCGGAAATGTTAA-1,0.330888,0.262408,0.229993,0.098841,0.015594,0.062276
AAACCGGGTAGGTACC-1,0.039893,0.153084,0.508931,0.080272,0.200578,0.017242
AAACCGTTCGTCCAGG-1,0.024474,0.048195,0.232764,0.430852,0.135032,0.128682
AAACCTAAGCAGCCGG-1,0.045425,0.000824,0.652664,0.112818,0.141867,0.046402
AAACCTCATGAAGTTG-1,0.084741,0.000058,0.293795,0.549974,0.019226,0.052206
AAACGAAGAACATACC-1,0.000101,0.000101,0.000505,0.312178,0.314958,0.372158
AAACGAAGATGGAGTA-1,0.2623,0.00002,0.559789,0.167109,0.004419,0.006364
AAACGAGACGGTTGAT-1,0.000052,0.000052,0.017482,0.751235,0.000052,0.231128
AAACGCTGGGCACGAC-1,0.352486,0.481186,0.050357,0.114932,0.000359,0.000681
AAACGGGCGTACGGGT-1,0.005706,0.002469,0.141414,0.605436,0.00004,0.244935
AAACGGTTGCGAACTG-1,0.003146,0.121602,0.098351,0.217784,0.205125,0.353993
AAACGTGTTCGCCCTA-1,0.071449,0.08378,0.028766,0.099079,0.182017,0.534909
AAACTAACGTGGCGAC-1,0.000068,0.000068,0.000341,0.000136,0.009203,0.990183
AAACTCGGTTCGCAAT-1,0.019406,0.000037,0.29539,0.617652,0.000037,0.067478
AAACTCGTGATATAAG-1,0.007393,0.105929,0.43686,0.292202,0.157598,0.000019
AAACTGCTGGCTCCAA-1,0.030089,0.043312,0.601944,0.068688,0.02789,0.228077
AAACTTAATTGCACGC-1,0.022014,0.234387,0.512158,0.018775,0.000013,0.212654
AAACTTGCAAACGTAT-1,0.000032,0.038214,0.30623,0.633459,0.013395,0.008671
AAAGAATGACCTTAGA-1,0.492519,0.000005,0.507454,0.000011,0.000005,0.000005
AAAGAATGTGGACTAA-1,0.146434,0.179682,0.148307,0.079859,0.008656,0.437062
AAAGACCCAAGTCGCG-1,0.015442,0.000042,0.368642,0.503264,0.099768,0.012842
AAAGACTGGGCGCTTT-1,0.176627,0.000039,0.169267,0.606018,0.02549,0.022559
AAAGCTTGCCTACATA-1,0.250544,0.025669,0.278144,0.049087,0.37047,0.026086
AAAGGCCCTATAATAC-1,0.070653,0.288894,0.438834,0.199433,0.00217,0.000016
AAAGGCTACGGACCAT-1,0.000043,0.039451,0.273934,0.133133,0.011342,0.542097
AAAGGCTCTCGCGCCG-1,0.080499,0.007515,0.669082,0.126338,0.0757,0.040867
AAAGGGATGTAGCAAG-1,0.000053,0.000053,0.1031,0.896686,0.000053,0.000053
AAAGGGCAGCTTGAAT-1,0.002782,0.059284,0.874033,0.062549,0.000018,0.001335
AAAGGTAAGCTGTACC-1,0.002565,0.323732,0.177456,0.147698,0.021924,0.326625
AAAGTAGCATTGCTCA-1,0.04191,0.008063,0.766396,0.022386,0.000018,0.161228
AAAGTCACTGATGTAA-1,0.000106,0.024751,0.199351,0.535432,0.000106,0.240253
AAAGTCGACCCTCAGT-1,0.057165,0.025453,0.896209,0.000818,0.020339,0.000015
AAAGTGCCATCAATTA-1,0.54715,0.017893,0.201259,0.146417,0.02877,0.058512
AAAGTGTGATTTATCT-1,0.015282,0.003091,0.564716,0.296598,0.011296,0.109018
AAAGTTGACTCCCGTA-1,0.000037,0.000037,0.159067,0.289589,0.000037,0.551233
AAATAACCATACGGGA-1,0.00005,0.00005,0.000251,0.88095,0.033609,0.085089
AAATAAGGTAGTGCCC-1,0.006489,0.00004,0.123283,0.530627,0.161065,0.178497
AAATACCTATAAGCAT-1,0.019994,0.000032,0.38036,0.396972,0.051056,0.151586
AAATAGCTTAGACTTT-1,0.00006,0.00006,0.047374,0.784812,0.080246,0.087448
AAATAGGGTGCTATTG-1,0.130906,0.041119,0.440392,0.32253,0.049578,0.015476
AAATCCGATACACGCC-1,0.006751,0.255112,0.559995,0.155942,0.012548,0.009652
AAATCGCGGAAGGAGT-1,0.029042,0.110655,0.756424,0.103854,0.000012,0.000012
AAATCGTGTACCACAA-1,0.041026,0.000035,0.678636,0.280232,0.000035,0.000035
AAATCTAGCCCTGCTA-1,0.040005,0.074362,0.850308,0.035299,0.000013,0.000013
AAATCTGCCCGCGTCC-1,0.143489,0.439562,0.416924,0.000012,0.000006,0.000006
AAATGACTGATCAAAC-1,0.000032,0.15675,0.000159,0.000841,0.000032,0.842186
AAATGATTCGATCAGC-1,0.000135,0.105955,0.368453,0.334114,0.190926,0.000417
AAATGCTCGTTACGTT-1,0.000023,0.129886,0.591272,0.239143,0.039653,0.000023
AAATGGCATGTCTTGT-1,0.010595,0.053171,0.623275,0.244693,0.067329,0.000937
AAATGGCCCGTGCCCT-1,0.108664,0.014839,0.783946,0.039935,0.000418,0.052198
AAATGGTCAATGTGCC-1,0.00003,0.00003,0.458134,0.532678,0.005463,0.003665
AAATGTATCTTATCCC-1,0.000033,0.085453,0.284585,0.435327,0.194568,0.000033
AAATGTGGGTGCTCCT-1,0.000083,0.000083,0.000414,0.000166,0.00038,0.998875
AAATTAACGGGTAGCT-1,0.016126,0.125163,0.729432,0.094262,0.034439,0.000577
AAATTAATAAGCGCGA-1,0.012076,0.025471,0.529376,0.391967,0.02868,0.01243
AAATTACACGACTCTG-1,0.017735,0.058936,0.602406,0.100873,0.220028,0.000022
AAATTACCTATCGATG-1,0.006428,0.107983,0.392498,0.318297,0.147715,0.027079
AAATTCCAGGTCCAAA-1,0.133839,0.000031,0.455342,0.408615,0.002142,0.000031
AAATTGATAGTCCTTT-1,0.033441,0.000049,0.079294,0.613636,0.000049,0.273531
AAATTGGTGAGAAGCA-1,0.000034,0.178037,0.070082,0.204258,0.159447,0.388142
AAATTTACCGAAATCC-1,0.000096,0.729067,0.000481,0.150099,0.000096,0.120161
AAATTTGCGGGTGTGG-1,0.137141,0.000686,0.434031,0.400415,0.000033,0.027693
AACAACTGGTAGTTGC-1,0.009214,0.000024,0.809413,0.104202,0.004429,0.072718
AACAATACATTGTCGA-1,0.026473,0.007864,0.329779,0.472685,0.003014,0.160185
AACAATTACTCTACGC-1,0.184556,0.003781,0.261915,0.544451,0.000044,0.005252
AACACACGCTCGCCGC-1,0.141199,0.000399,0.466587,0.180239,0.030808,0.180768
AACACGACTGTACTGA-1,0.160794,0.008748,0.51961,0.145496,0.165329,0.000024
AACACGAGACGCGGCC-1,0.065768,0.011967,0.745031,0.061564,0.000019,0.115652
AACACGCGGCCGCGAA-1,0.000063,0.000063,0.000314,0.075806,0.230247,0.693508
AACAGCTGTGTGGCAA-1,0.003876,0.120413,0.390552,0.296954,0.064295,0.123908
AACAGGAAATCGAATA-1,0.000054,0.000054,0.00027,0.817049,0.000054,0.182519
AACAGGATGGGCCGCG-1,0.055188,0.000027,0.673732,0.261216,0.004578,0.005259
AACAGGTAGTATGGAT-1,0.059964,0.07667,0.312113,0.400452,0.000745,0.150056
AACATAGCGTGTATCG-1,0.317576,0.38146,0.160837,0.079213,0.030936,0.029978
AACATATCAACTGGTG-1,0.06794,0.090343,0.558975,0.10144,0.07252,0.108782
AACATCGATACGTCTA-1,0.000062,0.000062,0.242019,0.250497,0.234722,0.272638
AACATTGAAGTTGATC-1,0.031367,0.024214,0.581124,0.222887,0.10027,0.040139
AACATTGTGACTCGAG-1,0.07734,0.09568,0.493416,0.110385,0.095097,0.128082
AACCAAGACTTCTCTG-1,0.0057,0.084054,0.191374,0.641286,0.00005,0.077536
AACCAGTATCACTCTT-1,0.000041,0.518848,0.013058,0.188821,0.01498,0.264251
AACCATAGGGTTGAAC-1,0.121459,0.02639,0.541143,0.159347,0.006906,0.144754
AACCATGGGATCGCTA-1,0.062175,0.028829,0.746433,0.010563,0.151985,0.000015
AACCCAGAGACGGAGA-1,0.000048,0.000048,0.066883,0.785222,0.066116,0.081683
AACCCATCCCATGATC-1,0.004673,0.000051,0.008523,0.688464,0.002857,0.295432
AACCCGACAACCCGTG-1,0.02609,0.000036,0.239189,0.628777,0.001667,0.104242
AACCCGAGCAGAATCG-1,0.011739,0.070268,0.38096,0.405051,0.000036,0.131947
AACCCGCTGTATTCCA-1,0.000033,0.163502,0.000167,0.000067,0.044682,0.791548
AACCCTACTGTCAATA-1,0.005817,0.090879,0.433408,0.421619,0.023862,0.024413
AACCCTGGTGGAACCA-1,0.000072,0.000072,0.000358,0.290776,0.283539,0.425185
AACCGAGCTTGGTCAT-1,0.00002,0.035938,0.790947,0.173055,0.00002,0.00002
AACCGCTAAGGGATGC-1,0.001902,0.148656,0.639833,0.199713,0.003156,0.00674
AACCGTTGTGTTTGCT-1,0.000079,0.000079,0.000397,0.995502,0.000079,0.003863
AACCTAAAGCCGTCCG-1,0.00005,0.549997,0.00025,0.098832,0.105543,0.245327
AACCTCGCTTTAGCCC-1,0.035524,0.24949,0.553399,0.151169,0.010389,0.000028
AACCTGTCACGGAATT-1,0.312785,0.021367,0.509345,0.141625,0.012076,0.002803
AACCTTTAAATACGGT-1,0.035119,0.003636,0.446275,0.378093,0.061766,0.07511
AACCTTTACGACGTCT-1,0.003189,0.000038,0.577958,0.402881,0.015897,0.000038
AACGAAAGTCGTCCCA-1,0.086563,0.031854,0.757867,0.067257,0.001933,0.054525
AACGACCTCCTAGCCG-1,0.138252,0.778574,0.001972,0.054665,0.000016,0.02652
AACGATAATGCCGTAG-1,0.015795,0.010739,0.585394,0.38274,0.000025,0.005307
AACGATAGAAGGGCCG-1,0.000068,0.000068,0.024677,0.975049,0.000068,0.000068
AACGATATGTCAACTG-1,0.002348,0.106658,0.08531,0.760548,0.000052,0.045084
AACGCATGATCTGGGT-1,0.000049,0.000049,0.000247,0.766865,0.082156,0.150633
AACGCGAACGGCAACA-1,0.000061,0.084838,0.000305,0.026627,0.334318,0.553851
AACGCGACCTTGGGCG-1,0.003135,0.232824,0.378842,0.128332,0.038849,0.218018
AACGCGGTCTCCAGCC-1,0.057341,0.000036,0.41589,0.520835,0.00586,0.000036
AACGCTGTTGCTGAAA-1,0.104977,0.000073,0.222299,0.357468,0.016361,0.298822
AACGGACGTACGTATA-1,0.004623,0.113757,0.576882,0.133483,0.046986,0.124269
AACGGCCATCTCCGGT-1,0.112349,0.112356,0.700445,0.074469,0.000363,0.000017
AACGTACTGTGGGTAC-1,0.013346,0.144848,0.51374,0.298471,0.006875,0.022719
AACGTAGTCTACCCAT-1,0.00413,0.103986,0.276982,0.154958,0.340709,0.119235
AACGTCAGACTAGTGG-1,0.000075,0.000075,0.000376,0.999324,0.000075,0.000075
AACGTCATCCGGCTTG-1,0.000046,0.061413,0.000231,0.000092,0.000046,0.938172
AACGTCGCTGCACTTC-1,0.000166,0.629251,0.000257,0.094245,0.000051,0.27603
AACGTGATGAAGGACA-1,0.000068,0.000068,0.000341,0.044718,0.090533,0.864272
AACGTGCGAAAGTCTC-1,0.000032,0.063849,0.355502,0.551009,0.000032,0.029576
AACGTTATCAGCACCT-1,0.000063,0.023991,0.364382,0.38986,0.099119,0.122585
AACGTTCTACCATTGT-1,0.365927,0.176705,0.0357,0.091299,0.03537,0.294999
AACTACCCGTTTGTCA-1,0.151487,0.409071,0.200377,0.228836,0.00003,0.010199
AACTAGCGTATCGCAC-1,0.000068,0.000068,0.109448,0.002208,0.393657,0.494551
AACTAGGCTTGGGTGT-1,0.013628,0.00005,0.223164,0.659818,0.00005,0.103291
AACTCAAGTTAATTGC-1,0.070924,0.000016,0.68681,0.208018,0.007865,0.026368
AACTCCAGAGCGTGTT-1,0.069069,0.024642,0.230829,0.227841,0.270706,0.176914
AACTCCTAATCCCATG-1,0.00008,0.00008,0.0004,0.346862,0.00008,0.652498
AACTCGATGGCGCAGT-1,0.002121,0.174415,0.352563,0.016938,0.453941,0.000022
AACTCTCAATAGAGCG-1,0.012954,0.092774,0.651706,0.224574,0.004502,0.01349
AACTCTCAGTGTGCTC-1,0.000032,0.186887,0.287382,0.126728,0.214102,0.184868
AACTGAGGTCAGCGTC-1,0.000105,0.042725,0.000527,0.000211,0.092877,0.863555
AACTGAGTTATACTGA-1,0.655989,0.041299,0.302666,0.000023,0.000011,0.000011
AACTGATATTAGGCCT-1,0.000079,0.000079,0.000393,0.982816,0.000079,0.016555
AACTGGGTCCCGACGT-1,0.000047,0.023329,0.024036,0.910539,0.008748,0.033301
AACTGGGTTCGAGCCG-1,0.007367,0.086575,0.257327,0.251988,0.233708,0.163036
AACTGGTGTGGGCCTT-1,0.305723,0.094773,0.302722,0.01171,0.28504,0.000032
AACTTCTGCGTCTATC-1,0.081868,0.069064,0.3212,0.323071,0.204754,0.000044
AACTTGCCCGTATGCA-1,0.178098,0.000029,0.539323,0.28249,0.000029,0.000029
AACTTGCGTTCTCGCG-1,0.000032,0.244037,0.266526,0.340291,0.13523,0.013883
AACTTTACGGGAGCTT-1,0.000045,0.010677,0.091797,0.72541,0.108899,0.063171
AACTTTAGCTGCTGAG-1,0.000101,0.000101,0.000506,0.269009,0.09489,0.635392
AACTTTCTCGATCATG-1,0.000081,0.000081,0.000407,0.266035,0.146754,0.586642
AAGAAAGTTTGATGGG-1,0.343415,0.161912,0.169792,0.023156,0.002599,0.299127
AAGAAATCACCAGATT-1,0.000073,0.197822,0.000366,0.034778,0.00228,0.764681
AAGAAGGATCAGTTAG-1,0.021904,0.085967,0.542129,0.250407,0.09957,0.000023
AAGACATACGTGGTTT-1,0.308127,0.354127,0.236021,0.053333,0.004391,0.044001
AAGACCAAATAACTCA-1,0.162369,0.028517,0.404567,0.215527,0.051903,0.137118
AAGACCCAACTGAACA-1,0.000017,0.334185,0.462867,0.173288,0.023213,0.006429
AAGACTAACCCGTTGT-1,0.02792,0.117479,0.309437,0.228252,0.180648,0.136263
AAGACTGCAAGCTACT-1,0.000038,0.000038,0.264251,0.46433,0.031555,0.239788
AAGAGATGAATCGGTA-1,0.249643,0.008203,0.4107,0.122749,0.004426,0.20428
AAGAGCTCTTTATCGG-1,0.004142,0.000028,0.597236,0.386725,0.009777,0.002092
AAGAGGATGTACGCGA-1,0.02393,0.000011,0.975958,0.000079,0.000011,0.000011
AAGAGGCATGGATCGC-1,0.015779,0.000024,0.554156,0.323529,0.011072,0.095439
AAGAGGCCCTTTGGAA-1,0.14902,0.000043,0.05065,0.766554,0.000043,0.033691
AAGATGGCACCGGACC-1,0.001427,0.000029,0.303451,0.628231,0.004152,0.06271
AAGATTGGCGGAACGT-1,0.01888,0.000438,0.487541,0.368236,0.000046,0.124859
AAGCACCCTGCGTATC-1,0.020304,0.040906,0.399406,0.424595,0.059501,0.055288
AAGCATACTCTCCTGA-1,0.000038,0.088751,0.148438,0.216923,0.000038,0.545812
AAGCCACTTGCAGGTA-1,0.004767,0.516044,0.000143,0.000057,0.011163,0.467826
AAGCCGAAGCGGTTTA-1,0.119396,0.036275,0.551655,0.222959,0.000037,0.069678
AAGCCGCCGTGAAATC-1,0.005487,0.305211,0.517779,0.148898,0.021336,0.001289
AAGCCGCTTTACCTTG-1,0.000064,0.076469,0.000321,0.000128,0.091686,0.831332
AAGCCGGAGAGCAGGA-1,0.219973,0.427998,0.143132,0.147448,0.014387,0.047062
AAGCGCAGGGCTTTGA-1,0.103245,0.000017,0.778051,0.035298,0.000017,0.083372
AAGCGGCGTCATGGGT-1,0.000106,0.226878,0.00053,0.108892,0.068708,0.594885
AAGCGTCCCTCATCGA-1,0.065356,0.00002,0.766194,0.097049,0.071361,0.00002
AAGCTAGATCGAGTAA-1,0.000032,0.059494,0.520325,0.394926,0.019682,0.00554
AAGCTATGGATTGACC-1,0.314182,0.029434,0.656359,0.000012,0.000006,0.000006
AAGCTCGTGCCAAGTC-1,0.000045,0.000045,0.33315,0.666191,0.000045,0.000525
AAGCTCTTTCATGGTG-1,0.074657,0.054422,0.735686,0.109516,0.020789,0.00493
AAGGAGAACTTATAAG-1,0.000065,0.000065,0.101846,0.037465,0.330327,0.53023
AAGGAGCGGTTGGTGC-1,0.000048,0.000048,0.341146,0.643389,0.000048,0.015319
AAGGATCGATCGCTTG-1,0.133571,0.000051,0.305776,0.500727,0.003409,0.056466
AAGGATGAGGGACCTC-1,0.075446,0.015879,0.700759,0.091291,0.109857,0.006768
AAGGCAGGCTGTCTCC-1,0.441212,0.065152,0.426868,0.00898,0.007621,0.050166
AAGGCGCGTAAAGCTT-1,0.275531,0.018033,0.705989,0.000388,0.000029,0.000029
AAGGCTGTGCTCATCG-1,0.115537,0.000038,0.44092,0.397548,0.000169,0.045789
AAGGGAACGACTGGCT-1,0.000029,0.010863,0.373106,0.29851,0.040704,0.276787
AAGGGACAGATTCTGT-1,0.000037,0.000037,0.537856,0.32976,0.06922,0.06309
AAGGGACTATGCATTC-1,0.034925,0.047053,0.419774,0.342467,0.090625,0.065156
AAGGGTTAGCCATGCG-1,0.536387,0.000034,0.004283,0.302183,0.000034,0.157079
AAGGGTTTGATTTCAG-1,0.285667,0.425898,0.28839,0.000022,0.000011,0.000011
AAGGTATCCTAATATA-1,0.000045,0.000045,0.142225,0.626184,0.000045,0.231457
AAGGTGATAAACCAGC-1,0.035116,0.023276,0.675185,0.097896,0.093951,0.074575
AAGTAAGCTTCCAAAC-1,0.021754,0.252178,0.131986,0.272679,0.174461,0.146943
AAGTAGAAGACCGGGT-1,0.000049,0.000049,0.208314,0.756894,0.000049,0.034644
AAGTAGTGACGCGAGG-1,0.000038,0.166855,0.405747,0.420285,0.000038,0.007037
AAGTCAATTGTCGTCA-1,0.023431,0.216174,0.368334,0.367845,0.024033,0.000183
AAGTCTAGTAGCTGCC-1,0.000076,0.000076,0.00038,0.072627,0.26991,0.656931
AAGTCTTCTGTGGCCT-1,0.183928,0.030962,0.604045,0.075206,0.04867,0.057188
AAGTGACGACCGAATT-1,0.008439,0.000074,0.524319,0.38856,0.000074,0.078534
AAGTGAGTCGGGTTTA-1,0.024225,0.051409,0.738954,0.153556,0.028355,0.003501
AAGTGCAAAGGTAGAC-1,0.027206,0.085396,0.518037,0.274392,0.09494,0.000028
AAGTGCCTTGACTGTA-1,0.029524,0.036569,0.074529,0.749387,0.000086,0.109905
AAGTGCGTTAGAATCT-1,0.000061,0.000061,0.20996,0.726653,0.000061,0.063205
AAGTGCTTCTCTATTG-1,0.022229,0.008666,0.347557,0.242972,0.007099,0.371477
AAGTGTTTGGAGACGG-1,0.001929,0.000028,0.68995,0.251064,0.000028,0.057001
AAGTTCACTCCAAGCT-1,0.027748,0.020957,0.759338,0.169787,0.00003,0.022139
AAGTTCAGTCTGCGTA-1,0.000047,0.000047,0.098866,0.696832,0.170864,0.033343
AAGTTCGGCCAACAGG-1,0.071645,0.000019,0.815451,0.091758,0.021109,0.000019
AAGTTGTGATGTTATA-1,0.181926,0.012086,0.301662,0.259462,0.196199,0.048665
AAGTTTACTAATGGCA-1,0.008449,0.000063,0.042313,0.143805,0.206251,0.59912
AAGTTTATGGGCCCAA-1,0.000043,0.069883,0.248567,0.242414,0.000046,0.439047
AATAACAACGCTCGGC-1,0.015123,0.058384,0.485941,0.269571,0.109883,0.061097
AATAACACTAGAACAA-1,0.015147,0.06233,0.767065,0.086547,0.011375,0.057535
AATAACGTCGCGCCCA-1,0.493776,0.067013,0.330918,0.006166,0.002727,0.0994
AATAAGTCCTCGAGAC-1,0.000078,0.000078,0.000392,0.000157,0.322044,0.67725
AATAATCTTCGTATCG-1,0.27437,0.065123,0.439637,0.002182,0.000019,0.21867
AATACAATGTTTCAGG-1,0.001002,0.056343,0.324585,0.590997,0.000044,0.027028
AATACCGGAGGGCTGT-1,0.193864,0.019078,0.548568,0.187875,0.000402,0.050213
AATACCTGATGTGAAC-1,0.529696,0.033368,0.177999,0.132552,0.032943,0.093443
AATAGAACAGAGTGGC-1,0.000042,0.000042,0.141127,0.606519,0.000042,0.252229
AATAGAATCTGTTTCA-1,0.000033,0.093235,0.413276,0.35126,0.000033,0.142163
AATAGCAAGCCTCCTG-1,0.002726,0.158792,0.000194,0.027131,0.080173,0.730983
AATAGCTACCGCGTGC-1,0.000033,0.000033,0.141451,0.340428,0.243717,0.274337
AATAGGCACGACCCTT-1,0.381307,0.121337,0.049322,0.105428,0.000023,0.342583
AATAGTCCGTCCCGAC-1,0.06314,0.000036,0.566631,0.292188,0.043741,0.034263
AATAGTCGCGAGTCGG-1,0.005338,0.000024,0.598204,0.384606,0.010632,0.001195
AATATCAAGGTCGGAT-1,0.000034,0.000034,0.670316,0.145756,0.102303,0.081557
AATATCCTAGCAAACT-1,0.003256,0.000043,0.168184,0.74261,0.007332,0.078575
AATATCGAATCAATGC-1,0.100334,0.009538,0.587509,0.220556,0.021755,0.060309
AATATCGAGGGTTCTC-1,0.000045,0.000045,0.02817,0.788069,0.024952,0.158718
AATATTGGAGTATTGA-1,0.003643,0.081988,0.688272,0.216457,0.000054,0.009587
AATCAGGTTTCATTTA-1,0.000056,0.000056,0.028358,0.749083,0.000056,0.222392
AATCATGTAAAGACTC-1,0.065427,0.016916,0.317483,0.475988,0.012187,0.111999
AATCCAAGGGCCTGAG-1,0.011278,0.134657,0.608634,0.08419,0.161222,0.000019
AATCCATGCAAGGGTG-1,0.043726,0.040851,0.240944,0.012075,0.581764,0.08064
AATCCCGCTCAGAGCC-1,0.029089,0.089675,0.000279,0.000111,0.000056,0.88079
AATCGAGGTCTCAAGG-1,0.141378,0.238396,0.070429,0.242574,0.00004,0.307182
AATCGCCTCAGCGCCA-1,0.013164,0.031214,0.955554,0.000046,0.000011,0.000011
AATCGCGCAGAGGACT-1,0.039336,0.000058,0.075621,0.748682,0.000058,0.136244
AATCGGGACACTACGA-1,0.173097,0.066459,0.46927,0.126509,0.164637,0.000027
AATCGGTATAGCCCTC-1,0.031733,0.839844,0.052696,0.036808,0.015062,0.023857
AATCGTGAGCCGAGCA-1,0.010116,0.118353,0.694855,0.011179,0.019654,0.145842
AATCTAGGTTTACTTG-1,0.150003,0.000019,0.757956,0.091984,0.000019,0.000019
AATCTATGCCGGAGCC-1,0.017851,0.000021,0.787521,0.058776,0.110807,0.025025
AATCTCTACTGTGGTT-1,0.06508,0.000075,0.055529,0.829564,0.000075,0.049677
AATCTGCGTTGGGACG-1,0.002243,0.000026,0.708716,0.288963,0.000026,0.000026
AATCTGGCTTTCTAGT-1,0.085503,0.051946,0.623872,0.032005,0.079441,0.127232
AATCTGGGTAGACCCT-1,0.00128,0.328724,0.064362,0.000254,0.000127,0.605252
AATGACAGCAATGTCT-1,0.000068,0.000068,0.022394,0.571951,0.11539,0.290129
AATGACGTAGGATGTC-1,0.006969,0.000024,0.731877,0.224303,0.000024,0.036802
AATGACTGTCAGCCGG-1,0.016405,0.000057,0.124727,0.852977,0.002291,0.003543
AATGAGTTCGCATATG-1,0.130227,0.000029,0.690532,0.094002,0.053289,0.031921
AATGATGATACGCTAT-1,0.000068,0.000068,0.000341,0.999387,0.000068,0.000068
AATGATGCGACTCCTG-1,0.088202,0.000025,0.582226,0.277759,0.045333,0.006455
AATGCAACCGGGTACC-1,0.080771,0.000018,0.8276,0.091574,0.000018,0.000018
AATGCACCAAGCAATG-1,0.016895,0.002964,0.603452,0.160671,0.216002,0.000017
AATGGTCCACCGTTCA-1,0.03795,0.021766,0.48747,0.423239,0.012816,0.016758
AATGGTTCTCACAAGC-1,0.037662,0.077372,0.728907,0.069466,0.001085,0.085508
AATGTATGGCACTGTA-1,0.154726,0.034189,0.164706,0.548085,0.012002,0.086292
AATGTGCCCGAGGTGT-1,0.000036,0.007356,0.074434,0.527106,0.000036,0.391032
AATGTGCTAATCTGAG-1,0.014844,0.286103,0.224206,0.369683,0.000038,0.105125
AATGTTAAGACCCTGA-1,0.212283,0.672976,0.070334,0.044379,0.000014,0.000014
AATGTTGTCGTGAGAC-1,0.309958,0.017836,0.566291,0.056219,0.000716,0.04898
AATTAAAGGTCGGCGT-1,0.000066,0.005659,0.144722,0.8075,0.000066,0.041987
AATTAACGGATTTCCA-1,0.016877,0.067129,0.579212,0.25315,0.049565,0.034067
AATTACGAGACCCATC-1,0.223885,0.000013,0.71367,0.055051,0.000013,0.007368
AATTACTCGTACGCTC-1,0.108322,0.122765,0.145104,0.281663,0.181461,0.160685
AATTAGCGCTGCAGCG-1,0.00002,0.098147,0.625835,0.27568,0.000293,0.000025
AATTATACCCAGCAAG-1,0.421654,0.393349,0.012207,0.000035,0.170809,0.001946
AATTCATAAGGGATCT-1,0.00006,0.00006,0.140761,0.834895,0.00006,0.024164
AATTCATTGTCATGCA-1,0.194814,0.006597,0.769612,0.028953,0.000011,0.000013
AATTCCAAGCATGTAC-1,0.007113,0.073865,0.627818,0.120059,0.01366,0.157485
AATTCGATTCGAGGAT-1,0.018956,0.003447,0.503511,0.190402,0.153313,0.13037
AATTCTAGAGTTAGGC-1,0.000057,0.000057,0.327745,0.561426,0.041666,0.069049
AATTGAACGCTCTGGT-1,0.00038,0.129397,0.683948,0.142601,0.021603,0.02207
AATTGCAGCAATCGAC-1,0.150127,0.00484,0.208515,0.348346,0.106237,0.181935
AATTGCGTGGATTACA-1,0.24648,0.046414,0.483624,0.079525,0.000017,0.143939
AATTGTGGTTGCCAAA-1,0.520926,0.003629,0.028321,0.205565,0.000836,0.240724
AATTTGGGACATAGTA-1,0.000128,0.000128,0.00064,0.689821,0.000128,0.309154
AATTTGGTTCCAAAGA-1,0.015304,0.089582,0.608591,0.224866,0.061635,0.000022
ACAAACCATGCGTCCT-1,0.13894,0.037972,0.822497,0.00001,0.000575,0.000005
ACAAACCGACAAGGCG-1,0.000018,0.111945,0.224411,0.273567,0.279418,0.110641
ACAAACTCCATCAGAG-1,0.002075,0.353697,0.000125,0.00005,0.000025,0.644028
ACAAAGAAGGTAGGCC-1,0.129224,0.000018,0.768876,0.053739,0.007346,0.040797
ACAAAGCATGACCTAG-1,0.119713,0.00971,0.415522,0.193295,0.028065,0.233694
ACAAATCGCACCGAAT-1,0.000043,0.000043,0.102264,0.81049,0.000043,0.087117
ACAAATGGTAGTGTTT-1,0.020281,0.000018,0.801385,0.114246,0.043786,0.020284
ACAAATTCAGATCTGA-1,0.000134,0.178508,0.000671,0.068157,0.000134,0.752396
ACAACAGCATGAGCTA-1,0.006602,0.135256,0.324751,0.499481,0.014833,0.019077
ACAACGGTCCCTGCGA-1,0.092172,0.000033,0.596129,0.298092,0.000033,0.01354
ACAAGCAGTGCCTAGC-1,0.233949,0.000025,0.451821,0.201416,0.015433,0.097356
ACAAGCTATATGGAAG-1,0.172445,0.041176,0.644835,0.14143,0.000075,0.000039
ACAAGGAAATCCGCCC-1,0.194424,0.003729,0.644363,0.089619,0.00002,0.067845
ACAAGGACAAGAGGTT-1,0.024388,0.039922,0.338893,0.592983,0.002303,0.001512
ACAAGGATGCTTTAGG-1,0.038641,0.000033,0.391748,0.31168,0.2271,0.030798
ACAAGGGCAGGCTCTG-1,0.018003,0.000032,0.522627,0.459274,0.000032,0.000032
ACAAGTAATTGTAAGG-1,0.158445,0.040078,0.296777,0.195922,0.050359,0.258418
ACAATAGTCGTACGTT-1,0.000058,0.000058,0.378249,0.589036,0.007957,0.024641
ACAATCCATTTAAACC-1,0.04121,0.000052,0.347528,0.5463,0.000033,0.064876
ACAATCGATCTTTATA-1,0.000044,0.052882,0.081859,0.279356,0.344761,0.241098
ACAATGAATACGGAGA-1,0.004236,0.000047,0.240625,0.497378,0.037625,0.220088
ACAATGATTCTTCTAC-1,0.000061,0.034452,0.000306,0.009791,0.02666,0.92873
ACAATTGTGTCTCTTT-1,0.049909,0.063184,0.383952,0.465587,0.015274,0.022095
ACAATTTAGGAGGCTC-1,0.067924,0.061805,0.83303,0.012714,0.024509,0.000018
ACAATTTGAGCAGTGG-1,0.044186,0.000043,0.260393,0.6566,0.000043,0.038735
ACAATTTGGCCATATT-1,0.673255,0.000025,0.255422,0.059212,0.010535,0.001552
ACACAAAGACGGGTGG-1,0.045318,0.016542,0.877668,0.060118,0.000017,0.000337
ACACACCAGGACCAGT-1,0.029421,0.00001,0.930958,0.02537,0.005843,0.008398
ACACACTTTCTACACG-1,0.000075,0.041444,0.071896,0.629227,0.173494,0.083865
ACACATGATCAAATCT-1,0.000053,0.000053,0.000263,0.977135,0.000053,0.022445
ACACATTTCCGTAGAC-1,0.208986,0.194981,0.244554,0.056641,0.000033,0.294805
ACACCACATAATTAGC-1,0.277719,0.000029,0.346192,0.329362,0.046669,0.000029
ACACCCAGCATGCAGC-1,0.000073,0.031492,0.516535,0.363348,0.000073,0.088479
ACACCCGAGAAATCCG-1,0.000052,0.000052,0.175398,0.824395,0.000052,0.000052
ACACCGAGCGCTCTTT-1,0.000076,0.052292,0.000379,0.081968,0.010884,0.854402
ACACCGGTCTGACCGC-1,0.042751,0.095237,0.81939,0.042603,0.000009,0.000009
ACACCTTAAGTAGGGC-1,0.013177,0.058653,0.641921,0.26166,0.008899,0.01569
ACACCTTACTACTTGC-1,0.1202,0.273291,0.571848,0.034603,0.000029,0.000029
ACACGAGACTCCTTCT-1,0.022803,0.000049,0.385107,0.578766,0.000049,0.013226
ACACGGCACTATGCAT-1,0.00007,0.00007,0.000352,0.000141,0.606656,0.39271
ACACGGGAACTTAGGG-1,0.02106,0.000026,0.747499,0.231361,0.000026,0.000026
ACACGTAGGCCACAAG-1,0.012801,0.000036,0.182008,0.299127,0.186681,0.319348
ACACTCCAATGTCACT-1,0.000035,0.092316,0.274125,0.448307,0.17414,0.011076
ACACTGATCAAGGTGT-1,0.011573,0.012673,0.421654,0.356842,0.008254,0.189003
ACACTGGGACAGTCGT-1,0.027458,0.474166,0.165,0.248787,0.025303,0.059287
ACAGAACTGAGAACAA-1,0.049771,0.027322,0.130007,0.786264,0.000043,0.006593
ACAGATTAGGTTAGTG-1,0.000111,0.000111,0.000554,0.138724,0.195303,0.665197
ACAGCATAGAGCCAGT-1,0.116815,0.00004,0.535947,0.340017,0.00714,0.00004
ACAGCGACATTCTCAT-1,0.177725,0.000067,0.024025,0.672437,0.030481,0.095265
ACAGCGCACCCGCAGC-1,0.000086,0.000086,0.000431,0.52995,0.011752,0.457695
ACAGGCACGGATCCTT-1,0.137395,0.244848,0.535312,0.017322,0.01821,0.046913
ACAGGCTTGCCCGACT-1,0.000086,0.003307,0.187807,0.572976,0.000086,0.235738
ACAGGTGGAGGTGAGG-1,0.000041,0.000041,0.334336,0.522819,0.114306,0.028457
ACAGGTGTGTTGTTGC-1,0.272104,0.030433,0.493139,0.093572,0.008224,0.102527
ACAGTAATACAACTTG-1,0.021717,0.031842,0.718895,0.218918,0.000021,0.008607
ACAGTATACCGTGGGA-1,0.000044,0.089552,0.000218,0.000087,0.057366,0.852734
ACATAAGTCGTGGTGA-1,0.063967,0.002949,0.857956,0.058421,0.016695,0.000011
ACATAATAAGGCGGTG-1,0.000082,0.000082,0.017302,0.932862,0.000082,0.049589
ACATACAATCAAGCGG-1,0.21845,0.475618,0.300498,0.00293,0.001375,0.001129
ACATCAGCTGGGACGC-1,0.009313,0.030018,0.108599,0.725668,0.000051,0.126351
ACATCCCGGCCATACG-1,0.031575,0.000017,0.910756,0.057619,0.000017,0.000017
ACATCCTGGTAACTGT-1,0.000051,0.263648,0.255244,0.183309,0.013929,0.283818
ACATCGATCGTTTACC-1,0.000095,0.000095,0.180714,0.581534,0.000095,0.237467
ACATCGCAATATTCGG-1,0.392397,0.515084,0.01767,0.053567,0.005167,0.016114
ACATCGGTCAGCCGCG-1,0.000052,0.000052,0.251134,0.663458,0.000052,0.085253
ACATCGTATGCAATGG-1,0.000039,0.000039,0.482315,0.255164,0.002723,0.25972
ACATCGTTAACCTAGT-1,0.000138,0.000138,0.00069,0.55801,0.081261,0.359763
ACATCTCAACGCGTAA-1,0.000023,0.004447,0.228986,0.398676,0.210829,0.157038
ACATGCTTACGGCAGC-1,0.43142,0.18794,0.37941,0.000637,0.000582,0.000011
ACATGGCGCCAAAGTA-1,0.114498,0.000024,0.620288,0.227434,0.01707,0.020687
ACATGGCTCAATTTAG-1,0.031102,0.105551,0.291359,0.204384,0.217498,0.150107
ACATTAGTTTATATCC-1,0.023866,0.000034,0.776707,0.190206,0.004097,0.00509
ACATTCGCGCGGAATA-1,0.547086,0.064508,0.062047,0.258895,0.008391,0.059073
ACATTTGAAACCTAAC-1,0.20693,0.590611,0.20128,0.001151,0.000013,0.000013
ACCAAACACCCAGCGA-1,0.000066,0.009248,0.005785,0.204216,0.058011,0.722675
ACCAAACTAGAAATCC-1,0.000111,0.000111,0.005974,0.209719,0.073849,0.710235
ACCAACACCACACACT-1,0.032689,0.045024,0.613838,0.111964,0.196468,0.000016
ACCAACCGCACTCCAC-1,0.218061,0.013172,0.09464,0.440016,0.123301,0.110809
ACCAACGCTTATTTAT-1,0.014723,0.000041,0.367298,0.534782,0.026013,0.057145
ACCAAGAACGCGTGTC-1,0.11564,0.000042,0.454193,0.40658,0.009281,0.014264
ACCAAGTCATCGGCAG-1,0.225868,0.401178,0.372908,0.000027,0.00001,0.00001
ACCAATATGCAAGTTA-1,0.003068,0.00008,0.045694,0.547366,0.00008,0.403712
ACCACAACTCAGAACA-1,0.000076,0.000076,0.000381,0.009962,0.000076,0.989428
ACCACAAGTTTCTATC-1,0.000041,0.070078,0.276317,0.640301,0.000041,0.013222
ACCACACGGTTGATGG-1,0.15239,0.549521,0.262993,0.031577,0.003502,0.000018
ACCACCAATGTAACAA-1,0.020032,0.101507,0.356599,0.394089,0.000045,0.127728
ACCACCCTCTCTTCTA-1,0.118647,0.000045,0.002004,0.152107,0.369512,0.357686
ACCACGTGCAGCTATA-1,0.000068,0.044901,0.334039,0.393899,0.032864,0.194229
ACCAGACCATAACAAC-1,0.127033,0.021592,0.676761,0.161529,0.011774,0.001311
ACCAGCCCGGTCTTTG-1,0.000068,0.0027,0.071681,0.211417,0.251564,0.462569
ACCAGGAGTGTGATCT-1,0.00017,0.00017,0.000851,0.208202,0.00017,0.790436
ACCAGTGCCCGGTCAA-1,0.009272,0.221611,0.15043,0.278759,0.133357,0.206572
ACCAGTGCGGGAGACG-1,0.026165,0.000013,0.961072,0.007823,0.002267,0.00266
ACCATATCCGCAATAA-1,0.000037,0.000037,0.342813,0.647601,0.000037,0.009475
ACCATCCGCCAACTAG-1,0.089173,0.166311,0.570108,0.116531,0.005593,0.052284
ACCATCGTATATGGTA-1,0.038963,0.025647,0.656203,0.279107,0.00004,0.00004
ACCATTAAGGGTGTCA-1,0.027602,0.038736,0.000362,0.060868,0.018342,0.854091
ACCCAACGCCCGTGGC-1,0.000227,0.000039,0.277871,0.721784,0.000039,0.000039
ACCCACCTACATGCTC-1,0.000132,0.591699,0.300398,0.091973,0.000132,0.015665
ACCCATCTTGAGGGTA-1,0.014135,0.020119,0.591044,0.268155,0.027509,0.079037
ACCCATTTGTCCCTCT-1,0.000062,0.089673,0.032648,0.370164,0.000062,0.507391
ACCCGAGCGAAATTAC-1,0.002805,0.000032,0.289319,0.65176,0.015062,0.041023
ACCCGATTGGTTCCGA-1,0.000046,0.00813,0.159336,0.338382,0.000046,0.49406
ACCCGGAAACTCCCAG-1,0.00003,0.20284,0.527605,0.251215,0.002886,0.015425
ACCCGGAGCACCACAA-1,0.487331,0.236728,0.275905,0.000019,0.000009,0.000009
ACCCGGATGACGCATC-1,0.00061,0.022987,0.52274,0.394441,0.0032,0.056021
ACCCGGTTACACTTCC-1,0.132224,0.000061,0.199523,0.663374,0.000061,0.004757
ACCCGTAGCAGAGAAT-1,0.230406,0.037035,0.27081,0.271501,0.027714,0.162535
ACCCGTAGTCTAGTTG-1,0.579728,0.000033,0.004876,0.364556,0.000033,0.050774
ACCCGTGTCATCAGTA-1,0.105907,0.000031,0.613091,0.232708,0.031985,0.016278
ACCCTATAGGACTGAG-1,0.000064,0.000064,0.000322,0.000129,0.616144,0.383276
ACCCTATGCCATATCG-1,0.067101,0.000026,0.670562,0.189141,0.053127,0.020043
ACCCTCCCGTCAGGGC-1,0.085257,0.213812,0.486472,0.19562,0.006786,0.012054
ACCCTCCCTTGCTATT-1,0.042204,0.010825,0.379621,0.371869,0.072131,0.12335
ACCCTGGTAACGCCCT-1,0.050698,0.028371,0.000132,0.000053,0.919495,0.001251
ACCCTTCATCTGCGAA-1,0.000077,0.000077,0.017295,0.960444,0.000077,0.022029
ACCCTTTAGTTCTCCA-1,0.000125,0.09387,0.000626,0.011506,0.002352,0.891521
ACCGAAAGGGCCCTGC-1,0.229611,0.079963,0.233805,0.404582,0.052009,0.000029
ACCGAAGAGTCTGGTT-1,0.058192,0.16009,0.686623,0.095046,0.000025,0.000025
ACCGACACATCTCCCA-1,0.001857,0.209388,0.5217,0.217446,0.007774,0.041836
ACCGACTGAGTCCCAC-1,0.037358,0.037832,0.606078,0.190177,0.003672,0.124884
ACCGAGTCTCCTTATT-1,0.328132,0.037074,0.419394,0.050904,0.033344,0.131151
ACCGATAGGCATAACC-1,0.36524,0.023621,0.232513,0.122532,0.090326,0.165767
ACCGATATTTAATCAT-1,0.387782,0.031082,0.427903,0.148496,0.001173,0.003564
ACCGATGGTAGCATCG-1,0.001445,0.045602,0.770248,0.182662,0.000022,0.000022
ACCGCAATAACTGCCT-1,0.000032,0.029749,0.344192,0.396246,0.000032,0.229748
ACCGCGGTGGAAGTCG-1,0.000915,0.000048,0.221234,0.601509,0.019584,0.15671
ACCGCTAGTCATTGGT-1,0.337379,0.349602,0.247979,0.000833,0.006943,0.057264
ACCGGGCCTTTGTTGA-1,0.031032,0.144702,0.697327,0.126883,0.000028,0.000028
ACCGGTCAGGTACACC-1,0.010924,0.041594,0.473966,0.083311,0.000027,0.390178
ACCGGTCTGAGTACGG-1,0.000053,0.278354,0.000267,0.000107,0.108643,0.612577
ACCGTCCACTGGGCCC-1,0.255716,0.108744,0.491634,0.118453,0.007126,0.018328
ACCGTGACCACGTGGG-1,0.000048,0.000048,0.265017,0.592323,0.000048,0.142516
ACCGTTCCCGCTCTGA-1,0.000109,0.035601,0.000544,0.499721,0.014954,0.449071
ACCTAAGTACCTTTCA-1,0.000072,0.011369,0.1478,0.643674,0.052619,0.144467
ACCTAATCGACTTCCT-1,0.073559,0.075631,0.648611,0.075469,0.025965,0.100766
ACCTACAGTATGTGGT-1,0.268734,0.004744,0.626491,0.091084,0.00892,0.000027
ACCTACTATAAATCTA-1,0.034223,0.000039,0.086246,0.493112,0.000039,0.386341
ACCTCAGCGAGGCGCA-1,0.360279,0.185351,0.447461,0.00002,0.003741,0.003148
ACCTCCGCCCTCGCTG-1,0.155318,0.026947,0.425898,0.239734,0.067258,0.084845
ACCTCCGTTATTCACC-1,0.084955,0.027973,0.829431,0.005939,0.038565,0.013137
ACCTCGAACTTATGCT-1,0.097305,0.208468,0.665806,0.005838,0.022572,0.000011
ACCTGCGTGTCATGTT-1,0.071678,0.054425,0.586983,0.123822,0.117583,0.04551
ACGAAATGGGCGGCAC-1,0.103196,0.000027,0.748459,0.035177,0.041462,0.071678
ACGACCCATGAGTTGC-1,0.469332,0.0987,0.212067,0.167672,0.008398,0.043831
ACGACTCTAGGGCCGA-1,0.393962,0.062308,0.542516,0.000896,0.000305,0.000014
ACGACTGGTCATACTC-1,0.0071,0.078683,0.478768,0.227579,0.065176,0.142693
ACGAGAACCCATCACG-1,0.071597,0.014231,0.16381,0.079757,0.652521,0.018084
ACGAGATATTTGCTTA-1,0.000082,0.000082,0.000408,0.120964,0.301035,0.577428
ACGAGGATACCACTCT-1,0.328828,0.000024,0.63019,0.04091,0.000024,0.000024
ACGAGGTTTACAACGT-1,0.285754,0.000032,0.432125,0.267186,0.01487,0.000032
ACGAGTACGGATGCCC-1,0.000738,0.000051,0.109237,0.699017,0.169286,0.021672
ACGATACATAGAACTA-1,0.081344,0.000027,0.438987,0.460903,0.017546,0.001193
ACGATACCTATCCTGA-1,0.196458,0.000038,0.581808,0.16056,0.051257,0.009879
ACGATCATACATAGAG-1,0.000124,0.018387,0.58055,0.258466,0.000124,0.142348
ACGATCATCTTGTAAA-1,0.020267,0.000041,0.35361,0.553662,0.006067,0.066353
ACGATGCATATGTTAT-1,0.000047,0.000047,0.241745,0.391611,0.000047,0.366503
ACGATGGATCCGATGC-1,0.045139,0.000046,0.315408,0.586086,0.053275,0.000046
ACGCAAACTAATAGAT-1,0.000034,0.263562,0.215493,0.298077,0.064234,0.158599
ACGCAATCACTACAGC-1,0.000045,0.01144,0.519984,0.366808,0.084785,0.016938
ACGCATAAATGACATG-1,0.141162,0.271906,0.000146,0.020159,0.055419,0.511208
ACGCATACGTTTACTA-1,0.041345,0.148159,0.116027,0.613155,0.001523,0.079791
ACGCATTCGTGAGTAC-1,0.000051,0.008394,0.801219,0.107406,0.00002,0.08291
ACGCCACTCGAAACAG-1,0.000023,0.592371,0.000115,0.000046,0.018796,0.38865
ACGCCAGATGATTTCT-1,0.000048,0.000048,0.42389,0.54406,0.015887,0.016066
ACGCCAGTGCGTTTGC-1,0.326945,0.479413,0.193608,0.000017,0.000008,0.000008
ACGCCCAGCTGTCGAT-1,0.000032,0.000032,0.269263,0.292134,0.241092,0.197447
ACGCCGCTAGACGACC-1,0.006162,0.078684,0.912485,0.000691,0.001959,0.000019
ACGCGAAGTCAGACGA-1,0.004168,0.168436,0.587897,0.227835,0.011633,0.000031
ACGCGCTACACAGGGT-1,0.003033,0.130411,0.858203,0.008327,0.000013,0.000013
ACGCGGGCCAAGGACA-1,0.001804,0.001428,0.336008,0.640761,0.000035,0.019964
ACGCGTTTCTTAAGAG-1,0.010098,0.042332,0.738732,0.014244,0.194576,0.000018
ACGCTACTGAATGGGC-1,0.736968,0.009755,0.003272,0.206118,0.000035,0.043853
ACGCTAGTGATACACT-1,0.000069,0.000069,0.117974,0.219651,0.513437,0.1488
ACGCTGTGAGGCGTAG-1,0.000074,0.000074,0.404852,0.582307,0.000074,0.012619
ACGCTTAGTGTCTCTC-1,0.000028,0.033474,0.269067,0.292025,0.245792,0.159614
ACGGAACACGAGTGCC-1,0.311299,0.433405,0.242412,0.003889,0.002726,0.006269
ACGGAATTTAGCAAAT-1,0.023507,0.029179,0.602129,0.237059,0.108096,0.000029
ACGGACGCAGCGACAA-1,0.569389,0.051582,0.163068,0.07878,0.01743,0.119751
ACGGACTCTCAAAGCG-1,0.031394,0.000036,0.434492,0.408321,0.016543,0.109214
ACGGAGCGCAAATTAC-1,0.000066,0.000066,0.00033,0.504205,0.06437,0.430963
ACGGATGGTGCGGATA-1,0.00007,0.00007,0.171881,0.670378,0.00007,0.15753
ACGGCACTTGCTTGGG-1,0.013066,0.000023,0.810828,0.176036,0.000023,0.000023
ACGGCCAACATGGACT-1,0.004597,0.095415,0.613734,0.285203,0.00079,0.00026
ACGGCGACGATGGGAA-1,0.000037,0.131468,0.358117,0.472796,0.000037,0.037545
ACGGCGGGTTGCCCTG-1,0.000055,0.080402,0.000274,0.000109,0.000055,0.919106
ACGGCTGGATGTAGAA-1,0.000434,0.028102,0.299821,0.421573,0.069551,0.180519
ACGGGAGTGTCGGCCC-1,0.003759,0.167985,0.818628,0.008031,0.001577,0.000019
ACGGGCGTATGCGACA-1,0.00498,0.244305,0.589634,0.014603,0.146467,0.000011
ACGGGTCATGTGACTT-1,0.000057,0.004794,0.007653,0.260442,0.47965,0.247404
ACGGGTTGTGACCTGT-1,0.410391,0.106455,0.324406,0.000045,0.115999,0.042704
ACGGTACAGTTCAATG-1,0.420818,0.036501,0.401175,0.056431,0.004679,0.080395
ACGGTCACCGAGAACA-1,0.01122,0.471065,0.000134,0.367537,0.000027,0.150017
ACGTACAGATTTCTCT-1,0.0168,0.196681,0.628029,0.034948,0.123519,0.000023
ACGTACTTTGGCACGG-1,0.000057,0.000057,0.020945,0.654005,0.000057,0.32488
ACGTAGATTGCTGATG-1,0.0324,0.000035,0.648818,0.285677,0.000035,0.033035
ACGTAGGAGAGTCGCT-1,0.025565,0.163108,0.413922,0.3498,0.005644,0.041961
ACGTATTACTCCGATC-1,0.000039,0.000039,0.234292,0.765551,0.000039,0.000039
ACGTCGGGCAACTCGG-1,0.548974,0.00001,0.428663,0.022334,0.00001,0.00001
ACGTCTCGTTCCGGGA-1,0.077652,0.000022,0.680563,0.219058,0.014342,0.008363
ACGTGACAAAGTAAGT-1,0.105118,0.251882,0.642951,0.000025,0.000012,0.000012
ACGTGCGCCTCGTGCA-1,0.000089,0.000089,0.027023,0.938962,0.000089,0.033749
ACGTGGTCGAATGTGC-1,0.00002,0.036233,0.277263,0.324036,0.227376,0.135072
ACGTTAATGTCGAAGA-1,0.007136,0.022383,0.946369,0.024088,0.000012,0.000012
ACGTTAGATTTGCCCG-1,0.011333,0.000029,0.773056,0.099438,0.071326,0.044818
ACGTTATTGGTCACTC-1,0.000029,0.093485,0.418977,0.387234,0.100246,0.000029
ACGTTCACTATGCCGC-1,0.109846,0.210354,0.094785,0.124892,0.005152,0.454971
ACGTTCCGCGCTCCGT-1,0.035958,0.029968,0.095281,0.538907,0.293929,0.005958
ACGTTCGCAATCAATT-1,0.000054,0.000054,0.131953,0.845449,0.022438,0.000054
ACGTTCGTTCAGGAAA-1,0.141972,0.000027,0.569382,0.270104,0.006631,0.011883
ACGTTCTGTACAAGTC-1,0.12897,0.000043,0.457446,0.327834,0.048376,0.03733
ACGTTGTCGTTGAAAG-1,0.077293,0.358605,0.02175,0.117024,0.000036,0.425292
ACGTTTAGTTGTGATC-1,0.000103,0.000103,0.000514,0.962868,0.000103,0.03631
ACGTTTCGGTGCACTT-1,0.802821,0.006569,0.123953,0.006478,0.000015,0.060164
ACTAATACGTCAGGCG-1,0.000122,0.871705,0.000611,0.000244,0.000122,0.127196
ACTACAAAGAGAGGTG-1,0.103817,0.163697,0.073346,0.014534,0.000035,0.644572
ACTACATCCCGACAAG-1,0.030153,0.09966,0.778842,0.001702,0.00001,0.089631
ACTACCAGCTCTCTGG-1,0.10149,0.000024,0.752326,0.14344,0.002696,0.000024
ACTACCATCCGAGGGC-1,0.409816,0.234902,0.116174,0.043174,0.044045,0.151889
ACTACGCGTTAGAATT-1,0.000534,0.18042,0.562185,0.214285,0.037821,0.004756
ACTAGTTGCGATCGTC-1,0.001614,0.009776,0.315116,0.322539,0.015489,0.335466
ACTATATGCTGTGTTC-1,0.000126,0.000126,0.000631,0.206006,0.008045,0.785067
ACTATCCAGGGCATGG-1,0.000083,0.108145,0.217967,0.369394,0.127113,0.177297
ACTATCTGCCCGCGTA-1,0.164819,0.000014,0.795619,0.039521,0.000014,0.000014
ACTATGTCCAGCTGCC-1,0.003083,0.15694,0.493475,0.296768,0.035832,0.013902
ACTATTCGTCCGTGGT-1,0.00005,0.035751,0.194378,0.64658,0.101939,0.021302
ACTATTTCCGGGCCCA-1,0.077431,0.000022,0.767814,0.13603,0.000022,0.018682
ACTCAACGAATGTATT-1,0.118428,0.000042,0.152774,0.082487,0.459081,0.187189
ACTCAAGTGCAAGGCT-1,0.03929,0.177797,0.68031,0.068526,0.033269,0.000808
ACTCAATAAAGGCACG-1,0.071695,0.02094,0.681738,0.223394,0.002206,0.000026
ACTCAGACCTGCTTCT-1,0.003349,0.235014,0.429829,0.143087,0.188692,0.000029
ACTCATGGCAGCCTTC-1,0.275413,0.009374,0.33334,0.359764,0.014935,0.007173
ACTCCAATATCATCAT-1,0.084124,0.057524,0.454676,0.346602,0.000043,0.057031
ACTCCCATTCCTAAAG-1,0.137869,0.00002,0.748841,0.105766,0.00002,0.007484
ACTCCCGAATTCGTTT-1,0.000075,0.000075,0.003149,0.659467,0.043435,0.293799
ACTCCCGTAGACTAGG-1,0.000184,0.000184,0.00092,0.150215,0.071414,0.777083
ACTCCCTAATGCTAAA-1,0.14951,0.000048,0.413082,0.433002,0.000048,0.00431
ACTCCCTAGAATAGTA-1,0.000045,0.032281,0.156546,0.418732,0.036815,0.355581
ACTCCGGCCGACCACT-1,0.076266,0.276975,0.517577,0.018757,0.103355,0.00707
ACTCGATGTATTTCAT-1,0.0966,0.031272,0.63603,0.076289,0.159775,0.000035
ACTCGCCGTTCGATAA-1,0.110337,0.39831,0.449635,0.002897,0.038248,0.000573
ACTCGCGATCTGACGC-1,0.319138,0.081567,0.027905,0.446384,0.060976,0.06403
ACTCGTAACCCGTCCT-1,0.028534,0.04297,0.253214,0.33801,0.000054,0.337218
ACTCGTCAGTAATCCC-1,0.000045,0.012936,0.387857,0.55323,0.000045,0.045887
ACTCTAAACCTGGGAT-1,0.02965,0.121363,0.358621,0.413261,0.076008,0.001098
ACTCTCTGACTTAGGT-1,0.000065,0.006453,0.361219,0.563127,0.000065,0.069071
ACTCTCTTATACACGA-1,0.00012,0.00012,0.000601,0.270658,0.074265,0.654235
ACTCTGACCTAATAGA-1,0.099112,0.083939,0.543085,0.010262,0.000013,0.263589
ACTCTTCAGCTCCCGC-1,0.000043,0.903542,0.096246,0.000085,0.000043,0.000043
ACTCTTGTATAGTAAC-1,0.006169,0.000038,0.595962,0.393597,0.000038,0.004195
ACTGAAACGCCGTTAG-1,0.07751,0.059065,0.131465,0.450631,0.026891,0.254438
ACTGAATGGCGAAAGT-1,0.000018,0.000018,0.768935,0.129758,0.016072,0.085199
ACTGATTTAGTGATTC-1,0.000031,0.00998,0.230599,0.415393,0.184095,0.159902
ACTGCCCGCCATTCTC-1,0.168162,0.00544,0.227025,0.492376,0.01805,0.088947
ACTGCCGTCGTAACTC-1,0.000083,0.000083,0.000414,0.943253,0.000083,0.056084
ACTGCGGACACACCGT-1,0.394123,0.000061,0.04656,0.402592,0.103674,0.05299
ACTGCTCGGAAGGATG-1,0.044808,0.009421,0.71639,0.220886,0.008472,0.000023
ACTGGGATGCCAGTGC-1,0.00004,0.399184,0.000201,0.00008,0.00004,0.600455
ACTGTACGATACACAT-1,0.017839,0.000033,0.607495,0.374566,0.000033,0.000033
ACTGTAGCACTTTGGA-1,0.018565,0.273403,0.546275,0.127028,0.008375,0.026354
ACTGTATACGCGAGCA-1,0.126591,0.017587,0.563432,0.159729,0.132637,0.000025
ACTGTCCAGGATTATA-1,0.000042,0.014334,0.728502,0.139671,0.000042,0.117408
ACTGTCTTCTTTAGAA-1,0.017588,0.00006,0.221454,0.673131,0.00006,0.087707
ACTGTGCTAGTAGATC-1,0.096226,0.100882,0.529074,0.004325,0.078345,0.191147
