Barcode,Topic 1,Topic 2,Topic 3,Topic 4,Topic 5to7,Topic 8,Topic 9
AAACAAGTATCTCCCA-1,0.000023,0.075805,0.000023,0.059035,0.865067,0.000023,0.000023
AAACATTTCCCGGATT-1,0.000038,0.033907,0.309308,0.157025,0.453281,0.000038,0.046403
AAACCCGAACGAAATC-1,0.000025,0.005732,0.03468,0.782301,0.159777,0.000025,0.01746
AAACCGGGTAGGTACC-1,0.000031,0.000031,0.000031,0.045491,0.000094,0.879833,0.074488
AAACCGTTCGTCCAGG-1,0.000065,0.010409,0.089103,0.818465,0.000194,0.039532,0.042233
AAACCTAAGCAGCCGG-1,0.000047,0.007827,0.142452,0.37373,0.000141,0.000047,0.475757
AAACGAGACGGTTGAT-1,0.000072,0.000072,0.000072,0.186155,0.574825,0.000072,0.238734
AAACGGGCGTACGGGT-1,0.000018,0.370843,0.319048,0.084883,0.192714,0.001651,0.030843
AAACGGTTGCGAACTG-1,0.000023,0.151379,0.392279,0.074689,0.357585,0.011873,0.012173
AAACTCGGTTCGCAAT-1,0.000049,0.000049,0.273787,0.440629,0.000147,0.037684,0.247654
AAACTGCTGGCTCCAA-1,0.00002,0.400431,0.000707,0.014434,0.522465,0.027115,0.034828
AAAGAATGTGGACTAA-1,0.000021,0.170056,0.171639,0.384975,0.273269,0.000021,0.000021
AAAGGCTACGGACCAT-1,0.000022,0.212554,0.532059,0.151705,0.101324,0.000022,0.002314
AAAGGCTCTCGCGCCG-1,0.000052,0.016935,0.013554,0.537487,0.391996,0.000052,0.039923
AAAGGGATGTAGCAAG-1,0.000035,0.192089,0.062223,0.034949,0.511245,0.114783,0.084675
AAAGTGTGATTTATCT-1,0.000061,0.091096,0.000061,0.044276,0.601304,0.024261,0.238941
AAAGTTGACTCCCGTA-1,0.000028,0.349008,0.004354,0.043027,0.596308,0.007247,0.000028
AAATAAGGTAGTGCCC-1,0.000032,0.038019,0.03132,0.383003,0.526394,0.000032,0.021199
AAATACCTATAAGCAT-1,0.000023,0.433488,0.000023,0.04072,0.502783,0.019517,0.003445
AAATAGCTTAGACTTT-1,0.000037,0.000037,0.026182,0.083321,0.708988,0.07197,0.109465
AAATAGGGTGCTATTG-1,0.000103,0.000103,0.052649,0.000105,0.13663,0.006484,0.803927
AAATCCGATACACGCC-1,0.000023,0.272629,0.44036,0.147718,0.056853,0.000023,0.082394
AAATCGTGTACCACAA-1,0.000058,0.000058,0.000058,0.549617,0.428777,0.000058,0.021373
AAATCTAGCCCTGCTA-1,0.000033,0.032919,0.080145,0.035441,0.790351,0.006543,0.054569
AAATGGTCAATGTGCC-1,0.000023,0.056107,0.180834,0.000296,0.724407,0.037636,0.000697
AAATTAACGGGTAGCT-1,0.000026,0.023924,0.041995,0.002717,0.865253,0.06606,0.000026
AAATTACCTATCGATG-1,0.000149,0.000149,0.000149,0.022042,0.250723,0.012065,0.714724
AAATTCCAGGTCCAAA-1,0.000027,0.006889,0.000027,0.356725,0.518137,0.000628,0.117567
AAATTGATAGTCCTTT-1,0.000039,0.000039,0.069608,0.086169,0.029203,0.781975,0.032967
AAATTTGCGGGTGTGG-1,0.000106,0.000106,0.236586,0.305909,0.000318,0.301286,0.15569
AACAACTGGTAGTTGC-1,0.000034,0.079241,0.000034,0.000034,0.779359,0.141266,0.000034
AACAATACATTGTCGA-1,0.000021,0.030266,0.03418,0.178749,0.208507,0.511747,0.036531
AACACACGCTCGCCGC-1,0.000031,0.459439,0.060736,0.012896,0.391255,0.000031,0.075613
AACAGCTGTGTGGCAA-1,0.000017,0.035978,0.13614,0.203386,0.222102,0.343244,0.059133
AACAGGATGGGCCGCG-1,0.000038,0.000038,0.000038,0.120068,0.238156,0.595045,0.046617
AACAGGTAGTATGGAT-1,0.000039,0.000039,0.075897,0.772957,0.104267,0.033512,0.013288
AACATAGCGTGTATCG-1,0.000046,0.004991,0.000046,0.000046,0.204498,0.005808,0.784566
AACATATCAACTGGTG-1,0.000044,0.000044,0.000044,0.012704,0.648773,0.001744,0.336648
AACATTGTGACTCGAG-1,0.000029,0.000029,0.517755,0.432354,0.009865,0.039938,0.000029
AACCCAGAGACGGAGA-1,0.000043,0.000043,0.000043,0.214,0.521661,0.264167,0.000043
AACCCGAGCAGAATCG-1,0.000022,0.034514,0.37885,0.407069,0.130226,0.048885,0.000434
AACCCTACTGTCAATA-1,0.00003,0.236127,0.007885,0.020766,0.676642,0.00003,0.058521
AACCGAGCTTGGTCAT-1,0.000023,0.155465,0.002546,0.012379,0.829539,0.000023,0.000023
AACCGCTAAGGGATGC-1,0.000056,0.000879,0.000057,0.000056,0.486853,0.02248,0.489618
AACCTCGCTTTAGCCC-1,0.000109,0.000109,0.194439,0.06547,0.000327,0.071161,0.668384
AACCTGTCACGGAATT-1,0.000022,0.013642,0.000022,0.30609,0.680179,0.000022,0.000022
AACCTTTAAATACGGT-1,0.000166,0.116394,0.022096,0.364299,0.087227,0.000166,0.409652
AACGATAATGCCGTAG-1,0.000106,0.164138,0.000106,0.290905,0.317603,0.000106,0.227035
AACGATATGTCAACTG-1,0.000066,0.000066,0.000066,0.309566,0.658139,0.027928,0.004167
AACGCGACCTTGGGCG-1,0.000022,0.106478,0.240831,0.301062,0.148964,0.10343,0.099213
AACGCGGTCTCCAGCC-1,0.000028,0.005529,0.056476,0.00737,0.817019,0.068125,0.045455
AACGCTGTTGCTGAAA-1,0.000115,0.000115,0.000115,0.295293,0.322736,0.000115,0.381511
AACGGACGTACGTATA-1,0.00008,0.00008,0.00008,0.139824,0.43998,0.00008,0.419878
AACGGCCATCTCCGGT-1,0.000031,0.121427,0.014854,0.483009,0.303351,0.052976,0.024352
AACGTACTGTGGGTAC-1,0.000051,0.003613,0.060185,0.609658,0.18947,0.051581,0.085442
AACGTCAGACTAGTGG-1,0.000063,0.00037,0.071591,0.000063,0.052316,0.648316,0.227282
AACGTCGCTGCACTTC-1,0.000026,0.019781,0.259688,0.162936,0.134812,0.394319,0.028438
AACGTGCGAAAGTCTC-1,0.000014,0.140099,0.000014,0.000014,0.859829,0.000014,0.000014
AACTACCCGTTTGTCA-1,0.000033,0.021739,0.032426,0.435931,0.497149,0.000033,0.012689
AACTAGGCTTGGGTGT-1,0.000091,0.2124,0.032839,0.39956,0.354927,0.000091,0.000091
AACTCAAGTTAATTGC-1,0.000029,0.013205,0.148642,0.22332,0.311718,0.16557,0.137517
AACTCCAGAGCGTGTT-1,0.000056,0.11336,0.267604,0.142633,0.442331,0.000056,0.03396
AACTCTCAATAGAGCG-1,0.00008,0.00008,0.00008,0.00008,0.333301,0.00008,0.666299
AACTCTCAGTGTGCTC-1,0.000092,0.000093,0.000093,0.774661,0.000278,0.049789,0.174995
AACTGATATTAGGCCT-1,0.000017,0.000017,0.000017,0.099074,0.872316,0.028523,0.000034
AACTGGGTCCCGACGT-1,0.000039,0.000039,0.000039,0.311341,0.516375,0.125461,0.046707
AAGACATACGTGGTTT-1,0.000022,0.004688,0.363831,0.000022,0.014146,0.61177,0.00552
AAGACCCAACTGAACA-1,0.000021,0.160577,0.052708,0.380686,0.399869,0.006117,0.000021
AAGACTGCAAGCTACT-1,0.000045,0.000045,0.028961,0.087551,0.81866,0.007698,0.05704
AAGAGCTCTTTATCGG-1,0.000028,0.345127,0.000028,0.024948,0.629814,0.000028,0.000028
AAGAGGATGTACGCGA-1,0.000023,0.004261,0.008313,0.112942,0.129075,0.670567,0.07482
AAGAGGCATGGATCGC-1,0.000076,0.000076,0.000076,0.025955,0.297557,0.000076,0.676185
AAGAGGCCCTTTGGAA-1,0.000021,0.01139,0.536703,0.063659,0.268232,0.004334,0.115661
AAGATGGCACCGGACC-1,0.000021,0.056532,0.006,0.245267,0.665576,0.025662,0.000941
AAGATTGGCGGAACGT-1,0.000083,0.000083,0.000083,0.000083,0.058678,0.041973,0.899017
AAGCACCCTGCGTATC-1,0.000074,0.123448,0.274015,0.000074,0.061431,0.120826,0.420132
AAGCATACTCTCCTGA-1,0.000053,0.362484,0.039654,0.187189,0.390171,0.000053,0.020398
AAGCCGAAGCGGTTTA-1,0.000027,0.085989,0.114303,0.107275,0.636161,0.012263,0.043981
AAGCGCAGGGCTTTGA-1,0.000022,0.000022,0.60101,0.000022,0.000067,0.000022,0.398833
AAGCGTCCCTCATCGA-1,0.00004,0.146034,0.02546,0.361236,0.365378,0.057244,0.044608
AAGCTAGATCGAGTAA-1,0.000075,0.000299,0.149622,0.305615,0.45612,0.000075,0.088193
AAGCTCGTGCCAAGTC-1,0.000041,0.022532,0.000041,0.113807,0.829033,0.025732,0.008813
AAGCTCTTTCATGGTG-1,0.000336,0.000336,0.003661,0.456595,0.001008,0.012886,0.525179
AAGGAGCGGTTGGTGC-1,0.000059,0.000059,0.000059,0.165386,0.654464,0.097045,0.08293
AAGGATCGATCGCTTG-1,0.000051,0.011636,0.015455,0.23424,0.683913,0.000051,0.054653
AAGGATGAGGGACCTC-1,0.000064,0.000064,0.000064,0.059006,0.440262,0.020924,0.479614
AAGGCAGGCTGTCTCC-1,0.000014,0.040074,0.027108,0.10121,0.808459,0.022169,0.000965
AAGGCGCGTAAAGCTT-1,0.00006,0.00006,0.00006,0.00006,0.00018,0.99952,0.00006
AAGGCTGTGCTCATCG-1,0.000018,0.119759,0.000018,0.000018,0.850767,0.029402,0.000018
AAGGGACAGATTCTGT-1,0.000177,0.000177,0.000177,0.352954,0.096275,0.000177,0.550064
AAGGTATCCTAATATA-1,0.000032,0.017372,0.01766,0.062987,0.814927,0.000032,0.086991
AAGGTGATAAACCAGC-1,0.00011,0.00011,0.00011,0.09212,0.343398,0.00011,0.564041
AAGTAGAAGACCGGGT-1,0.000038,0.189765,0.02202,0.228478,0.22023,0.104147,0.235323
AAGTAGTGACGCGAGG-1,0.000041,0.000041,0.000041,0.11386,0.193934,0.686658,0.005424
AAGTCAATTGTCGTCA-1,0.000065,0.009106,0.000065,0.237355,0.736127,0.000065,0.017218
AAGTGAGTCGGGTTTA-1,0.000015,0.040367,0.737465,0.065597,0.145162,0.011379,0.000015
AAGTGCCTTGACTGTA-1,0.000138,0.000138,0.000138,0.436491,0.29662,0.000138,0.266335
AAGTGCGTTAGAATCT-1,0.000035,0.000035,0.000035,0.135994,0.253512,0.588135,0.022255
AAGTGTTTGGAGACGG-1,0.000194,0.000194,0.000194,0.365535,0.000581,0.000194,0.633109
AAGTTCACTCCAAGCT-1,0.000139,0.000139,0.000139,0.270974,0.070828,0.000139,0.657641
AAGTTCGGCCAACAGG-1,0.000024,0.198119,0.01216,0.047357,0.594151,0.142436,0.005753
AAGTTGTGATGTTATA-1,0.000021,0.111825,0.358446,0.186723,0.342943,0.000021,0.000021
AAGTTTATGGGCCCAA-1,0.000027,0.000027,0.412293,0.000027,0.000081,0.027011,0.560535
AATAACAACGCTCGGC-1,0.000018,0.000018,0.000018,0.148386,0.150643,0.678657,0.02226
AATAACACTAGAACAA-1,0.000029,0.22473,0.009317,0.533686,0.178197,0.048566,0.005475
AATACCTGATGTGAAC-1,0.00004,0.013829,0.348975,0.226224,0.32011,0.0372,0.053621
AATAGAACAGAGTGGC-1,0.000034,0.12325,0.048656,0.496426,0.272401,0.01511,0.044124
AATAGAATCTGTTTCA-1,0.000196,0.000196,0.000196,0.185151,0.000587,0.000196,0.813479
AATAGTCCGTCCCGAC-1,0.000034,0.187022,0.0077,0.119873,0.677931,0.000035,0.007406
AATATCGAATCAATGC-1,0.000058,0.000059,0.010004,0.714025,0.190797,0.004481,0.080576
AATATCGAGGGTTCTC-1,0.000023,0.205928,0.061634,0.000023,0.729177,0.000023,0.003192
AATCATGTAAAGACTC-1,0.000062,0.000062,0.000062,0.434535,0.504772,0.000062,0.060443
AATCGAGGTCTCAAGG-1,0.000184,0.000184,0.000184,0.000184,0.867101,0.000184,0.131978
AATCGCCTCAGCGCCA-1,0.00007,0.067995,0.00007,0.00007,0.488818,0.00331,0.439667
AATCGCGCAGAGGACT-1,0.000059,0.000059,0.054011,0.546194,0.289055,0.016831,0.093792
AATCGGTATAGCCCTC-1,0.000024,0.012647,0.156309,0.450533,0.343243,0.027551,0.009692
AATCGTGAGCCGAGCA-1,0.000035,0.000035,0.398891,0.000035,0.000106,0.000035,0.600862
AATCTATGCCGGAGCC-1,0.000044,0.024607,0.022087,0.41323,0.429778,0.011551,0.098704
AATCTGCGTTGGGACG-1,0.000138,0.000138,0.000138,0.063335,0.133528,0.000138,0.802586
AATGACAGCAATGTCT-1,0.000047,0.006941,0.046459,0.133037,0.000149,0.751474,0.061894
AATGACGTAGGATGTC-1,0.000106,0.000106,0.000106,0.000106,0.1474,0.000106,0.852071
AATGACTGTCAGCCGG-1,0.000026,0.084536,0.035185,0.001049,0.628323,0.146492,0.104389
AATGATGATACGCTAT-1,0.000171,0.000171,0.027273,0.195918,0.043265,0.000171,0.733031
AATGATGCGACTCCTG-1,0.000045,0.000045,0.000045,0.096355,0.667894,0.010931,0.224684
AATGCAACCGGGTACC-1,0.000015,0.000015,0.000015,0.000015,0.999907,0.000015,0.000015
AATGGTTCTCACAAGC-1,0.000055,0.000055,0.000055,0.000055,0.000164,0.932877,0.066739
AATGTGCCCGAGGTGT-1,0.000037,0.008256,0.075166,0.119811,0.281665,0.392385,0.12268
AATGTTAAGACCCTGA-1,0.000045,0.164767,0.031151,0.025774,0.337994,0.008092,0.432176
AATGTTGTCGTGAGAC-1,0.000014,0.154504,0.238736,0.115488,0.474431,0.016043,0.000785
AATTAAAGGTCGGCGT-1,0.00005,0.00005,0.0356,0.508484,0.373691,0.035923,0.046203
AATTAACGGATTTCCA-1,0.000081,0.201921,0.098474,0.270391,0.342533,0.000082,0.086517
AATTAGCGCTGCAGCG-1,0.000041,0.360435,0.008225,0.242059,0.336596,0.033971,0.018673
AATTATACCCAGCAAG-1,0.000037,0.080632,0.100756,0.043496,0.676853,0.000037,0.09819
AATTCATAAGGGATCT-1,0.000092,0.000093,0.000093,0.015077,0.048663,0.08469,0.851293
AATTCCAAGCATGTAC-1,0.000046,0.000046,0.551267,0.281774,0.000138,0.045437,0.121292
AATTCGATTCGAGGAT-1,0.000081,0.000081,0.274703,0.000081,0.000242,0.045077,0.679737
AATTCTAGAGTTAGGC-1,0.000032,0.237792,0.000032,0.087038,0.675043,0.000032,0.000032
AATTGAACGCTCTGGT-1,0.000226,0.000226,0.000226,0.295088,0.000678,0.068264,0.635293
AATTGCAGCAATCGAC-1,0.000028,0.016936,0.501244,0.370909,0.082571,0.000028,0.028283
ACAAAGCATGACCTAG-1,0.00002,0.111065,0.214678,0.358412,0.266324,0.00002,0.049482
ACAAATCGCACCGAAT-1,0.000173,0.000173,0.100632,0.130465,0.000519,0.000173,0.767865
ACAAATGGTAGTGTTT-1,0.00025,0.092708,0.00025,0.397588,0.000751,0.00025,0.508202
ACAACAGCATGAGCTA-1,0.000044,0.021567,0.000044,0.053624,0.878258,0.019338,0.027124
ACAAGGAAATCCGCCC-1,0.000067,0.021509,0.156173,0.026522,0.496367,0.000067,0.299296
ACAAGGACAAGAGGTT-1,0.000041,0.000041,0.013,0.000041,0.060877,0.925959,0.000041
ACAAGGATGCTTTAGG-1,0.000059,0.508762,0.200714,0.004939,0.048221,0.000059,0.237246
ACAAGGGCAGGCTCTG-1,0.000096,0.000096,0.000096,0.000096,0.32923,0.071241,0.599145
ACAATCCATTTAAACC-1,0.000031,0.081021,0.04762,0.076672,0.02677,0.767855,0.000031
ACAATGAATACGGAGA-1,0.000031,0.000031,0.000589,0.078003,0.01496,0.83493,0.071455
ACAATTGTGTCTCTTT-1,0.000118,0.000119,0.334527,0.11742,0.312049,0.037444,0.198322
ACAATTTGAGCAGTGG-1,0.00005,0.006648,0.079073,0.151029,0.747561,0.00005,0.01559
ACACAAAGACGGGTGG-1,0.00004,0.00004,0.032996,0.104525,0.796173,0.029336,0.03689
ACACACCAGGACCAGT-1,0.00008,0.00008,0.00008,0.00618,0.283461,0.00008,0.710037
ACACATTTCCGTAGAC-1,0.000039,0.12439,0.26663,0.145664,0.264128,0.073048,0.126102
ACACCACATAATTAGC-1,0.000017,0.106449,0.02042,0.330679,0.446494,0.091854,0.004088
ACACCCAGCATGCAGC-1,0.000048,0.000048,0.002718,0.064497,0.628254,0.121138,0.183297
ACACCCGAGAAATCCG-1,0.000038,0.000038,0.000038,0.000996,0.000113,0.856724,0.142055
ACACCTTAAGTAGGGC-1,0.000024,0.253807,0.000024,0.000024,0.601122,0.144974,0.000024
ACACCTTACTACTTGC-1,0.000031,0.098497,0.000031,0.059108,0.842273,0.000031,0.000031
ACACGAGACTCCTTCT-1,0.000142,0.000142,0.000142,0.396156,0.273751,0.107793,0.221873
ACACGGGAACTTAGGG-1,0.000091,0.000091,0.000091,0.425903,0.543792,0.014232,0.015799
ACACGTAGGCCACAAG-1,0.000029,0.01613,0.340334,0.299995,0.26174,0.000029,0.081744
ACACTGATCAAGGTGT-1,0.000056,0.007863,0.13347,0.619352,0.189203,0.032672,0.017383
ACACTGGGACAGTCGT-1,0.00003,0.003397,0.365267,0.341523,0.152594,0.013853,0.123336
ACAGCGACATTCTCAT-1,0.00004,0.060562,0.218947,0.144705,0.57105,0.00004,0.004657
ACAGGCACGGATCCTT-1,0.000023,0.049275,0.533103,0.243484,0.172278,0.000023,0.001813
ACAGGCTTGCCCGACT-1,0.000097,0.000097,0.000097,0.08197,0.125064,0.14823,0.644445
ACAGGTGGAGGTGAGG-1,0.00004,0.171306,0.067412,0.633489,0.078442,0.039548,0.009763
ACATAATAAGGCGGTG-1,0.000046,0.000046,0.066003,0.355691,0.457129,0.006827,0.114259
ACATCCCGGCCATACG-1,0.000057,0.215209,0.000057,0.425018,0.33625,0.000057,0.023351
ACATCCTGGTAACTGT-1,0.000087,0.000087,0.000481,0.230217,0.286,0.000087,0.48304
ACATCGATCGTTTACC-1,0.000022,0.035198,0.000022,0.000022,0.964695,0.000022,0.000022
ACATCGGTCAGCCGCG-1,0.000051,0.061454,0.112744,0.43287,0.039384,0.101689,0.251809
ACATCGTATGCAATGG-1,0.000075,0.053671,0.000075,0.000075,0.205263,0.038086,0.702754
ACATGGCGCCAAAGTA-1,0.000034,0.006852,0.033031,0.128839,0.764671,0.000034,0.066541
ACATTAGTTTATATCC-1,0.000065,0.204741,0.006528,0.131987,0.494624,0.072055,0.090001
ACATTTGAAACCTAAC-1,0.000044,0.029994,0.352874,0.538601,0.01915,0.000044,0.059292
ACCAACCGCACTCCAC-1,0.000021,0.235095,0.393454,0.136472,0.20011,0.013167,0.021681
ACCAACGCTTATTTAT-1,0.000044,0.003621,0.07643,0.625225,0.29204,0.001367,0.001272
ACCAAGAACGCGTGTC-1,0.000031,0.000031,0.000031,0.330049,0.447967,0.165396,0.056496
ACCAAGTCATCGGCAG-1,0.000012,0.372989,0.506098,0.025136,0.095658,0.000094,0.000012
ACCAATATGCAAGTTA-1,0.000115,0.000115,0.000115,0.000115,0.224194,0.000115,0.775233
ACCACAAGTTTCTATC-1,0.000052,0.001472,0.165201,0.000052,0.576927,0.098739,0.157557
ACCACACGGTTGATGG-1,0.000065,0.109451,0.05941,0.223318,0.374717,0.014278,0.218762
ACCACCAATGTAACAA-1,0.000064,0.000065,0.000065,0.205159,0.505885,0.000065,0.288698
ACCACGTGCAGCTATA-1,0.000104,0.062386,0.003714,0.000105,0.146217,0.012336,0.775138
ACCAGTGCGGGAGACG-1,0.000095,0.053031,0.000095,0.156272,0.519878,0.000095,0.270535
ACCATATCCGCAATAA-1,0.000055,0.000055,0.033797,0.598438,0.178631,0.024702,0.164323
ACCATCGTATATGGTA-1,0.00005,0.008505,0.058824,0.161561,0.525629,0.077594,0.167837
ACCCAACGCCCGTGGC-1,0.000061,0.000061,0.000061,0.032564,0.195784,0.017587,0.753884
ACCCATCTTGAGGGTA-1,0.000036,0.288582,0.011081,0.195958,0.310071,0.182789,0.011482
ACCCATTTGTCCCTCT-1,0.000034,0.006848,0.558773,0.033284,0.400973,0.000034,0.000053
ACCCGGAAACTCCCAG-1,0.000059,0.554838,0.009299,0.230347,0.162016,0.008991,0.034451
ACCCGGATGACGCATC-1,0.000067,0.000068,0.000068,0.142442,0.624097,0.068549,0.164709
ACCCGGTTACACTTCC-1,0.000036,0.126807,0.151648,0.290932,0.375993,0.022183,0.032401
ACCCGTGTCATCAGTA-1,0.000084,0.041449,0.052598,0.769047,0.051528,0.000084,0.08521
ACCCTATGCCATATCG-1,0.000063,0.011301,0.181559,0.525024,0.01245,0.068724,0.200879
ACCCTCCCGTCAGGGC-1,0.000027,0.000626,0.55275,0.151389,0.105492,0.000027,0.189688
ACCCTCCCTTGCTATT-1,0.000311,0.000311,0.051101,0.211712,0.221928,0.000311,0.514325
ACCGACACATCTCCCA-1,0.000059,0.366752,0.095715,0.0793,0.368414,0.000059,0.089699
ACCGACTGAGTCCCAC-1,0.000074,0.000074,0.000074,0.13799,0.606281,0.000074,0.255434
ACCGAGTCTCCTTATT-1,0.000098,0.000098,0.209565,0.085066,0.000294,0.000098,0.704781
ACCGATAGGCATAACC-1,0.000027,0.00819,0.387648,0.016783,0.177018,0.368045,0.042289
ACCGATGGTAGCATCG-1,0.000093,0.000093,0.000093,0.000093,0.255252,0.000093,0.744284
ACCGCAATAACTGCCT-1,0.000095,0.000095,0.104032,0.000095,0.056574,0.184319,0.65479
ACCGCGGTGGAAGTCG-1,0.00005,0.00005,0.00005,0.333497,0.643654,0.00005,0.022649
ACCGGGCCTTTGTTGA-1,0.000065,0.071678,0.000065,0.088886,0.696369,0.046379,0.096557
ACCGTGACCACGTGGG-1,0.000019,0.174218,0.036059,0.167477,0.543468,0.078515,0.000243
ACCTAAGTACCTTTCA-1,0.000073,0.000073,0.071336,0.025235,0.000219,0.827204,0.075859
ACCTACAGTATGTGGT-1,0.00003,0.001917,0.002407,0.151668,0.774071,0.021534,0.048373
ACCTACTATAAATCTA-1,0.000035,0.17436,0.149767,0.367626,0.151056,0.058571,0.098585
ACCTCCGCCCTCGCTG-1,0.000062,0.000217,0.356578,0.537915,0.072734,0.026318,0.006176
ACCTCCGTTATTCACC-1,0.000063,0.000063,0.000063,0.477781,0.31214,0.036117,0.173772
ACGACTCTAGGGCCGA-1,0.000039,0.385245,0.150426,0.347739,0.100703,0.000039,0.015809
ACGAGTACGGATGCCC-1,0.00002,0.204652,0.00002,0.00002,0.79525,0.00002,0.00002
ACGATACATAGAACTA-1,0.000033,0.178728,0.000311,0.056869,0.752711,0.000033,0.011316
ACGATCATACATAGAG-1,0.000033,0.1706,0.000799,0.003558,0.806518,0.018458,0.000033
ACGATCATCTTGTAAA-1,0.000026,0.034588,0.000026,0.006048,0.959261,0.000026,0.000026
ACGATGCATATGTTAT-1,0.000022,0.243716,0.021404,0.175191,0.467564,0.085797,0.006305
ACGCAAACTAATAGAT-1,0.000015,0.000015,0.694025,0.24284,0.026414,0.020721,0.01597
ACGCAATCACTACAGC-1,0.000022,0.078629,0.000022,0.187471,0.733812,0.000022,0.000022
ACGCATACGTTTACTA-1,0.000048,0.000048,0.378946,0.182384,0.333435,0.000048,0.105091
ACGCATTCGTGAGTAC-1,0.000027,0.000027,0.000027,0.006004,0.969001,0.007977,0.016938
ACGCCACTCGAAACAG-1,0.000036,0.068918,0.112698,0.15882,0.457036,0.055499,0.146992
ACGCCAGATGATTTCT-1,0.00003,0.000031,0.000031,0.091991,0.88439,0.013605,0.009923
ACGCCAGTGCGTTTGC-1,0.000031,0.020779,0.525247,0.308937,0.076178,0.000031,0.068797
ACGCCGCTAGACGACC-1,0.000051,0.106964,0.025801,0.10255,0.738517,0.012568,0.013549
ACGCGAAGTCAGACGA-1,0.000027,0.262885,0.000199,0.054625,0.658407,0.023831,0.000027
ACGCGCTACACAGGGT-1,0.000055,0.000055,0.05287,0.129107,0.000164,0.792084,0.025665
ACGCGGGCCAAGGACA-1,0.000037,0.000037,0.000037,0.061003,0.793065,0.121435,0.024387
ACGCTAGTGATACACT-1,0.000042,0.083733,0.02217,0.031528,0.728761,0.000042,0.133725
ACGGAACACGAGTGCC-1,0.000041,0.01078,0.498214,0.281126,0.164112,0.000041,0.045685
ACGGACTCTCAAAGCG-1,0.000075,0.104575,0.313063,0.000075,0.000226,0.000075,0.581909
ACGGATGGTGCGGATA-1,0.00009,0.103024,0.024906,0.00009,0.009416,0.00009,0.862383
ACGGCACTTGCTTGGG-1,0.000064,0.153227,0.130731,0.360199,0.24723,0.012146,0.096402
ACGGCCAACATGGACT-1,0.000065,0.000065,0.165243,0.789497,0.000195,0.012876,0.032058
ACGGCGACGATGGGAA-1,0.000122,0.000122,0.000122,0.305843,0.09665,0.000122,0.597019
ACGGTACAGTTCAATG-1,0.000023,0.160213,0.372147,0.047614,0.419159,0.000023,0.000821
ACGTAGATTGCTGATG-1,0.000096,0.000096,0.060666,0.324414,0.457629,0.09708,0.060019
ACGTAGGAGAGTCGCT-1,0.000049,0.000049,0.286413,0.000049,0.000148,0.000049,0.713242
ACGTATTACTCCGATC-1,0.000061,0.000061,0.000061,0.000061,0.787653,0.02364,0.188464
ACGTGCGCCTCGTGCA-1,0.000062,0.000062,0.000062,0.652636,0.003013,0.086365,0.257799
ACGTTAATGTCGAAGA-1,0.000038,0.228765,0.000038,0.000038,0.703116,0.00452,0.063485
ACGTTAGATTTGCCCG-1,0.000036,0.179833,0.138636,0.136783,0.380257,0.069227,0.095229
ACGTTCGCAATCAATT-1,0.000027,0.053586,0.011707,0.076294,0.838798,0.006828,0.01276
ACGTTCGTTCAGGAAA-1,0.000042,0.033209,0.198559,0.696448,0.026211,0.036883,0.008647
ACGTTCTGTACAAGTC-1,0.000051,0.000144,0.322274,0.594564,0.07109,0.000051,0.011825
ACTACCAGCTCTCTGG-1,0.000094,0.000094,0.038436,0.000094,0.062584,0.73104,0.167656
ACTACGCGTTAGAATT-1,0.000059,0.003555,0.264393,0.532871,0.070636,0.000059,0.128427
ACTAGTTGCGATCGTC-1,0.000079,0.00008,0.00008,0.497934,0.338519,0.081123,0.082185
ACTATCCAGGGCATGG-1,0.000057,0.000057,0.043678,0.352933,0.4877,0.000057,0.115519
ACTATCTGCCCGCGTA-1,0.000048,0.000048,0.27051,0.683365,0.00103,0.041188,0.003812
ACTATTTCCGGGCCCA-1,0.000019,0.018657,0.058594,0.129797,0.766156,0.007326,0.019452
ACTCAAGTGCAAGGCT-1,0.000132,0.000132,0.10043,0.332633,0.000397,0.000132,0.566143
ACTCAATAAAGGCACG-1,0.000032,0.039357,0.173347,0.047735,0.687405,0.044639,0.007485
ACTCCCGAATTCGTTT-1,0.00004,0.021881,0.005654,0.105985,0.863532,0.00004,0.002868
ACTCCCTAATGCTAAA-1,0.000078,0.162692,0.247265,0.122557,0.296639,0.000078,0.17069
ACTCCCTAGAATAGTA-1,0.00006,0.21777,0.01831,0.088741,0.574695,0.033537,0.066888
ACTCCGGCCGACCACT-1,0.000014,0.222177,0.606619,0.011275,0.120549,0.004431,0.034935
ACTCGCCGTTCGATAA-1,0.000015,0.013696,0.510593,0.29755,0.142652,0.034204,0.001291
ACTCGTCAGTAATCCC-1,0.000039,0.129101,0.015306,0.003789,0.743394,0.000039,0.108331
ACTCTCTGACTTAGGT-1,0.000141,0.000141,0.000141,0.000141,0.131322,0.189701,0.678413
ACTCTGACCTAATAGA-1,0.00004,0.00004,0.644688,0.191423,0.000119,0.00004,0.163651
ACTCTTGTATAGTAAC-1,0.000071,0.000071,0.015558,0.238882,0.549142,0.000071,0.196204
ACTGAAACGCCGTTAG-1,0.000041,0.166828,0.144066,0.079728,0.586337,0.000041,0.022959
ACTGAATGGCGAAAGT-1,0.000215,0.000215,0.000215,0.273719,0.000645,0.035527,0.689464
ACTGCCGTCGTAACTC-1,0.000018,0.000018,0.000018,0.062301,0.926678,0.010075,0.000893
ACTGCGGACACACCGT-1,0.000022,0.000022,0.02766,0.129515,0.82035,0.022409,0.000022
ACTGTACGATACACAT-1,0.000033,0.21305,0.000033,0.000033,0.739105,0.001513,0.046233
ACTGTAGCACTTTGGA-1,0.000069,0.000069,0.000069,0.000069,0.188936,0.744844,0.065944
ACTGTCCAGGATTATA-1,0.000023,0.241962,0.038693,0.000023,0.681824,0.037452,0.000023
ACTGTCTTCTTTAGAA-1,0.000069,0.000069,0.098208,0.191992,0.569547,0.032815,0.1073
ACTTACGCATCCACGC-1,0.000145,0.000146,0.000146,0.163022,0.063181,0.000146,0.773214
ACTTATACTTACCCGG-1,0.000097,0.000098,0.000098,0.049059,0.05359,0.055836,0.841223
ACTTATTAGGATCGGT-1,0.000019,0.000019,0.000019,0.011855,0.988047,0.000019,0.000019
ACTTATTTATGTGCCA-1,0.000146,0.000146,0.000146,0.041339,0.039903,0.000146,0.918174
ACTTCAGGCTGATCCC-1,0.000182,0.000182,0.01741,0.196891,0.000546,0.000182,0.784608
ACTTCCATGCGGGACA-1,0.000095,0.061752,0.347753,0.035105,0.17698,0.003089,0.375227
ACTTCGCCATACGCAC-1,0.000048,0.147357,0.018139,0.006475,0.670601,0.000048,0.157332
ACTTGACTCCCTCTTT-1,0.000044,0.205742,0.087084,0.000044,0.634884,0.013763,0.058438
ACTTGGGACCCGGTGG-1,0.000025,0.000025,0.000025,0.000025,0.951065,0.000025,0.048809
ACTTGGGCTTTCGCCA-1,0.002469,0.002471,0.15114,0.002471,0.686802,0.002471,0.152177
ACTTGTGGATGGAACG-1,0.000042,0.362336,0.08866,0.256453,0.281255,0.008272,0.002982
ACTTTACCCTCATGAA-1,0.000033,0.08141,0.02185,0.122502,0.756564,0.000033,0.017607
ACTTTCCTATAGCTTC-1,0.00016,0.00016,0.00016,0.463248,0.383041,0.00016,0.15307
AGAAATTATGACTCGC-1,0.000015,0.036643,0.094804,0.518037,0.35047,0.000015,0.000015
AGAACGTGGTACATTC-1,0.00004,0.309197,0.013881,0.068162,0.578217,0.00004,0.030462
AGAACTGTACTTTGTA-1,0.000045,0.049908,0.150504,0.154951,0.575903,0.000045,0.068644
AGAAGAGCGCCGTTCC-1,0.001277,0.001278,0.001278,0.126582,0.121876,0.001278,0.746431
AGAAGGTTGCCGAATT-1,0.000025,0.0745,0.000538,0.183184,0.656179,0.072776,0.012798
AGAAGGTTGTAGGTCG-1,0.000117,0.000117,0.116482,0.120074,0.000352,0.000117,0.76274
AGAAGTGATTCGTGAT-1,0.000029,0.000029,0.02447,0.167586,0.033593,0.685874,0.088418
AGAATACAGGCTATCC-1,0.000043,0.018213,0.074873,0.186304,0.653769,0.000043,0.066756
AGAATTATGGATTCGA-1,0.000048,0.000048,0.000048,0.015913,0.763067,0.000048,0.220827
AGACCCACCGCTGATC-1,0.000083,0.104139,0.000083,0.474687,0.35808,0.037721,0.025208
AGACCCGCCCTCCTCG-1,0.000049,0.00948,0.267921,0.000049,0.502436,0.027061,0.193004
AGACCGCTCCGCGGTT-1,0.00003,0.311168,0.205435,0.359006,0.119659,0.004672,0.00003
AGACGAAGTGCCGGTC-1,0.00007,0.012107,0.077359,0.135644,0.615719,0.00007,0.15903
AGACGACGATGCCGCT-1,0.000055,0.000055,0.241524,0.077678,0.000164,0.477219,0.203306
AGACTAGCCTTCCAGA-1,0.000061,0.000061,0.000061,0.080038,0.859786,0.037867,0.022127
AGACTGTTACCGGGTC-1,0.000022,0.000022,0.52718,0.389723,0.029856,0.002235,0.050962
AGAGAACCGTCTAGGA-1,0.000057,0.000057,0.000057,0.166099,0.118719,0.02536,0.689651
AGAGAAGGAGTACAAT-1,0.000017,0.384748,0.27119,0.158452,0.103756,0.078763,0.003073
AGAGCCGCCGAGATTT-1,0.000024,0.062814,0.252732,0.338058,0.333691,0.008059,0.004622
AGAGCGGGCTAATCAT-1,0.000027,0.02743,0.064053,0.118897,0.657324,0.10169,0.03058
AGAGGCTTCGGAAACC-1,0.000048,0.000048,0.000048,0.394448,0.58669,0.000048,0.01867
AGAGTAAACTTCACTA-1,0.000078,0.000078,0.070166,0.415937,0.369272,0.00085,0.143619
AGATAACTTCAGGGCC-1,0.000054,0.007863,0.209059,0.127278,0.34707,0.241845,0.066831
AGATACCAATAGAACC-1,0.000012,0.233976,0.385448,0.138277,0.189649,0.052627,0.000012
AGATACCGGTGTTCAC-1,0.000021,0.346223,0.020918,0.13349,0.352443,0.133805,0.013101
AGATACGACTTCATAT-1,0.00011,0.00011,0.00011,0.015027,0.588675,0.183787,0.212182
AGATACTCAAGATCGA-1,0.00014,0.00014,0.045985,0.016671,0.00042,0.004167,0.932478
AGATATAATACGACTA-1,0.000054,0.014124,0.375618,0.07963,0.116897,0.000054,0.413623
AGATCGTGCATAAGAT-1,0.000139,0.000139,0.000139,0.432693,0.073356,0.018107,0.475427
AGATCTCAGGTGTGAT-1,0.000024,0.194696,0.00491,0.000024,0.800299,0.000024,0.000024
AGATGACTCGCCCACG-1,0.00004,0.00004,0.00004,0.107031,0.859284,0.033526,0.00004
AGATGATGGAGTCTGG-1,0.000053,0.000053,0.000053,0.242055,0.598043,0.089054,0.07069
AGATTATAGGACGTTT-1,0.000042,0.106382,0.085746,0.229146,0.511254,0.042164,0.025266
AGCAAAGGCCGCTAGT-1,0.000066,0.026966,0.352503,0.123252,0.15808,0.000066,0.339066
AGCAACATATCTTATT-1,0.00008,0.00008,0.00008,0.051553,0.551849,0.00008,0.396276
AGCACCAGTACTCACG-1,0.00002,0.33889,0.001949,0.00002,0.657678,0.001422,0.00002
AGCACTACCTCACCAG-1,0.000225,0.000225,0.161861,0.000225,0.000675,0.000225,0.836564
AGCACTTAAGGACGCC-1,0.000065,0.000065,0.000065,0.088429,0.048359,0.846011,0.017007
AGCAGAAGGAGAAAGA-1,0.00004,0.024516,0.38039,0.446065,0.004844,0.00004,0.144104
AGCAGCCAGATGAATA-1,0.000054,0.044483,0.01934,0.781946,0.154067,0.000054,0.000054
AGCAGTCGAAGCATGC-1,0.000037,0.004345,0.205477,0.000578,0.477601,0.000578,0.311384
AGCATATCAATATGCT-1,0.0001,0.0383,0.049002,0.088841,0.610506,0.0001,0.213151
AGCATCGTCGATAATT-1,0.00003,0.030439,0.006543,0.0014,0.779095,0.182463,0.00003
AGCATTACGAGGCAAG-1,0.00003,0.00003,0.396917,0.562276,0.014701,0.00003,0.026017
AGCCAAGCTTTGTGTC-1,0.000059,0.000059,0.25269,0.68221,0.000178,0.000059,0.064744
AGCCACAGGTTACCCG-1,0.000033,0.590148,0.257479,0.076457,0.073379,0.000033,0.002472
AGCCACTCCCGTGCTT-1,0.000033,0.252391,0.000033,0.000033,0.729837,0.000033,0.01764
AGCCATATAGTATGTG-1,0.00002,0.172646,0.126044,0.077707,0.429717,0.045269,0.148598
AGCCCGCAACAAGCAG-1,0.000023,0.121802,0.207782,0.382679,0.143984,0.105353,0.038376
AGCCCGCACTACAATG-1,0.000029,0.01376,0.157224,0.039601,0.138883,0.596985,0.053518
AGCCCGGTAGCCTGTA-1,0.000027,0.000944,0.555631,0.443261,0.000082,0.000027,0.000027
AGCCCTGTCGCACCGT-1,0.000022,0.014302,0.046175,0.344726,0.379167,0.130605,0.085004
AGCCCTTGGACATCCC-1,0.000017,0.008813,0.490505,0.064805,0.18372,0.250268,0.001871
AGCGACAGGAACGGTC-1,0.000024,0.247461,0.016326,0.326583,0.365818,0.004379,0.039409
AGCGACATCCCATTCA-1,0.000044,0.016837,0.055492,0.224162,0.601801,0.057878,0.043786
AGCGACCAACGATATT-1,0.000021,0.042844,0.000021,0.000021,0.957052,0.000021,0.000021
AGCGATGCGCCTAATA-1,0.000011,0.133931,0.214033,0.014934,0.614456,0.021291,0.001344
AGCGCATAATGAATCG-1,0.000075,0.070703,0.053823,0.747552,0.113666,0.000075,0.014106
AGCGCGGGTGCCAATG-1,0.000098,0.000098,0.000098,0.145295,0.070878,0.08469,0.698842
AGCGGACACTTCGTAG-1,0.000089,0.046965,0.184455,0.538135,0.138624,0.008304,0.083427
AGCGGGTCTGACACTC-1,0.000034,0.018727,0.534421,0.258909,0.017781,0.000034,0.170092
AGCGTGGTATTCTACT-1,0.000029,0.446711,0.002589,0.001724,0.545976,0.000029,0.002943
AGCTAAGTACGCAGGC-1,0.000056,0.000056,0.198427,0.379676,0.000169,0.000056,0.42156
AGCTATTTAATCCAAC-1,0.000038,0.000812,0.000038,0.138775,0.8323,0.000038,0.027998
AGCTCCATATATGTTC-1,0.000023,0.324375,0.502814,0.078081,0.088341,0.006344,0.000023
AGCTCCTTCGCACATC-1,0.000081,0.152493,0.066671,0.000081,0.099882,0.005305,0.675487
AGCTCTAGACGTTCCA-1,0.00006,0.063995,0.00006,0.108333,0.799606,0.00797,0.019975
AGCTCTTCCCAGTGCA-1,0.00005,0.00005,0.00005,0.00005,0.419118,0.040068,0.540612
AGCTCTTCGTAACCTT-1,0.000053,0.000053,0.038848,0.214652,0.71431,0.009419,0.022666
AGCTCTTTACTCAGTT-1,0.000029,0.002369,0.144194,0.085986,0.610908,0.066612,0.089902
AGCTGAAGTAAACCAA-1,0.00003,0.021429,0.00003,0.116742,0.850264,0.00003,0.011476
AGCTGTAACCTCAATC-1,0.000039,0.019469,0.000039,0.18422,0.226916,0.532548,0.036769
AGCTTCTTCTCGAGCA-1,0.000023,0.003982,0.557313,0.122386,0.20768,0.000658,0.107958
AGGAAGCTGTCCGCCG-1,0.000063,0.487284,0.043191,0.244603,0.224732,0.000064,0.000064
AGGACAGTCGAATCCC-1,0.000119,0.000119,0.000119,0.03826,0.163137,0.055887,0.742358
AGGACATCGCACGTCG-1,0.000093,0.000093,0.000093,0.080098,0.446567,0.335582,0.137474
AGGACGACCCATTAGA-1,0.000038,0.028227,0.076397,0.064945,0.491114,0.094441,0.244837
AGGAGGCCTTCGCGCG-1,0.000027,0.154338,0.032023,0.03946,0.68055,0.000027,0.093577
AGGATAAAGTCGGGAT-1,0.000122,0.000122,0.238261,0.405429,0.024143,0.021966,0.309958
AGGATATAGGGATTTA-1,0.000088,0.123727,0.000088,0.220855,0.618131,0.037024,0.000088
AGGATATCCGACTGCA-1,0.000036,0.042386,0.15583,0.318577,0.379935,0.000036,0.103199
AGGCACGTGACTGTCC-1,0.000011,0.071285,0.309235,0.008214,0.605557,0.005688,0.000011
AGGCAGATGCGTAAAC-1,0.000068,0.000068,0.000068,0.128508,0.453774,0.034881,0.382634
AGGCAGGGAGCGTACT-1,0.000025,0.122471,0.001607,0.387419,0.476693,0.003885,0.007902
AGGCATTGTCGTAGGG-1,0.000067,0.04443,0.100892,0.119904,0.644754,0.000067,0.089885
AGGCCACCCGTTATGA-1,0.000028,0.058133,0.000028,0.000028,0.18971,0.752046,0.000028
AGGCCTGAGAATCTCG-1,0.000033,0.544671,0.263635,0.045303,0.054451,0.00761,0.084297
AGGCTTCCCGAAGAAG-1,0.000029,0.206004,0.289891,0.195288,0.219006,0.061161,0.028622
AGGGACCGGCTGCGTT-1,0.00006,0.00006,0.00006,0.554539,0.305958,0.00006,0.139264
AGGGACTCTACGCGAC-1,0.000055,0.038437,0.172527,0.462172,0.188216,0.027648,0.110946
AGGGAGACATACTTCG-1,0.000038,0.027377,0.000038,0.275107,0.560956,0.000038,0.136446
AGGGCGTGATCGGCTA-1,0.000018,0.260179,0.000018,0.046849,0.574008,0.11891,0.000018
AGGGCTGCAGTTACAG-1,0.000034,0.091759,0.046907,0.009924,0.838188,0.000034,0.013154
AGGGTCGATGCGAACT-1,0.000115,0.000115,0.000115,0.196337,0.368736,0.020856,0.413725
AGGGTGCTCTCGAGGG-1,0.000086,0.000086,0.000086,0.054362,0.401656,0.000086,0.543636
AGGGTTCCCTTTGGTT-1,0.000139,0.000139,0.000139,0.194289,0.071602,0.000139,0.733555
AGGGTTTAGTTCGGGA-1,0.000108,0.000108,0.05753,0.34021,0.461198,0.000108,0.140738
AGGTAACCTCCTATTC-1,0.000056,0.000056,0.000056,0.004004,0.046975,0.944096,0.004758
AGGTAGGTACAAAGCT-1,0.000016,0.000016,0.000016,0.020544,0.023576,0.955815,0.000016
AGGTATAATTGATAGT-1,0.000065,0.000065,0.000065,0.597593,0.386437,0.000065,0.01571
AGGTCGCGGAGTTACT-1,0.000065,0.000065,0.000065,0.342271,0.653415,0.000065,0.004053
AGGTGCACGTCCACAT-1,0.000039,0.046299,0.444293,0.324363,0.11524,0.033782,0.035984
AGGTGGTGACCTTCGC-1,0.000039,0.003223,0.371907,0.52904,0.071791,0.000039,0.023962
AGGTTACACCATGCCG-1,0.000037,0.024369,0.023507,0.35925,0.592763,0.000037,0.000037
AGGTTGAGGCACGCTT-1,0.000119,0.000119,0.000119,0.653063,0.212632,0.000119,0.133829
AGGTTTCACACACCTT-1,0.000131,0.000131,0.000131,0.15699,0.527123,0.027293,0.288201
AGTAACTATAGCAGCC-1,0.000021,0.016967,0.246973,0.219116,0.506906,0.000021,0.009995
AGTAATCTAAGGGTGG-1,0.000028,0.227715,0.225249,0.000028,0.421625,0.000028,0.125328
AGTAATGTCTTGCCGC-1,0.00004,0.00004,0.025108,0.473787,0.452803,0.028753,0.019469
AGTACAGAAGCTTATA-1,0.000114,0.000114,0.605382,0.000114,0.000343,0.017628,0.376303
AGTACATCATTTATCA-1,0.000061,0.000061,0.065896,0.119457,0.510092,0.000061,0.304371
AGTACGGGCACCTGGC-1,0.000034,0.000034,0.005374,0.080642,0.857216,0.010812,0.045887
AGTACTCTTATGCCCA-1,0.000162,0.000163,0.000163,0.110554,0.400883,0.000163,0.487913
AGTAGAAGGCGCCTCA-1,0.000018,0.165406,0.192662,0.171795,0.322686,0.071893,0.075541
AGTATAATACTAGGCA-1,0.000047,0.000355,0.00068,0.094766,0.277874,0.569709,0.056569
AGTATACACAGCGACA-1,0.000013,0.000013,0.170058,0.19548,0.630582,0.00384,0.000013
AGTATTTGGCACGACC-1,0.00007,0.014876,0.008636,0.914076,0.006174,0.00007,0.056098
AGTCAACACCACCATC-1,0.000015,0.137332,0.054775,0.010556,0.713457,0.057145,0.02672
AGTCAAGATGACACTT-1,0.000166,0.000166,0.000166,0.223063,0.000497,0.000166,0.775777
AGTCACTAGCTCTCGA-1,0.000085,0.003915,0.000085,0.370609,0.402395,0.000085,0.222827
AGTCCATTGGCTGATG-1,0.000034,0.038996,0.081505,0.037017,0.831451,0.000034,0.010963
AGTCGACGGTCTCAAG-1,0.000077,0.000077,0.000077,0.080067,0.280728,0.000077,0.638896
AGTCGGCCCAAACGAC-1,0.00004,0.085252,0.095636,0.00004,0.015506,0.803487,0.00004
AGTCGGTTGCGTGAGA-1,0.000046,0.025989,0.000093,0.407077,0.46952,0.078557,0.018718
AGTCGTATAAAGCAGA-1,0.000051,0.000051,0.19588,0.123837,0.045138,0.000051,0.634993
AGTCGTCGACCACCAA-1,0.000072,0.004527,0.594417,0.015794,0.070836,0.090307,0.224048
AGTCGTGGGCATTACG-1,0.000033,0.000033,0.000033,0.12506,0.082819,0.733076,0.058945
AGTCTAAAGTATACTC-1,0.000048,0.000048,0.000048,0.259884,0.589676,0.020042,0.130254
AGTCTCACAAGACTAC-1,0.000032,0.000032,0.133527,0.000074,0.000096,0.815168,0.051071
AGTCTTCTCCTCAAAT-1,0.000052,0.000052,0.051509,0.104826,0.803107,0.000052,0.040404
AGTCTTTAAAGTGTCC-1,0.000062,0.014195,0.387366,0.07791,0.036321,0.019267,0.464878
AGTGAACAAACTTCTC-1,0.000093,0.000093,0.000093,0.341266,0.393468,0.000093,0.264895
AGTGACCTACTTTACG-1,0.000067,0.000067,0.000067,0.748387,0.118563,0.091744,0.041105
AGTGAGACTTCCAGTA-1,0.000167,0.026515,0.000167,0.470628,0.088175,0.047243,0.367104
AGTGAGCCTCGCCGCC-1,0.000066,0.000066,0.06482,0.198118,0.571539,0.000066,0.165325
AGTGAGTCGAATTAAC-1,0.00002,0.003376,0.380301,0.382092,0.163791,0.00002,0.070401
AGTGATAACCTGCGCG-1,0.00004,0.283913,0.227046,0.095316,0.384408,0.00004,0.009238
AGTGATATGAGTAGTT-1,0.000079,0.000079,0.000079,0.670839,0.310731,0.013189,0.005004
AGTGATTCAAGCAGGA-1,0.000162,0.000163,0.000163,0.051943,0.000488,0.000163,0.946919
AGTGCACGCTTAAGAA-1,0.000035,0.233345,0.013117,0.003172,0.63928,0.000035,0.111017
AGTGCGTAGCTCGTAA-1,0.000072,0.000072,0.000072,0.86425,0.000215,0.029418,0.105901
AGTGCTAAACACAGCA-1,0.000058,0.388796,0.290729,0.236671,0.035751,0.010611,0.037384
AGTGCTTGCACGAATA-1,0.000104,0.000104,0.000104,0.000104,0.166792,0.000104,0.832689
AGTGGCCCGCAAATGG-1,0.000023,0.09579,0.109833,0.217972,0.562808,0.012643,0.000932
AGTGGCGGCAATTTGA-1,0.00017,0.00017,0.00017,0.240819,0.081359,0.022491,0.654821
AGTGGCGTCTGAAGGT-1,0.000065,0.000065,0.3365,0.004233,0.000196,0.195829,0.463112
AGTTAAACACTTGCGA-1,0.000035,0.000035,0.000035,0.289393,0.637397,0.070097,0.003009
AGTTAAGCGGTCCCGG-1,0.000024,0.217337,0.000026,0.080636,0.664691,0.034909,0.002377
AGTTACTCTATCGTGG-1,0.000031,0.000031,0.000031,0.137638,0.604247,0.067111,0.190912
AGTTCCTACAGAATTA-1,0.000042,0.005574,0.144834,0.000042,0.77401,0.024997,0.050502
AGTTCCTATTTATGTT-1,0.000052,0.011574,0.000052,0.050299,0.937919,0.000052,0.000052
AGTTGACGGTCCTTGC-1,0.000035,0.221607,0.472567,0.105808,0.134896,0.000036,0.065052
AGTTGGCAAGGCTAGA-1,0.000009,0.049008,0.399285,0.018271,0.462212,0.070233,0.000981
AGTTTGCACCTGCCTC-1,0.000135,0.000135,0.127783,0.05759,0.080406,0.000135,0.733816
AGTTTGGCACGGGTTG-1,0.000031,0.216596,0.031981,0.052653,0.55668,0.038347,0.103712
AGTTTGGCCAGACCTA-1,0.000046,0.000046,0.127305,0.000046,0.000139,0.872371,0.000046
ATAAACGGACCCGTAA-1,0.000026,0.308427,0.001247,0.101223,0.572454,0.010915,0.005708
ATAAACGTTGCACCAC-1,0.000014,0.458761,0.307759,0.073863,0.145649,0.011828,0.002127
ATAAAGGCTCGGTCGT-1,0.000028,0.039964,0.014324,0.053547,0.889928,0.002182,0.000028
ATAACGCCGGAGGGTC-1,0.00005,0.00005,0.00005,0.00005,0.282233,0.000068,0.717498
ATAACGGAGTCCAACG-1,0.000028,0.044839,0.000028,0.000044,0.955007,0.000028,0.000028
ATAAGGTGGAGAACAT-1,0.000067,0.198516,0.035644,0.186186,0.524552,0.000067,0.054968
ATAAGTAGGATTCAGA-1,0.000036,0.074313,0.000036,0.030293,0.765988,0.01405,0.115285
ATAAGTAGGGCGACTC-1,0.00007,0.00007,0.00007,0.35704,0.317725,0.00007,0.324954
ATAAGTTACCGCGACG-1,0.000028,0.000873,0.045046,0.355931,0.512426,0.003258,0.082439
ATAATAGCTGTTGAAT-1,0.00003,0.06319,0.00003,0.045277,0.875864,0.012313,0.003296
ATAATCTTGGAGAACC-1,0.00017,0.00017,0.004225,0.268253,0.00051,0.019077,0.707595
ATAATTAGCTAAGTAG-1,0.000038,0.242734,0.339494,0.256268,0.128151,0.000038,0.033276
ATACAGGCCCTCCAAT-1,0.000076,0.221796,0.031128,0.005928,0.329327,0.000076,0.411669
ATACCACGGGCAACTT-1,0.000024,0.000024,0.000024,0.140271,0.188679,0.622005,0.048974
ATACCTAACCAAGAAA-1,0.000094,0.244466,0.050424,0.414051,0.255233,0.000095,0.035637
ATACGCCGGCGAAACC-1,0.000062,0.042026,0.008971,0.000062,0.196371,0.030901,0.721606
ATACGGGTTTCGATTG-1,0.00003,0.00003,0.00003,0.025393,0.974457,0.00003,0.00003
ATACGTACTTAGCCAC-1,0.000217,0.000218,0.000218,0.23045,0.046267,0.000218,0.722413
ATACGTCCACTCCTGT-1,0.000105,0.000105,0.039648,0.038139,0.1975,0.00798,0.716524
ATACGTTATGCACGGA-1,0.000033,0.572357,0.427414,0.000033,0.000098,0.000033,0.000033
ATACTACCCGTACCAC-1,0.000021,0.117431,0.440224,0.009687,0.399627,0.000021,0.032988
ATACTAGCATGACCCT-1,0.000025,0.001728,0.032892,0.049274,0.897194,0.018861,0.000025
ATACTGCCTTACACCG-1,0.000079,0.000079,0.102393,0.000079,0.145791,0.004731,0.746849
ATAGACAACGGGACCT-1,0.000126,0.006116,0.226754,0.037228,0.000378,0.040132,0.689266
ATAGACGAAGAGAAAG-1,0.000022,0.142236,0.064732,0.039079,0.611402,0.064304,0.078225
ATAGAGTACTGGGACA-1,0.00004,0.023603,0.055258,0.046669,0.799301,0.075028,0.0001
ATAGAGTTATCAACTT-1,0.000234,0.000234,0.000234,0.368572,0.035507,0.015551,0.579668
ATAGCAACTAGGGAAG-1,0.000027,0.039523,0.288216,0.161349,0.474871,0.000027,0.035987
ATAGGCGGCTATAGAA-1,0.00009,0.00009,0.025382,0.308086,0.000269,0.576814,0.08927
ATAGGCTAGCTTCGCA-1,0.000085,0.000085,0.000085,0.093795,0.234001,0.000085,0.671864
ATAGGGATATCCTTGA-1,0.00011,0.00011,0.00011,0.552133,0.080593,0.06135,0.305595
ATAGGTTGGGCAGATG-1,0.000044,0.000045,0.000045,0.000045,0.988546,0.011232,0.000045
ATAGTGAAGCGTTCTC-1,0.000059,0.000059,0.015912,0.291383,0.692467,0.000059,0.000059
ATAGTTCCACCCACTC-1,0.00006,0.004026,0.050593,0.151124,0.78728,0.00006,0.006858
ATATAAAGCGCTCGTG-1,0.000065,0.228959,0.139329,0.090361,0.515122,0.02286,0.003304
ATATAAATGTAGCTGC-1,0.00013,0.081299,0.074264,0.106638,0.164022,0.00013,0.573518
ATATAACACGGGCGCA-1,0.000024,0.071983,0.424042,0.223897,0.280006,0.000024,0.000024
ATATACGCTCGTGACG-1,0.000026,0.118222,0.296703,0.442588,0.074168,0.068106,0.000187
ATATCAACCTACAGAG-1,0.000078,0.000078,0.000078,0.415637,0.430265,0.000078,0.153785
ATATCGGTAGGGAGAT-1,0.000059,0.000059,0.000059,0.436649,0.278667,0.108197,0.176308
ATATCGTTCCTCGAAC-1,0.000068,0.33347,0.082158,0.171568,0.312518,0.000069,0.100149
ATATCTCCCTCGTTAA-1,0.000038,0.09019,0.000038,0.087712,0.756964,0.000038,0.065019
ATATCTTAGGGCCTTC-1,0.00005,0.001969,0.158607,0.079833,0.589407,0.022986,0.147148
ATATGGGATAGCAACT-1,0.000015,0.064403,0.195223,0.068309,0.342387,0.24646,0.083202
ATATGTCTAGAGCGTG-1,0.000028,0.069927,0.179458,0.142155,0.22821,0.346195,0.034028
