Barcode,Topic 1,Topic 2,Topic 3,Topic 4,Topic 5to6,Topic 7,Topic 8to9,Topic 10,Topic 11,Topic 12
AAACAACGAATAGTTC-1,0.000128,0.000661,0.109654,0.16784,0.114194,0.365824,0.241314,0.000128,0.000128,0.000128
AAACAAGTATCTCCCA-1,0.000029,0.062676,0.000029,0.200004,0.278723,0.079667,0.321122,0.000029,0.052984,0.004738
AAACAATCTACTAGCA-1,0.000172,0.000172,0.000172,0.907874,0.090576,0.000172,0.000344,0.000172,0.000172,0.000172
AAACACCAATAACTGC-1,0.000039,0.001694,0.065546,0.634897,0.000079,0.000039,0.124094,0.000039,0.000039,0.173532
AAACAGAGCGACTCCT-1,0.000046,0.000046,0.000046,0.000201,0.82464,0.027626,0.11258,0.000046,0.028756,0.006015
AAACAGCTTTCAGAAG-1,0.000044,0.062584,0.000044,0.082424,0.5167,0.076561,0.061353,0.028388,0.000044,0.171858
AAACAGGGTCTATATT-1,0.000033,0.017831,0.022448,0.084688,0.208746,0.030887,0.403289,0.000033,0.000131,0.231913
AAACAGTGTTCCTGGG-1,0.000098,0.007737,0.15162,0.443731,0.000196,0.000098,0.000196,0.000098,0.000098,0.396127
AAACATGGTGAGAGGA-1,0.000026,0.090183,0.042818,0.183645,0.198566,0.232233,0.115054,0.007763,0.024883,0.104828
AAACATTTCCCGGATT-1,0.000034,0.019059,0.000034,0.141778,0.46174,0.241003,0.048508,0.000034,0.087775,0.000034
AAACCACTACACAGAT-1,0.000049,0.000049,0.213626,0.00738,0.399675,0.000357,0.312017,0.000049,0.000049,0.06675
AAACCCGAACGAAATC-1,0.000034,0.398229,0.000034,0.248927,0.174899,0.022777,0.154997,0.000034,0.000034,0.000034
AAACCGGAAATGTTAA-1,0.000032,0.593257,0.19172,0.090324,0.036624,0.045942,0.042003,0.000032,0.000032,0.000032
AAACCGGGTAGGTACC-1,0.00017,0.058779,0.492349,0.35486,0.028915,0.00017,0.064248,0.00017,0.00017,0.00017
AAACCGTTCGTCCAGG-1,0.000101,0.000101,0.000101,0.737273,0.000202,0.21212,0.030836,0.000101,0.000101,0.019063
AAACCTAAGCAGCCGG-1,0.000035,0.000035,0.000035,0.067419,0.67683,0.001605,0.021091,0.185629,0.041172,0.006149
AAACCTCATGAAGTTG-1,0.000156,0.000156,0.000156,0.756757,0.241841,0.000156,0.000312,0.000156,0.000156,0.000156
AAACGAAGAACATACC-1,0.000055,0.000055,0.028388,0.012589,0.646566,0.010677,0.301506,0.000055,0.000055,0.000055
AAACGAAGATGGAGTA-1,0.000015,0.000015,0.138937,0.000015,0.000031,0.000052,0.283151,0.000015,0.577754,0.000015
AAACGACAGTCTTGCC-1,0.000043,0.000043,0.028459,0.028783,0.486948,0.007751,0.160078,0.027209,0.000043,0.260643
AAACGAGACGGTTGAT-1,0.00003,0.002207,0.003452,0.110956,0.076005,0.369261,0.428391,0.009178,0.000489,0.00003
AAACGCCCGAGATCGG-1,0.000072,0.000072,0.032141,0.030589,0.592385,0.000284,0.09838,0.045488,0.067928,0.132659
AAACGCTGGGCACGAC-1,0.000011,0.192907,0.209556,0.035982,0.102278,0.122661,0.124023,0.093886,0.095463,0.023235
AAACGGGCGTACGGGT-1,0.000021,0.000021,0.000021,0.0358,0.176345,0.192462,0.349006,0.031146,0.162736,0.052443
AAACGGGTTGGTATCC-1,0.000055,0.037445,0.075954,0.169327,0.041977,0.109133,0.565945,0.000055,0.000055,0.000055
AAACGGTTGCGAACTG-1,0.000078,0.000078,0.000078,0.201218,0.758742,0.003849,0.019838,0.000078,0.000078,0.01596
AAACGTGTTCGCCCTA-1,0.000018,0.061824,0.047632,0.000018,0.014314,0.065537,0.557923,0.076501,0.166677,0.009555
AAACTAACGTGGCGAC-1,0.000037,0.000037,0.043623,0.012378,0.360684,0.013714,0.434355,0.000037,0.092113,0.043022
AAACTCGGTTCGCAAT-1,0.000059,0.000059,0.019823,0.087437,0.637452,0.069327,0.185664,0.000059,0.000059,0.000059
AAACTCGTGATATAAG-1,0.000068,0.030937,0.000068,0.165765,0.500007,0.289604,0.000136,0.013278,0.000068,0.000068
AAACTGCTGGCTCCAA-1,0.000021,0.000021,0.032261,0.048757,0.079384,0.001085,0.704074,0.000021,0.134354,0.000021
AAACTTAATTGCACGC-1,0.00003,0.002324,0.028921,0.366444,0.030223,0.015413,0.022478,0.130986,0.05219,0.35099
AAACTTGCAAACGTAT-1,0.0001,0.127564,0.0001,0.829334,0.036165,0.0001,0.0002,0.0001,0.0001,0.006239
AAAGAATGACCTTAGA-1,0.000012,0.000012,0.085417,0.000012,0.052563,0.220806,0.17762,0.347468,0.090641,0.02545
AAAGAATGTGGACTAA-1,0.000027,0.277681,0.000027,0.277011,0.199306,0.013427,0.027293,0.031604,0.000027,0.173596
AAAGACATGAAGTTTA-1,0.000061,0.000061,0.060936,0.059853,0.68718,0.000061,0.053912,0.000061,0.00367,0.134203
AAAGACCCAAGTCGCG-1,0.00014,0.00014,0.00014,0.327728,0.671016,0.00014,0.000279,0.00014,0.00014,0.00014
AAAGACTGGGCGCTTT-1,0.000189,0.000189,0.000189,0.997921,0.000378,0.000189,0.000378,0.000189,0.000189,0.000189
AAAGCTTGCCTACATA-1,0.000032,0.023123,0.018285,0.188359,0.075298,0.081349,0.403486,0.003768,0.10599,0.100308
AAAGGCCCTATAATAC-1,0.000019,0.064676,0.010549,0.000019,0.192618,0.000019,0.354901,0.008967,0.063718,0.304515
AAAGGCTACGGACCAT-1,0.000083,0.000083,0.000083,0.391909,0.47096,0.000083,0.104601,0.000083,0.000083,0.032032
AAAGGCTCTCGCGCCG-1,0.000052,0.025033,0.015478,0.054069,0.457248,0.000052,0.407186,0.000052,0.000052,0.04078
AAAGGGATGTAGCAAG-1,0.00011,0.00011,0.028876,0.00011,0.970133,0.00011,0.00022,0.00011,0.00011,0.00011
AAAGGGCAGCTTGAAT-1,0.00009,0.00009,0.035561,0.145223,0.296016,0.127094,0.395657,0.00009,0.00009,0.00009
AAAGGTAAGCTGTACC-1,0.000057,0.000057,0.048513,0.103945,0.469496,0.000057,0.164307,0.000057,0.213197,0.000314
AAAGGTCAACGACATG-1,0.000065,0.000065,0.001111,0.377829,0.446293,0.000065,0.00013,0.000065,0.000065,0.174313
AAAGTAGCATTGCTCA-1,0.000179,0.000179,0.045228,0.645295,0.308043,0.000179,0.000358,0.000179,0.000179,0.000179
AAAGTCACTGATGTAA-1,0.000107,0.000107,0.082982,0.108341,0.570066,0.008293,0.229784,0.000107,0.000107,0.000107
AAAGTCGACCCTCAGT-1,0.00016,0.00016,0.00016,0.922988,0.075573,0.00016,0.00032,0.00016,0.00016,0.00016
AAAGTGCCATCAATTA-1,0.000015,0.293746,0.093168,0.055555,0.171446,0.175962,0.128001,0.028556,0.047314,0.006238
AAAGTGTGATTTATCT-1,0.000054,0.000054,0.000054,0.100643,0.589553,0.095064,0.111642,0.072134,0.030282,0.00052
AAAGTTGACTCCCGTA-1,0.000023,0.081849,0.035101,0.000023,0.063852,0.362111,0.427874,0.002462,0.006227,0.020478
AAATAACCATACGGGA-1,0.000021,0.000021,0.000021,0.000021,0.070592,0.030573,0.822911,0.000021,0.075798,0.000021
AAATAAGGTAGTGCCC-1,0.000027,0.166678,0.009688,0.083843,0.189295,0.189761,0.330693,0.00171,0.000027,0.028279
AAATACCTATAAGCAT-1,0.000046,0.000046,0.000046,0.000284,0.537964,0.065696,0.326649,0.00032,0.068283,0.000664
AAATAGCTTAGACTTT-1,0.000026,0.027874,0.000026,0.021708,0.262064,0.315865,0.349666,0.009876,0.002487,0.010408
AAATAGGGTGCTATTG-1,0.000045,0.000045,0.000045,0.073717,0.302631,0.07778,0.302768,0.170725,0.056457,0.015789
AAATCACTCCTAAACG-1,0.000041,0.004464,0.116409,0.678972,0.072966,0.019565,0.000676,0.000041,0.000041,0.106824
AAATCCGATACACGCC-1,0.000025,0.096117,0.036917,0.028369,0.360556,0.275033,0.060147,0.045157,0.000025,0.097654
AAATCGCGGAAGGAGT-1,0.000028,0.043072,0.05274,0.0041,0.264154,0.046023,0.114132,0.18166,0.2309,0.063191
AAATCGTGTACCACAA-1,0.000046,0.000046,0.003134,0.000046,0.373892,0.000046,0.614667,0.000046,0.008031,0.000046
AAATCTAGCCCTGCTA-1,0.000031,0.015598,0.067099,0.328787,0.148493,0.19224,0.247657,0.000031,0.000031,0.000031
AAATCTGCCCGCGTCC-1,0.000043,0.020304,0.000043,0.119867,0.443648,0.000043,0.000087,0.000043,0.001229,0.414693
AAATGACTGATCAAAC-1,0.000039,0.000039,0.000039,0.000039,0.159506,0.000039,0.372216,0.000039,0.003986,0.464057
AAATGATTCGATCAGC-1,0.000067,0.000067,0.000067,0.202764,0.102745,0.443513,0.194028,0.000067,0.000505,0.056176
AAATGCTCGTTACGTT-1,0.000443,0.098335,0.502578,0.395097,0.000887,0.000443,0.000887,0.000443,0.000443,0.000443
AAATGGCATGTCTTGT-1,0.000046,0.000046,0.072377,0.083923,0.246647,0.000046,0.596778,0.000046,0.000046,0.000046
AAATGGCCCGTGCCCT-1,0.000038,0.047071,0.063115,0.235089,0.110423,0.000038,0.343092,0.000038,0.000038,0.201057
AAATGGTCAATGTGCC-1,0.000063,0.000063,0.011278,0.000063,0.528918,0.083041,0.376388,0.000063,0.000063,0.000063
AAATGTATCTTATCCC-1,0.000053,0.000053,0.000053,0.015658,0.701108,0.000892,0.282025,0.000053,0.000053,0.000053
AAATGTGGGTGCTCCT-1,0.000101,0.000101,0.024096,0.674201,0.2416,0.000101,0.000202,0.000101,0.059396,0.000101
AAATTAACGGGTAGCT-1,0.000085,0.018369,0.000085,0.1795,0.758154,0.000085,0.043464,0.000085,0.000085,0.000085
AAATTAATAAGCGCGA-1,0.00005,0.024832,0.005198,0.212088,0.401977,0.030124,0.264957,0.00005,0.00005,0.060673
AAATTACACGACTCTG-1,0.000049,0.000049,0.000049,0.02137,0.31203,0.003228,0.52038,0.005351,0.070485,0.067009
AAATTACCTATCGATG-1,0.000049,0.0081,0.000049,0.066301,0.733669,0.136202,0.055484,0.000049,0.000049,0.000049
AAATTCCAGGTCCAAA-1,0.000015,0.042289,0.004964,0.007603,0.168082,0.051188,0.657899,0.000138,0.027469,0.040352
AAATTGATAGTCCTTT-1,0.000119,0.055484,0.410721,0.532721,0.000239,0.000119,0.000239,0.000119,0.000119,0.000119
AAATTGCGGCGGTTCT-1,0.000359,0.000359,0.344494,0.144544,0.404594,0.000359,0.000718,0.000359,0.000359,0.103855
AAATTGGTGAGAAGCA-1,0.000024,0.019901,0.015925,0.008209,0.143948,0.115928,0.544383,0.013039,0.127192,0.011451
AAATTTACCGAAATCC-1,0.000069,0.000069,0.000069,0.000069,0.948741,0.001123,0.029859,0.009414,0.010518,0.000069
AAATTTGCGGGTGTGG-1,0.000108,0.000108,0.235827,0.295605,0.346747,0.004625,0.116656,0.000108,0.000108,0.000108
AACAACTGGTAGTTGC-1,0.000192,0.000192,0.000192,0.74508,0.115906,0.000192,0.137667,0.000192,0.000192,0.000192
AACAATACATTGTCGA-1,0.00012,0.00012,0.116304,0.551045,0.143787,0.00012,0.085687,0.102579,0.00012,0.00012
AACAATTACTCTACGC-1,0.000204,0.000204,0.219829,0.590697,0.187844,0.000204,0.000408,0.000204,0.000204,0.000204
AACACACGCTCGCCGC-1,0.000052,0.022263,0.12607,0.078777,0.747427,0.00039,0.024863,0.000052,0.000052,0.000052
AACACGACTGTACTGA-1,0.000083,0.000083,0.038821,0.250869,0.273002,0.000743,0.436149,0.000083,0.000083,0.000083
AACACGAGACGCGGCC-1,0.00015,0.00015,0.00015,0.689749,0.308897,0.00015,0.000301,0.00015,0.00015,0.00015
AACACGCGGCCGCGAA-1,0.000076,0.080745,0.105257,0.176527,0.232072,0.070665,0.334429,0.000076,0.000076,0.000076
AACAGCTGTGTGGCAA-1,0.000149,0.000149,0.000149,0.998357,0.000299,0.000149,0.000299,0.000149,0.000149,0.000149
AACAGGAAATCGAATA-1,0.000049,0.000049,0.000049,0.000049,0.409676,0.000049,0.559507,0.000049,0.030477,0.000049
AACAGGATGGGCCGCG-1,0.000267,0.000267,0.000267,0.686254,0.311342,0.000267,0.000534,0.000267,0.000267,0.000267
AACAGGTAGTATGGAT-1,0.000043,0.25309,0.000043,0.12058,0.191008,0.130327,0.293749,0.01001,0.001108,0.000043
AACATAGCGTGTATCG-1,0.00004,0.00004,0.00004,0.378244,0.148441,0.016201,0.005824,0.064046,0.021421,0.365702
AACATATCAACTGGTG-1,0.000038,0.000038,0.005333,0.111419,0.193773,0.388061,0.18915,0.014308,0.025792,0.072089
AACATCGATACGTCTA-1,0.000024,0.033774,0.000024,0.007266,0.040194,0.396569,0.423441,0.015076,0.041493,0.042137
AACATTGAAGTTGATC-1,0.00005,0.00005,0.021585,0.170667,0.234615,0.279025,0.062343,0.022794,0.00005,0.208821
AACATTGTGACTCGAG-1,0.000075,0.000075,0.070524,0.667847,0.013676,0.050823,0.152791,0.000075,0.000075,0.044037
AACCAAGACTTCTCTG-1,0.000049,0.127107,0.691801,0.180653,0.000098,0.000049,0.000098,0.000049,0.000049,0.000049
AACCAGTATCACTCTT-1,0.000043,0.000043,0.000043,0.00416,0.239368,0.000258,0.49031,0.000043,0.160216,0.105516
AACCATAGGGTTGAAC-1,0.000032,0.042631,0.000032,0.247403,0.39179,0.000032,0.000063,0.267702,0.004372,0.045944
AACCATGGGATCGCTA-1,0.000287,0.000287,0.102133,0.069049,0.503704,0.000287,0.32339,0.000287,0.000287,0.000287
AACCCAGAGACGGAGA-1,0.000167,0.000167,0.000167,0.967822,0.000333,0.000167,0.030678,0.000167,0.000167,0.000167
AACCCATCCCATGATC-1,0.000046,0.055609,0.000046,0.209132,0.239732,0.180045,0.071994,0.01485,0.020714,0.207833
AACCCGACAACCCGTG-1,0.000078,0.022779,0.095924,0.344467,0.071402,0.21679,0.196297,0.000078,0.026435,0.025751
AACCCGAGCAGAATCG-1,0.000055,0.607313,0.000055,0.228359,0.163888,0.000055,0.00011,0.000055,0.000055,0.000055
AACCCGATAGGGCTTC-1,0.000052,0.015307,0.051799,0.09415,0.489444,0.002048,0.011224,0.000868,0.000052,0.335056
AACCCGCTGTATTCCA-1,0.000023,0.000023,0.226862,0.077335,0.016409,0.000023,0.232523,0.000023,0.000868,0.445913
AACCCTACTGTCAATA-1,0.000032,0.042906,0.040415,0.106552,0.222286,0.406029,0.174072,0.007645,0.000032,0.000032
AACCCTGGTGGAACCA-1,0.000078,0.000078,0.080595,0.265662,0.435082,0.000078,0.218195,0.000078,0.000078,0.000078
AACCGAGCTTGGTCAT-1,0.000099,0.000099,0.000099,0.270086,0.652452,0.000099,0.076766,0.000099,0.000099,0.000099
AACCGCTAAGGGATGC-1,0.000035,0.000035,0.019608,0.251701,0.219459,0.210147,0.280835,0.006811,0.006075,0.005294
AACCGTTGTGTTTGCT-1,0.000111,0.000111,0.000111,0.125841,0.873161,0.000111,0.000222,0.000111,0.000111,0.000111
AACCTAAAGCCGTCCG-1,0.000073,0.000073,0.043564,0.461673,0.397191,0.000073,0.000146,0.005424,0.000073,0.091709
AACCTCGCTTTAGCCC-1,0.000027,0.00457,0.017714,0.002124,0.032061,0.080006,0.667146,0.004592,0.106408,0.085352
AACCTGTCACGGAATT-1,0.000038,0.060676,0.057503,0.002549,0.314922,0.174461,0.334036,0.000762,0.029957,0.025097
AACCTTTAAATACGGT-1,0.000031,0.000031,0.000031,0.028346,0.16358,0.008719,0.686383,0.000031,0.057353,0.055495
AACCTTTACGACGTCT-1,0.000063,0.000063,0.000063,0.004798,0.783882,0.061627,0.071804,0.069246,0.008391,0.000063
AACGAAAGTCGTCCCA-1,0.00004,0.00004,0.00004,0.026211,0.477153,0.00004,0.000086,0.233664,0.140799,0.121927
AACGACCTCCTAGCCG-1,0.000025,0.971231,0.028523,0.000025,0.000049,0.000025,0.000049,0.000025,0.000025,0.000025
AACGATAATGCCGTAG-1,0.000037,0.000037,0.033102,0.004566,0.21758,0.190113,0.436719,0.014491,0.09993,0.003427
AACGATAGAAGGGCCG-1,0.000084,0.000084,0.000084,0.02542,0.500917,0.000084,0.473075,0.000084,0.000084,0.000084
AACGATATGTCAACTG-1,0.000037,0.035118,0.000037,0.004554,0.057534,0.123344,0.732504,0.000791,0.046046,0.000037
AACGCATGATCTGGGT-1,0.000054,0.0523,0.000054,0.1098,0.517152,0.039562,0.280914,0.000054,0.000054,0.000054
AACGCGAACGGCAACA-1,0.000069,0.000069,0.236816,0.113412,0.169704,0.151409,0.328315,0.000069,0.000069,0.000069
AACGCGACCTTGGGCG-1,0.00008,0.00008,0.176813,0.200218,0.622327,0.00008,0.00016,0.00008,0.00008,0.00008
AACGCGGTCTCCAGCC-1,0.00008,0.142796,0.047089,0.000086,0.425707,0.090348,0.293657,0.00008,0.00008,0.00008
AACGCTGTTGCTGAAA-1,0.000031,0.000031,0.000031,0.0502,0.175594,0.135357,0.527865,0.05267,0.058191,0.000031
AACGGACGTACGTATA-1,0.000029,0.005727,0.000029,0.035388,0.217263,0.235458,0.42639,0.01019,0.016446,0.05308
AACGGCCATCTCCGGT-1,0.000132,0.000132,0.06184,0.565607,0.371499,0.000132,0.000263,0.000132,0.000132,0.000132
AACGTACTGTGGGTAC-1,0.000178,0.000178,0.000178,0.865149,0.133251,0.000178,0.000355,0.000178,0.000178,0.000178
AACGTCAGACTAGTGG-1,0.000137,0.102917,0.000137,0.563266,0.241029,0.000137,0.091964,0.000137,0.000137,0.000137
AACGTCATCCGGCTTG-1,0.00006,0.00006,0.00006,0.031277,0.303031,0.004273,0.147709,0.00006,0.006572,0.506897
AACGTCGCTGCACTTC-1,0.000025,0.531664,0.162208,0.000025,0.00005,0.000025,0.003069,0.000025,0.030143,0.272766
AACGTGATGAAGGACA-1,0.000044,0.000044,0.000044,0.000044,0.324914,0.000044,0.466415,0.000044,0.208363,0.000044
AACGTGCGAAAGTCTC-1,0.000049,0.000049,0.000049,0.115924,0.61181,0.038688,0.227968,0.005364,0.000049,0.000049
AACGTTATCAGCACCT-1,0.000135,0.000135,0.000135,0.664096,0.330964,0.000135,0.003996,0.000135,0.000135,0.000135
AACGTTCTACCATTGT-1,0.000014,0.20264,0.135778,0.116353,0.10357,0.088202,0.282107,0.00147,0.062418,0.007449
AACTACCCGTTTGTCA-1,0.000026,0.409869,0.000026,0.345819,0.063325,0.072221,0.108637,0.000026,0.000026,0.000026
AACTAGCGTATCGCAC-1,0.000149,0.05176,0.000149,0.914,0.033049,0.000149,0.000298,0.000149,0.000149,0.000149
AACTAGGCTTGGGTGT-1,0.000147,0.065821,0.074173,0.366418,0.342763,0.112291,0.037947,0.000147,0.000147,0.000147
AACTCAAGTTAATTGC-1,0.000141,0.000141,0.000141,0.521615,0.477113,0.000141,0.000282,0.000141,0.000141,0.000141
AACTCCAGAGCGTGTT-1,0.000033,0.000033,0.040702,0.036423,0.139248,0.337577,0.294835,0.000724,0.122308,0.028117
AACTCCTAATCCCATG-1,0.000041,0.000041,0.000041,0.034541,0.501977,0.099949,0.303256,0.014469,0.045642,0.000041
AACTCGATAAACACGT-1,0.000305,0.000305,0.318037,0.000305,0.578218,0.000305,0.000611,0.000305,0.101303,0.000305
AACTCGATGGCGCAGT-1,0.00006,0.045888,0.023142,0.123871,0.068906,0.109663,0.628289,0.00006,0.00006,0.00006
AACTCTCAATAGAGCG-1,0.000044,0.042865,0.022712,0.022323,0.510827,0.159965,0.24113,0.000044,0.000044,0.000044
AACTCTCAGTGTGCTC-1,0.000082,0.154118,0.000082,0.409682,0.05506,0.359243,0.02049,0.000082,0.000082,0.001078
AACTGAGGTCAGCGTC-1,0.000079,0.047654,0.016339,0.023973,0.684209,0.070489,0.120456,0.030043,0.006681,0.000079
AACTGAGTTATACTGA-1,0.000024,0.429413,0.206582,0.057981,0.129061,0.044521,0.108983,0.010719,0.012688,0.000028
AACTGATATTAGGCCT-1,0.000067,0.023363,0.008816,0.168674,0.496819,0.000834,0.275989,0.000067,0.000067,0.025303
AACTGGGTCCCGACGT-1,0.000056,0.000056,0.000056,0.037758,0.552747,0.015239,0.39392,0.000056,0.000056,0.000056
AACTGGGTTCGAGCCG-1,0.00005,0.00005,0.00005,0.047211,0.418463,0.00005,0.452165,0.00005,0.00005,0.081861
AACTGGTGTGGGCCTT-1,0.000138,0.000138,0.000138,0.916144,0.000277,0.000138,0.08261,0.000138,0.000138,0.000138
AACTTCTGCGTCTATC-1,0.000131,0.000131,0.062625,0.936064,0.000262,0.000131,0.000262,0.000131,0.000131,0.000131
AACTTGCCCGTATGCA-1,0.000218,0.000218,0.67241,0.287089,0.038756,0.000218,0.000436,0.000218,0.000218,0.000218
AACTTGCGTTCTCGCG-1,0.000174,0.000174,0.16492,0.232301,0.01863,0.176667,0.406612,0.000174,0.000174,0.000174
AACTTTACGGGAGCTT-1,0.000052,0.000052,0.020756,0.073386,0.510355,0.017107,0.366839,0.000052,0.000052,0.011351
AACTTTAGCTGCTGAG-1,0.000143,0.000143,0.024641,0.901116,0.073096,0.000143,0.000287,0.000143,0.000143,0.000143
AACTTTCTCGATCATG-1,0.000044,0.032079,0.000044,0.059336,0.432356,0.337301,0.042463,0.020925,0.005779,0.069675
AAGAAAGTTTGATGGG-1,0.00005,0.00116,0.269436,0.00005,0.000099,0.00005,0.166647,0.00005,0.500853,0.061606
AAGAAATCACCAGATT-1,0.000034,0.008401,0.000034,0.129255,0.513558,0.202466,0.012221,0.105011,0.001211,0.02781
AAGAAGGATCAGTTAG-1,0.000231,0.000231,0.294813,0.309085,0.023202,0.000231,0.371515,0.000231,0.000231,0.000231
AAGACATACGTGGTTT-1,0.00003,0.962934,0.00003,0.029248,0.000061,0.00003,0.000061,0.00003,0.00003,0.007544
AAGACCAAATAACTCA-1,0.00001,0.002184,0.00001,0.013219,0.048212,0.165357,0.323959,0.1466,0.133209,0.16724
AAGACCCAACTGAACA-1,0.00005,0.00005,0.00005,0.156819,0.544509,0.00005,0.215375,0.00005,0.00005,0.082997
AAGACTAACCCGTTGT-1,0.000082,0.05333,0.083595,0.334298,0.163945,0.014435,0.276043,0.000082,0.074107,0.000082
AAGACTCACGCCCACT-1,0.000035,0.011046,0.035147,0.000035,0.529759,0.003982,0.31168,0.000035,0.000035,0.108247
AAGACTGCAAGCTACT-1,0.00005,0.046074,0.048853,0.00005,0.353988,0.018997,0.507001,0.002932,0.022004,0.00005
AAGAGATGAATCGGTA-1,0.00027,0.00027,0.55524,0.442064,0.000539,0.00027,0.000539,0.00027,0.00027,0.00027
AAGAGCTCTTTATCGG-1,0.000025,0.019235,0.000025,0.028421,0.480604,0.126304,0.322984,0.006397,0.015981,0.000025
AAGAGGATGTACGCGA-1,0.000154,0.000154,0.84226,0.1562,0.000308,0.000154,0.000308,0.000154,0.000154,0.000154
AAGAGGCATGGATCGC-1,0.000047,0.000047,0.000047,0.340304,0.297509,0.119598,0.196781,0.044632,0.000047,0.000989
AAGAGGCCCTTTGGAA-1,0.000026,0.297658,0.162624,0.178929,0.00137,0.105574,0.233293,0.000026,0.000026,0.020473
AAGATGGCACCGGACC-1,0.000119,0.008721,0.153169,0.546618,0.143806,0.000119,0.098503,0.000119,0.022517,0.02631
AAGATTGGCGGAACGT-1,0.000027,0.000027,0.000027,0.059621,0.150688,0.359314,0.430212,0.000027,0.000027,0.000027
AAGCACCCTGCGTATC-1,0.000054,0.000054,0.004035,0.035468,0.251196,0.063133,0.433577,0.03912,0.028873,0.14449
AAGCATACTCTCCTGA-1,0.000054,0.000054,0.06916,0.257563,0.185055,0.034198,0.239008,0.019924,0.04531,0.149675
AAGCCACTTGCAGGTA-1,0.000037,0.005201,0.045106,0.136824,0.082007,0.000037,0.025162,0.000037,0.000037,0.705551
AAGCCGAAGCGGTTTA-1,0.000022,0.024256,0.17354,0.00083,0.252181,0.044986,0.503128,0.000022,0.001012,0.000022
AAGCCGCCGTGAAATC-1,0.000027,0.023046,0.085672,0.269634,0.194307,0.10066,0.021085,0.07106,0.000027,0.234482
AAGCCGCTTTACCTTG-1,0.000026,0.000026,0.004215,0.039361,0.06478,0.449628,0.249789,0.012342,0.084134,0.095698
AAGCCGGAGAGCAGGA-1,0.000016,0.322435,0.108622,0.065366,0.05169,0.175516,0.269627,0.001572,0.00514,0.000016
AAGCGCAGGGCTTTGA-1,0.000037,0.011225,0.064545,0.015896,0.046189,0.111508,0.584445,0.000049,0.000037,0.166068
AAGCGGAGTGCGCGCA-1,0.000017,0.000017,0.246259,0.000017,0.145168,0.027327,0.358266,0.033174,0.189187,0.000567
AAGCGGCGTCATGGGT-1,0.000063,0.000063,0.000063,0.000063,0.638532,0.003584,0.241721,0.029878,0.08597,0.000063
AAGCGTCCCTCATCGA-1,0.000164,0.000164,0.50858,0.403311,0.086795,0.000164,0.000329,0.000164,0.000164,0.000164
AAGCTAGATCGAGTAA-1,0.000095,0.000095,0.125572,0.363094,0.318394,0.04116,0.151303,0.000095,0.000095,0.000095
AAGCTATGGATTGACC-1,0.000136,0.347752,0.000136,0.147961,0.034338,0.000136,0.047707,0.000136,0.000136,0.421565
AAGCTCGTGCCAAGTC-1,0.000067,0.000067,0.000067,0.000067,0.792673,0.009851,0.197009,0.000067,0.000067,0.000067
AAGCTCTTTCATGGTG-1,0.000131,0.000131,0.46324,0.144611,0.391036,0.000131,0.000329,0.000131,0.000131,0.000131
AAGGAGAACTTATAAG-1,0.000113,0.000113,0.055806,0.800284,0.143004,0.000113,0.000227,0.000113,0.000113,0.000113
AAGGAGCGGTTGGTGC-1,0.000082,0.000082,0.08669,0.217367,0.342738,0.000082,0.352712,0.000082,0.000082,0.000082
AAGGATCGATCGCTTG-1,0.000043,0.02157,0.000043,0.056155,0.398933,0.258681,0.264443,0.000043,0.000043,0.000043
AAGGATGAGGGACCTC-1,0.000021,0.15043,0.024936,0.007162,0.071436,0.418228,0.327078,0.000021,0.000666,0.000021
AAGGCAGGCTGTCTCC-1,0.000053,0.391082,0.000053,0.417136,0.026927,0.079103,0.085485,0.000053,0.000053,0.000053
AAGGCGCGTAAAGCTT-1,0.000123,0.000123,0.000123,0.998648,0.000246,0.000123,0.000246,0.000123,0.000123,0.000123
AAGGCTGTGCTCATCG-1,0.000075,0.000075,0.028081,0.000075,0.61908,0.000075,0.352314,0.000075,0.000075,0.000075
AAGGGAACGACTGGCT-1,0.000044,0.000044,0.000044,0.296708,0.421263,0.000044,0.000087,0.072845,0.000044,0.208879
AAGGGACAGATTCTGT-1,0.000024,0.000024,0.000024,0.021224,0.0754,0.396393,0.506839,0.000024,0.000024,0.000024
AAGGGACTATGCATTC-1,0.000048,0.000048,0.026943,0.387357,0.194922,0.000048,0.217609,0.000048,0.000048,0.172929
AAGGGTTAGCCATGCG-1,0.000072,0.713595,0.046102,0.071927,0.075517,0.000072,0.000144,0.000072,0.000072,0.092427
AAGGGTTTGATTTCAG-1,0.000028,0.005406,0.109698,0.165844,0.013998,0.0892,0.215503,0.255388,0.128132,0.016804
AAGGTATCCTAATATA-1,0.000041,0.000041,0.000041,0.133676,0.507717,0.042409,0.315952,0.000041,0.000041,0.000041
AAGGTGATAAACCAGC-1,0.000044,0.000044,0.000044,0.070469,0.688605,0.159501,0.076149,0.000172,0.004928,0.000044
AAGTAGAAGACCGGGT-1,0.000122,0.000122,0.000122,0.176705,0.815845,0.000122,0.006595,0.000122,0.000122,0.000122
AAGTAGTGACGCGAGG-1,0.000098,0.026825,0.020663,0.396139,0.061663,0.021293,0.473024,0.000098,0.000098,0.000098
AAGTCAATTGTCGTCA-1,0.000044,0.131755,0.000044,0.090517,0.471955,0.15444,0.148281,0.002874,0.000044,0.000044
AAGTCTAGTAGCTGCC-1,0.000065,0.026611,0.000065,0.099513,0.579377,0.192241,0.00013,0.10187,0.000065,0.000065
AAGTCTTCTGTGGCCT-1,0.000076,0.133926,0.000076,0.164267,0.058673,0.095557,0.168443,0.000076,0.007175,0.371731
AAGTGACGACCGAATT-1,0.000173,0.000173,0.089594,0.408447,0.401385,0.000173,0.000347,0.000173,0.099361,0.000173
AAGTGAGTCGGGTTTA-1,0.000106,0.022663,0.000106,0.866593,0.048085,0.061919,0.000211,0.000106,0.000106,0.000106
AAGTGCAAAGGTAGAC-1,0.000078,0.000078,0.109601,0.010981,0.802352,0.000078,0.076601,0.000078,0.000078,0.000078
AAGTGCCTTGACTGTA-1,0.000023,0.105449,0.000023,0.042119,0.021484,0.093828,0.677563,0.000023,0.057584,0.001904
AAGTGCGTTAGAATCT-1,0.000154,0.000154,0.000154,0.940616,0.000308,0.000154,0.057998,0.000154,0.000154,0.000154
AAGTGCTTCTCTATTG-1,0.000128,0.000128,0.000128,0.847371,0.000257,0.000128,0.000257,0.000128,0.000128,0.151345
AAGTGTTTGGAGACGG-1,0.000036,0.000036,0.12863,0.000932,0.298375,0.00335,0.534869,0.000036,0.033701,0.000036
AAGTTCACTCCAAGCT-1,0.000033,0.011249,0.047319,0.037832,0.232784,0.280301,0.270078,0.054543,0.023595,0.042268
AAGTTCAGTCTGCGTA-1,0.000036,0.000036,0.009805,0.000036,0.179529,0.576289,0.234162,0.000036,0.000036,0.000036
AAGTTCGGCCAACAGG-1,0.000145,0.023476,0.170355,0.354255,0.323033,0.000145,0.112757,0.000145,0.000145,0.015544
AAGTTGTGATGTTATA-1,0.000046,0.154617,0.02462,0.151234,0.396771,0.011998,0.131309,0.000046,0.000046,0.129311
AAGTTTACTAATGGCA-1,0.000092,0.000092,0.089279,0.150593,0.593382,0.04801,0.118275,0.000092,0.000092,0.000092
AAGTTTATGGGCCCAA-1,0.000029,0.01701,0.000029,0.046121,0.181584,0.000029,0.546983,0.000029,0.043899,0.164285
AATAACAACGCTCGGC-1,0.000126,0.070922,0.309102,0.157584,0.165519,0.023533,0.205773,0.000126,0.06719,0.000126
AATAACACTAGAACAA-1,0.000087,0.195647,0.06527,0.47747,0.076244,0.021787,0.004733,0.000087,0.158587,0.000087
AATAACGTCGCGCCCA-1,0.000029,0.84853,0.151177,0.000029,0.000059,0.000029,0.000059,0.000029,0.000029,0.000029
AATAAGTCCTCGAGAC-1,0.0001,0.098806,0.047715,0.159305,0.680752,0.0001,0.012923,0.0001,0.0001,0.0001
AATAATCTTCGTATCG-1,0.000033,0.948084,0.029068,0.001502,0.021118,0.000033,0.000065,0.000033,0.000033,0.000033
AATACAATGTTTCAGG-1,0.000225,0.000225,0.061963,0.739348,0.196892,0.000225,0.000449,0.000225,0.000225,0.000225
AATACCGGAGGGCTGT-1,0.000171,0.000171,0.000171,0.998122,0.000342,0.000171,0.000342,0.000171,0.000171,0.000171
AATACCTGATGTGAAC-1,0.000005,0.058232,0.414775,0.000005,0.00001,0.001059,0.212186,0.000575,0.184348,0.128804
AATAGAACAGAGTGGC-1,0.000128,0.000128,0.023593,0.6216,0.353781,0.000128,0.000256,0.000128,0.000128,0.000128
AATAGAATCTGTTTCA-1,0.00003,0.00003,0.106209,0.000294,0.149574,0.22772,0.445903,0.025844,0.003914,0.040484
AATAGCAAGCCTCCTG-1,0.000062,0.000062,0.000062,0.000062,0.19295,0.000062,0.499258,0.000062,0.108809,0.19861
AATAGCTACCGCGTGC-1,0.00003,0.00003,0.00003,0.005912,0.252446,0.332012,0.238305,0.023028,0.097288,0.050918
AATAGGCACGACCCTT-1,0.000023,0.000023,0.09489,0.000023,0.013265,0.000023,0.398924,0.000023,0.051285,0.441521
AATAGTCCGTCCCGAC-1,0.000071,0.000071,0.000071,0.224149,0.636928,0.000071,0.138423,0.000071,0.000071,0.000071
AATAGTCGCGAGTCGG-1,0.000054,0.000054,0.046865,0.3718,0.289962,0.000054,0.291052,0.000054,0.000054,0.000054
AATATCAAGGTCGGAT-1,0.000202,0.000202,0.000202,0.650977,0.347206,0.000202,0.000404,0.000202,0.000202,0.000202
AATATCCTAGCAAACT-1,0.000035,0.009813,0.000035,0.021802,0.280628,0.004811,0.373516,0.000561,0.213291,0.095508
AATATCGAATCAATGC-1,0.000022,0.029822,0.012033,0.124385,0.1451,0.1277,0.560785,0.000022,0.000022,0.00011
AATATCGAGGGTTCTC-1,0.000043,0.18378,0.000043,0.019385,0.174227,0.511082,0.104777,0.000043,0.006577,0.000043
AATATTGGAGTATTGA-1,0.000187,0.007438,0.071938,0.549433,0.369883,0.000187,0.000374,0.000187,0.000187,0.000187
AATCAGACTGCAGGAC-1,0.000054,0.037243,0.052374,0.129959,0.155906,0.224666,0.384126,0.000054,0.015565,0.000054
AATCAGGTTTCATTTA-1,0.000074,0.004341,0.07012,0.294748,0.462756,0.000074,0.000147,0.000074,0.000074,0.167592
AATCATGTAAAGACTC-1,0.000027,0.018553,0.000027,0.176331,0.218938,0.255505,0.170674,0.000086,0.157154,0.002703
AATCCAAGGGCCTGAG-1,0.000109,0.000109,0.076427,0.212593,0.354089,0.20517,0.151178,0.000109,0.000109,0.000109
AATCCATGCAAGGGTG-1,0.000072,0.041749,0.07051,0.151004,0.104227,0.029023,0.582064,0.000072,0.021207,0.000072
AATCCCGCTCAGAGCC-1,0.000046,0.000046,0.08196,0.012146,0.044701,0.000046,0.192052,0.000046,0.033106,0.635851
AATCGAGGTCTCAAGG-1,0.000016,0.007653,0.172433,0.022339,0.002413,0.004291,0.259279,0.000016,0.376176,0.155383
AATCGCCTCAGCGCCA-1,0.000072,0.000072,0.000072,0.090888,0.890358,0.00406,0.014262,0.000072,0.000072,0.000072
AATCGCGCAGAGGACT-1,0.000094,0.194611,0.194656,0.224663,0.38541,0.000094,0.000188,0.000094,0.000094,0.000094
AATCGGGACACTACGA-1,0.000102,0.000102,0.000102,0.123784,0.807717,0.000102,0.067788,0.000102,0.000102,0.000102
AATCGGTATAGCCCTC-1,0.000019,0.432454,0.461091,0.000019,0.000039,0.008131,0.001637,0.001139,0.000019,0.095452
AATCGTGAGCCGAGCA-1,0.000041,0.000041,0.005649,0.129201,0.304644,0.169526,0.23315,0.058634,0.004406,0.094707
AATCTAGGTTTACTTG-1,0.000071,0.000071,0.009875,0.241585,0.392918,0.024137,0.135374,0.000071,0.000071,0.195825
AATCTATGCCGGAGCC-1,0.000035,0.03072,0.000035,0.254591,0.001536,0.120153,0.432911,0.000035,0.072622,0.08736
AATCTCTACTGTGGTT-1,0.000045,0.000045,0.119776,0.000045,0.543518,0.004185,0.180529,0.074709,0.000179,0.07697
AATCTGCGTTGGGACG-1,0.00004,0.080742,0.00004,0.084131,0.397162,0.134289,0.303478,0.00004,0.00004,0.00004
AATCTGGCTTTCTAGT-1,0.000048,0.000048,0.099375,0.013471,0.283916,0.023144,0.351368,0.023357,0.005177,0.200096
AATCTGGGTAGACCCT-1,0.000084,0.000084,0.000084,0.09312,0.702396,0.000084,0.035417,0.000084,0.000084,0.168563
AATGACAGCAATGTCT-1,0.000079,0.082277,0.078476,0.211945,0.1218,0.078221,0.318176,0.000079,0.040338,0.068608
AATGACGTAGGATGTC-1,0.000019,0.000019,0.000019,0.000019,0.000037,0.008904,0.976549,0.000019,0.0144,0.000019
AATGACTGTCAGCCGG-1,0.000056,0.000056,0.058323,0.000056,0.382407,0.000056,0.558879,0.000056,0.000056,0.000056
AATGAGTTCGCATATG-1,0.000152,0.051263,0.185939,0.159491,0.019134,0.314339,0.269227,0.000152,0.000152,0.000152
AATGATGATACGCTAT-1,0.000014,0.003231,0.040668,0.000014,0.000028,0.215601,0.73396,0.000014,0.006457,0.000014
AATGATGCGACTCCTG-1,0.000063,0.046368,0.000063,0.34234,0.383658,0.089136,0.138187,0.000063,0.000063,0.000063
AATGCAACCGGGTACC-1,0.00007,0.00007,0.00007,0.06818,0.496144,0.00214,0.348945,0.00007,0.084242,0.00007
AATGCACCAAGCAATG-1,0.000043,0.000043,0.000043,0.026773,0.59898,0.090425,0.212939,0.000812,0.002625,0.067314
AATGGCCGCCAATGCG-1,0.000057,0.000057,0.033537,0.191475,0.346063,0.000057,0.140267,0.000057,0.000057,0.288375
AATGGTCCACCGTTCA-1,0.000559,0.000559,0.055451,0.825831,0.001119,0.000559,0.001119,0.113684,0.000559,0.000559
AATGGTTCTCACAAGC-1,0.000296,0.028774,0.000296,0.638707,0.330156,0.000296,0.000591,0.000296,0.000296,0.000296
AATGTATGGCACTGTA-1,0.000021,0.054683,0.000021,0.053662,0.24088,0.004041,0.105555,0.302975,0.203317,0.034844
AATGTGCCCGAGGTGT-1,0.000161,0.047866,0.000161,0.950528,0.000321,0.000161,0.000321,0.000161,0.000161,0.000161
AATGTGCTAATCTGAG-1,0.000092,0.000092,0.000092,0.723244,0.15994,0.000092,0.000184,0.071257,0.000092,0.044915
AATGTTAAGACCCTGA-1,0.000023,0.000023,0.000023,0.064061,0.039668,0.003264,0.132529,0.081906,0.431157,0.247346
AATGTTGTCGTGAGAC-1,0.000031,0.200799,0.074405,0.289858,0.000062,0.13972,0.108244,0.006125,0.000031,0.180725
AATTAAAGGTCGGCGT-1,0.000051,0.06311,0.017358,0.000051,0.382262,0.000051,0.536966,0.000051,0.000051,0.000051
AATTAACGGATTTCCA-1,0.00009,0.00009,0.00009,0.352666,0.646529,0.00009,0.000179,0.00009,0.00009,0.00009
AATTACGAGACCCATC-1,0.000024,0.05306,0.025982,0.003008,0.030704,0.026664,0.209587,0.267588,0.048419,0.334963
AATTACTCGTACGCTC-1,0.000081,0.000081,0.029559,0.353652,0.035401,0.31646,0.233975,0.000081,0.000081,0.030631
AATTAGCGCTGCAGCG-1,0.000054,0.000054,0.000054,0.051915,0.499707,0.007434,0.308369,0.011504,0.118013,0.002897
AATTATACCCAGCAAG-1,0.00001,0.007565,0.018636,0.006524,0.002278,0.103573,0.042992,0.002662,0.721144,0.094617
AATTCATAAGGGATCT-1,0.000032,0.000032,0.000032,0.000917,0.218904,0.253585,0.526401,0.000032,0.000032,0.000032
AATTCATTGTCATGCA-1,0.000037,0.093904,0.000037,0.054997,0.420683,0.004541,0.002191,0.088642,0.01797,0.317
AATTCCAACTTGGTGA-1,0.000063,0.078462,0.054503,0.088683,0.21169,0.00578,0.560632,0.000063,0.000063,0.000063
AATTCCAAGCATGTAC-1,0.00004,0.029599,0.020912,0.024912,0.257371,0.002566,0.561268,0.00004,0.00004,0.103253
AATTCGATTCGAGGAT-1,0.000064,0.000064,0.068185,0.140536,0.189961,0.151099,0.336118,0.05043,0.01635,0.047193
AATTCTAGAGTTAGGC-1,0.000079,0.017313,0.000079,0.000079,0.548717,0.000079,0.350167,0.000079,0.083331,0.000079
AATTGAACGCTCTGGT-1,0.000054,0.000054,0.000054,0.256345,0.241495,0.275098,0.171383,0.000054,0.055412,0.000054
AATTGCAGCAATCGAC-1,0.000027,0.057393,0.163675,0.024258,0.545685,0.03215,0.14637,0.000027,0.022881,0.007533
AATTGCGTGGATTACA-1,0.000036,0.094728,0.081549,0.201581,0.333035,0.000036,0.000072,0.093604,0.002801,0.192559
AATTGTGGTTGCCAAA-1,0.000032,0.884099,0.000032,0.115582,0.000064,0.000032,0.000064,0.000032,0.000032,0.000032
AATTTGGGACATAGTA-1,0.000063,0.000063,0.000063,0.053083,0.71358,0.000063,0.107932,0.001643,0.123445,0.000063
AATTTGGTTCCAAAGA-1,0.000043,0.000043,0.028409,0.044391,0.373514,0.061126,0.487419,0.000043,0.004967,0.000043
ACAAACCATGCGTCCT-1,0.000037,0.006116,0.014779,0.054526,0.726925,0.000439,0.000073,0.071683,0.000037,0.125384
ACAAACCGACAAGGCG-1,0.000057,0.000057,0.092285,0.238328,0.651975,0.000057,0.002317,0.000057,0.000057,0.014811
ACAAACTCCATCAGAG-1,0.000053,0.000053,0.464116,0.060871,0.000106,0.000053,0.000106,0.000053,0.000053,0.474535
ACAAAGAAGGTAGGCC-1,0.000053,0.043312,0.000053,0.179755,0.563051,0.004462,0.005668,0.022326,0.082622,0.098698
ACAAAGCATGACCTAG-1,0.000019,0.000019,0.088862,0.001821,0.419821,0.107139,0.292684,0.003189,0.06541,0.021035
ACAAATCGCACCGAAT-1,0.000034,0.000034,0.000034,0.006054,0.558506,0.04881,0.273567,0.078432,0.034496,0.000034
ACAAATGGTAGTGTTT-1,0.00005,0.00005,0.00005,0.220083,0.44719,0.156691,0.167976,0.00418,0.003677,0.00005
ACAAATTCAGATCTGA-1,0.000047,0.000047,0.001083,0.000047,0.520721,0.018656,0.284677,0.000047,0.169896,0.004781
ACAACAGCATGAGCTA-1,0.000025,0.000025,0.000025,0.000025,0.0189,0.013888,0.909539,0.000025,0.057523,0.000025
ACAACGGTCCCTGCGA-1,0.000212,0.144,0.068148,0.349644,0.02682,0.000212,0.410328,0.000212,0.000212,0.000212
ACAAGCAGTGCCTAGC-1,0.000177,0.000177,0.294217,0.5895,0.114868,0.000177,0.000354,0.000177,0.000177,0.000177
ACAAGCTATATGGAAG-1,0.000055,0.038429,0.000055,0.001891,0.503219,0.086842,0.170602,0.017964,0.076604,0.104337
ACAAGGAAATCCGCCC-1,0.000052,0.042954,0.000052,0.000052,0.884583,0.000052,0.0716,0.000052,0.000052,0.000551
ACAAGGACAAGAGGTT-1,0.000089,0.000089,0.000089,0.706433,0.095977,0.000089,0.196964,0.000089,0.000089,0.000089
ACAAGGATGCTTTAGG-1,0.000038,0.003856,0.010209,0.262742,0.063037,0.209729,0.250788,0.000281,0.000038,0.199283
ACAAGGCCTACCAGCC-1,0.000091,0.000091,0.000091,0.138364,0.654367,0.000091,0.000183,0.000461,0.000091,0.206168
ACAAGGGCAGGCTCTG-1,0.000054,0.000054,0.000054,0.019775,0.662995,0.076689,0.213402,0.000054,0.026868,0.000054
ACAAGTAATTGTAAGG-1,0.000032,0.000032,0.000032,0.2664,0.018904,0.000032,0.000064,0.010046,0.289203,0.415257
ACAATAGTCGTACGTT-1,0.000156,0.000156,0.000156,0.784286,0.214312,0.000156,0.000312,0.000156,0.000156,0.000156
ACAATCCATTTAAACC-1,0.000101,0.053563,0.093552,0.443327,0.179024,0.000704,0.229425,0.000101,0.000101,0.000101
ACAATCGATCTTTATA-1,0.000098,0.000098,0.000098,0.759033,0.018114,0.122368,0.099894,0.000098,0.000098,0.000098
ACAATGAATACGGAGA-1,0.000166,0.000166,0.000166,0.601803,0.396699,0.000166,0.000333,0.000166,0.000166,0.000166
ACAATGATTCTTCTAC-1,0.000079,0.022423,0.01678,0.189178,0.41674,0.065024,0.084435,0.102839,0.000079,0.102422
ACAATTGTGTCTCTTT-1,0.000029,0.039468,0.069515,0.182577,0.087548,0.222098,0.36512,0.005692,0.023177,0.004776
ACAATTTAGGAGGCTC-1,0.000072,0.009334,0.069034,0.018753,0.848318,0.004324,0.004162,0.000072,0.000072,0.045861
ACAATTTGAGCAGTGG-1,0.000059,0.000059,0.058744,0.191531,0.355489,0.188904,0.204727,0.00037,0.000059,0.000059
ACAATTTGGCCATATT-1,0.000049,0.661167,0.000595,0.197124,0.09438,0.046436,0.000099,0.000049,0.000049,0.000049
ACACAAAGACGGGTGG-1,0.000103,0.000103,0.000103,0.189706,0.727533,0.000103,0.082043,0.000103,0.000103,0.000103
ACACAAATATTCCTAG-1,0.00002,0.045159,0.088422,0.014659,0.171335,0.20182,0.227889,0.16394,0.062725,0.02403
ACACACCAGGACCAGT-1,0.000029,0.011777,0.000029,0.000029,0.055608,0.483995,0.42277,0.000029,0.025706,0.000029
ACACACTTTCTACACG-1,0.000076,0.000076,0.000076,0.000076,0.442897,0.008574,0.547995,0.000076,0.000076,0.000076
ACACATGATCAAATCT-1,0.000047,0.000047,0.000047,0.051729,0.632639,0.000047,0.003938,0.020244,0.012552,0.27871
ACACATTGACGCAACA-1,0.000119,0.000119,0.000119,0.672785,0.027184,0.297118,0.002198,0.000119,0.000119,0.000119
ACACATTTCCGTAGAC-1,0.000055,0.000055,0.000055,0.051662,0.188243,0.000055,0.103875,0.016732,0.281663,0.357605
ACACCACATAATTAGC-1,0.00002,0.012552,0.00002,0.03139,0.086877,0.095042,0.64889,0.00213,0.068044,0.055036
ACACCCAGCATGCAGC-1,0.000083,0.000083,0.000083,0.013841,0.358037,0.008904,0.618721,0.000083,0.000083,0.000083
ACACCCGAGAAATCCG-1,0.000169,0.000169,0.000169,0.998144,0.000337,0.000169,0.000337,0.000169,0.000169,0.000169
ACACCCGTAAATCTGT-1,0.000034,0.00058,0.052644,0.697361,0.087606,0.000034,0.051508,0.000034,0.012135,0.098064
ACACCGAGCGCTCTTT-1,0.000069,0.000069,0.068243,0.051893,0.50212,0.000069,0.377328,0.000069,0.000069,0.000069
ACACCGGTCTGACCGC-1,0.000036,0.000036,0.000036,0.03721,0.432091,0.008489,0.073726,0.115003,0.038174,0.295199
ACACCTTAAGTAGGGC-1,0.000193,0.000193,0.000193,0.619558,0.180465,0.000193,0.198623,0.000193,0.000193,0.000193
ACACCTTACTACTTGC-1,0.000049,0.275431,0.00571,0.287353,0.173731,0.098236,0.159345,0.000049,0.000049,0.000049
ACACGAGACTCCTTCT-1,0.000039,0.111001,0.03483,0.007747,0.130214,0.044783,0.661847,0.009181,0.000039,0.00032
ACACGGCACTATGCAT-1,0.000089,0.000089,0.000089,0.029154,0.743248,0.000089,0.226978,0.000089,0.000089,0.000089
ACACGGGAACTTAGGG-1,0.000106,0.000106,0.000106,0.003463,0.995579,0.000106,0.000213,0.000106,0.000106,0.000106
ACACGTAGGCCACAAG-1,0.000036,0.294476,0.000036,0.025519,0.000072,0.219023,0.328345,0.050844,0.046841,0.034807
ACACTCCAATGTCACT-1,0.00026,0.00026,0.00026,0.942551,0.055105,0.00026,0.000521,0.00026,0.00026,0.00026
ACACTGATCAAGGTGT-1,0.000123,0.000123,0.000123,0.294745,0.581687,0.05895,0.063883,0.000123,0.000123,0.000123
ACACTGGGACAGTCGT-1,0.000038,0.767311,0.000038,0.185684,0.000075,0.007314,0.038505,0.000038,0.000038,0.00096
ACAGAACTGAGAACAA-1,0.000078,0.030496,0.000078,0.955031,0.000157,0.000078,0.000157,0.000078,0.000078,0.013768
ACAGATTAGGTTAGTG-1,0.00011,0.00011,0.012948,0.00011,0.809652,0.00654,0.170203,0.00011,0.00011,0.00011
ACAGCATAGAGCCAGT-1,0.000126,0.000126,0.031326,0.026857,0.935643,0.000126,0.005417,0.000126,0.000126,0.000126
ACAGCGACATTCTCAT-1,0.000035,0.057134,0.000035,0.001517,0.311939,0.134339,0.400259,0.01178,0.04744,0.035521
ACAGCGCACCCGCAGC-1,0.000033,0.000033,0.000033,0.000033,0.134333,0.001993,0.851519,0.000033,0.011954,0.000033
ACAGGAGGCGCAGCCG-1,0.000156,0.065391,0.000156,0.58718,0.032386,0.000156,0.314105,0.000156,0.000156,0.000156
ACAGGCACGGATCCTT-1,0.000029,0.100301,0.050933,0.451689,0.005314,0.058251,0.029074,0.19213,0.002191,0.110088
ACAGGCTTGCCCGACT-1,0.000028,0.000028,0.000028,0.005636,0.187027,0.389576,0.314431,0.080643,0.000028,0.022575
ACAGGTGGAGGTGAGG-1,0.000165,0.000165,0.000165,0.811905,0.186607,0.000165,0.000331,0.000165,0.000165,0.000165
ACAGGTGTGTTGTTGC-1,0.00004,0.066564,0.00004,0.098554,0.231364,0.113689,0.250462,0.012707,0.022743,0.203837
ACAGTAATACAACTTG-1,0.000028,0.000028,0.000028,0.010558,0.289293,0.000028,0.527369,0.000028,0.000951,0.171689
ACAGTATACCGTGGGA-1,0.000044,0.000044,0.000044,0.134226,0.21427,0.192345,0.316925,0.053732,0.088329,0.000044
ACAGTGCAGCGCATTT-1,0.000078,0.001049,0.000078,0.705417,0.091135,0.083024,0.000157,0.013338,0.000078,0.105645
ACATAAGTCGTGGTGA-1,0.000037,0.000037,0.000037,0.087393,0.269373,0.093845,0.110495,0.049536,0.004,0.385248
ACATAATAAGGCGGTG-1,0.000098,0.000098,0.000098,0.111376,0.724135,0.103013,0.060889,0.000098,0.000098,0.000098
ACATACAATCAAGCGG-1,0.000009,0.000009,0.001627,0.070943,0.000017,0.015989,0.479689,0.000253,0.404965,0.0265
ACATCAGCTGGGACGC-1,0.000048,0.000048,0.101129,0.180447,0.30604,0.000048,0.412095,0.000048,0.000048,0.000048
ACATCCCGGCCATACG-1,0.000113,0.000113,0.000113,0.195098,0.753986,0.050009,0.000227,0.000113,0.000113,0.000113
ACATCCTGGTAACTGT-1,0.000024,0.146954,0.061725,0.009324,0.063532,0.146642,0.538862,0.000024,0.024567,0.008345
ACATCGATCGTTTACC-1,0.000057,0.000057,0.031672,0.010679,0.168076,0.000057,0.763872,0.000057,0.025414,0.000057
ACATCGCAATATTCGG-1,0.000029,0.000029,0.000029,0.022366,0.000058,0.000029,0.00221,0.142817,0.423138,0.409295
ACATCGGTCAGCCGCG-1,0.000124,0.000124,0.052253,0.336187,0.610567,0.000124,0.000248,0.000124,0.000124,0.000124
ACATCGTATGCAATGG-1,0.000065,0.000065,0.005996,0.023738,0.79657,0.05146,0.115848,0.000065,0.006127,0.000065
