Barcode,Topic 1to3,Topic 4,Topic 5,Topic 6,Topic 7to13
AAACAACGAATAGTTC-1,0.301901,0.042174,0.000763,0.000018,0.655144
AAACAAGTATCTCCCA-1,0.700676,0.002037,0.000043,0.028701,0.268543
AAACAATCTACTAGCA-1,0.55427,0.109956,0.100269,0.083908,0.151597
AAACACCAATAACTGC-1,0.28641,0.138874,0.064407,0.024899,0.48541
AAACAGAGCGACTCCT-1,0.322932,0.014138,0.006793,0.087315,0.568821
AAACAGCTTTCAGAAG-1,0.692175,0.000029,0.019468,0.08328,0.205048
AAACAGGGTCTATATT-1,0.571495,0.000027,0.035767,0.034777,0.357935
AAACAGTGTTCCTGGG-1,0.656267,0.02464,0.174621,0.047733,0.096739
AAACATGGTGAGAGGA-1,0.41307,0.016881,0.000026,0.059313,0.51071
AAACATTTCCCGGATT-1,0.579282,0.019521,0.000049,0.000049,0.4011
AAACCACTACACAGAT-1,0.501588,0.084479,0.122137,0.020863,0.270934
AAACCCGAACGAAATC-1,0.247163,0.407871,0.000025,0.252241,0.0927
AAACCGGAAATGTTAA-1,0.063132,0.341342,0.03129,0.000014,0.564222
AAACCGGGTAGGTACC-1,0.300855,0.000026,0.049066,0.082514,0.567539
AAACCGTTCGTCCAGG-1,0.000209,0.00007,0.999165,0.00007,0.000487
AAACCTAAGCAGCCGG-1,0.419617,0.063982,0.000024,0.004264,0.512113
AAACCTCATGAAGTTG-1,0.603359,0.000034,0.000034,0.083272,0.3133
AAACGAAGAACATACC-1,0.747685,0.000043,0.018544,0.105842,0.127886
AAACGAAGATGGAGTA-1,0.001639,0.00001,0.00001,0.00001,0.99833
AAACGACAGTCTTGCC-1,0.549968,0.173523,0.00003,0.212314,0.064165
AAACGAGACGGTTGAT-1,0.391913,0.022211,0.001735,0.00004,0.584101
AAACGCCCGAGATCGG-1,0.000023,0.000008,0.000008,0.130592,0.869369
AAACGCTGGGCACGAC-1,0.560225,0.43383,0.005197,0.000016,0.000732
AAACGGGCGTACGGGT-1,0.442017,0.000029,0.000029,0.000029,0.557894
AAACGGGTTGGTATCC-1,0.325674,0.000019,0.000019,0.000019,0.67427
AAACGGTTGCGAACTG-1,0.524621,0.005667,0.000044,0.000044,0.469623
AAACGTGTTCGCCCTA-1,0.056851,0.090674,0.083785,0.049178,0.719512
AAACTAACGTGGCGAC-1,0.215751,0.145762,0.000025,0.154904,0.483557
AAACTCGGTTCGCAAT-1,0.609194,0.000051,0.000051,0.000051,0.390654
AAACTCGTGATATAAG-1,0.769478,0.213452,0.016565,0.000063,0.000442
AAACTGCTGGCTCCAA-1,0.48585,0.00003,0.12244,0.219409,0.172271
AAACTTAATTGCACGC-1,0.154109,0.000016,0.000016,0.01431,0.83155
AAACTTGCAAACGTAT-1,0.397015,0.000032,0.212517,0.156318,0.234118
AAAGAATGACCTTAGA-1,0.243889,0.011967,0.000016,0.014354,0.729774
AAAGAATGTGGACTAA-1,0.48284,0.127848,0.000058,0.201931,0.187324
AAAGACATGAAGTTTA-1,0.462579,0.094774,0.106199,0.154225,0.182223
AAAGACCCAAGTCGCG-1,0.401965,0.155915,0.081698,0.000047,0.360375
AAAGACTGGGCGCTTT-1,0.29578,0.000026,0.000026,0.052543,0.651625
AAAGCTTGCCTACATA-1,0.440088,0.271761,0.000025,0.000254,0.287873
AAAGGCCCTATAATAC-1,0.849176,0.000046,0.037345,0.003481,0.109953
AAAGGCTACGGACCAT-1,0.20674,0.000021,0.019856,0.112523,0.66086
AAAGGCTCTCGCGCCG-1,0.003592,0.000012,0.004811,0.000012,0.991573
AAAGGGATGTAGCAAG-1,0.623664,0.000046,0.152107,0.000046,0.224136
AAAGGGCAGCTTGAAT-1,0.330315,0.000031,0.000031,0.050203,0.619419
AAAGGTAAGCTGTACC-1,0.619293,0.081216,0.030571,0.002903,0.266016
AAAGTAGCATTGCTCA-1,0.048609,0.000016,0.056722,0.054759,0.839894
AAAGTCACTGATGTAA-1,0.999021,0.000098,0.000098,0.000098,0.000685
AAAGTCGACCCTCAGT-1,0.59494,0.000035,0.003706,0.106752,0.294567
AAAGTGCCATCAATTA-1,0.122203,0.604991,0.000427,0.27218,0.000201
AAAGTGTGATTTATCT-1,0.704173,0.011313,0.051553,0.000056,0.232904
AAAGTTGACTCCCGTA-1,0.722047,0.000063,0.104163,0.053606,0.120121
AAATAACCATACGGGA-1,0.892611,0.041672,0.00008,0.00008,0.065557
AAATAAGGTAGTGCCC-1,0.513106,0.131816,0.000049,0.354686,0.000343
AAATACCTATAAGCAT-1,0.296523,0.149563,0.115164,0.160122,0.278628
AAATAGCTTAGACTTT-1,0.805651,0.184228,0.000042,0.009784,0.000295
AAATAGGGTGCTATTG-1,0.40735,0.016429,0.00004,0.014905,0.561275
AAATCCGATACACGCC-1,0.510438,0.000032,0.000032,0.097735,0.391763
AAATCGCGGAAGGAGT-1,0.201632,0.091147,0.013509,0.135842,0.55787
AAATCGTGTACCACAA-1,0.175496,0.00003,0.017673,0.11643,0.690371
AAATCTAGCCCTGCTA-1,0.555866,0.036725,0.050324,0.000034,0.357051
AAATCTGCCCGCGTCC-1,0.043055,0.000008,0.003018,0.375316,0.578602
AAATGACTGATCAAAC-1,0.682547,0.103831,0.000037,0.024518,0.189067
AAATGATTCGATCAGC-1,0.276935,0.464807,0.091271,0.065207,0.10178
AAATGCTCGTTACGTT-1,0.787798,0.000054,0.000054,0.000054,0.21204
AAATGGCATGTCTTGT-1,0.973589,0.000089,0.025611,0.000089,0.000623
AAATGGCCCGTGCCCT-1,0.720843,0.033109,0.000401,0.008826,0.236821
AAATGGTCAATGTGCC-1,0.88688,0.000088,0.112329,0.000088,0.000615
AAATGTATCTTATCCC-1,0.111997,0.000018,0.000359,0.125482,0.762144
AAATGTGGGTGCTCCT-1,0.331853,0.000022,0.000022,0.024138,0.643966
AAATTAACGGGTAGCT-1,0.22837,0.01405,0.059519,0.026001,0.67206
AAATTAATAAGCGCGA-1,0.282728,0.009614,0.004926,0.194037,0.508695
AAATTACACGACTCTG-1,0.330254,0.017022,0.162781,0.334533,0.15541
AAATTACCTATCGATG-1,0.696914,0.02854,0.000045,0.000045,0.274456
AAATTCCAGGTCCAAA-1,0.534851,0.059833,0.00908,0.395949,0.000287
AAATTGATAGTCCTTT-1,0.83543,0.000061,0.000061,0.000061,0.164387
AAATTGCGGCGGTTCT-1,0.589902,0.00004,0.00004,0.00004,0.409978
AAATTGGTGAGAAGCA-1,0.231289,0.422911,0.066383,0.006907,0.27251
AAATTTACCGAAATCC-1,0.366876,0.057792,0.2564,0.146842,0.17209
AAATTTGCGGGTGTGG-1,0.517688,0.000033,0.012384,0.008709,0.461187
AACAACTGGTAGTTGC-1,0.410641,0.23647,0.038007,0.000108,0.314773
AACAATACATTGTCGA-1,0.862326,0.050351,0.03886,0.006419,0.042044
AACAATTACTCTACGC-1,0.422609,0.017851,0.00005,0.084614,0.474875
AACACACGCTCGCCGC-1,0.537177,0.001741,0.061568,0.000039,0.399475
AACACGACTGTACTGA-1,0.971002,0.000098,0.000098,0.000098,0.028703
AACACGAGACGCGGCC-1,0.18805,0.006422,0.00134,0.020769,0.783419
AACACGCGGCCGCGAA-1,0.849937,0.055544,0.000053,0.013947,0.080519
AACAGCTGTGTGGCAA-1,0.390688,0.000028,0.038497,0.006449,0.564338
AACAGGAAATCGAATA-1,0.727159,0.005491,0.000054,0.000054,0.267241
AACAGGATGGGCCGCG-1,0.496834,0.000035,0.000035,0.000035,0.503063
AACAGGTAGTATGGAT-1,0.018832,0.132599,0.00001,0.008238,0.840321
AACATAGCGTGTATCG-1,0.235606,0.065797,0.548041,0.065737,0.08482
AACATATCAACTGGTG-1,0.572785,0.006573,0.291979,0.000063,0.128601
AACATCGATACGTCTA-1,0.813752,0.185869,0.000042,0.000042,0.000295
AACATTGAAGTTGATC-1,0.630865,0.00006,0.165758,0.01598,0.187337
AACATTGGTCAGCCGT-1,0.43722,0.053583,0.15793,0.000028,0.351239
AACATTGTGACTCGAG-1,0.34464,0.000024,0.027329,0.021844,0.606163
AACCAAGACTTCTCTG-1,0.566995,0.004837,0.248401,0.007413,0.172355
AACCAGTATCACTCTT-1,0.785265,0.094784,0.000099,0.001925,0.117927
AACCATAGGGTTGAAC-1,0.004507,0.000007,0.003722,0.002915,0.988849
AACCATGGGATCGCTA-1,0.237226,0.000033,0.000033,0.000033,0.762674
AACCCAGAGACGGAGA-1,0.942383,0.000114,0.054737,0.000114,0.002652
AACCCATCCCATGATC-1,0.219013,0.034211,0.383401,0.132539,0.230838
AACCCGACAACCCGTG-1,0.865481,0.012609,0.121453,0.000057,0.0004
AACCCGAGCAGAATCG-1,0.499682,0.114635,0.008367,0.066617,0.310699
AACCCGATAGGGCTTC-1,0.482694,0.471206,0.000025,0.012337,0.033738
AACCCGCTGTATTCCA-1,0.045124,0.199286,0.000021,0.007823,0.747746
AACCCTACTGTCAATA-1,0.032577,0.000014,0.003095,0.002971,0.961343
AACCCTGGTGGAACCA-1,0.833006,0.000053,0.098214,0.000053,0.068673
AACCGAGCTTGGTCAT-1,0.595748,0.00005,0.034906,0.00005,0.369247
AACCGCTAAGGGATGC-1,0.232917,0.045236,0.000021,0.000021,0.721805
AACCGTTGTGTTTGCT-1,0.484841,0.000061,0.006362,0.000061,0.508674
AACCTAAAGCCGTCCG-1,0.659449,0.001768,0.000036,0.046768,0.29198
AACCTCGCTTTAGCCC-1,0.403373,0.000032,0.000032,0.000032,0.596531
AACCTGTCACGGAATT-1,0.107783,0.115092,0.010756,0.173902,0.592466
AACCTTTAAATACGGT-1,0.611016,0.00008,0.00008,0.129677,0.259147
AACCTTTACGACGTCT-1,0.440564,0.015899,0.000052,0.000052,0.543432
AACGAAAGTCGTCCCA-1,0.083974,0.000015,0.005961,0.006764,0.903286
AACGACCTCCTAGCCG-1,0.347563,0.478693,0.001119,0.072189,0.100436
AACGATAATGCCGTAG-1,0.224897,0.014933,0.003776,0.068073,0.688322
AACGATAGAAGGGCCG-1,0.314055,0.000025,0.000025,0.000025,0.685868
AACGATATGTCAACTG-1,0.758035,0.000054,0.081048,0.013299,0.147564
AACGCATGATCTGGGT-1,0.746627,0.224441,0.000061,0.000061,0.028812
AACGCGAACGGCAACA-1,0.194723,0.000026,0.000026,0.000026,0.805199
AACGCGACCTTGGGCG-1,0.209365,0.000032,0.000032,0.058307,0.732265
AACGCGGTCTCCAGCC-1,0.850372,0.00008,0.00008,0.017605,0.131864
AACGCTGTTGCTGAAA-1,0.518709,0.000091,0.025132,0.14855,0.307519
AACGGACGTACGTATA-1,0.702838,0.000046,0.006339,0.000046,0.290731
AACGGCCATCTCCGGT-1,0.928376,0.000069,0.070832,0.000069,0.000653
AACGTACTGTGGGTAC-1,0.448683,0.140216,0.250546,0.097258,0.063297
AACGTAGTCTACCCAT-1,0.776223,0.067286,0.074922,0.000075,0.081494
AACGTCAGACTAGTGG-1,0.749482,0.028208,0.192288,0.00011,0.029912
AACGTCATCCGGCTTG-1,0.218188,0.056093,0.00003,0.152366,0.573323
AACGTCGCTGCACTTC-1,0.760585,0.046291,0.002167,0.149902,0.041054
AACGTGATGAAGGACA-1,0.605605,0.008049,0.000068,0.000068,0.386209
AACGTGCGAAAGTCTC-1,0.757172,0.000036,0.08875,0.023549,0.130493
AACGTTATCAGCACCT-1,0.157097,0.000031,0.000031,0.04271,0.800132
AACGTTCTACCATTGT-1,0.159861,0.839812,0.000036,0.000036,0.000255
AACTACCCGTTTGTCA-1,0.725903,0.070456,0.000041,0.126542,0.077058
AACTAGCGTATCGCAC-1,0.903797,0.055688,0.0001,0.0001,0.040315
AACTAGGCTTGGGTGT-1,0.785914,0.000077,0.000077,0.000077,0.213854
AACTCAAGTTAATTGC-1,0.689873,0.000082,0.10634,0.000082,0.203623
AACTCCAGAGCGTGTT-1,0.479294,0.030809,0.000048,0.000048,0.4898
AACTCCTAATCCCATG-1,0.235582,0.042484,0.019564,0.033285,0.669085
AACTCGATAAACACGT-1,0.00002,0.000007,0.000007,0.000007,0.999959
AACTCGATGGCGCAGT-1,0.001054,0.000016,0.000016,0.000016,0.998897
AACTCTCAATAGAGCG-1,0.934407,0.064834,0.000084,0.000084,0.00059
AACTCTCAGTGTGCTC-1,0.340089,0.000117,0.556594,0.000117,0.103083
AACTGAGGTCAGCGTC-1,0.217874,0.10477,0.000028,0.173723,0.503606
AACTGAGTTATACTGA-1,0.010839,0.376121,0.000037,0.509332,0.103671
AACTGATATTAGGCCT-1,0.939889,0.000077,0.000077,0.034006,0.025951
AACTGGGTCCCGACGT-1,0.807074,0.00006,0.02615,0.00006,0.166657
AACTGGGTTCGAGCCG-1,0.722551,0.000055,0.006699,0.264104,0.006591
AACTGGTGTGGGCCTT-1,0.873721,0.000089,0.000089,0.000089,0.126013
AACTTCTGCGTCTATC-1,0.299004,0.000038,0.000038,0.000038,0.700884
AACTTGCCCGTATGCA-1,0.222677,0.000044,0.000837,0.084007,0.692435
AACTTGCGTTCTCGCG-1,0.458316,0.000055,0.153533,0.000055,0.388041
AACTTTACGGGAGCTT-1,0.195707,0.016972,0.008263,0.032873,0.746185
AACTTTAGCTGCTGAG-1,0.90228,0.001822,0.059906,0.000089,0.035903
AACTTTCTCGATCATG-1,0.396824,0.602826,0.000039,0.000039,0.000272
AAGAAAGTTTGATGGG-1,0.610556,0.043838,0.055615,0.000028,0.289963
AAGAAATCACCAGATT-1,0.001127,0.315424,0.000011,0.521026,0.162412
AAGAAGGATCAGTTAG-1,0.313662,0.000052,0.153713,0.000052,0.532521
AAGACATACGTGGTTT-1,0.154561,0.060323,0.018518,0.030236,0.736362
AAGACCAAATAACTCA-1,0.472425,0.012066,0.07955,0.021738,0.41422
AAGACCCAACTGAACA-1,0.265244,0.000018,0.00453,0.055377,0.674831
AAGACTAACCCGTTGT-1,0.000023,0.000008,0.000008,0.025735,0.974226
AAGACTCACGCCCACT-1,0.797938,0.007496,0.000042,0.079621,0.114904
AAGACTGCAAGCTACT-1,0.660556,0.000031,0.006705,0.000031,0.332678
AAGAGATGAATCGGTA-1,0.335058,0.015685,0.425852,0.000042,0.223363
AAGAGCTCTTTATCGG-1,0.29687,0.012282,0.000038,0.038017,0.652792
AAGAGGATGTACGCGA-1,0.425291,0.000038,0.079515,0.000038,0.495119
AAGAGGCATGGATCGC-1,0.707191,0.000049,0.035233,0.000049,0.257479
AAGAGGCCCTTTGGAA-1,0.704044,0.000019,0.102213,0.076047,0.117677
AAGATGGCACCGGACC-1,0.426779,0.063443,0.285088,0.004267,0.220422
AAGATTGGCGGAACGT-1,0.844842,0.023768,0.000071,0.041264,0.090056
AAGCACCCTGCGTATC-1,0.706131,0.000064,0.000064,0.000348,0.293394
AAGCATACTCTCCTGA-1,0.261123,0.052755,0.028614,0.029939,0.627569
AAGCCACTTGCAGGTA-1,0.165302,0.001701,0.017424,0.195321,0.620252
AAGCCGAAGCGGTTTA-1,0.435881,0.156865,0.000042,0.010719,0.396494
AAGCCGCCGTGAAATC-1,0.515061,0.000026,0.000026,0.000026,0.48486
AAGCCGCTTTACCTTG-1,0.016923,0.3634,0.000012,0.000347,0.619319
AAGCCGGAGAGCAGGA-1,0.051385,0.4045,0.543916,0.000025,0.000175
AAGCGCAGGGCTTTGA-1,0.21018,0.000032,0.000032,0.000032,0.789724
AAGCGGAGTGCGCGCA-1,0.109691,0.569172,0.021592,0.000014,0.299532
AAGCGGCGTCATGGGT-1,0.536584,0.064445,0.000062,0.017662,0.381248
AAGCGTCCCTCATCGA-1,0.21848,0.000033,0.004773,0.100273,0.676442
AAGCTAGATCGAGTAA-1,0.526524,0.017341,0.025116,0.240095,0.190924
AAGCTATGGATTGACC-1,0.018228,0.02501,0.048227,0.115979,0.792557
AAGCTCGTGCCAAGTC-1,0.823559,0.006027,0.00006,0.00006,0.170293
AAGCTCTTTCATGGTG-1,0.334252,0.000048,0.000048,0.000048,0.665603
AAGGAGAACTTATAAG-1,0.782464,0.00023,0.001009,0.013538,0.202759
AAGGAGCGGTTGGTGC-1,0.491234,0.003239,0.05271,0.045276,0.407541
AAGGATCGATCGCTTG-1,0.855622,0.117139,0.00006,0.00006,0.027119
AAGGATGAGGGACCTC-1,0.730938,0.000039,0.065981,0.000039,0.203005
AAGGCAGGCTGTCTCC-1,0.684342,0.224108,0.000049,0.002388,0.089114
AAGGCGCGTAAAGCTT-1,0.963084,0.00009,0.00009,0.00009,0.036645
AAGGCTGTGCTCATCG-1,0.919205,0.000078,0.073413,0.000078,0.007226
AAGGGAACGACTGGCT-1,0.548476,0.000028,0.058962,0.000028,0.392506
AAGGGACAGATTCTGT-1,0.839537,0.003145,0.028329,0.000078,0.128911
AAGGGACTATGCATTC-1,0.352296,0.000027,0.000143,0.026443,0.621092
AAGGGTTAGCCATGCG-1,0.478729,0.328372,0.031809,0.152477,0.008613
AAGGGTTTGATTTCAG-1,0.140557,0.036945,0.029901,0.298001,0.494595
AAGGTATCCTAATATA-1,0.843614,0.028529,0.000064,0.034679,0.093114
AAGGTGATAAACCAGC-1,0.188292,0.00002,0.047664,0.020565,0.743459
AAGTAAGCTTCCAAAC-1,0.475746,0.191966,0.108661,0.17087,0.052757
AAGTAGAAGACCGGGT-1,0.854275,0.00009,0.144915,0.00009,0.00063
AAGTAGTGACGCGAGG-1,0.267177,0.000034,0.039639,0.026709,0.666441
AAGTCAATTGTCGTCA-1,0.679183,0.022473,0.000059,0.000059,0.298227
AAGTCTAGTAGCTGCC-1,0.369544,0.629307,0.000024,0.000024,0.001101
AAGTCTTCTGTGGCCT-1,0.241884,0.014768,0.000023,0.192614,0.550711
AAGTGACGACCGAATT-1,0.172028,0.000028,0.014909,0.196046,0.616989
AAGTGAGTCGGGTTTA-1,0.475651,0.000058,0.000058,0.000058,0.524174
AAGTGCAAAGGTAGAC-1,0.598599,0.000036,0.000036,0.036573,0.364755
AAGTGCCTTGACTGTA-1,0.449414,0.037009,0.10935,0.010471,0.393755
AAGTGCGTTAGAATCT-1,0.078786,0.000015,0.008489,0.001985,0.910725
AAGTGCTTCTCTATTG-1,0.803043,0.034128,0.117672,0.000092,0.045066
AAGTGTTTGGAGACGG-1,0.870842,0.00006,0.00006,0.00006,0.128976
AAGTTCACTCCAAGCT-1,0.663562,0.000083,0.012699,0.15796,0.165696
AAGTTCAGTCTGCGTA-1,0.851277,0.057711,0.090613,0.00005,0.000349
AAGTTCGGCCAACAGG-1,0.121958,0.004972,0.016287,0.008103,0.84868
AAGTTGTGATGTTATA-1,0.421133,0.071159,0.000049,0.100396,0.407263
AAGTTTACTAATGGCA-1,0.804355,0.000045,0.000045,0.014444,0.181112
AAGTTTATGGGCCCAA-1,0.107554,0.000021,0.01055,0.000021,0.881853
AATAACAACGCTCGGC-1,0.004043,0.000013,0.000013,0.01399,0.981942
AATAACACTAGAACAA-1,0.817823,0.000031,0.118484,0.063443,0.000218
AATAACGTCGCGCCCA-1,0.747558,0.176127,0.000023,0.031851,0.044441
AATAAGTCCTCGAGAC-1,0.950297,0.000051,0.043567,0.005724,0.00036
AATAATCTTCGTATCG-1,0.375329,0.168538,0.061163,0.134391,0.260579
AATACAATGTTTCAGG-1,0.595893,0.000056,0.003138,0.088638,0.312274
AATACCGGAGGGCTGT-1,0.817999,0.000064,0.14914,0.000064,0.032734
AATACCTGATGTGAAC-1,0.606304,0.099149,0.011791,0.019073,0.263684
AATAGAACAGAGTGGC-1,0.828579,0.000063,0.124802,0.04611,0.000445
AATAGAATCTGTTTCA-1,0.364924,0.011278,0.116651,0.000028,0.507119
AATAGCAAGCCTCCTG-1,0.201209,0.052986,0.00002,0.140511,0.605274
AATAGCTACCGCGTGC-1,0.848693,0.150675,0.00007,0.00007,0.000491
AATAGGCACGACCCTT-1,0.411567,0.119506,0.039252,0.357857,0.071818
AATAGTCCGTCCCGAC-1,0.065598,0.000027,0.059907,0.232936,0.641532
AATAGTCGCGAGTCGG-1,0.109676,0.000016,0.000016,0.000016,0.890275
AATATCAAGGTCGGAT-1,0.744029,0.034494,0.149899,0.00009,0.071487
AATATCCTAGCAAACT-1,0.007618,0.000007,0.104022,0.073776,0.814577
AATATCGAATCAATGC-1,0.311511,0.219224,0.000031,0.000031,0.469204
AATATCGAGGGTTCTC-1,0.928775,0.028393,0.000081,0.000081,0.042669
AATATTGGAGTATTGA-1,0.793855,0.000066,0.000066,0.012832,0.193181
AATCAGACTGCAGGAC-1,0.191615,0.000021,0.000021,0.054632,0.753711
AATCAGGTTTCATTTA-1,0.601788,0.000055,0.067117,0.002612,0.328427
AATCATGTAAAGACTC-1,0.08094,0.006724,0.000016,0.053041,0.859278
AATCCAAGGGCCTGAG-1,0.850875,0.000103,0.148195,0.000103,0.000723
AATCCATGCAAGGGTG-1,0.0324,0.000011,0.000011,0.000011,0.967566
AATCCCGCTCAGAGCC-1,0.313341,0.003965,0.013598,0.090027,0.579069
AATCGAGGTCTCAAGG-1,0.666988,0.003299,0.002527,0.176259,0.150926
AATCGCCTCAGCGCCA-1,0.654433,0.000053,0.042228,0.059261,0.244024
AATCGCGCAGAGGACT-1,0.754446,0.179733,0.000044,0.065472,0.000306
AATCGGGACACTACGA-1,0.311983,0.000051,0.035273,0.000051,0.652643
AATCGGTATAGCCCTC-1,0.548868,0.116013,0.136786,0.060654,0.137679
AATCGTGAGCCGAGCA-1,0.237411,0.000023,0.000723,0.015037,0.746806
AATCTAGGTTTACTTG-1,0.443992,0.052952,0.018791,0.125834,0.35843
AATCTATGCCGGAGCC-1,0.707427,0.094473,0.197527,0.000072,0.000501
AATCTCTACTGTGGTT-1,0.178586,0.000014,0.00318,0.066749,0.751471
AATCTGCGTTGGGACG-1,0.316261,0.000033,0.000033,0.000033,0.68364
AATCTGGCTTTCTAGT-1,0.514641,0.000029,0.21506,0.017863,0.252407
AATCTGGGTAGACCCT-1,0.612324,0.069591,0.00772,0.222448,0.087917
AATGACAGCAATGTCT-1,0.182706,0.000022,0.009583,0.104203,0.703486
AATGACGTAGGATGTC-1,0.912772,0.000054,0.016947,0.000054,0.070172
AATGACTGTCAGCCGG-1,0.940867,0.000095,0.058274,0.000095,0.000668
AATGAGTTCGCATATG-1,0.075578,0.094872,0.026891,0.000032,0.802628
AATGATGATACGCTAT-1,0.197636,0.000066,0.697272,0.000066,0.10496
AATGATGCGACTCCTG-1,0.611027,0.012488,0.093414,0.189446,0.093626
AATGCAACCGGGTACC-1,0.27959,0.000034,0.10108,0.136893,0.482402
AATGCACCAAGCAATG-1,0.77326,0.12488,0.058009,0.000064,0.043786
AATGGCCGCCAATGCG-1,0.778059,0.221709,0.000026,0.000026,0.00018
AATGGTCCACCGTTCA-1,0.285864,0.000046,0.180086,0.01796,0.516044
AATGGTTCTCACAAGC-1,0.912735,0.000103,0.086334,0.000103,0.000724
AATGTATGGCACTGTA-1,0.447988,0.000037,0.035205,0.278092,0.238678
AATGTGCCCGAGGTGT-1,0.227354,0.000026,0.007253,0.000026,0.76534
AATGTGCTAATCTGAG-1,0.377997,0.000032,0.014176,0.004987,0.602808
AATGTTAAGACCCTGA-1,0.309809,0.100303,0.126673,0.462461,0.000754
AATGTTGTCGTGAGAC-1,0.153652,0.156363,0.047663,0.172322,0.47
AATTAAAGGTCGGCGT-1,0.639965,0.000048,0.014334,0.097625,0.248027
AATTAACGGATTTCCA-1,0.446792,0.00004,0.025944,0.013919,0.513304
AATTACGAGACCCATC-1,0.530107,0.000047,0.000047,0.079352,0.390448
AATTACTCGTACGCTC-1,0.448941,0.002052,0.000039,0.000747,0.548221
AATTAGCGCTGCAGCG-1,0.168206,0.000024,0.029205,0.046042,0.756522
AATTATACCCAGCAAG-1,0.652817,0.101543,0.037126,0.025387,0.183128
AATTCATAAGGGATCT-1,0.524303,0.024638,0.017372,0.000056,0.433631
AATTCATTGTCATGCA-1,0.017117,0.000017,0.000017,0.213438,0.76941
AATTCCAACTTGGTGA-1,0.136449,0.000015,0.000015,0.000015,0.863507
AATTCCAAGCATGTAC-1,0.693307,0.000063,0.000063,0.000063,0.306503
AATTCGATTCGAGGAT-1,0.000835,0.000015,0.000015,0.000015,0.999121
AATTCTAGAGTTAGGC-1,0.201903,0.038165,0.066372,0.000037,0.693523
AATTGAACGCTCTGGT-1,0.546686,0.00067,0.010378,0.001019,0.441247
AATTGCAGCAATCGAC-1,0.542184,0.054283,0.000063,0.228515,0.174955
AATTGCGTGGATTACA-1,0.000025,0.000008,0.014946,0.136016,0.849006
AATTGTGGTTGCCAAA-1,0.283882,0.173719,0.000024,0.237967,0.304408
AATTTGGGACATAGTA-1,0.8979,0.004056,0.000097,0.097264,0.000682
AATTTGGTTCCAAAGA-1,0.632583,0.000063,0.012142,0.000063,0.355149
ACAAACCATGCGTCCT-1,0.000019,0.000006,0.000006,0.018584,0.981384
ACAAACCGACAAGGCG-1,0.675445,0.039656,0.00003,0.111585,0.173283
ACAAACTCCATCAGAG-1,0.108188,0.145194,0.632502,0.000908,0.113208
ACAAAGAAGGTAGGCC-1,0.080169,0.000012,0.001693,0.012906,0.90522
ACAAAGCATGACCTAG-1,0.142636,0.030505,0.000015,0.000015,0.826829
ACAAATCGCACCGAAT-1,0.260032,0.000017,0.017754,0.000017,0.722179
ACAAATGGTAGTGTTT-1,0.670651,0.000062,0.04358,0.000062,0.285646
ACAAATTCAGATCTGA-1,0.055918,0.210185,0.00002,0.00002,0.733858
ACAACAGCATGAGCTA-1,0.371383,0.000047,0.004878,0.160652,0.463041
ACAACGGTCCCTGCGA-1,0.409855,0.000037,0.016014,0.019543,0.554551
ACAAGCAGTGCCTAGC-1,0.132099,0.000028,0.126255,0.004374,0.737244
ACAAGCTATATGGAAG-1,0.204472,0.001986,0.00002,0.063081,0.730442
ACAAGGAAATCCGCCC-1,0.195088,0.010751,0.000023,0.04021,0.753927
ACAAGGACAAGAGGTT-1,0.999287,0.000071,0.000071,0.000071,0.000499
ACAAGGATGCTTTAGG-1,0.259376,0.015631,0.000021,0.000021,0.724951
ACAAGGCCTACCAGCC-1,0.117844,0.032782,0.001208,0.079261,0.768905
ACAAGGGCAGGCTCTG-1,0.232734,0.000033,0.000033,0.000033,0.767166
ACAAGTAATTGTAAGG-1,0.650327,0.000041,0.065999,0.172958,0.110675
ACAATAGTCGTACGTT-1,0.666033,0.000051,0.116734,0.000051,0.217132
ACAATCCATTTAAACC-1,0.308712,0.018319,0.000029,0.008987,0.663953
ACAATCGATCTTTATA-1,0.361613,0.00003,0.00003,0.476697,0.16163
ACAATGAATACGGAGA-1,0.227238,0.000023,0.031217,0.012769,0.728753
ACAATGATTCTTCTAC-1,0.699405,0.10477,0.000035,0.010631,0.185159
ACAATTGTGTCTCTTT-1,0.700627,0.020936,0.049328,0.12228,0.106829
ACAATTTAGGAGGCTC-1,0.007412,0.000015,0.013614,0.028639,0.95032
ACAATTTGAGCAGTGG-1,0.762615,0.00612,0.000053,0.000053,0.231158
ACAATTTGGCCATATT-1,0.527697,0.445377,0.002436,0.024145,0.000345
ACACAAAGACGGGTGG-1,0.409732,0.000037,0.000037,0.053869,0.536326
ACACAAATATTCCTAG-1,0.105048,0.759716,0.000021,0.000021,0.135195
ACACACCAGGACCAGT-1,0.782187,0.000066,0.000066,0.000066,0.217614
ACACACTTTCTACACG-1,0.01904,0.00004,0.00004,0.00004,0.98084
ACACATGATCAAATCT-1,0.597896,0.045267,0.000041,0.000041,0.356755
ACACATTGACGCAACA-1,0.034805,0.000022,0.000022,0.01181,0.953341
ACACATTTCCGTAGAC-1,0.571098,0.010834,0.081464,0.00008,0.336525
ACACCACATAATTAGC-1,0.554091,0.155644,0.000035,0.289981,0.000248
ACACCCAGCATGCAGC-1,0.583472,0.000057,0.000057,0.101367,0.315047
ACACCCGAGAAATCCG-1,0.813019,0.000084,0.186222,0.000084,0.00059
ACACCGAGCGCTCTTT-1,0.002675,0.000008,0.002207,0.021097,0.974013
ACACCGGTCTGACCGC-1,0.208766,0.000013,0.004913,0.006368,0.77994
ACACCTTAAGTAGGGC-1,0.79911,0.000094,0.130114,0.000094,0.070589
ACACCTTACTACTTGC-1,0.391895,0.094624,0.001133,0.208059,0.304289
ACACGAGACTCCTTCT-1,0.650032,0.000066,0.018591,0.267088,0.064223
ACACGGCACTATGCAT-1,0.989611,0.000073,0.000073,0.009734,0.00051
ACACGGGAACTTAGGG-1,0.499861,0.034236,0.069295,0.050313,0.346296
ACACGTAGGCCACAAG-1,0.496898,0.055223,0.017436,0.02555,0.404893
ACACTCCAATGTCACT-1,0.078418,0.000031,0.057818,0.000031,0.863701
ACACTGATCAAGGTGT-1,0.916574,0.000082,0.06917,0.000082,0.014091
ACACTGGGACAGTCGT-1,0.137183,0.052112,0.001413,0.18889,0.620402
ACAGAACTGAGAACAA-1,0.467657,0.012043,0.004472,0.110317,0.405511
ACAGATTAGGTTAGTG-1,0.619959,0.000088,0.097557,0.000088,0.282309
ACAGCATAGAGCCAGT-1,0.028172,0.010918,0.000033,0.000033,0.960843
ACAGCGACATTCTCAT-1,0.58543,0.000048,0.002521,0.000048,0.411953
ACAGCGCACCCGCAGC-1,0.946352,0.000117,0.000117,0.052593,0.000821
ACAGGAGGCGCAGCCG-1,0.252979,0.272705,0.000021,0.078361,0.395934
ACAGGCACGGATCCTT-1,0.227926,0.055589,0.000025,0.03464,0.68182
ACAGGCTTGCCCGACT-1,0.551768,0.000052,0.011583,0.000052,0.436546
ACAGGTGGAGGTGAGG-1,0.655831,0.010801,0.276203,0.000059,0.057106
ACAGGTGTGTTGTTGC-1,0.325137,0.033996,0.010931,0.082458,0.547478
ACAGTAATACAACTTG-1,0.000217,0.000009,0.000009,0.076636,0.923128
ACAGTATACCGTGGGA-1,0.139355,0.294129,0.061397,0.145583,0.359536
ACATAAGTCGTGGTGA-1,0.545252,0.000041,0.000041,0.000041,0.454624
ACATAATAAGGCGGTG-1,0.704059,0.000055,0.139015,0.002149,0.154723
ACATACAATCAAGCGG-1,0.563824,0.074921,0.047344,0.043883,0.270028
ACATCAGCTGGGACGC-1,0.509687,0.000029,0.007035,0.06428,0.41897
ACATCCCGGCCATACG-1,0.407886,0.000032,0.021424,0.023535,0.547123
ACATCCTGGTAACTGT-1,0.440311,0.016399,0.135168,0.000044,0.408078
ACATCGATCGTTTACC-1,0.173228,0.000028,0.001929,0.000028,0.824787
ACATCGCAATATTCGG-1,0.43221,0.049524,0.215012,0.285766,0.017487
ACATCGGTCAGCCGCG-1,0.753759,0.025714,0.104061,0.000088,0.116378
ACATCGTATGCAATGG-1,0.807507,0.000058,0.000058,0.008415,0.183962
ACATCGTTAACCTAGT-1,0.340924,0.000038,0.020156,0.000038,0.638844
ACATCTCAACGCGTAA-1,0.552134,0.000035,0.000073,0.168453,0.279305
ACATGCTTACGGCAGC-1,0.60325,0.000043,0.000043,0.000043,0.396621
ACATGGCGCCAAAGTA-1,0.569401,0.04913,0.045894,0.191436,0.14414
ACATGGCTCAATTTAG-1,0.431127,0.00003,0.00003,0.00003,0.568782
ACATTAGTTTATATCC-1,0.684521,0.000042,0.120446,0.011194,0.183797
ACATTCGCGCGGAATA-1,0.556646,0.000051,0.000051,0.000051,0.443202
ACATTTGAAACCTAAC-1,0.648922,0.078622,0.000045,0.116534,0.155877
ACCAAACACCCAGCGA-1,0.348507,0.058792,0.015479,0.090403,0.48682
ACCAAACTAGAAATCC-1,0.834513,0.000043,0.000043,0.025728,0.139673
ACCAACACCACACACT-1,0.726903,0.216041,0.000059,0.030033,0.026964
ACCAACCGCACTCCAC-1,0.640126,0.034895,0.007056,0.023964,0.293959
ACCAACGCTTATTTAT-1,0.30043,0.000034,0.116754,0.000034,0.582748
ACCAAGAACGCGTGTC-1,0.353058,0.006196,0.640295,0.000056,0.000395
ACCAAGTCATCGGCAG-1,0.656359,0.091917,0.000038,0.032186,0.219499
ACCAATATGCAAGTTA-1,0.680681,0.000054,0.000054,0.000054,0.319158
ACCACAACTCAGAACA-1,0.957569,0.000078,0.000078,0.000078,0.042198
ACCACAAGTTTCTATC-1,0.116827,0.007053,0.047886,0.036652,0.791581
ACCACACGGTTGATGG-1,0.091443,0.000016,0.000016,0.000016,0.908508
ACCACCAATGTAACAA-1,0.453027,0.134479,0.001127,0.019495,0.391872
ACCACCCTCTCTTCTA-1,0.663865,0.290881,0.00005,0.044858,0.000347
ACCACGTGCAGCTATA-1,0.143183,0.020795,0.119457,0.000028,0.716537
ACCACTGTTCAAGAAG-1,0.038704,0.106781,0.000017,0.000017,0.854482
ACCAGACCATAACAAC-1,0.15384,0.002469,0.044815,0.231151,0.567725
ACCAGCCCGGTCTTTG-1,0.557116,0.048006,0.000039,0.163499,0.23134
ACCAGGAGTGTGATCT-1,0.157789,0.000022,0.000022,0.14482,0.697347
ACCAGTGCCCGGTCAA-1,0.295359,0.099068,0.000048,0.086477,0.519049
ACCAGTGCGGGAGACG-1,0.200947,0.001357,0.000027,0.000027,0.797642
ACCATATCCGCAATAA-1,0.430154,0.000028,0.000028,0.090675,0.479115
ACCATCCGCCAACTAG-1,0.0854,0.003392,0.000356,0.00001,0.910843
ACCATCGTATATGGTA-1,0.52714,0.000123,0.161237,0.06375,0.24775
ACCATTAAGGGTGTCA-1,0.061852,0.000021,0.000021,0.000021,0.938086
ACCCAACGCCCGTGGC-1,0.017655,0.017319,0.000011,0.006558,0.958456
ACCCACCTACATGCTC-1,0.210807,0.000031,0.007634,0.079986,0.701541
ACCCATCTTGAGGGTA-1,0.996402,0.000104,0.000104,0.000104,0.003287
ACCCATTTGTCCCTCT-1,0.576285,0.096647,0.093622,0.00005,0.233396
ACCCGAGCGAAATTAC-1,0.588195,0.019653,0.005071,0.061689,0.325392
ACCCGATTGGTTCCGA-1,0.316702,0.075812,0.090593,0.000053,0.51684
ACCCGGAAACTCCCAG-1,0.291994,0.098449,0.297992,0.000042,0.311523
ACCCGGAGCACCACAA-1,0.000029,0.252148,0.070271,0.074639,0.602913
ACCCGGATGACGCATC-1,0.585084,0.030092,0.130724,0.000063,0.254037
ACCCGGTTACACTTCC-1,0.819287,0.000063,0.078881,0.000063,0.101705
ACCCGTAGCAGAGAAT-1,0.842399,0.00005,0.00005,0.00005,0.157451
ACCCGTAGTCTAGTTG-1,0.000022,0.074295,0.000007,0.048916,0.87676
ACCCGTGTCATCAGTA-1,0.172412,0.000026,0.000026,0.015667,0.811869
ACCCTATAGGACTGAG-1,0.607613,0.000075,0.139036,0.000075,0.253201
ACCCTATGCCATATCG-1,0.706744,0.000853,0.23069,0.0001,0.061613
ACCCTCCCGTCAGGGC-1,0.220283,0.023567,0.05117,0.180085,0.524895
ACCCTCCCTTGCTATT-1,0.194515,0.000028,0.000028,0.000028,0.8054
ACCCTGGTAACGCCCT-1,0.384873,0.270743,0.047063,0.296926,0.000395
ACCCTTCATCTGCGAA-1,0.129007,0.00004,0.00004,0.00004,0.870872
ACCCTTGCCTGGGTCG-1,0.085351,0.74642,0.003006,0.000015,0.165208
ACCCTTTAGTTCTCCA-1,0.818189,0.006043,0.028705,0.128011,0.019052
ACCGAAAGGGCCCTGC-1,0.26317,0.00157,0.000029,0.000029,0.735203
ACCGAAGAGTCTGGTT-1,0.569863,0.031019,0.019628,0.060533,0.318957
ACCGACACATCTCCCA-1,0.220132,0.000023,0.005832,0.00721,0.766803
ACCGACTGAGTCCCAC-1,0.920535,0.000065,0.011578,0.006694,0.061127
ACCGAGTCTCCTTATT-1,0.723658,0.000054,0.000054,0.094949,0.181284
ACCGATAGGCATAACC-1,0.353016,0.298001,0.041429,0.125252,0.182302
ACCGATATTTAATCAT-1,0.473906,0.253487,0.000066,0.117038,0.155503
ACCGATGGTAGCATCG-1,0.515721,0.023477,0.010582,0.10092,0.349299
ACCGCAATAACTGCCT-1,0.77636,0.000036,0.083792,0.000036,0.139775
ACCGCGGTGGAAGTCG-1,0.357369,0.18953,0.003228,0.000036,0.449836
ACCGCTAGTCATTGGT-1,0.374645,0.032369,0.000057,0.031137,0.561792
ACCGGGCCTTTGTTGA-1,0.191083,0.002384,0.00002,0.00002,0.806494
ACCGGTCAGGTACACC-1,0.038085,0.127482,0.000017,0.104678,0.729738
ACCGGTCTGAGTACGG-1,0.138698,0.009948,0.036681,0.595978,0.218694
ACCGTCCACTGGGCCC-1,0.000021,0.010575,0.000005,0.020926,0.968473
ACCGTGACCACGTGGG-1,0.713902,0.017632,0.26806,0.000051,0.000355
ACCGTTCCCGCTCTGA-1,0.526329,0.000042,0.000042,0.051836,0.42175
ACCTAAGTACCTTTCA-1,0.187436,0.000024,0.027251,0.006335,0.778953
ACCTAATCGACTTCCT-1,0.268004,0.000033,0.000033,0.059688,0.672242
ACCTACAGTATGTGGT-1,0.64361,0.118746,0.016351,0.070881,0.150413
ACCTACTATAAATCTA-1,0.407619,0.000046,0.000046,0.000046,0.592242
ACCTCAGCGAGGCGCA-1,0.439786,0.041295,0.000027,0.100146,0.418745
ACCTCCGCCCTCGCTG-1,0.080336,0.111255,0.000029,0.306581,0.5018
ACCTCCGTTATTCACC-1,0.771916,0.084261,0.134239,0.000056,0.009529
ACCTCGAACTTATGCT-1,0.321034,0.009272,0.033495,0.05587,0.580328
ACCTGCGTGTCATGTT-1,0.159721,0.043472,0.000027,0.007178,0.789602
ACCTTTCCTTTAGAAG-1,0.349231,0.089517,0.022704,0.082363,0.456185
ACGAAATGGGCGGCAC-1,0.649517,0.00004,0.057456,0.00004,0.292947
ACGACCCATGAGTTGC-1,0.232438,0.584266,0.00003,0.075373,0.107893
ACGACTCTAGGGCCGA-1,0.797735,0.111321,0.000047,0.088634,0.002263
ACGACTGGTCATACTC-1,0.634825,0.01268,0.058321,0.058877,0.235298
ACGAGAACCCATCACG-1,0.282317,0.008073,0.705851,0.000058,0.003701
ACGAGATATTTGCTTA-1,0.642494,0.0001,0.087309,0.0001,0.269998
ACGAGGATACCACTCT-1,0.818625,0.000043,0.000043,0.06187,0.119418
ACGAGGTTTACAACGT-1,0.00282,0.008567,0.018859,0.012409,0.957345
ACGAGTACGGATGCCC-1,0.902494,0.05641,0.000079,0.000079,0.040939
ACGAGTCGCCGGCGTT-1,0.051165,0.00001,0.002166,0.00001,0.94665
ACGATACATAGAACTA-1,0.036329,0.000019,0.000019,0.000019,0.963613
ACGATACCTATCCTGA-1,0.003509,0.000013,0.018893,0.006695,0.970891
ACGATCATACATAGAG-1,0.524561,0.000051,0.007558,0.000051,0.467779
ACGATCATCTTGTAAA-1,0.024921,0.000015,0.00832,0.000501,0.966243
ACGATGCATATGTTAT-1,0.004963,0.068239,0.459792,0.000041,0.466964
ACGATGGATCCGATGC-1,0.766803,0.117223,0.000078,0.000078,0.115819
ACGCAAACTAATAGAT-1,0.946483,0.000073,0.052862,0.000073,0.000509
ACGCAATCACTACAGC-1,0.665328,0.017989,0.008341,0.17628,0.132062
ACGCATAAATGACATG-1,0.120404,0.053124,0.000016,0.167433,0.659024
ACGCATACGTTTACTA-1,0.144235,0.031388,0.004262,0.000024,0.82009
ACGCATTCGTGAGTAC-1,0.409598,0.000063,0.162372,0.200419,0.227549
ACGCCACTCGAAACAG-1,0.043498,0.000016,0.000016,0.000016,0.956455
ACGCCAGATGATTTCT-1,0.62753,0.000073,0.052664,0.041106,0.278628
ACGCCAGTGCGTTTGC-1,0.265886,0.444439,0.001534,0.141972,0.14617
ACGCCCAGCTGTCGAT-1,0.000834,0.000009,0.000009,0.000009,0.99914
ACGCCGCTAGACGACC-1,0.923829,0.00006,0.032367,0.018614,0.02513
ACGCCTGACACGCGCT-1,0.077555,0.044427,0.080942,0.03095,0.766125
ACGCGAAGTCAGACGA-1,0.20858,0.000025,0.025255,0.106199,0.659941
ACGCGCTACACAGGGT-1,0.158541,0.000022,0.000022,0.00175,0.839665
ACGCGGGCCAAGGACA-1,0.596404,0.000051,0.000737,0.265241,0.137568
ACGCGTTTCTTAAGAG-1,0.189004,0.026997,0.023078,0.105708,0.655212
ACGCTACTGAATGGGC-1,0.267309,0.380526,0.000065,0.295113,0.056988
ACGCTAGTGATACACT-1,0.472928,0.04696,0.032118,0.173267,0.274727
ACGCTGTGAGGCGTAG-1,0.49457,0.00003,0.00003,0.057594,0.447776
ACGCTTAGTGTCTCTC-1,0.323603,0.010133,0.000042,0.657593,0.008629
ACGGAACACGAGTGCC-1,0.213635,0.000028,0.002532,0.643115,0.14069
ACGGAATTTAGCAAAT-1,0.057786,0.000028,0.000028,0.000028,0.942129
ACGGACGCAGCGACAA-1,0.685087,0.000046,0.000046,0.000046,0.314776
ACGGACTCTCAAAGCG-1,0.137537,0.022972,0.008436,0.000024,0.831031
ACGGAGCGCAAATTAC-1,0.170636,0.09819,0.037423,0.005128,0.688624
ACGGATGGTGCGGATA-1,0.506813,0.009911,0.034218,0.00004,0.449018
ACGGCACTTGCTTGGG-1,0.10613,0.000021,0.038028,0.002576,0.853245
ACGGCCAACATGGACT-1,0.268488,0.002014,0.022762,0.032221,0.674516
ACGGCGACGATGGGAA-1,0.465251,0.000041,0.000041,0.000041,0.534627
ACGGCGGGTTGCCCTG-1,0.317745,0.000023,0.000023,0.125015,0.557193
ACGGCTGGATGTAGAA-1,0.510558,0.00992,0.000777,0.000028,0.478717
ACGGGAGTGTCGGCCC-1,0.676594,0.000056,0.000056,0.000056,0.323239
ACGGGCGTATGCGACA-1,0.528974,0.111742,0.083518,0.27552,0.000246
ACGGGTCATGTGACTT-1,0.542008,0.000045,0.034669,0.000045,0.423232
ACGGGTTGTGACCTGT-1,0.705271,0.020406,0.000064,0.139381,0.134878
ACGGTACAGTTCAATG-1,0.000048,0.031408,0.000016,0.002203,0.966325
ACGGTCACCGAGAACA-1,0.771545,0.000036,0.035694,0.059245,0.133481
ACGTACAGATTTCTCT-1,0.646108,0.000113,0.000113,0.087941,0.265726
ACGTACTTTGGCACGG-1,0.289251,0.000035,0.000035,0.001546,0.709133
ACGTAGATTGCTGATG-1,0.755907,0.000047,0.04337,0.004341,0.196335
ACGTAGGAGAGTCGCT-1,0.523132,0.000032,0.000032,0.000032,0.476773
ACGTATTACTCCGATC-1,0.09168,0.000024,0.000024,0.000024,0.908247
ACGTCCTAAACGAGAT-1,0.371684,0.085493,0.043426,0.032487,0.46691
ACGTCGGGCAACTCGG-1,0.415317,0.068622,0.000019,0.053233,0.462809
ACGTCTCGTTCCGGGA-1,0.097097,0.020399,0.05875,0.256677,0.567078
ACGTGACAAAGTAAGT-1,0.609769,0.014835,0.01494,0.181858,0.178599
ACGTGCGCCTCGTGCA-1,0.680919,0.000088,0.000088,0.000088,0.318816
ACGTGGTCGAATGTGC-1,0.906505,0.002077,0.000048,0.069551,0.021819
ACGTTAATGTCGAAGA-1,0.495231,0.00005,0.128491,0.00005,0.376177
ACGTTAGATTTGCCCG-1,0.67827,0.000091,0.250222,0.000091,0.071325
ACGTTATTGGTCACTC-1,0.624375,0.000068,0.000068,0.000068,0.375422
ACGTTCACTATGCCGC-1,0.479832,0.130658,0.309301,0.079574,0.000636
ACGTTCCGCGCTCCGT-1,0.554431,0.000048,0.000048,0.000048,0.445424
ACGTTCGCAATCAATT-1,0.519764,0.102687,0.009648,0.210088,0.157813
ACGTTCGTTCAGGAAA-1,0.50299,0.03626,0.19651,0.000096,0.264144
ACGTTCTGTACAAGTC-1,0.754352,0.009108,0.037149,0.007688,0.191703
ACGTTGTCGTTGAAAG-1,0.433613,0.03086,0.104614,0.036021,0.394891
ACGTTTAGTTGTGATC-1,0.651542,0.000072,0.033129,0.000072,0.315186
ACGTTTCGGTGCACTT-1,0.556074,0.443263,0.000074,0.000074,0.000516
ACTAAGGACGCACACC-1,0.082645,0.615584,0.000015,0.000015,0.30174
ACTAATACGTCAGGCG-1,0.693202,0.168497,0.049741,0.000078,0.088481
ACTACAAAGAGAGGTG-1,0.282714,0.002502,0.000029,0.000029,0.714726
ACTACATCCCGACAAG-1,0.435871,0.010972,0.00667,0.010155,0.536332
ACTACCAGCTCTCTGG-1,0.815553,0.052741,0.130755,0.000119,0.000832
ACTACCATCCGAGGGC-1,0.568443,0.000157,0.000053,0.130763,0.300584
ACTACGCGTTAGAATT-1,0.217691,0.007318,0.038229,0.200834,0.535928
ACTAGTTGCGATCGTC-1,0.000045,0.008559,0.087076,0.003844,0.900475
ACTATATGCTGTGTTC-1,0.003988,0.001715,0.009673,0.083621,0.901002
ACTATCCAGGGCATGG-1,0.202398,0.117973,0.023422,0.041949,0.614258
ACTATCGCCGGCTAAA-1,0.714268,0.000029,0.000029,0.000506,0.285168
ACTATCTGCCCGCGTA-1,0.501107,0.045411,0.035808,0.25867,0.159003
ACTATGTCCAGCTGCC-1,0.158305,0.000019,0.000019,0.029992,0.811665
ACTATTCGTCCGTGGT-1,0.820207,0.000097,0.000097,0.000097,0.179501
ACTATTTCCGGGCCCA-1,0.025591,0.0492,0.924681,0.000066,0.000462
ACTCAACGAATGTATT-1,0.238961,0.000053,0.000053,0.077807,0.683126
ACTCAAGTGCAAGGCT-1,0.00003,0.00001,0.00001,0.00001,0.999939
ACTCAATAAAGGCACG-1,0.737568,0.000058,0.066228,0.073958,0.122188
ACTCAGACCTGCTTCT-1,0.824191,0.118821,0.056023,0.000121,0.000845
ACTCATGGCAGCCTTC-1,0.010984,0.000015,0.048926,0.000015,0.94006
ACTCCAATATCATCAT-1,0.470608,0.000052,0.000052,0.129335,0.399952
ACTCCCATTCCTAAAG-1,0.454891,0.047174,0.212066,0.044157,0.241711
ACTCCCGAATTCGTTT-1,0.887698,0.100401,0.011254,0.000081,0.000566
ACTCCCGTAGACTAGG-1,0.401218,0.412606,0.064259,0.089951,0.031966
ACTCCCTAATGCTAAA-1,0.295454,0.000031,0.004018,0.038846,0.66165
ACTCCCTAGAATAGTA-1,0.513269,0.000042,0.009713,0.007869,0.469106
ACTCCGGCCGACCACT-1,0.304868,0.038706,0.008567,0.001357,0.646502
ACTCGATGTATTTCAT-1,0.169958,0.000033,0.016241,0.000033,0.813735
ACTCGCCGTTCGATAA-1,0.000043,0.092233,0.079937,0.126827,0.70096
ACTCGCGATCTGACGC-1,0.446774,0.45146,0.000031,0.000031,0.101704
ACTCGTAACCCGTCCT-1,0.131554,0.0535,0.162181,0.000035,0.652731
ACTCGTCAGTAATCCC-1,0.740912,0.000056,0.000056,0.000056,0.25892
ACTCTAAACCTGGGAT-1,0.58921,0.000036,0.000036,0.049952,0.360766
ACTCTCTGACTTAGGT-1,0.870999,0.000054,0.020388,0.000054,0.108505
ACTCTCTTATACACGA-1,0.766406,0.00011,0.00011,0.224074,0.009301
ACTCTGACCTAATAGA-1,0.452074,0.006001,0.008299,0.002154,0.531472
ACTCTTCAGCTCCCGC-1,0.089485,0.687242,0.051908,0.171204,0.00016
ACTCTTGTATAGTAAC-1,0.502211,0.028531,0.465756,0.000066,0.003436
ACTGAAACGCCGTTAG-1,0.113194,0.026347,0.000021,0.000021,0.860417
ACTGAATGGCGAAAGT-1,0.535473,0.213648,0.089914,0.000042,0.160923
ACTGATTTAGTGATTC-1,0.853448,0.002578,0.018102,0.098716,0.027157
ACTGCCCGCCATTCTC-1,0.434633,0.000039,0.053874,0.000039,0.511414
ACTGCCGTCGTAACTC-1,0.719505,0.000093,0.000093,0.129138,0.151171
ACTGCGGACACACCGT-1,0.683177,0.224859,0.09161,0.000044,0.000309
ACTGCTCGGAAGGATG-1,0.021638,0.000016,0.000016,0.020616,0.957714
ACTGGCGAACCTGCGT-1,0.368924,0.436293,0.000023,0.000023,0.194737
ACTGGGATGCCAGTGC-1,0.87793,0.000068,0.000068,0.000068,0.121865
ACTGTACGATACACAT-1,0.701375,0.000067,0.0624,0.130859,0.105299
ACTGTAGCACTTTGGA-1,0.633625,0.00007,0.156243,0.00007,0.209991
ACTGTATACGCGAGCA-1,0.658025,0.087142,0.07422,0.000115,0.180498
ACTGTCCAGGATTATA-1,0.716918,0.040094,0.04066,0.013676,0.188652
ACTGTCTTCTTTAGAA-1,0.353649,0.000033,0.005392,0.000033,0.640893
ACTGTGCTAGTAGATC-1,0.428655,0.010499,0.000054,0.000054,0.560738
ACTGTTTAGTGTAGGC-1,0.093832,0.000019,0.000019,0.489034,0.417096
ACTTACCGGGCGCGCA-1,0.024429,0.000509,0.000015,0.000015,0.975032
ACTTACGCATCCACGC-1,0.000072,0.000024,0.023254,0.000024,0.976626
ACTTAGTACGACAAGA-1,0.472396,0.035305,0.045462,0.146978,0.299859
ACTTATACTTACCCGG-1,0.144805,0.000022,0.000022,0.013709,0.841442
ACTTATCTGATCTATA-1,0.288032,0.077218,0.063842,0.156727,0.414181
ACTTATTAGGATCGGT-1,0.849549,0.033097,0.10461,0.000106,0.012638
ACTTATTTATGTGCCA-1,0.066287,0.000018,0.000018,0.000018,0.933659
ACTTCAGGCTGATCCC-1,0.759237,0.000061,0.127988,0.000061,0.112653
ACTTCCAGTGGAAGCT-1,0.0383,0.000017,0.000017,0.259317,0.702349
ACTTCCATGCGGGACA-1,0.718073,0.082327,0.000075,0.042452,0.157073
ACTTCGCCATACGCAC-1,0.703545,0.000097,0.000097,0.133553,0.162707
ACTTCGCTAGCGAGTG-1,0.278363,0.721259,0.000042,0.000042,0.000294
ACTTGACTCCCTCTTT-1,0.043108,0.00002,0.00002,0.00002,0.956832
ACTTGCCATATTGTAC-1,0.368744,0.000024,0.001013,0.132371,0.497848
ACTTGCTCTATCTACC-1,0.100845,0.000019,0.000019,0.005052,0.894066
ACTTGGGACCCGGTGG-1,0.68948,0.000068,0.26408,0.000068,0.046304
ACTTGGGCTTTCGCCA-1,0.779588,0.028921,0.030034,0.019305,0.142153
ACTTGTAGTCCCTTCA-1,0.513402,0.000044,0.005445,0.181232,0.299878
ACTTGTGGATGGAACG-1,0.588719,0.093399,0.007378,0.026959,0.283544
ACTTGTTACCGGATCA-1,0.614465,0.000044,0.005848,0.048302,0.33134
ACTTTACCCTCATGAA-1,0.567988,0.257854,0.173614,0.000068,0.000476
ACTTTATACACCACTT-1,0.467536,0.000038,0.000038,0.000038,0.532351
ACTTTCCTATAGCTTC-1,0.761325,0.000072,0.000072,0.000072,0.238459
ACTTTGACTGCATCCT-1,0.286297,0.000027,0.004141,0.008624,0.700911
ACTTTGGTCGTGCTCC-1,0.428202,0.000193,0.14712,0.069921,0.354564
ACTTTGTCGACGCACT-1,0.4929,0.431809,0.04784,0.027226,0.000224
AGAAATTATGACTCGC-1,0.50928,0.321361,0.001689,0.004393,0.163278
AGAACACGGCGATGGT-1,0.75961,0.000035,0.000035,0.000035,0.240284
AGAACCCAGCGTGACA-1,0.608909,0.390831,0.000029,0.000029,0.000202
AGAACCCTCAATTGGG-1,0.654622,0.03642,0.000039,0.155484,0.153435
AGAACGTGGTACATTC-1,0.831255,0.020091,0.000074,0.09556,0.05302
AGAACTGTACTTTGTA-1,0.352319,0.086284,0.419478,0.035262,0.106656
AGAAGAGCGCCGTTCC-1,0.329432,0.000447,0.163292,0.000447,0.506382
AGAAGGTACACTTCAC-1,0.217013,0.000034,0.029365,0.334604,0.418984
AGAAGGTTGCCGAATT-1,0.779936,0.072238,0.006342,0.000077,0.141406
AGAAGGTTGTAGGTCG-1,0.348179,0.000031,0.005891,0.000031,0.645868
AGAAGTGATTCGTGAT-1,0.416438,0.000032,0.000032,0.001087,0.582411
AGAATAAATCTTCAGG-1,0.253046,0.000019,0.029474,0.092863,0.624599
AGAATACAGGCTATCC-1,0.390799,0.124962,0.00005,0.414625,0.069565
AGAATGCGGGTTCGGA-1,0.646771,0.109432,0.000058,0.000069,0.24367
AGAATTATGGATTCGA-1,0.503379,0.094906,0.000046,0.000046,0.401623
AGAATTGTTTGACATA-1,0.832245,0.000061,0.000061,0.000061,0.167572
AGACAGCTCAGAATCC-1,0.103603,0.000019,0.000019,0.105584,0.790775
AGACAGGCATCTCAGC-1,0.137676,0.689144,0.095178,0.000024,0.077977
AGACATAGATCCTTCC-1,0.881696,0.002879,0.047336,0.067198,0.00089
AGACCAAACCACACCT-1,0.143707,0.000015,0.009865,0.032122,0.814291
