Barcode,Topic 1,Topic 2,Topic 3,Topic 4,Topic 5,Topic 6,Topic 7,Topic 8,Topic 9,Topic 10
AAACAAGTATCTCCCA-1,0.107983,0.111148,0.000096,0.000096,0.097256,0.301748,0.296833,0.083961,0.000191,0.000688
AAACACCAATAACTGC-1,0.000061,0.000061,0.000061,0.018989,0.603147,0.015651,0.000061,0.007128,0.196718,0.158124
AAACAGAGCGACTCCT-1,0.036921,0.000039,0.000039,0.000039,0.263958,0.485472,0.000039,0.213372,0.000039,0.000081
AAACAGCTTTCAGAAG-1,0.000038,0.010795,0.011467,0.127367,0.389925,0.060073,0.000113,0.08994,0.036954,0.273328
AAACAGGGTCTATATT-1,0.000075,0.000075,0.000075,0.150916,0.440827,0.000075,0.268833,0.138975,0.000075,0.000075
AAACAGTGTTCCTGGG-1,0.000239,0.069073,0.000239,0.000239,0.000239,0.000239,0.835201,0.000239,0.094051,0.000239
AAACATGGTGAGAGGA-1,0.000032,0.000032,0.000032,0.395087,0.052737,0.018712,0.071349,0.265611,0.186351,0.010057
AAACATTTCCCGGATT-1,0.009369,0.057945,0.247151,0.000046,0.050639,0.301503,0.041269,0.000046,0.095617,0.196416
AAACCACTACACAGAT-1,0.041245,0.008981,0.000038,0.072306,0.048806,0.001098,0.100464,0.600716,0.126307,0.000038
AAACCCGAACGAAATC-1,0.041104,0.616202,0.147929,0.000573,0.000031,0.016384,0.066592,0.000031,0.010513,0.100641
AAACCGGAAATGTTAA-1,0.033835,0.866788,0.025362,0.073876,0.000023,0.000023,0.000023,0.000023,0.000023,0.000023
AAACCGGGTAGGTACC-1,0.000078,0.064044,0.000078,0.039389,0.401477,0.001836,0.35777,0.000078,0.102947,0.032304
AAACCGTTCGTCCAGG-1,0.00027,0.00027,0.00027,0.177718,0.00027,0.00027,0.728923,0.00027,0.00027,0.091467
AAACCTAAGCAGCCGG-1,0.000148,0.074988,0.010042,0.000148,0.0105,0.157624,0.676064,0.000148,0.000148,0.070189
AAACCTCATGAAGTTG-1,0.000067,0.000067,0.000067,0.293428,0.465467,0.000067,0.034705,0.019559,0.075335,0.111238
AAACGAAGAACATACC-1,0.041063,0.000117,0.000117,0.336794,0.224495,0.000117,0.396945,0.000117,0.000117,0.000117
AAACGAAGATGGAGTA-1,0.000087,0.000087,0.000087,0.018345,0.381104,0.016587,0.274809,0.303463,0.005344,0.000087
AAACGACAGTCTTGCC-1,0.000026,0.024384,0.000026,0.257481,0.01325,0.000026,0.033676,0.534149,0.136954,0.000026
AAACGAGACGGTTGAT-1,0.002091,0.00005,0.00005,0.042793,0.339963,0.252784,0.08818,0.092907,0.01558,0.165603
AAACGCCCGAGATCGG-1,0.000031,0.000031,0.000031,0.028863,0.28838,0.099851,0.000031,0.193153,0.000031,0.389598
AAACGCTGGGCACGAC-1,0.073981,0.83632,0.027709,0.05946,0.00001,0.00001,0.00001,0.000804,0.00001,0.001686
AAACGGGCGTACGGGT-1,0.033056,0.000113,0.536399,0.158893,0.000113,0.006492,0.264597,0.000113,0.000113,0.000113
AAACGGTTGCGAACTG-1,0.000067,0.000067,0.018987,0.06737,0.363802,0.000897,0.161397,0.004392,0.000067,0.382953
AAACGTGTTCGCCCTA-1,0.000071,0.035966,0.000219,0.237987,0.011395,0.092856,0.261883,0.111331,0.040155,0.208138
AAACTAACGTGGCGAC-1,0.011297,0.079437,0.000057,0.007949,0.209526,0.184208,0.110854,0.320064,0.045143,0.031466
AAACTCGGTTCGCAAT-1,0.000096,0.000096,0.129549,0.274204,0.020046,0.000096,0.399832,0.000096,0.000096,0.17589
AAACTCGTGATATAAG-1,0.003534,0.022888,0.090249,0.00008,0.168095,0.407334,0.047557,0.102631,0.01076,0.14687
AAACTGCTGGCTCCAA-1,0.066829,0.000087,0.000087,0.000087,0.403804,0.000087,0.313898,0.214946,0.000087,0.000087
AAACTTAATTGCACGC-1,0.00007,0.00007,0.00007,0.054354,0.202012,0.096927,0.162021,0.025371,0.281733,0.177372
AAACTTGCAAACGTAT-1,0.000108,0.000108,0.000108,0.000626,0.414925,0.000108,0.48228,0.101524,0.000108,0.000108
AAAGAATGACCTTAGA-1,0.047274,0.000053,0.000053,0.000053,0.076859,0.000053,0.448308,0.415045,0.012251,0.000053
AAAGAATGTGGACTAA-1,0.057402,0.652289,0.219478,0.00003,0.00003,0.00003,0.023367,0.00003,0.044384,0.00296
AAAGACATGAAGTTTA-1,0.000018,0.000664,0.000018,0.157855,0.018594,0.000018,0.000018,0.099376,0.271274,0.452164
AAAGACTGGGCGCTTT-1,0.000079,0.000079,0.000079,0.000079,0.244246,0.000079,0.422916,0.000079,0.127152,0.20521
AAAGCTTGCCTACATA-1,0.073464,0.176652,0.000083,0.09423,0.00626,0.132304,0.377935,0.134663,0.004327,0.000083
AAAGGCCCTATAATAC-1,0.000082,0.042615,0.000082,0.000082,0.000082,0.000082,0.546031,0.000082,0.181829,0.229034
AAAGGCTACGGACCAT-1,0.00012,0.00012,0.00012,0.116684,0.24137,0.000897,0.194321,0.00012,0.133123,0.313123
AAAGGCTCTCGCGCCG-1,0.000144,0.000144,0.000144,0.02858,0.469309,0.015834,0.428366,0.057192,0.000144,0.000144
AAAGGGATGTAGCAAG-1,0.000066,0.000066,0.000066,0.000066,0.763681,0.030538,0.042005,0.1424,0.000066,0.021046
AAAGGGCAGCTTGAAT-1,0.062081,0.000191,0.000191,0.021011,0.257112,0.000191,0.658653,0.000191,0.000191,0.000191
AAAGGTAAGCTGTACC-1,0.172486,0.000089,0.000089,0.093269,0.216181,0.000089,0.313585,0.204034,0.000089,0.000089
AAAGGTCAACGACATG-1,0.008829,0.00003,0.00003,0.036084,0.248007,0.017736,0.022189,0.592937,0.015807,0.05835
AAAGTAGCATTGCTCA-1,0.072323,0.000138,0.000138,0.15206,0.157946,0.000138,0.60199,0.000138,0.01499,0.000138
AAAGTCGACCCTCAGT-1,0.000047,0.000047,0.059567,0.000047,0.415775,0.008771,0.026842,0.02787,0.044518,0.416518
AAAGTGCCATCAATTA-1,0.010411,0.962271,0.00147,0.000012,0.000012,0.000012,0.000012,0.02447,0.000117,0.001212
AAAGTGTGATTTATCT-1,0.131424,0.000121,0.000121,0.000121,0.024296,0.378186,0.361484,0.104004,0.000121,0.000121
AAAGTTGACTCCCGTA-1,0.000071,0.000071,0.000071,0.000071,0.028689,0.714745,0.041909,0.000071,0.193947,0.020356
AAATAACCATACGGGA-1,0.000033,0.000033,0.000033,0.076163,0.375104,0.213557,0.000033,0.13682,0.000033,0.198192
AAATAAGGTAGTGCCC-1,0.088589,0.239882,0.001061,0.000117,0.021615,0.169382,0.389524,0.082377,0.007336,0.000117
AAATACCTATAAGCAT-1,0.049879,0.00011,0.00011,0.081104,0.424327,0.046552,0.232736,0.00011,0.00011,0.164963
AAATAGCTTAGACTTT-1,0.056804,0.143029,0.050616,0.064464,0.007913,0.188491,0.416414,0.068671,0.003519,0.000076
AAATAGGGTGCTATTG-1,0.000075,0.125208,0.229178,0.000075,0.054064,0.156483,0.166211,0.060359,0.034063,0.174283
AAATCACTCCTAAACG-1,0.007557,0.045617,0.00003,0.085068,0.149215,0.031823,0.075713,0.468072,0.089893,0.047013
AAATCCGATACACGCC-1,0.000116,0.089981,0.092831,0.042534,0.000116,0.000116,0.474485,0.000116,0.018848,0.280855
AAATCGCGGAAGGAGT-1,0.000035,0.013704,0.000035,0.158137,0.373969,0.108302,0.000035,0.185675,0.06433,0.095779
AAATCGTGTACCACAA-1,0.030137,0.000118,0.000118,0.356519,0.486562,0.000118,0.126077,0.000118,0.000118,0.000118
AAATCTAGCCCTGCTA-1,0.086804,0.096322,0.206507,0.06044,0.040367,0.143894,0.254485,0.0001,0.06154,0.04954
AAATCTGCCCGCGTCC-1,0.00002,0.022019,0.00002,0.00002,0.036567,0.007498,0.002665,0.166271,0.2248,0.540121
AAATGACTGATCAAAC-1,0.065583,0.000147,0.000147,0.000147,0.090902,0.000147,0.662425,0.180208,0.000147,0.000147
AAATGATTCGATCAGC-1,0.000071,0.056417,0.081087,0.087198,0.336297,0.199018,0.152733,0.026103,0.003172,0.057904
AAATGCTCGTTACGTT-1,0.000375,0.000375,0.000375,0.000375,0.000375,0.000375,0.86524,0.131762,0.000375,0.000375
AAATGGCATGTCTTGT-1,0.000059,0.000059,0.000059,0.252183,0.473937,0.021359,0.034326,0.000059,0.024184,0.193776
AAATGGCCCGTGCCCT-1,0.000073,0.000073,0.000073,0.240007,0.384615,0.000073,0.263696,0.098509,0.012808,0.000073
AAATGGTCAATGTGCC-1,0.031962,0.000084,0.000084,0.03561,0.43117,0.003208,0.368344,0.000084,0.062213,0.067241
AAATGTATCTTATCCC-1,0.000034,0.036723,0.000034,0.02447,0.024567,0.027008,0.000034,0.389942,0.126865,0.370323
AAATTAACGGGTAGCT-1,0.074106,0.000182,0.000182,0.091975,0.447203,0.081259,0.304548,0.000182,0.000182,0.000182
AAATTAATAAGCGCGA-1,0.033882,0.068822,0.000056,0.197199,0.061032,0.000056,0.330429,0.279446,0.029022,0.000056
AAATTACACGACTCTG-1,0.000048,0.000048,0.000048,0.212387,0.326659,0.199092,0.000048,0.196122,0.000048,0.065498
AAATTACCTATCGATG-1,0.256496,0.000098,0.000098,0.029922,0.185416,0.014275,0.34056,0.172937,0.000098,0.000098
AAATTCCAGGTCCAAA-1,0.041155,0.269499,0.296185,0.000074,0.000074,0.016037,0.197855,0.000074,0.022512,0.156534
AAATTGATAGTCCTTT-1,0.000177,0.026461,0.000177,0.077119,0.029324,0.000177,0.78813,0.000177,0.000177,0.078081
AAATTGCGGCGGTTCT-1,0.000101,0.024525,0.022151,0.000101,0.025694,0.037733,0.055714,0.435293,0.000101,0.398586
AAATTGGTGAGAAGCA-1,0.000063,0.080981,0.063092,0.072862,0.000063,0.113288,0.286884,0.163828,0.118035,0.100905
AAATTTACCGAAATCC-1,0.00003,0.00003,0.00003,0.125548,0.305679,0.066412,0.00003,0.155928,0.00003,0.346281
AAATTTGCGGGTGTGG-1,0.098547,0.000217,0.000217,0.000217,0.231488,0.000217,0.668443,0.000217,0.000217,0.000217
AACAACTGGTAGTTGC-1,0.063122,0.000217,0.152558,0.000217,0.663417,0.000217,0.000217,0.029039,0.000217,0.09078
AACAATACATTGTCGA-1,0.000153,0.077826,0.017423,0.000153,0.000153,0.000153,0.26369,0.000153,0.000153,0.640142
AACAATTACTCTACGC-1,0.000123,0.000123,0.000123,0.000123,0.47756,0.000123,0.48891,0.032671,0.000123,0.000123
AACACACGCTCGCCGC-1,0.000089,0.041933,0.067278,0.000089,0.000089,0.024814,0.301044,0.000089,0.000089,0.564485
AACACGACTGTACTGA-1,0.000083,0.000083,0.000083,0.000083,0.674934,0.000083,0.180573,0.000083,0.129891,0.014106
AACACGAGACGCGGCC-1,0.001015,0.000082,0.118744,0.168136,0.396659,0.022873,0.202188,0.000082,0.090139,0.000082
AACAGCTGTGTGGCAA-1,0.056719,0.000238,0.000238,0.000238,0.000238,0.000238,0.823464,0.000238,0.118154,0.000238
AACAGGAAATCGAATA-1,0.000107,0.000107,0.000107,0.026133,0.470779,0.000107,0.419748,0.000107,0.000107,0.082698
AACAGGATGGGCCGCG-1,0.00025,0.00025,0.00025,0.00025,0.009163,0.00025,0.988837,0.00025,0.00025,0.00025
AACAGGTAGTATGGAT-1,0.263029,0.711369,0.025154,0.000064,0.000064,0.000064,0.000064,0.000064,0.000064,0.000064
AACATAGCGTGTATCG-1,0.000058,0.048766,0.000058,0.001644,0.000058,0.073109,0.17333,0.000058,0.002739,0.700179
AACATATCAACTGGTG-1,0.062542,0.060363,0.007017,0.000067,0.044339,0.315924,0.156314,0.067183,0.006321,0.279931
AACATCGATACGTCTA-1,0.000033,0.000033,0.000033,0.000033,0.19647,0.510509,0.000033,0.076798,0.000033,0.216026
AACATTGAAGTTGATC-1,0.000138,0.000138,0.000138,0.328573,0.000138,0.000138,0.606945,0.000138,0.063517,0.000138
AACATTGTGACTCGAG-1,0.000118,0.000118,0.000118,0.000118,0.221967,0.047709,0.456602,0.000118,0.04298,0.23015
AACCAAGACTTCTCTG-1,0.000102,0.000102,0.050207,0.00528,0.408656,0.051335,0.026919,0.003565,0.104963,0.348872
AACCAGTATCACTCTT-1,0.000112,0.000112,0.000112,0.096917,0.295033,0.000112,0.387092,0.220287,0.000112,0.000112
AACCATAGGGTTGAAC-1,0.00004,0.00004,0.00004,0.00004,0.084027,0.034857,0.11719,0.000041,0.045067,0.718656
AACCCATCCCATGATC-1,0.000068,0.000068,0.000068,0.001555,0.61194,0.069029,0.000068,0.085634,0.000068,0.231503
AACCCGACAACCCGTG-1,0.027944,0.000299,0.102321,0.000299,0.055732,0.000299,0.812206,0.000299,0.000299,0.000299
AACCCGAGCAGAATCG-1,0.150063,0.702392,0.078231,0.000034,0.000034,0.000049,0.029272,0.000034,0.000874,0.039018
AACCCGATAGGGCTTC-1,0.000022,0.062478,0.010573,0.000022,0.025654,0.062171,0.000022,0.42566,0.030696,0.382702
AACCCGCTGTATTCCA-1,0.000098,0.000098,0.000098,0.0001,0.306382,0.000098,0.169128,0.000098,0.399765,0.124134
AACCCTACTGTCAATA-1,0.000087,0.031408,0.13307,0.000087,0.000087,0.092624,0.205402,0.000087,0.000087,0.537061
AACCCTGGTGGAACCA-1,0.00005,0.00005,0.00005,0.00005,0.641412,0.006411,0.103864,0.098676,0.141369,0.008068
AACCGAGCTTGGTCAT-1,0.000094,0.000094,0.000094,0.385192,0.240143,0.010459,0.217899,0.000094,0.000933,0.144999
AACCGCTAAGGGATGC-1,0.023762,0.032914,0.022263,0.000042,0.155246,0.256162,0.057171,0.002003,0.002742,0.447694
AACCGTTGTGTTTGCT-1,0.000074,0.000074,0.010842,0.000074,0.311363,0.015633,0.000074,0.000074,0.125824,0.53597
AACCTAAAGCCGTCCG-1,0.000043,0.000043,0.000043,0.099973,0.149066,0.000043,0.10801,0.290485,0.35225,0.000043
AACCTCGCTTTAGCCC-1,0.000202,0.038529,0.000202,0.000202,0.000202,0.000202,0.244489,0.000202,0.086953,0.628819
AACCTGTCACGGAATT-1,0.131993,0.499105,0.230466,0.128005,0.000067,0.000067,0.010093,0.000067,0.000067,0.000067
AACCTTTAAATACGGT-1,0.006495,0.028517,0.062129,0.093606,0.259823,0.11595,0.373588,0.000146,0.000146,0.0596
AACCTTTACGACGTCT-1,0.00017,0.116272,0.057558,0.00017,0.00017,0.00017,0.349922,0.00017,0.053354,0.422043
AACGAAAGTCGTCCCA-1,0.000046,0.027214,0.006006,0.186507,0.300611,0.00525,0.12662,0.058796,0.127019,0.161932
AACGACCTCCTAGCCG-1,0.034471,0.845939,0.003729,0.110079,0.000011,0.000011,0.000011,0.005727,0.000011,0.000011
AACGATAATGCCGTAG-1,0.000161,0.104417,0.000161,0.033755,0.252283,0.000161,0.559646,0.049092,0.000161,0.000161
AACGATAGAAGGGCCG-1,0.000299,0.000299,0.000299,0.000299,0.12831,0.000299,0.869295,0.000299,0.000299,0.000299
AACGATATGTCAACTG-1,0.132087,0.000117,0.000117,0.000117,0.331899,0.000517,0.284064,0.250848,0.000117,0.000117
AACGCATGATCTGGGT-1,0.064273,0.000083,0.000083,0.167941,0.081469,0.36594,0.152813,0.131697,0.002327,0.033374
AACGCGACCTTGGGCG-1,0.000046,0.000046,0.000046,0.026445,0.514023,0.025616,0.010583,0.000046,0.01633,0.40682
AACGCGGTCTCCAGCC-1,0.000103,0.000103,0.000103,0.000103,0.530593,0.118831,0.047875,0.158412,0.071851,0.072027
AACGCTGTTGCTGAAA-1,0.049142,0.000119,0.020732,0.093667,0.073355,0.313003,0.321815,0.000119,0.000691,0.127359
AACGGACGTACGTATA-1,0.053392,0.015927,0.000092,0.000092,0.150357,0.276353,0.065526,0.097948,0.021756,0.318557
AACGGCCATCTCCGGT-1,0.000065,0.000065,0.07471,0.085467,0.372291,0.062117,0.000065,0.021395,0.000065,0.383762
AACGTACTGTGGGTAC-1,0.000303,0.085002,0.055854,0.000303,0.000303,0.000303,0.497835,0.000303,0.000303,0.359491
AACGTCATCCGGCTTG-1,0.000079,0.000079,0.054854,0.0912,0.000079,0.000079,0.239171,0.000079,0.132917,0.481462
AACGTCGCTGCACTTC-1,0.000036,0.95226,0.000036,0.000036,0.000036,0.000036,0.029982,0.000036,0.017507,0.000036
AACGTGATGAAGGACA-1,0.000053,0.000053,0.000053,0.000053,0.729582,0.028594,0.049571,0.157293,0.012955,0.021792
AACGTGCGAAAGTCTC-1,0.000104,0.031154,0.000104,0.131417,0.018762,0.273021,0.39338,0.073864,0.004587,0.073607
AACGTTATCAGCACCT-1,0.000052,0.000052,0.000052,0.006603,0.423809,0.000052,0.06523,0.000122,0.03475,0.469277
AACGTTCTACCATTGT-1,0.062002,0.846628,0.000017,0.09125,0.000017,0.000017,0.000017,0.000017,0.000017,0.000017
AACTACCCGTTTGTCA-1,0.163595,0.593105,0.063565,0.000062,0.000062,0.000062,0.048733,0.000062,0.024764,0.10599
AACTAGGCTTGGGTGT-1,0.000162,0.000162,0.000162,0.018365,0.431745,0.023088,0.525829,0.000162,0.000162,0.000162
AACTCAAGTTAATTGC-1,0.000153,0.086866,0.018885,0.359872,0.000153,0.000153,0.533459,0.000153,0.000153,0.000153
AACTCCAGAGCGTGTT-1,0.077495,0.211113,0.001348,0.000175,0.000175,0.114163,0.595006,0.000175,0.000175,0.000175
AACTCCTAATCCCATG-1,0.000075,0.000075,0.000075,0.48177,0.113154,0.036797,0.145398,0.114457,0.087173,0.021026
AACTCGATAAACACGT-1,0.000066,0.026495,0.004849,0.040464,0.10187,0.000526,0.000066,0.384609,0.016583,0.424472
AACTCTCAATAGAGCG-1,0.095035,0.00008,0.00008,0.016943,0.192538,0.359091,0.182457,0.153615,0.00008,0.00008
AACTCTCAGTGTGCTC-1,0.000516,0.128745,0.000516,0.000516,0.000516,0.000516,0.597362,0.270283,0.000516,0.000516
AACTGAGGTCAGCGTC-1,0.079672,0.000124,0.000124,0.000124,0.350109,0.000124,0.352499,0.216974,0.000124,0.000124
AACTGAGTTATACTGA-1,0.029683,0.908467,0.002342,0.056558,0.000017,0.000017,0.000017,0.002863,0.000017,0.000017
AACTGATATTAGGCCT-1,0.000142,0.000142,0.000142,0.000142,0.416616,0.060412,0.395846,0.000142,0.04233,0.084084
AACTGGGTCCCGACGT-1,0.029156,0.00008,0.00008,0.15317,0.686843,0.00008,0.116911,0.01352,0.00008,0.00008
AACTGGGTTCGAGCCG-1,0.000078,0.000078,0.000078,0.055492,0.264601,0.058307,0.113177,0.391026,0.113007,0.004157
AACTTCTGCGTCTATC-1,0.000175,0.000175,0.029397,0.166671,0.173061,0.000175,0.257928,0.000175,0.002651,0.369591
AACTTGCCCGTATGCA-1,0.000103,0.000103,0.047028,0.022603,0.246421,0.000103,0.359482,0.000103,0.085649,0.238407
AACTTGCGTTCTCGCG-1,0.05581,0.000426,0.000426,0.000426,0.069834,0.000426,0.871377,0.000426,0.000426,0.000426
AACTTTACGGGAGCTT-1,0.029591,0.00006,0.00006,0.193809,0.315319,0.00006,0.179942,0.234574,0.046523,0.00006
AACTTTCTCGATCATG-1,0.037691,0.213336,0.000122,0.000122,0.000122,0.074822,0.211313,0.459748,0.000122,0.002601
AAGAAAGTTTGATGGG-1,0.000042,0.034118,0.007279,0.000042,0.000042,0.000042,0.116444,0.000042,0.63772,0.204232
AAGAAATCACCAGATT-1,0.029964,0.068472,0.000039,0.118602,0.027197,0.0066,0.022661,0.574477,0.104854,0.047136
AAGAAGGATCAGTTAG-1,0.000129,0.062378,0.057591,0.008235,0.652442,0.000129,0.000129,0.022791,0.000129,0.196045
AAGACATACGTGGTTT-1,0.122392,0.820218,0.000027,0.057203,0.000027,0.000027,0.000027,0.000027,0.000027,0.000027
AAGACCAAATAACTCA-1,0.000086,0.000086,0.000086,0.006343,0.034083,0.079441,0.576631,0.153245,0.064154,0.085844
AAGACCCAACTGAACA-1,0.000082,0.101359,0.071887,0.000082,0.000082,0.000082,0.399227,0.000082,0.034175,0.392943
AAGACTCACGCCCACT-1,0.000029,0.000029,0.000029,0.000029,0.2019,0.053823,0.000029,0.494345,0.067402,0.182383
AAGACTGCAAGCTACT-1,0.018086,0.000082,0.000082,0.062802,0.434427,0.069101,0.194408,0.220847,0.000082,0.000082
AAGAGATGAATCGGTA-1,0.043576,0.000198,0.000198,0.241786,0.303114,0.000198,0.410335,0.000198,0.000198,0.000198
AAGAGCTCTTTATCGG-1,0.032033,0.009762,0.057044,0.000078,0.301286,0.143029,0.167578,0.117862,0.000078,0.17125
AAGAGGATGTACGCGA-1,0.063531,0.000221,0.000221,0.000221,0.40642,0.000221,0.528499,0.000221,0.000221,0.000221
AAGAGGCATGGATCGC-1,0.028948,0.000078,0.027651,0.000078,0.42588,0.08475,0.329176,0.103283,0.000078,0.000078
AAGAGGCCCTTTGGAA-1,0.068109,0.778696,0.052232,0.000085,0.000085,0.000085,0.100455,0.000085,0.000085,0.000085
AAGATGGCACCGGACC-1,0.000144,0.20297,0.036754,0.000144,0.000144,0.000144,0.231626,0.000144,0.13236,0.395569
AAGATTGGCGGAACGT-1,0.000078,0.017578,0.089591,0.124352,0.000078,0.29667,0.107259,0.000078,0.000078,0.364239
AAGCACCCTGCGTATC-1,0.011416,0.000139,0.000139,0.061916,0.167673,0.161532,0.312452,0.284454,0.000139,0.000139
AAGCATACTCTCCTGA-1,0.000107,0.064366,0.014054,0.032988,0.000107,0.000107,0.482074,0.000107,0.007568,0.398522
AAGCCACTTGCAGGTA-1,0.000187,0.204783,0.000187,0.000187,0.000187,0.000187,0.140056,0.000187,0.199386,0.454651
AAGCCGAAGCGGTTTA-1,0.339426,0.338131,0.000127,0.088562,0.000127,0.042752,0.190494,0.000127,0.000127,0.000127
AAGCCGCCGTGAAATC-1,0.016588,0.000093,0.000093,0.000093,0.473767,0.000093,0.505897,0.003187,0.000093,0.000093
AAGCCGCTTTACCTTG-1,0.000044,0.042581,0.000044,0.000044,0.000044,0.139635,0.004122,0.34916,0.11507,0.349255
AAGCCGGAGAGCAGGA-1,0.110504,0.874746,0.009389,0.000015,0.000015,0.000015,0.000015,0.005269,0.000015,0.000015
AAGCGCAGGGCTTTGA-1,0.000152,0.000152,0.028756,0.000152,0.076399,0.245152,0.447705,0.000152,0.000152,0.20123
AAGCGGAGTGCGCGCA-1,0.010005,0.111812,0.000043,0.000043,0.012545,0.090798,0.112251,0.571501,0.019047,0.071955
AAGCGGCGTCATGGGT-1,0.093087,0.000082,0.000082,0.025431,0.445459,0.000082,0.329511,0.106105,0.000082,0.000082
AAGCGTCCCTCATCGA-1,0.000275,0.093173,0.000275,0.000275,0.000275,0.000275,0.429967,0.000275,0.000275,0.474936
AAGCTAGATCGAGTAA-1,0.000107,0.072195,0.024279,0.083279,0.266535,0.031975,0.222777,0.004847,0.011085,0.282922
AAGCTATGGATTGACC-1,0.000029,0.030603,0.000029,0.000029,0.000029,0.001605,0.000029,0.253909,0.184132,0.529607
AAGCTCGTGCCAAGTC-1,0.000052,0.000052,0.000052,0.015788,0.467763,0.147487,0.000052,0.00146,0.000052,0.367244
AAGCTCTTTCATGGTG-1,0.000422,0.117813,0.000422,0.000422,0.000422,0.000422,0.680286,0.06709,0.000422,0.132278
AAGGAGCGGTTGGTGC-1,0.000148,0.019329,0.063028,0.252241,0.000148,0.000148,0.463377,0.000148,0.087307,0.114127
AAGGATCGATCGCTTG-1,0.030203,0.041746,0.323808,0.000051,0.195359,0.226476,0.000051,0.004435,0.085823,0.092048
AAGGATGAGGGACCTC-1,0.074092,0.081948,0.000095,0.000095,0.410172,0.113453,0.196884,0.071291,0.016316,0.035653
AAGGCAGGCTGTCTCC-1,0.000065,0.782171,0.082501,0.000065,0.000065,0.000065,0.13487,0.000065,0.000065,0.000065
AAGGCTGTGCTCATCG-1,0.000277,0.000277,0.000277,0.000277,0.494333,0.000277,0.50345,0.000277,0.000277,0.000277
AAGGGAACGACTGGCT-1,0.000096,0.000096,0.000096,0.000096,0.334815,0.045655,0.48937,0.016949,0.0451,0.067725
AAGGGACAGATTCTGT-1,0.00008,0.052905,0.00008,0.00008,0.143772,0.388687,0.248703,0.101957,0.039158,0.024578
AAGGGACTATGCATTC-1,0.000242,0.000242,0.000242,0.000242,0.158425,0.149282,0.690598,0.000242,0.000242,0.000242
AAGGGTTAGCCATGCG-1,0.071297,0.877835,0.041362,0.009438,0.000011,0.000011,0.000011,0.000011,0.000011,0.000011
AAGGGTTTGATTTCAG-1,0.000058,0.130228,0.005074,0.000058,0.000058,0.000058,0.004469,0.025851,0.306007,0.528141
AAGGTATCCTAATATA-1,0.000028,0.000028,0.000028,0.004742,0.348678,0.356793,0.000028,0.018779,0.000028,0.270869
AAGGTGATAAACCAGC-1,0.000071,0.000071,0.255027,0.073673,0.314621,0.109736,0.138906,0.009615,0.015527,0.082754
AAGTAGAAGACCGGGT-1,0.000132,0.000132,0.147191,0.035314,0.559952,0.000132,0.219704,0.000132,0.000132,0.037179
AAGTAGTGACGCGAGG-1,0.065552,0.000228,0.000228,0.092583,0.242619,0.000228,0.597878,0.000228,0.000228,0.000228
AAGTCAATTGTCGTCA-1,0.000021,0.000021,0.065535,0.000021,0.029331,0.388953,0.000021,0.000021,0.000021,0.516053
AAGTCTAGTAGCTGCC-1,0.000065,0.07329,0.000065,0.193168,0.000065,0.020538,0.1261,0.372817,0.2067,0.007192
AAGTCTTCTGTGGCCT-1,0.00004,0.00004,0.00004,0.102888,0.05268,0.00833,0.00004,0.483838,0.049949,0.302155
AAGTGACGACCGAATT-1,0.000083,0.000083,0.035427,0.50028,0.000083,0.000083,0.194599,0.000083,0.012087,0.257192
AAGTGAGTCGGGTTTA-1,0.000126,0.000126,0.153747,0.000126,0.000126,0.000126,0.627455,0.000126,0.007454,0.210588
AAGTGCAAAGGTAGAC-1,0.000063,0.000063,0.000063,0.025593,0.703112,0.011508,0.000063,0.219112,0.040165,0.000256
AAGTGCCTTGACTGTA-1,0.000047,0.050059,0.10204,0.085457,0.163452,0.285489,0.003113,0.000047,0.000047,0.310249
AAGTGCGTTAGAATCT-1,0.049106,0.000138,0.000138,0.055599,0.450433,0.000138,0.444033,0.000138,0.000138,0.000138
AAGTGCTTCTCTATTG-1,0.000123,0.069462,0.022676,0.069859,0.185158,0.000123,0.140609,0.006626,0.000123,0.50524
AAGTGTTTGGAGACGG-1,0.000123,0.000123,0.472424,0.029675,0.000123,0.127666,0.170882,0.000123,0.040962,0.157899
AAGTTCACTCCAAGCT-1,0.00019,0.035591,0.00019,0.041763,0.00019,0.380993,0.325981,0.00019,0.00019,0.214722
AAGTTCAGTCTGCGTA-1,0.015722,0.000074,0.000074,0.089492,0.098893,0.26236,0.339644,0.161798,0.002798,0.029143
AAGTTCGGCCAACAGG-1,0.000172,0.000172,0.29284,0.380582,0.000172,0.000172,0.325372,0.000172,0.000172,0.000172
AAGTTGTGATGTTATA-1,0.390318,0.479645,0.000099,0.000099,0.000099,0.000099,0.129347,0.000099,0.000099,0.000099
AAGTTTACTAATGGCA-1,0.000199,0.000199,0.000199,0.000199,0.000199,0.000199,0.541556,0.235356,0.000664,0.221229
AAGTTTATGGGCCCAA-1,0.000055,0.000055,0.05097,0.033875,0.028478,0.004721,0.125473,0.000055,0.003414,0.752904
AATAACAACGCTCGGC-1,0.000157,0.000157,0.184811,0.000157,0.384393,0.045269,0.383715,0.000157,0.000157,0.001026
AATAACACTAGAACAA-1,0.015805,0.070973,0.037077,0.099879,0.32759,0.028958,0.038325,0.000053,0.000053,0.381286
AATAACGTCGCGCCCA-1,0.00003,0.880765,0.00003,0.00003,0.00003,0.00003,0.00003,0.015389,0.065954,0.03771
AATAAGTCCTCGAGAC-1,0.000053,0.000053,0.000053,0.000053,0.424305,0.03131,0.050425,0.048258,0.356982,0.088507
AATAATCTTCGTATCG-1,0.000042,0.944454,0.000042,0.000042,0.000042,0.000042,0.053449,0.000042,0.001803,0.000042
AATACAATGTTTCAGG-1,0.009106,0.000073,0.000073,0.513621,0.151887,0.000073,0.242081,0.000073,0.08294,0.000073
AATACCGGAGGGCTGT-1,0.000119,0.047919,0.069886,0.047558,0.095412,0.018223,0.197865,0.000119,0.000119,0.522779
AATACCTGATGTGAAC-1,0.000125,0.332339,0.032509,0.000125,0.000125,0.000125,0.358717,0.000125,0.016446,0.259366
AATAGAACAGAGTGGC-1,0.000163,0.000163,0.000163,0.122397,0.113433,0.000163,0.626058,0.000163,0.000163,0.137133
AATAGAATCTGTTTCA-1,0.000177,0.022832,0.058733,0.098584,0.000177,0.002015,0.521322,0.000177,0.016996,0.278988
AATAGCAAGCCTCCTG-1,0.000045,0.000045,0.000045,0.000045,0.030473,0.261807,0.000045,0.39863,0.000045,0.308819
AATAGCTACCGCGTGC-1,0.135318,0.000044,0.008915,0.077422,0.124635,0.368765,0.02917,0.100156,0.026054,0.12952
AATAGGCACGACCCTT-1,0.000028,0.146984,0.054231,0.07352,0.067021,0.00031,0.007337,0.231163,0.054113,0.365292
AATAGTCCGTCCCGAC-1,0.000107,0.000107,0.000107,0.049208,0.38894,0.053515,0.120444,0.000107,0.051205,0.336261
AATAGTCGCGAGTCGG-1,0.000027,0.000027,0.000027,0.000027,0.395919,0.056829,0.000027,0.054408,0.000027,0.492682
AATATCCTAGCAAACT-1,0.000033,0.000033,0.000033,0.000033,0.014388,0.040197,0.002319,0.794955,0.037821,0.110186
AATATCGAATCAATGC-1,0.51899,0.322361,0.000098,0.000098,0.049738,0.000098,0.108321,0.000098,0.000098,0.000098
AATATCGAGGGTTCTC-1,0.000134,0.052895,0.004245,0.000134,0.075033,0.122077,0.630729,0.000134,0.000134,0.114485
AATATTGGAGTATTGA-1,0.000086,0.000086,0.000086,0.331546,0.487372,0.000086,0.150704,0.000086,0.020696,0.009251
AATCAGGTTTCATTTA-1,0.000372,0.042046,0.190443,0.000372,0.000372,0.000372,0.337832,0.000372,0.000372,0.427448
AATCATGTAAAGACTC-1,0.000077,0.000077,0.000077,0.000077,0.000077,0.245741,0.24415,0.000077,0.000077,0.509573
AATCCCGCTCAGAGCC-1,0.000065,0.000065,0.000065,0.000065,0.002643,0.000065,0.14473,0.000065,0.093862,0.758378
AATCGAGGTCTCAAGG-1,0.000202,0.044656,0.000202,0.000202,0.000202,0.024252,0.670171,0.259706,0.000202,0.000202
AATCGCCTCAGCGCCA-1,0.017344,0.000075,0.138739,0.113626,0.33008,0.062126,0.055416,0.077442,0.000075,0.205078
AATCGCGCAGAGGACT-1,0.386342,0.502419,0.107234,0.000047,0.000474,0.000047,0.003296,0.000047,0.000047,0.000047
AATCGGGACACTACGA-1,0.000274,0.000274,0.000274,0.000274,0.1476,0.000274,0.745777,0.104705,0.000274,0.000274
AATCGGTATAGCCCTC-1,0.171117,0.716033,0.067615,0.000033,0.000033,0.006224,0.000033,0.032019,0.005981,0.000914
AATCGTGAGCCGAGCA-1,0.05607,0.000147,0.000147,0.000147,0.017985,0.570124,0.350809,0.00341,0.000147,0.001015
AATCTAGGTTTACTTG-1,0.013305,0.000154,0.000154,0.126976,0.375998,0.000154,0.334964,0.147987,0.000154,0.000154
AATCTATGCCGGAGCC-1,0.204151,0.000111,0.000111,0.000111,0.144924,0.213724,0.409247,0.027401,0.000111,0.000111
AATCTCTACTGTGGTT-1,0.000092,0.000092,0.000092,0.000092,0.424164,0.080228,0.332164,0.16289,0.000092,0.000092
AATCTGCGTTGGGACG-1,0.071457,0.068835,0.038388,0.000129,0.000129,0.124172,0.39936,0.000129,0.000129,0.297271
AATCTGGCTTTCTAGT-1,0.000168,0.000168,0.000168,0.000168,0.221218,0.000168,0.276321,0.000168,0.275296,0.226155
AATCTGGGTAGACCCT-1,0.000041,0.000041,0.000041,0.031096,0.58976,0.034929,0.000041,0.32206,0.000041,0.021952
AATGACAGCAATGTCT-1,0.000146,0.000146,0.110002,0.000146,0.047591,0.09529,0.3555,0.000146,0.191791,0.19924
AATGACGTAGGATGTC-1,0.000121,0.055091,0.000121,0.321729,0.090944,0.000121,0.46231,0.000121,0.000121,0.069322
AATGACTGTCAGCCGG-1,0.099563,0.000361,0.000361,0.000361,0.200666,0.000361,0.679219,0.018385,0.000361,0.000361
AATGAGTTCGCATATG-1,0.082389,0.00017,0.00017,0.530501,0.003799,0.00017,0.382294,0.00017,0.00017,0.00017
AATGATGATACGCTAT-1,0.091007,0.00013,0.00013,0.00013,0.029621,0.250259,0.468632,0.158085,0.00013,0.001875
AATGATGCGACTCCTG-1,0.121252,0.000087,0.000087,0.404311,0.21322,0.003133,0.230186,0.02755,0.000087,0.000087
AATGCAACCGGGTACC-1,0.000055,0.000055,0.000055,0.034765,0.71557,0.108524,0.002583,0.071813,0.021548,0.045032
AATGCACCAAGCAATG-1,0.00808,0.067469,0.049667,0.111746,0.205747,0.131476,0.297176,0.011136,0.000095,0.117408
AATGGCCGCCAATGCG-1,0.000023,0.064604,0.028777,0.286881,0.005343,0.083023,0.000023,0.268986,0.143187,0.119154
AATGGTCCACCGTTCA-1,0.000082,0.000082,0.027694,0.534281,0.021003,0.000082,0.28921,0.000082,0.000082,0.127405
AATGTATGGCACTGTA-1,0.000049,0.000049,0.00395,0.000049,0.000049,0.000049,0.081187,0.000049,0.060784,0.853786
AATGTGCCCGAGGTGT-1,0.000117,0.000117,0.000117,0.000117,0.2558,0.000117,0.374241,0.000117,0.218964,0.150292
AATGTGCTAATCTGAG-1,0.000127,0.000127,0.067379,0.098348,0.320742,0.01356,0.114817,0.000127,0.000127,0.384645
AATGTTAAGACCCTGA-1,0.000127,0.041942,0.085567,0.000127,0.000127,0.000127,0.49849,0.000127,0.081477,0.291887
AATGTTGTCGTGAGAC-1,0.319677,0.64258,0.037473,0.000039,0.000039,0.000039,0.000039,0.000039,0.000039,0.000039
AATTAAAGGTCGGCGT-1,0.000116,0.000116,0.000116,0.000116,0.509786,0.082974,0.300585,0.000116,0.004062,0.102012
AATTAACGGATTTCCA-1,0.022118,0.000125,0.000125,0.000125,0.522399,0.015057,0.236799,0.139628,0.000125,0.063498
AATTACGAGACCCATC-1,0.000083,0.000083,0.000083,0.028985,0.15206,0.178225,0.162997,0.266212,0.016388,0.194881
AATTACTCGTACGCTC-1,0.000127,0.000127,0.000127,0.000127,0.141204,0.017232,0.547381,0.109009,0.184538,0.000127
AATTAGCGCTGCAGCG-1,0.000079,0.000079,0.014219,0.120564,0.383501,0.034658,0.114484,0.010971,0.007724,0.313719
AATTATACCCAGCAAG-1,0.000164,0.209166,0.000164,0.000164,0.000164,0.000164,0.461114,0.000164,0.093478,0.235258
AATTCATAAGGGATCT-1,0.000056,0.000056,0.029989,0.147709,0.111004,0.220178,0.000056,0.000056,0.000056,0.490841
AATTCATTGTCATGCA-1,0.000109,0.000109,0.000109,0.218182,0.205166,0.115901,0.210483,0.093987,0.102461,0.053494
AATTCCAAGCATGTAC-1,0.000114,0.000114,0.000114,0.049681,0.209966,0.000114,0.288874,0.000114,0.113495,0.337412
AATTCGATTCGAGGAT-1,0.000112,0.000112,0.000112,0.098602,0.273775,0.06615,0.144748,0.000112,0.000112,0.416164
AATTCTAGAGTTAGGC-1,0.000118,0.000118,0.000118,0.403013,0.349885,0.000118,0.222507,0.000118,0.015156,0.00885
AATTGAACGCTCTGGT-1,0.052562,0.046704,0.00147,0.027805,0.11919,0.24669,0.303942,0.095138,0.000103,0.106394
AATTGCAGCAATCGAC-1,0.018378,0.095378,0.469288,0.000055,0.01786,0.121825,0.153069,0.04231,0.008089,0.073748
AATTGCGTGGATTACA-1,0.000125,0.000125,0.035619,0.000125,0.27404,0.000125,0.335374,0.174181,0.168557,0.011729
AATTGTGGTTGCCAAA-1,0.064201,0.904774,0.006895,0.000017,0.000017,0.000017,0.012483,0.000017,0.011563,0.000017
AATTTGGGACATAGTA-1,0.025344,0.000105,0.000105,0.000105,0.549452,0.084582,0.137484,0.202612,0.000105,0.000105
AATTTGGTTCCAAAGA-1,0.000099,0.000099,0.000099,0.000099,0.676702,0.042179,0.19352,0.012327,0.055823,0.019051
ACAAACCATGCGTCCT-1,0.000055,0.000055,0.003989,0.043454,0.266591,0.001916,0.03267,0.004298,0.171655,0.475318
ACAAACCGACAAGGCG-1,0.000024,0.000024,0.000024,0.024965,0.15691,0.000024,0.001244,0.024752,0.631437,0.160596
ACAAACTCCATCAGAG-1,0.002699,0.083681,0.010285,0.062994,0.122528,0.000244,0.041666,0.215106,0.097233,0.363562
ACAAAGAAGGTAGGCC-1,0.000053,0.000053,0.000053,0.00156,0.244452,0.148661,0.012777,0.388069,0.022351,0.181972
ACAAAGCATGACCTAG-1,0.190506,0.079857,0.00014,0.00014,0.00014,0.113094,0.588308,0.00014,0.00014,0.027537
ACAAATCGCACCGAAT-1,0.034902,0.000122,0.000122,0.000122,0.006864,0.208073,0.386306,0.000122,0.000122,0.363246
ACAAATGGTAGTGTTT-1,0.07638,0.15478,0.023338,0.000088,0.121775,0.438414,0.176549,0.008499,0.000088,0.000088
ACAAATTCAGATCTGA-1,0.042879,0.000067,0.000067,0.077572,0.198914,0.129893,0.172853,0.37762,0.000067,0.000067
ACAACAGCATGAGCTA-1,0.025985,0.000064,0.000064,0.079245,0.402991,0.105366,0.087811,0.011292,0.000064,0.287118
ACAACGGTCCCTGCGA-1,0.000362,0.168101,0.000362,0.000362,0.290178,0.000362,0.539184,0.000362,0.000362,0.000362
ACAAGCAGTGCCTAGC-1,0.000114,0.000114,0.000114,0.000114,0.457419,0.000114,0.4283,0.000114,0.042334,0.071264
ACAAGCTATATGGAAG-1,0.000046,0.000046,0.000046,0.247499,0.044697,0.000046,0.266083,0.299369,0.142123,0.000046
ACAAGGAAATCCGCCC-1,0.000128,0.08124,0.016344,0.129855,0.01836,0.000128,0.40957,0.000128,0.000128,0.344119
ACAAGGACAAGAGGTT-1,0.019113,0.016934,0.051435,0.02446,0.38349,0.042166,0.000062,0.000062,0.000062,0.462215
ACAAGGATGCTTTAGG-1,0.098672,0.101171,0.000157,0.155913,0.000157,0.000157,0.643303,0.000157,0.000157,0.000157
ACAAGGCCTACCAGCC-1,0.011227,0.028711,0.000067,0.000067,0.328973,0.051111,0.103773,0.430205,0.044301,0.001566
ACAAGGGCAGGCTCTG-1,0.00013,0.00013,0.00013,0.136348,0.039827,0.291736,0.467627,0.00013,0.06381,0.00013
ACAAGTAATTGTAAGG-1,0.000075,0.085389,0.023744,0.000075,0.000075,0.000075,0.238722,0.000075,0.231909,0.419863
ACAATAGTCGTACGTT-1,0.05518,0.000107,0.000107,0.003908,0.580562,0.000107,0.356292,0.003525,0.000107,0.000107
ACAATCCATTTAAACC-1,0.04282,0.000187,0.000187,0.023899,0.410717,0.000187,0.49137,0.020808,0.009636,0.000187
ACAATCGATCTTTATA-1,0.000143,0.010702,0.081334,0.000143,0.021194,0.027766,0.318898,0.000143,0.021611,0.518066
ACAATGAATACGGAGA-1,0.023857,0.000266,0.183705,0.000266,0.171745,0.000266,0.619097,0.000266,0.000266,0.000266
ACAATGATTCTTCTAC-1,0.024193,0.000068,0.000068,0.000068,0.155697,0.102844,0.186033,0.494698,0.036263,0.000068
ACAATTGTGTCTCTTT-1,0.000152,0.1651,0.128412,0.000152,0.000152,0.112984,0.351813,0.000152,0.000152,0.240928
ACAATTTAGGAGGCTC-1,0.0441,0.00013,0.00013,0.00013,0.36599,0.00013,0.430251,0.158881,0.00013,0.00013
ACAATTTGAGCAGTGG-1,0.120676,0.01131,0.276959,0.158697,0.109977,0.098716,0.109578,0.045141,0.030177,0.03877
ACAATTTGGCCATATT-1,0.246814,0.658692,0.037168,0.057151,0.000029,0.000029,0.000029,0.000029,0.000029,0.000029
ACACAAAGACGGGTGG-1,0.000045,0.000045,0.000045,0.000045,0.725846,0.127238,0.000045,0.071722,0.06028,0.014688
ACACAAATATTCCTAG-1,0.000028,0.020396,0.000028,0.000028,0.000028,0.13009,0.000028,0.491939,0.010975,0.346461
ACACACCAGGACCAGT-1,0.002894,0.013491,0.084588,0.090078,0.06594,0.199158,0.392662,0.071543,0.019219,0.060428
ACACACTTTCTACACG-1,0.000068,0.000068,0.000068,0.000068,0.605487,0.074912,0.000068,0.000068,0.051111,0.268083
ACACATGATCAAATCT-1,0.00009,0.00009,0.00009,0.181207,0.287242,0.00009,0.158409,0.072176,0.238396,0.062209
ACACATTGACGCAACA-1,0.000085,0.000085,0.000085,0.000085,0.251235,0.000085,0.546367,0.201803,0.000085,0.000085
ACACATTTCCGTAGAC-1,0.000111,0.037583,0.119347,0.21094,0.014464,0.000111,0.322216,0.000111,0.000111,0.295006
ACACCACATAATTAGC-1,0.121014,0.162117,0.032442,0.03492,0.040148,0.182961,0.215667,0.014327,0.06612,0.130284
ACACCCAGCATGCAGC-1,0.000166,0.000166,0.000166,0.116593,0.306364,0.000166,0.575879,0.000166,0.000166,0.000166
ACACCCGTAAATCTGT-1,0.000024,0.000024,0.000024,0.29929,0.048479,0.00643,0.007615,0.443739,0.178048,0.016327
ACACCGAGCGCTCTTT-1,0.000077,0.000077,0.000077,0.000077,0.252899,0.085628,0.035764,0.338411,0.149863,0.137127
ACACCGGTCTGACCGC-1,0.000066,0.000066,0.000066,0.000066,0.456951,0.000066,0.285599,0.004948,0.252108,0.000066
ACACCTTAAGTAGGGC-1,0.0004,0.0004,0.154835,0.0004,0.0004,0.0004,0.841964,0.0004,0.0004,0.0004
ACACCTTACTACTTGC-1,0.45521,0.313523,0.015867,0.000106,0.000106,0.065044,0.135402,0.014531,0.000106,0.000106
ACACGAGACTCCTTCT-1,0.000065,0.000065,0.000065,0.000065,0.503319,0.164614,0.130752,0.058048,0.000065,0.142942
ACACGGCACTATGCAT-1,0.000077,0.000077,0.000077,0.000077,0.402164,0.025012,0.223222,0.094086,0.04884,0.20637
ACACGGGAACTTAGGG-1,0.039971,0.000107,0.000107,0.000107,0.670169,0.098314,0.107162,0.083846,0.000107,0.000107
ACACGTAGGCCACAAG-1,0.072236,0.71212,0.185241,0.000046,0.000046,0.000046,0.030124,0.000046,0.000046,0.000046
ACACTCCAATGTCACT-1,0.000154,0.000154,0.000154,0.000154,0.478764,0.000154,0.515192,0.000154,0.004968,0.000154
ACACTGATCAAGGTGT-1,0.000189,0.000189,0.000189,0.000189,0.135091,0.000189,0.499725,0.000189,0.101155,0.262893
ACACTGGGACAGTCGT-1,0.334422,0.639939,0.02542,0.000031,0.000031,0.000031,0.000031,0.000031,0.000031,0.000031
ACAGAACTGAGAACAA-1,0.00007,0.00007,0.00007,0.222688,0.460074,0.00007,0.221098,0.00007,0.095719,0.00007
ACAGCATAGAGCCAGT-1,0.140372,0.000322,0.000322,0.02472,0.339962,0.000322,0.493016,0.000322,0.000322,0.000322
ACAGCGACATTCTCAT-1,0.222007,0.000105,0.170597,0.055612,0.038797,0.33695,0.046285,0.000105,0.12437,0.005172
ACAGCGCACCCGCAGC-1,0.000069,0.000069,0.000069,0.26293,0.225184,0.003216,0.227373,0.060296,0.132658,0.088136
ACAGGAGGCGCAGCCG-1,0.000075,0.238456,0.090819,0.031834,0.000075,0.000075,0.307855,0.000075,0.33066,0.000075
ACAGGCACGGATCCTT-1,0.027819,0.095381,0.042592,0.000066,0.03371,0.318725,0.276959,0.000066,0.014361,0.19032
ACAGGCTTGCCCGACT-1,0.01839,0.000158,0.000158,0.068716,0.006503,0.250015,0.532941,0.049048,0.000158,0.073913
ACAGGTGGAGGTGAGG-1,0.000189,0.065978,0.000189,0.061997,0.000189,0.000189,0.281246,0.02042,0.000189,0.569416
ACAGGTGTGTTGTTGC-1,0.000026,0.023356,0.000026,0.38588,0.000026,0.000026,0.155048,0.324096,0.048305,0.063212
ACAGTAATACAACTTG-1,0.000068,0.000068,0.000068,0.000068,0.598279,0.01616,0.167764,0.213673,0.003787,0.000068
ACAGTATACCGTGGGA-1,0.005582,0.069049,0.081065,0.060824,0.106621,0.184064,0.136974,0.160105,0.137961,0.057755
ACAGTGCAGCGCATTT-1,0.000041,0.000041,0.000041,0.000041,0.200983,0.058609,0.070597,0.646629,0.022975,0.000041
ACATAAGTCGTGGTGA-1,0.005098,0.000101,0.000101,0.002259,0.437714,0.100197,0.294659,0.11683,0.042938,0.000101
ACATAATAAGGCGGTG-1,0.02666,0.000072,0.000072,0.000072,0.733387,0.094258,0.057957,0.08738,0.000072,0.000072
ACATACAATCAAGCGG-1,0.000033,0.127027,0.184557,0.000033,0.000033,0.000867,0.000088,0.000033,0.202742,0.484589
ACATCAGCTGGGACGC-1,0.000094,0.000094,0.000094,0.119098,0.526361,0.000094,0.292,0.061976,0.000094,0.000094
ACATCCCGGCCATACG-1,0.000129,0.000129,0.041166,0.193983,0.156554,0.000129,0.427991,0.000129,0.029178,0.150612
ACATCCTGGTAACTGT-1,0.000051,0.000051,0.000051,0.000051,0.204023,0.350353,0.000051,0.000051,0.003932,0.441387
ACATCGATCGTTTACC-1,0.081475,0.000145,0.000145,0.057411,0.589771,0.033165,0.051696,0.01554,0.000145,0.170505
ACATCGCAATATTCGG-1,0.000082,0.098231,0.012007,0.011775,0.000082,0.000082,0.051682,0.159145,0.253115,0.413801
ACATCGGTCAGCCGCG-1,0.000236,0.053518,0.174923,0.000236,0.000236,0.000236,0.378618,0.000236,0.000236,0.391525
ACATCGTATGCAATGG-1,0.000043,0.000043,0.000043,0.057996,0.339132,0.548513,0.000043,0.005033,0.000043,0.049111
ACATCGTTAACCTAGT-1,0.000049,0.000049,0.000049,0.000049,0.721299,0.01092,0.000612,0.217632,0.000049,0.049289
ACATCTCAACGCGTAA-1,0.000069,0.000069,0.025162,0.054063,0.277886,0.060195,0.151928,0.037972,0.154258,0.238397
ACATGCTTACGGCAGC-1,0.000034,0.018897,0.001152,0.000034,0.000034,0.000034,0.006375,0.000034,0.626711,0.346693
ACATGGCGCCAAAGTA-1,0.040956,0.108112,0.007334,0.075789,0.057126,0.216361,0.159845,0.014014,0.023064,0.297399
ACATGGCTCAATTTAG-1,0.080809,0.000449,0.000449,0.000449,0.000449,0.000449,0.915602,0.000449,0.000449,0.000449
ACATTAGTTTATATCC-1,0.000129,0.000129,0.000129,0.322879,0.219657,0.000129,0.456558,0.000129,0.000129,0.000129
ACATTCGCGCGGAATA-1,0.000208,0.222241,0.000208,0.000208,0.000208,0.000208,0.513713,0.000208,0.262591,0.000208
ACATTTGAAACCTAAC-1,0.000083,0.166902,0.030134,0.000083,0.000083,0.03534,0.233269,0.000083,0.001557,0.532467
ACCAAACACCCAGCGA-1,0.06641,0.000078,0.000078,0.000078,0.300737,0.154427,0.078447,0.29376,0.000078,0.105908
ACCAAACTAGAAATCC-1,0.000159,0.000159,0.000159,0.000159,0.000159,0.000159,0.672632,0.325932,0.000327,0.000159
ACCAACACCACACACT-1,0.000039,0.036429,0.003163,0.055113,0.334863,0.223892,0.012602,0.19662,0.006999,0.130279
ACCAACCGCACTCCAC-1,0.000059,0.01819,0.208754,0.048867,0.000117,0.187477,0.114927,0.000059,0.022062,0.399489
ACCAACGCTTATTTAT-1,0.000201,0.000201,0.000201,0.000201,0.000201,0.000201,0.671326,0.000201,0.035507,0.291759
ACCAAGAACGCGTGTC-1,0.000385,0.000385,0.000385,0.000385,0.000385,0.000385,0.824328,0.172595,0.000385,0.000385
ACCAAGTCATCGGCAG-1,0.16132,0.670315,0.127578,0.000051,0.000051,0.000051,0.040483,0.000051,0.000051,0.000051
ACCAATATGCAAGTTA-1,0.000077,0.006033,0.091218,0.121457,0.291538,0.168184,0.207911,0.001184,0.000077,0.112319
ACCACAACTCAGAACA-1,0.025333,0.000048,0.000048,0.187933,0.556797,0.000051,0.074275,0.057195,0.098274,0.000048
ACCACAAGTTTCTATC-1,0.000144,0.072762,0.038636,0.008867,0.600668,0.000144,0.222657,0.000144,0.055832,0.000144
ACCACACGGTTGATGG-1,0.000113,0.096281,0.008019,0.000113,0.000113,0.034068,0.378201,0.086374,0.000113,0.396605
ACCACCAATGTAACAA-1,0.090093,0.140201,0.182515,0.000109,0.081229,0.045897,0.290479,0.000109,0.127406,0.041963
ACCACCCTCTCTTCTA-1,0.000046,0.000046,0.000046,0.000046,0.144037,0.417676,0.000046,0.403153,0.001489,0.033415
ACCACGTGCAGCTATA-1,0.043162,0.025593,0.000135,0.138478,0.08315,0.164324,0.311474,0.233416,0.000135,0.000135
ACCACTGTTCAAGAAG-1,0.000066,0.000066,0.000066,0.10081,0.099688,0.022851,0.140336,0.122642,0.513313,0.000161
ACCAGACCATAACAAC-1,0.000024,0.092523,0.051283,0.351682,0.087524,0.008931,0.01543,0.186451,0.008296,0.197855
ACCAGCCCGGTCTTTG-1,0.000102,0.000102,0.000102,0.000102,0.325699,0.007899,0.369115,0.000102,0.254848,0.041928
ACCAGTGCCCGGTCAA-1,0.00008,0.00008,0.102661,0.00008,0.236099,0.12718,0.158566,0.364681,0.00008,0.010492
