Barcode,Topic 1,Topic 2,Topic 3,Topic 4,Topic 5,Topic 6,Topic 7,Topic 8,Topic 9,Topic 10
AAACAAGTATCTCCCA-1,0.143848,0.187263,0.259699,0.204902,0.044828,0.048177,0.016317,0.05205,0.035734,0.007182
AAACAATCTACTAGCA-1,0.211883,0.04406,0.127063,0.021061,0.017544,0.009944,0.039471,0.085963,0.410101,0.032911
AAACAGAGCGACTCCT-1,0.512951,0.000024,0.000876,0.000024,0.000024,0.000024,0.043165,0.183807,0.25908,0.000024
AAACAGTGTTCCTGGG-1,0.875149,0.000018,0.000018,0.000018,0.010919,0.000018,0.069195,0.043934,0.00071,0.000018
AAACATTTCCCGGATT-1,0.075653,0.042215,0.064,0.042974,0.034484,0.110887,0.138273,0.19689,0.282519,0.012106
AAACCCGAACGAAATC-1,0.053629,0.13573,0.520274,0.160587,0.003635,0.013297,0.004173,0.056942,0.022154,0.029577
AAACCGGAAATGTTAA-1,0.000014,0.268576,0.339851,0.058081,0.092513,0.023258,0.012631,0.100046,0.012627,0.092404
AAACCGGGTAGGTACC-1,0.109716,0.120277,0.340878,0.313484,0.008744,0.002079,0.011567,0.001114,0.087621,0.00452
AAACCGTTCGTCCAGG-1,0.158489,0.122651,0.08956,0.354781,0.04625,0.055894,0.134651,0.015548,0.010678,0.011497
AAACCTAAGCAGCCGG-1,0.161586,0.672889,0.002513,0.047546,0.002503,0.023825,0.080276,0.000857,0.006623,0.001381
AAACGAGACGGTTGAT-1,0.000679,0.005772,0.097357,0.015228,0.010236,0.008015,0.008736,0.600997,0.005801,0.24718
AAACGCTGGGCACGAC-1,0.119566,0.102651,0.090606,0.385911,0.027833,0.030676,0.120982,0.046376,0.021091,0.054308
AAACGGGCGTACGGGT-1,0.030459,0.001749,0.037989,0.005175,0.22493,0.0079,0.053039,0.514866,0.068763,0.05513
AAACGGTTGCGAACTG-1,0.464236,0.193547,0.005486,0.089538,0.005143,0.013402,0.224559,0.000022,0.004051,0.000018
AAACTCGGTTCGCAAT-1,0.137435,0.345579,0.016966,0.338844,0.009458,0.05279,0.096054,0.000021,0.002066,0.000787
AAACTCGTGATATAAG-1,0.09317,0.71181,0.060171,0.132796,0.000039,0.000039,0.000039,0.000039,0.00186,0.000039
AAACTGCTGGCTCCAA-1,0.022041,0.11631,0.256321,0.270611,0.070673,0.066895,0.040315,0.094922,0.019526,0.042387
AAAGAATGTGGACTAA-1,0.19439,0.327212,0.000025,0.472549,0.001801,0.001659,0.002296,0.000023,0.000023,0.000023
AAAGCTTGCCTACATA-1,0.078244,0.838439,0.007038,0.002033,0.000035,0.000035,0.000035,0.000035,0.072151,0.001953
AAAGGCCCTATAATAC-1,0.447547,0.124758,0.070351,0.171209,0.021923,0.007208,0.050728,0.027693,0.06152,0.017063
AAAGGCTACGGACCAT-1,0.049768,0.230122,0.04146,0.41277,0.010091,0.038845,0.115792,0.017989,0.012116,0.071048
AAAGGCTCTCGCGCCG-1,0.256182,0.005418,0.026745,0.322536,0.093707,0.007094,0.276788,0.009601,0.001907,0.000022
AAAGGGATGTAGCAAG-1,0.065012,0.000034,0.005901,0.000034,0.007782,0.000237,0.396567,0.371068,0.141251,0.012114
AAAGGGCAGCTTGAAT-1,0.056055,0.116666,0.252033,0.09676,0.005056,0.028459,0.000836,0.048843,0.072148,0.323145
AAAGTAGCATTGCTCA-1,0.129259,0.091245,0.183351,0.451203,0.058593,0.001814,0.025892,0.000037,0.034165,0.02444
AAAGTGCCATCAATTA-1,0.173999,0.06687,0.041713,0.355218,0.026384,0.017571,0.259626,0.012547,0.016116,0.029957
AAAGTGTGATTTATCT-1,0.000004,0.000004,0.088772,0.001997,0.180831,0.011457,0.007109,0.57439,0.007075,0.128361
AAAGTTGACTCCCGTA-1,0.105013,0.001503,0.285606,0.061368,0.133544,0.053016,0.095859,0.145754,0.067304,0.051033
AAATAAGGTAGTGCCC-1,0.00001,0.064232,0.085209,0.012229,0.017878,0.057982,0.009781,0.078487,0.068547,0.605645
AAATACCTATAAGCAT-1,0.028148,0.16595,0.03865,0.053849,0.075775,0.111748,0.073375,0.270869,0.159429,0.022207
AAATAGCTTAGACTTT-1,0.000011,0.01715,0.027779,0.001966,0.002291,0.00906,0.003507,0.616708,0.00811,0.313418
AAATAGGGTGCTATTG-1,0.068296,0.001321,0.041053,0.052047,0.164262,0.008821,0.204742,0.444199,0.003474,0.011786
AAATCCGATACACGCC-1,0.119545,0.021895,0.002455,0.011455,0.04166,0.028073,0.17095,0.479348,0.067081,0.057538
AAATCGTGTACCACAA-1,0.057553,0.002631,0.209594,0.079277,0.246382,0.017282,0.105733,0.230743,0.021199,0.029605
AAATCTAGCCCTGCTA-1,0.01372,0.018682,0.122514,0.617161,0.050187,0.010891,0.153925,0.011996,0.000259,0.000664
AAATGACTGATCAAAC-1,0.964515,0.03532,0.000021,0.000021,0.000021,0.000021,0.000021,0.000021,0.000021,0.000021
AAATGCTCGTTACGTT-1,0.000019,0.130684,0.007883,0.004069,0.000223,0.00128,0.000019,0.000788,0.10596,0.749074
AAATGGCATGTCTTGT-1,0.545935,0.000051,0.000051,0.000051,0.000051,0.000051,0.000051,0.000051,0.45366,0.000051
AAATGGTCAATGTGCC-1,0.003375,0.148707,0.548529,0.179661,0.00015,0.013547,0.01071,0.032185,0.037575,0.025561
AAATTAACGGGTAGCT-1,0.007182,0.007223,0.152633,0.015523,0.01775,0.008818,0.012478,0.605649,0.003935,0.168809
AAATTACACGACTCTG-1,0.272295,0.126314,0.107613,0.062625,0.002669,0.056515,0.090049,0.060637,0.175451,0.045833
AAATTACCTATCGATG-1,0.000015,0.262118,0.095614,0.061766,0.00124,0.067963,0.007427,0.022802,0.06098,0.420075
AAATTCCAGGTCCAAA-1,0.000046,0.001396,0.075969,0.014819,0.008624,0.010584,0.03004,0.470394,0.068666,0.319461
AAATTGATAGTCCTTT-1,0.317682,0.023417,0.016655,0.114384,0.012662,0.017641,0.41515,0.024467,0.057357,0.000585
AAATTGCGGCGGTTCT-1,0.000077,0.970274,0.000077,0.022581,0.000077,0.000077,0.000077,0.000077,0.000077,0.006604
AAATTTGCGGGTGTGG-1,0.067571,0.023402,0.104803,0.53453,0.002669,0.003519,0.150041,0.002706,0.110739,0.000019
AACAACTGGTAGTTGC-1,0.000018,0.030282,0.374806,0.099564,0.005187,0.013412,0.015257,0.247754,0.007123,0.206597
AACAATACATTGTCGA-1,0.405116,0.186554,0.003562,0.21699,0.006146,0.040616,0.13991,0.000012,0.00047,0.000623
AACAATTACTCTACGC-1,0.105047,0.045364,0.49458,0.090387,0.052542,0.007299,0.044913,0.046279,0.102685,0.010902
AACACACGCTCGCCGC-1,0.023574,0.056541,0.356738,0.203937,0.044331,0.072141,0.04429,0.117519,0.048904,0.032025
AACACGACTGTACTGA-1,0.446868,0.000033,0.000033,0.000033,0.000033,0.000033,0.000033,0.000033,0.55287,0.000033
AACAGCTGTGTGGCAA-1,0.191801,0.080375,0.033076,0.026415,0.188252,0.03574,0.195714,0.097062,0.044092,0.107473
AACAGGATGGGCCGCG-1,0.060387,0.154998,0.340844,0.108202,0.007733,0.014958,0.006638,0.043604,0.043894,0.218742
AACAGGTAGTATGGAT-1,0.000012,0.005228,0.275902,0.056529,0.243276,0.036103,0.047359,0.161758,0.026334,0.147498
AACATAGCGTGTATCG-1,0.846375,0.153201,0.000053,0.000053,0.000053,0.000053,0.000053,0.000053,0.000053,0.000053
AACATATCAACTGGTG-1,0.000012,0.018211,0.062835,0.013904,0.010222,0.026549,0.015073,0.085273,0.073578,0.694341
AACATTGAAGTTGATC-1,0.664063,0.280179,0.001143,0.024861,0.005702,0.003226,0.008429,0.000012,0.007742,0.004642
AACATTGTGACTCGAG-1,0.159832,0.321855,0.000045,0.004672,0.008727,0.033202,0.057728,0.098969,0.297607,0.017362
AACCATGGGATCGCTA-1,0.001861,0.767983,0.008682,0.011738,0.000029,0.000029,0.000029,0.000029,0.000084,0.209537
AACCCAGAGACGGAGA-1,0.001318,0.147142,0.024111,0.021697,0.016007,0.001858,0.004545,0.00391,0.098106,0.681306
AACCCGACAACCCGTG-1,0.368871,0.080951,0.007035,0.46948,0.011154,0.011575,0.047688,0.000017,0.000017,0.003212
AACCCGAGCAGAATCG-1,0.096789,0.126903,0.19213,0.132217,0.097911,0.030489,0.048911,0.046297,0.198907,0.029446
AACCCGCTGTATTCCA-1,0.990683,0.009089,0.000029,0.000029,0.000029,0.000029,0.000029,0.000029,0.000029,0.000029
AACCCTACTGTCAATA-1,0.000012,0.003242,0.312054,0.083811,0.015747,0.035532,0.008809,0.433161,0.002694,0.104939
AACCCTGGTGGAACCA-1,0.161381,0.000013,0.03759,0.011359,0.002807,0.008825,0.075073,0.189121,0.508185,0.005647
AACCGAGCTTGGTCAT-1,0.000013,0.012561,0.031,0.004739,0.011331,0.008386,0.013122,0.275281,0.014654,0.628913
AACCGCTAAGGGATGC-1,0.001352,0.163864,0.265451,0.083462,0.178854,0.088076,0.016631,0.067006,0.020328,0.114976
AACCGTTGTGTTTGCT-1,0.749813,0.000038,0.000038,0.000038,0.000038,0.000038,0.000038,0.000038,0.249884,0.000038
AACCTCGCTTTAGCCC-1,0.156758,0.000552,0.036853,0.020638,0.150802,0.039245,0.18755,0.222329,0.160638,0.024633
AACCTGTCACGGAATT-1,0.000017,0.36151,0.122385,0.008632,0.001527,0.093755,0.003205,0.064969,0.176457,0.167544
AACCTTTAAATACGGT-1,0.036136,0.000009,0.03031,0.007096,0.105627,0.00491,0.085556,0.576467,0.105657,0.048231
AACGACCTCCTAGCCG-1,0.179713,0.312489,0.016051,0.470706,0.006166,0.002681,0.012127,0.000022,0.000022,0.000022
AACGATAATGCCGTAG-1,0.194795,0.099914,0.204131,0.150807,0.054415,0.017216,0.175458,0.023992,0.076261,0.003011
AACGATAGAAGGGCCG-1,0.00318,0.860192,0.000698,0.004257,0.000039,0.000039,0.000039,0.000039,0.095655,0.035861
AACGATATGTCAACTG-1,0.000013,0.059791,0.089039,0.05086,0.020403,0.015516,0.021744,0.167145,0.022874,0.552614
AACGCGACCTTGGGCG-1,0.432356,0.22843,0.004796,0.212929,0.014299,0.025258,0.069251,0.000017,0.000017,0.012646
AACGCGGTCTCCAGCC-1,0.000022,0.397853,0.016495,0.014329,0.001282,0.116241,0.016236,0.021581,0.061439,0.354523
AACGCTGTTGCTGAAA-1,0.003452,0.072041,0.151951,0.598945,0.026929,0.028482,0.052662,0.010334,0.000018,0.055186
AACGGACGTACGTATA-1,0.071371,0.033421,0.278346,0.057184,0.2537,0.028553,0.047051,0.115816,0.081647,0.032911
AACGGCCATCTCCGGT-1,0.141964,0.021497,0.077046,0.103569,0.049872,0.037291,0.334348,0.068086,0.128471,0.037856
AACGTACTGTGGGTAC-1,0.083086,0.023035,0.162549,0.373133,0.012553,0.013297,0.265944,0.029053,0.004742,0.032606
AACGTAGTCTACCCAT-1,0.203471,0.561582,0.019912,0.005421,0.000043,0.000043,0.000043,0.003319,0.11331,0.092855
AACGTCAGACTAGTGG-1,0.000015,0.053682,0.157336,0.081953,0.004314,0.018202,0.029488,0.085091,0.022315,0.547603
AACGTCATCCGGCTTG-1,0.753212,0.245266,0.00019,0.00019,0.00019,0.00019,0.00019,0.00019,0.00019,0.00019
AACGTCGCTGCACTTC-1,0.881981,0.028667,0.018944,0.018089,0.046936,0.002592,0.000034,0.000034,0.000034,0.00269
AACGTGCGAAAGTCTC-1,0.079253,0.050365,0.351713,0.05974,0.039975,0.050157,0.012562,0.242883,0.046675,0.066677
AACGTTCTACCATTGT-1,0.401036,0.014919,0.000025,0.011885,0.023205,0.250264,0.063042,0.090998,0.03477,0.109856
AACTACCCGTTTGTCA-1,0.247166,0.018478,0.487409,0.101597,0.006351,0.00656,0.00292,0.009178,0.105823,0.014519
AACTAGCGTATCGCAC-1,0.116526,0.00106,0.074896,0.005651,0.005336,0.003441,0.049643,0.190322,0.535533,0.017593
AACTAGGCTTGGGTGT-1,0.000019,0.211544,0.007202,0.771292,0.000019,0.004433,0.005435,0.000019,0.000019,0.000019
AACTCAAGTTAATTGC-1,0.081982,0.118464,0.173892,0.350447,0.02126,0.018282,0.14047,0.029033,0.062266,0.003904
AACTCCAGAGCGTGTT-1,0.00059,0.053873,0.122347,0.451216,0.069529,0.046525,0.139503,0.027401,0.006497,0.08252
AACTCCTAATCCCATG-1,0.224176,0.000028,0.000028,0.000028,0.029395,0.013566,0.194015,0.29003,0.248195,0.00054
AACTCGATGGCGCAGT-1,0.119085,0.869766,0.000057,0.000057,0.000057,0.000057,0.000057,0.000057,0.010748,0.000057
AACTCTCAATAGAGCG-1,0.035257,0.010849,0.03179,0.003309,0.012674,0.031019,0.00905,0.635107,0.01959,0.211355
AACTCTCAGTGTGCTC-1,0.111683,0.055262,0.039212,0.263219,0.005285,0.02787,0.457887,0.005167,0.022868,0.011548
AACTGAGTTATACTGA-1,0.002148,0.064166,0.165201,0.024589,0.24457,0.133495,0.014741,0.129467,0.01347,0.208153
AACTGATATTAGGCCT-1,0.127187,0.647673,0.128847,0.095522,0.000056,0.000056,0.000056,0.000056,0.00049,0.000056
AACTGGGTCCCGACGT-1,0.000027,0.352356,0.125299,0.035898,0.004672,0.022261,0.001298,0.0019,0.017049,0.43924
AACTTGCCCGTATGCA-1,0.067587,0.07916,0.483674,0.128898,0.040356,0.021155,0.019743,0.018933,0.031801,0.108693
AACTTGCGTTCTCGCG-1,0.007405,0.224777,0.001648,0.000116,0.005571,0.000525,0.000028,0.000779,0.157516,0.601637
AACTTTAGCTGCTGAG-1,0.201892,0.000024,0.162406,0.013792,0.000024,0.000024,0.000024,0.008705,0.611649,0.001462
AAGAAGGATCAGTTAG-1,0.000044,0.788429,0.007425,0.000163,0.00498,0.000044,0.000044,0.000044,0.021026,0.177801
AAGACATACGTGGTTT-1,0.299791,0.322827,0.047214,0.094236,0.045704,0.025589,0.032395,0.023563,0.072005,0.036676
AAGACCCAACTGAACA-1,0.04597,0.16446,0.04557,0.461302,0.022582,0.038812,0.176035,0.008284,0.023188,0.013797
AAGACTAACCCGTTGT-1,0.041439,0.958106,0.000057,0.000057,0.000057,0.000057,0.000057,0.000057,0.000057,0.000057
AAGACTGCAAGCTACT-1,0.089593,0.004395,0.173291,0.020493,0.104364,0.036942,0.021651,0.338728,0.116897,0.093645
AAGAGATGAATCGGTA-1,0.05753,0.191164,0.344377,0.131903,0.006897,0.006531,0.002643,0.043171,0.109938,0.105846
AAGAGCTCTTTATCGG-1,0.000013,0.011386,0.277403,0.058301,0.007583,0.01425,0.029775,0.426218,0.000014,0.175057
AAGAGGATGTACGCGA-1,0.063672,0.168847,0.338738,0.288175,0.016733,0.000037,0.003396,0.017787,0.043128,0.059487
AAGAGGCATGGATCGC-1,0.129756,0.062859,0.398769,0.269985,0.001624,0.036071,0.001483,0.015416,0.001217,0.082821
AAGAGGCCCTTTGGAA-1,0.11506,0.035464,0.033058,0.003965,0.226931,0.018523,0.058501,0.239373,0.166185,0.102939
AAGATGGCACCGGACC-1,0.048731,0.057763,0.010778,0.143923,0.036861,0.013226,0.434776,0.172756,0.029903,0.051282
AAGATTGGCGGAACGT-1,0.000016,0.128833,0.224982,0.063721,0.005378,0.082886,0.014425,0.022214,0.018411,0.439135
AAGCACCCTGCGTATC-1,0.344553,0.019179,0.15589,0.222319,0.000033,0.000033,0.000033,0.000033,0.257893,0.000033
AAGCATACTCTCCTGA-1,0.086433,0.069536,0.126257,0.479571,0.059871,0.032954,0.096134,0.017704,0.015115,0.016424
AAGCCACTTGCAGGTA-1,0.549606,0.255531,0.02885,0.165798,0.000036,0.000036,0.000036,0.000036,0.000036,0.000036
AAGCCGAAGCGGTTTA-1,0.016667,0.08295,0.213472,0.097265,0.077726,0.076172,0.268451,0.133588,0.029942,0.003767
AAGCCGCCGTGAAATC-1,0.447573,0.084104,0.072861,0.155668,0.012837,0.01585,0.096464,0.018507,0.05195,0.044185
AAGCCGGAGAGCAGGA-1,0.003525,0.094258,0.068923,0.083859,0.081963,0.046622,0.085037,0.215802,0.088094,0.231917
AAGCGCAGGGCTTTGA-1,0.300226,0.014539,0.004917,0.029842,0.139963,0.094136,0.220116,0.090629,0.056906,0.048726
AAGCGTCCCTCATCGA-1,0.374349,0.003399,0.009002,0.148607,0.063786,0.008887,0.384841,0.001545,0.004801,0.000784
AAGCTAGATCGAGTAA-1,0.128854,0.444873,0.165337,0.23995,0.000211,0.00938,0.000023,0.000656,0.000284,0.010431
AAGCTCGTGCCAAGTC-1,0.082019,0.037489,0.220588,0.175615,0.010493,0.054206,0.079498,0.243204,0.049336,0.047552
AAGCTCTTTCATGGTG-1,0.263788,0.039781,0.001314,0.027096,0.000024,0.001759,0.653981,0.002148,0.010085,0.000024
AAGGAGCGGTTGGTGC-1,0.000022,0.079461,0.410506,0.04245,0.000022,0.000667,0.000022,0.143564,0.000531,0.322755
AAGGATCGATCGCTTG-1,0.000015,0.061808,0.42092,0.254315,0.003189,0.016937,0.011093,0.030061,0.001042,0.20062
AAGGATGAGGGACCTC-1,0.057737,0.063095,0.023822,0.002421,0.016683,0.02646,0.005227,0.242645,0.059573,0.502337
AAGGCAGGCTGTCTCC-1,0.051609,0.071323,0.409124,0.085706,0.018139,0.062181,0.038863,0.126115,0.016099,0.120842
AAGGCGCGTAAAGCTT-1,0.000016,0.07221,0.102841,0.041708,0.028418,0.006399,0.010248,0.093223,0.03088,0.614057
AAGGCTGTGCTCATCG-1,0.006298,0.144536,0.345802,0.150952,0.002658,0.007436,0.00309,0.14765,0.005489,0.186088
AAGGGACAGATTCTGT-1,0.003701,0.137204,0.179333,0.148136,0.000018,0.013495,0.015303,0.0211,0.02005,0.46166
AAGGGACTATGCATTC-1,0.274036,0.111986,0.091556,0.258094,0.070648,0.009138,0.081337,0.019337,0.071624,0.012243
AAGGGTTAGCCATGCG-1,0.40181,0.317583,0.00004,0.280327,0.00004,0.00004,0.00004,0.00004,0.00004,0.00004
AAGGTATCCTAATATA-1,0.077281,0.066238,0.089444,0.044169,0.027395,0.043661,0.0075,0.078778,0.073011,0.492523
AAGGTGATAAACCAGC-1,0.155957,0.000007,0.137608,0.013972,0.133315,0.040626,0.180714,0.266176,0.066668,0.004958
AAGTAGAAGACCGGGT-1,0.00002,0.209133,0.044828,0.029554,0.001176,0.011155,0.008034,0.013695,0.014599,0.667805
AAGTAGTGACGCGAGG-1,0.014141,0.176831,0.446974,0.069897,0.021212,0.008366,0.001603,0.026411,0.121786,0.112779
AAGTCAATTGTCGTCA-1,0.000887,0.021792,0.058632,0.00228,0.206847,0.047607,0.006587,0.340577,0.065796,0.248994
AAGTGACGACCGAATT-1,0.071124,0.047331,0.343307,0.463344,0.000049,0.000049,0.015413,0.001421,0.031171,0.026792
AAGTGAGTCGGGTTTA-1,0.120635,0.000012,0.000128,0.006854,0.089751,0.015389,0.168283,0.450979,0.08258,0.065388
AAGTGCCTTGACTGTA-1,0.00191,0.020386,0.29428,0.04007,0.064961,0.072039,0.041397,0.286278,0.010529,0.16815
AAGTGCGTTAGAATCT-1,0.175081,0.039795,0.334374,0.338797,0.000045,0.000045,0.000045,0.004594,0.04987,0.057353
AAGTGCTTCTCTATTG-1,0.261261,0.195352,0.030775,0.131152,0.068469,0.025055,0.134092,0.03105,0.053353,0.069441
AAGTGTTTGGAGACGG-1,0.000023,0.185265,0.171515,0.44144,0.115947,0.009102,0.033264,0.004167,0.000393,0.038885
AAGTTCACTCCAAGCT-1,0.050132,0.015626,0.075211,0.06704,0.100896,0.023426,0.258205,0.309581,0.058369,0.041514
AAGTTCGGCCAACAGG-1,0.080933,0.007293,0.068321,0.184363,0.07622,0.021385,0.288981,0.049876,0.167711,0.054917
AAGTTGTGATGTTATA-1,0.143803,0.524946,0.02124,0.214592,0.005656,0.029997,0.036199,0.003246,0.007082,0.013238
AAGTTTACTAATGGCA-1,0.10314,0.000024,0.083711,0.033668,0.007846,0.025153,0.094326,0.172379,0.466353,0.0134
AAGTTTATGGGCCCAA-1,0.341491,0.075639,0.023126,0.278041,0.012678,0.022773,0.243654,0.002285,0.000291,0.000021
AATAACAACGCTCGGC-1,0.032798,0.199374,0.341091,0.196929,0.033604,0.017824,0.018777,0.026591,0.048895,0.084118
AATAACACTAGAACAA-1,0.271522,0.046146,0.032405,0.354372,0.008152,0.012711,0.247501,0.00529,0.019702,0.0022
AATAACGTCGCGCCCA-1,0.588944,0.00333,0.007829,0.08364,0.072784,0.007727,0.178417,0.056258,0.001046,0.000025
AATAATCTTCGTATCG-1,0.009639,0.036812,0.231329,0.048687,0.22347,0.031487,0.006587,0.121412,0.009309,0.281268
AATACCGGAGGGCTGT-1,0.401097,0.167418,0.01038,0.083956,0.022051,0.069413,0.168871,0.015815,0.036401,0.024599
AATACCTGATGTGAAC-1,0.668929,0.135448,0.004264,0.191154,0.000034,0.000034,0.000034,0.000034,0.000034,0.000034
AATAGAACAGAGTGGC-1,0.128521,0.12253,0.018793,0.533606,0.014225,0.014731,0.130283,0.00476,0.012351,0.0202
AATAGAATCTGTTTCA-1,0.003175,0.050562,0.280594,0.440188,0.044569,0.016436,0.098943,0.045147,0.02035,0.000036
AATAGGCACGACCCTT-1,0.613611,0.385448,0.000118,0.000118,0.000118,0.000118,0.000118,0.000118,0.000118,0.000118
AATAGTCCGTCCCGAC-1,0.211678,0.270341,0.110655,0.197456,0.024609,0.019953,0.029314,0.023527,0.086115,0.026353
AATATCAAGGTCGGAT-1,0.571494,0.000066,0.000066,0.000066,0.000066,0.000066,0.000066,0.000066,0.427978,0.000066
AATATCGAATCAATGC-1,0.000496,0.150655,0.224474,0.068327,0.197868,0.098258,0.029201,0.052238,0.020018,0.158465
AATATCGAGGGTTCTC-1,0.000013,0.001147,0.015047,0.000991,0.020179,0.009613,0.007114,0.196672,0.057986,0.691237
AATCAGACTGCAGGAC-1,0.018255,0.981313,0.000054,0.000054,0.000054,0.000054,0.000054,0.000054,0.000054,0.000054
AATCAGGTTTCATTTA-1,0.136956,0.041349,0.003096,0.008872,0.217971,0.027754,0.066428,0.218528,0.138519,0.140528
AATCATGTAAAGACTC-1,0.048211,0.130357,0.229822,0.115365,0.204404,0.035933,0.04979,0.126647,0.02395,0.035522
AATCCAAGGGCCTGAG-1,0.157173,0.842437,0.000049,0.000049,0.000049,0.000049,0.000049,0.000049,0.000049,0.000049
AATCCATGCAAGGGTG-1,0.319351,0.099529,0.25003,0.228508,0.000105,0.000105,0.000105,0.000105,0.066385,0.035777
AATCCCGCTCAGAGCC-1,0.773269,0.175721,0.000049,0.046736,0.000049,0.000049,0.003981,0.000049,0.000049,0.000049
AATCGAGGTCTCAAGG-1,0.999209,0.000088,0.000088,0.000088,0.000088,0.000088,0.000088,0.000088,0.000088,0.000088
AATCGCCTCAGCGCCA-1,0.040627,0.050281,0.143787,0.016221,0.118243,0.08146,0.017635,0.299884,0.134488,0.097374
AATCGCGCAGAGGACT-1,0.000011,0.014101,0.272556,0.049956,0.008414,0.026172,0.031151,0.45126,0.003533,0.142846
AATCGGTATAGCCCTC-1,0.64766,0.021016,0.000623,0.106243,0.039445,0.00373,0.181191,0.00003,0.00003,0.00003
AATCGTGAGCCGAGCA-1,0.313911,0.034292,0.025481,0.054692,0.069413,0.013616,0.221967,0.174705,0.04742,0.044502
AATCTATGCCGGAGCC-1,0.00002,0.266352,0.06588,0.04998,0.002155,0.017153,0.013944,0.003502,0.090798,0.490216
AATCTGCGTTGGGACG-1,0.000014,0.008552,0.101239,0.028765,0.009305,0.087689,0.06192,0.416186,0.013954,0.272375
AATGACAGCAATGTCT-1,0.167457,0.114046,0.318504,0.299743,0.013071,0.000209,0.030527,0.000034,0.043419,0.01299
AATGACGTAGGATGTC-1,0.026293,0.051071,0.250549,0.16554,0.059627,0.032585,0.190545,0.168925,0.034072,0.020792
AATGACTGTCAGCCGG-1,0.000016,0.129177,0.099344,0.072609,0.009334,0.037389,0.037941,0.04056,0.035994,0.537635
AATGAGTTCGCATATG-1,0.075269,0.177054,0.028505,0.020184,0.015257,0.015849,0.001151,0.000033,0.067562,0.599137
AATGATGATACGCTAT-1,0.000024,0.079721,0.179117,0.071981,0.019281,0.056217,0.008271,0.009482,0.128313,0.447592
AATGATGCGACTCCTG-1,0.008674,0.013031,0.00836,0.003496,0.006897,0.040291,0.01629,0.073739,0.342309,0.486913
AATGCAACCGGGTACC-1,0.028418,0.119469,0.053397,0.032677,0.006579,0.077075,0.168946,0.26369,0.113652,0.136096
AATGGTTCTCACAAGC-1,0.000016,0.278253,0.010333,0.004766,0.000938,0.013981,0.005209,0.019825,0.029052,0.637626
AATGTGCCCGAGGTGT-1,0.24972,0.141738,0.089328,0.326816,0.029082,0.004106,0.051484,0.012151,0.05599,0.039585
AATGTGCTAATCTGAG-1,0.535297,0.061728,0.02063,0.28558,0.001552,0.007416,0.057577,0.000015,0.029014,0.001192
AATGTTAAGACCCTGA-1,0.993386,0.006275,0.000042,0.000042,0.000042,0.000042,0.000042,0.000042,0.000042,0.000042
AATGTTGTCGTGAGAC-1,0.109944,0.269813,0.024071,0.303114,0.059933,0.068509,0.095706,0.012304,0.001644,0.054961
AATTAAAGGTCGGCGT-1,0.325792,0.000021,0.216051,0.027414,0.016991,0.000066,0.067543,0.086516,0.259558,0.000047
AATTAACGGATTTCCA-1,0.173897,0.002736,0.024606,0.026494,0.106884,0.031082,0.416636,0.112798,0.057992,0.046875
AATTAGCGCTGCAGCG-1,0.393791,0.000022,0.067913,0.063285,0.003303,0.001571,0.446109,0.015911,0.008073,0.000022
AATTATACCCAGCAAG-1,0.999796,0.000023,0.000023,0.000023,0.000023,0.000023,0.000023,0.000023,0.000023,0.000023
AATTCATAAGGGATCT-1,0.001631,0.323609,0.021526,0.06366,0.009638,0.035842,0.012602,0.006782,0.035487,0.489223
AATTCCAAGCATGTAC-1,0.20579,0.109117,0.000011,0.000011,0.026149,0.013468,0.068575,0.307667,0.234156,0.035057
AATTCGATTCGAGGAT-1,0.165484,0.126937,0.016524,0.091271,0.100329,0.071661,0.149247,0.078061,0.101096,0.09939
AATTCTAGAGTTAGGC-1,0.000036,0.069617,0.158717,0.533326,0.006612,0.000036,0.228783,0.000937,0.0019,0.000036
AATTGAACGCTCTGGT-1,0.136308,0.007063,0.295421,0.064803,0.109533,0.014074,0.108053,0.104828,0.15525,0.004667
AATTGCAGCAATCGAC-1,0.264718,0.117525,0.038936,0.248145,0.004596,0.009015,0.283506,0.004922,0.014925,0.013711
AATTGTGGTTGCCAAA-1,0.017679,0.166311,0.011649,0.404144,0.026936,0.111551,0.207393,0.0129,0.006323,0.035114
AATTTGGGACATAGTA-1,0.311137,0.000044,0.031875,0.001327,0.000044,0.000044,0.087507,0.104341,0.463638,0.000044
ACAAACTCCATCAGAG-1,0.911854,0.00899,0.000029,0.000029,0.00275,0.000029,0.000029,0.013893,0.054962,0.007434
ACAAAGCATGACCTAG-1,0.04575,0.094899,0.011499,0.099349,0.140313,0.134907,0.26517,0.049463,0.008812,0.149836
ACAAATCGCACCGAAT-1,0.049691,0.391504,0.19473,0.161209,0.077003,0.031712,0.051583,0.015845,0.008416,0.018306
ACAAATGGTAGTGTTT-1,0.000661,0.119754,0.187081,0.057726,0.120987,0.094724,0.101464,0.14385,0.118012,0.055741
ACAACAGCATGAGCTA-1,0.005063,0.111434,0.054182,0.024816,0.013858,0.043202,0.028356,0.498357,0.0291,0.191632
ACAACGGTCCCTGCGA-1,0.000024,0.505074,0.103036,0.161379,0.000024,0.00372,0.000557,0.000024,0.000024,0.226139
ACAAGCAGTGCCTAGC-1,0.053649,0.018699,0.396585,0.224302,0.030506,0.009828,0.022658,0.104515,0.078866,0.06039
ACAAGGAAATCCGCCC-1,0.045624,0.338045,0.086704,0.506691,0.006183,0.008377,0.008317,0.000019,0.000019,0.000019
ACAAGGACAAGAGGTT-1,0.017955,0.071228,0.499755,0.182769,0.016565,0.014472,0.011823,0.033265,0.018226,0.133944
ACAAGGATGCTTTAGG-1,0.119424,0.120789,0.055795,0.190893,0.017205,0.037808,0.295695,0.057867,0.064356,0.040168
ACAAGGGCAGGCTCTG-1,0.01881,0.123408,0.360862,0.288751,0.035289,0.017388,0.041303,0.042779,0.04071,0.0307
ACAAGTAATTGTAAGG-1,0.591058,0.2996,0.000078,0.000078,0.000078,0.000078,0.000078,0.000078,0.01362,0.095255
ACAATCCATTTAAACC-1,0.042187,0.18261,0.293532,0.115151,0.06039,0.007341,0.014571,0.085556,0.12064,0.078023
ACAATGAATACGGAGA-1,0.325504,0.050696,0.016331,0.195026,0.015369,0.03192,0.267948,0.009555,0.086284,0.001368
ACAATTGTGTCTCTTT-1,0.07154,0.175411,0.119993,0.19542,0.063315,0.02802,0.191049,0.09775,0.054879,0.002622
ACAATTTGAGCAGTGG-1,0.025159,0.023057,0.11025,0.072495,0.00443,0.013389,0.011964,0.236287,0.070238,0.432731
ACAATTTGGCCATATT-1,0.002583,0.084026,0.414527,0.292968,0.003755,0.011338,0.003204,0.049714,0.003596,0.134291
ACACAAAGACGGGTGG-1,0.008784,0.00815,0.027061,0.013471,0.006232,0.045129,0.040308,0.341852,0.050899,0.458114
ACACACCAGGACCAGT-1,0.000213,0.000924,0.098684,0.001111,0.228769,0.017641,0.005875,0.452474,0.054205,0.140103
ACACATTTCCGTAGAC-1,0.652693,0.077165,0.001061,0.268791,0.000048,0.000048,0.000048,0.000048,0.000048,0.000048
ACACCACATAATTAGC-1,0.000198,0.036374,0.078028,0.073867,0.009899,0.045041,0.045065,0.103859,0.094173,0.513495
ACACCCAGCATGCAGC-1,0.059837,0.124896,0.141836,0.140982,0.000034,0.005069,0.007758,0.016267,0.005479,0.497842
ACACCCGAGAAATCCG-1,0.004288,0.425564,0.020024,0.031252,0.000358,0.005219,0.000017,0.002221,0.027002,0.484056
ACACCTTAAGTAGGGC-1,0.000016,0.103801,0.051069,0.010519,0.002064,0.006541,0.003635,0.258017,0.025964,0.538372
ACACCTTACTACTTGC-1,0.02398,0.063946,0.302772,0.220511,0.01401,0.063511,0.026593,0.167572,0.006758,0.110347
ACACGAGACTCCTTCT-1,0.000288,0.4521,0.227564,0.079585,0.002276,0.053465,0.031928,0.105932,0.020434,0.02643
ACACGGCACTATGCAT-1,0.148596,0.000028,0.115463,0.030952,0.004648,0.006666,0.131958,0.214084,0.345473,0.00213
ACACGGGAACTTAGGG-1,0.000015,0.021303,0.111558,0.048968,0.017142,0.070288,0.037191,0.310834,0.003296,0.379405
ACACGTAGGCCACAAG-1,0.000204,0.087432,0.101911,0.496604,0.017034,0.074182,0.148507,0.005972,0.001731,0.066421
ACACTGATCAAGGTGT-1,0.118801,0.100142,0.058626,0.029444,0.056267,0.044356,0.093747,0.200816,0.1318,0.166001
ACACTGGGACAGTCGT-1,0.062139,0.389816,0.123311,0.131995,0.066365,0.046399,0.035754,0.062421,0.07069,0.01111
ACAGAACTGAGAACAA-1,0.063925,0.087549,0.195976,0.549382,0.000042,0.000557,0.002278,0.000042,0.093739,0.00651
ACAGATTAGGTTAGTG-1,0.294409,0.000028,0.057966,0.00064,0.000028,0.000028,0.000028,0.000028,0.645726,0.001119
ACAGCGACATTCTCAT-1,0.050311,0.252451,0.087009,0.172911,0.030653,0.031416,0.278622,0.042736,0.014258,0.039634
ACAGCGCACCCGCAGC-1,0.102487,0.000013,0.009862,0.001436,0.017782,0.028976,0.255915,0.238873,0.310514,0.03414
ACAGGCACGGATCCTT-1,0.368037,0.189493,0.024809,0.168344,0.052365,0.05179,0.100117,0.009461,0.005153,0.030431
ACAGGCTTGCCCGACT-1,0.024268,0.000011,0.000011,0.000011,0.05067,0.000218,0.160109,0.75372,0.010972,0.000011
ACAGGTGGAGGTGAGG-1,0.010146,0.089466,0.04846,0.3459,0.056511,0.045002,0.317831,0.044098,0.014773,0.027811
ACATAATAAGGCGGTG-1,0.000012,0.047415,0.00133,0.00108,0.009826,0.009464,0.014984,0.193551,0.03562,0.686719
ACATACAATCAAGCGG-1,0.884955,0.090892,0.000045,0.023838,0.000045,0.000045,0.000045,0.000045,0.000045,0.000045
ACATCCCGGCCATACG-1,0.092088,0.191983,0.085873,0.581712,0.001491,0.003054,0.010037,0.000024,0.00177,0.031967
ACATCCTGGTAACTGT-1,0.102879,0.000919,0.175237,0.006957,0.003636,0.016865,0.005454,0.588352,0.060696,0.039006
ACATCGATCGTTTACC-1,0.003675,0.12696,0.251044,0.404696,0.063455,0.040566,0.079201,0.015938,0.003914,0.010551
ACATCGCAATATTCGG-1,0.536734,0.462021,0.000156,0.000156,0.000156,0.000156,0.000156,0.000156,0.000156,0.000156
ACATCGGTCAGCCGCG-1,0.110251,0.020452,0.185642,0.433903,0.023356,0.003801,0.184265,0.009898,0.028012,0.00042
ACATCGTATGCAATGG-1,0.000021,0.068252,0.235374,0.385949,0.078241,0.054275,0.0806,0.064324,0.000021,0.032944
ACATCGTTAACCTAGT-1,0.107184,0.000016,0.021848,0.013222,0.005122,0.016853,0.169516,0.186119,0.447451,0.032668
ACATGGCGCCAAAGTA-1,0.000918,0.060668,0.106843,0.027667,0.01758,0.125229,0.014177,0.387562,0.021181,0.238177
ACATTAGTTTATATCC-1,0.005503,0.331678,0.070336,0.329824,0.022913,0.111112,0.100769,0.00669,0.006477,0.014699
ACATTCGCGCGGAATA-1,0.688848,0.131117,0.028485,0.037729,0.068663,0.01364,0.006053,0.006405,0.005492,0.013567
ACATTTGAAACCTAAC-1,0.586524,0.284793,0.000033,0.128455,0.000033,0.000033,0.000033,0.000033,0.000033,0.000033
ACCAACCGCACTCCAC-1,0.389108,0.058335,0.064721,0.206084,0.069876,0.043362,0.083336,0.017792,0.032924,0.034462
ACCAACGCTTATTTAT-1,0.266467,0.004922,0.000016,0.002119,0.004934,0.013033,0.339519,0.10774,0.24064,0.02061
ACCAAGAACGCGTGTC-1,0.036335,0.000618,0.000149,0.000021,0.006685,0.001759,0.023891,0.121918,0.500865,0.307758
ACCAAGTCATCGGCAG-1,0.132323,0.109165,0.004462,0.013333,0.385038,0.018856,0.039457,0.094279,0.086595,0.116493
ACCAATATGCAAGTTA-1,0.00543,0.262065,0.028954,0.065,0.18973,0.174311,0.152177,0.040313,0.019746,0.062275
ACCACAAGTTTCTATC-1,0.000012,0.018169,0.062105,0.029774,0.004307,0.026196,0.006207,0.502999,0.006894,0.343337
ACCACACGGTTGATGG-1,0.882427,0.117369,0.000025,0.000025,0.000025,0.000025,0.000025,0.000025,0.000025,0.000025
ACCACCAATGTAACAA-1,0.021506,0.002327,0.391315,0.045395,0.008845,0.009402,0.04669,0.344615,0.020825,0.10908
ACCACGTGCAGCTATA-1,0.000433,0.144761,0.20993,0.597493,0.017019,0.006757,0.018929,0.002588,0.002064,0.000027
ACCAGTGCGGGAGACG-1,0.030416,0.144806,0.144212,0.049312,0.03519,0.063355,0.149343,0.180927,0.191428,0.01101
ACCATATCCGCAATAA-1,0.006836,0.013772,0.479208,0.139202,0.118807,0.032791,0.019002,0.052185,0.036638,0.10156
ACCATCGTATATGGTA-1,0.043207,0.070831,0.242972,0.030763,0.236535,0.02861,0.009831,0.078964,0.148452,0.109836
ACCCAACGCCCGTGGC-1,0.000007,0.000007,0.000425,0.000007,0.00177,0.002164,0.001029,0.625753,0.004387,0.364451
ACCCACCTACATGCTC-1,0.150091,0.195953,0.120221,0.061855,0.005102,0.022292,0.00004,0.027439,0.310941,0.106066
ACCCATCTTGAGGGTA-1,0.007348,0.152001,0.192633,0.103683,0.218263,0.032733,0.04984,0.110165,0.025624,0.107709
ACCCATTTGTCCCTCT-1,0.133822,0.098695,0.006413,0.019539,0.074259,0.117845,0.317323,0.096112,0.097936,0.038056
ACCCGAGCGAAATTAC-1,0.125894,0.2743,0.01033,0.359144,0.022104,0.038145,0.146156,0.008672,0.003176,0.012078
ACCCGATTGGTTCCGA-1,0.393011,0.471367,0.011741,0.091316,0.003481,0.010014,0.013477,0.000021,0.004059,0.001513
ACCCGGAAACTCCCAG-1,0.025366,0.137171,0.120981,0.12027,0.136698,0.120196,0.088994,0.069347,0.102668,0.07831
ACCCGGAGCACCACAA-1,0.038818,0.103512,0.205254,0.320108,0.03635,0.019771,0.059831,0.098371,0.013664,0.104321
ACCCGGATGACGCATC-1,0.000018,0.045642,0.442654,0.147117,0.00362,0.020984,0.036756,0.219321,0.022738,0.061149
ACCCGGTTACACTTCC-1,0.106899,0.022358,0.215846,0.144677,0.051809,0.024454,0.175158,0.208876,0.042821,0.007102
ACCCGTAGTCTAGTTG-1,0.392931,0.144278,0.053349,0.327255,0.018538,0.006971,0.039106,0.005751,0.006414,0.005408
ACCCGTGTCATCAGTA-1,0.152957,0.223081,0.123586,0.244671,0.024034,0.018072,0.072609,0.041106,0.075877,0.024006
ACCCTATAGGACTGAG-1,0.005251,0.989229,0.000065,0.005064,0.000065,0.000065,0.000065,0.000065,0.000065,0.000065
ACCCTATGCCATATCG-1,0.329702,0.018603,0.017154,0.063317,0.002919,0.008399,0.3823,0.041641,0.115854,0.02011
ACCCTCCCGTCAGGGC-1,0.693461,0.087235,0.001825,0.130998,0.018253,0.068086,0.000035,0.000035,0.000035,0.000035
ACCCTCCCTTGCTATT-1,0.065152,0.079828,0.383464,0.315344,0.027364,0.008618,0.087764,0.008348,0.024083,0.000036
ACCCTTCATCTGCGAA-1,0.744217,0.000067,0.021026,0.000067,0.000067,0.000067,0.000067,0.000067,0.234291,0.000067
ACCGACACATCTCCCA-1,0.159053,0.083546,0.019218,0.208369,0.003493,0.08695,0.249345,0.016122,0.168251,0.005652
ACCGACTGAGTCCCAC-1,0.01344,0.043646,0.295859,0.159823,0.003129,0.024108,0.027253,0.218366,0.015372,0.199003
ACCGAGTCTCCTTATT-1,0.359888,0.009456,0.000042,0.00393,0.039346,0.191393,0.259885,0.052887,0.004288,0.078885
ACCGATAGGCATAACC-1,0.063765,0.101325,0.050403,0.173753,0.160323,0.171599,0.110027,0.05864,0.039866,0.070297
ACCGATATTTAATCAT-1,0.126901,0.237799,0.172082,0.14082,0.099101,0.096837,0.013814,0.03399,0.006151,0.072506
ACCGATGGTAGCATCG-1,0.000016,0.025256,0.346982,0.070264,0.006419,0.020092,0.025326,0.276758,0.015804,0.213084
ACCGCAATAACTGCCT-1,0.02424,0.004963,0.071144,0.051492,0.122373,0.051283,0.220848,0.408625,0.02683,0.018202
ACCGCGGTGGAAGTCG-1,0.040967,0.004768,0.180144,0.007821,0.122833,0.056736,0.022176,0.442123,0.030405,0.092026
ACCGCTAGTCATTGGT-1,0.654651,0.000022,0.000022,0.000022,0.042106,0.000164,0.014925,0.21333,0.016831,0.057926
ACCGGGCCTTTGTTGA-1,0.031272,0.290139,0.16448,0.091261,0.047016,0.048177,0.083344,0.068484,0.153788,0.022038
ACCGTGACCACGTGGG-1,0.289472,0.082763,0.011077,0.053454,0.019328,0.07261,0.202653,0.022451,0.236348,0.009843
ACCTAAGTACCTTTCA-1,0.22046,0.035396,0.166407,0.346381,0.023121,0.00011,0.088941,0.000775,0.090937,0.027473
ACCTAATCGACTTCCT-1,0.050966,0.075851,0.462552,0.037269,0.083746,0.015243,0.011609,0.03882,0.140811,0.083133
ACCTACAGTATGTGGT-1,0.000021,0.043657,0.429125,0.133075,0.020654,0.081059,0.01346,0.162826,0.003047,0.113077
ACCTACTATAAATCTA-1,0.08883,0.000009,0.000009,0.000009,0.128917,0.00669,0.076829,0.401312,0.209566,0.08783
ACCTCAGCGAGGCGCA-1,0.770701,0.106609,0.000044,0.000044,0.000044,0.000044,0.000044,0.000301,0.058553,0.063619
ACCTCCGCCCTCGCTG-1,0.022505,0.006159,0.024758,0.034824,0.102559,0.00802,0.198362,0.468174,0.095661,0.038981
ACCTCCGTTATTCACC-1,0.000021,0.089961,0.149166,0.087112,0.000031,0.072058,0.009448,0.246265,0.071064,0.274872
ACGACCCATGAGTTGC-1,0.000045,0.331841,0.0997,0.470572,0.028929,0.03253,0.019217,0.005143,0.000017,0.012007
ACGACTCTAGGGCCGA-1,0.516847,0.046432,0.000923,0.000021,0.071601,0.014377,0.002738,0.040165,0.283997,0.0229
ACGACTGGTCATACTC-1,0.191817,0.422978,0.009226,0.132656,0.009986,0.019322,0.186914,0.008723,0.011871,0.006507
ACGAGAACCCATCACG-1,0.415679,0.005105,0.011162,0.000064,0.000064,0.000064,0.000064,0.000064,0.56767,0.000064
ACGAGTACGGATGCCC-1,0.00001,0.00001,0.00133,0.00001,0.011257,0.003007,0.006342,0.345273,0.118031,0.51473
ACGATACATAGAACTA-1,0.00001,0.003425,0.00729,0.000054,0.006888,0.007356,0.009619,0.233377,0.036014,0.695965
ACGATCATACATAGAG-1,0.059787,0.003581,0.006952,0.00803,0.000914,0.148633,0.133664,0.267232,0.23028,0.140929
ACGATCATCTTGTAAA-1,0.016281,0.001384,0.114799,0.013305,0.015517,0.052497,0.028394,0.498404,0.051391,0.20803
ACGATGCATATGTTAT-1,0.00171,0.001629,0.429357,0.030023,0.166053,0.034863,0.019528,0.223827,0.054529,0.038481
ACGCAAACTAATAGAT-1,0.134931,0.3082,0.040099,0.356149,0.012208,0.016396,0.105843,0.000794,0.01233,0.01305
ACGCAATCACTACAGC-1,0.000025,0.31544,0.072577,0.014215,0.025001,0.006286,0.005185,0.033664,0.218159,0.309449
ACGCATACGTTTACTA-1,0.071881,0.202371,0.129036,0.29339,0.075243,0.052697,0.135079,0.016177,0.012606,0.01152
ACGCATTCGTGAGTAC-1,0.000012,0.000012,0.103129,0.004118,0.005441,0.002719,0.004765,0.642018,0.014788,0.222997
ACGCCACTCGAAACAG-1,0.857504,0.139496,0.000037,0.002743,0.000037,0.000037,0.000037,0.000037,0.000037,0.000037
ACGCCAGATGATTTCT-1,0.000045,0.846989,0.041056,0.067064,0.000045,0.000045,0.000045,0.000045,0.027976,0.016693
ACGCCAGTGCGTTTGC-1,0.313489,0.371327,0.018916,0.280848,0.000027,0.000043,0.008434,0.000027,0.00686,0.000027
ACGCCGCTAGACGACC-1,0.027642,0.057432,0.234163,0.381655,0.029911,0.109382,0.021992,0.031979,0.10047,0.005374
ACGCGAAGTCAGACGA-1,0.087728,0.000486,0.065549,0.801847,0.000035,0.001543,0.042532,0.000035,0.00021,0.000035
ACGCGCTACACAGGGT-1,0.069228,0.078493,0.255706,0.449661,0.012979,0.02169,0.008618,0.009957,0.058759,0.034909
ACGCGGGCCAAGGACA-1,0.025131,0.084951,0.333981,0.077617,0.014383,0.077731,0.05589,0.161287,0.09405,0.074978
ACGCTACTGAATGGGC-1,0.563043,0.005956,0.061808,0.035611,0.131219,0.035005,0.014133,0.035971,0.045107,0.072147
ACGCTAGTGATACACT-1,0.007133,0.038339,0.112177,0.027761,0.006059,0.009513,0.011723,0.116625,0.172323,0.498348
ACGGAACACGAGTGCC-1,0.594456,0.117015,0.007207,0.281096,0.000038,0.000038,0.000038,0.000038,0.000038,0.000038
ACGGAATTTAGCAAAT-1,0.000019,0.122728,0.049995,0.037301,0.003448,0.002246,0.005036,0.004365,0.099415,0.675447
ACGGACTCTCAAAGCG-1,0.055791,0.170844,0.052361,0.091528,0.018669,0.02537,0.215084,0.029913,0.311249,0.029191
ACGGATGGTGCGGATA-1,0.010039,0.386752,0.021101,0.111837,0.023122,0.041238,0.266774,0.05003,0.038421,0.050687
ACGGCACTTGCTTGGG-1,0.002303,0.083821,0.148395,0.009424,0.252314,0.035388,0.012916,0.204521,0.193555,0.057363
ACGGCCAACATGGACT-1,0.212916,0.059774,0.070708,0.555102,0.029941,0.011417,0.022923,0.003738,0.000857,0.032624
ACGGCGACGATGGGAA-1,0.104522,0.031566,0.126951,0.526114,0.041284,0.023206,0.136977,0.001689,0.00304,0.004651
ACGGGAGTGTCGGCCC-1,0.111665,0.076299,0.447694,0.291346,0.000048,0.000048,0.003107,0.000048,0.037022,0.032724
ACGGTACAGTTCAATG-1,0.7587,0.23978,0.000029,0.001319,0.000029,0.000029,0.000029,0.000029,0.000029,0.000029
ACGTACTTTGGCACGG-1,0.427197,0.539514,0.000027,0.017023,0.006527,0.004144,0.005488,0.000027,0.000027,0.000027
ACGTAGATTGCTGATG-1,0.086069,0.028149,0.419108,0.105649,0.026087,0.041955,0.039209,0.116063,0.016416,0.121296
ACGTAGGAGAGTCGCT-1,0.297667,0.053438,0.000023,0.013212,0.230264,0.041699,0.245375,0.048819,0.004052,0.065451
ACGTATTACTCCGATC-1,0.019983,0.030904,0.32042,0.053068,0.015279,0.05049,0.022896,0.408331,0.016982,0.061646
ACGTGCGCCTCGTGCA-1,0.000028,0.577441,0.08507,0.110897,0.000028,0.000063,0.000126,0.000028,0.045325,0.180995
ACGTTAATGTCGAAGA-1,0.000013,0.009685,0.198461,0.025828,0.241643,0.017002,0.035335,0.334364,0.005223,0.132445
ACGTTAGATTTGCCCG-1,0.001483,0.252758,0.301072,0.342605,0.05458,0.000804,0.021114,0.006414,0.000495,0.018675
ACGTTCACTATGCCGC-1,0.788849,0.025698,0.006461,0.173325,0.000033,0.000033,0.005499,0.000033,0.000033,0.000033
ACGTTCGCAATCAATT-1,0.00001,0.00001,0.004993,0.00001,0.000736,0.006211,0.005749,0.446883,0.015965,0.519433
ACGTTCGTTCAGGAAA-1,0.112044,0.12256,0.040581,0.40839,0.009697,0.012901,0.216307,0.037045,0.021204,0.019272
ACGTTCTGTACAAGTC-1,0.441492,0.155929,0.024878,0.301179,0.006778,0.010674,0.042546,0.000038,0.006651,0.009836
ACGTTGTCGTTGAAAG-1,0.997481,0.000032,0.000032,0.000032,0.000032,0.000032,0.000032,0.000032,0.002264,0.000032
ACGTTTCGGTGCACTT-1,0.230721,0.334358,0.058824,0.374601,0.001319,0.000035,0.000035,0.000035,0.000035,0.000035
ACTACAAAGAGAGGTG-1,0.730947,0.166744,0.002293,0.093114,0.000354,0.003375,0.003113,0.00002,0.00002,0.00002
ACTACCAGCTCTCTGG-1,0.000019,0.01753,0.059988,0.036722,0.021868,0.005543,0.019454,0.47535,0.039989,0.323536
ACTACCATCCGAGGGC-1,0.598814,0.400929,0.000032,0.000032,0.000032,0.000032,0.000032,0.000032,0.000032,0.000032
ACTACGCGTTAGAATT-1,0.13678,0.025298,0.029185,0.134799,0.020003,0.021076,0.433502,0.074791,0.082961,0.041605
ACTAGTTGCGATCGTC-1,0.000018,0.057451,0.292591,0.057886,0.130714,0.022102,0.062517,0.238936,0.012951,0.124834
ACTATCCAGGGCATGG-1,0.000017,0.02023,0.266654,0.098431,0.006025,0.080814,0.015384,0.291564,0.002774,0.218108
ACTATCTGCCCGCGTA-1,0.016166,0.233575,0.278461,0.241717,0.079524,0.044249,0.02395,0.030586,0.034582,0.017191
ACTATGTCCAGCTGCC-1,0.308912,0.145853,0.118099,0.198079,0.022573,0.015931,0.036456,0.020962,0.09391,0.039225
ACTATTTCCGGGCCCA-1,0.175326,0.025207,0.131913,0.358266,0.050314,0.025377,0.170504,0.006684,0.011473,0.044937
ACTCAAGTGCAAGGCT-1,0.154774,0.000049,0.082277,0.173422,0.000049,0.000049,0.582314,0.000049,0.006967,0.000049
ACTCAATAAAGGCACG-1,0.00001,0.005879,0.0034,0.00001,0.005276,0.00725,0.000357,0.460427,0.154048,0.363345
ACTCAGACCTGCTTCT-1,0.3867,0.044843,0.029061,0.00005,0.00005,0.00005,0.00005,0.00005,0.470584,0.068563
ACTCCAATATCATCAT-1,0.367031,0.120792,0.004928,0.178445,0.002406,0.028179,0.293581,0.000014,0.0017,0.002924
ACTCCCGAATTCGTTT-1,0.010027,0.044071,0.03232,0.001874,0.012172,0.089894,0.0006,0.266623,0.24342,0.299001
ACTCCCTAATGCTAAA-1,0.078025,0.227067,0.176866,0.244754,0.011941,0.013971,0.130508,0.0468,0.054946,0.015123
ACTCCCTAGAATAGTA-1,0.06235,0.06493,0.188681,0.395918,0.03343,0.034694,0.042529,0.072802,0.104331,0.000336
ACTCCGGCCGACCACT-1,0.331385,0.284649,0.003992,0.296386,0.009203,0.02169,0.050277,0.000031,0.000031,0.002355
ACTCGCCGTTCGATAA-1,0.09603,0.051691,0.002047,0.022658,0.059083,0.032258,0.288916,0.306091,0.015392,0.125834
ACTCGCGATCTGACGC-1,0.000008,0.006572,0.597706,0.11644,0.001356,0.007908,0.005518,0.085501,0.014278,0.164713
ACTCGTCAGTAATCCC-1,0.010459,0.001981,0.046388,0.001949,0.013483,0.004805,0.002076,0.743705,0.006289,0.168865
ACTCTCTGACTTAGGT-1,0.028719,0.228803,0.250888,0.086763,0.061115,0.09663,0.044234,0.098644,0.085817,0.018387
ACTCTGACCTAATAGA-1,0.605389,0.000036,0.000036,0.037778,0.000036,0.000036,0.356407,0.000208,0.000036,0.000036
ACTCTTCAGCTCCCGC-1,0.049899,0.019832,0.068072,0.006029,0.080713,0.111561,0.038292,0.107129,0.159156,0.359317
ACTCTTGTATAGTAAC-1,0.041512,0.019308,0.453825,0.036891,0.097817,0.020166,0.025911,0.180933,0.030394,0.093244
