Barcode,Topic 1to8,Topic 9,Topic 10
AAACAAGTATCTCCCA-1,0.816093,0.148738,0.035169
AAACACCAATAACTGC-1,0.88069,0.049528,0.069782
AAACAGAGCGACTCCT-1,0.999939,0.00003,0.00003
AAACAGGGTCTATATT-1,0.978757,0.013955,0.007288
AAACAGTGTTCCTGGG-1,0.404935,0.000021,0.595044
AAACATTTCCCGGATT-1,0.983708,0.001286,0.015005
AAACCGGGTAGGTACC-1,0.90202,0.006586,0.091394
AAACCGTTCGTCCAGG-1,0.999957,0.000022,0.000022
AAACCTAAGCAGCCGG-1,0.542026,0.006337,0.451637
AAACCTCATGAAGTTG-1,0.999965,0.000017,0.000017
AAACGAAGAACATACC-1,0.998346,0.001619,0.000035
AAACGAGACGGTTGAT-1,0.999948,0.000026,0.000026
AAACGGGCGTACGGGT-1,0.960973,0.039008,0.000019
AAACGGTTGCGAACTG-1,0.004087,0.028392,0.967521
AAACTCGGTTCGCAAT-1,0.121746,0.061041,0.817212
AAACTGCTGGCTCCAA-1,0.842975,0.08874,0.068286
AAACTTGCAAACGTAT-1,0.835756,0.068131,0.096113
AAAGAATGTGGACTAA-1,0.920922,0.018625,0.060453
AAAGACCCAAGTCGCG-1,0.9987,0.001284,0.000016
AAAGACTGGGCGCTTT-1,0.999462,0.000524,0.000014
AAAGGCCCTATAATAC-1,0.986636,0.013351,0.000013
AAAGGCTACGGACCAT-1,0.137939,0.002415,0.859646
AAAGGCTCTCGCGCCG-1,0.375025,0.056643,0.568332
AAAGGGATGTAGCAAG-1,0.821597,0.005223,0.17318
AAAGGGCAGCTTGAAT-1,0.917647,0.082318,0.000035
AAAGGTAAGCTGTACC-1,0.532562,0.467394,0.000044
AAAGTAGCATTGCTCA-1,0.999961,0.000019,0.000019
AAAGTCACTGATGTAA-1,0.999959,0.000021,0.000021
AAAGTCGACCCTCAGT-1,0.992918,0.000014,0.007068
AAAGTGTGATTTATCT-1,0.954676,0.011031,0.034294
AAAGTTGACTCCCGTA-1,0.999973,0.000013,0.000013
AAATAACCATACGGGA-1,0.954215,0.010348,0.035436
AAATACCTATAAGCAT-1,0.665978,0.015977,0.318045
AAATAGCTTAGACTTT-1,0.954591,0.018247,0.027162
AAATAGGGTGCTATTG-1,0.326669,0.241097,0.432235
AAATCCGATACACGCC-1,0.412671,0.218293,0.369035
AAATCGTGTACCACAA-1,0.815524,0.099721,0.084754
AAATCTAGCCCTGCTA-1,0.922272,0.000009,0.077719
AAATGACTGATCAAAC-1,0.000351,0.000044,0.999605
AAATGCTCGTTACGTT-1,0.728707,0.261768,0.009525
AAATGGCATGTCTTGT-1,0.999879,0.00006,0.00006
AAATGGCCCGTGCCCT-1,0.998038,0.001947,0.000015
AAATGGTCAATGTGCC-1,0.965449,0.021901,0.012649
AAATTAACGGGTAGCT-1,0.766294,0.233674,0.000032
AAATTACACGACTCTG-1,0.959314,0.000036,0.04065
AAATTACCTATCGATG-1,0.999942,0.000029,0.000029
AAATTGATAGTCCTTT-1,0.907289,0.077424,0.015287
AAATTTACCGAAATCC-1,0.786919,0.213031,0.00005
AAATTTGCGGGTGTGG-1,0.999917,0.000042,0.000042
AACAACTGGTAGTTGC-1,0.999908,0.000046,0.000046
AACAATACATTGTCGA-1,0.995856,0.004125,0.000019
AACAATTACTCTACGC-1,0.997061,0.002916,0.000023
AACACACGCTCGCCGC-1,0.957259,0.002387,0.040354
AACACGACTGTACTGA-1,0.999933,0.000034,0.000034
AACACGAGACGCGGCC-1,0.946656,0.000019,0.053325
AACACGCGGCCGCGAA-1,0.97006,0.014554,0.015386
AACAGCTGTGTGGCAA-1,0.999976,0.000012,0.000012
AACAGGAAATCGAATA-1,0.971045,0.028911,0.000044
AACAGGATGGGCCGCG-1,0.989003,0.010941,0.000056
AACATATCAACTGGTG-1,0.819513,0.047139,0.133348
AACATTGAAGTTGATC-1,0.953058,0.003107,0.043834
AACATTGTGACTCGAG-1,0.071807,0.00839,0.919803
AACCAAGACTTCTCTG-1,0.54637,0.453616,0.000015
AACCAGTATCACTCTT-1,0.893299,0.106551,0.00015
AACCATGGGATCGCTA-1,0.539327,0.460596,0.000077
AACCCAGAGACGGAGA-1,0.999931,0.000035,0.000035
AACCCATCCCATGATC-1,0.969828,0.001621,0.028551
AACCCGACAACCCGTG-1,0.082358,0.03626,0.881382
AACCCGCTGTATTCCA-1,0.000264,0.000033,0.999703
AACCCTACTGTCAATA-1,0.990471,0.002051,0.007477
AACCCTGGTGGAACCA-1,0.99996,0.00002,0.00002
AACCGAGCTTGGTCAT-1,0.981799,0.017264,0.000936
AACCGCTAAGGGATGC-1,0.927864,0.072126,0.00001
AACCGTTGTGTTTGCT-1,0.999917,0.000041,0.000041
AACCTCGCTTTAGCCC-1,0.277254,0.037866,0.68488
AACCTTTAAATACGGT-1,0.756036,0.000031,0.243933
AACCTTTACGACGTCT-1,0.999958,0.000021,0.000021
AACGATAATGCCGTAG-1,0.449132,0.005829,0.545039
AACGATAGAAGGGCCG-1,0.649952,0.349989,0.000058
AACGATATGTCAACTG-1,0.99996,0.00002,0.00002
AACGCATGATCTGGGT-1,0.999493,0.000467,0.000039
AACGCGACCTTGGGCG-1,0.031438,0.000033,0.968529
AACGCGGTCTCCAGCC-1,0.941212,0.055818,0.002969
AACGCTGTTGCTGAAA-1,0.820638,0.13658,0.042783
AACGGACGTACGTATA-1,0.999959,0.00002,0.00002
AACGGCCATCTCCGGT-1,0.864691,0.135292,0.000017
AACGTACTGTGGGTAC-1,0.999942,0.000029,0.000029
AACGTCAGACTAGTGG-1,0.963988,0.000026,0.035985
AACGTCATCCGGCTTG-1,0.183682,0.000333,0.815985
AACGTGATGAAGGACA-1,0.999906,0.000047,0.000047
AACGTGCGAAAGTCTC-1,0.848226,0.096024,0.05575
AACTAGCGTATCGCAC-1,0.71169,0.269013,0.019297
AACTAGGCTTGGGTGT-1,0.240593,0.037488,0.721919
AACTCAAGTTAATTGC-1,0.862145,0.027458,0.110396
AACTCCAGAGCGTGTT-1,0.993093,0.002191,0.004716
AACTCCTAATCCCATG-1,0.696155,0.244761,0.059084
AACTCTCAATAGAGCG-1,0.949208,0.000232,0.050561
AACTCTCAGTGTGCTC-1,0.9814,0.018569,0.000031
AACTGATATTAGGCCT-1,0.996956,0.003011,0.000033
AACTGGGTCCCGACGT-1,0.993267,0.000576,0.006157
AACTGGGTTCGAGCCG-1,0.824948,0.174913,0.000139
AACTGGTGTGGGCCTT-1,0.948356,0.051582,0.000061
AACTTGCCCGTATGCA-1,0.990099,0.00985,0.000052
AACTTTAGCTGCTGAG-1,0.577145,0.422728,0.000127
AAGACCCAACTGAACA-1,0.307735,0.002264,0.690002
AAGACTCACGCCCACT-1,0.893195,0.054845,0.05196
AAGACTGCAAGCTACT-1,0.999943,0.000028,0.000028
AAGAGATGAATCGGTA-1,0.957738,0.039977,0.002285
AAGAGCTCTTTATCGG-1,0.999934,0.000033,0.000033
AAGAGGATGTACGCGA-1,0.99401,0.005934,0.000056
AAGAGGCATGGATCGC-1,0.999966,0.000017,0.000017
AAGATGGCACCGGACC-1,0.99273,0.000037,0.007232
AAGATTGGCGGAACGT-1,0.914764,0.081022,0.004214
AAGCACCCTGCGTATC-1,0.453682,0.007249,0.53907
AAGCATACTCTCCTGA-1,0.689159,0.000023,0.310818
AAGCCACTTGCAGGTA-1,0.68683,0.002626,0.310544
AAGCCGCCGTGAAATC-1,0.835585,0.070133,0.094282
AAGCGCAGGGCTTTGA-1,0.117629,0.000034,0.882336
AAGCGGCGTCATGGGT-1,0.930055,0.069906,0.000039
AAGCGTCCCTCATCGA-1,0.999927,0.000036,0.000036
AAGCTAGATCGAGTAA-1,0.322615,0.121892,0.555494
AAGCTCGTGCCAAGTC-1,0.999605,0.000366,0.000029
AAGCTCTTTCATGGTG-1,0.410139,0.043008,0.546853
AAGGAGAACTTATAAG-1,0.747294,0.252627,0.000079
AAGGAGCGGTTGGTGC-1,0.828978,0.120455,0.050568
AAGGATCGATCGCTTG-1,0.899845,0.028321,0.071834
AAGGATGAGGGACCTC-1,0.990262,0.009709,0.00003
AAGGCGCGTAAAGCTT-1,0.976479,0.023501,0.000021
AAGGCTGTGCTCATCG-1,0.999978,0.000011,0.000011
AAGGGAACGACTGGCT-1,0.940197,0.006936,0.052867
AAGGGACAGATTCTGT-1,0.996713,0.000025,0.003262
AAGGGACTATGCATTC-1,0.771181,0.049106,0.179712
AAGGTATCCTAATATA-1,0.999954,0.000023,0.000023
AAGGTGATAAACCAGC-1,0.988411,0.006653,0.004936
AAGTAGAAGACCGGGT-1,0.993099,0.006875,0.000025
AAGTAGTGACGCGAGG-1,0.936355,0.063616,0.000029
AAGTCAATTGTCGTCA-1,0.947219,0.011427,0.041354
AAGTGACGACCGAATT-1,0.999975,0.000013,0.000013
AAGTGAGTCGGGTTTA-1,0.378021,0.014569,0.607409
AAGTGCAAAGGTAGAC-1,0.984893,0.008192,0.006915
AAGTGCCTTGACTGTA-1,0.962469,0.03751,0.000021
AAGTGCGTTAGAATCT-1,0.999936,0.000032,0.000032
AAGTGCTTCTCTATTG-1,0.467752,0.062324,0.469924
AAGTGTTTGGAGACGG-1,0.59188,0.115195,0.292925
AAGTTCACTCCAAGCT-1,0.316707,0.234577,0.448716
AAGTTCAGTCTGCGTA-1,0.955171,0.002275,0.042554
AAGTTCGGCCAACAGG-1,0.97425,0.019874,0.005876
AAGTTGTGATGTTATA-1,0.968403,0.002596,0.029001
AAGTTTACTAATGGCA-1,0.778018,0.221882,0.0001
AAGTTTATGGGCCCAA-1,0.000124,0.000015,0.999861
AATAACAACGCTCGGC-1,0.902559,0.000019,0.097423
AATAACACTAGAACAA-1,0.945706,0.044919,0.009375
AATAAGTCCTCGAGAC-1,0.915221,0.084733,0.000046
AATACAATGTTTCAGG-1,0.484861,0.515056,0.000083
AATACCGGAGGGCTGT-1,0.808188,0.041257,0.150555
AATACCTGATGTGAAC-1,0.86379,0.027822,0.108388
AATAGAACAGAGTGGC-1,0.884846,0.000022,0.115133
AATAGAATCTGTTTCA-1,0.393318,0.425205,0.181477
AATAGGCACGACCCTT-1,0.480991,0.006994,0.512015
AATAGTCCGTCCCGAC-1,0.281477,0.078632,0.639891
AATATCAAGGTCGGAT-1,0.339537,0.660382,0.000081
AATATCGAGGGTTCTC-1,0.948483,0.051484,0.000033
AATATTGGAGTATTGA-1,0.99332,0.004052,0.002628
AATCAGGTTTCATTTA-1,0.999959,0.00002,0.00002
AATCATGTAAAGACTC-1,0.820664,0.064651,0.114684
AATCCAAGGGCCTGAG-1,0.911189,0.088766,0.000045
AATCCCGCTCAGAGCC-1,0.152602,0.00006,0.847339
AATCGCCTCAGCGCCA-1,0.999937,0.000031,0.000031
AATCGCGCAGAGGACT-1,0.963073,0.011744,0.025183
AATCGGGACACTACGA-1,0.999917,0.000042,0.000042
AATCGTGAGCCGAGCA-1,0.017742,0.276758,0.7055
AATCTAGGTTTACTTG-1,0.995787,0.000022,0.00419
AATCTATGCCGGAGCC-1,0.906455,0.002612,0.090934
AATCTCTACTGTGGTT-1,0.98784,0.012133,0.000027
AATCTGCGTTGGGACG-1,0.999905,0.000048,0.000048
AATCTGGCTTTCTAGT-1,0.997806,0.000013,0.002182
AATCTGGGTAGACCCT-1,0.56885,0.298053,0.133097
AATGACAGCAATGTCT-1,0.998818,0.001167,0.000014
AATGACGTAGGATGTC-1,0.670901,0.327932,0.001167
AATGACTGTCAGCCGG-1,0.900901,0.087554,0.011546
AATGATGATACGCTAT-1,0.991806,0.008167,0.000027
AATGATGCGACTCCTG-1,0.96676,0.033208,0.000031
AATGCAACCGGGTACC-1,0.999691,0.000122,0.000187
AATGCACCAAGCAATG-1,0.880235,0.079032,0.040733
AATGGTCCACCGTTCA-1,0.881305,0.118655,0.00004
AATGGTTCTCACAAGC-1,0.985525,0.008984,0.005491
AATGTGCCCGAGGTGT-1,0.981624,0.000033,0.018343
AATGTGCTAATCTGAG-1,0.777065,0.122341,0.100594
AATGTTAAGACCCTGA-1,0.518274,0.081513,0.400213
AATTAAAGGTCGGCGT-1,0.984531,0.015446,0.000023
AATTAACGGATTTCCA-1,0.351421,0.055705,0.592874
AATTAGCGCTGCAGCG-1,0.391929,0.078649,0.529421
AATTCATAAGGGATCT-1,0.997175,0.00002,0.002805
AATTCCAAGCATGTAC-1,0.000165,0.015011,0.984824
AATTCGATTCGAGGAT-1,0.12113,0.037825,0.841045
AATTCTAGAGTTAGGC-1,0.855165,0.024961,0.119874
AATTGAACGCTCTGGT-1,0.999935,0.000041,0.000024
AATTGCAGCAATCGAC-1,0.796495,0.088526,0.114979
AATTTGGGACATAGTA-1,0.927484,0.072339,0.000178
AATTTGGTTCCAAAGA-1,0.935549,0.064402,0.000049
ACAAACCATGCGTCCT-1,0.964975,0.000055,0.03497
ACAAACTCCATCAGAG-1,0.119386,0.000053,0.880561
ACAAAGCATGACCTAG-1,0.982012,0.008376,0.009611
ACAAATCGCACCGAAT-1,0.618734,0.067881,0.313385
ACAAATGGTAGTGTTT-1,0.797432,0.182966,0.019602
ACAAATTCAGATCTGA-1,0.148424,0.851503,0.000073
ACAACAGCATGAGCTA-1,0.878218,0.116878,0.004903
ACAACGGTCCCTGCGA-1,0.918261,0.081721,0.000018
ACAAGCAGTGCCTAGC-1,0.707452,0.29249,0.000058
ACAAGGAAATCCGCCC-1,0.233933,0.098229,0.667837
ACAAGGACAAGAGGTT-1,0.985355,0.000018,0.014627
ACAAGGATGCTTTAGG-1,0.646179,0.221346,0.132474
ACAAGGCCTACCAGCC-1,0.845346,0.096649,0.058005
ACAAGGGCAGGCTCTG-1,0.99456,0.005417,0.000022
ACAATAGTCGTACGTT-1,0.959121,0.003893,0.036986
ACAATCCATTTAAACC-1,0.908184,0.004263,0.087553
ACAATCGATCTTTATA-1,0.91765,0.009678,0.072672
ACAATGAATACGGAGA-1,0.99418,0.002795,0.003025
ACAATTGTGTCTCTTT-1,0.816421,0.077069,0.106511
ACAATTTAGGAGGCTC-1,0.987422,0.009906,0.002671
ACAATTTGAGCAGTGG-1,0.873548,0.002065,0.124387
ACACAAAGACGGGTGG-1,0.999945,0.000027,0.000027
ACACACCAGGACCAGT-1,0.999981,0.00001,0.00001
ACACACTTTCTACACG-1,0.905324,0.094609,0.000066
ACACATGATCAAATCT-1,0.975055,0.000006,0.024939
ACACATTTCCGTAGAC-1,0.025625,0.000043,0.974331
ACACCCAGCATGCAGC-1,0.930585,0.069349,0.000066
ACACCCGAGAAATCCG-1,0.93021,0.069751,0.000039
ACACCGGTCTGACCGC-1,0.988162,0.009431,0.002406
ACACCTTAAGTAGGGC-1,0.992257,0.007709,0.000034
ACACCTTACTACTTGC-1,0.892848,0.035397,0.071754
ACACGAGACTCCTTCT-1,0.978725,0.000028,0.021248
ACACGGCACTATGCAT-1,0.83701,0.162942,0.000049
ACACGGGAACTTAGGG-1,0.856033,0.124166,0.019801
ACACTGATCAAGGTGT-1,0.920867,0.022115,0.057018
ACAGAACTGAGAACAA-1,0.83769,0.099305,0.063005
ACAGATTAGGTTAGTG-1,0.995304,0.004617,0.000078
ACAGCATAGAGCCAGT-1,0.869057,0.130896,0.000048
ACAGCGACATTCTCAT-1,0.859022,0.1402,0.000778
ACAGCGCACCCGCAGC-1,0.992876,0.007048,0.000076
ACAGGCACGGATCCTT-1,0.998584,0.001403,0.000012
ACAGGCTTGCCCGACT-1,0.909785,0.031729,0.058486
ACAGGTGGAGGTGAGG-1,0.978857,0.000013,0.02113
ACAGTAATACAACTTG-1,0.982066,0.000011,0.017923
ACATAATAAGGCGGTG-1,0.892709,0.027193,0.080099
ACATACAATCAAGCGG-1,0.810751,0.009533,0.179715
ACATCAGCTGGGACGC-1,0.840814,0.159157,0.000029
ACATCCCGGCCATACG-1,0.317632,0.141798,0.54057
ACATCCTGGTAACTGT-1,0.944015,0.055964,0.000021
ACATCGATCGTTTACC-1,0.597896,0.269233,0.132871
ACATCGCAATATTCGG-1,0.92373,0.000036,0.076234
ACATCGGTCAGCCGCG-1,0.99253,0.004609,0.002861
ACATCGTATGCAATGG-1,0.989968,0.003459,0.006573
ACATCGTTAACCTAGT-1,0.999902,0.000049,0.000049
ACATCTCAACGCGTAA-1,0.914398,0.085464,0.000138
ACATGGCGCCAAAGTA-1,0.988995,0.000007,0.010998
ACATTAGTTTATATCC-1,0.458611,0.018903,0.522486
ACATTCGCGCGGAATA-1,0.869594,0.057878,0.072528
ACATTTGAAACCTAAC-1,0.827505,0.062722,0.109773
ACCAAACTAGAAATCC-1,0.91204,0.022931,0.065028
ACCAACCGCACTCCAC-1,0.884997,0.058585,0.056417
ACCAACGCTTATTTAT-1,0.755214,0.015638,0.229148
ACCAAGAACGCGTGTC-1,0.978452,0.021509,0.000039
ACCAATATGCAAGTTA-1,0.262078,0.270633,0.46729
ACCACAACTCAGAACA-1,0.912178,0.087782,0.00004
ACCACAAGTTTCTATC-1,0.902884,0.035262,0.061855
ACCACACGGTTGATGG-1,0.401534,0.043685,0.554781
ACCACCAATGTAACAA-1,0.94218,0.00342,0.0544
ACCACGTGCAGCTATA-1,0.68528,0.146654,0.168066
ACCAGCCCGGTCTTTG-1,0.242154,0.757761,0.000085
ACCAGGAGTGTGATCT-1,0.96718,0.0001,0.032721
ACCAGTGCCCGGTCAA-1,0.669967,0.329957,0.000076
ACCAGTGCGGGAGACG-1,0.999979,0.000011,0.000011
ACCATATCCGCAATAA-1,0.941781,0.058189,0.00003
ACCATCCGCCAACTAG-1,0.972785,0.027183,0.000032
ACCATCGTATATGGTA-1,0.999176,0.000017,0.000807
ACCCAACGCCCGTGGC-1,0.856619,0.126824,0.016557
ACCCACCTACATGCTC-1,0.999935,0.000032,0.000032
ACCCATCTTGAGGGTA-1,0.968123,0.002091,0.029786
ACCCATTTGTCCCTCT-1,0.987235,0.011892,0.000873
ACCCGAGCGAAATTAC-1,0.975178,0.024813,0.00001
ACCCGATTGGTTCCGA-1,0.464981,0.13232,0.402699
ACCCGGAAACTCCCAG-1,0.195717,0.236467,0.567816
ACCCGGATGACGCATC-1,0.999954,0.000023,0.000023
ACCCGGTTACACTTCC-1,0.916843,0.004192,0.078965
ACCCGTGTCATCAGTA-1,0.543744,0.140939,0.315317
ACCCTATGCCATATCG-1,0.928564,0.001687,0.069749
ACCCTCCCGTCAGGGC-1,0.758954,0.135167,0.105879
ACCCTCCCTTGCTATT-1,0.940665,0.013104,0.046231
ACCCTTCATCTGCGAA-1,0.955671,0.000111,0.044219
ACCCTTTAGTTCTCCA-1,0.999892,0.000054,0.000054
ACCGAAAGGGCCCTGC-1,0.999412,0.000542,0.000045
ACCGACACATCTCCCA-1,0.253172,0.000023,0.746805
ACCGACTGAGTCCCAC-1,0.934909,0.007532,0.057558
ACCGAGTCTCCTTATT-1,0.29264,0.00002,0.70734
ACCGATGGTAGCATCG-1,0.995059,0.000527,0.004413
ACCGCAATAACTGCCT-1,0.464794,0.191547,0.343659
ACCGCGGTGGAAGTCG-1,0.884675,0.046529,0.068796
ACCGCTAGTCATTGGT-1,0.594937,0.087915,0.317148
ACCGGGCCTTTGTTGA-1,0.921857,0.066424,0.011718
ACCGGTCAGGTACACC-1,0.626051,0.366699,0.00725
ACCGTGACCACGTGGG-1,0.912599,0.086923,0.000477
ACCGTTCCCGCTCTGA-1,0.889983,0.109885,0.000132
ACCTAAGTACCTTTCA-1,0.920971,0.00002,0.079008
ACCTAATCGACTTCCT-1,0.87876,0.121219,0.000021
ACCTACAGTATGTGGT-1,0.948126,0.021653,0.030221
ACCTACTATAAATCTA-1,0.000148,0.000019,0.999833
ACCTCAGCGAGGCGCA-1,0.925361,0.011796,0.062843
ACCTCCGTTATTCACC-1,0.800048,0.051228,0.148723
ACCTGCGTGTCATGTT-1,0.566593,0.259429,0.173978
ACGAAATGGGCGGCAC-1,0.993519,0.006457,0.000024
ACGACTCTAGGGCCGA-1,0.79274,0.150024,0.057236
ACGACTGGTCATACTC-1,0.999967,0.000017,0.000017
ACGAGAACCCATCACG-1,0.808839,0.13509,0.056071
ACGAGATATTTGCTTA-1,0.99991,0.000045,0.000045
ACGAGGATACCACTCT-1,0.967041,0.000014,0.032945
ACGAGGTTTACAACGT-1,0.844223,0.155767,0.00001
ACGAGTACGGATGCCC-1,0.898913,0.099769,0.001318
ACGATACATAGAACTA-1,0.665656,0.267037,0.067307
ACGATCATACATAGAG-1,0.988188,0.000206,0.011606
ACGATCATCTTGTAAA-1,0.999972,0.000014,0.000014
ACGATGCATATGTTAT-1,0.798268,0.13149,0.070242
ACGATGGATCCGATGC-1,0.999924,0.000038,0.000038
ACGCAAACTAATAGAT-1,0.239293,0.00003,0.760677
ACGCAATCACTACAGC-1,0.714467,0.020173,0.26536
ACGCATACGTTTACTA-1,0.812494,0.040339,0.147167
ACGCATTCGTGAGTAC-1,0.960962,0.000024,0.039014
ACGCCACTCGAAACAG-1,0.126739,0.000026,0.873234
ACGCCAGATGATTTCT-1,0.999961,0.000019,0.000019
ACGCCAGTGCGTTTGC-1,0.837357,0.050238,0.112405
ACGCCCAGCTGTCGAT-1,0.326581,0.673321,0.000098
ACGCCGCTAGACGACC-1,0.931138,0.000028,0.068834
ACGCGAAGTCAGACGA-1,0.853563,0.018272,0.128165
ACGCGCTACACAGGGT-1,0.999973,0.000014,0.000014
ACGCGGGCCAAGGACA-1,0.940737,0.059229,0.000034
ACGCTAGTGATACACT-1,0.968572,0.031398,0.00003
ACGCTGTGAGGCGTAG-1,0.899266,0.090383,0.010351
ACGCTTAGTGTCTCTC-1,0.79072,0.209123,0.000157
ACGGAACACGAGTGCC-1,0.893745,0.035239,0.071016
ACGGAATTTAGCAAAT-1,0.543264,0.456655,0.000082
ACGGACTCTCAAAGCG-1,0.190026,0.238873,0.571101
ACGGAGCGCAAATTAC-1,0.963549,0.012354,0.024096
ACGGATGGTGCGGATA-1,0.356637,0.105786,0.537577
ACGGCACTTGCTTGGG-1,0.341742,0.057785,0.600474
ACGGCCAACATGGACT-1,0.737465,0.052238,0.210297
ACGGCGACGATGGGAA-1,0.45568,0.140665,0.403655
ACGGGAGTGTCGGCCC-1,0.981807,0.017151,0.001042
ACGGTACAGTTCAATG-1,0.882893,0.114373,0.002734
ACGTACAGATTTCTCT-1,0.931889,0.068073,0.000039
ACGTACTTTGGCACGG-1,0.812378,0.000015,0.187606
ACGTAGATTGCTGATG-1,0.98558,0.009341,0.005079
ACGTAGGAGAGTCGCT-1,0.000192,0.001816,0.997992
ACGTATTACTCCGATC-1,0.765181,0.178392,0.056428
ACGTGCGCCTCGTGCA-1,0.999897,0.000052,0.000052
ACGTGGTCGAATGTGC-1,0.774903,0.13817,0.086927
ACGTTAATGTCGAAGA-1,0.999961,0.000019,0.000019
ACGTTAGATTTGCCCG-1,0.906561,0.082664,0.010775
ACGTTCACTATGCCGC-1,0.083507,0.048466,0.868027
ACGTTCCGCGCTCCGT-1,0.929538,0.022512,0.04795
ACGTTCGTTCAGGAAA-1,0.72166,0.18274,0.0956
ACGTTCTGTACAAGTC-1,0.937406,0.012563,0.05003
ACGTTGTCGTTGAAAG-1,0.770912,0.000047,0.22904
ACGTTTAGTTGTGATC-1,0.986469,0.013453,0.000078
ACTAATACGTCAGGCG-1,0.99994,0.00003,0.00003
ACTACAAAGAGAGGTG-1,0.10589,0.000025,0.894085
ACTACATCCCGACAAG-1,0.893573,0.099514,0.006913
ACTACCAGCTCTCTGG-1,0.999968,0.000016,0.000016
ACTACCATCCGAGGGC-1,0.949872,0.003687,0.046441
ACTACGCGTTAGAATT-1,0.251405,0.042604,0.705992
ACTAGTTGCGATCGTC-1,0.843556,0.083534,0.07291
ACTATATGCTGTGTTC-1,0.999917,0.000042,0.000042
ACTATCCAGGGCATGG-1,0.902164,0.010494,0.087343
ACTATGTCCAGCTGCC-1,0.554552,0.290911,0.154537
ACTATTCGTCCGTGGT-1,0.918891,0.009844,0.071265
ACTATTTCCGGGCCCA-1,0.999939,0.000031,0.000031
ACTCAACGAATGTATT-1,0.874768,0.070206,0.055026
ACTCAAGTGCAAGGCT-1,0.834804,0.019232,0.145963
ACTCAATAAAGGCACG-1,0.856089,0.143878,0.000032
ACTCAGACCTGCTTCT-1,0.953499,0.000092,0.046409
ACTCATGGCAGCCTTC-1,0.909046,0.000019,0.090935
ACTCCAATATCATCAT-1,0.908496,0.014777,0.076727
ACTCCCATTCCTAAAG-1,0.999945,0.000027,0.000027
ACTCCCGAATTCGTTT-1,0.948095,0.034211,0.017694
ACTCCCTAATGCTAAA-1,0.301221,0.000026,0.698754
ACTCCCTAGAATAGTA-1,0.630137,0.042708,0.327155
ACTCCGGCCGACCACT-1,0.746233,0.087153,0.166614
ACTCGTAACCCGTCCT-1,0.983807,0.007332,0.008862
ACTCGTCAGTAATCCC-1,0.838857,0.000025,0.161117
ACTCTCTGACTTAGGT-1,0.880189,0.119744,0.000067
ACTCTCTTATACACGA-1,0.999922,0.000039,0.000039
ACTCTGACCTAATAGA-1,0.892663,0.105695,0.001642
ACTCTTGTATAGTAAC-1,0.976619,0.000026,0.023355
ACTGAAACGCCGTTAG-1,0.867599,0.063302,0.069099
ACTGAATGGCGAAAGT-1,0.956777,0.009959,0.033264
ACTGATTTAGTGATTC-1,0.619913,0.271288,0.108799
ACTGCCCGCCATTCTC-1,0.976755,0.009605,0.01364
ACTGCCGTCGTAACTC-1,0.759713,0.240209,0.000079
ACTGGGATGCCAGTGC-1,0.270017,0.000636,0.729347
ACTGTACGATACACAT-1,0.968325,0.000046,0.031629
ACTGTAGCACTTTGGA-1,0.81197,0.187989,0.000042
ACTGTATACGCGAGCA-1,0.394128,0.6058,0.000072
ACTGTCCAGGATTATA-1,0.812847,0.058762,0.128391
ACTGTCTTCTTTAGAA-1,0.928686,0.000019,0.071294
ACTGTGCTAGTAGATC-1,0.389153,0.61074,0.000107
ACTGTTTAGTGTAGGC-1,0.825265,0.174641,0.000094
ACTTACCGGGCGCGCA-1,0.958541,0.04141,0.000049
ACTTACGCATCCACGC-1,0.284207,0.197358,0.518435
ACTTAGTACGACAAGA-1,0.245894,0.754054,0.000052
ACTTATACTTACCCGG-1,0.999953,0.000024,0.000024
ACTTATTAGGATCGGT-1,0.951495,0.019598,0.028907
ACTTATTTATGTGCCA-1,0.941056,0.000023,0.058922
ACTTCAGGCTGATCCC-1,0.923095,0.008721,0.068184
ACTTCCATGCGGGACA-1,0.696039,0.163403,0.140558
ACTTCGCCATACGCAC-1,0.988089,0.008094,0.003818
ACTTGACTCCCTCTTT-1,0.980215,0.000117,0.019668
ACTTGCCATATTGTAC-1,0.148411,0.851501,0.000087
ACTTGGGACCCGGTGG-1,0.893912,0.011588,0.0945
ACTTGTAGTCCCTTCA-1,0.901176,0.098793,0.000031
ACTTGTTACCGGATCA-1,0.125844,0.000047,0.874109
ACTTTACCCTCATGAA-1,0.924336,0.006691,0.068973
ACTTTCCTATAGCTTC-1,0.960718,0.000025,0.039257
ACTTTGACTGCATCCT-1,0.998273,0.001699,0.000028
AGAACGTGGTACATTC-1,0.893147,0.089188,0.017665
AGAACTGTACTTTGTA-1,0.756171,0.02141,0.222418
AGAAGAGCGCCGTTCC-1,0.999486,0.000257,0.000257
AGAAGGTACACTTCAC-1,0.860129,0.107648,0.032223
AGAAGGTTGCCGAATT-1,0.982266,0.000033,0.017701
AGAAGGTTGTAGGTCG-1,0.196942,0.16304,0.640019
AGAAGTGATTCGTGAT-1,0.999883,0.000058,0.000058
AGAATAAATCTTCAGG-1,0.943188,0.056785,0.000028
AGAATACAGGCTATCC-1,0.849003,0.041154,0.109843
AGAATGCGGGTTCGGA-1,0.926761,0.012092,0.061147
AGAATTATGGATTCGA-1,0.99995,0.000025,0.000025
AGAATTGTTTGACATA-1,0.467094,0.532798,0.000108
AGACATAGATCCTTCC-1,0.536051,0.463853,0.000097
AGACCAAACCACACCT-1,0.99998,0.00001,0.00001
AGACCATGGGATACAA-1,0.996772,0.003198,0.00003
AGACCCACCGCTGATC-1,0.855202,0.008572,0.136226
AGACCCGCCCTCCTCG-1,0.841694,0.002584,0.155722
AGACCGGGAAACCCTG-1,0.96394,0.036049,0.000011
AGACGAAGTGCCGGTC-1,0.959042,0.015603,0.025354
AGACGACGATGCCGCT-1,0.981379,0.000104,0.018517
AGACGGGATTGGTATA-1,0.842305,0.083356,0.074339
AGACGGGCCGATTTAA-1,0.980847,0.019068,0.000085
AGACTAGCCTTCCAGA-1,0.992623,0.001719,0.005658
AGACTGTTACCGGGTC-1,0.71824,0.000047,0.281713
AGAGAAACACCAGAAA-1,0.921039,0.056518,0.022443
AGAGAACCGTCTAGGA-1,0.887026,0.060267,0.052707
AGAGAAGGAGTACAAT-1,0.999964,0.000018,0.000018
AGAGATCTCTAAAGCG-1,0.999971,0.000015,0.000015
AGAGCAGTTATGAGAC-1,0.962551,0.037413,0.000037
AGAGCGGGCTAATCAT-1,0.970625,0.02931,0.000066
AGAGCGTACAAGCTCG-1,0.871486,0.090274,0.03824
AGAGGCTTCGGAAACC-1,0.885476,0.079814,0.03471
AGAGGTATCTCGGTCC-1,0.975023,0.024892,0.000085
AGAGTTAGAGACCGAT-1,0.577142,0.422741,0.000117
AGATAACTTCAGGGCC-1,0.999977,0.000011,0.000011
AGATACCGGTGTTCAC-1,0.97983,0.009547,0.010623
AGATACGACTTCATAT-1,0.999945,0.000028,0.000028
AGATACTCAAGATCGA-1,0.974128,0.000027,0.025845
AGATATAATACGACTA-1,0.000225,0.084525,0.91525
AGATCGTGCATAAGAT-1,0.951,0.048981,0.000019
AGATCTCAGGTGTGAT-1,0.971101,0.000032,0.028867
AGATGACTCGCCCACG-1,0.962441,0.03749,0.000069
AGATGAGGGTTGCGAT-1,0.999945,0.000027,0.000027
AGATGATGGAGTCTGG-1,0.930684,0.043654,0.025662
AGATGCAAGACGTGCA-1,0.936514,0.063466,0.00002
AGATTATAGGACGTTT-1,0.894984,0.104994,0.000023
AGATTCACAACCGATA-1,0.999984,0.000008,0.000008
AGCAAAGGCCGCTAGT-1,0.101941,0.02009,0.87797
AGCAACATATCTTATT-1,0.927364,0.041822,0.030814
AGCAACCGAAAGTAAT-1,0.883829,0.051958,0.064214
AGCACACGTTTAGACT-1,0.798017,0.14644,0.055542
AGCACCAGTACTCACG-1,0.928778,0.04313,0.028092
AGCACTACCGGCCTGT-1,0.812292,0.187667,0.000041
AGCACTACCTCACCAG-1,0.710012,0.22406,0.065928
AGCACTTAAGGACGCC-1,0.871588,0.060668,0.067745
AGCAGAAGGAGAAAGA-1,0.096989,0.004818,0.898193
AGCAGCCAGATGAATA-1,0.506517,0.14542,0.348063
AGCAGTCGAAGCATGC-1,0.594236,0.096585,0.309179
AGCATATCAATATGCT-1,0.960574,0.000045,0.039382
AGCATCATTTCGAAAG-1,0.999787,0.000199,0.000014
AGCATCGTCGATAATT-1,0.951504,0.028848,0.019648
AGCATTACGAGGCAAG-1,0.936614,0.015081,0.048305
AGCCAAGCTTTGTGTC-1,0.029057,0.122933,0.84801
AGCCACAGGTTACCCG-1,0.883273,0.006397,0.11033
AGCCACTCCCGTGCTT-1,0.95977,0.00399,0.036241
AGCCATATAGTATGTG-1,0.016218,0.021034,0.962748
AGCCCATACATGTAAG-1,0.999963,0.000018,0.000019
AGCCCGCAACAAGCAG-1,0.00062,0.008198,0.991182
AGCCCGGCATTAGAGG-1,0.999291,0.000696,0.000012
AGCCCGGTAGCCTGTA-1,0.400965,0.002955,0.59608
AGCCCTAAGCGAAGTT-1,0.97782,0.022153,0.000027
AGCCCTCCCTGGTGGC-1,0.916369,0.04269,0.04094
AGCCCTTCTAATCCGA-1,0.99996,0.00002,0.00002
AGCCGTGGCTAAATGT-1,0.939611,0.027108,0.033281
AGCCTAATACCCACGT-1,0.999972,0.000014,0.000014
AGCCTTAAAGCGGAAG-1,0.869855,0.114505,0.01564
AGCGACAGGAACGGTC-1,0.990535,0.000018,0.009447
AGCGACATCCCATTCA-1,0.957616,0.042308,0.000076
AGCGACCAACGATATT-1,0.98962,0.010353,0.000027
AGCGACTTTGAAGACA-1,0.095617,0.000085,0.904299
AGCGAGACGTGAAGGC-1,0.887984,0.054249,0.057766
AGCGCATAATGAATCG-1,0.340343,0.002858,0.656799
AGCGCGGGTGCCAATG-1,0.827325,0.105587,0.067088
AGCGCTTATGGGCAAG-1,0.999914,0.000043,0.000043
AGCGGACACTTCGTAG-1,0.36143,0.000081,0.638489
AGCGGCGGTTAGCGGT-1,0.999964,0.000018,0.000018
AGCGGGAAGGGTCCAT-1,0.999915,0.000042,0.000042
AGCGGGTCTGACACTC-1,0.000866,0.000961,0.998173
AGCGTCTGAACCCGCA-1,0.919832,0.042808,0.03736
AGCGTGGTATTCTACT-1,0.736368,0.144423,0.119208
AGCGTTCCGATTTAAA-1,0.890889,0.108968,0.000143
AGCTAACAAGCAATGT-1,0.883666,0.000129,0.116206
AGCTAAGCTCCGTCCG-1,0.232002,0.006007,0.76199
AGCTAAGTACGCAGGC-1,0.765943,0.100372,0.133685
AGCTAGAAGCAGAAGT-1,0.999974,0.000013,0.000013
AGCTATTTAATCCAAC-1,0.999943,0.000029,0.000029
AGCTCCTTCGCACATC-1,0.883042,0.07699,0.039968
AGCTCTAGACGTTCCA-1,0.910764,0.039083,0.050153
AGCTCTTCCCAGTGCA-1,0.99993,0.000035,0.000035
AGCTCTTCGTAACCTT-1,0.902357,0.030558,0.067085
AGCTCTTTACTCAGTT-1,0.945085,0.049441,0.005474
AGCTGAAGTAAACCAA-1,0.905853,0.018451,0.075695
AGCTGTAACCTCAATC-1,0.999946,0.000027,0.000027
AGCTTATAGAGACCTG-1,0.777654,0.222232,0.000115
AGCTTCTTCTCGAGCA-1,0.87302,0.052596,0.074383
AGCTTGATCTTAACTT-1,0.998344,0.001634,0.000022
AGGAAGCTGTCCGCCG-1,0.290194,0.00002,0.709785
AGGACAGTCGAATCCC-1,0.999958,0.000021,0.000021
AGGACATCGCACGTCG-1,0.999862,0.000069,0.000069
AGGACGACCCATTAGA-1,0.901155,0.023766,0.075078
AGGACGCTCGATGTTG-1,0.999945,0.000027,0.000027
AGGAGGCCTTCGCGCG-1,0.979234,0.020755,0.000012
AGGATAAAGTCGGGAT-1,0.286812,0.319648,0.393541
AGGATATAGGGATTTA-1,0.999973,0.000013,0.000013
AGGATATCCGACTGCA-1,0.785112,0.199489,0.015399
AGGATCACGCGATCTG-1,0.989943,0.00002,0.010037
AGGCAGATGCGTAAAC-1,0.999969,0.000016,0.000016
AGGCAGGGAGCGTACT-1,0.487043,0.000063,0.512894
AGGCATTGTCGTAGGG-1,0.862581,0.137285,0.000134
AGGCCACCCGTTATGA-1,0.92592,0.074046,0.000034
AGGCCCATTGTACAGG-1,0.999924,0.000038,0.000038
AGGCCCTAGAACGCCA-1,0.929473,0.067818,0.002709
AGGCCTATCATACCAA-1,0.000228,0.000028,0.999744
AGGCCTGAGAATCTCG-1,0.685186,0.166572,0.148242
AGGCGGTTTGTCCCGC-1,0.999846,0.000008,0.000146
AGGCTATGGTTAGCTT-1,0.93107,0.003442,0.065488
AGGCTTAAGTTGCACA-1,0.426743,0.039969,0.533289
AGGCTTCCCGAAGAAG-1,0.969134,0.000012,0.030853
AGGCTTGCTAGACACC-1,0.843806,0.156156,0.000038
AGGGAAACGAGGTACT-1,0.999063,0.000917,0.00002
AGGGACAGCACGGCGG-1,0.999864,0.000068,0.000068
AGGGACCGGCTGCGTT-1,0.964829,0.020327,0.014844
AGGGACTCTACGCGAC-1,0.109411,0.315591,0.574998
AGGGCAGCGGCGTGGT-1,0.999947,0.000026,0.000026
AGGGCGAGCAGCTGAT-1,0.974032,0.000019,0.025949
AGGGCGTGATCGGCTA-1,0.849415,0.150524,0.000061
AGGGCTGCAGTTACAG-1,0.991111,0.008865,0.000023
AGGGTCAGAGCACTCG-1,0.518852,0.056639,0.42451
AGGGTCGATGCGAACT-1,0.927408,0.00004,0.072552
AGGGTGCCGTTCTTTA-1,0.909862,0.000185,0.089953
AGGGTGCTCTCGAGGG-1,0.923497,0.021686,0.054817
AGGGTGGATAGTGCAT-1,0.69762,0.302348,0.000032
AGGGTTCAGACGGTCC-1,0.160685,0.00002,0.839295
AGGGTTCCCTTTGGTT-1,0.999644,0.000017,0.00034
AGGGTTTAGTTCGGGA-1,0.994346,0.000022,0.005632
AGGTAACCTCCTATTC-1,0.95638,0.000036,0.043584
AGGTACGATATTGCCA-1,0.954809,0.005764,0.039427
AGGTAGATCGAGATAT-1,0.997104,0.000011,0.002886
AGGTAGGTACAAAGCT-1,0.801949,0.18563,0.012421
AGGTATAATTGATAGT-1,0.976109,0.011677,0.012214
AGGTCAGGTGAGAGTG-1,0.982939,0.010562,0.006499
AGGTCGCGGAGTTACT-1,0.795044,0.204937,0.000019
AGGTGCACGTCCACAT-1,0.877075,0.062009,0.060916
AGGTGGTGACCTTCGC-1,0.047276,0.000031,0.952693
AGGTGTATCGCCATGA-1,0.97523,0.024734,0.000037
AGGTTGAGGCACGCTT-1,0.999953,0.000023,0.000023
AGGTTTCACACACCTT-1,0.709135,0.204266,0.086599
AGTAACGTTCATCCTG-1,0.845645,0.154061,0.000293
AGTAATCTAAGGGTGG-1,0.801999,0.075165,0.122835
AGTAATGTCTTGCCGC-1,0.999944,0.000028,0.000028
AGTACAGAAGCTTATA-1,0.403203,0.104472,0.492325
AGTACATCATTTATCA-1,0.901389,0.023119,0.075492
AGTACCTTCGAGTGCT-1,0.826437,0.173482,0.000081
AGTACGGCCCGTATCG-1,0.976552,0.023434,0.000014
AGTACGGGCACCTGGC-1,0.999949,0.000026,0.000026
AGTACGTGGCCTGTCT-1,0.999789,0.000106,0.000106
AGTACTCTTATGCCCA-1,0.80703,0.133047,0.059923
AGTAGAAGGCGCCTCA-1,0.000642,0.000017,0.999341
AGTAGCGTGAACGAAC-1,0.885951,0.113964,0.000085
AGTAGCTAGACGCCGA-1,0.740641,0.15638,0.102979
AGTAGGAAGGAAGTTG-1,0.948393,0.051586,0.000021
AGTAGGTAACATACAT-1,0.999941,0.000029,0.000029
AGTATAATACTAGGCA-1,0.818885,0.18108,0.000035
AGTATACACAGCGACA-1,0.304317,0.035296,0.660387
AGTATGCTGGAGACCA-1,0.617739,0.27544,0.106821
AGTATTTGGCACGACC-1,0.542952,0.107943,0.349105
AGTCAAATGATGTGAT-1,0.901103,0.098745,0.000152
AGTCAACACCACCATC-1,0.9192,0.060037,0.020763
AGTCAAGATGACACTT-1,0.789742,0.179506,0.030751
AGTCACTAGCTCTCGA-1,0.923956,0.003218,0.072826
AGTCAGCCACCGCCTG-1,0.971053,0.028901,0.000046
AGTCCATTGGCTGATG-1,0.949573,0.007235,0.043193
AGTCCCGCCTTTAATT-1,0.940952,0.059005,0.000044
AGTCGACGGTCTCAAG-1,0.999962,0.000019,0.000019
AGTCGGCCCAAACGAC-1,0.904082,0.095893,0.000025
AGTCGGCTCAACTTTA-1,0.998668,0.000017,0.001315
AGTCGGTTGCGTGAGA-1,0.957056,0.005326,0.037618
AGTCGTATAAAGCAGA-1,0.237577,0.032326,0.730096
AGTCGTCGACCACCAA-1,0.977227,0.021316,0.001457
AGTCGTGGGCATTACG-1,0.948004,0.004657,0.047339
AGTCTCACAAGACTAC-1,0.995312,0.000054,0.004634
AGTCTGGACATCCTTG-1,0.436964,0.562946,0.000091
AGTCTTCTCCTCAAAT-1,0.982599,0.003628,0.013773
AGTCTTTAAAGTGTCC-1,0.540563,0.000024,0.459414
AGTGAACAAACTTCTC-1,0.999974,0.000013,0.000013
AGTGACCTACTTTACG-1,0.999954,0.000023,0.000023
AGTGACTGTGACACAA-1,0.909983,0.072263,0.017754
AGTGAGACTTCCAGTA-1,0.999198,0.000024,0.000778
AGTGAGCCTCGCCGCC-1,0.999966,0.000017,0.000017
AGTGAGGGTTTCTGAC-1,0.9999,0.00005,0.00005
AGTGATAACCTGCGCG-1,0.896846,0.053339,0.049815
AGTGATATGAGTAGTT-1,0.999916,0.000042,0.000042
AGTGATTCAAGCAGGA-1,0.999957,0.000022,0.000022
AGTGCACGCTTAAGAA-1,0.803593,0.162861,0.033546
AGTGCGTAGCTCGTAA-1,0.984235,0.000012,0.015753
AGTGCTAAACACAGCA-1,0.723133,0.1276,0.149266
AGTGCTTGCACGAATA-1,0.974781,0.024157,0.001063
AGTGGCCCGCAAATGG-1,0.775494,0.037141,0.187365
AGTGGCGGCAATTTGA-1,0.989157,0.010173,0.00067
AGTGGCGTCTGAAGGT-1,0.809335,0.165799,0.024866
AGTGGCTCCGTCGGCC-1,0.996176,0.003794,0.000029
AGTGTATTGCGCATTG-1,0.999916,0.000042,0.000042
AGTGTGGTCTATTGTG-1,0.99986,0.00007,0.00007
AGTTAAACACTTGCGA-1,0.91609,0.050431,0.033479
AGTTAAGCGGTCCCGG-1,0.983456,0.000028,0.016516
AGTTAAGTCAACCGCT-1,0.853223,0.000028,0.146749
AGTTACCGCACATGGT-1,0.728693,0.271268,0.000039
AGTTACTCTATCGTGG-1,0.999942,0.000029,0.000029
AGTTATTGAAAGGTAA-1,0.771505,0.221321,0.007174
AGTTCCTACAGAATTA-1,0.999972,0.000014,0.000014
AGTTCCTATTTATGTT-1,0.794922,0.071357,0.133721
AGTTGACGGTCCTTGC-1,0.000225,0.049262,0.950513
AGTTGGCAAGGCTAGA-1,0.960082,0.004452,0.035466
AGTTTCGCAGGTCGGA-1,0.999916,0.000042,0.000042
AGTTTGCACCTGCCTC-1,0.032978,0.000727,0.966294
AGTTTGGCACGGGTTG-1,0.982422,0.000015,0.017564
AGTTTGGCCAGACCTA-1,0.98744,0.000018,0.012542
ATAAACGGACCCGTAA-1,0.417745,0.214795,0.36746
ATAAAGGCTCGGTCGT-1,0.674344,0.257886,0.06777
ATAAAGGTCAAGTACG-1,0.851613,0.148348,0.000039
ATAAATATTAGCAGCT-1,0.982326,0.000424,0.017249
ATAACGCCGGAGGGTC-1,0.944312,0.000016,0.055672
ATAACGGAGTCCAACG-1,0.999957,0.000021,0.000021
ATAAGGTGGAGAACAT-1,0.613816,0.001138,0.385046
ATAAGTAGGATTCAGA-1,0.991549,0.000011,0.00844
ATAAGTAGGGCGACTC-1,0.948008,0.001193,0.050798
ATAAGTTACCGCGACG-1,0.999966,0.000017,0.000017
ATAATAGCTGTTGAAT-1,0.772946,0.001618,0.225437
ATAATAGTGTAGGGAC-1,0.916853,0.083131,0.000017
ATAATCTTGGAGAACC-1,0.31086,0.047727,0.641412
ATAATTAGCTAAGTAG-1,0.075256,0.000022,0.924722
ATACAGGCCCTCCAAT-1,0.232936,0.000047,0.767017
ATACCACGGGCAACTT-1,0.983473,0.016513,0.000014
ATACCAGCAAATTGCT-1,0.561163,0.438715,0.000121
ATACCAGGCTAATAGA-1,0.978077,0.004099,0.017824
ATACCTAACCAAGAAA-1,0.002753,0.228623,0.768624
ATACGAGGTTTGTAAG-1,0.010782,0.000804,0.988414
ATACGCCGGCGAAACC-1,0.984192,0.000017,0.01579
ATACGGAACGTCGTTT-1,0.776193,0.222817,0.00099
ATACGGGTTTCGATTG-1,0.975786,0.024162,0.000052
ATACGGTGAAGATGCA-1,0.999963,0.000019,0.000019
ATACGTACTTAGCCAC-1,0.492546,0.062958,0.444496
ATACGTCCACTCCTGT-1,0.966738,0.033244,0.000018
ATACGTTATGCACGGA-1,0.197077,0.000028,0.802895
ATACTACCCGTACCAC-1,0.924195,0.018519,0.057286
ATACTAGCATGACCCT-1,0.988513,0.006241,0.005246
ATACTGCCTTACACCG-1,0.613213,0.367644,0.019143
ATACTTGTTCTCGAGC-1,0.673826,0.326143,0.000031
ATAGACAACGGGACCT-1,0.999975,0.000012,0.000012
ATAGACGAAGAGAAAG-1,0.906218,0.093758,0.000024
ATAGAGTACTGGGACA-1,0.898568,0.101387,0.000045
ATAGAGTTATCAACTT-1,0.99995,0.000025,0.000025
ATAGCAACTAGGGAAG-1,0.900354,0.031213,0.068432
ATAGGCGGCTATAGAA-1,0.994513,0.000012,0.005475
ATAGGCTAGCTTCGCA-1,0.978728,0.000026,0.021246
ATAGGGATATCCTTGA-1,0.959689,0.000033,0.040278
ATAGGTTGGGCAGATG-1,0.889793,0.039992,0.070215
ATAGTCTTTGACGTGC-1,0.873665,0.126272,0.000063
ATAGTGAAGCGTTCTC-1,0.886603,0.00015,0.113247
ATAGTTCCACCCACTC-1,0.967198,0.003057,0.029746
ATATAAAGCGCTCGTG-1,0.232701,0.001095,0.766204
ATATAAATGTAGCTGC-1,0.096443,0.257947,0.645609
ATATAACACGGGCGCA-1,0.848287,0.077888,0.073825
ATATCAACCTACAGAG-1,0.902761,0.02152,0.075718
ATATCGGTAGGGAGAT-1,0.978554,0.000034,0.021411
ATATCGTGCCAGACCC-1,0.811884,0.187952,0.000164
ATATCGTTCCTCGAAC-1,0.943169,0.056806,0.000025
ATATCTCCCTCGTTAA-1,0.937905,0.000021,0.062074
ATATCTTAGGGCCTTC-1,0.841048,0.158928,0.000025
ATATGGGATAGCAACT-1,0.228252,0.00415,0.767598
ATATGTCTAGAGCGTG-1,0.066293,0.064597,0.86911
ATATGTCTCCCTAGCC-1,0.999974,0.000013,0.000013
ATATTCAGTTAAACCT-1,0.998262,0.00003,0.001707
ATATTCCACATAGTGA-1,0.421587,0.135474,0.442939
ATATTCCCACAGGTCA-1,0.999899,0.000051,0.000051
ATATTGCTGTCAAAGT-1,0.999974,0.000013,0.000013
ATATTTAACCCTCAAG-1,0.999952,0.000024,0.000024
ATCAAACGAAGGTTTG-1,0.999946,0.000027,0.000027
ATCAAAGAGCCGTGGT-1,0.123867,0.016372,0.85976
ATCAAGATCCCAGGAC-1,0.191769,0.000021,0.80821
ATCAATCTGGGCTGCA-1,0.941721,0.050159,0.008119
ATCAATGCCGTGGCTG-1,0.98459,0.008255,0.007154
ATCACATTAGAATATC-1,0.98676,0.010463,0.002777
ATCACGTGCTAATTAA-1,0.900737,0.027987,0.071276
ATCACTTCATCCTCGC-1,0.921363,0.030226,0.048411
ATCAGACGGCACGCCG-1,0.999961,0.00002,0.00002
ATCAGCCTCATGCTGC-1,0.755959,0.084654,0.159388
ATCAGCTCGTCCACTA-1,0.852034,0.000022,0.147944
ATCAGGTCGCCATTGC-1,0.999816,0.000092,0.000092
ATCAGTAGGCAGGGAT-1,0.963784,0.028918,0.007297
ATCATAGATCGACGAG-1,0.100117,0.000039,0.899843
ATCATAGCCCTATGTA-1,0.946494,0.0106,0.042906
ATCATCCAATATTTGT-1,0.964924,0.029964,0.005112
ATCATCTGCCCAGTGT-1,0.603825,0.396047,0.000128
ATCCAACGCAGTCATA-1,0.983776,0.016189,0.000035
ATCCAATGGAGGGTCC-1,0.999974,0.000013,0.000013
ATCCACATCGACAGAA-1,0.004151,0.065774,0.930076
ATCCACGCTAAATGTT-1,0.947591,0.052355,0.000055
ATCCAGAGCAACAACC-1,0.965276,0.000044,0.03468
ATCCAGGATTCGTGAA-1,0.999975,0.000013,0.000013
ATCCCATCCACAGCGC-1,0.896911,0.07205,0.031038
ATCCCATTTCCGTGGG-1,0.05736,0.000018,0.942622
ATCCTACCTAAGCTCT-1,0.971518,0.026231,0.002251
ATCCTGAATCGCTGCG-1,0.928954,0.071026,0.00002
ATCCTGCGTGGAATGG-1,0.979431,0.0144,0.006169
ATCCTGCTGCAGATAG-1,0.171089,0.828824,0.000087
ATCGACCCAATACAGA-1,0.824292,0.125363,0.050344
ATCGACTCTTTCCGTT-1,0.964749,0.016722,0.018529
ATCGCACGCCGGGAGA-1,0.966955,0.033022,0.000023
ATCGCCAGTCAACATT-1,0.866646,0.057645,0.07571
ATCGCTGCGTGCAGCA-1,0.913681,0.018953,0.067366
ATCGGAGACAGACGGC-1,0.63103,0.04865,0.32032
ATCGGCAAGCAGTCCA-1,0.807188,0.006144,0.186667
ATCGGTTACCTAGTAA-1,0.929681,0.070288,0.000031
ATCGTGGAAAGTCTGG-1,0.958835,0.0234,0.017765
ATCGTTAGCTAGCGGA-1,0.956139,0.032555,0.011306
ATCGTTCACTTTCGCC-1,0.999787,0.000107,0.000107
ATCTAATATCCTACGG-1,0.110926,0.185841,0.703233
ATCTACCATCTGCTCC-1,0.673692,0.088437,0.237871
ATCTAGCTTGTGAGGG-1,0.000168,0.000021,0.999811
ATCTCCCTGCAATCTA-1,0.972074,0.000057,0.027869
ATCTGACATGGAAGGA-1,0.701209,0.187431,0.11136
ATCTGCACCTCTGCGA-1,0.999935,0.000032,0.000032
ATCTGCTGTTATCGCC-1,0.000141,0.005261,0.994597
ATCTGGGCTGTTCTTG-1,0.000201,0.000025,0.999774
ATCTGGTTAAGACTGT-1,0.967285,0.032681,0.000034
ATCTGTAATTGTACCC-1,0.999919,0.000041,0.000041
ATCTTATCGCACACCC-1,0.889073,0.098466,0.012461
ATCTTGACCTGCAACG-1,0.999969,0.000016,0.000016
ATCTTGACTTGTCCAA-1,0.94075,0.040805,0.018444
ATGAAGCCAAGGAGCC-1,0.970756,0.000038,0.029207
ATGACGCCGGCTCTAA-1,0.772656,0.227319,0.000025
ATGACGCGTTCTATCC-1,0.967116,0.000018,0.032866
ATGACTATCAGCTGTG-1,0.599415,0.052231,0.348354
ATGACTATGCGACATT-1,0.999944,0.000028,0.000028
ATGAGGAGTGTTAATC-1,0.996674,0.003292,0.000034
ATGATCGGGAATAGAC-1,0.78809,0.211857,0.000053
ATGATGCAATGGTACA-1,0.995621,0.004355,0.000024
ATGCACTACCGCATTG-1,0.934747,0.062747,0.002506
ATGCATGATCCAGGAT-1,0.974593,0.000034,0.025373
ATGCATTCCGTGATGG-1,0.785959,0.213923,0.000118
ATGCCAATCGCTCTGC-1,0.988686,0.011294,0.000021
ATGCCATTTGCGACCA-1,0.968865,0.001313,0.029822
ATGCCGGTCTTGCATA-1,0.999922,0.000039,0.000039
ATGCCGGTTGATGGGA-1,0.883872,0.000022,0.116105
ATGCGACAATTGGTCC-1,0.963321,0.007233,0.029446
ATGCGACAGTCCCATT-1,0.946104,0.006234,0.047662
ATGCGAGTCCCACCAC-1,0.972308,0.021672,0.00602
ATGCTCAGTGTTGCAT-1,0.950216,0.049747,0.000037
ATGCTCTGGCGCGGTA-1,0.330826,0.140344,0.528831
ATGGACTGCTTAGTTG-1,0.086532,0.015151,0.898317
ATGGAGCAGGCCGTGA-1,0.999899,0.00005,0.00005
ATGGATCCGGCGTCCG-1,0.797297,0.202671,0.000031
ATGGATTGACCAAACG-1,0.981588,0.00004,0.018373
ATGGCAGCATTACGAT-1,0.996723,0.000013,0.003264
ATGGCAGCCGAGAAAC-1,0.774739,0.039691,0.18557
ATGGCTGGAAATGGCC-1,0.999913,0.000044,0.000044
ATGGGAACGGAAGCGG-1,0.916967,0.082804,0.000229
ATGGGACCTGCTGAAC-1,0.99968,0.000009,0.000311
ATGGGCCTCGGCCTCT-1,0.949304,0.000934,0.049761
ATGGGTGTATACCTCC-1,0.929373,0.011657,0.05897
ATGGTATTGGGAACCG-1,0.001095,0.030046,0.968859
ATGGTCGCGTGGTTTC-1,0.991196,0.006602,0.002202
ATGTACGATGACGTCG-1,0.000187,0.068397,0.931416
ATGTAGCGCGCGTAGG-1,0.075614,0.090363,0.834023
ATGTCATAATAAACGA-1,0.411964,0.003247,0.58479
ATGTCTTGTTTGACTC-1,0.156159,0.055494,0.788347
ATGTGAAAGCCTAATG-1,0.963418,0.000016,0.036566
ATGTGCATCCGACGCA-1,0.996316,0.003645,0.000039
ATGTGGACATCTTGAT-1,0.623158,0.076989,0.299853
ATGTGTAGTTTAGTCA-1,0.999596,0.000202,0.000202
ATGTTACGAGCAATAC-1,0.45162,0.548329,0.000051
ATGTTCGTCGACCCAC-1,0.999935,0.000032,0.000032
ATGTTGATTAGAGACT-1,0.951029,0.007826,0.041144
ATGTTGTAGTCTGTTT-1,0.464511,0.050031,0.485459
ATTAAACATGCGGACC-1,0.963881,0.000024,0.036096
ATTAATACTACGCGGG-1,0.775124,0.189769,0.035107
ATTAATGAACCAGTCG-1,0.995824,0.004159,0.000017
ATTAATTCGGTCACTC-1,0.999918,0.000041,0.000041
ATTACAACTACCGGCC-1,0.763629,0.236305,0.000066
ATTACGCGCTGGCAGG-1,0.999982,0.000009,0.000009
ATTACTAGCCTCTTGC-1,0.960352,0.039606,0.000042
ATTACTTACTGGGCAT-1,0.904204,0.095771,0.000025
ATTAGATTCCTCAGCA-1,0.95689,0.043071,0.00004
ATTAGATTGATAGCGG-1,0.941594,0.058354,0.000052
ATTAGGCGATGCTTTC-1,0.973392,0.000027,0.026582
ATTATACTTTGCTCGT-1,0.968277,0.000045,0.031678
ATTATCGGAATGTACG-1,0.000169,0.000021,0.99981
ATTATCTCGACAGATC-1,0.875205,0.124722,0.000073
ATTATGCCATAGGGAG-1,0.999872,0.000064,0.000064
ATTATTATGTCCGTCA-1,0.999949,0.000025,0.000025
ATTATTCAGAGTCACT-1,0.945434,0.028023,0.026543
ATTCAACCATTTAAGG-1,0.96486,0.03238,0.00276
ATTCACTGATGTTGGA-1,0.448136,0.020493,0.531371
ATTCAGGACCTATTTC-1,0.993072,0.000052,0.006876
ATTCAGGATCGCCTCT-1,0.887564,0.010782,0.101654
ATTCAGTAGCAGGGTC-1,0.940346,0.059627,0.000027
ATTCATATACTGTCCA-1,0.839962,0.000044,0.159994
ATTCATCGTTGAGGCA-1,0.796548,0.098098,0.105354
ATTCCCACATAAACAA-1,0.946708,0.05327,0.000022
ATTCCTAAGACGTGGA-1,0.859521,0.140415,0.000064
ATTCCTCCGCCAGTGC-1,0.989537,0.010436,0.000027
ATTCGACGCCGGGCCT-1,0.996874,0.003101,0.000025
ATTCGTGCTATCTCTT-1,0.89291,0.003463,0.103627
ATTCGTGTACCCATTC-1,0.905175,0.000075,0.094749
ATTCTCGTCTCTTTAG-1,0.777426,0.222538,0.000037
ATTCTGAGTATGAACT-1,0.999891,0.000055,0.000055
ATTCTTCGTACTTATG-1,0.994471,0.005438,0.000091
ATTGAAGATCTTAGTG-1,0.999949,0.000025,0.000025
ATTGACGTAACTCGGT-1,0.955992,0.043959,0.000049
ATTGATGAGTCCTAAC-1,0.92675,0.066587,0.006662
ATTGCCTATTAGACCG-1,0.962956,0.02438,0.012664
ATTGCCTTTATGTTTG-1,0.414532,0.211879,0.373589
ATTGCGATCAGTAACT-1,0.904207,0.00135,0.094442
ATTGCTGCTCCTCCAT-1,0.913457,0.000018,0.086525
ATTGGATTACAGCGTA-1,0.949402,0.027892,0.022706
ATTGGGAATATCTTGG-1,0.999872,0.000064,0.000064
ATTGTACAACTCGGCT-1,0.97531,0.024314,0.000376
ATTGTCGCAATACCTT-1,0.9777,0.022263,0.000037
ATTGTCTGTTTCATGT-1,0.068917,0.04626,0.884823
ATTGTGACTTCGCTGC-1,0.962968,0.00006,0.036972
ATTTAACTCGTATTAC-1,0.938071,0.030902,0.031027
ATTTACAGTTTACTGG-1,0.999974,0.000013,0.000013
