Barcode,Topic 1,Topic 2to3,Topic 4to6,Topic 7,Topic 8
AAACAACGAATAGTTC-1,0.005155,0.006436,0.716442,0.050402,0.221565
AAACAAGTATCTCCCA-1,0.083663,0.217164,0.404261,0.191226,0.103685
AAACACCAATAACTGC-1,0.018282,0.133078,0.726969,0.054717,0.066954
AAACAGAGCGACTCCT-1,0.114528,0.182448,0.414492,0.203143,0.085388
AAACAGCTTTCAGAAG-1,0.022261,0.025555,0.504136,0.048505,0.399543
AAACAGGGTCTATATT-1,0.207829,0.000868,0.123101,0.324422,0.34378
AAACAGTGTTCCTGGG-1,0.765511,0.23419,0.00018,0.00006,0.00006
AAACATGGTGAGAGGA-1,0.027226,0.284738,0.296883,0.039914,0.351238
AAACATTTCCCGGATT-1,0.001609,0.276121,0.595327,0.020955,0.105987
AAACCCGAACGAAATC-1,0.052987,0.395975,0.267777,0.004637,0.278625
AAACCGGAAATGTTAA-1,0.00002,0.701898,0.269152,0.0016,0.027331
AAACCGGGTAGGTACC-1,0.001001,0.025584,0.671313,0.261465,0.040638
AAACCGTTCGTCCAGG-1,0.032644,0.014515,0.740457,0.192193,0.020191
AAACCTAAGCAGCCGG-1,0.063618,0.181878,0.412707,0.315158,0.026639
AAACCTCATGAAGTTG-1,0.000035,0.132877,0.747991,0.029083,0.090013
AAACGAAGATGGAGTA-1,0.126832,0.194946,0.180658,0.041764,0.455801
AAACGAGACGGTTGAT-1,0.000021,0.008584,0.99025,0.001123,0.000021
AAACGCTGGGCACGAC-1,0.107398,0.638172,0.00019,0.000063,0.254176
AAACGGGCGTACGGGT-1,0.021546,0.220061,0.541176,0.114158,0.103058
AAACGGGTTGGTATCC-1,0.055464,0.0246,0.678428,0.060442,0.181066
AAACGGTTGCGAACTG-1,0.912379,0.053934,0.005578,0.025985,0.002124
AAACGTGTTCGCCCTA-1,0.214387,0.552397,0.094842,0.106412,0.031962
AAACTAACGTGGCGAC-1,0.071494,0.246781,0.380954,0.036683,0.264087
AAACTCGGTTCGCAAT-1,0.061111,0.269893,0.460744,0.204592,0.00366
AAACTCGTGATATAAG-1,0.037709,0.111471,0.419421,0.01387,0.417529
AAACTGCTGGCTCCAA-1,0.006568,0.063397,0.746924,0.159897,0.023214
AAACTTAATTGCACGC-1,0.000013,0.317478,0.660623,0.001084,0.020801
AAACTTGCAAACGTAT-1,0.329941,0.082596,0.106477,0.447033,0.033953
AAAGAATGACCTTAGA-1,0.000015,0.464479,0.3313,0.001554,0.202653
AAAGAATGTGGACTAA-1,0.000475,0.754263,0.219788,0.008135,0.01734
AAAGACTGGGCGCTTT-1,0.064708,0.057663,0.530299,0.158138,0.189192
AAAGCTTGCCTACATA-1,0.029678,0.369633,0.122679,0.147319,0.330692
AAAGGCCCTATAATAC-1,0.028104,0.315221,0.467582,0.128707,0.060385
AAAGGCTACGGACCAT-1,0.997832,0.00012,0.000179,0.00006,0.001809
AAAGGCTCTCGCGCCG-1,0.760952,0.238766,0.00017,0.000057,0.000057
AAAGGGATGTAGCAAG-1,0.048589,0.000093,0.446418,0.490748,0.014152
AAAGGGCAGCTTGAAT-1,0.04294,0.022459,0.765325,0.134179,0.035097
AAAGGTAAGCTGTACC-1,0.061628,0.058307,0.733402,0.019102,0.12756
AAAGTAGCATTGCTCA-1,0.000019,0.046352,0.941271,0.01234,0.000019
AAAGTCGACCCTCAGT-1,0.02397,0.082119,0.846591,0.025852,0.021466
AAAGTGCCATCAATTA-1,0.144358,0.718833,0.01017,0.016483,0.110155
AAAGTGTGATTTATCT-1,0.060341,0.079862,0.198095,0.550815,0.110887
AAAGTTGACTCCCGTA-1,0.099331,0.124525,0.611597,0.158403,0.006144
AAATAACCATACGGGA-1,0.002972,0.071237,0.907405,0.018364,0.000021
AAATAAGGTAGTGCCC-1,0.070359,0.042104,0.150958,0.266948,0.469631
AAATACCTATAAGCAT-1,0.253436,0.044643,0.453243,0.248646,0.000032
AAATAGCTTAGACTTT-1,0.119645,0.173364,0.254232,0.24755,0.205208
AAATAGGGTGCTATTG-1,0.045095,0.021121,0.550893,0.343461,0.03943
AAATCCGATACACGCC-1,0.095459,0.200819,0.555555,0.147411,0.000755
AAATCGCGGAAGGAGT-1,0.076938,0.216081,0.339593,0.215061,0.152327
AAATCGTGTACCACAA-1,0.999311,0.000197,0.000295,0.000098,0.000098
AAATCTAGCCCTGCTA-1,0.000371,0.143973,0.597636,0.098898,0.159123
AAATCTGCCCGCGTCC-1,0.045041,0.923131,0.005939,0.000016,0.025873
AAATGACTGATCAAAC-1,0.829881,0.113698,0.000228,0.016211,0.039983
AAATGATTCGATCAGC-1,0.214674,0.126578,0.501251,0.066866,0.090632
AAATGCTCGTTACGTT-1,0.018942,0.010622,0.85844,0.034796,0.0772
AAATGGCATGTCTTGT-1,0.137088,0.002218,0.46112,0.395955,0.003618
AAATGGCCCGTGCCCT-1,0.038166,0.141663,0.429884,0.282377,0.107911
AAATGGTCAATGTGCC-1,0.893649,0.000422,0.000632,0.068665,0.036632
AAATGTATCTTATCCC-1,0.090465,0.000672,0.030199,0.26127,0.617395
AAATTAACGGGTAGCT-1,0.468508,0.019776,0.19197,0.281526,0.038221
AAATTAATAAGCGCGA-1,0.000024,0.096159,0.619441,0.004273,0.280103
AAATTACACGACTCTG-1,0.031751,0.010282,0.740175,0.121386,0.096406
AAATTACCTATCGATG-1,0.048616,0.000125,0.157658,0.251438,0.542162
AAATTCCAGGTCCAAA-1,0.00002,0.100423,0.876018,0.001959,0.021581
AAATTGATAGTCCTTT-1,0.085015,0.004694,0.304038,0.53381,0.072443
AAATTGCGGCGGTTCT-1,0.06549,0.000109,0.410017,0.14152,0.382865
AAATTGGTGAGAAGCA-1,0.000022,0.402142,0.499682,0.000022,0.098131
AAATTTGCGGGTGTGG-1,0.049203,0.033498,0.801124,0.115388,0.000787
AACAACTGGTAGTTGC-1,0.476815,0.000184,0.000276,0.472271,0.050455
AACAATACATTGTCGA-1,0.04079,0.044392,0.68921,0.222258,0.003351
AACAATTACTCTACGC-1,0.115677,0.101902,0.623667,0.140373,0.018381
AACACACGCTCGCCGC-1,0.000047,0.143291,0.577903,0.154365,0.124395
AACACGAGACGCGGCC-1,0.000017,0.023536,0.914401,0.04075,0.021297
AACAGCTGTGTGGCAA-1,0.038691,0.018129,0.811213,0.131948,0.000019
AACAGGAAATCGAATA-1,0.027895,0.000104,0.386498,0.556876,0.028628
AACAGGATGGGCCGCG-1,0.000024,0.049758,0.948623,0.00157,0.000024
AACAGGTAGTATGGAT-1,0.017508,0.310424,0.30429,0.035924,0.331854
AACATAGCGTGTATCG-1,0.055409,0.738064,0.0027,0.20068,0.003148
AACATATCAACTGGTG-1,0.028375,0.030508,0.683764,0.013543,0.24381
AACATCGATACGTCTA-1,0.030268,0.000149,0.159702,0.208311,0.60157
AACATTGAAGTTGATC-1,0.012967,0.156601,0.705981,0.036623,0.087828
AACATTGGTCAGCCGT-1,0.082793,0.019092,0.466301,0.082042,0.349772
AACATTGTGACTCGAG-1,0.889088,0.000419,0.102739,0.007604,0.00015
AACCAAGACTTCTCTG-1,0.075774,0.019367,0.539135,0.135746,0.229977
AACCAGTATCACTCTT-1,0.277484,0.172202,0.223394,0.23662,0.0903
AACCATAGGGTTGAAC-1,0.10197,0.247413,0.257395,0.166157,0.227065
AACCATGGGATCGCTA-1,0.028527,0.02671,0.550993,0.260041,0.13373
AACCCAGAGACGGAGA-1,0.001176,0.006596,0.72548,0.266242,0.000506
AACCCATCCCATGATC-1,0.000533,0.171695,0.741317,0.0094,0.077054
AACCCGACAACCCGTG-1,0.817903,0.0795,0.021593,0.009751,0.071252
AACCCGAGCAGAATCG-1,0.012245,0.302199,0.021906,0.108001,0.555649
AACCCGATAGGGCTTC-1,0.001728,0.493456,0.361191,0.007178,0.136446
AACCCGCTGTATTCCA-1,0.579652,0.397837,0.022439,0.000036,0.000036
AACCCTACTGTCAATA-1,0.044482,0.147567,0.450705,0.224695,0.13255
AACCGAGCTTGGTCAT-1,0.043493,0.129765,0.434848,0.391855,0.000039
AACCGCTAAGGGATGC-1,0.069838,0.016913,0.064508,0.58451,0.264232
AACCGTTGTGTTTGCT-1,0.000381,0.003018,0.957884,0.037987,0.000729
AACCTCGCTTTAGCCC-1,0.000034,0.207072,0.781831,0.011029,0.000034
AACCTGTCACGGAATT-1,0.07209,0.234057,0.036153,0.280066,0.377634
AACCTTTAAATACGGT-1,0.137242,0.030808,0.304867,0.511835,0.015248
AACCTTTACGACGTCT-1,0.282343,0.000182,0.011864,0.603984,0.101627
AACGAAAGTCGTCCCA-1,0.322091,0.273715,0.186196,0.054381,0.163617
AACGACCTCCTAGCCG-1,0.000021,0.622464,0.375425,0.000021,0.002069
AACGATAATGCCGTAG-1,0.11743,0.13606,0.224712,0.521762,0.000037
AACGATAGAAGGGCCG-1,0.91824,0.00016,0.00024,0.08128,0.00008
AACGATATGTCAACTG-1,0.093469,0.017907,0.639614,0.244888,0.004121
AACGCATGATCTGGGT-1,0.095864,0.184357,0.51666,0.059291,0.143827
AACGCGAACGGCAACA-1,0.021582,0.016486,0.939905,0.021936,0.00009
AACGCGACCTTGGGCG-1,0.853759,0.000261,0.000392,0.000131,0.145457
AACGCGGTCTCCAGCC-1,0.033338,0.098639,0.786041,0.067458,0.014524
AACGCTGTTGCTGAAA-1,0.037192,0.11484,0.488054,0.296635,0.063278
AACGGACGTACGTATA-1,0.022922,0.014586,0.479254,0.260637,0.2226
AACGGCCATCTCCGGT-1,0.187094,0.045754,0.309166,0.443552,0.014435
AACGTACTGTGGGTAC-1,0.175568,0.109433,0.50006,0.214898,0.000041
AACGTCAGACTAGTGG-1,0.03742,0.059684,0.567433,0.331025,0.004438
AACGTCGCTGCACTTC-1,0.000024,0.931166,0.032588,0.000024,0.036199
AACGTGCGAAAGTCTC-1,0.000035,0.154401,0.761753,0.081309,0.002502
AACGTTATCAGCACCT-1,0.046317,0.022988,0.558193,0.008644,0.363858
AACGTTCTACCATTGT-1,0.37581,0.603568,0.000251,0.000084,0.020288
AACTACCCGTTTGTCA-1,0.021598,0.224081,0.02289,0.235048,0.496383
AACTAGGCTTGGGTGT-1,0.440641,0.000252,0.000378,0.519808,0.038921
AACTCAAGTTAATTGC-1,0.653944,0.023386,0.046893,0.260279,0.015498
AACTCCAGAGCGTGTT-1,0.002575,0.166149,0.532325,0.058441,0.24051
AACTCCTAATCCCATG-1,0.20715,0.087577,0.558644,0.029242,0.117388
AACTCGATAAACACGT-1,0.04202,0.000088,0.435257,0.141373,0.381262
AACTCGATGGCGCAGT-1,0.142556,0.000125,0.236003,0.394758,0.226558
AACTCTCAATAGAGCG-1,0.000052,0.105864,0.69023,0.146945,0.056909
AACTCTCAGTGTGCTC-1,0.034215,0.000092,0.321323,0.644323,0.000046
AACTGAGGTCAGCGTC-1,0.000045,0.227285,0.419955,0.000045,0.352671
AACTGAGTTATACTGA-1,0.152889,0.431558,0.064438,0.017087,0.334027
AACTGATATTAGGCCT-1,0.009145,0.007455,0.926532,0.056832,0.000036
AACTGGGTCCCGACGT-1,0.035638,0.000071,0.765301,0.173859,0.025132
AACTTCTGCGTCTATC-1,0.090958,0.036406,0.532323,0.197931,0.142382
AACTTGCCCGTATGCA-1,0.134569,0.010576,0.587257,0.263734,0.003863
AACTTGCGTTCTCGCG-1,0.000022,0.000044,0.984736,0.012386,0.002812
AACTTTACGGGAGCTT-1,0.065312,0.185385,0.6964,0.000153,0.052751
AACTTTCTCGATCATG-1,0.048074,0.691613,0.128259,0.000255,0.131799
AAGAAATCACCAGATT-1,0.168678,0.378759,0.000148,0.00005,0.452365
AAGAAGGATCAGTTAG-1,0.097765,0.131531,0.640368,0.008132,0.122205
AAGACATACGTGGTTT-1,0.09701,0.667684,0.000282,0.001202,0.233823
AAGACCAAATAACTCA-1,0.264946,0.307008,0.323206,0.015744,0.089096
AAGACCCAACTGAACA-1,0.801855,0.000291,0.182408,0.000183,0.015264
AAGACTAACCCGTTGT-1,0.136021,0.036714,0.453578,0.287185,0.086501
AAGACTGCAAGCTACT-1,0.008647,0.013742,0.744672,0.215643,0.017295
AAGAGATGAATCGGTA-1,0.029897,0.176567,0.605656,0.113157,0.074723
AAGAGCTCTTTATCGG-1,0.000044,0.005199,0.968804,0.025909,0.000044
AAGAGGATGTACGCGA-1,0.07776,0.000125,0.256774,0.592286,0.073055
AAGAGGCATGGATCGC-1,0.1546,0.156919,0.663025,0.008465,0.016991
AAGAGGCCCTTTGGAA-1,0.017324,0.219434,0.24383,0.042412,0.477001
AAGATGGCACCGGACC-1,0.119675,0.06769,0.383783,0.380149,0.048703
AAGATTGGCGGAACGT-1,0.353744,0.002016,0.332685,0.250374,0.06118
AAGCACCCTGCGTATC-1,0.000027,0.043243,0.946547,0.010157,0.000027
AAGCATACTCTCCTGA-1,0.126769,0.104542,0.187993,0.559211,0.021484
AAGCCACTTGCAGGTA-1,0.127494,0.476843,0.100227,0.286975,0.008462
AAGCCGAAGCGGTTTA-1,0.144599,0.074133,0.374657,0.112022,0.294589
AAGCCGCCGTGAAATC-1,0.047374,0.275213,0.125284,0.527689,0.02444
AAGCCGCTTTACCTTG-1,0.139458,0.30586,0.038773,0.001235,0.514674
AAGCCGGAGAGCAGGA-1,0.000029,0.672106,0.293799,0.001098,0.032969
AAGCGCAGGGCTTTGA-1,0.055428,0.291022,0.318693,0.3157,0.019156
AAGCGGAGTGCGCGCA-1,0.083449,0.402055,0.335901,0.010529,0.168066
AAGCGGCGTCATGGGT-1,0.021143,0.070081,0.655338,0.035839,0.217598
AAGCGTCCCTCATCGA-1,0.007337,0.0113,0.879803,0.095559,0.006001
AAGCTAGATCGAGTAA-1,0.000031,0.001257,0.812331,0.185283,0.001099
AAGCTCGTGCCAAGTC-1,0.00018,0.01361,0.426831,0.559199,0.00018
AAGCTCTTTCATGGTG-1,0.000037,0.080421,0.879531,0.039973,0.000037
AAGGAGCGGTTGGTGC-1,0.719376,0.177737,0.101058,0.001627,0.000201
AAGGATCGATCGCTTG-1,0.018419,0.000188,0.327429,0.268869,0.385095
AAGGATGAGGGACCTC-1,0.038134,0.000071,0.906659,0.010756,0.04438
AAGGCAGGCTGTCTCC-1,0.093422,0.70115,0.000208,0.024982,0.180237
AAGGCGCGTAAAGCTT-1,0.001126,0.041095,0.74256,0.179811,0.035409
AAGGCTGTGCTCATCG-1,0.999393,0.000174,0.00026,0.000087,0.000087
AAGGGAACGACTGGCT-1,0.000903,0.165573,0.761606,0.027509,0.044409
AAGGGACAGATTCTGT-1,0.016516,0.01597,0.807226,0.052698,0.107591
AAGGGACTATGCATTC-1,0.060972,0.080662,0.418312,0.088236,0.351818
AAGGGTTAGCCATGCG-1,0.000085,0.967029,0.000254,0.000085,0.032547
AAGGGTTTGATTTCAG-1,0.091288,0.306838,0.3953,0.00067,0.205905
AAGGTATCCTAATATA-1,0.000035,0.088955,0.67099,0.175279,0.064741
AAGGTGATAAACCAGC-1,0.148142,0.174922,0.229674,0.414312,0.03295
AAGTAGAAGACCGGGT-1,0.993816,0.005897,0.000172,0.000057,0.000057
AAGTAGTGACGCGAGG-1,0.084394,0.007564,0.385284,0.254741,0.268017
AAGTCAATTGTCGTCA-1,0.000037,0.196719,0.740955,0.020971,0.041318
AAGTCTAGTAGCTGCC-1,0.205991,0.277563,0.000247,0.00036,0.515838
AAGTCTTCTGTGGCCT-1,0.010685,0.138619,0.799952,0.006502,0.044243
AAGTGACGACCGAATT-1,0.01592,0.018792,0.724606,0.160418,0.080265
AAGTGAGTCGGGTTTA-1,0.736274,0.117247,0.136597,0.000085,0.009797
AAGTGCAAAGGTAGAC-1,0.001734,0.064433,0.770277,0.000016,0.163539
AAGTGCCTTGACTGTA-1,0.091326,0.081876,0.000331,0.633634,0.192833
AAGTGCGTTAGAATCT-1,0.059457,0.00907,0.702445,0.048696,0.180332
AAGTGCTTCTCTATTG-1,0.043227,0.262591,0.422391,0.271772,0.000019
AAGTGTTTGGAGACGG-1,0.156527,0.001753,0.301091,0.506135,0.034494
AAGTTCACTCCAAGCT-1,0.039659,0.056821,0.660861,0.16671,0.075949
AAGTTCAGTCTGCGTA-1,0.009553,0.000108,0.393927,0.014616,0.581797
AAGTTCGGCCAACAGG-1,0.019224,0.109563,0.529242,0.340488,0.001483
AAGTTGTGATGTTATA-1,0.054385,0.595844,0.138854,0.033309,0.177607
AAGTTTATGGGCCCAA-1,0.00178,0.214551,0.610189,0.167075,0.006405
AATAACAACGCTCGGC-1,0.100605,0.00715,0.544613,0.176707,0.170925
AATAACACTAGAACAA-1,0.005877,0.064325,0.85425,0.075531,0.000017
AATAACGTCGCGCCCA-1,0.002684,0.76224,0.170706,0.000081,0.064289
AATAATCTTCGTATCG-1,0.006122,0.627666,0.097448,0.070425,0.198339
AATACAATGTTTCAGG-1,0.160193,0.005212,0.121847,0.456419,0.256329
AATACCGGAGGGCTGT-1,0.017447,0.161121,0.652147,0.162747,0.006539
AATACCTGATGTGAAC-1,0.044401,0.618019,0.298474,0.034863,0.004243
AATAGAACAGAGTGGC-1,0.990551,0.000137,0.000206,0.009037,0.000069
AATAGAATCTGTTTCA-1,0.090984,0.031109,0.197096,0.449963,0.230848
AATAGCAAGCCTCCTG-1,0.055706,0.292021,0.06611,0.013686,0.572477
AATAGCTACCGCGTGC-1,0.083074,0.006557,0.452964,0.054454,0.402951
AATAGGCACGACCCTT-1,0.044224,0.460429,0.14367,0.351651,0.000026
AATAGTCCGTCCCGAC-1,0.865042,0.000187,0.000281,0.000094,0.134396
AATAGTCGCGAGTCGG-1,0.161575,0.017396,0.423916,0.021774,0.37534
AATATCAAGGTCGGAT-1,0.292199,0.000162,0.06036,0.633982,0.013298
AATATCCTAGCAAACT-1,0.055111,0.153586,0.303426,0.130646,0.35723
AATATCGAATCAATGC-1,0.077921,0.211767,0.4045,0.020455,0.285358
AATATCGAGGGTTCTC-1,0.124843,0.026735,0.64701,0.120553,0.080859
AATATTGGAGTATTGA-1,0.022445,0.009053,0.463752,0.163918,0.340832
AATCAGACTGCAGGAC-1,0.030834,0.012102,0.714513,0.074205,0.168347
AATCAGGTTTCATTTA-1,0.062586,0.286887,0.362148,0.288344,0.000035
AATCATGTAAAGACTC-1,0.000071,0.275388,0.152733,0.381048,0.19076
AATCCAAGGGCCTGAG-1,0.999481,0.000135,0.000202,0.000115,0.000067
AATCCATGCAAGGGTG-1,0.006375,0.000119,0.305512,0.341757,0.346237
AATCCCGCTCAGAGCC-1,0.893021,0.106784,0.000117,0.000039,0.000039
AATCGAGGTCTCAAGG-1,0.030981,0.554503,0.06491,0.290938,0.058668
AATCGCCTCAGCGCCA-1,0.001449,0.013155,0.575597,0.276536,0.133263
AATCGCGCAGAGGACT-1,0.174644,0.187338,0.291983,0.031468,0.314567
AATCGGTATAGCCCTC-1,0.000044,0.83008,0.061979,0.000044,0.107854
AATCGTGAGCCGAGCA-1,0.02746,0.205029,0.2636,0.499422,0.004489
AATCTAGGTTTACTTG-1,0.278929,0.165428,0.12169,0.358815,0.075137
AATCTATGCCGGAGCC-1,0.013799,0.062817,0.340168,0.198054,0.385162
AATCTCTACTGTGGTT-1,0.012181,0.000956,0.590762,0.08596,0.310141
AATCTGCGTTGGGACG-1,0.039731,0.048767,0.632176,0.221111,0.058215
AATCTGGCTTTCTAGT-1,0.029467,0.192154,0.507338,0.085427,0.185615
AATGACAGCAATGTCT-1,0.062271,0.000088,0.557064,0.32895,0.051627
AATGACGTAGGATGTC-1,0.009993,0.071755,0.440476,0.477725,0.000052
AATGACTGTCAGCCGG-1,0.547107,0.452097,0.000477,0.000159,0.000159
AATGAGTTCGCATATG-1,0.06888,0.000638,0.59978,0.091302,0.239401
AATGATGATACGCTAT-1,0.077588,0.027383,0.175676,0.431442,0.287911
AATGATGCGACTCCTG-1,0.117019,0.000136,0.158957,0.428172,0.295716
AATGCAACCGGGTACC-1,0.247609,0.035612,0.028593,0.688117,0.000068
AATGCACCAAGCAATG-1,0.233824,0.03745,0.008885,0.455241,0.2646
AATGGCCGCCAATGCG-1,0.284596,0.392287,0.000199,0.001057,0.321861
AATGGTCCACCGTTCA-1,0.012298,0.000131,0.248318,0.244941,0.494313
AATGGTTCTCACAAGC-1,0.145188,0.000742,0.498706,0.355331,0.000033
AATGTATGGCACTGTA-1,0.053012,0.374333,0.222049,0.062221,0.288386
AATGTGCCCGAGGTGT-1,0.025105,0.182035,0.564318,0.21644,0.012102
AATGTGCTAATCTGAG-1,0.006178,0.258661,0.62027,0.075301,0.03959
AATGTTAAGACCCTGA-1,0.046612,0.701807,0.166737,0.052179,0.032665
AATGTTGTCGTGAGAC-1,0.006648,0.589926,0.079502,0.159479,0.164445
AATTAAAGGTCGGCGT-1,0.568021,0.00024,0.400603,0.031015,0.00012
AATTAACGGATTTCCA-1,0.175443,0.016178,0.167408,0.640916,0.000055
AATTACGAGACCCATC-1,0.012617,0.275051,0.283257,0.109893,0.319181
AATTACTCGTACGCTC-1,0.061938,0.079522,0.393586,0.062746,0.402208
AATTAGCGCTGCAGCG-1,0.773746,0.00488,0.004327,0.14164,0.075408
AATTATACCCAGCAAG-1,0.039843,0.423884,0.000178,0.427215,0.108881
AATTCATAAGGGATCT-1,0.049018,0.005831,0.792989,0.136109,0.016052
AATTCATTGTCATGCA-1,0.030365,0.2672,0.546099,0.036002,0.120335
AATTCCAACTTGGTGA-1,0.105672,0.000092,0.488907,0.073805,0.331524
AATTCCAAGCATGTAC-1,0.50804,0.066137,0.390099,0.031359,0.004366
AATTCGATTCGAGGAT-1,0.000052,0.106693,0.733558,0.158386,0.00131
AATTCTAGAGTTAGGC-1,0.465524,0.092605,0.000313,0.441453,0.000104
AATTGAACGCTCTGGT-1,0.104459,0.096125,0.492983,0.276157,0.030276
AATTGCAGCAATCGAC-1,0.127527,0.248232,0.022533,0.369109,0.232599
AATTGCGTGGATTACA-1,0.030927,0.377446,0.47508,0.075494,0.041053
AATTGTGGTTGCCAAA-1,0.042064,0.570155,0.092318,0.008192,0.287271
AATTTGGGACATAGTA-1,0.00004,0.007319,0.882869,0.00004,0.109731
ACAAACCATGCGTCCT-1,0.122467,0.197574,0.252797,0.26679,0.160372
ACAAACTCCATCAGAG-1,0.864679,0.133661,0.000164,0.000055,0.001442
ACAAAGAAGGTAGGCC-1,0.269864,0.080588,0.285058,0.066815,0.297675
ACAAAGCATGACCTAG-1,0.017044,0.258016,0.478573,0.154612,0.091755
ACAAATCGCACCGAAT-1,0.000067,0.033086,0.625192,0.292079,0.049575
ACAAATGGTAGTGTTT-1,0.001039,0.099671,0.383123,0.363173,0.152994
ACAAATTCAGATCTGA-1,0.373493,0.067107,0.051552,0.341179,0.166668
ACAACAGCATGAGCTA-1,0.000026,0.007431,0.978421,0.014096,0.000026
ACAACGGTCCCTGCGA-1,0.04892,0.150878,0.581618,0.218559,0.000026
ACAAGCAGTGCCTAGC-1,0.084216,0.119435,0.431776,0.269061,0.095512
ACAAGCTATATGGAAG-1,0.054575,0.014614,0.465172,0.175654,0.289984
ACAAGGAAATCCGCCC-1,0.061716,0.060345,0.461171,0.411038,0.005731
ACAAGGACAAGAGGTT-1,0.06334,0.001341,0.393433,0.403925,0.137961
ACAAGGATGCTTTAGG-1,0.236264,0.130219,0.036872,0.532908,0.063737
ACAAGGGCAGGCTCTG-1,0.132686,0.093565,0.49543,0.180856,0.097462
ACAATAGTCGTACGTT-1,0.005539,0.001416,0.862445,0.028486,0.102115
ACAATCCATTTAAACC-1,0.076161,0.092903,0.497756,0.259752,0.073428
ACAATGAATACGGAGA-1,0.036591,0.049417,0.690058,0.113489,0.110445
ACAATGATTCTTCTAC-1,0.307095,0.474096,0.008854,0.165448,0.044507
ACAATTGTGTCTCTTT-1,0.008639,0.299329,0.58974,0.088525,0.013767
ACAATTTAGGAGGCTC-1,0.024668,0.003146,0.655869,0.024212,0.292104
ACAATTTGAGCAGTGG-1,0.122494,0.000195,0.034622,0.555101,0.287588
ACAATTTGGCCATATT-1,0.000051,0.523189,0.145028,0.008925,0.322806
ACACAAAGACGGGTGG-1,0.539184,0.00019,0.000285,0.435015,0.025325
ACACAAATATTCCTAG-1,0.12684,0.386764,0.008923,0.11841,0.359063
ACACACCAGGACCAGT-1,0.103861,0.005211,0.52675,0.081732,0.282446
ACACACTTTCTACACG-1,0.009615,0.092673,0.688413,0.208795,0.000504
ACACATGATCAAATCT-1,0.034703,0.117649,0.521809,0.157588,0.168251
ACACATTGACGCAACA-1,0.023587,0.006238,0.522388,0.015111,0.432676
ACACATTTCCGTAGAC-1,0.000058,0.539744,0.302613,0.157528,0.000058
ACACCACATAATTAGC-1,0.156271,0.05734,0.060535,0.159876,0.565978
ACACCCAGCATGCAGC-1,0.475344,0.00019,0.489118,0.035253,0.000095
ACACCCGAGAAATCCG-1,0.086332,0.010831,0.573591,0.316176,0.01307
ACACCGAGCGCTCTTT-1,0.068245,0.123925,0.35335,0.060857,0.393623
ACACCGGTCTGACCGC-1,0.021934,0.151107,0.468249,0.110197,0.248513
ACACCTTAAGTAGGGC-1,0.622424,0.000174,0.128615,0.197187,0.0516
ACACCTTACTACTTGC-1,0.271033,0.229776,0.197243,0.080882,0.221067
ACACGAGACTCCTTCT-1,0.043687,0.042167,0.732417,0.181694,0.000035
ACACGGGAACTTAGGG-1,0.094238,0.002013,0.780737,0.101693,0.021319
ACACGTAGGCCACAAG-1,0.000029,0.3517,0.366621,0.020749,0.260901
ACACTCCAATGTCACT-1,0.338734,0.066465,0.327693,0.127141,0.139968
ACACTGATCAAGGTGT-1,0.999326,0.000192,0.000289,0.000096,0.000096
ACACTGGGACAGTCGT-1,0.010218,0.589178,0.316053,0.005008,0.079543
ACAGAACTGAGAACAA-1,0.072301,0.012273,0.261255,0.448929,0.205242
ACAGCGACATTCTCAT-1,0.025443,0.121589,0.025597,0.54283,0.284542
ACAGGAGGCGCAGCCG-1,0.102792,0.108464,0.35892,0.021096,0.408729
ACAGGCACGGATCCTT-1,0.110927,0.593019,0.141082,0.154922,0.00005
ACAGGCTTGCCCGACT-1,0.025497,0.153594,0.563034,0.18308,0.074795
ACAGGTGGAGGTGAGG-1,0.03034,0.001853,0.633464,0.326212,0.008131
ACAGGTGTGTTGTTGC-1,0.2275,0.26579,0.110113,0.03797,0.358626
ACAGTAATACAACTTG-1,0.061497,0.007172,0.683024,0.107739,0.140567
ACAGTATACCGTGGGA-1,0.053278,0.388165,0.438194,0.005016,0.115346
ACATAAGTCGTGGTGA-1,0.299193,0.0176,0.000177,0.377223,0.305807
ACATAATAAGGCGGTG-1,0.099375,0.038174,0.532549,0.276003,0.053898
ACATACAATCAAGCGG-1,0.122792,0.560921,0.041896,0.071099,0.203292
ACATCAGCTGGGACGC-1,0.000017,0.239303,0.728905,0.000039,0.031736
ACATCCCGGCCATACG-1,0.86303,0.000157,0.128565,0.008169,0.000079
ACATCCTGGTAACTGT-1,0.027056,0.18989,0.313448,0.000816,0.46879
ACATCGATCGTTTACC-1,0.021885,0.035085,0.729118,0.213843,0.000069
ACATCGGTCAGCCGCG-1,0.009222,0.002259,0.963238,0.024423,0.000859
ACATCGTATGCAATGG-1,0.002359,0.012031,0.765467,0.202592,0.017551
ACATGCTTACGGCAGC-1,0.01221,0.588935,0.341443,0.054521,0.00289
ACATGGCGCCAAAGTA-1,0.185657,0.109658,0.229684,0.221498,0.253502
ACATGGCTCAATTTAG-1,0.113902,0.005116,0.535674,0.019424,0.325885
ACATTAGTTTATATCC-1,0.748754,0.000279,0.000419,0.250407,0.00014
ACATTCGCGCGGAATA-1,0.055093,0.578628,0.230922,0.127191,0.008167
ACATTTGAAACCTAAC-1,0.000018,0.642876,0.35707,0.000018,0.000018
ACCAAACACCCAGCGA-1,0.000019,0.146541,0.780574,0.000532,0.072334
ACCAACACCACACACT-1,0.09773,0.361542,0.155336,0.003564,0.381828
ACCAACCGCACTCCAC-1,0.000021,0.348822,0.640242,0.006421,0.004495
ACCAACGCTTATTTAT-1,0.78595,0.000217,0.213616,0.000108,0.000108
ACCAAGAACGCGTGTC-1,0.582931,0.235259,0.18151,0.00015,0.00015
ACCAAGTCATCGGCAG-1,0.000055,0.579313,0.220367,0.013568,0.186697
ACCAATATGCAAGTTA-1,0.145761,0.045547,0.596923,0.2038,0.007969
ACCACAAGTTTCTATC-1,0.892077,0.10408,0.000305,0.003436,0.000102
ACCACACGGTTGATGG-1,0.000531,0.617969,0.076613,0.285969,0.018919
ACCACCAATGTAACAA-1,0.0798,0.166594,0.53253,0.164135,0.056941
ACCACCCTCTCTTCTA-1,0.148416,0.682304,0.087571,0.040554,0.041155
ACCACGTGCAGCTATA-1,0.139762,0.000846,0.216625,0.568198,0.074568
ACCACTGTTCAAGAAG-1,0.018829,0.013899,0.569436,0.107337,0.290498
ACCAGACCATAACAAC-1,0.014711,0.070972,0.626113,0.00537,0.282833
ACCAGTGCCCGGTCAA-1,0.057855,0.034428,0.700622,0.009803,0.197292
ACCAGTGCGGGAGACG-1,0.000059,0.082648,0.741766,0.075145,0.100383
ACCATATCCGCAATAA-1,0.647206,0.000262,0.014952,0.238089,0.099491
ACCATCCGCCAACTAG-1,0.027845,0.030495,0.877952,0.028897,0.034811
ACCATCGTATATGGTA-1,0.326506,0.000188,0.001051,0.579396,0.092859
ACCATTAAGGGTGTCA-1,0.267215,0.089482,0.075203,0.156386,0.411714
ACCCAACGCCCGTGGC-1,0.028395,0.024214,0.096727,0.574086,0.276577
ACCCACCTACATGCTC-1,0.042337,0.037407,0.679184,0.103208,0.137864
ACCCATCTTGAGGGTA-1,0.000032,0.015275,0.982687,0.001906,0.0001
ACCCATTTGTCCCTCT-1,0.000084,0.388661,0.227312,0.249197,0.134745
ACCCGAGCGAAATTAC-1,0.181588,0.136347,0.32172,0.355585,0.004759
ACCCGATTGGTTCCGA-1,0.220474,0.184266,0.244557,0.348593,0.00211
ACCCGGAAACTCCCAG-1,0.259188,0.00021,0.019532,0.637666,0.083405
ACCCGGAGCACCACAA-1,0.164072,0.704002,0.002584,0.044395,0.084948
ACCCGGATGACGCATC-1,0.033792,0.000173,0.084047,0.569097,0.312891
ACCCGGTTACACTTCC-1,0.586292,0.000117,0.350458,0.000058,0.063074
ACCCGTAGCAGAGAAT-1,0.184705,0.557468,0.000184,0.141971,0.115672
ACCCGTAGTCTAGTTG-1,0.030417,0.832612,0.025057,0.00567,0.106244
ACCCGTGTCATCAGTA-1,0.976348,0.000118,0.023417,0.000059,0.000059
ACCCTATAGGACTGAG-1,0.029643,0.044375,0.540912,0.144261,0.240809
ACCCTATGCCATATCG-1,0.012733,0.032484,0.726413,0.222604,0.005766
ACCCTCCCGTCAGGGC-1,0.049353,0.503958,0.038953,0.170414,0.237322
ACCCTCCCTTGCTATT-1,0.096931,0.101858,0.663461,0.121576,0.016175
ACCCTGGTAACGCCCT-1,0.097204,0.025959,0.127409,0.155706,0.593723
ACCCTTCATCTGCGAA-1,0.001849,0.009374,0.880426,0.108312,0.000039
ACCCTTGCCTGGGTCG-1,0.038119,0.467979,0.23126,0.000034,0.262608
ACCGAAGAGTCTGGTT-1,0.002887,0.291259,0.382318,0.189654,0.133882
ACCGACACATCTCCCA-1,0.050295,0.118583,0.359319,0.446123,0.02568
ACCGACTGAGTCCCAC-1,0.088967,0.033156,0.441867,0.435958,0.000051
ACCGAGTCTCCTTATT-1,0.003552,0.512603,0.369213,0.103025,0.011607
ACCGATAGGCATAACC-1,0.000027,0.676751,0.263895,0.002542,0.056785
ACCGATATTTAATCAT-1,0.031713,0.645336,0.312001,0.000023,0.010927
ACCGATGGTAGCATCG-1,0.082185,0.003679,0.401264,0.249386,0.263487
ACCGCAATAACTGCCT-1,0.089755,0.125657,0.41715,0.366855,0.000583
ACCGCGGTGGAAGTCG-1,0.032811,0.076621,0.678371,0.11141,0.100787
ACCGCTAGTCATTGGT-1,0.000015,0.560716,0.428849,0.005019,0.005401
ACCGGGCCTTTGTTGA-1,0.114835,0.099114,0.221156,0.512786,0.052109
ACCGGTCAGGTACACC-1,0.009819,0.024692,0.198874,0.274069,0.492546
ACCGTCCACTGGGCCC-1,0.335758,0.351536,0.081287,0.15994,0.071478
ACCGTGACCACGTGGG-1,0.058049,0.011858,0.254875,0.651436,0.023782
ACCTAAGTACCTTTCA-1,0.186057,0.07826,0.257824,0.4395,0.03836
ACCTAATCGACTTCCT-1,0.206478,0.113752,0.103273,0.430216,0.146281
ACCTACAGTATGTGGT-1,0.007301,0.07295,0.531665,0.005286,0.382797
ACCTACTATAAATCTA-1,0.870063,0.091867,0.018306,0.00005,0.019714
ACCTCCGCCCTCGCTG-1,0.000039,0.325572,0.494473,0.034598,0.145318
ACCTCCGTTATTCACC-1,0.033325,0.382562,0.199359,0.230141,0.154613
ACCTCGAACTTATGCT-1,0.15317,0.190272,0.006522,0.470284,0.179753
ACCTGCGTGTCATGTT-1,0.017449,0.024722,0.594837,0.088355,0.274636
ACGAAATGGGCGGCAC-1,0.002557,0.174218,0.688759,0.11466,0.019805
ACGACCCATGAGTTGC-1,0.009483,0.646956,0.298112,0.04225,0.003199
ACGACTCTAGGGCCGA-1,0.065643,0.811621,0.080153,0.005884,0.036699
ACGACTGGTCATACTC-1,0.028174,0.107088,0.635609,0.159787,0.069341
ACGAGAACCCATCACG-1,0.15706,0.150759,0.200991,0.46663,0.02456
ACGAGGATACCACTCT-1,0.024941,0.073815,0.704184,0.124841,0.072219
ACGAGGTTTACAACGT-1,0.068331,0.184026,0.375197,0.221539,0.150906
ACGAGTACGGATGCCC-1,0.020451,0.003739,0.775915,0.152135,0.04776
ACGAGTCGCCGGCGTT-1,0.000022,0.009016,0.952755,0.000732,0.037475
ACGATACATAGAACTA-1,0.075923,0.000129,0.173123,0.666771,0.084054
ACGATACCTATCCTGA-1,0.016678,0.000121,0.275922,0.121066,0.586212
ACGATCATACATAGAG-1,0.000033,0.00075,0.979208,0.019977,0.000033
ACGATCATCTTGTAAA-1,0.0714,0.012915,0.569072,0.131938,0.214676
ACGATGCATATGTTAT-1,0.654913,0.000181,0.000272,0.344543,0.000091
ACGCAAACTAATAGAT-1,0.908369,0.000173,0.0245,0.004795,0.062162
ACGCAATCACTACAGC-1,0.00003,0.000903,0.98382,0.001636,0.013611
ACGCATAAATGACATG-1,0.000015,0.359705,0.609881,0.000015,0.030383
ACGCATACGTTTACTA-1,0.141761,0.101967,0.256922,0.258591,0.240758
ACGCATTCGTGAGTAC-1,0.056761,0.000165,0.485241,0.456319,0.001515
ACGCCACTCGAAACAG-1,0.017093,0.47256,0.173644,0.323316,0.013386
ACGCCAGATGATTTCT-1,0.000036,0.065322,0.894238,0.039919,0.000485
ACGCCAGTGCGTTTGC-1,0.01461,0.882396,0.093147,0.008546,0.001301
ACGCCGCTAGACGACC-1,0.023222,0.011472,0.707494,0.246834,0.010978
ACGCGAAGTCAGACGA-1,0.654878,0.00899,0.117731,0.14624,0.072161
ACGCGCTACACAGGGT-1,0.062094,0.134055,0.721542,0.080118,0.002191
ACGCGGGCCAAGGACA-1,0.04064,0.032162,0.456063,0.471097,0.000038
ACGCGTTTCTTAAGAG-1,0.000396,0.100771,0.790002,0.006843,0.101988
ACGCTACTGAATGGGC-1,0.010998,0.978442,0.010427,0.000066,0.000066
ACGCTAGTGATACACT-1,0.117554,0.025,0.41855,0.370995,0.067901
ACGCTGTGAGGCGTAG-1,0.157601,0.120151,0.541817,0.143369,0.037062
ACGGAACACGAGTGCC-1,0.000028,0.692851,0.291309,0.000028,0.015783
ACGGAATTTAGCAAAT-1,0.019908,0.015392,0.800456,0.090498,0.073745
ACGGACGCAGCGACAA-1,0.279015,0.713462,0.000203,0.004105,0.003214
ACGGACTCTCAAAGCG-1,0.024471,0.044438,0.745144,0.179725,0.006222
ACGGAGCGCAAATTAC-1,0.006332,0.015892,0.709858,0.012652,0.255266
ACGGATGGTGCGGATA-1,0.000051,0.102767,0.603921,0.288328,0.004933
ACGGCACTTGCTTGGG-1,0.975784,0.000191,0.000287,0.023643,0.000096
ACGGCCAACATGGACT-1,0.967684,0.031934,0.000229,0.000076,0.000076
ACGGCGACGATGGGAA-1,0.049608,0.034061,0.540777,0.369437,0.006117
ACGGCGGGTTGCCCTG-1,0.041107,0.000102,0.445492,0.36649,0.146809
ACGGCTGGATGTAGAA-1,0.024391,0.18682,0.546514,0.056307,0.185969
ACGGGAGTGTCGGCCC-1,0.00209,0.001388,0.780108,0.033184,0.18323
ACGGGCGTATGCGACA-1,0.081799,0.232928,0.290902,0.017506,0.376865
ACGGGTCATGTGACTT-1,0.204845,0.033168,0.518006,0.089858,0.154123
ACGGGTTGTGACCTGT-1,0.018633,0.706761,0.013866,0.208648,0.052092
ACGGTACAGTTCAATG-1,0.03114,0.911885,0.013464,0.043442,0.000069
ACGGTCACCGAGAACA-1,0.138775,0.383616,0.148898,0.254397,0.074314
ACGTACTTTGGCACGG-1,0.002734,0.338254,0.578585,0.074923,0.005504
ACGTAGATTGCTGATG-1,0.000038,0.000075,0.949831,0.050018,0.000038
ACGTAGGAGAGTCGCT-1,0.058564,0.317713,0.027207,0.596453,0.000063
ACGTATTACTCCGATC-1,0.076412,0.000214,0.288461,0.204263,0.43065
ACGTCGGGCAACTCGG-1,0.051372,0.236233,0.213704,0.010836,0.487855
ACGTCTCGTTCCGGGA-1,0.129529,0.017547,0.116396,0.27931,0.457218
ACGTGACAAAGTAAGT-1,0.063069,0.223703,0.527149,0.028169,0.157909
ACGTGCGCCTCGTGCA-1,0.205084,0.040307,0.589614,0.133713,0.031283
ACGTTAATGTCGAAGA-1,0.136853,0.048281,0.271682,0.493452,0.049732
ACGTTAGATTTGCCCG-1,0.068224,0.042429,0.240203,0.649084,0.00006
ACGTTATTGGTCACTC-1,0.634189,0.365227,0.00035,0.000117,0.000117
ACGTTCACTATGCCGC-1,0.376138,0.609051,0.013934,0.000849,0.000028
ACGTTCGCAATCAATT-1,0.048978,0.132563,0.542434,0.065181,0.210844
ACGTTCGTTCAGGAAA-1,0.856611,0.00018,0.00027,0.142849,0.00009
ACGTTCTGTACAAGTC-1,0.102291,0.217897,0.054899,0.236761,0.388151
ACGTTGTCGTTGAAAG-1,0.083145,0.476812,0.010316,0.429694,0.000033
ACGTTTAGTTGTGATC-1,0.03481,0.000119,0.605607,0.3328,0.026664
ACGTTTCGGTGCACTT-1,0.048411,0.843463,0.000129,0.000043,0.107954
ACTAAGGACGCACACC-1,0.173742,0.547925,0.127704,0.016549,0.134079
ACTAATACGTCAGGCG-1,0.020118,0.040303,0.672443,0.01739,0.249746
ACTACAAAGAGAGGTG-1,0.16501,0.834634,0.000213,0.000071,0.000071
ACTACATCCCGACAAG-1,0.001619,0.047171,0.118717,0.34015,0.492342
ACTACCAGCTCTCTGG-1,0.490808,0.046424,0.042154,0.415926,0.004687
ACTACCATCCGAGGGC-1,0.00002,0.593102,0.350329,0.05653,0.00002
ACTACGCGTTAGAATT-1,0.999429,0.000163,0.000245,0.000082,0.000082
ACTAGTTGCGATCGTC-1,0.000028,0.175623,0.762634,0.010131,0.051584
ACTATATGCTGTGTTC-1,0.149315,0.048225,0.3661,0.2725,0.16386
ACTATCCAGGGCATGG-1,0.002908,0.001355,0.197159,0.228478,0.5701
ACTATCGCCGGCTAAA-1,0.153964,0.000397,0.044436,0.134082,0.667121
ACTATCTGCCCGCGTA-1,0.000033,0.295162,0.297443,0.013808,0.393553
ACTATGTCCAGCTGCC-1,0.013951,0.229377,0.525694,0.219265,0.011713
ACTATTCGTCCGTGGT-1,0.082587,0.133337,0.651174,0.130568,0.002334
ACTATTTCCGGGCCCA-1,0.076188,0.028087,0.447253,0.448436,0.000036
ACTCAACGAATGTATT-1,0.044888,0.000119,0.476766,0.319926,0.1583
ACTCAAGTGCAAGGCT-1,0.031716,0.120063,0.53986,0.253391,0.054971
ACTCAATAAAGGCACG-1,0.000028,0.042857,0.91442,0.037889,0.004806
ACTCAGACCTGCTTCT-1,0.606319,0.048915,0.000331,0.336434,0.008002
ACTCATGGCAGCCTTC-1,0.000017,0.212759,0.777844,0.00003,0.00935
ACTCCAATATCATCAT-1,0.071112,0.090729,0.162798,0.476144,0.199216
ACTCCCATTCCTAAAG-1,0.044332,0.099526,0.28285,0.327521,0.245771
ACTCCCGAATTCGTTT-1,0.044217,0.003099,0.660472,0.083497,0.208714
ACTCCCGTAGACTAGG-1,0.037381,0.162156,0.072574,0.013773,0.714116
ACTCCCTAATGCTAAA-1,0.102565,0.080249,0.124114,0.639009,0.054064
ACTCCCTAGAATAGTA-1,0.018738,0.043045,0.729492,0.181791,0.026935
ACTCCGGCCGACCACT-1,0.000049,0.52766,0.295617,0.161947,0.014727
ACTCGATGTATTTCAT-1,0.095588,0.09056,0.422877,0.177519,0.213457
ACTCGCCGTTCGATAA-1,0.055365,0.724907,0.022783,0.020218,0.176727
ACTCGCGATCTGACGC-1,0.025952,0.637265,0.08986,0.017129,0.229795
ACTCGTAACCCGTCCT-1,0.052638,0.000154,0.220726,0.483042,0.243439
ACTCGTCAGTAATCCC-1,0.09284,0.031134,0.399139,0.417973,0.058914
ACTCTAAACCTGGGAT-1,0.022692,0.144731,0.430259,0.031579,0.370739
ACTCTCTGACTTAGGT-1,0.078508,0.060003,0.740478,0.09355,0.02746
ACTCTGACCTAATAGA-1,0.077166,0.462156,0.000266,0.278219,0.182193
ACTCTTCAGCTCCCGC-1,0.22844,0.512918,0.000281,0.010753,0.247608
ACTCTTGTATAGTAAC-1,0.055121,0.04383,0.683411,0.216994,0.000643
ACTGAAACGCCGTTAG-1,0.108106,0.176187,0.587612,0.110921,0.017174
ACTGAATGGCGAAAGT-1,0.032245,0.001836,0.556325,0.279377,0.130217
ACTGCCCGCCATTCTC-1,0.016258,0.277319,0.279306,0.210993,0.216124
ACTGCCGTCGTAACTC-1,0.01391,0.022579,0.816105,0.145299,0.002107
ACTGCGGACACACCGT-1,0.085756,0.453991,0.082918,0.113762,0.263572
ACTGCTCGGAAGGATG-1,0.048798,0.007465,0.113012,0.310527,0.520199
ACTGGCGAACCTGCGT-1,0.104402,0.614767,0.22595,0.000873,0.054008
ACTGTACGATACACAT-1,0.000024,0.055362,0.93383,0.01076,0.000024
ACTGTAGCACTTTGGA-1,0.017052,0.016605,0.602619,0.358023,0.005701
ACTGTATACGCGAGCA-1,0.000021,0.000042,0.965403,0.001775,0.032758
ACTGTCCAGGATTATA-1,0.856963,0.015124,0.000291,0.127525,0.000097
ACTGTCTTCTTTAGAA-1,0.024927,0.024581,0.437879,0.503323,0.00929
ACTGTGCTAGTAGATC-1,0.025146,0.000187,0.027298,0.773902,0.173466
ACTTACCGGGCGCGCA-1,0.026372,0.000978,0.099832,0.49755,0.375267
ACTTACGCATCCACGC-1,0.0176,0.195211,0.56061,0.207769,0.01881
ACTTAGTACGACAAGA-1,0.111992,0.407885,0.135993,0.280707,0.063423
ACTTATACTTACCCGG-1,0.047092,0.008765,0.816453,0.125995,0.001696
ACTTATTAGGATCGGT-1,0.999177,0.000235,0.000353,0.000118,0.000118
ACTTATTTATGTGCCA-1,0.018734,0.057937,0.748052,0.131121,0.044157
ACTTCAGGCTGATCCC-1,0.17158,0.03187,0.378854,0.216856,0.20084
ACTTCCAGTGGAAGCT-1,0.093801,0.121919,0.238224,0.105737,0.440318
ACTTCCATGCGGGACA-1,0.080633,0.049357,0.235657,0.41163,0.222724
ACTTCGCCATACGCAC-1,0.025125,0.002065,0.49482,0.352986,0.125004
ACTTCGCTAGCGAGTG-1,0.373605,0.19039,0.000247,0.000082,0.435676
ACTTGACTCCCTCTTT-1,0.019663,0.104634,0.727596,0.139283,0.008824
ACTTGCTCTATCTACC-1,0.037205,0.459491,0.03316,0.092259,0.377885
ACTTGGGACCCGGTGG-1,0.582616,0.000393,0.081547,0.15834,0.177104
ACTTGTAGTCCCTTCA-1,0.015782,0.004808,0.870956,0.026326,0.082129
ACTTGTGGATGGAACG-1,0.141313,0.170236,0.306499,0.092788,0.289164
ACTTGTTACCGGATCA-1,0.907415,0.092125,0.000276,0.000092,0.000092
ACTTTACCCTCATGAA-1,0.008796,0.058611,0.440369,0.217404,0.274819
ACTTTATACACCACTT-1,0.000017,0.934582,0.065368,0.000017,0.000017
ACTTTCCTATAGCTTC-1,0.048293,0.102835,0.230759,0.61797,0.000142
ACTTTGACTGCATCCT-1,0.056523,0.276996,0.452067,0.162756,0.051658
ACTTTGGTCGTGCTCC-1,0.092348,0.245149,0.51603,0.075836,0.070637
ACTTTGTCGACGCACT-1,0.00005,0.61914,0.106924,0.00005,0.273836
AGAAATTATGACTCGC-1,0.019373,0.55236,0.293417,0.055058,0.079793
AGAACACGGCGATGGT-1,0.000021,0.644755,0.354352,0.000021,0.000851
AGAACCCAGCGTGACA-1,0.006518,0.551197,0.409996,0.015069,0.01722
AGAACCCTCAATTGGG-1,0.080131,0.148164,0.253564,0.024738,0.493403
AGAACGTGGTACATTC-1,0.059728,0.000078,0.768041,0.141233,0.03092
AGAACTGTACTTTGTA-1,0.005364,0.595679,0.000254,0.276008,0.122695
AGAAGAGCGCCGTTCC-1,0.000636,0.010369,0.512238,0.051031,0.425726
AGAAGGTACACTTCAC-1,0.084499,0.077899,0.576941,0.074411,0.18625
AGAAGGTTGCCGAATT-1,0.628751,0.000158,0.114455,0.143556,0.113079
AGAAGGTTGTAGGTCG-1,0.000041,0.128301,0.847244,0.019302,0.005113
AGAAGTGATTCGTGAT-1,0.143072,0.018398,0.714038,0.055554,0.068937
AGAATAAATCTTCAGG-1,0.138698,0.002725,0.136038,0.407685,0.314855
AGAATACAGGCTATCC-1,0.034375,0.750529,0.018313,0.161665,0.035118
AGAATGCGGGTTCGGA-1,0.000031,0.039842,0.788621,0.018387,0.153119
AGAATTATGGATTCGA-1,0.000136,0.04605,0.791061,0.099375,0.063377
AGAATTGTTTGACATA-1,0.092757,0.000087,0.39478,0.234113,0.278263
AGACAGCTCAGAATCC-1,0.232522,0.077389,0.321752,0.158776,0.209561
AGACAGGCATCTCAGC-1,0.055857,0.728466,0.0611,0.033604,0.120972
AGACCAAACCACACCT-1,0.014791,0.205381,0.451082,0.020345,0.3084
AGACCATGGGATACAA-1,0.002915,0.00052,0.06581,0.663289,0.267467
AGACCCACCGCTGATC-1,0.270578,0.023592,0.162571,0.543184,0.000075
AGACCCGCCCTCCTCG-1,0.752726,0.039333,0.152244,0.055645,0.000051
AGACCGCTCCGCGGTT-1,0.129572,0.133575,0.199835,0.085045,0.451973
AGACCGGGAAACCCTG-1,0.092864,0.004973,0.607542,0.067045,0.227577
AGACGAAGTGCCGGTC-1,0.10022,0.15684,0.278301,0.384261,0.080378
AGACGACGATGCCGCT-1,0.233605,0.006748,0.078256,0.57207,0.109321
AGACGCCCACTTCGCC-1,0.170457,0.742078,0.020758,0.002411,0.064296
AGACGGGCCGATTTAA-1,0.168531,0.011074,0.268688,0.055985,0.495721
AGACTAGCCTTCCAGA-1,0.880131,0.000123,0.115445,0.00424,0.000061
AGACTGTTACCGGGTC-1,0.99931,0.000182,0.000274,0.000143,0.000091
AGAGAAACACCAGAAA-1,0.0063,0.200502,0.737139,0.045709,0.010349
AGAGAACCGTCTAGGA-1,0.005092,0.017558,0.807514,0.141644,0.028193
AGAGAAGGAGTACAAT-1,0.000032,0.038305,0.907526,0.045943,0.008195
AGAGATCTCTAAAGCG-1,0.080096,0.049476,0.505964,0.063672,0.300792
AGAGCAGTTATGAGAC-1,0.219316,0.010299,0.599132,0.03836,0.132893
AGAGCCGCCGAGATTT-1,0.018731,0.494941,0.168546,0.11645,0.201332
AGAGCGCTTGTAACGG-1,0.362898,0.41581,0.00025,0.02254,0.198502
AGAGCGGGCTAATCAT-1,0.146568,0.000094,0.470174,0.359179,0.023986
AGAGCGTACAAGCTCG-1,0.115983,0.002852,0.508005,0.294817,0.078343
AGAGCTACGAAAGCAT-1,0.172091,0.008785,0.393007,0.037443,0.388674
AGAGGCTTCGGAAACC-1,0.104868,0.026837,0.236078,0.422705,0.209512
AGAGGGACAATTGTCC-1,0.155654,0.42682,0.055139,0.102179,0.260208
AGAGTAAACTTCACTA-1,0.081619,0.275714,0.12911,0.38077,0.132786
AGAGTATAGTGTTACG-1,0.01419,0.491368,0.243543,0.026043,0.224855
AGAGTCTTAATGAAAG-1,0.444608,0.410442,0.000331,0.00011,0.144509
AGAGTTAGAGACCGAT-1,0.044804,0.09367,0.50724,0.224303,0.129983
AGAGTTGCAGGCCTCC-1,0.000024,0.460043,0.507941,0.000108,0.031884
AGATAACTTCAGGGCC-1,0.907909,0.000159,0.000239,0.091613,0.00008
AGATACCAATAGAACC-1,0.036122,0.55227,0.127386,0.051719,0.232504
AGATACCAGCACTTCA-1,0.544607,0.413731,0.000133,0.041484,0.000044
AGATACCGGTGTTCAC-1,0.006247,0.066531,0.821953,0.103016,0.002254
AGATACGACTTCATAT-1,0.105617,0.105849,0.123007,0.665479,0.000049
AGATACTCAAGATCGA-1,0.056674,0.061514,0.802258,0.037501,0.042052
AGATATAATACGACTA-1,0.000027,0.133653,0.828137,0.03779,0.000392
AGATCGTGCATAAGAT-1,0.00002,0.094429,0.888886,0.016337,0.000328
AGATCTCAGGTGTGAT-1,0.009595,0.033757,0.933375,0.018302,0.004972
AGATCTGGAGAGGATA-1,0.000024,0.534187,0.46005,0.003058,0.002681
AGATGACTCGCCCACG-1,0.700699,0.000208,0.088041,0.209587,0.001465
AGATGAGGGTTGCGAT-1,0.040979,0.006528,0.580439,0.181701,0.190352
AGATGATGGAGTCTGG-1,0.063254,0.249904,0.328525,0.063554,0.294763
AGATGCAAGACGTGCA-1,0.01367,0.091043,0.788452,0.102302,0.004533
AGATGCATCCTGTGTC-1,0.018595,0.045053,0.507054,0.002435,0.426863
AGATGCTATAACGAGC-1,0.087748,0.037745,0.246473,0.344255,0.283778
AGATTATAGGACGTTT-1,0.880651,0.00034,0.00051,0.118328,0.00017
AGATTCACAACCGATA-1,0.16427,0.128942,0.379491,0.181,0.146297
AGCAAAGGCCGCTAGT-1,0.045575,0.086636,0.566339,0.2997,0.00175
AGCAACATATCTTATT-1,0.037546,0.094241,0.703667,0.164512,0.000033
AGCAACCGAAAGTAAT-1,0.090749,0.027268,0.242637,0.407878,0.231468
AGCACACGTTTAGACT-1,0.000029,0.320941,0.628966,0.023934,0.026129
AGCACCAGTACTCACG-1,0.000041,0.030658,0.835491,0.133769,0.000041
AGCACTACCGGCCTGT-1,0.339481,0.000119,0.292548,0.193361,0.174492
AGCACTACCTCACCAG-1,0.005936,0.049786,0.746948,0.195603,0.001727
AGCACTTAAGGACGCC-1,0.019566,0.020839,0.915278,0.04429,0.000027
AGCAGAAGGAGAAAGA-1,0.006805,0.174437,0.566707,0.177176,0.074875
AGCAGCCAGATGAATA-1,0.844453,0.000145,0.003909,0.134292,0.0172
AGCAGTCGAAGCATGC-1,0.007191,0.733259,0.03853,0.218936,0.002085
AGCATATCAATATGCT-1,0.100877,0.137682,0.389509,0.371226,0.000706
AGCATCATTTCGAAAG-1,0.051865,0.178285,0.556266,0.18162,0.031964
AGCATCGTCGATAATT-1,0.999216,0.000224,0.000336,0.000112,0.000112
AGCATTACGAGGCAAG-1,0.013732,0.548566,0.156508,0.001912,0.279281
AGCCAAGCTTTGTGTC-1,0.965303,0.034353,0.000207,0.000069,0.000069
AGCCACAGGTTACCCG-1,0.000051,0.119583,0.776856,0.103179,0.000332
AGCCACTCCCGTGCTT-1,0.236408,0.0002,0.085992,0.640276,0.037125
AGCCATATAGTATGTG-1,0.690471,0.252948,0.000254,0.056243,0.000085
AGCCCATACATGTAAG-1,0.091842,0.078911,0.510231,0.316495,0.002521
AGCCCGCAACAAGCAG-1,0.860335,0.139271,0.000236,0.000079,0.000079
AGCCCGCACTACAATG-1,0.00002,0.67399,0.310167,0.00002,0.015803
AGCCCGGCATTAGAGG-1,0.118658,0.191227,0.463119,0.221673,0.005323
AGCCCGGTAGCCTGTA-1,0.520396,0.357817,0.088921,0.022201,0.010665
