Barcode,Topic 1,Topic 2to5,Topic 6,Topic 7,Topic 8
AAACAACGAATAGTTC-1,0.014543,0.899316,0.000031,0.078294,0.007815
AAACAAGTATCTCCCA-1,0.130513,0.549462,0.098107,0.096524,0.125394
AAACAATCTACTAGCA-1,0.662154,0.325781,0.000098,0.000098,0.011868
AAACACCAATAACTGC-1,0.030786,0.730844,0.133412,0.095575,0.009383
AAACAGAGCGACTCCT-1,0.136481,0.649738,0.176284,0.03612,0.001378
AAACAGCTTTCAGAAG-1,0.045743,0.794976,0.048398,0.067812,0.043072
AAACAGGGTCTATATT-1,0.33113,0.577591,0.000042,0.000042,0.091196
AAACAGTGTTCCTGGG-1,0.725481,0.000235,0.274166,0.000059,0.000059
AAACATGGTGAGAGGA-1,0.055647,0.463948,0.136025,0.184724,0.159656
AAACATTTCCCGGATT-1,0.007022,0.614723,0.150888,0.169645,0.057722
AAACCACTACACAGAT-1,0.008671,0.310281,0.392485,0.265348,0.023214
AAACCCGAACGAAATC-1,0.048704,0.331936,0.207428,0.148043,0.263889
AAACCGGAAATGTTAA-1,0.00002,0.161614,0.317212,0.489323,0.031831
AAACCGGGTAGGTACC-1,0.027302,0.881062,0.000035,0.055871,0.035731
AAACCGTTCGTCCAGG-1,0.051396,0.886019,0.048916,0.013558,0.000111
AAACCTAAGCAGCCGG-1,0.123506,0.658081,0.000064,0.068747,0.149603
AAACCTCATGAAGTTG-1,0.000034,0.823378,0.066215,0.093161,0.017212
AAACGAAGAACATACC-1,0.007317,0.933883,0.030666,0.026607,0.001527
AAACGAAGATGGAGTA-1,0.142541,0.394856,0.041981,0.070593,0.350028
AAACGACAGTCTTGCC-1,0.013625,0.283753,0.022171,0.441363,0.239088
AAACGAGACGGTTGAT-1,0.000021,0.948039,0.022027,0.029891,0.000021
AAACGCCCGAGATCGG-1,0.091655,0.536357,0.062022,0.06647,0.243496
AAACGCTGGGCACGAC-1,0.04436,0.007135,0.69786,0.000063,0.250582
AAACGGGCGTACGGGT-1,0.049656,0.615699,0.003044,0.257775,0.073826
AAACGGGTTGGTATCC-1,0.051558,0.889137,0.057031,0.00054,0.001735
AAACGGTTGCGAACTG-1,0.912083,0.022613,0.052927,0.000081,0.012295
AAACGTGTTCGCCCTA-1,0.241529,0.087387,0.263393,0.233501,0.174191
AAACTAACGTGGCGAC-1,0.097795,0.40855,0.027498,0.178538,0.287618
AAACTCGGTTCGCAAT-1,0.049822,0.646438,0.292765,0.00986,0.001115
AAACTCGTGATATAAG-1,0.060414,0.732709,0.150437,0.01311,0.04333
AAACTGCTGGCTCCAA-1,0.010253,0.832189,0.109979,0.044765,0.002814
AAACTTAATTGCACGC-1,0.000013,0.52019,0.168632,0.299291,0.011874
AAACTTGCAAACGTAT-1,0.532702,0.320885,0.051977,0.01446,0.079976
AAAGAATGACCTTAGA-1,0.000014,0.340463,0.104552,0.468585,0.086385
AAAGAATGTGGACTAA-1,0.00002,0.129721,0.499524,0.36968,0.001055
AAAGACATGAAGTTTA-1,0.456724,0.236059,0.082062,0.015234,0.209921
AAAGACCCAAGTCGCG-1,0.999501,0.000285,0.000071,0.000071,0.000071
AAAGACTGGGCGCTTT-1,0.114212,0.686996,0.007485,0.122281,0.069025
AAAGCTTGCCTACATA-1,0.044071,0.354415,0.159289,0.060809,0.381416
AAAGGCCCTATAATAC-1,0.063518,0.506417,0.085946,0.246958,0.097161
AAAGGCTACGGACCAT-1,0.999036,0.000787,0.000059,0.000059,0.000059
AAAGGCTCTCGCGCCG-1,0.698721,0.000224,0.300944,0.000056,0.000056
AAAGGGATGTAGCAAG-1,0.127207,0.872655,0.000046,0.000046,0.000046
AAAGGGCAGCTTGAAT-1,0.059022,0.819317,0.000024,0.11165,0.009987
AAAGGTAAGCTGTACC-1,0.054154,0.733741,0.006934,0.119315,0.085856
AAAGGTCAACGACATG-1,0.126862,0.408888,0.01896,0.020816,0.424474
AAAGTAGCATTGCTCA-1,0.000019,0.885848,0.01942,0.09245,0.002263
AAAGTCACTGATGTAA-1,0.999352,0.00037,0.000093,0.000093,0.000093
AAAGTCGACCCTCAGT-1,0.031521,0.802421,0.102573,0.060968,0.002518
AAAGTGCCATCAATTA-1,0.080415,0.010765,0.254963,0.103198,0.550659
AAAGTGTGATTTATCT-1,0.179097,0.700751,0.000093,0.003537,0.116522
AAAGTTGACTCCCGTA-1,0.177258,0.569393,0.000039,0.217466,0.035845
AAATAACCATACGGGA-1,0.00303,0.865919,0.073615,0.057415,0.00002
AAATAAGGTAGTGCCC-1,0.165174,0.552057,0.000066,0.000066,0.282638
AAATACCTATAAGCAT-1,0.343785,0.536623,0.107759,0.010704,0.00113
AAATAGCTTAGACTTT-1,0.16446,0.598703,0.153483,0.004497,0.078857
AAATAGGGTGCTATTG-1,0.099414,0.855062,0.000046,0.015526,0.029952
AAATCACTCCTAAACG-1,0.148394,0.149233,0.123722,0.115982,0.46267
AAATCCGATACACGCC-1,0.150432,0.561647,0.110455,0.166416,0.011049
AAATCGCGGAAGGAGT-1,0.167404,0.50504,0.177243,0.119906,0.030407
AAATCGTGTACCACAA-1,0.99932,0.000389,0.000097,0.000097,0.000097
AAATCTAGCCCTGCTA-1,0.005265,0.738807,0.001414,0.072474,0.18204
AAATCTGCCCGCGTCC-1,0.002679,0.002788,0.774748,0.176152,0.043633
AAATGACTGATCAAAC-1,0.805901,0.0003,0.03894,0.000075,0.154784
AAATGATTCGATCAGC-1,0.220907,0.625627,0.130377,0.007129,0.015959
AAATGCTCGTTACGTT-1,0.01945,0.885853,0.000036,0.07732,0.017341
AAATGGCATGTCTTGT-1,0.279728,0.698761,0.000045,0.012717,0.00875
AAATGGCCCGTGCCCT-1,0.101227,0.650608,0.045073,0.055382,0.14771
AAATGGTCAATGTGCC-1,0.889126,0.110254,0.000207,0.000207,0.000207
AAATGTATCTTATCCC-1,0.174604,0.610726,0.017723,0.000088,0.19686
AAATGTGGGTGCTCCT-1,0.865364,0.075062,0.000077,0.000077,0.05942
AAATTAACGGGTAGCT-1,0.548589,0.375928,0.070026,0.000096,0.005361
AAATTAATAAGCGCGA-1,0.000024,0.847577,0.109368,0.035327,0.007704
AAATTACACGACTCTG-1,0.040727,0.877536,0.000045,0.015241,0.066452
AAATTACCTATCGATG-1,0.12504,0.739134,0.025351,0.000062,0.110413
AAATTCCAGGTCCAAA-1,0.000019,0.787254,0.00074,0.211867,0.000119
AAATTGATAGTCCTTT-1,0.232517,0.744372,0.00006,0.000846,0.022205
AAATTGCGGCGGTTCT-1,0.101841,0.817723,0.007935,0.010824,0.061677
AAATTGGTGAGAAGCA-1,0.000022,0.335528,0.013883,0.559162,0.091405
AAATTTACCGAAATCC-1,0.17098,0.828779,0.000081,0.000081,0.000081
AAATTTGCGGGTGTGG-1,0.082341,0.804651,0.090855,0.021975,0.000177
AACAACTGGTAGTTGC-1,0.670775,0.273657,0.000091,0.000091,0.055386
AACAATACATTGTCGA-1,0.078494,0.813437,0.000024,0.082446,0.025599
AACAATTACTCTACGC-1,0.177237,0.63961,0.002891,0.155752,0.024511
AACACACGCTCGCCGC-1,0.003632,0.68701,0.000046,0.173665,0.135647
AACACGACTGTACTGA-1,0.064018,0.935869,0.000038,0.000038,0.000038
AACACGAGACGCGGCC-1,0.000017,0.932972,0.009568,0.047592,0.009852
AACACGCGGCCGCGAA-1,0.165009,0.774637,0.060016,0.000281,0.000057
AACAGCTGTGTGGCAA-1,0.070699,0.859993,0.002487,0.065623,0.001198
AACAGGAAATCGAATA-1,0.128779,0.871067,0.000052,0.000052,0.000052
AACAGGATGGGCCGCG-1,0.000024,0.908596,0.053665,0.037691,0.000024
AACAGGTAGTATGGAT-1,0.034139,0.453259,0.061252,0.150308,0.301043
AACATAGCGTGTATCG-1,0.08732,0.079644,0.305934,0.169947,0.357154
AACATATCAACTGGTG-1,0.026098,0.826131,0.025398,0.030825,0.091548
AACATCGATACGTCTA-1,0.072894,0.833257,0.000074,0.000074,0.093702
AACATTGAAGTTGATC-1,0.020363,0.645677,0.007293,0.222276,0.104391
AACATTGGTCAGCCGT-1,0.089423,0.806584,0.08621,0.000047,0.017737
AACATTGTGACTCGAG-1,0.912326,0.087231,0.000148,0.000148,0.000148
AACCAAGACTTCTCTG-1,0.087991,0.781573,0.000041,0.056543,0.073852
AACCAGTATCACTCTT-1,0.303633,0.495957,0.200207,0.000101,0.000101
AACCATAGGGTTGAAC-1,0.168887,0.373413,0.00004,0.1804,0.27726
AACCATGGGATCGCTA-1,0.061763,0.880782,0.038044,0.000451,0.018961
AACCCAGAGACGGAGA-1,0.014098,0.953861,0.02413,0.00788,0.000031
AACCCATCCCATGATC-1,0.002129,0.678754,0.093492,0.210914,0.014711
AACCCGACAACCCGTG-1,0.827926,0.010468,0.069708,0.010933,0.080965
AACCCGAGCAGAATCG-1,0.021034,0.316228,0.016161,0.025224,0.621353
AACCCGATAGGGCTTC-1,0.008533,0.288742,0.099796,0.412055,0.190874
AACCCGCTGTATTCCA-1,0.54738,0.000144,0.410678,0.041763,0.000036
AACCCTACTGTCAATA-1,0.073226,0.757011,0.091398,0.051172,0.027193
AACCCTGGTGGAACCA-1,0.076106,0.914504,0.002237,0.003623,0.003529
AACCGAGCTTGGTCAT-1,0.132137,0.739697,0.127249,0.000878,0.000039
AACCGCTAAGGGATGC-1,0.230788,0.644597,0.000089,0.000089,0.124438
AACCGTTGTGTTTGCT-1,0.000028,0.951405,0.000099,0.048442,0.000028
AACCTAAAGCCGTCCG-1,0.161912,0.477745,0.042179,0.126377,0.191787
AACCTCGCTTTAGCCC-1,0.000034,0.688456,0.101269,0.209828,0.000413
AACCTGTCACGGAATT-1,0.148438,0.399499,0.001242,0.000093,0.450728
AACCTTTAAATACGGT-1,0.26264,0.666915,0.04537,0.000051,0.025024
AACCTTTACGACGTCT-1,0.579382,0.36862,0.00009,0.00009,0.051816
AACGAAAGTCGTCCCA-1,0.331721,0.295313,0.295237,0.023052,0.054677
AACGACCTCCTAGCCG-1,0.000021,0.14517,0.096107,0.69891,0.059793
AACGATAATGCCGTAG-1,0.2983,0.53822,0.137093,0.02635,0.000037
AACGATAGAAGGGCCG-1,0.955036,0.044728,0.000079,0.000079,0.000079
AACGATATGTCAACTG-1,0.17315,0.750784,0.00027,0.067402,0.008395
AACGCATGATCTGGGT-1,0.103209,0.647528,0.239772,0.005044,0.004447
AACGCGAACGGCAACA-1,0.020536,0.939733,0.021964,0.016128,0.001639
AACGCGACCTTGGGCG-1,0.866967,0.051949,0.000126,0.000126,0.080833
AACGCGGTCTCCAGCC-1,0.011773,0.800428,0.164055,0.023704,0.000041
AACGCTGTTGCTGAAA-1,0.106397,0.6547,0.000053,0.05436,0.18449
AACGGACGTACGTATA-1,0.079384,0.763592,0.000059,0.013617,0.143347
AACGGCCATCTCCGGT-1,0.297299,0.633049,0.065106,0.000044,0.004502
AACGTACTGTGGGTAC-1,0.202357,0.664496,0.122096,0.011011,0.00004
AACGTAGTCTACCCAT-1,0.721753,0.148871,0.129248,0.000064,0.000064
AACGTCAGACTAGTGG-1,0.085909,0.816729,0.092752,0.004578,0.000031
AACGTCATCCGGCTTG-1,0.810128,0.000289,0.189437,0.000072,0.000072
AACGTCGCTGCACTTC-1,0.000024,0.006978,0.567871,0.421782,0.003345
AACGTGATGAAGGACA-1,0.000303,0.943842,0.031737,0.016219,0.0079
AACGTGCGAAAGTCTC-1,0.000173,0.824433,0.147578,0.027727,0.000089
AACGTTATCAGCACCT-1,0.063992,0.810798,0.100337,0.012373,0.012499
AACGTTCTACCATTGT-1,0.19611,0.000332,0.574738,0.000083,0.228737
AACTACCCGTTTGTCA-1,0.079992,0.434784,0.001465,0.002837,0.480922
AACTAGCGTATCGCAC-1,0.891359,0.026916,0.08152,0.000102,0.000102
AACTAGGCTTGGGTGT-1,0.664884,0.328081,0.000124,0.000124,0.006786
AACTCAAGTTAATTGC-1,0.756677,0.194646,0.048542,0.000067,0.000067
AACTCCAGAGCGTGTT-1,0.005957,0.740453,0.214801,0.017735,0.021055
AACTCCTAATCCCATG-1,0.222833,0.553609,0.161433,0.014438,0.047688
AACTCGATAAACACGT-1,0.078179,0.881514,0.000044,0.007238,0.033025
AACTCGATGGCGCAGT-1,0.264386,0.700877,0.000062,0.001897,0.032778
AACTCTCAATAGAGCG-1,0.000052,0.871446,0.068073,0.030772,0.029657
AACTCTCAGTGTGCTC-1,0.193636,0.80491,0.000046,0.001213,0.000196
AACTGAGGTCAGCGTC-1,0.000044,0.501658,0.029794,0.303926,0.164577
AACTGAGTTATACTGA-1,0.095493,0.133066,0.037775,0.00141,0.732256
AACTGATATTAGGCCT-1,0.007331,0.943099,0.004438,0.045096,0.000036
AACTGGGTCCCGACGT-1,0.047223,0.94966,0.000035,0.001221,0.001861
AACTGGGTTCGAGCCG-1,0.018009,0.842913,0.032099,0.066171,0.040807
AACTGGTGTGGGCCTT-1,0.513262,0.399961,0.086569,0.000104,0.000104
AACTTCTGCGTCTATC-1,0.143837,0.739811,0.005423,0.079078,0.031851
AACTTGCCCGTATGCA-1,0.223197,0.728546,0.001432,0.041901,0.004924
AACTTGCGTTCTCGCG-1,0.000022,0.952147,0.000022,0.033991,0.013819
AACTTTACGGGAGCTT-1,0.011405,0.755236,0.233067,0.000146,0.000146
AACTTTAGCTGCTGAG-1,0.510104,0.489711,0.000062,0.000062,0.000062
AACTTTCTCGATCATG-1,0.039854,0.168395,0.456751,0.314109,0.020891
AAGAAAGTTTGATGGG-1,0.015439,0.024447,0.619203,0.216385,0.124527
AAGAAATCACCAGATT-1,0.145984,0.057109,0.155504,0.010139,0.631264
AAGAAGGATCAGTTAG-1,0.086779,0.671222,0.1059,0.111038,0.025061
AAGACATACGTGGTTT-1,0.008156,0.000368,0.178967,0.000092,0.812416
AAGACCAAATAACTCA-1,0.278456,0.270283,0.302691,0.122403,0.026167
AAGACCCAACTGAACA-1,0.821909,0.157187,0.000052,0.010703,0.010148
AAGACTAACCCGTTGT-1,0.211631,0.656785,0.131148,0.000217,0.000217
AAGACTCACGCCCACT-1,0.168744,0.258817,0.000042,0.096569,0.475829
AAGACTGCAAGCTACT-1,0.023956,0.927436,0.000051,0.025836,0.022722
AAGAGATGAATCGGTA-1,0.027733,0.74768,0.207588,0.016961,0.000037
AAGAGCTCTTTATCGG-1,0.000043,0.96225,0.000043,0.037124,0.000539
AAGAGGATGTACGCGA-1,0.233902,0.758433,0.000062,0.000062,0.007541
AAGAGGCATGGATCGC-1,0.130001,0.628551,0.241398,0.000025,0.000025
AAGAGGCCCTTTGGAA-1,0.024045,0.445157,0.013009,0.026308,0.491481
AAGATGGCACCGGACC-1,0.247901,0.616057,0.010094,0.034465,0.091482
AAGATTGGCGGAACGT-1,0.47177,0.496888,0.000048,0.002586,0.028708
AAGCACCCTGCGTATC-1,0.000027,0.847561,0.062814,0.089572,0.000027
AAGCATACTCTCCTGA-1,0.285513,0.565181,0.146335,0.00005,0.002921
AAGCCACTTGCAGGTA-1,0.239146,0.198186,0.158898,0.222705,0.181066
AAGCCGAAGCGGTTTA-1,0.212148,0.557775,0.012332,0.019897,0.197848
AAGCCGCCGTGAAATC-1,0.236574,0.393231,0.019677,0.14435,0.206168
AAGCCGCTTTACCTTG-1,0.129972,0.135167,0.059733,0.05565,0.619479
AAGCCGGAGAGCAGGA-1,0.003305,0.094231,0.036736,0.530027,0.335701
AAGCGCAGGGCTTTGA-1,0.077055,0.606666,0.222587,0.013287,0.080404
AAGCGGAGTGCGCGCA-1,0.078075,0.323775,0.171861,0.209555,0.216734
AAGCGGCGTCATGGGT-1,0.025811,0.741103,0.029281,0.066373,0.137433
AAGCGTCCCTCATCGA-1,0.012095,0.947685,0.000029,0.035034,0.005157
AAGCTAGATCGAGTAA-1,0.00003,0.945898,0.051019,0.003023,0.00003
AAGCTATGGATTGACC-1,0.025627,0.307441,0.000567,0.414599,0.251766
AAGCTCGTGCCAAGTC-1,0.115075,0.862307,0.015901,0.000178,0.006538
AAGCTCTTTCATGGTG-1,0.000037,0.823331,0.073545,0.103049,0.000037
AAGGAGAACTTATAAG-1,0.856517,0.141835,0.00142,0.000114,0.000114
AAGGAGCGGTTGGTGC-1,0.692884,0.074932,0.157542,0.000199,0.074444
AAGGATCGATCGCTTG-1,0.055068,0.88213,0.000093,0.000093,0.062617
AAGGATGAGGGACCTC-1,0.027478,0.961477,0.000035,0.003747,0.007262
AAGGCAGGCTGTCTCC-1,0.033032,0.077326,0.630944,0.000069,0.258629
AAGGCGCGTAAAGCTT-1,0.00343,0.916266,0.014195,0.044913,0.021196
AAGGCTGTGCTCATCG-1,0.999403,0.000341,0.000085,0.000085,0.000085
AAGGGAACGACTGGCT-1,0.006455,0.693213,0.000022,0.205886,0.094423
AAGGGACAGATTCTGT-1,0.023311,0.867451,0.000031,0.073695,0.035512
AAGGGACTATGCATTC-1,0.081304,0.62847,0.001357,0.058349,0.23052
AAGGGTTAGCCATGCG-1,0.000084,0.000421,0.920352,0.005027,0.074117
AAGGGTTTGATTTCAG-1,0.126386,0.316723,0.077623,0.33739,0.141878
AAGGTATCCTAATATA-1,0.002982,0.860494,0.082193,0.051088,0.003242
AAGGTGATAAACCAGC-1,0.261165,0.545627,0.117823,0.016895,0.058491
AAGTAAGCTTCCAAAC-1,0.142095,0.799962,0.057843,0.00005,0.00005
AAGTAGAAGACCGGGT-1,0.981179,0.000227,0.018481,0.000057,0.000057
AAGTAGTGACGCGAGG-1,0.125503,0.811003,0.02086,0.000673,0.041961
AAGTCAATTGTCGTCA-1,0.000036,0.752176,0.138497,0.091466,0.017825
AAGTCTAGTAGCTGCC-1,0.178969,0.114408,0.035337,0.000082,0.671204
AAGTCTTCTGTGGCCT-1,0.011768,0.736745,0.047375,0.195634,0.008479
AAGTGACGACCGAATT-1,0.026193,0.922199,0.000032,0.025562,0.026014
AAGTGAGTCGGGTTTA-1,0.719565,0.149031,0.088005,0.043315,0.000084
AAGTGCAAAGGTAGAC-1,0.001956,0.771487,0.224213,0.002298,0.000046
AAGTGCCTTGACTGTA-1,0.323068,0.517501,0.042501,0.000109,0.116822
AAGTGCGTTAGAATCT-1,0.061613,0.876658,0.002521,0.023168,0.03604
AAGTGCTTCTCTATTG-1,0.123433,0.52323,0.07296,0.277274,0.003103
AAGTGTTTGGAGACGG-1,0.370169,0.603441,0.015149,0.00625,0.004991
AAGTTCACTCCAAGCT-1,0.057007,0.817742,0.000621,0.004989,0.119641
AAGTTCAGTCTGCGTA-1,0.019061,0.923133,0.000053,0.000189,0.057563
AAGTTCGGCCAACAGG-1,0.086978,0.762694,0.146806,0.003482,0.000039
AAGTTGTGATGTTATA-1,0.027809,0.142466,0.161605,0.144274,0.523847
AAGTTTACTAATGGCA-1,0.229422,0.654372,0.116101,0.000052,0.000052
AAGTTTATGGGCCCAA-1,0.011668,0.705858,0.050437,0.189118,0.042919
AATAACAACGCTCGGC-1,0.133368,0.803712,0.018868,0.012803,0.031248
AATAACACTAGAACAA-1,0.00548,0.853445,0.042994,0.098045,0.000036
AATAACGTCGCGCCCA-1,0.000048,0.099066,0.192736,0.321597,0.386553
AATAAGTCCTCGAGAC-1,0.001041,0.957124,0.020536,0.02126,0.000039
AATAATCTTCGTATCG-1,0.01216,0.117024,0.150392,0.28469,0.435734
AATACAATGTTTCAGG-1,0.312769,0.615102,0.000068,0.000068,0.071993
AATACCGGAGGGCTGT-1,0.038853,0.74697,0.004231,0.168123,0.041822
AATACCTGATGTGAAC-1,0.109319,0.054847,0.033093,0.609105,0.193636
AATAGAACAGAGTGGC-1,0.999527,0.00027,0.000068,0.000068,0.000068
AATAGAATCTGTTTCA-1,0.222736,0.637509,0.000066,0.003068,0.136621
AATAGCAAGCCTCCTG-1,0.046355,0.263805,0.053965,0.049239,0.586636
AATAGCTACCGCGTGC-1,0.09806,0.805281,0.000054,0.015648,0.080957
AATAGGCACGACCCTT-1,0.157692,0.364667,0.170559,0.283805,0.023278
AATAGTCCGTCCCGAC-1,0.897143,0.032523,0.000092,0.000092,0.07015
AATAGTCGCGAGTCGG-1,0.187209,0.678642,0.045254,0.005545,0.083351
AATATCAAGGTCGGAT-1,0.543265,0.454557,0.00008,0.00008,0.002018
AATATCCTAGCAAACT-1,0.100738,0.603953,0.099117,0.128478,0.067715
AATATCGAATCAATGC-1,0.083856,0.503996,0.161081,0.043596,0.207471
AATATCGAGGGTTCTC-1,0.150775,0.745231,0.015123,0.082911,0.005961
AATATTGGAGTATTGA-1,0.045956,0.839622,0.03531,0.010842,0.06827
AATCAGACTGCAGGAC-1,0.058563,0.850144,0.001537,0.035635,0.054122
AATCAGGTTTCATTTA-1,0.13567,0.515665,0.100186,0.222999,0.02548
AATCATGTAAAGACTC-1,0.016751,0.581011,0.000069,0.006337,0.395831
AATCCAAGGGCCTGAG-1,0.999536,0.000265,0.000066,0.000066,0.000066
AATCCATGCAAGGGTG-1,0.060405,0.894178,0.000059,0.000059,0.045298
AATCCCGCTCAGAGCC-1,0.875465,0.000155,0.124303,0.000039,0.000039
AATCGAGGTCTCAAGG-1,0.079655,0.23814,0.074318,0.14575,0.462136
AATCGCCTCAGCGCCA-1,0.031277,0.89798,0.052492,0.008991,0.00926
AATCGCGCAGAGGACT-1,0.189545,0.459724,0.167584,0.039531,0.143616
AATCGGGACACTACGA-1,0.355458,0.535228,0.109181,0.000067,0.000067
AATCGGTATAGCCCTC-1,0.000043,0.014969,0.126114,0.559238,0.299635
AATCGTGAGCCGAGCA-1,0.174795,0.616815,0.022191,0.068273,0.117926
AATCTAGGTTTACTTG-1,0.411011,0.315525,0.168358,0.000222,0.104884
AATCTATGCCGGAGCC-1,0.08851,0.759244,0.079273,0.020768,0.052204
AATCTCTACTGTGGTT-1,0.039166,0.886454,0.006911,0.035082,0.032387
AATCTGCGTTGGGACG-1,0.097948,0.786268,0.000044,0.044138,0.071603
AATCTGGCTTTCTAGT-1,0.023117,0.726051,0.163093,0.051664,0.036075
AATCTGGGTAGACCCT-1,0.05197,0.653717,0.020804,0.243942,0.029567
AATGACAGCAATGTCT-1,0.149274,0.834744,0.000044,0.001275,0.014664
AATGACGTAGGATGTC-1,0.104899,0.801738,0.093259,0.000052,0.000052
AATGACTGTCAGCCGG-1,0.48043,0.000631,0.518624,0.000158,0.000158
AATGAGTTCGCATATG-1,0.08453,0.851279,0.000042,0.039065,0.025084
AATGATGATACGCTAT-1,0.211931,0.617833,0.022099,0.000071,0.148066
AATGATGCGACTCCTG-1,0.266937,0.645985,0.000067,0.000067,0.086944
AATGCAACCGGGTACC-1,0.519412,0.437261,0.039947,0.000068,0.003312
AATGCACCAAGCAATG-1,0.377777,0.546986,0.057937,0.000074,0.017226
AATGGCCGCCAATGCG-1,0.220812,0.06194,0.185709,0.000066,0.531474
AATGGTCCACCGTTCA-1,0.060088,0.850594,0.000065,0.000065,0.089189
AATGGTTCTCACAAGC-1,0.271295,0.701185,0.022545,0.004943,0.000033
AATGTATGGCACTGTA-1,0.059651,0.288835,0.02917,0.190678,0.431666
AATGTGCCCGAGGTGT-1,0.070312,0.699118,0.140213,0.068385,0.021972
AATGTGCTAATCTGAG-1,0.003455,0.669935,0.138505,0.173362,0.014742
AATGTTAAGACCCTGA-1,0.026632,0.170235,0.354811,0.287251,0.161071
AATGTTGTCGTGAGAC-1,0.031094,0.271625,0.319817,0.212464,0.165
AATTAAAGGTCGGCGT-1,0.583835,0.415808,0.000119,0.000119,0.000119
AATTAACGGATTTCCA-1,0.426397,0.540347,0.033148,0.000054,0.000054
AATTACGAGACCCATC-1,0.045297,0.485664,0.087721,0.215012,0.166306
AATTACTCGTACGCTC-1,0.071815,0.728391,0.130607,0.02594,0.043246
AATTAGCGCTGCAGCG-1,0.832407,0.094731,0.00263,0.000099,0.070134
AATTATACCCAGCAAG-1,0.14084,0.172855,0.066165,0.000075,0.620066
AATTCATAAGGGATCT-1,0.070361,0.837071,0.000037,0.067011,0.02552
AATTCATTGTCATGCA-1,0.07384,0.467218,0.025415,0.349285,0.084241
AATTCCAACTTGGTGA-1,0.128416,0.842371,0.014032,0.012328,0.002854
AATTCCAAGCATGTAC-1,0.577746,0.2277,0.042615,0.151109,0.000831
AATTCGATTCGAGGAT-1,0.005727,0.837689,0.000217,0.120035,0.036331
AATTCTAGAGTTAGGC-1,0.680335,0.19949,0.114581,0.000103,0.005491
AATTGAACGCTCTGGT-1,0.198421,0.632417,0.083476,0.013602,0.072084
AATTGCAGCAATCGAC-1,0.231712,0.324789,0.063515,0.002423,0.377561
AATTGCGTGGATTACA-1,0.057462,0.450065,0.182068,0.241775,0.06863
AATTGTGGTTGCCAAA-1,0.013849,0.11476,0.100526,0.130202,0.640663
AATTTGGGACATAGTA-1,0.00004,0.909974,0.00004,0.068692,0.021254
AATTTGGTTCCAAAGA-1,0.078635,0.921199,0.000055,0.000055,0.000055
ACAAACCATGCGTCCT-1,0.225336,0.414774,0.007768,0.114889,0.237233
ACAAACCGACAAGGCG-1,0.072576,0.666321,0.000039,0.162312,0.098752
ACAAACTCCATCAGAG-1,0.839125,0.000216,0.000054,0.000054,0.160551
ACAAAGAAGGTAGGCC-1,0.304049,0.529006,0.118003,0.004272,0.044669
ACAAAGCATGACCTAG-1,0.03957,0.584492,0.054275,0.110149,0.211514
ACAAATCGCACCGAAT-1,0.005951,0.958318,0.000066,0.000066,0.035598
ACAAATGGTAGTGTTT-1,0.043619,0.835836,0.077457,0.000061,0.043027
ACAAATTCAGATCTGA-1,0.529633,0.290559,0.048975,0.001109,0.129724
ACAACAGCATGAGCTA-1,0.000025,0.976706,0.015464,0.007505,0.0003
ACAACGGTCCCTGCGA-1,0.124668,0.705576,0.144251,0.025487,0.000019
ACAAGCAGTGCCTAGC-1,0.123866,0.715488,0.145163,0.011908,0.003574
ACAAGCTATATGGAAG-1,0.094227,0.819384,0.001309,0.007966,0.077114
ACAAGGAAATCCGCCC-1,0.161393,0.762893,0.033983,0.012715,0.029015
ACAAGGACAAGAGGTT-1,0.16543,0.80901,0.00591,0.002086,0.017564
ACAAGGATGCTTTAGG-1,0.430004,0.376941,0.043438,0.01062,0.138997
ACAAGGCCTACCAGCC-1,0.001898,0.462606,0.00004,0.183097,0.352359
ACAAGGGCAGGCTCTG-1,0.191946,0.602688,0.153725,0.013538,0.038103
ACAAGTAATTGTAAGG-1,0.071215,0.410272,0.029882,0.428921,0.059711
ACAATAGTCGTACGTT-1,0.003366,0.930724,0.000029,0.020228,0.045653
ACAATCCATTTAAACC-1,0.132456,0.693392,0.158083,0.005037,0.011032
ACAATCGATCTTTATA-1,0.037426,0.913606,0.023392,0.025524,0.000052
ACAATGAATACGGAGA-1,0.054826,0.832787,0.012026,0.03474,0.06562
ACAATGATTCTTCTAC-1,0.347406,0.088293,0.357356,0.035901,0.171044
ACAATTGTGTCTCTTT-1,0.008937,0.694859,0.267524,0.026359,0.002321
ACAATTTAGGAGGCTC-1,0.040343,0.873842,0.008482,0.06243,0.014903
ACAATTTGAGCAGTGG-1,0.299818,0.639857,0.000096,0.000096,0.060134
ACAATTTGGCCATATT-1,0.000051,0.154375,0.044133,0.229496,0.571946
ACACAAAGACGGGTGG-1,0.715924,0.283797,0.000093,0.000093,0.000093
ACACAAATATTCCTAG-1,0.124845,0.106396,0.019301,0.004572,0.744886
ACACACCAGGACCAGT-1,0.13616,0.76317,0.041419,0.004119,0.055132
ACACACTTTCTACACG-1,0.009906,0.796335,0.193663,0.000059,0.000037
ACACATGATCAAATCT-1,0.074124,0.693927,0.022676,0.126467,0.082806
ACACATTGACGCAACA-1,0.030176,0.826782,0.003807,0.121805,0.017431
ACACATTTCCGTAGAC-1,0.000057,0.421485,0.072904,0.332474,0.17308
ACACCACATAATTAGC-1,0.197626,0.452169,0.014736,0.000082,0.335387
ACACCCAGCATGCAGC-1,0.486032,0.509732,0.000522,0.003618,0.000095
ACACCCGAGAAATCCG-1,0.167057,0.77548,0.025689,0.022996,0.008778
ACACCCGTAAATCTGT-1,0.071787,0.259574,0.223403,0.418934,0.026302
ACACCGAGCGCTCTTT-1,0.093365,0.631495,0.090385,0.059297,0.125458
ACACCGGTCTGACCGC-1,0.018314,0.684239,0.000043,0.114337,0.183066
ACACCTTAAGTAGGGC-1,0.66053,0.339212,0.000086,0.000086,0.000086
ACACCTTACTACTTGC-1,0.275268,0.345546,0.236891,0.00006,0.142235
ACACGAGACTCCTTCT-1,0.098743,0.799375,0.036709,0.06004,0.005133
ACACGGCACTATGCAT-1,0.009602,0.983817,0.000029,0.003445,0.003107
ACACGGGAACTTAGGG-1,0.134346,0.803082,0.049632,0.008134,0.004806
ACACGTAGGCCACAAG-1,0.000273,0.533473,0.130008,0.235096,0.101149
ACACTCCAATGTCACT-1,0.403403,0.415462,0.119692,0.013735,0.047708
ACACTGATCAAGGTGT-1,0.999338,0.000378,0.000094,0.000095,0.000095
ACACTGGGACAGTCGT-1,0.012223,0.253545,0.295498,0.323938,0.114797
ACAGAACTGAGAACAA-1,0.204716,0.669093,0.000042,0.007628,0.118521
ACAGATTAGGTTAGTG-1,0.474266,0.525542,0.000064,0.000064,0.000064
ACAGCATAGAGCCAGT-1,0.621147,0.25497,0.123781,0.000051,0.000051
ACAGCGACATTCTCAT-1,0.178837,0.474125,0.000096,0.000096,0.346846
ACAGCGCACCCGCAGC-1,0.000018,0.908565,0.036628,0.054771,0.000018
ACAGGAGGCGCAGCCG-1,0.079186,0.678476,0.12537,0.001379,0.115589
ACAGGCACGGATCCTT-1,0.176007,0.14753,0.265401,0.263076,0.147986
ACAGGCTTGCCCGACT-1,0.077229,0.656907,0.000043,0.191871,0.07395
ACAGGTGGAGGTGAGG-1,0.093247,0.877354,0.027977,0.001347,0.000075
ACAGGTGTGTTGTTGC-1,0.20968,0.415222,0.265018,0.000065,0.110016
ACAGTAATACAACTTG-1,0.086313,0.863908,0.019185,0.014528,0.016066
ACAGTATACCGTGGGA-1,0.036294,0.42602,0.245916,0.221009,0.07076
ACAGTGCAGCGCATTT-1,0.036846,0.287966,0.402393,0.244152,0.028642
ACATAAGTCGTGGTGA-1,0.481749,0.359575,0.000058,0.000058,0.15856
ACATAATAAGGCGGTG-1,0.162942,0.742867,0.013413,0.059579,0.021199
ACATACAATCAAGCGG-1,0.11211,0.038422,0.054469,0.145574,0.649426
ACATCAGCTGGGACGC-1,0.000017,0.745653,0.245303,0.009011,0.000017
ACATCCCGGCCATACG-1,0.891041,0.108727,0.000077,0.000077,0.000077
ACATCCTGGTAACTGT-1,0.020844,0.556733,0.231185,0.010665,0.180573
ACATCGATCGTTTACC-1,0.030457,0.856221,0.113064,0.00019,0.000068
ACATCGCAATATTCGG-1,0.087015,0.42417,0.001607,0.384009,0.103198
ACATCGGTCAGCCGCG-1,0.007103,0.929792,0.016588,0.046485,0.000032
ACATCGTATGCAATGG-1,0.017442,0.937745,0.000049,0.035844,0.008919
ACATCGTTAACCTAGT-1,0.224756,0.773332,0.000065,0.000065,0.001782
ACATCTCAACGCGTAA-1,0.114204,0.839879,0.044596,0.00127,0.000052
ACATGCTTACGGCAGC-1,0.069844,0.17834,0.163182,0.54922,0.039415
ACATGGCGCCAAAGTA-1,0.260745,0.501461,0.080073,0.024577,0.133145
ACATGGCTCAATTTAG-1,0.121027,0.728972,0.028437,0.04334,0.078225
ACATTAGTTTATATCC-1,0.885936,0.113656,0.000136,0.000136,0.000136
ACATTCGCGCGGAATA-1,0.060487,0.315652,0.434006,0.148129,0.041726
ACATTTGAAACCTAAC-1,0.000018,0.05162,0.15799,0.787674,0.002699
ACCAAACACCCAGCGA-1,0.000019,0.752,0.075903,0.169083,0.002996
ACCAAACTAGAAATCC-1,0.042703,0.909175,0.018962,0.020975,0.008184
ACCAACACCACACACT-1,0.072094,0.454582,0.454121,0.000036,0.019167
ACCAACCGCACTCCAC-1,0.000021,0.535467,0.203586,0.243654,0.017272
ACCAACGCTTATTTAT-1,0.803675,0.140387,0.000107,0.055433,0.000398
ACCAAGAACGCGTGTC-1,0.542725,0.218938,0.238039,0.000149,0.000149
ACCAAGTCATCGGCAG-1,0.000054,0.239355,0.129302,0.278948,0.352341
ACCAATATGCAAGTTA-1,0.206388,0.708358,0.032834,0.037886,0.014534
ACCACAACTCAGAACA-1,0.173334,0.808843,0.0038,0.00006,0.013963
ACCACAAGTTTCTATC-1,0.880561,0.000398,0.118843,0.000099,0.000099
ACCACACGGTTGATGG-1,0.01535,0.244297,0.078882,0.192565,0.468906
ACCACCAATGTAACAA-1,0.137476,0.625593,0.107185,0.072906,0.05684
ACCACCCTCTCTTCTA-1,0.13649,0.08771,0.391645,0.226714,0.15744
ACCACGTGCAGCTATA-1,0.318196,0.658461,0.000065,0.000065,0.023214
ACCACTGTTCAAGAAG-1,0.032128,0.817476,0.000039,0.138957,0.0114
ACCAGACCATAACAAC-1,0.025552,0.780877,0.015004,0.135376,0.043191
ACCAGCCCGGTCTTTG-1,0.291287,0.641319,0.000064,0.002606,0.064724
ACCAGGAGTGTGATCT-1,0.82415,0.163814,0.011931,0.000052,0.000052
ACCAGTGCCCGGTCAA-1,0.070148,0.76156,0.025115,0.056466,0.086711
ACCAGTGCGGGAGACG-1,0.000058,0.858635,0.000058,0.062651,0.078598
ACCATATCCGCAATAA-1,0.71568,0.283933,0.000129,0.000129,0.000129
ACCATCCGCCAACTAG-1,0.027152,0.885979,0.018216,0.055753,0.0129
ACCATCGTATATGGTA-1,0.567587,0.430512,0.000093,0.000093,0.001716
ACCATTAAGGGTGTCA-1,0.339756,0.432963,0.115498,0.000065,0.111718
ACCCAACGCCCGTGGC-1,0.183326,0.73695,0.0227,0.002096,0.054928
ACCCACCTACATGCTC-1,0.053742,0.838546,0.000041,0.081449,0.026222
ACCCATCTTGAGGGTA-1,0.000032,0.891717,0.001287,0.106931,0.000032
ACCCATTTGTCCCTCT-1,0.000084,0.559606,0.269413,0.092957,0.07794
ACCCGAGCGAAATTAC-1,0.324761,0.478416,0.017482,0.146311,0.033031
ACCCGATTGGTTCCGA-1,0.362262,0.392628,0.068073,0.140418,0.036618
ACCCGGAAACTCCCAG-1,0.520321,0.445185,0.000103,0.000103,0.034288
ACCCGGAGCACCACAA-1,0.11774,0.074062,0.624697,0.048667,0.134834
ACCCGGATGACGCATC-1,0.188697,0.733932,0.000085,0.000085,0.0772
ACCCGGTTACACTTCC-1,0.650598,0.348871,0.000415,0.000058,0.000058
ACCCGTAGCAGAGAAT-1,0.173366,0.081551,0.215555,0.033235,0.496293
ACCCGTAGTCTAGTTG-1,0.008597,0.021944,0.271924,0.245982,0.451553
ACCCGTGTCATCAGTA-1,0.969485,0.03034,0.000058,0.000058,0.000058
ACCCTATAGGACTGAG-1,0.040667,0.876304,0.043084,0.021234,0.01871
ACCCTATGCCATATCG-1,0.031765,0.874013,0.050258,0.041149,0.002815
ACCCTCCCGTCAGGGC-1,0.065348,0.145338,0.032123,0.085501,0.67169
ACCCTCCCTTGCTATT-1,0.13601,0.675559,0.092167,0.070556,0.025709
ACCCTGGTAACGCCCT-1,0.15144,0.627584,0.016856,0.000073,0.204047
ACCCTTCATCTGCGAA-1,0.003365,0.966806,0.010446,0.019345,0.000038
ACCCTTGCCTGGGTCG-1,0.067251,0.157264,0.058985,0.381009,0.335491
ACCCTTTAGTTCTCCA-1,0.001295,0.974438,0.00006,0.021467,0.002739
ACCGAAAGGGCCCTGC-1,0.999677,0.000185,0.000046,0.000046,0.000046
ACCGAAGAGTCTGGTT-1,0.044759,0.602602,0.160431,0.114681,0.077528
ACCGACACATCTCCCA-1,0.17315,0.640202,0.137657,0.02368,0.025312
ACCGACTGAGTCCCAC-1,0.223147,0.690361,0.000051,0.076011,0.01043
ACCGAGTCTCCTTATT-1,0.051012,0.2859,0.068366,0.466641,0.128081
ACCGATAGGCATAACC-1,0.000027,0.190758,0.373783,0.378124,0.057308
ACCGATATTTAATCAT-1,0.013671,0.215108,0.365943,0.330574,0.074704
ACCGATGGTAGCATCG-1,0.126149,0.78605,0.00008,0.00008,0.087641
ACCGCAATAACTGCCT-1,0.213446,0.618856,0.051985,0.086345,0.029368
ACCGCGGTGGAAGTCG-1,0.0579,0.732692,0.000042,0.139996,0.069371
ACCGCTAGTCATTGGT-1,0.000015,0.290275,0.263102,0.441884,0.004724
ACCGGGCCTTTGTTGA-1,0.321384,0.477301,0.0029,0.089213,0.109202
ACCGGTCAGGTACACC-1,0.059807,0.74554,0.000048,0.002625,0.19198
ACCGGTCTGAGTACGG-1,0.000057,0.683071,0.000057,0.054488,0.262326
ACCGTCCACTGGGCCC-1,0.381616,0.169427,0.24974,0.069312,0.129905
ACCGTGACCACGTGGG-1,0.226624,0.731169,0.00005,0.000133,0.042025
ACCGTTCCCGCTCTGA-1,0.088624,0.836309,0.044069,0.017501,0.013497
ACCTAAGTACCTTTCA-1,0.350303,0.570073,0.047069,0.010782,0.021774
ACCTAATCGACTTCCT-1,0.350665,0.482023,0.128488,0.00009,0.038734
ACCTACAGTATGTGGT-1,0.018657,0.727337,0.093283,0.013041,0.147682
ACCTACTATAAATCTA-1,0.85932,0.000197,0.092837,0.007049,0.040598
ACCTCAGCGAGGCGCA-1,0.075084,0.11466,0.160891,0.013334,0.63603
ACCTCCGCCCTCGCTG-1,0.000038,0.443049,0.000038,0.237448,0.319426
ACCTCCGTTATTCACC-1,0.084447,0.490691,0.360107,0.031625,0.03313
ACCTCGAACTTATGCT-1,0.341986,0.282334,0.007022,0.011411,0.357247
ACCTGCGTGTCATGTT-1,0.031825,0.854646,0.000073,0.016797,0.096658
ACCTTTCCTTTAGAAG-1,0.000031,0.796642,0.137808,0.065488,0.000031
ACGAAATGGGCGGCAC-1,0.002585,0.814995,0.179444,0.002955,0.000021
ACGACCCATGAGTTGC-1,0.048435,0.114348,0.081034,0.558925,0.197258
ACGACTCTAGGGCCGA-1,0.029537,0.058702,0.464333,0.276629,0.170799
ACGACTGGTCATACTC-1,0.067474,0.686793,0.035852,0.149779,0.060102
ACGAGAACCCATCACG-1,0.260171,0.571111,0.167676,0.00004,0.001002
ACGAGATATTTGCTTA-1,0.026075,0.894064,0.000052,0.010281,0.069528
ACGAGGATACCACTCT-1,0.032598,0.807339,0.000043,0.101598,0.058422
ACGAGGTTTACAACGT-1,0.138647,0.590514,0.131037,0.056128,0.083674
ACGAGTACGGATGCCC-1,0.053485,0.865968,0.000031,0.024805,0.055712
ACGAGTCGCCGGCGTT-1,0.000022,0.909268,0.000022,0.089579,0.001109
ACGATACATAGAACTA-1,0.279099,0.70741,0.000064,0.000064,0.013364
ACGATACCTATCCTGA-1,0.0503,0.896649,0.00006,0.000997,0.051994
ACGATCATACATAGAG-1,0.000033,0.930744,0.030466,0.038725,0.000033
ACGATCATCTTGTAAA-1,0.093538,0.789045,0.000057,0.019226,0.098135
ACGATGCATATGTTAT-1,0.852061,0.14767,0.00009,0.00009,0.00009
ACGATGGATCCGATGC-1,0.293511,0.678223,0.000057,0.000057,0.028153
ACGCAAACTAATAGAT-1,0.898051,0.091008,0.01077,0.000085,0.000085
ACGCAATCACTACAGC-1,0.00003,0.966068,0.00003,0.033842,0.00003
ACGCATAAATGACATG-1,0.000015,0.494991,0.217258,0.285278,0.002458
ACGCATACGTTTACTA-1,0.204794,0.502045,0.000059,0.004421,0.288681
ACGCATTCGTGAGTAC-1,0.146084,0.850018,0.000081,0.000081,0.003735
ACGCCACTCGAAACAG-1,0.114568,0.313872,0.025696,0.325956,0.219908
ACGCCAGATGATTTCT-1,0.000036,0.903417,0.069116,0.027396,0.000036
ACGCCAGTGCGTTTGC-1,0.008988,0.016298,0.41712,0.513668,0.043926
ACGCCCAGCTGTCGAT-1,0.007011,0.947757,0.000044,0.04184,0.003347
ACGCCGCTAGACGACC-1,0.063495,0.908367,0.002588,0.012937,0.012613
ACGCCTGACACGCGCT-1,0.143881,0.665212,0.000067,0.000067,0.190773
ACGCGAAGTCAGACGA-1,0.725684,0.209402,0.059175,0.000097,0.005642
ACGCGCTACACAGGGT-1,0.057622,0.756391,0.154545,0.030153,0.001289
ACGCGGGCCAAGGACA-1,0.165656,0.786659,0.035835,0.011812,0.000038
ACGCGTTTCTTAAGAG-1,0.000022,0.908649,0.084539,0.006767,0.000022
ACGCTACTGAATGGGC-1,0.000066,0.001671,0.48135,0.34956,0.167353
ACGCTAGTATCAGTGC-1,0.056381,0.295869,0.034407,0.095766,0.517577
ACGCTAGTGATACACT-1,0.264398,0.662933,0.0327,0.000052,0.039917
ACGCTGTGAGGCGTAG-1,0.189238,0.657556,0.124263,0.023439,0.005503
ACGCTTAGTGTCTCTC-1,0.512647,0.265779,0.2123,0.000092,0.009182
ACGGAACACGAGTGCC-1,0.000028,0.070273,0.123,0.709677,0.097022
ACGGAATTTAGCAAAT-1,0.029187,0.890833,0.000036,0.054707,0.025238
ACGGACGCAGCGACAA-1,0.18703,0.000268,0.733168,0.000067,0.079466
ACGGACTCTCAAAGCG-1,0.050659,0.82492,0.012817,0.11089,0.000715
ACGGAGCGCAAATTAC-1,0.016712,0.925193,0.021269,0.032153,0.004673
ACGGATGGTGCGGATA-1,0.007307,0.906929,0.079853,0.0022,0.003711
ACGGCACTTGCTTGGG-1,0.99934,0.000377,0.000094,0.000094,0.000094
ACGGCCAACATGGACT-1,0.943904,0.0003,0.055646,0.000075,0.000075
ACGGCGACGATGGGAA-1,0.133027,0.799867,0.010407,0.031845,0.024853
ACGGCGGGTTGCCCTG-1,0.104964,0.877028,0.000051,0.000051,0.017907
ACGGCTGGATGTAGAA-1,0.040865,0.585573,0.001705,0.204123,0.167734
ACGGGAGTGTCGGCCC-1,0.002197,0.952193,0.000034,0.029709,0.015867
ACGGGCGTATGCGACA-1,0.080993,0.49595,0.248691,0.009737,0.164629
ACGGGTCATGTGACTT-1,0.247844,0.636642,0.098341,0.015064,0.002109
ACGGGTTGTGACCTGT-1,0.050325,0.021803,0.035638,0.186737,0.705497
ACGGTACAGTTCAATG-1,0.011338,0.006923,0.480698,0.274415,0.226627
ACGGTCACCGAGAACA-1,0.263863,0.191926,0.062664,0.275052,0.206495
ACGTACAGATTTCTCT-1,0.173139,0.73123,0.080754,0.011856,0.003022
ACGTACTTTGGCACGG-1,0.009682,0.551896,0.096285,0.327228,0.014909
ACGTAGATTGCTGATG-1,0.000259,0.97844,0.000037,0.021227,0.000037
ACGTAGGAGAGTCGCT-1,0.262193,0.394886,0.007603,0.103244,0.232074
ACGTATTACTCCGATC-1,0.117634,0.775837,0.000106,0.000106,0.106318
ACGTCCTAAACGAGAT-1,0.093492,0.788024,0.103386,0.01499,0.000108
ACGTCGGGCAACTCGG-1,0.058324,0.417768,0.105265,0.121122,0.297521
ACGTCTCGTTCCGGGA-1,0.230684,0.608454,0.00953,0.003854,0.147479
ACGTGACAAAGTAAGT-1,0.081387,0.54826,0.221583,0.115958,0.032812
ACGTGCGCCTCGTGCA-1,0.203331,0.68132,0.115239,0.000055,0.000055
ACGTGGTCGAATGTGC-1,0.163115,0.685757,0.097998,0.045861,0.007268
ACGTTAATGTCGAAGA-1,0.295424,0.631162,0.057569,0.000313,0.015532
ACGTTAGATTTGCCCG-1,0.28488,0.648766,0.026224,0.026255,0.013875
ACGTTATTGGTCACTC-1,0.562611,0.000464,0.436693,0.000116,0.000116
ACGTTCACTATGCCGC-1,0.332271,0.005712,0.661869,0.00012,0.000028
ACGTTCCGCGCTCCGT-1,0.999413,0.000336,0.000084,0.000084,0.000084
ACGTTCGCAATCAATT-1,0.052372,0.777979,0.124173,0.019993,0.025483
ACGTTCGTTCAGGAAA-1,0.973735,0.025998,0.000089,0.000089,0.000089
ACGTTCTGTACAAGTC-1,0.150949,0.373116,0.080482,0.000085,0.395368
ACGTTGTCGTTGAAAG-1,0.278185,0.202571,0.166658,0.260985,0.0916
ACGTTTAGTTGTGATC-1,0.073451,0.926373,0.000059,0.000059,0.000059
ACGTTTCGGTGCACTT-1,0.000043,0.014846,0.702141,0.102822,0.180149
ACTAAGGACGCACACC-1,0.173299,0.105491,0.364361,0.198143,0.158706
ACTAATACGTCAGGCG-1,0.018907,0.860784,0.092874,0.010646,0.016789
ACTACAAAGAGAGGTG-1,0.053551,0.000282,0.946025,0.000071,0.000071
ACTACATCCCGACAAG-1,0.037191,0.728047,0.000049,0.001291,0.233422
ACTACCAGCTCTCTGG-1,0.62746,0.322464,0.049888,0.000094,0.000094
ACTACCATCCGAGGGC-1,0.012242,0.251723,0.21418,0.514216,0.007639
ACTACGCGTTAGAATT-1,0.99944,0.00032,0.00008,0.00008,0.00008
ACTAGTTGCGATCGTC-1,0.000028,0.656976,0.00119,0.267586,0.074221
ACTATATGCTGTGTTC-1,0.241427,0.607628,0.000071,0.042405,0.108469
ACTATCCAGGGCATGG-1,0.06006,0.797626,0.000067,0.000067,0.14218
ACTATCGCCGGCTAAA-1,0.200689,0.54475,0.000064,0.000064,0.254432
ACTATCTGCCCGCGTA-1,0.000739,0.478316,0.007732,0.218544,0.294668
ACTATGTCCAGCTGCC-1,0.068063,0.630122,0.102742,0.159957,0.039117
ACTATTCGTCCGTGGT-1,0.084667,0.782478,0.130687,0.00212,0.000047
ACTATTTCCGGGCCCA-1,0.214737,0.698831,0.067218,0.019179,0.000036
ACTCAACGAATGTATT-1,0.093127,0.895475,0.000059,0.000059,0.01128
ACTCAAGTGCAAGGCT-1,0.099134,0.673554,0.024372,0.075674,0.127266
ACTCAATAAAGGCACG-1,0.000028,0.897917,0.057231,0.044796,0.000028
ACTCAGACCTGCTTCT-1,0.750792,0.125053,0.000109,0.000109,0.123936
ACTCATGGCAGCCTTC-1,0.000017,0.553628,0.000017,0.42856,0.017779
ACTCCAATATCATCAT-1,0.214262,0.615576,0.000061,0.054518,0.115582
ACTCCCATTCCTAAAG-1,0.131807,0.62312,0.003053,0.000115,0.241906
ACTCCCGAATTCGTTT-1,0.067845,0.825709,0.00004,0.012141,0.094264
ACTCCCGTAGACTAGG-1,0.042275,0.341512,0.00006,0.039985,0.576169
ACTCCCTAATGCTAAA-1,0.283157,0.614953,0.000705,0.00643,0.094755
ACTCCCTAGAATAGTA-1,0.041809,0.845168,0.092017,0.016364,0.004643
ACTCCGGCCGACCACT-1,0.013101,0.337552,0.132789,0.264829,0.25173
ACTCGATGTATTTCAT-1,0.121952,0.721037,0.154105,0.002866,0.000039
ACTCGCCGTTCGATAA-1,0.018923,0.096875,0.396854,0.131164,0.356184
ACTCGCGATCTGACGC-1,0.012888,0.073828,0.049268,0.231656,0.632361
ACTCGTAACCCGTCCT-1,0.179634,0.788774,0.000076,0.000076,0.03144
ACTCGTCAGTAATCCC-1,0.150868,0.79137,0.016921,0.000084,0.040757
ACTCTAAACCTGGGAT-1,0.037859,0.685567,0.213168,0.030649,0.032757
ACTCTCTGACTTAGGT-1,0.098362,0.798744,0.000054,0.079849,0.022991
ACTCTCTTATACACGA-1,0.148084,0.771869,0.000056,0.038296,0.041695
ACTCTGACCTAATAGA-1,0.134878,0.089574,0.141943,0.000087,0.633519
ACTCTTCAGCTCCCGC-1,0.141925,0.000371,0.047776,0.000093,0.809835
ACTCTTGTATAGTAAC-1,0.102818,0.84665,0.042238,0.008235,0.000059
ACTGAAACGCCGTTAG-1,0.11136,0.639962,0.196746,0.041053,0.010879
ACTGAATGGCGAAAGT-1,0.084752,0.871027,0.000038,0.016488,0.027694
ACTGATTTAGTGATTC-1,0.230097,0.741328,0.000048,0.028447,0.000079
ACTGCCCGCCATTCTC-1,0.054934,0.52215,0.014348,0.192758,0.215811
ACTGCCGTCGTAACTC-1,0.025169,0.956371,0.000044,0.018373,0.000044
ACTGCGGACACACCGT-1,0.090032,0.117279,0.023618,0.043367,0.725704
ACTGCTCGGAAGGATG-1,0.139428,0.724823,0.008829,0.000047,0.126872
ACTGGCGAACCTGCGT-1,0.104168,0.13118,0.310323,0.378001,0.076329
ACTGGGATGCCAGTGC-1,0.820659,0.000337,0.178836,0.000084,0.000084
ACTGTACGATACACAT-1,0.000024,0.902677,0.050339,0.046936,0.000024
ACTGTAGCACTTTGGA-1,0.064851,0.888238,0.000055,0.032926,0.01393
ACTGTATACGCGAGCA-1,0.000021,0.989166,0.000021,0.002428,0.008363
ACTGTCCAGGATTATA-1,0.931311,0.017737,0.05076,0.000096,0.000096
ACTGTCTTCTTTAGAA-1,0.095622,0.834856,0.069166,0.000048,0.000308
ACTGTGCTAGTAGATC-1,0.276328,0.717524,0.000093,0.000093,0.005962
ACTGTTTAGTGTAGGC-1,0.642298,0.357323,0.000126,0.000126,0.000126
ACTTACCGGGCGCGCA-1,0.18223,0.65546,0.000103,0.000103,0.162105
ACTTACGCATCCACGC-1,0.033098,0.753493,0.199708,0.009724,0.003977
ACTTAGTACGACAAGA-1,0.146037,0.355713,0.246568,0.047342,0.20434
ACTTATACTTACCCGG-1,0.081635,0.842764,0.000029,0.054028,0.021544
ACTTATCTGATCTATA-1,0.089077,0.862488,0.000055,0.003937,0.044444
ACTTATTAGGATCGGT-1,0.99919,0.000463,0.000116,0.000116,0.000116
ACTTATTTATGTGCCA-1,0.042383,0.822891,0.078191,0.040143,0.016392
ACTTCAGGCTGATCCC-1,0.235251,0.660675,0.054155,0.004594,0.045326
ACTTCCAGTGGAAGCT-1,0.160435,0.456308,0.00004,0.213429,0.169787
ACTTCCATGCGGGACA-1,0.18093,0.729282,0.000075,0.005598,0.084114
ACTTCCTGTCGTGCGA-1,0.209912,0.130284,0.103004,0.253419,0.303382
ACTTCGCCATACGCAC-1,0.096387,0.834751,0.000054,0.000054,0.068754
ACTTCGCTAGCGAGTG-1,0.345076,0.000326,0.135091,0.000082,0.519425
ACTTGACTCCCTCTTT-1,0.049933,0.752701,0.065144,0.132184,0.000039
ACTTGCCATATTGTAC-1,0.825687,0.14918,0.024967,0.000083,0.000083
ACTTGCTCTATCTACC-1,0.04566,0.221332,0.010422,0.169714,0.552872
ACTTGGGACCCGGTGG-1,0.67939,0.282447,0.013378,0.000193,0.024592
ACTTGGGCTTTCGCCA-1,0.010572,0.238412,0.134013,0.454499,0.162504
ACTTGTAGTCCCTTCA-1,0.034776,0.901467,0.000024,0.055144,0.008589
ACTTGTGGATGGAACG-1,0.173364,0.476169,0.088865,0.010313,0.251289
ACTTGTTACCGGATCA-1,0.8743,0.000366,0.125151,0.000091,0.000091
ACTTTACCCTCATGAA-1,0.041606,0.81609,0.119458,0.014715,0.008131
ACTTTATACACCACTT-1,0.000017,0.004166,0.585815,0.406032,0.00397
ACTTTCCTATAGCTTC-1,0.22484,0.659365,0.076759,0.016202,0.022833
ACTTTGACTGCATCCT-1,0.090426,0.597803,0.270202,0.0403,0.001269
ACTTTGGTCGTGCTCC-1,0.105447,0.550031,0.228265,0.052745,0.063512
ACTTTGTCGACGCACT-1,0.00005,0.125747,0.098033,0.218396,0.557775
AGAAATTATGACTCGC-1,0.08019,0.194354,0.028983,0.495973,0.200499
AGAACACGGCGATGGT-1,0.000401,0.061778,0.018216,0.783342,0.136263
AGAACCCAGCGTGACA-1,0.022329,0.244321,0.072866,0.472008,0.188476
AGAACCCTCAATTGGG-1,0.090911,0.483205,0.048851,0.080584,0.296449
AGAACGTGGTACATTC-1,0.07988,0.889744,0.000039,0.025923,0.004414
AGAACTGTACTTTGTA-1,0.009584,0.110372,0.094075,0.001774,0.784194
AGAAGAGCGCCGTTCC-1,0.000633,0.660889,0.000632,0.019068,0.318778
AGAAGGTACACTTCAC-1,0.072782,0.644931,0.000033,0.046937,0.235316
AGAAGGTTGCCGAATT-1,0.665302,0.334463,0.000078,0.000078,0.000078
AGAAGGTTGTAGGTCG-1,0.000041,0.82981,0.073164,0.085281,0.011704
AGAAGTGATTCGTGAT-1,0.15488,0.808165,0.018675,0.00028,0.018001
AGAATAAATCTTCAGG-1,0.301576,0.611155,0.000034,0.009404,0.07783
AGAATACAGGCTATCC-1,0.04157,0.086987,0.413354,0.157425,0.300664
AGAATGCGGGTTCGGA-1,0.000083,0.836811,0.000031,0.150225,0.01285
