Barcode,Topic 1,Topic 2,Topic 3to5,Topic 6to11
AAACAACGAATAGTTC-1,0.061547,0.046193,0.296457,0.595803
AAACAAGTATCTCCCA-1,0.000058,0.22335,0.000173,0.776419
AAACAATCTACTAGCA-1,0.001633,0.000009,0.102549,0.895808
AAACACCAATAACTGC-1,0.297205,0.001917,0.441566,0.259312
AAACAGAGCGACTCCT-1,0.076769,0.143266,0.026267,0.753698
AAACAGCTTTCAGAAG-1,0.796711,0.034796,0.000083,0.16841
AAACAGGGTCTATATT-1,0.546109,0.251916,0.000055,0.201919
AAACAGTGTTCCTGGG-1,0.055325,0.03976,0.643773,0.261143
AAACATGGTGAGAGGA-1,0.32554,0.383486,0.283493,0.007481
AAACATTTCCCGGATT-1,0.000038,0.191327,0.074257,0.734378
AAACCACTACACAGAT-1,0.000021,0.206332,0.475165,0.318481
AAACCCGAACGAAATC-1,0.243706,0.106628,0.000151,0.649515
AAACCGGAAATGTTAA-1,0.000021,0.332985,0.367141,0.299852
AAACCGGGTAGGTACC-1,0.158361,0.001738,0.049363,0.790538
AAACCGTTCGTCCAGG-1,0.016486,0.001913,0.128962,0.852639
AAACCTAAGCAGCCGG-1,0.000014,0.246768,0.111154,0.642064
AAACCTCATGAAGTTG-1,0.1206,0.001657,0.19568,0.682062
AAACGAAGAACATACC-1,0.049588,0.490531,0.000093,0.459788
AAACGAAGATGGAGTA-1,0.890849,0.005033,0.000101,0.104017
AAACGACAGTCTTGCC-1,0.000011,0.012096,0.7122,0.275693
AAACGAGACGGTTGAT-1,0.000019,0.000075,0.012277,0.987629
AAACGCCCGAGATCGG-1,0.000088,0.527158,0.000264,0.472489
AAACGCTGGGCACGAC-1,0.000012,0.087209,0.623722,0.289057
AAACGGGCGTACGGGT-1,0.000018,0.050546,0.208569,0.740867
AAACGGGTTGGTATCC-1,0.000028,0.074535,0.1042,0.821237
AAACGGTTGCGAACTG-1,0.011801,0.206247,0.430705,0.351248
AAACGTGTTCGCCCTA-1,0.00001,0.001483,0.285515,0.712992
AAACTAACGTGGCGAC-1,0.000059,0.076511,0.060837,0.862593
AAACTCGGTTCGCAAT-1,0.00002,0.028549,0.162509,0.808923
AAACTCGTGATATAAG-1,0.009292,0.48288,0.000101,0.507728
AAACTGCTGGCTCCAA-1,0.022,0.02645,0.023611,0.927939
AAACTTAATTGCACGC-1,0.943313,0.000032,0.000096,0.056558
AAACTTGCAAACGTAT-1,0.345113,0.000014,0.034281,0.620591
AAAGAATGACCTTAGA-1,0.744373,0.000034,0.052872,0.202721
AAAGAATGTGGACTAA-1,0.000043,0.766473,0.000128,0.233357
AAAGACCCAAGTCGCG-1,0.000014,0.002002,0.139071,0.858913
AAAGACTGGGCGCTTT-1,0.16052,0.001254,0.030193,0.808033
AAAGCTTGCCTACATA-1,0.000012,0.005525,0.172601,0.821862
AAAGGCCCTATAATAC-1,0.136489,0.000005,0.782704,0.080802
AAAGGCTACGGACCAT-1,0.000018,0.047345,0.181979,0.770658
AAAGGCTCTCGCGCCG-1,0.000014,0.000014,0.073481,0.926491
AAAGGGATGTAGCAAG-1,0.000015,0.000625,0.024674,0.974685
AAAGGGCAGCTTGAAT-1,0.012314,0.012955,0.030005,0.944726
AAAGGTAAGCTGTACC-1,0.000068,0.342969,0.000205,0.656758
AAAGGTCAACGACATG-1,0.000016,0.010274,0.464454,0.525256
AAAGTAGCATTGCTCA-1,0.123605,0.100989,0.000079,0.775327
AAAGTCACTGATGTAA-1,0.000021,0.091439,0.139411,0.769129
AAAGTCGACCCTCAGT-1,0.488632,0.019847,0.000071,0.49145
AAAGTGCCATCAATTA-1,0.000013,0.054162,0.406569,0.539257
AAAGTGTGATTTATCT-1,0.00001,0.00001,0.013061,0.98692
AAAGTTGACTCCCGTA-1,0.000016,0.000016,0.056969,0.942999
AAATAAGGTAGTGCCC-1,0.003907,0.991813,0.000066,0.004214
AAATACCTATAAGCAT-1,0.030014,0.046623,0.064581,0.858781
AAATAGCTTAGACTTT-1,0.000062,0.343439,0.000185,0.656313
AAATAGGGTGCTATTG-1,0.000016,0.000016,0.070581,0.929386
AAATCACTCCTAAACG-1,0.033237,0.007945,0.516712,0.442106
AAATCCGATACACGCC-1,0.000011,0.04127,0.28154,0.677179
AAATCGCGGAAGGAGT-1,0.961853,0.000032,0.000096,0.038019
AAATCGTGTACCACAA-1,0.008273,0.000012,0.057262,0.934453
AAATCTAGCCCTGCTA-1,0.000053,0.37558,0.009747,0.61462
AAATCTGCCCGCGTCC-1,0.797977,0.000237,0.033249,0.168537
AAATGACTGATCAAAC-1,0.03254,0.110676,0.161818,0.694967
AAATGATTCGATCAGC-1,0.02787,0.605373,0.000207,0.36655
AAATGCTCGTTACGTT-1,0.033857,0.014633,0.010741,0.940769
AAATGGCATGTCTTGT-1,0.00002,0.00002,0.079923,0.920036
AAATGGCCCGTGCCCT-1,0.41751,0.359446,0.000087,0.222956
AAATGGTCAATGTGCC-1,0.02597,0.000649,0.123739,0.849643
AAATGTATCTTATCCC-1,0.117097,0.030585,0.537385,0.314933
AAATTAACGGGTAGCT-1,0.000153,0.002447,0.02475,0.97265
AAATTAATAAGCGCGA-1,0.175401,0.039371,0.16421,0.621018
AAATTACCTATCGATG-1,0.000047,0.396322,0.000141,0.603489
AAATTCCAGGTCCAAA-1,0.030828,0.443138,0.000228,0.525805
AAATTGATAGTCCTTT-1,0.270956,0.036719,0.13364,0.558686
AAATTGCGGCGGTTCT-1,0.006781,0.078871,0.249243,0.665104
AAATTGGTGAGAAGCA-1,0.000009,0.000009,0.299813,0.700169
AAATTTGCGGGTGTGG-1,0.054705,0.007612,0.145571,0.792111
AACAACTGGTAGTTGC-1,0.00001,0.00001,0.206844,0.793136
AACAATACATTGTCGA-1,0.019395,0.088626,0.087748,0.804232
AACAATTACTCTACGC-1,0.059453,0.022685,0.124628,0.793234
AACACACGCTCGCCGC-1,0.000011,0.000011,0.007864,0.992114
AACACGACTGTACTGA-1,0.00006,0.244837,0.000181,0.754922
AACACGAGACGCGGCC-1,0.262017,0.016593,0.000103,0.721287
AACACGCGGCCGCGAA-1,0.019369,0.000014,0.131415,0.849202
AACAGCTGTGTGGCAA-1,0.033582,0.17487,0.044963,0.746585
AACAGGAAATCGAATA-1,0.071228,0.085959,0.049892,0.792922
AACAGGATGGGCCGCG-1,0.000536,0.000006,0.17826,0.821197
AACAGGTAGTATGGAT-1,0.000098,0.208537,0.000294,0.791071
AACATAGCGTGTATCG-1,0.000028,0.224577,0.347089,0.428306
AACATATCAACTGGTG-1,0.115931,0.164703,0.000182,0.719184
AACATCGATACGTCTA-1,0.011738,0.44454,0.019622,0.524101
AACATTGAAGTTGATC-1,0.40933,0.262899,0.251957,0.075814
AACATTGGTCAGCCGT-1,0.000035,0.144096,0.009373,0.846496
AACATTGTGACTCGAG-1,0.000017,0.033927,0.089945,0.876111
AACCAAGACTTCTCTG-1,0.040255,0.000007,0.121923,0.837816
AACCATAGGGTTGAAC-1,0.935223,0.038979,0.02564,0.000158
AACCATGGGATCGCTA-1,0.059098,0.000012,0.055728,0.885161
AACCCAGAGACGGAGA-1,0.017604,0.002936,0.003684,0.975776
AACCCATCCCATGATC-1,0.764411,0.090981,0.023362,0.121246
AACCCGACAACCCGTG-1,0.014319,0.047291,0.610983,0.327407
AACCCGAGCAGAATCG-1,0.00009,0.406061,0.00027,0.593579
AACCCGATAGGGCTTC-1,0.000024,0.315136,0.318839,0.366001
AACCCGCTGTATTCCA-1,0.010842,0.025841,0.868922,0.094396
AACCCTACTGTCAATA-1,0.00001,0.000832,0.043766,0.955392
AACCCTGGTGGAACCA-1,0.092683,0.231054,0.035559,0.640704
AACCGAGCTTGGTCAT-1,0.004337,0.302398,0.042566,0.650699
AACCGCTAAGGGATGC-1,0.000023,0.000023,0.014888,0.985065
AACCGTTGTGTTTGCT-1,0.061285,0.000024,0.000073,0.938618
AACCTCGCTTTAGCCC-1,0.000015,0.056664,0.060398,0.882923
AACCTGTCACGGAATT-1,0.100546,0.353494,0.000089,0.545871
AACCTTTAAATACGGT-1,0.000011,0.000011,0.216174,0.783804
AACCTTTACGACGTCT-1,0.004078,0.734652,0.074227,0.187043
AACGAAAGTCGTCCCA-1,0.644502,0.002355,0.220756,0.132386
AACGACCTCCTAGCCG-1,0.000011,0.090723,0.627826,0.28144
AACGATAATGCCGTAG-1,0.000014,0.000014,0.107956,0.892016
AACGATAGAAGGGCCG-1,0.000012,0.000184,0.027342,0.972461
AACGATATGTCAACTG-1,0.000041,0.038198,0.016216,0.945546
AACGCATGATCTGGGT-1,0.000094,0.525017,0.211409,0.263481
AACGCGAACGGCAACA-1,0.000009,0.00077,0.14926,0.84996
AACGCGACCTTGGGCG-1,0.015918,0.115738,0.433297,0.435048
AACGCGGTCTCCAGCC-1,0.042358,0.008205,0.025544,0.923893
AACGCTGTTGCTGAAA-1,0.000022,0.011697,0.080979,0.907302
AACGGACGTACGTATA-1,0.000021,0.001426,0.036642,0.96191
AACGGCCATCTCCGGT-1,0.032088,0.021176,0.042433,0.904303
AACGTACTGTGGGTAC-1,0.002371,0.000014,0.057373,0.940242
AACGTAGTCTACCCAT-1,0.035646,0.045938,0.029262,0.889154
AACGTCAGACTAGTGG-1,0.021525,0.047017,0.017236,0.914222
AACGTCATCCGGCTTG-1,0.025606,0.037071,0.333552,0.60377
AACGTCGCTGCACTTC-1,0.000017,0.14085,0.542977,0.316156
AACGTGCGAAAGTCTC-1,0.000009,0.000009,0.136762,0.86322
AACGTTATCAGCACCT-1,0.044565,0.010177,0.101762,0.843497
AACGTTCTACCATTGT-1,0.000014,0.08323,0.293227,0.62353
AACTACCCGTTTGTCA-1,0.000116,0.300591,0.000348,0.698945
AACTAGCGTATCGCAC-1,0.010229,0.390767,0.056576,0.542428
AACTAGGCTTGGGTGT-1,0.000015,0.007084,0.172785,0.820116
AACTCAAGTTAATTGC-1,0.0292,0.000855,0.00389,0.966056
AACTCCAGAGCGTGTT-1,0.000016,0.012092,0.042767,0.945125
AACTCCTAATCCCATG-1,0.063285,0.211633,0.03836,0.686722
AACTCGATAAACACGT-1,0.001395,0.035008,0.240729,0.722868
AACTCGATGGCGCAGT-1,0.012195,0.001583,0.035288,0.950934
AACTCTCAATAGAGCG-1,0.000015,0.006679,0.117524,0.875782
AACTCTCAGTGTGCTC-1,0.010129,0.062409,0.083267,0.844196
AACTGAGGTCAGCGTC-1,0.000028,0.174443,0.222175,0.603354
AACTGAGTTATACTGA-1,0.016895,0.097161,0.477847,0.408097
AACTGATATTAGGCCT-1,0.018702,0.007846,0.109822,0.863631
AACTGGGTCCCGACGT-1,0.000023,0.015675,0.030929,0.953374
AACTGGTGTGGGCCTT-1,0.000015,0.014701,0.152263,0.833021
AACTTCTGCGTCTATC-1,0.012371,0.093795,0.043362,0.850471
AACTTGCCCGTATGCA-1,0.008838,0.002466,0.053536,0.93516
AACTTGCGTTCTCGCG-1,0.000016,0.000016,0.113683,0.886286
AACTTTACGGGAGCTT-1,0.393492,0.000013,0.220188,0.386306
AACTTTAGCTGCTGAG-1,0.000026,0.079918,0.1368,0.783256
AACTTTCTCGATCATG-1,0.000012,0.014564,0.330888,0.654536
AAGAAAGTTTGATGGG-1,0.774193,0.028317,0.027006,0.170483
AAGAAATCACCAGATT-1,0.000009,0.000009,0.466624,0.533359
AAGAAGGATCAGTTAG-1,0.010662,0.009857,0.212655,0.766825
AAGACATACGTGGTTT-1,0.000022,0.479181,0.233054,0.287743
AAGACCAAATAACTCA-1,0.772065,0.152012,0.038347,0.037576
AAGACCCAACTGAACA-1,0.000012,0.002161,0.117285,0.880543
AAGACTAACCCGTTGT-1,0.045555,0.000232,0.125555,0.828658
AAGACTGCAAGCTACT-1,0.037698,0.02349,0.019446,0.919366
AAGAGATGAATCGGTA-1,0.060622,0.004459,0.03947,0.895449
AAGAGCTCTTTATCGG-1,0.000022,0.010819,0.047293,0.941866
AAGAGGATGTACGCGA-1,0.032125,0.000009,0.070846,0.897019
AAGAGGCATGGATCGC-1,0.000022,0.000373,0.111347,0.888257
AAGAGGCCCTTTGGAA-1,0.051272,0.233416,0.042267,0.673045
AAGATGGCACCGGACC-1,0.000015,0.000015,0.200645,0.799324
AAGATTGGCGGAACGT-1,0.00004,0.201497,0.000119,0.798344
AAGCACCCTGCGTATC-1,0.000027,0.009028,0.038045,0.952899
AAGCATACTCTCCTGA-1,0.000007,0.000007,0.26171,0.738275
AAGCCACTTGCAGGTA-1,0.134726,0.003545,0.531585,0.330144
AAGCCGAAGCGGTTTA-1,0.006597,0.2612,0.000286,0.731917
AAGCCGCCGTGAAATC-1,0.503754,0.314351,0.079616,0.102278
AAGCCGCTTTACCTTG-1,0.028805,0.046155,0.168775,0.756265
AAGCCGGAGAGCAGGA-1,0.00001,0.00001,0.409409,0.590571
AAGCGCAGGGCTTTGA-1,0.000014,0.044036,0.187505,0.768445
AAGCGGAGTGCGCGCA-1,0.008041,0.27446,0.543734,0.173765
AAGCGGCGTCATGGGT-1,0.037301,0.544366,0.066254,0.352079
AAGCGTCCCTCATCGA-1,0.022962,0.159969,0.136652,0.680416
AAGCTAGATCGAGTAA-1,0.021169,0.034634,0.115838,0.828359
AAGCTATGGATTGACC-1,0.746656,0.000071,0.000214,0.253058
AAGCTCGTGCCAAGTC-1,0.005861,0.004554,0.076999,0.912586
AAGCTCTTTCATGGTG-1,0.000029,0.08812,0.080429,0.831421
AAGGAGAACTTATAAG-1,0.048176,0.227543,0.000214,0.724068
AAGGAGCGGTTGGTGC-1,0.013507,0.019971,0.013287,0.953235
AAGGATCGATCGCTTG-1,0.038159,0.174491,0.000123,0.787227
AAGGATGAGGGACCTC-1,0.000021,0.003033,0.151284,0.845662
AAGGCAGGCTGTCTCC-1,0.000029,0.483836,0.000086,0.51605
AAGGCGCGTAAAGCTT-1,0.02381,0.005762,0.026717,0.94371
AAGGCTGTGCTCATCG-1,0.010787,0.001184,0.017998,0.970031
AAGGGAACGACTGGCT-1,0.593469,0.200767,0.000106,0.205657
AAGGGACAGATTCTGT-1,0.070737,0.416672,0.000071,0.51252
AAGGGACTATGCATTC-1,0.140108,0.031284,0.389732,0.438877
AAGGGTTAGCCATGCG-1,0.00001,0.005477,0.351433,0.64308
AAGGGTTTGATTTCAG-1,0.858363,0.000064,0.000193,0.14138
AAGGTATCCTAATATA-1,0.000017,0.000017,0.097078,0.902888
AAGGTGATAAACCAGC-1,0.002557,0.063688,0.028525,0.90523
AAGTAAGCTTCCAAAC-1,0.000028,0.505423,0.000083,0.494466
AAGTAGAAGACCGGGT-1,0.018111,0.03985,0.125452,0.816587
AAGTAGTGACGCGAGG-1,0.0161,0.000014,0.042375,0.94151
AAGTCAATTGTCGTCA-1,0.073243,0.179202,0.000157,0.747397
AAGTCTAGTAGCTGCC-1,0.000019,0.082745,0.417764,0.499473
AAGTCTTCTGTGGCCT-1,0.527726,0.243013,0.214395,0.014866
AAGTGACGACCGAATT-1,0.105876,0.074528,0.113371,0.706225
AAGTGAGTCGGGTTTA-1,0.02134,0.137771,0.000161,0.840729
AAGTGCAAAGGTAGAC-1,0.053389,0.015567,0.077016,0.854027
AAGTGCCTTGACTGTA-1,0.000053,0.206451,0.000159,0.793337
AAGTGCGTTAGAATCT-1,0.075001,0.002243,0.072061,0.850696
AAGTGCTTCTCTATTG-1,0.16714,0.134667,0.370068,0.328125
AAGTGTTTGGAGACGG-1,0.000023,0.000321,0.025425,0.974232
AAGTTCACTCCAAGCT-1,0.00001,0.000597,0.0037,0.995692
AAGTTCAGTCTGCGTA-1,0.007016,0.520378,0.103903,0.368702
AAGTTCGGCCAACAGG-1,0.013284,0.000009,0.117503,0.869204
AAGTTGTGATGTTATA-1,0.019779,0.638621,0.000279,0.341321
AAGTTTACTAATGGCA-1,0.139097,0.157475,0.000108,0.703319
AAGTTTATGGGCCCAA-1,0.00181,0.017688,0.484013,0.49649
AATAACAACGCTCGGC-1,0.010764,0.000673,0.004573,0.983989
AATAACACTAGAACAA-1,0.057908,0.136591,0.025754,0.779748
AATAACGTCGCGCCCA-1,0.000023,0.092401,0.32148,0.586096
AATAATCTTCGTATCG-1,0.000033,0.322517,0.172383,0.505067
AATACAATGTTTCAGG-1,0.02404,0.010414,0.161591,0.803955
AATACCGGAGGGCTGT-1,0.000004,0.021802,0.041705,0.936489
AATACCTGATGTGAAC-1,0.000106,0.413976,0.117653,0.468265
AATAGAACAGAGTGGC-1,0.000013,0.000013,0.020917,0.979057
AATAGAATCTGTTTCA-1,0.000018,0.038325,0.075264,0.886393
AATAGCAAGCCTCCTG-1,0.00004,0.031412,0.295221,0.673327
AATAGCTACCGCGTGC-1,0.283355,0.039715,0.000192,0.676738
AATAGGCACGACCCTT-1,0.034246,0.01813,0.46903,0.478594
AATAGTCCGTCCCGAC-1,0.000019,0.012115,0.003765,0.984102
AATAGTCGCGAGTCGG-1,0.046417,0.034569,0.201811,0.717204
AATATCAAGGTCGGAT-1,0.026987,0.05089,0.000143,0.921979
AATATCCTAGCAAACT-1,0.72047,0.011091,0.222633,0.045807
AATATCGAATCAATGC-1,0.000073,0.464362,0.024391,0.511175
AATATCGAGGGTTCTC-1,0.082195,0.217568,0.00016,0.700077
AATATTGGAGTATTGA-1,0.098149,0.13032,0.024397,0.747134
AATCAGACTGCAGGAC-1,0.000008,0.000008,0.256142,0.743842
AATCAGGTTTCATTTA-1,0.024458,0.006476,0.749713,0.219353
AATCATGTAAAGACTC-1,0.075102,0.202973,0.000104,0.721821
AATCCAAGGGCCTGAG-1,0.000013,0.005097,0.080436,0.914455
AATCCATGCAAGGGTG-1,0.000012,0.044859,0.119565,0.835564
AATCCCGCTCAGAGCC-1,0.000011,0.003241,0.667975,0.328773
AATCGAGGTCTCAAGG-1,0.000017,0.026019,0.43348,0.540484
AATCGCCTCAGCGCCA-1,0.000018,0.077249,0.057566,0.865167
AATCGCGCAGAGGACT-1,0.000098,0.187856,0.000295,0.81175
AATCGGGACACTACGA-1,0.00004,0.000377,0.053052,0.94653
AATCGGTATAGCCCTC-1,0.000036,0.41154,0.233985,0.354439
AATCGTGAGCCGAGCA-1,0.005149,0.048673,0.218766,0.727411
AATCTAGGTTTACTTG-1,0.705231,0.028082,0.095325,0.171363
AATCTATGCCGGAGCC-1,0.019431,0.146212,0.009896,0.824461
AATCTCTACTGTGGTT-1,0.590568,0.000039,0.000117,0.409277
AATCTGCGTTGGGACG-1,0.000023,0.010599,0.070995,0.918382
AATCTGGCTTTCTAGT-1,0.777979,0.155183,0.000083,0.066755
AATGACAGCAATGTCT-1,0.078119,0.006921,0.064617,0.850343
AATGACGTAGGATGTC-1,0.000013,0.000013,0.056495,0.943479
AATGACTGTCAGCCGG-1,0.00001,0.00001,0.062326,0.937653
AATGAGTTCGCATATG-1,0.009558,0.011078,0.144727,0.834637
AATGATGATACGCTAT-1,0.010258,0.376616,0.00021,0.612916
AATGATGCGACTCCTG-1,0.066105,0.17545,0.010395,0.74805
AATGCAACCGGGTACC-1,0.005585,0.113209,0.017254,0.863952
AATGCACCAAGCAATG-1,0.054701,0.214482,0.055163,0.675654
AATGGCCGCCAATGCG-1,0.00001,0.00001,0.765866,0.234114
AATGGTCCACCGTTCA-1,0.017664,0.000007,0.160246,0.822083
AATGGTTCTCACAAGC-1,0.016851,0.000007,0.120529,0.862614
AATGTATGGCACTGTA-1,0.623983,0.000026,0.359263,0.016728
AATGTGCCCGAGGTGT-1,0.205987,0.103497,0.138978,0.551539
AATGTGCTAATCTGAG-1,0.105756,0.084463,0.24491,0.564872
AATGTTAAGACCCTGA-1,0.000018,0.053409,0.623095,0.323477
AATGTTGTCGTGAGAC-1,0.045221,0.484401,0.000162,0.470216
AATTAAAGGTCGGCGT-1,0.025558,0.000011,0.03236,0.94207
AATTAACGGATTTCCA-1,0.000021,0.005521,0.11073,0.883728
AATTACGAGACCCATC-1,0.43709,0.000025,0.493277,0.069608
AATTACTCGTACGCTC-1,0.000009,0.000009,0.33018,0.669802
AATTAGCGCTGCAGCG-1,0.026179,0.000024,0.002138,0.971658
AATTATACCCAGCAAG-1,0.000018,0.079812,0.388484,0.531685
AATTCATAAGGGATCT-1,0.000068,0.335402,0.000204,0.664326
AATTCATTGTCATGCA-1,0.970739,0.000033,0.001068,0.02816
AATTCCAACTTGGTGA-1,0.000022,0.010051,0.169619,0.820308
AATTCCAAGCATGTAC-1,0.000639,0.043993,0.533984,0.421384
AATTCGATTCGAGGAT-1,0.000014,0.082255,0.22099,0.696741
AATTCTAGAGTTAGGC-1,0.000021,0.000021,0.001309,0.998649
AATTGAACGCTCTGGT-1,0.000017,0.019373,0.079276,0.901335
AATTGCAGCAATCGAC-1,0.047876,0.256114,0.288161,0.407849
AATTGCGTGGATTACA-1,0.825723,0.082368,0.072126,0.019782
AATTGTGGTTGCCAAA-1,0.000018,0.245063,0.552427,0.202492
AATTTGGTTCCAAAGA-1,0.00003,0.101144,0.034508,0.864318
ACAAACCATGCGTCCT-1,0.819429,0.128393,0.052068,0.00011
ACAAACTCCATCAGAG-1,0.000007,0.000024,0.72105,0.278919
ACAAAGAAGGTAGGCC-1,0.633353,0.02246,0.313975,0.030212
ACAAAGCATGACCTAG-1,0.015262,0.298111,0.023962,0.662664
ACAAATCGCACCGAAT-1,0.000024,0.019288,0.042265,0.938423
ACAAATGGTAGTGTTT-1,0.000022,0.045433,0.030141,0.924404
ACAAATTCAGATCTGA-1,0.000177,0.516426,0.000531,0.482867
ACAACAGCATGAGCTA-1,0.000022,0.001615,0.092579,0.905784
ACAACGGTCCCTGCGA-1,0.04469,0.069879,0.000053,0.885379
ACAAGCAGTGCCTAGC-1,0.003622,0.000006,0.082698,0.913674
ACAAGCTATATGGAAG-1,0.748257,0.078648,0.004995,0.168099
ACAAGGAAATCCGCCC-1,0.006683,0.024258,0.159885,0.809174
ACAAGGACAAGAGGTT-1,0.024867,0.047923,0.022743,0.904466
ACAAGGATGCTTTAGG-1,0.000016,0.020249,0.035229,0.944506
ACAAGGCCTACCAGCC-1,0.129544,0.5108,0.000245,0.35941
ACAAGGGCAGGCTCTG-1,0.000013,0.00162,0.066142,0.932225
ACAAGTAATTGTAAGG-1,0.690618,0.260354,0.024092,0.024936
ACAATAGTCGTACGTT-1,0.499243,0.002488,0.000065,0.498205
ACAATCCATTTAAACC-1,0.013075,0.007028,0.086552,0.893344
ACAATGAATACGGAGA-1,0.111032,0.008046,0.000075,0.880848
ACAATGATTCTTCTAC-1,0.000017,0.012443,0.495358,0.492182
ACAATTGTGTCTCTTT-1,0.000022,0.166306,0.04145,0.792222
ACAATTTAGGAGGCTC-1,0.086061,0.001208,0.146801,0.76593
ACAATTTGAGCAGTGG-1,0.000034,0.05592,0.009734,0.934312
ACAATTTGGCCATATT-1,0.000037,0.47654,0.218998,0.304425
ACACAAAGACGGGTGG-1,0.000011,0.009949,0.087522,0.902518
ACACAAATATTCCTAG-1,0.006689,0.161458,0.370802,0.46105
ACACACCAGGACCAGT-1,0.000034,0.596194,0.023817,0.379955
ACACACTTTCTACACG-1,0.00218,0.095879,0.001924,0.900017
ACACATGATCAAATCT-1,0.919453,0.000021,0.047628,0.032898
ACACATTGACGCAACA-1,0.013127,0.09033,0.390546,0.505998
ACACATTTCCGTAGAC-1,0.023705,0.096463,0.647183,0.232649
ACACCACATAATTAGC-1,0.007676,0.642019,0.000098,0.350206
ACACCCAGCATGCAGC-1,0.000012,0.004669,0.163896,0.831423
ACACCCGAGAAATCCG-1,0.064502,0.057296,0.028961,0.849241
ACACCCGTAAATCTGT-1,0.029987,0.086812,0.531134,0.352066
ACACCGAGCGCTCTTT-1,0.034364,0.121495,0.094539,0.749602
ACACCGGTCTGACCGC-1,0.883676,0.075354,0.020485,0.020485
ACACCTTAAGTAGGGC-1,0.002357,0.038646,0.076539,0.882458
ACACCTTACTACTTGC-1,0.032822,0.359626,0.057974,0.549578
ACACGAGACTCCTTCT-1,0.000022,0.002348,0.192365,0.805266
ACACGGGAACTTAGGG-1,0.000034,0.004534,0.054757,0.940676
ACACGTAGGCCACAAG-1,0.000095,0.237145,0.000284,0.762476
ACACTCCAATGTCACT-1,0.049593,0.05047,0.101999,0.797938
ACACTGATCAAGGTGT-1,0.000012,0.000012,0.011575,0.9884
ACACTGGGACAGTCGT-1,0.068869,0.293176,0.096719,0.541236
ACAGAACTGAGAACAA-1,0.266921,0.000017,0.038113,0.69495
ACAGATTAGGTTAGTG-1,0.007483,0.296047,0.000125,0.696345
ACAGCATAGAGCCAGT-1,0.000022,0.017639,0.099599,0.88274
ACAGCGACATTCTCAT-1,0.033668,0.766147,0.000146,0.200038
ACAGGAGGCGCAGCCG-1,0.004118,0.236268,0.226748,0.532866
ACAGGCACGGATCCTT-1,0.001077,0.834954,0.160296,0.003674
ACAGGCTTGCCCGACT-1,0.000021,0.108495,0.034402,0.857083
ACAGGTGGAGGTGAGG-1,0.000025,0.002728,0.008471,0.988776
ACAGGTGTGTTGTTGC-1,0.570437,0.004274,0.206284,0.219005
ACAGTAATACAACTTG-1,0.545837,0.094066,0.000045,0.360052
ACAGTATACCGTGGGA-1,0.000045,0.110168,0.003699,0.886088
ACAGTGCAGCGCATTT-1,0.000013,0.02738,0.604302,0.368304
ACATAAGTCGTGGTGA-1,0.467428,0.00002,0.491787,0.040765
ACATAATAAGGCGGTG-1,0.051283,0.062977,0.017186,0.868554
ACATACAATCAAGCGG-1,0.000054,0.588374,0.000163,0.411409
ACATCAGCTGGGACGC-1,0.12357,0.015362,0.053482,0.807586
ACATCCCGGCCATACG-1,0.00241,0.004898,0.053377,0.939315
ACATCCTGGTAACTGT-1,0.000045,0.299203,0.000136,0.700615
ACATCGATCGTTTACC-1,0.084884,0.092969,0.023571,0.798577
ACATCGCAATATTCGG-1,0.126151,0.02534,0.238566,0.609942
ACATCGGTCAGCCGCG-1,0.094104,0.043006,0.005861,0.857029
ACATCGTATGCAATGG-1,0.000022,0.000223,0.002909,0.996846
ACATCGTTAACCTAGT-1,0.101276,0.068342,0.028597,0.801785
ACATGCTTACGGCAGC-1,0.875896,0.00066,0.000088,0.123357
ACATGGCGCCAAAGTA-1,0.020927,0.265689,0.000165,0.713219
ACATGGCTCAATTTAG-1,0.000005,0.000005,0.321658,0.678331
ACATTAGTTTATATCC-1,0.029348,0.001825,0.037793,0.931034
ACATTCGCGCGGAATA-1,0.126579,0.003827,0.773083,0.096512
ACATTTGAAACCTAAC-1,0.06843,0.197851,0.161672,0.572046
ACCAAACACCCAGCGA-1,0.020037,0.23814,0.036313,0.70551
ACCAACACCACACACT-1,0.066331,0.369323,0.000182,0.564165
ACCAACCGCACTCCAC-1,0.000036,0.504678,0.058831,0.436455
ACCAACGCTTATTTAT-1,0.005515,0.133727,0.026342,0.834415
ACCAAGAACGCGTGTC-1,0.008247,0.187138,0.002372,0.802243
ACCAAGTCATCGGCAG-1,0.000038,0.948287,0.000114,0.05156
ACCAATATGCAAGTTA-1,0.000031,0.000031,0.071641,0.928296
ACCACAAGTTTCTATC-1,0.027179,0.001602,0.053086,0.918133
ACCACACGGTTGATGG-1,0.000018,0.000018,0.584986,0.414978
ACCACCAATGTAACAA-1,0.009056,0.196981,0.000215,0.793747
ACCACCCTCTCTTCTA-1,0.000014,0.064281,0.368626,0.567079
ACCACGTGCAGCTATA-1,0.000013,0.143129,0.082558,0.774301
ACCACTGTTCAAGAAG-1,0.002386,0.015064,0.575596,0.406953
ACCAGACCATAACAAC-1,0.547691,0.050502,0.057184,0.344623
ACCAGGAGTGTGATCT-1,0.110322,0.096755,0.000191,0.792731
ACCAGTGCCCGGTCAA-1,0.043329,0.200339,0.000384,0.755948
ACCAGTGCGGGAGACG-1,0.000012,0.000012,0.0653,0.934675
ACCATATCCGCAATAA-1,0.004799,0.000012,0.004202,0.990987
ACCATCCGCCAACTAG-1,0.685187,0.000019,0.016563,0.298231
ACCATCGTATATGGTA-1,0.059089,0.002138,0.000305,0.938468
ACCATTAAGGGTGTCA-1,0.026313,0.116682,0.265882,0.591123
ACCCAACGCCCGTGGC-1,0.000016,0.043381,0.039634,0.916968
ACCCACCTACATGCTC-1,0.014599,0.000692,0.189361,0.795348
ACCCATCTTGAGGGTA-1,0.007626,0.000019,0.004882,0.987473
ACCCATTTGTCCCTCT-1,0.00007,0.283219,0.058261,0.65845
ACCCGAGCGAAATTAC-1,0.286688,0.140342,0.005841,0.56713
ACCCGATTGGTTCCGA-1,0.036365,0.018448,0.529499,0.415688
ACCCGGAAACTCCCAG-1,0.000019,0.157044,0.038101,0.804837
ACCCGGAGCACCACAA-1,0.000382,0.379974,0.339333,0.280311
ACCCGGATGACGCATC-1,0.013356,0.068157,0.000132,0.918355
ACCCGGTTACACTTCC-1,0.029448,0.000723,0.017176,0.952653
ACCCGTAGCAGAGAAT-1,0.579367,0.013468,0.254186,0.15298
ACCCGTAGTCTAGTTG-1,0.000008,0.00019,0.525098,0.474703
ACCCGTGTCATCAGTA-1,0.010417,0.001791,0.212739,0.775053
ACCCTATAGGACTGAG-1,0.019539,0.017854,0.092229,0.870378
ACCCTATGCCATATCG-1,0.031424,0.064851,0.020028,0.883697
ACCCTCCCGTCAGGGC-1,0.054505,0.489994,0.036847,0.418654
ACCCTCCCTTGCTATT-1,0.000026,0.012641,0.129505,0.857828
ACCCTGGTAACGCCCT-1,0.000038,0.238809,0.040433,0.720719
ACCCTTCATCTGCGAA-1,0.000017,0.003192,0.161934,0.834857
ACCCTTGCCTGGGTCG-1,0.000009,0.004621,0.739487,0.255882
ACCGAAAGGGCCCTGC-1,0.000027,0.029261,0.118431,0.85228
ACCGAAGAGTCTGGTT-1,0.715994,0.032134,0.228813,0.023059
ACCGACACATCTCCCA-1,0.006307,0.130057,0.082411,0.781225
ACCGACTGAGTCCCAC-1,0.03259,0.040474,0.009283,0.917653
ACCGAGTCTCCTTATT-1,0.004703,0.40505,0.456099,0.134149
ACCGATAGGCATAACC-1,0.0033,0.637474,0.000134,0.359092
ACCGATATTTAATCAT-1,0.000063,0.328547,0.052221,0.619168
ACCGATGGTAGCATCG-1,0.000014,0.000014,0.078198,0.921774
ACCGCAATAACTGCCT-1,0.000017,0.058303,0.005518,0.936162
ACCGCGGTGGAAGTCG-1,0.019035,0.605131,0.00017,0.375665
ACCGCTAGTCATTGGT-1,0.099445,0.043965,0.441913,0.414677
ACCGGGCCTTTGTTGA-1,0.000037,0.02123,0.027633,0.9511
ACCGGTCAGGTACACC-1,0.759424,0.163291,0.077158,0.000127
ACCGGTCTGAGTACGG-1,0.021612,0.412795,0.000387,0.565206
ACCGTCCACTGGGCCC-1,0.81581,0.000035,0.000104,0.184052
ACCGTGACCACGTGGG-1,0.011104,0.006387,0.319979,0.66253
ACCGTTCCCGCTCTGA-1,0.117004,0.077521,0.017834,0.787641
ACCTAAGTACCTTTCA-1,0.281949,0.075264,0.000071,0.642717
ACCTAATCGACTTCCT-1,0.024781,0.000013,0.015682,0.959523
ACCTACAGTATGTGGT-1,0.021801,0.342232,0.000233,0.635734
ACCTACTATAAATCTA-1,0.01952,0.105804,0.387248,0.487427
ACCTCAGCGAGGCGCA-1,0.010642,0.277381,0.014125,0.697852
ACCTCCGCCCTCGCTG-1,0.009111,0.606806,0.368881,0.015202
ACCTCCGTTATTCACC-1,0.070141,0.276009,0.065299,0.588551
ACCTCGAACTTATGCT-1,0.92877,0.000019,0.071096,0.000114
ACCTGCGTGTCATGTT-1,0.437646,0.014062,0.000092,0.5482
ACGAAATGGGCGGCAC-1,0.028565,0.002178,0.120233,0.849024
ACGACCCATGAGTTGC-1,0.000009,0.049008,0.558204,0.392779
ACGACTCTAGGGCCGA-1,0.010123,0.422521,0.195615,0.371741
ACGACTGGTCATACTC-1,0.039271,0.046941,0.546126,0.367662
ACGAGAACCCATCACG-1,0.000007,0.007865,0.400954,0.591174
ACGAGGATACCACTCT-1,0.54435,0.087921,0.212998,0.154731
ACGAGGTTTACAACGT-1,0.608738,0.038311,0.169708,0.183243
ACGAGTACGGATGCCC-1,0.056834,0.330936,0.000479,0.611751
ACGAGTCGCCGGCGTT-1,0.000008,0.018355,0.635492,0.346145
ACGATACATAGAACTA-1,0.000014,0.010765,0.087901,0.90132
ACGATACCTATCCTGA-1,0.211492,0.014159,0.276662,0.497687
ACGATCATACATAGAG-1,0.0394,0.023628,0.01218,0.924792
ACGATCATCTTGTAAA-1,0.000044,0.321973,0.000131,0.677852
ACGATGCATATGTTAT-1,0.033222,0.000007,0.089212,0.877559
ACGATGGATCCGATGC-1,0.000077,0.316552,0.00023,0.683141
ACGCAAACTAATAGAT-1,0.189053,0.033546,0.135405,0.641996
ACGCAATCACTACAGC-1,0.000103,0.311994,0.150449,0.537454
ACGCATAAATGACATG-1,0.006587,0.088593,0.388026,0.516795
ACGCATACGTTTACTA-1,0.00008,0.233286,0.000241,0.766394
ACGCATTCGTGAGTAC-1,0.006959,0.00001,0.115385,0.877646
ACGCCACTCGAAACAG-1,0.000005,0.000005,0.640813,0.359177
ACGCCAGATGATTTCT-1,0.000026,0.050448,0.066006,0.883521
ACGCCAGTGCGTTTGC-1,0.009828,0.481291,0.34553,0.163351
ACGCCGCTAGACGACC-1,0.031983,0.026522,0.033389,0.908106
ACGCCTGACACGCGCT-1,0.000713,0.007564,0.464755,0.526968
ACGCGAAGTCAGACGA-1,0.082207,0.012883,0.09756,0.80735
ACGCGCTACACAGGGT-1,0.025765,0.020987,0.027644,0.925604
ACGCGGGCCAAGGACA-1,0.009196,0.070502,0.043509,0.876793
ACGCGTTTCTTAAGAG-1,0.063605,0.017966,0.356204,0.562224
ACGCTACTGAATGGGC-1,0.000023,0.107249,0.473658,0.419069
ACGCTAGTATCAGTGC-1,0.075287,0.000367,0.593365,0.330981
ACGCTAGTGATACACT-1,0.016166,0.234403,0.00033,0.749102
ACGCTGTGAGGCGTAG-1,0.388582,0.000031,0.050283,0.561105
ACGGAACACGAGTGCC-1,0.023607,0.558413,0.00025,0.41773
ACGGAATTTAGCAAAT-1,0.051837,0.000007,0.084621,0.863535
ACGGACGCAGCGACAA-1,0.790567,0.140957,0.015671,0.052805
ACGGACTCTCAAAGCG-1,0.000016,0.057033,0.095128,0.847823
ACGGAGCGCAAATTAC-1,0.052314,0.130652,0.000267,0.816767
ACGGATGGTGCGGATA-1,0.000033,0.032139,0.004808,0.963019
ACGGCACTTGCTTGGG-1,0.000013,0.000013,0.02701,0.972964
ACGGCCAACATGGACT-1,0.000011,0.040662,0.064585,0.894742
ACGGCGACGATGGGAA-1,0.000017,0.122004,0.049725,0.828253
ACGGCGGGTTGCCCTG-1,0.000028,0.051548,0.063286,0.885138
ACGGCTGGATGTAGAA-1,0.897654,0.037863,0.011374,0.053109
ACGGGAGTGTCGGCCC-1,0.110642,0.028082,0.010262,0.851015
ACGGGCGTATGCGACA-1,0.00003,0.240569,0.000089,0.759313
ACGGGTCATGTGACTT-1,0.017459,0.054197,0.241489,0.686855
ACGGGTTGTGACCTGT-1,0.858604,0.000327,0.000981,0.140088
ACGGTACAGTTCAATG-1,0.000041,0.514441,0.175125,0.310393
ACGGTCACCGAGAACA-1,0.999768,0.000023,0.00007,0.000139
ACGTACAGATTTCTCT-1,0.002562,0.168006,0.159223,0.670209
ACGTACTTTGGCACGG-1,0.019243,0.00106,0.617701,0.361995
ACGTAGATTGCTGATG-1,0.060241,0.007951,0.005081,0.926727
ACGTAGGAGAGTCGCT-1,0.000008,0.008699,0.830382,0.16091
ACGTATTACTCCGATC-1,0.00002,0.005915,0.063824,0.930241
ACGTCGGGCAACTCGG-1,0.90074,0.076123,0.008132,0.015005
ACGTCTCGTTCCGGGA-1,0.597746,0.048006,0.162588,0.19166
ACGTGACAAAGTAAGT-1,0.808834,0.00915,0.098324,0.083691
ACGTGCGCCTCGTGCA-1,0.054499,0.043581,0.011275,0.890646
ACGTTAATGTCGAAGA-1,0.021984,0.037597,0.010735,0.929684
ACGTTAGATTTGCCCG-1,0.029689,0.084736,0.02989,0.855685
ACGTTATTGGTCACTC-1,0.040451,0.00292,0.146347,0.810282
ACGTTCACTATGCCGC-1,0.0531,0.022617,0.581509,0.342773
ACGTTCCGCGCTCCGT-1,0.000022,0.011719,0.098513,0.889746
ACGTTCGCAATCAATT-1,0.011275,0.172906,0.005434,0.810385
ACGTTCGTTCAGGAAA-1,0.022293,0.000136,0.0766,0.900972
ACGTTCTGTACAAGTC-1,0.000044,0.437597,0.120583,0.441775
ACGTTGTCGTTGAAAG-1,0.071531,0.008816,0.06205,0.857604
ACGTTTAGTTGTGATC-1,0.000031,0.000031,0.041962,0.957975
ACGTTTCGGTGCACTT-1,0.015252,0.244341,0.327955,0.412452
ACTAAGGACGCACACC-1,0.000598,0.01994,0.702336,0.277125
ACTAATACGTCAGGCG-1,0.048566,0.421976,0.111635,0.417822
ACTACAAAGAGAGGTG-1,0.082551,0.215018,0.438929,0.263502
ACTACATCCCGACAAG-1,0.804701,0.067424,0.077108,0.050768
ACTACCAGCTCTCTGG-1,0.052156,0.00001,0.02705,0.920785
ACTACCATCCGAGGGC-1,0.197154,0.002444,0.624343,0.176059
ACTACGCGTTAGAATT-1,0.00002,0.087442,0.050281,0.862256
ACTAGTTGCGATCGTC-1,0.057967,0.197545,0.000266,0.744221
ACTATATGCTGTGTTC-1,0.04132,0.288841,0.000381,0.669458
ACTATCCAGGGCATGG-1,0.000107,0.239866,0.000322,0.759705
ACTATCGCCGGCTAAA-1,0.015313,0.000005,0.517704,0.466977
ACTATCTGCCCGCGTA-1,0.000037,0.450958,0.198604,0.350401
ACTATGTCCAGCTGCC-1,0.725345,0.091471,0.06741,0.115775
ACTATTCGTCCGTGGT-1,0.00007,0.151105,0.000209,0.848616
ACTATTTCCGGGCCCA-1,0.000027,0.000027,0.083357,0.916589
ACTCAACGAATGTATT-1,0.007023,0.117877,0.220236,0.654865
ACTCAAGTGCAAGGCT-1,0.000023,0.186852,0.016185,0.79694
ACTCAATAAAGGCACG-1,0.026922,0.00001,0.233737,0.739332
ACTCAGACCTGCTTCT-1,0.000036,0.080974,0.045889,0.873101
ACTCATGGCAGCCTTC-1,0.626672,0.002276,0.237854,0.133198
ACTCCAATATCATCAT-1,0.183562,0.177088,0.13061,0.508741
ACTCCCATTCCTAAAG-1,0.240964,0.000016,0.234506,0.524515
ACTCCCGAATTCGTTT-1,0.000129,0.295955,0.000387,0.703528
ACTCCCGTAGACTAGG-1,0.000856,0.000007,0.374304,0.624834
ACTCCCTAATGCTAAA-1,0.012356,0.00002,0.041818,0.945806
ACTCCCTAGAATAGTA-1,0.023221,0.01989,0.143639,0.813249
ACTCCGGCCGACCACT-1,0.007737,0.078734,0.4157,0.497829
ACTCGATGTATTTCAT-1,0.075617,0.000008,0.164661,0.759714
ACTCGCCGTTCGATAA-1,0.011691,0.486356,0.091387,0.410566
ACTCGCGATCTGACGC-1,0.020582,0.003172,0.50145,0.474796
ACTCGTAACCCGTCCT-1,0.20014,0.002711,0.152944,0.644204
ACTCGTCAGTAATCCC-1,0.000017,0.002864,0.100855,0.896264
ACTCTAAACCTGGGAT-1,0.232179,0.032958,0.502761,0.232102
ACTCTCTGACTTAGGT-1,0.000023,0.034221,0.109494,0.856261
ACTCTGACCTAATAGA-1,0.01179,0.736436,0.00207,0.249704
ACTCTTCAGCTCCCGC-1,0.000009,0.107055,0.497347,0.395588
ACTCTTGTATAGTAAC-1,0.026308,0.02358,0.024119,0.925993
ACTGAAACGCCGTTAG-1,0.011292,0.020745,0.052603,0.91536
ACTGAATGGCGAAAGT-1,0.00002,0.03395,0.015189,0.950841
ACTGCCCGCCATTCTC-1,0.067607,0.077706,0.495137,0.35955
ACTGCCGTCGTAACTC-1,0.000055,0.103662,0.000166,0.896117
ACTGCGGACACACCGT-1,0.000034,0.323939,0.013936,0.662091
ACTGCTCGGAAGGATG-1,0.612418,0.027212,0.272086,0.088284
ACTGGCGAACCTGCGT-1,0.000821,0.006185,0.770996,0.221998
ACTGGGATGCCAGTGC-1,0.033509,0.032192,0.63543,0.298869
ACTGTACGATACACAT-1,0.000014,0.000014,0.00224,0.997731
ACTGTAGCACTTTGGA-1,0.00002,0.003308,0.001465,0.995206
ACTGTATACGCGAGCA-1,0.009503,0.000014,0.055052,0.935431
ACTGTCCAGGATTATA-1,0.000011,0.000217,0.0672,0.932573
ACTGTCTTCTTTAGAA-1,0.037004,0.022033,0.033373,0.90759
ACTGTGCTAGTAGATC-1,0.011975,0.000015,0.043398,0.944612
ACTGTTTAGTGTAGGC-1,0.154909,0.049504,0.000268,0.79532
ACTTACCGGGCGCGCA-1,0.042749,0.212259,0.038502,0.70649
ACTTACGCATCCACGC-1,0.000015,0.000454,0.073819,0.925712
ACTTAGTACGACAAGA-1,0.000015,0.000114,0.03132,0.968551
ACTTATACTTACCCGG-1,0.000018,0.000018,0.073818,0.926145
ACTTATCTGATCTATA-1,0.000028,0.03862,0.285228,0.676123
ACTTATTAGGATCGGT-1,0.000027,0.131227,0.00008,0.868666
ACTTATTTATGTGCCA-1,0.000031,0.064309,0.028754,0.906906
ACTTCAGGCTGATCCC-1,0.000014,0.069072,0.070043,0.860871
ACTTCCAGTGGAAGCT-1,0.85543,0.026821,0.117524,0.000224
ACTTCCATGCGGGACA-1,0.000026,0.108397,0.013867,0.87771
ACTTCCTGTCGTGCGA-1,0.000011,0.000011,0.600584,0.399393
ACTTCGCCATACGCAC-1,0.000045,0.094023,0.033754,0.872177
ACTTCGCTAGCGAGTG-1,0.000021,0.320359,0.279346,0.400274
ACTTGACTCCCTCTTT-1,0.00582,0.014833,0.140042,0.839306
ACTTGCCATATTGTAC-1,0.000076,0.453231,0.000228,0.546465
ACTTGCTCTATCTACC-1,0.867469,0.00004,0.000119,0.132373
ACTTGGGACCCGGTGG-1,0.000017,0.000017,0.045068,0.954898
ACTTGGGCTTTCGCCA-1,0.013698,0.005304,0.233965,0.747033
ACTTGTAGTCCCTTCA-1,0.859343,0.032312,0.000085,0.108261
ACTTGTGGATGGAACG-1,0.000098,0.329605,0.050674,0.619623
ACTTGTTACCGGATCA-1,0.000012,0.000234,0.894566,0.105188
ACTTTACCCTCATGAA-1,0.01593,0.194573,0.037964,0.751533
ACTTTATACACCACTT-1,0.89585,0.000039,0.055191,0.048921
ACTTTCCTATAGCTTC-1,0.00458,0.046577,0.018242,0.930601
ACTTTGACTGCATCCT-1,0.221806,0.051926,0.270345,0.455923
ACTTTGGTCGTGCTCC-1,0.866365,0.000027,0.133448,0.000161
ACTTTGTCGACGCACT-1,0.000067,0.446143,0.000202,0.553589
AGAAATTATGACTCGC-1,0.011989,0.358825,0.129752,0.499435
AGAACACGGCGATGGT-1,0.937373,0.03585,0.00006,0.026717
AGAACCCAGCGTGACA-1,0.000015,0.168064,0.303202,0.528719
AGAACCCTCAATTGGG-1,0.525488,0.088051,0.330863,0.055597
AGAACGTGGTACATTC-1,0.000011,0.000011,0.042332,0.957646
AGAACTGTACTTTGTA-1,0.000088,0.299746,0.109329,0.590837
AGAAGAGCGCCGTTCC-1,0.048255,0.000157,0.000471,0.951117
AGAAGGTACACTTCAC-1,0.651341,0.093481,0.000082,0.255096
AGAAGGTTGCCGAATT-1,0.036863,0.004824,0.097992,0.860322
AGAAGGTTGTAGGTCG-1,0.00002,0.116839,0.11185,0.771291
AGAAGTGATTCGTGAT-1,0.075786,0.050764,0.000089,0.873361
AGAATAAATCTTCAGG-1,0.279176,0.010545,0.163882,0.546397
AGAATACAGGCTATCC-1,0.000073,0.243364,0.162519,0.594044
AGAATGCGGGTTCGGA-1,0.000065,0.416973,0.000196,0.582765
AGAATTATGGATTCGA-1,0.000051,0.245591,0.000152,0.754206
AGAATTGTTTGACATA-1,0.092055,0.005117,0.089442,0.813386
AGACAGCTCAGAATCC-1,0.001844,0.00003,0.175165,0.822961
AGACAGGCATCTCAGC-1,0.000038,0.243472,0.29318,0.463309
AGACATAGATCCTTCC-1,0.000895,0.085184,0.249679,0.664242
AGACCAAACCACACCT-1,0.977432,0.010384,0.000066,0.012119
AGACCATGGGATACAA-1,0.038818,0.000821,0.095949,0.864413
AGACCCACCGCTGATC-1,0.000015,0.000015,0.098639,0.901331
AGACCCGCCCTCCTCG-1,0.007422,0.017304,0.268164,0.707109
AGACCGCTCCGCGGTT-1,0.025885,0.268822,0.136514,0.56878
AGACCGGGAAACCCTG-1,0.341269,0.001256,0.000102,0.657373
AGACGAAGTGCCGGTC-1,0.000017,0.01434,0.051951,0.933692
AGACGACGATGCCGCT-1,0.02611,0.045895,0.147693,0.780303
AGACGCCCACTTCGCC-1,0.392759,0.51335,0.013547,0.080344
AGACGGGCCGATTTAA-1,0.014316,0.929418,0.000216,0.05605
AGACTAGCCTTCCAGA-1,0.000006,0.000006,0.120349,0.87964
AGACTGTTACCGGGTC-1,0.024186,0.012354,0.18727,0.77619
AGAGAAACACCAGAAA-1,0.004161,0.015231,0.281368,0.699239
AGAGAACCGTCTAGGA-1,0.000017,0.009657,0.089528,0.900798
AGAGAAGGAGTACAAT-1,0.034,0.194901,0.155697,0.615402
AGAGATCTCTAAAGCG-1,0.188416,0.000014,0.219724,0.591846
AGAGCAGTTATGAGAC-1,0.045244,0.00001,0.146515,0.808231
AGAGCCGCCGAGATTT-1,0.000105,0.651145,0.009223,0.339527
AGAGCGCTTGTAACGG-1,0.000008,0.012215,0.665783,0.321993
AGAGCGGGCTAATCAT-1,0.040286,0.013476,0.024181,0.922057
AGAGCGTACAAGCTCG-1,0.006002,0.000227,0.102761,0.89101
AGAGCTACGAAAGCAT-1,0.004209,0.009979,0.121415,0.864397
AGAGGCTTCGGAAACC-1,0.002455,0.156761,0.000168,0.840616
AGAGGGACAATTGTCC-1,0.000016,0.066426,0.48441,0.449148
AGAGGTATCTCGGTCC-1,0.052653,0.124958,0.000227,0.822162
AGAGTAAACTTCACTA-1,0.00009,0.180154,0.00027,0.819485
AGAGTATAGTGTTACG-1,0.000016,0.006546,0.113085,0.880353
AGAGTCTTAATGAAAG-1,0.00004,0.034069,0.044748,0.921143
AGAGTGAACAGACACC-1,0.000025,0.242009,0.298566,0.4594
AGAGTTAGAGACCGAT-1,0.057803,0.188744,0.056963,0.69649
AGAGTTGCAGGCCTCC-1,0.052561,0.191291,0.47794,0.278207
AGATAACTTCAGGGCC-1,0.004828,0.000015,0.007015,0.988143
AGATAATCACACCTAT-1,0.851531,0.028579,0.007043,0.112846
AGATACCAATAGAACC-1,0.018248,0.917167,0.064423,0.000163
AGATACCAGCACTTCA-1,0.000012,0.000012,0.191783,0.808193
AGATACCGGTGTTCAC-1,0.009192,0.080879,0.000047,0.909883
AGATACGACTTCATAT-1,0.032343,0.044932,0.018026,0.904698
AGATACTCAAGATCGA-1,0.000018,0.190368,0.009946,0.799668
AGATATAATACGACTA-1,0.000017,0.014492,0.119045,0.866446
AGATCGTGCATAAGAT-1,0.036461,0.527395,0.04005,0.396094
AGATCTCAGGTGTGAT-1,0.001847,0.188265,0.029002,0.780887
AGATCTGGAGAGGATA-1,0.839593,0.022931,0.000081,0.137394
AGATGACTCGCCCACG-1,0.028383,0.000016,0.066717,0.904884
AGATGAGGGTTGCGAT-1,0.032515,0.35282,0.02077,0.593895
AGATGATGGAGTCTGG-1,0.010813,0.219355,0.000377,0.769455
AGATGCAAGACGTGCA-1,0.297301,0.382653,0.092204,0.227842
AGATGCATCCTGTGTC-1,0.662884,0.079425,0.149668,0.108023
AGATGCTATAACGAGC-1,0.036578,0.000006,0.292684,0.670733
AGATTATAGGACGTTT-1,0.016311,0.048617,0.048561,0.886512
AGATTCAAGCGGGTCG-1,0.000025,0.094738,0.428306,0.47693
AGATTCACAACCGATA-1,0.821498,0.000285,0.000083,0.178134
AGCAAAGGCCGCTAGT-1,0.000014,0.025105,0.073039,0.901842
AGCAACATATCTTATT-1,0.000011,0.000011,0.020658,0.97932
AGCAACCGAAAGTAAT-1,0.381633,0.208692,0.120735,0.288941
AGCACACGTTTAGACT-1,0.175986,0.097161,0.684706,0.042147
AGCACCAGTACTCACG-1,0.064706,0.026059,0.025961,0.883275
AGCACTACCGGCCTGT-1,0.197839,0.00003,0.065192,0.736939
AGCACTACCTCACCAG-1,0.000026,0.000026,0.040568,0.95938
AGCACTTAAGGACGCC-1,0.029306,0.054004,0.043759,0.872932
AGCAGAAGGAGAAAGA-1,0.000008,0.025367,0.232281,0.742344
AGCAGCCAGATGAATA-1,0.000013,0.003583,0.049061,0.947344
AGCAGTCGAAGCATGC-1,0.000029,0.113048,0.361994,0.524929
AGCATATCAATATGCT-1,0.001778,0.007535,0.033632,0.957055
AGCATCATTTCGAAAG-1,0.313383,0.007944,0.20164,0.477032
AGCATCGTCGATAATT-1,0.000023,0.003114,0.036461,0.960402
AGCATTACGAGGCAAG-1,0.01516,0.711939,0.00604,0.26686
AGCCAAGCTTTGTGTC-1,0.002316,0.332302,0.204361,0.461021
AGCCACAGGTTACCCG-1,0.000009,0.032089,0.090195,0.877706
AGCCACTCCCGTGCTT-1,0.000032,0.000032,0.050026,0.949909
AGCCATATAGTATGTG-1,0.000427,0.085631,0.679224,0.234718
AGCCCATACATGTAAG-1,0.100714,0.018315,0.011365,0.869606
AGCCCGCAACAAGCAG-1,0.032637,0.194423,0.200585,0.572355
AGCCCGCACTACAATG-1,0.00003,0.081148,0.431767,0.487055
AGCCCGGCATTAGAGG-1,0.226466,0.040845,0.518537,0.214152
AGCCCGGTAGCCTGTA-1,0.033259,0.060153,0.182598,0.723991
AGCCCTAAGCGAAGTT-1,0.000011,0.000011,0.031654,0.968323
AGCCCTCCCTGGTGGC-1,0.086265,0.033769,0.592967,0.286999
AGCCCTGTCGCACCGT-1,0.000047,0.409745,0.000142,0.590066
AGCCCTTCTAATCCGA-1,0.042705,0.278905,0.019944,0.658446
AGCCCTTGGACATCCC-1,0.023507,0.674049,0.000156,0.302287
AGCCGCAAATTCAAAT-1,0.448492,0.0139,0.284783,0.252825
AGCCGCTTGATTAGCG-1,0.005416,0.000006,0.608195,0.386383
AGCCGTGGCTAAATGT-1,0.372714,0.001782,0.068351,0.557154
AGCCTAATACCCACGT-1,0.59663,0.000039,0.021247,0.382084
AGCCTTAAAGCGGAAG-1,0.018078,0.00224,0.05905,0.920632
AGCCTTGTCACTGATA-1,0.839261,0.000508,0.157184,0.003048
AGCGACAGGAACGGTC-1,0.019769,0.003223,0.000107,0.976901
AGCGACATCCCATTCA-1,0.005634,0.020073,0.1352,0.839094
AGCGACCAACGATATT-1,0.006371,0.002538,0.000065,0.991026
AGCGACTTTGAAGACA-1,0.113738,0.119608,0.144312,0.622342
AGCGAGACGTGAAGGC-1,0.204489,0.041955,0.669851,0.083706
AGCGATGCGCCTAATA-1,0.065053,0.92514,0.000139,0.009668
AGCGCATAATGAATCG-1,0.00001,0.000486,0.15725,0.842253
AGCGCGGGTGCCAATG-1,0.000063,0.389676,0.00019,0.61007
AGCGCTAGAGCGATGT-1,0.000052,0.2872,0.000157,0.712591
AGCGCTTATGGGCAAG-1,0.048608,0.177304,0.016852,0.757236
AGCGGACACTTCGTAG-1,0.000024,0.110937,0.01193,0.877108
AGCGGCGGTTAGCGGT-1,0.681543,0.08918,0.029653,0.199625
AGCGGGAAGGGTCCAT-1,0.003879,0.00001,0.181487,0.814624
AGCGGGTCTGACACTC-1,0.000011,0.233427,0.34034,0.426223
AGCGGTTGCCGCTCTG-1,0.000037,0.105926,0.089403,0.804634
AGCGTACGAGAGCTAG-1,0.000013,0.006194,0.106837,0.886957
AGCGTAGCGCTAGACC-1,0.000014,0.000014,0.194675,0.805296
AGCGTCTGAACCCGCA-1,0.000031,0.232788,0.000092,0.767089
AGCGTGGTATTCTACT-1,0.040741,0.016895,0.036338,0.906027
AGCTAACAAGCAATGT-1,0.040172,0.055944,0.331183,0.572701
AGCTAAGCTCCGTCCG-1,0.013517,0.015135,0.506161,0.465187
AGCTAAGTACGCAGGC-1,0.000008,0.098538,0.095485,0.805969
AGCTACGAATGGTGGT-1,0.000079,0.098873,0.07546,0.825588
AGCTAGAAGCAGAAGT-1,0.03512,0.297155,0.030688,0.637037
AGCTATTTAATCCAAC-1,0.000035,0.000035,0.086746,0.913184
AGCTCCATATATGTTC-1,0.000106,0.526241,0.159542,0.314111
AGCTCCTTCGCACATC-1,0.000015,0.007103,0.07394,0.918941
AGCTCGTTGATGGAAA-1,0.000014,0.018272,0.327276,0.654438
AGCTCTAGACGTTCCA-1,0.00003,0.003761,0.085412,0.910797
AGCTCTTCCCAGTGCA-1,0.050415,0.248287,0.000253,0.701045
AGCTCTTCGTAACCTT-1,0.03593,0.618823,0.000212,0.345035
AGCTCTTTACTCAGTT-1,0.007166,0.000023,0.169704,0.823107
AGCTGAAGTAAACCAA-1,0.000029,0.016903,0.085834,0.897234
AGCTGCATTTGAGGTG-1,0.129706,0.493891,0.000212,0.376191
AGCTGCTGTGCCGAAT-1,0.000022,0.045997,0.481783,0.472198
AGCTGTAACCTCAATC-1,0.155514,0.040171,0.160058,0.644257
AGCTTATAGAGACCTG-1,0.000087,0.323158,0.059558,0.617197
AGCTTCTTCTCGAGCA-1,0.019198,0.454029,0.087299,0.439474
