Barcode,Topic 1,Topic 2to10,Topic 11,Topic 12
AAACAACGAATAGTTC-1,0.00002,0.985916,0.00002,0.014045
AAACAAGTATCTCCCA-1,0.065017,0.855505,0.0047,0.074778
AAACAATCTACTAGCA-1,0.023169,0.898294,0.000015,0.078523
AAACACCAATAACTGC-1,0.065705,0.82019,0.041053,0.073052
AAACAGAGCGACTCCT-1,0.006815,0.993149,0.000018,0.000018
AAACAGCTTTCAGAAG-1,0.0001,0.99547,0.00143,0.003
AAACAGGGTCTATATT-1,0.005674,0.93549,0.041941,0.016896
AAACAGTGTTCCTGGG-1,0.03525,0.052196,0.572615,0.339939
AAACATGGTGAGAGGA-1,0.14989,0.721439,0.049049,0.079623
AAACATTTCCCGGATT-1,0.096205,0.559638,0.165032,0.179126
AAACCACTACACAGAT-1,0.000015,0.999955,0.000015,0.000015
AAACCCGAACGAAATC-1,0.011502,0.932615,0.050913,0.00497
AAACCGGAAATGTTAA-1,0.013709,0.937425,0.003645,0.045221
AAACCGGGTAGGTACC-1,0.000606,0.937479,0.057649,0.004266
AAACCGTTCGTCCAGG-1,0.013899,0.852651,0.016008,0.117441
AAACCTAAGCAGCCGG-1,0.000022,0.289094,0.431769,0.279115
AAACCTCATGAAGTTG-1,0.000025,0.989941,0.000025,0.01001
AAACGAAGAACATACC-1,0.019866,0.980065,0.000034,0.000034
AAACGAAGATGGAGTA-1,0.010759,0.875556,0.088583,0.025102
AAACGACAGTCTTGCC-1,0.019721,0.980243,0.000018,0.000018
AAACGAGACGGTTGAT-1,0.000026,0.999922,0.000026,0.000026
AAACGCCCGAGATCGG-1,0.000028,0.966951,0.000028,0.032992
AAACGCTGGGCACGAC-1,0.068514,0.431808,0.175935,0.323743
AAACGGGCGTACGGGT-1,0.019732,0.283471,0.0469,0.649897
AAACGGGTTGGTATCC-1,0.000046,0.994834,0.000046,0.005074
AAACGGTTGCGAACTG-1,0.004166,0.211568,0.036966,0.747301
AAACGTGTTCGCCCTA-1,0.000042,0.999873,0.000042,0.000042
AAACTAACGTGGCGAC-1,0.000031,0.997387,0.002552,0.000031
AAACTCGGTTCGCAAT-1,0.119299,0.066017,0.23469,0.579994
AAACTCGTGATATAAG-1,0.003682,0.986659,0.009625,0.000034
AAACTGCTGGCTCCAA-1,0.011994,0.861863,0.000013,0.126129
AAACTTAATTGCACGC-1,0.047883,0.810756,0.045631,0.09573
AAACTTGCAAACGTAT-1,0.000793,0.760353,0.238841,0.000013
AAAGAATGACCTTAGA-1,0.344691,0.362225,0.003863,0.289221
AAAGAATGTGGACTAA-1,0.000032,0.103424,0.53977,0.356774
AAAGACATGAAGTTTA-1,0.000043,0.999872,0.000043,0.000043
AAAGACCCAAGTCGCG-1,0.000035,0.994318,0.000035,0.005613
AAAGACTGGGCGCTTT-1,0.265842,0.625435,0.108683,0.00004
AAAGCTTGCCTACATA-1,0.010253,0.989702,0.000023,0.000023
AAAGGCCCTATAATAC-1,0.009858,0.18557,0.667411,0.137161
AAAGGCTACGGACCAT-1,0.231946,0.399284,0.134464,0.234306
AAAGGCTCTCGCGCCG-1,0.061853,0.892488,0.000477,0.045182
AAAGGGATGTAGCAAG-1,0.000104,0.811532,0.18826,0.000104
AAAGGGCAGCTTGAAT-1,0.000026,0.839615,0.160333,0.000026
AAAGGTAAGCTGTACC-1,0.022127,0.977819,0.000027,0.000027
AAAGGTCAACGACATG-1,0.000018,0.999947,0.000018,0.000018
AAAGTAGCATTGCTCA-1,0.001993,0.825177,0.170643,0.002187
AAAGTCACTGATGTAA-1,0.000031,0.999908,0.000031,0.000031
AAAGTCGACCCTCAGT-1,0.013171,0.955076,0.031735,0.000018
AAAGTGCCATCAATTA-1,0.000018,0.517558,0.259911,0.222512
AAAGTGTGATTTATCT-1,0.068332,0.901271,0.022714,0.007683
AAAGTTGACTCCCGTA-1,0.000026,0.899042,0.000026,0.100906
AAATAACCATACGGGA-1,0.000038,0.999887,0.000038,0.000038
AAATAAGGTAGTGCCC-1,0.000023,0.99993,0.000023,0.000023
AAATACCTATAAGCAT-1,0.001886,0.948661,0.035238,0.014214
AAATAGCTTAGACTTT-1,0.001381,0.99019,0.000016,0.008413
AAATAGGGTGCTATTG-1,0.035245,0.952787,0.001342,0.010626
AAATCACTCCTAAACG-1,0.103091,0.896254,0.000642,0.000013
AAATCCGATACACGCC-1,0.597914,0.335458,0.014787,0.051841
AAATCGCGGAAGGAGT-1,0.063683,0.88952,0.003626,0.043171
AAATCGTGTACCACAA-1,0.001937,0.973207,0.012758,0.012098
AAATCTAGCCCTGCTA-1,0.204369,0.531266,0.242072,0.022293
AAATCTGCCCGCGTCC-1,0.000027,0.08628,0.000027,0.913667
AAATGACTGATCAAAC-1,0.401928,0.00015,0.000017,0.597906
AAATGATTCGATCAGC-1,0.000191,0.781432,0.218186,0.000191
AAATGCTCGTTACGTT-1,0.000054,0.990617,0.009276,0.000054
AAATGGCATGTCTTGT-1,0.002121,0.928026,0.06982,0.000034
AAATGGCCCGTGCCCT-1,0.000013,0.968081,0.005571,0.026335
AAATGGTCAATGTGCC-1,0.121989,0.872015,0.005969,0.000027
AAATGTATCTTATCCC-1,0.176756,0.772029,0.051204,0.000011
AAATGTGGGTGCTCCT-1,0.00002,0.99994,0.00002,0.00002
AAATTAACGGGTAGCT-1,0.000024,0.994517,0.005434,0.000024
AAATTAATAAGCGCGA-1,0.073934,0.637538,0.282767,0.005761
AAATTACACGACTCTG-1,0.081775,0.918187,0.000019,0.000019
AAATTACCTATCGATG-1,0.049951,0.950022,0.000013,0.000013
AAATTCCAGGTCCAAA-1,0.000014,0.999957,0.000014,0.000014
AAATTGATAGTCCTTT-1,0.036533,0.862537,0.012457,0.088473
AAATTGCGGCGGTTCT-1,0.000026,0.999922,0.000026,0.000026
AAATTGGTGAGAAGCA-1,0.000076,0.685509,0.314339,0.000076
AAATTTACCGAAATCC-1,0.081318,0.91863,0.000026,0.000026
AAATTTGCGGGTGTGG-1,0.003651,0.849189,0.002365,0.144795
AACAACTGGTAGTTGC-1,0.000095,0.976381,0.000095,0.023429
AACAATACATTGTCGA-1,0.456707,0.543284,0.000004,0.000004
AACAATTACTCTACGC-1,0.000104,0.921376,0.022061,0.056459
AACACACGCTCGCCGC-1,0.100654,0.845452,0.039811,0.014084
AACACGACTGTACTGA-1,0.000055,0.999835,0.000055,0.000055
AACACGAGACGCGGCC-1,0.021771,0.914801,0.063414,0.000014
AACACGCGGCCGCGAA-1,0.000043,0.966781,0.000043,0.033134
AACAGCTGTGTGGCAA-1,0.208174,0.771563,0.001222,0.019041
AACAGGAAATCGAATA-1,0.000024,0.999929,0.000024,0.000024
AACAGGATGGGCCGCG-1,0.000063,0.864834,0.135039,0.000063
AACAGGTAGTATGGAT-1,0.00002,0.256183,0.743777,0.00002
AACATAGCGTGTATCG-1,0.000047,0.104734,0.069417,0.825802
AACATATCAACTGGTG-1,0.001125,0.998823,0.000026,0.000026
AACATCGATACGTCTA-1,0.000108,0.816603,0.18318,0.000108
AACATTGAAGTTGATC-1,0.064567,0.280927,0.190831,0.463675
AACATTGGTCAGCCGT-1,0.00003,0.910755,0.000081,0.089134
AACATTGTGACTCGAG-1,0.006563,0.589003,0.24651,0.157924
AACCAAGACTTCTCTG-1,0.120636,0.749754,0.049054,0.080556
AACCAGTATCACTCTT-1,0.000068,0.932224,0.067641,0.000068
AACCATAGGGTTGAAC-1,0.043858,0.642042,0.148391,0.165709
AACCATGGGATCGCTA-1,0.00004,0.973226,0.026694,0.00004
AACCCAGAGACGGAGA-1,0.000045,0.999866,0.000045,0.000045
AACCCATCCCATGATC-1,0.000983,0.975948,0.002733,0.020336
AACCCGACAACCCGTG-1,0.002273,0.186009,0.017482,0.794235
AACCCGAGCAGAATCG-1,0.342983,0.565991,0.006332,0.084694
AACCCGATAGGGCTTC-1,0.011806,0.942991,0.045184,0.000019
AACCCGCTGTATTCCA-1,0.000034,0.000306,0.239762,0.759898
AACCCTACTGTCAATA-1,0.044147,0.936073,0.000023,0.019757
AACCCTGGTGGAACCA-1,0.000034,0.999614,0.000318,0.000034
AACCGAGCTTGGTCAT-1,0.000124,0.726198,0.273554,0.000124
AACCGCTAAGGGATGC-1,0.000025,0.974046,0.000039,0.025891
AACCGTTGTGTTTGCT-1,0.014869,0.98501,0.00006,0.00006
AACCTAAAGCCGTCCG-1,0.000028,0.986096,0.013848,0.000028
AACCTCGCTTTAGCCC-1,0.000029,0.692638,0.125127,0.182206
AACCTGTCACGGAATT-1,0.000016,0.831412,0.056065,0.112506
AACCTTTAAATACGGT-1,0.125271,0.708442,0.004262,0.162024
AACCTTTACGACGTCT-1,0.012262,0.966569,0.02114,0.000029
AACGAAAGTCGTCCCA-1,0.01976,0.920848,0.020941,0.038451
AACGACCTCCTAGCCG-1,0.075868,0.304118,0.057708,0.562306
AACGATAATGCCGTAG-1,0.06684,0.89703,0.024725,0.011406
AACGATAGAAGGGCCG-1,0.000053,0.99984,0.000053,0.000053
AACGATATGTCAACTG-1,0.000091,0.674687,0.325132,0.000091
AACGCATGATCTGGGT-1,0.000166,0.908174,0.091495,0.000166
AACGCGAACGGCAACA-1,0.033712,0.940643,0.000028,0.025617
AACGCGACCTTGGGCG-1,0.132012,0.25355,0.033979,0.580459
AACGCGGTCTCCAGCC-1,0.000117,0.810096,0.141364,0.048423
AACGCTGTTGCTGAAA-1,0.03756,0.90403,0.053273,0.005136
AACGGACGTACGTATA-1,0.065188,0.926987,0.001963,0.005862
AACGGCCATCTCCGGT-1,0.013224,0.986764,0.000006,0.000006
AACGTACTGTGGGTAC-1,0.071831,0.851676,0.004892,0.0716
AACGTAGTCTACCCAT-1,0.001055,0.998901,0.000022,0.000022
AACGTCAGACTAGTGG-1,0.000075,0.782229,0.217621,0.000075
AACGTCATCCGGCTTG-1,0.00003,0.000272,0.00003,0.999667
AACGTCGCTGCACTTC-1,0.005076,0.056554,0.069863,0.868507
AACGTGATGAAGGACA-1,0.011429,0.988502,0.000035,0.000035
AACGTGCGAAAGTCTC-1,0.004014,0.985126,0.000025,0.010835
AACGTTATCAGCACCT-1,0.000031,0.93231,0.067628,0.000031
AACGTTCTACCATTGT-1,0.000051,0.230886,0.008171,0.760893
AACTACCCGTTTGTCA-1,0.000026,0.925751,0.005638,0.068586
AACTAGCGTATCGCAC-1,0.002022,0.997949,0.000015,0.000015
AACTAGGCTTGGGTGT-1,0.020497,0.955237,0.000011,0.024255
AACTCAAGTTAATTGC-1,0.000034,0.969744,0.02416,0.006061
AACTCCAGAGCGTGTT-1,0.038266,0.687172,0.042417,0.232144
AACTCCTAATCCCATG-1,0.000053,0.914992,0.084902,0.000053
AACTCGATAAACACGT-1,0.000122,0.994478,0.000016,0.005384
AACTCGATGGCGCAGT-1,0.000056,0.978355,0.000056,0.021533
AACTCTCAATAGAGCG-1,0.000021,0.999937,0.000021,0.000021
AACTCTCAGTGTGCTC-1,0.074105,0.742658,0.03361,0.149627
AACTGAGGTCAGCGTC-1,0.000018,0.999947,0.000018,0.000018
AACTGAGTTATACTGA-1,0.009192,0.955531,0.035268,0.00001
AACTGATATTAGGCCT-1,0.000047,0.959309,0.040597,0.000047
AACTGGGTCCCGACGT-1,0.000059,0.95203,0.047851,0.000059
AACTGGGTTCGAGCCG-1,0.000052,0.985682,0.014215,0.000052
AACTGGTGTGGGCCTT-1,0.010668,0.989273,0.000029,0.000029
AACTTCTGCGTCTATC-1,0.00006,0.904543,0.095338,0.00006
AACTTGCCCGTATGCA-1,0.004535,0.711466,0.283905,0.000094
AACTTGCGTTCTCGCG-1,0.000046,0.999861,0.000046,0.000046
AACTTTACGGGAGCTT-1,0.000078,0.536672,0.463172,0.000078
AACTTTAGCTGCTGAG-1,0.00004,0.999881,0.00004,0.00004
AACTTTCTCGATCATG-1,0.000066,0.805179,0.194689,0.000066
AAGAAAGTTTGATGGG-1,0.000039,0.057294,0.302319,0.640348
AAGAAATCACCAGATT-1,0.000041,0.945063,0.054856,0.000041
AAGAAGGATCAGTTAG-1,0.000059,0.974786,0.025096,0.000059
AAGACATACGTGGTTT-1,0.383691,0.17738,0.139955,0.298975
AAGACCAAATAACTCA-1,0.081514,0.905602,0.002815,0.010069
AAGACCCAACTGAACA-1,0.042497,0.723991,0.228073,0.005439
AAGACTAACCCGTTGT-1,0.000037,0.99989,0.000037,0.000037
AAGACTCACGCCCACT-1,0.015268,0.984705,0.000013,0.000013
AAGACTGCAAGCTACT-1,0.000052,0.999845,0.000052,0.000052
AAGAGATGAATCGGTA-1,0.000072,0.620943,0.378913,0.000072
AAGAGCTCTTTATCGG-1,0.011633,0.985028,0.000024,0.003316
AAGAGGATGTACGCGA-1,0.023345,0.976634,0.000011,0.000011
AAGAGGCATGGATCGC-1,0.000027,0.986461,0.000027,0.013484
AAGAGGCCCTTTGGAA-1,0.006336,0.867181,0.049593,0.07689
AAGATGGCACCGGACC-1,0.010204,0.709795,0.255114,0.024888
AAGATTGGCGGAACGT-1,0.057785,0.909673,0.032497,0.000045
AAGCACCCTGCGTATC-1,0.038729,0.649732,0.264939,0.0466
AAGCATACTCTCCTGA-1,0.007947,0.859367,0.030399,0.102287
AAGCCACTTGCAGGTA-1,0.000027,0.000242,0.000027,0.999705
AAGCCGAAGCGGTTTA-1,0.082633,0.917349,0.000009,0.000009
AAGCCGCCGTGAAATC-1,0.047233,0.406035,0.042424,0.504309
AAGCCGCTTTACCTTG-1,0.00011,0.832307,0.167474,0.00011
AAGCCGGAGAGCAGGA-1,0.007377,0.891896,0.028566,0.072161
AAGCGCAGGGCTTTGA-1,0.333357,0.062922,0.01433,0.589391
AAGCGGAGTGCGCGCA-1,0.03427,0.881326,0.084371,0.000033
AAGCGGCGTCATGGGT-1,0.006369,0.9593,0.03431,0.000021
AAGCGTCCCTCATCGA-1,0.185247,0.803992,0.000005,0.010756
AAGCTAGATCGAGTAA-1,0.003306,0.954903,0.000017,0.041774
AAGCTATGGATTGACC-1,0.00006,0.000543,0.00006,0.999337
AAGCTCGTGCCAAGTC-1,0.000036,0.999893,0.000036,0.000036
AAGCTCTTTCATGGTG-1,0.007879,0.938575,0.016955,0.036592
AAGGAGAACTTATAAG-1,0.000032,0.989839,0.000032,0.010097
AAGGAGCGGTTGGTGC-1,0.000131,0.799808,0.193978,0.006083
AAGGATCGATCGCTTG-1,0.06283,0.926386,0.000018,0.010766
AAGGATGAGGGACCTC-1,0.000035,0.999894,0.000035,0.000035
AAGGCAGGCTGTCTCC-1,0.044649,0.927176,0.019852,0.008324
AAGGCGCGTAAAGCTT-1,0.000072,0.912953,0.079451,0.007524
AAGGCTGTGCTCATCG-1,0.000093,0.732518,0.267297,0.000093
AAGGGAACGACTGGCT-1,0.040841,0.557839,0.029143,0.372176
AAGGGACAGATTCTGT-1,0.032767,0.957776,0.009441,0.000017
AAGGGACTATGCATTC-1,0.105618,0.728955,0.163733,0.001695
AAGGGTTAGCCATGCG-1,0.000034,0.11547,0.033737,0.850759
AAGGGTTTGATTTCAG-1,0.080099,0.783441,0.043079,0.093381
AAGGTATCCTAATATA-1,0.000109,0.999674,0.000109,0.000109
AAGGTGATAAACCAGC-1,0.034992,0.908184,0.003029,0.053795
AAGTAAGCTTCCAAAC-1,0.010892,0.967429,0.002725,0.018954
AAGTAGAAGACCGGGT-1,0.000038,0.917057,0.082867,0.000038
AAGTAGTGACGCGAGG-1,0.084656,0.886346,0.028979,0.000019
AAGTCAATTGTCGTCA-1,0.018166,0.892476,0.040613,0.048744
AAGTCTAGTAGCTGCC-1,0.000058,0.713855,0.28603,0.000058
AAGTCTTCTGTGGCCT-1,0.001233,0.869985,0.12876,0.000023
AAGTGACGACCGAATT-1,0.00214,0.940208,0.057624,0.000029
AAGTGAGTCGGGTTTA-1,0.058077,0.823316,0.034745,0.083862
AAGTGCAAAGGTAGAC-1,0.000041,0.710668,0.28925,0.000041
AAGTGCCTTGACTGTA-1,0.006968,0.785259,0.001733,0.206041
AAGTGCGTTAGAATCT-1,0.003085,0.411727,0.585179,0.000009
AAGTGCTTCTCTATTG-1,0.000025,0.1881,0.038505,0.77337
AAGTGTTTGGAGACGG-1,0.000029,0.953544,0.000029,0.046397
AAGTTCACTCCAAGCT-1,0.437433,0.520542,0.038425,0.0036
AAGTTCAGTCTGCGTA-1,0.000122,0.338188,0.661568,0.000122
AAGTTCGGCCAACAGG-1,0.000011,0.969426,0.030552,0.000011
AAGTTGTGATGTTATA-1,0.015285,0.350427,0.065362,0.568926
AAGTTTACTAATGGCA-1,0.000043,0.999871,0.000043,0.000043
AAGTTTATGGGCCCAA-1,0.031209,0.126521,0.091539,0.750731
AATAACAACGCTCGGC-1,0.05645,0.813218,0.13032,0.000012
AATAACACTAGAACAA-1,0.11718,0.800765,0.045989,0.036066
AATAACGTCGCGCCCA-1,0.194757,0.160161,0.138821,0.506262
AATAAGTCCTCGAGAC-1,0.000043,0.988862,0.011051,0.000043
AATAATCTTCGTATCG-1,0.164667,0.835313,0.00001,0.00001
AATACAATGTTTCAGG-1,0.03474,0.955256,0.00998,0.000023
AATACCGGAGGGCTGT-1,0.039516,0.367069,0.124581,0.468834
AATACCTGATGTGAAC-1,0.022391,0.36011,0.039204,0.578294
AATAGAACAGAGTGGC-1,0.183152,0.785567,0.008517,0.022763
AATAGAATCTGTTTCA-1,0.014221,0.949155,0.006296,0.030327
AATAGCAAGCCTCCTG-1,0.000043,0.999872,0.000043,0.000043
AATAGCTACCGCGTGC-1,0.000218,0.92082,0.078744,0.000218
AATAGGCACGACCCTT-1,0.000036,0.000321,0.154455,0.845188
AATAGTCCGTCCCGAC-1,0.006643,0.677088,0.290367,0.025901
AATAGTCGCGAGTCGG-1,0.071765,0.890937,0.037281,0.000017
AATATCAAGGTCGGAT-1,0.000056,0.979038,0.000056,0.02085
AATATCCTAGCAAACT-1,0.006008,0.971431,0.013214,0.009348
AATATCGAATCAATGC-1,0.018517,0.955617,0.019888,0.005977
AATATCGAGGGTTCTC-1,0.000053,0.99984,0.000053,0.000053
AATATTGGAGTATTGA-1,0.048985,0.94835,0.000021,0.002643
AATCAGACTGCAGGAC-1,0.000045,0.8221,0.139817,0.038038
AATCAGGTTTCATTTA-1,0.02496,0.091433,0.000993,0.882614
AATCATGTAAAGACTC-1,0.404023,0.507023,0.002622,0.086333
AATCCAAGGGCCTGAG-1,0.000038,0.909549,0.090375,0.000038
AATCCATGCAAGGGTG-1,0.00005,0.9425,0.033238,0.024212
AATCCCGCTCAGAGCC-1,0.000039,0.00035,0.000039,0.999572
AATCGAGGTCTCAAGG-1,0.00004,0.000358,0.113215,0.886387
AATCGCCTCAGCGCCA-1,0.000031,0.960447,0.000031,0.039492
AATCGCGCAGAGGACT-1,0.00564,0.994345,0.000007,0.000007
AATCGGGACACTACGA-1,0.000023,0.955979,0.043974,0.000023
AATCGGTATAGCCCTC-1,0.000043,0.162518,0.01255,0.824889
AATCGTGAGCCGAGCA-1,0.000031,0.209084,0.455825,0.33506
AATCTAGGTTTACTTG-1,0.066787,0.933192,0.000011,0.000011
AATCTATGCCGGAGCC-1,0.000028,0.962769,0.037175,0.000028
AATCTCTACTGTGGTT-1,0.050501,0.934776,0.014711,0.000012
AATCTGCGTTGGGACG-1,0.000054,0.999838,0.000054,0.000054
AATCTGGCTTTCTAGT-1,0.015771,0.960344,0.000156,0.023729
AATCTGGGTAGACCCT-1,0.013093,0.965934,0.020949,0.000024
AATGACAGCAATGTCT-1,0.033901,0.953145,0.002161,0.010793
AATGACGTAGGATGTC-1,0.072734,0.92102,0.006062,0.000184
AATGACTGTCAGCCGG-1,0.000055,0.667404,0.332487,0.000055
AATGAGTTCGCATATG-1,0.000037,0.99989,0.000037,0.000037
AATGATGATACGCTAT-1,0.000083,0.684038,0.234696,0.081184
AATGATGCGACTCCTG-1,0.005927,0.968437,0.025596,0.000039
AATGCAACCGGGTACC-1,0.000115,0.772847,0.200069,0.026968
AATGCACCAAGCAATG-1,0.000092,0.58424,0.415575,0.000092
AATGGCCGCCAATGCG-1,0.00305,0.98052,0.016409,0.000021
AATGGTCCACCGTTCA-1,0.000099,0.735251,0.264552,0.000099
AATGGTTCTCACAAGC-1,0.014683,0.985274,0.000022,0.000022
AATGTATGGCACTGTA-1,0.060232,0.595658,0.258145,0.085964
AATGTGCCCGAGGTGT-1,0.184455,0.756206,0.040329,0.01901
AATGTGCTAATCTGAG-1,0.005256,0.485444,0.217872,0.291427
AATGTTAAGACCCTGA-1,0.00002,0.000183,0.00002,0.999777
AATGTTGTCGTGAGAC-1,0.78587,0.214118,0.000006,0.000006
AATTAAAGGTCGGCGT-1,0.000034,0.980945,0.000034,0.018986
AATTAACGGATTTCCA-1,0.365723,0.472992,0.005418,0.155867
AATTACGAGACCCATC-1,0.023857,0.911994,0.038205,0.025944
AATTACTCGTACGCTC-1,0.000047,0.661244,0.338661,0.000047
AATTAGCGCTGCAGCG-1,0.005187,0.931268,0.000021,0.063524
AATTATACCCAGCAAG-1,0.000024,0.000214,0.000097,0.999665
AATTCATAAGGGATCT-1,0.000122,0.89334,0.106417,0.000122
AATTCATTGTCATGCA-1,0.03851,0.728472,0.090123,0.142895
AATTCCAACTTGGTGA-1,0.000027,0.947977,0.045423,0.006573
AATTCCAAGCATGTAC-1,0.064015,0.11169,0.02315,0.801145
AATTCGATTCGAGGAT-1,0.864369,0.03649,0.09154,0.007601
AATTCTAGAGTTAGGC-1,0.037684,0.962186,0.000016,0.000115
AATTGAACGCTCTGGT-1,0.145463,0.85451,0.000013,0.000013
AATTGCAGCAATCGAC-1,0.087976,0.152289,0.004949,0.754786
AATTGCGTGGATTACA-1,0.059398,0.526276,0.193984,0.220342
AATTGTGGTTGCCAAA-1,0.002476,0.454969,0.15437,0.388185
AATTTGGGACATAGTA-1,0.000041,0.999877,0.000041,0.000041
AATTTGGTTCCAAAGA-1,0.000045,0.999865,0.000045,0.000045
ACAAACCATGCGTCCT-1,0.135473,0.728121,0.093869,0.042538
ACAAACCGACAAGGCG-1,0.000027,0.999918,0.000027,0.000027
ACAAACTCCATCAGAG-1,0.000054,0.050236,0.021259,0.928451
ACAAAGAAGGTAGGCC-1,0.006614,0.993371,0.000008,0.000008
ACAAAGCATGACCTAG-1,0.459953,0.416261,0.041205,0.082582
ACAAATCGCACCGAAT-1,0.000022,0.926079,0.000022,0.073878
ACAAATGGTAGTGTTT-1,0.016716,0.962581,0.020689,0.000014
ACAAATTCAGATCTGA-1,0.005283,0.994643,0.000037,0.000037
ACAACAGCATGAGCTA-1,0.008313,0.956587,0.035079,0.000022
ACAACGGTCCCTGCGA-1,0.050515,0.9158,0.033656,0.000029
ACAAGCAGTGCCTAGC-1,0.000108,0.729676,0.270108,0.000108
ACAAGCTATATGGAAG-1,0.00002,0.91797,0.08199,0.00002
ACAAGGAAATCCGCCC-1,0.020409,0.963319,0.006165,0.010107
ACAAGGACAAGAGGTT-1,0.000089,0.723832,0.27599,0.000089
ACAAGGATGCTTTAGG-1,0.205263,0.530699,0.154368,0.109671
ACAAGGCCTACCAGCC-1,0.00308,0.948842,0.048056,0.000023
ACAAGGGCAGGCTCTG-1,0.03527,0.934171,0.000005,0.030555
ACAAGTAATTGTAAGG-1,0.000019,0.000169,0.081362,0.91845
ACAATAGTCGTACGTT-1,0.011511,0.928196,0.060283,0.00001
ACAATCCATTTAAACC-1,0.096603,0.883033,0.020351,0.000013
ACAATCGATCTTTATA-1,0.001034,0.998937,0.000014,0.000014
ACAATGAATACGGAGA-1,0.013123,0.863719,0.082938,0.04022
ACAATGATTCTTCTAC-1,0.000052,0.999843,0.000052,0.000052
ACAATTGTGTCTCTTT-1,0.004103,0.755557,0.240313,0.000027
ACAATTTAGGAGGCTC-1,0.000087,0.614441,0.365322,0.02015
ACAATTTGAGCAGTGG-1,0.016169,0.925324,0.058476,0.000031
ACAATTTGGCCATATT-1,0.008699,0.937496,0.034507,0.019298
ACACAAAGACGGGTGG-1,0.010955,0.730277,0.23024,0.028527
ACACAAATATTCCTAG-1,0.000063,0.8968,0.103074,0.000063
ACACACCAGGACCAGT-1,0.023526,0.966213,0.010257,0.000005
ACACACTTTCTACACG-1,0.000051,0.942786,0.057111,0.000051
ACACATGATCAAATCT-1,0.029093,0.892719,0.029764,0.048424
ACACATTGACGCAACA-1,0.003786,0.812286,0.155177,0.028751
ACACATTTCCGTAGAC-1,0.000046,0.000411,0.000046,0.999498
ACACCACATAATTAGC-1,0.000023,0.99993,0.000023,0.000023
ACACCCAGCATGCAGC-1,0.000096,0.580466,0.419341,0.000096
ACACCCGAGAAATCCG-1,0.000801,0.999144,0.000028,0.000028
ACACCCGTAAATCTGT-1,0.000053,0.983374,0.016554,0.000019
ACACCGAGCGCTCTTT-1,0.000024,0.867954,0.104294,0.027728
ACACCGGTCTGACCGC-1,0.037699,0.510717,0.154422,0.297162
ACACCTTAAGTAGGGC-1,0.000079,0.354967,0.644876,0.000079
ACACCTTACTACTTGC-1,0.037912,0.944963,0.000026,0.017099
ACACGAGACTCCTTCT-1,0.00004,0.999881,0.00004,0.00004
ACACGGCACTATGCAT-1,0.000028,0.999917,0.000028,0.000028
ACACGGGAACTTAGGG-1,0.000086,0.956197,0.04363,0.000086
ACACGTAGGCCACAAG-1,0.055432,0.868286,0.036137,0.040145
ACACTCCAATGTCACT-1,0.000031,0.958027,0.041912,0.000031
ACACTGATCAAGGTGT-1,0.004612,0.928706,0.053066,0.013616
ACACTGGGACAGTCGT-1,0.068251,0.761862,0.048192,0.121694
ACAGAACTGAGAACAA-1,0.077778,0.922211,0.000006,0.000006
ACAGATTAGGTTAGTG-1,0.000075,0.999776,0.000075,0.000075
ACAGCATAGAGCCAGT-1,0.010896,0.84284,0.11969,0.026575
ACAGCGACATTCTCAT-1,0.000023,0.486291,0.464256,0.04943
ACAGCGCACCCGCAGC-1,0.000046,0.999861,0.000046,0.000046
ACAGGAGGCGCAGCCG-1,0.000014,0.999384,0.000014,0.000588
ACAGGCACGGATCCTT-1,0.092342,0.069462,0.341788,0.496408
ACAGGCTTGCCCGACT-1,0.19632,0.803656,0.000012,0.000012
ACAGGTGGAGGTGAGG-1,0.06424,0.928838,0.003142,0.00378
ACAGGTGTGTTGTTGC-1,0.000017,0.841873,0.158092,0.000017
ACAGTAATACAACTTG-1,0.051014,0.825673,0.123299,0.000014
ACAGTATACCGTGGGA-1,0.000101,0.94664,0.053158,0.000101
ACAGTGCAGCGCATTT-1,0.000032,0.999905,0.000032,0.000032
ACATAAGTCGTGGTGA-1,0.133697,0.847943,0.004087,0.014273
ACATAATAAGGCGGTG-1,0.000078,0.898496,0.101347,0.000078
ACATACAATCAAGCGG-1,0.030269,0.301486,0.075202,0.593043
ACATCAGCTGGGACGC-1,0.000046,0.882866,0.117042,0.000046
ACATCCCGGCCATACG-1,0.007103,0.938921,0.033081,0.020895
ACATCCTGGTAACTGT-1,0.004573,0.886019,0.109392,0.000016
ACATCGATCGTTTACC-1,0.01062,0.989349,0.000016,0.000016
ACATCGCAATATTCGG-1,0.000034,0.000304,0.675749,0.323913
ACATCGGTCAGCCGCG-1,0.000026,0.974908,0.000026,0.025041
ACATCGTATGCAATGG-1,0.008851,0.991131,0.000009,0.000009
ACATCGTTAACCTAGT-1,0.000043,0.909743,0.09017,0.000043
ACATCTCAACGCGTAA-1,0.00002,0.999939,0.00002,0.00002
ACATGCTTACGGCAGC-1,0.000031,0.017806,0.140471,0.841692
ACATGGCGCCAAAGTA-1,0.019549,0.951525,0.009776,0.01915
ACATGGCTCAATTTAG-1,0.000054,0.979168,0.000054,0.020724
ACATTAGTTTATATCC-1,0.050758,0.884352,0.042091,0.022799
ACATTCGCGCGGAATA-1,0.000015,0.000136,0.000015,0.999833
ACATTTGAAACCTAAC-1,0.033233,0.000162,0.000016,0.966589
ACCAAACACCCAGCGA-1,0.000045,0.736168,0.263742,0.000045
ACCAAACTAGAAATCC-1,0.000024,0.999928,0.000024,0.000024
ACCAACACCACACACT-1,0.00008,0.852655,0.147185,0.00008
ACCAACCGCACTCCAC-1,0.039626,0.056537,0.088898,0.814939
ACCAACGCTTATTTAT-1,0.016832,0.942735,0.024741,0.015691
ACCAAGAACGCGTGTC-1,0.000035,0.999895,0.000035,0.000035
ACCAAGTCATCGGCAG-1,0.403337,0.127748,0.179283,0.289632
ACCAATATGCAAGTTA-1,0.1787,0.714046,0.081677,0.025577
ACCACAACTCAGAACA-1,0.000044,0.999869,0.000044,0.000044
ACCACAAGTTTCTATC-1,0.000066,0.711895,0.287974,0.000066
ACCACACGGTTGATGG-1,0.000025,0.000227,0.093664,0.906085
ACCACCAATGTAACAA-1,0.005918,0.955575,0.030979,0.007528
ACCACCCTCTCTTCTA-1,0.028717,0.926091,0.045138,0.000054
ACCACGTGCAGCTATA-1,0.006484,0.939913,0.003144,0.050459
ACCACTGTTCAAGAAG-1,0.013902,0.933548,0.000015,0.052535
ACCAGACCATAACAAC-1,0.009351,0.952029,0.038605,0.000015
ACCAGCCCGGTCTTTG-1,0.0147,0.985196,0.000052,0.000052
ACCAGGAGTGTGATCT-1,0.000029,0.999913,0.000029,0.000029
ACCAGTGCCCGGTCAA-1,0.000033,0.9999,0.000033,0.000033
ACCAGTGCGGGAGACG-1,0.006434,0.961249,0.000018,0.032298
ACCATATCCGCAATAA-1,0.000041,0.999877,0.000041,0.000041
ACCATCCGCCAACTAG-1,0.012352,0.924731,0.054553,0.008364
ACCATCGTATATGGTA-1,0.015821,0.970599,0.002135,0.011445
ACCATTAAGGGTGTCA-1,0.001345,0.979838,0.018793,0.000024
ACCCAACGCCCGTGGC-1,0.000028,0.999916,0.000028,0.000028
ACCCACCTACATGCTC-1,0.029577,0.958583,0.011789,0.00005
ACCCATCTTGAGGGTA-1,0.017236,0.982651,0.000056,0.000056
ACCCATTTGTCCCTCT-1,0.000026,0.768083,0.150257,0.081634
ACCCGAGCGAAATTAC-1,0.063963,0.848787,0.0728,0.01445
ACCCGATTGGTTCCGA-1,0.004825,0.115838,0.000904,0.878433
ACCCGGAAACTCCCAG-1,0.031714,0.55696,0.285696,0.12563
ACCCGGAGCACCACAA-1,0.043118,0.825843,0.029303,0.101736
ACCCGGATGACGCATC-1,0.00004,0.99988,0.00004,0.00004
ACCCGGTTACACTTCC-1,0.017685,0.941849,0.013297,0.02717
ACCCGTAGCAGAGAAT-1,0.000024,0.000219,0.000024,0.999732
ACCCGTAGTCTAGTTG-1,0.338741,0.407691,0.080699,0.172869
ACCCGTGTCATCAGTA-1,0.182084,0.583778,0.000398,0.23374
ACCCTATAGGACTGAG-1,0.000039,0.999882,0.000039,0.000039
ACCCTATGCCATATCG-1,0.105914,0.724507,0.091019,0.078559
ACCCTCCCGTCAGGGC-1,0.200589,0.274183,0.066004,0.459224
ACCCTCCCTTGCTATT-1,0.04457,0.873691,0.077424,0.004315
ACCCTGGTAACGCCCT-1,0.000055,0.898389,0.101501,0.000055
ACCCTTCATCTGCGAA-1,0.016789,0.949816,0.03337,0.000025
ACCCTTGCCTGGGTCG-1,0.000055,0.431921,0.56797,0.000055
ACCCTTTAGTTCTCCA-1,0.00009,0.999731,0.00009,0.00009
ACCGAAAGGGCCCTGC-1,0.000026,0.864,0.000026,0.135948
ACCGAAGAGTCTGGTT-1,0.061609,0.86018,0.009027,0.069184
ACCGACACATCTCCCA-1,0.466191,0.504518,0.028361,0.00093
ACCGACTGAGTCCCAC-1,0.000091,0.854997,0.144821,0.000091
ACCGAGTCTCCTTATT-1,0.000028,0.060921,0.03567,0.903382
ACCGATAGGCATAACC-1,0.070314,0.803266,0.080902,0.045519
ACCGATATTTAATCAT-1,0.036699,0.685685,0.277608,0.000008
ACCGATGGTAGCATCG-1,0.000019,0.995817,0.000019,0.004145
ACCGCAATAACTGCCT-1,0.435624,0.549034,0.001452,0.01389
ACCGCGGTGGAAGTCG-1,0.000285,0.874612,0.000872,0.124231
ACCGCTAGTCATTGGT-1,0.000019,0.000168,0.000714,0.999099
ACCGGGCCTTTGTTGA-1,0.003876,0.996094,0.000015,0.000015
ACCGGTCAGGTACACC-1,0.16557,0.670566,0.082437,0.081426
ACCGGTCTGAGTACGG-1,0.021343,0.974156,0.004476,0.000026
ACCGTCCACTGGGCCC-1,0.408719,0.463965,0.105447,0.02187
ACCGTGACCACGTGGG-1,0.122993,0.786253,0.011659,0.079095
ACCGTTCCCGCTCTGA-1,0.000024,0.989506,0.010447,0.000024
ACCTAAGTACCTTTCA-1,0.120652,0.879334,0.000007,0.000007
ACCTAATCGACTTCCT-1,0.000082,0.989813,0.010022,0.000082
ACCTACAGTATGTGGT-1,0.026634,0.969211,0.000015,0.004139
ACCTACTATAAATCTA-1,0.00583,0.045007,0.127401,0.821762
ACCTCAGCGAGGCGCA-1,0.000021,0.046567,0.014651,0.93876
ACCTCCGCCCTCGCTG-1,0.451308,0.504436,0.028751,0.015505
ACCTCCGTTATTCACC-1,0.000026,0.999921,0.000026,0.000026
ACCTCGAACTTATGCT-1,0.029308,0.565166,0.079673,0.325853
ACCTGCGTGTCATGTT-1,0.00607,0.978781,0.00196,0.013189
ACCTTTCCTTTAGAAG-1,0.000333,0.999624,0.000022,0.000022
ACGAAATGGGCGGCAC-1,0.000062,0.833294,0.166582,0.000062
ACGACCCATGAGTTGC-1,0.053696,0.89029,0.030286,0.025728
ACGACTCTAGGGCCGA-1,0.002553,0.063366,0.264535,0.669545
ACGACTGGTCATACTC-1,0.007698,0.81094,0.108565,0.072797
ACGAGAACCCATCACG-1,0.000032,0.999905,0.000032,0.000032
ACGAGATATTTGCTTA-1,0.005154,0.994776,0.000035,0.000035
ACGAGGATACCACTCT-1,0.121947,0.849886,0.023912,0.004255
ACGAGGTTTACAACGT-1,0.02525,0.818104,0.141466,0.01518
ACGAGTACGGATGCCC-1,0.001873,0.998098,0.000015,0.000015
ACGAGTCGCCGGCGTT-1,0.000015,0.999956,0.000015,0.000015
ACGATACATAGAACTA-1,0.00012,0.884074,0.115686,0.00012
ACGATACCTATCCTGA-1,0.000036,0.741246,0.258681,0.000036
ACGATCATACATAGAG-1,0.000133,0.9996,0.000133,0.000133
ACGATCATCTTGTAAA-1,0.06586,0.849357,0.084314,0.000469
ACGATGCATATGTTAT-1,0.000039,0.981252,0.01867,0.000039
ACGATGGATCCGATGC-1,0.000047,0.847098,0.152809,0.000047
ACGCAAACTAATAGAT-1,0.089132,0.661869,0.139256,0.109743
ACGCAATCACTACAGC-1,0.000641,0.999302,0.000028,0.000028
ACGCATAAATGACATG-1,0.000025,0.999926,0.000025,0.000025
ACGCATACGTTTACTA-1,0.116407,0.818257,0.038493,0.026843
ACGCATTCGTGAGTAC-1,0.005407,0.958973,0.000025,0.035595
ACGCCACTCGAAACAG-1,0.00002,0.00018,0.00002,0.99978
ACGCCAGATGATTTCT-1,0.00008,0.999839,0.000041,0.000041
ACGCCAGTGCGTTTGC-1,0.00002,0.000179,0.000315,0.999487
ACGCCCAGCTGTCGAT-1,0.000049,0.987191,0.012711,0.000049
ACGCCGCTAGACGACC-1,0.006494,0.912802,0.000024,0.08068
ACGCCTGACACGCGCT-1,0.000123,0.964576,0.001951,0.03335
ACGCGAAGTCAGACGA-1,0.000028,0.989036,0.000028,0.010909
ACGCGCTACACAGGGT-1,0.000019,0.965236,0.000019,0.034726
ACGCGGGCCAAGGACA-1,0.000028,0.950228,0.049716,0.000028
ACGCGTTTCTTAAGAG-1,0.00005,0.473654,0.526246,0.00005
ACGCTACTGAATGGGC-1,0.012182,0.089048,0.10345,0.79532
ACGCTAGTATCAGTGC-1,0.012046,0.987923,0.000016,0.000016
ACGCTAGTGATACACT-1,0.005137,0.994779,0.000042,0.000042
ACGCTGTGAGGCGTAG-1,0.000021,0.976593,0.016759,0.006627
ACGCTTAGTGTCTCTC-1,0.000066,0.797301,0.202568,0.000066
ACGGAACACGAGTGCC-1,0.128305,0.508275,0.183562,0.179858
ACGGAATTTAGCAAAT-1,0.000032,0.999905,0.000032,0.000032
ACGGACGCAGCGACAA-1,0.001528,0.173984,0.12846,0.696028
ACGGACTCTCAAAGCG-1,0.422682,0.413519,0.010429,0.153371
ACGGAGCGCAAATTAC-1,0.000052,0.612075,0.38782,0.000052
ACGGATGGTGCGGATA-1,0.009727,0.953335,0.008232,0.028706
ACGGCACTTGCTTGGG-1,0.003268,0.855115,0.141362,0.000254
ACGGCCAACATGGACT-1,0.096052,0.824498,0.069655,0.009795
ACGGCGACGATGGGAA-1,0.041921,0.946016,0.01027,0.001792
ACGGCGGGTTGCCCTG-1,0.00005,0.999851,0.00005,0.00005
ACGGCTGGATGTAGAA-1,0.060162,0.846947,0.063916,0.028975
ACGGGAGTGTCGGCCC-1,0.02253,0.884779,0.01001,0.082682
ACGGGCGTATGCGACA-1,0.001464,0.983944,0.014566,0.000026
ACGGGTCATGTGACTT-1,0.000035,0.998782,0.000035,0.001147
ACGGGTTGTGACCTGT-1,0.000021,0.054652,0.14837,0.796957
ACGGTACAGTTCAATG-1,0.000028,0.055488,0.000028,0.944455
ACGGTCACCGAGAACA-1,0.015187,0.150852,0.32414,0.509822
ACGTACAGATTTCTCT-1,0.000062,0.999815,0.000062,0.000062
ACGTACTTTGGCACGG-1,0.000029,0.01685,0.42384,0.559281
ACGTAGATTGCTGATG-1,0.000022,0.999934,0.000022,0.000022
ACGTAGGAGAGTCGCT-1,0.000032,0.035066,0.246072,0.71883
ACGTATTACTCCGATC-1,0.008083,0.96741,0.000021,0.024486
ACGTCCTAAACGAGAT-1,0.007138,0.992814,0.000024,0.000024
ACGTCGGGCAACTCGG-1,0.54429,0.428503,0.001833,0.025374
ACGTCTCGTTCCGGGA-1,0.015011,0.975464,0.009512,0.000013
ACGTGACAAAGTAAGT-1,0.018906,0.934887,0.017899,0.028308
ACGTGCGCCTCGTGCA-1,0.000035,0.925673,0.074257,0.000035
ACGTGGTCGAATGTGC-1,0.022464,0.977481,0.000028,0.000028
ACGTTAATGTCGAAGA-1,0.000045,0.941198,0.048925,0.009832
ACGTTAGATTTGCCCG-1,0.000071,0.977014,0.000071,0.022844
ACGTTATTGGTCACTC-1,0.000046,0.950937,0.048972,0.000046
ACGTTCACTATGCCGC-1,0.109219,0.292826,0.307466,0.290489
ACGTTCCGCGCTCCGT-1,0.0255,0.939174,0.016956,0.01837
ACGTTCGCAATCAATT-1,0.000022,0.987416,0.000022,0.01254
ACGTTCGTTCAGGAAA-1,0.132746,0.745395,0.035411,0.086448
ACGTTCTGTACAAGTC-1,0.050703,0.289704,0.45901,0.200583
ACGTTGTCGTTGAAAG-1,0.045344,0.119419,0.141554,0.693683
ACGTTTAGTTGTGATC-1,0.000066,0.999802,0.000066,0.000066
ACGTTTCGGTGCACTT-1,0.000027,0.097891,0.083117,0.818965
ACTAAGGACGCACACC-1,0.013027,0.957087,0.029864,0.000022
ACTAATACGTCAGGCG-1,0.008329,0.991629,0.000021,0.000021
ACTACAAAGAGAGGTG-1,0.017047,0.132174,0.239257,0.611522
ACTACATCCCGACAAG-1,0.458991,0.520416,0.001013,0.01958
ACTACCAGCTCTCTGG-1,0.000119,0.719442,0.280319,0.000119
ACTACCATCCGAGGGC-1,0.000026,0.002197,0.102418,0.89536
ACTACGCGTTAGAATT-1,0.297651,0.623029,0.020371,0.05895
ACTAGTTGCGATCGTC-1,0.043337,0.899069,0.000023,0.057571
ACTATATGCTGTGTTC-1,0.000065,0.999805,0.000065,0.000065
ACTATCCAGGGCATGG-1,0.00495,0.894409,0.000022,0.100619
ACTATCGCCGGCTAAA-1,0.001572,0.998405,0.000012,0.000012
ACTATCTGCCCGCGTA-1,0.022694,0.969083,0.007708,0.000515
ACTATGTCCAGCTGCC-1,0.015679,0.51836,0.456908,0.009053
ACTATTCGTCCGTGGT-1,0.001289,0.998672,0.000019,0.000019
ACTATTTCCGGGCCCA-1,0.228104,0.73098,0.006406,0.03451
ACTCAACGAATGTATT-1,0.000044,0.978181,0.018183,0.003592
ACTCAAGTGCAAGGCT-1,0.065083,0.453756,0.170417,0.310743
ACTCAATAAAGGCACG-1,0.000099,0.563492,0.43631,0.000099
ACTCAGACCTGCTTCT-1,0.020502,0.959643,0.000058,0.019797
ACTCATGGCAGCCTTC-1,0.207191,0.417672,0.005158,0.369979
ACTCCAATATCATCAT-1,0.14532,0.726654,0.043756,0.084269
ACTCCCATTCCTAAAG-1,0.021733,0.858589,0.119671,0.000007
ACTCCCGAATTCGTTT-1,0.00003,0.992942,0.00003,0.006998
ACTCCCGTAGACTAGG-1,0.000085,0.74815,0.251679,0.000085
ACTCCCTAATGCTAAA-1,0.080324,0.895755,0.010794,0.013126
ACTCCCTAGAATAGTA-1,0.033533,0.966446,0.000011,0.000011
ACTCCGGCCGACCACT-1,0.000026,0.123257,0.11078,0.765936
ACTCGATGTATTTCAT-1,0.00004,0.99205,0.007871,0.00004
ACTCGCCGTTCGATAA-1,0.03388,0.332244,0.059131,0.574745
ACTCGCGATCTGACGC-1,0.031673,0.95973,0.008557,0.00004
ACTCGTAACCCGTCCT-1,0.019244,0.980747,0.000004,0.000004
ACTCGTCAGTAATCCC-1,0.004856,0.995085,0.000029,0.000029
ACTCTAAACCTGGGAT-1,0.039279,0.924626,0.036061,0.000035
ACTCTCTGACTTAGGT-1,0.000005,0.999984,0.000005,0.000005
ACTCTCTTATACACGA-1,0.016439,0.983513,0.000024,0.000024
ACTCTGACCTAATAGA-1,0.000019,0.006146,0.131515,0.86232
ACTCTTCAGCTCCCGC-1,0.047146,0.857485,0.000018,0.095352
ACTCTTGTATAGTAAC-1,0.001473,0.88281,0.115688,0.000028
ACTGAAACGCCGTTAG-1,0.000019,0.835958,0.127404,0.036618
ACTGAATGGCGAAAGT-1,0.032214,0.955814,0.010047,0.001925
ACTGATTTAGTGATTC-1,0.001231,0.998722,0.000023,0.000023
ACTGCCCGCCATTCTC-1,0.644333,0.027225,0.178524,0.149918
ACTGCCGTCGTAACTC-1,0.000047,0.999859,0.000047,0.000047
ACTGCGGACACACCGT-1,0.00206,0.982266,0.005355,0.010319
ACTGCTCGGAAGGATG-1,0.049718,0.869336,0.034104,0.046841
ACTGGCGAACCTGCGT-1,0.007748,0.957224,0.03501,0.000018
ACTGGGATGCCAGTGC-1,0.016464,0.041066,0.00004,0.94243
ACTGTACGATACACAT-1,0.000051,0.999848,0.000051,0.000051
ACTGTAGCACTTTGGA-1,0.000194,0.642178,0.357433,0.000194
ACTGTATACGCGAGCA-1,0.00005,0.999849,0.00005,0.00005
ACTGTCCAGGATTATA-1,0.000024,0.962359,0.037592,0.000024
ACTGTCTTCTTTAGAA-1,0.028554,0.960311,0.011103,0.000032
ACTGTGCTAGTAGATC-1,0.000033,0.983079,0.016854,0.000033
ACTGTTTAGTGTAGGC-1,0.000055,0.999834,0.000055,0.000055
ACTTACCGGGCGCGCA-1,0.019519,0.980448,0.000017,0.000017
ACTTACGCATCCACGC-1,0.212422,0.664045,0.028322,0.095211
ACTTAGTACGACAAGA-1,0.000069,0.999886,0.000022,0.000022
ACTTATACTTACCCGG-1,0.000759,0.99921,0.000015,0.000015
ACTTATCTGATCTATA-1,0.000035,0.901515,0.000035,0.098415
ACTTATTAGGATCGGT-1,0.000064,0.999809,0.000064,0.000064
ACTTATTTATGTGCCA-1,0.009381,0.982708,0.004017,0.003894
ACTTCAGGCTGATCCC-1,0.037141,0.77158,0.003377,0.187901
ACTTCCAGTGGAAGCT-1,0.052114,0.89358,0.009859,0.044447
ACTTCCATGCGGGACA-1,0.429165,0.481542,0.0099,0.079392
ACTTCCTGTCGTGCGA-1,0.013555,0.986406,0.000019,0.000019
ACTTCGCCATACGCAC-1,0.000065,0.918846,0.081024,0.000065
ACTTCGCTAGCGAGTG-1,0.000039,0.999884,0.000039,0.000039
ACTTGACTCCCTCTTT-1,0.021193,0.936705,0.000008,0.042094
ACTTGCCATATTGTAC-1,0.001154,0.998812,0.000017,0.000017
ACTTGCTCTATCTACC-1,0.048486,0.196325,0.289294,0.465895
ACTTGGGACCCGGTGG-1,0.000074,0.541146,0.458705,0.000074
ACTTGGGCTTTCGCCA-1,0.000018,0.000165,0.00023,0.999587
ACTTGTAGTCCCTTCA-1,0.000016,0.668456,0.331513,0.000016
ACTTGTGGATGGAACG-1,0.00493,0.986005,0.005658,0.003408
ACTTGTTACCGGATCA-1,0.000033,0.000297,0.228843,0.770827
ACTTTACCCTCATGAA-1,0.000022,0.990098,0.000022,0.009858
ACTTTATACACCACTT-1,0.000029,0.000264,0.126447,0.873259
ACTTTCCTATAGCTTC-1,0.000082,0.848298,0.151539,0.000082
ACTTTGACTGCATCCT-1,0.012539,0.957135,0.018586,0.011741
ACTTTGGTCGTGCTCC-1,0.109045,0.838706,0.032581,0.019669
ACTTTGTCGACGCACT-1,0.053015,0.691288,0.010025,0.245672
AGAAATTATGACTCGC-1,0.000888,0.875316,0.117903,0.005892
AGAACACGGCGATGGT-1,0.000015,0.000137,0.000015,0.999832
AGAACCCAGCGTGACA-1,0.001263,0.977557,0.0046,0.01658
AGAACCCTCAATTGGG-1,0.011117,0.779731,0.089526,0.119627
AGAACGTGGTACATTC-1,0.000053,0.870424,0.129469,0.000053
AGAACTGTACTTTGTA-1,0.000018,0.000166,0.667731,0.332084
AGAAGAGCGCCGTTCC-1,0.071426,0.928193,0.00019,0.00019
AGAAGGTACACTTCAC-1,0.041117,0.942674,0.016199,0.00001
AGAAGGTTGCCGAATT-1,0.00001,0.984195,0.00001,0.015784
AGAAGGTTGTAGGTCG-1,0.355863,0.266457,0.128898,0.248782
AGAAGTGATTCGTGAT-1,0.042103,0.539253,0.418634,0.00001
AGAATAAATCTTCAGG-1,0.006946,0.946372,0.046663,0.000019
AGAATACAGGCTATCC-1,0.00003,0.06467,0.00003,0.93527
AGAATGCGGGTTCGGA-1,0.049274,0.950623,0.000052,0.000052
AGAATTATGGATTCGA-1,0.00793,0.936926,0.000017,0.055127
AGAATTGTTTGACATA-1,0.000034,0.982254,0.017678,0.000034
AGACAGCTCAGAATCC-1,0.030288,0.969675,0.000018,0.000018
AGACAGGCATCTCAGC-1,0.04117,0.944986,0.000312,0.013533
AGACATAGATCCTTCC-1,0.015724,0.984155,0.00006,0.00006
AGACCAAACCACACCT-1,0.015514,0.809276,0.162542,0.012668
AGACCATGGGATACAA-1,0.013344,0.973797,0.012826,0.000033
AGACCCACCGCTGATC-1,0.015104,0.978197,0.006684,0.000015
AGACCCGCCCTCCTCG-1,0.000124,0.83738,0.162372,0.000124
AGACCGCTCCGCGGTT-1,0.003398,0.922798,0.027568,0.046236
AGACCGGGAAACCCTG-1,0.013213,0.971913,0.014862,0.000012
AGACGAAGTGCCGGTC-1,0.093339,0.794425,0.03413,0.078106
AGACGACGATGCCGCT-1,0.045398,0.926394,0.015792,0.012416
AGACGCCCACTTCGCC-1,0.003008,0.618835,0.378142,0.000015
AGACGGGATTGGTATA-1,0.004292,0.967932,0.027755,0.000021
AGACGGGCCGATTTAA-1,0.029417,0.970552,0.000015,0.000015
AGACTAGCCTTCCAGA-1,0.000097,0.647287,0.35252,0.000097
AGACTGTTACCGGGTC-1,0.005597,0.670465,0.289241,0.034697
AGAGAAACACCAGAAA-1,0.019022,0.252295,0.017131,0.711552
AGAGAACCGTCTAGGA-1,0.000065,0.999806,0.000065,0.000065
AGAGAAGGAGTACAAT-1,0.066969,0.88233,0.009361,0.04134
AGAGATCTCTAAAGCG-1,0.01779,0.982179,0.000015,0.000015
AGAGCAGTTATGAGAC-1,0.000117,0.768917,0.230849,0.000117
AGAGCCGCCGAGATTT-1,0.0242,0.913726,0.035466,0.026608
AGAGCGCTTGTAACGG-1,0.000062,0.86439,0.135485,0.000062
AGAGCGGGCTAATCAT-1,0.006808,0.960719,0.032451,0.000022
AGAGCGTACAAGCTCG-1,0.000067,0.985733,0.014132,0.000067
AGAGCTACGAAAGCAT-1,0.000034,0.958011,0.000621,0.041334
AGAGGCTTCGGAAACC-1,0.044897,0.943017,0.010168,0.001918
AGAGGGACAATTGTCC-1,0.00002,0.999941,0.00002,0.00002
AGAGGTATCTCGGTCC-1,0.000054,0.999838,0.000054,0.000054
AGAGTAAACTTCACTA-1,0.001625,0.887964,0.039706,0.070705
AGAGTATAGTGTTACG-1,0.005638,0.988849,0.001587,0.003925
AGAGTCTTAATGAAAG-1,0.000022,0.02218,0.146963,0.830834
AGAGTGAACAGACACC-1,0.006851,0.993114,0.000018,0.000018
AGAGTTAGAGACCGAT-1,0.000041,0.999877,0.000041,0.000041
AGAGTTGCAGGCCTCC-1,0.044983,0.942239,0.012748,0.00003
AGATAACTTCAGGGCC-1,0.004879,0.966019,0.007558,0.021544
AGATAATCACACCTAT-1,0.000029,0.002011,0.135053,0.862906
AGATACCAATAGAACC-1,0.002245,0.412555,0.376756,0.208445
AGATACCAGCACTTCA-1,0.000083,0.791422,0.208412,0.000083
AGATACCGGTGTTCAC-1,0.000041,0.972959,0.013094,0.013907
AGATACGACTTCATAT-1,0.008676,0.945969,0.045312,0.000042
AGATACTCAAGATCGA-1,0.006061,0.993922,0.000009,0.000009
AGATATAATACGACTA-1,0.117205,0.354304,0.193917,0.334574
AGATCGTGCATAAGAT-1,0.00012,0.824181,0.175579,0.00012
AGATCTCAGGTGTGAT-1,0.000027,0.99992,0.000027,0.000027
AGATCTGGAGAGGATA-1,0.00002,0.000178,0.00002,0.999783
AGATGACTCGCCCACG-1,0.047778,0.859101,0.093055,0.000066
AGATGAGGGTTGCGAT-1,0.004887,0.995048,0.000033,0.000033
AGATGATGGAGTCTGG-1,0.000033,0.9999,0.000033,0.000033
AGATGCAAGACGTGCA-1,0.031248,0.943193,0.015135,0.010424
AGATGCATCCTGTGTC-1,0.003096,0.826196,0.110632,0.060075
AGATGCTATAACGAGC-1,0.000029,0.993759,0.003687,0.002525
AGATTATAGGACGTTT-1,0.000042,0.991892,0.008025,0.000042
AGATTCAAGCGGGTCG-1,0.000027,0.999918,0.000027,0.000027
AGATTCACAACCGATA-1,0.024665,0.946096,0.010015,0.019224
AGCAAAGGCCGCTAGT-1,0.008995,0.732769,0.17286,0.085376
AGCAACATATCTTATT-1,0.000021,0.982289,0.005765,0.011924
AGCAACCGAAAGTAAT-1,0.013493,0.711155,0.27534,0.000012
AGCACACGTTTAGACT-1,0.099244,0.388739,0.10242,0.409597
AGCACCAGTACTCACG-1,0.000091,0.825273,0.174545,0.000091
AGCACTACCGGCCTGT-1,0.000028,0.733013,0.266932,0.000028
AGCACTACCTCACCAG-1,0.038852,0.818264,0.124698,0.018186
AGCACTTAAGGACGCC-1,0.000035,0.834442,0.024936,0.140586
AGCAGAAGGAGAAAGA-1,0.055512,0.582588,0.231153,0.130747
AGCAGCCAGATGAATA-1,0.10284,0.856924,0.017388,0.022848
AGCAGTCGAAGCATGC-1,0.18358,0.050763,0.064056,0.701602
AGCATATCAATATGCT-1,0.012777,0.934971,0.052232,0.000019
AGCATCATTTCGAAAG-1,0.010916,0.93256,0.04043,0.016094
AGCATCGTCGATAATT-1,0.000061,0.889664,0.110214,0.000061
AGCATTACGAGGCAAG-1,0.036011,0.241525,0.372766,0.349698
AGCCAAGCTTTGTGTC-1,0.100947,0.429849,0.40295,0.066254
AGCCACAGGTTACCCG-1,0.027944,0.281333,0.596658,0.094064
AGCCACTCCCGTGCTT-1,0.000202,0.956257,0.043339,0.000202
AGCCATATAGTATGTG-1,0.000031,0.036095,0.049165,0.914709
AGCCCATACATGTAAG-1,0.000023,0.630417,0.369536,0.000023
AGCCCGCAACAAGCAG-1,0.012597,0.268924,0.014067,0.704412
AGCCCGCACTACAATG-1,0.03833,0.154039,0.031191,0.77644
AGCCCGGCATTAGAGG-1,0.091715,0.687602,0.198005,0.022678
AGCCCGGTAGCCTGTA-1,0.030903,0.895696,0.055369,0.018032
AGCCCTAAGCGAAGTT-1,0.009147,0.990809,0.000022,0.000022
AGCCCTCCCTGGTGGC-1,0.091608,0.300781,0.153508,0.454103
AGCCCTGTCGCACCGT-1,0.061672,0.831501,0.069214,0.037613
AGCCCTTCTAATCCGA-1,0.000119,0.737107,0.262656,0.000119
AGCCCTTGGACATCCC-1,0.023108,0.835144,0.054632,0.087116
AGCCGCAAATTCAAAT-1,0.000024,0.990049,0.009904,0.000024
AGCCGCTTGATTAGCG-1,0.000026,0.969541,0.030406,0.000026
AGCCGTGGCTAAATGT-1,0.012272,0.973509,0.000487,0.013732
AGCCTAATACCCACGT-1,0.02287,0.900878,0.027783,0.048469
AGCCTTAAAGCGGAAG-1,0.019105,0.980434,0.000446,0.000015
AGCCTTGTCACTGATA-1,0.000018,0.000163,0.022903,0.976916
AGCGACAGGAACGGTC-1,0.049095,0.905865,0.045026,0.000014
AGCGACATCCCATTCA-1,0.000031,0.999915,0.000027,0.000027
AGCGACCAACGATATT-1,0.000083,0.75026,0.249575,0.000083
AGCGACTTTGAAGACA-1,0.000024,0.000219,0.000024,0.999732
AGCGAGACGTGAAGGC-1,0.005306,0.126729,0.031782,0.836182
AGCGATGCGCCTAATA-1,0.110711,0.682308,0.063499,0.143481
AGCGCATAATGAATCG-1,0.050794,0.783447,0.10265,0.063109
AGCGCGGGTGCCAATG-1,0.00008,0.960991,0.038849,0.00008
