Barcode,Topic 1,Topic 2,Topic 3to8,Topic 9,Topic 10to11
AAACAACGAATAGTTC-1,0.000074,0.000074,0.039157,0.000074,0.96062
AAACAAGTATCTCCCA-1,0.000063,0.000063,0.531569,0.000063,0.468243
AAACAATCTACTAGCA-1,0.00014,0.040071,0.257155,0.00014,0.702494
AAACACCAATAACTGC-1,0.000078,0.188379,0.000471,0.740414,0.070657
AAACAGAGCGACTCCT-1,0.000079,0.000079,0.673129,0.000079,0.326634
AAACAGCTTTCAGAAG-1,0.000064,0.018004,0.040514,0.425438,0.515979
AAACAGGGTCTATATT-1,0.000039,0.141717,0.53402,0.168042,0.156182
AAACAGTGTTCCTGGG-1,0.001224,0.068012,0.930731,0.000011,0.000021
AAACATGGTGAGAGGA-1,0.000021,0.793444,0.000123,0.206371,0.000041
AAACATTTCCCGGATT-1,0.000061,0.068322,0.614133,0.053727,0.263758
AAACCACTACACAGAT-1,0.000017,0.023828,0.940758,0.000017,0.03538
AAACCCGAACGAAATC-1,0.000042,0.000042,0.714083,0.000042,0.285792
AAACCGGAAATGTTAA-1,0.000075,0.114133,0.396377,0.000075,0.48934
AAACCGGGTAGGTACC-1,0.00003,0.00003,0.80854,0.041156,0.150244
AAACCGTTCGTCCAGG-1,0.00004,0.00004,0.483886,0.085841,0.430192
AAACCTAAGCAGCCGG-1,0.000089,0.000089,0.000536,0.057502,0.941784
AAACCTCATGAAGTTG-1,0.000083,0.10726,0.455857,0.000083,0.436717
AAACGAAGAACATACC-1,0.005123,0.00023,0.693007,0.00023,0.301409
AAACGAAGATGGAGTA-1,0.000024,0.550002,0.368369,0.081557,0.000048
AAACGAGACGGTTGAT-1,0.002428,0.000063,0.364285,0.001144,0.63208
AAACGCCCGAGATCGG-1,0.000015,0.000015,0.955765,0.00015,0.044054
AAACGCTGGGCACGAC-1,0.000015,0.000015,0.794705,0.081314,0.123952
AAACGGGCGTACGGGT-1,0.000046,0.045046,0.689795,0.062298,0.202816
AAACGGGTTGGTATCC-1,0.000117,0.000117,0.026179,0.000117,0.973468
AAACGGTTGCGAACTG-1,0.000068,0.014032,0.60802,0.000068,0.377811
AAACGTGTTCGCCCTA-1,0.000059,0.000059,0.737585,0.000059,0.26224
AAACTAACGTGGCGAC-1,0.000072,0.000072,0.530622,0.000072,0.469162
AAACTCGGTTCGCAAT-1,0.000052,0.000052,0.948197,0.00862,0.043079
AAACTCGTGATATAAG-1,0.000045,0.000045,0.864035,0.000045,0.135828
AAACTGCTGGCTCCAA-1,0.000034,0.000034,0.65322,0.000034,0.346677
AAACTTAATTGCACGC-1,0.000041,0.580911,0.000245,0.418722,0.000082
AAACTTGCAAACGTAT-1,0.000031,0.018156,0.700683,0.097475,0.183654
AAAGAATGACCTTAGA-1,0.000031,0.579993,0.000189,0.419724,0.000063
AAAGAATGTGGACTAA-1,0.00007,0.00007,0.05869,0.093014,0.848155
AAAGACATGAAGTTTA-1,0.000045,0.012631,0.107265,0.363648,0.516411
AAAGACCCAAGTCGCG-1,0.000044,0.003629,0.864974,0.000044,0.131309
AAAGACTGGGCGCTTT-1,0.000027,0.017078,0.926715,0.000027,0.056154
AAAGCTTGCCTACATA-1,0.000024,0.050581,0.850556,0.03384,0.064998
AAAGGCCCTATAATAC-1,0.034993,0.216265,0.67652,0.054625,0.017597
AAAGGCTACGGACCAT-1,0.000021,0.000021,0.860396,0.000021,0.139541
AAAGGCTCTCGCGCCG-1,0.001843,0.037155,0.467808,0.055754,0.437441
AAAGGGATGTAGCAAG-1,0.000041,0.000041,0.680551,0.000041,0.319328
AAAGGGCAGCTTGAAT-1,0.000049,0.021247,0.706438,0.048199,0.224067
AAAGGTAAGCTGTACC-1,0.000035,0.019393,0.884294,0.000035,0.096242
AAAGTAGCATTGCTCA-1,0.000034,0.050688,0.551379,0.193596,0.204304
AAAGTCACTGATGTAA-1,0.000026,0.000026,0.99987,0.000026,0.000052
AAAGTCGACCCTCAGT-1,0.000078,0.000078,0.213295,0.019004,0.767545
AAAGTGCCATCAATTA-1,0.000014,0.000014,0.965766,0.000014,0.034192
AAAGTGTGATTTATCT-1,0.000187,0.033944,0.117507,0.000187,0.848174
AAAGTTGACTCCCGTA-1,0.000131,0.000131,0.000787,0.041419,0.957531
AAATAACCATACGGGA-1,0.0001,0.0001,0.459137,0.0001,0.540562
AAATAAGGTAGTGCCC-1,0.000055,0.068402,0.628616,0.061081,0.241845
AAATACCTATAAGCAT-1,0.000042,0.000042,0.691485,0.000042,0.30839
AAATAGCTTAGACTTT-1,0.000079,0.000079,0.655345,0.0117,0.332795
AAATAGGGTGCTATTG-1,0.000039,0.000039,0.816068,0.000039,0.183815
AAATCCGATACACGCC-1,0.000067,0.000067,0.531609,0.054464,0.413793
AAATCGCGGAAGGAGT-1,0.000068,0.552095,0.000405,0.443362,0.00407
AAATCGTGTACCACAA-1,0.000041,0.000041,0.776614,0.000041,0.223261
AAATCTAGCCCTGCTA-1,0.000095,0.000095,0.000569,0.064396,0.934845
AAATCTGCCCGCGTCC-1,0.000024,0.667096,0.000145,0.332687,0.000048
AAATGACTGATCAAAC-1,0.000061,0.000061,0.656822,0.000061,0.342996
AAATGATTCGATCAGC-1,0.000038,0.000038,0.993504,0.006344,0.000076
AAATGCTCGTTACGTT-1,0.000065,0.000065,0.810776,0.024991,0.164102
AAATGGCATGTCTTGT-1,0.000231,0.000231,0.001385,0.000231,0.997923
AAATGGCCCGTGCCCT-1,0.000031,0.113822,0.505389,0.166377,0.21438
AAATGGTCAATGTGCC-1,0.000051,0.000051,0.759841,0.000051,0.240005
AAATGTATCTTATCCC-1,0.000035,0.148312,0.098564,0.078277,0.674813
AAATGTGGGTGCTCCT-1,0.000288,0.326183,0.33787,0.000288,0.335371
AAATTAACGGGTAGCT-1,0.000037,0.000037,0.845281,0.005228,0.149417
AAATTAATAAGCGCGA-1,0.000033,0.018954,0.353895,0.242867,0.38425
AAATTACACGACTCTG-1,0.000212,0.000212,0.095198,0.000212,0.904164
AAATTACCTATCGATG-1,0.000075,0.037553,0.452991,0.000075,0.509305
AAATTCCAGGTCCAAA-1,0.000031,0.02229,0.873634,0.007463,0.096582
AAATTGATAGTCCTTT-1,0.000044,0.039883,0.646451,0.000044,0.313579
AAATTGCGGCGGTTCT-1,0.000021,0.000021,0.999895,0.000021,0.000042
AAATTGGTGAGAAGCA-1,0.000029,0.004731,0.778621,0.000029,0.216591
AAATTTACCGAAATCC-1,0.000033,0.000595,0.657662,0.004508,0.337201
AAATTTGCGGGTGTGG-1,0.000038,0.029749,0.586447,0.018573,0.365194
AACAACTGGTAGTTGC-1,0.000058,0.000058,0.829321,0.000058,0.170506
AACAATACATTGTCGA-1,0.000045,0.035586,0.602425,0.01233,0.349614
AACAATTACTCTACGC-1,0.000074,0.034098,0.498767,0.035476,0.431585
AACACACGCTCGCCGC-1,0.000058,0.000058,0.67297,0.051682,0.275232
AACACGACTGTACTGA-1,0.000112,0.260474,0.000669,0.000112,0.738634
AACACGAGACGCGGCC-1,0.000045,0.000045,0.542956,0.103994,0.352961
AACACGCGGCCGCGAA-1,0.000051,0.000051,0.669443,0.013242,0.317212
AACAGCTGTGTGGCAA-1,0.006341,0.046565,0.743161,0.015479,0.188453
AACAGGAAATCGAATA-1,0.000106,0.039718,0.282584,0.017687,0.659906
AACAGGATGGGCCGCG-1,0.000065,0.014128,0.282324,0.207006,0.496477
AACAGGTAGTATGGAT-1,0.000051,0.000051,0.512866,0.000051,0.486981
AACATAGCGTGTATCG-1,0.00003,0.177343,0.406275,0.015477,0.400875
AACATATCAACTGGTG-1,0.000045,0.000045,0.867783,0.006898,0.12523
AACATCGATACGTCTA-1,0.000034,0.064369,0.690828,0.000034,0.244736
AACATTGAAGTTGATC-1,0.00005,0.12137,0.026822,0.690844,0.160915
AACATTGGTCAGCCGT-1,0.000036,0.037232,0.63177,0.000036,0.330925
AACATTGTGACTCGAG-1,0.00006,0.00006,0.415198,0.025636,0.559045
AACCAAGACTTCTCTG-1,0.000059,0.056473,0.541464,0.053917,0.348087
AACCAGTATCACTCTT-1,0.000039,0.036088,0.862257,0.000039,0.101578
AACCATAGGGTTGAAC-1,0.000628,0.627875,0.000175,0.371264,0.000058
AACCATGGGATCGCTA-1,0.000053,0.047721,0.481347,0.000053,0.470826
AACCCAGAGACGGAGA-1,0.000089,0.068323,0.290473,0.245569,0.395545
AACCCATCCCATGATC-1,0.00005,0.0205,0.385583,0.593766,0.000101
AACCCGACAACCCGTG-1,0.000047,0.063403,0.470299,0.062312,0.40394
AACCCGAGCAGAATCG-1,0.000037,0.031154,0.937051,0.000037,0.031722
AACCCGCTGTATTCCA-1,0.000014,0.096443,0.903502,0.000014,0.000027
AACCCTACTGTCAATA-1,0.000126,0.015827,0.000759,0.000126,0.983161
AACCCTGGTGGAACCA-1,0.000094,0.06111,0.613872,0.045821,0.279103
AACCGAGCTTGGTCAT-1,0.000039,0.000039,0.822994,0.000039,0.176888
AACCGCTAAGGGATGC-1,0.000089,0.173495,0.501381,0.000089,0.324945
AACCGTTGTGTTTGCT-1,0.000101,0.000101,0.230135,0.308297,0.461366
AACCTCGCTTTAGCCC-1,0.000146,0.000146,0.05953,0.000146,0.940033
AACCTGTCACGGAATT-1,0.000078,0.000078,0.548499,0.000078,0.451267
AACCTTTAAATACGGT-1,0.000026,0.000026,0.960569,0.000026,0.039352
AACCTTTACGACGTCT-1,0.000107,0.000107,0.577801,0.000107,0.421879
AACGAAAGTCGTCCCA-1,0.000041,0.304734,0.000244,0.6949,0.000081
AACGACCTCCTAGCCG-1,0.000013,0.000038,0.961268,0.000013,0.038668
AACGATAATGCCGTAG-1,0.000046,0.000046,0.708514,0.000046,0.291348
AACGATAGAAGGGCCG-1,0.000035,0.000035,0.968727,0.000035,0.031169
AACGATATGTCAACTG-1,0.000067,0.000067,0.249622,0.021907,0.728337
AACGCATGATCTGGGT-1,0.000049,0.000049,0.897525,0.000049,0.102329
AACGCGAACGGCAACA-1,0.00012,0.030945,0.469809,0.00012,0.499006
AACGCGACCTTGGGCG-1,0.00003,0.081629,0.842259,0.00003,0.076051
AACGCGGTCTCCAGCC-1,0.000036,0.000036,0.95434,0.007272,0.038316
AACGCTGTTGCTGAAA-1,0.002479,0.118789,0.588565,0.025863,0.264304
AACGGACGTACGTATA-1,0.000031,0.000031,0.704615,0.071851,0.223471
AACGGCCATCTCCGGT-1,0.000026,0.000026,0.692661,0.103668,0.20362
AACGTACTGTGGGTAC-1,0.002946,0.000041,0.415739,0.159102,0.422171
AACGTAGTCTACCCAT-1,0.00008,0.149745,0.378803,0.00008,0.471292
AACGTCAGACTAGTGG-1,0.000025,0.000025,0.999875,0.000025,0.00005
AACGTCATCCGGCTTG-1,0.000029,0.13976,0.860125,0.000029,0.000057
AACGTCGCTGCACTTC-1,0.000072,0.000072,0.056283,0.110125,0.833449
AACGTGATGAAGGACA-1,0.000165,0.000165,0.000992,0.079767,0.91891
AACGTGCGAAAGTCTC-1,0.000026,0.000026,0.958987,0.000026,0.040934
AACGTTATCAGCACCT-1,0.000107,0.000107,0.43964,0.040236,0.519909
AACGTTCTACCATTGT-1,0.000027,0.011048,0.862175,0.000027,0.126722
AACTACCCGTTTGTCA-1,0.000084,0.000084,0.526416,0.000084,0.473332
AACTAGCGTATCGCAC-1,0.000157,0.054733,0.328104,0.000157,0.616848
AACTAGGCTTGGGTGT-1,0.000038,0.000038,0.864572,0.060804,0.074548
AACTCAAGTTAATTGC-1,0.000026,0.000026,0.682057,0.012859,0.305031
AACTCCAGAGCGTGTT-1,0.000099,0.044939,0.515175,0.000099,0.439689
AACTCCTAATCCCATG-1,0.000034,0.000034,0.919879,0.000034,0.080019
AACTCGATAAACACGT-1,0.000017,0.000017,0.99829,0.000017,0.00166
AACTCGATGGCGCAGT-1,0.000035,0.000035,0.947382,0.000035,0.052514
AACTCTCAATAGAGCG-1,0.000141,0.000141,0.000843,0.000141,0.998735
AACTCTCAGTGTGCTC-1,0.000066,0.000066,0.24976,0.092944,0.657165
AACTGAGGTCAGCGTC-1,0.000047,0.000047,0.910879,0.000047,0.088981
AACTGAGTTATACTGA-1,0.000017,0.054874,0.914437,0.000017,0.030654
AACTGATATTAGGCCT-1,0.000064,0.000064,0.462179,0.000064,0.537629
AACTGGGTCCCGACGT-1,0.008522,0.000044,0.71612,0.000044,0.275269
AACTGGGTTCGAGCCG-1,0.000062,0.000062,0.13725,0.018886,0.843741
AACTGGTGTGGGCCTT-1,0.000028,0.005149,0.807415,0.000028,0.187381
AACTTCTGCGTCTATC-1,0.000022,0.002268,0.997644,0.000022,0.000044
AACTTGCCCGTATGCA-1,0.000098,0.000098,0.741554,0.043624,0.214627
AACTTGCGTTCTCGCG-1,0.000092,0.020225,0.710668,0.000092,0.268923
AACTTTACGGGAGCTT-1,0.003501,0.022071,0.759374,0.000039,0.215015
AACTTTAGCTGCTGAG-1,0.000128,0.092924,0.183045,0.114177,0.609728
AACTTTCTCGATCATG-1,0.000024,0.073963,0.814337,0.000024,0.111652
AAGAAAGTTTGATGGG-1,0.000025,0.552558,0.000149,0.447218,0.00005
AAGAAATCACCAGATT-1,0.000023,0.137066,0.570713,0.000023,0.292175
AAGAAGGATCAGTTAG-1,0.000117,0.000117,0.553287,0.000117,0.446361
AAGACATACGTGGTTT-1,0.000052,0.000052,0.646983,0.000052,0.352862
AAGACCAAATAACTCA-1,0.000047,0.505917,0.14245,0.322473,0.029114
AAGACCCAACTGAACA-1,0.000035,0.000035,0.467671,0.126695,0.405565
AAGACTAACCCGTTGT-1,0.000058,0.000058,0.640255,0.000058,0.359571
AAGACTCACGCCCACT-1,0.000011,0.000011,0.782869,0.097668,0.119441
AAGACTGCAAGCTACT-1,0.000033,0.000033,0.903948,0.000033,0.095954
AAGAGATGAATCGGTA-1,0.000036,0.000036,0.817657,0.182199,0.000072
AAGAGCTCTTTATCGG-1,0.002976,0.000068,0.604354,0.000068,0.392533
AAGAGGATGTACGCGA-1,0.000049,0.039823,0.536212,0.106599,0.317316
AAGAGGCATGGATCGC-1,0.000112,0.000112,0.000669,0.000112,0.998996
AAGAGGCCCTTTGGAA-1,0.000038,0.020919,0.918043,0.000038,0.060961
AAGATGGCACCGGACC-1,0.000045,0.024998,0.444819,0.074139,0.456
AAGATTGGCGGAACGT-1,0.000118,0.000118,0.000706,0.012707,0.986352
AAGCACCCTGCGTATC-1,0.000061,0.000061,0.856654,0.000061,0.143163
AAGCATACTCTCCTGA-1,0.000023,0.000023,0.891755,0.053344,0.054855
AAGCCACTTGCAGGTA-1,0.000037,0.08781,0.671309,0.000037,0.240806
AAGCCGAAGCGGTTTA-1,0.000062,0.000062,0.632003,0.0087,0.359172
AAGCCGCCGTGAAATC-1,0.000032,0.009733,0.803234,0.180603,0.006398
AAGCCGCTTTACCTTG-1,0.000012,0.057343,0.933132,0.009491,0.000023
AAGCCGGAGAGCAGGA-1,0.000032,0.045318,0.795135,0.123412,0.036103
AAGCGCAGGGCTTTGA-1,0.000085,0.000085,0.549254,0.000085,0.450492
AAGCGGAGTGCGCGCA-1,0.000006,0.105911,0.894063,0.000006,0.000013
AAGCGGCGTCATGGGT-1,0.000054,0.000054,0.583276,0.014786,0.401829
AAGCGTCCCTCATCGA-1,0.000028,0.000028,0.971254,0.028633,0.000057
AAGCTAGATCGAGTAA-1,0.000028,0.000028,0.661771,0.018754,0.319418
AAGCTATGGATTGACC-1,0.000059,0.466359,0.093735,0.43973,0.000117
AAGCTCGTGCCAAGTC-1,0.000042,0.000042,0.891889,0.000042,0.107986
AAGCTCTTTCATGGTG-1,0.000113,0.000113,0.372954,0.000113,0.626708
AAGGAGAACTTATAAG-1,0.000162,0.130983,0.522839,0.000162,0.345854
AAGGAGCGGTTGGTGC-1,0.000023,0.010081,0.972598,0.000023,0.017274
AAGGATCGATCGCTTG-1,0.000029,0.000029,0.998503,0.000029,0.001409
AAGGATGAGGGACCTC-1,0.000154,0.000154,0.000926,0.000154,0.998611
AAGGCAGGCTGTCTCC-1,0.000035,0.050485,0.949377,0.000035,0.000069
AAGGCGCGTAAAGCTT-1,0.000034,0.000034,0.907242,0.003081,0.08961
AAGGCTGTGCTCATCG-1,0.003517,0.029032,0.316789,0.000042,0.650619
AAGGGAACGACTGGCT-1,0.000071,0.200743,0.000428,0.60968,0.189078
AAGGGACAGATTCTGT-1,0.000082,0.000082,0.518001,0.000082,0.481753
AAGGGACTATGCATTC-1,0.000076,0.139022,0.090864,0.305049,0.464989
AAGGGTTAGCCATGCG-1,0.000044,0.000044,0.49554,0.069767,0.434605
AAGGGTTTGATTTCAG-1,0.000038,0.709317,0.000227,0.290343,0.000076
AAGGTATCCTAATATA-1,0.000106,0.000106,0.530444,0.155886,0.313458
AAGGTGATAAACCAGC-1,0.000166,0.082154,0.248372,0.000166,0.669142
AAGTAAGCTTCCAAAC-1,0.000069,0.000077,0.000412,0.077264,0.922178
AAGTAGAAGACCGGGT-1,0.000038,0.000038,0.893095,0.044117,0.062712
AAGTAGTGACGCGAGG-1,0.002258,0.000049,0.656755,0.043788,0.297151
AAGTCAATTGTCGTCA-1,0.000115,0.000115,0.084717,0.000115,0.914938
AAGTCTAGTAGCTGCC-1,0.000477,0.13873,0.837156,0.00959,0.014046
AAGTCTTCTGTGGCCT-1,0.000075,0.066296,0.124901,0.567531,0.241198
AAGTGACGACCGAATT-1,0.000015,0.005602,0.964986,0.015242,0.014155
AAGTGAGTCGGGTTTA-1,0.000035,0.006489,0.924859,0.009898,0.05872
AAGTGCAAAGGTAGAC-1,0.00004,0.00004,0.779758,0.00004,0.220121
AAGTGCCTTGACTGTA-1,0.000048,0.000048,0.938797,0.003248,0.057859
AAGTGCGTTAGAATCT-1,0.00002,0.0001,0.915982,0.054441,0.029458
AAGTGCTTCTCTATTG-1,0.000038,0.014968,0.515514,0.127309,0.342171
AAGTGTTTGGAGACGG-1,0.000038,0.000038,0.848778,0.000038,0.151109
AAGTTCACTCCAAGCT-1,0.000127,0.03385,0.026927,0.000127,0.938968
AAGTTCAGTCTGCGTA-1,0.000034,0.000034,0.935707,0.000034,0.064191
AAGTTCGGCCAACAGG-1,0.000028,0.072369,0.69867,0.000028,0.228904
AAGTTGTGATGTTATA-1,0.000156,0.000156,0.000939,0.000156,0.998592
AAGTTTACTAATGGCA-1,0.000114,0.000114,0.575729,0.016354,0.40769
AAGTTTATGGGCCCAA-1,0.000072,0.003486,0.483754,0.003457,0.509231
AATAACAACGCTCGGC-1,0.000054,0.000054,0.461034,0.122206,0.416651
AATAACACTAGAACAA-1,0.000024,0.018644,0.808015,0.020229,0.153088
AATAACGTCGCGCCCA-1,0.000013,0.000542,0.999406,0.000013,0.000026
AATAATCTTCGTATCG-1,0.000078,0.107585,0.568344,0.000078,0.323915
AATACAATGTTTCAGG-1,0.00014,0.00014,0.473337,0.057056,0.469326
AATACCGGAGGGCTGT-1,0.001181,0.021402,0.639441,0.000641,0.337335
AATACCTGATGTGAAC-1,0.000076,0.071361,0.476549,0.000076,0.451938
AATAGAACAGAGTGGC-1,0.000029,0.03944,0.798644,0.03573,0.126156
AATAGAATCTGTTTCA-1,0.000147,0.000147,0.000881,0.000147,0.998678
AATAGCAAGCCTCCTG-1,0.000531,0.000029,0.931597,0.000029,0.067812
AATAGCTACCGCGTGC-1,0.000028,0.024065,0.944423,0.000028,0.031456
AATAGGCACGACCCTT-1,0.000012,0.467773,0.511769,0.000012,0.020435
AATAGTCCGTCCCGAC-1,0.000025,0.000025,0.928923,0.000025,0.071001
AATAGTCGCGAGTCGG-1,0.000049,0.022832,0.794603,0.072135,0.110381
AATATCAAGGTCGGAT-1,0.00003,0.00003,0.999848,0.00003,0.000061
AATATCCTAGCAAACT-1,0.000044,0.684385,0.000267,0.144878,0.170426
AATATCGAATCAATGC-1,0.002915,0.000064,0.69149,0.000064,0.305468
AATATCGAGGGTTCTC-1,0.000068,0.000068,0.634378,0.000068,0.365417
AATATTGGAGTATTGA-1,0.001238,0.000084,0.392379,0.086427,0.519872
AATCAGACTGCAGGAC-1,0.000051,0.000051,0.789325,0.000051,0.210522
AATCAGGTTTCATTTA-1,0.000036,0.044533,0.788767,0.052973,0.113691
AATCATGTAAAGACTC-1,0.00227,0.000126,0.550455,0.056418,0.390731
AATCCAAGGGCCTGAG-1,0.000039,0.000863,0.978224,0.000039,0.020834
AATCCATGCAAGGGTG-1,0.000087,0.000087,0.754506,0.000087,0.245233
AATCCCGCTCAGAGCC-1,0.000013,0.14868,0.851269,0.000013,0.000025
AATCGAGGTCTCAAGG-1,0.000025,0.045886,0.588496,0.064338,0.301255
AATCGCCTCAGCGCCA-1,0.000044,0.000044,0.759203,0.000044,0.240664
AATCGCGCAGAGGACT-1,0.000045,0.000045,0.636345,0.000045,0.36352
AATCGGGACACTACGA-1,0.000121,0.000121,0.000727,0.000121,0.998909
AATCGGTATAGCCCTC-1,0.00013,0.072495,0.055093,0.00013,0.872152
AATCGTGAGCCGAGCA-1,0.000133,0.062046,0.000798,0.109149,0.827875
AATCTAGGTTTACTTG-1,0.000394,0.258999,0.502449,0.097831,0.140328
AATCTATGCCGGAGCC-1,0.011751,0.000065,0.64091,0.001632,0.345643
AATCTCTACTGTGGTT-1,0.000046,0.01344,0.666149,0.074409,0.245957
AATCTGCGTTGGGACG-1,0.000116,0.001652,0.000693,0.224305,0.773234
AATCTGGCTTTCTAGT-1,0.003469,0.141307,0.59888,0.255497,0.000847
AATCTGGGTAGACCCT-1,0.000024,0.000024,0.963389,0.005344,0.031219
AATGACAGCAATGTCT-1,0.000042,0.000042,0.750972,0.01801,0.230934
AATGACGTAGGATGTC-1,0.005021,0.000035,0.908636,0.000035,0.086273
AATGACTGTCAGCCGG-1,0.00005,0.00005,0.485938,0.094377,0.419584
AATGAGTTCGCATATG-1,0.000077,0.027482,0.665552,0.000077,0.306811
AATGATGATACGCTAT-1,0.001764,0.000066,0.788191,0.000066,0.209912
AATGATGCGACTCCTG-1,0.000088,0.000088,0.500671,0.000088,0.499065
AATGCAACCGGGTACC-1,0.000061,0.000061,0.635982,0.000061,0.363834
AATGCACCAAGCAATG-1,0.000029,0.000029,0.882682,0.000029,0.117231
AATGGTCCACCGTTCA-1,0.000093,0.144825,0.351274,0.000093,0.503715
AATGGTTCTCACAAGC-1,0.000032,0.000032,0.966938,0.027838,0.00516
AATGTATGGCACTGTA-1,0.000065,0.379555,0.000388,0.619863,0.000129
AATGTGCCCGAGGTGT-1,0.000083,0.073553,0.133328,0.256744,0.536291
AATGTGCTAATCTGAG-1,0.000022,0.089936,0.872332,0.01749,0.02022
AATGTTAAGACCCTGA-1,0.000051,0.097505,0.397595,0.011792,0.493057
AATGTTGTCGTGAGAC-1,0.000059,0.364518,0.000357,0.000059,0.635006
AATTAAAGGTCGGCGT-1,0.000879,0.000027,0.871643,0.016604,0.110847
AATTAACGGATTTCCA-1,0.000083,0.000083,0.559421,0.000083,0.44033
AATTACGAGACCCATC-1,0.00004,0.721584,0.000238,0.27806,0.000079
AATTACTCGTACGCTC-1,0.000148,0.000148,0.44297,0.019457,0.537277
AATTAGCGCTGCAGCG-1,0.000042,0.000042,0.610797,0.031356,0.357762
AATTATACCCAGCAAG-1,0.000054,0.193044,0.509418,0.000054,0.297429
AATTCATAAGGGATCT-1,0.000078,0.000078,0.588385,0.004532,0.406927
AATTCATTGTCATGCA-1,0.000062,0.573079,0.003161,0.340294,0.083405
AATTCCAACTTGGTGA-1,0.000031,0.005688,0.673174,0.000031,0.321076
AATTCCAAGCATGTAC-1,0.00004,0.047477,0.847258,0.057553,0.047671
AATTCGATTCGAGGAT-1,0.00021,0.029686,0.236285,0.00021,0.733608
AATTCTAGAGTTAGGC-1,0.00007,0.00007,0.582197,0.00007,0.417592
AATTGAACGCTCTGGT-1,0.000102,0.000103,0.000615,0.000103,0.999077
AATTGCAGCAATCGAC-1,0.000255,0.081252,0.029513,0.000255,0.888726
AATTGCGTGGATTACA-1,0.000031,0.797765,0.000183,0.201959,0.000061
AATTGTGGTTGCCAAA-1,0.000015,0.000015,0.999844,0.000015,0.00011
AATTTGGGACATAGTA-1,0.000049,0.08501,0.699578,0.016092,0.19927
AATTTGGTTCCAAAGA-1,0.000131,0.000131,0.244063,0.000131,0.755546
ACAAACCATGCGTCCT-1,0.000058,0.152322,0.089716,0.752986,0.004917
ACAAACTCCATCAGAG-1,0.000025,0.000025,0.901581,0.043273,0.055097
ACAAAGAAGGTAGGCC-1,0.000031,0.327211,0.316344,0.340531,0.015884
ACAAAGCATGACCTAG-1,0.000057,0.08688,0.519107,0.000057,0.393898
ACAAATCGCACCGAAT-1,0.000086,0.000086,0.280846,0.037487,0.681494
ACAAATGGTAGTGTTT-1,0.000153,0.000153,0.000918,0.000153,0.998622
ACAAATTCAGATCTGA-1,0.000027,0.000027,0.912222,0.025621,0.062103
ACAACAGCATGAGCTA-1,0.000041,0.000041,0.763307,0.000041,0.236569
ACAACGGTCCCTGCGA-1,0.000063,0.035712,0.845236,0.000063,0.118926
ACAAGCAGTGCCTAGC-1,0.000044,0.012498,0.651878,0.148109,0.187471
ACAAGCTATATGGAAG-1,0.00007,0.00007,0.188863,0.077418,0.733578
ACAAGGAAATCCGCCC-1,0.000043,0.033518,0.245509,0.000043,0.720887
ACAAGGACAAGAGGTT-1,0.000069,0.000069,0.475054,0.061145,0.463663
ACAAGGATGCTTTAGG-1,0.000115,0.079725,0.243778,0.048311,0.628072
ACAAGGCCTACCAGCC-1,0.00001,0.012213,0.987748,0.00001,0.000019
ACAAGGGCAGGCTCTG-1,0.000034,0.000034,0.856885,0.000034,0.143013
ACAAGTAATTGTAAGG-1,0.000061,0.242343,0.06647,0.539826,0.151299
ACAATAGTCGTACGTT-1,0.000043,0.023542,0.709261,0.101301,0.165851
ACAATCCATTTAAACC-1,0.000052,0.000052,0.576699,0.026143,0.397054
ACAATCGATCTTTATA-1,0.000105,0.27444,0.592894,0.058317,0.074244
ACAATGAATACGGAGA-1,0.000035,0.017845,0.583055,0.218145,0.18092
ACAATGATTCTTCTAC-1,0.000021,0.000021,0.829316,0.055629,0.115014
ACAATTGTGTCTCTTT-1,0.000179,0.06589,0.3198,0.000179,0.613951
ACAATTTAGGAGGCTC-1,0.000029,0.000029,0.925417,0.000029,0.074495
ACAATTTGAGCAGTGG-1,0.000116,0.000116,0.079008,0.311223,0.609537
ACAATTTGGCCATATT-1,0.000042,0.000042,0.777748,0.000042,0.222126
ACACAAAGACGGGTGG-1,0.000118,0.26139,0.188779,0.000118,0.549595
ACACAAATATTCCTAG-1,0.000011,0.225447,0.77451,0.000011,0.000021
ACACACCAGGACCAGT-1,0.000124,0.000124,0.000743,0.119232,0.879777
ACACACTTTCTACACG-1,0.000066,0.000066,0.785027,0.000066,0.214774
ACACATGATCAAATCT-1,0.000094,0.104186,0.080057,0.7523,0.063363
ACACATTGACGCAACA-1,0.000078,0.000078,0.68831,0.000078,0.311457
ACACATTTCCGTAGAC-1,0.000071,0.000071,0.704215,0.00907,0.286573
ACACCACATAATTAGC-1,0.000031,0.031764,0.898221,0.000031,0.069954
ACACCCAGCATGCAGC-1,0.000048,0.029931,0.636177,0.035081,0.298764
ACACCCGAGAAATCCG-1,0.000027,0.070724,0.771027,0.000027,0.158194
ACACCGAGCGCTCTTT-1,0.00002,0.00002,0.891627,0.089806,0.018528
ACACCGGTCTGACCGC-1,0.000049,0.181779,0.011114,0.80696,0.000098
ACACCTTAAGTAGGGC-1,0.000035,0.000035,0.919989,0.010003,0.069938
ACACCTTACTACTTGC-1,0.000073,0.000073,0.517931,0.000073,0.481851
ACACGAGACTCCTTCT-1,0.000069,0.000069,0.604349,0.000069,0.395442
ACACGGCACTATGCAT-1,0.000044,0.009034,0.710638,0.099688,0.180596
ACACGGGAACTTAGGG-1,0.000055,0.000055,0.45942,0.000055,0.540415
ACACGTAGGCCACAAG-1,0.000063,0.000063,0.808132,0.000063,0.191679
ACACTCCAATGTCACT-1,0.000096,0.014817,0.734741,0.000096,0.25025
ACACTGATCAAGGTGT-1,0.000867,0.00972,0.588639,0.007649,0.393125
ACACTGGGACAGTCGT-1,0.000046,0.090359,0.698776,0.000046,0.210773
ACAGAACTGAGAACAA-1,0.00005,0.00005,0.12058,0.383063,0.496256
ACAGATTAGGTTAGTG-1,0.000225,0.000225,0.157375,0.000225,0.84195
ACAGCATAGAGCCAGT-1,0.000089,0.000089,0.661904,0.000089,0.33783
ACAGCGACATTCTCAT-1,0.000261,0.175242,0.416823,0.000261,0.407413
ACAGCGCACCCGCAGC-1,0.003697,0.147478,0.241126,0.079091,0.528608
ACAGGAGGCGCAGCCG-1,0.00004,0.00004,0.599736,0.00004,0.400146
ACAGGCACGGATCCTT-1,0.000057,0.121428,0.608552,0.000057,0.269906
ACAGGCTTGCCCGACT-1,0.000082,0.083882,0.000491,0.0429,0.872645
ACAGGTGGAGGTGAGG-1,0.00003,0.00003,0.710073,0.067621,0.222247
ACAGGTGTGTTGTTGC-1,0.000022,0.076275,0.712391,0.04254,0.168772
ACAGTAATACAACTTG-1,0.000024,0.029422,0.632957,0.313303,0.024294
ACAGTATACCGTGGGA-1,0.000025,0.035704,0.829189,0.000025,0.135056
ACATAAGTCGTGGTGA-1,0.000045,0.525671,0.00027,0.432469,0.041544
ACATAATAAGGCGGTG-1,0.000078,0.000078,0.444882,0.000078,0.554884
ACATACAATCAAGCGG-1,0.001067,0.06799,0.656927,0.038613,0.235404
ACATCAGCTGGGACGC-1,0.000068,0.075812,0.464461,0.08073,0.378929
ACATCCCGGCCATACG-1,0.000068,0.000068,0.356162,0.049643,0.594059
ACATCCTGGTAACTGT-1,0.000095,0.000095,0.405731,0.025286,0.568794
ACATCGATCGTTTACC-1,0.000034,0.000034,0.950286,0.000034,0.049613
ACATCGCAATATTCGG-1,0.000034,0.029466,0.684235,0.18067,0.105595
ACATCGGTCAGCCGCG-1,0.00005,0.00005,0.635352,0.073238,0.29131
ACATCGTATGCAATGG-1,0.000075,0.000075,0.440488,0.010059,0.549303
ACATCGTTAACCTAGT-1,0.003098,0.000081,0.670536,0.063595,0.262689
ACATCTCAACGCGTAA-1,0.000022,0.028971,0.647563,0.15921,0.164234
ACATGCTTACGGCAGC-1,0.000037,0.335183,0.00022,0.664486,0.000073
ACATGGCGCCAAAGTA-1,0.000075,0.000075,0.40321,0.082268,0.514373
ACATGGCTCAATTTAG-1,0.000079,0.000079,0.567942,0.000079,0.43182
ACATTAGTTTATATCC-1,0.000078,0.000078,0.531968,0.016288,0.451588
ACATTCGCGCGGAATA-1,0.000035,0.334516,0.40016,0.020916,0.244373
ACATTTGAAACCTAAC-1,0.000031,0.054777,0.681964,0.04892,0.214308
ACCAAACACCCAGCGA-1,0.000022,0.063689,0.898118,0.000022,0.03815
ACCAAACTAGAAATCC-1,0.00002,0.04347,0.667384,0.10449,0.184636
ACCAACACCACACACT-1,0.000027,0.068545,0.622329,0.000027,0.309072
ACCAACCGCACTCCAC-1,0.000138,0.378795,0.293434,0.000138,0.327497
ACCAACGCTTATTTAT-1,0.000035,0.000035,0.956344,0.020985,0.022602
ACCAAGAACGCGTGTC-1,0.000058,0.022991,0.796994,0.000058,0.1799
ACCAAGTCATCGGCAG-1,0.000087,0.000087,0.000524,0.286729,0.712573
ACCAATATGCAAGTTA-1,0.00004,0.00004,0.862956,0.00004,0.136926
ACCACAACTCAGAACA-1,0.000139,0.196975,0.106041,0.000211,0.696634
ACCACAAGTTTCTATC-1,0.000056,0.000056,0.409827,0.000056,0.590004
ACCACACGGTTGATGG-1,0.000019,0.039977,0.526559,0.056829,0.376616
ACCACCAATGTAACAA-1,0.000072,0.000072,0.515656,0.000072,0.484129
ACCACCCTCTCTTCTA-1,0.000019,0.025255,0.967177,0.007513,0.000037
ACCACGTGCAGCTATA-1,0.000044,0.008067,0.608708,0.000044,0.383137
ACCACTGTTCAAGAAG-1,0.000092,0.048557,0.533225,0.000092,0.418033
ACCAGACCATAACAAC-1,0.000021,0.142717,0.709094,0.058095,0.090073
ACCAGCCCGGTCTTTG-1,0.000019,0.028215,0.618763,0.198043,0.154961
ACCAGGAGTGTGATCT-1,0.000358,0.205134,0.485465,0.000358,0.308685
ACCAGTGCCCGGTCAA-1,0.006114,0.000051,0.909096,0.000051,0.084688
ACCAGTGCGGGAGACG-1,0.000094,0.018878,0.480806,0.016088,0.484135
ACCATATCCGCAATAA-1,0.000022,0.000105,0.788137,0.000022,0.211713
ACCATCCGCCAACTAG-1,0.000047,0.027204,0.121733,0.803461,0.047555
ACCATCGTATATGGTA-1,0.000047,0.000047,0.741758,0.178211,0.079938
ACCATTAAGGGTGTCA-1,0.000043,0.000591,0.776746,0.064355,0.158266
ACCCAACGCCCGTGGC-1,0.000118,0.24938,0.198204,0.000118,0.55218
ACCCACCTACATGCTC-1,0.000105,0.000105,0.227763,0.03054,0.741488
ACCCATCTTGAGGGTA-1,0.000069,0.016183,0.521407,0.074351,0.387991
ACCCATTTGTCCCTCT-1,0.000164,0.084903,0.174606,0.020949,0.719377
ACCCGAGCGAAATTAC-1,0.000053,0.054098,0.346278,0.063806,0.535765
ACCCGATTGGTTCCGA-1,0.000021,0.000021,0.940557,0.035836,0.023566
ACCCGGAAACTCCCAG-1,0.000042,0.000042,0.810071,0.017328,0.172517
ACCCGGAGCACCACAA-1,0.000032,0.063824,0.872849,0.000032,0.063264
ACCCGGATGACGCATC-1,0.00004,0.00004,0.906565,0.00004,0.093315
ACCCGGTTACACTTCC-1,0.000067,0.000067,0.622325,0.079991,0.29755
ACCCGTAGCAGAGAAT-1,0.000037,0.121442,0.375129,0.503318,0.000074
ACCCGTAGTCTAGTTG-1,0.000018,0.030563,0.924413,0.000018,0.044988
ACCCGTGTCATCAGTA-1,0.000037,0.020684,0.748811,0.090235,0.140233
ACCCTATAGGACTGAG-1,0.000031,0.000031,0.957598,0.000031,0.04231
ACCCTATGCCATATCG-1,0.000021,0.047005,0.95291,0.000021,0.000042
ACCCTCCCGTCAGGGC-1,0.000095,0.373958,0.433166,0.000095,0.192686
ACCCTCCCTTGCTATT-1,0.004103,0.00008,0.220076,0.00008,0.775661
ACCCTGGTAACGCCCT-1,0.000081,0.000081,0.633052,0.000081,0.366706
ACCCTTCATCTGCGAA-1,0.000111,0.000111,0.525806,0.000111,0.473862
ACCCTTGCCTGGGTCG-1,0.000009,0.202763,0.794833,0.000009,0.002386
ACCCTTTAGTTCTCCA-1,0.000068,0.042993,0.61223,0.110462,0.234246
ACCGAAAGGGCCCTGC-1,0.000023,0.000023,0.998894,0.000023,0.001036
ACCGAAGAGTCTGGTT-1,0.000077,0.097243,0.100823,0.779986,0.021871
ACCGACACATCTCCCA-1,0.00007,0.00007,0.686058,0.00007,0.313732
ACCGACTGAGTCCCAC-1,0.000086,0.000086,0.557991,0.000086,0.441752
ACCGAGTCTCCTTATT-1,0.000055,0.415654,0.000328,0.000055,0.583909
ACCGATAGGCATAACC-1,0.00008,0.00008,0.54045,0.00008,0.459309
ACCGATATTTAATCAT-1,0.000033,0.042026,0.957843,0.000033,0.000065
ACCGATGGTAGCATCG-1,0.000095,0.038002,0.000569,0.067292,0.894041
ACCGCAATAACTGCCT-1,0.000034,0.000034,0.817061,0.005275,0.177595
ACCGCGGTGGAAGTCG-1,0.000076,0.000076,0.137413,0.003881,0.858555
ACCGCTAGTCATTGGT-1,0.000056,0.165603,0.530346,0.000056,0.303938
ACCGGGCCTTTGTTGA-1,0.000115,0.000115,0.000687,0.000115,0.998969
ACCGGTCAGGTACACC-1,0.00009,0.230218,0.000537,0.560498,0.208657
ACCGGTCTGAGTACGG-1,0.000032,0.000032,0.940693,0.000032,0.05921
ACCGTCCACTGGGCCC-1,0.000049,0.220639,0.241365,0.536025,0.001922
ACCGTGACCACGTGGG-1,0.001481,0.070506,0.766722,0.000031,0.16126
ACCGTTCCCGCTCTGA-1,0.000049,0.024281,0.655149,0.095391,0.22513
ACCTAAGTACCTTTCA-1,0.000035,0.067066,0.598932,0.016923,0.317043
ACCTAATCGACTTCCT-1,0.000023,0.073933,0.887232,0.000023,0.038789
ACCTACAGTATGTGGT-1,0.00004,0.00004,0.93357,0.00004,0.066311
ACCTACTATAAATCTA-1,0.00005,0.00005,0.631646,0.060951,0.307304
ACCTCAGCGAGGCGCA-1,0.00004,0.125215,0.667983,0.008519,0.198244
ACCTCCGCCCTCGCTG-1,0.000057,0.000057,0.747241,0.000057,0.252589
ACCTCCGTTATTCACC-1,0.000082,0.000082,0.593447,0.000082,0.406306
ACCTCGAACTTATGCT-1,0.00008,0.205715,0.228801,0.565244,0.00016
ACCTGCGTGTCATGTT-1,0.000037,0.034872,0.740412,0.095382,0.129298
ACGAAATGGGCGGCAC-1,0.000036,0.000036,0.832109,0.009556,0.158264
ACGACCCATGAGTTGC-1,0.000028,0.19073,0.533144,0.000028,0.276069
ACGACTCTAGGGCCGA-1,0.000041,0.113291,0.585876,0.008199,0.292594
ACGACTGGTCATACTC-1,0.000024,0.012977,0.936351,0.043131,0.007517
ACGAGAACCCATCACG-1,0.004536,0.000037,0.865716,0.000037,0.129674
ACGAGATATTTGCTTA-1,0.000208,0.046317,0.090635,0.12075,0.742091
ACGAGGATACCACTCT-1,0.0001,0.054338,0.024197,0.614073,0.307293
ACGAGGTTTACAACGT-1,0.000018,0.329927,0.454455,0.215562,0.000037
ACGAGTACGGATGCCC-1,0.0001,0.0001,0.255724,0.101122,0.642954
ACGAGTCGCCGGCGTT-1,0.000028,0.005487,0.638886,0.000028,0.355571
ACGATACATAGAACTA-1,0.000123,0.004385,0.581571,0.049996,0.363925
ACGATACCTATCCTGA-1,0.000026,0.002007,0.62011,0.047173,0.330684
ACGATCATACATAGAG-1,0.000036,0.000036,0.977386,0.000036,0.022506
ACGATCATCTTGTAAA-1,0.00242,0.000218,0.810197,0.000058,0.187107
ACGATGCATATGTTAT-1,0.000043,0.000043,0.645339,0.222963,0.131611
ACGATGGATCCGATGC-1,0.000214,0.032523,0.460551,0.000214,0.506497
ACGCAAACTAATAGAT-1,0.000034,0.045344,0.665598,0.048653,0.240372
ACGCAATCACTACAGC-1,0.000057,0.000057,0.843777,0.000057,0.156051
ACGCATAAATGACATG-1,0.000031,0.000031,0.78338,0.010338,0.206219
ACGCATACGTTTACTA-1,0.00013,0.00013,0.106691,0.001549,0.8915
ACGCATTCGTGAGTAC-1,0.000049,0.000049,0.96009,0.000049,0.039764
ACGCCACTCGAAACAG-1,0.000059,0.358227,0.3805,0.000059,0.261154
ACGCCAGATGATTTCT-1,0.000187,0.023906,0.001122,0.000187,0.974597
ACGCCAGTGCGTTTGC-1,0.000055,0.043903,0.636903,0.030582,0.288557
ACGCCGCTAGACGACC-1,0.000046,0.000046,0.617727,0.100369,0.281811
ACGCCTGACACGCGCT-1,0.000037,0.006231,0.501456,0.007489,0.484786
ACGCGAAGTCAGACGA-1,0.00002,0.00002,0.931849,0.00002,0.068091
ACGCGCTACACAGGGT-1,0.000046,0.016798,0.274891,0.279787,0.428478
ACGCGGGCCAAGGACA-1,0.000019,0.000019,0.999904,0.000019,0.000038
ACGCGTTTCTTAAGAG-1,0.000064,0.000064,0.228948,0.064546,0.706378
ACGCTACTGAATGGGC-1,0.000043,0.117742,0.632828,0.000043,0.249343
ACGCTAGTGATACACT-1,0.000034,0.000034,0.967974,0.000034,0.031924
ACGCTGTGAGGCGTAG-1,0.00003,0.060461,0.903133,0.00003,0.036346
ACGCTTAGTGTCTCTC-1,0.000051,0.099414,0.546224,0.184601,0.169711
ACGGAACACGAGTGCC-1,0.000043,0.044372,0.714375,0.077416,0.163794
ACGGAATTTAGCAAAT-1,0.000137,0.094782,0.040077,0.000137,0.864867
ACGGACGCAGCGACAA-1,0.000017,0.608473,0.000104,0.387277,0.004128
ACGGACTCTCAAAGCG-1,0.000045,0.000045,0.878181,0.012406,0.109323
ACGGAGCGCAAATTAC-1,0.000064,0.000064,0.542219,0.07689,0.380763
ACGGATGGTGCGGATA-1,0.000036,0.000036,0.855347,0.003006,0.141576
ACGGCACTTGCTTGGG-1,0.000066,0.000066,0.451381,0.037606,0.510879
ACGGCCAACATGGACT-1,0.000026,0.000026,0.75371,0.008444,0.237794
ACGGCGACGATGGGAA-1,0.000034,0.000034,0.83058,0.000034,0.169319
ACGGCGGGTTGCCCTG-1,0.000019,0.000019,0.999906,0.000019,0.000038
ACGGCTGGATGTAGAA-1,0.000057,0.225214,0.000341,0.774275,0.000114
ACGGGAGTGTCGGCCC-1,0.00006,0.046157,0.27566,0.13479,0.543333
ACGGGCGTATGCGACA-1,0.000032,0.093503,0.851673,0.000032,0.05476
ACGGGTCATGTGACTT-1,0.000083,0.000083,0.599444,0.000083,0.400306
ACGGGTTGTGACCTGT-1,0.001692,0.612033,0.000294,0.385883,0.000098
ACGGTACAGTTCAATG-1,0.002741,0.194532,0.589136,0.000109,0.213482
ACGGTCACCGAGAACA-1,0.000031,0.58118,0.000186,0.418541,0.000062
ACGTACAGATTTCTCT-1,0.000167,0.000167,0.399432,0.000167,0.600068
ACGTACTTTGGCACGG-1,0.000026,0.125094,0.855759,0.000026,0.019094
ACGTAGATTGCTGATG-1,0.000026,0.000026,0.941288,0.000311,0.058348
ACGTAGGAGAGTCGCT-1,0.000027,0.032495,0.879509,0.000027,0.087942
ACGTATTACTCCGATC-1,0.000159,0.000159,0.000954,0.000159,0.998569
ACGTCCTAAACGAGAT-1,0.000012,0.033988,0.682241,0.091619,0.19214
ACGTCGGGCAACTCGG-1,0.000032,0.502313,0.057324,0.440268,0.000063
ACGTCTCGTTCCGGGA-1,0.000027,0.136475,0.580145,0.18232,0.101033
ACGTGACAAAGTAAGT-1,0.000023,0.477734,0.28677,0.235428,0.000046
ACGTGCGCCTCGTGCA-1,0.000054,0.000054,0.77005,0.000054,0.229789
ACGTGGTCGAATGTGC-1,0.000032,0.032363,0.629798,0.24577,0.092037
ACGTTAATGTCGAAGA-1,0.000064,0.000064,0.603228,0.022478,0.374165
ACGTTAGATTTGCCCG-1,0.000022,0.01759,0.93867,0.003387,0.040332
ACGTTATTGGTCACTC-1,0.000239,0.013567,0.930471,0.000034,0.055688
ACGTTCACTATGCCGC-1,0.000301,0.437011,0.503595,0.041292,0.017801
ACGTTCCGCGCTCCGT-1,0.00004,0.00004,0.918729,0.00004,0.081151
ACGTTCGCAATCAATT-1,0.000054,0.000054,0.794222,0.000054,0.205616
ACGTTCGTTCAGGAAA-1,0.000023,0.015662,0.882353,0.093665,0.008298
ACGTTCTGTACAAGTC-1,0.000122,0.301989,0.378889,0.000122,0.318878
ACGTTGTCGTTGAAAG-1,0.000453,0.209191,0.786605,0.000013,0.003738
ACGTTTAGTTGTGATC-1,0.00626,0.000232,0.001392,0.079145,0.912971
ACGTTTCGGTGCACTT-1,0.000018,0.055055,0.932729,0.000018,0.01218
ACTAAGGACGCACACC-1,0.000014,0.104061,0.773008,0.000014,0.122903
ACTAATACGTCAGGCG-1,0.000032,0.000032,0.934587,0.000032,0.065316
ACTACAAAGAGAGGTG-1,0.000042,0.000042,0.595548,0.000042,0.404327
ACTACATCCCGACAAG-1,0.000046,0.304345,0.13177,0.551175,0.012664
ACTACCAGCTCTCTGG-1,0.00004,0.00004,0.942534,0.003478,0.053908
ACTACCATCCGAGGGC-1,0.000008,0.383503,0.616464,0.000008,0.000016
ACTACGCGTTAGAATT-1,0.000044,0.015721,0.658357,0.016492,0.309386
ACTAGTTGCGATCGTC-1,0.000055,0.021969,0.787713,0.000055,0.190209
ACTATATGCTGTGTTC-1,0.000044,0.038008,0.771166,0.000044,0.190739
ACTATCCAGGGCATGG-1,0.000072,0.000072,0.738224,0.000072,0.261559
ACTATCGCCGGCTAAA-1,0.00004,0.00004,0.61651,0.000476,0.382935
ACTATCTGCCCGCGTA-1,0.000073,0.000073,0.684545,0.000073,0.315238
ACTATGTCCAGCTGCC-1,0.000042,0.305931,0.136418,0.557524,0.000084
ACTATTCGTCCGTGGT-1,0.000262,0.000262,0.197052,0.000262,0.802162
ACTATTTCCGGGCCCA-1,0.002232,0.014197,0.837829,0.000035,0.145707
ACTCAACGAATGTATT-1,0.000054,0.000054,0.769993,0.000054,0.229845
ACTCAAGTGCAAGGCT-1,0.000143,0.000143,0.000859,0.055329,0.943525
ACTCAATAAAGGCACG-1,0.000041,0.000041,0.843689,0.000041,0.156188
ACTCAGACCTGCTTCT-1,0.000032,0.000032,0.999838,0.000032,0.000065
ACTCATGGCAGCCTTC-1,0.000058,0.618354,0.000347,0.374906,0.006335
ACTCCAATATCATCAT-1,0.000061,0.056876,0.61999,0.077087,0.245985
ACTCCCATTCCTAAAG-1,0.000036,0.000036,0.765902,0.091088,0.142937
ACTCCCGAATTCGTTT-1,0.000109,0.000109,0.466841,0.000109,0.532833
ACTCCCGTAGACTAGG-1,0.000031,0.000031,0.836939,0.000031,0.162967
ACTCCCTAATGCTAAA-1,0.000033,0.000033,0.939195,0.000033,0.060704
ACTCCCTAGAATAGTA-1,0.00005,0.006117,0.288466,0.139117,0.566249
ACTCCGGCCGACCACT-1,0.000054,0.144738,0.493247,0.009103,0.352857
ACTCGATGTATTTCAT-1,0.000045,0.000045,0.986333,0.000045,0.013532
ACTCGCCGTTCGATAA-1,0.000038,0.202585,0.622332,0.000038,0.175008
ACTCGCGATCTGACGC-1,0.000038,0.000038,0.731523,0.000038,0.268363
ACTCGTAACCCGTCCT-1,0.000027,0.023625,0.857963,0.074091,0.044293
ACTCGTCAGTAATCCC-1,0.000043,0.000043,0.810403,0.000043,0.189467
ACTCTAAACCTGGGAT-1,0.000051,0.000051,0.301843,0.102004,0.596051
ACTCTCTGACTTAGGT-1,0.000036,0.000036,0.965517,0.000036,0.034376
ACTCTCTTATACACGA-1,0.000212,0.000212,0.001272,0.000212,0.998093
ACTCTGACCTAATAGA-1,0.000057,0.060482,0.601632,0.000057,0.337771
ACTCTTCAGCTCCCGC-1,0.002906,0.30995,0.632365,0.000017,0.054761
ACTCTTGTATAGTAAC-1,0.000039,0.000039,0.778503,0.000039,0.221379
ACTGAAACGCCGTTAG-1,0.000056,0.036355,0.617915,0.018622,0.327052
ACTGAATGGCGAAAGT-1,0.000073,0.000073,0.313729,0.000073,0.686052
ACTGATTTAGTGATTC-1,0.000055,0.058676,0.610788,0.242784,0.087697
ACTGCCCGCCATTCTC-1,0.000025,0.066881,0.85487,0.019245,0.058978
ACTGCCGTCGTAACTC-1,0.000103,0.000103,0.029391,0.000103,0.9703
ACTGCGGACACACCGT-1,0.000081,0.137312,0.550675,0.000081,0.311851
ACTGCTCGGAAGGATG-1,0.00012,0.050411,0.002312,0.589216,0.357942
ACTGGCGAACCTGCGT-1,0.000011,0.087524,0.897386,0.000011,0.015069
ACTGGGATGCCAGTGC-1,0.000009,0.01452,0.977059,0.000009,0.008402
ACTGTACGATACACAT-1,0.00009,0.00009,0.000541,0.329708,0.669571
ACTGTAGCACTTTGGA-1,0.000044,0.000044,0.999781,0.000044,0.000088
ACTGTATACGCGAGCA-1,0.000134,0.000134,0.639667,0.000134,0.35993
ACTGTCCAGGATTATA-1,0.000045,0.000045,0.740117,0.000045,0.259747
ACTGTCTTCTTTAGAA-1,0.000042,0.000042,0.838206,0.000042,0.161669
ACTGTGCTAGTAGATC-1,0.000097,0.092348,0.795622,0.000097,0.111837
ACTGTTTAGTGTAGGC-1,0.003378,0.000128,0.698322,0.000128,0.298044
ACTTACCGGGCGCGCA-1,0.000034,0.00686,0.927875,0.000034,0.065196
ACTTACGCATCCACGC-1,0.000047,0.000047,0.762746,0.000047,0.237111
ACTTAGTACGACAAGA-1,0.00005,0.00005,0.85812,0.00005,0.141729
ACTTATACTTACCCGG-1,0.000136,0.221722,0.000817,0.000136,0.777189
ACTTATCTGATCTATA-1,0.000081,0.000081,0.122437,0.003352,0.874049
ACTTATTAGGATCGGT-1,0.00003,0.00003,0.855812,0.00003,0.144097
ACTTATTTATGTGCCA-1,0.000179,0.000179,0.119424,0.000179,0.880038
ACTTCAGGCTGATCCC-1,0.000054,0.000054,0.71255,0.000054,0.287288
ACTTCCAGTGGAAGCT-1,0.000027,0.72447,0.27542,0.000027,0.000055
ACTTCCATGCGGGACA-1,0.000112,0.017399,0.000669,0.064639,0.917182
ACTTCGCCATACGCAC-1,0.000116,0.000116,0.260124,0.000116,0.739528
ACTTCGCTAGCGAGTG-1,0.000021,0.224433,0.738063,0.000021,0.037461
ACTTGACTCCCTCTTT-1,0.000037,0.000037,0.951818,0.000037,0.048071
ACTTGCCATATTGTAC-1,0.000329,0.275535,0.243536,0.000329,0.48027
ACTTGCTCTATCTACC-1,0.000059,0.455888,0.019593,0.524341,0.000118
ACTTGGGACCCGGTGG-1,0.00004,0.00004,0.559702,0.00004,0.440177
ACTTGGGCTTTCGCCA-1,0.000133,0.296091,0.000795,0.000133,0.702849
ACTTGTAGTCCCTTCA-1,0.000093,0.1041,0.101658,0.559833,0.234316
ACTTGTGGATGGAACG-1,0.000068,0.000068,0.341188,0.000068,0.658608
ACTTGTTACCGGATCA-1,0.000053,0.133634,0.604906,0.056546,0.204862
ACTTTACCCTCATGAA-1,0.000065,0.000065,0.649225,0.000065,0.35058
ACTTTATACACCACTT-1,0.000034,0.577543,0.000206,0.422148,0.000069
ACTTTCCTATAGCTTC-1,0.00008,0.00008,0.606812,0.00008,0.392946
ACTTTGACTGCATCCT-1,0.000061,0.103034,0.319164,0.087146,0.490595
ACTTTGGTCGTGCTCC-1,0.000035,0.379476,0.354305,0.266114,0.00007
ACTTTGTCGACGCACT-1,0.000067,0.01646,0.877644,0.000067,0.105761
AGAAATTATGACTCGC-1,0.000035,0.009984,0.848121,0.016297,0.125563
AGAACACGGCGATGGT-1,0.000016,0.335885,0.18734,0.476728,0.000031
AGAACCCAGCGTGACA-1,0.000033,0.028121,0.761034,0.048042,0.162771
AGAACCCTCAATTGGG-1,0.000043,0.428116,0.000257,0.525157,0.046428
AGAACGTGGTACATTC-1,0.000033,0.000033,0.834287,0.000033,0.165613
AGAACTGTACTTTGTA-1,0.000016,0.05859,0.707698,0.043492,0.190204
AGAAGAGCGCCGTTCC-1,0.000548,0.000548,0.763974,0.000548,0.234383
AGAAGGTACACTTCAC-1,0.000891,0.111017,0.065949,0.566373,0.25577
AGAAGGTTGCCGAATT-1,0.000066,0.000066,0.561086,0.000066,0.438715
AGAAGGTTGTAGGTCG-1,0.000167,0.000167,0.164844,0.000167,0.834654
AGAAGTGATTCGTGAT-1,0.000043,0.000043,0.775313,0.035902,0.188699
AGAATAAATCTTCAGG-1,0.000044,0.011932,0.640673,0.071994,0.275357
AGAATACAGGCTATCC-1,0.000017,0.078038,0.709748,0.025381,0.186816
AGAATGCGGGTTCGGA-1,0.000824,0.00004,0.895105,0.00004,0.10399
AGAATTATGGATTCGA-1,0.001705,0.000086,0.576653,0.000086,0.42147
AGAATTGTTTGACATA-1,0.000022,0.047886,0.952027,0.000022,0.000044
AGACAGCTCAGAATCC-1,0.00005,0.102978,0.682234,0.01626,0.198478
AGACAGGCATCTCAGC-1,0.000032,0.000032,0.722884,0.093767,0.183286
AGACATAGATCCTTCC-1,0.000022,0.000022,0.999892,0.000022,0.000043
AGACCAAACCACACCT-1,0.000056,0.010476,0.273773,0.541842,0.173854
AGACCATGGGATACAA-1,0.00006,0.00006,0.656187,0.048863,0.294829
AGACCCACCGCTGATC-1,0.000028,0.000028,0.86292,0.000028,0.136995
AGACCCGCCCTCCTCG-1,0.000033,0.000033,0.925455,0.019967,0.054512
AGACCGCTCCGCGGTT-1,0.000056,0.000056,0.613106,0.000056,0.386727
AGACCGGGAAACCCTG-1,0.00003,0.093263,0.731279,0.00003,0.175397
AGACGAAGTGCCGGTC-1,0.001991,0.000134,0.000803,0.057158,0.939913
AGACGACGATGCCGCT-1,0.000042,0.000042,0.739247,0.02086,0.239809
AGACGCCCACTTCGCC-1,0.000048,0.071693,0.50036,0.000048,0.427851
