Barcode,Topic 1,Topic 2to3,Topic 4,Topic 5to6,Topic 7to12
AAACAACGAATAGTTC-1,0.000005,0.001283,0.074536,0.498689,0.425487
AAACAAGTATCTCCCA-1,0.087681,0.567222,0.065378,0.138915,0.140803
AAACAATCTACTAGCA-1,0.166795,0.820642,0.000043,0.012264,0.000257
AAACACCAATAACTGC-1,0.099588,0.611262,0.000024,0.074672,0.214454
AAACAGAGCGACTCCT-1,0.005324,0.179695,0.000019,0.000693,0.81427
AAACAGCTTTCAGAAG-1,0.000406,0.004642,0.00096,0.01239,0.981603
AAACAGGGTCTATATT-1,0.026137,0.224063,0.177844,0.052574,0.519382
AAACAGTGTTCCTGGG-1,0.039676,0.317409,0.000014,0.435266,0.207635
AAACATGGTGAGAGGA-1,0.19183,0.000034,0.225952,0.420848,0.161336
AAACATTTCCCGGATT-1,0.039626,0.828183,0.00003,0.110314,0.021847
AAACCACTACACAGAT-1,0.010071,0.309347,0.064522,0.451919,0.16414
AAACCCGAACGAAATC-1,0.004769,0.172755,0.000009,0.369779,0.452687
AAACCGGAAATGTTAA-1,0.083608,0.505835,0.031329,0.275616,0.103612
AAACCGGGTAGGTACC-1,0.030499,0.330631,0.008515,0.035644,0.594712
AAACCGTTCGTCCAGG-1,0.000245,0.251854,0.043068,0.11547,0.589364
AAACCTAAGCAGCCGG-1,0.00001,0.051364,0.000316,0.122698,0.825613
AAACCTCATGAAGTTG-1,0.011099,0.442519,0.015323,0.00023,0.530829
AAACGAAGAACATACC-1,0.000015,0.071212,0.003841,0.01188,0.913052
AAACGAAGATGGAGTA-1,0.804558,0.000095,0.004229,0.032361,0.158756
AAACGACAGTCTTGCC-1,0.127304,0.479284,0.030907,0.117079,0.245426
AAACGAGACGGTTGAT-1,0.00544,0.771261,0.144894,0.000104,0.0783
AAACGCCCGAGATCGG-1,0.023955,0.653547,0.000032,0.300583,0.021884
AAACGCTGGGCACGAC-1,0.00001,0.102081,0.029086,0.408728,0.460095
AAACGGGCGTACGGGT-1,0.009467,0.562428,0.014391,0.109844,0.303869
AAACGGGTTGGTATCC-1,0.048613,0.566523,0.000026,0.202105,0.182733
AAACGGTTGCGAACTG-1,0.009669,0.678752,0.000024,0.242295,0.06926
AAACGTGTTCGCCCTA-1,0.00002,0.339624,0.00002,0.261166,0.39917
AAACTAACGTGGCGAC-1,0.00002,0.166277,0.00002,0.012319,0.821364
AAACTCGGTTCGCAAT-1,0.364881,0.58135,0.052648,0.00028,0.00084
AAACTCGTGATATAAG-1,0.000025,0.390859,0.000025,0.073712,0.53538
AAACTGCTGGCTCCAA-1,0.370861,0.482431,0.146454,0.000063,0.00019
AAACTTAATTGCACGC-1,0.084857,0.05166,0.335441,0.419339,0.108702
AAACTTGCAAACGTAT-1,0.022416,0.353368,0.000013,0.005668,0.618536
AAAGAATGACCTTAGA-1,0.622327,0.00005,0.342364,0.035108,0.00015
AAAGAATGTGGACTAA-1,0.039768,0.618449,0.000095,0.282521,0.059167
AAAGACATGAAGTTTA-1,0.289343,0.213832,0.026748,0.033718,0.436358
AAAGACCCAAGTCGCG-1,0.231183,0.50169,0.000031,0.000062,0.267034
AAAGACTGGGCGCTTT-1,0.125142,0.401343,0.000026,0.000051,0.473439
AAAGCTTGCCTACATA-1,0.00001,0.003879,0.00001,0.342881,0.653221
AAAGGCCCTATAATAC-1,0.02291,0.272674,0.000018,0.412949,0.291449
AAAGGCTACGGACCAT-1,0.161452,0.64461,0.075894,0.116997,0.001048
AAAGGCTCTCGCGCCG-1,0.137493,0.769076,0.000048,0.000096,0.093287
AAAGGGATGTAGCAAG-1,0.000023,0.337865,0.052185,0.011877,0.59805
AAAGGGCAGCTTGAAT-1,0.000015,0.116133,0.000015,0.123664,0.760172
AAAGGTAAGCTGTACC-1,0.070135,0.162319,0.033116,0.066494,0.667937
AAAGTAGCATTGCTCA-1,0.005054,0.112376,0.093353,0.158102,0.631115
AAAGTCACTGATGTAA-1,0.032108,0.282983,0.007465,0.031738,0.645706
AAAGTCGACCCTCAGT-1,0.271706,0.333361,0.012053,0.011521,0.371359
AAAGTGCCATCAATTA-1,0.020845,0.267753,0.076336,0.474869,0.160198
AAAGTGTGATTTATCT-1,0.018213,0.14897,0.000017,0.019494,0.813307
AAAGTTGACTCCCGTA-1,0.00436,0.962028,0.000055,0.00011,0.033447
AAATAACCATACGGGA-1,0.000015,0.100182,0.065506,0.00296,0.831337
AAATAAGGTAGTGCCC-1,0.000011,0.209771,0.000011,0.091163,0.699044
AAATACCTATAAGCAT-1,0.32956,0.076519,0.593265,0.000164,0.000492
AAATAGCTTAGACTTT-1,0.036988,0.405085,0.000031,0.116155,0.441742
AAATAGGGTGCTATTG-1,0.013578,0.218076,0.003588,0.039566,0.725192
AAATCCGATACACGCC-1,0.009124,0.440643,0.015741,0.41974,0.114752
AAATCGCGGAAGGAGT-1,0.48449,0.022041,0.241425,0.217923,0.03412
AAATCGTGTACCACAA-1,0.000029,0.640238,0.029591,0.000058,0.330084
AAATCTAGCCCTGCTA-1,0.000012,0.220421,0.000012,0.103391,0.676163
AAATCTGCCCGCGTCC-1,0.852752,0.000059,0.00003,0.123394,0.023765
AAATGACTGATCAAAC-1,0.00001,0.038226,0.240947,0.477218,0.243599
AAATGATTCGATCAGC-1,0.001535,0.284905,0.000018,0.095983,0.617559
AAATGCTCGTTACGTT-1,0.105532,0.526599,0.124427,0.019907,0.223534
AAATGGCATGTCTTGT-1,0.074832,0.315813,0.028004,0.000091,0.581261
AAATGGCCCGTGCCCT-1,0.019364,0.25571,0.001044,0.00799,0.715891
AAATGGTCAATGTGCC-1,0.000013,0.091769,0.000013,0.019325,0.88888
AAATGTATCTTATCCC-1,0.530035,0.000063,0.272963,0.000063,0.196875
AAATGTGGGTGCTCCT-1,0.075227,0.924206,0.000063,0.000126,0.000378
AAATTAACGGGTAGCT-1,0.000042,0.777294,0.030124,0.000083,0.192457
AAATTAATAAGCGCGA-1,0.519734,0.000035,0.108856,0.000035,0.37134
AAATTACACGACTCTG-1,0.006334,0.35098,0.040993,0.030041,0.571652
AAATTACCTATCGATG-1,0.000011,0.013101,0.000011,0.003156,0.983721
AAATTCCAGGTCCAAA-1,0.098842,0.586726,0.000028,0.130715,0.183689
AAATTGATAGTCCTTT-1,0.000009,0.072451,0.000009,0.000019,0.927511
AAATTGCGGCGGTTCT-1,0.172202,0.702673,0.000032,0.000065,0.125028
AAATTGGTGAGAAGCA-1,0.031402,0.135828,0.000017,0.459604,0.37315
AAATTTACCGAAATCC-1,0.00661,0.471426,0.037733,0.06088,0.423351
AAATTTGCGGGTGTGG-1,0.034437,0.136602,0.037405,0.044809,0.746747
AACAACTGGTAGTTGC-1,0.022136,0.330261,0.113339,0.015342,0.518921
AACAATACATTGTCGA-1,0.101968,0.516044,0.000021,0.115421,0.266546
AACAATTACTCTACGC-1,0.006009,0.048172,0.125453,0.098058,0.722308
AACACACGCTCGCCGC-1,0.070957,0.731741,0.000037,0.063786,0.133479
AACACGACTGTACTGA-1,0.003455,0.430144,0.041891,0.000057,0.524453
AACACGAGACGCGGCC-1,0.006699,0.289838,0.13502,0.023915,0.544528
AACACGCGGCCGCGAA-1,0.011212,0.016182,0.068092,0.303545,0.600969
AACAGCTGTGTGGCAA-1,0.045641,0.30109,0.006376,0.238154,0.408739
AACAGGAAATCGAATA-1,0.006943,0.258903,0.050667,0.014187,0.669299
AACAGGATGGGCCGCG-1,0.011601,0.141718,0.027233,0.044515,0.774934
AACAGGTAGTATGGAT-1,0.003418,0.179688,0.00452,0.423214,0.38916
AACATAGCGTGTATCG-1,0.001692,0.274237,0.000017,0.289219,0.434835
AACATATCAACTGGTG-1,0.11983,0.852216,0.00005,0.0001,0.027803
AACATCGATACGTCTA-1,0.073974,0.575956,0.000027,0.024088,0.325955
AACATTGAAGTTGATC-1,0.00001,0.026687,0.512792,0.276183,0.184327
AACATTGGTCAGCCGT-1,0.281048,0.249724,0.238675,0.098839,0.131713
AACATTGTGACTCGAG-1,0.03498,0.522178,0.000022,0.368895,0.073925
AACCAAGACTTCTCTG-1,0.016927,0.218515,0.034864,0.203405,0.526289
AACCAGTATCACTCTT-1,0.000021,0.237329,0.260747,0.098412,0.403492
AACCATAGGGTTGAAC-1,0.020507,0.148044,0.000013,0.284505,0.546931
AACCATGGGATCGCTA-1,0.019084,0.255107,0.12023,0.010126,0.595452
AACCCAGAGACGGAGA-1,0.148325,0.423369,0.107305,0.042128,0.278874
AACCCATCCCATGATC-1,0.074741,0.429752,0.000021,0.011367,0.484118
AACCCGACAACCCGTG-1,0.049407,0.571016,0.000025,0.085052,0.2945
AACCCGAGCAGAATCG-1,0.124365,0.384046,0.026113,0.424291,0.041184
AACCCGATAGGGCTTC-1,0.020276,0.250925,0.004898,0.09323,0.630671
AACCCGCTGTATTCCA-1,0.013793,0.148047,0.000016,0.600443,0.237702
AACCCTACTGTCAATA-1,0.007219,0.120929,0.033384,0.107002,0.731466
AACCCTGGTGGAACCA-1,0.027789,0.084571,0.055914,0.047701,0.784025
AACCGAGCTTGGTCAT-1,0.349646,0.564955,0.084938,0.000115,0.000346
AACCGCTAAGGGATGC-1,0.085017,0.383951,0.000025,0.007022,0.523985
AACCGTTGTGTTTGCT-1,0.000037,0.344919,0.06916,0.030594,0.55529
AACCTAAAGCCGTCCG-1,0.209856,0.017334,0.033161,0.049428,0.690221
AACCTCGCTTTAGCCC-1,0.010708,0.318997,0.063879,0.113522,0.492893
AACCTGTCACGGAATT-1,0.021616,0.306875,0.01666,0.379992,0.274857
AACCTTTAAATACGGT-1,0.348852,0.53052,0.104664,0.000129,0.015835
AACCTTTACGACGTCT-1,0.000024,0.198542,0.000024,0.053116,0.748293
AACGAAAGTCGTCCCA-1,0.240202,0.477388,0.000033,0.000066,0.282311
AACGACCTCCTAGCCG-1,0.000008,0.055887,0.000008,0.621705,0.322392
AACGATAATGCCGTAG-1,0.545133,0.454449,0.000046,0.000093,0.000278
AACGATAGAAGGGCCG-1,0.050437,0.604061,0.000041,0.026979,0.318481
AACGATATGTCAACTG-1,0.262295,0.737084,0.000069,0.000138,0.000414
AACGCATGATCTGGGT-1,0.076616,0.84131,0.000045,0.000089,0.08194
AACGCGAACGGCAACA-1,0.013716,0.193216,0.000017,0.000243,0.792807
AACGCGACCTTGGGCG-1,0.035201,0.819182,0.000035,0.080355,0.065228
AACGCGGTCTCCAGCC-1,0.000033,0.499357,0.029031,0.000065,0.471514
AACGCTGTTGCTGAAA-1,0.087737,0.553573,0.000045,0.054026,0.304619
AACGGACGTACGTATA-1,0.066423,0.923338,0.000053,0.00203,0.008157
AACGGCCATCTCCGGT-1,0.004099,0.398479,0.00399,0.03493,0.558501
AACGTACTGTGGGTAC-1,0.016642,0.457852,0.069888,0.059149,0.396469
AACGTAGTCTACCCAT-1,0.474975,0.07915,0.28215,0.163429,0.000295
AACGTCAGACTAGTGG-1,0.005134,0.496419,0.048626,0.00947,0.440352
AACGTCATCCGGCTTG-1,0.000018,0.134297,0.172519,0.427643,0.265523
AACGTCGCTGCACTTC-1,0.043962,0.162949,0.000016,0.46618,0.326894
AACGTGATGAAGGACA-1,0.301325,0.698089,0.000065,0.00013,0.000391
AACGTGCGAAAGTCTC-1,0.536257,0.463215,0.000052,0.000103,0.000373
AACGTTATCAGCACCT-1,0.027195,0.031214,0.002443,0.036615,0.902533
AACGTTCTACCATTGT-1,0.000011,0.171989,0.252683,0.345415,0.229902
AACTACCCGTTTGTCA-1,0.005167,0.371834,0.000022,0.293853,0.329124
AACTAGCGTATCGCAC-1,0.124898,0.745773,0.000052,0.000103,0.129174
AACTAGGCTTGGGTGT-1,0.01386,0.259546,0.016573,0.001678,0.708343
AACTCAAGTTAATTGC-1,0.000012,0.151032,0.038617,0.033572,0.776767
AACTCCAGAGCGTGTT-1,0.000031,0.302125,0.041936,0.164656,0.491252
AACTCCTAATCCCATG-1,0.00093,0.070462,0.069123,0.168218,0.691267
AACTCGATAAACACGT-1,0.211261,0.312295,0.000023,0.006443,0.469979
AACTCGATGGCGCAGT-1,0.152218,0.660841,0.000061,0.000122,0.186758
AACTCTCAATAGAGCG-1,0.068372,0.233436,0.047542,0.007987,0.642664
AACTCTCAGTGTGCTC-1,0.000022,0.146707,0.033083,0.16797,0.652218
AACTGAGGTCAGCGTC-1,0.154653,0.628898,0.0001,0.142498,0.073852
AACTGAGTTATACTGA-1,0.209151,0.564741,0.003951,0.116552,0.105606
AACTGATATTAGGCCT-1,0.000019,0.075367,0.013158,0.004271,0.907184
AACTGGGTCCCGACGT-1,0.000024,0.297914,0.0277,0.000048,0.674314
AACTGGGTTCGAGCCG-1,0.761966,0.237495,0.00006,0.00012,0.00036
AACTGGTGTGGGCCTT-1,0.034912,0.484242,0.000029,0.000058,0.480759
AACTTCTGCGTCTATC-1,0.41005,0.33061,0.043127,0.000087,0.216126
AACTTGCCCGTATGCA-1,0.232462,0.515166,0.086053,0.100634,0.065686
AACTTGCGTTCTCGCG-1,0.000011,0.017601,0.000011,0.002778,0.979599
AACTTTACGGGAGCTT-1,0.395925,0.000053,0.000026,0.000053,0.603943
AACTTTAGCTGCTGAG-1,0.168295,0.625326,0.000055,0.000111,0.206213
AACTTTCTCGATCATG-1,0.000015,0.04018,0.163258,0.407725,0.388822
AAGAAAGTTTGATGGG-1,0.37101,0.038898,0.388005,0.201996,0.000093
AAGAAATCACCAGATT-1,0.096069,0.280077,0.016451,0.549984,0.057418
AAGAAGGATCAGTTAG-1,0.152939,0.466047,0.000032,0.000064,0.380919
AAGACATACGTGGTTT-1,0.0251,0.201403,0.017425,0.62903,0.127041
AAGACCAAATAACTCA-1,0.130279,0.006232,0.463847,0.311473,0.088169
AAGACCCAACTGAACA-1,0.445157,0.032061,0.503606,0.018937,0.000239
AAGACTAACCCGTTGT-1,0.273762,0.39379,0.000038,0.008728,0.323682
AAGACTCACGCCCACT-1,0.181524,0.750122,0.000043,0.017836,0.050475
AAGACTGCAAGCTACT-1,0.242708,0.756897,0.000044,0.000088,0.000263
AAGAGATGAATCGGTA-1,0.000011,0.035113,0.455109,0.05833,0.451437
AAGAGCTCTTTATCGG-1,0.107285,0.891946,0.000085,0.000171,0.000513
AAGAGGATGTACGCGA-1,0.000009,0.055942,0.058122,0.059421,0.826505
AAGAGGCATGGATCGC-1,0.00002,0.214642,0.00002,0.0025,0.782819
AAGAGGCCCTTTGGAA-1,0.034135,0.219218,0.02266,0.302003,0.421984
AAGATGGCACCGGACC-1,0.003324,0.376457,0.013005,0.056855,0.55036
AAGATTGGCGGAACGT-1,0.002143,0.385669,0.023966,0.000738,0.587484
AAGCACCCTGCGTATC-1,0.46906,0.5059,0.024579,0.000115,0.000346
AAGCATACTCTCCTGA-1,0.214708,0.155658,0.283697,0.06271,0.283226
AAGCCACTTGCAGGTA-1,0.000006,0.010557,0.037439,0.404278,0.547719
AAGCCGAAGCGGTTTA-1,0.000008,0.041405,0.139801,0.002248,0.816539
AAGCCGCCGTGAAATC-1,0.125762,0.651828,0.000023,0.107269,0.115118
AAGCCGCTTTACCTTG-1,0.028441,0.296246,0.000017,0.356446,0.318851
AAGCCGGAGAGCAGGA-1,0.032956,0.295101,0.030067,0.234157,0.407719
AAGCGCAGGGCTTTGA-1,0.466433,0.420172,0.000077,0.112858,0.00046
AAGCGGAGTGCGCGCA-1,0.121353,0.286192,0.007767,0.333439,0.251249
AAGCGGCGTCATGGGT-1,0.042315,0.95709,0.000066,0.000132,0.000397
AAGCGTCCCTCATCGA-1,0.044598,0.542347,0.084685,0.025942,0.302428
AAGCTAGATCGAGTAA-1,0.316764,0.394998,0.078307,0.024086,0.185845
AAGCTATGGATTGACC-1,0.655217,0.000053,0.147394,0.195999,0.001336
AAGCTCGTGCCAAGTC-1,0.372585,0.626962,0.00005,0.000101,0.000302
AAGCTCTTTCATGGTG-1,0.000025,0.131977,0.024234,0.151999,0.691765
AAGGAGAACTTATAAG-1,0.012759,0.265772,0.083914,0.144539,0.493017
AAGGAGCGGTTGGTGC-1,0.006226,0.719028,0.030622,0.000087,0.244036
AAGGATCGATCGCTTG-1,0.003106,0.130725,0.000013,0.033746,0.83241
AAGGATGAGGGACCTC-1,0.008123,0.323564,0.000021,0.010656,0.657636
AAGGCAGGCTGTCTCC-1,0.113725,0.421262,0.000018,0.247168,0.217827
AAGGCGCGTAAAGCTT-1,0.000011,0.021727,0.082925,0.102885,0.792452
AAGGCTGTGCTCATCG-1,0.000008,0.001413,0.052068,0.000016,0.946495
AAGGGAACGACTGGCT-1,0.060868,0.403905,0.030488,0.078688,0.426051
AAGGGACAGATTCTGT-1,0.064952,0.657985,0.000043,0.010689,0.266331
AAGGGACTATGCATTC-1,0.015668,0.240998,0.230582,0.302957,0.209794
AAGGGTTAGCCATGCG-1,0.036282,0.247203,0.000013,0.505824,0.210678
AAGGGTTTGATTTCAG-1,0.999299,0.000127,0.000064,0.000127,0.000382
AAGGTATCCTAATATA-1,0.03558,0.756603,0.000062,0.000123,0.207632
AAGGTGATAAACCAGC-1,0.037803,0.809599,0.000043,0.001581,0.150975
AAGTAAGCTTCCAAAC-1,0.115799,0.640148,0.000022,0.235327,0.008704
AAGTAGAAGACCGGGT-1,0.000014,0.043017,0.019183,0.008948,0.928839
AAGTAGTGACGCGAGG-1,0.010762,0.316708,0.000025,0.021416,0.651089
AAGTCAATTGTCGTCA-1,0.000014,0.026107,0.000014,0.152121,0.821744
AAGTCTAGTAGCTGCC-1,0.000012,0.085769,0.090526,0.337202,0.486491
AAGTCTTCTGTGGCCT-1,0.81499,0.0001,0.037093,0.0001,0.147718
AAGTGACGACCGAATT-1,0.028566,0.131488,0.038241,0.033698,0.768007
AAGTGAGTCGGGTTTA-1,0.148527,0.824247,0.000052,0.026861,0.000313
AAGTGCAAAGGTAGAC-1,0.522385,0.072052,0.000037,0.000073,0.405453
AAGTGCCTTGACTGTA-1,0.033162,0.297882,0.001273,0.124894,0.542789
AAGTGCGTTAGAATCT-1,0.026431,0.558367,0.031643,0.054317,0.329243
AAGTGCTTCTCTATTG-1,0.042293,0.517765,0.000028,0.279075,0.16084
AAGTGTTTGGAGACGG-1,0.000018,0.040455,0.000018,0.00055,0.95896
AAGTTCACTCCAAGCT-1,0.011495,0.641275,0.000037,0.052619,0.294575
AAGTTCAGTCTGCGTA-1,0.00002,0.101207,0.00002,0.007529,0.891225
AAGTTCGGCCAACAGG-1,0.0991,0.566149,0.092653,0.064536,0.177562
AAGTTGTGATGTTATA-1,0.001228,0.165245,0.000017,0.277333,0.556178
AAGTTTACTAATGGCA-1,0.031884,0.791069,0.000069,0.000138,0.176839
AAGTTTATGGGCCCAA-1,0.555273,0.109335,0.302242,0.032833,0.000317
AATAACAACGCTCGGC-1,0.002244,0.016195,0.063625,0.353706,0.56423
AATAACACTAGAACAA-1,0.000007,0.01801,0.056658,0.005857,0.919469
AATAACGTCGCGCCCA-1,0.054224,0.032109,0.005898,0.783293,0.124477
AATAAGTCCTCGAGAC-1,0.00049,0.125351,0.023593,0.06219,0.788375
AATAATCTTCGTATCG-1,0.000557,0.199605,0.025262,0.284713,0.489862
AATACAATGTTTCAGG-1,0.284829,0.593057,0.000051,0.000102,0.121961
AATACCGGAGGGCTGT-1,0.057333,0.447041,0.000025,0.167728,0.327874
AATACCTGATGTGAAC-1,0.015728,0.121177,0.000011,0.552525,0.310559
AATAGAACAGAGTGGC-1,0.05509,0.859803,0.048543,0.019748,0.016817
AATAGAATCTGTTTCA-1,0.00245,0.090047,0.000021,0.275475,0.632006
AATAGCAAGCCTCCTG-1,0.024173,0.197517,0.004348,0.195713,0.578249
AATAGCTACCGCGTGC-1,0.182486,0.417449,0.00009,0.0001,0.399874
AATAGGCACGACCCTT-1,0.00493,0.036897,0.000006,0.259415,0.698751
AATAGTCCGTCCCGAC-1,0.000017,0.05389,0.014455,0.032776,0.898861
AATAGTCGCGAGTCGG-1,0.833566,0.095097,0.000038,0.000076,0.071223
AATATCAAGGTCGGAT-1,0.009105,0.222415,0.001626,0.078465,0.688389
AATATCCTAGCAAACT-1,0.939328,0.000066,0.060341,0.000066,0.000199
AATATCGAATCAATGC-1,0.063379,0.457786,0.000021,0.236808,0.242006
AATATCGAGGGTTCTC-1,0.208217,0.663855,0.000063,0.010258,0.117607
AATATTGGAGTATTGA-1,0.213661,0.628711,0.000045,0.000091,0.157492
AATCAGACTGCAGGAC-1,0.001359,0.052265,0.025628,0.036285,0.884463
AATCAGGTTTCATTTA-1,0.073831,0.684226,0.000034,0.240823,0.001087
AATCATGTAAAGACTC-1,0.058181,0.039904,0.158888,0.016793,0.726234
AATCCAAGGGCCTGAG-1,0.052032,0.470291,0.00003,0.115265,0.362383
AATCCATGCAAGGGTG-1,0.001281,0.497681,0.000027,0.000053,0.500958
AATCCCGCTCAGAGCC-1,0.013761,0.699836,0.000025,0.097309,0.18907
AATCGAGGTCTCAAGG-1,0.253572,0.505845,0.000042,0.24029,0.000251
AATCGCCTCAGCGCCA-1,0.012569,0.083358,0.038314,0.000046,0.865713
AATCGCGCAGAGGACT-1,0.000009,0.102429,0.132667,0.333992,0.430903
AATCGGGACACTACGA-1,0.029774,0.218092,0.000032,0.013687,0.738414
AATCGGTATAGCCCTC-1,0.079569,0.079187,0.006784,0.387001,0.44746
AATCGTGAGCCGAGCA-1,0.020882,0.328988,0.000628,0.151705,0.497797
AATCTAGGTTTACTTG-1,0.115545,0.659876,0.000028,0.000056,0.224495
AATCTATGCCGGAGCC-1,0.004509,0.114091,0.000019,0.250419,0.630962
AATCTCTACTGTGGTT-1,0.691938,0.172652,0.000051,0.000101,0.135258
AATCTGCGTTGGGACG-1,0.000037,0.608675,0.000037,0.044157,0.347095
AATCTGGCTTTCTAGT-1,0.207598,0.487462,0.094456,0.099033,0.111452
AATCTGGGTAGACCCT-1,0.000011,0.025038,0.044051,0.128215,0.802685
AATGACAGCAATGTCT-1,0.000007,0.002618,0.0885,0.042656,0.866218
AATGACGTAGGATGTC-1,0.000041,0.625419,0.007315,0.03631,0.330915
AATGACTGTCAGCCGG-1,0.070868,0.748883,0.031053,0.000084,0.149112
AATGAGTTCGCATATG-1,0.497392,0.451824,0.000061,0.000121,0.050602
AATGATGATACGCTAT-1,0.06688,0.887385,0.00005,0.002348,0.043337
AATGATGCGACTCCTG-1,0.142676,0.750465,0.000041,0.000081,0.106738
AATGCAACCGGGTACC-1,0.006444,0.353109,0.049574,0.020841,0.570032
AATGCACCAAGCAATG-1,0.046773,0.643409,0.000037,0.019775,0.290006
AATGGCCGCCAATGCG-1,0.031879,0.545008,0.000016,0.29383,0.129268
AATGGTCCACCGTTCA-1,0.020852,0.108062,0.221981,0.061038,0.588068
AATGGTTCTCACAAGC-1,0.061253,0.024996,0.059724,0.035985,0.818042
AATGTATGGCACTGTA-1,0.054012,0.28283,0.000018,0.402664,0.260477
AATGTGCCCGAGGTGT-1,0.000014,0.038368,0.004942,0.175258,0.781417
AATGTGCTAATCTGAG-1,0.049944,0.191964,0.145054,0.298748,0.314289
AATGTTAAGACCCTGA-1,0.224944,0.643837,0.000035,0.130972,0.000212
AATGTTGTCGTGAGAC-1,0.009877,0.101077,0.059841,0.240923,0.588284
AATTAAAGGTCGGCGT-1,0.000015,0.148198,0.082531,0.134646,0.63461
AATTAACGGATTTCCA-1,0.357474,0.631852,0.00005,0.010325,0.0003
AATTACGAGACCCATC-1,0.464511,0.060299,0.000043,0.118831,0.356317
AATTACTCGTACGCTC-1,0.390042,0.076917,0.207185,0.000084,0.325771
AATTAGCGCTGCAGCG-1,0.058648,0.940901,0.00005,0.0001,0.000301
AATTATACCCAGCAAG-1,0.194741,0.371909,0.00008,0.418374,0.014896
AATTCATAAGGGATCT-1,0.05869,0.743846,0.000061,0.000123,0.19728
AATTCATTGTCATGCA-1,0.205714,0.014365,0.360921,0.312361,0.106639
AATTCCAACTTGGTGA-1,0.004302,0.043209,0.007348,0.237696,0.707445
AATTCCAAGCATGTAC-1,0.04249,0.72729,0.000038,0.018203,0.211979
AATTCGATTCGAGGAT-1,0.404779,0.560741,0.000079,0.033927,0.000474
AATTCTAGAGTTAGGC-1,0.153406,0.845875,0.00008,0.00016,0.000479
AATTGAACGCTCTGGT-1,0.002181,0.369867,0.00002,0.004379,0.623555
AATTGCAGCAATCGAC-1,0.01011,0.307485,0.105176,0.3233,0.25393
AATTGCGTGGATTACA-1,0.000007,0.000015,0.003346,0.334514,0.662118
AATTGTGGTTGCCAAA-1,0.008049,0.315503,0.000012,0.393064,0.283371
AATTTGGGACATAGTA-1,0.000016,0.043194,0.008783,0.000033,0.947974
AATTTGGTTCCAAAGA-1,0.000016,0.081764,0.000016,0.144368,0.773837
ACAAACCATGCGTCCT-1,0.010234,0.178383,0.011295,0.236658,0.563429
ACAAACCGACAAGGCG-1,0.223187,0.019793,0.016643,0.006729,0.733649
ACAAACTCCATCAGAG-1,0.000006,0.00047,0.00995,0.294663,0.694911
ACAAAGAAGGTAGGCC-1,0.869782,0.00845,0.000039,0.000079,0.121649
ACAAAGCATGACCTAG-1,0.185635,0.110191,0.053184,0.372248,0.278742
ACAAATCGCACCGAAT-1,0.018178,0.564689,0.04183,0.054011,0.321292
ACAAATGGTAGTGTTT-1,0.023351,0.386164,0.010949,0.046696,0.53284
ACAAATTCAGATCTGA-1,0.017035,0.64157,0.000038,0.062863,0.278494
ACAACAGCATGAGCTA-1,0.295775,0.690088,0.000077,0.000154,0.013905
ACAACGGTCCCTGCGA-1,0.097786,0.219448,0.001095,0.196811,0.48486
ACAAGCAGTGCCTAGC-1,0.000015,0.141259,0.000015,0.084753,0.773958
ACAAGCTATATGGAAG-1,0.99951,0.000089,0.000045,0.000089,0.000268
ACAAGGAAATCCGCCC-1,0.086843,0.899953,0.000054,0.000108,0.013042
ACAAGGACAAGAGGTT-1,0.094746,0.38375,0.00002,0.023542,0.497942
ACAAGGATGCTTTAGG-1,0.02312,0.533371,0.000028,0.056057,0.387424
ACAAGGCCTACCAGCC-1,0.000013,0.0329,0.000013,0.176857,0.790216
ACAAGGGCAGGCTCTG-1,0.055416,0.944105,0.000053,0.000107,0.00032
ACAAGTAATTGTAAGG-1,0.000006,0.002587,0.264934,0.519826,0.212646
ACAATAGTCGTACGTT-1,0.001981,0.052113,0.070467,0.005855,0.869585
ACAATCCATTTAAACC-1,0.003094,0.257238,0.071588,0.200792,0.467288
ACAATCGATCTTTATA-1,0.006493,0.837623,0.000059,0.000118,0.155706
ACAATGAATACGGAGA-1,0.000008,0.006414,0.000008,0.000015,0.993556
ACAATGATTCTTCTAC-1,0.091892,0.727254,0.015473,0.142189,0.023192
ACAATTGTGTCTCTTT-1,0.101836,0.891424,0.000053,0.000106,0.00658
ACAATTTAGGAGGCTC-1,0.358288,0.040428,0.330035,0.002829,0.26842
ACAATTTGAGCAGTGG-1,0.000037,0.656112,0.027503,0.000075,0.316272
ACAATTTGGCCATATT-1,0.00001,0.02276,0.00001,0.338431,0.638789
ACACAAAGACGGGTGG-1,0.009705,0.484607,0.012661,0.013158,0.479869
ACACAAATATTCCTAG-1,0.000012,0.11158,0.033524,0.558007,0.296876
ACACACCAGGACCAGT-1,0.008592,0.48022,0.143909,0.013349,0.35393
ACACACTTTCTACACG-1,0.000022,0.021503,0.153694,0.044915,0.779867
ACACATGATCAAATCT-1,0.070952,0.035134,0.111214,0.295863,0.486838
ACACATTGACGCAACA-1,0.215959,0.1729,0.000025,0.003876,0.607239
ACACATTTCCGTAGAC-1,0.363324,0.636239,0.000049,0.000097,0.000291
ACACCACATAATTAGC-1,0.010218,0.302436,0.000017,0.311489,0.37584
ACACCCAGCATGCAGC-1,0.015804,0.450455,0.113446,0.001033,0.419262
ACACCCGAGAAATCCG-1,0.000015,0.012328,0.091511,0.162573,0.733574
ACACCCGTAAATCTGT-1,0.16938,0.535281,0.003144,0.099173,0.193022
ACACCGAGCGCTCTTT-1,0.634007,0.11906,0.246697,0.000059,0.000177
ACACCGGTCTGACCGC-1,0.052983,0.240571,0.177059,0.382461,0.146927
ACACCTTAAGTAGGGC-1,0.016818,0.392484,0.066565,0.181249,0.342883
ACACCTTACTACTTGC-1,0.007444,0.302487,0.00002,0.330018,0.360031
ACACGAGACTCCTTCT-1,0.206884,0.358147,0.416861,0.004215,0.013893
ACACGGCACTATGCAT-1,0.001148,0.670402,0.061409,0.000086,0.266955
ACACGGGAACTTAGGG-1,0.326121,0.598959,0.000085,0.00017,0.074664
ACACGTAGGCCACAAG-1,0.049788,0.399978,0.000018,0.22694,0.323277
ACACTCCAATGTCACT-1,0.004039,0.03932,0.037184,0.030657,0.8888
ACACTGATCAAGGTGT-1,0.058052,0.731691,0.000048,0.000095,0.210115
ACACTGGGACAGTCGT-1,0.000012,0.046176,0.001554,0.521517,0.430741
ACAGAACTGAGAACAA-1,0.00689,0.240328,0.000012,0.033973,0.718797
ACAGATTAGGTTAGTG-1,0.026505,0.298536,0.022595,0.000084,0.65228
ACAGCATAGAGCCAGT-1,0.010691,0.352945,0.00004,0.004178,0.632146
ACAGCGACATTCTCAT-1,0.001068,0.266234,0.000027,0.220522,0.512149
ACAGCGCACCCGCAGC-1,0.305174,0.462031,0.157532,0.000168,0.075095
ACAGGAGGCGCAGCCG-1,0.134098,0.418229,0.000013,0.185458,0.262202
ACAGGCACGGATCCTT-1,0.014222,0.347049,0.000022,0.420023,0.218684
ACAGGCTTGCCCGACT-1,0.04156,0.776869,0.015861,0.106541,0.05917
ACAGGTGGAGGTGAGG-1,0.012866,0.229829,0.190001,0.015998,0.551305
ACAGGTGTGTTGTTGC-1,0.95782,0.000085,0.000042,0.000085,0.041968
ACAGTAATACAACTTG-1,0.124235,0.490657,0.000253,0.000043,0.384812
ACAGTATACCGTGGGA-1,0.033526,0.670178,0.000038,0.179983,0.116276
ACATAAGTCGTGGTGA-1,0.023346,0.108379,0.328563,0.23913,0.300583
ACATAATAAGGCGGTG-1,0.000039,0.576017,0.054081,0.000532,0.369331
ACATACAATCAAGCGG-1,0.014559,0.584881,0.000021,0.170519,0.23002
ACATCAGCTGGGACGC-1,0.154754,0.138231,0.124301,0.038426,0.544287
ACATCCCGGCCATACG-1,0.000033,0.341223,0.000033,0.257874,0.400837
ACATCCTGGTAACTGT-1,0.165314,0.590091,0.00004,0.017833,0.226723
ACATCGATCGTTTACC-1,0.002649,0.705594,0.043728,0.011115,0.236914
ACATCGCAATATTCGG-1,0.063396,0.220607,0.00584,0.574908,0.13525
ACATCGGTCAGCCGCG-1,0.275388,0.346574,0.152254,0.023575,0.202209
ACATCGTATGCAATGG-1,0.016505,0.573522,0.049867,0.006344,0.353762
ACATCGTTAACCTAGT-1,0.451797,0.523445,0.024063,0.000174,0.000521
ACATCTCAACGCGTAA-1,0.572424,0.415613,0.011458,0.000126,0.000379
ACATGCTTACGGCAGC-1,0.000005,0.000011,0.018818,0.298633,0.682533
ACATGGCGCCAAAGTA-1,0.008245,0.309306,0.05206,0.002554,0.627835
ACATGGCTCAATTTAG-1,0.000023,0.210098,0.000023,0.001762,0.788096
ACATTAGTTTATATCC-1,0.000024,0.547342,0.142706,0.005127,0.304802
ACATTCGCGCGGAATA-1,0.168345,0.529761,0.000027,0.301702,0.000164
ACATTTGAAACCTAAC-1,0.004338,0.045578,0.00841,0.468365,0.473308
ACCAAACACCCAGCGA-1,0.113053,0.773431,0.000026,0.021542,0.091947
ACCAAACTAGAAATCC-1,0.014898,0.579582,0.034567,0.103178,0.267775
ACCAACACCACACACT-1,0.236241,0.659346,0.032023,0.010359,0.062032
ACCAACCGCACTCCAC-1,0.05025,0.585342,0.025467,0.237404,0.101537
ACCAACGCTTATTTAT-1,0.01391,0.578181,0.086991,0.220703,0.100215
ACCAAGAACGCGTGTC-1,0.055339,0.57361,0.030546,0.006919,0.333586
ACCAAGTCATCGGCAG-1,0.148788,0.267841,0.000022,0.132571,0.450778
ACCAATATGCAAGTTA-1,0.186835,0.701956,0.056508,0.054391,0.00031
ACCACAACTCAGAACA-1,0.14307,0.298681,0.262255,0.000168,0.295826
ACCACAAGTTTCTATC-1,0.032258,0.780145,0.076871,0.001308,0.109419
ACCACACGGTTGATGG-1,0.359003,0.5025,0.040942,0.097256,0.000299
ACCACCAATGTAACAA-1,0.084498,0.230267,0.278336,0.340873,0.066026
ACCACCCTCTCTTCTA-1,0.002769,0.003656,0.168651,0.587066,0.237859
ACCACGTGCAGCTATA-1,0.000054,0.949653,0.000054,0.000109,0.050129
ACCACTGTTCAAGAAG-1,0.131041,0.050124,0.123977,0.128059,0.566798
ACCAGACCATAACAAC-1,0.814759,0.001298,0.183795,0.000037,0.000111
ACCAGCCCGGTCTTTG-1,0.272346,0.625607,0.000057,0.011768,0.090221
ACCAGGAGTGTGATCT-1,0.000028,0.073321,0.104699,0.081758,0.740193
ACCAGTGCCCGGTCAA-1,0.009383,0.47301,0.000041,0.325953,0.191613
ACCAGTGCGGGAGACG-1,0.008641,0.385061,0.000033,0.017167,0.589099
ACCATATCCGCAATAA-1,0.014548,0.599309,0.030832,0.078093,0.277218
ACCATCCGCCAACTAG-1,0.426118,0.431852,0.000041,0.000082,0.141907
ACCATCGTATATGGTA-1,0.042789,0.329619,0.04356,0.0173,0.566732
ACCATTAAGGGTGTCA-1,0.843152,0.008255,0.000076,0.000152,0.148364
ACCCAACGCCCGTGGC-1,0.026507,0.099098,0.004621,0.043149,0.826625
ACCCACCTACATGCTC-1,0.00001,0.002865,0.010384,0.011467,0.975274
ACCCATCTTGAGGGTA-1,0.028809,0.386671,0.003191,0.111055,0.470273
ACCCATTTGTCCCTCT-1,0.008612,0.635852,0.026368,0.238768,0.0904
ACCCGAGCGAAATTAC-1,0.058298,0.490058,0.07066,0.190312,0.190672
ACCCGATTGGTTCCGA-1,0.144467,0.657717,0.07731,0.106971,0.013534
ACCCGGAAACTCCCAG-1,0.357268,0.642161,0.000063,0.000127,0.000381
ACCCGGAGCACCACAA-1,0.140769,0.277616,0.049957,0.264899,0.26676
ACCCGGATGACGCATC-1,0.002811,0.695153,0.000035,0.000071,0.30193
ACCCGGTTACACTTCC-1,0.068596,0.492839,0.013505,0.002566,0.422494
ACCCGTAGCAGAGAAT-1,0.069626,0.123684,0.000013,0.343955,0.462722
ACCCGTAGTCTAGTTG-1,0.000007,0.030239,0.017754,0.230334,0.721666
ACCCGTGTCATCAGTA-1,0.002103,0.330359,0.12181,0.083071,0.462657
ACCCTATAGGACTGAG-1,0.07611,0.687662,0.000044,0.000088,0.236096
ACCCTATGCCATATCG-1,0.029239,0.487764,0.000042,0.007605,0.47535
ACCCTCCCGTCAGGGC-1,0.052565,0.492279,0.000028,0.438998,0.01613
ACCCTCCCTTGCTATT-1,0.004785,0.313139,0.011836,0.001574,0.668667
ACCCTGGTAACGCCCT-1,0.083315,0.508246,0.039786,0.294844,0.073809
ACCCTTCATCTGCGAA-1,0.004548,0.35499,0.141451,0.000074,0.498937
ACCCTTGCCTGGGTCG-1,0.005071,0.004278,0.040487,0.713211,0.236953
ACCCTTTAGTTCTCCA-1,0.218662,0.107636,0.376122,0.000192,0.297387
ACCGAAAGGGCCCTGC-1,0.060334,0.8192,0.000054,0.000109,0.120303
ACCGAAGAGTCTGGTT-1,0.052685,0.664492,0.000033,0.000066,0.282724
ACCGACACATCTCCCA-1,0.636216,0.363346,0.000049,0.000097,0.000292
ACCGACTGAGTCCCAC-1,0.292583,0.339006,0.141106,0.000121,0.227184
ACCGAGTCTCCTTATT-1,0.306172,0.507511,0.000033,0.186082,0.000201
ACCGATAGGCATAACC-1,0.00069,0.140759,0.000009,0.578699,0.279843
ACCGATATTTAATCAT-1,0.062014,0.229202,0.014755,0.368324,0.325706
ACCGATGGTAGCATCG-1,0.028118,0.643861,0.000063,0.000126,0.327832
ACCGCAATAACTGCCT-1,0.000013,0.029839,0.039857,0.122202,0.80809
ACCGCGGTGGAAGTCG-1,0.089679,0.822589,0.00004,0.020915,0.066777
ACCGCTAGTCATTGGT-1,0.024844,0.035471,0.00001,0.514541,0.425134
ACCGGGCCTTTGTTGA-1,0.000193,0.129087,0.021788,0.018152,0.83078
ACCGGTCAGGTACACC-1,0.152656,0.38549,0.000023,0.163797,0.298034
ACCGGTCTGAGTACGG-1,0.040004,0.464,0.023208,0.101313,0.371476
ACCGTCCACTGGGCCC-1,0.179361,0.00003,0.17209,0.469185,0.179334
ACCGTGACCACGTGGG-1,0.102098,0.739446,0.000035,0.031375,0.127047
ACCGTTCCCGCTCTGA-1,0.000016,0.02165,0.000016,0.006766,0.971553
ACCTAAGTACCTTTCA-1,0.000009,0.000017,0.042751,0.048651,0.908572
ACCTAATCGACTTCCT-1,0.000006,0.000296,0.052348,0.009498,0.937852
ACCTACAGTATGTGGT-1,0.139575,0.348459,0.001478,0.303805,0.206683
ACCTACTATAAATCTA-1,0.009678,0.544241,0.000017,0.143507,0.302558
ACCTCAGCGAGGCGCA-1,0.01782,0.35207,0.008979,0.395322,0.225808
ACCTCCGCCCTCGCTG-1,0.062451,0.755585,0.000031,0.11014,0.071793
ACCTCCGTTATTCACC-1,0.000008,0.000016,0.014468,0.039483,0.946024
ACCTCGAACTTATGCT-1,0.115406,0.20819,0.000016,0.57874,0.097647
ACCTGCGTGTCATGTT-1,0.027187,0.256061,0.043994,0.000029,0.672729
ACCTTTCCTTTAGAAG-1,0.087804,0.287042,0.000024,0.146661,0.478469
ACGAAATGGGCGGCAC-1,0.0034,0.047018,0.000806,0.008708,0.940068
ACGACCCATGAGTTGC-1,0.090806,0.584606,0.000021,0.192487,0.13208
ACGACTCTAGGGCCGA-1,0.000009,0.016609,0.001062,0.545809,0.436511
ACGACTGGTCATACTC-1,0.072125,0.400936,0.000019,0.168804,0.358117
ACGAGAACCCATCACG-1,0.123482,0.17485,0.000015,0.076401,0.625253
ACGAGATATTTGCTTA-1,0.485365,0.513596,0.000115,0.000231,0.000693
ACGAGGATACCACTCT-1,0.086472,0.387814,0.013825,0.056602,0.455287
ACGAGGTTTACAACGT-1,0.031324,0.454594,0.00002,0.002148,0.511914
ACGAGTACGGATGCCC-1,0.113713,0.762922,0.000053,0.000107,0.123205
ACGAGTCGCCGGCGTT-1,0.044596,0.040809,0.022055,0.301516,0.591024
ACGATACATAGAACTA-1,0.132471,0.589791,0.025742,0.142911,0.109085
ACGATACCTATCCTGA-1,0.929948,0.000137,0.000068,0.000137,0.06971
ACGATCATACATAGAG-1,0.000022,0.205056,0.014457,0.008706,0.77176
ACGATCATCTTGTAAA-1,0.00001,0.001583,0.038847,0.102859,0.856702
ACGATGCATATGTTAT-1,0.011303,0.049781,0.014121,0.002427,0.922367
ACGATGGATCCGATGC-1,0.000028,0.218953,0.058356,0.000056,0.722606
ACGCAAACTAATAGAT-1,0.011751,0.19084,0.06109,0.041268,0.695051
ACGCAATCACTACAGC-1,0.034507,0.076943,0.000016,0.120507,0.768028
ACGCATAAATGACATG-1,0.000252,0.110872,0.010023,0.355203,0.52365
ACGCATACGTTTACTA-1,0.001208,0.366648,0.000022,0.001651,0.63047
ACGCATTCGTGAGTAC-1,0.00069,0.404148,0.029427,0.012386,0.55335
ACGCCACTCGAAACAG-1,0.588651,0.348213,0.014797,0.048138,0.000201
ACGCCAGATGATTTCT-1,0.261874,0.613634,0.062668,0.000218,0.061606
ACGCCAGTGCGTTTGC-1,0.033759,0.281459,0.102355,0.582244,0.000183
ACGCCCAGCTGTCGAT-1,0.153575,0.67895,0.00007,0.00014,0.167266
ACGCCGCTAGACGACC-1,0.263782,0.735638,0.000064,0.000129,0.000386
ACGCCTGACACGCGCT-1,0.019339,0.100793,0.07403,0.358658,0.447179
ACGCGAAGTCAGACGA-1,0.000048,0.21142,0.307943,0.027136,0.453452
ACGCGCTACACAGGGT-1,0.022492,0.242416,0.01977,0.133058,0.582264
ACGCGGGCCAAGGACA-1,0.000018,0.239611,0.003222,0.002959,0.754191
ACGCGTTTCTTAAGAG-1,0.690339,0.000057,0.023477,0.000057,0.286069
ACGCTACTGAATGGGC-1,0.445771,0.110643,0.138115,0.288215,0.017257
ACGCTAGTATCAGTGC-1,0.201829,0.106389,0.020865,0.151375,0.519541
ACGCTAGTGATACACT-1,0.056735,0.809318,0.000057,0.000113,0.133777
ACGCTGTGAGGCGTAG-1,0.184702,0.592855,0.000037,0.000074,0.222333
ACGCTTAGTGTCTCTC-1,0.230964,0.015554,0.000126,0.061511,0.691845
ACGGAACACGAGTGCC-1,0.000008,0.022394,0.246784,0.442559,0.288256
ACGGAATTTAGCAAAT-1,0.006333,0.171914,0.011032,0.005854,0.804867
ACGGACGCAGCGACAA-1,0.008814,0.001135,0.124938,0.406197,0.458916
ACGGACTCTCAAAGCG-1,0.167763,0.662938,0.088506,0.080536,0.000257
ACGGAGCGCAAATTAC-1,0.011264,0.182451,0.026027,0.000263,0.779995
ACGGATGGTGCGGATA-1,0.000013,0.019211,0.190257,0.024465,0.766054
ACGGCACTTGCTTGGG-1,0.026373,0.855782,0.000038,0.000076,0.117731
ACGGCCAACATGGACT-1,0.000014,0.08027,0.033565,0.043535,0.842616
ACGGCGACGATGGGAA-1,0.000031,0.653808,0.07431,0.000061,0.27179
ACGGCGGGTTGCCCTG-1,0.044054,0.409069,0.000025,0.052788,0.494064
ACGGCTGGATGTAGAA-1,0.005461,0.044003,0.011462,0.109794,0.82928
ACGGGAGTGTCGGCCC-1,0.044827,0.377711,0.063926,0.069481,0.444055
ACGGGCGTATGCGACA-1,0.001902,0.310871,0.000018,0.083189,0.604021
ACGGGTCATGTGACTT-1,0.068539,0.098304,0.000024,0.000049,0.833084
ACGGGTTGTGACCTGT-1,0.535098,0.194273,0.000041,0.20844,0.062147
ACGGTACAGTTCAATG-1,0.000012,0.120051,0.000012,0.365232,0.514693
ACGGTCACCGAGAACA-1,0.000005,0.00195,0.005477,0.380316,0.612252
ACGTACAGATTTCTCT-1,0.000015,0.076802,0.000015,0.001968,0.921199
ACGTACTTTGGCACGG-1,0.12065,0.510361,0.00933,0.336207,0.023451
ACGTAGATTGCTGATG-1,0.324323,0.648853,0.026265,0.00014,0.000419
ACGTAGGAGAGTCGCT-1,0.28106,0.000114,0.664552,0.053933,0.000341
ACGTATTACTCCGATC-1,0.019763,0.042745,0.024282,0.110645,0.802565
ACGTCCTAAACGAGAT-1,0.000018,0.025067,0.000018,0.052151,0.922747
ACGTCGGGCAACTCGG-1,0.842415,0.000073,0.000036,0.156275,0.001201
ACGTCTCGTTCCGGGA-1,0.259289,0.00537,0.036551,0.015439,0.683351
ACGTGACAAAGTAAGT-1,0.190923,0.00003,0.000015,0.016892,0.79214
ACGTGCGCCTCGTGCA-1,0.000047,0.499148,0.000047,0.020144,0.480613
ACGTGGTCGAATGTGC-1,0.329937,0.568676,0.00007,0.00014,0.101178
ACGTTAATGTCGAAGA-1,0.206569,0.590282,0.024926,0.000187,0.178036
ACGTTAGATTTGCCCG-1,0.020434,0.126661,0.055873,0.00182,0.795212
ACGTTATTGGTCACTC-1,0.324404,0.284759,0.184064,0.09469,0.112082
ACGTTCACTATGCCGC-1,0.033041,0.349525,0.01246,0.591295,0.013679
ACGTTCCGCGCTCCGT-1,0.000013,0.000025,0.000013,0.026342,0.973607
ACGTTCGCAATCAATT-1,0.01596,0.419698,0.00002,0.149733,0.414589
ACGTTCGTTCAGGAAA-1,0.000017,0.270675,0.132586,0.026675,0.570047
ACGTTCTGTACAAGTC-1,0.000014,0.08853,0.000014,0.398148,0.513293
ACGTTGTCGTTGAAAG-1,0.17376,0.078519,0.194227,0.443058,0.110436
ACGTTTAGTTGTGATC-1,0.000035,0.27507,0.05202,0.00007,0.672804
ACGTTTCGGTGCACTT-1,0.062585,0.365953,0.018529,0.361763,0.191169
ACTAAGGACGCACACC-1,0.038984,0.169372,0.003607,0.443851,0.344186
ACTAATACGTCAGGCG-1,0.005571,0.292678,0.000033,0.01044,0.691279
ACTACAAAGAGAGGTG-1,0.000008,0.00567,0.012245,0.441984,0.540093
ACTACATCCCGACAAG-1,0.033612,0.452064,0.000018,0.160196,0.354111
ACTACCAGCTCTCTGG-1,0.057367,0.076692,0.011094,0.301443,0.553405
ACTACCATCCGAGGGC-1,0.194899,0.551994,0.000022,0.252951,0.000133
ACTACGCGTTAGAATT-1,0.006849,0.245633,0.000019,0.051979,0.695521
ACTAGTTGCGATCGTC-1,0.044156,0.864744,0.022381,0.006876,0.061843
ACTATATGCTGTGTTC-1,0.168006,0.80786,0.000066,0.000131,0.023937
ACTATCCAGGGCATGG-1,0.004616,0.156701,0.290185,0.267888,0.28061
ACTATCGCCGGCTAAA-1,0.699599,0.074894,0.134363,0.000071,0.091073
ACTATCTGCCCGCGTA-1,0.004231,0.200203,0.031416,0.361018,0.403132
ACTATGTCCAGCTGCC-1,0.000011,0.088458,0.000011,0.240544,0.670975
ACTATTCGTCCGTGGT-1,0.3382,0.660923,0.000097,0.000195,0.000585
ACTATTTCCGGGCCCA-1,0.05721,0.831379,0.000041,0.012969,0.098401
ACTCAACGAATGTATT-1,0.087159,0.517294,0.032387,0.000057,0.363102
ACTCAAGTGCAAGGCT-1,0.048238,0.828185,0.000052,0.123216,0.000309
ACTCAATAAAGGCACG-1,0.102991,0.646258,0.12636,0.034083,0.090308
ACTCAGACCTGCTTCT-1,0.003581,0.085229,0.160521,0.041522,0.709148
ACTCATGGCAGCCTTC-1,0.030734,0.000665,0.000015,0.310799,0.657788
ACTCCAATATCATCAT-1,0.005524,0.115877,0.070394,0.492228,0.315977
ACTCCCATTCCTAAAG-1,0.000005,0.027463,0.068841,0.027322,0.876368
ACTCCCGAATTCGTTT-1,0.075516,0.673235,0.000048,0.001312,0.249889
ACTCCCGTAGACTAGG-1,0.000017,0.126236,0.004797,0.285943,0.583007
ACTCCCTAATGCTAAA-1,0.190031,0.249062,0.08867,0.026641,0.445595
ACTCCCTAGAATAGTA-1,0.120443,0.413581,0.113766,0.025608,0.326602
ACTCCGGCCGACCACT-1,0.059548,0.290768,0.000021,0.307786,0.341876
ACTCGATGTATTTCAT-1,0.445471,0.298812,0.000053,0.000107,0.255557
ACTCGCCGTTCGATAA-1,0.00647,0.097191,0.111967,0.370676,0.413696
ACTCGCGATCTGACGC-1,0.04729,0.243105,0.000015,0.343722,0.365867
ACTCGTAACCCGTCCT-1,0.019877,0.112838,0.027267,0.228621,0.611397
ACTCGTCAGTAATCCC-1,0.00004,0.779984,0.021044,0.000079,0.198852
ACTCTAAACCTGGGAT-1,0.01947,0.000036,0.011216,0.000087,0.969191
ACTCTCTGACTTAGGT-1,0.000016,0.030604,0.006168,0.000032,0.963179
ACTCTCTTATACACGA-1,0.214507,0.784569,0.000103,0.000206,0.000617
ACTCTGACCTAATAGA-1,0.003165,0.517598,0.000021,0.33652,0.142696
ACTCTTCAGCTCCCGC-1,0.062864,0.227005,0.000015,0.385587,0.324529
ACTCTTGTATAGTAAC-1,0.185553,0.360479,0.136627,0.000095,0.317246
ACTGAAACGCCGTTAG-1,0.01777,0.520662,0.010087,0.206182,0.2453
ACTGAATGGCGAAAGT-1,0.000494,0.400092,0.000024,0.009714,0.589676
ACTGATTTAGTGATTC-1,0.24363,0.116835,0.008854,0.001047,0.629634
ACTGCCCGCCATTCTC-1,0.074702,0.24882,0.007184,0.332688,0.336607
ACTGCCGTCGTAACTC-1,0.114943,0.751646,0.076897,0.000147,0.056366
ACTGCGGACACACCGT-1,0.082212,0.370267,0.000025,0.283807,0.263689
ACTGCTCGGAAGGATG-1,0.338688,0.189349,0.089196,0.0196,0.363167
ACTGGCGAACCTGCGT-1,0.032156,0.411149,0.000723,0.282956,0.273016
ACTGGGATGCCAGTGC-1,0.007883,0.257141,0.000022,0.493021,0.241932
ACTGTACGATACACAT-1,0.073859,0.925576,0.000063,0.000126,0.000377
ACTGTAGCACTTTGGA-1,0.001166,0.138064,0.004544,0.152675,0.70355
ACTGTATACGCGAGCA-1,0.329268,0.25904,0.00004,0.016922,0.39473
ACTGTCCAGGATTATA-1,0.061134,0.765968,0.000048,0.000096,0.172754
ACTGTCTTCTTTAGAA-1,0.152856,0.228107,0.061757,0.000042,0.557239
ACTGTGCTAGTAGATC-1,0.000025,0.102596,0.011391,0.011315,0.874673
ACTGTTTAGTGTAGGC-1,0.070887,0.534564,0.000049,0.011513,0.382987
ACTTACCGGGCGCGCA-1,0.051438,0.731702,0.00004,0.001554,0.215266
ACTTACGCATCCACGC-1,0.024586,0.757427,0.059206,0.15844,0.000341
ACTTAGTACGACAAGA-1,0.00268,0.044815,0.071635,0.125435,0.755435
ACTTATACTTACCCGG-1,0.007399,0.611501,0.000042,0.002238,0.378821
ACTTATCTGATCTATA-1,0.009844,0.334554,0.007608,0.373187,0.274807
ACTTATTAGGATCGGT-1,0.000088,0.343022,0.026683,0.002371,0.627835
ACTTATTTATGTGCCA-1,0.040727,0.957589,0.000054,0.000108,0.001522
ACTTCAGGCTGATCCC-1,0.000018,0.041786,0.006547,0.040263,0.911387
ACTTCCAGTGGAAGCT-1,0.873841,0.000128,0.000064,0.000128,0.125839
ACTTCCATGCGGGACA-1,0.000028,0.364455,0.013423,0.20002,0.422073
ACTTCCTGTCGTGCGA-1,0.120572,0.199005,0.019061,0.078108,0.583253
ACTTCGCCATACGCAC-1,0.430547,0.560484,0.003751,0.000112,0.005107
ACTTCGCTAGCGAGTG-1,0.348533,0.384536,0.019327,0.149055,0.098548
ACTTGACTCCCTCTTT-1,0.198738,0.316016,0.00004,0.163505,0.321701
ACTTGCCATATTGTAC-1,0.000029,0.199392,0.08572,0.018569,0.696289
ACTTGCTCTATCTACC-1,0.190255,0.000041,0.034322,0.431089,0.344293
ACTTGGGACCCGGTGG-1,0.000021,0.228038,0.093398,0.162139,0.516404
ACTTGGGCTTTCGCCA-1,0.367735,0.241782,0.095774,0.25813,0.03658
ACTTGTAGTCCCTTCA-1,0.047181,0.076695,0.014373,0.003046,0.858706
ACTTGTGGATGGAACG-1,0.056786,0.392408,0.086123,0.267363,0.197321
ACTTGTTACCGGATCA-1,0.00001,0.015847,0.001575,0.465616,0.516952
ACTTTACCCTCATGAA-1,0.02368,0.22218,0.028066,0.207118,0.518955
ACTTTATACACCACTT-1,0.000007,0.000014,0.264752,0.496649,0.238579
ACTTTCCTATAGCTTC-1,0.000018,0.20778,0.068234,0.025181,0.698786
ACTTTGACTGCATCCT-1,0.260887,0.31203,0.000042,0.000085,0.426956
ACTTTGGTCGTGCTCC-1,0.336344,0.204477,0.226413,0.230046,0.00272
ACTTTGTCGACGCACT-1,0.041905,0.591548,0.000032,0.251495,0.11502
AGAAATTATGACTCGC-1,0.036954,0.548046,0.002728,0.161382,0.250891
AGAACACGGCGATGGT-1,0.000004,0.000007,0.460121,0.332782,0.207087
AGAACCCAGCGTGACA-1,0.101432,0.261538,0.099503,0.454609,0.082918
AGAACCCTCAATTGGG-1,0.463472,0.30976,0.029345,0.08775,0.109673
AGAACGTGGTACATTC-1,0.265387,0.373403,0.131527,0.000103,0.22958
AGAACTGTACTTTGTA-1,0.003354,0.036187,0.050294,0.305247,0.604919
AGAAGAGCGCCGTTCC-1,0.11475,0.45878,0.000583,0.001166,0.424722
AGAAGGTACACTTCAC-1,0.018284,0.165403,0.205523,0.031403,0.579387
AGAAGGTTGCCGAATT-1,0.037902,0.397805,0.002579,0.008073,0.553641
AGAAGGTTGTAGGTCG-1,0.215997,0.783435,0.000063,0.000126,0.000379
AGAAGTGATTCGTGAT-1,0.00742,0.301048,0.092747,0.253953,0.344832
AGAATAAATCTTCAGG-1,0.390142,0.253172,0.000035,0.000069,0.356582
AGAATACAGGCTATCC-1,0.171117,0.359868,0.00002,0.465366,0.003629
AGAATGCGGGTTCGGA-1,0.00019,0.579866,0.000021,0.025616,0.394306
AGAATTATGGATTCGA-1,0.040385,0.537262,0.00004,0.043444,0.378868
AGAATTGTTTGACATA-1,0.024852,0.275713,0.010684,0.000035,0.688717
AGACAGCTCAGAATCC-1,0.135121,0.00513,0.010467,0.007828,0.841454
