Barcode,Topic 1,Topic 2to3,Topic 4to5,Topic 6to7,Topic 8to12
AAACAAGTATCTCCCA-1,0.000052,0.017304,0.442387,0.314276,0.225981
AAACAATCTACTAGCA-1,0.058672,0.00013,0.929323,0.011552,0.000324
AAACACCAATAACTGC-1,0.060837,0.054847,0.075909,0.346194,0.462213
AAACAGAGCGACTCCT-1,0.000034,0.233434,0.259733,0.075427,0.431372
AAACAGCTTTCAGAAG-1,0.006076,0.319255,0.300323,0.125213,0.249133
AAACAGGGTCTATATT-1,0.000016,0.220333,0.063669,0.147353,0.568628
AAACAGTGTTCCTGGG-1,0.83698,0.162746,0.000061,0.000061,0.000152
AAACATGGTGAGAGGA-1,0.000006,0.605099,0.007909,0.033492,0.353494
AAACATTTCCCGGATT-1,0.000046,0.032382,0.102037,0.6317,0.233835
AAACCACTACACAGAT-1,0.054243,0.08966,0.855793,0.000087,0.000217
AAACCCGAACGAAATC-1,0.022699,0.01412,0.535381,0.407486,0.020314
AAACCGGAAATGTTAA-1,0.000022,0.35511,0.188221,0.06618,0.390467
AAACCGGGTAGGTACC-1,0.146065,0.002695,0.109734,0.203,0.538507
AAACCGTTCGTCCAGG-1,0.417876,0.00008,0.09982,0.340117,0.142108
AAACCTAAGCAGCCGG-1,0.000032,0.04086,0.347856,0.376044,0.235209
AAACCTCATGAAGTTG-1,0.00002,0.076959,0.229178,0.051306,0.642537
AAACGAAGAACATACC-1,0.000085,0.088329,0.295268,0.21136,0.404958
AAACGAAGATGGAGTA-1,0.00306,0.718037,0.000308,0.002656,0.275938
AAACGACAGTCTTGCC-1,0.000031,0.03265,0.967102,0.000062,0.000155
AAACGAGACGGTTGAT-1,0.000021,0.030282,0.164899,0.201806,0.602992
AAACGCCCGAGATCGG-1,0.145259,0.145022,0.347557,0.011819,0.350344
AAACGCTGGGCACGAC-1,0.003964,0.53649,0.040659,0.036295,0.382591
AAACGGGCGTACGGGT-1,0.000018,0.053932,0.000036,0.321655,0.624358
AAACGGTTGCGAACTG-1,0.000046,0.181695,0.126662,0.66825,0.023347
AAACGTGTTCGCCCTA-1,0.192351,0.34865,0.109405,0.173553,0.176042
AAACTAACGTGGCGAC-1,0.264499,0.136219,0.448282,0.150449,0.000551
AAACTCGGTTCGCAAT-1,0.006274,0.171048,0.036789,0.242244,0.543646
AAACTCGTGATATAAG-1,0.090196,0.000093,0.528008,0.051621,0.330082
AAACTGCTGGCTCCAA-1,0.000035,0.00007,0.302982,0.554113,0.142801
AAACTTAATTGCACGC-1,0.081449,0.535024,0.000175,0.027702,0.35565
AAACTTGCAAACGTAT-1,0.000036,0.062161,0.312248,0.495615,0.129939
AAAGAATGACCTTAGA-1,0.048356,0.631895,0.169646,0.089615,0.060488
AAAGAATGTGGACTAA-1,0.163924,0.384058,0.331326,0.08205,0.038642
AAAGACATGAAGTTTA-1,0.021524,0.293707,0.621557,0.006203,0.057009
AAAGACCCAAGTCGCG-1,0.116692,0.066164,0.102289,0.352012,0.362844
AAAGACTGGGCGCTTT-1,0.001831,0.194039,0.176084,0.042131,0.585916
AAAGCTTGCCTACATA-1,0.102223,0.177473,0.350127,0.369607,0.000571
AAAGGCCCTATAATAC-1,0.092176,0.215156,0.285431,0.385904,0.021333
AAAGGCTACGGACCAT-1,0.078282,0.020823,0.084418,0.543382,0.273095
AAAGGCTCTCGCGCCG-1,0.056688,0.000067,0.399397,0.302163,0.241686
AAAGGGATGTAGCAAG-1,0.000038,0.000076,0.499537,0.260475,0.239874
AAAGGGCAGCTTGAAT-1,0.00004,0.006142,0.632371,0.026158,0.335291
AAAGGTAAGCTGTACC-1,0.000133,0.072329,0.821431,0.079137,0.02697
AAAGGTCAACGACATG-1,0.137999,0.238329,0.293212,0.015527,0.314934
AAAGTAGCATTGCTCA-1,0.016956,0.088625,0.025156,0.266408,0.602855
AAAGTCACTGATGTAA-1,0.013917,0.063913,0.326924,0.033029,0.562216
AAAGTCGACCCTCAGT-1,0.066253,0.005405,0.627398,0.275163,0.02578
AAAGTGCCATCAATTA-1,0.190027,0.370184,0.069205,0.237034,0.133549
AAAGTGTGATTTATCT-1,0.006029,0.032522,0.253686,0.568494,0.13927
AAAGTTGACTCCCGTA-1,0.00007,0.035447,0.501125,0.43253,0.030827
AAATAACCATACGGGA-1,0.117076,0.191537,0.044946,0.15032,0.49612
AAATAAGGTAGTGCCC-1,0.005312,0.051646,0.594887,0.309313,0.038842
AAATACCTATAAGCAT-1,0.022512,0.012445,0.000034,0.225463,0.739546
AAATAGCTTAGACTTT-1,0.000068,0.000136,0.983495,0.004969,0.011333
AAATAGGGTGCTATTG-1,0.000052,0.000104,0.248874,0.750709,0.000261
AAATCACTCCTAAACG-1,0.00705,0.442257,0.484675,0.02589,0.040127
AAATCCGATACACGCC-1,0.000028,0.068111,0.198451,0.566098,0.167312
AAATCGCGGAAGGAGT-1,0.030633,0.447355,0.099518,0.422318,0.000176
AAATCGTGTACCACAA-1,0.000023,0.000046,0.046277,0.309475,0.644179
AAATCTAGCCCTGCTA-1,0.000054,0.000108,0.576384,0.386501,0.036954
AAATCTGCCCGCGTCC-1,0.030497,0.81923,0.052337,0.001621,0.096315
AAATGACTGATCAAAC-1,0.037743,0.648723,0.000019,0.059683,0.253832
AAATGATTCGATCAGC-1,0.233822,0.079767,0.42937,0.120658,0.136384
AAATGCTCGTTACGTT-1,0.000034,0.052253,0.037923,0.185043,0.724746
AAATGGCATGTCTTGT-1,0.094314,0.009348,0.370058,0.248886,0.277395
AAATGGCCCGTGCCCT-1,0.000014,0.201489,0.026053,0.099212,0.673233
AAATGGTCAATGTGCC-1,0.000028,0.015491,0.167765,0.044219,0.772497
AAATGTATCTTATCCC-1,0.00002,0.052732,0.524679,0.00004,0.422528
AAATGTGGGTGCTCCT-1,0.000031,0.06618,0.346136,0.101457,0.486196
AAATTAACGGGTAGCT-1,0.034216,0.000122,0.340063,0.625295,0.000304
AAATTAATAAGCGCGA-1,0.00001,0.32512,0.094399,0.0117,0.568771
AAATTACACGACTCTG-1,0.023093,0.069346,0.102864,0.15736,0.647337
AAATTACCTATCGATG-1,0.020096,0.033843,0.280077,0.03037,0.635614
AAATTCCAGGTCCAAA-1,0.171965,0.000146,0.448081,0.197282,0.182525
AAATTGATAGTCCTTT-1,0.072199,0.078697,0.181954,0.160397,0.506753
AAATTGGTGAGAAGCA-1,0.000029,0.472791,0.036383,0.186428,0.30437
AAATTTACCGAAATCC-1,0.000037,0.324149,0.236986,0.155128,0.283701
AAATTTGCGGGTGTGG-1,0.046727,0.018257,0.015615,0.676807,0.242593
AACAACTGGTAGTTGC-1,0.012028,0.000093,0.568645,0.284672,0.134562
AACAATACATTGTCGA-1,0.330632,0.005131,0.335766,0.084972,0.243499
AACAATTACTCTACGC-1,0.010026,0.068587,0.202,0.115064,0.604322
AACACACGCTCGCCGC-1,0.000052,0.000104,0.531228,0.450891,0.017724
AACACGACTGTACTGA-1,0.000061,0.000122,0.459342,0.000122,0.540355
AACACGAGACGCGGCC-1,0.000903,0.000756,0.211072,0.650593,0.136676
AACACGCGGCCGCGAA-1,0.012569,0.052082,0.874704,0.000089,0.060555
AACAGCTGTGTGGCAA-1,0.240288,0.003157,0.102799,0.366217,0.287539
AACAGGAAATCGAATA-1,0.000048,0.000097,0.446621,0.318927,0.234308
AACAGGATGGGCCGCG-1,0.083361,0.000053,0.508784,0.131941,0.275861
AACAGGTAGTATGGAT-1,0.387265,0.356231,0.208219,0.047722,0.000564
AACATAGCGTGTATCG-1,0.038083,0.634059,0.059381,0.168909,0.099568
AACATATCAACTGGTG-1,0.003734,0.035439,0.288953,0.407884,0.263991
AACATCGATACGTCTA-1,0.018932,0.000223,0.881077,0.000223,0.099544
AACATTGAAGTTGATC-1,0.574002,0.006591,0.102771,0.316341,0.000296
AACATTGTGACTCGAG-1,0.121794,0.078397,0.126873,0.666789,0.006146
AACCAAGACTTCTCTG-1,0.02985,0.061764,0.225778,0.184887,0.497721
AACCAGTATCACTCTT-1,0.000023,0.361288,0.045059,0.006141,0.587489
AACCATAGGGTTGAAC-1,0.044984,0.447442,0.150824,0.024858,0.331892
AACCATGGGATCGCTA-1,0.000057,0.082208,0.514007,0.107052,0.296676
AACCCAGAGACGGAGA-1,0.005738,0.18376,0.07802,0.015451,0.717032
AACCCATCCCATGATC-1,0.161961,0.178452,0.11364,0.124375,0.421572
AACCCGACAACCCGTG-1,0.878003,0.010697,0.000041,0.000041,0.111217
AACCCGAGCAGAATCG-1,0.195946,0.263309,0.271309,0.178968,0.090467
AACCCGATAGGGCTTC-1,0.000012,0.374764,0.108253,0.000627,0.516344
AACCCGCTGTATTCCA-1,0.277728,0.454783,0.033097,0.23424,0.000151
AACCCTACTGTCAATA-1,0.00005,0.0001,0.369239,0.442124,0.188487
AACCCTGGTGGAACCA-1,0.027574,0.131196,0.006066,0.155857,0.679307
AACCGAGCTTGGTCAT-1,0.078097,0.000097,0.463451,0.212091,0.246265
AACCGCTAAGGGATGC-1,0.000052,0.000105,0.460842,0.405673,0.133328
AACCGTTGTGTTTGCT-1,0.015519,0.051241,0.477841,0.318702,0.136697
AACCTAAAGCCGTCCG-1,0.285155,0.000088,0.68449,0.019771,0.010496
AACCTCGCTTTAGCCC-1,0.002696,0.068065,0.148061,0.380868,0.400311
AACCTGTCACGGAATT-1,0.047613,0.000205,0.899265,0.052404,0.000513
AACCTTTAAATACGGT-1,0.000036,0.026818,0.319748,0.431297,0.222101
AACCTTTACGACGTCT-1,0.000041,0.000081,0.447343,0.017393,0.535142
AACGAAAGTCGTCCCA-1,0.007022,0.49945,0.115708,0.136626,0.241193
AACGACCTCCTAGCCG-1,0.028155,0.735263,0.208311,0.005198,0.023072
AACGATAATGCCGTAG-1,0.000037,0.037706,0.134765,0.506795,0.320697
AACGATAGAAGGGCCG-1,0.005406,0.010065,0.000042,0.013463,0.971023
AACGATATGTCAACTG-1,0.000034,0.028038,0.193736,0.239352,0.53884
AACGCATGATCTGGGT-1,0.071047,0.000153,0.826824,0.04345,0.058525
AACGCGAACGGCAACA-1,0.040905,0.000166,0.9224,0.036114,0.000415
AACGCGACCTTGGGCG-1,0.217352,0.162195,0.000036,0.029661,0.590756
AACGCGGTCTCCAGCC-1,0.003144,0.082591,0.13338,0.044079,0.736806
AACGCTGTTGCTGAAA-1,0.00004,0.065834,0.271278,0.280016,0.382832
AACGGACGTACGTATA-1,0.000053,0.000107,0.58935,0.391217,0.019272
AACGGCCATCTCCGGT-1,0.063113,0.000083,0.209649,0.726947,0.000207
AACGTACTGTGGGTAC-1,0.09369,0.058566,0.001487,0.285071,0.561187
AACGTCAGACTAGTGG-1,0.000041,0.000082,0.677204,0.076629,0.246045
AACGTCATCCGGCTTG-1,0.168067,0.22243,0.219617,0.065322,0.324564
AACGTCGCTGCACTTC-1,0.215342,0.661907,0.122231,0.000148,0.000371
AACGTGATGAAGGACA-1,0.000043,0.118201,0.000087,0.32048,0.561189
AACGTGCGAAAGTCTC-1,0.000027,0.038773,0.263439,0.182805,0.514955
AACGTTATCAGCACCT-1,0.000033,0.000067,0.613071,0.000067,0.386762
AACGTTCTACCATTGT-1,0.042844,0.333339,0.346395,0.277233,0.000189
AACTACCCGTTTGTCA-1,0.323164,0.32009,0.311399,0.000234,0.045113
AACTAGCGTATCGCAC-1,0.010297,0.011221,0.215987,0.017045,0.74545
AACTAGGCTTGGGTGT-1,0.061657,0.02548,0.280661,0.555571,0.076631
AACTCAAGTTAATTGC-1,0.000194,0.015098,0.518302,0.284102,0.182304
AACTCCAGAGCGTGTT-1,0.000046,0.00088,0.264731,0.196296,0.538046
AACTCCTAATCCCATG-1,0.046777,0.10115,0.207705,0.617389,0.026979
AACTCGATGGCGCAGT-1,0.162322,0.036263,0.732738,0.058067,0.010609
AACTCTCAATAGAGCG-1,0.025574,0.019874,0.632752,0.231593,0.090208
AACTCTCAGTGTGCTC-1,0.340276,0.008189,0.24512,0.365573,0.040842
AACTGAGGTCAGCGTC-1,0.000197,0.184952,0.533201,0.280667,0.000983
AACTGAGTTATACTGA-1,0.022601,0.230768,0.163297,0.402886,0.180449
AACTGATATTAGGCCT-1,0.00006,0.00012,0.683035,0.22025,0.096535
AACTGGGTCCCGACGT-1,0.045887,0.000067,0.412989,0.098561,0.442495
AACTGGGTTCGAGCCG-1,0.000073,0.000146,0.851966,0.14745,0.000365
AACTGGTGTGGGCCTT-1,0.00002,0.044101,0.002943,0.00004,0.952897
AACTTCTGCGTCTATC-1,0.000045,0.00009,0.495287,0.012194,0.492383
AACTTGCCCGTATGCA-1,0.009998,0.016273,0.298209,0.09848,0.57704
AACTTGCGTTCTCGCG-1,0.00002,0.174051,0.024616,0.00004,0.801272
AACTTTACGGGAGCTT-1,0.154463,0.02866,0.165432,0.000171,0.651274
AACTTTAGCTGCTGAG-1,0.008259,0.033459,0.095078,0.285331,0.577873
AACTTTCTCGATCATG-1,0.000026,0.580324,0.255099,0.044974,0.119578
AAGAAAGTTTGATGGG-1,0.114336,0.632896,0.171154,0.081531,0.000084
AAGAAATCACCAGATT-1,0.000039,0.338809,0.434205,0.226751,0.000195
AAGAAGGATCAGTTAG-1,0.000023,0.047145,0.040548,0.031021,0.881264
AAGACATACGTGGTTT-1,0.104386,0.176956,0.71817,0.00014,0.000349
AAGACCAAATAACTCA-1,0.025608,0.786204,0.000016,0.057105,0.131067
AAGACCCAACTGAACA-1,0.20587,0.056534,0.012143,0.502546,0.222907
AAGACTCACGCCCACT-1,0.064751,0.071891,0.862914,0.000127,0.000317
AAGACTGCAAGCTACT-1,0.000044,0.000088,0.322834,0.448593,0.228441
AAGAGATGAATCGGTA-1,0.034791,0.046398,0.305434,0.024473,0.588904
AAGAGCTCTTTATCGG-1,0.014241,0.020147,0.326502,0.175872,0.463238
AAGAGGATGTACGCGA-1,0.027974,0.016695,0.306331,0.422665,0.226334
AAGAGGCATGGATCGC-1,0.009638,0.024629,0.281657,0.400388,0.283688
AAGAGGCCCTTTGGAA-1,0.014607,0.088908,0.689204,0.206762,0.000519
AAGATGGCACCGGACC-1,0.363961,0.000109,0.435148,0.155678,0.045104
AAGATTGGCGGAACGT-1,0.000038,0.000075,0.096711,0.461326,0.44185
AAGCACCCTGCGTATC-1,0.032086,0.06422,0.041377,0.106605,0.755712
AAGCATACTCTCCTGA-1,0.011858,0.142008,0.000027,0.101816,0.744291
AAGCCACTTGCAGGTA-1,0.632827,0.286499,0.080466,0.00006,0.000149
AAGCCGAAGCGGTTTA-1,0.000088,0.000176,0.770624,0.205599,0.023513
AAGCCGCCGTGAAATC-1,0.124036,0.14528,0.241884,0.488597,0.000203
AAGCCGCTTTACCTTG-1,0.007495,0.671396,0.162259,0.003046,0.155804
AAGCCGGAGAGCAGGA-1,0.000025,0.529384,0.03,0.199338,0.241252
AAGCGCAGGGCTTTGA-1,0.017235,0.092681,0.005989,0.392655,0.49144
AAGCGGAGTGCGCGCA-1,0.000035,0.127393,0.73567,0.047932,0.08897
AAGCGGCGTCATGGGT-1,0.000063,0.147377,0.391739,0.251835,0.208986
AAGCGTCCCTCATCGA-1,0.277132,0.059998,0.216963,0.110281,0.335627
AAGCTAGATCGAGTAA-1,0.00005,0.0001,0.180079,0.819519,0.000251
AAGCTATGGATTGACC-1,0.019889,0.49548,0.03917,0.000013,0.445448
AAGCTCGTGCCAAGTC-1,0.00003,0.0382,0.097869,0.276504,0.587397
AAGCTCTTTCATGGTG-1,0.013991,0.111551,0.017832,0.014147,0.842479
AAGGAGAACTTATAAG-1,0.000016,0.030247,0.294557,0.000032,0.675148
AAGGAGCGGTTGGTGC-1,0.042642,0.07144,0.03922,0.219323,0.627375
AAGGATCGATCGCTTG-1,0.000098,0.000195,0.914141,0.085078,0.000488
AAGGATGAGGGACCTC-1,0.074149,0.022462,0.111638,0.219994,0.571757
AAGGCAGGCTGTCTCC-1,0.010641,0.039872,0.861454,0.07155,0.016483
AAGGCGCGTAAAGCTT-1,0.011317,0.00008,0.645725,0.239202,0.103676
AAGGCTGTGCTCATCG-1,0.000047,0.000094,0.372118,0.353131,0.274609
AAGGGAACGACTGGCT-1,0.044399,0.343249,0.000038,0.240596,0.371718
AAGGGACAGATTCTGT-1,0.000079,0.000157,0.573616,0.330679,0.095469
AAGGGACTATGCATTC-1,0.035221,0.15562,0.000042,0.305739,0.503378
AAGGGTTAGCCATGCG-1,0.00002,0.458668,0.2949,0.14057,0.105843
AAGGGTTTGATTTCAG-1,0.000008,0.674139,0.030449,0.000691,0.294714
AAGGTATCCTAATATA-1,0.000021,0.073335,0.08434,0.110679,0.731625
AAGGTGATAAACCAGC-1,0.000052,0.000104,0.202618,0.451294,0.345932
AAGTAGAAGACCGGGT-1,0.000033,0.075748,0.19851,0.091535,0.634174
AAGTAGTGACGCGAGG-1,0.00003,0.00058,0.148125,0.269213,0.582051
AAGTCAATTGTCGTCA-1,0.000026,0.000053,0.063314,0.202753,0.733855
AAGTCTAGTAGCTGCC-1,0.012341,0.597462,0.289077,0.097269,0.003851
AAGTCTTCTGTGGCCT-1,0.000014,0.443409,0.155549,0.029058,0.37197
AAGTGACGACCGAATT-1,0.000018,0.071855,0.021594,0.216009,0.690524
AAGTGAGTCGGGTTTA-1,0.228907,0.028645,0.000078,0.361332,0.381038
AAGTGCAAAGGTAGAC-1,0.00005,0.000101,0.58534,0.399476,0.015033
AAGTGCCTTGACTGTA-1,0.000042,0.000084,0.148318,0.381515,0.470041
AAGTGCGTTAGAATCT-1,0.080639,0.029542,0.000031,0.223105,0.666683
AAGTGCTTCTCTATTG-1,0.56875,0.390299,0.040664,0.000082,0.000205
AAGTGTTTGGAGACGG-1,0.000033,0.000066,0.383879,0.309811,0.306211
AAGTTCACTCCAAGCT-1,0.021976,0.051713,0.188732,0.416783,0.320796
AAGTTCAGTCTGCGTA-1,0.035592,0.000165,0.747045,0.031656,0.185542
AAGTTCGGCCAACAGG-1,0.259688,0.000048,0.076381,0.305785,0.358098
AAGTTGTGATGTTATA-1,0.014391,0.034691,0.468179,0.482269,0.00047
AAGTTTACTAATGGCA-1,0.000071,0.011057,0.373551,0.114941,0.50038
AAGTTTATGGGCCCAA-1,0.047347,0.102105,0.120537,0.420598,0.309413
AATAACAACGCTCGGC-1,0.00003,0.069375,0.289135,0.399321,0.242139
AATAACACTAGAACAA-1,0.167424,0.000082,0.391808,0.440481,0.000205
AATAACGTCGCGCCCA-1,0.281166,0.090412,0.628142,0.00008,0.0002
AATAAGTCCTCGAGAC-1,0.023258,0.262746,0.273548,0.016752,0.423697
AATAATCTTCGTATCG-1,0.000099,0.129904,0.725422,0.14408,0.000495
AATACAATGTTTCAGG-1,0.196348,0.00021,0.458821,0.344096,0.000525
AATACCGGAGGGCTGT-1,0.999714,0.000052,0.000052,0.000052,0.00013
AATACCTGATGTGAAC-1,0.182479,0.340615,0.476682,0.000064,0.00016
AATAGAACAGAGTGGC-1,0.195016,0.012435,0.006851,0.365437,0.420261
AATAGAATCTGTTTCA-1,0.063471,0.006501,0.233036,0.199502,0.49749
AATAGCAAGCCTCCTG-1,0.058693,0.136157,0.532934,0.271491,0.000725
AATAGCTACCGCGTGC-1,0.155542,0.043147,0.388281,0.029432,0.383598
AATAGGCACGACCCTT-1,0.657372,0.342133,0.00011,0.00011,0.000275
AATAGTCCGTCCCGAC-1,0.102077,0.141213,0.006657,0.152042,0.598011
AATAGTCGCGAGTCGG-1,0.041928,0.045375,0.350225,0.004856,0.557616
AATATCAAGGTCGGAT-1,0.039718,0.043118,0.133117,0.002738,0.781309
AATATCCTAGCAAACT-1,0.000214,0.597502,0.02691,0.001164,0.37421
AATATCGAATCAATGC-1,0.022629,0.000216,0.831802,0.144811,0.000541
AATATCGAGGGTTCTC-1,0.000063,0.021619,0.48225,0.273568,0.222501
AATATTGGAGTATTGA-1,0.008346,0.033342,0.213349,0.105971,0.638992
AATCAGGTTTCATTTA-1,0.535335,0.399445,0.000042,0.000042,0.065135
AATCATGTAAAGACTC-1,0.000029,0.010089,0.030143,0.517282,0.442456
AATCCAAGGGCCTGAG-1,0.000069,0.001655,0.400952,0.31412,0.283204
AATCCATGCAAGGGTG-1,0.000044,0.000089,0.835409,0.000089,0.164368
AATCCCGCTCAGAGCC-1,0.138887,0.219996,0.195987,0.197953,0.247177
AATCGAGGTCTCAAGG-1,0.000012,0.724687,0.00339,0.090581,0.181329
AATCGCCTCAGCGCCA-1,0.000026,0.017508,0.167571,0.236183,0.578711
AATCGCGCAGAGGACT-1,0.25856,0.182892,0.358613,0.175782,0.024153
AATCGGGACACTACGA-1,0.000083,0.118417,0.289073,0.325527,0.266901
AATCGGTATAGCCCTC-1,0.208008,0.599531,0.122634,0.069483,0.000344
AATCGTGAGCCGAGCA-1,0.000033,0.001096,0.114481,0.466617,0.417772
AATCTAGGTTTACTTG-1,0.144266,0.011793,0.319013,0.300832,0.224096
AATCTATGCCGGAGCC-1,0.000136,0.140321,0.487136,0.256516,0.11589
AATCTCTACTGTGGTT-1,0.01831,0.208815,0.139907,0.61176,0.021209
AATCTGCGTTGGGACG-1,0.000032,0.040152,0.078611,0.322381,0.558824
AATCTGGCTTTCTAGT-1,0.001183,0.263767,0.189469,0.087142,0.458439
AATCTGGGTAGACCCT-1,0.072191,0.154474,0.712558,0.054052,0.006725
AATGACAGCAATGTCT-1,0.001326,0.10857,0.010523,0.233607,0.645973
AATGACGTAGGATGTC-1,0.029914,0.000083,0.189394,0.528434,0.252175
AATGACTGTCAGCCGG-1,0.013987,0.019882,0.466415,0.065766,0.43395
AATGAGTTCGCATATG-1,0.051375,0.053625,0.305364,0.026665,0.562971
AATGATGATACGCTAT-1,0.000031,0.042188,0.0441,0.300092,0.613589
AATGATGCGACTCCTG-1,0.000033,0.093803,0.147129,0.262711,0.496324
AATGCAACCGGGTACC-1,0.163176,0.000056,0.244779,0.312994,0.278995
AATGCACCAAGCAATG-1,0.000035,0.007011,0.191963,0.270142,0.53085
AATGGCCGCCAATGCG-1,0.004438,0.367507,0.035914,0.078867,0.513274
AATGGTCCACCGTTCA-1,0.083796,0.132894,0.162872,0.192177,0.42826
AATGGTTCTCACAAGC-1,0.018014,0.000098,0.720051,0.140036,0.121802
AATGTATGGCACTGTA-1,0.024584,0.740741,0.172826,0.000028,0.061821
AATGTGCCCGAGGTGT-1,0.030345,0.099202,0.010411,0.263242,0.5968
AATGTGCTAATCTGAG-1,0.423362,0.111607,0.004532,0.070828,0.389671
AATGTTAAGACCCTGA-1,0.022103,0.585026,0.072715,0.319569,0.000588
AATGTTGTCGTGAGAC-1,0.264544,0.598831,0.035813,0.100369,0.000443
AATTAAAGGTCGGCGT-1,0.00002,0.033824,0.00004,0.187683,0.778432
AATTAACGGATTTCCA-1,0.022059,0.100484,0.000034,0.119587,0.757837
AATTACGAGACCCATC-1,0.042844,0.762513,0.000021,0.023308,0.171313
AATTAGCGCTGCAGCG-1,0.001232,0.034092,0.010237,0.440104,0.514335
AATTATACCCAGCAAG-1,0.013581,0.415206,0.0855,0.484676,0.001037
AATTCATAAGGGATCT-1,0.000042,0.067376,0.398187,0.129853,0.404542
AATTCATTGTCATGCA-1,0.005875,0.615949,0.000019,0.004157,0.374
AATTCCAAGCATGTAC-1,0.186427,0.00818,0.173096,0.523307,0.108991
AATTCGATTCGAGGAT-1,0.000036,0.041548,0.191512,0.388952,0.377952
AATTCTAGAGTTAGGC-1,0.049273,0.001339,0.02038,0.755608,0.173399
AATTGAACGCTCTGGT-1,0.000023,0.000046,0.000046,0.309948,0.689938
AATTGCAGCAATCGAC-1,0.005409,0.164161,0.428321,0.20295,0.199159
AATTGCGTGGATTACA-1,0.131522,0.520593,0.226902,0.000056,0.120927
AATTGTGGTTGCCAAA-1,0.008402,0.401264,0.521477,0.068599,0.000257
AATTTGGGACATAGTA-1,0.000066,0.135547,0.252514,0.139281,0.472593
AATTTGGTTCCAAAGA-1,0.00004,0.1748,0.00008,0.081615,0.743465
ACAAACCATGCGTCCT-1,0.045969,0.431049,0.118821,0.299557,0.104604
ACAAACCGACAAGGCG-1,0.043316,0.100529,0.780995,0.074918,0.000242
ACAAACTCCATCAGAG-1,0.736484,0.263065,0.0001,0.0001,0.000251
ACAAAGAAGGTAGGCC-1,0.000005,0.459138,0.02311,0.00001,0.517737
ACAAAGCATGACCTAG-1,0.000042,0.000705,0.368181,0.630865,0.000208
ACAAATCGCACCGAAT-1,0.114814,0.000076,0.225507,0.633683,0.02592
ACAAATGGTAGTGTTT-1,0.000047,0.000093,0.549622,0.172804,0.277435
ACAAATTCAGATCTGA-1,0.094906,0.063508,0.811078,0.030104,0.000403
ACAACAGCATGAGCTA-1,0.056343,0.000077,0.470189,0.398523,0.074868
ACAACGGTCCCTGCGA-1,0.000051,0.000102,0.604826,0.267083,0.127938
ACAAGCAGTGCCTAGC-1,0.079089,0.041914,0.28084,0.177357,0.420801
ACAAGCTATATGGAAG-1,0.009894,0.319273,0.521381,0.040595,0.108857
ACAAGGAAATCCGCCC-1,0.000022,0.060246,0.014604,0.306914,0.618215
ACAAGGACAAGAGGTT-1,0.000046,0.052213,0.490618,0.425877,0.031246
ACAAGGATGCTTTAGG-1,0.000027,0.07459,0.113928,0.276852,0.534603
ACAAGGCCTACCAGCC-1,0.151374,0.118681,0.291123,0.00489,0.433932
ACAAGGGCAGGCTCTG-1,0.000025,0.00819,0.050176,0.379231,0.562379
ACAAGTAATTGTAAGG-1,0.526858,0.472656,0.000108,0.000108,0.00027
ACAATAGTCGTACGTT-1,0.000033,0.039653,0.178294,0.380861,0.401159
ACAATCCATTTAAACC-1,0.02957,0.062311,0.253616,0.615067,0.039436
ACAATCGATCTTTATA-1,0.000016,0.204514,0.053347,0.031092,0.711031
ACAATGAATACGGAGA-1,0.175938,0.000056,0.000056,0.287028,0.536921
ACAATGATTCTTCTAC-1,0.22214,0.081622,0.695466,0.00022,0.00055
ACAATTGTGTCTCTTT-1,0.000082,0.019681,0.421303,0.471606,0.087329
ACAATTTAGGAGGCTC-1,0.049815,0.106862,0.525384,0.235088,0.082851
ACAATTTGAGCAGTGG-1,0.000031,0.06491,0.202506,0.331956,0.400597
ACAATTTGGCCATATT-1,0.000065,0.114121,0.774057,0.095084,0.016674
ACACAAAGACGGGTGG-1,0.009404,0.060628,0.534662,0.298739,0.096568
ACACAAATATTCCTAG-1,0.000013,0.649567,0.029097,0.019545,0.301779
ACACACCAGGACCAGT-1,0.00004,0.028504,0.324291,0.301864,0.345302
ACACACTTTCTACACG-1,0.000075,0.033701,0.66936,0.095466,0.201399
ACACATGATCAAATCT-1,0.015096,0.251916,0.234029,0.498756,0.000203
ACACATTTCCGTAGAC-1,0.107919,0.27784,0.144583,0.32518,0.144478
ACACCACATAATTAGC-1,0.018986,0.000171,0.77666,0.203755,0.000427
ACACCCAGCATGCAGC-1,0.22251,0.020397,0.175278,0.150544,0.43127
ACACCCGAGAAATCCG-1,0.000027,0.040826,0.273265,0.008393,0.677489
ACACCCGTAAATCTGT-1,0.000009,0.399193,0.092798,0.003308,0.504692
ACACCGAGCGCTCTTT-1,0.022499,0.00016,0.976779,0.00016,0.000401
ACACCGGTCTGACCGC-1,0.037619,0.378723,0.047272,0.407284,0.129103
ACACCTTAAGTAGGGC-1,0.047389,0.01638,0.323531,0.232853,0.379847
ACACCTTACTACTTGC-1,0.086633,0.140684,0.437478,0.329593,0.005612
ACACGAGACTCCTTCT-1,0.12689,0.000059,0.501107,0.099491,0.272453
ACACGGCACTATGCAT-1,0.000044,0.107912,0.2625,0.062789,0.566754
ACACGGGAACTTAGGG-1,0.000041,0.128121,0.38917,0.292775,0.189892
ACACGTAGGCCACAAG-1,0.056205,0.117711,0.625778,0.199825,0.00048
ACACTCCAATGTCACT-1,0.000049,0.071691,0.761653,0.000099,0.166508
ACACTGATCAAGGTGT-1,0.2156,0.058816,0.389096,0.068773,0.267715
ACACTGGGACAGTCGT-1,0.065744,0.043597,0.312955,0.174704,0.403001
ACAGAACTGAGAACAA-1,0.000016,0.040815,0.032062,0.206167,0.720941
ACAGATTAGGTTAGTG-1,0.002371,0.028847,0.014466,0.086704,0.867612
ACAGCATAGAGCCAGT-1,0.000075,0.006692,0.234685,0.227066,0.531482
ACAGCGACATTCTCAT-1,0.012125,0.024785,0.031593,0.451418,0.480079
ACAGCGCACCCGCAGC-1,0.000049,0.225845,0.181055,0.139198,0.453853
ACAGGCACGGATCCTT-1,0.000027,0.167287,0.385449,0.395463,0.051773
ACAGGCTTGCCCGACT-1,0.006626,0.019695,0.202761,0.161267,0.609652
ACAGGTGGAGGTGAGG-1,0.122475,0.026151,0.23494,0.407614,0.208821
ACAGGTGTGTTGTTGC-1,0.000015,0.178916,0.758026,0.00003,0.063014
ACAGTAATACAACTTG-1,0.042776,0.131385,0.005986,0.212432,0.607421
ACAGTATACCGTGGGA-1,0.00442,0.446345,0.136529,0.020313,0.392393
ACAGTGCAGCGCATTT-1,0.185381,0.1699,0.574773,0.057354,0.012593
ACATAAGTCGTGGTGA-1,0.060517,0.441293,0.021328,0.181985,0.294877
ACATAATAAGGCGGTG-1,0.000033,0.000066,0.272735,0.182459,0.544707
ACATACAATCAAGCGG-1,0.000013,0.672771,0.114123,0.005761,0.207331
ACATCAGCTGGGACGC-1,0.016098,0.108151,0.000028,0.012147,0.863575
ACATCCCGGCCATACG-1,0.003705,0.101482,0.000034,0.147801,0.746977
ACATCCTGGTAACTGT-1,0.000024,0.076968,0.138839,0.214822,0.569347
ACATCGATCGTTTACC-1,0.000044,0.000088,0.349506,0.229786,0.420576
ACATCGCAATATTCGG-1,0.600793,0.398473,0.000163,0.000163,0.000408
ACATCGGTCAGCCGCG-1,0.019383,0.001973,0.115144,0.682525,0.180975
ACATCGTATGCAATGG-1,0.000027,0.000054,0.036321,0.396891,0.566708
ACATCGTTAACCTAGT-1,0.000038,0.080283,0.007752,0.13095,0.780976
ACATCTCAACGCGTAA-1,0.022649,0.276664,0.02549,0.066899,0.608298
ACATGCTTACGGCAGC-1,0.495627,0.490157,0.013902,0.00009,0.000224
ACATGGCGCCAAAGTA-1,0.000047,0.107875,0.340341,0.328885,0.222852
ACATTAGTTTATATCC-1,0.10405,0.000053,0.070487,0.285948,0.539461
ACATTCGCGCGGAATA-1,0.421935,0.427917,0.02427,0.003619,0.122258
ACATTTGAAACCTAAC-1,0.06959,0.460965,0.439956,0.029266,0.000223
ACCAAACACCCAGCGA-1,0.04387,0.000176,0.816917,0.138596,0.00044
ACCAAACTAGAAATCC-1,0.000013,0.338499,0.030338,0.031466,0.599683
ACCAACACCACACACT-1,0.318877,0.262321,0.309877,0.030085,0.07884
ACCAACCGCACTCCAC-1,0.000039,0.035751,0.394118,0.441616,0.128476
ACCAACGCTTATTTAT-1,0.045607,0.000094,0.332676,0.511977,0.109646
ACCAAGAACGCGTGTC-1,0.000036,0.00085,0.230118,0.006315,0.762681
ACCAAGTCATCGGCAG-1,0.129413,0.42942,0.274885,0.165914,0.000367
ACCAATATGCAAGTTA-1,0.049885,0.280924,0.000218,0.645858,0.023116
ACCACAACTCAGAACA-1,0.000063,0.083066,0.805598,0.064585,0.046688
ACCACAAGTTTCTATC-1,0.000045,0.000091,0.5859,0.177409,0.236556
ACCACACGGTTGATGG-1,0.000021,0.630425,0.014264,0.135362,0.219929
ACCACCAATGTAACAA-1,0.000067,0.024545,0.586387,0.275815,0.113185
ACCACCCTCTCTTCTA-1,0.000037,0.42871,0.276004,0.09575,0.199499
ACCACGTGCAGCTATA-1,0.053582,0.017377,0.242404,0.37635,0.310286
ACCAGACCATAACAAC-1,0.003391,0.334879,0.147501,0.016786,0.497443
ACCAGCCCGGTCTTTG-1,0.000029,0.374624,0.185584,0.032709,0.407054
ACCAGGAGTGTGATCT-1,0.00006,0.00012,0.526541,0.230627,0.242652
ACCAGTGCCCGGTCAA-1,0.018295,0.000232,0.885855,0.095036,0.000581
ACCAGTGCGGGAGACG-1,0.005697,0.050289,0.086666,0.547045,0.310303
ACCATATCCGCAATAA-1,0.093921,0.116921,0.002304,0.32948,0.457373
ACCATCCGCCAACTAG-1,0.000028,0.023177,0.262526,0.248431,0.465838
ACCATCGTATATGGTA-1,0.036592,0.015252,0.039548,0.33744,0.571168
ACCCAACGCCCGTGGC-1,0.000038,0.029337,0.340178,0.404842,0.225606
ACCCACCTACATGCTC-1,0.000034,0.073722,0.215248,0.146418,0.564577
ACCCATCTTGAGGGTA-1,0.000055,0.00011,0.28118,0.690097,0.028558
ACCCATTTGTCCCTCT-1,0.000067,0.000352,0.494907,0.354922,0.149751
ACCCGAGCGAAATTAC-1,0.447064,0.00011,0.36381,0.18874,0.000276
ACCCGATTGGTTCCGA-1,0.992339,0.000069,0.00735,0.000069,0.000173
ACCCGGAAACTCCCAG-1,0.000039,0.028824,0.287288,0.577444,0.106405
ACCCGGAGCACCACAA-1,0.001587,0.465857,0.273977,0.044471,0.214107
ACCCGGATGACGCATC-1,0.00008,0.000159,0.697702,0.251444,0.050615
ACCCGGTTACACTTCC-1,0.000038,0.033362,0.079383,0.561148,0.326069
ACCCGTAGCAGAGAAT-1,0.01435,0.747286,0.000011,0.012949,0.225404
ACCCGTAGTCTAGTTG-1,0.135037,0.448054,0.307392,0.109246,0.000271
ACCCGTGTCATCAGTA-1,0.06929,0.037835,0.379235,0.513323,0.000317
ACCCTATAGGACTGAG-1,0.000035,0.00007,0.379137,0.00007,0.620688
ACCCTATGCCATATCG-1,0.491987,0.000153,0.322764,0.184713,0.000383
ACCCTCCCGTCAGGGC-1,0.00002,0.26707,0.352345,0.163914,0.216651
ACCCTCCCTTGCTATT-1,0.00004,0.014184,0.247346,0.393146,0.345284
ACCCTGGTAACGCCCT-1,0.051334,0.0211,0.824412,0.102663,0.00049
ACCCTTCATCTGCGAA-1,0.01294,0.07595,0.05933,0.002802,0.848977
ACCCTTGCCTGGGTCG-1,0.053327,0.484595,0.028937,0.01022,0.422921
ACCCTTTAGTTCTCCA-1,0.000026,0.373115,0.028518,0.0016,0.596741
ACCGAAAGGGCCCTGC-1,0.000027,0.113366,0.030811,0.023759,0.832038
ACCGAAGAGTCTGGTT-1,0.025668,0.280202,0.118223,0.299628,0.276279
ACCGACACATCTCCCA-1,0.110716,0.000114,0.169715,0.646222,0.073234
ACCGACTGAGTCCCAC-1,0.000034,0.06567,0.185858,0.32376,0.424678
ACCGAGTCTCCTTATT-1,0.000017,0.226854,0.273094,0.135052,0.364983
ACCGATAGGCATAACC-1,0.133005,0.000112,0.857317,0.000112,0.009454
ACCGATATTTAATCAT-1,0.000135,0.000271,0.916347,0.082571,0.000676
ACCGATGGTAGCATCG-1,0.000035,0.000069,0.444985,0.189259,0.365653
ACCGCAATAACTGCCT-1,0.045595,0.038024,0.182884,0.41268,0.320818
ACCGCGGTGGAAGTCG-1,0.038709,0.000145,0.701388,0.1534,0.106359
ACCGCTAGTCATTGGT-1,0.648472,0.351306,0.000049,0.000049,0.000123
ACCGGGCCTTTGTTGA-1,0.008705,0.045962,0.372078,0.572638,0.000617
ACCGGTCAGGTACACC-1,0.000251,0.182728,0.232686,0.547045,0.037289
ACCGGTCTGAGTACGG-1,0.024869,0.276506,0.620296,0.000351,0.077978
ACCGTCCACTGGGCCC-1,0.031562,0.793753,0.000012,0.001572,0.173101
ACCGTGACCACGTGGG-1,0.455466,0.000073,0.281762,0.030276,0.232423
ACCGTTCCCGCTCTGA-1,0.000048,0.124473,0.314751,0.018188,0.54254
ACCTAAGTACCTTTCA-1,0.053086,0.017953,0.212657,0.250519,0.465785
ACCTAATCGACTTCCT-1,0.058007,0.051302,0.214028,0.310638,0.366025
ACCTACAGTATGTGGT-1,0.302237,0.476563,0.20345,0.017203,0.000546
ACCTACTATAAATCTA-1,0.012027,0.134757,0.066855,0.435649,0.350711
ACCTCAGCGAGGCGCA-1,0.01254,0.392481,0.594795,0.000053,0.000132
ACCTCCGCCCTCGCTG-1,0.000068,0.038833,0.667384,0.095269,0.198446
ACCTCCGTTATTCACC-1,0.20234,0.07978,0.236304,0.4807,0.000877
ACCTCGAACTTATGCT-1,0.050103,0.442127,0.132613,0.214573,0.160583
ACCTGCGTGTCATGTT-1,0.000036,0.008578,0.175596,0.397636,0.418153
ACCTTTCCTTTAGAAG-1,0.000016,0.237081,0.306621,0.000032,0.45625
ACGAAATGGGCGGCAC-1,0.027067,0.038351,0.337265,0.150817,0.4465
ACGACCCATGAGTTGC-1,0.00006,0.45717,0.336689,0.073488,0.132593
ACGACTCTAGGGCCGA-1,0.012653,0.169937,0.668118,0.14911,0.000183
ACGACTGGTCATACTC-1,0.564655,0.130756,0.000038,0.021603,0.282948
ACGAGAACCCATCACG-1,0.078545,0.041801,0.130416,0.135258,0.61398
ACGAGATATTTGCTTA-1,0.008656,0.249196,0.011947,0.001277,0.728924
ACGAGGATACCACTCT-1,0.074555,0.13179,0.207037,0.407436,0.179183
ACGAGGTTTACAACGT-1,0.011847,0.209818,0.226922,0.047629,0.503784
ACGAGTACGGATGCCC-1,0.012216,0.077253,0.260926,0.000463,0.649142
ACGATACATAGAACTA-1,0.115817,0.000099,0.441392,0.052884,0.389809
ACGATACCTATCCTGA-1,0.000016,0.160056,0.250409,0.007534,0.581985
ACGATCATACATAGAG-1,0.049079,0.000042,0.15025,0.02585,0.774778
ACGATCATCTTGTAAA-1,0.000064,0.000128,0.298161,0.537106,0.164541
ACGATGCATATGTTAT-1,0.050529,0.016936,0.319544,0.515649,0.097342
ACGATGGATCCGATGC-1,0.129257,0.000111,0.303484,0.116915,0.450233
ACGCAAACTAATAGAT-1,0.664896,0.00008,0.1603,0.138366,0.036358
ACGCAATCACTACAGC-1,0.058148,0.00037,0.633533,0.235263,0.072687
ACGCATAAATGACATG-1,0.246364,0.30179,0.451195,0.000186,0.000466
ACGCATACGTTTACTA-1,0.000043,0.005825,0.264351,0.299213,0.430567
ACGCATTCGTGAGTAC-1,0.022319,0.000062,0.094685,0.101931,0.781004
ACGCCACTCGAAACAG-1,0.091449,0.610162,0.088347,0.095141,0.114901
ACGCCAGATGATTTCT-1,0.000047,0.007019,0.473308,0.080634,0.438992
ACGCCAGTGCGTTTGC-1,0.00318,0.435121,0.561439,0.000074,0.000185
ACGCCCAGCTGTCGAT-1,0.007295,0.14439,0.380442,0.027177,0.440696
ACGCCGCTAGACGACC-1,0.050147,0.000157,0.248924,0.614442,0.086331
ACGCGAAGTCAGACGA-1,0.047344,0.032874,0.13777,0.344574,0.437438
ACGCGCTACACAGGGT-1,0.000014,0.055581,0.000726,0.184342,0.759338
ACGCGGGCCAAGGACA-1,0.017644,0.006358,0.07686,0.504604,0.394534
ACGCGTTTCTTAAGAG-1,0.006932,0.064134,0.712161,0.147194,0.069579
ACGCTACTGAATGGGC-1,0.00002,0.643578,0.120995,0.095198,0.140209
ACGCTAGTATCAGTGC-1,0.010632,0.491092,0.311699,0.11094,0.075636
ACGCTAGTGATACACT-1,0.000051,0.010783,0.183188,0.393826,0.412152
ACGCTGTGAGGCGTAG-1,0.000021,0.086115,0.224404,0.040767,0.648693
ACGCTTAGTGTCTCTC-1,0.000023,0.534791,0.295026,0.006529,0.16363
ACGGAACACGAGTGCC-1,0.037848,0.249348,0.712504,0.000086,0.000214
ACGGAATTTAGCAAAT-1,0.000048,0.024157,0.454451,0.118057,0.403288
ACGGACGCAGCGACAA-1,0.003446,0.963962,0.000027,0.032498,0.000067
ACGGACTCTCAAAGCG-1,0.040226,0.03739,0.009033,0.256879,0.656471
ACGGAGCGCAAATTAC-1,0.129198,0.000271,0.643891,0.225964,0.000676
ACGGATGGTGCGGATA-1,0.122917,0.000106,0.142657,0.706737,0.027583
ACGGCACTTGCTTGGG-1,0.000028,0.039274,0.041637,0.542309,0.376753
ACGGCCAACATGGACT-1,0.066181,0.000191,0.231578,0.167142,0.534908
ACGGCGACGATGGGAA-1,0.002523,0.043074,0.162089,0.562925,0.229389
ACGGCGGGTTGCCCTG-1,0.000057,0.000115,0.999427,0.000115,0.000286
ACGGCTGGATGTAGAA-1,0.08686,0.292217,0.313215,0.307534,0.000173
ACGGGAGTGTCGGCCC-1,0.000015,0.090003,0.002687,0.08486,0.822436
ACGGGCGTATGCGACA-1,0.000053,0.148974,0.686462,0.000105,0.164406
ACGGGTCATGTGACTT-1,0.000074,0.000148,0.999262,0.000148,0.000369
ACGGGTTGTGACCTGT-1,0.174926,0.330423,0.253925,0.240386,0.00034
ACGGTACAGTTCAATG-1,0.020428,0.365104,0.25631,0.077456,0.280701
ACGGTCACCGAGAACA-1,0.059847,0.588442,0.000059,0.351531,0.000122
ACGTACAGATTTCTCT-1,0.000046,0.10972,0.046394,0.31116,0.53268
ACGTACTTTGGCACGG-1,0.941942,0.057755,0.000067,0.000067,0.000169
ACGTAGATTGCTGATG-1,0.000024,0.028845,0.150021,0.019829,0.801281
ACGTAGGAGAGTCGCT-1,0.056748,0.042639,0.204529,0.324012,0.372073
ACGTATTACTCCGATC-1,0.000053,0.000106,0.260356,0.38454,0.354945
ACGTCCTAAACGAGAT-1,0.061803,0.000125,0.936158,0.001603,0.000311
ACGTCGGGCAACTCGG-1,0.004792,0.710559,0.004027,0.072398,0.208223
ACGTCTCGTTCCGGGA-1,0.067006,0.260096,0.074621,0.382656,0.215621
ACGTGACAAAGTAAGT-1,0.000004,0.452816,0.000007,0.000007,0.547166
ACGTGCGCCTCGTGCA-1,0.060471,0.000093,0.406087,0.070629,0.462721
ACGTGGTCGAATGTGC-1,0.000038,0.29517,0.553684,0.097848,0.053261
ACGTTAATGTCGAAGA-1,0.000026,0.000053,0.045662,0.206488,0.747771
ACGTTAGATTTGCCCG-1,0.10426,0.000094,0.174094,0.606055,0.115497
ACGTTATTGGTCACTC-1,0.000041,0.053699,0.381118,0.104572,0.460569
ACGTTCACTATGCCGC-1,0.999541,0.000083,0.000083,0.000083,0.000209
ACGTTCCGCGCTCCGT-1,0.090223,0.04753,0.42129,0.151874,0.289083
ACGTTCGCAATCAATT-1,0.069402,0.000154,0.39966,0.236588,0.294197
ACGTTCGTTCAGGAAA-1,0.478746,0.000064,0.048868,0.197521,0.274801
ACGTTCTGTACAAGTC-1,0.000032,0.000064,0.155869,0.281906,0.56213
ACGTTGTCGTTGAAAG-1,0.781186,0.218075,0.000164,0.000164,0.000411
ACGTTTAGTTGTGATC-1,0.000031,0.033633,0.215494,0.000063,0.750778
ACGTTTCGGTGCACTT-1,0.000019,0.556639,0.292857,0.01764,0.132846
ACTAAGGACGCACACC-1,0.000015,0.39303,0.161685,0.003065,0.442204
ACTAATACGTCAGGCG-1,0.000093,0.128266,0.870992,0.000186,0.000464
ACTACAAAGAGAGGTG-1,0.219377,0.44087,0.00372,0.274047,0.061987
ACTACATCCCGACAAG-1,0.033015,0.33031,0.101164,0.513132,0.02238
ACTACCAGCTCTCTGG-1,0.000035,0.050432,0.295167,0.176766,0.4776
ACTACCATCCGAGGGC-1,0.635182,0.364536,0.000063,0.000063,0.000156
ACTACGCGTTAGAATT-1,0.209435,0.02941,0.190866,0.225378,0.344911
ACTAGTTGCGATCGTC-1,0.000087,0.000173,0.673129,0.272984,0.053627
ACTATATGCTGTGTTC-1,0.035825,0.000404,0.794433,0.16833,0.001009
ACTATCCAGGGCATGG-1,0.001384,0.000141,0.960165,0.037958,0.000352
ACTATCTGCCCGCGTA-1,0.353327,0.343978,0.201013,0.027443,0.074238
ACTATGTCCAGCTGCC-1,0.191682,0.217031,0.209823,0.224921,0.156543
ACTATTCGTCCGTGGT-1,0.055859,0.000076,0.321192,0.07554,0.547333
ACTATTTCCGGGCCCA-1,0.793227,0.000096,0.088178,0.118258,0.000241
ACTCAACGAATGTATT-1,0.000047,0.078459,0.556858,0.029358,0.335278
ACTCAAGTGCAAGGCT-1,0.000029,0.056766,0.136594,0.331598,0.475013
ACTCAATAAAGGCACG-1,0.000035,0.056489,0.350519,0.138634,0.454323
ACTCAGACCTGCTTCT-1,0.000058,0.269052,0.223075,0.050339,0.457475
ACTCATGGCAGCCTTC-1,0.051823,0.348793,0.240421,0.358757,0.000206
ACTCCAATATCATCAT-1,0.260587,0.197501,0.008435,0.318847,0.21463
ACTCCCATTCCTAAAG-1,0.000047,0.013597,0.117583,0.803351,0.065422
ACTCCCGAATTCGTTT-1,0.000024,0.0112,0.127802,0.152378,0.708595
ACTCCCGTAGACTAGG-1,0.000028,0.451023,0.03347,0.102785,0.412695
ACTCCCTAATGCTAAA-1,0.000038,0.050676,0.106226,0.628888,0.214172
ACTCCCTAGAATAGTA-1,0.087034,0.055512,0.023091,0.555372,0.278991
ACTCCGGCCGACCACT-1,0.033812,0.071568,0.078143,0.468968,0.34751
ACTCGATGTATTTCAT-1,0.000033,0.019817,0.369406,0.021732,0.589012
ACTCGCCGTTCGATAA-1,0.130532,0.577467,0.231657,0.060057,0.000287
ACTCGCGATCTGACGC-1,0.001646,0.403192,0.192101,0.182175,0.220887
ACTCGTAACCCGTCCT-1,0.000037,0.062154,0.124767,0.443248,0.369794
ACTCGTCAGTAATCCC-1,0.017166,0.063594,0.325398,0.00923,0.584612
ACTCTAAACCTGGGAT-1,0.000007,0.087101,0.122448,0.001212,0.789232
ACTCTCTGACTTAGGT-1,0.08689,0.000134,0.57564,0.238812,0.098524
ACTCTCTTATACACGA-1,0.000044,0.220895,0.131091,0.209651,0.438319
ACTCTGACCTAATAGA-1,0.000019,0.310081,0.394892,0.084989,0.210019
ACTCTTCAGCTCCCGC-1,0.000015,0.699225,0.00806,0.00814,0.28456
ACTCTTGTATAGTAAC-1,0.028207,0.031582,0.000158,0.725209,0.214844
ACTGAAACGCCGTTAG-1,0.000025,0.086885,0.125537,0.219254,0.568299
ACTGAATGGCGAAAGT-1,0.000023,0.000045,0.02243,0.354417,0.623085
ACTGATTTAGTGATTC-1,0.038148,0.346484,0.426081,0.079154,0.110132
ACTGCCCGCCATTCTC-1,0.686421,0.19815,0.00658,0.103704,0.005146
ACTGCCGTCGTAACTC-1,0.338814,0.076024,0.38182,0.027426,0.175916
ACTGCGGACACACCGT-1,0.016865,0.040215,0.94236,0.00016,0.0004
ACTGCTCGGAAGGATG-1,0.000012,0.32147,0.000024,0.036809,0.641684
ACTGGCGAACCTGCGT-1,0.012408,0.429365,0.119274,0.062846,0.376107
ACTGGGATGCCAGTGC-1,0.187738,0.308419,0.058394,0.342606,0.102843
ACTGTACGATACACAT-1,0.05739,0.000072,0.325569,0.201566,0.415403
ACTGTAGCACTTTGGA-1,0.03171,0.083714,0.346698,0.101808,0.43607
ACTGTATACGCGAGCA-1,0.160386,0.003416,0.157547,0.239709,0.438942
ACTGTCCAGGATTATA-1,0.00003,0.010133,0.258872,0.068781,0.662184
ACTGTCTTCTTTAGAA-1,0.081262,0.000068,0.111472,0.378311,0.428887
ACTGTGCTAGTAGATC-1,0.000043,0.096063,0.260954,0.023117,0.619823
ACTGTTTAGTGTAGGC-1,0.000064,0.035586,0.681536,0.115657,0.167157
ACTTACCGGGCGCGCA-1,0.000044,0.128736,0.291527,0.077462,0.50223
ACTTACGCATCCACGC-1,0.012545,0.039581,0.301651,0.321162,0.325061
ACTTAGTACGACAAGA-1,0.000067,0.000135,0.692752,0.25362,0.053425
ACTTATACTTACCCGG-1,0.000046,0.000092,0.086386,0.74688,0.166596
ACTTATTAGGATCGGT-1,0.046678,0.000113,0.478661,0.425521,0.049028
ACTTATTTATGTGCCA-1,0.000064,0.000128,0.511813,0.286598,0.201398
ACTTCAGGCTGATCCC-1,0.002453,0.08304,0.043616,0.376898,0.493993
ACTTCCAGTGGAAGCT-1,0.056841,0.537938,0.316397,0.088688,0.000136
ACTTCCATGCGGGACA-1,0.00004,0.00008,0.415548,0.33506,0.249272
ACTTCCTGTCGTGCGA-1,0.03366,0.02032,0.945687,0.000095,0.000238
ACTTCGCCATACGCAC-1,0.191179,0.000067,0.189385,0.116457,0.502913
ACTTCGCTAGCGAGTG-1,0.000012,0.688421,0.001754,0.033325,0.276489
ACTTGACTCCCTCTTT-1,0.13392,0.077226,0.286831,0.395287,0.106737
ACTTGCCATATTGTAC-1,0.000044,0.050325,0.266253,0.224797,0.458581
ACTTGCTCTATCTACC-1,0.000007,0.704413,0.000013,0.000013,0.295554
ACTTGGGACCCGGTGG-1,0.05921,0.081125,0.021022,0.196679,0.641964
ACTTGGGCTTTCGCCA-1,0.007963,0.44498,0.350692,0.196164,0.000202
ACTTGTAGTCCCTTCA-1,0.068344,0.196823,0.178478,0.348227,0.208129
ACTTGTGGATGGAACG-1,0.000134,0.000267,0.749779,0.249152,0.000668
ACTTGTTACCGGATCA-1,0.118251,0.258912,0.263488,0.34027,0.01908
ACTTTACCCTCATGAA-1,0.000044,0.000088,0.578854,0.000088,0.420926
ACTTTATACACCACTT-1,0.092771,0.687606,0.000051,0.219444,0.000128
ACTTTCCTATAGCTTC-1,0.000036,0.054504,0.129509,0.165641,0.650309
ACTTTGACTGCATCCT-1,0.001496,0.170636,0.184457,0.003985,0.639427
ACTTTGGTCGTGCTCC-1,0.027785,0.363868,0.104115,0.069275,0.434957
ACTTTGTCGACGCACT-1,0.000112,0.136432,0.749677,0.113216,0.000562
AGAAATTATGACTCGC-1,0.029486,0.114789,0.855263,0.000132,0.00033
AGAACACGGCGATGGT-1,0.197807,0.660985,0.000026,0.094468,0.046714
AGAACCCAGCGTGACA-1,0.000027,0.278255,0.194118,0.164504,0.363095
AGAACCCTCAATTGGG-1,0.013249,0.501884,0.109107,0.280159,0.095601
AGAACGTGGTACATTC-1,0.000025,0.000049,0.387059,0.013659,0.599208
AGAACTGTACTTTGTA-1,0.023728,0.693133,0.162669,0.046004,0.074467
AGAAGAGCGCCGTTCC-1,0.00026,0.000519,0.02291,0.478589,0.497722
AGAAGGTACACTTCAC-1,0.127775,0.129148,0.152751,0.01212,0.578205
AGAAGGTTGCCGAATT-1,0.06581,0.000056,0.131743,0.304374,0.498017
AGAAGGTTGTAGGTCG-1,0.000037,0.036011,0.122934,0.490983,0.350035
AGAAGTGATTCGTGAT-1,0.133545,0.000071,0.011273,0.380038,0.475072
AGAATAAATCTTCAGG-1,0.01581,0.101889,0.323244,0.479907,0.07915
AGAATACAGGCTATCC-1,0.350385,0.074362,0.575032,0.000063,0.000158
AGAATGCGGGTTCGGA-1,0.24694,0.073139,0.274207,0.053277,0.352438
AGAATTATGGATTCGA-1,0.000066,0.000133,0.496524,0.381603,0.121673
AGAATTGTTTGACATA-1,0.000038,0.109899,0.219441,0.132541,0.538081
AGACAGCTCAGAATCC-1,0.000016,0.152902,0.052412,0.002127,0.792543
AGACAGGCATCTCAGC-1,0.000009,0.592327,0.080655,0.000076,0.326933
AGACATAGATCCTTCC-1,0.062525,0.067554,0.196908,0.1036,0.569412
AGACCAAACCACACCT-1,0.000199,0.346431,0.000017,0.026021,0.627332
AGACCATGGGATACAA-1,0.000017,0.034983,0.000034,0.000964,0.964002
AGACCCACCGCTGATC-1,0.113338,0.000055,0.066188,0.316605,0.503813
AGACCCGCCCTCCTCG-1,0.001082,0.130314,0.281894,0.123733,0.462977
AGACCGCTCCGCGGTT-1,0.112346,0.000247,0.518949,0.36784,0.000618
AGACCGGGAAACCCTG-1,0.008943,0.069883,0.195656,0.099675,0.625843
AGACGAAGTGCCGGTC-1,0.000049,0.000097,0.156589,0.578133,0.265133
AGACGACGATGCCGCT-1,0.033812,0.059589,0.036624,0.600293,0.269682
AGACGCCCACTTCGCC-1,0.000132,0.03737,0.83784,0.123999,0.000659
AGACGGGATTGGTATA-1,0.000039,0.188083,0.768328,0.027632,0.015918
AGACGGGCCGATTTAA-1,0.072897,0.057402,0.869159,0.000155,0.000387
AGACTAGCCTTCCAGA-1,0.064423,0.023395,0.466362,0.124654,0.321166
AGACTGTTACCGGGTC-1,0.360212,0.000078,0.191353,0.040869,0.407488
AGAGAAACACCAGAAA-1,0.807029,0.192754,0.000095,0.000035,0.000088
AGAGAACCGTCTAGGA-1,0.000033,0.005585,0.215605,0.295405,0.483372
AGAGAAGGAGTACAAT-1,0.132984,0.01336,0.106471,0.609431,0.137754
