Barcode,Topic 1,Topic 2,Topic 3to11
AAACAAGTATCTCCCA-1,0.161288,0.000037,0.838675
AAACACCAATAACTGC-1,0.000015,0.000015,0.99997
AAACAGAGCGACTCCT-1,0.141114,0.070127,0.788759
AAACAGCTTTCAGAAG-1,0.004386,0.000016,0.995599
AAACAGGGTCTATATT-1,0.083506,0.000034,0.916459
AAACAGTGTTCCTGGG-1,0.000244,0.00002,0.999737
AAACATGGTGAGAGGA-1,0.000995,0.000024,0.99898
AAACATTTCCCGGATT-1,0.044992,0.000038,0.954969
AAACCCGAACGAAATC-1,0.156107,0.000042,0.84385
AAACCGGAAATGTTAA-1,0.243282,0.000106,0.756612
AAACCGGGTAGGTACC-1,0.000034,0.000034,0.999932
AAACCGTTCGTCCAGG-1,0.000035,0.000035,0.999929
AAACCTAAGCAGCCGG-1,0.007352,0.004822,0.987826
AAACCTCATGAAGTTG-1,0.000033,0.000033,0.999934
AAACGAAGATGGAGTA-1,0.035492,0.000028,0.96448
AAACGAGACGGTTGAT-1,0.000053,0.000053,0.999894
AAACGCTGGGCACGAC-1,0.999603,0.00004,0.000357
AAACGGGCGTACGGGT-1,0.000038,0.000038,0.999925
AAACGGGTTGGTATCC-1,0.299991,0.050253,0.649756
AAACGGTTGCGAACTG-1,0.052124,0.00008,0.947796
AAACGTGTTCGCCCTA-1,0.000054,0.000054,0.999892
AAACTAACGTGGCGAC-1,0.159529,0.0125,0.827971
AAACTCGGTTCGCAAT-1,0.000028,0.000028,0.999943
AAACTCGTGATATAAG-1,0.09964,0.000057,0.900303
AAACTGCTGGCTCCAA-1,0.024758,0.000052,0.97519
AAACTTAATTGCACGC-1,0.015903,0.000018,0.984079
AAACTTGCAAACGTAT-1,0.000048,0.000048,0.999904
AAAGAATGACCTTAGA-1,0.066337,0.000023,0.933641
AAAGAATGTGGACTAA-1,0.155147,0.000036,0.844816
AAAGACTGGGCGCTTT-1,0.000024,0.000024,0.999951
AAAGCTTGCCTACATA-1,0.026239,0.00003,0.97373
AAAGGCCCTATAATAC-1,0.067984,0.000021,0.931995
AAAGGCTACGGACCAT-1,0.536176,0.000118,0.463706
AAAGGCTCTCGCGCCG-1,0.178529,0.021798,0.799673
AAAGGGATGTAGCAAG-1,0.109162,0.030529,0.86031
AAAGGGCAGCTTGAAT-1,0.000029,0.002749,0.997223
AAAGGTAAGCTGTACC-1,0.010002,0.002376,0.987622
AAAGTAGCATTGCTCA-1,0.000052,0.000052,0.999896
AAAGTCGACCCTCAGT-1,0.000027,0.000027,0.999946
AAAGTGCCATCAATTA-1,0.95452,0.000072,0.045408
AAAGTGTGATTTATCT-1,0.041665,0.00006,0.958275
AAAGTTGACTCCCGTA-1,0.043035,0.000021,0.956944
AAATAACCATACGGGA-1,0.030821,0.000114,0.969064
AAATAAGGTAGTGCCC-1,0.026276,0.003461,0.970263
AAATACCTATAAGCAT-1,0.00004,0.00004,0.99992
AAATAGCTTAGACTTT-1,0.034985,0.000046,0.964969
AAATAGGGTGCTATTG-1,0.000013,0.000013,0.999974
AAATCCGATACACGCC-1,0.008801,0.000035,0.991165
AAATCGCGGAAGGAGT-1,0.012536,0.000011,0.987454
AAATCGTGTACCACAA-1,0.107152,0.000094,0.892754
AAATCTAGCCCTGCTA-1,0.226193,0.000027,0.77378
AAATCTGCCCGCGTCC-1,0.012438,0.000011,0.987551
AAATGACTGATCAAAC-1,0.058719,0.00006,0.94122
AAATGATTCGATCAGC-1,0.042282,0.000048,0.95767
AAATGCTCGTTACGTT-1,0.000058,0.000058,0.999884
AAATGGCATGTCTTGT-1,0.111489,0.000315,0.888196
AAATGGCCCGTGCCCT-1,0.000034,0.000034,0.999932
AAATGGTCAATGTGCC-1,0.072362,0.047292,0.880345
AAATGTATCTTATCCC-1,0.026413,0.000015,0.973571
AAATTAACGGGTAGCT-1,0.195573,0.01144,0.792988
AAATTAATAAGCGCGA-1,0.000017,0.00663,0.993353
AAATTACACGACTCTG-1,0.070804,0.000095,0.929101
AAATTACCTATCGATG-1,0.000031,0.000031,0.999937
AAATTCCAGGTCCAAA-1,0.042249,0.000037,0.957714
AAATTGATAGTCCTTT-1,0.000036,0.000036,0.999928
AAATTGCGGCGGTTCT-1,0.788122,0.000471,0.211407
AAATTGGTGAGAAGCA-1,0.092002,0.000057,0.907941
AAATTTGCGGGTGTGG-1,0.000029,0.000029,0.999942
AACAACTGGTAGTTGC-1,0.00005,0.005814,0.994136
AACAATACATTGTCGA-1,0.000026,0.000026,0.999948
AACAATTACTCTACGC-1,0.000058,0.000058,0.999883
AACACACGCTCGCCGC-1,0.086397,0.000036,0.913567
AACACGAGACGCGGCC-1,0.000035,0.000035,0.99993
AACAGCTGTGTGGCAA-1,0.005517,0.00003,0.994453
AACAGGAAATCGAATA-1,0.127746,0.000068,0.872187
AACAGGATGGGCCGCG-1,0.230312,0.000068,0.76962
AACAGGTAGTATGGAT-1,0.520629,0.000063,0.479307
AACATAGCGTGTATCG-1,0.000021,0.000021,0.999959
AACATATCAACTGGTG-1,0.119532,0.000025,0.880443
AACATCGATACGTCTA-1,0.000059,0.000059,0.999882
AACATTGAAGTTGATC-1,0.000022,0.000022,0.999957
AACATTGGTCAGCCGT-1,0.626151,0.058131,0.315719
AACATTGTGACTCGAG-1,0.059208,0.000034,0.940758
AACCAAGACTTCTCTG-1,0.049842,0.000052,0.950106
AACCAGTATCACTCTT-1,0.075116,0.000053,0.92483
AACCATAGGGTTGAAC-1,0.000008,0.000008,0.999983
AACCATGGGATCGCTA-1,0.016289,0.018373,0.965338
AACCCAGAGACGGAGA-1,0.357757,0.000258,0.641984
AACCCATCCCATGATC-1,0.048521,0.000045,0.951435
AACCCGACAACCCGTG-1,0.005108,0.000037,0.994855
AACCCGAGCAGAATCG-1,0.232247,0.000049,0.767704
AACCCGATAGGGCTTC-1,0.258594,0.029667,0.711739
AACCCGCTGTATTCCA-1,0.066098,0.000032,0.933871
AACCCTACTGTCAATA-1,0.007353,0.000022,0.992625
AACCGAGCTTGGTCAT-1,0.000054,0.000054,0.999892
AACCGCTAAGGGATGC-1,0.037661,0.000046,0.962293
AACCGTTGTGTTTGCT-1,0.082943,0.000112,0.916946
AACCTCGCTTTAGCCC-1,0.000036,0.000036,0.999927
AACCTGTCACGGAATT-1,0.059328,0.000036,0.940637
AACCTTTAAATACGGT-1,0.000047,0.000047,0.999907
AACCTTTACGACGTCT-1,0.00002,0.003226,0.996754
AACGAAAGTCGTCCCA-1,0.072698,0.00002,0.927282
AACGACCTCCTAGCCG-1,0.844783,0.000028,0.155189
AACGATAATGCCGTAG-1,0.000046,0.000046,0.999908
AACGATAGAAGGGCCG-1,0.360182,0.000322,0.639496
AACGATATGTCAACTG-1,0.000037,0.000037,0.999927
AACGCATGATCTGGGT-1,0.015791,0.000064,0.984145
AACGCGAACGGCAACA-1,0.337938,0.000306,0.661755
AACGCGACCTTGGGCG-1,0.117767,0.000058,0.882176
AACGCGGTCTCCAGCC-1,0.061129,0.012927,0.925944
AACGCTGTTGCTGAAA-1,0.094019,0.000034,0.905947
AACGGACGTACGTATA-1,0.000019,0.000019,0.999962
AACGGCCATCTCCGGT-1,0.000033,0.000033,0.999933
AACGTACTGTGGGTAC-1,0.000059,0.000059,0.999883
AACGTCAGACTAGTGG-1,0.000078,0.000078,0.999844
AACGTCATCCGGCTTG-1,0.049393,0.000032,0.950575
AACGTCGCTGCACTTC-1,0.281242,0.000083,0.718676
AACGTGCGAAAGTCTC-1,0.000055,0.000055,0.999891
AACGTTATCAGCACCT-1,0.000015,0.000015,0.99997
AACGTTCTACCATTGT-1,0.999452,0.000055,0.000494
AACTACCCGTTTGTCA-1,0.489148,0.000051,0.510801
AACTAGGCTTGGGTGT-1,0.000116,0.000116,0.999768
AACTCAAGTTAATTGC-1,0.045502,0.000044,0.954454
AACTCCAGAGCGTGTT-1,0.018045,0.000028,0.981927
AACTCCTAATCCCATG-1,0.138881,0.00012,0.860998
AACTCGATAAACACGT-1,0.586345,0.000368,0.413287
AACTCGATGGCGCAGT-1,0.11629,0.253739,0.629971
AACTCTCAATAGAGCG-1,0.000053,0.002494,0.997453
AACTCTCAGTGTGCTC-1,0.000075,0.000075,0.999851
AACTGAGGTCAGCGTC-1,0.097685,0.000125,0.902191
AACTGAGTTATACTGA-1,0.369931,0.00006,0.630009
AACTGATATTAGGCCT-1,0.289863,0.000226,0.709911
AACTGGGTCCCGACGT-1,0.145988,0.00018,0.853832
AACTTCTGCGTCTATC-1,0.000045,0.000045,0.99991
AACTTGCCCGTATGCA-1,0.000039,0.000039,0.999921
AACTTGCGTTCTCGCG-1,0.000033,0.000033,0.999934
AACTTTACGGGAGCTT-1,0.003263,0.000012,0.996726
AACTTTCTCGATCATG-1,0.019832,0.000028,0.98014
AAGAAATCACCAGATT-1,0.010976,0.000036,0.988988
AAGAAGGATCAGTTAG-1,0.083111,0.000053,0.916836
AAGACATACGTGGTTT-1,0.523147,0.000055,0.476798
AAGACCAAATAACTCA-1,0.041268,0.000019,0.958714
AAGACCCAACTGAACA-1,0.071872,0.000034,0.928094
AAGACTAACCCGTTGT-1,0.371204,0.000548,0.628248
AAGACTGCAAGCTACT-1,0.048905,0.000106,0.950989
AAGAGATGAATCGGTA-1,0.002037,0.000046,0.997917
AAGAGCTCTTTATCGG-1,0.000031,0.000031,0.999938
AAGAGGATGTACGCGA-1,0.09817,0.03159,0.870241
AAGAGGCATGGATCGC-1,0.000036,0.000036,0.999928
AAGAGGCCCTTTGGAA-1,0.083405,0.000042,0.916553
AAGATGGCACCGGACC-1,0.000043,0.000043,0.999914
AAGATTGGCGGAACGT-1,0.000051,0.000051,0.999898
AAGCACCCTGCGTATC-1,0.267932,0.000091,0.731977
AAGCATACTCTCCTGA-1,0.000034,0.000034,0.999931
AAGCCACTTGCAGGTA-1,0.000029,0.000029,0.999941
AAGCCGAAGCGGTTTA-1,0.075459,0.000054,0.924486
AAGCCGCCGTGAAATC-1,0.000016,0.000016,0.999968
AAGCCGCTTTACCTTG-1,0.000031,0.000031,0.999938
AAGCCGGAGAGCAGGA-1,0.999495,0.000051,0.000455
AAGCGCAGGGCTTTGA-1,0.000031,0.000031,0.999939
AAGCGGAGTGCGCGCA-1,0.000045,0.000045,0.999909
AAGCGGCGTCATGGGT-1,0.238599,0.00007,0.76133
AAGCGTCCCTCATCGA-1,0.00004,0.00004,0.999921
AAGCTAGATCGAGTAA-1,0.000069,0.000069,0.999863
AAGCTCGTGCCAAGTC-1,0.000029,0.000029,0.999941
AAGCTCTTTCATGGTG-1,0.000054,0.000054,0.999892
AAGGAGCGGTTGGTGC-1,0.000134,0.032182,0.967684
AAGGATCGATCGCTTG-1,0.110051,0.000045,0.889904
AAGGATGAGGGACCTC-1,0.000038,0.000038,0.999923
AAGGCAGGCTGTCTCC-1,0.119164,0.000058,0.880778
AAGGCGCGTAAAGCTT-1,0.000051,0.000051,0.999898
AAGGCTGTGCTCATCG-1,0.000114,0.000114,0.999773
AAGGGAACGACTGGCT-1,0.018552,0.000022,0.981426
AAGGGACAGATTCTGT-1,0.000033,0.000033,0.999933
AAGGGACTATGCATTC-1,0.000027,0.000027,0.999946
AAGGGTTAGCCATGCG-1,0.999524,0.000048,0.000428
AAGGGTTTGATTTCAG-1,0.062565,0.002296,0.935139
AAGGTATCCTAATATA-1,0.000037,0.000037,0.999927
AAGGTGATAAACCAGC-1,0.009963,0.000029,0.990008
AAGTAGAAGACCGGGT-1,0.199002,0.000277,0.800721
AAGTAGTGACGCGAGG-1,0.000021,0.000021,0.999957
AAGTCAATTGTCGTCA-1,0.029791,0.000041,0.970169
AAGTCTAGTAGCTGCC-1,0.005702,0.000044,0.994254
AAGTCTTCTGTGGCCT-1,0.039685,0.000047,0.960268
AAGTGACGACCGAATT-1,0.000046,0.000046,0.999909
AAGTGAGTCGGGTTTA-1,0.018842,0.000092,0.981065
AAGTGCAAAGGTAGAC-1,0.000012,0.020207,0.979782
AAGTGCCTTGACTGTA-1,0.199965,0.000064,0.79997
AAGTGCGTTAGAATCT-1,0.088268,0.000078,0.911654
AAGTGCTTCTCTATTG-1,0.000026,0.000026,0.999947
AAGTGTTTGGAGACGG-1,0.012459,0.000052,0.987489
AAGTTCACTCCAAGCT-1,0.000035,0.000035,0.999931
AAGTTCAGTCTGCGTA-1,0.000029,0.000029,0.999941
AAGTTCGGCCAACAGG-1,0.000054,0.000054,0.999892
AAGTTGTGATGTTATA-1,0.081166,0.00006,0.918775
AAGTTTATGGGCCCAA-1,0.000025,0.000025,0.99995
AATAACAACGCTCGGC-1,0.000031,0.000031,0.999938
AATAACACTAGAACAA-1,0.02108,0.000057,0.978862
AATAACGTCGCGCCCA-1,0.423363,0.000037,0.5766
AATAATCTTCGTATCG-1,0.446156,0.000066,0.553777
AATACAATGTTTCAGG-1,0.000038,0.000038,0.999923
AATACCGGAGGGCTGT-1,0.000022,0.000022,0.999955
AATACCTGATGTGAAC-1,0.063569,0.00708,0.929351
AATAGAACAGAGTGGC-1,0.00007,0.242349,0.757581
AATAGAATCTGTTTCA-1,0.00201,0.000022,0.997968
AATAGCAAGCCTCCTG-1,0.178553,0.000106,0.821341
AATAGCTACCGCGTGC-1,0.041603,0.000065,0.958332
AATAGGCACGACCCTT-1,0.010161,0.000019,0.989821
AATAGTCCGTCCCGAC-1,0.055301,0.000146,0.944552
AATAGTCGCGAGTCGG-1,0.000011,0.000011,0.999978
AATATCAAGGTCGGAT-1,0.057005,0.000088,0.942907
AATATCCTAGCAAACT-1,0.077337,0.000037,0.922627
AATATCGAATCAATGC-1,0.177755,0.000046,0.822198
AATATCGAGGGTTCTC-1,0.024628,0.000044,0.975329
AATATTGGAGTATTGA-1,0.000062,0.000062,0.999877
AATCAGACTGCAGGAC-1,0.633517,0.000554,0.365929
AATCAGGTTTCATTTA-1,0.000029,0.000029,0.999942
AATCATGTAAAGACTC-1,0.108907,0.000051,0.891041
AATCCAAGGGCCTGAG-1,0.051725,0.000136,0.948139
AATCCATGCAAGGGTG-1,0.169827,0.000354,0.82982
AATCCCGCTCAGAGCC-1,0.066329,0.000016,0.933656
AATCGAGGTCTCAAGG-1,0.056743,0.00003,0.943228
AATCGCCTCAGCGCCA-1,0.000066,0.000066,0.999867
AATCGCGCAGAGGACT-1,0.102827,0.00005,0.897124
AATCGGTATAGCCCTC-1,0.042898,0.000039,0.957063
AATCGTGAGCCGAGCA-1,0.000012,0.000012,0.999976
AATCTAGGTTTACTTG-1,0.000029,0.000029,0.999942
AATCTATGCCGGAGCC-1,0.271087,0.000044,0.728868
AATCTCTACTGTGGTT-1,0.002721,0.000025,0.997254
AATCTGCGTTGGGACG-1,0.006145,0.000036,0.993819
AATCTGGCTTTCTAGT-1,0.027049,0.000036,0.972914
AATGACAGCAATGTCT-1,0.00006,0.00006,0.99988
AATGACGTAGGATGTC-1,0.00004,0.00004,0.999921
AATGACTGTCAGCCGG-1,0.058412,0.000146,0.941442
AATGAGTTCGCATATG-1,0.000046,0.000046,0.999907
AATGATGATACGCTAT-1,0.026482,0.000036,0.973482
AATGATGCGACTCCTG-1,0.071977,0.000056,0.927968
AATGCAACCGGGTACC-1,0.293541,0.054627,0.651832
AATGCACCAAGCAATG-1,0.000056,0.000056,0.999888
AATGGCCGCCAATGCG-1,0.063365,0.000053,0.936582
AATGGTCCACCGTTCA-1,0.000016,0.000016,0.999969
AATGGTTCTCACAAGC-1,0.000075,0.000075,0.999851
AATGTATGGCACTGTA-1,0.000009,0.000009,0.999981
AATGTGCCCGAGGTGT-1,0.000047,0.000047,0.999906
AATGTGCTAATCTGAG-1,0.023407,0.000028,0.976566
AATGTTAAGACCCTGA-1,0.044735,0.000028,0.955236
AATGTTGTCGTGAGAC-1,0.08203,0.000048,0.917922
AATTAAAGGTCGGCGT-1,0.015574,0.000117,0.98431
AATTAACGGATTTCCA-1,0.000535,0.000058,0.999407
AATTACGAGACCCATC-1,0.094082,0.000013,0.905905
AATTACTCGTACGCTC-1,0.000061,0.000061,0.999877
AATTAGCGCTGCAGCG-1,0.00005,0.00005,0.9999
AATTATACCCAGCAAG-1,0.031068,0.000023,0.968909
AATTCATAAGGGATCT-1,0.000057,0.000057,0.999887
AATTCATTGTCATGCA-1,0.060402,0.000013,0.939585
AATTCCAACTTGGTGA-1,0.509851,0.007853,0.482296
AATTCCAAGCATGTAC-1,0.16459,0.000118,0.835292
AATTCGATTCGAGGAT-1,0.127701,0.000021,0.872278
AATTCTAGAGTTAGGC-1,0.035628,0.00009,0.964282
AATTGAACGCTCTGGT-1,0.000021,0.013112,0.986867
AATTGCAGCAATCGAC-1,0.258735,0.036881,0.704384
AATTGCGTGGATTACA-1,0.000041,0.000041,0.999919
AATTGTGGTTGCCAAA-1,0.691178,0.000041,0.308781
AATTTGGGACATAGTA-1,0.000145,0.000145,0.99971
ACAAACCATGCGTCCT-1,0.024365,0.000017,0.975618
ACAAACTCCATCAGAG-1,0.014729,0.000014,0.985256
ACAAAGAAGGTAGGCC-1,0.00211,0.000025,0.997865
ACAAAGCATGACCTAG-1,0.011956,0.018844,0.969201
ACAAATCGCACCGAAT-1,0.014381,0.000026,0.985592
ACAAATGGTAGTGTTT-1,0.025923,0.000016,0.974061
ACAAATTCAGATCTGA-1,0.079644,0.00004,0.920316
ACAACAGCATGAGCTA-1,0.00003,0.00003,0.999941
ACAACGGTCCCTGCGA-1,0.000043,0.000043,0.999913
ACAAGCAGTGCCTAGC-1,0.00005,0.048915,0.951036
ACAAGCTATATGGAAG-1,0.000025,0.000025,0.99995
ACAAGGAAATCCGCCC-1,0.000047,0.000047,0.999906
ACAAGGACAAGAGGTT-1,0.000032,0.000032,0.999937
ACAAGGATGCTTTAGG-1,0.000021,0.000021,0.999958
ACAAGGGCAGGCTCTG-1,0.000026,0.000026,0.999949
ACAATAGTCGTACGTT-1,0.000068,0.000068,0.999863
ACAATCCATTTAAACC-1,0.000038,0.000038,0.999924
ACAATGAATACGGAGA-1,0.00003,0.00003,0.99994
ACAATGATTCTTCTAC-1,0.059871,0.000074,0.940055
ACAATTGTGTCTCTTT-1,0.033219,0.000021,0.96676
ACAATTTAGGAGGCTC-1,0.000012,0.000012,0.999975
ACAATTTGAGCAGTGG-1,0.000072,0.000072,0.999855
ACAATTTGGCCATATT-1,0.167312,0.000074,0.832614
ACACAAAGACGGGTGG-1,0.131481,0.000154,0.868365
ACACAAATATTCCTAG-1,0.000055,0.000034,0.999911
ACACACCAGGACCAGT-1,0.058712,0.000043,0.941245
ACACACTTTCTACACG-1,0.305426,0.000265,0.694309
ACACATGATCAAATCT-1,0.001096,0.001379,0.997525
ACACATTGACGCAACA-1,0.083676,0.000084,0.91624
ACACATTTCCGTAGAC-1,0.000014,0.000014,0.999973
ACACCACATAATTAGC-1,0.047981,0.000025,0.951994
ACACCCAGCATGCAGC-1,0.04411,0.000124,0.955766
ACACCCGAGAAATCCG-1,0.328731,0.075255,0.596013
ACACCGAGCGCTCTTT-1,0.000016,0.000016,0.999968
ACACCGGTCTGACCGC-1,0.014534,0.001539,0.983928
ACACCTTAAGTAGGGC-1,0.000138,0.000138,0.999723
ACACCTTACTACTTGC-1,0.346124,0.000056,0.65382
ACACGAGACTCCTTCT-1,0.009975,0.000057,0.989968
ACACGGGAACTTAGGG-1,0.000037,0.000037,0.999926
ACACGTAGGCCACAAG-1,0.234768,0.000054,0.765179
ACACTCCAATGTCACT-1,0.066702,0.000093,0.933205
ACACTGATCAAGGTGT-1,0.000117,0.000117,0.999766
ACACTGGGACAGTCGT-1,0.591551,0.000066,0.408383
ACAGAACTGAGAACAA-1,0.000032,0.000032,0.999935
ACAGCGACATTCTCAT-1,0.284649,0.000053,0.715298
ACAGCGCACCCGCAGC-1,0.11704,0.000066,0.882894
ACAGGAGGCGCAGCCG-1,0.426815,0.000106,0.573079
ACAGGCACGGATCCTT-1,0.047948,0.008619,0.943433
ACAGGCTTGCCCGACT-1,0.001458,0.000022,0.99852
ACAGGTGGAGGTGAGG-1,0.000043,0.000043,0.999914
ACAGGTGTGTTGTTGC-1,0.000042,0.000042,0.999915
ACAGTAATACAACTTG-1,0.012403,0.011339,0.976258
ACAGTATACCGTGGGA-1,0.000018,0.000018,0.999965
ACATAAGTCGTGGTGA-1,0.004035,0.002013,0.993953
ACATAATAAGGCGGTG-1,0.284453,0.000325,0.715222
ACATACAATCAAGCGG-1,0.019453,0.000045,0.980503
ACATCAGCTGGGACGC-1,0.000027,0.000027,0.999945
ACATCCCGGCCATACG-1,0.087112,0.000233,0.912655
ACATCCTGGTAACTGT-1,0.146097,0.00007,0.853833
ACATCGATCGTTTACC-1,0.05634,0.000132,0.943528
ACATCGGTCAGCCGCG-1,0.000037,0.000037,0.999926
ACATCGTATGCAATGG-1,0.000032,0.000032,0.999936
ACATGCTTACGGCAGC-1,0.000021,0.000021,0.999958
ACATGGCGCCAAAGTA-1,0.12628,0.000039,0.87368
ACATGGCTCAATTTAG-1,0.084211,0.000227,0.915563
ACATTAGTTTATATCC-1,0.000113,0.000113,0.999775
ACATTCGCGCGGAATA-1,0.000049,0.000049,0.999903
ACATTTGAAACCTAAC-1,0.047852,0.000047,0.952101
ACCAAACACCCAGCGA-1,0.127127,0.00004,0.872833
ACCAACACCACACACT-1,0.000048,0.000048,0.999904
ACCAACCGCACTCCAC-1,0.002621,0.000022,0.997357
ACCAACGCTTATTTAT-1,0.079122,0.000116,0.920761
ACCAAGAACGCGTGTC-1,0.541244,0.000448,0.458308
ACCAAGTCATCGGCAG-1,0.051088,0.000024,0.948888
ACCAATATGCAAGTTA-1,0.000051,0.000051,0.999898
ACCACAAGTTTCTATC-1,0.105283,0.000073,0.894643
ACCACACGGTTGATGG-1,0.02384,0.074891,0.901269
ACCACCAATGTAACAA-1,0.414055,0.000038,0.585908
ACCACCCTCTCTTCTA-1,0.058683,0.000041,0.941276
ACCACGTGCAGCTATA-1,0.00003,0.00003,0.99994
ACCACTGTTCAAGAAG-1,0.005633,0.000053,0.994314
ACCAGACCATAACAAC-1,0.056812,0.000027,0.943161
ACCAGTGCCCGGTCAA-1,0.178191,0.054144,0.767664
ACCAGTGCGGGAGACG-1,0.000043,0.000043,0.999915
ACCATATCCGCAATAA-1,0.075754,0.000058,0.924189
ACCATCCGCCAACTAG-1,0.022147,0.000026,0.977827
ACCATCGTATATGGTA-1,0.000071,0.000071,0.999857
ACCATTAAGGGTGTCA-1,0.000015,0.000015,0.999971
ACCCAACGCCCGTGGC-1,0.00003,0.01166,0.98831
ACCCACCTACATGCTC-1,0.007194,0.000035,0.992771
ACCCATCTTGAGGGTA-1,0.000054,0.000054,0.999892
ACCCATTTGTCCCTCT-1,0.270347,0.00004,0.729614
ACCCGAGCGAAATTAC-1,0.00003,0.00003,0.99994
ACCCGATTGGTTCCGA-1,0.000027,0.000027,0.999945
ACCCGGAAACTCCCAG-1,0.000055,0.000055,0.999889
ACCCGGAGCACCACAA-1,0.395062,0.000024,0.604914
ACCCGGATGACGCATC-1,0.003385,0.00004,0.996575
ACCCGGTTACACTTCC-1,0.038987,0.0001,0.960913
ACCCGTAGCAGAGAAT-1,0.12016,0.000133,0.879707
ACCCGTAGTCTAGTTG-1,0.828977,0.000041,0.170983
ACCCGTGTCATCAGTA-1,0.098146,0.000078,0.901776
ACCCTATAGGACTGAG-1,0.000094,0.000094,0.999812
ACCCTATGCCATATCG-1,0.000068,0.000068,0.999864
ACCCTCCCGTCAGGGC-1,0.05797,0.000026,0.942004
ACCCTCCCTTGCTATT-1,0.000032,0.000032,0.999935
ACCCTGGTAACGCCCT-1,0.106315,0.000059,0.893626
ACCCTTCATCTGCGAA-1,0.140349,0.000184,0.859466
ACCCTTGCCTGGGTCG-1,0.000049,0.000049,0.999901
ACCGAAGAGTCTGGTT-1,0.015802,0.00003,0.984168
ACCGACACATCTCCCA-1,0.000052,0.000052,0.999896
ACCGACTGAGTCCCAC-1,0.000086,0.000086,0.999829
ACCGAGTCTCCTTATT-1,0.061034,0.000044,0.938922
ACCGATAGGCATAACC-1,0.400909,0.000045,0.599047
ACCGATATTTAATCAT-1,0.759501,0.00007,0.240429
ACCGATGGTAGCATCG-1,0.006199,0.000032,0.993769
ACCGCAATAACTGCCT-1,0.029287,0.000038,0.970675
ACCGCGGTGGAAGTCG-1,0.112038,0.000061,0.887901
ACCGCTAGTCATTGGT-1,0.00003,0.00003,0.999941
ACCGGGCCTTTGTTGA-1,0.061608,0.000062,0.93833
ACCGGTCAGGTACACC-1,0.000014,0.002593,0.997393
ACCGTCCACTGGGCCC-1,0.142325,0.000016,0.857659
ACCGTGACCACGTGGG-1,0.030736,0.000019,0.969245
ACCTAAGTACCTTTCA-1,0.037141,0.000065,0.962794
ACCTAATCGACTTCCT-1,0.000029,0.000029,0.999941
ACCTACAGTATGTGGT-1,0.458804,0.000052,0.541144
ACCTACTATAAATCTA-1,0.110548,0.000073,0.889379
ACCTCAGCGAGGCGCA-1,0.175096,0.000057,0.824847
ACCTCCGCCCTCGCTG-1,0.39122,0.000048,0.608732
ACCTCCGTTATTCACC-1,0.203206,0.000065,0.796729
ACCTCGAACTTATGCT-1,0.000013,0.000013,0.999974
ACCTGCGTGTCATGTT-1,0.000045,0.000045,0.999911
ACGAAATGGGCGGCAC-1,0.000032,0.000032,0.999936
ACGACCCATGAGTTGC-1,0.418524,0.000019,0.581457
ACGACTCTAGGGCCGA-1,0.099309,0.000017,0.900674
ACGACTGGTCATACTC-1,0.047235,0.000023,0.952742
ACGAGAACCCATCACG-1,0.245624,0.026989,0.727387
ACGAGGATACCACTCT-1,0.018791,0.000023,0.981186
ACGAGGTTTACAACGT-1,0.000024,0.000024,0.999952
ACGAGTACGGATGCCC-1,0.027134,0.000056,0.97281
ACGAGTCGCCGGCGTT-1,0.527351,0.000234,0.472415
ACGATACATAGAACTA-1,0.000033,0.002176,0.997791
ACGATACCTATCCTGA-1,0.02521,0.000013,0.974778
ACGATCATACATAGAG-1,0.000221,0.000221,0.999559
ACGATCATCTTGTAAA-1,0.020935,0.000056,0.979009
ACGATGCATATGTTAT-1,0.000058,0.012864,0.987078
ACGCAAACTAATAGAT-1,0.003101,0.000032,0.996868
ACGCAATCACTACAGC-1,0.000045,0.000045,0.999911
ACGCATAAATGACATG-1,0.091696,0.000096,0.908208
ACGCATACGTTTACTA-1,0.172608,0.000056,0.827335
ACGCATTCGTGAGTAC-1,0.000147,0.000147,0.999706
ACGCCACTCGAAACAG-1,0.021086,0.000042,0.978873
ACGCCAGATGATTTCT-1,0.031464,0.03062,0.937916
ACGCCAGTGCGTTTGC-1,0.073368,0.000011,0.926621
ACGCCGCTAGACGACC-1,0.000043,0.000043,0.999914
ACGCGAAGTCAGACGA-1,0.000133,0.008187,0.99168
ACGCGCTACACAGGGT-1,0.000064,0.000064,0.999872
ACGCGGGCCAAGGACA-1,0.000103,0.000103,0.999794
ACGCGTTTCTTAAGAG-1,0.000018,0.000018,0.999964
ACGCTACTGAATGGGC-1,0.965199,0.000064,0.034738
ACGCTAGTGATACACT-1,0.00002,0.00002,0.99996
ACGCTGTGAGGCGTAG-1,0.000062,0.000062,0.999877
ACGGAACACGAGTGCC-1,0.00136,0.000023,0.998618
ACGGAATTTAGCAAAT-1,0.00008,0.00008,0.99984
ACGGACGCAGCGACAA-1,0.000017,0.000017,0.999966
ACGGACTCTCAAAGCG-1,0.053871,0.000041,0.946088
ACGGAGCGCAAATTAC-1,0.000056,0.000056,0.999888
ACGGATGGTGCGGATA-1,0.000042,0.000042,0.999916
ACGGCACTTGCTTGGG-1,0.000118,0.000118,0.999764
ACGGCCAACATGGACT-1,0.031733,0.000091,0.968175
ACGGCGACGATGGGAA-1,0.007845,0.000056,0.9921
ACGGCGGGTTGCCCTG-1,0.232383,0.000138,0.767479
ACGGCTGGATGTAGAA-1,0.000015,0.000015,0.99997
ACGGGAGTGTCGGCCC-1,0.030163,0.000033,0.969805
ACGGGCGTATGCGACA-1,0.090394,0.000054,0.909552
ACGGGTCATGTGACTT-1,0.000017,0.000017,0.999967
ACGGGTTGTGACCTGT-1,0.013993,0.000122,0.985885
ACGGTACAGTTCAATG-1,0.181782,0.000017,0.818201
ACGGTCACCGAGAACA-1,0.000015,0.000015,0.99997
ACGTACTTTGGCACGG-1,0.000026,0.000026,0.999949
ACGTAGATTGCTGATG-1,0.000056,0.000056,0.999887
ACGTAGGAGAGTCGCT-1,0.000029,0.000029,0.999941
ACGTATTACTCCGATC-1,0.095443,0.000073,0.904484
ACGTCGGGCAACTCGG-1,0.000017,0.000017,0.999965
ACGTCTCGTTCCGGGA-1,0.047924,0.00002,0.952056
ACGTGACAAAGTAAGT-1,0.010087,0.000012,0.989901
ACGTGCGCCTCGTGCA-1,0.28886,0.000457,0.710683
ACGTTAATGTCGAAGA-1,0.095231,0.000096,0.904673
ACGTTAGATTTGCCCG-1,0.000037,0.000037,0.999926
ACGTTATTGGTCACTC-1,0.000025,0.000025,0.99995
ACGTTCACTATGCCGC-1,0.000015,0.000015,0.999971
ACGTTCGCAATCAATT-1,0.101419,0.000052,0.898529
ACGTTCGTTCAGGAAA-1,0.000039,0.000039,0.999923
ACGTTCTGTACAAGTC-1,0.101726,0.000036,0.898238
ACGTTGTCGTTGAAAG-1,0.031926,0.000011,0.968063
ACGTTTAGTTGTGATC-1,0.213166,0.00039,0.786444
ACGTTTCGGTGCACTT-1,0.999334,0.000067,0.000599
ACTAAGGACGCACACC-1,0.000053,0.000053,0.999893
ACTAATACGTCAGGCG-1,0.062763,0.000043,0.937194
ACTACAAAGAGAGGTG-1,0.216158,0.00005,0.783793
ACTACATCCCGACAAG-1,0.013577,0.000021,0.986402
ACTACCAGCTCTCTGG-1,0.000089,0.000089,0.999823
ACTACCATCCGAGGGC-1,0.000022,0.000022,0.999956
ACTACGCGTTAGAATT-1,0.125721,0.000091,0.874188
ACTAGTTGCGATCGTC-1,0.024462,0.000062,0.975476
ACTATATGCTGTGTTC-1,0.000055,0.000055,0.999889
ACTATCCAGGGCATGG-1,0.210685,0.000051,0.789264
ACTATCGCCGGCTAAA-1,0.000023,0.000023,0.999954
ACTATCTGCCCGCGTA-1,0.161532,0.000051,0.838417
ACTATGTCCAGCTGCC-1,0.000035,0.000035,0.999929
ACTATTCGTCCGTGGT-1,0.324207,0.231937,0.443856
ACTATTTCCGGGCCCA-1,0.000025,0.000025,0.99995
ACTCAACGAATGTATT-1,0.0848,0.000087,0.915113
ACTCAAGTGCAAGGCT-1,0.00749,0.000024,0.992486
ACTCAATAAAGGCACG-1,0.000041,0.000041,0.999919
ACTCAGACCTGCTTCT-1,0.109773,0.000236,0.889991
ACTCATGGCAGCCTTC-1,0.081146,0.00002,0.918834
ACTCCAATATCATCAT-1,0.000031,0.000031,0.999937
ACTCCCATTCCTAAAG-1,0.000015,0.000015,0.999969
ACTCCCGAATTCGTTT-1,0.023205,0.000045,0.976749
ACTCCCGTAGACTAGG-1,0.059984,0.000074,0.939942
ACTCCCTAATGCTAAA-1,0.028289,0.010605,0.961106
ACTCCCTAGAATAGTA-1,0.046736,0.000063,0.953202
ACTCCGGCCGACCACT-1,0.041411,0.00156,0.957028
ACTCGATGTATTTCAT-1,0.000047,0.000047,0.999906
ACTCGCCGTTCGATAA-1,0.290031,0.000033,0.709936
ACTCGCGATCTGACGC-1,0.409258,0.000071,0.590672
ACTCGTAACCCGTCCT-1,0.000048,0.000048,0.999904
ACTCGTCAGTAATCCC-1,0.000045,0.000045,0.999909
ACTCTAAACCTGGGAT-1,0.000014,0.000014,0.999971
ACTCTCTGACTTAGGT-1,0.032353,0.00938,0.958267
ACTCTGACCTAATAGA-1,0.085942,0.003431,0.910627
ACTCTTCAGCTCCCGC-1,0.395117,0.000057,0.604825
ACTCTTGTATAGTAAC-1,0.000072,0.000072,0.999855
ACTGAAACGCCGTTAG-1,0.143689,0.00003,0.856281
ACTGAATGGCGAAAGT-1,0.017715,0.000036,0.982249
ACTGCCCGCCATTCTC-1,0.000012,0.000012,0.999976
ACTGCCGTCGTAACTC-1,0.494959,0.000385,0.504656
ACTGCGGACACACCGT-1,0.139085,0.000056,0.86086
ACTGCTCGGAAGGATG-1,0.009904,0.000026,0.99007
ACTGGCGAACCTGCGT-1,0.000038,0.000038,0.999924
ACTGTACGATACACAT-1,0.000072,0.000072,0.999857
ACTGTAGCACTTTGGA-1,0.000034,0.000034,0.999931
ACTGTATACGCGAGCA-1,0.5302,0.000535,0.469266
ACTGTCCAGGATTATA-1,0.41625,0.000136,0.583615
ACTGTCTTCTTTAGAA-1,0.000095,0.000095,0.999811
ACTGTGCTAGTAGATC-1,0.311771,0.11424,0.573989
ACTTACCGGGCGCGCA-1,0.274524,0.011649,0.713827
ACTTACGCATCCACGC-1,0.00006,0.00006,0.999879
ACTTAGTACGACAAGA-1,0.155266,0.019749,0.824985
ACTTATACTTACCCGG-1,0.06038,0.000049,0.939571
ACTTATTAGGATCGGT-1,0.053678,0.020428,0.925894
ACTTATTTATGTGCCA-1,0.00003,0.00003,0.99994
ACTTCAGGCTGATCCC-1,0.015325,0.000026,0.984649
ACTTCCAGTGGAAGCT-1,0.110973,0.000041,0.888986
ACTTCCATGCGGGACA-1,0.030979,0.000041,0.96898
ACTTCGCCATACGCAC-1,0.000033,0.000033,0.999934
ACTTCGCTAGCGAGTG-1,0.040643,0.000051,0.959306
ACTTGACTCCCTCTTT-1,0.071761,0.009955,0.918284
ACTTGCTCTATCTACC-1,0.015604,0.000018,0.984379
ACTTGGGACCCGGTGG-1,0.151914,0.026085,0.822001
ACTTGGGCTTTCGCCA-1,0.000064,0.000064,0.999872
ACTTGTAGTCCCTTCA-1,0.015769,0.000027,0.984204
ACTTGTGGATGGAACG-1,0.187957,0.000042,0.812001
ACTTGTTACCGGATCA-1,0.134326,0.000094,0.865581
ACTTTACCCTCATGAA-1,0.05246,0.000065,0.947475
ACTTTATACACCACTT-1,0.000317,0.000317,0.999366
ACTTTCCTATAGCTTC-1,0.000178,0.000178,0.999644
ACTTTGACTGCATCCT-1,0.089441,0.000051,0.910509
ACTTTGGTCGTGCTCC-1,0.009956,0.000019,0.990025
ACTTTGTCGACGCACT-1,0.436792,0.000101,0.563107
AGAAATTATGACTCGC-1,0.349094,0.013312,0.637593
AGAACACGGCGATGGT-1,0.02891,0.000009,0.971081
AGAACCCAGCGTGACA-1,0.120291,0.00004,0.87967
AGAACCCTCAATTGGG-1,0.000024,0.00973,0.990246
AGAACGTGGTACATTC-1,0.000037,0.000037,0.999926
AGAACTGTACTTTGTA-1,0.064693,0.00002,0.935287
AGAAGAGCGCCGTTCC-1,0.092919,0.031295,0.875786
AGAAGGTACACTTCAC-1,0.007038,0.000025,0.992937
AGAAGGTTGCCGAATT-1,0.067471,0.000057,0.932472
AGAAGGTTGTAGGTCG-1,0.014448,0.000039,0.985513
AGAAGTGATTCGTGAT-1,0.000026,0.000026,0.999949
AGAATAAATCTTCAGG-1,0.000027,0.000027,0.999946
AGAATACAGGCTATCC-1,0.000011,0.000011,0.999977
AGAATGCGGGTTCGGA-1,0.000027,0.000027,0.999946
AGAATTATGGATTCGA-1,0.000026,0.000026,0.999948
AGAATTGTTTGACATA-1,0.000047,0.000047,0.999907
AGACAGCTCAGAATCC-1,0.026566,0.00002,0.973414
AGACAGGCATCTCAGC-1,0.487266,0.000096,0.512638
AGACCAAACCACACCT-1,0.068152,0.00001,0.931838
AGACCATGGGATACAA-1,0.00004,0.00004,0.99992
AGACCCACCGCTGATC-1,0.000073,0.000073,0.999854
AGACCCGCCCTCCTCG-1,0.106362,0.006872,0.886766
AGACCGCTCCGCGGTT-1,0.19749,0.000027,0.802484
AGACCGGGAAACCCTG-1,0.000022,0.000022,0.999955
AGACGAAGTGCCGGTC-1,0.201765,0.039271,0.758964
AGACGACGATGCCGCT-1,0.000022,0.000022,0.999956
AGACGCCCACTTCGCC-1,0.574297,0.000075,0.425628
AGACGGGCCGATTTAA-1,0.248841,0.000062,0.751097
AGACTAGCCTTCCAGA-1,0.000134,0.000134,0.999732
AGACTGTTACCGGGTC-1,0.04386,0.000022,0.956118
AGAGAAACACCAGAAA-1,0.000008,0.000008,0.999983
AGAGAACCGTCTAGGA-1,0.000028,0.00406,0.995912
AGAGAAGGAGTACAAT-1,0.000034,0.000034,0.999931
AGAGATCTCTAAAGCG-1,0.000056,0.000056,0.999889
AGAGCAGTTATGAGAC-1,0.000023,0.000023,0.999954
AGAGCCGCCGAGATTT-1,0.423887,0.000071,0.576042
AGAGCGCTTGTAACGG-1,0.000025,0.000025,0.999949
AGAGCGGGCTAATCAT-1,0.000112,0.000112,0.999775
AGAGCGTACAAGCTCG-1,0.006204,0.000025,0.993771
AGAGCTACGAAAGCAT-1,0.000113,0.000113,0.999775
AGAGGCTTCGGAAACC-1,0.226076,0.000045,0.77388
AGAGGGACAATTGTCC-1,0.037904,0.013709,0.948388
AGAGTAAACTTCACTA-1,0.115423,0.00005,0.884527
AGAGTATAGTGTTACG-1,0.000051,0.000051,0.999899
AGAGTCTTAATGAAAG-1,0.722601,0.000047,0.277352
AGAGTTAGAGACCGAT-1,0.170635,0.000081,0.829284
AGAGTTGCAGGCCTCC-1,0.003978,0.000028,0.995994
AGATAACTTCAGGGCC-1,0.00005,0.00005,0.9999
AGATACCAATAGAACC-1,0.20136,0.000031,0.798609
AGATACCAGCACTTCA-1,0.073339,0.000056,0.926606
AGATACCGGTGTTCAC-1,0.00005,0.00005,0.9999
AGATACGACTTCATAT-1,0.170265,0.000189,0.829545
AGATACTCAAGATCGA-1,0.000042,0.000042,0.999915
AGATATAATACGACTA-1,0.00002,0.00002,0.999959
AGATCGTGCATAAGAT-1,0.094517,0.000064,0.905419
AGATCTCAGGTGTGAT-1,0.000066,0.000066,0.999867
AGATCTGGAGAGGATA-1,0.061635,0.000059,0.938307
AGATGACTCGCCCACG-1,0.199008,0.000276,0.800717
AGATGAGGGTTGCGAT-1,0.000067,0.000067,0.999867
AGATGATGGAGTCTGG-1,0.320674,0.000064,0.679262
AGATGCAAGACGTGCA-1,0.000012,0.000012,0.999976
AGATGCATCCTGTGTC-1,0.029909,0.000027,0.970064
AGATGCTATAACGAGC-1,0.029917,0.000025,0.970058
AGATTATAGGACGTTT-1,0.554059,0.040042,0.405899
AGATTCACAACCGATA-1,0.080841,0.000031,0.919128
AGCAAAGGCCGCTAGT-1,0.000039,0.003494,0.996467
AGCAACATATCTTATT-1,0.05644,0.000044,0.943516
AGCAACCGAAAGTAAT-1,0.01751,0.000026,0.982465
AGCACACGTTTAGACT-1,0.105494,0.000033,0.894473
AGCACCAGTACTCACG-1,0.015356,0.000122,0.984522
AGCACTACCGGCCTGT-1,0.000036,0.000036,0.999928
AGCACTACCTCACCAG-1,0.000028,0.022074,0.977898
AGCACTTAAGGACGCC-1,0.000044,0.000044,0.999911
AGCAGAAGGAGAAAGA-1,0.018093,0.000019,0.981888
AGCAGCCAGATGAATA-1,0.070689,0.00014,0.929171
AGCAGTCGAAGCATGC-1,0.000019,0.011937,0.988044
AGCATATCAATATGCT-1,0.028595,0.000022,0.971383
AGCATCATTTCGAAAG-1,0.008678,0.000026,0.991296
AGCATCGTCGATAATT-1,0.134424,0.00027,0.865306
AGCATTACGAGGCAAG-1,0.060505,0.000025,0.939471
AGCCAAGCTTTGTGTC-1,0.12942,0.00711,0.86347
AGCCACAGGTTACCCG-1,0.031529,0.000017,0.968454
AGCCACTCCCGTGCTT-1,0.010608,0.00007,0.989322
AGCCATATAGTATGTG-1,0.000023,0.000023,0.999954
AGCCCATACATGTAAG-1,0.000029,0.000029,0.999942
AGCCCGCAACAAGCAG-1,0.306922,0.008217,0.684861
AGCCCGCACTACAATG-1,0.117524,0.00027,0.882206
AGCCCGGCATTAGAGG-1,0.002473,0.000032,0.997496
AGCCCGGTAGCCTGTA-1,0.000075,0.000075,0.99985
AGCCCTAAGCGAAGTT-1,0.147744,0.000119,0.852137
AGCCCTCCCTGGTGGC-1,0.146157,0.000041,0.853802
AGCCCTGTCGCACCGT-1,0.128209,0.000047,0.871744
AGCCCTTCTAATCCGA-1,0.037309,0.000065,0.962626
AGCCCTTGGACATCCC-1,0.380824,0.000078,0.619098
AGCCGCAAATTCAAAT-1,0.049188,0.000041,0.950771
AGCCGCTTGATTAGCG-1,0.083332,0.000058,0.91661
AGCCGTGGCTAAATGT-1,0.000026,0.000026,0.999948
AGCCTAATACCCACGT-1,0.033713,0.000028,0.96626
AGCCTTAAAGCGGAAG-1,0.000041,0.000041,0.999917
AGCCTTGTCACTGATA-1,0.000009,0.000009,0.999982
AGCGACAGGAACGGTC-1,0.000032,0.000032,0.999935
AGCGACATCCCATTCA-1,0.126387,0.000177,0.873436
AGCGACCAACGATATT-1,0.155485,0.000183,0.844332
AGCGACTTTGAAGACA-1,0.018576,0.000032,0.981391
AGCGAGACGTGAAGGC-1,0.054799,0.000031,0.945171
AGCGATGCGCCTAATA-1,0.177795,0.000046,0.822159
AGCGCATAATGAATCG-1,0.075722,0.019965,0.904313
AGCGCGGGTGCCAATG-1,0.00196,0.000023,0.998017
AGCGCTAGAGCGATGT-1,0.045414,0.000048,0.954538
AGCGCTTATGGGCAAG-1,0.068233,0.000044,0.931723
AGCGGACACTTCGTAG-1,0.000046,0.000046,0.999909
AGCGGCGGTTAGCGGT-1,0.000025,0.000025,0.99995
AGCGGGAAGGGTCCAT-1,0.207414,0.000348,0.792238
AGCGGGTCTGACACTC-1,0.000028,0.007136,0.992836
AGCGGTTGCCGCTCTG-1,0.003033,0.0049,0.992068
AGCGTACGAGAGCTAG-1,0.115562,0.000174,0.884264
AGCGTAGCGCTAGACC-1,0.296442,0.000411,0.703147
AGCGTGGTATTCTACT-1,0.000077,0.000077,0.999845
AGCTAACAAGCAATGT-1,0.00002,0.00002,0.99996
AGCTAAGCTCCGTCCG-1,0.039701,0.000031,0.960267
AGCTAAGTACGCAGGC-1,0.023046,0.01912,0.957834
AGCTACGAATGGTGGT-1,0.077864,0.000079,0.922057
AGCTAGAAGCAGAAGT-1,0.000062,0.000062,0.999877
AGCTATTTAATCCAAC-1,0.198599,0.000184,0.801217
AGCTCCATATATGTTC-1,0.284918,0.000068,0.715014
AGCTCCTTCGCACATC-1,0.140322,0.000032,0.859646
AGCTCGTTGATGGAAA-1,0.000056,0.000056,0.999889
AGCTCTAGACGTTCCA-1,0.000042,0.000042,0.999915
AGCTCTTCCCAGTGCA-1,0.000044,0.000044,0.999912
AGCTCTTCGTAACCTT-1,0.15992,0.000045,0.840034
AGCTCTTTACTCAGTT-1,0.000079,0.009242,0.990679
AGCTGAAGTAAACCAA-1,0.000017,0.000017,0.999965
AGCTGTAACCTCAATC-1,0.000057,0.020367,0.979576
AGCTTCTTCTCGAGCA-1,0.05093,0.000027,0.949043
AGCTTGATCAGGGTAG-1,0.117166,0.000161,0.882673
AGCTTGATCTTAACTT-1,0.000052,0.000052,0.999896
AGGAAAGCCTCTGATG-1,0.50761,0.000548,0.491843
AGGAACGAACGACTTC-1,0.902865,0.012175,0.08496
AGGAAGCTGTCCGCCG-1,0.039616,0.000066,0.960318
AGGACAGTCGAATCCC-1,0.000821,0.000034,0.999144
AGGACATCGCACGTCG-1,0.043173,0.004191,0.952636
AGGACATCGGCACACT-1,0.840941,0.000036,0.159023
AGGACGACCCATTAGA-1,0.029028,0.00004,0.970932
AGGACGCTCGATGTTG-1,0.010325,0.000037,0.989637
AGGACTTATAGGAGAA-1,0.000021,0.000021,0.999959
AGGAGACATCCACAGT-1,0.012919,0.000044,0.987037
AGGAGAGTCTGGCTAC-1,0.051627,0.000031,0.948342
AGGAGCGTTTATTATC-1,0.539378,0.000127,0.460495
AGGAGGCCTTCGCGCG-1,0.101346,0.00002,0.898634
AGGATAAAGTCGGGAT-1,0.000024,0.000024,0.999952
AGGATATAGGGATTTA-1,0.050094,0.000031,0.949875
AGGATATCCGACTGCA-1,0.038226,0.000024,0.96175
AGGATCACGCGATCTG-1,0.016835,0.000018,0.983147
AGGATTGCTTACGACA-1,0.000058,0.000058,0.999885
AGGCAATACGGAGGAC-1,0.836177,0.000176,0.163648
AGGCACGTGACTGTCC-1,0.326434,0.000072,0.673494
AGGCAGATGCGTAAAC-1,0.000032,0.000032,0.999936
AGGCAGGGAGCGTACT-1,0.024742,0.191134,0.784124
AGGCATTGTCGTAGGG-1,0.214778,0.000046,0.785176
AGGCCACATTGGTTAC-1,0.463432,0.000064,0.536504
AGGCCACCCGTTATGA-1,0.000044,0.000044,0.999912
AGGCCCAGTGACTGGT-1,0.014519,0.000171,0.98531
AGGCCCATTGTACAGG-1,0.485721,0.000455,0.513824
AGGCCCTAGAACGCCA-1,0.000046,0.000046,0.999908
AGGCCTATCATACCAA-1,0.10782,0.000038,0.892142
AGGCCTGAGAATCTCG-1,0.032182,0.000027,0.967791
AGGCGATAACTGGCGT-1,0.863495,0.000067,0.136438
AGGCGGTTTGTCCCGC-1,0.053968,0.000032,0.946
AGGCGTCTATGGACGG-1,0.038868,0.000081,0.961051
AGGCTATGGTTAGCTT-1,0.000051,0.000051,0.999898
AGGCTTAAGTTGCACA-1,0.00006,0.00006,0.99988
AGGCTTCCCGAAGAAG-1,0.000049,0.000049,0.999903
AGGCTTGCTAGACACC-1,0.000056,0.000056,0.999888
AGGGAAACGAGGTACT-1,0.065754,0.00013,0.934116
AGGGACCGGCTGCGTT-1,0.175549,0.000067,0.824384
AGGGACTCTACGCGAC-1,0.051476,0.000112,0.948412
AGGGAGACATACTTCG-1,0.077931,0.000044,0.922025
AGGGCCCTAATGTTCT-1,0.834053,0.000056,0.165891
AGGGCGAGCAGCTGAT-1,0.000031,0.000031,0.999938
AGGGCGTGATCGGCTA-1,0.228575,0.082767,0.688658
AGGGCTGCAGTTACAG-1,0.052315,0.000081,0.947605
AGGGTCAGAGCACTCG-1,0.000051,0.000051,0.999897
AGGGTCAGTAACCCTA-1,0.00006,0.00006,0.999881
AGGGTCGATGCGAACT-1,0.01569,0.010091,0.974219
AGGGTCTGGACGCAGT-1,0.999587,0.000041,0.000371
AGGGTGCCGTTCTTTA-1,0.000016,0.000016,0.999968
AGGGTGCTCTCGAGGG-1,0.08725,0.000038,0.912712
AGGGTGGATAGTGCAT-1,0.124853,0.000029,0.875117
AGGGTGTGCTACACGC-1,0.064518,0.000047,0.935435
AGGGTTCAGACGGTCC-1,0.006111,0.000023,0.993866
AGGGTTCCCTTTGGTT-1,0.025985,0.000033,0.973982
AGGGTTTAGTTCGGGA-1,0.000119,0.000119,0.999763
AGGTAACCTCCTATTC-1,0.32635,0.00029,0.673359
AGGTACGATATTGCCA-1,0.098369,0.0261,0.875531
AGGTAGATCGAGATAT-1,0.000025,0.000014,0.99996
AGGTAGGTACAAAGCT-1,0.000025,0.000025,0.999951
AGGTATAATTGATAGT-1,0.11946,0.000055,0.880485
AGGTATGCGGACATTA-1,0.140681,0.004248,0.855071
AGGTCAGGTGAGAGTG-1,0.000057,0.000057,0.999887
AGGTCGCCACTTCGGT-1,0.429324,0.000329,0.570346
AGGTCGCCTCCCAACA-1,0.999626,0.000037,0.000337
AGGTCGCGGAGTTACT-1,0.021905,0.000059,0.978036
AGGTGCACGTCCACAT-1,0.000025,0.000025,0.99995
AGGTGGTGACCTTCGC-1,0.149837,0.000211,0.849952
AGGTGTATCGCCATGA-1,0.000065,0.000065,0.999871
AGGTGTTGCCGACCAC-1,0.999255,0.000074,0.00067
AGGTTACACCATGCCG-1,0.231993,0.000059,0.767948
AGGTTCTCCTTTCCGG-1,0.020027,0.000032,0.979941
AGGTTGAGGCACGCTT-1,0.000025,0.000025,0.999951
AGGTTTCACACACCTT-1,0.000088,0.000088,0.999825
AGTAACTATAGCAGCC-1,0.027289,0.000055,0.972656
AGTAAGGGACAGAATC-1,0.048428,0.00005,0.951522
AGTAATCTAAGGGTGG-1,0.011211,0.000013,0.988776
AGTAATGTCTTGCCGC-1,0.31692,0.0005,0.68258
AGTAATTTGCAAGCGT-1,0.021031,0.000058,0.978911
AGTACAGAAGCTTATA-1,0.000037,0.000037,0.999926
AGTACATCATTTATCA-1,0.000031,0.000031,0.999937
AGTACCTTCGAGTGCT-1,0.000067,0.000067,0.999867
AGTACGGCCCGTATCG-1,0.008104,0.00002,0.991876
AGTACGGGCACCTGGC-1,0.00004,0.00004,0.999921
AGTACTCTTATGCCCA-1,0.012156,0.000026,0.987818
AGTAGAAGGCGCCTCA-1,0.00084,0.000026,0.999134
AGTAGGAAGGAAGTTG-1,0.00477,0.000053,0.995178
AGTAGGTAACATACAT-1,0.079713,0.022319,0.897968
AGTATAATACTAGGCA-1,0.000058,0.000058,0.999883
AGTATACACAGCGACA-1,0.00006,0.00006,0.999881
AGTATCCATAATAACG-1,0.696843,0.000579,0.302578
AGTATGCTGGAGACCA-1,0.00002,0.00002,0.999959
AGTATTTGGCACGACC-1,0.122424,0.000132,0.877445
AGTCAAATGATGTGAT-1,0.000034,0.000034,0.999931
AGTCAACACCACCATC-1,0.000062,0.000062,0.999877
AGTCAAGATGACACTT-1,0.055082,0.002674,0.942244
AGTCACTAGCTCTCGA-1,0.045953,0.000039,0.954008
AGTCACTCCGCCTCAT-1,0.638059,0.000511,0.36143
AGTCAGCCACCGCCTG-1,0.00009,0.00009,0.999821
AGTCCAGCGGGTACGT-1,0.694374,0.000669,0.304957
AGTCCATTGGCTGATG-1,0.039084,0.000044,0.960873
AGTCCCGCCTTTAATT-1,0.030102,0.000036,0.969862
AGTCCCTCGCAGAAAG-1,0.041775,0.003038,0.955187
AGTCGAAACGATTCAG-1,0.000027,0.000027,0.999947
AGTCGAATTAGCGTAA-1,0.945474,0.000076,0.054449
AGTCGACGGTCTCAAG-1,0.017697,0.000041,0.982262
AGTCGGCCCAAACGAC-1,0.000038,0.000038,0.999924
AGTCGGCTCAACTTTA-1,0.000037,0.000037,0.999925
AGTCGGTTGCGTGAGA-1,0.418371,0.000055,0.581574
AGTCGTATAAAGCAGA-1,0.077813,0.000021,0.922165
AGTCGTCGACCACCAA-1,0.022369,0.000033,0.977598
AGTCGTGGGCATTACG-1,0.000062,0.000062,0.999876
AGTCTAAAGTATACTC-1,0.058854,0.000043,0.941103
AGTCTCACAAGACTAC-1,0.000071,0.000071,0.999859
AGTCTGGACATCCTTG-1,0.00005,0.00005,0.999899
AGTCTTCTCCTCAAAT-1,0.050671,0.000119,0.94921
AGTCTTTAAAGTGTCC-1,0.002512,0.000026,0.997461
AGTGAACAAACTTCTC-1,0.095495,0.000041,0.904464
AGTGAAGATGGTGTCC-1,0.024851,0.000053,0.975095
AGTGACCTACTTTACG-1,0.062799,0.035489,0.901711
AGTGACTGTGACACAA-1,0.000034,0.000034,0.999932
AGTGAGACTTCCAGTA-1,0.025838,0.000061,0.974101
AGTGAGCCTCGCCGCC-1,0.068888,0.000024,0.931089
AGTGAGGGTTTCTGAC-1,0.108527,0.000056,0.891417
AGTGAGTCGAATTAAC-1,0.104312,0.000042,0.895646
AGTGATAACCTGCGCG-1,0.000023,0.000023,0.999955
AGTGATATGAGTAGTT-1,0.000141,0.000141,0.999719
AGTGATTCAAGCAGGA-1,0.000028,0.000028,0.999943
AGTGCACGCTTAAGAA-1,0.058944,0.000046,0.94101
AGTGCGTAGCTCGTAA-1,0.000044,0.000044,0.999912
AGTGCTAAACACAGCA-1,0.094625,0.000035,0.90534
AGTGCTTGCACGAATA-1,0.000029,0.000029,0.999941
AGTGGCCCGCAAATGG-1,0.000018,0.000018,0.999964
AGTGGCGGCAATTTGA-1,0.027531,0.000056,0.972413
AGTGGCGTCTGAAGGT-1,0.074653,0.000042,0.925306
AGTGGCTCCGTCGGCC-1,0.024943,0.000019,0.975038
AGTGGGAGTATACACG-1,0.205383,0.000136,0.794481
AGTGGTGTTACCCGTG-1,0.059676,0.000029,0.940295
AGTGGTTGCGTATAGG-1,0.049532,0.000025,0.950443
AGTGTATTGCGCATTG-1,0.011086,0.033528,0.955386
AGTGTGCTAAGATCGC-1,0.000027,0.000027,0.999947
AGTGTGGTCTATTGTG-1,0.000048,0.000048,0.999904
AGTTAAACACTTGCGA-1,0.000028,0.000028,0.999944
AGTTAAGCGGTCCCGG-1,0.000127,0.000127,0.999747
AGTTAAGTCAACCGCT-1,0.000029,0.000029,0.999943
AGTTACCCTTAAGACT-1,0.000011,0.000011,0.999978
AGTTACCGCACATGGT-1,0.000015,0.000015,0.999969
AGTTACTCTATCGTGG-1,0.000059,0.000059,0.999883
AGTTATTCAGACTGTG-1,0.238977,0.000079,0.760944
AGTTCACCGGTTGGAC-1,0.000016,0.000016,0.999969
AGTTCCTACAGAATTA-1,0.079791,0.021462,0.898747
AGTTCCTATTTATGTT-1,0.037586,0.000062,0.962353
AGTTCTGCGTTGTATC-1,0.000067,0.000067,0.999866
AGTTGACATCGGCTGG-1,0.038404,0.000258,0.961338
AGTTGACGGTCCTTGC-1,0.000039,0.000039,0.999922
AGTTGCGGTCCTCAAC-1,0.008084,0.000015,0.991901
AGTTGCTGACTGATAT-1,0.000056,0.000056,0.999889
AGTTGGCAAGGCTAGA-1,0.036572,0.000033,0.963396
AGTTTATGTAAAGACA-1,0.086694,0.000035,0.913271
AGTTTCGCAGGTCGGA-1,0.047922,0.000139,0.951939
AGTTTGCACCTGCCTC-1,0.000061,0.000061,0.999877
AGTTTGGCACGGGTTG-1,0.149619,0.000065,0.850316
AGTTTGGCCAGACCTA-1,0.000046,0.000046,0.999909
ATAAACGGACCCGTAA-1,0.052853,0.000083,0.947063
ATAAACGTTGCACCAC-1,0.289548,0.026413,0.684039
ATAAAGGCTCGGTCGT-1,0.000128,0.000128,0.999745
ATAAATATTAGCAGCT-1,0.000026,0.004942,0.995032
ATAACGCCGGAGGGTC-1,0.006511,0.000073,0.993416
ATAACGGAGTCCAACG-1,0.000023,0.000023,0.999954
ATAACGTTACCTCCAC-1,0.017604,0.004802,0.977593
ATAAGCAAACACCGAG-1,0.000021,0.000021,0.999958
ATAAGGTGGAGAACAT-1,0.016735,0.000065,0.983201
ATAAGTACCCGATTGT-1,0.092996,0.000055,0.906949
ATAAGTAGGATTCAGA-1,0.059296,0.004097,0.936607
ATAAGTAGGGCGACTC-1,0.088636,0.000063,0.911302
ATAAGTTACCGCGACG-1,0.078285,0.021006,0.900709
ATAATACCGTTAGCCG-1,0.000073,0.000073,0.999855
ATAATAGCTGTTGAAT-1,0.013922,0.00005,0.986027
ATAATAGTGTAGGGAC-1,0.000063,0.000063,0.999874
ATAATCTTGGAGAACC-1,0.000056,0.000056,0.999888
ATAATTAGCTAAGTAG-1,0.016113,0.000025,0.983862
ATACAGCGTCCACTGA-1,0.004652,0.001731,0.993617
ATACAGGCCCTCCAAT-1,0.007708,0.00006,0.992231
ATACCACGGGCAACTT-1,0.000044,0.000044,0.999912
ATACCCTGGCTCAAAT-1,0.595563,0.017068,0.387368
