Barcode,Topic 1,Topic 2,Topic 3to8,Topic 9to13
AAACAACGAATAGTTC-1,0.000008,0.000008,0.929288,0.070695
AAACAAGTATCTCCCA-1,0.031409,0.070203,0.634498,0.263889
AAACAATCTACTAGCA-1,0.000023,0.001472,0.816162,0.182344
AAACACCAATAACTGC-1,0.000017,0.014605,0.723369,0.262009
AAACAGAGCGACTCCT-1,0.362499,0.044599,0.125159,0.467743
AAACAGCTTTCAGAAG-1,0.000031,0.147206,0.30875,0.544013
AAACAGGGTCTATATT-1,0.000052,0.01615,0.113092,0.870705
AAACAGTGTTCCTGGG-1,0.015365,0.055441,0.000191,0.929003
AAACATGGTGAGAGGA-1,0.000035,0.109928,0.186186,0.703852
AAACATTTCCCGGATT-1,0.000021,0.009408,0.621144,0.369427
AAACCACTACACAGAT-1,0.99976,0.00002,0.00012,0.0001
AAACCCGAACGAAATC-1,0.006542,0.031773,0.629147,0.332538
AAACCGGAAATGTTAA-1,0.061897,0.03091,0.772276,0.134917
AAACCGGGTAGGTACC-1,0.000037,0.034857,0.062096,0.903011
AAACCGTTCGTCCAGG-1,0.000043,0.5183,0.000261,0.481395
AAACCTAAGCAGCCGG-1,0.000011,0.030498,0.636301,0.33319
AAACCTCATGAAGTTG-1,0.000087,0.000087,0.000524,0.999301
AAACGAAGAACATACC-1,0.000024,0.022711,0.483884,0.493381
AAACGAAGATGGAGTA-1,0.000052,0.000052,0.052238,0.947658
AAACGACAGTCTTGCC-1,0.999744,0.000021,0.000128,0.000107
AAACGAGACGGTTGAT-1,0.000008,0.000008,0.934125,0.065859
AAACGCCCGAGATCGG-1,0.819949,0.00005,0.000298,0.179703
AAACGCTGGGCACGAC-1,0.000027,0.041473,0.125595,0.832906
AAACGGGCGTACGGGT-1,0.000037,0.661036,0.000223,0.338704
AAACGGGTTGGTATCC-1,0.000013,0.034702,0.822635,0.14265
AAACGGTTGCGAACTG-1,0.000016,0.065208,0.759996,0.174779
AAACGTGTTCGCCCTA-1,0.793021,0.096505,0.000156,0.110318
AAACTAACGTGGCGAC-1,0.735485,0.078138,0.167761,0.018616
AAACTCGGTTCGCAAT-1,0.000017,0.046647,0.671593,0.281743
AAACTCGTGATATAAG-1,0.15336,0.000037,0.081553,0.76505
AAACTGCTGGCTCCAA-1,0.000012,0.06827,0.566418,0.3653
AAACTTAATTGCACGC-1,0.005518,0.05841,0.326346,0.609726
AAACTTGCAAACGTAT-1,0.000066,0.695908,0.000393,0.303633
AAAGAATGACCTTAGA-1,0.000014,0.000014,0.978318,0.021654
AAAGAATGTGGACTAA-1,0.000031,0.000031,0.164156,0.835782
AAAGACATGAAGTTTA-1,0.423728,0.002384,0.18472,0.389169
AAAGACCCAAGTCGCG-1,0.068531,0.030856,0.202935,0.697677
AAAGACTGGGCGCTTT-1,0.000045,0.010406,0.139443,0.850105
AAAGCTTGCCTACATA-1,0.841892,0.157907,0.000109,0.000091
AAAGGCCCTATAATAC-1,0.000022,0.338583,0.429537,0.231858
AAAGGCTACGGACCAT-1,0.00527,0.000029,0.529387,0.465314
AAAGGCTCTCGCGCCG-1,0.000041,0.103211,0.374663,0.522085
AAAGGGATGTAGCAAG-1,0.000044,0.000044,0.02926,0.970652
AAAGGGCAGCTTGAAT-1,0.00006,0.10507,0.000358,0.894512
AAAGGTAAGCTGTACC-1,0.707373,0.048223,0.083855,0.16055
AAAGGTCAACGACATG-1,0.789738,0.002668,0.00017,0.207424
AAAGTAGCATTGCTCA-1,0.000069,0.019831,0.000414,0.979686
AAAGTCACTGATGTAA-1,0.044655,0.000027,0.715203,0.240115
AAAGTCGACCCTCAGT-1,0.000132,0.000132,0.028022,0.971715
AAAGTGCCATCAATTA-1,0.005026,0.004282,0.850217,0.140475
AAAGTGTGATTTATCT-1,0.02012,0.017797,0.427289,0.534794
AAAGTTGACTCCCGTA-1,0.000011,0.134674,0.744223,0.121093
AAATAACCATACGGGA-1,0.000733,0.020043,0.618305,0.36092
AAATAAGGTAGTGCCC-1,0.060254,0.023151,0.637026,0.279569
AAATACCTATAAGCAT-1,0.000019,0.075999,0.615279,0.308704
AAATAGCTTAGACTTT-1,0.069313,0.14503,0.732122,0.053535
AAATAGGGTGCTATTG-1,0.000045,0.000045,0.001181,0.998728
AAATCACTCCTAAACG-1,0.948024,0.000027,0.000162,0.051788
AAATCCGATACACGCC-1,0.003651,0.00188,0.260485,0.733985
AAATCGCGGAAGGAGT-1,0.000037,0.435019,0.200824,0.36412
AAATCGTGTACCACAA-1,0.000019,0.025919,0.462936,0.511126
AAATCTAGCCCTGCTA-1,0.000039,0.009928,0.24135,0.748683
AAATCTGCCCGCGTCC-1,0.051922,0.343773,0.603315,0.00099
AAATGACTGATCAAAC-1,0.000013,0.056785,0.535276,0.407926
AAATGATTCGATCAGC-1,0.423844,0.000052,0.000309,0.575795
AAATGCTCGTTACGTT-1,0.000042,0.080337,0.238037,0.681583
AAATGGCATGTCTTGT-1,0.038605,0.000022,0.592604,0.368769
AAATGGCCCGTGCCCT-1,0.080106,0.037248,0.350851,0.531795
AAATGGTCAATGTGCC-1,0.000045,0.000045,0.029568,0.970342
AAATGTATCTTATCCC-1,0.000057,0.084062,0.362046,0.553835
AAATGTGGGTGCTCCT-1,0.00059,0.000008,0.865282,0.13412
AAATTAACGGGTAGCT-1,0.000053,0.000053,0.000315,0.99958
AAATTAATAAGCGCGA-1,0.000066,0.000066,0.015652,0.984215
AAATTACACGACTCTG-1,0.000025,0.000025,0.316947,0.683003
AAATTACCTATCGATG-1,0.001266,0.005299,0.799853,0.193582
AAATTCCAGGTCCAAA-1,0.051952,0.147104,0.251693,0.549251
AAATTGATAGTCCTTT-1,0.000067,0.210164,0.000404,0.789364
AAATTGCGGCGGTTCT-1,0.000017,0.062722,0.738446,0.198815
AAATTGGTGAGAAGCA-1,0.868707,0.119814,0.000152,0.011326
AAATTTACCGAAATCC-1,0.034209,0.000016,0.630771,0.335005
AAATTTGCGGGTGTGG-1,0.000023,0.000023,0.387999,0.611955
AACAACTGGTAGTTGC-1,0.000017,0.00737,0.855308,0.137305
AACAATACATTGTCGA-1,0.000038,0.067357,0.136574,0.796031
AACAATTACTCTACGC-1,0.000034,0.13044,0.38177,0.487756
AACACACGCTCGCCGC-1,0.006048,0.000635,0.834983,0.158334
AACACGACTGTACTGA-1,0.021419,0.005942,0.861896,0.110744
AACACGAGACGCGGCC-1,0.004349,0.557166,0.000323,0.438163
AACACGCGGCCGCGAA-1,0.000007,0.012504,0.978568,0.008922
AACAGCTGTGTGGCAA-1,0.000062,0.340933,0.000373,0.658632
AACAGGAAATCGAATA-1,0.00003,0.00003,0.199336,0.800604
AACAGGATGGGCCGCG-1,0.000034,0.037615,0.286785,0.675567
AACAGGTAGTATGGAT-1,0.001069,0.010589,0.858866,0.129476
AACATAGCGTGTATCG-1,0.00001,0.06024,0.801847,0.137903
AACATATCAACTGGTG-1,0.000024,0.000024,0.475383,0.524569
AACATCGATACGTCTA-1,0.69344,0.017989,0.279997,0.008574
AACATTGAAGTTGATC-1,0.000933,0.021893,0.59162,0.385555
AACATTGGTCAGCCGT-1,0.000045,0.000045,0.317775,0.682134
AACATTGTGACTCGAG-1,0.000028,0.000028,0.348604,0.65134
AACCAAGACTTCTCTG-1,0.00003,0.010409,0.43819,0.551371
AACCAGTATCACTCTT-1,0.448692,0.000037,0.119008,0.432263
AACCATAGGGTTGAAC-1,0.036204,0.135531,0.128578,0.699688
AACCATGGGATCGCTA-1,0.000017,0.04198,0.790675,0.167328
AACCCAGAGACGGAGA-1,0.000017,0.0458,0.724533,0.229649
AACCCATCCCATGATC-1,0.000047,0.001017,0.116527,0.882408
AACCCGACAACCCGTG-1,0.076163,0.03658,0.000327,0.88693
AACCCGAGCAGAATCG-1,0.076777,0.023886,0.755089,0.144248
AACCCGATAGGGCTTC-1,0.945209,0.000036,0.000215,0.054541
AACCCGCTGTATTCCA-1,0.000014,0.035976,0.515881,0.44813
AACCCTACTGTCAATA-1,0.016607,0.072596,0.670332,0.240464
AACCCTGGTGGAACCA-1,0.00081,0.000307,0.77002,0.228863
AACCGAGCTTGGTCAT-1,0.000064,0.000064,0.035627,0.964245
AACCGCTAAGGGATGC-1,0.000036,0.034218,0.198464,0.767281
AACCGTTGTGTTTGCT-1,0.000011,0.000011,0.894287,0.105691
AACCTAAAGCCGTCCG-1,0.056229,0.000011,0.689036,0.254723
AACCTCGCTTTAGCCC-1,0.041755,0.015565,0.329605,0.613075
AACCTGTCACGGAATT-1,0.415062,0.02199,0.218381,0.344567
AACCTTTAAATACGGT-1,0.000017,0.000017,0.687742,0.312225
AACCTTTACGACGTCT-1,0.019133,0.000064,0.206121,0.774682
AACGAAAGTCGTCCCA-1,0.000031,0.257523,0.481397,0.26105
AACGACCTCCTAGCCG-1,0.000011,0.173973,0.701886,0.12413
AACGATAATGCCGTAG-1,0.000024,0.040223,0.21505,0.744703
AACGATAGAAGGGCCG-1,0.00003,0.00003,0.438943,0.560997
AACGATATGTCAACTG-1,0.061985,0.005697,0.757708,0.17461
AACGCATGATCTGGGT-1,0.23737,0.000039,0.018834,0.743757
AACGCGAACGGCAACA-1,0.000028,0.037331,0.2342,0.728441
AACGCGACCTTGGGCG-1,0.000042,0.000042,0.026474,0.973443
AACGCGGTCTCCAGCC-1,0.022148,0.014134,0.289667,0.674051
AACGCTGTTGCTGAAA-1,0.000017,0.005234,0.844867,0.149882
AACGGACGTACGTATA-1,0.000014,0.073465,0.876543,0.049978
AACGGCCATCTCCGGT-1,0.000025,0.000025,0.235469,0.764482
AACGTACTGTGGGTAC-1,0.000034,0.004436,0.28813,0.7074
AACGTAGTCTACCCAT-1,0.089411,0.134804,0.328613,0.447172
AACGTCAGACTAGTGG-1,0.000017,0.061609,0.754606,0.183768
AACGTCATCCGGCTTG-1,0.000032,0.013299,0.000192,0.986477
AACGTCGCTGCACTTC-1,0.048713,0.002154,0.409148,0.539984
AACGTGATGAAGGACA-1,0.000019,0.000019,0.68147,0.318493
AACGTGCGAAAGTCTC-1,0.030463,0.000023,0.578045,0.391469
AACGTTATCAGCACCT-1,0.000103,0.000086,0.000514,0.999297
AACGTTCTACCATTGT-1,0.000023,0.003282,0.533237,0.463458
AACTACCCGTTTGTCA-1,0.000025,0.021935,0.456087,0.521953
AACTAGCGTATCGCAC-1,0.000054,0.000054,0.045249,0.954642
AACTAGGCTTGGGTGT-1,0.00004,0.003074,0.427682,0.569204
AACTCAAGTTAATTGC-1,0.000027,0.097068,0.213736,0.68917
AACTCCAGAGCGTGTT-1,0.000027,0.058703,0.406867,0.534403
AACTCCTAATCCCATG-1,0.135502,0.000022,0.355019,0.509457
AACTCGATAAACACGT-1,0.000045,0.000045,0.117201,0.88271
AACTCGATGGCGCAGT-1,0.13568,0.129473,0.284354,0.450493
AACTCTCAATAGAGCG-1,0.02316,0.000025,0.568821,0.407993
AACTCTCAGTGTGCTC-1,0.000033,0.000033,0.225952,0.773981
AACTGAGGTCAGCGTC-1,0.801301,0.000095,0.000569,0.198035
AACTGAGTTATACTGA-1,0.001157,0.251814,0.554387,0.192642
AACTGATATTAGGCCT-1,0.000029,0.018275,0.593188,0.388508
AACTGGGTCCCGACGT-1,0.00004,0.00004,0.34591,0.65401
AACTGGGTTCGAGCCG-1,0.000032,0.000032,0.22528,0.774656
AACTGGTGTGGGCCTT-1,0.005756,0.000017,0.635448,0.358779
AACTTCTGCGTCTATC-1,0.000028,0.12239,0.613858,0.263724
AACTTGCCCGTATGCA-1,0.000035,0.002074,0.457097,0.540794
AACTTGCGTTCTCGCG-1,0.000022,0.04174,0.631354,0.326884
AACTTTACGGGAGCTT-1,0.000059,0.006696,0.520198,0.473047
AACTTTAGCTGCTGAG-1,0.036077,0.000042,0.317612,0.646269
AACTTTCTCGATCATG-1,0.721569,0.069423,0.103892,0.105116
AAGAAAGTTTGATGGG-1,0.071784,0.000053,0.314423,0.613739
AAGAAATCACCAGATT-1,0.999644,0.00003,0.000178,0.000148
AAGAAGGATCAGTTAG-1,0.000052,0.002915,0.093249,0.903785
AAGACATACGTGGTTT-1,0.000008,0.001826,0.919335,0.078831
AAGACCAAATAACTCA-1,0.00002,0.041785,0.697285,0.26091
AAGACCCAACTGAACA-1,0.096495,0.00563,0.397931,0.499944
AAGACTAACCCGTTGT-1,0.000029,0.000029,0.348408,0.651535
AAGACTCACGCCCACT-1,0.387487,0.000028,0.27778,0.334705
AAGACTGCAAGCTACT-1,0.038319,0.08669,0.270467,0.604524
AAGAGATGAATCGGTA-1,0.000036,0.00956,0.441813,0.548591
AAGAGCTCTTTATCGG-1,0.000047,0.000047,0.10352,0.896387
AAGAGGATGTACGCGA-1,0.000023,0.007624,0.50694,0.485413
AAGAGGCATGGATCGC-1,0.000013,0.000013,0.886779,0.113196
AAGAGGCCCTTTGGAA-1,0.000026,0.033426,0.414407,0.552141
AAGATGGCACCGGACC-1,0.029989,0.000829,0.21131,0.757871
AAGATTGGCGGAACGT-1,0.000007,0.000007,0.975208,0.024778
AAGCACCCTGCGTATC-1,0.00002,0.095011,0.773462,0.131507
AAGCATACTCTCCTGA-1,0.027065,0.003147,0.880905,0.088883
AAGCCACTTGCAGGTA-1,0.01295,0.000039,0.021246,0.965766
AAGCCGAAGCGGTTTA-1,0.092447,0.018333,0.691859,0.197361
AAGCCGCCGTGAAATC-1,0.011595,0.122172,0.137563,0.728671
AAGCCGCTTTACCTTG-1,0.861653,0.000019,0.118165,0.020162
AAGCCGGAGAGCAGGA-1,0.000011,0.04392,0.911998,0.04407
AAGCGCAGGGCTTTGA-1,0.000045,0.000045,0.011182,0.988727
AAGCGGAGTGCGCGCA-1,0.971786,0.000026,0.000154,0.028035
AAGCGGCGTCATGGGT-1,0.088483,0.000056,0.000338,0.911123
AAGCGTCCCTCATCGA-1,0.0001,0.078179,0.0006,0.92112
AAGCTAGATCGAGTAA-1,0.020106,0.058248,0.898194,0.023452
AAGCTATGGATTGACC-1,0.000025,0.000025,0.470498,0.529452
AAGCTCGTGCCAAGTC-1,0.000013,0.000013,0.901316,0.098659
AAGCTCTTTCATGGTG-1,0.000022,0.128812,0.720921,0.150246
AAGGAGAACTTATAAG-1,0.058501,0.00002,0.66084,0.28064
AAGGAGCGGTTGGTGC-1,0.000051,0.020394,0.305212,0.674343
AAGGATCGATCGCTTG-1,0.016533,0.003099,0.975649,0.004718
AAGGATGAGGGACCTC-1,0.084667,0.01615,0.702911,0.196271
AAGGCAGGCTGTCTCC-1,0.005062,0.114482,0.764155,0.1163
AAGGCGCGTAAAGCTT-1,0.00003,0.115698,0.320846,0.563427
AAGGCTGTGCTCATCG-1,0.000054,0.068001,0.12124,0.810705
AAGGGAACGACTGGCT-1,0.038038,0.004497,0.862224,0.095241
AAGGGACAGATTCTGT-1,0.032767,0.012514,0.260237,0.694482
AAGGGACTATGCATTC-1,0.061156,0.060569,0.000324,0.877952
AAGGGTTAGCCATGCG-1,0.000006,0.00454,0.991824,0.00363
AAGGGTTTGATTTCAG-1,0.000051,0.044088,0.346969,0.608892
AAGGTATCCTAATATA-1,0.000035,0.000035,0.396523,0.603408
AAGGTGATAAACCAGC-1,0.000039,0.47562,0.152938,0.371402
AAGTAAGCTTCCAAAC-1,0.000007,0.000007,0.905472,0.094514
AAGTAGAAGACCGGGT-1,0.000014,0.033589,0.791548,0.174848
AAGTAGTGACGCGAGG-1,0.000027,0.050555,0.418173,0.531245
AAGTCAATTGTCGTCA-1,0.000019,0.095421,0.68649,0.21807
AAGTCTAGTAGCTGCC-1,0.354838,0.046276,0.598813,0.000073
AAGTCTTCTGTGGCCT-1,0.000056,0.116825,0.520634,0.362486
AAGTGACGACCGAATT-1,0.000019,0.059295,0.644227,0.296459
AAGTGAGTCGGGTTTA-1,0.000022,0.002957,0.652218,0.344803
AAGTGCAAAGGTAGAC-1,0.000101,0.08269,0.000607,0.916601
AAGTGCCTTGACTGTA-1,0.000021,0.000021,0.722038,0.277919
AAGTGCGTTAGAATCT-1,0.00009,0.091169,0.000543,0.908197
AAGTGCTTCTCTATTG-1,0.000044,0.000044,0.006164,0.993748
AAGTGTTTGGAGACGG-1,0.000048,0.000048,0.000289,0.999615
AAGTTCACTCCAAGCT-1,0.000065,0.063757,0.014549,0.921629
AAGTTCAGTCTGCGTA-1,0.261831,0.008597,0.289994,0.439578
AAGTTCGGCCAACAGG-1,0.000048,0.02987,0.005388,0.964694
AAGTTGTGATGTTATA-1,0.000041,0.000041,0.21312,0.786798
AAGTTTACTAATGGCA-1,0.000028,0.000028,0.360704,0.639241
AAGTTTATGGGCCCAA-1,0.000017,0.02778,0.77659,0.195614
AATAACAACGCTCGGC-1,0.000014,0.016049,0.722717,0.26122
AATAACACTAGAACAA-1,0.000022,0.187566,0.384589,0.427823
AATAACGTCGCGCCCA-1,0.000022,0.020777,0.554834,0.424367
AATAAGTCCTCGAGAC-1,0.000025,0.000025,0.488096,0.511855
AATAATCTTCGTATCG-1,0.0417,0.03432,0.922533,0.001446
AATACAATGTTTCAGG-1,0.000018,0.087204,0.489422,0.423357
AATACCGGAGGGCTGT-1,0.031859,0.0735,0.000197,0.894444
AATACCTGATGTGAAC-1,0.000018,0.038247,0.796673,0.165062
AATAGAACAGAGTGGC-1,0.000019,0.074165,0.504863,0.420953
AATAGAATCTGTTTCA-1,0.000025,0.139062,0.495421,0.365492
AATAGCAAGCCTCCTG-1,0.37281,0.067431,0.549955,0.009804
AATAGCTACCGCGTGC-1,0.236383,0.072915,0.686482,0.00422
AATAGGCACGACCCTT-1,0.075232,0.00438,0.602588,0.317799
AATAGTCCGTCCCGAC-1,0.000035,0.014751,0.107979,0.877235
AATAGTCGCGAGTCGG-1,0.102443,0.145178,0.000675,0.751704
AATATCAAGGTCGGAT-1,0.000064,0.045502,0.000386,0.954047
AATATCCTAGCAAACT-1,0.000033,0.710442,0.170246,0.11928
AATATCGAATCAATGC-1,0.039492,0.143731,0.786262,0.030514
AATATCGAGGGTTCTC-1,0.000036,0.000036,0.088448,0.911479
AATATTGGAGTATTGA-1,0.00004,0.055547,0.173766,0.770646
AATCAGACTGCAGGAC-1,0.000022,0.014618,0.519556,0.465803
AATCAGGTTTCATTTA-1,0.000019,0.180239,0.640068,0.179674
AATCATGTAAAGACTC-1,0.000015,0.000015,0.828899,0.171071
AATCCAAGGGCCTGAG-1,0.046924,0.101031,0.199637,0.652407
AATCCATGCAAGGGTG-1,0.000038,0.009738,0.068757,0.921468
AATCCCGCTCAGAGCC-1,0.00004,0.00004,0.017487,0.982434
AATCGAGGTCTCAAGG-1,0.014619,0.057676,0.848124,0.079581
AATCGCCTCAGCGCCA-1,0.000025,0.000025,0.528707,0.471244
AATCGCGCAGAGGACT-1,0.012054,0.000032,0.093275,0.894639
AATCGGGACACTACGA-1,0.000034,0.000034,0.555593,0.444338
AATCGGTATAGCCCTC-1,0.000047,0.011377,0.067172,0.921404
AATCGTGAGCCGAGCA-1,0.000044,0.021875,0.346608,0.631473
AATCTAGGTTTACTTG-1,0.000031,0.048862,0.386128,0.564979
AATCTATGCCGGAGCC-1,0.156891,0.000033,0.314799,0.528277
AATCTCTACTGTGGTT-1,0.00012,0.00012,0.000719,0.999041
AATCTGCGTTGGGACG-1,0.000018,0.005178,0.707595,0.287209
AATCTGGCTTTCTAGT-1,0.000021,0.274664,0.362552,0.362762
AATCTGGGTAGACCCT-1,0.316083,0.000031,0.290904,0.392983
AATGACAGCAATGTCT-1,0.000038,0.000038,0.019,0.980925
AATGACGTAGGATGTC-1,0.000034,0.070622,0.276462,0.652882
AATGACTGTCAGCCGG-1,0.000039,0.000039,0.2318,0.768123
AATGAGTTCGCATATG-1,0.000025,0.097598,0.543753,0.358624
AATGATGATACGCTAT-1,0.028608,0.000014,0.726001,0.245377
AATGATGCGACTCCTG-1,0.000018,0.004583,0.804841,0.190558
AATGCAACCGGGTACC-1,0.000046,0.000046,0.000413,0.999495
AATGCACCAAGCAATG-1,0.130993,0.000022,0.182822,0.686163
AATGGCCGCCAATGCG-1,0.858554,0.000041,0.000243,0.141163
AATGGTCCACCGTTCA-1,0.048745,0.000065,0.138086,0.813105
AATGGTTCTCACAAGC-1,0.000042,0.146802,0.044325,0.808832
AATGTATGGCACTGTA-1,0.000012,0.489612,0.510313,0.000062
AATGTGCCCGAGGTGT-1,0.080133,0.304527,0.04686,0.56848
AATGTGCTAATCTGAG-1,0.00004,0.074614,0.051128,0.874218
AATGTTAAGACCCTGA-1,0.000019,0.075015,0.487267,0.437699
AATGTTGTCGTGAGAC-1,0.000011,0.010831,0.963335,0.025823
AATTAAAGGTCGGCGT-1,0.000033,0.133299,0.407772,0.458896
AATTAACGGATTTCCA-1,0.000029,0.000029,0.407008,0.592935
AATTACGAGACCCATC-1,0.000032,0.292925,0.543584,0.163459
AATTACTCGTACGCTC-1,0.000093,0.000093,0.010101,0.989713
AATTAGCGCTGCAGCG-1,0.011631,0.001384,0.639633,0.347352
AATTATACCCAGCAAG-1,0.000027,0.000027,0.163228,0.836717
AATTCATAAGGGATCT-1,0.000031,0.02769,0.333979,0.6383
AATTCATTGTCATGCA-1,0.000022,0.192408,0.798467,0.009103
AATTCCAACTTGGTGA-1,0.000024,0.00707,0.776035,0.21687
AATTCCAAGCATGTAC-1,0.038898,0.000051,0.037837,0.923214
AATTCGATTCGAGGAT-1,0.106338,0.027303,0.692024,0.174335
AATTCTAGAGTTAGGC-1,0.000045,0.000045,0.304296,0.695613
AATTGAACGCTCTGGT-1,0.000024,0.029759,0.620316,0.349901
AATTGCAGCAATCGAC-1,0.012973,0.000022,0.397389,0.589616
AATTGCGTGGATTACA-1,0.000039,0.093145,0.448194,0.458621
AATTGTGGTTGCCAAA-1,0.024151,0.000014,0.608682,0.367152
AATTTGGGACATAGTA-1,0.123701,0.000028,0.232136,0.644134
AATTTGGTTCCAAAGA-1,0.013894,0.089791,0.764308,0.132007
ACAAACCATGCGTCCT-1,0.00002,0.00002,0.871096,0.128865
ACAAACCGACAAGGCG-1,0.080627,0.000011,0.591028,0.328333
ACAAACTCCATCAGAG-1,0.000011,0.093881,0.510532,0.395576
ACAAAGAAGGTAGGCC-1,0.000043,0.050665,0.288065,0.661227
ACAAAGCATGACCTAG-1,0.000026,0.020233,0.295666,0.684074
ACAAATCGCACCGAAT-1,0.000014,0.01113,0.813405,0.175452
ACAAATGGTAGTGTTT-1,0.000037,0.000037,0.185557,0.81437
ACAAATTCAGATCTGA-1,0.658207,0.023129,0.000249,0.318415
ACAACAGCATGAGCTA-1,0.000035,0.031485,0.325206,0.643274
ACAACGGTCCCTGCGA-1,0.000012,0.000012,0.891501,0.108475
ACAAGCAGTGCCTAGC-1,0.000029,0.072282,0.241498,0.686191
ACAAGCTATATGGAAG-1,0.000039,0.162037,0.553206,0.284718
ACAAGGAAATCCGCCC-1,0.00785,0.011881,0.687139,0.29313
ACAAGGACAAGAGGTT-1,0.000063,0.133068,0.306608,0.560262
ACAAGGATGCTTTAGG-1,0.000036,0.000036,0.118539,0.881389
ACAAGGCCTACCAGCC-1,0.87946,0.054798,0.060147,0.005595
ACAAGGGCAGGCTCTG-1,0.000022,0.000022,0.558505,0.441451
ACAAGTAATTGTAAGG-1,0.012248,0.000021,0.413561,0.57417
ACAATAGTCGTACGTT-1,0.000136,0.007703,0.000817,0.991344
ACAATCCATTTAAACC-1,0.100605,0.075768,0.128951,0.694676
ACAATCGATCTTTATA-1,0.005895,0.000014,0.652735,0.341356
ACAATGAATACGGAGA-1,0.021258,0.643617,0.080184,0.254942
ACAATGATTCTTCTAC-1,0.711162,0.000079,0.000475,0.288284
ACAATTGTGTCTCTTT-1,0.000061,0.235515,0.055771,0.708653
ACAATTTAGGAGGCTC-1,0.000059,0.000587,0.303733,0.695621
ACAATTTGAGCAGTGG-1,0.03322,0.001201,0.762351,0.203227
ACAATTTGGCCATATT-1,0.131635,0.013257,0.728863,0.126246
ACACAAAGACGGGTGG-1,0.000018,0.000018,0.717129,0.282835
ACACAAATATTCCTAG-1,0.906609,0.02756,0.001983,0.063848
ACACACCAGGACCAGT-1,0.00002,0.004964,0.787214,0.207802
ACACACTTTCTACACG-1,0.039029,0.041395,0.406387,0.51319
ACACATGATCAAATCT-1,0.000022,0.000022,0.622601,0.377356
ACACATTGACGCAACA-1,0.000052,0.042463,0.069606,0.887879
ACACATTTCCGTAGAC-1,0.000037,0.024028,0.03158,0.944355
ACACCACATAATTAGC-1,0.229261,0.103016,0.470348,0.197375
ACACCCAGCATGCAGC-1,0.006109,0.005376,0.577037,0.411479
ACACCCGAGAAATCCG-1,0.000025,0.000025,0.616326,0.383624
ACACCCGTAAATCTGT-1,0.971634,0.00003,0.000183,0.028152
ACACCGAGCGCTCTTT-1,0.023677,0.056942,0.000877,0.918504
ACACCGGTCTGACCGC-1,0.000013,0.019846,0.978794,0.001347
ACACCTTAAGTAGGGC-1,0.000025,0.022275,0.584678,0.393022
ACACCTTACTACTTGC-1,0.000015,0.029618,0.885437,0.08493
ACACGAGACTCCTTCT-1,0.000015,0.000015,0.780849,0.219121
ACACGGCACTATGCAT-1,0.000029,0.000029,0.437788,0.562154
ACACGGGAACTTAGGG-1,0.052283,0.000045,0.273168,0.674504
ACACGTAGGCCACAAG-1,0.000013,0.000013,0.829283,0.17069
ACACTCCAATGTCACT-1,0.191153,0.017569,0.12487,0.666408
ACACTGATCAAGGTGT-1,0.011242,0.032139,0.142383,0.814236
ACACTGGGACAGTCGT-1,0.000005,0.043733,0.948493,0.007769
ACAGAACTGAGAACAA-1,0.134382,0.643108,0.000267,0.222242
ACAGATTAGGTTAGTG-1,0.000025,0.003294,0.778615,0.218066
ACAGCATAGAGCCAGT-1,0.000017,0.051767,0.85845,0.089765
ACAGCGACATTCTCAT-1,0.000029,0.000029,0.576301,0.423642
ACAGCGCACCCGCAGC-1,0.038635,0.051423,0.744586,0.165356
ACAGGAGGCGCAGCCG-1,0.000044,0.095254,0.043602,0.8611
ACAGGCACGGATCCTT-1,0.000018,0.000018,0.586159,0.413805
ACAGGCTTGCCCGACT-1,0.000024,0.000024,0.552824,0.447128
ACAGGTGGAGGTGAGG-1,0.000021,0.025659,0.246831,0.727489
ACAGGTGTGTTGTTGC-1,0.000054,0.037053,0.43608,0.526813
ACAGTAATACAACTTG-1,0.000052,0.059264,0.212138,0.728546
ACAGTATACCGTGGGA-1,0.740661,0.121794,0.00018,0.137365
ACAGTGCAGCGCATTT-1,0.698178,0.000042,0.000249,0.301531
ACATAAGTCGTGGTGA-1,0.00004,0.214807,0.281359,0.503793
ACATAATAAGGCGGTG-1,0.000032,0.051602,0.291991,0.656374
ACATACAATCAAGCGG-1,0.006095,0.000016,0.811792,0.182097
ACATCAGCTGGGACGC-1,0.000139,0.044123,0.000832,0.954906
ACATCCCGGCCATACG-1,0.000058,0.001785,0.270637,0.72752
ACATCCTGGTAACTGT-1,0.000036,0.000036,0.5873,0.412629
ACATCGATCGTTTACC-1,0.000025,0.000025,0.761519,0.238431
ACATCGCAATATTCGG-1,0.000023,0.000023,0.40756,0.592394
ACATCGGTCAGCCGCG-1,0.000041,0.037006,0.009183,0.95377
ACATCGTATGCAATGG-1,0.000018,0.000018,0.747113,0.252852
ACATCGTTAACCTAGT-1,0.010875,0.084261,0.720883,0.18398
ACATCTCAACGCGTAA-1,0.000028,0.000028,0.127379,0.872565
ACATGCTTACGGCAGC-1,0.000014,0.000014,0.937692,0.062281
ACATGGCGCCAAAGTA-1,0.043624,0.048011,0.432153,0.476213
ACATGGCTCAATTTAG-1,0.000067,0.000067,0.137177,0.862688
ACATTAGTTTATATCC-1,0.000046,0.03021,0.36659,0.603154
ACATTCGCGCGGAATA-1,0.027362,0.000016,0.812818,0.159804
ACATTTGAAACCTAAC-1,0.008693,0.249134,0.085143,0.65703
ACCAAACACCCAGCGA-1,0.311803,0.000014,0.687843,0.00034
ACCAAACTAGAAATCC-1,0.035252,0.005884,0.252347,0.706517
ACCAACACCACACACT-1,0.438989,0.22224,0.000251,0.33852
ACCAACCGCACTCCAC-1,0.034274,0.112643,0.803767,0.049315
ACCAACGCTTATTTAT-1,0.000058,0.000058,0.000345,0.99954
ACCAAGAACGCGTGTC-1,0.000022,0.000022,0.801429,0.198527
ACCAAGTCATCGGCAG-1,0.042485,0.094126,0.574476,0.288914
ACCAATATGCAAGTTA-1,0.000007,0.000007,0.938899,0.061087
ACCACAACTCAGAACA-1,0.000014,0.010482,0.646766,0.342738
ACCACAAGTTTCTATC-1,0.017956,0.104388,0.248713,0.628944
ACCACACGGTTGATGG-1,0.000024,0.028487,0.27346,0.69803
ACCACCAATGTAACAA-1,0.000025,0.000025,0.427777,0.572173
ACCACCCTCTCTTCTA-1,0.671233,0.000038,0.000227,0.328502
ACCACGTGCAGCTATA-1,0.000036,0.040704,0.325683,0.633577
ACCACTGTTCAAGAAG-1,0.000052,0.0973,0.00031,0.902338
ACCAGACCATAACAAC-1,0.000021,0.738182,0.148818,0.112979
ACCAGCCCGGTCTTTG-1,0.084797,0.00003,0.209559,0.705614
ACCAGGAGTGTGATCT-1,0.004513,0.000012,0.899668,0.095807
ACCAGTGCCCGGTCAA-1,0.455916,0.034591,0.000416,0.509078
ACCAGTGCGGGAGACG-1,0.000016,0.037439,0.925566,0.03698
ACCATATCCGCAATAA-1,0.000033,0.018926,0.16033,0.820711
ACCATCCGCCAACTAG-1,0.000075,0.000075,0.000453,0.999396
ACCATCGTATATGGTA-1,0.000056,0.004629,0.000674,0.994641
ACCATTAAGGGTGTCA-1,0.000067,0.015071,0.000402,0.98446
ACCCAACGCCCGTGGC-1,0.000023,0.020569,0.684218,0.29519
ACCCACCTACATGCTC-1,0.000021,0.011435,0.840114,0.14843
ACCCATCTTGAGGGTA-1,0.013781,0.146533,0.362365,0.477321
ACCCATTTGTCCCTCT-1,0.00002,0.05128,0.722819,0.225881
ACCCGAGCGAAATTAC-1,0.001915,0.000063,0.000378,0.997644
ACCCGATTGGTTCCGA-1,0.00005,0.00005,0.072119,0.92778
ACCCGGAAACTCCCAG-1,0.014516,0.000021,0.629458,0.356005
ACCCGGAGCACCACAA-1,0.054094,0.002326,0.905536,0.038044
ACCCGGATGACGCATC-1,0.000057,0.014908,0.765007,0.220027
ACCCGGTTACACTTCC-1,0.000038,0.015131,0.31658,0.66825
ACCCGTAGCAGAGAAT-1,0.001362,0.078657,0.919935,0.000046
ACCCGTAGTCTAGTTG-1,0.000026,0.026201,0.282496,0.691276
ACCCGTGTCATCAGTA-1,0.00003,0.020104,0.405457,0.574409
ACCCTATAGGACTGAG-1,0.041414,0.054974,0.067373,0.836239
ACCCTATGCCATATCG-1,0.000024,0.247434,0.344124,0.408418
ACCCTCCCGTCAGGGC-1,0.000022,0.015701,0.605643,0.378634
ACCCTCCCTTGCTATT-1,0.000024,0.000024,0.747387,0.252564
ACCCTGGTAACGCCCT-1,0.249832,0.226144,0.473881,0.050143
ACCCTTCATCTGCGAA-1,0.000018,0.000018,0.891031,0.108933
ACCCTTGCCTGGGTCG-1,0.983795,0.000022,0.000133,0.01605
ACCCTTTAGTTCTCCA-1,0.00002,0.00002,0.569453,0.430507
ACCGAAAGGGCCCTGC-1,0.000029,0.000029,0.517339,0.482603
ACCGAAGAGTCTGGTT-1,0.011175,0.024652,0.010669,0.953505
ACCGACACATCTCCCA-1,0.017567,0.046432,0.164735,0.771266
ACCGACTGAGTCCCAC-1,0.000061,0.047948,0.000463,0.951528
ACCGAGTCTCCTTATT-1,0.000037,0.08745,0.248881,0.663631
ACCGATAGGCATAACC-1,0.136926,0.022173,0.794907,0.045994
ACCGATATTTAATCAT-1,0.000013,0.02133,0.898663,0.079994
ACCGATGGTAGCATCG-1,0.000034,0.003827,0.405411,0.590727
ACCGCAATAACTGCCT-1,0.000015,0.039761,0.750131,0.210094
ACCGCGGTGGAAGTCG-1,0.058889,0.029388,0.854226,0.057496
ACCGCTAGTCATTGGT-1,0.000022,0.007624,0.605861,0.386493
ACCGGGCCTTTGTTGA-1,0.05462,0.026428,0.600806,0.318146
ACCGGTCAGGTACACC-1,0.000065,0.196546,0.000388,0.803002
ACCGGTCTGAGTACGG-1,0.674196,0.000042,0.094879,0.230882
ACCGTCCACTGGGCCC-1,0.000016,0.000016,0.998874,0.001094
ACCGTGACCACGTGGG-1,0.000055,0.000055,0.005146,0.994744
ACCGTTCCCGCTCTGA-1,0.000022,0.000022,0.58438,0.415577
ACCTAAGTACCTTTCA-1,0.000062,0.000062,0.000374,0.999501
ACCTAATCGACTTCCT-1,0.000035,0.105465,0.226452,0.668049
ACCTACAGTATGTGGT-1,0.003366,0.000036,0.097264,0.899334
ACCTACTATAAATCTA-1,0.000039,0.014555,0.073955,0.911451
ACCTCAGCGAGGCGCA-1,0.000021,0.069319,0.407522,0.523138
ACCTCCGCCCTCGCTG-1,0.000027,0.000027,0.773592,0.226355
ACCTCCGTTATTCACC-1,0.073298,0.035944,0.467001,0.423756
ACCTCGAACTTATGCT-1,0.101206,0.000038,0.669653,0.229103
ACCTGCGTGTCATGTT-1,0.045474,0.000113,0.000681,0.953731
ACCTTTCCTTTAGAAG-1,0.047809,0.011014,0.702556,0.238621
ACGAAATGGGCGGCAC-1,0.000035,0.070762,0.231639,0.697564
ACGACCCATGAGTTGC-1,0.000016,0.013584,0.847855,0.138545
ACGACTCTAGGGCCGA-1,0.00003,0.00003,0.12392,0.87602
ACGACTGGTCATACTC-1,0.019083,0.093654,0.000403,0.88686
ACGAGAACCCATCACG-1,0.00003,0.112612,0.152733,0.734625
ACGAGATATTTGCTTA-1,0.000017,0.000017,0.756845,0.24312
ACGAGGATACCACTCT-1,0.00009,0.00009,0.000539,0.999282
ACGAGGTTTACAACGT-1,0.030508,0.28137,0.112667,0.575455
ACGAGTACGGATGCCC-1,0.000037,0.000037,0.273008,0.726918
ACGAGTCGCCGGCGTT-1,0.000016,0.003502,0.863153,0.133329
ACGATACATAGAACTA-1,0.00001,0.00001,0.904425,0.095555
ACGATACCTATCCTGA-1,0.000051,0.371227,0.282124,0.346598
ACGATCATACATAGAG-1,0.000011,0.001421,0.96719,0.031379
ACGATCATCTTGTAAA-1,0.000031,0.000031,0.587176,0.412762
ACGATGCATATGTTAT-1,0.000026,0.071925,0.369088,0.558961
ACGATGGATCCGATGC-1,0.000039,0.000039,0.467117,0.532806
ACGCAAACTAATAGAT-1,0.000018,0.026058,0.503546,0.470378
ACGCAATCACTACAGC-1,0.30182,0.00002,0.461825,0.236335
ACGCATAAATGACATG-1,0.756005,0.050496,0.000253,0.193246
ACGCATACGTTTACTA-1,0.01753,0.145419,0.676281,0.16077
ACGCATTCGTGAGTAC-1,0.000054,0.010246,0.087817,0.901883
ACGCCACTCGAAACAG-1,0.000027,0.003336,0.017407,0.97923
ACGCCAGATGATTTCT-1,0.15375,0.069894,0.521461,0.254895
ACGCCAGTGCGTTTGC-1,0.00006,0.008029,0.091006,0.900906
ACGCCCAGCTGTCGAT-1,0.182272,0.000022,0.561084,0.256622
ACGCCGCTAGACGACC-1,0.000038,0.000038,0.46824,0.531684
ACGCCTGACACGCGCT-1,0.000056,0.258621,0.018088,0.723235
ACGCGAAGTCAGACGA-1,0.000022,0.154321,0.693375,0.152281
ACGCGCTACACAGGGT-1,0.000025,0.006046,0.373942,0.619987
ACGCGGGCCAAGGACA-1,0.000039,0.011551,0.406057,0.582353
ACGCGTTTCTTAAGAG-1,0.000184,0.000184,0.001104,0.998528
ACGCTACTGAATGGGC-1,0.021473,0.00841,0.807847,0.16227
ACGCTAGTATCAGTGC-1,0.915925,0.000034,0.032912,0.051129
ACGCTAGTGATACACT-1,0.000026,0.001006,0.705268,0.2937
ACGCTGTGAGGCGTAG-1,0.000135,0.000135,0.000811,0.998918
ACGCTTAGTGTCTCTC-1,0.052744,0.000011,0.856918,0.090327
ACGGAACACGAGTGCC-1,0.000011,0.105713,0.748005,0.146272
ACGGAATTTAGCAAAT-1,0.000037,0.039709,0.35527,0.604985
ACGGACGCAGCGACAA-1,0.000043,0.000916,0.248058,0.750983
ACGGACTCTCAAAGCG-1,0.007321,0.000029,0.585305,0.407345
ACGGAGCGCAAATTAC-1,0.310388,0.000022,0.508802,0.180788
ACGGATGGTGCGGATA-1,0.00002,0.00002,0.881134,0.118826
ACGGCACTTGCTTGGG-1,0.000016,0.008235,0.906435,0.085314
ACGGCCAACATGGACT-1,0.000025,0.000025,0.401778,0.598173
ACGGCGACGATGGGAA-1,0.000015,0.102609,0.763631,0.133745
ACGGCGGGTTGCCCTG-1,0.000013,0.040265,0.839697,0.120025
ACGGCTGGATGTAGAA-1,0.000034,0.095704,0.670538,0.233724
ACGGGAGTGTCGGCCC-1,0.000089,0.000089,0.077487,0.922335
ACGGGCGTATGCGACA-1,0.497792,0.011653,0.414835,0.07572
ACGGGTCATGTGACTT-1,0.037942,0.000097,0.055498,0.906463
ACGGGTTGTGACCTGT-1,0.118948,0.11023,0.156088,0.614734
ACGGTACAGTTCAATG-1,0.010273,0.000029,0.40702,0.582677
ACGGTCACCGAGAACA-1,0.000032,0.020912,0.498982,0.480074
ACGTACAGATTTCTCT-1,0.000033,0.000033,0.538303,0.461632
ACGTACTTTGGCACGG-1,0.007389,0.188456,0.545746,0.258408
ACGTAGATTGCTGATG-1,0.000033,0.045057,0.441702,0.513209
ACGTAGGAGAGTCGCT-1,0.004693,0.004455,0.271817,0.719036
ACGTATTACTCCGATC-1,0.000051,0.067478,0.075071,0.8574
ACGTCCTAAACGAGAT-1,0.025212,0.002576,0.764615,0.207598
ACGTCGGGCAACTCGG-1,0.104679,0.22403,0.336587,0.334704
ACGTCTCGTTCCGGGA-1,0.000055,0.160626,0.290099,0.549219
ACGTGACAAAGTAAGT-1,0.000033,0.841201,0.001161,0.157605
ACGTGCGCCTCGTGCA-1,0.000055,0.000055,0.312454,0.687435
ACGTGGTCGAATGTGC-1,0.012368,0.000007,0.908042,0.079583
ACGTTAATGTCGAAGA-1,0.000014,0.016964,0.761655,0.221367
ACGTTAGATTTGCCCG-1,0.017697,0.130878,0.286968,0.564457
ACGTTATTGGTCACTC-1,0.000037,0.094292,0.109135,0.796537
ACGTTCACTATGCCGC-1,0.000012,0.090658,0.583679,0.32565
ACGTTCCGCGCTCCGT-1,0.069876,0.057839,0.435833,0.436452
ACGTTCGCAATCAATT-1,0.078641,0.00003,0.335436,0.585894
ACGTTCGTTCAGGAAA-1,0.000019,0.000019,0.399828,0.600134
ACGTTCTGTACAAGTC-1,0.000035,0.000035,0.12666,0.87327
ACGTTGTCGTTGAAAG-1,0.041843,0.000032,0.198791,0.759334
ACGTTTAGTTGTGATC-1,0.00003,0.00003,0.619815,0.380126
ACGTTTCGGTGCACTT-1,0.011463,0.041483,0.535517,0.411537
ACTAAGGACGCACACC-1,0.999672,0.000027,0.000164,0.000137
ACTAATACGTCAGGCG-1,0.500908,0.000043,0.000261,0.498787
ACTACAAAGAGAGGTG-1,0.015904,0.011953,0.280187,0.691956
ACTACATCCCGACAAG-1,0.002537,0.010401,0.857507,0.129554
ACTACCAGCTCTCTGG-1,0.029714,0.086776,0.686681,0.196829
ACTACCATCCGAGGGC-1,0.000012,0.047656,0.793204,0.159128
ACTACGCGTTAGAATT-1,0.000019,0.000019,0.747652,0.25231
ACTAGTTGCGATCGTC-1,0.010009,0.027347,0.87719,0.085454
ACTATATGCTGTGTTC-1,0.680256,0.00005,0.033685,0.286008
ACTATCCAGGGCATGG-1,0.000947,0.023533,0.813645,0.161875
ACTATCGCCGGCTAAA-1,0.008831,0.090103,0.000517,0.900549
ACTATCTGCCCGCGTA-1,0.000018,0.072741,0.795511,0.13173
ACTATGTCCAGCTGCC-1,0.000031,0.000031,0.393366,0.606572
ACTATTCGTCCGTGGT-1,0.000022,0.000022,0.723632,0.276323
ACTATTTCCGGGCCCA-1,0.000025,0.004664,0.594569,0.400743
ACTCAACGAATGTATT-1,0.000032,0.113077,0.259352,0.627539
ACTCAAGTGCAAGGCT-1,0.000047,0.083118,0.580269,0.336566
ACTCAATAAAGGCACG-1,0.057285,0.000012,0.822302,0.120401
ACTCAGACCTGCTTCT-1,0.000022,0.000022,0.791332,0.208625
ACTCATGGCAGCCTTC-1,0.000041,0.018848,0.145186,0.835924
ACTCCAATATCATCAT-1,0.000066,0.000066,0.000394,0.999474
ACTCCCATTCCTAAAG-1,0.00004,0.00004,0.00024,0.99968
ACTCCCGAATTCGTTT-1,0.023407,0.014615,0.892311,0.069667
ACTCCCGTAGACTAGG-1,0.657021,0.00262,0.000237,0.340122
ACTCCCTAATGCTAAA-1,0.000038,0.425608,0.000228,0.574126
ACTCCCTAGAATAGTA-1,0.001741,0.02448,0.592437,0.381342
ACTCCGGCCGACCACT-1,0.000024,0.08942,0.562798,0.347759
ACTCGATGTATTTCAT-1,0.000146,0.000146,0.000874,0.998834
ACTCGCCGTTCGATAA-1,0.000025,0.0354,0.471771,0.492804
ACTCGCGATCTGACGC-1,0.067328,0.001612,0.588757,0.342302
ACTCGTAACCCGTCCT-1,0.055308,0.8904,0.000252,0.054039
ACTCGTCAGTAATCCC-1,0.000037,0.000037,0.394123,0.605802
ACTCTAAACCTGGGAT-1,0.000078,0.008352,0.014076,0.977494
ACTCTCTGACTTAGGT-1,0.000053,0.000053,0.321517,0.678377
ACTCTCTTATACACGA-1,0.042048,0.000021,0.475033,0.482897
ACTCTGACCTAATAGA-1,0.000019,0.064199,0.76715,0.168632
ACTCTTCAGCTCCCGC-1,0.803334,0.031393,0.032292,0.132981
ACTCTTGTATAGTAAC-1,0.000017,0.000017,0.789723,0.210243
ACTGAAACGCCGTTAG-1,0.000029,0.000029,0.410591,0.589352
ACTGAATGGCGAAAGT-1,0.000023,0.129847,0.377026,0.493104
ACTGATTTAGTGATTC-1,0.017317,0.000014,0.739463,0.243206
ACTGCCCGCCATTCTC-1,0.000016,0.057972,0.813896,0.128115
ACTGCCGTCGTAACTC-1,0.001715,0.000017,0.821588,0.17668
ACTGCGGACACACCGT-1,0.257329,0.000964,0.254172,0.487535
ACTGCTCGGAAGGATG-1,0.020412,0.000039,0.288382,0.691167
ACTGGCGAACCTGCGT-1,0.990044,0.009607,0.00019,0.000158
ACTGGGATGCCAGTGC-1,0.00005,0.00005,0.000297,0.999603
ACTGTACGATACACAT-1,0.00003,0.055545,0.399822,0.544603
ACTGTAGCACTTTGGA-1,0.009789,0.014952,0.492839,0.48242
ACTGTATACGCGAGCA-1,0.000035,0.000035,0.432119,0.56781
ACTGTCCAGGATTATA-1,0.000044,0.000044,0.135629,0.864283
ACTGTCTTCTTTAGAA-1,0.021913,0.000023,0.62425,0.353814
ACTGTGCTAGTAGATC-1,0.000066,0.026511,0.103702,0.869721
ACTGTTTAGTGTAGGC-1,0.000016,0.000016,0.804469,0.1955
ACTTACCGGGCGCGCA-1,0.019157,0.005281,0.436776,0.538786
ACTTACGCATCCACGC-1,0.000024,0.063282,0.583761,0.352933
ACTTAGTACGACAAGA-1,0.000032,0.014389,0.555647,0.429932
ACTTATACTTACCCGG-1,0.017608,0.035795,0.67674,0.269857
ACTTATCTGATCTATA-1,0.008168,0.000021,0.299019,0.692792
ACTTATTAGGATCGGT-1,0.000022,0.02437,0.58999,0.385618
ACTTATTTATGTGCCA-1,0.000018,0.000018,0.939262,0.060702
ACTTCAGGCTGATCCC-1,0.053488,0.000014,0.821875,0.124624
ACTTCCAGTGGAAGCT-1,0.014803,0.037533,0.469204,0.478459
ACTTCCATGCGGGACA-1,0.000019,0.019668,0.803471,0.176842
ACTTCCTGTCGTGCGA-1,0.843452,0.000031,0.000189,0.156328
ACTTCGCCATACGCAC-1,0.024369,0.02257,0.810988,0.142073
ACTTCGCTAGCGAGTG-1,0.960483,0.009099,0.027487,0.002931
ACTTGACTCCCTCTTT-1,0.000056,0.000056,0.108525,0.891363
ACTTGCCATATTGTAC-1,0.00002,0.01663,0.867941,0.115409
ACTTGCTCTATCTACC-1,0.000013,0.142979,0.856946,0.000063
ACTTGGGACCCGGTGG-1,0.111129,0.00002,0.56051,0.32834
ACTTGGGCTTTCGCCA-1,0.028245,0.048076,0.496204,0.427475
ACTTGTAGTCCCTTCA-1,0.000087,0.154068,0.037301,0.808543
ACTTGTGGATGGAACG-1,0.00005,0.00005,0.0948,0.905099
ACTTGTTACCGGATCA-1,0.006915,0.007919,0.283914,0.701252
ACTTTACCCTCATGAA-1,0.00001,0.039829,0.83942,0.120741
ACTTTATACACCACTT-1,0.076669,0.266285,0.257509,0.399536
ACTTTCCTATAGCTTC-1,0.000053,0.000274,0.381385,0.618288
ACTTTGACTGCATCCT-1,0.00014,0.00014,0.000838,0.998883
ACTTTGGTCGTGCTCC-1,0.000044,0.000044,0.356774,0.643137
ACTTTGTCGACGCACT-1,0.000014,0.090654,0.87783,0.031502
AGAAATTATGACTCGC-1,0.10347,0.034478,0.753669,0.108384
AGAACACGGCGATGGT-1,0.076176,0.113157,0.682289,0.128377
AGAACCCAGCGTGACA-1,0.064837,0.020744,0.738665,0.175754
AGAACCCTCAATTGGG-1,0.000017,0.105282,0.884719,0.009983
AGAACGTGGTACATTC-1,0.000026,0.000026,0.621708,0.37824
AGAACTGTACTTTGTA-1,0.000021,0.270076,0.565572,0.164331
AGAAGAGCGCCGTTCC-1,0.000423,0.000423,0.002536,0.996619
AGAAGGTACACTTCAC-1,0.000032,0.000032,0.151116,0.848819
AGAAGGTTGCCGAATT-1,0.000029,0.000029,0.693941,0.306001
AGAAGGTTGTAGGTCG-1,0.000033,0.000033,0.410098,0.589837
AGAAGTGATTCGTGAT-1,0.000047,0.000047,0.078032,0.921873
AGAATAAATCTTCAGG-1,0.000103,0.124229,0.000617,0.875051
AGAATACAGGCTATCC-1,0.000018,0.004793,0.900862,0.094327
AGAATGCGGGTTCGGA-1,0.467746,0.04839,0.000522,0.483342
AGAATTATGGATTCGA-1,0.001282,0.031636,0.849816,0.117266
AGAATTGTTTGACATA-1,0.00002,0.110441,0.720199,0.169341
AGACAGCTCAGAATCC-1,0.000069,0.037212,0.000416,0.962303
AGACAGGCATCTCAGC-1,0.000009,0.000009,0.933047,0.066934
AGACATAGATCCTTCC-1,0.013472,0.118623,0.783444,0.084461
AGACCAAACCACACCT-1,0.000044,0.054995,0.109941,0.83502
AGACCATGGGATACAA-1,0.000055,0.12205,0.106729,0.771166
AGACCCACCGCTGATC-1,0.00005,0.114447,0.064913,0.82059
AGACCCGCCCTCCTCG-1,0.00004,0.00004,0.203125,0.796794
AGACCGCTCCGCGGTT-1,0.000034,0.094355,0.322749,0.582861
AGACCGGGAAACCCTG-1,0.012278,0.111329,0.000773,0.87562
AGACGAAGTGCCGGTC-1,0.000015,0.166456,0.66895,0.164578
AGACGACGATGCCGCT-1,0.000051,0.000051,0.003241,0.996658
AGACGCCCACTTCGCC-1,0.000029,0.000029,0.227338,0.772604
AGACGGGATTGGTATA-1,0.222593,0.000014,0.509869,0.267524
AGACGGGCCGATTTAA-1,0.202037,0.00002,0.654583,0.14336
AGACTAGCCTTCCAGA-1,0.000045,0.064013,0.276436,0.659505
AGACTGTTACCGGGTC-1,0.025822,0.104104,0.384652,0.485421
AGAGAAACACCAGAAA-1,0.000036,0.017323,0.036052,0.946588
AGAGAACCGTCTAGGA-1,0.000008,0.000008,0.949074,0.05091
AGAGAAGGAGTACAAT-1,0.000841,0.235568,0.258837,0.504753
AGAGATCTCTAAAGCG-1,0.000111,0.000111,0.000669,0.999108
AGAGCAGTTATGAGAC-1,0.000035,0.050231,0.094776,0.854959
AGAGCCGCCGAGATTT-1,0.000025,0.000025,0.509073,0.490877
AGAGCGCTTGTAACGG-1,0.66713,0.011529,0.269628,0.051712
AGAGCGGGCTAATCAT-1,0.027933,0.047595,0.365223,0.55925
AGAGCGTACAAGCTCG-1,0.000048,0.079165,0.113767,0.807019
AGAGCTACGAAAGCAT-1,0.000038,0.000038,0.011815,0.988108
AGAGGCTTCGGAAACC-1,0.000033,0.101618,0.309357,0.588992
AGAGGGACAATTGTCC-1,0.911186,0.000027,0.079277,0.00951
AGAGGTATCTCGGTCC-1,0.005267,0.000018,0.768014,0.226702
AGAGTAAACTTCACTA-1,0.000006,0.000006,0.999186,0.000803
AGAGTATAGTGTTACG-1,0.460694,0.087348,0.415448,0.03651
AGAGTCTTAATGAAAG-1,0.000013,0.113253,0.674581,0.212153
AGAGTGAACAGACACC-1,0.999767,0.000019,0.000116,0.000097
AGAGTTAGAGACCGAT-1,0.443793,0.000081,0.000485,0.555641
AGAGTTGCAGGCCTCC-1,0.999748,0.000021,0.000126,0.000105
AGATAACTTCAGGGCC-1,0.000027,0.053381,0.457017,0.489575
AGATAATCACACCTAT-1,0.028206,0.118384,0.839622,0.013788
AGATACCAATAGAACC-1,0.000022,0.011193,0.341939,0.646846
AGATACCAGCACTTCA-1,0.502697,0.000037,0.000222,0.497044
AGATACCGGTGTTCAC-1,0.00005,0.247125,0.167725,0.5851
AGATACGACTTCATAT-1,0.000036,0.000036,0.516917,0.483011
AGATACTCAAGATCGA-1,0.000036,0.040323,0.412413,0.547228
AGATATAATACGACTA-1,0.01107,0.02139,0.79292,0.17462
AGATCGTGCATAAGAT-1,0.087359,0.022792,0.20908,0.680768
AGATCTCAGGTGTGAT-1,0.000025,0.000025,0.53435,0.4656
AGATCTGGAGAGGATA-1,0.031519,0.007707,0.905044,0.055729
AGATGACTCGCCCACG-1,0.000056,0.083996,0.098565,0.817384
AGATGAGGGTTGCGAT-1,0.144982,0.015661,0.735926,0.103431
AGATGATGGAGTCTGG-1,0.000015,0.001159,0.830507,0.168319
AGATGCAAGACGTGCA-1,0.000057,0.117736,0.00034,0.881868
AGATGCATCCTGTGTC-1,0.00002,0.184305,0.685675,0.13
AGATGCTATAACGAGC-1,0.000052,0.01929,0.000313,0.980345
AGATTATAGGACGTTT-1,0.02195,0.000034,0.335463,0.642553
AGATTCAAGCGGGTCG-1,0.695803,0.007394,0.025365,0.271438
AGATTCACAACCGATA-1,0.000047,0.10575,0.04777,0.846433
AGCAAAGGCCGCTAGT-1,0.000044,0.068972,0.076085,0.854899
AGCAACATATCTTATT-1,0.000039,0.027312,0.279315,0.693333
AGCAACCGAAAGTAAT-1,0.000028,0.035261,0.246087,0.718623
AGCACACGTTTAGACT-1,0.000039,0.002383,0.351543,0.646034
AGCACCAGTACTCACG-1,0.000027,0.035313,0.477761,0.486898
AGCACTACCGGCCTGT-1,0.00004,0.034323,0.390174,0.575462
AGCACTACCTCACCAG-1,0.027354,0.000016,0.815456,0.157174
AGCACTTAAGGACGCC-1,0.000025,0.040228,0.62695,0.332797
AGCAGAAGGAGAAAGA-1,0.000017,0.010497,0.481897,0.50759
AGCAGCCAGATGAATA-1,0.000025,0.000025,0.444067,0.555883
AGCAGTCGAAGCATGC-1,0.00002,0.00002,0.144335,0.855625
AGCATATCAATATGCT-1,0.128539,0.029875,0.465914,0.375673
AGCATCATTTCGAAAG-1,0.000057,0.000057,0.000341,0.999545
AGCATCGTCGATAATT-1,0.000039,0.033695,0.348796,0.617469
AGCATTACGAGGCAAG-1,0.086691,0.000017,0.714576,0.198716
AGCCAAGCTTTGTGTC-1,0.000039,0.201272,0.284726,0.513963
AGCCACAGGTTACCCG-1,0.000036,0.006463,0.46909,0.524412
AGCCACTCCCGTGCTT-1,0.05236,0.083041,0.681467,0.183133
AGCCATATAGTATGTG-1,0.00003,0.006231,0.371846,0.621893
AGCCCATACATGTAAG-1,0.000038,0.012301,0.151188,0.836473
AGCCCGCAACAAGCAG-1,0.000029,0.000029,0.172958,0.826984
AGCCCGCACTACAATG-1,0.000022,0.012387,0.394384,0.593206
AGCCCGGCATTAGAGG-1,0.000031,0.162744,0.305206,0.532019
AGCCCGGTAGCCTGTA-1,0.026432,0.012695,0.403009,0.557864
AGCCCTAAGCGAAGTT-1,0.046157,0.000028,0.669575,0.284241
AGCCCTCCCTGGTGGC-1,0.000026,0.170822,0.169711,0.659442
AGCCCTGTCGCACCGT-1,0.000005,0.153805,0.836254,0.009936
AGCCCTTCTAATCCGA-1,0.200514,0.04702,0.000225,0.752241
AGCCCTTGGACATCCC-1,0.015998,0.086955,0.850021,0.047026
AGCCGCAAATTCAAAT-1,0.000048,0.093663,0.330152,0.576137
AGCCGCTTGATTAGCG-1,0.000096,0.099809,0.000578,0.899517
AGCCGTGGCTAAATGT-1,0.000071,0.207278,0.000429,0.792222
AGCCTAATACCCACGT-1,0.029882,0.099485,0.182481,0.688151
AGCCTTAAAGCGGAAG-1,0.000019,0.105599,0.527125,0.367257
AGCCTTGTCACTGATA-1,0.000017,0.051282,0.889121,0.05958
AGCGACAGGAACGGTC-1,0.000029,0.000029,0.083961,0.91598
AGCGACATCCCATTCA-1,0.019775,0.026831,0.375,0.578394
AGCGACCAACGATATT-1,0.000104,0.000044,0.05003,0.949822
AGCGACTTTGAAGACA-1,0.000022,0.005428,0.195789,0.798761
AGCGAGACGTGAAGGC-1,0.000009,0.214023,0.783663,0.002305
AGCGATGCGCCTAATA-1,0.000013,0.012542,0.907903,0.079542
AGCGCATAATGAATCG-1,0.000021,0.010772,0.342742,0.646466
AGCGCGGGTGCCAATG-1,0.030608,0.000029,0.289402,0.679961
