Barcode,Topic 1,Topic 2,Topic 3,Topic 4,Topic 5,Topic 6,Topic 7,Topic 8,Topic 9,Topic 10,Topic 11
AAACAAGTATCTCCCA-1,0.144166,0.088574,0.027496,0.015189,0.017287,0.034705,0.181623,0.099497,0.254123,0.013144,0.124194
AAACAATCTACTAGCA-1,0.035482,0.054425,0.00007,0.00007,0.016738,0.00007,0.00007,0.098203,0.00007,0.062019,0.732783
AAACACCAATAACTGC-1,0.056761,0.046721,0.034977,0.307278,0.039198,0.065526,0.115601,0.092977,0.240012,0.000924,0.000024
AAACAGAGCGACTCCT-1,0.000065,0.000065,0.000065,0.000065,0.016248,0.000065,0.000065,0.657845,0.03216,0.03138,0.261974
AAACAGCTTTCAGAAG-1,0.01263,0.05903,0.421236,0.015019,0.008942,0.35828,0.107963,0.010869,0.004149,0.000249,0.001632
AAACAGGGTCTATATT-1,0.06197,0.003657,0.074092,0.12981,0.026579,0.04815,0.446983,0.000039,0.047719,0.000015,0.160985
AAACAGTGTTCCTGGG-1,0.164143,0.076434,0.000036,0.000258,0.000049,0.000036,0.000036,0.000036,0.038102,0.08604,0.634827
AAACATGGTGAGAGGA-1,0.417769,0.032329,0.007877,0.01941,0.237872,0.002363,0.06355,0.002861,0.089938,0.038178,0.087852
AAACATTTCCCGGATT-1,0.134237,0.034336,0.006886,0.408675,0.013868,0.009254,0.177414,0.008794,0.095035,0.015609,0.095892
AAACCCGAACGAAATC-1,0.289596,0.000013,0.066802,0.007611,0.00714,0.278377,0.058235,0.007345,0.017044,0.121609,0.146228
AAACCGGAAATGTTAA-1,0.330888,0.262408,0.0021,0.000346,0.142862,0.010605,0.07408,0.030774,0.068067,0.015594,0.062276
AAACCGGGTAGGTACC-1,0.039893,0.153084,0.031222,0.147659,0.179476,0.008558,0.142016,0.005827,0.074445,0.200578,0.017242
AAACCGTTCGTCCAGG-1,0.024474,0.048195,0.000037,0.147091,0.050212,0.000037,0.035387,0.001212,0.42964,0.135032,0.128682
AAACCTAAGCAGCCGG-1,0.045425,0.000824,0.054965,0.539647,0.011199,0.026902,0.019951,0.021052,0.091766,0.141867,0.046402
AAACCTCATGAAGTTG-1,0.084741,0.000058,0.060054,0.000058,0.010675,0.166396,0.056611,0.118966,0.431008,0.019226,0.052206
AAACGAAGAACATACC-1,0.000101,0.000101,0.000101,0.000101,0.000101,0.000101,0.000101,0.144292,0.167886,0.314958,0.372158
AAACGAAGATGGAGTA-1,0.2623,0.00002,0.036545,0.136159,0.051078,0.074043,0.261963,0.051885,0.115224,0.004419,0.006364
AAACGAGACGGTTGAT-1,0.000052,0.000052,0.000052,0.000052,0.000052,0.017275,0.000052,0.516857,0.234377,0.000052,0.231128
AAACGCTGGGCACGAC-1,0.352486,0.481186,0.000023,0.050267,0.000023,0.000023,0.000023,0.000023,0.114909,0.000359,0.000681
AAACGGGCGTACGGGT-1,0.005706,0.002469,0.027812,0.099511,0.000495,0.013557,0.00004,0.06125,0.544186,0.00004,0.244935
AAACGGTTGCGAACTG-1,0.003146,0.121602,0.008676,0.082561,0.000039,0.003925,0.00315,0.014329,0.203455,0.205125,0.353993
AAACGTGTTCGCCCTA-1,0.071449,0.08378,0.000038,0.000038,0.004394,0.00907,0.015225,0.096462,0.002618,0.182017,0.534909
AAACTAACGTGGCGAC-1,0.000068,0.000068,0.000068,0.000068,0.000068,0.000068,0.000068,0.000068,0.000068,0.009203,0.990183
AAACTCGGTTCGCAAT-1,0.019406,0.000037,0.04487,0.200358,0.008903,0.037916,0.003343,0.270844,0.346808,0.000037,0.067478
AAACTCGTGATATAAG-1,0.007393,0.105929,0.25702,0.089397,0.087986,0.000693,0.001763,0.273637,0.018564,0.157598,0.000019
AAACTGCTGGCTCCAA-1,0.030089,0.043312,0.0218,0.021523,0.001241,0.244731,0.31265,0.007443,0.061246,0.02789,0.228077
AAACTTAATTGCACGC-1,0.022014,0.234387,0.015226,0.062091,0.006151,0.130717,0.297973,0.000544,0.01823,0.000013,0.212654
AAACTTGCAAACGTAT-1,0.000032,0.038214,0.001234,0.047858,0.180819,0.013635,0.062685,0.217089,0.41637,0.013395,0.008671
AAAGAATGACCTTAGA-1,0.492519,0.000005,0.044076,0.202272,0.006966,0.011603,0.242537,0.000005,0.000005,0.000005,0.000005
AAAGAATGTGGACTAA-1,0.146434,0.179682,0.001922,0.144131,0.000028,0.000028,0.002198,0.000028,0.079831,0.008656,0.437062
AAAGACCCAAGTCGCG-1,0.015442,0.000042,0.288914,0.040075,0.039009,0.000603,0.000042,0.449673,0.053591,0.099768,0.012842
AAAGACTGGGCGCTTT-1,0.176627,0.000039,0.101174,0.027977,0.018514,0.01867,0.002933,0.498234,0.107784,0.02549,0.022559
AAAGCTTGCCTACATA-1,0.250544,0.025669,0.134993,0.0485,0.09461,0.00002,0.00002,0.027067,0.022019,0.37047,0.026086
AAAGGCCCTATAATAC-1,0.070653,0.288894,0.075513,0.252419,0.002208,0.097505,0.011188,0.057857,0.141576,0.00217,0.000016
AAAGGCTACGGACCAT-1,0.000043,0.039451,0.021499,0.249184,0.000043,0.003164,0.000043,0.000043,0.13309,0.011342,0.542097
AAAGGCTCTCGCGCCG-1,0.080499,0.007515,0.120779,0.234589,0.025656,0.211591,0.076467,0.050125,0.076213,0.0757,0.040867
AAAGGGATGTAGCAAG-1,0.000053,0.000053,0.000053,0.000053,0.000053,0.083426,0.019513,0.466608,0.430078,0.000053,0.000053
AAAGGGCAGCTTGAAT-1,0.002782,0.059284,0.026177,0.000369,0.597694,0.085632,0.16416,0.056805,0.005744,0.000018,0.001335
AAAGGTAAGCTGTACC-1,0.002565,0.323732,0.000075,0.000075,0.000236,0.052417,0.124653,0.147624,0.000075,0.021924,0.326625
AAAGTAGCATTGCTCA-1,0.04191,0.008063,0.014702,0.366125,0.020912,0.032446,0.332212,0.000018,0.022368,0.000018,0.161228
AAAGTCACTGATGTAA-1,0.000106,0.024751,0.145795,0.031552,0.021793,0.000106,0.000106,0.447687,0.087746,0.000106,0.240253
AAAGTCGACCCTCAGT-1,0.057165,0.025453,0.204768,0.031554,0.318677,0.105869,0.235341,0.000804,0.000015,0.020339,0.000015
AAAGTGCCATCAATTA-1,0.54715,0.017893,0.001212,0.10741,0.015659,0.000598,0.076379,0.003751,0.142666,0.02877,0.058512
AAAGTGTGATTTATCT-1,0.015282,0.003091,0.033148,0.027803,0.176844,0.048328,0.278592,0.139876,0.156722,0.011296,0.109018
AAAGTTGACTCCCGTA-1,0.000037,0.000037,0.000037,0.000037,0.00549,0.068541,0.084962,0.065928,0.223661,0.000037,0.551233
AAATAACCATACGGGA-1,0.00005,0.00005,0.00005,0.00005,0.00005,0.00005,0.00005,0.859619,0.021331,0.033609,0.085089
AAATAAGGTAGTGCCC-1,0.006489,0.00004,0.088065,0.00045,0.011545,0.019021,0.004202,0.422513,0.108114,0.161065,0.178497
AAATACCTATAAGCAT-1,0.019994,0.000032,0.017115,0.10114,0.002198,0.107076,0.15283,0.093819,0.303153,0.051056,0.151586
AAATAGCTTAGACTTT-1,0.00006,0.00006,0.013469,0.00006,0.00006,0.033724,0.00006,0.436028,0.348783,0.080246,0.087448
AAATAGGGTGCTATTG-1,0.130906,0.041119,0.098905,0.197592,0.000034,0.08346,0.060401,0.023108,0.299421,0.049578,0.015476
AAATCCGATACACGCC-1,0.006751,0.255112,0.26417,0.22174,0.033633,0.024832,0.01562,0.047886,0.108056,0.012548,0.009652
AAATCGCGGAAGGAGT-1,0.029042,0.110655,0.122145,0.057137,0.006336,0.095507,0.475299,0.035221,0.068633,0.000012,0.000012
AAATCGTGTACCACAA-1,0.041026,0.000035,0.001779,0.008433,0.000035,0.311131,0.357257,0.005654,0.274577,0.000035,0.000035
AAATCTAGCCCTGCTA-1,0.040005,0.074362,0.086257,0.290519,0.002089,0.07259,0.398853,0.001564,0.033735,0.000013,0.000013
AAATCTGCCCGCGTCC-1,0.143489,0.439562,0.078866,0.048401,0.002354,0.035725,0.251578,0.000006,0.000006,0.000006,0.000006
AAATGACTGATCAAAC-1,0.000032,0.15675,0.000032,0.000032,0.000032,0.000032,0.000032,0.000032,0.000809,0.000032,0.842186
AAATGATTCGATCAGC-1,0.000135,0.105955,0.239692,0.067744,0.059191,0.000891,0.000935,0.331791,0.002323,0.190926,0.000417
AAATGCTCGTTACGTT-1,0.000023,0.129886,0.495609,0.025101,0.035629,0.03467,0.000264,0.234902,0.004241,0.039653,0.000023
AAATGGCATGTCTTGT-1,0.010595,0.053171,0.191895,0.016432,0.356032,0.033052,0.025865,0.242948,0.001745,0.067329,0.000937
AAATGGCCCGTGCCCT-1,0.108664,0.014839,0.056732,0.257102,0.002312,0.127039,0.340761,0.005982,0.033953,0.000418,0.052198
AAATGGTCAATGTGCC-1,0.00003,0.00003,0.000735,0.00003,0.247131,0.010585,0.199653,0.30739,0.225288,0.005463,0.003665
AAATGTATCTTATCCC-1,0.000033,0.085453,0.17592,0.081392,0.027208,0.000033,0.000033,0.410581,0.024746,0.194568,0.000033
AAATGTGGGTGCTCCT-1,0.000083,0.000083,0.000083,0.000083,0.000083,0.000083,0.000083,0.000083,0.000083,0.00038,0.998875
AAATTAACGGGTAGCT-1,0.016126,0.125163,0.023236,0.011749,0.288648,0.183203,0.222596,0.068853,0.025409,0.034439,0.000577
AAATTAATAAGCGCGA-1,0.012076,0.025471,0.056714,0.030849,0.331472,0.038914,0.071426,0.351083,0.040884,0.02868,0.01243
AAATTACACGACTCTG-1,0.017735,0.058936,0.4484,0.081136,0.063366,0.009042,0.000463,0.10085,0.000023,0.220028,0.000022
AAATTACCTATCGATG-1,0.006428,0.107983,0.084424,0.03033,0.095659,0.172146,0.009939,0.276277,0.042019,0.147715,0.027079
AAATTCCAGGTCCAAA-1,0.133839,0.000031,0.35836,0.026097,0.026448,0.026097,0.01834,0.175259,0.233356,0.002142,0.000031
AAATTGATAGTCCTTT-1,0.033441,0.000049,0.000049,0.01638,0.000049,0.028047,0.034769,0.060152,0.553484,0.000049,0.273531
AAATTGGTGAGAAGCA-1,0.000034,0.178037,0.000034,0.002931,0.006035,0.006952,0.054131,0.191442,0.012816,0.159447,0.388142
AAATTTACCGAAATCC-1,0.000096,0.729067,0.000096,0.000096,0.000096,0.000096,0.000096,0.150003,0.000096,0.000096,0.120161
AAATTTGCGGGTGTGG-1,0.137141,0.000686,0.056758,0.2775,0.000689,0.031922,0.067161,0.011412,0.389004,0.000033,0.027693
AACAACTGGTAGTTGC-1,0.009214,0.000024,0.022089,0.000024,0.194401,0.378083,0.214815,0.076809,0.027392,0.004429,0.072718
AACAATACATTGTCGA-1,0.026473,0.007864,0.017839,0.311835,0.000035,0.000035,0.000035,0.052094,0.42059,0.003014,0.160185
AACAATTACTCTACGC-1,0.184556,0.003781,0.034211,0.000205,0.00565,0.215541,0.006309,0.325028,0.219423,0.000044,0.005252
AACACACGCTCGCCGC-1,0.141199,0.000399,0.00807,0.051962,0.046299,0.001717,0.358539,0.00003,0.18021,0.030808,0.180768
AACACGACTGTACTGA-1,0.160794,0.008748,0.27601,0.060512,0.182992,0.000072,0.000024,0.127899,0.017597,0.165329,0.000024
AACACGAGACGCGGCC-1,0.065768,0.011967,0.023492,0.190382,0.051602,0.047162,0.432393,0.011266,0.050298,0.000019,0.115652
AACACGCGGCCGCGAA-1,0.000063,0.000063,0.000063,0.000063,0.000063,0.000063,0.000063,0.071593,0.004213,0.230247,0.693508
AACAGCTGTGTGGCAA-1,0.003876,0.120413,0.000052,0.153526,0.215893,0.000039,0.021043,0.000039,0.296916,0.064295,0.123908
AACAGGAAATCGAATA-1,0.000054,0.000054,0.000054,0.000054,0.000054,0.000054,0.000054,0.754022,0.063027,0.000054,0.182519
AACAGGATGGGCCGCG-1,0.055188,0.000027,0.051796,0.014992,0.287171,0.202574,0.1172,0.153979,0.107237,0.004578,0.005259
AACAGGTAGTATGGAT-1,0.059964,0.07667,0.05425,0.019891,0.077189,0.101231,0.059553,0.146848,0.253604,0.000745,0.150056
AACATAGCGTGTATCG-1,0.317576,0.38146,0.036389,0.102459,0.020273,0.001693,0.000022,0.016035,0.063178,0.030936,0.029978
AACATATCAACTGGTG-1,0.06794,0.090343,0.367372,0.055088,0.019571,0.097285,0.019659,0.070094,0.031347,0.07252,0.108782
AACATCGATACGTCTA-1,0.000062,0.000062,0.000062,0.000062,0.241772,0.000062,0.000062,0.217935,0.032562,0.234722,0.272638
AACATTGAAGTTGATC-1,0.031367,0.024214,0.045038,0.439961,0.014485,0.050966,0.030673,0.126814,0.096073,0.10027,0.040139
AACATTGTGACTCGAG-1,0.07734,0.09568,0.068202,0.370709,0.016446,0.030648,0.007412,0.041277,0.069108,0.095097,0.128082
AACCAAGACTTCTCTG-1,0.0057,0.084054,0.003172,0.00005,0.036728,0.061724,0.0897,0.085309,0.555977,0.00005,0.077536
AACCAGTATCACTCTT-1,0.000041,0.518848,0.000041,0.000041,0.000041,0.005544,0.007392,0.18878,0.000041,0.01498,0.264251
AACCATAGGGTTGAAC-1,0.121459,0.02639,0.015841,0.061337,0.006162,0.107709,0.350094,0.007255,0.152092,0.006906,0.144754
AACCATGGGATCGCTA-1,0.062175,0.028829,0.581716,0.061674,0.002179,0.088188,0.012677,0.010548,0.000015,0.151985,0.000015
AACCCAGAGACGGAGA-1,0.000048,0.000048,0.037643,0.000048,0.018512,0.010632,0.000048,0.689212,0.09601,0.066116,0.081683
AACCCATCCCATGATC-1,0.004673,0.000051,0.000051,0.000051,0.000051,0.005276,0.003093,0.143437,0.545028,0.002857,0.295432
AACCCGACAACCCGTG-1,0.02609,0.000036,0.096305,0.105555,0.017952,0.015376,0.004,0.201745,0.427031,0.001667,0.104242
AACCCGAGCAGAATCG-1,0.011739,0.070268,0.071254,0.062543,0.000036,0.056381,0.190746,0.027107,0.377944,0.000036,0.131947
AACCCGCTGTATTCCA-1,0.000033,0.163502,0.000033,0.000033,0.000033,0.000033,0.000033,0.000033,0.000033,0.044682,0.791548
AACCCTACTGTCAATA-1,0.005817,0.090879,0.027799,0.02462,0.051934,0.089498,0.239557,0.261588,0.160031,0.023862,0.024413
AACCCTGGTGGAACCA-1,0.000072,0.000072,0.000072,0.000072,0.000072,0.000072,0.000072,0.289234,0.001542,0.283539,0.425185
AACCGAGCTTGGTCAT-1,0.00002,0.035938,0.286692,0.00002,0.058929,0.215394,0.229912,0.158569,0.014486,0.00002,0.00002
AACCGCTAAGGGATGC-1,0.001902,0.148656,0.111708,0.135933,0.006962,0.131794,0.253435,0.130046,0.069668,0.003156,0.00674
AACCGTTGTGTTTGCT-1,0.000079,0.000079,0.000079,0.000079,0.000079,0.000079,0.000079,0.936985,0.058517,0.000079,0.003863
AACCTAAAGCCGTCCG-1,0.00005,0.549997,0.00005,0.00005,0.00005,0.00005,0.00005,0.098782,0.00005,0.105543,0.245327
AACCTCGCTTTAGCCC-1,0.035524,0.24949,0.059357,0.475015,0.007927,0.009547,0.001554,0.05223,0.098939,0.010389,0.000028
AACCTGTCACGGAATT-1,0.312785,0.021367,0.39259,0.023843,0.031582,0.052453,0.008877,0.074777,0.066847,0.012076,0.002803
AACCTTTAAATACGGT-1,0.035119,0.003636,0.030544,0.208684,0.000026,0.13708,0.069941,0.174017,0.204076,0.061766,0.07511
AACCTTTACGACGTCT-1,0.003189,0.000038,0.355735,0.037043,0.076833,0.071887,0.03646,0.393505,0.009376,0.015897,0.000038
AACGAAAGTCGTCCCA-1,0.086563,0.031854,0.015715,0.072474,0.260393,0.023609,0.385676,0.008179,0.059078,0.001933,0.054525
AACGACCTCCTAGCCG-1,0.138252,0.778574,0.000016,0.000016,0.000016,0.001908,0.000016,0.001194,0.053471,0.000016,0.02652
AACGATAATGCCGTAG-1,0.015795,0.010739,0.029602,0.155634,0.059211,0.13457,0.206377,0.143415,0.239324,0.000025,0.005307
AACGATAGAAGGGCCG-1,0.000068,0.000068,0.006455,0.000068,0.000068,0.018017,0.000068,0.761264,0.213785,0.000068,0.000068
AACGATATGTCAACTG-1,0.002348,0.106658,0.000052,0.000052,0.000052,0.085103,0.000052,0.534075,0.226474,0.000052,0.045084
AACGCATGATCTGGGT-1,0.000049,0.000049,0.000049,0.000049,0.000049,0.000049,0.000049,0.757714,0.009151,0.082156,0.150633
AACGCGAACGGCAACA-1,0.000061,0.084838,0.000061,0.000061,0.000061,0.000061,0.000061,0.026566,0.000061,0.334318,0.553851
AACGCGACCTTGGGCG-1,0.003135,0.232824,0.036399,0.295194,0.016286,0.023938,0.007024,0.078386,0.049946,0.038849,0.218018
AACGCGGTCTCCAGCC-1,0.057341,0.000036,0.129509,0.000039,0.043775,0.171676,0.070891,0.343355,0.17748,0.00586,0.000036
AACGCTGTTGCTGAAA-1,0.104977,0.000073,0.007888,0.050302,0.058627,0.018781,0.0867,0.133663,0.223805,0.016361,0.298822
AACGGACGTACGTATA-1,0.004623,0.113757,0.00349,0.062895,0.310134,0.002718,0.197646,0.004173,0.12931,0.046986,0.124269
AACGGCCATCTCCGGT-1,0.112349,0.112356,0.07539,0.410413,0.016636,0.070395,0.127612,0.015452,0.059017,0.000363,0.000017
AACGTACTGTGGGTAC-1,0.013346,0.144848,0.043728,0.124925,0.139528,0.121088,0.084472,0.139596,0.158875,0.006875,0.022719
AACGTAGTCTACCCAT-1,0.00413,0.103986,0.009706,0.010663,0.025573,0.17268,0.05836,0.151517,0.003442,0.340709,0.119235
AACGTCAGACTAGTGG-1,0.000075,0.000075,0.000075,0.000075,0.000075,0.000075,0.000075,0.614493,0.384831,0.000075,0.000075
AACGTCATCCGGCTTG-1,0.000046,0.061413,0.000046,0.000046,0.000046,0.000046,0.000046,0.000046,0.000046,0.000046,0.938172
AACGTCGCTGCACTTC-1,0.000166,0.629251,0.000051,0.000051,0.000051,0.000051,0.000051,0.000051,0.094193,0.000051,0.27603
AACGTGATGAAGGACA-1,0.000068,0.000068,0.000068,0.000068,0.000068,0.000068,0.000068,0.04465,0.000068,0.090533,0.864272
AACGTGCGAAAGTCTC-1,0.000032,0.063849,0.001245,0.004396,0.120922,0.029549,0.199389,0.34568,0.205329,0.000032,0.029576
AACGTTATCAGCACCT-1,0.000063,0.023991,0.180006,0.18229,0.001959,0.000063,0.000063,0.298826,0.091034,0.099119,0.122585
AACGTTCTACCATTGT-1,0.365927,0.176705,0.000048,0.029691,0.000048,0.005863,0.000048,0.000048,0.091251,0.03537,0.294999
AACTACCCGTTTGTCA-1,0.151487,0.409071,0.080963,0.009321,0.0084,0.095032,0.006662,0.038903,0.189933,0.00003,0.010199
AACTAGCGTATCGCAC-1,0.000068,0.000068,0.000068,0.000068,0.09753,0.000068,0.011714,0.001634,0.000574,0.393657,0.494551
AACTAGGCTTGGGTGT-1,0.013628,0.00005,0.000051,0.158923,0.00005,0.061971,0.00217,0.145743,0.514074,0.00005,0.103291
AACTCAAGTTAATTGC-1,0.070924,0.000016,0.012456,0.018815,0.00213,0.149993,0.503414,0.132275,0.075743,0.007865,0.026368
AACTCCAGAGCGTGTT-1,0.069069,0.024642,0.000045,0.105845,0.000045,0.063661,0.061233,0.015724,0.212117,0.270706,0.176914
AACTCCTAATCCCATG-1,0.00008,0.00008,0.00008,0.00008,0.00008,0.00008,0.00008,0.346782,0.00008,0.00008,0.652498
AACTCGATGGCGCAGT-1,0.002121,0.174415,0.239343,0.053303,0.059872,0.000022,0.000022,0.016916,0.000022,0.453941,0.000022
AACTCTCAATAGAGCG-1,0.012954,0.092774,0.156454,0.006262,0.081487,0.251091,0.156413,0.1767,0.047874,0.004502,0.01349
AACTCTCAGTGTGCTC-1,0.000032,0.186887,0.015485,0.167975,0.000799,0.038738,0.064385,0.028772,0.097956,0.214102,0.184868
AACTGAGGTCAGCGTC-1,0.000105,0.042725,0.000105,0.000105,0.000105,0.000105,0.000105,0.000105,0.000105,0.092877,0.863555
AACTGAGTTATACTGA-1,0.655989,0.041299,0.003752,0.000011,0.000011,0.263696,0.035196,0.000011,0.000011,0.000011,0.000011
AACTGATATTAGGCCT-1,0.000079,0.000079,0.000079,0.000079,0.000079,0.000079,0.000079,0.689078,0.293738,0.000079,0.016555
AACTGGGTCCCGACGT-1,0.000047,0.023329,0.000047,0.000047,0.000047,0.023848,0.000047,0.748389,0.162151,0.008748,0.033301
AACTGGGTTCGAGCCG-1,0.007367,0.086575,0.007716,0.007578,0.004584,0.15238,0.085069,0.249553,0.002435,0.233708,0.163036
AACTGGTGTGGGCCTT-1,0.305723,0.094773,0.269449,0.028381,0.004846,0.000023,0.000023,0.011687,0.000023,0.28504,0.000032
AACTTCTGCGTCTATC-1,0.081868,0.069064,0.045455,0.0004,0.239672,0.016089,0.019584,0.282831,0.040239,0.204754,0.000044
AACTTGCCCGTATGCA-1,0.178098,0.000029,0.265963,0.03843,0.026897,0.121003,0.08703,0.196266,0.086224,0.000029,0.000029
AACTTGCGTTCTCGCG-1,0.000032,0.244037,0.154382,0.016154,0.095926,0.000032,0.000032,0.32426,0.016032,0.13523,0.013883
AACTTTACGGGAGCTT-1,0.000045,0.010677,0.008378,0.000045,0.050349,0.031691,0.001334,0.469172,0.256238,0.108899,0.063171
AACTTTAGCTGCTGAG-1,0.000101,0.000101,0.000101,0.000101,0.000101,0.000101,0.000101,0.268908,0.000101,0.09489,0.635392
AACTTTCTCGATCATG-1,0.000081,0.000081,0.000081,0.000081,0.000081,0.000081,0.000081,0.197035,0.069,0.146754,0.586642
AAGAAAGTTTGATGGG-1,0.343415,0.161912,0.001052,0.035115,0.00382,0.001268,0.128538,0.000013,0.023143,0.002599,0.299127
AAGAAATCACCAGATT-1,0.000073,0.197822,0.000073,0.000073,0.000073,0.000073,0.000073,0.034705,0.000073,0.00228,0.764681
AAGAAGGATCAGTTAG-1,0.021904,0.085967,0.462257,0.04493,0.031519,0.0034,0.000023,0.245148,0.005259,0.09957,0.000023
AAGACATACGTGGTTT-1,0.308127,0.354127,0.004763,0.218911,0.003916,0.000173,0.008259,0.000391,0.052942,0.004391,0.044001
AAGACCAAATAACTCA-1,0.162369,0.028517,0.002094,0.045356,0.233978,0.000017,0.123122,0.007324,0.208203,0.051903,0.137118
AAGACCCAACTGAACA-1,0.000017,0.334185,0.254063,0.174838,0.00039,0.032126,0.00145,0.058081,0.115207,0.023213,0.006429
AAGACTAACCCGTTGT-1,0.02792,0.117479,0.006762,0.010645,0.099812,0.09437,0.097848,0.225344,0.002908,0.180648,0.136263
AAGACTGCAAGCTACT-1,0.000038,0.000038,0.003151,0.01544,0.007853,0.151381,0.086426,0.337173,0.127157,0.031555,0.239788
AAGAGATGAATCGGTA-1,0.249643,0.008203,0.009226,0.000027,0.006521,0.344185,0.050741,0.107997,0.014752,0.004426,0.20428
AAGAGCTCTTTATCGG-1,0.004142,0.000028,0.060571,0.054986,0.016812,0.351379,0.113488,0.33312,0.053605,0.009777,0.002092
AAGAGGATGTACGCGA-1,0.02393,0.000011,0.276546,0.230584,0.000011,0.069688,0.399128,0.000011,0.000068,0.000011,0.000011
AAGAGGCATGGATCGC-1,0.015779,0.000024,0.020151,0.000102,0.051347,0.294096,0.188461,0.207934,0.115595,0.011072,0.095439
AAGAGGCCCTTTGGAA-1,0.14902,0.000043,0.000043,0.000043,0.006517,0.005466,0.038581,0.107141,0.659413,0.000043,0.033691
AAGATGGCACCGGACC-1,0.001427,0.000029,0.075888,0.212724,0.000029,0.013851,0.000959,0.071706,0.556526,0.004152,0.06271
AAGATTGGCGGAACGT-1,0.01888,0.000438,0.218313,0.012275,0.002929,0.246591,0.007433,0.335304,0.032932,0.000046,0.124859
AAGCACCCTGCGTATC-1,0.020304,0.040906,0.032432,0.361148,0.005727,0.00005,0.00005,0.035143,0.389452,0.059501,0.055288
AAGCATACTCTCCTGA-1,0.000038,0.088751,0.024042,0.014468,0.078638,0.018889,0.012401,0.00668,0.210243,0.000038,0.545812
AAGCCACTTGCAGGTA-1,0.004767,0.516044,0.000029,0.000029,0.000029,0.000029,0.000029,0.000029,0.000029,0.011163,0.467826
AAGCCGAAGCGGTTTA-1,0.119396,0.036275,0.022015,0.111991,0.090445,0.007604,0.3196,0.002224,0.220735,0.000037,0.069678
AAGCCGCCGTGAAATC-1,0.005487,0.305211,0.068221,0.332026,0.013089,0.092826,0.011617,0.000056,0.148842,0.021336,0.001289
AAGCCGCTTTACCTTG-1,0.000064,0.076469,0.000064,0.000064,0.000064,0.000064,0.000064,0.000064,0.000064,0.091686,0.831332
AAGCCGGAGAGCAGGA-1,0.219973,0.427998,0.001859,0.02775,0.027088,0.001815,0.08462,0.017168,0.13028,0.014387,0.047062
AAGCGCAGGGCTTTGA-1,0.103245,0.000017,0.146837,0.45951,0.004924,0.109939,0.056841,0.003502,0.031796,0.000017,0.083372
AAGCGGCGTCATGGGT-1,0.000106,0.226878,0.000106,0.000106,0.000106,0.000106,0.000106,0.108786,0.000106,0.068708,0.594885
AAGCGTCCCTCATCGA-1,0.065356,0.00002,0.192871,0.296075,0.000024,0.193763,0.083461,0.011034,0.086015,0.071361,0.00002
AAGCTAGATCGAGTAA-1,0.000032,0.059494,0.00632,0.031503,0.320332,0.026973,0.135197,0.128549,0.266377,0.019682,0.00554
AAGCTATGGATTGACC-1,0.314182,0.029434,0.051752,0.188049,0.002921,0.032415,0.381222,0.000006,0.000006,0.000006,0.000006
AAGCTCGTGCCAAGTC-1,0.000045,0.000045,0.001843,0.000045,0.020093,0.142039,0.169129,0.288548,0.377644,0.000045,0.000525
AAGCTCTTTCATGGTG-1,0.074657,0.054422,0.112363,0.392238,0.026075,0.136764,0.068246,0.014698,0.094818,0.020789,0.00493
AAGGAGAACTTATAAG-1,0.000065,0.000065,0.000065,0.000065,0.101585,0.000065,0.000065,0.0374,0.000065,0.330327,0.53023
AAGGAGCGGTTGGTGC-1,0.000048,0.000048,0.040904,0.000048,0.138187,0.047591,0.114416,0.181565,0.461824,0.000048,0.015319
AAGGATCGATCGCTTG-1,0.133571,0.000051,0.015558,0.064889,0.090344,0.074129,0.060856,0.380885,0.119842,0.003409,0.056466
AAGGATGAGGGACCTC-1,0.075446,0.015879,0.252765,0.02445,0.055572,0.266037,0.101935,0.08778,0.003511,0.109857,0.006768
AAGGCAGGCTGTCTCC-1,0.441212,0.065152,0.199678,0.025794,0.019207,0.139823,0.042368,0.002966,0.006014,0.007621,0.050166
AAGGCGCGTAAAGCTT-1,0.275531,0.018033,0.335303,0.003788,0.00923,0.312623,0.045046,0.000358,0.000029,0.000029,0.000029
AAGGCTGTGCTCATCG-1,0.115537,0.000038,0.041111,0.047201,0.127317,0.157955,0.067336,0.204284,0.193264,0.000169,0.045789
AAGGGAACGACTGGCT-1,0.000029,0.010863,0.08895,0.216116,0.015567,0.044032,0.008441,0.084088,0.214422,0.040704,0.276787
AAGGGACAGATTCTGT-1,0.000037,0.000037,0.001317,0.000037,0.332701,0.11455,0.089251,0.310833,0.018927,0.06922,0.06309
AAGGGACTATGCATTC-1,0.034925,0.047053,0.046259,0.302359,0.000038,0.065375,0.005743,0.029974,0.312492,0.090625,0.065156
AAGGGTTAGCCATGCG-1,0.536387,0.000034,0.000034,0.004146,0.000034,0.000034,0.000034,0.000034,0.302149,0.000034,0.157079
AAGGGTTTGATTTCAG-1,0.285667,0.425898,0.006325,0.019772,0.06902,0.003828,0.189445,0.000011,0.000011,0.000011,0.000011
AAGGTATCCTAATATA-1,0.000045,0.000045,0.038397,0.000058,0.000561,0.092737,0.010471,0.251123,0.375061,0.000045,0.231457
AAGGTGATAAACCAGC-1,0.035116,0.023276,0.07565,0.088644,0.057487,0.05603,0.397374,0.060537,0.037359,0.093951,0.074575
AAGTAAGCTTCCAAAC-1,0.021754,0.252178,0.005484,0.001945,0.010222,0.084236,0.030099,0.272149,0.00053,0.174461,0.146943
AAGTAGAAGACCGGGT-1,0.000049,0.000049,0.000049,0.000049,0.000049,0.207261,0.000905,0.429475,0.327419,0.000049,0.034644
AAGTAGTGACGCGAGG-1,0.000038,0.166855,0.079083,0.043403,0.084133,0.014246,0.184881,0.200451,0.219834,0.000038,0.007037
AAGTCAATTGTCGTCA-1,0.023431,0.216174,0.018372,0.027116,0.259167,0.000051,0.063629,0.014255,0.35359,0.024033,0.000183
AAGTCTAGTAGCTGCC-1,0.000076,0.000076,0.000076,0.000076,0.000076,0.000076,0.000076,0.07255,0.000076,0.26991,0.656931
AAGTCTTCTGTGGCCT-1,0.183928,0.030962,0.137081,0.016326,0.205876,0.228036,0.016726,0.075161,0.000046,0.04867,0.057188
AAGTGACGACCGAATT-1,0.008439,0.000074,0.029581,0.113374,0.106462,0.105257,0.169645,0.035956,0.352604,0.000074,0.078534
AAGTGAGTCGGGTTTA-1,0.024225,0.051409,0.178863,0.119346,0.360859,0.020109,0.059777,0.017138,0.136417,0.028355,0.003501
AAGTGCAAAGGTAGAC-1,0.027206,0.085396,0.273232,0.02533,0.160535,0.055103,0.003838,0.172991,0.101401,0.09494,0.000028
AAGTGCCTTGACTGTA-1,0.029524,0.036569,0.000086,0.000086,0.000086,0.074185,0.000086,0.209173,0.540214,0.000086,0.109905
AAGTGCGTTAGAATCT-1,0.000061,0.000061,0.014691,0.01346,0.000061,0.118869,0.06288,0.217038,0.509614,0.000061,0.063205
AAGTGCTTCTCTATTG-1,0.022229,0.008666,0.000041,0.033721,0.313542,0.000041,0.000212,0.003977,0.238995,0.007099,0.371477
AAGTGTTTGGAGACGG-1,0.001929,0.000028,0.022126,0.169048,0.00004,0.288537,0.210199,0.011198,0.239866,0.000028,0.057001
AAGTTCACTCCAAGCT-1,0.027748,0.020957,0.127398,0.336663,0.011618,0.008575,0.275085,0.00003,0.169757,0.00003,0.022139
AAGTTCAGTCTGCGTA-1,0.000047,0.000047,0.037578,0.032312,0.028444,0.000047,0.000485,0.652763,0.044068,0.170864,0.033343
AAGTTCGGCCAACAGG-1,0.071645,0.000019,0.096227,0.236458,0.000234,0.32972,0.152812,0.01588,0.075878,0.021109,0.000019
AAGTTGTGATGTTATA-1,0.181926,0.012086,0.004598,0.19962,0.005935,0.045332,0.046176,0.07329,0.186172,0.196199,0.048665
AAGTTTACTAATGGCA-1,0.008449,0.000063,0.000063,0.000063,0.042062,0.000063,0.000063,0.142508,0.001297,0.206251,0.59912
AAGTTTATGGGCCCAA-1,0.000043,0.069883,0.01618,0.196067,0.003206,0.000043,0.03307,0.002138,0.240276,0.000046,0.439047
AATAACAACGCTCGGC-1,0.015123,0.058384,0.003049,0.034623,0.2199,0.002388,0.225981,0.065731,0.203841,0.109883,0.061097
AATAACACTAGAACAA-1,0.015147,0.06233,0.175191,0.360855,0.05851,0.063743,0.108765,0.017718,0.068829,0.011375,0.057535
AATAACGTCGCGCCCA-1,0.493776,0.067013,0.000015,0.330857,0.000015,0.000015,0.000015,0.000015,0.006151,0.002727,0.0994
AATAAGTCCTCGAGAC-1,0.000078,0.000078,0.000078,0.000078,0.000078,0.000078,0.000078,0.000078,0.000078,0.322044,0.67725
AATAATCTTCGTATCG-1,0.27437,0.065123,0.000019,0.000019,0.375579,0.000019,0.064001,0.000019,0.002163,0.000019,0.21867
AATACAATGTTTCAGG-1,0.001002,0.056343,0.200027,0.008298,0.013367,0.057764,0.045129,0.511489,0.079508,0.000044,0.027028
AATACCGGAGGGCTGT-1,0.193864,0.019078,0.039307,0.062339,0.248026,0.007475,0.191421,0.030777,0.157098,0.000402,0.050213
AATACCTGATGTGAAC-1,0.529696,0.033368,0.003485,0.174442,0.000024,0.000024,0.000024,0.000024,0.132528,0.032943,0.093443
AATAGAACAGAGTGGC-1,0.000042,0.000042,0.000042,0.106423,0.000042,0.026562,0.008059,0.13963,0.466889,0.000042,0.252229
AATAGAATCTGTTTCA-1,0.000033,0.093235,0.007338,0.050896,0.118751,0.024705,0.211586,0.024186,0.327074,0.000033,0.142163
AATAGCAAGCCTCCTG-1,0.002726,0.158792,0.000039,0.000039,0.000039,0.000039,0.000039,0.027092,0.000039,0.080173,0.730983
AATAGCTACCGCGTGC-1,0.000033,0.000033,0.035577,0.010577,0.072734,0.002005,0.020558,0.263531,0.076897,0.243717,0.274337
AATAGGCACGACCCTT-1,0.381307,0.121337,0.000023,0.049231,0.000023,0.000023,0.000023,0.000023,0.105406,0.000023,0.342583
AATAGTCCGTCCCGAC-1,0.06314,0.000036,0.164458,0.317537,0.000036,0.043741,0.040859,0.077314,0.214875,0.043741,0.034263
AATAGTCGCGAGTCGG-1,0.005338,0.000024,0.403776,0.058922,0.088813,0.036505,0.010188,0.353189,0.031417,0.010632,0.001195
AATATCAAGGTCGGAT-1,0.000034,0.000034,0.334737,0.245905,0.089223,0.000034,0.000417,0.125846,0.01991,0.102303,0.081557
AATATCCTAGCAAACT-1,0.003256,0.000043,0.05406,0.000043,0.012655,0.084882,0.016544,0.395072,0.347537,0.007332,0.078575
AATATCGAATCAATGC-1,0.100334,0.009538,0.009517,0.109589,0.063362,0.005904,0.399137,0.038643,0.181913,0.021755,0.060309
AATATCGAGGGTTCTC-1,0.000045,0.000045,0.000045,0.000045,0.027989,0.000045,0.000045,0.653622,0.134447,0.024952,0.158718
AATATTGGAGTATTGA-1,0.003643,0.081988,0.054387,0.056949,0.002381,0.456408,0.118147,0.085339,0.131118,0.000054,0.009587
AATCAGGTTTCATTTA-1,0.000056,0.000056,0.001727,0.026465,0.000056,0.000056,0.000056,0.079307,0.669776,0.000056,0.222392
AATCATGTAAAGACTC-1,0.065427,0.016916,0.000053,0.145666,0.119078,0.000053,0.052632,0.050461,0.425527,0.012187,0.111999
AATCCAAGGGCCTGAG-1,0.011278,0.134657,0.536376,0.009597,0.01333,0.039567,0.009764,0.08417,0.000019,0.161222,0.000019
AATCCATGCAAGGGTG-1,0.043726,0.040851,0.000028,0.001014,0.199517,0.000028,0.040357,0.012048,0.000028,0.581764,0.08064
AATCCCGCTCAGAGCC-1,0.029089,0.089675,0.000056,0.000056,0.000056,0.000056,0.000056,0.000056,0.000056,0.000056,0.88079
AATCGAGGTCTCAAGG-1,0.141378,0.238396,0.00004,0.070267,0.00004,0.00004,0.00004,0.00004,0.242534,0.00004,0.307182
AATCGCCTCAGCGCCA-1,0.013164,0.031214,0.201778,0.025219,0.006791,0.224809,0.496957,0.000036,0.000011,0.000011,0.000011
AATCGCGCAGAGGACT-1,0.039336,0.000058,0.011154,0.000058,0.000058,0.064291,0.000058,0.281156,0.467525,0.000058,0.136244
AATCGGGACACTACGA-1,0.173097,0.066459,0.122627,0.100078,0.245474,0.000027,0.001064,0.126482,0.000027,0.164637,0.000027
AATCGGTATAGCCCTC-1,0.031733,0.839844,0.002562,0.047165,0.00057,0.001332,0.001068,0.007389,0.02942,0.015062,0.023857
AATCGTGAGCCGAGCA-1,0.010116,0.118353,0.064469,0.391046,0.000028,0.229898,0.009416,0.000025,0.011154,0.019654,0.145842
AATCTAGGTTTACTTG-1,0.150003,0.000019,0.07516,0.190709,0.019098,0.074925,0.398065,0.04111,0.050873,0.000019,0.000019
AATCTATGCCGGAGCC-1,0.017851,0.000021,0.668192,0.067559,0.041366,0.006683,0.003721,0.057509,0.001267,0.110807,0.025025
AATCTCTACTGTGGTT-1,0.06508,0.000075,0.000075,0.000075,0.000075,0.055229,0.000075,0.263415,0.566149,0.000075,0.049677
AATCTGCGTTGGGACG-1,0.002243,0.000026,0.284496,0.014536,0.007381,0.313716,0.088588,0.256558,0.032405,0.000026,0.000026
AATCTGGCTTTCTAGT-1,0.085503,0.051946,0.001074,0.076886,0.230242,0.001016,0.314653,0.000018,0.031987,0.079441,0.127232
AATCTGGGTAGACCCT-1,0.00128,0.328724,0.000127,0.000127,0.000127,0.063854,0.000127,0.000127,0.000127,0.000127,0.605252
AATGACAGCAATGTCT-1,0.000068,0.000068,0.000068,0.000068,0.000068,0.008793,0.013397,0.068969,0.502981,0.11539,0.290129
AATGACGTAGGATGTC-1,0.006969,0.000024,0.081286,0.077501,0.00078,0.133677,0.438633,0.062017,0.162286,0.000024,0.036802
AATGACTGTCAGCCGG-1,0.016405,0.000057,0.014457,0.000057,0.000057,0.105973,0.004183,0.388179,0.464798,0.002291,0.003543
AATGAGTTCGCATATG-1,0.130227,0.000029,0.550708,0.088073,0.046384,0.003611,0.001755,0.088787,0.005215,0.053289,0.031921
AATGATGATACGCTAT-1,0.000068,0.000068,0.000068,0.000068,0.000068,0.000068,0.000068,0.811424,0.187963,0.000068,0.000068
AATGATGCGACTCCTG-1,0.088202,0.000025,0.072479,0.016185,0.160327,0.275077,0.058159,0.27288,0.004879,0.045333,0.006455
AATGCAACCGGGTACC-1,0.080771,0.000018,0.037052,0.000018,0.033185,0.481781,0.275565,0.077534,0.01404,0.000018,0.000018
AATGCACCAAGCAATG-1,0.016895,0.002964,0.504385,0.064813,0.007628,0.026609,0.000017,0.157293,0.003378,0.216002,0.000017
AATGGTCCACCGTTCA-1,0.03795,0.021766,0.218975,0.004953,0.034409,0.197743,0.031389,0.310851,0.112388,0.012816,0.016758
AATGGTTCTCACAAGC-1,0.037662,0.077372,0.412781,0.027766,0.016565,0.161086,0.11071,0.055481,0.013985,0.001085,0.085508
AATGTATGGCACTGTA-1,0.154726,0.034189,0.000029,0.000029,0.037106,0.011731,0.115811,0.211405,0.33668,0.012002,0.086292
AATGTGCCCGAGGTGT-1,0.000036,0.007356,0.000036,0.024685,0.000036,0.036691,0.012985,0.028831,0.498275,0.000036,0.391032
AATGTGCTAATCTGAG-1,0.014844,0.286103,0.044803,0.122075,0.000038,0.055732,0.001558,0.055436,0.314247,0.000038,0.105125
AATGTTAAGACCCTGA-1,0.212283,0.672976,0.038421,0.021712,0.000341,0.009318,0.000542,0.017842,0.026538,0.000014,0.000014
AATGTTGTCGTGAGAC-1,0.309958,0.017836,0.018082,0.286324,0.000021,0.030361,0.231502,0.002802,0.053417,0.000716,0.04898
AATTAAAGGTCGGCGT-1,0.000066,0.005659,0.000066,0.000066,0.000066,0.036374,0.108151,0.053796,0.753704,0.000066,0.041987
AATTAACGGATTTCCA-1,0.016877,0.067129,0.225447,0.280077,0.00174,0.064278,0.00767,0.029906,0.223244,0.049565,0.034067
AATTACGAGACCCATC-1,0.223885,0.000013,0.041933,0.236252,0.01632,0.063042,0.356123,0.011644,0.043407,0.000013,0.007368
AATTACTCGTACGCTC-1,0.108322,0.122765,0.005518,0.011122,0.018282,0.063345,0.046837,0.265391,0.016272,0.181461,0.160685
AATTAGCGCTGCAGCG-1,0.00002,0.098147,0.055783,0.298896,0.016169,0.075006,0.17998,0.117598,0.158083,0.000293,0.000025
AATTATACCCAGCAAG-1,0.421654,0.393349,0.000018,0.012137,0.000018,0.000018,0.000018,0.000018,0.000018,0.170809,0.001946
AATTCATAAGGGATCT-1,0.00006,0.00006,0.053928,0.00006,0.00006,0.086653,0.00006,0.573657,0.261239,0.00006,0.024164
AATTCATTGTCATGCA-1,0.194814,0.006597,0.07744,0.204724,0.004827,0.035346,0.447276,0.00732,0.021633,0.000011,0.000013
AATTCCAAGCATGTAC-1,0.007113,0.073865,0.031801,0.555014,0.009394,0.006835,0.024775,0.034453,0.085606,0.01366,0.157485
AATTCGATTCGAGGAT-1,0.018956,0.003447,0.005723,0.413534,0.001083,0.043019,0.040151,0.041856,0.148546,0.153313,0.13037
AATTCTAGAGTTAGGC-1,0.000057,0.000057,0.000057,0.320626,0.005038,0.00135,0.000674,0.280658,0.280768,0.041666,0.069049
AATTGAACGCTCTGGT-1,0.00038,0.129397,0.136148,0.129218,0.011245,0.143787,0.263551,0.039809,0.102792,0.021603,0.02207
AATTGCAGCAATCGAC-1,0.150127,0.00484,0.000026,0.070954,0.000026,0.107866,0.029644,0.066322,0.282024,0.106237,0.181935
AATTGCGTGGATTACA-1,0.24648,0.046414,0.003643,0.006712,0.002304,0.096914,0.374051,0.014598,0.064928,0.000017,0.143939
AATTGTGGTTGCCAAA-1,0.520926,0.003629,0.000791,0.010903,0.014554,0.000024,0.00205,0.000024,0.205542,0.000836,0.240724
AATTTGGGACATAGTA-1,0.000128,0.000128,0.000128,0.000128,0.000128,0.000128,0.000128,0.689693,0.000128,0.000128,0.309154
AATTTGGTTCCAAAGA-1,0.015304,0.089582,0.414116,0.120823,0.066705,0.00668,0.000268,0.224844,0.000022,0.061635,0.000022
ACAAACCATGCGTCCT-1,0.13894,0.037972,0.133351,0.407371,0.001025,0.135012,0.145738,0.000005,0.000005,0.000575,0.000005
ACAAACCGACAAGGCG-1,0.000018,0.111945,0.010413,0.010265,0.01026,0.093614,0.09986,0.270761,0.002806,0.279418,0.110641
ACAAACTCCATCAGAG-1,0.002075,0.353697,0.000025,0.000025,0.000025,0.000025,0.000025,0.000025,0.000025,0.000025,0.644028
ACAAAGAAGGTAGGCC-1,0.129224,0.000018,0.029286,0.004669,0.037691,0.580955,0.116276,0.037131,0.016608,0.007346,0.040797
ACAAAGCATGACCTAG-1,0.119713,0.00971,0.013191,0.298086,0.007087,0.045619,0.051539,0.030279,0.163016,0.028065,0.233694
ACAAATCGCACCGAAT-1,0.000043,0.000043,0.000836,0.010025,0.000043,0.036834,0.054526,0.188,0.622489,0.000043,0.087117
ACAAATGGTAGTGTTT-1,0.020281,0.000018,0.05608,0.133176,0.017313,0.187529,0.407287,0.058418,0.055828,0.043786,0.020284
ACAAATTCAGATCTGA-1,0.000134,0.178508,0.000134,0.000134,0.000134,0.000134,0.000134,0.065193,0.002964,0.000134,0.752396
ACAACAGCATGAGCTA-1,0.006602,0.135256,0.06381,0.000043,0.022813,0.141601,0.096484,0.212556,0.286925,0.014833,0.019077
ACAACGGTCCCTGCGA-1,0.092172,0.000033,0.33836,0.049912,0.008937,0.160662,0.038257,0.166516,0.131576,0.000033,0.01354
ACAAGCAGTGCCTAGC-1,0.233949,0.000025,0.037478,0.000391,0.017397,0.321685,0.07487,0.175471,0.025945,0.015433,0.097356
ACAAGCTATATGGAAG-1,0.172445,0.041176,0.413908,0.097729,0.117239,0.005962,0.009997,0.022874,0.118556,0.000075,0.000039
ACAAGGAAATCCGCCC-1,0.194424,0.003729,0.056382,0.023474,0.001549,0.184415,0.378544,0.030402,0.059217,0.00002,0.067845
ACAAGGACAAGAGGTT-1,0.024388,0.039922,0.033527,0.00962,0.025796,0.181865,0.088086,0.282042,0.310941,0.002303,0.001512
ACAAGGATGCTTTAGG-1,0.038641,0.000033,0.011972,0.28583,0.000033,0.052527,0.041386,0.056023,0.255657,0.2271,0.030798
ACAAGGGCAGGCTCTG-1,0.018003,0.000032,0.048162,0.055894,0.000032,0.197838,0.220701,0.09335,0.365925,0.000032,0.000032
ACAAGTAATTGTAAGG-1,0.158445,0.040078,0.017798,0.278867,0.000037,0.000037,0.000037,0.000037,0.195885,0.050359,0.258418
ACAATAGTCGTACGTT-1,0.000058,0.000058,0.007283,0.014547,0.295796,0.011913,0.048711,0.095852,0.493184,0.007957,0.024641
ACAATCCATTTAAACC-1,0.04121,0.000052,0.014674,0.021758,0.17003,0.033018,0.108049,0.11801,0.428291,0.000033,0.064876
ACAATCGATCTTTATA-1,0.000044,0.052882,0.000044,0.000044,0.000044,0.045917,0.035811,0.277437,0.001918,0.344761,0.241098
ACAATGAATACGGAGA-1,0.004236,0.000047,0.018259,0.150187,0.000047,0.026192,0.04594,0.036825,0.460553,0.037625,0.220088
ACAATGATTCTTCTAC-1,0.000061,0.034452,0.000061,0.000061,0.000061,0.000061,0.000061,0.009729,0.000061,0.02666,0.92873
ACAATTGTGTCTCTTT-1,0.049909,0.063184,0.089641,0.167507,0.065258,0.000043,0.061503,0.068808,0.396779,0.015274,0.022095
ACAATTTAGGAGGCTC-1,0.067924,0.061805,0.245815,0.025852,0.465439,0.046205,0.04972,0.012695,0.000018,0.024509,0.000018
ACAATTTGAGCAGTGG-1,0.044186,0.000043,0.016307,0.000043,0.009872,0.182114,0.052057,0.500822,0.155778,0.000043,0.038735
ACAATTTGGCCATATT-1,0.673255,0.000025,0.152212,0.000626,0.001503,0.100116,0.000965,0.016941,0.042272,0.010535,0.001552
ACACAAAGACGGGTGG-1,0.045318,0.016542,0.19375,0.008476,0.07831,0.514557,0.082575,0.023436,0.036683,0.000017,0.000337
ACACACCAGGACCAGT-1,0.029421,0.00001,0.045802,0.16259,0.018158,0.12746,0.576948,0.007607,0.017763,0.005843,0.008398
ACACACTTTCTACACG-1,0.000075,0.041444,0.02111,0.006789,0.038099,0.005823,0.000075,0.581999,0.047228,0.173494,0.083865
ACACATGATCAAATCT-1,0.000053,0.000053,0.000053,0.000053,0.000053,0.000053,0.000053,0.423972,0.553163,0.000053,0.022445
ACACATTTCCGTAGAC-1,0.208986,0.194981,0.03192,0.212546,0.000029,0.000029,0.000029,0.000029,0.056612,0.000033,0.294805
ACACCACATAATTAGC-1,0.277719,0.000029,0.244058,0.029278,0.055685,0.016998,0.000174,0.253546,0.075816,0.046669,0.000029
ACACCCAGCATGCAGC-1,0.000073,0.031492,0.053564,0.000073,0.014008,0.232706,0.216184,0.115915,0.247433,0.000073,0.088479
ACACCCGAGAAATCCG-1,0.000052,0.000052,0.000052,0.013392,0.082241,0.039015,0.040698,0.612203,0.212192,0.000052,0.000052
ACACCGAGCGCTCTTT-1,0.000076,0.052292,0.000076,0.000076,0.000076,0.000076,0.000076,0.081893,0.000076,0.010884,0.854402
ACACCGGTCTGACCGC-1,0.042751,0.095237,0.181682,0.237434,0.044559,0.167356,0.188359,0.007317,0.035286,0.000009,0.000009
ACACCTTAAGTAGGGC-1,0.013177,0.058653,0.021223,0.000637,0.211152,0.17569,0.233219,0.247463,0.014197,0.008899,0.01569
ACACCTTACTACTTGC-1,0.1202,0.273291,0.169852,0.000029,0.000048,0.35511,0.046809,0.011877,0.022727,0.000029,0.000029
ACACGAGACTCCTTCT-1,0.022803,0.000049,0.000049,0.000049,0.098403,0.240061,0.046545,0.246435,0.332331,0.000049,0.013226
ACACGGCACTATGCAT-1,0.00007,0.00007,0.00007,0.00007,0.00007,0.00007,0.00007,0.00007,0.00007,0.606656,0.39271
ACACGGGAACTTAGGG-1,0.02106,0.000026,0.098472,0.022332,0.023161,0.274786,0.328748,0.195841,0.035521,0.000026,0.000026
ACACGTAGGCCACAAG-1,0.012801,0.000036,0.000036,0.018293,0.000036,0.040218,0.123426,0.051204,0.247922,0.186681,0.319348
ACACTCCAATGTCACT-1,0.000035,0.092316,0.230887,0.016521,0.000035,0.013504,0.013178,0.41849,0.029818,0.17414,0.011076
ACACTGATCAAGGTGT-1,0.011573,0.012673,0.049477,0.203129,0.008934,0.095871,0.064244,0.07911,0.277732,0.008254,0.189003
ACACTGGGACAGTCGT-1,0.027458,0.474166,0.013817,0.041014,0.062464,0.010626,0.03708,0.108518,0.140269,0.025303,0.059287
ACAGAACTGAGAACAA-1,0.049771,0.027322,0.000043,0.068495,0.013892,0.005751,0.041826,0.026643,0.759621,0.000043,0.006593
ACAGATTAGGTTAGTG-1,0.000111,0.000111,0.000111,0.000111,0.000111,0.000111,0.000111,0.138613,0.000111,0.195303,0.665197
ACAGCATAGAGCCAGT-1,0.116815,0.00004,0.310227,0.045704,0.179764,0.000212,0.00004,0.338756,0.001261,0.00714,0.00004
ACAGCGACATTCTCAT-1,0.177725,0.000067,0.000067,0.020758,0.000088,0.000067,0.003046,0.077851,0.594586,0.030481,0.095265
ACAGCGCACCCGCAGC-1,0.000086,0.000086,0.000086,0.000086,0.000086,0.000086,0.000086,0.529864,0.000086,0.011752,0.457695
ACAGGCACGGATCCTT-1,0.137395,0.244848,0.09991,0.233521,0.090441,0.075663,0.035777,0.003268,0.014054,0.01821,0.046913
ACAGGCTTGCCCGACT-1,0.000086,0.003307,0.000086,0.119735,0.000086,0.000086,0.067814,0.031873,0.541102,0.000086,0.235738
ACAGGTGGAGGTGAGG-1,0.000041,0.000041,0.093847,0.163769,0.012527,0.053144,0.011048,0.202206,0.320613,0.114306,0.028457
ACAGGTGTGTTGTTGC-1,0.272104,0.030433,0.419503,0.066451,0.007044,0.00007,0.00007,0.019345,0.074227,0.008224,0.102527
ACAGTAATACAACTTG-1,0.021717,0.031842,0.009124,0.083791,0.188049,0.011615,0.426316,0.061917,0.157001,0.000021,0.008607
ACAGTATACCGTGGGA-1,0.000044,0.089552,0.000044,0.000044,0.000044,0.000044,0.000044,0.000044,0.000044,0.057366,0.852734
ACATAAGTCGTGGTGA-1,0.063967,0.002949,0.034605,0.139904,0.168561,0.020518,0.494368,0.031767,0.026654,0.016695,0.000011
ACATAATAAGGCGGTG-1,0.000082,0.000082,0.000082,0.000082,0.000082,0.016972,0.000082,0.649062,0.283799,0.000082,0.049589
