Barcode,Topic 1,Topic 2,Topic 3,Topic 4,Topic 5,Topic 6,Topic 7,Topic 8,Topic 9to10,Topic 11to13
AAACAAGTATCTCCCA-1,0.00002,0.430416,0.070041,0.00002,0.047855,0.018751,0.00002,0.426541,0.000039,0.006299
AAACAATCTACTAGCA-1,0.00014,0.027577,0.00014,0.121877,0.155606,0.00014,0.089277,0.137619,0.35073,0.116893
AAACACCAATAACTGC-1,0.000053,0.000053,0.028079,0.068238,0.266806,0.115278,0.089199,0.010992,0.334213,0.08709
AAACAGAGCGACTCCT-1,0.000029,0.053782,0.000029,0.218945,0.000029,0.002059,0.000029,0.000029,0.193536,0.531536
AAACAGCTTTCAGAAG-1,0.000054,0.000054,0.001419,0.351819,0.356769,0.000054,0.084942,0.000054,0.204672,0.000163
AAACAGGGTCTATATT-1,0.00005,0.00005,0.00005,0.419017,0.222505,0.00005,0.154943,0.00005,0.203137,0.00015
AAACAGTGTTCCTGGG-1,0.00002,0.00002,0.00002,0.357808,0.00002,0.455374,0.08997,0.00002,0.073834,0.022916
AAACATGGTGAGAGGA-1,0.590953,0.000024,0.000024,0.000024,0.017727,0.000024,0.391076,0.000024,0.000049,0.000073
AAACATTTCCCGGATT-1,0.000019,0.744555,0.049336,0.015828,0.010589,0.011899,0.000019,0.000019,0.011692,0.156045
AAACCCGAACGAAATC-1,0.000017,0.826822,0.022241,0.002694,0.071888,0.000017,0.076221,0.000017,0.000033,0.00005
AAACCGGAAATGTTAA-1,0.000022,0.778105,0.036,0.118002,0.003648,0.053617,0.006819,0.003675,0.000045,0.000067
AAACCGGGTAGGTACC-1,0.000014,0.000014,0.000014,0.000014,0.000014,0.102332,0.011595,0.002311,0.380337,0.503356
AAACCGTTCGTCCAGG-1,0.000049,0.000049,0.000049,0.70027,0.000049,0.021866,0.0207,0.000049,0.138473,0.118449
AAACCTAAGCAGCCGG-1,0.00001,0.005564,0.04633,0.091243,0.005044,0.199218,0.011313,0.000546,0.035967,0.604765
AAACCTCATGAAGTTG-1,0.000024,0.000024,0.014444,0.031618,0.055938,0.039965,0.132515,0.000916,0.583417,0.141139
AAACGAAGAACATACC-1,0.000053,0.000053,0.000053,0.523205,0.277253,0.000053,0.000053,0.030485,0.168637,0.000158
AAACGAAGATGGAGTA-1,0.000076,0.000076,0.000076,0.230639,0.768529,0.000076,0.000076,0.000076,0.000151,0.000227
AAACGAGACGGTTGAT-1,0.000023,0.000023,0.007595,0.321714,0.000023,0.035584,0.000023,0.000023,0.243039,0.391954
AAACGCCCGAGATCGG-1,0.000026,0.000026,0.000026,0.028921,0.000026,0.192501,0.050739,0.000026,0.700223,0.027484
AAACGCTGGGCACGAC-1,0.000012,0.39343,0.264605,0.000012,0.000883,0.178445,0.035348,0.000874,0.010768,0.115623
AAACGGGCGTACGGGT-1,0.013412,0.470901,0.072402,0.211956,0.017878,0.017946,0.077755,0.000023,0.091432,0.026295
AAACGGGTTGGTATCC-1,0.000217,0.036799,0.000217,0.48845,0.027655,0.000217,0.300983,0.000217,0.000435,0.144809
AAACGGTTGCGAACTG-1,0.000018,0.033329,0.000018,0.115936,0.000018,0.327843,0.100205,0.095276,0.152456,0.174904
AAACGTGTTCGCCCTA-1,0.000017,0.000017,0.000017,0.099651,0.000017,0.259249,0.000372,0.000017,0.239288,0.401357
AAACTAACGTGGCGAC-1,0.000052,0.000052,0.000052,0.568371,0.037179,0.000052,0.028107,0.000052,0.365927,0.000156
AAACTCGGTTCGCAAT-1,0.000024,0.009209,0.005993,0.490145,0.012353,0.237584,0.133185,0.01062,0.011754,0.089132
AAACTCGTGATATAAG-1,0.000012,0.044218,0.004031,0.000749,0.000012,0.030624,0.000873,0.06258,0.079278,0.777623
AAACTGCTGGCTCCAA-1,0.000013,0.047274,0.019275,0.055745,0.005198,0.100815,0.022927,0.011724,0.124768,0.612261
AAACTTAATTGCACGC-1,0.000051,0.008675,0.000051,0.206074,0.685991,0.042691,0.056164,0.000051,0.000101,0.000152
AAACTTGCAAACGTAT-1,0.000011,0.000011,0.005336,0.000011,0.000011,0.139923,0.016269,0.000011,0.486054,0.352364
AAAGAATGACCTTAGA-1,0.323867,0.000032,0.000032,0.000032,0.347076,0.000032,0.328733,0.000032,0.000065,0.000097
AAAGAATGTGGACTAA-1,0.000012,0.728144,0.078576,0.000791,0.002596,0.173917,0.00596,0.000012,0.000025,0.009967
AAAGACATGAAGTTTA-1,0.000041,0.154542,0.000041,0.006376,0.469463,0.000041,0.194875,0.028761,0.087394,0.058467
AAAGACCCAAGTCGCG-1,0.000061,0.000061,0.000061,0.5678,0.431534,0.000061,0.000061,0.000061,0.000121,0.000182
AAAGACTGGGCGCTTT-1,0.021246,0.000025,0.000025,0.150502,0.083464,0.000025,0.151804,0.000025,0.592811,0.000074
AAAGCTTGCCTACATA-1,0.000012,0.137615,0.023899,0.061621,0.002781,0.265713,0.08534,0.114365,0.041551,0.267103
AAAGGCCCTATAATAC-1,0.000046,0.008841,0.000046,0.312667,0.27335,0.052743,0.261919,0.000046,0.090204,0.000138
AAAGGCTACGGACCAT-1,0.000022,0.000022,0.000022,0.254136,0.037444,0.311809,0.032386,0.003279,0.140895,0.219985
AAAGGCTCTCGCGCCG-1,0.000023,0.000023,0.000023,0.176025,0.000023,0.083742,0.036068,0.337769,0.11166,0.254642
AAAGGGATGTAGCAAG-1,0.000017,0.000017,0.000017,0.045438,0.000017,0.061682,0.000017,0.011963,0.372919,0.507914
AAAGGGCAGCTTGAAT-1,0.000029,0.000029,0.000029,0.223305,0.049617,0.036394,0.132146,0.003034,0.544171,0.011248
AAAGGTAAGCTGTACC-1,0.000056,0.000056,0.000056,0.339043,0.000056,0.043809,0.000056,0.000056,0.476613,0.1402
AAAGTAGCATTGCTCA-1,0.00005,0.00005,0.00005,0.416435,0.018982,0.028251,0.014648,0.061404,0.278998,0.18113
AAAGTCACTGATGTAA-1,0.000022,0.020492,0.000022,0.031463,0.200692,0.000022,0.015114,0.113761,0.60035,0.018061
AAAGTCGACCCTCAGT-1,0.000017,0.000017,0.000017,0.000017,0.000017,0.056479,0.086494,0.000017,0.718642,0.138282
AAAGTGCCATCAATTA-1,0.000026,0.79445,0.022606,0.049108,0.085926,0.013677,0.034052,0.000026,0.000051,0.000077
AAAGTGTGATTTATCT-1,0.000036,0.692988,0.000036,0.165545,0.008377,0.000036,0.000036,0.004307,0.11478,0.013861
AAAGTTGACTCCCGTA-1,0.000035,0.480977,0.030071,0.1299,0.134617,0.000035,0.000035,0.000035,0.190692,0.033603
AAATAACCATACGGGA-1,0.000021,0.018976,0.011663,0.000358,0.00844,0.038812,0.000021,0.000021,0.510958,0.410731
AAATAAGGTAGTGCCC-1,0.000022,0.089264,0.004669,0.274782,0.044729,0.083952,0.090993,0.002701,0.184454,0.224434
AAATACCTATAAGCAT-1,0.001035,0.03309,0.02081,0.002102,0.007108,0.03327,0.000139,0.105739,0.122971,0.673735
AAATAGCTTAGACTTT-1,0.000017,0.237597,0.228524,0.021348,0.092032,0.032625,0.000017,0.000017,0.116698,0.271125
AAATAGGGTGCTATTG-1,0.000014,0.067383,0.062044,0.064432,0.015832,0.04499,0.000811,0.000485,0.178942,0.565067
AAATCCGATACACGCC-1,0.000009,0.000009,0.018584,0.01836,0.006793,0.295442,0.003416,0.000009,0.037278,0.6201
AAATCGCGGAAGGAGT-1,0.000075,0.000075,0.000075,0.253053,0.746123,0.000075,0.000075,0.000075,0.00015,0.000225
AAATCGTGTACCACAA-1,0.00001,0.00001,0.000098,0.00001,0.00001,0.04646,0.049395,0.011679,0.099144,0.793183
AAATCTAGCCCTGCTA-1,0.000021,0.918728,0.000021,0.014577,0.066482,0.000021,0.000021,0.000021,0.000043,0.000064
AAATCTGCCCGCGTCC-1,0.425551,0.045794,0.000014,0.000014,0.139441,0.000014,0.389085,0.000014,0.000029,0.000043
AAATGACTGATCAAAC-1,0.00001,0.00001,0.00001,0.005772,0.00001,0.460773,0.218225,0.00001,0.031944,0.283235
AAATGATTCGATCAGC-1,0.000038,0.000038,0.000038,0.035259,0.000038,0.01453,0.161675,0.009618,0.064982,0.713786
AAATGCTCGTTACGTT-1,0.000037,0.000037,0.000037,0.000037,0.615738,0.000037,0.028503,0.130997,0.188087,0.036488
AAATGGCATGTCTTGT-1,0.000036,0.000036,0.000036,0.295001,0.000036,0.000036,0.000036,0.074263,0.53723,0.093292
AAATGGCCCGTGCCCT-1,0.000046,0.000046,0.000046,0.275054,0.103688,0.004226,0.104256,0.000046,0.512407,0.000185
AAATGGTCAATGTGCC-1,0.000021,0.071245,0.003222,0.052542,0.002038,0.048883,0.035209,0.016574,0.422158,0.34811
AAATGTATCTTATCCC-1,0.403326,0.031206,0.000072,0.225983,0.152606,0.000072,0.000072,0.000072,0.107597,0.078993
AAATGTGGGTGCTCCT-1,0.000105,0.045989,0.054762,0.032623,0.176727,0.000105,0.184174,0.000105,0.356763,0.148648
AAATTAACGGGTAGCT-1,0.000022,0.000022,0.000022,0.190532,0.047944,0.059559,0.010726,0.008086,0.218853,0.464232
AAATTAATAAGCGCGA-1,0.071514,0.000074,0.000074,0.255081,0.672668,0.000074,0.000074,0.000074,0.000147,0.000221
AAATTACACGACTCTG-1,0.00002,0.017413,0.00002,0.019286,0.00002,0.037519,0.00002,0.00002,0.356572,0.569107
AAATTACCTATCGATG-1,0.006882,0.000015,0.000162,0.04636,0.017701,0.006159,0.000015,0.015632,0.069711,0.837363
AAATTCCAGGTCCAAA-1,0.000009,0.164463,0.433527,0.000009,0.030582,0.015848,0.069725,0.003983,0.048882,0.232973
AAATTGATAGTCCTTT-1,0.000078,0.000078,0.000078,0.334611,0.18565,0.002855,0.188137,0.000078,0.2882,0.000234
AAATTGCGGCGGTTCT-1,0.000256,0.090493,0.000256,0.038841,0.260496,0.000256,0.025921,0.050777,0.405466,0.127235
AAATTGGTGAGAAGCA-1,0.000025,0.000025,0.000025,0.20937,0.069867,0.255986,0.097944,0.051381,0.235074,0.080302
AAATTTACCGAAATCC-1,0.000041,0.000041,0.000041,0.102372,0.05946,0.028641,0.022494,0.017586,0.669954,0.099369
AAATTTGCGGGTGTGG-1,0.000013,0.000013,0.006727,0.014342,0.000196,0.132566,0.013263,0.012345,0.324229,0.496308
AACAACTGGTAGTTGC-1,0.000024,0.000024,0.000024,0.079296,0.030589,0.056994,0.017983,0.044843,0.447642,0.322581
AACAATACATTGTCGA-1,0.000016,0.000016,0.000016,0.032338,0.000016,0.277777,0.006191,0.000016,0.476397,0.207216
AACAATTACTCTACGC-1,0.000018,0.000018,0.000018,0.000018,0.000018,0.032229,0.018219,0.000018,0.579738,0.369707
AACACACGCTCGCCGC-1,0.000035,0.6367,0.000035,0.285795,0.033909,0.000035,0.000035,0.024015,0.019333,0.000106
AACACGACTGTACTGA-1,0.000035,0.000035,0.000035,0.197279,0.00353,0.000035,0.000035,0.000035,0.732314,0.066668
AACACGAGACGCGGCC-1,0.000038,0.000038,0.000038,0.366995,0.000038,0.004787,0.013824,0.000038,0.613567,0.000638
AACACGCGGCCGCGAA-1,0.000145,0.000145,0.042793,0.016929,0.203102,0.000145,0.085777,0.000145,0.345661,0.305157
AACAGCTGTGTGGCAA-1,0.000022,0.000022,0.000022,0.087181,0.013964,0.266272,0.001091,0.000022,0.253561,0.377843
AACAGGAAATCGAATA-1,0.000013,0.000013,0.000013,0.000144,0.000013,0.021529,0.001665,0.010139,0.456613,0.50986
AACAGGATGGGCCGCG-1,0.000015,0.000015,0.000015,0.000058,0.000015,0.053672,0.002664,0.000015,0.505446,0.438088
AACAGGTAGTATGGAT-1,0.000019,0.290327,0.249571,0.031264,0.000019,0.21652,0.000445,0.000019,0.01865,0.193167
AACATAGCGTGTATCG-1,0.000008,0.000008,0.003806,0.002051,0.000008,0.437059,0.191,0.002855,0.018772,0.344433
AACATATCAACTGGTG-1,0.000018,0.035722,0.042434,0.091938,0.003341,0.012136,0.004096,0.072558,0.183866,0.553891
AACATCGATACGTCTA-1,0.000029,0.023506,0.000029,0.264858,0.000029,0.024231,0.000029,0.012498,0.418403,0.256388
AACATTGAAGTTGATC-1,0.000053,0.072077,0.000053,0.149144,0.506779,0.000053,0.179706,0.000053,0.091926,0.000158
AACATTGGTCAGCCGT-1,0.000291,0.000291,0.000291,0.598028,0.10243,0.000291,0.112286,0.000291,0.184925,0.000874
AACATTGTGACTCGAG-1,0.002659,0.000027,0.000027,0.39545,0.021698,0.256899,0.162643,0.000027,0.07516,0.08541
AACCAAGACTTCTCTG-1,0.001731,0.000015,0.000015,0.000015,0.000015,0.138428,0.004604,0.000015,0.59925,0.25591
AACCAGTATCACTCTT-1,0.000037,0.010415,0.076895,0.000037,0.166308,0.000037,0.1667,0.161065,0.374336,0.044169
AACCATAGGGTTGAAC-1,0.00003,0.00003,0.02108,0.00003,0.549803,0.070751,0.181233,0.071712,0.004559,0.100773
AACCATGGGATCGCTA-1,0.000063,0.000063,0.000063,0.140529,0.858774,0.000063,0.000063,0.000063,0.000127,0.00019
AACCCAGAGACGGAGA-1,0.000062,0.000062,0.000062,0.614753,0.181136,0.000062,0.000062,0.000062,0.203556,0.000185
AACCCATCCCATGATC-1,0.000079,0.04076,0.000079,0.474236,0.309334,0.000079,0.012544,0.000079,0.162572,0.000237
AACCCGACAACCCGTG-1,0.000025,0.000025,0.000025,0.247433,0.025015,0.366573,0.074857,0.000025,0.25013,0.035891
AACCCGAGCAGAATCG-1,0.000016,0.635376,0.01928,0.000016,0.051486,0.0276,0.174619,0.043385,0.00198,0.046242
AACCCGCTGTATTCCA-1,0.000016,0.000016,0.000136,0.010829,0.000016,0.579917,0.327537,0.000329,0.024527,0.056679
AACCCTACTGTCAATA-1,0.002367,0.523872,0.058113,0.069857,0.154398,0.000022,0.016274,0.000022,0.063424,0.111652
AACCCTGGTGGAACCA-1,0.000014,0.000014,0.000014,0.000014,0.000014,0.014179,0.046117,0.000014,0.725743,0.21388
AACCGAGCTTGGTCAT-1,0.008278,0.018334,0.021218,0.21965,0.037891,0.007213,0.098673,0.056292,0.169453,0.362999
AACCGCTAAGGGATGC-1,0.000025,0.319174,0.116951,0.081246,0.012669,0.001446,0.000025,0.000025,0.256951,0.211489
AACCGTTGTGTTTGCT-1,0.058453,0.00004,0.00004,0.130648,0.00004,0.00004,0.00004,0.00004,0.733509,0.07715
AACCTAAAGCCGTCCG-1,0.000101,0.000101,0.000101,0.00184,0.721907,0.000101,0.000101,0.000101,0.07655,0.199096
AACCTCGCTTTAGCCC-1,0.00215,0.015967,0.006964,0.126124,0.013323,0.223294,0.04727,0.000017,0.184559,0.380334
AACCTGTCACGGAATT-1,0.000015,0.000015,0.031518,0.032738,0.003008,0.139452,0.106931,0.000015,0.133134,0.553173
AACCTTTAAATACGGT-1,0.000011,0.000011,0.003734,0.026404,0.019625,0.083702,0.007721,0.001619,0.039063,0.81811
AACCTTTACGACGTCT-1,0.000024,0.000024,0.000024,0.006649,0.000024,0.053148,0.005925,0.024374,0.519662,0.390146
AACGAAAGTCGTCCCA-1,0.00005,0.031806,0.00005,0.001666,0.763395,0.00005,0.136401,0.00005,0.066384,0.000149
AACGACCTCCTAGCCG-1,0.012752,0.885514,0.000019,0.000019,0.038293,0.000019,0.06327,0.000019,0.000038,0.000057
AACGATAATGCCGTAG-1,0.005563,0.002151,0.077117,0.088729,0.000017,0.06347,0.04649,0.031959,0.106056,0.578448
AACGATAGAAGGGCCG-1,0.000027,0.000027,0.000027,0.033493,0.080317,0.072673,0.000027,0.000027,0.601715,0.211667
AACGATATGTCAACTG-1,0.00003,0.079931,0.00003,0.321225,0.021449,0.00003,0.00003,0.009249,0.093741,0.474284
AACGCATGATCTGGGT-1,0.000023,0.000023,0.000023,0.128564,0.000023,0.036391,0.038878,0.035217,0.289989,0.470869
AACGCGAACGGCAACA-1,0.000191,0.000191,0.000191,0.075704,0.391856,0.000191,0.216951,0.000191,0.066111,0.248421
AACGCGACCTTGGGCG-1,0.000025,0.000025,0.000025,0.361544,0.005014,0.404671,0.026734,0.000025,0.046288,0.15565
AACGCGGTCTCCAGCC-1,0.000058,0.000058,0.000058,0.388164,0.054847,0.000058,0.000058,0.014787,0.426088,0.115823
AACGCTGTTGCTGAAA-1,0.000088,0.549395,0.008553,0.027118,0.256122,0.000088,0.000088,0.000088,0.024291,0.13417
AACGGACGTACGTATA-1,0.000018,0.720356,0.134961,0.000018,0.000018,0.000018,0.000018,0.000018,0.086872,0.057705
AACGGCCATCTCCGGT-1,0.00001,0.00001,0.00001,0.00001,0.00001,0.034678,0.00001,0.00001,0.122437,0.842814
AACGTACTGTGGGTAC-1,0.000034,0.021312,0.000034,0.225489,0.035189,0.09805,0.045691,0.049632,0.364471,0.160097
AACGTAGTCTACCCAT-1,0.000205,0.000205,0.000205,0.3419,0.056398,0.091129,0.164033,0.000205,0.1634,0.182323
AACGTCAGACTAGTGG-1,0.000045,0.000045,0.000045,0.514937,0.048546,0.000045,0.000045,0.000045,0.399811,0.036434
AACGTCGCTGCACTTC-1,0.001092,0.998761,0.000013,0.000013,0.000013,0.000013,0.000013,0.000013,0.000027,0.00004
AACGTGATGAAGGACA-1,0.000026,0.000026,0.000026,0.060628,0.000026,0.002102,0.002208,0.000026,0.308667,0.626266
AACGTGCGAAAGTCTC-1,0.000018,0.004656,0.0047,0.110494,0.00027,0.051832,0.015932,0.00327,0.354652,0.454175
AACGTTATCAGCACCT-1,0.267054,0.012302,0.060963,0.182185,0.237544,0.000079,0.000079,0.000079,0.171742,0.067973
AACGTTCTACCATTGT-1,0.000014,0.999826,0.000014,0.000014,0.000014,0.000014,0.000014,0.000014,0.000029,0.000043
AACTACCCGTTTGTCA-1,0.000043,0.519802,0.004173,0.020552,0.265185,0.018163,0.171827,0.000043,0.000086,0.000128
AACTAGCGTATCGCAC-1,0.000115,0.068599,0.088218,0.049285,0.213624,0.000115,0.000115,0.000115,0.507326,0.072487
AACTAGGCTTGGGTGT-1,0.000033,0.03764,0.000033,0.406763,0.000033,0.132663,0.011178,0.028728,0.025166,0.357765
AACTCAAGTTAATTGC-1,0.000532,0.000011,0.000011,0.040275,0.000011,0.024306,0.006943,0.004002,0.113139,0.810768
AACTCCAGAGCGTGTT-1,0.009029,0.487675,0.086285,0.09322,0.254673,0.000049,0.000049,0.068773,0.000098,0.000147
AACTCCTAATCCCATG-1,0.000074,0.000074,0.000074,0.3101,0.183252,0.000074,0.068326,0.066625,0.262597,0.108804
AACTCGATAAACACGT-1,0.000207,0.078593,0.000207,0.260834,0.193215,0.000207,0.000207,0.122406,0.226052,0.118072
AACTCGATGGCGCAGT-1,0.077913,0.089115,0.000164,0.000164,0.263062,0.000164,0.000164,0.030903,0.275234,0.263117
AACTCTCAATAGAGCG-1,0.000014,0.029891,0.021032,0.004656,0.043547,0.001186,0.000014,0.000014,0.155368,0.744279
AACTCTCAGTGTGCTC-1,0.000024,0.000024,0.000024,0.127989,0.000024,0.185369,0.008657,0.002224,0.242466,0.433199
AACTGAGGTCAGCGTC-1,0.000025,0.000025,0.000025,0.000025,0.000025,0.04912,0.000025,0.000025,0.323714,0.626989
AACTGAGTTATACTGA-1,0.001581,0.289022,0.095769,0.072877,0.093205,0.365757,0.012016,0.000019,0.045454,0.024299
AACTGATATTAGGCCT-1,0.034015,0.00005,0.00005,0.658516,0.101649,0.00005,0.00005,0.00005,0.170866,0.034702
AACTGGGTCCCGACGT-1,0.000008,0.000008,0.000008,0.000008,0.000008,0.001236,0.000088,0.008596,0.262318,0.727722
AACTGGGTTCGAGCCG-1,0.02823,0.000063,0.000063,0.139783,0.600823,0.000063,0.000063,0.000063,0.230663,0.000188
AACTGGTGTGGGCCTT-1,0.000062,0.000062,0.000062,0.274788,0.72453,0.000062,0.000062,0.000062,0.000124,0.000186
AACTTCTGCGTCTATC-1,0.000046,0.163856,0.000046,0.022845,0.812835,0.000046,0.000046,0.000046,0.000093,0.000139
AACTTGCCCGTATGCA-1,0.00002,0.00002,0.00002,0.00002,0.00002,0.00002,0.00002,0.00002,0.485939,0.513901
AACTTGCGTTCTCGCG-1,0.008301,0.021753,0.00013,0.076701,0.118092,0.00013,0.081199,0.00013,0.508289,0.185274
AACTTTACGGGAGCTT-1,0.000028,0.000028,0.093328,0.000028,0.324307,0.000028,0.278522,0.127757,0.157648,0.018325
AACTTTAGCTGCTGAG-1,0.000117,0.046925,0.038042,0.000117,0.43271,0.000117,0.000117,0.000117,0.102801,0.378938
AAGAAAGTTTGATGGG-1,0.000041,0.000041,0.000041,0.378438,0.509965,0.000041,0.11119,0.000041,0.000082,0.000122
AAGAAGGATCAGTTAG-1,0.010932,0.076648,0.021381,0.00012,0.283329,0.00012,0.134011,0.00012,0.185964,0.287376
AAGACATACGTGGTTT-1,0.000017,0.887755,0.000017,0.010013,0.017737,0.006456,0.077904,0.000017,0.000034,0.000051
AAGACCAAATAACTCA-1,0.006096,0.00005,0.00005,0.200963,0.670656,0.055861,0.053591,0.00005,0.012531,0.000151
AAGACCCAACTGAACA-1,0.000011,0.042743,0.001257,0.075948,0.016815,0.288785,0.044091,0.003538,0.127907,0.398904
AAGACTAACCCGTTGT-1,0.000226,0.03975,0.000226,0.034029,0.290633,0.000226,0.070362,0.000226,0.049769,0.514555
AAGACTCACGCCCACT-1,0.000051,0.033718,0.000051,0.223102,0.572575,0.007169,0.000051,0.005134,0.13752,0.020628
AAGACTGCAAGCTACT-1,0.000012,0.014332,0.020449,0.001636,0.000012,0.053701,0.000012,0.042984,0.116753,0.750111
AAGAGATGAATCGGTA-1,0.000036,0.000036,0.000036,0.249035,0.071177,0.006689,0.02147,0.065413,0.510483,0.075625
AAGAGCTCTTTATCGG-1,0.000032,0.004673,0.11009,0.265056,0.055426,0.001653,0.047819,0.008617,0.193663,0.312971
AAGAGGATGTACGCGA-1,0.000037,0.000037,0.000037,0.238382,0.009036,0.000037,0.000037,0.029845,0.664758,0.057794
AAGAGGCATGGATCGC-1,0.000013,0.000013,0.009587,0.019551,0.000013,0.018445,0.000013,0.000013,0.151324,0.801027
AAGAGGCCCTTTGGAA-1,0.018513,0.655014,0.075461,0.000016,0.001616,0.088228,0.037399,0.002299,0.006502,0.114951
AAGATGGCACCGGACC-1,0.000026,0.000026,0.000026,0.250956,0.024354,0.294438,0.012579,0.117083,0.19543,0.105081
AAGATTGGCGGAACGT-1,0.092358,0.298342,0.019969,0.047131,0.09847,0.000023,0.000023,0.000915,0.266262,0.176507
AAGCACCCTGCGTATC-1,0.000013,0.105668,0.026508,0.007452,0.000022,0.112137,0.020951,0.116077,0.071293,0.539879
AAGCATACTCTCCTGA-1,0.000015,0.134125,0.028293,0.08069,0.000015,0.094525,0.04053,0.0517,0.092985,0.477121
AAGCCACTTGCAGGTA-1,0.000011,0.031598,0.033448,0.000011,0.000011,0.253257,0.520009,0.003357,0.138418,0.019879
AAGCCGAAGCGGTTTA-1,0.000032,0.746936,0.062543,0.07149,0.118745,0.000032,0.000032,0.000032,0.000064,0.000096
AAGCCGCCGTGAAATC-1,0.00425,0.00004,0.00004,0.469773,0.161119,0.036257,0.213216,0.00004,0.115147,0.000119
AAGCCGGAGAGCAGGA-1,0.000022,0.776034,0.007852,0.134458,0.009079,0.056202,0.012851,0.000022,0.0023,0.001181
AAGCGCAGGGCTTTGA-1,0.000024,0.055216,0.000626,0.328437,0.003158,0.387894,0.00438,0.023208,0.006167,0.190891
AAGCGGCGTCATGGGT-1,0.040772,0.000049,0.000049,0.041884,0.000049,0.013497,0.01202,0.000049,0.399531,0.492099
AAGCGTCCCTCATCGA-1,0.000022,0.000022,0.000022,0.000022,0.000022,0.132979,0.076181,0.000022,0.274202,0.516509
AAGCTAGATCGAGTAA-1,0.000019,0.026854,0.008996,0.085877,0.075109,0.040091,0.000727,0.014647,0.072296,0.675383
AAGCTATGGATTGACC-1,0.017064,0.049983,0.000031,0.10167,0.566818,0.049732,0.203183,0.000031,0.011394,0.000093
AAGCTCGTGCCAAGTC-1,0.000031,0.000031,0.000031,0.279696,0.033448,0.022354,0.000031,0.000031,0.312087,0.352259
AAGCTCTTTCATGGTG-1,0.002905,0.12465,0.128185,0.18639,0.018422,0.038632,0.051119,0.000511,0.181086,0.2681
AAGGAGAACTTATAAG-1,0.000089,0.051452,0.000089,0.217102,0.367347,0.000089,0.000089,0.003846,0.327287,0.032609
AAGGAGCGGTTGGTGC-1,0.000047,0.000047,0.000047,0.449279,0.000047,0.0504,0.000047,0.000047,0.234413,0.265629
AAGGATCGATCGCTTG-1,0.000021,0.279985,0.340248,0.039504,0.031794,0.043133,0.000021,0.000021,0.11028,0.154993
AAGGATGAGGGACCTC-1,0.000033,0.079815,0.000033,0.372753,0.000033,0.000033,0.000033,0.004136,0.152836,0.390293
AAGGCAGGCTGTCTCC-1,0.000024,0.254331,0.103217,0.209735,0.129974,0.164821,0.077525,0.000024,0.001397,0.058952
AAGGCGCGTAAAGCTT-1,0.001767,0.000039,0.000039,0.508886,0.004357,0.000039,0.041922,0.015966,0.396027,0.030957
AAGGCTGTGCTCATCG-1,0.00001,0.00001,0.00001,0.00001,0.00001,0.001076,0.00001,0.00001,0.224566,0.774291
AAGGGAACGACTGGCT-1,0.000058,0.000058,0.000058,0.34023,0.288035,0.20303,0.005176,0.000058,0.163122,0.000174
AAGGGACAGATTCTGT-1,0.000028,0.15852,0.009495,0.293458,0.000028,0.002568,0.000028,0.00521,0.258204,0.272461
AAGGGACTATGCATTC-1,0.000052,0.000052,0.000052,0.506268,0.023199,0.194636,0.032708,0.000052,0.242824,0.000157
AAGGGTTAGCCATGCG-1,0.000022,0.942429,0.000022,0.046559,0.010791,0.000022,0.000022,0.000022,0.000044,0.000066
AAGGGTTTGATTTCAG-1,0.134762,0.000059,0.000059,0.000059,0.556327,0.011304,0.177784,0.021124,0.016394,0.082128
AAGGTATCCTAATATA-1,0.005187,0.000024,0.000024,0.13015,0.010329,0.019999,0.007665,0.006503,0.215636,0.604484
AAGGTGATAAACCAGC-1,0.000031,0.449337,0.029613,0.297812,0.024151,0.000031,0.000031,0.000031,0.063554,0.135411
AAGTAAGCTTCCAAAC-1,0.000143,0.000143,0.288714,0.29365,0.087351,0.000143,0.020017,0.000143,0.307177,0.002518
AAGTAGAAGACCGGGT-1,0.000026,0.000026,0.000026,0.021146,0.000026,0.010874,0.000026,0.000026,0.565704,0.402119
AAGTAGTGACGCGAGG-1,0.000031,0.000031,0.000031,0.170178,0.064971,0.006639,0.033573,0.000031,0.451011,0.273502
AAGTCAATTGTCGTCA-1,0.000027,0.279018,0.171387,0.055173,0.000027,0.03333,0.000027,0.001999,0.203516,0.255495
AAGTCTTCTGTGGCCT-1,0.000061,0.000061,0.000061,0.12417,0.774565,0.000061,0.100659,0.000061,0.000121,0.000182
AAGTGACGACCGAATT-1,0.000054,0.000054,0.000054,0.403922,0.063612,0.095655,0.00135,0.009407,0.389785,0.036108
AAGTGAGTCGGGTTTA-1,0.000024,0.000024,0.000024,0.205578,0.001248,0.350449,0.008763,0.00452,0.20613,0.223241
AAGTGCAAAGGTAGAC-1,0.019082,0.000067,0.000067,0.45044,0.488424,0.000067,0.000067,0.000067,0.041514,0.000202
AAGTGCCTTGACTGTA-1,0.006021,0.657194,0.141941,0.00002,0.006695,0.00002,0.000245,0.00002,0.122566,0.065278
AAGTGCGTTAGAATCT-1,0.053529,0.00003,0.00003,0.09117,0.000189,0.038773,0.111403,0.002636,0.363994,0.338246
AAGTGCTTCTCTATTG-1,0.000016,0.000016,0.000016,0.12581,0.000016,0.133606,0.45087,0.002546,0.236258,0.050846
AAGTGTTTGGAGACGG-1,0.000013,0.035993,0.302071,0.064247,0.001282,0.010374,0.002852,0.000013,0.216568,0.366587
AAGTTCACTCCAAGCT-1,0.000035,0.032851,0.178485,0.299823,0.087465,0.034157,0.000035,0.000035,0.105657,0.261456
AAGTTCAGTCTGCGTA-1,0.000049,0.068333,0.017928,0.326509,0.095536,0.025586,0.000049,0.128555,0.250086,0.08737
AAGTTCGGCCAACAGG-1,0.000026,0.002365,0.031382,0.071787,0.008177,0.057109,0.047036,0.000026,0.514742,0.267349
AAGTTGTGATGTTATA-1,0.000013,0.91188,0.004954,0.000013,0.000013,0.050071,0.032979,0.000013,0.000026,0.000039
AAGTTTACTAATGGCA-1,0.000054,0.000054,0.000054,0.088831,0.682419,0.000054,0.000054,0.055131,0.173189,0.000161
AAGTTTATGGGCCCAA-1,0.00002,0.026479,0.003079,0.310433,0.079125,0.168822,0.257352,0.004241,0.014859,0.13559
AATAACAACGCTCGGC-1,0.000018,0.000018,0.000018,0.008418,0.000018,0.042305,0.00282,0.000018,0.570568,0.375801
AATAACACTAGAACAA-1,0.000035,0.013825,0.000035,0.494519,0.000035,0.071972,0.000035,0.002935,0.219389,0.197218
AATAACGTCGCGCCCA-1,0.00001,0.999878,0.00001,0.00001,0.00001,0.00001,0.00001,0.00001,0.00002,0.000031
AATAAGTCCTCGAGAC-1,0.000031,0.000031,0.000031,0.303608,0.056732,0.000031,0.000031,0.000031,0.622465,0.017009
AATAATCTTCGTATCG-1,0.000013,0.660308,0.105309,0.005687,0.000013,0.193974,0.007711,0.000254,0.002542,0.024188
AATACAATGTTTCAGG-1,0.000026,0.000026,0.000026,0.026783,0.147211,0.000026,0.134135,0.043219,0.627318,0.021229
AATACCGGAGGGCTGT-1,0.000017,0.000017,0.000017,0.034546,0.000017,0.341898,0.11924,0.000017,0.415641,0.088588
AATACCTGATGTGAAC-1,0.000013,0.785159,0.075635,0.000013,0.000013,0.087484,0.051602,0.000013,0.000027,0.00004
AATAGAACAGAGTGGC-1,0.000504,0.000031,0.000031,0.285134,0.067549,0.024743,0.104673,0.008692,0.102705,0.405938
AATAGAATCTGTTTCA-1,0.187103,0.180006,0.092049,0.023767,0.159144,0.000034,0.000034,0.008761,0.109922,0.239181
AATAGCAAGCCTCCTG-1,0.000042,0.000042,0.000042,0.154631,0.007272,0.179051,0.049836,0.000042,0.545408,0.063635
AATAGCTACCGCGTGC-1,0.000022,0.000022,0.000022,0.013576,0.000022,0.049315,0.084797,0.295968,0.361512,0.194745
AATAGTCCGTCCCGAC-1,0.000032,0.216818,0.009453,0.269482,0.06893,0.050414,0.046375,0.169133,0.06648,0.102885
AATAGTCGCGAGTCGG-1,0.000081,0.000081,0.000081,0.335765,0.642305,0.000081,0.000081,0.000081,0.021202,0.000242
AATATCAAGGTCGGAT-1,0.000069,0.000069,0.000069,0.075231,0.924011,0.000069,0.000069,0.000069,0.000138,0.000207
AATATCCTAGCAAACT-1,0.018213,0.000063,0.000063,0.248432,0.687683,0.000063,0.016713,0.02845,0.000127,0.00019
AATATCGAATCAATGC-1,0.000028,0.729743,0.002354,0.090033,0.018964,0.000028,0.000028,0.000344,0.138205,0.020273
AATATCGAGGGTTCTC-1,0.000025,0.006418,0.006265,0.149303,0.027465,0.037892,0.006088,0.198825,0.25057,0.317149
AATATTGGAGTATTGA-1,0.000015,0.000015,0.006346,0.000015,0.000015,0.021563,0.029716,0.000015,0.474657,0.467641
AATCAGACTGCAGGAC-1,0.000246,0.000246,0.000246,0.251924,0.194144,0.000246,0.048454,0.000246,0.402884,0.101366
AATCAGGTTTCATTTA-1,0.000029,0.000029,0.000029,0.245353,0.000029,0.303525,0.156046,0.000029,0.269803,0.025128
AATCATGTAAAGACTC-1,0.000032,0.811231,0.018592,0.116465,0.033078,0.000032,0.000032,0.000032,0.006147,0.014359
AATCCAAGGGCCTGAG-1,0.000023,0.010719,0.004666,0.062597,0.017003,0.01368,0.031418,0.000023,0.806679,0.053192
AATCCATGCAAGGGTG-1,0.000154,0.000154,0.000154,0.000154,0.446882,0.000154,0.04726,0.000154,0.208976,0.295959
AATCCCGCTCAGAGCC-1,0.00001,0.00001,0.007054,0.00001,0.004839,0.639856,0.064319,0.00001,0.016121,0.267773
AATCGAGGTCTCAAGG-1,0.000018,0.083955,0.007428,0.231041,0.098874,0.452578,0.077181,0.002265,0.000035,0.046626
AATCGCCTCAGCGCCA-1,0.000034,0.039041,0.06451,0.503438,0.000034,0.000034,0.000034,0.000034,0.304703,0.088137
AATCGCGCAGAGGACT-1,0.000028,0.275211,0.058405,0.000028,0.237896,0.000065,0.243134,0.000028,0.045043,0.140163
AATCGGGACACTACGA-1,0.000025,0.000025,0.000025,0.024755,0.043211,0.001944,0.123133,0.009545,0.732734,0.064603
AATCGGTATAGCCCTC-1,0.000012,0.750217,0.045759,0.000012,0.000012,0.094858,0.00116,0.0011,0.000024,0.106847
AATCGTGAGCCGAGCA-1,0.000011,0.093997,0.079325,0.034634,0.001367,0.224626,0.037959,0.000011,0.08727,0.440801
AATCTAGGTTTACTTG-1,0.000038,0.000038,0.000038,0.147282,0.067865,0.045788,0.149616,0.000038,0.453933,0.135366
AATCTATGCCGGAGCC-1,0.002639,0.01408,0.000025,0.117442,0.038919,0.087078,0.001482,0.052922,0.238056,0.447357
AATCTCTACTGTGGTT-1,0.000043,0.000043,0.000043,0.244698,0.035225,0.030196,0.156103,0.000043,0.530444,0.003164
AATCTGCGTTGGGACG-1,0.000019,0.000019,0.225464,0.119518,0.000019,0.000019,0.000019,0.000019,0.263561,0.391341
AATCTGGCTTTCTAGT-1,0.000057,0.000057,0.000057,0.251921,0.176012,0.000057,0.215468,0.000057,0.324921,0.03139
AATCTGGGTAGACCCT-1,0.000054,0.000054,0.000054,0.474825,0.022906,0.000054,0.020823,0.000054,0.481012,0.000163
AATGACAGCAATGTCT-1,0.000019,0.000019,0.000019,0.000019,0.000019,0.069563,0.003965,0.033987,0.248144,0.644246
AATGACGTAGGATGTC-1,0.000021,0.000021,0.011866,0.097386,0.024909,0.021079,0.000021,0.000021,0.136072,0.708606
AATGACTGTCAGCCGG-1,0.000041,0.000041,0.000041,0.237102,0.000041,0.001572,0.004528,0.000041,0.619023,0.13757
AATGAGTTCGCATATG-1,0.005408,0.026775,0.000111,0.006844,0.175939,0.000111,0.057726,0.11579,0.483736,0.12756
AATGATGATACGCTAT-1,0.000014,0.000014,0.000014,0.000014,0.000014,0.000685,0.000014,0.000014,0.012911,0.986307
AATGATGCGACTCCTG-1,0.000016,0.000016,0.000016,0.024179,0.000016,0.013784,0.000016,0.000016,0.102857,0.859083
AATGCAACCGGGTACC-1,0.018087,0.002396,0.000047,0.652983,0.011276,0.028101,0.000047,0.000047,0.206738,0.080279
AATGCACCAAGCAATG-1,0.000019,0.086516,0.013637,0.01083,0.008939,0.001645,0.005113,0.104831,0.44214,0.326331
AATGGTCCACCGTTCA-1,0.00002,0.00002,0.0012,0.001622,0.026239,0.030926,0.082085,0.022186,0.735826,0.099876
AATGGTTCTCACAAGC-1,0.000024,0.000024,0.000024,0.002228,0.014217,0.074635,0.034973,0.000024,0.707734,0.166115
AATGTATGGCACTGTA-1,0.000081,0.000081,0.000081,0.431466,0.55923,0.008497,0.000081,0.000081,0.000161,0.000242
AATGTGCCCGAGGTGT-1,0.000047,0.000047,0.000047,0.19225,0.009995,0.010616,0.23511,0.000047,0.537326,0.014516
AATGTGCTAATCTGAG-1,0.000014,0.000014,0.000014,0.000014,0.000014,0.371167,0.046298,0.000014,0.449786,0.132664
AATGTTAAGACCCTGA-1,0.000015,0.19052,0.002699,0.243495,0.001845,0.477806,0.021894,0.001067,0.006886,0.053773
AATGTTGTCGTGAGAC-1,0.000019,0.997998,0.000019,0.000019,0.001788,0.000019,0.000019,0.000019,0.000039,0.000058
AATTAAAGGTCGGCGT-1,0.00002,0.025507,0.00002,0.044473,0.00628,0.052749,0.010337,0.175544,0.351969,0.3331
AATTAACGGATTTCCA-1,0.000023,0.07584,0.008542,0.275714,0.024163,0.148608,0.000023,0.007925,0.068561,0.390601
AATTACGAGACCCATC-1,0.00006,0.22422,0.00006,0.090463,0.638404,0.00006,0.00006,0.00006,0.03965,0.006964
AATTACTCGTACGCTC-1,0.022398,0.000178,0.000178,0.507284,0.000178,0.000178,0.000178,0.000178,0.429197,0.040053
AATTAGCGCTGCAGCG-1,0.00001,0.00001,0.00001,0.00001,0.00001,0.049864,0.00001,0.00001,0.04398,0.906084
AATTATACCCAGCAAG-1,0.000011,0.002477,0.024722,0.09147,0.000011,0.698184,0.004555,0.01581,0.004287,0.158472
AATTCATAAGGGATCT-1,0.130588,0.349204,0.000037,0.242322,0.012632,0.000037,0.000037,0.002299,0.174784,0.088061
AATTCATTGTCATGCA-1,0.000081,0.000081,0.000081,0.395597,0.60351,0.000081,0.000081,0.000081,0.000162,0.000244
AATTCCAACTTGGTGA-1,0.000256,0.077831,0.000256,0.442223,0.000256,0.000256,0.004566,0.000256,0.357302,0.116797
AATTCCAAGCATGTAC-1,0.000018,0.00406,0.000018,0.044485,0.026761,0.447708,0.053929,0.043277,0.077515,0.302229
AATTCGATTCGAGGAT-1,0.000012,0.000012,0.000012,0.101216,0.000012,0.305672,0.001546,0.000012,0.039204,0.5523
AATTCTAGAGTTAGGC-1,0.000038,0.000038,0.000038,0.371721,0.01196,0.044864,0.000038,0.099467,0.097029,0.374807
AATTGAACGCTCTGGT-1,0.000014,0.139956,0.179968,0.035379,0.002582,0.021778,0.000014,0.000504,0.192244,0.42756
AATTGCAGCAATCGAC-1,0.000033,0.741035,0.007018,0.017776,0.146856,0.028709,0.058376,0.000033,0.000066,0.000098
AATTGCGTGGATTACA-1,0.000061,0.000061,0.000061,0.152583,0.761775,0.037581,0.047513,0.000061,0.000122,0.000183
AATTGTGGTTGCCAAA-1,0.000016,0.852036,0.000016,0.000016,0.028754,0.000016,0.119053,0.000016,0.000032,0.000047
AATTTGGGACATAGTA-1,0.000031,0.000031,0.000031,0.028065,0.000031,0.050908,0.000031,0.000031,0.383088,0.537753
AATTTGGTTCCAAAGA-1,0.000035,0.000035,0.000035,0.182299,0.000035,0.000035,0.000035,0.000035,0.677183,0.14027
ACAAACCATGCGTCCT-1,0.000034,0.000034,0.000034,0.027107,0.684363,0.010059,0.278166,0.000034,0.000068,0.000102
ACAAACCGACAAGGCG-1,0.017837,0.0001,0.172629,0.0001,0.460491,0.0001,0.0001,0.0001,0.332768,0.015777
ACAAACTCCATCAGAG-1,0.000012,0.000012,0.000526,0.000012,0.000012,0.325428,0.448443,0.000012,0.130729,0.094812
ACAAAGAAGGTAGGCC-1,0.000066,0.000066,0.000066,0.360438,0.638838,0.000066,0.000066,0.000066,0.000132,0.000197
ACAAAGCATGACCTAG-1,0.00001,0.901722,0.042487,0.00001,0.00001,0.00138,0.007121,0.00001,0.037085,0.010163
ACAAATCGCACCGAAT-1,0.000015,0.128127,0.22413,0.011558,0.123721,0.013831,0.001441,0.000015,0.108038,0.389123
ACAAATGGTAGTGTTT-1,0.000051,0.190718,0.01693,0.629702,0.082259,0.000051,0.000051,0.000051,0.039709,0.040479
ACAAATTCAGATCTGA-1,0.00004,0.00004,0.002592,0.00004,0.04497,0.009254,0.100367,0.122945,0.378471,0.341282
ACAACAGCATGAGCTA-1,0.000019,0.000019,0.000047,0.073899,0.038438,0.070114,0.032419,0.200795,0.322104,0.262146
ACAACGGTCCCTGCGA-1,0.000034,0.000034,0.000034,0.128935,0.063373,0.011073,0.059795,0.000034,0.736442,0.000246
ACAAGCAGTGCCTAGC-1,0.000029,0.000029,0.000029,0.087203,0.008454,0.024252,0.057426,0.014918,0.708518,0.099142
ACAAGCTATATGGAAG-1,0.000072,0.000072,0.000072,0.252846,0.746359,0.000072,0.000072,0.000072,0.000145,0.000217
ACAAGGAAATCCGCCC-1,0.000008,0.000008,0.005616,0.000008,0.000008,0.077882,0.000008,0.000008,0.11401,0.802443
ACAAGGACAAGAGGTT-1,0.000028,0.000028,0.000028,0.400695,0.021925,0.004973,0.000028,0.000028,0.462655,0.109612
ACAAGGATGCTTTAGG-1,0.000016,0.188243,0.099134,0.012641,0.029753,0.048574,0.043924,0.091486,0.056977,0.429252
ACAAGGCCTACCAGCC-1,0.000048,0.015846,0.000048,0.339172,0.000048,0.02147,0.006352,0.000048,0.616822,0.000144
ACAAGGGCAGGCTCTG-1,0.000022,0.02727,0.005074,0.248055,0.023009,0.112979,0.000259,0.007317,0.165164,0.410851
ACAAGTAATTGTAAGG-1,0.000027,0.001188,0.00099,0.097072,0.189283,0.096752,0.329977,0.18385,0.022187,0.078675
ACAATAGTCGTACGTT-1,0.000023,0.000023,0.000023,0.000023,0.000023,0.074545,0.038841,0.000023,0.57289,0.313589
ACAATCCATTTAAACC-1,0.000015,0.012314,0.003648,0.009648,0.034548,0.032965,0.024611,0.000015,0.403736,0.478501
ACAATCGATCTTTATA-1,0.075632,0.113857,0.002516,0.000083,0.514258,0.000083,0.02501,0.000083,0.268229,0.000249
ACAATGAATACGGAGA-1,0.000027,0.000027,0.000027,0.037717,0.070316,0.154248,0.082038,0.000027,0.506835,0.148738
ACAATGATTCTTCTAC-1,0.008452,0.00005,0.00005,0.464297,0.011231,0.01845,0.172352,0.00005,0.31077,0.014298
ACAATTGTGTCTCTTT-1,0.023427,0.761543,0.000041,0.099186,0.075646,0.000041,0.000041,0.013073,0.026879,0.000122
ACAATTTAGGAGGCTC-1,0.000054,0.000054,0.000054,0.20802,0.534538,0.000054,0.176144,0.000054,0.080863,0.000163
ACAATTTGAGCAGTGG-1,0.000023,0.000023,0.000023,0.037155,0.041561,0.026036,0.000023,0.062111,0.332801,0.500246
ACAATTTGGCCATATT-1,0.000017,0.083288,0.176137,0.035572,0.112574,0.321313,0.050215,0.014999,0.049449,0.156436
ACACAAAGACGGGTGG-1,0.000021,0.000021,0.000021,0.149798,0.000844,0.017936,0.000021,0.007079,0.334093,0.490168
ACACACCAGGACCAGT-1,0.000026,0.262645,0.155372,0.074143,0.025465,0.000026,0.000026,0.103693,0.113735,0.26487
ACACACTTTCTACACG-1,0.000016,0.000016,0.000016,0.000016,0.000016,0.016104,0.020927,0.000016,0.470589,0.492281
ACACATGATCAAATCT-1,0.000058,0.000058,0.000058,0.225366,0.529093,0.007092,0.17931,0.000058,0.058735,0.000174
ACACATTGACGCAACA-1,0.000159,0.000159,0.000159,0.539005,0.000159,0.000159,0.000159,0.014722,0.444839,0.000478
ACACATTTCCGTAGAC-1,0.000016,0.000016,0.000016,0.266738,0.000016,0.550425,0.002784,0.004871,0.044434,0.130682
ACACCACATAATTAGC-1,0.000016,0.00615,0.011854,0.233947,0.000016,0.184448,0.002619,0.000016,0.102771,0.458161
ACACCCAGCATGCAGC-1,0.000022,0.000022,0.000022,0.046108,0.000022,0.034999,0.004827,0.000022,0.529516,0.384438
ACACCCGAGAAATCCG-1,0.00002,0.00002,0.00002,0.00002,0.010677,0.035358,0.030016,0.004201,0.798707,0.12096
ACACCGAGCGCTCTTT-1,0.039462,0.096228,0.000116,0.068379,0.210582,0.000116,0.000116,0.000116,0.552953,0.031933
ACACCGGTCTGACCGC-1,0.00003,0.36208,0.007777,0.00003,0.428624,0.081579,0.029072,0.058302,0.000061,0.032444
ACACCTTAAGTAGGGC-1,0.016741,0.000045,0.000045,0.23701,0.022879,0.01355,0.000045,0.000045,0.459936,0.249705
ACACCTTACTACTTGC-1,0.000014,0.068932,0.444696,0.000014,0.000014,0.151111,0.004218,0.000014,0.040732,0.290255
ACACGAGACTCCTTCT-1,0.000018,0.139433,0.003282,0.022457,0.014437,0.014038,0.000018,0.037517,0.087363,0.681438
ACACGGCACTATGCAT-1,0.000041,0.000041,0.000041,0.315842,0.026026,0.000041,0.000041,0.000041,0.657766,0.000122
ACACGGGAACTTAGGG-1,0.000024,0.000024,0.000024,0.150645,0.000024,0.000024,0.000024,0.0266,0.250901,0.571709
ACACGTAGGCCACAAG-1,0.000028,0.856161,0.000028,0.109508,0.012041,0.000028,0.022036,0.000028,0.000056,0.000084
ACACTCCAATGTCACT-1,0.000059,0.000059,0.000059,0.000059,0.999292,0.000059,0.000059,0.000059,0.000118,0.000177
ACACTGATCAAGGTGT-1,0.000043,0.000043,0.000043,0.457264,0.000043,0.11976,0.004363,0.000043,0.188755,0.229642
ACACTGGGACAGTCGT-1,0.000016,0.999808,0.000016,0.000016,0.000016,0.000016,0.000016,0.000016,0.000032,0.000048
ACAGAACTGAGAACAA-1,0.000038,0.000038,0.000038,0.353648,0.002463,0.070163,0.013553,0.000197,0.463482,0.09638
ACAGATTAGGTTAGTG-1,0.000029,0.000029,0.009108,0.000029,0.208199,0.000029,0.009348,0.000029,0.559365,0.213833
ACAGCATAGAGCCAGT-1,0.000023,0.000023,0.000023,0.02766,0.029153,0.005474,0.052897,0.002145,0.74424,0.138361
ACAGCGACATTCTCAT-1,0.030509,0.611142,0.034029,0.000038,0.083549,0.000038,0.240469,0.000038,0.000076,0.000113
ACAGCGCACCCGCAGC-1,0.000071,0.000071,0.000071,0.437906,0.000071,0.000071,0.000071,0.000071,0.554483,0.007118
ACAGGCACGGATCCTT-1,0.000021,0.723196,0.014722,0.009639,0.117272,0.000021,0.135001,0.000021,0.000042,0.000064
ACAGGCTTGCCCGACT-1,0.000016,0.214827,0.085204,0.012087,0.021277,0.032757,0.000016,0.032615,0.254318,0.346883
ACAGGTGGAGGTGAGG-1,0.000019,0.000019,0.000019,0.082111,0.011085,0.02445,0.048914,0.019658,0.366732,0.446993
ACAGGTGTGTTGTTGC-1,0.000065,0.025519,0.000065,0.021978,0.944499,0.000065,0.007423,0.000065,0.000129,0.000194
ACAGTAATACAACTTG-1,0.001413,0.000032,0.002288,0.267454,0.030946,0.002501,0.129146,0.022548,0.505452,0.038221
ACAGTATACCGTGGGA-1,0.000032,0.000032,0.000032,0.417276,0.000032,0.195871,0.054567,0.000097,0.109251,0.22281
ACATAAGTCGTGGTGA-1,0.000076,0.000076,0.000076,0.283303,0.715858,0.000076,0.000076,0.000076,0.000153,0.000229
ACATAATAAGGCGGTG-1,0.039978,0.000017,0.000017,0.000463,0.000017,0.0408,0.074054,0.006046,0.523797,0.31481
ACATACAATCAAGCGG-1,0.000017,0.597096,0.040307,0.043176,0.085724,0.178697,0.036981,0.001449,0.000461,0.016092
ACATCAGCTGGGACGC-1,0.000027,0.000027,0.000027,0.037352,0.109433,0.000411,0.140528,0.000027,0.711987,0.000179
ACATCCCGGCCATACG-1,0.000035,0.086287,0.007018,0.252001,0.002835,0.107264,0.0734,0.135621,0.137513,0.198027
ACATCCTGGTAACTGT-1,0.000035,0.39178,0.069913,0.238138,0.091346,0.00239,0.004874,0.000035,0.078862,0.122628
ACATCGATCGTTTACC-1,0.000046,0.000046,0.000046,0.411037,0.096773,0.000046,0.000046,0.076503,0.143893,0.271564
ACATCGCAATATTCGG-1,0.000033,0.013735,0.000033,0.298768,0.062771,0.096271,0.414613,0.000033,0.106638,0.007104
ACATCGGTCAGCCGCG-1,0.000048,0.076177,0.000048,0.507496,0.012741,0.011101,0.000048,0.000048,0.360203,0.032089
ACATCGTATGCAATGG-1,0.000022,0.000022,0.176953,0.024777,0.128193,0.001663,0.004482,0.005959,0.21137,0.446558
ACATCGTTAACCTAGT-1,0.000049,0.000049,0.000049,0.306138,0.022142,0.000049,0.000049,0.145638,0.473632,0.052207
ACATCTCAACGCGTAA-1,0.000082,0.000082,0.000082,0.447032,0.473724,0.000082,0.000082,0.000082,0.078504,0.000247
ACATGGCGCCAAAGTA-1,0.000027,0.478992,0.113382,0.160901,0.000027,0.002953,0.000027,0.000027,0.069514,0.174148
ACATGGCTCAATTTAG-1,0.000178,0.000178,0.000178,0.242558,0.239025,0.000178,0.000178,0.000178,0.391099,0.126249
ACATTAGTTTATATCC-1,0.042856,0.194906,0.000041,0.259196,0.05465,0.02286,0.020492,0.052547,0.17076,0.181691
ACATTCGCGCGGAATA-1,0.000035,0.000035,0.000035,0.436254,0.122212,0.144281,0.2814,0.000035,0.015606,0.000106
ACATTTGAAACCTAAC-1,0.000015,0.896274,0.00223,0.001434,0.000015,0.042255,0.057688,0.000015,0.00003,0.000045
ACCAAACACCCAGCGA-1,0.000017,0.00213,0.000017,0.151136,0.009172,0.129811,0.032066,0.024205,0.356086,0.295358
ACCAAACTAGAAATCC-1,0.000034,0.000034,0.004373,0.000034,0.90231,0.000034,0.023672,0.000034,0.000068,0.069407
ACCAACACCACACACT-1,0.000012,0.131313,0.025497,0.014349,0.007441,0.05099,0.022002,0.013421,0.144898,0.590077
ACCAACCGCACTCCAC-1,0.000028,0.675805,0.000841,0.052067,0.103992,0.004512,0.162589,0.000028,0.000055,0.000083
ACCAACGCTTATTTAT-1,0.000026,0.000026,0.000026,0.246031,0.023929,0.192665,0.000026,0.100755,0.053067,0.383449
ACCAAGAACGCGTGTC-1,0.000039,0.000039,0.000039,0.208357,0.102664,0.000039,0.000039,0.000039,0.61031,0.078438
ACCAAGTCATCGGCAG-1,0.000012,0.999854,0.000012,0.000012,0.000012,0.000012,0.000012,0.000012,0.000024,0.000037
ACCAATATGCAAGTTA-1,0.000025,0.000025,0.046164,0.324592,0.000517,0.063166,0.000647,0.019998,0.066841,0.478025
