Barcode,Topic 1,Topic 2,Topic 3,Topic 4,Topic 5,Topic 6,Topic 7,Topic 8,Topic 9,Topic 10,Topic 11to12
AAACAAGTATCTCCCA-1,0.199988,0.051746,0.044672,0.053188,0.000023,0.073479,0.010608,0.565473,0.000023,0.000023,0.000776
AAACACCAATAACTGC-1,0.000547,0.251697,0.057859,0.011765,0.039614,0.012023,0.009426,0.026452,0.458821,0.129769,0.002026
AAACAGAGCGACTCCT-1,0.000032,0.010418,0.000174,0.002942,0.079652,0.000032,0.000032,0.041682,0.366289,0.183033,0.315715
AAACAGCTTTCAGAAG-1,0.000019,0.002752,0.000019,0.651732,0.015408,0.003706,0.000906,0.00612,0.183399,0.002988,0.132951
AAACAGGGTCTATATT-1,0.000025,0.136718,0.000025,0.029695,0.002653,0.170965,0.000025,0.000025,0.157311,0.095231,0.407327
AAACAGTGTTCCTGGG-1,0.024049,0.521651,0.145809,0.000012,0.000012,0.000012,0.000012,0.000121,0.308284,0.000012,0.000024
AAACATGGTGAGAGGA-1,0.06021,0.366795,0.00948,0.099321,0.055357,0.051663,0.003604,0.079966,0.119541,0.053681,0.100382
AAACATTTCCCGGATT-1,0.362552,0.005283,0.344789,0.045489,0.008796,0.011009,0.051331,0.048708,0.030076,0.026905,0.065063
AAACCACTACACAGAT-1,0.000027,0.104923,0.017465,0.265141,0.055711,0.000027,0.000027,0.187294,0.107266,0.038295,0.223826
AAACCCGAACGAAATC-1,0.236304,0.007724,0.061008,0.020208,0.053098,0.001648,0.135818,0.055336,0.182796,0.03085,0.21521
AAACCGGAAATGTTAA-1,0.137698,0.055649,0.084194,0.039547,0.021442,0.054706,0.220991,0.044562,0.223554,0.003872,0.113784
AAACCGGGTAGGTACC-1,0.014725,0.043183,0.000178,0.011141,0.03188,0.023618,0.000027,0.05107,0.36448,0.000951,0.458748
AAACCGTTCGTCCAGG-1,0.000364,0.055577,0.135373,0.000027,0.002323,0.000027,0.028638,0.451286,0.191782,0.007983,0.12662
AAACCTAAGCAGCCGG-1,0.788858,0.002135,0.000025,0.000025,0.000025,0.208784,0.000025,0.000025,0.000025,0.000025,0.00005
AAACCTCATGAAGTTG-1,0.000027,0.000027,0.000027,0.197337,0.014221,0.000027,0.000027,0.10866,0.024699,0.026718,0.62823
AAACGAAGAACATACC-1,0.000035,0.000035,0.01095,0.016641,0.000035,0.000035,0.000035,0.146906,0.310711,0.000035,0.514579
AAACGAAGATGGAGTA-1,0.000045,0.325919,0.032692,0.091319,0.000045,0.002637,0.000045,0.06803,0.347131,0.000045,0.13209
AAACGACAGTCTTGCC-1,0.000021,0.081776,0.035979,0.319539,0.062452,0.000021,0.000061,0.154446,0.084193,0.029868,0.231644
AAACGAGACGGTTGAT-1,0.043564,0.000925,0.026148,0.000038,0.000038,0.000038,0.000038,0.20147,0.596564,0.001808,0.129367
AAACGCCCGAGATCGG-1,0.000024,0.000024,0.000024,0.341199,0.034099,0.017388,0.020536,0.113699,0.001336,0.110311,0.36136
AAACGCTGGGCACGAC-1,0.308694,0.14054,0.006139,0.032208,0.017329,0.120399,0.23187,0.012182,0.072488,0.002509,0.05564
AAACGGGCGTACGGGT-1,0.393465,0.000043,0.40265,0.000043,0.000043,0.000043,0.000043,0.000043,0.203502,0.000043,0.000085
AAACGGTTGCGAACTG-1,0.005362,0.078518,0.240131,0.045428,0.229875,0.014692,0.055103,0.042571,0.113776,0.076874,0.09767
AAACGTGTTCGCCCTA-1,0.001039,0.135025,0.000019,0.020152,0.003083,0.045371,0.052354,0.235269,0.000263,0.424653,0.082772
AAACTAACGTGGCGAC-1,0.013188,0.027305,0.006738,0.015314,0.107756,0.03897,0.025011,0.004808,0.142953,0.21109,0.406866
AAACTCGGTTCGCAAT-1,0.085821,0.046022,0.343586,0.152526,0.043482,0.066566,0.093221,0.119795,0.003223,0.00953,0.036227
AAACTCGTGATATAAG-1,0.000022,0.06985,0.061077,0.012244,0.216096,0.009415,0.01792,0.029976,0.24111,0.018558,0.323732
AAACTGCTGGCTCCAA-1,0.00082,0.00002,0.171939,0.004561,0.042638,0.00002,0.018663,0.006187,0.244846,0.021535,0.48877
AAACTTAATTGCACGC-1,0.014212,0.170299,0.001023,0.398316,0.062993,0.014012,0.021753,0.195997,0.000892,0.079921,0.040582
AAACTTGCAAACGTAT-1,0.01135,0.026013,0.000036,0.003584,0.012109,0.051918,0.009238,0.121454,0.558395,0.046277,0.159628
AAAGAATGACCTTAGA-1,0.007539,0.380842,0.011944,0.123669,0.00228,0.07838,0.039593,0.129958,0.087107,0.00023,0.138457
AAAGAATGTGGACTAA-1,0.797495,0.007097,0.057138,0.000286,0.002512,0.056855,0.037551,0.000029,0.004282,0.03672,0.000034
AAAGACATGAAGTTTA-1,0.000035,0.005296,0.000257,0.355396,0.02497,0.038315,0.022381,0.111752,0.059791,0.023212,0.358594
AAAGACCCAAGTCGCG-1,0.000061,0.000061,0.008607,0.16431,0.000061,0.000061,0.000061,0.083954,0.218579,0.000061,0.524182
AAAGACTGGGCGCTTT-1,0.000082,0.002082,0.000082,0.000082,0.000082,0.05975,0.000082,0.200847,0.583776,0.000082,0.153052
AAAGCTTGCCTACATA-1,0.002833,0.238428,0.063538,0.010682,0.045732,0.032185,0.088555,0.056071,0.150001,0.051691,0.260284
AAAGGCCCTATAATAC-1,0.009886,0.498729,0.018462,0.009269,0.03045,0.241672,0.002578,0.00001,0.141119,0.046428,0.001396
AAAGGCTACGGACCAT-1,0.081937,0.151735,0.105191,0.02402,0.00179,0.052676,0.075382,0.229927,0.217091,0.00003,0.060222
AAAGGCTCTCGCGCCG-1,0.036508,0.013339,0.053445,0.023249,0.002997,0.004291,0.15063,0.635658,0.000025,0.028538,0.051319
AAAGGGATGTAGCAAG-1,0.000836,0.055838,0.000018,0.004507,0.007912,0.00717,0.002778,0.227075,0.283396,0.067004,0.343467
AAAGGGCAGCTTGAAT-1,0.000058,0.000058,0.000239,0.195244,0.006106,0.000058,0.000058,0.08351,0.305966,0.000058,0.408647
AAAGGTAAGCTGTACC-1,0.000034,0.042987,0.000034,0.014691,0.000091,0.001742,0.000437,0.042753,0.254906,0.235303,0.407022
AAAGGTCAACGACATG-1,0.000023,0.037584,0.002887,0.300549,0.243068,0.136593,0.013686,0.006045,0.076006,0.037295,0.146265
AAAGTAGCATTGCTCA-1,0.015979,0.148351,0.00003,0.00003,0.00003,0.001822,0.020587,0.784791,0.00003,0.027403,0.000948
AAAGTCACTGATGTAA-1,0.000035,0.000035,0.000035,0.186188,0.008094,0.000035,0.000035,0.037067,0.158464,0.001543,0.608469
AAAGTCGACCCTCAGT-1,0.00004,0.032629,0.00004,0.04267,0.036334,0.017646,0.00004,0.068031,0.15826,0.00004,0.644268
AAAGTGCCATCAATTA-1,0.182378,0.001697,0.000008,0.000008,0.000008,0.799633,0.000008,0.01623,0.000008,0.000008,0.000016
AAAGTGTGATTTATCT-1,0.039114,0.000033,0.192021,0.02988,0.003402,0.123919,0.088598,0.017239,0.257959,0.000033,0.247802
AAAGTTGACTCCCGTA-1,0.013639,0.000014,0.073889,0.043905,0.0359,0.000014,0.030775,0.013037,0.094044,0.04901,0.645774
AAATAACCATACGGGA-1,0.000043,0.018153,0.000043,0.000043,0.000574,0.000043,0.000043,0.240482,0.150129,0.118002,0.472446
AAATAAGGTAGTGCCC-1,0.002564,0.121288,0.154209,0.000026,0.001416,0.000026,0.000026,0.264491,0.300105,0.096423,0.059428
AAATACCTATAAGCAT-1,0.030451,0.000035,0.128235,0.000035,0.000035,0.000035,0.00115,0.135426,0.406199,0.001742,0.296656
AAATAGCTTAGACTTT-1,0.046293,0.022692,0.149017,0.015789,0.04253,0.070303,0.050284,0.101632,0.060825,0.113174,0.32746
AAATAGGGTGCTATTG-1,0.220341,0.000017,0.014144,0.016978,0.068572,0.000017,0.051989,0.146147,0.083911,0.040819,0.357063
AAATCACTCCTAAACG-1,0.034781,0.175332,0.000018,0.075348,0.000021,0.703009,0.003423,0.000018,0.000018,0.007994,0.000037
AAATCCGATACACGCC-1,0.192586,0.000661,0.01512,0.207174,0.003093,0.022902,0.542268,0.000009,0.000009,0.014161,0.002018
AAATCGCGGAAGGAGT-1,0.000028,0.069023,0.015405,0.206495,0.040948,0.000028,0.000028,0.107756,0.471439,0.000028,0.088823
AAATCGTGTACCACAA-1,0.000019,0.00121,0.00448,0.000332,0.008332,0.053109,0.033299,0.144111,0.036258,0.042391,0.676459
AAATCTAGCCCTGCTA-1,0.081063,0.001871,0.218824,0.152048,0.012372,0.000019,0.218051,0.131527,0.029199,0.008337,0.146687
AAATCTGCCCGCGTCC-1,0.030311,0.387478,0.071425,0.120148,0.007034,0.011832,0.000024,0.244938,0.078531,0.000024,0.048253
AAATGACTGATCAAAC-1,0.042387,0.031056,0.010575,0.039284,0.000272,0.426512,0.410887,0.03339,0.002095,0.00021,0.003331
AAATGATTCGATCAGC-1,0.000024,0.041661,0.009988,0.000506,0.028464,0.009937,0.025405,0.130011,0.275105,0.128238,0.35066
AAATGCTCGTTACGTT-1,0.125446,0.024127,0.000197,0.000197,0.000197,0.000197,0.000197,0.063748,0.379523,0.000197,0.405974
AAATGGCATGTCTTGT-1,0.000059,0.14424,0.000059,0.000059,0.000059,0.013769,0.000059,0.160187,0.173725,0.000349,0.507437
AAATGGCCCGTGCCCT-1,0.000023,0.028052,0.000023,0.224203,0.086386,0.01199,0.011861,0.058132,0.19782,0.091425,0.290086
AAATGGTCAATGTGCC-1,0.000024,0.045535,0.003949,0.000024,0.000024,0.000024,0.000024,0.722759,0.021659,0.169723,0.036256
AAATGTGGGTGCTCCT-1,0.000111,0.22375,0.000111,0.000111,0.000111,0.000111,0.000111,0.263134,0.512116,0.000111,0.000222
AAATTAACGGGTAGCT-1,0.016634,0.034491,0.01635,0.001699,0.037118,0.00867,0.020884,0.034733,0.194496,0.024837,0.610089
AAATTAATAAGCGCGA-1,0.090634,0.153638,0.000057,0.021988,0.000057,0.081419,0.000057,0.141382,0.495736,0.000057,0.014976
AAATTACACGACTCTG-1,0.000036,0.005957,0.000036,0.051853,0.007915,0.065031,0.009598,0.000036,0.205665,0.203081,0.45079
AAATTACCTATCGATG-1,0.03541,0.06611,0.014877,0.000027,0.004009,0.001975,0.026578,0.272303,0.289877,0.038842,0.249992
AAATTCCAGGTCCAAA-1,0.010228,0.065926,0.061848,0.005025,0.001274,0.130657,0.046733,0.020025,0.100366,0.167175,0.390743
AAATTGATAGTCCTTT-1,0.000015,0.013874,0.000015,0.063422,0.029929,0.002952,0.008431,0.049202,0.025286,0.393249,0.413625
AAATTGGTGAGAAGCA-1,0.009014,0.342349,0.008854,0.000023,0.000023,0.000023,0.000023,0.558138,0.04001,0.041072,0.000471
AAATTTACCGAAATCC-1,0.00004,0.00004,0.00004,0.038276,0.021567,0.08125,0.00004,0.030712,0.152549,0.174786,0.5007
AAATTTGCGGGTGTGG-1,0.000021,0.021834,0.000021,0.018536,0.022477,0.000021,0.000021,0.043925,0.386434,0.117905,0.388805
AACAACTGGTAGTTGC-1,0.000022,0.000022,0.000022,0.022288,0.034248,0.000022,0.000022,0.215977,0.001351,0.210266,0.51576
AACAATACATTGTCGA-1,0.000009,0.015202,0.009808,0.035727,0.10157,0.024749,0.241906,0.009694,0.019999,0.200359,0.340976
AACAATTACTCTACGC-1,0.000049,0.000049,0.000049,0.004907,0.000049,0.000049,0.000049,0.669161,0.015448,0.000049,0.310141
AACACACGCTCGCCGC-1,0.065612,0.000023,0.219095,0.047631,0.030006,0.043972,0.275812,0.005253,0.047188,0.000024,0.265383
AACACGACTGTACTGA-1,0.000035,0.000035,0.000035,0.020589,0.06935,0.000035,0.000035,0.004468,0.079585,0.002365,0.823466
AACACGAGACGCGGCC-1,0.000012,0.000012,0.000012,0.072435,0.005747,0.136313,0.010179,0.022292,0.020091,0.31782,0.415089
AACAGCTGTGTGGCAA-1,0.001967,0.094054,0.004348,0.016268,0.002787,0.008443,0.030961,0.349759,0.000089,0.460194,0.031131
AACAGGAAATCGAATA-1,0.013444,0.011368,0.002037,0.023551,0.01132,0.000047,0.000047,0.093747,0.505231,0.05067,0.288539
AACAGGATGGGCCGCG-1,0.00005,0.00005,0.00005,0.00005,0.00005,0.00005,0.00005,0.027625,0.36368,0.00005,0.608294
AACAGGTAGTATGGAT-1,0.031489,0.035184,0.020947,0.06001,0.00726,0.085829,0.373284,0.117881,0.073047,0.002656,0.192413
AACATAGCGTGTATCG-1,0.948328,0.0023,0.023046,0.000022,0.000022,0.000022,0.000022,0.000022,0.026149,0.000022,0.000044
AACATATCAACTGGTG-1,0.00002,0.022111,0.052505,0.001683,0.019422,0.00002,0.055961,0.253996,0.137112,0.019608,0.437562
AACATCGATACGTCTA-1,0.000011,0.000011,0.000011,0.021686,0.017384,0.000011,0.043561,0.000133,0.013677,0.424708,0.478807
AACATTGAAGTTGATC-1,0.030484,0.470431,0.025537,0.016596,0.013501,0.010074,0.005001,0.212936,0.01539,0.190976,0.009075
AACATTGTGACTCGAG-1,0.008124,0.110342,0.379662,0.012031,0.003504,0.008933,0.000032,0.024698,0.442951,0.000032,0.009691
AACCAAGACTTCTCTG-1,0.007141,0.030932,0.000034,0.034167,0.045435,0.008392,0.000034,0.616288,0.033239,0.000034,0.224302
AACCAGTATCACTCTT-1,0.000056,0.012609,0.000056,0.223108,0.010535,0.017218,0.038029,0.004775,0.21781,0.031636,0.444167
AACCATAGGGTTGAAC-1,0.000207,0.279008,0.021246,0.264025,0.124709,0.056015,0.007413,0.002113,0.10514,0.013532,0.126591
AACCATGGGATCGCTA-1,0.000114,0.167538,0.000114,0.000114,0.000114,0.000114,0.000114,0.028058,0.138401,0.000114,0.665204
AACCCAGAGACGGAGA-1,0.029163,0.000041,0.00528,0.022164,0.017541,0.000041,0.000041,0.184467,0.197573,0.000041,0.543647
AACCCATCCCATGATC-1,0.045621,0.120761,0.026189,0.160495,0.129352,0.000026,0.010486,0.018708,0.407582,0.03382,0.046959
AACCCGACAACCCGTG-1,0.017973,0.172377,0.131806,0.190792,0.005225,0.244473,0.081688,0.076386,0.036999,0.000959,0.041322
AACCCGAGCAGAATCG-1,0.024577,0.030877,0.105199,0.109229,0.007644,0.409604,0.232441,0.065551,0.002532,0.000554,0.011792
AACCCGATAGGGCTTC-1,0.000034,0.260114,0.000034,0.024551,0.205044,0.003616,0.000034,0.114676,0.147481,0.066108,0.178307
AACCCGCTGTATTCCA-1,0.243837,0.282158,0.090072,0.002665,0.000016,0.24455,0.000016,0.068692,0.064866,0.000016,0.003112
AACCCTACTGTCAATA-1,0.027475,0.000023,0.115137,0.002454,0.013324,0.000023,0.0456,0.31278,0.212498,0.000023,0.270663
AACCCTGGTGGAACCA-1,0.000032,0.007924,0.003127,0.118409,0.014527,0.065162,0.002795,0.018884,0.022066,0.075382,0.671691
AACCGAGCTTGGTCAT-1,0.07673,0.047604,0.000023,0.001622,0.005298,0.035817,0.002952,0.207786,0.16216,0.038601,0.421407
AACCGCTAAGGGATGC-1,0.044571,0.000018,0.057468,0.0411,0.000381,0.046775,0.421264,0.11386,0.09501,0.000018,0.179534
AACCGTTGTGTTTGCT-1,0.000054,0.000054,0.000054,0.039437,0.065216,0.000054,0.000054,0.106989,0.418358,0.002928,0.366801
AACCTAAAGCCGTCCG-1,0.000067,0.006372,0.000067,0.208436,0.004845,0.000067,0.000067,0.129858,0.078819,0.000067,0.571336
AACCTCGCTTTAGCCC-1,0.557097,0.000013,0.000013,0.098872,0.034882,0.038316,0.202715,0.000889,0.000013,0.00944,0.057749
AACCTGTCACGGAATT-1,0.053676,0.106263,0.152359,0.02254,0.047708,0.000022,0.04653,0.170764,0.138251,0.117314,0.144572
AACCTTTAAATACGGT-1,0.000042,0.000042,0.262345,0.000042,0.000042,0.000042,0.000042,0.09471,0.394193,0.000042,0.248455
AACCTTTACGACGTCT-1,0.00004,0.007073,0.016835,0.00004,0.003984,0.00004,0.00004,0.183024,0.452064,0.127596,0.209263
AACGAAAGTCGTCCCA-1,0.000014,0.053817,0.013946,0.274102,0.189178,0.016089,0.001235,0.007578,0.314448,0.006018,0.123576
AACGACCTCCTAGCCG-1,0.191961,0.050107,0.203547,0.226987,0.011333,0.010418,0.059063,0.001804,0.001189,0.069974,0.173617
AACGATAATGCCGTAG-1,0.0998,0.00002,0.129537,0.054749,0.025229,0.017,0.083462,0.009577,0.112921,0.00002,0.467684
AACGATAGAAGGGCCG-1,0.000039,0.000039,0.000039,0.025931,0.280117,0.000039,0.000039,0.000039,0.008592,0.006078,0.67905
AACGATATGTCAACTG-1,0.037566,0.011544,0.011136,0.00003,0.00003,0.00003,0.00003,0.215594,0.28146,0.01537,0.427209
AACGCATGATCTGGGT-1,0.06061,0.022941,0.034388,0.020584,0.131038,0.003011,0.0432,0.011674,0.135094,0.079696,0.457763
AACGCGACCTTGGGCG-1,0.002123,0.170338,0.146853,0.075165,0.004015,0.19226,0.252474,0.122196,0.025398,0.000019,0.00916
AACGCGGTCTCCAGCC-1,0.026458,0.04591,0.000037,0.000037,0.000037,0.000037,0.000037,0.638772,0.029219,0.087956,0.171501
AACGCTGTTGCTGAAA-1,0.243477,0.000028,0.034562,0.082342,0.028807,0.000028,0.079726,0.202498,0.033099,0.037985,0.257448
AACGGACGTACGTATA-1,0.017221,0.000015,0.176621,0.08306,0.026328,0.000015,0.278966,0.010411,0.020829,0.008902,0.377631
AACGGCCATCTCCGGT-1,0.035345,0.107817,0.000019,0.003169,0.000019,0.09081,0.005501,0.421147,0.008628,0.029916,0.297631
AACGTACTGTGGGTAC-1,0.004674,0.043233,0.007555,0.034988,0.007628,0.068667,0.01502,0.00283,0.230058,0.026974,0.558372
AACGTCAGACTAGTGG-1,0.00004,0.00004,0.00004,0.005401,0.024231,0.00004,0.00004,0.075189,0.282632,0.014363,0.597982
AACGTCATCCGGCTTG-1,0.057332,0.081646,0.39389,0.000032,0.000032,0.000032,0.000032,0.033912,0.432999,0.000032,0.000063
AACGTCGCTGCACTTC-1,0.9999,0.000009,0.000009,0.000009,0.000009,0.000009,0.000009,0.000009,0.000009,0.000009,0.000018
AACGTGATGAAGGACA-1,0.000026,0.000026,0.000026,0.085218,0.000026,0.034694,0.014274,0.447556,0.000026,0.125998,0.292129
AACGTGCGAAAGTCTC-1,0.104676,0.015461,0.032426,0.000024,0.000024,0.019426,0.002935,0.092373,0.257079,0.037202,0.438374
AACGTTATCAGCACCT-1,0.063393,0.003527,0.000084,0.000084,0.122097,0.090798,0.000084,0.141606,0.232588,0.000084,0.345655
AACGTTCTACCATTGT-1,0.373105,0.212997,0.024375,0.000933,0.000017,0.006617,0.000017,0.379322,0.000017,0.000017,0.002582
AACTACCCGTTTGTCA-1,0.000014,0.000011,0.010624,0.106551,0.024205,0.258548,0.204436,0.032281,0.009764,0.011556,0.34201
AACTAGCGTATCGCAC-1,0.034259,0.00004,0.00004,0.047862,0.006431,0.008495,0.010849,0.311003,0.039071,0.00004,0.541909
AACTAGGCTTGGGTGT-1,0.003324,0.024376,0.147652,0.000042,0.000042,0.000042,0.000042,0.254807,0.484805,0.000042,0.084827
AACTCAAGTTAATTGC-1,0.000029,0.004673,0.010462,0.000029,0.003953,0.000029,0.000029,0.321266,0.432592,0.057225,0.169714
AACTCCAGAGCGTGTT-1,0.357994,0.002522,0.27931,0.06332,0.075561,0.000032,0.005029,0.080916,0.018485,0.000032,0.116799
AACTCCTAATCCCATG-1,0.000026,0.072565,0.000026,0.006361,0.000026,0.029788,0.012213,0.003233,0.066401,0.21804,0.591323
AACTCTCAATAGAGCG-1,0.000024,0.000024,0.127365,0.052168,0.058172,0.000024,0.076691,0.178988,0.041846,0.022943,0.441756
AACTCTCAGTGTGCTC-1,0.012171,0.073635,0.049118,0.011324,0.02332,0.027936,0.121656,0.039017,0.190508,0.010732,0.440583
AACTGAGGTCAGCGTC-1,0.000032,0.055068,0.000032,0.130271,0.088136,0.001062,0.000032,0.006048,0.218971,0.223926,0.276421
AACTGAGTTATACTGA-1,0.07659,0.231293,0.172446,0.000022,0.000022,0.018272,0.003757,0.432153,0.056181,0.008602,0.000663
AACTGATATTAGGCCT-1,0.000061,0.09743,0.000061,0.000061,0.000061,0.020763,0.000061,0.087839,0.632631,0.001451,0.159581
AACTGGGTCCCGACGT-1,0.000037,0.000037,0.001132,0.000037,0.002925,0.047691,0.000037,0.050886,0.501087,0.023644,0.372488
AACTGGGTTCGAGCCG-1,0.000045,0.000045,0.000045,0.011849,0.067931,0.001522,0.011649,0.00626,0.161334,0.017281,0.722039
AACTGGTGTGGGCCTT-1,0.019974,0.032489,0.000108,0.000108,0.000108,0.000108,0.000108,0.189495,0.757178,0.000108,0.000216
AACTTCTGCGTCTATC-1,0.000076,0.000076,0.000076,0.063392,0.000076,0.007127,0.000076,0.15226,0.166888,0.000076,0.609875
AACTTGCCCGTATGCA-1,0.000048,0.000048,0.000048,0.007737,0.010631,0.000048,0.000048,0.017347,0.207171,0.000048,0.756827
AACTTTACGGGAGCTT-1,0.055452,0.293416,0.000096,0.000096,0.000096,0.086791,0.000096,0.177125,0.336025,0.000096,0.05071
AACTTTAGCTGCTGAG-1,0.231422,0.139789,0.000112,0.000112,0.000112,0.000112,0.000112,0.542922,0.084969,0.000112,0.000225
AACTTTCTCGATCATG-1,0.077705,0.090847,0.007343,0.050588,0.029235,0.017289,0.081758,0.069794,0.01871,0.366424,0.190307
AAGAAAGTTTGATGGG-1,0.000013,0.312294,0.014566,0.247734,0.023504,0.001496,0.001118,0.115916,0.184782,0.000013,0.098564
AAGAAATCACCAGATT-1,0.003543,0.187747,0.083495,0.008647,0.071979,0.035346,0.02047,0.031827,0.369827,0.051232,0.135887
AAGACATACGTGGTTT-1,0.264908,0.033429,0.176841,0.12165,0.054817,0.000013,0.298068,0.018157,0.005042,0.015142,0.011933
AAGACCAAATAACTCA-1,0.019983,0.160653,0.019531,0.312191,0.048345,0.030518,0.000557,0.062691,0.244389,0.000535,0.100607
AAGACCCAACTGAACA-1,0.002212,0.035336,0.278851,0.011696,0.056152,0.003517,0.047253,0.165842,0.149264,0.078777,0.171101
AAGACTCACGCCCACT-1,0.000068,0.033747,0.000068,0.161957,0.000068,0.05932,0.000068,0.432068,0.005715,0.000068,0.306855
AAGACTGCAAGCTACT-1,0.02902,0.000025,0.056008,0.007374,0.01933,0.000025,0.025991,0.002421,0.231719,0.018325,0.609763
AAGAGATGAATCGGTA-1,0.000035,0.000035,0.000035,0.053482,0.133595,0.000035,0.000035,0.000035,0.077528,0.009796,0.72539
AAGAGCTCTTTATCGG-1,0.062015,0.026656,0.007282,0.000035,0.000035,0.000035,0.000035,0.882816,0.0196,0.00005,0.001442
AAGAGGATGTACGCGA-1,0.000019,0.000019,0.000019,0.025916,0.025269,0.02439,0.003013,0.000019,0.053793,0.249816,0.617725
AAGAGGCATGGATCGC-1,0.048636,0.001507,0.001668,0.000016,0.000016,0.049171,0.000016,0.259155,0.090204,0.227139,0.322472
AAGAGGCCCTTTGGAA-1,0.22852,0.098543,0.432692,0.014181,0.000037,0.050753,0.001897,0.067679,0.100595,0.000037,0.005065
AAGATGGCACCGGACC-1,0.043394,0.219264,0.020652,0.002767,0.010705,0.146089,0.08657,0.188874,0.049224,0.027006,0.205455
AAGATTGGCGGAACGT-1,0.002141,0.158358,0.013529,0.000035,0.0045,0.027918,0.006829,0.076674,0.270055,0.021714,0.418248
AAGCACCCTGCGTATC-1,0.2547,0.179588,0.019615,0.000073,0.000073,0.088501,0.000073,0.390112,0.014278,0.000073,0.052912
AAGCATACTCTCCTGA-1,0.00003,0.00003,0.260079,0.006786,0.02048,0.00003,0.00003,0.182334,0.266571,0.00003,0.263597
AAGCCACTTGCAGGTA-1,0.004088,0.139905,0.013394,0.00195,0.015728,0.771992,0.002828,0.000006,0.045064,0.003734,0.001311
AAGCCGAAGCGGTTTA-1,0.061578,0.010948,0.010012,0.10608,0.007876,0.150811,0.161962,0.058326,0.003154,0.052448,0.376804
AAGCCGCCGTGAAATC-1,0.095707,0.512127,0.001262,0.02585,0.010942,0.071702,0.030876,0.054205,0.012322,0.167164,0.017844
AAGCCGCTTTACCTTG-1,0.000009,0.011143,0.005057,0.046536,0.061039,0.237584,0.084988,0.000009,0.050534,0.122586,0.380515
AAGCCGGAGAGCAGGA-1,0.029345,0.146431,0.1723,0.010935,0.048159,0.016101,0.106997,0.03995,0.207374,0.084894,0.137515
AAGCGCAGGGCTTTGA-1,0.284238,0.25818,0.120724,0.009603,0.000034,0.218354,0.005838,0.02577,0.07709,0.000034,0.000137
AAGCGGAGTGCGCGCA-1,0.019096,0.152247,0.026746,0.031926,0.086926,0.001439,0.017167,0.000023,0.471707,0.139847,0.052878
AAGCGGCGTCATGGGT-1,0.000039,0.030646,0.000039,0.032875,0.108369,0.000039,0.000092,0.000039,0.248646,0.366987,0.21223
AAGCGTCCCTCATCGA-1,0.015759,0.136682,0.088802,0.000041,0.000041,0.090012,0.003011,0.221537,0.398954,0.000041,0.045122
AAGCTAGATCGAGTAA-1,0.007696,0.00003,0.211251,0.003458,0.030695,0.002642,0.010999,0.129635,0.211932,0.004016,0.387648
AAGCTATGGATTGACC-1,0.074826,0.493241,0.002215,0.140146,0.000062,0.003452,0.000062,0.170107,0.105311,0.000062,0.010515
AAGCTCGTGCCAAGTC-1,0.019354,0.033732,0.063871,0.000028,0.000859,0.000028,0.000028,0.762239,0.018328,0.011791,0.089741
AAGCTCTTTCATGGTG-1,0.340446,0.000041,0.188509,0.000041,0.000041,0.000041,0.000041,0.455895,0.002513,0.000041,0.012392
AAGGAGAACTTATAAG-1,0.021381,0.132725,0.000112,0.000112,0.000112,0.000112,0.000112,0.192483,0.547204,0.000112,0.105533
AAGGAGCGGTTGGTGC-1,0.000028,0.003788,0.019484,0.001344,0.042334,0.000028,0.001271,0.16216,0.290833,0.248123,0.230607
AAGGATCGATCGCTTG-1,0.000018,0.007599,0.093948,0.095459,0.161419,0.000182,0.171716,0.103629,0.142315,0.025211,0.198503
AAGGATGAGGGACCTC-1,0.000009,0.000009,0.000009,0.011712,0.026505,0.104855,0.119773,0.000009,0.002851,0.084276,0.649992
AAGGCAGGCTGTCTCC-1,0.002913,0.096776,0.217896,0.053419,0.0553,0.033759,0.136368,0.04366,0.250124,0.00345,0.106333
AAGGCGCGTAAAGCTT-1,0.000043,0.000043,0.000043,0.000043,0.00024,0.000043,0.000043,0.358823,0.306782,0.000043,0.333852
AAGGCTGTGCTCATCG-1,0.000031,0.006571,0.033117,0.000031,0.012211,0.000031,0.000031,0.130965,0.366999,0.229765,0.22025
AAGGGAACGACTGGCT-1,0.000006,0.220088,0.004206,0.067216,0.439202,0.005617,0.017549,0.002213,0.051889,0.168252,0.023764
AAGGGACAGATTCTGT-1,0.005311,0.002893,0.077009,0.000541,0.022485,0.000022,0.0947,0.069983,0.298687,0.057444,0.370925
AAGGGACTATGCATTC-1,0.000011,0.234264,0.000046,0.003031,0.003604,0.173841,0.008361,0.007261,0.04259,0.521283,0.005707
AAGGGTTAGCCATGCG-1,0.822329,0.115076,0.001042,0.000016,0.000016,0.000016,0.000016,0.061426,0.000016,0.000016,0.000032
AAGGGTTTGATTTCAG-1,0.082294,0.438986,0.001955,0.052628,0.00004,0.00004,0.003183,0.040565,0.380187,0.00004,0.000081
AAGGTATCCTAATATA-1,0.000009,0.000009,0.000009,0.025593,0.010472,0.012023,0.053548,0.043129,0.000386,0.152986,0.701838
AAGGTGATAAACCAGC-1,0.000027,0.000027,0.21021,0.015933,0.013844,0.000027,0.015167,0.133095,0.229116,0.000027,0.382526
AAGTAGAAGACCGGGT-1,0.000068,0.000068,0.000068,0.000068,0.000068,0.000068,0.000068,0.000074,0.758335,0.000068,0.241043
AAGTAGTGACGCGAGG-1,0.062721,0.000059,0.000059,0.04445,0.000059,0.094788,0.028692,0.149408,0.217845,0.000059,0.40186
AAGTCAATTGTCGTCA-1,0.000027,0.000027,0.215204,0.072047,0.059804,0.000027,0.082057,0.120687,0.024055,0.025279,0.400784
AAGTCTAGTAGCTGCC-1,0.00354,0.080994,0.022587,0.022791,0.047816,0.361897,0.022075,0.000011,0.077466,0.261339,0.099484
AAGTCTTCTGTGGCCT-1,0.082025,0.664963,0.000069,0.000069,0.000069,0.132951,0.000069,0.000069,0.119513,0.000069,0.000137
AAGTGACGACCGAATT-1,0.000019,0.000019,0.000019,0.075738,0.147097,0.033348,0.009582,0.000019,0.054799,0.046669,0.632689
AAGTGAGTCGGGTTTA-1,0.062942,0.270903,0.116577,0.004126,0.013488,0.051902,0.078491,0.114591,0.118286,0.005982,0.162711
AAGTGCAAAGGTAGAC-1,0.00013,0.075043,0.00013,0.00013,0.00013,0.10046,0.00013,0.349009,0.412037,0.00013,0.062674
AAGTGCCTTGACTGTA-1,0.012639,0.000042,0.26973,0.000042,0.000042,0.000042,0.000042,0.169869,0.454671,0.000042,0.092839
AAGTGCGTTAGAATCT-1,0.039917,0.015797,0.040603,0.013821,0.015708,0.000036,0.000036,0.349633,0.357674,0.000036,0.16674
AAGTGCTTCTCTATTG-1,0.04828,0.368178,0.001581,0.00001,0.00001,0.578791,0.000194,0.002917,0.00001,0.00001,0.000019
AAGTGTTTGGAGACGG-1,0.082215,0.000063,0.266425,0.000063,0.000948,0.000063,0.000063,0.113723,0.520354,0.000063,0.016018
AAGTTCACTCCAAGCT-1,0.270277,0.002848,0.134658,0.091205,0.091366,0.005469,0.147765,0.044837,0.052576,0.009827,0.149171
AAGTTCAGTCTGCGTA-1,0.000007,0.000007,0.000007,0.007111,0.000007,0.17514,0.003354,0.073247,0.000007,0.451551,0.289563
AAGTTCGGCCAACAGG-1,0.000028,0.120728,0.00033,0.000028,0.000028,0.000028,0.000028,0.731789,0.071724,0.046682,0.028605
AAGTTGTGATGTTATA-1,0.391963,0.05785,0.369981,0.013059,0.061439,0.009774,0.014103,0.000029,0.046333,0.02724,0.008228
AAGTTTACTAATGGCA-1,0.000032,0.000032,0.000032,0.366362,0.000032,0.040191,0.000032,0.000032,0.000032,0.000032,0.593193
AAGTTTATGGGCCCAA-1,0.264718,0.096405,0.58582,0.000024,0.000024,0.000024,0.000024,0.032598,0.020293,0.000024,0.000048
AATAACAACGCTCGGC-1,0.016962,0.03652,0.000589,0.000038,0.000038,0.000038,0.000038,0.093252,0.683463,0.000038,0.169025
AATAACACTAGAACAA-1,0.135937,0.045491,0.004058,0.000596,0.049532,0.051763,0.021621,0.138423,0.320152,0.007873,0.224554
AATAACGTCGCGCCCA-1,0.948301,0.000422,0.008489,0.00001,0.009925,0.00001,0.00001,0.00001,0.024401,0.004161,0.004264
AATAAGTCCTCGAGAC-1,0.000043,0.000043,0.000043,0.139916,0.020741,0.000043,0.000043,0.039034,0.179164,0.000043,0.620885
AATAATCTTCGTATCG-1,0.007334,0.070401,0.053602,0.212552,0.005916,0.084161,0.286068,0.234697,0.000945,0.020497,0.023827
AATACAATGTTTCAGG-1,0.000129,0.06458,0.000129,0.000129,0.000129,0.000129,0.000129,0.322802,0.577382,0.000129,0.034336
AATACCGGAGGGCTGT-1,0.009999,0.467623,0.03711,0.037172,0.023049,0.092127,0.082801,0.023796,0.036297,0.103222,0.086805
AATACCTGATGTGAAC-1,0.343001,0.003614,0.017729,0.116848,0.001928,0.209336,0.306838,0.000008,0.000008,0.000676,0.000015
AATAGAACAGAGTGGC-1,0.000013,0.000013,0.000013,0.000013,0.000013,0.227774,0.08263,0.001046,0.001308,0.031945,0.655233
AATAGAATCTGTTTCA-1,0.050806,0.000017,0.042064,0.112807,0.002944,0.033671,0.397908,0.084879,0.05941,0.000017,0.215478
AATAGCAAGCCTCCTG-1,0.000038,0.16122,0.000038,0.097169,0.025956,0.00428,0.000038,0.371699,0.034946,0.131313,0.173304
AATAGCTACCGCGTGC-1,0.031284,0.0924,0.000028,0.000028,0.000028,0.002961,0.000028,0.744552,0.004752,0.069847,0.054091
AATAGGCACGACCCTT-1,0.041093,0.389078,0.00129,0.000017,0.000017,0.001988,0.000017,0.564765,0.000017,0.001681,0.000035
AATAGTCCGTCCCGAC-1,0.044727,0.001094,0.197167,0.027746,0.07264,0.000027,0.079537,0.067704,0.2105,0.003272,0.295586
AATAGTCGCGAGTCGG-1,0.059302,0.000208,0.000053,0.060033,0.023768,0.024977,0.018599,0.173149,0.179918,0.000053,0.45994
AATATCAAGGTCGGAT-1,0.000126,0.132344,0.000126,0.000126,0.000126,0.000126,0.000126,0.66299,0.203535,0.000126,0.000251
AATATCCTAGCAAACT-1,0.041798,0.499833,0.000047,0.000047,0.000047,0.017677,0.000047,0.221281,0.219082,0.000047,0.000094
AATATCGAATCAATGC-1,0.025889,0.002245,0.467206,0.000036,0.000036,0.000036,0.000036,0.089509,0.371963,0.000036,0.043006
AATATCGAGGGTTCTC-1,0.000014,0.004645,0.007765,0.001505,0.053885,0.135594,0.04046,0.004569,0.155973,0.075704,0.519886
AATATTGGAGTATTGA-1,0.000027,0.000027,0.000027,0.019249,0.021111,0.003648,0.000027,0.173423,0.143424,0.004743,0.634294
AATCAGGTTTCATTTA-1,0.007035,0.557997,0.040617,0.019644,0.059155,0.062485,0.054116,0.100006,0.007404,0.073043,0.018499
AATCATGTAAAGACTC-1,0.366115,0.042497,0.166621,0.000038,0.000038,0.239447,0.000038,0.000038,0.18505,0.000038,0.000077
AATCCAAGGGCCTGAG-1,0.000036,0.000036,0.000036,0.15423,0.017078,0.000036,0.000036,0.274439,0.007832,0.000067,0.546175
AATCCCGCTCAGAGCC-1,0.152419,0.378299,0.131849,0.000029,0.000029,0.228569,0.000029,0.040972,0.06772,0.000029,0.000057
AATCGAGGTCTCAAGG-1,0.331792,0.000035,0.662086,0.000035,0.000035,0.000035,0.001036,0.000035,0.004805,0.000035,0.00007
AATCGCCTCAGCGCCA-1,0.052183,0.000036,0.143085,0.000036,0.000036,0.000036,0.000036,0.171042,0.606515,0.000036,0.026957
AATCGCGCAGAGGACT-1,0.081042,0.018861,0.12479,0.093662,0.014824,0.000016,0.079131,0.006534,0.086866,0.067259,0.427015
AATCGGGACACTACGA-1,0.000048,0.000048,0.000048,0.000048,0.011522,0.000048,0.000048,0.043794,0.358114,0.000048,0.586235
AATCGGTATAGCCCTC-1,0.833401,0.000014,0.000014,0.014409,0.002683,0.058645,0.030276,0.000014,0.000014,0.01412,0.046411
AATCGTGAGCCGAGCA-1,0.307318,0.003439,0.117878,0.059031,0.018152,0.063102,0.426121,0.00002,0.00002,0.004879,0.00004
AATCTAGGTTTACTTG-1,0.000031,0.005934,0.002005,0.100804,0.414149,0.000031,0.000594,0.008647,0.232059,0.059656,0.17609
AATCTATGCCGGAGCC-1,0.003038,0.219022,0.108537,0.000032,0.01989,0.000032,0.000032,0.274864,0.183579,0.036491,0.154485
AATCTCTACTGTGGTT-1,0.000023,0.001997,0.000023,0.487043,0.013874,0.004042,0.00392,0.014132,0.128378,0.007012,0.339555
AATCTGCGTTGGGACG-1,0.049275,0.005155,0.089574,0.003908,0.0217,0.000021,0.013099,0.071058,0.177546,0.005926,0.562738
AATCTGGCTTTCTAGT-1,0.000057,0.156314,0.000057,0.000057,0.000057,0.000057,0.000057,0.149428,0.591357,0.000057,0.102499
AATCTGGGTAGACCCT-1,0.000048,0.000048,0.000048,0.056899,0.036933,0.000048,0.000048,0.063106,0.276451,0.033005,0.533364
AATGACAGCAATGTCT-1,0.000034,0.04576,0.047984,0.000034,0.038778,0.000034,0.000034,0.172523,0.365884,0.009889,0.319045
AATGACGTAGGATGTC-1,0.027899,0.000047,0.282613,0.000047,0.000047,0.000047,0.000047,0.264282,0.411187,0.000047,0.013736
AATGACTGTCAGCCGG-1,0.006805,0.012442,0.000049,0.000049,0.000049,0.000049,0.000049,0.203299,0.521706,0.000049,0.255456
AATGATGATACGCTAT-1,0.000027,0.046732,0.028372,0.011239,0.016369,0.035199,0.035852,0.03997,0.221274,0.020034,0.544932
AATGATGCGACTCCTG-1,0.032702,0.069402,0.03489,0.000031,0.00048,0.020065,0.004428,0.24603,0.364581,0.040227,0.187164
AATGCAACCGGGTACC-1,0.000014,0.005101,0.00165,0.031719,0.057397,0.141343,0.046699,0.040992,0.043279,0.152033,0.479774
AATGCACCAAGCAATG-1,0.076848,0.110081,0.000059,0.000059,0.000059,0.114166,0.000059,0.298577,0.074192,0.000059,0.325841
AATGGTCCACCGTTCA-1,0.000076,0.0332,0.000076,0.114703,0.000076,0.047921,0.000076,0.085052,0.520481,0.000076,0.198262
AATGGTTCTCACAAGC-1,0.000046,0.000046,0.016261,0.218758,0.000527,0.000046,0.000046,0.000046,0.204084,0.000046,0.560095
AATGTATGGCACTGTA-1,0.000686,0.157144,0.020073,0.43211,0.075546,0.001409,0.001487,0.012662,0.234969,0.005014,0.058901
AATGTGCCCGAGGTGT-1,0.000038,0.384032,0.011146,0.001617,0.00004,0.090683,0.005836,0.034233,0.176779,0.039267,0.256328
AATGTGCTAATCTGAG-1,0.050879,0.413331,0.007928,0.060961,0.010954,0.381042,0.016646,0.029508,0.007836,0.005233,0.015683
AATGTTAAGACCCTGA-1,0.586204,0.119631,0.18411,0.010175,0.003577,0.021944,0.007893,0.062293,0.003524,0.000017,0.000631
AATGTTGTCGTGAGAC-1,0.825077,0.000033,0.034574,0.000033,0.000238,0.000033,0.000033,0.011382,0.085615,0.017892,0.025092
AATTAAAGGTCGGCGT-1,0.000018,0.011945,0.006248,0.014095,0.044362,0.014801,0.083503,0.045661,0.041627,0.053148,0.68459
AATTAACGGATTTCCA-1,0.01112,0.000023,0.03565,0.080049,0.003621,0.035011,0.350922,0.157881,0.052437,0.000019,0.273267
AATTACGAGACCCATC-1,0.000033,0.258602,0.034345,0.14102,0.007895,0.000033,0.000033,0.069976,0.437628,0.000033,0.050403
AATTAGCGCTGCAGCG-1,0.000023,0.001788,0.256694,0.010105,0.007415,0.000023,0.039295,0.279224,0.13056,0.003962,0.270911
AATTATACCCAGCAAG-1,0.888881,0.00003,0.00003,0.00003,0.00003,0.110821,0.00003,0.00003,0.00003,0.00003,0.00006
AATTCATAAGGGATCT-1,0.00003,0.00003,0.011255,0.00003,0.041504,0.047509,0.005333,0.00003,0.312027,0.042521,0.539734
AATTCATTGTCATGCA-1,0.010037,0.249117,0.033143,0.296067,0.061715,0.01398,0.002116,0.057074,0.074362,0.042085,0.160302
AATTCCAAGCATGTAC-1,0.126943,0.066204,0.342893,0.000041,0.000041,0.000041,0.000041,0.000041,0.463634,0.000041,0.000081
AATTCGATTCGAGGAT-1,0.422032,0.034959,0.28849,0.000043,0.000043,0.000043,0.000043,0.162162,0.092053,0.000043,0.000087
AATTCTAGAGTTAGGC-1,0.02945,0.001016,0.007433,0.0087,0.000032,0.000032,0.026475,0.870297,0.000032,0.000032,0.0565
AATTGAACGCTCTGGT-1,0.02106,0.000011,0.024713,0.098292,0.089029,0.028402,0.180898,0.013354,0.038321,0.00824,0.497679
AATTGCAGCAATCGAC-1,0.389291,0.003843,0.002242,0.134505,0.000015,0.02709,0.36709,0.067816,0.000015,0.00415,0.003944
AATTGCGTGGATTACA-1,0.001416,0.12451,0.009581,0.274226,0.260194,0.027321,0.005214,0.010106,0.220817,0.003681,0.062934
AATTGTGGTTGCCAAA-1,0.025523,0.001138,0.004875,0.195622,0.027116,0.410642,0.244253,0.000005,0.00487,0.015818,0.070138
AATTTGGGACATAGTA-1,0.035797,0.001096,0.000056,0.000056,0.000056,0.000056,0.000056,0.133939,0.350532,0.252368,0.225988
AATTTGGTTCCAAAGA-1,0.000067,0.000067,0.000067,0.017807,0.023028,0.000067,0.000067,0.027307,0.60165,0.04614,0.283734
ACAAACCATGCGTCCT-1,0.009513,0.408187,0.016438,0.185951,0.063048,0.018112,0.006419,0.055288,0.132001,0.040672,0.064372
ACAAACCGACAAGGCG-1,0.000085,0.000085,0.000085,0.265986,0.001933,0.000085,0.000085,0.253294,0.185052,0.000085,0.293224
ACAAACTCCATCAGAG-1,0.099132,0.435922,0.005261,0.000011,0.000011,0.382471,0.000011,0.009665,0.066375,0.001119,0.000023
ACAAAGAAGGTAGGCC-1,0.03654,0.469414,0.000036,0.000036,0.000036,0.000036,0.000036,0.474854,0.018126,0.000036,0.000847
ACAAAGCATGACCTAG-1,0.226354,0.005595,0.18891,0.089621,0.000026,0.146996,0.267728,0.050957,0.000015,0.003596,0.020203
ACAAATCGCACCGAAT-1,0.019431,0.00693,0.134849,0.029366,0.013324,0.075135,0.173632,0.306178,0.088466,0.001302,0.151387
ACAAATGGTAGTGTTT-1,0.03327,0.000836,0.086052,0.021808,0.000019,0.034436,0.074406,0.234716,0.050616,0.000019,0.463822
ACAAATTCAGATCTGA-1,0.00006,0.022255,0.0061,0.076548,0.138794,0.00006,0.025691,0.006917,0.107734,0.101425,0.514416
ACAACAGCATGAGCTA-1,0.000011,0.000011,0.000011,0.009264,0.006059,0.123197,0.110434,0.000011,0.000909,0.082648,0.667447
ACAACGGTCCCTGCGA-1,0.000033,0.000033,0.000033,0.212209,0.038899,0.000033,0.000033,0.000033,0.054856,0.000033,0.693807
ACAAGCAGTGCCTAGC-1,0.000051,0.000051,0.000051,0.029382,0.004035,0.000051,0.000051,0.045204,0.21861,0.000051,0.702463
ACAAGCTATATGGAAG-1,0.055268,0.149614,0.000595,0.038881,0.013741,0.097999,0.006934,0.142317,0.19803,0.018911,0.277709
ACAAGGAAATCCGCCC-1,0.000894,0.000022,0.09443,0.126033,0.030144,0.000022,0.119875,0.36017,0.06328,0.000612,0.204519
ACAAGGACAAGAGGTT-1,0.000019,0.000019,0.000019,0.051877,0.087035,0.000019,0.000019,0.02239,0.04575,0.297721,0.495132
ACAAGGATGCTTTAGG-1,0.243387,0.012636,0.025272,0.26063,0.016654,0.044092,0.217703,0.087785,0.003911,0.0089,0.07903
ACAAGGCCTACCAGCC-1,0.000051,0.013088,0.03936,0.136367,0.04956,0.000051,0.002253,0.071264,0.2836,0.01542,0.388985
ACAAGGGCAGGCTCTG-1,0.049337,0.000012,0.056896,0.005105,0.010137,0.000012,0.023392,0.272713,0.026443,0.010541,0.545411
ACAAGTAATTGTAAGG-1,0.008729,0.486684,0.003029,0.000045,0.000045,0.003784,0.001443,0.047774,0.33456,0.095581,0.018327
ACAATAGTCGTACGTT-1,0.000046,0.047507,0.000046,0.000046,0.008509,0.000046,0.000046,0.200504,0.325129,0.000046,0.418077
ACAATCCATTTAAACC-1,0.000029,0.006366,0.009045,0.030233,0.078478,0.015565,0.003575,0.081913,0.306417,0.008887,0.459494
ACAATCGATCTTTATA-1,0.000111,0.063345,0.000111,0.000111,0.000111,0.000111,0.000111,0.462075,0.432098,0.000111,0.041703
ACAATGAATACGGAGA-1,0.076112,0.217005,0.002322,0.003424,0.000039,0.013287,0.007645,0.111977,0.185171,0.097208,0.285812
ACAATGATTCTTCTAC-1,0.017046,0.156637,0.000089,0.00085,0.002911,0.133197,0.051653,0.039082,0.295785,0.000089,0.302661
ACAATTGTGTCTCTTT-1,0.095381,0.000023,0.087942,0.15815,0.013191,0.000023,0.257494,0.158896,0.001615,0.021062,0.206224
ACAATTTAGGAGGCTC-1,0.010348,0.33436,0.000132,0.000132,0.000132,0.000132,0.000132,0.264602,0.183096,0.000132,0.206801
ACAATTTGAGCAGTGG-1,0.129272,0.053308,0.000034,0.000034,0.000034,0.017285,0.004775,0.304009,0.139627,0.003675,0.347949
ACAATTTGGCCATATT-1,0.230109,0.086546,0.197529,0.00297,0.007732,0.002529,0.011316,0.074992,0.291359,0.019363,0.075556
ACACAAAGACGGGTGG-1,0.000039,0.092799,0.000039,0.000039,0.000039,0.000039,0.000039,0.175519,0.698249,0.000039,0.033163
ACACAAATATTCCTAG-1,0.000013,0.192878,0.010168,0.024709,0.021362,0.075933,0.015215,0.044647,0.055129,0.412579,0.147369
ACACACCAGGACCAGT-1,0.002108,0.000022,0.249166,0.005193,0.024091,0.000022,0.000728,0.428127,0.027443,0.003817,0.259283
ACACACTTTCTACACG-1,0.000033,0.000033,0.000033,0.098937,0.056051,0.000033,0.006726,0.000033,0.072041,0.117399,0.648678
ACACATGATCAAATCT-1,0.00001,0.329764,0.003867,0.187814,0.048928,0.039294,0.024101,0.181346,0.009681,0.072198,0.102997
ACACATTTCCGTAGAC-1,0.175606,0.000638,0.012935,0.159421,0.00989,0.044333,0.576231,0.000005,0.000876,0.00229,0.017775
ACACCACATAATTAGC-1,0.031163,0.071336,0.163795,0.000027,0.000028,0.000027,0.000027,0.082591,0.515357,0.087782,0.047867
ACACCCAGCATGCAGC-1,0.016453,0.036713,0.008641,0.00005,0.002204,0.00005,0.00005,0.260947,0.420529,0.024691,0.229673
ACACCCGAGAAATCCG-1,0.00006,0.016346,0.00006,0.00006,0.00006,0.00006,0.00006,0.199705,0.364918,0.00006,0.41861
ACACCCGTAAATCTGT-1,0.04204,0.049834,0.000011,0.077581,0.006795,0.807342,0.014568,0.000011,0.000011,0.00143,0.000375
ACACCGGTCTGACCGC-1,0.000006,0.222797,0.009719,0.150459,0.162857,0.004025,0.016031,0.051092,0.014786,0.346702,0.021527
ACACCTTAAGTAGGGC-1,0.000067,0.023714,0.004644,0.000067,0.000067,0.000067,0.000067,0.201787,0.74343,0.000067,0.026023
ACACCTTACTACTTGC-1,0.036588,0.000012,0.003345,0.143363,0.002533,0.239502,0.177023,0.040566,0.008677,0.031502,0.316888
ACACGAGACTCCTTCT-1,0.000021,0.054614,0.079871,0.000021,0.005351,0.056953,0.026268,0.238525,0.087916,0.065015,0.385444
ACACGGCACTATGCAT-1,0.03031,0.000038,0.000088,0.030074,0.177458,0.000038,0.000038,0.016754,0.113708,0.008653,0.622841
ACACGGGAACTTAGGG-1,0.000022,0.029577,0.03358,0.003621,0.125898,0.007029,0.003529,0.0313,0.205839,0.055203,0.504402
ACACGTAGGCCACAAG-1,0.310696,0.121015,0.149388,0.08709,0.066001,0.060187,0.063266,0.002254,0.019945,0.055797,0.06436
ACACTGATCAAGGTGT-1,0.013246,0.006812,0.141084,0.000039,0.000533,0.000039,0.000039,0.260183,0.431933,0.000039,0.146053
ACACTGGGACAGTCGT-1,0.171804,0.002625,0.043875,0.096893,0.017367,0.047035,0.236898,0.167489,0.006866,0.012035,0.197115
ACAGAACTGAGAACAA-1,0.00003,0.126701,0.020824,0.023358,0.102955,0.00003,0.028647,0.124556,0.385005,0.082116,0.105778
ACAGATTAGGTTAGTG-1,0.000091,0.000091,0.018182,0.000091,0.000091,0.000091,0.000091,0.290724,0.321197,0.000091,0.369261
ACAGCATAGAGCCAGT-1,0.040188,0.000024,0.000024,0.007341,0.001555,0.003441,0.001884,0.064385,0.064378,0.021909,0.794872
ACAGCGACATTCTCAT-1,0.452079,0.048138,0.212036,0.010934,0.00723,0.000031,0.000031,0.227358,0.014061,0.000031,0.028072
ACAGCGCACCCGCAGC-1,0.005162,0.000052,0.013075,0.124608,0.03366,0.000052,0.000052,0.119683,0.279473,0.023614,0.400567
ACAGGCACGGATCCTT-1,0.96858,0.00003,0.000029,0.000029,0.000029,0.000029,0.000029,0.000029,0.031129,0.000029,0.000058
ACAGGCTTGCCCGACT-1,0.133445,0.000032,0.228751,0.050796,0.06618,0.000032,0.000032,0.132204,0.270045,0.000032,0.118452
ACAGGTGGAGGTGAGG-1,0.000177,0.015138,0.023944,0.011884,0.264467,0.001042,0.094018,0.010072,0.050571,0.093327,0.435359
ACAGGTGTGTTGTTGC-1,0.066838,0.222949,0.000026,0.018028,0.055161,0.114651,0.007683,0.061041,0.055442,0.032557,0.365623
ACAGTAATACAACTTG-1,0.00002,0.00002,0.00002,0.149729,0.238415,0.00002,0.000205,0.00002,0.022631,0.102817,0.486102
ACAGTATACCGTGGGA-1,0.000022,0.150164,0.033252,0.015275,0.082498,0.002339,0.005402,0.259102,0.225083,0.074905,0.151957
ACAGTGCAGCGCATTT-1,0.03765,0.107433,0.00232,0.330492,0.116722,0.23091,0.085123,0.002619,0.000011,0.082728,0.003992
ACATAAGTCGTGGTGA-1,0.00001,0.016341,0.00001,0.446945,0.149436,0.00472,0.001783,0.002488,0.153849,0.048741,0.175675
ACATAATAAGGCGGTG-1,0.000028,0.030477,0.000028,0.004363,0.000028,0.034505,0.000028,0.570339,0.006539,0.148849,0.204815
ACATACAATCAAGCGG-1,0.901039,0.000043,0.00103,0.000043,0.000043,0.000043,0.000043,0.000043,0.097542,0.000043,0.000086
ACATCAGCTGGGACGC-1,0.000079,0.016076,0.000079,0.038613,0.000079,0.036667,0.000079,0.132488,0.596392,0.000079,0.179367
