Barcode,Topic 1to3,Topic 4,Topic 5to12
AAACAACGAATAGTTC-1,0.001288,0.074536,0.924176
AAACAAGTATCTCCCA-1,0.654903,0.065378,0.279718
AAACAATCTACTAGCA-1,0.987437,0.000043,0.012521
AAACACCAATAACTGC-1,0.71085,0.000024,0.289126
AAACAGAGCGACTCCT-1,0.185019,0.000019,0.814962
AAACAGCTTTCAGAAG-1,0.005048,0.00096,0.993993
AAACAGGGTCTATATT-1,0.2502,0.177844,0.571957
AAACAGTGTTCCTGGG-1,0.357085,0.000014,0.642901
AAACATGGTGAGAGGA-1,0.191864,0.225952,0.582184
AAACATTTCCCGGATT-1,0.867809,0.00003,0.132161
AAACCACTACACAGAT-1,0.319418,0.064522,0.61606
AAACCCGAACGAAATC-1,0.177525,0.000009,0.822466
AAACCGGAAATGTTAA-1,0.589443,0.031329,0.379228
AAACCGGGTAGGTACC-1,0.361129,0.008515,0.630356
AAACCGTTCGTCCAGG-1,0.252098,0.043068,0.704834
AAACCTAAGCAGCCGG-1,0.051374,0.000316,0.94831
AAACCTCATGAAGTTG-1,0.453618,0.015323,0.531058
AAACGAAGAACATACC-1,0.071227,0.003841,0.924931
AAACGAAGATGGAGTA-1,0.804653,0.004229,0.191118
AAACGACAGTCTTGCC-1,0.606588,0.030907,0.362505
AAACGAGACGGTTGAT-1,0.776702,0.144894,0.078404
AAACGCCCGAGATCGG-1,0.677502,0.000032,0.322466
AAACGCTGGGCACGAC-1,0.102091,0.029086,0.868823
AAACGGGCGTACGGGT-1,0.571895,0.014391,0.413713
AAACGGGTTGGTATCC-1,0.615136,0.000026,0.384838
AAACGGTTGCGAACTG-1,0.688421,0.000024,0.311554
AAACGTGTTCGCCCTA-1,0.339644,0.00002,0.660336
AAACTAACGTGGCGAC-1,0.166297,0.00002,0.833683
AAACTCGGTTCGCAAT-1,0.946232,0.052648,0.001121
AAACTCGTGATATAAG-1,0.390884,0.000025,0.609091
AAACTGCTGGCTCCAA-1,0.853292,0.146454,0.000254
AAACTTAATTGCACGC-1,0.136517,0.335441,0.528041
AAACTTGCAAACGTAT-1,0.375783,0.000013,0.624204
AAAGAATGACCTTAGA-1,0.622377,0.342364,0.035259
AAAGAATGTGGACTAA-1,0.658217,0.000095,0.341688
AAAGACATGAAGTTTA-1,0.503175,0.026748,0.470077
AAAGACCCAAGTCGCG-1,0.732873,0.000031,0.267096
AAAGACTGGGCGCTTT-1,0.526485,0.000026,0.47349
AAAGCTTGCCTACATA-1,0.003888,0.00001,0.996102
AAAGGCCCTATAATAC-1,0.295585,0.000018,0.704397
AAAGGCTACGGACCAT-1,0.806061,0.075894,0.118045
AAAGGCTCTCGCGCCG-1,0.906569,0.000048,0.093383
AAAGGGATGTAGCAAG-1,0.337888,0.052185,0.609927
AAAGGGCAGCTTGAAT-1,0.116148,0.000015,0.883837
AAAGGTAAGCTGTACC-1,0.232454,0.033116,0.73443
AAAGTAGCATTGCTCA-1,0.11743,0.093353,0.789217
AAAGTCACTGATGTAA-1,0.315091,0.007465,0.677444
AAAGTCGACCCTCAGT-1,0.605067,0.012053,0.38288
AAAGTGCCATCAATTA-1,0.288597,0.076336,0.635067
AAAGTGTGATTTATCT-1,0.167183,0.000017,0.832801
AAAGTTGACTCCCGTA-1,0.966388,0.000055,0.033557
AAATAACCATACGGGA-1,0.100197,0.065506,0.834297
AAATAAGGTAGTGCCC-1,0.209781,0.000011,0.790208
AAATACCTATAAGCAT-1,0.406078,0.593265,0.000656
AAATAGCTTAGACTTT-1,0.442072,0.000031,0.557897
AAATAGGGTGCTATTG-1,0.231654,0.003588,0.764758
AAATCCGATACACGCC-1,0.449767,0.015741,0.534492
AAATCGCGGAAGGAGT-1,0.506532,0.241425,0.252043
AAATCGTGTACCACAA-1,0.640267,0.029591,0.330142
AAATCTAGCCCTGCTA-1,0.220433,0.000012,0.779554
AAATCTGCCCGCGTCC-1,0.852811,0.00003,0.147159
AAATGACTGATCAAAC-1,0.038236,0.240947,0.720816
AAATGATTCGATCAGC-1,0.28644,0.000018,0.713541
AAATGCTCGTTACGTT-1,0.632131,0.124427,0.243442
AAATGGCATGTCTTGT-1,0.390645,0.028004,0.581352
AAATGGCCCGTGCCCT-1,0.275075,0.001044,0.723881
AAATGGTCAATGTGCC-1,0.091782,0.000013,0.908205
AAATGTATCTTATCCC-1,0.530099,0.272963,0.196938
AAATGTGGGTGCTCCT-1,0.999433,0.000063,0.000504
AAATTAACGGGTAGCT-1,0.777336,0.030124,0.19254
AAATTAATAAGCGCGA-1,0.519769,0.108856,0.371375
AAATTACACGACTCTG-1,0.357314,0.040993,0.601693
AAATTACCTATCGATG-1,0.013112,0.000011,0.986877
AAATTCCAGGTCCAAA-1,0.685568,0.000028,0.314404
AAATTGATAGTCCTTT-1,0.072461,0.000009,0.92753
AAATTGCGGCGGTTCT-1,0.874875,0.000032,0.125093
AAATTGGTGAGAAGCA-1,0.16723,0.000017,0.832753
AAATTTACCGAAATCC-1,0.478036,0.037733,0.48423
AAATTTGCGGGTGTGG-1,0.171039,0.037405,0.791556
AACAACTGGTAGTTGC-1,0.352397,0.113339,0.534264
AACAATACATTGTCGA-1,0.618012,0.000021,0.381967
AACAATTACTCTACGC-1,0.054181,0.125453,0.820366
AACACACGCTCGCCGC-1,0.802697,0.000037,0.197266
AACACGACTGTACTGA-1,0.433599,0.041891,0.524509
AACACGAGACGCGGCC-1,0.296537,0.13502,0.568443
AACACGCGGCCGCGAA-1,0.027393,0.068092,0.904514
AACAGCTGTGTGGCAA-1,0.346731,0.006376,0.646894
AACAGGAAATCGAATA-1,0.265847,0.050667,0.683486
AACAGGATGGGCCGCG-1,0.153319,0.027233,0.819448
AACAGGTAGTATGGAT-1,0.183106,0.00452,0.812374
AACATAGCGTGTATCG-1,0.275929,0.000017,0.724054
AACATATCAACTGGTG-1,0.972046,0.00005,0.027904
AACATCGATACGTCTA-1,0.64993,0.000027,0.350043
AACATTGAAGTTGATC-1,0.026697,0.512792,0.460511
AACATTGGTCAGCCGT-1,0.530772,0.238675,0.230552
AACATTGTGACTCGAG-1,0.557158,0.000022,0.44282
AACCAAGACTTCTCTG-1,0.235442,0.034864,0.729694
AACCAGTATCACTCTT-1,0.23735,0.260747,0.501904
AACCATAGGGTTGAAC-1,0.168551,0.000013,0.831437
AACCATGGGATCGCTA-1,0.274191,0.12023,0.605579
AACCCAGAGACGGAGA-1,0.571694,0.107305,0.321002
AACCCATCCCATGATC-1,0.504493,0.000021,0.495486
AACCCGACAACCCGTG-1,0.620423,0.000025,0.379552
AACCCGAGCAGAATCG-1,0.508412,0.026113,0.465475
AACCCGATAGGGCTTC-1,0.271201,0.004898,0.723902
AACCCGCTGTATTCCA-1,0.16184,0.000016,0.838145
AACCCTACTGTCAATA-1,0.128147,0.033384,0.838468
AACCCTGGTGGAACCA-1,0.112361,0.055914,0.831726
AACCGAGCTTGGTCAT-1,0.914601,0.084938,0.000461
AACCGCTAAGGGATGC-1,0.468968,0.000025,0.531007
AACCGTTGTGTTTGCT-1,0.344956,0.06916,0.585885
AACCTAAAGCCGTCCG-1,0.227189,0.033161,0.739649
AACCTCGCTTTAGCCC-1,0.329706,0.063879,0.606415
AACCTGTCACGGAATT-1,0.328491,0.01666,0.654849
AACCTTTAAATACGGT-1,0.879372,0.104664,0.015964
AACCTTTACGACGTCT-1,0.198566,0.000024,0.801409
AACGAAAGTCGTCCCA-1,0.71759,0.000033,0.282377
AACGACCTCCTAGCCG-1,0.055895,0.000008,0.944097
AACGATAATGCCGTAG-1,0.999582,0.000046,0.000371
AACGATAGAAGGGCCG-1,0.654499,0.000041,0.34546
AACGATATGTCAACTG-1,0.999379,0.000069,0.000552
AACGCATGATCTGGGT-1,0.917926,0.000045,0.082029
AACGCGAACGGCAACA-1,0.206932,0.000017,0.793051
AACGCGACCTTGGGCG-1,0.854383,0.000035,0.145582
AACGCGGTCTCCAGCC-1,0.499389,0.029031,0.47158
AACGCTGTTGCTGAAA-1,0.64131,0.000045,0.358645
AACGGACGTACGTATA-1,0.98976,0.000053,0.010186
AACGGCCATCTCCGGT-1,0.402578,0.00399,0.593432
AACGTACTGTGGGTAC-1,0.474494,0.069888,0.455618
AACGTAGTCTACCCAT-1,0.554125,0.28215,0.163725
AACGTCAGACTAGTGG-1,0.501552,0.048626,0.449822
AACGTCATCCGGCTTG-1,0.134315,0.172519,0.693166
AACGTCGCTGCACTTC-1,0.206911,0.000016,0.793074
AACGTGATGAAGGACA-1,0.999414,0.000065,0.000521
AACGTGCGAAAGTCTC-1,0.999472,0.000052,0.000476
AACGTTATCAGCACCT-1,0.058409,0.002443,0.939148
AACGTTCTACCATTGT-1,0.172,0.252683,0.575318
AACTACCCGTTTGTCA-1,0.377001,0.000022,0.622977
AACTAGCGTATCGCAC-1,0.870671,0.000052,0.129277
AACTAGGCTTGGGTGT-1,0.273406,0.016573,0.710021
AACTCAAGTTAATTGC-1,0.151045,0.038617,0.810339
AACTCCAGAGCGTGTT-1,0.302156,0.041936,0.655908
AACTCCTAATCCCATG-1,0.071392,0.069123,0.859485
AACTCGATAAACACGT-1,0.523556,0.000023,0.476422
AACTCGATGGCGCAGT-1,0.813059,0.000061,0.18688
AACTCTCAATAGAGCG-1,0.301808,0.047542,0.650651
AACTCTCAGTGTGCTC-1,0.146729,0.033083,0.820188
AACTGAGGTCAGCGTC-1,0.78355,0.0001,0.21635
AACTGAGTTATACTGA-1,0.773892,0.003951,0.222158
AACTGATATTAGGCCT-1,0.075386,0.013158,0.911456
AACTGGGTCCCGACGT-1,0.297938,0.0277,0.674362
AACTGGGTTCGAGCCG-1,0.99946,0.00006,0.00048
AACTGGTGTGGGCCTT-1,0.519154,0.000029,0.480817
AACTTCTGCGTCTATC-1,0.74066,0.043127,0.216213
AACTTGCCCGTATGCA-1,0.747628,0.086053,0.166319
AACTTGCGTTCTCGCG-1,0.017612,0.000011,0.982377
AACTTTACGGGAGCTT-1,0.395978,0.000026,0.603996
AACTTTAGCTGCTGAG-1,0.793621,0.000055,0.206324
AACTTTCTCGATCATG-1,0.040195,0.163258,0.796547
AAGAAAGTTTGATGGG-1,0.409907,0.388005,0.202088
AAGAAATCACCAGATT-1,0.376146,0.016451,0.607403
AAGAAGGATCAGTTAG-1,0.618986,0.000032,0.380982
AAGACATACGTGGTTT-1,0.226503,0.017425,0.756072
AAGACCAAATAACTCA-1,0.136511,0.463847,0.399642
AAGACCCAACTGAACA-1,0.477218,0.503606,0.019176
AAGACTAACCCGTTGT-1,0.667552,0.000038,0.33241
AAGACTCACGCCCACT-1,0.931647,0.000043,0.068311
AAGACTGCAAGCTACT-1,0.999605,0.000044,0.000351
AAGAGATGAATCGGTA-1,0.035124,0.455109,0.509767
AAGAGCTCTTTATCGG-1,0.999231,0.000085,0.000684
AAGAGGATGTACGCGA-1,0.055952,0.058122,0.885926
AAGAGGCATGGATCGC-1,0.214662,0.00002,0.785318
AAGAGGCCCTTTGGAA-1,0.253353,0.02266,0.723987
AAGATGGCACCGGACC-1,0.37978,0.013005,0.607215
AAGATTGGCGGAACGT-1,0.387812,0.023966,0.588223
AAGCACCCTGCGTATC-1,0.97496,0.024579,0.000461
AAGCATACTCTCCTGA-1,0.370367,0.283697,0.345936
AAGCCACTTGCAGGTA-1,0.010563,0.037439,0.951998
AAGCCGAAGCGGTTTA-1,0.041413,0.139801,0.818786
AAGCCGCCGTGAAATC-1,0.77759,0.000023,0.222387
AAGCCGCTTTACCTTG-1,0.324687,0.000017,0.675296
AAGCCGGAGAGCAGGA-1,0.328057,0.030067,0.641876
AAGCGCAGGGCTTTGA-1,0.886605,0.000077,0.113318
AAGCGGAGTGCGCGCA-1,0.407545,0.007767,0.584688
AAGCGGCGTCATGGGT-1,0.999405,0.000066,0.000529
AAGCGTCCCTCATCGA-1,0.586945,0.084685,0.32837
AAGCTAGATCGAGTAA-1,0.711762,0.078307,0.209931
AAGCTATGGATTGACC-1,0.655271,0.147394,0.197335
AAGCTCGTGCCAAGTC-1,0.999547,0.00005,0.000403
AAGCTCTTTCATGGTG-1,0.132002,0.024234,0.843764
AAGGAGAACTTATAAG-1,0.278531,0.083914,0.637556
AAGGAGCGGTTGGTGC-1,0.725254,0.030622,0.244123
AAGGATCGATCGCTTG-1,0.133831,0.000013,0.866156
AAGGATGAGGGACCTC-1,0.331687,0.000021,0.668292
AAGGCAGGCTGTCTCC-1,0.534987,0.000018,0.464995
AAGGCGCGTAAAGCTT-1,0.021738,0.082925,0.895337
AAGGCTGTGCTCATCG-1,0.001421,0.052068,0.946511
AAGGGAACGACTGGCT-1,0.464773,0.030488,0.504739
AAGGGACAGATTCTGT-1,0.722937,0.000043,0.27702
AAGGGACTATGCATTC-1,0.256666,0.230582,0.512751
AAGGGTTAGCCATGCG-1,0.283485,0.000013,0.716502
AAGGGTTTGATTTCAG-1,0.999427,0.000064,0.00051
AAGGTATCCTAATATA-1,0.792183,0.000062,0.207755
AAGGTGATAAACCAGC-1,0.847401,0.000043,0.152556
AAGTAAGCTTCCAAAC-1,0.755947,0.000022,0.244031
AAGTAGAAGACCGGGT-1,0.04303,0.019183,0.937787
AAGTAGTGACGCGAGG-1,0.32747,0.000025,0.672505
AAGTCAATTGTCGTCA-1,0.026121,0.000014,0.973865
AAGTCTAGTAGCTGCC-1,0.085781,0.090526,0.823693
AAGTCTTCTGTGGCCT-1,0.81509,0.037093,0.147817
AAGTGACGACCGAATT-1,0.160054,0.038241,0.801705
AAGTGAGTCGGGTTTA-1,0.972775,0.000052,0.027173
AAGTGCAAAGGTAGAC-1,0.594437,0.000037,0.405527
AAGTGCCTTGACTGTA-1,0.331044,0.001273,0.667683
AAGTGCGTTAGAATCT-1,0.584798,0.031643,0.383559
AAGTGCTTCTCTATTG-1,0.560058,0.000028,0.439915
AAGTGTTTGGAGACGG-1,0.040473,0.000018,0.95951
AAGTTCACTCCAAGCT-1,0.65277,0.000037,0.347194
AAGTTCAGTCTGCGTA-1,0.101226,0.00002,0.898754
AAGTTCGGCCAACAGG-1,0.665249,0.092653,0.242098
AAGTTGTGATGTTATA-1,0.166472,0.000017,0.833511
AAGTTTACTAATGGCA-1,0.822953,0.000069,0.176977
AAGTTTATGGGCCCAA-1,0.664608,0.302242,0.03315
AATAACAACGCTCGGC-1,0.018439,0.063625,0.917936
AATAACACTAGAACAA-1,0.018017,0.056658,0.925326
AATAACGTCGCGCCCA-1,0.086333,0.005898,0.907769
AATAAGTCCTCGAGAC-1,0.125841,0.023593,0.850566
AATAATCTTCGTATCG-1,0.200163,0.025262,0.774575
AATACAATGTTTCAGG-1,0.877886,0.000051,0.122063
AATACCGGAGGGCTGT-1,0.504373,0.000025,0.495602
AATACCTGATGTGAAC-1,0.136905,0.000011,0.863084
AATAGAACAGAGTGGC-1,0.914893,0.048543,0.036565
AATAGAATCTGTTTCA-1,0.092498,0.000021,0.907481
AATAGCAAGCCTCCTG-1,0.22169,0.004348,0.773962
AATAGCTACCGCGTGC-1,0.599935,0.00009,0.399975
AATAGGCACGACCCTT-1,0.041828,0.000006,0.958167
AATAGTCCGTCCCGAC-1,0.053907,0.014455,0.931637
AATAGTCGCGAGTCGG-1,0.928663,0.000038,0.071299
AATATCAAGGTCGGAT-1,0.231519,0.001626,0.766855
AATATCCTAGCAAACT-1,0.939394,0.060341,0.000265
AATATCGAATCAATGC-1,0.521165,0.000021,0.478814
AATATCGAGGGTTCTC-1,0.872072,0.000063,0.127865
AATATTGGAGTATTGA-1,0.842372,0.000045,0.157583
AATCAGACTGCAGGAC-1,0.053624,0.025628,0.920748
AATCAGGTTTCATTTA-1,0.758057,0.000034,0.241909
AATCATGTAAAGACTC-1,0.098085,0.158888,0.743027
AATCCAAGGGCCTGAG-1,0.522322,0.00003,0.477648
AATCCATGCAAGGGTG-1,0.498962,0.000027,0.501011
AATCCCGCTCAGAGCC-1,0.713596,0.000025,0.286379
AATCGAGGTCTCAAGG-1,0.759417,0.000042,0.240541
AATCGCCTCAGCGCCA-1,0.095927,0.038314,0.865759
AATCGCGCAGAGGACT-1,0.102438,0.132667,0.764895
AATCGGGACACTACGA-1,0.247866,0.000032,0.752102
AATCGGTATAGCCCTC-1,0.158756,0.006784,0.834461
AATCGTGAGCCGAGCA-1,0.34987,0.000628,0.649503
AATCTAGGTTTACTTG-1,0.775421,0.000028,0.224551
AATCTATGCCGGAGCC-1,0.118601,0.000019,0.88138
AATCTCTACTGTGGTT-1,0.86459,0.000051,0.13536
AATCTGCGTTGGGACG-1,0.608712,0.000037,0.391252
AATCTGGCTTTCTAGT-1,0.695059,0.094456,0.210485
AATCTGGGTAGACCCT-1,0.025049,0.044051,0.9309
AATGACAGCAATGTCT-1,0.002625,0.0885,0.908875
AATGACGTAGGATGTC-1,0.625459,0.007315,0.367226
AATGACTGTCAGCCGG-1,0.81975,0.031053,0.149197
AATGAGTTCGCATATG-1,0.949216,0.000061,0.050723
AATGATGATACGCTAT-1,0.954265,0.00005,0.045685
AATGATGCGACTCCTG-1,0.893141,0.000041,0.106819
AATGCAACCGGGTACC-1,0.359553,0.049574,0.590874
AATGCACCAAGCAATG-1,0.690182,0.000037,0.309781
AATGGCCGCCAATGCG-1,0.576886,0.000016,0.423098
AATGGTCCACCGTTCA-1,0.128914,0.221981,0.649105
AATGGTTCTCACAAGC-1,0.086249,0.059724,0.854027
AATGTATGGCACTGTA-1,0.336841,0.000018,0.663141
AATGTGCCCGAGGTGT-1,0.038382,0.004942,0.956676
AATGTGCTAATCTGAG-1,0.241908,0.145054,0.613037
AATGTTAAGACCCTGA-1,0.868781,0.000035,0.131184
AATGTTGTCGTGAGAC-1,0.110953,0.059841,0.829206
AATTAAAGGTCGGCGT-1,0.148213,0.082531,0.769256
AATTAACGGATTTCCA-1,0.989326,0.00005,0.010624
AATTACGAGACCCATC-1,0.524809,0.000043,0.475148
AATTACTCGTACGCTC-1,0.46696,0.207185,0.325855
AATTAGCGCTGCAGCG-1,0.999549,0.00005,0.000401
AATTATACCCAGCAAG-1,0.56665,0.00008,0.433271
AATTCATAAGGGATCT-1,0.802536,0.000061,0.197403
AATTCATTGTCATGCA-1,0.220079,0.360921,0.419
AATTCCAACTTGGTGA-1,0.047511,0.007348,0.945141
AATTCCAAGCATGTAC-1,0.76978,0.000038,0.230181
AATTCGATTCGAGGAT-1,0.96552,0.000079,0.034401
AATTCTAGAGTTAGGC-1,0.999282,0.00008,0.000639
AATTGAACGCTCTGGT-1,0.372047,0.00002,0.627933
AATTGCAGCAATCGAC-1,0.317594,0.105176,0.577229
AATTGCGTGGATTACA-1,0.000022,0.003346,0.996632
AATTGTGGTTGCCAAA-1,0.323553,0.000012,0.676435
AATTTGGGACATAGTA-1,0.04321,0.008783,0.948007
AATTTGGTTCCAAAGA-1,0.081779,0.000016,0.918205
ACAAACCATGCGTCCT-1,0.188617,0.011295,0.800087
ACAAACCGACAAGGCG-1,0.24298,0.016643,0.740377
ACAAACTCCATCAGAG-1,0.000476,0.00995,0.989574
ACAAAGAAGGTAGGCC-1,0.878233,0.000039,0.121728
ACAAAGCATGACCTAG-1,0.295826,0.053184,0.65099
ACAAATCGCACCGAAT-1,0.582867,0.04183,0.375303
ACAAATGGTAGTGTTT-1,0.409515,0.010949,0.579536
ACAAATTCAGATCTGA-1,0.658605,0.000038,0.341357
ACAACAGCATGAGCTA-1,0.985864,0.000077,0.014059
ACAACGGTCCCTGCGA-1,0.317234,0.001095,0.681671
ACAAGCAGTGCCTAGC-1,0.141274,0.000015,0.858711
ACAAGCTATATGGAAG-1,0.999599,0.000045,0.000357
ACAAGGAAATCCGCCC-1,0.986796,0.000054,0.01315
ACAAGGACAAGAGGTT-1,0.478495,0.00002,0.521484
ACAAGGATGCTTTAGG-1,0.556491,0.000028,0.443481
ACAAGGCCTACCAGCC-1,0.032913,0.000013,0.967073
ACAAGGGCAGGCTCTG-1,0.999521,0.000053,0.000426
ACAAGTAATTGTAAGG-1,0.002594,0.264934,0.732472
ACAATAGTCGTACGTT-1,0.054094,0.070467,0.87544
ACAATCCATTTAAACC-1,0.260332,0.071588,0.66808
ACAATCGATCTTTATA-1,0.844116,0.000059,0.155824
ACAATGAATACGGAGA-1,0.006421,0.000008,0.993571
ACAATGATTCTTCTAC-1,0.819146,0.015473,0.165381
ACAATTGTGTCTCTTT-1,0.99326,0.000053,0.006687
ACAATTTAGGAGGCTC-1,0.398716,0.330035,0.27125
ACAATTTGAGCAGTGG-1,0.656149,0.027503,0.316347
ACAATTTGGCCATATT-1,0.02277,0.00001,0.97722
ACACAAAGACGGGTGG-1,0.494312,0.012661,0.493027
ACACAAATATTCCTAG-1,0.111593,0.033524,0.854883
ACACACCAGGACCAGT-1,0.488812,0.143909,0.367279
ACACACTTTCTACACG-1,0.021525,0.153694,0.824782
ACACATGATCAAATCT-1,0.106086,0.111214,0.7827
ACACATTGACGCAACA-1,0.388859,0.000025,0.611116
ACACATTTCCGTAGAC-1,0.999563,0.000049,0.000388
ACACCACATAATTAGC-1,0.312654,0.000017,0.687329
ACACCCAGCATGCAGC-1,0.466259,0.113446,0.420296
ACACCCGAGAAATCCG-1,0.012343,0.091511,0.896146
ACACCCGTAAATCTGT-1,0.704661,0.003144,0.292195
ACACCGAGCGCTCTTT-1,0.753067,0.246697,0.000237
ACACCGGTCTGACCGC-1,0.293553,0.177059,0.529387
ACACCTTAAGTAGGGC-1,0.409302,0.066565,0.524133
ACACCTTACTACTTGC-1,0.309931,0.00002,0.690049
ACACGAGACTCCTTCT-1,0.565031,0.416861,0.018108
ACACGGCACTATGCAT-1,0.67155,0.061409,0.267041
ACACGGGAACTTAGGG-1,0.92508,0.000085,0.074835
ACACGTAGGCCACAAG-1,0.449765,0.000018,0.550217
ACACTCCAATGTCACT-1,0.043359,0.037184,0.919457
ACACTGATCAAGGTGT-1,0.789742,0.000048,0.21021
ACACTGGGACAGTCGT-1,0.046188,0.001554,0.952258
ACAGAACTGAGAACAA-1,0.247218,0.000012,0.75277
ACAGATTAGGTTAGTG-1,0.325041,0.022595,0.652364
ACAGCATAGAGCCAGT-1,0.363635,0.00004,0.636324
ACAGCGACATTCTCAT-1,0.267302,0.000027,0.732671
ACAGCGCACCCGCAGC-1,0.767205,0.157532,0.075263
ACAGGAGGCGCAGCCG-1,0.552327,0.000013,0.44766
ACAGGCACGGATCCTT-1,0.361271,0.000022,0.638707
ACAGGCTTGCCCGACT-1,0.818429,0.015861,0.16571
ACAGGTGGAGGTGAGG-1,0.242696,0.190001,0.567303
ACAGGTGTGTTGTTGC-1,0.957905,0.000042,0.042053
ACAGTAATACAACTTG-1,0.614892,0.000253,0.384855
ACAGTATACCGTGGGA-1,0.703703,0.000038,0.296259
ACATAAGTCGTGGTGA-1,0.131725,0.328563,0.539712
ACATAATAAGGCGGTG-1,0.576056,0.054081,0.369863
ACATACAATCAAGCGG-1,0.59944,0.000021,0.400539
ACATCAGCTGGGACGC-1,0.292986,0.124301,0.582713
ACATCCCGGCCATACG-1,0.341256,0.000033,0.658711
ACATCCTGGTAACTGT-1,0.755404,0.00004,0.244556
ACATCGATCGTTTACC-1,0.708243,0.043728,0.248029
ACATCGCAATATTCGG-1,0.284003,0.00584,0.710158
ACATCGGTCAGCCGCG-1,0.621962,0.152254,0.225784
ACATCGTATGCAATGG-1,0.590026,0.049867,0.360106
ACATCGTTAACCTAGT-1,0.975242,0.024063,0.000694
ACATCTCAACGCGTAA-1,0.988037,0.011458,0.000505
ACATGCTTACGGCAGC-1,0.000016,0.018818,0.981167
ACATGGCGCCAAAGTA-1,0.317551,0.05206,0.630389
ACATGGCTCAATTTAG-1,0.21012,0.000023,0.789857
ACATTAGTTTATATCC-1,0.547366,0.142706,0.309928
ACATTCGCGCGGAATA-1,0.698107,0.000027,0.301866
ACATTTGAAACCTAAC-1,0.049917,0.00841,0.941674
ACCAAACACCCAGCGA-1,0.886484,0.000026,0.113489
ACCAAACTAGAAATCC-1,0.59448,0.034567,0.370953
ACCAACACCACACACT-1,0.895587,0.032023,0.07239
ACCAACCGCACTCCAC-1,0.635592,0.025467,0.338941
ACCAACGCTTATTTAT-1,0.592091,0.086991,0.320919
ACCAAGAACGCGTGTC-1,0.628949,0.030546,0.340505
ACCAAGTCATCGGCAG-1,0.416629,0.000022,0.583349
ACCAATATGCAAGTTA-1,0.888791,0.056508,0.054701
ACCACAACTCAGAACA-1,0.441751,0.262255,0.295994
ACCACAAGTTTCTATC-1,0.812402,0.076871,0.110727
ACCACACGGTTGATGG-1,0.861503,0.040942,0.097555
ACCACCAATGTAACAA-1,0.314764,0.278336,0.406899
ACCACCCTCTCTTCTA-1,0.006424,0.168651,0.824925
ACCACGTGCAGCTATA-1,0.949708,0.000054,0.050238
ACCACTGTTCAAGAAG-1,0.181166,0.123977,0.694857
ACCAGACCATAACAAC-1,0.816057,0.183795,0.000148
ACCAGCCCGGTCTTTG-1,0.897953,0.000057,0.10199
ACCAGGAGTGTGATCT-1,0.073349,0.104699,0.821951
ACCAGTGCCCGGTCAA-1,0.482393,0.000041,0.517566
ACCAGTGCGGGAGACG-1,0.393702,0.000033,0.606266
ACCATATCCGCAATAA-1,0.613857,0.030832,0.355311
ACCATCCGCCAACTAG-1,0.85797,0.000041,0.141989
ACCATCGTATATGGTA-1,0.372408,0.04356,0.584032
ACCATTAAGGGTGTCA-1,0.851407,0.000076,0.148517
ACCCAACGCCCGTGGC-1,0.125605,0.004621,0.869774
ACCCACCTACATGCTC-1,0.002874,0.010384,0.986741
ACCCATCTTGAGGGTA-1,0.415481,0.003191,0.581328
ACCCATTTGTCCCTCT-1,0.644464,0.026368,0.329168
ACCCGAGCGAAATTAC-1,0.548356,0.07066,0.380983
ACCCGATTGGTTCCGA-1,0.802184,0.07731,0.120506
ACCCGGAAACTCCCAG-1,0.999429,0.000063,0.000508
ACCCGGAGCACCACAA-1,0.418384,0.049957,0.531659
ACCCGGATGACGCATC-1,0.697964,0.000035,0.302001
ACCCGGTTACACTTCC-1,0.561435,0.013505,0.42506
ACCCGTAGCAGAGAAT-1,0.19331,0.000013,0.806677
ACCCGTAGTCTAGTTG-1,0.030246,0.017754,0.952
ACCCGTGTCATCAGTA-1,0.332462,0.12181,0.545728
ACCCTATAGGACTGAG-1,0.763772,0.000044,0.236184
ACCCTATGCCATATCG-1,0.517003,0.000042,0.482955
ACCCTCCCGTCAGGGC-1,0.544844,0.000028,0.455128
ACCCTCCCTTGCTATT-1,0.317923,0.011836,0.670241
ACCCTGGTAACGCCCT-1,0.591561,0.039786,0.368653
ACCCTTCATCTGCGAA-1,0.359538,0.141451,0.499011
ACCCTTGCCTGGGTCG-1,0.009349,0.040487,0.950164
ACCCTTTAGTTCTCCA-1,0.326298,0.376122,0.297579
ACCGAAAGGGCCCTGC-1,0.879534,0.000054,0.120411
ACCGAAGAGTCTGGTT-1,0.717177,0.000033,0.28279
ACCGACACATCTCCCA-1,0.999562,0.000049,0.000389
ACCGACTGAGTCCCAC-1,0.631589,0.141106,0.227306
ACCGAGTCTCCTTATT-1,0.813683,0.000033,0.186283
ACCGATAGGCATAACC-1,0.141449,0.000009,0.858542
ACCGATATTTAATCAT-1,0.291215,0.014755,0.694029
ACCGATGGTAGCATCG-1,0.671979,0.000063,0.327958
ACCGCAATAACTGCCT-1,0.029852,0.039857,0.930292
ACCGCGGTGGAAGTCG-1,0.912268,0.00004,0.087692
ACCGCTAGTCATTGGT-1,0.060316,0.00001,0.939674
ACCGGGCCTTTGTTGA-1,0.12928,0.021788,0.848932
ACCGGTCAGGTACACC-1,0.538146,0.000023,0.461831
ACCGGTCTGAGTACGG-1,0.504003,0.023208,0.472789
ACCGTCCACTGGGCCC-1,0.179391,0.17209,0.648519
ACCGTGACCACGTGGG-1,0.841544,0.000035,0.158421
ACCGTTCCCGCTCTGA-1,0.021666,0.000016,0.978318
ACCTAAGTACCTTTCA-1,0.000026,0.042751,0.957223
ACCTAATCGACTTCCT-1,0.000302,0.052348,0.94735
ACCTACAGTATGTGGT-1,0.488034,0.001478,0.510488
ACCTACTATAAATCTA-1,0.553918,0.000017,0.446065
ACCTCAGCGAGGCGCA-1,0.36989,0.008979,0.621131
ACCTCCGCCCTCGCTG-1,0.818036,0.000031,0.181933
ACCTCCGTTATTCACC-1,0.000024,0.014468,0.985508
ACCTCGAACTTATGCT-1,0.323597,0.000016,0.676387
ACCTGCGTGTCATGTT-1,0.283248,0.043994,0.672758
ACCTTTCCTTTAGAAG-1,0.374846,0.000024,0.625131
ACGAAATGGGCGGCAC-1,0.050418,0.000806,0.948776
ACGACCCATGAGTTGC-1,0.675412,0.000021,0.324567
ACGACTCTAGGGCCGA-1,0.016618,0.001062,0.982321
ACGACTGGTCATACTC-1,0.473061,0.000019,0.526921
ACGAGAACCCATCACG-1,0.298332,0.000015,0.701653
ACGAGATATTTGCTTA-1,0.998961,0.000115,0.000923
ACGAGGATACCACTCT-1,0.474286,0.013825,0.511888
ACGAGGTTTACAACGT-1,0.485918,0.00002,0.514062
ACGAGTACGGATGCCC-1,0.876635,0.000053,0.123312
ACGAGTCGCCGGCGTT-1,0.085405,0.022055,0.892541
ACGATACATAGAACTA-1,0.722262,0.025742,0.251996
ACGATACCTATCCTGA-1,0.930085,0.000068,0.069847
ACGATCATACATAGAG-1,0.205077,0.014457,0.780466
ACGATCATCTTGTAAA-1,0.001592,0.038847,0.959561
ACGATGCATATGTTAT-1,0.061085,0.014121,0.924794
ACGATGGATCCGATGC-1,0.218981,0.058356,0.722663
ACGCAAACTAATAGAT-1,0.202591,0.06109,0.736319
ACGCAATCACTACAGC-1,0.11145,0.000016,0.888534
ACGCATAAATGACATG-1,0.111124,0.010023,0.878853
ACGCATACGTTTACTA-1,0.367856,0.000022,0.632122
ACGCATTCGTGAGTAC-1,0.404837,0.029427,0.565736
ACGCCACTCGAAACAG-1,0.936864,0.014797,0.048339
ACGCCAGATGATTTCT-1,0.875508,0.062668,0.061824
ACGCCAGTGCGTTTGC-1,0.315218,0.102355,0.582427
ACGCCCAGCTGTCGAT-1,0.832524,0.00007,0.167406
ACGCCGCTAGACGACC-1,0.999421,0.000064,0.000515
ACGCCTGACACGCGCT-1,0.120133,0.07403,0.805838
ACGCGAAGTCAGACGA-1,0.211469,0.307943,0.480589
ACGCGCTACACAGGGT-1,0.264908,0.01977,0.715322
ACGCGGGCCAAGGACA-1,0.239628,0.003222,0.757149
ACGCGTTTCTTAAGAG-1,0.690397,0.023477,0.286127
ACGCTACTGAATGGGC-1,0.556413,0.138115,0.305471
ACGCTAGTATCAGTGC-1,0.308218,0.020865,0.670916
ACGCTAGTGATACACT-1,0.866053,0.000057,0.133891
ACGCTGTGAGGCGTAG-1,0.777557,0.000037,0.222406
ACGCTTAGTGTCTCTC-1,0.246518,0.000126,0.753357
ACGGAACACGAGTGCC-1,0.022402,0.246784,0.730814
ACGGAATTTAGCAAAT-1,0.178247,0.011032,0.810721
ACGGACGCAGCGACAA-1,0.009949,0.124938,0.865113
ACGGACTCTCAAAGCG-1,0.830701,0.088506,0.080793
ACGGAGCGCAAATTAC-1,0.193715,0.026027,0.780258
ACGGATGGTGCGGATA-1,0.019225,0.190257,0.790519
ACGGCACTTGCTTGGG-1,0.882155,0.000038,0.117807
ACGGCCAACATGGACT-1,0.080284,0.033565,0.886151
ACGGCGACGATGGGAA-1,0.653839,0.07431,0.271851
ACGGCGGGTTGCCCTG-1,0.453122,0.000025,0.546852
ACGGCTGGATGTAGAA-1,0.049464,0.011462,0.939074
ACGGGAGTGTCGGCCC-1,0.422538,0.063926,0.513536
ACGGGCGTATGCGACA-1,0.312772,0.000018,0.68721
ACGGGTCATGTGACTT-1,0.166842,0.000024,0.833133
ACGGGTTGTGACCTGT-1,0.729371,0.000041,0.270588
ACGGTACAGTTCAATG-1,0.120063,0.000012,0.879924
ACGGTCACCGAGAACA-1,0.001955,0.005477,0.992568
ACGTACAGATTTCTCT-1,0.076818,0.000015,0.923167
ACGTACTTTGGCACGG-1,0.631011,0.00933,0.359658
ACGTAGATTGCTGATG-1,0.973176,0.026265,0.000559
ACGTAGGAGAGTCGCT-1,0.281174,0.664552,0.054274
ACGTATTACTCCGATC-1,0.062508,0.024282,0.91321
ACGTCCTAAACGAGAT-1,0.025084,0.000018,0.974898
ACGTCGGGCAACTCGG-1,0.842488,0.000036,0.157476
ACGTCTCGTTCCGGGA-1,0.264659,0.036551,0.69879
ACGTGACAAAGTAAGT-1,0.190953,0.000015,0.809032
ACGTGCGCCTCGTGCA-1,0.499196,0.000047,0.500757
ACGTGGTCGAATGTGC-1,0.898613,0.00007,0.101318
ACGTTAATGTCGAAGA-1,0.796851,0.024926,0.178223
ACGTTAGATTTGCCCG-1,0.147095,0.055873,0.797032
ACGTTATTGGTCACTC-1,0.609163,0.184064,0.206773
ACGTTCACTATGCCGC-1,0.382566,0.01246,0.604974
ACGTTCCGCGCTCCGT-1,0.000038,0.000013,0.999949
ACGTTCGCAATCAATT-1,0.435657,0.00002,0.564322
ACGTTCGTTCAGGAAA-1,0.270692,0.132586,0.596722
ACGTTCTGTACAAGTC-1,0.088544,0.000014,0.911442
ACGTTGTCGTTGAAAG-1,0.252279,0.194227,0.553494
ACGTTTAGTTGTGATC-1,0.275105,0.05202,0.672874
ACGTTTCGGTGCACTT-1,0.428538,0.018529,0.552932
ACTAAGGACGCACACC-1,0.208356,0.003607,0.788037
ACTAATACGTCAGGCG-1,0.298249,0.000033,0.701718
ACTACAAAGAGAGGTG-1,0.005678,0.012245,0.982077
ACTACATCCCGACAAG-1,0.485676,0.000018,0.514307
ACTACCAGCTCTCTGG-1,0.134058,0.011094,0.854848
ACTACCATCCGAGGGC-1,0.746893,0.000022,0.253085
ACTACGCGTTAGAATT-1,0.252482,0.000019,0.747499
ACTAGTTGCGATCGTC-1,0.9089,0.022381,0.068719
ACTATATGCTGTGTTC-1,0.975866,0.000066,0.024068
ACTATCCAGGGCATGG-1,0.161317,0.290185,0.548498
ACTATCGCCGGCTAAA-1,0.774493,0.134363,0.091144
ACTATCTGCCCGCGTA-1,0.204434,0.031416,0.76415
ACTATGTCCAGCTGCC-1,0.08847,0.000011,0.911519
ACTATTCGTCCGTGGT-1,0.999123,0.000097,0.00078
ACTATTTCCGGGCCCA-1,0.888589,0.000041,0.11137
ACTCAACGAATGTATT-1,0.604454,0.032387,0.363159
ACTCAAGTGCAAGGCT-1,0.876423,0.000052,0.123525
ACTCAATAAAGGCACG-1,0.749249,0.12636,0.124391
ACTCAGACCTGCTTCT-1,0.08881,0.160521,0.75067
ACTCATGGCAGCCTTC-1,0.031399,0.000015,0.968586
ACTCCAATATCATCAT-1,0.121401,0.070394,0.808205
ACTCCCATTCCTAAAG-1,0.027468,0.068841,0.903691
ACTCCCGAATTCGTTT-1,0.748751,0.000048,0.251201
ACTCCCGTAGACTAGG-1,0.126253,0.004797,0.86895
ACTCCCTAATGCTAAA-1,0.439093,0.08867,0.472236
ACTCCCTAGAATAGTA-1,0.534024,0.113766,0.35221
ACTCCGGCCGACCACT-1,0.350316,0.000021,0.649662
ACTCGATGTATTTCAT-1,0.744283,0.000053,0.255664
ACTCGCCGTTCGATAA-1,0.103661,0.111967,0.784372
ACTCGCGATCTGACGC-1,0.290396,0.000015,0.709589
ACTCGTAACCCGTCCT-1,0.132715,0.027267,0.840018
ACTCGTCAGTAATCCC-1,0.780024,0.021044,0.198932
ACTCTAAACCTGGGAT-1,0.019507,0.011216,0.969278
ACTCTCTGACTTAGGT-1,0.03062,0.006168,0.963211
ACTCTCTTATACACGA-1,0.999075,0.000103,0.000822
ACTCTGACCTAATAGA-1,0.520763,0.000021,0.479216
ACTCTTCAGCTCCCGC-1,0.289869,0.000015,0.710116
ACTCTTGTATAGTAAC-1,0.546032,0.136627,0.317341
ACTGAAACGCCGTTAG-1,0.538432,0.010087,0.451482
ACTGAATGGCGAAAGT-1,0.400586,0.000024,0.599391
ACTGATTTAGTGATTC-1,0.360465,0.008854,0.630681
ACTGCCCGCCATTCTC-1,0.323522,0.007184,0.669294
ACTGCCGTCGTAACTC-1,0.866589,0.076897,0.056514
ACTGCGGACACACCGT-1,0.452479,0.000025,0.547496
ACTGCTCGGAAGGATG-1,0.528037,0.089196,0.382767
ACTGGCGAACCTGCGT-1,0.443305,0.000723,0.555972
ACTGGGATGCCAGTGC-1,0.265025,0.000022,0.734953
ACTGTACGATACACAT-1,0.999435,0.000063,0.000502
ACTGTAGCACTTTGGA-1,0.13923,0.004544,0.856225
ACTGTATACGCGAGCA-1,0.588308,0.00004,0.411652
ACTGTCCAGGATTATA-1,0.827102,0.000048,0.17285
ACTGTCTTCTTTAGAA-1,0.380962,0.061757,0.557281
ACTGTGCTAGTAGATC-1,0.102621,0.011391,0.885988
ACTGTTTAGTGTAGGC-1,0.605452,0.000049,0.394499
ACTTACCGGGCGCGCA-1,0.78314,0.00004,0.21682
ACTTACGCATCCACGC-1,0.782013,0.059206,0.158781
ACTTAGTACGACAAGA-1,0.047494,0.071635,0.88087
ACTTATACTTACCCGG-1,0.618899,0.000042,0.381059
ACTTATCTGATCTATA-1,0.344398,0.007608,0.647994
ACTTATTAGGATCGGT-1,0.343111,0.026683,0.630206
ACTTATTTATGTGCCA-1,0.998316,0.000054,0.00163
ACTTCAGGCTGATCCC-1,0.041803,0.006547,0.95165
ACTTCCAGTGGAAGCT-1,0.873969,0.000064,0.125967
ACTTCCATGCGGGACA-1,0.364484,0.013423,0.622093
ACTTCCTGTCGTGCGA-1,0.319577,0.019061,0.661361
ACTTCGCCATACGCAC-1,0.99103,0.003751,0.005219
ACTTCGCTAGCGAGTG-1,0.733069,0.019327,0.247604
ACTTGACTCCCTCTTT-1,0.514753,0.00004,0.485207
ACTTGCCATATTGTAC-1,0.199421,0.08572,0.714858
ACTTGCTCTATCTACC-1,0.190296,0.034322,0.775382
ACTTGGGACCCGGTGG-1,0.228059,0.093398,0.678543
ACTTGGGCTTTCGCCA-1,0.609517,0.095774,0.29471
ACTTGTAGTCCCTTCA-1,0.123876,0.014373,0.861751
ACTTGTGGATGGAACG-1,0.449193,0.086123,0.464683
ACTTGTTACCGGATCA-1,0.015857,0.001575,0.982568
ACTTTACCCTCATGAA-1,0.24586,0.028066,0.726074
ACTTTATACACCACTT-1,0.000021,0.264752,0.735228
ACTTTCCTATAGCTTC-1,0.207798,0.068234,0.723967
ACTTTGACTGCATCCT-1,0.572917,0.000042,0.427041
ACTTTGGTCGTGCTCC-1,0.540821,0.226413,0.232766
ACTTTGTCGACGCACT-1,0.633452,0.000032,0.366515
AGAAATTATGACTCGC-1,0.584999,0.002728,0.412273
AGAACACGGCGATGGT-1,0.000011,0.460121,0.539869
AGAACCCAGCGTGACA-1,0.362971,0.099503,0.537526
AGAACCCTCAATTGGG-1,0.773232,0.029345,0.197423
AGAACGTGGTACATTC-1,0.63879,0.131527,0.229683
AGAACTGTACTTTGTA-1,0.039541,0.050294,0.910165
AGAAGAGCGCCGTTCC-1,0.57353,0.000583,0.425887
AGAAGGTACACTTCAC-1,0.183687,0.205523,0.61079
AGAAGGTTGCCGAATT-1,0.435707,0.002579,0.561714
AGAAGGTTGTAGGTCG-1,0.999432,0.000063,0.000505
AGAAGTGATTCGTGAT-1,0.308468,0.092747,0.598785
AGAATAAATCTTCAGG-1,0.643314,0.000035,0.356651
AGAATACAGGCTATCC-1,0.530985,0.00002,0.468995
AGAATGCGGGTTCGGA-1,0.580056,0.000021,0.419922
AGAATTATGGATTCGA-1,0.577648,0.00004,0.422312
AGAATTGTTTGACATA-1,0.300565,0.010684,0.688751
AGACAGCTCAGAATCC-1,0.140251,0.010467,0.849282
AGACAGGCATCTCAGC-1,0.781139,0.000023,0.218838
AGACATAGATCCTTCC-1,0.294769,0.114228,0.591002
AGACCAAACCACACCT-1,0.79134,0.000024,0.208635
AGACCATGGGATACAA-1,0.126922,0.000013,0.873065
AGACCCACCGCTGATC-1,0.999456,0.00006,0.000483
AGACCCGCCCTCCTCG-1,0.340564,0.013264,0.646172
AGACCGCTCCGCGGTT-1,0.443491,0.000022,0.556487
AGACCGGGAAACCCTG-1,0.163057,0.045696,0.791247
AGACGAAGTGCCGGTC-1,0.469381,0.000026,0.530593
AGACGACGATGCCGCT-1,0.691785,0.000025,0.30819
AGACGCCCACTTCGCC-1,0.050714,0.000532,0.948754
AGACGGGATTGGTATA-1,0.405745,0.057635,0.53662
AGACGGGCCGATTTAA-1,0.7027,0.000049,0.297251
AGACTAGCCTTCCAGA-1,0.769972,0.000055,0.229973
AGACTGTTACCGGGTC-1,0.094601,0.130949,0.77445
AGAGAAACACCAGAAA-1,0.054867,0.0319,0.913233
AGAGAACCGTCTAGGA-1,0.887825,0.000038,0.112138
AGAGAAGGAGTACAAT-1,0.126563,0.304586,0.568852
AGAGATCTCTAAAGCG-1,0.029946,0.071915,0.89814
AGAGCAGTTATGAGAC-1,0.178881,0.102462,0.718657
AGAGCCGCCGAGATTT-1,0.097467,0.014951,0.887581
AGAGCGCTTGTAACGG-1,0.668011,0.017798,0.314191
AGAGCGGGCTAATCAT-1,0.262525,0.010415,0.727061
AGAGCGTACAAGCTCG-1,0.545787,0.000031,0.454182
AGAGCTACGAAAGCAT-1,0.892395,0.00005,0.107555
AGAGGCTTCGGAAACC-1,0.325147,0.000013,0.674839
AGAGGGACAATTGTCC-1,0.713112,0.0155,0.271389
AGAGGTATCTCGGTCC-1,0.813823,0.000053,0.186124
AGAGTAAACTTCACTA-1,0.417589,0.023334,0.559078
AGAGTATAGTGTTACG-1,0.579395,0.000031,0.420574
AGAGTCTTAATGAAAG-1,0.206591,0.070796,0.722613
AGAGTGAACAGACACC-1,0.027718,0.000004,0.972278
AGAGTTAGAGACCGAT-1,0.632218,0.340032,0.02775
AGAGTTGCAGGCCTCC-1,0.005884,0.105874,0.888242
AGATAACTTCAGGGCC-1,0.091759,0.056342,0.851899
AGATAATCACACCTAT-1,0.000012,0.095652,0.904336
AGATACCAATAGAACC-1,0.330865,0.098961,0.570174
AGATACCAGCACTTCA-1,0.069824,0.161345,0.768831
AGATACCGGTGTTCAC-1,0.040965,0.104715,0.854319
AGATACGACTTCATAT-1,0.031709,0.112039,0.856252
AGATACTCAAGATCGA-1,0.494501,0.000034,0.505465
AGATATAATACGACTA-1,0.729662,0.050957,0.219381
AGATCGTGCATAAGAT-1,0.288013,0.091619,0.620368
AGATCTCAGGTGTGAT-1,0.816092,0.000056,0.183852
AGATCTGGAGAGGATA-1,0.037145,0.238838,0.724017
AGATGACTCGCCCACG-1,0.391608,0.010851,0.597541
AGATGAGGGTTGCGAT-1,0.988276,0.000058,0.011666
AGATGATGGAGTCTGG-1,0.595499,0.037127,0.367375
AGATGCAAGACGTGCA-1,0.07801,0.177006,0.744984
AGATGCATCCTGTGTC-1,0.89993,0.000035,0.100035
AGATGCTATAACGAGC-1,0.115092,0.151709,0.733199
AGATTATAGGACGTTT-1,0.629611,0.081653,0.288735
AGATTCAAGCGGGTCG-1,0.191729,0.001513,0.806758
AGATTCACAACCGATA-1,0.406975,0.096644,0.496381
AGCAAAGGCCGCTAGT-1,0.895032,0.000042,0.104926
AGCAACATATCTTATT-1,0.233136,0.18621,0.580654
AGCAACCGAAAGTAAT-1,0.292679,0.000017,0.707304
AGCACACGTTTAGACT-1,0.020719,0.000014,0.979267
AGCACCAGTACTCACG-1,0.249674,0.090797,0.65953
AGCACTACCGGCCTGT-1,0.005431,0.035926,0.958643
AGCACTACCTCACCAG-1,0.380824,0.007708,0.611467
AGCACTTAAGGACGCC-1,0.049282,0.021084,0.929634
AGCAGAAGGAGAAAGA-1,0.743883,0.194888,0.061228
AGCAGCCAGATGAATA-1,0.225106,0.000024,0.77487
AGCAGTCGAAGCATGC-1,0.214861,0.184527,0.600612
AGCATATCAATATGCT-1,0.555217,0.000043,0.44474
AGCATCATTTCGAAAG-1,0.444078,0.000023,0.555899
AGCATCGTCGATAATT-1,0.05471,0.000027,0.945263
AGCATTACGAGGCAAG-1,0.474432,0.070853,0.454716
AGCCAAGCTTTGTGTC-1,0.486044,0.000034,0.513922
AGCCACAGGTTACCCG-1,0.122772,0.000017,0.877212
AGCCACTCCCGTGCTT-1,0.359384,0.09494,0.545676
AGCCATATAGTATGTG-1,0.921462,0.000044,0.078494
AGCCCATACATGTAAG-1,0.253689,0.000021,0.74629
AGCCCGCAACAAGCAG-1,0.421305,0.01735,0.561344
AGCCCGCACTACAATG-1,0.318594,0.009282,0.672124
AGCCCGGCATTAGAGG-1,0.875171,0.000032,0.124797
AGCCCGGTAGCCTGTA-1,0.455179,0.000029,0.544791
AGCCCTAAGCGAAGTT-1,0.458501,0.030323,0.511176
AGCCCTCCCTGGTGGC-1,0.004014,0.000006,0.995979
AGCCCTGTCGCACCGT-1,0.027822,0.034384,0.937794
AGCCCTTCTAATCCGA-1,0.122665,0.01307,0.864266
AGCCCTTGGACATCCC-1,0.033296,0.000009,0.966695
AGCCGCAAATTCAAAT-1,0.918905,0.080792,0.000302
AGCCGCTTGATTAGCG-1,0.73074,0.000051,0.269209
AGCCGTGGCTAAATGT-1,0.539276,0.051676,0.409048
AGCCTAATACCCACGT-1,0.613105,0.000021,0.386874
AGCCTTAAAGCGGAAG-1,0.290489,0.015781,0.69373
AGCCTTGTCACTGATA-1,0.689882,0.000041,0.310077
AGCGACAGGAACGGTC-1,0.375814,0.046624,0.577562
AGCGACATCCCATTCA-1,0.316674,0.000038,0.683288
AGCGACCAACGATATT-1,0.062116,0.036887,0.900997
AGCGACTTTGAAGACA-1,0.037475,0.000009,0.962517
AGCGAGACGTGAAGGC-1,0.031706,0.020541,0.947753
AGCGATGCGCCTAATA-1,0.027695,0.000009,0.972296
AGCGCATAATGAATCG-1,0.433101,0.000026,0.566874
AGCGCGGGTGCCAATG-1,0.743123,0.068622,0.188255
AGCGCTAGAGCGATGT-1,0.402069,0.063729,0.534202
AGCGCTTATGGGCAAG-1,0.148065,0.166032,0.685903
AGCGGACACTTCGTAG-1,0.206261,0.116656,0.677083
AGCGGCGGTTAGCGGT-1,0.478821,0.025821,0.495358
AGCGGGAAGGGTCCAT-1,0.751774,0.000041,0.248185
AGCGGGTCTGACACTC-1,0.999479,0.000058,0.000463
AGCGGTTGAGATGTAC-1,0.631188,0.037357,0.331455
AGCGGTTGCCGCTCTG-1,0.247092,0.074361,0.678547
AGCGTACGAGAGCTAG-1,0.499383,0.013317,0.4873
AGCGTAGCGCTAGACC-1,0.567104,0.000037,0.432859
AGCGTCTGAACCCGCA-1,0.203211,0.037566,0.759223
AGCGTGGTATTCTACT-1,0.88876,0.071355,0.039884
AGCGTTCCGATTTAAA-1,0.999478,0.000058,0.000464
AGCTAACAAGCAATGT-1,0.242105,0.006866,0.751029
AGCTAAGCTCCGTCCG-1,0.037253,0.000591,0.962156
AGCTAAGTACGCAGGC-1,0.474172,0.000028,0.5258
AGCTACGAATGGTGGT-1,0.080407,0.019241,0.900352
AGCTAGAAGCAGAAGT-1,0.455126,0.00003,0.544844
AGCTATTTAATCCAAC-1,0.934904,0.064404,0.000692
AGCTCCATATATGTTC-1,0.743003,0.019843,0.237154
AGCTCCTTCGCACATC-1,0.459439,0.063086,0.477475
AGCTCGTTGATGGAAA-1,0.996818,0.000036,0.003146
AGCTCTAGACGTTCCA-1,0.932441,0.048538,0.019021
AGCTCTTCCCAGTGCA-1,0.469424,0.00004,0.530535
AGCTCTTCGTAACCTT-1,0.570006,0.021711,0.408282
AGCTCTTTACTCAGTT-1,0.73445,0.000035,0.265516
AGCTGAAGTAAACCAA-1,0.557689,0.000039,0.442272
AGCTGCATTTGAGGTG-1,0.341623,0.000019,0.658358
AGCTGCTGTGCCGAAT-1,0.27146,0.001374,0.727165
AGCTGTAACCTCAATC-1,0.017291,0.167241,0.815468
AGCTTATAGAGACCTG-1,0.619969,0.000044,0.379987
AGCTTCAATACTTTGA-1,0.189328,0.045872,0.7648
AGCTTCTTCTCGAGCA-1,0.510959,0.000025,0.489016
AGCTTGATCAGGGTAG-1,0.204094,0.306395,0.489511
AGCTTGATCTTAACTT-1,0.004403,0.025918,0.969679
AGGAAAGCCTCTGATG-1,0.301125,0.026959,0.671916
AGGAACGAACGACTTC-1,0.26379,0.000012,0.736198
AGGAAGCTGTCCGCCG-1,0.999546,0.00005,0.000404
AGGACAGTCGAATCCC-1,0.145438,0.000015,0.854547
AGGACATCGCACGTCG-1,0.570995,0.007288,0.421717
AGGACATCGGCACACT-1,0.088766,0.092512,0.818722
AGGACGACCCATTAGA-1,0.138323,0.04075,0.820928
AGGACGCTCGATGTTG-1,0.109718,0.000023,0.890258
AGGACTTATAGGAGAA-1,0.871692,0.000068,0.12824
AGGAGACATCCACAGT-1,0.669929,0.112844,0.217227
AGGAGAGTCTGGCTAC-1,0.910685,0.000025,0.08929
AGGAGCGTTTATTATC-1,0.085871,0.02025,0.893879
AGGAGGCCTTCGCGCG-1,0.940084,0.040913,0.019003
AGGATAAAGTCGGGAT-1,0.999682,0.000035,0.000283
AGGATATAGGGATTTA-1,0.799557,0.040852,0.159591
AGGATATCCGACTGCA-1,0.597485,0.000022,0.402492
AGGATCACGCGATCTG-1,0.377339,0.000017,0.622645
AGGATTGCTTACGACA-1,0.340811,0.09209,0.567099
AGGCAAAGAGGAATCA-1,0.240278,0.03795,0.721772
AGGCAATACGGAGGAC-1,0.23769,0.025373,0.736937
AGGCACGTGACTGTCC-1,0.000104,0.031812,0.968084
AGGCAGATGCGTAAAC-1,0.584656,0.045243,0.370101
AGGCAGGGAGCGTACT-1,0.657635,0.000027,0.342337
AGGCATTGTCGTAGGG-1,0.327459,0.000022,0.672518
AGGCCACATTGGTTAC-1,0.456514,0.120887,0.422599
AGGCCACCCGTTATGA-1,0.000025,0.020387,0.979588
AGGCCCAGTGACTGGT-1,0.550412,0.000042,0.449546
AGGCCCATTGTACAGG-1,0.055293,0.123556,0.821151
AGGCCCTAGAACGCCA-1,0.039355,0.130561,0.830084
AGGCCTATCATACCAA-1,0.543667,0.046653,0.409681
AGGCCTGAGAATCTCG-1,0.524407,0.000027,0.475566
AGGCGATAACTGGCGT-1,0.610107,0.005617,0.384276
AGGCGGTTTGTCCCGC-1,0.277687,0.018621,0.703692
AGGCGTCTATGGACGG-1,0.149193,0.057603,0.793203
AGGCTATGGTTAGCTT-1,0.582827,0.116204,0.300969
AGGCTTAAGTTGCACA-1,0.885658,0.000031,0.114311
AGGCTTCCCGAAGAAG-1,0.729333,0.037651,0.233016
AGGCTTGCTAGACACC-1,0.316287,0.000017,0.683696
AGGGAAACGAGGTACT-1,0.699881,0.015978,0.284142
AGGGACAGCACGGCGG-1,0.275262,0.042567,0.682171
AGGGACCGGCTGCGTT-1,0.201395,0.088706,0.709899
AGGGACTCTACGCGAC-1,0.232649,0.111269,0.656082
AGGGAGACATACTTCG-1,0.093621,0.000032,0.906347
AGGGCAGCGGCGTGGT-1,0.999158,0.000094,0.000748
AGGGCCCTAATGTTCT-1,0.028174,0.295787,0.676039
AGGGCGAGCAGCTGAT-1,0.216703,0.07056,0.712737
AGGGCGTGATCGGCTA-1,0.111172,0.026513,0.862315
AGGGCTGCAGTTACAG-1,0.95355,0.038019,0.008431
AGGGTCAGAGCACTCG-1,0.688309,0.083429,0.228262
AGGGTCAGTAACCCTA-1,0.308065,0.037904,0.654031
AGGGTCGATGCGAACT-1,0.275879,0.114283,0.609838
AGGGTCTGGACGCAGT-1,0.178897,0.025181,0.795922
AGGGTGCCGTTCTTTA-1,0.257244,0.162511,0.580245
AGGGTGCTCTCGAGGG-1,0.663272,0.054125,0.282604
AGGGTGGATAGTGCAT-1,0.830216,0.000038,0.169746
AGGGTGTGCTACACGC-1,0.286642,0.00001,0.713348
AGGGTTCAGACGGTCC-1,0.503957,0.000025,0.496018
AGGGTTCCCTTTGGTT-1,0.905685,0.000073,0.094242
AGGGTTTAGTTCGGGA-1,0.353113,0.025779,0.621108
AGGTAACCTCCTATTC-1,0.09329,0.001019,0.905691
AGGTACGATATTGCCA-1,0.796598,0.198939,0.004463
AGGTAGATCGAGATAT-1,0.14763,0.067242,0.785128
AGGTAGGTACAAAGCT-1,0.148899,0.138853,0.712247
AGGTATAATTGATAGT-1,0.844039,0.000044,0.155917
AGGTATGCGGACATTA-1,0.285323,0.024577,0.6901
AGGTCAGGTGAGAGTG-1,0.754018,0.000026,0.245957
AGGTCGCCACTTCGGT-1,0.060249,0.000011,0.93974
AGGTCGCCTCCCAACA-1,0.770877,0.000019,0.229104
AGGTCGCGGAGTTACT-1,0.480445,0.000052,0.519503
AGGTGCACGTCCACAT-1,0.127575,0.200501,0.671924
AGGTGGTGACCTTCGC-1,0.645758,0.000035,0.354208
AGGTGTATCGCCATGA-1,0.207402,0.001521,0.791078
AGGTGTTGCCGACCAC-1,0.431957,0.03844,0.529603
AGGTTACACCATGCCG-1,0.229758,0.265955,0.504287
AGGTTCTCCTTTCCGG-1,0.619,0.000029,0.38097
AGGTTGAGGCACGCTT-1,0.57421,0.128589,0.297202
AGGTTTCACACACCTT-1,0.999265,0.000082,0.000654
AGTAACGTTCATCCTG-1,0.945358,0.000062,0.05458
AGTAACTATAGCAGCC-1,0.706467,0.000027,0.293506
AGTAAGGGACAGAATC-1,0.095253,0.022077,0.88267
AGTAATCTAAGGGTGG-1,0.523582,0.00352,0.472898
AGTAATGTCTTGCCGC-1,0.701649,0.000052,0.298299
AGTAATTTGCAAGCGT-1,0.0538,0.030794,0.915406
AGTACAGAAGCTTATA-1,0.789531,0.001917,0.208552
AGTACATCATTTATCA-1,0.162931,0.000033,0.837037
AGTACCTTCGAGTGCT-1,0.959039,0.00008,0.040881
AGTACGGCCCGTATCG-1,0.391496,0.362387,0.246117
AGTACGGGCACCTGGC-1,0.977732,0.00008,0.022189
AGTACGTGGCCTGTCT-1,0.999422,0.000064,0.000514
AGTACTCTTATGCCCA-1,0.127281,0.141549,0.731171
AGTAGAAGGCGCCTCA-1,0.063372,0.089107,0.847521
AGTAGCGTGAACGAAC-1,0.482078,0.000612,0.51731
AGTAGCTAGACGCCGA-1,0.075799,0.000018,0.924183
AGTAGGAAGGAAGTTG-1,0.240788,0.000023,0.75919
AGTAGGTAACATACAT-1,0.749151,0.00004,0.25081
AGTATAATACTAGGCA-1,0.499795,0.045446,0.454759
AGTATACACAGCGACA-1,0.338628,0.00071,0.660662
AGTATCCATAATAACG-1,0.62248,0.000028,0.377493
AGTATGCTGGAGACCA-1,0.211319,0.03174,0.756941
AGTATTTGGCACGACC-1,0.798117,0.00005,0.201833
AGTCAAATGATGTGAT-1,0.35055,0.000017,0.649433
AGTCAACACCACCATC-1,0.139232,0.077908,0.78286
AGTCAAGATGACACTT-1,0.032573,0.019485,0.947943
AGTCACTAGCTCTCGA-1,0.672213,0.00003,0.327757
