Barcode,Topic 1to3,Topic 4,Topic 5to6,Topic 7to12
AAACAACGAATAGTTC-1,0.001288,0.074536,0.498689,0.425487
AAACAAGTATCTCCCA-1,0.654903,0.065378,0.138915,0.140803
AAACAATCTACTAGCA-1,0.987437,0.000043,0.012264,0.000257
AAACACCAATAACTGC-1,0.71085,0.000024,0.074672,0.214454
AAACAGAGCGACTCCT-1,0.185019,0.000019,0.000693,0.81427
AAACAGCTTTCAGAAG-1,0.005048,0.00096,0.01239,0.981603
AAACAGGGTCTATATT-1,0.2502,0.177844,0.052574,0.519382
AAACAGTGTTCCTGGG-1,0.357085,0.000014,0.435266,0.207635
AAACATGGTGAGAGGA-1,0.191864,0.225952,0.420848,0.161336
AAACATTTCCCGGATT-1,0.867809,0.00003,0.110314,0.021847
AAACCACTACACAGAT-1,0.319418,0.064522,0.451919,0.16414
AAACCCGAACGAAATC-1,0.177525,0.000009,0.369779,0.452687
AAACCGGAAATGTTAA-1,0.589443,0.031329,0.275616,0.103612
AAACCGGGTAGGTACC-1,0.361129,0.008515,0.035644,0.594712
AAACCGTTCGTCCAGG-1,0.252098,0.043068,0.11547,0.589364
AAACCTAAGCAGCCGG-1,0.051374,0.000316,0.122698,0.825613
AAACCTCATGAAGTTG-1,0.453618,0.015323,0.00023,0.530829
AAACGAAGAACATACC-1,0.071227,0.003841,0.01188,0.913052
AAACGAAGATGGAGTA-1,0.804653,0.004229,0.032361,0.158756
AAACGACAGTCTTGCC-1,0.606588,0.030907,0.117079,0.245426
AAACGAGACGGTTGAT-1,0.776702,0.144894,0.000104,0.0783
AAACGCCCGAGATCGG-1,0.677502,0.000032,0.300583,0.021884
AAACGCTGGGCACGAC-1,0.102091,0.029086,0.408728,0.460095
AAACGGGCGTACGGGT-1,0.571895,0.014391,0.109844,0.303869
AAACGGGTTGGTATCC-1,0.615136,0.000026,0.202105,0.182733
AAACGGTTGCGAACTG-1,0.688421,0.000024,0.242295,0.06926
AAACGTGTTCGCCCTA-1,0.339644,0.00002,0.261166,0.39917
AAACTAACGTGGCGAC-1,0.166297,0.00002,0.012319,0.821364
AAACTCGGTTCGCAAT-1,0.946232,0.052648,0.00028,0.00084
AAACTCGTGATATAAG-1,0.390884,0.000025,0.073712,0.53538
AAACTGCTGGCTCCAA-1,0.853292,0.146454,0.000063,0.00019
AAACTTAATTGCACGC-1,0.136517,0.335441,0.419339,0.108702
AAACTTGCAAACGTAT-1,0.375783,0.000013,0.005668,0.618536
AAAGAATGACCTTAGA-1,0.622377,0.342364,0.035108,0.00015
AAAGAATGTGGACTAA-1,0.658217,0.000095,0.282521,0.059167
AAAGACATGAAGTTTA-1,0.503175,0.026748,0.033718,0.436358
AAAGACCCAAGTCGCG-1,0.732873,0.000031,0.000062,0.267034
AAAGACTGGGCGCTTT-1,0.526485,0.000026,0.000051,0.473439
AAAGCTTGCCTACATA-1,0.003888,0.00001,0.342881,0.653221
AAAGGCCCTATAATAC-1,0.295585,0.000018,0.412949,0.291449
AAAGGCTACGGACCAT-1,0.806061,0.075894,0.116997,0.001048
AAAGGCTCTCGCGCCG-1,0.906569,0.000048,0.000096,0.093287
AAAGGGATGTAGCAAG-1,0.337888,0.052185,0.011877,0.59805
AAAGGGCAGCTTGAAT-1,0.116148,0.000015,0.123664,0.760172
AAAGGTAAGCTGTACC-1,0.232454,0.033116,0.066494,0.667937
AAAGTAGCATTGCTCA-1,0.11743,0.093353,0.158102,0.631115
AAAGTCACTGATGTAA-1,0.315091,0.007465,0.031738,0.645706
AAAGTCGACCCTCAGT-1,0.605067,0.012053,0.011521,0.371359
AAAGTGCCATCAATTA-1,0.288597,0.076336,0.474869,0.160198
AAAGTGTGATTTATCT-1,0.167183,0.000017,0.019494,0.813307
AAAGTTGACTCCCGTA-1,0.966388,0.000055,0.00011,0.033447
AAATAACCATACGGGA-1,0.100197,0.065506,0.00296,0.831337
AAATAAGGTAGTGCCC-1,0.209781,0.000011,0.091163,0.699044
AAATACCTATAAGCAT-1,0.406078,0.593265,0.000164,0.000492
AAATAGCTTAGACTTT-1,0.442072,0.000031,0.116155,0.441742
AAATAGGGTGCTATTG-1,0.231654,0.003588,0.039566,0.725192
AAATCCGATACACGCC-1,0.449767,0.015741,0.41974,0.114752
AAATCGCGGAAGGAGT-1,0.506532,0.241425,0.217923,0.03412
AAATCGTGTACCACAA-1,0.640267,0.029591,0.000058,0.330084
AAATCTAGCCCTGCTA-1,0.220433,0.000012,0.103391,0.676163
AAATCTGCCCGCGTCC-1,0.852811,0.00003,0.123394,0.023765
AAATGACTGATCAAAC-1,0.038236,0.240947,0.477218,0.243599
AAATGATTCGATCAGC-1,0.28644,0.000018,0.095983,0.617559
AAATGCTCGTTACGTT-1,0.632131,0.124427,0.019907,0.223534
AAATGGCATGTCTTGT-1,0.390645,0.028004,0.000091,0.581261
AAATGGCCCGTGCCCT-1,0.275075,0.001044,0.00799,0.715891
AAATGGTCAATGTGCC-1,0.091782,0.000013,0.019325,0.88888
AAATGTATCTTATCCC-1,0.530099,0.272963,0.000063,0.196875
AAATGTGGGTGCTCCT-1,0.999433,0.000063,0.000126,0.000378
AAATTAACGGGTAGCT-1,0.777336,0.030124,0.000083,0.192457
AAATTAATAAGCGCGA-1,0.519769,0.108856,0.000035,0.37134
AAATTACACGACTCTG-1,0.357314,0.040993,0.030041,0.571652
AAATTACCTATCGATG-1,0.013112,0.000011,0.003156,0.983721
AAATTCCAGGTCCAAA-1,0.685568,0.000028,0.130715,0.183689
AAATTGATAGTCCTTT-1,0.072461,0.000009,0.000019,0.927511
AAATTGCGGCGGTTCT-1,0.874875,0.000032,0.000065,0.125028
AAATTGGTGAGAAGCA-1,0.16723,0.000017,0.459604,0.37315
AAATTTACCGAAATCC-1,0.478036,0.037733,0.06088,0.423351
AAATTTGCGGGTGTGG-1,0.171039,0.037405,0.044809,0.746747
AACAACTGGTAGTTGC-1,0.352397,0.113339,0.015342,0.518921
AACAATACATTGTCGA-1,0.618012,0.000021,0.115421,0.266546
AACAATTACTCTACGC-1,0.054181,0.125453,0.098058,0.722308
AACACACGCTCGCCGC-1,0.802697,0.000037,0.063786,0.133479
AACACGACTGTACTGA-1,0.433599,0.041891,0.000057,0.524453
AACACGAGACGCGGCC-1,0.296537,0.13502,0.023915,0.544528
AACACGCGGCCGCGAA-1,0.027393,0.068092,0.303545,0.600969
AACAGCTGTGTGGCAA-1,0.346731,0.006376,0.238154,0.408739
AACAGGAAATCGAATA-1,0.265847,0.050667,0.014187,0.669299
AACAGGATGGGCCGCG-1,0.153319,0.027233,0.044515,0.774934
AACAGGTAGTATGGAT-1,0.183106,0.00452,0.423214,0.38916
AACATAGCGTGTATCG-1,0.275929,0.000017,0.289219,0.434835
AACATATCAACTGGTG-1,0.972046,0.00005,0.0001,0.027803
AACATCGATACGTCTA-1,0.64993,0.000027,0.024088,0.325955
AACATTGAAGTTGATC-1,0.026697,0.512792,0.276183,0.184327
AACATTGGTCAGCCGT-1,0.530772,0.238675,0.098839,0.131713
AACATTGTGACTCGAG-1,0.557158,0.000022,0.368895,0.073925
AACCAAGACTTCTCTG-1,0.235442,0.034864,0.203405,0.526289
AACCAGTATCACTCTT-1,0.23735,0.260747,0.098412,0.403492
AACCATAGGGTTGAAC-1,0.168551,0.000013,0.284505,0.546931
AACCATGGGATCGCTA-1,0.274191,0.12023,0.010126,0.595452
AACCCAGAGACGGAGA-1,0.571694,0.107305,0.042128,0.278874
AACCCATCCCATGATC-1,0.504493,0.000021,0.011367,0.484118
AACCCGACAACCCGTG-1,0.620423,0.000025,0.085052,0.2945
AACCCGAGCAGAATCG-1,0.508412,0.026113,0.424291,0.041184
AACCCGATAGGGCTTC-1,0.271201,0.004898,0.09323,0.630671
AACCCGCTGTATTCCA-1,0.16184,0.000016,0.600443,0.237702
AACCCTACTGTCAATA-1,0.128147,0.033384,0.107002,0.731466
AACCCTGGTGGAACCA-1,0.112361,0.055914,0.047701,0.784025
AACCGAGCTTGGTCAT-1,0.914601,0.084938,0.000115,0.000346
AACCGCTAAGGGATGC-1,0.468968,0.000025,0.007022,0.523985
AACCGTTGTGTTTGCT-1,0.344956,0.06916,0.030594,0.55529
AACCTAAAGCCGTCCG-1,0.227189,0.033161,0.049428,0.690221
AACCTCGCTTTAGCCC-1,0.329706,0.063879,0.113522,0.492893
AACCTGTCACGGAATT-1,0.328491,0.01666,0.379992,0.274857
AACCTTTAAATACGGT-1,0.879372,0.104664,0.000129,0.015835
AACCTTTACGACGTCT-1,0.198566,0.000024,0.053116,0.748293
AACGAAAGTCGTCCCA-1,0.71759,0.000033,0.000066,0.282311
AACGACCTCCTAGCCG-1,0.055895,0.000008,0.621705,0.322392
AACGATAATGCCGTAG-1,0.999582,0.000046,0.000093,0.000278
AACGATAGAAGGGCCG-1,0.654499,0.000041,0.026979,0.318481
AACGATATGTCAACTG-1,0.999379,0.000069,0.000138,0.000414
AACGCATGATCTGGGT-1,0.917926,0.000045,0.000089,0.08194
AACGCGAACGGCAACA-1,0.206932,0.000017,0.000243,0.792807
AACGCGACCTTGGGCG-1,0.854383,0.000035,0.080355,0.065228
AACGCGGTCTCCAGCC-1,0.499389,0.029031,0.000065,0.471514
AACGCTGTTGCTGAAA-1,0.64131,0.000045,0.054026,0.304619
AACGGACGTACGTATA-1,0.98976,0.000053,0.00203,0.008157
AACGGCCATCTCCGGT-1,0.402578,0.00399,0.03493,0.558501
AACGTACTGTGGGTAC-1,0.474494,0.069888,0.059149,0.396469
AACGTAGTCTACCCAT-1,0.554125,0.28215,0.163429,0.000295
AACGTCAGACTAGTGG-1,0.501552,0.048626,0.00947,0.440352
AACGTCATCCGGCTTG-1,0.134315,0.172519,0.427643,0.265523
AACGTCGCTGCACTTC-1,0.206911,0.000016,0.46618,0.326894
AACGTGATGAAGGACA-1,0.999414,0.000065,0.00013,0.000391
AACGTGCGAAAGTCTC-1,0.999472,0.000052,0.000103,0.000373
AACGTTATCAGCACCT-1,0.058409,0.002443,0.036615,0.902533
AACGTTCTACCATTGT-1,0.172,0.252683,0.345415,0.229902
AACTACCCGTTTGTCA-1,0.377001,0.000022,0.293853,0.329124
AACTAGCGTATCGCAC-1,0.870671,0.000052,0.000103,0.129174
AACTAGGCTTGGGTGT-1,0.273406,0.016573,0.001678,0.708343
AACTCAAGTTAATTGC-1,0.151045,0.038617,0.033572,0.776767
AACTCCAGAGCGTGTT-1,0.302156,0.041936,0.164656,0.491252
AACTCCTAATCCCATG-1,0.071392,0.069123,0.168218,0.691267
AACTCGATAAACACGT-1,0.523556,0.000023,0.006443,0.469979
AACTCGATGGCGCAGT-1,0.813059,0.000061,0.000122,0.186758
AACTCTCAATAGAGCG-1,0.301808,0.047542,0.007987,0.642664
AACTCTCAGTGTGCTC-1,0.146729,0.033083,0.16797,0.652218
AACTGAGGTCAGCGTC-1,0.78355,0.0001,0.142498,0.073852
AACTGAGTTATACTGA-1,0.773892,0.003951,0.116552,0.105606
AACTGATATTAGGCCT-1,0.075386,0.013158,0.004271,0.907184
AACTGGGTCCCGACGT-1,0.297938,0.0277,0.000048,0.674314
AACTGGGTTCGAGCCG-1,0.99946,0.00006,0.00012,0.00036
AACTGGTGTGGGCCTT-1,0.519154,0.000029,0.000058,0.480759
AACTTCTGCGTCTATC-1,0.74066,0.043127,0.000087,0.216126
AACTTGCCCGTATGCA-1,0.747628,0.086053,0.100634,0.065686
AACTTGCGTTCTCGCG-1,0.017612,0.000011,0.002778,0.979599
AACTTTACGGGAGCTT-1,0.395978,0.000026,0.000053,0.603943
AACTTTAGCTGCTGAG-1,0.793621,0.000055,0.000111,0.206213
AACTTTCTCGATCATG-1,0.040195,0.163258,0.407725,0.388822
AAGAAAGTTTGATGGG-1,0.409907,0.388005,0.201996,0.000093
AAGAAATCACCAGATT-1,0.376146,0.016451,0.549984,0.057418
AAGAAGGATCAGTTAG-1,0.618986,0.000032,0.000064,0.380919
AAGACATACGTGGTTT-1,0.226503,0.017425,0.62903,0.127041
AAGACCAAATAACTCA-1,0.136511,0.463847,0.311473,0.088169
AAGACCCAACTGAACA-1,0.477218,0.503606,0.018937,0.000239
AAGACTAACCCGTTGT-1,0.667552,0.000038,0.008728,0.323682
AAGACTCACGCCCACT-1,0.931647,0.000043,0.017836,0.050475
AAGACTGCAAGCTACT-1,0.999605,0.000044,0.000088,0.000263
AAGAGATGAATCGGTA-1,0.035124,0.455109,0.05833,0.451437
AAGAGCTCTTTATCGG-1,0.999231,0.000085,0.000171,0.000513
AAGAGGATGTACGCGA-1,0.055952,0.058122,0.059421,0.826505
AAGAGGCATGGATCGC-1,0.214662,0.00002,0.0025,0.782819
AAGAGGCCCTTTGGAA-1,0.253353,0.02266,0.302003,0.421984
AAGATGGCACCGGACC-1,0.37978,0.013005,0.056855,0.55036
AAGATTGGCGGAACGT-1,0.387812,0.023966,0.000738,0.587484
AAGCACCCTGCGTATC-1,0.97496,0.024579,0.000115,0.000346
AAGCATACTCTCCTGA-1,0.370367,0.283697,0.06271,0.283226
AAGCCACTTGCAGGTA-1,0.010563,0.037439,0.404278,0.547719
AAGCCGAAGCGGTTTA-1,0.041413,0.139801,0.002248,0.816539
AAGCCGCCGTGAAATC-1,0.77759,0.000023,0.107269,0.115118
AAGCCGCTTTACCTTG-1,0.324687,0.000017,0.356446,0.318851
AAGCCGGAGAGCAGGA-1,0.328057,0.030067,0.234157,0.407719
AAGCGCAGGGCTTTGA-1,0.886605,0.000077,0.112858,0.00046
AAGCGGAGTGCGCGCA-1,0.407545,0.007767,0.333439,0.251249
AAGCGGCGTCATGGGT-1,0.999405,0.000066,0.000132,0.000397
AAGCGTCCCTCATCGA-1,0.586945,0.084685,0.025942,0.302428
AAGCTAGATCGAGTAA-1,0.711762,0.078307,0.024086,0.185845
AAGCTATGGATTGACC-1,0.655271,0.147394,0.195999,0.001336
AAGCTCGTGCCAAGTC-1,0.999547,0.00005,0.000101,0.000302
AAGCTCTTTCATGGTG-1,0.132002,0.024234,0.151999,0.691765
AAGGAGAACTTATAAG-1,0.278531,0.083914,0.144539,0.493017
AAGGAGCGGTTGGTGC-1,0.725254,0.030622,0.000087,0.244036
AAGGATCGATCGCTTG-1,0.133831,0.000013,0.033746,0.83241
AAGGATGAGGGACCTC-1,0.331687,0.000021,0.010656,0.657636
AAGGCAGGCTGTCTCC-1,0.534987,0.000018,0.247168,0.217827
AAGGCGCGTAAAGCTT-1,0.021738,0.082925,0.102885,0.792452
AAGGCTGTGCTCATCG-1,0.001421,0.052068,0.000016,0.946495
AAGGGAACGACTGGCT-1,0.464773,0.030488,0.078688,0.426051
AAGGGACAGATTCTGT-1,0.722937,0.000043,0.010689,0.266331
AAGGGACTATGCATTC-1,0.256666,0.230582,0.302957,0.209794
AAGGGTTAGCCATGCG-1,0.283485,0.000013,0.505824,0.210678
AAGGGTTTGATTTCAG-1,0.999427,0.000064,0.000127,0.000382
AAGGTATCCTAATATA-1,0.792183,0.000062,0.000123,0.207632
AAGGTGATAAACCAGC-1,0.847401,0.000043,0.001581,0.150975
AAGTAAGCTTCCAAAC-1,0.755947,0.000022,0.235327,0.008704
AAGTAGAAGACCGGGT-1,0.04303,0.019183,0.008948,0.928839
AAGTAGTGACGCGAGG-1,0.32747,0.000025,0.021416,0.651089
AAGTCAATTGTCGTCA-1,0.026121,0.000014,0.152121,0.821744
AAGTCTAGTAGCTGCC-1,0.085781,0.090526,0.337202,0.486491
AAGTCTTCTGTGGCCT-1,0.81509,0.037093,0.0001,0.147718
AAGTGACGACCGAATT-1,0.160054,0.038241,0.033698,0.768007
AAGTGAGTCGGGTTTA-1,0.972775,0.000052,0.026861,0.000313
AAGTGCAAAGGTAGAC-1,0.594437,0.000037,0.000073,0.405453
AAGTGCCTTGACTGTA-1,0.331044,0.001273,0.124894,0.542789
AAGTGCGTTAGAATCT-1,0.584798,0.031643,0.054317,0.329243
AAGTGCTTCTCTATTG-1,0.560058,0.000028,0.279075,0.16084
AAGTGTTTGGAGACGG-1,0.040473,0.000018,0.00055,0.95896
AAGTTCACTCCAAGCT-1,0.65277,0.000037,0.052619,0.294575
AAGTTCAGTCTGCGTA-1,0.101226,0.00002,0.007529,0.891225
AAGTTCGGCCAACAGG-1,0.665249,0.092653,0.064536,0.177562
AAGTTGTGATGTTATA-1,0.166472,0.000017,0.277333,0.556178
AAGTTTACTAATGGCA-1,0.822953,0.000069,0.000138,0.176839
AAGTTTATGGGCCCAA-1,0.664608,0.302242,0.032833,0.000317
AATAACAACGCTCGGC-1,0.018439,0.063625,0.353706,0.56423
AATAACACTAGAACAA-1,0.018017,0.056658,0.005857,0.919469
AATAACGTCGCGCCCA-1,0.086333,0.005898,0.783293,0.124477
AATAAGTCCTCGAGAC-1,0.125841,0.023593,0.06219,0.788375
AATAATCTTCGTATCG-1,0.200163,0.025262,0.284713,0.489862
AATACAATGTTTCAGG-1,0.877886,0.000051,0.000102,0.121961
AATACCGGAGGGCTGT-1,0.504373,0.000025,0.167728,0.327874
AATACCTGATGTGAAC-1,0.136905,0.000011,0.552525,0.310559
AATAGAACAGAGTGGC-1,0.914893,0.048543,0.019748,0.016817
AATAGAATCTGTTTCA-1,0.092498,0.000021,0.275475,0.632006
AATAGCAAGCCTCCTG-1,0.22169,0.004348,0.195713,0.578249
AATAGCTACCGCGTGC-1,0.599935,0.00009,0.0001,0.399874
AATAGGCACGACCCTT-1,0.041828,0.000006,0.259415,0.698751
AATAGTCCGTCCCGAC-1,0.053907,0.014455,0.032776,0.898861
AATAGTCGCGAGTCGG-1,0.928663,0.000038,0.000076,0.071223
AATATCAAGGTCGGAT-1,0.231519,0.001626,0.078465,0.688389
AATATCCTAGCAAACT-1,0.939394,0.060341,0.000066,0.000199
AATATCGAATCAATGC-1,0.521165,0.000021,0.236808,0.242006
AATATCGAGGGTTCTC-1,0.872072,0.000063,0.010258,0.117607
AATATTGGAGTATTGA-1,0.842372,0.000045,0.000091,0.157492
AATCAGACTGCAGGAC-1,0.053624,0.025628,0.036285,0.884463
AATCAGGTTTCATTTA-1,0.758057,0.000034,0.240823,0.001087
AATCATGTAAAGACTC-1,0.098085,0.158888,0.016793,0.726234
AATCCAAGGGCCTGAG-1,0.522322,0.00003,0.115265,0.362383
AATCCATGCAAGGGTG-1,0.498962,0.000027,0.000053,0.500958
AATCCCGCTCAGAGCC-1,0.713596,0.000025,0.097309,0.18907
AATCGAGGTCTCAAGG-1,0.759417,0.000042,0.24029,0.000251
AATCGCCTCAGCGCCA-1,0.095927,0.038314,0.000046,0.865713
AATCGCGCAGAGGACT-1,0.102438,0.132667,0.333992,0.430903
AATCGGGACACTACGA-1,0.247866,0.000032,0.013687,0.738414
AATCGGTATAGCCCTC-1,0.158756,0.006784,0.387001,0.44746
AATCGTGAGCCGAGCA-1,0.34987,0.000628,0.151705,0.497797
AATCTAGGTTTACTTG-1,0.775421,0.000028,0.000056,0.224495
AATCTATGCCGGAGCC-1,0.118601,0.000019,0.250419,0.630962
AATCTCTACTGTGGTT-1,0.86459,0.000051,0.000101,0.135258
AATCTGCGTTGGGACG-1,0.608712,0.000037,0.044157,0.347095
AATCTGGCTTTCTAGT-1,0.695059,0.094456,0.099033,0.111452
AATCTGGGTAGACCCT-1,0.025049,0.044051,0.128215,0.802685
AATGACAGCAATGTCT-1,0.002625,0.0885,0.042656,0.866218
AATGACGTAGGATGTC-1,0.625459,0.007315,0.03631,0.330915
AATGACTGTCAGCCGG-1,0.81975,0.031053,0.000084,0.149112
AATGAGTTCGCATATG-1,0.949216,0.000061,0.000121,0.050602
AATGATGATACGCTAT-1,0.954265,0.00005,0.002348,0.043337
AATGATGCGACTCCTG-1,0.893141,0.000041,0.000081,0.106738
AATGCAACCGGGTACC-1,0.359553,0.049574,0.020841,0.570032
AATGCACCAAGCAATG-1,0.690182,0.000037,0.019775,0.290006
AATGGCCGCCAATGCG-1,0.576886,0.000016,0.29383,0.129268
AATGGTCCACCGTTCA-1,0.128914,0.221981,0.061038,0.588068
AATGGTTCTCACAAGC-1,0.086249,0.059724,0.035985,0.818042
AATGTATGGCACTGTA-1,0.336841,0.000018,0.402664,0.260477
AATGTGCCCGAGGTGT-1,0.038382,0.004942,0.175258,0.781417
AATGTGCTAATCTGAG-1,0.241908,0.145054,0.298748,0.314289
AATGTTAAGACCCTGA-1,0.868781,0.000035,0.130972,0.000212
AATGTTGTCGTGAGAC-1,0.110953,0.059841,0.240923,0.588284
AATTAAAGGTCGGCGT-1,0.148213,0.082531,0.134646,0.63461
AATTAACGGATTTCCA-1,0.989326,0.00005,0.010325,0.0003
AATTACGAGACCCATC-1,0.524809,0.000043,0.118831,0.356317
AATTACTCGTACGCTC-1,0.46696,0.207185,0.000084,0.325771
AATTAGCGCTGCAGCG-1,0.999549,0.00005,0.0001,0.000301
AATTATACCCAGCAAG-1,0.56665,0.00008,0.418374,0.014896
AATTCATAAGGGATCT-1,0.802536,0.000061,0.000123,0.19728
AATTCATTGTCATGCA-1,0.220079,0.360921,0.312361,0.106639
AATTCCAACTTGGTGA-1,0.047511,0.007348,0.237696,0.707445
AATTCCAAGCATGTAC-1,0.76978,0.000038,0.018203,0.211979
AATTCGATTCGAGGAT-1,0.96552,0.000079,0.033927,0.000474
AATTCTAGAGTTAGGC-1,0.999282,0.00008,0.00016,0.000479
AATTGAACGCTCTGGT-1,0.372047,0.00002,0.004379,0.623555
AATTGCAGCAATCGAC-1,0.317594,0.105176,0.3233,0.25393
AATTGCGTGGATTACA-1,0.000022,0.003346,0.334514,0.662118
AATTGTGGTTGCCAAA-1,0.323553,0.000012,0.393064,0.283371
AATTTGGGACATAGTA-1,0.04321,0.008783,0.000033,0.947974
AATTTGGTTCCAAAGA-1,0.081779,0.000016,0.144368,0.773837
ACAAACCATGCGTCCT-1,0.188617,0.011295,0.236658,0.563429
ACAAACCGACAAGGCG-1,0.24298,0.016643,0.006729,0.733649
ACAAACTCCATCAGAG-1,0.000476,0.00995,0.294663,0.694911
ACAAAGAAGGTAGGCC-1,0.878233,0.000039,0.000079,0.121649
ACAAAGCATGACCTAG-1,0.295826,0.053184,0.372248,0.278742
ACAAATCGCACCGAAT-1,0.582867,0.04183,0.054011,0.321292
ACAAATGGTAGTGTTT-1,0.409515,0.010949,0.046696,0.53284
ACAAATTCAGATCTGA-1,0.658605,0.000038,0.062863,0.278494
ACAACAGCATGAGCTA-1,0.985864,0.000077,0.000154,0.013905
ACAACGGTCCCTGCGA-1,0.317234,0.001095,0.196811,0.48486
ACAAGCAGTGCCTAGC-1,0.141274,0.000015,0.084753,0.773958
ACAAGCTATATGGAAG-1,0.999599,0.000045,0.000089,0.000268
ACAAGGAAATCCGCCC-1,0.986796,0.000054,0.000108,0.013042
ACAAGGACAAGAGGTT-1,0.478495,0.00002,0.023542,0.497942
ACAAGGATGCTTTAGG-1,0.556491,0.000028,0.056057,0.387424
ACAAGGCCTACCAGCC-1,0.032913,0.000013,0.176857,0.790216
ACAAGGGCAGGCTCTG-1,0.999521,0.000053,0.000107,0.00032
ACAAGTAATTGTAAGG-1,0.002594,0.264934,0.519826,0.212646
ACAATAGTCGTACGTT-1,0.054094,0.070467,0.005855,0.869585
ACAATCCATTTAAACC-1,0.260332,0.071588,0.200792,0.467288
ACAATCGATCTTTATA-1,0.844116,0.000059,0.000118,0.155706
ACAATGAATACGGAGA-1,0.006421,0.000008,0.000015,0.993556
ACAATGATTCTTCTAC-1,0.819146,0.015473,0.142189,0.023192
ACAATTGTGTCTCTTT-1,0.99326,0.000053,0.000106,0.00658
ACAATTTAGGAGGCTC-1,0.398716,0.330035,0.002829,0.26842
ACAATTTGAGCAGTGG-1,0.656149,0.027503,0.000075,0.316272
ACAATTTGGCCATATT-1,0.02277,0.00001,0.338431,0.638789
ACACAAAGACGGGTGG-1,0.494312,0.012661,0.013158,0.479869
ACACAAATATTCCTAG-1,0.111593,0.033524,0.558007,0.296876
ACACACCAGGACCAGT-1,0.488812,0.143909,0.013349,0.35393
ACACACTTTCTACACG-1,0.021525,0.153694,0.044915,0.779867
ACACATGATCAAATCT-1,0.106086,0.111214,0.295863,0.486838
ACACATTGACGCAACA-1,0.388859,0.000025,0.003876,0.607239
ACACATTTCCGTAGAC-1,0.999563,0.000049,0.000097,0.000291
ACACCACATAATTAGC-1,0.312654,0.000017,0.311489,0.37584
ACACCCAGCATGCAGC-1,0.466259,0.113446,0.001033,0.419262
ACACCCGAGAAATCCG-1,0.012343,0.091511,0.162573,0.733574
ACACCCGTAAATCTGT-1,0.704661,0.003144,0.099173,0.193022
ACACCGAGCGCTCTTT-1,0.753067,0.246697,0.000059,0.000177
ACACCGGTCTGACCGC-1,0.293553,0.177059,0.382461,0.146927
ACACCTTAAGTAGGGC-1,0.409302,0.066565,0.181249,0.342883
ACACCTTACTACTTGC-1,0.309931,0.00002,0.330018,0.360031
ACACGAGACTCCTTCT-1,0.565031,0.416861,0.004215,0.013893
ACACGGCACTATGCAT-1,0.67155,0.061409,0.000086,0.266955
ACACGGGAACTTAGGG-1,0.92508,0.000085,0.00017,0.074664
ACACGTAGGCCACAAG-1,0.449765,0.000018,0.22694,0.323277
ACACTCCAATGTCACT-1,0.043359,0.037184,0.030657,0.8888
ACACTGATCAAGGTGT-1,0.789742,0.000048,0.000095,0.210115
ACACTGGGACAGTCGT-1,0.046188,0.001554,0.521517,0.430741
ACAGAACTGAGAACAA-1,0.247218,0.000012,0.033973,0.718797
ACAGATTAGGTTAGTG-1,0.325041,0.022595,0.000084,0.65228
ACAGCATAGAGCCAGT-1,0.363635,0.00004,0.004178,0.632146
ACAGCGACATTCTCAT-1,0.267302,0.000027,0.220522,0.512149
ACAGCGCACCCGCAGC-1,0.767205,0.157532,0.000168,0.075095
ACAGGAGGCGCAGCCG-1,0.552327,0.000013,0.185458,0.262202
ACAGGCACGGATCCTT-1,0.361271,0.000022,0.420023,0.218684
ACAGGCTTGCCCGACT-1,0.818429,0.015861,0.106541,0.05917
ACAGGTGGAGGTGAGG-1,0.242696,0.190001,0.015998,0.551305
ACAGGTGTGTTGTTGC-1,0.957905,0.000042,0.000085,0.041968
ACAGTAATACAACTTG-1,0.614892,0.000253,0.000043,0.384812
ACAGTATACCGTGGGA-1,0.703703,0.000038,0.179983,0.116276
ACATAAGTCGTGGTGA-1,0.131725,0.328563,0.23913,0.300583
ACATAATAAGGCGGTG-1,0.576056,0.054081,0.000532,0.369331
ACATACAATCAAGCGG-1,0.59944,0.000021,0.170519,0.23002
ACATCAGCTGGGACGC-1,0.292986,0.124301,0.038426,0.544287
ACATCCCGGCCATACG-1,0.341256,0.000033,0.257874,0.400837
ACATCCTGGTAACTGT-1,0.755404,0.00004,0.017833,0.226723
ACATCGATCGTTTACC-1,0.708243,0.043728,0.011115,0.236914
ACATCGCAATATTCGG-1,0.284003,0.00584,0.574908,0.13525
ACATCGGTCAGCCGCG-1,0.621962,0.152254,0.023575,0.202209
ACATCGTATGCAATGG-1,0.590026,0.049867,0.006344,0.353762
ACATCGTTAACCTAGT-1,0.975242,0.024063,0.000174,0.000521
ACATCTCAACGCGTAA-1,0.988037,0.011458,0.000126,0.000379
ACATGCTTACGGCAGC-1,0.000016,0.018818,0.298633,0.682533
ACATGGCGCCAAAGTA-1,0.317551,0.05206,0.002554,0.627835
ACATGGCTCAATTTAG-1,0.21012,0.000023,0.001762,0.788096
ACATTAGTTTATATCC-1,0.547366,0.142706,0.005127,0.304802
ACATTCGCGCGGAATA-1,0.698107,0.000027,0.301702,0.000164
ACATTTGAAACCTAAC-1,0.049917,0.00841,0.468365,0.473308
ACCAAACACCCAGCGA-1,0.886484,0.000026,0.021542,0.091947
ACCAAACTAGAAATCC-1,0.59448,0.034567,0.103178,0.267775
ACCAACACCACACACT-1,0.895587,0.032023,0.010359,0.062032
ACCAACCGCACTCCAC-1,0.635592,0.025467,0.237404,0.101537
ACCAACGCTTATTTAT-1,0.592091,0.086991,0.220703,0.100215
ACCAAGAACGCGTGTC-1,0.628949,0.030546,0.006919,0.333586
ACCAAGTCATCGGCAG-1,0.416629,0.000022,0.132571,0.450778
ACCAATATGCAAGTTA-1,0.888791,0.056508,0.054391,0.00031
ACCACAACTCAGAACA-1,0.441751,0.262255,0.000168,0.295826
ACCACAAGTTTCTATC-1,0.812402,0.076871,0.001308,0.109419
ACCACACGGTTGATGG-1,0.861503,0.040942,0.097256,0.000299
ACCACCAATGTAACAA-1,0.314764,0.278336,0.340873,0.066026
ACCACCCTCTCTTCTA-1,0.006424,0.168651,0.587066,0.237859
ACCACGTGCAGCTATA-1,0.949708,0.000054,0.000109,0.050129
ACCACTGTTCAAGAAG-1,0.181166,0.123977,0.128059,0.566798
ACCAGACCATAACAAC-1,0.816057,0.183795,0.000037,0.000111
ACCAGCCCGGTCTTTG-1,0.897953,0.000057,0.011768,0.090221
ACCAGGAGTGTGATCT-1,0.073349,0.104699,0.081758,0.740193
ACCAGTGCCCGGTCAA-1,0.482393,0.000041,0.325953,0.191613
ACCAGTGCGGGAGACG-1,0.393702,0.000033,0.017167,0.589099
ACCATATCCGCAATAA-1,0.613857,0.030832,0.078093,0.277218
ACCATCCGCCAACTAG-1,0.85797,0.000041,0.000082,0.141907
ACCATCGTATATGGTA-1,0.372408,0.04356,0.0173,0.566732
ACCATTAAGGGTGTCA-1,0.851407,0.000076,0.000152,0.148364
ACCCAACGCCCGTGGC-1,0.125605,0.004621,0.043149,0.826625
ACCCACCTACATGCTC-1,0.002874,0.010384,0.011467,0.975274
ACCCATCTTGAGGGTA-1,0.415481,0.003191,0.111055,0.470273
ACCCATTTGTCCCTCT-1,0.644464,0.026368,0.238768,0.0904
ACCCGAGCGAAATTAC-1,0.548356,0.07066,0.190312,0.190672
ACCCGATTGGTTCCGA-1,0.802184,0.07731,0.106971,0.013534
ACCCGGAAACTCCCAG-1,0.999429,0.000063,0.000127,0.000381
ACCCGGAGCACCACAA-1,0.418384,0.049957,0.264899,0.26676
ACCCGGATGACGCATC-1,0.697964,0.000035,0.000071,0.30193
ACCCGGTTACACTTCC-1,0.561435,0.013505,0.002566,0.422494
ACCCGTAGCAGAGAAT-1,0.19331,0.000013,0.343955,0.462722
ACCCGTAGTCTAGTTG-1,0.030246,0.017754,0.230334,0.721666
ACCCGTGTCATCAGTA-1,0.332462,0.12181,0.083071,0.462657
ACCCTATAGGACTGAG-1,0.763772,0.000044,0.000088,0.236096
ACCCTATGCCATATCG-1,0.517003,0.000042,0.007605,0.47535
ACCCTCCCGTCAGGGC-1,0.544844,0.000028,0.438998,0.01613
ACCCTCCCTTGCTATT-1,0.317923,0.011836,0.001574,0.668667
ACCCTGGTAACGCCCT-1,0.591561,0.039786,0.294844,0.073809
ACCCTTCATCTGCGAA-1,0.359538,0.141451,0.000074,0.498937
ACCCTTGCCTGGGTCG-1,0.009349,0.040487,0.713211,0.236953
ACCCTTTAGTTCTCCA-1,0.326298,0.376122,0.000192,0.297387
ACCGAAAGGGCCCTGC-1,0.879534,0.000054,0.000109,0.120303
ACCGAAGAGTCTGGTT-1,0.717177,0.000033,0.000066,0.282724
ACCGACACATCTCCCA-1,0.999562,0.000049,0.000097,0.000292
ACCGACTGAGTCCCAC-1,0.631589,0.141106,0.000121,0.227184
ACCGAGTCTCCTTATT-1,0.813683,0.000033,0.186082,0.000201
ACCGATAGGCATAACC-1,0.141449,0.000009,0.578699,0.279843
ACCGATATTTAATCAT-1,0.291215,0.014755,0.368324,0.325706
ACCGATGGTAGCATCG-1,0.671979,0.000063,0.000126,0.327832
ACCGCAATAACTGCCT-1,0.029852,0.039857,0.122202,0.80809
ACCGCGGTGGAAGTCG-1,0.912268,0.00004,0.020915,0.066777
ACCGCTAGTCATTGGT-1,0.060316,0.00001,0.514541,0.425134
ACCGGGCCTTTGTTGA-1,0.12928,0.021788,0.018152,0.83078
ACCGGTCAGGTACACC-1,0.538146,0.000023,0.163797,0.298034
ACCGGTCTGAGTACGG-1,0.504003,0.023208,0.101313,0.371476
ACCGTCCACTGGGCCC-1,0.179391,0.17209,0.469185,0.179334
ACCGTGACCACGTGGG-1,0.841544,0.000035,0.031375,0.127047
ACCGTTCCCGCTCTGA-1,0.021666,0.000016,0.006766,0.971553
ACCTAAGTACCTTTCA-1,0.000026,0.042751,0.048651,0.908572
ACCTAATCGACTTCCT-1,0.000302,0.052348,0.009498,0.937852
ACCTACAGTATGTGGT-1,0.488034,0.001478,0.303805,0.206683
ACCTACTATAAATCTA-1,0.553918,0.000017,0.143507,0.302558
ACCTCAGCGAGGCGCA-1,0.36989,0.008979,0.395322,0.225808
ACCTCCGCCCTCGCTG-1,0.818036,0.000031,0.11014,0.071793
ACCTCCGTTATTCACC-1,0.000024,0.014468,0.039483,0.946024
ACCTCGAACTTATGCT-1,0.323597,0.000016,0.57874,0.097647
ACCTGCGTGTCATGTT-1,0.283248,0.043994,0.000029,0.672729
ACCTTTCCTTTAGAAG-1,0.374846,0.000024,0.146661,0.478469
ACGAAATGGGCGGCAC-1,0.050418,0.000806,0.008708,0.940068
ACGACCCATGAGTTGC-1,0.675412,0.000021,0.192487,0.13208
ACGACTCTAGGGCCGA-1,0.016618,0.001062,0.545809,0.436511
ACGACTGGTCATACTC-1,0.473061,0.000019,0.168804,0.358117
ACGAGAACCCATCACG-1,0.298332,0.000015,0.076401,0.625253
ACGAGATATTTGCTTA-1,0.998961,0.000115,0.000231,0.000693
ACGAGGATACCACTCT-1,0.474286,0.013825,0.056602,0.455287
ACGAGGTTTACAACGT-1,0.485918,0.00002,0.002148,0.511914
ACGAGTACGGATGCCC-1,0.876635,0.000053,0.000107,0.123205
ACGAGTCGCCGGCGTT-1,0.085405,0.022055,0.301516,0.591024
ACGATACATAGAACTA-1,0.722262,0.025742,0.142911,0.109085
ACGATACCTATCCTGA-1,0.930085,0.000068,0.000137,0.06971
ACGATCATACATAGAG-1,0.205077,0.014457,0.008706,0.77176
ACGATCATCTTGTAAA-1,0.001592,0.038847,0.102859,0.856702
ACGATGCATATGTTAT-1,0.061085,0.014121,0.002427,0.922367
ACGATGGATCCGATGC-1,0.218981,0.058356,0.000056,0.722606
ACGCAAACTAATAGAT-1,0.202591,0.06109,0.041268,0.695051
ACGCAATCACTACAGC-1,0.11145,0.000016,0.120507,0.768028
ACGCATAAATGACATG-1,0.111124,0.010023,0.355203,0.52365
ACGCATACGTTTACTA-1,0.367856,0.000022,0.001651,0.63047
ACGCATTCGTGAGTAC-1,0.404837,0.029427,0.012386,0.55335
ACGCCACTCGAAACAG-1,0.936864,0.014797,0.048138,0.000201
ACGCCAGATGATTTCT-1,0.875508,0.062668,0.000218,0.061606
ACGCCAGTGCGTTTGC-1,0.315218,0.102355,0.582244,0.000183
ACGCCCAGCTGTCGAT-1,0.832524,0.00007,0.00014,0.167266
ACGCCGCTAGACGACC-1,0.999421,0.000064,0.000129,0.000386
ACGCCTGACACGCGCT-1,0.120133,0.07403,0.358658,0.447179
ACGCGAAGTCAGACGA-1,0.211469,0.307943,0.027136,0.453452
ACGCGCTACACAGGGT-1,0.264908,0.01977,0.133058,0.582264
ACGCGGGCCAAGGACA-1,0.239628,0.003222,0.002959,0.754191
ACGCGTTTCTTAAGAG-1,0.690397,0.023477,0.000057,0.286069
ACGCTACTGAATGGGC-1,0.556413,0.138115,0.288215,0.017257
ACGCTAGTATCAGTGC-1,0.308218,0.020865,0.151375,0.519541
ACGCTAGTGATACACT-1,0.866053,0.000057,0.000113,0.133777
ACGCTGTGAGGCGTAG-1,0.777557,0.000037,0.000074,0.222333
ACGCTTAGTGTCTCTC-1,0.246518,0.000126,0.061511,0.691845
ACGGAACACGAGTGCC-1,0.022402,0.246784,0.442559,0.288256
ACGGAATTTAGCAAAT-1,0.178247,0.011032,0.005854,0.804867
ACGGACGCAGCGACAA-1,0.009949,0.124938,0.406197,0.458916
ACGGACTCTCAAAGCG-1,0.830701,0.088506,0.080536,0.000257
ACGGAGCGCAAATTAC-1,0.193715,0.026027,0.000263,0.779995
ACGGATGGTGCGGATA-1,0.019225,0.190257,0.024465,0.766054
ACGGCACTTGCTTGGG-1,0.882155,0.000038,0.000076,0.117731
ACGGCCAACATGGACT-1,0.080284,0.033565,0.043535,0.842616
ACGGCGACGATGGGAA-1,0.653839,0.07431,0.000061,0.27179
ACGGCGGGTTGCCCTG-1,0.453122,0.000025,0.052788,0.494064
ACGGCTGGATGTAGAA-1,0.049464,0.011462,0.109794,0.82928
ACGGGAGTGTCGGCCC-1,0.422538,0.063926,0.069481,0.444055
ACGGGCGTATGCGACA-1,0.312772,0.000018,0.083189,0.604021
ACGGGTCATGTGACTT-1,0.166842,0.000024,0.000049,0.833084
ACGGGTTGTGACCTGT-1,0.729371,0.000041,0.20844,0.062147
ACGGTACAGTTCAATG-1,0.120063,0.000012,0.365232,0.514693
ACGGTCACCGAGAACA-1,0.001955,0.005477,0.380316,0.612252
ACGTACAGATTTCTCT-1,0.076818,0.000015,0.001968,0.921199
ACGTACTTTGGCACGG-1,0.631011,0.00933,0.336207,0.023451
ACGTAGATTGCTGATG-1,0.973176,0.026265,0.00014,0.000419
ACGTAGGAGAGTCGCT-1,0.281174,0.664552,0.053933,0.000341
ACGTATTACTCCGATC-1,0.062508,0.024282,0.110645,0.802565
ACGTCCTAAACGAGAT-1,0.025084,0.000018,0.052151,0.922747
ACGTCGGGCAACTCGG-1,0.842488,0.000036,0.156275,0.001201
ACGTCTCGTTCCGGGA-1,0.264659,0.036551,0.015439,0.683351
ACGTGACAAAGTAAGT-1,0.190953,0.000015,0.016892,0.79214
ACGTGCGCCTCGTGCA-1,0.499196,0.000047,0.020144,0.480613
ACGTGGTCGAATGTGC-1,0.898613,0.00007,0.00014,0.101178
ACGTTAATGTCGAAGA-1,0.796851,0.024926,0.000187,0.178036
ACGTTAGATTTGCCCG-1,0.147095,0.055873,0.00182,0.795212
ACGTTATTGGTCACTC-1,0.609163,0.184064,0.09469,0.112082
ACGTTCACTATGCCGC-1,0.382566,0.01246,0.591295,0.013679
ACGTTCCGCGCTCCGT-1,0.000038,0.000013,0.026342,0.973607
ACGTTCGCAATCAATT-1,0.435657,0.00002,0.149733,0.414589
ACGTTCGTTCAGGAAA-1,0.270692,0.132586,0.026675,0.570047
ACGTTCTGTACAAGTC-1,0.088544,0.000014,0.398148,0.513293
ACGTTGTCGTTGAAAG-1,0.252279,0.194227,0.443058,0.110436
ACGTTTAGTTGTGATC-1,0.275105,0.05202,0.00007,0.672804
ACGTTTCGGTGCACTT-1,0.428538,0.018529,0.361763,0.191169
ACTAAGGACGCACACC-1,0.208356,0.003607,0.443851,0.344186
ACTAATACGTCAGGCG-1,0.298249,0.000033,0.01044,0.691279
ACTACAAAGAGAGGTG-1,0.005678,0.012245,0.441984,0.540093
ACTACATCCCGACAAG-1,0.485676,0.000018,0.160196,0.354111
ACTACCAGCTCTCTGG-1,0.134058,0.011094,0.301443,0.553405
ACTACCATCCGAGGGC-1,0.746893,0.000022,0.252951,0.000133
ACTACGCGTTAGAATT-1,0.252482,0.000019,0.051979,0.695521
ACTAGTTGCGATCGTC-1,0.9089,0.022381,0.006876,0.061843
ACTATATGCTGTGTTC-1,0.975866,0.000066,0.000131,0.023937
ACTATCCAGGGCATGG-1,0.161317,0.290185,0.267888,0.28061
ACTATCGCCGGCTAAA-1,0.774493,0.134363,0.000071,0.091073
ACTATCTGCCCGCGTA-1,0.204434,0.031416,0.361018,0.403132
ACTATGTCCAGCTGCC-1,0.08847,0.000011,0.240544,0.670975
ACTATTCGTCCGTGGT-1,0.999123,0.000097,0.000195,0.000585
ACTATTTCCGGGCCCA-1,0.888589,0.000041,0.012969,0.098401
ACTCAACGAATGTATT-1,0.604454,0.032387,0.000057,0.363102
ACTCAAGTGCAAGGCT-1,0.876423,0.000052,0.123216,0.000309
ACTCAATAAAGGCACG-1,0.749249,0.12636,0.034083,0.090308
ACTCAGACCTGCTTCT-1,0.08881,0.160521,0.041522,0.709148
ACTCATGGCAGCCTTC-1,0.031399,0.000015,0.310799,0.657788
ACTCCAATATCATCAT-1,0.121401,0.070394,0.492228,0.315977
ACTCCCATTCCTAAAG-1,0.027468,0.068841,0.027322,0.876368
ACTCCCGAATTCGTTT-1,0.748751,0.000048,0.001312,0.249889
ACTCCCGTAGACTAGG-1,0.126253,0.004797,0.285943,0.583007
ACTCCCTAATGCTAAA-1,0.439093,0.08867,0.026641,0.445595
ACTCCCTAGAATAGTA-1,0.534024,0.113766,0.025608,0.326602
ACTCCGGCCGACCACT-1,0.350316,0.000021,0.307786,0.341876
ACTCGATGTATTTCAT-1,0.744283,0.000053,0.000107,0.255557
ACTCGCCGTTCGATAA-1,0.103661,0.111967,0.370676,0.413696
ACTCGCGATCTGACGC-1,0.290396,0.000015,0.343722,0.365867
ACTCGTAACCCGTCCT-1,0.132715,0.027267,0.228621,0.611397
ACTCGTCAGTAATCCC-1,0.780024,0.021044,0.000079,0.198852
ACTCTAAACCTGGGAT-1,0.019507,0.011216,0.000087,0.969191
ACTCTCTGACTTAGGT-1,0.03062,0.006168,0.000032,0.963179
ACTCTCTTATACACGA-1,0.999075,0.000103,0.000206,0.000617
ACTCTGACCTAATAGA-1,0.520763,0.000021,0.33652,0.142696
ACTCTTCAGCTCCCGC-1,0.289869,0.000015,0.385587,0.324529
ACTCTTGTATAGTAAC-1,0.546032,0.136627,0.000095,0.317246
ACTGAAACGCCGTTAG-1,0.538432,0.010087,0.206182,0.2453
ACTGAATGGCGAAAGT-1,0.400586,0.000024,0.009714,0.589676
ACTGATTTAGTGATTC-1,0.360465,0.008854,0.001047,0.629634
ACTGCCCGCCATTCTC-1,0.323522,0.007184,0.332688,0.336607
ACTGCCGTCGTAACTC-1,0.866589,0.076897,0.000147,0.056366
ACTGCGGACACACCGT-1,0.452479,0.000025,0.283807,0.263689
ACTGCTCGGAAGGATG-1,0.528037,0.089196,0.0196,0.363167
ACTGGCGAACCTGCGT-1,0.443305,0.000723,0.282956,0.273016
ACTGGGATGCCAGTGC-1,0.265025,0.000022,0.493021,0.241932
ACTGTACGATACACAT-1,0.999435,0.000063,0.000126,0.000377
ACTGTAGCACTTTGGA-1,0.13923,0.004544,0.152675,0.70355
ACTGTATACGCGAGCA-1,0.588308,0.00004,0.016922,0.39473
ACTGTCCAGGATTATA-1,0.827102,0.000048,0.000096,0.172754
ACTGTCTTCTTTAGAA-1,0.380962,0.061757,0.000042,0.557239
ACTGTGCTAGTAGATC-1,0.102621,0.011391,0.011315,0.874673
ACTGTTTAGTGTAGGC-1,0.605452,0.000049,0.011513,0.382987
ACTTACCGGGCGCGCA-1,0.78314,0.00004,0.001554,0.215266
ACTTACGCATCCACGC-1,0.782013,0.059206,0.15844,0.000341
ACTTAGTACGACAAGA-1,0.047494,0.071635,0.125435,0.755435
ACTTATACTTACCCGG-1,0.618899,0.000042,0.002238,0.378821
ACTTATCTGATCTATA-1,0.344398,0.007608,0.373187,0.274807
ACTTATTAGGATCGGT-1,0.343111,0.026683,0.002371,0.627835
ACTTATTTATGTGCCA-1,0.998316,0.000054,0.000108,0.001522
ACTTCAGGCTGATCCC-1,0.041803,0.006547,0.040263,0.911387
ACTTCCAGTGGAAGCT-1,0.873969,0.000064,0.000128,0.125839
ACTTCCATGCGGGACA-1,0.364484,0.013423,0.20002,0.422073
ACTTCCTGTCGTGCGA-1,0.319577,0.019061,0.078108,0.583253
ACTTCGCCATACGCAC-1,0.99103,0.003751,0.000112,0.005107
ACTTCGCTAGCGAGTG-1,0.733069,0.019327,0.149055,0.098548
ACTTGACTCCCTCTTT-1,0.514753,0.00004,0.163505,0.321701
ACTTGCCATATTGTAC-1,0.199421,0.08572,0.018569,0.696289
ACTTGCTCTATCTACC-1,0.190296,0.034322,0.431089,0.344293
ACTTGGGACCCGGTGG-1,0.228059,0.093398,0.162139,0.516404
ACTTGGGCTTTCGCCA-1,0.609517,0.095774,0.25813,0.03658
ACTTGTAGTCCCTTCA-1,0.123876,0.014373,0.003046,0.858706
ACTTGTGGATGGAACG-1,0.449193,0.086123,0.267363,0.197321
ACTTGTTACCGGATCA-1,0.015857,0.001575,0.465616,0.516952
ACTTTACCCTCATGAA-1,0.24586,0.028066,0.207118,0.518955
ACTTTATACACCACTT-1,0.000021,0.264752,0.496649,0.238579
ACTTTCCTATAGCTTC-1,0.207798,0.068234,0.025181,0.698786
ACTTTGACTGCATCCT-1,0.572917,0.000042,0.000085,0.426956
ACTTTGGTCGTGCTCC-1,0.540821,0.226413,0.230046,0.00272
ACTTTGTCGACGCACT-1,0.633452,0.000032,0.251495,0.11502
AGAAATTATGACTCGC-1,0.584999,0.002728,0.161382,0.250891
AGAACACGGCGATGGT-1,0.000011,0.460121,0.332782,0.207087
AGAACCCAGCGTGACA-1,0.362971,0.099503,0.454609,0.082918
AGAACCCTCAATTGGG-1,0.773232,0.029345,0.08775,0.109673
AGAACGTGGTACATTC-1,0.63879,0.131527,0.000103,0.22958
AGAACTGTACTTTGTA-1,0.039541,0.050294,0.305247,0.604919
AGAAGAGCGCCGTTCC-1,0.57353,0.000583,0.001166,0.424722
AGAAGGTACACTTCAC-1,0.183687,0.205523,0.031403,0.579387
AGAAGGTTGCCGAATT-1,0.435707,0.002579,0.008073,0.553641
AGAAGGTTGTAGGTCG-1,0.999432,0.000063,0.000126,0.000379
AGAAGTGATTCGTGAT-1,0.308468,0.092747,0.253953,0.344832
AGAATAAATCTTCAGG-1,0.643314,0.000035,0.000069,0.356582
AGAATACAGGCTATCC-1,0.530985,0.00002,0.465366,0.003629
AGAATGCGGGTTCGGA-1,0.580056,0.000021,0.025616,0.394306
AGAATTATGGATTCGA-1,0.577648,0.00004,0.043444,0.378868
AGAATTGTTTGACATA-1,0.300565,0.010684,0.000035,0.688717
AGACAGCTCAGAATCC-1,0.140251,0.010467,0.007828,0.841454
AGACAGGCATCTCAGC-1,0.781139,0.000023,0.155343,0.063495
AGACATAGATCCTTCC-1,0.294769,0.114228,0.092591,0.498411
AGACCAAACCACACCT-1,0.79134,0.000024,0.045676,0.162959
AGACCATGGGATACAA-1,0.126922,0.000013,0.037751,0.835315
AGACCCACCGCTGATC-1,0.999456,0.00006,0.000121,0.000362
AGACCCGCCCTCCTCG-1,0.340564,0.013264,0.003448,0.642724
AGACCGCTCCGCGGTT-1,0.443491,0.000022,0.239439,0.317048
AGACCGGGAAACCCTG-1,0.163057,0.045696,0.008317,0.78293
AGACGAAGTGCCGGTC-1,0.469381,0.000026,0.067949,0.462644
AGACGACGATGCCGCT-1,0.691785,0.000025,0.076728,0.231462
AGACGCCCACTTCGCC-1,0.050714,0.000532,0.589223,0.359531
AGACGGGATTGGTATA-1,0.405745,0.057635,0.027553,0.509067
AGACGGGCCGATTTAA-1,0.7027,0.000049,0.009884,0.287368
AGACTAGCCTTCCAGA-1,0.769972,0.000055,0.00011,0.229863
AGACTGTTACCGGGTC-1,0.094601,0.130949,0.072975,0.701475
AGAGAAACACCAGAAA-1,0.054867,0.0319,0.114363,0.79887
AGAGAACCGTCTAGGA-1,0.887825,0.000038,0.000076,0.112062
AGAGAAGGAGTACAAT-1,0.126563,0.304586,0.014936,0.553916
AGAGATCTCTAAAGCG-1,0.029946,0.071915,0.017088,0.881052
AGAGCAGTTATGAGAC-1,0.178881,0.102462,0.018582,0.700075
AGAGCCGCCGAGATTT-1,0.097467,0.014951,0.192054,0.695527
AGAGCGCTTGTAACGG-1,0.668011,0.017798,0.231684,0.082507
AGAGCGGGCTAATCAT-1,0.262525,0.010415,0.028623,0.698438
AGAGCGTACAAGCTCG-1,0.545787,0.000031,0.000929,0.453253
AGAGCTACGAAAGCAT-1,0.892395,0.00005,0.000101,0.107454
AGAGGCTTCGGAAACC-1,0.325147,0.000013,0.08354,0.591299
AGAGGGACAATTGTCC-1,0.713112,0.0155,0.107893,0.163496
AGAGGTATCTCGGTCC-1,0.813823,0.000053,0.001372,0.184752
AGAGTAAACTTCACTA-1,0.417589,0.023334,0.150127,0.40895
AGAGTATAGTGTTACG-1,0.579395,0.000031,0.208294,0.21228
AGAGTCTTAATGAAAG-1,0.206591,0.070796,0.389516,0.333097
AGAGTGAACAGACACC-1,0.027718,0.000004,0.134391,0.837887
AGAGTTAGAGACCGAT-1,0.632218,0.340032,0.000084,0.027666
AGAGTTGCAGGCCTCC-1,0.005884,0.105874,0.547608,0.340634
AGATAACTTCAGGGCC-1,0.091759,0.056342,0.043984,0.807915
AGATAATCACACCTAT-1,0.000012,0.095652,0.446099,0.458237
AGATACCAATAGAACC-1,0.330865,0.098961,0.497338,0.072836
AGATACCAGCACTTCA-1,0.069824,0.161345,0.314767,0.454064
AGATACCGGTGTTCAC-1,0.040965,0.104715,0.000184,0.854135
AGATACGACTTCATAT-1,0.031709,0.112039,0.014927,0.841326
AGATACTCAAGATCGA-1,0.494501,0.000034,0.004064,0.501402
AGATATAATACGACTA-1,0.729662,0.050957,0.179039,0.040342
AGATCGTGCATAAGAT-1,0.288013,0.091619,0.013502,0.606866
AGATCTCAGGTGTGAT-1,0.816092,0.000056,0.089908,0.093943
AGATCTGGAGAGGATA-1,0.037145,0.238838,0.597368,0.126649
AGATGACTCGCCCACG-1,0.391608,0.010851,0.098113,0.499428
AGATGAGGGTTGCGAT-1,0.988276,0.000058,0.000117,0.011549
AGATGATGGAGTCTGG-1,0.595499,0.037127,0.015175,0.3522
AGATGCAAGACGTGCA-1,0.07801,0.177006,0.026566,0.718419
AGATGCATCCTGTGTC-1,0.89993,0.000035,0.000069,0.099966
AGATGCTATAACGAGC-1,0.115092,0.151709,0.062345,0.670854
AGATTATAGGACGTTT-1,0.629611,0.081653,0.033963,0.254772
AGATTCAAGCGGGTCG-1,0.191729,0.001513,0.289695,0.517063
AGATTCACAACCGATA-1,0.406975,0.096644,0.054391,0.44199
AGCAAAGGCCGCTAGT-1,0.895032,0.000042,0.100944,0.003982
AGCAACATATCTTATT-1,0.233136,0.18621,0.210976,0.369678
AGCAACCGAAAGTAAT-1,0.292679,0.000017,0.06777,0.639534
AGCACACGTTTAGACT-1,0.020719,0.000014,0.493605,0.485662
AGCACCAGTACTCACG-1,0.249674,0.090797,0.006198,0.653332
AGCACTACCGGCCTGT-1,0.005431,0.035926,0.004173,0.954471
AGCACTACCTCACCAG-1,0.380824,0.007708,0.109542,0.501925
AGCACTTAAGGACGCC-1,0.049282,0.021084,0.102168,0.827466
AGCAGAAGGAGAAAGA-1,0.743883,0.194888,0.061107,0.000121
AGCAGCCAGATGAATA-1,0.225106,0.000024,0.021051,0.753819
AGCAGTCGAAGCATGC-1,0.214861,0.184527,0.588352,0.01226
AGCATATCAATATGCT-1,0.555217,0.000043,0.053977,0.390763
AGCATCATTTCGAAAG-1,0.444078,0.000023,0.141887,0.414011
AGCATCGTCGATAATT-1,0.05471,0.000027,0.034492,0.910772
AGCATTACGAGGCAAG-1,0.474432,0.070853,0.450836,0.00388
AGCCAAGCTTTGTGTC-1,0.486044,0.000034,0.141233,0.372689
AGCCACAGGTTACCCG-1,0.122772,0.000017,0.102625,0.774586
AGCCACTCCCGTGCTT-1,0.359384,0.09494,0.048758,0.496917
AGCCATATAGTATGTG-1,0.921462,0.000044,0.078227,0.000267
AGCCCATACATGTAAG-1,0.253689,0.000021,0.195766,0.550524
AGCCCGCAACAAGCAG-1,0.421305,0.01735,0.413952,0.147393
AGCCCGCACTACAATG-1,0.318594,0.009282,0.513124,0.159
AGCCCGGCATTAGAGG-1,0.875171,0.000032,0.087582,0.037215
AGCCCGGTAGCCTGTA-1,0.455179,0.000029,0.251258,0.293534
AGCCCTAAGCGAAGTT-1,0.458501,0.030323,0.001523,0.509653
AGCCCTCCCTGGTGGC-1,0.004014,0.000006,0.000013,0.995967
AGCCCTGTCGCACCGT-1,0.027822,0.034384,0.662044,0.27575
AGCCCTTCTAATCCGA-1,0.122665,0.01307,0.002371,0.861895
AGCCCTTGGACATCCC-1,0.033296,0.000009,0.588814,0.377881
AGCCGCAAATTCAAAT-1,0.918905,0.080792,0.000076,0.000227
AGCCGCTTGATTAGCG-1,0.73074,0.000051,0.097737,0.171472
AGCCGTGGCTAAATGT-1,0.539276,0.051676,0.070859,0.338189
AGCCTAATACCCACGT-1,0.613105,0.000021,0.002846,0.384029
AGCCTTAAAGCGGAAG-1,0.290489,0.015781,0.000086,0.693644
AGCCTTGTCACTGATA-1,0.689882,0.000041,0.200644,0.109433
AGCGACAGGAACGGTC-1,0.375814,0.046624,0.04809,0.529472
AGCGACATCCCATTCA-1,0.316674,0.000038,0.087733,0.595555
AGCGACCAACGATATT-1,0.062116,0.036887,0.004298,0.896699
AGCGACTTTGAAGACA-1,0.037475,0.000009,0.310576,0.651941
AGCGAGACGTGAAGGC-1,0.031706,0.020541,0.514936,0.432817
AGCGATGCGCCTAATA-1,0.027695,0.000009,0.328777,0.643519
AGCGCATAATGAATCG-1,0.433101,0.000026,0.173781,0.393093
AGCGCGGGTGCCAATG-1,0.743123,0.068622,0.025203,0.163052
AGCGCTAGAGCGATGT-1,0.402069,0.063729,0.383758,0.150444
AGCGCTTATGGGCAAG-1,0.148065,0.166032,0.032224,0.653679
