Barcode,Topic 1,Topic 2,Topic 3,Topic 4,Topic 5,Topic 6,Topic 7,Topic 8,Topic 9,Topic 10,Topic 11,Topic 12,Topic 13
AAACAACGAATAGTTC-1,0.000008,0.000008,0.011205,0.159145,0.036637,0.001254,0.533371,0.187676,0.051278,0.000008,0.000008,0.013867,0.005534
AAACAAGTATCTCCCA-1,0.031409,0.070203,0.199116,0.009698,0.01342,0.365229,0.03742,0.009616,0.02453,0.022129,0.077765,0.097957,0.041509
AAACAATCTACTAGCA-1,0.000023,0.001472,0.653454,0.158572,0.004068,0.000023,0.000023,0.000023,0.138889,0.000023,0.000023,0.000023,0.043387
AAACACCAATAACTGC-1,0.000017,0.014605,0.022966,0.015174,0.307501,0.137091,0.232357,0.008279,0.101906,0.000017,0.000864,0.111462,0.047761
AAACAGAGCGACTCCT-1,0.362499,0.044599,0.001229,0.033701,0.086424,0.000024,0.000024,0.003757,0.212362,0.201453,0.000024,0.011366,0.042538
AAACAGCTTTCAGAAG-1,0.000031,0.147206,0.000031,0.045169,0.00431,0.000031,0.194854,0.064355,0.000071,0.017525,0.075074,0.254108,0.197236
AAACAGGGTCTATATT-1,0.000052,0.01615,0.000052,0.000052,0.000052,0.000052,0.085493,0.027391,0.487955,0.025692,0.207966,0.040763,0.10833
AAACAGTGTTCCTGGG-1,0.015365,0.055441,0.000032,0.000032,0.000032,0.000032,0.000032,0.000032,0.788371,0.000032,0.140537,0.000032,0.000032
AAACATGGTGAGAGGA-1,0.000035,0.109928,0.002453,0.000035,0.000035,0.050639,0.121754,0.011271,0.09014,0.000035,0.613607,0.000035,0.000035
AAACATTTCCCGGATT-1,0.000021,0.009408,0.082704,0.205187,0.046715,0.017788,0.192259,0.076491,0.068515,0.001604,0.066877,0.094446,0.137985
AAACCACTACACAGAT-1,0.99976,0.00002,0.00002,0.00002,0.00002,0.00002,0.00002,0.00002,0.00002,0.00002,0.00002,0.00002,0.00002
AAACCCGAACGAAATC-1,0.006542,0.031773,0.105298,0.000362,0.006782,0.3234,0.083552,0.109753,0.07108,0.069109,0.185771,0.000012,0.006565
AAACCGGAAATGTTAA-1,0.061897,0.03091,0.142671,0.062629,0.155302,0.170974,0.041616,0.199084,0.000011,0.061038,0.043184,0.006347,0.024337
AAACCGGGTAGGTACC-1,0.000037,0.034857,0.000037,0.000176,0.017744,0.000037,0.03467,0.009432,0.001808,0.022071,0.108979,0.224349,0.545803
AAACCGTTCGTCCAGG-1,0.000043,0.5183,0.000043,0.000043,0.000043,0.000043,0.000043,0.000043,0.248139,0.065172,0.015215,0.000711,0.152159
AAACCTAAGCAGCCGG-1,0.000011,0.030498,0.013862,0.1901,0.20855,0.0383,0.137226,0.048263,0.028201,0.000011,0.000607,0.286576,0.017795
AAACCTCATGAAGTTG-1,0.000087,0.000087,0.000087,0.000087,0.000087,0.000087,0.000087,0.000087,0.639317,0.007872,0.140654,0.000087,0.211371
AAACGAAGAACATACC-1,0.000024,0.022711,0.060708,0.098938,0.234867,0.048423,0.001416,0.039532,0.009861,0.201645,0.068989,0.020822,0.192065
AAACGAAGATGGAGTA-1,0.000052,0.000052,0.000052,0.000052,0.000052,0.008388,0.043643,0.000052,0.141281,0.008929,0.797344,0.000052,0.000052
AAACGACAGTCTTGCC-1,0.999744,0.000021,0.000021,0.000021,0.000021,0.000021,0.000021,0.000021,0.000021,0.000021,0.000021,0.000021,0.000021
AAACGAGACGGTTGAT-1,0.000008,0.000008,0.237299,0.674883,0.018124,0.000008,0.000359,0.003451,0.040919,0.000008,0.000008,0.005446,0.019477
AAACGCCCGAGATCGG-1,0.819949,0.00005,0.00005,0.00005,0.00005,0.00005,0.00005,0.00005,0.00005,0.179505,0.00005,0.00005,0.00005
AAACGCTGGGCACGAC-1,0.000027,0.041473,0.100428,0.001925,0.010519,0.005481,0.007216,0.000027,0.10421,0.158413,0.542905,0.02191,0.005467
AAACGGGCGTACGGGT-1,0.000037,0.661036,0.000037,0.000037,0.000037,0.000037,0.000037,0.000037,0.026365,0.245196,0.019856,0.000037,0.047249
AAACGGGTTGGTATCC-1,0.000013,0.034702,0.027427,0.516731,0.05609,0.000954,0.139448,0.081984,0.007533,0.000444,0.008238,0.029501,0.096934
AAACGGTTGCGAACTG-1,0.000016,0.065208,0.005818,0.549264,0.010222,0.000016,0.135242,0.059434,0.032597,0.000016,0.000919,0.072151,0.069096
AAACGTGTTCGCCCTA-1,0.793021,0.096505,0.000026,0.000026,0.000026,0.000026,0.000026,0.000026,0.107426,0.002815,0.000026,0.000026,0.000026
AAACTAACGTGGCGAC-1,0.735485,0.078138,0.000043,0.000043,0.093188,0.000043,0.000043,0.074401,0.000043,0.018443,0.000043,0.000043,0.000043
AAACTCGGTTCGCAAT-1,0.000017,0.046647,0.012881,0.446957,0.013314,0.004748,0.138523,0.05517,0.023258,0.000017,0.008292,0.129959,0.120217
AAACTCGTGATATAAG-1,0.15336,0.000037,0.000037,0.000037,0.000037,0.000037,0.030795,0.050609,0.29319,0.460821,0.006904,0.000037,0.004097
AAACTGCTGGCTCCAA-1,0.000012,0.06827,0.021829,0.208033,0.241376,0.051979,0.007605,0.035598,0.001739,0.000012,0.000012,0.357746,0.005791
AAACTTAATTGCACGC-1,0.005518,0.05841,0.000043,0.000043,0.000043,0.054978,0.271197,0.000043,0.068996,0.017231,0.518638,0.004819,0.000043
AAACTTGCAAACGTAT-1,0.000066,0.695908,0.000066,0.000066,0.000066,0.000066,0.000066,0.000066,0.161727,0.141709,0.000066,0.000066,0.000066
AAAGAATGACCTTAGA-1,0.000014,0.000014,0.491413,0.000484,0.000014,0.002957,0.475016,0.008434,0.000014,0.000014,0.021599,0.000014,0.000014
AAAGAATGTGGACTAA-1,0.000031,0.000031,0.000819,0.000031,0.000031,0.078453,0.082415,0.002407,0.088512,0.054855,0.532526,0.118216,0.041672
AAAGACATGAAGTTTA-1,0.423728,0.002384,0.000033,0.085176,0.00077,0.000033,0.000033,0.098674,0.07565,0.301068,0.001919,0.000033,0.010499
AAAGACCCAAGTCGCG-1,0.068531,0.030856,0.070121,0.063503,0.062972,0.006272,0.000034,0.000034,0.013492,0.176521,0.166853,0.028283,0.312528
AAAGACTGGGCGCTTT-1,0.000045,0.010406,0.000045,0.000045,0.094934,0.044327,0.000045,0.000045,0.334699,0.005039,0.023826,0.196197,0.290345
AAAGCTTGCCTACATA-1,0.841892,0.157907,0.000018,0.000018,0.000018,0.000018,0.000018,0.000018,0.000018,0.000018,0.000018,0.000018,0.000018
AAAGGCCCTATAATAC-1,0.000022,0.338583,0.004959,0.009072,0.000022,0.000022,0.377869,0.037592,0.011933,0.000022,0.104013,0.026888,0.089001
AAAGGCTACGGACCAT-1,0.00527,0.000029,0.012877,0.053037,0.211993,0.20912,0.042331,0.000029,0.067377,0.006772,0.158695,0.122753,0.109716
AAAGGCTCTCGCGCCG-1,0.000041,0.103211,0.060055,0.110766,0.01784,0.008252,0.07394,0.10381,0.048239,0.021885,0.1586,0.113114,0.180247
AAAGGGATGTAGCAAG-1,0.000044,0.000044,0.013761,0.015322,0.000044,0.000044,0.000044,0.000044,0.257003,0.044754,0.24348,0.000044,0.42537
AAAGGGCAGCTTGAAT-1,0.00006,0.10507,0.00006,0.00006,0.00006,0.00006,0.00006,0.00006,0.00006,0.106884,0.336466,0.086222,0.364881
AAAGGTAAGCTGTACC-1,0.707373,0.048223,0.000052,0.000052,0.000052,0.000052,0.000052,0.083594,0.051003,0.10939,0.000052,0.000052,0.000052
AAAGGTCAACGACATG-1,0.789738,0.002668,0.000028,0.000028,0.000028,0.000028,0.000028,0.000028,0.143825,0.056052,0.007491,0.000028,0.000028
AAAGTAGCATTGCTCA-1,0.000069,0.019831,0.000069,0.000069,0.000069,0.000069,0.000069,0.000069,0.591155,0.241794,0.1466,0.000069,0.000069
AAAGTCACTGATGTAA-1,0.044655,0.000027,0.070861,0.258404,0.156223,0.154347,0.044715,0.030654,0.000027,0.027693,0.049137,0.025038,0.138221
AAAGTCGACCCTCAGT-1,0.000132,0.000132,0.027363,0.000132,0.000132,0.000132,0.000132,0.000132,0.484991,0.121039,0.14047,0.000132,0.225084
AAAGTGCCATCAATTA-1,0.005026,0.004282,0.184457,0.072483,0.027639,0.265879,0.244077,0.055682,0.000011,0.032637,0.087395,0.000975,0.019457
AAAGTGTGATTTATCT-1,0.02012,0.017797,0.126982,0.067493,0.029811,0.046581,0.138437,0.017985,0.015388,0.023293,0.25347,0.004229,0.238416
AAAGTTGACTCCCGTA-1,0.000011,0.134674,0.452263,0.246977,0.034681,0.007143,0.002272,0.000887,0.000011,0.025355,0.010411,0.024446,0.06087
AAATAACCATACGGGA-1,0.000733,0.020043,0.053748,0.344528,0.030742,0.001443,0.000281,0.187563,0.011973,0.132052,0.007864,0.045432,0.163598
AAATAAGGTAGTGCCC-1,0.060254,0.023151,0.01257,0.142491,0.069507,0.012968,0.040568,0.358922,0.0177,0.145664,0.045557,0.049499,0.021149
AAATACCTATAAGCAT-1,0.000019,0.075999,0.007308,0.297991,0.008239,0.009155,0.227035,0.065551,0.000019,0.022047,0.072521,0.082696,0.13142
AAATAGCTTAGACTTT-1,0.069313,0.14503,0.023115,0.177584,0.157314,0.086109,0.00253,0.285472,0.002326,0.013697,0.001664,0.002816,0.033032
AAATAGGGTGCTATTG-1,0.000045,0.000045,0.000045,0.000954,0.000045,0.000045,0.000045,0.000045,0.080412,0.053978,0.401821,0.011482,0.451036
AAATCACTCCTAAACG-1,0.948024,0.000027,0.000027,0.000027,0.000027,0.000027,0.000027,0.000027,0.000871,0.050836,0.000027,0.000027,0.000027
AAATCCGATACACGCC-1,0.003651,0.00188,0.05262,0.103627,0.000658,0.000029,0.07825,0.025301,0.032191,0.081615,0.269016,0.078092,0.273071
AAATCGCGGAAGGAGT-1,0.000037,0.435019,0.03282,0.000037,0.000037,0.000057,0.161751,0.006123,0.145452,0.000037,0.218559,0.000037,0.000037
AAATCGTGTACCACAA-1,0.000019,0.025919,0.010652,0.315447,0.006777,0.000019,0.106293,0.023748,0.000019,0.00274,0.014342,0.257572,0.236454
AAATCTAGCCCTGCTA-1,0.000039,0.009928,0.086151,0.089909,0.002164,0.005458,0.014265,0.043403,0.000039,0.002228,0.665222,0.002031,0.079162
AAATCTGCCCGCGTCC-1,0.051922,0.343773,0.186873,0.030816,0.004366,0.123803,0.231737,0.02572,0.000015,0.000015,0.00093,0.000015,0.000015
AAATGACTGATCAAAC-1,0.000013,0.056785,0.000013,0.077002,0.016208,0.00079,0.333473,0.10779,0.000013,0.000013,0.00079,0.376311,0.030798
AAATGATTCGATCAGC-1,0.423844,0.000052,0.000052,0.000052,0.000052,0.000052,0.000052,0.000052,0.332777,0.242864,0.000052,0.000052,0.000052
AAATGCTCGTTACGTT-1,0.000042,0.080337,0.000042,0.108825,0.047728,0.000042,0.028357,0.053042,0.000064,0.02706,0.221015,0.249616,0.183828
AAATGGCATGTCTTGT-1,0.038605,0.000022,0.010674,0.047084,0.355057,0.066143,0.003727,0.109919,0.004454,0.129183,0.035556,0.0421,0.157475
AAATGGCCCGTGCCCT-1,0.080106,0.037248,0.000048,0.000048,0.284778,0.065883,0.000048,0.000048,0.443599,0.000048,0.000048,0.088053,0.000048
AAATGGTCAATGTGCC-1,0.000045,0.000045,0.001963,0.027426,0.000045,0.000045,0.000045,0.000045,0.466648,0.001948,0.007071,0.024701,0.469975
AAATGTATCTTATCCC-1,0.000057,0.084062,0.000057,0.000057,0.000057,0.000057,0.361759,0.000057,0.544783,0.000057,0.00888,0.000057,0.000057
AAATGTGGGTGCTCCT-1,0.00059,0.000008,0.36154,0.130938,0.320676,0.019263,0.005541,0.027324,0.003063,0.017376,0.028544,0.061819,0.023318
AAATTAACGGGTAGCT-1,0.000053,0.000053,0.000053,0.000053,0.000053,0.000053,0.000053,0.000053,0.371653,0.016138,0.096658,0.010987,0.504144
AAATTAATAAGCGCGA-1,0.000066,0.000066,0.000066,0.000066,0.000066,0.01532,0.000066,0.000066,0.729338,0.030652,0.20108,0.02308,0.000066
AAATTACACGACTCTG-1,0.000025,0.000025,0.026566,0.043381,0.191335,0.000025,0.002068,0.053571,0.02786,0.166202,0.212092,0.179769,0.09708
AAATTACCTATCGATG-1,0.001266,0.005299,0.039772,0.33897,0.096224,0.01407,0.019631,0.291187,0.000014,0.092056,0.02257,0.029002,0.049939
AAATTCCAGGTCCAAA-1,0.051952,0.147104,0.000022,0.019015,0.024562,0.029875,0.029456,0.148764,0.11467,0.261073,0.151295,0.01383,0.008384
AAATTGATAGTCCTTT-1,0.000067,0.210164,0.000067,0.000067,0.000067,0.000067,0.000067,0.000067,0.368356,0.273296,0.147577,0.000067,0.000067
AAATTGCGGCGGTTCT-1,0.000017,0.062722,0.014636,0.403724,0.020052,0.002904,0.221006,0.076124,0.007579,0.000169,0.007538,0.104931,0.078598
AAATTGGTGAGAAGCA-1,0.868707,0.119814,0.000025,0.000025,0.000025,0.000025,0.000025,0.000025,0.011225,0.000025,0.000025,0.000025,0.000025
AAATTTACCGAAATCC-1,0.034209,0.000016,0.05564,0.075492,0.064912,0.000268,0.002624,0.431836,0.001166,0.26742,0.019614,0.002841,0.043963
AAATTTGCGGGTGTGG-1,0.000023,0.000023,0.000023,0.160405,0.011807,0.000023,0.171449,0.044291,0.003642,0.00818,0.077646,0.301525,0.220963
AACAACTGGTAGTTGC-1,0.000017,0.00737,0.030237,0.776298,0.026653,0.000017,0.016088,0.006014,0.040633,0.000017,0.000017,0.049908,0.046729
AACAATACATTGTCGA-1,0.000038,0.067357,0.000038,0.002716,0.089872,0.029344,0.006288,0.008316,0.672994,0.000038,0.000038,0.122924,0.000038
AACAATTACTCTACGC-1,0.000034,0.13044,0.000034,0.218899,0.005414,0.000034,0.106973,0.050415,0.000034,0.006161,0.052199,0.103181,0.326181
AACACACGCTCGCCGC-1,0.006048,0.000635,0.167726,0.456928,0.075746,0.004855,0.085285,0.044444,0.097766,0.00001,0.000748,0.021818,0.037992
AACACGACTGTACTGA-1,0.021419,0.005942,0.062155,0.278409,0.395192,0.003069,0.001724,0.121347,0.07166,0.018559,0.000011,0.003509,0.017006
AACACGAGACGCGGCC-1,0.004349,0.557166,0.000054,0.000054,0.000054,0.000054,0.000054,0.000054,0.340201,0.074009,0.000054,0.000054,0.023846
AACACGCGGCCGCGAA-1,0.000007,0.012504,0.220957,0.704202,0.004422,0.000197,0.034681,0.014108,0.000007,0.000007,0.000007,0.006664,0.002238
AACAGCTGTGTGGCAA-1,0.000062,0.340933,0.000062,0.000062,0.000062,0.000062,0.000062,0.000062,0.406121,0.117238,0.135149,0.000062,0.000062
AACAGGAAATCGAATA-1,0.00003,0.00003,0.009426,0.019157,0.098767,0.061761,0.00003,0.010194,0.278339,0.24583,0.080372,0.00003,0.196034
AACAGGATGGGCCGCG-1,0.000034,0.037615,0.008756,0.159758,0.025595,0.000034,0.084148,0.008494,0.000034,0.022509,0.113744,0.071524,0.467756
AACAGGTAGTATGGAT-1,0.001069,0.010589,0.082627,0.013891,0.027297,0.544766,0.069283,0.121003,0.016171,0.054763,0.03235,0.01703,0.009162
AACATAGCGTGTATCG-1,0.00001,0.06024,0.0194,0.265062,0.094317,0.027641,0.342682,0.052744,0.00001,0.00001,0.000507,0.12897,0.008405
AACATATCAACTGGTG-1,0.000024,0.000024,0.081996,0.149047,0.221651,0.000024,0.000024,0.022641,0.030294,0.245097,0.065667,0.011013,0.172498
AACATCGATACGTCTA-1,0.69344,0.017989,0.04468,0.02068,0.069491,0.000027,0.000027,0.145091,0.000027,0.008463,0.000027,0.000027,0.00003
AACATTGAAGTTGATC-1,0.000933,0.021893,0.020334,0.000028,0.025626,0.329059,0.216544,0.000028,0.130656,0.000028,0.207419,0.029816,0.017636
AACATTGGTCAGCCGT-1,0.000045,0.000045,0.01108,0.05521,0.005041,0.000045,0.245382,0.001018,0.215097,0.000931,0.091755,0.014802,0.35955
AACATTGTGACTCGAG-1,0.000028,0.000028,0.031395,0.262562,0.003248,0.000028,0.047562,0.003809,0.21819,0.007671,0.048344,0.065466,0.311668
AACCAAGACTTCTCTG-1,0.00003,0.010409,0.00003,0.255551,0.000607,0.00003,0.164372,0.017598,0.00554,0.00003,0.066406,0.340702,0.138692
AACCAGTATCACTCTT-1,0.448692,0.000037,0.000037,0.063169,0.018789,0.000037,0.000037,0.036939,0.288859,0.100965,0.000037,0.000037,0.042364
AACCATAGGGTTGAAC-1,0.036204,0.135531,0.000041,0.000041,0.000041,0.000363,0.128051,0.000041,0.052975,0.000041,0.64659,0.000041,0.000041
AACCATGGGATCGCTA-1,0.000017,0.04198,0.013414,0.66837,0.005876,0.000017,0.054206,0.048793,0.000017,0.000017,0.017436,0.036567,0.113292
AACCCAGAGACGGAGA-1,0.000017,0.0458,0.106984,0.516826,0.02636,0.017457,0.041643,0.015263,0.000017,0.000017,0.057907,0.018949,0.152758
AACCCATCCCATGATC-1,0.000047,0.001017,0.000047,0.000047,0.000047,0.000064,0.116273,0.000047,0.203768,0.000047,0.449572,0.112595,0.116426
AACCCGACAACCCGTG-1,0.076163,0.03658,0.000054,0.000054,0.000054,0.000054,0.000054,0.000054,0.862036,0.000054,0.02473,0.000054,0.000054
AACCCGAGCAGAATCG-1,0.076777,0.023886,0.355581,0.031883,0.057207,0.211852,0.094519,0.004048,0.002051,0.008842,0.082785,0.03899,0.011579
AACCCGATAGGGCTTC-1,0.945209,0.000036,0.000036,0.000036,0.000036,0.000036,0.000036,0.000036,0.000036,0.054397,0.000036,0.000036,0.000036
AACCCGCTGTATTCCA-1,0.000014,0.035976,0.000375,0.103172,0.042134,0.010025,0.282019,0.078157,0.000014,0.000014,0.005381,0.408858,0.033864
AACCCTACTGTCAATA-1,0.016607,0.072596,0.215021,0.231694,0.061131,0.089156,0.011969,0.06136,0.11596,0.008169,0.010461,0.041885,0.06399
AACCCTGGTGGAACCA-1,0.00081,0.000307,0.181097,0.110945,0.267584,0.055631,0.01072,0.144043,0.000013,0.111426,0.044093,0.00437,0.068961
AACCGAGCTTGGTCAT-1,0.000064,0.000064,0.000064,0.000064,0.035307,0.000064,0.000064,0.000064,0.005544,0.173585,0.384759,0.000064,0.400294
AACCGCTAAGGGATGC-1,0.000036,0.034218,0.071191,0.094851,0.032314,0.000036,0.000036,0.000036,0.013586,0.07154,0.315285,0.127641,0.23923
AACCGTTGTGTTTGCT-1,0.000011,0.000011,0.064694,0.324245,0.436769,0.025061,0.003144,0.040374,0.000011,0.02339,0.002543,0.016379,0.063367
AACCTAAAGCCGTCCG-1,0.056229,0.000011,0.016703,0.343072,0.079357,0.000787,0.016113,0.233005,0.142115,0.057155,0.004362,0.021578,0.029514
AACCTCGCTTTAGCCC-1,0.041755,0.015565,0.004548,0.057228,0.000991,0.000031,0.251006,0.015802,0.309002,0.000031,0.060694,0.023031,0.220317
AACCTGTCACGGAATT-1,0.415062,0.02199,0.007205,0.000021,0.000021,0.015873,0.072929,0.122333,0.209717,0.02102,0.113331,0.000021,0.000478
AACCTTTAAATACGGT-1,0.000017,0.000017,0.001224,0.384095,0.011009,0.003445,0.229808,0.058161,0.113378,0.000017,0.011354,0.021968,0.165507
AACCTTTACGACGTCT-1,0.019133,0.000064,0.000064,0.061215,0.005287,0.000064,0.000064,0.139428,0.033759,0.533978,0.031552,0.175115,0.000278
AACGAAAGTCGTCCCA-1,0.000031,0.257523,0.006799,0.000031,0.000046,0.295391,0.164548,0.014582,0.123475,0.000031,0.066017,0.071496,0.000031
AACGACCTCCTAGCCG-1,0.000011,0.173973,0.251938,0.159726,0.032538,0.032095,0.202303,0.023286,0.000282,0.012243,0.059558,0.018346,0.033702
AACGATAATGCCGTAG-1,0.000024,0.040223,0.031511,0.033341,0.111144,0.03346,0.00557,0.000024,0.028544,0.028459,0.172825,0.210293,0.304583
AACGATAGAAGGGCCG-1,0.00003,0.00003,0.120028,0.06816,0.138856,0.065744,0.041114,0.005041,0.06569,0.04401,0.044637,0.015706,0.390953
AACGATATGTCAACTG-1,0.061985,0.005697,0.216515,0.200578,0.171676,0.117793,0.002545,0.048601,0.003599,0.014183,0.000151,0.045717,0.110961
AACGCATGATCTGGGT-1,0.23737,0.000039,0.000039,0.000039,0.000039,0.000039,0.000039,0.018639,0.058683,0.589867,0.003336,0.026413,0.065459
AACGCGAACGGCAACA-1,0.000028,0.037331,0.000028,0.018296,0.131217,0.077361,0.00727,0.000028,0.371523,0.003843,0.002841,0.115718,0.234515
AACGCGACCTTGGGCG-1,0.000042,0.000042,0.000042,0.012567,0.000042,0.000042,0.01374,0.000042,0.000042,0.021324,0.334032,0.508784,0.109262
AACGCGGTCTCCAGCC-1,0.022148,0.014134,0.101694,0.065464,0.011728,0.051097,0.059645,0.000039,0.174335,0.076724,0.1061,0.022132,0.294761
AACGCTGTTGCTGAAA-1,0.000017,0.005234,0.136257,0.174245,0.326204,0.049253,0.143811,0.015098,0.032217,0.000017,0.007059,0.063476,0.047112
AACGGACGTACGTATA-1,0.000014,0.073465,0.02257,0.352887,0.314217,0.129388,0.045027,0.012453,0.000014,0.000014,0.02695,0.009558,0.013441
AACGGCCATCTCCGGT-1,0.000025,0.000025,0.000025,0.064797,0.068616,0.016722,0.081027,0.004283,0.000025,0.00169,0.176028,0.27735,0.309389
AACGTACTGTGGGTAC-1,0.000034,0.004436,0.000543,0.106718,0.008789,0.000034,0.137327,0.034719,0.018549,0.001493,0.107546,0.055764,0.524048
AACGTAGTCTACCCAT-1,0.089411,0.134804,0.075968,0.101389,0.108767,0.016422,0.020269,0.005797,0.019548,0.174423,0.029644,0.091129,0.132428
AACGTCAGACTAGTGG-1,0.000017,0.061609,0.104698,0.443529,0.102362,0.030186,0.051444,0.022386,0.098394,0.000017,0.000017,0.023546,0.061794
AACGTCATCCGGCTTG-1,0.000032,0.013299,0.000032,0.000032,0.000032,0.000032,0.000032,0.000032,0.624858,0.003273,0.293544,0.013477,0.051325
AACGTCGCTGCACTTC-1,0.048713,0.002154,0.026477,0.022615,0.005411,0.111116,0.229209,0.01432,0.12894,0.033064,0.232608,0.008114,0.137258
AACGTGATGAAGGACA-1,0.000019,0.000019,0.130953,0.286085,0.16605,0.000195,0.000019,0.098169,0.217963,0.024346,0.000019,0.043576,0.03259
AACGTGCGAAAGTCTC-1,0.030463,0.000023,0.108112,0.397018,0.008175,0.000023,0.034714,0.030003,0.043778,0.028045,0.055109,0.060672,0.203865
AACGTTATCAGCACCT-1,0.000103,0.000086,0.000086,0.000086,0.000086,0.000086,0.000086,0.000086,0.775444,0.054297,0.064529,0.000086,0.104942
AACGTTCTACCATTGT-1,0.000023,0.003282,0.114951,0.021474,0.000023,0.214501,0.085896,0.096392,0.002959,0.068917,0.390482,0.000023,0.001078
AACTACCCGTTTGTCA-1,0.000025,0.021935,0.08111,0.000025,0.014039,0.297102,0.043629,0.020182,0.092413,0.10547,0.320997,0.003048,0.000025
AACTAGCGTATCGCAC-1,0.000054,0.000054,0.004201,0.000054,0.00934,0.031545,0.000054,0.000054,0.000054,0.342654,0.368299,0.120987,0.122648
AACTAGGCTTGGGTGT-1,0.00004,0.003074,0.00004,0.265051,0.058136,0.001248,0.05297,0.050237,0.107285,0.00004,0.193354,0.105306,0.163219
AACTCAAGTTAATTGC-1,0.000027,0.097068,0.009293,0.112106,0.061647,0.000603,0.03006,0.000027,0.189865,0.000027,0.008386,0.032431,0.458462
AACTCCAGAGCGTGTT-1,0.000027,0.058703,0.031747,0.16094,0.016207,0.021312,0.116218,0.060442,0.069772,0.027601,0.077099,0.093432,0.2665
AACTCCTAATCCCATG-1,0.135502,0.000022,0.004189,0.041454,0.029574,0.000022,0.006329,0.273452,0.006123,0.238432,0.03112,0.023048,0.210735
AACTCGATAAACACGT-1,0.000045,0.000045,0.000045,0.000045,0.000045,0.000045,0.116978,0.000045,0.396809,0.002926,0.306433,0.129233,0.047309
AACTCGATGGCGCAGT-1,0.13568,0.129473,0.00265,0.14651,0.08426,0.000029,0.031525,0.019381,0.038003,0.000029,0.000029,0.021247,0.391185
AACTCTCAATAGAGCG-1,0.02316,0.000025,0.027117,0.050413,0.356001,0.111241,0.000025,0.024024,0.050779,0.130556,0.028092,0.082028,0.116537
AACTCTCAGTGTGCTC-1,0.000033,0.000033,0.047201,0.026217,0.077827,0.038958,0.035715,0.000033,0.001265,0.007322,0.17687,0.458305,0.130219
AACTGAGGTCAGCGTC-1,0.801301,0.000095,0.000095,0.000095,0.000095,0.000095,0.000095,0.000095,0.035833,0.161918,0.000095,0.000095,0.000095
AACTGAGTTATACTGA-1,0.001157,0.251814,0.130077,0.009665,0.062675,0.131291,0.008348,0.212331,0.031845,0.105496,0.038195,0.001425,0.01568
AACTGATATTAGGCCT-1,0.000029,0.018275,0.000911,0.115643,0.391084,0.058077,0.000029,0.027444,0.158465,0.016563,0.028288,0.016763,0.168428
AACTGGGTCCCGACGT-1,0.00004,0.00004,0.03382,0.113556,0.092701,0.090204,0.015589,0.00004,0.154493,0.064901,0.07641,0.000892,0.357313
AACTGGGTTCGAGCCG-1,0.000032,0.000032,0.06121,0.080781,0.02348,0.001037,0.000032,0.058741,0.344054,0.383525,0.009227,0.000032,0.037818
AACTGGTGTGGGCCTT-1,0.005756,0.000017,0.344658,0.137438,0.140094,0.011382,0.000968,0.000907,0.013379,0.04202,0.043685,0.032453,0.227243
AACTTCTGCGTCTATC-1,0.000028,0.12239,0.000028,0.011542,0.455867,0.145044,0.001348,0.000028,0.107174,0.000028,0.000028,0.135037,0.021456
AACTTGCCCGTATGCA-1,0.000035,0.002074,0.005278,0.328649,0.012629,0.000035,0.097417,0.013089,0.014458,0.000035,0.00114,0.325267,0.199894
AACTTGCGTTCTCGCG-1,0.000022,0.04174,0.004293,0.404018,0.00403,0.000022,0.16787,0.051121,0.000022,0.000022,0.002593,0.246691,0.077554
AACTTTACGGGAGCTT-1,0.000059,0.006696,0.000059,0.000059,0.118389,0.23595,0.000059,0.165683,0.386306,0.000059,0.000059,0.086565,0.000059
AACTTTAGCTGCTGAG-1,0.036077,0.000042,0.060755,0.03882,0.187806,0.030147,0.000042,0.000042,0.000059,0.103645,0.298504,0.04439,0.19967
AACTTTCTCGATCATG-1,0.721569,0.069423,0.001684,0.014331,0.01324,0.003756,0.025099,0.045781,0.006638,0.05974,0.001549,0.019485,0.017705
AAGAAAGTTTGATGGG-1,0.071784,0.000053,0.068452,0.005513,0.000032,0.165078,0.075314,0.000032,0.000032,0.008688,0.598595,0.006392,0.000032
AAGAAATCACCAGATT-1,0.999644,0.00003,0.00003,0.00003,0.00003,0.00003,0.00003,0.00003,0.00003,0.00003,0.00003,0.00003,0.00003
AAGAAGGATCAGTTAG-1,0.000052,0.002915,0.076319,0.002069,0.000052,0.000052,0.014705,0.000052,0.031902,0.004285,0.323348,0.010865,0.533385
AAGACATACGTGGTTT-1,0.000008,0.001826,0.389663,0.14519,0.024792,0.022204,0.306271,0.031214,0.000008,0.000008,0.015763,0.045033,0.018019
AAGACCAAATAACTCA-1,0.00002,0.041785,0.007444,0.000024,0.000082,0.074859,0.559875,0.055001,0.033231,0.00002,0.201696,0.022888,0.003075
AAGACCCAACTGAACA-1,0.096495,0.00563,0.032922,0.085825,0.147424,0.055433,0.074262,0.002065,0.138227,0.000022,0.009851,0.209622,0.142222
AAGACTAACCCGTTGT-1,0.000029,0.000029,0.10633,0.152517,0.025098,0.000029,0.048304,0.016131,0.000029,0.028615,0.113452,0.060602,0.448837
AAGACTCACGCCCACT-1,0.387487,0.000028,0.007517,0.006711,0.0408,0.026798,0.003774,0.192181,0.002055,0.275823,0.024452,0.021221,0.011154
AAGACTGCAAGCTACT-1,0.038319,0.08669,0.124642,0.092134,0.036872,0.001573,0.00043,0.014816,0.210268,0.005465,0.002143,0.006055,0.380593
AAGAGATGAATCGGTA-1,0.000036,0.00956,0.051448,0.271497,0.000036,0.000036,0.11876,0.000036,0.000036,0.000036,0.234812,0.046975,0.266732
AAGAGCTCTTTATCGG-1,0.000047,0.000047,0.082928,0.000702,0.002111,0.017686,0.000047,0.000047,0.001247,0.125681,0.153544,0.000047,0.615868
AAGAGGATGTACGCGA-1,0.000023,0.007624,0.005482,0.026486,0.443556,0.03137,0.000023,0.000023,0.000023,0.000023,0.000625,0.473758,0.010985
AAGAGGCATGGATCGC-1,0.000013,0.000013,0.21905,0.642265,0.025425,0.000013,0.000013,0.000013,0.000013,0.00268,0.006142,0.012879,0.091482
AAGAGGCCCTTTGGAA-1,0.000026,0.033426,0.119919,0.140655,0.008123,0.065178,0.056443,0.02409,0.000026,0.010513,0.470708,0.001261,0.069633
AAGATGGCACCGGACC-1,0.029989,0.000829,0.000042,0.000042,0.130983,0.080159,0.000042,0.000042,0.33442,0.021146,0.016579,0.329591,0.056136
AAGATTGGCGGAACGT-1,0.000007,0.000007,0.163797,0.51739,0.267709,0.000163,0.000007,0.026142,0.000007,0.011791,0.000007,0.000007,0.012964
AAGCACCCTGCGTATC-1,0.00002,0.095011,0.007256,0.498964,0.054403,0.001532,0.147522,0.063784,0.00002,0.00002,0.001246,0.090355,0.039867
AAGCATACTCTCCTGA-1,0.027065,0.003147,0.059216,0.513786,0.029207,0.001556,0.157243,0.119897,0.003701,0.000012,0.000012,0.070822,0.014336
AAGCCACTTGCAGGTA-1,0.01295,0.000039,0.000039,0.000039,0.000039,0.000039,0.021051,0.000039,0.027346,0.003899,0.683351,0.098536,0.152634
AAGCCGAAGCGGTTTA-1,0.092447,0.018333,0.095749,0.1197,0.03711,0.2493,0.101581,0.08842,0.000024,0.058915,0.123104,0.004409,0.010909
AAGCCGCCGTGAAATC-1,0.011595,0.122172,0.000029,0.000029,0.000029,0.000029,0.135996,0.001449,0.22323,0.004786,0.276346,0.111536,0.112773
AAGCCGCTTTACCTTG-1,0.861653,0.000019,0.000605,0.010775,0.031255,0.002976,0.00934,0.063215,0.000019,0.000019,0.000019,0.020084,0.000019
AAGCCGGAGAGCAGGA-1,0.000011,0.04392,0.083691,0.100135,0.193702,0.35881,0.055036,0.120624,0.000833,0.002415,0.007992,0.003711,0.02912
AAGCGCAGGGCTTTGA-1,0.000045,0.000045,0.000045,0.000045,0.010955,0.000045,0.000045,0.000045,0.123309,0.029679,0.480376,0.076797,0.278566
AAGCGGAGTGCGCGCA-1,0.971786,0.000026,0.000026,0.000026,0.000026,0.000026,0.000026,0.000026,0.027932,0.000026,0.000026,0.000026,0.000026
AAGCGGCGTCATGGGT-1,0.088483,0.000056,0.000056,0.000056,0.000056,0.000056,0.000056,0.000056,0.326494,0.58446,0.000056,0.000056,0.000056
AAGCGTCCCTCATCGA-1,0.0001,0.078179,0.0001,0.0001,0.0001,0.0001,0.0001,0.0001,0.782603,0.11534,0.0001,0.0001,0.022977
AAGCTAGATCGAGTAA-1,0.020106,0.058248,0.004699,0.657822,0.002693,0.000011,0.078669,0.154299,0.000011,0.000011,0.000011,0.015091,0.008328
AAGCTATGGATTGACC-1,0.000025,0.000025,0.380896,0.000025,0.008449,0.081076,0.000025,0.000025,0.000025,0.070815,0.449464,0.008274,0.000873
AAGCTCGTGCCAAGTC-1,0.000013,0.000013,0.228916,0.648602,0.012964,0.000013,0.009418,0.001403,0.019745,0.000013,0.001593,0.019669,0.057639
AAGCTCTTTCATGGTG-1,0.000022,0.128812,0.076773,0.331249,0.056566,0.031402,0.165273,0.059658,0.023175,0.000022,0.006831,0.074233,0.045985
AAGGAGAACTTATAAG-1,0.058501,0.00002,0.007728,0.073552,0.377275,0.098036,0.008429,0.09582,0.055596,0.102899,0.022304,0.006381,0.09346
AAGGAGCGGTTGGTGC-1,0.000051,0.020394,0.000051,0.033786,0.001584,0.259612,0.010128,0.000051,0.107813,0.000171,0.088443,0.194233,0.283684
AAGGATCGATCGCTTG-1,0.016533,0.003099,0.137568,0.250192,0.152945,0.037712,0.00375,0.393481,0.000009,0.000619,0.000009,0.00112,0.002962
AAGGATGAGGGACCTC-1,0.084667,0.01615,0.083118,0.264532,0.322409,0.000019,0.000019,0.032815,0.029451,0.044777,0.001195,0.000151,0.120697
AAGGCAGGCTGTCTCC-1,0.005062,0.114482,0.057846,0.002472,0.002288,0.063551,0.134225,0.503773,0.000471,0.005062,0.10748,0.000807,0.00248
AAGGCGCGTAAAGCTT-1,0.00003,0.115698,0.00003,0.109792,0.016551,0.030542,0.104012,0.05992,0.00003,0.022997,0.056087,0.269866,0.214447
AAGGCTGTGCTCATCG-1,0.000054,0.068001,0.000054,0.002516,0.098095,0.000054,0.000054,0.020466,0.068432,0.140548,0.147073,0.033631,0.421021
AAGGGAACGACTGGCT-1,0.038038,0.004497,0.004234,0.201674,0.01949,0.00704,0.391567,0.238218,0.014187,0.000011,0.000011,0.071454,0.009577
AAGGGACAGATTCTGT-1,0.032767,0.012514,0.016446,0.049971,0.193713,0.000036,0.000036,0.000036,0.351541,0.275315,0.005216,0.000036,0.062374
AAGGGACTATGCATTC-1,0.061156,0.060569,0.000054,0.000054,0.000054,0.000054,0.000054,0.000054,0.829192,0.00288,0.02503,0.000054,0.020796
AAGGGTTAGCCATGCG-1,0.000006,0.00454,0.305733,0.473898,0.004993,0.005144,0.174459,0.027597,0.000006,0.000006,0.000006,0.002747,0.000865
AAGGGTTTGATTTCAG-1,0.000051,0.044088,0.000051,0.000051,0.000051,0.000051,0.346716,0.000051,0.190647,0.000051,0.418093,0.000051,0.000051
AAGGTATCCTAATATA-1,0.000035,0.000035,0.06241,0.071406,0.195602,0.047464,0.000035,0.019606,0.124644,0.250233,0.033736,0.000035,0.19476
AAGGTGATAAACCAGC-1,0.000039,0.47562,0.026349,0.105334,0.021137,0.000039,0.000039,0.000039,0.090987,0.079983,0.007204,0.000039,0.193189
AAGTAAGCTTCCAAAC-1,0.000007,0.000007,0.59366,0.28812,0.021653,0.000762,0.001268,0.000007,0.000007,0.020181,0.007817,0.014231,0.052277
AAGTAGAAGACCGGGT-1,0.000014,0.033589,0.056684,0.501098,0.086537,0.065055,0.054276,0.027899,0.005733,0.000014,0.00769,0.066142,0.095269
AAGTAGTGACGCGAGG-1,0.000027,0.050555,0.001286,0.343478,0.006372,0.000027,0.041194,0.025816,0.193948,0.000027,0.000138,0.127397,0.209734
AAGTCAATTGTCGTCA-1,0.000019,0.095421,0.003638,0.062513,0.159747,0.215784,0.066296,0.178511,0.000356,0.024319,0.059547,0.076751,0.057097
AAGTCTAGTAGCTGCC-1,0.354838,0.046276,0.000015,0.005659,0.000015,0.000015,0.150327,0.442784,0.000015,0.000015,0.000015,0.000015,0.000015
AAGTCTTCTGTGGCCT-1,0.000056,0.116825,0.000056,0.000056,0.000056,0.215355,0.215014,0.090097,0.006209,0.000056,0.23379,0.122374,0.000056
AAGTGACGACCGAATT-1,0.000019,0.059295,0.000019,0.347196,0.004302,0.000019,0.152645,0.140046,0.000019,0.000019,0.000019,0.266665,0.029738
AAGTGAGTCGGGTTTA-1,0.000022,0.002957,0.035653,0.342021,0.014642,0.00348,0.209023,0.047398,0.000022,0.000022,0.042167,0.194015,0.108576
AAGTGCAAAGGTAGAC-1,0.000101,0.08269,0.000101,0.000101,0.000101,0.000101,0.000101,0.000101,0.33476,0.303045,0.129664,0.149031,0.000101
AAGTGCCTTGACTGTA-1,0.000021,0.000021,0.051523,0.050051,0.288968,0.250752,0.018877,0.061867,0.005999,0.144555,0.085997,0.015282,0.026086
AAGTGCGTTAGAATCT-1,0.00009,0.091169,0.00009,0.00009,0.00009,0.00009,0.00009,0.00009,0.63317,0.019279,0.228158,0.027499,0.00009
AAGTGCTTCTCTATTG-1,0.000044,0.000044,0.000044,0.000044,0.000044,0.000044,0.005945,0.000044,0.651441,0.000044,0.342176,0.000044,0.000044
AAGTGTTTGGAGACGG-1,0.000048,0.000048,0.000048,0.000048,0.000048,0.000048,0.000048,0.000048,0.133734,0.089868,0.397644,0.002966,0.375403
AAGTTCACTCCAAGCT-1,0.000065,0.063757,0.000065,0.000065,0.000065,0.009212,0.005076,0.000065,0.26604,0.14468,0.182656,0.000065,0.328187
AAGTTCAGTCTGCGTA-1,0.261831,0.008597,0.000024,0.10974,0.043127,0.000024,0.029271,0.107807,0.029863,0.167908,0.007388,0.036122,0.198297
AAGTTCGGCCAACAGG-1,0.000048,0.02987,0.000048,0.000048,0.000048,0.000048,0.00515,0.000048,0.051274,0.002792,0.375643,0.225673,0.309312
AAGTTGTGATGTTATA-1,0.000041,0.000041,0.070249,0.000041,0.019394,0.112097,0.011299,0.000041,0.04821,0.035835,0.58844,0.008516,0.105797
AAGTTTACTAATGGCA-1,0.000028,0.000028,0.175776,0.050645,0.096673,0.001387,0.000028,0.036196,0.009446,0.202591,0.089162,0.000028,0.338014
AAGTTTATGGGCCCAA-1,0.000017,0.02778,0.021414,0.41546,0.023888,0.008679,0.250306,0.056843,0.008507,0.000017,0.014125,0.094092,0.078873
AATAACAACGCTCGGC-1,0.000014,0.016049,0.00737,0.492636,0.040745,0.003546,0.114537,0.063884,0.000014,0.000014,0.000014,0.245167,0.01601
AATAACACTAGAACAA-1,0.000022,0.187566,0.000022,0.100765,0.072907,0.041469,0.085683,0.083741,0.198146,0.000022,0.000022,0.199937,0.029697
AATAACGTCGCGCCCA-1,0.000022,0.020777,0.079598,0.02433,0.005168,0.026275,0.313996,0.105467,0.008842,0.037751,0.297923,0.007446,0.072405
AATAAGTCCTCGAGAC-1,0.000025,0.000025,0.048111,0.14639,0.234173,0.023489,0.008866,0.027067,0.025138,0.321901,0.090853,0.02896,0.045003
AATAATCTTCGTATCG-1,0.0417,0.03432,0.15077,0.010848,0.274826,0.320207,0.035342,0.13054,0.000006,0.000006,0.000006,0.001421,0.000006
AATACAATGTTTCAGG-1,0.000018,0.087204,0.000018,0.199598,0.03543,0.005525,0.157255,0.091596,0.000018,0.000018,0.003552,0.403137,0.016631
AATACCGGAGGGCTGT-1,0.031859,0.0735,0.000033,0.000033,0.000033,0.000033,0.000033,0.000033,0.894312,0.000033,0.000033,0.000033,0.000033
AATACCTGATGTGAAC-1,0.000018,0.038247,0.049837,0.06813,0.006237,0.026165,0.525231,0.121072,0.072533,0.000496,0.028252,0.0338,0.02998
AATAGAACAGAGTGGC-1,0.000019,0.074165,0.049032,0.366754,0.041607,0.002958,0.036646,0.007866,0.054166,0.000019,0.00082,0.09055,0.275398
AATAGAATCTGTTTCA-1,0.000025,0.139062,0.040183,0.051086,0.231356,0.171411,0.001362,0.000025,0.04491,0.003252,0.043719,0.067149,0.206462
AATAGCAAGCCTCCTG-1,0.37281,0.067431,0.056763,0.000025,0.017953,0.127205,0.010321,0.337687,0.009704,0.000025,0.000025,0.000025,0.000025
AATAGCTACCGCGTGC-1,0.236383,0.072915,0.016167,0.100004,0.087459,0.000017,0.000128,0.482708,0.000017,0.000017,0.000017,0.001227,0.002942
AATAGGCACGACCCTT-1,0.075232,0.00438,0.053733,0.040568,0.048671,0.074534,0.347789,0.037294,0.063009,0.000018,0.024064,0.096662,0.134045
AATAGTCCGTCCCGAC-1,0.000035,0.014751,0.038328,0.00746,0.052503,0.007979,0.001675,0.000035,0.001104,0.001411,0.202709,0.493242,0.178769
AATAGTCGCGAGTCGG-1,0.102443,0.145178,0.000112,0.000112,0.000112,0.000112,0.000112,0.000112,0.437616,0.039816,0.214175,0.000112,0.059985
AATATCAAGGTCGGAT-1,0.000064,0.045502,0.000064,0.000064,0.000064,0.000064,0.000064,0.000064,0.003476,0.306861,0.195478,0.000064,0.448168
AATATCCTAGCAAACT-1,0.000033,0.710442,0.000033,0.056178,0.000033,0.000033,0.113936,0.000033,0.000033,0.000033,0.103135,0.000033,0.016047
AATATCGAATCAATGC-1,0.039492,0.143731,0.032356,0.027157,0.031526,0.4763,0.079526,0.139397,0.000015,0.00629,0.017563,0.00045,0.006195
AATATCGAGGGTTCTC-1,0.000036,0.000036,0.026858,0.024946,0.014708,0.003725,0.000037,0.018174,0.178573,0.092767,0.231469,0.095582,0.313088
AATATTGGAGTATTGA-1,0.00004,0.055547,0.00004,0.034733,0.00004,0.00004,0.053648,0.085265,0.008161,0.00004,0.033656,0.552136,0.176654
AATCAGACTGCAGGAC-1,0.000022,0.014618,0.054931,0.331216,0.007909,0.000022,0.11333,0.012149,0.023607,0.000022,0.063944,0.111731,0.266498
AATCAGGTTTCATTTA-1,0.000019,0.180239,0.000019,0.002751,0.001764,0.015135,0.460521,0.159878,0.002263,0.000019,0.054058,0.105086,0.018248
AATCATGTAAAGACTC-1,0.000015,0.000015,0.278709,0.404727,0.04284,0.005258,0.062105,0.035261,0.160517,0.000015,0.000568,0.004407,0.005563
AATCCAAGGGCCTGAG-1,0.046924,0.101031,0.033618,0.140034,0.020939,0.004946,0.000064,0.000036,0.083887,0.126133,0.086012,0.013332,0.343043
AATCCATGCAAGGGTG-1,0.000038,0.009738,0.017434,0.000454,0.042166,0.008626,0.000038,0.000038,0.49578,0.070359,0.107527,0.075717,0.172085
AATCCCGCTCAGAGCC-1,0.00004,0.00004,0.00004,0.00004,0.00004,0.00004,0.01729,0.00004,0.614767,0.04843,0.255899,0.037418,0.02592
AATCGAGGTCTCAAGG-1,0.014619,0.057676,0.084826,0.163339,0.331059,0.027077,0.196816,0.045007,0.0245,0.000008,0.000008,0.050101,0.004964
AATCGCCTCAGCGCCA-1,0.000025,0.000025,0.194882,0.052037,0.213172,0.059543,0.009049,0.000025,0.122715,0.007586,0.066186,0.064107,0.21065
AATCGCGCAGAGGACT-1,0.012054,0.000032,0.044087,0.000032,0.000032,0.019241,0.01288,0.017002,0.044184,0.257376,0.592777,0.000032,0.000269
AATCGGGACACTACGA-1,0.000034,0.000034,0.008172,0.036609,0.476751,0.018023,0.016003,0.000034,0.000439,0.138467,0.203478,0.047752,0.054202
AATCGGTATAGCCCTC-1,0.000047,0.011377,0.000047,0.000047,0.000047,0.000047,0.034148,0.032836,0.123005,0.015387,0.486436,0.000047,0.296529
AATCGTGAGCCGAGCA-1,0.000044,0.021875,0.000044,0.295034,0.011886,0.009538,0.027854,0.002251,0.249746,0.000044,0.22181,0.063179,0.096694
AATCTAGGTTTACTTG-1,0.000031,0.048862,0.000031,0.007455,0.004997,0.021198,0.299664,0.052785,0.057713,0.014611,0.114003,0.273733,0.10492
AATCTATGCCGGAGCC-1,0.156891,0.000033,0.020349,0.047544,0.056357,0.004325,0.01658,0.169645,0.090534,0.263222,0.068639,0.019527,0.086355
AATCTCTACTGTGGTT-1,0.00012,0.00012,0.00012,0.00012,0.00012,0.00012,0.00012,0.00012,0.464339,0.122969,0.410108,0.001473,0.000153
AATCTGCGTTGGGACG-1,0.000018,0.005178,0.032135,0.244479,0.251599,0.073401,0.000018,0.105964,0.018548,0.076078,0.030482,0.040578,0.121522
AATCTGGCTTTCTAGT-1,0.000021,0.274664,0.000021,0.000021,0.000021,0.023243,0.325896,0.013349,0.000146,0.004082,0.137965,0.212607,0.007962
AATCTGGGTAGACCCT-1,0.316083,0.000031,0.000031,0.107074,0.032133,0.000031,0.000031,0.151606,0.134346,0.208658,0.000031,0.004723,0.045225
AATGACAGCAATGTCT-1,0.000038,0.000038,0.000038,0.000531,0.000038,0.000038,0.018318,0.000038,0.283639,0.000038,0.053438,0.441658,0.202151
AATGACGTAGGATGTC-1,0.000034,0.070622,0.006506,0.068157,0.097036,0.073863,0.030865,0.000034,0.000034,0.018804,0.18468,0.177411,0.271953
AATGACTGTCAGCCGG-1,0.000039,0.000039,0.000039,0.119358,0.000039,0.000039,0.112287,0.000039,0.000039,0.047174,0.234694,0.008341,0.477875
AATGAGTTCGCATATG-1,0.000025,0.097598,0.002888,0.355334,0.060602,0.001565,0.077773,0.045591,0.199622,0.000025,0.000025,0.085581,0.07337
AATGATGATACGCTAT-1,0.028608,0.000014,0.050957,0.360785,0.103677,0.007213,0.003594,0.199775,0.02218,0.081246,0.011073,0.040775,0.090104
AATGATGCGACTCCTG-1,0.000018,0.004583,0.070542,0.406799,0.048451,0.002041,0.017142,0.259865,0.008543,0.08795,0.016451,0.022489,0.055125
AATGCAACCGGGTACC-1,0.000046,0.000046,0.000046,0.000185,0.000046,0.000046,0.000046,0.000046,0.050899,0.127014,0.229231,0.011068,0.581283
AATGCACCAAGCAATG-1,0.130993,0.000022,0.026538,0.052698,0.009979,0.000022,0.001274,0.092311,0.257678,0.275557,0.036989,0.004327,0.111611
AATGGCCGCCAATGCG-1,0.858554,0.000041,0.000041,0.000041,0.000041,0.000041,0.000041,0.000041,0.000041,0.136887,0.004155,0.000041,0.000041
AATGGTCCACCGTTCA-1,0.048745,0.000065,0.000065,0.000065,0.039564,0.098264,0.000065,0.000065,0.437701,0.010194,0.005086,0.336571,0.023553
AATGGTTCTCACAAGC-1,0.000042,0.146802,0.000615,0.042514,0.000042,0.000042,0.001071,0.000042,0.356023,0.035958,0.000042,0.000042,0.416767
AATGTATGGCACTGTA-1,0.000012,0.489612,0.225346,0.027618,0.000012,0.000456,0.17513,0.08175,0.000012,0.000012,0.000012,0.000012,0.000012
AATGTGCCCGAGGTGT-1,0.080133,0.304527,0.046511,0.00007,0.00007,0.00007,0.00007,0.00007,0.494469,0.003603,0.07027,0.00007,0.00007
AATGTGCTAATCTGAG-1,0.00004,0.074614,0.00004,0.00004,0.00004,0.000709,0.050259,0.00004,0.740424,0.003637,0.103818,0.00004,0.026299
AATGTTAAGACCCTGA-1,0.000019,0.075015,0.042015,0.153486,0.019175,0.023339,0.188506,0.060746,0.225073,0.000325,0.055702,0.024286,0.132314
AATGTTGTCGTGAGAC-1,0.000011,0.010831,0.30334,0.433901,0.004863,0.003407,0.200148,0.017677,0.000011,0.000011,0.00352,0.008174,0.014107
AATTAAAGGTCGGCGT-1,0.000033,0.133299,0.0021,0.304333,0.039747,0.002324,0.048571,0.010697,0.000033,0.000033,0.053672,0.145715,0.259443
AATTAACGGATTTCCA-1,0.000029,0.000029,0.025747,0.175927,0.048939,0.000029,0.136565,0.019802,0.083019,0.00725,0.041508,0.098598,0.36256
AATTACGAGACCCATC-1,0.000032,0.292925,0.074214,0.026934,0.000032,0.051075,0.331427,0.059902,0.116847,0.000032,0.046514,0.000032,0.000032
AATTACTCGTACGCTC-1,0.000093,0.000093,0.000093,0.000093,0.000093,0.009635,0.000093,0.000093,0.548565,0.108473,0.288536,0.044046,0.000093
AATTAGCGCTGCAGCG-1,0.011631,0.001384,0.049367,0.329268,0.011054,0.000856,0.164877,0.084211,0.000026,0.006801,0.072064,0.087298,0.181163
AATTATACCCAGCAAG-1,0.000027,0.000027,0.03576,0.000311,0.002415,0.018765,0.10595,0.000027,0.060508,0.01276,0.453393,0.030549,0.279507
AATTCATAAGGGATCT-1,0.000031,0.02769,0.042598,0.097192,0.062636,0.036236,0.00534,0.089976,0.0725,0.18834,0.123012,0.008621,0.245827
AATTCATTGTCATGCA-1,0.000022,0.192408,0.039092,0.001509,0.018773,0.197862,0.458437,0.082793,0.000022,0.000022,0.000677,0.00836,0.000022
AATTCCAACTTGGTGA-1,0.000024,0.00707,0.019986,0.111738,0.124797,0.046494,0.386251,0.08677,0.035343,0.000024,0.001553,0.179834,0.000116
AATTCCAAGCATGTAC-1,0.038898,0.000051,0.000051,0.000051,0.000051,0.000051,0.037581,0.000051,0.175125,0.010182,0.325031,0.146917,0.265958
AATTCGATTCGAGGAT-1,0.106338,0.027303,0.044196,0.391229,0.153424,0.003798,0.086718,0.012659,0.017697,0.00002,0.00002,0.077781,0.078817
AATTCTAGAGTTAGGC-1,0.000045,0.000045,0.014103,0.085825,0.00882,0.002341,0.177181,0.016025,0.000045,0.075918,0.158401,0.100496,0.360753
AATTGAACGCTCTGGT-1,0.000024,0.029759,0.131628,0.319806,0.025157,0.020261,0.121811,0.001654,0.005037,0.004393,0.183672,0.049784,0.107014
AATTGCAGCAATCGAC-1,0.012973,0.000022,0.067594,0.044703,0.013162,0.169592,0.078756,0.023582,0.091224,0.011173,0.060594,0.311525,0.1151
AATTGCGTGGATTACA-1,0.000039,0.093145,0.000039,0.000039,0.000039,0.013364,0.289484,0.145228,0.029846,0.000039,0.428657,0.000039,0.000039
