Barcode,Topic 1,Topic 2,Topic 3,Topic 4,Topic 5,Topic 6,Topic 7,Topic 8,Topic 9,Topic 10,Topic 11,Topic 12to13
AAACAACGAATAGTTC-1,0.02613,0.057683,0.218088,0.042174,0.000763,0.000018,0.00197,0.281767,0.298208,0.042385,0.003198,0.027615
AAACAAGTATCTCCCA-1,0.008297,0.035534,0.656845,0.002037,0.000043,0.028701,0.039283,0.011662,0.000043,0.017999,0.152857,0.046699
AAACAATCTACTAGCA-1,0.42694,0.052863,0.074467,0.109956,0.100269,0.083908,0.000064,0.000064,0.151211,0.000064,0.000064,0.000129
AAACACCAATAACTGC-1,0.282839,0.00355,0.00002,0.138874,0.064407,0.024899,0.02062,0.00381,0.00002,0.460431,0.00002,0.000508
AAACAGAGCGACTCCT-1,0.136012,0.027249,0.159671,0.014138,0.006793,0.087315,0.078994,0.323662,0.000037,0.000037,0.060973,0.105118
AAACAGCTTTCAGAAG-1,0.036911,0.343637,0.311627,0.000029,0.019468,0.08328,0.000029,0.029286,0.000029,0.015325,0.0494,0.110979
AAACAGGGTCTATATT-1,0.175499,0.279323,0.116674,0.000027,0.035767,0.034777,0.007487,0.081898,0.084184,0.029921,0.081332,0.073113
AAACAGTGTTCCTGGG-1,0.254618,0.360107,0.041542,0.02464,0.174621,0.047733,0.050222,0.000078,0.024889,0.021317,0.000078,0.000156
AAACATGGTGAGAGGA-1,0.000026,0.148243,0.2648,0.016881,0.000026,0.059313,0.000026,0.002619,0.031549,0.155653,0.32081,0.000052
AAACATTTCCCGGATT-1,0.297184,0.044934,0.237164,0.019521,0.000049,0.000049,0.030109,0.105079,0.002563,0.000049,0.155007,0.108294
AAACCACTACACAGAT-1,0.053935,0.051716,0.395936,0.084479,0.122137,0.020863,0.000022,0.018998,0.072106,0.018623,0.135234,0.025951
AAACCCGAACGAAATC-1,0.044405,0.04004,0.162718,0.407871,0.000025,0.252241,0.000025,0.015617,0.003456,0.058225,0.012124,0.003253
AAACCGGAAATGTTAA-1,0.00762,0.044902,0.01061,0.341342,0.03129,0.000014,0.001139,0.039655,0.043565,0.067982,0.201874,0.210006
AAACCGGGTAGGTACC-1,0.158244,0.142147,0.000464,0.000026,0.049066,0.082514,0.000026,0.016829,0.000026,0.550581,0.000026,0.000052
AAACCGTTCGTCCAGG-1,0.00007,0.00007,0.00007,0.00007,0.999165,0.00007,0.00007,0.00007,0.00007,0.00007,0.00007,0.000139
AAACCTAAGCAGCCGG-1,0.333238,0.027047,0.059332,0.063982,0.000024,0.004264,0.297246,0.006777,0.005276,0.000024,0.010239,0.19255
AAACCTCATGAAGTTG-1,0.135517,0.336507,0.131336,0.000034,0.000034,0.083272,0.264351,0.006554,0.000034,0.000034,0.000034,0.042292
AAACGAAGAACATACC-1,0.310285,0.161774,0.275627,0.000043,0.018544,0.105842,0.000043,0.018408,0.101866,0.007438,0.000043,0.000087
AAACGAAGATGGAGTA-1,0.00001,0.001619,0.00001,0.00001,0.00001,0.00001,0.010889,0.032928,0.038127,0.12844,0.069519,0.718428
AAACGACAGTCTTGCC-1,0.167596,0.020375,0.361998,0.173523,0.00003,0.212314,0.00003,0.00003,0.042901,0.00003,0.021114,0.00006
AAACGAGACGGTTGAT-1,0.00004,0.136612,0.255262,0.022211,0.001735,0.00004,0.001679,0.156987,0.00004,0.210658,0.213947,0.00079
AAACGCCCGAGATCGG-1,0.000008,0.000008,0.000008,0.000008,0.000008,0.130592,0.029038,0.000164,0.000008,0.095756,0.0053,0.739103
AAACGCTGGGCACGAC-1,0.560193,0.000016,0.000016,0.43383,0.005197,0.000016,0.000016,0.000016,0.000634,0.000016,0.000016,0.000033
AAACGGGCGTACGGGT-1,0.130791,0.01019,0.301037,0.000029,0.000029,0.000029,0.055926,0.014857,0.000029,0.0013,0.141118,0.344664
AAACGGGTTGGTATCC-1,0.071057,0.082432,0.172184,0.000019,0.000019,0.000019,0.021906,0.050331,0.276614,0.132443,0.103893,0.089083
AAACGGTTGCGAACTG-1,0.039517,0.409452,0.075652,0.005667,0.000044,0.000044,0.000044,0.300475,0.104265,0.018433,0.045118,0.001288
AAACGTGTTCGCCCTA-1,0.000015,0.002903,0.053933,0.090674,0.083785,0.049178,0.048178,0.077613,0.098956,0.030881,0.113315,0.350569
AAACTAACGTGGCGAC-1,0.012671,0.03914,0.16394,0.145762,0.000025,0.154904,0.027375,0.072521,0.048932,0.047071,0.267432,0.020227
AAACTCGGTTCGCAAT-1,0.208071,0.204983,0.196139,0.000051,0.000051,0.000051,0.048272,0.255897,0.000051,0.000051,0.02005,0.066334
AAACTCGTGATATAAG-1,0.387127,0.002646,0.379705,0.213452,0.016565,0.000063,0.000063,0.000063,0.000063,0.000063,0.000063,0.000126
AAACTGCTGGCTCCAA-1,0.346471,0.139349,0.00003,0.00003,0.12244,0.219409,0.00003,0.103269,0.00003,0.068852,0.00003,0.00006
AAACTTAATTGCACGC-1,0.153137,0.000747,0.000224,0.000016,0.000016,0.01431,0.000667,0.000016,0.095846,0.418221,0.226744,0.090056
AAACTTGCAAACGTAT-1,0.046974,0.105929,0.244112,0.000032,0.212517,0.156318,0.011618,0.06118,0.023213,0.083884,0.021461,0.032762
AAAGAATGACCTTAGA-1,0.009555,0.060611,0.173724,0.011967,0.000016,0.014354,0.007179,0.012786,0.181608,0.113947,0.340134,0.074121
AAAGAATGTGGACTAA-1,0.167449,0.027974,0.287416,0.127848,0.000058,0.201931,0.001728,0.054969,0.000031,0.000031,0.043218,0.087347
AAAGACATGAAGTTTA-1,0.175982,0.03989,0.246708,0.094774,0.106199,0.154225,0.003342,0.023013,0.035906,0.000025,0.027134,0.092803
AAAGACCCAAGTCGCG-1,0.400391,0.001527,0.000047,0.155915,0.081698,0.000047,0.35532,0.004819,0.000047,0.000047,0.000047,0.000094
AAAGACTGGGCGCTTT-1,0.170351,0.111893,0.013536,0.000026,0.000026,0.052543,0.006142,0.255041,0.032464,0.137044,0.084719,0.136216
AAAGCTTGCCTACATA-1,0.136227,0.00496,0.298901,0.271761,0.000025,0.000254,0.157764,0.000025,0.067208,0.000025,0.008781,0.05407
AAAGGCCCTATAATAC-1,0.18393,0.128609,0.536637,0.000046,0.037345,0.003481,0.000046,0.08305,0.01029,0.00843,0.008044,0.000093
AAAGGCTACGGACCAT-1,0.000021,0.206686,0.000033,0.000021,0.019856,0.112523,0.03233,0.075773,0.000021,0.552674,0.000021,0.000042
AAAGGCTCTCGCGCCG-1,0.000012,0.003569,0.000012,0.000012,0.004811,0.000012,0.082446,0.242503,0.006588,0.6203,0.000012,0.039725
AAAGGGATGTAGCAAG-1,0.316003,0.17842,0.129242,0.000046,0.152107,0.000046,0.079548,0.138347,0.000046,0.000046,0.000046,0.006101
AAAGGGCAGCTTGAAT-1,0.000031,0.262348,0.067936,0.000031,0.000031,0.050203,0.003911,0.351181,0.016528,0.247119,0.000031,0.000648
AAAGGTAAGCTGTACC-1,0.157171,0.060917,0.401205,0.081216,0.030571,0.002903,0.080409,0.052113,0.002681,0.000044,0.029596,0.101172
AAAGTAGCATTGCTCA-1,0.000016,0.041563,0.00703,0.000016,0.056722,0.054759,0.000016,0.004352,0.000815,0.828774,0.005903,0.000033
AAAGTCACTGATGTAA-1,0.204401,0.500169,0.294452,0.000098,0.000098,0.000098,0.000098,0.000098,0.000098,0.000098,0.000098,0.000196
AAAGTCGACCCTCAGT-1,0.248151,0.132659,0.214129,0.000035,0.003706,0.106752,0.007666,0.151852,0.00048,0.094468,0.006408,0.033693
AAAGTGCCATCAATTA-1,0.121368,0.000816,0.000019,0.604991,0.000427,0.27218,0.000019,0.000019,0.000086,0.000019,0.000019,0.000038
AAAGTGTGATTTATCT-1,0.183549,0.056905,0.46372,0.011313,0.051553,0.000056,0.000056,0.061817,0.000056,0.000056,0.068536,0.102381
AAAGTTGACTCCCGTA-1,0.391377,0.010421,0.320249,0.000063,0.104163,0.053606,0.005895,0.050032,0.000063,0.000063,0.000063,0.064006
AAATAACCATACGGGA-1,0.089971,0.070017,0.732624,0.041672,0.00008,0.00008,0.013278,0.05188,0.00008,0.00008,0.00008,0.00016
AAATAAGGTAGTGCCC-1,0.147836,0.006299,0.358971,0.131816,0.000049,0.354686,0.000049,0.000049,0.000049,0.000049,0.000049,0.000098
AAATACCTATAAGCAT-1,0.003297,0.160248,0.132978,0.149563,0.115164,0.160122,0.011952,0.248257,0.000036,0.01021,0.000036,0.008137
AAATAGCTTAGACTTT-1,0.594514,0.017087,0.19405,0.184228,0.000042,0.009784,0.000042,0.000042,0.000042,0.000042,0.000042,0.000084
AAATAGGGTGCTATTG-1,0.164682,0.093381,0.149288,0.016429,0.00004,0.014905,0.056443,0.074344,0.009482,0.244971,0.098575,0.07746
AAATCCGATACACGCC-1,0.000032,0.077089,0.433318,0.000032,0.000032,0.097735,0.282422,0.027495,0.01612,0.027307,0.027888,0.010532
AAATCGCGGAAGGAGT-1,0.053427,0.007371,0.140834,0.091147,0.013509,0.135842,0.47642,0.000024,0.010218,0.000024,0.001785,0.069399
AAATCGTGTACCACAA-1,0.00003,0.150558,0.024909,0.00003,0.017673,0.11643,0.011549,0.322544,0.011371,0.336766,0.00003,0.008112
AAATCTAGCCCTGCTA-1,0.399852,0.034436,0.121577,0.036725,0.050324,0.000034,0.054412,0.088481,0.021413,0.000034,0.125751,0.06696
AAATCTGCCCGCGTCC-1,0.04304,0.000008,0.000008,0.000008,0.003018,0.375316,0.000008,0.000008,0.002273,0.211044,0.039658,0.325611
AAATGACTGATCAAAC-1,0.368755,0.105869,0.207922,0.103831,0.000037,0.024518,0.020426,0.000037,0.14725,0.000177,0.014163,0.007014
AAATGATTCGATCAGC-1,0.273078,0.003816,0.000041,0.464807,0.091271,0.065207,0.088749,0.012825,0.000041,0.000041,0.000041,0.000082
AAATGCTCGTTACGTT-1,0.486026,0.292226,0.009546,0.000054,0.000054,0.000054,0.059757,0.094622,0.000085,0.013287,0.000054,0.044235
AAATGGCATGTCTTGT-1,0.275693,0.300373,0.397523,0.000089,0.025611,0.000089,0.000089,0.000089,0.000089,0.000089,0.000089,0.000178
AAATGGCCCGTGCCCT-1,0.113718,0.262918,0.344207,0.033109,0.000401,0.008826,0.004481,0.112832,0.000041,0.003096,0.055821,0.060549
AAATGGTCAATGTGCC-1,0.064456,0.429547,0.392876,0.000088,0.112329,0.000088,0.000088,0.000088,0.000088,0.000088,0.000088,0.000176
AAATGTATCTTATCCC-1,0.081302,0.024725,0.005971,0.000018,0.000359,0.125482,0.235225,0.000018,0.007034,0.000437,0.077945,0.441484
AAATGTGGGTGCTCCT-1,0.000022,0.041081,0.290751,0.000022,0.000022,0.024138,0.000022,0.000022,0.633692,0.010166,0.000022,0.000043
AAATTAACGGGTAGCT-1,0.017646,0.175148,0.035575,0.01405,0.059519,0.026001,0.199667,0.230887,0.046845,0.169693,0.001231,0.023738
AAATTAATAAGCGCGA-1,0.00696,0.085085,0.190683,0.009614,0.004926,0.194037,0.041775,0.04914,0.011829,0.132938,0.041411,0.231602
AAATTACACGACTCTG-1,0.097889,0.048242,0.184123,0.017022,0.162781,0.334533,0.14046,0.014597,0.000071,0.000071,0.000071,0.000141
AAATTACCTATCGATG-1,0.16105,0.001651,0.534213,0.02854,0.000045,0.000045,0.024854,0.095357,0.000045,0.000045,0.02412,0.130035
AAATTCCAGGTCCAAA-1,0.413122,0.000041,0.121688,0.059833,0.00908,0.395949,0.000041,0.000041,0.000041,0.000041,0.000041,0.000082
AAATTGATAGTCCTTT-1,0.10775,0.569812,0.157868,0.000061,0.000061,0.000061,0.000061,0.014132,0.139761,0.000061,0.000061,0.010311
AAATTGCGGCGGTTCT-1,0.037951,0.01864,0.533311,0.00004,0.00004,0.00004,0.00004,0.00004,0.409738,0.00004,0.00004,0.00008
AAATTGGTGAGAAGCA-1,0.20264,0.005686,0.022962,0.422911,0.066383,0.006907,0.00022,0.054195,0.038915,0.052066,0.018495,0.108619
AAATTTACCGAAATCC-1,0.00005,0.00005,0.366777,0.057792,0.2564,0.146842,0.00005,0.011143,0.012966,0.009606,0.052824,0.085501
AAATTTGCGGGTGTGG-1,0.000033,0.314351,0.203305,0.000033,0.012384,0.008709,0.270246,0.144498,0.033027,0.008949,0.000033,0.004434
AACAACTGGTAGTTGC-1,0.208077,0.038636,0.163928,0.23647,0.038007,0.000108,0.186287,0.029564,0.000108,0.087659,0.010939,0.000217
AACAATACATTGTCGA-1,0.205821,0.429314,0.227192,0.050351,0.03886,0.006419,0.009773,0.031933,0.000068,0.000068,0.000068,0.000135
AACAATTACTCTACGC-1,0.00005,0.279846,0.142713,0.017851,0.00005,0.084614,0.00005,0.409837,0.028531,0.017762,0.00005,0.018645
AACACACGCTCGCCGC-1,0.029692,0.068532,0.438953,0.001741,0.061568,0.000039,0.047658,0.075545,0.000039,0.049882,0.116948,0.109402
AACACGACTGTACTGA-1,0.000098,0.395024,0.57588,0.000098,0.000098,0.000098,0.028114,0.000098,0.000098,0.000098,0.000098,0.000196
AACACGAGACGCGGCC-1,0.016724,0.134913,0.036413,0.006422,0.00134,0.020769,0.204866,0.095869,0.095764,0.306707,0.022203,0.05801
AACACGCGGCCGCGAA-1,0.440037,0.107145,0.302755,0.055544,0.000053,0.013947,0.000053,0.000053,0.080204,0.000053,0.000053,0.000105
AACAGCTGTGTGGCAA-1,0.000028,0.34183,0.04883,0.000028,0.038497,0.006449,0.000028,0.139933,0.012443,0.400561,0.004694,0.00668
AACAGGAAATCGAATA-1,0.249141,0.223718,0.254301,0.005491,0.000054,0.000054,0.175352,0.086018,0.000054,0.000054,0.000054,0.005708
AACAGGATGGGCCGCG-1,0.000035,0.431592,0.065207,0.000035,0.000035,0.000035,0.007345,0.384849,0.000035,0.110731,0.000035,0.000069
AACAGGTAGTATGGAT-1,0.00001,0.00001,0.018812,0.132599,0.00001,0.008238,0.314813,0.009934,0.004215,0.00001,0.010486,0.500863
AACATAGCGTGTATCG-1,0.031353,0.000042,0.204211,0.065797,0.548041,0.065737,0.000042,0.000042,0.083165,0.000042,0.001446,0.000083
AACATATCAACTGGTG-1,0.296334,0.016845,0.259606,0.006573,0.291979,0.000063,0.020791,0.071261,0.000063,0.000063,0.036297,0.000126
AACATCGATACGTCTA-1,0.401229,0.000042,0.41248,0.185869,0.000042,0.000042,0.000042,0.000042,0.000042,0.000042,0.000042,0.000084
AACATTGAAGTTGATC-1,0.116059,0.340094,0.174712,0.00006,0.165758,0.01598,0.00006,0.109341,0.023066,0.03756,0.01719,0.00012
AACATTGGTCAGCCGT-1,0.026546,0.006827,0.403847,0.053583,0.15793,0.000028,0.003204,0.02245,0.314143,0.000028,0.000028,0.011385
AACATTGTGACTCGAG-1,0.02034,0.314139,0.010161,0.000024,0.027329,0.021844,0.006737,0.261507,0.062907,0.27471,0.000024,0.000277
AACCAAGACTTCTCTG-1,0.000045,0.250852,0.316099,0.004837,0.248401,0.007413,0.000045,0.092084,0.009181,0.020904,0.002319,0.04782
AACCAGTATCACTCTT-1,0.000099,0.000099,0.785067,0.094784,0.000099,0.001925,0.000099,0.000099,0.035679,0.000099,0.081755,0.000197
AACCATAGGGTTGAAC-1,0.000007,0.002492,0.002008,0.000007,0.003722,0.002915,0.003129,0.022164,0.117775,0.170297,0.05896,0.616524
AACCATGGGATCGCTA-1,0.027717,0.19882,0.010689,0.000033,0.000033,0.000033,0.012715,0.278006,0.001492,0.470361,0.000033,0.000067
AACCCAGAGACGGAGA-1,0.587452,0.032927,0.322004,0.000114,0.054737,0.000114,0.000114,0.001967,0.000114,0.000114,0.000114,0.000228
AACCCATCCCATGATC-1,0.00005,0.105398,0.113564,0.034211,0.383401,0.132539,0.00005,0.028648,0.070969,0.067664,0.037766,0.025741
AACCCGACAACCCGTG-1,0.772079,0.093344,0.000057,0.012609,0.121453,0.000057,0.000057,0.000057,0.000057,0.000057,0.000057,0.000114
AACCCGAGCAGAATCG-1,0.199326,0.021153,0.279203,0.114635,0.008367,0.066617,0.014425,0.000032,0.036774,0.034819,0.224584,0.000065
AACCCGATAGGGCTTC-1,0.044139,0.021898,0.416658,0.471206,0.000025,0.012337,0.000025,0.000025,0.029103,0.000025,0.004509,0.00005
AACCCGCTGTATTCCA-1,0.005368,0.039735,0.000021,0.199286,0.000021,0.007823,0.005019,0.032004,0.202931,0.457632,0.016969,0.033191
AACCCTACTGTCAATA-1,0.000014,0.000291,0.032272,0.000014,0.003095,0.002971,0.354501,0.121194,0.002659,0.000014,0.02264,0.460335
AACCCTGGTGGAACCA-1,0.285016,0.00513,0.54286,0.000053,0.098214,0.000053,0.000053,0.068352,0.000053,0.000053,0.000053,0.000107
AACCGAGCTTGGTCAT-1,0.076659,0.296492,0.222597,0.00005,0.034906,0.00005,0.0245,0.202393,0.00005,0.027625,0.052013,0.062666
AACCGCTAAGGGATGC-1,0.036485,0.016087,0.180346,0.045236,0.000021,0.000021,0.355539,0.128367,0.000021,0.000021,0.004398,0.233459
AACCGTTGTGTTTGCT-1,0.128678,0.14089,0.215273,0.000061,0.006362,0.000061,0.380239,0.128128,0.000061,0.000061,0.000061,0.000123
AACCTAAAGCCGTCCG-1,0.000036,0.000533,0.65888,0.001768,0.000036,0.046768,0.023026,0.000036,0.188948,0.000036,0.030002,0.049931
AACCTCGCTTTAGCCC-1,0.324455,0.000032,0.078887,0.000032,0.000032,0.000032,0.215144,0.109195,0.000032,0.000032,0.016249,0.255879
AACCTGTCACGGAATT-1,0.100374,0.000024,0.007384,0.115092,0.010756,0.173902,0.000024,0.000024,0.038256,0.261785,0.246462,0.045916
AACCTTTAAATACGGT-1,0.055611,0.257994,0.297411,0.00008,0.00008,0.129677,0.005759,0.038795,0.011227,0.183727,0.00008,0.01956
AACCTTTACGACGTCT-1,0.054021,0.000052,0.38649,0.015899,0.000052,0.000052,0.075368,0.06863,0.00029,0.000052,0.011791,0.387301
AACGAAAGTCGTCCCA-1,0.000271,0.035256,0.048447,0.000015,0.005961,0.006764,0.132573,0.10634,0.017891,0.064888,0.074186,0.507408
AACGACCTCCTAGCCG-1,0.208714,0.040964,0.097885,0.478693,0.001119,0.072189,0.000076,0.000023,0.069156,0.000023,0.031112,0.000046
AACGATAATGCCGTAG-1,0.000031,0.074874,0.149992,0.014933,0.003776,0.068073,0.008027,0.358261,0.013388,0.073768,0.002369,0.232509
AACGATAGAAGGGCCG-1,0.02057,0.29346,0.000025,0.000025,0.000025,0.000025,0.228073,0.040893,0.004739,0.391312,0.000025,0.020826
AACGATATGTCAACTG-1,0.515426,0.024139,0.21847,0.000054,0.081048,0.013299,0.000054,0.137368,0.000054,0.009925,0.000054,0.000108
AACGCATGATCTGGGT-1,0.546272,0.000061,0.200294,0.224441,0.000061,0.000061,0.026619,0.00189,0.000061,0.000061,0.000061,0.000121
AACGCGAACGGCAACA-1,0.000026,0.085132,0.109565,0.000026,0.000026,0.000026,0.000026,0.108788,0.514034,0.116872,0.042574,0.022903
AACGCGACCTTGGGCG-1,0.000032,0.179369,0.029965,0.000032,0.000032,0.058307,0.243977,0.300625,0.015999,0.171568,0.000032,0.000063
AACGCGGTCTCCAGCC-1,0.042003,0.553605,0.254764,0.00008,0.00008,0.017605,0.00008,0.00008,0.014511,0.00338,0.113654,0.00016
AACGCTGTTGCTGAAA-1,0.166342,0.041917,0.31045,0.000091,0.025132,0.14855,0.008122,0.000091,0.000091,0.139685,0.076544,0.082986
AACGGACGTACGTATA-1,0.155512,0.024951,0.522375,0.000046,0.006339,0.000046,0.071158,0.158149,0.000046,0.000046,0.000046,0.061287
AACGGCCATCTCCGGT-1,0.502703,0.148547,0.277127,0.000069,0.070832,0.000069,0.000238,0.000069,0.000069,0.000069,0.000069,0.000138
AACGTACTGTGGGTAC-1,0.158715,0.237641,0.052328,0.140216,0.250546,0.097258,0.000107,0.000107,0.000107,0.062657,0.000107,0.000213
AACGTAGTCTACCCAT-1,0.646135,0.03665,0.093438,0.067286,0.074922,0.000075,0.000075,0.000075,0.081043,0.000075,0.000075,0.00015
AACGTCAGACTAGTGG-1,0.525342,0.038865,0.185275,0.028208,0.192288,0.00011,0.029249,0.00011,0.00011,0.00011,0.00011,0.000221
AACGTCATCCGGCTTG-1,0.00003,0.111385,0.106772,0.056093,0.00003,0.152366,0.095804,0.007025,0.364087,0.097259,0.006987,0.002161
AACGTCGCTGCACTTC-1,0.760523,0.000031,0.000031,0.046291,0.002167,0.149902,0.000031,0.000031,0.018755,0.000031,0.009036,0.01317
AACGTGATGAAGGACA-1,0.000068,0.028216,0.577322,0.008049,0.000068,0.000068,0.000068,0.1152,0.000068,0.035393,0.038002,0.197477
AACGTGCGAAAGTCTC-1,0.244822,0.33352,0.178829,0.000036,0.08875,0.023549,0.014472,0.055312,0.018832,0.016699,0.000036,0.025142
AACGTTATCAGCACCT-1,0.000031,0.038446,0.11862,0.000031,0.000031,0.04271,0.411777,0.030453,0.032702,0.011656,0.199366,0.114178
AACGTTCTACCATTGT-1,0.105147,0.000036,0.054678,0.839812,0.000036,0.000036,0.000036,0.000036,0.000036,0.000036,0.000036,0.000073
AACTACCCGTTTGTCA-1,0.177116,0.011701,0.537087,0.070456,0.000041,0.126542,0.000041,0.000041,0.000041,0.000041,0.043691,0.033205
AACTAGCGTATCGCAC-1,0.386634,0.110946,0.406217,0.055688,0.0001,0.0001,0.0001,0.0001,0.039714,0.0001,0.0001,0.0002
AACTAGGCTTGGGTGT-1,0.031572,0.051547,0.702795,0.000077,0.000077,0.000077,0.000077,0.014749,0.158797,0.04,0.000077,0.000154
AACTCAAGTTAATTGC-1,0.427979,0.128647,0.133247,0.000082,0.10634,0.000082,0.038275,0.135102,0.000082,0.029918,0.000082,0.000164
AACTCCAGAGCGTGTT-1,0.24631,0.00286,0.230124,0.030809,0.000048,0.000048,0.07627,0.230436,0.036699,0.024196,0.047876,0.074323
AACTCCTAATCCCATG-1,0.034174,0.046992,0.154416,0.042484,0.019564,0.033285,0.042159,0.099167,0.01333,0.035526,0.388979,0.089924
AACTCGATAAACACGT-1,0.000007,0.000007,0.000007,0.000007,0.000007,0.000007,0.004011,0.083272,0.169994,0.128539,0.00541,0.608734
AACTCGATGGCGCAGT-1,0.000016,0.001022,0.000016,0.000016,0.000016,0.000016,0.171731,0.235974,0.042723,0.389029,0.000016,0.159423
AACTCTCAATAGAGCG-1,0.000084,0.219581,0.714742,0.064834,0.000084,0.000084,0.000084,0.000084,0.000084,0.000084,0.000084,0.000169
AACTCTCAGTGTGCTC-1,0.000117,0.086608,0.253364,0.000117,0.556594,0.000117,0.000117,0.003547,0.098952,0.000117,0.000117,0.000234
AACTGAGGTCAGCGTC-1,0.159067,0.046587,0.012221,0.10477,0.000028,0.173723,0.34411,0.000773,0.113155,0.000028,0.018793,0.026746
AACTGAGTTATACTGA-1,0.004212,0.001349,0.005278,0.376121,0.000037,0.509332,0.039846,0.000017,0.016285,0.011835,0.018064,0.017624
AACTGATATTAGGCCT-1,0.602668,0.268079,0.069143,0.000077,0.000077,0.034006,0.02549,0.000077,0.000077,0.000077,0.000077,0.000154
AACTGGGTCCCGACGT-1,0.31833,0.237848,0.250895,0.00006,0.02615,0.00006,0.000064,0.166295,0.00006,0.00006,0.00006,0.000119
AACTGGGTTCGAGCCG-1,0.000055,0.000055,0.72244,0.000055,0.006699,0.264104,0.000055,0.000055,0.006259,0.000055,0.000055,0.000111
AACTGGTGTGGGCCTT-1,0.075406,0.005141,0.793174,0.000089,0.000089,0.000089,0.125481,0.000089,0.000089,0.000089,0.000089,0.000177
AACTTCTGCGTCTATC-1,0.214504,0.069876,0.014623,0.000038,0.000038,0.000038,0.129718,0.230698,0.000038,0.214828,0.053498,0.072104
AACTTGCCCGTATGCA-1,0.000044,0.131244,0.09139,0.000044,0.000837,0.084007,0.053674,0.565118,0.020482,0.030403,0.007275,0.015483
AACTTGCGTTCTCGCG-1,0.334173,0.093895,0.030247,0.000055,0.153533,0.000055,0.018956,0.266547,0.05813,0.002864,0.000055,0.041489
AACTTTACGGGAGCTT-1,0.06029,0.085714,0.049703,0.016972,0.008263,0.032873,0.040668,0.151337,0.022317,0.118348,0.057702,0.355813
AACTTTAGCTGCTGAG-1,0.405643,0.000089,0.496549,0.001822,0.059906,0.000089,0.000089,0.000089,0.035371,0.000089,0.000089,0.000177
AACTTTCTCGATCATG-1,0.11473,0.000039,0.282054,0.602826,0.000039,0.000039,0.000039,0.000039,0.000039,0.000039,0.000039,0.000078
AAGAAAGTTTGATGGG-1,0.261336,0.000028,0.349192,0.043838,0.055615,0.000028,0.000028,0.000028,0.289797,0.000028,0.000028,0.000055
AAGAAATCACCAGATT-1,0.001105,0.000011,0.000011,0.315424,0.000011,0.521026,0.000011,0.000011,0.005862,0.131134,0.022162,0.003231
AAGAAGGATCAGTTAG-1,0.000052,0.052548,0.261062,0.000052,0.153713,0.000052,0.28212,0.189754,0.008492,0.03726,0.000052,0.014842
AAGACATACGTGGTTT-1,0.004699,0.040418,0.109443,0.060323,0.018518,0.030236,0.000018,0.035677,0.226514,0.165209,0.23761,0.071333
AAGACCAAATAACTCA-1,0.061325,0.066205,0.344896,0.012066,0.07955,0.021738,0.042123,0.000121,0.134009,0.065964,0.154896,0.017108
AAGACCCAACTGAACA-1,0.001464,0.263762,0.000018,0.000018,0.00453,0.055377,0.084631,0.195838,0.003735,0.384365,0.000018,0.006244
AAGACTAACCCGTTGT-1,0.000008,0.000008,0.000008,0.000008,0.000008,0.025735,0.027627,0.009282,0.184093,0.611044,0.002143,0.140037
AAGACTCACGCCCACT-1,0.000042,0.000042,0.797855,0.007496,0.000042,0.079621,0.000042,0.000042,0.074079,0.000042,0.040616,0.000083
AAGACTGCAAGCTACT-1,0.660304,0.000221,0.000031,0.000031,0.006705,0.000031,0.00061,0.002294,0.000031,0.278038,0.000031,0.051675
AAGAGATGAATCGGTA-1,0.000042,0.295974,0.039042,0.015685,0.425852,0.000042,0.00197,0.141238,0.000042,0.078085,0.001943,0.000084
AAGAGCTCTTTATCGG-1,0.035662,0.128976,0.132232,0.012282,0.000038,0.038017,0.000363,0.334013,0.000038,0.11943,0.031386,0.167563
AAGAGGATGTACGCGA-1,0.000038,0.208428,0.216826,0.000038,0.079515,0.000038,0.022372,0.273851,0.018088,0.17705,0.000038,0.003721
AAGAGGCATGGATCGC-1,0.096401,0.174558,0.436232,0.000049,0.035233,0.000049,0.000049,0.153928,0.000049,0.000049,0.000049,0.103358
AAGAGGCCCTTTGGAA-1,0.704006,0.000019,0.000019,0.000019,0.102213,0.076047,0.000019,0.000019,0.000019,0.021213,0.000019,0.096388
AAGATGGCACCGGACC-1,0.097055,0.050612,0.279112,0.063443,0.285088,0.004267,0.089775,0.000066,0.000066,0.13032,0.000066,0.000131
AAGATTGGCGGAACGT-1,0.000308,0.145066,0.699468,0.023768,0.000071,0.041264,0.066957,0.000071,0.000071,0.000071,0.022745,0.000142
AAGCACCCTGCGTATC-1,0.065952,0.184532,0.455647,0.000064,0.000064,0.000348,0.116361,0.106269,0.007346,0.021374,0.000064,0.041981
AAGCATACTCTCCTGA-1,0.109488,0.093472,0.058163,0.052755,0.028614,0.029939,0.008823,0.262289,0.003662,0.190218,0.010269,0.152309
AAGCCACTTGCAGGTA-1,0.062234,0.103038,0.00003,0.001701,0.017424,0.195321,0.057357,0.00003,0.123794,0.438982,0.00003,0.000059
AAGCCGAAGCGGTTTA-1,0.092947,0.03423,0.308704,0.156865,0.000042,0.010719,0.134062,0.059378,0.000042,0.031583,0.048762,0.122667
AAGCCGCCGTGAAATC-1,0.393047,0.10444,0.017574,0.000026,0.000026,0.000026,0.009743,0.193677,0.072237,0.081784,0.036869,0.090549
AAGCCGCTTTACCTTG-1,0.00918,0.000012,0.007732,0.3634,0.000012,0.000347,0.325383,0.000012,0.045476,0.000012,0.000909,0.247527
AAGCCGGAGAGCAGGA-1,0.023346,0.000025,0.028014,0.4045,0.543916,0.000025,0.000025,0.000025,0.000025,0.000025,0.000025,0.00005
AAGCGCAGGGCTTTGA-1,0.004091,0.000782,0.205307,0.000032,0.000032,0.000032,0.029372,0.3923,0.059849,0.003241,0.043601,0.26136
AAGCGGAGTGCGCGCA-1,0.062137,0.007004,0.040549,0.569172,0.021592,0.000014,0.005553,0.081069,0.074001,0.012517,0.03851,0.087882
AAGCGGCGTCATGGGT-1,0.086002,0.000062,0.45052,0.064445,0.000062,0.017662,0.207117,0.000062,0.009458,0.000062,0.078371,0.086179
AAGCGTCCCTCATCGA-1,0.01124,0.207207,0.000033,0.000033,0.004773,0.100273,0.441861,0.055661,0.003163,0.175659,0.000033,0.000066
AAGCTAGATCGAGTAA-1,0.043948,0.309214,0.173363,0.017341,0.025116,0.240095,0.002155,0.004955,0.000054,0.1836,0.000054,0.000107
AAGCTATGGATTGACC-1,0.000026,0.016249,0.001954,0.02501,0.048227,0.115979,0.01247,0.000026,0.366495,0.067039,0.210128,0.136399
AAGCTCGTGCCAAGTC-1,0.076772,0.191202,0.555584,0.006027,0.00006,0.00006,0.003227,0.140847,0.000284,0.023992,0.00006,0.001883
AAGCTCTTTCATGGTG-1,0.000415,0.007746,0.326091,0.000048,0.000048,0.000048,0.004993,0.08198,0.013636,0.353292,0.09708,0.114623
AAGGAGAACTTATAAG-1,0.568079,0.054158,0.160227,0.00023,0.001009,0.013538,0.000028,0.000028,0.202588,0.000028,0.000028,0.000057
AAGGAGCGGTTGGTGC-1,0.291898,0.170097,0.029239,0.003239,0.05271,0.045276,0.407109,0.000072,0.000072,0.000072,0.000072,0.000144
AAGGATCGATCGCTTG-1,0.100941,0.001658,0.753022,0.117139,0.00006,0.00006,0.00006,0.026759,0.00006,0.00006,0.00006,0.00012
AAGGATGAGGGACCTC-1,0.701078,0.000039,0.029821,0.000039,0.065981,0.000039,0.026252,0.080033,0.000039,0.000039,0.000039,0.096603
AAGGCAGGCTGTCTCC-1,0.225791,0.000049,0.458502,0.224108,0.000049,0.002388,0.000049,0.000049,0.081014,0.000049,0.007857,0.000097
AAGGCGCGTAAAGCTT-1,0.429561,0.166738,0.366785,0.00009,0.00009,0.00009,0.036104,0.00009,0.00009,0.00009,0.00009,0.00018
AAGGCTGTGCTCATCG-1,0.754093,0.047407,0.117704,0.000078,0.073413,0.000078,0.006757,0.000078,0.000078,0.000078,0.000078,0.000157
AAGGGAACGACTGGCT-1,0.126199,0.217245,0.205032,0.000028,0.058962,0.000028,0.021918,0.076342,0.066434,0.129207,0.031318,0.067288
AAGGGACAGATTCTGT-1,0.066015,0.017998,0.755524,0.003145,0.028329,0.000078,0.000078,0.000078,0.000078,0.000078,0.128446,0.000155
AAGGGACTATGCATTC-1,0.173571,0.166325,0.0124,0.000027,0.000143,0.026443,0.005574,0.055213,0.00084,0.549016,0.006859,0.00359
AAGGGTTAGCCATGCG-1,0.325579,0.000058,0.153093,0.328372,0.031809,0.152477,0.000058,0.000058,0.008267,0.000058,0.000058,0.000115
AAGGGTTTGATTTCAG-1,0.127868,0.011892,0.000797,0.036945,0.029901,0.298001,0.256999,0.008288,0.018703,0.02698,0.005146,0.178479
AAGGTATCCTAATATA-1,0.007796,0.151882,0.683937,0.028529,0.000064,0.034679,0.089774,0.003021,0.000064,0.000064,0.000064,0.000128
AAGGTGATAAACCAGC-1,0.188251,0.00002,0.00002,0.00002,0.047664,0.020565,0.063144,0.153597,0.004317,0.030907,0.009264,0.48223
AAGTAAGCTTCCAAAC-1,0.295092,0.053916,0.126738,0.191966,0.108661,0.17087,0.000051,0.000051,0.052448,0.000051,0.000051,0.000103
AAGTAGAAGACCGGGT-1,0.594483,0.137023,0.122769,0.00009,0.144915,0.00009,0.00009,0.00009,0.00009,0.00009,0.00009,0.00018
AAGTAGTGACGCGAGG-1,0.002914,0.188151,0.076112,0.000034,0.039639,0.026709,0.10018,0.410965,0.011203,0.133991,0.002974,0.007128
AAGTCAATTGTCGTCA-1,0.609024,0.049079,0.021079,0.022473,0.000059,0.000059,0.10704,0.025603,0.000059,0.03685,0.128557,0.000117
AAGTCTAGTAGCTGCC-1,0.093856,0.017583,0.258105,0.629307,0.000024,0.000024,0.000024,0.000957,0.000024,0.000024,0.000024,0.000048
AAGTCTTCTGTGGCCT-1,0.000023,0.021483,0.220379,0.014768,0.000023,0.192614,0.000023,0.025004,0.035474,0.099494,0.102214,0.288503
AAGTGACGACCGAATT-1,0.009189,0.124345,0.038493,0.000028,0.014909,0.196046,0.000028,0.309028,0.003505,0.294829,0.009543,0.000056
AAGTGAGTCGGGTTTA-1,0.204409,0.122494,0.148747,0.000058,0.000058,0.000058,0.517569,0.006311,0.000058,0.000058,0.000058,0.00012
AAGTGCAAAGGTAGAC-1,0.306638,0.133089,0.158873,0.000036,0.000036,0.036573,0.049333,0.204874,0.001242,0.001205,0.011448,0.096652
AAGTGCCTTGACTGTA-1,0.078451,0.120233,0.25073,0.037009,0.10935,0.010471,0.073391,0.000053,0.093535,0.000053,0.215284,0.011439
AAGTGCGTTAGAATCT-1,0.031732,0.043657,0.003397,0.000015,0.008489,0.001985,0.198179,0.245615,0.004529,0.43296,0.000015,0.029427
AAGTGCTTCTCTATTG-1,0.309841,0.050547,0.442655,0.034128,0.117672,0.000092,0.044517,0.000092,0.000092,0.000092,0.000092,0.000183
AAGTGTTTGGAGACGG-1,0.071322,0.214099,0.585421,0.00006,0.00006,0.00006,0.00006,0.123051,0.00006,0.005623,0.00006,0.000121
AAGTTCACTCCAAGCT-1,0.189102,0.129885,0.344574,0.000083,0.012699,0.15796,0.000083,0.157766,0.000083,0.007513,0.000083,0.000167
AAGTTCAGTCTGCGTA-1,0.727081,0.00005,0.124147,0.057711,0.090613,0.00005,0.00005,0.00005,0.00005,0.00005,0.00005,0.0001
AAGTTCGGCCAACAGG-1,0.017171,0.102917,0.001871,0.004972,0.016287,0.008103,0.1896,0.135742,0.010154,0.506608,0.000016,0.006559
AAGTTGTGATGTTATA-1,0.076286,0.048111,0.296737,0.071159,0.000049,0.100396,0.000049,0.028931,0.16151,0.069929,0.146748,0.000097
AAGTTTACTAATGGCA-1,0.397585,0.135252,0.271518,0.000045,0.000045,0.014444,0.024201,0.002769,0.153963,0.000045,0.000045,0.000089
AAGTTTATGGGCCCAA-1,0.000021,0.02709,0.080443,0.000021,0.01055,0.000021,0.043855,0.142082,0.012636,0.51052,0.02814,0.14462
AATAACAACGCTCGGC-1,0.000013,0.004017,0.000013,0.000013,0.000013,0.01399,0.077739,0.246178,0.001433,0.592274,0.000468,0.06385
AATAACACTAGAACAA-1,0.817761,0.000031,0.000031,0.000031,0.118484,0.063443,0.000031,0.000031,0.000031,0.000031,0.000031,0.000062
AATAACGTCGCGCCCA-1,0.215867,0.000023,0.531668,0.176127,0.000023,0.031851,0.000023,0.000023,0.028808,0.000023,0.014698,0.000866
AATAAGTCCTCGAGAC-1,0.092259,0.045516,0.812523,0.000051,0.043567,0.005724,0.000051,0.000051,0.000051,0.000051,0.000051,0.000103
AATAATCTTCGTATCG-1,0.003062,0.002606,0.369661,0.168538,0.061163,0.134391,0.000028,0.009264,0.072009,0.130728,0.033901,0.01465
AATACAATGTTTCAGG-1,0.422081,0.130638,0.043174,0.000056,0.003138,0.088638,0.000056,0.299066,0.000056,0.001741,0.001676,0.009678
AATACCGGAGGGCTGT-1,0.385864,0.135101,0.297035,0.000064,0.14914,0.000064,0.032352,0.000064,0.000064,0.000064,0.000064,0.000127
AATACCTGATGTGAAC-1,0.034862,0.005189,0.566253,0.099149,0.011791,0.019073,0.000044,0.015682,0.012059,0.000044,0.120367,0.115489
AATAGAACAGAGTGGC-1,0.758726,0.06979,0.000063,0.000063,0.124802,0.04611,0.000068,0.000063,0.000063,0.000063,0.000063,0.000126
AATAGAATCTGTTTCA-1,0.273971,0.055649,0.035305,0.011278,0.116651,0.000028,0.021134,0.138366,0.000028,0.091063,0.011895,0.244632
AATAGCAAGCCTCCTG-1,0.00002,0.001629,0.19956,0.052986,0.00002,0.140511,0.211688,0.011729,0.036603,0.00002,0.002927,0.342306
AATAGCTACCGCGTGC-1,0.054377,0.00007,0.794247,0.150675,0.00007,0.00007,0.00007,0.00007,0.00007,0.00007,0.00007,0.00014
AATAGGCACGACCCTT-1,0.199549,0.142313,0.069705,0.119506,0.039252,0.357857,0.000054,0.000054,0.071496,0.000054,0.000054,0.000107
AATAGTCCGTCCCGAC-1,0.000027,0.053761,0.011811,0.000027,0.059907,0.232936,0.381134,0.072768,0.00043,0.121995,0.000027,0.065179
AATAGTCGCGAGTCGG-1,0.000016,0.03576,0.0739,0.000016,0.000016,0.000016,0.057611,0.197415,0.009234,0.093717,0.033022,0.499276
AATATCAAGGTCGGAT-1,0.742097,0.001842,0.00009,0.034494,0.149899,0.00009,0.00009,0.07095,0.00009,0.00009,0.00009,0.000179
AATATCCTAGCAAACT-1,0.007603,0.000007,0.000007,0.000007,0.104022,0.073776,0.001226,0.001583,0.000007,0.440315,0.084427,0.287019
AATATCGAATCAATGC-1,0.087144,0.037098,0.187269,0.219224,0.000031,0.000031,0.038505,0.088079,0.000908,0.012375,0.153402,0.175936
AATATCGAGGGTTCTC-1,0.117393,0.000081,0.811302,0.028393,0.000081,0.000081,0.042183,0.000081,0.000081,0.000081,0.000081,0.000162
AATATTGGAGTATTGA-1,0.000066,0.184896,0.608892,0.000066,0.000066,0.012832,0.011046,0.079879,0.000066,0.10199,0.000066,0.000133
AATCAGACTGCAGGAC-1,0.163091,0.022322,0.006202,0.000021,0.000021,0.054632,0.000021,0.018105,0.504781,0.190454,0.007087,0.033263
AATCAGGTTTCATTTA-1,0.519838,0.081895,0.000055,0.000055,0.067117,0.002612,0.112407,0.090621,0.015867,0.109368,0.000055,0.00011
AATCATGTAAAGACTC-1,0.000016,0.002057,0.078866,0.006724,0.000016,0.053041,0.469444,0.034394,0.017652,0.000016,0.043079,0.294693
AATCCAAGGGCCTGAG-1,0.567253,0.194433,0.089189,0.000103,0.148195,0.000103,0.000103,0.000103,0.000103,0.000103,0.000103,0.000207
AATCCATGCAAGGGTG-1,0.031736,0.000653,0.000011,0.000011,0.000011,0.000011,0.001073,0.018921,0.255128,0.421486,0.012141,0.258818
AATCCCGCTCAGAGCC-1,0.017033,0.131826,0.164482,0.003965,0.013598,0.090027,0.00155,0.064026,0.12797,0.370861,0.008884,0.005777
AATCGAGGTCTCAAGG-1,0.115166,0.001367,0.550455,0.003299,0.002527,0.176259,0.000046,0.000046,0.077513,0.000046,0.073009,0.000265
AATCGCCTCAGCGCCA-1,0.225911,0.0808,0.347723,0.000053,0.042228,0.059261,0.070911,0.144438,0.000053,0.000053,0.00223,0.026339
AATCGCGCAGAGGACT-1,0.024213,0.020766,0.709467,0.179733,0.000044,0.065472,0.000044,0.000044,0.000044,0.000044,0.000044,0.000087
AATCGGGACACTACGA-1,0.119611,0.148507,0.043865,0.000051,0.035273,0.000051,0.029265,0.216725,0.012406,0.323725,0.05461,0.015913
AATCGGTATAGCCCTC-1,0.442711,0.000036,0.106121,0.116013,0.136786,0.060654,0.00592,0.000036,0.067721,0.000036,0.039686,0.02428
AATCGTGAGCCGAGCA-1,0.094813,0.089381,0.053217,0.000023,0.000723,0.015037,0.240475,0.030354,0.013955,0.108979,0.27152,0.081523
AATCTAGGTTTACTTG-1,0.079087,0.146743,0.218162,0.052952,0.018791,0.125834,0.019258,0.156797,0.064117,0.072194,0.018839,0.027226
AATCTATGCCGGAGCC-1,0.152154,0.000072,0.555201,0.094473,0.197527,0.000072,0.000072,0.000072,0.000072,0.000072,0.000072,0.000143
AATCTCTACTGTGGTT-1,0.172261,0.004295,0.002031,0.000014,0.00318,0.066749,0.017115,0.274025,0.03936,0.106288,0.046125,0.268559
AATCTGCGTTGGGACG-1,0.000033,0.040364,0.275864,0.000033,0.000033,0.000033,0.000065,0.077828,0.000033,0.000033,0.261678,0.344003
AATCTGGCTTTCTAGT-1,0.514582,0.000029,0.000029,0.000029,0.21506,0.017863,0.159037,0.000029,0.000029,0.000029,0.000029,0.093252
AATCTGGGTAGACCCT-1,0.017712,0.003599,0.591013,0.069591,0.00772,0.222448,0.000048,0.000048,0.025567,0.000048,0.062108,0.000097
AATGACAGCAATGTCT-1,0.000022,0.182661,0.000022,0.000022,0.009583,0.104203,0.127373,0.02931,0.000022,0.546714,0.000022,0.000045
AATGACGTAGGATGTC-1,0.548641,0.150466,0.213665,0.000054,0.016947,0.000054,0.000054,0.069845,0.000054,0.000054,0.000054,0.000109
AATGACTGTCAGCCGG-1,0.444641,0.225578,0.270648,0.000095,0.058274,0.000095,0.000095,0.000095,0.000095,0.000095,0.000095,0.000191
AATGAGTTCGCATATG-1,0.000032,0.011875,0.063671,0.094872,0.026891,0.000032,0.081077,0.48082,0.008096,0.048124,0.001449,0.183062
AATGATGATACGCTAT-1,0.004429,0.000066,0.193142,0.000066,0.697272,0.000066,0.019631,0.000066,0.000066,0.000066,0.023124,0.062007
AATGATGCGACTCCTG-1,0.489849,0.027324,0.093854,0.012488,0.093414,0.189446,0.000071,0.02011,0.000071,0.000071,0.000071,0.07323
AATGCAACCGGGTACC-1,0.000034,0.163755,0.115801,0.000034,0.10108,0.136893,0.288744,0.181338,0.000034,0.011365,0.000034,0.000886
AATGCACCAAGCAATG-1,0.267165,0.007576,0.49852,0.12488,0.058009,0.000064,0.000064,0.02818,0.000064,0.000064,0.000064,0.015349
AATGGCCGCCAATGCG-1,0.224033,0.00403,0.549997,0.221709,0.000026,0.000026,0.000026,0.000026,0.000026,0.000026,0.000026,0.000052
AATGGTCCACCGTTCA-1,0.015876,0.030791,0.239197,0.000046,0.180086,0.01796,0.003445,0.345398,0.104511,0.014517,0.000046,0.048129
AATGGTTCTCACAAGC-1,0.220287,0.376987,0.31546,0.000103,0.086334,0.000103,0.000103,0.000103,0.000103,0.000103,0.000103,0.000207
AATGTATGGCACTGTA-1,0.299309,0.043816,0.104862,0.000037,0.035205,0.278092,0.000037,0.0443,0.105235,0.072675,0.003445,0.012986
AATGTGCCCGAGGTGT-1,0.019004,0.163096,0.045254,0.000026,0.007253,0.000026,0.022007,0.175522,0.01352,0.349874,0.013579,0.190838
AATGTGCTAATCTGAG-1,0.140823,0.221942,0.015233,0.000032,0.014176,0.004987,0.020704,0.241856,0.038511,0.294453,0.002749,0.004535
AATGTTAAGACCCTGA-1,0.000059,0.000059,0.30969,0.100303,0.126673,0.462461,0.000059,0.000059,0.000398,0.000059,0.000059,0.000119
AATGTTGTCGTGAGAC-1,0.106162,0.047461,0.000029,0.156363,0.047663,0.172322,0.000029,0.006275,0.074056,0.205318,0.124343,0.05998
AATTAAAGGTCGGCGT-1,0.205658,0.420725,0.013582,0.000048,0.014334,0.097625,0.247736,0.000048,0.000048,0.000048,0.000048,0.000097
AATTAACGGATTTCCA-1,0.00004,0.152049,0.294704,0.00004,0.025944,0.013919,0.00004,0.24249,0.00004,0.16893,0.032007,0.069797
AATTACGAGACCCATC-1,0.000047,0.156609,0.373452,0.000047,0.000047,0.079352,0.012705,0.020152,0.111219,0.024236,0.096486,0.125649
AATTACTCGTACGCTC-1,0.404772,0.000425,0.043744,0.002052,0.000039,0.000747,0.000039,0.00359,0.269295,0.012892,0.178921,0.083485
AATTAGCGCTGCAGCG-1,0.000024,0.10053,0.067652,0.000024,0.029205,0.046042,0.02623,0.275599,0.004462,0.40716,0.010727,0.032346
AATTATACCCAGCAAG-1,0.495239,0.000141,0.157437,0.101543,0.037126,0.025387,0.00003,0.00003,0.047883,0.00003,0.081908,0.053246
AATTCATAAGGGATCT-1,0.195875,0.037732,0.290696,0.024638,0.017372,0.000056,0.310609,0.001574,0.000056,0.000056,0.040668,0.080668
AATTCATTGTCATGCA-1,0.000017,0.016362,0.000737,0.000017,0.000017,0.213438,0.463094,0.000017,0.161268,0.046981,0.006928,0.091122
AATTCCAACTTGGTGA-1,0.09321,0.002589,0.040651,0.000015,0.000015,0.000015,0.006454,0.039166,0.560765,0.005511,0.007084,0.244527
AATTCCAAGCATGTAC-1,0.000063,0.205954,0.48729,0.000063,0.000063,0.000063,0.010587,0.205955,0.008646,0.055188,0.021833,0.004294
AATTCGATTCGAGGAT-1,0.000015,0.000805,0.000015,0.000015,0.000015,0.000015,0.012748,0.215443,0.000015,0.23494,0.020426,0.515551
AATTCTAGAGTTAGGC-1,0.077539,0.051046,0.073317,0.038165,0.066372,0.000037,0.002207,0.447173,0.033117,0.188813,0.000037,0.022177
AATTGAACGCTCTGGT-1,0.429272,0.081368,0.036046,0.00067,0.010378,0.001019,0.021528,0.092175,0.008682,0.220293,0.033094,0.065475
AATTGCAGCAATCGAC-1,0.056422,0.033208,0.452555,0.054283,0.000063,0.228515,0.000063,0.000063,0.000063,0.086574,0.088066,0.000126
AATTGCGTGGATTACA-1,0.000008,0.000009,0.000008,0.000008,0.014946,0.136016,0.000008,0.001945,0.041597,0.387422,0.036687,0.381346
AATTGTGGTTGCCAAA-1,0.06411,0.005571,0.2142,0.173719,0.000024,0.237967,0.000024,0.000024,0.161931,0.071853,0.060236,0.010339
AATTTGGGACATAGTA-1,0.28636,0.14027,0.47127,0.004056,0.000097,0.097264,0.000097,0.000097,0.000097,0.000097,0.000097,0.000195
AATTTGGTTCCAAAGA-1,0.351902,0.173273,0.107408,0.000063,0.012142,0.000063,0.048797,0.239258,0.000063,0.056841,0.000063,0.010127
ACAAACCATGCGTCCT-1,0.000006,0.000006,0.000006,0.000006,0.000006,0.018584,0.000006,0.001343,0.009461,0.492591,0.056583,0.421399
ACAAACCGACAAGGCG-1,0.112649,0.00703,0.555766,0.039656,0.00003,0.111585,0.00003,0.00003,0.172592,0.00003,0.000538,0.000061
ACAAACTCCATCAGAG-1,0.000037,0.000037,0.108113,0.145194,0.632502,0.000908,0.021205,0.000037,0.044451,0.000037,0.007458,0.04002
ACAAAGAAGGTAGGCC-1,0.031509,0.0302,0.01846,0.000012,0.001693,0.012906,0.002903,0.032389,0.010058,0.034126,0.50454,0.321203
ACAAAGCATGACCTAG-1,0.000015,0.009407,0.133213,0.030505,0.000015,0.000015,0.148959,0.164626,0.007389,0.044775,0.224147,0.236934
ACAAATCGCACCGAAT-1,0.244209,0.015806,0.000017,0.000017,0.017754,0.000017,0.016439,0.140966,0.000017,0.320076,0.174342,0.070338
ACAAATGGTAGTGTTT-1,0.064514,0.196082,0.410055,0.000062,0.04358,0.000062,0.073165,0.050963,0.000062,0.000062,0.000062,0.161332
ACAAATTCAGATCTGA-1,0.053676,0.002221,0.00002,0.210185,0.00002,0.00002,0.016642,0.094847,0.004929,0.061306,0.188159,0.367975
ACAACAGCATGAGCTA-1,0.061416,0.028347,0.28162,0.000047,0.004878,0.160652,0.39204,0.000318,0.000047,0.024063,0.028904,0.01767
ACAACGGTCCCTGCGA-1,0.001221,0.366826,0.041808,0.000037,0.016014,0.019543,0.00518,0.17701,0.082816,0.289334,0.000137,0.000074
ACAAGCAGTGCCTAGC-1,0.000028,0.100104,0.031968,0.000028,0.126255,0.004374,0.014177,0.319493,0.098283,0.288926,0.000028,0.016337
ACAAGCTATATGGAAG-1,0.00002,0.054293,0.150159,0.001986,0.00002,0.063081,0.053738,0.01168,0.009735,0.166713,0.406191,0.082385
ACAAGGAAATCCGCCC-1,0.08058,0.037749,0.076759,0.010751,0.000023,0.04021,0.052632,0.265392,0.007312,0.217557,0.008296,0.202738
ACAAGGACAAGAGGTT-1,0.41426,0.350017,0.235009,0.000071,0.000071,0.000071,0.000071,0.000071,0.000071,0.000071,0.000071,0.000143
ACAAGGATGCTTTAGG-1,0.106378,0.001083,0.151915,0.015631,0.000021,0.000021,0.308926,0.047756,0.000894,0.000021,0.000021,0.367333
ACAAGGCCTACCAGCC-1,0.11346,0.000011,0.004372,0.032782,0.001208,0.079261,0.002878,0.001314,0.003049,0.006004,0.002129,0.753531
ACAAGGGCAGGCTCTG-1,0.000033,0.056586,0.176115,0.000033,0.000033,0.000033,0.000033,0.325541,0.013506,0.187132,0.004481,0.236471
ACAAGTAATTGTAAGG-1,0.033662,0.041455,0.57521,0.000041,0.065999,0.172958,0.000041,0.000041,0.110426,0.000041,0.000041,0.000083
ACAATAGTCGTACGTT-1,0.054642,0.16839,0.443001,0.000051,0.116734,0.000051,0.000051,0.143178,0.059719,0.000051,0.002957,0.011177
ACAATCCATTTAAACC-1,0.000029,0.273733,0.03495,0.018319,0.000029,0.008987,0.408822,0.086862,0.026831,0.017456,0.000029,0.123952
