Barcode,Topic 1,Topic 2to5,Topic 6to7,Topic 8to10
AAACAACGAATAGTTC-1,0.112375,0.385466,0.106374,0.395785
AAACAAGTATCTCCCA-1,0.332397,0.16959,0.022351,0.475662
AAACAATCTACTAGCA-1,0.000038,0.115466,0.87268,0.011816
AAACACCAATAACTGC-1,0.000015,0.15466,0.182912,0.662412
AAACAGAGCGACTCCT-1,0.168568,0.053246,0.603756,0.17443
AAACAGCTTTCAGAAG-1,0.000966,0.072071,0.875249,0.051715
AAACAGGGTCTATATT-1,0.000021,0.245752,0.50581,0.248418
AAACAGTGTTCCTGGG-1,0.000016,0.573269,0.000033,0.426682
AAACATGGTGAGAGGA-1,0.000239,0.196542,0.434463,0.368755
AAACATTTCCCGGATT-1,0.267576,0.347945,0.00003,0.384449
AAACCACTACACAGAT-1,0.068769,0.44958,0.426143,0.055508
AAACCCGAACGAAATC-1,0.036582,0.749916,0.051809,0.161694
AAACCGGAAATGTTAA-1,0.079123,0.538327,0.073047,0.309504
AAACCGGGTAGGTACC-1,0.099469,0.049587,0.730125,0.12082
AAACCGTTCGTCCAGG-1,0.007724,0.109839,0.002167,0.88027
AAACCTAAGCAGCCGG-1,0.456055,0.000179,0.543632,0.000134
AAACCTCATGAAGTTG-1,0.000038,0.10154,0.820887,0.077536
AAACGAAGAACATACC-1,0.000037,0.085968,0.72747,0.186525
AAACGAAGATGGAGTA-1,0.000057,0.001599,0.998174,0.00017
AAACGACAGTCTTGCC-1,0.056764,0.568679,0.355755,0.018802
AAACGAGACGGTTGAT-1,0.045575,0.071014,0.547746,0.335665
AAACGCCCGAGATCGG-1,0.013075,0.398128,0.588663,0.000135
AAACGCTGGGCACGAC-1,0.034139,0.878241,0.000073,0.087546
AAACGGGCGTACGGGT-1,0.795904,0.000251,0.203657,0.000188
AAACGGGTTGGTATCC-1,0.089879,0.122938,0.197322,0.58986
AAACGGTTGCGAACTG-1,0.116356,0.159489,0.231054,0.493101
AAACGTGTTCGCCCTA-1,0.068321,0.537108,0.315743,0.078827
AAACTAACGTGGCGAC-1,0.000796,0.550176,0.108905,0.340123
AAACTCGGTTCGCAAT-1,0.294694,0.054892,0.113332,0.537082
AAACTCGTGATATAAG-1,0.107135,0.40046,0.399239,0.093166
AAACTGCTGGCTCCAA-1,0.083652,0.141791,0.235186,0.539371
AAACTTAATTGCACGC-1,0.000023,0.197564,0.635803,0.16661
AAACTTGCAAACGTAT-1,0.000011,0.259807,0.028032,0.712149
AAAGAATGACCTTAGA-1,0.01277,0.018999,0.968078,0.000153
AAAGAATGTGGACTAA-1,0.066147,0.854396,0.000033,0.079425
AAAGACATGAAGTTTA-1,0.266198,0.470465,0.140229,0.123107
AAAGACCCAAGTCGCG-1,0.000021,0.149393,0.259792,0.590793
AAAGACTGGGCGCTTT-1,0.000038,0.028461,0.971387,0.000114
AAAGCTTGCCTACATA-1,0.46052,0.224506,0.187065,0.127909
AAAGGCCCTATAATAC-1,0.003579,0.29603,0.699634,0.000757
AAAGGCTACGGACCAT-1,0.177238,0.120443,0.319731,0.382588
AAAGGCTCTCGCGCCG-1,0.000014,0.204256,0.007893,0.787837
AAAGGGATGTAGCAAG-1,0.080849,0.105764,0.757243,0.056144
AAAGGGCAGCTTGAAT-1,0.000057,0.014942,0.984831,0.000171
AAAGGTAAGCTGTACC-1,0.058909,0.199628,0.561838,0.179624
AAAGGTCAACGACATG-1,0.082566,0.612032,0.203345,0.102057
AAAGTAGCATTGCTCA-1,0.002544,0.169156,0.309891,0.518409
AAAGTCACTGATGTAA-1,0.000049,0.035596,0.788745,0.17561
AAAGTCGACCCTCAGT-1,0.000029,0.141604,0.817761,0.040606
AAAGTGCCATCAATTA-1,0.027937,0.562896,0.26718,0.141986
AAAGTGTGATTTATCT-1,0.025633,0.160204,0.086968,0.727195
AAAGTTGACTCCCGTA-1,0.064125,0.129484,0.633292,0.173099
AAATAACCATACGGGA-1,0.21068,0.071172,0.444551,0.273597
AAATAAGGTAGTGCCC-1,0.04312,0.615744,0.175698,0.165438
AAATACCTATAAGCAT-1,0.017333,0.170728,0.249661,0.562278
AAATAGCTTAGACTTT-1,0.008292,0.387462,0.132796,0.47145
AAATAGGGTGCTATTG-1,0.425009,0.000199,0.566612,0.00818
AAATCACTCCTAAACG-1,0.049894,0.703445,0.209815,0.036847
AAATCCGATACACGCC-1,0.690664,0.170732,0.090117,0.048486
AAATCGCGGAAGGAGT-1,0.000065,0.000857,0.998884,0.000194
AAATCGTGTACCACAA-1,0.023803,0.067469,0.409806,0.498922
AAATCTAGCCCTGCTA-1,0.257228,0.250279,0.098897,0.393597
AAATCTGCCCGCGTCC-1,0.00034,0.853901,0.133209,0.01255
AAATGACTGATCAAAC-1,0.560665,0.439155,0.000072,0.000108
AAATGATTCGATCAGC-1,0.187891,0.301446,0.256555,0.254108
AAATGCTCGTTACGTT-1,0.00003,0.077891,0.798424,0.123654
AAATGGCATGTCTTGT-1,0.026663,0.110266,0.04666,0.816411
AAATGGCCCGTGCCCT-1,0.000039,0.167245,0.628415,0.204302
AAATGGTCAATGTGCC-1,0.009317,0.115506,0.346483,0.528694
AAATGTATCTTATCCC-1,0.00009,0.188222,0.181619,0.630069
AAATGTGGGTGCTCCT-1,0.000032,0.315443,0.525758,0.158767
AAATTAACGGGTAGCT-1,0.000012,0.197319,0.002928,0.799741
AAATTAATAAGCGCGA-1,0.004582,0.149165,0.326121,0.520132
AAATTACACGACTCTG-1,0.000013,0.143404,0.008397,0.848187
AAATTACCTATCGATG-1,0.001061,0.22421,0.336283,0.438446
AAATTCCAGGTCCAAA-1,0.102188,0.543363,0.353311,0.001137
AAATTGATAGTCCTTT-1,0.000026,0.088433,0.425653,0.485888
AAATTGCGGCGGTTCT-1,0.102889,0.088331,0.222377,0.586403
AAATTGGTGAGAAGCA-1,0.015048,0.600188,0.093198,0.291566
AAATTTACCGAAATCC-1,0.091736,0.359238,0.245688,0.303338
AAATTTGCGGGTGTGG-1,0.000017,0.033232,0.356916,0.609835
AACAACTGGTAGTTGC-1,0.000014,0.106496,0.119267,0.774223
AACAATACATTGTCGA-1,0.069164,0.022392,0.317817,0.590628
AACAATTACTCTACGC-1,0.000025,0.326714,0.261532,0.411729
AACACACGCTCGCCGC-1,0.203894,0.116962,0.352634,0.32651
AACACGACTGTACTGA-1,0.039827,0.151332,0.305276,0.503565
AACACGAGACGCGGCC-1,0.011318,0.213588,0.505856,0.269238
AACACGCGGCCGCGAA-1,0.000011,0.362801,0.055898,0.58129
AACAGCTGTGTGGCAA-1,0.052371,0.140815,0.355875,0.450939
AACAGGAAATCGAATA-1,0.191181,0.097375,0.329371,0.382073
AACAGGATGGGCCGCG-1,0.000027,0.129624,0.419871,0.450478
AACAGGTAGTATGGAT-1,0.055229,0.663734,0.041235,0.239803
AACATAGCGTGTATCG-1,0.73032,0.241122,0.006755,0.021803
AACATATCAACTGGTG-1,0.000034,0.237927,0.362452,0.399587
AACATCGATACGTCTA-1,0.009517,0.355944,0.58792,0.04662
AACATTGAAGTTGATC-1,0.005939,0.34663,0.284231,0.3632
AACATTGTGACTCGAG-1,0.308305,0.057464,0.130396,0.503835
AACCAAGACTTCTCTG-1,0.000034,0.033982,0.712098,0.253885
AACCAGTATCACTCTT-1,0.000032,0.441546,0.219213,0.339209
AACCATAGGGTTGAAC-1,0.029018,0.323559,0.282777,0.364645
AACCATGGGATCGCTA-1,0.000045,0.063095,0.714832,0.222028
AACCCAGAGACGGAGA-1,0.029198,0.033404,0.597645,0.339753
AACCCATCCCATGATC-1,0.011132,0.14477,0.484347,0.35975
AACCCGACAACCCGTG-1,0.000011,0.30516,0.13183,0.562999
AACCCGAGCAGAATCG-1,0.002032,0.933128,0.030183,0.034657
AACCCGATAGGGCTTC-1,0.027117,0.670284,0.074077,0.228523
AACCCGCTGTATTCCA-1,0.022563,0.763955,0.000049,0.213433
AACCCTACTGTCAATA-1,0.031094,0.161989,0.347152,0.459764
AACCCTGGTGGAACCA-1,0.033862,0.854295,0.111465,0.000378
AACCGAGCTTGGTCAT-1,0.000022,0.163068,0.079955,0.756954
AACCGCTAAGGGATGC-1,0.005625,0.222619,0.173285,0.598471
AACCGTTGTGTTTGCT-1,0.033169,0.17534,0.415542,0.37595
AACCTAAAGCCGTCCG-1,0.071106,0.523684,0.315764,0.089446
AACCTCGCTTTAGCCC-1,0.812016,0.000162,0.187238,0.000584
AACCTGTCACGGAATT-1,0.031933,0.604077,0.177395,0.186594
AACCTTTAAATACGGT-1,0.463849,0.00013,0.344044,0.191978
AACCTTTACGACGTCT-1,0.011439,0.171284,0.595537,0.22174
AACGAAAGTCGTCCCA-1,0.000015,0.355893,0.126024,0.518068
AACGACCTCCTAGCCG-1,0.114786,0.878232,0.00691,0.000073
AACGATAATGCCGTAG-1,0.226308,0.020893,0.672534,0.080265
AACGATAGAAGGGCCG-1,0.000013,0.134417,0.108872,0.756698
AACGATATGTCAACTG-1,0.000027,0.181014,0.302657,0.516302
AACGCATGATCTGGGT-1,0.005047,0.407415,0.310271,0.277267
AACGCGAACGGCAACA-1,0.029033,0.177199,0.126506,0.667262
AACGCGACCTTGGGCG-1,0.061358,0.037345,0.807269,0.094029
AACGCGGTCTCCAGCC-1,0.000023,0.214815,0.119238,0.665925
AACGCTGTTGCTGAAA-1,0.264565,0.352265,0.001967,0.381203
AACGGACGTACGTATA-1,0.140542,0.264073,0.180049,0.415337
AACGGCCATCTCCGGT-1,0.082006,0.02067,0.738242,0.159083
AACGTACTGTGGGTAC-1,0.045847,0.108011,0.123052,0.72309
AACGTCAGACTAGTGG-1,0.005861,0.144298,0.386449,0.463392
AACGTCATCCGGCTTG-1,0.264668,0.36971,0.078543,0.287079
AACGTCGCTGCACTTC-1,0.055558,0.944312,0.000052,0.000078
AACGTGATGAAGGACA-1,0.082841,0.012805,0.904168,0.000186
AACGTGCGAAAGTCTC-1,0.00002,0.176924,0.256376,0.566681
AACGTTATCAGCACCT-1,0.087575,0.146197,0.301987,0.46424
AACGTTCTACCATTGT-1,0.000038,0.668229,0.000077,0.331656
AACTACCCGTTTGTCA-1,0.088023,0.633732,0.243852,0.034393
AACTAGCGTATCGCAC-1,0.000027,0.195752,0.270373,0.533848
AACTAGGCTTGGGTGT-1,0.052038,0.21707,0.14986,0.581032
AACTCAAGTTAATTGC-1,0.055665,0.041732,0.757728,0.144875
AACTCCAGAGCGTGTT-1,0.372754,0.05736,0.292977,0.276909
AACTCCTAATCCCATG-1,0.006857,0.132618,0.652789,0.207736
AACTCGATAAACACGT-1,0.065749,0.188101,0.182751,0.563398
AACTCGATGGCGCAGT-1,0.000032,0.143707,0.735341,0.12092
AACTCTCAATAGAGCG-1,0.042776,0.178901,0.171817,0.606506
AACTCTCAGTGTGCTC-1,0.099433,0.057246,0.370398,0.472922
AACTGAGGTCAGCGTC-1,0.066807,0.415822,0.335021,0.18235
AACTGAGTTATACTGA-1,0.084626,0.568563,0.224131,0.122679
AACTGATATTAGGCCT-1,0.000043,0.142143,0.565694,0.29212
AACTGGGTCCCGACGT-1,0.068051,0.007371,0.06366,0.860919
AACTGGGTTCGAGCCG-1,0.060612,0.54735,0.07924,0.312798
AACTGGTGTGGGCCTT-1,0.000021,0.224834,0.173722,0.601424
AACTTCTGCGTCTATC-1,0.000058,0.247454,0.752128,0.000361
AACTTGCCCGTATGCA-1,0.03413,0.037414,0.714146,0.214311
AACTTGCGTTCTCGCG-1,0.000047,0.105602,0.64069,0.253662
AACTTTACGGGAGCTT-1,0.144031,0.00357,0.42372,0.428679
AACTTTAGCTGCTGAG-1,0.000043,0.29407,0.277521,0.428365
AACTTTCTCGATCATG-1,0.268977,0.548163,0.10973,0.07313
AAGAAAGTTTGATGGG-1,0.003871,0.895532,0.040815,0.059782
AAGAAATCACCAGATT-1,0.397789,0.274021,0.309021,0.019169
AAGAAGGATCAGTTAG-1,0.000018,0.256379,0.377606,0.365997
AAGACATACGTGGTTT-1,0.034825,0.855142,0.015436,0.094598
AAGACCAAATAACTCA-1,0.000025,0.184073,0.730251,0.085651
AAGACCCAACTGAACA-1,0.073052,0.155488,0.204768,0.566692
AAGACTAACCCGTTGT-1,0.089122,0.143479,0.186479,0.58092
AAGACTCACGCCCACT-1,0.115907,0.609398,0.186185,0.088509
AAGACTGCAAGCTACT-1,0.000027,0.071463,0.374422,0.554087
AAGAGATGAATCGGTA-1,0.000063,0.038588,0.929056,0.032292
AAGAGCTCTTTATCGG-1,0.000027,0.169549,0.107416,0.723007
AAGAGGATGTACGCGA-1,0.000014,0.040196,0.086649,0.873141
AAGAGGCATGGATCGC-1,0.035563,0.087087,0.49889,0.37846
AAGAGGCCCTTTGGAA-1,0.116718,0.566872,0.253869,0.062541
AAGATGGCACCGGACC-1,0.080676,0.070219,0.356869,0.492237
AAGATTGGCGGAACGT-1,0.001369,0.179978,0.090234,0.728419
AAGCACCCTGCGTATC-1,0.624773,0.00027,0.368464,0.006493
AAGCATACTCTCCTGA-1,0.307175,0.034558,0.320445,0.337822
AAGCCACTTGCAGGTA-1,0.011751,0.627956,0.148254,0.212039
AAGCCGAAGCGGTTTA-1,0.000018,0.445985,0.115715,0.438282
AAGCCGCCGTGAAATC-1,0.097574,0.092456,0.730878,0.079091
AAGCCGCTTTACCTTG-1,0.382442,0.339213,0.278186,0.000159
AAGCCGGAGAGCAGGA-1,0.061772,0.644544,0.193071,0.100613
AAGCGCAGGGCTTTGA-1,0.287161,0.135518,0.00013,0.577191
AAGCGGAGTGCGCGCA-1,0.009453,0.526303,0.459375,0.004869
AAGCGGCGTCATGGGT-1,0.056408,0.147424,0.576407,0.219761
AAGCGTCCCTCATCGA-1,0.048546,0.065909,0.758001,0.127544
AAGCTAGATCGAGTAA-1,0.129178,0.065972,0.534415,0.270435
AAGCTATGGATTGACC-1,0.034785,0.592876,0.227878,0.144461
AAGCTCGTGCCAAGTC-1,0.00003,0.045385,0.263302,0.691283
AAGCTCTTTCATGGTG-1,0.42822,0.025045,0.328059,0.218677
AAGGAGAACTTATAAG-1,0.000017,0.176131,0.097069,0.726783
AAGGAGCGGTTGGTGC-1,0.000026,0.149002,0.138533,0.712439
AAGGATCGATCGCTTG-1,0.00002,0.474682,0.059829,0.465469
AAGGATGAGGGACCTC-1,0.002523,0.18591,0.133487,0.678081
AAGGCAGGCTGTCTCC-1,0.024787,0.860312,0.005489,0.109412
AAGGCGCGTAAAGCTT-1,0.256932,0.051269,0.40855,0.283249
AAGGCTGTGCTCATCG-1,0.000028,0.148851,0.290003,0.561117
AAGGGAACGACTGGCT-1,0.000018,0.351135,0.199586,0.449261
AAGGGACAGATTCTGT-1,0.016734,0.147277,0.213856,0.622133
AAGGGACTATGCATTC-1,0.000013,0.11339,0.142387,0.74421
AAGGGTTAGCCATGCG-1,0.17875,0.756969,0.061253,0.003028
AAGGGTTTGATTTCAG-1,0.084147,0.000287,0.915364,0.000202
AAGGTATCCTAATATA-1,0.153466,0.042304,0.268229,0.536
AAGGTGATAAACCAGC-1,0.042564,0.200662,0.297959,0.458815
AAGTAGAAGACCGGGT-1,0.002994,0.081144,0.698904,0.216959
AAGTAGTGACGCGAGG-1,0.093333,0.071777,0.098739,0.736151
AAGTCAATTGTCGTCA-1,0.156758,0.096579,0.524051,0.222612
AAGTCTAGTAGCTGCC-1,0.080254,0.5921,0.302801,0.024845
AAGTCTTCTGTGGCCT-1,0.077283,0.061582,0.647064,0.214072
AAGTGACGACCGAATT-1,0.000037,0.057803,0.591522,0.350639
AAGTGAGTCGGGTTTA-1,0.000036,0.042788,0.5918,0.365375
AAGTGCAAAGGTAGAC-1,0.004691,0.030504,0.497767,0.467037
AAGTGCCTTGACTGTA-1,0.028227,0.328023,0.13154,0.512211
AAGTGCGTTAGAATCT-1,0.011103,0.104673,0.750764,0.13346
AAGTGCTTCTCTATTG-1,0.036149,0.268419,0.401543,0.293889
AAGTGTTTGGAGACGG-1,0.689194,0.000123,0.17699,0.133693
AAGTTCACTCCAAGCT-1,0.415721,0.049212,0.131356,0.40371
AAGTTCAGTCTGCGTA-1,0.007655,0.278489,0.345373,0.368482
AAGTTCGGCCAACAGG-1,0.014295,0.066958,0.184112,0.734636
AAGTTGTGATGTTATA-1,0.216126,0.606792,0.175298,0.001784
AAGTTTACTAATGGCA-1,0.000019,0.32584,0.082972,0.591169
AAGTTTATGGGCCCAA-1,0.568104,0.00047,0.424166,0.00726
AATAACAACGCTCGGC-1,0.000016,0.04831,0.221614,0.730061
AATAACACTAGAACAA-1,0.001275,0.045857,0.810081,0.142788
AATAACGTCGCGCCCA-1,0.103962,0.848736,0.002003,0.045299
AATAAGTCCTCGAGAC-1,0.013595,0.167288,0.722113,0.097005
AATAATCTTCGTATCG-1,0.083963,0.617907,0.20156,0.096569
AATACAATGTTTCAGG-1,0.000028,0.282593,0.589879,0.1275
AATACCGGAGGGCTGT-1,0.082495,0.10224,0.457625,0.357641
AATACCTGATGTGAAC-1,0.195457,0.804453,0.000036,0.000054
AATAGAACAGAGTGGC-1,0.000037,0.020797,0.775944,0.203222
AATAGAATCTGTTTCA-1,0.246312,0.100191,0.374261,0.279235
AATAGCAAGCCTCCTG-1,0.344907,0.37519,0.266972,0.012931
AATAGCTACCGCGTGC-1,0.013907,0.51759,0.019295,0.449209
AATAGGCACGACCCTT-1,0.079912,0.420226,0.129197,0.370664
AATAGTCCGTCCCGAC-1,0.04633,0.150165,0.393712,0.409792
AATAGTCGCGAGTCGG-1,0.000088,0.083657,0.201014,0.715241
AATATCAAGGTCGGAT-1,0.00004,0.125893,0.799127,0.074941
AATATCCTAGCAAACT-1,0.040645,0.000328,0.958781,0.000246
AATATCGAATCAATGC-1,0.000669,0.542958,0.319189,0.137184
AATATCGAGGGTTCTC-1,0.074859,0.18073,0.098496,0.645915
AATATTGGAGTATTGA-1,0.000052,0.125062,0.83122,0.043666
AATCAGACTGCAGGAC-1,0.001499,0.215653,0.174492,0.608356
AATCAGGTTTCATTTA-1,0.017842,0.301254,0.196386,0.484518
AATCATGTAAAGACTC-1,0.428767,0.071462,0.409101,0.090671
AATCCAAGGGCCTGAG-1,0.14354,0.016544,0.5911,0.248815
AATCCATGCAAGGGTG-1,0.004723,0.080286,0.27141,0.643582
AATCCCGCTCAGAGCC-1,0.144556,0.511869,0.091386,0.252189
AATCGAGGTCTCAAGG-1,0.878515,0.121281,0.000082,0.000122
AATCGCCTCAGCGCCA-1,0.049504,0.069475,0.358235,0.522787
AATCGCGCAGAGGACT-1,0.033368,0.760646,0.026445,0.179541
AATCGGGACACTACGA-1,0.032511,0.03339,0.190971,0.743128
AATCGGTATAGCCCTC-1,0.190921,0.792421,0.01076,0.005898
AATCGTGAGCCGAGCA-1,0.589219,0.030181,0.125205,0.255395
AATCTAGGTTTACTTG-1,0.000034,0.224347,0.591305,0.184314
AATCTATGCCGGAGCC-1,0.012554,0.317574,0.067661,0.602211
AATCTCTACTGTGGTT-1,0.071047,0.062679,0.866161,0.000112
AATCTGCGTTGGGACG-1,0.000021,0.268041,0.091669,0.64027
AATCTGGCTTTCTAGT-1,0.000059,0.059338,0.904076,0.036527
AATCTGGGTAGACCCT-1,0.022898,0.510745,0.297105,0.169252
AATGACAGCAATGTCT-1,0.033323,0.086984,0.210674,0.669018
AATGACGTAGGATGTC-1,0.038284,0.118525,0.26661,0.576581
AATGACTGTCAGCCGG-1,0.000037,0.041346,0.578568,0.380049
AATGAGTTCGCATATG-1,0.000037,0.260701,0.542801,0.19646
AATGATGATACGCTAT-1,0.008838,0.173311,0.339366,0.478484
AATGATGCGACTCCTG-1,0.050467,0.362476,0.014368,0.572689
AATGCAACCGGGTACC-1,0.028792,0.065602,0.361028,0.544578
AATGCACCAAGCAATG-1,0.001815,0.289406,0.030314,0.678464
AATGGCCGCCAATGCG-1,0.151078,0.487636,0.090351,0.270936
AATGGTCCACCGTTCA-1,0.000035,0.223397,0.551171,0.225397
AATGGTTCTCACAAGC-1,0.000053,0.107021,0.777728,0.115198
AATGTATGGCACTGTA-1,0.000288,0.179392,0.811852,0.008467
AATGTGCCCGAGGTGT-1,0.021037,0.031827,0.463934,0.483202
AATGTGCTAATCTGAG-1,0.000045,0.130437,0.869383,0.000135
AATGTTAAGACCCTGA-1,0.919853,0.080015,0.000053,0.000079
AATGTTGTCGTGAGAC-1,0.152834,0.844704,0.000044,0.002418
AATTAAAGGTCGGCGT-1,0.125206,0.000578,0.607195,0.267021
AATTAACGGATTTCCA-1,0.307984,0.000244,0.691588,0.000183
AATTACGAGACCCATC-1,0.000046,0.218351,0.741641,0.039962
AATTACTCGTACGCTC-1,0.051246,0.004671,0.22029,0.723793
AATTAGCGCTGCAGCG-1,0.006095,0.226751,0.092952,0.674202
AATTATACCCAGCAAG-1,0.978964,0.016931,0.00007,0.004035
AATTCATAAGGGATCT-1,0.008751,0.137511,0.26218,0.591558
AATTCATTGTCATGCA-1,0.217502,0.005409,0.686938,0.090151
AATTCCAACTTGGTGA-1,0.013207,0.120349,0.127084,0.73936
AATTCCAAGCATGTAC-1,0.066062,0.130362,0.317767,0.485809
AATTCGATTCGAGGAT-1,0.478587,0.000771,0.388912,0.13173
AATTCTAGAGTTAGGC-1,0.072823,0.034568,0.754241,0.138369
AATTGAACGCTCTGGT-1,0.171939,0.017485,0.648049,0.162527
AATTGCAGCAATCGAC-1,0.166459,0.561389,0.116118,0.156034
AATTGCGTGGATTACA-1,0.004503,0.292384,0.63066,0.072453
AATTGTGGTTGCCAAA-1,0.170654,0.570724,0.227804,0.030817
AATTTGGGACATAGTA-1,0.084063,0.149825,0.320508,0.445604
AATTTGGTTCCAAAGA-1,0.008434,0.15204,0.241675,0.597851
ACAAACCATGCGTCCT-1,0.090076,0.206567,0.682377,0.02098
ACAAACCGACAAGGCG-1,0.050098,0.41115,0.351593,0.18716
ACAAACTCCATCAGAG-1,0.000015,0.573028,0.000328,0.426629
ACAAAGAAGGTAGGCC-1,0.000053,0.000212,0.999576,0.000159
ACAAAGCATGACCTAG-1,0.4922,0.281503,0.019482,0.206815
ACAAATCGCACCGAAT-1,0.07151,0.20344,0.065105,0.659945
ACAAATGGTAGTGTTT-1,0.010912,0.146775,0.108232,0.734081
ACAAATTCAGATCTGA-1,0.386123,0.175121,0.393246,0.04551
ACAACAGCATGAGCTA-1,0.000027,0.088314,0.461688,0.449971
ACAACGGTCCCTGCGA-1,0.000045,0.047928,0.863849,0.088178
ACAAGCAGTGCCTAGC-1,0.000047,0.11648,0.728689,0.154784
ACAAGCTATATGGAAG-1,0.005482,0.149785,0.517789,0.326944
ACAAGGAAATCCGCCC-1,0.188039,0.090415,0.577127,0.144418
ACAAGGACAAGAGGTT-1,0.000044,0.176413,0.368194,0.45535
ACAAGGATGCTTTAGG-1,0.146088,0.432753,0.220472,0.200687
ACAAGGCCTACCAGCC-1,0.101613,0.544723,0.158351,0.195313
ACAAGGGCAGGCTCTG-1,0.351975,0.02634,0.354464,0.267221
ACAAGTAATTGTAAGG-1,0.015367,0.261345,0.114822,0.608466
ACAATAGTCGTACGTT-1,0.000036,0.192771,0.367464,0.43973
ACAATCCATTTAAACC-1,0.000011,0.077733,0.076355,0.845901
ACAATCGATCTTTATA-1,0.206943,0.193623,0.523569,0.075865
ACAATGAATACGGAGA-1,0.01352,0.212236,0.419989,0.354255
ACAATGATTCTTCTAC-1,0.05459,0.575173,0.137641,0.232596
ACAATTGTGTCTCTTT-1,0.007374,0.341622,0.0471,0.603904
ACAATTTAGGAGGCTC-1,0.005622,0.063116,0.653057,0.278205
ACAATTTGAGCAGTGG-1,0.001154,0.177915,0.191598,0.629333
ACAATTTGGCCATATT-1,0.251388,0.51229,0.098525,0.137797
ACACAAAGACGGGTGG-1,0.000628,0.053603,0.33441,0.611359
ACACAAATATTCCTAG-1,0.054995,0.617746,0.28062,0.046639
ACACACCAGGACCAGT-1,0.039226,0.212514,0.099654,0.648607
ACACACTTTCTACACG-1,0.06163,0.006558,0.762808,0.169004
ACACATGATCAAATCT-1,0.000022,0.194541,0.243362,0.562075
ACACATTGACGCAACA-1,0.044928,0.213582,0.18807,0.553421
ACACATTTCCGTAGAC-1,0.751687,0.085038,0.000224,0.163051
ACACCACATAATTAGC-1,0.044384,0.679736,0.112572,0.163308
ACACCCAGCATGCAGC-1,0.000035,0.178843,0.350981,0.470141
ACACCCGAGAAATCCG-1,0.001929,0.196083,0.323613,0.478375
ACACCCGTAAATCTGT-1,0.061404,0.678114,0.260369,0.000114
ACACCGAGCGCTCTTT-1,0.034826,0.065231,0.305259,0.594684
ACACCGGTCTGACCGC-1,0.000014,0.253553,0.160783,0.585651
ACACCTTAAGTAGGGC-1,0.000022,0.171528,0.148773,0.679676
ACACCTTACTACTTGC-1,0.100199,0.597929,0.170209,0.131663
ACACGAGACTCCTTCT-1,0.00003,0.131416,0.538317,0.330237
ACACGGCACTATGCAT-1,0.127926,0.075791,0.472736,0.323547
ACACGGGAACTTAGGG-1,0.04232,0.000203,0.935665,0.021811
ACACGTAGGCCACAAG-1,0.120469,0.579008,0.100854,0.199669
ACACTCCAATGTCACT-1,0.000067,0.0171,0.919565,0.063268
ACACTGATCAAGGTGT-1,0.00072,0.027645,0.267632,0.704004
ACACTGGGACAGTCGT-1,0.24723,0.586741,0.069225,0.096804
ACAGAACTGAGAACAA-1,0.031332,0.208749,0.670282,0.089638
ACAGATTAGGTTAGTG-1,0.004246,0.27615,0.142014,0.577589
ACAGCATAGAGCCAGT-1,0.123193,0.070793,0.186355,0.61966
ACAGCGACATTCTCAT-1,0.285986,0.268238,0.03974,0.406035
ACAGCGCACCCGCAGC-1,0.000877,0.21393,0.742431,0.042762
ACAGGAGGCGCAGCCG-1,0.068599,0.471217,0.142471,0.317714
ACAGGCACGGATCCTT-1,0.674469,0.032706,0.292708,0.000118
ACAGGCTTGCCCGACT-1,0.064521,0.23674,0.129133,0.569606
ACAGGTGGAGGTGAGG-1,0.000021,0.061021,0.313688,0.62527
ACAGGTGTGTTGTTGC-1,0.064514,0.142133,0.34566,0.447693
ACAGTAATACAACTTG-1,0.000025,0.167335,0.619327,0.213313
ACAGTATACCGTGGGA-1,0.204635,0.416032,0.186748,0.192585
ACAGTGCAGCGCATTT-1,0.028141,0.510662,0.270171,0.191026
ACATAAGTCGTGGTGA-1,0.000036,0.090944,0.87566,0.03336
ACATAATAAGGCGGTG-1,0.053259,0.091542,0.287387,0.567812
ACATACAATCAAGCGG-1,0.955696,0.036072,0.000065,0.008166
ACATCAGCTGGGACGC-1,0.008224,0.000236,0.991363,0.000177
ACATCCCGGCCATACG-1,0.112237,0.052564,0.599049,0.236149
ACATCCTGGTAACTGT-1,0.027548,0.248924,0.232147,0.491382
ACATCGATCGTTTACC-1,0.019602,0.022747,0.839704,0.117947
ACATCGCAATATTCGG-1,0.044042,0.359592,0.265037,0.331329
ACATCGGTCAGCCGCG-1,0.00002,0.115159,0.304504,0.580317
ACATCGTATGCAATGG-1,0.141549,0.0457,0.50868,0.304071
ACATCGTTAACCTAGT-1,0.000031,0.091407,0.268426,0.640135
ACATCTCAACGCGTAA-1,0.045369,0.30528,0.380478,0.268873
ACATGCTTACGGCAGC-1,0.001102,0.834776,0.004538,0.159584
ACATGGCGCCAAAGTA-1,0.024016,0.271857,0.213952,0.490175
ACATGGCTCAATTTAG-1,0.031774,0.092384,0.225087,0.650755
ACATTAGTTTATATCC-1,0.058681,0.124223,0.486536,0.33056
ACATTCGCGCGGAATA-1,0.000023,0.671175,0.054017,0.274785
ACATTTGAAACCTAAC-1,0.189483,0.810332,0.000074,0.000111
ACCAAACACCCAGCGA-1,0.125618,0.479879,0.084357,0.310146
ACCAAACTAGAAATCC-1,0.00678,0.284449,0.475974,0.232797
ACCAACACCACACACT-1,0.001022,0.41279,0.198464,0.387724
ACCAACCGCACTCCAC-1,0.521648,0.372416,0.068521,0.037414
ACCAACGCTTATTTAT-1,0.072816,0.195873,0.183705,0.547607
ACCAAGAACGCGTGTC-1,0.051126,0.11006,0.66963,0.169184
ACCAAGTCATCGGCAG-1,0.089463,0.679994,0.097307,0.133235
ACCAATATGCAAGTTA-1,0.283733,0.127174,0.215872,0.373221
ACCACAACTCAGAACA-1,0.003086,0.23115,0.462433,0.303332
ACCACAAGTTTCTATC-1,0.021991,0.052767,0.726809,0.198433
ACCACACGGTTGATGG-1,0.817832,0.11182,0.070164,0.000184
ACCACCAATGTAACAA-1,0.00172,0.544393,0.013901,0.439986
ACCACCCTCTCTTCTA-1,0.00985,0.76982,0.146759,0.07357
ACCACGTGCAGCTATA-1,0.402057,0.311632,0.285927,0.000384
ACCACTGTTCAAGAAG-1,0.000115,0.177409,0.350914,0.471563
ACCAGACCATAACAAC-1,0.063752,0.010321,0.870264,0.055663
ACCAGCCCGGTCTTTG-1,0.000102,0.220296,0.072853,0.706749
ACCAGGAGTGTGATCT-1,0.012254,0.159491,0.157325,0.670931
ACCAGTGCCCGGTCAA-1,0.018732,0.44571,0.211056,0.324503
ACCAGTGCGGGAGACG-1,0.023128,0.23823,0.183407,0.555235
ACCATATCCGCAATAA-1,0.063183,0.267568,0.237506,0.431742
ACCATCCGCCAACTAG-1,0.000019,0.330383,0.23662,0.432977
ACCATCGTATATGGTA-1,0.205063,0.000212,0.4776,0.317125
ACCATTAAGGGTGTCA-1,0.00014,0.109813,0.198507,0.69154
ACCCAACGCCCGTGGC-1,0.000026,0.147235,0.363108,0.489632
ACCCACCTACATGCTC-1,0.000646,0.12942,0.717494,0.15244
ACCCATCTTGAGGGTA-1,0.000041,0.097769,0.692465,0.209725
ACCCATTTGTCCCTCT-1,0.184911,0.455157,0.252512,0.10742
ACCCGAGCGAAATTAC-1,0.041872,0.11289,0.255794,0.589444
ACCCGATTGGTTCCGA-1,0.12177,0.238289,0.359178,0.280764
ACCCGGAAACTCCCAG-1,0.474542,0.000164,0.440776,0.084518
ACCCGGAGCACCACAA-1,0.000015,0.606099,0.091474,0.302411
ACCCGGATGACGCATC-1,0.000021,0.235761,0.060542,0.703676
ACCCGGTTACACTTCC-1,0.003232,0.05235,0.678293,0.266125
ACCCGTAGCAGAGAAT-1,0.00003,0.818384,0.178186,0.0034
ACCCGTAGTCTAGTTG-1,0.031124,0.794131,0.06483,0.109914
ACCCGTGTCATCAGTA-1,0.09461,0.010936,0.85212,0.042333
ACCCTATAGGACTGAG-1,0.020432,0.107657,0.480674,0.391238
ACCCTATGCCATATCG-1,0.045236,0.071767,0.184976,0.698022
ACCCTCCCGTCAGGGC-1,0.703359,0.16846,0.058823,0.069358
ACCCTCCCTTGCTATT-1,0.204167,0.075968,0.450354,0.269511
ACCCTGGTAACGCCCT-1,0.006251,0.72316,0.245549,0.02504
ACCCTTCATCTGCGAA-1,0.000017,0.149635,0.004936,0.845413
ACCCTTGCCTGGGTCG-1,0.014118,0.534749,0.298308,0.152825
ACCCTTTAGTTCTCCA-1,0.042451,0.264405,0.037844,0.6553
ACCGAAAGGGCCCTGC-1,0.000029,0.20004,0.511099,0.288832
ACCGAAGAGTCTGGTT-1,0.000063,0.000251,0.999497,0.000188
ACCGACACATCTCCCA-1,0.660974,0.000313,0.338477,0.000235
ACCGACTGAGTCCCAC-1,0.000033,0.10422,0.372358,0.523389
ACCGAGTCTCCTTATT-1,0.991327,0.000197,0.000098,0.008378
ACCGATAGGCATAACC-1,0.230399,0.569713,0.189641,0.010248
ACCGATATTTAATCAT-1,0.058438,0.78416,0.152551,0.004852
ACCGATGGTAGCATCG-1,0.000015,0.099459,0.088084,0.812442
ACCGCAATAACTGCCT-1,0.159581,0.191259,0.057554,0.591605
ACCGCGGTGGAAGTCG-1,0.206421,0.170833,0.449106,0.173639
ACCGCTAGTCATTGGT-1,0.073351,0.713145,0.13677,0.076734
ACCGGGCCTTTGTTGA-1,0.104218,0.287968,0.325287,0.282527
ACCGGTCAGGTACACC-1,0.000014,0.343401,0.093121,0.563464
ACCGGTCTGAGTACGG-1,0.002718,0.524981,0.141454,0.330847
ACCGTCCACTGGGCCC-1,0.002167,0.333721,0.522944,0.141168
ACCGTGACCACGTGGG-1,0.060259,0.071696,0.345018,0.523027
ACCGTTCCCGCTCTGA-1,0.034737,0.329148,0.195563,0.440552
ACCTAAGTACCTTTCA-1,0.046267,0.007703,0.888647,0.057383
ACCTAATCGACTTCCT-1,0.000071,0.026408,0.957238,0.016283
ACCTACAGTATGTGGT-1,0.138328,0.560543,0.030221,0.270908
ACCTACTATAAATCTA-1,0.084919,0.174403,0.186155,0.554523
ACCTCAGCGAGGCGCA-1,0.730574,0.174594,0.073579,0.021253
ACCTCCGCCCTCGCTG-1,0.048687,0.734844,0.016223,0.200246
ACCTCCGTTATTCACC-1,0.051565,0.590286,0.148241,0.209909
ACCTCGAACTTATGCT-1,0.000018,0.330514,0.228606,0.440862
ACCTGCGTGTCATGTT-1,0.031705,0.103411,0.780414,0.08447
ACCTTTCCTTTAGAAG-1,0.000058,0.211394,0.788375,0.000173
ACGAAATGGGCGGCAC-1,0.000027,0.043812,0.378575,0.577586
ACGACCCATGAGTTGC-1,0.021542,0.710696,0.241527,0.026234
ACGACTCTAGGGCCGA-1,0.509971,0.33702,0.032583,0.120426
ACGACTGGTCATACTC-1,0.055747,0.103519,0.18109,0.659644
ACGAGAACCCATCACG-1,0.000034,0.063212,0.936654,0.000101
ACGAGATATTTGCTTA-1,0.015302,0.203572,0.530562,0.250564
ACGAGGATACCACTCT-1,0.000021,0.390028,0.126198,0.483753
ACGAGGTTTACAACGT-1,0.000038,0.054669,0.777692,0.167601
ACGAGTACGGATGCCC-1,0.043407,0.252706,0.487913,0.215975
ACGAGTCGCCGGCGTT-1,0.000068,0.15823,0.097595,0.744107
ACGATACATAGAACTA-1,0.000022,0.172593,0.225841,0.601544
ACGATACCTATCCTGA-1,0.0344,0.155847,0.324534,0.485219
ACGATCATACATAGAG-1,0.000037,0.09764,0.496088,0.406234
ACGATCATCTTGTAAA-1,0.00158,0.283149,0.314711,0.40056
ACGATGCATATGTTAT-1,0.000396,0.115567,0.625143,0.258893
ACGATGGATCCGATGC-1,0.000015,0.079318,0.019541,0.901126
ACGCAAACTAATAGAT-1,0.024532,0.142247,0.441006,0.392215
ACGCAATCACTACAGC-1,0.065758,0.295383,0.411163,0.227696
ACGCATAAATGACATG-1,0.04904,0.546404,0.286589,0.117967
ACGCATACGTTTACTA-1,0.332546,0.144292,0.2496,0.273562
ACGCATTCGTGAGTAC-1,0.000018,0.07135,0.022564,0.906069
ACGCCACTCGAAACAG-1,0.728335,0.271536,0.000052,0.000078
ACGCCAGATGATTTCT-1,0.001134,0.084646,0.334529,0.57969
ACGCCAGTGCGTTTGC-1,0.383683,0.527075,0.000047,0.089195
ACGCCCAGCTGTCGAT-1,0.225,0.168569,0.376708,0.229723
ACGCCGCTAGACGACC-1,0.153879,0.490439,0.089635,0.266047
ACGCCTGACACGCGCT-1,0.179787,0.467404,0.049844,0.302965
ACGCGAAGTCAGACGA-1,0.000023,0.107343,0.25645,0.636184
ACGCGCTACACAGGGT-1,0.206658,0.00345,0.349267,0.440624
ACGCGGGCCAAGGACA-1,0.012603,0.021734,0.627953,0.337709
ACGCGTTTCTTAAGAG-1,0.021004,0.117541,0.351584,0.509871
ACGCTACTGAATGGGC-1,0.000016,0.99793,0.000033,0.002021
ACGCTAGTATCAGTGC-1,0.017677,0.743529,0.063918,0.174876
ACGCTAGTGATACACT-1,0.027693,0.270284,0.21719,0.484833
ACGCTGTGAGGCGTAG-1,0.000033,0.164491,0.638804,0.196672
ACGCTTAGTGTCTCTC-1,0.000015,0.588083,0.010173,0.401729
ACGGAACACGAGTGCC-1,0.793408,0.206416,0.000071,0.000106
ACGGAATTTAGCAAAT-1,0.000041,0.046481,0.825323,0.128155
ACGGACGCAGCGACAA-1,0.00001,0.751944,0.002567,0.24548
ACGGACTCTCAAAGCG-1,0.16988,0.161886,0.296071,0.372162
ACGGAGCGCAAATTAC-1,0.007372,0.242814,0.428853,0.32096
ACGGATGGTGCGGATA-1,0.109894,0.265305,0.205843,0.418958
ACGGCACTTGCTTGGG-1,0.032608,0.143677,0.427029,0.396687
ACGGCCAACATGGACT-1,0.138422,0.000435,0.701533,0.15961
ACGGCGACGATGGGAA-1,0.048155,0.186176,0.056803,0.708866
ACGGCGGGTTGCCCTG-1,0.000034,0.115176,0.370507,0.514283
ACGGCTGGATGTAGAA-1,0.000018,0.152033,0.225432,0.622516
ACGGGAGTGTCGGCCC-1,0.000017,0.088141,0.101664,0.810178
ACGGGCGTATGCGACA-1,0.022103,0.588567,0.279268,0.110062
ACGGGTCATGTGACTT-1,0.000115,0.239716,0.305318,0.454851
ACGGGTTGTGACCTGT-1,0.000023,0.930729,0.063413,0.005834
ACGGTACAGTTCAATG-1,0.16894,0.646417,0.000034,0.184609
ACGGTCACCGAGAACA-1,0.000028,0.419025,0.580865,0.000083
ACGTACAGATTTCTCT-1,0.219144,0.075097,0.33849,0.36727
ACGTACTTTGGCACGG-1,0.000022,0.23833,0.129129,0.632519
ACGTAGATTGCTGATG-1,0.000028,0.251139,0.154155,0.594678
ACGTAGGAGAGTCGCT-1,0.662144,0.000451,0.285819,0.051586
ACGTATTACTCCGATC-1,0.002124,0.156064,0.481068,0.360744
ACGTCCTAAACGAGAT-1,0.061649,0.178532,0.757182,0.002637
ACGTCGGGCAACTCGG-1,0.018077,0.109955,0.871756,0.000213
ACGTCTCGTTCCGGGA-1,0.00005,0.000201,0.999599,0.00015
ACGTGACAAAGTAAGT-1,0.160946,0.123992,0.618153,0.096909
ACGTGCGCCTCGTGCA-1,0.000075,0.028889,0.868986,0.10205
ACGTGGTCGAATGTGC-1,0.051432,0.379511,0.568882,0.000174
ACGTTAATGTCGAAGA-1,0.001213,0.149241,0.638141,0.211404
ACGTTAGATTTGCCCG-1,0.125457,0.030448,0.550678,0.293416
ACGTTATTGGTCACTC-1,0.012738,0.034387,0.537177,0.415699
ACGTTCACTATGCCGC-1,0.00002,0.61028,0.016593,0.373107
ACGTTCCGCGCTCCGT-1,0.000013,0.058365,0.03725,0.904372
ACGTTCGCAATCAATT-1,0.054801,0.5973,0.150435,0.197464
ACGTTCGTTCAGGAAA-1,0.008804,0.073891,0.346117,0.571188
ACGTTCTGTACAAGTC-1,0.582863,0.355864,0.00147,0.059803
ACGTTGTCGTTGAAAG-1,0.116112,0.498345,0.132968,0.252574
ACGTTTAGTTGTGATC-1,0.000046,0.008415,0.445351,0.546188
ACGTTTCGGTGCACTT-1,0.000084,0.83845,0.161213,0.000253
ACTAAGGACGCACACC-1,0.099459,0.523961,0.045461,0.331119
ACTAATACGTCAGGCG-1,0.103219,0.140096,0.700507,0.056178
ACTACAAAGAGAGGTG-1,0.016391,0.191042,0.125063,0.667503
ACTACATCCCGACAAG-1,0.000046,0.04528,0.954536,0.000138
ACTACCAGCTCTCTGG-1,0.000015,0.104742,0.003803,0.891441
ACTACCATCCGAGGGC-1,0.00174,0.72409,0.150708,0.123462
ACTACGCGTTAGAATT-1,0.078582,0.16269,0.316349,0.442379
ACTAGTTGCGATCGTC-1,0.079981,0.229357,0.554471,0.136191
ACTATATGCTGTGTTC-1,0.01203,0.377366,0.332915,0.27769
ACTATCCAGGGCATGG-1,0.004757,0.449791,0.000035,0.545416
ACTATCGCCGGCTAAA-1,0.00014,0.121292,0.241604,0.636964
ACTATCTGCCCGCGTA-1,0.080003,0.717825,0.155513,0.046659
ACTATGTCCAGCTGCC-1,0.006301,0.303914,0.50026,0.189525
ACTATTCGTCCGTGGT-1,0.000035,0.168085,0.365904,0.465976
ACTATTTCCGGGCCCA-1,0.097342,0.052262,0.569773,0.280623
ACTCAACGAATGTATT-1,0.005486,0.074354,0.920044,0.000117
ACTCAAGTGCAAGGCT-1,0.116007,0.192839,0.25597,0.435184
ACTCAATAAAGGCACG-1,0.000038,0.0651,0.696948,0.237914
ACTCAGACCTGCTTCT-1,0.029906,0.143683,0.209106,0.617305
ACTCATGGCAGCCTTC-1,0.009425,0.512552,0.231759,0.246263
ACTCCAATATCATCAT-1,0.035454,0.272793,0.327358,0.364396
ACTCCCATTCCTAAAG-1,0.000023,0.245006,0.292652,0.46232
ACTCCCGAATTCGTTT-1,0.00358,0.262509,0.335532,0.398379
ACTCCCGTAGACTAGG-1,0.045336,0.700761,0.098196,0.155707
ACTCCCTAATGCTAAA-1,0.513477,0.000177,0.402035,0.084311
ACTCCCTAGAATAGTA-1,0.348127,0.000936,0.441622,0.209314
ACTCCGGCCGACCACT-1,0.974889,0.000111,0.024917,0.000083
ACTCGATGTATTTCAT-1,0.000098,0.146455,0.283723,0.569724
ACTCGCCGTTCGATAA-1,0.041127,0.577428,0.381353,0.000092
ACTCGCGATCTGACGC-1,0.041581,0.463154,0.468814,0.026451
ACTCGTAACCCGTCCT-1,0.000023,0.198789,0.195925,0.605263
ACTCGTCAGTAATCCC-1,0.000026,0.169384,0.387112,0.443478
ACTCTAAACCTGGGAT-1,0.000077,0.2378,0.231268,0.530855
ACTCTCTGACTTAGGT-1,0.067358,0.116666,0.621059,0.194916
ACTCTCTTATACACGA-1,0.079617,0.09467,0.464163,0.36155
ACTCTGACCTAATAGA-1,0.699864,0.060257,0.239793,0.000086
ACTCTTCAGCTCCCGC-1,0.222464,0.506131,0.26273,0.008675
ACTCTTGTATAGTAAC-1,0.00043,0.204493,0.136604,0.658473
ACTGAAACGCCGTTAG-1,0.177564,0.160206,0.191656,0.470573
ACTGAATGGCGAAAGT-1,0.119159,0.060093,0.295307,0.525441
ACTGATTTAGTGATTC-1,0.028535,0.430328,0.288415,0.252722
ACTGCCCGCCATTCTC-1,0.000593,0.363739,0.218316,0.417351
ACTGCCGTCGTAACTC-1,0.073029,0.012892,0.25142,0.662659
ACTGCGGACACACCGT-1,0.085227,0.607903,0.284313,0.022557
ACTGCTCGGAAGGATG-1,0.00002,0.181971,0.242292,0.575717
ACTGGCGAACCTGCGT-1,0.000027,0.56619,0.417345,0.016438
ACTGGGATGCCAGTGC-1,0.115182,0.312465,0.171993,0.40036
ACTGTACGATACACAT-1,0.038,0.140735,0.134288,0.686977
ACTGTAGCACTTTGGA-1,0.003377,0.086024,0.609523,0.301076
ACTGTATACGCGAGCA-1,0.00003,0.066281,0.613241,0.320448
ACTGTCCAGGATTATA-1,0.019211,0.135721,0.056266,0.788803
ACTGTCTTCTTTAGAA-1,0.000043,0.000171,0.83568,0.164107
ACTGTGCTAGTAGATC-1,0.000046,0.070413,0.685745,0.243796
ACTGTTTAGTGTAGGC-1,0.000057,0.149102,0.671912,0.17893
ACTTACCGGGCGCGCA-1,0.06281,0.125198,0.370141,0.44185
ACTTACGCATCCACGC-1,0.616932,0.293194,0.000102,0.089772
ACTTAGTACGACAAGA-1,0.000047,0.044603,0.925293,0.030057
ACTTATACTTACCCGG-1,0.028859,0.115107,0.172074,0.683961
ACTTATTAGGATCGGT-1,0.127823,0.040174,0.577751,0.254252
ACTTATTTATGTGCCA-1,0.060264,0.239826,0.055631,0.644278
ACTTCAGGCTGATCCC-1,0.105477,0.068666,0.825719,0.000138
ACTTCCAGTGGAAGCT-1,0.013129,0.000282,0.986378,0.000211
ACTTCCATGCGGGACA-1,0.771065,0.044677,0.095894,0.088364
ACTTCCTGTCGTGCGA-1,0.046174,0.541827,0.287625,0.124374
ACTTCGCCATACGCAC-1,0.000021,0.322636,0.01334,0.664003
ACTTCGCTAGCGAGTG-1,0.015797,0.51869,0.2561,0.209413
ACTTGACTCCCTCTTT-1,0.046598,0.278413,0.130233,0.544755
ACTTGCCATATTGTAC-1,0.000049,0.034243,0.654498,0.31121
ACTTGCTCTATCTACC-1,0.01192,0.506471,0.481428,0.000181
ACTTGGGACCCGGTGG-1,0.056848,0.045652,0.535035,0.362466
ACTTGGGCTTTCGCCA-1,0.568835,0.349344,0.048719,0.033102
ACTTGTAGTCCCTTCA-1,0.000017,0.285439,0.18732,0.527224
ACTTGTGGATGGAACG-1,0.049775,0.507981,0.041182,0.401062
ACTTGTTACCGGATCA-1,0.000046,0.652537,0.000093,0.347324
ACTTTACCCTCATGAA-1,0.010671,0.386432,0.114049,0.488847
ACTTTATACACCACTT-1,0.004978,0.891423,0.029701,0.073898
ACTTTCCTATAGCTTC-1,0.001995,0.110002,0.587837,0.300165
ACTTTGACTGCATCCT-1,0.00002,0.373004,0.273806,0.353169
ACTTTGGTCGTGCTCC-1,0.000057,0.025496,0.974277,0.000171
ACTTTGTCGACGCACT-1,0.157692,0.678079,0.164123,0.000107
AGAAATTATGACTCGC-1,0.206194,0.591133,0.186252,0.016422
AGAACACGGCGATGGT-1,0.000013,0.653022,0.027525,0.31944
AGAACCCAGCGTGACA-1,0.123158,0.606256,0.257363,0.013223
AGAACCCTCAATTGGG-1,0.000021,0.268841,0.396442,0.334696
AGAACGTGGTACATTC-1,0.000024,0.106369,0.252438,0.641168
AGAACTGTACTTTGTA-1,0.962712,0.037123,0.000066,0.000099
AGAAGAGCGCCGTTCC-1,0.000368,0.001471,0.971218,0.026943
AGAAGGTACACTTCAC-1,0.000016,0.221515,0.051871,0.726598
AGAAGGTTGCCGAATT-1,0.000026,0.084081,0.328995,0.586897
AGAAGGTTGTAGGTCG-1,0.405756,0.086343,0.021747,0.486153
AGAAGTGATTCGTGAT-1,0.015443,0.003212,0.974681,0.006663
AGAATAAATCTTCAGG-1,0.06735,0.011288,0.921234,0.000129
AGAATACAGGCTATCC-1,0.60104,0.381497,0.017388,0.000075
AGAATGCGGGTTCGGA-1,0.003166,0.338844,0.517611,0.140379
AGAATTATGGATTCGA-1,0.085949,0.112371,0.342455,0.459226
AGAATTGTTTGACATA-1,0.002352,0.273545,0.241186,0.482917
AGACAGCTCAGAATCC-1,0.012201,0.113556,0.512665,0.361578
AGACAGGCATCTCAGC-1,0.07482,0.61985,0.305205,0.000125
AGACATAGATCCTTCC-1,0.000057,0.141353,0.845277,0.013313
AGACCAAACCACACCT-1,0.000023,0.367749,0.405349,0.226879
AGACCATGGGATACAA-1,0.00004,0.192771,0.698923,0.108266
AGACCCACCGCTGATC-1,0.157785,0.014233,0.384244,0.443738
AGACCCGCCCTCCTCG-1,0.042207,0.187998,0.305123,0.464672
AGACCGCTCCGCGGTT-1,0.071045,0.770396,0.061586,0.096973
AGACCGGGAAACCCTG-1,0.000038,0.055375,0.791715,0.152873
AGACGAAGTGCCGGTC-1,0.053455,0.329755,0.128348,0.488441
AGACGACGATGCCGCT-1,0.000017,0.139922,0.199731,0.66033
AGACGCCCACTTCGCC-1,0.156625,0.752274,0.044114,0.046987
AGACGGGATTGGTATA-1,0.000054,0.358072,0.64171,0.000163
AGACGGGCCGATTTAA-1,0.089064,0.332292,0.369792,0.208851
AGACTAGCCTTCCAGA-1,0.000046,0.053393,0.733034,0.213527
AGACTGTTACCGGGTC-1,0.065398,0.105514,0.697264,0.131825
AGAGAAACACCAGAAA-1,0.068344,0.131922,0.314106,0.485628
AGAGAACCGTCTAGGA-1,0.00002,0.127166,0.075432,0.797382
AGAGAAGGAGTACAAT-1,0.004058,0.137269,0.052665,0.806008
AGAGATCTCTAAAGCG-1,0.020125,0.071682,0.75724,0.150953
AGAGCAGTTATGAGAC-1,0.00003,0.107491,0.628117,0.264362
AGAGCCGCCGAGATTT-1,0.090586,0.619676,0.165587,0.124151
AGAGCGCTTGTAACGG-1,0.134921,0.804688,0.037725,0.022666
AGAGCGGGCTAATCAT-1,0.000013,0.047531,0.001324,0.951132
AGAGCGTACAAGCTCG-1,0.000063,0.063613,0.906136,0.030188
AGAGCTACGAAAGCAT-1,0.037102,0.137065,0.154741,0.671091
AGAGGCTTCGGAAACC-1,0.106015,0.275533,0.517358,0.101094
AGAGGGACAATTGTCC-1,0.061208,0.715641,0.092595,0.130556
AGAGGTATCTCGGTCC-1,0.000027,0.232636,0.222701,0.544637
AGAGTAAACTTCACTA-1,0.047249,0.390498,0.128849,0.433405
AGAGTATAGTGTTACG-1,0.1975,0.303658,0.35637,0.142472
AGAGTCTTAATGAAAG-1,0.051467,0.821452,0.101617,0.025464
AGAGTGAACAGACACC-1,0.000021,0.899815,0.028538,0.071627
AGAGTTAGAGACCGAT-1,0.269175,0.23496,0.360974,0.134891
AGAGTTGCAGGCCTCC-1,0.025445,0.72675,0.169841,0.077964
AGATAACTTCAGGGCC-1,0.000015,0.072983,0.10153,0.825472
AGATAATCACACCTAT-1,0.045793,0.504918,0.210273,0.239017
AGATACCAATAGAACC-1,0.001791,0.870917,0.00129,0.126001
AGATACCAGCACTTCA-1,0.016588,0.576139,0.252181,0.155092
AGATACCGGTGTTCAC-1,0.037153,0.023721,0.910936,0.02819
AGATACGACTTCATAT-1,0.001696,0.08498,0.688962,0.224362
AGATACTCAAGATCGA-1,0.00512,0.135196,0.105882,0.753802
AGATATAATACGACTA-1,0.303593,0.000481,0.410981,0.284945
AGATCGTGCATAAGAT-1,0.000035,0.307616,0.191125,0.501224
AGATCTCAGGTGTGAT-1,0.007922,0.117303,0.451712,0.423062
AGATCTGGAGAGGATA-1,0.000011,0.746911,0.004746,0.248332
AGATGACTCGCCCACG-1,0.00004,0.061397,0.433558,0.505005
AGATGAGGGTTGCGAT-1,0.0451,0.089843,0.740368,0.124689
AGATGATGGAGTCTGG-1,0.019194,0.218606,0.455365,0.306835
AGATGCAAGACGTGCA-1,0.006497,0.106869,0.35436,0.532274
AGATGCATCCTGTGTC-1,0.000041,0.10758,0.878069,0.01431
AGATGCTATAACGAGC-1,0.000109,0.167105,0.147581,0.685205
AGATTATAGGACGTTT-1,0.000023,0.219002,0.193991,0.586984
AGATTCAAGCGGGTCG-1,0.000031,0.712514,0.214599,0.072856
AGATTCACAACCGATA-1,0.000012,0.246927,0.15701,0.59605
AGCAAAGGCCGCTAGT-1,0.289916,0.027259,0.672404,0.010421
AGCAACATATCTTATT-1,0.045596,0.205987,0.361324,0.387094
AGCAACCGAAAGTAAT-1,0.000218,0.157757,0.427495,0.41453
AGCACACGTTTAGACT-1,0.04719,0.270006,0.576915,0.105889
AGCACCAGTACTCACG-1,0.044234,0.150515,0.30393,0.501322
AGCACTACCGGCCTGT-1,0.120115,0.081646,0.640634,0.157605
AGCACTACCTCACCAG-1,0.297257,0.021212,0.592559,0.088973
AGCACTTAAGGACGCC-1,0.000036,0.039379,0.705982,0.254603
AGCAGAAGGAGAAAGA-1,0.313137,0.028043,0.421352,0.237469
AGCAGCCAGATGAATA-1,0.093082,0.081341,0.162851,0.662726
AGCAGTCGAAGCATGC-1,0.287912,0.657901,0.000051,0.054137
AGCATATCAATATGCT-1,0.236977,0.0966,0.346294,0.32013
AGCATCATTTCGAAAG-1,0.001315,0.383516,0.088395,0.526775
AGCATCGTCGATAATT-1,0.000018,0.170226,0.036537,0.793219
AGCATTACGAGGCAAG-1,0.438471,0.396249,0.06133,0.10395
AGCCAAGCTTTGTGTC-1,0.056186,0.119161,0.764291,0.060362
AGCCACAGGTTACCCG-1,0.337991,0.147705,0.514158,0.000146
AGCCACTCCCGTGCTT-1,0.000027,0.206015,0.155613,0.638345
AGCCATATAGTATGTG-1,0.201422,0.032947,0.218044,0.547588
AGCCCATACATGTAAG-1,0.021714,0.049616,0.880005,0.048665
AGCCCGCAACAAGCAG-1,0.155114,0.248761,0.368025,0.2281
AGCCCGCACTACAATG-1,0.112244,0.864405,0.005316,0.018036
AGCCCGGCATTAGAGG-1,0.000844,0.155172,0.007511,0.836472
AGCCCGGTAGCCTGTA-1,0.054584,0.017074,0.845905,0.082436
AGCCCTAAGCGAAGTT-1,0.035846,0.091283,0.143828,0.729043
AGCCCTCCCTGGTGGC-1,0.0447,0.322577,0.375388,0.257335
AGCCCTGTCGCACCGT-1,0.036609,0.7058,0.048765,0.208826
AGCCCTTCTAATCCGA-1,0.014447,0.110743,0.20518,0.66963
AGCCCTTGGACATCCC-1,0.017224,0.881914,0.006416,0.094446
AGCCGCAAATTCAAAT-1,0.004776,0.104025,0.667858,0.223341
AGCCGCTTGATTAGCG-1,0.19895,0.102035,0.000317,0.698698
AGCCGTGGCTAAATGT-1,0.000032,0.133741,0.674675,0.191552
AGCCTAATACCCACGT-1,0.000026,0.45018,0.257039,0.292755
AGCCTTAAAGCGGAAG-1,0.000073,0.000292,0.999415,0.000219
AGCCTTGTCACTGATA-1,0.000027,0.703407,0.062211,0.234354
AGCGACAGGAACGGTC-1,0.008752,0.069951,0.319737,0.60156
AGCGACATCCCATTCA-1,0.030709,0.167628,0.216481,0.585182
AGCGACCAACGATATT-1,0.000748,0.157297,0.238505,0.603449
AGCGACTTTGAAGACA-1,0.095713,0.424872,0.14062,0.338795
AGCGAGACGTGAAGGC-1,0.045609,0.037112,0.475283,0.441996
AGCGATGCGCCTAATA-1,0.241097,0.648708,0.009682,0.100512
AGCGCATAATGAATCG-1,0.133082,0.024823,0.440969,0.401126
AGCGCGGGTGCCAATG-1,0.000027,0.159819,0.37817,0.461984
AGCGCTAGAGCGATGT-1,0.000033,0.628769,0.327328,0.04387
AGCGCTTATGGGCAAG-1,0.019076,0.213044,0.281472,0.486408
AGCGGACACTTCGTAG-1,0.38625,0.000336,0.613163,0.000252
AGCGGCGGTTAGCGGT-1,0.000017,0.363062,0.14341,0.493511
