Barcode,Topic 1,Topic 2to3,Topic 4to5,Topic 6to10
AAACAAGTATCTCCCA-1,0.293327,0.005452,0.045302,0.655919
AAACAATCTACTAGCA-1,0.000039,0.455609,0.112076,0.432277
AAACACCAATAACTGC-1,0.000015,0.008178,0.248189,0.743617
AAACAGAGCGACTCCT-1,0.169231,0.696593,0.00666,0.127516
AAACAGCTTTCAGAAG-1,0.024904,0.58871,0.000062,0.386324
AAACAGGGTCTATATT-1,0.000021,0.08589,0.148702,0.765387
AAACAGTGTTCCTGGG-1,0.038723,0.001141,0.749277,0.210859
AAACATGGTGAGAGGA-1,0.08296,0.275346,0.025367,0.616327
AAACATTTCCCGGATT-1,0.351163,0.000085,0.32298,0.325772
AAACCACTACACAGAT-1,0.176136,0.373692,0.298266,0.151906
AAACCCGAACGAAATC-1,0.118656,0.138763,0.669822,0.072759
AAACCGGAAATGTTAA-1,0.130201,0.06758,0.637495,0.164723
AAACCGGGTAGGTACC-1,0.023303,0.345524,0.02119,0.609983
AAACCGTTCGTCCAGG-1,0.009172,0.000019,0.218623,0.772185
AAACCTAAGCAGCCGG-1,0.522712,0.476971,0.000091,0.000226
AAACCTCATGAAGTTG-1,0.000038,0.469056,0.027863,0.503042
AAACGAAGAACATACC-1,0.007724,0.474223,0.097333,0.42072
AAACGAAGATGGAGTA-1,0.013905,0.861423,0.000115,0.124557
AAACGACAGTCTTGCC-1,0.283424,0.435897,0.26305,0.017629
AAACGAGACGGTTGAT-1,0.00003,0.547831,0.010342,0.441797
AAACGCCCGAGATCGG-1,0.095304,0.728273,0.131807,0.044615
AAACGCTGGGCACGAC-1,0.136152,0.02121,0.810839,0.031798
AAACGGGCGTACGGGT-1,0.808135,0.191423,0.000126,0.000316
AAACGGTTGCGAACTG-1,0.150767,0.515491,0.034781,0.29896
AAACGTGTTCGCCCTA-1,0.24294,0.292171,0.307358,0.157531
AAACTAACGTGGCGAC-1,0.033851,0.180294,0.554862,0.230993
AAACTCGGTTCGCAAT-1,0.375575,0.115262,0.000137,0.509026
AAACTCGTGATATAAG-1,0.151229,0.582976,0.175522,0.090273
AAACTGCTGGCTCCAA-1,0.082615,0.253731,0.135165,0.528489
AAACTTAATTGCACGC-1,0.000023,0.151847,0.100131,0.747999
AAACTTGCAAACGTAT-1,0.000011,0.000022,0.329853,0.670114
AAAGAATGACCTTAGA-1,0.094092,0.905547,0.000103,0.000258
AAAGAATGTGGACTAA-1,0.173639,0.163719,0.626362,0.03628
AAAGACATGAAGTTTA-1,0.381845,0.044102,0.313347,0.260706
AAAGACCCAAGTCGCG-1,0.001299,0.043743,0.201618,0.753339
AAAGACTGGGCGCTTT-1,0.096906,0.879693,0.000077,0.023325
AAAGCTTGCCTACATA-1,0.456447,0.335355,0.012112,0.196087
AAAGGCCCTATAATAC-1,0.06901,0.656349,0.096457,0.178184
AAAGGCTACGGACCAT-1,0.090572,0.390588,0.032776,0.486064
AAAGGCTCTCGCGCCG-1,0.001248,0.041152,0.171237,0.786362
AAAGGGATGTAGCAAG-1,0.040438,0.677162,0.045002,0.237398
AAAGGGCAGCTTGAAT-1,0.000057,0.753046,0.000115,0.246781
AAAGGTAAGCTGTACC-1,0.033655,0.505204,0.165628,0.295513
AAAGGTCAACGACATG-1,0.143327,0.16361,0.591014,0.102049
AAAGTAGCATTGCTCA-1,0.003109,0.036822,0.213787,0.746282
AAAGTCACTGATGTAA-1,0.00005,0.599731,0.065288,0.334931
AAAGTCGACCCTCAGT-1,0.083978,0.642504,0.02796,0.245558
AAAGTGCCATCAATTA-1,0.127837,0.178483,0.53328,0.1604
AAAGTGTGATTTATCT-1,0.093925,0.057681,0.180874,0.66752
AAAGTTGACTCCCGTA-1,0.053568,0.685419,0.034167,0.226846
AAATAACCATACGGGA-1,0.340835,0.347965,0.018919,0.292281
AAATAAGGTAGTGCCC-1,0.181309,0.277668,0.384785,0.156237
AAATACCTATAAGCAT-1,0.034911,0.266596,0.053747,0.644746
AAATAGCTTAGACTTT-1,0.054534,0.144876,0.304981,0.495609
AAATAGGGTGCTATTG-1,0.408156,0.591492,0.000101,0.000252
AAATCACTCCTAAACG-1,0.225537,0.230874,0.514398,0.029191
AAATCCGATACACGCC-1,0.792169,0.061645,0.012618,0.133569
AAATCGCGGAAGGAGT-1,0.000066,0.872342,0.000131,0.127461
AAATCGTGTACCACAA-1,0.00594,0.410847,0.024655,0.558559
AAATCTAGCCCTGCTA-1,0.337343,0.049027,0.149542,0.464088
AAATCTGCCCGCGTCC-1,0.275141,0.12036,0.296194,0.308305
AAATGACTGATCAAAC-1,0.80633,0.000073,0.193414,0.000182
AAATGATTCGATCAGC-1,0.260805,0.225014,0.184892,0.329289
AAATGCTCGTTACGTT-1,0.00003,0.067615,0.010813,0.921541
AAATGGCATGTCTTGT-1,0.009401,0.024863,0.202077,0.763659
AAATGGCCCGTGCCCT-1,0.000039,0.19648,0.068963,0.734519
AAATGGTCAATGTGCC-1,0.010448,0.239464,0.108936,0.641151
AAATGTGGGTGCTCCT-1,0.008921,0.225016,0.269861,0.496203
AAATTAACGGGTAGCT-1,0.000012,0.001379,0.362943,0.635666
AAATTACACGACTCTG-1,0.000013,0.001635,0.271588,0.726764
AAATTACCTATCGATG-1,0.057413,0.331526,0.102369,0.508692
AAATTCCAGGTCCAAA-1,0.405046,0.351435,0.202605,0.040914
AAATTGATAGTCCTTT-1,0.000026,0.177314,0.14922,0.67344
AAATTGGTGAGAAGCA-1,0.028865,0.212163,0.50884,0.250132
AAATTTACCGAAATCC-1,0.056098,0.198779,0.373526,0.371597
AAATTTGCGGGTGTGG-1,0.000017,0.14421,0.075074,0.780699
AACAACTGGTAGTTGC-1,0.000014,0.00965,0.218019,0.772317
AACAATTACTCTACGC-1,0.000025,0.067448,0.22877,0.703756
AACACACGCTCGCCGC-1,0.33437,0.277183,0.022758,0.365689
AACACGACTGTACTGA-1,0.024646,0.091109,0.213433,0.670812
AACACGAGACGCGGCC-1,0.100139,0.269415,0.110442,0.520004
AACACGCGGCCGCGAA-1,0.000011,0.000022,0.290601,0.709366
AACAGCTGTGTGGCAA-1,0.029993,0.218094,0.154214,0.597699
AACAGGAAATCGAATA-1,0.2167,0.200791,0.022242,0.560267
AACAGGATGGGCCGCG-1,0.011727,0.317759,0.172357,0.498157
AACAGGTAGTATGGAT-1,0.182501,0.05986,0.514532,0.243107
AACATAGCGTGTATCG-1,0.786634,0.014801,0.063612,0.134953
AACATATCAACTGGTG-1,0.006553,0.447484,0.131152,0.414811
AACATCGATACGTCTA-1,0.000038,0.778135,0.1034,0.118427
AACATTGAAGTTGATC-1,0.036082,0.105099,0.307379,0.55144
AACATTGTGACTCGAG-1,0.45044,0.088258,0.00974,0.451562
AACCAAGACTTCTCTG-1,0.000035,0.206373,0.018576,0.775016
AACCAGTATCACTCTT-1,0.000032,0.12921,0.529473,0.341284
AACCATAGGGTTGAAC-1,0.052969,0.015147,0.198692,0.733192
AACCATGGGATCGCTA-1,0.000045,0.15956,0.008269,0.832126
AACCCAGAGACGGAGA-1,0.003781,0.212503,0.046019,0.737697
AACCCATCCCATGATC-1,0.012969,0.108121,0.050403,0.828506
AACCCGACAACCCGTG-1,0.000011,0.125657,0.290765,0.583567
AACCCGAGCAGAATCG-1,0.076024,0.247578,0.641608,0.034789
AACCCGATAGGGCTTC-1,0.028742,0.151614,0.698398,0.121245
AACCCGCTGTATTCCA-1,0.157438,0.008047,0.821515,0.013
AACCCTACTGTCAATA-1,0.115189,0.371741,0.15563,0.35744
AACCCTGGTGGAACCA-1,0.46935,0.000256,0.529755,0.00064
AACCGAGCTTGGTCAT-1,0.000022,0.094082,0.189097,0.716799
AACCGCTAAGGGATGC-1,0.057864,0.177178,0.2222,0.542758
AACCGTTGTGTTTGCT-1,0.051098,0.132343,0.076497,0.740062
AACCTAAAGCCGTCCG-1,0.163643,0.185263,0.339696,0.311398
AACCTCGCTTTAGCCC-1,0.781554,0.208535,0.000082,0.00983
AACCTGTCACGGAATT-1,0.063901,0.329165,0.489263,0.117672
AACCTTTAAATACGGT-1,0.520436,0.319276,0.000065,0.160222
AACCTTTACGACGTCT-1,0.14373,0.509073,0.099844,0.247352
AACGAAAGTCGTCCCA-1,0.000015,0.00003,0.129723,0.870233
AACGACCTCCTAGCCG-1,0.422599,0.000049,0.57723,0.000122
AACGATAATGCCGTAG-1,0.276586,0.70975,0.000084,0.01358
AACGATAGAAGGGCCG-1,0.000013,0.002009,0.274267,0.723712
AACGATATGTCAACTG-1,0.000027,0.312979,0.109019,0.577974
AACGCATGATCTGGGT-1,0.049866,0.313062,0.277853,0.359219
AACGCGACCTTGGGCG-1,0.04653,0.949348,0.000092,0.00403
AACGCGGTCTCCAGCC-1,0.000023,0.063507,0.278965,0.657505
AACGCTGTTGCTGAAA-1,0.401917,0.039119,0.264015,0.294948
AACGGACGTACGTATA-1,0.324181,0.06794,0.156775,0.451104
AACGGCCATCTCCGGT-1,0.154911,0.70983,0.008987,0.126271
AACGTACTGTGGGTAC-1,0.035029,0.049596,0.045664,0.86971
AACGTAGTCTACCCAT-1,0.102995,0.443466,0.025824,0.427716
AACGTCAGACTAGTGG-1,0.036511,0.186005,0.163315,0.61417
AACGTCGCTGCACTTC-1,0.290586,0.012309,0.696975,0.000131
AACGTGATGAAGGACA-1,0.066655,0.900768,0.000125,0.032452
AACGTGCGAAAGTCTC-1,0.004215,0.2901,0.071179,0.634505
AACGTTCTACCATTGT-1,0.000039,0.003391,0.831295,0.165276
AACTACCCGTTTGTCA-1,0.322642,0.325341,0.275112,0.076905
AACTAGCGTATCGCAC-1,0.016506,0.058026,0.208892,0.716576
AACTAGGCTTGGGTGT-1,0.055762,0.082739,0.173728,0.687771
AACTCAAGTTAATTGC-1,0.030563,0.644644,0.055487,0.269307
AACTCCAGAGCGTGTT-1,0.467332,0.199288,0.001888,0.331492
AACTCCTAATCCCATG-1,0.000043,0.71363,0.062707,0.223621
AACTCGATGGCGCAGT-1,0.002643,0.346235,0.108642,0.54248
AACTCTCAATAGAGCG-1,0.10793,0.241862,0.035906,0.614303
AACTCTCAGTGTGCTC-1,0.170761,0.306079,0.020523,0.502637
AACTGAGGTCAGCGTC-1,0.192395,0.332023,0.253451,0.22213
AACTGAGTTATACTGA-1,0.141683,0.147412,0.533404,0.177502
AACTGATATTAGGCCT-1,0.010225,0.441126,0.219412,0.329237
AACTGGGTCCCGACGT-1,0.003628,0.021454,0.025496,0.949422
AACTGGGTTCGAGCCG-1,0.194705,0.059961,0.444485,0.300849
AACTGGTGTGGGCCTT-1,0.000021,0.000042,0.322781,0.677156
AACTTCTGCGTCTATC-1,0.021515,0.291527,0.205901,0.481056
AACTTGCCCGTATGCA-1,0.03179,0.273554,0.012135,0.68252
AACTTGCGTTCTCGCG-1,0.013958,0.269948,0.031993,0.684101
AACTTTAGCTGCTGAG-1,0.001071,0.179411,0.378488,0.44103
AACTTTCTCGATCATG-1,0.461807,0.096416,0.300092,0.141685
AAGAAAGTTTGATGGG-1,0.140295,0.021281,0.483015,0.355409
AAGAAATCACCAGATT-1,0.480799,0.428931,0.02661,0.063661
AAGAAGGATCAGTTAG-1,0.000018,0.144678,0.067059,0.788245
AAGACATACGTGGTTT-1,0.07472,0.103384,0.75371,0.068186
AAGACCAAATAACTCA-1,0.000025,0.312434,0.027153,0.660387
AAGACCCAACTGAACA-1,0.124803,0.137992,0.098365,0.63884
AAGACTCACGCCCACT-1,0.178903,0.111014,0.438308,0.271774
AAGACTGCAAGCTACT-1,0.000027,0.324424,0.04613,0.629419
AAGAGATGAATCGGTA-1,0.000584,0.597441,0.000127,0.401849
AAGAGCTCTTTATCGG-1,0.007317,0.099524,0.2461,0.64706
AAGAGGATGTACGCGA-1,0.000014,0.008005,0.136998,0.854984
AAGAGGCATGGATCGC-1,0.009626,0.505029,0.036607,0.448739
AAGAGGCCCTTTGGAA-1,0.288399,0.480987,0.190779,0.039835
AAGATGGCACCGGACC-1,0.077019,0.200929,0.065691,0.656361
AAGATTGGCGGAACGT-1,0.006777,0.087864,0.211178,0.694182
AAGCACCCTGCGTATC-1,0.706697,0.286239,0.000136,0.006928
AAGCATACTCTCCTGA-1,0.235628,0.512844,0.000058,0.25147
AAGCCACTTGCAGGTA-1,0.109034,0.117795,0.497496,0.275675
AAGCCGAAGCGGTTTA-1,0.001754,0.195419,0.405009,0.397818
AAGCCGCCGTGAAATC-1,0.081127,0.51643,0.073389,0.329054
AAGCCGCTTTACCTTG-1,0.488568,0.421304,0.001068,0.08906
AAGCCGGAGAGCAGGA-1,0.307608,0.18819,0.407912,0.096291
AAGCGCAGGGCTTTGA-1,0.339046,0.000131,0.067255,0.593568
AAGCGGAGTGCGCGCA-1,0.071784,0.65325,0.247851,0.027114
AAGCGGCGTCATGGGT-1,0.075649,0.64097,0.02614,0.257242
AAGCGTCCCTCATCGA-1,0.000047,0.592537,0.029832,0.377584
AAGCTAGATCGAGTAA-1,0.072577,0.682263,0.002116,0.243043
AAGCTATGGATTGACC-1,0.149422,0.039984,0.392205,0.418389
AAGCTCGTGCCAAGTC-1,0.00353,0.194725,0.042932,0.758814
AAGCTCTTTCATGGTG-1,0.473522,0.417082,0.00014,0.109256
AAGGAGAACTTATAAG-1,0.000017,0.002443,0.310056,0.687484
AAGGAGCGGTTGGTGC-1,0.000026,0.05307,0.260302,0.686602
AAGGATCGATCGCTTG-1,0.000027,0.123473,0.492626,0.383874
AAGGATGAGGGACCTC-1,0.006834,0.147604,0.125442,0.720121
AAGGCAGGCTGTCTCC-1,0.126903,0.084584,0.761551,0.026962
AAGGCGCGTAAAGCTT-1,0.306229,0.316143,0.014603,0.363024
AAGGCTGTGCTCATCG-1,0.000555,0.249164,0.214853,0.535427
AAGGGAACGACTGGCT-1,0.000018,0.054355,0.470875,0.474752
AAGGGACAGATTCTGT-1,0.015957,0.106539,0.146086,0.731417
AAGGGACTATGCATTC-1,0.000013,0.04862,0.224308,0.727058
AAGGGTTAGCCATGCG-1,0.449562,0.000134,0.535484,0.01482
AAGGGTTTGATTTCAG-1,0.285589,0.713936,0.000136,0.000339
AAGGTATCCTAATATA-1,0.093493,0.22807,0.004592,0.673846
AAGGTGATAAACCAGC-1,0.143629,0.348586,0.11669,0.391095
AAGTAGAAGACCGGGT-1,0.000046,0.518995,0.03824,0.442719
AAGTAGTGACGCGAGG-1,0.066937,0.015169,0.149978,0.767916
AAGTCAATTGTCGTCA-1,0.135973,0.659877,0.000085,0.204065
AAGTCTAGTAGCTGCC-1,0.267385,0.33571,0.30828,0.088626
AAGTCTTCTGTGGCCT-1,0.135115,0.429962,0.004762,0.430161
AAGTGACGACCGAATT-1,0.000037,0.159174,0.049834,0.790956
AAGTGAGTCGGGTTTA-1,0.000036,0.495099,0.001106,0.503758
AAGTGCCTTGACTGTA-1,0.040962,0.276497,0.233519,0.449023
AAGTGCGTTAGAATCT-1,0.031697,0.572289,0.156223,0.239791
AAGTGCTTCTCTATTG-1,0.042836,0.270764,0.293859,0.392542
AAGTGTTTGGAGACGG-1,0.639661,0.19359,0.000062,0.166687
AAGTTCACTCCAAGCT-1,0.567165,0.088074,0.000069,0.344692
AAGTTCAGTCTGCGTA-1,0.003187,0.325299,0.250373,0.421141
AAGTTCGGCCAACAGG-1,0.021816,0.111607,0.144591,0.721986
AAGTTGTGATGTTATA-1,0.536416,0.104107,0.335324,0.024153
AAGTTTACTAATGGCA-1,0.000019,0.028048,0.404327,0.567606
AAGTTTATGGGCCCAA-1,0.606754,0.392416,0.000237,0.000593
AATAACAACGCTCGGC-1,0.000016,0.059989,0.090886,0.849108
AATAACACTAGAACAA-1,0.09853,0.745118,0.04079,0.115562
AATAACGTCGCGCCCA-1,0.19678,0.186248,0.616437,0.000535
AATAAGTCCTCGAGAC-1,0.000043,0.464511,0.097538,0.437909
AATAATCTTCGTATCG-1,0.24815,0.181318,0.517509,0.053023
AATACAATGTTTCAGG-1,0.006282,0.14799,0.093309,0.752418
AATACCGGAGGGCTGT-1,0.048671,0.35876,0.08013,0.512439
AATACCTGATGTGAAC-1,0.358991,0.000036,0.640875,0.000098
AATAGAACAGAGTGGC-1,0.000038,0.82828,0.000076,0.171606
AATAGAATCTGTTTCA-1,0.356748,0.346602,0.005323,0.291328
AATAGCAAGCCTCCTG-1,0.489362,0.344381,0.050495,0.115762
AATAGCTACCGCGTGC-1,0.085217,0.058946,0.378579,0.477258
AATAGTCCGTCCCGAC-1,0.001646,0.496989,0.046089,0.455276
AATATCAAGGTCGGAT-1,0.00004,0.4228,0.120921,0.456239
AATATCCTAGCAAACT-1,0.149719,0.849694,0.000168,0.000419
AATATCGAATCAATGC-1,0.039885,0.47983,0.397661,0.082623
AATATCGAGGGTTCTC-1,0.247924,0.057384,0.12119,0.573502
AATATTGGAGTATTGA-1,0.000052,0.400461,0.107396,0.492091
AATCAGGTTTCATTTA-1,0.058969,0.131038,0.303954,0.506039
AATCATGTAAAGACTC-1,0.391424,0.444725,0.000058,0.163793
AATCCAAGGGCCTGAG-1,0.07142,0.284053,0.04261,0.601917
AATCCCGCTCAGAGCC-1,0.243132,0.46462,0.208253,0.083994
AATCGAGGTCTCAAGG-1,0.99963,0.000082,0.000082,0.000205
AATCGCCTCAGCGCCA-1,0.00892,0.295559,0.046112,0.64941
AATCGCGCAGAGGACT-1,0.095952,0.078627,0.649476,0.175945
AATCGGGACACTACGA-1,0.023759,0.0199,0.105929,0.850412
AATCGGTATAGCCCTC-1,0.435035,0.025318,0.527928,0.011719
AATCGTGAGCCGAGCA-1,0.602508,0.09356,0.000061,0.303871
AATCTAGGTTTACTTG-1,0.000034,0.237521,0.167772,0.594673
AATCTATGCCGGAGCC-1,0.01302,0.103293,0.282492,0.601195
AATCTCTACTGTGGTT-1,0.264812,0.647865,0.000075,0.087247
AATCTGCGTTGGGACG-1,0.004683,0.138018,0.332241,0.525057
AATCTGGCTTTCTAGT-1,0.00006,0.59903,0.00012,0.40079
AATCTGGGTAGACCCT-1,0.068502,0.273858,0.549843,0.107798
AATGACAGCAATGTCT-1,0.009555,0.039375,0.091466,0.859603
AATGACGTAGGATGTC-1,0.037667,0.336102,0.045692,0.580539
AATGACTGTCAGCCGG-1,0.003308,0.420735,0.074018,0.501939
AATGAGTTCGCATATG-1,0.012971,0.135826,0.159281,0.691922
AATGATGATACGCTAT-1,0.0095,0.351628,0.124385,0.514486
AATGATGCGACTCCTG-1,0.124644,0.003237,0.381864,0.490254
AATGCAACCGGGTACC-1,0.029163,0.289634,0.057404,0.623798
AATGCACCAAGCAATG-1,0.02166,0.13058,0.304623,0.543137
AATGGCCGCCAATGCG-1,0.247813,0.069822,0.444246,0.238119
AATGGTCCACCGTTCA-1,0.000036,0.231555,0.136263,0.632147
AATGGTTCTCACAAGC-1,0.048511,0.565221,0.014843,0.371425
AATGTATGGCACTGTA-1,0.001177,0.332511,0.001268,0.665045
AATGTGCCCGAGGTGT-1,0.000566,0.111682,0.019164,0.868588
AATGTGCTAATCTGAG-1,0.000046,0.887534,0.077632,0.034788
AATGTTAAGACCCTGA-1,0.992561,0.000053,0.000053,0.007332
AATGTTGTCGTGAGAC-1,0.393478,0.378749,0.08869,0.139082
AATTAAAGGTCGGCGT-1,0.196056,0.554782,0.000077,0.249086
AATTAACGGATTTCCA-1,0.334098,0.665468,0.000124,0.00031
AATTACGAGACCCATC-1,0.00005,0.344385,0.080306,0.575258
AATTAGCGCTGCAGCG-1,0.171576,0.046577,0.160256,0.621592
AATTATACCCAGCAAG-1,0.984617,0.004433,0.00007,0.01088
AATTCATAAGGGATCT-1,0.027266,0.077082,0.092901,0.802751
AATTCATTGTCATGCA-1,0.100827,0.450812,0.000068,0.448292
AATTCCAAGCATGTAC-1,0.09075,0.541861,0.046085,0.321304
AATTCGATTCGAGGAT-1,0.388149,0.61048,0.000391,0.000979
AATTCTAGAGTTAGGC-1,0.000309,0.938469,0.000121,0.0611
AATTGAACGCTCTGGT-1,0.157571,0.670551,0.000068,0.17181
AATTGCAGCAATCGAC-1,0.246531,0.140708,0.480089,0.132673
AATTGCGTGGATTACA-1,0.020851,0.337211,0.18037,0.461568
AATTGTGGTTGCCAAA-1,0.37409,0.270372,0.258128,0.09741
AATTTGGGACATAGTA-1,0.067133,0.225747,0.175949,0.531172
AATTTGGTTCCAAAGA-1,0.015819,0.154963,0.212242,0.616976
ACAAACCATGCGTCCT-1,0.227945,0.418392,0.077641,0.276022
ACAAACCGACAAGGCG-1,0.028818,0.250016,0.484034,0.237132
ACAAACTCCATCAGAG-1,0.000016,0.024116,0.615215,0.360653
ACAAAGAAGGTAGGCC-1,0.100152,0.899472,0.000108,0.000269
ACAAAGCATGACCTAG-1,0.469745,0.188317,0.084668,0.25727
ACAAATCGCACCGAAT-1,0.21583,0.031316,0.101495,0.651359
ACAAATGGTAGTGTTT-1,0.04787,0.128688,0.027692,0.79575
ACAAATTCAGATCTGA-1,0.371501,0.274336,0.032278,0.321885
ACAACAGCATGAGCTA-1,0.000028,0.288922,0.096462,0.614587
ACAACGGTCCCTGCGA-1,0.000046,0.498471,0.055221,0.446262
ACAAGCAGTGCCTAGC-1,0.030674,0.315015,0.095258,0.559053
ACAAGGAAATCCGCCC-1,0.214752,0.734092,0.000076,0.05108
ACAAGGACAAGAGGTT-1,0.000024,0.195778,0.248727,0.555471
ACAAGGATGCTTTAGG-1,0.29251,0.288011,0.335514,0.083965
ACAAGGCCTACCAGCC-1,0.156819,0.133355,0.565732,0.144095
ACAAGGGCAGGCTCTG-1,0.48311,0.229848,0.000048,0.286993
ACAATAGTCGTACGTT-1,0.000036,0.018578,0.115075,0.866311
ACAATCCATTTAAACC-1,0.000011,0.005847,0.223803,0.770339
ACAATCGATCTTTATA-1,0.263629,0.319779,0.079201,0.337391
ACAATGAATACGGAGA-1,0.05791,0.213648,0.155845,0.572596
ACAATGATTCTTCTAC-1,0.104194,0.313113,0.402844,0.179849
ACAATTGTGTCTCTTT-1,0.007993,0.212322,0.361078,0.418608
ACAATTTGAGCAGTGG-1,0.104049,0.140783,0.120406,0.634762
ACAATTTGGCCATATT-1,0.322302,0.108172,0.312354,0.257171
ACACAAAGACGGGTGG-1,0.001713,0.189604,0.117693,0.69099
ACACAAATATTCCTAG-1,0.085407,0.4909,0.364118,0.059576
ACACACCAGGACCAGT-1,0.127882,0.158565,0.18408,0.529474
ACACACTTTCTACACG-1,0.000062,0.676552,0.000125,0.323261
ACACATGATCAAATCT-1,0.000022,0.070665,0.139112,0.790201
ACACATTTCCGTAGAC-1,0.83009,0.003189,0.000225,0.166495
ACACCACATAATTAGC-1,0.058715,0.344652,0.480588,0.116045
ACACCCAGCATGCAGC-1,0.000035,0.277191,0.289326,0.433448
ACACCCGAGAAATCCG-1,0.039034,0.210876,0.139034,0.611056
ACACCCGTAAATCTGT-1,0.462237,0.196297,0.338271,0.003194
ACACCGGTCTGACCGC-1,0.000014,0.007726,0.252523,0.739737
ACACCTTAAGTAGGGC-1,0.009352,0.052407,0.222394,0.715846
ACACCTTACTACTTGC-1,0.33259,0.143944,0.379019,0.144447
ACACGAGACTCCTTCT-1,0.00003,0.577815,0.049226,0.372929
ACACGGCACTATGCAT-1,0.137831,0.467754,0.000341,0.394073
ACACGGGAACTTAGGG-1,0.000051,0.85427,0.000102,0.145576
ACACGTAGGCCACAAG-1,0.139589,0.337096,0.39308,0.130235
ACACTCCAATGTCACT-1,0.033673,0.785157,0.000135,0.181034
ACACTGATCAAGGTGT-1,0.006157,0.21043,0.064244,0.719169
ACACTGGGACAGTCGT-1,0.31115,0.016313,0.393111,0.279426
ACAGAACTGAGAACAA-1,0.225653,0.493573,0.05907,0.221704
ACAGATTAGGTTAGTG-1,0.000026,0.017253,0.290049,0.692672
ACAGCATAGAGCCAGT-1,0.031549,0.061784,0.096335,0.810332
ACAGCGACATTCTCAT-1,0.32644,0.008587,0.10844,0.556532
ACAGCGCACCCGCAGC-1,0.051122,0.827708,0.092709,0.028461
ACAGGCACGGATCCTT-1,0.768909,0.230814,0.000079,0.000198
ACAGGCTTGCCCGACT-1,0.058958,0.28922,0.236094,0.415728
ACAGGTGGAGGTGAGG-1,0.002101,0.278972,0.10549,0.613437
ACAGTAATACAACTTG-1,0.000025,0.174692,0.08028,0.745003
ACAGTATACCGTGGGA-1,0.285111,0.170778,0.280521,0.263591
ACAGTGCAGCGCATTT-1,0.093275,0.283255,0.544148,0.079322
ACATAAGTCGTGGTGA-1,0.000037,0.497395,0.00528,0.497289
ACATAATAAGGCGGTG-1,0.028809,0.140356,0.080424,0.750411
ACATACAATCAAGCGG-1,0.93111,0.002172,0.000066,0.066653
ACATCAGCTGGGACGC-1,0.066734,0.905683,0.00012,0.027464
ACATCCCGGCCATACG-1,0.068503,0.617018,0.000667,0.313812
ACATCCTGGTAACTGT-1,0.04417,0.350267,0.185968,0.419595
ACATCGATCGTTTACC-1,0.000048,0.924764,0.000097,0.075091
ACATCGGTCAGCCGCG-1,0.009225,0.215436,0.2061,0.569239
ACATCGTATGCAATGG-1,0.03213,0.743988,0.000072,0.22381
ACATCGTTAACCTAGT-1,0.000031,0.169512,0.163289,0.667167
ACATCTCAACGCGTAA-1,0.085752,0.133062,0.227018,0.554168
ACATGCTTACGGCAGC-1,0.162062,0.016834,0.702567,0.118537
ACATGGCGCCAAAGTA-1,0.031729,0.227549,0.19681,0.543912
ACATTAGTTTATATCC-1,0.057466,0.233635,0.061055,0.647844
ACATTCGCGCGGAATA-1,0.014534,0.006243,0.712871,0.266352
ACATTTGAAACCTAAC-1,0.408905,0.000075,0.590834,0.000187
ACCAAACACCCAGCGA-1,0.127765,0.098543,0.369605,0.404088
ACCAAACTAGAAATCC-1,0.015754,0.288441,0.250254,0.445551
ACCAACACCACACACT-1,0.05143,0.190534,0.393192,0.364844
ACCAACCGCACTCCAC-1,0.73799,0.027273,0.099411,0.135326
ACCAACGCTTATTTAT-1,0.053446,0.119127,0.158255,0.669172
ACCAAGAACGCGTGTC-1,0.028957,0.322984,0.017163,0.630896
ACCAAGTCATCGGCAG-1,0.180017,0.236007,0.437276,0.146701
ACCAATATGCAAGTTA-1,0.282142,0.395915,0.01853,0.303413
ACCACAACTCAGAACA-1,0.021712,0.313617,0.049956,0.614715
ACCACAAGTTTCTATC-1,0.000051,0.508415,0.008834,0.4827
ACCACACGGTTGATGG-1,0.847014,0.152551,0.000124,0.000311
ACCACCAATGTAACAA-1,0.066944,0.041291,0.385277,0.506488
ACCACCCTCTCTTCTA-1,0.059426,0.412175,0.451526,0.076874
ACCACGTGCAGCTATA-1,0.759453,0.171895,0.068003,0.000649
ACCAGACCATAACAAC-1,0.170089,0.731687,0.00011,0.098114
ACCAGCCCGGTCTTTG-1,0.000019,0.000038,0.33917,0.660774
ACCAGGAGTGTGATCT-1,0.017606,0.012751,0.174278,0.795366
ACCAGTGCCCGGTCAA-1,0.079815,0.068356,0.389836,0.461993
ACCAGTGCGGGAGACG-1,0.123181,0.168572,0.124646,0.5836
ACCATATCCGCAATAA-1,0.200256,0.127186,0.244361,0.428197
ACCATCCGCCAACTAG-1,0.000019,0.000038,0.076765,0.923178
ACCATCGTATATGGTA-1,0.112954,0.372312,0.000107,0.514627
ACCCAACGCCCGTGGC-1,0.000026,0.453087,0.060883,0.486004
ACCCACCTACATGCTC-1,0.049506,0.416197,0.079606,0.454691
ACCCATCTTGAGGGTA-1,0.000041,0.324776,0.065635,0.609548
ACCCATTTGTCCCTCT-1,0.268662,0.517237,0.106018,0.108082
ACCCGAGCGAAATTAC-1,0.004327,0.110157,0.132815,0.752701
ACCCGATTGGTTCCGA-1,0.118016,0.250352,0.261609,0.370023
ACCCGGAAACTCCCAG-1,0.440484,0.410176,0.000083,0.149256
ACCCGGAGCACCACAA-1,0.00258,0.129046,0.692245,0.176129
ACCCGGATGACGCATC-1,0.000022,0.129107,0.244151,0.62672
ACCCGGTTACACTTCC-1,0.017963,0.606664,0.056968,0.318404
ACCCGTAGCAGAGAAT-1,0.124981,0.339377,0.436249,0.099393
ACCCGTAGTCTAGTTG-1,0.166486,0.112014,0.653941,0.067558
ACCCGTGTCATCAGTA-1,0.013229,0.945331,0.00009,0.04135
ACCCTATGCCATATCG-1,0.013459,0.055413,0.109235,0.821892
ACCCTCCCGTCAGGGC-1,0.67549,0.10989,0.025547,0.189073
ACCCTCCCTTGCTATT-1,0.167957,0.614081,0.000067,0.217895
ACCCTGGTAACGCCCT-1,0.165043,0.345971,0.461311,0.027675
ACCCTTCATCTGCGAA-1,0.000017,0.000033,0.310158,0.689792
ACCCTTGCCTGGGTCG-1,0.007556,0.286884,0.466743,0.238816
ACCCTTTAGTTCTCCA-1,0.023648,0.00712,0.377193,0.592039
ACCGAAAGGGCCCTGC-1,0.002082,0.147326,0.147679,0.702914
ACCGAAGAGTCTGGTT-1,0.000063,0.807083,0.000126,0.192727
ACCGACACATCTCCCA-1,0.728966,0.270484,0.000157,0.000393
ACCGACTGAGTCCCAC-1,0.003719,0.305045,0.115582,0.575655
ACCGAGTCTCCTTATT-1,0.951056,0.000099,0.000099,0.048746
ACCGATAGGCATAACC-1,0.391835,0.299151,0.261837,0.047177
ACCGATATTTAATCAT-1,0.305301,0.20497,0.435423,0.054306
ACCGATGGTAGCATCG-1,0.029798,0.104525,0.117081,0.748596
ACCGCAATAACTGCCT-1,0.1886,0.085629,0.125858,0.599913
ACCGCGGTGGAAGTCG-1,0.253662,0.639805,0.00009,0.106442
ACCGCTAGTCATTGGT-1,0.297207,0.17704,0.360552,0.1652
ACCGGGCCTTTGTTGA-1,0.211919,0.192051,0.185619,0.410411
ACCGGTCAGGTACACC-1,0.000014,0.000028,0.228,0.771958
ACCGGTCTGAGTACGG-1,0.028732,0.163214,0.569735,0.238319
ACCGTCCACTGGGCCC-1,0.033649,0.099578,0.14184,0.724932
ACCGTTCCCGCTCTGA-1,0.040715,0.055788,0.315786,0.587711
ACCTAAGTACCTTTCA-1,0.057077,0.764546,0.00008,0.178298
ACCTAATCGACTTCCT-1,0.082795,0.852064,0.000143,0.064998
ACCTACAGTATGTGGT-1,0.277244,0.081139,0.42487,0.216747
ACCTACTATAAATCTA-1,0.209952,0.155804,0.0522,0.582044
ACCTCAGCGAGGCGCA-1,0.804235,0.143279,0.024907,0.027579
ACCTCCGCCCTCGCTG-1,0.148753,0.076029,0.620729,0.154488
ACCTCCGTTATTCACC-1,0.238614,0.123296,0.519901,0.11819
ACCTCGAACTTATGCT-1,0.000018,0.027919,0.3452,0.626863
ACCTGCGTGTCATGTT-1,0.067784,0.568633,0.098291,0.265293
ACCTTTCCTTTAGAAG-1,0.004733,0.597824,0.093333,0.304111
ACGAAATGGGCGGCAC-1,0.000028,0.003219,0.017798,0.978956
ACGACCCATGAGTTGC-1,0.156626,0.175346,0.427801,0.240226
ACGACTCTAGGGCCGA-1,0.609489,0.00535,0.208974,0.176187
ACGACTGGTCATACTC-1,0.059728,0.100716,0.144238,0.695318
ACGAGAACCCATCACG-1,0.000776,0.716302,0.009505,0.273417
ACGAGATATTTGCTTA-1,0.046315,0.512393,0.190096,0.251196
ACGAGGATACCACTCT-1,0.000021,0.020475,0.274244,0.70526
ACGAGGTTTACAACGT-1,0.000038,0.391872,0.029839,0.578251
ACGAGTACGGATGCCC-1,0.04553,0.348931,0.162655,0.442883
ACGATACATAGAACTA-1,0.000023,0.182522,0.159569,0.657887
ACGATCATACATAGAG-1,0.000037,0.368588,0.129324,0.50205
ACGATCATCTTGTAAA-1,0.095024,0.303548,0.258263,0.343165
ACGATGCATATGTTAT-1,0.000039,0.496258,0.116779,0.386924
ACGATGGATCCGATGC-1,0.000015,0.007666,0.182021,0.810298
ACGCAAACTAATAGAT-1,0.003092,0.417462,0.099121,0.480326
ACGCAATCACTACAGC-1,0.015792,0.661443,0.172047,0.150719
ACGCATAAATGACATG-1,0.178397,0.390834,0.387055,0.043714
ACGCATACGTTTACTA-1,0.34679,0.488422,0.045833,0.118955
ACGCATTCGTGAGTAC-1,0.000018,0.006686,0.155941,0.837355
ACGCCACTCGAAACAG-1,0.998758,0.000052,0.00106,0.00013
ACGCCAGATGATTTCT-1,0.042481,0.296927,0.11931,0.541282
ACGCCAGTGCGTTTGC-1,0.498494,0.010525,0.398865,0.092116
ACGCCCAGCTGTCGAT-1,0.183539,0.136417,0.094457,0.585587
ACGCCGCTAGACGACC-1,0.384493,0.00025,0.411762,0.203495
ACGCGAAGTCAGACGA-1,0.000023,0.304905,0.038206,0.656867
ACGCGCTACACAGGGT-1,0.083939,0.180338,0.000052,0.735671
ACGCGGGCCAAGGACA-1,0.002191,0.383071,0.000071,0.614667
ACGCTACTGAATGGGC-1,0.000891,0.000033,0.998995,0.000082
ACGCTAGTATCAGTGC-1,0.087476,0.065578,0.788621,0.058325
ACGCTAGTGATACACT-1,0.164729,0.111578,0.200977,0.522716
ACGCTGTGAGGCGTAG-1,0.00053,0.132613,0.089269,0.777588
ACGCTTAGTGTCTCTC-1,0.000015,0.000594,0.823725,0.175666
ACGGAACACGAGTGCC-1,0.969676,0.000071,0.030075,0.000177
ACGGAATTTAGCAAAT-1,0.00116,0.526447,0.063341,0.409053
ACGGACGCAGCGACAA-1,0.000186,0.000019,0.934169,0.065625
ACGGACTCTCAAAGCG-1,0.234167,0.210102,0.059827,0.495904
ACGGAGCGCAAATTAC-1,0.004084,0.456737,0.199943,0.339236
ACGGATGGTGCGGATA-1,0.191729,0.260054,0.273218,0.275
ACGGCACTTGCTTGGG-1,0.126848,0.45993,0.039247,0.373975
ACGGCCAACATGGACT-1,0.039136,0.77142,0.000078,0.189366
ACGGCGACGATGGGAA-1,0.139421,0.161529,0.078057,0.620992
ACGGCTGGATGTAGAA-1,0.000018,0.008842,0.066177,0.924964
ACGGGAGTGTCGGCCC-1,0.000017,0.003977,0.137101,0.858904
ACGGGCGTATGCGACA-1,0.103348,0.34961,0.44839,0.098652
ACGGGTTGTGACCTGT-1,0.085265,0.074801,0.597519,0.242414
ACGGTACAGTTCAATG-1,0.246228,0.127782,0.510539,0.115452
ACGGTCACCGAGAACA-1,0.127172,0.574427,0.152074,0.146327
ACGTACAGATTTCTCT-1,0.0924,0.175318,0.025419,0.706863
ACGTACTTTGGCACGG-1,0.000022,0.042778,0.355492,0.601708
ACGTAGATTGCTGATG-1,0.000028,0.121589,0.350175,0.528209
ACGTAGGAGAGTCGCT-1,0.614366,0.303011,0.000226,0.082398
ACGTATTACTCCGATC-1,0.000039,0.596084,0.01104,0.392837
ACGTCCTAAACGAGAT-1,0.086937,0.610468,0.09813,0.204466
ACGTCGGGCAACTCGG-1,0.165343,0.830985,0.000143,0.003529
ACGTCTCGTTCCGGGA-1,0.062711,0.881813,0.000101,0.055375
ACGTGACAAAGTAAGT-1,0.223714,0.44584,0.000519,0.329928
ACGTGCGCCTCGTGCA-1,0.000075,0.662721,0.040976,0.296228
ACGTGGTCGAATGTGC-1,0.096973,0.425306,0.09203,0.385691
ACGTTAATGTCGAAGA-1,0.10798,0.542177,0.030243,0.319601
ACGTTAGATTTGCCCG-1,0.085017,0.315097,0.000106,0.599779
ACGTTCACTATGCCGC-1,0.025128,0.044784,0.558489,0.371599
ACGTTCCGCGCTCCGT-1,0.000013,0.000025,0.209101,0.790861
ACGTTCGCAATCAATT-1,0.131898,0.278557,0.470565,0.11898
ACGTTCGTTCAGGAAA-1,0.071098,0.313799,0.071204,0.543898
ACGTTCTGTACAAGTC-1,0.699621,0.000062,0.202724,0.097593
ACGTTGTCGTTGAAAG-1,0.18835,0.087749,0.479608,0.244293
ACGTTTAGTTGTGATC-1,0.000046,0.234352,0.044719,0.720883
ACGTTTCGGTGCACTT-1,0.154812,0.251943,0.573215,0.02003
ACTAAGGACGCACACC-1,0.087951,0.042272,0.494873,0.374904
ACTAATACGTCAGGCG-1,0.150549,0.720168,0.101584,0.027699
ACTACAAAGAGAGGTG-1,0.037118,0.22201,0.089239,0.651633
ACTACATCCCGACAAG-1,0.000047,0.675835,0.000093,0.324025
ACTACCAGCTCTCTGG-1,0.000015,0.00003,0.257989,0.741966
ACTACCATCCGAGGGC-1,0.03145,0.238936,0.591812,0.137802
ACTACGCGTTAGAATT-1,0.08387,0.232313,0.107387,0.57643
ACTAGTTGCGATCGTC-1,0.100294,0.743683,0.088682,0.067341
ACTATATGCTGTGTTC-1,0.095634,0.37285,0.279131,0.252385
ACTATCCAGGGCATGG-1,0.058203,0.022474,0.42171,0.497613
ACTATCTGCCCGCGTA-1,0.254218,0.388727,0.310777,0.046279
ACTATGTCCAGCTGCC-1,0.04257,0.211247,0.107663,0.63852
ACTATTCGTCCGTGGT-1,0.000035,0.157043,0.236839,0.606083
ACTATTTCCGGGCCCA-1,0.103578,0.506899,0.030285,0.359238
ACTCAACGAATGTATT-1,0.099324,0.756547,0.010711,0.133418
ACTCAAGTGCAAGGCT-1,0.161425,0.283158,0.127594,0.427822
ACTCAATAAAGGCACG-1,0.000038,0.578783,0.041231,0.379947
ACTCAGACCTGCTTCT-1,0.006279,0.003658,0.185326,0.804737
ACTCATGGCAGCCTTC-1,0.076709,0.17103,0.444748,0.307513
ACTCCAATATCATCAT-1,0.02177,0.16773,0.266204,0.544295
ACTCCCATTCCTAAAG-1,0.000023,0.04664,0.163509,0.789828
ACTCCCGAATTCGTTT-1,0.047117,0.337758,0.276159,0.338966
ACTCCCGTAGACTAGG-1,0.042496,0.279441,0.575663,0.1024
ACTCCCTAATGCTAAA-1,0.55285,0.314114,0.00009,0.132947
ACTCCCTAGAATAGTA-1,0.35187,0.492038,0.00006,0.156032
ACTCCGGCCGACCACT-1,0.98884,0.010965,0.000056,0.000139
ACTCGCCGTTCGATAA-1,0.178259,0.667606,0.107295,0.04684
ACTCGCGATCTGACGC-1,0.063676,0.628369,0.233996,0.073958
ACTCGTAACCCGTCCT-1,0.000023,0.0323,0.179818,0.787859
ACTCGTCAGTAATCCC-1,0.000026,0.287152,0.148195,0.564627
ACTCTCTGACTTAGGT-1,0.071308,0.699054,0.000106,0.229532
ACTCTCTTATACACGA-1,0.022582,0.503586,0.003913,0.46992
ACTCTGACCTAATAGA-1,0.783449,0.213087,0.000058,0.003406
ACTCTTCAGCTCCCGC-1,0.395898,0.403152,0.158445,0.042505
ACTCTTGTATAGTAAC-1,0.036081,0.089111,0.072287,0.802521
ACTGAAACGCCGTTAG-1,0.177234,0.337877,0.077093,0.407796
ACTGAATGGCGAAAGT-1,0.129067,0.430286,0.001273,0.439374
ACTGATTTAGTGATTC-1,0.144494,0.218219,0.370807,0.266481
ACTGCCCGCCATTCTC-1,0.018644,0.10636,0.411983,0.463013
ACTGCCGTCGTAACTC-1,0.037975,0.110524,0.025704,0.825797
ACTGCGGACACACCGT-1,0.162083,0.408533,0.340516,0.088868
ACTGCTCGGAAGGATG-1,0.00002,0.01747,0.130251,0.852259
ACTGGCGAACCTGCGT-1,0.069945,0.347363,0.39007,0.192622
ACTGGGATGCCAGTGC-1,0.210559,0.187617,0.190296,0.411528
ACTGTACGATACACAT-1,0.080707,0.122704,0.12443,0.672159
ACTGTAGCACTTTGGA-1,0.000032,0.209688,0.065919,0.724361
ACTGTATACGCGAGCA-1,0.000031,0.03484,0.051732,0.913397
ACTGTCCAGGATTATA-1,0.08897,0.06268,0.088073,0.760277
ACTGTCTTCTTTAGAA-1,0.000043,0.574185,0.001572,0.4242
ACTGTGCTAGTAGATC-1,0.000046,0.154233,0.033423,0.812298
ACTGTTTAGTGTAGGC-1,0.000058,0.434661,0.173177,0.392104
ACTTACCGGGCGCGCA-1,0.078874,0.235956,0.070302,0.614869
ACTTACGCATCCACGC-1,0.634204,0.131993,0.000103,0.2337
ACTTAGTACGACAAGA-1,0.000047,0.382721,0.030748,0.586483
ACTTATACTTACCCGG-1,0.109317,0.145213,0.017979,0.727491
ACTTATTAGGATCGGT-1,0.22438,0.485214,0.006774,0.283632
ACTTATTTATGTGCCA-1,0.214222,0.042954,0.159226,0.583598
ACTTCAGGCTGATCCC-1,0.071685,0.926919,0.000094,0.001303
ACTTCCAGTGGAAGCT-1,0.137904,0.861597,0.000142,0.000356
ACTTCCATGCGGGACA-1,0.786318,0.086824,0.00012,0.126738
ACTTCCTGTCGTGCGA-1,0.124953,0.187592,0.548299,0.139156
ACTTCGCCATACGCAC-1,0.007397,0.010414,0.404991,0.577198
ACTTCGCTAGCGAGTG-1,0.039024,0.352893,0.347132,0.260951
ACTTGACTCCCTCTTT-1,0.207456,0.105404,0.264101,0.423039
ACTTGCCATATTGTAC-1,0.000049,0.307388,0.032322,0.660241
ACTTGCTCTATCTACC-1,0.375773,0.468249,0.073848,0.08213
ACTTGGGACCCGGTGG-1,0.055988,0.386384,0.034717,0.522911
ACTTGGGCTTTCGCCA-1,0.687157,0.02671,0.195894,0.09024
ACTTGTAGTCCCTTCA-1,0.000018,0.000428,0.214489,0.785065
ACTTGTGGATGGAACG-1,0.158119,0.0927,0.390682,0.358499
ACTTGTTACCGGATCA-1,0.105209,0.0076,0.745897,0.141294
ACTTTACCCTCATGAA-1,0.133101,0.096076,0.273562,0.497261
ACTTTATACACCACTT-1,0.201702,0.008337,0.688638,0.101323
ACTTTCCTATAGCTTC-1,0.048321,0.452193,0.127017,0.372468
ACTTTGACTGCATCCT-1,0.030384,0.017815,0.094616,0.857184
ACTTTGGTCGTGCTCC-1,0.000057,0.783217,0.001014,0.215712
ACTTTGTCGACGCACT-1,0.399574,0.291515,0.280736,0.028174
AGAAATTATGACTCGC-1,0.480914,0.150663,0.325724,0.042699
AGAACACGGCGATGGT-1,0.010111,0.001479,0.72381,0.2646
AGAACCCAGCGTGACA-1,0.250298,0.448631,0.244191,0.05688
AGAACCCTCAATTGGG-1,0.008798,0.201977,0.070213,0.719013
AGAACGTGGTACATTC-1,0.001744,0.044084,0.132261,0.821911
AGAACTGTACTTTGTA-1,0.999701,0.000066,0.000066,0.000166
AGAAGAGCGCCGTTCC-1,0.000368,0.481938,0.000736,0.516959
AGAAGGTACACTTCAC-1,0.000016,0.000032,0.221012,0.778939
AGAAGGTTGCCGAATT-1,0.000026,0.16761,0.158013,0.67435
AGAAGGTTGTAGGTCG-1,0.517039,0.045689,0.004193,0.43308
AGAAGTGATTCGTGAT-1,0.004785,0.86153,0.003179,0.130506
AGAATAAATCTTCAGG-1,0.175962,0.808599,0.000087,0.015353
AGAATACAGGCTATCC-1,0.810559,0.072724,0.115103,0.001614
AGAATGCGGGTTCGGA-1,0.050637,0.501942,0.25392,0.193501
AGAATTATGGATTCGA-1,0.072798,0.371228,0.024316,0.531658
AGAATTGTTTGACATA-1,0.026027,0.011516,0.130305,0.832152
AGACAGGCATCTCAGC-1,0.291159,0.328563,0.280166,0.100112
AGACATAGATCCTTCC-1,0.000057,0.431839,0.136367,0.431737
AGACCAAACCACACCT-1,0.000023,0.039148,0.112617,0.848212
AGACCATGGGATACAA-1,0.034231,0.248786,0.094082,0.622901
AGACCCACCGCTGATC-1,0.062354,0.551236,0.00006,0.38635
AGACCCGCCCTCCTCG-1,0.112533,0.240427,0.13805,0.50899
AGACCGCTCCGCGGTT-1,0.19344,0.124602,0.599348,0.08261
AGACCGGGAAACCCTG-1,0.000038,0.500246,0.041797,0.45792
AGACGAAGTGCCGGTC-1,0.162172,0.108322,0.230159,0.499347
AGACGACGATGCCGCT-1,0.014499,0.170264,0.239119,0.576118
AGACGCCCACTTCGCC-1,0.351171,0.020039,0.475852,0.152938
AGACGGGATTGGTATA-1,0.003437,0.644418,0.170536,0.181609
AGACGGGCCGATTTAA-1,0.097912,0.467139,0.146681,0.288268
AGACTAGCCTTCCAGA-1,0.000047,0.41621,0.047189,0.536555
AGACTGTTACCGGGTC-1,0.091671,0.684589,0.007596,0.216145
AGAGAAACACCAGAAA-1,0.07621,0.214671,0.15789,0.551229
AGAGAACCGTCTAGGA-1,0.00002,0.119719,0.13819,0.742072
AGAGAAGGAGTACAAT-1,0.02598,0.024084,0.236139,0.713797
AGAGATCTCTAAAGCG-1,0.045541,0.362748,0.020795,0.570916
AGAGCAGTTATGAGAC-1,0.00003,0.142832,0.044389,0.812748
AGAGCCGCCGAGATTT-1,0.118229,0.422333,0.366962,0.092476
AGAGCGCTTGTAACGG-1,0.215878,0.170697,0.604596,0.008829
AGAGCGGGCTAATCAT-1,0.000013,0.000026,0.182314,0.817647
AGAGCGTACAAGCTCG-1,0.000064,0.589735,0.029774,0.380427
AGAGGCTTCGGAAACC-1,0.112758,0.634381,0.107474,0.145387
AGAGGGACAATTGTCC-1,0.115634,0.175191,0.514518,0.194657
AGAGGTATCTCGGTCC-1,0.000027,0.013915,0.292632,0.693427
AGAGTAAACTTCACTA-1,0.084263,0.182071,0.377685,0.355981
AGAGTATAGTGTTACG-1,0.353296,0.358596,0.11508,0.173028
AGAGTCTTAATGAAAG-1,0.306592,0.126713,0.562562,0.004134
AGAGTGAACAGACACC-1,0.07359,0.002886,0.854494,0.06903
AGAGTTAGAGACCGAT-1,0.413094,0.310034,0.077649,0.199223
AGAGTTGCAGGCCTCC-1,0.12101,0.230002,0.540903,0.108085
AGATAACTTCAGGGCC-1,0.000015,0.021508,0.206538,0.771939
AGATACCAATAGAACC-1,0.03253,0.051406,0.82343,0.092633
AGATACCAGCACTTCA-1,0.106875,0.225443,0.452571,0.215111
AGATACCGGTGTTCAC-1,0.000047,0.674731,0.000093,0.32513
AGATACGACTTCATAT-1,0.002037,0.162339,0.064912,0.770712
AGATACTCAAGATCGA-1,0.091071,0.059133,0.059751,0.790045
AGATATAATACGACTA-1,0.205037,0.527526,0.000244,0.267192
AGATCGTGCATAAGAT-1,0.004415,0.33404,0.328559,0.332986
AGATCTCAGGTGTGAT-1,0.000042,0.308574,0.095973,0.595411
AGATCTGGAGAGGATA-1,0.000011,0.000023,0.749985,0.249981
AGATGACTCGCCCACG-1,0.00004,0.213731,0.107952,0.678276
AGATGAGGGTTGCGAT-1,0.000041,0.695294,0.027312,0.277353
AGATGATGGAGTCTGG-1,0.000031,0.463137,0.169533,0.367298
AGATGCAAGACGTGCA-1,0.006621,0.207379,0.17164,0.61436
AGATGCATCCTGTGTC-1,0.044971,0.7031,0.000083,0.251846
AGATTATAGGACGTTT-1,0.000023,0.138447,0.234985,0.626545
AGATTCAAGCGGGTCG-1,0.072474,0.281753,0.632302,0.013471
AGATTCACAACCGATA-1,0.000012,0.00056,0.220283,0.779144
AGCAAAGGCCGCTAGT-1,0.284823,0.714588,0.000168,0.000421
AGCAACATATCTTATT-1,0.048403,0.501607,0.03008,0.419911
AGCAACCGAAAGTAAT-1,0.002374,0.20863,0.16597,0.623026
AGCACACGTTTAGACT-1,0.172565,0.549775,0.204031,0.073629
AGCACCAGTACTCACG-1,0.126867,0.224944,0.12104,0.527149
AGCACTACCGGCCTGT-1,0.076261,0.330018,0.013078,0.580643
AGCACTACCTCACCAG-1,0.242965,0.672659,0.000081,0.084294
AGCACTTAAGGACGCC-1,0.000037,0.286098,0.096059,0.617806
AGCAGAAGGAGAAAGA-1,0.349964,0.515132,0.000118,0.134786
AGCAGCCAGATGAATA-1,0.102355,0.066397,0.027706,0.803541
AGCAGTCGAAGCATGC-1,0.45028,0.000051,0.540019,0.009651
AGCATATCAATATGCT-1,0.134565,0.391646,0.01189,0.461898
AGCATCATTTCGAAAG-1,0.007468,0.019047,0.318419,0.655066
AGCATCGTCGATAATT-1,0.000018,0.002568,0.32742,0.669994
AGCATTACGAGGCAAG-1,0.521448,0.100075,0.201739,0.176739
AGCCAAGCTTTGTGTC-1,0.045761,0.925021,0.000113,0.029106
AGCCACAGGTTACCCG-1,0.568542,0.369464,0.00308,0.058913
AGCCACTCCCGTGCTT-1,0.000027,0.124628,0.190559,0.684786
AGCCATATAGTATGTG-1,0.259778,0.214587,0.000791,0.524844
AGCCCATACATGTAAG-1,0.000051,0.422513,0.02947,0.547966
AGCCCGCAACAAGCAG-1,0.317285,0.264647,0.022313,0.395755
AGCCCGCACTACAATG-1,0.270985,0.119763,0.609056,0.000196
AGCCCGGCATTAGAGG-1,0.000009,0.001044,0.331977,0.666971
AGCCCGGTAGCCTGTA-1,0.030681,0.906532,0.000077,0.062709
AGCCCTAAGCGAAGTT-1,0.018573,0.105794,0.161497,0.714136
AGCCCTCCCTGGTGGC-1,0.050149,0.11141,0.280483,0.557958
AGCCCTGTCGCACCGT-1,0.097177,0.15418,0.595317,0.153326
AGCCCTTCTAATCCGA-1,0.042666,0.166096,0.106154,0.685084
AGCCCTTGGACATCCC-1,0.064732,0.013562,0.889551,0.032156
AGCCGTGGCTAAATGT-1,0.005662,0.449099,0.097035,0.448204
AGCCTAATACCCACGT-1,0.001726,0.070006,0.236572,0.691696
AGCCTTAAAGCGGAAG-1,0.027695,0.971789,0.000147,0.000369
AGCCTTGTCACTGATA-1,0.026483,0.035627,0.304303,0.633587
AGCGACAGGAACGGTC-1,0.018345,0.232498,0.100372,0.648785
AGCGACATCCCATTCA-1,0.028323,0.085513,0.178847,0.707317
AGCGACCAACGATATT-1,0.048348,0.16824,0.209732,0.57368
AGCGATGCGCCTAATA-1,0.315174,0.064063,0.492268,0.128495
AGCGCATAATGAATCG-1,0.060346,0.486584,0.001617,0.451454
AGCGCGGGTGCCAATG-1,0.000028,0.356757,0.091919,0.551296
AGCGCTAGAGCGATGT-1,0.059493,0.440438,0.382342,0.117727
AGCGCTTATGGGCAAG-1,0.029965,0.266693,0.336395,0.366947
AGCGGACACTTCGTAG-1,0.416484,0.580067,0.00017,0.003279
AGCGGCGGTTAGCGGT-1,0.000017,0.006638,0.134041,0.859304
AGCGGGAAGGGTCCAT-1,0.000034,0.299682,0.072458,0.627826
AGCGGGTCTGACACTC-1,0.572328,0.041519,0.000126,0.386027
AGCGGTTGAGATGTAC-1,0.069731,0.15279,0.401697,0.375782
AGCGGTTGCCGCTCTG-1,0.095833,0.250177,0.386071,0.267919
AGCGTCTGAACCCGCA-1,0.000019,0.009432,0.278105,0.712444
AGCGTGGTATTCTACT-1,0.200025,0.492349,0.00008,0.307546
AGCGTTCCGATTTAAA-1,0.023722,0.257551,0.509857,0.20887
AGCTAACAAGCAATGT-1,0.000011,0.025913,0.312464,0.661612
AGCTAAGCTCCGTCCG-1,0.156922,0.208338,0.360362,0.274378
AGCTAAGTACGCAGGC-1,0.786114,0.213597,0.000082,0.000206
AGCTACGAATGGTGGT-1,0.453935,0.347794,0.146345,0.051926
AGCTAGAAGCAGAAGT-1,0.021541,0.229778,0.301856,0.446825
AGCTATTTAATCCAAC-1,0.050574,0.516422,0.000098,0.432907
AGCTCCATATATGTTC-1,0.306215,0.26771,0.37477,0.051304
AGCTCCTTCGCACATC-1,0.545697,0.429117,0.000088,0.025098
AGCTCGTTGATGGAAA-1,0.230242,0.536755,0.151766,0.081236
AGCTCTAGACGTTCCA-1,0.188392,0.508059,0.019877,0.283672
AGCTCTTCCCAGTGCA-1,0.140542,0.649635,0.000104,0.209719
AGCTCTTCGTAACCTT-1,0.000022,0.107824,0.505966,0.386187
AGCTCTTTACTCAGTT-1,0.159724,0.150971,0.096472,0.592833
AGCTGAAGTAAACCAA-1,0.000027,0.371182,0.073199,0.555592
AGCTGCATTTGAGGTG-1,0.120208,0.468162,0.311064,0.100565
AGCTGCTGTGCCGAAT-1,0.242525,0.371772,0.2855,0.100203
AGCTGTAACCTCAATC-1,0.043768,0.222898,0.01749,0.715844
AGCTTATAGAGACCTG-1,0.022521,0.620843,0.023899,0.332737
AGCTTCAATACTTTGA-1,0.002072,0.176354,0.331213,0.490361
AGCTTCTTCTCGAGCA-1,0.637322,0.018344,0.106134,0.238201
AGCTTGATCAGGGTAG-1,0.232093,0.028981,0.484882,0.254044
AGCTTGATCTTAACTT-1,0.000018,0.000035,0.233631,0.766316
AGGAACGAACGACTTC-1,0.449021,0.201183,0.249145,0.100651
AGGAAGCTGTCCGCCG-1,0.2663,0.039102,0.132851,0.561746
AGGACAGTCGAATCCC-1,0.252475,0.283332,0.003917,0.460276
AGGACATCGCACGTCG-1,0.001707,0.472231,0.074157,0.451905
AGGACATCGGCACACT-1,0.394188,0.131898,0.469228,0.004686
AGGACGACCCATTAGA-1,0.000022,0.091664,0.09291,0.815405
AGGACGCTCGATGTTG-1,0.063263,0.133042,0.163452,0.640243
AGGAGACATCCACAGT-1,0.178551,0.173693,0.517675,0.130081
AGGAGAGTCTGGCTAC-1,0.073658,0.012855,0.35998,0.553507
AGGAGCGTTTATTATC-1,0.252006,0.34323,0.400137,0.004626
AGGAGGCCTTCGCGCG-1,0.106772,0.039421,0.135593,0.718213
AGGATAAAGTCGGGAT-1,0.192287,0.721151,0.000082,0.086481
AGGATATAGGGATTTA-1,0.323012,0.445084,0.11974,0.112164
AGGATATCCGACTGCA-1,0.612925,0.327613,0.047016,0.012446
AGGATCACGCGATCTG-1,0.000038,0.266553,0.086774,0.646635
AGGATTGCTTACGACA-1,0.070857,0.269168,0.598884,0.061091
AGGCACGTGACTGTCC-1,0.44965,0.245739,0.273946,0.030666
AGGCAGATGCGTAAAC-1,0.001177,0.535702,0.018601,0.44452
AGGCAGGGAGCGTACT-1,0.013141,0.500776,0.046433,0.43965
AGGCATTGTCGTAGGG-1,0.046911,0.211707,0.18071,0.560671
