Barcode,Topic 1,Topic 2to3,Topic 4,Topic 5,Topic 6,Topic 7,Topic 8,Topic 9
AAACAAGTATCTCCCA-1,0.007572,0.170163,0.063002,0.225038,0.080031,0.056133,0.123788,0.274274
AAACACCAATAACTGC-1,0.021175,0.357635,0.008694,0.084181,0.280393,0.02564,0.039096,0.183185
AAACAGCTTTCAGAAG-1,0.185263,0.408189,0.186835,0.209919,0.000107,0.003002,0.000238,0.006447
AAACAGGGTCTATATT-1,0.240447,0.046515,0.443652,0.181309,0.000007,0.041421,0.012239,0.03441
AAACATGGTGAGAGGA-1,0.013136,0.441323,0.242817,0.226685,0.000011,0.000011,0.076005,0.000011
AAACATTTCCCGGATT-1,0.014556,0.00502,0.031954,0.010766,0.037105,0.130617,0.211424,0.558557
AAACCCGAACGAAATC-1,0.116382,0.235356,0.2582,0.379554,0.005045,0.005003,0.000448,0.000011
AAACCGGGTAGGTACC-1,0.013812,0.577547,0.042553,0.06539,0.223355,0.031113,0.008768,0.037463
AAACCGTTCGTCCAGG-1,0.013582,0.180252,0.000031,0.003721,0.144825,0.057879,0.02676,0.572949
AAACCTAAGCAGCCGG-1,0.269625,0.012145,0.144467,0.011402,0.025271,0.316865,0.042863,0.177362
AAACCTCATGAAGTTG-1,0.016558,0.569988,0.073935,0.080685,0.079208,0.035823,0.025764,0.118039
AAACGAAGATGGAGTA-1,0.093008,0.244031,0.23931,0.376873,0.040531,0.004532,0.00113,0.000585
AAACGAGACGGTTGAT-1,0.000026,0.80904,0.037336,0.105529,0.019443,0.020331,0.001107,0.007186
AAACGGGCGTACGGGT-1,0.00526,0.028087,0.038999,0.092386,0.003906,0.09573,0.069981,0.665652
AAACGGTTGCGAACTG-1,0.022324,0.001738,0.028008,0.070363,0.256621,0.327388,0.03004,0.263519
AAACTCGGTTCGCAAT-1,0.000012,0.000024,0.000012,0.000012,0.000765,0.003022,0.01659,0.979562
AAACTCGTGATATAAG-1,0.026897,0.731776,0.168169,0.028174,0.04494,0.000014,0.000014,0.000014
AAACTGCTGGCTCCAA-1,0.189125,0.028095,0.65532,0.042303,0.000013,0.083198,0.000013,0.001933
AAACTTAATTGCACGC-1,0.058194,0.161152,0.387305,0.283401,0.000014,0.000014,0.109904,0.000014
AAACTTGCAAACGTAT-1,0.062086,0.216929,0.484198,0.149346,0.000009,0.066285,0.002724,0.018424
AAAGAATGACCTTAGA-1,0.049436,0.543683,0.128029,0.171329,0.076166,0.014692,0.006619,0.010047
AAAGAATGTGGACTAA-1,0.002062,0.000031,0.000015,0.000015,0.488669,0.014636,0.007935,0.486637
AAAGACCCAAGTCGCG-1,0.000036,0.727533,0.000036,0.000036,0.272251,0.000036,0.000036,0.000036
AAAGACTGGGCGCTTT-1,0.008751,0.816854,0.065893,0.082632,0.003694,0.001987,0.010768,0.00942
AAAGCTTGCCTACATA-1,0.027288,0.40029,0.517162,0.052733,0.002489,0.000013,0.000013,0.000013
AAAGGCCCTATAATAC-1,0.014645,0.162901,0.003531,0.262759,0.251504,0.105664,0.072906,0.126089
AAAGGCTACGGACCAT-1,0.014816,0.010931,0.000018,0.003277,0.134732,0.11315,0.055745,0.66733
AAAGGCTCTCGCGCCG-1,0.000027,0.000054,0.000027,0.000027,0.002834,0.026245,0.005772,0.965015
AAAGGGATGTAGCAAG-1,0.025086,0.500073,0.454727,0.020063,0.000013,0.000013,0.000013,0.000013
AAAGGGCAGCTTGAAT-1,0.000219,0.771081,0.181355,0.011076,0.005172,0.002072,0.00432,0.024707
AAAGTAGCATTGCTCA-1,0.099365,0.292354,0.044356,0.066063,0.056836,0.293397,0.016739,0.130889
AAAGTCACTGATGTAA-1,0.000037,0.393901,0.029424,0.000037,0.576492,0.000037,0.000037,0.000037
AAAGTCGACCCTCAGT-1,0.092665,0.288407,0.303355,0.127098,0.000009,0.024845,0.034293,0.129329
AAAGTGTGATTTATCT-1,0.000022,0.583544,0.004435,0.116162,0.030677,0.02991,0.061212,0.174038
AAAGTTGACTCCCGTA-1,0.030178,0.546578,0.102163,0.275765,0.020231,0.025028,0.000028,0.000028
AAATAAGGTAGTGCCC-1,0.000007,0.184158,0.796636,0.019174,0.000007,0.000007,0.000007,0.000007
AAATACCTATAAGCAT-1,0.019356,0.258891,0.007461,0.059529,0.019745,0.099923,0.025409,0.509685
AAATAGCTTAGACTTT-1,0.00243,0.209019,0.407398,0.358235,0.019995,0.00176,0.001155,0.000009
AAATAGGGTGCTATTG-1,0.021938,0.004215,0.000024,0.021442,0.203907,0.003376,0.129983,0.615116
AAATCCGATACACGCC-1,0.000012,0.000025,0.000012,0.000012,0.005542,0.02307,0.021992,0.949334
AAATCGCGGAAGGAGT-1,0.031875,0.371171,0.072768,0.279372,0.001684,0.025574,0.122546,0.095011
AAATCGTGTACCACAA-1,0.028201,0.445591,0.016397,0.095672,0.002817,0.155724,0.02598,0.229618
AAATCTAGCCCTGCTA-1,0.227317,0.03767,0.010234,0.001953,0.157105,0.020175,0.312788,0.232757
AAATGATTCGATCAGC-1,0.03957,0.468668,0.483008,0.008699,0.000014,0.000014,0.000014,0.000014
AAATGCTCGTTACGTT-1,0.000023,0.670513,0.324813,0.003874,0.00071,0.000023,0.000023,0.000023
AAATGGCATGTCTTGT-1,0.000045,0.700442,0.000045,0.000045,0.299287,0.000045,0.000045,0.000045
AAATGGCCCGTGCCCT-1,0.034188,0.555084,0.000019,0.134319,0.107777,0.009657,0.08197,0.076986
AAATGGTCAATGTGCC-1,0.000027,0.879773,0.006962,0.027161,0.057051,0.007445,0.000128,0.021453
AAATGTATCTTATCCC-1,0.000014,0.137056,0.851617,0.011259,0.000014,0.000014,0.000014,0.000014
AAATTAACGGGTAGCT-1,0.002659,0.681088,0.017868,0.039231,0.029595,0.026789,0.096961,0.105809
AAATTAATAAGCGCGA-1,0.018418,0.64085,0.225634,0.102929,0.01004,0.001003,0.000375,0.000751
AAATTACACGACTCTG-1,0.000028,0.428346,0.000028,0.000028,0.571483,0.000028,0.000028,0.000028
AAATTACCTATCGATG-1,0.003856,0.817174,0.096735,0.053594,0.028593,0.000016,0.000016,0.000016
AAATTCCAGGTCCAAA-1,0.012738,0.44757,0.322663,0.122344,0.00059,0.012052,0.051238,0.030805
AAATTGATAGTCCTTT-1,0.000028,0.120028,0.000028,0.007922,0.181937,0.03462,0.142493,0.512943
AAATTTGCGGGTGTGG-1,0.003746,0.303707,0.011942,0.033917,0.062079,0.175768,0.027273,0.381567
AACAACTGGTAGTTGC-1,0.049328,0.839565,0.030008,0.062008,0.016363,0.000017,0.000017,0.002694
AACAATACATTGTCGA-1,0.000013,0.000026,0.000013,0.000013,0.008029,0.003148,0.408538,0.580219
AACAATTACTCTACGC-1,0.000011,0.615776,0.297116,0.082379,0.00058,0.000011,0.004116,0.000011
AACACACGCTCGCCGC-1,0.108164,0.015263,0.142218,0.349408,0.017196,0.309041,0.026443,0.032267
AACACGAGACGCGGCC-1,0.013372,0.663891,0.054086,0.133885,0.030743,0.026401,0.007059,0.070562
AACAGCTGTGTGGCAA-1,0.066891,0.000202,0.000014,0.000941,0.170328,0.005428,0.157997,0.5982
AACAGGAAATCGAATA-1,0.065212,0.710891,0.051566,0.046019,0.126245,0.000022,0.000022,0.000022
AACAGGATGGGCCGCG-1,0.006903,0.783032,0.020703,0.055971,0.093105,0.002026,0.013188,0.025072
AACAGGTAGTATGGAT-1,0.007851,0.203293,0.215451,0.264177,0.047639,0.194274,0.043992,0.023322
AACATAGCGTGTATCG-1,0.000036,0.130918,0.007197,0.00108,0.013019,0.111088,0.020831,0.715831
AACATATCAACTGGTG-1,0.000018,0.897396,0.035617,0.028563,0.034529,0.00093,0.00293,0.000018
AACATTGAAGTTGATC-1,0.01572,0.096332,0.001354,0.11852,0.114524,0.171236,0.361061,0.121253
AACATTGTGACTCGAG-1,0.061932,0.001451,0.00167,0.000434,0.160018,0.196144,0.067183,0.511168
AACCAAGACTTCTCTG-1,0.020719,0.584724,0.055832,0.11925,0.001392,0.029131,0.020308,0.168643
AACCATAGGGTTGAAC-1,0.114216,0.280846,0.059165,0.47175,0.031413,0.010304,0.016727,0.015579
AACCATGGGATCGCTA-1,0.032791,0.792762,0.110127,0.002439,0.061486,0.000355,0.00002,0.00002
AACCCAGAGACGGAGA-1,0.052377,0.578251,0.359323,0.00221,0.007784,0.000018,0.000018,0.000018
AACCCATCCCATGATC-1,0.062746,0.564721,0.003091,0.266004,0.091059,0.009895,0.002143,0.00034
AACCCGACAACCCGTG-1,0.000011,0.000023,0.000011,0.000011,0.023582,0.003175,0.033667,0.939519
AACCCGAGCAGAATCG-1,0.032452,0.058665,0.00866,0.047005,0.328642,0.034489,0.169385,0.320701
AACCCTACTGTCAATA-1,0.005846,0.208515,0.280926,0.441371,0.003151,0.025942,0.011089,0.02316
AACCGAGCTTGGTCAT-1,0.000023,0.665299,0.225434,0.103763,0.005412,0.000023,0.000023,0.000023
AACCGCTAAGGGATGC-1,0.029133,0.294731,0.044753,0.191694,0.18012,0.034308,0.133818,0.091444
AACCGTTGTGTTTGCT-1,0.000047,0.407545,0.000047,0.000047,0.59217,0.000047,0.000047,0.000047
AACCTCGCTTTAGCCC-1,0.000016,0.000031,0.000097,0.007298,0.000017,0.057502,0.040403,0.894636
AACCTGTCACGGAATT-1,0.000403,0.322635,0.428564,0.247957,0.000303,0.000088,0.000041,0.000009
AACCTTTAAATACGGT-1,0.000027,0.023141,0.000027,0.000027,0.232001,0.051683,0.022201,0.670892
AACCTTTACGACGTCT-1,0.007245,0.819087,0.042354,0.001555,0.129635,0.000041,0.000041,0.000041
AACGAAAGTCGTCCCA-1,0.119887,0.50452,0.031677,0.110942,0.210454,0.018094,0.002478,0.001949
AACGACCTCCTAGCCG-1,0.014988,0.248806,0.040891,0.010875,0.058276,0.131769,0.011337,0.483058
AACGATAATGCCGTAG-1,0.029726,0.038994,0.108801,0.016594,0.300657,0.359149,0.034717,0.111362
AACGATAGAAGGGCCG-1,0.061833,0.5051,0.430702,0.002185,0.000117,0.000021,0.000021,0.000021
AACGATATGTCAACTG-1,0.036479,0.320592,0.570965,0.037393,0.001936,0.013147,0.004085,0.015402
AACGCATGATCTGGGT-1,0.013542,0.837236,0.091057,0.038301,0.012622,0.007192,0.000025,0.000025
AACGCGACCTTGGGCG-1,0.000012,0.000025,0.000012,0.000012,0.000012,0.001073,0.004824,0.99403
AACGCGGTCTCCAGCC-1,0.036795,0.481811,0.380261,0.055664,0.029001,0.000019,0.007395,0.009054
AACGCTGTTGCTGAAA-1,0.000023,0.084593,0.003412,0.046286,0.193561,0.004213,0.251028,0.416885
AACGGACGTACGTATA-1,0.003533,0.062082,0.027668,0.060111,0.120336,0.033399,0.29724,0.395631
AACGGCCATCTCCGGT-1,0.056344,0.40726,0.015609,0.09602,0.16142,0.116936,0.014755,0.131655
AACGTACTGTGGGTAC-1,0.006785,0.419066,0.119374,0.136839,0.015393,0.302484,0.000029,0.000029
AACGTCAGACTAGTGG-1,0.000012,0.523116,0.456021,0.020803,0.000012,0.000012,0.000012,0.000012
AACGTCGCTGCACTTC-1,0.006606,0.022766,0.007778,0.098971,0.082063,0.062303,0.243532,0.475981
AACGTGCGAAAGTCTC-1,0.000015,0.588869,0.296652,0.106157,0.005995,0.002281,0.000015,0.000015
AACGTTATCAGCACCT-1,0.006395,0.49004,0.493487,0.000788,0.004224,0.005037,0.000015,0.000015
AACTACCCGTTTGTCA-1,0.000026,0.310086,0.031677,0.292057,0.055779,0.023586,0.192768,0.094022
AACTAGGCTTGGGTGT-1,0.005427,0.041506,0.000023,0.000023,0.081788,0.05599,0.01775,0.797492
AACTCAAGTTAATTGC-1,0.0433,0.461128,0.092312,0.18313,0.060657,0.036242,0.037184,0.086048
AACTCCAGAGCGTGTT-1,0.002457,0.009912,0.055218,0.002828,0.001394,0.132208,0.033854,0.762131
AACTCGATGGCGCAGT-1,0.000859,0.762711,0.00004,0.00004,0.236232,0.00004,0.00004,0.00004
AACTCTCAATAGAGCG-1,0.004945,0.431732,0.093685,0.365804,0.095434,0.000084,0.005723,0.002593
AACTCTCAGTGTGCTC-1,0.135818,0.249387,0.188703,0.004901,0.000779,0.150269,0.004174,0.265969
AACTGATATTAGGCCT-1,0.016429,0.732242,0.146486,0.104731,0.000025,0.000035,0.000025,0.000025
AACTGGGTCCCGACGT-1,0.040372,0.738734,0.150215,0.039008,0.011166,0.020465,0.00002,0.00002
AACTTCTGCGTCTATC-1,0.000021,0.465522,0.534043,0.000332,0.000021,0.000021,0.000021,0.000021
AACTTGCCCGTATGCA-1,0.033208,0.734977,0.146005,0.074363,0.000886,0.00864,0.000677,0.001244
AACTTGCGTTCTCGCG-1,0.051562,0.442451,0.505325,0.000613,0.000012,0.000012,0.000012,0.000012
AACTTTACGGGAGCTT-1,0.01393,0.718635,0.116784,0.057946,0.004457,0.015181,0.046023,0.027044
AACTTTCTCGATCATG-1,0.024447,0.561344,0.336754,0.07738,0.000019,0.000019,0.000019,0.000019
AAGAAATCACCAGATT-1,0.00309,0.504002,0.003256,0.017208,0.463939,0.000028,0.005806,0.002672
AAGAAGGATCAGTTAG-1,0.019766,0.568175,0.405977,0.006004,0.00002,0.00002,0.00002,0.00002
AAGACATACGTGGTTT-1,0.002044,0.05702,0.000027,0.027229,0.318207,0.045021,0.182198,0.368253
AAGACCAAATAACTCA-1,0.049349,0.093418,0.506999,0.324618,0.001742,0.01414,0.001047,0.008688
AAGACCCAACTGAACA-1,0.011878,0.020502,0.003428,0.012784,0.102357,0.045497,0.072968,0.730585
AAGACTGCAAGCTACT-1,0.000034,0.831533,0.028242,0.045702,0.055615,0.031295,0.007546,0.000034
AAGAGATGAATCGGTA-1,0.021655,0.457922,0.471587,0.022405,0.026405,0.000009,0.000009,0.000009
AAGAGCTCTTTATCGG-1,0.000022,0.571791,0.2056,0.067314,0.150839,0.00391,0.000345,0.00018
AAGAGGATGTACGCGA-1,0.003806,0.720557,0.088292,0.083746,0.011508,0.046833,0.022097,0.023161
AAGAGGCATGGATCGC-1,0.000807,0.643764,0.139181,0.101212,0.114662,0.000316,0.000034,0.000024
AAGAGGCCCTTTGGAA-1,0.015355,0.109938,0.00023,0.013556,0.080871,0.053388,0.127486,0.599177
AAGATGGCACCGGACC-1,0.043418,0.001757,0.182435,0.022257,0.000008,0.282684,0.003603,0.463838
AAGATTGGCGGAACGT-1,0.000016,0.859601,0.092748,0.010758,0.036828,0.000016,0.000016,0.000016
AAGCACCCTGCGTATC-1,0.000018,0.000035,0.000018,0.000018,0.184913,0.000032,0.020225,0.794742
AAGCATACTCTCCTGA-1,0.129161,0.000073,0.000037,0.000037,0.617077,0.002443,0.054258,0.196913
AAGCCGAAGCGGTTTA-1,0.064939,0.421831,0.033632,0.195459,0.177979,0.014305,0.080445,0.01141
AAGCCGCCGTGAAATC-1,0.009815,0.225488,0.010198,0.187982,0.190916,0.150387,0.061526,0.163688
AAGCCGCTTTACCTTG-1,0.076478,0.419482,0.005145,0.000045,0.498714,0.000045,0.000045,0.000045
AAGCGCAGGGCTTTGA-1,0.001387,0.00003,0.000015,0.000015,0.048878,0.003796,0.026052,0.919826
AAGCGTCCCTCATCGA-1,0.008552,0.062666,0.132961,0.132349,0.213127,0.377019,0.027638,0.045687
AAGCTAGATCGAGTAA-1,0.077197,0.113651,0.04342,0.025487,0.137371,0.155195,0.223006,0.224672
AAGCTCGTGCCAAGTC-1,0.000036,0.816148,0.002902,0.081552,0.084906,0.011718,0.000036,0.002703
AAGCTCTTTCATGGTG-1,0.00003,0.000061,0.00003,0.00003,0.434247,0.00003,0.038346,0.527225
AAGGAGCGGTTGGTGC-1,0.000025,0.754449,0.23007,0.015355,0.000025,0.000025,0.000025,0.000025
AAGGATCGATCGCTTG-1,0.003523,0.105466,0.62332,0.266838,0.000008,0.000829,0.000008,0.000008
AAGGATGAGGGACCTC-1,0.001196,0.804066,0.035357,0.061997,0.036374,0.012579,0.024879,0.023552
AAGGCAGGCTGTCTCC-1,0.01038,0.072085,0.507113,0.4084,0.000265,0.001743,0.000007,0.000007
AAGGCGCGTAAAGCTT-1,0.000008,0.204877,0.795076,0.000008,0.000008,0.000008,0.000008,0.000008
AAGGCTGTGCTCATCG-1,0.028244,0.60965,0.16242,0.073561,0.007754,0.025798,0.031405,0.061167
AAGGGAACGACTGGCT-1,0.038931,0.124656,0.016937,0.142935,0.019231,0.125319,0.187648,0.344343
AAGGGACAGATTCTGT-1,0.002305,0.86046,0.018383,0.022427,0.050735,0.00299,0.026646,0.016054
AAGGGACTATGCATTC-1,0.119782,0.029357,0.03617,0.034888,0.513928,0.010855,0.198777,0.056244
AAGGGTTAGCCATGCG-1,0.207083,0.333204,0.153854,0.145269,0.024262,0.018994,0.021105,0.096229
AAGGGTTTGATTTCAG-1,0.010051,0.469798,0.056286,0.394228,0.056903,0.005892,0.006363,0.00048
AAGGTATCCTAATATA-1,0.002056,0.75093,0.180125,0.017376,0.015444,0.000663,0.033385,0.000021
AAGGTGATAAACCAGC-1,0.061356,0.496538,0.066346,0.245296,0.016565,0.094058,0.011533,0.008309
AAGTAGAAGACCGGGT-1,0.003858,0.775904,0.19079,0.025396,0.003982,0.000023,0.000023,0.000023
AAGTAGTGACGCGAGG-1,0.175969,0.405173,0.390551,0.028246,0.000015,0.000015,0.000015,0.000015
AAGTCAATTGTCGTCA-1,0.0035,0.427022,0.054994,0.332308,0.026178,0.066257,0.063504,0.026237
AAGTCTAGTAGCTGCC-1,0.000036,0.805636,0.000036,0.022876,0.17131,0.000036,0.000036,0.000036
AAGTCTTCTGTGGCCT-1,0.004353,0.308104,0.201343,0.340544,0.010199,0.001155,0.099398,0.034905
AAGTGACGACCGAATT-1,0.012874,0.495114,0.281856,0.149808,0.000075,0.059892,0.000013,0.000367
AAGTGAGTCGGGTTTA-1,0.000015,0.000029,0.000015,0.000015,0.000015,0.002795,0.006106,0.991012
AAGTGCAAAGGTAGAC-1,0.000006,0.222495,0.776067,0.001411,0.000006,0.000006,0.000006,0.000006
AAGTGCCTTGACTGTA-1,0.034057,0.339902,0.120034,0.386471,0.00325,0.022772,0.023433,0.070079
AAGTGCGTTAGAATCT-1,0.041726,0.329028,0.232214,0.053949,0.00614,0.183431,0.034797,0.118716
AAGTGCTTCTCTATTG-1,0.337117,0.001861,0.115478,0.037564,0.002115,0.039415,0.018434,0.448016
AAGTGTTTGGAGACGG-1,0.000025,0.092222,0.038308,0.005142,0.006508,0.081056,0.049485,0.727254
AAGTTCACTCCAAGCT-1,0.008445,0.005425,0.028609,0.048359,0.127102,0.081018,0.197508,0.503534
AAGTTCAGTCTGCGTA-1,0.000039,0.685008,0.005669,0.000039,0.309127,0.000039,0.000039,0.000039
AAGTTCGGCCAACAGG-1,0.046286,0.491488,0.054955,0.079772,0.130693,0.169478,0.005561,0.021766
AAGTTGTGATGTTATA-1,0.014775,0.016509,0.117825,0.062549,0.047119,0.238376,0.067745,0.435101
AAGTTTATGGGCCCAA-1,0.11743,0.00332,0.005573,0.010669,0.024419,0.149314,0.022599,0.666676
AATAACAACGCTCGGC-1,0.000468,0.584857,0.212963,0.146593,0.000014,0.054482,0.000014,0.000609
AATAACACTAGAACAA-1,0.060254,0.139115,0.065065,0.020817,0.461925,0.203085,0.002448,0.047291
AATAACGTCGCGCCCA-1,0.000022,0.062668,0.000022,0.003248,0.259769,0.044912,0.133223,0.496136
AATAATCTTCGTATCG-1,0.015119,0.380476,0.026034,0.1904,0.031739,0.194669,0.046777,0.114787
AATACAATGTTTCAGG-1,0.000023,0.811789,0.036639,0.01019,0.041512,0.000023,0.099802,0.000023
AATACCGGAGGGCTGT-1,0.020761,0.007888,0.024036,0.009868,0.198033,0.281269,0.065268,0.392877
AATACCTGATGTGAAC-1,0.009306,0.018572,0.132695,0.016601,0.000043,0.158582,0.02559,0.63861
AATAGAACAGAGTGGC-1,0.000039,0.250494,0.000039,0.000039,0.252297,0.048227,0.010248,0.438616
AATAGAATCTGTTTCA-1,0.020773,0.152566,0.058362,0.199843,0.346168,0.030971,0.118148,0.073168
AATAGCTACCGCGTGC-1,0.00004,0.823358,0.000479,0.00004,0.175961,0.00004,0.00004,0.00004
AATAGTCCGTCCCGAC-1,0.002731,0.003875,0.01444,0.000021,0.231963,0.012785,0.021308,0.712878
AATAGTCGCGAGTCGG-1,0.000017,0.818981,0.172586,0.003322,0.005043,0.000017,0.000017,0.000017
AATATCAAGGTCGGAT-1,0.000088,0.289925,0.000088,0.000088,0.709547,0.000088,0.000088,0.000088
AATATCCTAGCAAACT-1,0.098925,0.301871,0.081906,0.291762,0.043276,0.003929,0.147756,0.030575
AATATCGAATCAATGC-1,0.090633,0.206976,0.018223,0.215831,0.148307,0.033501,0.26244,0.024089
AATATCGAGGGTTCTC-1,0.000016,0.61104,0.293199,0.086094,0.000016,0.000016,0.009602,0.000016
AATATTGGAGTATTGA-1,0.00105,0.464736,0.186811,0.189494,0.078147,0.004695,0.058116,0.016951
AATCAGGTTTCATTTA-1,0.053091,0.00099,0.000012,0.00064,0.104099,0.009742,0.109147,0.722278
AATCATGTAAAGACTC-1,0.122375,0.000025,0.013957,0.007112,0.000012,0.145154,0.058373,0.652992
AATCCAAGGGCCTGAG-1,0.133349,0.404523,0.461071,0.000985,0.000018,0.000018,0.000018,0.000018
AATCGCCTCAGCGCCA-1,0.004326,0.351479,0.345629,0.288095,0.000024,0.010399,0.000024,0.000024
AATCGCGCAGAGGACT-1,0.022049,0.041723,0.425812,0.504555,0.002062,0.003384,0.000409,0.000007
AATCGGTATAGCCCTC-1,0.000025,0.033816,0.000025,0.000025,0.161156,0.025681,0.060421,0.718851
AATCGTGAGCCGAGCA-1,0.025714,0.07742,0.112234,0.046972,0.167473,0.249643,0.025777,0.294766
AATCTAGGTTTACTTG-1,0.051013,0.322878,0.179355,0.357232,0.03094,0.021525,0.037037,0.000019
AATCTATGCCGGAGCC-1,0.018,0.347316,0.624093,0.010376,0.000177,0.000013,0.000013,0.000013
AATCTCTACTGTGGTT-1,0.152256,0.341221,0.07329,0.244063,0.135335,0.003733,0.026691,0.023412
AATCTGCGTTGGGACG-1,0.001648,0.760057,0.146443,0.070535,0.004997,0.001768,0.006919,0.007632
AATCTGGCTTTCTAGT-1,0.027275,0.323046,0.12262,0.393291,0.055852,0.011386,0.044481,0.02205
AATGACAGCAATGTCT-1,0.068282,0.257254,0.076302,0.135965,0.033166,0.204442,0.107376,0.117214
AATGACGTAGGATGTC-1,0.183695,0.266101,0.402537,0.080107,0.010019,0.04405,0.000444,0.013047
AATGACTGTCAGCCGG-1,0.02058,0.353455,0.564889,0.013198,0.007963,0.003537,0.008787,0.027591
AATGAGTTCGCATATG-1,0.009945,0.792635,0.18884,0.006387,0.002108,0.000028,0.000028,0.000028
AATGATGATACGCTAT-1,0.000059,0.273926,0.719975,0.005983,0.000014,0.000014,0.000014,0.000014
AATGATGCGACTCCTG-1,0.001828,0.51519,0.44105,0.027853,0.014032,0.000015,0.000015,0.000015
AATGCAACCGGGTACC-1,0.032689,0.445813,0.487065,0.03305,0.001344,0.000013,0.000013,0.000013
AATGCACCAAGCAATG-1,0.040107,0.575983,0.343521,0.040215,0.000013,0.000135,0.000013,0.000013
AATGGTCCACCGTTCA-1,0.213085,0.281181,0.38866,0.018999,0.000797,0.034621,0.019829,0.042828
AATGGTTCTCACAAGC-1,0.02565,0.545372,0.370067,0.034798,0.004221,0.007128,0.004377,0.008388
AATGTATGGCACTGTA-1,0.157171,0.188544,0.199514,0.374176,0.044884,0.002459,0.016735,0.016517
AATGTGCCCGAGGTGT-1,0.020323,0.221875,0.002306,0.087341,0.309853,0.154411,0.013795,0.190097
AATGTGCTAATCTGAG-1,0.274668,0.013529,0.182828,0.063499,0.002373,0.417441,0.001544,0.044118
AATGTTAAGACCCTGA-1,0.053976,0.006228,0.117422,0.021506,0.085227,0.151926,0.01037,0.553346
AATGTTGTCGTGAGAC-1,0.000019,0.000039,0.000019,0.000019,0.217038,0.004363,0.056695,0.721807
AATTAAAGGTCGGCGT-1,0.005819,0.608822,0.201539,0.139999,0.019728,0.024051,0.000021,0.000021
AATTAACGGATTTCCA-1,0.120237,0.000058,0.000029,0.000029,0.221942,0.00003,0.326296,0.331378
AATTACGAGACCCATC-1,0.075931,0.113636,0.414921,0.344035,0.022067,0.011817,0.006472,0.011122
AATTAGCGCTGCAGCG-1,0.000037,0.102422,0.006175,0.020078,0.3728,0.036835,0.054417,0.407237
AATTATACCCAGCAAG-1,0.000025,0.00005,0.000025,0.000025,0.034887,0.009261,0.017661,0.938065
AATTCATAAGGGATCT-1,0.015412,0.71532,0.196328,0.011246,0.021484,0.026733,0.013284,0.000193
AATTCATTGTCATGCA-1,0.231698,0.352756,0.088522,0.261039,0.065285,0.000016,0.000344,0.00034
AATTCCAAGCATGTAC-1,0.000019,0.000038,0.000019,0.000019,0.163546,0.000019,0.165865,0.670474
AATTCGATTCGAGGAT-1,0.000883,0.000033,0.000016,0.000016,0.007731,0.00042,0.05913,0.93177
AATTCTAGAGTTAGGC-1,0.054174,0.19895,0.084233,0.058575,0.007761,0.500759,0.008483,0.087064
AATTGAACGCTCTGGT-1,0.015492,0.598608,0.082436,0.125015,0.024898,0.150423,0.000999,0.00213
AATTGCAGCAATCGAC-1,0.002796,0.011476,0.00001,0.000972,0.010739,0.04409,0.033541,0.896375
AATTGTGGTTGCCAAA-1,0.001165,0.027739,0.000015,0.042726,0.220186,0.010399,0.177323,0.520447
AATTTGGTTCCAAAGA-1,0.000038,0.250542,0.031102,0.000038,0.718165,0.000038,0.000038,0.000038
ACAAACCATGCGTCCT-1,0.016748,0.414946,0.042478,0.241872,0.136514,0.019698,0.039096,0.088646
ACAAAGAAGGTAGGCC-1,0.013856,0.41224,0.177619,0.314697,0.023473,0.002431,0.055675,0.000009
ACAAAGCATGACCTAG-1,0.067883,0.020261,0.206787,0.108386,0.014425,0.270845,0.019998,0.291415
ACAAATCGCACCGAAT-1,0.000035,0.077258,0.000038,0.013385,0.336558,0.052317,0.259193,0.261216
ACAAATGGTAGTGTTT-1,0.00348,0.345423,0.418416,0.082555,0.000013,0.089529,0.008854,0.05173
ACAACAGCATGAGCTA-1,0.022161,0.538104,0.200015,0.135781,0.008827,0.011923,0.007088,0.076101
ACAACGGTCCCTGCGA-1,0.001304,0.540086,0.450469,0.008091,0.000012,0.000012,0.000012,0.000012
ACAAGCAGTGCCTAGC-1,0.064486,0.62944,0.074206,0.048517,0.12132,0.00002,0.061992,0.00002
ACAAGCTATATGGAAG-1,0.000007,0.372191,0.420466,0.206068,0.000256,0.000286,0.000719,0.000007
ACAAGGAAATCCGCCC-1,0.000041,0.261291,0.000041,0.009684,0.293716,0.000041,0.42804,0.007144
ACAAGGACAAGAGGTT-1,0.010054,0.338319,0.464949,0.048893,0.000011,0.072103,0.002214,0.063456
ACAAGGATGCTTTAGG-1,0.000023,0.000046,0.000023,0.000023,0.327508,0.003075,0.016814,0.652487
ACAAGGGCAGGCTCTG-1,0.007379,0.35862,0.532435,0.039814,0.002958,0.057875,0.000008,0.00091
ACAATAGTCGTACGTT-1,0.0393,0.689068,0.09712,0.065527,0.047598,0.010453,0.031952,0.018982
ACAATCCATTTAAACC-1,0.000018,0.580114,0.089678,0.118317,0.176753,0.004786,0.00513,0.025205
ACAATGAATACGGAGA-1,0.000018,0.035828,0.000018,0.002544,0.032555,0.030779,0.134896,0.763362
ACAATTGTGTCTCTTT-1,0.094124,0.010778,0.027137,0.094234,0.358847,0.004528,0.265297,0.145056
ACAATTTAGGAGGCTC-1,0.000011,0.574409,0.348372,0.058641,0.005245,0.005426,0.002766,0.00513
ACAATTTGAGCAGTGG-1,0.000023,0.726948,0.001794,0.005137,0.108388,0.000221,0.087026,0.070462
ACAATTTGGCCATATT-1,0.021599,0.46135,0.272016,0.16617,0.017033,0.029711,0.004651,0.027469
ACACAAAGACGGGTGG-1,0.002424,0.186346,0.806567,0.00463,0.000008,0.000008,0.000008,0.000008
ACACACCAGGACCAGT-1,0.03539,0.464432,0.043706,0.240857,0.096587,0.019159,0.047195,0.052675
ACACACTTTCTACACG-1,0.097064,0.417042,0.473471,0.012348,0.000018,0.000018,0.000018,0.000018
ACACATGATCAAATCT-1,0.260806,0.145723,0.001254,0.237717,0.174726,0.00611,0.132328,0.041336
ACACATTTCCGTAGAC-1,0.000017,0.000034,0.000017,0.000017,0.001532,0.037211,0.044346,0.916825
ACACCACATAATTAGC-1,0.000008,0.177491,0.802292,0.020178,0.000008,0.000008,0.000008,0.000008
ACACCCAGCATGCAGC-1,0.000021,0.657672,0.3135,0.028721,0.000021,0.000021,0.000021,0.000021
ACACCCGAGAAATCCG-1,0.015584,0.872654,0.032789,0.011728,0.067174,0.000024,0.000024,0.000024
ACACCGAGCGCTCTTT-1,0.00298,0.878084,0.014197,0.000047,0.10455,0.000047,0.000047,0.000047
ACACCGGTCTGACCGC-1,0.139983,0.209849,0.406707,0.122125,0.048273,0.040054,0.010647,0.022362
ACACCTTAAGTAGGGC-1,0.000029,0.887418,0.000703,0.00639,0.105374,0.000029,0.000029,0.000029
ACACCTTACTACTTGC-1,0.022431,0.114679,0.277773,0.534327,0.014578,0.022558,0.009876,0.003778
ACACGAGACTCCTTCT-1,0.002294,0.760234,0.074299,0.09048,0.003692,0.014373,0.012481,0.042148
ACACGGGAACTTAGGG-1,0.000026,0.898157,0.012384,0.051179,0.015187,0.001101,0.00354,0.018426
ACACGTAGGCCACAAG-1,0.027607,0.06111,0.125237,0.172704,0.079357,0.15759,0.057343,0.319053
ACACTCCAATGTCACT-1,0.020842,0.775494,0.14023,0.005025,0.000035,0.004492,0.053848,0.000035
ACACTGATCAAGGTGT-1,0.00628,0.182276,0.118924,0.003648,0.000024,0.295308,0.014166,0.379373
ACACTGGGACAGTCGT-1,0.000015,0.115366,0.00633,0.029038,0.033461,0.587129,0.190587,0.038075
ACAGAACTGAGAACAA-1,0.239865,0.427765,0.000024,0.035773,0.116572,0.047695,0.015219,0.117088
ACAGCATAGAGCCAGT-1,0.017852,0.145864,0.024268,0.000037,0.81187,0.000037,0.000037,0.000037
ACAGCGACATTCTCAT-1,0.002302,0.010815,0.000031,0.008262,0.264593,0.010215,0.399835,0.303947
ACAGGCACGGATCCTT-1,0.000016,0.008448,0.000016,0.000016,0.022144,0.047051,0.038664,0.883644
ACAGGCTTGCCCGACT-1,0.068838,0.004339,0.176006,0.146197,0.01603,0.167957,0.079915,0.340718
ACAGGTGGAGGTGAGG-1,0.000027,0.206837,0.000027,0.001087,0.015369,0.241261,0.074567,0.460826
ACAGGTGTGTTGTTGC-1,0.00379,0.407838,0.107845,0.319287,0.011103,0.003154,0.06626,0.080723
ACAGTAATACAACTTG-1,0.169029,0.345274,0.218382,0.254269,0.003751,0.00927,0.000013,0.000013
ACAGTATACCGTGGGA-1,0.000029,0.546346,0.008112,0.000029,0.4454,0.000029,0.000029,0.000029
ACATAAGTCGTGGTGA-1,0.108024,0.480245,0.054354,0.245296,0.036666,0.027264,0.004623,0.043527
ACATAATAAGGCGGTG-1,0.00739,0.615502,0.3371,0.02984,0.010115,0.000018,0.000018,0.000018
ACATACAATCAAGCGG-1,0.000039,0.000079,0.000039,0.000039,0.04016,0.03933,0.009713,0.9106
ACATCAGCTGGGACGC-1,0.007588,0.69353,0.171658,0.060263,0.001878,0.006583,0.049488,0.009012
ACATCCCGGCCATACG-1,0.00202,0.002213,0.000021,0.000021,0.068294,0.037772,0.117897,0.771761
ACATCCTGGTAACTGT-1,0.014669,0.060099,0.388496,0.522688,0.000012,0.013234,0.00079,0.000012
ACATCGATCGTTTACC-1,0.007207,0.458773,0.239215,0.139607,0.0008,0.112823,0.000788,0.040788
ACATCGGTCAGCCGCG-1,0.021972,0.402749,0.434132,0.121407,0.000017,0.019688,0.000017,0.000017
ACATCGTATGCAATGG-1,0.038357,0.510071,0.116078,0.063855,0.025272,0.147178,0.086622,0.012569
ACATGGCGCCAAAGTA-1,0.014398,0.092199,0.357055,0.5305,0.002766,0.000501,0.002572,0.000009
ACATTAGTTTATATCC-1,0.028826,0.12504,0.018706,0.009549,0.50964,0.085302,0.00623,0.216707
ACATTTGAAACCTAAC-1,0.000016,0.01406,0.000016,0.000016,0.009281,0.067756,0.067168,0.841689
ACCAACACCACACACT-1,0.028896,0.792446,0.104652,0.039447,0.034506,0.000018,0.000018,0.000018
ACCAACCGCACTCCAC-1,0.000192,0.001331,0.000014,0.004456,0.153203,0.003992,0.074425,0.762388
ACCAACGCTTATTTAT-1,0.020921,0.066111,0.000034,0.000034,0.196738,0.068894,0.006534,0.640733
ACCAAGAACGCGTGTC-1,0.020255,0.806287,0.130886,0.021282,0.004678,0.012729,0.000444,0.003439
ACCAAGTCATCGGCAG-1,0.000026,0.045132,0.000026,0.000026,0.123325,0.005146,0.077449,0.748869
ACCAATATGCAAGTTA-1,0.000024,0.000048,0.000024,0.000024,0.375422,0.000024,0.12464,0.499795
ACCACAAGTTTCTATC-1,0.013205,0.496242,0.40018,0.049814,0.004965,0.0083,0.002983,0.024311
ACCACACGGTTGATGG-1,0.000034,0.020231,0.000034,0.000034,0.148975,0.020221,0.063454,0.747017
ACCACCAATGTAACAA-1,0.047462,0.15739,0.231296,0.475334,0.025177,0.006114,0.040762,0.016465
ACCACCCTCTCTTCTA-1,0.07849,0.507228,0.308154,0.102362,0.003734,0.000011,0.000011,0.000011
ACCACGTGCAGCTATA-1,0.050994,0.270153,0.012462,0.07501,0.232744,0.102449,0.029148,0.22704
ACCAGACCATAACAAC-1,0.003821,0.371905,0.385356,0.179658,0.00301,0.015271,0.0151,0.025879
ACCAGTGCGGGAGACG-1,0.153941,0.126753,0.112893,0.183951,0.184998,0.030758,0.105266,0.10144
ACCATATCCGCAATAA-1,0.00221,0.637688,0.106294,0.157305,0.040033,0.03766,0.014933,0.003876
ACCATCCGCCAACTAG-1,0.225048,0.312413,0.185851,0.265256,0.004153,0.001109,0.000685,0.005485
ACCATCGTATATGGTA-1,0.037468,0.543596,0.084567,0.154188,0.000012,0.136446,0.00188,0.041843
ACCATTAAGGGTGTCA-1,0.000054,0.698143,0.000054,0.000054,0.301534,0.000054,0.000054,0.000054
ACCCAACGCCCGTGGC-1,0.004198,0.649807,0.123048,0.222889,0.000015,0.000015,0.000015,0.000015
ACCCACCTACATGCTC-1,0.00002,0.744591,0.215467,0.03984,0.00002,0.00002,0.00002,0.00002
ACCCATCTTGAGGGTA-1,0.001607,0.680664,0.10486,0.093993,0.008696,0.069843,0.025137,0.0152
ACCCATTTGTCCCTCT-1,0.000024,0.007358,0.026027,0.02457,0.029564,0.016358,0.363293,0.532805
ACCCGAGCGAAATTAC-1,0.038672,0.068876,0.000017,0.032077,0.165257,0.044942,0.113947,0.536212
ACCCGATTGGTTCCGA-1,0.012461,0.030931,0.009998,0.059384,0.069688,0.07884,0.136435,0.602263
ACCCGGAAACTCCCAG-1,0.001757,0.003101,0.009777,0.004557,0.043625,0.014054,0.213609,0.709519
ACCCGGAGCACCACAA-1,0.027781,0.289372,0.025056,0.025178,0.056887,0.246338,0.029738,0.29965
ACCCGGATGACGCATC-1,0.096131,0.010464,0.517761,0.371316,0.000008,0.003715,0.000247,0.000358
ACCCGGTTACACTTCC-1,0.146135,0.438001,0.130359,0.059595,0.184303,0.025519,0.002862,0.013227
ACCCGTAGTCTAGTTG-1,0.025073,0.15234,0.030357,0.152714,0.108115,0.107193,0.104159,0.320048
ACCCGTGTCATCAGTA-1,0.000026,0.000051,0.000026,0.000026,0.000026,0.028733,0.004697,0.966417
ACCCTATAGGACTGAG-1,0.000045,0.609386,0.000045,0.000045,0.390343,0.000045,0.000045,0.000045
ACCCTATGCCATATCG-1,0.050337,0.077984,0.04442,0.020781,0.039617,0.091458,0.033531,0.641872
ACCCTCCCGTCAGGGC-1,0.007889,0.030462,0.290096,0.023978,0.010848,0.447426,0.010195,0.179106
ACCCTCCCTTGCTATT-1,0.027583,0.096487,0.275117,0.251472,0.127996,0.205592,0.014829,0.000923
ACCCTGGTAACGCCCT-1,0.041526,0.73609,0.076281,0.060716,0.0098,0.04962,0.007972,0.017996
ACCCTTCATCTGCGAA-1,0.000027,0.73417,0.000027,0.00005,0.265644,0.000027,0.000027,0.000027
ACCGAAAGGGCCCTGC-1,0.05543,0.527249,0.008169,0.000052,0.408945,0.000052,0.000052,0.000052
ACCGAAGAGTCTGGTT-1,0.221735,0.088738,0.267092,0.313352,0.004443,0.007158,0.030488,0.066994
ACCGACACATCTCCCA-1,0.000017,0.000035,0.000017,0.000959,0.006263,0.018503,0.121484,0.852722
ACCGACTGAGTCCCAC-1,0.016556,0.5339,0.393274,0.053184,0.00002,0.003025,0.00002,0.00002
ACCGAGTCTCCTTATT-1,0.000029,0.000057,0.000029,0.000029,0.293702,0.000029,0.104115,0.602011
ACCGATAGGCATAACC-1,0.000231,0.047619,0.011433,0.103977,0.039842,0.036118,0.222581,0.5382
ACCGATATTTAATCAT-1,0.157966,0.104308,0.110848,0.236647,0.094308,0.032435,0.076259,0.187229
ACCGATGGTAGCATCG-1,0.165651,0.299603,0.146326,0.277839,0.030159,0.002093,0.041797,0.036532
ACCGCAATAACTGCCT-1,0.055524,0.126773,0.047313,0.069028,0.148013,0.077738,0.188289,0.287322
ACCGCGGTGGAAGTCG-1,0.221881,0.165308,0.4142,0.198584,0.000007,0.000007,0.000007,0.000007
ACCGGGCCTTTGTTGA-1,0.112084,0.309781,0.146088,0.232521,0.0732,0.060988,0.017448,0.047889
ACCGGTCAGGTACACC-1,0.145272,0.253229,0.009539,0.189668,0.147114,0.004543,0.170626,0.080008
ACCGTCCACTGGGCCC-1,0.01436,0.455609,0.066003,0.233689,0.153234,0.003496,0.037555,0.036054
ACCGTGACCACGTGGG-1,0.022242,0.001311,0.000019,0.006272,0.151457,0.029239,0.132198,0.657262
ACCTAAGTACCTTTCA-1,0.025548,0.329684,0.07302,0.050109,0.000141,0.45821,0.014695,0.048592
ACCTAATCGACTTCCT-1,0.030321,0.594021,0.317209,0.023868,0.019544,0.00256,0.001324,0.011152
ACCTACAGTATGTGGT-1,0.015587,0.03755,0.500627,0.42342,0.001209,0.006105,0.007508,0.007995
ACCTACTATAAATCTA-1,0.000013,0.000025,0.000013,0.000013,0.000013,0.013015,0.011531,0.975378
ACCTCAGCGAGGCGCA-1,0.012353,0.024708,0.012355,0.012353,0.012352,0.901167,0.012355,0.012356
ACCTCCGCCCTCGCTG-1,0.025066,0.048565,0.01915,0.06118,0.110293,0.03819,0.440606,0.25695
ACCTCCGTTATTCACC-1,0.000019,0.777037,0.037452,0.125691,0.05235,0.001801,0.005632,0.000019
ACCTCGAACTTATGCT-1,0.281442,0.302583,0.064984,0.200415,0.147458,0.000028,0.003061,0.000028
ACCTGCGTGTCATGTT-1,0.002492,0.657681,0.058198,0.169835,0.016058,0.034219,0.004551,0.056967
ACGAAATGGGCGGCAC-1,0.005838,0.382562,0.572293,0.037694,0.000011,0.001579,0.000011,0.000011
ACGACTCTAGGGCCGA-1,0.024052,0.028088,0.08381,0.015657,0.009345,0.526515,0.016438,0.296094
ACGACTGGTCATACTC-1,0.163507,0.061012,0.115816,0.021261,0.032707,0.349071,0.043137,0.213489
ACGAGGATACCACTCT-1,0.401604,0.459826,0.000025,0.02212,0.033302,0.000025,0.012472,0.070626
ACGAGGTTTACAACGT-1,0.010213,0.411396,0.13484,0.334186,0.096768,0.002393,0.009739,0.000464
ACGAGTACGGATGCCC-1,0.000014,0.692026,0.217548,0.045895,0.028483,0.000014,0.016007,0.000014
ACGATACATAGAACTA-1,0.000533,0.750688,0.230308,0.018364,0.000027,0.000027,0.000027,0.000027
ACGATACCTATCCTGA-1,0.029791,0.611523,0.113943,0.158501,0.072884,0.000011,0.013256,0.000091
ACGATCATACATAGAG-1,0.000182,0.419702,0.540295,0.039763,0.000015,0.000015,0.000015,0.000015
ACGATCATCTTGTAAA-1,0.024588,0.151893,0.191649,0.560907,0.012837,0.003383,0.034741,0.020004
ACGATGCATATGTTAT-1,0.009285,0.387693,0.36727,0.214502,0.011686,0.009532,0.000016,0.000016
ACGCAAACTAATAGAT-1,0.053806,0.010245,0.015187,0.007635,0.012498,0.142461,0.040553,0.717614
ACGCAATCACTACAGC-1,0.023158,0.739217,0.131874,0.06023,0.045065,0.00002,0.000416,0.00002
ACGCATACGTTTACTA-1,0.00002,0.003457,0.006612,0.002129,0.412017,0.031362,0.145405,0.398996
ACGCATTCGTGAGTAC-1,0.003663,0.454623,0.350269,0.177316,0.005444,0.008639,0.000023,0.000023
ACGCCAGATGATTTCT-1,0.035408,0.575115,0.370913,0.01847,0.000024,0.000024,0.000024,0.000024
ACGCCAGTGCGTTTGC-1,0.097112,0.008565,0.069555,0.030301,0.076641,0.143431,0.080323,0.494072
ACGCCGCTAGACGACC-1,0.092109,0.49213,0.317118,0.043423,0.009101,0.010237,0.035863,0.000019
ACGCGAAGTCAGACGA-1,0.033011,0.263238,0.021123,0.00693,0.023756,0.125707,0.009129,0.517105
ACGCGCTACACAGGGT-1,0.014694,0.314226,0.338782,0.194442,0.000122,0.114546,0.003109,0.020078
ACGCGGGCCAAGGACA-1,0.010006,0.80732,0.046234,0.057039,0.011464,0.000024,0.06789,0.000024
ACGCGTTTCTTAAGAG-1,0.013483,0.546001,0.323975,0.026434,0.008244,0.012794,0.023596,0.045472
ACGCTACTGAATGGGC-1,0.303629,0.230158,0.093042,0.130906,0.053466,0.082502,0.00493,0.101367
ACGCTAGTGATACACT-1,0.001226,0.278245,0.670571,0.049914,0.000011,0.000011,0.000011,0.000011
ACGCTGTGAGGCGTAG-1,0.001664,0.318508,0.466069,0.172733,0.000011,0.007246,0.025355,0.008415
ACGGAACACGAGTGCC-1,0.002092,0.080674,0.046337,0.041927,0.006536,0.384999,0.007927,0.429509
ACGGAATTTAGCAAAT-1,0.011,0.3166,0.666042,0.006309,0.000012,0.000012,0.000012,0.000012
ACGGACTCTCAAAGCG-1,0.002756,0.000026,0.000013,0.000013,0.062452,0.007664,0.094007,0.833068
ACGGAGCGCAAATTAC-1,0.000038,0.658685,0.00843,0.000038,0.332696,0.000038,0.000038,0.000038
ACGGATGGTGCGGATA-1,0.000027,0.000053,0.000027,0.000027,0.174879,0.000641,0.141303,0.683044
ACGGCACTTGCTTGGG-1,0.000029,0.116551,0.001957,0.004449,0.019527,0.22735,0.017779,0.612358
ACGGCCAACATGGACT-1,0.022019,0.056983,0.08434,0.003225,0.255367,0.114327,0.033304,0.430434
ACGGCGACGATGGGAA-1,0.139287,0.140287,0.272411,0.033806,0.001432,0.324953,0.011831,0.075992
ACGGCTGGATGTAGAA-1,0.146664,0.405566,0.073845,0.225161,0.041291,0.009917,0.032717,0.064839
ACGGGAGTGTCGGCCC-1,0.052916,0.134948,0.558607,0.029244,0.000752,0.159155,0.006464,0.057913
ACGGGCGTATGCGACA-1,0.011974,0.710124,0.239233,0.033383,0.000782,0.000015,0.004475,0.000015
ACGGGTCATGTGACTT-1,0.000469,0.848642,0.108242,0.006801,0.035773,0.000024,0.000024,0.000024
ACGGTACAGTTCAATG-1,0.000087,0.0029,0.000027,0.031692,0.37563,0.060754,0.132444,0.396466
ACGTACAGATTTCTCT-1,0.000061,0.482965,0.009865,0.000061,0.506863,0.000061,0.000061,0.000061
ACGTACTTTGGCACGG-1,0.006656,0.096244,0.006436,0.000231,0.109116,0.041793,0.017172,0.722351
ACGTAGATTGCTGATG-1,0.000013,0.152194,0.81943,0.028313,0.000013,0.000013,0.000013,0.000013
ACGTAGGAGAGTCGCT-1,0.000019,0.000037,0.000019,0.000019,0.011627,0.01676,0.007541,0.963978
ACGTATTACTCCGATC-1,0.000813,0.258849,0.320015,0.420219,0.000026,0.000026,0.000026,0.000026
ACGTCTCGTTCCGGGA-1,0.036596,0.295809,0.202534,0.418287,0.038463,0.000426,0.004828,0.003057
ACGTGACAAAGTAAGT-1,0.003758,0.417123,0.137183,0.267503,0.108354,0.007843,0.031764,0.026473
ACGTGCGCCTCGTGCA-1,0.080216,0.250828,0.658906,0.009984,0.000016,0.000016,0.000016,0.000016
ACGTTAATGTCGAAGA-1,0.061862,0.348582,0.341721,0.162349,0.013937,0.063764,0.00086,0.006923
ACGTTAGATTTGCCCG-1,0.141716,0.389902,0.278586,0.07306,0.014898,0.037363,0.003002,0.061472
ACGTTATTGGTCACTC-1,0.017058,0.811821,0.101843,0.000036,0.066708,0.002464,0.000036,0.000036
ACGTTCGCAATCAATT-1,0.002238,0.550493,0.289132,0.142306,0.009991,0.000012,0.005817,0.000012
ACGTTCGTTCAGGAAA-1,0.000026,0.03626,0.000026,0.000026,0.240524,0.025707,0.03845,0.658981
ACGTTCTGTACAAGTC-1,0.000017,0.003761,0.000017,0.006614,0.147958,0.052343,0.073144,0.716147
ACGTTTAGTTGTGATC-1,0.060926,0.768768,0.106782,0.008994,0.054441,0.00003,0.00003,0.00003
ACGTTTCGGTGCACTT-1,0.347506,0.253914,0.143218,0.174876,0.000081,0.015285,0.003029,0.062092
ACTACAAAGAGAGGTG-1,0.006471,0.000027,0.000014,0.000014,0.003945,0.001445,0.004981,0.983104
ACTACATCCCGACAAG-1,0.146759,0.225486,0.006212,0.137481,0.164091,0.017323,0.161765,0.140883
ACTACCAGCTCTCTGG-1,0.011833,0.897847,0.04565,0.043034,0.00156,0.000025,0.000025,0.000025
ACTACGCGTTAGAATT-1,0.000022,0.030753,0.000022,0.000022,0.035193,0.011176,0.019155,0.903658
ACTAGTTGCGATCGTC-1,0.121508,0.00744,0.324087,0.344519,0.000021,0.111224,0.028313,0.062889
ACTATCCAGGGCATGG-1,0.000032,0.31652,0.347074,0.312702,0.000253,0.006001,0.003903,0.013516
ACTATCGCCGGCTAAA-1,0.000045,0.591035,0.000045,0.000045,0.408693,0.000045,0.000045,0.000045
ACTATCTGCCCGCGTA-1,0.389069,0.032256,0.020702,0.066988,0.143651,0.004071,0.175705,0.167558
ACTATGTCCAGCTGCC-1,0.110518,0.069124,0.002162,0.099888,0.425358,0.009637,0.100079,0.183234
ACTATTCGTCCGTGGT-1,0.060611,0.753376,0.007812,0.002426,0.175687,0.000029,0.000029,0.000029
ACTATTTCCGGGCCCA-1,0.000032,0.006376,0.000032,0.000032,0.257981,0.059033,0.067552,0.608961
ACTCAAGTGCAAGGCT-1,0.000023,0.050432,0.015984,0.078449,0.17585,0.550494,0.065968,0.0628
ACTCAATAAAGGCACG-1,0.00002,0.825585,0.068822,0.019264,0.051003,0.001067,0.010829,0.02341
ACTCAGACCTGCTTCT-1,0.000044,0.221445,0.000044,0.000044,0.778289,0.000044,0.000044,0.000044
ACTCATGGCAGCCTTC-1,0.090332,0.392291,0.046113,0.093042,0.072448,0.072422,0.023268,0.210083
ACTCCAATATCATCAT-1,0.000829,0.00003,0.000015,0.000015,0.348738,0.001066,0.358449,0.290858
ACTCCCATTCCTAAAG-1,0.015427,0.418188,0.220083,0.211622,0.00425,0.088533,0.007532,0.034365
ACTCCCGAATTCGTTT-1,0.00452,0.49599,0.185906,0.237742,0.000072,0.01635,0.033169,0.026251
ACTCCCGTAGACTAGG-1,0.004562,0.685492,0.023373,0.055187,0.083663,0.004501,0.0653,0.077921
ACTCCCTAATGCTAAA-1,0.000014,0.000028,0.000014,0.000014,0.003246,0.000014,0.12673,0.869941
ACTCCCTAGAATAGTA-1,0.00005,0.355785,0.00005,0.00005,0.060294,0.098527,0.085763,0.399481
ACTCCGGCCGACCACT-1,0.002454,0.000043,0.000021,0.000021,0.114109,0.00082,0.135766,0.746766
ACTCGATGTATTTCAT-1,0.000044,0.921177,0.015849,0.000044,0.062756,0.000044,0.000044,0.000044
ACTCGCCGTTCGATAA-1,0.000022,0.000044,0.000022,0.000022,0.170775,0.009028,0.122653,0.697433
ACTCGTAACCCGTCCT-1,0.000532,0.667702,0.000032,0.017753,0.110946,0.115915,0.013856,0.073264
ACTCGTCAGTAATCCC-1,0.000013,0.143545,0.816634,0.039756,0.000013,0.000013,0.000013,0.000013
ACTCTAAACCTGGGAT-1,0.015233,0.393737,0.45378,0.092479,0.000014,0.015782,0.004292,0.024681
ACTCTCTGACTTAGGT-1,0.008786,0.591597,0.119844,0.166487,0.011151,0.070651,0.021314,0.010171
ACTCTGACCTAATAGA-1,0.000021,0.017389,0.000021,0.000021,0.032024,0.011604,0.084379,0.854542
ACTCTTCAGCTCCCGC-1,0.013464,0.465888,0.120493,0.34511,0.048304,0.000029,0.006683,0.000029
ACTCTTGTATAGTAAC-1,0.000033,0.845114,0.052435,0.031837,0.039511,0.031003,0.000033,0.000033
ACTGAAACGCCGTTAG-1,0.091239,0.006898,0.031411,0.009255,0.014112,0.020407,0.126442,0.700237
ACTGAATGGCGAAAGT-1,0.001298,0.220842,0.007863,0.033561,0.400712,0.033195,0.153017,0.149512
ACTGCCCGCCATTCTC-1,0.000008,0.000017,0.000008,0.000008,0.000008,0.002785,0.000826,0.996339
ACTGCCGTCGTAACTC-1,0.033463,0.416895,0.544663,0.004915,0.000016,0.000016,0.000016,0.000016
ACTGCGGACACACCGT-1,0.00001,0.1307,0.727225,0.142026,0.00001,0.00001,0.00001,0.00001
ACTGCTCGGAAGGATG-1,0.114088,0.064969,0.384291,0.435982,0.000647,0.000008,0.000008,0.000008
ACTGTACGATACACAT-1,0.000015,0.598074,0.326699,0.052261,0.001504,0.002884,0.006144,0.012419
ACTGTAGCACTTTGGA-1,0.000033,0.929712,0.005178,0.028446,0.016331,0.016022,0.004245,0.000033
ACTGTATACGCGAGCA-1,0.000046,0.355798,0.000046,0.000046,0.643927,0.000046,0.000046,0.000046
ACTGTCCAGGATTATA-1,0.000021,0.51581,0.337577,0.11568,0.000021,0.029699,0.000021,0.001171
