Barcode,Topic 1,Topic 2,Topic 3,Topic 4to5,Topic 6to7,Topic 8,Topic 9to13
AAACAAGTATCTCCCA-1,0.00002,0.430416,0.070041,0.047874,0.018771,0.426541,0.006338
AAACAATCTACTAGCA-1,0.00014,0.027577,0.00014,0.277484,0.089417,0.137619,0.467623
AAACACCAATAACTGC-1,0.000053,0.000053,0.028079,0.335044,0.204476,0.010992,0.421303
AAACAGAGCGACTCCT-1,0.000029,0.053782,0.000029,0.218973,0.002087,0.000029,0.725072
AAACAGCTTTCAGAAG-1,0.000054,0.000054,0.001419,0.708588,0.084996,0.000054,0.204834
AAACAGGGTCTATATT-1,0.00005,0.00005,0.00005,0.641522,0.154993,0.00005,0.203286
AAACAGTGTTCCTGGG-1,0.00002,0.00002,0.00002,0.357827,0.545344,0.00002,0.09675
AAACATGGTGAGAGGA-1,0.590953,0.000024,0.000024,0.017751,0.391101,0.000024,0.000122
AAACATTTCCCGGATT-1,0.000019,0.744555,0.049336,0.026417,0.011917,0.000019,0.167737
AAACCCGAACGAAATC-1,0.000017,0.826822,0.022241,0.074582,0.076238,0.000017,0.000083
AAACCGGAAATGTTAA-1,0.000022,0.778105,0.036,0.121649,0.060436,0.003675,0.000112
AAACCGGGTAGGTACC-1,0.000014,0.000014,0.000014,0.000028,0.113927,0.002311,0.883692
AAACCGTTCGTCCAGG-1,0.000049,0.000049,0.000049,0.700318,0.042566,0.000049,0.256922
AAACCTAAGCAGCCGG-1,0.00001,0.005564,0.04633,0.096287,0.210531,0.000546,0.640732
AAACCTCATGAAGTTG-1,0.000024,0.000024,0.014444,0.087556,0.17248,0.000916,0.724556
AAACGAAGAACATACC-1,0.000053,0.000053,0.000053,0.800458,0.000105,0.030485,0.168795
AAACGAAGATGGAGTA-1,0.000076,0.000076,0.000076,0.999168,0.000151,0.000076,0.000378
AAACGAGACGGTTGAT-1,0.000023,0.000023,0.007595,0.321737,0.035607,0.000023,0.634993
AAACGCCCGAGATCGG-1,0.000026,0.000026,0.000026,0.028947,0.24324,0.000026,0.727707
AAACGCTGGGCACGAC-1,0.000012,0.39343,0.264605,0.000895,0.213793,0.000874,0.126391
AAACGGGCGTACGGGT-1,0.013412,0.470901,0.072402,0.229834,0.095701,0.000023,0.117727
AAACGGGTTGGTATCC-1,0.000217,0.036799,0.000217,0.516105,0.301201,0.000217,0.145244
AAACGGTTGCGAACTG-1,0.000018,0.033329,0.000018,0.115954,0.428048,0.095276,0.327359
AAACGTGTTCGCCCTA-1,0.000017,0.000017,0.000017,0.099668,0.259621,0.000017,0.640645
AAACTAACGTGGCGAC-1,0.000052,0.000052,0.000052,0.60555,0.028159,0.000052,0.366083
AAACTCGGTTCGCAAT-1,0.000024,0.009209,0.005993,0.502498,0.370769,0.01062,0.100886
AAACTCGTGATATAAG-1,0.000012,0.044218,0.004031,0.000761,0.031497,0.06258,0.8569
AAACTGCTGGCTCCAA-1,0.000013,0.047274,0.019275,0.060943,0.123742,0.011724,0.737029
AAACTTAATTGCACGC-1,0.000051,0.008675,0.000051,0.892064,0.098855,0.000051,0.000254
AAACTTGCAAACGTAT-1,0.000011,0.000011,0.005336,0.000021,0.156192,0.000011,0.838418
AAAGAATGACCTTAGA-1,0.323867,0.000032,0.000032,0.347108,0.328765,0.000032,0.000162
AAAGAATGTGGACTAA-1,0.000012,0.728144,0.078576,0.003388,0.179877,0.000012,0.009991
AAAGACATGAAGTTTA-1,0.000041,0.154542,0.000041,0.47584,0.194915,0.028761,0.145861
AAAGACCCAAGTCGCG-1,0.000061,0.000061,0.000061,0.999334,0.000121,0.000061,0.000303
AAAGACTGGGCGCTTT-1,0.021246,0.000025,0.000025,0.233966,0.151829,0.000025,0.592885
AAAGCTTGCCTACATA-1,0.000012,0.137615,0.023899,0.064402,0.351053,0.114365,0.308654
AAAGGCCCTATAATAC-1,0.000046,0.008841,0.000046,0.586017,0.314662,0.000046,0.090343
AAAGGCTACGGACCAT-1,0.000022,0.000022,0.000022,0.29158,0.344195,0.003279,0.36088
AAAGGCTCTCGCGCCG-1,0.000023,0.000023,0.000023,0.176048,0.11981,0.337769,0.366302
AAAGGGATGTAGCAAG-1,0.000017,0.000017,0.000017,0.045455,0.061698,0.011963,0.880833
AAAGGGCAGCTTGAAT-1,0.000029,0.000029,0.000029,0.272922,0.16854,0.003034,0.555419
AAAGGTAAGCTGTACC-1,0.000056,0.000056,0.000056,0.339098,0.043865,0.000056,0.616814
AAAGTAGCATTGCTCA-1,0.00005,0.00005,0.00005,0.435417,0.0429,0.061404,0.460128
AAAGTCACTGATGTAA-1,0.000022,0.020492,0.000022,0.232155,0.015136,0.113761,0.618411
AAAGTCGACCCTCAGT-1,0.000017,0.000017,0.000017,0.000034,0.142974,0.000017,0.856924
AAAGTGCCATCAATTA-1,0.000026,0.79445,0.022606,0.135035,0.047729,0.000026,0.000129
AAAGTGTGATTTATCT-1,0.000036,0.692988,0.000036,0.173921,0.000072,0.004307,0.128641
AAAGTTGACTCCCGTA-1,0.000035,0.480977,0.030071,0.264517,0.00007,0.000035,0.224295
AAATAACCATACGGGA-1,0.000021,0.018976,0.011663,0.008798,0.038832,0.000021,0.921689
AAATAAGGTAGTGCCC-1,0.000022,0.089264,0.004669,0.319511,0.174945,0.002701,0.408888
AAATACCTATAAGCAT-1,0.001035,0.03309,0.02081,0.00921,0.033409,0.105739,0.796706
AAATAGCTTAGACTTT-1,0.000017,0.237597,0.228524,0.11338,0.032642,0.000017,0.387823
AAATAGGGTGCTATTG-1,0.000014,0.067383,0.062044,0.080265,0.045801,0.000485,0.744009
AAATCCGATACACGCC-1,0.000009,0.000009,0.018584,0.025153,0.298858,0.000009,0.657377
AAATCGCGGAAGGAGT-1,0.000075,0.000075,0.000075,0.999175,0.00015,0.000075,0.000375
AAATCGTGTACCACAA-1,0.00001,0.00001,0.000098,0.000021,0.095855,0.011679,0.892327
AAATCTAGCCCTGCTA-1,0.000021,0.918728,0.000021,0.081058,0.000043,0.000021,0.000107
AAATCTGCCCGCGTCC-1,0.425551,0.045794,0.000014,0.139456,0.389099,0.000014,0.000072
AAATGACTGATCAAAC-1,0.00001,0.00001,0.00001,0.005782,0.678998,0.00001,0.315179
AAATGATTCGATCAGC-1,0.000038,0.000038,0.000038,0.035297,0.176205,0.009618,0.778768
AAATGCTCGTTACGTT-1,0.000037,0.000037,0.000037,0.615775,0.02854,0.130997,0.224576
AAATGGCATGTCTTGT-1,0.000036,0.000036,0.000036,0.295037,0.000072,0.074263,0.630521
AAATGGCCCGTGCCCT-1,0.000046,0.000046,0.000046,0.378741,0.108481,0.000046,0.512592
AAATGGTCAATGTGCC-1,0.000021,0.071245,0.003222,0.05458,0.084092,0.016574,0.770267
AAATGTATCTTATCCC-1,0.403326,0.031206,0.000072,0.378589,0.000144,0.000072,0.18659
AAATGTGGGTGCTCCT-1,0.000105,0.045989,0.054762,0.20935,0.184279,0.000105,0.505412
AAATTAACGGGTAGCT-1,0.000022,0.000022,0.000022,0.238476,0.070285,0.008086,0.683086
AAATTAATAAGCGCGA-1,0.071514,0.000074,0.000074,0.927749,0.000147,0.000074,0.000368
AAATTACACGACTCTG-1,0.00002,0.017413,0.00002,0.019307,0.037539,0.00002,0.925679
AAATTACCTATCGATG-1,0.006882,0.000015,0.000162,0.064061,0.006174,0.015632,0.907074
AAATTCCAGGTCCAAA-1,0.000009,0.164463,0.433527,0.030591,0.085572,0.003983,0.281856
AAATTGATAGTCCTTT-1,0.000078,0.000078,0.000078,0.520262,0.190992,0.000078,0.288434
AAATTGCGGCGGTTCT-1,0.000256,0.090493,0.000256,0.299337,0.026178,0.050777,0.532701
AAATTGGTGAGAAGCA-1,0.000025,0.000025,0.000025,0.279237,0.353931,0.051381,0.315376
AAATTTACCGAAATCC-1,0.000041,0.000041,0.000041,0.161832,0.051135,0.017586,0.769323
AAATTTGCGGGTGTGG-1,0.000013,0.000013,0.006727,0.014537,0.145829,0.012345,0.820537
AACAACTGGTAGTTGC-1,0.000024,0.000024,0.000024,0.109885,0.074976,0.044843,0.770223
AACAATACATTGTCGA-1,0.000016,0.000016,0.000016,0.032354,0.283968,0.000016,0.683614
AACAATTACTCTACGC-1,0.000018,0.000018,0.000018,0.000036,0.050449,0.000018,0.949445
AACACACGCTCGCCGC-1,0.000035,0.6367,0.000035,0.319705,0.000071,0.024015,0.01944
AACACGACTGTACTGA-1,0.000035,0.000035,0.000035,0.200809,0.00007,0.000035,0.798982
AACACGAGACGCGGCC-1,0.000038,0.000038,0.000038,0.367033,0.018611,0.000038,0.614205
AACACGCGGCCGCGAA-1,0.000145,0.000145,0.042793,0.220031,0.085922,0.000145,0.650818
AACAGCTGTGTGGCAA-1,0.000022,0.000022,0.000022,0.101145,0.267362,0.000022,0.631404
AACAGGAAATCGAATA-1,0.000013,0.000013,0.000013,0.000156,0.023194,0.010139,0.966473
AACAGGATGGGCCGCG-1,0.000015,0.000015,0.000015,0.000072,0.056336,0.000015,0.943533
AACAGGTAGTATGGAT-1,0.000019,0.290327,0.249571,0.031283,0.216966,0.000019,0.211816
AACATAGCGTGTATCG-1,0.000008,0.000008,0.003806,0.002059,0.628059,0.002855,0.363204
AACATATCAACTGGTG-1,0.000018,0.035722,0.042434,0.095278,0.016232,0.072558,0.737757
AACATCGATACGTCTA-1,0.000029,0.023506,0.000029,0.264887,0.02426,0.012498,0.674791
AACATTGAAGTTGATC-1,0.000053,0.072077,0.000053,0.655923,0.179759,0.000053,0.092084
AACATTGGTCAGCCGT-1,0.000291,0.000291,0.000291,0.700458,0.112577,0.000291,0.185799
AACATTGTGACTCGAG-1,0.002659,0.000027,0.000027,0.417148,0.419542,0.000027,0.16057
AACCAAGACTTCTCTG-1,0.001731,0.000015,0.000015,0.00003,0.143033,0.000015,0.85516
AACCAGTATCACTCTT-1,0.000037,0.010415,0.076895,0.166346,0.166738,0.161065,0.418505
AACCATAGGGTTGAAC-1,0.00003,0.00003,0.02108,0.549833,0.251984,0.071712,0.105332
AACCATGGGATCGCTA-1,0.000063,0.000063,0.000063,0.999303,0.000127,0.000063,0.000317
AACCCAGAGACGGAGA-1,0.000062,0.000062,0.000062,0.795889,0.000123,0.000062,0.203741
AACCCATCCCATGATC-1,0.000079,0.04076,0.000079,0.78357,0.012623,0.000079,0.16281
AACCCGACAACCCGTG-1,0.000025,0.000025,0.000025,0.272449,0.44143,0.000025,0.286021
AACCCGAGCAGAATCG-1,0.000016,0.635376,0.01928,0.051502,0.202218,0.043385,0.048222
AACCCGCTGTATTCCA-1,0.000016,0.000016,0.000136,0.010845,0.907453,0.000329,0.081205
AACCCTACTGTCAATA-1,0.002367,0.523872,0.058113,0.224255,0.016296,0.000022,0.175075
AACCCTGGTGGAACCA-1,0.000014,0.000014,0.000014,0.000027,0.060296,0.000014,0.939623
AACCGAGCTTGGTCAT-1,0.008278,0.018334,0.021218,0.257542,0.105886,0.056292,0.532452
AACCGCTAAGGGATGC-1,0.000025,0.319174,0.116951,0.093915,0.00147,0.000025,0.46844
AACCGTTGTGTTTGCT-1,0.058453,0.00004,0.00004,0.130688,0.00008,0.00004,0.810659
AACCTAAAGCCGTCCG-1,0.000101,0.000101,0.000101,0.723747,0.000202,0.000101,0.275646
AACCTCGCTTTAGCCC-1,0.00215,0.015967,0.006964,0.139447,0.270564,0.000017,0.564892
AACCTGTCACGGAATT-1,0.000015,0.000015,0.031518,0.035746,0.246384,0.000015,0.686307
AACCTTTAAATACGGT-1,0.000011,0.000011,0.003734,0.046029,0.091423,0.001619,0.857173
AACCTTTACGACGTCT-1,0.000024,0.000024,0.000024,0.006673,0.059072,0.024374,0.909808
AACGAAAGTCGTCCCA-1,0.00005,0.031806,0.00005,0.765061,0.136451,0.00005,0.066533
AACGACCTCCTAGCCG-1,0.012752,0.885514,0.000019,0.038312,0.063289,0.000019,0.000094
AACGATAATGCCGTAG-1,0.005563,0.002151,0.077117,0.088746,0.10996,0.031959,0.684504
AACGATAGAAGGGCCG-1,0.000027,0.000027,0.000027,0.11381,0.0727,0.000027,0.813382
AACGATATGTCAACTG-1,0.00003,0.079931,0.00003,0.342674,0.00006,0.009249,0.568025
AACGCATGATCTGGGT-1,0.000023,0.000023,0.000023,0.128587,0.075269,0.035217,0.760858
AACGCGAACGGCAACA-1,0.000191,0.000191,0.000191,0.46756,0.217142,0.000191,0.314532
AACGCGACCTTGGGCG-1,0.000025,0.000025,0.000025,0.366558,0.431405,0.000025,0.201938
AACGCGGTCTCCAGCC-1,0.000058,0.000058,0.000058,0.44301,0.000116,0.014787,0.541911
AACGCTGTTGCTGAAA-1,0.000088,0.549395,0.008553,0.283241,0.000175,0.000088,0.158461
AACGGACGTACGTATA-1,0.000018,0.720356,0.134961,0.000036,0.000036,0.000018,0.144577
AACGGCCATCTCCGGT-1,0.00001,0.00001,0.00001,0.00002,0.034689,0.00001,0.965251
AACGTACTGTGGGTAC-1,0.000034,0.021312,0.000034,0.260678,0.143741,0.049632,0.524568
AACGTAGTCTACCCAT-1,0.000205,0.000205,0.000205,0.398297,0.255162,0.000205,0.345722
AACGTCAGACTAGTGG-1,0.000045,0.000045,0.000045,0.563483,0.000091,0.000045,0.436244
AACGTCGCTGCACTTC-1,0.001092,0.998761,0.000013,0.000027,0.000027,0.000013,0.000067
AACGTGATGAAGGACA-1,0.000026,0.000026,0.000026,0.060653,0.00431,0.000026,0.934934
AACGTGCGAAAGTCTC-1,0.000018,0.004656,0.0047,0.110764,0.067764,0.00327,0.808827
AACGTTATCAGCACCT-1,0.267054,0.012302,0.060963,0.419728,0.000158,0.000079,0.239715
AACGTTCTACCATTGT-1,0.000014,0.999826,0.000014,0.000029,0.000029,0.000014,0.000072
AACTACCCGTTTGTCA-1,0.000043,0.519802,0.004173,0.285737,0.189989,0.000043,0.000214
AACTAGCGTATCGCAC-1,0.000115,0.068599,0.088218,0.262909,0.000231,0.000115,0.579813
AACTAGGCTTGGGTGT-1,0.000033,0.03764,0.000033,0.406796,0.143841,0.028728,0.38293
AACTCAAGTTAATTGC-1,0.000532,0.000011,0.000011,0.040286,0.031249,0.004002,0.923907
AACTCCAGAGCGTGTT-1,0.009029,0.487675,0.086285,0.347894,0.000098,0.068773,0.000246
AACTCCTAATCCCATG-1,0.000074,0.000074,0.000074,0.493352,0.0684,0.066625,0.3714
AACTCGATAAACACGT-1,0.000207,0.078593,0.000207,0.45405,0.000414,0.122406,0.344124
AACTCGATGGCGCAGT-1,0.077913,0.089115,0.000164,0.263226,0.000328,0.030903,0.538351
AACTCTCAATAGAGCG-1,0.000014,0.029891,0.021032,0.048204,0.0012,0.000014,0.899646
AACTCTCAGTGTGCTC-1,0.000024,0.000024,0.000024,0.128013,0.194027,0.002224,0.675665
AACTGAGGTCAGCGTC-1,0.000025,0.000025,0.000025,0.00005,0.049146,0.000025,0.950703
AACTGAGTTATACTGA-1,0.001581,0.289022,0.095769,0.166082,0.377773,0.000019,0.069754
AACTGATATTAGGCCT-1,0.034015,0.00005,0.00005,0.760165,0.000101,0.00005,0.205568
AACTGGGTCCCGACGT-1,0.000008,0.000008,0.000008,0.000016,0.001325,0.008596,0.990041
AACTGGGTTCGAGCCG-1,0.02823,0.000063,0.000063,0.740606,0.000125,0.000063,0.230851
AACTGGTGTGGGCCTT-1,0.000062,0.000062,0.000062,0.999318,0.000124,0.000062,0.00031
AACTTCTGCGTCTATC-1,0.000046,0.163856,0.000046,0.835679,0.000093,0.000046,0.000232
AACTTGCCCGTATGCA-1,0.00002,0.00002,0.00002,0.00004,0.00004,0.00002,0.99984
AACTTGCGTTCTCGCG-1,0.008301,0.021753,0.00013,0.194793,0.08133,0.00013,0.693562
AACTTTACGGGAGCTT-1,0.000028,0.000028,0.093328,0.324335,0.278551,0.127757,0.175973
AACTTTAGCTGCTGAG-1,0.000117,0.046925,0.038042,0.432827,0.000233,0.000117,0.481739
AAGAAAGTTTGATGGG-1,0.000041,0.000041,0.000041,0.888403,0.11123,0.000041,0.000204
AAGAAGGATCAGTTAG-1,0.010932,0.076648,0.021381,0.283449,0.134131,0.00012,0.47334
AAGACATACGTGGTTT-1,0.000017,0.887755,0.000017,0.02775,0.08436,0.000017,0.000084
AAGACCAAATAACTCA-1,0.006096,0.00005,0.00005,0.871619,0.109452,0.00005,0.012682
AAGACCCAACTGAACA-1,0.000011,0.042743,0.001257,0.092763,0.332876,0.003538,0.52681
AAGACTAACCCGTTGT-1,0.000226,0.03975,0.000226,0.324662,0.070587,0.000226,0.564324
AAGACTCACGCCCACT-1,0.000051,0.033718,0.000051,0.795677,0.00722,0.005134,0.158148
AAGACTGCAAGCTACT-1,0.000012,0.014332,0.020449,0.001647,0.053712,0.042984,0.866864
AAGAGATGAATCGGTA-1,0.000036,0.000036,0.000036,0.320212,0.028159,0.065413,0.586109
AAGAGCTCTTTATCGG-1,0.000032,0.004673,0.11009,0.320483,0.049471,0.008617,0.506634
AAGAGGATGTACGCGA-1,0.000037,0.000037,0.000037,0.247417,0.000074,0.029845,0.722552
AAGAGGCATGGATCGC-1,0.000013,0.000013,0.009587,0.019564,0.018458,0.000013,0.952351
AAGAGGCCCTTTGGAA-1,0.018513,0.655014,0.075461,0.001632,0.125627,0.002299,0.121453
AAGATGGCACCGGACC-1,0.000026,0.000026,0.000026,0.27531,0.307017,0.117083,0.300511
AAGATTGGCGGAACGT-1,0.092358,0.298342,0.019969,0.145602,0.000046,0.000915,0.442769
AAGCACCCTGCGTATC-1,0.000013,0.105668,0.026508,0.007474,0.133088,0.116077,0.611172
AAGCATACTCTCCTGA-1,0.000015,0.134125,0.028293,0.080705,0.135056,0.0517,0.570106
AAGCCACTTGCAGGTA-1,0.000011,0.031598,0.033448,0.000023,0.773266,0.003357,0.158297
AAGCCGAAGCGGTTTA-1,0.000032,0.746936,0.062543,0.190234,0.000064,0.000032,0.000159
AAGCCGCCGTGAAATC-1,0.00425,0.00004,0.00004,0.630892,0.249473,0.00004,0.115266
AAGCCGGAGAGCAGGA-1,0.000022,0.776034,0.007852,0.143536,0.069053,0.000022,0.003482
AAGCGCAGGGCTTTGA-1,0.000024,0.055216,0.000626,0.331595,0.392275,0.023208,0.197058
AAGCGGCGTCATGGGT-1,0.040772,0.000049,0.000049,0.041933,0.025517,0.000049,0.89163
AAGCGTCCCTCATCGA-1,0.000022,0.000022,0.000022,0.000043,0.20916,0.000022,0.790711
AAGCTAGATCGAGTAA-1,0.000019,0.026854,0.008996,0.160986,0.040819,0.014647,0.747679
AAGCTATGGATTGACC-1,0.017064,0.049983,0.000031,0.668488,0.252916,0.000031,0.011488
AAGCTCGTGCCAAGTC-1,0.000031,0.000031,0.000031,0.313144,0.022385,0.000031,0.664346
AAGCTCTTTCATGGTG-1,0.002905,0.12465,0.128185,0.204812,0.089751,0.000511,0.449186
AAGGAGAACTTATAAG-1,0.000089,0.051452,0.000089,0.584449,0.000179,0.003846,0.359896
AAGGAGCGGTTGGTGC-1,0.000047,0.000047,0.000047,0.449325,0.050446,0.000047,0.500042
AAGGATCGATCGCTTG-1,0.000021,0.279985,0.340248,0.071298,0.043154,0.000021,0.265273
AAGGATGAGGGACCTC-1,0.000033,0.079815,0.000033,0.372786,0.000066,0.004136,0.54313
AAGGCAGGCTGTCTCC-1,0.000024,0.254331,0.103217,0.339709,0.242346,0.000024,0.06035
AAGGCGCGTAAAGCTT-1,0.001767,0.000039,0.000039,0.513244,0.041961,0.015966,0.426984
AAGGCTGTGCTCATCG-1,0.00001,0.00001,0.00001,0.000019,0.001086,0.00001,0.998857
AAGGGAACGACTGGCT-1,0.000058,0.000058,0.000058,0.628266,0.208206,0.000058,0.163296
AAGGGACAGATTCTGT-1,0.000028,0.15852,0.009495,0.293486,0.002596,0.00521,0.530665
AAGGGACTATGCATTC-1,0.000052,0.000052,0.000052,0.529467,0.227344,0.000052,0.242981
AAGGGTTAGCCATGCG-1,0.000022,0.942429,0.000022,0.05735,0.000044,0.000022,0.00011
AAGGGTTTGATTTCAG-1,0.134762,0.000059,0.000059,0.556386,0.189088,0.021124,0.098522
AAGGTATCCTAATATA-1,0.005187,0.000024,0.000024,0.140479,0.027664,0.006503,0.820119
AAGGTGATAAACCAGC-1,0.000031,0.449337,0.029613,0.321963,0.000061,0.000031,0.198965
AAGTAAGCTTCCAAAC-1,0.000143,0.000143,0.288714,0.381001,0.02016,0.000143,0.309695
AAGTAGAAGACCGGGT-1,0.000026,0.000026,0.000026,0.021172,0.0109,0.000026,0.967823
AAGTAGTGACGCGAGG-1,0.000031,0.000031,0.000031,0.235149,0.040212,0.000031,0.724513
AAGTCAATTGTCGTCA-1,0.000027,0.279018,0.171387,0.0552,0.033357,0.001999,0.459011
AAGTCTTCTGTGGCCT-1,0.000061,0.000061,0.000061,0.898735,0.10072,0.000061,0.000303
AAGTGACGACCGAATT-1,0.000054,0.000054,0.000054,0.467535,0.097005,0.009407,0.425892
AAGTGAGTCGGGTTTA-1,0.000024,0.000024,0.000024,0.206826,0.359212,0.00452,0.429371
AAGTGCAAAGGTAGAC-1,0.019082,0.000067,0.000067,0.938865,0.000135,0.000067,0.041716
AAGTGCCTTGACTGTA-1,0.006021,0.657194,0.141941,0.006715,0.000265,0.00002,0.187844
AAGTGCGTTAGAATCT-1,0.053529,0.00003,0.00003,0.091359,0.150176,0.002636,0.70224
AAGTGCTTCTCTATTG-1,0.000016,0.000016,0.000016,0.125826,0.584476,0.002546,0.287103
AAGTGTTTGGAGACGG-1,0.000013,0.035993,0.302071,0.065529,0.013226,0.000013,0.583155
AAGTTCACTCCAAGCT-1,0.000035,0.032851,0.178485,0.387287,0.034193,0.000035,0.367114
AAGTTCAGTCTGCGTA-1,0.000049,0.068333,0.017928,0.422045,0.025635,0.128555,0.337456
AAGTTCGGCCAACAGG-1,0.000026,0.002365,0.031382,0.079965,0.104146,0.000026,0.782091
AAGTTGTGATGTTATA-1,0.000013,0.91188,0.004954,0.000026,0.08305,0.000013,0.000064
AAGTTTACTAATGGCA-1,0.000054,0.000054,0.000054,0.77125,0.000108,0.055131,0.17335
AAGTTTATGGGCCCAA-1,0.00002,0.026479,0.003079,0.389557,0.426174,0.004241,0.150449
AATAACAACGCTCGGC-1,0.000018,0.000018,0.000018,0.008436,0.045125,0.000018,0.946369
AATAACACTAGAACAA-1,0.000035,0.013825,0.000035,0.494554,0.072008,0.002935,0.416608
AATAACGTCGCGCCCA-1,0.00001,0.999878,0.00001,0.00002,0.00002,0.00001,0.000051
AATAAGTCCTCGAGAC-1,0.000031,0.000031,0.000031,0.36034,0.000062,0.000031,0.639475
AATAATCTTCGTATCG-1,0.000013,0.660308,0.105309,0.005701,0.201685,0.000254,0.026731
AATACAATGTTTCAGG-1,0.000026,0.000026,0.000026,0.173994,0.134161,0.043219,0.648547
AATACCGGAGGGCTGT-1,0.000017,0.000017,0.000017,0.034563,0.461138,0.000017,0.504229
AATACCTGATGTGAAC-1,0.000013,0.785159,0.075635,0.000027,0.139086,0.000013,0.000066
AATAGAACAGAGTGGC-1,0.000504,0.000031,0.000031,0.352683,0.129416,0.008692,0.508643
AATAGAATCTGTTTCA-1,0.187103,0.180006,0.092049,0.182911,0.000067,0.008761,0.349103
AATAGCAAGCCTCCTG-1,0.000042,0.000042,0.000042,0.161903,0.228888,0.000042,0.609043
AATAGCTACCGCGTGC-1,0.000022,0.000022,0.000022,0.013598,0.134113,0.295968,0.556257
AATAGTCCGTCCCGAC-1,0.000032,0.216818,0.009453,0.338411,0.096789,0.169133,0.169365
AATAGTCGCGAGTCGG-1,0.000081,0.000081,0.000081,0.978071,0.000162,0.000081,0.021445
AATATCAAGGTCGGAT-1,0.000069,0.000069,0.000069,0.999242,0.000138,0.000069,0.000344
AATATCCTAGCAAACT-1,0.018213,0.000063,0.000063,0.936116,0.016776,0.02845,0.000317
AATATCGAATCAATGC-1,0.000028,0.729743,0.002354,0.108997,0.000056,0.000344,0.158478
AATATCGAGGGTTCTC-1,0.000025,0.006418,0.006265,0.176767,0.04398,0.198825,0.567719
AATATTGGAGTATTGA-1,0.000015,0.000015,0.006346,0.000031,0.051279,0.000015,0.942299
AATCAGACTGCAGGAC-1,0.000246,0.000246,0.000246,0.446068,0.048699,0.000246,0.50425
AATCAGGTTTCATTTA-1,0.000029,0.000029,0.000029,0.245382,0.45957,0.000029,0.294931
AATCATGTAAAGACTC-1,0.000032,0.811231,0.018592,0.149543,0.000065,0.000032,0.020505
AATCCAAGGGCCTGAG-1,0.000023,0.010719,0.004666,0.0796,0.045098,0.000023,0.859871
AATCCATGCAAGGGTG-1,0.000154,0.000154,0.000154,0.447036,0.047414,0.000154,0.504935
AATCCCGCTCAGAGCC-1,0.00001,0.00001,0.007054,0.004848,0.704175,0.00001,0.283894
AATCGAGGTCTCAAGG-1,0.000018,0.083955,0.007428,0.329915,0.529759,0.002265,0.046661
AATCGCCTCAGCGCCA-1,0.000034,0.039041,0.06451,0.503473,0.000068,0.000034,0.39284
AATCGCGCAGAGGACT-1,0.000028,0.275211,0.058405,0.237924,0.243199,0.000028,0.185206
AATCGGGACACTACGA-1,0.000025,0.000025,0.000025,0.067965,0.125077,0.009545,0.797337
AATCGGTATAGCCCTC-1,0.000012,0.750217,0.045759,0.000024,0.096017,0.0011,0.106871
AATCGTGAGCCGAGCA-1,0.000011,0.093997,0.079325,0.036001,0.262585,0.000011,0.528071
AATCTAGGTTTACTTG-1,0.000038,0.000038,0.000038,0.215148,0.195403,0.000038,0.589299
AATCTATGCCGGAGCC-1,0.002639,0.01408,0.000025,0.156361,0.08856,0.052922,0.685413
AATCTCTACTGTGGTT-1,0.000043,0.000043,0.000043,0.279923,0.1863,0.000043,0.533607
AATCTGCGTTGGGACG-1,0.000019,0.000019,0.225464,0.119537,0.000039,0.000019,0.654902
AATCTGGCTTTCTAGT-1,0.000057,0.000057,0.000057,0.427933,0.215526,0.000057,0.356311
AATCTGGGTAGACCCT-1,0.000054,0.000054,0.000054,0.497731,0.020877,0.000054,0.481174
AATGACAGCAATGTCT-1,0.000019,0.000019,0.000019,0.000038,0.073528,0.033987,0.892391
AATGACGTAGGATGTC-1,0.000021,0.000021,0.011866,0.122294,0.0211,0.000021,0.844679
AATGACTGTCAGCCGG-1,0.000041,0.000041,0.000041,0.237143,0.0061,0.000041,0.756593
AATGAGTTCGCATATG-1,0.005408,0.026775,0.000111,0.182782,0.057837,0.11579,0.611296
AATGATGATACGCTAT-1,0.000014,0.000014,0.000014,0.000028,0.000699,0.000014,0.999218
AATGATGCGACTCCTG-1,0.000016,0.000016,0.000016,0.024195,0.0138,0.000016,0.96194
AATGCAACCGGGTACC-1,0.018087,0.002396,0.000047,0.664259,0.028147,0.000047,0.287017
AATGCACCAAGCAATG-1,0.000019,0.086516,0.013637,0.019769,0.006759,0.104831,0.768471
AATGGTCCACCGTTCA-1,0.00002,0.00002,0.0012,0.02786,0.113011,0.022186,0.835702
AATGGTTCTCACAAGC-1,0.000024,0.000024,0.000024,0.016445,0.109608,0.000024,0.873849
AATGTATGGCACTGTA-1,0.000081,0.000081,0.000081,0.990696,0.008578,0.000081,0.000404
AATGTGCCCGAGGTGT-1,0.000047,0.000047,0.000047,0.202245,0.245726,0.000047,0.551842
AATGTGCTAATCTGAG-1,0.000014,0.000014,0.000014,0.000028,0.417465,0.000014,0.58245
AATGTTAAGACCCTGA-1,0.000015,0.19052,0.002699,0.24534,0.4997,0.001067,0.060659
AATGTTGTCGTGAGAC-1,0.000019,0.997998,0.000019,0.001807,0.000039,0.000019,0.000097
AATTAAAGGTCGGCGT-1,0.00002,0.025507,0.00002,0.050753,0.063086,0.175544,0.68507
AATTAACGGATTTCCA-1,0.000023,0.07584,0.008542,0.299876,0.148631,0.007925,0.459162
AATTACGAGACCCATC-1,0.00006,0.22422,0.00006,0.728867,0.000119,0.00006,0.046614
AATTACTCGTACGCTC-1,0.022398,0.000178,0.000178,0.507462,0.000356,0.000178,0.46925
AATTAGCGCTGCAGCG-1,0.00001,0.00001,0.00001,0.000021,0.049874,0.00001,0.950064
AATTATACCCAGCAAG-1,0.000011,0.002477,0.024722,0.091482,0.702739,0.01581,0.162758
AATTCATAAGGGATCT-1,0.130588,0.349204,0.000037,0.254954,0.000073,0.002299,0.262845
AATTCATTGTCATGCA-1,0.000081,0.000081,0.000081,0.999106,0.000162,0.000081,0.000406
AATTCCAACTTGGTGA-1,0.000256,0.077831,0.000256,0.442479,0.004822,0.000256,0.474099
AATTCCAAGCATGTAC-1,0.000018,0.00406,0.000018,0.071245,0.501637,0.043277,0.379744
AATTCGATTCGAGGAT-1,0.000012,0.000012,0.000012,0.101228,0.307219,0.000012,0.591504
AATTCTAGAGTTAGGC-1,0.000038,0.000038,0.000038,0.383682,0.044902,0.099467,0.471835
AATTGAACGCTCTGGT-1,0.000014,0.139956,0.179968,0.037961,0.021792,0.000504,0.619804
AATTGCAGCAATCGAC-1,0.000033,0.741035,0.007018,0.164632,0.087085,0.000033,0.000164
AATTGCGTGGATTACA-1,0.000061,0.000061,0.000061,0.914358,0.085093,0.000061,0.000305
AATTGTGGTTGCCAAA-1,0.000016,0.852036,0.000016,0.028769,0.119068,0.000016,0.000079
AATTTGGGACATAGTA-1,0.000031,0.000031,0.000031,0.028096,0.050939,0.000031,0.920841
AATTTGGTTCCAAAGA-1,0.000035,0.000035,0.000035,0.182334,0.000071,0.000035,0.817453
ACAAACCATGCGTCCT-1,0.000034,0.000034,0.000034,0.71147,0.288225,0.000034,0.00017
ACAAACCGACAAGGCG-1,0.017837,0.0001,0.172629,0.460591,0.000199,0.0001,0.348544
ACAAACTCCATCAGAG-1,0.000012,0.000012,0.000526,0.000025,0.773871,0.000012,0.225541
ACAAAGAAGGTAGGCC-1,0.000066,0.000066,0.000066,0.999276,0.000132,0.000066,0.000329
ACAAAGCATGACCTAG-1,0.00001,0.901722,0.042487,0.000021,0.008501,0.00001,0.047249
ACAAATCGCACCGAAT-1,0.000015,0.128127,0.22413,0.13528,0.015271,0.000015,0.497162
ACAAATGGTAGTGTTT-1,0.000051,0.190718,0.01693,0.711961,0.000102,0.000051,0.080188
ACAAATTCAGATCTGA-1,0.00004,0.00004,0.002592,0.04501,0.109621,0.122945,0.719753
ACAACAGCATGAGCTA-1,0.000019,0.000019,0.000047,0.112337,0.102534,0.200795,0.58425
ACAACGGTCCCTGCGA-1,0.000034,0.000034,0.000034,0.192307,0.070868,0.000034,0.736688
ACAAGCAGTGCCTAGC-1,0.000029,0.000029,0.000029,0.095657,0.081678,0.014918,0.807659
ACAAGCTATATGGAAG-1,0.000072,0.000072,0.000072,0.999205,0.000145,0.000072,0.000361
ACAAGGAAATCCGCCC-1,0.000008,0.000008,0.005616,0.000016,0.07789,0.000008,0.916454
ACAAGGACAAGAGGTT-1,0.000028,0.000028,0.000028,0.42262,0.005001,0.000028,0.572267
ACAAGGATGCTTTAGG-1,0.000016,0.188243,0.099134,0.042394,0.092499,0.091486,0.486229
ACAAGGCCTACCAGCC-1,0.000048,0.015846,0.000048,0.33922,0.027822,0.000048,0.616966
ACAAGGGCAGGCTCTG-1,0.000022,0.02727,0.005074,0.271063,0.113238,0.007317,0.576015
ACAAGTAATTGTAAGG-1,0.000027,0.001188,0.00099,0.286354,0.426729,0.18385,0.100861
ACAATAGTCGTACGTT-1,0.000023,0.000023,0.000023,0.000045,0.113386,0.000023,0.886478
ACAATCCATTTAAACC-1,0.000015,0.012314,0.003648,0.044196,0.057576,0.000015,0.882237
ACAATCGATCTTTATA-1,0.075632,0.113857,0.002516,0.514341,0.025093,0.000083,0.268478
ACAATGAATACGGAGA-1,0.000027,0.000027,0.000027,0.108033,0.236286,0.000027,0.655572
ACAATGATTCTTCTAC-1,0.008452,0.00005,0.00005,0.475528,0.190802,0.00005,0.325067
ACAATTGTGTCTCTTT-1,0.023427,0.761543,0.000041,0.174832,0.000082,0.013073,0.027001
ACAATTTAGGAGGCTC-1,0.000054,0.000054,0.000054,0.742558,0.176198,0.000054,0.081026
ACAATTTGAGCAGTGG-1,0.000023,0.000023,0.000023,0.078716,0.026059,0.062111,0.833047
ACAATTTGGCCATATT-1,0.000017,0.083288,0.176137,0.148146,0.371528,0.014999,0.205886
ACACAAAGACGGGTGG-1,0.000021,0.000021,0.000021,0.150642,0.017957,0.007079,0.82426
ACACACCAGGACCAGT-1,0.000026,0.262645,0.155372,0.099608,0.000051,0.103693,0.378605
ACACACTTTCTACACG-1,0.000016,0.000016,0.000016,0.000033,0.037031,0.000016,0.96287
ACACATGATCAAATCT-1,0.000058,0.000058,0.000058,0.754459,0.186402,0.000058,0.058908
ACACATTGACGCAACA-1,0.000159,0.000159,0.000159,0.539164,0.000319,0.014722,0.445317
ACACATTTCCGTAGAC-1,0.000016,0.000016,0.000016,0.266754,0.553209,0.004871,0.175116
ACACCACATAATTAGC-1,0.000016,0.00615,0.011854,0.233963,0.187068,0.000016,0.560932
ACACCCAGCATGCAGC-1,0.000022,0.000022,0.000022,0.04613,0.039826,0.000022,0.913955
ACACCCGAGAAATCCG-1,0.00002,0.00002,0.00002,0.010697,0.065374,0.004201,0.919667
ACACCGAGCGCTCTTT-1,0.039462,0.096228,0.000116,0.278961,0.000232,0.000116,0.584886
ACACCGGTCTGACCGC-1,0.00003,0.36208,0.007777,0.428654,0.110652,0.058302,0.032505
ACACCTTAAGTAGGGC-1,0.016741,0.000045,0.000045,0.259889,0.013595,0.000045,0.709641
ACACCTTACTACTTGC-1,0.000014,0.068932,0.444696,0.000028,0.155329,0.000014,0.330987
ACACGAGACTCCTTCT-1,0.000018,0.139433,0.003282,0.036894,0.014056,0.037517,0.768801
ACACGGCACTATGCAT-1,0.000041,0.000041,0.000041,0.341868,0.000081,0.000041,0.657888
ACACGGGAACTTAGGG-1,0.000024,0.000024,0.000024,0.150669,0.000049,0.0266,0.82261
ACACGTAGGCCACAAG-1,0.000028,0.856161,0.000028,0.12155,0.022064,0.000028,0.00014
ACACTCCAATGTCACT-1,0.000059,0.000059,0.000059,0.999351,0.000118,0.000059,0.000295
ACACTGATCAAGGTGT-1,0.000043,0.000043,0.000043,0.457308,0.124123,0.000043,0.418396
ACACTGGGACAGTCGT-1,0.000016,0.999808,0.000016,0.000032,0.000032,0.000016,0.00008
ACAGAACTGAGAACAA-1,0.000038,0.000038,0.000038,0.356112,0.083716,0.000197,0.559862
ACAGATTAGGTTAGTG-1,0.000029,0.000029,0.009108,0.208229,0.009377,0.000029,0.773197
ACAGCATAGAGCCAGT-1,0.000023,0.000023,0.000023,0.056813,0.058371,0.002145,0.882601
ACAGCGACATTCTCAT-1,0.030509,0.611142,0.034029,0.083587,0.240507,0.000038,0.000189
ACAGCGCACCCGCAGC-1,0.000071,0.000071,0.000071,0.437976,0.000141,0.000071,0.5616
ACAGGCACGGATCCTT-1,0.000021,0.723196,0.014722,0.126911,0.135022,0.000021,0.000106
ACAGGCTTGCCCGACT-1,0.000016,0.214827,0.085204,0.033364,0.032773,0.032615,0.601201
ACAGGTGGAGGTGAGG-1,0.000019,0.000019,0.000019,0.093196,0.073364,0.019658,0.813725
ACAGGTGTGTTGTTGC-1,0.000065,0.025519,0.000065,0.966477,0.007487,0.000065,0.000323
ACAGTAATACAACTTG-1,0.001413,0.000032,0.002288,0.2984,0.131647,0.022548,0.543672
ACAGTATACCGTGGGA-1,0.000032,0.000032,0.000032,0.417308,0.250437,0.000097,0.332061
ACATAAGTCGTGGTGA-1,0.000076,0.000076,0.000076,0.999161,0.000153,0.000076,0.000382
ACATAATAAGGCGGTG-1,0.039978,0.000017,0.000017,0.00048,0.114854,0.006046,0.838608
ACATACAATCAAGCGG-1,0.000017,0.597096,0.040307,0.128899,0.215678,0.001449,0.016553
ACATCAGCTGGGACGC-1,0.000027,0.000027,0.000027,0.146785,0.140939,0.000027,0.712166
ACATCCCGGCCATACG-1,0.000035,0.086287,0.007018,0.254836,0.180664,0.135621,0.33554
ACATCCTGGTAACTGT-1,0.000035,0.39178,0.069913,0.329484,0.007264,0.000035,0.20149
ACATCGATCGTTTACC-1,0.000046,0.000046,0.000046,0.50781,0.000092,0.076503,0.415457
ACATCGCAATATTCGG-1,0.000033,0.013735,0.000033,0.361539,0.510884,0.000033,0.113742
ACATCGGTCAGCCGCG-1,0.000048,0.076177,0.000048,0.520237,0.011149,0.000048,0.392292
ACATCGTATGCAATGG-1,0.000022,0.000022,0.176953,0.15297,0.006145,0.005959,0.657928
ACATCGTTAACCTAGT-1,0.000049,0.000049,0.000049,0.328281,0.000097,0.145638,0.525839
ACATCTCAACGCGTAA-1,0.000082,0.000082,0.000082,0.920756,0.000165,0.000082,0.078751
ACATGGCGCCAAAGTA-1,0.000027,0.478992,0.113382,0.160929,0.002981,0.000027,0.243661
ACATGGCTCAATTTAG-1,0.000178,0.000178,0.000178,0.481583,0.000356,0.000178,0.517349
ACATTAGTTTATATCC-1,0.042856,0.194906,0.000041,0.313846,0.043352,0.052547,0.352451
ACATTCGCGCGGAATA-1,0.000035,0.000035,0.000035,0.558466,0.425681,0.000035,0.015712
ACATTTGAAACCTAAC-1,0.000015,0.896274,0.00223,0.001449,0.099943,0.000015,0.000075
ACCAAACACCCAGCGA-1,0.000017,0.00213,0.000017,0.160309,0.161877,0.024205,0.651444
ACCAAACTAGAAATCC-1,0.000034,0.000034,0.004373,0.902344,0.023706,0.000034,0.069475
ACCAACACCACACACT-1,0.000012,0.131313,0.025497,0.02179,0.072992,0.013421,0.734975
ACCAACCGCACTCCAC-1,0.000028,0.675805,0.000841,0.15606,0.167101,0.000028,0.000138
ACCAACGCTTATTTAT-1,0.000026,0.000026,0.000026,0.26996,0.192691,0.100755,0.436516
ACCAAGAACGCGTGTC-1,0.000039,0.000039,0.000039,0.311021,0.000077,0.000039,0.688748
ACCAAGTCATCGGCAG-1,0.000012,0.999854,0.000012,0.000024,0.000024,0.000012,0.000061
ACCAATATGCAAGTTA-1,0.000025,0.000025,0.046164,0.325109,0.063813,0.019998,0.544866
ACCACAACTCAGAACA-1,0.000031,0.000031,0.000031,0.098786,0.158282,0.028293,0.714547
ACCACAAGTTTCTATC-1,0.000024,0.178534,0.016623,0.135055,0.04087,0.006227,0.622666
ACCACACGGTTGATGG-1,0.000017,0.220894,0.006666,0.15325,0.518527,0.007507,0.09314
ACCACCAATGTAACAA-1,0.008825,0.019543,0.415728,0.208955,0.055678,0.000027,0.291244
ACCACCCTCTCTTCTA-1,0.000032,0.015871,0.000032,0.547987,0.323796,0.003561,0.108721
ACCACGTGCAGCTATA-1,0.015377,0.143142,0.016162,0.098174,0.064874,0.000019,0.662252
ACCACTGTTCAAGAAG-1,0.000162,0.000162,0.000162,0.501863,0.000324,0.000162,0.497166
ACCAGACCATAACAAC-1,0.000044,0.000044,0.000044,0.999511,0.000089,0.000044,0.000222
ACCAGCCCGGTCTTTG-1,0.000043,0.000043,0.000043,0.404226,0.015985,0.239311,0.340351
ACCAGGAGTGTGATCT-1,0.00014,0.001057,0.177736,0.22379,0.000281,0.00014,0.596855
ACCAGTGCCCGGTCAA-1,0.000039,0.000039,0.000039,0.048786,0.019979,0.000039,0.931077
ACCAGTGCGGGAGACG-1,0.000035,0.75885,0.001169,0.152029,0.00007,0.004332,0.083514
ACCATATCCGCAATAA-1,0.000011,0.003362,0.017849,0.000022,0.093835,0.001546,0.883375
ACCATCCGCCAACTAG-1,0.000058,0.000058,0.000058,0.590358,0.10656,0.000058,0.30285
ACCATCGTATATGGTA-1,0.000032,0.000032,0.000032,0.070344,0.025308,0.000032,0.904221
ACCATTAAGGGTGTCA-1,0.00782,0.000132,0.000132,0.442398,0.110506,0.000132,0.43888
ACCCAACGCCCGTGGC-1,0.013665,0.095097,0.0245,0.058318,0.00232,0.139059,0.66704
ACCCACCTACATGCTC-1,0.000029,0.000029,0.000029,0.170557,0.032875,0.000029,0.796453
ACCCATCTTGAGGGTA-1,0.000915,0.000022,0.000022,0.015858,0.056889,0.418221,0.508073
ACCCATTTGTCCCTCT-1,0.000022,0.98392,0.000038,0.015841,0.000045,0.000022,0.000112
ACCCGAGCGAAATTAC-1,0.000019,0.000019,0.000019,0.060376,0.239284,0.001149,0.699133
ACCCGATTGGTTCCGA-1,0.000023,0.000023,0.000023,0.158139,0.495462,0.000023,0.346305
ACCCGGAAACTCCCAG-1,0.000012,0.000012,0.009857,0.000024,0.235489,0.098406,0.6562
ACCCGGAGCACCACAA-1,0.000027,0.728808,0.000027,0.147737,0.123237,0.000027,0.000136
ACCCGGATGACGCATC-1,0.000018,0.29392,0.183788,0.005719,0.000282,0.000018,0.516254
ACCCGGTTACACTTCC-1,0.000033,0.000033,0.000033,0.129459,0.08478,0.000033,0.785629
ACCCGTAGCAGAGAAT-1,0.000034,0.304511,0.002718,0.620855,0.071681,0.000034,0.000168
ACCCGTAGTCTAGTTG-1,0.001992,0.975538,0.003654,0.00003,0.018697,0.000015,0.000075
ACCCGTGTCATCAGTA-1,0.000025,0.158482,0.000025,0.252175,0.082387,0.014594,0.492312
ACCCTATAGGACTGAG-1,0.009449,0.064143,0.000139,0.157225,0.000278,0.360002,0.408765
ACCCTATGCCATATCG-1,0.000077,0.000077,0.000077,0.570359,0.099654,0.000077,0.32968
ACCCTCCCGTCAGGGC-1,0.000022,0.879782,0.000022,0.115313,0.000637,0.004115,0.000109
ACCCTCCCTTGCTATT-1,0.000034,0.323312,0.074543,0.368818,0.000068,0.000034,0.233191
ACCCTGGTAACGCCCT-1,0.000016,0.010615,0.010532,0.052876,0.192125,0.005522,0.728314
ACCCTTCATCTGCGAA-1,0.000021,0.000021,0.000021,0.067747,0.001369,0.000021,0.930801
ACCCTTTAGTTCTCCA-1,0.000037,0.000037,0.000037,0.117469,0.071585,0.000084,0.810752
ACCGAAAGGGCCCTGC-1,0.000025,0.000025,0.000025,0.282809,0.043641,0.067303,0.606171
ACCGAAGAGTCTGGTT-1,0.000059,0.000059,0.000059,0.987532,0.011936,0.000059,0.000296
ACCGACACATCTCCCA-1,0.000017,0.016629,0.000017,0.159532,0.220572,0.401544,0.201688
ACCGACTGAGTCCCAC-1,0.000029,0.061986,0.020155,0.171174,0.016648,0.196006,0.534002
ACCGAGTCTCCTTATT-1,0.000008,0.000008,0.003403,0.027064,0.548873,0.000135,0.420509
ACCGATAGGCATAACC-1,0.001137,0.911148,0.001542,0.018901,0.067174,0.000016,0.000082
ACCGATATTTAATCAT-1,0.000018,0.759449,0.015717,0.001404,0.223302,0.000018,0.000092
ACCGATGGTAGCATCG-1,0.000017,0.039625,0.068848,0.067078,0.006472,0.000017,0.817943
ACCGCAATAACTGCCT-1,0.000022,0.042675,0.017278,0.389229,0.050941,0.000022,0.499832
ACCGCGGTGGAAGTCG-1,0.00002,0.623091,0.136221,0.002481,0.00004,0.00002,0.238127
ACCGCTAGTCATTGGT-1,0.000015,0.000015,0.000199,0.000031,0.749238,0.000015,0.250485
ACCGGGCCTTTGTTGA-1,0.000055,0.615111,0.000055,0.331314,0.000111,0.000055,0.053298
ACCGGTCAGGTACACC-1,0.00005,0.00005,0.00005,0.669301,0.165647,0.00005,0.164852
ACCGGTCTGAGTACGG-1,0.000054,0.000054,0.000054,0.383987,0.000107,0.000054,0.615691
ACCGTCCACTGGGCCC-1,0.045232,0.000045,0.000045,0.680667,0.190456,0.000045,0.083511
ACCGTGACCACGTGGG-1,0.03938,0.000019,0.000028,0.051906,0.314964,0.021889,0.571814
ACCGTTCCCGCTCTGA-1,0.000082,0.000082,0.000082,0.883163,0.004054,0.03686,0.075678
ACCTAAGTACCTTTCA-1,0.000015,0.000015,0.000015,0.00003,0.140253,0.000015,0.859657
ACCTAATCGACTTCCT-1,0.000043,0.000043,0.000043,0.540107,0.042942,0.000043,0.416778
ACCTACAGTATGTGGT-1,0.000031,0.362357,0.021728,0.2419,0.019442,0.000031,0.354509
ACCTACTATAAATCTA-1,0.000013,0.000013,0.000013,0.04999,0.437262,0.000013,0.512695
ACCTCCGCCCTCGCTG-1,0.000011,0.052614,0.263338,0.000022,0.339077,0.197455,0.147483
ACCTCCGTTATTCACC-1,0.000021,0.019981,0.002158,0.077538,0.254296,0.000021,0.645984
ACCTCGAACTTATGCT-1,0.000037,0.020533,0.000037,0.73164,0.24753,0.000037,0.000185
ACCTGCGTGTCATGTT-1,0.000021,0.000021,0.000021,0.001168,0.104864,0.000021,0.893882
ACCTTTCCTTTAGAAG-1,0.000146,0.050785,0.000146,0.381212,0.05593,0.000146,0.511636
ACGAAATGGGCGGCAC-1,0.000025,0.000025,0.000025,0.071008,0.102471,0.000025,0.826421
ACGACCCATGAGTTGC-1,0.000013,0.508667,0.223433,0.000026,0.24509,0.012004,0.010769
ACGACTCTAGGGCCGA-1,0.000014,0.568019,0.044438,0.086131,0.282571,0.000014,0.018812
ACGACTGGTCATACTC-1,0.000023,0.000023,0.000023,0.231632,0.412597,0.000926,0.354774
ACGAGAACCCATCACG-1,0.000148,0.000148,0.000148,0.282738,0.094433,0.000148,0.622236
ACGAGATATTTGCTTA-1,0.000067,0.000067,0.000067,0.367432,0.000135,0.000067,0.632164
ACGAGGATACCACTCT-1,0.001907,0.000025,0.000025,0.001829,0.183986,0.001699,0.810529
ACGAGGTTTACAACGT-1,0.041787,0.031369,0.000043,0.82158,0.104961,0.000043,0.000216
ACGAGTACGGATGCCC-1,0.000019,0.009144,0.000019,0.000037,0.004555,0.489045,0.497182
ACGAGTCGCCGGCGTT-1,0.00023,0.04157,0.061933,0.282642,0.198572,0.00023,0.414824
ACGATACATAGAACTA-1,0.000016,0.000016,0.004615,0.001536,0.005917,0.000092,0.987807
ACGATACCTATCCTGA-1,0.092231,0.007341,0.000082,0.899689,0.000164,0.000082,0.000411
ACGATCATACATAGAG-1,0.000043,0.118622,0.000043,0.353333,0.088195,0.122453,0.317313
ACGATCATCTTGTAAA-1,0.000032,0.056756,0.189622,0.39351,0.006802,0.000036,0.353241
ACGATGCATATGTTAT-1,0.000031,0.005241,0.000031,0.403647,0.016977,0.006874,0.567199
ACGATGGATCCGATGC-1,0.000035,0.000035,0.000035,0.201084,0.000069,0.055104,0.743639
ACGCAAACTAATAGAT-1,0.000014,0.000014,0.000014,0.072052,0.286095,0.000014,0.6418
ACGCAATCACTACAGC-1,0.000019,0.028279,0.035198,0.03301,0.127037,0.036353,0.740106
ACGCATAAATGACATG-1,0.000027,0.022698,0.013107,0.089365,0.235549,0.000027,0.639227
ACGCATACGTTTACTA-1,0.00002,0.930105,0.009277,0.00004,0.00004,0.00002,0.060498
ACGCATTCGTGAGTAC-1,0.000016,0.000016,0.000016,0.000031,0.018046,0.000016,0.98186
ACGCCACTCGAAACAG-1,0.00002,0.008814,0.00002,0.401163,0.57567,0.007399,0.006913
ACGCCAGATGATTTCT-1,0.000023,0.000023,0.000023,0.088962,0.004179,0.000023,0.906767
ACGCCAGTGCGTTTGC-1,0.00001,0.146106,0.468598,0.00002,0.359697,0.00001,0.025558
ACGCCCAGCTGTCGAT-1,0.000073,0.000073,0.000073,0.804294,0.000147,0.044404,0.150935
ACGCCGCTAGACGACC-1,0.000019,0.004366,0.002445,0.186076,0.048454,0.000227,0.758413
ACGCGAAGTCAGACGA-1,0.000027,0.030034,0.000027,0.207924,0.060803,0.008317,0.692868
ACGCGCTACACAGGGT-1,0.000035,0.000035,0.000035,0.396269,0.197634,0.000035,0.405958
ACGCGGGCCAAGGACA-1,0.000013,0.083638,0.013211,0.085285,0.008054,0.024724,0.785075
ACGCGTTTCTTAAGAG-1,0.16582,0.000072,0.000072,0.833459,0.000144,0.000072,0.00036
ACGCTACTGAATGGGC-1,0.000021,0.972997,0.000021,0.026789,0.000043,0.000021,0.000107
ACGCTAGTGATACACT-1,0.000028,0.001548,0.000028,0.292135,0.059084,0.010655,0.636522
ACGCTGTGAGGCGTAG-1,0.000048,0.000048,0.000048,0.296175,0.085021,0.0012,0.617462
ACGCTTAGTGTCTCTC-1,0.000147,0.000147,0.000147,0.98492,0.000295,0.000147,0.014195
ACGGAACACGAGTGCC-1,0.000022,0.676996,0.001767,0.09275,0.228332,0.000022,0.000111
ACGGAATTTAGCAAAT-1,0.000053,0.000053,0.000053,0.999422,0.000105,0.000053,0.000263
ACGGACGCAGCGACAA-1,0.000028,0.003021,0.000028,0.772479,0.224275,0.000028,0.000141
ACGGACTCTCAAAGCG-1,0.000019,0.004647,0.101388,0.300467,0.218185,0.023125,0.352169
ACGGAGCGCAAATTAC-1,0.000023,0.000023,0.000023,0.13458,0.094558,0.014708,0.756085
ACGGATGGTGCGGATA-1,0.000023,0.00395,0.01253,0.280872,0.102841,0.000023,0.599762
ACGGCACTTGCTTGGG-1,0.001824,0.038866,0.002853,0.640444,0.02671,0.015174,0.274129
ACGGCCAACATGGACT-1,0.000012,0.027961,0.000012,0.070759,0.072367,0.004998,0.823891
ACGGCGACGATGGGAA-1,0.000023,0.195116,0.025589,0.249518,0.000046,0.001091,0.528617
ACGGCGGGTTGCCCTG-1,0.000204,0.000204,0.000204,0.259994,0.087763,0.000204,0.65143
ACGGCTGGATGTAGAA-1,0.000056,0.018544,0.000056,0.940985,0.040021,0.000056,0.000281
ACGGGAGTGTCGGCCC-1,0.000024,0.000024,0.000024,0.000048,0.082937,0.000024,0.91692
ACGGGCGTATGCGACA-1,0.012614,0.0301,0.00002,0.277786,0.132582,0.005292,0.541606
ACGGGTCATGTGACTT-1,0.11547,0.024293,0.000105,0.272679,0.000209,0.062475,0.524769
ACGGGTTGTGACCTGT-1,0.011279,0.038009,0.02247,0.527596,0.273535,0.00002,0.127091
ACGGTACAGTTCAATG-1,0.00002,0.668723,0.004127,0.073285,0.253726,0.00002,0.000099
ACGGTCACCGAGAACA-1,0.000034,0.026095,0.000034,0.76292,0.194066,0.016682,0.000169
ACGTACAGATTTCTCT-1,0.000015,0.000015,0.000015,0.000029,0.012843,0.000015,0.987069
ACGTACTTTGGCACGG-1,0.000019,0.000019,0.000019,0.116067,0.505223,0.009732,0.368921
ACGTAGATTGCTGATG-1,0.000055,0.027812,0.000055,0.400294,0.000111,0.000055,0.571618
ACGTAGGAGAGTCGCT-1,0.000021,0.028683,0.007635,0.311211,0.43478,0.024655,0.193014
ACGTATTACTCCGATC-1,0.000036,0.672132,0.05218,0.203415,0.017258,0.000036,0.054944
ACGTCCTAAACGAGAT-1,0.000135,0.000135,0.254213,0.275289,0.000271,0.000135,0.469821
