Barcode,Topic 1to2,Topic 3,Topic 4to5,Topic 6to7,Topic 8to10
AAACAACGAATAGTTC-1,0.020233,0.353465,0.060312,0.565769,0.000221
AAACAAGTATCTCCCA-1,0.033499,0.147338,0.241767,0.497202,0.080194
AAACAATCTACTAGCA-1,0.000176,0.195888,0.319916,0.459512,0.024507
AAACACCAATAACTGC-1,0.120084,0.112659,0.334061,0.139936,0.293261
AAACAGCTTTCAGAAG-1,0.047469,0.000014,0.000037,0.238382,0.714098
AAACAGGGTCTATATT-1,0.116403,0.15001,0.016826,0.699431,0.017332
AAACAGTGTTCCTGGG-1,0.725707,0.071248,0.049576,0.153311,0.000158
AAACATTTCCCGGATT-1,0.44067,0.191896,0.20864,0.154415,0.00438
AAACCCGAACGAAATC-1,0.021215,0.027774,0.085131,0.379255,0.486624
AAACCGGAAATGTTAA-1,0.062041,0.04818,0.280994,0.421421,0.187364
AAACCGGGTAGGTACC-1,0.161813,0.094262,0.000056,0.463679,0.28019
AAACCGTTCGTCCAGG-1,0.102611,0.096423,0.01237,0.539691,0.248906
AAACCTAAGCAGCCGG-1,0.927081,0.013615,0.000132,0.058975,0.000197
AAACCTCATGAAGTTG-1,0.007313,0.009193,0.070216,0.356463,0.556815
AAACGAAGAACATACC-1,0.00007,0.195634,0.328937,0.339031,0.136328
AAACGAGACGGTTGAT-1,0.000033,0.000017,0.000033,0.196784,0.803133
AAACGCTGGGCACGAC-1,0.811629,0.000027,0.175205,0.000054,0.013085
AAACGGGCGTACGGGT-1,0.754759,0.000031,0.245052,0.000063,0.000094
AAACGGGTTGGTATCC-1,0.000122,0.204978,0.245549,0.372442,0.176909
AAACGGTTGCGAACTG-1,0.735708,0.057587,0.206463,0.000097,0.000145
AAACGTGTTCGCCCTA-1,0.017106,0.86093,0.120601,0.000091,0.001271
AAACTAACGTGGCGAC-1,0.000759,0.123697,0.548097,0.082268,0.245178
AAACTCGGTTCGCAAT-1,0.794845,0.002653,0.114937,0.050035,0.03753
AAACTCGTGATATAAG-1,0.000067,0.157964,0.151586,0.180951,0.509432
AAACTGCTGGCTCCAA-1,0.081795,0.100443,0.012468,0.776282,0.029011
AAACTTAATTGCACGC-1,0.109812,0.059357,0.250351,0.162559,0.417921
AAACTTGCAAACGTAT-1,0.057519,0.043295,0.014234,0.621803,0.263149
AAAGAATGTGGACTAA-1,0.923196,0.076426,0.000108,0.000108,0.000162
AAAGACCCAAGTCGCG-1,0.056924,0.914711,0.000184,0.027905,0.000277
AAAGACTGGGCGCTTT-1,0.000108,0.267523,0.000337,0.587777,0.144255
AAAGCTTGCCTACATA-1,0.002354,0.048099,0.142851,0.589852,0.216844
AAAGGCCCTATAATAC-1,0.543606,0.041621,0.084264,0.166678,0.163831
AAAGGCTACGGACCAT-1,0.58877,0.21371,0.000161,0.197119,0.000241
AAAGGCTCTCGCGCCG-1,0.061389,0.060813,0.657601,0.113155,0.107042
AAAGGGATGTAGCAAG-1,0.000053,0.033764,0.109254,0.254084,0.602844
AAAGGGCAGCTTGAAT-1,0.004456,0.155652,0.000103,0.733541,0.106248
AAAGGTAAGCTGTACC-1,0.000085,0.202785,0.415819,0.155376,0.225935
AAAGTAGCATTGCTCA-1,0.047999,0.051843,0.094026,0.040893,0.765239
AAAGTCACTGATGTAA-1,0.015665,0.275514,0.036341,0.213926,0.458554
AAAGTCGACCCTCAGT-1,0.020664,0.000903,0.062267,0.614862,0.301303
AAAGTGCCATCAATTA-1,0.411349,0.145186,0.202314,0.190003,0.051148
AAAGTGTGATTTATCT-1,0.000047,0.000024,0.010668,0.062759,0.926502
AAAGTTGACTCCCGTA-1,0.000088,0.01666,0.133132,0.500731,0.349389
AAATAAGGTAGTGCCC-1,0.00004,0.001589,0.108949,0.249907,0.639515
AAATACCTATAAGCAT-1,0.00365,0.001919,0.125923,0.212952,0.655557
AAATAGCTTAGACTTT-1,0.000042,0.000021,0.048258,0.158891,0.792788
AAATAGGGTGCTATTG-1,0.000946,0.029939,0.260014,0.022058,0.687043
AAATCCGATACACGCC-1,0.533958,0.012727,0.308802,0.003296,0.141217
AAATCGTGTACCACAA-1,0.180432,0.150792,0.0001,0.406069,0.262607
AAATCTAGCCCTGCTA-1,0.015091,0.115017,0.272952,0.071362,0.525577
AAATGACTGATCAAAC-1,0.827818,0.041786,0.00017,0.129971,0.000255
AAATGATTCGATCAGC-1,0.006241,0.468139,0.057437,0.441851,0.026332
AAATGCTCGTTACGTT-1,0.060499,0.836567,0.042113,0.04465,0.016172
AAATGGCCCGTGCCCT-1,0.057717,0.420046,0.230698,0.023778,0.267763
AAATGGTCAATGTGCC-1,0.012641,0.273786,0.000106,0.604532,0.108936
AAATGTATCTTATCCC-1,0.000037,0.01587,0.035761,0.07967,0.868662
AAATGTGGGTGCTCCT-1,0.013261,0.289198,0.260876,0.43652,0.000146
AAATTAACGGGTAGCT-1,0.007635,0.01724,0.026082,0.734338,0.214704
AAATTAATAAGCGCGA-1,0.033187,0.083961,0.000063,0.775717,0.107072
AAATTACCTATCGATG-1,0.000118,0.267979,0.119357,0.479468,0.133078
AAATTCCAGGTCCAAA-1,0.04207,0.036637,0.019944,0.466148,0.435201
AAATTGATAGTCCTTT-1,0.154154,0.090299,0.045393,0.35794,0.352213
AAATTGCGGCGGTTCT-1,0.000089,0.254395,0.231701,0.26759,0.246225
AAATTGGTGAGAAGCA-1,0.075217,0.732201,0.095282,0.026089,0.071212
AAATTTACCGAAATCC-1,0.000026,0.033139,0.351399,0.084364,0.531072
AAATTTGCGGGTGTGG-1,0.103161,0.240802,0.000113,0.645927,0.009997
AACAACTGGTAGTTGC-1,0.000051,0.008561,0.00069,0.476928,0.51377
AACAATACATTGTCGA-1,0.525211,0.177914,0.000122,0.270915,0.025838
AACAATTACTCTACGC-1,0.000034,0.000017,0.058011,0.115591,0.826347
AACACACGCTCGCCGC-1,0.043286,0.006138,0.383005,0.039724,0.527848
AACACGACTGTACTGA-1,0.000107,0.351429,0.175705,0.23043,0.242329
AACACGAGACGCGGCC-1,0.015888,0.00001,0.004345,0.048505,0.931251
AACACGCGGCCGCGAA-1,0.000053,0.055698,0.310959,0.402665,0.230625
AACAGCTGTGTGGCAA-1,0.100895,0.152972,0.156862,0.068085,0.521185
AACAGGAAATCGAATA-1,0.028176,0.670273,0.172541,0.033093,0.095918
AACAGGATGGGCCGCG-1,0.003897,0.076422,0.133482,0.558465,0.227733
AACAGGTAGTATGGAT-1,0.112014,0.055841,0.283462,0.32876,0.219923
AACATAGCGTGTATCG-1,0.999458,0.000068,0.000136,0.000136,0.000203
AACATATCAACTGGTG-1,0.040486,0.158759,0.08487,0.115088,0.600797
AACATCGATACGTCTA-1,0.133174,0.796622,0.055102,0.009351,0.005752
AACATTGAAGTTGATC-1,0.667768,0.124214,0.000178,0.194215,0.013625
AACATTGGTCAGCCGT-1,0.000209,0.429144,0.038326,0.532006,0.000314
AACATTGTGACTCGAG-1,0.811111,0.113097,0.000164,0.075382,0.000246
AACCAAGACTTCTCTG-1,0.046732,0.00105,0.076725,0.709518,0.165976
AACCAGTATCACTCTT-1,0.001173,0.050527,0.519056,0.326542,0.102702
AACCATAGGGTTGAAC-1,0.304966,0.343235,0.000103,0.351541,0.000155
AACCATGGGATCGCTA-1,0.035557,0.549868,0.026105,0.091984,0.296487
AACCCAGAGACGGAGA-1,0.033259,0.641821,0.324544,0.00015,0.000226
AACCCATCCCATGATC-1,0.025888,0.132418,0.109747,0.067454,0.664493
AACCCGACAACCCGTG-1,0.788457,0.202166,0.009134,0.000097,0.000146
AACCCGAGCAGAATCG-1,0.047217,0.043319,0.381948,0.208173,0.319342
AACCCGCTGTATTCCA-1,0.214772,0.000021,0.525647,0.000042,0.259519
AACCCTACTGTCAATA-1,0.046362,0.07078,0.200894,0.643325,0.038639
AACCCTGGTGGAACCA-1,0.000056,0.19756,0.245046,0.116437,0.440901
AACCGAGCTTGGTCAT-1,0.000117,0.230617,0.106508,0.340653,0.322105
AACCGCTAAGGGATGC-1,0.090754,0.043031,0.051795,0.267298,0.547122
AACCGTTGTGTTTGCT-1,0.022878,0.630731,0.043669,0.02753,0.275191
AACCTCGCTTTAGCCC-1,0.902391,0.054274,0.000102,0.043079,0.000153
AACCTGTCACGGAATT-1,0.000076,0.034429,0.000971,0.38768,0.576844
AACCTTTAAATACGGT-1,0.459517,0.182363,0.105154,0.235861,0.017106
AACCTTTACGACGTCT-1,0.008935,0.618017,0.102559,0.053415,0.217073
AACGAAAGTCGTCCCA-1,0.088041,0.499648,0.000076,0.298679,0.113556
AACGACCTCCTAGCCG-1,0.698992,0.05362,0.141721,0.015594,0.090074
AACGATAATGCCGTAG-1,0.066072,0.093953,0.459744,0.280744,0.099486
AACGATAGAAGGGCCG-1,0.032366,0.311039,0.04407,0.068162,0.544363
AACGATATGTCAACTG-1,0.000092,0.186762,0.149995,0.253085,0.410066
AACGCATGATCTGGGT-1,0.016008,0.612114,0.000162,0.371474,0.000243
AACGCGAACGGCAACA-1,0.006923,0.992577,0.000143,0.000143,0.000214
AACGCGACCTTGGGCG-1,0.684227,0.087834,0.060347,0.064118,0.103473
AACGCGGTCTCCAGCC-1,0.000059,0.05677,0.098558,0.019296,0.825316
AACGCTGTTGCTGAAA-1,0.049858,0.150243,0.162036,0.402279,0.235584
AACGGACGTACGTATA-1,0.000027,0.000014,0.067199,0.002904,0.929856
AACGGCCATCTCCGGT-1,0.062718,0.052639,0.087644,0.143068,0.653931
AACGTACTGTGGGTAC-1,0.022593,0.094938,0.107327,0.617268,0.157874
AACGTAGTCTACCCAT-1,0.122944,0.119335,0.304129,0.423034,0.030558
AACGTCAGACTAGTGG-1,0.010131,0.097978,0.140262,0.152043,0.599585
AACGTCATCCGGCTTG-1,0.769578,0.204797,0.000118,0.025331,0.000176
AACGTCGCTGCACTTC-1,0.904039,0.018732,0.068492,0.008557,0.000179
AACGTGATGAAGGACA-1,0.003296,0.676569,0.008696,0.002558,0.308881
AACGTGCGAAAGTCTC-1,0.07299,0.088838,0.052616,0.151629,0.633927
AACGTTATCAGCACCT-1,0.000102,0.29282,0.021811,0.214027,0.471241
AACGTTCTACCATTGT-1,0.230528,0.114285,0.14694,0.051058,0.457189
AACTACCCGTTTGTCA-1,0.141211,0.21755,0.123184,0.41513,0.102925
AACTAGCGTATCGCAC-1,0.000074,0.133377,0.663873,0.202566,0.000111
AACTAGGCTTGGGTGT-1,0.05745,0.064985,0.812179,0.013441,0.051945
AACTCAAGTTAATTGC-1,0.042022,0.040939,0.034463,0.743442,0.139134
AACTCCAGAGCGTGTT-1,0.315921,0.246633,0.287605,0.149522,0.000319
AACTCCTAATCCCATG-1,0.050117,0.834169,0.000241,0.000241,0.115231
AACTCGATAAACACGT-1,0.000075,0.262255,0.268304,0.035782,0.433584
AACTCGATGGCGCAGT-1,0.050298,0.234768,0.008549,0.321447,0.384938
AACTCTCAATAGAGCG-1,0.000032,0.000016,0.000032,0.115356,0.884566
AACTCTCAGTGTGCTC-1,0.060274,0.195603,0.094781,0.369243,0.280099
AACTGAGGTCAGCGTC-1,0.000051,0.101033,0.43116,0.062909,0.404847
AACTGAGTTATACTGA-1,0.029124,0.02081,0.068302,0.248401,0.633363
AACTGATATTAGGCCT-1,0.000196,0.830744,0.137539,0.021045,0.010475
AACTGGGTCCCGACGT-1,0.000138,0.47836,0.042462,0.283119,0.195921
AACTGGTGTGGGCCTT-1,0.000074,0.19475,0.383649,0.018883,0.402644
AACTTCTGCGTCTATC-1,0.000197,0.404636,0.028122,0.566748,0.000296
AACTTGCCCGTATGCA-1,0.000064,0.085736,0.047916,0.16029,0.705994
AACTTGCGTTCTCGCG-1,0.023458,0.71648,0.000207,0.224416,0.035439
AACTTTACGGGAGCTT-1,0.000133,0.114995,0.000133,0.863825,0.020914
AACTTTAGCTGCTGAG-1,0.000048,0.008712,0.264735,0.093046,0.633458
AACTTTCTCGATCATG-1,0.00005,0.259849,0.349038,0.020768,0.370295
AAGAAATCACCAGATT-1,0.006153,0.793667,0.058596,0.141458,0.000126
AAGAAGGATCAGTTAG-1,0.023727,0.209163,0.055525,0.237003,0.474581
AAGACATACGTGGTTT-1,0.381019,0.123755,0.343137,0.003862,0.148227
AAGACCCAACTGAACA-1,0.620858,0.047208,0.099555,0.080157,0.152221
AAGACTAACCCGTTGT-1,0.000095,0.268166,0.148312,0.50604,0.077388
AAGACTGCAAGCTACT-1,0.019347,0.151238,0.103007,0.503232,0.223177
AAGAGATGAATCGGTA-1,0.040028,0.414613,0.028834,0.181277,0.335249
AAGAGCTCTTTATCGG-1,0.023559,0.094526,0.000142,0.770482,0.11129
AAGAGGATGTACGCGA-1,0.000066,0.010588,0.013093,0.461267,0.514986
AAGAGGCATGGATCGC-1,0.071635,0.06969,0.038436,0.728673,0.091566
AAGAGGCCCTTTGGAA-1,0.106517,0.169391,0.522506,0.092327,0.109258
AAGATGGCACCGGACC-1,0.392415,0.246076,0.013304,0.272246,0.075959
AAGATTGGCGGAACGT-1,0.00011,0.332104,0.038247,0.595024,0.034515
AAGCACCCTGCGTATC-1,0.174811,0.000013,0.682424,0.000026,0.142726
AAGCATACTCTCCTGA-1,0.100897,0.225231,0.195353,0.35254,0.125978
AAGCCACTTGCAGGTA-1,0.732608,0.146601,0.050114,0.000112,0.070565
AAGCCGAAGCGGTTTA-1,0.089704,0.001495,0.059892,0.093465,0.755444
AAGCCGCCGTGAAATC-1,0.109083,0.029649,0.519209,0.043137,0.298922
AAGCCGCTTTACCTTG-1,0.06065,0.777657,0.158144,0.000072,0.003477
AAGCCGGAGAGCAGGA-1,0.276091,0.187982,0.220485,0.313396,0.002047
AAGCGCAGGGCTTTGA-1,0.667873,0.000058,0.331776,0.000117,0.000175
AAGCGGCGTCATGGGT-1,0.000114,0.287563,0.27046,0.092336,0.349527
AAGCGTCCCTCATCGA-1,0.172735,0.03206,0.592499,0.038749,0.163956
AAGCTAGATCGAGTAA-1,0.069377,0.106741,0.153964,0.396673,0.273245
AAGCTCGTGCCAAGTC-1,0.039396,0.254911,0.000142,0.596215,0.109335
AAGCTCTTTCATGGTG-1,0.303634,0.214366,0.323864,0.041071,0.117066
AAGGAGAACTTATAAG-1,0.000101,0.077851,0.468913,0.401767,0.051367
AAGGAGCGGTTGGTGC-1,0.024083,0.326082,0.000141,0.649484,0.000211
AAGGATCGATCGCTTG-1,0.016677,0.000038,0.000617,0.483832,0.498837
AAGGATGAGGGACCTC-1,0.003529,0.11985,0.105841,0.377661,0.393118
AAGGCAGGCTGTCTCC-1,0.011699,0.00225,0.105359,0.534037,0.346654
AAGGCGCGTAAAGCTT-1,0.000069,0.180326,0.015583,0.333179,0.470843
AAGGCTGTGCTCATCG-1,0.006328,0.000015,0.000345,0.021035,0.972276
AAGGGAACGACTGGCT-1,0.115821,0.037974,0.404609,0.152932,0.288665
AAGGGACAGATTCTGT-1,0.00007,0.141235,0.157387,0.165806,0.535501
AAGGGACTATGCATTC-1,0.276727,0.331552,0.015248,0.27896,0.097513
AAGGGTTAGCCATGCG-1,0.383108,0.051065,0.0832,0.087915,0.394712
AAGGTATCCTAATATA-1,0.000051,0.030277,0.096128,0.137989,0.735555
AAGGTGATAAACCAGC-1,0.065618,0.100674,0.001264,0.75387,0.078574
AAGTAAGCTTCCAAAC-1,0.002969,0.181496,0.410188,0.405163,0.000185
AAGTAGAAGACCGGGT-1,0.000123,0.500535,0.111437,0.069239,0.318667
AAGTAGTGACGCGAGG-1,0.029807,0.035863,0.051815,0.502292,0.380223
AAGTCAATTGTCGTCA-1,0.013008,0.003133,0.027932,0.567111,0.388815
AAGTCTAGTAGCTGCC-1,0.000055,0.320063,0.366453,0.226758,0.086671
AAGTGACGACCGAATT-1,0.063392,0.012757,0.000432,0.525171,0.398249
AAGTGAGTCGGGTTTA-1,0.630333,0.081482,0.00021,0.28766,0.000316
AAGTGCAAAGGTAGAC-1,0.006782,0.257983,0.000123,0.734927,0.000185
AAGTGCCTTGACTGTA-1,0.063799,0.130635,0.099158,0.664299,0.04211
AAGTGCGTTAGAATCT-1,0.000045,0.079205,0.211913,0.110848,0.597989
AAGTGCTTCTCTATTG-1,0.824662,0.06561,0.08343,0.014464,0.011834
AAGTGTTTGGAGACGG-1,0.027467,0.1976,0.201123,0.121167,0.452644
AAGTTCACTCCAAGCT-1,0.575077,0.098825,0.298431,0.021649,0.006018
AAGTTCAGTCTGCGTA-1,0.000204,0.967109,0.018309,0.014073,0.000306
AAGTTCGGCCAACAGG-1,0.062713,0.01976,0.059436,0.23068,0.627412
AAGTTGTGATGTTATA-1,0.609338,0.048296,0.250077,0.050005,0.042284
AAGTTTACTAATGGCA-1,0.000055,0.093814,0.460267,0.137348,0.308517
AAGTTTATGGGCCCAA-1,0.951532,0.00005,0.048167,0.000101,0.000151
AATAACAACGCTCGGC-1,0.043061,0.003186,0.138049,0.569881,0.245822
AATAACACTAGAACAA-1,0.10388,0.121735,0.059778,0.044083,0.670524
AATAACGTCGCGCCCA-1,0.949041,0.006738,0.000083,0.044014,0.000124
AATAAGTCCTCGAGAC-1,0.000237,0.113179,0.377778,0.234068,0.274738
AATAATCTTCGTATCG-1,0.033034,0.073714,0.242231,0.212994,0.438026
AATACAATGTTTCAGG-1,0.000126,0.236251,0.032335,0.640446,0.090842
AATACCGGAGGGCTGT-1,0.734238,0.212675,0.000214,0.052553,0.00032
AATACCTGATGTGAAC-1,0.994234,0.005424,0.000098,0.000098,0.000147
AATAGAACAGAGTGGC-1,0.030168,0.018548,0.33612,0.071558,0.543605
AATAGAATCTGTTTCA-1,0.005334,0.007038,0.164638,0.317905,0.505085
AATAGCAAGCCTCCTG-1,0.000025,0.018999,0.561191,0.020512,0.399274
AATAGCTACCGCGTGC-1,0.053073,0.802299,0.001772,0.142581,0.000275
AATAGTCCGTCCCGAC-1,0.698585,0.300992,0.000121,0.000121,0.000181
AATAGTCGCGAGTCGG-1,0.000068,0.087086,0.009309,0.463551,0.439986
AATATCAAGGTCGGAT-1,0.000123,0.378223,0.078783,0.253381,0.289489
AATATCGAATCAATGC-1,0.168907,0.157125,0.208712,0.412311,0.052945
AATATCGAGGGTTCTC-1,0.00005,0.003274,0.183685,0.053978,0.759013
AATATTGGAGTATTGA-1,0.024367,0.044026,0.000151,0.926245,0.00521
AATCAGACTGCAGGAC-1,0.000069,0.142678,0.168546,0.072082,0.616625
AATCAGGTTTCATTTA-1,0.72909,0.117155,0.00019,0.153279,0.000285
AATCATGTAAAGACTC-1,0.073735,0.167477,0.357651,0.328713,0.072423
AATCCATGCAAGGGTG-1,0.024663,0.403051,0.134466,0.183361,0.254459
AATCCCGCTCAGAGCC-1,0.88812,0.080331,0.029021,0.002313,0.000216
AATCGAGGTCTCAAGG-1,0.998335,0.000053,0.001348,0.000106,0.000158
AATCGCCTCAGCGCCA-1,0.070363,0.067198,0.000176,0.861998,0.000264
AATCGCGCAGAGGACT-1,0.032166,0.002587,0.079114,0.410698,0.475435
AATCGGGACACTACGA-1,0.000065,0.072098,0.327344,0.004224,0.596269
AATCGGTATAGCCCTC-1,0.919602,0.047935,0.01004,0.000131,0.022292
AATCGTGAGCCGAGCA-1,0.507867,0.037826,0.392227,0.004613,0.057467
AATCTAGGTTTACTTG-1,0.07098,0.081631,0.21638,0.599539,0.031471
AATCTATGCCGGAGCC-1,0.029963,0.072579,0.294892,0.11648,0.486086
AATCTCTACTGTGGTT-1,0.082838,0.100014,0.010239,0.653569,0.15334
AATCTGCGTTGGGACG-1,0.019167,0.087524,0.000134,0.889919,0.003256
AATCTGGCTTTCTAGT-1,0.03379,0.063912,0.107175,0.406429,0.388694
AATGACAGCAATGTCT-1,0.024301,0.020273,0.030004,0.029798,0.895625
AATGACGTAGGATGTC-1,0.051512,0.020855,0.016053,0.586827,0.324753
AATGACTGTCAGCCGG-1,0.000139,0.520768,0.000139,0.478745,0.000209
AATGAGTTCGCATATG-1,0.000235,0.966708,0.000235,0.03247,0.000352
AATGATGATACGCTAT-1,0.000064,0.083851,0.103823,0.131986,0.680276
AATGATGCGACTCCTG-1,0.000053,0.007012,0.141565,0.212945,0.638425
AATGCAACCGGGTACC-1,0.048285,0.320496,0.021088,0.537499,0.072632
AATGCACCAAGCAATG-1,0.051703,0.329788,0.104151,0.040455,0.473903
AATGGTCCACCGTTCA-1,0.015158,0.180286,0.000135,0.781202,0.023219
AATGGTTCTCACAAGC-1,0.000108,0.343765,0.043787,0.342618,0.269722
AATGTATGGCACTGTA-1,0.189287,0.29027,0.022161,0.498087,0.000195
AATGTGCCCGAGGTGT-1,0.230556,0.503443,0.105223,0.160519,0.000258
AATGTGCTAATCTGAG-1,0.690301,0.080252,0.000175,0.229008,0.000263
AATGTTAAGACCCTGA-1,0.999661,0.000042,0.000085,0.000085,0.000127
AATGTTGTCGTGAGAC-1,0.830827,0.011526,0.143224,0.000248,0.014175
AATTAAAGGTCGGCGT-1,0.02316,0.145062,0.000137,0.800479,0.031162
AATTAACGGATTTCCA-1,0.638101,0.259012,0.02312,0.079527,0.00024
AATTAGCGCTGCAGCG-1,0.269898,0.285414,0.114862,0.313186,0.01664
AATTATACCCAGCAAG-1,0.999642,0.000045,0.00009,0.00009,0.000134
AATTCATAAGGGATCT-1,0.000128,0.310134,0.029006,0.485361,0.175371
AATTCATTGTCATGCA-1,0.176576,0.3174,0.0001,0.468928,0.036996
AATTCCAACTTGGTGA-1,0.000056,0.14928,0.398429,0.062458,0.389778
AATTCCAAGCATGTAC-1,0.927882,0.004916,0.000241,0.066599,0.000362
AATTCGATTCGAGGAT-1,0.974358,0.000065,0.025252,0.00013,0.000195
AATTCTAGAGTTAGGC-1,0.013963,0.034497,0.249646,0.019573,0.682322
AATTGAACGCTCTGGT-1,0.096911,0.075959,0.231727,0.563511,0.031892
AATTGCAGCAATCGAC-1,0.799125,0.000571,0.140472,0.059648,0.000184
AATTGCGTGGATTACA-1,0.110647,0.22734,0.005523,0.281309,0.375182
AATTGTGGTTGCCAAA-1,0.563366,0.178257,0.16912,0.083604,0.005653
AATTTGGGACATAGTA-1,0.056264,0.916728,0.000254,0.000254,0.026501
AATTTGGTTCCAAAGA-1,0.117062,0.879004,0.003578,0.000142,0.000214
ACAAACCATGCGTCCT-1,0.400285,0.190554,0.139405,0.175573,0.094183
ACAAACTCCATCAGAG-1,0.760061,0.146374,0.018541,0.056993,0.01803
ACAAAGCATGACCTAG-1,0.110232,0.000011,0.624535,0.000023,0.265198
ACAAATCGCACCGAAT-1,0.026024,0.131417,0.129217,0.303988,0.409355
ACAAATGGTAGTGTTT-1,0.086804,0.062708,0.05521,0.655736,0.139541
ACAAATTCAGATCTGA-1,0.010961,0.381469,0.273558,0.05301,0.281001
ACAACAGCATGAGCTA-1,0.000051,0.00372,0.041606,0.41644,0.538184
ACAACGGTCCCTGCGA-1,0.000067,0.142018,0.05648,0.196316,0.60512
ACAAGCAGTGCCTAGC-1,0.024461,0.065512,0.000104,0.853104,0.056819
ACAAGGAAATCCGCCC-1,0.019674,0.172709,0.214293,0.220372,0.372952
ACAAGGACAAGAGGTT-1,0.049745,0.069597,0.000085,0.880436,0.000138
ACAAGGATGCTTTAGG-1,0.39697,0.162955,0.179661,0.117629,0.142785
ACAAGGGCAGGCTCTG-1,0.125069,0.246561,0.006149,0.480976,0.141245
ACAATAGTCGTACGTT-1,0.000052,0.000026,0.000052,0.307345,0.692525
ACAATCCATTTAAACC-1,0.183362,0.018199,0.049838,0.29216,0.45644
ACAATGAATACGGAGA-1,0.07574,0.016294,0.448703,0.004905,0.454358
ACAATGATTCTTCTAC-1,0.000494,0.011144,0.689326,0.013281,0.285755
ACAATTGTGTCTCTTT-1,0.014385,0.177798,0.130058,0.487269,0.19049
ACAATTTAGGAGGCTC-1,0.02782,0.026668,0.000126,0.917974,0.027413
ACAATTTGAGCAGTGG-1,0.012511,0.002248,0.004467,0.432459,0.548315
ACAATTTGGCCATATT-1,0.007296,0.005111,0.21444,0.456338,0.316816
ACACAAAGACGGGTGG-1,0.000066,0.125792,0.133092,0.412782,0.328268
ACACACCAGGACCAGT-1,0.141594,0.090298,0.028361,0.611019,0.128728
ACACACTTTCTACACG-1,0.158241,0.668586,0.172672,0.0002,0.0003
ACACATGATCAAATCT-1,0.101737,0.147625,0.381393,0.121447,0.247798
ACACATTTCCGTAGAC-1,0.560843,0.027875,0.194495,0.000154,0.216634
ACACCACATAATTAGC-1,0.012794,0.051353,0.100873,0.769226,0.065754
ACACCCAGCATGCAGC-1,0.000063,0.068423,0.043983,0.163431,0.7241
ACACCCGAGAAATCCG-1,0.000076,0.28148,0.184308,0.089718,0.444417
ACACCGAGCGCTCTTT-1,0.062029,0.332439,0.081303,0.094921,0.429308
ACACCGGTCTGACCGC-1,0.38486,0.26019,0.000141,0.354598,0.000211
ACACCTTAAGTAGGGC-1,0.000173,0.254501,0.000173,0.744895,0.000259
ACACCTTACTACTTGC-1,0.04221,0.000031,0.171263,0.393698,0.392798
ACACGAGACTCCTTCT-1,0.023281,0.116653,0.001694,0.812957,0.045416
ACACGGCACTATGCAT-1,0.000074,0.152216,0.343101,0.245351,0.259258
ACACGGGAACTTAGGG-1,0.015213,0.045539,0.088261,0.283698,0.567289
ACACGTAGGCCACAAG-1,0.029319,0.091517,0.397444,0.015574,0.466147
ACACTCCAATGTCACT-1,0.020822,0.588544,0.103173,0.202908,0.084552
ACACTGATCAAGGTGT-1,0.149061,0.28171,0.030873,0.066363,0.471993
ACACTGGGACAGTCGT-1,0.25169,0.256601,0.225124,0.17751,0.089076
ACAGAACTGAGAACAA-1,0.137425,0.335366,0.000095,0.51505,0.012064
ACAGATTAGGTTAGTG-1,0.046271,0.102158,0.232891,0.027817,0.590863
ACAGCATAGAGCCAGT-1,0.000196,0.650801,0.001759,0.346949,0.000294
ACAGCGACATTCTCAT-1,0.303235,0.230757,0.253117,0.212718,0.000173
ACAGCGCACCCGCAGC-1,0.023133,0.62357,0.016191,0.028691,0.308415
ACAGGCACGGATCCTT-1,0.678844,0.036021,0.250406,0.000054,0.034675
ACAGGCTTGCCCGACT-1,0.072952,0.099223,0.393481,0.259683,0.17466
ACAGGTGGAGGTGAGG-1,0.106364,0.327726,0.00012,0.565611,0.000179
ACAGTAATACAACTTG-1,0.322579,0.152006,0.000074,0.352983,0.172358
ACAGTATACCGTGGGA-1,0.09028,0.832385,0.010658,0.009214,0.057463
ACATAAGTCGTGGTGA-1,0.118317,0.227016,0.046208,0.441105,0.167355
ACATAATAAGGCGGTG-1,0.000061,0.100311,0.211633,0.023773,0.664222
ACATACAATCAAGCGG-1,0.952655,0.003849,0.000107,0.043228,0.000161
ACATCAGCTGGGACGC-1,0.010266,0.139765,0.016176,0.815773,0.018021
ACATCCCGGCCATACG-1,0.225192,0.112083,0.325096,0.290045,0.047585
ACATCCTGGTAACTGT-1,0.000091,0.021526,0.152854,0.64045,0.185078
ACATCGATCGTTTACC-1,0.092942,0.067125,0.000175,0.830707,0.009052
ACATCGGTCAGCCGCG-1,0.078117,0.18779,0.000089,0.203613,0.530391
ACATCGTATGCAATGG-1,0.04157,0.023503,0.114461,0.780448,0.040017
ACATCGTTAACCTAGT-1,0.060372,0.939012,0.000176,0.000176,0.000264
ACATGGCGCCAAAGTA-1,0.047415,0.001478,0.090652,0.23936,0.621094
ACATGGCTCAATTTAG-1,0.04431,0.928375,0.000144,0.018395,0.008776
ACATTAGTTTATATCC-1,0.06848,0.071687,0.227852,0.345982,0.285999
ACATTCGCGCGGAATA-1,0.928079,0.006331,0.065295,0.000118,0.000177
ACATTTGAAACCTAAC-1,0.644349,0.000029,0.284776,0.000057,0.070789
ACCAAACACCCAGCGA-1,0.265906,0.621916,0.111988,0.000076,0.000114
ACCAAACTAGAAATCC-1,0.026205,0.291197,0.23394,0.084535,0.364123
ACCAACACCACACACT-1,0.032644,0.775472,0.000125,0.191572,0.000187
ACCAACCGCACTCCAC-1,0.810752,0.003912,0.172228,0.007829,0.005279
ACCAACGCTTATTTAT-1,0.108064,0.164558,0.097981,0.291182,0.338214
ACCAAGAACGCGTGTC-1,0.011107,0.838578,0.000202,0.14981,0.000303
ACCAAGTCATCGGCAG-1,0.547564,0.000032,0.138343,0.05527,0.258792
ACCAATATGCAAGTTA-1,0.309381,0.560532,0.068574,0.06127,0.000243
ACCACAACTCAGAACA-1,0.024065,0.223598,0.297707,0.279915,0.174715
ACCACAAGTTTCTATC-1,0.031048,0.085684,0.000135,0.871557,0.011577
ACCACACGGTTGATGG-1,0.999442,0.00007,0.000139,0.000139,0.000209
ACCACCAATGTAACAA-1,0.147693,0.121697,0.058238,0.667837,0.004536
ACCACCCTCTCTTCTA-1,0.006456,0.343808,0.523467,0.108485,0.017784
ACCACGTGCAGCTATA-1,0.056258,0.024697,0.096947,0.286227,0.535871
ACCAGCCCGGTCTTTG-1,0.023264,0.288344,0.302364,0.118979,0.267049
ACCAGGAGTGTGATCT-1,0.000124,0.032644,0.375657,0.28182,0.309754
ACCAGTGCCCGGTCAA-1,0.000067,0.075033,0.270195,0.041758,0.612947
ACCAGTGCGGGAGACG-1,0.000045,0.014379,0.000045,0.142027,0.843503
ACCATATCCGCAATAA-1,0.021097,0.003911,0.120508,0.399729,0.454755
ACCATCCGCCAACTAG-1,0.021616,0.035362,0.019775,0.381459,0.541788
ACCATCGTATATGGTA-1,0.090438,0.155538,0.036782,0.392408,0.324834
ACCCAACGCCCGTGGC-1,0.000052,0.026532,0.002363,0.330743,0.64031
ACCCACCTACATGCTC-1,0.000087,0.076076,0.029216,0.384324,0.510297
ACCCATCTTGAGGGTA-1,0.038084,0.007654,0.037979,0.423212,0.493071
ACCCATTTGTCCCTCT-1,0.102983,0.000022,0.641829,0.001342,0.253823
ACCCGAGCGAAATTAC-1,0.272736,0.067443,0.287179,0.287712,0.084931
ACCCGATTGGTTCCGA-1,0.433231,0.001502,0.217475,0.002945,0.344846
ACCCGGAAACTCCCAG-1,0.442042,0.461226,0.000165,0.09632,0.000248
ACCCGGAGCACCACAA-1,0.074875,0.20662,0.485478,0.131797,0.10123
ACCCGGATGACGCATC-1,0.090349,0.146869,0.000165,0.733945,0.028672
ACCCGGTTACACTTCC-1,0.034979,0.064928,0.000062,0.465359,0.434672
ACCCGTAGTCTAGTTG-1,0.566998,0.000032,0.310956,0.04374,0.078274
ACCCGTGTCATCAGTA-1,0.355699,0.090575,0.072958,0.263944,0.216824
ACCCTATGCCATATCG-1,0.350423,0.018231,0.039095,0.412596,0.179655
ACCCTCCCGTCAGGGC-1,0.999696,0.000038,0.000076,0.000076,0.000114
ACCCTCCCTTGCTATT-1,0.015031,0.083317,0.194387,0.388909,0.318357
ACCCTGGTAACGCCCT-1,0.026362,0.705974,0.051581,0.215884,0.000199
ACCCTTCATCTGCGAA-1,0.040954,0.723492,0.100278,0.033889,0.101387
ACCCTTTAGTTCTCCA-1,0.030957,0.289716,0.37088,0.030081,0.278366
ACCGAAAGGGCCCTGC-1,0.000085,0.281087,0.209125,0.235097,0.274605
ACCGAAGAGTCTGGTT-1,0.080547,0.078269,0.104757,0.026137,0.71029
ACCGACACATCTCCCA-1,0.293405,0.000022,0.120318,0.026192,0.560062
ACCGACTGAGTCCCAC-1,0.000062,0.040178,0.001755,0.460956,0.497049
ACCGAGTCTCCTTATT-1,0.884151,0.00005,0.115548,0.0001,0.00015
ACCGATAGGCATAACC-1,0.169331,0.089855,0.565288,0.051412,0.124114
ACCGATATTTAATCAT-1,0.016347,0.198622,0.280824,0.258592,0.245615
ACCGATGGTAGCATCG-1,0.036193,0.100717,0.044269,0.569286,0.249536
ACCGCAATAACTGCCT-1,0.047212,0.049624,0.183283,0.389419,0.330461
ACCGCGGTGGAAGTCG-1,0.110757,0.086634,0.084304,0.606631,0.111674
ACCGCTAGTCATTGGT-1,0.633654,0.039112,0.158166,0.03352,0.135548
ACCGGGCCTTTGTTGA-1,0.071416,0.125802,0.000151,0.798088,0.004543
ACCGGTCAGGTACACC-1,0.192463,0.341889,0.016681,0.392353,0.056614
ACCGTGACCACGTGGG-1,0.475661,0.278924,0.001903,0.137715,0.105797
ACCGTTCCCGCTCTGA-1,0.000049,0.029014,0.826402,0.044838,0.099698
ACCTAAGTACCTTTCA-1,0.079488,0.051678,0.023191,0.222038,0.623605
ACCTAATCGACTTCCT-1,0.03013,0.050085,0.032332,0.527035,0.360417
ACCTACAGTATGTGGT-1,0.01536,0.007885,0.090446,0.212257,0.674053
ACCTACTATAAATCTA-1,0.906003,0.000067,0.093594,0.000134,0.000202
ACCTCAGCGAGGCGCA-1,0.999788,0.000027,0.000053,0.000053,0.00008
ACCTCCGCCCTCGCTG-1,0.011667,0.058724,0.260934,0.175122,0.493553
ACCTCCGTTATTCACC-1,0.034883,0.268998,0.261991,0.212707,0.221422
ACCTCGAACTTATGCT-1,0.503705,0.49597,0.000093,0.000093,0.00014
ACCTGCGTGTCATGTT-1,0.085546,0.09039,0.0289,0.424081,0.371083
ACGAAATGGGCGGCAC-1,0.009536,0.043367,0.012464,0.693149,0.241484
ACGACCCATGAGTTGC-1,0.116227,0.081995,0.343828,0.175324,0.282625
ACGACTCTAGGGCCGA-1,0.999548,0.000056,0.000113,0.000113,0.000169
ACGACTGGTCATACTC-1,0.710706,0.119424,0.169677,0.000077,0.000116
ACGAGAACCCATCACG-1,0.028258,0.223939,0.062589,0.457281,0.227934
ACGAGATATTTGCTTA-1,0.047385,0.88922,0.000245,0.062783,0.000367
ACGAGGATACCACTCT-1,0.052762,0.210931,0.05921,0.138004,0.539093
ACGAGGTTTACAACGT-1,0.076678,0.155364,0.236388,0.371948,0.159622
ACGAGTACGGATGCCC-1,0.00013,0.117359,0.110303,0.642231,0.129978
ACGATACATAGAACTA-1,0.00007,0.138632,0.216583,0.015855,0.62886
ACGATCATACATAGAG-1,0.004555,0.320332,0.038237,0.373891,0.262986
ACGATCATCTTGTAAA-1,0.047847,0.024321,0.070777,0.392665,0.464389
ACGATGCATATGTTAT-1,0.055575,0.00002,0.053897,0.17274,0.717768
ACGATGGATCCGATGC-1,0.062806,0.793851,0.000209,0.142821,0.000314
ACGCAAACTAATAGAT-1,0.834216,0.105594,0.000146,0.059825,0.000219
ACGCAATCACTACAGC-1,0.000174,0.298892,0.126411,0.480114,0.09441
ACGCATACGTTTACTA-1,0.092,0.221588,0.374377,0.255767,0.056268
ACGCATTCGTGAGTAC-1,0.080221,0.195692,0.000183,0.68285,0.041054
ACGCCACTCGAAACAG-1,0.999684,0.000039,0.000079,0.000079,0.000118
ACGCCAGATGATTTCT-1,0.018857,0.963638,0.017065,0.000176,0.000264
ACGCCAGTGCGTTTGC-1,0.952627,0.00006,0.047015,0.000119,0.000179
ACGCCGCTAGACGACC-1,0.026944,0.000032,0.048486,0.480305,0.444233
ACGCGAAGTCAGACGA-1,0.06812,0.032345,0.131411,0.097337,0.670787
ACGCGCTACACAGGGT-1,0.021674,0.013032,0.066355,0.663515,0.235424
ACGCGGGCCAAGGACA-1,0.010209,0.018116,0.073304,0.444966,0.453405
ACGCGTTTCTTAAGAG-1,0.019714,0.038374,0.000042,0.127126,0.814745
ACGCTACTGAATGGGC-1,0.442662,0.000015,0.258592,0.002828,0.295904
ACGCTAGTGATACACT-1,0.006903,0.398107,0.00015,0.594616,0.000224
ACGCTGTGAGGCGTAG-1,0.062682,0.007615,0.021941,0.32534,0.582422
ACGGAACACGAGTGCC-1,0.932427,0.067194,0.000108,0.000108,0.000162
ACGGAATTTAGCAAAT-1,0.034184,0.713245,0.000178,0.082399,0.169994
ACGGACTCTCAAAGCG-1,0.637632,0.181088,0.040908,0.140147,0.000226
ACGGAGCGCAAATTAC-1,0.02389,0.734117,0.028059,0.172773,0.041161
ACGGATGGTGCGGATA-1,0.411205,0.324223,0.121217,0.143118,0.000236
ACGGCACTTGCTTGGG-1,0.123381,0.581582,0.000148,0.294666,0.000222
ACGGCCAACATGGACT-1,0.097928,0.369968,0.087367,0.412454,0.032283
ACGGCGACGATGGGAA-1,0.000073,0.113867,0.145592,0.263739,0.476729
ACGGCGGGTTGCCCTG-1,0.00009,0.204197,0.181569,0.293003,0.321142
ACGGCTGGATGTAGAA-1,0.092629,0.064356,0.150596,0.021835,0.670584
ACGGGAGTGTCGGCCC-1,0.020841,0.026073,0.011524,0.124112,0.81745
ACGGGCGTATGCGACA-1,0.000048,0.064337,0.233241,0.069247,0.633128
ACGGGTCATGTGACTT-1,0.007593,0.969935,0.00018,0.00018,0.022113
ACGGTACAGTTCAATG-1,0.96378,0.000053,0.035903,0.000106,0.000158
ACGTACAGATTTCTCT-1,0.028289,0.875497,0.000229,0.022149,0.073835
ACGTACTTTGGCACGG-1,0.760876,0.058402,0.036572,0.143934,0.000215
ACGTAGATTGCTGATG-1,0.000054,0.002815,0.022256,0.125481,0.849394
ACGTAGGAGAGTCGCT-1,0.947294,0.00006,0.052345,0.00012,0.000181
ACGTATTACTCCGATC-1,0.000109,0.05808,0.038186,0.581981,0.321644
ACGTCTCGTTCCGGGA-1,0.027696,0.023762,0.000225,0.502033,0.446284
ACGTGCGCCTCGTGCA-1,0.000257,0.982388,0.000257,0.016714,0.000385
ACGTTAATGTCGAAGA-1,0.000024,0.000012,0.001919,0.001419,0.996626
ACGTTAGATTTGCCCG-1,0.000027,0.000014,0.002281,0.085286,0.912392
ACGTTATTGGTCACTC-1,0.000145,0.347008,0.000145,0.630921,0.021782
ACGTTCACTATGCCGC-1,0.831356,0.111211,0.000181,0.056979,0.000272
ACGTTCCGCGCTCCGT-1,0.000077,0.108583,0.281732,0.09392,0.515689
ACGTTCGCAATCAATT-1,0.039747,0.102089,0.094788,0.58328,0.180095
ACGTTCGTTCAGGAAA-1,0.635433,0.15189,0.000161,0.102875,0.109641
ACGTTCTGTACAAGTC-1,0.803766,0.046734,0.14153,0.007788,0.000182
ACGTTGTCGTTGAAAG-1,0.70855,0.058898,0.00013,0.187945,0.044477
ACGTTTAGTTGTGATC-1,0.026745,0.469253,0.327421,0.000145,0.176436
ACGTTTCGGTGCACTT-1,0.343828,0.070157,0.118404,0.072924,0.394686
ACTAATACGTCAGGCG-1,0.024401,0.446528,0.117726,0.068936,0.342409
ACTACAAAGAGAGGTG-1,0.901612,0.097823,0.000161,0.000161,0.000242
ACTACATCCCGACAAG-1,0.557261,0.258275,0.000116,0.184175,0.000174
ACTACCAGCTCTCTGG-1,0.000072,0.047354,0.043688,0.157923,0.750962
ACTACCATCCGAGGGC-1,0.834847,0.055428,0.000149,0.109351,0.000224
ACTACGCGTTAGAATT-1,0.626107,0.262406,0.000149,0.111115,0.000223
ACTAGTTGCGATCGTC-1,0.013285,0.000017,0.100193,0.014612,0.871893
ACTATATGCTGTGTTC-1,0.006255,0.992967,0.000222,0.000222,0.000333
ACTATCCAGGGCATGG-1,0.009118,0.03138,0.208838,0.637721,0.112943
ACTATCTGCCCGCGTA-1,0.037099,0.029271,0.425582,0.147814,0.360234
ACTATGTCCAGCTGCC-1,0.560599,0.083589,0.181414,0.174163,0.000236
ACTATTTCCGGGCCCA-1,0.431059,0.275763,0.000224,0.292617,0.000336
ACTCAACGAATGTATT-1,0.000105,0.338773,0.216337,0.262746,0.182039
ACTCAAGTGCAAGGCT-1,0.201602,0.054627,0.355602,0.222669,0.165499
ACTCAATAAAGGCACG-1,0.000084,0.120022,0.083551,0.460214,0.336129
ACTCAGACCTGCTTCT-1,0.00017,0.739551,0.086605,0.148854,0.02482
ACTCATGGCAGCCTTC-1,0.506056,0.253229,0.01394,0.172228,0.054548
ACTCCAATATCATCAT-1,0.216064,0.020169,0.351915,0.223898,0.187954
ACTCCCATTCCTAAAG-1,0.038814,0.007563,0.054485,0.218287,0.680851
ACTCCCGAATTCGTTT-1,0.000152,0.18965,0.000152,0.786612,0.023433
ACTCCCGTAGACTAGG-1,0.015508,0.47195,0.131218,0.261478,0.119846
ACTCCCTAATGCTAAA-1,0.12621,0.078379,0.337007,0.001731,0.456672
ACTCCCTAGAATAGTA-1,0.070746,0.04218,0.137096,0.422838,0.32714
ACTCCGGCCGACCACT-1,0.881252,0.000074,0.05132,0.01118,0.056174
ACTCGATGTATTTCAT-1,0.029374,0.584255,0.000237,0.385778,0.000356
ACTCGCCGTTCGATAA-1,0.266246,0.21677,0.210964,0.044363,0.261658
ACTCGCGATCTGACGC-1,0.000026,0.000013,0.063531,0.083162,0.853268
ACTCGTAACCCGTCCT-1,0.033074,0.146841,0.007514,0.45234,0.360231
ACTCGTCAGTAATCCC-1,0.000035,0.000018,0.00273,0.100385,0.896832
ACTCTAAACCTGGGAT-1,0.000052,0.154904,0.050589,0.611394,0.183062
ACTCTCTGACTTAGGT-1,0.004143,0.000021,0.007928,0.194793,0.793115
ACTCTCTTATACACGA-1,0.000229,0.50012,0.109783,0.389526,0.000343
ACTCTGACCTAATAGA-1,0.974466,0.000048,0.025248,0.000095,0.000143
ACTCTTCAGCTCCCGC-1,0.079252,0.014336,0.050419,0.155397,0.700595
ACTCTTGTATAGTAAC-1,0.000061,0.00003,0.016658,0.432845,0.550406
ACTGAAACGCCGTTAG-1,0.150715,0.330844,0.19904,0.174591,0.14481
ACTGAATGGCGAAAGT-1,0.034536,0.064393,0.128972,0.404533,0.367566
ACTGCCCGCCATTCTC-1,0.683757,0.171559,0.000112,0.12399,0.020582
ACTGCCGTCGTAACTC-1,0.006814,0.880967,0.075274,0.002959,0.033986
ACTGCGGACACACCGT-1,0.000145,0.008641,0.000145,0.921074,0.069994
ACTGCTCGGAAGGATG-1,0.035937,0.086543,0.005571,0.346031,0.525917
ACTGGGATGCCAGTGC-1,0.860495,0.00006,0.139147,0.000119,0.000179
ACTGTACGATACACAT-1,0.000032,0.000016,0.000032,0.130293,0.869628
ACTGTAGCACTTTGGA-1,0.030591,0.20286,0.009334,0.625058,0.132158
ACTGTATACGCGAGCA-1,0.10173,0.818321,0.000151,0.067319,0.012479
ACTGTCCAGGATTATA-1,0.000053,0.000027,0.000053,0.331415,0.668452
ACTGTCTTCTTTAGAA-1,0.003785,0.197377,0.014411,0.567668,0.216759
ACTGTGCTAGTAGATC-1,0.041677,0.278241,0.008046,0.213661,0.458375
ACTGTTTAGTGTAGGC-1,0.000074,0.016038,0.439996,0.205148,0.338743
ACTTACCGGGCGCGCA-1,0.000196,0.766942,0.05397,0.172396,0.006496
ACTTACGCATCCACGC-1,0.421266,0.084138,0.225364,0.229617,0.039616
ACTTAGTACGACAAGA-1,0.028106,0.622727,0.02509,0.198387,0.125689
ACTTATACTTACCCGG-1,0.070465,0.019674,0.004033,0.25233,0.653497
ACTTATCTGATCTATA-1,0.000076,0.000038,0.342712,0.282985,0.374188
ACTTATTAGGATCGGT-1,0.045726,0.04621,0.00013,0.635562,0.272372
ACTTATTTATGTGCCA-1,0.000033,0.000016,0.000033,0.026342,0.973576
ACTTCAGGCTGATCCC-1,0.000046,0.001274,0.131311,0.05941,0.807958
ACTTCCATGCGGGACA-1,0.096073,0.000019,0.158929,0.001095,0.743885
ACTTCGCCATACGCAC-1,0.070112,0.208149,0.057016,0.5934,0.071323
ACTTCGCTAGCGAGTG-1,0.009619,0.022273,0.119972,0.35355,0.494585
ACTTGACTCCCTCTTT-1,0.063357,0.024072,0.016542,0.451181,0.444848
ACTTGCCATATTGTAC-1,0.000052,0.009949,0.491402,0.064823,0.433775
ACTTGGGACCCGGTGG-1,0.026892,0.328538,0.000782,0.457794,0.185994
ACTTGGGCTTTCGCCA-1,0.959512,0.040021,0.000134,0.000134,0.0002
ACTTGTAGTCCCTTCA-1,0.077609,0.120706,0.000118,0.525404,0.276163
ACTTGTGGATGGAACG-1,0.048273,0.086568,0.789365,0.059919,0.015875
ACTTGTTACCGGATCA-1,0.323462,0.000036,0.458004,0.003803,0.214696
ACTTTACCCTCATGAA-1,0.014432,0.030854,0.012843,0.276548,0.665324
ACTTTCCTATAGCTTC-1,0.000096,0.012154,0.041457,0.605086,0.341206
ACTTTGACTGCATCCT-1,0.054254,0.000025,0.021486,0.562075,0.362162
ACTTTGGTCGTGCTCC-1,0.063557,0.072144,0.170877,0.076608,0.616814
ACTTTGTCGACGCACT-1,0.068242,0.02797,0.284685,0.470255,0.148848
AGAAATTATGACTCGC-1,0.052866,0.069182,0.186431,0.146319,0.545202
AGAACCCAGCGTGACA-1,0.090412,0.102728,0.127079,0.678112,0.001668
AGAACCCTCAATTGGG-1,0.147718,0.326414,0.123373,0.325462,0.077033
AGAACGTGGTACATTC-1,0.008994,0.161366,0.06407,0.472303,0.293266
AGAACTGTACTTTGTA-1,0.972117,0.000031,0.027696,0.000063,0.000094
AGAAGAGCGCCGTTCC-1,0.001016,0.000508,0.303591,0.364633,0.330252
AGAAGGTACACTTCAC-1,0.107727,0.125653,0.000309,0.766148,0.000163
AGAAGGTTGCCGAATT-1,0.131543,0.180875,0.000124,0.664765,0.022694
AGAAGGTTGTAGGTCG-1,0.708767,0.02734,0.145315,0.11839,0.000187
AGAAGTGATTCGTGAT-1,0.004608,0.001024,0.056051,0.365756,0.572561
AGAATAAATCTTCAGG-1,0.029121,0.105055,0.018663,0.810821,0.036341
AGAATACAGGCTATCC-1,0.99975,0.000031,0.000062,0.000062,0.000094
AGAATGCGGGTTCGGA-1,0.003797,0.858185,0.080526,0.057231,0.000261
AGAATTATGGATTCGA-1,0.00005,0.003082,0.036466,0.332224,0.628177
AGAATTGTTTGACATA-1,0.000228,0.684004,0.000228,0.299303,0.016237
AGACAGCTCAGAATCC-1,0.000138,0.346512,0.000138,0.6374,0.01581
AGACAGGCATCTCAGC-1,0.071419,0.052632,0.224097,0.603666,0.048185
AGACATAGATCCTTCC-1,0.00011,0.276288,0.17036,0.401496,0.151746
AGACCAAACCACACCT-1,0.058999,0.022186,0.240504,0.294762,0.38355
AGACCATGGGATACAA-1,0.000073,0.301437,0.060982,0.283837,0.353672
AGACCCACCGCTGATC-1,0.086551,0.045524,0.17618,0.281773,0.409972
AGACCCGCCCTCCTCG-1,0.000055,0.021421,0.05267,0.35146,0.574394
AGACCGCTCCGCGGTT-1,0.055001,0.063756,0.27224,0.487583,0.121421
AGACCGGGAAACCCTG-1,0.000026,0.000013,0.0034,0.20357,0.792991
AGACGAAGTGCCGGTC-1,0.018642,0.017874,0.035157,0.09532,0.833008
AGACGACGATGCCGCT-1,0.066826,0.068096,0.29903,0.106143,0.459905
AGACGCCCACTTCGCC-1,0.398631,0.172535,0.414041,0.014682,0.000111
AGACGGGCCGATTTAA-1,0.007293,0.211218,0.240934,0.154507,0.386048
AGACTAGCCTTCCAGA-1,0.000065,0.002186,0.017399,0.330198,0.650152
AGACTGTTACCGGGTC-1,0.610073,0.224057,0.000204,0.140769,0.024897
AGAGAAACACCAGAAA-1,0.899065,0.066317,0.000121,0.034315,0.000182
AGAGAACCGTCTAGGA-1,0.085817,0.359785,0.122981,0.345959,0.085457
AGAGAAGGAGTACAAT-1,0.373692,0.140339,0.153343,0.330854,0.001771
AGAGATCTCTAAAGCG-1,0.000028,0.000014,0.006802,0.027651,0.965505
AGAGCAGTTATGAGAC-1,0.148614,0.179651,0.021586,0.420312,0.229837
AGAGCCGCCGAGATTT-1,0.107464,0.295828,0.265895,0.063496,0.267317
AGAGCGGGCTAATCAT-1,0.000188,0.895855,0.090012,0.013662,0.000282
AGAGCGTACAAGCTCG-1,0.006104,0.11086,0.069383,0.698616,0.115037
AGAGCTACGAAAGCAT-1,0.042632,0.289239,0.00474,0.235508,0.427882
AGAGGCTTCGGAAACC-1,0.085694,0.169293,0.273179,0.412558,0.059276
AGAGGTATCTCGGTCC-1,0.000047,0.000023,0.41586,0.119304,0.464765
AGAGTAAACTTCACTA-1,0.066539,0.074046,0.277422,0.298269,0.283724
AGAGTATAGTGTTACG-1,0.000123,0.178483,0.081337,0.646267,0.093791
AGAGTCTTAATGAAAG-1,0.317708,0.052506,0.144328,0.072859,0.4126
AGATAACTTCAGGGCC-1,0.000055,0.000028,0.034004,0.429144,0.536768
AGATACCAATAGAACC-1,0.888605,0.047417,0.007034,0.056809,0.000135
AGATACCAGCACTTCA-1,0.010224,0.858839,0.120058,0.000327,0.010553
AGATACCGGTGTTCAC-1,0.00785,0.00002,0.009238,0.24793,0.734962
AGATACGACTTCATAT-1,0.029616,0.840776,0.000144,0.007719,0.121745
AGATACTCAAGATCGA-1,0.069716,0.00032,0.296544,0.09956,0.53386
AGATATAATACGACTA-1,0.480436,0.051877,0.269609,0.000144,0.197934
AGATCGTGCATAAGAT-1,0.000059,0.086417,0.384462,0.070388,0.458673
AGATCTCAGGTGTGAT-1,0.012772,0.053132,0.110737,0.726981,0.096378
AGATGACTCGCCCACG-1,0.000097,0.08703,0.036956,0.253978,0.621938
AGATGATGGAGTCTGG-1,0.072941,0.117161,0.058056,0.293748,0.458094
AGATGCAAGACGTGCA-1,0.199244,0.477647,0.221767,0.086262,0.01508
AGATGCATCCTGTGTC-1,0.034455,0.02337,0.000029,0.420488,0.521658
AGATTATAGGACGTTT-1,0.054201,0.035401,0.058976,0.555437,0.295984
AGATTCACAACCGATA-1,0.031416,0.020959,0.038991,0.288375,0.620259
AGCAAAGGCCGCTAGT-1,0.579634,0.3359,0.079989,0.000116,0.00436
AGCAACATATCTTATT-1,0.029166,0.005924,0.065227,0.439472,0.460212
AGCAACCGAAAGTAAT-1,0.03318,0.010233,0.297067,0.034344,0.625177
AGCACACGTTTAGACT-1,0.177213,0.007907,0.250198,0.06502,0.499662
AGCACCAGTACTCACG-1,0.024086,0.185689,0.003361,0.496056,0.290807
AGCACTACCGGCCTGT-1,0.034934,0.154483,0.000129,0.729852,0.080602
AGCACTACCTCACCAG-1,0.012906,0.103674,0.460051,0.096642,0.326727
AGCACTTAAGGACGCC-1,0.026003,0.051343,0.000119,0.913748,0.008786
AGCAGAAGGAGAAAGA-1,0.68543,0.090674,0.017064,0.206674,0.000158
AGCAGCCAGATGAATA-1,0.716059,0.16704,0.000099,0.114382,0.00242
AGCAGTCGAAGCATGC-1,0.467707,0.011033,0.352084,0.007856,0.16132
AGCATATCAATATGCT-1,0.060179,0.068508,0.131469,0.372694,0.36715
AGCATCATTTCGAAAG-1,0.000038,0.026657,0.141717,0.048914,0.782674
AGCATCGTCGATAATT-1,0.000057,0.063684,0.126995,0.204583,0.60468
AGCATTACGAGGCAAG-1,0.874793,0.000077,0.077299,0.0476,0.000231
AGCCAAGCTTTGTGTC-1,0.746528,0.096546,0.156533,0.000157,0.000236
AGCCACAGGTTACCCG-1,0.752932,0.095871,0.067535,0.083483,0.000178
AGCCACTCCCGTGCTT-1,0.00006,0.059005,0.205494,0.127032,0.608409
AGCCATATAGTATGTG-1,0.999467,0.000067,0.000133,0.000133,0.0002
AGCCCATACATGTAAG-1,0.057482,0.013044,0.008236,0.378036,0.543202
AGCCCGCAACAAGCAG-1,0.617855,0.040138,0.133985,0.163866,0.044156
AGCCCGCACTACAATG-1,0.999789,0.000026,0.000053,0.000053,0.000079
AGCCCGGCATTAGAGG-1,0.370603,0.205959,0.138556,0.155657,0.129225
AGCCCGGTAGCCTGTA-1,0.588658,0.227815,0.000224,0.182965,0.000339
AGCCCTAAGCGAAGTT-1,0.00263,0.445161,0.115558,0.118616,0.318035
AGCCCTCCCTGGTGGC-1,0.666869,0.182464,0.000147,0.150299,0.000221
AGCCCTGTCGCACCGT-1,0.061032,0.022409,0.231148,0.396004,0.289408
AGCCCTTCTAATCCGA-1,0.050302,0.949064,0.000181,0.000181,0.000272
AGCCCTTGGACATCCC-1,0.088059,0.109397,0.380582,0.126085,0.295876
AGCCGTGGCTAAATGT-1,0.000052,0.019008,0.303068,0.083839,0.594033
AGCCTAATACCCACGT-1,0.013999,0.01505,0.032258,0.077907,0.860786
AGCCTTAAAGCGGAAG-1,0.000097,0.190912,0.029908,0.479558,0.299525
AGCGACAGGAACGGTC-1,0.058771,0.130299,0.196729,0.073694,0.540507
