Barcode,Topic 1,Topic 2,Topic 3,Topic 4to5,Topic 6,Topic 7,Topic 8to12
AAACAACGAATAGTTC-1,0.000033,0.605915,0.035566,0.03526,0.000033,0.000033,0.323159
AAACAAGTATCTCCCA-1,0.000013,0.000013,0.004593,0.07465,0.108828,0.021985,0.789919
AAACAATCTACTAGCA-1,0.000017,0.000017,0.000017,0.000034,0.000017,0.133036,0.866862
AAACACCAATAACTGC-1,0.000233,0.134337,0.404002,0.14718,0.218034,0.095046,0.001167
AAACAGAGCGACTCCT-1,0.000033,0.049847,0.007586,0.39042,0.025065,0.006847,0.520201
AAACAGCTTTCAGAAG-1,0.000044,0.000044,0.096345,0.492935,0.038495,0.294213,0.077924
AAACAGGGTCTATATT-1,0.000031,0.041938,0.000031,0.93662,0.021197,0.000031,0.000154
AAACAGTGTTCCTGGG-1,0.000025,0.016436,0.453322,0.037367,0.067554,0.00731,0.417984
AAACATGGTGAGAGGA-1,0.000058,0.052166,0.736833,0.000115,0.000058,0.006003,0.204767
AAACATTTCCCGGATT-1,0.000044,0.034365,0.108863,0.767677,0.000044,0.055786,0.03322
AAACCACTACACAGAT-1,0.000014,0.000014,0.027678,0.011636,0.327835,0.000014,0.632809
AAACCCGAACGAAATC-1,0.000013,0.010804,0.002559,0.092567,0.053132,0.26612,0.574806
AAACCGGAAATGTTAA-1,0.000038,0.276355,0.163217,0.072885,0.316843,0.066488,0.104173
AAACCGGGTAGGTACC-1,0.000049,0.07514,0.048061,0.846366,0.022441,0.007699,0.000244
AAACCGTTCGTCCAGG-1,0.000144,0.109991,0.250141,0.502156,0.000144,0.000144,0.137282
AAACCTAAGCAGCCGG-1,0.000092,0.085766,0.344334,0.569167,0.000092,0.000092,0.000458
AAACCTCATGAAGTTG-1,0.000012,0.000012,0.000012,0.034435,0.000012,0.134446,0.831071
AAACGAAGAACATACC-1,0.000058,0.084069,0.079666,0.259351,0.173142,0.080532,0.323182
AAACGAAGATGGAGTA-1,0.000044,0.000044,0.177919,0.486126,0.079285,0.018345,0.238238
AAACGACAGTCTTGCC-1,0.000016,0.000016,0.094403,0.000219,0.313708,0.000016,0.591623
AAACGAGACGGTTGAT-1,0.000058,0.000058,0.00723,0.990171,0.000058,0.000058,0.002369
AAACGCCCGAGATCGG-1,0.000017,0.007763,0.042874,0.000781,0.352018,0.000017,0.596531
AAACGCTGGGCACGAC-1,0.000017,0.012074,0.196303,0.03183,0.003534,0.233149,0.523092
AAACGGGCGTACGGGT-1,0.000025,0.000025,0.052975,0.278538,0.345369,0.000025,0.323043
AAACGGGTTGGTATCC-1,0.000015,0.153235,0.000332,0.006109,0.631379,0.000016,0.208914
AAACGGTTGCGAACTG-1,0.000044,0.06876,0.002076,0.849834,0.063275,0.000044,0.015967
AAACGTGTTCGCCCTA-1,0.00002,0.009855,0.046319,0.062527,0.262465,0.009955,0.608858
AAACTAACGTGGCGAC-1,0.000043,0.104314,0.241066,0.043322,0.01955,0.005282,0.586423
AAACTCGGTTCGCAAT-1,0.000035,0.015513,0.110791,0.211126,0.081742,0.007077,0.573715
AAACTCGTGATATAAG-1,0.000012,0.000012,0.000012,0.077604,0.000012,0.022484,0.899865
AAACTTAATTGCACGC-1,0.000068,0.00584,0.495425,0.464235,0.034026,0.000068,0.000338
AAACTTGCAAACGTAT-1,0.000051,0.000051,0.163836,0.734632,0.000051,0.090523,0.010857
AAAGAATGACCTTAGA-1,0.000021,0.000021,0.317636,0.000215,0.176515,0.007076,0.498514
AAAGAATGTGGACTAA-1,0.000012,0.099866,0.000431,0.095819,0.683425,0.000012,0.120434
AAAGACATGAAGTTTA-1,0.000029,0.000029,0.098085,0.00918,0.449434,0.000029,0.443216
AAAGACCCAAGTCGCG-1,0.000071,0.000071,0.1175,0.479867,0.031477,0.285545,0.085468
AAAGACTGGGCGCTTT-1,0.00002,0.022154,0.00002,0.35696,0.00002,0.058912,0.561915
AAAGCTTGCCTACATA-1,0.000021,0.067739,0.05787,0.000041,0.280192,0.064321,0.529816
AAAGGCCCTATAATAC-1,0.000021,0.000021,0.12016,0.15028,0.467768,0.000021,0.261728
AAAGGCTACGGACCAT-1,0.000064,0.000064,0.197811,0.800154,0.000064,0.001521,0.000322
AAAGGCTCTCGCGCCG-1,0.000089,0.000089,0.021651,0.977546,0.000089,0.000089,0.000446
AAAGGGATGTAGCAAG-1,0.000046,0.003027,0.044717,0.657092,0.03535,0.004006,0.255762
AAAGGGCAGCTTGAAT-1,0.000019,0.00295,0.019696,0.064698,0.080801,0.288572,0.543264
AAAGGTAAGCTGTACC-1,0.000077,0.000077,0.189079,0.598747,0.000077,0.000077,0.211866
AAAGGTCAACGACATG-1,0.000035,0.061123,0.334962,0.142552,0.012928,0.000035,0.448365
AAAGTAGCATTGCTCA-1,0.000061,0.000061,0.160718,0.808341,0.023372,0.000061,0.007386
AAAGTCACTGATGTAA-1,0.000046,0.000046,0.010765,0.485884,0.059202,0.185167,0.258889
AAAGTCGACCCTCAGT-1,0.000042,0.081655,0.035621,0.639193,0.000072,0.073753,0.169664
AAAGTGCCATCAATTA-1,0.00002,0.000022,0.116031,0.028174,0.300291,0.190185,0.365277
AAAGTGTGATTTATCT-1,0.000035,0.000035,0.016574,0.457684,0.016722,0.000035,0.508916
AAAGTTGACTCCCGTA-1,0.000054,0.017633,0.190498,0.400716,0.000054,0.226624,0.164421
AAATAACCATACGGGA-1,0.000076,0.1039,0.051912,0.720524,0.000076,0.000076,0.123435
AAATAAGGTAGTGCCC-1,0.000014,0.000014,0.000014,0.079191,0.007403,0.114506,0.798859
AAATAGCTTAGACTTT-1,0.000038,0.00464,0.133758,0.398272,0.000038,0.11105,0.352206
AAATAGGGTGCTATTG-1,0.000098,0.000098,0.280399,0.70455,0.000098,0.000098,0.01466
AAATCACTCCTAAACG-1,0.000017,0.000017,0.142755,0.000034,0.105376,0.000017,0.751783
AAATCCGATACACGCC-1,0.000067,0.027376,0.235918,0.706432,0.000067,0.029486,0.000653
AAATCGCGGAAGGAGT-1,0.000045,0.000045,0.276249,0.258353,0.063665,0.007898,0.393746
AAATCGTGTACCACAA-1,0.000068,0.071117,0.000068,0.92827,0.000068,0.000068,0.000341
AAATCTAGCCCTGCTA-1,0.000041,0.000041,0.131498,0.340808,0.001352,0.188946,0.337315
AAATCTGCCCGCGTCC-1,0.000057,0.000057,0.50152,0.000113,0.199336,0.000057,0.298861
AAATGACTGATCAAAC-1,0.000039,0.000039,0.31568,0.46906,0.000039,0.060842,0.154303
AAATGATTCGATCAGC-1,0.000019,0.000019,0.000019,0.179184,0.008703,0.016393,0.795663
AAATGCTCGTTACGTT-1,0.000065,0.057044,0.04808,0.000129,0.202404,0.455483,0.236795
AAATGGCATGTCTTGT-1,0.000039,0.000039,0.029704,0.477863,0.069412,0.002512,0.420432
AAATGGCCCGTGCCCT-1,0.000039,0.003116,0.124978,0.301246,0.06571,0.074287,0.430623
AAATGGTCAATGTGCC-1,0.000056,0.000056,0.192274,0.558163,0.045116,0.000056,0.204279
AAATGTATCTTATCCC-1,0.000053,0.334917,0.076185,0.346628,0.051808,0.180203,0.010206
AAATGTGGGTGCTCCT-1,0.000087,0.033891,0.467099,0.190581,0.140491,0.035548,0.132302
AAATTAACGGGTAGCT-1,0.000078,0.000078,0.203104,0.059359,0.241896,0.000078,0.495406
AAATTAATAAGCGCGA-1,0.000025,0.021201,0.013778,0.268292,0.000983,0.305741,0.38998
AAATTACACGACTCTG-1,0.000121,0.154697,0.18902,0.655316,0.000121,0.000121,0.000605
AAATTACCTATCGATG-1,0.000039,0.000039,0.014531,0.633186,0.076508,0.014916,0.26078
AAATTCCAGGTCCAAA-1,0.000016,0.000016,0.006691,0.090031,0.000016,0.356873,0.546357
AAATTGATAGTCCTTT-1,0.000232,0.000232,0.000232,0.698467,0.281603,0.000232,0.019002
AAATTGCGGCGGTTCT-1,0.000017,0.076388,0.000391,0.009807,0.382797,0.017902,0.512698
AAATTGGTGAGAAGCA-1,0.000026,0.045181,0.085574,0.182219,0.127678,0.004321,0.555002
AAATTTACCGAAATCC-1,0.000131,0.010696,0.335003,0.471253,0.032763,0.12247,0.027685
AAATTTGCGGGTGTGG-1,0.000055,0.011489,0.243734,0.744333,0.000055,0.000055,0.000277
AACAACTGGTAGTTGC-1,0.000048,0.000048,0.027194,0.496045,0.025238,0.20807,0.243357
AACAATACATTGTCGA-1,0.000026,0.000026,0.010786,0.418225,0.000026,0.001584,0.569328
AACAATTACTCTACGC-1,0.000065,0.04208,0.218479,0.387386,0.00082,0.350845,0.000325
AACACACGCTCGCCGC-1,0.000039,0.005088,0.097564,0.365451,0.000039,0.009983,0.521836
AACACGACTGTACTGA-1,0.000054,0.000054,0.118317,0.232457,0.089406,0.036711,0.523002
AACACGAGACGCGGCC-1,0.000026,0.000026,0.03066,0.449768,0.000026,0.055542,0.463951
AACACGCGGCCGCGAA-1,0.000037,0.062775,0.010547,0.103444,0.000037,0.473602,0.349558
AACAGCTGTGTGGCAA-1,0.000039,0.000039,0.000039,0.871141,0.025612,0.000039,0.103091
AACAGGAAATCGAATA-1,0.000036,0.000036,0.042583,0.597983,0.004357,0.004035,0.35097
AACAGGATGGGCCGCG-1,0.000027,0.000027,0.004467,0.152802,0.09356,0.043084,0.706031
AACAGGTAGTATGGAT-1,0.000016,0.028252,0.000016,0.033724,0.000016,0.173841,0.764135
AACATAGCGTGTATCG-1,0.000037,0.029386,0.043721,0.915283,0.011349,0.000037,0.000187
AACATATCAACTGGTG-1,0.000021,0.000021,0.007221,0.199196,0.010087,0.015029,0.768425
AACATCGATACGTCTA-1,0.00002,0.00002,0.018186,0.086336,0.00002,0.077612,0.817806
AACATTGAAGTTGATC-1,0.000069,0.054755,0.202912,0.569548,0.101096,0.000069,0.071551
AACATTGGTCAGCCGT-1,0.000045,0.709217,0.164314,0.000897,0.000045,0.059976,0.065507
AACATTGTGACTCGAG-1,0.000022,0.000022,0.038647,0.278824,0.000022,0.069326,0.613137
AACCAAGACTTCTCTG-1,0.000013,0.000013,0.000013,0.070299,0.006794,0.033875,0.888993
AACCAGTATCACTCTT-1,0.000185,0.000185,0.129529,0.266315,0.454598,0.000415,0.148772
AACCATAGGGTTGAAC-1,0.000029,0.000029,0.236701,0.118271,0.161997,0.000254,0.482719
AACCATGGGATCGCTA-1,0.000017,0.03774,0.000017,0.167373,0.000017,0.179133,0.615701
AACCCAGAGACGGAGA-1,0.000036,0.041317,0.000036,0.429042,0.000036,0.23128,0.298253
AACCCATCCCATGATC-1,0.000061,0.000061,0.082946,0.429663,0.252094,0.000061,0.235113
AACCCGACAACCCGTG-1,0.000104,0.000104,0.437529,0.561533,0.000104,0.000104,0.000521
AACCCGAGCAGAATCG-1,0.000051,0.023022,0.218007,0.065978,0.455518,0.185691,0.051733
AACCCGATAGGGCTTC-1,0.000028,0.012651,0.203314,0.064164,0.020303,0.000028,0.699512
AACCCGCTGTATTCCA-1,0.000042,0.02715,0.417676,0.351466,0.081243,0.057464,0.064958
AACCCTACTGTCAATA-1,0.000023,0.000023,0.010078,0.313987,0.00047,0.053737,0.621682
AACCCTGGTGGAACCA-1,0.000034,0.000034,0.078387,0.468926,0.016553,0.031994,0.404073
AACCGAGCTTGGTCAT-1,0.000085,0.053973,0.000085,0.91093,0.034414,0.000085,0.000427
AACCGCTAAGGGATGC-1,0.000023,0.000023,0.022435,0.233134,0.000023,0.023905,0.720458
AACCGTTGTGTTTGCT-1,0.000032,0.000032,0.025114,0.256917,0.000032,0.020687,0.697185
AACCTAAAGCCGTCCG-1,0.000013,0.000013,0.000062,0.141742,0.225593,0.000013,0.632564
AACCTCGCTTTAGCCC-1,0.000131,0.078494,0.203764,0.39099,0.096834,0.000131,0.229656
AACCTGTCACGGAATT-1,0.000017,0.000017,0.001295,0.050666,0.000017,0.146051,0.801937
AACCTTTAAATACGGT-1,0.000083,0.137135,0.063661,0.795377,0.003248,0.000083,0.000414
AACCTTTACGACGTCT-1,0.000058,0.000058,0.13391,0.3166,0.092176,0.039287,0.417911
AACGAAAGTCGTCCCA-1,0.00003,0.005314,0.088825,0.491565,0.153916,0.00003,0.260319
AACGACCTCCTAGCCG-1,0.000027,0.018281,0.337168,0.264704,0.000027,0.177492,0.2023
AACGATAATGCCGTAG-1,0.000129,0.043746,0.231746,0.524963,0.000129,0.198643,0.000644
AACGATAGAAGGGCCG-1,0.000063,0.024427,0.048543,0.670539,0.06195,0.129562,0.064917
AACGATATGTCAACTG-1,0.000042,0.02636,0.000042,0.461198,0.008609,0.014851,0.488897
AACGCATGATCTGGGT-1,0.000036,0.000036,0.0711,0.585433,0.000036,0.056519,0.286842
AACGCGAACGGCAACA-1,0.000012,0.11102,0.000012,0.060182,0.066502,0.048926,0.713346
AACGCGACCTTGGGCG-1,0.000061,0.000402,0.160133,0.313002,0.357712,0.077961,0.090729
AACGCGGTCTCCAGCC-1,0.000032,0.00849,0.011932,0.431716,0.06304,0.000032,0.484758
AACGCTGTTGCTGAAA-1,0.000015,0.000015,0.006227,0.02344,0.000015,0.009535,0.960752
AACGGACGTACGTATA-1,0.000052,0.000052,0.008326,0.817734,0.000052,0.112686,0.061097
AACGGCCATCTCCGGT-1,0.000033,0.000033,0.044108,0.454084,0.006687,0.003137,0.491918
AACGTACTGTGGGTAC-1,0.000042,0.03036,0.000042,0.634999,0.081715,0.000042,0.2528
AACGTAGTCTACCCAT-1,0.000115,0.000115,0.11167,0.050359,0.026928,0.81024,0.000574
AACGTCAGACTAGTGG-1,0.000052,0.000052,0.060807,0.163187,0.000052,0.412543,0.363308
AACGTCATCCGGCTTG-1,0.000009,0.000009,0.0024,0.103385,0.126133,0.004495,0.76357
AACGTCGCTGCACTTC-1,0.000037,0.047155,0.278425,0.457231,0.122869,0.05482,0.039463
AACGTGATGAAGGACA-1,0.00005,0.071424,0.00005,0.644447,0.014384,0.00005,0.269595
AACGTGCGAAAGTCTC-1,0.000106,0.035588,0.223686,0.419305,0.000106,0.000106,0.321103
AACGTTATCAGCACCT-1,0.000021,0.035897,0.000021,0.069588,0.149629,0.12481,0.620036
AACGTTCTACCATTGT-1,0.000017,0.009495,0.043785,0.205762,0.035697,0.227188,0.478055
AACTACCCGTTTGTCA-1,0.000008,0.000008,0.000008,0.007105,0.00522,0.047367,0.940284
AACTAGCGTATCGCAC-1,0.000055,0.173681,0.027049,0.153016,0.168296,0.078039,0.399864
AACTAGGCTTGGGTGT-1,0.000087,0.006132,0.127914,0.86526,0.000087,0.000087,0.000434
AACTCAAGTTAATTGC-1,0.000055,0.000055,0.176847,0.767217,0.000055,0.026681,0.029092
AACTCCAGAGCGTGTT-1,0.000026,0.000026,0.000026,0.397664,0.000026,0.012041,0.590192
AACTCCTAATCCCATG-1,0.000098,0.000098,0.140498,0.820886,0.000098,0.000098,0.038224
AACTCGATAAACACGT-1,0.000031,0.633908,0.123819,0.064231,0.000031,0.06309,0.114891
AACTCGATGGCGCAGT-1,0.000046,0.076395,0.000047,0.479837,0.000046,0.425902,0.017728
AACTCTCAATAGAGCG-1,0.000044,0.090271,0.013028,0.864019,0.000044,0.000044,0.03255
AACTCTCAGTGTGCTC-1,0.000159,0.067996,0.37124,0.483872,0.075781,0.000159,0.000794
AACTGAGGTCAGCGTC-1,0.00003,0.00003,0.023734,0.033479,0.06103,0.00003,0.881666
AACTGAGTTATACTGA-1,0.000019,0.033765,0.000019,0.000039,0.878821,0.007439,0.079898
AACTGATATTAGGCCT-1,0.000046,0.000046,0.094396,0.755787,0.00972,0.001984,0.13802
AACTGGGTCCCGACGT-1,0.00006,0.00006,0.052213,0.790936,0.00006,0.004475,0.152196
AACTGGGTTCGAGCCG-1,0.000078,0.031317,0.254933,0.510838,0.000078,0.000078,0.202677
AACTGGTGTGGGCCTT-1,0.000026,0.000026,0.002295,0.092512,0.041746,0.136977,0.726417
AACTTCTGCGTCTATC-1,0.000082,0.151098,0.206939,0.503339,0.000082,0.138047,0.000412
AACTTGCCCGTATGCA-1,0.000066,0.065939,0.004843,0.53404,0.000066,0.369872,0.025173
AACTTGCGTTCTCGCG-1,0.000074,0.02209,0.262567,0.318157,0.065312,0.319127,0.012673
AACTTTACGGGAGCTT-1,0.00004,0.00004,0.040914,0.299598,0.00004,0.295593,0.363776
AACTTTAGCTGCTGAG-1,0.000057,0.000057,0.028793,0.237712,0.205499,0.307334,0.220548
AACTTTCTCGATCATG-1,0.000024,0.000024,0.170677,0.000047,0.000024,0.026105,0.8031
AAGAAAGTTTGATGGG-1,0.000038,0.125173,0.572536,0.034296,0.267731,0.000038,0.000188
AAGAAATCACCAGATT-1,0.000031,0.011806,0.19612,0.238079,0.229034,0.138571,0.18636
AAGAAGGATCAGTTAG-1,0.000015,0.063817,0.000015,0.130919,0.029403,0.17772,0.598111
AAGACATACGTGGTTT-1,0.000017,0.005673,0.246934,0.036087,0.38797,0.065783,0.257537
AAGACCAAATAACTCA-1,0.000018,0.000018,0.10481,0.238747,0.053352,0.003848,0.599207
AAGACCCAACTGAACA-1,0.000052,0.005347,0.181003,0.394323,0.087852,0.004649,0.326776
AAGACTAACCCGTTGT-1,0.000021,0.002104,0.000021,0.022869,0.212302,0.102312,0.660371
AAGACTCACGCCCACT-1,0.000093,0.026975,0.354358,0.000187,0.46541,0.000093,0.152883
AAGACTGCAAGCTACT-1,0.000021,0.0491,0.000021,0.473293,0.011552,0.015401,0.450612
AAGAGATGAATCGGTA-1,0.000038,0.000038,0.00288,0.327806,0.000038,0.380631,0.28857
AAGAGCTCTTTATCGG-1,0.000175,0.010237,0.423185,0.542912,0.000175,0.000175,0.023142
AAGAGGATGTACGCGA-1,0.000062,0.004226,0.015701,0.72434,0.000062,0.24576,0.009848
AAGAGGCATGGATCGC-1,0.000019,0.000019,0.000019,0.256199,0.081961,0.000019,0.661762
AAGAGGCCCTTTGGAA-1,0.000051,0.061089,0.139508,0.338155,0.244221,0.134518,0.082458
AAGATGGCACCGGACC-1,0.000071,0.000071,0.16353,0.631594,0.032093,0.000071,0.172571
AAGATTGGCGGAACGT-1,0.000016,0.000016,0.004701,0.065716,0.000016,0.009257,0.920277
AAGCACCCTGCGTATC-1,0.000124,0.0518,0.055946,0.891264,0.000124,0.000124,0.000619
AAGCATACTCTCCTGA-1,0.000153,0.10105,0.090195,0.666447,0.000153,0.000153,0.141849
AAGCCACTTGCAGGTA-1,0.000035,0.000035,0.098736,0.419316,0.481672,0.000035,0.000173
AAGCCGAAGCGGTTTA-1,0.00006,0.050836,0.15078,0.185753,0.00006,0.207221,0.40529
AAGCCGCCGTGAAATC-1,0.000013,0.000013,0.062205,0.015794,0.1506,0.000013,0.771362
AAGCCGCTTTACCTTG-1,0.000016,0.014214,0.026521,0.020917,0.390703,0.028318,0.51931
AAGCCGGAGAGCAGGA-1,0.000042,0.052025,0.239541,0.06207,0.082008,0.251572,0.312743
AAGCGCAGGGCTTTGA-1,0.000029,0.001716,0.065323,0.349218,0.0159,0.000029,0.567786
AAGCGGAGTGCGCGCA-1,0.000029,0.050812,0.253989,0.238066,0.223104,0.056207,0.177793
AAGCGGCGTCATGGGT-1,0.000036,0.000036,0.001937,0.233141,0.038657,0.000036,0.726158
AAGCGTCCCTCATCGA-1,0.000115,0.256253,0.000115,0.589818,0.153005,0.000115,0.000577
AAGCTATGGATTGACC-1,0.000024,0.006832,0.099795,0.170207,0.723001,0.000024,0.000119
AAGCTCGTGCCAAGTC-1,0.000029,0.00698,0.000029,0.437435,0.019305,0.031225,0.504999
AAGCTCTTTCATGGTG-1,0.000118,0.000118,0.180654,0.818283,0.000118,0.000118,0.00059
AAGGAGAACTTATAAG-1,0.000031,0.104482,0.014855,0.11983,0.027183,0.034343,0.699276
AAGGAGCGGTTGGTGC-1,0.000051,0.000051,0.073974,0.5056,0.000051,0.133166,0.287106
AAGGATCGATCGCTTG-1,0.000019,0.000019,0.000019,0.180172,0.013876,0.095154,0.710742
AAGGATGAGGGACCTC-1,0.000036,0.000036,0.034018,0.606265,0.000036,0.006374,0.353234
AAGGCAGGCTGTCTCC-1,0.000022,0.000022,0.038024,0.134031,0.000022,0.370345,0.457533
AAGGCGCGTAAAGCTT-1,0.00003,0.00003,0.077744,0.23229,0.00003,0.194337,0.495538
AAGGCTGTGCTCATCG-1,0.000049,0.025602,0.032037,0.521547,0.133104,0.148262,0.139399
AAGGGAACGACTGGCT-1,0.00005,0.110869,0.00005,0.791321,0.097408,0.00005,0.000251
AAGGGACAGATTCTGT-1,0.000055,0.041999,0.002099,0.715304,0.078839,0.007132,0.154572
AAGGGACTATGCATTC-1,0.000101,0.039482,0.082218,0.843809,0.033787,0.000101,0.000503
AAGGGTTAGCCATGCG-1,0.000015,0.000015,0.101217,0.113314,0.000015,0.063645,0.721779
AAGGGTTTGATTTCAG-1,0.00004,0.00004,0.59193,0.010651,0.00004,0.081166,0.316132
AAGGTATCCTAATATA-1,0.000051,0.013389,0.000051,0.931481,0.000051,0.02107,0.033908
AAGGTGATAAACCAGC-1,0.000044,0.055579,0.012597,0.354242,0.066235,0.047248,0.464056
AAGTAAGCTTCCAAAC-1,0.000046,0.044292,0.089643,0.027402,0.07696,0.34101,0.420648
AAGTAGAAGACCGGGT-1,0.000049,0.010284,0.191459,0.388111,0.017042,0.196912,0.196143
AAGTAGTGACGCGAGG-1,0.000044,0.051283,0.000044,0.725854,0.031824,0.042084,0.148868
AAGTCAATTGTCGTCA-1,0.00003,0.00003,0.007704,0.355028,0.00003,0.074042,0.563135
AAGTCTAGTAGCTGCC-1,0.000036,0.01355,0.273125,0.000072,0.10106,0.090166,0.521991
AAGTCTTCTGTGGCCT-1,0.000085,0.064693,0.321818,0.256002,0.000085,0.356892,0.000425
AAGTGACGACCGAATT-1,0.000063,0.000063,0.127451,0.57458,0.22864,0.068889,0.000315
AAGTGAGTCGGGTTTA-1,0.000071,0.000071,0.218974,0.654085,0.126374,0.000071,0.000354
AAGTGCAAAGGTAGAC-1,0.000028,0.000028,0.000028,0.203115,0.007465,0.388788,0.400549
AAGTGCCTTGACTGTA-1,0.000039,0.000039,0.032588,0.208273,0.076417,0.121605,0.561038
AAGTGCGTTAGAATCT-1,0.000069,0.002884,0.038985,0.613242,0.154561,0.130586,0.059673
AAGTGCTTCTCTATTG-1,0.000098,0.122136,0.563871,0.21836,0.094945,0.000098,0.000491
AAGTGTTTGGAGACGG-1,0.000075,0.000075,0.055766,0.943562,0.000075,0.000075,0.000373
AAGTTCACTCCAAGCT-1,0.000026,0.000026,0.031048,0.069879,0.075446,0.009624,0.81395
AAGTTCAGTCTGCGTA-1,0.000047,0.005333,0.019217,0.543299,0.000047,0.148816,0.28324
AAGTTCGGCCAACAGG-1,0.000045,0.011318,0.037698,0.666657,0.245504,0.013239,0.025538
AAGTTGTGATGTTATA-1,0.000053,0.000053,0.517537,0.240003,0.000053,0.002673,0.239629
AAGTTTACTAATGGCA-1,0.000074,0.027143,0.06034,0.420631,0.000074,0.286427,0.20531
AAGTTTATGGGCCCAA-1,0.000023,0.000077,0.121982,0.25021,0.000023,0.004074,0.62361
AATAACAACGCTCGGC-1,0.000049,0.000049,0.084153,0.623747,0.000049,0.287537,0.004415
AATAACACTAGAACAA-1,0.00006,0.062425,0.008668,0.370506,0.378656,0.007825,0.171859
AATAACGTCGCGCCCA-1,0.000017,0.019027,0.060312,0.16425,0.524515,0.068028,0.163851
AATAAGTCCTCGAGAC-1,0.00005,0.00005,0.145846,0.213107,0.188265,0.020023,0.43266
AATAATCTTCGTATCG-1,0.000015,0.207535,0.014412,0.070322,0.323319,0.005937,0.378459
AATACAATGTTTCAGG-1,0.000038,0.010964,0.036207,0.114206,0.000038,0.478861,0.359687
AATACCGGAGGGCTGT-1,0.00006,0.029145,0.363458,0.571299,0.00006,0.000367,0.035609
AATACCTGATGTGAAC-1,0.000043,0.015049,0.28924,0.624864,0.000043,0.000043,0.070718
AATAGAACAGAGTGGC-1,0.00012,0.071669,0.36395,0.563425,0.00012,0.00012,0.000598
AATAGAATCTGTTTCA-1,0.00002,0.00002,0.011131,0.107487,0.000357,0.007837,0.873148
AATAGCAAGCCTCCTG-1,0.000048,0.022354,0.294715,0.37641,0.058126,0.000048,0.248299
AATAGCTACCGCGTGC-1,0.000024,0.000024,0.004255,0.334355,0.008279,0.036299,0.616765
AATAGGCACGACCCTT-1,0.000029,0.012962,0.413952,0.287969,0.066532,0.10432,0.114236
AATAGTCCGTCCCGAC-1,0.000033,0.000529,0.005929,0.314475,0.124786,0.000033,0.554215
AATAGTCGCGAGTCGG-1,0.000036,0.065234,0.091658,0.271356,0.000036,0.252006,0.319673
AATATCAAGGTCGGAT-1,0.000049,0.07327,0.000049,0.36586,0.000049,0.3554,0.205323
AATATCCTAGCAAACT-1,0.000041,0.000041,0.112331,0.234695,0.090243,0.170176,0.392473
AATATCGAATCAATGC-1,0.00003,0.00003,0.000501,0.25132,0.076696,0.21866,0.452764
AATATCGAGGGTTCTC-1,0.000015,0.000015,0.000015,0.124834,0.000015,0.026348,0.848757
AATATTGGAGTATTGA-1,0.000067,0.003744,0.094472,0.254665,0.090496,0.172405,0.384151
AATCAGACTGCAGGAC-1,0.000105,0.202577,0.042663,0.049757,0.126181,0.013966,0.564752
AATCAGGTTTCATTTA-1,0.000086,0.000086,0.663793,0.103732,0.231784,0.000086,0.000432
AATCATGTAAAGACTC-1,0.000046,0.000046,0.114579,0.49118,0.000046,0.1541,0.240003
AATCCAAGGGCCTGAG-1,0.000017,0.000017,0.000017,0.331079,0.021875,0.005559,0.641437
AATCCATGCAAGGGTG-1,0.000019,0.000019,0.000019,0.056976,0.000019,0.310051,0.632896
AATCCCGCTCAGAGCC-1,0.000037,0.000037,0.278084,0.505272,0.028641,0.017237,0.170692
AATCGAGGTCTCAAGG-1,0.000023,0.0277,0.195617,0.372785,0.108519,0.000023,0.295332
AATCGCCTCAGCGCCA-1,0.000068,0.000068,0.063024,0.912929,0.000068,0.000068,0.023776
AATCGCGCAGAGGACT-1,0.000019,0.027932,0.003817,0.218784,0.000019,0.181845,0.567584
AATCGGGACACTACGA-1,0.000042,0.000042,0.006945,0.294345,0.000042,0.165098,0.533485
AATCGGTATAGCCCTC-1,0.000046,0.008707,0.487192,0.24632,0.000046,0.208422,0.049268
AATCGTGAGCCGAGCA-1,0.000256,0.000256,0.45302,0.33418,0.082997,0.000256,0.129037
AATCTAGGTTTACTTG-1,0.000123,0.000123,0.35628,0.60034,0.042397,0.000123,0.000615
AATCTATGCCGGAGCC-1,0.000034,0.000034,0.043577,0.246159,0.000034,0.130167,0.579994
AATCTCTACTGTGGTT-1,0.000067,0.000067,0.072796,0.136298,0.159789,0.581952,0.04903
AATCTGCGTTGGGACG-1,0.000059,0.000059,0.04473,0.71619,0.000059,0.086867,0.152035
AATCTGGCTTTCTAGT-1,0.000132,0.000132,0.330186,0.264322,0.249886,0.000132,0.15521
AATCTGGGTAGACCCT-1,0.000264,0.03649,0.529015,0.024116,0.408534,0.000264,0.001319
AATGACAGCAATGTCT-1,0.000048,0.004202,0.082761,0.787341,0.000048,0.06915,0.05645
AATGACGTAGGATGTC-1,0.000055,0.000055,0.072968,0.822177,0.012861,0.037293,0.054592
AATGACTGTCAGCCGG-1,0.000015,0.000015,0.024801,0.025374,0.015703,0.007008,0.927085
AATGAGTTCGCATATG-1,0.000026,0.000026,0.00179,0.046312,0.000026,0.133144,0.818678
AATGATGATACGCTAT-1,0.00005,0.00005,0.155351,0.617351,0.00005,0.010853,0.216297
AATGATGCGACTCCTG-1,0.000024,0.012587,0.011052,0.263575,0.025416,0.047863,0.639483
AATGCAACCGGGTACC-1,0.000047,0.000047,0.134053,0.653791,0.000047,0.000047,0.21197
AATGCACCAAGCAATG-1,0.000018,0.000018,0.000018,0.119701,0.016126,0.036978,0.82714
AATGGCCGCCAATGCG-1,0.000034,0.000034,0.264323,0.000068,0.000034,0.000512,0.734995
AATGGTCCACCGTTCA-1,0.000046,0.000046,0.019586,0.507201,0.000046,0.302838,0.170238
AATGGTTCTCACAAGC-1,0.000038,0.000038,0.051588,0.476533,0.108271,0.265818,0.097714
AATGTATGGCACTGTA-1,0.000033,0.000033,0.225034,0.195433,0.380981,0.000033,0.198454
AATGTGCCCGAGGTGT-1,0.000178,0.069205,0.446512,0.354103,0.030841,0.000178,0.098983
AATGTGCTAATCTGAG-1,0.00007,0.02125,0.256389,0.700637,0.00007,0.021234,0.00035
AATGTTAAGACCCTGA-1,0.000016,0.006188,0.061942,0.104228,0.225685,0.000173,0.601768
AATGTTGTCGTGAGAC-1,0.000013,0.000013,0.07317,0.009882,0.000013,0.003646,0.913263
AATTAAAGGTCGGCGT-1,0.00005,0.00005,0.069978,0.464785,0.015755,0.000301,0.449082
AATTAACGGATTTCCA-1,0.000062,0.000062,0.132817,0.760219,0.000062,0.000062,0.106715
AATTACGAGACCCATC-1,0.00007,0.00007,0.474762,0.258414,0.112284,0.00007,0.154331
AATTACTCGTACGCTC-1,0.000035,0.325061,0.000035,0.172493,0.000035,0.023519,0.478823
AATTAGCGCTGCAGCG-1,0.000126,0.125273,0.110494,0.763221,0.000126,0.000126,0.000632
AATTATACCCAGCAAG-1,0.000088,0.145257,0.477309,0.356368,0.020449,0.000088,0.000441
AATTCATAAGGGATCT-1,0.000051,0.000051,0.005432,0.785186,0.000051,0.058842,0.150387
AATTCATTGTCATGCA-1,0.000073,0.004661,0.442084,0.14364,0.386442,0.000073,0.023028
AATTCCAACTTGGTGA-1,0.00006,0.864517,0.110443,0.000119,0.00006,0.00006,0.024742
AATTCCAAGCATGTAC-1,0.00004,0.011275,0.032921,0.470141,0.028048,0.015456,0.442119
AATTCGATTCGAGGAT-1,0.000046,0.016762,0.016943,0.656025,0.000046,0.000046,0.310132
AATTCTAGAGTTAGGC-1,0.000184,0.000184,0.2485,0.628356,0.096858,0.024999,0.00092
AATTGAACGCTCTGGT-1,0.000033,0.000033,0.024868,0.403674,0.088394,0.010797,0.472201
AATTGCAGCAATCGAC-1,0.000023,0.000023,0.058788,0.369229,0.0268,0.012801,0.532336
AATTGCGTGGATTACA-1,0.000026,0.000026,0.330466,0.000053,0.058202,0.004497,0.606729
AATTGTGGTTGCCAAA-1,0.00001,0.011671,0.099095,0.067467,0.09241,0.052198,0.677149
AATTTGGGACATAGTA-1,0.00013,0.019904,0.249417,0.589845,0.00013,0.074032,0.066542
AATTTGGTTCCAAAGA-1,0.00002,0.03922,0.00002,0.090549,0.136092,0.002459,0.73164
ACAAACCATGCGTCCT-1,0.000073,0.038467,0.24763,0.640636,0.072753,0.000073,0.000367
ACAAACCGACAAGGCG-1,0.000061,0.021103,0.358029,0.269275,0.227509,0.010673,0.11335
ACAAACTCCATCAGAG-1,0.000012,0.000012,0.040337,0.004368,0.356816,0.000612,0.597844
ACAAAGAAGGTAGGCC-1,0.000035,0.002221,0.041051,0.175907,0.321639,0.217841,0.241307
ACAAAGCATGACCTAG-1,0.000038,0.000038,0.36207,0.581995,0.000038,0.017859,0.037962
ACAAATCGCACCGAAT-1,0.000033,0.000033,0.060644,0.396491,0.000033,0.033085,0.509681
ACAAATGGTAGTGTTT-1,0.000014,0.000014,0.000014,0.277064,0.011216,0.002112,0.709566
ACAAATTCAGATCTGA-1,0.000032,0.000032,0.035389,0.013304,0.288646,0.000032,0.662564
ACAACAGCATGAGCTA-1,0.000026,0.042633,0.000096,0.446916,0.000305,0.038745,0.471279
ACAACGGTCCCTGCGA-1,0.000077,0.046189,0.082387,0.187431,0.176947,0.360994,0.145975
ACAAGCAGTGCCTAGC-1,0.000051,0.000341,0.021819,0.529596,0.000051,0.301649,0.146492
ACAAGCTATATGGAAG-1,0.000026,0.000026,0.08182,0.008634,0.000026,0.23804,0.671428
ACAAGGAAATCCGCCC-1,0.000071,0.02227,0.103525,0.873637,0.000071,0.000071,0.000355
ACAAGGACAAGAGGTT-1,0.000011,0.000011,0.000011,0.116049,0.105596,0.007751,0.770569
ACAAGGATGCTTTAGG-1,0.000031,0.000031,0.140256,0.163936,0.028623,0.015783,0.651341
ACAAGGCCTACCAGCC-1,0.000026,0.000026,0.143181,0.033641,0.320342,0.000026,0.502759
ACAAGGGCAGGCTCTG-1,0.000032,0.037629,0.000032,0.7385,0.000032,0.000032,0.223742
ACAAGTAATTGTAAGG-1,0.000024,0.05316,0.339261,0.034725,0.104634,0.04393,0.424266
ACAATAGTCGTACGTT-1,0.000046,0.033524,0.000046,0.781076,0.069052,0.0751,0.041155
ACAATCCATTTAAACC-1,0.000041,0.080179,0.081618,0.421971,0.038743,0.160666,0.216782
ACAATCGATCTTTATA-1,0.000025,0.000025,0.000025,0.018838,0.212119,0.05075,0.718218
ACAATGAATACGGAGA-1,0.00004,0.092661,0.00004,0.378249,0.095595,0.00004,0.433375
ACAATGATTCTTCTAC-1,0.000051,0.000051,0.423025,0.018163,0.014329,0.002778,0.541602
ACAATTGTGTCTCTTT-1,0.000083,0.000083,0.214775,0.434531,0.000083,0.161712,0.188734
ACAATTTAGGAGGCTC-1,0.000039,0.030065,0.025245,0.303818,0.094135,0.217893,0.328806
ACAATTTGAGCAGTGG-1,0.000031,0.000031,0.020674,0.170646,0.219389,0.000031,0.589198
ACAATTTGGCCATATT-1,0.000012,0.005328,0.002007,0.002546,0.191621,0.016961,0.781525
ACACAAAGACGGGTGG-1,0.000018,0.000018,0.028857,0.059326,0.020027,0.010874,0.880879
ACACAAATATTCCTAG-1,0.000025,0.004746,0.415658,0.001591,0.000025,0.056087,0.521869
ACACACCAGGACCAGT-1,0.000046,0.000046,0.095737,0.568465,0.000046,0.101889,0.23377
ACACACTTTCTACACG-1,0.000059,0.000059,0.000059,0.599984,0.279204,0.000059,0.120575
ACACATGATCAAATCT-1,0.000154,0.120816,0.543111,0.334843,0.000154,0.000154,0.000769
ACACATTGACGCAACA-1,0.000077,0.780211,0.000077,0.081716,0.023619,0.035965,0.078335
ACACATTTCCGTAGAC-1,0.000037,0.027436,0.150172,0.49483,0.000037,0.062031,0.265456
ACACCACATAATTAGC-1,0.00003,0.00003,0.014042,0.159902,0.006694,0.346568,0.472735
ACACCCAGCATGCAGC-1,0.000037,0.000037,0.022227,0.297758,0.000037,0.015444,0.66446
ACACCCGAGAAATCCG-1,0.000054,0.000054,0.025313,0.456157,0.0765,0.359394,0.082528
ACACCCGTAAATCTGT-1,0.000036,0.047984,0.133914,0.064584,0.74311,0.000036,0.010338
ACACCGAGCGCTCTTT-1,0.000072,0.749285,0.000072,0.222765,0.000072,0.027373,0.00036
ACACCGGTCTGACCGC-1,0.000073,0.11002,0.134127,0.755267,0.000073,0.000073,0.000366
ACACCTTAAGTAGGGC-1,0.000034,0.003885,0.000034,0.641082,0.000034,0.021145,0.333787
ACACCTTACTACTTGC-1,0.000023,0.000023,0.000023,0.238299,0.003306,0.153152,0.605173
ACACGAGACTCCTTCT-1,0.000045,0.015532,0.008913,0.592447,0.082861,0.064477,0.235725
ACACGGCACTATGCAT-1,0.000027,0.000027,0.002043,0.12012,0.112809,0.000027,0.764946
ACACGGGAACTTAGGG-1,0.000104,0.061372,0.000104,0.868097,0.069703,0.000104,0.000518
ACACGTAGGCCACAAG-1,0.000036,0.001716,0.099167,0.295373,0.000036,0.410616,0.193055
ACACTCCAATGTCACT-1,0.000035,0.000035,0.000035,0.197318,0.000035,0.551809,0.250731
ACACTGATCAAGGTGT-1,0.000139,0.000139,0.225008,0.77374,0.000139,0.000139,0.000696
ACACTGGGACAGTCGT-1,0.000022,0.024601,0.141741,0.192432,0.024207,0.14114,0.475857
ACAGAACTGAGAACAA-1,0.00005,0.040174,0.139104,0.643441,0.138021,0.00005,0.039159
ACAGATTAGGTTAGTG-1,0.00003,0.013108,0.059134,0.073938,0.01597,0.120464,0.717356
ACAGCATAGAGCCAGT-1,0.00003,0.00003,0.00003,0.061954,0.10332,0.042224,0.792412
ACAGCGACATTCTCAT-1,0.000046,0.000046,0.038194,0.578854,0.000046,0.078235,0.30458
ACAGCGCACCCGCAGC-1,0.000055,0.01863,0.003743,0.938342,0.0389,0.000055,0.000275
ACAGGCACGGATCCTT-1,0.000039,0.024906,0.254023,0.498819,0.013045,0.000039,0.209129
ACAGGCTTGCCCGACT-1,0.000056,0.036504,0.011146,0.932602,0.000056,0.000056,0.019581
ACAGGTGGAGGTGAGG-1,0.000088,0.081325,0.01293,0.90504,0.000088,0.000088,0.00044
ACAGGTGTGTTGTTGC-1,0.000055,0.053313,0.325592,0.162422,0.000055,0.338818,0.119745
ACAGTAATACAACTTG-1,0.000029,0.000029,0.009043,0.527584,0.17843,0.093644,0.191241
ACAGTATACCGTGGGA-1,0.000064,0.027583,0.21866,0.199719,0.000064,0.24967,0.30424
ACAGTGCAGCGCATTT-1,0.000029,0.000029,0.049253,0.117503,0.69935,0.000029,0.133807
ACATAAGTCGTGGTGA-1,0.000104,0.000104,0.368645,0.63042,0.000104,0.000104,0.00052
ACATAATAAGGCGGTG-1,0.000049,0.000049,0.165578,0.556713,0.000049,0.011152,0.266409
ACATACAATCAAGCGG-1,0.000022,0.003928,0.151584,0.497714,0.014185,0.000022,0.332545
ACATCAGCTGGGACGC-1,0.000017,0.000017,0.000017,0.139445,0.000017,0.17309,0.687398
ACATCCCGGCCATACG-1,0.000061,0.106167,0.000061,0.893286,0.000061,0.000061,0.000304
ACATCCTGGTAACTGT-1,0.000028,0.006347,0.00795,0.255583,0.006477,0.071432,0.652182
ACATCGATCGTTTACC-1,0.000085,0.022328,0.000085,0.976905,0.000085,0.000085,0.000426
ACATCGCAATATTCGG-1,0.000016,0.005365,0.153692,0.143656,0.095644,0.00126,0.600368
ACATCGGTCAGCCGCG-1,0.000057,0.014334,0.107115,0.58528,0.109747,0.010191,0.173276
ACATCGTATGCAATGG-1,0.000043,0.000043,0.061671,0.420447,0.030746,0.000043,0.487005
ACATCGTTAACCTAGT-1,0.000043,0.000043,0.039782,0.337095,0.053168,0.000043,0.569826
ACATCTCAACGCGTAA-1,0.000039,0.000039,0.068244,0.087305,0.070902,0.016237,0.757233
ACATGCTTACGGCAGC-1,0.000054,0.045233,0.626816,0.199073,0.000054,0.006461,0.122309
ACATGGCGCCAAAGTA-1,0.000029,0.000029,0.101631,0.250033,0.000029,0.090838,0.557409
ACATGGCTCAATTTAG-1,0.000062,0.371405,0.01221,0.316414,0.000062,0.170244,0.129601
ACATTAGTTTATATCC-1,0.000072,0.107204,0.000072,0.892132,0.000084,0.000072,0.000362
ACATTCGCGCGGAATA-1,0.000026,0.028786,0.017215,0.205909,0.743245,0.000026,0.004794
ACATTTGAAACCTAAC-1,0.000021,0.064955,0.041781,0.144339,0.152356,0.001749,0.594799
ACCAAACACCCAGCGA-1,0.000028,0.000028,0.014923,0.159401,0.016432,0.13735,0.671837
ACCAAACTAGAAATCC-1,0.000081,0.089826,0.1307,0.287403,0.052401,0.002681,0.436908
ACCAACACCACACACT-1,0.000038,0.006143,0.025975,0.769061,0.028532,0.008647,0.161604
ACCAACCGCACTCCAC-1,0.000011,0.000011,0.017477,0.002322,0.002516,0.002702,0.974962
ACCAACGCTTATTTAT-1,0.000097,0.000097,0.124171,0.874956,0.000097,0.000097,0.000485
ACCAAGAACGCGTGTC-1,0.000014,0.000014,0.000014,0.016072,0.083361,0.016745,0.883778
ACCAAGTCATCGGCAG-1,0.000033,0.057222,0.07258,0.461557,0.087334,0.000033,0.321241
ACCAATATGCAAGTTA-1,0.00015,0.027857,0.469642,0.501299,0.00015,0.00015,0.000751
ACCACAACTCAGAACA-1,0.000019,0.000019,0.000019,0.018881,0.413051,0.000019,0.567992
ACCACAAGTTTCTATC-1,0.000037,0.000037,0.000037,0.578697,0.000037,0.022152,0.399003
ACCACACGGTTGATGG-1,0.000012,0.000012,0.032331,0.00348,0.069075,0.000012,0.895077
ACCACCAATGTAACAA-1,0.000018,0.000018,0.001378,0.210787,0.173417,0.104958,0.509424
ACCACCCTCTCTTCTA-1,0.000026,0.017492,0.115286,0.055822,0.07385,0.045931,0.691593
ACCACGTGCAGCTATA-1,0.000073,0.035798,0.000073,0.963547,0.000073,0.000073,0.000364
ACCACTGTTCAAGAAG-1,0.000065,0.712461,0.072511,0.119722,0.000065,0.094848,0.000327
ACCAGACCATAACAAC-1,0.000034,0.077299,0.011929,0.651816,0.012568,0.093584,0.152768
ACCAGCCCGGTCTTTG-1,0.000034,0.000034,0.073961,0.042928,0.000034,0.025293,0.857717
ACCAGGAGTGTGATCT-1,0.000117,0.000117,0.403589,0.048988,0.000117,0.415478,0.131593
ACCAGTGCCCGGTCAA-1,0.000069,0.000069,0.114228,0.448861,0.000069,0.013605,0.4231
ACCAGTGCGGGAGACG-1,0.000039,0.000039,0.000182,0.442607,0.055502,0.054553,0.447077
ACCATATCCGCAATAA-1,0.000038,0.000038,0.005875,0.412692,0.047778,0.003272,0.530306
ACCATCCGCCAACTAG-1,0.000018,0.000018,0.002767,0.138239,0.003813,0.031791,0.823355
ACCATCGTATATGGTA-1,0.00008,0.00008,0.035965,0.934879,0.00008,0.028519,0.000398
ACCATTAAGGGTGTCA-1,0.00004,0.599944,0.00004,0.078615,0.048964,0.041904,0.230491
ACCCAACGCCCGTGGC-1,0.000015,0.000015,0.000015,0.06402,0.086323,0.000789,0.848822
ACCCACCTACATGCTC-1,0.000064,0.017272,0.148585,0.110425,0.27,0.360263,0.09339
ACCCATCTTGAGGGTA-1,0.000062,0.013015,0.210368,0.703887,0.05167,0.014945,0.006051
ACCCATTTGTCCCTCT-1,0.000055,0.000055,0.247266,0.40464,0.227839,0.036101,0.084045
ACCCGAGCGAAATTAC-1,0.00005,0.000055,0.040046,0.513265,0.00005,0.00005,0.446483
ACCCGATTGGTTCCGA-1,0.000066,0.060188,0.160575,0.505257,0.263718,0.000066,0.010132
ACCCGGAAACTCCCAG-1,0.000084,0.000084,0.052738,0.925745,0.000084,0.000089,0.021176
ACCCGGAGCACCACAA-1,0.000029,0.039847,0.270858,0.006079,0.018951,0.384407,0.279828
ACCCGGATGACGCATC-1,0.000036,0.000036,0.026991,0.330783,0.000036,0.161135,0.480985
ACCCGGTTACACTTCC-1,0.000028,0.000028,0.006596,0.245429,0.000028,0.005028,0.742864
ACCCGTAGCAGAGAAT-1,0.000046,0.000046,0.652929,0.307173,0.000046,0.000046,0.039714
ACCCGTAGTCTAGTTG-1,0.00004,0.066053,0.406407,0.024952,0.304377,0.156851,0.04132
ACCCGTGTCATCAGTA-1,0.000031,0.000031,0.010324,0.173188,0.14254,0.000031,0.673854
ACCCTATAGGACTGAG-1,0.000024,0.044918,0.009903,0.154156,0.040894,0.132526,0.617577
ACCCTATGCCATATCG-1,0.000121,0.000121,0.064088,0.93482,0.000121,0.000121,0.000607
ACCCTCCCGTCAGGGC-1,0.000196,0.000196,0.418152,0.000392,0.047986,0.000196,0.532882
ACCCTCCCTTGCTATT-1,0.000043,0.000084,0.02644,0.430701,0.275187,0.000407,0.267137
ACCCTGGTAACGCCCT-1,0.000022,0.000022,0.027497,0.077882,0.000022,0.045468,0.849088
ACCCTTCATCTGCGAA-1,0.00003,0.00003,0.022921,0.226183,0.079079,0.033143,0.638614
ACCCTTGCCTGGGTCG-1,0.000032,0.060752,0.440616,0.101219,0.003162,0.019144,0.375074
ACCCTTTAGTTCTCCA-1,0.000046,0.000046,0.185327,0.000098,0.052924,0.000046,0.761513
ACCGAAAGGGCCCTGC-1,0.000039,0.000039,0.055547,0.123491,0.127733,0.105063,0.588088
ACCGAAGAGTCTGGTT-1,0.000048,0.000048,0.044765,0.726158,0.000048,0.045707,0.183225
ACCGACACATCTCCCA-1,0.000052,0.015369,0.029228,0.598095,0.094749,0.075651,0.186856
ACCGACTGAGTCCCAC-1,0.000049,0.018543,0.000049,0.965635,0.000049,0.000049,0.015627
ACCGAGTCTCCTTATT-1,0.000056,0.000056,0.494212,0.371655,0.069508,0.000056,0.064457
ACCGATAGGCATAACC-1,0.00001,0.00001,0.065526,0.067075,0.156766,0.045056,0.665557
ACCGATATTTAATCAT-1,0.000011,0.010745,0.012236,0.011672,0.143171,0.037173,0.784992
ACCGATGGTAGCATCG-1,0.00005,0.00005,0.013909,0.558979,0.00005,0.172169,0.254793
ACCGCAATAACTGCCT-1,0.000052,0.000052,0.212039,0.75951,0.02778,0.000052,0.000515
ACCGCGGTGGAAGTCG-1,0.00002,0.00002,0.00002,0.111776,0.00002,0.035862,0.852283
ACCGCTAGTCATTGGT-1,0.000119,0.463473,0.101811,0.019916,0.413966,0.000119,0.000595
ACCGGGCCTTTGTTGA-1,0.000031,0.000031,0.000031,0.342573,0.000031,0.091511,0.565794
ACCGGTCAGGTACACC-1,0.000116,0.046328,0.264088,0.638912,0.049859,0.000116,0.000581
ACCGGTCTGAGTACGG-1,0.000159,0.04956,0.707143,0.242025,0.000159,0.000159,0.000795
ACCGTCCACTGGGCCC-1,0.000016,0.000016,0.117784,0.000031,0.069288,0.000016,0.81285
ACCGTGACCACGTGGG-1,0.000051,0.000051,0.03242,0.732683,0.02158,0.000051,0.213163
ACCGTTCCCGCTCTGA-1,0.000051,0.000051,0.155348,0.218672,0.164454,0.119891,0.341534
ACCTAAGTACCTTTCA-1,0.000062,0.000062,0.158391,0.292121,0.04069,0.011466,0.497208
ACCTAATCGACTTCCT-1,0.000045,0.013539,0.085671,0.40953,0.000045,0.140356,0.350815
ACCTACAGTATGTGGT-1,0.00002,0.00002,0.00002,0.133817,0.00002,0.254003,0.612102
ACCTACTATAAATCTA-1,0.000038,0.000038,0.195268,0.321954,0.000038,0.000038,0.482627
ACCTCAGCGAGGCGCA-1,0.000026,0.002192,0.129229,0.573324,0.004183,0.015664,0.275383
ACCTCCGCCCTCGCTG-1,0.000042,0.000042,0.08413,0.419718,0.002537,0.181429,0.312101
ACCTCCGTTATTCACC-1,0.000049,0.020783,0.104943,0.250475,0.000049,0.304553,0.319149
ACCTCGAACTTATGCT-1,0.000068,0.093253,0.491905,0.414296,0.000068,0.000068,0.000342
ACCTGCGTGTCATGTT-1,0.000027,0.000027,0.000027,0.621685,0.000027,0.000027,0.378182
ACCTTTCCTTTAGAAG-1,0.000083,0.085592,0.417485,0.466004,0.000083,0.000083,0.03067
ACGAAATGGGCGGCAC-1,0.000069,0.019701,0.203925,0.576311,0.081324,0.118051,0.000619
ACGACCCATGAGTTGC-1,0.00001,0.00001,0.000073,0.00002,0.12337,0.048396,0.82812
ACGACTCTAGGGCCGA-1,0.000028,0.00506,0.301197,0.02629,0.143277,0.000028,0.52412
ACGACTGGTCATACTC-1,0.00004,0.00561,0.078563,0.782385,0.00004,0.00004,0.133323
ACGAGAACCCATCACG-1,0.00003,0.049353,0.00003,0.273633,0.033848,0.274519,0.368586
ACGAGATATTTGCTTA-1,0.000043,0.000043,0.036156,0.326521,0.076078,0.000094,0.561064
ACGAGGATACCACTCT-1,0.000068,0.150879,0.050698,0.717249,0.080699,0.000068,0.00034
ACGAGGTTTACAACGT-1,0.000051,0.024303,0.14748,0.487492,0.000051,0.008826,0.331796
ACGAGTACGGATGCCC-1,0.000041,0.000041,0.009277,0.384674,0.000041,0.085867,0.520058
ACGAGTCGCCGGCGTT-1,0.000056,0.609204,0.040501,0.000112,0.152453,0.164174,0.033501
ACGATACATAGAACTA-1,0.000029,0.018802,0.000029,0.345304,0.058378,0.000029,0.57743
ACGATACCTATCCTGA-1,0.000064,0.09499,0.027456,0.204105,0.444679,0.047902,0.180805
ACGATCATACATAGAG-1,0.000055,0.000055,0.096323,0.720045,0.000055,0.046649,0.136817
ACGATCATCTTGTAAA-1,0.000063,0.008135,0.058877,0.667571,0.000063,0.174162,0.091128
ACGATGCATATGTTAT-1,0.000059,0.000059,0.150065,0.608877,0.118437,0.091415,0.031089
ACGATGGATCCGATGC-1,0.000055,0.049003,0.129528,0.301853,0.041206,0.112808,0.365547
ACGCAAACTAATAGAT-1,0.000063,0.000063,0.315714,0.540815,0.054298,0.052918,0.036127
ACGCAATCACTACAGC-1,0.000026,0.000026,0.000026,0.273697,0.000026,0.108022,0.618177
ACGCATAAATGACATG-1,0.000019,0.000019,0.080187,0.054411,0.291482,0.000019,0.573862
ACGCATACGTTTACTA-1,0.000044,0.000044,0.130438,0.345643,0.000044,0.13747,0.386317
ACGCATTCGTGAGTAC-1,0.000066,0.007537,0.040825,0.578383,0.000066,0.05188,0.321244
ACGCCACTCGAAACAG-1,0.00003,0.004133,0.273311,0.405646,0.01878,0.00003,0.298069
ACGCCAGATGATTTCT-1,0.000126,0.230119,0.174855,0.594017,0.000126,0.000126,0.00063
ACGCCAGTGCGTTTGC-1,0.000023,0.000023,0.257222,0.025557,0.000023,0.007731,0.709421
ACGCCCAGCTGTCGAT-1,0.00004,0.092336,0.000662,0.320774,0.040025,0.00004,0.546122
ACGCGAAGTCAGACGA-1,0.000141,0.333999,0.188734,0.47614,0.000141,0.000141,0.000705
ACGCGCTACACAGGGT-1,0.000049,0.050116,0.194682,0.746013,0.000049,0.000049,0.009041
ACGCGGGCCAAGGACA-1,0.000075,0.058884,0.176481,0.497091,0.000075,0.000075,0.267321
ACGCGTTTCTTAAGAG-1,0.000034,0.027105,0.045304,0.23886,0.000034,0.149639,0.539024
ACGCTACTGAATGGGC-1,0.00001,0.00001,0.034677,0.024168,0.00001,0.040989,0.900135
ACGCTAGTATCAGTGC-1,0.000028,0.000028,0.226891,0.000056,0.050834,0.000028,0.722137
ACGCTAGTGATACACT-1,0.000038,0.000038,0.007288,0.515321,0.000038,0.131521,0.345756
ACGCTGTGAGGCGTAG-1,0.000056,0.026999,0.010221,0.541035,0.043154,0.273015,0.105521
ACGCTTAGTGTCTCTC-1,0.000048,0.000048,0.000048,0.231101,0.033526,0.031834,0.703396
ACGGAACACGAGTGCC-1,0.000045,0.067261,0.283523,0.396417,0.000045,0.057855,0.194853
ACGGAATTTAGCAAAT-1,0.000016,0.074519,0.000016,0.065129,0.044635,0.084924,0.73076
ACGGACGCAGCGACAA-1,0.000059,0.048777,0.713811,0.122493,0.114506,0.000059,0.000294
ACGGACTCTCAAAGCG-1,0.000061,0.055752,0.001767,0.692116,0.000061,0.00922,0.241023
ACGGAGCGCAAATTAC-1,0.000039,0.032673,0.02191,0.561093,0.122587,0.026155,0.235543
ACGGATGGTGCGGATA-1,0.000136,0.079096,0.000136,0.919683,0.000136,0.000136,0.000679
