Barcode,Topic 1,Topic 2,Topic 3,Topic 4,Topic 5,Topic 6,Topic 7,Topic 8,Topic 9,Topic 10,Topic 11to12
AAACAAGTATCTCCCA-1,0.000052,0.000052,0.017252,0.036751,0.405636,0.07935,0.234926,0.18791,0.000052,0.000052,0.037967
AAACAATCTACTAGCA-1,0.058672,0.000065,0.000065,0.417366,0.511957,0.011487,0.000065,0.000065,0.000065,0.000065,0.00013
AAACACCAATAACTGC-1,0.060837,0.000027,0.054819,0.066882,0.009027,0.076425,0.269769,0.052637,0.309707,0.066365,0.033505
AAACAGAGCGACTCCT-1,0.000034,0.14647,0.086965,0.140235,0.119498,0.009605,0.065822,0.319401,0.025153,0.000034,0.086784
AAACAGCTTTCAGAAG-1,0.006076,0.238068,0.081187,0.300298,0.000025,0.025118,0.100094,0.013096,0.047421,0.00319,0.185427
AAACAGGGTCTATATT-1,0.000016,0.166616,0.053717,0.000016,0.063653,0.128802,0.018551,0.047833,0.065399,0.009621,0.445776
AAACAGTGTTCCTGGG-1,0.83698,0.162715,0.00003,0.00003,0.00003,0.00003,0.00003,0.00003,0.00003,0.00003,0.000061
AAACATGGTGAGAGGA-1,0.000006,0.437651,0.167447,0.000006,0.007903,0.01811,0.015382,0.12612,0.002903,0.046482,0.177989
AAACATTTCCCGGATT-1,0.000046,0.032336,0.000046,0.096767,0.00527,0.004436,0.627264,0.220954,0.007468,0.000046,0.005367
AAACCACTACACAGAT-1,0.054243,0.029847,0.059814,0.752454,0.103339,0.000043,0.000043,0.000043,0.000043,0.000043,0.000087
AAACCCGAACGAAATC-1,0.022699,0.014025,0.000095,0.535286,0.000095,0.123588,0.283897,0.007214,0.000095,0.012816,0.00019
AAACCGGAAATGTTAA-1,0.000022,0.000022,0.355088,0.016766,0.171456,0.004297,0.061882,0.301438,0.049071,0.000022,0.039936
AAACCGGGTAGGTACC-1,0.146065,0.002672,0.000023,0.092119,0.017616,0.202977,0.000023,0.010753,0.255044,0.025035,0.247674
AAACCGTTCGTCCAGG-1,0.417876,0.00004,0.00004,0.025367,0.074453,0.340077,0.00004,0.096208,0.04578,0.00004,0.00008
AAACCTAAGCAGCCGG-1,0.000032,0.009632,0.031228,0.264788,0.083067,0.311061,0.064983,0.000032,0.000032,0.216687,0.018459
AAACCTCATGAAGTTG-1,0.00002,0.073892,0.003067,0.010174,0.219004,0.0458,0.005505,0.001135,0.000384,0.014125,0.626893
AAACGAAGAACATACC-1,0.000085,0.088244,0.000085,0.208288,0.08698,0.111461,0.099899,0.228772,0.081137,0.055439,0.039611
AAACGAAGATGGAGTA-1,0.00306,0.404612,0.313425,0.000005,0.000303,0.00073,0.001926,0.031594,0.015676,0.062411,0.166256
AAACGACAGTCTTGCC-1,0.000031,0.009694,0.022957,0.959329,0.007772,0.000031,0.000031,0.000031,0.000031,0.000031,0.000062
AAACGAGACGGTTGAT-1,0.000021,0.029642,0.00064,0.03118,0.133719,0.173686,0.028121,0.041747,0.004272,0.011188,0.545785
AAACGCCCGAGATCGG-1,0.145259,0.085393,0.059629,0.127985,0.219572,0.007047,0.004772,0.120801,0.051155,0.006271,0.172117
AAACGCTGGGCACGAC-1,0.003964,0.000011,0.536479,0.040336,0.000323,0.000011,0.036284,0.346791,0.009198,0.003959,0.022644
AAACGGGCGTACGGGT-1,0.000018,0.000018,0.053914,0.000018,0.000018,0.004948,0.316707,0.28644,0.052849,0.217185,0.067884
AAACGGTTGCGAACTG-1,0.000046,0.043354,0.138341,0.094369,0.032293,0.569842,0.098408,0.007492,0.015718,0.000046,0.000091
AAACGTGTTCGCCCTA-1,0.192351,0.044715,0.303935,0.014134,0.095271,0.032799,0.140754,0.146217,0.000058,0.000058,0.029708
AAACTAACGTGGCGAC-1,0.264499,0.097994,0.038225,0.304156,0.144127,0.00011,0.150338,0.00011,0.00011,0.00011,0.00022
AAACTCGGTTCGCAAT-1,0.006274,0.000022,0.171026,0.008002,0.028786,0.154913,0.087331,0.002231,0.029446,0.053178,0.458791
AAACTCGTGATATAAG-1,0.090196,0.000047,0.000047,0.27205,0.255958,0.051574,0.000047,0.053156,0.011898,0.000047,0.264981
AAACTGCTGGCTCCAA-1,0.000035,0.000035,0.000035,0.148715,0.154266,0.547104,0.007009,0.000236,0.10269,0.033688,0.006187
AAACTTAATTGCACGC-1,0.081449,0.098957,0.436068,0.000009,0.000166,0.025399,0.002303,0.00371,0.130484,0.10633,0.115126
AAACTTGCAAACGTAT-1,0.000036,0.000036,0.062125,0.022515,0.289734,0.485025,0.010591,0.000036,0.070803,0.017305,0.041794
AAAGAATGACCTTAGA-1,0.048356,0.060108,0.571787,0.064274,0.105373,0.032315,0.057299,0.00267,0.000739,0.000012,0.057068
AAAGAATGTGGACTAA-1,0.163924,0.07787,0.306188,0.07654,0.254786,0.012009,0.070041,0.022131,0.000054,0.016348,0.000108
AAAGACATGAAGTTTA-1,0.021524,0.000044,0.293663,0.297871,0.323686,0.000044,0.006159,0.000044,0.008993,0.000044,0.047928
AAAGACCCAAGTCGCG-1,0.116692,0.002263,0.063901,0.000058,0.10223,0.085327,0.266684,0.255404,0.000058,0.050428,0.056954
AAAGACTGGGCGCTTT-1,0.001831,0.1139,0.080138,0.062488,0.113595,0.008447,0.033684,0.119529,0.139958,0.090106,0.236323
AAAGCTTGCCTACATA-1,0.102223,0.177359,0.000114,0.217349,0.132778,0.005855,0.363752,0.000114,0.000114,0.000114,0.000228
AAAGGCCCTATAATAC-1,0.092176,0.13323,0.081926,0.231284,0.054146,0.240046,0.145858,0.003353,0.017861,0.00004,0.00008
AAAGGCTACGGACCAT-1,0.078282,0.000038,0.020786,0.082841,0.001577,0.307673,0.235709,0.035802,0.23718,0.000038,0.000075
AAAGGCTCTCGCGCCG-1,0.056688,0.000034,0.000034,0.325174,0.074222,0.259276,0.042886,0.02044,0.174658,0.009341,0.037247
AAAGGGATGTAGCAAG-1,0.000038,0.000038,0.000038,0.30212,0.197417,0.260437,0.000038,0.000038,0.000038,0.070815,0.168984
AAAGGGCAGCTTGAAT-1,0.00004,0.006102,0.00004,0.262184,0.370187,0.026118,0.00004,0.024027,0.05918,0.039592,0.21249
AAAGGTAAGCTGTACC-1,0.000133,0.072196,0.000133,0.821298,0.000133,0.079004,0.000133,0.000133,0.026438,0.000133,0.000266
AAAGGTCAACGACATG-1,0.137999,0.093825,0.144503,0.107914,0.185297,0.009615,0.005912,0.102845,0.016895,0.028776,0.166418
AAAGTAGCATTGCTCA-1,0.016956,0.037066,0.051559,0.000024,0.025131,0.199728,0.06668,0.196718,0.136142,0.000024,0.269971
AAAGTCACTGATGTAA-1,0.013917,0.000052,0.063861,0.215861,0.111063,0.018911,0.014118,0.004687,0.00153,0.012208,0.543791
AAAGTCGACCCTCAGT-1,0.066253,0.000042,0.005363,0.000042,0.627355,0.273081,0.002082,0.000042,0.000042,0.025611,0.000085
AAAGTGCCATCAATTA-1,0.190027,0.0398,0.330384,0.001668,0.067537,0.000034,0.237,0.133413,0.000034,0.000034,0.000068
AAAGTGTGATTTATCT-1,0.006029,0.000053,0.032469,0.000053,0.253634,0.175009,0.393485,0.014034,0.000053,0.108762,0.016421
AAAGTTGACTCCCGTA-1,0.00007,0.035377,0.00007,0.176644,0.324481,0.258026,0.174504,0.026057,0.00007,0.00007,0.00463
AAATAACCATACGGGA-1,0.117076,0.191417,0.00012,0.000033,0.044913,0.083623,0.066698,0.368848,0.002947,0.00069,0.123635
AAATAAGGTAGTGCCC-1,0.005312,0.05157,0.000076,0.591926,0.002961,0.142037,0.167276,0.022348,0.000076,0.000076,0.016343
AAATACCTATAAGCAT-1,0.022512,0.012155,0.00029,0.000017,0.000017,0.170185,0.055278,0.057371,0.18862,0.22944,0.264116
AAATAGCTTAGACTTT-1,0.000068,0.000068,0.000068,0.468273,0.515221,0.004901,0.000068,0.000068,0.000068,0.011062,0.000136
AAATAGGGTGCTATTG-1,0.000052,0.000052,0.000052,0.136202,0.112672,0.620809,0.129899,0.000052,0.000052,0.000052,0.000104
AAATCACTCCTAAACG-1,0.00705,0.000024,0.442233,0.134559,0.350116,0.000875,0.025015,0.00572,0.000024,0.000024,0.034359
AAATCCGATACACGCC-1,0.000028,0.046151,0.021961,0.173303,0.025148,0.045499,0.520599,0.025385,0.042261,0.043993,0.055673
AAATCGCGGAAGGAGT-1,0.030633,0.154147,0.293208,0.094825,0.004692,0.310378,0.11194,0.000035,0.000035,0.000035,0.000071
AAATCGTGTACCACAA-1,0.000023,0.000023,0.000023,0.000023,0.046254,0.216189,0.093285,0.107253,0.20273,0.016164,0.318032
AAATCTAGCCCTGCTA-1,0.000054,0.000054,0.000054,0.32969,0.246694,0.208971,0.17753,0.004686,0.014313,0.000054,0.017901
AAATCTGCCCGCGTCC-1,0.030497,0.637538,0.181692,0.052329,0.000008,0.000208,0.001413,0.012376,0.051881,0.00259,0.029469
AAATGACTGATCAAAC-1,0.037743,0.03674,0.611983,0.00001,0.00001,0.022415,0.037268,0.00001,0.10567,0.14477,0.003382
AAATGATTCGATCAGC-1,0.233822,0.079666,0.0001,0.035892,0.393478,0.120557,0.0001,0.124492,0.0001,0.0001,0.011692
AAATGCTCGTTACGTT-1,0.000034,0.000034,0.052219,0.019343,0.018581,0.028262,0.156781,0.226739,0.004092,0.081636,0.412279
AAATGGCATGTCTTGT-1,0.094314,0.000067,0.00928,0.233469,0.136588,0.07146,0.177426,0.079211,0.004091,0.006436,0.187657
AAATGGCCCGTGCCCT-1,0.000014,0.076128,0.125361,0.000014,0.026039,0.073965,0.025247,0.033825,0.263783,0.030766,0.344858
AAATGGTCAATGTGCC-1,0.000028,0.000028,0.015463,0.094135,0.073629,0.044191,0.000028,0.002727,0.299143,0.050427,0.4202
AAATGTATCTTATCCC-1,0.00002,0.015554,0.037179,0.032488,0.492191,0.00002,0.00002,0.270102,0.003644,0.00002,0.148763
AAATGTGGGTGCTCCT-1,0.000031,0.000031,0.066149,0.190482,0.155654,0.008003,0.093454,0.398582,0.021153,0.000031,0.066429
AAATTAACGGGTAGCT-1,0.034216,0.000061,0.000061,0.007829,0.332234,0.625234,0.000061,0.000061,0.000061,0.000061,0.000122
AAATTAATAAGCGCGA-1,0.00001,0.325006,0.000114,0.000923,0.093476,0.011044,0.000656,0.269202,0.00088,0.106371,0.192318
AAATTACACGACTCTG-1,0.023093,0.000035,0.069311,0.038285,0.064579,0.017563,0.139797,0.37846,0.062973,0.049491,0.156413
AAATTACCTATCGATG-1,0.020096,0.026295,0.007549,0.137129,0.142948,0.014012,0.016358,0.330841,0.069996,0.06087,0.173907
AAATTCCAGGTCCAAA-1,0.171965,0.000073,0.000073,0.055961,0.39212,0.083741,0.113541,0.12002,0.000076,0.018506,0.043923
AAATTGATAGTCCTTT-1,0.072199,0.002705,0.075992,0.00004,0.181914,0.137808,0.022589,0.123363,0.371487,0.00004,0.011863
AAATTGGTGAGAAGCA-1,0.000029,0.358621,0.11417,0.036354,0.000029,0.000029,0.186398,0.304254,0.000029,0.000029,0.000058
AAATTTACCGAAATCC-1,0.000037,0.065883,0.258265,0.059949,0.177036,0.001282,0.153846,0.282308,0.001284,0.000037,0.000073
AAATTTGCGGGTGTGG-1,0.046727,0.000028,0.018229,0.000028,0.015587,0.392709,0.284098,0.052806,0.142269,0.024301,0.023217
AACAACTGGTAGTTGC-1,0.012028,0.000047,0.000047,0.026562,0.542083,0.284626,0.000047,0.000047,0.030596,0.013641,0.090279
AACAATACATTGTCGA-1,0.330632,0.000034,0.005097,0.332924,0.002842,0.07884,0.006132,0.040936,0.17448,0.003934,0.024149
AACAATTACTCTACGC-1,0.010026,0.000433,0.068154,0.000028,0.201972,0.108802,0.006262,0.046268,0.000028,0.001514,0.556512
AACACACGCTCGCCGC-1,0.000052,0.000052,0.000052,0.096734,0.434494,0.275085,0.175806,0.013024,0.000052,0.000052,0.004596
AACACGACTGTACTGA-1,0.000061,0.000061,0.000061,0.439313,0.020029,0.000061,0.000061,0.20805,0.000061,0.029908,0.302336
AACACGAGACGCGGCC-1,0.000903,0.000033,0.000723,0.089566,0.121506,0.572475,0.078119,0.011107,0.026778,0.008852,0.089938
AACACGCGGCCGCGAA-1,0.012569,0.052038,0.000044,0.419571,0.455133,0.000044,0.000044,0.035321,0.000044,0.000044,0.025146
AACAGCTGTGTGGCAA-1,0.240288,0.000031,0.003126,0.083527,0.019272,0.307303,0.058913,0.080759,0.120352,0.011788,0.07464
AACAGGAAATCGAATA-1,0.000048,0.000048,0.000048,0.000048,0.446572,0.309645,0.009282,0.002644,0.000048,0.055986,0.175629
AACAGGATGGGCCGCG-1,0.083361,0.000027,0.000027,0.106435,0.402349,0.131914,0.000027,0.083642,0.015276,0.000027,0.176917
AACAGGTAGTATGGAT-1,0.387265,0.356118,0.000113,0.006208,0.202011,0.015639,0.032082,0.000113,0.000113,0.000113,0.000226
AACATAGCGTGTATCG-1,0.038083,0.124814,0.509245,0.059365,0.000015,0.002635,0.166274,0.005687,0.004895,0.087286,0.0017
AACATATCAACTGGTG-1,0.003734,0.035391,0.000048,0.008921,0.280032,0.099062,0.308822,0.135972,0.109616,0.000048,0.018355
AACATCGATACGTCTA-1,0.018932,0.000112,0.000112,0.8807,0.000377,0.000112,0.000112,0.099097,0.000112,0.000112,0.000223
AACATTGAAGTTGATC-1,0.574002,0.003449,0.003142,0.069342,0.033429,0.198384,0.117957,0.000059,0.000059,0.000059,0.000118
AACATTGTGACTCGAG-1,0.121794,0.03367,0.044727,0.033629,0.093245,0.600821,0.065969,0.005941,0.000051,0.000051,0.000103
AACCAAGACTTCTCTG-1,0.02985,0.00002,0.061744,0.007156,0.218621,0.175801,0.009086,0.000054,0.071197,0.022321,0.404149
AACCAGTATCACTCTT-1,0.000023,0.25134,0.109949,0.041372,0.003687,0.000023,0.006118,0.587398,0.000023,0.000023,0.000046
AACCATAGGGTTGAAC-1,0.044984,0.056983,0.390459,0.028677,0.122147,0.021919,0.002939,0.000013,0.000013,0.331842,0.000025
AACCATGGGATCGCTA-1,0.000057,0.000057,0.082151,0.047909,0.466099,0.099889,0.007163,0.023708,0.031616,0.067605,0.173747
AACCCAGAGACGGAGA-1,0.005738,0.121985,0.061775,0.071826,0.006193,0.007046,0.008405,0.311815,0.094538,0.152701,0.157978
AACCCATCCCATGATC-1,0.161961,0.08296,0.095492,0.000025,0.113615,0.088163,0.036212,0.028722,0.060106,0.234112,0.098632
AACCCGACAACCCGTG-1,0.878003,0.008303,0.002394,0.000021,0.000021,0.000021,0.000021,0.051177,0.000021,0.038065,0.021955
AACCCGAGCAGAATCG-1,0.195946,0.263212,0.000097,0.21914,0.052168,0.138728,0.04024,0.000097,0.000097,0.057447,0.032827
AACCCGATAGGGCTTC-1,0.000012,0.000012,0.374752,0.108242,0.000012,0.000012,0.000615,0.464306,0.024691,0.006784,0.020564
AACCCGCTGTATTCCA-1,0.277728,0.012246,0.442537,0.018819,0.014278,0.211083,0.023157,0.00003,0.00003,0.000032,0.000059
AACCCTACTGTCAATA-1,0.00005,0.00005,0.00005,0.11475,0.25449,0.273707,0.168417,0.0652,0.005568,0.03282,0.084899
AACCCTGGTGGAACCA-1,0.027574,0.006325,0.124871,0.000033,0.006034,0.006001,0.149857,0.314705,0.009476,0.070464,0.284662
AACCGAGCTTGGTCAT-1,0.078097,0.000048,0.000048,0.000048,0.463402,0.212042,0.000048,0.000048,0.000048,0.112682,0.133486
AACCGCTAAGGGATGC-1,0.000052,0.000052,0.000052,0.030985,0.429857,0.264256,0.141417,0.02531,0.01775,0.025439,0.064828
AACCGTTGTGTTTGCT-1,0.015519,0.0211,0.030141,0.023275,0.454566,0.143995,0.174706,0.000086,0.000086,0.016115,0.120411
AACCTAAAGCCGTCCG-1,0.285155,0.000044,0.000044,0.431507,0.252983,0.000044,0.019727,0.01032,0.000044,0.000044,0.000088
AACCTCGCTTTAGCCC-1,0.002696,0.065775,0.002289,0.016491,0.13157,0.210136,0.170731,0.017751,0.002432,0.196725,0.183403
AACCTGTCACGGAATT-1,0.047613,0.000103,0.000103,0.457089,0.442176,0.052302,0.000103,0.000103,0.000103,0.000103,0.000205
AACCTTTAAATACGGT-1,0.000036,0.026782,0.000036,0.30161,0.018138,0.426856,0.004441,0.000036,0.030837,0.071422,0.119805
AACCTTTACGACGTCT-1,0.000041,0.000041,0.000041,0.03919,0.408153,0.002093,0.015299,0.249323,0.063988,0.000323,0.221508
AACGAAAGTCGTCCCA-1,0.007022,0.095068,0.404382,0.088443,0.027265,0.103932,0.032695,0.003185,0.042525,0.108987,0.086497
AACGACCTCCTAGCCG-1,0.028155,0.124261,0.611003,0.134384,0.073927,0.000015,0.005183,0.023013,0.000015,0.000015,0.00003
AACGATAATGCCGTAG-1,0.000037,0.037669,0.000037,0.134727,0.000037,0.347468,0.159327,0.015854,0.10542,0.021627,0.177795
AACGATAGAAGGGCCG-1,0.005406,0.000021,0.010044,0.000021,0.000021,0.000156,0.013307,0.140039,0.017148,0.497095,0.316741
AACGATATGTCAACTG-1,0.000034,0.022653,0.005386,0.035176,0.15856,0.223808,0.015544,0.133719,0.007861,0.025207,0.372053
AACGCATGATCTGGGT-1,0.071047,0.000077,0.000077,0.48079,0.346034,0.043374,0.000077,0.000077,0.058219,0.000077,0.000153
AACGCGAACGGCAACA-1,0.040905,0.000083,0.000083,0.503451,0.41895,0.036031,0.000083,0.000083,0.000083,0.000083,0.000166
AACGCGACCTTGGGCG-1,0.217352,0.162177,0.000018,0.000018,0.000018,0.016022,0.013639,0.194916,0.37181,0.00636,0.01767
AACGCGGTCTCCAGCC-1,0.003144,0.082567,0.000024,0.000024,0.133356,0.044055,0.000024,0.015515,0.000024,0.56608,0.155187
AACGCTGTTGCTGAAA-1,0.00004,0.065794,0.00004,0.189752,0.081525,0.078648,0.201369,0.148815,0.032098,0.03081,0.17111
AACGGACGTACGTATA-1,0.000053,0.000053,0.000053,0.339478,0.249872,0.378734,0.012484,0.000053,0.000053,0.005391,0.013774
AACGGCCATCTCCGGT-1,0.063113,0.000041,0.000041,0.002811,0.206839,0.60059,0.126357,0.000041,0.000041,0.000041,0.000083
AACGTACTGTGGGTAC-1,0.09369,0.0425,0.016065,0.000019,0.001468,0.173774,0.111297,0.276708,0.222124,0.025494,0.03686
AACGTCAGACTAGTGG-1,0.000041,0.000041,0.000041,0.170719,0.506485,0.076588,0.000041,0.000041,0.018958,0.02214,0.204905
AACGTCATCCGGCTTG-1,0.168067,0.054123,0.168307,0.063699,0.155918,0.052587,0.012735,0.06198,0.032498,0.036217,0.19387
AACGTCGCTGCACTTC-1,0.215342,0.661833,0.000074,0.041427,0.080804,0.000074,0.000074,0.000074,0.000074,0.000074,0.000148
AACGTGATGAAGGACA-1,0.000043,0.000043,0.118157,0.000043,0.000044,0.024518,0.295962,0.200535,0.003065,0.03045,0.327139
AACGTGCGAAAGTCTC-1,0.000027,0.038126,0.000646,0.045326,0.218113,0.14842,0.034385,0.028222,0.21435,0.001655,0.270728
AACGTTATCAGCACCT-1,0.000033,0.000033,0.000033,0.579223,0.033848,0.000033,0.000033,0.015742,0.000231,0.020189,0.350601
AACGTTCTACCATTGT-1,0.042844,0.034734,0.298605,0.156248,0.190147,0.041148,0.236085,0.000038,0.000038,0.000038,0.000076
AACTACCCGTTTGTCA-1,0.323164,0.319972,0.000117,0.16134,0.150059,0.000117,0.000117,0.000117,0.000117,0.000117,0.044762
AACTAGCGTATCGCAC-1,0.010297,0.011096,0.000125,0.100657,0.11533,0.017022,0.000023,0.599427,0.007879,0.000023,0.138121
AACTAGGCTTGGGTGT-1,0.061657,0.000058,0.025423,0.018907,0.261754,0.512077,0.043493,0.00199,0.008154,0.000058,0.066429
AACTCAAGTTAATTGC-1,0.000194,0.015064,0.000033,0.345107,0.173194,0.284069,0.000033,0.001331,0.136583,0.007519,0.036871
AACTCCAGAGCGTGTT-1,0.000046,0.000046,0.000834,0.20834,0.056391,0.007286,0.18901,0.054424,0.147557,0.019405,0.31666
AACTCCTAATCCCATG-1,0.046777,0.039125,0.062025,0.115187,0.092518,0.000098,0.617291,0.000098,0.026588,0.000098,0.000195
AACTCGATGGCGCAGT-1,0.162322,0.036155,0.000108,0.0417,0.691038,0.057208,0.000859,0.010176,0.000108,0.000108,0.000216
AACTCTCAATAGAGCG-1,0.025574,0.000071,0.019802,0.045308,0.587444,0.094154,0.137439,0.000071,0.000071,0.000071,0.089995
AACTCTCAGTGTGCTC-1,0.340276,0.008133,0.000056,0.000056,0.245064,0.365517,0.000056,0.03543,0.000056,0.000056,0.005301
AACTGAGGTCAGCGTC-1,0.000197,0.100511,0.084442,0.533005,0.000197,0.039212,0.241455,0.000197,0.000197,0.000197,0.000393
AACTGAGTTATACTGA-1,0.022601,0.000032,0.230735,0.129341,0.033956,0.000974,0.401912,0.178054,0.000032,0.000032,0.00233
AACTGATATTAGGCCT-1,0.00006,0.00006,0.00006,0.026094,0.656942,0.22019,0.00006,0.00006,0.00006,0.000312,0.096104
AACTGGGTCCCGACGT-1,0.045887,0.000034,0.000034,0.125313,0.287676,0.098528,0.000034,0.009189,0.004182,0.05967,0.369455
AACTGGGTTCGAGCCG-1,0.000073,0.000073,0.000073,0.819517,0.032449,0.115401,0.032049,0.000073,0.000073,0.000073,0.000146
AACTGGTGTGGGCCTT-1,0.00002,0.035116,0.008985,0.002923,0.00002,0.00002,0.00002,0.644845,0.037348,0.10623,0.164473
AACTTCTGCGTCTATC-1,0.000045,0.000045,0.000045,0.248831,0.246457,0.012149,0.000045,0.121545,0.177811,0.020085,0.172942
AACTTGCCCGTATGCA-1,0.009998,0.000027,0.016246,0.073733,0.224475,0.098453,0.000027,0.016248,0.036032,0.110105,0.414655
AACTTGCGTTCTCGCG-1,0.00002,0.174031,0.00002,0.004842,0.019774,0.00002,0.00002,0.720041,0.00002,0.00002,0.081191
AACTTTACGGGAGCTT-1,0.154463,0.000014,0.028646,0.119231,0.046201,0.000157,0.000014,0.160658,0.051532,0.023395,0.415689
AACTTTAGCTGCTGAG-1,0.008259,0.000053,0.033405,0.018405,0.076672,0.032744,0.252587,0.259099,0.000755,0.012208,0.305811
AACTTTCTCGATCATG-1,0.000026,0.000026,0.580298,0.023175,0.231924,0.00338,0.041594,0.093745,0.000026,0.000026,0.025781
AAGAAAGTTTGATGGG-1,0.114336,0.207427,0.425469,0.17106,0.000094,0.001699,0.079831,0.000017,0.000017,0.000017,0.000034
AAGAAATCACCAGATT-1,0.000039,0.003927,0.334882,0.202618,0.231587,0.000039,0.226712,0.000039,0.000039,0.000039,0.000078
AAGAAGGATCAGTTAG-1,0.000023,0.032915,0.01423,0.040524,0.000024,0.000023,0.030998,0.518521,0.028026,0.021046,0.313671
AAGACATACGTGGTTT-1,0.104386,0.176886,0.00007,0.7181,0.00007,0.00007,0.00007,0.00007,0.00007,0.00007,0.00014
AAGACCAAATAACTCA-1,0.025608,0.426505,0.359699,0.000008,0.000008,0.02945,0.027654,0.001757,0.02789,0.089846,0.011574
AAGACCCAACTGAACA-1,0.20587,0.000025,0.056508,0.000027,0.012116,0.337394,0.165152,0.065841,0.122709,0.009725,0.024632
AAGACTCACGCCCACT-1,0.064751,0.055191,0.0167,0.618915,0.243999,0.000063,0.000063,0.000063,0.000063,0.000063,0.000127
AAGACTGCAAGCTACT-1,0.000044,0.000044,0.000044,0.176951,0.145883,0.448549,0.000044,0.000044,0.024947,0.080038,0.123411
AAGAGATGAATCGGTA-1,0.034791,0.046169,0.000229,0.040259,0.265175,0.024445,0.000028,0.037178,0.007371,0.097478,0.446877
AAGAGCTCTTTATCGG-1,0.014241,0.020116,0.000031,0.110529,0.215973,0.145756,0.030116,0.037682,0.052905,0.000031,0.37262
AAGAGGATGTACGCGA-1,0.027974,0.016661,0.000035,0.000035,0.306296,0.41058,0.012086,0.000828,0.070434,0.04315,0.111922
AAGAGGCATGGATCGC-1,0.009638,0.000035,0.024594,0.007696,0.273961,0.151271,0.249118,0.000035,0.000035,0.044853,0.238765
AAGAGGCCCTTTGGAA-1,0.014607,0.088805,0.000104,0.64877,0.040434,0.194436,0.012326,0.000104,0.000104,0.000104,0.000208
AAGATGGCACCGGACC-1,0.363961,0.000055,0.000055,0.419527,0.015621,0.155623,0.000055,0.000421,0.044519,0.000055,0.000109
AAGATTGGCGGAACGT-1,0.000038,0.000038,0.000038,0.007944,0.088767,0.099432,0.361894,0.02801,0.005762,0.028974,0.379104
AAGCACCCTGCGTATC-1,0.032086,0.00416,0.060059,0.021238,0.020139,0.04896,0.057644,0.008351,0.02695,0.009375,0.711036
AAGCATACTCTCCTGA-1,0.011858,0.141032,0.000976,0.000014,0.000014,0.085955,0.015862,0.105787,0.191165,0.134804,0.312535
AAGCCACTTGCAGGTA-1,0.632827,0.286469,0.00003,0.080436,0.00003,0.00003,0.00003,0.00003,0.00003,0.00003,0.00006
AAGCCGAAGCGGTTTA-1,0.000088,0.000088,0.000088,0.556844,0.21378,0.199765,0.005835,0.000088,0.023161,0.000088,0.000176
AAGCCGCCGTGAAATC-1,0.124036,0.089055,0.056225,0.225698,0.016186,0.378164,0.110432,0.000041,0.000041,0.000041,0.000081
AAGCCGCTTTACCTTG-1,0.007495,0.285746,0.38565,0.092057,0.070202,0.000017,0.003029,0.154983,0.000017,0.000017,0.000788
AAGCCGGAGAGCAGGA-1,0.000025,0.090464,0.43892,0.026391,0.00361,0.000103,0.199236,0.241153,0.000025,0.000025,0.000049
AAGCGCAGGGCTTTGA-1,0.017235,0.000483,0.092199,0.003248,0.002741,0.102416,0.290238,0.000024,0.000024,0.475153,0.016239
AAGCGGAGTGCGCGCA-1,0.000035,0.000035,0.127358,0.663722,0.071948,0.000035,0.047897,0.068381,0.000035,0.000035,0.020519
AAGCGGCGTCATGGGT-1,0.000063,0.000063,0.147314,0.139779,0.25196,0.000063,0.251773,0.208736,0.000063,0.000063,0.000125
AAGCGTCCCTCATCGA-1,0.277132,0.059955,0.000042,0.125545,0.091418,0.110239,0.000042,0.173767,0.144545,0.000042,0.017273
AAGCTAGATCGAGTAA-1,0.00005,0.00005,0.00005,0.007111,0.172968,0.735429,0.08409,0.00005,0.00005,0.00005,0.0001
AAGCTATGGATTGACC-1,0.019889,0.010582,0.484898,0.039163,0.000007,0.000007,0.000007,0.000007,0.140508,0.289734,0.015199
AAGCTCGTGCCAAGTC-1,0.00003,0.019004,0.019197,0.00003,0.097839,0.263185,0.013318,0.024343,0.003459,0.003474,0.556121
AAGCTCTTTCATGGTG-1,0.013991,0.105215,0.006336,0.007629,0.010203,0.00296,0.011187,0.113104,0.03396,0.439918,0.255497
AAGGAGAACTTATAAG-1,0.000016,0.000695,0.029552,0.292765,0.001792,0.000016,0.000016,0.587242,0.045694,0.000016,0.042196
AAGGAGCGGTTGGTGC-1,0.042642,0.005361,0.066079,0.000028,0.039192,0.206285,0.013038,0.011213,0.000037,0.000028,0.616097
AAGGATCGATCGCTTG-1,0.000098,0.000098,0.000098,0.562164,0.351977,0.08498,0.000098,0.000098,0.000098,0.000098,0.000195
AAGGATGAGGGACCTC-1,0.074149,0.013041,0.009421,0.076806,0.034832,0.052448,0.167545,0.236084,0.034718,0.036246,0.26471
AAGGCAGGCTGTCTCC-1,0.010641,0.039811,0.000061,0.816069,0.045385,0.071489,0.000061,0.000061,0.000061,0.000061,0.016299
AAGGCGCGTAAAGCTT-1,0.011317,0.00004,0.00004,0.092381,0.553344,0.239162,0.00004,0.00004,0.00004,0.041705,0.061891
AAGGCTGTGCTCATCG-1,0.000047,0.000047,0.000047,0.018921,0.353197,0.353084,0.000047,0.000047,0.078937,0.040149,0.155477
AAGGGAACGACTGGCT-1,0.044399,0.049956,0.293294,0.000019,0.000019,0.138252,0.102344,0.080543,0.230776,0.038611,0.021788
AAGGGACAGATTCTGT-1,0.000079,0.000079,0.000079,0.065242,0.508373,0.227454,0.103226,0.062883,0.000079,0.000079,0.032428
AAGGGACTATGCATTC-1,0.035221,0.000021,0.155599,0.000021,0.000021,0.143201,0.162538,0.038349,0.354635,0.030546,0.079848
AAGGGTTAGCCATGCG-1,0.00002,0.208605,0.250063,0.287437,0.007463,0.00002,0.14055,0.105763,0.00002,0.00002,0.00004
AAGGGTTTGATTTCAG-1,0.000008,0.480274,0.193865,0.000185,0.030264,0.000377,0.000313,0.083752,0.000008,0.111324,0.09963
AAGGTATCCTAATATA-1,0.000021,0.071144,0.002191,0.000021,0.084318,0.075483,0.035196,0.199933,0.007573,0.052328,0.471792
AAGGTGATAAACCAGC-1,0.000052,0.000052,0.000052,0.086858,0.115759,0.319195,0.132099,0.060545,0.003954,0.024595,0.256837
AAGTAGAAGACCGGGT-1,0.000033,0.000033,0.075715,0.000033,0.198478,0.055454,0.036081,0.017881,0.004389,0.124026,0.487878
AAGTAGTGACGCGAGG-1,0.00003,0.00003,0.00055,0.017382,0.130744,0.268754,0.000459,0.00003,0.13284,0.036278,0.412903
AAGTCAATTGTCGTCA-1,0.000026,0.000026,0.000026,0.063287,0.000026,0.001021,0.201732,0.414347,0.25269,0.009335,0.057482
AAGTCTAGTAGCTGCC-1,0.012341,0.104781,0.492681,0.00537,0.283707,0.000025,0.097245,0.003752,0.000025,0.000025,0.000049
AAGTCTTCTGTGGCCT-1,0.000014,0.000014,0.443395,0.000014,0.155534,0.011967,0.017091,0.068861,0.000014,0.007101,0.295994
AAGTGACGACCGAATT-1,0.000018,0.061268,0.010587,0.000018,0.021575,0.17789,0.038119,0.032362,0.208082,0.014969,0.435111
AAGTGAGTCGGGTTTA-1,0.228907,0.000039,0.028605,0.000039,0.000039,0.328054,0.033278,0.14039,0.205899,0.002976,0.031773
AAGTGCAAAGGTAGAC-1,0.00005,0.00005,0.00005,0.309254,0.276086,0.338195,0.061281,0.007778,0.00005,0.007105,0.000101
AAGTGCCTTGACTGTA-1,0.000042,0.000042,0.000042,0.031765,0.116553,0.18311,0.198405,0.430783,0.006348,0.000042,0.032867
AAGTGCGTTAGAATCT-1,0.080639,0.028877,0.000665,0.000016,0.000016,0.117225,0.105879,0.178379,0.389334,0.038523,0.060447
AAGTGCTTCTCTATTG-1,0.56875,0.232003,0.158297,0.000041,0.040623,0.000041,0.000041,0.000041,0.000041,0.000041,0.000082
AAGTGTTTGGAGACGG-1,0.000033,0.000033,0.000033,0.174452,0.209427,0.24105,0.068761,0.000057,0.000225,0.208304,0.097625
AAGTTCACTCCAAGCT-1,0.021976,0.051652,0.000061,0.072126,0.116607,0.278112,0.138671,0.000061,0.000061,0.300991,0.019683
AAGTTCAGTCTGCGTA-1,0.035592,0.000082,0.000082,0.416952,0.330093,0.031573,0.000082,0.000082,0.000082,0.004458,0.180919
AAGTTCGGCCAACAGG-1,0.259688,0.000024,0.000024,0.022292,0.054089,0.279441,0.026345,0.03881,0.234766,0.003101,0.081421
AAGTTGTGATGTTATA-1,0.014391,0.034597,0.000094,0.426811,0.041368,0.072263,0.410006,0.000094,0.000094,0.000094,0.000188
AAGTTTACTAATGGCA-1,0.000071,0.008802,0.002255,0.112878,0.260673,0.014594,0.100347,0.176149,0.000071,0.065023,0.259136
AAGTTTATGGGCCCAA-1,0.047347,0.089681,0.012424,0.094406,0.026131,0.285567,0.135031,0.003327,0.071729,0.047956,0.1864
AATAACAACGCTCGGC-1,0.00003,0.068628,0.000747,0.214141,0.074994,0.350612,0.048709,0.0054,0.053864,0.039253,0.143622
AATAACACTAGAACAA-1,0.167424,0.000041,0.000041,0.372807,0.019001,0.44044,0.000041,0.000041,0.000041,0.000041,0.000082
AATAACGTCGCGCCCA-1,0.281166,0.058544,0.031868,0.613572,0.01457,0.00004,0.00004,0.00004,0.00004,0.00004,0.00008
AATAAGTCCTCGAGAC-1,0.023258,0.002667,0.260079,0.000031,0.273517,0.007176,0.009575,0.078081,0.077576,0.000031,0.268009
AATAATCTTCGTATCG-1,0.000099,0.129805,0.000099,0.68303,0.042392,0.133075,0.011006,0.000099,0.000099,0.000099,0.000198
AATACAATGTTTCAGG-1,0.196348,0.000105,0.000105,0.047931,0.41089,0.333417,0.010678,0.000105,0.000105,0.000105,0.00021
AATACCGGAGGGCTGT-1,0.999714,0.000026,0.000026,0.000026,0.000026,0.000026,0.000026,0.000026,0.000026,0.000026,0.000052
AATACCTGATGTGAAC-1,0.182479,0.058552,0.282063,0.470636,0.006045,0.000032,0.000032,0.000032,0.000032,0.000032,0.000064
AATAGAACAGAGTGGC-1,0.195016,0.000028,0.012407,0.000028,0.006823,0.287168,0.078268,0.179077,0.137004,0.000028,0.104152
AATAGAATCTGTTTCA-1,0.063471,0.000023,0.006479,0.170416,0.06262,0.119237,0.080264,0.008545,0.003917,0.131614,0.353414
AATAGCAAGCCTCCTG-1,0.058693,0.000427,0.13573,0.517789,0.015145,0.000145,0.271346,0.000145,0.000145,0.000145,0.00029
AATAGCTACCGCGTGC-1,0.155542,0.043085,0.000062,0.018158,0.370123,0.019602,0.00983,0.093997,0.014756,0.106787,0.168058
AATAGGCACGACCCTT-1,0.657372,0.342077,0.000055,0.000055,0.000055,0.000055,0.000055,0.000055,0.000055,0.000055,0.00011
AATAGTCCGTCCCGAC-1,0.102077,0.141198,0.000015,0.00573,0.000927,0.143576,0.008465,0.239502,0.24557,0.009868,0.103072
AATAGTCGCGAGTCGG-1,0.041928,0.035487,0.009888,0.161329,0.188896,0.004676,0.00018,0.377578,0.017213,0.039863,0.122962
AATATCAAGGTCGGAT-1,0.039718,0.000032,0.043086,0.10732,0.025797,0.000032,0.002706,0.39238,0.111097,0.015755,0.262077
AATATCCTAGCAAACT-1,0.000214,0.237637,0.359865,0.000394,0.026515,0.000916,0.000248,0.11698,0.000602,0.102353,0.154274
AATATCGAATCAATGC-1,0.022629,0.000108,0.000108,0.733181,0.098621,0.097609,0.047202,0.000108,0.000108,0.000108,0.000216
AATATCGAGGGTTCTC-1,0.000063,0.000063,0.021556,0.226885,0.255366,0.001073,0.272495,0.029233,0.149343,0.000063,0.043862
AATATTGGAGTATTGA-1,0.008346,0.011329,0.022013,0.11754,0.095809,0.098087,0.007884,0.033497,0.09972,0.073857,0.431918
AATCAGGTTTCATTTA-1,0.535335,0.393941,0.005504,0.000021,0.000021,0.000021,0.000021,0.000117,0.057267,0.000021,0.00773
AATCATGTAAAGACTC-1,0.000029,0.000029,0.01006,0.000029,0.030114,0.049185,0.468097,0.072566,0.011783,0.029308,0.328799
AATCCAAGGGCCTGAG-1,0.000069,0.000069,0.001586,0.126137,0.274815,0.11534,0.19878,0.000069,0.000069,0.108713,0.174353
AATCCATGCAAGGGTG-1,0.000044,0.000044,0.000044,0.283517,0.551892,0.000044,0.000044,0.030226,0.000044,0.000044,0.134053
AATCCCGCTCAGAGCC-1,0.138887,0.068348,0.151649,0.093762,0.102225,0.161566,0.036387,0.018234,0.046135,0.063151,0.119658
AATCGAGGTCTCAAGG-1,0.000012,0.197236,0.527451,0.003378,0.000012,0.003413,0.087168,0.076779,0.003467,0.064371,0.036712
AATCGCCTCAGCGCCA-1,0.000026,0.000026,0.017481,0.040593,0.126979,0.089649,0.146535,0.017445,0.055737,0.000026,0.505503
AATCGCGCAGAGGACT-1,0.25856,0.182797,0.000095,0.015771,0.342842,0.164315,0.011468,0.000095,0.000095,0.000095,0.023868
AATCGGGACACTACGA-1,0.000083,0.000083,0.118334,0.000083,0.288991,0.13093,0.194597,0.242306,0.000083,0.000083,0.02443
AATCGGTATAGCCCTC-1,0.208008,0.599462,0.000069,0.104109,0.018524,0.000069,0.069414,0.000069,0.000069,0.000069,0.000138
AATCGTGAGCCGAGCA-1,0.000033,0.000033,0.001063,0.075191,0.039291,0.13036,0.336257,0.102534,0.033392,0.16506,0.116787
AATCTAGGTTTACTTG-1,0.144266,0.011743,0.00005,0.218918,0.100094,0.263593,0.037239,0.00005,0.00985,0.00005,0.214146
AATCTATGCCGGAGCC-1,0.000136,0.139694,0.000627,0.217593,0.269542,0.029442,0.227074,0.000136,0.000793,0.000136,0.114825
AATCTCTACTGTGGTT-1,0.01831,0.000063,0.208751,0.109226,0.030681,0.385921,0.225839,0.000063,0.000063,0.000105,0.020977
AATCTGCGTTGGGACG-1,0.000032,0.038301,0.001851,0.075018,0.003593,0.015232,0.307149,0.277429,0.005853,0.164202,0.11134
AATCTGGCTTTCTAGT-1,0.001183,0.089168,0.174599,0.106597,0.082872,0.075379,0.011763,0.003741,0.064074,0.129265,0.26136
AATCTGGGTAGACCCT-1,0.072191,0.080932,0.073542,0.491559,0.220999,0.000051,0.054001,0.006523,0.000051,0.000051,0.000101
AATGACAGCAATGTCT-1,0.001326,0.10855,0.00002,0.004304,0.006219,0.205787,0.027821,0.210532,0.262749,0.023224,0.149468
AATGACGTAGGATGTC-1,0.029914,0.000041,0.000041,0.125857,0.063537,0.433656,0.094778,0.02395,0.021432,0.045769,0.161024
AATGACTGTCAGCCGG-1,0.013987,0.019848,0.000034,0.153686,0.312729,0.065732,0.000034,0.000034,0.000034,0.030591,0.403292
AATGAGTTCGCATATG-1,0.051375,0.053587,0.000039,0.213819,0.091545,0.021661,0.005003,0.340646,0.000039,0.000077,0.222208
AATGATGATACGCTAT-1,0.000031,0.000031,0.042157,0.004894,0.039207,0.056802,0.24329,0.203766,0.005663,0.022178,0.381982
AATGATGCGACTCCTG-1,0.000033,0.000115,0.093688,0.000033,0.147096,0.006356,0.256355,0.360978,0.04052,0.000033,0.094793
AATGCAACCGGGTACC-1,0.163176,0.000028,0.000028,0.003374,0.241405,0.312966,0.000028,0.010715,0.01391,0.006891,0.247479
AATGCACCAAGCAATG-1,0.000035,0.000035,0.006976,0.000035,0.191928,0.047955,0.222187,0.402933,0.000035,0.000035,0.127847
AATGGCCGCCAATGCG-1,0.004438,0.000013,0.367493,0.014163,0.021751,0.000675,0.078191,0.472127,0.007749,0.000013,0.033386
AATGGTCCACCGTTCA-1,0.083796,0.095409,0.037485,0.005,0.157872,0.13441,0.057767,0.045154,0.013033,0.057398,0.312675
AATGGTTCTCACAAGC-1,0.018014,0.000049,0.000049,0.215852,0.504199,0.139987,0.000049,0.000049,0.000049,0.041104,0.080601
AATGTATGGCACTGTA-1,0.024584,0.690766,0.049975,0.172812,0.000014,0.000014,0.000014,0.000014,0.000014,0.061764,0.000028
AATGTGCCCGAGGTGT-1,0.030345,0.071694,0.027507,0.000026,0.010385,0.157208,0.106035,0.149719,0.294596,0.086906,0.06558
AATGTGCTAATCTGAG-1,0.423362,0.000021,0.111586,0.004247,0.000286,0.062001,0.008826,0.018362,0.326622,0.016071,0.028615
AATGTTAAGACCCTGA-1,0.022103,0.000031,0.584995,0.04468,0.028035,0.036947,0.282622,0.000031,0.000031,0.000465,0.000061
AATGTTGTCGTGAGAC-1,0.264544,0.598742,0.000089,0.000089,0.035724,0.000089,0.10028,0.000089,0.000089,0.000089,0.000177
AATTAAAGGTCGGCGT-1,0.00002,0.019948,0.013876,0.00002,0.00002,0.078169,0.109515,0.16698,0.338422,0.056754,0.216276
AATTAACGGATTTCCA-1,0.022059,0.09416,0.006324,0.000017,0.000017,0.093458,0.026129,0.119707,0.136152,0.069618,0.43236
AATTACGAGACCCATC-1,0.042844,0.287362,0.475151,0.000011,0.000011,0.015566,0.007743,0.001084,0.015545,0.011115,0.143569
AATTAGCGCTGCAGCG-1,0.001232,0.000022,0.034069,0.000022,0.010215,0.232675,0.207429,0.076092,0.312226,0.055486,0.07053
AATTATACCCAGCAAG-1,0.013581,0.000039,0.415167,0.080406,0.005094,0.004724,0.479952,0.000881,0.000039,0.000039,0.000078
AATTCATAAGGGATCT-1,0.000042,0.000042,0.067334,0.000042,0.398145,0.086939,0.042914,0.160994,0.000042,0.000042,0.243464
AATTCATTGTCATGCA-1,0.005875,0.244492,0.371457,0.000009,0.000009,0.002683,0.001474,0.000831,0.110014,0.166179,0.096976
AATTCCAAGCATGTAC-1,0.186427,0.000052,0.008128,0.154108,0.018989,0.440638,0.082669,0.000052,0.014999,0.093836,0.000104
AATTCGATTCGAGGAT-1,0.000036,0.000036,0.041512,0.176444,0.015068,0.124191,0.264762,0.000036,0.009112,0.264487,0.104319
AATTCTAGAGTTAGGC-1,0.049273,0.000054,0.001285,0.012985,0.007395,0.737982,0.017626,0.068109,0.011231,0.027229,0.06683
AATTGAACGCTCTGGT-1,0.000023,0.000023,0.000023,0.000023,0.000023,0.055758,0.25419,0.018003,0.055591,0.344847,0.271497
AATTGCAGCAATCGAC-1,0.005409,0.003692,0.160468,0.015839,0.412483,0.088041,0.114909,0.086774,0.027296,0.000541,0.084547
AATTGCGTGGATTACA-1,0.131522,0.22096,0.299633,0.226874,0.000028,0.000028,0.000028,0.000028,0.000028,0.120815,0.000056
AATTGTGGTTGCCAAA-1,0.008402,0.033756,0.367508,0.346174,0.175303,0.000051,0.068548,0.000051,0.000051,0.000051,0.000103
AATTTGGGACATAGTA-1,0.000066,0.125126,0.01042,0.110553,0.141961,0.007831,0.13145,0.462483,0.000066,0.000066,0.009978
AATTTGGTTCCAAAGA-1,0.00004,0.174759,0.00004,0.00004,0.00004,0.014441,0.067173,0.35362,0.009045,0.151633,0.229167
ACAAACCATGCGTCCT-1,0.045969,0.008742,0.422308,0.004757,0.114063,0.196742,0.102815,0.000852,0.0465,0.024769,0.032483
ACAAACCGACAAGGCG-1,0.043316,0.00111,0.099419,0.092642,0.688352,0.017809,0.057109,0.000048,0.000048,0.000048,0.000097
ACAAACTCCATCAGAG-1,0.736484,0.233129,0.029936,0.00005,0.00005,0.00005,0.00005,0.00005,0.00005,0.00005,0.0001
ACAAAGAAGGTAGGCC-1,0.000005,0.000005,0.459133,0.023105,0.000005,0.000005,0.000005,0.008763,0.000612,0.423236,0.085125
ACAAAGCATGACCTAG-1,0.000042,0.000042,0.000663,0.022097,0.346084,0.388739,0.242126,0.000042,0.000042,0.000042,0.000083
ACAAATCGCACCGAAT-1,0.114814,0.000038,0.000038,0.022357,0.20315,0.624054,0.009629,0.019472,0.000038,0.000038,0.006373
ACAAATGGTAGTGTTT-1,0.000047,0.000047,0.000047,0.485205,0.064417,0.172757,0.000047,0.000047,0.115281,0.149491,0.012616
ACAAATTCAGATCTGA-1,0.094906,0.000081,0.063427,0.53945,0.271629,0.02802,0.002084,0.000081,0.000081,0.000081,0.000161
ACAACAGCATGAGCTA-1,0.056343,0.000038,0.000038,0.208341,0.261848,0.398485,0.000038,0.000038,0.000041,0.000038,0.07475
ACAACGGTCCCTGCGA-1,0.000051,0.000051,0.000051,0.101441,0.503384,0.219923,0.04716,0.005887,0.016209,0.054846,0.050996
ACAAGCAGTGCCTAGC-1,0.079089,0.034005,0.007909,0.000026,0.280813,0.17197,0.005387,0.104936,0.02438,0.004146,0.287339
ACAAGCTATATGGAAG-1,0.009894,0.030538,0.288735,0.083886,0.437495,0.026249,0.014347,0.002684,0.000019,0.073711,0.032443
ACAAGGAAATCCGCCC-1,0.000022,0.043166,0.01708,0.000022,0.014582,0.134133,0.172781,0.014566,0.292918,0.003858,0.306873
ACAAGGACAAGAGGTT-1,0.000046,0.052168,0.000046,0.007954,0.482664,0.425831,0.000046,0.000046,0.000046,0.000046,0.03111
ACAAGGATGCTTTAGG-1,0.000027,0.000027,0.074562,0.030318,0.083611,0.036833,0.24002,0.059221,0.026492,0.121376,0.327513
ACAAGGCCTACCAGCC-1,0.151374,0.064458,0.054222,0.106439,0.184684,0.001327,0.003562,0.146712,0.0176,0.015538,0.254083
ACAAGGGCAGGCTCTG-1,0.000025,0.000025,0.008165,0.043263,0.006912,0.213241,0.16599,0.000029,0.167489,0.100612,0.294249
ACAAGTAATTGTAAGG-1,0.526858,0.472602,0.000054,0.000054,0.000054,0.000054,0.000054,0.000054,0.000054,0.000054,0.000108
ACAATAGTCGTACGTT-1,0.000033,0.000033,0.039621,0.009434,0.16886,0.190444,0.190418,0.000033,0.132188,0.001857,0.267081
ACAATCCATTTAAACC-1,0.02957,0.062235,0.000076,0.07786,0.175755,0.429803,0.185265,0.000076,0.035974,0.000076,0.00331
ACAATCGATCTTTATA-1,0.000016,0.000152,0.204362,0.038559,0.014788,0.000016,0.031076,0.607237,0.008993,0.000016,0.094784
ACAATGAATACGGAGA-1,0.175938,0.000028,0.000028,0.000028,0.000028,0.250151,0.036877,0.282687,0.144052,0.000122,0.11006
ACAATGATTCTTCTAC-1,0.22214,0.00011,0.081512,0.360553,0.334914,0.00011,0.00011,0.00011,0.00011,0.00011,0.00022
ACAATTGTGTCTCTTT-1,0.000082,0.000082,0.019599,0.071645,0.349658,0.471524,0.000082,0.000082,0.000082,0.087002,0.000164
ACAATTTAGGAGGCTC-1,0.049815,0.00006,0.106802,0.055992,0.469392,0.137212,0.097876,0.004799,0.00006,0.00006,0.077932
ACAATTTGAGCAGTGG-1,0.000031,0.064879,0.000031,0.000031,0.202475,0.223048,0.108908,0.123562,0.000032,0.084629,0.192374
ACAATTTGGCCATATT-1,0.000065,0.000065,0.114056,0.383971,0.390086,0.000065,0.095019,0.006308,0.008783,0.000065,0.001519
ACACAAAGACGGGTGG-1,0.009404,0.037365,0.023263,0.014642,0.52002,0.283816,0.014922,0.006044,0.015816,0.00004,0.074668
ACACAAATATTCCTAG-1,0.000013,0.406275,0.243292,0.004754,0.024343,0.000013,0.019532,0.256354,0.000013,0.005494,0.039918
ACACACCAGGACCAGT-1,0.00004,0.00004,0.028464,0.108704,0.215586,0.065007,0.236857,0.019487,0.060596,0.057147,0.208072
ACACACTTTCTACACG-1,0.000075,0.033626,0.000075,0.209694,0.459666,0.038861,0.056605,0.009472,0.01079,0.068105,0.113032
ACACATGATCAAATCT-1,0.015096,0.000041,0.251876,0.001025,0.233003,0.417141,0.081615,0.000041,0.000041,0.000041,0.000081
ACACATTTCCGTAGAC-1,0.107919,0.000026,0.277815,0.104784,0.039799,0.28355,0.04163,0.000026,0.006951,0.064045,0.073457
ACACCACATAATTAGC-1,0.018986,0.000085,0.000085,0.440481,0.336179,0.20367,0.000085,0.000085,0.000085,0.000085,0.000171
ACACCCAGCATGCAGC-1,0.22251,0.000036,0.020361,0.000036,0.175242,0.138549,0.011995,0.087837,0.000036,0.056439,0.286958
ACACCCGAGAAATCCG-1,0.000027,0.000027,0.0408,0.007101,0.266164,0.008366,0.000027,0.007872,0.010376,0.300202,0.359038
ACACCCGTAAATCTGT-1,0.000009,0.009256,0.389938,0.008743,0.084055,0.000009,0.0033,0.460917,0.000231,0.000009,0.043535
ACACCGAGCGCTCTTT-1,0.022499,0.00008,0.00008,0.406126,0.570653,0.00008,0.00008,0.00008,0.00008,0.00008,0.00016
ACACCGGTCTGACCGC-1,0.037619,0.00521,0.373513,0.000027,0.047244,0.234654,0.17263,0.001895,0.022635,0.098233,0.00634
ACACCTTAAGTAGGGC-1,0.047389,0.001499,0.014881,0.093466,0.230064,0.195445,0.037407,0.017721,0.072652,0.050535,0.238939
ACACCTTACTACTTGC-1,0.086633,0.077574,0.06311,0.225136,0.212342,0.192405,0.137188,0.005126,0.000122,0.000122,0.000243
ACACGAGACTCCTTCT-1,0.12689,0.000029,0.000029,0.467802,0.033305,0.099462,0.000029,0.000379,0.04041,0.00283,0.228834
ACACGGCACTATGCAT-1,0.000044,0.000044,0.107868,0.246874,0.015626,0.000044,0.062745,0.086675,0.003686,0.045191,0.431202
ACACGGGAACTTAGGG-1,0.000041,0.000041,0.12808,0.004011,0.385159,0.281082,0.011693,0.003689,0.000041,0.000041,0.186121
ACACGTAGGCCACAAG-1,0.056205,0.117615,0.000096,0.625682,0.000096,0.000096,0.199729,0.000096,0.000096,0.000096,0.000192
ACACTCCAATGTCACT-1,0.000049,0.071642,0.000049,0.603289,0.158364,0.000049,0.000049,0.065083,0.000049,0.000049,0.101327
ACACTGATCAAGGTGT-1,0.2156,0.041429,0.017387,0.056255,0.33284,0.035654,0.033119,0.153756,0.030552,0.000031,0.083377
ACACTGGGACAGTCGT-1,0.065744,0.035204,0.008393,0.175188,0.137767,0.169708,0.004996,0.147713,0.021675,0.150451,0.083162
ACAGAACTGAGAACAA-1,0.000016,0.000016,0.040799,0.032046,0.000016,0.020972,0.185195,0.026987,0.400018,0.226062,0.067873
ACAGATTAGGTTAGTG-1,0.002371,0.022344,0.006504,0.006544,0.007922,0.023148,0.063556,0.366716,0.058866,0.102699,0.339331
ACAGCATAGAGCCAGT-1,0.000075,0.000075,0.006617,0.081492,0.153193,0.085984,0.141082,0.064437,0.203709,0.066287,0.197049
ACAGCGACATTCTCAT-1,0.012125,0.019583,0.005203,0.00591,0.025683,0.034536,0.416881,0.417361,0.011346,0.000036,0.051335
