Barcode,Topic 1,Topic 2,Topic 3to4,Topic 5,Topic 6to8,Topic 9,Topic 10
AAACAAGTATCTCCCA-1,0.017532,0.569562,0.001934,0.101097,0.188324,0.100959,0.020591
AAACACCAATAACTGC-1,0.701195,0.000026,0.00485,0.000026,0.000077,0.2938,0.000026
AAACAGCTTTCAGAAG-1,0.586382,0.000022,0.064243,0.000022,0.121222,0.228087,0.000022
AAACAGGGTCTATATT-1,0.85983,0.118579,0.000062,0.000031,0.000093,0.021374,0.000031
AAACAGTGTTCCTGGG-1,0.597918,0.171182,0.088819,0.0804,0.057173,0.000013,0.004495
AAACATGGTGAGAGGA-1,0.079363,0.078911,0.5284,0.000033,0.003162,0.310099,0.000033
AAACATTTCCCGGATT-1,0.152332,0.290857,0.266918,0.000023,0.037417,0.12969,0.122763
AAACCCGAACGAAATC-1,0.097578,0.31717,0.041697,0.401911,0.082863,0.000014,0.058769
AAACCGGAAATGTTAA-1,0.055535,0.100029,0.045411,0.331504,0.267261,0.000044,0.200215
AAACCGGGTAGGTACC-1,0.327993,0.019664,0.213258,0.021334,0.166635,0.214362,0.036754
AAACCGTTCGTCCAGG-1,0.977739,0.00078,0.000035,0.000018,0.000053,0.021358,0.000018
AAACCTAAGCAGCCGG-1,0.060389,0.009498,0.438434,0.028156,0.093307,0.076009,0.294208
AAACCTCATGAAGTTG-1,0.311272,0.046198,0.356882,0.052076,0.073099,0.004714,0.155759
AAACGAAGATGGAGTA-1,0.559258,0.000035,0.00007,0.000035,0.000104,0.440464,0.000035
AAACGAGACGGTTGAT-1,0.038443,0.27979,0.223106,0.072086,0.201032,0.118606,0.066937
AAACGGGCGTACGGGT-1,0.043579,0.000008,0.238938,0.001818,0.317345,0.161422,0.236891
AAACGGTTGCGAACTG-1,0.414534,0.003381,0.179122,0.004278,0.181128,0.19316,0.024396
AAACTCGGTTCGCAAT-1,0.288126,0.053886,0.185487,0.005664,0.132341,0.070875,0.26362
AAACTCGTGATATAAG-1,0.014984,0.636323,0.000169,0.348103,0.000253,0.000084,0.000084
AAACTGCTGGCTCCAA-1,0.000011,0.097831,0.336852,0.132542,0.150862,0.040844,0.241058
AAACTTAATTGCACGC-1,0.090559,0.000026,0.027056,0.000026,0.000078,0.877013,0.005242
AAACTTGCAAACGTAT-1,0.827268,0.116814,0.000049,0.000983,0.000074,0.054789,0.000025
AAAGAATGACCTTAGA-1,0.103685,0.029885,0.687846,0.000034,0.000103,0.178412,0.000034
AAAGACCCAAGTCGCG-1,0.000017,0.153404,0.012151,0.688727,0.145666,0.000017,0.000017
AAAGACTGGGCGCTTT-1,0.273306,0.052593,0.339754,0.015475,0.157918,0.029921,0.131033
AAAGGCCCTATAATAC-1,0.162737,0.000015,0.003952,0.000015,0.000046,0.829732,0.003502
AAAGGCTACGGACCAT-1,0.915316,0.084483,0.00005,0.000025,0.000075,0.000025,0.000025
AAAGGCTCTCGCGCCG-1,0.719656,0.144402,0.009641,0.020059,0.021882,0.000018,0.084342
AAAGGGATGTAGCAAG-1,0.000019,0.343749,0.013953,0.158893,0.483348,0.000019,0.000019
AAAGGGCAGCTTGAAT-1,0.001549,0.007318,0.172084,0.010789,0.689549,0.056246,0.062465
AAAGTAGCATTGCTCA-1,0.949737,0.041408,0.000037,0.000019,0.000056,0.008724,0.000019
AAAGTCACTGATGTAA-1,0.000023,0.821967,0.000046,0.177847,0.00007,0.000023,0.000023
AAAGTCGACCCTCAGT-1,0.254401,0.304258,0.073577,0.007349,0.017839,0.180586,0.161991
AAAGTGCCATCAATTA-1,0.000008,0.049444,0.055242,0.308299,0.315475,0.000305,0.271228
AAAGTGTGATTTATCT-1,0.000015,0.18285,0.176694,0.163883,0.348661,0.053469,0.074429
AAAGTTGACTCCCGTA-1,0.035423,0.073215,0.147255,0.10998,0.529501,0.000964,0.103661
AAATAACCATACGGGA-1,0.027144,0.283769,0.181609,0.089013,0.418341,0.000062,0.000062
AAATAAGGTAGTGCCC-1,0.018183,0.968491,0.000074,0.013068,0.00011,0.000037,0.000037
AAATACCTATAAGCAT-1,0.007299,0.024627,0.686021,0.037281,0.183216,0.0014,0.060157
AAATAGCTTAGACTTT-1,0.00457,0.301499,0.001557,0.315719,0.129701,0.000587,0.246368
AAATAGGGTGCTATTG-1,0.001262,0.078041,0.187596,0.068533,0.245262,0.091412,0.327894
AAATCCGATACACGCC-1,0.000007,0.000007,0.281949,0.000757,0.187395,0.000395,0.529489
AAATCGCGGAAGGAGT-1,0.482556,0.001927,0.071672,0.014517,0.148841,0.275442,0.005046
AAATCGTGTACCACAA-1,0.06559,0.200497,0.423529,0.08554,0.174177,0.003213,0.047455
AAATCTAGCCCTGCTA-1,0.01525,0.115343,0.079568,0.188254,0.293002,0.021013,0.28757
AAATCTGCCCGCGTCC-1,0.128664,0.116509,0.380774,0.121997,0.206668,0.041566,0.003822
AAATGATTCGATCAGC-1,0.033091,0.476262,0.039456,0.313275,0.116977,0.020853,0.000086
AAATGCTCGTTACGTT-1,0.057386,0.066661,0.071166,0.212831,0.59019,0.000623,0.001143
AAATGGCATGTCTTGT-1,0.000026,0.717308,0.038963,0.23249,0.011162,0.000026,0.000026
AAATGGCCCGTGCCCT-1,0.581893,0.000016,0.131985,0.000016,0.173009,0.109636,0.003445
AAATGGTCAATGTGCC-1,0.000014,0.121963,0.311743,0.132456,0.433796,0.000014,0.000014
AAATGTATCTTATCCC-1,0.033048,0.13428,0.207138,0.015835,0.053173,0.353133,0.203392
AAATTAACGGGTAGCT-1,0.000142,0.167978,0.286739,0.080725,0.421048,0.008514,0.034854
AAATTAATAAGCGCGA-1,0.020291,0.000022,0.543113,0.000022,0.281553,0.017968,0.137032
AAATTACACGACTCTG-1,0.015413,0.480231,0.063414,0.362956,0.077873,0.000057,0.000057
AAATTACCTATCGATG-1,0.000007,0.003606,0.002228,0.503694,0.43144,0.018437,0.040588
AAATTCCAGGTCCAAA-1,0.00019,0.074625,0.032992,0.671315,0.125927,0.002353,0.092598
AAATTGATAGTCCTTT-1,0.944334,0.035498,0.002374,0.005226,0.00006,0.007692,0.004817
AAATTGCGGCGGTTCT-1,0.123671,0.65142,0.026216,0.121117,0.077407,0.000085,0.000085
AAATTTGCGGGTGTGG-1,0.769308,0.172556,0.014536,0.001694,0.000074,0.000023,0.041809
AACAACTGGTAGTTGC-1,0.000007,0.010266,0.1532,0.016676,0.791656,0.027773,0.000421
AACAATACATTGTCGA-1,0.77493,0.015388,0.070372,0.016736,0.015287,0.049711,0.057576
AACAATTACTCTACGC-1,0.006975,0.159652,0.468306,0.056691,0.287241,0.004858,0.016277
AACACACGCTCGCCGC-1,0.078679,0.433537,0.208516,0.039596,0.134488,0.025272,0.079912
AACACGACTGTACTGA-1,0.066657,0.473405,0.043886,0.32054,0.095396,0.000058,0.000058
AACACGAGACGCGGCC-1,0.834462,0.165343,0.000049,0.000024,0.000073,0.000024,0.000024
AACACGCGGCCGCGAA-1,0.004891,0.862767,0.000118,0.000059,0.000177,0.131929,0.000059
AACAGCTGTGTGGCAA-1,0.683344,0.016023,0.017585,0.084504,0.076984,0.031544,0.090016
AACAGGAAATCGAATA-1,0.000007,0.002042,0.002835,0.60029,0.379891,0.000007,0.014928
AACAGGATGGGCCGCG-1,0.002064,0.077029,0.486032,0.028061,0.405885,0.000026,0.000903
AACAGGTAGTATGGAT-1,0.000005,0.000005,0.007452,0.124137,0.489641,0.079503,0.299256
AACATATCAACTGGTG-1,0.000008,0.100764,0.015388,0.50373,0.059033,0.008925,0.312152
AACATTGAAGTTGATC-1,0.111083,0.000018,0.201942,0.000018,0.084793,0.417487,0.18466
AACATTGTGACTCGAG-1,0.830552,0.110778,0.000054,0.000364,0.000081,0.058145,0.000027
AACCAAGACTTCTCTG-1,0.035486,0.434394,0.352484,0.055748,0.009151,0.000025,0.112712
AACCATAGGGTTGAAC-1,0.001542,0.000017,0.250554,0.000017,0.050383,0.521003,0.176484
AACCATGGGATCGCTA-1,0.01615,0.023176,0.095993,0.276295,0.572258,0.01443,0.001699
AACCCAGAGACGGAGA-1,0.000011,0.000115,0.004087,0.289222,0.685817,0.00855,0.012197
AACCCATCCCATGATC-1,0.911926,0.000026,0.014887,0.000026,0.004741,0.068367,0.000026
AACCCGACAACCCGTG-1,0.806587,0.081265,0.015318,0.025251,0.001413,0.050076,0.02009
AACCCGAGCAGAATCG-1,0.012503,0.13018,0.108292,0.119827,0.218367,0.028937,0.381894
AACCCTACTGTCAATA-1,0.056776,0.304679,0.075452,0.137433,0.311057,0.000019,0.114584
AACCGAGCTTGGTCAT-1,0.000017,0.291112,0.018806,0.362814,0.299912,0.015257,0.012081
AACCGCTAAGGGATGC-1,0.000011,0.20193,0.125539,0.085909,0.327377,0.025577,0.233656
AACCGTTGTGTTTGCT-1,0.00003,0.779415,0.011088,0.171962,0.037445,0.00003,0.00003
AACCTCGCTTTAGCCC-1,0.006842,0.000008,0.200895,0.000059,0.260432,0.088957,0.442807
AACCTGTCACGGAATT-1,0.000019,0.321426,0.000039,0.513792,0.031102,0.11869,0.014932
AACCTTTAAATACGGT-1,0.221668,0.111989,0.102922,0.033831,0.187245,0.019387,0.322958
AACCTTTACGACGTCT-1,0.027586,0.659983,0.00015,0.293894,0.018247,0.00007,0.00007
AACGAAAGTCGTCCCA-1,0.563005,0.000026,0.000051,0.000026,0.000077,0.436789,0.000026
AACGATAATGCCGTAG-1,0.040839,0.016143,0.278802,0.043343,0.308762,0.158111,0.154
AACGATAGAAGGGCCG-1,0.05841,0.1859,0.033058,0.495613,0.191748,0.000021,0.035251
AACGATATGTCAACTG-1,0.000014,0.108287,0.054729,0.361649,0.447742,0.007548,0.02003
AACGCATGATCTGGGT-1,0.195511,0.804156,0.000083,0.000042,0.000125,0.000042,0.000042
AACGCGAACGGCAACA-1,0.000014,0.321593,0.004801,0.466749,0.178947,0.027883,0.000014
AACGCGACCTTGGGCG-1,0.582573,0.029459,0.023868,0.024113,0.218239,0.11667,0.005078
AACGCGGTCTCCAGCC-1,0.00027,0.38702,0.145759,0.263029,0.203877,0.000023,0.000023
AACGCTGTTGCTGAAA-1,0.000545,0.298178,0.173419,0.050611,0.267144,0.091015,0.119089
AACGGACGTACGTATA-1,0.003701,0.053986,0.209128,0.035845,0.66857,0.00001,0.02876
AACGGCCATCTCCGGT-1,0.933127,0.066742,0.000033,0.000016,0.000049,0.000016,0.000016
AACGTACTGTGGGTAC-1,0.825477,0.174327,0.000049,0.000024,0.000073,0.000024,0.000024
AACGTCAGACTAGTGG-1,0.000013,0.124226,0.122746,0.13467,0.602132,0.015789,0.000425
AACGTGCGAAAGTCTC-1,0.000011,0.089593,0.233,0.009338,0.666597,0.000011,0.00145
AACGTTATCAGCACCT-1,0.036267,0.394131,0.254708,0.025803,0.134745,0.020781,0.133564
AACTACCCGTTTGTCA-1,0.000009,0.003807,0.007876,0.300384,0.391583,0.000009,0.296333
AACTAGGCTTGGGTGT-1,0.45986,0.072155,0.060646,0.01737,0.037231,0.132529,0.220209
AACTCAAGTTAATTGC-1,0.15129,0.171967,0.08128,0.111758,0.096893,0.382321,0.004491
AACTCCAGAGCGTGTT-1,0.001043,0.039127,0.126277,0.064806,0.262768,0.181308,0.32467
AACTCGATAAACACGT-1,0.048757,0.304217,0.07437,0.33352,0.239039,0.000049,0.000049
AACTCGATGGCGCAGT-1,0.000011,0.096164,0.046828,0.539032,0.298755,0.014472,0.004738
AACTCTCAATAGAGCG-1,0.000016,0.236999,0.070767,0.114648,0.547969,0.000016,0.029584
AACTCTCAGTGTGCTC-1,0.791697,0.000019,0.03021,0.000019,0.026392,0.102692,0.048971
AACTGAGTTATACTGA-1,0.000013,0.020605,0.03302,0.494794,0.370912,0.00025,0.080406
AACTGATATTAGGCCT-1,0.000008,0.058758,0.003975,0.510012,0.393931,0.010654,0.022662
AACTGGGTCCCGACGT-1,0.000011,0.020627,0.01777,0.46597,0.485644,0.000034,0.009944
AACTGGTGTGGGCCTT-1,0.036708,0.962292,0.00025,0.000125,0.000375,0.000125,0.000125
AACTTCTGCGTCTATC-1,0.000025,0.058621,0.140207,0.005784,0.758299,0.037039,0.000025
AACTTGCCCGTATGCA-1,0.000017,0.076367,0.511556,0.042705,0.369321,0.000017,0.000017
AACTTGCGTTCTCGCG-1,0.000027,0.465037,0.013825,0.273926,0.206503,0.040654,0.000027
AACTTTACGGGAGCTT-1,0.000039,0.064643,0.574538,0.005934,0.01499,0.177079,0.162776
AACTTTAGCTGCTGAG-1,0.136772,0.209908,0.105829,0.19716,0.350244,0.000044,0.000044
AAGAAGGATCAGTTAG-1,0.001096,0.344291,0.057448,0.387737,0.190028,0.01938,0.00002
AAGACCAAATAACTCA-1,0.232465,0.004553,0.171582,0.000025,0.000075,0.578776,0.012523
AAGACCCAACTGAACA-1,0.759786,0.000745,0.098464,0.003241,0.021495,0.027517,0.088752
AAGACTAACCCGTTGT-1,0.051206,0.340613,0.0134,0.473339,0.121366,0.000038,0.000038
AAGACTGCAAGCTACT-1,0.000756,0.160867,0.190656,0.035054,0.612107,0.000016,0.000545
AAGAGATGAATCGGTA-1,0.010488,0.001607,0.256772,0.023538,0.69154,0.001388,0.014667
AAGAGCTCTTTATCGG-1,0.000026,0.341584,0.366085,0.057042,0.217717,0.01752,0.000026
AAGAGGATGTACGCGA-1,0.282238,0.487419,0.177014,0.002449,0.000105,0.000035,0.05074
AAGAGGCATGGATCGC-1,0.000013,0.070864,0.37347,0.019706,0.51692,0.010487,0.008541
AAGAGGCCCTTTGGAA-1,0.00118,0.190473,0.008505,0.075158,0.16688,0.525828,0.031976
AAGATGGCACCGGACC-1,0.826988,0.000013,0.054487,0.003229,0.055631,0.021604,0.038048
AAGATTGGCGGAACGT-1,0.000022,0.257843,0.022503,0.459546,0.26004,0.000022,0.000022
AAGCACCCTGCGTATC-1,0.28973,0.066376,0.188035,0.037184,0.158874,0.003593,0.256208
AAGCATACTCTCCTGA-1,0.162364,0.020502,0.380576,0.042973,0.165782,0.085102,0.1427
AAGCCACTTGCAGGTA-1,0.231725,0.112963,0.236517,0.1645,0.246813,0.001066,0.006416
AAGCCGAAGCGGTTTA-1,0.000016,0.240328,0.045048,0.280858,0.121829,0.018316,0.293605
AAGCCGCCGTGAAATC-1,0.269908,0.000024,0.186893,0.000024,0.06642,0.365014,0.111715
AAGCCGGAGAGCAGGA-1,0.00001,0.010747,0.071222,0.306874,0.422151,0.001944,0.187051
AAGCGCAGGGCTTTGA-1,0.202421,0.240982,0.041796,0.028362,0.016413,0.021667,0.448358
AAGCGTCCCTCATCGA-1,0.978023,0.02067,0.000047,0.000024,0.000071,0.001142,0.000024
AAGCTAGATCGAGTAA-1,0.044005,0.356619,0.185304,0.104957,0.092126,0.187851,0.029138
AAGCTCGTGCCAAGTC-1,0.00757,0.308389,0.115906,0.057333,0.475762,0.031357,0.003684
AAGCTCTTTCATGGTG-1,0.000277,0.003988,0.084248,0.041775,0.30854,0.006084,0.555087
AAGGAGCGGTTGGTGC-1,0.000024,0.366843,0.295336,0.022736,0.315014,0.000024,0.000024
AAGGATCGATCGCTTG-1,0.000014,0.25291,0.005687,0.473103,0.057787,0.000014,0.210485
AAGGATGAGGGACCTC-1,0.000014,0.354219,0.014286,0.2413,0.338243,0.020449,0.031489
AAGGCAGGCTGTCTCC-1,0.00001,0.107363,0.005744,0.617035,0.060274,0.041556,0.168017
AAGGCGCGTAAAGCTT-1,0.000008,0.000058,0.066477,0.037555,0.856983,0.009452,0.029467
AAGGCTGTGCTCATCG-1,0.000018,0.247427,0.154087,0.033601,0.542658,0.022192,0.000018
AAGGGAACGACTGGCT-1,0.601733,0.034888,0.037854,0.000029,0.000088,0.325378,0.000029
AAGGGACAGATTCTGT-1,0.016995,0.341457,0.051541,0.358563,0.226716,0.000017,0.004711
AAGGGACTATGCATTC-1,0.99974,0.000029,0.000058,0.000029,0.000087,0.000029,0.000029
AAGGGTTTGATTTCAG-1,0.168518,0.064888,0.041188,0.000031,0.000093,0.678281,0.047
AAGGTATCCTAATATA-1,0.000008,0.032886,0.00599,0.295291,0.644357,0.000008,0.02146
AAGGTGATAAACCAGC-1,0.000008,0.059199,0.094144,0.065681,0.766283,0.000838,0.013848
AAGTAGAAGACCGGGT-1,0.009459,0.324848,0.06933,0.358832,0.229242,0.008271,0.000018
AAGTAGTGACGCGAGG-1,0.000016,0.152545,0.483763,0.076499,0.285129,0.002032,0.000016
AAGTCAATTGTCGTCA-1,0.036135,0.221979,0.030242,0.152408,0.418987,0.02987,0.110379
AAGTCTTCTGTGGCCT-1,0.044244,0.000762,0.112173,0.000027,0.100088,0.480903,0.261803
AAGTGACGACCGAATT-1,0.318651,0.000737,0.174452,0.006385,0.208054,0.192522,0.099198
AAGTGAGTCGGGTTTA-1,0.67807,0.003958,0.118428,0.008402,0.120979,0.0646,0.005563
AAGTGCAAAGGTAGAC-1,0.031361,0.44453,0.485203,0.000042,0.000629,0.031468,0.006766
AAGTGCCTTGACTGTA-1,0.000016,0.596311,0.005224,0.1799,0.089336,0.03729,0.091923
AAGTGCGTTAGAATCT-1,0.931861,0.067935,0.000051,0.000026,0.000077,0.000026,0.000026
AAGTGCTTCTCTATTG-1,0.448165,0.060143,0.000051,0.000026,0.000077,0.485067,0.006472
AAGTGTTTGGAGACGG-1,0.006324,0.010442,0.231054,0.038215,0.383438,0.019044,0.311483
AAGTTCACTCCAAGCT-1,0.021218,0.026913,0.097018,0.061834,0.288707,0.056684,0.447625
AAGTTCGGCCAACAGG-1,0.700058,0.167047,0.048092,0.007749,0.006595,0.004294,0.066165
AAGTTGTGATGTTATA-1,0.000004,0.000004,0.003495,0.036222,0.817787,0.000004,0.142484
AAGTTTATGGGCCCAA-1,0.210869,0.067969,0.252009,0.04621,0.19516,0.215281,0.012502
AATAACAACGCTCGGC-1,0.015976,0.028676,0.646665,0.048362,0.245303,0.01218,0.002839
AATAACACTAGAACAA-1,0.944577,0.026964,0.000045,0.016685,0.011684,0.000022,0.000022
AATAATCTTCGTATCG-1,0.000013,0.025816,0.021606,0.384362,0.319086,0.016599,0.232518
AATACAATGTTTCAGG-1,0.032285,0.013799,0.453373,0.020437,0.388788,0.065882,0.025437
AATACCGGAGGGCTGT-1,0.745479,0.251439,0.000069,0.000034,0.000103,0.002842,0.000034
AATAGAACAGAGTGGC-1,0.899428,0.054882,0.000049,0.000024,0.000073,0.045518,0.000024
AATAGAATCTGTTTCA-1,0.01699,0.105288,0.151406,0.047895,0.402429,0.106105,0.169887
AATAGTCCGTCCCGAC-1,0.759342,0.100618,0.017855,0.000026,0.000078,0.070274,0.051806
AATAGTCGCGAGTCGG-1,0.000019,0.000019,0.234555,0.000029,0.609726,0.071029,0.084623
AATATCAAGGTCGGAT-1,0.042108,0.488863,0.008628,0.456571,0.003776,0.000027,0.000027
AATATCCTAGCAAACT-1,0.768609,0.009924,0.000816,0.021157,0.046954,0.152485,0.000057
AATATCGAATCAATGC-1,0.006028,0.130076,0.01522,0.349711,0.30228,0.000015,0.196669
AATATCGAGGGTTCTC-1,0.000009,0.009381,0.004787,0.508198,0.093657,0.000009,0.383959
AATATTGGAGTATTGA-1,0.273232,0.301069,0.300085,0.081358,0.022957,0.000025,0.021275
AATCAGACTGCAGGAC-1,0.082557,0.56485,0.057918,0.236105,0.037586,0.020849,0.000136
AATCAGGTTTCATTTA-1,0.235915,0.072662,0.140455,0.0037,0.241086,0.030072,0.27611
AATCATGTAAAGACTC-1,0.000008,0.068107,0.055025,0.139078,0.389685,0.04485,0.303247
AATCCAAGGGCCTGAG-1,0.000012,0.056047,0.001729,0.609313,0.247479,0.063178,0.022243
AATCCATGCAAGGGTG-1,0.000015,0.065597,0.06066,0.680895,0.184697,0.000015,0.008122
AATCGCCTCAGCGCCA-1,0.000347,0.208197,0.395488,0.030798,0.295002,0.000019,0.070148
AATCGCGCAGAGGACT-1,0.000018,0.44992,0.000037,0.323422,0.014179,0.001537,0.210886
AATCGGGACACTACGA-1,0.093318,0.483787,0.010929,0.384922,0.026936,0.000054,0.000054
AATCGTGAGCCGAGCA-1,0.032569,0.156257,0.190266,0.080243,0.119597,0.263903,0.157165
AATCTAGGTTTACTTG-1,0.851899,0.09804,0.020166,0.000049,0.000147,0.000049,0.02965
AATCTATGCCGGAGCC-1,0.019417,0.807493,0.000046,0.03586,0.000069,0.131451,0.005664
AATCTCTACTGTGGTT-1,0.075012,0.000031,0.28766,0.000031,0.019423,0.310876,0.306968
AATCTGCGTTGGGACG-1,0.000014,0.177484,0.020163,0.118389,0.513792,0.118458,0.051701
AATCTGGCTTTCTAGT-1,0.931091,0.000025,0.041045,0.000025,0.000074,0.025356,0.002385
AATGACAGCAATGTCT-1,0.484802,0.000017,0.213862,0.007636,0.099331,0.026192,0.16816
AATGACGTAGGATGTC-1,0.007694,0.191747,0.445423,0.028558,0.269485,0.008762,0.048332
AATGACTGTCAGCCGG-1,0.001962,0.365362,0.145186,0.156579,0.330589,0.000014,0.000307
AATGAGTTCGCATATG-1,0.00002,0.021576,0.090428,0.240465,0.647472,0.00002,0.00002
AATGATGATACGCTAT-1,0.000008,0.001878,0.00608,0.539778,0.395557,0.000478,0.056221
AATGATGCGACTCCTG-1,0.00001,0.021248,0.009268,0.619939,0.165058,0.014126,0.170352
AATGCAACCGGGTACC-1,0.000195,0.13492,0.114127,0.24178,0.43987,0.06154,0.007568
AATGCACCAAGCAATG-1,0.000071,0.947231,0.000141,0.000071,0.000212,0.052204,0.000071
AATGGTCCACCGTTCA-1,0.13405,0.229899,0.230487,0.016104,0.139883,0.089687,0.159891
AATGGTTCTCACAAGC-1,0.000017,0.215748,0.081838,0.270461,0.427671,0.000017,0.004249
AATGTATGGCACTGTA-1,0.024369,0.000018,0.399413,0.000018,0.135673,0.144556,0.295952
AATGTGCCCGAGGTGT-1,0.999812,0.000021,0.000042,0.000021,0.000063,0.000021,0.000021
AATGTGCTAATCTGAG-1,0.768326,0.231417,0.000064,0.000032,0.000096,0.000032,0.000032
AATGTTGTCGTGAGAC-1,0.006383,0.26238,0.101112,0.163325,0.464836,0.001955,0.000009
AATTAAAGGTCGGCGT-1,0.102426,0.369726,0.260885,0.006069,0.041886,0.217552,0.001456
AATTAACGGATTTCCA-1,0.076726,0.000013,0.165965,0.00469,0.244641,0.209618,0.298346
AATTACGAGACCCATC-1,0.342859,0.00003,0.034188,0.00003,0.000091,0.569223,0.053579
AATTACTCGTACGCTC-1,0.000033,0.164162,0.204304,0.324665,0.258795,0.048008,0.000033
AATTAGCGCTGCAGCG-1,0.121875,0.093616,0.187038,0.07251,0.192592,0.133925,0.198444
AATTCATAAGGGATCT-1,0.00001,0.000014,0.007023,0.505983,0.438731,0.00001,0.04823
AATTCATTGTCATGCA-1,0.235202,0.0649,0.000094,0.000047,0.000141,0.699569,0.000047
AATTCCAAGCATGTAC-1,0.489261,0.000017,0.209408,0.000017,0.024353,0.147625,0.129319
AATTCGATTCGAGGAT-1,0.283144,0.177382,0.03348,0.043021,0.005462,0.399639,0.057872
AATTCTAGAGTTAGGC-1,0.190063,0.305979,0.324529,0.075744,0.011368,0.001296,0.091021
AATTGAACGCTCTGGT-1,0.012476,0.616863,0.180707,0.002557,0.013297,0.006761,0.167338
AATTGCAGCAATCGAC-1,0.000011,0.203952,0.145315,0.089219,0.092269,0.028552,0.440682
AATTGCGTGGATTACA-1,0.169248,0.000027,0.366498,0.000027,0.03161,0.358875,0.073716
AATTGTGGTTGCCAAA-1,0.000011,0.2105,0.246556,0.145873,0.293624,0.000733,0.102702
AATTTGGTTCCAAAGA-1,0.000072,0.999356,0.000143,0.000072,0.000215,0.000072,0.000072
ACAAACCATGCGTCCT-1,0.096211,0.000025,0.069733,0.000025,0.000075,0.803243,0.030689
ACAAAGAAGGTAGGCC-1,0.943308,0.044899,0.000134,0.000067,0.000201,0.011324,0.000067
ACAAAGCATGACCTAG-1,0.00001,0.002909,0.05798,0.024486,0.249149,0.544068,0.121397
ACAAATCGCACCGAAT-1,0.001578,0.024471,0.188261,0.071094,0.512172,0.017251,0.185174
ACAAATGGTAGTGTTT-1,0.032186,0.091732,0.17041,0.014799,0.524292,0.087275,0.079306
ACAACAGCATGAGCTA-1,0.000012,0.09356,0.172833,0.064063,0.669508,0.000012,0.000012
ACAACGGTCCCTGCGA-1,0.000824,0.484807,0.192444,0.085618,0.236271,0.000018,0.000018
ACAAGCAGTGCCTAGC-1,0.000016,0.195774,0.430156,0.152372,0.22126,0.000016,0.000407
ACAAGCTATATGGAAG-1,0.007202,0.017681,0.34726,0.011051,0.059031,0.411684,0.14609
ACAAGGAAATCCGCCC-1,0.033529,0.081196,0.35681,0.096665,0.299911,0.025828,0.106061
ACAAGGACAAGAGGTT-1,0.040691,0.135274,0.39718,0.046345,0.348265,0.015492,0.016754
ACAAGGATGCTTTAGG-1,0.00752,0.120198,0.237457,0.028152,0.094316,0.226796,0.285562
ACAAGGGCAGGCTCTG-1,0.000009,0.010553,0.355476,0.037736,0.483689,0.000009,0.112529
ACAATAGTCGTACGTT-1,0.523282,0.268606,0.065359,0.000036,0.019705,0.002566,0.120445
ACAATCCATTTAAACC-1,0.0422,0.112576,0.40292,0.153807,0.145331,0.097223,0.045943
ACAATGAATACGGAGA-1,0.972695,0.000018,0.008534,0.000018,0.000055,0.001431,0.017248
ACAATTGTGTCTCTTT-1,0.000009,0.090245,0.124893,0.071329,0.500311,0.052077,0.161136
ACAATTTAGGAGGCTC-1,0.019207,0.03884,0.711419,0.009419,0.113034,0.000914,0.107168
ACAATTTGAGCAGTGG-1,0.000009,0.160621,0.012092,0.220653,0.570386,0.013624,0.022615
ACAATTTGGCCATATT-1,0.002327,0.012462,0.019536,0.564514,0.26334,0.010877,0.126944
ACACAAAGACGGGTGG-1,0.005018,0.268456,0.255992,0.183761,0.286242,0.000018,0.000514
ACACACCAGGACCAGT-1,0.035173,0.219156,0.106298,0.122869,0.284001,0.045439,0.187064
ACACACTTTCTACACG-1,0.000013,0.006656,0.019102,0.747848,0.225613,0.000013,0.000754
ACACATGATCAAATCT-1,0.357629,0.000021,0.110417,0.000021,0.1418,0.385504,0.004608
ACACATTGACGCAACA-1,0.00003,0.139919,0.149857,0.50788,0.202255,0.00003,0.00003
ACACCACATAATTAGC-1,0.139772,0.858948,0.000095,0.000948,0.000142,0.000047,0.000047
ACACCCAGCATGCAGC-1,0.002251,0.292602,0.060702,0.270611,0.290317,0.082274,0.001244
ACACCCGAGAAATCCG-1,0.063391,0.119075,0.012825,0.107543,0.696605,0.000012,0.000549
ACACCGAGCGCTCTTT-1,0.000026,0.047096,0.467983,0.098663,0.317208,0.000026,0.068998
ACACCGGTCTGACCGC-1,0.134495,0.002636,0.13554,0.000028,0.000083,0.636431,0.090787
ACACCTTAAGTAGGGC-1,0.001702,0.0783,0.143078,0.132068,0.633816,0.002386,0.008649
ACACCTTACTACTTGC-1,0.000006,0.006313,0.000012,0.45059,0.162914,0.000386,0.379779
ACACGAGACTCCTTCT-1,0.004651,0.03391,0.497162,0.016411,0.296618,0.150544,0.000704
ACACGGGAACTTAGGG-1,0.000014,0.190671,0.039207,0.0976,0.671295,0.001058,0.000155
ACACGTAGGCCACAAG-1,0.005152,0.08631,0.07122,0.015711,0.505852,0.01414,0.301615
ACACTCCAATGTCACT-1,0.000014,0.052627,0.043308,0.115592,0.781581,0.000014,0.006866
ACACTGATCAAGGTGT-1,0.896238,0.068163,0.016226,0.000972,0.000066,0.01527,0.003064
ACACTGGGACAGTCGT-1,0.000011,0.015239,0.251389,0.051784,0.445542,0.000012,0.236023
ACAGAACTGAGAACAA-1,0.765317,0.000025,0.00005,0.000025,0.000075,0.234483,0.000025
ACAGATTAGGTTAGTG-1,0.110549,0.307154,0.059131,0.240641,0.282411,0.000057,0.000057
ACAGCATAGAGCCAGT-1,0.000053,0.987822,0.000106,0.011756,0.000158,0.000053,0.000053
ACAGCGACATTCTCAT-1,0.013114,0.096732,0.143381,0.06183,0.443756,0.13732,0.103868
ACAGGCACGGATCCTT-1,0.013188,0.306318,0.302775,0.073841,0.207577,0.08186,0.014441
ACAGGCTTGCCCGACT-1,0.005671,0.316783,0.221974,0.032133,0.100777,0.019342,0.303322
ACAGGTGGAGGTGAGG-1,0.597466,0.000817,0.283934,0.000024,0.090066,0.000768,0.026925
ACAGGTGTGTTGTTGC-1,0.063947,0.211679,0.000105,0.000053,0.000158,0.724006,0.000053
ACAGTAATACAACTTG-1,0.782795,0.005571,0.060079,0.057212,0.04215,0.04674,0.005452
ACATAAGTCGTGGTGA-1,0.536126,0.000023,0.077395,0.000023,0.008364,0.375465,0.002604
ACATAATAAGGCGGTG-1,0.040272,0.190688,0.114397,0.432337,0.22226,0.000023,0.000023
ACATCAGCTGGGACGC-1,0.037698,0.000017,0.258408,0.000023,0.250449,0.304054,0.149351
ACATCCCGGCCATACG-1,0.82424,0.141732,0.006292,0.013489,0.00005,0.000017,0.014181
ACATCCTGGTAACTGT-1,0.000013,0.254188,0.000505,0.229271,0.282995,0.065876,0.167152
ACATCGATCGTTTACC-1,0.023554,0.016781,0.433648,0.06437,0.392477,0.018043,0.051128
ACATCGGTCAGCCGCG-1,0.416272,0.569809,0.000067,0.001656,0.000101,0.012062,0.000034
ACATCGTATGCAATGG-1,0.000009,0.120674,0.280299,0.071217,0.290239,0.000009,0.237554
ACATGGCGCCAAAGTA-1,0.000014,0.226301,0.055571,0.197328,0.303019,0.000014,0.217754
ACATGGCTCAATTTAG-1,0.000027,0.323338,0.012064,0.519026,0.145491,0.000027,0.000027
ACATTAGTTTATATCC-1,0.280448,0.15104,0.16501,0.073299,0.04136,0.015091,0.273751
ACATTCGCGCGGAATA-1,0.003193,0.007356,0.391056,0.033105,0.197196,0.232467,0.135626
ACCAACCGCACTCCAC-1,0.033728,0.473795,0.032619,0.011059,0.019544,0.225252,0.204003
ACCAACGCTTATTTAT-1,0.834674,0.000039,0.009456,0.001897,0.01999,0.07272,0.061225
ACCAAGAACGCGTGTC-1,0.000017,0.173209,0.026965,0.424476,0.353094,0.000123,0.022116
ACCAATATGCAAGTTA-1,0.020032,0.537241,0.249853,0.004685,0.013839,0.133073,0.041279
ACCACAAGTTTCTATC-1,0.026141,0.099013,0.411495,0.18391,0.236318,0.024998,0.018125
ACCACCAATGTAACAA-1,0.000008,0.003475,0.002041,0.263329,0.377226,0.000008,0.353912
ACCACGTGCAGCTATA-1,0.002587,0.003537,0.200868,0.028894,0.613358,0.026922,0.123834
ACCACTGTTCAAGAAG-1,0.000023,0.01281,0.227895,0.307267,0.449424,0.000023,0.002557
ACCAGACCATAACAAC-1,0.047192,0.000029,0.222696,0.000029,0.111425,0.596313,0.022316
ACCAGTGCGGGAGACG-1,0.026071,0.227854,0.245436,0.05343,0.419146,0.008016,0.020046
ACCATATCCGCAATAA-1,0.01604,0.365764,0.45363,0.036249,0.087262,0.035514,0.005541
ACCATCCGCCAACTAG-1,0.877485,0.033617,0.011481,0.009107,0.013587,0.045933,0.008788
ACCATCGTATATGGTA-1,0.618063,0.163542,0.122982,0.049635,0.035557,0.010196,0.000025
ACCATTAAGGGTGTCA-1,0.00004,0.447797,0.206764,0.187771,0.157548,0.00004,0.00004
ACCCAACGCCCGTGGC-1,0.000011,0.432427,0.077154,0.104086,0.286945,0.008396,0.090981
ACCCACCTACATGCTC-1,0.052476,0.5939,0.133934,0.017969,0.031194,0.169352,0.001175
ACCCATCTTGAGGGTA-1,0.066767,0.220528,0.400872,0.064918,0.201106,0.003168,0.042641
ACCCATTTGTCCCTCT-1,0.002768,0.039994,0.221942,0.017717,0.14484,0.01076,0.561979
ACCCGAGCGAAATTAC-1,0.630528,0.054307,0.000094,0.000047,0.00014,0.314838,0.000047
ACCCGATTGGTTCCGA-1,0.646269,0.026719,0.05045,0.004244,0.060614,0.153976,0.057727
ACCCGGAAACTCCCAG-1,0.211165,0.255932,0.006684,0.045876,0.077061,0.310378,0.092904
ACCCGGAGCACCACAA-1,0.000074,0.089413,0.040593,0.318286,0.275762,0.121272,0.154601
ACCCGGATGACGCATC-1,0.000007,0.020769,0.010384,0.204937,0.720478,0.000007,0.043419
ACCCGGTTACACTTCC-1,0.096575,0.007627,0.198221,0.021912,0.394764,0.130232,0.150669
ACCCGTGTCATCAGTA-1,0.648873,0.030115,0.099641,0.006089,0.034933,0.07909,0.101259
ACCCTATAGGACTGAG-1,0.000026,0.364632,0.127852,0.431313,0.076126,0.000026,0.000026
ACCCTATGCCATATCG-1,0.750041,0.000027,0.142158,0.000027,0.029701,0.005019,0.073027
ACCCTCCCGTCAGGGC-1,0.005766,0.023403,0.127096,0.056117,0.511855,0.174389,0.101374
ACCCTCCCTTGCTATT-1,0.009494,0.44355,0.10796,0.052947,0.033651,0.056821,0.295577
ACCCTTCATCTGCGAA-1,0.000019,0.356751,0.008739,0.572808,0.057388,0.000019,0.004275
ACCGAAAGGGCCCTGC-1,0.016633,0.847257,0.00006,0.078097,0.007113,0.05081,0.00003
ACCGAAGAGTCTGGTT-1,0.972969,0.000029,0.000059,0.000029,0.000088,0.026797,0.000029
ACCGACACATCTCCCA-1,0.118637,0.000008,0.102564,0.02381,0.349178,0.305135,0.100668
ACCGACTGAGTCCCAC-1,0.009294,0.392129,0.087798,0.222496,0.286297,0.001964,0.000022
ACCGAGTCTCCTTATT-1,0.033695,0.175175,0.248136,0.131326,0.210112,0.127096,0.07446
ACCGATAGGCATAACC-1,0.000008,0.001483,0.10466,0.099069,0.323818,0.078004,0.392958
ACCGATATTTAATCAT-1,0.00001,0.000997,0.019465,0.195964,0.320146,0.00061,0.462807
ACCGATGGTAGCATCG-1,0.004903,0.271671,0.049547,0.274402,0.262023,0.111809,0.025645
ACCGCAATAACTGCCT-1,0.001049,0.022414,0.239254,0.059717,0.439806,0.060322,0.177438
ACCGCGGTGGAAGTCG-1,0.000848,0.007999,0.014615,0.226141,0.551112,0.003775,0.195509
ACCGCTAGTCATTGGT-1,0.222762,0.163091,0.248618,0.168367,0.188215,0.001165,0.007781
ACCGGGCCTTTGTTGA-1,0.000567,0.616359,0.049307,0.03007,0.122752,0.076932,0.104013
ACCGGTCAGGTACACC-1,0.694952,0.047729,0.000039,0.00002,0.000059,0.257183,0.00002
ACCGTCCACTGGGCCC-1,0.002111,0.000021,0.48996,0.000021,0.061273,0.380818,0.065795
ACCGTGACCACGTGGG-1,0.874817,0.000022,0.000082,0.000022,0.003827,0.121209,0.000022
ACCTAAGTACCTTTCA-1,0.928057,0.067124,0.00006,0.004608,0.00009,0.00003,0.00003
ACCTAATCGACTTCCT-1,0.000123,0.000044,0.227625,0.056537,0.586178,0.054401,0.075092
ACCTACAGTATGTGGT-1,0.000016,0.168148,0.002155,0.55336,0.063443,0.000016,0.212861
ACCTACTATAAATCTA-1,0.787506,0.167307,0.002178,0.010049,0.000061,0.032879,0.00002
ACCTCCGCCCTCGCTG-1,0.0001,0.032532,0.034949,0.088095,0.422722,0.030558,0.391043
ACCTCCGTTATTCACC-1,0.022664,0.67618,0.000049,0.125958,0.000074,0.175051,0.000025
ACCTCGAACTTATGCT-1,0.214857,0.000016,0.144553,0.000016,0.01061,0.385281,0.244667
ACCTGCGTGTCATGTT-1,0.848306,0.111114,0.000051,0.000025,0.000076,0.040403,0.000025
ACGAAATGGGCGGCAC-1,0.001401,0.070519,0.464123,0.110529,0.296037,0.000014,0.057376
ACGACCCATGAGTTGC-1,0.002526,0.01847,0.040293,0.242042,0.50862,0.119797,0.068253
ACGACTGGTCATACTC-1,0.692908,0.045784,0.00193,0.000036,0.000108,0.202723,0.056511
ACGAGAACCCATCACG-1,0.001752,0.604545,0.00026,0.382797,0.007965,0.002664,0.000017
ACGAGGATACCACTCT-1,0.823383,0.031556,0.00006,0.004191,0.00009,0.111506,0.029214
ACGAGGTTTACAACGT-1,0.708752,0.001175,0.000043,0.000021,0.000064,0.289923,0.000021
ACGAGTACGGATGCCC-1,0.000018,0.28072,0.0041,0.654623,0.011388,0.001102,0.048049
ACGAGTCGCCGGCGTT-1,0.015917,0.297147,0.044669,0.525493,0.116626,0.000074,0.000074
ACGATACATAGAACTA-1,0.022552,0.023932,0.018954,0.455525,0.474093,0.000013,0.004932
ACGATACCTATCCTGA-1,0.009794,0.008803,0.296815,0.000687,0.045684,0.636531,0.001685
ACGATCATACATAGAG-1,0.000013,0.055748,0.010468,0.070303,0.863441,0.000013,0.000013
ACGATCATCTTGTAAA-1,0.000016,0.237543,0.001755,0.339534,0.228371,0.001897,0.190884
ACGATGCATATGTTAT-1,0.077611,0.006993,0.534314,0.044646,0.313688,0.003213,0.019535
ACGATGGATCCGATGC-1,0.062229,0.284069,0.046396,0.547522,0.059686,0.00005,0.00005
ACGCAAACTAATAGAT-1,0.996678,0.000018,0.000036,0.000018,0.000055,0.003177,0.000018
ACGCAATCACTACAGC-1,0.000045,0.990633,0.000091,0.009003,0.000136,0.000045,0.000045
ACGCATACGTTTACTA-1,0.001325,0.209752,0.079457,0.023325,0.255124,0.03664,0.394377
ACGCATTCGTGAGTAC-1,0.000043,0.165532,0.52224,0.010038,0.302061,0.000043,0.000043
ACGCCAGATGATTTCT-1,0.00001,0.066339,0.012993,0.580559,0.336268,0.002079,0.001752
ACGCCGCTAGACGACC-1,0.020131,0.00057,0.278603,0.021006,0.622549,0.006051,0.05109
ACGCGAAGTCAGACGA-1,0.194015,0.0001,0.194815,0.011393,0.239815,0.136084,0.223779
ACGCGCTACACAGGGT-1,0.336534,0.413435,0.124573,0.025758,0.022978,0.000033,0.076688
ACGCGGGCCAAGGACA-1,0.006493,0.016261,0.073702,0.016838,0.778296,0.104161,0.004249
ACGCGTTTCTTAAGAG-1,0.083394,0.35514,0.561112,0.000059,0.000177,0.000059,0.000059
ACGCTAGTGATACACT-1,0.000018,0.377928,0.000323,0.465687,0.000096,0.052349,0.103599
ACGCTGTGAGGCGTAG-1,0.164126,0.156103,0.159176,0.028335,0.169073,0.248231,0.074956
ACGGAATTTAGCAAAT-1,0.000021,0.241648,0.113212,0.196575,0.448502,0.000021,0.000021
ACGGACGCAGCGACAA-1,0.137432,0.110322,0.335215,0.131191,0.27235,0.006936,0.006554
ACGGACTCTCAAAGCG-1,0.13296,0.279072,0.055569,0.000094,0.000067,0.376846,0.155391
ACGGATGGTGCGGATA-1,0.027065,0.164512,0.548013,0.099668,0.099592,0.000018,0.061132
ACGGCACTTGCTTGGG-1,0.467291,0.147734,0.082327,0.001845,0.00025,0.014066,0.286488
ACGGCCAACATGGACT-1,0.70701,0.22618,0.000862,0.008232,0.000052,0.052738,0.004926
ACGGCGACGATGGGAA-1,0.036024,0.352804,0.445487,0.06005,0.097407,0.000014,0.008214
ACGGCGGGTTGCCCTG-1,0.00711,0.840127,0.000182,0.048419,0.10398,0.000091,0.000091
ACGGCTGGATGTAGAA-1,0.24303,0.000023,0.000045,0.000023,0.000068,0.756788,0.000023
ACGGGAGTGTCGGCCC-1,0.960847,0.031619,0.000037,0.007187,0.000056,0.000234,0.000019
ACGGGCGTATGCGACA-1,0.114257,0.547098,0.000249,0.12773,0.210418,0.000124,0.000124
ACGGGTCATGTGACTT-1,0.020753,0.217777,0.213817,0.115205,0.430433,0.000023,0.001992
ACGGTCACCGAGAACA-1,0.122721,0.152232,0.31766,0.006824,0.072546,0.246824,0.081191
ACGTACAGATTTCTCT-1,0.000108,0.990208,0.009038,0.000108,0.000323,0.000108,0.000108
ACGTACTTTGGCACGG-1,0.180607,0.259181,0.006076,0.002157,0.001761,0.50626,0.043958
ACGTAGATTGCTGATG-1,0.048379,0.086253,0.411172,0.006901,0.432359,0.014919,0.000018
ACGTAGGAGAGTCGCT-1,0.372909,0.446504,0.115268,0.000026,0.000077,0.063918,0.001298
ACGTATTACTCCGATC-1,0.000077,0.140536,0.01315,0.307856,0.342076,0.10419,0.092116
ACGTCGGGCAACTCGG-1,0.003075,0.112473,0.557278,0.003028,0.05638,0.222757,0.04501
ACGTCTCGTTCCGGGA-1,0.91743,0.027469,0.000071,0.000036,0.000107,0.054852,0.000036
ACGTGACAAAGTAAGT-1,0.696838,0.001785,0.11589,0.004157,0.087933,0.093089,0.000309
ACGTGCGCCTCGTGCA-1,0.033528,0.14243,0.026255,0.479952,0.292051,0.025761,0.000023
ACGTTAATGTCGAAGA-1,0.000028,0.376884,0.491628,0.073447,0.057958,0.000028,0.000028
ACGTTAGATTTGCCCG-1,0.246064,0.048236,0.413918,0.014345,0.127503,0.139363,0.010571
ACGTTATTGGTCACTC-1,0.045577,0.233799,0.129214,0.045405,0.531156,0.000022,0.014826
ACGTTCACTATGCCGC-1,0.320534,0.104114,0.222979,0.166347,0.178635,0.002304,0.005087
ACGTTCCGCGCTCCGT-1,0.000122,0.926083,0.031319,0.019542,0.000367,0.022445,0.000122
ACGTTCGCAATCAATT-1,0.000022,0.194162,0.022722,0.498542,0.145743,0.003032,0.135776
ACGTTCGTTCAGGAAA-1,0.88099,0.115863,0.000047,0.002982,0.000071,0.000024,0.000024
ACGTTCTGTACAAGTC-1,0.000009,0.046072,0.195866,0.015173,0.243187,0.00237,0.497323
ACGTTTAGTTGTGATC-1,0.000014,0.042247,0.00547,0.709526,0.242713,0.000014,0.000014
ACTACAAAGAGAGGTG-1,0.900992,0.09874,0.000133,0.000023,0.000068,0.000023,0.000023
ACTACATCCCGACAAG-1,0.258787,0.000028,0.033531,0.000028,0.000085,0.707512,0.000028
ACTACCAGCTCTCTGG-1,0.033152,0.003712,0.193031,0.045675,0.690943,0.019657,0.013829
ACTACCATCCGAGGGC-1,0.162957,0.114272,0.291355,0.181866,0.236875,0.004665,0.00801
ACTACGCGTTAGAATT-1,0.66826,0.011032,0.053439,0.019259,0.074506,0.040909,0.132595
ACTAGTTGCGATCGTC-1,0.000013,0.286502,0.033834,0.169138,0.354521,0.009736,0.146255
ACTATCCAGGGCATGG-1,0.027784,0.159295,0.00047,0.391981,0.15642,0.008625,0.255425
ACTATCGCCGGCTAAA-1,0.009144,0.008719,0.41404,0.170564,0.369977,0.00002,0.027535
ACTATCTGCCCGCGTA-1,0.000063,0.34397,0.000018,0.253572,0.152976,0.09703,0.152371
ACTATGTCCAGCTGCC-1,0.467764,0.000022,0.191576,0.000022,0.013634,0.12488,0.202101
ACTATTCGTCCGTGGT-1,0.080701,0.918978,0.00008,0.00004,0.00012,0.00004,0.00004
ACTATTTCCGGGCCCA-1,0.804859,0.000021,0.059553,0.000021,0.093651,0.041627,0.000266
ACTCAACGAATGTATT-1,0.017783,0.981955,0.000066,0.000033,0.000099,0.000033,0.000033
ACTCAAGTGCAAGGCT-1,0.000013,0.083485,0.386759,0.126993,0.127271,0.003358,0.27212
ACTCAATAAAGGCACG-1,0.017801,0.041912,0.019652,0.182356,0.717607,0.020661,0.00001
ACTCAGACCTGCTTCT-1,0.00002,0.470396,0.000039,0.480671,0.021969,0.026885,0.00002
ACTCATGGCAGCCTTC-1,0.000014,0.000014,0.169316,0.000014,0.02668,0.788034,0.015929
ACTCCAATATCATCAT-1,0.72914,0.074787,0.001686,0.007014,0.000092,0.154756,0.032525
ACTCCCATTCCTAAAG-1,0.653539,0.00003,0.19302,0.00003,0.040124,0.039204,0.074052
ACTCCCGAATTCGTTT-1,0.000009,0.000018,0.000185,0.397316,0.272318,0.050259,0.279896
ACTCCCTAATGCTAAA-1,0.083574,0.026432,0.388856,0.011772,0.126218,0.086073,0.277076
ACTCCCTAGAATAGTA-1,0.061364,0.042265,0.429053,0.091419,0.201549,0.064282,0.110068
ACTCCGGCCGACCACT-1,0.031443,0.190086,0.1264,0.100972,0.233067,0.238963,0.079069
ACTCGATGTATTTCAT-1,0.000015,0.046863,0.203157,0.082709,0.63556,0.004027,0.027669
ACTCGCCGTTCGATAA-1,0.05462,0.303632,0.044105,0.123475,0.38371,0.090443,0.000013
ACTCGCGATCTGACGC-1,0.000066,0.98895,0.000133,0.010519,0.000199,0.000066,0.000066
ACTCGTAACCCGTCCT-1,0.980051,0.01249,0.000046,0.000023,0.00007,0.00106,0.006259
ACTCGTCAGTAATCCC-1,0.022209,0.000008,0.083181,0.008152,0.72626,0.081955,0.078235
ACTCTAAACCTGGGAT-1,0.000024,0.035192,0.3768,0.002932,0.230759,0.27813,0.076164
ACTCTCTGACTTAGGT-1,0.013695,0.246904,0.282685,0.094159,0.193773,0.028442,0.140341
ACTCTGACCTAATAGA-1,0.002014,0.032041,0.180966,0.045037,0.519059,0.166899,0.053983
ACTCTTCAGCTCCCGC-1,0.000067,0.461299,0.000133,0.523802,0.014565,0.000067,0.000067
ACTCTTGTATAGTAAC-1,0.006153,0.168609,0.195803,0.029507,0.598975,0.000018,0.000936
ACTGAAACGCCGTTAG-1,0.000008,0.01719,0.144407,0.009944,0.565487,0.006545,0.25642
ACTGAATGGCGAAAGT-1,0.095479,0.369196,0.038565,0.063722,0.066973,0.292112,0.073952
ACTGCCCGCCATTCTC-1,0.323048,0.000019,0.103359,0.000019,0.010691,0.304983,0.25788
ACTGCCGTCGTAACTC-1,0.000015,0.023721,0.03908,0.740115,0.197041,0.000015,0.000015
ACTGCGGACACACCGT-1,0.000035,0.695379,0.000069,0.299376,0.005072,0.000035,0.000035
ACTGCTCGGAAGGATG-1,0.999605,0.000044,0.000088,0.000044,0.000132,0.000044,0.000044
ACTGGGATGCCAGTGC-1,0.31319,0.14571,0.179994,0.163086,0.197947,0.000012,0.000061
ACTGTACGATACACAT-1,0.000011,0.064238,0.095413,0.071524,0.752877,0.000011,0.015926
ACTGTAGCACTTTGGA-1,0.000024,0.316256,0.316095,0.077913,0.289666,0.000024,0.000024
ACTGTATACGCGAGCA-1,0.000012,0.009209,0.042169,0.705277,0.24331,0.000012,0.000012
ACTGTCCAGGATTATA-1,0.000016,0.152515,0.253329,0.066527,0.525566,0.000016,0.00203
ACTGTCTTCTTTAGAA-1,0.000016,0.07734,0.200182,0.098682,0.618319,0.000016,0.005446
ACTGTGCTAGTAGATC-1,0.000029,0.143093,0.101772,0.440198,0.314851,0.000029,0.000029
ACTTACGCATCCACGC-1,0.000009,0.000594,0.189011,0.027592,0.572918,0.006111,0.203766
ACTTAGTACGACAAGA-1,0.000037,0.682601,0.001664,0.191231,0.124393,0.000037,0.000037
ACTTATACTTACCCGG-1,0.005454,0.108217,0.10794,0.255664,0.383139,0.070778,0.068809
ACTTATTAGGATCGGT-1,0.02713,0.593511,0.238982,0.023635,0.105286,0.011416,0.000039
ACTTATTTATGTGCCA-1,0.004495,0.449046,0.081547,0.048852,0.209476,0.076092,0.130493
ACTTCAGGCTGATCCC-1,0.028264,0.105771,0.303907,0.120638,0.181776,0.040855,0.218789
ACTTCCAGTGGAAGCT-1,0.738352,0.000057,0.009916,0.000057,0.000171,0.251389,0.000057
ACTTCCATGCGGGACA-1,0.016088,0.050832,0.237316,0.042894,0.196258,0.003846,0.452765
ACTTCGCCATACGCAC-1,0.000011,0.168416,0.046397,0.123826,0.657461,0.000011,0.003879
ACTTGACTCCCTCTTT-1,0.003189,0.028253,0.308517,0.048339,0.456556,0.0093,0.145846
ACTTGCTCTATCTACC-1,0.015722,0.077854,0.339739,0.015482,0.074686,0.217647,0.258869
ACTTGGGACCCGGTGG-1,0.091729,0.236216,0.422985,0.031854,0.217183,0.000016,0.000016
ACTTGTAGTCCCTTCA-1,0.527519,0.025363,0.186572,0.000044,0.000131,0.094338,0.166033
ACTTGTGGATGGAACG-1,0.000011,0.037779,0.019668,0.226025,0.468145,0.001203,0.247168
ACTTTACCCTCATGAA-1,0.000015,0.046101,0.027959,0.621807,0.035467,0.000015,0.268636
ACTTTCCTATAGCTTC-1,0.011286,0.079217,0.211827,0.110988,0.580337,0.002907,0.003438
ACTTTGACTGCATCCT-1,0.233143,0.270884,0.000062,0.000031,0.000093,0.463644,0.032143
ACTTTGGTCGTGCTCC-1,0.367642,0.000046,0.017483,0.000046,0.000139,0.614597,0.000046
ACTTTGTCGACGCACT-1,0.000015,0.08511,0.206292,0.245827,0.068629,0.030758,0.36337
AGAAATTATGACTCGC-1,0.000015,0.347953,0.047805,0.229171,0.239147,0.000015,0.135895
AGAACCCAGCGTGACA-1,0.000012,0.207542,0.0221,0.506203,0.11448,0.018037,0.131627
AGAACCCTCAATTGGG-1,0.508813,0.042647,0.000057,0.000028,0.000085,0.448342,0.000028
AGAACGTGGTACATTC-1,0.000794,0.159645,0.143946,0.08505,0.603139,0.000013,0.007413
AGAAGAGCGCCGTTCC-1,0.00016,0.180201,0.000535,0.320056,0.354552,0.143678,0.000819
AGAAGGTACACTTCAC-1,0.382699,0.060644,0.179453,0.004109,0.12607,0.164475,0.08255
AGAAGGTTGCCGAATT-1,0.228883,0.41345,0.102822,0.016339,0.089647,0.000827,0.148032
AGAAGGTTGTAGGTCG-1,0.151331,0.341152,0.07151,0.010888,0.00119,0.314039,0.10989
AGAAGTGATTCGTGAT-1,0.811018,0.010738,0.086595,0.017827,0.073779,0.000021,0.000021
AGAATAAATCTTCAGG-1,0.151434,0.039726,0.562478,0.00031,0.007084,0.06429,0.174678
AGAATTATGGATTCGA-1,0.000358,0.030911,0.000026,0.401542,0.493921,0.000013,0.07323
AGAATTGTTTGACATA-1,0.033025,0.368949,0.153464,0.274768,0.169725,0.000035,0.000035
AGACAGCTCAGAATCC-1,0.042255,0.052806,0.19833,0.036216,0.465018,0.07442,0.130955
AGACAGGCATCTCAGC-1,0.025638,0.009218,0.009049,0.301728,0.379062,0.000011,0.275293
AGACATAGATCCTTCC-1,0.050876,0.948438,0.000172,0.000086,0.000257,0.000086,0.000086
AGACCAAACCACACCT-1,0.68852,0.007022,0.176548,0.000032,0.050894,0.069443,0.00754
AGACCATGGGATACAA-1,0.000008,0.004817,0.099576,0.0124,0.883184,0.000008,0.000008
AGACCCACCGCTGATC-1,0.034386,0.204935,0.47546,0.067071,0.020446,0.000018,0.197683
AGACCCGCCCTCCTCG-1,0.018252,0.16554,0.279935,0.067521,0.468713,0.000019,0.000019
AGACCGCTCCGCGGTT-1,0.00001,0.331093,0.000563,0.257706,0.152567,0.041005,0.217056
AGACCGGGAAACCCTG-1,0.472174,0.334484,0.157369,0.000049,0.000147,0.000049,0.035728
AGACGAAGTGCCGGTC-1,0.003276,0.301702,0.206636,0.090217,0.313798,0.012636,0.071735
AGACGACGATGCCGCT-1,0.972667,0.027043,0.000039,0.00002,0.000059,0.000153,0.00002
