Barcode,Topic 1,Topic 2,Topic 3,Topic 4,Topic 5to6,Topic 7to9,Topic 10,Topic 11to12
AAACAAGTATCTCCCA-1,0.05814,0.000023,0.207119,0.019738,0.671446,0.006543,0.000023,0.036968
AAACACCAATAACTGC-1,0.047205,0.000043,0.004132,0.000193,0.253471,0.372932,0.051224,0.2708
AAACAGAGCGACTCCT-1,0.000019,0.011016,0.000019,0.000019,0.000039,0.045665,0.83009,0.113133
AAACAGCTTTCAGAAG-1,0.000011,0.000011,0.000011,0.000011,0.818727,0.05162,0.105289,0.024318
AAACAGGGTCTATATT-1,0.003263,0.000034,0.004498,0.000034,0.35946,0.38956,0.151824,0.091327
AAACAGTGTTCCTGGG-1,0.037264,0.000059,0.153496,0.000059,0.026451,0.267516,0.251319,0.263835
AAACATGGTGAGAGGA-1,0.020335,0.177768,0.001214,0.000019,0.209387,0.03841,0.503508,0.04936
AAACATTTCCCGGATT-1,0.41757,0.036172,0.234337,0.002481,0.000095,0.263704,0.000047,0.045593
AAACCACTACACAGAT-1,0.000027,0.000027,0.007336,0.000027,0.000054,0.731112,0.000027,0.261389
AAACCCGAACGAAATC-1,0.303165,0.002461,0.008658,0.079397,0.325535,0.000035,0.276569,0.004179
AAACCGGAAATGTTAA-1,0.051721,0.02964,0.109744,0.427753,0.092871,0.2882,0.000024,0.000048
AAACCGTTCGTCCAGG-1,0.06231,0.000128,0.000128,0.000128,0.000256,0.57349,0.000128,0.363432
AAACCTAAGCAGCCGG-1,0.035815,0.000015,0.030872,0.009218,0.550017,0.006342,0.27558,0.092142
AAACCTCATGAAGTTG-1,0.156372,0.000022,0.000022,0.000022,0.612206,0.007739,0.079417,0.144201
AAACGAAGAACATACC-1,0.000097,0.000097,0.032818,0.000097,0.156441,0.349182,0.046966,0.414302
AAACGAAGATGGAGTA-1,0.098697,0.004796,0.000032,0.000032,0.231538,0.290826,0.33244,0.041639
AAACGACAGTCTTGCC-1,0.084153,0.000027,0.079218,0.000027,0.000054,0.280212,0.000437,0.555871
AAACGAGACGGTTGAT-1,0.056162,0.039272,0.020921,0.000021,0.716529,0.167007,0.000046,0.000043
AAACGCCCGAGATCGG-1,0.063106,0.000058,0.026409,0.000058,0.044906,0.566129,0.000058,0.299277
AAACGCTGGGCACGAC-1,0.399297,0.498311,0.000011,0.032778,0.000021,0.000032,0.065568,0.003981
AAACGGGCGTACGGGT-1,0.009375,0.192113,0.026165,0.014574,0.085607,0.367909,0.284493,0.019764
AAACGGTTGCGAACTG-1,0.179766,0.000125,0.067834,0.000125,0.082348,0.653822,0.000125,0.015854
AAACGTGTTCGCCCTA-1,0.153842,0.00004,0.038399,0.00004,0.00008,0.263617,0.52029,0.023692
AAACTAACGTGGCGAC-1,0.068982,0.000039,0.018919,0.000039,0.130818,0.195002,0.213045,0.373156
AAACTCGGTTCGCAAT-1,0.000068,0.049446,0.117001,0.005474,0.002651,0.825157,0.000068,0.000136
AAACTCGTGATATAAG-1,0.139194,0.000039,0.108214,0.000039,0.242281,0.249452,0.236977,0.023805
AAACTGCTGGCTCCAA-1,0.072764,0.000025,0.000025,0.000025,0.048317,0.000075,0.813057,0.065713
AAACTTAATTGCACGC-1,0.029756,0.000035,0.258499,0.001432,0.466962,0.055326,0.000035,0.187956
AAACTTGCAAACGTAT-1,0.046278,0.000073,0.000073,0.000073,0.020806,0.716653,0.01536,0.200683
AAAGAATGACCTTAGA-1,0.199267,0.000011,0.000628,0.000011,0.775919,0.023655,0.000486,0.000022
AAAGAATGTGGACTAA-1,0.00004,0.024591,0.479209,0.276807,0.047243,0.17199,0.00004,0.000081
AAAGACCCAAGTCGCG-1,0.000126,0.000126,0.04879,0.000126,0.184226,0.252625,0.000126,0.513856
AAAGACTGGGCGCTTT-1,0.029937,0.000014,0.000014,0.000014,0.939222,0.023543,0.000558,0.006697
AAAGCTTGCCTACATA-1,0.001767,0.000022,0.061846,0.080228,0.446908,0.053226,0.286351,0.06965
AAAGGCCCTATAATAC-1,0.118079,0.000049,0.060791,0.000049,0.039358,0.336158,0.035612,0.409904
AAAGGCTACGGACCAT-1,0.000061,0.000061,0.045429,0.000061,0.037866,0.760271,0.142404,0.013848
AAAGGCTCTCGCGCCG-1,0.101983,0.000096,0.28188,0.000096,0.000192,0.615466,0.000096,0.000192
AAAGGGATGTAGCAAG-1,0.000033,0.000033,0.000033,0.000033,0.000065,0.999706,0.000033,0.000065
AAAGGGCAGCTTGAAT-1,0.105699,0.000094,0.000094,0.000094,0.173709,0.04295,0.030176,0.647183
AAAGGTAAGCTGTACC-1,0.203196,0.000043,0.025887,0.000043,0.005282,0.713968,0.004193,0.047389
AAAGTAGCATTGCTCA-1,0.076319,0.000082,0.012068,0.000082,0.177184,0.319944,0.000082,0.414238
AAAGTCACTGATGTAA-1,0.084467,0.000128,0.097576,0.000128,0.104883,0.173753,0.000128,0.538935
AAAGTCGACCCTCAGT-1,0.022723,0.000011,0.000011,0.000011,0.95884,0.018371,0.000011,0.000022
AAAGTGCCATCAATTA-1,0.489263,0.386724,0.024832,0.089655,0.009448,0.000039,0.000013,0.000026
AAAGTGTGATTTATCT-1,0.005497,0.000056,0.380864,0.000056,0.080702,0.393641,0.130308,0.008877
AAAGTTGACTCCCGTA-1,0.001043,0.099554,0.007101,0.014184,0.154236,0.099846,0.548703,0.075333
AAATAACCATACGGGA-1,0.000055,0.000055,0.053912,0.000055,0.000109,0.792257,0.000055,0.153504
AAATAAGGTAGTGCCC-1,0.174664,0.122805,0.134381,0.000038,0.000077,0.210927,0.288158,0.06895
AAATACCTATAAGCAT-1,0.113354,0.051415,0.038048,0.000039,0.244363,0.552666,0.000039,0.000078
AAATAGCTTAGACTTT-1,0.129267,0.000031,0.107375,0.045462,0.050226,0.207976,0.429753,0.029909
AAATAGGGTGCTATTG-1,0.000013,0.000013,0.064135,0.002384,0.834276,0.099141,0.000013,0.000025
AAATCCGATACACGCC-1,0.004341,0.013532,0.146935,0.021121,0.56002,0.206274,0.019261,0.028514
AAATCGCGGAAGGAGT-1,0.000033,0.032555,0.000033,0.000033,0.227612,0.091442,0.483277,0.165015
AAATCGTGTACCACAA-1,0.094371,0.000059,0.000059,0.000059,0.001098,0.705969,0.167694,0.030691
AAATCTAGCCCTGCTA-1,0.000045,0.116609,0.37353,0.065842,0.141642,0.300277,0.001928,0.000127
AAATCTGCCCGCGTCC-1,0.134871,0.000031,0.110412,0.005282,0.021334,0.219931,0.503335,0.004804
AAATGACTGATCAAAC-1,0.008334,0.008334,0.008334,0.008334,0.016668,0.493273,0.008334,0.448391
AAATGATTCGATCAGC-1,0.082241,0.031687,0.156972,0.000046,0.093065,0.32298,0.250219,0.06279
AAATGCTCGTTACGTT-1,0.081671,0.000068,0.000068,0.000068,0.000135,0.204851,0.051904,0.661237
AAATGGCATGTCTTGT-1,0.055581,0.000057,0.007315,0.000057,0.238594,0.575896,0.000057,0.122444
AAATGGCCCGTGCCCT-1,0.019367,0.000024,0.000024,0.000024,0.61804,0.081366,0.260711,0.020446
AAATGGTCAATGTGCC-1,0.000065,0.000065,0.035193,0.000065,0.106715,0.728618,0.017371,0.111908
AAATGTATCTTATCCC-1,0.469113,0.000031,0.000031,0.000031,0.257266,0.273433,0.000031,0.000062
AAATTAACGGGTAGCT-1,0.000058,0.000058,0.000058,0.000058,0.000117,0.651464,0.223203,0.124984
AAATTAATAAGCGCGA-1,0.264773,0.000017,0.015529,0.000017,0.309599,0.293331,0.097255,0.019479
AAATTACACGACTCTG-1,0.000049,0.000049,0.000739,0.000049,0.000098,0.757391,0.19999,0.041637
AAATTACCTATCGATG-1,0.000025,0.0018,0.004385,0.020512,0.439145,0.176298,0.24886,0.108974
AAATTCCAGGTCCAAA-1,0.185197,0.011853,0.348724,0.004861,0.002406,0.286907,0.146395,0.013656
AAATTGATAGTCCTTT-1,0.116602,0.025891,0.000084,0.000084,0.109981,0.289535,0.000084,0.457739
AAATTGCGGCGGTTCT-1,0.000248,0.000248,0.230749,0.000248,0.392337,0.035962,0.030786,0.309421
AAATTGGTGAGAAGCA-1,0.11763,0.000063,0.384921,0.000063,0.000126,0.497008,0.000063,0.000126
AAATTTACCGAAATCC-1,0.000048,0.000048,0.000048,0.000048,0.01096,0.529924,0.098347,0.360578
AAATTTGCGGGTGTGG-1,0.000107,0.000107,0.047051,0.000107,0.000214,0.61096,0.000107,0.341346
AACAACTGGTAGTTGC-1,0.000106,0.000106,0.000106,0.000106,0.045824,0.681192,0.000106,0.272453
AACAATACATTGTCGA-1,0.000109,0.042766,0.053302,0.000109,0.048344,0.448986,0.000109,0.406274
AACAATTACTCTACGC-1,0.113758,0.048197,0.000063,0.000063,0.155136,0.000188,0.019055,0.663539
AACACACGCTCGCCGC-1,0.265001,0.000052,0.521281,0.000052,0.000829,0.123093,0.000052,0.089639
AACACGACTGTACTGA-1,0.000055,0.000055,0.000055,0.000055,0.000109,0.297062,0.069861,0.632749
AACACGAGACGCGGCC-1,0.000057,0.000057,0.000057,0.03612,0.013892,0.295716,0.130868,0.523232
AACAGCTGTGTGGCAA-1,0.243747,0.000062,0.000062,0.000062,0.200484,0.215993,0.06198,0.277611
AACAGGAAATCGAATA-1,0.000051,0.000051,0.000051,0.000051,0.000102,0.964656,0.000051,0.034987
AACAGGTAGTATGGAT-1,0.000049,0.000049,0.08557,0.296297,0.000099,0.617787,0.000049,0.000099
AACATAGCGTGTATCG-1,0.000047,0.000047,0.000047,0.000047,0.179234,0.203438,0.433307,0.183835
AACATATCAACTGGTG-1,0.028712,0.000041,0.16565,0.028163,0.243436,0.389365,0.004731,0.139902
AACATCGATACGTCTA-1,0.217172,0.000049,0.147621,0.000049,0.26733,0.367629,0.000049,0.000101
AACATTGAAGTTGATC-1,0.063966,0.024068,0.000056,0.014128,0.000113,0.000169,0.356909,0.54059
AACATTGGTCAGCCGT-1,0.113116,0.000288,0.000288,0.000288,0.404652,0.284124,0.000288,0.196955
AACATTGTGACTCGAG-1,0.00004,0.00004,0.00004,0.00004,0.019885,0.288982,0.576637,0.114337
AACCAAGACTTCTCTG-1,0.197069,0.000067,0.000067,0.000067,0.000134,0.442805,0.000067,0.359725
AACCAGTATCACTCTT-1,0.000046,0.000046,0.000046,0.000046,0.000092,0.52706,0.121176,0.351488
AACCATAGGGTTGAAC-1,0.02139,0.000015,0.000716,0.000015,0.605411,0.002321,0.342911,0.027223
AACCCATCCCATGATC-1,0.04171,0.00002,0.00002,0.00002,0.854801,0.017377,0.067914,0.018138
AACCCGACAACCCGTG-1,0.00004,0.00004,0.00004,0.00004,0.24997,0.117768,0.549261,0.082838
AACCCGAGCAGAATCG-1,0.000032,0.017588,0.495631,0.184652,0.089356,0.212645,0.000032,0.000064
AACCCGATAGGGCTTC-1,0.044022,0.000038,0.027262,0.000038,0.001666,0.579554,0.223513,0.123906
AACCCGCTGTATTCCA-1,0.000076,0.000076,0.000076,0.000076,0.323424,0.232609,0.0916,0.352065
AACCCTACTGTCAATA-1,0.151726,0.027211,0.14537,0.009484,0.275753,0.187133,0.119258,0.084064
AACCCTGGTGGAACCA-1,0.035247,0.000063,0.000063,0.018462,0.000127,0.786366,0.000063,0.159609
AACCGAGCTTGGTCAT-1,0.000066,0.000066,0.072366,0.000066,0.012143,0.879718,0.035442,0.000133
AACCGCTAAGGGATGC-1,0.368388,0.028917,0.19339,0.000038,0.000076,0.409078,0.000038,0.000076
AACCGTTGTGTTTGCT-1,0.04343,0.00007,0.004801,0.00007,0.242232,0.595135,0.00007,0.114194
AACCTCGCTTTAGCCC-1,0.020373,0.00004,0.13802,0.00004,0.554489,0.286918,0.00004,0.00008
AACCTGTCACGGAATT-1,0.050719,0.000038,0.150878,0.071736,0.000077,0.258053,0.467405,0.001094
AACCTTTAAATACGGT-1,0.000044,0.000044,0.122829,0.09838,0.130967,0.593348,0.054299,0.000089
AACCTTTACGACGTCT-1,0.04046,0.000058,0.130859,0.000058,0.191389,0.562618,0.000058,0.074499
AACGAAAGTCGTCCCA-1,0.0072,0.00004,0.04013,0.003172,0.030638,0.398981,0.463488,0.056351
AACGACCTCCTAGCCG-1,0.000024,0.890858,0.037397,0.043337,0.000048,0.028264,0.000024,0.000048
AACGATAATGCCGTAG-1,0.000028,0.00483,0.098591,0.017537,0.516647,0.286803,0.075306,0.000259
AACGATAGAAGGGCCG-1,0.000097,0.000097,0.000097,0.000097,0.000193,0.636325,0.000097,0.362999
AACGATATGTCAACTG-1,0.027991,0.021446,0.080632,0.000053,0.040933,0.447421,0.287066,0.094458
AACGCATGATCTGGGT-1,0.10892,0.025569,0.003461,0.000037,0.000075,0.861826,0.000037,0.000075
AACGCGACCTTGGGCG-1,0.000079,0.000079,0.164722,0.000079,0.025992,0.808813,0.000079,0.000158
AACGCGGTCTCCAGCC-1,0.202533,0.000084,0.077361,0.000084,0.00055,0.692752,0.000084,0.026551
AACGCTGTTGCTGAAA-1,0.041158,0.000054,0.177106,0.088972,0.076869,0.410873,0.195531,0.009438
AACGGACGTACGTATA-1,0.000043,0.000043,0.082111,0.222744,0.081198,0.377537,0.230121,0.006203
AACGGCCATCTCCGGT-1,0.000079,0.000079,0.000079,0.072186,0.015581,0.496329,0.003864,0.411803
AACGTACTGTGGGTAC-1,0.000104,0.000104,0.000104,0.000104,0.050819,0.580366,0.147234,0.221166
AACGTCAGACTAGTGG-1,0.000074,0.000074,0.000074,0.021341,0.000148,0.362643,0.020897,0.594749
AACGTCATCCGGCTTG-1,0.011905,0.011905,0.011905,0.011905,0.880946,0.035716,0.011906,0.023811
AACGTCGCTGCACTTC-1,0.362854,0.245589,0.025781,0.180111,0.000098,0.037235,0.130303,0.018029
AACGTGATGAAGGACA-1,0.002288,0.000045,0.00469,0.000045,0.110165,0.7717,0.04929,0.061777
AACGTGCGAAAGTCTC-1,0.116986,0.000052,0.070185,0.000052,0.000409,0.748376,0.022194,0.041746
AACGTTATCAGCACCT-1,0.081774,0.00002,0.00002,0.00002,0.720103,0.098106,0.086209,0.013746
AACGTTCTACCATTGT-1,0.000108,0.84864,0.000108,0.000108,0.000216,0.000323,0.000108,0.15039
AACTACCCGTTTGTCA-1,0.000035,0.000035,0.434584,0.070721,0.337243,0.111871,0.000035,0.045477
AACTAGCGTATCGCAC-1,0.000191,0.000191,0.000191,0.028169,0.287071,0.16835,0.000191,0.515648
AACTAGGCTTGGGTGT-1,0.006094,0.000057,0.322501,0.000057,0.161587,0.423264,0.060749,0.025691
AACTCAAGTTAATTGC-1,0.067854,0.000048,0.024162,0.000048,0.156003,0.423448,0.057934,0.270504
AACTCCAGAGCGTGTT-1,0.000045,0.000045,0.015798,0.08639,0.073738,0.422277,0.335024,0.066682
AACTCCTAATCCCATG-1,0.059831,0.000061,0.000061,0.000061,0.000122,0.803251,0.087571,0.049041
AACTCTCAATAGAGCG-1,0.000023,0.000023,0.000023,0.000023,0.790205,0.171146,0.008497,0.03006
AACTCTCAGTGTGCTC-1,0.000083,0.000083,0.000568,0.000083,0.006726,0.371552,0.280224,0.340681
AACTGAGGTCAGCGTC-1,0.000061,0.000061,0.000061,0.000061,0.176698,0.499145,0.135904,0.188009
AACTGAGTTATACTGA-1,0.021178,0.059039,0.024462,0.40819,0.000046,0.135074,0.338566,0.013445
AACTGATATTAGGCCT-1,0.019268,0.000053,0.000053,0.000053,0.076286,0.625786,0.112265,0.166236
AACTGGGTCCCGACGT-1,0.000049,0.013559,0.000495,0.000049,0.098735,0.700092,0.089761,0.09726
AACTGGGTTCGAGCCG-1,0.000082,0.000082,0.222585,0.000082,0.000163,0.207147,0.000082,0.569779
AACTGGTGTGGGCCTT-1,0.018201,0.000228,0.1497,0.000228,0.272811,0.124432,0.076566,0.357833
AACTTCTGCGTCTATC-1,0.000035,0.000035,0.000035,0.000035,0.363255,0.198543,0.022697,0.415366
AACTTGCGTTCTCGCG-1,0.000064,0.000064,0.000064,0.019677,0.104542,0.033394,0.086548,0.755647
AACTTTACGGGAGCTT-1,0.000022,0.000022,0.000022,0.002382,0.645483,0.352005,0.000022,0.000043
AACTTTAGCTGCTGAG-1,0.000171,0.000171,0.000171,0.000171,0.263337,0.357789,0.000171,0.378019
AACTTTCTCGATCATG-1,0.290603,0.000051,0.384096,0.000051,0.000102,0.238208,0.071111,0.015778
AAGAAAGTTTGATGGG-1,0.000062,0.000062,0.000062,0.000062,0.153149,0.52696,0.167072,0.152571
AAGAAATCACCAGATT-1,0.249045,0.000029,0.036844,0.000029,0.13348,0.238402,0.342115,0.000057
AAGACATACGTGGTTT-1,0.02214,0.166193,0.041056,0.476476,0.008595,0.004135,0.269528,0.011875
AAGACCAAATAACTCA-1,0.000624,0.011461,0.024019,0.019332,0.073355,0.404651,0.386681,0.079877
AAGACCCAACTGAACA-1,0.044676,0.000036,0.056789,0.018884,0.129901,0.228752,0.190717,0.330245
AAGACTGCAAGCTACT-1,0.016675,0.000049,0.000762,0.032618,0.311804,0.466294,0.10327,0.068528
AAGAGATGAATCGGTA-1,0.262076,0.000151,0.000151,0.000151,0.135396,0.000453,0.000151,0.601471
AAGAGCTCTTTATCGG-1,0.09685,0.000048,0.13067,0.000048,0.444298,0.32379,0.000048,0.004249
AAGAGGATGTACGCGA-1,0.095775,0.031996,0.00008,0.00008,0.247536,0.082424,0.013278,0.528831
AAGAGGCATGGATCGC-1,0.014825,0.00004,0.119948,0.00004,0.05698,0.514249,0.141989,0.151928
AAGAGGCCCTTTGGAA-1,0.004574,0.000032,0.228315,0.391403,0.029445,0.173682,0.151797,0.020753
AAGATGGCACCGGACC-1,0.019655,0.000117,0.000117,0.049082,0.000233,0.685747,0.000117,0.244933
AAGATTGGCGGAACGT-1,0.000025,0.000025,0.000025,0.009763,0.490715,0.22505,0.211278,0.063119
AAGCACCCTGCGTATC-1,0.044271,0.000062,0.078564,0.032915,0.088722,0.660535,0.061457,0.033475
AAGCATACTCTCCTGA-1,0.000043,0.031781,0.056165,0.028448,0.156597,0.590372,0.132967,0.003629
AAGCCACTTGCAGGTA-1,0.066603,0.000072,0.08735,0.000072,0.220013,0.157092,0.088853,0.379945
AAGCCGAAGCGGTTTA-1,0.057422,0.03743,0.533849,0.034335,0.000134,0.236159,0.005105,0.095567
AAGCCGCCGTGAAATC-1,0.049232,0.058079,0.000023,0.008864,0.144188,0.005133,0.281928,0.452553
AAGCCGCTTTACCTTG-1,0.051357,0.000044,0.110402,0.038883,0.229377,0.412122,0.156134,0.001681
AAGCCGGAGAGCAGGA-1,0.006787,0.756214,0.008243,0.067636,0.000031,0.008159,0.114645,0.038286
AAGCGCAGGGCTTTGA-1,0.000085,0.043121,0.275534,0.000085,0.090771,0.59015,0.000085,0.00017
AAGCGGAGTGCGCGCA-1,0.002847,0.000032,0.009334,0.011188,0.000064,0.328528,0.594478,0.053529
AAGCGGCGTCATGGGT-1,0.000061,0.000061,0.000061,0.000061,0.025902,0.876774,0.000061,0.09702
AAGCGTCCCTCATCGA-1,0.000141,0.000141,0.058161,0.000141,0.120238,0.450727,0.000141,0.370312
AAGCTAGATCGAGTAA-1,0.000052,0.001068,0.158611,0.048946,0.114858,0.596004,0.023537,0.056925
AAGCTATGGATTGACC-1,0.041668,0.041668,0.041669,0.541643,0.083336,0.125011,0.041668,0.083338
AAGCTCGTGCCAAGTC-1,0.000071,0.000071,0.024608,0.042709,0.027524,0.821377,0.074485,0.009156
AAGCTCTTTCATGGTG-1,0.164123,0.044899,0.348157,0.000096,0.103249,0.246289,0.000096,0.093091
AAGGAGCGGTTGGTGC-1,0.158378,0.000092,0.000092,0.000092,0.000183,0.739715,0.000092,0.101358
AAGGATCGATCGCTTG-1,0.00004,0.00004,0.071674,0.097944,0.000081,0.51135,0.261956,0.056915
AAGGATGAGGGACCTC-1,0.045393,0.01196,0.108337,0.000043,0.269946,0.421213,0.060483,0.082626
AAGGCAGGCTGTCTCC-1,0.025805,0.018713,0.342257,0.042931,0.000084,0.238255,0.192537,0.139417
AAGGCGCGTAAAGCTT-1,0.000078,0.000078,0.000712,0.022599,0.047266,0.318132,0.000078,0.611056
AAGGCTGTGCTCATCG-1,0.000062,0.000062,0.016193,0.000062,0.137169,0.369633,0.220543,0.256275
AAGGGAACGACTGGCT-1,0.088646,0.000021,0.005139,0.000021,0.456866,0.012839,0.001937,0.434531
AAGGGACAGATTCTGT-1,0.00659,0.000646,0.013958,0.024661,0.40901,0.203801,0.155395,0.185939
AAGGGACTATGCATTC-1,0.039262,0.000071,0.061108,0.014595,0.172001,0.189824,0.037122,0.486018
AAGGGTTAGCCATGCG-1,0.000144,0.423215,0.000144,0.267793,0.000288,0.155791,0.000144,0.152481
AAGGGTTTGATTTCAG-1,0.008529,0.025429,0.265612,0.000067,0.215186,0.448214,0.036827,0.000135
AAGGTATCCTAATATA-1,0.00003,0.00003,0.00003,0.00003,0.020955,0.082459,0.812137,0.08433
AAGGTGATAAACCAGC-1,0.00003,0.035913,0.052876,0.012361,0.095541,0.174015,0.589268,0.039996
AAGTAGAAGACCGGGT-1,0.062954,0.000024,0.000024,0.000024,0.344753,0.000072,0.016555,0.575593
AAGTAGTGACGCGAGG-1,0.113467,0.000135,0.000135,0.000135,0.301411,0.032743,0.000135,0.551838
AAGTCAATTGTCGTCA-1,0.176646,0.000046,0.382865,0.004615,0.03363,0.344045,0.044431,0.013721
AAGTCTAGTAGCTGCC-1,0.130815,0.000035,0.180279,0.000035,0.423878,0.264852,0.000035,0.000071
AAGTCTTCTGTGGCCT-1,0.00083,0.000026,0.060857,0.000026,0.724554,0.213628,0.000026,0.000053
AAGTGACGACCGAATT-1,0.00008,0.00008,0.036782,0.00008,0.098523,0.405251,0.0143,0.444903
AAGTGAGTCGGGTTTA-1,0.000052,0.000052,0.000052,0.000052,0.021717,0.446161,0.324376,0.20754
AAGTGCAAAGGTAGAC-1,0.048724,0.000014,0.000014,0.000014,0.502678,0.032903,0.373328,0.042325
AAGTGCCTTGACTGTA-1,0.113598,0.000044,0.185835,0.051005,0.193613,0.094177,0.361641,0.000088
AAGTGCGTTAGAATCT-1,0.043954,0.000071,0.000071,0.000071,0.134933,0.404018,0.000071,0.416811
AAGTGCTTCTCTATTG-1,0.000109,0.000109,0.029334,0.08188,0.000218,0.525289,0.000109,0.362953
AAGTGTTTGGAGACGG-1,0.000033,0.000033,0.053144,0.078843,0.159946,0.646207,0.000033,0.061762
AAGTTCACTCCAAGCT-1,0.187521,0.000042,0.306735,0.000042,0.200155,0.276952,0.028468,0.000085
AAGTTCAGTCTGCGTA-1,0.000054,0.000054,0.008669,0.005079,0.019611,0.555022,0.345936,0.065575
AAGTTCGGCCAACAGG-1,0.000072,0.029073,0.079405,0.000072,0.000143,0.173442,0.000072,0.717723
AAGTTGTGATGTTATA-1,0.072507,0.000018,0.099267,0.141048,0.27371,0.000054,0.384407,0.02899
AAGTTTACTAATGGCA-1,0.000169,0.039593,0.000169,0.000169,0.187361,0.511597,0.000169,0.260773
AAGTTTATGGGCCCAA-1,0.081006,0.021117,0.310754,0.00006,0.0784,0.508485,0.00006,0.00012
AATAACAACGCTCGGC-1,0.101925,0.000089,0.000089,0.000089,0.260122,0.110633,0.096959,0.430095
AATAACACTAGAACAA-1,0.010813,0.000055,0.004549,0.000055,0.00011,0.600547,0.000055,0.383816
AATAACGTCGCGCCCA-1,0.000047,0.295937,0.000047,0.048145,0.485921,0.006253,0.000047,0.163604
AATAAGTCCTCGAGAC-1,0.103696,0.000044,0.000044,0.026053,0.000089,0.073634,0.019474,0.776966
AATAATCTTCGTATCG-1,0.000031,0.223347,0.237572,0.309552,0.000061,0.229328,0.000031,0.000078
AATACAATGTTTCAGG-1,0.054565,0.000046,0.014252,0.000046,0.112592,0.567194,0.008008,0.243295
AATACCGGAGGGCTGT-1,0.000069,0.000069,0.000069,0.007139,0.000138,0.510436,0.001854,0.480227
AATACCTGATGTGAAC-1,0.227112,0.000048,0.174524,0.063854,0.250865,0.24842,0.012483,0.022695
AATAGAACAGAGTGGC-1,0.142531,0.000057,0.045205,0.000057,0.311084,0.297674,0.129281,0.074111
AATAGAATCTGTTTCA-1,0.000263,0.00721,0.249491,0.000036,0.407801,0.335093,0.000036,0.000071
AATAGCAAGCCTCCTG-1,0.153205,0.000045,0.000045,0.000045,0.27208,0.014746,0.178008,0.381827
AATAGCTACCGCGTGC-1,0.000037,0.000037,0.189451,0.000037,0.509182,0.193377,0.035372,0.072506
AATAGGCACGACCCTT-1,0.041668,0.041668,0.041667,0.041667,0.083336,0.125005,0.041667,0.583322
AATAGTCCGTCCCGAC-1,0.239831,0.00006,0.148663,0.00006,0.028809,0.452748,0.12971,0.00012
AATAGTCGCGAGTCGG-1,0.00106,0.000025,0.000025,0.000025,0.458955,0.534138,0.001073,0.0047
AATATCCTAGCAAACT-1,0.001089,0.00001,0.00001,0.00001,0.756641,0.002813,0.239406,0.000021
AATATCGAATCAATGC-1,0.055374,0.001742,0.338313,0.179934,0.000067,0.01418,0.4033,0.007088
AATATCGAGGGTTCTC-1,0.000089,0.000089,0.213407,0.000089,0.094247,0.572629,0.000089,0.119362
AATATTGGAGTATTGA-1,0.000053,0.000053,0.000053,0.02037,0.000106,0.008857,0.261815,0.708693
AATCAGGTTTCATTTA-1,0.095559,0.000049,0.000049,0.000049,0.027793,0.000147,0.113232,0.763122
AATCATGTAAAGACTC-1,0.233276,0.025712,0.269779,0.012365,0.016554,0.130578,0.307941,0.003794
AATCCAAGGGCCTGAG-1,0.064685,0.000076,0.000076,0.007643,0.000152,0.233931,0.000076,0.69336
AATCCCGCTCAGAGCC-1,0.004167,0.004167,0.004167,0.004167,0.008334,0.962498,0.004167,0.008334
AATCGAGGTCTCAAGG-1,0.003788,0.003788,0.003788,0.385477,0.580431,0.011364,0.003788,0.007576
AATCGCCTCAGCGCCA-1,0.002287,0.00004,0.101532,0.022394,0.35762,0.450466,0.064991,0.00067
AATCGCGCAGAGGACT-1,0.014952,0.000029,0.041846,0.117843,0.000059,0.103284,0.644248,0.077739
AATCGGGACACTACGA-1,0.000141,0.000141,0.001532,0.000141,0.097366,0.482205,0.072448,0.346027
AATCGGTATAGCCCTC-1,0.096543,0.031326,0.041272,0.485754,0.262218,0.082796,0.00003,0.00006
AATCGTGAGCCGAGCA-1,0.00029,0.000048,0.034792,0.017545,0.224714,0.560121,0.158931,0.00356
AATCTAGGTTTACTTG-1,0.000019,0.000019,0.000019,0.000019,0.835455,0.000106,0.138026,0.026338
AATCTATGCCGGAGCC-1,0.06589,0.025264,0.080813,0.036892,0.009198,0.138109,0.567335,0.076499
AATCTCTACTGTGGTT-1,0.072792,0.000014,0.000014,0.000014,0.804601,0.000325,0.048552,0.073688
AATCTGCGTTGGGACG-1,0.094985,0.000051,0.131506,0.000051,0.137108,0.417452,0.138345,0.080501
AATCTGGCTTTCTAGT-1,0.053979,0.000028,0.000028,0.000028,0.715849,0.052149,0.07148,0.10646
AATCTGGGTAGACCCT-1,0.000054,0.000054,0.000054,0.025771,0.000109,0.683213,0.000054,0.29069
AATGACAGCAATGTCT-1,0.206483,0.000828,0.000069,0.000069,0.000138,0.792206,0.000069,0.000138
AATGACGTAGGATGTC-1,0.000044,0.000044,0.011993,0.03142,0.033356,0.715018,0.187564,0.020562
AATGACTGTCAGCCGG-1,0.000081,0.000081,0.000081,0.000081,0.102831,0.799565,0.000081,0.097198
AATGAGTTCGCATATG-1,0.000078,0.016253,0.000078,0.000078,0.000156,0.477923,0.000078,0.505357
AATGATGATACGCTAT-1,0.048358,0.000048,0.079879,0.000048,0.415341,0.437523,0.018707,0.000096
AATGATGCGACTCCTG-1,0.000054,0.000054,0.29226,0.004305,0.161989,0.541176,0.000054,0.000108
AATGCAACCGGGTACC-1,0.254789,0.000078,0.018463,0.000078,0.000157,0.726198,0.000078,0.000157
AATGCACCAAGCAATG-1,0.193316,0.000033,0.01421,0.000033,0.410539,0.372013,0.003569,0.006286
AATGGCCGCCAATGCG-1,0.281465,0.000084,0.000084,0.000084,0.063682,0.295022,0.20241,0.157169
AATGGTCCACCGTTCA-1,0.000021,0.000021,0.000021,0.000021,0.769534,0.230322,0.000021,0.000041
AATGTATGGCACTGTA-1,0.000026,0.000026,0.070527,0.016412,0.407883,0.138369,0.321375,0.045382
AATGTGCCCGAGGTGT-1,0.176015,0.044153,0.000111,0.000111,0.028764,0.407645,0.000111,0.343088
AATGTGCTAATCTGAG-1,0.160809,0.019191,0.000059,0.000059,0.326286,0.063078,0.026424,0.404095
AATGTTAAGACCCTGA-1,0.00009,0.00009,0.00009,0.057837,0.328974,0.576326,0.011995,0.024599
AATGTTGTCGTGAGAC-1,0.309687,0.042118,0.052496,0.101498,0.4341,0.059172,0.000013,0.000916
AATTAAAGGTCGGCGT-1,0.000055,0.000055,0.042503,0.000055,0.178694,0.705618,0.054649,0.018373
AATTAACGGATTTCCA-1,0.000079,0.000079,0.000079,0.039557,0.163699,0.796272,0.000079,0.000157
AATTACGAGACCCATC-1,0.000057,0.000057,0.046554,0.046702,0.08281,0.364081,0.414597,0.045142
AATTACTCGTACGCTC-1,0.000028,0.000028,0.000028,0.011077,0.529127,0.219575,0.161511,0.078627
AATTAGCGCTGCAGCG-1,0.00006,0.00006,0.036556,0.00006,0.033299,0.728265,0.201582,0.000119
AATTATACCCAGCAAG-1,0.000068,0.026817,0.000068,0.000068,0.429695,0.323771,0.035119,0.184395
AATTCATAAGGGATCT-1,0.000056,0.000056,0.044113,0.000056,0.073444,0.697685,0.172717,0.011872
AATTCATTGTCATGCA-1,0.105933,0.000064,0.222404,0.015692,0.109296,0.482752,0.063732,0.000128
AATTCCAAGCATGTAC-1,0.252409,0.000101,0.01854,0.000101,0.000203,0.728342,0.000101,0.000203
AATTCGATTCGAGGAT-1,0.115414,0.037642,0.030642,0.000033,0.291982,0.186332,0.309173,0.028782
AATTCTAGAGTTAGGC-1,0.000073,0.000073,0.000073,0.000073,0.02006,0.530347,0.236897,0.212404
AATTGAACGCTCTGGT-1,0.000048,0.000048,0.262625,0.025606,0.087499,0.622724,0.000048,0.001401
AATTGCAGCAATCGAC-1,0.054896,0.000029,0.183664,0.27882,0.11924,0.234606,0.000029,0.128715
AATTGCGTGGATTACA-1,0.02006,0.000045,0.050817,0.008955,0.267918,0.496252,0.137398,0.018554
AATTGTGGTTGCCAAA-1,0.004301,0.240734,0.219113,0.4906,0.000039,0.011653,0.003058,0.030502
AATTTGGGACATAGTA-1,0.144733,0.000125,0.000125,0.000125,0.022267,0.587322,0.080884,0.164419
AATTTGGTTCCAAAGA-1,0.00007,0.00007,0.00007,0.00007,0.00014,0.621195,0.050044,0.328341
ACAAACCATGCGTCCT-1,0.186044,0.011706,0.067149,0.002148,0.429862,0.198042,0.040071,0.064978
ACAAACTCCATCAGAG-1,0.006411,0.006411,0.006411,0.359126,0.583179,0.019232,0.006411,0.012821
ACAAAGAAGGTAGGCC-1,0.000029,0.000029,0.007663,0.002802,0.201344,0.746727,0.01752,0.023887
ACAAAGCATGACCTAG-1,0.029951,0.015247,0.230343,0.148245,0.141987,0.41355,0.020331,0.000346
ACAAATCGCACCGAAT-1,0.002634,0.048568,0.126493,0.0025,0.219052,0.397683,0.182263,0.020808
ACAAATGGTAGTGTTT-1,0.011467,0.000127,0.142353,0.019359,0.257839,0.092929,0.433732,0.042195
ACAAATTCAGATCTGA-1,0.000045,0.000045,0.001133,0.000045,0.119644,0.80285,0.022338,0.0539
ACAACAGCATGAGCTA-1,0.007351,0.000053,0.121429,0.000053,0.139972,0.714259,0.000053,0.016831
ACAAGCTATATGGAAG-1,0.007623,0.000022,0.022944,0.02856,0.63843,0.296708,0.005671,0.000043
ACAAGGAAATCCGCCC-1,0.000027,0.002431,0.01645,0.010904,0.125973,0.209127,0.507496,0.127591
ACAAGGACAAGAGGTT-1,0.006953,0.000054,0.001644,0.054076,0.000108,0.112092,0.116723,0.70835
ACAAGGATGCTTTAGG-1,0.000021,0.000021,0.097395,0.035926,0.684397,0.166452,0.000021,0.015766
ACAAGGCCTACCAGCC-1,0.00005,0.00005,0.00005,0.00005,0.000099,0.210842,0.498981,0.28988
ACAAGGGCAGGCTCTG-1,0.106826,0.039461,0.295172,0.00004,0.065759,0.418817,0.070219,0.003706
ACAAGTAATTGTAAGG-1,0.041667,0.041667,0.041667,0.041668,0.58332,0.125003,0.04167,0.083338
ACAATAGTCGTACGTT-1,0.00009,0.00009,0.00009,0.00009,0.003391,0.665913,0.00009,0.330245
ACAATCCATTTAAACC-1,0.100135,0.029971,0.000094,0.050726,0.000188,0.244469,0.000094,0.574325
ACAATGAATACGGAGA-1,0.048714,0.000092,0.000092,0.000092,0.269702,0.398163,0.065306,0.217839
ACAATGATTCTTCTAC-1,0.12097,0.000045,0.038836,0.000045,0.000624,0.494152,0.328765,0.016562
ACAATTGTGTCTCTTT-1,0.19025,0.016071,0.373339,0.000048,0.104861,0.078255,0.237079,0.000097
ACAATTTAGGAGGCTC-1,0.000997,0.00002,0.019292,0.00002,0.779609,0.039331,0.056925,0.103806
ACAATTTGAGCAGTGG-1,0.000059,0.000059,0.109553,0.000059,0.233041,0.620006,0.000059,0.037164
ACAATTTGGCCATATT-1,0.05747,0.033243,0.270194,0.097405,0.204652,0.254823,0.060613,0.0216
ACACAAAGACGGGTGG-1,0.000076,0.000076,0.027791,0.000076,0.000152,0.971603,0.000076,0.000152
ACACAAATATTCCTAG-1,0.004886,0.000035,0.008813,0.015372,0.000767,0.229071,0.63603,0.105026
ACACACCAGGACCAGT-1,0.00003,0.00003,0.00003,0.059966,0.026905,0.048054,0.773149,0.091834
ACACACTTTCTACACG-1,0.000068,0.000068,0.000068,0.000068,0.1884,0.33968,0.277351,0.194297
ACACATGATCAAATCT-1,0.129373,0.000039,0.14517,0.000039,0.438543,0.282752,0.001117,0.002968
ACACATTGACGCAACA-1,0.00003,0.00003,0.00003,0.00003,0.034104,0.517366,0.076858,0.371555
ACACATTTCCGTAGAC-1,0.115943,0.000062,0.063462,0.076444,0.171217,0.247762,0.272848,0.052262
ACACCACATAATTAGC-1,0.147424,0.000038,0.321714,0.000038,0.138998,0.276164,0.11555,0.000075
ACACCCAGCATGCAGC-1,0.000068,0.000068,0.000068,0.000068,0.227094,0.500162,0.114992,0.157479
ACACCCGAGAAATCCG-1,0.048774,0.014804,0.000262,0.000262,0.117652,0.000786,0.000262,0.817197
ACACCGAGCGCTCTTT-1,0.000024,0.000024,0.000024,0.000024,0.228217,0.759733,0.011317,0.000638
ACACCGGTCTGACCGC-1,0.13061,0.000031,0.123429,0.000031,0.492314,0.251805,0.001717,0.000063
ACACCTTAAGTAGGGC-1,0.000129,0.000129,0.000129,0.000129,0.165127,0.563699,0.000129,0.27053
ACACCTTACTACTTGC-1,0.000059,0.000059,0.406031,0.034887,0.015752,0.514519,0.028575,0.000118
ACACGAGACTCCTTCT-1,0.118312,0.000052,0.031488,0.000052,0.016275,0.728451,0.105268,0.000103
ACACGGCACTATGCAT-1,0.000059,0.000059,0.000059,0.000059,0.000118,0.67033,0.000059,0.329257
ACACGGGAACTTAGGG-1,0.000066,0.000066,0.000066,0.000066,0.007267,0.727747,0.051805,0.212918
ACACGTAGGCCACAAG-1,0.163329,0.164474,0.167694,0.023399,0.481018,0.000039,0.000013,0.000034
ACACTCCAATGTCACT-1,0.000059,0.000059,0.000059,0.000059,0.175315,0.309271,0.038126,0.47705
ACACTGATCAAGGTGT-1,0.075949,0.000062,0.015376,0.000062,0.415882,0.181544,0.201851,0.109274
ACACTGGGACAGTCGT-1,0.030844,0.036191,0.160908,0.509804,0.138434,0.087902,0.030762,0.005155
ACAGAACTGAGAACAA-1,0.027657,0.017188,0.017526,0.009377,0.128152,0.083207,0.040027,0.676866
ACAGATTAGGTTAGTG-1,0.000188,0.000188,0.000188,0.010814,0.11562,0.282405,0.000188,0.59041
ACAGCATAGAGCCAGT-1,0.000071,0.000071,0.000071,0.000071,0.000142,0.000212,0.045459,0.953903
ACAGCGACATTCTCAT-1,0.185356,0.000022,0.025657,0.049493,0.601603,0.008963,0.099211,0.029695
ACAGCGCACCCGCAGC-1,0.000035,0.000035,0.000035,0.000035,0.176474,0.550382,0.097135,0.175868
ACAGGAGGCGCAGCCG-1,0.126847,0.000129,0.000129,0.000129,0.399941,0.285316,0.000129,0.187381
ACAGGCACGGATCCTT-1,0.108142,0.000031,0.261301,0.051692,0.167725,0.411018,0.000031,0.000061
ACAGGCTTGCCCGACT-1,0.000043,0.000043,0.314366,0.060139,0.295307,0.329875,0.00014,0.000086
ACAGGTGGAGGTGAGG-1,0.000106,0.000106,0.0506,0.000106,0.000212,0.833179,0.000106,0.115585
ACAGGTGTGTTGTTGC-1,0.000041,0.000041,0.037899,0.000041,0.398821,0.563032,0.000041,0.000083
ACAGTAATACAACTTG-1,0.031764,0.000044,0.105496,0.000044,0.227944,0.634576,0.000044,0.000088
ACAGTATACCGTGGGA-1,0.00006,0.00006,0.190849,0.012421,0.089425,0.683048,0.00006,0.024078
ACAGTGCAGCGCATTT-1,0.18954,0.000044,0.153824,0.000044,0.000089,0.235371,0.000044,0.421042
ACATAAGTCGTGGTGA-1,0.000048,0.000048,0.001681,0.024166,0.43138,0.364272,0.077487,0.100917
ACATAATAAGGCGGTG-1,0.000069,0.000069,0.000069,0.000069,0.010386,0.915124,0.000069,0.074143
ACATACAATCAAGCGG-1,0.923607,0.006945,0.006945,0.006945,0.01389,0.020834,0.006945,0.01389
ACATCAGCTGGGACGC-1,0.001439,0.000021,0.000021,0.000021,0.727924,0.14385,0.000021,0.126704
ACATCCCGGCCATACG-1,0.127598,0.000094,0.005811,0.000094,0.04984,0.816283,0.000094,0.000187
ACATCCTGGTAACTGT-1,0.000046,0.000046,0.205272,0.138361,0.146918,0.359816,0.145975,0.003565
ACATCGATCGTTTACC-1,0.00008,0.00008,0.00008,0.00008,0.248042,0.532131,0.049418,0.170088
ACATCGCAATATTCGG-1,0.006945,0.006945,0.006945,0.006945,0.01389,0.020834,0.006945,0.930553
ACATCGGTCAGCCGCG-1,0.003513,0.005493,0.000036,0.005295,0.296689,0.00445,0.017583,0.66694
ACATCGTATGCAATGG-1,0.000028,0.000028,0.068431,0.000366,0.491211,0.30157,0.123843,0.014524
ACATCGTTAACCTAGT-1,0.000036,0.000036,0.000036,0.000036,0.000072,0.311359,0.592522,0.095905
ACATCTCAACGCGTAA-1,0.00008,0.00008,0.00008,0.00008,0.199742,0.456297,0.032327,0.311313
ACATGCTTACGGCAGC-1,0.000035,0.000035,0.000035,0.000035,0.531256,0.034454,0.276814,0.157336
ACATGGCGCCAAAGTA-1,0.062773,0.000044,0.351871,0.000044,0.000089,0.577024,0.000044,0.008111
ACATGGCTCAATTTAG-1,0.000044,0.154071,0.000044,0.000044,0.00697,0.064265,0.11199,0.662572
ACATTAGTTTATATCC-1,0.022526,0.000061,0.116292,0.000061,0.027934,0.250949,0.489194,0.092983
ACATTCGCGCGGAATA-1,0.224998,0.01431,0.000053,0.000053,0.131048,0.327187,0.081537,0.220815
ACATTTGAAACCTAAC-1,0.170093,0.179755,0.047124,0.054631,0.097603,0.385512,0.065205,0.000078
ACCAAACACCCAGCGA-1,0.078078,0.020622,0.085038,0.000046,0.042685,0.683175,0.058138,0.032217
ACCAACACCACACACT-1,0.016177,0.032404,0.248979,0.004485,0.04013,0.535512,0.0738,0.048511
ACCAACCGCACTCCAC-1,0.420216,0.000016,0.013904,0.000016,0.375264,0.012298,0.159059,0.019226
ACCAACGCTTATTTAT-1,0.025486,0.000057,0.020213,0.000057,0.005944,0.293704,0.600481,0.054059
ACCAAGAACGCGTGTC-1,0.000106,0.026225,0.032332,0.000106,0.000212,0.690402,0.000106,0.25051
ACCAAGTCATCGGCAG-1,0.109084,0.31519,0.420444,0.003764,0.121195,0.030214,0.000036,0.000073
ACCAATATGCAAGTTA-1,0.009156,0.034545,0.069092,0.059281,0.379287,0.32188,0.028694,0.098065
ACCACAACTCAGAACA-1,0.000034,0.000034,0.000034,0.000034,0.000068,0.189863,0.403017,0.406915
ACCACAAGTTTCTATC-1,0.000078,0.02574,0.000078,0.000078,0.142269,0.51931,0.167591,0.144857
ACCACACGGTTGATGG-1,0.000045,0.000045,0.000045,0.01371,0.529893,0.252693,0.1613,0.042269
ACCACCAATGTAACAA-1,0.012942,0.001276,0.160505,0.000022,0.663128,0.092518,0.000022,0.069587
ACCACCCTCTCTTCTA-1,0.483883,0.000047,0.384449,0.000047,0.03453,0.096901,0.000047,0.000095
ACCACGTGCAGCTATA-1,0.000041,0.008652,0.254939,0.003522,0.274131,0.319997,0.050737,0.087981
ACCACTGTTCAAGAAG-1,0.068249,0.000011,0.000011,0.000011,0.929367,0.002319,0.000011,0.000022
ACCAGACCATAACAAC-1,0.000018,0.000018,0.007324,0.011192,0.563609,0.39441,0.000018,0.023412
ACCAGCCCGGTCTTTG-1,0.000101,0.000101,0.000101,0.000101,0.095657,0.732118,0.022547,0.149274
ACCAGGAGTGTGATCT-1,0.052261,0.000256,0.000256,0.000256,0.20928,0.403933,0.000256,0.333503
ACCAGTGCCCGGTCAA-1,0.000061,0.000061,0.000061,0.000061,0.000122,0.820574,0.016875,0.162185
ACCAGTGCGGGAGACG-1,0.000076,0.000076,0.27108,0.082412,0.005559,0.640567,0.000076,0.000153
ACCATATCCGCAATAA-1,0.000063,0.000063,0.016121,0.000063,0.160864,0.817921,0.000063,0.004842
ACCATCCGCCAACTAG-1,0.030137,0.00003,0.004807,0.004435,0.706244,0.161283,0.067852,0.025212
ACCATCGTATATGGTA-1,0.000101,0.000101,0.007002,0.000101,0.002453,0.780588,0.000101,0.209554
ACCATTAAGGGTGTCA-1,0.122274,0.000018,0.000018,0.000018,0.39901,0.036196,0.26047,0.181995
ACCCAACGCCCGTGGC-1,0.042247,0.010977,0.114796,0.000021,0.763229,0.044935,0.000021,0.023773
ACCCACCTACATGCTC-1,0.047336,0.000086,0.000086,0.117558,0.000173,0.159784,0.000086,0.67489
ACCCATCTTGAGGGTA-1,0.000082,0.035503,0.000082,0.000082,0.096587,0.149011,0.067426,0.651227
ACCCATTTGTCCCTCT-1,0.31506,0.000027,0.139996,0.012445,0.47818,0.05421,0.000027,0.000055
ACCCGAGCGAAATTAC-1,0.223737,0.000047,0.000047,0.000047,0.187893,0.196901,0.077399,0.313928
ACCCGATTGGTTCCGA-1,0.001098,0.000084,0.053779,0.000084,0.000167,0.439734,0.000084,0.504971
ACCCGGAAACTCCCAG-1,0.00005,0.00005,0.00236,0.00005,0.057043,0.556186,0.288668,0.095595
ACCCGGAGCACCACAA-1,0.016219,0.047667,0.003744,0.787525,0.000056,0.020923,0.035509,0.088358
ACCCGGATGACGCATC-1,0.449043,0.000037,0.002462,0.000037,0.112075,0.310048,0.025789,0.100509
ACCCGGTTACACTTCC-1,0.000061,0.00868,0.000061,0.000061,0.008298,0.558636,0.291403,0.1328
ACCCGTAGCAGAGAAT-1,0.15131,0.0001,0.098822,0.0001,0.194658,0.53782,0.003641,0.013549
ACCCGTAGTCTAGTTG-1,0.000332,0.559318,0.009528,0.091536,0.249248,0.017243,0.021177,0.051619
ACCCGTGTCATCAGTA-1,0.155472,0.047278,0.102048,0.000091,0.023134,0.460753,0.036133,0.175091
ACCCTATAGGACTGAG-1,0.178666,0.000052,0.000052,0.014611,0.172698,0.038329,0.000052,0.595539
ACCCTATGCCATATCG-1,0.000148,0.000148,0.000148,0.056014,0.130827,0.641342,0.000148,0.171226
ACCCTCCCGTCAGGGC-1,0.173776,0.004214,0.291987,0.113364,0.131684,0.284855,0.00004,0.00008
ACCCTCCCTTGCTATT-1,0.000061,0.000061,0.327188,0.000061,0.326785,0.32589,0.006962,0.012992
ACCCTGGTAACGCCCT-1,0.296128,0.022479,0.009981,0.000027,0.459673,0.015362,0.053643,0.142706
ACCCTTCATCTGCGAA-1,0.219931,0.000055,0.010736,0.000055,0.256742,0.21565,0.000055,0.296778
ACCCTTGCCTGGGTCG-1,0.488641,0.00006,0.166119,0.00006,0.00012,0.340346,0.004534,0.00012
ACCCTTTAGTTCTCCA-1,0.000084,0.000084,0.000084,0.000084,0.000169,0.587987,0.000084,0.411422
ACCGAAAGGGCCCTGC-1,0.000143,0.000143,0.012751,0.000143,0.150441,0.367429,0.000143,0.468805
ACCGAAGAGTCTGGTT-1,0.008526,0.000027,0.008572,0.000027,0.633484,0.083906,0.234661,0.030796
ACCGACACATCTCCCA-1,0.000067,0.000067,0.08122,0.055811,0.002747,0.270798,0.503555,0.085736
ACCGACTGAGTCCCAC-1,0.0001,0.0001,0.0001,0.0001,0.001322,0.731192,0.039225,0.227861
ACCGAGTCTCCTTATT-1,0.097065,0.000023,0.161109,0.000023,0.638898,0.096278,0.000023,0.00658
ACCGATAGGCATAACC-1,0.035621,0.051572,0.077223,0.725777,0.003078,0.064353,0.029835,0.012541
ACCGATATTTAATCAT-1,0.085362,0.000283,0.024775,0.361734,0.114788,0.046966,0.206732,0.159361
ACCGATGGTAGCATCG-1,0.032772,0.000048,0.035515,0.109474,0.458038,0.358488,0.004033,0.001633
ACCGCAATAACTGCCT-1,0.000024,0.000254,0.016415,0.063936,0.279753,0.287767,0.309909,0.041942
ACCGCGGTGGAAGTCG-1,0.00239,0.000049,0.231348,0.098937,0.268099,0.352533,0.029778,0.016866
ACCGCTAGTCATTGGT-1,0.000079,0.000079,0.017794,0.047237,0.000158,0.324706,0.000079,0.609869
ACCGGGCCTTTGTTGA-1,0.045909,0.000048,0.389522,0.029397,0.195064,0.195003,0.092954,0.052103
ACCGGTCAGGTACACC-1,0.116045,0.000035,0.10335,0.000035,0.559484,0.082649,0.022924,0.115478
ACCGGTCTGAGTACGG-1,0.044543,0.000022,0.006343,0.000022,0.265385,0.002172,0.129545,0.551969
ACCGTCCACTGGGCCC-1,0.05961,0.000041,0.224866,0.007481,0.130451,0.56315,0.000041,0.014359
ACCGTGACCACGTGGG-1,0.073583,0.000059,0.083407,0.000059,0.165668,0.09974,0.037264,0.54022
ACCGTTCCCGCTCTGA-1,0.035156,0.000161,0.000161,0.000161,0.128466,0.365647,0.09876,0.371489
ACCTAAGTACCTTTCA-1,0.078091,0.000067,0.000067,0.000067,0.190433,0.489127,0.074192,0.167955
ACCTAATCGACTTCCT-1,0.19077,0.022047,0.000143,0.000143,0.110761,0.309693,0.133072,0.233372
ACCTACAGTATGTGGT-1,0.000061,0.006067,0.093715,0.150229,0.000123,0.622748,0.12164,0.005416
ACCTACTATAAATCTA-1,0.393141,0.000034,0.000049,0.000034,0.37507,0.12812,0.026839,0.076713
ACCTCAGCGAGGCGCA-1,0.016667,0.016668,0.016667,0.361156,0.033335,0.505505,0.016667,0.033335
ACCTCCGCCCTCGCTG-1,0.026907,0.000056,0.677696,0.042378,0.000113,0.100957,0.15178,0.000113
ACCTCCGTTATTCACC-1,0.000063,0.000063,0.256115,0.066922,0.133307,0.468589,0.074814,0.000127
ACCTCGAACTTATGCT-1,0.212157,0.000048,0.195404,0.000048,0.106677,0.370688,0.103031,0.011948
ACCTGCGTGTCATGTT-1,0.027955,0.000082,0.039784,0.000082,0.043275,0.541476,0.000082,0.347265
ACGAAATGGGCGGCAC-1,0.028347,0.023763,0.000052,0.000052,0.10765,0.000155,0.101649,0.738332
ACGACCCATGAGTTGC-1,0.039629,0.387251,0.034184,0.271836,0.005714,0.036258,0.187928,0.0372
ACGACTCTAGGGCCGA-1,0.020758,0.00003,0.092431,0.131807,0.04385,0.447246,0.255547,0.008332
ACGACTGGTCATACTC-1,0.167919,0.000084,0.10555,0.000084,0.074826,0.347459,0.000084,0.303993
ACGAGATATTTGCTTA-1,0.000059,0.000059,0.001896,0.000059,0.189262,0.754645,0.012526,0.041496
ACGAGGATACCACTCT-1,0.000076,0.000076,0.000076,0.000076,0.363043,0.473192,0.028249,0.13521
ACGAGGTTTACAACGT-1,0.138207,0.000023,0.000399,0.000023,0.763787,0.06175,0.030605,0.005205
ACGAGTACGGATGCCC-1,0.189289,0.000085,0.144738,0.000085,0.075239,0.590307,0.000085,0.000171
ACGAGTCGCCGGCGTT-1,0.126189,0.020154,0.000097,0.000097,0.156874,0.160685,0.000097,0.535807
ACGATACATAGAACTA-1,0.000074,0.000074,0.000074,0.035218,0.000149,0.911899,0.000074,0.052437
ACGATACCTATCCTGA-1,0.000019,0.000019,0.001313,0.002018,0.8139,0.146235,0.010182,0.026314
ACGATCATACATAGAG-1,0.000063,0.000063,0.000063,0.025754,0.024509,0.949358,0.000063,0.000126
ACGATCATCTTGTAAA-1,0.024855,0.000048,0.226031,0.055156,0.105094,0.46561,0.09407,0.029136
ACGATGCATATGTTAT-1,0.000072,0.000072,0.000072,0.000072,0.000143,0.687528,0.095172,0.21687
ACGATGGATCCGATGC-1,0.000049,0.000049,0.000049,0.000049,0.000098,0.368934,0.328447,0.302324
ACGCAAACTAATAGAT-1,0.000046,0.000046,0.019792,0.000046,0.165481,0.563873,0.063234,0.187481
ACGCAATCACTACAGC-1,0.024164,0.000084,0.271571,0.019638,0.020427,0.663864,0.000084,0.000168
ACGCATAAATGACATG-1,0.14764,0.000029,0.009717,0.000029,0.494838,0.0319,0.040563,0.275285
ACGCATACGTTTACTA-1,0.000038,0.122069,0.087122,0.160232,0.000076,0.096168,0.534153,0.000143
ACGCATTCGTGAGTAC-1,0.019994,0.000059,0.000059,0.000059,0.32364,0.298229,0.000059,0.357903
ACGCCACTCGAAACAG-1,0.000103,0.000103,0.000103,0.017973,0.023984,0.836246,0.033683,0.087804
ACGCCAGATGATTTCT-1,0.000049,0.000049,0.000049,0.000049,0.277642,0.339289,0.206119,0.176754
ACGCCAGTGCGTTTGC-1,0.109582,0.055365,0.142043,0.18163,0.123018,0.338224,0.048841,0.001298
