Barcode,Topic 1to3,Topic 4,Topic 5,Topic 6,Topic 7to8,Topic 9to13
AAACAACGAATAGTTC-1,0.301901,0.042174,0.000763,0.000018,0.283737,0.371407
AAACAAGTATCTCCCA-1,0.700676,0.002037,0.000043,0.028701,0.050945,0.217597
AAACAATCTACTAGCA-1,0.55427,0.109956,0.100269,0.083908,0.000129,0.151468
AAACACCAATAACTGC-1,0.28641,0.138874,0.064407,0.024899,0.024431,0.460979
AAACAGAGCGACTCCT-1,0.322932,0.014138,0.006793,0.087315,0.402656,0.166164
AAACAGCTTTCAGAAG-1,0.692175,0.000029,0.019468,0.08328,0.029315,0.175733
AAACAGGGTCTATATT-1,0.571495,0.000027,0.035767,0.034777,0.089385,0.26855
AAACAGTGTTCCTGGG-1,0.656267,0.02464,0.174621,0.047733,0.0503,0.046439
AAACATGGTGAGAGGA-1,0.41307,0.016881,0.000026,0.059313,0.002646,0.508064
AAACATTTCCCGGATT-1,0.579282,0.019521,0.000049,0.000049,0.135188,0.265912
AAACCACTACACAGAT-1,0.501588,0.084479,0.122137,0.020863,0.01902,0.251913
AAACCCGAACGAAATC-1,0.247163,0.407871,0.000025,0.252241,0.015642,0.077058
AAACCGGAAATGTTAA-1,0.063132,0.341342,0.03129,0.000014,0.040794,0.523428
AAACCGGGTAGGTACC-1,0.300855,0.000026,0.049066,0.082514,0.016854,0.550685
AAACCGTTCGTCCAGG-1,0.000209,0.00007,0.999165,0.00007,0.000139,0.000348
AAACCTAAGCAGCCGG-1,0.419617,0.063982,0.000024,0.004264,0.304023,0.20809
AAACCTCATGAAGTTG-1,0.603359,0.000034,0.000034,0.083272,0.270905,0.042395
AAACGAAGAACATACC-1,0.747685,0.000043,0.018544,0.105842,0.018451,0.109434
AAACGAAGATGGAGTA-1,0.001639,0.00001,0.00001,0.00001,0.043817,0.954513
AAACGACAGTCTTGCC-1,0.549968,0.173523,0.00003,0.212314,0.00006,0.064105
AAACGAGACGGTTGAT-1,0.391913,0.022211,0.001735,0.00004,0.158666,0.425435
AAACGCCCGAGATCGG-1,0.000023,0.000008,0.000008,0.130592,0.029202,0.840167
AAACGCTGGGCACGAC-1,0.560225,0.43383,0.005197,0.000016,0.000033,0.000699
AAACGGGCGTACGGGT-1,0.442017,0.000029,0.000029,0.000029,0.070782,0.487112
AAACGGGTTGGTATCC-1,0.325674,0.000019,0.000019,0.000019,0.072237,0.602033
AAACGGTTGCGAACTG-1,0.524621,0.005667,0.000044,0.000044,0.300519,0.169104
AAACGTGTTCGCCCTA-1,0.056851,0.090674,0.083785,0.049178,0.125791,0.593721
AAACTAACGTGGCGAC-1,0.215751,0.145762,0.000025,0.154904,0.099896,0.383662
AAACTCGGTTCGCAAT-1,0.609194,0.000051,0.000051,0.000051,0.304169,0.086485
AAACTCGTGATATAAG-1,0.769478,0.213452,0.016565,0.000063,0.000126,0.000316
AAACTGCTGGCTCCAA-1,0.48585,0.00003,0.12244,0.219409,0.103299,0.068972
AAACTTAATTGCACGC-1,0.154109,0.000016,0.000016,0.01431,0.000683,0.830867
AAACTTGCAAACGTAT-1,0.397015,0.000032,0.212517,0.156318,0.072798,0.16132
AAAGAATGACCTTAGA-1,0.243889,0.011967,0.000016,0.014354,0.019965,0.709809
AAAGAATGTGGACTAA-1,0.48284,0.127848,0.000058,0.201931,0.056696,0.130627
AAAGACATGAAGTTTA-1,0.462579,0.094774,0.106199,0.154225,0.026355,0.155869
AAAGACCCAAGTCGCG-1,0.401965,0.155915,0.081698,0.000047,0.36014,0.000235
AAAGACTGGGCGCTTT-1,0.29578,0.000026,0.000026,0.052543,0.261183,0.390442
AAAGCTTGCCTACATA-1,0.440088,0.271761,0.000025,0.000254,0.157789,0.130084
AAAGGCCCTATAATAC-1,0.849176,0.000046,0.037345,0.003481,0.083096,0.026857
AAAGGCTACGGACCAT-1,0.20674,0.000021,0.019856,0.112523,0.108103,0.552757
AAAGGCTCTCGCGCCG-1,0.003592,0.000012,0.004811,0.000012,0.324949,0.666624
AAAGGGATGTAGCAAG-1,0.623664,0.000046,0.152107,0.000046,0.217896,0.00624
AAAGGGCAGCTTGAAT-1,0.330315,0.000031,0.000031,0.050203,0.355092,0.264327
AAAGGTAAGCTGTACC-1,0.619293,0.081216,0.030571,0.002903,0.132523,0.133494
AAAGTAGCATTGCTCA-1,0.048609,0.000016,0.056722,0.054759,0.004368,0.835525
AAAGTCACTGATGTAA-1,0.999021,0.000098,0.000098,0.000098,0.000196,0.000489
AAAGTCGACCCTCAGT-1,0.59494,0.000035,0.003706,0.106752,0.159518,0.135049
AAAGTGCCATCAATTA-1,0.122203,0.604991,0.000427,0.27218,0.000038,0.000162
AAAGTGTGATTTATCT-1,0.704173,0.011313,0.051553,0.000056,0.061874,0.17103
AAAGTTGACTCCCGTA-1,0.722047,0.000063,0.104163,0.053606,0.055927,0.064194
AAATAACCATACGGGA-1,0.892611,0.041672,0.00008,0.00008,0.065158,0.000399
AAATAAGGTAGTGCCC-1,0.513106,0.131816,0.000049,0.354686,0.000098,0.000245
AAATACCTATAAGCAT-1,0.296523,0.149563,0.115164,0.160122,0.260209,0.018419
AAATAGCTTAGACTTT-1,0.805651,0.184228,0.000042,0.009784,0.000084,0.000211
AAATAGGGTGCTATTG-1,0.40735,0.016429,0.00004,0.014905,0.130787,0.430488
AAATCCGATACACGCC-1,0.510438,0.000032,0.000032,0.097735,0.309917,0.081847
AAATCGCGGAAGGAGT-1,0.201632,0.091147,0.013509,0.135842,0.476444,0.081426
AAATCGTGTACCACAA-1,0.175496,0.00003,0.017673,0.11643,0.334092,0.356279
AAATCTAGCCCTGCTA-1,0.555866,0.036725,0.050324,0.000034,0.142893,0.214158
AAATCTGCCCGCGTCC-1,0.043055,0.000008,0.003018,0.375316,0.000015,0.578587
AAATGACTGATCAAAC-1,0.682547,0.103831,0.000037,0.024518,0.020463,0.168603
AAATGATTCGATCAGC-1,0.276935,0.464807,0.091271,0.065207,0.101574,0.000206
AAATGCTCGTTACGTT-1,0.787798,0.000054,0.000054,0.000054,0.154379,0.057661
AAATGGCATGTCTTGT-1,0.973589,0.000089,0.025611,0.000089,0.000178,0.000445
AAATGGCCCGTGCCCT-1,0.720843,0.033109,0.000401,0.008826,0.117313,0.119508
AAATGGTCAATGTGCC-1,0.88688,0.000088,0.112329,0.000088,0.000176,0.00044
AAATGTATCTTATCCC-1,0.111997,0.000018,0.000359,0.125482,0.235243,0.526901
AAATGTGGGTGCTCCT-1,0.331853,0.000022,0.000022,0.024138,0.000043,0.643922
AAATTAACGGGTAGCT-1,0.22837,0.01405,0.059519,0.026001,0.430554,0.241506
AAATTAATAAGCGCGA-1,0.282728,0.009614,0.004926,0.194037,0.090915,0.41778
AAATTACACGACTCTG-1,0.330254,0.017022,0.162781,0.334533,0.155057,0.000353
AAATTACCTATCGATG-1,0.696914,0.02854,0.000045,0.000045,0.120211,0.154245
AAATTCCAGGTCCAAA-1,0.534851,0.059833,0.00908,0.395949,0.000082,0.000205
AAATTGATAGTCCTTT-1,0.83543,0.000061,0.000061,0.000061,0.014193,0.150194
AAATTGCGGCGGTTCT-1,0.589902,0.00004,0.00004,0.00004,0.00008,0.409898
AAATTGGTGAGAAGCA-1,0.231289,0.422911,0.066383,0.006907,0.054414,0.218096
AAATTTACCGAAATCC-1,0.366876,0.057792,0.2564,0.146842,0.011193,0.160897
AAATTTGCGGGTGTGG-1,0.517688,0.000033,0.012384,0.008709,0.414744,0.046443
AACAACTGGTAGTTGC-1,0.410641,0.23647,0.038007,0.000108,0.215851,0.098923
AACAATACATTGTCGA-1,0.862326,0.050351,0.03886,0.006419,0.041706,0.000338
AACAATTACTCTACGC-1,0.422609,0.017851,0.00005,0.084614,0.409887,0.064988
AACACACGCTCGCCGC-1,0.537177,0.001741,0.061568,0.000039,0.123203,0.276272
AACACGACTGTACTGA-1,0.971002,0.000098,0.000098,0.000098,0.028212,0.000491
AACACGAGACGCGGCC-1,0.18805,0.006422,0.00134,0.020769,0.300734,0.482684
AACACGCGGCCGCGAA-1,0.849937,0.055544,0.000053,0.013947,0.000105,0.080414
AACAGCTGTGTGGCAA-1,0.390688,0.000028,0.038497,0.006449,0.13996,0.424378
AACAGGAAATCGAATA-1,0.727159,0.005491,0.000054,0.000054,0.26137,0.00587
AACAGGATGGGCCGCG-1,0.496834,0.000035,0.000035,0.000035,0.392194,0.110869
AACAGGTAGTATGGAT-1,0.018832,0.132599,0.00001,0.008238,0.324746,0.515574
AACATAGCGTGTATCG-1,0.235606,0.065797,0.548041,0.065737,0.000083,0.084736
AACATATCAACTGGTG-1,0.572785,0.006573,0.291979,0.000063,0.092052,0.036549
AACATCGATACGTCTA-1,0.813752,0.185869,0.000042,0.000042,0.000084,0.000211
AACATTGAAGTTGATC-1,0.630865,0.00006,0.165758,0.01598,0.109401,0.077936
AACATTGGTCAGCCGT-1,0.43722,0.053583,0.15793,0.000028,0.025654,0.325585
AACATTGTGACTCGAG-1,0.34464,0.000024,0.027329,0.021844,0.268244,0.337919
AACCAAGACTTCTCTG-1,0.566995,0.004837,0.248401,0.007413,0.092129,0.080225
AACCAGTATCACTCTT-1,0.785265,0.094784,0.000099,0.001925,0.000197,0.11773
AACCATAGGGTTGAAC-1,0.004507,0.000007,0.003722,0.002915,0.025293,0.963556
AACCATGGGATCGCTA-1,0.237226,0.000033,0.000033,0.000033,0.290721,0.471953
AACCCAGAGACGGAGA-1,0.942383,0.000114,0.054737,0.000114,0.002081,0.000571
AACCCATCCCATGATC-1,0.219013,0.034211,0.383401,0.132539,0.028698,0.20214
AACCCGACAACCCGTG-1,0.865481,0.012609,0.121453,0.000057,0.000114,0.000286
AACCCGAGCAGAATCG-1,0.499682,0.114635,0.008367,0.066617,0.014457,0.296242
AACCCGATAGGGCTTC-1,0.482694,0.471206,0.000025,0.012337,0.00005,0.033687
AACCCGCTGTATTCCA-1,0.045124,0.199286,0.000021,0.007823,0.037023,0.710723
AACCCTACTGTCAATA-1,0.032577,0.000014,0.003095,0.002971,0.475696,0.485648
AACCCTGGTGGAACCA-1,0.833006,0.000053,0.098214,0.000053,0.068406,0.000267
AACCGAGCTTGGTCAT-1,0.595748,0.00005,0.034906,0.00005,0.226893,0.142354
AACCGCTAAGGGATGC-1,0.232917,0.045236,0.000021,0.000021,0.483906,0.237899
AACCGTTGTGTTTGCT-1,0.484841,0.000061,0.006362,0.000061,0.508367,0.000307
AACCTAAAGCCGTCCG-1,0.659449,0.001768,0.000036,0.046768,0.023062,0.268918
AACCTCGCTTTAGCCC-1,0.403373,0.000032,0.000032,0.000032,0.324339,0.272193
AACCTGTCACGGAATT-1,0.107783,0.115092,0.010756,0.173902,0.000048,0.592419
AACCTTTAAATACGGT-1,0.611016,0.00008,0.00008,0.129677,0.044554,0.214593
AACCTTTACGACGTCT-1,0.440564,0.015899,0.000052,0.000052,0.143998,0.399434
AACGAAAGTCGTCCCA-1,0.083974,0.000015,0.005961,0.006764,0.238913,0.664373
AACGACCTCCTAGCCG-1,0.347563,0.478693,0.001119,0.072189,0.000099,0.100337
AACGATAATGCCGTAG-1,0.224897,0.014933,0.003776,0.068073,0.366288,0.322033
AACGATAGAAGGGCCG-1,0.314055,0.000025,0.000025,0.000025,0.268966,0.416903
AACGATATGTCAACTG-1,0.758035,0.000054,0.081048,0.013299,0.137422,0.010142
AACGCATGATCTGGGT-1,0.746627,0.224441,0.000061,0.000061,0.028509,0.000303
AACGCGAACGGCAACA-1,0.194723,0.000026,0.000026,0.000026,0.108814,0.696385
AACGCGACCTTGGGCG-1,0.209365,0.000032,0.000032,0.058307,0.544602,0.187663
AACGCGGTCTCCAGCC-1,0.850372,0.00008,0.00008,0.017605,0.00016,0.131704
AACGCTGTTGCTGAAA-1,0.518709,0.000091,0.025132,0.14855,0.008212,0.299306
AACGGACGTACGTATA-1,0.702838,0.000046,0.006339,0.000046,0.229307,0.061424
AACGGCCATCTCCGGT-1,0.928376,0.000069,0.070832,0.000069,0.000307,0.000346
AACGTACTGTGGGTAC-1,0.448683,0.140216,0.250546,0.097258,0.000213,0.063084
AACGTAGTCTACCCAT-1,0.776223,0.067286,0.074922,0.000075,0.00015,0.081343
AACGTCAGACTAGTGG-1,0.749482,0.028208,0.192288,0.00011,0.02936,0.000552
AACGTCATCCGGCTTG-1,0.218188,0.056093,0.00003,0.152366,0.102829,0.470494
AACGTCGCTGCACTTC-1,0.760585,0.046291,0.002167,0.149902,0.000062,0.040992
AACGTGATGAAGGACA-1,0.605605,0.008049,0.000068,0.000068,0.115268,0.270941
AACGTGCGAAAGTCTC-1,0.757172,0.000036,0.08875,0.023549,0.069785,0.060709
AACGTTATCAGCACCT-1,0.157097,0.000031,0.000031,0.04271,0.442229,0.357903
AACGTTCTACCATTGT-1,0.159861,0.839812,0.000036,0.000036,0.000073,0.000182
AACTACCCGTTTGTCA-1,0.725903,0.070456,0.000041,0.126542,0.000081,0.076977
AACTAGCGTATCGCAC-1,0.903797,0.055688,0.0001,0.0001,0.0002,0.040114
AACTAGGCTTGGGTGT-1,0.785914,0.000077,0.000077,0.000077,0.014826,0.199029
AACTCAAGTTAATTGC-1,0.689873,0.000082,0.10634,0.000082,0.173377,0.030246
AACTCCAGAGCGTGTT-1,0.479294,0.030809,0.000048,0.000048,0.306706,0.183094
AACTCCTAATCCCATG-1,0.235582,0.042484,0.019564,0.033285,0.141326,0.527758
AACTCGATAAACACGT-1,0.00002,0.000007,0.000007,0.000007,0.087283,0.912676
AACTCGATGGCGCAGT-1,0.001054,0.000016,0.000016,0.000016,0.407705,0.591192
AACTCTCAATAGAGCG-1,0.934407,0.064834,0.000084,0.000084,0.000169,0.000422
AACTCTCAGTGTGCTC-1,0.340089,0.000117,0.556594,0.000117,0.003664,0.09942
AACTGAGGTCAGCGTC-1,0.217874,0.10477,0.000028,0.173723,0.344883,0.158722
AACTGAGTTATACTGA-1,0.010839,0.376121,0.000037,0.509332,0.039862,0.063808
AACTGATATTAGGCCT-1,0.939889,0.000077,0.000077,0.034006,0.025567,0.000384
AACTGGGTCCCGACGT-1,0.807074,0.00006,0.02615,0.00006,0.166359,0.000298
AACTGGGTTCGAGCCG-1,0.722551,0.000055,0.006699,0.264104,0.000111,0.00648
AACTGGTGTGGGCCTT-1,0.873721,0.000089,0.000089,0.000089,0.12557,0.000443
AACTTCTGCGTCTATC-1,0.299004,0.000038,0.000038,0.000038,0.360416,0.340468
AACTTGCCCGTATGCA-1,0.222677,0.000044,0.000837,0.084007,0.618791,0.073644
AACTTGCGTTCTCGCG-1,0.458316,0.000055,0.153533,0.000055,0.285502,0.102538
AACTTTACGGGAGCTT-1,0.195707,0.016972,0.008263,0.032873,0.192005,0.55418
AACTTTAGCTGCTGAG-1,0.90228,0.001822,0.059906,0.000089,0.000177,0.035726
AACTTTCTCGATCATG-1,0.396824,0.602826,0.000039,0.000039,0.000078,0.000195
AAGAAAGTTTGATGGG-1,0.610556,0.043838,0.055615,0.000028,0.000055,0.289908
AAGAAATCACCAGATT-1,0.001127,0.315424,0.000011,0.521026,0.000022,0.16239
AAGAAGGATCAGTTAG-1,0.313662,0.000052,0.153713,0.000052,0.471874,0.060647
AAGACATACGTGGTTT-1,0.154561,0.060323,0.018518,0.030236,0.035696,0.700666
AAGACCAAATAACTCA-1,0.472425,0.012066,0.07955,0.021738,0.042243,0.371977
AAGACCCAACTGAACA-1,0.265244,0.000018,0.00453,0.055377,0.28047,0.394362
AAGACTAACCCGTTGT-1,0.000023,0.000008,0.000008,0.025735,0.03691,0.937317
AAGACTCACGCCCACT-1,0.797938,0.007496,0.000042,0.079621,0.000083,0.11482
AAGACTGCAAGCTACT-1,0.660556,0.000031,0.006705,0.000031,0.002903,0.329775
AAGAGATGAATCGGTA-1,0.335058,0.015685,0.425852,0.000042,0.143209,0.080154
AAGAGCTCTTTATCGG-1,0.29687,0.012282,0.000038,0.038017,0.334375,0.318417
AAGAGGATGTACGCGA-1,0.425291,0.000038,0.079515,0.000038,0.296223,0.198896
AAGAGGCATGGATCGC-1,0.707191,0.000049,0.035233,0.000049,0.153976,0.103503
AAGAGGCCCTTTGGAA-1,0.704044,0.000019,0.102213,0.076047,0.000038,0.117639
AAGATGGCACCGGACC-1,0.426779,0.063443,0.285088,0.004267,0.08984,0.130582
AAGATTGGCGGAACGT-1,0.844842,0.023768,0.000071,0.041264,0.067028,0.023028
AAGCACCCTGCGTATC-1,0.706131,0.000064,0.000064,0.000348,0.22263,0.070764
AAGCATACTCTCCTGA-1,0.261123,0.052755,0.028614,0.029939,0.271112,0.356457
AAGCCACTTGCAGGTA-1,0.165302,0.001701,0.017424,0.195321,0.057387,0.562865
AAGCCGAAGCGGTTTA-1,0.435881,0.156865,0.000042,0.010719,0.19344,0.203054
AAGCCGCCGTGAAATC-1,0.515061,0.000026,0.000026,0.000026,0.203419,0.28144
AAGCCGCTTTACCTTG-1,0.016923,0.3634,0.000012,0.000347,0.325395,0.293924
AAGCCGGAGAGCAGGA-1,0.051385,0.4045,0.543916,0.000025,0.00005,0.000125
AAGCGCAGGGCTTTGA-1,0.21018,0.000032,0.000032,0.000032,0.421672,0.368052
AAGCGGAGTGCGCGCA-1,0.109691,0.569172,0.021592,0.000014,0.086622,0.21291
AAGCGGCGTCATGGGT-1,0.536584,0.064445,0.000062,0.017662,0.207179,0.174069
AAGCGTCCCTCATCGA-1,0.21848,0.000033,0.004773,0.100273,0.497522,0.17892
AAGCTAGATCGAGTAA-1,0.526524,0.017341,0.025116,0.240095,0.00711,0.183814
AAGCTATGGATTGACC-1,0.018228,0.02501,0.048227,0.115979,0.012496,0.780061
AAGCTCGTGCCAAGTC-1,0.823559,0.006027,0.00006,0.00006,0.144074,0.026219
AAGCTCTTTCATGGTG-1,0.334252,0.000048,0.000048,0.000048,0.086973,0.578631
AAGGAGAACTTATAAG-1,0.782464,0.00023,0.001009,0.013538,0.000057,0.202702
AAGGAGCGGTTGGTGC-1,0.491234,0.003239,0.05271,0.045276,0.407181,0.00036
AAGGATCGATCGCTTG-1,0.855622,0.117139,0.00006,0.00006,0.026819,0.0003
AAGGATGAGGGACCTC-1,0.730938,0.000039,0.065981,0.000039,0.106286,0.096719
AAGGCAGGCTGTCTCC-1,0.684342,0.224108,0.000049,0.002388,0.000097,0.089017
AAGGCGCGTAAAGCTT-1,0.963084,0.00009,0.00009,0.00009,0.036194,0.000451
AAGGCTGTGCTCATCG-1,0.919205,0.000078,0.073413,0.000078,0.006835,0.000391
AAGGGAACGACTGGCT-1,0.548476,0.000028,0.058962,0.000028,0.09826,0.294246
AAGGGACAGATTCTGT-1,0.839537,0.003145,0.028329,0.000078,0.000155,0.128756
AAGGGACTATGCATTC-1,0.352296,0.000027,0.000143,0.026443,0.060787,0.560305
AAGGGTTAGCCATGCG-1,0.478729,0.328372,0.031809,0.152477,0.000115,0.008498
AAGGGTTTGATTTCAG-1,0.140557,0.036945,0.029901,0.298001,0.265287,0.229308
AAGGTATCCTAATATA-1,0.843614,0.028529,0.000064,0.034679,0.092794,0.00032
AAGGTGATAAACCAGC-1,0.188292,0.00002,0.047664,0.020565,0.216741,0.526718
AAGTAAGCTTCCAAAC-1,0.475746,0.191966,0.108661,0.17087,0.000103,0.052654
AAGTAGAAGACCGGGT-1,0.854275,0.00009,0.144915,0.00009,0.00018,0.00045
AAGTAGTGACGCGAGG-1,0.267177,0.000034,0.039639,0.026709,0.511145,0.155296
AAGTCAATTGTCGTCA-1,0.679183,0.022473,0.000059,0.000059,0.132644,0.165583
AAGTCTAGTAGCTGCC-1,0.369544,0.629307,0.000024,0.000024,0.000981,0.00012
AAGTCTTCTGTGGCCT-1,0.241884,0.014768,0.000023,0.192614,0.025027,0.525684
AAGTGACGACCGAATT-1,0.172028,0.000028,0.014909,0.196046,0.309056,0.307933
AAGTGAGTCGGGTTTA-1,0.475651,0.000058,0.000058,0.000058,0.52388,0.000294
AAGTGCAAAGGTAGAC-1,0.598599,0.000036,0.000036,0.036573,0.254207,0.110548
AAGTGCCTTGACTGTA-1,0.449414,0.037009,0.10935,0.010471,0.073444,0.320311
AAGTGCGTTAGAATCT-1,0.078786,0.000015,0.008489,0.001985,0.443794,0.466932
AAGTGCTTCTCTATTG-1,0.803043,0.034128,0.117672,0.000092,0.044608,0.000458
AAGTGTTTGGAGACGG-1,0.870842,0.00006,0.00006,0.00006,0.123112,0.005865
AAGTTCACTCCAAGCT-1,0.663562,0.000083,0.012699,0.15796,0.15785,0.007846
AAGTTCAGTCTGCGTA-1,0.851277,0.057711,0.090613,0.00005,0.0001,0.000249
AAGTTCGGCCAACAGG-1,0.121958,0.004972,0.016287,0.008103,0.325342,0.523338
AAGTTGTGATGTTATA-1,0.421133,0.071159,0.000049,0.100396,0.02898,0.378283
AAGTTTACTAATGGCA-1,0.804355,0.000045,0.000045,0.014444,0.02697,0.154142
AAGTTTATGGGCCCAA-1,0.107554,0.000021,0.01055,0.000021,0.185937,0.695916
AATAACAACGCTCGGC-1,0.004043,0.000013,0.000013,0.01399,0.323917,0.658025
AATAACACTAGAACAA-1,0.817823,0.000031,0.118484,0.063443,0.000062,0.000156
AATAACGTCGCGCCCA-1,0.747558,0.176127,0.000023,0.031851,0.000046,0.044396
AATAAGTCCTCGAGAC-1,0.950297,0.000051,0.043567,0.005724,0.000103,0.000257
AATAATCTTCGTATCG-1,0.375329,0.168538,0.061163,0.134391,0.009291,0.251288
AATACAATGTTTCAGG-1,0.595893,0.000056,0.003138,0.088638,0.299123,0.013151
AATACCGGAGGGCTGT-1,0.817999,0.000064,0.14914,0.000064,0.032416,0.000318
AATACCTGATGTGAAC-1,0.606304,0.099149,0.011791,0.019073,0.015726,0.247958
AATAGAACAGAGTGGC-1,0.828579,0.000063,0.124802,0.04611,0.000131,0.000314
AATAGAATCTGTTTCA-1,0.364924,0.011278,0.116651,0.000028,0.159501,0.347618
AATAGCAAGCCTCCTG-1,0.201209,0.052986,0.00002,0.140511,0.223418,0.381856
AATAGCTACCGCGTGC-1,0.848693,0.150675,0.00007,0.00007,0.00014,0.000351
AATAGGCACGACCCTT-1,0.411567,0.119506,0.039252,0.357857,0.000107,0.071711
AATAGTCCGTCCCGAC-1,0.065598,0.000027,0.059907,0.232936,0.453902,0.18763
AATAGTCGCGAGTCGG-1,0.109676,0.000016,0.000016,0.000016,0.255026,0.635249
AATATCAAGGTCGGAT-1,0.744029,0.034494,0.149899,0.00009,0.07104,0.000448
AATATCCTAGCAAACT-1,0.007618,0.000007,0.104022,0.073776,0.002809,0.811768
AATATCGAATCAATGC-1,0.311511,0.219224,0.000031,0.000031,0.126583,0.342621
AATATCGAGGGTTCTC-1,0.928775,0.028393,0.000081,0.000081,0.042264,0.000406
AATATTGGAGTATTGA-1,0.793855,0.000066,0.000066,0.012832,0.090925,0.102256
AATCAGACTGCAGGAC-1,0.191615,0.000021,0.000021,0.054632,0.018126,0.735585
AATCAGGTTTCATTTA-1,0.601788,0.000055,0.067117,0.002612,0.203028,0.1254
AATCATGTAAAGACTC-1,0.08094,0.006724,0.000016,0.053041,0.503838,0.35544
AATCCAAGGGCCTGAG-1,0.850875,0.000103,0.148195,0.000103,0.000207,0.000516
AATCCATGCAAGGGTG-1,0.0324,0.000011,0.000011,0.000011,0.019994,0.947572
AATCCCGCTCAGAGCC-1,0.313341,0.003965,0.013598,0.090027,0.065576,0.513493
AATCGAGGTCTCAAGG-1,0.666988,0.003299,0.002527,0.176259,0.000093,0.150834
AATCGCCTCAGCGCCA-1,0.654433,0.000053,0.042228,0.059261,0.215348,0.028676
AATCGCGCAGAGGACT-1,0.754446,0.179733,0.000044,0.065472,0.000087,0.000218
AATCGGGACACTACGA-1,0.311983,0.000051,0.035273,0.000051,0.24599,0.406653
AATCGGTATAGCCCTC-1,0.548868,0.116013,0.136786,0.060654,0.005956,0.131723
AATCGTGAGCCGAGCA-1,0.237411,0.000023,0.000723,0.015037,0.270829,0.475977
AATCTAGGTTTACTTG-1,0.443992,0.052952,0.018791,0.125834,0.176054,0.182376
AATCTATGCCGGAGCC-1,0.707427,0.094473,0.197527,0.000072,0.000143,0.000358
AATCTCTACTGTGGTT-1,0.178586,0.000014,0.00318,0.066749,0.29114,0.460331
AATCTGCGTTGGGACG-1,0.316261,0.000033,0.000033,0.000033,0.077893,0.605747
AATCTGGCTTTCTAGT-1,0.514641,0.000029,0.21506,0.017863,0.159067,0.09334
AATCTGGGTAGACCCT-1,0.612324,0.069591,0.00772,0.222448,0.000097,0.08782
AATGACAGCAATGTCT-1,0.182706,0.000022,0.009583,0.104203,0.156683,0.546803
AATGACGTAGGATGTC-1,0.912772,0.000054,0.016947,0.000054,0.0699,0.000272
AATGACTGTCAGCCGG-1,0.940867,0.000095,0.058274,0.000095,0.000191,0.000477
AATGAGTTCGCATATG-1,0.075578,0.094872,0.026891,0.000032,0.561897,0.240731
AATGATGATACGCTAT-1,0.197636,0.000066,0.697272,0.000066,0.019697,0.085263
AATGATGCGACTCCTG-1,0.611027,0.012488,0.093414,0.189446,0.020182,0.073444
AATGCAACCGGGTACC-1,0.27959,0.000034,0.10108,0.136893,0.470083,0.01232
AATGCACCAAGCAATG-1,0.77326,0.12488,0.058009,0.000064,0.028245,0.015542
AATGGCCGCCAATGCG-1,0.778059,0.221709,0.000026,0.000026,0.000052,0.000129
AATGGTCCACCGTTCA-1,0.285864,0.000046,0.180086,0.01796,0.348842,0.167202
AATGGTTCTCACAAGC-1,0.912735,0.000103,0.086334,0.000103,0.000207,0.000517
AATGTATGGCACTGTA-1,0.447988,0.000037,0.035205,0.278092,0.044337,0.194341
AATGTGCCCGAGGTGT-1,0.227354,0.000026,0.007253,0.000026,0.197529,0.567811
AATGTGCTAATCTGAG-1,0.377997,0.000032,0.014176,0.004987,0.26256,0.340248
AATGTTAAGACCCTGA-1,0.309809,0.100303,0.126673,0.462461,0.000119,0.000635
AATGTTGTCGTGAGAC-1,0.153652,0.156363,0.047663,0.172322,0.006304,0.463696
AATTAAAGGTCGGCGT-1,0.639965,0.000048,0.014334,0.097625,0.247785,0.000242
AATTAACGGATTTCCA-1,0.446792,0.00004,0.025944,0.013919,0.24253,0.270774
AATTACGAGACCCATC-1,0.530107,0.000047,0.000047,0.079352,0.032858,0.35759
AATTACTCGTACGCTC-1,0.448941,0.002052,0.000039,0.000747,0.003629,0.544593
AATTAGCGCTGCAGCG-1,0.168206,0.000024,0.029205,0.046042,0.301829,0.454694
AATTATACCCAGCAAG-1,0.652817,0.101543,0.037126,0.025387,0.000061,0.183067
AATTCATAAGGGATCT-1,0.524303,0.024638,0.017372,0.000056,0.312183,0.121448
AATTCATTGTCATGCA-1,0.017117,0.000017,0.000017,0.213438,0.463112,0.306298
AATTCCAACTTGGTGA-1,0.136449,0.000015,0.000015,0.000015,0.04562,0.817887
AATTCCAAGCATGTAC-1,0.693307,0.000063,0.000063,0.000063,0.216542,0.089961
AATTCGATTCGAGGAT-1,0.000835,0.000015,0.000015,0.000015,0.228191,0.77093
AATTCTAGAGTTAGGC-1,0.201903,0.038165,0.066372,0.000037,0.449379,0.244143
AATTGAACGCTCTGGT-1,0.546686,0.00067,0.010378,0.001019,0.113703,0.327543
AATTGCAGCAATCGAC-1,0.542184,0.054283,0.000063,0.228515,0.000126,0.174829
AATTGCGTGGATTACA-1,0.000025,0.000008,0.014946,0.136016,0.001953,0.847052
AATTGTGGTTGCCAAA-1,0.283882,0.173719,0.000024,0.237967,0.000049,0.304359
AATTTGGGACATAGTA-1,0.8979,0.004056,0.000097,0.097264,0.000195,0.000487
AATTTGGTTCCAAAGA-1,0.632583,0.000063,0.012142,0.000063,0.288055,0.067094
ACAAACCATGCGTCCT-1,0.000019,0.000006,0.000006,0.018584,0.00135,0.980034
ACAAACCGACAAGGCG-1,0.675445,0.039656,0.00003,0.111585,0.000061,0.173222
ACAAACTCCATCAGAG-1,0.108188,0.145194,0.632502,0.000908,0.021242,0.091966
ACAAAGAAGGTAGGCC-1,0.080169,0.000012,0.001693,0.012906,0.035292,0.869928
ACAAAGCATGACCTAG-1,0.142636,0.030505,0.000015,0.000015,0.313585,0.513245
ACAAATCGCACCGAAT-1,0.260032,0.000017,0.017754,0.000017,0.157405,0.564773
ACAAATGGTAGTGTTT-1,0.670651,0.000062,0.04358,0.000062,0.124128,0.161517
ACAAATTCAGATCTGA-1,0.055918,0.210185,0.00002,0.00002,0.111489,0.622369
ACAACAGCATGAGCTA-1,0.371383,0.000047,0.004878,0.160652,0.392357,0.070683
ACAACGGTCCCTGCGA-1,0.409855,0.000037,0.016014,0.019543,0.182191,0.37236
ACAAGCAGTGCCTAGC-1,0.132099,0.000028,0.126255,0.004374,0.33367,0.403573
ACAAGCTATATGGAAG-1,0.204472,0.001986,0.00002,0.063081,0.065418,0.665023
ACAAGGAAATCCGCCC-1,0.195088,0.010751,0.000023,0.04021,0.318024,0.435902
ACAAGGACAAGAGGTT-1,0.999287,0.000071,0.000071,0.000071,0.000143,0.000356
ACAAGGATGCTTTAGG-1,0.259376,0.015631,0.000021,0.000021,0.356682,0.368269
ACAAGGCCTACCAGCC-1,0.117844,0.032782,0.001208,0.079261,0.004192,0.764713
ACAAGGGCAGGCTCTG-1,0.232734,0.000033,0.000033,0.000033,0.325574,0.441591
ACAAGTAATTGTAAGG-1,0.650327,0.000041,0.065999,0.172958,0.000083,0.110592
ACAATAGTCGTACGTT-1,0.666033,0.000051,0.116734,0.000051,0.143229,0.073903
ACAATCCATTTAAACC-1,0.308712,0.018319,0.000029,0.008987,0.495684,0.168269
ACAATCGATCTTTATA-1,0.361613,0.00003,0.00003,0.476697,0.00006,0.161571
ACAATGAATACGGAGA-1,0.227238,0.000023,0.031217,0.012769,0.232242,0.496511
ACAATGATTCTTCTAC-1,0.699405,0.10477,0.000035,0.010631,0.033274,0.151885
ACAATTGTGTCTCTTT-1,0.700627,0.020936,0.049328,0.12228,0.106535,0.000293
ACAATTTAGGAGGCTC-1,0.007412,0.000015,0.013614,0.028639,0.252157,0.698163
ACAATTTGAGCAGTGG-1,0.762615,0.00612,0.000053,0.000053,0.140409,0.090749
ACAATTTGGCCATATT-1,0.527697,0.445377,0.002436,0.024145,0.000099,0.000247
ACACAAAGACGGGTGG-1,0.409732,0.000037,0.000037,0.053869,0.153244,0.383081
ACACAAATATTCCTAG-1,0.105048,0.759716,0.000021,0.000021,0.114699,0.020496
ACACACCAGGACCAGT-1,0.782187,0.000066,0.000066,0.000066,0.200752,0.016862
ACACACTTTCTACACG-1,0.01904,0.00004,0.00004,0.00004,0.509883,0.470957
ACACATGATCAAATCT-1,0.597896,0.045267,0.000041,0.000041,0.195395,0.16136
ACACATTGACGCAACA-1,0.034805,0.000022,0.000022,0.01181,0.002991,0.950349
ACACATTTCCGTAGAC-1,0.571098,0.010834,0.081464,0.00008,0.16168,0.174844
ACACCACATAATTAGC-1,0.554091,0.155644,0.000035,0.289981,0.000071,0.000177
ACACCCAGCATGCAGC-1,0.583472,0.000057,0.000057,0.101367,0.130313,0.184733
ACACCCGAGAAATCCG-1,0.813019,0.000084,0.186222,0.000084,0.000169,0.000422
ACACCGAGCGCTCTTT-1,0.002675,0.000008,0.002207,0.021097,0.089219,0.884794
ACACCGGTCTGACCGC-1,0.208766,0.000013,0.004913,0.006368,0.033961,0.745978
ACACCTTAAGTAGGGC-1,0.79911,0.000094,0.130114,0.000094,0.07012,0.000469
ACACCTTACTACTTGC-1,0.391895,0.094624,0.001133,0.208059,0.065109,0.239181
ACACGAGACTCCTTCT-1,0.650032,0.000066,0.018591,0.267088,0.063893,0.00033
ACACGGCACTATGCAT-1,0.989611,0.000073,0.000073,0.009734,0.000146,0.000364
ACACGGGAACTTAGGG-1,0.499861,0.034236,0.069295,0.050313,0.321811,0.024485
ACACGTAGGCCACAAG-1,0.496898,0.055223,0.017436,0.02555,0.082552,0.322341
ACACTCCAATGTCACT-1,0.078418,0.000031,0.057818,0.000031,0.53688,0.326821
ACACTGATCAAGGTGT-1,0.916574,0.000082,0.06917,0.000082,0.013679,0.000412
ACACTGGGACAGTCGT-1,0.137183,0.052112,0.001413,0.18889,0.018415,0.601987
ACAGAACTGAGAACAA-1,0.467657,0.012043,0.004472,0.110317,0.243959,0.161552
ACAGATTAGGTTAGTG-1,0.619959,0.000088,0.097557,0.000088,0.076065,0.206244
ACAGCATAGAGCCAGT-1,0.028172,0.010918,0.000033,0.000033,0.304296,0.656547
ACAGCGACATTCTCAT-1,0.58543,0.000048,0.002521,0.000048,0.083555,0.328399
ACAGCGCACCCGCAGC-1,0.946352,0.000117,0.000117,0.052593,0.000235,0.000586
ACAGGAGGCGCAGCCG-1,0.252979,0.272705,0.000021,0.078361,0.017785,0.378149
ACAGGCACGGATCCTT-1,0.227926,0.055589,0.000025,0.03464,0.294264,0.387556
ACAGGCTTGCCCGACT-1,0.551768,0.000052,0.011583,0.000052,0.114254,0.322292
ACAGGTGGAGGTGAGG-1,0.655831,0.010801,0.276203,0.000059,0.056811,0.000295
ACAGGTGTGTTGTTGC-1,0.325137,0.033996,0.010931,0.082458,0.295385,0.252094
ACAGTAATACAACTTG-1,0.000217,0.000009,0.000009,0.076636,0.181511,0.741616
ACAGTATACCGTGGGA-1,0.139355,0.294129,0.061397,0.145583,0.252516,0.10702
ACATAAGTCGTGGTGA-1,0.545252,0.000041,0.000041,0.000041,0.190329,0.264295
ACATAATAAGGCGGTG-1,0.704059,0.000055,0.139015,0.002149,0.147011,0.007711
ACATACAATCAAGCGG-1,0.563824,0.074921,0.047344,0.043883,0.072067,0.197961
ACATCAGCTGGGACGC-1,0.509687,0.000029,0.007035,0.06428,0.330561,0.088409
ACATCCCGGCCATACG-1,0.407886,0.000032,0.021424,0.023535,0.406981,0.140143
ACATCCTGGTAACTGT-1,0.440311,0.016399,0.135168,0.000044,0.221005,0.187074
ACATCGATCGTTTACC-1,0.173228,0.000028,0.001929,0.000028,0.431131,0.393656
ACATCGCAATATTCGG-1,0.43221,0.049524,0.215012,0.285766,0.000088,0.017399
ACATCGGTCAGCCGCG-1,0.753759,0.025714,0.104061,0.000088,0.11594,0.000438
ACATCGTATGCAATGG-1,0.807507,0.000058,0.000058,0.008415,0.152235,0.031727
ACATCGTTAACCTAGT-1,0.340924,0.000038,0.020156,0.000038,0.178174,0.460669
ACATCTCAACGCGTAA-1,0.552134,0.000035,0.000073,0.168453,0.000273,0.279033
ACATGCTTACGGCAGC-1,0.60325,0.000043,0.000043,0.000043,0.012645,0.383975
ACATGGCGCCAAAGTA-1,0.569401,0.04913,0.045894,0.191436,0.117526,0.026614
ACATGGCTCAATTTAG-1,0.431127,0.00003,0.00003,0.00003,0.053602,0.515179
ACATTAGTTTATATCC-1,0.684521,0.000042,0.120446,0.011194,0.09929,0.084507
ACATTCGCGCGGAATA-1,0.556646,0.000051,0.000051,0.000051,0.349016,0.094186
ACATTTGAAACCTAAC-1,0.648922,0.078622,0.000045,0.116534,0.003261,0.152616
ACCAAACACCCAGCGA-1,0.348507,0.058792,0.015479,0.090403,0.061718,0.425102
ACCAAACTAGAAATCC-1,0.834513,0.000043,0.000043,0.025728,0.000086,0.139587
ACCAACACCACACACT-1,0.726903,0.216041,0.000059,0.030033,0.026669,0.000295
ACCAACCGCACTCCAC-1,0.640126,0.034895,0.007056,0.023964,0.109621,0.184337
ACCAACGCTTATTTAT-1,0.30043,0.000034,0.116754,0.000034,0.317799,0.264949
ACCAAGAACGCGTGTC-1,0.353058,0.006196,0.640295,0.000056,0.000113,0.000282
ACCAAGTCATCGGCAG-1,0.656359,0.091917,0.000038,0.032186,0.017031,0.202468
ACCAATATGCAAGTTA-1,0.680681,0.000054,0.000054,0.000054,0.253264,0.065895
ACCACAACTCAGAACA-1,0.957569,0.000078,0.000078,0.000078,0.000155,0.042042
ACCACAAGTTTCTATC-1,0.116827,0.007053,0.047886,0.036652,0.180432,0.611149
ACCACACGGTTGATGG-1,0.091443,0.000016,0.000016,0.000016,0.142594,0.765914
ACCACCAATGTAACAA-1,0.453027,0.134479,0.001127,0.019495,0.10129,0.290582
ACCACCCTCTCTTCTA-1,0.663865,0.290881,0.00005,0.044858,0.000099,0.000248
ACCACGTGCAGCTATA-1,0.143183,0.020795,0.119457,0.000028,0.539058,0.177479
ACCACTGTTCAAGAAG-1,0.038704,0.106781,0.000017,0.000017,0.010187,0.844295
ACCAGACCATAACAAC-1,0.15384,0.002469,0.044815,0.231151,0.075853,0.491871
ACCAGCCCGGTCTTTG-1,0.557116,0.048006,0.000039,0.163499,0.003721,0.227619
ACCAGGAGTGTGATCT-1,0.157789,0.000022,0.000022,0.14482,0.048,0.649347
ACCAGTGCCCGGTCAA-1,0.295359,0.099068,0.000048,0.086477,0.103895,0.415154
ACCAGTGCGGGAGACG-1,0.200947,0.001357,0.000027,0.000027,0.416318,0.381324
ACCATATCCGCAATAA-1,0.430154,0.000028,0.000028,0.090675,0.265481,0.213634
ACCATCCGCCAACTAG-1,0.0854,0.003392,0.000356,0.00001,0.183179,0.727664
ACCATCGTATATGGTA-1,0.52714,0.000123,0.161237,0.06375,0.089425,0.158325
ACCATTAAGGGTGTCA-1,0.061852,0.000021,0.000021,0.000021,0.064118,0.873967
ACCCAACGCCCGTGGC-1,0.017655,0.017319,0.000011,0.006558,0.233648,0.724808
ACCCACCTACATGCTC-1,0.210807,0.000031,0.007634,0.079986,0.572933,0.128608
ACCCATCTTGAGGGTA-1,0.996402,0.000104,0.000104,0.000104,0.002768,0.000519
ACCCATTTGTCCCTCT-1,0.576285,0.096647,0.093622,0.00005,0.18554,0.047856
ACCCGAGCGAAATTAC-1,0.588195,0.019653,0.005071,0.061689,0.042324,0.283068
ACCCGATTGGTTCCGA-1,0.316702,0.075812,0.090593,0.000053,0.516574,0.000266
ACCCGGAAACTCCCAG-1,0.291994,0.098449,0.297992,0.000042,0.19287,0.118653
ACCCGGAGCACCACAA-1,0.000029,0.252148,0.070271,0.074639,0.016777,0.586136
ACCCGGATGACGCATC-1,0.585084,0.030092,0.130724,0.000063,0.143593,0.110443
ACCCGGTTACACTTCC-1,0.819287,0.000063,0.078881,0.000063,0.10139,0.000316
ACCCGTAGCAGAGAAT-1,0.842399,0.00005,0.00005,0.00005,0.0001,0.157351
ACCCGTAGTCTAGTTG-1,0.000022,0.074295,0.000007,0.048916,0.00367,0.87309
ACCCGTGTCATCAGTA-1,0.172412,0.000026,0.000026,0.015667,0.34655,0.465318
ACCCTATAGGACTGAG-1,0.607613,0.000075,0.139036,0.000075,0.019231,0.23397
ACCCTATGCCATATCG-1,0.706744,0.000853,0.23069,0.0001,0.015308,0.046305
ACCCTCCCGTCAGGGC-1,0.220283,0.023567,0.05117,0.180085,0.000102,0.524794
ACCCTCCCTTGCTATT-1,0.194515,0.000028,0.000028,0.000028,0.34385,0.46155
ACCCTGGTAACGCCCT-1,0.384873,0.270743,0.047063,0.296926,0.000113,0.000282
ACCCTTCATCTGCGAA-1,0.129007,0.00004,0.00004,0.00004,0.325529,0.545343
ACCCTTGCCTGGGTCG-1,0.085351,0.74642,0.003006,0.000015,0.100467,0.064741
ACCCTTTAGTTCTCCA-1,0.818189,0.006043,0.028705,0.128011,0.000149,0.018903
ACCGAAAGGGCCCTGC-1,0.26317,0.00157,0.000029,0.000029,0.402606,0.332597
ACCGAAGAGTCTGGTT-1,0.569863,0.031019,0.019628,0.060533,0.128253,0.190705
ACCGACACATCTCCCA-1,0.220132,0.000023,0.005832,0.00721,0.062163,0.70464
ACCGACTGAGTCCCAC-1,0.920535,0.000065,0.011578,0.006694,0.028747,0.03238
ACCGAGTCTCCTTATT-1,0.723658,0.000054,0.000054,0.094949,0.037656,0.143628
ACCGATAGGCATAACC-1,0.353016,0.298001,0.041429,0.125252,0.003919,0.178383
ACCGATATTTAATCAT-1,0.473906,0.253487,0.000066,0.117038,0.000132,0.155371
ACCGATGGTAGCATCG-1,0.515721,0.023477,0.010582,0.10092,0.310273,0.039025
ACCGCAATAACTGCCT-1,0.77636,0.000036,0.083792,0.000036,0.066699,0.073076
ACCGCGGTGGAAGTCG-1,0.357369,0.18953,0.003228,0.000036,0.266742,0.183095
ACCGCTAGTCATTGGT-1,0.374645,0.032369,0.000057,0.031137,0.18546,0.376332
ACCGGGCCTTTGTTGA-1,0.191083,0.002384,0.00002,0.00002,0.095697,0.710797
ACCGGTCAGGTACACC-1,0.038085,0.127482,0.000017,0.104678,0.001167,0.728572
ACCGGTCTGAGTACGG-1,0.138698,0.009948,0.036681,0.595978,0.141066,0.077629
ACCGTCCACTGGGCCC-1,0.000021,0.010575,0.000005,0.020926,0.032449,0.936024
ACCGTGACCACGTGGG-1,0.713902,0.017632,0.26806,0.000051,0.000101,0.000254
ACCGTTCCCGCTCTGA-1,0.526329,0.000042,0.000042,0.051836,0.261461,0.160289
ACCTAAGTACCTTTCA-1,0.187436,0.000024,0.027251,0.006335,0.123348,0.655605
ACCTAATCGACTTCCT-1,0.268004,0.000033,0.000033,0.059688,0.298149,0.374094
ACCTACAGTATGTGGT-1,0.64361,0.118746,0.016351,0.070881,0.006178,0.144235
ACCTACTATAAATCTA-1,0.407619,0.000046,0.000046,0.000046,0.448298,0.143944
ACCTCAGCGAGGCGCA-1,0.439786,0.041295,0.000027,0.100146,0.085299,0.333447
ACCTCCGCCCTCGCTG-1,0.080336,0.111255,0.000029,0.306581,0.278354,0.223446
ACCTCCGTTATTCACC-1,0.771916,0.084261,0.134239,0.000056,0.000111,0.009418
ACCTCGAACTTATGCT-1,0.321034,0.009272,0.033495,0.05587,0.076938,0.503389
ACCTGCGTGTCATGTT-1,0.159721,0.043472,0.000027,0.007178,0.517622,0.27198
ACCTTTCCTTTAGAAG-1,0.349231,0.089517,0.022704,0.082363,0.19866,0.257525
ACGAAATGGGCGGCAC-1,0.649517,0.00004,0.057456,0.00004,0.292745,0.000202
ACGACCCATGAGTTGC-1,0.232438,0.584266,0.00003,0.075373,0.000059,0.107834
ACGACTCTAGGGCCGA-1,0.797735,0.111321,0.000047,0.088634,0.000094,0.002169
ACGACTGGTCATACTC-1,0.634825,0.01268,0.058321,0.058877,0.137885,0.097413
ACGAGAACCCATCACG-1,0.282317,0.008073,0.705851,0.000058,0.000116,0.003585
ACGAGATATTTGCTTA-1,0.642494,0.0001,0.087309,0.0001,0.0002,0.269798
ACGAGGATACCACTCT-1,0.818625,0.000043,0.000043,0.06187,0.113208,0.00621
ACGAGGTTTACAACGT-1,0.00282,0.008567,0.018859,0.012409,0.183224,0.774122
ACGAGTACGGATGCCC-1,0.902494,0.05641,0.000079,0.000079,0.040546,0.000393
ACGAGTCGCCGGCGTT-1,0.051165,0.00001,0.002166,0.00001,0.030616,0.916034
ACGATACATAGAACTA-1,0.036329,0.000019,0.000019,0.000019,0.125042,0.838571
ACGATACCTATCCTGA-1,0.003509,0.000013,0.018893,0.006695,0.05939,0.9115
ACGATCATACATAGAG-1,0.524561,0.000051,0.007558,0.000051,0.403739,0.06404
ACGATCATCTTGTAAA-1,0.024921,0.000015,0.00832,0.000501,0.090491,0.875753
ACGATGCATATGTTAT-1,0.004963,0.068239,0.459792,0.000041,0.466757,0.000207
ACGATGGATCCGATGC-1,0.766803,0.117223,0.000078,0.000078,0.115431,0.000388
ACGCAAACTAATAGAT-1,0.946483,0.000073,0.052862,0.000073,0.000146,0.000364
ACGCAATCACTACAGC-1,0.665328,0.017989,0.008341,0.17628,0.000151,0.131911
ACGCATAAATGACATG-1,0.120404,0.053124,0.000016,0.167433,0.322774,0.33625
ACGCATACGTTTACTA-1,0.144235,0.031388,0.004262,0.000024,0.27962,0.54047
ACGCATTCGTGAGTAC-1,0.409598,0.000063,0.162372,0.200419,0.136589,0.09096
ACGCCACTCGAAACAG-1,0.043498,0.000016,0.000016,0.000016,0.117285,0.83917
ACGCCAGATGATTTCT-1,0.62753,0.000073,0.052664,0.041106,0.000147,0.278481
ACGCCAGTGCGTTTGC-1,0.265886,0.444439,0.001534,0.141972,0.037195,0.108975
ACGCCCAGCTGTCGAT-1,0.000834,0.000009,0.000009,0.000009,0.057562,0.941578
ACGCCGCTAGACGACC-1,0.923829,0.00006,0.032367,0.018614,0.006434,0.018696
ACGCCTGACACGCGCT-1,0.077555,0.044427,0.080942,0.03095,0.175628,0.590497
ACGCGAAGTCAGACGA-1,0.20858,0.000025,0.025255,0.106199,0.459271,0.20067
ACGCGCTACACAGGGT-1,0.158541,0.000022,0.000022,0.00175,0.416645,0.42302
ACGCGGGCCAAGGACA-1,0.596404,0.000051,0.000737,0.265241,0.094776,0.042791
ACGCGTTTCTTAAGAG-1,0.189004,0.026997,0.023078,0.105708,0.180527,0.474685
ACGCTACTGAATGGGC-1,0.267309,0.380526,0.000065,0.295113,0.00013,0.056858
ACGCTAGTGATACACT-1,0.472928,0.04696,0.032118,0.173267,0.126164,0.148563
ACGCTGTGAGGCGTAG-1,0.49457,0.00003,0.00003,0.057594,0.37483,0.072945
ACGCTTAGTGTCTCTC-1,0.323603,0.010133,0.000042,0.657593,0.000084,0.008544
ACGGAACACGAGTGCC-1,0.213635,0.000028,0.002532,0.643115,0.000056,0.140634
ACGGAATTTAGCAAAT-1,0.057786,0.000028,0.000028,0.000028,0.420664,0.521465
ACGGACGCAGCGACAA-1,0.685087,0.000046,0.000046,0.000046,0.000091,0.314685
ACGGACTCTCAAAGCG-1,0.137537,0.022972,0.008436,0.000024,0.322767,0.508264
ACGGAGCGCAAATTAC-1,0.170636,0.09819,0.037423,0.005128,0.199258,0.489366
ACGGATGGTGCGGATA-1,0.506813,0.009911,0.034218,0.00004,0.177382,0.271636
ACGGCACTTGCTTGGG-1,0.10613,0.000021,0.038028,0.002576,0.400057,0.453188
ACGGCCAACATGGACT-1,0.268488,0.002014,0.022762,0.032221,0.415816,0.258699
ACGGCGACGATGGGAA-1,0.465251,0.000041,0.000041,0.000041,0.274496,0.260132
ACGGCGGGTTGCCCTG-1,0.317745,0.000023,0.000023,0.125015,0.015745,0.541448
ACGGCTGGATGTAGAA-1,0.510558,0.00992,0.000777,0.000028,0.081375,0.397342
ACGGGAGTGTCGGCCC-1,0.676594,0.000056,0.000056,0.000056,0.138123,0.185116
ACGGGCGTATGCGACA-1,0.528974,0.111742,0.083518,0.27552,0.00007,0.000176
ACGGGTCATGTGACTT-1,0.542008,0.000045,0.034669,0.000045,0.000091,0.423141
ACGGGTTGTGACCTGT-1,0.705271,0.020406,0.000064,0.139381,0.000128,0.13475
ACGGTACAGTTCAATG-1,0.000048,0.031408,0.000016,0.002203,0.000032,0.966293
ACGGTCACCGAGAACA-1,0.771545,0.000036,0.035694,0.059245,0.000071,0.133409
ACGTACAGATTTCTCT-1,0.646108,0.000113,0.000113,0.087941,0.120738,0.144988
ACGTACTTTGGCACGG-1,0.289251,0.000035,0.000035,0.001546,0.135747,0.573385
ACGTAGATTGCTGATG-1,0.755907,0.000047,0.04337,0.004341,0.196102,0.000233
ACGTAGGAGAGTCGCT-1,0.523132,0.000032,0.000032,0.000032,0.031122,0.445651
ACGTATTACTCCGATC-1,0.09168,0.000024,0.000024,0.000024,0.296721,0.611525
ACGTCCTAAACGAGAT-1,0.371684,0.085493,0.043426,0.032487,0.152199,0.314711
ACGTCGGGCAACTCGG-1,0.415317,0.068622,0.000019,0.053233,0.072208,0.390601
ACGTCTCGTTCCGGGA-1,0.097097,0.020399,0.05875,0.256677,0.177898,0.38918
ACGTGACAAAGTAAGT-1,0.609769,0.014835,0.01494,0.181858,0.009076,0.169523
ACGTGCGCCTCGTGCA-1,0.680919,0.000088,0.000088,0.000088,0.221836,0.09698
ACGTGGTCGAATGTGC-1,0.906505,0.002077,0.000048,0.069551,0.000096,0.021723
ACGTTAATGTCGAAGA-1,0.495231,0.00005,0.128491,0.00005,0.350269,0.025909
ACGTTAGATTTGCCCG-1,0.67827,0.000091,0.250222,0.000091,0.070869,0.000456
ACGTTATTGGTCACTC-1,0.624375,0.000068,0.000068,0.000068,0.078911,0.296511
ACGTTCACTATGCCGC-1,0.479832,0.130658,0.309301,0.079574,0.000182,0.000454
ACGTTCCGCGCTCCGT-1,0.554431,0.000048,0.000048,0.000048,0.317071,0.128353
ACGTTCGCAATCAATT-1,0.519764,0.102687,0.009648,0.210088,0.018428,0.139385
ACGTTCGTTCAGGAAA-1,0.50299,0.03626,0.19651,0.000096,0.246744,0.0174
ACGTTCTGTACAAGTC-1,0.754352,0.009108,0.037149,0.007688,0.0258,0.165903
ACGTTGTCGTTGAAAG-1,0.433613,0.03086,0.104614,0.036021,0.134116,0.260775
ACGTTTAGTTGTGATC-1,0.651542,0.000072,0.033129,0.000072,0.314827,0.000359
ACGTTTCGGTGCACTT-1,0.556074,0.443263,0.000074,0.000074,0.000147,0.000368
ACTAAGGACGCACACC-1,0.082645,0.615584,0.000015,0.000015,0.1671,0.13464
ACTAATACGTCAGGCG-1,0.693202,0.168497,0.049741,0.000078,0.088089,0.000392
ACTACAAAGAGAGGTG-1,0.282714,0.002502,0.000029,0.000029,0.448443,0.266283
ACTACATCCCGACAAG-1,0.435871,0.010972,0.00667,0.010155,0.172956,0.363375
ACTACCAGCTCTCTGG-1,0.815553,0.052741,0.130755,0.000119,0.000238,0.000594
ACTACCATCCGAGGGC-1,0.568443,0.000157,0.000053,0.130763,0.098364,0.20222
ACTACGCGTTAGAATT-1,0.217691,0.007318,0.038229,0.200834,0.383974,0.151954
ACTAGTTGCGATCGTC-1,0.000045,0.008559,0.087076,0.003844,0.130085,0.77039
ACTATATGCTGTGTTC-1,0.003988,0.001715,0.009673,0.083621,0.024282,0.87672
ACTATCCAGGGCATGG-1,0.202398,0.117973,0.023422,0.041949,0.319947,0.294311
ACTATCGCCGGCTAAA-1,0.714268,0.000029,0.000029,0.000506,0.030434,0.254735
ACTATCTGCCCGCGTA-1,0.501107,0.045411,0.035808,0.25867,0.000063,0.15894
ACTATGTCCAGCTGCC-1,0.158305,0.000019,0.000019,0.029992,0.262423,0.549243
ACTATTCGTCCGTGGT-1,0.820207,0.000097,0.000097,0.000097,0.179013,0.000487
ACTATTTCCGGGCCCA-1,0.025591,0.0492,0.924681,0.000066,0.000132,0.00033
ACTCAACGAATGTATT-1,0.238961,0.000053,0.000053,0.077807,0.301539,0.381587
ACTCAAGTGCAAGGCT-1,0.00003,0.00001,0.00001,0.00001,0.038826,0.961114
ACTCAATAAAGGCACG-1,0.737568,0.000058,0.066228,0.073958,0.068785,0.053403
ACTCAGACCTGCTTCT-1,0.824191,0.118821,0.056023,0.000121,0.000242,0.000604
ACTCATGGCAGCCTTC-1,0.010984,0.000015,0.048926,0.000015,0.052439,0.887621
ACTCCAATATCATCAT-1,0.470608,0.000052,0.000052,0.129335,0.355535,0.044417
ACTCCCATTCCTAAAG-1,0.454891,0.047174,0.212066,0.044157,0.194589,0.047122
ACTCCCGAATTCGTTT-1,0.887698,0.100401,0.011254,0.000081,0.000162,0.000404
ACTCCCGTAGACTAGG-1,0.401218,0.412606,0.064259,0.089951,0.00888,0.023087
ACTCCCTAATGCTAAA-1,0.295454,0.000031,0.004018,0.038846,0.229852,0.431798
