Barcode,Topic 1,Topic 2,Topic 3to4,Topic 5to6,Topic 7to10
AAACAAGTATCTCCCA-1,0.000027,0.00368,0.87923,0.013084,0.103979
AAACAATCTACTAGCA-1,0.00003,0.001009,0.001832,0.234629,0.762499
AAACACCAATAACTGC-1,0.00003,0.008302,0.00006,0.305073,0.686535
AAACAGAGCGACTCCT-1,0.000042,0.000042,0.000084,0.587711,0.41212
AAACAGCTTTCAGAAG-1,0.000016,0.007087,0.000032,0.068644,0.924221
AAACAGGGTCTATATT-1,0.000029,0.001348,0.000058,0.511392,0.487172
AAACAGTGTTCCTGGG-1,0.000047,0.000047,0.746887,0.16517,0.08785
AAACATGGTGAGAGGA-1,0.000031,0.027829,0.065812,0.43737,0.468957
AAACATTTCCCGGATT-1,0.000035,0.000035,0.999723,0.000069,0.000138
AAACCACTACACAGAT-1,0.000017,0.000017,0.000033,0.057527,0.942406
AAACCCGAACGAAATC-1,0.000013,0.036687,0.512311,0.000026,0.450963
AAACCGGAAATGTTAA-1,0.000031,0.02322,0.976566,0.000061,0.000123
AAACCGGGTAGGTACC-1,0.000038,0.106919,0.07497,0.630935,0.187138
AAACCGTTCGTCCAGG-1,0.000043,0.018948,0.566085,0.396191,0.018733
AAACCTAAGCAGCCGG-1,0.000027,0.035966,0.943194,0.012061,0.008752
AAACCTCATGAAGTTG-1,0.000034,0.110954,0.000068,0.474226,0.414718
AAACGAAGAACATACC-1,0.00005,0.00005,0.000099,0.636635,0.363166
AAACGAAGATGGAGTA-1,0.000032,0.000032,0.000065,0.16523,0.834641
AAACGACAGTCTTGCC-1,0.000033,0.000033,0.005102,0.958144,0.036689
AAACGAGACGGTTGAT-1,0.000051,0.000051,0.510601,0.340559,0.148739
AAACGCCCGAGATCGG-1,0.000028,0.000028,0.000055,0.103395,0.896495
AAACGCTGGGCACGAC-1,0.000021,0.000021,0.722391,0.003082,0.274485
AAACGGGCGTACGGGT-1,0.000028,0.050088,0.530206,0.000056,0.419621
AAACGGGTTGGTATCC-1,0.000039,0.041682,0.000078,0.42893,0.52927
AAACGGTTGCGAACTG-1,0.000055,0.000055,0.744899,0.114587,0.140405
AAACGTGTTCGCCCTA-1,0.000013,0.069709,0.182689,0.00428,0.743309
AAACTAACGTGGCGAC-1,0.000017,0.000017,0.037038,0.001837,0.961092
AAACTCGGTTCGCAAT-1,0.000037,0.049656,0.950082,0.000075,0.00015
AAACTCGTGATATAAG-1,0.000013,0.003828,0.056344,0.002066,0.93775
AAACTGCTGGCTCCAA-1,0.000069,0.000069,0.889244,0.110341,0.000276
AAACTTAATTGCACGC-1,0.000039,0.038211,0.09945,0.522659,0.339642
AAACTTGCAAACGTAT-1,0.000012,0.133549,0.007202,0.00995,0.849287
AAAGAATGACCTTAGA-1,0.000039,0.000039,0.000078,0.474464,0.52538
AAAGAATGTGGACTAA-1,0.000016,0.099345,0.900546,0.000031,0.000062
AAAGACATGAAGTTTA-1,0.000032,0.000032,0.036029,0.850327,0.113582
AAAGACCCAAGTCGCG-1,0.000016,0.011903,0.003008,0.027959,0.957113
AAAGACTGGGCGCTTT-1,0.000021,0.049633,0.019004,0.085538,0.845803
AAAGCTTGCCTACATA-1,0.000014,0.004731,0.061971,0.070323,0.862961
AAAGGCCCTATAATAC-1,0.000029,0.040263,0.000058,0.301291,0.658358
AAAGGCTACGGACCAT-1,0.000036,0.076543,0.795139,0.000072,0.12821
AAAGGCTCTCGCGCCG-1,0.000046,0.162606,0.769936,0.067227,0.000185
AAAGGGATGTAGCAAG-1,0.000029,0.178284,0.000057,0.395699,0.425932
AAAGGGCAGCTTGAAT-1,0.000028,0.045093,0.000055,0.4593,0.495524
AAAGGTAAGCTGTACC-1,0.000028,0.000028,0.000057,0.000057,0.99983
AAAGTAGCATTGCTCA-1,0.00003,0.374963,0.254826,0.182929,0.187252
AAAGTCACTGATGTAA-1,0.000013,0.000013,0.000026,0.000026,0.999922
AAAGTCGACCCTCAGT-1,0.000012,0.002803,0.000025,0.00342,0.99374
AAAGTGCCATCAATTA-1,0.000036,0.038102,0.513275,0.000071,0.448516
AAAGTGTGATTTATCT-1,0.00004,0.00004,0.745127,0.239242,0.015551
AAAGTTGACTCCCGTA-1,0.000044,0.000044,0.706176,0.002581,0.291155
AAATAACCATACGGGA-1,0.000017,0.016327,0.053317,0.110979,0.81936
AAATAAGGTAGTGCCC-1,0.000021,0.029115,0.104253,0.098671,0.76794
AAATACCTATAAGCAT-1,0.000053,0.091567,0.894336,0.013832,0.000212
AAATAGCTTAGACTTT-1,0.000027,0.022278,0.618645,0.089824,0.269226
AAATAGGGTGCTATTG-1,0.000037,0.000037,0.8317,0.023509,0.144716
AAATCACTCCTAAACG-1,0.000037,0.043372,0.112656,0.788978,0.054958
AAATCCGATACACGCC-1,0.000019,0.200974,0.583222,0.000038,0.215746
AAATCGCGGAAGGAGT-1,0.00006,0.00006,0.00012,0.849174,0.150587
AAATCGTGTACCACAA-1,0.00008,0.167485,0.64273,0.189387,0.000318
AAATCTAGCCCTGCTA-1,0.000026,0.001168,0.998649,0.000052,0.000104
AAATCTGCCCGCGTCC-1,0.000061,0.02065,0.000123,0.261153,0.718013
AAATGATTCGATCAGC-1,0.000016,0.008695,0.000033,0.191351,0.799906
AAATGCTCGTTACGTT-1,0.000022,0.062966,0.081999,0.004532,0.850481
AAATGGCATGTCTTGT-1,0.000039,0.013932,0.036892,0.586574,0.362563
AAATGGCCCGTGCCCT-1,0.000023,0.084044,0.000047,0.186537,0.729349
AAATGGTCAATGTGCC-1,0.000038,0.02531,0.656938,0.26193,0.055785
AAATGTATCTTATCCC-1,0.000034,0.011279,0.000068,0.130948,0.85767
AAATGTGGGTGCTCCT-1,0.000035,0.000035,0.000071,0.32946,0.670399
AAATTAACGGGTAGCT-1,0.000078,0.000078,0.683969,0.31556,0.000314
AAATTAATAAGCGCGA-1,0.000017,0.000017,0.000035,0.219213,0.780717
AAATTACACGACTCTG-1,0.000021,0.000021,0.000043,0.020922,0.978992
AAATTACCTATCGATG-1,0.000023,0.104821,0.011614,0.295837,0.587706
AAATTCCAGGTCCAAA-1,0.000019,0.000019,0.593145,0.077176,0.32964
AAATTGATAGTCCTTT-1,0.000027,0.168468,0.000053,0.112188,0.719264
AAATTGCGGCGGTTCT-1,0.000027,0.000027,0.000054,0.29819,0.701702
AAATTGGTGAGAAGCA-1,0.000022,0.005859,0.01531,0.127172,0.851637
AAATTTACCGAAATCC-1,0.000052,0.000052,0.000104,0.524154,0.475639
AAATTTGCGGGTGTGG-1,0.000032,0.035466,0.017985,0.438078,0.508439
AACAACTGGTAGTTGC-1,0.000063,0.000063,0.205053,0.794567,0.000253
AACAATACATTGTCGA-1,0.000057,0.236058,0.544352,0.194589,0.024943
AACAATTACTCTACGC-1,0.000053,0.045995,0.042199,0.910292,0.001462
AACACACGCTCGCCGC-1,0.000031,0.000031,0.915097,0.042426,0.042415
AACACGACTGTACTGA-1,0.000016,0.015379,0.034058,0.000032,0.950515
AACACGAGACGCGGCC-1,0.000025,0.029445,0.000049,0.4376,0.532882
AACACGCGGCCGCGAA-1,0.00004,0.057827,0.017656,0.239068,0.685409
AACAGCTGTGTGGCAA-1,0.000039,0.244535,0.120111,0.278865,0.35645
AACAGGAAATCGAATA-1,0.000039,0.056184,0.000079,0.697843,0.245855
AACAGGATGGGCCGCG-1,0.000024,0.032398,0.038613,0.363625,0.565341
AACAGGTAGTATGGAT-1,0.000019,0.000019,0.966747,0.000037,0.033179
AACATATCAACTGGTG-1,0.000059,0.09687,0.206806,0.463281,0.232984
AACATCGATACGTCTA-1,0.000028,0.032371,0.03662,0.216548,0.714433
AACATTGAAGTTGATC-1,0.000038,0.150023,0.01705,0.318541,0.514348
AACATTGTGACTCGAG-1,0.000084,0.028251,0.816792,0.154539,0.000334
AACCAAGACTTCTCTG-1,0.000018,0.233355,0.000037,0.050766,0.715823
AACCAGTATCACTCTT-1,0.000061,0.000061,0.000123,0.238475,0.76128
AACCATAGGGTTGAAC-1,0.000022,0.000022,0.000045,0.000045,0.999866
AACCATGGGATCGCTA-1,0.000038,0.008338,0.019042,0.478876,0.493706
AACCCAGAGACGGAGA-1,0.000024,0.035584,0.04247,0.296544,0.625378
AACCCATCCCATGATC-1,0.000051,0.000051,0.019242,0.736158,0.244498
AACCCGACAACCCGTG-1,0.000054,0.000054,0.77597,0.097044,0.126877
AACCCGAGCAGAATCG-1,0.000024,0.038138,0.938615,0.000048,0.023176
AACCCGATAGGGCTTC-1,0.000026,0.000026,0.009767,0.030166,0.960015
AACCCTACTGTCAATA-1,0.000067,0.057797,0.704795,0.126019,0.111322
AACCCTGGTGGAACCA-1,0.000015,0.000015,0.00003,0.00003,0.999911
AACCGAGCTTGGTCAT-1,0.000035,0.055287,0.023346,0.545938,0.375394
AACCGCTAAGGGATGC-1,0.000032,0.048576,0.842577,0.102323,0.006492
AACCGTTGTGTTTGCT-1,0.000052,0.015157,0.000104,0.398801,0.585886
AACCTAAAGCCGTCCG-1,0.000064,0.000064,0.000129,0.999486,0.000257
AACCTCGCTTTAGCCC-1,0.000058,0.005489,0.785079,0.001616,0.207758
AACCTGTCACGGAATT-1,0.000029,0.000029,0.715562,0.255188,0.029192
AACCTTTAAATACGGT-1,0.000031,0.033769,0.523763,0.052527,0.38991
AACCTTTACGACGTCT-1,0.000019,0.005638,0.041658,0.000038,0.952647
AACGAAAGTCGTCCCA-1,0.000041,0.000041,0.000082,0.641559,0.358277
AACGACCTCCTAGCCG-1,0.000017,0.000017,0.883494,0.096279,0.020194
AACGATAATGCCGTAG-1,0.000036,0.030776,0.918015,0.05103,0.000143
AACGATAGAAGGGCCG-1,0.000051,0.122694,0.040676,0.628243,0.208334
AACGATATGTCAACTG-1,0.000035,0.114441,0.019241,0.450743,0.41554
AACGCATGATCTGGGT-1,0.000035,0.088814,0.038854,0.325288,0.54701
AACGCGAACGGCAACA-1,0.000017,0.000017,0.000033,0.004245,0.995688
AACGCGACCTTGGGCG-1,0.000054,0.000054,0.852124,0.140505,0.007264
AACGCGGTCTCCAGCC-1,0.000021,0.221418,0.036393,0.013813,0.728354
AACGCTGTTGCTGAAA-1,0.000056,0.095157,0.897917,0.006646,0.000224
AACGGACGTACGTATA-1,0.000045,0.135964,0.855685,0.008127,0.000179
AACGGCCATCTCCGGT-1,0.000052,0.018981,0.665882,0.154455,0.160629
AACGTACTGTGGGTAC-1,0.000069,0.193145,0.735055,0.071456,0.000275
AACGTAGTCTACCCAT-1,0.000033,0.000033,0.000066,0.461686,0.538182
AACGTCAGACTAGTGG-1,0.00003,0.080838,0.004743,0.450241,0.464148
AACGTCGCTGCACTTC-1,0.000014,0.197148,0.583365,0.027596,0.191876
AACGTGATGAAGGACA-1,0.000036,0.000036,0.017443,0.180088,0.802398
AACGTGCGAAAGTCTC-1,0.00003,0.273824,0.507714,0.090268,0.128164
AACGTTATCAGCACCT-1,0.00003,0.00003,0.00006,0.123839,0.876041
AACTACCCGTTTGTCA-1,0.00003,0.00003,0.998359,0.001462,0.00012
AACTAGCGTATCGCAC-1,0.000041,0.016651,0.034942,0.101289,0.847078
AACTAGGCTTGGGTGT-1,0.000025,0.222348,0.380623,0.0025,0.394504
AACTCAAGTTAATTGC-1,0.000048,0.234534,0.503898,0.261327,0.000193
AACTCCAGAGCGTGTT-1,0.000059,0.000059,0.863176,0.04679,0.089916
AACTCCTAATCCCATG-1,0.000029,0.000029,0.000058,0.166019,0.833864
AACTCGATGGCGCAGT-1,0.000042,0.006344,0.008469,0.276718,0.708427
AACTCTCAATAGAGCG-1,0.000034,0.171878,0.412494,0.301924,0.11367
AACTCTCAGTGTGCTC-1,0.000062,0.205001,0.616498,0.150505,0.027934
AACTGAGGTCAGCGTC-1,0.000032,0.000032,0.016542,0.00297,0.980425
AACTGAGTTATACTGA-1,0.000045,0.000045,0.685969,0.303394,0.010546
AACTGATATTAGGCCT-1,0.000039,0.003702,0.000078,0.522692,0.473488
AACTGGGTCCCGACGT-1,0.000011,0.068144,0.005469,0.068394,0.857982
AACTGGGTTCGAGCCG-1,0.000022,0.000022,0.000044,0.076888,0.923024
AACTGGTGTGGGCCTT-1,0.00002,0.00002,0.000041,0.000041,0.999878
AACTTCTGCGTCTATC-1,0.000033,0.152043,0.074119,0.02998,0.743825
AACTTGCCCGTATGCA-1,0.000025,0.075488,0.012267,0.271459,0.640762
AACTTGCGTTCTCGCG-1,0.00003,0.00003,0.002127,0.053891,0.943922
AACTTTACGGGAGCTT-1,0.00003,0.058498,0.00006,0.407092,0.534321
AACTTTAGCTGCTGAG-1,0.000067,0.027019,0.027049,0.484265,0.4616
AACTTTCTCGATCATG-1,0.00003,0.00003,0.05812,0.220082,0.721739
AAGAAAGTTTGATGGG-1,0.000028,0.000028,0.000056,0.000056,0.999832
AAGAAATCACCAGATT-1,0.000017,0.027058,0.097838,0.063933,0.811154
AAGAAGGATCAGTTAG-1,0.000028,0.046259,0.038392,0.119375,0.795945
AAGACATACGTGGTTT-1,0.000018,0.000018,0.978499,0.000037,0.021427
AAGACCAAATAACTCA-1,0.000019,0.012604,0.019734,0.052716,0.914927
AAGACCCAACTGAACA-1,0.000038,0.066166,0.830907,0.04887,0.05402
AAGACTAACCCGTTGT-1,0.000052,0.000052,0.000104,0.640102,0.359691
AAGACTCACGCCCACT-1,0.000039,0.034638,0.030316,0.530231,0.404775
AAGACTGCAAGCTACT-1,0.00006,0.182306,0.636772,0.175255,0.005606
AAGAGATGAATCGGTA-1,0.000023,0.055198,0.000045,0.054288,0.890446
AAGAGCTCTTTATCGG-1,0.000094,0.037519,0.639895,0.322113,0.000377
AAGAGGATGTACGCGA-1,0.000033,0.018098,0.000066,0.439081,0.542721
AAGAGGCATGGATCGC-1,0.000072,0.022859,0.498291,0.06993,0.408848
AAGAGGCCCTTTGGAA-1,0.000029,0.000029,0.965429,0.000059,0.034454
AAGATGGCACCGGACC-1,0.000041,0.081373,0.778467,0.130762,0.009357
AAGATTGGCGGAACGT-1,0.000019,0.109895,0.009771,0.155855,0.724461
AAGCACCCTGCGTATC-1,0.000037,0.118785,0.782455,0.021873,0.07685
AAGCATACTCTCCTGA-1,0.000025,0.098231,0.728666,0.03364,0.139438
AAGCCACTTGCAGGTA-1,0.000061,0.014165,0.295283,0.410327,0.280163
AAGCCGAAGCGGTTTA-1,0.000026,0.000026,0.85568,0.125466,0.018801
AAGCCGCCGTGAAATC-1,0.000023,0.001357,0.000047,0.192763,0.805811
AAGCCGCTTTACCTTG-1,0.000011,0.000011,0.001598,0.000023,0.998356
AAGCCGGAGAGCAGGA-1,0.000043,0.000043,0.713709,0.172467,0.113737
AAGCGCAGGGCTTTGA-1,0.000045,0.025676,0.974006,0.000091,0.000182
AAGCGGAGTGCGCGCA-1,0.000044,0.000044,0.051035,0.559784,0.389094
AAGCGGCGTCATGGGT-1,0.000098,0.000098,0.000196,0.634349,0.365258
AAGCGTCCCTCATCGA-1,0.000092,0.000092,0.334018,0.565321,0.100477
AAGCTAGATCGAGTAA-1,0.000048,0.026506,0.902716,0.008487,0.062243
AAGCTATGGATTGACC-1,0.000022,0.035157,0.010023,0.032552,0.922246
AAGCTCGTGCCAAGTC-1,0.000045,0.027976,0.313927,0.577265,0.080786
AAGCTCTTTCATGGTG-1,0.000079,0.000079,0.951039,0.031786,0.017018
AAGGAGAACTTATAAG-1,0.000047,0.000047,0.007892,0.460398,0.531616
AAGGAGCGGTTGGTGC-1,0.000049,0.163015,0.037217,0.496354,0.303365
AAGGATCGATCGCTTG-1,0.00002,0.000736,0.551364,0.00132,0.446561
AAGGATGAGGGACCTC-1,0.000044,0.259372,0.17446,0.492569,0.073555
AAGGCAGGCTGTCTCC-1,0.000025,0.00549,0.938209,0.012787,0.043489
AAGGCGCGTAAAGCTT-1,0.000017,0.094645,0.000035,0.132509,0.772794
AAGGCTGTGCTCATCG-1,0.000047,0.332939,0.142169,0.438581,0.086263
AAGGGAACGACTGGCT-1,0.000027,0.194211,0.208058,0.361455,0.236249
AAGGGACAGATTCTGT-1,0.000027,0.043829,0.005536,0.403591,0.547017
AAGGGACTATGCATTC-1,0.000052,0.004852,0.051629,0.656808,0.286658
AAGGGTTTGATTTCAG-1,0.000029,0.000029,0.000058,0.000058,0.999825
AAGGTATCCTAATATA-1,0.00005,0.087446,0.072545,0.64082,0.199139
AAGGTGATAAACCAGC-1,0.000025,0.113348,0.58043,0.000049,0.306148
AAGTAAGCTTCCAAAC-1,0.000037,0.034758,0.038884,0.801865,0.124457
AAGTAGAAGACCGGGT-1,0.000027,0.07537,0.000054,0.286362,0.638186
AAGTAGTGACGCGAGG-1,0.000039,0.112666,0.037551,0.612368,0.237375
AAGTCAATTGTCGTCA-1,0.000032,0.169104,0.827969,0.002739,0.000156
AAGTCTAGTAGCTGCC-1,0.000014,0.049959,0.044555,0.017649,0.887822
AAGTCTTCTGTGGCCT-1,0.000016,0.000016,0.000033,0.02492,0.975014
AAGTGACGACCGAATT-1,0.000025,0.049661,0.018512,0.267298,0.664504
AAGTGAGTCGGGTTTA-1,0.00005,0.436505,0.347259,0.0001,0.216087
AAGTGCAAAGGTAGAC-1,0.000023,0.000825,0.000045,0.337516,0.66159
AAGTGCCTTGACTGTA-1,0.000022,0.03682,0.352937,0.000045,0.610175
AAGTGCGTTAGAATCT-1,0.000017,0.093837,0.000035,0.065213,0.840898
AAGTGCTTCTCTATTG-1,0.00002,0.02346,0.179669,0.00004,0.79681
AAGTGTTTGGAGACGG-1,0.000056,0.022466,0.96849,0.008763,0.000226
AAGTTCACTCCAAGCT-1,0.000043,0.034601,0.937743,0.027441,0.000172
AAGTTCAGTCTGCGTA-1,0.000038,0.000038,0.000076,0.649731,0.350118
AAGTTCGGCCAACAGG-1,0.000035,0.094761,0.053796,0.429809,0.421599
AAGTTGTGATGTTATA-1,0.00007,0.00007,0.889227,0.049574,0.06106
AAGTTTACTAATGGCA-1,0.000064,0.000064,0.000128,0.593239,0.406504
AAGTTTATGGGCCCAA-1,0.000053,0.160649,0.838983,0.000105,0.000211
AATAACAACGCTCGGC-1,0.000016,0.089578,0.000032,0.366736,0.543639
AATAACACTAGAACAA-1,0.00005,0.005024,0.376051,0.57214,0.046734
AATAAGTCCTCGAGAC-1,0.000038,0.000038,0.000076,0.24026,0.759588
AATAATCTTCGTATCG-1,0.000033,0.000033,0.86998,0.129825,0.00013
AATACAATGTTTCAGG-1,0.000023,0.030351,0.033223,0.055785,0.880619
AATACCGGAGGGCTGT-1,0.000069,0.033294,0.742058,0.192729,0.031849
AATAGAACAGAGTGGC-1,0.000039,0.076961,0.765271,0.157572,0.000157
AATAGAATCTGTTTCA-1,0.000033,0.163598,0.825695,0.006275,0.004398
AATAGCAAGCCTCCTG-1,0.000018,0.000018,0.031801,0.020177,0.947986
AATAGCTACCGCGTGC-1,0.000021,0.052045,0.003372,0.116754,0.827808
AATAGTCCGTCCCGAC-1,0.000037,0.175764,0.823973,0.000075,0.00015
AATAGTCGCGAGTCGG-1,0.000011,0.000011,0.000023,0.000023,0.999931
AATATCAAGGTCGGAT-1,0.000025,0.012542,0.00005,0.026689,0.960695
AATATCCTAGCAAACT-1,0.000041,0.000041,0.004495,0.267095,0.728328
AATATCGAATCAATGC-1,0.000026,0.000026,0.989251,0.010591,0.000105
AATATCGAGGGTTCTC-1,0.000053,0.031283,0.125713,0.257125,0.585825
AATATTGGAGTATTGA-1,0.000034,0.082085,0.000069,0.202933,0.714878
AATCAGACTGCAGGAC-1,0.000041,0.000041,0.000081,0.265721,0.734117
AATCAGGTTTCATTTA-1,0.000045,0.178364,0.540968,0.255656,0.024967
AATCATGTAAAGACTC-1,0.000044,0.000044,0.999647,0.000088,0.000177
AATCCAAGGGCCTGAG-1,0.000028,0.092216,0.000056,0.290224,0.617477
AATCCATGCAAGGGTG-1,0.00003,0.070125,0.000061,0.16479,0.764995
AATCGCCTCAGCGCCA-1,0.000038,0.078027,0.67026,0.163859,0.087816
AATCGCGCAGAGGACT-1,0.000029,0.01749,0.896818,0.017909,0.067754
AATCGGGACACTACGA-1,0.000048,0.000048,0.000096,0.256696,0.743111
AATCGGTATAGCCCTC-1,0.000042,0.000042,0.987835,0.011912,0.000169
AATCGTGAGCCGAGCA-1,0.000043,0.000043,0.99216,0.007582,0.000173
AATCTAGGTTTACTTG-1,0.000055,0.000055,0.00011,0.602361,0.397419
AATCTATGCCGGAGCC-1,0.000035,0.045068,0.215679,0.44849,0.290728
AATCTCTACTGTGGTT-1,0.000019,0.005639,0.000038,0.108392,0.885912
AATCTGCGTTGGGACG-1,0.000022,0.255454,0.264241,0.026804,0.453478
AATCTGGCTTTCTAGT-1,0.000038,0.000038,0.000077,0.369454,0.630392
AATCTGGGTAGACCCT-1,0.000041,0.000041,0.017815,0.282666,0.699436
AATGACAGCAATGTCT-1,0.000023,0.023656,0.00922,0.106445,0.860656
AATGACGTAGGATGTC-1,0.000024,0.085632,0.42623,0.128443,0.35967
AATGACTGTCAGCCGG-1,0.000039,0.000039,0.002341,0.763913,0.233669
AATGAGTTCGCATATG-1,0.000021,0.000021,0.000042,0.000042,0.999873
AATGATGATACGCTAT-1,0.000048,0.115952,0.013074,0.518484,0.352442
AATGATGCGACTCCTG-1,0.00006,0.209215,0.463082,0.218138,0.109506
AATGCAACCGGGTACC-1,0.000021,0.195613,0.016598,0.226296,0.561472
AATGCACCAAGCAATG-1,0.000014,0.047492,0.003946,0.000028,0.94852
AATGGCCGCCAATGCG-1,0.000027,0.029171,0.030538,0.324879,0.615386
AATGGTCCACCGTTCA-1,0.000014,0.00815,0.000027,0.015613,0.976196
AATGGTTCTCACAAGC-1,0.00002,0.00002,0.012202,0.064158,0.9236
AATGTATGGCACTGTA-1,0.000048,0.06192,0.015418,0.398299,0.524316
AATGTGCCCGAGGTGT-1,0.000016,0.1687,0.111356,0.018381,0.701548
AATGTGCTAATCTGAG-1,0.00007,0.00007,0.189614,0.763275,0.046972
AATGTTGTCGTGAGAC-1,0.000029,0.031746,0.962183,0.000135,0.005907
AATTAAAGGTCGGCGT-1,0.00005,0.426,0.363461,0.064626,0.145863
AATTAACGGATTTCCA-1,0.000037,0.221602,0.496757,0.000075,0.281528
AATTACGAGACCCATC-1,0.000029,0.000029,0.000059,0.047209,0.952673
AATTAGCGCTGCAGCG-1,0.000042,0.230128,0.601012,0.026421,0.142396
AATTCATAAGGGATCT-1,0.000021,0.19226,0.000042,0.017137,0.79054
AATTCATTGTCATGCA-1,0.00003,0.00003,0.00006,0.132485,0.867394
AATTCCAAGCATGTAC-1,0.00008,0.070096,0.928783,0.000719,0.000322
AATTCGATTCGAGGAT-1,0.000054,0.077665,0.825571,0.096496,0.000214
AATTCTAGAGTTAGGC-1,0.000056,0.196563,0.803048,0.000111,0.000222
AATTGAACGCTCTGGT-1,0.000038,0.009031,0.887236,0.063878,0.039818
AATTGCAGCAATCGAC-1,0.000048,0.000048,0.794542,0.000097,0.205265
AATTGCGTGGATTACA-1,0.000031,0.000031,0.000061,0.000061,0.999816
AATTGTGGTTGCCAAA-1,0.000024,0.000039,0.984484,0.000049,0.015403
AATTTGGGACATAGTA-1,0.00004,0.00004,0.000079,0.370409,0.629433
AATTTGGTTCCAAAGA-1,0.00003,0.138268,0.087104,0.140805,0.633792
ACAAACCATGCGTCCT-1,0.000019,0.03005,0.000037,0.261312,0.708582
ACAAACCGACAAGGCG-1,0.000065,0.000066,0.000131,0.999476,0.000262
ACAAAGAAGGTAGGCC-1,0.000034,0.000034,0.0047,0.462494,0.532738
ACAAAGCATGACCTAG-1,0.000025,0.020182,0.967384,0.00005,0.012359
ACAAATCGCACCGAAT-1,0.000042,0.002855,0.89227,0.099367,0.005467
ACAAATGGTAGTGTTT-1,0.000064,0.000064,0.938649,0.060965,0.000258
ACAAATTCAGATCTGA-1,0.000048,0.000048,0.066397,0.230998,0.702509
ACAACAGCATGAGCTA-1,0.000058,0.062565,0.47143,0.465715,0.000232
ACAACGGTCCCTGCGA-1,0.000021,0.019812,0.002039,0.264328,0.7138
ACAAGCAGTGCCTAGC-1,0.000015,0.014778,0.000029,0.013881,0.971298
ACAAGCTATATGGAAG-1,0.000051,0.031695,0.012529,0.775445,0.18028
ACAAGGAAATCCGCCC-1,0.000037,0.09364,0.896469,0.009708,0.000147
ACAAGGACAAGAGGTT-1,0.000016,0.234561,0.000032,0.065264,0.700126
ACAAGGATGCTTTAGG-1,0.000037,0.132745,0.858304,0.008765,0.000149
ACAAGGCCTACCAGCC-1,0.000024,0.000024,0.000049,0.032262,0.967641
ACAAGGGCAGGCTCTG-1,0.00003,0.226205,0.673,0.00006,0.100705
ACAATAGTCGTACGTT-1,0.000035,0.210679,0.115704,0.334477,0.339105
ACAATCCATTTAAACC-1,0.000013,0.169509,0.005519,0.157095,0.667865
ACAATCGATCTTTATA-1,0.00005,0.00005,0.000101,0.376254,0.623544
ACAATGAATACGGAGA-1,0.000069,0.000069,0.268278,0.285705,0.445879
ACAATGATTCTTCTAC-1,0.000035,0.034949,0.025267,0.257989,0.68176
ACAATTGTGTCTCTTT-1,0.000032,0.103462,0.670201,0.007196,0.219109
ACAATTTAGGAGGCTC-1,0.000021,0.000021,0.000043,0.25964,0.740274
ACAATTTGAGCAGTGG-1,0.000051,0.155948,0.245208,0.542149,0.056643
ACAATTTGGCCATATT-1,0.000059,0.000059,0.954547,0.000118,0.045216
ACACAAAGACGGGTGG-1,0.000029,0.235018,0.150373,0.533459,0.081121
ACACAAATATTCCTAG-1,0.000026,0.000026,0.047707,0.229041,0.723199
ACACACCAGGACCAGT-1,0.000041,0.000041,0.823621,0.170877,0.005421
ACACACTTTCTACACG-1,0.000022,0.086563,0.046528,0.022179,0.844708
ACACATGATCAAATCT-1,0.000033,0.059528,0.036949,0.457928,0.445561
ACACATTTCCGTAGAC-1,0.000029,0.000029,0.972694,0.000057,0.027191
ACACCACATAATTAGC-1,0.000039,0.000039,0.281729,0.470652,0.247541
ACACCCAGCATGCAGC-1,0.000022,0.024399,0.000674,0.186907,0.787999
ACACCCGAGAAATCCG-1,0.000017,0.13197,0.006723,0.199647,0.661643
ACACCCGTAAATCTGT-1,0.000052,0.024482,0.094556,0.750377,0.130533
ACACCGAGCGCTCTTT-1,0.000019,0.000019,0.000038,0.051109,0.948814
ACACCGGTCTGACCGC-1,0.000032,0.006283,0.00261,0.390097,0.600978
ACACCTTAAGTAGGGC-1,0.000046,0.036078,0.015638,0.491766,0.45647
ACACCTTACTACTTGC-1,0.000024,0.005296,0.970965,0.000049,0.023666
ACACGAGACTCCTTCT-1,0.000044,0.279177,0.428422,0.254056,0.038301
ACACGGCACTATGCAT-1,0.000052,0.000052,0.000103,0.419518,0.580275
ACACGGGAACTTAGGG-1,0.000031,0.08961,0.290483,0.374376,0.2455
ACACGTAGGCCACAAG-1,0.000033,0.000033,0.815122,0.016823,0.167988
ACACTCCAATGTCACT-1,0.000026,0.000026,0.040578,0.008225,0.951145
ACACTGATCAAGGTGT-1,0.000029,0.455215,0.155619,0.004106,0.38503
ACACTGGGACAGTCGT-1,0.000041,0.000041,0.992464,0.000082,0.007373
ACAGAACTGAGAACAA-1,0.000035,0.000659,0.047397,0.576094,0.375816
ACAGATTAGGTTAGTG-1,0.000022,0.003851,0.000045,0.005783,0.990298
ACAGCATAGAGCCAGT-1,0.000017,0.000242,0.000034,0.034638,0.96507
ACAGCGACATTCTCAT-1,0.000053,0.014944,0.984683,0.000107,0.000213
ACAGCGCACCCGCAGC-1,0.000045,0.000045,0.000091,0.30213,0.697689
ACAGGCACGGATCCTT-1,0.000025,0.042283,0.914462,0.000049,0.043181
ACAGGCTTGCCCGACT-1,0.000036,0.035369,0.964377,0.000072,0.000145
ACAGGTGGAGGTGAGG-1,0.00005,0.113156,0.269755,0.400931,0.216108
ACAGGTGTGTTGTTGC-1,0.000013,0.000013,0.000027,0.000027,0.99992
ACAGTAATACAACTTG-1,0.000022,0.043591,0.000044,0.243726,0.712617
ACAGTATACCGTGGGA-1,0.000039,0.000039,0.000078,0.71353,0.286313
ACATAAGTCGTGGTGA-1,0.000026,0.021647,0.064002,0.25955,0.654775
ACATAATAAGGCGGTG-1,0.000022,0.009119,0.000045,0.173603,0.817211
ACATACAATCAAGCGG-1,0.000024,0.089337,0.716047,0.113814,0.080778
ACATCAGCTGGGACGC-1,0.000023,0.024403,0.001499,0.273032,0.701043
ACATCCCGGCCATACG-1,0.000035,0.071537,0.928221,0.000069,0.000138
ACATCCTGGTAACTGT-1,0.000038,0.102511,0.663789,0.000077,0.233584
ACATCGATCGTTTACC-1,0.000062,0.035037,0.643774,0.250878,0.07025
ACATCGGTCAGCCGCG-1,0.000052,0.424974,0.273044,0.301721,0.000208
ACATCGTATGCAATGG-1,0.000026,0.000026,0.733011,0.213784,0.053152
ACATCGTTAACCTAGT-1,0.000078,0.117248,0.11364,0.469256,0.299777
ACATCTCAACGCGTAA-1,0.000019,0.000019,0.000038,0.072642,0.927282
ACATGCTTACGGCAGC-1,0.000043,0.000043,0.057193,0.150864,0.791857
ACATGGCGCCAAAGTA-1,0.00004,0.061048,0.883388,0.032089,0.023434
ACATTAGTTTATATCC-1,0.00005,0.137498,0.799036,0.063214,0.000201
ACATTCGCGCGGAATA-1,0.000046,0.168399,0.003248,0.242264,0.586044
ACATTTGAAACCTAAC-1,0.000024,0.008646,0.960447,0.000048,0.030835
ACCAAACACCCAGCGA-1,0.000015,0.036525,0.118133,0.154664,0.690663
ACCAAACTAGAAATCC-1,0.000035,0.000035,0.00007,0.365584,0.634275
ACCAACACCACACACT-1,0.000027,0.106158,0.130686,0.343684,0.419445
ACCAACCGCACTCCAC-1,0.000019,0.000019,0.965509,0.000038,0.034415
ACCAACGCTTATTTAT-1,0.000061,0.000061,0.76185,0.17789,0.060138
ACCAAGAACGCGTGTC-1,0.000012,0.238334,0.00625,0.037471,0.717932
ACCAAGTCATCGGCAG-1,0.000033,0.000033,0.999739,0.000065,0.00013
ACCAATATGCAAGTTA-1,0.00003,0.287602,0.504482,0.00006,0.207827
ACCACAACTCAGAACA-1,0.00002,0.006171,0.003571,0.00004,0.990199
ACCACAAGTTTCTATC-1,0.000029,0.194433,0.315992,0.223916,0.265631
ACCACCAATGTAACAA-1,0.000026,0.000026,0.830108,0.079504,0.090335
ACCACCCTCTCTTCTA-1,0.000016,0.013632,0.019787,0.032151,0.934414
ACCACGTGCAGCTATA-1,0.000037,0.085796,0.780803,0.067994,0.06537
ACCAGACCATAACAAC-1,0.000019,0.009319,0.000039,0.310331,0.680292
ACCAGCCCGGTCTTTG-1,0.000024,0.000024,0.000049,0.016379,0.983524
ACCAGGAGTGTGATCT-1,0.000042,0.000042,0.000083,0.232987,0.766846
ACCAGTGCCCGGTCAA-1,0.000037,0.000037,0.000074,0.000074,0.999779
ACCAGTGCGGGAGACG-1,0.000037,0.032206,0.930413,0.037196,0.000148
ACCATATCCGCAATAA-1,0.000044,0.419274,0.560666,0.019838,0.000178
ACCATCCGCCAACTAG-1,0.000017,0.169575,0.05828,0.028873,0.743255
ACCATCGTATATGGTA-1,0.000095,0.077243,0.519277,0.403006,0.000379
ACCATTAAGGGTGTCA-1,0.000032,0.000032,0.000063,0.41312,0.586754
ACCCAACGCCCGTGGC-1,0.000051,0.043401,0.60488,0.351465,0.000204
ACCCACCTACATGCTC-1,0.000047,0.088092,0.007882,0.773926,0.130052
ACCCATCTTGAGGGTA-1,0.000036,0.038611,0.091257,0.323281,0.546816
ACCCATTTGTCCCTCT-1,0.000031,0.024814,0.825047,0.000063,0.150044
ACCCGAGCGAAATTAC-1,0.000026,0.12696,0.266987,0.263569,0.342457
ACCCGATTGGTTCCGA-1,0.000039,0.311403,0.360267,0.171624,0.156668
ACCCGGAAACTCCCAG-1,0.000063,0.076887,0.891338,0.031462,0.000251
ACCCGGAGCACCACAA-1,0.000035,0.020213,0.979544,0.000069,0.000139
ACCCGGATGACGCATC-1,0.000077,0.000077,0.641543,0.076013,0.28229
ACCCGGTTACACTTCC-1,0.000069,0.113176,0.482088,0.186169,0.218497
ACCCGTAGCAGAGAAT-1,0.000019,0.000019,0.000038,0.000038,0.999885
ACCCGTAGTCTAGTTG-1,0.000021,0.000021,0.941541,0.058331,0.000085
ACCCGTGTCATCAGTA-1,0.000062,0.069015,0.88228,0.013108,0.035535
ACCCTATAGGACTGAG-1,0.000044,0.018297,0.000088,0.110609,0.870963
ACCCTATGCCATATCG-1,0.000088,0.029972,0.709847,0.259743,0.000351
ACCCTCCCGTCAGGGC-1,0.000022,0.005369,0.935994,0.000043,0.058573
ACCCTCCCTTGCTATT-1,0.00006,0.141589,0.804365,0.016628,0.037359
ACCCTGGTAACGCCCT-1,0.000026,0.093098,0.078719,0.224504,0.603653
ACCCTTCATCTGCGAA-1,0.000045,0.016133,0.013318,0.346976,0.623527
ACCCTTGCCTGGGTCG-1,0.000017,0.034623,0.078443,0.067355,0.819562
ACCCTTTAGTTCTCCA-1,0.000072,0.008583,0.000144,0.312976,0.678225
ACCGAAAGGGCCCTGC-1,0.000023,0.000023,0.000047,0.085523,0.914383
ACCGAAGAGTCTGGTT-1,0.000046,0.000046,0.000092,0.374016,0.625799
ACCGACACATCTCCCA-1,0.00004,0.178191,0.821526,0.000081,0.000161
ACCGACTGAGTCCCAC-1,0.000023,0.054521,0.213417,0.157127,0.574911
ACCGAGTCTCCTTATT-1,0.000027,0.000027,0.986743,0.000055,0.013148
ACCGATAGGCATAACC-1,0.000018,0.039429,0.960446,0.000036,0.000071
ACCGATATTTAATCAT-1,0.000027,0.004476,0.985898,0.000055,0.009544
ACCGATGGTAGCATCG-1,0.00003,0.172096,0.246376,0.061864,0.519634
ACCGCAATAACTGCCT-1,0.000023,0.117549,0.882292,0.000045,0.000091
ACCGCGGTGGAAGTCG-1,0.000042,0.039223,0.956409,0.004158,0.000168
ACCGCTAGTCATTGGT-1,0.000046,0.000046,0.626507,0.035732,0.337669
ACCGGGCCTTTGTTGA-1,0.000037,0.000037,0.846731,0.106785,0.04641
ACCGGTCAGGTACACC-1,0.000043,0.000043,0.003375,0.540699,0.455841
ACCGGTCTGAGTACGG-1,0.000022,0.000022,0.000044,0.007628,0.992285
ACCGTCCACTGGGCCC-1,0.000027,0.023568,0.045683,0.240521,0.6902
ACCGTGACCACGTGGG-1,0.000029,0.000029,0.357783,0.082671,0.559487
ACCGTTCCCGCTCTGA-1,0.000049,0.015496,0.000098,0.204671,0.779685
ACCTAAGTACCTTTCA-1,0.000026,0.083982,0.007208,0.120718,0.788066
ACCTAATCGACTTCCT-1,0.000027,0.000027,0.000053,0.367828,0.632065
ACCTACAGTATGTGGT-1,0.000038,0.000038,0.859168,0.015513,0.125244
ACCTACTATAAATCTA-1,0.000081,0.000082,0.698308,0.029168,0.27236
ACCTCAGCGAGGCGCA-1,0.00003,0.067764,0.823804,0.067391,0.041011
ACCTCCGCCCTCGCTG-1,0.000036,0.000036,0.943427,0.051759,0.004743
ACCTCCGTTATTCACC-1,0.000034,0.096304,0.623031,0.12615,0.154482
ACCTCGAACTTATGCT-1,0.000021,0.000021,0.012336,0.098838,0.888783
ACCTGCGTGTCATGTT-1,0.000022,0.020505,0.000045,0.039331,0.940097
ACCTTTCCTTTAGAAG-1,0.000065,0.000065,0.00013,0.867288,0.132452
ACGAAATGGGCGGCAC-1,0.000021,0.049963,0.0195,0.400565,0.529952
ACGACCCATGAGTTGC-1,0.000028,0.061075,0.896585,0.011361,0.03095
ACGACTCTAGGGCCGA-1,0.000046,0.000046,0.999631,0.000092,0.000184
ACGACTGGTCATACTC-1,0.000036,0.07186,0.530555,0.260367,0.137182
ACGAGAACCCATCACG-1,0.00002,0.025115,0.045278,0.034776,0.894812
ACGAGATATTTGCTTA-1,0.000055,0.039936,0.008376,0.340912,0.610721
ACGAGGATACCACTCT-1,0.000016,0.000016,0.000031,0.000031,0.999906
ACGAGGTTTACAACGT-1,0.000032,0.011445,0.029838,0.398445,0.56024
ACGAGTACGGATGCCC-1,0.000044,0.003195,0.121968,0.365519,0.509274
ACGATACATAGAACTA-1,0.000018,0.217066,0.012293,0.044124,0.726498
ACGATACCTATCCTGA-1,0.000014,0.000014,0.000029,0.000029,0.999914
ACGATCATACATAGAG-1,0.000021,0.188508,0.021996,0.098675,0.6908
ACGATCATCTTGTAAA-1,0.000043,0.042433,0.572831,0.304048,0.080645
ACGATGCATATGTTAT-1,0.000026,0.244533,0.308668,0.083157,0.363617
ACGATGGATCCGATGC-1,0.000049,0.030852,0.093594,0.514896,0.360609
ACGCAAACTAATAGAT-1,0.000058,0.21325,0.651851,0.047295,0.087547
ACGCAATCACTACAGC-1,0.000028,0.01804,0.000878,0.093201,0.887852
ACGCATAAATGACATG-1,0.000025,0.000025,0.000049,0.139364,0.860537
ACGCATACGTTTACTA-1,0.000039,0.001462,0.973014,0.02533,0.000156
ACGCATTCGTGAGTAC-1,0.000041,0.275765,0.212181,0.03506,0.476954
ACGCCAGATGATTTCT-1,0.000027,0.150187,0.000413,0.053892,0.795481
ACGCCAGTGCGTTTGC-1,0.000045,0.000045,0.930829,0.00009,0.068992
ACGCCCAGCTGTCGAT-1,0.000058,0.000058,0.000115,0.592138,0.407631
ACGCCGCTAGACGACC-1,0.000045,0.105327,0.87168,0.022768,0.00018
ACGCGAAGTCAGACGA-1,0.000027,0.138217,0.642847,0.000694,0.218214
ACGCGCTACACAGGGT-1,0.000023,0.31317,0.003009,0.144812,0.538985
ACGCGGGCCAAGGACA-1,0.00004,0.483655,0.465718,0.031916,0.018672
ACGCGTTTCTTAAGAG-1,0.000029,0.000029,0.000058,0.303136,0.696748
ACGCTAGTATCAGTGC-1,0.000097,0.000097,0.054711,0.859349,0.085745
ACGCTAGTGATACACT-1,0.000044,0.080956,0.117357,0.213356,0.588287
ACGCTGTGAGGCGTAG-1,0.000051,0.417303,0.043956,0.42746,0.11123
ACGCTTAGTGTCTCTC-1,0.000091,0.000091,0.000183,0.368224,0.63141
ACGGAACACGAGTGCC-1,0.000024,0.04795,0.944999,0.000047,0.00698
ACGGAATTTAGCAAAT-1,0.000037,0.072248,0.045403,0.28999,0.592322
ACGGACGCAGCGACAA-1,0.000013,0.000013,0.000026,0.000026,0.999922
ACGGACTCTCAAAGCG-1,0.000036,0.083934,0.688057,0.118773,0.1092
ACGGAGCGCAAATTAC-1,0.000017,0.000017,0.000033,0.006436,0.993497
ACGGATGGTGCGGATA-1,0.000062,0.009336,0.990229,0.000124,0.000249
ACGGCACTTGCTTGGG-1,0.000046,0.135739,0.863936,0.000093,0.000185
ACGGCCAACATGGACT-1,0.000047,0.09007,0.902505,0.007189,0.000189
ACGGCGACGATGGGAA-1,0.000031,0.204724,0.784177,0.000062,0.011005
ACGGCGGGTTGCCCTG-1,0.000018,0.000018,0.000036,0.009712,0.990217
ACGGCTGGATGTAGAA-1,0.000037,0.000037,0.000074,0.656078,0.343774
ACGGGAGTGTCGGCCC-1,0.000041,0.002248,0.000081,0.661857,0.335774
ACGGGCGTATGCGACA-1,0.000023,0.000023,0.024095,0.240039,0.73582
ACGGGTCATGTGACTT-1,0.000035,0.000035,0.00007,0.362588,0.637273
ACGGGTTGTGACCTGT-1,0.000082,0.000082,0.020583,0.322892,0.65636
ACGGTACAGTTCAATG-1,0.000026,0.03464,0.709798,0.000052,0.255485
ACGGTCACCGAGAACA-1,0.000026,0.000442,0.102264,0.400087,0.497181
ACGTACAGATTTCTCT-1,0.000056,0.000056,0.000112,0.053214,0.946562
ACGTACTTTGGCACGG-1,0.000049,0.230113,0.363628,0.254828,0.151382
ACGTAGATTGCTGATG-1,0.000039,0.051952,0.424665,0.154896,0.368448
ACGTAGGAGAGTCGCT-1,0.000057,0.002972,0.99663,0.000114,0.000227
ACGTATTACTCCGATC-1,0.0001,0.144158,0.34276,0.111193,0.401789
ACGTCCTAAACGAGAT-1,0.00005,0.009895,0.069742,0.887644,0.03267
ACGTCGGGCAACTCGG-1,0.00004,0.00004,0.158413,0.379555,0.461953
ACGTCTCGTTCCGGGA-1,0.000021,0.000021,0.000043,0.218256,0.781659
ACGTGACAAAGTAAGT-1,0.00002,0.110803,0.057128,0.225912,0.606137
ACGTGCGCCTCGTGCA-1,0.000045,0.028336,0.00009,0.53795,0.433579
ACGTGGTCGAATGTGC-1,0.000069,0.000069,0.000139,0.459188,0.540534
ACGTTAATGTCGAAGA-1,0.000039,0.212343,0.471508,0.008186,0.307924
ACGTTAGATTTGCCCG-1,0.00005,0.265154,0.30623,0.303634,0.124932
ACGTTATTGGTCACTC-1,0.000053,0.000053,0.000106,0.530039,0.46975
ACGTTCACTATGCCGC-1,0.000036,0.000036,0.819784,0.02205,0.158095
ACGTTCCGCGCTCCGT-1,0.000046,0.131319,0.098552,0.395048,0.375035
ACGTTCGCAATCAATT-1,0.000049,0.000049,0.403492,0.366474,0.229937
ACGTTCGTTCAGGAAA-1,0.000076,0.004906,0.862454,0.111705,0.020859
ACGTTCTGTACAAGTC-1,0.00002,0.118799,0.314815,0.000041,0.566325
ACGTTGTCGTTGAAAG-1,0.000035,0.012754,0.162263,0.09458,0.730368
ACGTTTAGTTGTGATC-1,0.000044,0.072342,0.000088,0.248771,0.678755
ACTAAGGACGCACACC-1,0.000046,0.007952,0.140422,0.47444,0.377139
ACTAATACGTCAGGCG-1,0.000035,0.000035,0.000071,0.012812,0.987046
ACTACAAAGAGAGGTG-1,0.000054,0.093603,0.902399,0.003726,0.000218
ACTACATCCCGACAAG-1,0.000031,0.001606,0.080683,0.587006,0.330674
ACTACCAGCTCTCTGG-1,0.000025,0.032195,0.000051,0.131282,0.836447
ACTACCATCCGAGGGC-1,0.00005,0.00005,0.159108,0.409202,0.431589
ACTACGCGTTAGAATT-1,0.000088,0.018593,0.884467,0.0965,0.000352
ACTAGTTGCGATCGTC-1,0.000026,0.006811,0.681867,0.000052,0.311244
ACTATATGCTGTGTTC-1,0.00004,0.000612,0.145255,0.237515,0.616577
ACTATCCAGGGCATGG-1,0.000038,0.000038,0.839759,0.056057,0.104108
ACTATCTGCCCGCGTA-1,0.000023,0.018109,0.789094,0.003944,0.188831
ACTATGTCCAGCTGCC-1,0.000024,0.084923,0.079726,0.136941,0.698385
ACTATTCGTCCGTGGT-1,0.000042,0.082907,0.003891,0.509766,0.403395
ACTATTTCCGGGCCCA-1,0.000049,0.004468,0.944129,0.047907,0.003447
ACTCAACGAATGTATT-1,0.000025,0.041952,0.011943,0.028225,0.917855
ACTCAAGTGCAAGGCT-1,0.000051,0.000052,0.999588,0.000103,0.000206
ACTCAATAAAGGCACG-1,0.000018,0.150979,0.000041,0.146112,0.70285
ACTCAGACCTGCTTCT-1,0.000026,0.004631,0.000053,0.110348,0.884942
ACTCATGGCAGCCTTC-1,0.000044,0.087562,0.083696,0.431398,0.397301
ACTCCAATATCATCAT-1,0.000022,0.001028,0.026658,0.118228,0.854064
ACTCCCATTCCTAAAG-1,0.000018,0.055301,0.021364,0.001773,0.921543
ACTCCCGAATTCGTTT-1,0.000055,0.007079,0.465355,0.399371,0.12814
ACTCCCGTAGACTAGG-1,0.000023,0.000633,0.043302,0.192371,0.763671
ACTCCCTAATGCTAAA-1,0.000029,0.199474,0.768826,0.031556,0.000115
ACTCCCTAGAATAGTA-1,0.000055,0.068459,0.931158,0.000109,0.000219
ACTCCGGCCGACCACT-1,0.000035,0.000035,0.999718,0.00007,0.000141
ACTCGATGTATTTCAT-1,0.00007,0.00007,0.000139,0.777603,0.222118
ACTCGCCGTTCGATAA-1,0.000016,0.01631,0.752332,0.011766,0.219575
ACTCGCGATCTGACGC-1,0.000028,0.062813,0.936993,0.000055,0.000111
ACTCGTAACCCGTCCT-1,0.000018,0.375349,0.047249,0.069645,0.507739
ACTCGTCAGTAATCCC-1,0.000041,0.037367,0.749138,0.16242,0.051034
ACTCTAAACCTGGGAT-1,0.000013,0.000164,0.000025,0.026283,0.973515
ACTCTCTGACTTAGGT-1,0.000075,0.055904,0.811654,0.129056,0.003311
ACTCTCTTATACACGA-1,0.000075,0.000075,0.000151,0.401986,0.597713
ACTCTGACCTAATAGA-1,0.000025,0.014843,0.984983,0.00005,0.000099
ACTCTTCAGCTCCCGC-1,0.000019,0.019094,0.535689,0.0251,0.420097
ACTCTTGTATAGTAAC-1,0.000033,0.000033,0.416298,0.110876,0.47276
ACTGAAACGCCGTTAG-1,0.000045,0.011868,0.933771,0.03802,0.016296
ACTGAATGGCGAAAGT-1,0.000035,0.132489,0.867268,0.000069,0.000139
ACTGATTTAGTGATTC-1,0.00009,0.00009,0.000179,0.534349,0.465292
ACTGCCCGCCATTCTC-1,0.000024,0.147293,0.341633,0.066731,0.444319
ACTGCCGTCGTAACTC-1,0.000016,0.000016,0.000031,0.007165,0.992773
ACTGCGGACACACCGT-1,0.000036,0.006651,0.458591,0.441155,0.093567
ACTGCTCGGAAGGATG-1,0.000051,0.000051,0.004558,0.935521,0.059819
ACTGGCGAACCTGCGT-1,0.00004,0.00004,0.021438,0.216828,0.761654
ACTGGGATGCCAGTGC-1,0.000057,0.000057,0.907353,0.000115,0.092418
ACTGTACGATACACAT-1,0.00004,0.172813,0.137607,0.218522,0.471018
ACTGTAGCACTTTGGA-1,0.000019,0.282234,0.00662,0.026964,0.684163
ACTGTATACGCGAGCA-1,0.000032,0.000032,0.000064,0.075533,0.924339
ACTGTCCAGGATTATA-1,0.000038,0.384518,0.266108,0.050597,0.298738
ACTGTCTTCTTTAGAA-1,0.000048,0.284376,0.236564,0.26297,0.216041
ACTGTGCTAGTAGATC-1,0.000032,0.001312,0.000064,0.010418,0.988175
ACTGTTTAGTGTAGGC-1,0.000037,0.000037,0.000074,0.170579,0.829273
ACTTACCGGGCGCGCA-1,0.000317,0.000318,0.000635,0.50103,0.4977
ACTTACGCATCCACGC-1,0.000049,0.000049,0.826503,0.127098,0.0463
ACTTAGTACGACAAGA-1,0.000039,0.000039,0.000077,0.507981,0.491864
ACTTATACTTACCCGG-1,0.000043,0.092915,0.486434,0.171088,0.24952
ACTTATTAGGATCGGT-1,0.000069,0.171016,0.569041,0.259599,0.000275
ACTTATTTATGTGCCA-1,0.000049,0.064815,0.934665,0.000276,0.000195
ACTTCAGGCTGATCCC-1,0.000033,0.000033,0.753164,0.148762,0.098007
ACTTCCAGTGGAAGCT-1,0.000037,0.000037,0.056477,0.080122,0.863327
ACTTCCATGCGGGACA-1,0.000045,0.045135,0.942067,0.006174,0.00658
ACTTCCTGTCGTGCGA-1,0.000067,0.000067,0.041973,0.957627,0.000267
ACTTCGCCATACGCAC-1,0.000031,0.599052,0.397377,0.003417,0.000123
ACTTCGCTAGCGAGTG-1,0.000031,0.016591,0.391448,0.370045,0.221886
ACTTGACTCCCTCTTT-1,0.000055,0.094679,0.877761,0.027283,0.000221
ACTTGCCATATTGTAC-1,0.00009,0.00009,0.00018,0.79975,0.199889
ACTTGCTCTATCTACC-1,0.000067,0.000067,0.000134,0.358411,0.641321
ACTTGGGACCCGGTGG-1,0.00004,0.204299,0.142662,0.379616,0.273383
ACTTGTAGTCCCTTCA-1,0.000023,0.004785,0.025733,0.342074,0.627386
ACTTGTGGATGGAACG-1,0.000091,0.000091,0.773946,0.000182,0.225691
ACTTTACCCTCATGAA-1,0.000025,0.024233,0.19492,0.014734,0.766088
ACTTTATACACCACTT-1,0.000031,0.002104,0.000062,0.02923,0.968573
ACTTTCCTATAGCTTC-1,0.000045,0.157812,0.303628,0.275158,0.263357
ACTTTGACTGCATCCT-1,0.000016,0.060131,0.005207,0.0042,0.930445
ACTTTGGTCGTGCTCC-1,0.000013,0.022114,0.036665,0.000027,0.94118
ACTTTGTCGACGCACT-1,0.000043,0.000043,0.999659,0.000085,0.000171
AGAAATTATGACTCGC-1,0.000025,0.027982,0.971842,0.00005,0.0001
AGAACACGGCGATGGT-1,0.000013,0.000013,0.028681,0.00479,0.966502
AGAACCCAGCGTGACA-1,0.000031,0.005139,0.934722,0.059982,0.000126
AGAACCCTCAATTGGG-1,0.00004,0.00004,0.005301,0.498162,0.496457
AGAACGTGGTACATTC-1,0.000019,0.155825,0.031711,0.158048,0.654397
AGAACTGTACTTTGTA-1,0.000018,0.100971,0.72711,0.062848,0.109053
AGAAGAGCGCCGTTCC-1,0.000769,0.097347,0.897266,0.001539,0.003078
AGAAGGTACACTTCAC-1,0.00005,0.023072,0.090555,0.728872,0.157451
AGAAGGTTGCCGAATT-1,0.000116,0.000116,0.509963,0.489342,0.000464
AGAAGGTTGTAGGTCG-1,0.000087,0.000087,0.999306,0.000174,0.000347
AGAAGTGATTCGTGAT-1,0.000053,0.12462,0.029981,0.642848,0.202498
AGAATAAATCTTCAGG-1,0.000012,0.004106,0.000025,0.025249,0.970608
AGAATACAGGCTATCC-1,0.00002,0.056217,0.817257,0.036865,0.089641
AGAATGCGGGTTCGGA-1,0.000021,0.000021,0.000113,0.121342,0.878503
AGAATTATGGATTCGA-1,0.000048,0.016099,0.762904,0.129741,0.091208
AGAATTGTTTGACATA-1,0.000026,0.00389,0.0341,0.224106,0.737878
AGACAGCTCAGAATCC-1,0.000029,0.003061,0.004976,0.16731,0.824624
AGACAGGCATCTCAGC-1,0.000062,0.000062,0.997112,0.000123,0.002642
AGACATAGATCCTTCC-1,0.000036,0.094807,0.02652,0.062115,0.816521
AGACCAAACCACACCT-1,0.000023,0.009687,0.054307,0.372042,0.563942
AGACCATGGGATACAA-1,0.000033,0.090804,0.000065,0.60187,0.307229
AGACCCACCGCTGATC-1,0.000025,0.100808,0.455433,0.000049,0.443685
AGACCCGCCCTCCTCG-1,0.00005,0.00005,0.195786,0.803912,0.000202
AGACCGCTCCGCGGTT-1,0.000013,0.003803,0.50111,0.000027,0.495047
AGACCGGGAAACCCTG-1,0.000025,0.010059,0.000049,0.236009,0.753859
AGACGAAGTGCCGGTC-1,0.000031,0.075126,0.69422,0.001196,0.229426
AGACGACGATGCCGCT-1,0.00003,0.144431,0.075731,0.371379,0.408429
AGACGCCCACTTCGCC-1,0.000034,0.000034,0.954994,0.042752,0.002185
AGACGGGATTGGTATA-1,0.000068,0.000068,0.000135,0.916593,0.083137
AGACGGGCCGATTTAA-1,0.000078,0.000078,0.000155,0.611426,0.388263
AGACTAGCCTTCCAGA-1,0.000059,0.165268,0.174293,0.660146,0.000235
AGACTGTTACCGGGTC-1,0.000044,0.149154,0.850535,0.000089,0.000178
AGAGAAACACCAGAAA-1,0.000019,0.164671,0.221639,0.038661,0.57501
AGAGAACCGTCTAGGA-1,0.000051,0.000051,0.079595,0.867376,0.052928
AGAGAAGGAGTACAAT-1,0.000035,0.004681,0.147359,0.043178,0.804746
AGAGATCTCTAAAGCG-1,0.00004,0.003253,0.000079,0.506874,0.489754
AGAGCAGTTATGAGAC-1,0.000034,0.158942,0.007016,0.533575,0.300434
AGAGCCGCCGAGATTT-1,0.000033,0.000033,0.733731,0.000065,0.266138
AGAGCGCTTGTAACGG-1,0.000017,0.008667,0.036008,0.085653,0.869654
AGAGCGGGCTAATCAT-1,0.000016,0.042952,0.000032,0.000724,0.956277
AGAGCGTACAAGCTCG-1,0.00004,0.118001,0.043793,0.652818,0.185348
AGAGCTACGAAAGCAT-1,0.000027,0.000027,0.000054,0.20886,0.791032
AGAGGCTTCGGAAACC-1,0.00003,0.005957,0.659246,0.00006,0.334706
AGAGGGACAATTGTCC-1,0.000019,0.001237,0.000038,0.012162,0.986543
AGAGGTATCTCGGTCC-1,0.000014,0.002913,0.000029,0.016337,0.980707
AGAGTAAACTTCACTA-1,0.000028,0.000028,0.941738,0.000056,0.05815
AGAGTATAGTGTTACG-1,0.000037,0.000515,0.099868,0.264183,0.635397
AGAGTGAACAGACACC-1,0.000062,0.000062,0.051405,0.948223,0.000249
AGAGTTAGAGACCGAT-1,0.000027,0.000027,0.000053,0.002225,0.997668
AGAGTTGCAGGCCTCC-1,0.000031,0.000031,0.000061,0.185881,0.813996
AGATAACTTCAGGGCC-1,0.000032,0.412917,0.282719,0.304203,0.000128
