Barcode,Topic 1to3,Topic 4,Topic 5,Topic 6to7,Topic 8to11
AAACAACGAATAGTTC-1,0.019086,0.019735,0.000025,0.048434,0.91272
AAACAAGTATCTCCCA-1,0.878706,0.009466,0.001531,0.101803,0.008495
AAACAATCTACTAGCA-1,0.000082,0.074279,0.00134,0.244747,0.679551
AAACACCAATAACTGC-1,0.000081,0.273772,0.000027,0.198774,0.527345
AAACAGAGCGACTCCT-1,0.000115,0.540336,0.000038,0.202464,0.257047
AAACAGCTTTCAGAAG-1,0.000043,0.044518,0.000014,0.086786,0.868638
AAACAGGGTCTATATT-1,0.000079,0.405289,0.000026,0.035533,0.559072
AAACAGTGTTCCTGGG-1,0.799449,0.000042,0.000042,0.200297,0.000169
AAACATGGTGAGAGGA-1,0.101913,0.479884,0.000028,0.352081,0.066095
AAACATTTCCCGGATT-1,0.999749,0.000031,0.000031,0.000063,0.000126
AAACCACTACACAGAT-1,0.000045,0.056893,0.000463,0.576255,0.366344
AAACCCGAACGAAATC-1,0.529655,0.000012,0.089622,0.377971,0.002741
AAACCGGAAATGTTAA-1,0.999778,0.000028,0.000028,0.000056,0.000111
AAACCGGGTAGGTACC-1,0.120009,0.515797,0.000035,0.00007,0.36409
AAACCGTTCGTCCAGG-1,0.786914,0.014108,0.000039,0.134948,0.063991
AAACCTAAGCAGCCGG-1,0.990151,0.000025,0.000025,0.009702,0.000098
AAACCTCATGAAGTTG-1,0.062248,0.38889,0.000031,0.003787,0.545045
AAACGAAGAACATACC-1,0.000135,0.545486,0.000045,0.006462,0.447872
AAACGAAGATGGAGTA-1,0.000088,0.218095,0.000029,0.31826,0.463528
AAACGACAGTCTTGCC-1,0.15051,0.66063,0.00003,0.138692,0.050139
AAACGAGACGGTTGAT-1,0.514392,0.327203,0.000046,0.088453,0.069905
AAACGCCCGAGATCGG-1,0.000075,0.094336,0.000025,0.413993,0.491571
AAACGCTGGGCACGAC-1,0.691692,0.000019,0.000019,0.308194,0.000076
AAACGGGCGTACGGGT-1,0.558534,0.000026,0.113302,0.291041,0.037098
AAACGGGTTGGTATCC-1,0.000365,0.180448,0.000036,0.027691,0.791459
AAACGGTTGCGAACTG-1,0.774637,0.015615,0.033709,0.175841,0.000198
AAACGTGTTCGCCCTA-1,0.236457,0.06288,0.000012,0.409616,0.291035
AAACTAACGTGGCGAC-1,0.030637,0.000015,0.000015,0.483437,0.485897
AAACTCGGTTCGCAAT-1,0.999728,0.000034,0.000034,0.000068,0.000136
AAACTCGTGATATAAG-1,0.062473,0.012438,0.00237,0.325021,0.597698
AAACTGCTGGCTCCAA-1,0.83351,0.166051,0.000063,0.000125,0.000251
AAACTTAATTGCACGC-1,0.115373,0.567851,0.000035,0.074383,0.242358
AAACTTGCAAACGTAT-1,0.087587,0.000011,0.016296,0.200164,0.695943
AAAGAATGACCTTAGA-1,0.000106,0.519174,0.000035,0.294984,0.1857
AAAGAATGTGGACTAA-1,0.999887,0.000014,0.000014,0.000028,0.000056
AAAGACATGAAGTTTA-1,0.210422,0.418385,0.000029,0.183463,0.187702
AAAGACCCAAGTCGCG-1,0.015552,0.009518,0.000015,0.057769,0.917146
AAAGACTGGGCGCTTT-1,0.035987,0.05307,0.000411,0.010706,0.899827
AAAGCTTGCCTACATA-1,0.054718,0.068869,0.027622,0.453816,0.394976
AAAGGCCCTATAATAC-1,0.00008,0.23744,0.000027,0.187598,0.574856
AAAGGCTACGGACCAT-1,0.847687,0.000033,0.033762,0.084745,0.033773
AAAGGCTCTCGCGCCG-1,0.8612,0.110948,0.000042,0.000084,0.027727
AAAGGGATGTAGCAAG-1,0.056394,0.259784,0.02624,0.044412,0.61317
AAAGGGCAGCTTGAAT-1,0.03157,0.352137,0.000025,0.00005,0.616217
AAAGGTAAGCTGTACC-1,0.000077,0.01565,0.000026,0.428856,0.555391
AAAGGTCAACGACATG-1,0.134887,0.098242,0.018696,0.247582,0.500593
AAAGTAGCATTGCTCA-1,0.511068,0.143956,0.000028,0.01477,0.330178
AAAGTCACTGATGTAA-1,0.000035,0.000012,0.002269,0.004159,0.993525
AAAGTCGACCCTCAGT-1,0.000034,0.000011,0.01476,0.052971,0.932224
AAAGTGCCATCAATTA-1,0.527411,0.000032,0.021687,0.424928,0.025941
AAAGTGTGATTTATCT-1,0.848932,0.000036,0.000036,0.15085,0.000145
AAAGTTGACTCCCGTA-1,0.671328,0.005326,0.00004,0.323144,0.000161
AAATAACCATACGGGA-1,0.054299,0.044998,0.005581,0.298884,0.596239
AAATAAGGTAGTGCCC-1,0.097311,0.202507,0.002865,0.64468,0.052638
AAATACCTATAAGCAT-1,0.94549,0.054174,0.000048,0.000096,0.000192
AAATAGCTTAGACTTT-1,0.677944,0.021055,0.014501,0.151585,0.134916
AAATAGGGTGCTATTG-1,0.784033,0.057134,0.000034,0.158663,0.000136
AAATCACTCCTAAACG-1,0.310854,0.572448,0.000034,0.037661,0.079004
AAATCCGATACACGCC-1,0.761707,0.000017,0.046308,0.179446,0.012522
AAATCGCGGAAGGAGT-1,0.000163,0.760933,0.000054,0.000109,0.238741
AAATCGTGTACCACAA-1,0.800095,0.17828,0.000072,0.000144,0.021408
AAATCTAGCCCTGCTA-1,0.999811,0.000024,0.000024,0.000047,0.000095
AAATCTGCCCGCGTCC-1,0.000167,0.411148,0.000056,0.522874,0.065755
AAATGACTGATCAAAC-1,0.753196,0.023939,0.000026,0.000052,0.222786
AAATGATTCGATCAGC-1,0.000044,0.072109,0.000015,0.276202,0.65163
AAATGCTCGTTACGTT-1,0.103282,0.00002,0.017738,0.069588,0.809372
AAATGGCATGTCTTGT-1,0.007535,0.50157,0.000036,0.000071,0.490788
AAATGGCCCGTGCCCT-1,0.023984,0.146061,0.005531,0.204135,0.62029
AAATGGTCAATGTGCC-1,0.692721,0.206874,0.000035,0.093068,0.007302
AAATGTATCTTATCCC-1,0.000093,0.079588,0.0003,0.11401,0.80601
AAATGTGGGTGCTCCT-1,0.000096,0.389816,0.000032,0.147964,0.462091
AAATTAACGGGTAGCT-1,0.582483,0.417019,0.000071,0.000143,0.000285
AAATTAATAAGCGCGA-1,0.000047,0.087137,0.000016,0.038149,0.874652
AAATTACACGACTCTG-1,0.000058,0.0069,0.000019,0.349136,0.643887
AAATTACCTATCGATG-1,0.055489,0.186084,0.026004,0.287091,0.445333
AAATTCCAGGTCCAAA-1,0.570429,0.014202,0.000018,0.415281,0.00007
AAATTGATAGTCCTTT-1,0.046344,0.073036,0.113339,0.218438,0.548842
AAATTGCGGCGGTTCT-1,0.000074,0.103199,0.000025,0.09743,0.799272
AAATTGGTGAGAAGCA-1,0.014539,0.200665,0.00002,0.28913,0.495646
AAATTTACCGAAATCC-1,0.000141,0.54963,0.002245,0.246037,0.201947
AAATTTGCGGGTGTGG-1,0.01206,0.317701,0.044609,0.200928,0.424702
AACAACTGGTAGTTGC-1,0.128668,0.863095,0.000058,0.000115,0.008065
AACAATACATTGTCGA-1,0.652533,0.26569,0.000052,0.000104,0.08162
AACAATTACTCTACGC-1,0.014475,0.766906,0.000048,0.000097,0.218473
AACACACGCTCGCCGC-1,0.913769,0.015301,0.000028,0.07079,0.000112
AACACGACTGTACTGA-1,0.064286,0.000014,0.000547,0.003113,0.932039
AACACGAGACGCGGCC-1,0.000067,0.258633,0.027229,0.062635,0.651435
AACACGCGGCCGCGAA-1,0.07413,0.190847,0.000036,0.108905,0.626083
AACAGCTGTGTGGCAA-1,0.315583,0.238755,0.006592,0.251621,0.187449
AACAGGAAATCGAATA-1,0.010893,0.580531,0.000036,0.000071,0.408469
AACAGGATGGGCCGCG-1,0.058192,0.216273,0.004725,0.227042,0.493768
AACAGGTAGTATGGAT-1,0.950014,0.000017,0.000017,0.049884,0.000068
AACATAGCGTGTATCG-1,0.785229,0.039206,0.018759,0.036073,0.120733
AACATATCAACTGGTG-1,0.282841,0.340499,0.000054,0.086651,0.289955
AACATCGATACGTCTA-1,0.053809,0.286285,0.000026,0.437115,0.222766
AACATTGAAGTTGATC-1,0.089472,0.256189,0.010538,0.149013,0.494788
AACATTGGTCAGCCGT-1,0.026433,0.012917,0.000027,0.053512,0.90711
AACATTGTGACTCGAG-1,0.809687,0.189782,0.000076,0.000152,0.000304
AACCAAGACTTCTCTG-1,0.117294,0.007169,0.02126,0.099798,0.75448
AACCAGTATCACTCTT-1,0.000167,0.24316,0.000056,0.270256,0.486362
AACCATAGGGTTGAAC-1,0.000061,0.058999,0.00002,0.280661,0.660258
AACCATGGGATCGCTA-1,0.005066,0.354482,0.000034,0.000069,0.640349
AACCCAGAGACGGAGA-1,0.050687,0.226587,0.000022,0.036057,0.686647
AACCCATCCCATGATC-1,0.000571,0.697372,0.000046,0.010031,0.29198
AACCCGACAACCCGTG-1,0.732682,0.153881,0.008651,0.102188,0.002598
AACCCGAGCAGAATCG-1,0.99449,0.000022,0.000022,0.005381,0.000086
AACCCGATAGGGCTTC-1,0.003178,0.047638,0.000024,0.527232,0.421929
AACCCGCTGTATTCCA-1,0.79481,0.00858,0.00002,0.039031,0.157558
AACCCTACTGTCAATA-1,0.699353,0.13875,0.026548,0.027608,0.107741
AACCCTGGTGGAACCA-1,0.000041,0.000014,0.000014,0.239903,0.760029
AACCGAGCTTGGTCAT-1,0.007988,0.402322,0.043375,0.103924,0.442392
AACCGCTAAGGGATGC-1,0.98777,0.012026,0.000029,0.000058,0.000117
AACCGTTGTGTTTGCT-1,0.000141,0.259804,0.000047,0.008013,0.731994
AACCTAAAGCCGTCCG-1,0.016947,0.920124,0.000058,0.000117,0.062754
AACCTCGCTTTAGCCC-1,0.767957,0.042645,0.000102,0.104533,0.084763
AACCTGTCACGGAATT-1,0.827442,0.0516,0.000026,0.120828,0.000104
AACCTTTAAATACGGT-1,0.552814,0.000028,0.044905,0.245201,0.157052
AACCTTTACGACGTCT-1,0.030563,0.000017,0.038495,0.352302,0.578623
AACGAAAGTCGTCCCA-1,0.000112,0.611409,0.000037,0.106237,0.282205
AACGACCTCCTAGCCG-1,0.93224,0.000015,0.000015,0.067669,0.000061
AACGATAATGCCGTAG-1,0.924329,0.075444,0.000032,0.000065,0.00013
AACGATAGAAGGGCCG-1,0.12113,0.515382,0.000047,0.000093,0.363348
AACGATATGTCAACTG-1,0.062009,0.304323,0.058827,0.024602,0.55024
AACGCATGATCTGGGT-1,0.08548,0.365825,0.000032,0.340793,0.207871
AACGCGAACGGCAACA-1,0.000046,0.000015,0.002989,0.033388,0.963562
AACGCGACCTTGGGCG-1,0.908609,0.000049,0.000049,0.091099,0.000195
AACGCGGTCTCCAGCC-1,0.150811,0.000385,0.064232,0.255367,0.529206
AACGCTGTTGCTGAAA-1,0.949918,0.049726,0.000051,0.000102,0.000204
AACGGACGTACGTATA-1,0.938287,0.044135,0.000041,0.000081,0.017456
AACGGCCATCTCCGGT-1,0.697406,0.082771,0.000048,0.108079,0.111696
AACGTACTGTGGGTAC-1,0.82905,0.148298,0.000062,0.02234,0.000249
AACGTAGTCTACCCAT-1,0.00047,0.296948,0.001497,0.123558,0.577526
AACGTCAGACTAGTGG-1,0.014775,0.28108,0.005131,0.040149,0.658866
AACGTCATCCGGCTTG-1,0.785725,0.003982,0.000028,0.03805,0.172215
AACGTCGCTGCACTTC-1,0.830234,0.010294,0.000013,0.046292,0.113167
AACGTGATGAAGGACA-1,0.008618,0.210672,0.000032,0.245589,0.535089
AACGTGCGAAAGTCTC-1,0.753358,0.016308,0.012019,0.068612,0.149703
AACGTTATCAGCACCT-1,0.000082,0.081688,0.000027,0.090104,0.828098
AACGTTCTACCATTGT-1,0.607891,0.061897,0.00124,0.208935,0.120038
AACTACCCGTTTGTCA-1,0.999783,0.000027,0.000027,0.000054,0.000109
AACTAGCGTATCGCAC-1,0.052225,0.129675,0.000037,0.074084,0.743979
AACTAGGCTTGGGTGT-1,0.52398,0.005656,0.124085,0.120845,0.225433
AACTCAAGTTAATTGC-1,0.637023,0.348382,0.000044,0.000088,0.014463
AACTCCAGAGCGTGTT-1,0.795016,0.167846,0.000054,0.01579,0.021294
AACTCCTAATCCCATG-1,0.000079,0.19467,0.000026,0.226631,0.578593
AACTCGATAAACACGT-1,0.046545,0.035222,0.000032,0.109889,0.808311
AACTCGATGGCGCAGT-1,0.003365,0.21587,0.000038,0.000076,0.780651
AACTCTCAATAGAGCG-1,0.600821,0.065093,0.038868,0.115467,0.179751
AACTCTCAGTGTGCTC-1,0.813393,0.085101,0.000056,0.008931,0.092519
AACTGAGGTCAGCGTC-1,0.013695,0.067927,0.000029,0.416747,0.501602
AACTGAGTTATACTGA-1,0.820972,0.000041,0.000041,0.178781,0.000164
AACTGATATTAGGCCT-1,0.000107,0.407821,0.000036,0.099211,0.492826
AACTGGGTCCCGACGT-1,0.083517,0.00001,0.003012,0.149496,0.763965
AACTGGGTTCGAGCCG-1,0.00006,0.016898,0.014044,0.312364,0.656634
AACTGGTGTGGGCCTT-1,0.000056,0.000019,0.000019,0.000037,0.99987
AACTTCTGCGTCTATC-1,0.176974,0.026068,0.015073,0.015764,0.766121
AACTTGCCCGTATGCA-1,0.033104,0.094527,0.001103,0.105954,0.765313
AACTTGCGTTCTCGCG-1,0.000082,0.047781,0.000027,0.025529,0.926581
AACTTTACGGGAGCTT-1,0.024528,0.30616,0.000027,0.000054,0.669231
AACTTTAGCTGCTGAG-1,0.003877,0.36365,0.000061,0.044827,0.587585
AACTTTCTCGATCATG-1,0.040438,0.324873,0.000027,0.363467,0.271195
AAGAAAGTTTGATGGG-1,0.000076,0.019403,0.000025,0.907246,0.07325
AAGAAATCACCAGATT-1,0.106838,0.100587,0.009266,0.445345,0.337965
AAGAAGGATCAGTTAG-1,0.073573,0.129916,0.000025,0.000167,0.796318
AAGACATACGTGGTTT-1,0.971315,0.000017,0.000017,0.028584,0.000067
AAGACCAAATAACTCA-1,0.025662,0.106203,0.000017,0.423236,0.444882
AAGACCCAACTGAACA-1,0.869639,0.055439,0.000034,0.028416,0.046471
AAGACTAACCCGTTGT-1,0.000142,0.410267,0.000047,0.119247,0.470297
AAGACTCACGCCCACT-1,0.109431,0.438214,0.000035,0.218091,0.234229
AAGACTGCAAGCTACT-1,0.745356,0.240076,0.000055,0.000109,0.014404
AAGAGATGAATCGGTA-1,0.000062,0.011937,0.052157,0.145401,0.790443
AAGAGCTCTTTATCGG-1,0.654083,0.28521,0.000086,0.000172,0.06045
AAGAGGATGTACGCGA-1,0.00009,0.217305,0.000315,0.100579,0.681711
AAGAGGCATGGATCGC-1,0.533025,0.031635,0.000066,0.424791,0.010483
AAGAGGCCCTTTGGAA-1,0.951185,0.000027,0.000027,0.048656,0.000106
AAGATGGCACCGGACC-1,0.839865,0.140247,0.000037,0.013719,0.006132
AAGATTGGCGGAACGT-1,0.09482,0.080126,0.02137,0.180492,0.623192
AAGCACCCTGCGTATC-1,0.916816,0.002672,0.002936,0.040307,0.037269
AAGCATACTCTCCTGA-1,0.811608,0.032379,0.003068,0.074878,0.078067
AAGCCACTTGCAGGTA-1,0.291788,0.376244,0.000056,0.114572,0.21734
AAGCCGAAGCGGTTTA-1,0.888758,0.000024,0.000024,0.111098,0.000096
AAGCCGCCGTGAAATC-1,0.000063,0.082088,0.004607,0.232675,0.680567
AAGCCGCTTTACCTTG-1,0.000031,0.00001,0.034743,0.294158,0.671057
AAGCCGGAGAGCAGGA-1,0.732374,0.000039,0.000039,0.267389,0.000158
AAGCGCAGGGCTTTGA-1,0.99967,0.000041,0.000041,0.000083,0.000165
AAGCGGAGTGCGCGCA-1,0.028716,0.602046,0.00004,0.023914,0.345284
AAGCGGCGTCATGGGT-1,0.000267,0.792036,0.000089,0.127896,0.079712
AAGCGTCCCTCATCGA-1,0.311307,0.529115,0.000083,0.076518,0.082977
AAGCTAGATCGAGTAA-1,0.91149,0.018328,0.000043,0.028891,0.041247
AAGCTATGGATTGACC-1,0.024957,0.132224,0.00002,0.569021,0.273778
AAGCTCGTGCCAAGTC-1,0.664005,0.180452,0.000041,0.000746,0.154756
AAGCTCTTTCATGGTG-1,0.913737,0.08576,0.000072,0.000144,0.000287
AAGGAGAACTTATAAG-1,0.000127,0.44634,0.000042,0.028346,0.525144
AAGGAGCGGTTGGTGC-1,0.063264,0.411902,0.184373,0.000089,0.340372
AAGGATCGATCGCTTG-1,0.520672,0.000018,0.057686,0.420761,0.000863
AAGGATGAGGGACCTC-1,0.323654,0.514047,0.056281,0.010118,0.0959
AAGGCAGGCTGTCTCC-1,0.942684,0.05366,0.000023,0.00354,0.000093
AAGGCGCGTAAAGCTT-1,0.000047,0.046542,0.202583,0.090519,0.660309
AAGGCTGTGCTCATCG-1,0.334118,0.41731,0.000043,0.000086,0.248443
AAGGGAACGACTGGCT-1,0.332129,0.337214,0.000025,0.025265,0.305367
AAGGGACAGATTCTGT-1,0.005669,0.309481,0.038646,0.285987,0.360217
AAGGGACTATGCATTC-1,0.0269,0.541389,0.000047,0.043478,0.388185
AAGGGTTAGCCATGCG-1,0.659436,0.134172,0.000017,0.109608,0.096767
AAGGGTTTGATTTCAG-1,0.000079,0.002009,0.000026,0.52715,0.470735
AAGGTATCCTAATATA-1,0.085116,0.536628,0.009808,0.000091,0.368356
AAGGTGATAAACCAGC-1,0.668859,0.002599,0.030028,0.072642,0.225872
AAGTAAGCTTCCAAAC-1,0.179432,0.450822,0.000033,0.075905,0.293808
AAGTAGAAGACCGGGT-1,0.007108,0.17103,0.031761,0.041434,0.748668
AAGTAGTGACGCGAGG-1,0.071854,0.46407,0.000036,0.0014,0.462639
AAGTCAATTGTCGTCA-1,0.99337,0.006423,0.00003,0.000059,0.000118
AAGTCTAGTAGCTGCC-1,0.082752,0.046259,0.000321,0.412029,0.458639
AAGTCTTCTGTGGCCT-1,0.000045,0.02061,0.000072,0.116037,0.863236
AAGTGACGACCGAATT-1,0.038271,0.127004,0.007186,0.190875,0.636664
AAGTGAGTCGGGTTTA-1,0.654779,0.045593,0.005889,0.241651,0.052088
AAGTGCAAAGGTAGAC-1,0.000062,0.220638,0.000021,0.034747,0.744532
AAGTGCCTTGACTGTA-1,0.334194,0.006052,0.168195,0.440204,0.051355
AAGTGCGTTAGAATCT-1,0.00512,0.00159,0.108684,0.147556,0.737049
AAGTGCTTCTCTATTG-1,0.160832,0.000018,0.1166,0.51886,0.203689
AAGTGTTTGGAGACGG-1,0.922862,0.057995,0.000051,0.000102,0.01899
AAGTTCACTCCAAGCT-1,0.999687,0.000039,0.000039,0.000078,0.000156
AAGTTCAGTCTGCGTA-1,0.11977,0.46626,0.000034,0.083297,0.330639
AAGTTCGGCCAACAGG-1,0.071231,0.318376,0.116674,0.142389,0.351329
AAGTTGTGATGTTATA-1,0.800343,0.199214,0.000063,0.000127,0.000253
AAGTTTACTAATGGCA-1,0.000175,0.559635,0.000058,0.040704,0.399428
AAGTTTATGGGCCCAA-1,0.986757,0.012908,0.000048,0.000096,0.000191
AATAACAACGCTCGGC-1,0.016427,0.194867,0.001617,0.108533,0.678555
AATAACACTAGAACAA-1,0.420987,0.433299,0.022457,0.030498,0.092758
AATAACGTCGCGCCCA-1,0.662207,0.057016,0.00176,0.127954,0.151063
AATAAGTCCTCGAGAC-1,0.000104,0.196151,0.000035,0.183961,0.619749
AATAATCTTCGTATCG-1,0.954153,0.00003,0.00003,0.031378,0.014409
AATACAATGTTTCAGG-1,0.024109,0.023435,0.015248,0.103877,0.833331
AATACCGGAGGGCTGT-1,0.710334,0.233136,0.025303,0.000126,0.031101
AATACCTGATGTGAAC-1,0.843868,0.015712,0.003108,0.021606,0.115706
AATAGAACAGAGTGGC-1,0.899536,0.100214,0.000036,0.000071,0.000143
AATAGAATCTGTTTCA-1,0.982949,0.002976,0.00003,0.000643,0.013401
AATAGCAAGCCTCCTG-1,0.024829,0.018808,0.000016,0.574258,0.38209
AATAGCTACCGCGTGC-1,0.014968,0.157397,0.002806,0.48119,0.343639
AATAGGCACGACCCTT-1,0.32735,0.096214,0.002437,0.191094,0.382905
AATAGTCCGTCCCGAC-1,0.999728,0.000034,0.000034,0.000068,0.000136
AATAGTCGCGAGTCGG-1,0.000031,0.00001,0.00001,0.060204,0.939744
AATATCAAGGTCGGAT-1,0.000067,0.000022,0.024407,0.032956,0.942547
AATATCCTAGCAAACT-1,0.000115,0.348835,0.000037,0.154312,0.496701
AATATCGAATCAATGC-1,0.988909,0.010924,0.000024,0.000048,0.000096
AATATCGAGGGTTCTC-1,0.150735,0.246622,0.000048,0.209583,0.393012
AATATTGGAGTATTGA-1,0.012514,0.142064,0.015932,0.091496,0.737994
AATCAGACTGCAGGAC-1,0.00011,0.133827,0.006098,0.070799,0.789166
AATCAGGTTTCATTTA-1,0.734135,0.197301,0.000041,0.052293,0.016231
AATCATGTAAAGACTC-1,0.990172,0.009547,0.00004,0.00008,0.00016
AATCCAAGGGCCTGAG-1,0.03522,0.209718,0.005645,0.005312,0.744106
AATCCATGCAAGGGTG-1,0.046754,0.14348,0.000028,0.017518,0.79222
AATCCCGCTCAGAGCC-1,0.804003,0.008208,0.000026,0.022135,0.165627
AATCGAGGTCTCAAGG-1,0.752302,0.009169,0.000021,0.135268,0.10324
AATCGCCTCAGCGCCA-1,0.81015,0.007134,0.017821,0.086998,0.077897
AATCGCGCAGAGGACT-1,0.892348,0.059674,0.000026,0.047847,0.000105
AATCGGGACACTACGA-1,0.000131,0.260599,0.000044,0.000087,0.739139
AATCGGTATAGCCCTC-1,0.990665,0.008612,0.000038,0.000532,0.000153
AATCGTGAGCCGAGCA-1,0.980217,0.000087,0.000039,0.019501,0.000156
AATCTAGGTTTACTTG-1,0.00015,0.531559,0.00005,0.028495,0.439746
AATCTATGCCGGAGCC-1,0.262681,0.486239,0.000381,0.197617,0.053082
AATCTCTACTGTGGTT-1,0.000052,0.038401,0.001453,0.095239,0.864855
AATCTGCGTTGGGACG-1,0.470303,0.029879,0.020815,0.180064,0.298939
AATCTGGCTTTCTAGT-1,0.000104,0.312719,0.000035,0.208257,0.478885
AATCTGGGTAGACCCT-1,0.00448,0.330324,0.000037,0.365818,0.299341
AATGACAGCAATGTCT-1,0.000064,0.000021,0.016253,0.249913,0.733749
AATGACGTAGGATGTC-1,0.525302,0.000022,0.111587,0.255424,0.107666
AATGACTGTCAGCCGG-1,0.000105,0.526176,0.000035,0.002189,0.471494
AATGAGTTCGCATATG-1,0.000058,0.000019,0.000019,0.011661,0.988243
AATGATGATACGCTAT-1,0.100254,0.44185,0.006925,0.157079,0.293892
AATGATGCGACTCCTG-1,0.607995,0.128682,0.000054,0.000109,0.263159
AATGCAACCGGGTACC-1,0.127544,0.073987,0.086204,0.212869,0.499396
AATGCACCAAGCAATG-1,0.022376,0.000013,0.041084,0.260347,0.67618
AATGGCCGCCAATGCG-1,0.044037,0.309527,0.009788,0.379713,0.256936
AATGGTCCACCGTTCA-1,0.000037,0.000012,0.003169,0.172003,0.824778
AATGGTTCTCACAAGC-1,0.008355,0.041172,0.020449,0.04645,0.883574
AATGTATGGCACTGTA-1,0.048009,0.446987,0.000044,0.09963,0.405331
AATGTGCCCGAGGTGT-1,0.215606,0.000014,0.04578,0.323191,0.415408
AATGTGCTAATCTGAG-1,0.131519,0.640944,0.000063,0.000127,0.227347
AATGTTAAGACCCTGA-1,0.796127,0.00783,0.000017,0.075668,0.120358
AATGTTGTCGTGAGAC-1,0.999203,0.000611,0.000027,0.000053,0.000106
AATTAAAGGTCGGCGT-1,0.63182,0.036341,0.078048,0.022163,0.231627
AATTAACGGATTTCCA-1,0.628815,0.000034,0.27683,0.090697,0.003624
AATTACGAGACCCATC-1,0.00008,0.11803,0.000027,0.158607,0.723256
AATTACTCGTACGCTC-1,0.051089,0.036588,0.016141,0.01343,0.882752
AATTAGCGCTGCAGCG-1,0.745051,0.052138,0.07683,0.0583,0.067681
AATTATACCCAGCAAG-1,0.824777,0.003283,0.002439,0.043477,0.126024
AATTCATAAGGGATCT-1,0.103212,0.002231,0.028048,0.275781,0.590727
AATTCATTGTCATGCA-1,0.008878,0.189278,0.000027,0.258083,0.543734
AATTCCAACTTGGTGA-1,0.040112,0.005738,0.00003,0.131504,0.822617
AATTCCAAGCATGTAC-1,0.959797,0.039692,0.000073,0.000146,0.000292
AATTCGATTCGAGGAT-1,0.977589,0.022071,0.000049,0.000097,0.000195
AATTCTAGAGTTAGGC-1,0.999597,0.00005,0.00005,0.000101,0.000202
AATTGAACGCTCTGGT-1,0.929597,0.000034,0.000034,0.070197,0.000137
AATTGCAGCAATCGAC-1,0.790814,0.017432,0.000044,0.191534,0.000176
AATTGCGTGGATTACA-1,0.000084,0.042049,0.000028,0.412446,0.545393
AATTGTGGTTGCCAAA-1,0.989844,0.01,0.000022,0.000044,0.000089
AATTTGGGACATAGTA-1,0.000108,0.340243,0.000036,0.01689,0.642724
AATTTGGTTCCAAAGA-1,0.176719,0.097397,0.002583,0.125,0.598302
ACAAACCATGCGTCCT-1,0.000051,0.230457,0.000017,0.354603,0.414873
ACAAACCGACAAGGCG-1,0.036668,0.914179,0.000059,0.048855,0.000238
ACAAACTCCATCAGAG-1,0.595757,0.045026,0.010705,0.09271,0.255801
ACAAAGAAGGTAGGCC-1,0.000092,0.488094,0.000031,0.140097,0.371685
ACAAAGCATGACCTAG-1,0.991872,0.000022,0.000022,0.007993,0.00009
ACAAATCGCACCGAAT-1,0.883659,0.094067,0.000038,0.022085,0.000151
ACAAATGGTAGTGTTT-1,0.89468,0.104911,0.000059,0.000117,0.000234
ACAAATTCAGATCTGA-1,0.083941,0.162907,0.000043,0.493148,0.25996
ACAACAGCATGAGCTA-1,0.482812,0.487134,0.029737,0.000106,0.000211
ACAACGGTCCCTGCGA-1,0.000057,0.100344,0.000207,0.014808,0.884583
ACAAGCAGTGCCTAGC-1,0.00004,0.000013,0.019509,0.033584,0.946854
ACAAGCTATATGGAAG-1,0.014458,0.642533,0.000046,0.000093,0.34287
ACAAGGAAATCCGCCC-1,0.976831,0.022936,0.000033,0.000067,0.000134
ACAAGGACAAGAGGTT-1,0.041318,0.017833,0.244783,0.064766,0.631301
ACAAGGATGCTTTAGG-1,0.957995,0.041768,0.000034,0.000068,0.000135
ACAAGGCCTACCAGCC-1,0.000066,0.045423,0.000022,0.446571,0.507918
ACAAGGGCAGGCTCTG-1,0.832844,0.016997,0.086397,0.011436,0.052326
ACAAGTAATTGTAAGG-1,0.133274,0.246559,0.002008,0.220239,0.39792
ACAATAGTCGTACGTT-1,0.244386,0.233103,0.003224,0.008598,0.510689
ACAATCCATTTAAACC-1,0.081045,0.032587,0.01128,0.249498,0.62559
ACAATCGATCTTTATA-1,0.000137,0.333664,0.001482,0.317831,0.346886
ACAATGAATACGGAGA-1,0.297762,0.164482,0.000063,0.537442,0.000251
ACAATGATTCTTCTAC-1,0.049621,0.37611,0.000032,0.313617,0.260621
ACAATTGTGTCTCTTT-1,0.724605,0.029058,0.030815,0.117766,0.097756
ACAATTTAGGAGGCTC-1,0.000058,0.188687,0.000019,0.088837,0.722399
ACAATTTGAGCAGTGG-1,0.270017,0.475212,0.014195,0.000093,0.240483
ACAATTTGGCCATATT-1,0.948273,0.000054,0.000054,0.051404,0.000215
ACACAAAGACGGGTGG-1,0.302976,0.471211,0.000026,0.000053,0.225734
ACACAAATATTCCTAG-1,0.037225,0.291114,0.000024,0.350576,0.321061
ACACACCAGGACCAGT-1,0.874513,0.000037,0.000037,0.125267,0.000147
ACACACTTTCTACACG-1,0.088738,0.00002,0.00851,0.144777,0.757955
ACACATGATCAAATCT-1,0.081226,0.444138,0.00003,0.089115,0.385492
ACACATTGACGCAACA-1,0.057952,0.003018,0.000033,0.11856,0.820437
ACACATTTCCGTAGAC-1,0.966285,0.000026,0.000026,0.033559,0.000104
ACACCACATAATTAGC-1,0.257955,0.538386,0.026991,0.176526,0.000143
ACACCCAGCATGCAGC-1,0.00006,0.019542,0.017764,0.258722,0.703911
ACACCCGAGAAATCCG-1,0.072856,0.072751,0.00351,0.173959,0.676924
ACACCCGTAAATCTGT-1,0.239764,0.413393,0.000047,0.113719,0.233077
ACACCGAGCGCTCTTT-1,0.000052,0.003201,0.011255,0.051023,0.93447
ACACCGGTCTGACCGC-1,0.003449,0.30133,0.000029,0.144324,0.550868
ACACCTTAAGTAGGGC-1,0.007815,0.283029,0.000042,0.000084,0.70903
ACACCTTACTACTTGC-1,0.986979,0.000022,0.000022,0.012888,0.000088
ACACGAGACTCCTTCT-1,0.550912,0.288913,0.082129,0.00008,0.077967
ACACGGCACTATGCAT-1,0.000141,0.345034,0.000047,0.032793,0.621984
ACACGGGAACTTAGGG-1,0.339452,0.280191,0.009822,0.170186,0.200351
ACACGTAGGCCACAAG-1,0.8055,0.042462,0.00003,0.151886,0.000121
ACACTCCAATGTCACT-1,0.034637,0.000023,0.000023,0.012479,0.952837
ACACTGATCAAGGTGT-1,0.445369,0.016369,0.20932,0.069395,0.259546
ACACTGGGACAGTCGT-1,0.999703,0.000037,0.000037,0.000074,0.000149
ACAGAACTGAGAACAA-1,0.032744,0.471019,0.000031,0.044626,0.451579
ACAGATTAGGTTAGTG-1,0.000061,0.00002,0.001217,0.018534,0.980168
ACAGCATAGAGCCAGT-1,0.008629,0.001199,0.000015,0.001795,0.988362
ACAGCGACATTCTCAT-1,0.999613,0.000048,0.000048,0.000097,0.000194
ACAGCGCACCCGCAGC-1,0.000124,0.359689,0.000041,0.079203,0.560943
ACAGGAGGCGCAGCCG-1,0.080567,0.055513,0.000029,0.157844,0.706048
ACAGGCACGGATCCTT-1,0.970385,0.000022,0.000022,0.011395,0.018175
ACAGGCTTGCCCGACT-1,0.999737,0.000033,0.000033,0.000066,0.000131
ACAGGTGGAGGTGAGG-1,0.353544,0.330821,0.132869,0.100958,0.081808
ACAGGTGTGTTGTTGC-1,0.000036,0.000012,0.000012,0.258059,0.741881
ACAGTAATACAACTTG-1,0.014558,0.220729,0.00002,0.091618,0.673075
ACAGTATACCGTGGGA-1,0.000107,0.666198,0.000036,0.129928,0.203732
ACAGTGCAGCGCATTT-1,0.159433,0.319208,0.000037,0.204841,0.316481
ACATAAGTCGTGGTGA-1,0.076136,0.279686,0.000024,0.118982,0.525172
ACATAATAAGGCGGTG-1,0.000061,0.027129,0.011718,0.1572,0.803892
ACATACAATCAAGCGG-1,0.785851,0.139427,0.000022,0.05298,0.021721
ACATCAGCTGGGACGC-1,0.004897,0.210695,0.009297,0.039315,0.735796
ACATCCCGGCCATACG-1,0.999749,0.000031,0.000031,0.000063,0.000125
ACATCCTGGTAACTGT-1,0.713299,0.01394,0.094816,0.175962,0.001982
ACATCGATCGTTTACC-1,0.79057,0.048017,0.000056,0.145974,0.015383
ACATCGCAATATTCGG-1,0.18249,0.113089,0.016431,0.209462,0.478529
ACATCGGTCAGCCGCG-1,0.579386,0.403213,0.000047,0.000094,0.01726
ACATCGTATGCAATGG-1,0.770228,0.000024,0.000024,0.229628,0.000096
ACATCGTTAACCTAGT-1,0.196554,0.449312,0.000071,0.000505,0.353558
ACATCTCAACGCGTAA-1,0.000052,0.006005,0.009785,0.272959,0.7112
ACATGCTTACGGCAGC-1,0.02701,0.23075,0.000039,0.611323,0.130878
ACATGGCGCCAAAGTA-1,0.908131,0.091615,0.000036,0.000073,0.000145
ACATGGCTCAATTTAG-1,0.035424,0.025791,0.000033,0.018713,0.920039
ACATTAGTTTATATCC-1,0.940118,0.059562,0.000046,0.000091,0.000183
ACATTCGCGCGGAATA-1,0.080384,0.140987,0.000042,0.127164,0.651424
ACATTTGAAACCTAAC-1,0.981814,0.000022,0.000022,0.018054,0.000088
ACCAAACACCCAGCGA-1,0.129757,0.142681,0.003254,0.307,0.417308
ACCAAACTAGAAATCC-1,0.000096,0.258669,0.000032,0.155389,0.585815
ACCAACACCACACACT-1,0.212069,0.369885,0.000025,0.119588,0.298434
ACCAACCGCACTCCAC-1,0.964331,0.000017,0.000017,0.035565,0.000069
ACCAACGCTTATTTAT-1,0.823447,0.053528,0.000055,0.122749,0.000221
ACCAAGAACGCGTGTC-1,0.144578,0.000042,0.041379,0.01243,0.801571
ACCAAGTCATCGGCAG-1,0.999763,0.00003,0.00003,0.000059,0.000118
ACCAATATGCAAGTTA-1,0.751071,0.003858,0.033315,0.170523,0.041233
ACCACAACTCAGAACA-1,0.013798,0.000018,0.001001,0.3128,0.672383
ACCACAAGTTTCTATC-1,0.48508,0.092708,0.036355,0.164941,0.220917
ACCACACGGTTGATGG-1,0.844887,0.029817,0.000022,0.059431,0.065842
ACCACCAATGTAACAA-1,0.830268,0.000024,0.000024,0.169589,0.000095
ACCACCCTCTCTTCTA-1,0.023519,0.060953,0.000014,0.623746,0.291768
ACCACGTGCAGCTATA-1,0.880991,0.013358,0.015967,0.064947,0.024737
ACCACTGTTCAAGAAG-1,0.032545,0.025042,0.010881,0.086772,0.84476
ACCAGACCATAACAAC-1,0.000053,0.266214,0.002508,0.025035,0.706189
ACCAGCCCGGTCTTTG-1,0.000066,0.000022,0.000022,0.141269,0.858621
ACCAGGAGTGTGATCT-1,0.000113,0.217343,0.000038,0.077667,0.704839
ACCAGTGCCCGGTCAA-1,0.0001,0.000033,0.000033,0.340196,0.659637
ACCAGTGCGGGAGACG-1,0.980238,0.019526,0.000034,0.000067,0.000134
ACCATATCCGCAATAA-1,0.872178,0.12754,0.00004,0.000081,0.000161
ACCATCCGCCAACTAG-1,0.183766,0.030339,0.005034,0.113022,0.667839
ACCATCGTATATGGTA-1,0.479363,0.475279,0.000086,0.000172,0.0451
ACCATTAAGGGTGTCA-1,0.000086,0.280291,0.000029,0.000057,0.719537
ACCCAACGCCCGTGGC-1,0.583166,0.333567,0.000046,0.000093,0.083128
ACCCACCTACATGCTC-1,0.035248,0.641039,0.000043,0.004768,0.318901
ACCCATCTTGAGGGTA-1,0.097479,0.185299,0.003102,0.176061,0.538058
ACCCATTTGTCCCTCT-1,0.839651,0.000029,0.002855,0.147267,0.010198
ACCCGAGCGAAATTAC-1,0.352359,0.204807,0.006436,0.147114,0.289285
ACCCGATTGGTTCCGA-1,0.611171,0.129774,0.016059,0.096739,0.146256
ACCCGGAAACTCCCAG-1,0.932552,0.030023,0.000057,0.000114,0.037255
ACCCGGAGCACCACAA-1,0.999748,0.000031,0.000031,0.000063,0.000126
ACCCGGATGACGCATC-1,0.606536,0.089032,0.00007,0.300974,0.003388
ACCCGGTTACACTTCC-1,0.541376,0.10256,0.000063,0.043815,0.312186
ACCCGTAGCAGAGAAT-1,0.000052,0.000017,0.000017,0.969171,0.030743
ACCCGTGTCATCAGTA-1,0.918386,0.058553,0.000056,0.000113,0.022891
ACCCTATAGGACTGAG-1,0.015942,0.119926,0.00004,0.023416,0.840677
ACCCTATGCCATATCG-1,0.732262,0.20941,0.00008,0.000159,0.05809
ACCCTCCCGTCAGGGC-1,0.942965,0.00002,0.00002,0.053261,0.003736
ACCCTCCCTTGCTATT-1,0.8562,0.089069,0.010387,0.02016,0.024184
ACCCTGGTAACGCCCT-1,0.129689,0.328526,0.000024,0.395249,0.146512
ACCCTTCATCTGCGAA-1,0.000124,0.323928,0.010851,0.097217,0.56788
ACCCTTGCCTGGGTCG-1,0.100884,0.081427,0.000016,0.361788,0.455885
ACCCTTTAGTTCTCCA-1,0.000196,0.354152,0.015523,0.114603,0.515527
ACCGAAAGGGCCCTGC-1,0.000064,0.038966,0.000021,0.000179,0.96077
ACCGAAGAGTCTGGTT-1,0.000125,0.386337,0.000042,0.109762,0.503734
ACCGACACATCTCCCA-1,0.995867,0.003877,0.000037,0.000073,0.000147
ACCGACTGAGTCCCAC-1,0.244162,0.04635,0.039622,0.342334,0.327532
ACCGAGTCTCCTTATT-1,0.982364,0.000025,0.000025,0.017487,0.000099
ACCGATAGGCATAACC-1,0.99987,0.000016,0.000016,0.000032,0.000065
ACCGATATTTAATCAT-1,0.992722,0.000025,0.000025,0.007129,0.000099
ACCGATGGTAGCATCG-1,0.334354,0.022723,0.037961,0.402848,0.202114
ACCGCAATAACTGCCT-1,0.999835,0.000021,0.000021,0.000041,0.000082
ACCGCGGTGGAAGTCG-1,0.96931,0.030423,0.000038,0.000076,0.000153
ACCGCTAGTCATTGGT-1,0.553944,0.098196,0.000042,0.347652,0.000167
ACCGGGCCTTTGTTGA-1,0.881592,0.000034,0.000034,0.118205,0.000135
ACCGGTCAGGTACACC-1,0.000116,0.498688,0.000039,0.059384,0.441773
ACCGGTCTGAGTACGG-1,0.000059,0.00002,0.000935,0.453969,0.545018
ACCGTCCACTGGGCCC-1,0.068028,0.27715,0.000025,0.189305,0.465492
ACCGTGACCACGTGGG-1,0.368138,0.000027,0.009745,0.522113,0.099978
ACCGTTCCCGCTCTGA-1,0.005164,0.180425,0.000045,0.098445,0.715922
ACCTAAGTACCTTTCA-1,0.027224,0.031335,0.00158,0.286934,0.652927
ACCTAATCGACTTCCT-1,0.000073,0.241532,0.002376,0.131931,0.624088
ACCTACAGTATGTGGT-1,0.865316,0.03638,0.000034,0.098131,0.000137
ACCTACTATAAATCTA-1,0.635744,0.078248,0.000074,0.285637,0.000296
ACCTCAGCGAGGCGCA-1,0.869369,0.094633,0.000027,0.027733,0.008238
ACCTCCGCCCTCGCTG-1,0.964001,0.000032,0.000032,0.035805,0.00013
ACCTCCGTTATTCACC-1,0.695973,0.154502,0.012135,0.137267,0.000123
ACCTCGAACTTATGCT-1,0.001017,0.129729,0.000019,0.436557,0.432678
ACCTGCGTGTCATGTT-1,0.000061,0.022248,0.008085,0.112687,0.856918
ACCTTTCCTTTAGAAG-1,0.000177,0.8121,0.000059,0.073218,0.114446
ACGAAATGGGCGGCAC-1,0.01722,0.211316,0.010978,0.10652,0.653966
ACGACCCATGAGTTGC-1,0.980297,0.000025,0.000025,0.019551,0.000102
ACGACTCTAGGGCCGA-1,0.993629,0.006078,0.000042,0.000084,0.000167
ACGACTGGTCATACTC-1,0.557602,0.275513,0.021107,0.071878,0.073901
ACGAGAACCCATCACG-1,0.056736,0.006431,0.000018,0.059772,0.877043
ACGAGATATTTGCTTA-1,0.035774,0.382074,0.00005,0.103866,0.478236
ACGAGGATACCACTCT-1,0.000042,0.000014,0.006561,0.357934,0.635448
ACGAGGTTTACAACGT-1,0.028362,0.354308,0.000029,0.215184,0.402116
ACGAGTACGGATGCCC-1,0.154608,0.328535,0.00004,0.40844,0.108377
ACGAGTCGCCGGCGTT-1,0.074562,0.020541,0.00049,0.05907,0.845336
ACGATACATAGAACTA-1,0.115114,0.022092,0.13568,0.294734,0.432379
ACGATACCTATCCTGA-1,0.000039,0.000013,0.000013,0.048233,0.951702
ACGATCATACATAGAG-1,0.141497,0.025335,0.00488,0.130547,0.697742
ACGATCATCTTGTAAA-1,0.678608,0.158789,0.009721,0.090677,0.062205
ACGATGCATATGTTAT-1,0.486321,0.041128,0.007501,0.131414,0.333636
ACGATGGATCCGATGC-1,0.097144,0.434705,0.000045,0.028093,0.440013
ACGCAAACTAATAGAT-1,0.730539,0.165262,0.014663,0.081106,0.00843
ACGCAATCACTACAGC-1,0.000078,0.099591,0.00366,0.59075,0.305921
ACGCATAAATGACATG-1,0.000067,0.124431,0.000022,0.553646,0.321833
ACGCATACGTTTACTA-1,0.981031,0.018722,0.000035,0.000071,0.000141
ACGCATTCGTGAGTAC-1,0.362874,0.019485,0.031979,0.134417,0.451244
ACGCCACTCGAAACAG-1,0.816795,0.019093,0.002084,0.053064,0.108963
ACGCCAGATGATTTCT-1,0.076885,0.047257,0.047237,0.078871,0.74975
ACGCCAGTGCGTTTGC-1,0.932174,0.000218,0.000041,0.067404,0.000163
ACGCCCAGCTGTCGAT-1,0.000157,0.540444,0.000052,0.087511,0.371836
ACGCCGCTAGACGACC-1,0.938332,0.061382,0.000041,0.000082,0.000164
ACGCCTGACACGCGCT-1,0.07571,0.09208,0.000025,0.098486,0.7337
ACGCGAAGTCAGACGA-1,0.788064,0.000025,0.012248,0.18791,0.011754
ACGCGCTACACAGGGT-1,0.203023,0.071505,0.000021,0.116019,0.609432
ACGCGGGCCAAGGACA-1,0.812321,0.132936,0.000037,0.000073,0.054633
ACGCGTTTCTTAAGAG-1,0.000079,0.225329,0.000026,0.017861,0.756704
ACGCTACTGAATGGGC-1,0.69584,0.095641,0.000015,0.128489,0.080015
ACGCTAGTATCAGTGC-1,0.081067,0.744856,0.000088,0.041729,0.13226
ACGCTAGTGATACACT-1,0.176051,0.162673,0.00004,0.148741,0.512495
ACGCTGTGAGGCGTAG-1,0.331357,0.470977,0.000046,0.000093,0.197527
ACGCTTAGTGTCTCTC-1,0.000249,0.471651,0.000083,0.308583,0.219434
ACGGAACACGAGTGCC-1,0.998731,0.001119,0.000021,0.000043,0.000086
ACGGAATTTAGCAAAT-1,0.092131,0.276624,0.000034,0.002626,0.628585
ACGGACGCAGCGACAA-1,0.000035,0.000012,0.000012,0.676725,0.323216
ACGGACTCTCAAAGCG-1,0.813426,0.008723,0.019682,0.107563,0.050607
ACGGAGCGCAAATTAC-1,0.000046,0.020218,0.006702,0.379199,0.593836
ACGGATGGTGCGGATA-1,0.980502,0.019102,0.000056,0.000113,0.000226
ACGGCACTTGCTTGGG-1,0.998417,0.001289,0.000042,0.000084,0.000168
ACGGCCAACATGGACT-1,0.968454,0.031245,0.000043,0.000086,0.000172
ACGGCGACGATGGGAA-1,0.997241,0.000028,0.000028,0.002588,0.000113
ACGGCGGGTTGCCCTG-1,0.000049,0.000016,0.005715,0.140438,0.853782
ACGGCTGGATGTAGAA-1,0.000101,0.612071,0.000034,0.064127,0.323668
ACGGGAGTGTCGGCCC-1,0.000111,0.426679,0.000037,0.025574,0.5476
ACGGGCGTATGCGACA-1,0.000514,0.31928,0.008788,0.436204,0.235214
ACGGGTCATGTGACTT-1,0.000095,0.22923,0.000032,0.006455,0.764189
ACGGGTTGTGACCTGT-1,0.000225,0.515454,0.000075,0.483947,0.0003
ACGGTACAGTTCAATG-1,0.734916,0.000023,0.053141,0.202293,0.009627
ACGGTCACCGAGAACA-1,0.086166,0.439191,0.000023,0.306812,0.167808
ACGTACAGATTTCTCT-1,0.000152,0.142029,0.000051,0.040335,0.817432
ACGTACTTTGGCACGG-1,0.482108,0.273677,0.000045,0.069087,0.175083
ACGTAGATTGCTGATG-1,0.496796,0.061652,0.000197,0.291888,0.149468
ACGTAGGAGAGTCGCT-1,0.999587,0.000052,0.000052,0.000103,0.000207
ACGTATTACTCCGATC-1,0.461712,0.099024,0.00009,0.238103,0.20107
ACGTCCTAAACGAGAT-1,0.1727,0.691864,0.000045,0.028012,0.10738
ACGTCGGGCAACTCGG-1,0.154674,0.457677,0.000036,0.386866,0.000746
ACGTCTCGTTCCGGGA-1,0.000058,0.22077,0.000019,0.087335,0.691818
ACGTGACAAAGTAAGT-1,0.178544,0.219674,0.000018,0.257891,0.343872
ACGTGCGCCTCGTGCA-1,0.000122,0.41586,0.000041,0.00466,0.579318
ACGTGGTCGAATGTGC-1,0.000189,0.413069,0.000063,0.292375,0.294303
ACGTTAATGTCGAAGA-1,0.582411,0.00004,0.264282,0.102254,0.051013
ACGTTAGATTTGCCCG-1,0.532199,0.18531,0.000851,0.013664,0.267975
ACGTTATTGGTCACTC-1,0.000144,0.475564,0.000048,0.000096,0.524149
ACGTTCACTATGCCGC-1,0.796648,0.001376,0.000032,0.201815,0.000129
ACGTTCCGCGCTCCGT-1,0.192692,0.337404,0.000041,0.000497,0.469366
ACGTTCGCAATCAATT-1,0.366894,0.473077,0.000044,0.159809,0.000176
ACGTTCGTTCAGGAAA-1,0.826378,0.131054,0.000069,0.042223,0.000276
ACGTTCTGTACAAGTC-1,0.351461,0.000019,0.282818,0.294242,0.071461
ACGTTGTCGTTGAAAG-1,0.179697,0.02044,0.002768,0.439161,0.357935
ACGTTTAGTTGTGATC-1,0.003683,0.172392,0.004778,0.00027,0.818877
ACGTTTCGGTGCACTT-1,0.701466,0.044266,0.000015,0.121611,0.132642
ACTAAGGACGCACACC-1,0.148161,0.527543,0.000042,0.047688,0.276566
ACTAATACGTCAGGCG-1,0.000097,0.030538,0.000032,0.38193,0.587403
ACTACAAAGAGAGGTG-1,0.98031,0.019345,0.000049,0.000099,0.000197
ACTACATCCCGACAAG-1,0.089856,0.519443,0.000028,0.21615,0.174523
ACTACCAGCTCTCTGG-1,0.000069,0.004961,0.019789,0.091728,0.883453
ACTACCATCCGAGGGC-1,0.128102,0.456126,0.000045,0.255647,0.160079
ACTACGCGTTAGAATT-1,0.842985,0.135737,0.00008,0.00016,0.021038
ACTAGTTGCGATCGTC-1,0.665896,0.000023,0.043238,0.263272,0.02757
ACTATATGCTGTGTTC-1,0.125538,0.30621,0.000036,0.419276,0.148939
ACTATCCAGGGCATGG-1,0.788736,0.117512,0.000035,0.093579,0.000138
ACTATCGCCGGCTAAA-1,0.054045,0.091083,0.000055,0.00011,0.854708
ACTATCTGCCCGCGTA-1,0.795933,0.00002,0.05007,0.135639,0.018337
ACTATGTCCAGCTGCC-1,0.137772,0.142235,0.008292,0.279873,0.431828
ACTATTCGTCCGTGGT-1,0.038556,0.405123,0.005952,0.054696,0.495673
ACTATTTCCGGGCCCA-1,0.945952,0.045478,0.000044,0.008348,0.000178
ACTCAACGAATGTATT-1,0.052176,0.000471,0.000023,0.011111,0.936219
ACTCAAGTGCAAGGCT-1,0.999626,0.000047,0.000047,0.000094,0.000187
ACTCAATAAAGGCACG-1,0.051367,0.037537,0.117227,0.176315,0.617554
ACTCAGACCTGCTTCT-1,0.000072,0.022361,0.011226,0.131413,0.834928
ACTCATGGCAGCCTTC-1,0.125067,0.434463,0.00004,0.146708,0.293722
ACTCCAATATCATCAT-1,0.020383,0.025407,0.004361,0.435564,0.514285
ACTCCCATTCCTAAAG-1,0.047701,0.000016,0.019626,0.165256,0.767402
ACTCCCGAATTCGTTT-1,0.466819,0.395231,0.00005,0.100736,0.037164
ACTCCCGTAGACTAGG-1,0.020222,0.232692,0.032062,0.386182,0.328842
ACTCCCTAATGCTAAA-1,0.999792,0.000026,0.000026,0.000052,0.000104
ACTCCCTAGAATAGTA-1,0.961018,0.038634,0.00005,0.000099,0.000199
ACTCCGGCCGACCACT-1,0.999744,0.000032,0.000032,0.000064,0.000128
ACTCGATGTATTTCAT-1,0.00019,0.648601,0.000063,0.000127,0.351019
ACTCGCCGTTCGATAA-1,0.759288,0.011042,0.023154,0.115747,0.090769
ACTCGCGATCTGACGC-1,0.999798,0.000025,0.000025,0.00005,0.000101
ACTCGTAACCCGTCCT-1,0.315118,0.046364,0.000016,0.087673,0.550829
ACTCGTCAGTAATCCC-1,0.839958,0.035295,0.000037,0.089366,0.035344
ACTCTAAACCTGGGAT-1,0.000035,0.000957,0.002983,0.052,0.944024
ACTCTCTGACTTAGGT-1,0.856298,0.090527,0.000068,0.027221,0.025886
ACTCTCTTATACACGA-1,0.000205,0.441528,0.000068,0.203704,0.354494
ACTCTGACCTAATAGA-1,0.99982,0.000023,0.000023,0.000045,0.00009
ACTCTTCAGCTCCCGC-1,0.529559,0.000017,0.144492,0.318078,0.007853
ACTCTTGTATAGTAAC-1,0.41737,0.00003,0.080302,0.451931,0.050368
ACTGAAACGCCGTTAG-1,0.926228,0.073486,0.000041,0.000082,0.000163
ACTGAATGGCGAAAGT-1,0.999748,0.000031,0.000031,0.000063,0.000126
ACTGATTTAGTGATTC-1,0.000243,0.571783,0.000081,0.248248,0.179644
ACTGCCCGCCATTCTC-1,0.435161,0.053904,0.044286,0.24841,0.218239
ACTGCCGTCGTAACTC-1,0.000042,0.000014,0.006482,0.116949,0.876512
ACTGCGGACACACCGT-1,0.622446,0.146218,0.000115,0.138884,0.092337
ACTGCTCGGAAGGATG-1,0.000138,0.77305,0.000046,0.000092,0.226673
ACTGGCGAACCTGCGT-1,0.01263,0.322996,0.000036,0.340346,0.323992
ACTGGGATGCCAGTGC-1,0.888332,0.000052,0.000052,0.111356,0.000208
ACTGTACGATACACAT-1,0.211206,0.163579,0.048701,0.183358,0.393156
ACTGTAGCACTTTGGA-1,0.123841,0.000017,0.177377,0.108317,0.590448
ACTGTATACGCGAGCA-1,0.000087,0.077243,0.000029,0.000058,0.922583
ACTGTCCAGGATTATA-1,0.495106,0.048154,0.022218,0.110001,0.324521
ACTGTCTTCTTTAGAA-1,0.397493,0.186291,0.06262,0.008802,0.344794
ACTGTGCTAGTAGATC-1,0.000086,0.000029,0.000029,0.005359,0.994497
ACTGTTTAGTGTAGGC-1,0.000101,0.189086,0.000034,0.175343,0.635437
ACTTACCGGGCGCGCA-1,0.00086,0.386343,0.000287,0.108228,0.504282
ACTTACGCATCCACGC-1,0.861767,0.000045,0.000045,0.137963,0.000179
ACTTAGTACGACAAGA-1,0.000105,0.38548,0.000035,0.00007,0.61431
ACTTATACTTACCCGG-1,0.546862,0.126918,0.07766,0.164516,0.084043
ACTTATCTGATCTATA-1,0.012268,0.020147,0.000021,0.000042,0.967522
ACTTATTAGGATCGGT-1,0.705661,0.182946,0.000062,0.000125,0.111205
ACTTATTTATGTGCCA-1,0.987212,0.012478,0.000044,0.000088,0.000177
ACTTCAGGCTGATCCC-1,0.816579,0.00003,0.00003,0.160348,0.023013
ACTTCCAGTGGAAGCT-1,0.063367,0.068506,0.000034,0.314321,0.553772
ACTTCCATGCGGGACA-1,0.961877,0.023452,0.000041,0.014468,0.000163
ACTTCCTGTCGTGCGA-1,0.142661,0.787829,0.000061,0.061573,0.007876
ACTTCGCCATACGCAC-1,0.873724,0.125744,0.000028,0.000056,0.000448
ACTTCGCTAGCGAGTG-1,0.393783,0.440665,0.004255,0.161185,0.000112
ACTTGACTCCCTCTTT-1,0.943313,0.056336,0.00005,0.0001,0.0002
ACTTGCCATATTGTAC-1,0.000245,0.654219,0.000082,0.000163,0.345291
ACTTGCTCTATCTACC-1,0.000182,0.538521,0.000061,0.460993,0.000243
ACTTGGGACCCGGTGG-1,0.260965,0.359661,0.008698,0.002163,0.368513
ACTTGGGCTTTCGCCA-1,0.697677,0.028229,0.000025,0.139415,0.134653
ACTTGTAGTCCCTTCA-1,0.01925,0.229968,0.000021,0.235673,0.515088
ACTTGTGGATGGAACG-1,0.692235,0.000082,0.000082,0.307271,0.00033
ACTTGTTACCGGATCA-1,0.8685,0.000027,0.000027,0.035756,0.095689
ACTTTACCCTCATGAA-1,0.174456,0.027522,0.06523,0.550122,0.182671
ACTTTATACACCACTT-1,0.000085,0.119944,0.000028,0.634478,0.245465
ACTTTCCTATAGCTTC-1,0.454378,0.183564,0.001387,0.034412,0.326258
ACTTTGACTGCATCCT-1,0.023664,0.000015,0.065887,0.102727,0.807708
ACTTTGGTCGTGCTCC-1,0.064587,0.000012,0.000012,0.253196,0.682193
ACTTTGTCGACGCACT-1,0.99969,0.000039,0.000039,0.000077,0.000155
AGAAATTATGACTCGC-1,0.999818,0.000023,0.000023,0.000046,0.000091
AGAACACGGCGATGGT-1,0.018288,0.034578,0.000012,0.685874,0.261248
AGAACCCAGCGTGACA-1,0.96891,0.03089,0.000029,0.000057,0.000114
AGAACCCTCAATTGGG-1,0.000108,0.538164,0.000036,0.168728,0.292965
AGAACGTGGTACATTC-1,0.067408,0.087292,0.200799,0.213129,0.431371
AGAACTGTACTTTGTA-1,0.82412,0.024628,0.000016,0.062072,0.089164
AGAAGAGCGCCGTTCC-1,0.863244,0.000699,0.000699,0.001399,0.133959
AGAAGGTACACTTCAC-1,0.115861,0.68383,0.000045,0.002932,0.197332
AGAAGGTTGCCGAATT-1,0.403121,0.575711,0.000105,0.00021,0.020853
AGAAGGTTGTAGGTCG-1,0.99937,0.000079,0.000079,0.000158,0.000315
AGAAGTGATTCGTGAT-1,0.078809,0.501594,0.000048,0.03122,0.388329
AGAATAAATCTTCAGG-1,0.000034,0.001988,0.010651,0.203713,0.783614
AGAATACAGGCTATCC-1,0.86989,0.031462,0.000018,0.066388,0.032242
AGAATGCGGGTTCGGA-1,0.000058,0.150676,0.000019,0.421258,0.427989
AGAATTATGGATTCGA-1,0.739793,0.143151,0.000044,0.000088,0.116925
