Barcode,Topic 1,Topic 2,Topic 3to11
AAACAAGTATCTCCCA-1,0.000019,0.008181,0.9918
AAACACCAATAACTGC-1,0.353309,0.00009,0.646601
AAACAGCTTTCAGAAG-1,0.131109,0.001673,0.867218
AAACAGGGTCTATATT-1,0.318232,0.36963,0.312137
AAACAGTGTTCCTGGG-1,0.12549,0.17197,0.702541
AAACATGGTGAGAGGA-1,0.514854,0.000023,0.485123
AAACATTTCCCGGATT-1,0.0022,0.031803,0.965997
AAACCACTACACAGAT-1,0.115778,0.052554,0.831668
AAACCCGAACGAAATC-1,0.000019,0.05154,0.948441
AAACCGGAAATGTTAA-1,0.337047,0.201892,0.46106
AAACCGGGTAGGTACC-1,0.031634,0.04486,0.923506
AAACCGTTCGTCCAGG-1,0.015662,0.082133,0.902206
AAACCTAAGCAGCCGG-1,0.068576,0.286228,0.645196
AAACCTCATGAAGTTG-1,0.078827,0.321894,0.599279
AAACGAAGATGGAGTA-1,0.604762,0.00006,0.395178
AAACGAGACGGTTGAT-1,0.176945,0.572914,0.250141
AAACGCTGGGCACGAC-1,0.094071,0.00001,0.905919
AAACGGGCGTACGGGT-1,0.000037,0.548181,0.451782
AAACGGTTGCGAACTG-1,0.00735,0.169198,0.823452
AAACGTGTTCGCCCTA-1,0.000035,0.663218,0.336746
AAACTAACGTGGCGAC-1,0.000236,0.419378,0.580386
AAACTCGGTTCGCAAT-1,0.01755,0.20623,0.77622
AAACTCGTGATATAAG-1,0.00003,0.305663,0.694308
AAACTGCTGGCTCCAA-1,0.00434,0.252163,0.743497
AAACTTAATTGCACGC-1,0.728514,0.124112,0.147374
AAACTTGCAAACGTAT-1,0.116285,0.000237,0.883478
AAAGAATGACCTTAGA-1,0.571809,0.013011,0.41518
AAAGAATGTGGACTAA-1,0.000016,0.180394,0.81959
AAAGACCCAAGTCGCG-1,0.095727,0.669182,0.235091
AAAGACTGGGCGCTTT-1,0.008607,0.180595,0.810799
AAAGCTTGCCTACATA-1,0.00234,0.010707,0.986953
AAAGGCCCTATAATAC-1,0.258352,0.018884,0.722764
AAAGGCTACGGACCAT-1,0.013246,0.199394,0.78736
AAAGGCTCTCGCGCCG-1,0.052313,0.488328,0.459358
AAAGGGATGTAGCAAG-1,0.000027,0.104604,0.895369
AAAGGGCAGCTTGAAT-1,0.068848,0.196912,0.73424
AAAGGTAAGCTGTACC-1,0.000293,0.282846,0.716861
AAAGTAGCATTGCTCA-1,0.08599,0.056991,0.857019
AAAGTCGACCCTCAGT-1,0.050613,0.11098,0.838406
AAAGTGCCATCAATTA-1,0.05387,0.02834,0.91779
AAAGTGTGATTTATCT-1,0.000052,0.850045,0.149903
AAAGTTGACTCCCGTA-1,0.030794,0.002588,0.966618
AAATAAGGTAGTGCCC-1,0.000024,0.390773,0.609203
AAATACCTATAAGCAT-1,0.000025,0.230708,0.769268
AAATAGCTTAGACTTT-1,0.00701,0.138701,0.854288
AAATAGGGTGCTATTG-1,0.110677,0.635308,0.254014
AAATCCGATACACGCC-1,0.035927,0.117118,0.846956
AAATCGCGGAAGGAGT-1,0.339466,0.000102,0.660432
AAATCGTGTACCACAA-1,0.011241,0.110763,0.877996
AAATCTAGCCCTGCTA-1,0.000014,0.114922,0.885064
AAATCTGCCCGCGTCC-1,0.476606,0.000014,0.52338
AAATGACTGATCAAAC-1,0.014244,0.007995,0.977762
AAATGATTCGATCAGC-1,0.000022,0.087024,0.912954
AAATGCTCGTTACGTT-1,0.000039,0.100113,0.899848
AAATGGCCCGTGCCCT-1,0.18321,0.133419,0.68337
AAATGGTCAATGTGCC-1,0.008216,0.384033,0.607751
AAATGTATCTTATCCC-1,0.024741,0.070795,0.904464
AAATTAACGGGTAGCT-1,0.000031,0.351604,0.648365
AAATTAATAAGCGCGA-1,0.033355,0.270064,0.696581
AAATTACCTATCGATG-1,0.082139,0.505521,0.41234
AAATTCCAGGTCCAAA-1,0.00002,0.293742,0.706237
AAATTGATAGTCCTTT-1,0.276139,0.001603,0.722258
AAATTGGTGAGAAGCA-1,0.000019,0.429918,0.570063
AAATTTGCGGGTGTGG-1,0.000864,0.000013,0.999123
AACAACTGGTAGTTGC-1,0.000037,0.054018,0.945945
AACAATACATTGTCGA-1,0.028375,0.042568,0.929057
AACAATTACTCTACGC-1,0.073163,0.312646,0.61419
AACACACGCTCGCCGC-1,0.000033,0.465214,0.534753
AACACGAGACGCGGCC-1,0.08328,0.123519,0.793202
AACAGCTGTGTGGCAA-1,0.198674,0.16392,0.637406
AACAGGATGGGCCGCG-1,0.030029,0.012923,0.957048
AACAGGTAGTATGGAT-1,0.128753,0.043161,0.828086
AACATAGCGTGTATCG-1,0.190464,0.22698,0.582556
AACATATCAACTGGTG-1,0.000037,0.495333,0.50463
AACATCGATACGTCTA-1,0.000025,0.399466,0.60051
AACATTGAAGTTGATC-1,0.514608,0.108216,0.377176
AACATTGTGACTCGAG-1,0.040202,0.017138,0.94266
AACCAAGACTTCTCTG-1,0.046307,0.216604,0.737089
AACCATAGGGTTGAAC-1,0.6798,0.160807,0.159392
AACCATGGGATCGCTA-1,0.000023,0.073392,0.926586
AACCCAGAGACGGAGA-1,0.000012,0.000538,0.99945
AACCCATCCCATGATC-1,0.419077,0.05255,0.528373
AACCCGACAACCCGTG-1,0.020427,0.195903,0.78367
AACCCGAGCAGAATCG-1,0.010227,0.310324,0.679449
AACCCGATAGGGCTTC-1,0.063859,0.331553,0.604588
AACCCGCTGTATTCCA-1,0.049785,0.000027,0.950189
AACCCTACTGTCAATA-1,0.045156,0.193139,0.761705
AACCGAGCTTGGTCAT-1,0.012486,0.722043,0.26547
AACCGCTAAGGGATGC-1,0.18666,0.317303,0.496036
AACCTCGCTTTAGCCC-1,0.042639,0.506021,0.45134
AACCTGTCACGGAATT-1,0.000028,0.028383,0.971589
AACCTTTAAATACGGT-1,0.057517,0.090408,0.852075
AACGAAAGTCGTCCCA-1,0.473518,0.000067,0.526415
AACGACCTCCTAGCCG-1,0.019937,0.001998,0.978065
AACGATAATGCCGTAG-1,0.000027,0.148368,0.851605
AACGATAGAAGGGCCG-1,0.019404,0.776931,0.203665
AACGCATGATCTGGGT-1,0.000067,0.481453,0.51848
AACGCGAACGGCAACA-1,0.036923,0.769097,0.193979
AACGCGACCTTGGGCG-1,0.031843,0.237468,0.730689
AACGCGGTCTCCAGCC-1,0.009132,0.535818,0.45505
AACGCTGTTGCTGAAA-1,0.00004,0.276722,0.723239
AACGGACGTACGTATA-1,0.00006,0.380239,0.619702
AACGGCCATCTCCGGT-1,0.083832,0.080312,0.835856
AACGTACTGTGGGTAC-1,0.001981,0.033247,0.964772
AACGTCAGACTAGTGG-1,0.000033,0.172784,0.827183
AACGTCATCCGGCTTG-1,0.031738,0.093671,0.874591
AACGTCGCTGCACTTC-1,0.003999,0.125855,0.870146
AACGTGCGAAAGTCTC-1,0.000028,0.568502,0.43147
AACGTTATCAGCACCT-1,0.042161,0.063853,0.893986
AACGTTCTACCATTGT-1,0.048925,0.000014,0.951062
AACTACCCGTTTGTCA-1,0.013046,0.260857,0.726097
AACTAGGCTTGGGTGT-1,0.000042,0.006453,0.993505
AACTCAAGTTAATTGC-1,0.004476,0.115742,0.879782
AACTCCAGAGCGTGTT-1,0.000071,0.208804,0.791125
AACTCGATGGCGCAGT-1,0.000032,0.136633,0.863334
AACTCTCAATAGAGCG-1,0.039285,0.540754,0.419961
AACTCTCAGTGTGCTC-1,0.23657,0.080978,0.682453
AACTGAGGTCAGCGTC-1,0.123689,0.875885,0.000426
AACTGAGTTATACTGA-1,0.052041,0.040007,0.907952
AACTGGGTCCCGACGT-1,0.117992,0.770146,0.111862
AACTTCTGCGTCTATC-1,0.11012,0.188112,0.701767
AACTTGCCCGTATGCA-1,0.013662,0.229842,0.756496
AACTTGCGTTCTCGCG-1,0.000032,0.087087,0.912881
AACTTTACGGGAGCTT-1,0.056362,0.16514,0.778498
AACTTTCTCGATCATG-1,0.060679,0.155915,0.783407
AAGAAAGTTTGATGGG-1,0.984878,0.000049,0.015073
AAGAAATCACCAGATT-1,0.003468,0.008139,0.988393
AAGAAGGATCAGTTAG-1,0.000013,0.000013,0.999974
AAGACATACGTGGTTT-1,0.017414,0.050756,0.93183
AAGACCAAATAACTCA-1,0.615712,0.14071,0.243578
AAGACCCAACTGAACA-1,0.028143,0.072762,0.899095
AAGACTGCAAGCTACT-1,0.00002,0.324463,0.675517
AAGAGATGAATCGGTA-1,0.007691,0.143976,0.848333
AAGAGCTCTTTATCGG-1,0.057303,0.625412,0.317285
AAGAGGATGTACGCGA-1,0.012155,0.055391,0.932453
AAGAGGCATGGATCGC-1,0.034334,0.698848,0.266818
AAGAGGCCCTTTGGAA-1,0.081722,0.007628,0.91065
AAGATGGCACCGGACC-1,0.105315,0.134197,0.760488
AAGCACCCTGCGTATC-1,0.000025,0.020072,0.979903
AAGCATACTCTCCTGA-1,0.00152,0.048969,0.949511
AAGCCACTTGCAGGTA-1,0.283674,0.000035,0.716291
AAGCCGAAGCGGTTTA-1,0.000032,0.125855,0.874114
AAGCCGCCGTGAAATC-1,0.450574,0.012726,0.536701
AAGCCGCTTTACCTTG-1,0.000028,0.187846,0.812125
AAGCCGGAGAGCAGGA-1,0.037592,0.007092,0.955316
AAGCGCAGGGCTTTGA-1,0.045556,0.018643,0.935802
AAGCGGAGTGCGCGCA-1,0.000026,0.392663,0.607311
AAGCGTCCCTCATCGA-1,0.118169,0.013305,0.868526
AAGCTAGATCGAGTAA-1,0.000036,0.056906,0.943058
AAGCTATGGATTGACC-1,0.674741,0.195357,0.129902
AAGCTCGTGCCAAGTC-1,0.000047,0.239234,0.760719
AAGCTCTTTCATGGTG-1,0.104868,0.443754,0.451378
AAGGAGCGGTTGGTGC-1,0.000037,0.026812,0.973151
AAGGATCGATCGCTTG-1,0.087866,0.220309,0.691825
AAGGCAGGCTGTCTCC-1,0.032435,0.000301,0.967264
AAGGCGCGTAAAGCTT-1,0.000027,0.046374,0.953599
AAGGCTGTGCTCATCG-1,0.074992,0.110761,0.814248
AAGGGAACGACTGGCT-1,0.753968,0.238286,0.007746
AAGGGACAGATTCTGT-1,0.000125,0.135181,0.864694
AAGGGACTATGCATTC-1,0.589263,0.312906,0.097831
AAGGGTTAGCCATGCG-1,0.171569,0.028979,0.799453
AAGGGTTTGATTTCAG-1,0.612653,0.000022,0.387325
AAGGTGATAAACCAGC-1,0.069851,0.583571,0.346578
AAGTAGAAGACCGGGT-1,0.011829,0.051861,0.93631
AAGTAGTGACGCGAGG-1,0.039577,0.07253,0.887893
AAGTCAATTGTCGTCA-1,0.000036,0.036394,0.96357
AAGTCTAGTAGCTGCC-1,0.038575,0.030464,0.930961
AAGTCTTCTGTGGCCT-1,0.140358,0.000025,0.859616
AAGTGACGACCGAATT-1,0.015246,0.077064,0.90769
AAGTGAGTCGGGTTTA-1,0.275418,0.26704,0.457542
AAGTGCAAAGGTAGAC-1,0.007165,0.075426,0.917409
AAGTGCCTTGACTGTA-1,0.040721,0.142397,0.816881
AAGTGCGTTAGAATCT-1,0.037223,0.044585,0.918192
AAGTGCTTCTCTATTG-1,0.128699,0.046914,0.824387
AAGTGTTTGGAGACGG-1,0.010671,0.252435,0.736893
AAGTTCACTCCAAGCT-1,0.037883,0.255464,0.706653
AAGTTCAGTCTGCGTA-1,0.000059,0.946337,0.053604
AAGTTCGGCCAACAGG-1,0.000046,0.011576,0.988378
AAGTTGTGATGTTATA-1,0.00002,0.078713,0.921267
AAGTTTATGGGCCCAA-1,0.003354,0.066257,0.930389
AATAACAACGCTCGGC-1,0.064509,0.0358,0.899691
AATAACACTAGAACAA-1,0.122212,0.029082,0.848706
AATAACGTCGCGCCCA-1,0.030037,0.048259,0.921704
AATAATCTTCGTATCG-1,0.031704,0.360199,0.608097
AATACAATGTTTCAGG-1,0.000032,0.315936,0.684031
AATACCGGAGGGCTGT-1,0.077246,0.095054,0.8277
AATACCTGATGTGAAC-1,0.003649,0.014364,0.981987
AATAGAACAGAGTGGC-1,0.011659,0.131106,0.857235
AATAGAATCTGTTTCA-1,0.07764,0.210576,0.711783
AATAGCAAGCCTCCTG-1,0.06162,0.337886,0.600494
AATAGCTACCGCGTGC-1,0.000027,0.021434,0.978539
AATAGGCACGACCCTT-1,0.147493,0.000025,0.852482
AATAGTCCGTCCCGAC-1,0.000031,0.2301,0.76987
AATAGTCGCGAGTCGG-1,0.001202,0.574609,0.424189
AATATCAAGGTCGGAT-1,0.05108,0.393502,0.555419
AATATCCTAGCAAACT-1,0.090594,0.000054,0.909351
AATATCGAATCAATGC-1,0.000029,0.07464,0.925332
AATATCGAGGGTTCTC-1,0.000055,0.219945,0.78
AATATTGGAGTATTGA-1,0.248316,0.098914,0.65277
AATCAGGTTTCATTTA-1,0.419895,0.371933,0.208172
AATCATGTAAAGACTC-1,0.000026,0.117033,0.882941
AATCCAAGGGCCTGAG-1,0.03252,0.633936,0.333544
AATCCATGCAAGGGTG-1,0.131417,0.598498,0.270085
AATCCCGCTCAGAGCC-1,0.423922,0.070613,0.505465
AATCGAGGTCTCAAGG-1,0.008316,0.367926,0.623758
AATCGCCTCAGCGCCA-1,0.000093,0.463405,0.536502
AATCGCGCAGAGGACT-1,0.000023,0.067698,0.932279
AATCGGTATAGCCCTC-1,0.024517,0.134423,0.84106
AATCGTGAGCCGAGCA-1,0.07961,0.563832,0.356558
AATCTAGGTTTACTTG-1,0.494075,0.447036,0.058888
AATCTATGCCGGAGCC-1,0.000036,0.391257,0.608706
AATCTCTACTGTGGTT-1,0.028952,0.194388,0.77666
AATCTGCGTTGGGACG-1,0.292055,0.468345,0.239599
AATCTGGCTTTCTAGT-1,0.454834,0.242077,0.303089
AATGACAGCAATGTCT-1,0.558908,0.171062,0.27003
AATGACGTAGGATGTC-1,0.000052,0.21583,0.784118
AATGACTGTCAGCCGG-1,0.000021,0.002533,0.997446
AATGAGTTCGCATATG-1,0.000016,0.010863,0.989121
AATGATGCGACTCCTG-1,0.000063,0.591284,0.408654
AATGCAACCGGGTACC-1,0.000015,0.057557,0.942428
AATGGCCGCCAATGCG-1,0.141786,0.478699,0.379515
AATGGTCCACCGTTCA-1,0.047344,0.045012,0.907645
AATGGTTCTCACAAGC-1,0.000032,0.059485,0.940483
AATGTATGGCACTGTA-1,0.751553,0.000051,0.248396
AATGTGCCCGAGGTGT-1,0.228108,0.000046,0.771845
AATGTGCTAATCTGAG-1,0.187861,0.184608,0.627532
AATGTTAAGACCCTGA-1,0.017852,0.528512,0.453635
AATGTTGTCGTGAGAC-1,0.063566,0.002707,0.933726
AATTAAAGGTCGGCGT-1,0.000019,0.142548,0.857433
AATTAACGGATTTCCA-1,0.000035,0.175963,0.824002
AATTACGAGACCCATC-1,0.621893,0.000061,0.378045
AATTACTCGTACGCTC-1,0.050399,0.3359,0.613701
AATTAGCGCTGCAGCG-1,0.00003,0.104678,0.895292
AATTATACCCAGCAAG-1,0.0696,0.138061,0.79234
AATTCATTGTCATGCA-1,0.722365,0.275964,0.00167
AATTCCAAGCATGTAC-1,0.000032,0.076111,0.923858
AATTCGATTCGAGGAT-1,0.013138,0.126966,0.859897
AATTCTAGAGTTAGGC-1,0.086608,0.145755,0.767637
AATTGAACGCTCTGGT-1,0.183073,0.469684,0.347243
AATTGCAGCAATCGAC-1,0.000024,0.102047,0.897929
AATTGCGTGGATTACA-1,0.706493,0.000066,0.293441
AATTGTGGTTGCCAAA-1,0.000525,0.007183,0.992292
ACAAACCATGCGTCCT-1,0.542485,0.454767,0.002748
ACAAACTCCATCAGAG-1,0.191219,0.000027,0.808754
ACAAAGAAGGTAGGCC-1,0.335657,0.21601,0.448333
ACAAAGCATGACCTAG-1,0.007532,0.135133,0.857336
ACAAATCGCACCGAAT-1,0.000053,0.539427,0.460521
ACAAATGGTAGTGTTT-1,0.04274,0.49678,0.460479
ACAACAGCATGAGCTA-1,0.000038,0.583591,0.416371
ACAACGGTCCCTGCGA-1,0.001052,0.116614,0.882334
ACAAGCAGTGCCTAGC-1,0.072298,0.173344,0.754359
ACAAGCTATATGGAAG-1,0.041851,0.000025,0.958123
ACAAGGAAATCCGCCC-1,0.000018,0.000019,0.999963
ACAAGGACAAGAGGTT-1,0.000011,0.161663,0.838326
ACAAGGATGCTTTAGG-1,0.207659,0.028011,0.764329
ACAAGGGCAGGCTCTG-1,0.000039,0.222079,0.777882
ACAAGTAATTGTAAGG-1,0.763822,0.001201,0.234977
ACAATAGTCGTACGTT-1,0.003703,0.026761,0.969536
ACAATCCATTTAAACC-1,0.024155,0.029117,0.946728
ACAATGAATACGGAGA-1,0.124608,0.01374,0.861653
ACAATGATTCTTCTAC-1,0.108361,0.890987,0.000652
ACAATTGTGTCTCTTT-1,0.011837,0.064487,0.923675
ACAATTTAGGAGGCTC-1,0.186816,0.149233,0.663951
ACAATTTGAGCAGTGG-1,0.072463,0.292744,0.634793
ACAATTTGGCCATATT-1,0.01937,0.025734,0.954896
ACACAAAGACGGGTGG-1,0.000021,0.171208,0.82877
ACACAAATATTCCTAG-1,0.000026,0.111387,0.888587
ACACACCAGGACCAGT-1,0.140491,0.267419,0.59209
ACACATGATCAAATCT-1,0.616362,0.066609,0.317028
ACACATTGACGCAACA-1,0.047631,0.950238,0.00213
ACACATTTCCGTAGAC-1,0.009278,0.105064,0.885658
ACACCACATAATTAGC-1,0.000019,0.146249,0.853732
ACACCCAGCATGCAGC-1,0.021769,0.115701,0.86253
ACACCCGAGAAATCCG-1,0.000025,0.677636,0.322339
ACACCCGTAAATCTGT-1,0.25336,0.409856,0.336783
ACACCGAGCGCTCTTT-1,0.000041,0.044194,0.955765
ACACCGGTCTGACCGC-1,0.885212,0.000063,0.114724
ACACCTTAAGTAGGGC-1,0.008035,0.110577,0.881389
ACACCTTACTACTTGC-1,0.000026,0.376342,0.623631
ACACGAGACTCCTTCT-1,0.017511,0.029693,0.952796
ACACGGGAACTTAGGG-1,0.000083,0.49022,0.509696
ACACGTAGGCCACAAG-1,0.000023,0.25989,0.740087
ACACTCCAATGTCACT-1,0.000032,0.123866,0.876102
ACACTGATCAAGGTGT-1,0.011618,0.1027,0.885681
ACACTGGGACAGTCGT-1,0.004141,0.001081,0.994777
ACAGAACTGAGAACAA-1,0.15522,0.146421,0.698359
ACAGCGACATTCTCAT-1,0.021188,0.034966,0.943846
ACAGGCACGGATCCTT-1,0.008757,0.000018,0.991225
ACAGGCTTGCCCGACT-1,0.165109,0.042745,0.792146
ACAGGTGGAGGTGAGG-1,0.033374,0.095666,0.87096
ACAGGTGTGTTGTTGC-1,0.136493,0.237113,0.626394
ACAGTAATACAACTTG-1,0.142761,0.182654,0.674585
ACAGTATACCGTGGGA-1,0.000019,0.062184,0.937798
ACATAAGTCGTGGTGA-1,0.447419,0.010987,0.541594
ACATAATAAGGCGGTG-1,0.057594,0.661832,0.280574
ACATACAATCAAGCGG-1,0.042667,0.013658,0.943676
ACATCAGCTGGGACGC-1,0.070074,0.122269,0.807657
ACATCCCGGCCATACG-1,0.059304,0.138371,0.802325
ACATCCTGGTAACTGT-1,0.003769,0.13632,0.85991
ACATCGATCGTTTACC-1,0.000032,0.007323,0.992645
ACATCGCAATATTCGG-1,0.643457,0.000043,0.3565
ACATCGGTCAGCCGCG-1,0.000019,0.170081,0.829901
ACATCGTATGCAATGG-1,0.000081,0.445335,0.554584
ACATGCTTACGGCAGC-1,0.99954,0.000046,0.000414
ACATGGCGCCAAAGTA-1,0.000025,0.136199,0.863776
ACATGGCTCAATTTAG-1,0.000095,0.698583,0.301322
ACATTAGTTTATATCC-1,0.034127,0.26232,0.703554
ACATTCGCGCGGAATA-1,0.622227,0.089049,0.288724
ACATTTGAAACCTAAC-1,0.056817,0.069454,0.87373
ACCAAACACCCAGCGA-1,0.000021,0.027429,0.97255
ACCAACACCACACACT-1,0.000031,0.214345,0.785624
ACCAACCGCACTCCAC-1,0.004417,0.141729,0.853854
ACCAACGCTTATTTAT-1,0.001368,0.141799,0.856834
ACCAAGAACGCGTGTC-1,0.000029,0.170074,0.829897
ACCAAGTCATCGGCAG-1,0.000019,0.12352,0.876461
ACCAATATGCAAGTTA-1,0.000052,0.12683,0.873118
ACCACAAGTTTCTATC-1,0.056677,0.050967,0.892356
ACCACACGGTTGATGG-1,0.000045,0.189443,0.810512
ACCACCAATGTAACAA-1,0.027801,0.496546,0.475653
ACCACCCTCTCTTCTA-1,0.000017,0.002799,0.997185
ACCACGTGCAGCTATA-1,0.011381,0.057546,0.931074
ACCACTGTTCAAGAAG-1,0.012203,0.201872,0.785924
ACCAGACCATAACAAC-1,0.077217,0.000016,0.922767
ACCAGTGCGGGAGACG-1,0.000059,0.24135,0.75859
ACCATATCCGCAATAA-1,0.025572,0.195206,0.779222
ACCATCCGCCAACTAG-1,0.117852,0.01677,0.865378
ACCATCGTATATGGTA-1,0.000025,0.032982,0.966993
ACCATTAAGGGTGTCA-1,0.000037,0.043874,0.956089
ACCCAACGCCCGTGGC-1,0.127434,0.046536,0.82603
ACCCACCTACATGCTC-1,0.04786,0.000698,0.951442
ACCCATCTTGAGGGTA-1,0.085716,0.046155,0.868129
ACCCATTTGTCCCTCT-1,0.029739,0.119976,0.850285
ACCCGAGCGAAATTAC-1,0.389162,0.006617,0.604222
ACCCGATTGGTTCCGA-1,0.211047,0.011574,0.777379
ACCCGGAAACTCCCAG-1,0.017881,0.328571,0.653547
ACCCGGAGCACCACAA-1,0.143331,0.000011,0.856657
ACCCGGATGACGCATC-1,0.00003,0.113909,0.886061
ACCCGGTTACACTTCC-1,0.000017,0.04178,0.958203
ACCCGTAGCAGAGAAT-1,0.999641,0.000036,0.000323
ACCCGTAGTCTAGTTG-1,0.081305,0.201406,0.717289
ACCCGTGTCATCAGTA-1,0.024687,0.185066,0.790247
ACCCTATAGGACTGAG-1,0.000014,0.073305,0.926682
ACCCTATGCCATATCG-1,0.062436,0.000037,0.937528
ACCCTCCCGTCAGGGC-1,0.00407,0.000482,0.995448
ACCCTCCCTTGCTATT-1,0.058621,0.326583,0.614797
ACCCTGGTAACGCCCT-1,0.000034,0.060959,0.939007
ACCCTTGCCTGGGTCG-1,0.000024,0.044377,0.9556
ACCGAAGAGTCTGGTT-1,0.475951,0.000061,0.523988
ACCGACACATCTCCCA-1,0.000025,0.230958,0.769017
ACCGACTGAGTCCCAC-1,0.000025,0.144733,0.855242
ACCGAGTCTCCTTATT-1,0.06025,0.167428,0.772322
ACCGATAGGCATAACC-1,0.101113,0.050791,0.848096
ACCGATATTTAATCAT-1,0.015101,0.000023,0.984877
ACCGATGGTAGCATCG-1,0.034817,0.440557,0.524626
ACCGCAATAACTGCCT-1,0.000042,0.628285,0.371673
ACCGCGGTGGAAGTCG-1,0.011531,0.182933,0.805536
ACCGCTAGTCATTGGT-1,0.22424,0.000024,0.775736
ACCGGGCCTTTGTTGA-1,0.000029,0.102706,0.897266
ACCGGTCAGGTACACC-1,0.803152,0.097089,0.099759
ACCGTCCACTGGGCCC-1,0.878032,0.000028,0.12194
ACCGTGACCACGTGGG-1,0.063694,0.000046,0.93626
ACCTAAGTACCTTTCA-1,0.153374,0.003559,0.843066
ACCTAATCGACTTCCT-1,0.045559,0.344806,0.609635
ACCTACAGTATGTGGT-1,0.000028,0.563489,0.436483
ACCTACTATAAATCTA-1,0.067595,0.182375,0.75003
ACCTCAGCGAGGCGCA-1,0.000019,0.083509,0.916473
ACCTCCGCCCTCGCTG-1,0.000027,0.203642,0.796331
ACCTCCGTTATTCACC-1,0.039138,0.313581,0.647281
ACCTCGAACTTATGCT-1,0.811425,0.115385,0.07319
ACCTGCGTGTCATGTT-1,0.114933,0.039903,0.845164
ACGAAATGGGCGGCAC-1,0.122823,0.191854,0.685323
ACGACCCATGAGTTGC-1,0.069136,0.280339,0.650525
ACGACTCTAGGGCCGA-1,0.048955,0.204138,0.746907
ACGACTGGTCATACTC-1,0.179059,0.040157,0.780784
ACGAGAACCCATCACG-1,0.462438,0.379137,0.158425
ACGAGGATACCACTCT-1,0.298186,0.398221,0.303593
ACGAGGTTTACAACGT-1,0.70424,0.062412,0.233349
ACGAGTACGGATGCCC-1,0.011559,0.096667,0.891774
ACGATACCTATCCTGA-1,0.050007,0.000015,0.949978
ACGATCATACATAGAG-1,0.003321,0.017098,0.979581
ACGATCATCTTGTAAA-1,0.000029,0.137619,0.862352
ACGATGCATATGTTAT-1,0.000022,0.05927,0.940708
ACGCAAACTAATAGAT-1,0.073597,0.254233,0.67217
ACGCAATCACTACAGC-1,0.000044,0.060182,0.939774
ACGCATACGTTTACTA-1,0.080465,0.174727,0.744808
ACGCATTCGTGAGTAC-1,0.01316,0.161565,0.825276
ACGCCACTCGAAACAG-1,0.013221,0.073308,0.913471
ACGCCAGTGCGTTTGC-1,0.022072,0.006709,0.971219
ACGCCGCTAGACGACC-1,0.051372,0.059685,0.888942
ACGCGAAGTCAGACGA-1,0.04885,0.004821,0.94633
ACGCGCTACACAGGGT-1,0.051103,0.209926,0.738971
ACGCGGGCCAAGGACA-1,0.000027,0.094944,0.905029
ACGCGTTTCTTAAGAG-1,0.123866,0.180325,0.695808
ACGCTACTGAATGGGC-1,0.02657,0.000018,0.973412
ACGCTAGTATCAGTGC-1,0.167652,0.271195,0.561152
ACGCTAGTGATACACT-1,0.000065,0.268506,0.731428
ACGCTGTGAGGCGTAG-1,0.053331,0.162746,0.783923
ACGGAACACGAGTGCC-1,0.00002,0.206809,0.793172
ACGGAATTTAGCAAAT-1,0.000027,0.024363,0.97561
ACGGACGCAGCGACAA-1,0.99964,0.000036,0.000324
ACGGACTCTCAAAGCG-1,0.000024,0.015389,0.984587
ACGGAGCGCAAATTAC-1,0.000034,0.361481,0.638485
ACGGATGGTGCGGATA-1,0.000045,0.914095,0.08586
ACGGCACTTGCTTGGG-1,0.022299,0.209128,0.768573
ACGGCCAACATGGACT-1,0.031238,0.239319,0.729443
ACGGCGACGATGGGAA-1,0.000033,0.58803,0.411937
ACGGCTGGATGTAGAA-1,0.558508,0.178022,0.26347
ACGGGAGTGTCGGCCC-1,0.209798,0.000024,0.790178
ACGGGCGTATGCGACA-1,0.000014,0.130386,0.8696
ACGGGTCATGTGACTT-1,0.000031,0.412593,0.587377
ACGGGTTGTGACCTGT-1,0.959672,0.000026,0.040302
ACGGTACAGTTCAATG-1,0.000264,0.005695,0.994041
ACGGTCACCGAGAACA-1,0.99966,0.000034,0.000306
ACGTACTTTGGCACGG-1,0.280871,0.000058,0.719071
ACGTAGATTGCTGATG-1,0.00382,0.284542,0.711637
ACGTAGGAGAGTCGCT-1,0.030854,0.087084,0.882062
ACGTATTACTCCGATC-1,0.000038,0.031027,0.968935
ACGTCGGGCAACTCGG-1,0.969882,0.00003,0.030088
ACGTCTCGTTCCGGGA-1,0.07509,0.0979,0.82701
ACGTGACAAAGTAAGT-1,0.522058,0.138909,0.339034
ACGTGCGCCTCGTGCA-1,0.173457,0.542721,0.283821
ACGTTAATGTCGAAGA-1,0.000041,0.095168,0.90479
ACGTTAGATTTGCCCG-1,0.002475,0.343125,0.6544
ACGTTATTGGTCACTC-1,0.010246,0.364214,0.62554
ACGTTCACTATGCCGC-1,0.2559,0.00002,0.744079
ACGTTCGCAATCAATT-1,0.152936,0.514729,0.332335
ACGTTCGTTCAGGAAA-1,0.005069,0.02386,0.971071
ACGTTCTGTACAAGTC-1,0.018374,0.010526,0.9711
ACGTTGTCGTTGAAAG-1,0.449302,0.000025,0.550673
ACGTTTCGGTGCACTT-1,0.054067,0.035746,0.910187
ACTAAGGACGCACACC-1,0.010962,0.013327,0.975711
ACTACAAAGAGAGGTG-1,0.08541,0.000018,0.914572
ACTACATCCCGACAAG-1,0.415052,0.000016,0.584932
ACTACCAGCTCTCTGG-1,0.000027,0.180871,0.819102
ACTACCATCCGAGGGC-1,0.494183,0.000024,0.505793
ACTACGCGTTAGAATT-1,0.040487,0.025107,0.934406
ACTAGTTGCGATCGTC-1,0.00003,0.056212,0.943758
ACTATATGCTGTGTTC-1,0.127868,0.871533,0.000599
ACTATCCAGGGCATGG-1,0.000031,0.238009,0.761961
ACTATCGCCGGCTAAA-1,0.000039,0.119472,0.880489
ACTATCTGCCCGCGTA-1,0.048963,0.340805,0.610232
ACTATGTCCAGCTGCC-1,0.194621,0.000024,0.805356
ACTATTTCCGGGCCCA-1,0.018484,0.00003,0.981486
ACTCAACGAATGTATT-1,0.150404,0.424909,0.424687
ACTCAAGTGCAAGGCT-1,0.138635,0.166465,0.6949
ACTCAATAAAGGCACG-1,0.000078,0.316962,0.68296
ACTCAGACCTGCTTCT-1,0.082005,0.563348,0.354647
ACTCATGGCAGCCTTC-1,0.754995,0.000065,0.24494
ACTCCAATATCATCAT-1,0.439593,0.00003,0.560377
ACTCCCATTCCTAAAG-1,0.171713,0.151193,0.677094
ACTCCCGAATTCGTTT-1,0.008854,0.294501,0.696645
ACTCCCGTAGACTAGG-1,0.032356,0.011093,0.956551
ACTCCCTAATGCTAAA-1,0.004086,0.000026,0.995888
ACTCCCTAGAATAGTA-1,0.000027,0.475771,0.524202
ACTCCGGCCGACCACT-1,0.000044,0.312465,0.687491
ACTCGATGTATTTCAT-1,0.000042,0.063716,0.936241
ACTCGCCGTTCGATAA-1,0.077231,0.106302,0.816466
ACTCGCGATCTGACGC-1,0.000664,0.141516,0.85782
ACTCGTAACCCGTCCT-1,0.296136,0.226484,0.47738
ACTCGTCAGTAATCCC-1,0.000105,0.421655,0.578241
ACTCTAAACCTGGGAT-1,0.184116,0.013343,0.802542
ACTCTCTGACTTAGGT-1,0.000071,0.223427,0.776502
ACTCTGACCTAATAGA-1,0.000526,0.037769,0.961705
ACTCTTCAGCTCCCGC-1,0.006607,0.045482,0.947911
ACTCTTGTATAGTAAC-1,0.000025,0.176788,0.823186
ACTGAAACGCCGTTAG-1,0.000037,0.294086,0.705877
ACTGAATGGCGAAAGT-1,0.11792,0.506006,0.376074
ACTGCCCGCCATTCTC-1,0.520306,0.000016,0.479678
ACTGCGGACACACCGT-1,0.00963,0.29773,0.69264
ACTGCTCGGAAGGATG-1,0.242561,0.005802,0.751638
ACTGGCGAACCTGCGT-1,0.000029,0.004152,0.995819
ACTGGGATGCCAGTGC-1,0.104943,0.004663,0.890394
ACTGTACGATACACAT-1,0.365524,0.634151,0.000325
ACTGTAGCACTTTGGA-1,0.105551,0.007228,0.887221
ACTGTATACGCGAGCA-1,0.023211,0.976441,0.000348
ACTGTCCAGGATTATA-1,0.004039,0.277524,0.718438
ACTGTCTTCTTTAGAA-1,0.000023,0.050451,0.949526
ACTGTGCTAGTAGATC-1,0.000027,0.029711,0.970263
ACTTACGCATCCACGC-1,0.000035,0.625338,0.374627
ACTTAGTACGACAAGA-1,0.025375,0.34918,0.625444
ACTTATACTTACCCGG-1,0.101507,0.467187,0.431306
ACTTATTAGGATCGGT-1,0.057874,0.057986,0.88414
ACTTATTTATGTGCCA-1,0.101866,0.289787,0.608347
ACTTCAGGCTGATCCC-1,0.000066,0.366968,0.632965
ACTTCCAGTGGAAGCT-1,0.535713,0.070785,0.393502
ACTTCCATGCGGGACA-1,0.080126,0.280444,0.63943
ACTTCGCCATACGCAC-1,0.022477,0.595452,0.382071
ACTTCGCTAGCGAGTG-1,0.032457,0.000173,0.96737
ACTTGACTCCCTCTTT-1,0.013888,0.080633,0.90548
ACTTGCTCTATCTACC-1,0.960374,0.010681,0.028945
ACTTGGGACCCGGTGG-1,0.000031,0.049678,0.95029
ACTTGGGCTTTCGCCA-1,0.000019,0.000019,0.999963
ACTTGTAGTCCCTTCA-1,0.148559,0.079749,0.771692
ACTTGTGGATGGAACG-1,0.000036,0.392092,0.607872
ACTTGTTACCGGATCA-1,0.087192,0.133308,0.7795
ACTTTACCCTCATGAA-1,0.001102,0.335589,0.663309
ACTTTATACACCACTT-1,0.901492,0.000035,0.098473
ACTTTCCTATAGCTTC-1,0.000037,0.40292,0.597043
ACTTTGACTGCATCCT-1,0.055364,0.170007,0.774629
ACTTTGGTCGTGCTCC-1,0.597372,0.000099,0.402529
ACTTTGTCGACGCACT-1,0.161759,0.313571,0.52467
AGAAATTATGACTCGC-1,0.010014,0.138878,0.851107
AGAACACGGCGATGGT-1,0.919985,0.038375,0.04164
AGAACCCAGCGTGACA-1,0.015119,0.094078,0.890803
AGAACCCTCAATTGGG-1,0.712282,0.220929,0.066788
AGAACGTGGTACATTC-1,0.000094,0.420815,0.579091
AGAACTGTACTTTGTA-1,0.002106,0.095636,0.902257
AGAAGAGCGCCGTTCC-1,0.546524,0.001443,0.452032
AGAAGGTACACTTCAC-1,0.399783,0.038081,0.562136
AGAAGGTTGCCGAATT-1,0.126858,0.366798,0.506344
AGAAGGTTGTAGGTCG-1,0.000089,0.28027,0.719641
AGAAGTGATTCGTGAT-1,0.057103,0.085127,0.85777
AGAATAAATCTTCAGG-1,0.10604,0.322142,0.571818
AGAATACAGGCTATCC-1,0.011107,0.071157,0.917736
AGAATGCGGGTTCGGA-1,0.017157,0.818017,0.164827
AGAATTATGGATTCGA-1,0.010546,0.153451,0.836003
AGAATTGTTTGACATA-1,0.000433,0.185932,0.813635
AGACAGCTCAGAATCC-1,0.073878,0.127373,0.798748
AGACAGGCATCTCAGC-1,0.073602,0.013908,0.91249
AGACCAAACCACACCT-1,0.247402,0.024182,0.728416
AGACCATGGGATACAA-1,0.004196,0.030801,0.965002
AGACCCACCGCTGATC-1,0.000484,0.452429,0.547087
AGACCCGCCCTCCTCG-1,0.087053,0.00198,0.910967
AGACCGCTCCGCGGTT-1,0.048121,0.155638,0.796241
AGACCGGGAAACCCTG-1,0.068382,0.12256,0.809057
AGACGAAGTGCCGGTC-1,0.003152,0.127291,0.869557
AGACGACGATGCCGCT-1,0.216286,0.018206,0.765508
AGACGCCCACTTCGCC-1,0.064694,0.000028,0.935279
AGACTAGCCTTCCAGA-1,0.080282,0.205231,0.714487
AGACTGTTACCGGGTC-1,0.018706,0.133781,0.847513
AGAGAAACACCAGAAA-1,0.179694,0.000719,0.819587
AGAGAAGGAGTACAAT-1,0.099444,0.000031,0.900525
AGAGATCTCTAAAGCG-1,0.043443,0.004168,0.952388
AGAGCAGTTATGAGAC-1,0.017471,0.236296,0.746234
AGAGCCGCCGAGATTT-1,0.012852,0.125582,0.861565
AGAGCGCTTGTAACGG-1,0.068184,0.323138,0.608678
AGAGCGTACAAGCTCG-1,0.125964,0.041454,0.832582
AGAGCTACGAAAGCAT-1,0.029763,0.158333,0.811904
AGAGGCTTCGGAAACC-1,0.000013,0.090375,0.909611
AGAGGGACAATTGTCC-1,0.053507,0.374843,0.57165
AGAGTAAACTTCACTA-1,0.030662,0.383104,0.586234
AGAGTATAGTGTTACG-1,0.051261,0.236433,0.712306
AGAGTCTTAATGAAAG-1,0.061588,0.000021,0.938391
AGAGTGAACAGACACC-1,0.190204,0.401353,0.408443
AGAGTTGCAGGCCTCC-1,0.000027,0.000027,0.999946
AGATAACTTCAGGGCC-1,0.018734,0.195529,0.785736
AGATAATCACACCTAT-1,0.651919,0.022532,0.325548
AGATACCAATAGAACC-1,0.05844,0.003629,0.937932
AGATACCAGCACTTCA-1,0.00003,0.046893,0.953077
AGATACCGGTGTTCAC-1,0.00002,0.425288,0.574692
AGATACGACTTCATAT-1,0.000039,0.365767,0.634194
AGATACTCAAGATCGA-1,0.14911,0.805298,0.045592
AGATATAATACGACTA-1,0.029371,0.536227,0.434402
AGATCGTGCATAAGAT-1,0.000126,0.409151,0.590724
AGATCTCAGGTGTGAT-1,0.113515,0.652912,0.233573
AGATCTGGAGAGGATA-1,0.902681,0.000044,0.097275
AGATGACTCGCCCACG-1,0.000022,0.000022,0.999957
AGATGATGGAGTCTGG-1,0.000034,0.271672,0.728294
AGATGCAAGACGTGCA-1,0.365011,0.14638,0.488609
AGATGCATCCTGTGTC-1,0.434688,0.000032,0.56528
AGATGCTATAACGAGC-1,0.020877,0.44648,0.532643
AGATTATAGGACGTTT-1,0.01505,0.021656,0.963294
AGATTCACAACCGATA-1,0.430488,0.089563,0.479949
AGCAAAGGCCGCTAGT-1,0.031029,0.212581,0.756389
AGCAACATATCTTATT-1,0.050812,0.369075,0.580113
AGCAACCGAAAGTAAT-1,0.664544,0.231703,0.103752
AGCACACGTTTAGACT-1,0.227869,0.048758,0.723373
AGCACCAGTACTCACG-1,0.000016,0.000016,0.999967
AGCACTACCGGCCTGT-1,0.015145,0.062945,0.92191
AGCACTACCTCACCAG-1,0.036051,0.476714,0.487235
AGCACTTAAGGACGCC-1,0.00057,0.289986,0.709445
AGCAGAAGGAGAAAGA-1,0.185941,0.040928,0.77313
AGCAGCCAGATGAATA-1,0.059207,0.192168,0.748625
AGCAGTCGAAGCATGC-1,0.090359,0.153359,0.756283
AGCATATCAATATGCT-1,0.018501,0.07614,0.905359
AGCATCATTTCGAAAG-1,0.293662,0.155909,0.55043
AGCATCGTCGATAATT-1,0.00003,0.37197,0.628
AGCATTACGAGGCAAG-1,0.00003,0.050964,0.949006
AGCCAAGCTTTGTGTC-1,0.038128,0.205092,0.75678
AGCCACAGGTTACCCG-1,0.158134,0.422284,0.419581
AGCCATATAGTATGTG-1,0.015829,0.171148,0.813024
AGCCCATACATGTAAG-1,0.090089,0.279515,0.630396
AGCCCGCAACAAGCAG-1,0.006505,0.006049,0.987446
AGCCCGCACTACAATG-1,0.047524,0.006699,0.945777
AGCCCGGCATTAGAGG-1,0.266582,0.07127,0.662147
AGCCCGGTAGCCTGTA-1,0.000021,0.010546,0.989433
AGCCCTCCCTGGTGGC-1,0.554077,0.000068,0.445856
AGCCCTGTCGCACCGT-1,0.031764,0.053216,0.91502
AGCCCTTCTAATCCGA-1,0.000075,0.937817,0.062109
AGCCCTTGGACATCCC-1,0.064552,0.009291,0.926157
AGCCGCAAATTCAAAT-1,0.064289,0.002225,0.933486
AGCCGCTTGATTAGCG-1,0.000017,0.000017,0.999966
AGCCGTGGCTAAATGT-1,0.351557,0.48843,0.160013
AGCCTAATACCCACGT-1,0.34645,0.000023,0.653526
AGCCTTAAAGCGGAAG-1,0.000029,0.269392,0.730578
AGCCTTGTCACTGATA-1,0.808924,0.123724,0.067352
AGCGACAGGAACGGTC-1,0.055817,0.032156,0.912026
AGCGACATCCCATTCA-1,0.090881,0.471392,0.437727
AGCGACCAACGATATT-1,0.00003,0.177232,0.822738
AGCGACTTTGAAGACA-1,0.075205,0.002492,0.922303
AGCGAGACGTGAAGGC-1,0.590647,0.000023,0.40933
AGCGATGCGCCTAATA-1,0.046485,0.117688,0.835827
AGCGCATAATGAATCG-1,0.000019,0.042634,0.957347
AGCGCTAGAGCGATGT-1,0.021258,0.051677,0.927066
AGCGGACACTTCGTAG-1,0.093622,0.13993,0.766448
AGCGGCGGTTAGCGGT-1,0.321974,0.021306,0.65672
AGCGGGAAGGGTCCAT-1,0.008816,0.049216,0.941968
AGCGGGTCTGACACTC-1,0.030564,0.034993,0.934443
AGCGGTTGCCGCTCTG-1,0.00003,0.157124,0.842846
AGCGTACGAGAGCTAG-1,0.063062,0.607507,0.32943
AGCGTGGTATTCTACT-1,0.000047,0.113489,0.886465
AGCTAACAAGCAATGT-1,0.195015,0.055351,0.749634
AGCTAAGCTCCGTCCG-1,0.309986,0.000019,0.689995
AGCTAAGTACGCAGGC-1,0.058104,0.10137,0.840526
AGCTACGAATGGTGGT-1,0.000023,0.000023,0.999955
AGCTAGAAGCAGAAGT-1,0.054366,0.644786,0.300848
AGCTCCATATATGTTC-1,0.000028,0.156173,0.8438
AGCTCCTTCGCACATC-1,0.044989,0.241405,0.713606
AGCTCGTTGATGGAAA-1,0.004471,0.134645,0.860884
AGCTCTAGACGTTCCA-1,0.000045,0.051607,0.948348
AGCTCTTCGTAACCTT-1,0.000022,0.39442,0.605557
AGCTCTTTACTCAGTT-1,0.000019,0.169909,0.830072
AGCTGTAACCTCAATC-1,0.414109,0.000067,0.585823
AGCTTCTTCTCGAGCA-1,0.005409,0.073786,0.920805
AGCTTGATCAGGGTAG-1,0.559036,0.000015,0.440949
AGCTTGATCTTAACTT-1,0.018654,0.220829,0.760517
AGGAACGAACGACTTC-1,0.027762,0.033083,0.939156
AGGAAGCTGTCCGCCG-1,0.00004,0.118633,0.881327
AGGACAGTCGAATCCC-1,0.107348,0.682796,0.209856
AGGACATCGCACGTCG-1,0.000024,0.000998,0.998978
AGGACATCGGCACACT-1,0.041022,0.055713,0.903265
AGGACGACCCATTAGA-1,0.000021,0.014907,0.985071
AGGACGCTCGATGTTG-1,0.000196,0.391742,0.608062
AGGACTTATAGGAGAA-1,0.000057,0.060808,0.939135
AGGAGACATCCACAGT-1,0.03588,0.246463,0.717657
AGGAGAGTCTGGCTAC-1,0.022521,0.495819,0.48166
AGGAGCGTTTATTATC-1,0.173447,0.082248,0.744305
AGGAGGCCTTCGCGCG-1,0.000033,0.025449,0.974518
AGGATAAAGTCGGGAT-1,0.000035,0.067365,0.9326
AGGATATAGGGATTTA-1,0.026242,0.285727,0.688031
AGGATATCCGACTGCA-1,0.085697,0.094662,0.819641
AGGATCACGCGATCTG-1,0.336434,0.232916,0.430649
AGGATTGCTTACGACA-1,0.000029,0.383259,0.616711
AGGCACGTGACTGTCC-1,0.026996,0.095687,0.877317
AGGCAGGGAGCGTACT-1,0.010114,0.044385,0.945501
AGGCATTGTCGTAGGG-1,0.00003,0.121011,0.87896
AGGCCACATTGGTTAC-1,0.019266,0.051113,0.92962
AGGCCACCCGTTATGA-1,0.033886,0.000387,0.965727
AGGCCCAGTGACTGGT-1,0.301965,0.49293,0.205105
AGGCCCATTGTACAGG-1,0.194482,0.743485,0.062034
AGGCCCTAGAACGCCA-1,0.069277,0.010251,0.920472
AGGCCTATCATACCAA-1,0.060137,0.00002,0.939843
AGGCCTGAGAATCTCG-1,0.039561,0.157406,0.803033
AGGCGATAACTGGCGT-1,0.04521,0.266937,0.687853
AGGCGGTTTGTCCCGC-1,0.560772,0.148719,0.29051
AGGCGTCTATGGACGG-1,0.00002,0.281163,0.718817
AGGCTATGGTTAGCTT-1,0.000017,0.04457,0.955413
AGGCTTAAGTTGCACA-1,0.059379,0.047689,0.892932
AGGCTTCCCGAAGAAG-1,0.019938,0.114177,0.865885
AGGCTTGCTAGACACC-1,0.022329,0.135034,0.842637
AGGGACCGGCTGCGTT-1,0.000039,0.145203,0.854758
AGGGACTCTACGCGAC-1,0.022713,0.196264,0.781023
AGGGAGACATACTTCG-1,0.000031,0.245148,0.754821
AGGGCCCTAATGTTCT-1,0.027544,0.006265,0.96619
AGGGCGAGCAGCTGAT-1,0.041097,0.000032,0.958871
AGGGCGTGATCGGCTA-1,0.000022,0.000022,0.999956
AGGGCTGCAGTTACAG-1,0.000023,0.192166,0.807812
AGGGTCAGAGCACTCG-1,0.068436,0.000025,0.93154
AGGGTCAGTAACCCTA-1,0.002168,0.000024,0.997808
AGGGTCGATGCGAACT-1,0.000045,0.42791,0.572045
AGGGTCTGGACGCAGT-1,0.028189,0.000013,0.971798
AGGGTGCCGTTCTTTA-1,0.367335,0.021263,0.611402
AGGGTGCTCTCGAGGG-1,0.177559,0.291773,0.530668
AGGGTGGATAGTGCAT-1,0.024322,0.108111,0.867567
AGGGTGTGCTACACGC-1,0.321768,0.553279,0.124953
AGGGTTCAGACGGTCC-1,0.115057,0.003999,0.880944
AGGGTTCCCTTTGGTT-1,0.418253,0.118211,0.463536
AGGGTTTAGTTCGGGA-1,0.000039,0.326611,0.67335
AGGTAACCTCCTATTC-1,0.052264,0.482955,0.464781
AGGTAGATCGAGATAT-1,0.025722,0.028513,0.945765
AGGTAGGTACAAAGCT-1,0.068842,0.074747,0.856411
AGGTATAATTGATAGT-1,0.000033,0.140107,0.85986
AGGTATGCGGACATTA-1,0.001437,0.000012,0.998551
AGGTCAGGTGAGAGTG-1,0.120153,0.171937,0.70791
AGGTCGCCTCCCAACA-1,0.096811,0.001359,0.90183
AGGTCGCGGAGTTACT-1,0.000049,0.109773,0.890177
AGGTGCACGTCCACAT-1,0.0072,0.180242,0.812558
AGGTGGTGACCTTCGC-1,0.026683,0.033193,0.940124
AGGTGTATCGCCATGA-1,0.078973,0.020364,0.900663
AGGTGTTGCCGACCAC-1,0.10815,0.000014,0.891836
AGGTTACACCATGCCG-1,0.147726,0.024012,0.828262
AGGTTCTCCTTTCCGG-1,0.777723,0.00006,0.222217
AGGTTTCACACACCTT-1,0.000039,0.351282,0.648679
AGTAACTATAGCAGCC-1,0.034532,0.02565,0.939819
AGTAAGGGACAGAATC-1,0.007867,0.000032,0.992101
AGTAATCTAAGGGTGG-1,0.089842,0.174309,0.735848
AGTAATGTCTTGCCGC-1,0.019885,0.736152,0.243963
AGTAATTTGCAAGCGT-1,0.883307,0.116391,0.000302
AGTACAGAAGCTTATA-1,0.04729,0.049528,0.903182
AGTACATCATTTATCA-1,0.001431,0.025792,0.972777
AGTACCTTCGAGTGCT-1,0.058506,0.674438,0.267056
AGTACGGCCCGTATCG-1,0.035478,0.000604,0.963918
AGTACTCTTATGCCCA-1,0.153218,0.161093,0.68569
AGTAGAAGGCGCCTCA-1,0.032066,0.00003,0.967904
AGTAGGTAACATACAT-1,0.075613,0.92382,0.000567
AGTATAATACTAGGCA-1,0.013631,0.380358,0.606011
AGTATACACAGCGACA-1,0.024386,0.000705,0.974909
AGTATGCTGGAGACCA-1,0.294236,0.000278,0.705486
AGTATTTGGCACGACC-1,0.006855,0.124072,0.869073
AGTCAAATGATGTGAT-1,0.072185,0.000026,0.927789
AGTCAACACCACCATC-1,0.000017,0.080423,0.91956
AGTCAAGATGACACTT-1,0.004751,0.413326,0.581923
AGTCACTAGCTCTCGA-1,0.002785,0.096163,0.901052
AGTCACTCCGCCTCAT-1,0.056181,0.325822,0.617997
AGTCAGCCACCGCCTG-1,0.002976,0.121222,0.875801
AGTCCATTGGCTGATG-1,0.000035,0.348498,0.651466
AGTCCCTCGCAGAAAG-1,0.011245,0.44818,0.540575
AGTCGAAACGATTCAG-1,0.852933,0.000019,0.147048
AGTCGAATTAGCGTAA-1,0.072128,0.092756,0.835115
AGTCGACGGTCTCAAG-1,0.030722,0.365871,0.603407
AGTCGGCCCAAACGAC-1,0.000024,0.19191,0.808066
AGTCGGCTCAACTTTA-1,0.118745,0.043513,0.837742
AGTCGGTTGCGTGAGA-1,0.00003,0.430115,0.569855
AGTCGTATAAAGCAGA-1,0.049621,0.589124,0.361255
AGTCGTCGACCACCAA-1,0.024654,0.831689,0.143657
AGTCGTGGGCATTACG-1,0.329446,0.17788,0.492674
AGTCTAAAGTATACTC-1,0.035244,0.164284,0.800472
AGTCTCACAAGACTAC-1,0.230063,0.072866,0.697071
AGTCTGGACATCCTTG-1,0.083373,0.495543,0.421084
AGTCTTCTCCTCAAAT-1,0.217645,0.170702,0.611653
AGTCTTTAAAGTGTCC-1,0.003396,0.192923,0.80368
AGTGAACAAACTTCTC-1,0.000016,0.07026,0.929724
AGTGAAGATGGTGTCC-1,0.000014,0.009297,0.990689
AGTGACCTACTTTACG-1,0.01045,0.142292,0.847258
AGTGACTGTGACACAA-1,0.326358,0.112175,0.561468
AGTGAGACTTCCAGTA-1,0.050384,0.398688,0.550928
AGTGAGCCTCGCCGCC-1,0.001243,0.031885,0.966872
AGTGAGTCGAATTAAC-1,0.008622,0.016093,0.975286
AGTGATAACCTGCGCG-1,0.050873,0.294529,0.654598
AGTGATATGAGTAGTT-1,0.050831,0.132776,0.816393
AGTGATTCAAGCAGGA-1,0.150128,0.198177,0.651695
AGTGCACGCTTAAGAA-1,0.0015,0.229666,0.768834
AGTGCGTAGCTCGTAA-1,0.017683,0.097335,0.884982
AGTGCTAAACACAGCA-1,0.004904,0.841188,0.153908
AGTGCTTGCACGAATA-1,0.077828,0.264236,0.657936
AGTGGCCCGCAAATGG-1,0.042971,0.031638,0.925391
AGTGGCGGCAATTTGA-1,0.014955,0.211298,0.773746
AGTGGCGTCTGAAGGT-1,0.039788,0.124203,0.836008
AGTGGCTCCGTCGGCC-1,0.01887,0.000049,0.981081
AGTGGTGTTACCCGTG-1,0.14978,0.000046,0.850173
AGTGGTTGCGTATAGG-1,0.027578,0.087591,0.884831
AGTGTGCTAAGATCGC-1,0.000015,0.05095,0.949035
AGTGTGGTCTATTGTG-1,0.001305,0.098594,0.900101
AGTTAAACACTTGCGA-1,0.077512,0.526763,0.395725
AGTTAAGTCAACCGCT-1,0.185246,0.298874,0.51588
AGTTACCCTTAAGACT-1,0.055079,0.008459,0.936462
AGTTACCGCACATGGT-1,0.060176,0.024527,0.915297
AGTTATTCAGACTGTG-1,0.002036,0.11432,0.883644
AGTTCACCGGTTGGAC-1,0.00004,0.026085,0.973874
AGTTCCTACAGAATTA-1,0.000024,0.205292,0.794684
AGTTCCTATTTATGTT-1,0.000046,0.141529,0.858425
AGTTCTGCGTTGTATC-1,0.000039,0.146471,0.85349
AGTTGACATCGGCTGG-1,0.000071,0.416585,0.583344
AGTTGACGGTCCTTGC-1,0.00003,0.075075,0.924895
AGTTGCGGTCCTCAAC-1,0.932936,0.002596,0.064468
AGTTGCTGACTGATAT-1,0.031027,0.042352,0.926621
AGTTGGCAAGGCTAGA-1,0.001446,0.001598,0.996956
AGTTTATGTAAAGACA-1,0.000021,0.481199,0.51878
AGTTTCGCAGGTCGGA-1,0.000235,0.519196,0.480569
AGTTTGCACCTGCCTC-1,0.000017,0.000017,0.999966
AGTTTGGCACGGGTTG-1,0.000037,0.194814,0.80515
AGTTTGGCCAGACCTA-1,0.233766,0.017125,0.749109
ATAAACGGACCCGTAA-1,0.00003,0.011598,0.988372
ATAAACGTTGCACCAC-1,0.000028,0.056676,0.943296
ATAAAGGCTCGGTCGT-1,0.000024,0.106586,0.89339
ATAAATATTAGCAGCT-1,0.027877,0.473585,0.498538
ATAACGCCGGAGGGTC-1,0.00008,0.598454,0.401467
ATAACGGAGTCCAACG-1,0.164218,0.511045,0.324737
ATAACGTTACCTCCAC-1,0.048909,0.916218,0.034872
ATAAGCAAACACCGAG-1,0.000017,0.296286,0.703697
ATAAGGTGGAGAACAT-1,0.000028,0.006035,0.993938
ATAAGTACCCGATTGT-1,0.018491,0.798246,0.183263
ATAAGTAGGATTCAGA-1,0.000033,0.237085,0.762882
ATAAGTAGGGCGACTC-1,0.000035,0.349424,0.650541
ATAAGTTACCGCGACG-1,0.000024,0.009827,0.990149
ATAATACCGTTAGCCG-1,0.000019,0.513721,0.48626
ATAATAGCTGTTGAAT-1,0.25599,0.338123,0.405887
ATAATAGTGTAGGGAC-1,0.000035,0.07559,0.924375
ATAATCTTGGAGAACC-1,0.000031,0.413253,0.586717
ATAATTAGCTAAGTAG-1,0.013356,0.445701,0.540943
ATACAGCGTCCACTGA-1,0.741823,0.060925,0.197253
ATACAGGCCCTCCAAT-1,0.000028,0.013251,0.986721
ATACCACGGGCAACTT-1,0.033452,0.020228,0.94632
ATACCCTCCCGGCCAA-1,0.913033,0.085783,0.001184
ATACCGTCATCCATAA-1,0.000017,0.06789,0.932093
ATACCTAACCAAGAAA-1,0.072116,0.388186,0.539698
ATACGAAGGCTTTCCA-1,0.006795,0.094146,0.899058
ATACGAGGTTTGTAAG-1,0.105879,0.000027,0.894095
ATACGCCGGCGAAACC-1,0.000069,0.177094,0.822837
ATACGGAACGTCGTTT-1,0.443413,0.169783,0.386804
ATACGGTGAAGATGCA-1,0.104446,0.119192,0.776362
ATACGTACTTAGCCAC-1,0.000047,0.122139,0.877814
ATACGTCCACTCCTGT-1,0.04401,0.614319,0.341671
ATACGTTATGCACGGA-1,0.024396,0.112495,0.863109
ATACTACCCGTACCAC-1,0.000042,0.033355,0.966602
ATACTAGCATGACCCT-1,0.000084,0.460759,0.539157
ATACTCTCGCCACTCT-1,0.00006,0.663786,0.336153
ATACTGCCTTACACCG-1,0.092309,0.164056,0.743635
ATACTTGTTCTCGAGC-1,0.033892,0.151275,0.814833
ATAGACAACGGGACCT-1,0.070314,0.347847,0.58184
ATAGACGAAGAGAAAG-1,0.016245,0.175696,0.808059
ATAGAGTACTGGGACA-1,0.000016,0.225983,0.774001
ATAGAGTTATCAACTT-1,0.087545,0.413726,0.498729
ATAGCAACTAGGGAAG-1,0.00002,0.034265,0.965715
ATAGCCATAACAGTCA-1,0.123392,0.042384,0.834223
ATAGCCTCAGTACCCA-1,0.000025,0.306889,0.693086
ATAGCTGCTCTTGTTA-1,0.00004,0.002767,0.997193
ATAGGCGGCTATAGAA-1,0.120931,0.160176,0.718893
ATAGGCTAGCTTCGCA-1,0.063626,0.606415,0.329959
ATAGGGATATCCTTGA-1,0.000137,0.386718,0.613146
ATAGGTTGGGCAGATG-1,0.000028,0.159905,0.840067
ATAGTGAAGCGTTCTC-1,0.000031,0.035402,0.964567
ATAGTTCCACCCACTC-1,0.000031,0.148605,0.851364
ATATAAAGCGCTCGTG-1,0.00004,0.09227,0.90769
ATATAAATGTAGCTGC-1,0.000025,0.015235,0.98474
ATATAACACGGGCGCA-1,0.080499,0.47131,0.448191
ATATACATGTATGGTA-1,0.313695,0.003848,0.682457
ATATACGCTCGTGACG-1,0.013005,0.091317,0.895678
ATATAGAGTATTGGTC-1,0.776876,0.170119,0.053006
ATATCAACCTACAGAG-1,0.003808,0.398687,0.597504
ATATCAATTCCAGCCT-1,0.695882,0.117128,0.18699
ATATCGGTAGGGAGAT-1,0.000526,0.130784,0.86869
ATATCGTTCCTCGAAC-1,0.00006,0.300553,0.699387
ATATCTTAGGGCCTTC-1,0.016507,0.0484,0.935093
ATATGGGATAGCAACT-1,0.017413,0.01612,0.966467
ATATGTCTAGAGCGTG-1,0.047555,0.113428,0.839017
ATATGTCTCCCTAGCC-1,0.000056,0.263515,0.736429
ATATGTGCACAAACCA-1,0.03679,0.223874,0.739336
ATATTATCCCGTATTT-1,0.000088,0.920395,0.079517
ATATTCAGTTAAACCT-1,0.064935,0.000013,0.935052
ATATTCCACATAGTGA-1,0.000047,0.106153,0.8938
ATATTCCCACAGGTCA-1,0.094584,0.215028,0.690388
ATATTGCTGTCAAAGT-1,0.000031,0.165131,0.834838
ATATTGGAGAGGCCTT-1,0.031224,0.025131,0.943645
ATATTTAACCCTCAAG-1,0.008181,0.108735,0.883084
ATCAAACACTGTTCCA-1,0.000034,0.154676,0.84529
ATCAAACGAAGGTTTG-1,0.029146,0.035185,0.935669
ATCAAAGAGCCGTGGT-1,0.031994,0.004679,0.963327
ATCAAGATCCCAGGAC-1,0.039645,0.078807,0.881547
ATCAATCTGGGCTGCA-1,0.000032,0.115162,0.884805
ATCAATGCCGTGGCTG-1,0.709455,0.183035,0.10751
ATCACGTGCTAATTAA-1,0.074128,0.056906,0.868966
ATCACTTCATCCTCGC-1,0.049206,0.558926,0.391868
ATCAGAAGCTGGTTGC-1,0.999634,0.000037,0.000329
ATCAGACGGCACGCCG-1,0.064201,0.051554,0.884246
ATCAGCCTCATGCTGC-1,0.061688,0.207448,0.730864
ATCAGCTCGTCCACTA-1,0.248111,0.034464,0.717425
