Barcode,Topic 1to2,Topic 3to4,Topic 5to10
AAACAACGAATAGTTC-1,0.073603,0.000197,0.926199
AAACAAGTATCTCCCA-1,0.000039,0.168851,0.83111
AAACAATCTACTAGCA-1,0.024664,0.526069,0.449266
AAACACCAATAACTGC-1,0.028164,0.252393,0.719443
AAACAGAGCGACTCCT-1,0.000093,0.66414,0.335767
AAACAGCTTTCAGAAG-1,0.171152,0.573226,0.255622
AAACAGGGTCTATATT-1,0.105629,0.502247,0.392124
AAACAGTGTTCCTGGG-1,0.750493,0.247742,0.001765
AAACATGGTGAGAGGA-1,0.104874,0.419918,0.475208
AAACATTTCCCGGATT-1,0.023544,0.455321,0.521136
AAACCACTACACAGAT-1,0.000487,0.000021,0.999491
AAACCCGAACGAAATC-1,0.164644,0.761693,0.073664
AAACCGGAAATGTTAA-1,0.011763,0.118816,0.869421
AAACCGGGTAGGTACC-1,0.717121,0.271369,0.01151
AAACCGTTCGTCCAGG-1,0.556078,0.065999,0.377923
AAACCTAAGCAGCCGG-1,0.034676,0.582269,0.383055
AAACCTCATGAAGTTG-1,0.352455,0.00947,0.638076
AAACGAAGAACATACC-1,0.019736,0.833812,0.146453
AAACGAAGATGGAGTA-1,0.096392,0.19922,0.704388
AAACGACAGTCTTGCC-1,0.032929,0.581705,0.385366
AAACGAGACGGTTGAT-1,0.120724,0.256214,0.623063
AAACGCCCGAGATCGG-1,0.024666,0.974698,0.000636
AAACGCTGGGCACGAC-1,0.000021,0.073929,0.92605
AAACGGGCGTACGGGT-1,0.06666,0.351504,0.581836
AAACGGGTTGGTATCC-1,0.27209,0.228608,0.499302
AAACGGTTGCGAACTG-1,0.279864,0.29329,0.426846
AAACGTGTTCGCCCTA-1,0.000032,0.099051,0.900917
AAACTAACGTGGCGAC-1,0.000171,0.910762,0.089066
AAACTCGGTTCGCAAT-1,0.052454,0.446352,0.501194
AAACTCGTGATATAAG-1,0.031297,0.968328,0.000374
AAACTGCTGGCTCCAA-1,0.178432,0.606758,0.21481
AAACTTAATTGCACGC-1,0.065342,0.322559,0.612099
AAACTTGCAAACGTAT-1,0.21098,0.318576,0.470444
AAAGAATGACCTTAGA-1,0.019416,0.228716,0.751868
AAAGAATGTGGACTAA-1,0.000047,0.518759,0.481194
AAAGACATGAAGTTTA-1,0.194449,0.80527,0.000281
AAAGACCCAAGTCGCG-1,0.021674,0.006208,0.972117
AAAGACTGGGCGCTTT-1,0.000015,0.000015,0.999971
AAAGCTTGCCTACATA-1,0.0621,0.086607,0.851293
AAAGGCCCTATAATAC-1,0.282371,0.159653,0.557976
AAAGGCTACGGACCAT-1,0.169639,0.713618,0.116743
AAAGGCTCTCGCGCCG-1,0.06598,0.185693,0.748328
AAAGGGATGTAGCAAG-1,0.042165,0.29279,0.665045
AAAGGGCAGCTTGAAT-1,0.068151,0.043571,0.888278
AAAGGTAAGCTGTACC-1,0.136323,0.863041,0.000636
AAAGGTCAACGACATG-1,0.116466,0.365755,0.517779
AAAGTAGCATTGCTCA-1,0.326014,0.358544,0.315443
AAAGTCACTGATGTAA-1,0.220415,0.227787,0.551799
AAAGTCGACCCTCAGT-1,0.064026,0.016078,0.919896
AAAGTGCCATCAATTA-1,0.000052,0.325712,0.674236
AAAGTGTGATTTATCT-1,0.000098,0.62018,0.379723
AAAGTTGACTCCCGTA-1,0.103852,0.618805,0.277343
AAATAACCATACGGGA-1,0.000058,0.452802,0.54714
AAATAAGGTAGTGCCC-1,0.092913,0.900018,0.007069
AAATACCTATAAGCAT-1,0.056122,0.212163,0.731715
AAATAGCTTAGACTTT-1,0.14497,0.792492,0.062538
AAATAGGGTGCTATTG-1,0.073314,0.493478,0.433207
AAATCACTCCTAAACG-1,0.000058,0.310847,0.689095
AAATCCGATACACGCC-1,0.044101,0.790141,0.165758
AAATCGCGGAAGGAGT-1,0.021649,0.188113,0.790238
AAATCGTGTACCACAA-1,0.350861,0.062661,0.586478
AAATCTAGCCCTGCTA-1,0.00872,0.599139,0.392141
AAATCTGCCCGCGTCC-1,0.041509,0.694746,0.263745
AAATGACTGATCAAAC-1,0.096199,0.336547,0.567253
AAATGATTCGATCAGC-1,0.033591,0.852025,0.114383
AAATGCTCGTTACGTT-1,0.105505,0.594581,0.299914
AAATGGCATGTCTTGT-1,0.048072,0.176236,0.775692
AAATGGCCCGTGCCCT-1,0.055468,0.417048,0.527484
AAATGGTCAATGTGCC-1,0.155995,0.11997,0.724035
AAATGTATCTTATCCC-1,0.046897,0.401741,0.551362
AAATGTGGGTGCTCCT-1,0.009148,0.605503,0.385348
AAATTAACGGGTAGCT-1,0.09032,0.303092,0.606588
AAATTAATAAGCGCGA-1,0.148958,0.568981,0.282061
AAATTACACGACTCTG-1,0.000042,0.179589,0.820369
AAATTACCTATCGATG-1,0.018418,0.407934,0.573647
AAATTCCAGGTCCAAA-1,0.092395,0.737625,0.169979
AAATTGATAGTCCTTT-1,0.916817,0.082742,0.000441
AAATTGCGGCGGTTCT-1,0.029758,0.059788,0.910454
AAATTGGTGAGAAGCA-1,0.000072,0.271451,0.728476
AAATTTACCGAAATCC-1,0.011733,0.369562,0.618705
AAATTTGCGGGTGTGG-1,0.972389,0.000048,0.027563
AACAACTGGTAGTTGC-1,0.641999,0.177883,0.180118
AACAATACATTGTCGA-1,0.940392,0.000032,0.059576
AACAATTACTCTACGC-1,0.19254,0.301878,0.505582
AACACACGCTCGCCGC-1,0.02217,0.143316,0.834514
AACACGACTGTACTGA-1,0.227527,0.089342,0.683132
AACACGAGACGCGGCC-1,0.228218,0.453396,0.318386
AACACGCGGCCGCGAA-1,0.061777,0.22401,0.714212
AACAGCTGTGTGGCAA-1,0.890261,0.107928,0.001812
AACAGGAAATCGAATA-1,0.026007,0.280738,0.693255
AACAGGATGGGCCGCG-1,0.105409,0.032192,0.862399
AACAGGTAGTATGGAT-1,0.108153,0.283742,0.608105
AACATAGCGTGTATCG-1,0.070966,0.217822,0.711212
AACATATCAACTGGTG-1,0.000075,0.584948,0.414978
AACATCGATACGTCTA-1,0.404296,0.479258,0.116446
AACATTGAAGTTGATC-1,0.42577,0.416632,0.157599
AACATTGGTCAGCCGT-1,0.028518,0.183484,0.787998
AACATTGTGACTCGAG-1,0.359818,0.206093,0.434089
AACCAAGACTTCTCTG-1,0.180275,0.010753,0.808972
AACCAGTATCACTCTT-1,0.000159,0.900299,0.099542
AACCATAGGGTTGAAC-1,0.042074,0.172553,0.785373
AACCATGGGATCGCTA-1,0.251307,0.000905,0.747787
AACCCAGAGACGGAGA-1,0.014079,0.020011,0.96591
AACCCATCCCATGATC-1,0.118621,0.38775,0.49363
AACCCGACAACCCGTG-1,0.772743,0.039687,0.18757
AACCCGAGCAGAATCG-1,0.123537,0.802564,0.073899
AACCCGATAGGGCTTC-1,0.000042,0.098336,0.901622
AACCCGCTGTATTCCA-1,0.073522,0.044471,0.882007
AACCCTACTGTCAATA-1,0.004467,0.20111,0.794423
AACCCTGGTGGAACCA-1,0.00882,0.315686,0.675494
AACCGAGCTTGGTCAT-1,0.076253,0.356162,0.567585
AACCGCTAAGGGATGC-1,0.004557,0.051361,0.944082
AACCGTTGTGTTTGCT-1,0.118277,0.309558,0.572165
AACCTAAAGCCGTCCG-1,0.000037,0.225257,0.774706
AACCTCGCTTTAGCCC-1,0.02393,0.488423,0.487647
AACCTGTCACGGAATT-1,0.019278,0.881964,0.098758
AACCTTTAAATACGGT-1,0.21207,0.222357,0.565573
AACCTTTACGACGTCT-1,0.000055,0.104039,0.895907
AACGAAAGTCGTCCCA-1,0.014853,0.517811,0.467336
AACGACCTCCTAGCCG-1,0.045213,0.882852,0.071935
AACGATAATGCCGTAG-1,0.051101,0.525671,0.423227
AACGATAGAAGGGCCG-1,0.126268,0.502976,0.370756
AACGATATGTCAACTG-1,0.031715,0.02255,0.945735
AACGCATGATCTGGGT-1,0.103069,0.87382,0.023111
AACGCGAACGGCAACA-1,0.346296,0.218416,0.435287
AACGCGACCTTGGGCG-1,0.511699,0.280513,0.207789
AACGCGGTCTCCAGCC-1,0.020159,0.071061,0.90878
AACGCTGTTGCTGAAA-1,0.118887,0.415425,0.465688
AACGGACGTACGTATA-1,0.080239,0.682662,0.237098
AACGGCCATCTCCGGT-1,0.878206,0.059247,0.062548
AACGTACTGTGGGTAC-1,0.999719,0.00007,0.000211
AACGTAGTCTACCCAT-1,0.133476,0.141327,0.725197
AACGTCAGACTAGTGG-1,0.171742,0.285867,0.542391
AACGTCATCCGGCTTG-1,0.057662,0.280706,0.661632
AACGTCGCTGCACTTC-1,0.237749,0.656315,0.105935
AACGTGATGAAGGACA-1,0.000082,0.341909,0.658009
AACGTGCGAAAGTCTC-1,0.092338,0.341659,0.566003
AACGTTATCAGCACCT-1,0.065509,0.177411,0.757079
AACGTTCTACCATTGT-1,0.000046,0.78501,0.214944
AACTACCCGTTTGTCA-1,0.102801,0.254598,0.642602
AACTAGCGTATCGCAC-1,0.100208,0.476721,0.423071
AACTAGGCTTGGGTGT-1,0.078569,0.406161,0.515271
AACTCAAGTTAATTGC-1,0.725008,0.009309,0.265683
AACTCCAGAGCGTGTT-1,0.019267,0.723565,0.257169
AACTCCTAATCCCATG-1,0.000039,0.103043,0.896919
AACTCGATAAACACGT-1,0.009251,0.299194,0.691555
AACTCGATGGCGCAGT-1,0.129435,0.449595,0.42097
AACTCTCAATAGAGCG-1,0.000419,0.686452,0.313129
AACTCTCAGTGTGCTC-1,0.73784,0.137015,0.125145
AACTGAGGTCAGCGTC-1,0.000173,0.792916,0.206911
AACTGAGTTATACTGA-1,0.000098,0.609923,0.389979
AACTGATATTAGGCCT-1,0.072276,0.119487,0.808236
AACTGGGTCCCGACGT-1,0.10541,0.424543,0.470047
AACTGGGTTCGAGCCG-1,0.00415,0.331848,0.664002
AACTGGTGTGGGCCTT-1,0.000188,0.048671,0.95114
AACTTCTGCGTCTATC-1,0.396589,0.247388,0.356023
AACTTGCCCGTATGCA-1,0.128842,0.609011,0.262147
AACTTGCGTTCTCGCG-1,0.062048,0.054035,0.883917
AACTTTACGGGAGCTT-1,0.102832,0.49259,0.404578
AACTTTAGCTGCTGAG-1,0.00057,0.198911,0.800519
AACTTTCTCGATCATG-1,0.039649,0.000024,0.960328
AAGAAAGTTTGATGGG-1,0.086952,0.49834,0.414707
AAGAAATCACCAGATT-1,0.014877,0.255845,0.729278
AAGAAGGATCAGTTAG-1,0.149936,0.5922,0.257864
AAGACATACGTGGTTT-1,0.324408,0.271859,0.403733
AAGACCAAATAACTCA-1,0.060968,0.195865,0.743167
AAGACCCAACTGAACA-1,0.205549,0.234665,0.559786
AAGACTAACCCGTTGT-1,0.128637,0.031553,0.83981
AAGACTCACGCCCACT-1,0.185525,0.571324,0.243152
AAGACTGCAAGCTACT-1,0.021248,0.254204,0.724547
AAGAGATGAATCGGTA-1,0.308433,0.140546,0.551022
AAGAGCTCTTTATCGG-1,0.022509,0.263678,0.713813
AAGAGGATGTACGCGA-1,0.421287,0.054505,0.524207
AAGAGGCATGGATCGC-1,0.016176,0.262623,0.721201
AAGAGGCCCTTTGGAA-1,0.168623,0.772283,0.059094
AAGATGGCACCGGACC-1,0.792006,0.100438,0.107556
AAGATTGGCGGAACGT-1,0.000061,0.514085,0.485854
AAGCACCCTGCGTATC-1,0.000053,0.267349,0.732598
AAGCATACTCTCCTGA-1,0.035066,0.092571,0.872363
AAGCCACTTGCAGGTA-1,0.994114,0.005804,0.000082
AAGCCGAAGCGGTTTA-1,0.027609,0.680703,0.291688
AAGCCGCCGTGAAATC-1,0.144309,0.170937,0.684754
AAGCCGCTTTACCTTG-1,0.0386,0.220752,0.740648
AAGCCGGAGAGCAGGA-1,0.005915,0.238061,0.756024
AAGCGCAGGGCTTTGA-1,0.013685,0.424182,0.562133
AAGCGGAGTGCGCGCA-1,0.00006,0.626269,0.373671
AAGCGGCGTCATGGGT-1,0.000529,0.999008,0.000463
AAGCGTCCCTCATCGA-1,0.945016,0.024819,0.030164
AAGCTAGATCGAGTAA-1,0.12246,0.320902,0.556638
AAGCTATGGATTGACC-1,0.238869,0.378819,0.382311
AAGCTCGTGCCAAGTC-1,0.137134,0.396834,0.466032
AAGCTCTTTCATGGTG-1,0.029945,0.205265,0.76479
AAGGAGAACTTATAAG-1,0.000048,0.344609,0.655343
AAGGAGCGGTTGGTGC-1,0.071445,0.013887,0.914669
AAGGATCGATCGCTTG-1,0.063633,0.719259,0.217108
AAGGATGAGGGACCTC-1,0.023337,0.102527,0.874136
AAGGCAGGCTGTCTCC-1,0.088279,0.910195,0.001526
AAGGCGCGTAAAGCTT-1,0.335235,0.002163,0.662602
AAGGCTGTGCTCATCG-1,0.736474,0.111525,0.152001
AAGGGAACGACTGGCT-1,0.082559,0.33331,0.584132
AAGGGACAGATTCTGT-1,0.057216,0.612437,0.330347
AAGGGACTATGCATTC-1,0.652039,0.213108,0.134853
AAGGGTTAGCCATGCG-1,0.019985,0.329085,0.65093
AAGGGTTTGATTTCAG-1,0.006359,0.4078,0.585841
AAGGTATCCTAATATA-1,0.042764,0.070342,0.886894
AAGGTGATAAACCAGC-1,0.014462,0.347958,0.63758
AAGTAAGCTTCCAAAC-1,0.024121,0.168094,0.807785
AAGTAGAAGACCGGGT-1,0.079457,0.025213,0.895331
AAGTAGTGACGCGAGG-1,0.405835,0.000043,0.594122
AAGTCAATTGTCGTCA-1,0.000037,0.063454,0.936508
AAGTCTAGTAGCTGCC-1,0.000056,0.394077,0.605866
AAGTCTTCTGTGGCCT-1,0.314314,0.257077,0.428609
AAGTGACGACCGAATT-1,0.079928,0.038894,0.881179
AAGTGAGTCGGGTTTA-1,0.499263,0.245357,0.25538
AAGTGCAAAGGTAGAC-1,0.180973,0.144433,0.674594
AAGTGCCTTGACTGTA-1,0.031534,0.439399,0.529067
AAGTGCGTTAGAATCT-1,0.511422,0.488125,0.000453
AAGTGCTTCTCTATTG-1,0.999683,0.000079,0.000238
AAGTGTTTGGAGACGG-1,0.054528,0.303468,0.642004
AAGTTCACTCCAAGCT-1,0.100196,0.05408,0.845725
AAGTTCAGTCTGCGTA-1,0.294016,0.593596,0.112388
AAGTTCGGCCAACAGG-1,0.783586,0.01294,0.203474
AAGTTGTGATGTTATA-1,0.000049,0.356078,0.643873
AAGTTTACTAATGGCA-1,0.005366,0.749757,0.244877
AAGTTTATGGGCCCAA-1,0.149446,0.152159,0.698395
AATAACAACGCTCGGC-1,0.236202,0.025759,0.738039
AATAACACTAGAACAA-1,0.999751,0.000062,0.000187
AATAACGTCGCGCCCA-1,0.147258,0.774299,0.078443
AATAAGTCCTCGAGAC-1,0.000041,0.385757,0.614202
AATAATCTTCGTATCG-1,0.039993,0.872326,0.087681
AATACAATGTTTCAGG-1,0.086728,0.621007,0.292265
AATACCGGAGGGCTGT-1,0.947152,0.0527,0.000148
AATACCTGATGTGAAC-1,0.062342,0.314241,0.623417
AATAGAACAGAGTGGC-1,0.543806,0.014933,0.441261
AATAGAATCTGTTTCA-1,0.000041,0.166726,0.833232
AATAGCAAGCCTCCTG-1,0.000143,0.563855,0.436001
AATAGCTACCGCGTGC-1,0.082088,0.902825,0.015088
AATAGGCACGACCCTT-1,0.999878,0.00003,0.000091
AATAGTCCGTCCCGAC-1,0.197685,0.321884,0.480431
AATAGTCGCGAGTCGG-1,0.054964,0.322262,0.622774
AATATCAAGGTCGGAT-1,0.100369,0.477938,0.421693
AATATCCTAGCAAACT-1,0.032053,0.312693,0.655254
AATATCGAATCAATGC-1,0.071597,0.8989,0.029503
AATATCGAGGGTTCTC-1,0.000077,0.341197,0.658726
AATATTGGAGTATTGA-1,0.059158,0.183306,0.757537
AATCAGACTGCAGGAC-1,0.000055,0.259118,0.740827
AATCAGGTTTCATTTA-1,0.872839,0.126803,0.000358
AATCATGTAAAGACTC-1,0.022745,0.81014,0.167115
AATCCAAGGGCCTGAG-1,0.187868,0.127287,0.684845
AATCCATGCAAGGGTG-1,0.058478,0.188295,0.753227
AATCCCGCTCAGAGCC-1,0.162684,0.494113,0.343203
AATCGAGGTCTCAAGG-1,0.018338,0.469428,0.512234
AATCGCCTCAGCGCCA-1,0.106282,0.235318,0.6584
AATCGCGCAGAGGACT-1,0.078111,0.300484,0.621405
AATCGGGACACTACGA-1,0.048151,0.458537,0.493312
AATCGGTATAGCCCTC-1,0.043427,0.759671,0.196902
AATCGTGAGCCGAGCA-1,0.033637,0.553453,0.41291
AATCTAGGTTTACTTG-1,0.095208,0.186595,0.718197
AATCTATGCCGGAGCC-1,0.642187,0.077507,0.280306
AATCTCTACTGTGGTT-1,0.086186,0.560633,0.35318
AATCTGCGTTGGGACG-1,0.024944,0.487704,0.487352
AATCTGGCTTTCTAGT-1,0.052545,0.17725,0.770205
AATCTGGGTAGACCCT-1,0.063942,0.662426,0.273632
AATGACAGCAATGTCT-1,0.685635,0.250213,0.064151
AATGACGTAGGATGTC-1,0.048843,0.018742,0.932415
AATGACTGTCAGCCGG-1,0.295577,0.010722,0.693702
AATGAGTTCGCATATG-1,0.029544,0.396463,0.573993
AATGATGATACGCTAT-1,0.000106,0.654236,0.345658
AATGATGCGACTCCTG-1,0.001595,0.829622,0.168783
AATGCAACCGGGTACC-1,0.07846,0.376597,0.544943
AATGCACCAAGCAATG-1,0.000043,0.108205,0.891752
AATGGCCGCCAATGCG-1,0.025742,0.125868,0.84839
AATGGTCCACCGTTCA-1,0.025384,0.258213,0.716403
AATGGTTCTCACAAGC-1,0.133868,0.436851,0.429281
AATGTATGGCACTGTA-1,0.052612,0.279983,0.667405
AATGTGCCCGAGGTGT-1,0.639439,0.360132,0.000429
AATGTGCTAATCTGAG-1,0.99983,0.000042,0.000127
AATGTTAAGACCCTGA-1,0.113682,0.368394,0.517923
AATGTTGTCGTGAGAC-1,0.031036,0.724215,0.244749
AATTAAAGGTCGGCGT-1,0.445832,0.100704,0.453464
AATTAACGGATTTCCA-1,0.058307,0.605725,0.335967
AATTACGAGACCCATC-1,0.065998,0.146003,0.787999
AATTACTCGTACGCTC-1,0.036566,0.155865,0.807569
AATTAGCGCTGCAGCG-1,0.170979,0.339195,0.489825
AATTATACCCAGCAAG-1,0.060846,0.39247,0.546684
AATTCATAAGGGATCT-1,0.044871,0.48246,0.472669
AATTCATTGTCATGCA-1,0.156156,0.273102,0.570742
AATTCCAACTTGGTGA-1,0.018851,0.246911,0.734238
AATTCCAAGCATGTAC-1,0.057141,0.506745,0.436114
AATTCGATTCGAGGAT-1,0.048596,0.572937,0.378467
AATTCTAGAGTTAGGC-1,0.007786,0.061608,0.930606
AATTGAACGCTCTGGT-1,0.002749,0.417637,0.579615
AATTGCAGCAATCGAC-1,0.006317,0.18605,0.807633
AATTGCGTGGATTACA-1,0.081538,0.65824,0.260223
AATTGTGGTTGCCAAA-1,0.135813,0.863714,0.000473
AATTTGGGACATAGTA-1,0.000103,0.514706,0.485191
AATTTGGTTCCAAAGA-1,0.034922,0.421838,0.543241
ACAAACCATGCGTCCT-1,0.198709,0.355934,0.445357
ACAAACCGACAAGGCG-1,0.000016,0.001155,0.998829
ACAAACTCCATCAGAG-1,0.999867,0.000033,0.0001
ACAAAGAAGGTAGGCC-1,0.013412,0.278335,0.708253
ACAAAGCATGACCTAG-1,0.010808,0.122984,0.866209
ACAAATCGCACCGAAT-1,0.214753,0.418967,0.36628
ACAAATGGTAGTGTTT-1,0.067368,0.333556,0.599075
ACAAATTCAGATCTGA-1,0.108888,0.540921,0.35019
ACAACAGCATGAGCTA-1,0.033183,0.152239,0.814578
ACAACGGTCCCTGCGA-1,0.056699,0.007615,0.935687
ACAAGCAGTGCCTAGC-1,0.397823,0.453794,0.148382
ACAAGCTATATGGAAG-1,0.110944,0.457082,0.431974
ACAAGGAAATCCGCCC-1,0.00152,0.050023,0.948458
ACAAGGACAAGAGGTT-1,0.274851,0.058757,0.666392
ACAAGGATGCTTTAGG-1,0.044987,0.060651,0.894362
ACAAGGCCTACCAGCC-1,0.162971,0.328784,0.508245
ACAAGGGCAGGCTCTG-1,0.037596,0.355301,0.607103
ACAAGTAATTGTAAGG-1,0.705272,0.102528,0.1922
ACAATAGTCGTACGTT-1,0.039123,0.102804,0.858073
ACAATCCATTTAAACC-1,0.352671,0.12162,0.525709
ACAATCGATCTTTATA-1,0.020805,0.48109,0.498104
ACAATGAATACGGAGA-1,0.899711,0.000194,0.100095
ACAATGATTCTTCTAC-1,0.210406,0.066056,0.723538
ACAATTGTGTCTCTTT-1,0.000077,0.538764,0.461158
ACAATTTAGGAGGCTC-1,0.356652,0.279107,0.364241
ACAATTTGAGCAGTGG-1,0.000262,0.293181,0.706557
ACAATTTGGCCATATT-1,0.098859,0.336661,0.564479
ACACAAAGACGGGTGG-1,0.056023,0.159375,0.784602
ACACAAATATTCCTAG-1,0.032676,0.298229,0.669095
ACACACCAGGACCAGT-1,0.013753,0.51283,0.473417
ACACACTTTCTACACG-1,0.175942,0.05858,0.765477
ACACATGATCAAATCT-1,0.135728,0.6742,0.190072
ACACATTGACGCAACA-1,0.061195,0.057679,0.881125
ACACATTTCCGTAGAC-1,0.138636,0.659448,0.201916
ACACCACATAATTAGC-1,0.164345,0.719127,0.116528
ACACCCAGCATGCAGC-1,0.16492,0.752947,0.082133
ACACCCGAGAAATCCG-1,0.185724,0.56133,0.252946
ACACCCGTAAATCTGT-1,0.020027,0.450385,0.529588
ACACCGAGCGCTCTTT-1,0.000027,0.112785,0.887187
ACACCGGTCTGACCGC-1,0.10514,0.034727,0.860133
ACACCTTAAGTAGGGC-1,0.293658,0.109467,0.596875
ACACCTTACTACTTGC-1,0.232582,0.295577,0.471841
ACACGAGACTCCTTCT-1,0.098743,0.057316,0.843941
ACACGGCACTATGCAT-1,0.007127,0.359672,0.633201
ACACGGGAACTTAGGG-1,0.259923,0.091105,0.648973
ACACGTAGGCCACAAG-1,0.061425,0.82984,0.108735
ACACTCCAATGTCACT-1,0.164794,0.164741,0.670465
ACACTGATCAAGGTGT-1,0.836478,0.048533,0.114989
ACAGAACTGAGAACAA-1,0.338614,0.511018,0.150368
ACAGATTAGGTTAGTG-1,0.017298,0.764503,0.218199
ACAGCATAGAGCCAGT-1,0.012158,0.000017,0.987825
ACAGCGACATTCTCAT-1,0.000063,0.384732,0.615204
ACAGCGCACCCGCAGC-1,0.036026,0.849798,0.114176
ACAGGAGGCGCAGCCG-1,0.021847,0.49934,0.478814
ACAGGCACGGATCCTT-1,0.00816,0.670554,0.321286
ACAGGCTTGCCCGACT-1,0.032072,0.50394,0.463988
ACAGGTGGAGGTGAGG-1,0.999765,0.000059,0.000177
ACAGGTGTGTTGTTGC-1,0.100384,0.515072,0.384544
ACAGTAATACAACTTG-1,0.217474,0.445413,0.337113
ACAGTATACCGTGGGA-1,0.015235,0.305868,0.678897
ACAGTGCAGCGCATTT-1,0.000068,0.24188,0.758053
ACATAAGTCGTGGTGA-1,0.127334,0.104502,0.768165
ACATAATAAGGCGGTG-1,0.006331,0.135299,0.858369
ACATACAATCAAGCGG-1,0.081806,0.139566,0.778628
ACATCAGCTGGGACGC-1,0.103631,0.04137,0.854999
ACATCCCGGCCATACG-1,0.041228,0.124775,0.833997
ACATCCTGGTAACTGT-1,0.008066,0.386481,0.605453
ACATCGATCGTTTACC-1,0.075382,0.392996,0.531621
ACATCGCAATATTCGG-1,0.95836,0.007338,0.034303
ACATCGGTCAGCCGCG-1,0.913538,0.032351,0.054111
ACATCGTATGCAATGG-1,0.027213,0.003568,0.969219
ACATCGTTAACCTAGT-1,0.000068,0.301023,0.69891
ACATCTCAACGCGTAA-1,0.051552,0.444508,0.50394
ACATGCTTACGGCAGC-1,0.104344,0.135565,0.760091
ACATGGCGCCAAAGTA-1,0.000067,0.456114,0.543819
ACATGGCTCAATTTAG-1,0.022514,0.127452,0.850034
ACATTAGTTTATATCC-1,0.027951,0.20795,0.764099
ACATTCGCGCGGAATA-1,0.999821,0.000045,0.000134
ACATTTGAAACCTAAC-1,0.014075,0.731655,0.254269
ACCAAACACCCAGCGA-1,0.045538,0.112625,0.841837
ACCAAACTAGAAATCC-1,0.05282,0.161462,0.785718
ACCAACACCACACACT-1,0.053577,0.854608,0.091816
ACCAACCGCACTCCAC-1,0.039467,0.497722,0.462811
ACCAACGCTTATTTAT-1,0.390631,0.037819,0.57155
ACCAAGAACGCGTGTC-1,0.051363,0.551083,0.397554
ACCAAGTCATCGGCAG-1,0.000035,0.213257,0.786708
ACCAATATGCAAGTTA-1,0.037184,0.151465,0.81135
ACCACAACTCAGAACA-1,0.000096,0.764174,0.23573
ACCACAAGTTTCTATC-1,0.203495,0.074155,0.72235
ACCACACGGTTGATGG-1,0.057862,0.353417,0.588721
ACCACCAATGTAACAA-1,0.063887,0.731011,0.205101
ACCACCCTCTCTTCTA-1,0.000083,0.339437,0.66048
ACCACGTGCAGCTATA-1,0.008086,0.401885,0.590029
ACCACTGTTCAAGAAG-1,0.183976,0.384007,0.432017
ACCAGACCATAACAAC-1,0.209721,0.238578,0.551702
ACCAGCCCGGTCTTTG-1,0.000066,0.470711,0.529223
ACCAGGAGTGTGATCT-1,0.233592,0.000042,0.766367
ACCAGTGCCCGGTCAA-1,0.185866,0.252026,0.562108
ACCAGTGCGGGAGACG-1,0.13056,0.474312,0.395128
ACCATATCCGCAATAA-1,0.031826,0.212668,0.755506
ACCATCCGCCAACTAG-1,0.097931,0.050783,0.851286
ACCATCGTATATGGTA-1,0.935454,0.000089,0.064457
ACCATTAAGGGTGTCA-1,0.004314,0.296979,0.698707
ACCCAACGCCCGTGGC-1,0.01856,0.594723,0.386717
ACCCACCTACATGCTC-1,0.065139,0.160882,0.773978
ACCCATCTTGAGGGTA-1,0.996453,0.003232,0.000315
ACCCATTTGTCCCTCT-1,0.036519,0.278678,0.684803
ACCCGAGCGAAATTAC-1,0.974588,0.025188,0.000224
ACCCGATTGGTTCCGA-1,0.777063,0.222678,0.000259
ACCCGGAAACTCCCAG-1,0.11345,0.573549,0.313001
ACCCGGAGCACCACAA-1,0.062186,0.861956,0.075858
ACCCGGATGACGCATC-1,0.000048,0.17319,0.826762
ACCCGGTTACACTTCC-1,0.704841,0.01106,0.2841
ACCCGTAGCAGAGAAT-1,0.056023,0.727284,0.216694
ACCCGTAGTCTAGTTG-1,0.213296,0.728442,0.058262
ACCCGTGTCATCAGTA-1,0.376874,0.575391,0.047735
ACCCTATAGGACTGAG-1,0.079436,0.029396,0.891168
ACCCTATGCCATATCG-1,0.947781,0.009149,0.04307
ACCCTCCCGTCAGGGC-1,0.002745,0.202116,0.795138
ACCCTCCCTTGCTATT-1,0.000051,0.254598,0.745351
ACCCTGGTAACGCCCT-1,0.286399,0.570953,0.142649
ACCCTTCATCTGCGAA-1,0.004225,0.339277,0.656498
ACCCTTGCCTGGGTCG-1,0.048073,0.180283,0.771644
ACCCTTTAGTTCTCCA-1,0.000066,0.315219,0.684715
ACCGAAAGGGCCCTGC-1,0.008947,0.119021,0.872032
ACCGAAGAGTCTGGTT-1,0.078703,0.314082,0.607215
ACCGACACATCTCCCA-1,0.071301,0.635751,0.292947
ACCGACTGAGTCCCAC-1,0.000013,0.000013,0.999975
ACCGAGTCTCCTTATT-1,0.141321,0.238852,0.619827
ACCGATAGGCATAACC-1,0.124355,0.874105,0.00154
ACCGATATTTAATCAT-1,0.076986,0.922627,0.000388
ACCGATGGTAGCATCG-1,0.08736,0.228116,0.684523
ACCGCAATAACTGCCT-1,0.129312,0.079813,0.790874
ACCGCGGTGGAAGTCG-1,0.023332,0.954343,0.022325
ACCGCTAGTCATTGGT-1,0.945221,0.031449,0.02333
ACCGGGCCTTTGTTGA-1,0.000054,0.240973,0.758972
ACCGGTCAGGTACACC-1,0.167623,0.037736,0.794641
ACCGGTCTGAGTACGG-1,0.103449,0.240954,0.655597
ACCGTCCACTGGGCCC-1,0.050686,0.266362,0.682951
ACCGTGACCACGTGGG-1,0.999001,0.000845,0.000154
ACCGTTCCCGCTCTGA-1,0.000025,0.000025,0.999951
ACCTAAGTACCTTTCA-1,0.513043,0.002819,0.484138
ACCTAATCGACTTCCT-1,0.469626,0.177178,0.353196
ACCTACAGTATGTGGT-1,0.100159,0.258113,0.641728
ACCTACTATAAATCTA-1,0.110764,0.380864,0.508373
ACCTCAGCGAGGCGCA-1,0.102678,0.488772,0.40855
ACCTCCGCCCTCGCTG-1,0.018475,0.562061,0.419464
ACCTCCGTTATTCACC-1,0.167107,0.353941,0.478953
ACCTCGAACTTATGCT-1,0.122029,0.229753,0.648218
ACCTGCGTGTCATGTT-1,0.094362,0.300207,0.605431
ACCTTTCCTTTAGAAG-1,0.055628,0.7077,0.236673
ACGAAATGGGCGGCAC-1,0.117687,0.00443,0.877883
ACGACCCATGAGTTGC-1,0.00098,0.596872,0.402147
ACGACTCTAGGGCCGA-1,0.050239,0.529377,0.420384
ACGACTGGTCATACTC-1,0.888644,0.000044,0.111312
ACGAGAACCCATCACG-1,0.121522,0.254213,0.624265
ACGAGATATTTGCTTA-1,0.004109,0.514466,0.481425
ACGAGGATACCACTCT-1,0.1535,0.585428,0.261072
ACGAGGTTTACAACGT-1,0.000028,0.1444,0.855572
ACGAGTACGGATGCCC-1,0.021421,0.94104,0.037539
ACGAGTCGCCGGCGTT-1,0.043807,0.0574,0.898793
ACGATACATAGAACTA-1,0.223236,0.468447,0.308317
ACGATACCTATCCTGA-1,0.047196,0.129801,0.823004
ACGATCATACATAGAG-1,0.000819,0.131038,0.868144
ACGATCATCTTGTAAA-1,0.01114,0.166522,0.822338
ACGATGCATATGTTAT-1,0.672752,0.065937,0.261311
ACGATGGATCCGATGC-1,0.384167,0.439857,0.175976
ACGCAAACTAATAGAT-1,0.832294,0.088882,0.078823
ACGCAATCACTACAGC-1,0.114973,0.448656,0.436371
ACGCATAAATGACATG-1,0.033021,0.594805,0.372174
ACGCATACGTTTACTA-1,0.053884,0.363812,0.582304
ACGCATTCGTGAGTAC-1,0.066731,0.429734,0.503535
ACGCCACTCGAAACAG-1,0.011977,0.01129,0.976733
ACGCCAGATGATTTCT-1,0.011755,0.036457,0.951788
ACGCCAGTGCGTTTGC-1,0.067523,0.322852,0.609625
ACGCCCAGCTGTCGAT-1,0.109865,0.565384,0.324751
ACGCCGCTAGACGACC-1,0.10512,0.221597,0.673283
ACGCCTGACACGCGCT-1,0.00002,0.122715,0.877265
ACGCGAAGTCAGACGA-1,0.015889,0.095066,0.889046
ACGCGCTACACAGGGT-1,0.67166,0.070067,0.258273
ACGCGGGCCAAGGACA-1,0.045538,0.000021,0.954441
ACGCGTTTCTTAAGAG-1,0.050262,0.360303,0.589436
ACGCTACTGAATGGGC-1,0.064,0.757129,0.178871
ACGCTAGTATCAGTGC-1,0.019495,0.109719,0.870786
ACGCTAGTGATACACT-1,0.000098,0.708407,0.291494
ACGCTGTGAGGCGTAG-1,0.10977,0.545354,0.344876
ACGCTTAGTGTCTCTC-1,0.021517,0.679403,0.299081
ACGGAACACGAGTGCC-1,0.054267,0.57081,0.374923
ACGGAATTTAGCAAAT-1,0.02443,0.30418,0.671391
ACGGACGCAGCGACAA-1,0.192639,0.074299,0.733062
ACGGACTCTCAAAGCG-1,0.0705,0.304212,0.625288
ACGGAGCGCAAATTAC-1,0.013333,0.986074,0.000594
ACGGATGGTGCGGATA-1,0.02471,0.388311,0.586979
ACGGCACTTGCTTGGG-1,0.083594,0.234403,0.682002
ACGGCCAACATGGACT-1,0.211381,0.200457,0.588162
ACGGCGACGATGGGAA-1,0.076387,0.197447,0.726166
ACGGCGGGTTGCCCTG-1,0.05673,0.371026,0.572244
ACGGCTGGATGTAGAA-1,0.085683,0.121823,0.792494
ACGGGAGTGTCGGCCC-1,0.170607,0.49422,0.335173
ACGGGCGTATGCGACA-1,0.000056,0.238785,0.761159
ACGGGTCATGTGACTT-1,0.247459,0.225179,0.527362
ACGGGTTGTGACCTGT-1,0.1479,0.112726,0.739374
ACGGTACAGTTCAATG-1,0.002774,0.529515,0.467711
ACGGTCACCGAGAACA-1,0.077284,0.26355,0.659166
ACGTACAGATTTCTCT-1,0.005328,0.095227,0.899445
ACGTACTTTGGCACGG-1,0.999638,0.00009,0.000271
ACGTAGATTGCTGATG-1,0.035715,0.192644,0.771642
ACGTAGGAGAGTCGCT-1,0.081772,0.305628,0.6126
ACGTATTACTCCGATC-1,0.060388,0.272353,0.667259
ACGTCCTAAACGAGAT-1,0.039681,0.219018,0.7413
ACGTCGGGCAACTCGG-1,0.016853,0.54592,0.437228
ACGTCTCGTTCCGGGA-1,0.039558,0.000498,0.959944
ACGTGACAAAGTAAGT-1,0.02393,0.485613,0.490457
ACGTGCGCCTCGTGCA-1,0.087732,0.225485,0.686783
ACGTGGTCGAATGTGC-1,0.000041,0.077593,0.922366
ACGTTAATGTCGAAGA-1,0.198264,0.261668,0.540067
ACGTTAGATTTGCCCG-1,0.809418,0.013172,0.17741
ACGTTATTGGTCACTC-1,0.311028,0.446971,0.242001
ACGTTCACTATGCCGC-1,0.862226,0.137648,0.000126
ACGTTCCGCGCTCCGT-1,0.05722,0.126891,0.815888
ACGTTCGCAATCAATT-1,0.067643,0.738493,0.193864
ACGTTCGTTCAGGAAA-1,0.804927,0.152683,0.042389
ACGTTCTGTACAAGTC-1,0.006849,0.494986,0.498165
ACGTTGTCGTTGAAAG-1,0.932892,0.062097,0.00501
ACGTTTAGTTGTGATC-1,0.078186,0.149068,0.772746
ACGTTTCGGTGCACTT-1,0.004859,0.486788,0.508353
ACTAAGGACGCACACC-1,0.004552,0.002716,0.992731
ACTAATACGTCAGGCG-1,0.069727,0.671511,0.258762
ACTACAAAGAGAGGTG-1,0.831341,0.168464,0.000195
ACTACATCCCGACAAG-1,0.084971,0.557143,0.357886
ACTACCAGCTCTCTGG-1,0.363169,0.447718,0.189112
ACTACCATCCGAGGGC-1,0.999815,0.000046,0.000138
ACTACGCGTTAGAATT-1,0.05386,0.039549,0.906591
ACTAGTTGCGATCGTC-1,0.000112,0.647111,0.352777
ACTATATGCTGTGTTC-1,0.0902,0.511432,0.398368
ACTATCCAGGGCATGG-1,0.006735,0.774591,0.218674
ACTATCGCCGGCTAAA-1,0.050581,0.624661,0.324758
ACTATCTGCCCGCGTA-1,0.255847,0.63005,0.114103
ACTATGTCCAGCTGCC-1,0.072386,0.210707,0.716907
ACTATTCGTCCGTGGT-1,0.006673,0.194252,0.799075
ACTATTTCCGGGCCCA-1,0.961473,0.038342,0.000186
ACTCAACGAATGTATT-1,0.139909,0.030151,0.82994
ACTCAAGTGCAAGGCT-1,0.086778,0.1981,0.715121
ACTCAATAAAGGCACG-1,0.208406,0.397585,0.39401
ACTCAGACCTGCTTCT-1,0.125628,0.510222,0.36415
ACTCATGGCAGCCTTC-1,0.322655,0.300554,0.376791
ACTCCAATATCATCAT-1,0.993761,0.000066,0.006173
ACTCCCATTCCTAAAG-1,0.14627,0.618839,0.234891
ACTCCCGAATTCGTTT-1,0.02112,0.703377,0.275504
ACTCCCGTAGACTAGG-1,0.000045,0.076724,0.923231
ACTCCCTAATGCTAAA-1,0.16525,0.174625,0.660126
ACTCCCTAGAATAGTA-1,0.129895,0.349752,0.520354
ACTCCGGCCGACCACT-1,0.038148,0.513866,0.447986
ACTCGATGTATTTCAT-1,0.095126,0.176139,0.728735
ACTCGCCGTTCGATAA-1,0.154562,0.78852,0.056918
ACTCGCGATCTGACGC-1,0.008074,0.132816,0.85911
ACTCGTAACCCGTCCT-1,0.311153,0.431414,0.257433
ACTCGTCAGTAATCCC-1,0.049714,0.152231,0.798056
ACTCTAAACCTGGGAT-1,0.020915,0.148786,0.830299
ACTCTCTGACTTAGGT-1,0.033347,0.128302,0.838352
ACTCTCTTATACACGA-1,0.000052,0.111361,0.888587
ACTCTGACCTAATAGA-1,0.002306,0.676126,0.321568
ACTCTTCAGCTCCCGC-1,0.000078,0.4531,0.546822
ACTCTTGTATAGTAAC-1,0.124758,0.358073,0.517168
ACTGAAACGCCGTTAG-1,0.017562,0.278769,0.703669
ACTGAATGGCGAAAGT-1,0.00005,0.522974,0.476975
ACTGATTTAGTGATTC-1,0.105887,0.721213,0.1729
ACTGCCCGCCATTCTC-1,0.972743,0.02273,0.004528
ACTGCCGTCGTAACTC-1,0.110439,0.260188,0.629373
ACTGCGGACACACCGT-1,0.020423,0.870579,0.108998
ACTGCTCGGAAGGATG-1,0.166132,0.047762,0.786106
ACTGGCGAACCTGCGT-1,0.039981,0.542079,0.41794
ACTGGGATGCCAGTGC-1,0.283609,0.328818,0.387573
ACTGTACGATACACAT-1,0.042855,0.213081,0.744063
ACTGTAGCACTTTGGA-1,0.272857,0.000041,0.727102
ACTGTATACGCGAGCA-1,0.060717,0.091732,0.847551
ACTGTCCAGGATTATA-1,0.224819,0.228227,0.546953
ACTGTCTTCTTTAGAA-1,0.056299,0.245692,0.698009
ACTGTGCTAGTAGATC-1,0.214318,0.000036,0.785646
ACTGTTTAGTGTAGGC-1,0.275944,0.280046,0.444011
ACTTACCGGGCGCGCA-1,0.000164,0.999345,0.000491
ACTTACGCATCCACGC-1,0.041157,0.452377,0.506467
ACTTAGTACGACAAGA-1,0.032296,0.014122,0.953582
ACTTATACTTACCCGG-1,0.017306,0.724659,0.258036
ACTTATCTGATCTATA-1,0.247866,0.123543,0.628592
ACTTATTAGGATCGGT-1,0.58726,0.30405,0.10869
ACTTATTTATGTGCCA-1,0.052386,0.092649,0.854965
ACTTCAGGCTGATCCC-1,0.037978,0.419187,0.542835
ACTTCCAGTGGAAGCT-1,0.039932,0.077328,0.88274
ACTTCCATGCGGGACA-1,0.054808,0.187564,0.757629
ACTTCCTGTCGTGCGA-1,0.000034,0.022082,0.977884
ACTTCGCCATACGCAC-1,0.012209,0.009716,0.978075
ACTTCGCTAGCGAGTG-1,0.008412,0.570268,0.421321
ACTTGACTCCCTCTTT-1,0.068572,0.015059,0.916369
ACTTGCCATATTGTAC-1,0.106743,0.136456,0.756801
ACTTGCTCTATCTACC-1,0.097397,0.143524,0.759078
ACTTGGGACCCGGTGG-1,0.276458,0.523843,0.199699
ACTTGGGCTTTCGCCA-1,0.016686,0.000008,0.983307
ACTTGTAGTCCCTTCA-1,0.023337,0.274443,0.70222
ACTTGTGGATGGAACG-1,0.033187,0.957627,0.009186
ACTTGTTACCGGATCA-1,0.234406,0.159278,0.606316
ACTTTACCCTCATGAA-1,0.009148,0.654361,0.336491
ACTTTATACACCACTT-1,0.049028,0.011545,0.939427
ACTTTCCTATAGCTTC-1,0.000035,0.063524,0.936441
ACTTTGACTGCATCCT-1,0.308078,0.192684,0.499237
ACTTTGGTCGTGCTCC-1,0.115228,0.038357,0.846416
ACTTTGTCGACGCACT-1,0.170284,0.829339,0.000377
AGAAATTATGACTCGC-1,0.081143,0.56378,0.355077
AGAACACGGCGATGGT-1,0.204463,0.392379,0.403158
AGAACCCAGCGTGACA-1,0.000067,0.493611,0.506322
AGAACCCTCAATTGGG-1,0.027859,0.000012,0.972129
AGAACGTGGTACATTC-1,0.000033,0.145976,0.853991
AGAACTGTACTTTGTA-1,0.089967,0.110081,0.799952
AGAAGAGCGCCGTTCC-1,0.001005,0.251094,0.747901
AGAAGGTACACTTCAC-1,0.107922,0.441476,0.450601
AGAAGGTTGCCGAATT-1,0.739055,0.260525,0.00042
AGAAGGTTGTAGGTCG-1,0.095516,0.453115,0.45137
AGAAGTGATTCGTGAT-1,0.833139,0.071713,0.095149
AGAATAAATCTTCAGG-1,0.116531,0.488729,0.39474
AGAATACAGGCTATCC-1,0.008275,0.34652,0.645205
AGAATGCGGGTTCGGA-1,0.068679,0.930895,0.000426
AGAATTATGGATTCGA-1,0.00008,0.573212,0.426708
AGAATTGTTTGACATA-1,0.003821,0.23094,0.765238
AGACAGCTCAGAATCC-1,0.199904,0.169736,0.63036
AGACAGGCATCTCAGC-1,0.000059,0.375599,0.624342
AGACATAGATCCTTCC-1,0.079549,0.248714,0.671737
AGACCAAACCACACCT-1,0.132672,0.13478,0.732548
AGACCATGGGATACAA-1,0.150659,0.306218,0.543123
AGACCCACCGCTGATC-1,0.00163,0.275997,0.722373
AGACCCGCCCTCCTCG-1,0.09985,0.356788,0.543363
AGACCGCTCCGCGGTT-1,0.181634,0.818,0.000365
AGACCGGGAAACCCTG-1,0.229893,0.12451,0.645598
AGACGAAGTGCCGGTC-1,0.002883,0.899837,0.09728
AGACGACGATGCCGCT-1,0.721334,0.005219,0.273447
AGACGCCCACTTCGCC-1,0.073527,0.859488,0.066985
AGACGGGATTGGTATA-1,0.000035,0.083796,0.916168
AGACGGGCCGATTTAA-1,0.058919,0.351735,0.589346
AGACTAGCCTTCCAGA-1,0.74982,0.206234,0.043946
AGACTGTTACCGGGTC-1,0.824271,0.110255,0.065474
AGAGAAACACCAGAAA-1,0.999842,0.000039,0.000118
AGAGAACCGTCTAGGA-1,0.000054,0.389388,0.610557
AGAGAAGGAGTACAAT-1,0.999823,0.000044,0.000133
AGAGATCTCTAAAGCG-1,0.158278,0.121477,0.720245
AGAGCAGTTATGAGAC-1,0.117149,0.207124,0.675727
AGAGCCGCCGAGATTT-1,0.127482,0.781899,0.090619
AGAGCGCTTGTAACGG-1,0.033511,0.841098,0.12539
AGAGCGGGCTAATCAT-1,0.07747,0.46087,0.461659
AGAGCGTACAAGCTCG-1,0.271245,0.234666,0.49409
AGAGCTACGAAAGCAT-1,0.121941,0.349711,0.528348
AGAGGCTTCGGAAACC-1,0.000032,0.065973,0.933994
AGAGGGACAATTGTCC-1,0.000383,0.186959,0.812658
AGAGGTATCTCGGTCC-1,0.062682,0.389721,0.547597
AGAGTAAACTTCACTA-1,0.000552,0.991673,0.007775
AGAGTATAGTGTTACG-1,0.054893,0.059481,0.885626
AGAGTCTTAATGAAAG-1,0.037945,0.164152,0.797903
AGAGTGAACAGACACC-1,0.000043,0.066864,0.933093
AGAGTTAGAGACCGAT-1,0.112618,0.886875,0.000507
AGAGTTGCAGGCCTCC-1,0.032106,0.317208,0.650686
AGATAACTTCAGGGCC-1,0.401538,0.004028,0.594434
AGATAATCACACCTAT-1,0.033371,0.150456,0.816174
AGATACCAATAGAACC-1,0.084392,0.807203,0.108405
AGATACCAGCACTTCA-1,0.000075,0.475219,0.524706
AGATACCGGTGTTCAC-1,0.806722,0.009596,0.183682
AGATACGACTTCATAT-1,0.034785,0.366017,0.599198
AGATACTCAAGATCGA-1,0.038984,0.28621,0.674805
AGATATAATACGACTA-1,0.047182,0.627785,0.325033
AGATCGTGCATAAGAT-1,0.000063,0.432558,0.567379
AGATCTCAGGTGTGAT-1,0.000027,0.051838,0.948135
AGATCTGGAGAGGATA-1,0.127629,0.358995,0.513376
AGATGACTCGCCCACG-1,0.147803,0.433417,0.41878
AGATGAGGGTTGCGAT-1,0.035526,0.963986,0.000489
AGATGATGGAGTCTGG-1,0.06901,0.768434,0.162556
AGATGCAAGACGTGCA-1,0.145211,0.146357,0.708432
AGATGCATCCTGTGTC-1,0.158992,0.755039,0.085969
AGATGCTATAACGAGC-1,0.08023,0.606379,0.313391
AGATTATAGGACGTTT-1,0.226468,0.000033,0.773499
AGATTCAAGCGGGTCG-1,0.03498,0.298997,0.666022
AGATTCACAACCGATA-1,0.018028,0.301935,0.680037
AGCAAAGGCCGCTAGT-1,0.178139,0.076069,0.745792
AGCAACATATCTTATT-1,0.020895,0.514033,0.465071
AGCAACCGAAAGTAAT-1,0.225984,0.213124,0.560892
AGCACACGTTTAGACT-1,0.89234,0.096448,0.011212
AGCACCAGTACTCACG-1,0.073542,0.2776,0.648858
AGCACTACCGGCCTGT-1,0.192828,0.223141,0.584031
AGCACTACCTCACCAG-1,0.006571,0.251981,0.741448
AGCACTTAAGGACGCC-1,0.595651,0.380039,0.02431
AGCAGAAGGAGAAAGA-1,0.105844,0.406521,0.487635
AGCAGCCAGATGAATA-1,0.230558,0.471917,0.297525
AGCAGTCGAAGCATGC-1,0.000057,0.792174,0.207769
AGCATATCAATATGCT-1,0.00007,0.310904,0.689026
AGCATCATTTCGAAAG-1,0.100414,0.295161,0.604425
AGCATCGTCGATAATT-1,0.031107,0.043399,0.925494
AGCATTACGAGGCAAG-1,0.007591,0.511604,0.480805
AGCCAAGCTTTGTGTC-1,0.094979,0.460537,0.444483
AGCCACAGGTTACCCG-1,0.043334,0.582691,0.373976
AGCCACTCCCGTGCTT-1,0.016644,0.298426,0.68493
AGCCATATAGTATGTG-1,0.094918,0.176783,0.728299
AGCCCATACATGTAAG-1,0.227575,0.658335,0.11409
AGCCCGCAACAAGCAG-1,0.214192,0.702814,0.082994
AGCCCGCACTACAATG-1,0.047275,0.507036,0.445689
AGCCCGGCATTAGAGG-1,0.601976,0.244105,0.153919
AGCCCGGTAGCCTGTA-1,0.789837,0.045281,0.164882
AGCCCTAAGCGAAGTT-1,0.000047,0.204812,0.795141
AGCCCTCCCTGGTGGC-1,0.760039,0.237146,0.002815
AGCCCTGTCGCACCGT-1,0.000057,0.304046,0.695897
AGCCCTTCTAATCCGA-1,0.078873,0.789783,0.131343
AGCCCTTGGACATCCC-1,0.112112,0.653022,0.234866
AGCCGCAAATTCAAAT-1,0.017426,0.140098,0.842476
AGCCGCTTGATTAGCG-1,0.000023,0.028009,0.971968
AGCCGTGGCTAAATGT-1,0.054013,0.637719,0.308269
AGCCTAATACCCACGT-1,0.032617,0.333626,0.633758
AGCCTTAAAGCGGAAG-1,0.146873,0.434592,0.418535
AGCCTTGTCACTGATA-1,0.037458,0.688943,0.273599
AGCGACAGGAACGGTC-1,0.999796,0.000051,0.000153
AGCGACATCCCATTCA-1,0.112129,0.579491,0.30838
AGCGACCAACGATATT-1,0.049347,0.158467,0.792186
AGCGACTTTGAAGACA-1,0.999684,0.000079,0.000237
AGCGAGACGTGAAGGC-1,0.287358,0.173447,0.539194
AGCGATGCGCCTAATA-1,0.012261,0.739242,0.248498
AGCGCATAATGAATCG-1,0.047312,0.029707,0.92298
AGCGCGGGTGCCAATG-1,0.000046,0.218467,0.781486
AGCGCTAGAGCGATGT-1,0.008984,0.397247,0.593769
AGCGCTTATGGGCAAG-1,0.037003,0.733198,0.229799
AGCGGACACTTCGTAG-1,0.203613,0.034825,0.761562
AGCGGCGGTTAGCGGT-1,0.029596,0.57972,0.390683
AGCGGGAAGGGTCCAT-1,0.091452,0.609878,0.298669
AGCGGGTCTGACACTC-1,0.024979,0.042111,0.93291
AGCGGTTGAGATGTAC-1,0.121255,0.797265,0.08148
AGCGGTTGCCGCTCTG-1,0.000119,0.611159,0.388722
AGCGTACGAGAGCTAG-1,0.051204,0.000018,0.948777
AGCGTAGCGCTAGACC-1,0.218522,0.324431,0.457047
AGCGTCTGAACCCGCA-1,0.098445,0.445333,0.456221
AGCGTGGTATTCTACT-1,0.06064,0.034673,0.904687
AGCGTTCCGATTTAAA-1,0.213692,0.725111,0.061197
AGCTAACAAGCAATGT-1,0.999819,0.000045,0.000136
AGCTAAGCTCCGTCCG-1,0.999818,0.000046,0.000137
AGCTAAGTACGCAGGC-1,0.150939,0.289653,0.559409
AGCTACGAATGGTGGT-1,0.077083,0.874724,0.048193
AGCTAGAAGCAGAAGT-1,0.047358,0.724633,0.228008
AGCTATTTAATCCAAC-1,0.011509,0.027531,0.960961
AGCTCCATATATGTTC-1,0.04976,0.458319,0.491921
AGCTCCTTCGCACATC-1,0.010064,0.000797,0.989139
AGCTCGTTGATGGAAA-1,0.03277,0.52068,0.44655
AGCTCTAGACGTTCCA-1,0.018879,0.254605,0.726516
AGCTCTTCCCAGTGCA-1,0.093804,0.715981,0.190215
AGCTCTTCGTAACCTT-1,0.054292,0.91288,0.032828
AGCTCTTTACTCAGTT-1,0.723408,0.037405,0.239187
AGCTGAAGTAAACCAA-1,0.001244,0.211998,0.786759
AGCTGCATTTGAGGTG-1,0.065951,0.933385,0.000665
AGCTGCTGTGCCGAAT-1,0.097048,0.337686,0.565266
AGCTGTAACCTCAATC-1,0.887902,0.111693,0.000405
AGCTTATAGAGACCTG-1,0.023887,0.178712,0.797401
AGCTTCAATACTTTGA-1,0.005898,0.677462,0.31664
AGCTTCTTCTCGAGCA-1,0.084151,0.295715,0.620134
AGCTTGATCAGGGTAG-1,0.27904,0.20363,0.51733
AGCTTGATCTTAACTT-1,0.152101,0.378876,0.469023
AGGAAAGCCTCTGATG-1,0.094404,0.334664,0.570932
AGGAACGAACGACTTC-1,0.089088,0.907069,0.003843
AGGAAGCTGTCCGCCG-1,0.282301,0.38477,0.332929
AGGACAGTCGAATCCC-1,0.039456,0.566977,0.393567
AGGACATCGCACGTCG-1,0.08181,0.007008,0.911182
AGGACATCGGCACACT-1,0.010711,0.311417,0.677873
AGGACGACCCATTAGA-1,0.654953,0.091155,0.253892
AGGACGCTCGATGTTG-1,0.043011,0.763784,0.193205
AGGACTTATAGGAGAA-1,0.000014,0.000495,0.999491
AGGAGACATCCACAGT-1,0.000031,0.078342,0.921626
AGGAGAGTCTGGCTAC-1,0.00006,0.2385,0.76144
AGGAGCGTTTATTATC-1,0.119189,0.662119,0.218692
AGGAGGCCTTCGCGCG-1,0.066538,0.632158,0.301304
AGGATAAAGTCGGGAT-1,0.06441,0.353006,0.582584
AGGATATAGGGATTTA-1,0.000054,0.184286,0.81566
AGGATATCCGACTGCA-1,0.000383,0.251381,0.748237
AGGATCACGCGATCTG-1,0.145765,0.392508,0.461727
AGGATTGCTTACGACA-1,0.000069,0.457283,0.542648
AGGCAAAGAGGAATCA-1,0.115415,0.045586,0.839
AGGCAATACGGAGGAC-1,0.014871,0.168898,0.816231
AGGCACGTGACTGTCC-1,0.101731,0.31423,0.58404
AGGCAGATGCGTAAAC-1,0.006349,0.298792,0.694859
AGGCAGGGAGCGTACT-1,0.565153,0.394701,0.040146
AGGCATTGTCGTAGGG-1,0.000057,0.257591,0.742352
AGGCCACATTGGTTAC-1,0.060575,0.349908,0.589517
AGGCCACCCGTTATGA-1,0.769567,0.181633,0.0488
AGGCCCAGTGACTGGT-1,0.059388,0.034463,0.906149
AGGCCCATTGTACAGG-1,0.052614,0.020559,0.926827
AGGCCCTAGAACGCCA-1,0.26894,0.003822,0.727238
AGGCCTATCATACCAA-1,0.426676,0.17791,0.395414
AGGCCTGAGAATCTCG-1,0.023942,0.32066,0.655398
AGGCGATAACTGGCGT-1,0.162264,0.685221,0.152515
AGGCGGTTTGTCCCGC-1,0.258103,0.204979,0.536918
AGGCGTCTATGGACGG-1,0.049181,0.790757,0.160063
AGGCTATGGTTAGCTT-1,0.400703,0.531546,0.067751
AGGCTTAAGTTGCACA-1,0.012971,0.248817,0.738212
AGGCTTCCCGAAGAAG-1,0.948802,0.050858,0.00034
AGGCTTGCTAGACACC-1,0.149346,0.175942,0.674712
AGGGAAACGAGGTACT-1,0.000094,0.635571,0.364335
AGGGACAGCACGGCGG-1,0.044455,0.594207,0.361338
AGGGACCGGCTGCGTT-1,0.087463,0.70442,0.208118
AGGGACTCTACGCGAC-1,0.272037,0.134129,0.593834
AGGGAGACATACTTCG-1,0.043605,0.868728,0.087667
AGGGCAGCGGCGTGGT-1,0.0001,0.582901,0.416999
AGGGCCCTAATGTTCT-1,0.131052,0.868735,0.000213
AGGGCGAGCAGCTGAT-1,0.044041,0.184081,0.771878
AGGGCGTGATCGGCTA-1,0.064831,0.006901,0.928268
AGGGCTGCAGTTACAG-1,0.043709,0.149018,0.807273
AGGGTCAGAGCACTCG-1,0.767011,0.214597,0.018392
AGGGTCAGTAACCCTA-1,0.043096,0.191049,0.765855
AGGGTCGATGCGAACT-1,0.000069,0.451235,0.548696
AGGGTCTGGACGCAGT-1,0.052591,0.947231,0.000178
AGGGTGCCGTTCTTTA-1,0.99977,0.000057,0.000172
AGGGTGCTCTCGAGGG-1,0.001491,0.419632,0.578877
AGGGTGGATAGTGCAT-1,0.017678,0.000922,0.9814
AGGGTGTGCTACACGC-1,0.061147,0.354388,0.584466
AGGGTTCAGACGGTCC-1,0.851714,0.140903,0.007383
AGGGTTCCCTTTGGTT-1,0.354959,0.378181,0.26686
AGGGTTTAGTTCGGGA-1,0.108554,0.342308,0.549139
AGGTAACCTCCTATTC-1,0.060148,0.003731,0.936121
AGGTACGATATTGCCA-1,0.080932,0.085978,0.83309
AGGTAGATCGAGATAT-1,0.987449,0.012408,0.000142
AGGTAGGTACAAAGCT-1,0.173114,0.123057,0.703829
AGGTATAATTGATAGT-1,0.041757,0.920371,0.037872
AGGTATGCGGACATTA-1,0.000033,0.039582,0.960385
AGGTCAGGTGAGAGTG-1,0.271711,0.075577,0.652712
AGGTCGCCACTTCGGT-1,0.105762,0.324187,0.570051
AGGTCGCCTCCCAACA-1,0.067347,0.924656,0.007997
AGGTCGCGGAGTTACT-1,0.107002,0.696825,0.196173
AGGTGCACGTCCACAT-1,0.004544,0.039799,0.955657
AGGTGGTGACCTTCGC-1,0.067486,0.147699,0.784815
AGGTGTATCGCCATGA-1,0.046032,0.251772,0.702196
AGGTGTTGCCGACCAC-1,0.120203,0.605471,0.274326
AGGTTACACCATGCCG-1,0.059949,0.563783,0.376267
AGGTTCTCCTTTCCGG-1,0.102861,0.220881,0.676258
AGGTTGAGGCACGCTT-1,0.090697,0.010791,0.898511
AGGTTTCACACACCTT-1,0.235951,0.146785,0.617264
AGTAACGTTCATCCTG-1,0.000184,0.831278,0.168538
AGTAACTATAGCAGCC-1,0.058122,0.503189,0.438689
AGTAAGGGACAGAATC-1,0.02682,0.250198,0.722982
AGTAATCTAAGGGTGG-1,0.236785,0.464301,0.298914
AGTAATGTCTTGCCGC-1,0.054585,0.207577,0.737838
AGTAATTTGCAAGCGT-1,0.081988,0.180624,0.737389
AGTACAGAAGCTTATA-1,0.09284,0.391908,0.515252
AGTACATCATTTATCA-1,0.359436,0.342804,0.29776
AGTACCTTCGAGTGCT-1,0.083444,0.905741,0.010815
AGTACGGCCCGTATCG-1,0.123694,0.118805,0.757502
AGTACGGGCACCTGGC-1,0.009703,0.189311,0.800985
AGTACGTGGCCTGTCT-1,0.00008,0.243866,0.756054
AGTACTCTTATGCCCA-1,0.066246,0.187196,0.746558
AGTAGAAGGCGCCTCA-1,0.032842,0.215384,0.751774
AGTAGCGTGAACGAAC-1,0.02375,0.208847,0.767402
AGTAGCTAGACGCCGA-1,0.31342,0.240596,0.445983
AGTAGGAAGGAAGTTG-1,0.00019,0.972573,0.027238
AGTAGGTAACATACAT-1,0.057716,0.356736,0.585549
AGTATAATACTAGGCA-1,0.372302,0.072595,0.555103
AGTATACACAGCGACA-1,0.696619,0.283032,0.020348
AGTATCCATAATAACG-1,0.09237,0.321185,0.586446
AGTATGCTGGAGACCA-1,0.863454,0.136294,0.000252
AGTATTTGGCACGACC-1,0.200918,0.015363,0.78372
AGTCAAATGATGTGAT-1,0.996112,0.003706,0.000182
AGTCAACACCACCATC-1,0.97856,0.019469,0.001971
AGTCAAGATGACACTT-1,0.034195,0.576809,0.388995
