Barcode,Topic 1,Topic 2,Topic 3,Topic 4,Topic 5,Topic 6,Topic 7to8,Topic 9to11
AAACAAGTATCTCCCA-1,0.129632,0.01509,0.064797,0.091946,0.039356,0.280387,0.213388,0.165405
AAACACCAATAACTGC-1,0.013866,0.107886,0.090304,0.300207,0.011603,0.071977,0.140929,0.263228
AAACAGAGCGACTCCT-1,0.00003,0.083732,0.273382,0.002605,0.006549,0.060741,0.00006,0.5729
AAACAGCTTTCAGAAG-1,0.116936,0.577118,0.110396,0.000053,0.000054,0.000053,0.000105,0.195286
AAACAGGGTCTATATT-1,0.000041,0.303855,0.345619,0.310473,0.000041,0.000041,0.0004,0.03953
AAACAGTGTTCCTGGG-1,0.029951,0.022113,0.003523,0.535521,0.000646,0.135083,0.254088,0.019076
AAACATGGTGAGAGGA-1,0.139159,0.503094,0.160862,0.000017,0.024419,0.033277,0.011361,0.127811
AAACATTTCCCGGATT-1,0.455961,0.323161,0.054493,0.058626,0.093436,0.000042,0.014154,0.000126
AAACCACTACACAGAT-1,0.05273,0.358126,0.167906,0.32958,0.002679,0.015145,0.017601,0.056233
AAACCCGAACGAAATC-1,0.000011,0.00095,0.025267,0.066098,0.067975,0.059241,0.279995,0.500462
AAACCGGAAATGTTAA-1,0.007134,0.00606,0.046967,0.222709,0.146426,0.475613,0.000346,0.094744
AAACCGGGTAGGTACC-1,0.051829,0.000015,0.190712,0.007895,0.008914,0.001439,0.002968,0.736229
AAACCGTTCGTCCAGG-1,0.087844,0.204771,0.101342,0.161738,0.006737,0.011305,0.349072,0.077191
AAACCTAAGCAGCCGG-1,0.597921,0.052783,0.052663,0.134734,0.1197,0.000029,0.031268,0.010901
AAACCTCATGAAGTTG-1,0.000073,0.999267,0.000073,0.000073,0.000073,0.000073,0.000147,0.00022
AAACGAAGAACATACC-1,0.01911,0.051028,0.072291,0.064812,0.094914,0.02243,0.073596,0.601819
AAACGAAGATGGAGTA-1,0.021115,0.904415,0.000047,0.000047,0.031655,0.042487,0.000094,0.000141
AAACGACAGTCTTGCC-1,0.071044,0.089878,0.025792,0.207885,0.002884,0.207,0.023054,0.372464
AAACGAGACGGTTGAT-1,0.015341,0.116239,0.163753,0.41695,0.019384,0.000033,0.102165,0.166135
AAACGCCCGAGATCGG-1,0.000019,0.02649,0.036946,0.048252,0.104277,0.022835,0.194754,0.566425
AAACGCTGGGCACGAC-1,0.978042,0.000087,0.000087,0.000087,0.000087,0.021175,0.000174,0.000261
AAACGGGCGTACGGGT-1,0.90272,0.096826,0.000026,0.000026,0.000247,0.000026,0.000052,0.000078
AAACGGTTGCGAACTG-1,0.0027,0.033812,0.107405,0.06715,0.126228,0.243076,0.158267,0.261363
AAACGTGTTCGCCCTA-1,0.000063,0.464381,0.186823,0.149933,0.002075,0.000063,0.029042,0.16762
AAACTAACGTGGCGAC-1,0.000026,0.034097,0.055081,0.129335,0.002727,0.035793,0.151929,0.591013
AAACTCGGTTCGCAAT-1,0.065303,0.286173,0.059377,0.000022,0.413814,0.1163,0.007864,0.051146
AAACTCGTGATATAAG-1,0.025614,0.973762,0.000069,0.000069,0.000069,0.000069,0.000139,0.000208
AAACTGCTGGCTCCAA-1,0.015545,0.190712,0.097425,0.200628,0.176479,0.079953,0.185571,0.053686
AAACTTAATTGCACGC-1,0.000021,0.013369,0.011647,0.067455,0.000271,0.156281,0.342132,0.408823
AAACTTGCAAACGTAT-1,0.005094,0.004809,0.339981,0.192875,0.000023,0.000023,0.002644,0.454552
AAAGAATGACCTTAGA-1,0.000037,0.294275,0.31373,0.16157,0.022085,0.126945,0.016475,0.064882
AAAGAATGTGGACTAA-1,0.999769,0.000023,0.000023,0.000023,0.000023,0.000023,0.000046,0.000069
AAAGACATGAAGTTTA-1,0.110161,0.075068,0.063112,0.262241,0.036701,0.000047,0.2062,0.246471
AAAGACCCAAGTCGCG-1,0.00002,0.021388,0.258803,0.16615,0.014074,0.00002,0.016507,0.523039
AAAGCTTGCCTACATA-1,0.000026,0.274596,0.119026,0.000026,0.030831,0.185453,0.022866,0.367175
AAAGGCCCTATAATAC-1,0.090207,0.674795,0.000965,0.229715,0.001603,0.000041,0.00255,0.000124
AAAGGCTACGGACCAT-1,0.050146,0.202165,0.15585,0.36921,0.176084,0.000032,0.025033,0.021479
AAAGGCTCTCGCGCCG-1,0.000015,0.000015,0.003075,0.037678,0.064844,0.120028,0.23237,0.541976
AAAGGGATGTAGCAAG-1,0.035749,0.872472,0.0001,0.0001,0.0001,0.09098,0.0002,0.000299
AAAGGGCAGCTTGAAT-1,0.042899,0.201417,0.291237,0.006793,0.036568,0.092217,0.048974,0.279895
AAAGGTAAGCTGTACC-1,0.00003,0.018934,0.216087,0.26953,0.001696,0.00003,0.065727,0.427966
AAAGGTCAACGACATG-1,0.000015,0.000831,0.000015,0.000015,0.041297,0.001798,0.031239,0.92479
AAAGTAGCATTGCTCA-1,0.00005,0.364728,0.03333,0.598853,0.00005,0.00005,0.0001,0.00284
AAAGTCACTGATGTAA-1,0.000017,0.013648,0.180922,0.037193,0.016985,0.000017,0.007792,0.743425
AAAGTCGACCCTCAGT-1,0.105473,0.362147,0.197149,0.000076,0.000076,0.000076,0.000153,0.33485
AAAGTGCCATCAATTA-1,0.955747,0.000047,0.000047,0.000047,0.000047,0.043827,0.000095,0.000142
AAAGTGTGATTTATCT-1,0.000017,0.006393,0.00666,0.04905,0.088063,0.017964,0.491898,0.339955
AAAGTTGACTCCCGTA-1,0.022973,0.011109,0.058915,0.082569,0.140945,0.047392,0.438128,0.197968
AAATAACCATACGGGA-1,0.000021,0.056176,0.263542,0.000021,0.00389,0.094537,0.000116,0.581697
AAATAAGGTAGTGCCC-1,0.00003,0.099549,0.16963,0.143434,0.00003,0.000666,0.24198,0.34468
AAATACCTATAAGCAT-1,0.065961,0.014008,0.010128,0.011838,0.270822,0.093773,0.26067,0.2728
AAATAGCTTAGACTTT-1,0.012795,0.171123,0.169819,0.129247,0.055484,0.019826,0.053132,0.388573
AAATAGGGTGCTATTG-1,0.197927,0.387397,0.000041,0.410921,0.002611,0.000791,0.000189,0.000122
AAATCACTCCTAAACG-1,0.000097,0.144398,0.015605,0.578375,0.000097,0.000097,0.000195,0.261135
AAATCCGATACACGCC-1,0.417182,0.002291,0.004301,0.000019,0.15977,0.032176,0.139395,0.244866
AAATCGCGGAAGGAGT-1,0.000077,0.437195,0.280731,0.249955,0.000077,0.03158,0.000154,0.000231
AAATCGTGTACCACAA-1,0.203629,0.010268,0.029399,0.035858,0.044251,0.047151,0.374226,0.255218
AAATCTAGCCCTGCTA-1,0.010182,0.000011,0.006137,0.000011,0.163848,0.374461,0.029287,0.416063
AAATCTGCCCGCGTCC-1,0.000031,0.175624,0.508774,0.230982,0.000031,0.023838,0.003651,0.057068
AAATGACTGATCAAAC-1,0.009122,0.069709,0.001189,0.365659,0.024019,0.055872,0.328756,0.145675
AAATGATTCGATCAGC-1,0.06742,0.931696,0.000098,0.000098,0.000098,0.000098,0.000197,0.000295
AAATGGCATGTCTTGT-1,0.000029,0.201277,0.301392,0.012352,0.000049,0.002734,0.062324,0.419845
AAATGGCCCGTGCCCT-1,0.000019,0.151211,0.17819,0.01481,0.012081,0.09622,0.018588,0.528882
AAATGGTCAATGTGCC-1,0.000034,0.048538,0.183704,0.303728,0.008762,0.028266,0.008446,0.418523
AAATGTGGGTGCTCCT-1,0.105849,0.479871,0.032769,0.008747,0.000045,0.239264,0.018461,0.114995
AAATTAACGGGTAGCT-1,0.009208,0.284703,0.078531,0.089315,0.01163,0.079209,0.124168,0.323235
AAATTACACGACTCTG-1,0.000034,0.077972,0.655249,0.00315,0.000034,0.156084,0.000879,0.106598
AAATTACCTATCGATG-1,0.000021,0.000021,0.281556,0.002031,0.000021,0.161108,0.008385,0.546858
AAATTCCAGGTCCAAA-1,0.061591,0.185958,0.093075,0.397758,0.024483,0.000045,0.044709,0.192381
AAATTGATAGTCCTTT-1,0.000038,0.229635,0.000038,0.762087,0.00181,0.000038,0.005689,0.000667
AAATTGGTGAGAAGCA-1,0.005029,0.70972,0.028475,0.000764,0.000102,0.000102,0.165895,0.089912
AAATTTACCGAAATCC-1,0.221923,0.257722,0.130041,0.189092,0.012088,0.000037,0.031549,0.157548
AAATTTGCGGGTGTGG-1,0.011179,0.137919,0.01089,0.258359,0.000019,0.003064,0.052104,0.526466
AACAACTGGTAGTTGC-1,0.212858,0.786649,0.000055,0.000055,0.000055,0.000055,0.000109,0.000164
AACAATACATTGTCGA-1,0.111431,0.052404,0.038797,0.172538,0.011694,0.012496,0.332849,0.26779
AACAATTACTCTACGC-1,0.066994,0.21086,0.200088,0.002517,0.071261,0.041246,0.000063,0.406972
AACACACGCTCGCCGC-1,0.072867,0.284195,0.162851,0.074317,0.391354,0.000029,0.014298,0.000088
AACACGACTGTACTGA-1,0.000046,0.022898,0.215218,0.417882,0.000046,0.000046,0.000133,0.343732
AACACGAGACGCGGCC-1,0.000036,0.128913,0.29202,0.509158,0.000036,0.000036,0.000072,0.069728
AACAGCTGTGTGGCAA-1,0.00281,0.146662,0.003266,0.61444,0.004685,0.000032,0.001749,0.226357
AACAGGAAATCGAATA-1,0.006527,0.032232,0.333019,0.000021,0.000021,0.28738,0.001112,0.339688
AACAGGATGGGCCGCG-1,0.224176,0.750207,0.025169,0.000056,0.000056,0.000056,0.000112,0.000168
AACAGGTAGTATGGAT-1,0.067178,0.033938,0.028034,0.260659,0.252378,0.244833,0.076827,0.036152
AACATAGCGTGTATCG-1,0.134841,0.000015,0.000015,0.022857,0.0873,0.385858,0.117069,0.252046
AACATATCAACTGGTG-1,0.0658,0.019301,0.168154,0.072211,0.00296,0.01606,0.040024,0.615489
AACATCGATACGTCTA-1,0.086122,0.913314,0.000063,0.000063,0.000063,0.000063,0.000125,0.000188
AACATTGAAGTTGATC-1,0.215097,0.183443,0.000055,0.422427,0.000055,0.020953,0.089018,0.068953
AACATTGTGACTCGAG-1,0.082876,0.138235,0.078789,0.460611,0.133173,0.000047,0.021338,0.084932
AACCAAGACTTCTCTG-1,0.000053,0.969903,0.029619,0.000053,0.000053,0.000053,0.000106,0.000159
AACCAGTATCACTCTT-1,0.000067,0.204971,0.113516,0.667196,0.000067,0.000067,0.013917,0.0002
AACCATAGGGTTGAAC-1,0.000011,0.000011,0.001279,0.0112,0.000011,0.116116,0.032125,0.839248
AACCCAGAGACGGAGA-1,0.00004,0.092379,0.462221,0.003218,0.026862,0.101134,0.059547,0.2546
AACCCATCCCATGATC-1,0.062262,0.028508,0.245415,0.030779,0.005616,0.155502,0.039158,0.43276
AACCCGACAACCCGTG-1,0.170969,0.067403,0.05885,0.075413,0.027528,0.052672,0.366421,0.180743
AACCCGAGCAGAATCG-1,0.000021,0.017813,0.061412,0.074182,0.419484,0.244166,0.029721,0.153201
AACCCGATAGGGCTTC-1,0.181201,0.489154,0.004617,0.135906,0.123377,0.002937,0.027864,0.034944
AACCCGCTGTATTCCA-1,0.076289,0.061212,0.007356,0.584424,0.015131,0.009534,0.233748,0.012306
AACCCTACTGTCAATA-1,0.071756,0.007738,0.011132,0.076255,0.126009,0.073718,0.268492,0.364898
AACCCTGGTGGAACCA-1,0.000019,0.062388,0.120427,0.005609,0.051204,0.030819,0.049856,0.679678
AACCGAGCTTGGTCAT-1,0.046123,0.847482,0.009186,0.000087,0.000087,0.096603,0.000173,0.00026
AACCGCTAAGGGATGC-1,0.058822,0.498606,0.035353,0.101519,0.192441,0.000047,0.059665,0.053548
AACCGTTGTGTTTGCT-1,0.000029,0.288584,0.208824,0.001196,0.038492,0.050256,0.050291,0.362328
AACCTAAAGCCGTCCG-1,0.035156,0.000011,0.000011,0.001271,0.016462,0.000011,0.023423,0.923654
AACCTCGCTTTAGCCC-1,0.458655,0.143586,0.031401,0.289377,0.062114,0.000037,0.014718,0.000111
AACCTGTCACGGAATT-1,0.018682,0.066063,0.102087,0.809115,0.001831,0.00005,0.002023,0.00015
AACCTTTAAATACGGT-1,0.01097,0.121058,0.131688,0.007812,0.218036,0.186822,0.159431,0.164183
AACCTTTACGACGTCT-1,0.000084,0.999161,0.000084,0.000084,0.000084,0.000084,0.000168,0.000252
AACGAAAGTCGTCCCA-1,0.000019,0.064081,0.04388,0.143988,0.002931,0.276321,0.053733,0.415045
AACGACCTCCTAGCCG-1,0.934576,0.064953,0.000052,0.000052,0.000052,0.000052,0.000105,0.000157
AACGATAATGCCGTAG-1,0.000017,0.019224,0.113911,0.05206,0.336048,0.078955,0.206346,0.193438
AACGATAGAAGGGCCG-1,0.000025,0.011172,0.346452,0.007447,0.003489,0.023426,0.032668,0.575321
AACGATATGTCAACTG-1,0.0001,0.866444,0.033552,0.099207,0.0001,0.0001,0.000199,0.000299
AACGCATGATCTGGGT-1,0.152837,0.518379,0.000063,0.000063,0.000063,0.328282,0.000126,0.000188
AACGCGACCTTGGGCG-1,0.171642,0.285694,0.054251,0.26156,0.107415,0.000039,0.031274,0.088125
AACGCGGTCTCCAGCC-1,0.317347,0.62672,0.000092,0.000092,0.000092,0.055198,0.000184,0.000276
AACGCTGTTGCTGAAA-1,0.000015,0.001747,0.034719,0.052972,0.223177,0.083175,0.064368,0.539826
AACGGACGTACGTATA-1,0.240152,0.06658,0.166773,0.296899,0.198807,0.000023,0.017182,0.013584
AACGGCCATCTCCGGT-1,0.033022,0.2956,0.007959,0.501696,0.000033,0.000033,0.046125,0.115533
AACGTACTGTGGGTAC-1,0.013001,0.139862,0.001634,0.359919,0.003051,0.00695,0.108729,0.366854
AACGTCAGACTAGTGG-1,0.043612,0.344309,0.262666,0.000042,0.016119,0.137631,0.000083,0.195539
AACGTCATCCGGCTTG-1,0.012101,0.181393,0.124879,0.425403,0.020421,0.000028,0.090941,0.144833
AACGTCGCTGCACTTC-1,0.94882,0.000063,0.000063,0.008541,0.000063,0.042132,0.000127,0.00019
AACGTGATGAAGGACA-1,0.000051,0.613777,0.233863,0.000051,0.119736,0.000051,0.000102,0.032368
AACGTGCGAAAGTCTC-1,0.005464,0.186136,0.089233,0.504944,0.010159,0.00003,0.123542,0.080492
AACGTTCTACCATTGT-1,0.431809,0.026216,0.119242,0.000017,0.100546,0.00805,0.002685,0.311435
AACTACCCGTTTGTCA-1,0.037067,0.079008,0.00007,0.161115,0.00007,0.709819,0.000719,0.012131
AACTAGCGTATCGCAC-1,0.000027,0.174702,0.18828,0.45145,0.032894,0.000027,0.033546,0.119074
AACTAGGCTTGGGTGT-1,0.083889,0.354028,0.000052,0.535648,0.000102,0.000052,0.026071,0.000157
AACTCAAGTTAATTGC-1,0.000028,0.189092,0.206455,0.110512,0.060844,0.003869,0.001653,0.427547
AACTCCAGAGCGTGTT-1,0.632077,0.186979,0.01404,0.066928,0.099631,0.000057,0.000115,0.000172
AACTCCTAATCCCATG-1,0.000039,0.076283,0.371899,0.020855,0.000039,0.062674,0.018643,0.449566
AACTCTCAATAGAGCG-1,0.000035,0.212851,0.177698,0.425632,0.062311,0.000035,0.077236,0.044201
AACTCTCAGTGTGCTC-1,0.020067,0.00034,0.000013,0.111651,0.000013,0.341268,0.183499,0.343149
AACTGAGGTCAGCGTC-1,0.021959,0.113166,0.00403,0.035186,0.000405,0.000037,0.176721,0.648494
AACTGAGTTATACTGA-1,0.00004,0.004568,0.029906,0.132272,0.146735,0.07846,0.475212,0.132806
AACTGATATTAGGCCT-1,0.000044,0.118505,0.456267,0.000044,0.006246,0.007876,0.000088,0.410929
AACTGGGTCCCGACGT-1,0.038039,0.365568,0.10175,0.001901,0.140625,0.153897,0.054708,0.143511
AACTGGGTTCGAGCCG-1,0.000032,0.09666,0.003029,0.044663,0.00425,0.000032,0.160382,0.690951
AACTGGTGTGGGCCTT-1,0.000029,0.04907,0.076351,0.367286,0.002483,0.000029,0.031247,0.473505
AACTTGCCCGTATGCA-1,0.082202,0.34159,0.249319,0.000046,0.029964,0.000046,0.083151,0.213681
AACTTTAGCTGCTGAG-1,0.000026,0.050853,0.178084,0.140835,0.043121,0.000026,0.048168,0.538888
AACTTTCTCGATCATG-1,0.1201,0.763957,0.000063,0.000063,0.000063,0.11544,0.000126,0.000189
AAGAAAGTTTGATGGG-1,0.038914,0.020206,0.078227,0.030215,0.00035,0.088383,0.110779,0.632926
AAGAAATCACCAGATT-1,0.154511,0.618518,0.067478,0.000054,0.000054,0.065921,0.000109,0.093354
AAGACATACGTGGTTT-1,0.638653,0.000044,0.000044,0.000044,0.000044,0.360955,0.000087,0.000131
AAGACCAAATAACTCA-1,0.000016,0.015677,0.17391,0.002757,0.005015,0.336502,0.010066,0.456057
AAGACCCAACTGAACA-1,0.000007,0.000007,0.001833,0.00044,0.064298,0.003066,0.019582,0.910766
AAGACTCACGCCCACT-1,0.000049,0.08997,0.000049,0.286213,0.058266,0.000049,0.071141,0.494261
AAGACTGCAAGCTACT-1,0.000019,0.011979,0.069172,0.201965,0.011638,0.008561,0.059595,0.637072
AAGAGATGAATCGGTA-1,0.04916,0.130105,0.302008,0.000027,0.057884,0.062231,0.002604,0.395981
AAGAGCTCTTTATCGG-1,0.004492,0.047135,0.081236,0.108003,0.010187,0.269273,0.291111,0.188563
AAGAGGATGTACGCGA-1,0.065197,0.123444,0.446577,0.000882,0.006651,0.000028,0.000056,0.357165
AAGAGGCATGGATCGC-1,0.006188,0.350482,0.185682,0.452233,0.000038,0.000038,0.005224,0.000114
AAGAGGCCCTTTGGAA-1,0.439051,0.083457,0.036118,0.000034,0.163205,0.057318,0.01219,0.208627
AAGATGGCACCGGACC-1,0.00366,0.077152,0.0956,0.48683,0.009662,0.000023,0.154022,0.173051
AAGATTGGCGGAACGT-1,0.000026,0.116466,0.542575,0.000897,0.007105,0.086122,0.014757,0.232051
AAGCACCCTGCGTATC-1,0.102893,0.106226,0.122991,0.003044,0.182155,0.229675,0.014442,0.238575
AAGCATACTCTCCTGA-1,0.084688,0.000019,0.216221,0.114728,0.134836,0.038129,0.180363,0.231015
AAGCCACTTGCAGGTA-1,0.005843,0.135173,0.054321,0.144642,0.000018,0.261477,0.27817,0.120356
AAGCCGAAGCGGTTTA-1,0.015958,0.009342,0.095044,0.126244,0.196475,0.103285,0.127916,0.325736
AAGCCGCCGTGAAATC-1,0.000037,0.170751,0.000037,0.451519,0.000037,0.000037,0.099799,0.277782
AAGCCGCTTTACCTTG-1,0.176425,0.597528,0.000152,0.046424,0.000152,0.154023,0.024838,0.000457
AAGCCGGAGAGCAGGA-1,0.542318,0.000093,0.000093,0.157643,0.000093,0.217854,0.000186,0.081719
AAGCGCAGGGCTTTGA-1,0.120269,0.054452,0.098833,0.224943,0.247702,0.090421,0.045768,0.117611
AAGCGGAGTGCGCGCA-1,0.000027,0.027559,0.356212,0.020079,0.000027,0.001692,0.003992,0.590412
AAGCGGCGTCATGGGT-1,0.000014,0.000978,0.039811,0.002272,0.000014,0.031396,0.006702,0.918814
AAGCGTCCCTCATCGA-1,0.038527,0.005118,0.000012,0.048102,0.000012,0.14772,0.168294,0.592215
AAGCTAGATCGAGTAA-1,0.008119,0.053732,0.012039,0.110506,0.096386,0.32091,0.209258,0.189051
AAGCTATGGATTGACC-1,0.000022,0.000022,0.381899,0.018321,0.000022,0.028727,0.011853,0.559133
AAGCTCGTGCCAAGTC-1,0.000022,0.199891,0.051626,0.046915,0.093513,0.069721,0.245944,0.292368
AAGCTCTTTCATGGTG-1,0.17988,0.445431,0.046495,0.06058,0.121574,0.093777,0.046593,0.00567
AAGGAGAACTTATAAG-1,0.000039,0.071588,0.08256,0.497229,0.000039,0.000039,0.13798,0.210526
AAGGAGCGGTTGGTGC-1,0.048613,0.598599,0.01387,0.00006,0.00006,0.155806,0.000119,0.182873
AAGGATCGATCGCTTG-1,0.035341,0.000009,0.004576,0.021165,0.002721,0.056116,0.188872,0.6912
AAGGATGAGGGACCTC-1,0.000036,0.034325,0.682262,0.123243,0.000036,0.041955,0.027123,0.09102
AAGGCAGGCTGTCTCC-1,0.002909,0.101451,0.035108,0.160396,0.051741,0.133748,0.400993,0.113653
AAGGCGCGTAAAGCTT-1,0.260935,0.240498,0.104451,0.000055,0.000055,0.39373,0.00011,0.000166
AAGGCTGTGCTCATCG-1,0.00003,0.080316,0.416445,0.049161,0.00003,0.101654,0.000059,0.352306
AAGGGAACGACTGGCT-1,0.000026,0.125371,0.031281,0.393761,0.000028,0.000148,0.048473,0.400911
AAGGGACAGATTCTGT-1,0.000044,0.179305,0.194003,0.000044,0.000044,0.394381,0.000089,0.23209
AAGGGACTATGCATTC-1,0.000023,0.201578,0.00096,0.066395,0.000023,0.000023,0.326743,0.404254
AAGGGTTAGCCATGCG-1,0.942096,0.000056,0.000056,0.000056,0.000056,0.000056,0.000112,0.057511
AAGGGTTTGATTTCAG-1,0.000063,0.999368,0.000063,0.000063,0.000063,0.000063,0.000126,0.00019
AAGGTATCCTAATATA-1,0.042535,0.691588,0.161809,0.062121,0.041497,0.000075,0.00015,0.000225
AAGGTGATAAACCAGC-1,0.000033,0.15317,0.055458,0.567214,0.085219,0.003136,0.088688,0.047081
AAGTAGAAGACCGGGT-1,0.022111,0.977027,0.000096,0.000096,0.000096,0.000096,0.000192,0.000287
AAGTAGTGACGCGAGG-1,0.000075,0.971882,0.027442,0.000075,0.000075,0.000075,0.00015,0.000225
AAGTCAATTGTCGTCA-1,0.040306,0.027621,0.065535,0.026889,0.089856,0.032205,0.254215,0.463373
AAGTCTAGTAGCTGCC-1,0.089683,0.909212,0.000123,0.000123,0.000123,0.000123,0.000245,0.000368
AAGTGACGACCGAATT-1,0.000014,0.029256,0.127985,0.02775,0.001026,0.03293,0.037974,0.743063
AAGTGAGTCGGGTTTA-1,0.000034,0.346144,0.014517,0.05285,0.288477,0.001206,0.139066,0.157705
AAGTGCCTTGACTGTA-1,0.000015,0.001509,0.012435,0.040597,0.043067,0.005466,0.473616,0.423295
AAGTGCGTTAGAATCT-1,0.00006,0.448832,0.067543,0.483146,0.00006,0.00006,0.000119,0.000179
AAGTGCTTCTCTATTG-1,0.189816,0.00191,0.00002,0.193132,0.00002,0.419233,0.111853,0.084016
AAGTGTTTGGAGACGG-1,0.027912,0.088785,0.035776,0.017638,0.357633,0.119626,0.09626,0.25637
AAGTTCACTCCAAGCT-1,0.471569,0.029015,0.06433,0.054672,0.165203,0.003145,0.098377,0.113689
AAGTTCAGTCTGCGTA-1,0.04304,0.569681,0.004998,0.000057,0.10757,0.083868,0.037826,0.15296
AAGTTCGGCCAACAGG-1,0.000033,0.219541,0.039205,0.381952,0.002534,0.000033,0.105771,0.250931
AAGTTGTGATGTTATA-1,0.940478,0.059029,0.000055,0.000055,0.000055,0.000055,0.00011,0.000164
AAGTTTACTAATGGCA-1,0.000054,0.33013,0.243401,0.246435,0.008634,0.000054,0.050867,0.120426
AAGTTTATGGGCCCAA-1,0.04812,0.25679,0.145898,0.376497,0.172414,0.000047,0.000093,0.00014
AATAACAACGCTCGGC-1,0.000035,0.045346,0.473427,0.355995,0.000035,0.000035,0.000069,0.125058
AATAACACTAGAACAA-1,0.066934,0.34901,0.311613,0.005374,0.050643,0.009091,0.109684,0.09765
AATAACGTCGCGCCCA-1,0.999019,0.000475,0.000056,0.000056,0.000056,0.000056,0.000112,0.000169
AATAAGTCCTCGAGAC-1,0.000049,0.262289,0.025357,0.711538,0.00047,0.000049,0.000099,0.000148
AATAATCTTCGTATCG-1,0.02983,0.051796,0.12547,0.129783,0.262806,0.211751,0.037632,0.150931
AATACCGGAGGGCTGT-1,0.142487,0.345619,0.000922,0.03992,0.168259,0.000022,0.023915,0.278856
AATACCTGATGTGAAC-1,0.506597,0.173844,0.000061,0.235861,0.083269,0.000061,0.000123,0.000184
AATAGAACAGAGTGGC-1,0.000025,0.061419,0.032683,0.167925,0.0244,0.156447,0.417618,0.139485
AATAGAATCTGTTTCA-1,0.070035,0.179572,0.079346,0.358872,0.192335,0.000035,0.115168,0.004636
AATAGCAAGCCTCCTG-1,0.000061,0.176274,0.221332,0.50658,0.060014,0.000061,0.030784,0.004894
AATAGCTACCGCGTGC-1,0.462167,0.362775,0.005622,0.000045,0.000045,0.169118,0.000091,0.000136
AATAGGCACGACCCTT-1,0.000029,0.178081,0.111571,0.427921,0.066891,0.000029,0.117674,0.097803
AATAGTCCGTCCCGAC-1,0.048815,0.050227,0.23588,0.515881,0.148052,0.000038,0.00099,0.000115
AATATCAAGGTCGGAT-1,0.02604,0.071264,0.414757,0.003104,0.132169,0.017949,0.004643,0.330074
AATATCGAATCAATGC-1,0.012267,0.085012,0.051191,0.080069,0.26814,0.057576,0.196676,0.24907
AATATCGAGGGTTCTC-1,0.000047,0.151631,0.250306,0.451514,0.000047,0.000047,0.001842,0.144564
AATATTGGAGTATTGA-1,0.019887,0.979333,0.000087,0.000087,0.000087,0.000087,0.000173,0.00026
AATCAGGTTTCATTTA-1,0.00004,0.112454,0.00004,0.28362,0.008199,0.031429,0.462255,0.101964
AATCATGTAAAGACTC-1,0.002972,0.058775,0.257307,0.175,0.40924,0.057273,0.026286,0.013146
AATCCAAGGGCCTGAG-1,0.000029,0.099502,0.3762,0.176067,0.002703,0.052975,0.049215,0.243309
AATCCCGCTCAGAGCC-1,0.052537,0.055861,0.001806,0.376764,0.054983,0.000811,0.051767,0.405472
AATCGAGGTCTCAAGG-1,0.080244,0.034628,0.007112,0.305384,0.222728,0.000025,0.146265,0.203613
AATCGCCTCAGCGCCA-1,0.003545,0.000013,0.001356,0.107039,0.016733,0.011138,0.229556,0.63062
AATCGCGCAGAGGACT-1,0.036613,0.234244,0.10836,0.415251,0.022067,0.000553,0.110387,0.072524
AATCGGGACACTACGA-1,0.013537,0.000158,0.106811,0.084629,0.014143,0.010591,0.051606,0.718525
AATCGGTATAGCCCTC-1,0.999529,0.000047,0.000047,0.000047,0.000047,0.000047,0.000094,0.000141
AATCGTGAGCCGAGCA-1,0.902185,0.009278,0.072559,0.015771,0.000035,0.000025,0.00005,0.000097
AATCTAGGTTTACTTG-1,0.000044,0.076817,0.250045,0.405467,0.000044,0.000044,0.015672,0.251868
AATCTATGCCGGAGCC-1,0.000028,0.042166,0.233664,0.050543,0.000028,0.056299,0.205108,0.412166
AATCTGCGTTGGGACG-1,0.002943,0.207607,0.115016,0.560596,0.036004,0.074076,0.000116,0.003641
AATCTGGCTTTCTAGT-1,0.0165,0.131384,0.116746,0.407451,0.00004,0.00004,0.017246,0.310593
AATCTGGGTAGACCCT-1,0.000093,0.13997,0.007356,0.85193,0.000093,0.000093,0.000186,0.000279
AATGACAGCAATGTCT-1,0.11426,0.31886,0.037015,0.529523,0.000049,0.000049,0.000098,0.000147
AATGACGTAGGATGTC-1,0.049608,0.158491,0.022193,0.110416,0.098232,0.083062,0.392254,0.085743
AATGACTGTCAGCCGG-1,0.07773,0.271736,0.270029,0.000056,0.000055,0.198203,0.067076,0.115115
AATGATGATACGCTAT-1,0.058909,0.940501,0.000066,0.000066,0.000066,0.000066,0.000131,0.000197
AATGATGCGACTCCTG-1,0.000023,0.023421,0.254044,0.031895,0.000023,0.064528,0.099337,0.52673
AATGCAACCGGGTACC-1,0.04352,0.904241,0.000076,0.000076,0.000076,0.051632,0.000152,0.000227
AATGCACCAAGCAATG-1,0.144583,0.46279,0.004509,0.000049,0.000049,0.387772,0.000099,0.000148
AATGGCCGCCAATGCG-1,0.000027,0.027629,0.005456,0.227096,0.012064,0.007558,0.161557,0.558615
AATGGTTCTCACAAGC-1,0.000037,0.086316,0.466899,0.005717,0.126243,0.051378,0.041671,0.221739
AATGTATGGCACTGTA-1,0.000028,0.061166,0.021685,0.211566,0.000028,0.203879,0.182323,0.319326
AATGTGCCCGAGGTGT-1,0.000039,0.266924,0.023617,0.652508,0.000039,0.000039,0.009919,0.046917
AATGTGCTAATCTGAG-1,0.043252,0.123934,0.000027,0.360164,0.002958,0.000027,0.223558,0.246079
AATGTTAAGACCCTGA-1,0.224244,0.013554,0.007928,0.23541,0.287981,0.074254,0.065051,0.091578
AATGTTGTCGTGAGAC-1,0.835362,0.000057,0.000057,0.000057,0.000057,0.164123,0.000114,0.000172
AATTAAAGGTCGGCGT-1,0.000035,0.201179,0.054574,0.333742,0.006938,0.018358,0.111937,0.273237
AATTAACGGATTTCCA-1,0.030917,0.013764,0.00787,0.092981,0.058717,0.062489,0.330056,0.403206
AATTACGAGACCCATC-1,0.000048,0.525541,0.109217,0.007141,0.046636,0.242573,0.000796,0.068047
AATTAGCGCTGCAGCG-1,0.052918,0.084487,0.068998,0.49286,0.045259,0.055418,0.117021,0.083039
AATTATACCCAGCAAG-1,0.176457,0.029356,0.246109,0.422352,0.059635,0.065872,0.000088,0.000132
AATTCATAAGGGATCT-1,0.018701,0.660532,0.001457,0.000049,0.000049,0.05123,0.199329,0.068655
AATTCATTGTCATGCA-1,0.080201,0.008059,0.031606,0.015213,0.012219,0.128519,0.053012,0.671171
AATTCCAAGCATGTAC-1,0.000013,0.000013,0.000013,0.011864,0.076141,0.000442,0.335024,0.576491
AATTCGATTCGAGGAT-1,0.454687,0.123275,0.096352,0.325377,0.000044,0.000044,0.000088,0.000132
AATTCTAGAGTTAGGC-1,0.19258,0.085728,0.007542,0.328843,0.064164,0.01111,0.204036,0.105996
AATTGAACGCTCTGGT-1,0.014967,0.056877,0.003641,0.09685,0.00794,0.531902,0.079589,0.208233
AATTGCAGCAATCGAC-1,0.99487,0.000043,0.002481,0.002303,0.000043,0.000043,0.000086,0.00013
AATTGCGTGGATTACA-1,0.000015,0.000693,0.078398,0.015151,0.000015,0.189525,0.126695,0.589507
AATTGTGGTTGCCAAA-1,0.901865,0.006258,0.000154,0.090644,0.000154,0.000154,0.000308,0.000462
AATTTGGGACATAGTA-1,0.000039,0.058297,0.603017,0.020063,0.019498,0.048661,0.05935,0.191074
AATTTGGTTCCAAAGA-1,0.000053,0.287365,0.329793,0.159279,0.000054,0.080831,0.060102,0.082524
ACAAACCATGCGTCCT-1,0.008554,0.158141,0.049507,0.542512,0.012616,0.000032,0.096421,0.132217
ACAAACCGACAAGGCG-1,0.001052,0.281656,0.056839,0.189367,0.203284,0.000035,0.099605,0.168163
ACAAACTCCATCAGAG-1,0.007618,0.038079,0.006553,0.551172,0.04719,0.000028,0.061327,0.288032
ACAAAGAAGGTAGGCC-1,0.141198,0.202177,0.11893,0.000047,0.059018,0.036078,0.001063,0.44149
ACAAAGCATGACCTAG-1,0.490578,0.000028,0.001689,0.000039,0.216123,0.080347,0.088176,0.12302
ACAAATCGCACCGAAT-1,0.034856,0.016965,0.068184,0.32275,0.384832,0.012976,0.11272,0.046716
ACAAATGGTAGTGTTT-1,0.022211,0.067675,0.022116,0.629567,0.100066,0.000025,0.133832,0.024508
ACAAATTCAGATCTGA-1,0.044334,0.632308,0.111264,0.000062,0.000062,0.211661,0.000124,0.000186
ACAACAGCATGAGCTA-1,0.000023,0.023711,0.094364,0.15055,0.000023,0.215839,0.023658,0.491832
ACAACGGTCCCTGCGA-1,0.062951,0.167221,0.219138,0.000038,0.061105,0.128564,0.012486,0.348497
ACAAGCAGTGCCTAGC-1,0.071525,0.181436,0.404653,0.000031,0.060456,0.00432,0.002605,0.274973
ACAAGGAAATCCGCCC-1,0.088931,0.260971,0.119186,0.158961,0.064344,0.084451,0.182808,0.040348
ACAAGGACAAGAGGTT-1,0.000045,0.813746,0.002543,0.000045,0.001549,0.022743,0.000795,0.158534
ACAAGGATGCTTTAGG-1,0.828292,0.151225,0.003536,0.002581,0.005823,0.008401,0.000057,0.000086
ACAAGGCCTACCAGCC-1,0.0313,0.247947,0.008844,0.688685,0.000074,0.000074,0.017899,0.005177
ACAAGGGCAGGCTCTG-1,0.042014,0.080305,0.027025,0.58881,0.046693,0.00243,0.180615,0.032108
ACAAGTAATTGTAAGG-1,0.100629,0.161123,0.073445,0.278051,0.033333,0.000051,0.106903,0.246464
ACAATAGTCGTACGTT-1,0.000036,0.008034,0.455022,0.216868,0.000036,0.000036,0.000072,0.319896
ACAATCCATTTAAACC-1,0.000024,0.034143,0.397688,0.086904,0.000024,0.000024,0.012791,0.468403
ACAATCGATCTTTATA-1,0.00003,0.138207,0.063126,0.146163,0.01096,0.019904,0.348691,0.272918
ACAATGAATACGGAGA-1,0.036079,0.038219,0.084975,0.295283,0.060641,0.000021,0.216777,0.268005
ACAATGATTCTTCTAC-1,0.000059,0.353446,0.02577,0.187672,0.000059,0.000059,0.402848,0.030085
ACAATTGTGTCTCTTT-1,0.000859,0.000009,0.010375,0.000009,0.013723,0.534742,0.007492,0.43279
ACAATTTGAGCAGTGG-1,0.000023,0.015602,0.262704,0.036068,0.003789,0.145227,0.069712,0.466874
ACAATTTGGCCATATT-1,0.029507,0.011839,0.0616,0.005094,0.134978,0.135182,0.441194,0.180607
ACACAAAGACGGGTGG-1,0.058185,0.94124,0.000064,0.000064,0.000064,0.000064,0.000128,0.000192
ACACAAATATTCCTAG-1,0.00006,0.163658,0.269099,0.324312,0.00006,0.00006,0.034681,0.20807
ACACACCAGGACCAGT-1,0.00001,0.00001,0.004281,0.021218,0.054585,0.027906,0.33939,0.552599
ACACACTTTCTACACG-1,0.000032,0.04449,0.304743,0.004721,0.000064,0.138557,0.020224,0.487169
ACACATGATCAAATCT-1,0.037382,0.010904,0.02742,0.112892,0.007648,0.097253,0.06017,0.646331
ACACATTTCCGTAGAC-1,0.170045,0.293574,0.025145,0.353809,0.130781,0.000036,0.026217,0.000393
ACACCACATAATTAGC-1,0.024893,0.003456,0.015364,0.032898,0.012696,0.006229,0.180736,0.723727
ACACCCAGCATGCAGC-1,0.106654,0.892368,0.000109,0.000109,0.000109,0.000109,0.000218,0.000326
ACACCCGAGAAATCCG-1,0.226427,0.447158,0.313535,0.005724,0.006886,0.000045,0.000089,0.000134
ACACCCGTAAATCTGT-1,0.123953,0.100066,0.0006,0.409727,0.113656,0.000087,0.148859,0.103052
ACACCGGTCTGACCGC-1,0.055097,0.357003,0.009938,0.500974,0.006834,0.000055,0.045014,0.025086
ACACCTTAAGTAGGGC-1,0.039582,0.78275,0.000087,0.000087,0.000087,0.176975,0.000173,0.00026
ACACCTTACTACTTGC-1,0.095236,0.237222,0.045964,0.230672,0.035127,0.00208,0.156271,0.197428
ACACGAGACTCCTTCT-1,0.000067,0.248551,0.467663,0.264212,0.004663,0.000726,0.013916,0.000202
ACACGGCACTATGCAT-1,0.000056,0.018415,0.333043,0.543963,0.000056,0.000056,0.000112,0.104301
ACACGGGAACTTAGGG-1,0.000052,0.229926,0.684081,0.085576,0.000052,0.000052,0.000104,0.000156
ACACGTAGGCCACAAG-1,0.364136,0.337548,0.111353,0.002438,0.167135,0.017147,0.000098,0.000146
ACACTGATCAAGGTGT-1,0.022705,0.229479,0.05567,0.630265,0.039329,0.000041,0.020197,0.002315
ACACTGGGACAGTCGT-1,0.285503,0.54101,0.00007,0.006496,0.166501,0.00007,0.00014,0.00021
ACAGAACTGAGAACAA-1,0.000032,0.125722,0.11486,0.718922,0.007039,0.000032,0.008237,0.025157
ACAGATTAGGTTAGTG-1,0.000029,0.009161,0.05272,0.177312,0.000029,0.000029,0.090468,0.670252
ACAGCATAGAGCCAGT-1,0.044643,0.162392,0.052965,0.000021,0.109121,0.018288,0.019267,0.593303
ACAGCGACATTCTCAT-1,0.210852,0.000023,0.019108,0.005588,0.258644,0.165733,0.128022,0.212031
ACAGCGCACCCGCAGC-1,0.000017,0.000017,0.10412,0.015244,0.00135,0.000603,0.002746,0.875904
ACAGGCACGGATCCTT-1,0.993904,0.000044,0.000044,0.000044,0.000044,0.0057,0.000088,0.000132
ACAGGCTTGCCCGACT-1,0.038691,0.115306,0.150468,0.181014,0.378576,0.006791,0.088609,0.040546
ACAGGTGGAGGTGAGG-1,0.053783,0.281398,0.001301,0.490139,0.015205,0.000035,0.052718,0.105421
ACAGTAATACAACTTG-1,0.00002,0.005547,0.320817,0.042967,0.00002,0.200592,0.002608,0.427429
ACAGTATACCGTGGGA-1,0.066571,0.286721,0.416757,0.000051,0.008114,0.090919,0.030588,0.10028
ACAGTGCAGCGCATTT-1,0.000051,0.002939,0.000051,0.177973,0.000051,0.357375,0.225995,0.235564
ACATAAGTCGTGGTGA-1,0.002114,0.022112,0.02803,0.023107,0.00002,0.325866,0.160091,0.438659
ACATAATAAGGCGGTG-1,0.050866,0.28193,0.198419,0.062786,0.063018,0.164745,0.019095,0.159141
ACATACAATCAAGCGG-1,0.042136,0.042969,0.120601,0.398851,0.329924,0.028181,0.024451,0.012888
ACATCCCGGCCATACG-1,0.123316,0.006022,0.056042,0.132121,0.098096,0.083162,0.363055,0.138186
ACATCCTGGTAACTGT-1,0.093321,0.048487,0.053831,0.046582,0.081249,0.021242,0.484611,0.170676
ACATCGATCGTTTACC-1,0.000021,0.061412,0.000021,0.026434,0.003231,0.115919,0.360643,0.432318
ACATCGCAATATTCGG-1,0.000024,0.030614,0.145782,0.245015,0.009416,0.012524,0.025199,0.531426
ACATCGGTCAGCCGCG-1,0.100367,0.495357,0.095144,0.246428,0.000062,0.000062,0.000124,0.062454
ACATCGTATGCAATGG-1,0.000008,0.000008,0.000008,0.000381,0.0096,0.010215,0.405446,0.574334
ACATCGTTAACCTAGT-1,0.02022,0.136097,0.02744,0.003934,0.00003,0.003505,0.298485,0.510289
ACATCTCAACGCGTAA-1,0.000012,0.000012,0.000781,0.047741,0.005959,0.000015,0.084715,0.860765
ACATGCTTACGGCAGC-1,0.012512,0.144071,0.354732,0.48615,0.000042,0.000042,0.000085,0.002366
ACATGGCGCCAAAGTA-1,0.035192,0.186278,0.03043,0.684258,0.02308,0.000025,0.016543,0.024193
ACATTAGTTTATATCC-1,0.047254,0.237294,0.04694,0.555201,0.088292,0.000059,0.009672,0.015289
ACATTCGCGCGGAATA-1,0.00005,0.534137,0.063552,0.397261,0.000677,0.00005,0.004125,0.000149
ACATTTGAAACCTAAC-1,0.741164,0.095073,0.000832,0.045683,0.092577,0.000035,0.024533,0.000104
ACCAAACACCCAGCGA-1,0.381248,0.618201,0.000061,0.000061,0.000061,0.000061,0.000122,0.000184
ACCAAACTAGAAATCC-1,0.000021,0.033961,0.005141,0.161217,0.056383,0.000021,0.014663,0.728594
ACCAACACCACACACT-1,0.108393,0.512388,0.09353,0.000061,0.000061,0.259597,0.000154,0.025815
ACCAACCGCACTCCAC-1,0.619168,0.131768,0.041001,0.015848,0.082424,0.000045,0.104108,0.005639
ACCAACGCTTATTTAT-1,0.094254,0.000018,0.000018,0.031308,0.071092,0.001382,0.289664,0.512264
ACCAAGAACGCGTGTC-1,0.000034,0.01552,0.486189,0.046746,0.000034,0.000034,0.000067,0.451377
ACCAAGTCATCGGCAG-1,0.985883,0.000059,0.000059,0.000059,0.000059,0.013588,0.000118,0.000176
ACCAATATGCAAGTTA-1,0.120091,0.00001,0.03334,0.004135,0.179408,0.201223,0.033255,0.428538
ACCACAACTCAGAACA-1,0.084871,0.115388,0.359994,0.143955,0.012255,0.000044,0.012102,0.271391
ACCACAAGTTTCTATC-1,0.000022,0.000022,0.312919,0.003574,0.000022,0.08718,0.004808,0.591452
ACCACACGGTTGATGG-1,0.077128,0.008486,0.018922,0.040514,0.197156,0.050928,0.392271,0.214595
ACCACCAATGTAACAA-1,0.021659,0.000012,0.024418,0.087738,0.062464,0.089591,0.210254,0.503866
ACCACCCTCTCTTCTA-1,0.01999,0.979304,0.000078,0.000078,0.000078,0.000078,0.000157,0.000235
ACCACGTGCAGCTATA-1,0.083159,0.215941,0.046545,0.577694,0.075346,0.000041,0.00115,0.000124
ACCAGCCCGGTCTTTG-1,0.036646,0.006224,0.001365,0.079037,0.007715,0.000382,0.107927,0.760703
ACCAGGAGTGTGATCT-1,0.000049,0.17539,0.213461,0.511582,0.000049,0.045654,0.020091,0.033725
ACCAGTGCCCGGTCAA-1,0.000028,0.12113,0.078834,0.113206,0.069586,0.000028,0.059377,0.55781
ACCAGTGCGGGAGACG-1,0.162638,0.337604,0.046765,0.353669,0.098973,0.000058,0.000117,0.000175
ACCATATCCGCAATAA-1,0.029499,0.241098,0.244824,0.395032,0.000046,0.000046,0.002138,0.087317
ACCATCCGCCAACTAG-1,0.037192,0.900943,0.061417,0.000056,0.000056,0.000056,0.000112,0.000168
ACCATCGTATATGGTA-1,0.000035,0.095901,0.109676,0.53332,0.040765,0.00162,0.007457,0.211226
ACCCAACGCCCGTGGC-1,0.006805,0.252871,0.26991,0.417842,0.000041,0.047711,0.004699,0.000122
ACCCACCTACATGCTC-1,0.071742,0.150322,0.180839,0.000032,0.08786,0.075748,0.121561,0.311896
ACCCATCTTGAGGGTA-1,0.00153,0.12049,0.428914,0.062211,0.000626,0.026992,0.000719,0.358518
ACCCATTTGTCCCTCT-1,0.410045,0.067045,0.016298,0.033122,0.325726,0.000034,0.084368,0.063361
ACCCGAGCGAAATTAC-1,0.000776,0.000006,0.000006,0.000416,0.000006,0.064878,0.053693,0.880218
ACCCGATTGGTTCCGA-1,0.067924,0.077807,0.002769,0.731769,0.00005,0.033501,0.038773,0.047406
ACCCGGAAACTCCCAG-1,0.360357,0.018517,0.086673,0.089898,0.174669,0.08625,0.032986,0.15065
ACCCGGAGCACCACAA-1,0.31034,0.006768,0.042314,0.018434,0.067365,0.446418,0.007998,0.100362
ACCCGGATGACGCATC-1,0.000033,0.362054,0.136224,0.219564,0.129168,0.000033,0.014163,0.138762
ACCCGGTTACACTTCC-1,0.000037,0.164736,0.002195,0.533025,0.000037,0.000037,0.140752,0.159181
ACCCGTAGCAGAGAAT-1,0.000012,0.012312,0.228482,0.031198,0.005759,0.094481,0.045497,0.582259
ACCCGTAGTCTAGTTG-1,0.869746,0.000078,0.000078,0.000078,0.000078,0.129549,0.000157,0.000235
ACCCGTGTCATCAGTA-1,0.000033,0.072124,0.029118,0.407914,0.306333,0.055721,0.070983,0.057774
ACCCTATGCCATATCG-1,0.039509,0.159906,0.047858,0.320714,0.049876,0.062261,0.184957,0.13492
ACCCTCCCGTCAGGGC-1,0.919906,0.000061,0.000061,0.000061,0.000061,0.079547,0.000121,0.000182
ACCCTCCCTTGCTATT-1,0.036976,0.141118,0.036455,0.153834,0.040492,0.576743,0.012263,0.00212
ACCCTGGTAACGCCCT-1,0.037754,0.961505,0.000082,0.000082,0.000082,0.000082,0.000165,0.000247
ACCCTTCATCTGCGAA-1,0.000058,0.086644,0.631612,0.160437,0.012941,0.000058,0.000116,0.108135
ACCCTTGCCTGGGTCG-1,0.06802,0.930823,0.000129,0.000129,0.000129,0.000129,0.000257,0.000386
ACCCTTTAGTTCTCCA-1,0.00007,0.234936,0.348706,0.256146,0.052225,0.00007,0.000596,0.10725
ACCGAAAGGGCCCTGC-1,0.000016,0.012105,0.036265,0.1017,0.00335,0.014672,0.095735,0.736158
ACCGAAGAGTCTGGTT-1,0.107934,0.274867,0.303028,0.223642,0.000045,0.000045,0.024499,0.065941
ACCGACACATCTCCCA-1,0.002779,0.077852,0.035372,0.000016,0.347763,0.157052,0.009589,0.369576
ACCGACTGAGTCCCAC-1,0.000031,0.035922,0.402281,0.022002,0.000031,0.091824,0.172597,0.275311
ACCGAGTCTCCTTATT-1,0.078025,0.101336,0.18413,0.282725,0.134406,0.174228,0.036338,0.008811
ACCGATAGGCATAACC-1,0.753211,0.000025,0.004804,0.000151,0.053838,0.000677,0.043164,0.144131
ACCGATATTTAATCAT-1,0.02233,0.001524,0.162792,0.030228,0.377507,0.053634,0.032943,0.319041
ACCGATGGTAGCATCG-1,0.000017,0.009882,0.00583,0.246372,0.022546,0.003133,0.178206,0.534015
ACCGCAATAACTGCCT-1,0.029652,0.052827,0.176817,0.20442,0.238626,0.073669,0.18422,0.039769
ACCGCGGTGGAAGTCG-1,0.053205,0.257002,0.103689,0.307187,0.153854,0.038084,0.074408,0.012572
ACCGCTAGTCATTGGT-1,0.003246,0.315256,0.002431,0.548673,0.00004,0.00004,0.099484,0.030831
ACCGGGCCTTTGTTGA-1,0.025736,0.312366,0.023896,0.411678,0.14664,0.000032,0.079556,0.000096
ACCGGTCAGGTACACC-1,0.000033,0.305088,0.185043,0.304972,0.011312,0.020418,0.064228,0.108906
ACCGGTCTGAGTACGG-1,0.000068,0.165926,0.027778,0.461687,0.004495,0.000068,0.003588,0.336391
ACCGTCCACTGGGCCC-1,0.012228,0.182877,0.500732,0.012177,0.000035,0.280498,0.00974,0.001712
ACCGTGACCACGTGGG-1,0.013543,0.08514,0.000054,0.119517,0.009097,0.037038,0.389683,0.345929
ACCGTTCCCGCTCTGA-1,0.000046,0.155531,0.130024,0.458815,0.000046,0.04551,0.014875,0.195154
ACCTAAGTACCTTTCA-1,0.000018,0.033755,0.005173,0.265702,0.004769,0.000018,0.139746,0.550819
ACCTAATCGACTTCCT-1,0.024197,0.94611,0.000073,0.000073,0.000073,0.029109,0.000146,0.000219
ACCTACAGTATGTGGT-1,0.208794,0.004476,0.022707,0.273294,0.036136,0.000027,0.17743,0.277136
ACCTACTATAAATCTA-1,0.049094,0.268143,0.030678,0.537162,0.076349,0.000032,0.038444,0.000097
ACCTCAGCGAGGCGCA-1,0.053791,0.000012,0.039677,0.002524,0.146309,0.109796,0.060317,0.587574
ACCTCCGCCCTCGCTG-1,0.05462,0.000024,0.171454,0.086645,0.147872,0.374157,0.045728,0.119499
ACCTCCGTTATTCACC-1,0.186395,0.184143,0.110548,0.186663,0.004301,0.00003,0.160146,0.167774
ACCTCGAACTTATGCT-1,0.000067,0.118456,0.010923,0.073387,0.003169,0.132798,0.322695,0.338506
ACCTGCGTGTCATGTT-1,0.000037,0.093115,0.391708,0.190035,0.000037,0.099391,0.000302,0.225375
ACCTTTCCTTTAGAAG-1,0.000048,0.056856,0.041422,0.541235,0.008521,0.000048,0.263911,0.087958
ACGAAATGGGCGGCAC-1,0.051036,0.948314,0.000072,0.000072,0.000072,0.000072,0.000145,0.000217
ACGACCCATGAGTTGC-1,0.600692,0.068822,0.065329,0.140338,0.107399,0.0169,0.000208,0.000312
ACGACTCTAGGGCCGA-1,0.706819,0.006786,0.00681,0.219982,0.05938,0.000037,0.000075,0.000112
ACGACTGGTCATACTC-1,0.051253,0.140298,0.0025,0.482122,0.00213,0.000032,0.176845,0.144821
ACGAGATATTTGCTTA-1,0.000044,0.208589,0.264925,0.201229,0.006606,0.000044,0.012004,0.306559
ACGAGGATACCACTCT-1,0.00004,0.377885,0.140822,0.297352,0.005909,0.00004,0.000488,0.177465
ACGAGGTTTACAACGT-1,0.000044,0.301303,0.311841,0.386507,0.000044,0.000044,0.000087,0.000131
ACGAGTACGGATGCCC-1,0.000027,0.005796,0.561102,0.117032,0.000027,0.057247,0.104859,0.15391
ACGATACATAGAACTA-1,0.053833,0.887849,0.000092,0.000092,0.000092,0.057585,0.000183,0.000275
ACGATCATACATAGAG-1,0.084208,0.902613,0.000052,0.000052,0.012761,0.000052,0.000105,0.000157
ACGATCATCTTGTAAA-1,0.019638,0.012638,0.076067,0.357973,0.01568,0.005486,0.089807,0.422712
ACGATGCATATGTTAT-1,0.000048,0.229173,0.292164,0.176908,0.000048,0.000048,0.000096,0.301514
ACGATGGATCCGATGC-1,0.000059,0.582704,0.197162,0.146993,0.034396,0.000059,0.000118,0.038509
ACGCAAACTAATAGAT-1,0.08822,0.211767,0.036387,0.08105,0.025101,0.208399,0.272018,0.077058
ACGCAATCACTACAGC-1,0.001356,0.401573,0.213326,0.009207,0.000044,0.114569,0.106659,0.153266
ACGCATAAATGACATG-1,0.00002,0.033931,0.144087,0.063739,0.11732,0.012905,0.250343,0.377655
ACGCATACGTTTACTA-1,0.070506,0.174407,0.094869,0.002645,0.538575,0.016221,0.00193,0.100849
ACGCATTCGTGAGTAC-1,0.000037,0.093638,0.137107,0.263822,0.030057,0.103445,0.02992,0.341975
ACGCCACTCGAAACAG-1,0.00001,0.00001,0.00001,0.004343,0.069446,0.00917,0.288352,0.628661
ACGCCAGATGATTTCT-1,0.0071,0.280725,0.000215,0.000027,0.000027,0.107571,0.060432,0.543903
ACGCCAGTGCGTTTGC-1,0.882322,0.079706,0.000057,0.037519,0.000057,0.000057,0.000113,0.00017
ACGCCCAGCTGTCGAT-1,0.016578,0.014599,0.061255,0.026235,0.076144,0.000021,0.126003,0.679163
ACGCCGCTAGACGACC-1,0.002994,0.07934,0.049198,0.029568,0.084563,0.068108,0.47967,0.20656
ACGCGAAGTCAGACGA-1,0.000052,0.104607,0.132371,0.520344,0.18224,0.000052,0.013871,0.046464
ACGCGCTACACAGGGT-1,0.000054,0.306268,0.03998,0.589776,0.000054,0.000054,0.000108,0.063707
ACGCGGGCCAAGGACA-1,0.000046,0.13863,0.262551,0.362266,0.009331,0.000046,0.014905,0.212224
ACGCTACTGAATGGGC-1,0.838931,0.000104,0.000104,0.000104,0.000104,0.140016,0.011132,0.009505
ACGCTAGTATCAGTGC-1,0.000106,0.133474,0.162712,0.161732,0.059085,0.000106,0.162545,0.320239
ACGCTAGTGATACACT-1,0.00006,0.165943,0.555539,0.229146,0.00006,0.00006,0.001383,0.047809
ACGCTGTGAGGCGTAG-1,0.085735,0.52203,0.147093,0.000068,0.000068,0.000068,0.000135,0.244804
ACGCTTAGTGTCTCTC-1,0.000011,0.000011,0.000011,0.004122,0.010762,0.000011,0.032575,0.952498
ACGGAACACGAGTGCC-1,0.772054,0.000037,0.009655,0.134075,0.013461,0.000037,0.070569,0.000112
ACGGACGCAGCGACAA-1,0.000026,0.105005,0.220997,0.392685,0.022253,0.023643,0.030761,0.204631
ACGGACTCTCAAAGCG-1,0.233083,0.234826,0.142348,0.069564,0.290425,0.000032,0.01564,0.014081
ACGGAGCGCAAATTAC-1,0.051586,0.880569,0.000102,0.000102,0.000102,0.067029,0.000204,0.000306
ACGGATGGTGCGGATA-1,0.582295,0.094009,0.04662,0.264706,0.008436,0.000029,0.003817,0.000088
