Barcode,Topic 1,Topic 2to3,Topic 4to8,Topic 9,Topic 10
AAACAAGTATCTCCCA-1,0.010978,0.112346,0.742613,0.056793,0.07727
AAACACCAATAACTGC-1,0.026845,0.114815,0.321093,0.44055,0.096697
AAACAGCTTTCAGAAG-1,0.000272,0.021556,0.793046,0.13228,0.052847
AAACAGGGTCTATATT-1,0.066051,0.159702,0.616119,0.091115,0.067014
AAACAGTGTTCCTGGG-1,0.180806,0.009654,0.002178,0.014956,0.792406
AAACATTTCCCGGATT-1,0.01116,0.171602,0.482317,0.133315,0.201605
AAACCCGAACGAAATC-1,0.000006,0.096865,0.893009,0.010114,0.000006
AAACCGGAAATGTTAA-1,0.000369,0.181905,0.800559,0.015101,0.002066
AAACCGGGTAGGTACC-1,0.001541,0.125936,0.681104,0.162233,0.029186
AAACCGTTCGTCCAGG-1,0.028788,0.075733,0.414648,0.026174,0.454657
AAACCTAAGCAGCCGG-1,0.040825,0.134507,0.414149,0.30647,0.10405
AAACCTCATGAAGTTG-1,0.421663,0.128215,0.389727,0.029788,0.030608
AAACGAAGATGGAGTA-1,0.120145,0.048915,0.261958,0.293494,0.275488
AAACGAGACGGTTGAT-1,0.009204,0.443976,0.420632,0.126172,0.000016
AAACGCTGGGCACGAC-1,0.000007,0.066386,0.911294,0.009577,0.012736
AAACGGGCGTACGGGT-1,0.05877,0.070288,0.35466,0.505852,0.010429
AAACGGTTGCGAACTG-1,0.001319,0.044515,0.205918,0.035874,0.712374
AAACTCGGTTCGCAAT-1,0.023659,0.09952,0.434921,0.424719,0.017181
AAACTGCTGGCTCCAA-1,0.001915,0.119646,0.764782,0.067932,0.045725
AAACTTAATTGCACGC-1,0.054064,0.0327,0.065586,0.458067,0.389583
AAACTTGCAAACGTAT-1,0.028706,0.194659,0.612447,0.069913,0.094275
AAAGAATGTGGACTAA-1,0.000014,0.252133,0.557182,0.168911,0.02176
AAAGACTGGGCGCTTT-1,0.198473,0.465094,0.086337,0.036041,0.214055
AAAGGCCCTATAATAC-1,0.123275,0.076117,0.107167,0.42899,0.264451
AAAGGCTACGGACCAT-1,0.015039,0.23143,0.342628,0.322633,0.088269
AAAGGCTCTCGCGCCG-1,0.000006,0.002859,0.990557,0.006492,0.000086
AAAGGGATGTAGCAAG-1,0.81516,0.16151,0.000285,0.000057,0.022988
AAAGGGCAGCTTGAAT-1,0.749302,0.162088,0.06969,0.000031,0.018889
AAAGTAGCATTGCTCA-1,0.014769,0.120548,0.445566,0.013097,0.40602
AAAGTCGACCCTCAGT-1,0.000008,0.132279,0.86518,0.002524,0.000008
AAAGTGCCATCAATTA-1,0.027,0.360741,0.560904,0.015621,0.035735
AAAGTGTGATTTATCT-1,0.005981,0.095299,0.841525,0.051563,0.005631
AAAGTTGACTCCCGTA-1,0.011415,0.06724,0.921116,0.00022,0.000009
AAATAACCATACGGGA-1,0.06197,0.240338,0.61074,0.038874,0.048079
AAATAAGGTAGTGCCC-1,0.295973,0.642106,0.007371,0.054512,0.000038
AAATACCTATAAGCAT-1,0.109487,0.096224,0.610629,0.01711,0.16655
AAATAGCTTAGACTTT-1,0.000012,0.302047,0.627983,0.069945,0.000012
AAATAGGGTGCTATTG-1,0.181787,0.263961,0.309256,0.115311,0.129686
AAATCCGATACACGCC-1,0.083346,0.238829,0.301134,0.331055,0.045636
AAATCGCGGAAGGAGT-1,0.052581,0.014873,0.260291,0.233655,0.438601
AAATCGTGTACCACAA-1,0.026841,0.113303,0.80276,0.050846,0.006249
AAATCTAGCCCTGCTA-1,0.105481,0.157635,0.55227,0.087223,0.097392
AAATGCTCGTTACGTT-1,0.031545,0.821702,0.079756,0.005014,0.061982
AAATGGCATGTCTTGT-1,0.060031,0.331559,0.584013,0.014454,0.009943
AAATGGCCCGTGCCCT-1,0.050536,0.337019,0.351799,0.01404,0.246606
AAATGGTCAATGTGCC-1,0.010534,0.452143,0.389912,0.133727,0.013685
AAATGTATCTTATCCC-1,0.157856,0.614997,0.111778,0.094313,0.021056
AAATTAACGGGTAGCT-1,0.042733,0.66113,0.210683,0.084731,0.000721
AAATTAATAAGCGCGA-1,0.077873,0.565503,0.210611,0.111118,0.034896
AAATTACACGACTCTG-1,0.06071,0.225435,0.622833,0.034562,0.056461
AAATTACCTATCGATG-1,0.9994,0.000133,0.000333,0.000067,0.000067
AAATTCCAGGTCCAAA-1,0.008146,0.568112,0.25418,0.167632,0.00193
AAATTGATAGTCCTTT-1,0.000005,0.007426,0.978314,0.011049,0.003206
AAATTTGCGGGTGTGG-1,0.032211,0.184449,0.643614,0.024642,0.115084
AACAACTGGTAGTTGC-1,0.5003,0.09975,0.000175,0.000035,0.399741
AACAATACATTGTCGA-1,0.016036,0.337378,0.324418,0.238436,0.083732
AACAATTACTCTACGC-1,0.127005,0.647966,0.110362,0.114645,0.000022
AACACACGCTCGCCGC-1,0.114643,0.082406,0.61286,0.075542,0.114548
AACACGAGACGCGGCC-1,0.00687,0.041123,0.712583,0.024365,0.215059
AACAGCTGTGTGGCAA-1,0.000984,0.084849,0.732314,0.153727,0.028127
AACAGGAAATCGAATA-1,0.085054,0.52054,0.320745,0.005484,0.068176
AACAGGATGGGCCGCG-1,0.076553,0.687044,0.060099,0.099009,0.077295
AACAGGTAGTATGGAT-1,0.011356,0.410537,0.505618,0.000022,0.072467
AACATTGAAGTTGATC-1,0.010389,0.014189,0.095337,0.130363,0.749722
AACATTGTGACTCGAG-1,0.031907,0.10859,0.576152,0.217623,0.065728
AACCAAGACTTCTCTG-1,0.250727,0.246709,0.312199,0.106374,0.083991
AACCATAGGGTTGAAC-1,0.068878,0.020458,0.009601,0.010955,0.890108
AACCATGGGATCGCTA-1,0.040168,0.735773,0.223994,0.000032,0.000032
AACCCAGAGACGGAGA-1,0.225091,0.68433,0.062686,0.000054,0.027839
AACCCATCCCATGATC-1,0.022112,0.109599,0.248633,0.564401,0.055255
AACCCGACAACCCGTG-1,0.007548,0.065203,0.39434,0.315667,0.217242
AACCCGAGCAGAATCG-1,0.009743,0.083283,0.808507,0.018425,0.080042
AACCCTACTGTCAATA-1,0.293831,0.315488,0.347878,0.031973,0.01083
AACCGAGCTTGGTCAT-1,0.978577,0.011552,0.000245,0.000049,0.009577
AACCGCTAAGGGATGC-1,0.005117,0.2486,0.738396,0.002385,0.005503
AACCGTTGTGTTTGCT-1,0.000011,0.099915,0.897384,0.002679,0.000011
AACCTCGCTTTAGCCC-1,0.043636,0.274076,0.333542,0.323091,0.025655
AACCTGTCACGGAATT-1,0.000015,0.493415,0.380789,0.125766,0.000015
AACCTTTAAATACGGT-1,0.005546,0.187768,0.707088,0.033111,0.066487
AACCTTTACGACGTCT-1,0.187258,0.513195,0.292586,0.000027,0.006934
AACGAAAGTCGTCCCA-1,0.100257,0.183934,0.265833,0.353194,0.096782
AACGACCTCCTAGCCG-1,0.013946,0.081486,0.698143,0.056882,0.149544
AACGATAATGCCGTAG-1,0.086651,0.089309,0.6533,0.024733,0.146006
AACGATAGAAGGGCCG-1,0.020483,0.693488,0.282902,0.000029,0.003098
AACGATATGTCAACTG-1,0.97686,0.001917,0.000105,0.000021,0.021098
AACGCGACCTTGGGCG-1,0.015746,0.034694,0.301978,0.568736,0.078846
AACGCGGTCTCCAGCC-1,0.868146,0.094522,0.000338,0.000068,0.036926
AACGCTGTTGCTGAAA-1,0.017096,0.297912,0.546586,0.059943,0.078463
AACGGACGTACGTATA-1,0.090827,0.130298,0.707331,0.03274,0.038805
AACGGCCATCTCCGGT-1,0.017779,0.149224,0.644196,0.027184,0.161617
AACGTACTGTGGGTAC-1,0.0109,0.187388,0.61753,0.0992,0.084983
AACGTCAGACTAGTGG-1,0.999363,0.000141,0.000354,0.000071,0.000071
AACGTCGCTGCACTTC-1,0.03163,0.037193,0.841228,0.034164,0.055785
AACGTGCGAAAGTCTC-1,0.000617,0.556205,0.362049,0.078225,0.002903
AACGTTATCAGCACCT-1,0.999151,0.000189,0.000472,0.000094,0.000094
AACGTTCTACCATTGT-1,0.06122,0.19587,0.700122,0.022317,0.020472
AACTACCCGTTTGTCA-1,0.000008,0.076236,0.923741,0.000008,0.000008
AACTAGGCTTGGGTGT-1,0.205464,0.149555,0.40519,0.058282,0.181509
AACTCAAGTTAATTGC-1,0.0377,0.307217,0.373232,0.057964,0.223886
AACTCCAGAGCGTGTT-1,0.002909,0.102924,0.670258,0.218893,0.005017
AACTCGATGGCGCAGT-1,0.296448,0.368284,0.305216,0.021941,0.008111
AACTCTCAATAGAGCG-1,0.000028,0.583038,0.317569,0.099338,0.000028
AACTCTCAGTGTGCTC-1,0.139199,0.151524,0.526887,0.036685,0.145706
AACTGAGTTATACTGA-1,0.037078,0.508146,0.428328,0.006975,0.019473
AACTGATATTAGGCCT-1,0.087144,0.806283,0.089044,0.010453,0.007075
AACTGGGTCCCGACGT-1,0.002579,0.533371,0.421788,0.042251,0.00001
AACTTCTGCGTCTATC-1,0.105122,0.679434,0.14092,0.074046,0.000479
AACTTGCCCGTATGCA-1,0.260779,0.644862,0.04785,0.04146,0.005049
AACTTGCGTTCTCGCG-1,0.051828,0.498906,0.366137,0.065222,0.017908
AACTTTACGGGAGCTT-1,0.11747,0.509558,0.236061,0.055147,0.081763
AAGAAGGATCAGTTAG-1,0.162144,0.516941,0.271616,0.000032,0.049268
AAGACATACGTGGTTT-1,0.022152,0.170367,0.69514,0.064017,0.048324
AAGACCAAATAACTCA-1,0.064,0.012243,0.033791,0.163896,0.72607
AAGACCCAACTGAACA-1,0.01546,0.070353,0.558683,0.318246,0.037259
AAGACTGCAAGCTACT-1,0.049993,0.50185,0.28911,0.153081,0.005966
AAGAGATGAATCGGTA-1,0.937979,0.061754,0.000191,0.000038,0.000038
AAGAGCTCTTTATCGG-1,0.168995,0.588499,0.151001,0.080535,0.01097
AAGAGGATGTACGCGA-1,0.080866,0.101381,0.775577,0.041353,0.000824
AAGAGGCATGGATCGC-1,0.058208,0.435731,0.246384,0.086185,0.173492
AAGAGGCCCTTTGGAA-1,0.017771,0.149531,0.535163,0.067604,0.229932
AAGATGGCACCGGACC-1,0.001493,0.042187,0.610999,0.247112,0.09821
AAGATTGGCGGAACGT-1,0.9998,0.000044,0.000111,0.000022,0.000022
AAGCACCCTGCGTATC-1,0.062179,0.164232,0.558339,0.140271,0.074978
AAGCATACTCTCCTGA-1,0.040934,0.114072,0.502279,0.006301,0.336414
AAGCCGAAGCGGTTTA-1,0.003944,0.145395,0.619072,0.000938,0.230649
AAGCCGCCGTGAAATC-1,0.026766,0.024543,0.142214,0.219928,0.586549
AAGCCGGAGAGCAGGA-1,0.056978,0.246031,0.574009,0.038469,0.084512
AAGCGCAGGGCTTTGA-1,0.102892,0.088702,0.342576,0.413029,0.052802
AAGCGTCCCTCATCGA-1,0.004055,0.038254,0.511652,0.444174,0.001865
AAGCTAGATCGAGTAA-1,0.019085,0.20428,0.633725,0.086057,0.056853
AAGCTCGTGCCAAGTC-1,0.107089,0.489887,0.318343,0.075608,0.009073
AAGCTCTTTCATGGTG-1,0.054621,0.195911,0.506744,0.115522,0.127202
AAGGAGCGGTTGGTGC-1,0.779565,0.113492,0.091383,0.00005,0.015509
AAGGATCGATCGCTTG-1,0.00002,0.368661,0.610806,0.019703,0.00081
AAGGATGAGGGACCTC-1,0.86832,0.026542,0.074198,0.001665,0.029276
AAGGCAGGCTGTCTCC-1,0.070594,0.508836,0.413954,0.006594,0.000022
AAGGCGCGTAAAGCTT-1,0.999583,0.000093,0.000232,0.000046,0.000046
AAGGCTGTGCTCATCG-1,0.126703,0.848235,0.010246,0.014756,0.000059
AAGGGAACGACTGGCT-1,0.001263,0.045092,0.333807,0.548203,0.071635
AAGGGACAGATTCTGT-1,0.958792,0.000092,0.000231,0.001458,0.039426
AAGGGACTATGCATTC-1,0.000009,0.051263,0.613673,0.333009,0.002046
AAGGGTTAGCCATGCG-1,0.030494,0.102064,0.729544,0.054143,0.083754
AAGGTATCCTAATATA-1,0.993329,0.00009,0.000225,0.000045,0.006312
AAGGTGATAAACCAGC-1,0.000004,0.02013,0.946866,0.03291,0.00009
AAGTAGAAGACCGGGT-1,0.03479,0.69944,0.161483,0.051051,0.053236
AAGTAGTGACGCGAGG-1,0.061587,0.700569,0.208821,0.025499,0.003525
AAGTCAATTGTCGTCA-1,0.000009,0.021955,0.972517,0.00551,0.000009
AAGTCTTCTGTGGCCT-1,0.122678,0.311219,0.273825,0.003403,0.288875
AAGTGACGACCGAATT-1,0.009435,0.3115,0.625981,0.011332,0.041753
AAGTGAGTCGGGTTTA-1,0.005552,0.062462,0.334752,0.38765,0.209584
AAGTGCAAAGGTAGAC-1,0.003375,0.581981,0.281386,0.133244,0.000013
AAGTGCCTTGACTGTA-1,0.012942,0.153546,0.761271,0.014956,0.057285
AAGTGCGTTAGAATCT-1,0.017026,0.132923,0.760378,0.023003,0.06667
AAGTGCTTCTCTATTG-1,0.068633,0.066823,0.124604,0.390562,0.349378
AAGTGTTTGGAGACGG-1,0.039194,0.265744,0.64364,0.021177,0.030244
AAGTTCACTCCAAGCT-1,0.001882,0.025696,0.595924,0.356225,0.020272
AAGTTCGGCCAACAGG-1,0.021003,0.208223,0.658433,0.071497,0.040843
AAGTTGTGATGTTATA-1,0.140007,0.212998,0.419003,0.063478,0.164514
AAGTTTATGGGCCCAA-1,0.091233,0.036691,0.187812,0.559344,0.12492
AATAACAACGCTCGGC-1,0.034245,0.635017,0.228486,0.04559,0.056662
AATAACACTAGAACAA-1,0.007301,0.020882,0.766142,0.047732,0.157943
AATAACGTCGCGCCCA-1,0.006645,0.09722,0.698181,0.099657,0.098297
AATAATCTTCGTATCG-1,0.009579,0.153467,0.519791,0.015053,0.302109
AATACAATGTTTCAGG-1,0.999111,0.000197,0.000494,0.000099,0.000099
AATACCGGAGGGCTGT-1,0.007539,0.190545,0.321189,0.414334,0.066392
AATACCTGATGTGAAC-1,0.002317,0.03888,0.441379,0.422954,0.094469
AATAGAACAGAGTGGC-1,0.02748,0.066662,0.845713,0.038436,0.021709
AATAGAATCTGTTTCA-1,0.026082,0.111737,0.701116,0.039959,0.121106
AATAGTCCGTCCCGAC-1,0.07672,0.165512,0.446123,0.090612,0.221033
AATAGTCGCGAGTCGG-1,0.700131,0.256751,0.043059,0.00003,0.00003
AATATCCTAGCAAACT-1,0.002044,0.023166,0.941872,0.016606,0.016312
AATATCGAATCAATGC-1,0.000522,0.249992,0.552195,0.003162,0.194129
AATATTGGAGTATTGA-1,0.000792,0.196467,0.755557,0.045392,0.001792
AATCAGGTTTCATTTA-1,0.053508,0.216728,0.073625,0.288975,0.367164
AATCATGTAAAGACTC-1,0.029498,0.290081,0.51479,0.045525,0.120106
AATCCAAGGGCCTGAG-1,0.019236,0.264239,0.657377,0.02653,0.032618
AATCGCCTCAGCGCCA-1,0.000016,0.371605,0.612314,0.016049,0.000016
AATCGCGCAGAGGACT-1,0.002703,0.38344,0.569351,0.025044,0.019462
AATCGGTATAGCCCTC-1,0.197086,0.352418,0.254111,0.061813,0.134572
AATCGTGAGCCGAGCA-1,0.129794,0.237481,0.23128,0.312782,0.088662
AATCTAGGTTTACTTG-1,0.000083,0.037366,0.718351,0.235542,0.008658
AATCTATGCCGGAGCC-1,0.999816,0.000041,0.000102,0.00002,0.00002
AATCTCTACTGTGGTT-1,0.009461,0.52196,0.42935,0.004205,0.035025
AATCTGCGTTGGGACG-1,0.355377,0.470568,0.041506,0.128435,0.004114
AATCTGGCTTTCTAGT-1,0.047753,0.077346,0.578627,0.235566,0.060707
AATGACAGCAATGTCT-1,0.008143,0.087537,0.743204,0.093146,0.067969
AATGACGTAGGATGTC-1,0.002088,0.251789,0.6118,0.068649,0.065673
AATGACTGTCAGCCGG-1,0.690637,0.000101,0.000251,0.00005,0.308961
AATGAGTTCGCATATG-1,0.117061,0.880018,0.002803,0.000059,0.000059
AATGATGATACGCTAT-1,0.789915,0.208329,0.000369,0.000074,0.001313
AATGATGCGACTCCTG-1,0.7244,0.000212,0.000529,0.000106,0.274753
AATGCAACCGGGTACC-1,0.994397,0.000103,0.000256,0.000051,0.005193
AATGCACCAAGCAATG-1,0.028462,0.562614,0.250816,0.158094,0.000015
AATGGTCCACCGTTCA-1,0.355016,0.432264,0.006558,0.020457,0.185705
AATGGTTCTCACAAGC-1,0.026247,0.501358,0.264891,0.207445,0.000059
AATGTATGGCACTGTA-1,0.009929,0.019792,0.179645,0.206556,0.584078
AATGTGCCCGAGGTGT-1,0.009513,0.109415,0.581881,0.235424,0.063766
AATGTGCTAATCTGAG-1,0.041452,0.050202,0.364808,0.440677,0.102861
AATGTTGTCGTGAGAC-1,0.002602,0.110918,0.824775,0.039945,0.02176
AATTAAAGGTCGGCGT-1,0.086609,0.487737,0.359648,0.019768,0.046237
AATTAACGGATTTCCA-1,0.000023,0.042648,0.711296,0.147689,0.098345
AATTACGAGACCCATC-1,0.100716,0.108967,0.105783,0.156344,0.528189
AATTAGCGCTGCAGCG-1,0.036708,0.041326,0.874763,0.023989,0.023214
AATTATACCCAGCAAG-1,0.001627,0.085076,0.215267,0.150184,0.547846
AATTCATAAGGGATCT-1,0.712384,0.267421,0.009994,0.000059,0.010143
AATTCATTGTCATGCA-1,0.075323,0.179496,0.110704,0.08822,0.546257
AATTCCAAGCATGTAC-1,0.006156,0.205608,0.339603,0.38337,0.065262
AATTCGATTCGAGGAT-1,0.080023,0.04018,0.315503,0.487195,0.0771
AATTCTAGAGTTAGGC-1,0.066327,0.274789,0.39695,0.009002,0.252933
AATTGAACGCTCTGGT-1,0.051752,0.295891,0.526457,0.007706,0.118194
AATTGCAGCAATCGAC-1,0.000009,0.015631,0.940117,0.042156,0.002086
AATTGCGTGGATTACA-1,0.000986,0.071207,0.19588,0.4304,0.301527
AATTGTGGTTGCCAAA-1,0.019492,0.21573,0.314392,0.004741,0.445646
AATTTGGTTCCAAAGA-1,0.138593,0.183061,0.485566,0.037653,0.155128
ACAAACCATGCGTCCT-1,0.144032,0.014187,0.053697,0.499206,0.288878
ACAAAGAAGGTAGGCC-1,0.000007,0.006759,0.847415,0.038698,0.107122
ACAAAGCATGACCTAG-1,0.006837,0.135698,0.479479,0.338271,0.039715
ACAAATCGCACCGAAT-1,0.00001,0.018664,0.860049,0.015384,0.105892
ACAAATGGTAGTGTTT-1,0.074759,0.307651,0.537663,0.019366,0.060561
ACAACAGCATGAGCTA-1,0.265734,0.710224,0.009351,0.014641,0.000051
ACAACGGTCCCTGCGA-1,0.912411,0.041749,0.035878,0.000052,0.00991
ACAAGCAGTGCCTAGC-1,0.348645,0.545063,0.097307,0.008405,0.00058
ACAAGCTATATGGAAG-1,0.065737,0.180137,0.691282,0.04706,0.015784
ACAAGGAAATCCGCCC-1,0.03537,0.10046,0.580594,0.01469,0.268886
ACAAGGACAAGAGGTT-1,0.093126,0.702595,0.082083,0.112541,0.009655
ACAAGGATGCTTTAGG-1,0.035567,0.300918,0.418535,0.207025,0.037956
ACAAGGGCAGGCTCTG-1,0.01337,0.08815,0.642728,0.190309,0.065443
ACAATAGTCGTACGTT-1,0.008558,0.148072,0.624795,0.003145,0.21543
ACAATCCATTTAAACC-1,0.314362,0.166543,0.468078,0.042943,0.008074
ACAATGAATACGGAGA-1,0.123883,0.113351,0.35116,0.373846,0.03776
ACAATTGTGTCTCTTT-1,0.000015,0.11091,0.843105,0.028253,0.017717
ACAATTTAGGAGGCTC-1,0.401561,0.339585,0.221086,0.019821,0.017947
ACAATTTGAGCAGTGG-1,0.999179,0.000182,0.000456,0.000091,0.000091
ACAATTTGGCCATATT-1,0.000882,0.486327,0.433562,0.079015,0.000214
ACACAAAGACGGGTGG-1,0.986834,0.000092,0.000229,0.000046,0.012799
ACACACCAGGACCAGT-1,0.003043,0.0649,0.795497,0.032337,0.104223
ACACACTTTCTACACG-1,0.006502,0.173735,0.803862,0.014952,0.000948
ACACATGATCAAATCT-1,0.070309,0.127573,0.306415,0.293655,0.202047
ACACATTTCCGTAGAC-1,0.266668,0.209791,0.147103,0.082486,0.293951
ACACCACATAATTAGC-1,0.474728,0.501946,0.002765,0.015308,0.005254
ACACCCAGCATGCAGC-1,0.999335,0.000148,0.00037,0.000074,0.000074
ACACCCGAGAAATCCG-1,0.373413,0.447012,0.114011,0.060334,0.00523
ACACCGAGCGCTCTTT-1,0.208078,0.73401,0.042508,0.015356,0.000047
ACACCGGTCTGACCGC-1,0.114729,0.000024,0.006638,0.57528,0.303329
ACACCTTACTACTTGC-1,0.001913,0.187665,0.74234,0.02041,0.047671
ACACGAGACTCCTTCT-1,0.682238,0.262985,0.000358,0.026346,0.028073
ACACGGGAACTTAGGG-1,0.999367,0.000141,0.000352,0.00007,0.00007
ACACGTAGGCCACAAG-1,0.024935,0.303692,0.582853,0.052016,0.036504
ACACTCCAATGTCACT-1,0.125619,0.87017,0.004089,0.000061,0.000061
ACACTGATCAAGGTGT-1,0.018358,0.158745,0.758695,0.023231,0.040971
ACACTGGGACAGTCGT-1,0.027133,0.126464,0.818856,0.011674,0.015874
ACAGAACTGAGAACAA-1,0.013888,0.016319,0.779714,0.169025,0.021054
ACAGCGACATTCTCAT-1,0.123723,0.20259,0.52167,0.084016,0.068
ACAGGCACGGATCCTT-1,0.000752,0.065843,0.686143,0.24495,0.002312
ACAGGCTTGCCCGACT-1,0.007404,0.042956,0.862583,0.032789,0.054268
ACAGGTGGAGGTGAGG-1,0.255138,0.131361,0.390469,0.079321,0.143711
ACAGGTGTGTTGTTGC-1,0.090113,0.262517,0.52713,0.011901,0.108339
ACAGTAATACAACTTG-1,0.066253,0.231196,0.532063,0.07222,0.098267
ACATAAGTCGTGGTGA-1,0.019688,0.243866,0.187568,0.378546,0.170332
ACATAATAAGGCGGTG-1,0.048083,0.577028,0.133406,0.206722,0.03476
ACATACAATCAAGCGG-1,0.087661,0.080961,0.361229,0.378474,0.091675
ACATCAGCTGGGACGC-1,0.563682,0.136702,0.29316,0.002438,0.004018
ACATCCCGGCCATACG-1,0.005998,0.122996,0.733588,0.05061,0.086809
ACATCCTGGTAACTGT-1,0.0725,0.44789,0.396579,0.043985,0.039046
ACATCGATCGTTTACC-1,0.032818,0.372407,0.481711,0.085444,0.027621
ACATCGGTCAGCCGCG-1,0.057307,0.15051,0.74764,0.039428,0.005115
ACATCGTATGCAATGG-1,0.041948,0.251732,0.646175,0.019854,0.040291
ACATGGCGCCAAAGTA-1,0.64395,0.04854,0.216646,0.070488,0.020377
ACATTAGTTTATATCC-1,0.036957,0.066773,0.352447,0.041894,0.501929
ACATTTGAAACCTAAC-1,0.017898,0.0507,0.485321,0.359951,0.08613
ACCAACCGCACTCCAC-1,0.022065,0.111943,0.451347,0.372169,0.042475
ACCAACGCTTATTTAT-1,0.014886,0.060286,0.701399,0.001089,0.22234
ACCAAGAACGCGTGTC-1,0.000876,0.20996,0.710485,0.078667,0.000012
ACCAAGTCATCGGCAG-1,0.0735,0.197199,0.389872,0.256918,0.082511
ACCAATATGCAAGTTA-1,0.139476,0.212343,0.456463,0.044039,0.147679
ACCACAAGTTTCTATC-1,0.230114,0.729284,0.019077,0.000275,0.02125
ACCACCAATGTAACAA-1,0.11614,0.459262,0.366291,0.043854,0.014454
ACCACGTGCAGCTATA-1,0.09386,0.275138,0.571141,0.023501,0.03636
ACCAGACCATAACAAC-1,0.353551,0.132601,0.334756,0.084455,0.094637
ACCAGTGCGGGAGACG-1,0.004831,0.157311,0.709816,0.018539,0.109503
ACCATATCCGCAATAA-1,0.059228,0.343802,0.321002,0.170462,0.105507
ACCATCCGCCAACTAG-1,0.003065,0.069945,0.74033,0.10418,0.08248
ACCATCGTATATGGTA-1,0.009517,0.130022,0.747658,0.056118,0.056686
ACCCAACGCCCGTGGC-1,0.812917,0.086846,0.000181,0.023672,0.076385
ACCCACCTACATGCTC-1,0.999266,0.000163,0.000408,0.000082,0.000082
ACCCATCTTGAGGGTA-1,0.00254,0.3868,0.528857,0.028471,0.053332
ACCCATTTGTCCCTCT-1,0.067696,0.312519,0.430204,0.147909,0.041672
ACCCGAGCGAAATTAC-1,0.000009,0.0779,0.456496,0.229126,0.236469
ACCCGATTGGTTCCGA-1,0.024218,0.252993,0.110384,0.068416,0.543988
ACCCGGAAACTCCCAG-1,0.045295,0.032716,0.506237,0.018788,0.396963
ACCCGGAGCACCACAA-1,0.039199,0.097054,0.854919,0.003937,0.004891
ACCCGGATGACGCATC-1,0.062059,0.437761,0.433212,0.047637,0.019332
ACCCGGTTACACTTCC-1,0.000017,0.133599,0.793936,0.072097,0.000352
ACCCGTAGTCTAGTTG-1,0.009633,0.145718,0.547116,0.060636,0.236897
ACCCGTGTCATCAGTA-1,0.046258,0.200898,0.537579,0.115332,0.099933
ACCCTATAGGACTGAG-1,0.014852,0.390381,0.543877,0.050852,0.000037
ACCCTATGCCATATCG-1,0.000008,0.041676,0.711863,0.043373,0.20308
ACCCTCCCGTCAGGGC-1,0.011562,0.185844,0.451452,0.32893,0.022211
ACCCTCCCTTGCTATT-1,0.017499,0.246306,0.696349,0.019231,0.020615
ACCCTTCATCTGCGAA-1,0.001644,0.156963,0.783174,0.023613,0.034606
ACCGAAGAGTCTGGTT-1,0.084355,0.057886,0.311174,0.324487,0.222098
ACCGACACATCTCCCA-1,0.000012,0.034818,0.796939,0.168164,0.000068
ACCGACTGAGTCCCAC-1,0.974476,0.000133,0.000333,0.000067,0.024992
ACCGAGTCTCCTTATT-1,0.078147,0.065098,0.218604,0.471565,0.166586
ACCGATAGGCATAACC-1,0.004115,0.021301,0.969552,0.005023,0.000008
ACCGATATTTAATCAT-1,0.001214,0.049356,0.937598,0.002317,0.009514
ACCGATGGTAGCATCG-1,0.022126,0.759116,0.183426,0.035305,0.000027
ACCGCAATAACTGCCT-1,0.110278,0.09358,0.640133,0.093535,0.062474
ACCGCGGTGGAAGTCG-1,0.036696,0.305696,0.625064,0.022445,0.010099
ACCGGGCCTTTGTTGA-1,0.0735,0.198191,0.678999,0.000619,0.048692
ACCGGTCAGGTACACC-1,0.00416,0.11629,0.404777,0.34469,0.130083
ACCGTGACCACGTGGG-1,0.104689,0.237407,0.242098,0.298433,0.117372
ACCTAAGTACCTTTCA-1,0.042341,0.302103,0.408092,0.039118,0.208346
ACCTAATCGACTTCCT-1,0.094845,0.850176,0.043176,0.011757,0.000046
ACCTACAGTATGTGGT-1,0.06749,0.366682,0.536631,0.02918,0.000017
ACCTACTATAAATCTA-1,0.000014,0.036174,0.240686,0.458616,0.264509
ACCTCCGCCCTCGCTG-1,0.002228,0.103385,0.6272,0.021452,0.245735
ACCTCCGTTATTCACC-1,0.036278,0.59818,0.171053,0.191719,0.00277
ACCTCGAACTTATGCT-1,0.007736,0.052132,0.266139,0.340411,0.333582
ACCTGCGTGTCATGTT-1,0.033616,0.23686,0.472935,0.010698,0.245891
ACGAAATGGGCGGCAC-1,0.028746,0.856638,0.113279,0.001303,0.000034
ACGACCCATGAGTTGC-1,0.01205,0.141646,0.683565,0.011171,0.151569
ACGACTCTAGGGCCGA-1,0.00413,0.026504,0.520482,0.441614,0.00727
ACGACTGGTCATACTC-1,0.0027,0.007795,0.115383,0.236092,0.63803
ACGAGGATACCACTCT-1,0.057961,0.335715,0.281264,0.045632,0.279428
ACGAGGTTTACAACGT-1,0.000066,0.052239,0.54547,0.38023,0.021995
ACGAGTACGGATGCCC-1,0.965886,0.000152,0.000381,0.012291,0.02129
ACGATACATAGAACTA-1,0.015743,0.60638,0.223599,0.153973,0.000305
ACGATACCTATCCTGA-1,0.047845,0.224074,0.633636,0.012651,0.081795
ACGATCATACATAGAG-1,0.836436,0.087683,0.023857,0.03459,0.017433
ACGATCATCTTGTAAA-1,0.009975,0.447658,0.4528,0.086658,0.002908
ACGATGCATATGTTAT-1,0.000023,0.243877,0.719461,0.03662,0.000018
ACGCAAACTAATAGAT-1,0.001033,0.095117,0.5314,0.314645,0.057804
ACGCAATCACTACAGC-1,0.998956,0.000095,0.000237,0.000047,0.000664
ACGCATACGTTTACTA-1,0.00119,0.074074,0.850952,0.036579,0.037206
ACGCATTCGTGAGTAC-1,0.012027,0.442252,0.434456,0.100968,0.010297
ACGCCAGATGATTTCT-1,0.188777,0.388526,0.405677,0.011291,0.00573
ACGCCAGTGCGTTTGC-1,0.101719,0.496116,0.24385,0.050898,0.107418
ACGCCGCTAGACGACC-1,0.001588,0.259599,0.722573,0.015555,0.000684
ACGCGAAGTCAGACGA-1,0.005987,0.068719,0.888917,0.022417,0.01396
ACGCGCTACACAGGGT-1,0.000178,0.072402,0.914614,0.006411,0.006395
ACGCGGGCCAAGGACA-1,0.003032,0.646039,0.160968,0.149169,0.040793
ACGCGTTTCTTAAGAG-1,0.056532,0.506976,0.349274,0.084155,0.003063
ACGCTACTGAATGGGC-1,0.118719,0.217451,0.527215,0.003828,0.132787
ACGCTAGTGATACACT-1,0.959894,0.039546,0.0004,0.00008,0.00008
ACGCTGTGAGGCGTAG-1,0.083725,0.063524,0.834029,0.000297,0.018426
ACGGAACACGAGTGCC-1,0.049614,0.053383,0.220404,0.450221,0.226376
ACGGAATTTAGCAAAT-1,0.131497,0.807818,0.032705,0.000054,0.027926
ACGGACTCTCAAAGCG-1,0.062688,0.042329,0.463249,0.256959,0.174775
ACGGATGGTGCGGATA-1,0.391793,0.061684,0.326943,0.138291,0.081288
ACGGCACTTGCTTGGG-1,0.056546,0.06192,0.728122,0.026048,0.127364
ACGGCCAACATGGACT-1,0.083339,0.053306,0.651309,0.05123,0.160816
ACGGCGACGATGGGAA-1,0.013822,0.102619,0.790578,0.060002,0.032979
ACGGCTGGATGTAGAA-1,0.072347,0.165759,0.153576,0.102989,0.505328
ACGGGAGTGTCGGCCC-1,0.080242,0.018564,0.807917,0.080932,0.012345
ACGGGTCATGTGACTT-1,0.228293,0.69085,0.080741,0.000058,0.000058
ACGGTACAGTTCAATG-1,0.011742,0.341945,0.403946,0.220573,0.021794
ACGTACTTTGGCACGG-1,0.00001,0.001327,0.167836,0.646054,0.184773
ACGTAGATTGCTGATG-1,0.000018,0.535997,0.311959,0.147522,0.004503
ACGTAGGAGAGTCGCT-1,0.042183,0.239072,0.188985,0.372489,0.157271
ACGTATTACTCCGATC-1,0.077277,0.236606,0.613668,0.05364,0.018809
ACGTCTCGTTCCGGGA-1,0.063031,0.111706,0.622229,0.086921,0.116114
ACGTGACAAAGTAAGT-1,0.003438,0.124822,0.608654,0.229105,0.033981
ACGTGCGCCTCGTGCA-1,0.000021,0.4387,0.453096,0.108163,0.000021
ACGTTAATGTCGAAGA-1,0.093177,0.212357,0.681183,0.013261,0.000021
ACGTTAGATTTGCCCG-1,0.204255,0.368675,0.398846,0.010594,0.01763
ACGTTATTGGTCACTC-1,0.336791,0.637795,0.022575,0.000056,0.002783
ACGTTCGCAATCAATT-1,0.121811,0.408039,0.076359,0.393774,0.000016
ACGTTCGTTCAGGAAA-1,0.042119,0.069142,0.575352,0.281379,0.032008
ACGTTCTGTACAAGTC-1,0.001476,0.043777,0.575245,0.377921,0.001581
ACGTTTAGTTGTGATC-1,0.158562,0.224917,0.574153,0.017427,0.024941
ACGTTTCGGTGCACTT-1,0.074938,0.153138,0.69455,0.032272,0.045102
ACTACAAAGAGAGGTG-1,0.001498,0.045173,0.296567,0.527986,0.128776
ACTACATCCCGACAAG-1,0.00001,0.014102,0.208997,0.311688,0.465203
ACTACCAGCTCTCTGG-1,0.999291,0.000158,0.000394,0.000079,0.000079
ACTACGCGTTAGAATT-1,0.0023,0.062605,0.70231,0.180372,0.052414
ACTAGTTGCGATCGTC-1,0.174364,0.24215,0.458881,0.015739,0.108866
ACTATCCAGGGCATGG-1,0.000016,0.29877,0.665342,0.035855,0.000016
ACTATCTGCCCGCGTA-1,0.06022,0.33204,0.38146,0.005074,0.221205
ACTATGTCCAGCTGCC-1,0.009152,0.182674,0.213372,0.300737,0.294065
ACTATTCGTCCGTGGT-1,0.094931,0.584322,0.299827,0.000032,0.020887
ACTATTTCCGGGCCCA-1,0.062553,0.120836,0.558853,0.114318,0.143441
ACTCAAGTGCAAGGCT-1,0.017912,0.244575,0.507215,0.197954,0.032343
ACTCAATAAAGGCACG-1,0.780596,0.086268,0.101181,0.009988,0.021968
ACTCATGGCAGCCTTC-1,0.038112,0.039391,0.030478,0.238611,0.653408
ACTCCAATATCATCAT-1,0.026027,0.342984,0.179551,0.259982,0.191456
ACTCCCATTCCTAAAG-1,0.000728,0.022512,0.918056,0.019797,0.038907
ACTCCCGAATTCGTTT-1,0.019702,0.57234,0.206589,0.201349,0.000021
ACTCCCTAATGCTAAA-1,0.039476,0.053288,0.628489,0.200024,0.078722
ACTCCCTAGAATAGTA-1,0.016085,0.105826,0.690526,0.074612,0.112951
ACTCCGGCCGACCACT-1,0.042804,0.38629,0.227475,0.227908,0.115523
ACTCGATGTATTTCAT-1,0.206446,0.713733,0.068564,0.010757,0.000499
ACTCGCCGTTCGATAA-1,0.014488,0.047743,0.911726,0.001,0.025043
ACTCGCGATCTGACGC-1,0.003328,0.421489,0.334466,0.24071,0.000007
ACTCGTAACCCGTCCT-1,0.007787,0.12377,0.578088,0.033407,0.256948
ACTCGTCAGTAATCCC-1,0.000013,0.39509,0.535878,0.069005,0.000013
ACTCTAAACCTGGGAT-1,0.151034,0.485654,0.190685,0.162658,0.009971
ACTCTCTGACTTAGGT-1,0.000008,0.103274,0.81199,0.082362,0.002366
ACTCTGACCTAATAGA-1,0.000011,0.043762,0.728398,0.215385,0.012445
ACTCTTCAGCTCCCGC-1,0.308709,0.437635,0.039224,0.19484,0.019592
ACTCTTGTATAGTAAC-1,0.007755,0.414099,0.537463,0.020289,0.020393
ACTGAAACGCCGTTAG-1,0.02123,0.286535,0.425115,0.023138,0.243981
ACTGAATGGCGAAAGT-1,0.013513,0.085964,0.833813,0.008196,0.058515
ACTGCCCGCCATTCTC-1,0.000289,0.002321,0.187473,0.053786,0.756131
ACTGCCGTCGTAACTC-1,0.023668,0.371932,0.383406,0.000029,0.220965
ACTGCGGACACACCGT-1,0.021956,0.615126,0.191103,0.17162,0.000195
ACTGCTCGGAAGGATG-1,0.131752,0.105339,0.41916,0.326812,0.016937
ACTGTACGATACACAT-1,0.679646,0.319911,0.000316,0.000063,0.000063
ACTGTAGCACTTTGGA-1,0.894499,0.10485,0.000465,0.000093,0.000093
ACTGTCCAGGATTATA-1,0.084632,0.546935,0.259319,0.1058,0.003314
ACTGTCTTCTTTAGAA-1,0.620904,0.368983,0.009955,0.000079,0.000079
ACTGTGCTAGTAGATC-1,0.08428,0.729067,0.186531,0.000061,0.000061
ACTTACGCATCCACGC-1,0.003007,0.201292,0.564087,0.194379,0.037234
ACTTAGTACGACAAGA-1,0.064209,0.681075,0.242797,0.009198,0.00272
ACTTATACTTACCCGG-1,0.000014,0.199683,0.676662,0.123627,0.000014
ACTTATTAGGATCGGT-1,0.163158,0.462647,0.247934,0.092615,0.033646
ACTTATTTATGTGCCA-1,0.000022,0.133709,0.828169,0.011806,0.026293
ACTTCAGGCTGATCCC-1,0.159747,0.215918,0.481578,0.011052,0.131707
ACTTCCAGTGGAAGCT-1,0.143781,0.097301,0.391688,0.204915,0.162316
ACTTCCATGCGGGACA-1,0.000011,0.028295,0.505802,0.46588,0.000011
ACTTGACTCCCTCTTT-1,0.234794,0.191911,0.279714,0.051275,0.242306
ACTTGGGACCCGGTGG-1,0.749958,0.235218,0.000255,0.000051,0.014518
ACTTGTAGTCCCTTCA-1,0.015258,0.068202,0.865789,0.022032,0.02872
ACTTGTGGATGGAACG-1,0.101148,0.189421,0.659441,0.003736,0.046254
ACTTTACCCTCATGAA-1,0.070537,0.44549,0.198202,0.285528,0.000243
ACTTTCCTATAGCTTC-1,0.92871,0.000216,0.00054,0.000108,0.070426
ACTTTGACTGCATCCT-1,0.030345,0.054738,0.911716,0.002875,0.000326
ACTTTGGTCGTGCTCC-1,0.135643,0.037733,0.15491,0.03237,0.639343
ACTTTGTCGACGCACT-1,0.027636,0.254237,0.695285,0.007819,0.015022
AGAAATTATGACTCGC-1,0.025639,0.212654,0.636692,0.024341,0.100674
AGAACCCAGCGTGACA-1,0.21932,0.175031,0.555092,0.046245,0.004312
AGAACCCTCAATTGGG-1,0.085448,0.069373,0.16626,0.468627,0.210292
AGAACGTGGTACATTC-1,0.901112,0.000118,0.000294,0.041355,0.057121
AGAACTGTACTTTGTA-1,0.04049,0.029022,0.622029,0.300056,0.008403
AGAAGAGCGCCGTTCC-1,0.000152,0.395424,0.59383,0.010442,0.000152
AGAAGGTACACTTCAC-1,0.017691,0.084179,0.603884,0.287719,0.006527
AGAAGGTTGCCGAATT-1,0.000385,0.116484,0.79167,0.05117,0.04029
AGAAGGTTGTAGGTCG-1,0.016695,0.219147,0.424072,0.28534,0.054745
AGAAGTGATTCGTGAT-1,0.003358,0.068063,0.81664,0.008199,0.10374
AGAATAAATCTTCAGG-1,0.005501,0.182375,0.703665,0.02401,0.084449
AGAATACAGGCTATCC-1,0.004158,0.022316,0.569234,0.396427,0.007864
AGAATTATGGATTCGA-1,0.16189,0.506601,0.110428,0.221067,0.000014
AGAATTGTTTGACATA-1,0.04679,0.830172,0.118488,0.004509,0.000041
AGACAGCTCAGAATCC-1,0.999331,0.000149,0.000372,0.000074,0.000074
AGACAGGCATCTCAGC-1,0.017835,0.148085,0.766546,0.000016,0.067519
AGACCAAACCACACCT-1,0.01377,0.237578,0.558696,0.130583,0.059373
AGACCATGGGATACAA-1,0.999672,0.000073,0.000182,0.000036,0.000036
AGACCCACCGCTGATC-1,0.0716,0.177495,0.624203,0.029276,0.097426
AGACCGCTCCGCGGTT-1,0.024465,0.22536,0.680586,0.014871,0.054718
AGACCGGGAAACCCTG-1,0.043815,0.103432,0.584596,0.021341,0.246816
AGACGAAGTGCCGGTC-1,0.080813,0.09385,0.507158,0.072207,0.245972
AGACGACGATGCCGCT-1,0.00685,0.115592,0.526393,0.066571,0.284593
AGACGCCCACTTCGCC-1,0.04779,0.233519,0.641051,0.024218,0.053422
AGACTAGCCTTCCAGA-1,0.98441,0.015233,0.000254,0.000051,0.000051
AGACTGTTACCGGGTC-1,0.000008,0.005055,0.586151,0.406375,0.00241
AGAGAAACACCAGAAA-1,0.000955,0.023516,0.221576,0.544173,0.20978
AGAGAACCGTCTAGGA-1,0.999832,0.000037,0.000093,0.000019,0.000019
AGAGAAGGAGTACAAT-1,0.002198,0.072862,0.463865,0.435152,0.025923
AGAGATCTCTAAAGCG-1,0.071387,0.266002,0.600318,0.016143,0.046149
AGAGCAGTTATGAGAC-1,0.03295,0.688297,0.240155,0.036127,0.002471
AGAGCCGCCGAGATTT-1,0.004383,0.118285,0.789588,0.026582,0.061162
AGAGCGGGCTAATCAT-1,0.014023,0.231398,0.739721,0.014842,0.000016
AGAGCGTACAAGCTCG-1,0.771104,0.116067,0.110509,0.000023,0.002297
AGAGCTACGAAAGCAT-1,0.186272,0.205883,0.60493,0.000032,0.002882
AGAGGCTTCGGAAACC-1,0.021787,0.187723,0.748879,0.028706,0.012905
AGAGTAAACTTCACTA-1,0.000008,0.032501,0.906232,0.002461,0.058798
AGATAACTTCAGGGCC-1,0.246706,0.579309,0.128908,0.021647,0.02343
AGATACCAATAGAACC-1,0.27355,0.022745,0.621999,0.062369,0.019338
AGATACCGGTGTTCAC-1,0.054521,0.25306,0.692242,0.000164,0.000013
AGATACGACTTCATAT-1,0.025939,0.583367,0.335606,0.000041,0.055047
AGATACTCAAGATCGA-1,0.004826,0.303337,0.615469,0.034096,0.042272
AGATATAATACGACTA-1,0.000008,0.022518,0.607174,0.36252,0.00778
AGATCGTGCATAAGAT-1,0.004945,0.495275,0.273418,0.192345,0.034017
AGATCTCAGGTGTGAT-1,0.766361,0.148718,0.043332,0.034293,0.007296
AGATGACTCGCCCACG-1,0.090618,0.685023,0.093319,0.124725,0.006315
AGATGATGGAGTCTGG-1,0.159195,0.640211,0.166424,0.033228,0.000942
AGATGCAAGACGTGCA-1,0.000007,0.056817,0.701311,0.18688,0.054985
AGATGCATCCTGTGTC-1,0.00094,0.15898,0.650973,0.127252,0.061854
AGATTATAGGACGTTT-1,0.081484,0.412461,0.33314,0.170719,0.002195
AGATTCACAACCGATA-1,0.031726,0.066141,0.700161,0.193751,0.008221
AGCAAAGGCCGCTAGT-1,0.002979,0.067584,0.292213,0.551947,0.085277
AGCAACATATCTTATT-1,0.29503,0.239845,0.42315,0.034296,0.007679
AGCAACCGAAAGTAAT-1,0.038294,0.039223,0.44511,0.46572,0.011653
AGCACACGTTTAGACT-1,0.057243,0.037315,0.195756,0.526435,0.183252
AGCACTACCGGCCTGT-1,0.058792,0.343956,0.511772,0.007574,0.077906
AGCACTACCTCACCAG-1,0.07507,0.289154,0.457733,0.024413,0.15363
AGCACTTAAGGACGCC-1,0.08238,0.742438,0.092698,0.082451,0.000033
AGCAGAAGGAGAAAGA-1,0.000622,0.19177,0.349687,0.428809,0.029111
AGCAGCCAGATGAATA-1,0.018352,0.018004,0.336732,0.014363,0.612549
AGCAGTCGAAGCATGC-1,0.13776,0.168554,0.047559,0.284662,0.361465
AGCATATCAATATGCT-1,0.203484,0.116277,0.558646,0.068763,0.052829
AGCATCATTTCGAAAG-1,0.00911,0.395322,0.324871,0.197433,0.073263
AGCATCGTCGATAATT-1,0.894797,0.093878,0.000216,0.000043,0.011066
AGCATTACGAGGCAAG-1,0.054409,0.290395,0.300099,0.084235,0.270861
AGCCAAGCTTTGTGTC-1,0.003844,0.079635,0.712198,0.188048,0.016274
AGCCACAGGTTACCCG-1,0.096874,0.111459,0.410679,0.369756,0.011232
AGCCACTCCCGTGCTT-1,0.612653,0.315559,0.000402,0.00008,0.071306
AGCCATATAGTATGTG-1,0.096674,0.110722,0.047235,0.449568,0.295801
AGCCCATACATGTAAG-1,0.003878,0.121718,0.824551,0.012944,0.036908
AGCCCGCAACAAGCAG-1,0.009303,0.182837,0.259424,0.463239,0.085196
AGCCCGCACTACAATG-1,0.282618,0.022028,0.50934,0.129783,0.056231
AGCCCGGCATTAGAGG-1,0.038496,0.042846,0.271936,0.593446,0.053277
AGCCCGGTAGCCTGTA-1,0.046793,0.075412,0.687163,0.185492,0.005139
AGCCCTAAGCGAAGTT-1,0.074249,0.324886,0.588572,0.001482,0.010811
AGCCCTCCCTGGTGGC-1,0.111347,0.006368,0.038127,0.221577,0.622581
AGCCCTGTCGCACCGT-1,0.014477,0.435391,0.535844,0.014278,0.00001
AGCCCTTGGACATCCC-1,0.227512,0.108921,0.342815,0.016517,0.304236
AGCCGCAAATTCAAAT-1,0.02489,0.175169,0.744229,0.053724,0.001987
AGCCGTGGCTAAATGT-1,0.028033,0.180479,0.493145,0.015152,0.28319
AGCCTAATACCCACGT-1,0.018201,0.113314,0.562164,0.133346,0.172975
AGCCTTAAAGCGGAAG-1,0.961095,0.038516,0.000278,0.000056,0.000056
AGCGACAGGAACGGTC-1,0.127119,0.175443,0.464826,0.061738,0.170874
AGCGACATCCCATTCA-1,0.007595,0.519694,0.459475,0.01322,0.000016
AGCGACCAACGATATT-1,0.999243,0.000168,0.00042,0.000084,0.000084
AGCGAGACGTGAAGGC-1,0.003848,0.018211,0.042803,0.114322,0.820816
AGCGATGCGCCTAATA-1,0.057091,0.330653,0.490604,0.037801,0.083852
AGCGCATAATGAATCG-1,0.000014,0.048992,0.794103,0.096777,0.060114
AGCGCGGGTGCCAATG-1,0.993693,0.00592,0.000276,0.000055,0.000055
AGCGCTAGAGCGATGT-1,0.042288,0.456933,0.423483,0.075186,0.00211
AGCGGACACTTCGTAG-1,0.042767,0.451419,0.28674,0.128945,0.090129
AGCGGCGGTTAGCGGT-1,0.012198,0.232198,0.438213,0.025696,0.291695
AGCGGGAAGGGTCCAT-1,0.142255,0.618157,0.231325,0.00437,0.003893
AGCGGGTCTGACACTC-1,0.116257,0.165381,0.420967,0.210294,0.087101
AGCGTGGTATTCTACT-1,0.127655,0.21791,0.57061,0.043414,0.040411
AGCTAACAAGCAATGT-1,0.00101,0.029513,0.514661,0.389595,0.065221
AGCTAAGTACGCAGGC-1,0.021108,0.262692,0.480087,0.2119,0.024214
AGCTAGAAGCAGAAGT-1,0.075783,0.546984,0.122167,0.25433,0.000735
AGCTATTTAATCCAAC-1,0.03752,0.316125,0.603977,0.023931,0.018447
AGCTCCATATATGTTC-1,0.238829,0.059352,0.471943,0.033095,0.19678
AGCTCCTTCGCACATC-1,0.219997,0.067495,0.417896,0.192447,0.102165
AGCTCTAGACGTTCCA-1,0.002442,0.470637,0.525691,0.001205,0.000025
AGCTCTTCCCAGTGCA-1,0.015749,0.568631,0.344521,0.063485,0.007614
AGCTCTTCGTAACCTT-1,0.099312,0.427393,0.436402,0.036865,0.000028
AGCTCTTTACTCAGTT-1,0.066519,0.14349,0.591202,0.021516,0.177272
AGCTGAAGTAAACCAA-1,0.00037,0.35423,0.335959,0.236654,0.072786
AGCTGTAACCTCAATC-1,0.076571,0.150274,0.545069,0.19333,0.034755
AGCTTCTTCTCGAGCA-1,0.000012,0.044926,0.71681,0.234997,0.003256
AGCTTGATCTTAACTT-1,0.016562,0.188844,0.695846,0.003042,0.095706
AGGAACGAACGACTTC-1,0.043996,0.216587,0.678227,0.007894,0.053296
AGGAAGCTGTCCGCCG-1,0.044315,0.084878,0.345155,0.482982,0.04267
AGGACAGTCGAATCCC-1,0.035282,0.259996,0.570393,0.001669,0.13266
AGGACATCGCACGTCG-1,0.17645,0.659061,0.16439,0.00005,0.00005
AGGACATCGGCACACT-1,0.014434,0.145523,0.801964,0.010723,0.027356
AGGACGACCCATTAGA-1,0.000159,0.03141,0.929362,0.005019,0.03405
AGGACGCTCGATGTTG-1,0.062498,0.684663,0.204176,0.041888,0.006774
AGGAGGCCTTCGCGCG-1,0.065465,0.313056,0.489962,0.035278,0.09624
AGGATAAAGTCGGGAT-1,0.008112,0.20175,0.558765,0.113147,0.118226
AGGATATAGGGATTTA-1,0.057003,0.096689,0.814021,0.011507,0.02078
AGGATATCCGACTGCA-1,0.103108,0.317633,0.184815,0.219365,0.175079
AGGATCACGCGATCTG-1,0.030875,0.020917,0.932029,0.014166,0.002012
AGGATTGCTTACGACA-1,0.945608,0.004396,0.000404,0.039975,0.009617
AGGCACGTGACTGTCC-1,0.023132,0.124306,0.711763,0.025949,0.114851
AGGCAGATGCGTAAAC-1,0.999555,0.000099,0.000247,0.000049,0.000049
AGGCAGGGAGCGTACT-1,0.004602,0.196209,0.573504,0.176993,0.048693
AGGCATTGTCGTAGGG-1,0.180609,0.106112,0.42553,0.025164,0.262585
AGGCCACATTGGTTAC-1,0.033266,0.418827,0.519052,0.020659,0.008196
AGGCCACCCGTTATGA-1,0.519702,0.457961,0.004987,0.000077,0.017273
AGGCCCATTGTACAGG-1,0.242351,0.528556,0.207192,0.02187,0.000031
AGGCCCTAGAACGCCA-1,0.010132,0.057883,0.631974,0.206501,0.09351
AGGCCTATCATACCAA-1,0.209299,0.025398,0.143071,0.0852,0.537033
AGGCCTGAGAATCTCG-1,0.009071,0.084963,0.657775,0.247541,0.000649
AGGCGATAACTGGCGT-1,0.112771,0.171276,0.504193,0.002324,0.209435
AGGCGGTTTGTCCCGC-1,0.025167,0.409759,0.150372,0.220233,0.194469
AGGCTATGGTTAGCTT-1,0.999331,0.000149,0.000372,0.000074,0.000074
AGGCTTCCCGAAGAAG-1,0.086849,0.098481,0.562059,0.065923,0.186688
AGGCTTGCTAGACACC-1,0.996625,0.000227,0.000566,0.000113,0.002469
AGGGACCGGCTGCGTT-1,0.160833,0.562646,0.160806,0.115686,0.000029
AGGGACTCTACGCGAC-1,0.0035,0.046464,0.594623,0.023763,0.331651
AGGGAGACATACTTCG-1,0.620645,0.358375,0.020852,0.000064,0.000064
AGGGCCCTAATGTTCT-1,0.001556,0.09949,0.684665,0.002084,0.212206
AGGGCGAGCAGCTGAT-1,0.008713,0.083791,0.839738,0.049602,0.018156
AGGGCGTGATCGGCTA-1,0.082405,0.450166,0.456808,0.004953,0.005668
AGGGCTGCAGTTACAG-1,0.013673,0.424173,0.467351,0.094789,0.000014
AGGGTCAGAGCACTCG-1,0.000018,0.04955,0.293927,0.56909,0.087414
AGGGTCGATGCGAACT-1,0.003462,0.303916,0.620448,0.068612,0.003562
AGGGTCTGGACGCAGT-1,0.034494,0.329215,0.529643,0.011863,0.094785
AGGGTGCCGTTCTTTA-1,0.02514,0.181475,0.164577,0.258569,0.370238
AGGGTGCTCTCGAGGG-1,0.02085,0.593734,0.338904,0.046495,0.000017
AGGGTGGATAGTGCAT-1,0.001169,0.5401,0.371713,0.079493,0.007525
AGGGTTCAGACGGTCC-1,0.075722,0.090608,0.09445,0.229549,0.50967
AGGGTTCCCTTTGGTT-1,0.909337,0.049149,0.028718,0.006547,0.006248
AGGGTTTAGTTCGGGA-1,0.138136,0.582777,0.100391,0.177586,0.00111
AGGTAACCTCCTATTC-1,0.190394,0.741761,0.043617,0.000056,0.024172
AGGTACGATATTGCCA-1,0.000015,0.202852,0.79674,0.000015,0.000377
AGGTAGATCGAGATAT-1,0.098511,0.058585,0.370749,0.450059,0.022095
AGGTAGGTACAAAGCT-1,0.222017,0.418781,0.322379,0.025653,0.011171
AGGTATAATTGATAGT-1,0.000012,0.328066,0.667613,0.004297,0.000012
AGGTATGCGGACATTA-1,0.060425,0.531572,0.097574,0.31041,0.000018
AGGTCAGGTGAGAGTG-1,0.058213,0.105689,0.753347,0.02133,0.061421
AGGTCGCCTCCCAACA-1,0.006681,0.103897,0.570571,0.011232,0.307619
AGGTCGCGGAGTTACT-1,0.999607,0.000087,0.000218,0.000044,0.000044
AGGTGCACGTCCACAT-1,0.03902,0.279285,0.28513,0.156348,0.240217
AGGTGGTGACCTTCGC-1,0.123519,0.092471,0.29377,0.427887,0.062353
AGGTGTATCGCCATGA-1,0.153231,0.40776,0.352366,0.013051,0.073593
AGGTGTTGCCGACCAC-1,0.015213,0.256587,0.505791,0.004797,0.217612
AGGTTACACCATGCCG-1,0.189863,0.265595,0.50574,0.028701,0.0101
AGGTTGAGGCACGCTT-1,0.236654,0.737483,0.01236,0.01223,0.001272
AGGTTTCACACACCTT-1,0.00225,0.150691,0.82888,0.018163,0.000016
AGTAACTATAGCAGCC-1,0.030357,0.017112,0.911238,0.004892,0.036401
AGTAATCTAAGGGTGG-1,0.163685,0.27595,0.110025,0.077571,0.372768
AGTAATGTCTTGCCGC-1,0.10526,0.608207,0.198165,0.077105,0.011263
AGTACAGAAGCTTATA-1,0.067851,0.428508,0.124072,0.12657,0.252999
AGTACATCATTTATCA-1,0.87993,0.119435,0.000453,0.000091,0.000091
AGTACGGCCCGTATCG-1,0.161083,0.188592,0.479244,0.111327,0.059754
AGTACGGGCACCTGGC-1,0.999803,0.000044,0.00011,0.000022,0.000022
AGTACTCTTATGCCCA-1,0.165719,0.157282,0.450952,0.140645,0.085403
AGTAGAAGGCGCCTCA-1,0.078506,0.086266,0.37338,0.365741,0.096106
AGTAGGTAACATACAT-1,0.042987,0.2009,0.7414,0.014683,0.00003
AGTATAATACTAGGCA-1,0.999,0.000222,0.000556,0.000111,0.000111
AGTATACACAGCGACA-1,0.0043,0.085833,0.498394,0.364576,0.046898
AGTATGCTGGAGACCA-1,0.002923,0.075998,0.504376,0.391593,0.02511
AGTATTTGGCACGACC-1,0.065593,0.009848,0.790179,0.134284,0.000097
AGTCAAATGATGTGAT-1,0.065782,0.172992,0.109879,0.186642,0.464705
AGTCAACACCACCATC-1,0.00331,0.322817,0.610196,0.058195,0.005483
AGTCAAGATGACACTT-1,0.11444,0.292105,0.466171,0.024682,0.102601
AGTCACTAGCTCTCGA-1,0.002106,0.164099,0.803134,0.00524,0.025422
AGTCAGCCACCGCCTG-1,0.07201,0.477662,0.442866,0.007436,0.000026
AGTCCATTGGCTGATG-1,0.025948,0.255241,0.690974,0.024982,0.002855
AGTCCCGCCTTTAATT-1,0.00001,0.335921,0.657002,0.007056,0.00001
AGTCGACGGTCTCAAG-1,0.149174,0.287822,0.250609,0.123461,0.188934
