Barcode,Topic 1,Topic 2to3,Topic 4,Topic 5to6,Topic 7to10
AAACAAGTATCTCCCA-1,0.107983,0.111244,0.000096,0.399004,0.381673
AAACACCAATAACTGC-1,0.000061,0.000121,0.018989,0.618798,0.362031
AAACAGAGCGACTCCT-1,0.036921,0.000079,0.000039,0.74943,0.213532
AAACAGCTTTCAGAAG-1,0.000038,0.022262,0.127367,0.449997,0.400335
AAACAGGGTCTATATT-1,0.000075,0.00015,0.150916,0.440901,0.407958
AAACAGTGTTCCTGGG-1,0.000239,0.069312,0.000239,0.000479,0.929731
AAACATGGTGAGAGGA-1,0.000032,0.000064,0.395087,0.071449,0.533368
AAACATTTCCCGGATT-1,0.009369,0.305095,0.000046,0.352141,0.333349
AAACCACTACACAGAT-1,0.041245,0.009019,0.072306,0.049904,0.827525
AAACCCGAACGAAATC-1,0.041104,0.76413,0.000573,0.016415,0.177777
AAACCGGAAATGTTAA-1,0.033835,0.892149,0.073876,0.000047,0.000093
AAACCGGGTAGGTACC-1,0.000078,0.064122,0.039389,0.403313,0.493098
AAACCGTTCGTCCAGG-1,0.00027,0.000541,0.177718,0.000541,0.82093
AAACCTAAGCAGCCGG-1,0.000148,0.08503,0.000148,0.168124,0.74655
AAACCTCATGAAGTTG-1,0.000067,0.000134,0.293428,0.465534,0.240837
AAACGAAGAACATACC-1,0.041063,0.000234,0.336794,0.224612,0.397296
AAACGAAGATGGAGTA-1,0.000087,0.000174,0.018345,0.397691,0.583703
AAACGACAGTCTTGCC-1,0.000026,0.02441,0.257481,0.013277,0.704806
AAACGAGACGGTTGAT-1,0.002091,0.000099,0.042793,0.592747,0.36227
AAACGCCCGAGATCGG-1,0.000031,0.000062,0.028863,0.388231,0.582813
AAACGCTGGGCACGAC-1,0.073981,0.864028,0.05946,0.000021,0.00251
AAACGGGCGTACGGGT-1,0.033056,0.536512,0.158893,0.006605,0.264935
AAACGGTTGCGAACTG-1,0.000067,0.019054,0.06737,0.364698,0.54881
AAACGTGTTCGCCCTA-1,0.000071,0.036184,0.237987,0.104251,0.621506
AAACTAACGTGGCGAC-1,0.011297,0.079494,0.007949,0.393734,0.507527
AAACTCGGTTCGCAAT-1,0.000096,0.129645,0.274204,0.020141,0.575914
AAACTCGTGATATAAG-1,0.003534,0.113137,0.00008,0.57543,0.307818
AAACTGCTGGCTCCAA-1,0.066829,0.000174,0.000087,0.403891,0.529018
AAACTTAATTGCACGC-1,0.00007,0.00014,0.054354,0.298939,0.646497
AAACTTGCAAACGTAT-1,0.000108,0.000215,0.000626,0.415032,0.584019
AAAGAATGACCTTAGA-1,0.047274,0.000105,0.000053,0.076912,0.875656
AAAGAATGTGGACTAA-1,0.057402,0.871767,0.00003,0.00006,0.070741
AAAGACATGAAGTTTA-1,0.000018,0.000682,0.157855,0.018612,0.822832
AAAGACTGGGCGCTTT-1,0.000079,0.000159,0.000079,0.244325,0.755357
AAAGCTTGCCTACATA-1,0.073464,0.176735,0.09423,0.138563,0.517008
AAAGGCCCTATAATAC-1,0.000082,0.042697,0.000082,0.000164,0.956975
AAAGGCTACGGACCAT-1,0.00012,0.000241,0.116684,0.242268,0.640687
AAAGGCTCTCGCGCCG-1,0.000144,0.000287,0.02858,0.485143,0.485845
AAAGGGATGTAGCAAG-1,0.000066,0.000131,0.000066,0.79422,0.205517
AAAGGGCAGCTTGAAT-1,0.062081,0.000381,0.021011,0.257303,0.659224
AAAGGTAAGCTGTACC-1,0.172486,0.000178,0.093269,0.21627,0.517797
AAAGGTCAACGACATG-1,0.008829,0.00006,0.036084,0.265743,0.689283
AAAGTAGCATTGCTCA-1,0.072323,0.000276,0.15206,0.158084,0.617257
AAAGTCGACCCTCAGT-1,0.000047,0.059614,0.000047,0.424546,0.515747
AAAGTGCCATCAATTA-1,0.010411,0.963741,0.000012,0.000024,0.025811
AAAGTGTGATTTATCT-1,0.131424,0.000242,0.000121,0.402482,0.46573
AAAGTTGACTCCCGTA-1,0.000071,0.000142,0.000071,0.743434,0.256282
AAATAACCATACGGGA-1,0.000033,0.000066,0.076163,0.58866,0.335078
AAATAAGGTAGTGCCC-1,0.088589,0.240944,0.000117,0.190997,0.479353
AAATACCTATAAGCAT-1,0.049879,0.000219,0.081104,0.470879,0.397918
AAATAGCTTAGACTTT-1,0.056804,0.193645,0.064464,0.196404,0.488682
AAATAGGGTGCTATTG-1,0.000075,0.354386,0.000075,0.210547,0.434916
AAATCACTCCTAAACG-1,0.007557,0.045646,0.085068,0.181038,0.680691
AAATCCGATACACGCC-1,0.000116,0.182812,0.042534,0.000233,0.774305
AAATCGCGGAAGGAGT-1,0.000035,0.013738,0.158137,0.482271,0.345819
AAATCGTGTACCACAA-1,0.030137,0.000235,0.356519,0.486679,0.126429
AAATCTAGCCCTGCTA-1,0.086804,0.30283,0.06044,0.184261,0.365665
AAATCTGCCCGCGTCC-1,0.00002,0.022039,0.00002,0.044064,0.933857
AAATGACTGATCAAAC-1,0.065583,0.000294,0.000147,0.091049,0.842927
AAATGATTCGATCAGC-1,0.000071,0.137504,0.087198,0.535315,0.239911
AAATGCTCGTTACGTT-1,0.000375,0.000749,0.000375,0.000749,0.997752
AAATGGCATGTCTTGT-1,0.000059,0.000117,0.252183,0.495296,0.252345
AAATGGCCCGTGCCCT-1,0.000073,0.000146,0.240007,0.384688,0.375086
AAATGGTCAATGTGCC-1,0.031962,0.000168,0.03561,0.434378,0.497881
AAATGTATCTTATCCC-1,0.000034,0.036757,0.02447,0.051575,0.887164
AAATTAACGGGTAGCT-1,0.074106,0.000364,0.091975,0.528462,0.305093
AAATTAATAAGCGCGA-1,0.033882,0.068879,0.197199,0.061088,0.638953
AAATTACACGACTCTG-1,0.000048,0.000097,0.212387,0.52575,0.261717
AAATTACCTATCGATG-1,0.256496,0.000197,0.029922,0.199691,0.513694
AAATTCCAGGTCCAAA-1,0.041155,0.565683,0.000074,0.016112,0.376975
AAATTGATAGTCCTTT-1,0.000177,0.026638,0.077119,0.029501,0.866565
AAATTGCGGCGGTTCT-1,0.000101,0.046676,0.000101,0.063427,0.889694
AAATTGGTGAGAAGCA-1,0.000063,0.144073,0.072862,0.113351,0.669651
AAATTTACCGAAATCC-1,0.00003,0.00006,0.125548,0.372092,0.502269
AAATTTGCGGGTGTGG-1,0.098547,0.000435,0.000217,0.231705,0.669096
AACAACTGGTAGTTGC-1,0.063122,0.152775,0.000217,0.663634,0.120253
AACAATACATTGTCGA-1,0.000153,0.095249,0.000153,0.000306,0.904138
AACAATTACTCTACGC-1,0.000123,0.000245,0.000123,0.477682,0.521827
AACACACGCTCGCCGC-1,0.000089,0.109211,0.000089,0.024903,0.865707
AACACGACTGTACTGA-1,0.000083,0.000165,0.000083,0.675017,0.324653
AACACGAGACGCGGCC-1,0.001015,0.118826,0.168136,0.419532,0.292492
AACAGCTGTGTGGCAA-1,0.056719,0.000475,0.000238,0.000475,0.942093
AACAGGAAATCGAATA-1,0.000107,0.000214,0.026133,0.470886,0.50266
AACAGGATGGGCCGCG-1,0.00025,0.0005,0.00025,0.009413,0.989587
AACAGGTAGTATGGAT-1,0.263029,0.736523,0.000064,0.000128,0.000256
AACATAGCGTGTATCG-1,0.000058,0.048824,0.001644,0.073168,0.876306
AACATATCAACTGGTG-1,0.062542,0.06738,0.000067,0.360263,0.509749
AACATCGATACGTCTA-1,0.000033,0.000065,0.000033,0.706979,0.29289
AACATTGAAGTTGATC-1,0.000138,0.000276,0.328573,0.000276,0.670738
AACATTGTGACTCGAG-1,0.000118,0.000236,0.000118,0.269676,0.729851
AACCAAGACTTCTCTG-1,0.000102,0.050309,0.00528,0.459991,0.484319
AACCAGTATCACTCTT-1,0.000112,0.000224,0.096917,0.295145,0.607603
AACCATAGGGTTGAAC-1,0.00004,0.000081,0.00004,0.118884,0.880954
AACCCATCCCATGATC-1,0.000068,0.000136,0.001555,0.680969,0.317273
AACCCGACAACCCGTG-1,0.027944,0.10262,0.000299,0.056032,0.813104
AACCCGAGCAGAATCG-1,0.150063,0.780623,0.000034,0.000083,0.069198
AACCCGATAGGGCTTC-1,0.000022,0.073051,0.000022,0.087825,0.83908
AACCCGCTGTATTCCA-1,0.000098,0.000196,0.0001,0.306481,0.693125
AACCCTACTGTCAATA-1,0.000087,0.164478,0.000087,0.092711,0.742637
AACCCTGGTGGAACCA-1,0.00005,0.0001,0.00005,0.647823,0.351976
AACCGAGCTTGGTCAT-1,0.000094,0.000188,0.385192,0.250602,0.363925
AACCGCTAAGGGATGC-1,0.023762,0.055177,0.000042,0.411409,0.50961
AACCGTTGTGTTTGCT-1,0.000074,0.010915,0.000074,0.326996,0.661941
AACCTAAAGCCGTCCG-1,0.000043,0.000086,0.099973,0.149109,0.750789
AACCTCGCTTTAGCCC-1,0.000202,0.038731,0.000202,0.000403,0.960463
AACCTGTCACGGAATT-1,0.131993,0.729571,0.128005,0.000135,0.010295
AACCTTTAAATACGGT-1,0.006495,0.090646,0.093606,0.375774,0.43348
AACCTTTACGACGTCT-1,0.00017,0.173831,0.00017,0.00034,0.825489
AACGAAAGTCGTCCCA-1,0.000046,0.03322,0.186507,0.305861,0.474366
AACGACCTCCTAGCCG-1,0.034471,0.849667,0.110079,0.000022,0.00576
AACGATAATGCCGTAG-1,0.000161,0.104579,0.033755,0.252444,0.60906
AACGATAGAAGGGCCG-1,0.000299,0.000599,0.000299,0.128609,0.870193
AACGATATGTCAACTG-1,0.132087,0.000234,0.000117,0.332416,0.535146
AACGCATGATCTGGGT-1,0.064273,0.000167,0.167941,0.447409,0.320211
AACGCGACCTTGGGCG-1,0.000046,0.000092,0.026445,0.539638,0.433779
AACGCGGTCTCCAGCC-1,0.000103,0.000206,0.000103,0.649424,0.350164
AACGCTGTTGCTGAAA-1,0.049142,0.020851,0.093667,0.386357,0.449983
AACGGACGTACGTATA-1,0.053392,0.016018,0.000092,0.42671,0.503787
AACGGCCATCTCCGGT-1,0.000065,0.074775,0.085467,0.434408,0.405286
AACGTACTGTGGGTAC-1,0.000303,0.140856,0.000303,0.000606,0.857932
AACGTCATCCGGCTTG-1,0.000079,0.054933,0.0912,0.000159,0.853629
AACGTCGCTGCACTTC-1,0.000036,0.952296,0.000036,0.000072,0.047561
AACGTGATGAAGGACA-1,0.000053,0.000106,0.000053,0.758176,0.241611
AACGTGCGAAAGTCTC-1,0.000104,0.031258,0.131417,0.291783,0.545438
AACGTTATCAGCACCT-1,0.000052,0.000105,0.006603,0.423861,0.56938
AACGTTCTACCATTGT-1,0.062002,0.846645,0.09125,0.000034,0.000068
AACTACCCGTTTGTCA-1,0.163595,0.656669,0.000062,0.000124,0.179549
AACTAGGCTTGGGTGT-1,0.000162,0.000324,0.018365,0.454833,0.526315
AACTCAAGTTAATTGC-1,0.000153,0.105751,0.359872,0.000306,0.533918
AACTCCAGAGCGTGTT-1,0.077495,0.212462,0.000175,0.114338,0.595531
AACTCCTAATCCCATG-1,0.000075,0.000149,0.48177,0.149951,0.368055
AACTCGATAAACACGT-1,0.000066,0.031344,0.040464,0.102396,0.825729
AACTCTCAATAGAGCG-1,0.095035,0.00016,0.016943,0.551629,0.336233
AACTCTCAGTGTGCTC-1,0.000516,0.129261,0.000516,0.001031,0.868677
AACTGAGGTCAGCGTC-1,0.079672,0.000249,0.000124,0.350234,0.569721
AACTGAGTTATACTGA-1,0.029683,0.910809,0.056558,0.000035,0.002915
AACTGATATTAGGCCT-1,0.000142,0.000285,0.000142,0.477028,0.522402
AACTGGGTCCCGACGT-1,0.029156,0.00016,0.15317,0.686923,0.130591
AACTGGGTTCGAGCCG-1,0.000078,0.000156,0.055492,0.322908,0.621367
AACTTCTGCGTCTATC-1,0.000175,0.029572,0.166671,0.173236,0.630346
AACTTGCCCGTATGCA-1,0.000103,0.047131,0.022603,0.246524,0.68364
AACTTGCGTTCTCGCG-1,0.05581,0.000851,0.000426,0.070259,0.872654
AACTTTACGGGAGCTT-1,0.029591,0.000121,0.193809,0.31538,0.4611
AACTTTCTCGATCATG-1,0.037691,0.213459,0.000122,0.074944,0.673783
AAGAAAGTTTGATGGG-1,0.000042,0.041397,0.000042,0.000083,0.958437
AAGAAATCACCAGATT-1,0.029964,0.068511,0.118602,0.033797,0.749127
AAGAAGGATCAGTTAG-1,0.000129,0.119969,0.008235,0.652572,0.219094
AAGACATACGTGGTTT-1,0.122392,0.820245,0.057203,0.000053,0.000107
AAGACCAAATAACTCA-1,0.000086,0.000173,0.006343,0.113524,0.879873
AAGACCCAACTGAACA-1,0.000082,0.173246,0.000082,0.000163,0.826427
AAGACTCACGCCCACT-1,0.000029,0.000059,0.000029,0.255723,0.744159
AAGACTGCAAGCTACT-1,0.018086,0.000164,0.062802,0.503529,0.415419
AAGAGATGAATCGGTA-1,0.043576,0.000396,0.241786,0.303312,0.41093
AAGAGCTCTTTATCGG-1,0.032033,0.066806,0.000078,0.444315,0.456768
AAGAGGATGTACGCGA-1,0.063531,0.000443,0.000221,0.406642,0.529163
AAGAGGCATGGATCGC-1,0.028948,0.027729,0.000078,0.51063,0.432615
AAGAGGCCCTTTGGAA-1,0.068109,0.830927,0.000085,0.000169,0.100709
AAGATGGCACCGGACC-1,0.000144,0.239724,0.000144,0.000288,0.759699
AAGATTGGCGGAACGT-1,0.000078,0.107169,0.124352,0.296748,0.471654
AAGCACCCTGCGTATC-1,0.011416,0.000278,0.061916,0.329205,0.597184
AAGCATACTCTCCTGA-1,0.000107,0.07842,0.032988,0.000214,0.88827
AAGCCACTTGCAGGTA-1,0.000187,0.20497,0.000187,0.000375,0.79428
AAGCCGAAGCGGTTTA-1,0.339426,0.338258,0.088562,0.042879,0.190875
AAGCCGCCGTGAAATC-1,0.016588,0.000187,0.000093,0.473861,0.509271
AAGCCGCTTTACCTTG-1,0.000044,0.042625,0.000044,0.13968,0.817607
AAGCCGGAGAGCAGGA-1,0.110504,0.884134,0.000015,0.000031,0.005315
AAGCGCAGGGCTTTGA-1,0.000152,0.028908,0.000152,0.321551,0.649238
AAGCGGAGTGCGCGCA-1,0.010005,0.111855,0.000043,0.103343,0.774754
AAGCGGCGTCATGGGT-1,0.093087,0.000163,0.025431,0.44554,0.435779
AAGCGTCCCTCATCGA-1,0.000275,0.093448,0.000275,0.00055,0.905453
AAGCTAGATCGAGTAA-1,0.000107,0.096475,0.083279,0.29851,0.52163
AAGCTATGGATTGACC-1,0.000029,0.030632,0.000029,0.001634,0.967678
AAGCTCGTGCCAAGTC-1,0.000052,0.000103,0.015788,0.61525,0.368807
AAGCTCTTTCATGGTG-1,0.000422,0.118236,0.000422,0.000844,0.880076
AAGGAGCGGTTGGTGC-1,0.000148,0.082357,0.252241,0.000296,0.664959
AAGGATCGATCGCTTG-1,0.030203,0.365553,0.000051,0.421835,0.182358
AAGGATGAGGGACCTC-1,0.074092,0.082044,0.000095,0.523625,0.320144
AAGGCAGGCTGTCTCC-1,0.000065,0.864672,0.000065,0.000131,0.135066
AAGGCTGTGCTCATCG-1,0.000277,0.000554,0.000277,0.49461,0.504281
AAGGGAACGACTGGCT-1,0.000096,0.000193,0.000096,0.38047,0.619144
AAGGGACAGATTCTGT-1,0.00008,0.052985,0.00008,0.532459,0.414397
AAGGGACTATGCATTC-1,0.000242,0.000484,0.000242,0.307707,0.691324
AAGGGTTAGCCATGCG-1,0.071297,0.919197,0.009438,0.000023,0.000045
AAGGGTTTGATTTCAG-1,0.000058,0.135302,0.000058,0.000116,0.864467
AAGGTATCCTAATATA-1,0.000028,0.000056,0.004742,0.70547,0.289704
AAGGTGATAAACCAGC-1,0.000071,0.255098,0.073673,0.424357,0.246801
AAGTAGAAGACCGGGT-1,0.000132,0.147323,0.035314,0.560084,0.257147
AAGTAGTGACGCGAGG-1,0.065552,0.000456,0.092583,0.242847,0.598562
AAGTCAATTGTCGTCA-1,0.000021,0.065556,0.000021,0.418284,0.516117
AAGTCTAGTAGCTGCC-1,0.000065,0.073355,0.193168,0.020603,0.712809
AAGTCTTCTGTGGCCT-1,0.00004,0.00008,0.102888,0.06101,0.835982
AAGTGACGACCGAATT-1,0.000083,0.03551,0.50028,0.000166,0.463962
AAGTGAGTCGGGTTTA-1,0.000126,0.153873,0.000126,0.000252,0.845623
AAGTGCAAAGGTAGAC-1,0.000063,0.000127,0.025593,0.71462,0.259596
AAGTGCCTTGACTGTA-1,0.000047,0.1521,0.085457,0.448941,0.313456
AAGTGCGTTAGAATCT-1,0.049106,0.000276,0.055599,0.450571,0.444447
AAGTGCTTCTCTATTG-1,0.000123,0.092137,0.069859,0.185281,0.652599
AAGTGTTTGGAGACGG-1,0.000123,0.472547,0.029675,0.127789,0.369866
AAGTTCACTCCAAGCT-1,0.00019,0.035781,0.041763,0.381183,0.541083
AAGTTCAGTCTGCGTA-1,0.015722,0.000148,0.089492,0.361253,0.533383
AAGTTCGGCCAACAGG-1,0.000172,0.293012,0.380582,0.000344,0.325889
AAGTTGTGATGTTATA-1,0.390318,0.479744,0.000099,0.000197,0.129642
AAGTTTACTAATGGCA-1,0.000199,0.000399,0.000199,0.000399,0.998804
AAGTTTATGGGCCCAA-1,0.000055,0.051025,0.033875,0.033199,0.881847
AATAACAACGCTCGGC-1,0.000157,0.184968,0.000157,0.429662,0.385055
AATAACACTAGAACAA-1,0.015805,0.108051,0.099879,0.356548,0.419717
AATAACGTCGCGCCCA-1,0.00003,0.880796,0.00003,0.000061,0.119082
AATAAGTCCTCGAGAC-1,0.000053,0.000107,0.000053,0.455615,0.544172
AATAATCTTCGTATCG-1,0.000042,0.944496,0.000042,0.000084,0.055336
AATACAATGTTTCAGG-1,0.009106,0.000146,0.513621,0.15196,0.325167
AATACCGGAGGGCTGT-1,0.000119,0.117805,0.047558,0.113635,0.720882
AATACCTGATGTGAAC-1,0.000125,0.364848,0.000125,0.000249,0.634653
AATAGAACAGAGTGGC-1,0.000163,0.000326,0.122397,0.113597,0.763517
AATAGAATCTGTTTCA-1,0.000177,0.081565,0.098584,0.002191,0.817483
AATAGCAAGCCTCCTG-1,0.000045,0.000091,0.000045,0.29228,0.707539
AATAGCTACCGCGTGC-1,0.135318,0.00896,0.077422,0.4934,0.2849
AATAGGCACGACCCTT-1,0.000028,0.201214,0.07352,0.067332,0.657906
AATAGTCCGTCCCGAC-1,0.000107,0.000214,0.049208,0.442455,0.508017
AATAGTCGCGAGTCGG-1,0.000027,0.000054,0.000027,0.452747,0.547144
AATATCCTAGCAAACT-1,0.000033,0.000067,0.000033,0.054585,0.945282
AATATCGAATCAATGC-1,0.51899,0.322459,0.000098,0.049837,0.108616
AATATCGAGGGTTCTC-1,0.000134,0.05714,0.000134,0.19711,0.745482
AATATTGGAGTATTGA-1,0.000086,0.000172,0.331546,0.487458,0.180738
AATCAGGTTTCATTTA-1,0.000372,0.232489,0.000372,0.000744,0.766024
AATCATGTAAAGACTC-1,0.000077,0.000153,0.000077,0.245817,0.753876
AATCCCGCTCAGAGCC-1,0.000065,0.000129,0.000065,0.002707,0.997034
AATCGAGGTCTCAAGG-1,0.000202,0.044859,0.000202,0.024454,0.930282
AATCGCCTCAGCGCCA-1,0.017344,0.138814,0.113626,0.392206,0.338011
AATCGCGCAGAGGACT-1,0.386342,0.609654,0.000047,0.000521,0.003437
AATCGGGACACTACGA-1,0.000274,0.000548,0.000274,0.147874,0.85103
AATCGGTATAGCCCTC-1,0.171117,0.783648,0.000033,0.006256,0.038947
AATCGTGAGCCGAGCA-1,0.05607,0.000294,0.000147,0.588109,0.355381
AATCTAGGTTTACTTG-1,0.013305,0.000308,0.126976,0.376152,0.483259
AATCTATGCCGGAGCC-1,0.204151,0.000222,0.000111,0.358648,0.436869
AATCTCTACTGTGGTT-1,0.000092,0.000185,0.000092,0.504392,0.495238
AATCTGCGTTGGGACG-1,0.071457,0.107223,0.000129,0.124302,0.696889
AATCTGGCTTTCTAGT-1,0.000168,0.000337,0.000168,0.221386,0.77794
AATCTGGGTAGACCCT-1,0.000041,0.000081,0.031096,0.624689,0.344093
AATGACAGCAATGTCT-1,0.000146,0.110148,0.000146,0.142881,0.746678
AATGACGTAGGATGTC-1,0.000121,0.055212,0.321729,0.091065,0.531874
AATGACTGTCAGCCGG-1,0.099563,0.000722,0.000361,0.201027,0.698326
AATGAGTTCGCATATG-1,0.082389,0.000339,0.530501,0.003968,0.382803
AATGATGATACGCTAT-1,0.091007,0.00026,0.00013,0.27988,0.628722
AATGATGCGACTCCTG-1,0.121252,0.000173,0.404311,0.216354,0.257909
AATGCAACCGGGTACC-1,0.000055,0.000109,0.034765,0.824094,0.140977
AATGCACCAAGCAATG-1,0.00808,0.117136,0.111746,0.337223,0.425816
AATGGCCGCCAATGCG-1,0.000023,0.093381,0.286881,0.088365,0.53135
AATGGTCCACCGTTCA-1,0.000082,0.027776,0.534281,0.021084,0.416778
AATGTATGGCACTGTA-1,0.000049,0.003999,0.000049,0.000098,0.995806
AATGTGCCCGAGGTGT-1,0.000117,0.000234,0.000117,0.255917,0.743615
AATGTGCTAATCTGAG-1,0.000127,0.067506,0.098348,0.334303,0.499716
AATGTTAAGACCCTGA-1,0.000127,0.127509,0.000127,0.000255,0.871982
AATGTTGTCGTGAGAC-1,0.319677,0.680053,0.000039,0.000077,0.000154
AATTAAAGGTCGGCGT-1,0.000116,0.000232,0.000116,0.59276,0.406775
AATTAACGGATTTCCA-1,0.022118,0.000251,0.000125,0.537456,0.44005
AATTACGAGACCCATC-1,0.000083,0.000167,0.028985,0.330285,0.640479
AATTACTCGTACGCTC-1,0.000127,0.000255,0.000127,0.158435,0.841055
AATTAGCGCTGCAGCG-1,0.000079,0.014298,0.120564,0.418159,0.446899
AATTATACCCAGCAAG-1,0.000164,0.20933,0.000164,0.000328,0.790014
AATTCATAAGGGATCT-1,0.000056,0.030045,0.147709,0.331182,0.491009
AATTCATTGTCATGCA-1,0.000109,0.000218,0.218182,0.321067,0.460424
AATTCCAAGCATGTAC-1,0.000114,0.000229,0.049681,0.21008,0.739896
AATTCGATTCGAGGAT-1,0.000112,0.000225,0.098602,0.339925,0.561136
AATTCTAGAGTTAGGC-1,0.000118,0.000236,0.403013,0.350003,0.24663
AATTGAACGCTCTGGT-1,0.052562,0.048175,0.027805,0.36588,0.505578
AATTGCAGCAATCGAC-1,0.018378,0.564666,0.000055,0.139685,0.277216
AATTGCGTGGATTACA-1,0.000125,0.035744,0.000125,0.274165,0.689841
AATTGTGGTTGCCAAA-1,0.064201,0.911669,0.000017,0.000034,0.02408
AATTTGGGACATAGTA-1,0.025344,0.000211,0.000105,0.634034,0.340306
AATTTGGTTCCAAAGA-1,0.000099,0.000199,0.000099,0.718881,0.280721
ACAAACCATGCGTCCT-1,0.000055,0.004044,0.043454,0.268507,0.683941
ACAAACCGACAAGGCG-1,0.000024,0.000048,0.024965,0.156934,0.818029
ACAAACTCCATCAGAG-1,0.002699,0.093967,0.062994,0.122772,0.717568
ACAAAGAAGGTAGGCC-1,0.000053,0.000106,0.00156,0.393112,0.605169
ACAAAGCATGACCTAG-1,0.190506,0.079996,0.00014,0.113233,0.616125
ACAAATCGCACCGAAT-1,0.034902,0.000243,0.000122,0.214938,0.749795
ACAAATGGTAGTGTTT-1,0.07638,0.178118,0.000088,0.560189,0.185225
ACAAATTCAGATCTGA-1,0.042879,0.000135,0.077572,0.328807,0.550607
ACAACAGCATGAGCTA-1,0.025985,0.000128,0.079245,0.508356,0.386285
ACAACGGTCCCTGCGA-1,0.000362,0.168464,0.000362,0.29054,0.540271
ACAAGCAGTGCCTAGC-1,0.000114,0.000228,0.000114,0.457533,0.542011
ACAAGCTATATGGAAG-1,0.000046,0.000091,0.247499,0.044743,0.707621
ACAAGGAAATCCGCCC-1,0.000128,0.097584,0.129855,0.018488,0.753945
ACAAGGACAAGAGGTT-1,0.019113,0.068369,0.02446,0.425656,0.462401
ACAAGGATGCTTTAGG-1,0.098672,0.101328,0.155913,0.000314,0.643774
ACAAGGCCTACCAGCC-1,0.011227,0.028777,0.000067,0.380084,0.579845
ACAAGGGCAGGCTCTG-1,0.00013,0.00026,0.136348,0.331563,0.531698
ACAAGTAATTGTAAGG-1,0.000075,0.109133,0.000075,0.00015,0.890568
ACAATAGTCGTACGTT-1,0.05518,0.000213,0.003908,0.580668,0.360031
ACAATCCATTTAAACC-1,0.04282,0.000375,0.023899,0.410904,0.522002
ACAATCGATCTTTATA-1,0.000143,0.092036,0.000143,0.04896,0.858718
ACAATGAATACGGAGA-1,0.023857,0.183972,0.000266,0.172011,0.619895
ACAATGATTCTTCTAC-1,0.024193,0.000136,0.000068,0.258541,0.717062
ACAATTGTGTCTCTTT-1,0.000152,0.293513,0.000152,0.113137,0.593046
ACAATTTAGGAGGCTC-1,0.0441,0.000259,0.00013,0.36612,0.589392
ACAATTTGAGCAGTGG-1,0.120676,0.288269,0.158697,0.208693,0.223666
ACAATTTGGCCATATT-1,0.246814,0.69586,0.057151,0.000058,0.000117
ACACAAAGACGGGTGG-1,0.000045,0.00009,0.000045,0.853085,0.146736
ACACAAATATTCCTAG-1,0.000028,0.020424,0.000028,0.130118,0.849403
ACACACCAGGACCAGT-1,0.002894,0.098078,0.090078,0.265098,0.543852
ACACACTTTCTACACG-1,0.000068,0.000136,0.000068,0.680399,0.31933
ACACATGATCAAATCT-1,0.00009,0.00018,0.181207,0.287332,0.531191
ACACATTGACGCAACA-1,0.000085,0.00017,0.000085,0.25132,0.74834
ACACATTTCCGTAGAC-1,0.000111,0.156931,0.21094,0.014575,0.617444
ACACCACATAATTAGC-1,0.121014,0.194559,0.03492,0.223109,0.426399
ACACCCAGCATGCAGC-1,0.000166,0.000332,0.116593,0.30653,0.576378
ACACCCGTAAATCTGT-1,0.000024,0.000048,0.29929,0.054908,0.64573
ACACCGAGCGCTCTTT-1,0.000077,0.000154,0.000077,0.338527,0.661164
ACACCGGTCTGACCGC-1,0.000066,0.000131,0.000066,0.457017,0.542721
ACACCTTAAGTAGGGC-1,0.0004,0.155235,0.0004,0.0008,0.843164
ACACCTTACTACTTGC-1,0.45521,0.32939,0.000106,0.06515,0.150145
ACACGAGACTCCTTCT-1,0.000065,0.00013,0.000065,0.667933,0.331807
ACACGGCACTATGCAT-1,0.000077,0.000154,0.000077,0.427176,0.572517
ACACGGGAACTTAGGG-1,0.039971,0.000215,0.000107,0.768483,0.191223
ACACGTAGGCCACAAG-1,0.072236,0.897361,0.000046,0.000093,0.030263
ACACTCCAATGTCACT-1,0.000154,0.000307,0.000154,0.478918,0.520468
ACACTGATCAAGGTGT-1,0.000189,0.000379,0.000189,0.13528,0.863962
ACACTGGGACAGTCGT-1,0.334422,0.665358,0.000031,0.000063,0.000126
ACAGAACTGAGAACAA-1,0.00007,0.00014,0.222688,0.460144,0.316957
ACAGCATAGAGCCAGT-1,0.140372,0.000643,0.02472,0.340284,0.49398
ACAGCGACATTCTCAT-1,0.222007,0.170702,0.055612,0.375747,0.175932
ACAGCGCACCCGCAGC-1,0.000069,0.000137,0.26293,0.2284,0.508464
ACAGGAGGCGCAGCCG-1,0.000075,0.329275,0.031834,0.000151,0.638665
ACAGGCACGGATCCTT-1,0.027819,0.137974,0.000066,0.352435,0.481707
ACAGGCTTGCCCGACT-1,0.01839,0.000315,0.068716,0.256519,0.65606
ACAGGTGGAGGTGAGG-1,0.000189,0.066167,0.061997,0.000377,0.87127
ACAGGTGTGTTGTTGC-1,0.000026,0.023382,0.38588,0.000051,0.590661
ACAGTAATACAACTTG-1,0.000068,0.000135,0.000068,0.614439,0.385291
ACAGTATACCGTGGGA-1,0.005582,0.150114,0.060824,0.290685,0.492795
ACAGTGCAGCGCATTT-1,0.000041,0.000083,0.000041,0.259592,0.740242
ACATAAGTCGTGGTGA-1,0.005098,0.000203,0.002259,0.537911,0.454529
ACATAATAAGGCGGTG-1,0.02666,0.000143,0.000072,0.827644,0.145481
ACATACAATCAAGCGG-1,0.000033,0.311583,0.000033,0.0009,0.687452
ACATCAGCTGGGACGC-1,0.000094,0.000188,0.119098,0.526455,0.354165
ACATCCCGGCCATACG-1,0.000129,0.041295,0.193983,0.156683,0.60791
ACATCCTGGTAACTGT-1,0.000051,0.000102,0.000051,0.554376,0.445421
ACATCGATCGTTTACC-1,0.081475,0.000291,0.057411,0.622936,0.237887
ACATCGCAATATTCGG-1,0.000082,0.110238,0.011775,0.000163,0.877743
ACATCGGTCAGCCGCG-1,0.000236,0.228442,0.000236,0.000472,0.770615
ACATCGTATGCAATGG-1,0.000043,0.000086,0.057996,0.887645,0.05423
ACATCGTTAACCTAGT-1,0.000049,0.000099,0.000049,0.732219,0.267583
ACATCTCAACGCGTAA-1,0.000069,0.025231,0.054063,0.338081,0.582555
ACATGCTTACGGCAGC-1,0.000034,0.020049,0.000034,0.000069,0.979814
ACATGGCGCCAAAGTA-1,0.040956,0.115447,0.075789,0.273487,0.494321
ACATGGCTCAATTTAG-1,0.080809,0.000897,0.000449,0.000897,0.916948
ACATTAGTTTATATCC-1,0.000129,0.000259,0.322879,0.219786,0.456946
ACATTCGCGCGGAATA-1,0.000208,0.222449,0.000208,0.000416,0.776719
ACATTTGAAACCTAAC-1,0.000083,0.197036,0.000083,0.035423,0.767375
ACCAAACACCCAGCGA-1,0.06641,0.000156,0.000078,0.455164,0.478193
ACCAAACTAGAAATCC-1,0.000159,0.000317,0.000159,0.000317,0.999049
ACCAACACCACACACT-1,0.000039,0.039592,0.055113,0.558755,0.3465
ACCAACCGCACTCCAC-1,0.000059,0.226944,0.048867,0.187594,0.536537
ACCAACGCTTATTTAT-1,0.000201,0.000403,0.000201,0.000403,0.998792
ACCAAGAACGCGTGTC-1,0.000385,0.000769,0.000385,0.000769,0.997692
ACCAAGTCATCGGCAG-1,0.16132,0.797893,0.000051,0.000102,0.040635
ACCAATATGCAAGTTA-1,0.000077,0.097251,0.121457,0.459722,0.321492
ACCACAACTCAGAACA-1,0.025333,0.000096,0.187933,0.556847,0.229791
ACCACAAGTTTCTATC-1,0.000144,0.111398,0.008867,0.600812,0.278778
ACCACACGGTTGATGG-1,0.000113,0.104301,0.000113,0.034181,0.861293
ACCACCAATGTAACAA-1,0.090093,0.322716,0.000109,0.127126,0.459956
ACCACCCTCTCTTCTA-1,0.000046,0.000092,0.000046,0.561713,0.438103
ACCACGTGCAGCTATA-1,0.043162,0.025728,0.138478,0.247474,0.545159
ACCACTGTTCAAGAAG-1,0.000066,0.000132,0.10081,0.12254,0.776452
ACCAGACCATAACAAC-1,0.000024,0.143806,0.351682,0.096456,0.408032
ACCAGCCCGGTCTTTG-1,0.000102,0.000204,0.000102,0.333598,0.665994
ACCAGTGCCCGGTCAA-1,0.00008,0.102741,0.00008,0.363279,0.53382
ACCAGTGCGGGAGACG-1,0.000102,0.074617,0.000102,0.469718,0.455461
ACCATATCCGCAATAA-1,0.038285,0.049924,0.053759,0.669859,0.188172
ACCATCCGCCAACTAG-1,0.000108,0.000216,0.142265,0.495646,0.361765
ACCATCGTATATGGTA-1,0.130347,0.109645,0.000479,0.000957,0.758572
ACCATTAAGGGTGTCA-1,0.000092,0.000185,0.134627,0.294993,0.570102
ACCCAACGCCCGTGGC-1,0.000077,0.309904,0.185858,0.100166,0.403995
ACCCACCTACATGCTC-1,0.000137,0.000274,0.203241,0.291151,0.505196
ACCCATCTTGAGGGTA-1,0.000144,0.126744,0.000144,0.214848,0.65812
ACCCATTTGTCCCTCT-1,0.026891,0.059686,0.000131,0.482632,0.43066
ACCCGAGCGAAATTAC-1,0.00019,0.049813,0.191227,0.00038,0.75839
ACCCGATTGGTTCCGA-1,0.000294,0.100473,0.000294,0.000588,0.898351
ACCCGGAAACTCCCAG-1,0.000058,0.000116,0.212346,0.281845,0.505635
ACCCGGAGCACCACAA-1,0.000039,0.909363,0.039201,0.000078,0.05132
ACCCGGATGACGCATC-1,0.008435,0.000156,0.055039,0.739145,0.197225
ACCCGGTTACACTTCC-1,0.000171,0.000342,0.000171,0.061734,0.937582
ACCCGTAGCAGAGAAT-1,0.000043,0.013624,0.000043,0.01797,0.96832
ACCCGTAGTCTAGTTG-1,0.05977,0.854382,0.032742,0.000044,0.053062
ACCCGTGTCATCAGTA-1,0.026909,0.00024,0.278162,0.436876,0.257813
ACCCTATAGGACTGAG-1,0.000279,0.160586,0.000279,0.000557,0.8383
ACCCTATGCCATATCG-1,0.004106,0.123284,0.04784,0.619433,0.205337
ACCCTCCCGTCAGGGC-1,0.554303,0.179354,0.000067,0.045099,0.221178
ACCCTCCCTTGCTATT-1,0.000161,0.068832,0.000161,0.387634,0.543213
ACCCTGGTAACGCCCT-1,0.000065,0.084106,0.047125,0.461779,0.406925
ACCCTTCATCTGCGAA-1,0.000129,0.013729,0.078941,0.407914,0.499287
ACCCTTGCCTGGGTCG-1,0.000044,0.080745,0.000044,0.13414,0.785026
ACCCTTTAGTTCTCCA-1,0.0299,0.000161,0.092731,0.517442,0.359766
ACCGAAGAGTCTGGTT-1,0.00009,0.00018,0.00009,0.20321,0.796431
ACCGACACATCTCCCA-1,0.000106,0.000212,0.361278,0.167798,0.470606
ACCGACTGAGTCCCAC-1,0.000088,0.000175,0.365235,0.368751,0.265751
ACCGAGTCTCCTTATT-1,0.000095,0.01699,0.109736,0.10245,0.77073
ACCGATAGGCATAACC-1,0.222853,0.770189,0.006851,0.000036,0.000072
ACCGATATTTAATCAT-1,0.151098,0.802953,0.041314,0.000066,0.004569
ACCGATGGTAGCATCG-1,0.000067,0.528598,0.17657,0.110215,0.184549
ACCGCAATAACTGCCT-1,0.005192,0.190306,0.004806,0.254743,0.544954
ACCGCGGTGGAAGTCG-1,0.188009,0.205827,0.000173,0.194771,0.41122
ACCGCTAGTCATTGGT-1,0.000145,0.177981,0.000145,0.00029,0.821439
ACCGGGCCTTTGTTGA-1,0.000068,0.095497,0.094773,0.371195,0.438468
ACCGGTCAGGTACACC-1,0.000129,0.000257,0.326959,0.192596,0.480059
ACCGGTCTGAGTACGG-1,0.087422,0.000257,0.017568,0.281977,0.612776
ACCGTCCACTGGGCCC-1,0.021857,0.000136,0.13621,0.092269,0.749528
ACCGTGACCACGTGGG-1,0.00009,0.143606,0.021148,0.382854,0.452302
ACCGTTCCCGCTCTGA-1,0.000142,0.038417,0.105659,0.18054,0.675242
ACCTAAGTACCTTTCA-1,0.00017,0.051474,0.423038,0.00034,0.524978
ACCTAATCGACTTCCT-1,0.000225,0.00045,0.000225,0.430864,0.568237
ACCTACAGTATGTGGT-1,0.000067,0.75929,0.000067,0.015595,0.224981
ACCTACTATAAATCTA-1,0.000055,0.00011,0.000055,0.774485,0.225295
ACCTCAGCGAGGCGCA-1,0.070222,0.290805,0.000119,0.015268,0.623585
ACCTCCGCCCTCGCTG-1,0.000094,0.719902,0.000094,0.000188,0.279721
ACCTCCGTTATTCACC-1,0.042637,0.294887,0.000149,0.225759,0.436568
ACCTCGAACTTATGCT-1,0.000063,0.000126,0.000063,0.585293,0.414455
ACCTGCGTGTCATGTT-1,0.000134,0.000267,0.031503,0.41835,0.549746
ACCTTTCCTTTAGAAG-1,0.000217,0.14613,0.000217,0.000434,0.853002
ACGAAATGGGCGGCAC-1,0.000109,0.000218,0.000109,0.463852,0.535713
ACGACCCATGAGTTGC-1,0.029102,0.941915,0.028102,0.000041,0.00084
ACGACTCTAGGGCCGA-1,0.038194,0.037259,0.000138,0.284672,0.639737
ACGACTGGTCATACTC-1,0.000162,0.154461,0.000162,0.000324,0.844892
ACGAGATATTTGCTTA-1,0.045655,0.000212,0.070438,0.564902,0.318793
ACGAGGATACCACTCT-1,0.000135,0.000269,0.067128,0.589748,0.34272
ACGAGGTTTACAACGT-1,0.000096,0.000193,0.002142,0.534463,0.463106
ACGAGTACGGATGCCC-1,0.062894,0.012978,0.087387,0.45274,0.384001
ACGAGTCGCCGGCGTT-1,0.000166,0.045501,0.000166,0.000332,0.953835
ACGATACATAGAACTA-1,0.046366,0.021037,0.217566,0.461154,0.253876
ACGATACCTATCCTGA-1,0.000073,0.092745,0.000073,0.000146,0.906963
ACGATCATACATAGAG-1,0.018146,0.000229,0.305723,0.524724,0.151178
ACGATCATCTTGTAAA-1,0.000133,0.213527,0.081816,0.281836,0.422688
ACGATGCATATGTTAT-1,0.031188,0.120603,0.085637,0.28092,0.481652
ACGATGGATCCGATGC-1,0.000073,0.000147,0.000073,0.77035,0.229356
ACGCAAACTAATAGAT-1,0.000146,0.000293,0.000146,0.205771,0.793643
ACGCAATCACTACAGC-1,0.000081,0.10537,0.059364,0.559519,0.275666
ACGCATAAATGACATG-1,0.000027,0.043312,0.086523,0.014625,0.855513
ACGCATACGTTTACTA-1,0.239592,0.057698,0.43446,0.086589,0.181661
ACGCATTCGTGAGTAC-1,0.000087,0.000174,0.676187,0.206588,0.116964
ACGCCACTCGAAACAG-1,0.000056,0.003993,0.000056,0.1372,0.858694
ACGCCAGATGATTTCT-1,0.000117,0.000235,0.068037,0.547213,0.384399
ACGCCAGTGCGTTTGC-1,0.203875,0.445956,0.000178,0.000357,0.349634
ACGCCCAGCTGTCGAT-1,0.000031,0.000061,0.000031,0.000061,0.999817
ACGCCGCTAGACGACC-1,0.028147,0.000215,0.069482,0.351828,0.550329
ACGCGAAGTCAGACGA-1,0.000139,0.000277,0.117352,0.460815,0.421417
ACGCGCTACACAGGGT-1,0.00017,0.108961,0.034503,0.396743,0.459623
ACGCGGGCCAAGGACA-1,0.000073,0.000146,0.000073,0.832437,0.16727
ACGCGTTTCTTAAGAG-1,0.000042,0.000084,0.000042,0.349636,0.650197
ACGCTACTGAATGGGC-1,0.003054,0.932567,0.000025,0.000049,0.064305
ACGCTAGTATCAGTGC-1,0.000032,0.000064,0.080518,0.158124,0.761262
ACGCTAGTGATACACT-1,0.109458,0.072925,0.000094,0.449989,0.367534
ACGCTGTGAGGCGTAG-1,0.015496,0.000218,0.069502,0.758668,0.156115
ACGCTTAGTGTCTCTC-1,0.000045,0.00009,0.32686,0.162714,0.510291
ACGGAACACGAGTGCC-1,0.000082,0.473853,0.000082,0.000164,0.525819
ACGGAATTTAGCAAAT-1,0.000154,0.152309,0.016097,0.438779,0.392662
ACGGACGCAGCGACAA-1,0.000063,0.011831,0.000063,0.000127,0.987916
ACGGACTCTCAAAGCG-1,0.190849,0.000252,0.042818,0.385744,0.380337
ACGGAGCGCAAATTAC-1,0.026299,0.000161,0.020731,0.547131,0.405678
ACGGATGGTGCGGATA-1,0.000089,0.074196,0.00143,0.592813,0.331471
ACGGCACTTGCTTGGG-1,0.000099,0.000197,0.000099,0.734462,0.265143
ACGGCCAACATGGACT-1,0.022053,0.000135,0.62641,0.120886,0.230516
ACGGCGACGATGGGAA-1,0.100716,0.024211,0.458711,0.176706,0.239657
ACGGCTGGATGTAGAA-1,0.006613,0.043532,0.000122,0.281665,0.668068
ACGGGAGTGTCGGCCC-1,0.106126,0.000301,0.000151,0.344643,0.54878
ACGGGCGTATGCGACA-1,0.056013,0.064786,0.004731,0.387433,0.487036
ACGGGTCATGTGACTT-1,0.000044,0.000088,0.10259,0.211295,0.685984
ACGGGTTGTGACCTGT-1,0.000081,0.000163,0.049085,0.000163,0.950508
ACGGTACAGTTCAATG-1,0.102592,0.006185,0.00013,0.172817,0.718277
ACGGTCACCGAGAACA-1,0.000028,0.030158,0.140725,0.000056,0.829033
ACGTACAGATTTCTCT-1,0.000114,0.000228,0.000114,0.69205,0.307493
ACGTACTTTGGCACGG-1,0.000228,0.309462,0.000228,0.000456,0.689627
ACGTAGATTGCTGATG-1,0.090118,0.07278,0.206549,0.535146,0.095407
ACGTAGGAGAGTCGCT-1,0.000076,0.054852,0.076676,0.080338,0.788057
ACGTATTACTCCGATC-1,0.000171,0.384808,0.088272,0.000342,0.526407
ACGTCGGGCAACTCGG-1,0.00007,0.000139,0.003658,0.008642,0.987491
ACGTCTCGTTCCGGGA-1,0.000054,0.040459,0.056143,0.471084,0.432259
ACGTGACAAAGTAAGT-1,0.068598,0.000227,0.000113,0.139507,0.791555
ACGTGCGCCTCGTGCA-1,0.000189,0.000379,0.000189,0.610761,0.388481
ACGTGGTCGAATGTGC-1,0.000028,0.000056,0.144418,0.2258,0.629699
ACGTTAATGTCGAAGA-1,0.000083,0.000166,0.000083,0.880718,0.118949
ACGTTAGATTTGCCCG-1,0.05402,0.111303,0.050253,0.128883,0.65554
ACGTTATTGGTCACTC-1,0.000065,0.00013,0.000065,0.462862,0.536879
ACGTTCACTATGCCGC-1,0.000213,0.187406,0.000213,0.000426,0.811743
ACGTTCGCAATCAATT-1,0.09685,0.217774,0.02478,0.340546,0.32005
ACGTTCGTTCAGGAAA-1,0.000138,0.235807,0.08613,0.000275,0.67765
ACGTTCTGTACAAGTC-1,0.000141,0.091284,0.000141,0.338838,0.569595
ACGTTGTCGTTGAAAG-1,0.00012,0.13916,0.00012,0.000241,0.860358
ACGTTTAGTTGTGATC-1,0.000038,0.000076,0.000038,0.658905,0.340943
ACGTTTCGGTGCACTT-1,0.054479,0.892989,0.052456,0.000025,0.00005
ACTAAGGACGCACACC-1,0.000025,0.101243,0.465611,0.000051,0.433069
ACTAATACGTCAGGCG-1,0.000073,0.000147,0.026697,0.563655,0.409428
ACTACAAAGAGAGGTG-1,0.000065,0.098521,0.000065,0.00013,0.901219
ACTACATCCCGACAAG-1,0.000084,0.000168,0.06808,0.484045,0.447623
ACTACCAGCTCTCTGG-1,0.031488,0.0597,0.091885,0.709836,0.107091
ACTACCATCCGAGGGC-1,0.000203,0.191926,0.000203,0.000406,0.807262
ACTACGCGTTAGAATT-1,0.00009,0.122142,0.074821,0.417738,0.385209
ACTAGTTGCGATCGTC-1,0.568832,0.144776,0.218548,0.037541,0.030303
ACTATATGCTGTGTTC-1,0.000095,0.00019,0.136329,0.346883,0.516502
ACTATCCAGGGCATGG-1,0.018594,0.299173,0.161279,0.18953,0.331425
ACTATCGCCGGCTAAA-1,0.000027,0.000054,0.000027,0.157513,0.84238
ACTATCTGCCCGCGTA-1,0.325995,0.573562,0.000085,0.00017,0.100187
ACTATGTCCAGCTGCC-1,0.000062,0.000123,0.000062,0.197132,0.802622
ACTATTCGTCCGTGGT-1,0.006667,0.000123,0.086951,0.856098,0.050162
ACTATTTCCGGGCCCA-1,0.000212,0.095495,0.000212,0.000425,0.903655
ACTCAAGTGCAAGGCT-1,0.024991,0.000393,0.000197,0.328657,0.645762
ACTCAATAAAGGCACG-1,0.000054,0.000109,0.000054,0.750445,0.249338
ACTCATGGCAGCCTTC-1,0.000059,0.000117,0.000059,0.595558,0.404207
ACTCCAATATCATCAT-1,0.000317,0.084943,0.000317,0.000633,0.91379
ACTCCCATTCCTAAAG-1,0.038548,0.000229,0.080857,0.45323,0.427136
ACTCCCGAATTCGTTT-1,0.102142,0.134558,0.000103,0.209067,0.55413
ACTCCCGTAGACTAGG-1,0.000114,0.298042,0.000114,0.230243,0.471487
ACTCCCTAATGCTAAA-1,0.059406,0.000166,0.000083,0.74866,0.191684
ACTCCCTAGAATAGTA-1,0.00004,0.00008,0.00004,0.823893,0.175948
ACTCCGGCCGACCACT-1,0.000121,0.169729,0.000121,0.000242,0.829786
ACTCGATGTATTTCAT-1,0.000131,0.000262,0.000131,0.427324,0.572152
ACTCGCCGTTCGATAA-1,0.152538,0.810648,0.000065,0.00013,0.036618
ACTCGCGATCTGACGC-1,0.111076,0.76014,0.060942,0.002433,0.06541
ACTCGTAACCCGTCCT-1,0.000099,0.000198,0.039408,0.611809,0.348486
ACTCGTCAGTAATCCC-1,0.058628,0.055433,0.276429,0.13559,0.473919
ACTCTAAACCTGGGAT-1,0.000028,0.000055,0.383691,0.049819,0.566407
ACTCTCTGACTTAGGT-1,0.000181,0.145778,0.058069,0.08439,0.711582
ACTCTCTTATACACGA-1,0.000064,0.000128,0.184285,0.526583,0.28894
ACTCTGACCTAATAGA-1,0.00003,0.228618,0.013286,0.052729,0.705337
ACTCTTCAGCTCCCGC-1,0.000034,0.779958,0.021302,0.000068,0.198638
ACTCTTGTATAGTAAC-1,0.076834,0.000208,0.200111,0.46226,0.260586
ACTGAAACGCCGTTAG-1,0.000118,0.254543,0.000307,0.067276,0.677756
ACTGAATGGCGAAAGT-1,0.095424,0.000224,0.000112,0.247587,0.656653
ACTGATTTAGTGATTC-1,0.007714,0.00012,0.00006,0.640664,0.351442
ACTGCCCGCCATTCTC-1,0.000562,0.001124,0.000562,0.001124,0.996628
ACTGCCGTCGTAACTC-1,0.000185,0.00037,0.000185,0.481014,0.518245
ACTGCGGACACACCGT-1,0.309504,0.617486,0.055282,0.000099,0.017629
ACTGCTCGGAAGGATG-1,0.031179,0.042135,0.149543,0.287932,0.489211
ACTGGCGAACCTGCGT-1,0.000058,0.106382,0.005887,0.000116,0.887557
ACTGGGATGCCAGTGC-1,0.000109,0.000218,0.376181,0.310402,0.31309
ACTGTACGATACACAT-1,0.189628,0.139142,0.165352,0.424052,0.081826
ACTGTAGCACTTTGGA-1,0.000185,0.000369,0.012072,0.131252,0.856122
ACTGTCCAGGATTATA-1,0.00009,0.00018,0.003687,0.774591,0.221452
ACTGTCTTCTTTAGAA-1,0.069375,0.000282,0.05217,0.407309,0.470864
ACTTACCGGGCGCGCA-1,0.00007,0.00014,0.00007,0.624033,0.375688
ACTTACGCATCCACGC-1,0.000103,0.167399,0.194847,0.132,0.505652
ACTTATACTTACCCGG-1,0.042059,0.00025,0.000125,0.540077,0.417489
ACTTATTAGGATCGGT-1,0.000198,0.000396,0.134303,0.638674,0.226429
ACTTATTTATGTGCCA-1,0.228317,0.000456,0.070451,0.221153,0.479622
ACTTCAGGCTGATCCC-1,0.000169,0.177487,0.000169,0.144585,0.67759
ACTTCCAGTGGAAGCT-1,0.000077,0.000154,0.304687,0.260325,0.434757
ACTTCCATGCGGGACA-1,0.024347,0.000518,0.000259,0.329988,0.644888
ACTTCCTGTCGTGCGA-1,0.000024,0.058257,0.090088,0.144186,0.707444
ACTTCGCCATACGCAC-1,0.095406,0.000192,0.155069,0.542114,0.207219
ACTTCGCTAGCGAGTG-1,0.000044,0.762446,0.000044,0.000088,0.237378
ACTTGACTCCCTCTTT-1,0.02606,0.048605,0.096064,0.106111,0.723161
ACTTGCTCTATCTACC-1,0.000091,0.211789,0.000091,0.000182,0.787847
ACTTGGGACCCGGTGG-1,0.000111,0.011199,0.000111,0.021136,0.967443
ACTTGGGCTTTCGCCA-1,0.000229,0.048604,0.000229,0.000459,0.950478
ACTTGTAGTCCCTTCA-1,0.00005,0.0001,0.00005,0.581106,0.418694
ACTTGTGGATGGAACG-1,0.183277,0.567095,0.000101,0.071815,0.177712
ACTTGTTACCGGATCA-1,0.000193,0.000385,0.119763,0.173199,0.70646
ACTTTACCCTCATGAA-1,0.137358,0.07234,0.074527,0.360472,0.355304
ACTTTATACACCACTT-1,0.000058,0.000116,0.000058,0.000116,0.999651
ACTTTCCTATAGCTTC-1,0.000101,0.000202,0.104452,0.641546,0.2537
ACTTTGACTGCATCCT-1,0.000094,0.000189,0.000094,0.549612,0.45001
ACTTTGGTCGTGCTCC-1,0.038475,0.000289,0.000145,0.379548,0.581543
ACTTTGTCGACGCACT-1,0.170018,0.829748,0.000033,0.000067,0.000134
AGAAATTATGACTCGC-1,0.334847,0.608845,0.02671,0.026669,0.002929
AGAACACGGCGATGGT-1,0.000018,0.090927,0.115519,0.030335,0.763201
AGAACCCAGCGTGACA-1,0.073047,0.893252,0.014346,0.01926,0.000095
AGAACCCTCAATTGGG-1,0.000067,0.000134,0.025159,0.445319,0.529321
AGAACGTGGTACATTC-1,0.000082,0.000164,0.161322,0.668634,0.169799
AGAACTGTACTTTGTA-1,0.000091,0.113353,0.000091,0.219616,0.666851
AGAAGAGCGCCGTTCC-1,0.004001,0.008002,0.004001,0.008003,0.975993
AGAAGGTACACTTCAC-1,0.000055,0.026399,0.126616,0.611575,0.235354
AGAAGGTTGCCGAATT-1,0.00032,0.100314,0.00032,0.135293,0.763754
AGAAGGTTGTAGGTCG-1,0.013376,0.000229,0.12537,0.416044,0.444982
AGAAGTGATTCGTGAT-1,0.000127,0.040273,0.000127,0.067377,0.892096
AGAATAAATCTTCAGG-1,0.078898,0.000195,0.000097,0.52762,0.39319
AGAATACAGGCTATCC-1,0.000034,0.079634,0.000034,0.065435,0.854862
AGAATGCGGGTTCGGA-1,0.103737,0.168388,0.139254,0.209536,0.379085
AGAATTATGGATTCGA-1,0.000038,0.226826,0.093534,0.341914,0.337688
AGAATTGTTTGACATA-1,0.044366,0.000479,0.000239,0.139309,0.815608
AGACAGCTCAGAATCC-1,0.067116,0.000154,0.000077,0.321187,0.611467
AGACAGGCATCTCAGC-1,0.004825,0.896194,0.098877,0.000034,0.000069
AGACCAAACCACACCT-1,0.00005,0.000101,0.2598,0.202272,0.537777
AGACCATGGGATACAA-1,0.000204,0.000408,0.336067,0.085302,0.578018
AGACCCACCGCTGATC-1,0.000066,0.000131,0.020608,0.646702,0.332493
AGACCCGCCCTCCTCG-1,0.000093,0.000186,0.000093,0.562085,0.437544
AGACCGCTCCGCGGTT-1,0.005479,0.837397,0.000102,0.000203,0.15682
AGACCGGGAAACCCTG-1,0.000032,0.000064,0.000032,0.787576,0.212296
AGACGAAGTGCCGGTC-1,0.000044,0.334,0.0788,0.382556,0.204601
AGACGACGATGCCGCT-1,0.165168,0.000542,0.000271,0.000542,0.833477
AGACGCCCACTTCGCC-1,0.144595,0.855163,0.000035,0.000069,0.000138
AGACGGGATTGGTATA-1,0.00016,0.028986,0.000032,0.231182,0.739641
AGACGGGCCGATTTAA-1,0.000082,0.000163,0.000082,0.063304,0.936369
AGACTAGCCTTCCAGA-1,0.051153,0.000764,0.000382,0.085273,0.862429
AGACTGTTACCGGGTC-1,0.000346,0.000692,0.000346,0.000692,0.997923
AGAGAAACACCAGAAA-1,0.000114,0.194493,0.000114,0.000229,0.805049
AGAGAACCGTCTAGGA-1,0.053498,0.0162,0.100055,0.461075,0.369172
AGAGAAGGAGTACAAT-1,0.000202,0.153486,0.000202,0.000405,0.845704
AGAGATCTCTAAAGCG-1,0.070942,0.053688,0.120958,0.125399,0.629013
AGAGCAGTTATGAGAC-1,0.000101,0.000202,0.000101,0.887181,0.112415
AGAGCCGCCGAGATTT-1,0.136569,0.700325,0.06731,0.063547,0.032249
AGAGCGCTTGTAACGG-1,0.069691,0.177335,0.022102,0.134585,0.596287
AGAGCGGGCTAATCAT-1,0.026757,0.000212,0.000106,0.781739,0.191186
AGAGCGTACAAGCTCG-1,0.000296,0.000592,0.152867,0.149572,0.696672
AGAGCTACGAAAGCAT-1,0.000135,0.00027,0.46054,0.00027,0.538785
AGAGGCTTCGGAAACC-1,0.006094,0.149721,0.020292,0.580508,0.243384
AGAGGGACAATTGTCC-1,0.00002,0.026216,0.000258,0.078266,0.895239
AGAGTAAACTTCACTA-1,0.000165,0.428964,0.000165,0.045865,0.52484
AGAGTATAGTGTTACG-1,0.160101,0.19178,0.248723,0.204961,0.194435
AGAGTCTTAATGAAAG-1,0.023041,0.957953,0.016208,0.000036,0.002762
AGAGTGAACAGACACC-1,0.000029,0.044702,0.318423,0.056645,0.580201
AGAGTTAGAGACCGAT-1,0.026618,0.000231,0.000116,0.533848,0.439188
AGAGTTGCAGGCCTCC-1,0.000052,0.120442,0.000052,0.001786,0.877667
AGATAACTTCAGGGCC-1,0.021929,0.058084,0.003116,0.291994,0.624878
AGATAATCACACCTAT-1,0.000057,0.014503,0.000057,0.000113,0.98527
AGATACCAATAGAACC-1,0.313139,0.663591,0.022993,0.000092,0.000184
AGATACCAGCACTTCA-1,0.000109,0.146067,0.000109,0.352085,0.50163
AGATACCGGTGTTCAC-1,0.000123,0.11995,0.000123,0.308945,0.570858
AGATACTCAAGATCGA-1,0.000078,0.000157,0.178208,0.47454,0.347018
AGATATAATACGACTA-1,0.000119,0.066527,0.161167,0.294309,0.477877
AGATCGTGCATAAGAT-1,0.000058,0.000117,0.065106,0.67131,0.263409
AGATCTCAGGTGTGAT-1,0.015717,0.043526,0.452021,0.226596,0.26214
