Barcode,Topic 1,Topic 2to4,Topic 5to6,Topic 7to10
AAACAAGTATCTCCCA-1,0.000027,0.88291,0.013084,0.103979
AAACAATCTACTAGCA-1,0.00003,0.002841,0.234629,0.762499
AAACACCAATAACTGC-1,0.00003,0.008362,0.305073,0.686535
AAACAGAGCGACTCCT-1,0.000042,0.000127,0.587711,0.41212
AAACAGCTTTCAGAAG-1,0.000016,0.007119,0.068644,0.924221
AAACAGGGTCTATATT-1,0.000029,0.001406,0.511392,0.487172
AAACAGTGTTCCTGGG-1,0.000047,0.746934,0.16517,0.08785
AAACATGGTGAGAGGA-1,0.000031,0.093641,0.43737,0.468957
AAACATTTCCCGGATT-1,0.000035,0.999758,0.000069,0.000138
AAACCACTACACAGAT-1,0.000017,0.00005,0.057527,0.942406
AAACCCGAACGAAATC-1,0.000013,0.548998,0.000026,0.450963
AAACCGGAAATGTTAA-1,0.000031,0.999786,0.000061,0.000123
AAACCGGGTAGGTACC-1,0.000038,0.181889,0.630935,0.187138
AAACCGTTCGTCCAGG-1,0.000043,0.585033,0.396191,0.018733
AAACCTAAGCAGCCGG-1,0.000027,0.97916,0.012061,0.008752
AAACCTCATGAAGTTG-1,0.000034,0.111022,0.474226,0.414718
AAACGAAGAACATACC-1,0.00005,0.000149,0.636635,0.363166
AAACGAAGATGGAGTA-1,0.000032,0.000097,0.16523,0.834641
AAACGACAGTCTTGCC-1,0.000033,0.005135,0.958144,0.036689
AAACGAGACGGTTGAT-1,0.000051,0.510652,0.340559,0.148739
AAACGCCCGAGATCGG-1,0.000028,0.000083,0.103395,0.896495
AAACGCTGGGCACGAC-1,0.000021,0.722412,0.003082,0.274485
AAACGGGCGTACGGGT-1,0.000028,0.580294,0.000056,0.419621
AAACGGGTTGGTATCC-1,0.000039,0.041761,0.42893,0.52927
AAACGGTTGCGAACTG-1,0.000055,0.744954,0.114587,0.140405
AAACGTGTTCGCCCTA-1,0.000013,0.252398,0.00428,0.743309
AAACTAACGTGGCGAC-1,0.000017,0.037054,0.001837,0.961092
AAACTCGGTTCGCAAT-1,0.000037,0.999738,0.000075,0.00015
AAACTCGTGATATAAG-1,0.000013,0.060172,0.002066,0.93775
AAACTGCTGGCTCCAA-1,0.000069,0.889313,0.110341,0.000276
AAACTTAATTGCACGC-1,0.000039,0.137661,0.522659,0.339642
AAACTTGCAAACGTAT-1,0.000012,0.140751,0.00995,0.849287
AAAGAATGACCTTAGA-1,0.000039,0.000117,0.474464,0.52538
AAAGAATGTGGACTAA-1,0.000016,0.999891,0.000031,0.000062
AAAGACATGAAGTTTA-1,0.000032,0.03606,0.850327,0.113582
AAAGACCCAAGTCGCG-1,0.000016,0.014911,0.027959,0.957113
AAAGACTGGGCGCTTT-1,0.000021,0.068637,0.085538,0.845803
AAAGCTTGCCTACATA-1,0.000014,0.066702,0.070323,0.862961
AAAGGCCCTATAATAC-1,0.000029,0.040322,0.301291,0.658358
AAAGGCTACGGACCAT-1,0.000036,0.871683,0.000072,0.12821
AAAGGCTCTCGCGCCG-1,0.000046,0.932542,0.067227,0.000185
AAAGGGATGTAGCAAG-1,0.000029,0.178341,0.395699,0.425932
AAAGGGCAGCTTGAAT-1,0.000028,0.045148,0.4593,0.495524
AAAGGTAAGCTGTACC-1,0.000028,0.000085,0.000057,0.99983
AAAGTAGCATTGCTCA-1,0.00003,0.629789,0.182929,0.187252
AAAGTCACTGATGTAA-1,0.000013,0.000039,0.000026,0.999922
AAAGTCGACCCTCAGT-1,0.000012,0.002828,0.00342,0.99374
AAAGTGCCATCAATTA-1,0.000036,0.551377,0.000071,0.448516
AAAGTGTGATTTATCT-1,0.00004,0.745167,0.239242,0.015551
AAAGTTGACTCCCGTA-1,0.000044,0.70622,0.002581,0.291155
AAATAACCATACGGGA-1,0.000017,0.069645,0.110979,0.81936
AAATAAGGTAGTGCCC-1,0.000021,0.133368,0.098671,0.76794
AAATACCTATAAGCAT-1,0.000053,0.985903,0.013832,0.000212
AAATAGCTTAGACTTT-1,0.000027,0.640923,0.089824,0.269226
AAATAGGGTGCTATTG-1,0.000037,0.831737,0.023509,0.144716
AAATCACTCCTAAACG-1,0.000037,0.156028,0.788978,0.054958
AAATCCGATACACGCC-1,0.000019,0.784197,0.000038,0.215746
AAATCGCGGAAGGAGT-1,0.00006,0.000179,0.849174,0.150587
AAATCGTGTACCACAA-1,0.00008,0.810215,0.189387,0.000318
AAATCTAGCCCTGCTA-1,0.000026,0.999817,0.000052,0.000104
AAATCTGCCCGCGTCC-1,0.000061,0.020773,0.261153,0.718013
AAATGATTCGATCAGC-1,0.000016,0.008727,0.191351,0.799906
AAATGCTCGTTACGTT-1,0.000022,0.144965,0.004532,0.850481
AAATGGCATGTCTTGT-1,0.000039,0.050824,0.586574,0.362563
AAATGGCCCGTGCCCT-1,0.000023,0.08409,0.186537,0.729349
AAATGGTCAATGTGCC-1,0.000038,0.682248,0.26193,0.055785
AAATGTATCTTATCCC-1,0.000034,0.011347,0.130948,0.85767
AAATGTGGGTGCTCCT-1,0.000035,0.000106,0.32946,0.670399
AAATTAACGGGTAGCT-1,0.000078,0.684048,0.31556,0.000314
AAATTAATAAGCGCGA-1,0.000017,0.000052,0.219213,0.780717
AAATTACACGACTCTG-1,0.000021,0.000064,0.020922,0.978992
AAATTACCTATCGATG-1,0.000023,0.116434,0.295837,0.587706
AAATTCCAGGTCCAAA-1,0.000019,0.593165,0.077176,0.32964
AAATTGATAGTCCTTT-1,0.000027,0.168521,0.112188,0.719264
AAATTGCGGCGGTTCT-1,0.000027,0.000081,0.29819,0.701702
AAATTGGTGAGAAGCA-1,0.000022,0.021169,0.127172,0.851637
AAATTTACCGAAATCC-1,0.000052,0.000155,0.524154,0.475639
AAATTTGCGGGTGTGG-1,0.000032,0.053451,0.438078,0.508439
AACAACTGGTAGTTGC-1,0.000063,0.205117,0.794567,0.000253
AACAATACATTGTCGA-1,0.000057,0.78041,0.194589,0.024943
AACAATTACTCTACGC-1,0.000053,0.088193,0.910292,0.001462
AACACACGCTCGCCGC-1,0.000031,0.915128,0.042426,0.042415
AACACGACTGTACTGA-1,0.000016,0.049438,0.000032,0.950515
AACACGAGACGCGGCC-1,0.000025,0.029494,0.4376,0.532882
AACACGCGGCCGCGAA-1,0.00004,0.075483,0.239068,0.685409
AACAGCTGTGTGGCAA-1,0.000039,0.364647,0.278865,0.35645
AACAGGAAATCGAATA-1,0.000039,0.056263,0.697843,0.245855
AACAGGATGGGCCGCG-1,0.000024,0.071011,0.363625,0.565341
AACAGGTAGTATGGAT-1,0.000019,0.966766,0.000037,0.033179
AACATATCAACTGGTG-1,0.000059,0.303676,0.463281,0.232984
AACATCGATACGTCTA-1,0.000028,0.068991,0.216548,0.714433
AACATTGAAGTTGATC-1,0.000038,0.167073,0.318541,0.514348
AACATTGTGACTCGAG-1,0.000084,0.845043,0.154539,0.000334
AACCAAGACTTCTCTG-1,0.000018,0.233392,0.050766,0.715823
AACCAGTATCACTCTT-1,0.000061,0.000184,0.238475,0.76128
AACCATAGGGTTGAAC-1,0.000022,0.000067,0.000045,0.999866
AACCATGGGATCGCTA-1,0.000038,0.02738,0.478876,0.493706
AACCCAGAGACGGAGA-1,0.000024,0.078054,0.296544,0.625378
AACCCATCCCATGATC-1,0.000051,0.019292,0.736158,0.244498
AACCCGACAACCCGTG-1,0.000054,0.776024,0.097044,0.126877
AACCCGAGCAGAATCG-1,0.000024,0.976753,0.000048,0.023176
AACCCGATAGGGCTTC-1,0.000026,0.009793,0.030166,0.960015
AACCCTACTGTCAATA-1,0.000067,0.762592,0.126019,0.111322
AACCCTGGTGGAACCA-1,0.000015,0.000045,0.00003,0.999911
AACCGAGCTTGGTCAT-1,0.000035,0.078633,0.545938,0.375394
AACCGCTAAGGGATGC-1,0.000032,0.891153,0.102323,0.006492
AACCGTTGTGTTTGCT-1,0.000052,0.015261,0.398801,0.585886
AACCTAAAGCCGTCCG-1,0.000064,0.000193,0.999486,0.000257
AACCTCGCTTTAGCCC-1,0.000058,0.790568,0.001616,0.207758
AACCTGTCACGGAATT-1,0.000029,0.71559,0.255188,0.029192
AACCTTTAAATACGGT-1,0.000031,0.557532,0.052527,0.38991
AACCTTTACGACGTCT-1,0.000019,0.047296,0.000038,0.952647
AACGAAAGTCGTCCCA-1,0.000041,0.000123,0.641559,0.358277
AACGACCTCCTAGCCG-1,0.000017,0.883511,0.096279,0.020194
AACGATAATGCCGTAG-1,0.000036,0.948792,0.05103,0.000143
AACGATAGAAGGGCCG-1,0.000051,0.163371,0.628243,0.208334
AACGATATGTCAACTG-1,0.000035,0.133682,0.450743,0.41554
AACGCATGATCTGGGT-1,0.000035,0.127668,0.325288,0.54701
AACGCGAACGGCAACA-1,0.000017,0.00005,0.004245,0.995688
AACGCGACCTTGGGCG-1,0.000054,0.852178,0.140505,0.007264
AACGCGGTCTCCAGCC-1,0.000021,0.257811,0.013813,0.728354
AACGCTGTTGCTGAAA-1,0.000056,0.993074,0.006646,0.000224
AACGGACGTACGTATA-1,0.000045,0.99165,0.008127,0.000179
AACGGCCATCTCCGGT-1,0.000052,0.684863,0.154455,0.160629
AACGTACTGTGGGTAC-1,0.000069,0.9282,0.071456,0.000275
AACGTAGTCTACCCAT-1,0.000033,0.000099,0.461686,0.538182
AACGTCAGACTAGTGG-1,0.00003,0.08558,0.450241,0.464148
AACGTCGCTGCACTTC-1,0.000014,0.780513,0.027596,0.191876
AACGTGATGAAGGACA-1,0.000036,0.017479,0.180088,0.802398
AACGTGCGAAAGTCTC-1,0.00003,0.781538,0.090268,0.128164
AACGTTATCAGCACCT-1,0.00003,0.000091,0.123839,0.876041
AACTACCCGTTTGTCA-1,0.00003,0.998389,0.001462,0.00012
AACTAGCGTATCGCAC-1,0.000041,0.051593,0.101289,0.847078
AACTAGGCTTGGGTGT-1,0.000025,0.602971,0.0025,0.394504
AACTCAAGTTAATTGC-1,0.000048,0.738432,0.261327,0.000193
AACTCCAGAGCGTGTT-1,0.000059,0.863235,0.04679,0.089916
AACTCCTAATCCCATG-1,0.000029,0.000087,0.166019,0.833864
AACTCGATGGCGCAGT-1,0.000042,0.014812,0.276718,0.708427
AACTCTCAATAGAGCG-1,0.000034,0.584372,0.301924,0.11367
AACTCTCAGTGTGCTC-1,0.000062,0.821499,0.150505,0.027934
AACTGAGGTCAGCGTC-1,0.000032,0.016573,0.00297,0.980425
AACTGAGTTATACTGA-1,0.000045,0.686015,0.303394,0.010546
AACTGATATTAGGCCT-1,0.000039,0.00378,0.522692,0.473488
AACTGGGTCCCGACGT-1,0.000011,0.073613,0.068394,0.857982
AACTGGGTTCGAGCCG-1,0.000022,0.000066,0.076888,0.923024
AACTGGTGTGGGCCTT-1,0.00002,0.000061,0.000041,0.999878
AACTTCTGCGTCTATC-1,0.000033,0.226162,0.02998,0.743825
AACTTGCCCGTATGCA-1,0.000025,0.087755,0.271459,0.640762
AACTTGCGTTCTCGCG-1,0.00003,0.002157,0.053891,0.943922
AACTTTACGGGAGCTT-1,0.00003,0.058558,0.407092,0.534321
AACTTTAGCTGCTGAG-1,0.000067,0.054068,0.484265,0.4616
AACTTTCTCGATCATG-1,0.00003,0.058149,0.220082,0.721739
AAGAAAGTTTGATGGG-1,0.000028,0.000084,0.000056,0.999832
AAGAAATCACCAGATT-1,0.000017,0.124896,0.063933,0.811154
AAGAAGGATCAGTTAG-1,0.000028,0.084651,0.119375,0.795945
AAGACATACGTGGTTT-1,0.000018,0.978518,0.000037,0.021427
AAGACCAAATAACTCA-1,0.000019,0.032338,0.052716,0.914927
AAGACCCAACTGAACA-1,0.000038,0.897073,0.04887,0.05402
AAGACTAACCCGTTGT-1,0.000052,0.000156,0.640102,0.359691
AAGACTCACGCCCACT-1,0.000039,0.064954,0.530231,0.404775
AAGACTGCAAGCTACT-1,0.00006,0.819079,0.175255,0.005606
AAGAGATGAATCGGTA-1,0.000023,0.055243,0.054288,0.890446
AAGAGCTCTTTATCGG-1,0.000094,0.677415,0.322113,0.000377
AAGAGGATGTACGCGA-1,0.000033,0.018164,0.439081,0.542721
AAGAGGCATGGATCGC-1,0.000072,0.52115,0.06993,0.408848
AAGAGGCCCTTTGGAA-1,0.000029,0.965458,0.000059,0.034454
AAGATGGCACCGGACC-1,0.000041,0.85984,0.130762,0.009357
AAGATTGGCGGAACGT-1,0.000019,0.119666,0.155855,0.724461
AAGCACCCTGCGTATC-1,0.000037,0.90124,0.021873,0.07685
AAGCATACTCTCCTGA-1,0.000025,0.826896,0.03364,0.139438
AAGCCACTTGCAGGTA-1,0.000061,0.309448,0.410327,0.280163
AAGCCGAAGCGGTTTA-1,0.000026,0.855707,0.125466,0.018801
AAGCCGCCGTGAAATC-1,0.000023,0.001403,0.192763,0.805811
AAGCCGCTTTACCTTG-1,0.000011,0.00161,0.000023,0.998356
AAGCCGGAGAGCAGGA-1,0.000043,0.713753,0.172467,0.113737
AAGCGCAGGGCTTTGA-1,0.000045,0.999682,0.000091,0.000182
AAGCGGAGTGCGCGCA-1,0.000044,0.051079,0.559784,0.389094
AAGCGGCGTCATGGGT-1,0.000098,0.000294,0.634349,0.365258
AAGCGTCCCTCATCGA-1,0.000092,0.33411,0.565321,0.100477
AAGCTAGATCGAGTAA-1,0.000048,0.929222,0.008487,0.062243
AAGCTATGGATTGACC-1,0.000022,0.04518,0.032552,0.922246
AAGCTCGTGCCAAGTC-1,0.000045,0.341903,0.577265,0.080786
AAGCTCTTTCATGGTG-1,0.000079,0.951118,0.031786,0.017018
AAGGAGAACTTATAAG-1,0.000047,0.007939,0.460398,0.531616
AAGGAGCGGTTGGTGC-1,0.000049,0.200232,0.496354,0.303365
AAGGATCGATCGCTTG-1,0.00002,0.5521,0.00132,0.446561
AAGGATGAGGGACCTC-1,0.000044,0.433832,0.492569,0.073555
AAGGCAGGCTGTCTCC-1,0.000025,0.943698,0.012787,0.043489
AAGGCGCGTAAAGCTT-1,0.000017,0.09468,0.132509,0.772794
AAGGCTGTGCTCATCG-1,0.000047,0.475108,0.438581,0.086263
AAGGGAACGACTGGCT-1,0.000027,0.402269,0.361455,0.236249
AAGGGACAGATTCTGT-1,0.000027,0.049365,0.403591,0.547017
AAGGGACTATGCATTC-1,0.000052,0.056481,0.656808,0.286658
AAGGGTTTGATTTCAG-1,0.000029,0.000087,0.000058,0.999825
AAGGTATCCTAATATA-1,0.00005,0.159991,0.64082,0.199139
AAGGTGATAAACCAGC-1,0.000025,0.693778,0.000049,0.306148
AAGTAAGCTTCCAAAC-1,0.000037,0.073642,0.801865,0.124457
AAGTAGAAGACCGGGT-1,0.000027,0.075425,0.286362,0.638186
AAGTAGTGACGCGAGG-1,0.000039,0.150217,0.612368,0.237375
AAGTCAATTGTCGTCA-1,0.000032,0.997072,0.002739,0.000156
AAGTCTAGTAGCTGCC-1,0.000014,0.094514,0.017649,0.887822
AAGTCTTCTGTGGCCT-1,0.000016,0.000049,0.02492,0.975014
AAGTGACGACCGAATT-1,0.000025,0.068173,0.267298,0.664504
AAGTGAGTCGGGTTTA-1,0.00005,0.783763,0.0001,0.216087
AAGTGCAAAGGTAGAC-1,0.000023,0.00087,0.337516,0.66159
AAGTGCCTTGACTGTA-1,0.000022,0.389757,0.000045,0.610175
AAGTGCGTTAGAATCT-1,0.000017,0.093872,0.065213,0.840898
AAGTGCTTCTCTATTG-1,0.00002,0.203129,0.00004,0.79681
AAGTGTTTGGAGACGG-1,0.000056,0.990955,0.008763,0.000226
AAGTTCACTCCAAGCT-1,0.000043,0.972343,0.027441,0.000172
AAGTTCAGTCTGCGTA-1,0.000038,0.000113,0.649731,0.350118
AAGTTCGGCCAACAGG-1,0.000035,0.148557,0.429809,0.421599
AAGTTGTGATGTTATA-1,0.00007,0.889296,0.049574,0.06106
AAGTTTACTAATGGCA-1,0.000064,0.000193,0.593239,0.406504
AAGTTTATGGGCCCAA-1,0.000053,0.999631,0.000105,0.000211
AATAACAACGCTCGGC-1,0.000016,0.08961,0.366736,0.543639
AATAACACTAGAACAA-1,0.00005,0.381076,0.57214,0.046734
AATAAGTCCTCGAGAC-1,0.000038,0.000114,0.24026,0.759588
AATAATCTTCGTATCG-1,0.000033,0.870012,0.129825,0.00013
AATACAATGTTTCAGG-1,0.000023,0.063573,0.055785,0.880619
AATACCGGAGGGCTGT-1,0.000069,0.775352,0.192729,0.031849
AATAGAACAGAGTGGC-1,0.000039,0.842232,0.157572,0.000157
AATAGAATCTGTTTCA-1,0.000033,0.989293,0.006275,0.004398
AATAGCAAGCCTCCTG-1,0.000018,0.031819,0.020177,0.947986
AATAGCTACCGCGTGC-1,0.000021,0.055416,0.116754,0.827808
AATAGTCCGTCCCGAC-1,0.000037,0.999738,0.000075,0.00015
AATAGTCGCGAGTCGG-1,0.000011,0.000034,0.000023,0.999931
AATATCAAGGTCGGAT-1,0.000025,0.012592,0.026689,0.960695
AATATCCTAGCAAACT-1,0.000041,0.004536,0.267095,0.728328
AATATCGAATCAATGC-1,0.000026,0.989277,0.010591,0.000105
AATATCGAGGGTTCTC-1,0.000053,0.156997,0.257125,0.585825
AATATTGGAGTATTGA-1,0.000034,0.082154,0.202933,0.714878
AATCAGACTGCAGGAC-1,0.000041,0.000122,0.265721,0.734117
AATCAGGTTTCATTTA-1,0.000045,0.719333,0.255656,0.024967
AATCATGTAAAGACTC-1,0.000044,0.999691,0.000088,0.000177
AATCCAAGGGCCTGAG-1,0.000028,0.092272,0.290224,0.617477
AATCCATGCAAGGGTG-1,0.00003,0.070186,0.16479,0.764995
AATCGCCTCAGCGCCA-1,0.000038,0.748287,0.163859,0.087816
AATCGCGCAGAGGACT-1,0.000029,0.914308,0.017909,0.067754
AATCGGGACACTACGA-1,0.000048,0.000144,0.256696,0.743111
AATCGGTATAGCCCTC-1,0.000042,0.987877,0.011912,0.000169
AATCGTGAGCCGAGCA-1,0.000043,0.992203,0.007582,0.000173
AATCTAGGTTTACTTG-1,0.000055,0.000165,0.602361,0.397419
AATCTATGCCGGAGCC-1,0.000035,0.260747,0.44849,0.290728
AATCTCTACTGTGGTT-1,0.000019,0.005677,0.108392,0.885912
AATCTGCGTTGGGACG-1,0.000022,0.519696,0.026804,0.453478
AATCTGGCTTTCTAGT-1,0.000038,0.000115,0.369454,0.630392
AATCTGGGTAGACCCT-1,0.000041,0.017857,0.282666,0.699436
AATGACAGCAATGTCT-1,0.000023,0.032876,0.106445,0.860656
AATGACGTAGGATGTC-1,0.000024,0.511863,0.128443,0.35967
AATGACTGTCAGCCGG-1,0.000039,0.00238,0.763913,0.233669
AATGAGTTCGCATATG-1,0.000021,0.000063,0.000042,0.999873
AATGATGATACGCTAT-1,0.000048,0.129026,0.518484,0.352442
AATGATGCGACTCCTG-1,0.00006,0.672297,0.218138,0.109506
AATGCAACCGGGTACC-1,0.000021,0.212211,0.226296,0.561472
AATGCACCAAGCAATG-1,0.000014,0.051438,0.000028,0.94852
AATGGCCGCCAATGCG-1,0.000027,0.059708,0.324879,0.615386
AATGGTCCACCGTTCA-1,0.000014,0.008178,0.015613,0.976196
AATGGTTCTCACAAGC-1,0.00002,0.012222,0.064158,0.9236
AATGTATGGCACTGTA-1,0.000048,0.077338,0.398299,0.524316
AATGTGCCCGAGGTGT-1,0.000016,0.280056,0.018381,0.701548
AATGTGCTAATCTGAG-1,0.00007,0.189684,0.763275,0.046972
AATGTTGTCGTGAGAC-1,0.000029,0.993929,0.000135,0.005907
AATTAAAGGTCGGCGT-1,0.00005,0.789462,0.064626,0.145863
AATTAACGGATTTCCA-1,0.000037,0.718359,0.000075,0.281528
AATTACGAGACCCATC-1,0.000029,0.000088,0.047209,0.952673
AATTAGCGCTGCAGCG-1,0.000042,0.83114,0.026421,0.142396
AATTCATAAGGGATCT-1,0.000021,0.192302,0.017137,0.79054
AATTCATTGTCATGCA-1,0.00003,0.000091,0.132485,0.867394
AATTCCAAGCATGTAC-1,0.00008,0.998879,0.000719,0.000322
AATTCGATTCGAGGAT-1,0.000054,0.903236,0.096496,0.000214
AATTCTAGAGTTAGGC-1,0.000056,0.999611,0.000111,0.000222
AATTGAACGCTCTGGT-1,0.000038,0.896267,0.063878,0.039818
AATTGCAGCAATCGAC-1,0.000048,0.79459,0.000097,0.205265
AATTGCGTGGATTACA-1,0.000031,0.000092,0.000061,0.999816
AATTGTGGTTGCCAAA-1,0.000024,0.984523,0.000049,0.015403
AATTTGGGACATAGTA-1,0.00004,0.000119,0.370409,0.629433
AATTTGGTTCCAAAGA-1,0.00003,0.225372,0.140805,0.633792
ACAAACCATGCGTCCT-1,0.000019,0.030088,0.261312,0.708582
ACAAACCGACAAGGCG-1,0.000065,0.000197,0.999476,0.000262
ACAAAGAAGGTAGGCC-1,0.000034,0.004734,0.462494,0.532738
ACAAAGCATGACCTAG-1,0.000025,0.987566,0.00005,0.012359
ACAAATCGCACCGAAT-1,0.000042,0.895125,0.099367,0.005467
ACAAATGGTAGTGTTT-1,0.000064,0.938713,0.060965,0.000258
ACAAATTCAGATCTGA-1,0.000048,0.066445,0.230998,0.702509
ACAACAGCATGAGCTA-1,0.000058,0.533995,0.465715,0.000232
ACAACGGTCCCTGCGA-1,0.000021,0.021851,0.264328,0.7138
ACAAGCAGTGCCTAGC-1,0.000015,0.014807,0.013881,0.971298
ACAAGCTATATGGAAG-1,0.000051,0.044224,0.775445,0.18028
ACAAGGAAATCCGCCC-1,0.000037,0.990108,0.009708,0.000147
ACAAGGACAAGAGGTT-1,0.000016,0.234593,0.065264,0.700126
ACAAGGATGCTTTAGG-1,0.000037,0.991049,0.008765,0.000149
ACAAGGCCTACCAGCC-1,0.000024,0.000073,0.032262,0.967641
ACAAGGGCAGGCTCTG-1,0.00003,0.899205,0.00006,0.100705
ACAATAGTCGTACGTT-1,0.000035,0.326384,0.334477,0.339105
ACAATCCATTTAAACC-1,0.000013,0.175028,0.157095,0.667865
ACAATCGATCTTTATA-1,0.00005,0.000151,0.376254,0.623544
ACAATGAATACGGAGA-1,0.000069,0.268347,0.285705,0.445879
ACAATGATTCTTCTAC-1,0.000035,0.060216,0.257989,0.68176
ACAATTGTGTCTCTTT-1,0.000032,0.773663,0.007196,0.219109
ACAATTTAGGAGGCTC-1,0.000021,0.000064,0.25964,0.740274
ACAATTTGAGCAGTGG-1,0.000051,0.401157,0.542149,0.056643
ACAATTTGGCCATATT-1,0.000059,0.954606,0.000118,0.045216
ACACAAAGACGGGTGG-1,0.000029,0.385391,0.533459,0.081121
ACACAAATATTCCTAG-1,0.000026,0.047734,0.229041,0.723199
ACACACCAGGACCAGT-1,0.000041,0.823662,0.170877,0.005421
ACACACTTTCTACACG-1,0.000022,0.133091,0.022179,0.844708
ACACATGATCAAATCT-1,0.000033,0.096477,0.457928,0.445561
ACACATTTCCGTAGAC-1,0.000029,0.972723,0.000057,0.027191
ACACCACATAATTAGC-1,0.000039,0.281768,0.470652,0.247541
ACACCCAGCATGCAGC-1,0.000022,0.025073,0.186907,0.787999
ACACCCGAGAAATCCG-1,0.000017,0.138693,0.199647,0.661643
ACACCCGTAAATCTGT-1,0.000052,0.119039,0.750377,0.130533
ACACCGAGCGCTCTTT-1,0.000019,0.000057,0.051109,0.948814
ACACCGGTCTGACCGC-1,0.000032,0.008893,0.390097,0.600978
ACACCTTAAGTAGGGC-1,0.000046,0.051717,0.491766,0.45647
ACACCTTACTACTTGC-1,0.000024,0.976261,0.000049,0.023666
ACACGAGACTCCTTCT-1,0.000044,0.707599,0.254056,0.038301
ACACGGCACTATGCAT-1,0.000052,0.000155,0.419518,0.580275
ACACGGGAACTTAGGG-1,0.000031,0.380093,0.374376,0.2455
ACACGTAGGCCACAAG-1,0.000033,0.815155,0.016823,0.167988
ACACTCCAATGTCACT-1,0.000026,0.040604,0.008225,0.951145
ACACTGATCAAGGTGT-1,0.000029,0.610835,0.004106,0.38503
ACACTGGGACAGTCGT-1,0.000041,0.992505,0.000082,0.007373
ACAGAACTGAGAACAA-1,0.000035,0.048055,0.576094,0.375816
ACAGATTAGGTTAGTG-1,0.000022,0.003896,0.005783,0.990298
ACAGCATAGAGCCAGT-1,0.000017,0.000276,0.034638,0.96507
ACAGCGACATTCTCAT-1,0.000053,0.999627,0.000107,0.000213
ACAGCGCACCCGCAGC-1,0.000045,0.000136,0.30213,0.697689
ACAGGCACGGATCCTT-1,0.000025,0.956745,0.000049,0.043181
ACAGGCTTGCCCGACT-1,0.000036,0.999747,0.000072,0.000145
ACAGGTGGAGGTGAGG-1,0.00005,0.382911,0.400931,0.216108
ACAGGTGTGTTGTTGC-1,0.000013,0.00004,0.000027,0.99992
ACAGTAATACAACTTG-1,0.000022,0.043635,0.243726,0.712617
ACAGTATACCGTGGGA-1,0.000039,0.000118,0.71353,0.286313
ACATAAGTCGTGGTGA-1,0.000026,0.085649,0.25955,0.654775
ACATAATAAGGCGGTG-1,0.000022,0.009164,0.173603,0.817211
ACATACAATCAAGCGG-1,0.000024,0.805384,0.113814,0.080778
ACATCAGCTGGGACGC-1,0.000023,0.025902,0.273032,0.701043
ACATCCCGGCCATACG-1,0.000035,0.999758,0.000069,0.000138
ACATCCTGGTAACTGT-1,0.000038,0.766301,0.000077,0.233584
ACATCGATCGTTTACC-1,0.000062,0.678811,0.250878,0.07025
ACATCGGTCAGCCGCG-1,0.000052,0.698018,0.301721,0.000208
ACATCGTATGCAATGG-1,0.000026,0.733038,0.213784,0.053152
ACATCGTTAACCTAGT-1,0.000078,0.230888,0.469256,0.299777
ACATCTCAACGCGTAA-1,0.000019,0.000057,0.072642,0.927282
ACATGCTTACGGCAGC-1,0.000043,0.057236,0.150864,0.791857
ACATGGCGCCAAAGTA-1,0.00004,0.944436,0.032089,0.023434
ACATTAGTTTATATCC-1,0.00005,0.936534,0.063214,0.000201
ACATTCGCGCGGAATA-1,0.000046,0.171647,0.242264,0.586044
ACATTTGAAACCTAAC-1,0.000024,0.969093,0.000048,0.030835
ACCAAACACCCAGCGA-1,0.000015,0.154657,0.154664,0.690663
ACCAAACTAGAAATCC-1,0.000035,0.000105,0.365584,0.634275
ACCAACACCACACACT-1,0.000027,0.236844,0.343684,0.419445
ACCAACCGCACTCCAC-1,0.000019,0.965528,0.000038,0.034415
ACCAACGCTTATTTAT-1,0.000061,0.761911,0.17789,0.060138
ACCAAGAACGCGTGTC-1,0.000012,0.244584,0.037471,0.717932
ACCAAGTCATCGGCAG-1,0.000033,0.999772,0.000065,0.00013
ACCAATATGCAAGTTA-1,0.00003,0.792084,0.00006,0.207827
ACCACAACTCAGAACA-1,0.00002,0.009742,0.00004,0.990199
ACCACAAGTTTCTATC-1,0.000029,0.510425,0.223916,0.265631
ACCACCAATGTAACAA-1,0.000026,0.830135,0.079504,0.090335
ACCACCCTCTCTTCTA-1,0.000016,0.033419,0.032151,0.934414
ACCACGTGCAGCTATA-1,0.000037,0.866599,0.067994,0.06537
ACCAGACCATAACAAC-1,0.000019,0.009358,0.310331,0.680292
ACCAGCCCGGTCTTTG-1,0.000024,0.000073,0.016379,0.983524
ACCAGGAGTGTGATCT-1,0.000042,0.000125,0.232987,0.766846
ACCAGTGCCCGGTCAA-1,0.000037,0.00011,0.000074,0.999779
ACCAGTGCGGGAGACG-1,0.000037,0.962619,0.037196,0.000148
ACCATATCCGCAATAA-1,0.000044,0.97994,0.019838,0.000178
ACCATCCGCCAACTAG-1,0.000017,0.227854,0.028873,0.743255
ACCATCGTATATGGTA-1,0.000095,0.59652,0.403006,0.000379
ACCATTAAGGGTGTCA-1,0.000032,0.000095,0.41312,0.586754
ACCCAACGCCCGTGGC-1,0.000051,0.648281,0.351465,0.000204
ACCCACCTACATGCTC-1,0.000047,0.095974,0.773926,0.130052
ACCCATCTTGAGGGTA-1,0.000036,0.129868,0.323281,0.546816
ACCCATTTGTCCCTCT-1,0.000031,0.849861,0.000063,0.150044
ACCCGAGCGAAATTAC-1,0.000026,0.393947,0.263569,0.342457
ACCCGATTGGTTCCGA-1,0.000039,0.67167,0.171624,0.156668
ACCCGGAAACTCCCAG-1,0.000063,0.968225,0.031462,0.000251
ACCCGGAGCACCACAA-1,0.000035,0.999757,0.000069,0.000139
ACCCGGATGACGCATC-1,0.000077,0.64162,0.076013,0.28229
ACCCGGTTACACTTCC-1,0.000069,0.595265,0.186169,0.218497
ACCCGTAGCAGAGAAT-1,0.000019,0.000057,0.000038,0.999885
ACCCGTAGTCTAGTTG-1,0.000021,0.941563,0.058331,0.000085
ACCCGTGTCATCAGTA-1,0.000062,0.951295,0.013108,0.035535
ACCCTATAGGACTGAG-1,0.000044,0.018384,0.110609,0.870963
ACCCTATGCCATATCG-1,0.000088,0.739819,0.259743,0.000351
ACCCTCCCGTCAGGGC-1,0.000022,0.941362,0.000043,0.058573
ACCCTCCCTTGCTATT-1,0.00006,0.945953,0.016628,0.037359
ACCCTGGTAACGCCCT-1,0.000026,0.171817,0.224504,0.603653
ACCCTTCATCTGCGAA-1,0.000045,0.029451,0.346976,0.623527
ACCCTTGCCTGGGTCG-1,0.000017,0.113066,0.067355,0.819562
ACCCTTTAGTTCTCCA-1,0.000072,0.008727,0.312976,0.678225
ACCGAAAGGGCCCTGC-1,0.000023,0.00007,0.085523,0.914383
ACCGAAGAGTCTGGTT-1,0.000046,0.000138,0.374016,0.625799
ACCGACACATCTCCCA-1,0.00004,0.999718,0.000081,0.000161
ACCGACTGAGTCCCAC-1,0.000023,0.267939,0.157127,0.574911
ACCGAGTCTCCTTATT-1,0.000027,0.986771,0.000055,0.013148
ACCGATAGGCATAACC-1,0.000018,0.999875,0.000036,0.000071
ACCGATATTTAATCAT-1,0.000027,0.990374,0.000055,0.009544
ACCGATGGTAGCATCG-1,0.00003,0.418472,0.061864,0.519634
ACCGCAATAACTGCCT-1,0.000023,0.999841,0.000045,0.000091
ACCGCGGTGGAAGTCG-1,0.000042,0.995632,0.004158,0.000168
ACCGCTAGTCATTGGT-1,0.000046,0.626553,0.035732,0.337669
ACCGGGCCTTTGTTGA-1,0.000037,0.846768,0.106785,0.04641
ACCGGTCAGGTACACC-1,0.000043,0.003418,0.540699,0.455841
ACCGGTCTGAGTACGG-1,0.000022,0.000065,0.007628,0.992285
ACCGTCCACTGGGCCC-1,0.000027,0.069251,0.240521,0.6902
ACCGTGACCACGTGGG-1,0.000029,0.357812,0.082671,0.559487
ACCGTTCCCGCTCTGA-1,0.000049,0.015595,0.204671,0.779685
ACCTAAGTACCTTTCA-1,0.000026,0.09119,0.120718,0.788066
ACCTAATCGACTTCCT-1,0.000027,0.00008,0.367828,0.632065
ACCTACAGTATGTGGT-1,0.000038,0.859206,0.015513,0.125244
ACCTACTATAAATCTA-1,0.000081,0.69839,0.029168,0.27236
ACCTCAGCGAGGCGCA-1,0.00003,0.891568,0.067391,0.041011
ACCTCCGCCCTCGCTG-1,0.000036,0.943462,0.051759,0.004743
ACCTCCGTTATTCACC-1,0.000034,0.719335,0.12615,0.154482
ACCTCGAACTTATGCT-1,0.000021,0.012357,0.098838,0.888783
ACCTGCGTGTCATGTT-1,0.000022,0.020549,0.039331,0.940097
ACCTTTCCTTTAGAAG-1,0.000065,0.000195,0.867288,0.132452
ACGAAATGGGCGGCAC-1,0.000021,0.069462,0.400565,0.529952
ACGACCCATGAGTTGC-1,0.000028,0.95766,0.011361,0.03095
ACGACTCTAGGGCCGA-1,0.000046,0.999677,0.000092,0.000184
ACGACTGGTCATACTC-1,0.000036,0.602415,0.260367,0.137182
ACGAGAACCCATCACG-1,0.00002,0.070392,0.034776,0.894812
ACGAGATATTTGCTTA-1,0.000055,0.048312,0.340912,0.610721
ACGAGGATACCACTCT-1,0.000016,0.000047,0.000031,0.999906
ACGAGGTTTACAACGT-1,0.000032,0.041283,0.398445,0.56024
ACGAGTACGGATGCCC-1,0.000044,0.125163,0.365519,0.509274
ACGATACATAGAACTA-1,0.000018,0.22936,0.044124,0.726498
ACGATACCTATCCTGA-1,0.000014,0.000043,0.000029,0.999914
ACGATCATACATAGAG-1,0.000021,0.210503,0.098675,0.6908
ACGATCATCTTGTAAA-1,0.000043,0.615264,0.304048,0.080645
ACGATGCATATGTTAT-1,0.000026,0.5532,0.083157,0.363617
ACGATGGATCCGATGC-1,0.000049,0.124446,0.514896,0.360609
ACGCAAACTAATAGAT-1,0.000058,0.865101,0.047295,0.087547
ACGCAATCACTACAGC-1,0.000028,0.018918,0.093201,0.887852
ACGCATAAATGACATG-1,0.000025,0.000074,0.139364,0.860537
ACGCATACGTTTACTA-1,0.000039,0.974476,0.02533,0.000156
ACGCATTCGTGAGTAC-1,0.000041,0.487946,0.03506,0.476954
ACGCCAGATGATTTCT-1,0.000027,0.1506,0.053892,0.795481
ACGCCAGTGCGTTTGC-1,0.000045,0.930874,0.00009,0.068992
ACGCCCAGCTGTCGAT-1,0.000058,0.000173,0.592138,0.407631
ACGCCGCTAGACGACC-1,0.000045,0.977007,0.022768,0.00018
ACGCGAAGTCAGACGA-1,0.000027,0.781065,0.000694,0.218214
ACGCGCTACACAGGGT-1,0.000023,0.31618,0.144812,0.538985
ACGCGGGCCAAGGACA-1,0.00004,0.949372,0.031916,0.018672
ACGCGTTTCTTAAGAG-1,0.000029,0.000087,0.303136,0.696748
ACGCTAGTATCAGTGC-1,0.000097,0.054809,0.859349,0.085745
ACGCTAGTGATACACT-1,0.000044,0.198314,0.213356,0.588287
ACGCTGTGAGGCGTAG-1,0.000051,0.461259,0.42746,0.11123
ACGCTTAGTGTCTCTC-1,0.000091,0.000274,0.368224,0.63141
ACGGAACACGAGTGCC-1,0.000024,0.992949,0.000047,0.00698
ACGGAATTTAGCAAAT-1,0.000037,0.117651,0.28999,0.592322
ACGGACGCAGCGACAA-1,0.000013,0.000039,0.000026,0.999922
ACGGACTCTCAAAGCG-1,0.000036,0.771991,0.118773,0.1092
ACGGAGCGCAAATTAC-1,0.000017,0.00005,0.006436,0.993497
ACGGATGGTGCGGATA-1,0.000062,0.999565,0.000124,0.000249
ACGGCACTTGCTTGGG-1,0.000046,0.999676,0.000093,0.000185
ACGGCCAACATGGACT-1,0.000047,0.992575,0.007189,0.000189
ACGGCGACGATGGGAA-1,0.000031,0.988901,0.000062,0.011005
ACGGCGGGTTGCCCTG-1,0.000018,0.000054,0.009712,0.990217
ACGGCTGGATGTAGAA-1,0.000037,0.000111,0.656078,0.343774
ACGGGAGTGTCGGCCC-1,0.000041,0.002329,0.661857,0.335774
ACGGGCGTATGCGACA-1,0.000023,0.024118,0.240039,0.73582
ACGGGTCATGTGACTT-1,0.000035,0.000104,0.362588,0.637273
ACGGGTTGTGACCTGT-1,0.000082,0.020666,0.322892,0.65636
ACGGTACAGTTCAATG-1,0.000026,0.744437,0.000052,0.255485
ACGGTCACCGAGAACA-1,0.000026,0.102706,0.400087,0.497181
ACGTACAGATTTCTCT-1,0.000056,0.000168,0.053214,0.946562
ACGTACTTTGGCACGG-1,0.000049,0.593742,0.254828,0.151382
ACGTAGATTGCTGATG-1,0.000039,0.476617,0.154896,0.368448
ACGTAGGAGAGTCGCT-1,0.000057,0.999602,0.000114,0.000227
ACGTATTACTCCGATC-1,0.0001,0.486918,0.111193,0.401789
ACGTCCTAAACGAGAT-1,0.00005,0.079637,0.887644,0.03267
ACGTCGGGCAACTCGG-1,0.00004,0.158453,0.379555,0.461953
ACGTCTCGTTCCGGGA-1,0.000021,0.000064,0.218256,0.781659
ACGTGACAAAGTAAGT-1,0.00002,0.167931,0.225912,0.606137
ACGTGCGCCTCGTGCA-1,0.000045,0.028426,0.53795,0.433579
ACGTGGTCGAATGTGC-1,0.000069,0.000208,0.459188,0.540534
ACGTTAATGTCGAAGA-1,0.000039,0.683851,0.008186,0.307924
ACGTTAGATTTGCCCG-1,0.00005,0.571384,0.303634,0.124932
ACGTTATTGGTCACTC-1,0.000053,0.000158,0.530039,0.46975
ACGTTCACTATGCCGC-1,0.000036,0.819819,0.02205,0.158095
ACGTTCCGCGCTCCGT-1,0.000046,0.229871,0.395048,0.375035
ACGTTCGCAATCAATT-1,0.000049,0.403541,0.366474,0.229937
ACGTTCGTTCAGGAAA-1,0.000076,0.86736,0.111705,0.020859
ACGTTCTGTACAAGTC-1,0.00002,0.433613,0.000041,0.566325
ACGTTGTCGTTGAAAG-1,0.000035,0.175017,0.09458,0.730368
ACGTTTAGTTGTGATC-1,0.000044,0.07243,0.248771,0.678755
ACTAAGGACGCACACC-1,0.000046,0.148374,0.47444,0.377139
ACTAATACGTCAGGCG-1,0.000035,0.000106,0.012812,0.987046
ACTACAAAGAGAGGTG-1,0.000054,0.996002,0.003726,0.000218
ACTACATCCCGACAAG-1,0.000031,0.082289,0.587006,0.330674
ACTACCAGCTCTCTGG-1,0.000025,0.032245,0.131282,0.836447
ACTACCATCCGAGGGC-1,0.00005,0.159158,0.409202,0.431589
ACTACGCGTTAGAATT-1,0.000088,0.90306,0.0965,0.000352
ACTAGTTGCGATCGTC-1,0.000026,0.688678,0.000052,0.311244
ACTATATGCTGTGTTC-1,0.00004,0.145868,0.237515,0.616577
ACTATCCAGGGCATGG-1,0.000038,0.839797,0.056057,0.104108
ACTATCTGCCCGCGTA-1,0.000023,0.807203,0.003944,0.188831
ACTATGTCCAGCTGCC-1,0.000024,0.164649,0.136941,0.698385
ACTATTCGTCCGTGGT-1,0.000042,0.086798,0.509766,0.403395
ACTATTTCCGGGCCCA-1,0.000049,0.948597,0.047907,0.003447
ACTCAACGAATGTATT-1,0.000025,0.053895,0.028225,0.917855
ACTCAAGTGCAAGGCT-1,0.000051,0.999639,0.000103,0.000206
ACTCAATAAAGGCACG-1,0.000018,0.15102,0.146112,0.70285
ACTCAGACCTGCTTCT-1,0.000026,0.004684,0.110348,0.884942
ACTCATGGCAGCCTTC-1,0.000044,0.171257,0.431398,0.397301
ACTCCAATATCATCAT-1,0.000022,0.027686,0.118228,0.854064
ACTCCCATTCCTAAAG-1,0.000018,0.076666,0.001773,0.921543
ACTCCCGAATTCGTTT-1,0.000055,0.472434,0.399371,0.12814
ACTCCCGTAGACTAGG-1,0.000023,0.043935,0.192371,0.763671
ACTCCCTAATGCTAAA-1,0.000029,0.968301,0.031556,0.000115
ACTCCCTAGAATAGTA-1,0.000055,0.999617,0.000109,0.000219
ACTCCGGCCGACCACT-1,0.000035,0.999753,0.00007,0.000141
ACTCGATGTATTTCAT-1,0.00007,0.000209,0.777603,0.222118
ACTCGCCGTTCGATAA-1,0.000016,0.768642,0.011766,0.219575
ACTCGCGATCTGACGC-1,0.000028,0.999806,0.000055,0.000111
ACTCGTAACCCGTCCT-1,0.000018,0.422598,0.069645,0.507739
ACTCGTCAGTAATCCC-1,0.000041,0.786505,0.16242,0.051034
ACTCTAAACCTGGGAT-1,0.000013,0.000189,0.026283,0.973515
ACTCTCTGACTTAGGT-1,0.000075,0.867558,0.129056,0.003311
ACTCTCTTATACACGA-1,0.000075,0.000226,0.401986,0.597713
ACTCTGACCTAATAGA-1,0.000025,0.999826,0.00005,0.000099
ACTCTTCAGCTCCCGC-1,0.000019,0.554784,0.0251,0.420097
ACTCTTGTATAGTAAC-1,0.000033,0.416331,0.110876,0.47276
ACTGAAACGCCGTTAG-1,0.000045,0.94564,0.03802,0.016296
ACTGAATGGCGAAAGT-1,0.000035,0.999757,0.000069,0.000139
ACTGATTTAGTGATTC-1,0.00009,0.000269,0.534349,0.465292
ACTGCCCGCCATTCTC-1,0.000024,0.488926,0.066731,0.444319
ACTGCCGTCGTAACTC-1,0.000016,0.000047,0.007165,0.992773
ACTGCGGACACACCGT-1,0.000036,0.465242,0.441155,0.093567
ACTGCTCGGAAGGATG-1,0.000051,0.004609,0.935521,0.059819
ACTGGCGAACCTGCGT-1,0.00004,0.021478,0.216828,0.761654
ACTGGGATGCCAGTGC-1,0.000057,0.90741,0.000115,0.092418
ACTGTACGATACACAT-1,0.00004,0.31042,0.218522,0.471018
ACTGTAGCACTTTGGA-1,0.000019,0.288854,0.026964,0.684163
ACTGTATACGCGAGCA-1,0.000032,0.000096,0.075533,0.924339
ACTGTCCAGGATTATA-1,0.000038,0.650627,0.050597,0.298738
ACTGTCTTCTTTAGAA-1,0.000048,0.520941,0.26297,0.216041
ACTGTGCTAGTAGATC-1,0.000032,0.001375,0.010418,0.988175
ACTGTTTAGTGTAGGC-1,0.000037,0.000111,0.170579,0.829273
ACTTACCGGGCGCGCA-1,0.000317,0.000953,0.50103,0.4977
ACTTACGCATCCACGC-1,0.000049,0.826552,0.127098,0.0463
ACTTAGTACGACAAGA-1,0.000039,0.000116,0.507981,0.491864
ACTTATACTTACCCGG-1,0.000043,0.579349,0.171088,0.24952
ACTTATTAGGATCGGT-1,0.000069,0.740057,0.259599,0.000275
ACTTATTTATGTGCCA-1,0.000049,0.99948,0.000276,0.000195
ACTTCAGGCTGATCCC-1,0.000033,0.753197,0.148762,0.098007
ACTTCCAGTGGAAGCT-1,0.000037,0.056515,0.080122,0.863327
ACTTCCATGCGGGACA-1,0.000045,0.987202,0.006174,0.00658
ACTTCCTGTCGTGCGA-1,0.000067,0.04204,0.957627,0.000267
ACTTCGCCATACGCAC-1,0.000031,0.996429,0.003417,0.000123
ACTTCGCTAGCGAGTG-1,0.000031,0.408039,0.370045,0.221886
ACTTGACTCCCTCTTT-1,0.000055,0.97244,0.027283,0.000221
ACTTGCCATATTGTAC-1,0.00009,0.00027,0.79975,0.199889
ACTTGCTCTATCTACC-1,0.000067,0.000201,0.358411,0.641321
ACTTGGGACCCGGTGG-1,0.00004,0.346961,0.379616,0.273383
ACTTGTAGTCCCTTCA-1,0.000023,0.030517,0.342074,0.627386
ACTTGTGGATGGAACG-1,0.000091,0.774036,0.000182,0.225691
ACTTTACCCTCATGAA-1,0.000025,0.219153,0.014734,0.766088
ACTTTATACACCACTT-1,0.000031,0.002166,0.02923,0.968573
ACTTTCCTATAGCTTC-1,0.000045,0.46144,0.275158,0.263357
ACTTTGACTGCATCCT-1,0.000016,0.065338,0.0042,0.930445
ACTTTGGTCGTGCTCC-1,0.000013,0.05878,0.000027,0.94118
ACTTTGTCGACGCACT-1,0.000043,0.999701,0.000085,0.000171
AGAAATTATGACTCGC-1,0.000025,0.999824,0.00005,0.0001
AGAACACGGCGATGGT-1,0.000013,0.028694,0.00479,0.966502
AGAACCCAGCGTGACA-1,0.000031,0.939861,0.059982,0.000126
AGAACCCTCAATTGGG-1,0.00004,0.005341,0.498162,0.496457
AGAACGTGGTACATTC-1,0.000019,0.187536,0.158048,0.654397
AGAACTGTACTTTGTA-1,0.000018,0.82808,0.062848,0.109053
AGAAGAGCGCCGTTCC-1,0.000769,0.994614,0.001539,0.003078
AGAAGGTACACTTCAC-1,0.00005,0.113627,0.728872,0.157451
AGAAGGTTGCCGAATT-1,0.000116,0.510079,0.489342,0.000464
AGAAGGTTGTAGGTCG-1,0.000087,0.999393,0.000174,0.000347
AGAAGTGATTCGTGAT-1,0.000053,0.154601,0.642848,0.202498
AGAATAAATCTTCAGG-1,0.000012,0.004131,0.025249,0.970608
AGAATACAGGCTATCC-1,0.00002,0.873474,0.036865,0.089641
AGAATGCGGGTTCGGA-1,0.000021,0.000134,0.121342,0.878503
AGAATTATGGATTCGA-1,0.000048,0.779003,0.129741,0.091208
AGAATTGTTTGACATA-1,0.000026,0.03799,0.224106,0.737878
AGACAGCTCAGAATCC-1,0.000029,0.008037,0.16731,0.824624
AGACAGGCATCTCAGC-1,0.000062,0.997173,0.000123,0.002642
AGACATAGATCCTTCC-1,0.000036,0.121327,0.062115,0.816521
AGACCAAACCACACCT-1,0.000023,0.063993,0.372042,0.563942
AGACCATGGGATACAA-1,0.000033,0.090869,0.60187,0.307229
AGACCCACCGCTGATC-1,0.000025,0.556241,0.000049,0.443685
AGACCCGCCCTCCTCG-1,0.00005,0.195836,0.803912,0.000202
AGACCGCTCCGCGGTT-1,0.000013,0.504913,0.000027,0.495047
AGACCGGGAAACCCTG-1,0.000025,0.010108,0.236009,0.753859
AGACGAAGTGCCGGTC-1,0.000031,0.769346,0.001196,0.229426
AGACGACGATGCCGCT-1,0.00003,0.220162,0.371379,0.408429
AGACGCCCACTTCGCC-1,0.000034,0.955029,0.042752,0.002185
AGACGGGATTGGTATA-1,0.000068,0.000203,0.916593,0.083137
AGACGGGCCGATTTAA-1,0.000078,0.000233,0.611426,0.388263
AGACTAGCCTTCCAGA-1,0.000059,0.339561,0.660146,0.000235
AGACTGTTACCGGGTC-1,0.000044,0.999689,0.000089,0.000178
AGAGAAACACCAGAAA-1,0.000019,0.38631,0.038661,0.57501
AGAGAACCGTCTAGGA-1,0.000051,0.079646,0.867376,0.052928
AGAGAAGGAGTACAAT-1,0.000035,0.15204,0.043178,0.804746
AGAGATCTCTAAAGCG-1,0.00004,0.003332,0.506874,0.489754
AGAGCAGTTATGAGAC-1,0.000034,0.165957,0.533575,0.300434
AGAGCCGCCGAGATTT-1,0.000033,0.733764,0.000065,0.266138
AGAGCGCTTGTAACGG-1,0.000017,0.044676,0.085653,0.869654
AGAGCGGGCTAATCAT-1,0.000016,0.042983,0.000724,0.956277
AGAGCGTACAAGCTCG-1,0.00004,0.161794,0.652818,0.185348
AGAGCTACGAAAGCAT-1,0.000027,0.000081,0.20886,0.791032
AGAGGCTTCGGAAACC-1,0.00003,0.665203,0.00006,0.334706
AGAGGGACAATTGTCC-1,0.000019,0.001275,0.012162,0.986543
AGAGGTATCTCGGTCC-1,0.000014,0.002942,0.016337,0.980707
AGAGTAAACTTCACTA-1,0.000028,0.941766,0.000056,0.05815
AGAGTATAGTGTTACG-1,0.000037,0.100383,0.264183,0.635397
AGAGTGAACAGACACC-1,0.000062,0.051467,0.948223,0.000249
AGAGTTAGAGACCGAT-1,0.000027,0.00008,0.002225,0.997668
AGAGTTGCAGGCCTCC-1,0.000031,0.000092,0.185881,0.813996
AGATAACTTCAGGGCC-1,0.000032,0.695637,0.304203,0.000128
AGATACCAATAGAACC-1,0.000018,0.998355,0.000035,0.001591
AGATACCAGCACTTCA-1,0.000016,0.086662,0.000033,0.913288
AGATACCGGTGTTCAC-1,0.000031,0.282968,0.174131,0.54287
AGATACGACTTCATAT-1,0.00003,0.00009,0.298435,0.701445
AGATACTCAAGATCGA-1,0.000044,0.783967,0.174288,0.0417
AGATATAATACGACTA-1,0.000043,0.988167,0.006075,0.005714
AGATCGTGCATAAGAT-1,0.000041,0.063209,0.566829,0.369921
AGATCTCAGGTGTGAT-1,0.000037,0.837973,0.161842,0.000148
AGATCTGGAGAGGATA-1,0.000014,0.009394,0.000029,0.990563
AGATGACTCGCCCACG-1,0.000035,0.008179,0.376808,0.614979
AGATGAGGGTTGCGAT-1,0.000024,0.006075,0.085544,0.908357
AGATGATGGAGTCTGG-1,0.000035,0.465524,0.144225,0.390215
AGATGCAAGACGTGCA-1,0.000026,0.063028,0.172636,0.764311
AGATGCATCCTGTGTC-1,0.000012,0.000035,0.000024,0.999929
AGATTATAGGACGTTT-1,0.000052,0.818084,0.181656,0.000208
AGATTCAAGCGGGTCG-1,0.000027,0.000082,0.129897,0.869993
AGATTCACAACCGATA-1,0.000025,0.115252,0.24994,0.634784
AGCAAAGGCCGCTAGT-1,0.000032,0.632089,0.014186,0.353693
AGCAACATATCTTATT-1,0.000048,0.959972,0.021261,0.018719
AGCAACCGAAAGTAAT-1,0.000023,0.049954,0.233948,0.716075
AGCACACGTTTAGACT-1,0.000024,0.059786,0.105848,0.834342
AGCACCAGTACTCACG-1,0.000028,0.300212,0.217574,0.482186
AGCACTACCGGCCTGT-1,0.000031,0.046243,0.399482,0.554243
AGCACTACCTCACCAG-1,0.000033,0.932429,0.064211,0.003327
AGCACTTAAGGACGCC-1,0.000031,0.298662,0.548806,0.1525
AGCAGAAGGAGAAAGA-1,0.000051,0.930829,0.024746,0.044374
AGCAGCCAGATGAATA-1,0.000047,0.896466,0.065454,0.038032
AGCAGTCGAAGCATGC-1,0.000015,0.837253,0.033973,0.128758
AGCATATCAATATGCT-1,0.000029,0.908892,0.000058,0.091021
AGCATCATTTCGAAAG-1,0.000041,0.081097,0.505014,0.413849
AGCATCGTCGATAATT-1,0.000035,0.09307,0.0884,0.818494
AGCATTACGAGGCAAG-1,0.000022,0.999845,0.000044,0.000088
AGCCAAGCTTTGTGTC-1,0.000066,0.999535,0.000133,0.000266
AGCCACAGGTTACCCG-1,0.000039,0.99973,0.000077,0.000155
AGCCACTCCCGTGCTT-1,0.00003,0.223563,0.442434,0.333972
AGCCATATAGTATGTG-1,0.000092,0.999358,0.000184,0.000367
AGCCCATACATGTAAG-1,0.000031,0.111725,0.464414,0.42383
AGCCCGCAACAAGCAG-1,0.000032,0.999776,0.000064,0.000128
AGCCCGCACTACAATG-1,0.000011,0.742081,0.023623,0.234284
AGCCCGGCATTAGAGG-1,0.000048,0.157282,0.592934,0.249736
AGCCCGGTAGCCTGTA-1,0.000046,0.988787,0.010981,0.000185
AGCCCTAAGCGAAGTT-1,0.000027,0.021156,0.148532,0.830285
AGCCCTCCCTGGTGGC-1,0.000023,0.106316,0.013538,0.880122
AGCCCTGTCGCACCGT-1,0.000183,0.546904,0.452178,0.000734
AGCCCTTCTAATCCGA-1,0.000022,0.037902,0.108743,0.853333
AGCCCTTGGACATCCC-1,0.000013,0.538551,0.002396,0.459039
AGCCGCAAATTCAAAT-1,0.000016,0.012948,0.11687,0.870166
AGCCGTGGCTAAATGT-1,0.000017,0.061258,0.082978,0.855747
AGCCTAATACCCACGT-1,0.000025,0.035088,0.26746,0.697428
AGCCTTAAAGCGGAAG-1,0.000027,0.316038,0.358547,0.325387
AGCCTTGTCACTGATA-1,0.000032,0.000096,0.10042,0.899452
AGCGACAGGAACGGTC-1,0.000024,0.751385,0.012288,0.236303
AGCGACATCCCATTCA-1,0.000035,0.059954,0.407204,0.532807
AGCGACCAACGATATT-1,0.000037,0.191488,0.336694,0.471782
AGCGAGACGTGAAGGC-1,0.00003,0.5101,0.227568,0.262303
AGCGATGCGCCTAATA-1,0.000025,0.999825,0.00005,0.0001
AGCGCATAATGAATCG-1,0.000055,0.756112,0.152959,0.090873
AGCGCGGGTGCCAATG-1,0.000025,0.333064,0.134675,0.532237
AGCGCTAGAGCGATGT-1,0.000052,0.917983,0.044733,0.037232
AGCGCTTATGGGCAAG-1,0.00005,0.004252,0.109793,0.885906
AGCGGACACTTCGTAG-1,0.000052,0.98621,0.013531,0.000207
AGCGGCGGTTAGCGGT-1,0.000026,0.038083,0.144949,0.816941
AGCGGGAAGGGTCCAT-1,0.00002,0.179116,0.090027,0.730838
AGCGGGTCTGACACTC-1,0.000062,0.710497,0.194437,0.095004
AGCGGTTGAGATGTAC-1,0.000064,0.168909,0.830773,0.000255
AGCGGTTGCCGCTCTG-1,0.000021,0.125647,0.00943,0.864902
AGCGTACGAGAGCTAG-1,0.000054,0.000162,0.501894,0.49789
AGCGTAGCGCTAGACC-1,0.000046,0.000138,0.35799,0.641826
AGCGTCTGAACCCGCA-1,0.000064,0.123879,0.331249,0.544807
AGCGTGGTATTCTACT-1,0.000049,0.770616,0.211879,0.017455
AGCGTTCCGATTTAAA-1,0.000025,0.000076,0.161434,0.838465
AGCTAACAAGCAATGT-1,0.00003,0.51308,0.165232,0.321658
AGCTAAGTACGCAGGC-1,0.000033,0.948946,0.049251,0.00177
AGCTAGAAGCAGAAGT-1,0.000023,0.191879,0.076191,0.731907
AGCTATTTAATCCAAC-1,0.000022,0.082813,0.137815,0.77935
AGCTCCATATATGTTC-1,0.000031,0.966459,0.000062,0.033448
AGCTCCTTCGCACATC-1,0.000034,0.96125,0.012823,0.025893
AGCTCGTTGATGGAAA-1,0.00002,0.171599,0.061529,0.766852
AGCTCTAGACGTTCCA-1,0.000036,0.999751,0.000071,0.000142
AGCTCTTCCCAGTGCA-1,0.000031,0.044314,0.261983,0.693671
AGCTCTTCGTAACCTT-1,0.00003,0.719314,0.00006,0.280596
AGCTCTTTACTCAGTT-1,0.000072,0.646909,0.13117,0.221849
AGCTGAAGTAAACCAA-1,0.000017,0.044102,0.235278,0.720603
AGCTGCTGTGCCGAAT-1,0.000051,0.037523,0.812075,0.15035
AGCTGTAACCTCAATC-1,0.00002,0.111085,0.102252,0.786644
AGCTTATAGAGACCTG-1,0.000061,0.000183,0.425293,0.574463
AGCTTCAATACTTTGA-1,0.000098,0.000294,0.999216,0.000392
AGCTTCTTCTCGAGCA-1,0.000022,0.999845,0.000044,0.000089
AGCTTGATCAGGGTAG-1,0.000042,0.000457,0.107809,0.891692
AGCTTGATCTTAACTT-1,0.000031,0.02804,0.265127,0.706803
AGGAACGAACGACTTC-1,0.000036,0.944746,0.002517,0.052701
AGGAAGCTGTCCGCCG-1,0.000087,0.915963,0.083603,0.000347
AGGACAGTCGAATCCC-1,0.000053,0.782727,0.202355,0.014865
AGGACATCGCACGTCG-1,0.000038,0.155422,0.479258,0.365281
AGGACATCGGCACACT-1,0.000039,0.996939,0.000078,0.002944
AGGACGACCCATTAGA-1,0.000085,0.45999,0.410104,0.12982
AGGACGCTCGATGTTG-1,0.000046,0.18635,0.321521,0.492084
AGGAGACATCCACAGT-1,0.000017,0.099301,0.053939,0.846743
AGGAGAGTCTGGCTAC-1,0.00002,0.038046,0.079638,0.882297
AGGAGGCCTTCGCGCG-1,0.00003,0.959808,0.021192,0.018971
