Barcode,Topic 1to3,Topic 4,Topic 5,Topic 6to11
AAACAACGAATAGTTC-1,0.019086,0.019735,0.000025,0.961154
AAACAAGTATCTCCCA-1,0.878706,0.009466,0.001531,0.110298
AAACAATCTACTAGCA-1,0.000082,0.074279,0.00134,0.924298
AAACACCAATAACTGC-1,0.000081,0.273772,0.000027,0.72612
AAACAGAGCGACTCCT-1,0.000115,0.540336,0.000038,0.459511
AAACAGCTTTCAGAAG-1,0.000043,0.044518,0.000014,0.955424
AAACAGGGTCTATATT-1,0.000079,0.405289,0.000026,0.594605
AAACAGTGTTCCTGGG-1,0.799449,0.000042,0.000042,0.200466
AAACATGGTGAGAGGA-1,0.101913,0.479884,0.000028,0.418175
AAACATTTCCCGGATT-1,0.999749,0.000031,0.000031,0.000188
AAACCACTACACAGAT-1,0.000045,0.056893,0.000463,0.942599
AAACCCGAACGAAATC-1,0.529655,0.000012,0.089622,0.380712
AAACCGGAAATGTTAA-1,0.999778,0.000028,0.000028,0.000167
AAACCGGGTAGGTACC-1,0.120009,0.515797,0.000035,0.36416
AAACCGTTCGTCCAGG-1,0.786914,0.014108,0.000039,0.198939
AAACCTAAGCAGCCGG-1,0.990151,0.000025,0.000025,0.0098
AAACCTCATGAAGTTG-1,0.062248,0.38889,0.000031,0.548831
AAACGAAGAACATACC-1,0.000135,0.545486,0.000045,0.454335
AAACGAAGATGGAGTA-1,0.000088,0.218095,0.000029,0.781788
AAACGACAGTCTTGCC-1,0.15051,0.66063,0.00003,0.188831
AAACGAGACGGTTGAT-1,0.514392,0.327203,0.000046,0.158359
AAACGCCCGAGATCGG-1,0.000075,0.094336,0.000025,0.905564
AAACGCTGGGCACGAC-1,0.691692,0.000019,0.000019,0.30827
AAACGGGCGTACGGGT-1,0.558534,0.000026,0.113302,0.328139
AAACGGGTTGGTATCC-1,0.000365,0.180448,0.000036,0.819151
AAACGGTTGCGAACTG-1,0.774637,0.015615,0.033709,0.176039
AAACGTGTTCGCCCTA-1,0.236457,0.06288,0.000012,0.700651
AAACTAACGTGGCGAC-1,0.030637,0.000015,0.000015,0.969333
AAACTCGGTTCGCAAT-1,0.999728,0.000034,0.000034,0.000204
AAACTCGTGATATAAG-1,0.062473,0.012438,0.00237,0.922719
AAACTGCTGGCTCCAA-1,0.83351,0.166051,0.000063,0.000376
AAACTTAATTGCACGC-1,0.115373,0.567851,0.000035,0.316741
AAACTTGCAAACGTAT-1,0.087587,0.000011,0.016296,0.896107
AAAGAATGACCTTAGA-1,0.000106,0.519174,0.000035,0.480685
AAAGAATGTGGACTAA-1,0.999887,0.000014,0.000014,0.000085
AAAGACATGAAGTTTA-1,0.210422,0.418385,0.000029,0.371165
AAAGACCCAAGTCGCG-1,0.015552,0.009518,0.000015,0.974915
AAAGACTGGGCGCTTT-1,0.035987,0.05307,0.000411,0.910533
AAAGCTTGCCTACATA-1,0.054718,0.068869,0.027622,0.848792
AAAGGCCCTATAATAC-1,0.00008,0.23744,0.000027,0.762454
AAAGGCTACGGACCAT-1,0.847687,0.000033,0.033762,0.118518
AAAGGCTCTCGCGCCG-1,0.8612,0.110948,0.000042,0.027811
AAAGGGATGTAGCAAG-1,0.056394,0.259784,0.02624,0.657582
AAAGGGCAGCTTGAAT-1,0.03157,0.352137,0.000025,0.616268
AAAGGTAAGCTGTACC-1,0.000077,0.01565,0.000026,0.984247
AAAGGTCAACGACATG-1,0.134887,0.098242,0.018696,0.748175
AAAGTAGCATTGCTCA-1,0.511068,0.143956,0.000028,0.344948
AAAGTCACTGATGTAA-1,0.000035,0.000012,0.002269,0.997684
AAAGTCGACCCTCAGT-1,0.000034,0.000011,0.01476,0.985194
AAAGTGCCATCAATTA-1,0.527411,0.000032,0.021687,0.45087
AAAGTGTGATTTATCT-1,0.848932,0.000036,0.000036,0.150995
AAAGTTGACTCCCGTA-1,0.671328,0.005326,0.00004,0.323305
AAATAACCATACGGGA-1,0.054299,0.044998,0.005581,0.895123
AAATAAGGTAGTGCCC-1,0.097311,0.202507,0.002865,0.697318
AAATACCTATAAGCAT-1,0.94549,0.054174,0.000048,0.000288
AAATAGCTTAGACTTT-1,0.677944,0.021055,0.014501,0.286501
AAATAGGGTGCTATTG-1,0.784033,0.057134,0.000034,0.158799
AAATCACTCCTAAACG-1,0.310854,0.572448,0.000034,0.116665
AAATCCGATACACGCC-1,0.761707,0.000017,0.046308,0.191968
AAATCGCGGAAGGAGT-1,0.000163,0.760933,0.000054,0.238849
AAATCGTGTACCACAA-1,0.800095,0.17828,0.000072,0.021553
AAATCTAGCCCTGCTA-1,0.999811,0.000024,0.000024,0.000142
AAATCTGCCCGCGTCC-1,0.000167,0.411148,0.000056,0.588629
AAATGACTGATCAAAC-1,0.753196,0.023939,0.000026,0.222839
AAATGATTCGATCAGC-1,0.000044,0.072109,0.000015,0.927832
AAATGCTCGTTACGTT-1,0.103282,0.00002,0.017738,0.87896
AAATGGCATGTCTTGT-1,0.007535,0.50157,0.000036,0.490859
AAATGGCCCGTGCCCT-1,0.023984,0.146061,0.005531,0.824424
AAATGGTCAATGTGCC-1,0.692721,0.206874,0.000035,0.10037
AAATGTATCTTATCCC-1,0.000093,0.079588,0.0003,0.92002
AAATGTGGGTGCTCCT-1,0.000096,0.389816,0.000032,0.610055
AAATTAACGGGTAGCT-1,0.582483,0.417019,0.000071,0.000428
AAATTAATAAGCGCGA-1,0.000047,0.087137,0.000016,0.9128
AAATTACACGACTCTG-1,0.000058,0.0069,0.000019,0.993023
AAATTACCTATCGATG-1,0.055489,0.186084,0.026004,0.732424
AAATTCCAGGTCCAAA-1,0.570429,0.014202,0.000018,0.415352
AAATTGATAGTCCTTT-1,0.046344,0.073036,0.113339,0.767281
AAATTGCGGCGGTTCT-1,0.000074,0.103199,0.000025,0.896702
AAATTGGTGAGAAGCA-1,0.014539,0.200665,0.00002,0.784776
AAATTTACCGAAATCC-1,0.000141,0.54963,0.002245,0.447984
AAATTTGCGGGTGTGG-1,0.01206,0.317701,0.044609,0.62563
AACAACTGGTAGTTGC-1,0.128668,0.863095,0.000058,0.00818
AACAATACATTGTCGA-1,0.652533,0.26569,0.000052,0.081724
AACAATTACTCTACGC-1,0.014475,0.766906,0.000048,0.21857
AACACACGCTCGCCGC-1,0.913769,0.015301,0.000028,0.070902
AACACGACTGTACTGA-1,0.064286,0.000014,0.000547,0.935152
AACACGAGACGCGGCC-1,0.000067,0.258633,0.027229,0.71407
AACACGCGGCCGCGAA-1,0.07413,0.190847,0.000036,0.734987
AACAGCTGTGTGGCAA-1,0.315583,0.238755,0.006592,0.43907
AACAGGAAATCGAATA-1,0.010893,0.580531,0.000036,0.408541
AACAGGATGGGCCGCG-1,0.058192,0.216273,0.004725,0.72081
AACAGGTAGTATGGAT-1,0.950014,0.000017,0.000017,0.049952
AACATAGCGTGTATCG-1,0.785229,0.039206,0.018759,0.156806
AACATATCAACTGGTG-1,0.282841,0.340499,0.000054,0.376606
AACATCGATACGTCTA-1,0.053809,0.286285,0.000026,0.659881
AACATTGAAGTTGATC-1,0.089472,0.256189,0.010538,0.643801
AACATTGGTCAGCCGT-1,0.026433,0.012917,0.000027,0.960622
AACATTGTGACTCGAG-1,0.809687,0.189782,0.000076,0.000455
AACCAAGACTTCTCTG-1,0.117294,0.007169,0.02126,0.854277
AACCAGTATCACTCTT-1,0.000167,0.24316,0.000056,0.756617
AACCATAGGGTTGAAC-1,0.000061,0.058999,0.00002,0.940919
AACCATGGGATCGCTA-1,0.005066,0.354482,0.000034,0.640418
AACCCAGAGACGGAGA-1,0.050687,0.226587,0.000022,0.722704
AACCCATCCCATGATC-1,0.000571,0.697372,0.000046,0.302011
AACCCGACAACCCGTG-1,0.732682,0.153881,0.008651,0.104786
AACCCGAGCAGAATCG-1,0.99449,0.000022,0.000022,0.005467
AACCCGATAGGGCTTC-1,0.003178,0.047638,0.000024,0.949161
AACCCGCTGTATTCCA-1,0.79481,0.00858,0.00002,0.19659
AACCCTACTGTCAATA-1,0.699353,0.13875,0.026548,0.135349
AACCCTGGTGGAACCA-1,0.000041,0.000014,0.000014,0.999932
AACCGAGCTTGGTCAT-1,0.007988,0.402322,0.043375,0.546316
AACCGCTAAGGGATGC-1,0.98777,0.012026,0.000029,0.000175
AACCGTTGTGTTTGCT-1,0.000141,0.259804,0.000047,0.740007
AACCTAAAGCCGTCCG-1,0.016947,0.920124,0.000058,0.06287
AACCTCGCTTTAGCCC-1,0.767957,0.042645,0.000102,0.189296
AACCTGTCACGGAATT-1,0.827442,0.0516,0.000026,0.120932
AACCTTTAAATACGGT-1,0.552814,0.000028,0.044905,0.402253
AACCTTTACGACGTCT-1,0.030563,0.000017,0.038495,0.930925
AACGAAAGTCGTCCCA-1,0.000112,0.611409,0.000037,0.388441
AACGACCTCCTAGCCG-1,0.93224,0.000015,0.000015,0.06773
AACGATAATGCCGTAG-1,0.924329,0.075444,0.000032,0.000195
AACGATAGAAGGGCCG-1,0.12113,0.515382,0.000047,0.363441
AACGATATGTCAACTG-1,0.062009,0.304323,0.058827,0.574842
AACGCATGATCTGGGT-1,0.08548,0.365825,0.000032,0.548664
AACGCGAACGGCAACA-1,0.000046,0.000015,0.002989,0.996951
AACGCGACCTTGGGCG-1,0.908609,0.000049,0.000049,0.091293
AACGCGGTCTCCAGCC-1,0.150811,0.000385,0.064232,0.784573
AACGCTGTTGCTGAAA-1,0.949918,0.049726,0.000051,0.000306
AACGGACGTACGTATA-1,0.938287,0.044135,0.000041,0.017538
AACGGCCATCTCCGGT-1,0.697406,0.082771,0.000048,0.219775
AACGTACTGTGGGTAC-1,0.82905,0.148298,0.000062,0.02259
AACGTAGTCTACCCAT-1,0.00047,0.296948,0.001497,0.701085
AACGTCAGACTAGTGG-1,0.014775,0.28108,0.005131,0.699015
AACGTCATCCGGCTTG-1,0.785725,0.003982,0.000028,0.210265
AACGTCGCTGCACTTC-1,0.830234,0.010294,0.000013,0.159459
AACGTGATGAAGGACA-1,0.008618,0.210672,0.000032,0.780678
AACGTGCGAAAGTCTC-1,0.753358,0.016308,0.012019,0.218315
AACGTTATCAGCACCT-1,0.000082,0.081688,0.000027,0.918203
AACGTTCTACCATTGT-1,0.607891,0.061897,0.00124,0.328972
AACTACCCGTTTGTCA-1,0.999783,0.000027,0.000027,0.000163
AACTAGCGTATCGCAC-1,0.052225,0.129675,0.000037,0.818062
AACTAGGCTTGGGTGT-1,0.52398,0.005656,0.124085,0.346278
AACTCAAGTTAATTGC-1,0.637023,0.348382,0.000044,0.014551
AACTCCAGAGCGTGTT-1,0.795016,0.167846,0.000054,0.037084
AACTCCTAATCCCATG-1,0.000079,0.19467,0.000026,0.805224
AACTCGATAAACACGT-1,0.046545,0.035222,0.000032,0.9182
AACTCGATGGCGCAGT-1,0.003365,0.21587,0.000038,0.780728
AACTCTCAATAGAGCG-1,0.600821,0.065093,0.038868,0.295218
AACTCTCAGTGTGCTC-1,0.813393,0.085101,0.000056,0.10145
AACTGAGGTCAGCGTC-1,0.013695,0.067927,0.000029,0.918349
AACTGAGTTATACTGA-1,0.820972,0.000041,0.000041,0.178945
AACTGATATTAGGCCT-1,0.000107,0.407821,0.000036,0.592036
AACTGGGTCCCGACGT-1,0.083517,0.00001,0.003012,0.913461
AACTGGGTTCGAGCCG-1,0.00006,0.016898,0.014044,0.968998
AACTGGTGTGGGCCTT-1,0.000056,0.000019,0.000019,0.999907
AACTTCTGCGTCTATC-1,0.176974,0.026068,0.015073,0.781885
AACTTGCCCGTATGCA-1,0.033104,0.094527,0.001103,0.871267
AACTTGCGTTCTCGCG-1,0.000082,0.047781,0.000027,0.95211
AACTTTACGGGAGCTT-1,0.024528,0.30616,0.000027,0.669285
AACTTTAGCTGCTGAG-1,0.003877,0.36365,0.000061,0.632412
AACTTTCTCGATCATG-1,0.040438,0.324873,0.000027,0.634662
AAGAAAGTTTGATGGG-1,0.000076,0.019403,0.000025,0.980496
AAGAAATCACCAGATT-1,0.106838,0.100587,0.009266,0.78331
AAGAAGGATCAGTTAG-1,0.073573,0.129916,0.000025,0.796485
AAGACATACGTGGTTT-1,0.971315,0.000017,0.000017,0.028651
AAGACCAAATAACTCA-1,0.025662,0.106203,0.000017,0.868118
AAGACCCAACTGAACA-1,0.869639,0.055439,0.000034,0.074887
AAGACTAACCCGTTGT-1,0.000142,0.410267,0.000047,0.589545
AAGACTCACGCCCACT-1,0.109431,0.438214,0.000035,0.45232
AAGACTGCAAGCTACT-1,0.745356,0.240076,0.000055,0.014514
AAGAGATGAATCGGTA-1,0.000062,0.011937,0.052157,0.935844
AAGAGCTCTTTATCGG-1,0.654083,0.28521,0.000086,0.060621
AAGAGGATGTACGCGA-1,0.00009,0.217305,0.000315,0.782289
AAGAGGCATGGATCGC-1,0.533025,0.031635,0.000066,0.435274
AAGAGGCCCTTTGGAA-1,0.951185,0.000027,0.000027,0.048762
AAGATGGCACCGGACC-1,0.839865,0.140247,0.000037,0.019851
AAGATTGGCGGAACGT-1,0.09482,0.080126,0.02137,0.803684
AAGCACCCTGCGTATC-1,0.916816,0.002672,0.002936,0.077576
AAGCATACTCTCCTGA-1,0.811608,0.032379,0.003068,0.152945
AAGCCACTTGCAGGTA-1,0.291788,0.376244,0.000056,0.331912
AAGCCGAAGCGGTTTA-1,0.888758,0.000024,0.000024,0.111194
AAGCCGCCGTGAAATC-1,0.000063,0.082088,0.004607,0.913242
AAGCCGCTTTACCTTG-1,0.000031,0.00001,0.034743,0.965215
AAGCCGGAGAGCAGGA-1,0.732374,0.000039,0.000039,0.267547
AAGCGCAGGGCTTTGA-1,0.99967,0.000041,0.000041,0.000248
AAGCGGAGTGCGCGCA-1,0.028716,0.602046,0.00004,0.369199
AAGCGGCGTCATGGGT-1,0.000267,0.792036,0.000089,0.207608
AAGCGTCCCTCATCGA-1,0.311307,0.529115,0.000083,0.159495
AAGCTAGATCGAGTAA-1,0.91149,0.018328,0.000043,0.070138
AAGCTATGGATTGACC-1,0.024957,0.132224,0.00002,0.842799
AAGCTCGTGCCAAGTC-1,0.664005,0.180452,0.000041,0.155502
AAGCTCTTTCATGGTG-1,0.913737,0.08576,0.000072,0.000431
AAGGAGAACTTATAAG-1,0.000127,0.44634,0.000042,0.55349
AAGGAGCGGTTGGTGC-1,0.063264,0.411902,0.184373,0.340461
AAGGATCGATCGCTTG-1,0.520672,0.000018,0.057686,0.421624
AAGGATGAGGGACCTC-1,0.323654,0.514047,0.056281,0.106018
AAGGCAGGCTGTCTCC-1,0.942684,0.05366,0.000023,0.003632
AAGGCGCGTAAAGCTT-1,0.000047,0.046542,0.202583,0.750828
AAGGCTGTGCTCATCG-1,0.334118,0.41731,0.000043,0.248529
AAGGGAACGACTGGCT-1,0.332129,0.337214,0.000025,0.330632
AAGGGACAGATTCTGT-1,0.005669,0.309481,0.038646,0.646204
AAGGGACTATGCATTC-1,0.0269,0.541389,0.000047,0.431663
AAGGGTTAGCCATGCG-1,0.659436,0.134172,0.000017,0.206376
AAGGGTTTGATTTCAG-1,0.000079,0.002009,0.000026,0.997885
AAGGTATCCTAATATA-1,0.085116,0.536628,0.009808,0.368447
AAGGTGATAAACCAGC-1,0.668859,0.002599,0.030028,0.298515
AAGTAAGCTTCCAAAC-1,0.179432,0.450822,0.000033,0.369713
AAGTAGAAGACCGGGT-1,0.007108,0.17103,0.031761,0.790101
AAGTAGTGACGCGAGG-1,0.071854,0.46407,0.000036,0.46404
AAGTCAATTGTCGTCA-1,0.99337,0.006423,0.00003,0.000177
AAGTCTAGTAGCTGCC-1,0.082752,0.046259,0.000321,0.870668
AAGTCTTCTGTGGCCT-1,0.000045,0.02061,0.000072,0.979273
AAGTGACGACCGAATT-1,0.038271,0.127004,0.007186,0.827539
AAGTGAGTCGGGTTTA-1,0.654779,0.045593,0.005889,0.293739
AAGTGCAAAGGTAGAC-1,0.000062,0.220638,0.000021,0.779279
AAGTGCCTTGACTGTA-1,0.334194,0.006052,0.168195,0.491559
AAGTGCGTTAGAATCT-1,0.00512,0.00159,0.108684,0.884605
AAGTGCTTCTCTATTG-1,0.160832,0.000018,0.1166,0.722549
AAGTGTTTGGAGACGG-1,0.922862,0.057995,0.000051,0.019092
AAGTTCACTCCAAGCT-1,0.999687,0.000039,0.000039,0.000235
AAGTTCAGTCTGCGTA-1,0.11977,0.46626,0.000034,0.413936
AAGTTCGGCCAACAGG-1,0.071231,0.318376,0.116674,0.493718
AAGTTGTGATGTTATA-1,0.800343,0.199214,0.000063,0.00038
AAGTTTACTAATGGCA-1,0.000175,0.559635,0.000058,0.440132
AAGTTTATGGGCCCAA-1,0.986757,0.012908,0.000048,0.000287
AATAACAACGCTCGGC-1,0.016427,0.194867,0.001617,0.787088
AATAACACTAGAACAA-1,0.420987,0.433299,0.022457,0.123256
AATAACGTCGCGCCCA-1,0.662207,0.057016,0.00176,0.279017
AATAAGTCCTCGAGAC-1,0.000104,0.196151,0.000035,0.80371
AATAATCTTCGTATCG-1,0.954153,0.00003,0.00003,0.045788
AATACAATGTTTCAGG-1,0.024109,0.023435,0.015248,0.937208
AATACCGGAGGGCTGT-1,0.710334,0.233136,0.025303,0.031227
AATACCTGATGTGAAC-1,0.843868,0.015712,0.003108,0.137312
AATAGAACAGAGTGGC-1,0.899536,0.100214,0.000036,0.000214
AATAGAATCTGTTTCA-1,0.982949,0.002976,0.00003,0.014044
AATAGCAAGCCTCCTG-1,0.024829,0.018808,0.000016,0.956347
AATAGCTACCGCGTGC-1,0.014968,0.157397,0.002806,0.824829
AATAGGCACGACCCTT-1,0.32735,0.096214,0.002437,0.573999
AATAGTCCGTCCCGAC-1,0.999728,0.000034,0.000034,0.000204
AATAGTCGCGAGTCGG-1,0.000031,0.00001,0.00001,0.999948
AATATCAAGGTCGGAT-1,0.000067,0.000022,0.024407,0.975503
AATATCCTAGCAAACT-1,0.000115,0.348835,0.000037,0.651013
AATATCGAATCAATGC-1,0.988909,0.010924,0.000024,0.000143
AATATCGAGGGTTCTC-1,0.150735,0.246622,0.000048,0.602595
AATATTGGAGTATTGA-1,0.012514,0.142064,0.015932,0.82949
AATCAGACTGCAGGAC-1,0.00011,0.133827,0.006098,0.859965
AATCAGGTTTCATTTA-1,0.734135,0.197301,0.000041,0.068523
AATCATGTAAAGACTC-1,0.990172,0.009547,0.00004,0.000241
AATCCAAGGGCCTGAG-1,0.03522,0.209718,0.005645,0.749417
AATCCATGCAAGGGTG-1,0.046754,0.14348,0.000028,0.809738
AATCCCGCTCAGAGCC-1,0.804003,0.008208,0.000026,0.187762
AATCGAGGTCTCAAGG-1,0.752302,0.009169,0.000021,0.238508
AATCGCCTCAGCGCCA-1,0.81015,0.007134,0.017821,0.164895
AATCGCGCAGAGGACT-1,0.892348,0.059674,0.000026,0.047952
AATCGGGACACTACGA-1,0.000131,0.260599,0.000044,0.739226
AATCGGTATAGCCCTC-1,0.990665,0.008612,0.000038,0.000685
AATCGTGAGCCGAGCA-1,0.980217,0.000087,0.000039,0.019657
AATCTAGGTTTACTTG-1,0.00015,0.531559,0.00005,0.468241
AATCTATGCCGGAGCC-1,0.262681,0.486239,0.000381,0.250699
AATCTCTACTGTGGTT-1,0.000052,0.038401,0.001453,0.960094
AATCTGCGTTGGGACG-1,0.470303,0.029879,0.020815,0.479003
AATCTGGCTTTCTAGT-1,0.000104,0.312719,0.000035,0.687141
AATCTGGGTAGACCCT-1,0.00448,0.330324,0.000037,0.665159
AATGACAGCAATGTCT-1,0.000064,0.000021,0.016253,0.983662
AATGACGTAGGATGTC-1,0.525302,0.000022,0.111587,0.36309
AATGACTGTCAGCCGG-1,0.000105,0.526176,0.000035,0.473684
AATGAGTTCGCATATG-1,0.000058,0.000019,0.000019,0.999904
AATGATGATACGCTAT-1,0.100254,0.44185,0.006925,0.450971
AATGATGCGACTCCTG-1,0.607995,0.128682,0.000054,0.263268
AATGCAACCGGGTACC-1,0.127544,0.073987,0.086204,0.712265
AATGCACCAAGCAATG-1,0.022376,0.000013,0.041084,0.936527
AATGGCCGCCAATGCG-1,0.044037,0.309527,0.009788,0.636649
AATGGTCCACCGTTCA-1,0.000037,0.000012,0.003169,0.996781
AATGGTTCTCACAAGC-1,0.008355,0.041172,0.020449,0.930025
AATGTATGGCACTGTA-1,0.048009,0.446987,0.000044,0.504961
AATGTGCCCGAGGTGT-1,0.215606,0.000014,0.04578,0.738599
AATGTGCTAATCTGAG-1,0.131519,0.640944,0.000063,0.227474
AATGTTAAGACCCTGA-1,0.796127,0.00783,0.000017,0.196026
AATGTTGTCGTGAGAC-1,0.999203,0.000611,0.000027,0.000159
AATTAAAGGTCGGCGT-1,0.63182,0.036341,0.078048,0.25379
AATTAACGGATTTCCA-1,0.628815,0.000034,0.27683,0.094321
AATTACGAGACCCATC-1,0.00008,0.11803,0.000027,0.881863
AATTACTCGTACGCTC-1,0.051089,0.036588,0.016141,0.896182
AATTAGCGCTGCAGCG-1,0.745051,0.052138,0.07683,0.125981
AATTATACCCAGCAAG-1,0.824777,0.003283,0.002439,0.169501
AATTCATAAGGGATCT-1,0.103212,0.002231,0.028048,0.866509
AATTCATTGTCATGCA-1,0.008878,0.189278,0.000027,0.801817
AATTCCAACTTGGTGA-1,0.040112,0.005738,0.00003,0.95412
AATTCCAAGCATGTAC-1,0.959797,0.039692,0.000073,0.000438
AATTCGATTCGAGGAT-1,0.977589,0.022071,0.000049,0.000292
AATTCTAGAGTTAGGC-1,0.999597,0.00005,0.00005,0.000302
AATTGAACGCTCTGGT-1,0.929597,0.000034,0.000034,0.070334
AATTGCAGCAATCGAC-1,0.790814,0.017432,0.000044,0.191709
AATTGCGTGGATTACA-1,0.000084,0.042049,0.000028,0.957839
AATTGTGGTTGCCAAA-1,0.989844,0.01,0.000022,0.000133
AATTTGGGACATAGTA-1,0.000108,0.340243,0.000036,0.659614
AATTTGGTTCCAAAGA-1,0.176719,0.097397,0.002583,0.723302
ACAAACCATGCGTCCT-1,0.000051,0.230457,0.000017,0.769475
ACAAACCGACAAGGCG-1,0.036668,0.914179,0.000059,0.049093
ACAAACTCCATCAGAG-1,0.595757,0.045026,0.010705,0.348511
ACAAAGAAGGTAGGCC-1,0.000092,0.488094,0.000031,0.511783
ACAAAGCATGACCTAG-1,0.991872,0.000022,0.000022,0.008083
ACAAATCGCACCGAAT-1,0.883659,0.094067,0.000038,0.022237
ACAAATGGTAGTGTTT-1,0.89468,0.104911,0.000059,0.000351
ACAAATTCAGATCTGA-1,0.083941,0.162907,0.000043,0.753108
ACAACAGCATGAGCTA-1,0.482812,0.487134,0.029737,0.000317
ACAACGGTCCCTGCGA-1,0.000057,0.100344,0.000207,0.899392
ACAAGCAGTGCCTAGC-1,0.00004,0.000013,0.019509,0.980438
ACAAGCTATATGGAAG-1,0.014458,0.642533,0.000046,0.342963
ACAAGGAAATCCGCCC-1,0.976831,0.022936,0.000033,0.000201
ACAAGGACAAGAGGTT-1,0.041318,0.017833,0.244783,0.696066
ACAAGGATGCTTTAGG-1,0.957995,0.041768,0.000034,0.000203
ACAAGGCCTACCAGCC-1,0.000066,0.045423,0.000022,0.954489
ACAAGGGCAGGCTCTG-1,0.832844,0.016997,0.086397,0.063762
ACAAGTAATTGTAAGG-1,0.133274,0.246559,0.002008,0.618159
ACAATAGTCGTACGTT-1,0.244386,0.233103,0.003224,0.519287
ACAATCCATTTAAACC-1,0.081045,0.032587,0.01128,0.875088
ACAATCGATCTTTATA-1,0.000137,0.333664,0.001482,0.664717
ACAATGAATACGGAGA-1,0.297762,0.164482,0.000063,0.537693
ACAATGATTCTTCTAC-1,0.049621,0.37611,0.000032,0.574237
ACAATTGTGTCTCTTT-1,0.724605,0.029058,0.030815,0.215522
ACAATTTAGGAGGCTC-1,0.000058,0.188687,0.000019,0.811236
ACAATTTGAGCAGTGG-1,0.270017,0.475212,0.014195,0.240577
ACAATTTGGCCATATT-1,0.948273,0.000054,0.000054,0.051619
ACACAAAGACGGGTGG-1,0.302976,0.471211,0.000026,0.225787
ACACAAATATTCCTAG-1,0.037225,0.291114,0.000024,0.671637
ACACACCAGGACCAGT-1,0.874513,0.000037,0.000037,0.125414
ACACACTTTCTACACG-1,0.088738,0.00002,0.00851,0.902731
ACACATGATCAAATCT-1,0.081226,0.444138,0.00003,0.474606
ACACATTGACGCAACA-1,0.057952,0.003018,0.000033,0.938997
ACACATTTCCGTAGAC-1,0.966285,0.000026,0.000026,0.033663
ACACCACATAATTAGC-1,0.257955,0.538386,0.026991,0.176669
ACACCCAGCATGCAGC-1,0.00006,0.019542,0.017764,0.962634
ACACCCGAGAAATCCG-1,0.072856,0.072751,0.00351,0.850883
ACACCCGTAAATCTGT-1,0.239764,0.413393,0.000047,0.346796
ACACCGAGCGCTCTTT-1,0.000052,0.003201,0.011255,0.985492
ACACCGGTCTGACCGC-1,0.003449,0.30133,0.000029,0.695192
ACACCTTAAGTAGGGC-1,0.007815,0.283029,0.000042,0.709114
ACACCTTACTACTTGC-1,0.986979,0.000022,0.000022,0.012977
ACACGAGACTCCTTCT-1,0.550912,0.288913,0.082129,0.078046
ACACGGCACTATGCAT-1,0.000141,0.345034,0.000047,0.654778
ACACGGGAACTTAGGG-1,0.339452,0.280191,0.009822,0.370536
ACACGTAGGCCACAAG-1,0.8055,0.042462,0.00003,0.152007
ACACTCCAATGTCACT-1,0.034637,0.000023,0.000023,0.965316
ACACTGATCAAGGTGT-1,0.445369,0.016369,0.20932,0.328941
ACACTGGGACAGTCGT-1,0.999703,0.000037,0.000037,0.000223
ACAGAACTGAGAACAA-1,0.032744,0.471019,0.000031,0.496205
ACAGATTAGGTTAGTG-1,0.000061,0.00002,0.001217,0.998702
ACAGCATAGAGCCAGT-1,0.008629,0.001199,0.000015,0.990157
ACAGCGACATTCTCAT-1,0.999613,0.000048,0.000048,0.00029
ACAGCGCACCCGCAGC-1,0.000124,0.359689,0.000041,0.640147
ACAGGAGGCGCAGCCG-1,0.080567,0.055513,0.000029,0.863892
ACAGGCACGGATCCTT-1,0.970385,0.000022,0.000022,0.02957
ACAGGCTTGCCCGACT-1,0.999737,0.000033,0.000033,0.000197
ACAGGTGGAGGTGAGG-1,0.353544,0.330821,0.132869,0.182766
ACAGGTGTGTTGTTGC-1,0.000036,0.000012,0.000012,0.99994
ACAGTAATACAACTTG-1,0.014558,0.220729,0.00002,0.764693
ACAGTATACCGTGGGA-1,0.000107,0.666198,0.000036,0.33366
ACAGTGCAGCGCATTT-1,0.159433,0.319208,0.000037,0.521322
ACATAAGTCGTGGTGA-1,0.076136,0.279686,0.000024,0.644154
ACATAATAAGGCGGTG-1,0.000061,0.027129,0.011718,0.961092
ACATACAATCAAGCGG-1,0.785851,0.139427,0.000022,0.0747
ACATCAGCTGGGACGC-1,0.004897,0.210695,0.009297,0.775111
ACATCCCGGCCATACG-1,0.999749,0.000031,0.000031,0.000188
ACATCCTGGTAACTGT-1,0.713299,0.01394,0.094816,0.177945
ACATCGATCGTTTACC-1,0.79057,0.048017,0.000056,0.161357
ACATCGCAATATTCGG-1,0.18249,0.113089,0.016431,0.68799
ACATCGGTCAGCCGCG-1,0.579386,0.403213,0.000047,0.017354
ACATCGTATGCAATGG-1,0.770228,0.000024,0.000024,0.229724
ACATCGTTAACCTAGT-1,0.196554,0.449312,0.000071,0.354063
ACATCTCAACGCGTAA-1,0.000052,0.006005,0.009785,0.984158
ACATGCTTACGGCAGC-1,0.02701,0.23075,0.000039,0.7422
ACATGGCGCCAAAGTA-1,0.908131,0.091615,0.000036,0.000218
ACATGGCTCAATTTAG-1,0.035424,0.025791,0.000033,0.938751
ACATTAGTTTATATCC-1,0.940118,0.059562,0.000046,0.000274
ACATTCGCGCGGAATA-1,0.080384,0.140987,0.000042,0.778587
ACATTTGAAACCTAAC-1,0.981814,0.000022,0.000022,0.018142
ACCAAACACCCAGCGA-1,0.129757,0.142681,0.003254,0.724309
ACCAAACTAGAAATCC-1,0.000096,0.258669,0.000032,0.741204
ACCAACACCACACACT-1,0.212069,0.369885,0.000025,0.418022
ACCAACCGCACTCCAC-1,0.964331,0.000017,0.000017,0.035634
ACCAACGCTTATTTAT-1,0.823447,0.053528,0.000055,0.12297
ACCAAGAACGCGTGTC-1,0.144578,0.000042,0.041379,0.814001
ACCAAGTCATCGGCAG-1,0.999763,0.00003,0.00003,0.000178
ACCAATATGCAAGTTA-1,0.751071,0.003858,0.033315,0.211756
ACCACAACTCAGAACA-1,0.013798,0.000018,0.001001,0.985183
ACCACAAGTTTCTATC-1,0.48508,0.092708,0.036355,0.385857
ACCACACGGTTGATGG-1,0.844887,0.029817,0.000022,0.125273
ACCACCAATGTAACAA-1,0.830268,0.000024,0.000024,0.169685
ACCACCCTCTCTTCTA-1,0.023519,0.060953,0.000014,0.915514
ACCACGTGCAGCTATA-1,0.880991,0.013358,0.015967,0.089684
ACCACTGTTCAAGAAG-1,0.032545,0.025042,0.010881,0.931532
ACCAGACCATAACAAC-1,0.000053,0.266214,0.002508,0.731225
ACCAGCCCGGTCTTTG-1,0.000066,0.000022,0.000022,0.99989
ACCAGGAGTGTGATCT-1,0.000113,0.217343,0.000038,0.782506
ACCAGTGCCCGGTCAA-1,0.0001,0.000033,0.000033,0.999833
ACCAGTGCGGGAGACG-1,0.980238,0.019526,0.000034,0.000202
ACCATATCCGCAATAA-1,0.872178,0.12754,0.00004,0.000242
ACCATCCGCCAACTAG-1,0.183766,0.030339,0.005034,0.780862
ACCATCGTATATGGTA-1,0.479363,0.475279,0.000086,0.045272
ACCATTAAGGGTGTCA-1,0.000086,0.280291,0.000029,0.719594
ACCCAACGCCCGTGGC-1,0.583166,0.333567,0.000046,0.083221
ACCCACCTACATGCTC-1,0.035248,0.641039,0.000043,0.32367
ACCCATCTTGAGGGTA-1,0.097479,0.185299,0.003102,0.71412
ACCCATTTGTCCCTCT-1,0.839651,0.000029,0.002855,0.157465
ACCCGAGCGAAATTAC-1,0.352359,0.204807,0.006436,0.436398
ACCCGATTGGTTCCGA-1,0.611171,0.129774,0.016059,0.242995
ACCCGGAAACTCCCAG-1,0.932552,0.030023,0.000057,0.037369
ACCCGGAGCACCACAA-1,0.999748,0.000031,0.000031,0.000189
ACCCGGATGACGCATC-1,0.606536,0.089032,0.00007,0.304362
ACCCGGTTACACTTCC-1,0.541376,0.10256,0.000063,0.356002
ACCCGTAGCAGAGAAT-1,0.000052,0.000017,0.000017,0.999913
ACCCGTGTCATCAGTA-1,0.918386,0.058553,0.000056,0.023004
ACCCTATAGGACTGAG-1,0.015942,0.119926,0.00004,0.864092
ACCCTATGCCATATCG-1,0.732262,0.20941,0.00008,0.058249
ACCCTCCCGTCAGGGC-1,0.942965,0.00002,0.00002,0.056996
ACCCTCCCTTGCTATT-1,0.8562,0.089069,0.010387,0.044344
ACCCTGGTAACGCCCT-1,0.129689,0.328526,0.000024,0.541761
ACCCTTCATCTGCGAA-1,0.000124,0.323928,0.010851,0.665097
ACCCTTGCCTGGGTCG-1,0.100884,0.081427,0.000016,0.817673
ACCCTTTAGTTCTCCA-1,0.000196,0.354152,0.015523,0.630129
ACCGAAAGGGCCCTGC-1,0.000064,0.038966,0.000021,0.960949
ACCGAAGAGTCTGGTT-1,0.000125,0.386337,0.000042,0.613496
ACCGACACATCTCCCA-1,0.995867,0.003877,0.000037,0.00022
ACCGACTGAGTCCCAC-1,0.244162,0.04635,0.039622,0.669866
ACCGAGTCTCCTTATT-1,0.982364,0.000025,0.000025,0.017586
ACCGATAGGCATAACC-1,0.99987,0.000016,0.000016,0.000097
ACCGATATTTAATCAT-1,0.992722,0.000025,0.000025,0.007228
ACCGATGGTAGCATCG-1,0.334354,0.022723,0.037961,0.604962
ACCGCAATAACTGCCT-1,0.999835,0.000021,0.000021,0.000124
ACCGCGGTGGAAGTCG-1,0.96931,0.030423,0.000038,0.000229
ACCGCTAGTCATTGGT-1,0.553944,0.098196,0.000042,0.347819
ACCGGGCCTTTGTTGA-1,0.881592,0.000034,0.000034,0.118341
ACCGGTCAGGTACACC-1,0.000116,0.498688,0.000039,0.501157
ACCGGTCTGAGTACGG-1,0.000059,0.00002,0.000935,0.998986
ACCGTCCACTGGGCCC-1,0.068028,0.27715,0.000025,0.654798
ACCGTGACCACGTGGG-1,0.368138,0.000027,0.009745,0.622091
ACCGTTCCCGCTCTGA-1,0.005164,0.180425,0.000045,0.814367
ACCTAAGTACCTTTCA-1,0.027224,0.031335,0.00158,0.939861
ACCTAATCGACTTCCT-1,0.000073,0.241532,0.002376,0.756019
ACCTACAGTATGTGGT-1,0.865316,0.03638,0.000034,0.098269
ACCTACTATAAATCTA-1,0.635744,0.078248,0.000074,0.285934
ACCTCAGCGAGGCGCA-1,0.869369,0.094633,0.000027,0.035971
ACCTCCGCCCTCGCTG-1,0.964001,0.000032,0.000032,0.035935
ACCTCCGTTATTCACC-1,0.695973,0.154502,0.012135,0.13739
ACCTCGAACTTATGCT-1,0.001017,0.129729,0.000019,0.869235
ACCTGCGTGTCATGTT-1,0.000061,0.022248,0.008085,0.969605
ACCTTTCCTTTAGAAG-1,0.000177,0.8121,0.000059,0.187665
ACGAAATGGGCGGCAC-1,0.01722,0.211316,0.010978,0.760486
ACGACCCATGAGTTGC-1,0.980297,0.000025,0.000025,0.019653
ACGACTCTAGGGCCGA-1,0.993629,0.006078,0.000042,0.000251
ACGACTGGTCATACTC-1,0.557602,0.275513,0.021107,0.145779
ACGAGAACCCATCACG-1,0.056736,0.006431,0.000018,0.936815
ACGAGATATTTGCTTA-1,0.035774,0.382074,0.00005,0.582102
ACGAGGATACCACTCT-1,0.000042,0.000014,0.006561,0.993382
ACGAGGTTTACAACGT-1,0.028362,0.354308,0.000029,0.6173
ACGAGTACGGATGCCC-1,0.154608,0.328535,0.00004,0.516818
ACGAGTCGCCGGCGTT-1,0.074562,0.020541,0.00049,0.904406
ACGATACATAGAACTA-1,0.115114,0.022092,0.13568,0.727114
ACGATACCTATCCTGA-1,0.000039,0.000013,0.000013,0.999935
ACGATCATACATAGAG-1,0.141497,0.025335,0.00488,0.828289
ACGATCATCTTGTAAA-1,0.678608,0.158789,0.009721,0.152882
ACGATGCATATGTTAT-1,0.486321,0.041128,0.007501,0.46505
ACGATGGATCCGATGC-1,0.097144,0.434705,0.000045,0.468106
ACGCAAACTAATAGAT-1,0.730539,0.165262,0.014663,0.089536
ACGCAATCACTACAGC-1,0.000078,0.099591,0.00366,0.896672
ACGCATAAATGACATG-1,0.000067,0.124431,0.000022,0.87548
ACGCATACGTTTACTA-1,0.981031,0.018722,0.000035,0.000212
ACGCATTCGTGAGTAC-1,0.362874,0.019485,0.031979,0.585661
ACGCCACTCGAAACAG-1,0.816795,0.019093,0.002084,0.162027
ACGCCAGATGATTTCT-1,0.076885,0.047257,0.047237,0.828621
ACGCCAGTGCGTTTGC-1,0.932174,0.000218,0.000041,0.067567
ACGCCCAGCTGTCGAT-1,0.000157,0.540444,0.000052,0.459347
ACGCCGCTAGACGACC-1,0.938332,0.061382,0.000041,0.000246
ACGCCTGACACGCGCT-1,0.07571,0.09208,0.000025,0.832186
ACGCGAAGTCAGACGA-1,0.788064,0.000025,0.012248,0.199664
ACGCGCTACACAGGGT-1,0.203023,0.071505,0.000021,0.725451
ACGCGGGCCAAGGACA-1,0.812321,0.132936,0.000037,0.054706
ACGCGTTTCTTAAGAG-1,0.000079,0.225329,0.000026,0.774565
ACGCTACTGAATGGGC-1,0.69584,0.095641,0.000015,0.208503
ACGCTAGTATCAGTGC-1,0.081067,0.744856,0.000088,0.173989
ACGCTAGTGATACACT-1,0.176051,0.162673,0.00004,0.661236
ACGCTGTGAGGCGTAG-1,0.331357,0.470977,0.000046,0.19762
ACGCTTAGTGTCTCTC-1,0.000249,0.471651,0.000083,0.528017
ACGGAACACGAGTGCC-1,0.998731,0.001119,0.000021,0.000129
ACGGAATTTAGCAAAT-1,0.092131,0.276624,0.000034,0.631211
ACGGACGCAGCGACAA-1,0.000035,0.000012,0.000012,0.999941
ACGGACTCTCAAAGCG-1,0.813426,0.008723,0.019682,0.15817
ACGGAGCGCAAATTAC-1,0.000046,0.020218,0.006702,0.973035
ACGGATGGTGCGGATA-1,0.980502,0.019102,0.000056,0.000339
ACGGCACTTGCTTGGG-1,0.998417,0.001289,0.000042,0.000252
ACGGCCAACATGGACT-1,0.968454,0.031245,0.000043,0.000258
ACGGCGACGATGGGAA-1,0.997241,0.000028,0.000028,0.002702
ACGGCGGGTTGCCCTG-1,0.000049,0.000016,0.005715,0.99422
ACGGCTGGATGTAGAA-1,0.000101,0.612071,0.000034,0.387795
ACGGGAGTGTCGGCCC-1,0.000111,0.426679,0.000037,0.573173
ACGGGCGTATGCGACA-1,0.000514,0.31928,0.008788,0.671418
ACGGGTCATGTGACTT-1,0.000095,0.22923,0.000032,0.770644
ACGGGTTGTGACCTGT-1,0.000225,0.515454,0.000075,0.484247
ACGGTACAGTTCAATG-1,0.734916,0.000023,0.053141,0.21192
ACGGTCACCGAGAACA-1,0.086166,0.439191,0.000023,0.47462
ACGTACAGATTTCTCT-1,0.000152,0.142029,0.000051,0.857767
ACGTACTTTGGCACGG-1,0.482108,0.273677,0.000045,0.24417
ACGTAGATTGCTGATG-1,0.496796,0.061652,0.000197,0.441356
ACGTAGGAGAGTCGCT-1,0.999587,0.000052,0.000052,0.00031
ACGTATTACTCCGATC-1,0.461712,0.099024,0.00009,0.439174
ACGTCCTAAACGAGAT-1,0.1727,0.691864,0.000045,0.135391
ACGTCGGGCAACTCGG-1,0.154674,0.457677,0.000036,0.387612
ACGTCTCGTTCCGGGA-1,0.000058,0.22077,0.000019,0.779153
ACGTGACAAAGTAAGT-1,0.178544,0.219674,0.000018,0.601763
ACGTGCGCCTCGTGCA-1,0.000122,0.41586,0.000041,0.583977
ACGTGGTCGAATGTGC-1,0.000189,0.413069,0.000063,0.586679
ACGTTAATGTCGAAGA-1,0.582411,0.00004,0.264282,0.153267
ACGTTAGATTTGCCCG-1,0.532199,0.18531,0.000851,0.281639
ACGTTATTGGTCACTC-1,0.000144,0.475564,0.000048,0.524244
ACGTTCACTATGCCGC-1,0.796648,0.001376,0.000032,0.201944
ACGTTCCGCGCTCCGT-1,0.192692,0.337404,0.000041,0.469863
ACGTTCGCAATCAATT-1,0.366894,0.473077,0.000044,0.159985
ACGTTCGTTCAGGAAA-1,0.826378,0.131054,0.000069,0.042499
ACGTTCTGTACAAGTC-1,0.351461,0.000019,0.282818,0.365703
ACGTTGTCGTTGAAAG-1,0.179697,0.02044,0.002768,0.797095
ACGTTTAGTTGTGATC-1,0.003683,0.172392,0.004778,0.819148
ACGTTTCGGTGCACTT-1,0.701466,0.044266,0.000015,0.254253
ACTAAGGACGCACACC-1,0.148161,0.527543,0.000042,0.324254
ACTAATACGTCAGGCG-1,0.000097,0.030538,0.000032,0.969333
ACTACAAAGAGAGGTG-1,0.98031,0.019345,0.000049,0.000296
ACTACATCCCGACAAG-1,0.089856,0.519443,0.000028,0.390673
ACTACCAGCTCTCTGG-1,0.000069,0.004961,0.019789,0.975181
ACTACCATCCGAGGGC-1,0.128102,0.456126,0.000045,0.415727
ACTACGCGTTAGAATT-1,0.842985,0.135737,0.00008,0.021198
ACTAGTTGCGATCGTC-1,0.665896,0.000023,0.043238,0.290843
ACTATATGCTGTGTTC-1,0.125538,0.30621,0.000036,0.568215
ACTATCCAGGGCATGG-1,0.788736,0.117512,0.000035,0.093718
ACTATCGCCGGCTAAA-1,0.054045,0.091083,0.000055,0.854817
ACTATCTGCCCGCGTA-1,0.795933,0.00002,0.05007,0.153976
ACTATGTCCAGCTGCC-1,0.137772,0.142235,0.008292,0.711702
ACTATTCGTCCGTGGT-1,0.038556,0.405123,0.005952,0.550368
ACTATTTCCGGGCCCA-1,0.945952,0.045478,0.000044,0.008526
ACTCAACGAATGTATT-1,0.052176,0.000471,0.000023,0.947331
ACTCAAGTGCAAGGCT-1,0.999626,0.000047,0.000047,0.000281
ACTCAATAAAGGCACG-1,0.051367,0.037537,0.117227,0.793869
ACTCAGACCTGCTTCT-1,0.000072,0.022361,0.011226,0.966341
ACTCATGGCAGCCTTC-1,0.125067,0.434463,0.00004,0.440431
ACTCCAATATCATCAT-1,0.020383,0.025407,0.004361,0.949849
ACTCCCATTCCTAAAG-1,0.047701,0.000016,0.019626,0.932658
ACTCCCGAATTCGTTT-1,0.466819,0.395231,0.00005,0.1379
ACTCCCGTAGACTAGG-1,0.020222,0.232692,0.032062,0.715024
ACTCCCTAATGCTAAA-1,0.999792,0.000026,0.000026,0.000156
ACTCCCTAGAATAGTA-1,0.961018,0.038634,0.00005,0.000298
ACTCCGGCCGACCACT-1,0.999744,0.000032,0.000032,0.000192
ACTCGATGTATTTCAT-1,0.00019,0.648601,0.000063,0.351145
ACTCGCCGTTCGATAA-1,0.759288,0.011042,0.023154,0.206516
ACTCGCGATCTGACGC-1,0.999798,0.000025,0.000025,0.000151
ACTCGTAACCCGTCCT-1,0.315118,0.046364,0.000016,0.638502
ACTCGTCAGTAATCCC-1,0.839958,0.035295,0.000037,0.12471
ACTCTAAACCTGGGAT-1,0.000035,0.000957,0.002983,0.996025
ACTCTCTGACTTAGGT-1,0.856298,0.090527,0.000068,0.053107
ACTCTCTTATACACGA-1,0.000205,0.441528,0.000068,0.558198
ACTCTGACCTAATAGA-1,0.99982,0.000023,0.000023,0.000135
ACTCTTCAGCTCCCGC-1,0.529559,0.000017,0.144492,0.325931
ACTCTTGTATAGTAAC-1,0.41737,0.00003,0.080302,0.502299
ACTGAAACGCCGTTAG-1,0.926228,0.073486,0.000041,0.000245
ACTGAATGGCGAAAGT-1,0.999748,0.000031,0.000031,0.000189
ACTGATTTAGTGATTC-1,0.000243,0.571783,0.000081,0.427892
ACTGCCCGCCATTCTC-1,0.435161,0.053904,0.044286,0.466649
ACTGCCGTCGTAACTC-1,0.000042,0.000014,0.006482,0.993461
ACTGCGGACACACCGT-1,0.622446,0.146218,0.000115,0.231221
ACTGCTCGGAAGGATG-1,0.000138,0.77305,0.000046,0.226765
ACTGGCGAACCTGCGT-1,0.01263,0.322996,0.000036,0.664337
ACTGGGATGCCAGTGC-1,0.888332,0.000052,0.000052,0.111564
ACTGTACGATACACAT-1,0.211206,0.163579,0.048701,0.576514
ACTGTAGCACTTTGGA-1,0.123841,0.000017,0.177377,0.698765
ACTGTATACGCGAGCA-1,0.000087,0.077243,0.000029,0.922641
ACTGTCCAGGATTATA-1,0.495106,0.048154,0.022218,0.434522
ACTGTCTTCTTTAGAA-1,0.397493,0.186291,0.06262,0.353596
ACTGTGCTAGTAGATC-1,0.000086,0.000029,0.000029,0.999856
ACTGTTTAGTGTAGGC-1,0.000101,0.189086,0.000034,0.81078
ACTTACCGGGCGCGCA-1,0.00086,0.386343,0.000287,0.612509
ACTTACGCATCCACGC-1,0.861767,0.000045,0.000045,0.138143
ACTTAGTACGACAAGA-1,0.000105,0.38548,0.000035,0.61438
ACTTATACTTACCCGG-1,0.546862,0.126918,0.07766,0.24856
ACTTATCTGATCTATA-1,0.012268,0.020147,0.000021,0.967564
ACTTATTAGGATCGGT-1,0.705661,0.182946,0.000062,0.11133
ACTTATTTATGTGCCA-1,0.987212,0.012478,0.000044,0.000265
ACTTCAGGCTGATCCC-1,0.816579,0.00003,0.00003,0.183361
ACTTCCAGTGGAAGCT-1,0.063367,0.068506,0.000034,0.868093
ACTTCCATGCGGGACA-1,0.961877,0.023452,0.000041,0.014631
ACTTCCTGTCGTGCGA-1,0.142661,0.787829,0.000061,0.069449
ACTTCGCCATACGCAC-1,0.873724,0.125744,0.000028,0.000504
ACTTCGCTAGCGAGTG-1,0.393783,0.440665,0.004255,0.161297
ACTTGACTCCCTCTTT-1,0.943313,0.056336,0.00005,0.000301
ACTTGCCATATTGTAC-1,0.000245,0.654219,0.000082,0.345455
ACTTGCTCTATCTACC-1,0.000182,0.538521,0.000061,0.461236
ACTTGGGACCCGGTGG-1,0.260965,0.359661,0.008698,0.370676
ACTTGGGCTTTCGCCA-1,0.697677,0.028229,0.000025,0.274068
ACTTGTAGTCCCTTCA-1,0.01925,0.229968,0.000021,0.750761
ACTTGTGGATGGAACG-1,0.692235,0.000082,0.000082,0.3076
ACTTGTTACCGGATCA-1,0.8685,0.000027,0.000027,0.131446
ACTTTACCCTCATGAA-1,0.174456,0.027522,0.06523,0.732793
ACTTTATACACCACTT-1,0.000085,0.119944,0.000028,0.879943
ACTTTCCTATAGCTTC-1,0.454378,0.183564,0.001387,0.36067
ACTTTGACTGCATCCT-1,0.023664,0.000015,0.065887,0.910435
ACTTTGGTCGTGCTCC-1,0.064587,0.000012,0.000012,0.935389
ACTTTGTCGACGCACT-1,0.99969,0.000039,0.000039,0.000232
AGAAATTATGACTCGC-1,0.999818,0.000023,0.000023,0.000137
AGAACACGGCGATGGT-1,0.018288,0.034578,0.000012,0.947122
AGAACCCAGCGTGACA-1,0.96891,0.03089,0.000029,0.000172
AGAACCCTCAATTGGG-1,0.000108,0.538164,0.000036,0.461693
AGAACGTGGTACATTC-1,0.067408,0.087292,0.200799,0.6445
AGAACTGTACTTTGTA-1,0.82412,0.024628,0.000016,0.151236
AGAAGAGCGCCGTTCC-1,0.863244,0.000699,0.000699,0.135357
AGAAGGTACACTTCAC-1,0.115861,0.68383,0.000045,0.200264
AGAAGGTTGCCGAATT-1,0.403121,0.575711,0.000105,0.021064
AGAAGGTTGTAGGTCG-1,0.99937,0.000079,0.000079,0.000473
AGAAGTGATTCGTGAT-1,0.078809,0.501594,0.000048,0.419549
AGAATAAATCTTCAGG-1,0.000034,0.001988,0.010651,0.987327
AGAATACAGGCTATCC-1,0.86989,0.031462,0.000018,0.09863
AGAATGCGGGTTCGGA-1,0.000058,0.150676,0.000019,0.849248
AGAATTATGGATTCGA-1,0.739793,0.143151,0.000044,0.117013
AGAATTGTTTGACATA-1,0.032119,0.190244,0.000024,0.777613
AGACAGCTCAGAATCC-1,0.008659,0.19212,0.000026,0.799196
AGACAGGCATCTCAGC-1,0.990948,0.008659,0.000056,0.000336
AGACATAGATCCTTCC-1,0.094494,0.076834,0.000033,0.82864
AGACCAAACCACACCT-1,0.055208,0.339479,0.000021,0.605291
AGACCATGGGATACAA-1,0.034726,0.448226,0.00003,0.517018
AGACCCACCGCTGATC-1,0.529619,0.000022,0.031058,0.439301
AGACCCGCCCTCCTCG-1,0.159259,0.757922,0.000046,0.082773
AGACCGCTCCGCGGTT-1,0.475022,0.000012,0.11784,0.407126
AGACCGGGAAACCCTG-1,0.000067,0.130104,0.000022,0.869807
AGACGAAGTGCCGGTC-1,0.751148,0.000029,0.088413,0.160411
AGACGACGATGCCGCT-1,0.11866,0.336502,0.023255,0.521583
AGACGCCCACTTCGCC-1,0.974465,0.000031,0.000031,0.025472
AGACGGGATTGGTATA-1,0.00289,0.690811,0.000061,0.306237
AGACGGGCCGATTTAA-1,0.066337,0.53714,0.000071,0.396453
AGACTAGCCTTCCAGA-1,0.313284,0.57905,0.070532,0.037134
AGACTGTTACCGGGTC-1,0.999677,0.00004,0.00004,0.000242
AGAGAAACACCAGAAA-1,0.302996,0.048132,0.15414,0.494733
AGAGAACCGTCTAGGA-1,0.043526,0.830132,0.007167,0.119175
AGAGAAGGAGTACAAT-1,0.130662,0.03391,0.023288,0.812139
AGAGATCTCTAAAGCG-1,0.000108,0.333704,0.000036,0.666152
AGAGCAGTTATGAGAC-1,0.095824,0.42121,0.000139,0.482827
AGAGCCGCCGAGATTT-1,0.725116,0.000151,0.03388,0.240853
AGAGCGCTTGTAACGG-1,0.039094,0.065235,0.006363,0.889309
AGAGCGGGCTAATCAT-1,0.000256,0.000014,0.059841,0.939889
AGAGCGTACAAGCTCG-1,0.085506,0.529983,0.000036,0.384475
AGAGCTACGAAAGCAT-1,0.000073,0.082432,0.000024,0.91747
AGAGGCTTCGGAAACC-1,0.655818,0.012989,0.015579,0.315614
AGAGGGACAATTGTCC-1,0.000052,0.034107,0.000017,0.965824
AGAGGTATCTCGGTCC-1,0.000039,0.000013,0.016754,0.983194
AGAGTAAACTTCACTA-1,0.936562,0.000025,0.000025,0.063387
AGAGTATAGTGTTACG-1,0.081098,0.329205,0.000034,0.589664
AGAGTCTTAATGAAAG-1,0.585804,0.180537,0.006427,0.227232
AGAGTGAACAGACACC-1,0.241857,0.720685,0.000056,0.037401
AGAGTTAGAGACCGAT-1,0.000073,0.001531,0.000024,0.998372
AGAGTTGCAGGCCTCC-1,0.000084,0.266439,0.000028,0.733449
AGATAACTTCAGGGCC-1,0.562943,0.341527,0.000029,0.095501
AGATAATCACACCTAT-1,0.103344,0.194658,0.000011,0.701987
AGATACCAATAGAACC-1,0.998363,0.000016,0.000016,0.001605
AGATACCAGCACTTCA-1,0.087862,0.000844,0.004477,0.906817
AGATACCGGTGTTCAC-1,0.117701,0.108865,0.202958,0.570476
AGATACGACTTCATAT-1,0.000082,0.203894,0.000027,0.795997
AGATACTCAAGATCGA-1,0.880474,0.005903,0.00004,0.113583
AGATATAATACGACTA-1,0.978171,0.005535,0.000039,0.016255
AGATCGTGCATAAGAT-1,0.000111,0.432184,0.00068,0.567025
AGATCTCAGGTGTGAT-1,0.831487,0.146273,0.000034,0.022206
AGATCTGGAGAGGATA-1,0.000039,0.000013,0.000013,0.999934
AGATGACTCGCCCACG-1,0.000094,0.177333,0.035296,0.787277
AGATGAGGGTTGCGAT-1,0.00532,0.101935,0.000022,0.892724
AGATGATGGAGTCTGG-1,0.445086,0.10345,0.056323,0.395141
AGATGCAAGACGTGCA-1,0.030823,0.058068,0.008543,0.902566
AGATGCATCCTGTGTC-1,0.000032,0.000011,0.000011,0.999947
AGATGCTATAACGAGC-1,0.040848,0.070939,0.000043,0.88817
AGATTATAGGACGTTT-1,0.836239,0.122202,0.000047,0.041513
AGATTCAAGCGGGTCG-1,0.000075,0.050979,0.000025,0.948921
AGATTCACAACCGATA-1,0.061019,0.253109,0.000022,0.68585
AGCAAAGGCCGCTAGT-1,0.520337,0.008388,0.097509,0.373766
AGCAACATATCTTATT-1,0.89388,0.075302,0.000043,0.030775
AGCAACCGAAAGTAAT-1,0.027208,0.155755,0.001714,0.815323
AGCACACGTTTAGACT-1,0.011772,0.03464,0.077082,0.876506
AGCACCAGTACTCACG-1,0.183852,0.109033,0.012324,0.694791
AGCACTACCGGCCTGT-1,0.004137,0.270843,0.000028,0.724992
AGCACTACCTCACCAG-1,0.953595,0.005074,0.00003,0.041301
AGCACTTAAGGACGCC-1,0.231589,0.407593,0.002024,0.358793
AGCAGAAGGAGAAAGA-1,0.924423,0.068311,0.000046,0.007219
AGCAGCCAGATGAATA-1,0.909094,0.000043,0.000043,0.09082
AGCAGTCGAAGCATGC-1,0.89062,0.007918,0.000014,0.101449
AGCATATCAATATGCT-1,0.853029,0.000026,0.065476,0.081468
AGCATCATTTCGAAAG-1,0.04018,0.392347,0.000037,0.567436
AGCATCGTCGATAATT-1,0.000096,0.001984,0.151034,0.846886
AGCATTACGAGGCAAG-1,0.99984,0.00002,0.00002,0.00012
AGCCAAGCTTTGTGTC-1,0.879583,0.072791,0.0441,0.003526
AGCCACAGGTTACCCG-1,0.999719,0.000035,0.000035,0.000211
AGCCACTCCCGTGCTT-1,0.164625,0.401234,0.000028,0.434114
AGCCATATAGTATGTG-1,0.999333,0.000083,0.000083,0.0005
AGCCCATACATGTAAG-1,0.0732,0.301507,0.005401,0.619892
AGCCCGCAACAAGCAG-1,0.999768,0.000029,0.000029,0.000174
AGCCCGCACTACAATG-1,0.79501,0.00524,0.00001,0.19974
AGCCCGGCATTAGAGG-1,0.135034,0.469822,0.000043,0.3951
AGCCCGGTAGCCTGTA-1,0.966308,0.033397,0.000042,0.000253
AGCCCTAAGCGAAGTT-1,0.011741,0.13022,0.012173,0.845866
AGCCCTCCCTGGTGGC-1,0.051484,0.0155,0.000021,0.932996
AGCCCTGTCGCACCGT-1,0.823653,0.035523,0.000167,0.140658
AGCCCTTCTAATCCGA-1,0.042538,0.12624,0.004162,0.82706
AGCCCTTGGACATCCC-1,0.504186,0.000012,0.000582,0.49522
AGCCGCAAATTCAAAT-1,0.007168,0.052973,0.000015,0.939845
AGCCGCTTGATTAGCG-1,0.071886,0.018312,0.000042,0.90976
AGCCGTGGCTAAATGT-1,0.025728,0.01254,0.008234,0.953498
AGCCTAATACCCACGT-1,0.010589,0.169031,0.001045,0.819335
AGCCTTAAAGCGGAAG-1,0.234581,0.288574,0.000025,0.47682
AGCCTTGTCACTGATA-1,0.000087,0.018252,0.000029,0.981632
AGCGACAGGAACGGTC-1,0.528102,0.095889,0.116728,0.259281
AGCGACATCCCATTCA-1,0.014587,0.265792,0.000171,0.719449
AGCGACCAACGATATT-1,0.078436,0.244709,0.067094,0.60976
AGCGACTTTGAAGACA-1,0.719573,0.023834,0.003869,0.252724
AGCGAGACGTGAAGGC-1,0.419987,0.236971,0.000027,0.343015
AGCGATGCGCCTAATA-1,0.999819,0.000023,0.000023,0.000136
AGCGCATAATGAATCG-1,0.739423,0.145826,0.00005,0.114701
AGCGCGGGTGCCAATG-1,0.224,0.153754,0.046812,0.575434
AGCGCTAGAGCGATGT-1,0.919776,0.065361,0.000047,0.014816
