Barcode,Topic 1,Topic 2,Topic 3,Topic 4to9,Topic 10,Topic 11,Topic 12to13
AAACAAGTATCTCCCA-1,0.000024,0.512211,0.061114,0.00808,0.023621,0.246245,0.148705
AAACACCAATAACTGC-1,0.000047,0.112199,0.003711,0.17206,0.345364,0.208309,0.158309
AAACAGAGCGACTCCT-1,0.000022,0.032873,0.000022,0.000134,0.079915,0.886988,0.000045
AAACAGCTTTCAGAAG-1,0.000011,0.000011,0.050379,0.825344,0.009693,0.056092,0.058468
AAACAGGGTCTATATT-1,0.000012,0.000956,0.000012,0.691033,0.000012,0.273229,0.034748
AAACAGTGTTCCTGGG-1,0.000022,0.000022,0.000022,0.397307,0.225534,0.001324,0.375767
AAACATGGTGAGAGGA-1,0.00001,0.00001,0.00001,0.82718,0.078866,0.00001,0.093913
AAACATTTCCCGGATT-1,0.000023,0.415857,0.065031,0.00014,0.042088,0.349427,0.127433
AAACCCGAACGAAATC-1,0.000023,0.395649,0.024985,0.096966,0.170726,0.152458,0.159193
AAACCGGAAATGTTAA-1,0.009842,0.850684,0.000041,0.096539,0.042771,0.000041,0.000082
AAACCGGGTAGGTACC-1,0.000021,0.000021,0.021577,0.604773,0.000021,0.12308,0.250507
AAACCGTTCGTCCAGG-1,0.000029,0.000029,0.000029,0.211722,0.094157,0.223896,0.470137
AAACCTAAGCAGCCGG-1,0.000028,0.070887,0.045606,0.276326,0.378097,0.000028,0.229028
AAACCTCATGAAGTTG-1,0.342201,0.041259,0.000081,0.000487,0.379331,0.037357,0.199283
AAACGAAGATGGAGTA-1,0.047078,0.024367,0.010961,0.320031,0.208681,0.222064,0.166817
AAACGAGACGGTTGAT-1,0.000016,0.000016,0.000016,0.76213,0.072356,0.000016,0.165451
AAACGCTGGGCACGAC-1,0.039291,0.700241,0.000026,0.260339,0.000026,0.000026,0.000052
AAACGGGCGTACGGGT-1,0.000022,0.119604,0.079799,0.26799,0.246349,0.019288,0.266947
AAACGGTTGCGAACTG-1,0.000021,0.000021,0.000021,0.453127,0.252222,0.000021,0.294566
AAACGTGTTCGCCCTA-1,0.003178,0.135458,0.000031,0.53076,0.283222,0.04729,0.000061
AAACTAACGTGGCGAC-1,0.000007,0.000007,0.000007,0.932933,0.000007,0.039737,0.027301
AAACTCGGTTCGCAAT-1,0.000023,0.018302,0.000023,0.378586,0.320696,0.000023,0.282348
AAACTCGTGATATAAG-1,0.000007,0.000007,0.000152,0.855593,0.00027,0.040052,0.103918
AAACTGCTGGCTCCAA-1,0.000045,0.067329,0.000045,0.093341,0.65879,0.012302,0.168148
AAACTTAATTGCACGC-1,0.000015,0.010229,0.000015,0.748176,0.033131,0.036385,0.17205
AAACTTGCAAACGTAT-1,0.000081,0.000081,0.000081,0.000487,0.51722,0.481588,0.000461
AAAGAATGACCTTAGA-1,0.001829,0.005064,0.010907,0.287557,0.374221,0.289797,0.030625
AAAGAATGTGGACTAA-1,0.000018,0.447012,0.412326,0.000106,0.023299,0.116943,0.000297
AAAGACTGGGCGCTTT-1,0.014912,0.021474,0.000071,0.170705,0.569958,0.222739,0.000142
AAAGCTTGCCTACATA-1,0.000013,0.02248,0.000013,0.454482,0.123209,0.395951,0.003851
AAAGGCCCTATAATAC-1,0.028244,0.107057,0.051437,0.000367,0.276522,0.536251,0.000122
AAAGGCTACGGACCAT-1,0.000033,0.000705,0.000033,0.283129,0.694368,0.000033,0.021698
AAAGGCTCTCGCGCCG-1,0.000012,0.010654,0.000012,0.331567,0.005178,0.268266,0.384311
AAAGGGATGTAGCAAG-1,0.000032,0.000032,0.000032,0.551882,0.195584,0.001699,0.250738
AAAGGGCAGCTTGAAT-1,0.720897,0.023223,0.000097,0.146641,0.108849,0.000097,0.000195
AAAGGTAAGCTGTACC-1,0.003871,0.043555,0.000047,0.569744,0.382641,0.000047,0.000094
AAAGTAGCATTGCTCA-1,0.000051,0.000051,0.000051,0.000306,0.249599,0.372729,0.377214
AAAGTCGACCCTCAGT-1,0.007832,0.043359,0.025024,0.003744,0.08213,0.719377,0.118534
AAAGTGCCATCAATTA-1,0.018664,0.749422,0.000021,0.231806,0.000021,0.000021,0.000043
AAAGTGTGATTTATCT-1,0.000019,0.016714,0.000019,0.53611,0.137044,0.000019,0.310076
AAAGTTGACTCCCGTA-1,0.024512,0.061214,0.01674,0.170161,0.302836,0.007579,0.416959
AAATAACCATACGGGA-1,0.000027,0.016679,0.003862,0.010143,0.212413,0.731175,0.0257
AAATAAGGTAGTGCCC-1,0.000012,0.001194,0.000012,0.743846,0.216251,0.02745,0.011235
AAATACCTATAAGCAT-1,0.000024,0.105196,0.000024,0.051222,0.088392,0.540808,0.214334
AAATAGCTTAGACTTT-1,0.000009,0.004651,0.078799,0.816206,0.019972,0.000009,0.080353
AAATAGGGTGCTATTG-1,0.000034,0.03114,0.000034,0.327233,0.241818,0.000034,0.399708
AAATCCGATACACGCC-1,0.00002,0.083122,0.098841,0.263592,0.172372,0.039254,0.342799
AAATCGCGGAAGGAGT-1,0.000019,0.000019,0.000019,0.632888,0.165002,0.015817,0.186234
AAATCGTGTACCACAA-1,0.000017,0.02463,0.112654,0.177694,0.014208,0.277239,0.393558
AAATCTAGCCCTGCTA-1,0.0243,0.604228,0.000086,0.005805,0.044422,0.006115,0.315045
AAATCTGCCCGCGTCC-1,0.000012,0.000012,0.000012,0.789699,0.108319,0.08234,0.019605
AAATGACTGATCAAAC-1,0.000015,0.004986,0.000015,0.593501,0.393751,0.000015,0.007716
AAATGATTCGATCAGC-1,0.000015,0.000015,0.009069,0.781945,0.00062,0.145162,0.063175
AAATGCTCGTTACGTT-1,0.227171,0.009859,0.038178,0.243014,0.067023,0.163526,0.251229
AAATGGCATGTCTTGT-1,0.007307,0.03679,0.008296,0.227435,0.011042,0.652998,0.056132
AAATGGCCCGTGCCCT-1,0.00003,0.025068,0.010901,0.000182,0.00003,0.963728,0.000061
AAATGGTCAATGTGCC-1,0.000042,0.000042,0.000042,0.134887,0.292506,0.197318,0.375163
AAATGTATCTTATCCC-1,0.000008,0.004055,0.086954,0.843885,0.000008,0.056642,0.008447
AAATTAACGGGTAGCT-1,0.000034,0.000034,0.000034,0.156576,0.287942,0.050941,0.504439
AAATTAATAAGCGCGA-1,0.001715,0.000008,0.002493,0.603754,0.000223,0.333008,0.058799
AAATTACACGACTCTG-1,0.000026,0.007095,0.000026,0.241259,0.089992,0.633406,0.028195
AAATTACCTATCGATG-1,0.003933,0.024362,0.004248,0.483105,0.145314,0.177845,0.161193
AAATTCCAGGTCCAAA-1,0.000016,0.070974,0.01078,0.406319,0.490637,0.000016,0.021258
AAATTGATAGTCCTTT-1,0.000028,0.000028,0.000028,0.33134,0.03546,0.015454,0.617662
AAATTGGTGAGAAGCA-1,0.015167,0.099644,0.000044,0.000261,0.616453,0.268345,0.000087
AAATTTACCGAAATCC-1,0.013628,0.030073,0.028213,0.598872,0.121509,0.061017,0.146688
AAATTTGCGGGTGTGG-1,0.000038,0.000038,0.000038,0.251943,0.192251,0.117008,0.438684
AACAACTGGTAGTTGC-1,0.00002,0.00002,0.00002,0.658431,0.005899,0.00002,0.33559
AACAATACATTGTCGA-1,0.000021,0.010112,0.001399,0.255133,0.061007,0.222787,0.449541
AACAATTACTCTACGC-1,0.000118,0.093751,0.000118,0.022887,0.685104,0.197787,0.000236
AACACACGCTCGCCGC-1,0.000038,0.279296,0.000257,0.207736,0.136899,0.012008,0.363766
AACACGAGACGCGGCC-1,0.126942,0.165234,0.000154,0.248184,0.459026,0.000154,0.000307
AACAGCTGTGTGGCAA-1,0.000016,0.000016,0.000016,0.64815,0.000016,0.000016,0.351772
AACAGGAAATCGAATA-1,0.000019,0.000019,0.000019,0.404327,0.004828,0.454068,0.136719
AACAGGATGGGCCGCG-1,0.000054,0.003326,0.000054,0.117888,0.19102,0.655246,0.032411
AACAGGTAGTATGGAT-1,0.000023,0.423458,0.326368,0.009267,0.000023,0.155379,0.085482
AACATAGCGTGTATCG-1,0.000049,0.000049,0.000049,0.069499,0.930208,0.000049,0.000098
AACATATCAACTGGTG-1,0.000012,0.000012,0.064492,0.690785,0.137831,0.002202,0.104667
AACATCGATACGTCTA-1,0.000024,0.079414,0.000024,0.270091,0.196446,0.453951,0.000049
AACATTGAAGTTGATC-1,0.04499,0.22313,0.000149,0.121954,0.596888,0.012409,0.000481
AACATTGTGACTCGAG-1,0.010282,0.000026,0.000026,0.124045,0.449838,0.0956,0.320183
AACCAAGACTTCTCTG-1,0.000063,0.028652,0.000063,0.25004,0.501632,0.219423,0.000126
AACCAGTATCACTCTT-1,0.000027,0.000252,0.059923,0.653688,0.079915,0.1299,0.076296
AACCATAGGGTTGAAC-1,0.000012,0.000012,0.000012,0.739568,0.037482,0.014827,0.208086
AACCATGGGATCGCTA-1,0.19013,0.007955,0.03118,0.327993,0.061466,0.085924,0.295353
AACCCAGAGACGGAGA-1,0.048807,0.000048,0.106223,0.332645,0.255847,0.147337,0.109093
AACCCATCCCATGATC-1,0.000022,0.000022,0.000022,0.473491,0.014461,0.152688,0.359296
AACCCGACAACCCGTG-1,0.000019,0.000019,0.14789,0.41201,0.075914,0.014625,0.349522
AACCCGAGCAGAATCG-1,0.000019,0.688051,0.265431,0.000114,0.000019,0.018079,0.028287
AACCCGCTGTATTCCA-1,0.010001,0.000019,0.000019,0.341426,0.606429,0.006377,0.035728
AACCCTACTGTCAATA-1,0.000028,0.063313,0.000028,0.174802,0.39623,0.203597,0.162002
AACCGAGCTTGGTCAT-1,0.000025,0.039439,0.02469,0.339917,0.096712,0.28775,0.211467
AACCGCTAAGGGATGC-1,0.000015,0.073369,0.043467,0.542677,0.049143,0.029015,0.262314
AACCGTTGTGTTTGCT-1,0.183967,0.108546,0.000079,0.070109,0.330556,0.306585,0.000158
AACCTCGCTTTAGCCC-1,0.00003,0.054092,0.006218,0.306908,0.229223,0.00003,0.403499
AACCTGTCACGGAATT-1,0.000011,0.000011,0.000011,0.99456,0.005372,0.000011,0.000023
AACCTTTAAATACGGT-1,0.000033,0.092027,0.003142,0.054605,0.360014,0.152676,0.337502
AACCTTTACGACGTCT-1,0.000021,0.000021,0.000021,0.719009,0.007827,0.081282,0.191819
AACGAAAGTCGTCCCA-1,0.000018,0.000018,0.000018,0.731975,0.083416,0.001793,0.182763
AACGACCTCCTAGCCG-1,0.007014,0.918507,0.000023,0.074363,0.000023,0.000023,0.000047
AACGATAATGCCGTAG-1,0.004865,0.140581,0.027663,0.093517,0.054925,0.459725,0.218723
AACGATAGAAGGGCCG-1,0.000039,0.000039,0.000039,0.192272,0.216827,0.27536,0.315425
AACGATATGTCAACTG-1,0.000012,0.000012,0.009394,0.560746,0.005889,0.111837,0.31211
AACGCATGATCTGGGT-1,0.000017,0.000017,0.004706,0.797571,0.074256,0.031367,0.092068
AACGCGACCTTGGGCG-1,0.000016,0.000016,0.000016,0.354228,0.095,0.16839,0.382334
AACGCGGTCTCCAGCC-1,0.000013,0.000013,0.000013,0.917377,0.000013,0.024421,0.05815
AACGCTGTTGCTGAAA-1,0.000029,0.240332,0.013107,0.000174,0.000029,0.383985,0.362345
AACGGACGTACGTATA-1,0.000017,0.094531,0.016663,0.033245,0.000017,0.277836,0.577691
AACGGCCATCTCCGGT-1,0.014559,0.000578,0.048641,0.213037,0.23621,0.043178,0.443797
AACGTACTGTGGGTAC-1,0.000036,0.000036,0.00048,0.255543,0.227656,0.108769,0.407481
AACGTCAGACTAGTGG-1,0.000039,0.000039,0.000039,0.698554,0.01706,0.033993,0.250276
AACGTCATCCGGCTTG-1,0.000027,0.008159,0.000027,0.357502,0.633667,0.000565,0.000054
AACGTCGCTGCACTTC-1,0.011201,0.690601,0.013662,0.164244,0.04614,0.025252,0.0489
AACGTGCGAAAGTCTC-1,0.000018,0.019864,0.000018,0.312317,0.184466,0.020014,0.463303
AACGTTATCAGCACCT-1,0.000026,0.010185,0.065098,0.000154,0.000026,0.92446,0.000051
AACTACCCGTTTGTCA-1,0.000015,0.154702,0.286416,0.272233,0.000015,0.013913,0.272707
AACTAGGCTTGGGTGT-1,0.000041,0.0364,0.000041,0.136179,0.338851,0.281284,0.207205
AACTCAAGTTAATTGC-1,0.00003,0.006525,0.092246,0.004598,0.15676,0.374429,0.365412
AACTCCAGAGCGTGTT-1,0.000018,0.074658,0.160578,0.117693,0.000018,0.490834,0.1562
AACTCCTAATCCCATG-1,0.121952,0.062902,0.000059,0.252353,0.467953,0.094663,0.000118
AACTCTCAATAGAGCG-1,0.001379,0.011801,0.000773,0.207531,0.342416,0.232435,0.203665
AACTCTCAGTGTGCTC-1,0.000046,0.000046,0.000046,0.143693,0.308635,0.044451,0.503083
AACTGAGGTCAGCGTC-1,0.000016,0.004956,0.000016,0.89117,0.006428,0.05267,0.044743
AACTGAGTTATACTGA-1,0.00002,0.870465,0.00002,0.129415,0.00002,0.00002,0.00004
AACTGATATTAGGCCT-1,0.018024,0.001901,0.000016,0.951066,0.000375,0.000016,0.028602
AACTGGGTCCCGACGT-1,0.019964,0.000013,0.009734,0.681968,0.00258,0.116367,0.169374
AACTTCTGCGTCTATC-1,0.999547,0.000038,0.000038,0.000226,0.000038,0.000038,0.000075
AACTTGCCCGTATGCA-1,0.000233,0.095681,0.000076,0.210105,0.197168,0.496585,0.000152
AACTTGCGTTCTCGCG-1,0.999679,0.000027,0.000027,0.00016,0.000027,0.000027,0.000053
AACTTTACGGGAGCTT-1,0.000019,0.000019,0.000019,0.361925,0.013667,0.452993,0.171358
AACTTTCTCGATCATG-1,0.000856,0.024507,0.000019,0.794954,0.000028,0.175123,0.004514
AAGAAAGTTTGATGGG-1,0.002489,0.000005,0.000005,0.997484,0.000005,0.000005,0.000009
AAGAAATCACCAGATT-1,0.000035,0.086024,0.000035,0.108373,0.456693,0.34877,0.00007
AAGAAGGATCAGTTAG-1,0.999613,0.000032,0.000032,0.000194,0.000032,0.000032,0.000065
AAGACATACGTGGTTT-1,0.000039,0.872143,0.000039,0.011102,0.116561,0.000039,0.000077
AAGACCAAATAACTCA-1,0.07472,0.002621,0.00004,0.844084,0.076228,0.000014,0.002293
AAGACCCAACTGAACA-1,0.000034,0.050655,0.000034,0.009699,0.666365,0.018893,0.25432
AAGACTGCAAGCTACT-1,0.004392,0.000023,0.003669,0.321531,0.259539,0.006405,0.404441
AAGAGATGAATCGGTA-1,0.02747,0.000116,0.000116,0.022094,0.68227,0.267701,0.000232
AAGAGCTCTTTATCGG-1,0.000032,0.035704,0.031199,0.075357,0.39246,0.026593,0.438656
AAGAGGATGTACGCGA-1,0.000032,0.000032,0.000032,0.16156,0.000032,0.437102,0.401209
AAGAGGCATGGATCGC-1,0.015835,0.029945,0.000028,0.016174,0.524133,0.122974,0.290911
AAGAGGCCCTTTGGAA-1,0.000019,0.53511,0.289917,0.000117,0.014716,0.079606,0.080515
AAGATGGCACCGGACC-1,0.000031,0.000031,0.000031,0.004248,0.10892,0.524629,0.362113
AAGATTGGCGGAACGT-1,0.000019,0.000019,0.000019,0.334869,0.324159,0.027106,0.313809
AAGCACCCTGCGTATC-1,0.000021,0.024829,0.000021,0.290306,0.002252,0.239219,0.44335
AAGCATACTCTCCTGA-1,0.000021,0.091978,0.030146,0.287348,0.101876,0.080762,0.407869
AAGCCACTTGCAGGTA-1,0.000021,0.000021,0.000885,0.366411,0.014687,0.463148,0.154826
AAGCCGAAGCGGTTTA-1,0.000026,0.560764,0.011804,0.000158,0.000026,0.406487,0.020734
AAGCCGCCGTGAAATC-1,0.186327,0.300363,0.000127,0.03908,0.473722,0.000127,0.000254
AAGCCGCTTTACCTTG-1,0.04619,0.046726,0.000041,0.08291,0.467524,0.356527,0.000082
AAGCCGGAGAGCAGGA-1,0.00203,0.872436,0.000027,0.101071,0.024356,0.000027,0.000053
AAGCGCAGGGCTTTGA-1,0.008057,0.102343,0.012885,0.031507,0.701606,0.000273,0.14333
AAGCGGAGTGCGCGCA-1,0.000009,0.001954,0.003613,0.90069,0.000009,0.075089,0.018638
AAGCGGCGTCATGGGT-1,0.000026,0.000026,0.000026,0.576304,0.192487,0.186189,0.044941
AAGCGTCCCTCATCGA-1,0.000029,0.000029,0.000029,0.349592,0.046661,0.000029,0.603631
AAGCTAGATCGAGTAA-1,0.000023,0.081851,0.000059,0.289772,0.092566,0.052608,0.483122
AAGCTATGGATTGACC-1,0.000028,0.004453,0.000028,0.866078,0.077591,0.051768,0.000055
AAGCTCGTGCCAAGTC-1,0.00002,0.00659,0.022365,0.418081,0.096525,0.00002,0.456399
AAGCTCTTTCATGGTG-1,0.000033,0.042134,0.000033,0.380355,0.100011,0.000033,0.477403
AAGGAGCGGTTGGTGC-1,0.000024,0.000024,0.031268,0.467156,0.005713,0.2325,0.263316
AAGGATCGATCGCTTG-1,0.003154,0.093295,0.00005,0.289929,0.613423,0.00005,0.000099
AAGGATGAGGGACCTC-1,0.00001,0.00001,0.001162,0.554261,0.085814,0.153898,0.204845
AAGGCAGGCTGTCTCC-1,0.000016,0.130608,0.002846,0.743055,0.098965,0.000016,0.024492
AAGGCGCGTAAAGCTT-1,0.000014,0.000014,0.000014,0.893697,0.000014,0.097903,0.008346
AAGGCTGTGCTCATCG-1,0.000019,0.000019,0.000019,0.781898,0.000019,0.00061,0.217418
AAGGGAACGACTGGCT-1,0.019997,0.272358,0.096575,0.000266,0.231653,0.379061,0.000089
AAGGGACAGATTCTGT-1,0.000019,0.048373,0.000019,0.11641,0.168002,0.615733,0.051444
AAGGGACTATGCATTC-1,0.000068,0.000068,0.000068,0.00041,0.644653,0.306452,0.04828
AAGGGTTTGATTTCAG-1,0.001537,0.000011,0.022075,0.821467,0.001734,0.11312,0.040056
AAGGTATCCTAATATA-1,0.000014,0.000014,0.025492,0.451675,0.05383,0.025011,0.443965
AAGGTGATAAACCAGC-1,0.000016,0.025325,0.000016,0.517134,0.124386,0.000016,0.333108
AAGTAGAAGACCGGGT-1,0.000026,0.000026,0.000026,0.621026,0.085706,0.092694,0.200496
AAGTAGTGACGCGAGG-1,0.000027,0.000027,0.000027,0.801636,0.004077,0.000027,0.194177
AAGTCAATTGTCGTCA-1,0.000041,0.180437,0.062717,0.001573,0.378329,0.108674,0.268229
AAGTCTAGTAGCTGCC-1,0.000018,0.008281,0.000018,0.696094,0.020937,0.274603,0.000049
AAGTCTTCTGTGGCCT-1,0.003133,0.000014,0.000014,0.789671,0.011788,0.169416,0.025965
AAGTGACGACCGAATT-1,0.000044,0.002588,0.000044,0.024378,0.284854,0.269868,0.418225
AAGTGAGTCGGGTTTA-1,0.000066,0.000066,0.000066,0.093195,0.66708,0.102727,0.136799
AAGTGCAAAGGTAGAC-1,0.000027,0.000027,0.000027,0.881515,0.021683,0.071022,0.025697
AAGTGCCTTGACTGTA-1,0.000029,0.103185,0.019849,0.077874,0.19838,0.161568,0.439115
AAGTGCGTTAGAATCT-1,0.000058,0.000058,0.000058,0.064738,0.173256,0.275847,0.485987
AAGTGCTTCTCTATTG-1,0.017325,0.000031,0.002311,0.068436,0.045544,0.579703,0.286651
AAGTGTTTGGAGACGG-1,0.000024,0.026337,0.00389,0.539805,0.063273,0.000024,0.366648
AAGTTCACTCCAAGCT-1,0.000027,0.037425,0.073296,0.304959,0.030106,0.000027,0.554162
AAGTTCAGTCTGCGTA-1,0.004784,0.000021,0.001309,0.391714,0.080101,0.306704,0.215366
AAGTTCGGCCAACAGG-1,0.000012,0.000012,0.000012,0.641313,0.000012,0.066026,0.292613
AAGTTGTGATGTTATA-1,0.000026,0.407502,0.262903,0.143568,0.016397,0.01082,0.158784
AAGTTTATGGGCCCAA-1,0.000015,0.037733,0.046997,0.35763,0.174156,0.127157,0.256312
AATAACAACGCTCGGC-1,0.004228,0.000018,0.000018,0.583501,0.000018,0.138794,0.273422
AATAACACTAGAACAA-1,0.000018,0.000018,0.002675,0.396381,0.058499,0.035668,0.506741
AATAATCTTCGTATCG-1,0.00004,0.899,0.014076,0.086723,0.00004,0.00004,0.00008
AATACAATGTTTCAGG-1,0.668011,0.021542,0.000063,0.173169,0.039073,0.098016,0.000126
AATACCGGAGGGCTGT-1,0.000016,0.000016,0.087561,0.435053,0.02724,0.012787,0.437327
AATACCTGATGTGAAC-1,0.000029,0.142516,0.343671,0.266627,0.1302,0.007937,0.10902
AATAGAACAGAGTGGC-1,0.000045,0.000045,0.064469,0.000271,0.682337,0.000045,0.252787
AATAGAATCTGTTTCA-1,0.00004,0.051209,0.085661,0.009927,0.235388,0.169221,0.448554
AATAGCAAGCCTCCTG-1,0.000012,0.006714,0.00383,0.617515,0.000012,0.354728,0.01719
AATAGCTACCGCGTGC-1,0.004678,0.006947,0.005506,0.839023,0.025196,0.076796,0.041853
AATAGGCACGACCCTT-1,0.010588,0.000008,0.005289,0.981224,0.000008,0.000008,0.002876
AATAGTCCGTCCCGAC-1,0.000018,0.004414,0.172399,0.2843,0.121558,0.087804,0.329507
AATAGTCGCGAGTCGG-1,0.000987,0.000012,0.000012,0.947298,0.000012,0.001956,0.049724
AATATCAAGGTCGGAT-1,0.306277,0.062693,0.000031,0.414552,0.216354,0.000031,0.000062
AATATCCTAGCAAACT-1,0.000043,0.000043,0.000043,0.625616,0.374128,0.000043,0.000085
AATATCGAATCAATGC-1,0.000032,0.678422,0.009268,0.000191,0.008787,0.229117,0.074183
AATATCGAGGGTTCTC-1,0.004274,0.000023,0.000023,0.466589,0.376013,0.089353,0.063725
AATATTGGAGTATTGA-1,0.000118,0.05232,0.000118,0.000707,0.320468,0.626034,0.000236
AATCAGGTTTCATTTA-1,0.000028,0.000028,0.000028,0.309947,0.008635,0.181939,0.499396
AATCATGTAAAGACTC-1,0.00004,0.379964,0.05467,0.039349,0.077727,0.138103,0.310146
AATCCAAGGGCCTGAG-1,0.000086,0.000086,0.073338,0.285134,0.594446,0.008738,0.038172
AATCCCGCTCAGAGCC-1,0.000022,0.000022,0.000022,0.660697,0.33917,0.000022,0.000044
AATCGAGGTCTCAAGG-1,0.000028,0.022212,0.150789,0.154207,0.605567,0.000028,0.067168
AATCGCCTCAGCGCCA-1,0.004017,0.021875,0.033914,0.16293,0.318661,0.000025,0.458579
AATCGCGCAGAGGACT-1,0.000014,0.078871,0.097782,0.288733,0.06108,0.151351,0.322168
AATCGGTATAGCCCTC-1,0.000016,0.255373,0.420223,0.19656,0.000016,0.010536,0.117275
AATCGTGAGCCGAGCA-1,0.000021,0.024514,0.030197,0.135556,0.110672,0.049544,0.649496
AATCTAGGTTTACTTG-1,0.00005,0.00005,0.00005,0.202941,0.381738,0.232696,0.182474
AATCTATGCCGGAGCC-1,0.000019,0.002326,0.006308,0.386959,0.116984,0.277193,0.210211
AATCTCTACTGTGGTT-1,0.000007,0.000007,0.000007,0.895298,0.000007,0.100977,0.003697
AATCTGCGTTGGGACG-1,0.000021,0.002954,0.000021,0.27616,0.384783,0.001658,0.334403
AATCTGGCTTTCTAGT-1,0.00004,0.00004,0.004431,0.309605,0.154631,0.24751,0.283743
AATGACAGCAATGTCT-1,0.000023,0.000023,0.000023,0.571724,0.000023,0.005851,0.422334
AATGACGTAGGATGTC-1,0.000033,0.135827,0.034071,0.174944,0.121763,0.094324,0.439039
AATGACTGTCAGCCGG-1,0.000022,0.000022,0.000022,0.473138,0.000022,0.451187,0.075588
AATGAGTTCGCATATG-1,0.567267,0.0262,0.000068,0.17868,0.050601,0.104736,0.072449
AATGATGATACGCTAT-1,0.000012,0.000012,0.000012,0.854798,0.000565,0.000012,0.144591
AATGATGCGACTCCTG-1,0.000011,0.000011,0.000011,0.747501,0.000011,0.103238,0.149219
AATGCAACCGGGTACC-1,0.000017,0.000017,0.000017,0.63176,0.001625,0.191525,0.175039
AATGCACCAAGCAATG-1,0.028486,0.000022,0.000022,0.602082,0.182415,0.000022,0.186951
AATGGTCCACCGTTCA-1,0.013184,0.009792,0.000094,0.171944,0.468961,0.335838,0.000188
AATGGTTCTCACAAGC-1,0.058484,0.000135,0.000135,0.382715,0.558123,0.000135,0.000271
AATGTATGGCACTGTA-1,0.000017,0.014298,0.004371,0.290609,0.000251,0.617163,0.07329
AATGTGCCCGAGGTGT-1,0.000042,0.000042,0.000042,0.249765,0.166267,0.361983,0.221859
AATGTGCTAATCTGAG-1,0.000021,0.000021,0.000021,0.556751,0.068303,0.000021,0.37486
AATGTTAAGACCCTGA-1,0.00002,0.02917,0.057534,0.455832,0.436186,0.00002,0.021239
AATGTTGTCGTGAGAC-1,0.000036,0.767661,0.000036,0.000214,0.003367,0.184529,0.044159
AATTAAAGGTCGGCGT-1,0.000033,0.000033,0.000033,0.514773,0.286464,0.028351,0.170314
AATTAACGGATTTCCA-1,0.000036,0.021442,0.14832,0.120071,0.27453,0.020959,0.414642
AATTACGAGACCCATC-1,0.000013,0.000013,0.000013,0.769707,0.023964,0.136665,0.069625
AATTACTCGTACGCTC-1,0.00522,0.024021,0.000101,0.184885,0.746769,0.038803,0.000201
AATTAGCGCTGCAGCG-1,0.000023,0.053847,0.000046,0.400161,0.10073,0.089442,0.355752
AATTATACCCAGCAAG-1,0.000024,0.029113,0.000024,0.480693,0.3461,0.094451,0.049594
AATTCATAAGGGATCT-1,0.000016,0.000016,0.000016,0.608745,0.018675,0.005537,0.366995
AATTCATTGTCATGCA-1,0.00002,0.00002,0.00002,0.501516,0.056329,0.042528,0.399567
AATTCCAAGCATGTAC-1,0.000027,0.000027,0.010748,0.103163,0.288372,0.02057,0.577092
AATTCGATTCGAGGAT-1,0.000035,0.061818,0.000035,0.135191,0.166591,0.000035,0.636294
AATTCTAGAGTTAGGC-1,0.000057,0.0299,0.012644,0.00034,0.635395,0.057679,0.263985
AATTGAACGCTCTGGT-1,0.00003,0.123107,0.230721,0.054981,0.149807,0.327883,0.113472
AATTGCAGCAATCGAC-1,0.000035,0.60989,0.234572,0.000207,0.129335,0.000035,0.025927
AATTGCGTGGATTACA-1,0.005736,0.000018,0.000018,0.732115,0.110036,0.004025,0.148051
AATTGTGGTTGCCAAA-1,0.009797,0.973093,0.000026,0.000154,0.016853,0.000026,0.000051
AATTTGGGACATAGTA-1,0.000049,0.000049,0.000049,0.041279,0.31512,0.642983,0.000473
AATTTGGTTCCAAAGA-1,0.372748,0.044735,0.000042,0.045514,0.36039,0.176487,0.000083
ACAAACCATGCGTCCT-1,0.000011,0.000011,0.030827,0.806237,0.003961,0.105143,0.05381
ACAAACTCCATCAGAG-1,0.000008,0.000008,0.00283,0.883424,0.005948,0.022984,0.084797
ACAAAGAAGGTAGGCC-1,0.000019,0.000019,0.000019,0.440073,0.166034,0.344496,0.04934
ACAAAGCATGACCTAG-1,0.000017,0.360375,0.259186,0.167527,0.119337,0.000017,0.093541
ACAAATCGCACCGAAT-1,0.000025,0.100489,0.002005,0.349048,0.057189,0.000025,0.491219
ACAAATGGTAGTGTTT-1,0.000024,0.046858,0.000024,0.116449,0.081448,0.323531,0.431666
ACAACAGCATGAGCTA-1,0.000021,0.074746,0.000028,0.579083,0.290364,0.000021,0.055737
ACAACGGTCCCTGCGA-1,0.058254,0.092451,0.000092,0.31976,0.235802,0.134247,0.159393
ACAAGCAGTGCCTAGC-1,0.000049,0.044765,0.000049,0.000294,0.000049,0.954695,0.000098
ACAAGCTATATGGAAG-1,0.000017,0.000157,0.000017,0.674542,0.23682,0.028946,0.059501
ACAAGGAAATCCGCCC-1,0.000024,0.060939,0.074943,0.183006,0.186715,0.000658,0.493714
ACAAGGACAAGAGGTT-1,0.000017,0.000017,0.000017,0.711568,0.006451,0.032175,0.249755
ACAAGGATGCTTTAGG-1,0.000045,0.105003,0.000045,0.007266,0.474713,0.004351,0.408578
ACAAGGGCAGGCTCTG-1,0.000021,0.03811,0.041192,0.565613,0.026904,0.052468,0.275691
ACAAGTAATTGTAAGG-1,0.024938,0.1719,0.000088,0.176199,0.561874,0.064825,0.000176
ACAATAGTCGTACGTT-1,0.000184,0.000184,0.154888,0.001104,0.843088,0.000184,0.000368
ACAATCCATTTAAACC-1,0.000016,0.000016,0.000016,0.675286,0.000016,0.015882,0.308769
ACAATGAATACGGAGA-1,0.000009,0.000009,0.000009,0.894521,0.000009,0.000009,0.105433
ACAATGATTCTTCTAC-1,0.00001,0.004802,0.00001,0.848156,0.00001,0.143319,0.003695
ACAATTGTGTCTCTTT-1,0.000032,0.390893,0.012908,0.000195,0.000032,0.436566,0.159372
ACAATTTAGGAGGCTC-1,0.000014,0.000014,0.000014,0.610955,0.000014,0.370239,0.01875
ACAATTTGAGCAGTGG-1,0.000019,0.030888,0.123558,0.20604,0.323442,0.114808,0.201246
ACAATTTGGCCATATT-1,0.001672,0.266243,0.000023,0.590522,0.14147,0.000023,0.000046
ACACAAAGACGGGTGG-1,0.000024,0.000024,0.000024,0.511465,0.1907,0.146167,0.151596
ACACAAATATTCCTAG-1,0.006203,0.055681,0.008893,0.611869,0.031675,0.285641,0.000036
ACACACCAGGACCAGT-1,0.000021,0.036091,0.028011,0.187801,0.129842,0.079823,0.538411
ACACACTTTCTACACG-1,0.041779,0.000065,0.000065,0.168254,0.247924,0.511516,0.030395
ACACATGATCAAATCT-1,0.000022,0.000022,0.000022,0.798662,0.104258,0.079606,0.017409
ACACATTTCCGTAGAC-1,0.000016,0.013005,0.000016,0.438006,0.177326,0.055588,0.316043
ACACCACATAATTAGC-1,0.000013,0.015954,0.052809,0.314648,0.312543,0.244281,0.059752
ACACCCAGCATGCAGC-1,0.000016,0.000016,0.039673,0.621989,0.000016,0.181245,0.157045
ACACCCGAGAAATCCG-1,0.008335,0.045175,0.000064,0.089307,0.346461,0.447631,0.063028
ACACCGAGCGCTCTTT-1,0.000019,0.000019,0.000019,0.917295,0.034919,0.016667,0.031061
ACACCGGTCTGACCGC-1,0.000021,0.010683,0.000021,0.434833,0.084353,0.340731,0.129357
ACACCTTAAGTAGGGC-1,0.000029,0.000029,0.000029,0.330927,0.000029,0.554925,0.114031
ACACCTTACTACTTGC-1,0.006533,0.070586,0.000022,0.104829,0.227514,0.230304,0.360211
ACACGAGACTCCTTCT-1,0.000029,0.000029,0.04757,0.318381,0.385934,0.000029,0.248029
ACACGGGAACTTAGGG-1,0.000046,0.000046,0.000046,0.31953,0.516401,0.014684,0.149248
ACACGTAGGCCACAAG-1,0.000026,0.566816,0.124873,0.000157,0.000026,0.266022,0.04208
ACACTCCAATGTCACT-1,0.999471,0.000044,0.000044,0.000265,0.000044,0.000044,0.000088
ACACTGATCAAGGTGT-1,0.000026,0.000026,0.000026,0.522226,0.100718,0.017982,0.358996
ACACTGGGACAGTCGT-1,0.000018,0.492899,0.154946,0.000109,0.000018,0.326912,0.025098
ACAGAACTGAGAACAA-1,0.000079,0.000079,0.000079,0.000472,0.638901,0.187727,0.172664
ACAGCGACATTCTCAT-1,0.000037,0.550787,0.020416,0.000221,0.003395,0.425071,0.000074
ACAGCGCACCCGCAGC-1,0.102906,0.098241,0.033822,0.397651,0.072163,0.11661,0.178608
ACAGGAGGCGCAGCCG-1,0.024293,0.087558,0.092759,0.540421,0.017669,0.164712,0.072588
ACAGGCACGGATCCTT-1,0.000013,0.067911,0.055738,0.265604,0.039348,0.107546,0.463839
ACAGGCTTGCCCGACT-1,0.000023,0.08084,0.018483,0.572115,0.039353,0.000023,0.289163
ACAGGTGGAGGTGAGG-1,0.000027,0.000027,0.143705,0.263707,0.086966,0.034101,0.471468
ACAGGTGTGTTGTTGC-1,0.000949,0.000014,0.006808,0.668519,0.145763,0.176454,0.001494
ACAGTAATACAACTTG-1,0.000027,0.000027,0.000027,0.230948,0.230811,0.395629,0.142532
ACAGTATACCGTGGGA-1,0.440503,0.024851,0.000055,0.059134,0.475292,0.000055,0.00011
ACATAAGTCGTGGTGA-1,0.000022,0.000022,0.000022,0.539945,0.082482,0.108403,0.269103
ACATAATAAGGCGGTG-1,0.000037,0.000037,0.036212,0.273994,0.204275,0.396071,0.089374
ACATACAATCAAGCGG-1,0.000036,0.120816,0.039863,0.229499,0.609677,0.000036,0.000073
ACATCAGCTGGGACGC-1,0.000013,0.000013,0.000013,0.980182,0.000013,0.00982,0.009945
ACATCCCGGCCATACG-1,0.000032,0.03614,0.011514,0.270233,0.20683,0.000032,0.475218
ACATCCTGGTAACTGT-1,0.000017,0.02202,0.039502,0.485911,0.116598,0.000017,0.335935
ACATCGATCGTTTACC-1,0.000018,0.000018,0.000018,0.616798,0.020417,0.000018,0.362713
ACATCGCAATATTCGG-1,0.03726,0.172305,0.000039,0.000232,0.116319,0.673768,0.000077
ACATCGGTCAGCCGCG-1,0.000035,0.000035,0.000035,0.094096,0.023183,0.198458,0.684159
ACATCGTATGCAATGG-1,0.000015,0.009728,0.048566,0.392018,0.006642,0.008104,0.534928
ACATGCTTACGGCAGC-1,0.000053,0.03225,0.000053,0.000318,0.404764,0.537826,0.024735
ACATGGCGCCAAAGTA-1,0.000011,0.000011,0.000011,0.782793,0.097449,0.000011,0.119713
ACATTAGTTTATATCC-1,0.000023,0.000023,0.012925,0.747725,0.066303,0.000023,0.172978
ACATTCGCGCGGAATA-1,0.000048,0.031839,0.000048,0.000287,0.487449,0.480233,0.000096
ACATTTGAAACCTAAC-1,0.007013,0.122232,0.396211,0.196439,0.207899,0.000019,0.070187
ACCAAACACCCAGCGA-1,0.043216,0.155304,0.000033,0.395666,0.401893,0.003823,0.000066
ACCAACACCACACACT-1,0.000009,0.000009,0.000009,0.718372,0.015909,0.200945,0.064749
ACCAACCGCACTCCAC-1,0.00469,0.124791,0.080592,0.57714,0.000012,0.000976,0.2118
ACCAACGCTTATTTAT-1,0.00003,0.012152,0.067214,0.181555,0.197738,0.070763,0.470548
ACCAAGAACGCGTGTC-1,0.000033,0.000033,0.011539,0.420644,0.108158,0.059857,0.399736
ACCAAGTCATCGGCAG-1,0.000025,0.569438,0.108007,0.000148,0.000025,0.322308,0.000049
ACCAATATGCAAGTTA-1,0.000023,0.010121,0.000023,0.437698,0.059233,0.000023,0.492879
ACCACAAGTTTCTATC-1,0.00003,0.00003,0.00003,0.387226,0.151662,0.00003,0.460992
ACCACACGGTTGATGG-1,0.000027,0.000027,0.000358,0.522433,0.418201,0.000027,0.058928
ACCACCAATGTAACAA-1,0.000006,0.000861,0.007861,0.688995,0.0099,0.003035,0.289341
ACCACCCTCTCTTCTA-1,0.235396,0.008601,0.000028,0.687118,0.068773,0.000028,0.000056
ACCACGTGCAGCTATA-1,0.000023,0.029318,0.062997,0.142659,0.012128,0.163214,0.58966
ACCACTGTTCAAGAAG-1,0.006101,0.060243,0.000046,0.328316,0.249914,0.354752,0.000628
ACCAGACCATAACAAC-1,0.000021,0.005876,0.000021,0.651599,0.222459,0.074622,0.045403
ACCAGTGCCCGGTCAA-1,0.000022,0.081571,0.000022,0.386174,0.228944,0.289762,0.013504
ACCAGTGCGGGAGACG-1,0.000035,0.093401,0.124355,0.000209,0.308615,0.273304,0.200081
ACCATATCCGCAATAA-1,0.000027,0.000027,0.000027,0.358575,0.415242,0.058084,0.168018
ACCATCCGCCAACTAG-1,0.000013,0.000013,0.035708,0.867442,0.002392,0.03973,0.054703
ACCATCGTATATGGTA-1,0.000022,0.000022,0.000022,0.498231,0.000022,0.000022,0.50166
ACCATTAAGGGTGTCA-1,0.002078,0.000044,0.000044,0.550654,0.296414,0.080701,0.070064
ACCCAACGCCCGTGGC-1,0.000008,0.001242,0.000008,0.567133,0.012727,0.243306,0.175576
ACCCACCTACATGCTC-1,0.527185,0.035111,0.000053,0.332256,0.056838,0.000053,0.048503
ACCCATCTTGAGGGTA-1,0.000022,0.000022,0.000022,0.22301,0.000022,0.287504,0.489399
ACCCATTTGTCCCTCT-1,0.005026,0.403196,0.162957,0.05573,0.00002,0.17872,0.194352
ACCCGAGCGAAATTAC-1,0.000023,0.000023,0.000023,0.628839,0.099283,0.030755,0.241053
ACCCGATTGGTTCCGA-1,0.000016,0.000016,0.000016,0.434789,0.000016,0.079763,0.485382
ACCCGGAAACTCCCAG-1,0.000041,0.203557,0.000041,0.154356,0.492814,0.000041,0.149149
ACCCGGAGCACCACAA-1,0.009118,0.990501,0.000035,0.000208,0.000035,0.000035,0.000069
ACCCGGATGACGCATC-1,0.000026,0.056362,0.002083,0.000155,0.258463,0.495234,0.187677
ACCCGGTTACACTTCC-1,0.000035,0.000035,0.099045,0.000211,0.206719,0.28427,0.409684
ACCCGTAGCAGAGAAT-1,0.000012,0.000012,0.00137,0.834694,0.11783,0.002476,0.043606
ACCCGTAGTCTAGTTG-1,0.078359,0.786541,0.000079,0.026282,0.108503,0.000079,0.000157
ACCCGTGTCATCAGTA-1,0.000035,0.061168,0.000035,0.111721,0.205698,0.101873,0.51947
ACCCTATGCCATATCG-1,0.000022,0.000022,0.000022,0.196646,0.000022,0.542567,0.260697
ACCCTCCCGTCAGGGC-1,0.005078,0.214095,0.128045,0.366852,0.005722,0.074549,0.205658
ACCCTCCCTTGCTATT-1,0.002387,0.083572,0.094572,0.379946,0.061753,0.003761,0.374009
ACCCTGGTAACGCCCT-1,0.000011,0.000136,0.001255,0.890828,0.000011,0.106042,0.001717
ACCCTTCATCTGCGAA-1,0.435553,0.00005,0.00005,0.174863,0.178695,0.210689,0.0001
ACCCTTGCCTGGGTCG-1,0.000033,0.007785,0.000033,0.094496,0.569427,0.328161,0.000065
ACCGAAGAGTCTGGTT-1,0.000017,0.000017,0.056469,0.662841,0.024829,0.130304,0.125523
ACCGACACATCTCCCA-1,0.00003,0.065149,0.0115,0.235262,0.273506,0.118,0.296552
ACCGACTGAGTCCCAC-1,0.00003,0.00003,0.00003,0.495598,0.190883,0.00003,0.313401
ACCGAGTCTCCTTATT-1,0.000018,0.051721,0.007312,0.548649,0.144534,0.036767,0.210999
ACCGATAGGCATAACC-1,0.000019,0.853893,0.040133,0.000116,0.000019,0.105782,0.000039
ACCGATATTTAATCAT-1,0.000034,0.760504,0.004661,0.234667,0.000034,0.000034,0.000067
ACCGATGGTAGCATCG-1,0.000018,0.039201,0.107467,0.364588,0.257737,0.000018,0.23097
ACCGCAATAACTGCCT-1,0.000012,0.010171,0.070634,0.733642,0.000012,0.000012,0.185518
ACCGCGGTGGAAGTCG-1,0.000017,0.036661,0.038816,0.513214,0.166354,0.000017,0.244921
ACCGCTAGTCATTGGT-1,0.000909,0.00002,0.006322,0.631326,0.023888,0.136557,0.200977
ACCGGGCCTTTGTTGA-1,0.000022,0.089021,0.002089,0.152066,0.151101,0.088433,0.517269
ACCGGTCAGGTACACC-1,0.000013,0.000013,0.00901,0.854761,0.002329,0.000013,0.133861
ACCGTCCACTGGGCCC-1,0.000021,0.000021,0.000021,0.542437,0.296478,0.025199,0.135821
ACCGTGACCACGTGGG-1,0.001251,0.000491,0.097557,0.614075,0.000012,0.034443,0.25217
ACCTAAGTACCTTTCA-1,0.000029,0.000029,0.000029,0.470119,0.000029,0.000029,0.529735
ACCTAATCGACTTCCT-1,0.000037,0.000037,0.000037,0.182227,0.000037,0.813018,0.004609
ACCTACAGTATGTGGT-1,0.000017,0.027099,0.027769,0.603437,0.127579,0.000017,0.214081
ACCTACTATAAATCTA-1,0.008858,0.004908,0.495668,0.000096,0.177648,0.254147,0.058675
ACCTCAGCGAGGCGCA-1,0.000023,0.106176,0.049007,0.161804,0.470248,0.011786,0.200956
ACCTCCGCCCTCGCTG-1,0.005354,0.640291,0.289861,0.000341,0.000057,0.000057,0.064039
ACCTCCGTTATTCACC-1,0.000013,0.01299,0.006654,0.39006,0.100473,0.168029,0.321779
ACCTCGAACTTATGCT-1,0.017248,0.000023,0.000023,0.652788,0.020915,0.233984,0.075019
ACCTGCGTGTCATGTT-1,0.004374,0.004205,0.436652,0.03338,0.257836,0.263444,0.000109
ACGAAATGGGCGGCAC-1,0.000083,0.076706,0.000083,0.073702,0.657321,0.149751,0.042352
ACGACCCATGAGTTGC-1,0.00004,0.999522,0.00004,0.000239,0.00004,0.00004,0.00008
ACGACTCTAGGGCCGA-1,0.000011,0.043001,0.025588,0.585905,0.026883,0.021682,0.29693
ACGACTGGTCATACTC-1,0.000014,0.000014,0.182068,0.391773,0.003013,0.150927,0.272192
ACGAGGATACCACTCT-1,0.000085,0.042258,0.000085,0.000507,0.804403,0.113918,0.038745
ACGAGGTTTACAACGT-1,0.000017,0.000017,0.01944,0.651572,0.055832,0.054982,0.218141
ACGAGTACGGATGCCC-1,0.000015,0.003469,0.003666,0.789224,0.077374,0.014493,0.111757
ACGATACATAGAACTA-1,0.000022,0.012701,0.000022,0.264117,0.059158,0.242969,0.421011
ACGATACCTATCCTGA-1,0.000011,0.005788,0.008063,0.920451,0.01534,0.000316,0.050031
ACGATCATACATAGAG-1,0.000028,0.000028,0.000028,0.290722,0.077365,0.440867,0.190963
ACGATCATCTTGTAAA-1,0.00005,0.00537,0.066423,0.076294,0.851495,0.00005,0.000318
ACGATGCATATGTTAT-1,0.00003,0.026833,0.002602,0.105811,0.035403,0.273799,0.555523
ACGATGGATCCGATGC-1,0.056247,0.013808,0.076877,0.428076,0.088332,0.219748,0.116913
ACGCAAACTAATAGAT-1,0.006495,0.000043,0.000103,0.033794,0.576583,0.248824,0.134158
ACGCAATCACTACAGC-1,0.000034,0.000034,0.000034,0.248187,0.292089,0.205436,0.254184
ACGCATACGTTTACTA-1,0.000033,0.273652,0.306527,0.055324,0.000033,0.154108,0.210323
ACGCATTCGTGAGTAC-1,0.000014,0.000014,0.01751,0.492925,0.002598,0.228608,0.258332
ACGCCACTCGAAACAG-1,0.001586,0.025732,0.030213,0.681239,0.17682,0.017245,0.067166
ACGCCAGATGATTTCT-1,0.000021,0.006819,0.000021,0.621823,0.000021,0.193763,0.177534
ACGCCAGTGCGTTTGC-1,0.000023,0.292552,0.251471,0.00014,0.108491,0.169369,0.177955
ACGCCGCTAGACGACC-1,0.00002,0.018369,0.000177,0.495049,0.108937,0.00002,0.377427
ACGCGAAGTCAGACGA-1,0.000017,0.000017,0.00309,0.305788,0.094376,0.097845,0.498866
ACGCGCTACACAGGGT-1,0.000015,0.000015,0.000015,0.840507,0.000015,0.000015,0.159419
ACGCGGGCCAAGGACA-1,0.000011,0.000011,0.000011,0.579603,0.03939,0.001063,0.37991
ACGCGTTTCTTAAGAG-1,0.080093,0.001268,0.015747,0.28794,0.000012,0.546577,0.068364
ACGCTAGTGATACACT-1,0.000021,0.004424,0.050137,0.299235,0.330997,0.086804,0.228381
ACGCTGTGAGGCGTAG-1,0.000026,0.003992,0.000026,0.156753,0.007859,0.794825,0.036519
ACGGAACACGAGTGCC-1,0.00002,0.256846,0.084912,0.038968,0.064075,0.275045,0.280134
ACGGAATTTAGCAAAT-1,0.184849,0.003207,0.106248,0.313784,0.073008,0.064235,0.254669
ACGGACGCAGCGACAA-1,0.000035,0.000035,0.000035,0.256102,0.402306,0.331844,0.009643
ACGGACTCTCAAAGCG-1,0.002417,0.038689,0.00002,0.224905,0.05148,0.221573,0.460915
ACGGAGCGCAAATTAC-1,0.058611,0.00002,0.00002,0.660265,0.216917,0.019153,0.045013
ACGGATGGTGCGGATA-1,0.000031,0.01077,0.035458,0.226718,0.139344,0.035993,0.551686
ACGGCACTTGCTTGGG-1,0.000042,0.045945,0.000042,0.373139,0.338444,0.000042,0.242345
ACGGCCAACATGGACT-1,0.000019,0.02279,0.018471,0.202666,0.189876,0.343343,0.222835
ACGGCGACGATGGGAA-1,0.000018,0.044692,0.020563,0.282987,0.000018,0.161044,0.490677
ACGGCTGGATGTAGAA-1,0.000011,0.018308,0.000011,0.690457,0.005825,0.172196,0.113192
ACGGGAGTGTCGGCCC-1,0.079606,0.137861,0.007463,0.000327,0.242241,0.532392,0.000109
ACGGGCGTATGCGACA-1,0.000012,0.000012,0.000012,0.969368,0.016406,0.000012,0.014176
ACGGGTCATGTGACTT-1,0.000038,0.080766,0.202042,0.000228,0.022042,0.694808,0.000076
ACGGGTTGTGACCTGT-1,0.000025,0.000025,0.000025,0.663641,0.262203,0.055287,0.018792
ACGGTACAGTTCAATG-1,0.000026,0.204316,0.130861,0.06835,0.314371,0.177387,0.104688
ACGGTCACCGAGAACA-1,0.000011,0.000011,0.000011,0.896649,0.013933,0.007806,0.081578
ACGTACTTTGGCACGG-1,0.000032,0.000032,0.000032,0.193625,0.083204,0.357508,0.365567
ACGTAGATTGCTGATG-1,0.000011,0.000011,0.083878,0.539078,0.012459,0.085643,0.278921
ACGTAGGAGAGTCGCT-1,0.000034,0.000044,0.000034,0.000202,0.7435,0.067635,0.188551
ACGTATTACTCCGATC-1,0.000026,0.048081,0.010821,0.448237,0.149941,0.000175,0.34272
ACGTCGGGCAACTCGG-1,0.1048,0.000045,0.000045,0.27662,0.618356,0.000045,0.00009
ACGTCTCGTTCCGGGA-1,0.004356,0.036604,0.028059,0.106831,0.040884,0.710385,0.072881
ACGTGACAAAGTAAGT-1,0.000016,0.001245,0.000016,0.418953,0.184606,0.227874,0.167289
ACGTGCGCCTCGTGCA-1,0.000019,0.000019,0.000019,0.692764,0.000019,0.21047,0.096689
ACGTTAATGTCGAAGA-1,0.00002,0.030425,0.00002,0.122791,0.122796,0.080098,0.643852
ACGTTAGATTTGCCCG-1,0.000027,0.000027,0.034538,0.2142,0.000027,0.318381,0.4328
ACGTTATTGGTCACTC-1,0.061518,0.063144,0.000097,0.273267,0.311117,0.261289,0.029569
ACGTTCACTATGCCGC-1,0.000014,0.000014,0.000014,0.914082,0.00059,0.000014,0.085271
ACGTTCGCAATCAATT-1,0.000008,0.001508,0.011123,0.812459,0.033116,0.000008,0.141779
ACGTTCGTTCAGGAAA-1,0.000024,0.000024,0.000024,0.459373,0.062771,0.03084,0.446944
ACGTTCTGTACAAGTC-1,0.000039,0.330841,0.079194,0.000231,0.338093,0.098912,0.15269
ACGTTGTCGTTGAAAG-1,0.002266,0.007108,0.231063,0.270519,0.030834,0.358598,0.099611
ACGTTTAGTTGTGATC-1,0.000066,0.000066,0.000066,0.075266,0.228222,0.403582,0.292732
ACTAAGGACGCACACC-1,0.000006,0.000006,0.000064,0.9999,0.000006,0.000006,0.000012
ACTAATACGTCAGGCG-1,0.000023,0.000023,0.000023,0.55127,0.099392,0.217669,0.1316
ACTACAAAGAGAGGTG-1,0.000016,0.000016,0.000016,0.275727,0.169438,0.03569,0.519097
ACTACATCCCGACAAG-1,0.000031,0.016987,0.000031,0.130816,0.178106,0.482469,0.19156
ACTACCAGCTCTCTGG-1,0.000998,0.000031,0.000031,0.66833,0.000031,0.137481,0.193099
ACTACCATCCGAGGGC-1,0.011076,0.00988,0.000033,0.121541,0.091619,0.742529,0.023321
ACTACGCGTTAGAATT-1,0.001859,0.033647,0.000029,0.1389,0.225075,0.25281,0.34768
ACTAGTTGCGATCGTC-1,0.005845,0.127958,0.410693,0.238094,0.039044,0.003131,0.175236
ACTATATGCTGTGTTC-1,0.085146,0.011841,0.000142,0.493161,0.347173,0.062253,0.000284
ACTATCCAGGGCATGG-1,0.000014,0.092332,0.288185,0.264732,0.126322,0.097777,0.130639
ACTATCGCCGGCTAAA-1,0.000015,0.000015,0.000015,0.160025,0.000015,0.816293,0.023624
ACTATCTGCCCGCGTA-1,0.000024,0.697626,0.302107,0.000146,0.000024,0.000024,0.000049
ACTATGTCCAGCTGCC-1,0.000137,0.076624,0.000137,0.130731,0.783138,0.008958,0.000274
ACTATTCGTCCGTGGT-1,0.000033,0.000033,0.000033,0.040133,0.000033,0.884275,0.075459
ACTATTTCCGGGCCCA-1,0.000038,0.000038,0.000038,0.04812,0.082921,0.393163,0.475683
ACTCAAGTGCAAGGCT-1,0.000016,0.024306,0.007845,0.800076,0.039189,0.000016,0.128551
ACTCAATAAAGGCACG-1,0.000025,0.003217,0.022228,0.466975,0.179287,0.000025,0.328243
ACTCAGACCTGCTTCT-1,0.000611,0.091619,0.00002,0.387121,0.022705,0.497885,0.00004
ACTCATGGCAGCCTTC-1,0.000036,0.000036,0.000036,0.319523,0.15922,0.352928,0.168221
ACTCCAATATCATCAT-1,0.000045,0.000045,0.000045,0.139409,0.172445,0.326029,0.361982
ACTCCCATTCCTAAAG-1,0.023141,0.042081,0.00013,0.000293,0.093768,0.840489,0.000098
ACTCCCGAATTCGTTT-1,0.021538,0.098982,0.283044,0.352394,0.153429,0.001267,0.089346
ACTCCCGTAGACTAGG-1,0.000022,0.003416,0.007069,0.820803,0.087379,0.032955,0.048355
ACTCCCTAATGCTAAA-1,0.00598,0.177185,0.026174,0.087259,0.227819,0.055639,0.419943
ACTCCCTAGAATAGTA-1,0.000015,0.007224,0.007881,0.793351,0.000015,0.000015,0.191498
ACTCCGGCCGACCACT-1,0.00001,0.028114,0.029887,0.482204,0.019158,0.001005,0.439623
ACTCGATGTATTTCAT-1,0.033154,0.015425,0.000066,0.119804,0.111731,0.719686,0.000133
ACTCGCCGTTCGATAA-1,0.000026,0.770797,0.177418,0.000153,0.021191,0.026939,0.003477
ACTCGCGATCTGACGC-1,0.021465,0.239166,0.000025,0.588245,0.151024,0.000025,0.00005
ACTCGTAACCCGTCCT-1,0.031399,0.204533,0.000145,0.057498,0.453973,0.18793,0.064523
ACTCGTCAGTAATCCC-1,0.000016,0.000016,0.004378,0.705192,0.047737,0.000016,0.242645
ACTCTAAACCTGGGAT-1,0.012549,0.000018,0.000018,0.556699,0.157493,0.134314,0.13891
ACTCTCTGACTTAGGT-1,0.00002,0.0647,0.00002,0.42147,0.163487,0.081421,0.268882
ACTCTGACCTAATAGA-1,0.000013,0.09883,0.228129,0.379074,0.05141,0.074999,0.167545
ACTCTTCAGCTCCCGC-1,0.009627,0.085342,0.000975,0.803224,0.10079,0.000014,0.000028
ACTCTTGTATAGTAAC-1,0.000028,0.000028,0.000028,0.469005,0.186637,0.025511,0.318763
ACTGAAACGCCGTTAG-1,0.000027,0.432962,0.147709,0.000161,0.138382,0.250584,0.030176
ACTGAATGGCGAAAGT-1,0.007991,0.046959,0.00367,0.248026,0.047135,0.122357,0.523863
ACTGCCCGCCATTCTC-1,0.000032,0.000032,0.013876,0.511453,0.027131,0.040586,0.40689
ACTGCCGTCGTAACTC-1,0.000024,0.000024,0.000024,0.786692,0.000024,0.03239,0.180824
ACTGCGGACACACCGT-1,0.000023,0.001855,0.000023,0.525631,0.464239,0.000023,0.008205
ACTGCTCGGAAGGATG-1,0.000012,0.000012,0.000012,0.797981,0.001239,0.026684,0.174059
ACTGGCGAACCTGCGT-1,0.002287,0.003288,0.000013,0.671904,0.074746,0.153999,0.093762
