Barcode,Topic 1,Topic 2to4,Topic 5to7,Topic 8to10
AAACAAGTATCTCCCA-1,0.143848,0.651864,0.109322,0.094966
AAACAATCTACTAGCA-1,0.211883,0.192184,0.066959,0.528974
AAACAGAGCGACTCCT-1,0.512951,0.000924,0.043214,0.442911
AAACAGTGTTCCTGGG-1,0.875149,0.000055,0.080132,0.044663
AAACATTTCCCGGATT-1,0.075653,0.149189,0.283643,0.491515
AAACCCGAACGAAATC-1,0.053629,0.816592,0.021106,0.108673
AAACCGGAAATGTTAA-1,0.000014,0.666508,0.128401,0.205077
AAACCGGGTAGGTACC-1,0.109716,0.774639,0.022391,0.093255
AAACCGTTCGTCCAGG-1,0.158489,0.566993,0.236795,0.037723
AAACCTAAGCAGCCGG-1,0.161586,0.722948,0.106604,0.008861
AAACGAGACGGTTGAT-1,0.000679,0.118356,0.026987,0.853978
AAACGCTGGGCACGAC-1,0.119566,0.579168,0.179492,0.121774
AAACGGGCGTACGGGT-1,0.030459,0.044913,0.285869,0.63876
AAACGGTTGCGAACTG-1,0.464236,0.28857,0.243104,0.004091
AAACTCGGTTCGCAAT-1,0.137435,0.701389,0.158302,0.002874
AAACTCGTGATATAAG-1,0.09317,0.904776,0.000116,0.001937
AAACTGCTGGCTCCAA-1,0.022041,0.643242,0.177883,0.156835
AAAGAATGTGGACTAA-1,0.19439,0.799786,0.005756,0.000068
AAAGCTTGCCTACATA-1,0.078244,0.847511,0.000105,0.07414
AAAGGCCCTATAATAC-1,0.447547,0.366319,0.079859,0.106276
AAAGGCTACGGACCAT-1,0.049768,0.684352,0.164728,0.101152
AAAGGCTCTCGCGCCG-1,0.256182,0.3547,0.377588,0.01153
AAAGGGATGTAGCAAG-1,0.065012,0.005968,0.404587,0.524433
AAAGGGCAGCTTGAAT-1,0.056055,0.465458,0.034351,0.444136
AAAGTAGCATTGCTCA-1,0.129259,0.7258,0.086299,0.058643
AAAGTGCCATCAATTA-1,0.173999,0.463801,0.30358,0.05862
AAAGTGTGATTTATCT-1,0.000004,0.090773,0.199397,0.709826
AAAGTTGACTCCCGTA-1,0.105013,0.348477,0.282419,0.26409
AAATAAGGTAGTGCCC-1,0.00001,0.16167,0.085641,0.752679
AAATACCTATAAGCAT-1,0.028148,0.258449,0.260898,0.452506
AAATAGCTTAGACTTT-1,0.000011,0.046895,0.014859,0.938236
AAATAGGGTGCTATTG-1,0.068296,0.094422,0.377825,0.459458
AAATCCGATACACGCC-1,0.119545,0.035805,0.240683,0.603967
AAATCGTGTACCACAA-1,0.057553,0.291503,0.369397,0.281547
AAATCTAGCCCTGCTA-1,0.01372,0.758357,0.215004,0.012919
AAATGACTGATCAAAC-1,0.964515,0.035361,0.000062,0.000062
AAATGCTCGTTACGTT-1,0.000019,0.142636,0.001523,0.855822
AAATGGCATGTCTTGT-1,0.545935,0.000152,0.000152,0.453761
AAATGGTCAATGTGCC-1,0.003375,0.876897,0.024408,0.095321
AAATTAACGGGTAGCT-1,0.007182,0.175378,0.039046,0.778394
AAATTACACGACTCTG-1,0.272295,0.296552,0.149232,0.281921
AAATTACCTATCGATG-1,0.000015,0.419498,0.076631,0.503856
AAATTCCAGGTCCAAA-1,0.000046,0.092185,0.049249,0.858521
AAATTGATAGTCCTTT-1,0.317682,0.154456,0.445453,0.082409
AAATTGCGGCGGTTCT-1,0.000077,0.992932,0.000232,0.006759
AAATTTGCGGGTGTGG-1,0.067571,0.662735,0.156229,0.113465
AACAACTGGTAGTTGC-1,0.000018,0.504653,0.033856,0.461473
AACAATACATTGTCGA-1,0.405116,0.407106,0.186673,0.001105
AACAATTACTCTACGC-1,0.105047,0.630331,0.104755,0.159866
AACACACGCTCGCCGC-1,0.023574,0.617216,0.160762,0.198448
AACACGACTGTACTGA-1,0.446868,0.000098,0.000098,0.552935
AACAGCTGTGTGGCAA-1,0.191801,0.139866,0.419706,0.248627
AACAGGATGGGCCGCG-1,0.060387,0.604044,0.029329,0.30624
AACAGGTAGTATGGAT-1,0.000012,0.337659,0.326738,0.33559
AACATAGCGTGTATCG-1,0.846375,0.153307,0.000159,0.000159
AACATATCAACTGGTG-1,0.000012,0.09495,0.051845,0.853193
AACATTGAAGTTGATC-1,0.664063,0.306183,0.017357,0.012397
AACATTGTGACTCGAG-1,0.159832,0.326572,0.099657,0.413939
AACCATGGGATCGCTA-1,0.001861,0.788403,0.000087,0.209649
AACCCAGAGACGGAGA-1,0.001318,0.19295,0.02241,0.783322
AACCCGACAACCCGTG-1,0.368871,0.557466,0.070417,0.003246
AACCCGAGCAGAATCG-1,0.096789,0.45125,0.177312,0.274649
AACCCGCTGTATTCCA-1,0.990683,0.009146,0.000086,0.000086
AACCCTACTGTCAATA-1,0.000012,0.399106,0.060089,0.540793
AACCCTGGTGGAACCA-1,0.161381,0.048962,0.086704,0.702953
AACCGAGCTTGGTCAT-1,0.000013,0.0483,0.032839,0.918848
AACCGCTAAGGGATGC-1,0.001352,0.512777,0.283561,0.20231
AACCGTTGTGTTTGCT-1,0.749813,0.000114,0.000114,0.249959
AACCTCGCTTTAGCCC-1,0.156758,0.058043,0.377597,0.407601
AACCTGTCACGGAATT-1,0.000017,0.492527,0.098486,0.40897
AACCTTTAAATACGGT-1,0.036136,0.037415,0.196093,0.730355
AACGACCTCCTAGCCG-1,0.179713,0.799247,0.020975,0.000066
AACGATAATGCCGTAG-1,0.194795,0.454852,0.247089,0.103263
AACGATAGAAGGGCCG-1,0.00318,0.865148,0.000117,0.131555
AACGATATGTCAACTG-1,0.000013,0.19969,0.057664,0.742633
AACGCGACCTTGGGCG-1,0.432356,0.446155,0.108808,0.01268
AACGCGGTCTCCAGCC-1,0.000022,0.428677,0.133759,0.437542
AACGCTGTTGCTGAAA-1,0.003452,0.822937,0.108072,0.065538
AACGGACGTACGTATA-1,0.071371,0.36895,0.329305,0.230373
AACGGCCATCTCCGGT-1,0.141964,0.202111,0.421512,0.234413
AACGTACTGTGGGTAC-1,0.083086,0.558718,0.291794,0.066402
AACGTAGTCTACCCAT-1,0.203471,0.586915,0.000129,0.209484
AACGTCAGACTAGTGG-1,0.000015,0.292971,0.052005,0.655009
AACGTCATCCGGCTTG-1,0.753212,0.245647,0.000571,0.000571
AACGTCGCTGCACTTC-1,0.881981,0.0657,0.049562,0.002757
AACGTGCGAAAGTCTC-1,0.079253,0.461818,0.102694,0.356235
AACGTTCTACCATTGT-1,0.401036,0.026829,0.336511,0.235623
AACTACCCGTTTGTCA-1,0.247166,0.607483,0.015831,0.12952
AACTAGCGTATCGCAC-1,0.116526,0.081607,0.058419,0.743447
AACTAGGCTTGGGTGT-1,0.000019,0.990039,0.009886,0.000056
AACTCAAGTTAATTGC-1,0.081982,0.642803,0.180012,0.095203
AACTCCAGAGCGTGTT-1,0.00059,0.627435,0.255558,0.116417
AACTCCTAATCCCATG-1,0.224176,0.000083,0.236976,0.538765
AACTCGATGGCGCAGT-1,0.119085,0.869881,0.000172,0.010863
AACTCTCAATAGAGCG-1,0.035257,0.045948,0.052743,0.866052
AACTCTCAGTGTGCTC-1,0.111683,0.357692,0.491042,0.039583
AACTGAGTTATACTGA-1,0.002148,0.253955,0.392807,0.35109
AACTGATATTAGGCCT-1,0.127187,0.872042,0.000169,0.000603
AACTGGGTCCCGACGT-1,0.000027,0.513553,0.028231,0.458189
AACTTGCCCGTATGCA-1,0.067587,0.691732,0.081254,0.159427
AACTTGCGTTCTCGCG-1,0.007405,0.22654,0.006124,0.759931
AACTTTAGCTGCTGAG-1,0.201892,0.176221,0.000071,0.621816
AAGAAGGATCAGTTAG-1,0.000044,0.796016,0.005069,0.198871
AAGACATACGTGGTTT-1,0.299791,0.464276,0.103688,0.132244
AAGACCCAACTGAACA-1,0.04597,0.671332,0.237429,0.045269
AAGACTAACCCGTTGT-1,0.041439,0.958219,0.000171,0.000171
AAGACTGCAAGCTACT-1,0.089593,0.19818,0.162957,0.54927
AAGAGATGAATCGGTA-1,0.05753,0.667444,0.016071,0.258955
AAGAGCTCTTTATCGG-1,0.000013,0.34709,0.051608,0.601289
AAGAGGATGTACGCGA-1,0.063672,0.79576,0.020166,0.120402
AAGAGGCATGGATCGC-1,0.129756,0.731613,0.039177,0.099454
AAGAGGCCCTTTGGAA-1,0.11506,0.072488,0.303955,0.508497
AAGATGGCACCGGACC-1,0.048731,0.212464,0.484864,0.253941
AAGATTGGCGGAACGT-1,0.000016,0.417536,0.102688,0.47976
AAGCACCCTGCGTATC-1,0.344553,0.397388,0.0001,0.25796
AAGCATACTCTCCTGA-1,0.086433,0.675364,0.18896,0.049243
AAGCCACTTGCAGGTA-1,0.549606,0.450178,0.000108,0.000108
AAGCCGAAGCGGTTTA-1,0.016667,0.393686,0.422349,0.167297
AAGCCGCCGTGAAATC-1,0.447573,0.312633,0.125151,0.114643
AAGCCGGAGAGCAGGA-1,0.003525,0.24704,0.213621,0.535814
AAGCGCAGGGCTTTGA-1,0.300226,0.049298,0.454215,0.19626
AAGCGTCCCTCATCGA-1,0.374349,0.161008,0.457513,0.007129
AAGCTAGATCGAGTAA-1,0.128854,0.850161,0.009614,0.011372
AAGCTCGTGCCAAGTC-1,0.082019,0.433693,0.144196,0.340092
AAGCTCTTTCATGGTG-1,0.263788,0.068191,0.655764,0.012257
AAGGAGCGGTTGGTGC-1,0.000022,0.532416,0.000711,0.46685
AAGGATCGATCGCTTG-1,0.000015,0.737043,0.031219,0.231723
AAGGATGAGGGACCTC-1,0.057737,0.089338,0.04837,0.804555
AAGGCAGGCTGTCTCC-1,0.051609,0.566153,0.119183,0.263055
AAGGCGCGTAAAGCTT-1,0.000016,0.216759,0.045065,0.73816
AAGGCTGTGCTCATCG-1,0.006298,0.64129,0.013185,0.339228
AAGGGACAGATTCTGT-1,0.003701,0.464673,0.028816,0.502809
AAGGGACTATGCATTC-1,0.274036,0.461636,0.161123,0.103204
AAGGGTTAGCCATGCG-1,0.40181,0.59795,0.00012,0.00012
AAGGTATCCTAATATA-1,0.077281,0.199851,0.078556,0.644313
AAGGTGATAAACCAGC-1,0.155957,0.151587,0.354654,0.337802
AAGTAGAAGACCGGGT-1,0.00002,0.283515,0.020365,0.696099
AAGTAGTGACGCGAGG-1,0.014141,0.693702,0.031181,0.260977
AAGTCAATTGTCGTCA-1,0.000887,0.082705,0.261041,0.655367
AAGTGACGACCGAATT-1,0.071124,0.853982,0.015511,0.059383
AAGTGAGTCGGGTTTA-1,0.120635,0.006994,0.273424,0.598947
AAGTGCCTTGACTGTA-1,0.00191,0.354737,0.178397,0.464957
AAGTGCGTTAGAATCT-1,0.175081,0.712966,0.000136,0.111818
AAGTGCTTCTCTATTG-1,0.261261,0.357279,0.227616,0.153844
AAGTGTTTGGAGACGG-1,0.000023,0.798219,0.158313,0.043445
AAGTTCACTCCAAGCT-1,0.050132,0.157877,0.382527,0.409464
AAGTTCGGCCAACAGG-1,0.080933,0.259977,0.386586,0.272504
AAGTTGTGATGTTATA-1,0.143803,0.760778,0.071852,0.023566
AAGTTTACTAATGGCA-1,0.10314,0.117403,0.127324,0.652133
AAGTTTATGGGCCCAA-1,0.341491,0.376806,0.279105,0.002598
AATAACAACGCTCGGC-1,0.032798,0.737393,0.070204,0.159604
AATAACACTAGAACAA-1,0.271522,0.432923,0.268364,0.027191
AATAACGTCGCGCCCA-1,0.588944,0.0948,0.258928,0.057329
AATAATCTTCGTATCG-1,0.009639,0.316828,0.261544,0.411988
AATACCGGAGGGCTGT-1,0.401097,0.261754,0.260334,0.076814
AATACCTGATGTGAAC-1,0.668929,0.330867,0.000102,0.000102
AATAGAACAGAGTGGC-1,0.128521,0.674929,0.159239,0.03731
AATAGAATCTGTTTCA-1,0.003175,0.771344,0.159948,0.065533
AATAGGCACGACCCTT-1,0.613611,0.385683,0.000353,0.000353
AATAGTCCGTCCCGAC-1,0.211678,0.578452,0.073876,0.135994
AATATCAAGGTCGGAT-1,0.571494,0.000198,0.000198,0.42811
AATATCGAATCAATGC-1,0.000496,0.443456,0.325327,0.230721
AATATCGAGGGTTCTC-1,0.000013,0.017185,0.036906,0.945895
AATCAGACTGCAGGAC-1,0.018255,0.981421,0.000162,0.000162
AATCAGGTTTCATTTA-1,0.136956,0.053316,0.312153,0.497575
AATCATGTAAAGACTC-1,0.048211,0.475543,0.290127,0.186119
AATCCAAGGGCCTGAG-1,0.157173,0.842535,0.000146,0.000146
AATCCATGCAAGGGTG-1,0.319351,0.578067,0.000315,0.102267
AATCCCGCTCAGAGCC-1,0.773269,0.222507,0.004079,0.000146
AATCGAGGTCTCAAGG-1,0.999209,0.000264,0.000264,0.000264
AATCGCCTCAGCGCCA-1,0.040627,0.210289,0.217338,0.531746
AATCGCGCAGAGGACT-1,0.000011,0.336613,0.065737,0.597639
AATCGGTATAGCCCTC-1,0.64766,0.127882,0.224367,0.000091
AATCGTGAGCCGAGCA-1,0.313911,0.114465,0.304996,0.266628
AATCTATGCCGGAGCC-1,0.00002,0.382212,0.033252,0.584516
AATCTGCGTTGGGACG-1,0.000014,0.138556,0.158914,0.702515
AATGACAGCAATGTCT-1,0.167457,0.732293,0.043807,0.056443
AATGACGTAGGATGTC-1,0.026293,0.467161,0.282757,0.22379
AATGACTGTCAGCCGG-1,0.000016,0.30113,0.084664,0.614189
AATGAGTTCGCATATG-1,0.075269,0.225743,0.032257,0.666731
AATGATGATACGCTAT-1,0.000024,0.330819,0.08377,0.585387
AATGATGCGACTCCTG-1,0.008674,0.024887,0.063479,0.90296
AATGCAACCGGGTACC-1,0.028418,0.205544,0.252601,0.513437
AATGGTTCTCACAAGC-1,0.000016,0.293352,0.020128,0.686504
AATGTGCCCGAGGTGT-1,0.24972,0.557882,0.084672,0.107726
AATGTGCTAATCTGAG-1,0.535297,0.367938,0.066545,0.03022
AATGTTAAGACCCTGA-1,0.993386,0.00636,0.000127,0.000127
AATGTTGTCGTGAGAC-1,0.109944,0.596998,0.224148,0.06891
AATTAAAGGTCGGCGT-1,0.325792,0.243486,0.084601,0.346121
AATTAACGGATTTCCA-1,0.173897,0.053836,0.554601,0.217665
AATTAGCGCTGCAGCG-1,0.393791,0.13122,0.450983,0.024006
AATTATACCCAGCAAG-1,0.999796,0.000068,0.000068,0.000068
AATTCATAAGGGATCT-1,0.001631,0.408795,0.058083,0.531491
AATTCCAAGCATGTAC-1,0.20579,0.109139,0.108192,0.57688
AATTCGATTCGAGGAT-1,0.165484,0.234732,0.321237,0.278547
AATTCTAGAGTTAGGC-1,0.000036,0.76166,0.235431,0.002873
AATTGAACGCTCTGGT-1,0.136308,0.367287,0.23166,0.264745
AATTGCAGCAATCGAC-1,0.264718,0.404606,0.297118,0.033558
AATTGTGGTTGCCAAA-1,0.017679,0.582105,0.345879,0.054337
AATTTGGGACATAGTA-1,0.311137,0.033246,0.087594,0.568022
ACAAACTCCATCAGAG-1,0.911854,0.009048,0.002808,0.07629
ACAAAGCATGACCTAG-1,0.04575,0.205747,0.540391,0.208111
ACAAATCGCACCGAAT-1,0.049691,0.747444,0.160298,0.042568
ACAAATGGTAGTGTTT-1,0.000661,0.364561,0.317175,0.317603
ACAACAGCATGAGCTA-1,0.005063,0.190433,0.085415,0.719089
ACAACGGTCCCTGCGA-1,0.000024,0.769489,0.0043,0.226187
ACAAGCAGTGCCTAGC-1,0.053649,0.639587,0.062993,0.243772
ACAAGGAAATCCGCCC-1,0.045624,0.93144,0.022877,0.000058
ACAAGGACAAGAGGTT-1,0.017955,0.753751,0.042859,0.185434
ACAAGGATGCTTTAGG-1,0.119424,0.367478,0.350707,0.162391
ACAAGGGCAGGCTCTG-1,0.01881,0.773021,0.093981,0.114189
ACAAGTAATTGTAAGG-1,0.591058,0.299756,0.000234,0.108952
ACAATCCATTTAAACC-1,0.042187,0.591293,0.082301,0.284219
ACAATGAATACGGAGA-1,0.325504,0.262053,0.315236,0.097207
ACAATTGTGTCTCTTT-1,0.07154,0.490824,0.282384,0.155252
ACAATTTGAGCAGTGG-1,0.025159,0.205803,0.029783,0.739256
ACAATTTGGCCATATT-1,0.002583,0.791521,0.018297,0.1876
ACACAAAGACGGGTGG-1,0.008784,0.048682,0.091669,0.850866
ACACACCAGGACCAGT-1,0.000213,0.100719,0.252286,0.646782
ACACATTTCCGTAGAC-1,0.652693,0.347017,0.000145,0.000145
ACACCACATAATTAGC-1,0.000198,0.188269,0.100006,0.711527
ACACCCAGCATGCAGC-1,0.059837,0.407714,0.01286,0.519589
ACACCCGAGAAATCCG-1,0.004288,0.47684,0.005593,0.513279
ACACCTTAAGTAGGGC-1,0.000016,0.165389,0.012241,0.822354
ACACCTTACTACTTGC-1,0.02398,0.587229,0.104114,0.284677
ACACGAGACTCCTTCT-1,0.000288,0.759249,0.087668,0.152795
ACACGGCACTATGCAT-1,0.148596,0.146443,0.143273,0.561688
ACACGGGAACTTAGGG-1,0.000015,0.181829,0.124621,0.693535
ACACGTAGGCCACAAG-1,0.000204,0.685948,0.239723,0.074125
ACACTGATCAAGGTGT-1,0.118801,0.188212,0.19437,0.498617
ACACTGGGACAGTCGT-1,0.062139,0.645122,0.148517,0.144221
ACAGAACTGAGAACAA-1,0.063925,0.832907,0.002877,0.100292
ACAGATTAGGTTAGTG-1,0.294409,0.058634,0.000084,0.646873
ACAGCGACATTCTCAT-1,0.050311,0.51237,0.340691,0.096628
ACAGCGCACCCGCAGC-1,0.102487,0.011311,0.302674,0.583528
ACAGGCACGGATCCTT-1,0.368037,0.382646,0.204272,0.045045
ACAGGCTTGCCCGACT-1,0.024268,0.000032,0.210996,0.764703
ACAGGTGGAGGTGAGG-1,0.010146,0.483827,0.419344,0.086682
ACATAATAAGGCGGTG-1,0.000012,0.049825,0.034274,0.91589
ACATACAATCAAGCGG-1,0.884955,0.114775,0.000135,0.000135
ACATCCCGGCCATACG-1,0.092088,0.859569,0.014582,0.033761
ACATCCTGGTAACTGT-1,0.102879,0.183112,0.025955,0.688054
ACATCGATCGTTTACC-1,0.003675,0.7827,0.183222,0.030403
ACATCGCAATATTCGG-1,0.536734,0.462332,0.000467,0.000467
ACATCGGTCAGCCGCG-1,0.110251,0.639997,0.211421,0.03833
ACATCGTATGCAATGG-1,0.000021,0.689575,0.213115,0.097289
ACATCGTTAACCTAGT-1,0.107184,0.035085,0.191492,0.666239
ACATGGCGCCAAAGTA-1,0.000918,0.195177,0.156985,0.64692
ACATTAGTTTATATCC-1,0.005503,0.731837,0.234794,0.027867
ACATTCGCGCGGAATA-1,0.688848,0.197331,0.088356,0.025465
ACATTTGAAACCTAAC-1,0.586524,0.41328,0.000098,0.000098
ACCAACCGCACTCCAC-1,0.389108,0.329141,0.196574,0.085178
ACCAACGCTTATTTAT-1,0.266467,0.007057,0.357486,0.36899
ACCAAGAACGCGTGTC-1,0.036335,0.000788,0.032335,0.930541
ACCAAGTCATCGGCAG-1,0.132323,0.12696,0.443351,0.297367
ACCAATATGCAAGTTA-1,0.00543,0.356018,0.516218,0.122334
ACCACAAGTTTCTATC-1,0.000012,0.110048,0.03671,0.85323
ACCACACGGTTGATGG-1,0.882427,0.11742,0.000076,0.000076
ACCACCAATGTAACAA-1,0.021506,0.439037,0.064937,0.474519
ACCACGTGCAGCTATA-1,0.000433,0.952184,0.042705,0.004678
ACCAGTGCGGGAGACG-1,0.030416,0.33833,0.247889,0.383365
ACCATATCCGCAATAA-1,0.006836,0.632182,0.1706,0.190383
ACCATCGTATATGGTA-1,0.043207,0.344566,0.274976,0.337251
ACCCAACGCCCGTGGC-1,0.000007,0.000439,0.004964,0.994591
ACCCACCTACATGCTC-1,0.150091,0.378029,0.027434,0.444446
ACCCATCTTGAGGGTA-1,0.007348,0.448317,0.300836,0.243499
ACCCATTTGTCCCTCT-1,0.133822,0.124647,0.509427,0.232104
ACCCGAGCGAAATTAC-1,0.125894,0.643775,0.206405,0.023925
ACCCGATTGGTTCCGA-1,0.393011,0.574424,0.026973,0.005593
ACCCGGAAACTCCCAG-1,0.025366,0.378422,0.345888,0.250325
ACCCGGAGCACCACAA-1,0.038818,0.628874,0.115952,0.216357
ACCCGGATGACGCATC-1,0.000018,0.635413,0.06136,0.303209
ACCCGGTTACACTTCC-1,0.106899,0.382881,0.251421,0.258799
ACCCGTAGTCTAGTTG-1,0.392931,0.524882,0.064616,0.017572
ACCCGTGTCATCAGTA-1,0.152957,0.591339,0.114715,0.140989
ACCCTATAGGACTGAG-1,0.005251,0.994358,0.000195,0.000195
ACCCTATGCCATATCG-1,0.329702,0.099075,0.393618,0.177605
ACCCTCCCGTCAGGGC-1,0.693461,0.220058,0.086374,0.000106
ACCCTCCCTTGCTATT-1,0.065152,0.778635,0.123746,0.032467
ACCCTTCATCTGCGAA-1,0.744217,0.021159,0.0002,0.234424
ACCGACACATCTCCCA-1,0.159053,0.311134,0.339788,0.190025
ACCGACTGAGTCCCAC-1,0.01344,0.499328,0.054491,0.432741
ACCGAGTCTCCTTATT-1,0.359888,0.013427,0.490624,0.13606
ACCGATAGGCATAACC-1,0.063765,0.325481,0.44195,0.168803
ACCGATATTTAATCAT-1,0.126901,0.5507,0.209752,0.112647
ACCGATGGTAGCATCG-1,0.000016,0.442502,0.051836,0.505646
ACCGCAATAACTGCCT-1,0.02424,0.1276,0.394504,0.453656
ACCGCGGTGGAAGTCG-1,0.040967,0.192734,0.201745,0.564555
ACCGCTAGTCATTGGT-1,0.654651,0.000067,0.057195,0.288087
ACCGGGCCTTTGTTGA-1,0.031272,0.54588,0.178537,0.24431
ACCGTGACCACGTGGG-1,0.289472,0.147295,0.294591,0.268643
ACCTAAGTACCTTTCA-1,0.22046,0.548184,0.112172,0.119184
ACCTAATCGACTTCCT-1,0.050966,0.575672,0.110598,0.262764
ACCTACAGTATGTGGT-1,0.000021,0.605857,0.115172,0.278949
ACCTACTATAAATCTA-1,0.08883,0.000027,0.212436,0.698707
ACCTCAGCGAGGCGCA-1,0.770701,0.106696,0.000131,0.122472
ACCTCCGCCCTCGCTG-1,0.022505,0.06574,0.30894,0.602815
ACCTCCGTTATTCACC-1,0.000021,0.32624,0.081538,0.592201
ACGACCCATGAGTTGC-1,0.000045,0.902113,0.080676,0.017167
ACGACTCTAGGGCCGA-1,0.516847,0.047376,0.088715,0.347062
ACGACTGGTCATACTC-1,0.191817,0.56486,0.216222,0.027102
ACGAGAACCCATCACG-1,0.415679,0.016331,0.000192,0.567798
ACGAGTACGGATGCCC-1,0.00001,0.00135,0.020606,0.978034
ACGATACATAGAACTA-1,0.00001,0.010769,0.023864,0.965357
ACGATCATACATAGAG-1,0.059787,0.018563,0.28321,0.63844
ACGATCATCTTGTAAA-1,0.016281,0.129487,0.096408,0.757824
ACGATGCATATGTTAT-1,0.00171,0.461009,0.220444,0.316837
ACGCAAACTAATAGAT-1,0.134931,0.704449,0.134446,0.026174
ACGCAATCACTACAGC-1,0.000025,0.402231,0.036471,0.561272
ACGCATACGTTTACTA-1,0.071881,0.624797,0.263019,0.040303
ACGCATTCGTGAGTAC-1,0.000012,0.10726,0.012925,0.879804
ACGCCACTCGAAACAG-1,0.857504,0.142275,0.00011,0.00011
ACGCCAGATGATTTCT-1,0.000045,0.955109,0.000134,0.044713
ACGCCAGTGCGTTTGC-1,0.313489,0.671091,0.008505,0.006915
ACGCCGCTAGACGACC-1,0.027642,0.673251,0.161285,0.137822
ACGCGAAGTCAGACGA-1,0.087728,0.867882,0.044111,0.00028
ACGCGCTACACAGGGT-1,0.069228,0.78386,0.043287,0.103625
ACGCGGGCCAAGGACA-1,0.025131,0.496549,0.148004,0.330316
ACGCTACTGAATGGGC-1,0.563043,0.103374,0.180358,0.153225
ACGCTAGTGATACACT-1,0.007133,0.178276,0.027294,0.787296
ACGGAACACGAGTGCC-1,0.594456,0.405318,0.000113,0.000113
ACGGAATTTAGCAAAT-1,0.000019,0.210024,0.01073,0.779228
ACGGACTCTCAAAGCG-1,0.055791,0.314733,0.259124,0.370353
ACGGATGGTGCGGATA-1,0.010039,0.519689,0.331134,0.139138
ACGGCACTTGCTTGGG-1,0.002303,0.24164,0.300618,0.455439
ACGGCCAACATGGACT-1,0.212916,0.685584,0.06428,0.037219
ACGGCGACGATGGGAA-1,0.104522,0.684631,0.201467,0.00938
ACGGGAGTGTCGGCCC-1,0.111665,0.815339,0.003202,0.069793
ACGGTACAGTTCAATG-1,0.7587,0.241128,0.000086,0.000086
ACGTACTTTGGCACGG-1,0.427197,0.556564,0.016158,0.000081
ACGTAGATTGCTGATG-1,0.086069,0.552905,0.107252,0.253774
ACGTAGGAGAGTCGCT-1,0.297667,0.066673,0.517338,0.118322
ACGTATTACTCCGATC-1,0.019983,0.404392,0.088665,0.486959
ACGTGCGCCTCGTGCA-1,0.000028,0.773408,0.000217,0.226347
ACGTTAATGTCGAAGA-1,0.000013,0.233974,0.293981,0.472032
ACGTTAGATTTGCCCG-1,0.001483,0.896435,0.076498,0.025584
ACGTTCACTATGCCGC-1,0.788849,0.205485,0.005566,0.0001
ACGTTCGCAATCAATT-1,0.00001,0.005012,0.012696,0.982282
ACGTTCGTTCAGGAAA-1,0.112044,0.57153,0.238906,0.077521
ACGTTCTGTACAAGTC-1,0.441492,0.481985,0.059998,0.016525
ACGTTGTCGTTGAAAG-1,0.997481,0.000096,0.000096,0.002328
ACGTTTCGGTGCACTT-1,0.230721,0.767783,0.00139,0.000106
ACTACAAAGAGAGGTG-1,0.730947,0.262151,0.006842,0.000059
ACTACCAGCTCTCTGG-1,0.000019,0.11424,0.046865,0.838876
ACTACCATCCGAGGGC-1,0.598814,0.400993,0.000096,0.000096
ACTACGCGTTAGAATT-1,0.13678,0.189282,0.474582,0.199356
ACTAGTTGCGATCGTC-1,0.000018,0.407928,0.215333,0.37672
ACTATCCAGGGCATGG-1,0.000017,0.385314,0.102223,0.512446
ACTATCTGCCCGCGTA-1,0.016166,0.753753,0.147722,0.082358
ACTATGTCCAGCTGCC-1,0.308912,0.462031,0.07496,0.154096
ACTATTTCCGGGCCCA-1,0.175326,0.515385,0.246195,0.063093
ACTCAAGTGCAAGGCT-1,0.154774,0.255749,0.582413,0.007065
ACTCAATAAAGGCACG-1,0.00001,0.009288,0.012883,0.977819
ACTCAGACCTGCTTCT-1,0.3867,0.073953,0.00015,0.539197
ACTCCAATATCATCAT-1,0.367031,0.304166,0.324166,0.004638
ACTCCCGAATTCGTTT-1,0.010027,0.078264,0.102665,0.809044
ACTCCCTAATGCTAAA-1,0.078025,0.648687,0.15642,0.116869
ACTCCCTAGAATAGTA-1,0.06235,0.649528,0.110653,0.177469
ACTCCGGCCGACCACT-1,0.331385,0.585027,0.081169,0.002418
ACTCGCCGTTCGATAA-1,0.09603,0.076396,0.380257,0.447317
ACTCGCGATCTGACGC-1,0.000008,0.720718,0.014783,0.264492
ACTCGTCAGTAATCCC-1,0.010459,0.050318,0.020364,0.918859
ACTCTCTGACTTAGGT-1,0.028719,0.566454,0.201979,0.202848
ACTCTGACCTAATAGA-1,0.605389,0.037851,0.35648,0.000281
ACTCTTCAGCTCCCGC-1,0.049899,0.093933,0.230566,0.625602
ACTCTTGTATAGTAAC-1,0.041512,0.510024,0.143894,0.304571
ACTGAAACGCCGTTAG-1,0.192881,0.300988,0.297852,0.208278
ACTGAATGGCGAAAGT-1,0.082935,0.790673,0.120267,0.006125
ACTGCCCGCCATTCTC-1,0.488075,0.39152,0.113074,0.007331
ACTGCCGTCGTAACTC-1,0.000047,0.825533,0.00014,0.17428
ACTGCGGACACACCGT-1,0.000011,0.073425,0.055885,0.870678
ACTGGGATGCCAGTGC-1,0.706875,0.292923,0.000101,0.000101
ACTGTACGATACACAT-1,0.000023,0.539181,0.029468,0.431328
ACTGTAGCACTTTGGA-1,0.00003,0.878593,0.00009,0.121287
ACTGTATACGCGAGCA-1,0.140385,0.477941,0.002816,0.378857
ACTGTCCAGGATTATA-1,0.012395,0.352427,0.05237,0.582808
ACTGTCTTCTTTAGAA-1,0.012878,0.296615,0.09496,0.595547
ACTGTGCTAGTAGATC-1,0.000059,0.999585,0.000178,0.000178
ACTTACGCATCCACGC-1,0.049465,0.333159,0.358934,0.258442
ACTTAGTACGACAAGA-1,0.000025,0.919173,0.000076,0.080725
ACTTATACTTACCCGG-1,0.009151,0.466426,0.118556,0.405867
ACTTATTAGGATCGGT-1,0.000032,0.95486,0.000097,0.045011
ACTTATTTATGTGCCA-1,0.005791,0.253106,0.317815,0.423288
ACTTCAGGCTGATCCC-1,0.034626,0.859793,0.05955,0.046032
ACTTCCATGCGGGACA-1,0.004446,0.282935,0.372147,0.340472
ACTTCGCCATACGCAC-1,0.000018,0.345388,0.132279,0.522315
ACTTCGCTAGCGAGTG-1,0.00001,0.000029,0.020379,0.979583
ACTTGACTCCCTCTTT-1,0.010378,0.23287,0.528445,0.228306
ACTTGGGACCCGGTGG-1,0.000023,0.745941,0.017983,0.236053
ACTTGGGCTTTCGCCA-1,0.853075,0.14516,0.000883,0.000883
ACTTGTGGATGGAACG-1,0.046908,0.225351,0.397772,0.329968
ACTTGTTACCGGATCA-1,0.672316,0.327401,0.000142,0.000142
ACTTTACCCTCATGAA-1,0.007411,0.514838,0.105354,0.372397
ACTTTCCTATAGCTTC-1,0.000014,0.198068,0.066159,0.735759
ACTTTGTCGACGCACT-1,0.034488,0.536151,0.142496,0.286864
AGAAATTATGACTCGC-1,0.000006,0.078756,0.062085,0.859153
AGAACCCAGCGTGACA-1,0.000006,0.561459,0.006097,0.432439
AGAACGTGGTACATTC-1,0.012886,0.17431,0.144012,0.668793
AGAACTGTACTTTGTA-1,0.849095,0.146286,0.004501,0.000118
AGAAGAGCGCCGTTCC-1,0.132772,0.512934,0.050252,0.304043
AGAAGGTTGCCGAATT-1,0.08575,0.122708,0.120496,0.671046
AGAAGGTTGTAGGTCG-1,0.061685,0.087948,0.138494,0.711873
AGAAGTGATTCGTGAT-1,0.112095,0.869225,0.010136,0.008544
AGAATACAGGCTATCC-1,0.966695,0.033146,0.000079,0.000079
AGAATTATGGATTCGA-1,0.000012,0.265912,0.071482,0.662595
AGAATTGTTTGACATA-1,0.03155,0.29508,0.004001,0.669369
AGACAGGCATCTCAGC-1,0.000007,0.052126,0.026578,0.921288
AGACATAGATCCTTCC-1,0.421917,0.040695,0.000239,0.537149
AGACCATGGGATACAA-1,0.008961,0.526624,0.029641,0.434774
AGACCCACCGCTGATC-1,0.009729,0.904969,0.081404,0.003898
AGACCCGCCCTCCTCG-1,0.01478,0.024073,0.250116,0.711031
AGACCGCTCCGCGGTT-1,0.020188,0.828896,0.073697,0.077219
AGACGAAGTGCCGGTC-1,0.023342,0.287943,0.521958,0.166757
AGACGACGATGCCGCT-1,0.181203,0.732824,0.085899,0.000074
AGACGCCCACTTCGCC-1,0.010314,0.249681,0.242264,0.497742
AGACTAGCCTTCCAGA-1,0.016305,0.265944,0.068545,0.649206
AGACTGTTACCGGGTC-1,0.256108,0.573869,0.054218,0.115805
AGAGAAACACCAGAAA-1,0.320016,0.546248,0.086088,0.047648
AGAGAACCGTCTAGGA-1,0.00001,0.280474,0.050439,0.669077
AGAGAAGGAGTACAAT-1,0.38192,0.353394,0.245802,0.018884
AGAGCCGCCGAGATTT-1,0.082715,0.460329,0.357011,0.099944
AGAGCGGGCTAATCAT-1,0.008486,0.984016,0.000123,0.007375
AGAGCGTACAAGCTCG-1,0.041912,0.418858,0.025904,0.513326
AGAGGCTTCGGAAACC-1,0.002033,0.376506,0.378637,0.242825
AGAGTAAACTTCACTA-1,0.030356,0.355923,0.377553,0.236168
AGAGTATAGTGTTACG-1,0.010471,0.459606,0.041577,0.488346
AGAGTCTTAATGAAAG-1,0.658671,0.287381,0.037784,0.016165
AGATAACTTCAGGGCC-1,0.009818,0.603284,0.048289,0.338609
AGATACCAATAGAACC-1,0.032298,0.389659,0.423247,0.154796
AGATACCGGTGTTCAC-1,0.022338,0.769802,0.161974,0.045886
AGATACGACTTCATAT-1,0.000043,0.592265,0.001324,0.406367
AGATACTCAAGATCGA-1,0.044225,0.606993,0.303881,0.044901
AGATATAATACGACTA-1,0.022387,0.289812,0.351017,0.336784
AGATCGTGCATAAGAT-1,0.072614,0.899022,0.000097,0.028267
AGATCTCAGGTGTGAT-1,0.000015,0.432457,0.11581,0.451718
AGATGACTCGCCCACG-1,0.0069,0.341422,0.050659,0.601019
AGATGATGGAGTCTGG-1,0.000018,0.299898,0.208056,0.492028
AGATGCAAGACGTGCA-1,0.132811,0.754088,0.037594,0.075507
AGATTATAGGACGTTT-1,0.000017,0.587009,0.166202,0.246772
AGCAAAGGCCGCTAGT-1,0.145327,0.049449,0.204725,0.6005
AGCAACATATCTTATT-1,0.230688,0.338132,0.219206,0.211974
AGCACACGTTTAGACT-1,0.438322,0.481099,0.080529,0.00005
AGCACCAGTACTCACG-1,0.009192,0.477063,0.13011,0.383635
AGCACTACCTCACCAG-1,0.101387,0.073118,0.101803,0.723693
AGCACTTAAGGACGCC-1,0.01699,0.403609,0.26064,0.31876
AGCAGAAGGAGAAAGA-1,0.301609,0.40139,0.217747,0.079255
AGCAGCCAGATGAATA-1,0.000018,0.675892,0.22957,0.09452
AGCAGTCGAAGCATGC-1,0.991964,0.000089,0.007858,0.000089
AGCATATCAATATGCT-1,0.106497,0.867108,0.013366,0.013029
AGCATCGTCGATAATT-1,0.000024,0.181862,0.080247,0.737867
AGCATTACGAGGCAAG-1,0.157226,0.783424,0.056575,0.002775
AGCCAAGCTTTGTGTC-1,0.099284,0.377496,0.257006,0.266214
AGCCACAGGTTACCCG-1,0.373038,0.000411,0.471201,0.15535
AGCCACTCCCGTGCTT-1,0.000025,0.300806,0.03018,0.668989
AGCCATATAGTATGTG-1,0.686307,0.034968,0.050354,0.228371
AGCCCATACATGTAAG-1,0.029775,0.781815,0.005106,0.183304
AGCCCGCAACAAGCAG-1,0.369196,0.223925,0.370779,0.036099
AGCCCGCACTACAATG-1,0.377592,0.622257,0.000076,0.000076
AGCCCGGCATTAGAGG-1,0.498096,0.027544,0.25351,0.220849
AGCCCGGTAGCCTGTA-1,0.108341,0.788734,0.041702,0.061223
AGCCCTAAGCGAAGTT-1,0.003562,0.996139,0.00015,0.00015
AGCCCTCCCTGGTGGC-1,0.319863,0.598412,0.063427,0.018297
AGCCCTGTCGCACCGT-1,0.001363,0.845106,0.026632,0.126898
AGCCCTTCTAATCCGA-1,0.873232,0.000191,0.000191,0.126386
AGCCCTTGGACATCCC-1,0.02338,0.352356,0.419001,0.205264
AGCGACAGGAACGGTC-1,0.018584,0.530621,0.288836,0.161959
AGCGACATCCCATTCA-1,0.000035,0.78898,0.000105,0.210879
AGCGACCAACGATATT-1,0.000025,0.442353,0.070197,0.487425
AGCGACTTTGAAGACA-1,0.691442,0.307824,0.000367,0.000367
AGCGAGACGTGAAGGC-1,0.734896,0.250808,0.014253,0.000043
AGCGATGCGCCTAATA-1,0.156569,0.017975,0.179289,0.646166
AGCGCATAATGAATCG-1,0.401252,0.415474,0.175671,0.007603
AGCGCGGGTGCCAATG-1,0.156859,0.240841,0.045527,0.556774
AGCGCTAGAGCGATGT-1,0.121904,0.539355,0.05459,0.284151
AGCGGACACTTCGTAG-1,0.306361,0.326039,0.136877,0.230723
AGCGGGAAGGGTCCAT-1,0.000035,0.86635,0.000106,0.133509
AGCGGGTCTGACACTC-1,0.265378,0.114914,0.130002,0.489706
AGCGTGGTATTCTACT-1,0.022133,0.538004,0.331776,0.108088
AGCTAACAAGCAATGT-1,0.644829,0.000582,0.242723,0.111866
AGCTAAGCTCCGTCCG-1,0.751139,0.248545,0.000158,0.000158
AGCTAAGTACGCAGGC-1,0.011913,0.039393,0.397284,0.55141
AGCTACGAATGGTGGT-1,0.613525,0.386098,0.000189,0.000189
AGCTAGAAGCAGAAGT-1,0.025676,0.833035,0.000089,0.1412
AGCTATTTAATCCAAC-1,0.060714,0.889084,0.013054,0.037148
AGCTCCATATATGTTC-1,0.060763,0.073979,0.496522,0.368737
AGCTCCTTCGCACATC-1,0.040776,0.216202,0.216989,0.526033
AGCTCTAGACGTTCCA-1,0.000021,0.872753,0.042802,0.084424
AGCTCTTCGTAACCTT-1,0.000021,0.405983,0.124759,0.469237
AGCTCTTTACTCAGTT-1,0.123444,0.771305,0.064943,0.040307
AGCTGAAGTAAACCAA-1,0.041321,0.15888,0.01447,0.785329
AGCTGTAACCTCAATC-1,0.224338,0.594328,0.062807,0.118527
AGCTTATAGAGACCTG-1,0.567896,0.000145,0.000145,0.431814
AGCTTCTTCTCGAGCA-1,0.649235,0.06746,0.033361,0.249945
AGGAACGAACGACTTC-1,0.019053,0.17265,0.349357,0.458941
AGGAAGCTGTCCGCCG-1,0.100607,0.003601,0.200946,0.694847
AGGACAGTCGAATCCC-1,0.025095,0.029199,0.191665,0.754041
AGGACATCGCACGTCG-1,0.000025,0.139635,0.012602,0.847737
AGGACATCGGCACACT-1,0.234048,0.496012,0.07548,0.19446
AGGACGACCCATTAGA-1,0.097874,0.839312,0.050677,0.012137
AGGAGAGTCTGGCTAC-1,0.103284,0.270415,0.03371,0.592591
AGGAGCGTTTATTATC-1,0.638219,0.360921,0.00043,0.00043
AGGAGGCCTTCGCGCG-1,0.033195,0.84059,0.081125,0.045089
AGGATAAAGTCGGGAT-1,0.00001,0.163168,0.140037,0.696786
AGGATATAGGGATTTA-1,0.021935,0.334926,0.302124,0.341016
AGGATATCCGACTGCA-1,0.681846,0.175492,0.04416,0.098503
AGGATTGCTTACGACA-1,0.00001,0.000692,0.020799,0.9785
AGGCAAAGAGGAATCA-1,0.149171,0.128599,0.103722,0.618508
AGGCACGTGACTGTCC-1,0.012383,0.463649,0.348667,0.175302
AGGCAGATGCGTAAAC-1,0.000011,0.082261,0.050534,0.867194
AGGCAGGGAGCGTACT-1,0.003838,0.755431,0.184311,0.056419
AGGCATTGTCGTAGGG-1,0.007213,0.580057,0.16572,0.247009
AGGCCACATTGGTTAC-1,0.001791,0.487043,0.14858,0.362586
AGGCCACCCGTTATGA-1,0.00094,0.607655,0.025647,0.365758
AGGCCCAGTGACTGGT-1,0.050407,0.407275,0.013483,0.528835
AGGCCCATTGTACAGG-1,0.100944,0.898676,0.00019,0.00019
AGGCCCTAGAACGCCA-1,0.103285,0.896234,0.000136,0.000345
AGGCCTATCATACCAA-1,0.595109,0.354432,0.037131,0.013328
AGGCCTGAGAATCTCG-1,0.095777,0.063213,0.519173,0.321837
AGGCGATAACTGGCGT-1,0.00758,0.733356,0.175498,0.083566
AGGCTATGGTTAGCTT-1,0.013803,0.658169,0.061806,0.266222
AGGCTTAAGTTGCACA-1,0.817279,0.127107,0.055081,0.000533
AGGCTTCCCGAAGAAG-1,0.021429,0.73291,0.161083,0.084578
AGGGAAACGAGGTACT-1,0.522956,0.071114,0.047884,0.358047
AGGGACAGCACGGCGG-1,0.124089,0.105499,0.094096,0.676316
AGGGACCGGCTGCGTT-1,0.008927,0.318201,0.198156,0.474716
AGGGACTCTACGCGAC-1,0.172479,0.435731,0.137913,0.253877
AGGGAGACATACTTCG-1,0.000014,0.017438,0.04065,0.941898
AGGGCAGCGGCGTGGT-1,0.164736,0.183481,0.117382,0.534401
AGGGCCCTAATGTTCT-1,0.028202,0.703228,0.180219,0.088351
AGGGCGTGATCGGCTA-1,0.000024,0.404098,0.025078,0.5708
AGGGCTGCAGTTACAG-1,0.00001,0.21906,0.10269,0.67824
AGGGTCAGAGCACTCG-1,0.369276,0.612741,0.01792,0.000064
AGGGTCGATGCGAACT-1,0.00001,0.122297,0.017607,0.860086
AGGGTCTGGACGCAGT-1,0.340113,0.656446,0.00294,0.0005
AGGGTGCCGTTCTTTA-1,0.212282,0.747114,0.040548,0.000057
AGGGTGCTCTCGAGGG-1,0.000013,0.712022,0.099461,0.188503
AGGGTTCAGACGGTCC-1,0.593182,0.021336,0.206087,0.179395
AGGGTTCCCTTTGGTT-1,0.000017,0.173694,0.083043,0.743246
AGGGTTTAGTTCGGGA-1,0.019856,0.603355,0.092011,0.284777
AGGTAACCTCCTATTC-1,0.000073,0.991417,0.000219,0.008291
AGGTAGATCGAGATAT-1,0.09893,0.00796,0.113842,0.779267
AGGTAGGTACAAAGCT-1,0.039156,0.625183,0.12021,0.215451
AGGTATAATTGATAGT-1,0.053004,0.547492,0.183293,0.216211
AGGTATGCGGACATTA-1,0.000012,0.081555,0.010578,0.907855
AGGTCGCCACTTCGGT-1,0.011044,0.328548,0.009484,0.650924
AGGTCGCCTCCCAACA-1,0.020713,0.509065,0.330414,0.139808
AGGTCGCGGAGTTACT-1,0.000015,0.009745,0.04495,0.94529
AGGTGCACGTCCACAT-1,0.612197,0.330258,0.008759,0.048785
AGGTGGTGACCTTCGC-1,0.132381,0.000044,0.275434,0.592142
AGGTGTTGCCGACCAC-1,0.103571,0.494116,0.165034,0.237279
AGGTTACACCATGCCG-1,0.000017,0.663753,0.089314,0.246916
AGGTTGAGGCACGCTT-1,0.000013,0.173851,0.067066,0.759071
AGGTTTCACACACCTT-1,0.007126,0.392228,0.420933,0.179712
AGTAACTATAGCAGCC-1,0.240499,0.733455,0.025955,0.000091
AGTAAGGGACAGAATC-1,0.960518,0.000125,0.000125,0.039232
AGTAATCTAAGGGTGG-1,0.905523,0.094187,0.000145,0.000145
AGTAATGTCTTGCCGC-1,0.221464,0.638874,0.000126,0.139536
AGTACAGAAGCTTATA-1,0.703576,0.000052,0.08768,0.208693
AGTACATCATTTATCA-1,0.00001,0.000031,0.045413,0.954546
AGTACGGGCACCTGGC-1,0.012318,0.260322,0.144811,0.582549
AGTACTCTTATGCCCA-1,0.005845,0.468634,0.367322,0.158199
AGTAGAAGGCGCCTCA-1,0.46988,0.52994,0.00009,0.00009
AGTAGGAAGGAAGTTG-1,0.820611,0.000079,0.000079,0.179231
AGTAGGTAACATACAT-1,0.077233,0.826616,0.000211,0.09594
AGTATAATACTAGGCA-1,0.000142,0.331307,0.037687,0.630863
AGTATACACAGCGACA-1,0.126381,0.023408,0.269687,0.580524
AGTATCCATAATAACG-1,0.000045,0.757956,0.000136,0.241863
AGTATGCTGGAGACCA-1,0.238731,0.606713,0.061629,0.092926
AGTATTTGGCACGACC-1,0.12327,0.356443,0.487069,0.033218
AGTCAAATGATGTGAT-1,0.232952,0.709908,0.007685,0.049455
AGTCAACACCACCATC-1,0.242831,0.516397,0.050698,0.190074
AGTCAAGATGACACTT-1,0.004447,0.570634,0.291642,0.133277
AGTCACTAGCTCTCGA-1,0.016646,0.479178,0.309164,0.195012
AGTCAGCCACCGCCTG-1,0.00051,0.197103,0.018762,0.783625
AGTCCATTGGCTGATG-1,0.044711,0.233969,0.012679,0.70864
AGTCGAATTAGCGTAA-1,0.336623,0.66315,0.000114,0.000114
AGTCGACGGTCTCAAG-1,0.003043,0.270289,0.139663,0.587005
AGTCGGCCCAAACGAC-1,0.018489,0.164473,0.054584,0.762453
AGTCGGTTGCGTGAGA-1,0.000018,0.867289,0.00934,0.123352
AGTCGTATAAAGCAGA-1,0.120215,0.006909,0.21126,0.661616
AGTCGTCGACCACCAA-1,0.047831,0.709092,0.14298,0.100096
AGTCGTGGGCATTACG-1,0.15411,0.64059,0.033588,0.171713
AGTCTAAAGTATACTC-1,0.000013,0.22858,0.030174,0.741233
AGTCTCACAAGACTAC-1,0.343189,0.265225,0.27614,0.115446
AGTCTTCTCCTCAAAT-1,0.000015,0.039596,0.127359,0.83303
AGTCTTTAAAGTGTCC-1,0.123742,0.842173,0.030348,0.003737
AGTGAACAAACTTCTC-1,0.07138,0.32286,0.349963,0.255797
AGTGACCTACTTTACG-1,0.000023,0.490501,0.048526,0.46095
AGTGACTGTGACACAA-1,0.367075,0.433333,0.101866,0.097725
AGTGAGACTTCCAGTA-1,0.053585,0.107755,0.093204,0.745456
AGTGAGCCTCGCCGCC-1,0.000014,0.161795,0.120355,0.717836
AGTGAGTCGAATTAAC-1,0.084743,0.431129,0.294785,0.189343
AGTGATAACCTGCGCG-1,0.09876,0.438843,0.433449,0.028948
AGTGATATGAGTAGTT-1,0.023848,0.851862,0.063736,0.060553
AGTGATTCAAGCAGGA-1,0.005413,0.464857,0.070213,0.459517
AGTGCACGCTTAAGAA-1,0.016754,0.690596,0.180075,0.112574
AGTGCGTAGCTCGTAA-1,0.098128,0.588247,0.175073,0.138552
AGTGCTAAACACAGCA-1,0.010119,0.129732,0.454193,0.405956
AGTGCTTGCACGAATA-1,0.012958,0.345841,0.357551,0.28365
AGTGGCCCGCAAATGG-1,0.86343,0.135277,0.001202,0.00009
AGTGGCGGCAATTTGA-1,0.000015,0.31942,0.053368,0.627197
AGTGGCGTCTGAAGGT-1,0.022338,0.743393,0.191906,0.042363
AGTGTATTGCGCATTG-1,0.43995,0.00781,0.000104,0.552135
AGTTAAACACTTGCGA-1,0.094415,0.224585,0.182127,0.498873
AGTTAAGCGGTCCCGG-1,0.074847,0.743119,0.000161,0.181873
AGTTAAGTCAACCGCT-1,0.09495,0.880677,0.000129,0.024244
AGTTACTCTATCGTGG-1,0.385588,0.241612,0.00023,0.37257
AGTTATTCAGACTGTG-1,0.713057,0.286744,0.0001,0.0001
AGTTCCTACAGAATTA-1,0.049723,0.598886,0.036812,0.314579
AGTTCCTATTTATGTT-1,0.010785,0.190729,0.400902,0.397584
AGTTCTGCGTTGTATC-1,0.069571,0.629767,0.000195,0.300467
AGTTGACGGTCCTTGC-1,0.271089,0.001453,0.44983,0.277628
AGTTGGCAAGGCTAGA-1,0.045006,0.049232,0.444159,0.461603
AGTTTGCACCTGCCTC-1,0.217966,0.125536,0.515221,0.141277
AGTTTGGCACGGGTTG-1,0.01818,0.083806,0.415066,0.482948
AGTTTGGCCAGACCTA-1,0.175543,0.731943,0.032549,0.059964
ATAAACCATTGGACGG-1,0.118731,0.142994,0.085358,0.652917
ATAAACGGACCCGTAA-1,0.004195,0.223665,0.249254,0.522886
ATAAACGTTGCACCAC-1,0.259387,0.379832,0.210086,0.150695
ATAAAGGCTCGGTCGT-1,0.000017,0.872815,0.019645,0.107524
ATAAATATTAGCAGCT-1,0.078725,0.800312,0.027855,0.093108
ATAACGCCGGAGGGTC-1,0.000441,0.135187,0.023338,0.841035
ATAACGGAGTCCAACG-1,0.000063,0.214419,0.088517,0.697001
ATAAGGTGGAGAACAT-1,0.028091,0.755678,0.122525,0.093706
ATAAGTAGGATTCAGA-1,0.000016,0.009929,0.022382,0.967674
ATAAGTAGGGCGACTC-1,0.000309,0.635563,0.028349,0.335778
ATAAGTTACCGCGACG-1,0.108896,0.800454,0.047034,0.043616
ATAATAGCTGTTGAAT-1,0.12333,0.076006,0.363147,0.437517
ATAATAGTGTAGGGAC-1,0.00002,0.254874,0.045866,0.699239
ATAATCTTGGAGAACC-1,0.282612,0.212613,0.391672,0.113103
ATAATTAGCTAAGTAG-1,0.043826,0.34169,0.154028,0.460456
ATACAGGCCCTCCAAT-1,0.153228,0.006101,0.511188,0.329483
ATACCACGGGCAACTT-1,0.098358,0.653216,0.094879,0.153548
ATACCTAACCAAGAAA-1,0.086707,0.09734,0.490073,0.32588
ATACGAAGGCTTTCCA-1,0.000015,0.15803,0.045139,0.796816
ATACGAGGTTTGTAAG-1,0.708583,0.291204,0.000106,0.000106
ATACGCCGGCGAAACC-1,0.047445,0.228101,0.212584,0.51187
ATACGGGTTTCGATTG-1,0.000022,0.219795,0.018515,0.761667
ATACGTACTTAGCCAC-1,0.000026,0.931441,0.06248,0.006053
ATACGTCCACTCCTGT-1,0.058082,0.05078,0.237846,0.653291
ATACGTTATGCACGGA-1,0.214864,0.335461,0.365647,0.084027
ATACTACCCGTACCAC-1,0.06643,0.777531,0.123899,0.03214
ATACTAGCATGACCCT-1,0.000048,0.428103,0.030292,0.541557
ATACTGCCTTACACCG-1,0.299731,0.124362,0.362943,0.212964
ATAGACAACGGGACCT-1,0.000015,0.612373,0.036782,0.350831
ATAGACGAAGAGAAAG-1,0.000012,0.69625,0.078811,0.224927
ATAGAGTACTGGGACA-1,0.002083,0.204733,0.034892,0.758292
ATAGAGTTATCAACTT-1,0.001328,0.13117,0.057442,0.81006
ATAGCAACTAGGGAAG-1,0.048153,0.413882,0.342801,0.195164
ATAGCCATAACAGTCA-1,0.694483,0.283749,0.002035,0.019733
ATAGGCGGCTATAGAA-1,0.09615,0.709972,0.026715,0.167163
ATAGGCTAGCTTCGCA-1,0.000014,0.011754,0.023624,0.964608
ATAGGGATATCCTTGA-1,0.00001,0.013583,0.037566,0.948841
ATAGGTTGGGCAGATG-1,0.022662,0.254294,0.140897,0.582147
ATAGTCTTTGACGTGC-1,0.133322,0.024871,0.187867,0.65394
ATAGTGAAGCGTTCTC-1,0.000022,0.532087,0.159522,0.308369
ATAGTTCCACCCACTC-1,0.017162,0.293548,0.249311,0.439979
ATATAAAGCGCTCGTG-1,0.001938,0.697335,0.109464,0.191264
ATATAAATGTAGCTGC-1,0.042411,0.772867,0.121592,0.063131
ATATAACACGGGCGCA-1,0.082873,0.054843,0.11497,0.747314
ATATACGCTCGTGACG-1,0.081945,0.793905,0.087165,0.036984
ATATCAACCTACAGAG-1,0.000013,0.324685,0.09614,0.579163
ATATCGGTAGGGAGAT-1,0.000009,0.082309,0.045228,0.872454
ATATCGTTCCTCGAAC-1,0.080449,0.135801,0.210027,0.573723
ATATCTCCCTCGTTAA-1,0.000036,0.973735,0.000872,0.025357
ATATCTTAGGGCCTTC-1,0.087565,0.400015,0.247143,0.265276
ATATGGGATAGCAACT-1,0.331194,0.630733,0.029905,0.008168
ATATGTCTAGAGCGTG-1,0.843633,0.156142,0.000113,0.000113
ATATGTCTCCCTAGCC-1,0.016756,0.480686,0.176626,0.325931
ATATTCAGTTAAACCT-1,0.071144,0.79688,0.101439,0.030537
ATATTCCACATAGTGA-1,0.000022,0.546502,0.2766,0.176876
ATATTGCTGTCAAAGT-1,0.000012,0.009239,0.011416,0.979333
ATATTGGAGAGGCCTT-1,0.057994,0.338434,0.433153,0.170418
ATATTTAACCCTCAAG-1,0.006775,0.437878,0.095326,0.46002
ATCAAACACTGTTCCA-1,0.05098,0.392545,0.244645,0.31183
ATCAAACGAAGGTTTG-1,0.161511,0.608114,0.230302,0.000073
ATCAAAGAGCCGTGGT-1,0.91711,0.082646,0.000122,0.000122
ATCAAGATCCCAGGAC-1,0.681377,0.256238,0.001317,0.061068
ATCAATCTGGGCTGCA-1,0.076006,0.328273,0.376176,0.219545
ATCACATTAGAATATC-1,0.000017,0.316446,0.059706,0.623831
ATCACGTGCTAATTAA-1,0.121341,0.538434,0.27993,0.060295
ATCACTTCATCCTCGC-1,0.014771,0.07486,0.09668,0.813688
ATCAGACGGCACGCCG-1,0.112266,0.670447,0.124458,0.092829
ATCAGCCTCATGCTGC-1,0.14808,0.419889,0.319931,0.1121
ATCAGGTAGCTGACAG-1,0.007992,0.05567,0.136425,0.799913
ATCAGTAGGCAGGGAT-1,0.000014,0.048076,0.042177,0.909732
ATCATAGATCGACGAG-1,0.823461,0.176277,0.000131,0.000131
ATCATAGCCCTATGTA-1,0.087181,0.661615,0.19854,0.052665
ATCATCCAATATTTGT-1,0.008415,0.338166,0.177257,0.476162
ATCATGGACTACCGAC-1,0.004627,0.361681,0.022752,0.610941
ATCCAACGCAGTCATA-1,0.000018,0.457242,0.020336,0.522404
ATCCAATGGAGGGTCC-1,0.154143,0.740164,0.027419,0.078274
ATCCACATCGACAGAA-1,0.034825,0.001575,0.302706,0.660894
ATCCAGAGCAACAACC-1,0.005551,0.764823,0.120582,0.109044
ATCCAGGATTCGTGAA-1,0.062317,0.654857,0.073714,0.209112
ATCCCATTTCCGTGGG-1,0.474035,0.525745,0.00011,0.00011
ATCCGGACCAGCCTGA-1,0.026135,0.578983,0.104067,0.290815
ATCCTACCTAAGCTCT-1,0.000015,0.173341,0.192836,0.633807
ATCCTGAATCGCTGCG-1,0.125565,0.702579,0.08764,0.084216
ATCCTGCGTGGAATGG-1,0.000826,0.985966,0.013133,0.000074
ATCCTGCTGCAGATAG-1,0.421731,0.000323,0.000323,0.577624
ATCCTTCTGAAAGAAC-1,0.031315,0.381252,0.144822,0.442611
ATCGACCCAATACAGA-1,0.00557,0.763211,0.150376,0.080842
ATCGACTCTTTCCGTT-1,0.000031,0.311207,0.310631,0.378131
ATCGCACGATTGTTCA-1,0.074179,0.804649,0.000262,0.120911
ATCGCACGCCGGGAGA-1,0.008343,0.281047,0.102571,0.608039
ATCGCCAGTCAACATT-1,0.048121,0.178437,0.17935,0.594092
ATCGCCGTGGTTCATG-1,0.318757,0.621931,0.024025,0.035287
ATCGCTTTACGTCTCA-1,0.000021,0.259198,0.105846,0.634935
ATCGGAGACAGACGGC-1,0.055181,0.254003,0.191887,0.498929
ATCGGCAAGCAGTCCA-1,0.01735,0.980729,0.000166,0.001754
ATCGTGGAAAGTCTGG-1,0.260532,0.512112,0.13664,0.090716
ATCGTTAGCTAGCGGA-1,0.11438,0.487871,0.328184,0.069565
ATCTAATATCCTACGG-1,0.041849,0.533075,0.358922,0.066153
ATCTACCATCTGCTCC-1,0.396103,0.436779,0.134172,0.032947
ATCTAGCTTGTGAGGG-1,0.23055,0.368075,0.277523,0.123852
ATCTCCCACGGAATAT-1,0.249403,0.443874,0.237027,0.069697
ATCTCCCTGCAATCTA-1,0.066588,0.926977,0.000114,0.00632
ATCTCGTGAGCGAAAC-1,0.000009,0.275602,0.241898,0.482491
