Barcode,Topic 1,Topic 2,Topic 3,Topic 4,Topic 5,Topic 6,Topic 7,Topic 8to9,Topic 10,Topic 11
AAACAAGTATCTCCCA-1,0.910878,0.01236,0.000013,0.024493,0.006322,0.026043,0.019839,0.000026,0.000013,0.000013
AAACAATCTACTAGCA-1,0.046694,0.000037,0.300154,0.009596,0.003348,0.028429,0.065246,0.200948,0.269991,0.075557
AAACACCAATAACTGC-1,0.116038,0.034294,0.309046,0.001756,0.07644,0.030171,0.01092,0.041239,0.152713,0.227382
AAACAGAGCGACTCCT-1,0.000015,0.040577,0.012827,0.023296,0.283077,0.026606,0.008923,0.00309,0.061119,0.54047
AAACAGCTTTCAGAAG-1,0.002247,0.007881,0.314969,0.001489,0.233523,0.012758,0.014589,0.020601,0.006931,0.385012
AAACAGGGTCTATATT-1,0.00001,0.00001,0.144374,0.004639,0.560113,0.025623,0.167514,0.014917,0.00001,0.08279
AAACATTTCCCGGATT-1,0.813848,0.026797,0.004064,0.006445,0.013106,0.046682,0.020221,0.000788,0.015027,0.053023
AAACCACTACACAGAT-1,0.02582,0.000065,0.571299,0.007086,0.012526,0.000065,0.056851,0.293116,0.031437,0.001736
AAACCCGAACGAAATC-1,0.725448,0.008389,0.177441,0.000026,0.000026,0.000026,0.000026,0.061215,0.011018,0.016388
AAACCGGAAATGTTAA-1,0.999851,0.000015,0.000015,0.000015,0.000015,0.000015,0.000015,0.00003,0.000015,0.000015
AAACCGGGTAGGTACC-1,0.000011,0.000058,0.006951,0.448744,0.040571,0.012638,0.273609,0.197986,0.009361,0.010071
AAACCGTTCGTCCAGG-1,0.000007,0.004573,0.000007,0.379475,0.151481,0.327798,0.107137,0.027333,0.002168,0.000021
AAACCTAAGCAGCCGG-1,0.317842,0.462245,0.087041,0.013074,0.013001,0.009547,0.004676,0.017878,0.018622,0.056073
AAACCTCATGAAGTTG-1,0.000017,0.000017,0.0599,0.030688,0.126654,0.004224,0.456045,0.281839,0.006956,0.033659
AAACGAAGAACATACC-1,0.003801,0.053867,0.398659,0.000039,0.006983,0.001891,0.000039,0.128523,0.352642,0.053554
AAACGAAGATGGAGTA-1,0.006216,0.006394,0.402907,0.063282,0.07767,0.04896,0.22967,0.099579,0.037828,0.027494
AAACGACAGTCTTGCC-1,0.086086,0.04921,0.689243,0.000064,0.000064,0.000064,0.000064,0.172247,0.000064,0.002895
AAACGAGACGGTTGAT-1,0.000019,0.038377,0.004724,0.083444,0.134758,0.01701,0.010535,0.663596,0.038816,0.00872
AAACGCCCGAGATCGG-1,0.029143,0.026249,0.159553,0.059618,0.05156,0.072938,0.184424,0.090872,0.197433,0.12821
AAACGGGCGTACGGGT-1,0.787362,0.000171,0.069028,0.000025,0.000025,0.000025,0.000025,0.143288,0.000025,0.000025
AAACGGGTTGGTATCC-1,0.00006,0.00006,0.428291,0.01809,0.020368,0.014326,0.283697,0.141567,0.052904,0.040638
AAACGGTTGCGAACTG-1,0.001178,0.080441,0.012992,0.45188,0.04131,0.065332,0.013657,0.1285,0.177421,0.027289
AAACGTGTTCGCCCTA-1,0.074935,0.016204,0.468828,0.021011,0.039583,0.038059,0.119433,0.191097,0.017511,0.01334
AAACTAACGTGGCGAC-1,0.051791,0.01669,0.141023,0.229527,0.087863,0.077182,0.068223,0.037666,0.118449,0.171587
AAACTCGGTTCGCAAT-1,0.091615,0.285185,0.027675,0.025065,0.046618,0.00621,0.01972,0.470347,0.013916,0.013648
AAACTCGTGATATAAG-1,0.000015,0.000015,0.08157,0.1079,0.341624,0.030608,0.275837,0.100354,0.019836,0.042241
AAACTGCTGGCTCCAA-1,0.138369,0.143889,0.070218,0.00071,0.012206,0.000027,0.0021,0.562283,0.00498,0.065219
AAACTTAATTGCACGC-1,0.16721,0.000038,0.543796,0.000038,0.000038,0.011393,0.01432,0.244889,0.017124,0.001155
AAACTTGCAAACGTAT-1,0.004875,0.000315,0.075295,0.04539,0.046334,0.083146,0.196852,0.199269,0.204609,0.143915
AAAGACATGAAGTTTA-1,0.042684,0.000031,0.327777,0.000031,0.000031,0.000031,0.000031,0.000061,0.052721,0.576603
AAAGACCCAAGTCGCG-1,0.000015,0.023963,0.000015,0.141246,0.199516,0.105905,0.281114,0.19717,0.02315,0.027905
AAAGACTGGGCGCTTT-1,0.00001,0.00001,0.050811,0.075135,0.281941,0.01989,0.358833,0.036724,0.008469,0.168177
AAAGCTTGCCTACATA-1,0.000019,0.000019,0.223568,0.016917,0.036182,0.003144,0.074409,0.432189,0.073488,0.140065
AAAGGCCCTATAATAC-1,0.000017,0.007002,0.232637,0.015856,0.450163,0.139749,0.04985,0.084602,0.005194,0.014929
AAAGGCTACGGACCAT-1,0.00116,0.067902,0.005795,0.123776,0.035978,0.205998,0.065363,0.41205,0.055167,0.02681
AAAGGCTCTCGCGCCG-1,0.002428,0.002398,0.034452,0.021357,0.005881,0.019786,0.017331,0.886502,0.003553,0.006311
AAAGGGATGTAGCAAG-1,0.000012,0.012932,0.000012,0.669031,0.042459,0.148937,0.045554,0.076748,0.004301,0.000012
AAAGGGCAGCTTGAAT-1,0.000028,0.000028,0.227047,0.000028,0.000028,0.000028,0.01439,0.548652,0.156202,0.05357
AAAGGTAAGCTGTACC-1,0.066236,0.01369,0.115586,0.085865,0.030154,0.03991,0.233609,0.066224,0.100282,0.248445
AAAGGTCAACGACATG-1,0.000045,0.000045,0.102999,0.000045,0.066486,0.000045,0.003008,0.60921,0.001279,0.216838
AAAGTAGCATTGCTCA-1,0.166504,0.03393,0.046661,0.053883,0.024008,0.044984,0.258639,0.190709,0.076747,0.103933
AAAGTCACTGATGTAA-1,0.000361,0.047506,0.028927,0.048855,0.140468,0.078306,0.181736,0.079829,0.234899,0.159113
AAAGTCGACCCTCAGT-1,0.000008,0.000173,0.001444,0.273086,0.256095,0.01356,0.441735,0.001739,0.000476,0.011684
AAAGTGCCATCAATTA-1,0.999784,0.000022,0.000022,0.000022,0.000022,0.000022,0.000022,0.000043,0.000022,0.000022
AAAGTGTGATTTATCT-1,0.301883,0.051419,0.245141,0.082823,0.02861,0.001528,0.025476,0.203827,0.059257,0.000037
AAAGTTGACTCCCGTA-1,0.51761,0.042819,0.209661,0.000022,0.000022,0.000022,0.000022,0.002735,0.090093,0.136992
AAATAACCATACGGGA-1,0.000011,0.001601,0.006191,0.095446,0.569315,0.045904,0.157354,0.100134,0.008903,0.015141
AAATAAGGTAGTGCCC-1,0.064624,0.001649,0.110331,0.010526,0.000016,0.001561,0.011169,0.440968,0.280754,0.078403
AAATACCTATAAGCAT-1,0.286236,0.112503,0.133003,0.000028,0.000028,0.000028,0.000028,0.01373,0.250275,0.204142
AAATAGCTTAGACTTT-1,0.00443,0.122115,0.023903,0.177088,0.24239,0.015158,0.019285,0.393945,0.000995,0.000691
AAATAGGGTGCTATTG-1,0.321482,0.101591,0.323857,0.000026,0.000026,0.000026,0.000026,0.001827,0.055243,0.195897
AAATCACTCCTAAACG-1,0.000031,0.023695,0.272006,0.000032,0.132733,0.061785,0.044392,0.291973,0.078934,0.094419
AAATCCGATACACGCC-1,0.684631,0.024671,0.079023,0.004892,0.012947,0.000955,0.004075,0.133735,0.018366,0.036704
AAATCGCGGAAGGAGT-1,0.021425,0.000022,0.463239,0.061373,0.15338,0.020268,0.101232,0.113221,0.032339,0.0335
AAATCGTGTACCACAA-1,0.000016,0.114098,0.000016,0.134502,0.354048,0.018747,0.030667,0.347875,0.000016,0.000016
AAATCTAGCCCTGCTA-1,0.842779,0.04548,0.002321,0.018602,0.032594,0.015224,0.021998,0.000028,0.009794,0.011181
AAATGATTCGATCAGC-1,0.018302,0.033696,0.034834,0.033018,0.116823,0.074879,0.10459,0.219629,0.056946,0.307284
AAATGCTCGTTACGTT-1,0.000032,0.000032,0.068436,0.001081,0.017605,0.005486,0.217704,0.569652,0.040312,0.079661
AAATGGCATGTCTTGT-1,0.020965,0.031046,0.0145,0.06853,0.129112,0.059332,0.199117,0.133614,0.106463,0.237321
AAATGGCCCGTGCCCT-1,0.000015,0.000015,0.167979,0.000015,0.000527,0.028068,0.024322,0.024008,0.088845,0.666206
AAATGGTCAATGTGCC-1,0.000017,0.051227,0.000017,0.443621,0.139596,0.016081,0.017505,0.327741,0.004177,0.000017
AAATGTATCTTATCCC-1,0.074717,0.000064,0.816144,0.000064,0.000064,0.000064,0.000064,0.108692,0.000064,0.000064
AAATGTGGGTGCTCCT-1,0.058458,0.005843,0.325551,0.049376,0.038361,0.100393,0.143368,0.075482,0.119133,0.084036
AAATTAACGGGTAGCT-1,0.000011,0.085582,0.000011,0.492642,0.06391,0.035515,0.038549,0.02368,0.128504,0.131596
AAATTAATAAGCGCGA-1,0.000032,0.000032,0.373416,0.000032,0.054519,0.000032,0.001838,0.139563,0.000728,0.429807
AAATTACACGACTCTG-1,0.001822,0.025015,0.018064,0.07763,0.131198,0.172952,0.120033,0.113366,0.232551,0.107369
AAATTACCTATCGATG-1,0.000006,0.007287,0.000006,0.839423,0.009888,0.049693,0.027773,0.042335,0.023033,0.000556
AAATTCCAGGTCCAAA-1,0.049157,0.061998,0.02769,0.256225,0.058374,0.109153,0.033914,0.233732,0.09794,0.071817
AAATTGATAGTCCTTT-1,0.029029,0.001607,0.10029,0.021232,0.0115,0.015891,0.040268,0.226643,0.205083,0.348457
AAATTGCGGCGGTTCT-1,0.04364,0.013589,0.66147,0.0417,0.037191,0.000058,0.121501,0.041974,0.000058,0.038818
AAATTGGTGAGAAGCA-1,0.053337,0.013446,0.53461,0.004075,0.06608,0.323452,0.001615,0.000033,0.000017,0.003335
AAATTTACCGAAATCC-1,0.022653,0.015195,0.286143,0.157635,0.10048,0.057273,0.127015,0.08161,0.117567,0.034429
AAATTTGCGGGTGTGG-1,0.000019,0.000019,0.295714,0.01276,0.021883,0.016258,0.168592,0.439669,0.015392,0.029694
AACAACTGGTAGTTGC-1,0.009464,0.015814,0.074669,0.07846,0.015196,0.04103,0.025793,0.393098,0.260666,0.085809
AACAATACATTGTCGA-1,0.000012,0.000012,0.163955,0.420283,0.009119,0.00821,0.222872,0.157027,0.018216,0.000294
AACAATTACTCTACGC-1,0.001311,0.009733,0.012225,0.313153,0.086814,0.054533,0.353466,0.059528,0.062267,0.046971
AACACACGCTCGCCGC-1,0.954656,0.000029,0.00976,0.000029,0.000029,0.000029,0.000029,0.035378,0.000029,0.000029
AACACGACTGTACTGA-1,0.000022,0.003561,0.039545,0.004692,0.2375,0.017778,0.020356,0.152714,0.269429,0.254402
AACACGAGACGCGGCC-1,0.000016,0.002165,0.173074,0.062461,0.07708,0.012573,0.220009,0.277651,0.032687,0.142285
AACACGCGGCCGCGAA-1,0.000049,0.000049,0.385707,0.000049,0.035789,0.000049,0.000049,0.195914,0.080787,0.301558
AACAGCTGTGTGGCAA-1,0.000006,0.00936,0.004334,0.464904,0.102795,0.064914,0.203125,0.012256,0.084872,0.053433
AACAGGAAATCGAATA-1,0.000021,0.000021,0.030032,0.073089,0.01394,0.009097,0.075067,0.523756,0.19685,0.078127
AACAGGATGGGCCGCG-1,0.000013,0.018001,0.021163,0.023323,0.029377,0.538241,0.077279,0.082782,0.117553,0.092269
AACAGGTAGTATGGAT-1,0.681427,0.219905,0.017801,0.018465,0.059127,0.000024,0.003153,0.000049,0.000024,0.000024
AACATATCAACTGGTG-1,0.006494,0.016166,0.006748,0.282511,0.022604,0.043034,0.157681,0.025654,0.315277,0.12383
AACATCGATACGTCTA-1,0.000013,0.000013,0.086935,0.006904,0.807155,0.007321,0.004181,0.000026,0.00176,0.085692
AACATTGAAGTTGATC-1,0.000023,0.000023,0.082891,0.013505,0.109184,0.042527,0.104273,0.383537,0.065434,0.198603
AACATTGGTCAGCCGT-1,0.039465,0.000033,0.113826,0.023208,0.071627,0.013632,0.171835,0.18142,0.082218,0.302736
AACATTGTGACTCGAG-1,0.000018,0.01401,0.002149,0.183511,0.11302,0.089736,0.12479,0.454559,0.013728,0.004479
AACCAAGACTTCTCTG-1,0.000009,0.000009,0.053363,0.201021,0.06917,0.020986,0.543315,0.072544,0.009962,0.02962
AACCAGTATCACTCTT-1,0.017323,0.019722,0.23528,0.093309,0.113946,0.076544,0.202335,0.089372,0.079603,0.072565
AACCATAGGGTTGAAC-1,0.031512,0.048542,0.763211,0.000041,0.000041,0.011947,0.000041,0.050066,0.08366,0.010938
AACCATGGGATCGCTA-1,0.000011,0.000011,0.006491,0.303528,0.142959,0.074507,0.288976,0.14184,0.030774,0.010904
AACCCAGAGACGGAGA-1,0.000012,0.013153,0.000316,0.250964,0.06062,0.066461,0.346714,0.178169,0.060541,0.023051
AACCCATCCCATGATC-1,0.000014,0.000014,0.165381,0.001014,0.460635,0.044776,0.035114,0.05969,0.002254,0.231107
AACCCGACAACCCGTG-1,0.000017,0.001555,0.030995,0.11417,0.013119,0.014677,0.267268,0.308962,0.190065,0.059172
AACCCGAGCAGAATCG-1,0.958032,0.000023,0.003634,0.003902,0.034268,0.000023,0.000023,0.000047,0.000023,0.000023
AACCCTACTGTCAATA-1,0.113425,0.183367,0.067816,0.125007,0.184582,0.013718,0.010871,0.274683,0.021995,0.004537
AACCCTGGTGGAACCA-1,0.00003,0.002064,0.204443,0.00003,0.045632,0.002872,0.008952,0.458423,0.113291,0.164263
AACCGAGCTTGGTCAT-1,0.000025,0.003443,0.10318,0.02993,0.031231,0.150144,0.044482,0.568552,0.065754,0.003259
AACCGCTAAGGGATGC-1,0.511788,0.416589,0.000013,0.024658,0.008969,0.021246,0.016681,0.000027,0.000013,0.000013
AACCGTTGTGTTTGCT-1,0.000022,0.000022,0.029812,0.151086,0.128548,0.029663,0.166758,0.407849,0.022001,0.064239
AACCTAAAGCCGTCCG-1,0.000036,0.000036,0.211843,0.000036,0.063578,0.011941,0.064987,0.426802,0.093251,0.127489
AACCTCGCTTTAGCCC-1,0.345593,0.045955,0.259363,0.05389,0.040333,0.006678,0.002579,0.087829,0.061543,0.096237
AACCTGTCACGGAATT-1,0.014833,0.025012,0.069049,0.015317,0.010749,0.001996,0.001121,0.860708,0.001182,0.000033
AACCTTTAAATACGGT-1,0.032188,0.172253,0.14123,0.000031,0.002725,0.000031,0.000031,0.490921,0.080679,0.079911
AACCTTTACGACGTCT-1,0.000023,0.018834,0.031947,0.037382,0.126259,0.038084,0.10032,0.249424,0.104704,0.293022
AACGAAAGTCGTCCCA-1,0.069338,0.024982,0.575058,0.006091,0.094002,0.045882,0.050958,0.100846,0.008955,0.023888
AACGATAATGCCGTAG-1,0.015621,0.48935,0.018828,0.230637,0.064641,0.035974,0.025287,0.111579,0.007767,0.000317
AACGATAGAAGGGCCG-1,0.041077,0.09537,0.022427,0.163678,0.024577,0.088002,0.12324,0.207427,0.14507,0.089132
AACGATATGTCAACTG-1,0.00002,0.021485,0.069428,0.001639,0.00002,0.008777,0.001221,0.248508,0.43664,0.212262
AACGCATGATCTGGGT-1,0.000031,0.000031,0.149985,0.003133,0.017311,0.061315,0.042575,0.547254,0.027659,0.150706
AACGCGAACGGCAACA-1,0.000088,0.000088,0.534078,0.000088,0.000088,0.000088,0.000088,0.465222,0.000088,0.000088
AACGCGACCTTGGGCG-1,0.04264,0.040661,0.022069,0.32152,0.043279,0.173101,0.024824,0.239364,0.084796,0.007747
AACGCGGTCTCCAGCC-1,0.000044,0.000044,0.086182,0.003575,0.003401,0.001733,0.021792,0.72594,0.080538,0.076752
AACGCTGTTGCTGAAA-1,0.658098,0.047134,0.040786,0.043235,0.00865,0.106713,0.042865,0.041006,0.002366,0.009146
AACGGACGTACGTATA-1,0.994035,0.005789,0.00002,0.00002,0.00002,0.00002,0.00002,0.000039,0.00002,0.00002
AACGGCCATCTCCGGT-1,0.000007,0.017209,0.000007,0.313977,0.07746,0.4814,0.049399,0.036479,0.018453,0.005608
AACGTACTGTGGGTAC-1,0.013406,0.146552,0.013424,0.272513,0.064785,0.151436,0.071428,0.100867,0.111367,0.054222
AACGTAGTCTACCCAT-1,0.002652,0.005338,0.38656,0.047032,0.056089,0.033046,0.104854,0.283169,0.071459,0.009801
AACGTCAGACTAGTGG-1,0.000013,0.003513,0.006198,0.34498,0.028382,0.087592,0.183827,0.155935,0.160338,0.029222
AACGTGATGAAGGACA-1,0.02326,0.00003,0.886605,0.00003,0.00003,0.00003,0.00003,0.00006,0.077845,0.012079
AACGTGCGAAAGTCTC-1,0.05987,0.072596,0.075025,0.00003,0.00003,0.000579,0.00003,0.678052,0.068904,0.044884
AACGTTATCAGCACCT-1,0.000015,0.000015,0.032207,0.049157,0.491291,0.011449,0.310822,0.04022,0.002905,0.06192
AACTACCCGTTTGTCA-1,0.68257,0.102172,0.003063,0.04686,0.00433,0.016523,0.002271,0.00003,0.033218,0.108963
AACTAGCGTATCGCAC-1,0.056093,0.000111,0.453787,0.000111,0.000111,0.000111,0.000111,0.489345,0.000111,0.000111
AACTAGGCTTGGGTGT-1,0.050432,0.185694,0.020043,0.113428,0.073205,0.107188,0.049396,0.365692,0.01714,0.017782
AACTCAAGTTAATTGC-1,0.003653,0.076018,0.000011,0.521178,0.032408,0.127543,0.0416,0.152505,0.031166,0.013918
AACTCCAGAGCGTGTT-1,0.559897,0.196114,0.043123,0.033392,0.043536,0.057937,0.041014,0.018026,0.000273,0.006688
AACTCCTAATCCCATG-1,0.000025,0.013419,0.187574,0.001203,0.017333,0.051983,0.039834,0.368018,0.14802,0.17259
AACTCGATGGCGCAGT-1,0.000018,0.000018,0.002242,0.068283,0.323894,0.066747,0.209459,0.170564,0.060391,0.098385
AACTCTCAATAGAGCG-1,0.014332,0.038271,0.017426,0.106352,0.020571,0.211355,0.009535,0.558449,0.021664,0.002044
AACTCTCAGTGTGCTC-1,0.000016,0.02801,0.156603,0.055862,0.159156,0.208763,0.077428,0.184088,0.052156,0.077918
AACTGAGGTCAGCGTC-1,0.042805,0.002044,0.13456,0.170173,0.114316,0.080452,0.090541,0.052229,0.185291,0.12759
AACTGAGTTATACTGA-1,0.999782,0.000022,0.000022,0.000022,0.000022,0.000022,0.000022,0.000044,0.000022,0.000022
AACTGATATTAGGCCT-1,0.003914,0.007249,0.040121,0.020473,0.000025,0.000323,0.005735,0.262308,0.474815,0.185037
AACTGGGTCCCGACGT-1,0.000015,0.007948,0.000872,0.364634,0.034452,0.049505,0.173628,0.229547,0.124964,0.014435
AACTGGGTTCGAGCCG-1,0.013378,0.008818,0.309594,0.056945,0.029603,0.088901,0.059399,0.150781,0.150063,0.132517
AACTGGTGTGGGCCTT-1,0.00002,0.05437,0.154302,0.02279,0.170683,0.267368,0.008183,0.006263,0.07137,0.244653
AACTTCTGCGTCTATC-1,0.000021,0.000021,0.033651,0.054159,0.015415,0.4136,0.170828,0.026475,0.075105,0.210725
AACTTGCCCGTATGCA-1,0.000011,0.000011,0.018451,0.230531,0.005312,0.291835,0.154211,0.077056,0.200535,0.022048
AACTTGCGTTCTCGCG-1,0.000048,0.009648,0.129364,0.000048,0.001404,0.062254,0.000048,0.040932,0.234363,0.521892
AACTTTACGGGAGCTT-1,0.000019,0.000019,0.219189,0.00154,0.304858,0.002444,0.069337,0.096751,0.003111,0.302733
AACTTTAGCTGCTGAG-1,0.000068,0.0738,0.570408,0.000068,0.000068,0.00772,0.000068,0.222239,0.083707,0.041854
AACTTTCTCGATCATG-1,0.003976,0.00002,0.110591,0.027097,0.195599,0.255932,0.108744,0.050466,0.021403,0.226171
AAGAAATCACCAGATT-1,0.000025,0.000025,0.167361,0.000025,0.163457,0.015608,0.015984,0.208932,0.044623,0.38396
AAGAAGGATCAGTTAG-1,0.00001,0.016968,0.00001,0.215292,0.282404,0.026542,0.242478,0.002074,0.027512,0.186711
AAGACATACGTGGTTT-1,0.695946,0.030574,0.036495,0.056017,0.001978,0.003524,0.017392,0.118692,0.038376,0.001006
AAGACCAAATAACTCA-1,0.031504,0.002112,0.487168,0.08126,0.244731,0.018892,0.107111,0.012524,0.003041,0.011657
AAGACCCAACTGAACA-1,0.000022,0.003983,0.017341,0.181888,0.005723,0.059375,0.00823,0.700848,0.022569,0.000022
AAGACTAACCCGTTGT-1,0.000047,0.009683,0.665285,0.000047,0.008326,0.2191,0.000047,0.097371,0.000047,0.000047
AAGACTCACGCCCACT-1,0.040278,0.000053,0.505746,0.002154,0.040792,0.000053,0.033381,0.299907,0.017955,0.059681
AAGACTGCAAGCTACT-1,0.002792,0.144123,0.023633,0.061653,0.074999,0.006156,0.021251,0.657842,0.00436,0.00319
AAGAGATGAATCGGTA-1,0.003106,0.000021,0.049754,0.07162,0.015045,0.0223,0.082513,0.578721,0.150232,0.026687
AAGAGCTCTTTATCGG-1,0.001931,0.068216,0.025903,0.044562,0.049641,0.00772,0.053936,0.640667,0.05283,0.054595
AAGAGGATGTACGCGA-1,0.000016,0.00921,0.075854,0.126668,0.00083,0.008344,0.049429,0.099104,0.464631,0.165914
AAGAGGCATGGATCGC-1,0.004084,0.323971,0.008282,0.140077,0.202289,0.116891,0.03241,0.119526,0.036108,0.016363
AAGAGGCCCTTTGGAA-1,0.607856,0.185907,0.000018,0.045276,0.149891,0.004499,0.006481,0.000036,0.000018,0.000018
AAGATGGCACCGGACC-1,0.030334,0.00512,0.010216,0.085594,0.008342,0.375602,0.083362,0.194371,0.187349,0.019711
AAGATTGGCGGAACGT-1,0.004236,0.015736,0.005491,0.096795,0.094695,0.058595,0.077948,0.448809,0.17975,0.017945
AAGCACCCTGCGTATC-1,0.063173,0.366108,0.024326,0.18059,0.043834,0.025354,0.02545,0.15466,0.060454,0.056051
AAGCATACTCTCCTGA-1,0.066573,0.101387,0.150098,0.000028,0.013741,0.000028,0.000028,0.510521,0.018283,0.139313
AAGCCGAAGCGGTTTA-1,0.938168,0.025719,0.000021,0.000021,0.000021,0.033659,0.002305,0.000043,0.000021,0.000021
AAGCCGCCGTGAAATC-1,0.000013,0.002279,0.011903,0.054233,0.653477,0.007995,0.071078,0.022544,0.035792,0.140687
AAGCCGCTTTACCTTG-1,0.000024,0.042382,0.243616,0.000024,0.006799,0.000024,0.000024,0.008197,0.032344,0.666567
AAGCCGGAGAGCAGGA-1,0.997898,0.001875,0.000025,0.000025,0.000025,0.000025,0.000025,0.00005,0.000025,0.000025
AAGCGCAGGGCTTTGA-1,0.264939,0.184076,0.086419,0.04828,0.047404,0.047293,0.020339,0.231279,0.051847,0.018122
AAGCGGCGTCATGGGT-1,0.000018,0.020903,0.257877,0.169946,0.106736,0.034564,0.127418,0.145378,0.076341,0.060819
AAGCGTCCCTCATCGA-1,0.000018,0.000018,0.01984,0.1408,0.007334,0.030876,0.291381,0.474662,0.024278,0.010793
AAGCTAGATCGAGTAA-1,0.024764,0.128664,0.008942,0.043956,0.047339,0.523857,0.061355,0.156268,0.002305,0.002549
AAGCTCGTGCCAAGTC-1,0.06857,0.099676,0.003873,0.007895,0.060917,0.01002,0.012025,0.729633,0.007086,0.000306
AAGCTCTTTCATGGTG-1,0.440181,0.031554,0.280335,0.000039,0.000039,0.000039,0.000039,0.240979,0.000039,0.006758
AAGGAGAACTTATAAG-1,0.041015,0.025142,0.198256,0.029924,0.018167,0.024108,0.050891,0.167992,0.410538,0.033967
AAGGAGCGGTTGGTGC-1,0.00002,0.062924,0.049755,0.241215,0.033878,0.074032,0.029349,0.177255,0.130587,0.200985
AAGGATCGATCGCTTG-1,0.105903,0.164322,0.012374,0.069776,0.068684,0.014174,0.039602,0.509557,0.004943,0.010665
AAGGATGAGGGACCTC-1,0.000013,0.000013,0.000013,0.416202,0.037698,0.153313,0.090538,0.298017,0.00418,0.000013
AAGGCAGGCTGTCTCC-1,0.001793,0.176818,0.088552,0.273515,0.155363,0.075222,0.023966,0.024927,0.052992,0.126851
AAGGCGCGTAAAGCTT-1,0.099764,0.016651,0.002811,0.07748,0.034939,0.046164,0.151991,0.523967,0.023218,0.023015
AAGGCTGTGCTCATCG-1,0.051256,0.029061,0.084715,0.059919,0.004142,0.077242,0.06136,0.406184,0.158692,0.067429
AAGGGAACGACTGGCT-1,0.000035,0.000035,0.340941,0.000035,0.049866,0.002584,0.01831,0.490641,0.000036,0.097519
AAGGGACAGATTCTGT-1,0.003445,0.019208,0.006184,0.069469,0.009349,0.063971,0.029499,0.286298,0.48151,0.031067
AAGGGACTATGCATTC-1,0.00001,0.01317,0.009023,0.310332,0.223059,0.079982,0.161754,0.016751,0.091128,0.094791
AAGGTATCCTAATATA-1,0.000012,0.013318,0.000012,0.42692,0.038548,0.231969,0.063766,0.157262,0.060263,0.00793
AAGGTGATAAACCAGC-1,0.915302,0.015369,0.000024,0.000024,0.000024,0.000024,0.000024,0.069158,0.000024,0.000024
AAGTAAGCTTCCAAAC-1,0.000146,0.000146,0.809675,0.000146,0.000146,0.000146,0.000146,0.189158,0.000146,0.000146
AAGTAGAAGACCGGGT-1,0.000016,0.001272,0.000507,0.107347,0.003536,0.068903,0.138942,0.380524,0.233823,0.065129
AAGTAGTGACGCGAGG-1,0.000018,0.006719,0.078918,0.052647,0.073359,0.087001,0.034041,0.316189,0.161531,0.189576
AAGTCAATTGTCGTCA-1,0.869702,0.064557,0.00002,0.000691,0.00002,0.001743,0.018741,0.044413,0.000094,0.00002
AAGTCTAGTAGCTGCC-1,0.00001,0.00001,0.000011,0.043071,0.779178,0.010251,0.127148,0.003995,0.000342,0.035985
AAGTCTTCTGTGGCCT-1,0.000031,0.000031,0.998286,0.000031,0.000031,0.000031,0.000031,0.001467,0.000031,0.000031
AAGTGACGACCGAATT-1,0.000017,0.000017,0.1249,0.03348,0.005374,0.000787,0.039484,0.486871,0.147474,0.161597
AAGTGAGTCGGGTTTA-1,0.017483,0.045754,0.005595,0.254118,0.097999,0.253884,0.103023,0.149723,0.059846,0.012575
AAGTGCAAAGGTAGAC-1,0.000015,0.000021,0.068763,0.049787,0.348405,0.028051,0.271897,0.061776,0.008904,0.162381
AAGTGCCTTGACTGTA-1,0.783308,0.000041,0.153064,0.000041,0.000041,0.000041,0.000041,0.057785,0.000995,0.004641
AAGTGCGTTAGAATCT-1,0.006812,0.000739,0.31457,0.185001,0.05312,0.087703,0.157463,0.153493,0.035359,0.00574
AAGTGCTTCTCTATTG-1,0.040832,0.002269,0.151611,0.052909,0.058512,0.021899,0.079119,0.42496,0.071567,0.096322
AAGTGTTTGGAGACGG-1,0.50522,0.00005,0.17577,0.00005,0.00005,0.00005,0.00005,0.307432,0.01128,0.00005
AAGTTCACTCCAAGCT-1,0.550705,0.004056,0.197972,0.000027,0.000027,0.000027,0.000027,0.000054,0.02077,0.226335
AAGTTCAGTCTGCGTA-1,0.000019,0.030608,0.101916,0.086302,0.29504,0.049947,0.048472,0.023313,0.14909,0.215294
AAGTTCGGCCAACAGG-1,0.011424,0.034174,0.035799,0.047684,0.023584,0.158655,0.12296,0.24953,0.201375,0.114816
AAGTTGTGATGTTATA-1,0.81369,0.014903,0.026144,0.000042,0.000042,0.000042,0.000042,0.143503,0.001547,0.000042
AAGTTTACTAATGGCA-1,0.000061,0.070369,0.56403,0.025534,0.040301,0.172378,0.000061,0.10227,0.024934,0.000061
AAGTTTATGGGCCCAA-1,0.384076,0.088027,0.104269,0.003006,0.021398,0.000028,0.001768,0.392169,0.00523,0.000028
AATAACAACGCTCGGC-1,0.000005,0.000005,0.004902,0.639916,0.035164,0.015695,0.185735,0.059439,0.045924,0.013215
AATAACACTAGAACAA-1,0.000007,0.010312,0.000472,0.371936,0.268705,0.145036,0.086003,0.115049,0.002471,0.000007
AATAAGTCCTCGAGAC-1,0.000056,0.000056,0.609641,0.030201,0.013843,0.054381,0.002831,0.231309,0.057626,0.000056
AATAATCTTCGTATCG-1,0.980966,0.000021,0.018843,0.000021,0.000021,0.000021,0.000021,0.000042,0.000021,0.000021
AATACAATGTTTCAGG-1,0.000031,0.000031,0.081282,0.01978,0.000692,0.000031,0.119296,0.401998,0.074113,0.302746
AATACCGGAGGGCTGT-1,0.000009,0.000373,0.000009,0.411261,0.213757,0.039666,0.231632,0.036933,0.027204,0.039155
AATAGAACAGAGTGGC-1,0.049533,0.014649,0.00001,0.717856,0.000478,0.010849,0.039185,0.116206,0.051016,0.000218
AATAGAATCTGTTTCA-1,0.713266,0.011632,0.216184,0.00005,0.00005,0.00005,0.00005,0.058618,0.00005,0.00005
AATAGCAAGCCTCCTG-1,0.05162,0.015397,0.170314,0.20529,0.096999,0.091452,0.109109,0.023158,0.128521,0.10814
AATAGCTACCGCGTGC-1,0.000018,0.000018,0.0213,0.007812,0.395347,0.005588,0.101188,0.235869,0.021424,0.211435
AATAGTCCGTCCCGAC-1,0.007735,0.028929,0.013365,0.244602,0.014952,0.036131,0.005133,0.537012,0.098001,0.01414
AATAGTCGCGAGTCGG-1,0.000015,0.000015,0.079329,0.002538,0.535582,0.010578,0.119296,0.030024,0.00111,0.221512
AATATCAAGGTCGGAT-1,0.000018,0.003859,0.002176,0.080631,0.232041,0.325451,0.206089,0.128432,0.006535,0.014768
AATATCCTAGCAAACT-1,0.043146,0.000028,0.861852,0.000028,0.004071,0.006206,0.037642,0.032978,0.003404,0.010645
AATATCGAATCAATGC-1,0.940018,0.000022,0.026089,0.000022,0.000022,0.000022,0.000022,0.033742,0.000022,0.000022
AATATCGAGGGTTCTC-1,0.000017,0.000017,0.027204,0.04793,0.000103,0.539841,0.099438,0.095673,0.11627,0.073506
AATATTGGAGTATTGA-1,0.000015,0.000015,0.025497,0.156478,0.09133,0.022984,0.400505,0.03593,0.110826,0.156419
AATCAGACTGCAGGAC-1,0.000097,0.000097,0.708075,0.000097,0.000097,0.000097,0.000097,0.233571,0.057678,0.000097
AATCAGGTTTCATTTA-1,0.020469,0.000176,0.368213,0.013872,0.071046,0.035025,0.15074,0.322564,0.009829,0.008066
AATCATGTAAAGACTC-1,0.90136,0.000043,0.08039,0.000043,0.000043,0.000043,0.000043,0.017947,0.000043,0.000043
AATCCAAGGGCCTGAG-1,0.000018,0.000018,0.034179,0.057671,0.030461,0.032264,0.146892,0.191432,0.392696,0.114369
AATCCATGCAAGGGTG-1,0.000054,0.000054,0.362502,0.000054,0.054583,0.000054,0.000054,0.564816,0.000054,0.017776
AATCGCCTCAGCGCCA-1,0.351477,0.02234,0.029569,0.000033,0.000033,0.000033,0.000033,0.517649,0.039921,0.038913
AATCGCGCAGAGGACT-1,0.12471,0.029348,0.183292,0.000036,0.008282,0.000036,0.001527,0.625463,0.006358,0.020949
AATCGGGACACTACGA-1,0.000019,0.015208,0.081021,0.094335,0.383858,0.072899,0.016417,0.058724,0.120449,0.15707
AATCGTGAGCCGAGCA-1,0.698111,0.021589,0.031803,0.000035,0.000035,0.000035,0.000035,0.240968,0.007353,0.000035
AATCTAGGTTTACTTG-1,0.000017,0.000017,0.067273,0.001312,0.328386,0.000409,0.187294,0.035385,0.000017,0.379889
AATCTATGCCGGAGCC-1,0.000718,0.004485,0.189574,0.126004,0.129998,0.025652,0.193364,0.240246,0.039553,0.050406
AATCTCTACTGTGGTT-1,0.000017,0.000017,0.322296,0.016253,0.11155,0.004733,0.024625,0.000033,0.006032,0.514445
AATCTGCGTTGGGACG-1,0.014267,0.036609,0.042864,0.036138,0.004876,0.096204,0.027599,0.532561,0.135437,0.073445
AATCTGGCTTTCTAGT-1,0.000018,0.000018,0.279584,0.000018,0.037934,0.000686,0.059642,0.107003,0.000359,0.514737
AATCTGGGTAGACCCT-1,0.060789,0.000025,0.606217,0.065373,0.196177,0.03177,0.031757,0.005826,0.002041,0.000025
AATGACAGCAATGTCT-1,0.012657,0.01359,0.010651,0.329526,0.036504,0.035785,0.270041,0.064314,0.168135,0.058798
AATGACGTAGGATGTC-1,0.523157,0.04737,0.246767,0.000035,0.000035,0.000035,0.000035,0.019129,0.15813,0.005305
AATGACTGTCAGCCGG-1,0.000019,0.007533,0.019685,0.147775,0.023399,0.088705,0.093697,0.404725,0.127093,0.08737
AATGAGTTCGCATATG-1,0.000029,0.01427,0.000029,0.150419,0.227606,0.017053,0.274735,0.036297,0.076452,0.20311
AATGATGATACGCTAT-1,0.000031,0.000031,0.120419,0.000031,0.000031,0.000031,0.000031,0.36186,0.45722,0.060315
AATGATGCGACTCCTG-1,0.014544,0.035081,0.008279,0.077973,0.013688,0.048152,0.054717,0.084229,0.476422,0.186916
AATGCAACCGGGTACC-1,0.000018,0.001122,0.001632,0.45302,0.002678,0.026143,0.075976,0.315461,0.120437,0.003512
AATGCACCAAGCAATG-1,0.000022,0.000022,0.047739,0.01854,0.061876,0.040921,0.070647,0.5482,0.140689,0.071344
AATGGCCGCCAATGCG-1,0.025695,0.012744,0.539416,0.069025,0.089897,0.038673,0.045844,0.174654,0.00334,0.000712
AATGGTCCACCGTTCA-1,0.000016,0.000016,0.128815,0.088905,0.075905,0.137382,0.455213,0.0768,0.005032,0.031915
AATGGTTCTCACAAGC-1,0.00002,0.00002,0.012621,0.030757,0.006612,0.013315,0.06984,0.319526,0.400531,0.14676
AATGTATGGCACTGTA-1,0.025813,0.005964,0.377749,0.028516,0.11811,0.075968,0.143645,0.071127,0.075732,0.077376
AATGTGCCCGAGGTGT-1,0.000012,0.001884,0.082691,0.139278,0.112021,0.053602,0.238024,0.205376,0.083322,0.08379
AATGTGCTAATCTGAG-1,0.000011,0.009582,0.000166,0.284315,0.202039,0.172295,0.2853,0.03633,0.007428,0.002533
AATGTTGTCGTGAGAC-1,0.839453,0.041004,0.024359,0.000033,0.000033,0.000033,0.000033,0.094988,0.000033,0.000033
AATTAAAGGTCGGCGT-1,0.00002,0.110432,0.012322,0.140417,0.029189,0.02252,0.011584,0.332557,0.182635,0.158324
AATTAACGGATTTCCA-1,0.001197,0.323261,0.004319,0.244382,0.088328,0.014863,0.04788,0.123669,0.052951,0.099149
AATTACGAGACCCATC-1,0.014195,0.002519,0.418635,0.036764,0.138008,0.117506,0.20413,0.0237,0.009719,0.034826
AATTAGCGCTGCAGCG-1,0.00147,0.134539,0.028644,0.010801,0.111558,0.012309,0.008788,0.671809,0.016356,0.003725
AATTCATAAGGGATCT-1,0.000887,0.13291,0.017834,0.133718,0.100106,0.141813,0.155882,0.111374,0.1728,0.032677
AATTCATTGTCATGCA-1,0.021204,0.008065,0.315838,0.045334,0.123829,0.100285,0.086515,0.055655,0.122651,0.120624
AATTCCAAGCATGTAC-1,0.000013,0.0597,0.000013,0.567998,0.100721,0.083861,0.026337,0.137386,0.021062,0.002909
AATTCGATTCGAGGAT-1,0.092999,0.086366,0.400945,0.0113,0.077361,0.000042,0.000042,0.330859,0.000042,0.000042
AATTCTAGAGTTAGGC-1,0.000036,0.034377,0.000036,0.071384,0.094278,0.000131,0.013719,0.763098,0.003086,0.019856
AATTGAACGCTCTGGT-1,0.499177,0.141071,0.000021,0.001007,0.071413,0.006811,0.033932,0.246525,0.000021,0.000021
AATTGCAGCAATCGAC-1,0.951887,0.000085,0.017806,0.000023,0.000023,0.000023,0.000023,0.000177,0.023631,0.006323
AATTGCGTGGATTACA-1,0.024389,0.011898,0.361956,0.079883,0.127454,0.105032,0.100796,0.06409,0.05681,0.067692
AATTGTGGTTGCCAAA-1,0.83604,0.039093,0.001882,0.065379,0.015603,0.000026,0.014003,0.027923,0.000026,0.000026
AATTTGGGACATAGTA-1,0.000029,0.001017,0.031591,0.001169,0.143797,0.003819,0.01722,0.185297,0.139584,0.476476
AATTTGGTTCCAAAGA-1,0.000012,0.000231,0.000012,0.288412,0.267591,0.027304,0.306534,0.09894,0.00764,0.003323
ACAAACCATGCGTCCT-1,0.009674,0.02213,0.493653,0.000037,0.011011,0.048631,0.002894,0.354832,0.01707,0.040069
ACAAACCGACAAGGCG-1,0.000058,0.000058,0.319986,0.000058,0.121022,0.000058,0.000058,0.473693,0.01622,0.068788
ACAAAGAAGGTAGGCC-1,0.000028,0.000028,0.800448,0.000028,0.00358,0.027141,0.017377,0.141993,0.000028,0.00935
ACAAAGCATGACCTAG-1,0.500886,0.113533,0.212294,0.00002,0.019906,0.009653,0.00002,0.000041,0.004588,0.139058
ACAAATCGCACCGAAT-1,0.194418,0.074638,0.00001,0.221423,0.000021,0.507827,0.00119,0.000211,0.000252,0.00001
ACAAATGGTAGTGTTT-1,0.87921,0.029659,0.000017,0.000017,0.000017,0.000017,0.000017,0.066062,0.023863,0.001123
ACAAATTCAGATCTGA-1,0.023091,0.032814,0.086774,0.09947,0.106451,0.04332,0.212272,0.072962,0.169869,0.152979
ACAACAGCATGAGCTA-1,0.000012,0.109156,0.000012,0.400924,0.252894,0.011736,0.025365,0.191363,0.006278,0.002262
ACAACGGTCCCTGCGA-1,0.032835,0.050536,0.000026,0.310807,0.022886,0.042668,0.361418,0.056705,0.074969,0.04715
ACAAGCAGTGCCTAGC-1,0.000011,0.001769,0.002772,0.421716,0.013118,0.031244,0.182181,0.022382,0.17797,0.146837
ACAAGCTATATGGAAG-1,0.033043,0.000033,0.938111,0.000033,0.000033,0.000033,0.000033,0.000066,0.006215,0.022402
ACAAGGAAATCCGCCC-1,0.112508,0.277618,0.277622,0.00568,0.002992,0.005064,0.00002,0.001846,0.076813,0.239838
ACAAGGACAAGAGGTT-1,0.000009,0.030905,0.01034,0.437076,0.095008,0.169471,0.059245,0.189585,0.006211,0.002151
ACAAGGATGCTTTAGG-1,0.497351,0.18426,0.20908,0.006543,0.004401,0.00775,0.000047,0.013273,0.028446,0.04885
ACAAGGCCTACCAGCC-1,0.021376,0.02754,0.233083,0.102469,0.080457,0.071268,0.103327,0.068449,0.147119,0.144911
ACAAGGGCAGGCTCTG-1,0.51167,0.186517,0.017671,0.000026,0.000026,0.0027,0.000026,0.218182,0.04369,0.019491
ACAATAGTCGTACGTT-1,0.000023,0.000023,0.101048,0.002038,0.012424,0.007772,0.213174,0.332355,0.020328,0.310815
ACAATCCATTTAAACC-1,0.000009,0.054225,0.001628,0.23176,0.058345,0.275011,0.046578,0.030904,0.202801,0.098738
ACAATCGATCTTTATA-1,0.038398,0.013751,0.299318,0.014915,0.024503,0.060359,0.11744,0.138768,0.185266,0.107284
ACAATGAATACGGAGA-1,0.00002,0.00002,0.027474,0.018878,0.011001,0.013176,0.13875,0.570349,0.084289,0.136044
ACAATGATTCTTCTAC-1,0.046158,0.017731,0.164075,0.142415,0.102913,0.083578,0.156717,0.061147,0.095062,0.130204
ACAATTGTGTCTCTTT-1,0.939011,0.003544,0.000024,0.000024,0.000024,0.000024,0.000024,0.057278,0.000024,0.000024
ACAATTTAGGAGGCTC-1,0.000014,0.000014,0.122611,0.021551,0.513931,0.017393,0.09968,0.001858,0.011977,0.210969
ACAATTTGAGCAGTGG-1,0.045248,0.132336,0.030757,0.079572,0.019429,0.060704,0.027034,0.160591,0.34591,0.098421
ACAATTTGGCCATATT-1,0.00042,0.2246,0.000222,0.274046,0.371196,0.03624,0.05964,0.027418,0.000014,0.006203
ACACAAAGACGGGTGG-1,0.000021,0.060993,0.002737,0.355844,0.074586,0.142101,0.031155,0.325429,0.007111,0.000021
ACACAAATATTCCTAG-1,0.059735,0.052376,0.527887,0.13884,0.106349,0.016145,0.017745,0.07001,0.010886,0.000027
ACACACCAGGACCAGT-1,0.69946,0.01427,0.07953,0.000023,0.000023,0.000023,0.000023,0.000045,0.105979,0.100625
ACACACTTTCTACACG-1,0.000009,0.000009,0.000009,0.517357,0.175448,0.013123,0.268601,0.014918,0.00464,0.005886
ACACATGATCAAATCT-1,0.000014,0.000014,0.059788,0.005725,0.607076,0.050214,0.078646,0.032008,0.006852,0.159664
ACACCACATAATTAGC-1,0.004724,0.000453,0.07829,0.084353,0.005601,0.005683,0.130409,0.272058,0.237383,0.181046
ACACCCAGCATGCAGC-1,0.000011,0.004616,0.000011,0.601838,0.024185,0.099693,0.139495,0.077857,0.049727,0.002566
ACACCCGAGAAATCCG-1,0.000011,0.000011,0.000849,0.161708,0.001866,0.476415,0.163934,0.116892,0.075644,0.002671
ACACCCGTAAATCTGT-1,0.001584,0.013811,0.064672,0.046113,0.447571,0.037651,0.050323,0.131993,0.109708,0.096574
ACACCGAGCGCTCTTT-1,0.095876,0.000091,0.819309,0.000091,0.084083,0.000091,0.000091,0.000183,0.000091,0.000091
ACACCGGTCTGACCGC-1,0.000031,0.000031,0.491773,0.000031,0.036047,0.065535,0.010717,0.264056,0.076439,0.055339
ACACCTTAAGTAGGGC-1,0.000012,0.00469,0.000012,0.458674,0.079357,0.148982,0.128069,0.178725,0.001467,0.000012
ACACCTTACTACTTGC-1,0.029691,0.25222,0.000009,0.430002,0.246548,0.010748,0.027462,0.003302,0.000009,0.000009
ACACGAGACTCCTTCT-1,0.000019,0.024032,0.000019,0.25375,0.137683,0.014532,0.048652,0.497802,0.017562,0.005948
ACACGGCACTATGCAT-1,0.001719,0.000034,0.52597,0.000034,0.000034,0.000034,0.000034,0.000068,0.232913,0.239159
ACACGGGAACTTAGGG-1,0.073772,0.031542,0.025055,0.067085,0.010384,0.047137,0.034655,0.639735,0.044022,0.026612
ACACGTAGGCCACAAG-1,0.999825,0.000017,0.000017,0.000017,0.000017,0.000017,0.000017,0.000035,0.000017,0.000017
ACACTCCAATGTCACT-1,0.00002,0.009838,0.041386,0.127535,0.279801,0.130734,0.302048,0.056931,0.023454,0.028252
ACACTGATCAAGGTGT-1,0.161438,0.035517,0.01998,0.015493,0.001534,0.019646,0.004009,0.650772,0.085651,0.005959
ACACTGGGACAGTCGT-1,0.991565,0.000024,0.008215,0.000024,0.000024,0.000024,0.000024,0.000049,0.000024,0.000024
ACAGAACTGAGAACAA-1,0.000013,0.000457,0.022674,0.063906,0.122721,0.01089,0.373121,0.156549,0.022801,0.226868
ACAGATTAGGTTAGTG-1,0.000026,0.002663,0.109501,0.013221,0.481344,0.022594,0.049793,0.109179,0.090398,0.121281
ACAGCATAGAGCCAGT-1,0.00001,0.001262,0.00001,0.265161,0.364551,0.01821,0.18865,0.028036,0.073957,0.060153
ACAGCGACATTCTCAT-1,0.570014,0.017603,0.13055,0.005258,0.011572,0.251423,0.004972,0.000057,0.000028,0.008523
ACAGCGCACCCGCAGC-1,0.030442,0.089045,0.145166,0.004811,0.002559,0.440528,0.004569,0.056313,0.097553,0.129014
ACAGGCACGGATCCTT-1,0.439796,0.165298,0.039909,0.064677,0.051863,0.027164,0.026822,0.078295,0.09716,0.009018
ACAGGCTTGCCCGACT-1,0.842591,0.000033,0.01292,0.000033,0.000033,0.000033,0.000873,0.143421,0.000033,0.000033
ACAGGTGGAGGTGAGG-1,0.033258,0.015807,0.098011,0.086496,0.013614,0.388856,0.023193,0.096963,0.208076,0.035726
ACAGGTGTGTTGTTGC-1,0.013932,0.000021,0.761019,0.000429,0.051644,0.007986,0.071172,0.082437,0.001134,0.010225
ACAGTAATACAACTTG-1,0.006605,0.000011,0.068938,0.002723,0.311185,0.086443,0.262041,0.007943,0.000146,0.253964
ACAGTATACCGTGGGA-1,0.000025,0.000025,0.163806,0.000025,0.446305,0.006476,0.058841,0.236188,0.000025,0.088285
ACAGTGCAGCGCATTT-1,0.007243,0.004412,0.126025,0.000039,0.010525,0.018583,0.000053,0.150803,0.406236,0.27608
ACATAAGTCGTGGTGA-1,0.025149,0.000039,0.867564,0.000039,0.000039,0.000039,0.000039,0.107014,0.000039,0.000039
ACATAATAAGGCGGTG-1,0.000025,0.010882,0.019034,0.024643,0.084475,0.10489,0.056178,0.195161,0.36764,0.137072
ACATCAGCTGGGACGC-1,0.000015,0.000015,0.106402,0.009304,0.152247,0.109074,0.2795,0.10435,0.00928,0.229812
ACATCCCGGCCATACG-1,0.000019,0.025417,0.010527,0.108425,0.167019,0.008889,0.017781,0.654113,0.002944,0.004865
ACATCCTGGTAACTGT-1,0.594836,0.010937,0.129301,0.000029,0.000029,0.000606,0.000029,0.018437,0.147318,0.098477
ACATCGATCGTTTACC-1,0.177118,0.228487,0.056089,0.000028,0.000028,0.000099,0.000028,0.03964,0.286749,0.211733
ACATCGGTCAGCCGCG-1,0.009268,0.034053,0.007265,0.104857,0.019347,0.106596,0.087562,0.311738,0.275567,0.043747
ACATCGTATGCAATGG-1,0.440922,0.02231,0.397652,0.000035,0.000035,0.000035,0.000035,0.116432,0.021761,0.000784
ACATCGTTAACCTAGT-1,0.000035,0.011953,0.27117,0.000035,0.00023,0.003954,0.000035,0.16967,0.156821,0.386095
ACATCTCAACGCGTAA-1,0.017872,0.033236,0.121926,0.075269,0.049167,0.219464,0.05126,0.156413,0.209087,0.066305
ACATGGCGCCAAAGTA-1,0.106291,0.099625,0.187723,0.014954,0.003251,0.002074,0.0145,0.429135,0.095805,0.046642
ACATGGCTCAATTTAG-1,0.000092,0.000092,0.99908,0.000092,0.000092,0.000092,0.000092,0.000184,0.000092,0.000092
ACATTAGTTTATATCC-1,0.000035,0.01696,0.045228,0.000035,0.067024,0.015457,0.006082,0.846208,0.000035,0.002936
ACATTCGCGCGGAATA-1,0.032584,0.047225,0.027687,0.158272,0.087457,0.112075,0.104339,0.187976,0.190755,0.05163
ACCAAACACCCAGCGA-1,0.013702,0.051585,0.117808,0.050683,0.1954,0.081155,0.055323,0.166859,0.128453,0.139032
ACCAAACTAGAAATCC-1,0.018634,0.017283,0.171111,0.053759,0.054951,0.062556,0.09058,0.239068,0.172387,0.11967
ACCAACACCACACACT-1,0.000009,0.005727,0.004992,0.325075,0.349881,0.0271,0.182209,0.004257,0.025818,0.074932
ACCAACCGCACTCCAC-1,0.804337,0.000033,0.103208,0.000033,0.000033,0.000033,0.000033,0.092226,0.000033,0.000033
ACCAACGCTTATTTAT-1,0.001769,0.162115,0.015543,0.155484,0.010484,0.110014,0.014316,0.02105,0.31564,0.193584
ACCAAGAACGCGTGTC-1,0.000028,0.000028,0.060885,0.024512,0.00061,0.004997,0.09288,0.470758,0.256678,0.088625
ACCAATATGCAAGTTA-1,0.261201,0.511712,0.000014,0.08646,0.101264,0.007195,0.009092,0.000028,0.0055,0.017534
ACCACAACTCAGAACA-1,0.029562,0.000036,0.538813,0.015058,0.000036,0.004886,0.044653,0.259459,0.107461,0.000036
ACCACAAGTTTCTATC-1,0.000022,0.023354,0.088676,0.107579,0.055001,0.143693,0.051933,0.378568,0.089774,0.0614
ACCACCAATGTAACAA-1,0.007903,0.237181,0.029388,0.212146,0.153745,0.007692,0.005331,0.049672,0.098575,0.198367
ACCACCCTCTCTTCTA-1,0.000013,0.000013,0.058334,0.127884,0.408195,0.087812,0.200351,0.0085,0.005366,0.103531
ACCACGTGCAGCTATA-1,0.669582,0.177665,0.000019,0.002817,0.000358,0.000019,0.003843,0.109878,0.032221,0.003597
ACCAGACCATAACAAC-1,0.007346,0.000032,0.844072,0.000032,0.000032,0.000032,0.000032,0.079714,0.005842,0.062866
ACCAGCCCGGTCTTTG-1,0.012813,0.048048,0.127089,0.078215,0.044486,0.040882,0.088545,0.154774,0.315935,0.089212
ACCAGGAGTGTGATCT-1,0.030151,0.01535,0.243949,0.019269,0.019257,0.065213,0.069353,0.293538,0.198696,0.045222
ACCAGTGCCCGGTCAA-1,0.041685,0.017282,0.153415,0.113074,0.157711,0.070683,0.054548,0.088857,0.237965,0.06478
ACCAGTGCGGGAGACG-1,0.911858,0.013159,0.005583,0.00002,0.00002,0.00002,0.00002,0.000041,0.052903,0.016374
ACCATATCCGCAATAA-1,0.000017,0.178265,0.008676,0.177414,0.133751,0.14105,0.036764,0.220083,0.072442,0.031537
ACCATCCGCCAACTAG-1,0.000016,0.000016,0.086224,0.013871,0.234059,0.02038,0.147916,0.091433,0.01256,0.393525
ACCATCGTATATGGTA-1,0.000023,0.014912,0.086783,0.07971,0.004518,0.116775,0.027731,0.323997,0.246403,0.099148
ACCCAACGCCCGTGGC-1,0.022469,0.064483,0.034741,0.045439,0.014484,0.115207,0.015166,0.443977,0.23049,0.013544
ACCCACCTACATGCTC-1,0.000019,0.000019,0.002399,0.137871,0.051216,0.05659,0.303343,0.377223,0.048617,0.022703
ACCCATCTTGAGGGTA-1,0.016741,0.025182,0.038626,0.573332,0.071569,0.095113,0.032667,0.133042,0.013055,0.000673
ACCCATTTGTCCCTCT-1,0.943111,0.005642,0.001534,0.000389,0.022245,0.000462,0.018866,0.000031,0.000016,0.007704
ACCCGAGCGAAATTAC-1,0.000015,0.011654,0.115526,0.018686,0.003614,0.00759,0.007714,0.013721,0.392766,0.428714
ACCCGATTGGTTCCGA-1,0.005779,0.031643,0.071706,0.24172,0.221257,0.129573,0.174857,0.063781,0.038662,0.021021
ACCCGGAAACTCCCAG-1,0.000006,0.156548,0.000006,0.471417,0.268652,0.022141,0.026283,0.048615,0.005386,0.000945
ACCCGGAGCACCACAA-1,0.992982,0.00686,0.000018,0.000018,0.000018,0.000018,0.000018,0.000035,0.000018,0.000018
ACCCGGATGACGCATC-1,0.000009,0.092976,0.000009,0.685062,0.171499,0.005192,0.006155,0.039078,0.000009,0.000009
ACCCGGTTACACTTCC-1,0.068849,0.080422,0.039287,0.162667,0.204304,0.084683,0.032893,0.326726,0.000147,0.000021
