Barcode,Topic 1,Topic 2to3,Topic 4,Topic 5,Topic 6,Topic 7,Topic 8,Topic 9,Topic 10
AAACAAGTATCTCCCA-1,0.013604,0.384794,0.089713,0.070593,0.085183,0.014344,0.053336,0.13388,0.154553
AAACACCAATAACTGC-1,0.759103,0.019209,0.013942,0.119979,0.076871,0.000918,0.004636,0.000417,0.004925
AAACAGCTTTCAGAAG-1,0.089074,0.053338,0.125352,0.096034,0.052174,0.009863,0.388194,0.099207,0.086764
AAACAGGGTCTATATT-1,0.045861,0.016169,0.025023,0.801286,0.080066,0.000008,0.014093,0.002084,0.015409
AAACAGTGTTCCTGGG-1,0.066017,0.134798,0.016196,0.350932,0.027141,0.007797,0.04986,0.18818,0.159078
AAACATGGTGAGAGGA-1,0.966472,0.018427,0.006996,0.000973,0.002125,0.00001,0.00001,0.000044,0.004943
AAACATTTCCCGGATT-1,0.032688,0.260798,0.235182,0.108923,0.215469,0.025709,0.031221,0.031648,0.058362
AAACCCGAACGAAATC-1,0.000008,0.33269,0.014844,0.098586,0.07552,0.010671,0.007666,0.09166,0.368355
AAACCGGAAATGTTAA-1,0.00001,0.46999,0.021218,0.104564,0.073725,0.007839,0.017038,0.030838,0.274778
AAACCGGGTAGGTACC-1,0.110736,0.16383,0.178563,0.169994,0.23307,0.014275,0.027094,0.035135,0.067303
AAACCGTTCGTCCAGG-1,0.041459,0.082649,0.045217,0.224466,0.583366,0.006797,0.002053,0.001152,0.01284
AAACCTAAGCAGCCGG-1,0.018418,0.099489,0.198267,0.220938,0.380455,0.014517,0.008506,0.016593,0.042817
AAACCTCATGAAGTTG-1,0.072186,0.189923,0.203208,0.07793,0.312005,0.033276,0.039178,0.042456,0.02984
AAACGAAGAACATACC-1,0.04199,0.000093,0.000047,0.000047,0.000047,0.584877,0.227464,0.145389,0.000047
AAACGAAGATGGAGTA-1,0.632294,0.000015,0.000935,0.350722,0.005621,0.000007,0.001223,0.000007,0.009174
AAACGAGACGGTTGAT-1,0.018918,0.421136,0.038359,0.026906,0.045023,0.009175,0.015699,0.171169,0.253615
AAACGCTGGGCACGAC-1,0.034228,0.226189,0.085377,0.089734,0.078211,0.002106,0.032533,0.121124,0.330499
AAACGGGCGTACGGGT-1,0.067907,0.110678,0.257014,0.136353,0.288899,0.053822,0.005063,0.023619,0.056645
AAACGGTTGCGAACTG-1,0.028486,0.625787,0.007847,0.064198,0.126279,0.006573,0.058127,0.025372,0.057331
AAACTCGGTTCGCAAT-1,0.050296,0.285146,0.058314,0.158653,0.283362,0.005931,0.098975,0.028016,0.031307
AAACTCGTGATATAAG-1,0.015111,0.000086,0.000043,0.000043,0.000043,0.308563,0.350171,0.324732,0.00121
AAACTGCTGGCTCCAA-1,0.000008,0.509026,0.086809,0.027009,0.255179,0.017555,0.005843,0.032022,0.066547
AAACTTAATTGCACGC-1,0.961868,0.009724,0.009536,0.001496,0.001663,0.001689,0.001468,0.004016,0.00854
AAACTTGCAAACGTAT-1,0.175892,0.072199,0.373023,0.067041,0.097611,0.100323,0.013566,0.053954,0.046392
AAAGAATGACCTTAGA-1,0.922586,0.033507,0.008836,0.014788,0.018011,0.000009,0.000009,0.000009,0.002244
AAAGAATGTGGACTAA-1,0.027149,0.057092,0.072571,0.287585,0.325051,0.013471,0.085208,0.093475,0.0384
AAAGACTGGGCGCTTT-1,0.187584,0.315512,0.040772,0.046454,0.067089,0.018019,0.090561,0.030896,0.203113
AAAGGCCCTATAATAC-1,0.860619,0.017196,0.022758,0.023267,0.007047,0.011117,0.018716,0.026855,0.012425
AAAGGCTACGGACCAT-1,0.040162,0.206764,0.070125,0.342306,0.17812,0.006269,0.02483,0.062307,0.069117
AAAGGCTCTCGCGCCG-1,0.075886,0.246974,0.245173,0.084614,0.123229,0.038318,0.027084,0.050401,0.108321
AAAGGGATGTAGCAAG-1,0.000017,0.612067,0.043513,0.027924,0.098409,0.09274,0.000493,0.074656,0.050181
AAAGGGCAGCTTGAAT-1,0.020915,0.01794,0.004988,0.002241,0.00032,0.219537,0.137147,0.580411,0.0165
AAAGTAGCATTGCTCA-1,0.245109,0.012954,0.015968,0.424585,0.093511,0.002692,0.185988,0.007834,0.01136
AAAGTCGACCCTCAGT-1,0.020772,0.20448,0.152242,0.160686,0.185032,0.017781,0.139208,0.073726,0.046073
AAAGTGCCATCAATTA-1,0.009029,0.214976,0.040974,0.083555,0.023753,0.000783,0.015114,0.372339,0.239478
AAAGTGTGATTTATCT-1,0.000079,0.564918,0.051921,0.057534,0.055432,0.002449,0.001854,0.015597,0.250215
AAAGTTGACTCCCGTA-1,0.000009,0.6981,0.012523,0.026636,0.160315,0.000345,0.000012,0.008501,0.093559
AAATAAGGTAGTGCCC-1,0.000014,0.207094,0.023935,0.089179,0.068711,0.256934,0.043505,0.205013,0.105615
AAATACCTATAAGCAT-1,0.002004,0.273314,0.273985,0.111254,0.10434,0.015363,0.017393,0.063277,0.13907
AAATAGCTTAGACTTT-1,0.000013,0.501833,0.00973,0.040448,0.294566,0.027299,0.001255,0.068199,0.056657
AAATAGGGTGCTATTG-1,0.003016,0.170723,0.205512,0.083499,0.398197,0.022902,0.011411,0.060841,0.043899
AAATCCGATACACGCC-1,0.00565,0.07813,0.11527,0.311352,0.350379,0.029076,0.027315,0.048975,0.033852
AAATCGCGGAAGGAGT-1,0.86755,0.038727,0.026135,0.006695,0.003441,0.000481,0.00001,0.002194,0.054768
AAATCGTGTACCACAA-1,0.000732,0.130538,0.099079,0.138321,0.200141,0.014717,0.158249,0.19758,0.060643
AAATCTAGCCCTGCTA-1,0.00001,0.593938,0.046306,0.140244,0.093746,0.009547,0.009138,0.01497,0.0921
AAATCTGCCCGCGTCC-1,0.999896,0.000023,0.000012,0.000012,0.000012,0.000012,0.000012,0.000012,0.000012
AAATGACTGATCAAAC-1,0.087385,0.305552,0.039058,0.035082,0.015251,0.00817,0.084876,0.193576,0.231048
AAATGCTCGTTACGTT-1,0.000048,0.110405,0.003796,0.000048,0.000048,0.655409,0.000048,0.198402,0.031797
AAATGGCCCGTGCCCT-1,0.217575,0.00142,0.011065,0.329381,0.010638,0.005649,0.407003,0.01365,0.00362
AAATGGTCAATGTGCC-1,0.000021,0.241096,0.068104,0.027898,0.008677,0.018445,0.023992,0.263169,0.3486
AAATGTATCTTATCCC-1,0.007121,0.467162,0.031855,0.057711,0.067208,0.049647,0.046969,0.140079,0.132247
AAATTAACGGGTAGCT-1,0.032982,0.308998,0.047465,0.035397,0.042794,0.010124,0.068076,0.323455,0.13071
AAATTAATAAGCGCGA-1,0.006701,0.315076,0.077153,0.092197,0.034764,0.018089,0.053206,0.180004,0.22281
AAATTACCTATCGATG-1,0.000017,0.360368,0.020356,0.035836,0.17705,0.231828,0.00286,0.129595,0.042091
AAATTCCAGGTCCAAA-1,0.021078,0.305971,0.018056,0.062769,0.3107,0.091114,0.07022,0.09539,0.024702
AAATTGATAGTCCTTT-1,0.079191,0.030325,0.049141,0.263161,0.106542,0.021369,0.372223,0.061139,0.016909
AAATTTGCGGGTGTGG-1,0.015583,0.061215,0.286955,0.198451,0.094718,0.015311,0.007013,0.161944,0.158811
AACAACTGGTAGTTGC-1,0.015561,0.555638,0.008917,0.045478,0.091509,0.066525,0.043303,0.120683,0.052385
AACAATACATTGTCGA-1,0.025939,0.151242,0.042499,0.321771,0.287511,0.005313,0.070145,0.048947,0.046632
AACAATTACTCTACGC-1,0.019562,0.178344,0.022312,0.019714,0.001944,0.012335,0.074731,0.351276,0.319781
AACACACGCTCGCCGC-1,0.007539,0.081462,0.258777,0.069353,0.043827,0.079304,0.003066,0.154229,0.302442
AACACGACTGTACTGA-1,0.126927,0.000184,0.000092,0.006448,0.000092,0.737575,0.128498,0.000092,0.000092
AACACGAGACGCGGCC-1,0.432387,0.077559,0.234212,0.093731,0.058746,0.023397,0.023202,0.027287,0.029479
AACAGCTGTGTGGCAA-1,0.1468,0.088884,0.058432,0.418231,0.189907,0.011962,0.05728,0.008569,0.019935
AACAGGAAATCGAATA-1,0.081998,0.000151,0.000075,0.000075,0.000075,0.177635,0.204913,0.535002,0.000075
AACAGGATGGGCCGCG-1,0.015858,0.613028,0.032543,0.009702,0.063674,0.095944,0.032364,0.118224,0.018663
AACAGGTAGTATGGAT-1,0.001636,0.355775,0.057506,0.045651,0.042289,0.028048,0.05084,0.110255,0.308
AACATAGCGTGTATCG-1,0.085813,0.160218,0.216293,0.097463,0.185898,0.030916,0.007576,0.068959,0.146863
AACATATCAACTGGTG-1,0.000022,0.27679,0.023775,0.096827,0.085585,0.263395,0.002288,0.109654,0.141664
AACATTGAAGTTGATC-1,0.525023,0.023628,0.043544,0.288083,0.102612,0.000007,0.000007,0.000007,0.017091
AACATTGTGACTCGAG-1,0.099134,0.038061,0.056991,0.088355,0.021266,0.315658,0.063636,0.242027,0.074873
AACCAAGACTTCTCTG-1,0.122299,0.242478,0.23622,0.026215,0.014208,0.031828,0.018797,0.184781,0.123174
AACCATAGGGTTGAAC-1,0.970417,0.007234,0.010216,0.001071,0.000867,0.00474,0.00098,0.001621,0.002854
AACCATGGGATCGCTA-1,0.00002,0.274625,0.02554,0.017236,0.067718,0.496191,0.037811,0.076883,0.003976
AACCCAGAGACGGAGA-1,0.000031,0.173111,0.052129,0.01958,0.030447,0.452631,0.015764,0.233758,0.022549
AACCCATCCCATGATC-1,0.943859,0.00485,0.015054,0.003969,0.000761,0.003022,0.012623,0.013351,0.002511
AACCCGACAACCCGTG-1,0.257747,0.092974,0.115438,0.094999,0.037904,0.217084,0.028155,0.036203,0.119498
AACCCGAGCAGAATCG-1,0.103696,0.105633,0.127912,0.02612,0.019991,0.027129,0.112099,0.392414,0.085005
AACCCGCTGTATTCCA-1,0.034574,0.157086,0.09045,0.063132,0.012554,0.032943,0.099557,0.258838,0.250867
AACCCTACTGTCAATA-1,0.026284,0.37572,0.014777,0.00625,0.029434,0.049422,0.074191,0.224177,0.199744
AACCCTGGTGGAACCA-1,0.000014,0.118337,0.003109,0.046662,0.160615,0.666308,0.000014,0.000014,0.004927
AACCGAGCTTGGTCAT-1,0.000024,0.422952,0.151155,0.001676,0.059869,0.32379,0.000027,0.021161,0.019345
AACCGCTAAGGGATGC-1,0.059946,0.479639,0.024484,0.025648,0.068256,0.024262,0.03354,0.210474,0.073751
AACCGTTGTGTTTGCT-1,0.086271,0.00012,0.00006,0.00006,0.00006,0.913248,0.00006,0.00006,0.00006
AACCTCGCTTTAGCCC-1,0.000006,0.199542,0.020169,0.12474,0.616764,0.003656,0.022219,0.006512,0.006392
AACCTGTCACGGAATT-1,0.000016,0.294267,0.016025,0.044177,0.041357,0.160314,0.096073,0.215794,0.131977
AACCTTTAAATACGGT-1,0.00001,0.23356,0.131522,0.201584,0.347324,0.002869,0.013391,0.01319,0.056548
AACGAAAGTCGTCCCA-1,0.837521,0.000039,0.001677,0.001398,0.00002,0.017057,0.131657,0.010613,0.00002
AACGACCTCCTAGCCG-1,0.086672,0.067819,0.040823,0.393386,0.068951,0.005244,0.050314,0.070225,0.216566
AACGATAATGCCGTAG-1,0.001614,0.17159,0.264801,0.100211,0.13514,0.015942,0.09079,0.144346,0.075565
AACGATAGAAGGGCCG-1,0.000065,0.000129,0.000065,0.000065,0.000065,0.208492,0.602202,0.188853,0.000065
AACGATATGTCAACTG-1,0.000025,0.12721,0.012873,0.039897,0.046529,0.108089,0.007285,0.610268,0.047825
AACGCATGATCTGGGT-1,0.112091,0.00017,0.000085,0.000085,0.000085,0.545896,0.160016,0.181487,0.000085
AACGCGACCTTGGGCG-1,0.063103,0.255934,0.085062,0.10403,0.078472,0.012437,0.048428,0.17654,0.175994
AACGCGGTCTCCAGCC-1,0.007804,0.112164,0.009858,0.00004,0.003666,0.094731,0.031184,0.703173,0.03738
AACGCTGTTGCTGAAA-1,0.000008,0.253219,0.06375,0.035613,0.620753,0.004819,0.000008,0.00344,0.018391
AACGGACGTACGTATA-1,0.003398,0.147713,0.325274,0.121144,0.086529,0.058846,0.033736,0.10898,0.11438
AACGGCCATCTCCGGT-1,0.021228,0.092492,0.259177,0.097281,0.300968,0.024492,0.034193,0.141632,0.028537
AACGTACTGTGGGTAC-1,0.000007,0.223294,0.034426,0.083965,0.575662,0.01036,0.046761,0.016098,0.009427
AACGTCAGACTAGTGG-1,0.000031,0.388584,0.013436,0.00048,0.018197,0.224507,0.042817,0.29634,0.015607
AACGTCATCCGGCTTG-1,0.032924,0.717624,0.015298,0.034565,0.055311,0.027793,0.019399,0.046155,0.050931
AACGTCGCTGCACTTC-1,0.034127,0.247345,0.139501,0.118354,0.410356,0.011112,0.006433,0.006011,0.026762
AACGTGCGAAAGTCTC-1,0.034977,0.596087,0.013632,0.032002,0.021895,0.018595,0.037546,0.049085,0.196181
AACGTTATCAGCACCT-1,0.00004,0.323814,0.00337,0.005215,0.021902,0.256006,0.009241,0.362529,0.017883
AACGTTCTACCATTGT-1,0.015563,0.351986,0.062627,0.042809,0.029047,0.007339,0.021811,0.227005,0.241813
AACTACCCGTTTGTCA-1,0.035108,0.542592,0.048506,0.01452,0.024278,0.002377,0.001657,0.047136,0.283827
AACTAGGCTTGGGTGT-1,0.048476,0.086766,0.256481,0.131557,0.245501,0.028468,0.040426,0.103517,0.058807
AACTCAAGTTAATTGC-1,0.073316,0.45843,0.168087,0.025984,0.06668,0.027259,0.038745,0.08678,0.05472
AACTCCAGAGCGTGTT-1,0.000011,0.319932,0.121191,0.145797,0.168024,0.038783,0.031783,0.058468,0.116012
AACTCGATGGCGCAGT-1,0.060972,0.000074,0.000037,0.000037,0.000037,0.554141,0.292701,0.091963,0.000037
AACTCTCAATAGAGCG-1,0.052759,0.456131,0.022603,0.005048,0.048617,0.102574,0.014175,0.216325,0.081768
AACTCTCAGTGTGCTC-1,0.013006,0.063604,0.204891,0.166954,0.171368,0.021581,0.094794,0.186288,0.077514
AACTGAGTTATACTGA-1,0.014457,0.243905,0.03153,0.073504,0.028622,0.025032,0.022888,0.254484,0.305578
AACTGATATTAGGCCT-1,0.019292,0.000181,0.00009,0.00009,0.00009,0.30874,0.099145,0.57228,0.00009
AACTGGGTCCCGACGT-1,0.000019,0.383738,0.011274,0.022043,0.292859,0.27327,0.000019,0.004727,0.012052
AACTTCTGCGTCTATC-1,0.13875,0.188212,0.006711,0.00004,0.001974,0.400827,0.044251,0.217519,0.001716
AACTTGCCCGTATGCA-1,0.000011,0.545306,0.018958,0.016201,0.046057,0.076668,0.120764,0.126919,0.049117
AACTTGCGTTCTCGCG-1,0.000018,0.149794,0.047438,0.008295,0.052731,0.631158,0.048167,0.04043,0.021968
AACTTTACGGGAGCTT-1,0.028104,0.339683,0.092579,0.021146,0.018616,0.032743,0.024703,0.225391,0.217036
AAGAAAGTTTGATGGG-1,0.991489,0.00004,0.00002,0.00002,0.00002,0.008349,0.00002,0.00002,0.00002
AAGAAGGATCAGTTAG-1,0.000414,0.000096,0.000048,0.000048,0.000048,0.624869,0.037546,0.336883,0.000048
AAGACATACGTGGTTT-1,0.00001,0.205533,0.130192,0.169729,0.28694,0.029473,0.012838,0.069017,0.096269
AAGACCAAATAACTCA-1,0.934542,0.010677,0.001673,0.030503,0.004196,0.000008,0.000008,0.000008,0.018383
AAGACCCAACTGAACA-1,0.005303,0.16281,0.118883,0.215645,0.392369,0.014175,0.046259,0.009971,0.034585
AAGACTGCAAGCTACT-1,0.063145,0.329966,0.064621,0.007199,0.007055,0.027698,0.051152,0.245875,0.20329
AAGAGATGAATCGGTA-1,0.012583,0.213342,0.03353,0.002195,0.000886,0.16771,0.002235,0.422676,0.144842
AAGAGCTCTTTATCGG-1,0.000016,0.571288,0.038213,0.033661,0.038053,0.0352,0.019754,0.070327,0.193488
AAGAGGATGTACGCGA-1,0.001469,0.224488,0.102202,0.037337,0.599633,0.00823,0.003409,0.011191,0.012041
AAGAGGCATGGATCGC-1,0.025282,0.486912,0.037851,0.020642,0.009605,0.009287,0.007876,0.169093,0.233452
AAGAGGCCCTTTGGAA-1,0.01732,0.171341,0.096142,0.240127,0.230081,0.003852,0.003763,0.072224,0.165149
AAGATGGCACCGGACC-1,0.071902,0.134772,0.065752,0.268271,0.317079,0.011746,0.092213,0.017152,0.021112
AAGATTGGCGGAACGT-1,0.000012,0.542532,0.007717,0.023998,0.327722,0.066776,0.00046,0.015733,0.01505
AAGCACCCTGCGTATC-1,0.006278,0.18517,0.205264,0.043077,0.262419,0.088692,0.041581,0.119048,0.048471
AAGCATACTCTCCTGA-1,0.000704,0.228014,0.293648,0.114454,0.286622,0.006889,0.001836,0.011479,0.056354
AAGCCACTTGCAGGTA-1,0.223911,0.007298,0.032395,0.18946,0.029541,0.012562,0.433311,0.047803,0.023719
AAGCCGAAGCGGTTTA-1,0.004486,0.249142,0.070155,0.042177,0.023608,0.051285,0.023756,0.246422,0.288969
AAGCCGCCGTGAAATC-1,0.760995,0.0049,0.019677,0.0716,0.015402,0.004539,0.072472,0.029683,0.020731
AAGCCGGAGAGCAGGA-1,0.021534,0.381087,0.014783,0.240816,0.087047,0.007033,0.011888,0.108618,0.127193
AAGCGCAGGGCTTTGA-1,0.000073,0.08883,0.097661,0.333246,0.276782,0.007975,0.040745,0.097942,0.056746
AAGCGTCCCTCATCGA-1,0.064078,0.158612,0.053142,0.360518,0.118179,0.02485,0.12564,0.030887,0.064094
AAGCTAGATCGAGTAA-1,0.072988,0.2653,0.195618,0.016999,0.079703,0.05066,0.227088,0.013669,0.077975
AAGCTATGGATTGACC-1,0.878753,0.108386,0.001044,0.000039,0.000039,0.000039,0.000039,0.000039,0.011621
AAGCTCGTGCCAAGTC-1,0.000606,0.385794,0.039746,0.013987,0.021074,0.013869,0.032519,0.125257,0.367147
AAGCTCTTTCATGGTG-1,0.000013,0.254167,0.145598,0.058779,0.414722,0.020685,0.019132,0.046791,0.040112
AAGGAGCGGTTGGTGC-1,0.000014,0.852249,0.002233,0.002656,0.082118,0.036597,0.000014,0.017719,0.006401
AAGGATCGATCGCTTG-1,0.000024,0.316731,0.037923,0.01182,0.046197,0.054821,0.011884,0.281475,0.239125
AAGGATGAGGGACCTC-1,0.000016,0.403163,0.016604,0.000016,0.222773,0.325445,0.000448,0.016471,0.015064
AAGGCAGGCTGTCTCC-1,0.000525,0.455448,0.023692,0.026445,0.062569,0.04583,0.015645,0.264684,0.105162
AAGGCGCGTAAAGCTT-1,0.008672,0.091603,0.014838,0.000046,0.000046,0.195518,0.004831,0.627165,0.057282
AAGGCTGTGCTCATCG-1,0.131189,0.343328,0.053968,0.000366,0.004714,0.093472,0.000824,0.27778,0.094358
AAGGGAACGACTGGCT-1,0.66221,0.012598,0.035527,0.114708,0.028942,0.014147,0.04643,0.043387,0.042052
AAGGGACAGATTCTGT-1,0.000033,0.267782,0.017723,0.008029,0.028063,0.244219,0.004101,0.341332,0.088718
AAGGGACTATGCATTC-1,0.663079,0.00768,0.014929,0.031229,0.010186,0.01375,0.206047,0.04667,0.00643
AAGGGTTAGCCATGCG-1,0.014266,0.20097,0.256301,0.007344,0.015257,0.03077,0.048876,0.333437,0.092779
AAGGGTTTGATTTCAG-1,0.869392,0.037191,0.000939,0.027487,0.005769,0.013928,0.011472,0.009867,0.023956
AAGGTATCCTAATATA-1,0.000016,0.713581,0.005264,0.010754,0.214062,0.042585,0.000016,0.004673,0.009049
AAGGTGATAAACCAGC-1,0.003991,0.388686,0.038338,0.114694,0.101263,0.000808,0.012721,0.032102,0.307398
AAGTAGAAGACCGGGT-1,0.025296,0.100273,0.010557,0.048952,0.089374,0.701112,0.013387,0.000024,0.011026
AAGTAGTGACGCGAGG-1,0.000016,0.396303,0.032834,0.030356,0.007878,0.035825,0.10123,0.354391,0.041167
AAGTCAATTGTCGTCA-1,0.01063,0.200185,0.133289,0.010461,0.009931,0.030436,0.012942,0.194359,0.397767
AAGTCTTCTGTGGCCT-1,0.006069,0.202148,0.091023,0.07021,0.134768,0.059657,0.313932,0.093108,0.029085
AAGTGACGACCGAATT-1,0.020352,0.086756,0.515185,0.03669,0.114613,0.070132,0.031245,0.081999,0.04303
AAGTGAGTCGGGTTTA-1,0.000008,0.303522,0.012854,0.328151,0.319122,0.000919,0.00136,0.002458,0.031606
AAGTGCAAAGGTAGAC-1,0.071046,0.378268,0.057151,0.055547,0.067261,0.019504,0.014544,0.014145,0.322535
AAGTGCCTTGACTGTA-1,0.000011,0.170509,0.121954,0.033383,0.027167,0.006656,0.001639,0.147554,0.491127
AAGTGCGTTAGAATCT-1,0.122745,0.022712,0.138187,0.160373,0.085534,0.343924,0.065465,0.006273,0.054788
AAGTGCTTCTCTATTG-1,0.007244,0.108055,0.108529,0.302927,0.180267,0.028946,0.205935,0.040956,0.017141
AAGTGTTTGGAGACGG-1,0.080809,0.219631,0.438884,0.009921,0.119053,0.052104,0.005601,0.035948,0.038049
AAGTTCACTCCAAGCT-1,0.033327,0.177469,0.33539,0.087554,0.181604,0.025751,0.023469,0.046302,0.089135
AAGTTCGGCCAACAGG-1,0.088414,0.082676,0.275519,0.156044,0.195563,0.039498,0.01622,0.073608,0.072457
AAGTTGTGATGTTATA-1,0.028338,0.295995,0.029632,0.109714,0.212775,0.022646,0.143884,0.082911,0.074105
AAGTTTATGGGCCCAA-1,0.000007,0.136389,0.022271,0.336923,0.29878,0.025001,0.056056,0.014368,0.110204
AATAACAACGCTCGGC-1,0.041283,0.213786,0.171883,0.018665,0.023261,0.042297,0.038669,0.34463,0.105526
AATAACACTAGAACAA-1,0.094336,0.105716,0.147599,0.218121,0.325517,0.012171,0.01417,0.024345,0.058024
AATAACGTCGCGCCCA-1,0.010488,0.163294,0.21356,0.098878,0.089156,0.012281,0.07543,0.237144,0.099767
AATAAGTCCTCGAGAC-1,0.058076,0.000129,0.000064,0.000064,0.000064,0.632513,0.262402,0.046622,0.000064
AATAATCTTCGTATCG-1,0.0259,0.461956,0.011817,0.19349,0.03598,0.009918,0.008652,0.01552,0.236766
AATACAATGTTTCAGG-1,0.00002,0.734798,0.00002,0.00002,0.034796,0.223308,0.00002,0.006772,0.000246
AATACCGGAGGGCTGT-1,0.015119,0.141087,0.038044,0.246531,0.462985,0.008772,0.055099,0.015361,0.017003
AATACCTGATGTGAAC-1,0.113986,0.209808,0.293894,0.153191,0.056893,0.031606,0.025804,0.040037,0.074782
AATAGAACAGAGTGGC-1,0.000289,0.131276,0.060199,0.339395,0.431751,0.000212,0.000442,0.001205,0.035232
AATAGAATCTGTTTCA-1,0.031798,0.181627,0.328264,0.00967,0.022557,0.040027,0.004042,0.299529,0.082486
AATAGGCACGACCCTT-1,0.122607,0.062318,0.084984,0.115808,0.255728,0.033825,0.207563,0.09589,0.021278
AATAGTCCGTCCCGAC-1,0.041284,0.203331,0.164873,0.272909,0.24234,0.002773,0.004122,0.009975,0.058393
AATAGTCGCGAGTCGG-1,0.000015,0.261867,0.005571,0.014144,0.032611,0.064456,0.256031,0.35418,0.011125
AATATCCTAGCAAACT-1,0.357367,0.057055,0.027548,0.303871,0.058894,0.022432,0.136207,0.006787,0.02984
AATATCGAATCAATGC-1,0.00284,0.509909,0.064984,0.029993,0.027141,0.00323,0.005541,0.220237,0.136126
AATATCGAGGGTTCTC-1,0.000038,0.077727,0.020638,0.156855,0.115498,0.251804,0.010774,0.30652,0.060146
AATATTGGAGTATTGA-1,0.01555,0.372547,0.06607,0.109897,0.279076,0.002304,0.039653,0.034755,0.080147
AATCAGGTTTCATTTA-1,0.012543,0.066764,0.02904,0.506356,0.351664,0.005003,0.012435,0.003532,0.012662
AATCATGTAAAGACTC-1,0.003191,0.449897,0.165641,0.063705,0.078128,0.020674,0.098893,0.055018,0.064853
AATCCAAGGGCCTGAG-1,0.054856,0.000094,0.000047,0.000047,0.000047,0.647078,0.169995,0.12779,0.000047
AATCCCGCTCAGAGCC-1,0.067535,0.110792,0.107832,0.041057,0.016636,0.02226,0.03526,0.41963,0.178998
AATCGAGGTCTCAAGG-1,0.04085,0.117399,0.193494,0.147563,0.409198,0.000016,0.002955,0.025102,0.063423
AATCGCCTCAGCGCCA-1,0.068878,0.515758,0.068696,0.006384,0.015584,0.008191,0.026696,0.191469,0.098343
AATCGCGCAGAGGACT-1,0.00163,0.24428,0.024075,0.009001,0.004215,0.027869,0.00698,0.42081,0.261139
AATCGGTATAGCCCTC-1,0.032494,0.121742,0.198015,0.07445,0.183639,0.065851,0.229484,0.064335,0.029992
AATCGTGAGCCGAGCA-1,0.000007,0.28708,0.088537,0.084352,0.485737,0.014982,0.000723,0.008151,0.030431
AATCTAGGTTTACTTG-1,0.65818,0.004668,0.039232,0.028737,0.014995,0.012347,0.155616,0.074454,0.01177
AATCTATGCCGGAGCC-1,0.000024,0.104936,0.077393,0.145863,0.02606,0.233732,0.006327,0.246768,0.158897
AATCTCTACTGTGGTT-1,0.020666,0.316928,0.024875,0.017088,0.584497,0.021106,0.000759,0.001417,0.012663
AATCTGCGTTGGGACG-1,0.024743,0.7147,0.006594,0.004647,0.027912,0.064462,0.066479,0.075767,0.014697
AATCTGGCTTTCTAGT-1,0.207356,0.000041,0.003312,0.570045,0.004789,0.002729,0.189048,0.009991,0.012689
AATGACAGCAATGTCT-1,0.265379,0.033304,0.137294,0.055507,0.061206,0.302867,0.119878,0.007986,0.01658
AATGACGTAGGATGTC-1,0.004271,0.23068,0.060926,0.319202,0.167228,0.004937,0.055769,0.043126,0.113861
AATGACTGTCAGCCGG-1,0.005381,0.429585,0.081078,0.00999,0.015118,0.183133,0.002243,0.092033,0.181439
AATGAGTTCGCATATG-1,0.000036,0.450043,0.011004,0.000036,0.0264,0.49768,0.000036,0.014728,0.000036
AATGATGATACGCTAT-1,0.000018,0.49634,0.053643,0.062383,0.133366,0.201961,0.000018,0.004928,0.047342
AATGATGCGACTCCTG-1,0.000016,0.356072,0.019384,0.076795,0.29105,0.221876,0.000016,0.003287,0.031504
AATGCAACCGGGTACC-1,0.002479,0.483334,0.016876,0.07093,0.074243,0.111059,0.006056,0.103393,0.13163
AATGCACCAAGCAATG-1,0.042544,0.00011,0.000055,0.000055,0.000055,0.219897,0.42306,0.31417,0.000055
AATGGTCCACCGTTCA-1,0.013317,0.462414,0.012658,0.016118,0.023475,0.031167,0.224609,0.139949,0.076294
AATGGTTCTCACAAGC-1,0.024433,0.259821,0.021347,0.001935,0.017874,0.318881,0.058141,0.288222,0.009346
AATGTATGGCACTGTA-1,0.800393,0.000018,0.001666,0.178272,0.00449,0.000009,0.013521,0.000009,0.001623
AATGTGCCCGAGGTGT-1,0.221336,0.019233,0.019214,0.191543,0.077271,0.009031,0.398382,0.044577,0.019412
AATGTGCTAATCTGAG-1,0.015999,0.02077,0.022882,0.629945,0.16795,0.001962,0.113112,0.010278,0.017102
AATGTTAAGACCCTGA-1,0.002694,0.10701,0.359979,0.122373,0.222699,0.006644,0.002226,0.045164,0.131212
AATGTTGTCGTGAGAC-1,0.000011,0.122285,0.331634,0.054739,0.389564,0.031194,0.003662,0.022896,0.044015
AATTAAAGGTCGGCGT-1,0.016406,0.479691,0.172458,0.012337,0.130697,0.013825,0.03154,0.108661,0.034385
AATTAACGGATTTCCA-1,0.012784,0.198001,0.279203,0.115251,0.268579,0.050855,0.008751,0.010558,0.056019
AATTACGAGACCCATC-1,0.787571,0.082309,0.005893,0.024328,0.016304,0.000008,0.043642,0.000639,0.039306
AATTACTCGTACGCTC-1,0.150648,0.000126,0.000063,0.000063,0.000063,0.52347,0.32544,0.000063,0.000063
AATTAGCGCTGCAGCG-1,0.004803,0.280617,0.17037,0.083946,0.389186,0.013082,0.016048,0.013102,0.028847
AATTATACCCAGCAAG-1,0.103701,0.042721,0.31831,0.051741,0.018687,0.070965,0.080475,0.225071,0.088328
AATTCATAAGGGATCT-1,0.000024,0.258337,0.052789,0.040593,0.140089,0.387695,0.002022,0.098541,0.01991
AATTCATTGTCATGCA-1,0.639908,0.015484,0.009433,0.271853,0.060869,0.000011,0.000011,0.000011,0.00242
AATTCCAAGCATGTAC-1,0.0943,0.151992,0.19171,0.194713,0.086544,0.051536,0.057735,0.084733,0.086737
AATTCGATTCGAGGAT-1,0.004638,0.137034,0.100575,0.241294,0.382433,0.047433,0.054154,0.014471,0.017969
AATTCTAGAGTTAGGC-1,0.027983,0.28993,0.172167,0.168213,0.176331,0.007518,0.014339,0.028785,0.114735
AATTGAACGCTCTGGT-1,0.019673,0.224006,0.081198,0.016526,0.024701,0.038641,0.0088,0.461964,0.124492
AATTGCAGCAATCGAC-1,0.002276,0.194599,0.094897,0.073654,0.409386,0.023979,0.087749,0.096964,0.016497
AATTGCGTGGATTACA-1,0.867918,0.000036,0.000018,0.000018,0.000018,0.000018,0.131937,0.000018,0.000018
AATTGTGGTTGCCAAA-1,0.004207,0.243024,0.048746,0.120211,0.084612,0.017324,0.130729,0.107824,0.243322
AATTTGGTTCCAAAGA-1,0.143989,0.000175,0.000088,0.000088,0.000088,0.85531,0.000088,0.000088,0.000088
ACAAACCATGCGTCCT-1,0.882873,0.000018,0.001751,0.029422,0.000735,0.000187,0.079,0.005443,0.000572
ACAAACTCCATCAGAG-1,0.042243,0.196607,0.128349,0.080971,0.021704,0.010426,0.021318,0.292877,0.205506
ACAAAGAAGGTAGGCC-1,0.427702,0.011447,0.004883,0.055292,0.008314,0.009302,0.430494,0.039148,0.013419
ACAAAGCATGACCTAG-1,0.008522,0.203661,0.045435,0.140709,0.066749,0.025199,0.273702,0.109502,0.126522
ACAAATCGCACCGAAT-1,0.00452,0.33613,0.129181,0.165154,0.208119,0.030632,0.016881,0.022198,0.087186
ACAAATGGTAGTGTTT-1,0.032702,0.182805,0.045905,0.012452,0.00455,0.020894,0.174606,0.427603,0.098483
ACAACAGCATGAGCTA-1,0.019446,0.387173,0.016008,0.022859,0.015548,0.018945,0.024341,0.3848,0.11088
ACAACGGTCCCTGCGA-1,0.027259,0.527464,0.007866,0.000027,0.009105,0.181881,0.076842,0.168495,0.00106
ACAAGCAGTGCCTAGC-1,0.036856,0.792152,0.032388,0.003271,0.028872,0.048239,0.006597,0.032267,0.019359
ACAAGCTATATGGAAG-1,0.063306,0.209194,0.170294,0.094334,0.335322,0.032978,0.009367,0.044817,0.040388
ACAAGGAAATCCGCCC-1,0.00001,0.341861,0.185189,0.058182,0.261336,0.012896,0.033254,0.065815,0.041456
ACAAGGACAAGAGGTT-1,0.000107,0.35791,0.070291,0.0131,0.027248,0.145895,0.015494,0.257103,0.112853
ACAAGGATGCTTTAGG-1,0.012869,0.126082,0.062745,0.310802,0.396434,0.023008,0.022653,0.029611,0.015796
ACAAGGGCAGGCTCTG-1,0.010405,0.202726,0.21512,0.061785,0.140268,0.00917,0.015271,0.10036,0.244896
ACAAGTAATTGTAAGG-1,0.99969,0.000025,0.000013,0.000013,0.000013,0.000013,0.000013,0.000209,0.000013
ACAATAGTCGTACGTT-1,0.002487,0.158759,0.280183,0.075199,0.216457,0.021021,0.034486,0.134221,0.077185
ACAATCCATTTAAACC-1,0.199803,0.298801,0.129357,0.017292,0.063396,0.038919,0.07158,0.081415,0.099438
ACAATGAATACGGAGA-1,0.13712,0.036771,0.282002,0.169399,0.030118,0.042656,0.08581,0.165875,0.05025
ACAATTGTGTCTCTTT-1,0.054668,0.579299,0.083644,0.046021,0.090651,0.005079,0.040246,0.04763,0.052762
ACAATTTAGGAGGCTC-1,0.003213,0.434906,0.106275,0.023484,0.012248,0.038294,0.009295,0.214354,0.157931
ACAATTTGAGCAGTGG-1,0.000012,0.665342,0.020104,0.009275,0.174641,0.081526,0.002226,0.025291,0.021583
ACAATTTGGCCATATT-1,0.000007,0.418261,0.02833,0.031093,0.121176,0.025878,0.001142,0.198963,0.17515
ACACAAAGACGGGTGG-1,0.014921,0.121798,0.014581,0.00216,0.011997,0.076269,0.015095,0.660677,0.082502
ACACACCAGGACCAGT-1,0.079885,0.066279,0.05694,0.042744,0.00991,0.346006,0.119556,0.037901,0.24078
ACACACTTTCTACACG-1,0.061003,0.000174,0.000087,0.000087,0.000087,0.495523,0.142613,0.300339,0.000087
ACACATGATCAAATCT-1,0.913242,0.000022,0.012601,0.01849,0.000281,0.004237,0.0219,0.025848,0.003378
ACACATTGACGCAACA-1,0.057209,0.000129,0.000064,0.000064,0.000064,0.758005,0.183049,0.00135,0.000064
ACACATTTCCGTAGAC-1,0.000009,0.329783,0.067144,0.208103,0.346435,0.013023,0.005131,0.011105,0.019268
ACACCACATAATTAGC-1,0.000015,0.183534,0.028843,0.202343,0.12885,0.289589,0.002695,0.037324,0.126806
ACACCCAGCATGCAGC-1,0.002434,0.290704,0.03393,0.020653,0.12032,0.285644,0.022567,0.197625,0.026124
ACACCCGAGAAATCCG-1,0.000021,0.33657,0.01051,0.004673,0.133837,0.435165,0.035291,0.041002,0.002932
ACACCGAGCGCTCTTT-1,0.158037,0.329261,0.115448,0.007857,0.166767,0.190653,0.000085,0.010869,0.021024
ACACCGGTCTGACCGC-1,0.80844,0.006621,0.022795,0.076462,0.027258,0.000009,0.038425,0.006529,0.013462
ACACCTTAAGTAGGGC-1,0.035013,0.348128,0.007934,0.004646,0.030448,0.265501,0.049515,0.240885,0.017931
ACACCTTACTACTTGC-1,0.000027,0.313225,0.017327,0.039483,0.069395,0.020274,0.005867,0.184701,0.349702
ACACGAGACTCCTTCT-1,0.000018,0.643578,0.016063,0.015912,0.076366,0.03845,0.00981,0.131022,0.068781
ACACGGCACTATGCAT-1,0.00002,0.008619,0.000982,0.051887,0.01219,0.817871,0.082563,0.002988,0.022881
ACACGGGAACTTAGGG-1,0.000022,0.599132,0.020712,0.027785,0.106289,0.080302,0.000022,0.135708,0.030029
ACACGTAGGCCACAAG-1,0.000008,0.210582,0.038919,0.12368,0.485247,0.002157,0.021398,0.002644,0.115363
ACACTCCAATGTCACT-1,0.000041,0.397252,0.024018,0.004344,0.051004,0.427308,0.039601,0.036784,0.019647
ACACTGATCAAGGTGT-1,0.000012,0.21268,0.098229,0.15597,0.490082,0.006222,0.000232,0.003257,0.033315
ACACTGGGACAGTCGT-1,0.01771,0.046476,0.084778,0.044243,0.00718,0.025528,0.10196,0.41971,0.252415
ACAGAACTGAGAACAA-1,0.238196,0.000036,0.007481,0.060652,0.0001,0.006773,0.63372,0.050759,0.002283
ACAGCGACATTCTCAT-1,0.032744,0.08729,0.312127,0.211097,0.086683,0.019691,0.008673,0.141476,0.100219
ACAGCGCACCCGCAGC-1,0.000041,0.000083,0.000041,0.000041,0.000041,0.999627,0.000041,0.000041,0.000041
ACAGGAGGCGCAGCCG-1,0.000017,0.134193,0.015812,0.19974,0.095207,0.455138,0.015109,0.006688,0.078097
ACAGGCACGGATCCTT-1,0.017728,0.089941,0.48278,0.098726,0.08684,0.058558,0.025685,0.075967,0.063776
ACAGGCTTGCCCGACT-1,0.000016,0.280928,0.277179,0.134285,0.120633,0.02267,0.014312,0.084223,0.065753
ACAGGTGGAGGTGAGG-1,0.037512,0.069794,0.166074,0.203006,0.071169,0.015427,0.213601,0.158972,0.064446
ACAGGTGTGTTGTTGC-1,0.084629,0.000034,0.000017,0.164722,0.000017,0.045334,0.518465,0.086415,0.100368
ACAGTAATACAACTTG-1,0.248315,0.023111,0.057846,0.326802,0.043304,0.010911,0.240288,0.02823,0.021193
ACATAAGTCGTGGTGA-1,0.954757,0.002955,0.01238,0.000081,0.000014,0.00505,0.007515,0.014435,0.002814
ACATAATAAGGCGGTG-1,0.019397,0.318875,0.006193,0.001827,0.010759,0.327913,0.007961,0.22322,0.083854
ACATACAATCAAGCGG-1,0.156424,0.074527,0.385984,0.082242,0.056962,0.031354,0.009856,0.103288,0.099363
ACATCAGCTGGGACGC-1,0.079372,0.698444,0.05422,0.020252,0.086062,0.013966,0.009398,0.013885,0.024401
ACATCCCGGCCATACG-1,0.000008,0.098402,0.126405,0.201878,0.53588,0.005732,0.000093,0.00127,0.030332
ACATCCTGGTAACTGT-1,0.000019,0.230984,0.067481,0.05755,0.02704,0.018259,0.020035,0.109042,0.46959
ACATCGATCGTTTACC-1,0.001037,0.294761,0.149452,0.076946,0.229733,0.025425,0.020743,0.103611,0.098292
ACATCGCAATATTCGG-1,0.588922,0.005117,0.114785,0.000827,0.000045,0.051264,0.027545,0.026144,0.185351
ACATCGGTCAGCCGCG-1,0.09441,0.282695,0.325503,0.048693,0.206811,0.020938,0.003523,0.006493,0.010934
ACATCGTATGCAATGG-1,0.000009,0.554171,0.097174,0.028778,0.241092,0.000686,0.001575,0.004355,0.07216
ACATCGTTAACCTAGT-1,0.085846,0.000052,0.000026,0.000026,0.000026,0.895868,0.005,0.013129,0.000026
ACATGCTTACGGCAGC-1,0.905144,0.051881,0.027784,0.003046,0.006086,0.000165,0.000013,0.001225,0.004657
ACATGGCGCCAAAGTA-1,0.002004,0.224784,0.004529,0.034265,0.06747,0.02714,0.119098,0.368014,0.152696
ACATTAGTTTATATCC-1,0.00825,0.182602,0.422436,0.024035,0.034759,0.015825,0.003179,0.148803,0.160111
ACATTCGCGCGGAATA-1,0.690077,0.002292,0.035051,0.007615,0.004088,0.054047,0.060322,0.111864,0.034645
ACATTTGAAACCTAAC-1,0.036213,0.029466,0.149603,0.371405,0.063829,0.076666,0.087648,0.084349,0.100821
ACCAACCGCACTCCAC-1,0.008725,0.029858,0.120999,0.150462,0.16897,0.055943,0.249662,0.172477,0.042904
ACCAACGCTTATTTAT-1,0.005938,0.213836,0.103604,0.286842,0.364571,0.008016,0.002431,0.003055,0.011706
ACCAAGAACGCGTGTC-1,0.000031,0.134938,0.022567,0.029061,0.105738,0.442526,0.030943,0.149671,0.084526
ACCAAGTCATCGGCAG-1,0.061479,0.138356,0.072696,0.15645,0.545968,0.000858,0.000853,0.001694,0.021646
ACCAATATGCAAGTTA-1,0.021699,0.105662,0.373724,0.099326,0.103408,0.030253,0.027901,0.14715,0.090876
ACCACAAGTTTCTATC-1,0.000014,0.682999,0.00519,0.004169,0.138171,0.035129,0.018149,0.101773,0.014406
ACCACACGGTTGATGG-1,0.008959,0.130623,0.166755,0.13439,0.27294,0.007846,0.047322,0.163381,0.067783
ACCACCAATGTAACAA-1,0.043243,0.388529,0.04879,0.145788,0.064044,0.018177,0.00676,0.084871,0.199799
ACCACGTGCAGCTATA-1,0.000014,0.187181,0.324993,0.047727,0.174174,0.020827,0.002646,0.103912,0.138525
ACCACTGTTCAAGAAG-1,0.060976,0.000094,0.000047,0.000047,0.000047,0.710622,0.190149,0.037971,0.000047
ACCAGACCATAACAAC-1,0.066815,0.177102,0.28323,0.082586,0.059593,0.056521,0.040913,0.099164,0.134077
ACCAGTGCGGGAGACG-1,0.076554,0.22706,0.177914,0.016517,0.016289,0.028003,0.010136,0.129505,0.318024
ACCATATCCGCAATAA-1,0.0837,0.237021,0.059121,0.025191,0.008894,0.029142,0.063492,0.212999,0.28044
ACCATCCGCCAACTAG-1,0.333904,0.053072,0.283542,0.04354,0.04325,0.028215,0.010261,0.133283,0.070934
ACCATCGTATATGGTA-1,0.004999,0.29032,0.225647,0.045725,0.314604,0.014412,0.003046,0.026249,0.074997
ACCATTAAGGGTGTCA-1,0.000027,0.220914,0.043729,0.060415,0.177839,0.462678,0.000122,0.016836,0.017441
ACCCAACGCCCGTGGC-1,0.034521,0.387191,0.023598,0.008872,0.087285,0.034995,0.000022,0.125736,0.297779
ACCCACCTACATGCTC-1,0.025777,0.501623,0.007961,0.00955,0.030879,0.290837,0.005571,0.110956,0.016846
ACCCATCTTGAGGGTA-1,0.024532,0.167052,0.221502,0.00304,0.009303,0.071925,0.034507,0.290101,0.178039
ACCCATTTGTCCCTCT-1,0.00002,0.124821,0.257814,0.081988,0.073968,0.032482,0.058179,0.191865,0.178862
ACCCGAGCGAAATTAC-1,0.366256,0.00003,0.003587,0.008303,0.000015,0.02643,0.538683,0.055752,0.000944
ACCCGATTGGTTCCGA-1,0.004621,0.060175,0.054802,0.54631,0.141466,0.01616,0.060885,0.061151,0.054431
ACCCGGAAACTCCCAG-1,0.008464,0.135773,0.32052,0.10004,0.118033,0.032157,0.026884,0.069469,0.188659
ACCCGGAGCACCACAA-1,0.000062,0.532976,0.047838,0.034871,0.042465,0.005807,0.006772,0.070143,0.259068
ACCCGGATGACGCATC-1,0.02553,0.478104,0.095547,0.031136,0.064289,0.025354,0.000019,0.101938,0.178083
ACCCGGTTACACTTCC-1,0.000012,0.491399,0.116498,0.060915,0.277354,0.004683,0.004251,0.006794,0.038095
ACCCGTAGCAGAGAAT-1,0.979971,0.000025,0.000013,0.000013,0.000013,0.003392,0.003751,0.012605,0.000218
ACCCGTAGTCTAGTTG-1,0.062749,0.191035,0.080399,0.08627,0.189682,0.013343,0.067025,0.238562,0.070935
ACCCGTGTCATCAGTA-1,0.124209,0.198822,0.063069,0.066484,0.266958,0.016747,0.171946,0.082264,0.0095
ACCCTATAGGACTGAG-1,0.027571,0.000059,0.000301,0.000029,0.000029,0.754722,0.214197,0.003062,0.000029
ACCCTATGCCATATCG-1,0.098162,0.206905,0.053182,0.04285,0.594603,0.000764,0.000006,0.000006,0.003522
ACCCTCCCGTCAGGGC-1,0.052112,0.122743,0.182811,0.097247,0.181767,0.042353,0.103933,0.167995,0.049039
ACCCTCCCTTGCTATT-1,0.016797,0.340563,0.212375,0.060267,0.08858,0.030241,0.010074,0.094633,0.146469
ACCGAAGAGTCTGGTT-1,0.642484,0.024936,0.007128,0.262742,0.051413,0.000008,0.001459,0.000075,0.009754
ACCGACACATCTCCCA-1,0.041225,0.456022,0.111795,0.104573,0.232698,0.001757,0.00373,0.006971,0.041228
ACCGACTGAGTCCCAC-1,0.025784,0.305134,0.051462,0.00874,0.028145,0.260219,0.010025,0.161558,0.148934
ACCGAGTCTCCTTATT-1,0.010695,0.101313,0.143037,0.199761,0.491859,0.013479,0.000754,0.005857,0.033244
ACCGATAGGCATAACC-1,0.059809,0.102928,0.026175,0.112146,0.006881,0.051816,0.085812,0.473634,0.0808
ACCGATATTTAATCAT-1,0.003944,0.331416,0.107598,0.049704,0.022079,0.006288,0.020782,0.165005,0.293184
ACCGATGGTAGCATCG-1,0.007212,0.790796,0.024617,0.003315,0.084331,0.048616,0.000015,0.031163,0.009935
ACCGCAATAACTGCCT-1,0.040111,0.193955,0.272323,0.037578,0.086904,0.048317,0.036881,0.078798,0.205133
ACCGCGGTGGAAGTCG-1,0.009633,0.550269,0.023018,0.049904,0.10269,0.001093,0.10189,0.013749,0.147754
ACCGCTAGTCATTGGT-1,0.061562,0.074529,0.042536,0.521722,0.189929,0.004564,0.067526,0.001977,0.035655
ACCGGGCCTTTGTTGA-1,0.027064,0.298765,0.052991,0.018316,0.002973,0.021222,0.010976,0.435404,0.132288
ACCGGTCAGGTACACC-1,0.852285,0.000481,0.005432,0.004591,0.000083,0.001681,0.111349,0.019332,0.004768
ACCGTCCACTGGGCCC-1,0.975354,0.007164,0.008161,0.00001,0.002576,0.00001,0.00001,0.000582,0.006131
ACCGTGACCACGTGGG-1,0.018711,0.114572,0.030674,0.185662,0.458491,0.010406,0.147272,0.022941,0.011271
ACCTAAGTACCTTTCA-1,0.11509,0.196489,0.142945,0.157242,0.281993,0.009059,0.015793,0.028211,0.053178
ACCTAATCGACTTCCT-1,0.000023,0.615797,0.0262,0.0146,0.020856,0.068741,0.009879,0.173987,0.069916
ACCTACAGTATGTGGT-1,0.000017,0.431725,0.013726,0.032757,0.09008,0.154655,0.000236,0.047848,0.228958
ACCTACTATAAATCTA-1,0.063561,0.543562,0.008796,0.166386,0.124651,0.001062,0.023004,0.025409,0.043569
ACCTCAGCGAGGCGCA-1,0.038344,0.051982,0.440298,0.043768,0.040335,0.019627,0.021174,0.166626,0.177846
ACCTCCGCCCTCGCTG-1,0.046877,0.199671,0.19822,0.077779,0.13916,0.054078,0.044786,0.164968,0.07446
ACCTCCGTTATTCACC-1,0.005653,0.223626,0.083911,0.057377,0.064701,0.294938,0.004229,0.117739,0.147827
ACCTCGAACTTATGCT-1,0.979449,0.000809,0.008271,0.000375,0.000012,0.000142,0.000244,0.009418,0.00128
ACCTGCGTGTCATGTT-1,0.061661,0.054342,0.028935,0.651734,0.173499,0.001024,0.010979,0.005196,0.01263
ACGAAATGGGCGGCAC-1,0.034727,0.532661,0.089773,0.009401,0.006938,0.030779,0.003711,0.152491,0.139518
ACGACCCATGAGTTGC-1,0.061729,0.154057,0.011278,0.035017,0.010727,0.002333,0.176617,0.381415,0.166826
ACGACTCTAGGGCCGA-1,0.043807,0.084205,0.114256,0.321537,0.33486,0.043707,0.007699,0.006412,0.043517
ACGACTGGTCATACTC-1,0.043905,0.023556,0.091378,0.458409,0.076009,0.046949,0.139276,0.097012,0.023507
ACGAGATATTTGCTTA-1,0.04048,0.000089,0.000044,0.000044,0.000044,0.949105,0.010105,0.000044,0.000044
ACGAGGATACCACTCT-1,0.125803,0.022191,0.037382,0.508872,0.274547,0.008315,0.003732,0.000767,0.01839
ACGAGGTTTACAACGT-1,0.932378,0.021695,0.023312,0.005588,0.006531,0.000011,0.000011,0.000038,0.010435
ACGAGTACGGATGCCC-1,0.005281,0.382331,0.029449,0.057999,0.321914,0.149332,0.00004,0.019962,0.033692
ACGATACATAGAACTA-1,0.000034,0.237551,0.06848,0.030767,0.047418,0.305328,0.00629,0.214459,0.089673
ACGATACCTATCCTGA-1,0.025564,0.308778,0.094442,0.060948,0.050719,0.189707,0.044985,0.049653,0.175204
ACGATCATACATAGAG-1,0.028322,0.706172,0.002085,0.006637,0.078494,0.131317,0.020328,0.023836,0.002809
ACGATCATCTTGTAAA-1,0.000126,0.285924,0.011669,0.032073,0.056943,0.062088,0.109688,0.411794,0.029695
ACGATGCATATGTTAT-1,0.213781,0.117283,0.0724,0.006357,0.003507,0.156014,0.005174,0.257527,0.167957
ACGATGGATCCGATGC-1,0.082436,0.000142,0.000071,0.03673,0.000071,0.816826,0.057716,0.005767,0.00024
ACGCAAACTAATAGAT-1,0.04705,0.101776,0.08632,0.338053,0.076655,0.029454,0.093187,0.136153,0.091352
ACGCAATCACTACAGC-1,0.00439,0.03021,0.054999,0.060504,0.010913,0.269077,0.028603,0.401276,0.140027
ACGCATACGTTTACTA-1,0.101896,0.290948,0.153099,0.119306,0.195722,0.025913,0.004941,0.004003,0.104172
ACGCATTCGTGAGTAC-1,0.000021,0.409138,0.024632,0.049985,0.083316,0.000021,0.001214,0.090192,0.341481
ACGCCACTCGAAACAG-1,0.004875,0.138294,0.059258,0.352316,0.222147,0.009425,0.056741,0.061423,0.095522
ACGCCAGATGATTTCT-1,0.060664,0.000167,0.000083,0.000083,0.000083,0.200109,0.067526,0.671201,0.000083
ACGCCAGTGCGTTTGC-1,0.034301,0.006654,0.324584,0.050039,0.011491,0.107449,0.138886,0.283147,0.043449
ACGCCGCTAGACGACC-1,0.118181,0.358184,0.132141,0.025289,0.030259,0.015567,0.055566,0.117735,0.147076
ACGCCTGACACGCGCT-1,0.000015,0.427601,0.017657,0.014084,0.124958,0.286102,0.034416,0.071773,0.023394
ACGCGAAGTCAGACGA-1,0.000007,0.46207,0.074044,0.034065,0.401599,0.003569,0.00142,0.002414,0.020812
ACGCGCTACACAGGGT-1,0.021644,0.268362,0.200745,0.078286,0.208024,0.03056,0.03523,0.134355,0.022796
ACGCGGGCCAAGGACA-1,0.004405,0.427513,0.048862,0.047923,0.03947,0.002731,0.003593,0.193008,0.232495
ACGCGTTTCTTAAGAG-1,0.00133,0.764456,0.031819,0.031071,0.044915,0.021056,0.009523,0.015696,0.080133
ACGCTACTGAATGGGC-1,0.053611,0.079876,0.126,0.032566,0.013894,0.062817,0.077153,0.418766,0.135318
ACGCTAGTGATACACT-1,0.000021,0.313031,0.013713,0.092127,0.387751,0.139848,0.000021,0.007951,0.045538
ACGCTGTGAGGCGTAG-1,0.074052,0.183692,0.345321,0.025803,0.158368,0.049443,0.035873,0.085571,0.041876
ACGGAACACGAGTGCC-1,0.036005,0.024677,0.282236,0.097216,0.03115,0.072239,0.024899,0.171127,0.260453
ACGGAATTTAGCAAAT-1,0.000021,0.387539,0.022778,0.006409,0.242452,0.316261,0.000021,0.010735,0.013784
ACGGACGCAGCGACAA-1,0.909707,0.023689,0.015919,0.010439,0.021175,0.000942,0.000012,0.004967,0.013151
ACGGACTCTCAAAGCG-1,0.000008,0.208746,0.108522,0.162123,0.446541,0.011499,0.029464,0.010994,0.022103
ACGGATGGTGCGGATA-1,0.028035,0.197541,0.418475,0.039593,0.13477,0.023675,0.001457,0.060342,0.096111
ACGGCACTTGCTTGGG-1,0.00393,0.170509,0.242231,0.121334,0.115727,0.036524,0.024503,0.170718,0.114525
ACGGCCAACATGGACT-1,0.117664,0.275768,0.137083,0.132234,0.141924,0.008084,0.006197,0.029569,0.151477
ACGGCGACGATGGGAA-1,0.021176,0.270937,0.191224,0.065037,0.281998,0.017019,0.007997,0.065214,0.079398
ACGGCTGGATGTAGAA-1,0.838701,0.004389,0.001481,0.020849,0.002561,0.015374,0.076569,0.024765,0.015311
ACGGGAGTGTCGGCCC-1,0.232792,0.081115,0.217834,0.034337,0.021077,0.119106,0.139307,0.075516,0.078916
ACGGGTCATGTGACTT-1,0.000026,0.25767,0.01059,0.003654,0.153279,0.536277,0.011531,0.02611,0.000862
ACGGGTTGTGACCTGT-1,0.971708,0.000025,0.000012,0.000012,0.000012,0.000012,0.028192,0.000012,0.000012
