Barcode,Topic 1,Topic 2,Topic 3,Topic 4to5,Topic 6to7,Topic 8to13
AAACAAGTATCTCCCA-1,0.00002,0.430416,0.070041,0.047874,0.018771,0.432878
AAACAATCTACTAGCA-1,0.00014,0.027577,0.00014,0.277484,0.089417,0.605242
AAACACCAATAACTGC-1,0.000053,0.000053,0.028079,0.335044,0.204476,0.432295
AAACAGAGCGACTCCT-1,0.000029,0.053782,0.000029,0.218973,0.002087,0.725101
AAACAGCTTTCAGAAG-1,0.000054,0.000054,0.001419,0.708588,0.084996,0.204888
AAACAGGGTCTATATT-1,0.00005,0.00005,0.00005,0.641522,0.154993,0.203336
AAACAGTGTTCCTGGG-1,0.00002,0.00002,0.00002,0.357827,0.545344,0.09677
AAACATGGTGAGAGGA-1,0.590953,0.000024,0.000024,0.017751,0.391101,0.000146
AAACATTTCCCGGATT-1,0.000019,0.744555,0.049336,0.026417,0.011917,0.167756
AAACCCGAACGAAATC-1,0.000017,0.826822,0.022241,0.074582,0.076238,0.0001
AAACCGGAAATGTTAA-1,0.000022,0.778105,0.036,0.121649,0.060436,0.003787
AAACCGGGTAGGTACC-1,0.000014,0.000014,0.000014,0.000028,0.113927,0.886003
AAACCGTTCGTCCAGG-1,0.000049,0.000049,0.000049,0.700318,0.042566,0.25697
AAACCTAAGCAGCCGG-1,0.00001,0.005564,0.04633,0.096287,0.210531,0.641279
AAACCTCATGAAGTTG-1,0.000024,0.000024,0.014444,0.087556,0.17248,0.725472
AAACGAAGAACATACC-1,0.000053,0.000053,0.000053,0.800458,0.000105,0.199279
AAACGAAGATGGAGTA-1,0.000076,0.000076,0.000076,0.999168,0.000151,0.000454
AAACGAGACGGTTGAT-1,0.000023,0.000023,0.007595,0.321737,0.035607,0.635016
AAACGCCCGAGATCGG-1,0.000026,0.000026,0.000026,0.028947,0.24324,0.727734
AAACGCTGGGCACGAC-1,0.000012,0.39343,0.264605,0.000895,0.213793,0.127265
AAACGGGCGTACGGGT-1,0.013412,0.470901,0.072402,0.229834,0.095701,0.11775
AAACGGGTTGGTATCC-1,0.000217,0.036799,0.000217,0.516105,0.301201,0.145461
AAACGGTTGCGAACTG-1,0.000018,0.033329,0.000018,0.115954,0.428048,0.422635
AAACGTGTTCGCCCTA-1,0.000017,0.000017,0.000017,0.099668,0.259621,0.640661
AAACTAACGTGGCGAC-1,0.000052,0.000052,0.000052,0.60555,0.028159,0.366135
AAACTCGGTTCGCAAT-1,0.000024,0.009209,0.005993,0.502498,0.370769,0.111506
AAACTCGTGATATAAG-1,0.000012,0.044218,0.004031,0.000761,0.031497,0.919481
AAACTGCTGGCTCCAA-1,0.000013,0.047274,0.019275,0.060943,0.123742,0.748754
AAACTTAATTGCACGC-1,0.000051,0.008675,0.000051,0.892064,0.098855,0.000304
AAACTTGCAAACGTAT-1,0.000011,0.000011,0.005336,0.000021,0.156192,0.838429
AAAGAATGACCTTAGA-1,0.323867,0.000032,0.000032,0.347108,0.328765,0.000194
AAAGAATGTGGACTAA-1,0.000012,0.728144,0.078576,0.003388,0.179877,0.010003
AAAGACATGAAGTTTA-1,0.000041,0.154542,0.000041,0.47584,0.194915,0.174622
AAAGACCCAAGTCGCG-1,0.000061,0.000061,0.000061,0.999334,0.000121,0.000363
AAAGACTGGGCGCTTT-1,0.021246,0.000025,0.000025,0.233966,0.151829,0.59291
AAAGCTTGCCTACATA-1,0.000012,0.137615,0.023899,0.064402,0.351053,0.423019
AAAGGCCCTATAATAC-1,0.000046,0.008841,0.000046,0.586017,0.314662,0.090389
AAAGGCTACGGACCAT-1,0.000022,0.000022,0.000022,0.29158,0.344195,0.364159
AAAGGCTCTCGCGCCG-1,0.000023,0.000023,0.000023,0.176048,0.11981,0.704071
AAAGGGATGTAGCAAG-1,0.000017,0.000017,0.000017,0.045455,0.061698,0.892796
AAAGGGCAGCTTGAAT-1,0.000029,0.000029,0.000029,0.272922,0.16854,0.558453
AAAGGTAAGCTGTACC-1,0.000056,0.000056,0.000056,0.339098,0.043865,0.616869
AAAGTAGCATTGCTCA-1,0.00005,0.00005,0.00005,0.435417,0.0429,0.521531
AAAGTCACTGATGTAA-1,0.000022,0.020492,0.000022,0.232155,0.015136,0.732172
AAAGTCGACCCTCAGT-1,0.000017,0.000017,0.000017,0.000034,0.142974,0.856941
AAAGTGCCATCAATTA-1,0.000026,0.79445,0.022606,0.135035,0.047729,0.000154
AAAGTGTGATTTATCT-1,0.000036,0.692988,0.000036,0.173921,0.000072,0.132948
AAAGTTGACTCCCGTA-1,0.000035,0.480977,0.030071,0.264517,0.00007,0.22433
AAATAACCATACGGGA-1,0.000021,0.018976,0.011663,0.008798,0.038832,0.92171
AAATAAGGTAGTGCCC-1,0.000022,0.089264,0.004669,0.319511,0.174945,0.411589
AAATACCTATAAGCAT-1,0.001035,0.03309,0.02081,0.00921,0.033409,0.902445
AAATAGCTTAGACTTT-1,0.000017,0.237597,0.228524,0.11338,0.032642,0.38784
AAATAGGGTGCTATTG-1,0.000014,0.067383,0.062044,0.080265,0.045801,0.744494
AAATCCGATACACGCC-1,0.000009,0.000009,0.018584,0.025153,0.298858,0.657386
AAATCGCGGAAGGAGT-1,0.000075,0.000075,0.000075,0.999175,0.00015,0.00045
AAATCGTGTACCACAA-1,0.00001,0.00001,0.000098,0.000021,0.095855,0.904006
AAATCTAGCCCTGCTA-1,0.000021,0.918728,0.000021,0.081058,0.000043,0.000128
AAATCTGCCCGCGTCC-1,0.425551,0.045794,0.000014,0.139456,0.389099,0.000086
AAATGACTGATCAAAC-1,0.00001,0.00001,0.00001,0.005782,0.678998,0.31519
AAATGATTCGATCAGC-1,0.000038,0.000038,0.000038,0.035297,0.176205,0.788385
AAATGCTCGTTACGTT-1,0.000037,0.000037,0.000037,0.615775,0.02854,0.355572
AAATGGCATGTCTTGT-1,0.000036,0.000036,0.000036,0.295037,0.000072,0.704784
AAATGGCCCGTGCCCT-1,0.000046,0.000046,0.000046,0.378741,0.108481,0.512638
AAATGGTCAATGTGCC-1,0.000021,0.071245,0.003222,0.05458,0.084092,0.786841
AAATGTATCTTATCCC-1,0.403326,0.031206,0.000072,0.378589,0.000144,0.186662
AAATGTGGGTGCTCCT-1,0.000105,0.045989,0.054762,0.20935,0.184279,0.505516
AAATTAACGGGTAGCT-1,0.000022,0.000022,0.000022,0.238476,0.070285,0.691172
AAATTAATAAGCGCGA-1,0.071514,0.000074,0.000074,0.927749,0.000147,0.000442
AAATTACACGACTCTG-1,0.00002,0.017413,0.00002,0.019307,0.037539,0.9257
AAATTACCTATCGATG-1,0.006882,0.000015,0.000162,0.064061,0.006174,0.922706
AAATTCCAGGTCCAAA-1,0.000009,0.164463,0.433527,0.030591,0.085572,0.285839
AAATTGATAGTCCTTT-1,0.000078,0.000078,0.000078,0.520262,0.190992,0.288512
AAATTGCGGCGGTTCT-1,0.000256,0.090493,0.000256,0.299337,0.026178,0.583479
AAATTGGTGAGAAGCA-1,0.000025,0.000025,0.000025,0.279237,0.353931,0.366757
AAATTTACCGAAATCC-1,0.000041,0.000041,0.000041,0.161832,0.051135,0.786909
AAATTTGCGGGTGTGG-1,0.000013,0.000013,0.006727,0.014537,0.145829,0.832882
AACAACTGGTAGTTGC-1,0.000024,0.000024,0.000024,0.109885,0.074976,0.815066
AACAATACATTGTCGA-1,0.000016,0.000016,0.000016,0.032354,0.283968,0.68363
AACAATTACTCTACGC-1,0.000018,0.000018,0.000018,0.000036,0.050449,0.949463
AACACACGCTCGCCGC-1,0.000035,0.6367,0.000035,0.319705,0.000071,0.043454
AACACGACTGTACTGA-1,0.000035,0.000035,0.000035,0.200809,0.00007,0.799017
AACACGAGACGCGGCC-1,0.000038,0.000038,0.000038,0.367033,0.018611,0.614243
AACACGCGGCCGCGAA-1,0.000145,0.000145,0.042793,0.220031,0.085922,0.650963
AACAGCTGTGTGGCAA-1,0.000022,0.000022,0.000022,0.101145,0.267362,0.631426
AACAGGAAATCGAATA-1,0.000013,0.000013,0.000013,0.000156,0.023194,0.976612
AACAGGATGGGCCGCG-1,0.000015,0.000015,0.000015,0.000072,0.056336,0.943548
AACAGGTAGTATGGAT-1,0.000019,0.290327,0.249571,0.031283,0.216966,0.211835
AACATAGCGTGTATCG-1,0.000008,0.000008,0.003806,0.002059,0.628059,0.366059
AACATATCAACTGGTG-1,0.000018,0.035722,0.042434,0.095278,0.016232,0.810315
AACATCGATACGTCTA-1,0.000029,0.023506,0.000029,0.264887,0.02426,0.687289
AACATTGAAGTTGATC-1,0.000053,0.072077,0.000053,0.655923,0.179759,0.092136
AACATTGGTCAGCCGT-1,0.000291,0.000291,0.000291,0.700458,0.112577,0.186091
AACATTGTGACTCGAG-1,0.002659,0.000027,0.000027,0.417148,0.419542,0.160597
AACCAAGACTTCTCTG-1,0.001731,0.000015,0.000015,0.00003,0.143033,0.855175
AACCAGTATCACTCTT-1,0.000037,0.010415,0.076895,0.166346,0.166738,0.57957
AACCATAGGGTTGAAC-1,0.00003,0.00003,0.02108,0.549833,0.251984,0.177044
AACCATGGGATCGCTA-1,0.000063,0.000063,0.000063,0.999303,0.000127,0.00038
AACCCAGAGACGGAGA-1,0.000062,0.000062,0.000062,0.795889,0.000123,0.203803
AACCCATCCCATGATC-1,0.000079,0.04076,0.000079,0.78357,0.012623,0.162889
AACCCGACAACCCGTG-1,0.000025,0.000025,0.000025,0.272449,0.44143,0.286046
AACCCGAGCAGAATCG-1,0.000016,0.635376,0.01928,0.051502,0.202218,0.091607
AACCCGCTGTATTCCA-1,0.000016,0.000016,0.000136,0.010845,0.907453,0.081534
AACCCTACTGTCAATA-1,0.002367,0.523872,0.058113,0.224255,0.016296,0.175097
AACCCTGGTGGAACCA-1,0.000014,0.000014,0.000014,0.000027,0.060296,0.939636
AACCGAGCTTGGTCAT-1,0.008278,0.018334,0.021218,0.257542,0.105886,0.588744
AACCGCTAAGGGATGC-1,0.000025,0.319174,0.116951,0.093915,0.00147,0.468465
AACCGTTGTGTTTGCT-1,0.058453,0.00004,0.00004,0.130688,0.00008,0.810699
AACCTAAAGCCGTCCG-1,0.000101,0.000101,0.000101,0.723747,0.000202,0.275747
AACCTCGCTTTAGCCC-1,0.00215,0.015967,0.006964,0.139447,0.270564,0.564909
AACCTGTCACGGAATT-1,0.000015,0.000015,0.031518,0.035746,0.246384,0.686322
AACCTTTAAATACGGT-1,0.000011,0.000011,0.003734,0.046029,0.091423,0.858792
AACCTTTACGACGTCT-1,0.000024,0.000024,0.000024,0.006673,0.059072,0.934183
AACGAAAGTCGTCCCA-1,0.00005,0.031806,0.00005,0.765061,0.136451,0.066583
AACGACCTCCTAGCCG-1,0.012752,0.885514,0.000019,0.038312,0.063289,0.000113
AACGATAATGCCGTAG-1,0.005563,0.002151,0.077117,0.088746,0.10996,0.716463
AACGATAGAAGGGCCG-1,0.000027,0.000027,0.000027,0.11381,0.0727,0.813409
AACGATATGTCAACTG-1,0.00003,0.079931,0.00003,0.342674,0.00006,0.577274
AACGCATGATCTGGGT-1,0.000023,0.000023,0.000023,0.128587,0.075269,0.796075
AACGCGAACGGCAACA-1,0.000191,0.000191,0.000191,0.46756,0.217142,0.314723
AACGCGACCTTGGGCG-1,0.000025,0.000025,0.000025,0.366558,0.431405,0.201963
AACGCGGTCTCCAGCC-1,0.000058,0.000058,0.000058,0.44301,0.000116,0.556699
AACGCTGTTGCTGAAA-1,0.000088,0.549395,0.008553,0.283241,0.000175,0.158549
AACGGACGTACGTATA-1,0.000018,0.720356,0.134961,0.000036,0.000036,0.144595
AACGGCCATCTCCGGT-1,0.00001,0.00001,0.00001,0.00002,0.034689,0.965261
AACGTACTGTGGGTAC-1,0.000034,0.021312,0.000034,0.260678,0.143741,0.5742
AACGTAGTCTACCCAT-1,0.000205,0.000205,0.000205,0.398297,0.255162,0.345927
AACGTCAGACTAGTGG-1,0.000045,0.000045,0.000045,0.563483,0.000091,0.43629
AACGTCGCTGCACTTC-1,0.001092,0.998761,0.000013,0.000027,0.000027,0.00008
AACGTGATGAAGGACA-1,0.000026,0.000026,0.000026,0.060653,0.00431,0.934959
AACGTGCGAAAGTCTC-1,0.000018,0.004656,0.0047,0.110764,0.067764,0.812097
AACGTTATCAGCACCT-1,0.267054,0.012302,0.060963,0.419728,0.000158,0.239794
AACGTTCTACCATTGT-1,0.000014,0.999826,0.000014,0.000029,0.000029,0.000087
AACTACCCGTTTGTCA-1,0.000043,0.519802,0.004173,0.285737,0.189989,0.000257
AACTAGCGTATCGCAC-1,0.000115,0.068599,0.088218,0.262909,0.000231,0.579929
AACTAGGCTTGGGTGT-1,0.000033,0.03764,0.000033,0.406796,0.143841,0.411659
AACTCAAGTTAATTGC-1,0.000532,0.000011,0.000011,0.040286,0.031249,0.92791
AACTCCAGAGCGTGTT-1,0.009029,0.487675,0.086285,0.347894,0.000098,0.069019
AACTCCTAATCCCATG-1,0.000074,0.000074,0.000074,0.493352,0.0684,0.438025
AACTCGATAAACACGT-1,0.000207,0.078593,0.000207,0.45405,0.000414,0.46653
AACTCGATGGCGCAGT-1,0.077913,0.089115,0.000164,0.263226,0.000328,0.569254
AACTCTCAATAGAGCG-1,0.000014,0.029891,0.021032,0.048204,0.0012,0.89966
AACTCTCAGTGTGCTC-1,0.000024,0.000024,0.000024,0.128013,0.194027,0.677888
AACTGAGGTCAGCGTC-1,0.000025,0.000025,0.000025,0.00005,0.049146,0.950728
AACTGAGTTATACTGA-1,0.001581,0.289022,0.095769,0.166082,0.377773,0.069773
AACTGATATTAGGCCT-1,0.034015,0.00005,0.00005,0.760165,0.000101,0.205619
AACTGGGTCCCGACGT-1,0.000008,0.000008,0.000008,0.000016,0.001325,0.998637
AACTGGGTTCGAGCCG-1,0.02823,0.000063,0.000063,0.740606,0.000125,0.230914
AACTGGTGTGGGCCTT-1,0.000062,0.000062,0.000062,0.999318,0.000124,0.000372
AACTTCTGCGTCTATC-1,0.000046,0.163856,0.000046,0.835679,0.000093,0.000279
AACTTGCCCGTATGCA-1,0.00002,0.00002,0.00002,0.00004,0.00004,0.99986
AACTTGCGTTCTCGCG-1,0.008301,0.021753,0.00013,0.194793,0.08133,0.693693
AACTTTACGGGAGCTT-1,0.000028,0.000028,0.093328,0.324335,0.278551,0.30373
AACTTTAGCTGCTGAG-1,0.000117,0.046925,0.038042,0.432827,0.000233,0.481856
AAGAAAGTTTGATGGG-1,0.000041,0.000041,0.000041,0.888403,0.11123,0.000245
AAGAAGGATCAGTTAG-1,0.010932,0.076648,0.021381,0.283449,0.134131,0.47346
AAGACATACGTGGTTT-1,0.000017,0.887755,0.000017,0.02775,0.08436,0.000101
AAGACCAAATAACTCA-1,0.006096,0.00005,0.00005,0.871619,0.109452,0.012732
AAGACCCAACTGAACA-1,0.000011,0.042743,0.001257,0.092763,0.332876,0.530348
AAGACTAACCCGTTGT-1,0.000226,0.03975,0.000226,0.324662,0.070587,0.56455
AAGACTCACGCCCACT-1,0.000051,0.033718,0.000051,0.795677,0.00722,0.163282
AAGACTGCAAGCTACT-1,0.000012,0.014332,0.020449,0.001647,0.053712,0.909848
AAGAGATGAATCGGTA-1,0.000036,0.000036,0.000036,0.320212,0.028159,0.651522
AAGAGCTCTTTATCGG-1,0.000032,0.004673,0.11009,0.320483,0.049471,0.515251
AAGAGGATGTACGCGA-1,0.000037,0.000037,0.000037,0.247417,0.000074,0.752397
AAGAGGCATGGATCGC-1,0.000013,0.000013,0.009587,0.019564,0.018458,0.952364
AAGAGGCCCTTTGGAA-1,0.018513,0.655014,0.075461,0.001632,0.125627,0.123753
AAGATGGCACCGGACC-1,0.000026,0.000026,0.000026,0.27531,0.307017,0.417594
AAGATTGGCGGAACGT-1,0.092358,0.298342,0.019969,0.145602,0.000046,0.443684
AAGCACCCTGCGTATC-1,0.000013,0.105668,0.026508,0.007474,0.133088,0.72725
AAGCATACTCTCCTGA-1,0.000015,0.134125,0.028293,0.080705,0.135056,0.621806
AAGCCACTTGCAGGTA-1,0.000011,0.031598,0.033448,0.000023,0.773266,0.161654
AAGCCGAAGCGGTTTA-1,0.000032,0.746936,0.062543,0.190234,0.000064,0.000191
AAGCCGCCGTGAAATC-1,0.00425,0.00004,0.00004,0.630892,0.249473,0.115306
AAGCCGGAGAGCAGGA-1,0.000022,0.776034,0.007852,0.143536,0.069053,0.003503
AAGCGCAGGGCTTTGA-1,0.000024,0.055216,0.000626,0.331595,0.392275,0.220266
AAGCGGCGTCATGGGT-1,0.040772,0.000049,0.000049,0.041933,0.025517,0.891679
AAGCGTCCCTCATCGA-1,0.000022,0.000022,0.000022,0.000043,0.20916,0.790732
AAGCTAGATCGAGTAA-1,0.000019,0.026854,0.008996,0.160986,0.040819,0.762326
AAGCTATGGATTGACC-1,0.017064,0.049983,0.000031,0.668488,0.252916,0.011519
AAGCTCGTGCCAAGTC-1,0.000031,0.000031,0.000031,0.313144,0.022385,0.664377
AAGCTCTTTCATGGTG-1,0.002905,0.12465,0.128185,0.204812,0.089751,0.449697
AAGGAGAACTTATAAG-1,0.000089,0.051452,0.000089,0.584449,0.000179,0.363742
AAGGAGCGGTTGGTGC-1,0.000047,0.000047,0.000047,0.449325,0.050446,0.500088
AAGGATCGATCGCTTG-1,0.000021,0.279985,0.340248,0.071298,0.043154,0.265294
AAGGATGAGGGACCTC-1,0.000033,0.079815,0.000033,0.372786,0.000066,0.547266
AAGGCAGGCTGTCTCC-1,0.000024,0.254331,0.103217,0.339709,0.242346,0.060374
AAGGCGCGTAAAGCTT-1,0.001767,0.000039,0.000039,0.513244,0.041961,0.442951
AAGGCTGTGCTCATCG-1,0.00001,0.00001,0.00001,0.000019,0.001086,0.998866
AAGGGAACGACTGGCT-1,0.000058,0.000058,0.000058,0.628266,0.208206,0.163354
AAGGGACAGATTCTGT-1,0.000028,0.15852,0.009495,0.293486,0.002596,0.535876
AAGGGACTATGCATTC-1,0.000052,0.000052,0.000052,0.529467,0.227344,0.243033
AAGGGTTAGCCATGCG-1,0.000022,0.942429,0.000022,0.05735,0.000044,0.000132
AAGGGTTTGATTTCAG-1,0.134762,0.000059,0.000059,0.556386,0.189088,0.119646
AAGGTATCCTAATATA-1,0.005187,0.000024,0.000024,0.140479,0.027664,0.826623
AAGGTGATAAACCAGC-1,0.000031,0.449337,0.029613,0.321963,0.000061,0.198995
AAGTAAGCTTCCAAAC-1,0.000143,0.000143,0.288714,0.381001,0.02016,0.309838
AAGTAGAAGACCGGGT-1,0.000026,0.000026,0.000026,0.021172,0.0109,0.967849
AAGTAGTGACGCGAGG-1,0.000031,0.000031,0.000031,0.235149,0.040212,0.724544
AAGTCAATTGTCGTCA-1,0.000027,0.279018,0.171387,0.0552,0.033357,0.46101
AAGTCTTCTGTGGCCT-1,0.000061,0.000061,0.000061,0.898735,0.10072,0.000363
AAGTGACGACCGAATT-1,0.000054,0.000054,0.000054,0.467535,0.097005,0.4353
AAGTGAGTCGGGTTTA-1,0.000024,0.000024,0.000024,0.206826,0.359212,0.433891
AAGTGCAAAGGTAGAC-1,0.019082,0.000067,0.000067,0.938865,0.000135,0.041784
AAGTGCCTTGACTGTA-1,0.006021,0.657194,0.141941,0.006715,0.000265,0.187864
AAGTGCGTTAGAATCT-1,0.053529,0.00003,0.00003,0.091359,0.150176,0.704876
AAGTGCTTCTCTATTG-1,0.000016,0.000016,0.000016,0.125826,0.584476,0.28965
AAGTGTTTGGAGACGG-1,0.000013,0.035993,0.302071,0.065529,0.013226,0.583168
AAGTTCACTCCAAGCT-1,0.000035,0.032851,0.178485,0.387287,0.034193,0.367149
AAGTTCAGTCTGCGTA-1,0.000049,0.068333,0.017928,0.422045,0.025635,0.466011
AAGTTCGGCCAACAGG-1,0.000026,0.002365,0.031382,0.079965,0.104146,0.782116
AAGTTGTGATGTTATA-1,0.000013,0.91188,0.004954,0.000026,0.08305,0.000077
AAGTTTACTAATGGCA-1,0.000054,0.000054,0.000054,0.77125,0.000108,0.228481
AAGTTTATGGGCCCAA-1,0.00002,0.026479,0.003079,0.389557,0.426174,0.15469
AATAACAACGCTCGGC-1,0.000018,0.000018,0.000018,0.008436,0.045125,0.946386
AATAACACTAGAACAA-1,0.000035,0.013825,0.000035,0.494554,0.072008,0.419543
AATAACGTCGCGCCCA-1,0.00001,0.999878,0.00001,0.00002,0.00002,0.000061
AATAAGTCCTCGAGAC-1,0.000031,0.000031,0.000031,0.36034,0.000062,0.639505
AATAATCTTCGTATCG-1,0.000013,0.660308,0.105309,0.005701,0.201685,0.026984
AATACAATGTTTCAGG-1,0.000026,0.000026,0.000026,0.173994,0.134161,0.691766
AATACCGGAGGGCTGT-1,0.000017,0.000017,0.000017,0.034563,0.461138,0.504247
AATACCTGATGTGAAC-1,0.000013,0.785159,0.075635,0.000027,0.139086,0.00008
AATAGAACAGAGTGGC-1,0.000504,0.000031,0.000031,0.352683,0.129416,0.517335
AATAGAATCTGTTTCA-1,0.187103,0.180006,0.092049,0.182911,0.000067,0.357863
AATAGCAAGCCTCCTG-1,0.000042,0.000042,0.000042,0.161903,0.228888,0.609085
AATAGCTACCGCGTGC-1,0.000022,0.000022,0.000022,0.013598,0.134113,0.852225
AATAGTCCGTCCCGAC-1,0.000032,0.216818,0.009453,0.338411,0.096789,0.338497
AATAGTCGCGAGTCGG-1,0.000081,0.000081,0.000081,0.978071,0.000162,0.021525
AATATCAAGGTCGGAT-1,0.000069,0.000069,0.000069,0.999242,0.000138,0.000413
AATATCCTAGCAAACT-1,0.018213,0.000063,0.000063,0.936116,0.016776,0.028768
AATATCGAATCAATGC-1,0.000028,0.729743,0.002354,0.108997,0.000056,0.158822
AATATCGAGGGTTCTC-1,0.000025,0.006418,0.006265,0.176767,0.04398,0.766544
AATATTGGAGTATTGA-1,0.000015,0.000015,0.006346,0.000031,0.051279,0.942314
AATCAGACTGCAGGAC-1,0.000246,0.000246,0.000246,0.446068,0.048699,0.504495
AATCAGGTTTCATTTA-1,0.000029,0.000029,0.000029,0.245382,0.45957,0.29496
AATCATGTAAAGACTC-1,0.000032,0.811231,0.018592,0.149543,0.000065,0.020537
AATCCAAGGGCCTGAG-1,0.000023,0.010719,0.004666,0.0796,0.045098,0.859894
AATCCATGCAAGGGTG-1,0.000154,0.000154,0.000154,0.447036,0.047414,0.505089
AATCCCGCTCAGAGCC-1,0.00001,0.00001,0.007054,0.004848,0.704175,0.283903
AATCGAGGTCTCAAGG-1,0.000018,0.083955,0.007428,0.329915,0.529759,0.048926
AATCGCCTCAGCGCCA-1,0.000034,0.039041,0.06451,0.503473,0.000068,0.392874
AATCGCGCAGAGGACT-1,0.000028,0.275211,0.058405,0.237924,0.243199,0.185234
AATCGGGACACTACGA-1,0.000025,0.000025,0.000025,0.067965,0.125077,0.806882
AATCGGTATAGCCCTC-1,0.000012,0.750217,0.045759,0.000024,0.096017,0.107971
AATCGTGAGCCGAGCA-1,0.000011,0.093997,0.079325,0.036001,0.262585,0.528081
AATCTAGGTTTACTTG-1,0.000038,0.000038,0.000038,0.215148,0.195403,0.589336
AATCTATGCCGGAGCC-1,0.002639,0.01408,0.000025,0.156361,0.08856,0.738335
AATCTCTACTGTGGTT-1,0.000043,0.000043,0.000043,0.279923,0.1863,0.53365
AATCTGCGTTGGGACG-1,0.000019,0.000019,0.225464,0.119537,0.000039,0.654922
AATCTGGCTTTCTAGT-1,0.000057,0.000057,0.000057,0.427933,0.215526,0.356368
AATCTGGGTAGACCCT-1,0.000054,0.000054,0.000054,0.497731,0.020877,0.481229
AATGACAGCAATGTCT-1,0.000019,0.000019,0.000019,0.000038,0.073528,0.926378
AATGACGTAGGATGTC-1,0.000021,0.000021,0.011866,0.122294,0.0211,0.844699
AATGACTGTCAGCCGG-1,0.000041,0.000041,0.000041,0.237143,0.0061,0.756634
AATGAGTTCGCATATG-1,0.005408,0.026775,0.000111,0.182782,0.057837,0.727086
AATGATGATACGCTAT-1,0.000014,0.000014,0.000014,0.000028,0.000699,0.999232
AATGATGCGACTCCTG-1,0.000016,0.000016,0.000016,0.024195,0.0138,0.961956
AATGCAACCGGGTACC-1,0.018087,0.002396,0.000047,0.664259,0.028147,0.287063
AATGCACCAAGCAATG-1,0.000019,0.086516,0.013637,0.019769,0.006759,0.873302
AATGGTCCACCGTTCA-1,0.00002,0.00002,0.0012,0.02786,0.113011,0.857888
AATGGTTCTCACAAGC-1,0.000024,0.000024,0.000024,0.016445,0.109608,0.873874
AATGTATGGCACTGTA-1,0.000081,0.000081,0.000081,0.990696,0.008578,0.000484
AATGTGCCCGAGGTGT-1,0.000047,0.000047,0.000047,0.202245,0.245726,0.551889
AATGTGCTAATCTGAG-1,0.000014,0.000014,0.000014,0.000028,0.417465,0.582464
AATGTTAAGACCCTGA-1,0.000015,0.19052,0.002699,0.24534,0.4997,0.061726
AATGTTGTCGTGAGAC-1,0.000019,0.997998,0.000019,0.001807,0.000039,0.000117
AATTAAAGGTCGGCGT-1,0.00002,0.025507,0.00002,0.050753,0.063086,0.860614
AATTAACGGATTTCCA-1,0.000023,0.07584,0.008542,0.299876,0.148631,0.467087
AATTACGAGACCCATC-1,0.00006,0.22422,0.00006,0.728867,0.000119,0.046674
AATTACTCGTACGCTC-1,0.022398,0.000178,0.000178,0.507462,0.000356,0.469428
AATTAGCGCTGCAGCG-1,0.00001,0.00001,0.00001,0.000021,0.049874,0.950074
AATTATACCCAGCAAG-1,0.000011,0.002477,0.024722,0.091482,0.702739,0.178568
AATTCATAAGGGATCT-1,0.130588,0.349204,0.000037,0.254954,0.000073,0.265144
AATTCATTGTCATGCA-1,0.000081,0.000081,0.000081,0.999106,0.000162,0.000487
AATTCCAACTTGGTGA-1,0.000256,0.077831,0.000256,0.442479,0.004822,0.474355
AATTCCAAGCATGTAC-1,0.000018,0.00406,0.000018,0.071245,0.501637,0.423022
AATTCGATTCGAGGAT-1,0.000012,0.000012,0.000012,0.101228,0.307219,0.591517
AATTCTAGAGTTAGGC-1,0.000038,0.000038,0.000038,0.383682,0.044902,0.571302
AATTGAACGCTCTGGT-1,0.000014,0.139956,0.179968,0.037961,0.021792,0.620308
AATTGCAGCAATCGAC-1,0.000033,0.741035,0.007018,0.164632,0.087085,0.000197
AATTGCGTGGATTACA-1,0.000061,0.000061,0.000061,0.914358,0.085093,0.000366
AATTGTGGTTGCCAAA-1,0.000016,0.852036,0.000016,0.028769,0.119068,0.000095
AATTTGGGACATAGTA-1,0.000031,0.000031,0.000031,0.028096,0.050939,0.920872
AATTTGGTTCCAAAGA-1,0.000035,0.000035,0.000035,0.182334,0.000071,0.817488
ACAAACCATGCGTCCT-1,0.000034,0.000034,0.000034,0.71147,0.288225,0.000204
ACAAACCGACAAGGCG-1,0.017837,0.0001,0.172629,0.460591,0.000199,0.348644
ACAAACTCCATCAGAG-1,0.000012,0.000012,0.000526,0.000025,0.773871,0.225554
ACAAAGAAGGTAGGCC-1,0.000066,0.000066,0.000066,0.999276,0.000132,0.000395
ACAAAGCATGACCTAG-1,0.00001,0.901722,0.042487,0.000021,0.008501,0.047259
ACAAATCGCACCGAAT-1,0.000015,0.128127,0.22413,0.13528,0.015271,0.497177
ACAAATGGTAGTGTTT-1,0.000051,0.190718,0.01693,0.711961,0.000102,0.080239
ACAAATTCAGATCTGA-1,0.00004,0.00004,0.002592,0.04501,0.109621,0.842698
ACAACAGCATGAGCTA-1,0.000019,0.000019,0.000047,0.112337,0.102534,0.785045
ACAACGGTCCCTGCGA-1,0.000034,0.000034,0.000034,0.192307,0.070868,0.736722
ACAAGCAGTGCCTAGC-1,0.000029,0.000029,0.000029,0.095657,0.081678,0.822578
ACAAGCTATATGGAAG-1,0.000072,0.000072,0.000072,0.999205,0.000145,0.000434
ACAAGGAAATCCGCCC-1,0.000008,0.000008,0.005616,0.000016,0.07789,0.916462
ACAAGGACAAGAGGTT-1,0.000028,0.000028,0.000028,0.42262,0.005001,0.572295
ACAAGGATGCTTTAGG-1,0.000016,0.188243,0.099134,0.042394,0.092499,0.577715
ACAAGGCCTACCAGCC-1,0.000048,0.015846,0.000048,0.33922,0.027822,0.617014
ACAAGGGCAGGCTCTG-1,0.000022,0.02727,0.005074,0.271063,0.113238,0.583332
ACAAGTAATTGTAAGG-1,0.000027,0.001188,0.00099,0.286354,0.426729,0.284711
ACAATAGTCGTACGTT-1,0.000023,0.000023,0.000023,0.000045,0.113386,0.886501
ACAATCCATTTAAACC-1,0.000015,0.012314,0.003648,0.044196,0.057576,0.882251
ACAATCGATCTTTATA-1,0.075632,0.113857,0.002516,0.514341,0.025093,0.268561
ACAATGAATACGGAGA-1,0.000027,0.000027,0.000027,0.108033,0.236286,0.6556
ACAATGATTCTTCTAC-1,0.008452,0.00005,0.00005,0.475528,0.190802,0.325118
ACAATTGTGTCTCTTT-1,0.023427,0.761543,0.000041,0.174832,0.000082,0.040075
ACAATTTAGGAGGCTC-1,0.000054,0.000054,0.000054,0.742558,0.176198,0.08108
ACAATTTGAGCAGTGG-1,0.000023,0.000023,0.000023,0.078716,0.026059,0.895158
ACAATTTGGCCATATT-1,0.000017,0.083288,0.176137,0.148146,0.371528,0.220885
ACACAAAGACGGGTGG-1,0.000021,0.000021,0.000021,0.150642,0.017957,0.831339
ACACACCAGGACCAGT-1,0.000026,0.262645,0.155372,0.099608,0.000051,0.482298
ACACACTTTCTACACG-1,0.000016,0.000016,0.000016,0.000033,0.037031,0.962887
ACACATGATCAAATCT-1,0.000058,0.000058,0.000058,0.754459,0.186402,0.058966
ACACATTGACGCAACA-1,0.000159,0.000159,0.000159,0.539164,0.000319,0.460039
ACACATTTCCGTAGAC-1,0.000016,0.000016,0.000016,0.266754,0.553209,0.179987
ACACCACATAATTAGC-1,0.000016,0.00615,0.011854,0.233963,0.187068,0.560949
ACACCCAGCATGCAGC-1,0.000022,0.000022,0.000022,0.04613,0.039826,0.913977
ACACCCGAGAAATCCG-1,0.00002,0.00002,0.00002,0.010697,0.065374,0.923868
ACACCGAGCGCTCTTT-1,0.039462,0.096228,0.000116,0.278961,0.000232,0.585002
ACACCGGTCTGACCGC-1,0.00003,0.36208,0.007777,0.428654,0.110652,0.090807
ACACCTTAAGTAGGGC-1,0.016741,0.000045,0.000045,0.259889,0.013595,0.709686
ACACCTTACTACTTGC-1,0.000014,0.068932,0.444696,0.000028,0.155329,0.331001
ACACGAGACTCCTTCT-1,0.000018,0.139433,0.003282,0.036894,0.014056,0.806318
ACACGGCACTATGCAT-1,0.000041,0.000041,0.000041,0.341868,0.000081,0.657929
ACACGGGAACTTAGGG-1,0.000024,0.000024,0.000024,0.150669,0.000049,0.849209
ACACGTAGGCCACAAG-1,0.000028,0.856161,0.000028,0.12155,0.022064,0.000169
ACACTCCAATGTCACT-1,0.000059,0.000059,0.000059,0.999351,0.000118,0.000354
ACACTGATCAAGGTGT-1,0.000043,0.000043,0.000043,0.457308,0.124123,0.41844
ACACTGGGACAGTCGT-1,0.000016,0.999808,0.000016,0.000032,0.000032,0.000096
ACAGAACTGAGAACAA-1,0.000038,0.000038,0.000038,0.356112,0.083716,0.560059
ACAGATTAGGTTAGTG-1,0.000029,0.000029,0.009108,0.208229,0.009377,0.773227
ACAGCATAGAGCCAGT-1,0.000023,0.000023,0.000023,0.056813,0.058371,0.884746
ACAGCGACATTCTCAT-1,0.030509,0.611142,0.034029,0.083587,0.240507,0.000227
ACAGCGCACCCGCAGC-1,0.000071,0.000071,0.000071,0.437976,0.000141,0.561671
ACAGGCACGGATCCTT-1,0.000021,0.723196,0.014722,0.126911,0.135022,0.000127
ACAGGCTTGCCCGACT-1,0.000016,0.214827,0.085204,0.033364,0.032773,0.633816
ACAGGTGGAGGTGAGG-1,0.000019,0.000019,0.000019,0.093196,0.073364,0.833383
ACAGGTGTGTTGTTGC-1,0.000065,0.025519,0.000065,0.966477,0.007487,0.000388
ACAGTAATACAACTTG-1,0.001413,0.000032,0.002288,0.2984,0.131647,0.566221
ACAGTATACCGTGGGA-1,0.000032,0.000032,0.000032,0.417308,0.250437,0.332158
ACATAAGTCGTGGTGA-1,0.000076,0.000076,0.000076,0.999161,0.000153,0.000458
ACATAATAAGGCGGTG-1,0.039978,0.000017,0.000017,0.00048,0.114854,0.844654
ACATACAATCAAGCGG-1,0.000017,0.597096,0.040307,0.128899,0.215678,0.018003
ACATCAGCTGGGACGC-1,0.000027,0.000027,0.000027,0.146785,0.140939,0.712194
ACATCCCGGCCATACG-1,0.000035,0.086287,0.007018,0.254836,0.180664,0.471161
ACATCCTGGTAACTGT-1,0.000035,0.39178,0.069913,0.329484,0.007264,0.201525
ACATCGATCGTTTACC-1,0.000046,0.000046,0.000046,0.50781,0.000092,0.49196
ACATCGCAATATTCGG-1,0.000033,0.013735,0.000033,0.361539,0.510884,0.113775
ACATCGGTCAGCCGCG-1,0.000048,0.076177,0.000048,0.520237,0.011149,0.39234
ACATCGTATGCAATGG-1,0.000022,0.000022,0.176953,0.15297,0.006145,0.663888
ACATCGTTAACCTAGT-1,0.000049,0.000049,0.000049,0.328281,0.000097,0.671477
ACATCTCAACGCGTAA-1,0.000082,0.000082,0.000082,0.920756,0.000165,0.078833
ACATGGCGCCAAAGTA-1,0.000027,0.478992,0.113382,0.160929,0.002981,0.243689
ACATGGCTCAATTTAG-1,0.000178,0.000178,0.000178,0.481583,0.000356,0.517527
ACATTAGTTTATATCC-1,0.042856,0.194906,0.000041,0.313846,0.043352,0.404999
ACATTCGCGCGGAATA-1,0.000035,0.000035,0.000035,0.558466,0.425681,0.015747
ACATTTGAAACCTAAC-1,0.000015,0.896274,0.00223,0.001449,0.099943,0.00009
ACCAAACACCCAGCGA-1,0.000017,0.00213,0.000017,0.160309,0.161877,0.67565
ACCAAACTAGAAATCC-1,0.000034,0.000034,0.004373,0.902344,0.023706,0.069509
ACCAACACCACACACT-1,0.000012,0.131313,0.025497,0.02179,0.072992,0.748397
ACCAACCGCACTCCAC-1,0.000028,0.675805,0.000841,0.15606,0.167101,0.000166
ACCAACGCTTATTTAT-1,0.000026,0.000026,0.000026,0.26996,0.192691,0.53727
ACCAAGAACGCGTGTC-1,0.000039,0.000039,0.000039,0.311021,0.000077,0.688786
ACCAAGTCATCGGCAG-1,0.000012,0.999854,0.000012,0.000024,0.000024,0.000073
ACCAATATGCAAGTTA-1,0.000025,0.000025,0.046164,0.325109,0.063813,0.564864
ACCACAACTCAGAACA-1,0.000031,0.000031,0.000031,0.098786,0.158282,0.74284
ACCACAAGTTTCTATC-1,0.000024,0.178534,0.016623,0.135055,0.04087,0.628893
ACCACACGGTTGATGG-1,0.000017,0.220894,0.006666,0.15325,0.518527,0.100647
ACCACCAATGTAACAA-1,0.008825,0.019543,0.415728,0.208955,0.055678,0.291271
ACCACCCTCTCTTCTA-1,0.000032,0.015871,0.000032,0.547987,0.323796,0.112282
ACCACGTGCAGCTATA-1,0.015377,0.143142,0.016162,0.098174,0.064874,0.662271
ACCACTGTTCAAGAAG-1,0.000162,0.000162,0.000162,0.501863,0.000324,0.497327
ACCAGACCATAACAAC-1,0.000044,0.000044,0.000044,0.999511,0.000089,0.000267
ACCAGCCCGGTCTTTG-1,0.000043,0.000043,0.000043,0.404226,0.015985,0.579661
ACCAGGAGTGTGATCT-1,0.00014,0.001057,0.177736,0.22379,0.000281,0.596996
ACCAGTGCCCGGTCAA-1,0.000039,0.000039,0.000039,0.048786,0.019979,0.931116
ACCAGTGCGGGAGACG-1,0.000035,0.75885,0.001169,0.152029,0.00007,0.087847
ACCATATCCGCAATAA-1,0.000011,0.003362,0.017849,0.000022,0.093835,0.884921
ACCATCCGCCAACTAG-1,0.000058,0.000058,0.000058,0.590358,0.10656,0.302908
ACCATCGTATATGGTA-1,0.000032,0.000032,0.000032,0.070344,0.025308,0.904253
ACCATTAAGGGTGTCA-1,0.00782,0.000132,0.000132,0.442398,0.110506,0.439012
ACCCAACGCCCGTGGC-1,0.013665,0.095097,0.0245,0.058318,0.00232,0.806099
ACCCACCTACATGCTC-1,0.000029,0.000029,0.000029,0.170557,0.032875,0.796482
ACCCATCTTGAGGGTA-1,0.000915,0.000022,0.000022,0.015858,0.056889,0.926294
ACCCATTTGTCCCTCT-1,0.000022,0.98392,0.000038,0.015841,0.000045,0.000134
ACCCGAGCGAAATTAC-1,0.000019,0.000019,0.000019,0.060376,0.239284,0.700282
ACCCGATTGGTTCCGA-1,0.000023,0.000023,0.000023,0.158139,0.495462,0.346329
ACCCGGAAACTCCCAG-1,0.000012,0.000012,0.009857,0.000024,0.235489,0.754606
ACCCGGAGCACCACAA-1,0.000027,0.728808,0.000027,0.147737,0.123237,0.000163
ACCCGGATGACGCATC-1,0.000018,0.29392,0.183788,0.005719,0.000282,0.516273
ACCCGGTTACACTTCC-1,0.000033,0.000033,0.000033,0.129459,0.08478,0.785662
ACCCGTAGCAGAGAAT-1,0.000034,0.304511,0.002718,0.620855,0.071681,0.000201
ACCCGTAGTCTAGTTG-1,0.001992,0.975538,0.003654,0.00003,0.018697,0.00009
ACCCGTGTCATCAGTA-1,0.000025,0.158482,0.000025,0.252175,0.082387,0.506906
ACCCTATAGGACTGAG-1,0.009449,0.064143,0.000139,0.157225,0.000278,0.768767
ACCCTATGCCATATCG-1,0.000077,0.000077,0.000077,0.570359,0.099654,0.329757
ACCCTCCCGTCAGGGC-1,0.000022,0.879782,0.000022,0.115313,0.000637,0.004224
ACCCTCCCTTGCTATT-1,0.000034,0.323312,0.074543,0.368818,0.000068,0.233226
ACCCTGGTAACGCCCT-1,0.000016,0.010615,0.010532,0.052876,0.192125,0.733836
ACCCTTCATCTGCGAA-1,0.000021,0.000021,0.000021,0.067747,0.001369,0.930821
ACCCTTTAGTTCTCCA-1,0.000037,0.000037,0.000037,0.117469,0.071585,0.810836
ACCGAAAGGGCCCTGC-1,0.000025,0.000025,0.000025,0.282809,0.043641,0.673474
ACCGAAGAGTCTGGTT-1,0.000059,0.000059,0.000059,0.987532,0.011936,0.000355
ACCGACACATCTCCCA-1,0.000017,0.016629,0.000017,0.159532,0.220572,0.603232
ACCGACTGAGTCCCAC-1,0.000029,0.061986,0.020155,0.171174,0.016648,0.730008
ACCGAGTCTCCTTATT-1,0.000008,0.000008,0.003403,0.027064,0.548873,0.420644
ACCGATAGGCATAACC-1,0.001137,0.911148,0.001542,0.018901,0.067174,0.000098
ACCGATATTTAATCAT-1,0.000018,0.759449,0.015717,0.001404,0.223302,0.00011
ACCGATGGTAGCATCG-1,0.000017,0.039625,0.068848,0.067078,0.006472,0.81796
ACCGCAATAACTGCCT-1,0.000022,0.042675,0.017278,0.389229,0.050941,0.499854
ACCGCGGTGGAAGTCG-1,0.00002,0.623091,0.136221,0.002481,0.00004,0.238148
ACCGCTAGTCATTGGT-1,0.000015,0.000015,0.000199,0.000031,0.749238,0.2505
ACCGGGCCTTTGTTGA-1,0.000055,0.615111,0.000055,0.331314,0.000111,0.053353
ACCGGTCAGGTACACC-1,0.00005,0.00005,0.00005,0.669301,0.165647,0.164901
ACCGGTCTGAGTACGG-1,0.000054,0.000054,0.000054,0.383987,0.000107,0.615745
ACCGTCCACTGGGCCC-1,0.045232,0.000045,0.000045,0.680667,0.190456,0.083556
ACCGTGACCACGTGGG-1,0.03938,0.000019,0.000028,0.051906,0.314964,0.593703
ACCGTTCCCGCTCTGA-1,0.000082,0.000082,0.000082,0.883163,0.004054,0.112538
ACCTAAGTACCTTTCA-1,0.000015,0.000015,0.000015,0.00003,0.140253,0.859672
ACCTAATCGACTTCCT-1,0.000043,0.000043,0.000043,0.540107,0.042942,0.416821
ACCTACAGTATGTGGT-1,0.000031,0.362357,0.021728,0.2419,0.019442,0.354541
ACCTACTATAAATCTA-1,0.000013,0.000013,0.000013,0.04999,0.437262,0.512708
ACCTCCGCCCTCGCTG-1,0.000011,0.052614,0.263338,0.000022,0.339077,0.344938
ACCTCCGTTATTCACC-1,0.000021,0.019981,0.002158,0.077538,0.254296,0.646005
ACCTCGAACTTATGCT-1,0.000037,0.020533,0.000037,0.73164,0.24753,0.000222
ACCTGCGTGTCATGTT-1,0.000021,0.000021,0.000021,0.001168,0.104864,0.893904
ACCTTTCCTTTAGAAG-1,0.000146,0.050785,0.000146,0.381212,0.05593,0.511782
ACGAAATGGGCGGCAC-1,0.000025,0.000025,0.000025,0.071008,0.102471,0.826446
ACGACCCATGAGTTGC-1,0.000013,0.508667,0.223433,0.000026,0.24509,0.022772
ACGACTCTAGGGCCGA-1,0.000014,0.568019,0.044438,0.086131,0.282571,0.018826
ACGACTGGTCATACTC-1,0.000023,0.000023,0.000023,0.231632,0.412597,0.3557
ACGAGAACCCATCACG-1,0.000148,0.000148,0.000148,0.282738,0.094433,0.622385
ACGAGATATTTGCTTA-1,0.000067,0.000067,0.000067,0.367432,0.000135,0.632232
ACGAGGATACCACTCT-1,0.001907,0.000025,0.000025,0.001829,0.183986,0.812228
ACGAGGTTTACAACGT-1,0.041787,0.031369,0.000043,0.82158,0.104961,0.000259
ACGAGTACGGATGCCC-1,0.000019,0.009144,0.000019,0.000037,0.004555,0.986227
ACGAGTCGCCGGCGTT-1,0.00023,0.04157,0.061933,0.282642,0.198572,0.415053
ACGATACATAGAACTA-1,0.000016,0.000016,0.004615,0.001536,0.005917,0.987899
ACGATACCTATCCTGA-1,0.092231,0.007341,0.000082,0.899689,0.000164,0.000493
ACGATCATACATAGAG-1,0.000043,0.118622,0.000043,0.353333,0.088195,0.439765
ACGATCATCTTGTAAA-1,0.000032,0.056756,0.189622,0.39351,0.006802,0.353277
ACGATGCATATGTTAT-1,0.000031,0.005241,0.000031,0.403647,0.016977,0.574073
ACGATGGATCCGATGC-1,0.000035,0.000035,0.000035,0.201084,0.000069,0.798743
ACGCAAACTAATAGAT-1,0.000014,0.000014,0.000014,0.072052,0.286095,0.641813
ACGCAATCACTACAGC-1,0.000019,0.028279,0.035198,0.03301,0.127037,0.776458
ACGCATAAATGACATG-1,0.000027,0.022698,0.013107,0.089365,0.235549,0.639254
ACGCATACGTTTACTA-1,0.00002,0.930105,0.009277,0.00004,0.00004,0.060518
ACGCATTCGTGAGTAC-1,0.000016,0.000016,0.000016,0.000031,0.018046,0.981876
ACGCCACTCGAAACAG-1,0.00002,0.008814,0.00002,0.401163,0.57567,0.014312
ACGCCAGATGATTTCT-1,0.000023,0.000023,0.000023,0.088962,0.004179,0.90679
ACGCCAGTGCGTTTGC-1,0.00001,0.146106,0.468598,0.00002,0.359697,0.025569
ACGCCCAGCTGTCGAT-1,0.000073,0.000073,0.000073,0.804294,0.000147,0.195339
ACGCCGCTAGACGACC-1,0.000019,0.004366,0.002445,0.186076,0.048454,0.75864
ACGCGAAGTCAGACGA-1,0.000027,0.030034,0.000027,0.207924,0.060803,0.701185
ACGCGCTACACAGGGT-1,0.000035,0.000035,0.000035,0.396269,0.197634,0.405993
ACGCGGGCCAAGGACA-1,0.000013,0.083638,0.013211,0.085285,0.008054,0.809798
ACGCGTTTCTTAAGAG-1,0.16582,0.000072,0.000072,0.833459,0.000144,0.000433
ACGCTACTGAATGGGC-1,0.000021,0.972997,0.000021,0.026789,0.000043,0.000129
ACGCTAGTGATACACT-1,0.000028,0.001548,0.000028,0.292135,0.059084,0.647177
ACGCTGTGAGGCGTAG-1,0.000048,0.000048,0.000048,0.296175,0.085021,0.618662
ACGCTTAGTGTCTCTC-1,0.000147,0.000147,0.000147,0.98492,0.000295,0.014343
ACGGAACACGAGTGCC-1,0.000022,0.676996,0.001767,0.09275,0.228332,0.000133
ACGGAATTTAGCAAAT-1,0.000053,0.000053,0.000053,0.999422,0.000105,0.000315
ACGGACGCAGCGACAA-1,0.000028,0.003021,0.000028,0.772479,0.224275,0.000169
ACGGACTCTCAAAGCG-1,0.000019,0.004647,0.101388,0.300467,0.218185,0.375294
ACGGAGCGCAAATTAC-1,0.000023,0.000023,0.000023,0.13458,0.094558,0.770793
ACGGATGGTGCGGATA-1,0.000023,0.00395,0.01253,0.280872,0.102841,0.599784
ACGGCACTTGCTTGGG-1,0.001824,0.038866,0.002853,0.640444,0.02671,0.289302
ACGGCCAACATGGACT-1,0.000012,0.027961,0.000012,0.070759,0.072367,0.828889
ACGGCGACGATGGGAA-1,0.000023,0.195116,0.025589,0.249518,0.000046,0.529708
ACGGCGGGTTGCCCTG-1,0.000204,0.000204,0.000204,0.259994,0.087763,0.651633
ACGGCTGGATGTAGAA-1,0.000056,0.018544,0.000056,0.940985,0.040021,0.000337
ACGGGAGTGTCGGCCC-1,0.000024,0.000024,0.000024,0.000048,0.082937,0.916944
ACGGGCGTATGCGACA-1,0.012614,0.0301,0.00002,0.277786,0.132582,0.546898
ACGGGTCATGTGACTT-1,0.11547,0.024293,0.000105,0.272679,0.000209,0.587244
ACGGGTTGTGACCTGT-1,0.011279,0.038009,0.02247,0.527596,0.273535,0.127112
ACGGTACAGTTCAATG-1,0.00002,0.668723,0.004127,0.073285,0.253726,0.000119
ACGGTCACCGAGAACA-1,0.000034,0.026095,0.000034,0.76292,0.194066,0.016851
ACGTACAGATTTCTCT-1,0.000015,0.000015,0.000015,0.000029,0.012843,0.987084
ACGTACTTTGGCACGG-1,0.000019,0.000019,0.000019,0.116067,0.505223,0.378654
ACGTAGATTGCTGATG-1,0.000055,0.027812,0.000055,0.400294,0.000111,0.571673
ACGTAGGAGAGTCGCT-1,0.000021,0.028683,0.007635,0.311211,0.43478,0.217669
ACGTATTACTCCGATC-1,0.000036,0.672132,0.05218,0.203415,0.017258,0.05498
ACGTCCTAAACGAGAT-1,0.000135,0.000135,0.254213,0.275289,0.000271,0.469956
ACGTCGGGCAACTCGG-1,0.184269,0.036023,0.000029,0.471353,0.28982,0.018506
ACGTCTCGTTCCGGGA-1,0.000059,0.000059,0.000059,0.999351,0.000118,0.000354
ACGTGACAAAGTAAGT-1,0.000067,0.000067,0.000067,0.999263,0.000134,0.000402
ACGTGCGCCTCGTGCA-1,0.000045,0.000045,0.000045,0.455025,0.000089,0.544752
ACGTGGTCGAATGTGC-1,0.000102,0.000102,0.000102,0.998878,0.000204,0.000612
ACGTTAATGTCGAAGA-1,0.000014,0.000014,0.000014,0.012843,0.011848,0.975268
ACGTTAGATTTGCCCG-1,0.015255,0.000051,0.000051,0.325936,0.015177,0.64353
ACGTTATTGGTCACTC-1,0.147604,0.000088,0.000088,0.60855,0.000176,0.243493
ACGTTCACTATGCCGC-1,0.000016,0.000016,0.000016,0.013436,0.783814,0.202701
ACGTTCCGCGCTCCGT-1,0.000063,0.000063,0.000063,0.841028,0.042162,0.116622
ACGTTCGCAATCAATT-1,0.00003,0.217496,0.039213,0.451521,0.00006,0.291681
ACGTTCGTTCAGGAAA-1,0.000026,0.000026,0.000026,0.233658,0.235798,0.530465
ACGTTCTGTACAAGTC-1,0.000044,0.470034,0.050722,0.325772,0.132364,0.021064
ACGTTGTCGTTGAAAG-1,0.000021,0.000021,0.000021,0.000042,0.692333,0.307563
ACGTTTAGTTGTGATC-1,0.000052,0.036617,0.000052,0.289963,0.000105,0.673211
ACGTTTCGGTGCACTT-1,0.000016,0.999806,0.000016,0.000032,0.000032,0.000097
ACTAATACGTCAGGCG-1,0.000063,0.000063,0.000063,0.182401,0.005426,0.811984
ACTACAAAGAGAGGTG-1,0.000016,0.009826,0.000016,0.189413,0.440575,0.360153
ACTACATCCCGACAAG-1,0.000029,0.174177,0.052295,0.558884,0.169278,0.045337
ACTACCAGCTCTCTGG-1,0.018092,0.000031,0.000031,0.055494,0.020615,0.905737
ACTACCATCCGAGGGC-1,0.000018,0.000018,0.000018,0.000973,0.692757,0.306216
ACTACGCGTTAGAATT-1,0.000019,0.013287,0.002576,0.133572,0.296043,0.554503
ACTAGTTGCGATCGTC-1,0.00004,0.772918,0.031412,0.136431,0.00008,0.059119
ACTATATGCTGTGTTC-1,0.000092,0.000092,0.000092,0.632421,0.000184,0.367118
ACTATCCAGGGCATGG-1,0.000029,0.533939,0.005453,0.172969,0.000057,0.287554
ACTATCGCCGGCTAAA-1,0.026788,0.000148,0.000148,0.589961,0.000296,0.382658
ACTATCTGCCCGCGTA-1,0.00003,0.77707,0.00003,0.188729,0.033962,0.000179
ACTATGTCCAGCTGCC-1,0.000037,0.000037,0.000037,0.600292,0.350783,0.048814
ACTATTCGTCCGTGGT-1,0.000025,0.000025,0.000025,0.116749,0.00005,0.883127
ACTATTTCCGGGCCCA-1,0.000019,0.000019,0.000019,0.03184,0.262223,0.70588
ACTCAACGAATGTATT-1,0.000152,0.07621,0.008335,0.110858,0.130852,0.673592
ACTCAAGTGCAAGGCT-1,0.000045,0.139537,0.008337,0.531333,0.145672,0.175076
ACTCAATAAAGGCACG-1,0.000039,0.030401,0.000039,0.43642,0.000077,0.533024
ACTCAGACCTGCTTCT-1,0.000052,0.000052,0.000052,0.999432,0.000103,0.00031
ACTCATGGCAGCCTTC-1,0.000053,0.029824,0.000053,0.807055,0.162694,0.00032
ACTCCAATATCATCAT-1,0.000018,0.000018,0.007062,0.000036,0.375735,0.617131
ACTCCCATTCCTAAAG-1,0.000022,0.020753,0.016221,0.007321,0.163966,0.791717
ACTCCCGAATTCGTTT-1,0.004874,0.240355,0.072586,0.182885,0.00005,0.49925
ACTCCCGTAGACTAGG-1,0.000021,0.057038,0.000021,0.265875,0.212951,0.464094
ACTCCCTAATGCTAAA-1,0.000011,0.084508,0.011085,0.006657,0.118289,0.779449
ACTCCCTAGAATAGTA-1,0.00002,0.048788,0.061523,0.166593,0.120976,0.6021
ACTCCGGCCGACCACT-1,0.000014,0.693666,0.000014,0.115924,0.166569,0.023812
ACTCGATGTATTTCAT-1,0.014861,0.030913,0.005859,0.379887,0.045063,0.523417
ACTCGCCGTTCGATAA-1,0.000017,0.855075,0.005896,0.000033,0.123209,0.01577
ACTCGCGATCTGACGC-1,0.000014,0.021406,0.207154,0.077566,0.4021,0.29176
ACTCGTAACCCGTCCT-1,0.000048,0.000048,0.000048,0.283746,0.08211,0.634
ACTCGTCAGTAATCCC-1,0.000019,0.03801,0.043743,0.01208,0.006764,0.899384
ACTCTAAACCTGGGAT-1,0.455318,0.031033,0.000065,0.498106,0.000131,0.015348
ACTCTCTGACTTAGGT-1,0.000044,0.01954,0.000044,0.481601,0.012012,0.48676
ACTCTCTTATACACGA-1,0.000048,0.000048,0.000048,0.132512,0.145204,0.722141
ACTCTGACCTAATAGA-1,0.000023,0.668434,0.000836,0.158054,0.170445,0.002208
ACTCTTCAGCTCCCGC-1,0.000913,0.000019,0.021141,0.136191,0.431851,0.409885
ACTCTTGTATAGTAAC-1,0.000033,0.101264,0.00011,0.317446,0.000065,0.581082
ACTGAAACGCCGTTAG-1,0.010699,0.868135,0.009683,0.065247,0.000057,0.046178
ACTGAATGGCGAAAGT-1,0.000028,0.418578,0.018797,0.388608,0.000057,0.173932
ACTGATTTAGTGATTC-1,0.000071,0.000071,0.000071,0.219931,0.150143,0.629712
ACTGCCCGCCATTCTC-1,0.000022,0.000022,0.000022,0.129869,0.613791,0.256273
ACTGCCGTCGTAACTC-1,0.000034,0.000034,0.000034,0.31235,0.000069,0.687477
ACTGCGGACACACCGT-1,0.002091,0.167213,0.005457,0.51222,0.099877,0.213141
