Barcode,Topic 1,Topic 2,Topic 3to4,Topic 5to8,Topic 9,Topic 10
AAACAAGTATCTCCCA-1,0.460915,0.068565,0.034988,0.374782,0.001579,0.059172
AAACACCAATAACTGC-1,0.014814,0.215699,0.187503,0.354737,0.015463,0.211785
AAACAGAGCGACTCCT-1,0.046206,0.000037,0.222155,0.728148,0.000037,0.003416
AAACAGCTTTCAGAAG-1,0.022729,0.236102,0.609029,0.000288,0.131781,0.000072
AAACAGGGTCTATATT-1,0.000066,0.159479,0.644623,0.000264,0.094672,0.100896
AAACAGTGTTCCTGGG-1,0.000026,0.000026,0.182628,0.221586,0.000026,0.595709
AAACATGGTGAGAGGA-1,0.000032,0.105756,0.000063,0.000126,0.893991,0.000032
AAACATTTCCCGGATT-1,0.766645,0.005596,0.034915,0.191942,0.000025,0.000877
AAACCACTACACAGAT-1,0.000018,0.000018,0.119052,0.464729,0.214743,0.201439
AAACCCGAACGAAATC-1,0.836846,0.056941,0.014983,0.000087,0.08689,0.004253
AAACCGGAAATGTTAA-1,0.775712,0.013738,0.111256,0.005822,0.000029,0.093442
AAACCGGGTAGGTACC-1,0.000018,0.000018,0.000138,0.950102,0.034874,0.014849
AAACCGTTCGTCCAGG-1,0.000064,0.001456,0.78604,0.063412,0.000064,0.148965
AAACCTAAGCAGCCGG-1,0.03348,0.003537,0.041335,0.723061,0.012968,0.185618
AAACCTCATGAAGTTG-1,0.000032,0.039315,0.178043,0.562989,0.143508,0.076113
AAACGAAGAACATACC-1,0.000069,0.263995,0.735519,0.000277,0.000069,0.000069
AAACGAAGATGGAGTA-1,0.0001,0.881327,0.117856,0.000401,0.0001,0.000216
AAACGACAGTCTTGCC-1,0.000052,0.27096,0.588546,0.000206,0.000052,0.140185
AAACGAGACGGTTGAT-1,0.00003,0.001881,0.418348,0.529032,0.00003,0.050679
AAACGCCCGAGATCGG-1,0.000035,0.000035,0.159271,0.61247,0.044687,0.183503
AAACGCTGGGCACGAC-1,0.521161,0.000016,0.002972,0.356825,0.04827,0.070756
AAACGGGCGTACGGGT-1,0.491118,0.071236,0.185111,0.10848,0.037081,0.106974
AAACGGTTGCGAACTG-1,0.030237,0.000023,0.054483,0.54576,0.021238,0.348258
AAACGTGTTCGCCCTA-1,0.000022,0.000022,0.116593,0.75459,0.000022,0.128751
AAACTAACGTGGCGAC-1,0.025358,0.017795,0.795667,0.085237,0.001634,0.074309
AAACTCGGTTCGCAAT-1,0.000032,0.036312,0.435174,0.11559,0.036384,0.376507
AAACTCGTGATATAAG-1,0.047315,0.000016,0.017184,0.933432,0.000016,0.002037
AAACTGCTGGCTCCAA-1,0.055629,0.000991,0.075084,0.808517,0.016396,0.043382
AAACTTAATTGCACGC-1,0.000067,0.774081,0.037479,0.000269,0.000067,0.188038
AAACTTGCAAACGTAT-1,0.000014,0.000014,0.004521,0.897678,0.077809,0.019964
AAAGAATGACCTTAGA-1,0.002781,0.472827,0.000085,0.00017,0.524095,0.000043
AAAGAATGTGGACTAA-1,0.764716,0.000016,0.000032,0.12099,0.000016,0.11423
AAAGACATGAAGTTTA-1,0.162701,0.380286,0.133017,0.098134,0.217648,0.008215
AAAGACCCAAGTCGCG-1,0.000081,0.43995,0.559484,0.000323,0.000081,0.000081
AAAGACTGGGCGCTTT-1,0.000032,0.050843,0.488209,0.225905,0.208143,0.026869
AAAGCTTGCCTACATA-1,0.148998,0.000016,0.03413,0.531995,0.03684,0.24802
AAAGGCCCTATAATAC-1,0.017654,0.284938,0.329127,0.000251,0.07089,0.297139
AAAGGCTACGGACCAT-1,0.000029,0.044146,0.207888,0.491185,0.000029,0.256723
AAAGGCTCTCGCGCCG-1,0.000031,0.0049,0.220104,0.620033,0.000031,0.154902
AAAGGGATGTAGCAAG-1,0.000022,0.000022,0.092866,0.899924,0.000022,0.007144
AAAGGGCAGCTTGAAT-1,0.000037,0.022864,0.428945,0.316787,0.100072,0.131295
AAAGGTAAGCTGTACC-1,0.000073,0.000073,0.537623,0.439393,0.000073,0.022764
AAAGGTCAACGACATG-1,0.00007,0.538252,0.382441,0.000281,0.00007,0.078886
AAAGTAGCATTGCTCA-1,0.016602,0.019712,0.461427,0.361248,0.000066,0.140944
AAAGTCACTGATGTAA-1,0.030116,0.120689,0.335597,0.428938,0.084631,0.000029
AAAGTCGACCCTCAGT-1,0.000022,0.000022,0.037427,0.767874,0.116845,0.077811
AAAGTGCCATCAATTA-1,0.796845,0.089903,0.020646,0.000134,0.000034,0.092438
AAAGTGTGATTTATCT-1,0.665586,0.017362,0.265181,0.051778,0.000047,0.000047
AAAGTTGACTCCCGTA-1,0.4814,0.139451,0.247635,0.127545,0.003923,0.000046
AAATAACCATACGGGA-1,0.032798,0.001469,0.026987,0.933625,0.002197,0.002924
AAATAAGGTAGTGCCC-1,0.070372,0.051965,0.341437,0.317359,0.043012,0.175856
AAATACCTATAAGCAT-1,0.043886,0.007228,0.014885,0.916606,0.011946,0.005448
AAATAGCTTAGACTTT-1,0.346196,0.088443,0.016574,0.535298,0.003014,0.010476
AAATAGGGTGCTATTG-1,0.095545,0.020489,0.061027,0.800525,0.004556,0.017858
AAATCACTCCTAAACG-1,0.147558,0.275375,0.546917,0.000201,0.00005,0.029899
AAATCCGATACACGCC-1,0.011863,0.000012,0.004685,0.783711,0.006959,0.192771
AAATCGCGGAAGGAGT-1,0.000101,0.88281,0.116486,0.000402,0.000101,0.000101
AAATCGTGTACCACAA-1,0.000013,0.000013,0.027103,0.940192,0.031988,0.00069
AAATCTAGCCCTGCTA-1,0.924115,0.055953,0.018809,0.001068,0.000028,0.000028
AAATCTGCCCGCGTCC-1,0.032873,0.232989,0.000037,0.000074,0.734008,0.000019
AAATGACTGATCAAAC-1,0.000013,0.000013,0.000027,0.567791,0.10033,0.331826
AAATGATTCGATCAGC-1,0.000049,0.000049,0.038196,0.80702,0.086631,0.068056
AAATGCTCGTTACGTT-1,0.000049,0.555656,0.054043,0.26983,0.120373,0.000049
AAATGGCATGTCTTGT-1,0.000047,0.000047,0.559789,0.440022,0.000047,0.000047
AAATGGCCCGTGCCCT-1,0.000061,0.076969,0.506183,0.228148,0.060878,0.127761
AAATGGTCAATGTGCC-1,0.062138,0.000027,0.171821,0.712561,0.027873,0.02558
AAATTAACGGGTAGCT-1,0.000029,0.03555,0.316193,0.584116,0.011405,0.052706
AAATTAATAAGCGCGA-1,0.000099,0.870944,0.128362,0.000397,0.000099,0.000099
AAATTACACGACTCTG-1,0.015968,0.000027,0.046224,0.936977,0.000027,0.000778
AAATTACCTATCGATG-1,0.00002,0.007286,0.051147,0.941074,0.000452,0.00002
AAATTCCAGGTCCAAA-1,0.344061,0.007011,0.000024,0.506503,0.141349,0.001052
AAATTGATAGTCCTTT-1,0.000103,0.219085,0.361293,0.159508,0.04946,0.210551
AAATTGGTGAGAAGCA-1,0.000033,0.055107,0.234752,0.391699,0.040934,0.277475
AAATTTACCGAAATCC-1,0.000054,0.045627,0.254073,0.613497,0.045452,0.041297
AAATTTGCGGGTGTGG-1,0.000016,0.000019,0.016014,0.893306,0.000016,0.090627
AACAACTGGTAGTTGC-1,0.000032,0.026982,0.163881,0.755282,0.000032,0.053791
AACAATACATTGTCGA-1,0.000021,0.000021,0.042438,0.761524,0.000351,0.195645
AACAATTACTCTACGC-1,0.000023,0.000023,0.030001,0.904383,0.050415,0.015155
AACACACGCTCGCCGC-1,0.606674,0.072772,0.308327,0.012134,0.000046,0.000046
AACACGACTGTACTGA-1,0.000046,0.000046,0.465783,0.49792,0.03616,0.000046
AACACGAGACGCGGCC-1,0.00005,0.00005,0.623749,0.277352,0.030895,0.067904
AACAGCTGTGTGGCAA-1,0.004278,0.012971,0.135377,0.728284,0.000029,0.119062
AACAGGAAATCGAATA-1,0.000016,0.000016,0.026873,0.960702,0.010879,0.001514
AACAGGATGGGCCGCG-1,0.000019,0.000019,0.017275,0.948202,0.016231,0.018255
AACAGGTAGTATGGAT-1,0.415074,0.000024,0.005874,0.453045,0.000024,0.125958
AACATAGCGTGTATCG-1,0.000011,0.000011,0.012703,0.609031,0.144699,0.233545
AACATATCAACTGGTG-1,0.051852,0.002526,0.068921,0.831652,0.000616,0.044433
AACATCGATACGTCTA-1,0.002033,0.000038,0.407323,0.561844,0.000038,0.028724
AACATTGAAGTTGATC-1,0.070373,0.537892,0.142588,0.010812,0.063765,0.174569
AACATTGTGACTCGAG-1,0.000035,0.044054,0.296525,0.232272,0.028197,0.398917
AACCAAGACTTCTCTG-1,0.00002,0.00002,0.020002,0.865782,0.023062,0.091114
AACCAGTATCACTCTT-1,0.040041,0.170026,0.020889,0.512185,0.189075,0.067784
AACCATAGGGTTGAAC-1,0.000039,0.544415,0.000079,0.214423,0.15548,0.085563
AACCATGGGATCGCTA-1,0.000085,0.940599,0.058808,0.000339,0.000085,0.000085
AACCCAGAGACGGAGA-1,0.000082,0.150823,0.848598,0.000329,0.000086,0.000082
AACCCATCCCATGATC-1,0.040142,0.378682,0.426265,0.028166,0.000104,0.126641
AACCCGACAACCCGTG-1,0.000033,0.010595,0.26574,0.323962,0.005646,0.394024
AACCCGAGCAGAATCG-1,0.65184,0.049261,0.000042,0.108578,0.100078,0.090201
AACCCGATAGGGCTTC-1,0.00003,0.00003,0.074938,0.469968,0.085695,0.369339
AACCCGCTGTATTCCA-1,0.000021,0.000021,0.000042,0.346044,0.145107,0.508767
AACCCTACTGTCAATA-1,0.526089,0.127704,0.163617,0.101433,0.08113,0.000028
AACCCTGGTGGAACCA-1,0.000018,0.000018,0.053185,0.842812,0.088676,0.015291
AACCGAGCTTGGTCAT-1,0.012923,0.045543,0.317098,0.486201,0.086579,0.051655
AACCGCTAAGGGATGC-1,0.372363,0.011905,0.138372,0.477294,0.000032,0.000032
AACCGTTGTGTTTGCT-1,0.000052,0.111926,0.232035,0.638589,0.017345,0.000052
AACCTAAAGCCGTCCG-1,0.000133,0.653504,0.073635,0.224039,0.048556,0.000133
AACCTCGCTTTAGCCC-1,0.017267,0.013812,0.189002,0.602393,0.040215,0.137311
AACCTGTCACGGAATT-1,0.012831,0.00002,0.083231,0.628065,0.109963,0.165891
AACCTTTAAATACGGT-1,0.000015,0.016492,0.042004,0.930897,0.001928,0.008664
AACCTTTACGACGTCT-1,0.000031,0.000031,0.070865,0.923237,0.000031,0.005804
AACGAAAGTCGTCCCA-1,0.031711,0.745857,0.01061,0.027704,0.184053,0.000065
AACGACCTCCTAGCCG-1,0.887134,0.038349,0.006018,0.000098,0.062505,0.005896
AACGATAATGCCGTAG-1,0.030932,0.000022,0.130517,0.733145,0.076698,0.028686
AACGATAGAAGGGCCG-1,0.000035,0.057529,0.245158,0.67703,0.016515,0.003732
AACGATATGTCAACTG-1,0.061363,0.029653,0.491213,0.415186,0.00004,0.002545
AACGCATGATCTGGGT-1,0.00003,0.00003,0.148584,0.755356,0.009966,0.086033
AACGCGACCTTGGGCG-1,0.000032,0.015562,0.248031,0.359618,0.000032,0.376724
AACGCGGTCTCCAGCC-1,0.000076,0.057714,0.635185,0.306872,0.000076,0.000076
AACGCTGTTGCTGAAA-1,0.536517,0.236321,0.139055,0.087878,0.000115,0.000115
AACGGACGTACGTATA-1,0.783518,0.000023,0.004808,0.20334,0.008288,0.000023
AACGGCCATCTCCGGT-1,0.000013,0.000013,0.000026,0.999922,0.000013,0.000013
AACGTACTGTGGGTAC-1,0.021691,0.048449,0.247036,0.517067,0.007374,0.158382
AACGTCAGACTAGTGG-1,0.00006,0.047813,0.793291,0.147657,0.001391,0.009788
AACGTCATCCGGCTTG-1,0.043566,0.01841,0.008541,0.332559,0.075405,0.52152
AACGTCGCTGCACTTC-1,0.986201,0.000017,0.000035,0.000069,0.013661,0.000017
AACGTGATGAAGGACA-1,0.000034,0.000034,0.1021,0.89339,0.004409,0.000034
AACGTGCGAAAGTCTC-1,0.002538,0.000024,0.213027,0.721881,0.014065,0.048465
AACGTTATCAGCACCT-1,0.056935,0.540065,0.041886,0.360905,0.000104,0.000104
AACGTTCTACCATTGT-1,0.99983,0.000019,0.000038,0.000075,0.000019,0.000019
AACTACCCGTTTGTCA-1,0.515675,0.266009,0.038319,0.000223,0.053404,0.12637
AACTAGGCTTGGGTGT-1,0.009569,0.005793,0.382291,0.355964,0.000043,0.24634
AACTCAAGTTAATTGC-1,0.000015,0.000015,0.049985,0.949033,0.000938,0.000015
AACTCCAGAGCGTGTT-1,0.500575,0.275836,0.153114,0.00084,0.037071,0.032564
AACTCCTAATCCCATG-1,0.000097,0.18108,0.474883,0.243052,0.034082,0.066806
AACTCTCAATAGAGCG-1,0.039756,0.037173,0.0088,0.914234,0.000018,0.000018
AACTCTCAGTGTGCTC-1,0.000031,0.000031,0.063171,0.774056,0.000031,0.162678
AACTGAGGTCAGCGTC-1,0.000033,0.000033,0.025023,0.974846,0.000033,0.000033
AACTGAGTTATACTGA-1,0.331981,0.074272,0.030098,0.255353,0.000045,0.308251
AACTGATATTAGGCCT-1,0.000066,0.164741,0.77658,0.021433,0.023764,0.013415
AACTGGGTCCCGACGT-1,0.00001,0.00001,0.002417,0.991895,0.005657,0.00001
AACTGGGTTCGAGCCG-1,0.000083,0.555901,0.272965,0.108667,0.0623,0.000083
AACTGGTGTGGGCCTT-1,0.009786,0.874973,0.114736,0.000336,0.000084,0.000084
AACTTCTGCGTCTATC-1,0.160098,0.734761,0.024557,0.000246,0.080276,0.000061
AACTTGCCCGTATGCA-1,0.000026,0.000026,0.006614,0.965422,0.027885,0.000026
AACTTTACGGGAGCTT-1,0.03337,0.294277,0.09213,0.231986,0.310999,0.037238
AACTTTCTCGATCATG-1,0.000029,0.000029,0.308927,0.418551,0.000029,0.272434
AAGAAAGTTTGATGGG-1,0.000054,0.69755,0.076181,0.000217,0.000054,0.225943
AAGAAATCACCAGATT-1,0.070656,0.003862,0.233874,0.392352,0.000027,0.29923
AAGACATACGTGGTTT-1,0.888183,0.020975,0.000044,0.000088,0.000022,0.090689
AAGACCAAATAACTCA-1,0.000067,0.695106,0.174001,0.002089,0.025844,0.102894
AAGACCCAACTGAACA-1,0.046108,0.004778,0.075174,0.682849,0.023229,0.167862
AAGACTCACGCCCACT-1,0.032069,0.591295,0.211514,0.115342,0.000068,0.049712
AAGACTGCAAGCTACT-1,0.022158,0.000015,0.015472,0.959493,0.000015,0.002847
AAGAGATGAATCGGTA-1,0.000046,0.038783,0.515381,0.353669,0.039661,0.052459
AAGAGCTCTTTATCGG-1,0.033836,0.055692,0.382875,0.42092,0.077497,0.02918
AAGAGGATGTACGCGA-1,0.000049,0.000049,0.515887,0.469008,0.014776,0.000233
AAGAGGCATGGATCGC-1,0.000017,0.000017,0.027068,0.96983,0.000017,0.003051
AAGAGGCCCTTTGGAA-1,0.687278,0.000021,0.003274,0.189048,0.055923,0.064456
AAGATGGCACCGGACC-1,0.000035,0.022829,0.269568,0.434582,0.000035,0.272951
AAGATTGGCGGAACGT-1,0.29316,0.086837,0.224275,0.303124,0.092575,0.00003
AAGCACCCTGCGTATC-1,0.116714,0.000017,0.037785,0.778936,0.030238,0.03631
AAGCATACTCTCCTGA-1,0.141124,0.000019,0.11307,0.652698,0.042121,0.050968
AAGCCACTTGCAGGTA-1,0.043692,0.000015,0.00003,0.207926,0.247621,0.500717
AAGCCGAAGCGGTTTA-1,0.779737,0.125536,0.06834,0.026303,0.000042,0.000042
AAGCCGCCGTGAAATC-1,0.000052,0.220055,0.435006,0.014711,0.01746,0.312716
AAGCCGCTTTACCTTG-1,0.06105,0.00002,0.025201,0.659976,0.000408,0.253345
AAGCCGGAGAGCAGGA-1,0.759899,0.01644,0.119106,0.002206,0.000028,0.102321
AAGCGCAGGGCTTTGA-1,0.047439,0.008018,0.203067,0.378015,0.000031,0.36343
AAGCGGAGTGCGCGCA-1,0.00002,0.00002,0.061288,0.761372,0.00002,0.177279
AAGCGGCGTCATGGGT-1,0.000064,0.000064,0.100565,0.809517,0.089726,0.000064
AAGCGTCCCTCATCGA-1,0.000028,0.000028,0.002839,0.870643,0.067304,0.059159
AAGCTAGATCGAGTAA-1,0.032405,0.079649,0.083623,0.787232,0.000025,0.017066
AAGCTATGGATTGACC-1,0.047372,0.575596,0.080778,0.000292,0.117094,0.178868
AAGCTCGTGCCAAGTC-1,0.000041,0.044459,0.365372,0.547851,0.000041,0.042236
AAGCTCTTTCATGGTG-1,0.162142,0.022515,0.264684,0.416342,0.080534,0.053783
AAGGAGAACTTATAAG-1,0.068674,0.340815,0.380565,0.20971,0.000118,0.000118
AAGGAGCGGTTGGTGC-1,0.000061,0.000061,0.585403,0.349053,0.000061,0.065359
AAGGATCGATCGCTTG-1,0.444292,0.033721,0.007857,0.502371,0.007094,0.004664
AAGGATGAGGGACCTC-1,0.061641,0.001403,0.52872,0.397794,0.000044,0.010398
AAGGCAGGCTGTCTCC-1,0.289543,0.166536,0.08056,0.181365,0.005882,0.276114
AAGGCGCGTAAAGCTT-1,0.000051,0.00934,0.758056,0.154322,0.031105,0.047125
AAGGCTGTGCTCATCG-1,0.000013,0.000013,0.000025,0.999925,0.000013,0.000013
AAGGGAACGACTGGCT-1,0.000076,0.295683,0.323039,0.115064,0.000076,0.266061
AAGGGACAGATTCTGT-1,0.154556,0.000036,0.432821,0.410917,0.000036,0.001634
AAGGGACTATGCATTC-1,0.000069,0.0255,0.55011,0.109747,0.000069,0.314504
AAGGGTTAGCCATGCG-1,0.940838,0.03448,0.02451,0.000115,0.000029,0.000029
AAGGGTTTGATTTCAG-1,0.000078,0.62509,0.000156,0.102711,0.271888,0.000078
AAGGTATCCTAATATA-1,0.000031,0.000031,0.273442,0.694628,0.031837,0.000031
AAGGTGATAAACCAGC-1,0.441613,0.06075,0.373201,0.124355,0.00004,0.00004
AAGTAGAAGACCGGGT-1,0.000034,0.000034,0.104357,0.855497,0.040043,0.000034
AAGTAGTGACGCGAGG-1,0.000041,0.052764,0.331099,0.564812,0.047865,0.003419
AAGTCAATTGTCGTCA-1,0.354143,0.000035,0.124479,0.507221,0.000035,0.014086
AAGTCTAGTAGCTGCC-1,0.000028,0.000028,0.335833,0.307937,0.000028,0.356145
AAGTCTTCTGTGGCCT-1,0.002963,0.743681,0.135886,0.000322,0.107673,0.009474
AAGTGACGACCGAATT-1,0.00007,0.035449,0.661143,0.218191,0.00007,0.085076
AAGTGAGTCGGGTTTA-1,0.000031,0.000031,0.155391,0.543974,0.000031,0.300542
AAGTGCAAAGGTAGAC-1,0.00009,0.537335,0.462038,0.000358,0.00009,0.00009
AAGTGCCTTGACTGTA-1,0.705938,0.002355,0.001448,0.229279,0.060954,0.000026
AAGTGCGTTAGAATCT-1,0.000039,0.04482,0.130933,0.62041,0.131337,0.072461
AAGTGCTTCTCTATTG-1,0.000021,0.000021,0.08054,0.275278,0.141837,0.502304
AAGTGTTTGGAGACGG-1,0.160273,0.000048,0.055002,0.724093,0.057614,0.00297
AAGTTCACTCCAAGCT-1,0.078191,0.11971,0.399656,0.325284,0.008668,0.068492
AAGTTCAGTCTGCGTA-1,0.06113,0.121279,0.333313,0.389226,0.000065,0.094986
AAGTTCGGCCAACAGG-1,0.01711,0.002414,0.165797,0.715158,0.048513,0.051008
AAGTTGTGATGTTATA-1,0.927785,0.000017,0.000033,0.033874,0.008781,0.02951
AAGTTTACTAATGGCA-1,0.000071,0.61616,0.329898,0.053728,0.000071,0.000071
AAGTTTATGGGCCCAA-1,0.016771,0.093712,0.215329,0.176575,0.108561,0.389053
AATAACAACGCTCGGC-1,0.000023,0.000023,0.06102,0.907227,0.015125,0.016583
AATAACACTAGAACAA-1,0.015449,0.000046,0.6269,0.277428,0.000046,0.08013
AATAACGTCGCGCCCA-1,0.996371,0.000013,0.000027,0.000053,0.003523,0.000013
AATAAGTCCTCGAGAC-1,0.000041,0.002737,0.724002,0.236864,0.036315,0.000041
AATAATCTTCGTATCG-1,0.70808,0.000017,0.000109,0.1681,0.000017,0.123676
AATACAATGTTTCAGG-1,0.000035,0.056119,0.372639,0.34438,0.223973,0.002855
AATACCGGAGGGCTGT-1,0.000023,0.000023,0.067961,0.560514,0.040191,0.33129
AATACCTGATGTGAAC-1,0.829589,0.000017,0.000035,0.049675,0.02062,0.100064
AATAGAACAGAGTGGC-1,0.00004,0.093824,0.276286,0.503582,0.026306,0.099962
AATAGAATCTGTTTCA-1,0.207338,0.232603,0.128957,0.312759,0.118299,0.000044
AATAGCAAGCCTCCTG-1,0.000054,0.000054,0.387151,0.441825,0.073843,0.097072
AATAGCTACCGCGTGC-1,0.000028,0.000028,0.065903,0.768191,0.048124,0.117725
AATAGGCACGACCCTT-1,0.000021,0.000021,0.004548,0.380738,0.175532,0.439139
AATAGTCCGTCCCGAC-1,0.207325,0.095354,0.253326,0.287336,0.022584,0.134075
AATAGTCGCGAGTCGG-1,0.000108,0.65817,0.341077,0.00043,0.000108,0.000108
AATATCAAGGTCGGAT-1,0.000092,0.940641,0.058714,0.000368,0.000092,0.000092
AATATCCTAGCAAACT-1,0.000085,0.77651,0.144762,0.00034,0.038868,0.039435
AATATCGAATCAATGC-1,0.714758,0.023119,0.166669,0.095381,0.000036,0.000036
AATATCGAGGGTTCTC-1,0.000033,0.047876,0.131943,0.724357,0.000033,0.095758
AATATTGGAGTATTGA-1,0.00002,0.00002,0.00004,0.929495,0.068201,0.002224
AATCAGGTTTCATTTA-1,0.000038,0.000038,0.199211,0.298407,0.016502,0.485804
AATCATGTAAAGACTC-1,0.806333,0.048653,0.130233,0.014697,0.000042,0.000042
AATCCAAGGGCCTGAG-1,0.013176,0.000031,0.290867,0.595743,0.094734,0.005449
AATCCCGCTCAGAGCC-1,0.007559,0.000013,0.000025,0.638191,0.023718,0.330494
AATCGAGGTCTCAAGG-1,0.076589,0.092634,0.048682,0.217431,0.000023,0.56464
AATCGCCTCAGCGCCA-1,0.027217,0.006194,0.848895,0.105016,0.000045,0.012632
AATCGCGCAGAGGACT-1,0.293829,0.208458,0.072184,0.156239,0.219969,0.04932
AATCGGGACACTACGA-1,0.000033,0.001971,0.274363,0.539977,0.174898,0.008759
AATCGGTATAGCCCTC-1,0.785848,0.000016,0.000031,0.191421,0.000081,0.022604
AATCGTGAGCCGAGCA-1,0.132628,0.000014,0.070372,0.68811,0.061262,0.047614
AATCTAGGTTTACTTG-1,0.00005,0.069738,0.201771,0.450821,0.06619,0.21143
AATCTATGCCGGAGCC-1,0.009751,0.046258,0.114064,0.74764,0.003104,0.079182
AATCTCTACTGTGGTT-1,0.000056,0.002533,0.530162,0.220274,0.098455,0.14852
AATCTGCGTTGGGACG-1,0.084,0.005057,0.11887,0.792023,0.000025,0.000025
AATCTGGCTTTCTAGT-1,0.000076,0.187475,0.273485,0.234638,0.122734,0.181593
AATCTGGGTAGACCCT-1,0.000071,0.0052,0.871611,0.064227,0.051295,0.007595
AATGACAGCAATGTCT-1,0.000025,0.000025,0.001437,0.974575,0.000025,0.023914
AATGACGTAGGATGTC-1,0.007599,0.03749,0.115443,0.837124,0.000027,0.002318
AATGACTGTCAGCCGG-1,0.000054,0.000054,0.425148,0.538257,0.027121,0.009366
AATGATGATACGCTAT-1,0.000018,0.000018,0.000825,0.999103,0.000018,0.000018
AATGATGCGACTCCTG-1,0.000021,0.000021,0.031716,0.9682,0.000021,0.000021
AATGCAACCGGGTACC-1,0.000062,0.058475,0.83463,0.060268,0.000062,0.046503
AATGCACCAAGCAATG-1,0.079897,0.000024,0.10783,0.752303,0.059922,0.000024
AATGGCCGCCAATGCG-1,0.000053,0.038569,0.744967,0.000214,0.000053,0.216143
AATGGTCCACCGTTCA-1,0.000026,0.029626,0.075575,0.717663,0.089918,0.08719
AATGGTTCTCACAAGC-1,0.000032,0.00759,0.099672,0.770077,0.08235,0.040279
AATGTATGGCACTGTA-1,0.000109,0.671283,0.194662,0.000436,0.000109,0.133401
AATGTGCCCGAGGTGT-1,0.000061,0.002123,0.355913,0.314315,0.139866,0.187722
AATGTGCTAATCTGAG-1,0.000018,0.000018,0.00633,0.700185,0.029701,0.263747
AATGTTAAGACCCTGA-1,0.175262,0.000615,0.161857,0.232554,0.00002,0.429693
AATGTTGTCGTGAGAC-1,0.99906,0.000738,0.000051,0.000101,0.000025,0.000025
AATTAAAGGTCGGCGT-1,0.008145,0.001197,0.145183,0.779567,0.016479,0.049429
AATTAACGGATTTCCA-1,0.069283,0.027312,0.291776,0.475568,0.00003,0.13603
AATTACGAGACCCATC-1,0.23494,0.65565,0.059371,0.049881,0.000079,0.000079
AATTAGCGCTGCAGCG-1,0.000013,0.000013,0.001097,0.998849,0.000013,0.000013
AATTATACCCAGCAAG-1,0.017515,0.000015,0.005738,0.482692,0.000015,0.494025
AATTCATAAGGGATCT-1,0.346755,0.067807,0.402416,0.131652,0.051322,0.000048
AATTCATTGTCATGCA-1,0.000108,0.680868,0.242701,0.000431,0.000108,0.075785
AATTCCAAGCATGTAC-1,0.007256,0.003452,0.01931,0.627705,0.004372,0.337906
AATTCGATTCGAGGAT-1,0.000016,0.000016,0.080012,0.764716,0.000016,0.155224
AATTCTAGAGTTAGGC-1,0.00005,0.027941,0.365632,0.476343,0.00005,0.129985
AATTGAACGCTCTGGT-1,0.230697,0.001466,0.016078,0.728378,0.000018,0.023362
AATTGCAGCAATCGAC-1,0.74691,0.122807,0.043822,0.000172,0.036761,0.049528
AATTGCGTGGATTACA-1,0.000081,0.845499,0.000163,0.000326,0.000081,0.15385
AATTGTGGTTGCCAAA-1,0.877295,0.039369,0.000041,0.000082,0.039212,0.044002
AATTTGGGACATAGTA-1,0.00004,0.00004,0.049647,0.939957,0.00004,0.010275
AATTTGGTTCCAAAGA-1,0.000047,0.000047,0.366878,0.632936,0.000047,0.000047
ACAAACCATGCGTCCT-1,0.000045,0.673444,0.009475,0.000179,0.152586,0.164272
ACAAACCGACAAGGCG-1,0.053169,0.387172,0.020163,0.36252,0.176845,0.000132
ACAAACTCCATCAGAG-1,0.000016,0.000016,0.000032,0.363546,0.313657,0.322733
ACAAAGAAGGTAGGCC-1,0.000089,0.79001,0.20937,0.000354,0.000089,0.000089
ACAAAGCATGACCTAG-1,0.920516,0.000013,0.000279,0.063444,0.015734,0.000013
ACAAATCGCACCGAAT-1,0.228993,0.107797,0.017334,0.621975,0.023214,0.000687
ACAAATGGTAGTGTTT-1,0.135435,0.214292,0.649111,0.000267,0.000067,0.000828
ACAAATTCAGATCTGA-1,0.000052,0.060656,0.002353,0.787234,0.104664,0.045042
ACAACAGCATGAGCTA-1,0.000024,0.02579,0.163868,0.699307,0.02926,0.081751
ACAACGGTCCCTGCGA-1,0.000045,0.006784,0.496777,0.371334,0.106322,0.018739
ACAAGCAGTGCCTAGC-1,0.000038,0.000038,0.347969,0.548463,0.069633,0.033859
ACAAGCTATATGGAAG-1,0.000097,0.820499,0.17882,0.000389,0.000097,0.000097
ACAAGGAAATCCGCCC-1,0.00001,0.00001,0.003658,0.992611,0.002272,0.001438
ACAAGGACAAGAGGTT-1,0.000037,0.017883,0.662123,0.311174,0.000037,0.008746
ACAAGGATGCTTTAGG-1,0.238312,0.023139,0.017843,0.584056,0.059027,0.077623
ACAAGGCCTACCAGCC-1,0.020962,0.000063,0.601327,0.263745,0.017343,0.09656
ACAAGGGCAGGCTCTG-1,0.022834,0.029334,0.265927,0.591264,0.000029,0.090612
ACAAGTAATTGTAAGG-1,0.000937,0.220026,0.008095,0.27286,0.000035,0.498046
ACAATAGTCGTACGTT-1,0.000029,0.000029,0.008489,0.868608,0.054236,0.068609
ACAATCCATTTAAACC-1,0.013406,0.029309,0.053979,0.864071,0.030317,0.008918
ACAATCGATCTTTATA-1,0.088725,0.455868,0.115807,0.09241,0.247081,0.000109
ACAATGAATACGGAGA-1,0.000036,0.043009,0.151087,0.59007,0.061007,0.154792
ACAATGATTCTTCTAC-1,0.000066,0.040415,0.565893,0.139471,0.082379,0.171775
ACAATTGTGTCTCTTT-1,0.742171,0.124144,0.119094,0.013277,0.001262,0.000053
ACAATTTAGGAGGCTC-1,0.000072,0.48363,0.325618,0.000288,0.176591,0.013801
ACAATTTGAGCAGTGG-1,0.000029,0.039955,0.103814,0.855245,0.000029,0.000926
ACAATTTGGCCATATT-1,0.162095,0.079889,0.012611,0.432354,0.026904,0.286148
ACACAAAGACGGGTGG-1,0.000027,0.008554,0.152348,0.821157,0.000027,0.017888
ACACAAATATTCCTAG-1,0.054631,0.00004,0.428922,0.22648,0.00004,0.289885
ACACACCAGGACCAGT-1,0.333359,0.034579,0.073931,0.558064,0.000034,0.000034
ACACACTTTCTACACG-1,0.000021,0.000021,0.018383,0.934821,0.046731,0.000021
ACACATGATCAAATCT-1,0.000077,0.537792,0.210704,0.000307,0.079589,0.171532
ACACATTTCCGTAGAC-1,0.000021,0.000021,0.203093,0.402029,0.000021,0.394815
ACACCACATAATTAGC-1,0.004686,0.000021,0.303675,0.558878,0.002645,0.130095
ACACCCAGCATGCAGC-1,0.000029,0.000029,0.137562,0.857191,0.001001,0.004187
ACACCCGAGAAATCCG-1,0.000026,0.006311,0.080714,0.808321,0.088978,0.01565
ACACCCGTAAATCTGT-1,0.00007,0.503698,0.398513,0.000279,0.00007,0.09737
ACACCGGTCTGACCGC-1,0.379065,0.419485,0.000291,0.119834,0.00004,0.081285
ACACCTTAAGTAGGGC-1,0.000058,0.09446,0.269178,0.615045,0.000058,0.0212
ACACCTTACTACTTGC-1,0.275639,0.000018,0.000037,0.658548,0.033125,0.032632
ACACGAGACTCCTTCT-1,0.13799,0.002716,0.02665,0.832596,0.000024,0.000024
ACACGGCACTATGCAT-1,0.000053,0.004737,0.693282,0.290424,0.011449,0.000053
ACACGGGAACTTAGGG-1,0.000032,0.000032,0.253194,0.745563,0.000032,0.001148
ACACGTAGGCCACAAG-1,0.844878,0.036101,0.090513,0.000147,0.000037,0.028325
ACACTCCAATGTCACT-1,0.000079,0.959158,0.000158,0.000315,0.040211,0.000079
ACACTGATCAAGGTGT-1,0.000057,0.000057,0.47215,0.360357,0.000057,0.167322
ACACTGGGACAGTCGT-1,0.999812,0.000021,0.000042,0.000083,0.000021,0.000021
ACAGAACTGAGAACAA-1,0.000049,0.011074,0.431632,0.412081,0.000049,0.145114
ACAGATTAGGTTAGTG-1,0.000038,0.170857,0.157993,0.5796,0.091474,0.000038
ACAGCATAGAGCCAGT-1,0.00003,0.000266,0.236242,0.66336,0.094868,0.005233
ACAGCGACATTCTCAT-1,0.620805,0.07965,0.000098,0.000197,0.298313,0.000937
ACAGCGCACCCGCAGC-1,0.000093,0.000093,0.676937,0.253834,0.000093,0.068952
ACAGGCACGGATCCTT-1,0.739303,0.115545,0.000055,0.000111,0.056442,0.088544
ACAGGCTTGCCCGACT-1,0.258298,0.028708,0.040754,0.656384,0.006956,0.008899
ACAGGTGGAGGTGAGG-1,0.000025,0.00904,0.161974,0.769918,0.041426,0.017616
ACAGGTGTGTTGTTGC-1,0.031284,0.958356,0.008577,0.000343,0.000086,0.001353
ACAGTAATACAACTTG-1,0.000041,0.001648,0.571577,0.203677,0.139421,0.083636
ACAGTATACCGTGGGA-1,0.000042,0.003272,0.418923,0.330631,0.000299,0.246833
ACAGTGCAGCGCATTT-1,0.000052,0.588205,0.25206,0.005351,0.009648,0.144684
ACATAAGTCGTGGTGA-1,0.000102,0.839882,0.159406,0.000407,0.000102,0.000102
ACATAATAAGGCGGTG-1,0.000022,0.000022,0.066374,0.813747,0.117429,0.002405
ACATACAATCAAGCGG-1,0.619423,0.064924,0.015531,0.098539,0.000023,0.201561
ACATCAGCTGGGACGC-1,0.000036,0.02648,0.425719,0.308949,0.210212,0.028604
ACATCCCGGCCATACG-1,0.072198,0.019658,0.175939,0.476957,0.002821,0.252427
ACATCCTGGTAACTGT-1,0.374738,0.111805,0.398503,0.067687,0.000045,0.047222
ACATCGATCGTTTACC-1,0.000061,0.102643,0.61008,0.273626,0.000061,0.013529
ACATCGCAATATTCGG-1,0.00872,0.122442,0.162574,0.118923,0.07655,0.510791
ACATCGGTCAGCCGCG-1,0.073237,0.009522,0.73939,0.129712,0.000063,0.048075
ACATCGTATGCAATGG-1,0.054818,0.135262,0.022905,0.721105,0.064031,0.00188
ACATCGTTAACCTAGT-1,0.000064,0.012745,0.537815,0.449249,0.000064,0.000064
ACATCTCAACGCGTAA-1,0.000109,0.463291,0.535944,0.000437,0.000109,0.000109
ACATGCTTACGGCAGC-1,0.000039,0.386796,0.000078,0.038098,0.094648,0.48034
ACATGGCGCCAAAGTA-1,0.514684,0.001035,0.246391,0.228562,0.000036,0.009292
ACATTAGTTTATATCC-1,0.176542,0.085037,0.337812,0.293099,0.073613,0.033897
ACATTCGCGCGGAATA-1,0.000046,0.181725,0.284806,0.015236,0.000046,0.51814
ACATTTGAAACCTAAC-1,0.903635,0.000019,0.002452,0.003059,0.006161,0.084674
ACCAAACACCCAGCGA-1,0.000023,0.009315,0.211695,0.657876,0.000023,0.121068
ACCAAACTAGAAATCC-1,0.000045,0.861827,0.000089,0.037241,0.100753,0.000045
ACCAACACCACACACT-1,0.147745,0.002003,0.020911,0.795345,0.016215,0.017782
ACCAACCGCACTCCAC-1,0.678751,0.117654,0.022634,0.000144,0.069357,0.11146
ACCAACGCTTATTTAT-1,0.000034,0.03294,0.194545,0.628873,0.000034,0.143574
ACCAAGAACGCGTGTC-1,0.00005,0.095225,0.434133,0.459976,0.010565,0.00005
ACCAAGTCATCGGCAG-1,0.991008,0.000016,0.000032,0.008913,0.000016,0.000016
ACCAATATGCAAGTTA-1,0.003255,0.012892,0.327459,0.528579,0.000033,0.127782
ACCACAACTCAGAACA-1,0.00004,0.00004,0.277105,0.55064,0.068844,0.10333
ACCACAAGTTTCTATC-1,0.185448,0.000031,0.233267,0.565847,0.003704,0.011703
ACCACACGGTTGATGG-1,0.2214,0.017403,0.012784,0.249172,0.014129,0.485112
ACCACCAATGTAACAA-1,0.191351,0.039857,0.073263,0.623882,0.000035,0.071611
ACCACCCTCTCTTCTA-1,0.000041,0.014248,0.477108,0.085854,0.000041,0.422707
ACCACGTGCAGCTATA-1,0.140404,0.034876,0.190899,0.538499,0.092064,0.003259
ACCAGACCATAACAAC-1,0.00006,0.798833,0.20075,0.000239,0.00006,0.00006
ACCAGCCCGGTCTTTG-1,0.000056,0.201682,0.395972,0.289541,0.112692,0.000056
ACCAGTGCCCGGTCAA-1,0.000051,0.000051,0.111745,0.888049,0.000051,0.000051
ACCAGTGCGGGAGACG-1,0.734168,0.00627,0.234145,0.025324,0.000046,0.000046
ACCATATCCGCAATAA-1,0.01635,0.000014,0.005714,0.977893,0.000014,0.000014
ACCATCCGCCAACTAG-1,0.022091,0.21078,0.616576,0.000305,0.114177,0.036071
ACCATCGTATATGGTA-1,0.000041,0.001322,0.173424,0.810835,0.014336,0.000041
ACCCAACGCCCGTGGC-1,0.092167,0.023594,0.178573,0.645846,0.05908,0.00074
ACCCACCTACATGCTC-1,0.000037,0.059197,0.226084,0.64308,0.000037,0.071564
ACCCATCTTGAGGGTA-1,0.000029,0.000029,0.113394,0.811045,0.023836,0.051666
ACCCATTTGTCCCTCT-1,0.992571,0.007196,0.000058,0.000117,0.000029,0.000029
ACCCGAGCGAAATTAC-1,0.000025,0.016022,0.166416,0.601215,0.051083,0.165239
ACCCGATTGGTTCCGA-1,0.00003,0.010041,0.085531,0.378788,0.001924,0.523685
ACCCGGAAACTCCCAG-1,0.005542,0.000015,0.016553,0.861461,0.052542,0.063887
ACCCGGAGCACCACAA-1,0.736026,0.130901,0.012982,0.000142,0.006944,0.113005
ACCCGGATGACGCATC-1,0.38199,0.000024,0.012864,0.602688,0.002411,0.000024
ACCCGGTTACACTTCC-1,0.000043,0.000043,0.143466,0.78334,0.007347,0.06576
ACCCGTAGCAGAGAAT-1,0.315685,0.594354,0.003738,0.000177,0.045868,0.040178
ACCCGTAGTCTAGTTG-1,0.976917,0.000019,0.000039,0.000078,0.022927,0.000019
ACCCGTGTCATCAGTA-1,0.142239,0.000066,0.250559,0.515516,0.000033,0.091588
ACCCTATGCCATATCG-1,0.000101,0.000101,0.500798,0.252756,0.000101,0.246141
ACCCTCCCGTCAGGGC-1,0.858702,0.02486,0.087984,0.000114,0.000028,0.028311
ACCCTCCCTTGCTATT-1,0.329593,0.114435,0.430316,0.111409,0.000045,0.014202
ACCCTGGTAACGCCCT-1,0.014347,0.000021,0.064218,0.845261,0.000021,0.076133
ACCCTTCATCTGCGAA-1,0.000027,0.031759,0.112095,0.816385,0.039707,0.000027
ACCCTTGCCTGGGTCG-1,0.00002,0.00002,0.122379,0.813838,0.00002,0.063722
ACCCTTTAGTTCTCCA-1,0.000048,0.000048,0.260505,0.625967,0.017756,0.095677
ACCGAAAGGGCCCTGC-1,0.000033,0.16712,0.311024,0.434063,0.087728,0.000033
ACCGAAGAGTCTGGTT-1,0.000079,0.846676,0.100524,0.000316,0.000079,0.052327
ACCGACACATCTCCCA-1,0.007778,0.002446,0.114548,0.603771,0.014422,0.257034
ACCGACTGAGTCCCAC-1,0.066316,0.013198,0.215695,0.663837,0.000038,0.040917
ACCGAGTCTCCTTATT-1,0.005054,0.000011,0.047303,0.635148,0.057323,0.255161
ACCGATAGGCATAACC-1,0.912307,0.018313,0.000042,0.006829,0.012011,0.050497
ACCGATATTTAATCAT-1,0.766128,0.000024,0.00898,0.043881,0.040733,0.140253
ACCGATGGTAGCATCG-1,0.073031,0.001184,0.105508,0.820232,0.000023,0.000023
ACCGCAATAACTGCCT-1,0.003465,0.059474,0.590301,0.224483,0.046739,0.075539
ACCGCGGTGGAAGTCG-1,0.683674,0.000026,0.00047,0.315778,0.000026,0.000026
ACCGCTAGTCATTGGT-1,0.00002,0.00002,0.000189,0.196816,0.328302,0.474653
ACCGGGCCTTTGTTGA-1,0.547,0.108535,0.344032,0.000288,0.000072,0.000072
ACCGGTCAGGTACACC-1,0.000066,0.625317,0.048267,0.140616,0.103164,0.082571
ACCGGTCTGAGTACGG-1,0.000071,0.03924,0.622627,0.334743,0.000071,0.003249
ACCGTCCACTGGGCCC-1,0.000059,0.681643,0.008704,0.089409,0.178467,0.041717
ACCGTGACCACGTGGG-1,0.000889,0.035412,0.038111,0.558289,0.168946,0.198353
ACCGTTCCCGCTCTGA-1,0.000108,0.691405,0.267667,0.018299,0.000108,0.022412
ACCTAAGTACCTTTCA-1,0.00002,0.00002,0.000039,0.991163,0.00002,0.00874
ACCTAATCGACTTCCT-1,0.000057,0.018047,0.72943,0.143062,0.000057,0.109347
ACCTACAGTATGTGGT-1,0.348776,0.009085,0.335768,0.248628,0.000041,0.057702
ACCTACTATAAATCTA-1,0.00017,0.001746,0.071473,0.64141,0.083839,0.201362
ACCTCAGCGAGGCGCA-1,0.620242,0.095151,0.156132,0.0001,0.000025,0.128349
ACCTCCGCCCTCGCTG-1,0.176804,0.000014,0.000028,0.543074,0.216116,0.063963
ACCTCCGTTATTCACC-1,0.015287,0.000028,0.084531,0.730936,0.000028,0.16919
ACCTCGAACTTATGCT-1,0.02292,0.735425,0.000097,0.000193,0.000048,0.241317
ACCTGCGTGTCATGTT-1,0.000028,0.000028,0.061592,0.838723,0.049041,0.050588
ACGAAATGGGCGGCAC-1,0.000033,0.024213,0.177661,0.665085,0.075305,0.057703
ACGACCCATGAGTTGC-1,0.61939,0.000017,0.000034,0.175017,0.149229,0.056314
ACGACTCTAGGGCCGA-1,0.59384,0.006213,0.024162,0.090539,0.020776,0.26447
ACGACTGGTCATACTC-1,0.000031,0.007587,0.157322,0.397204,0.015041,0.422815
ACGAGATATTTGCTTA-1,0.000088,0.021762,0.529848,0.402282,0.000088,0.045931
ACGAGGATACCACTCT-1,0.000033,0.000033,0.063956,0.685857,0.116105,0.134016
ACGAGGTTTACAACGT-1,0.029226,0.838946,0.000113,0.000227,0.11548,0.016008
ACGAGTACGGATGCCC-1,0.008098,0.000024,0.03073,0.945157,0.000024,0.015966
ACGATACATAGAACTA-1,0.000021,0.000021,0.013109,0.986807,0.000021,0.000021
ACGATACCTATCCTGA-1,0.006405,0.843337,0.149602,0.000438,0.000109,0.000109
ACGATCATACATAGAG-1,0.110566,0.050497,0.353223,0.359454,0.042147,0.084113
ACGATCATCTTGTAAA-1,0.10761,0.146398,0.330806,0.38187,0.000041,0.033275
ACGATGCATATGTTAT-1,0.000041,0.015544,0.491141,0.426536,0.000041,0.066698
ACGATGGATCCGATGC-1,0.000045,0.010599,0.360258,0.606144,0.009494,0.013459
ACGCAAACTAATAGAT-1,0.000018,0.000018,0.068631,0.777996,0.000018,0.15332
ACGCAATCACTACAGC-1,0.044569,0.000024,0.062554,0.802256,0.033343,0.057255
ACGCATAAATGACATG-1,0.029641,0.001099,0.222662,0.491296,0.115832,0.13947
ACGCATACGTTTACTA-1,0.934005,0.000026,0.013029,0.052887,0.000026,0.000026
ACGCATTCGTGAGTAC-1,0.00002,0.00002,0.004479,0.99544,0.00002,0.00002
ACGCCACTCGAAACAG-1,0.000063,0.027701,0.165727,0.173238,0.000027,0.633244
ACGCCAGATGATTTCT-1,0.00003,0.002078,0.105151,0.892681,0.00003,0.00003
ACGCCAGTGCGTTTGC-1,0.380355,0.000013,0.000026,0.526228,0.019186,0.074192
ACGCCCAGCTGTCGAT-1,0.000097,0.757087,0.117105,0.125518,0.000097,0.000097
ACGCCGCTAGACGACC-1,0.000025,0.000025,0.312303,0.651554,0.000025,0.036067
ACGCGAAGTCAGACGA-1,0.017588,0.000036,0.197018,0.674116,0.000036,0.111207
ACGCGCTACACAGGGT-1,0.000046,0.02429,0.459166,0.263863,0.080676,0.171958
ACGCGGGCCAAGGACA-1,0.0806,0.008329,0.076799,0.834237,0.000017,0.000017
ACGCGTTTCTTAAGAG-1,0.000096,0.955372,0.043958,0.000383,0.000096,0.000096
ACGCTACTGAATGGGC-1,0.960076,0.000028,0.039728,0.000112,0.000028,0.000028
ACGCTAGTATCAGTGC-1,0.006864,0.470459,0.246282,0.136736,0.045146,0.094512
ACGCTAGTGATACACT-1,0.000037,0.000037,0.462968,0.469519,0.000037,0.067404
ACGCTGTGAGGCGTAG-1,0.000062,0.098501,0.447853,0.291613,0.086322,0.075649
ACGCTTAGTGTCTCTC-1,0.000199,0.417291,0.581314,0.000797,0.000199,0.000199
ACGGAACACGAGTGCC-1,0.667463,0.039478,0.049454,0.002839,0.009192,0.231575
ACGGAATTTAGCAAAT-1,0.00007,0.942425,0.057085,0.00028,0.00007,0.00007
ACGGACGCAGCGACAA-1,0.000037,0.737562,0.001691,0.000148,0.005313,0.255249
ACGGACTCTCAAAGCG-1,0.03701,0.079734,0.183748,0.499377,0.000025,0.200106
ACGGAGCGCAAATTAC-1,0.00003,0.00288,0.271214,0.644984,0.021297,0.059595
ACGGATGGTGCGGATA-1,0.004543,0.026756,0.280694,0.596672,0.00003,0.091304
ACGGCACTTGCTTGGG-1,0.008229,0.106638,0.700658,0.092291,0.050252,0.041932
ACGGCCAACATGGACT-1,0.012438,0.000015,0.090822,0.893652,0.000015,0.003057
ACGGCGACGATGGGAA-1,0.203917,0.004172,0.401383,0.390467,0.00003,0.00003
ACGGCTGGATGTAGAA-1,0.020371,0.707675,0.181298,0.000301,0.010348,0.080007
ACGGGAGTGTCGGCCC-1,0.000031,0.000031,0.016821,0.924913,0.019885,0.038319
ACGGGCGTATGCGACA-1,0.011235,0.050042,0.346957,0.529384,0.000915,0.061468
ACGGGTTGTGACCTGT-1,0.051606,0.50783,0.006772,0.205908,0.102586,0.125299
ACGGTACAGTTCAATG-1,0.685523,0.055423,0.0013,0.000103,0.049114,0.208537
ACGGTCACCGAGAACA-1,0.023199,0.648878,0.048732,0.019049,0.002686,0.257457
ACGTACAGATTTCTCT-1,0.000019,0.000019,0.000038,0.961137,0.038768,0.000019
ACGTACTTTGGCACGG-1,0.000024,0.00313,0.086276,0.359285,0.075454,0.47583
ACGTAGATTGCTGATG-1,0.000073,0.083742,0.637379,0.278661,0.000073,0.000073
ACGTAGGAGAGTCGCT-1,0.009983,0.052756,0.278373,0.137804,0.230057,0.291027
ACGTATTACTCCGATC-1,0.673619,0.157043,0.054068,0.020102,0.095121,0.000047
ACGTCGGGCAACTCGG-1,0.037617,0.536502,0.031544,0.003785,0.30895,0.081602
ACGTCTCGTTCCGGGA-1,0.000078,0.854984,0.144467,0.000314,0.000078,0.000078
ACGTGACAAAGTAAGT-1,0.000089,0.924132,0.075245,0.000356,0.000089,0.000089
ACGTGCGCCTCGTGCA-1,0.000059,0.017309,0.684322,0.298186,0.000059,0.000065
ACGTGGTCGAATGTGC-1,0.000136,0.42932,0.569728,0.000544,0.000136,0.000136
ACGTTAATGTCGAAGA-1,0.000018,0.000018,0.064307,0.93562,0.000018,0.000018
ACGTTAGATTTGCCCG-1,0.000067,0.03392,0.481088,0.416514,0.068343,0.000067
ACGTTATTGGTCACTC-1,0.000116,0.654523,0.03576,0.309369,0.000116,0.000116
ACGTTCACTATGCCGC-1,0.000021,0.000021,0.014963,0.209807,0.204372,0.570816
ACGTTCCGCGCTCCGT-1,0.000084,0.346421,0.576211,0.000334,0.076866,0.000084
ACGTTCGCAATCAATT-1,0.205554,0.033116,0.602289,0.134427,0.000039,0.024575
ACGTTCGTTCAGGAAA-1,0.000034,0.000044,0.22364,0.582781,0.020632,0.172868
ACGTTCTGTACAAGTC-1,0.463478,0.133395,0.204972,0.020039,0.002013,0.176104
ACGTTGTCGTTGAAAG-1,0.000027,0.000027,0.029381,0.214154,0.385395,0.371016
ACGTTTAGTTGTGATC-1,0.03841,0.044347,0.415099,0.502007,0.000068,0.000068
ACGTTTCGGTGCACTT-1,0.999811,0.000021,0.000042,0.000084,0.000021,0.000021
ACTAAGGACGCACACC-1,0.000026,0.000026,0.023323,0.708576,0.050207,0.217843
ACTAATACGTCAGGCG-1,0.000083,0.000083,0.354875,0.644793,0.000083,0.000083
ACTACAAAGAGAGGTG-1,0.012598,0.000021,0.09813,0.523626,0.000021,0.365604
ACTACATCCCGACAAG-1,0.201978,0.539168,0.000076,0.099388,0.028737,0.130654
ACTACCAGCTCTCTGG-1,0.000041,0.036462,0.132135,0.811998,0.019323,0.000041
ACTACCATCCGAGGGC-1,0.000024,0.000024,0.00359,0.367603,0.11244,0.51632
ACTACGCGTTAGAATT-1,0.005573,0.041141,0.087682,0.548059,0.080751,0.236794
ACTAGTTGCGATCGTC-1,0.784834,0.095595,0.069041,0.050425,0.000053,0.000053
ACTATATGCTGTGTTC-1,0.000121,0.008297,0.886099,0.055071,0.000121,0.05029
ACTATCCAGGGCATGG-1,0.524971,0.025378,0.223837,0.224048,0.000038,0.001728
ACTATCTGCCCGCGTA-1,0.739986,0.057362,0.138398,0.000155,0.000039,0.06406
ACTATGTCCAGCTGCC-1,0.000049,0.492638,0.080871,0.029658,0.112244,0.284541
ACTATTCGTCCGTGGT-1,0.000032,0.003394,0.125193,0.871316,0.000032,0.000032
ACTATTTCCGGGCCCA-1,0.000025,0.000624,0.021935,0.758141,0.023536,0.19574
ACTCAAGTGCAAGGCT-1,0.11111,0.12204,0.487198,0.068112,0.079237,0.132303
ACTCAATAAAGGCACG-1,0.008098,0.000051,0.65493,0.336819,0.000051,0.000051
ACTCAGACCTGCTTCT-1,0.000069,0.998494,0.001025,0.000275,0.000069,0.000069
ACTCATGGCAGCCTTC-1,0.007331,0.684235,0.053093,0.000282,0.00007,0.254989
ACTCCAATATCATCAT-1,0.000023,0.000023,0.007636,0.615851,0.131253,0.245213
ACTCCCATTCCTAAAG-1,0.029267,0.000029,0.169705,0.614108,0.088246,0.098645
ACTCCCGAATTCGTTT-1,0.246395,0.008198,0.442501,0.302842,0.000033,0.000033
ACTCCCGTAGACTAGG-1,0.035499,0.000734,0.274475,0.450563,0.000027,0.238701
ACTCCCTAATGCTAAA-1,0.094797,0.000014,0.020113,0.858844,0.011554,0.014677
ACTCCCTAGAATAGTA-1,0.074848,0.038463,0.137192,0.644718,0.007956,0.096822
ACTCCGGCCGACCACT-1,0.70518,0.023255,0.080233,0.023487,0.016829,0.151016
ACTCGCCGTTCGATAA-1,0.868876,0.000022,0.000043,0.049172,0.038391,0.043496
ACTCGCGATCTGACGC-1,0.119576,0.000018,0.012096,0.614324,0.009603,0.244383
ACTCGTAACCCGTCCT-1,0.000063,0.000091,0.422724,0.427574,0.014359,0.135188
ACTCGTCAGTAATCCC-1,0.067734,0.008075,0.004053,0.917251,0.000025,0.002863
ACTCTAAACCTGGGAT-1,0.030068,0.804681,0.031693,0.016714,0.11676,0.000086
ACTCTCTGACTTAGGT-1,0.000057,0.010824,0.727327,0.187408,0.000057,0.074328
ACTCTCTTATACACGA-1,0.000062,0.000062,0.243738,0.567533,0.036017,0.152587
ACTCTGACCTAATAGA-1,0.638747,0.034509,0.114617,0.001511,0.00003,0.210586
ACTCTTCAGCTCCCGC-1,0.001903,0.000025,0.132157,0.493955,0.048768,0.323192
ACTCTTGTATAGTAAC-1,0.06593,0.000043,0.595116,0.288481,0.030188,0.020242
ACTGAAACGCCGTTAG-1,0.872138,0.060635,0.025808,0.041345,0.000037,0.000037
ACTGAATGGCGAAAGT-1,0.40176,0.061528,0.518525,0.018112,0.000037,0.000037
ACTGATTTAGTGATTC-1,0.000094,0.000094,0.668881,0.057731,0.273105,0.000094
ACTGCCCGCCATTCTC-1,0.000029,0.008962,0.1032,0.176114,0.21234,0.499354
ACTGCCGTCGTAACTC-1,0.000045,0.008327,0.47091,0.520627,0.000045,0.000045
ACTGCGGACACACCGT-1,0.129277,0.02151,0.59684,0.099846,0.000041,0.152487
ACTGCTCGGAAGGATG-1,0.000078,0.845608,0.095482,0.041089,0.000078,0.017665
ACTGGCGAACCTGCGT-1,0.05758,0.001581,0.54921,0.164464,0.000064,0.2271
ACTGGGATGCCAGTGC-1,0.003271,0.000356,0.321246,0.007957,0.000037,0.667131
ACTGTACGATACACAT-1,0.019504,0.009456,0.135971,0.750963,0.084079,0.000027
ACTGTAGCACTTTGGA-1,0.000024,0.001248,0.035377,0.946252,0.017076,0.000024
ACTGTATACGCGAGCA-1,0.000073,0.502173,0.000145,0.260297,0.23724,0.000073
ACTGTCCAGGATTATA-1,0.013296,0.008869,0.093718,0.853296,0.020566,0.010256
ACTGTCTTCTTTAGAA-1,0.000026,0.000026,0.204515,0.79538,0.000026,0.000026
ACTGTGCTAGTAGATC-1,0.000134,0.823628,0.175433,0.000536,0.000134,0.000134
ACTGTTTAGTGTAGGC-1,0.000093,0.929158,0.070194,0.00037,0.000093,0.000093
ACTTACCGGGCGCGCA-1,0.000142,0.000142,0.728759,0.198183,0.000142,0.072632
ACTTACGCATCCACGC-1,0.001971,0.000022,0.084715,0.786701,0.046066,0.080525
ACTTAGTACGACAAGA-1,0.038177,0.708723,0.2526,0.000333,0.000083,0.000083
ACTTATACTTACCCGG-1,0.009978,0.038763,0.221463,0.697765,0.000024,0.032007
ACTTATTAGGATCGGT-1,0.075089,0.000503,0.212312,0.669086,0.000042,0.042968
ACTTATTTATGTGCCA-1,0.311561,0.228761,0.459143,0.000356,0.000089,0.000089
ACTTCAGGCTGATCCC-1,0.390086,0.075262,0.331114,0.171566,0.029293,0.002679
