Barcode,Topic 1,Topic 2,Topic 3,Topic 4to5,Topic 6,Topic 7to8,Topic 9,Topic 10
AAACAAGTATCTCCCA-1,0.206193,0.027461,0.044943,0.050384,0.010025,0.08517,0.524792,0.051033
AAACACCAATAACTGC-1,0.000044,0.788352,0.000044,0.000088,0.052336,0.01063,0.148461,0.000044
AAACAGAGCGACTCCT-1,0.00005,0.00005,0.00005,0.0001,0.00005,0.024483,0.935527,0.03969
AAACAGCTTTCAGAAG-1,0.048614,0.16846,0.11106,0.612717,0.002966,0.004885,0.000643,0.050654
AAACAGGGTCTATATT-1,0.069169,0.817504,0.000062,0.000124,0.000062,0.000124,0.105696,0.007257
AAACAGTGTTCCTGGG-1,0.000199,0.266976,0.13191,0.084825,0.21668,0.108702,0.099641,0.091067
AAACATGGTGAGAGGA-1,0.972252,0.00002,0.00002,0.00004,0.00002,0.00004,0.00002,0.02759
AAACATTTCCCGGATT-1,0.000081,0.110614,0.000081,0.000162,0.040667,0.177539,0.581149,0.089708
AAACCCGAACGAAATC-1,0.026818,0.000041,0.000041,0.000081,0.000041,0.000081,0.000041,0.972857
AAACCGGAAATGTTAA-1,0.000075,0.000075,0.000075,0.00015,0.000075,0.00015,0.655369,0.344033
AAACCGGGTAGGTACC-1,0.028411,0.564434,0.013627,0.217238,0.129716,0.022488,0.002961,0.021126
AAACCGTTCGTCCAGG-1,0.000044,0.216537,0.083928,0.021002,0.441088,0.095118,0.142241,0.000044
AAACCTAAGCAGCCGG-1,0.00002,0.050016,0.223253,0.134266,0.233209,0.09984,0.169208,0.090188
AAACCTCATGAAGTTG-1,0.104348,0.506076,0.000041,0.159259,0.005557,0.000632,0.03196,0.192127
AAACGAAGAACATACC-1,0.018819,0.005552,0.169578,0.427435,0.064416,0.26374,0.043324,0.007135
AAACGAAGATGGAGTA-1,0.344308,0.138226,0.007755,0.150602,0.0007,0.00603,0.000028,0.352351
AAACGAGACGGTTGAT-1,0.000044,0.089851,0.117302,0.026898,0.142712,0.517616,0.105532,0.000044
AAACGCTGGGCACGAC-1,0.00002,0.021823,0.168619,0.20333,0.01717,0.168049,0.275873,0.145116
AAACGGGCGTACGGGT-1,0.000025,0.075083,0.041078,0.15371,0.012124,0.635243,0.027004,0.055733
AAACGGTTGCGAACTG-1,0.000019,0.07495,0.742184,0.099962,0.022504,0.008255,0.048134,0.003991
AAACTCGGTTCGCAAT-1,0.000056,0.21867,0.048089,0.107887,0.207329,0.376363,0.04155,0.000056
AAACTGCTGGCTCCAA-1,0.000034,0.033185,0.032829,0.03408,0.238143,0.552199,0.109495,0.000034
AAACTTAATTGCACGC-1,0.005996,0.450452,0.000463,0.445235,0.000016,0.000033,0.000016,0.097789
AAACTTGCAAACGTAT-1,0.002732,0.347579,0.039624,0.518305,0.030208,0.059993,0.001191,0.000368
AAAGAATGACCTTAGA-1,0.745735,0.065003,0.007814,0.104668,0.019715,0.002874,0.000082,0.054108
AAAGAATGTGGACTAA-1,0.003326,0.036141,0.000048,0.000095,0.000048,0.008828,0.637948,0.313566
AAAGACCCAAGTCGCG-1,0.058977,0.074633,0.164537,0.176977,0.176153,0.151794,0.153225,0.043705
AAAGACTGGGCGCTTT-1,0.159024,0.374758,0.006626,0.0911,0.056268,0.157745,0.138784,0.015694
AAAGGCCCTATAATAC-1,0.017969,0.320371,0.133013,0.301292,0.085206,0.079161,0.047997,0.014991
AAAGGCTACGGACCAT-1,0.000026,0.032564,0.184329,0.24223,0.173519,0.233001,0.134305,0.000026
AAAGGCTCTCGCGCCG-1,0.000026,0.077678,0.253694,0.267643,0.069562,0.315714,0.015656,0.000026
AAAGGGATGTAGCAAG-1,0.000014,0.000864,0.22378,0.696238,0.003289,0.075787,0.000014,0.000014
AAAGGGCAGCTTGAAT-1,0.016696,0.196007,0.05531,0.650499,0.023549,0.038713,0.000015,0.019211
AAAGTAGCATTGCTCA-1,0.000029,0.365646,0.265555,0.231839,0.033078,0.084779,0.011455,0.007619
AAAGTCACTGATGTAA-1,0.020361,0.087215,0.152972,0.10105,0.271871,0.345918,0.02059,0.000024
AAAGTCGACCCTCAGT-1,0.065555,0.343938,0.164509,0.110275,0.084485,0.14545,0.057343,0.028444
AAAGTGCCATCAATTA-1,0.013295,0.032466,0.049206,0.002099,0.021173,0.108732,0.445573,0.327457
AAAGTGTGATTTATCT-1,0.000026,0.003505,0.004515,0.227246,0.000083,0.724407,0.001683,0.038534
AAAGTTGACTCCCGTA-1,0.000068,0.048052,0.011461,0.001916,0.017246,0.732116,0.138815,0.050325
AAATAACCATACGGGA-1,0.001437,0.000021,0.012331,0.31476,0.001318,0.593146,0.051381,0.025606
AAATACCTATAAGCAT-1,0.05698,0.000022,0.10357,0.283958,0.069309,0.17059,0.302473,0.013098
AAATAGCTTAGACTTT-1,0.000067,0.038287,0.000067,0.000134,0.000067,0.05038,0.806478,0.104519
AAATAGGGTGCTATTG-1,0.000022,0.014053,0.555084,0.165402,0.002745,0.255724,0.004803,0.002166
AAATCCGATACACGCC-1,0.000018,0.019996,0.082836,0.251449,0.011207,0.52994,0.011528,0.093026
AAATCGCGGAAGGAGT-1,0.418947,0.345898,0.000052,0.000103,0.000052,0.006272,0.066875,0.161801
AAATCGTGTACCACAA-1,0.023405,0.084903,0.0073,0.01303,0.132015,0.44981,0.261805,0.027732
AAATCTAGCCCTGCTA-1,0.000064,0.1128,0.057721,0.000128,0.02278,0.277046,0.427936,0.101525
AAATCTGCCCGCGTCC-1,0.313264,0.110283,0.000031,0.199656,0.000031,0.001188,0.000031,0.375517
AAATGACTGATCAAAC-1,0.000012,0.322188,0.036533,0.406982,0.063086,0.148561,0.002153,0.020486
AAATGCTCGTTACGTT-1,0.029228,0.127444,0.027349,0.538847,0.038343,0.224607,0.014166,0.000017
AAATGGCATGTCTTGT-1,0.000044,0.074295,0.154001,0.07163,0.046804,0.567317,0.075236,0.010674
AAATGGCCCGTGCCCT-1,0.049427,0.226115,0.175391,0.46726,0.0014,0.002308,0.000015,0.078084
AAATGGTCAATGTGCC-1,0.000026,0.000493,0.345719,0.319548,0.17041,0.041961,0.120949,0.000894
AAATGTATCTTATCCC-1,0.905953,0.000015,0.000015,0.000029,0.000015,0.000029,0.062533,0.031411
AAATTAACGGGTAGCT-1,0.000027,0.049747,0.087779,0.393934,0.247742,0.173447,0.047298,0.000027
AAATTAATAAGCGCGA-1,0.950254,0.008911,0.000026,0.000051,0.000026,0.000051,0.000026,0.040656
AAATTACACGACTCTG-1,0.000027,0.000027,0.005817,0.317996,0.000027,0.676052,0.000027,0.000027
AAATTACCTATCGATG-1,0.000075,0.022468,0.0005,0.049707,0.334123,0.259143,0.276439,0.057545
AAATTGATAGTCCTTT-1,0.000072,0.407151,0.036848,0.098956,0.175412,0.246594,0.034895,0.000072
AAATTGCGGCGGTTCT-1,0.102639,0.130954,0.020555,0.450392,0.079679,0.173443,0.023024,0.019315
AAATTTGCGGGTGTGG-1,0.000033,0.3483,0.064968,0.129058,0.315269,0.054039,0.088301,0.000033
AACAACTGGTAGTTGC-1,0.034363,0.080093,0.309689,0.249566,0.12007,0.131739,0.074454,0.000026
AACAATACATTGTCGA-1,0.000013,0.123028,0.092269,0.626331,0.064818,0.085865,0.007661,0.000013
AACAATTACTCTACGC-1,0.033568,0.533449,0.069528,0.039696,0.10403,0.017324,0.202367,0.000038
AACACACGCTCGCCGC-1,0.018767,0.037338,0.003989,0.125062,0.044105,0.614018,0.095278,0.061444
AACACGACTGTACTGA-1,0.005571,0.000016,0.256415,0.329393,0.02163,0.298838,0.070563,0.017574
AACACGAGACGCGGCC-1,0.00002,0.611419,0.045533,0.182447,0.065755,0.043393,0.051413,0.00002
AACACGCGGCCGCGAA-1,0.055814,0.066296,0.079495,0.347932,0.14505,0.194909,0.073262,0.037242
AACAGCTGTGTGGCAA-1,0.025545,0.660056,0.000075,0.083106,0.018328,0.00015,0.015024,0.197718
AACAGGAAATCGAATA-1,0.004733,0.002041,0.198877,0.131426,0.193274,0.403595,0.066027,0.000027
AACAGGATGGGCCGCG-1,0.091984,0.361407,0.105669,0.256913,0.142411,0.032236,0.009353,0.000027
AACAGGTAGTATGGAT-1,0.055575,0.000047,0.070909,0.19044,0.029119,0.202529,0.000047,0.451333
AACATAGCGTGTATCG-1,0.000034,0.144347,0.11362,0.236557,0.056479,0.376205,0.026766,0.045991
AACATATCAACTGGTG-1,0.000045,0.000045,0.308746,0.008349,0.000045,0.047792,0.539369,0.095608
AACATTGAAGTTGATC-1,0.000019,0.234373,0.005174,0.7478,0.003941,0.008644,0.000019,0.000031
AACATTGTGACTCGAG-1,0.000028,0.145866,0.04583,0.173859,0.311629,0.20111,0.116401,0.005277
AACCAAGACTTCTCTG-1,0.044717,0.304781,0.109563,0.431895,0.04205,0.018528,0.048091,0.000375
AACCATAGGGTTGAAC-1,0.016114,0.618752,0.022113,0.182977,0.000024,0.000594,0.000024,0.159402
AACCATGGGATCGCTA-1,0.03802,0.016024,0.074219,0.807661,0.009127,0.054929,0.00001,0.00001
AACCCAGAGACGGAGA-1,0.017572,0.16184,0.109408,0.412278,0.164251,0.072387,0.062246,0.000019
AACCCATCCCATGATC-1,0.052604,0.634759,0.003598,0.230015,0.014978,0.004887,0.000038,0.059121
AACCCGACAACCCGTG-1,0.000024,0.154459,0.13455,0.176584,0.387314,0.089867,0.057179,0.000024
AACCCGAGCAGAATCG-1,0.068294,0.002656,0.000072,0.055835,0.000072,0.000144,0.000072,0.872854
AACCCGCTGTATTCCA-1,0.00374,0.131775,0.141489,0.310395,0.155182,0.107322,0.083376,0.066722
AACCCTACTGTCAATA-1,0.00002,0.000053,0.069363,0.292236,0.001759,0.591223,0.016451,0.028896
AACCCTGGTGGAACCA-1,0.002806,0.00272,0.201895,0.236961,0.018172,0.45965,0.010123,0.067673
AACCGAGCTTGGTCAT-1,0.000025,0.010027,0.293033,0.093737,0.123928,0.398801,0.046035,0.034413
AACCGCTAAGGGATGC-1,0.000038,0.000038,0.037852,0.151948,0.036587,0.307767,0.444574,0.021197
AACCGTTGTGTTTGCT-1,0.000062,0.031499,0.065767,0.000124,0.396251,0.140597,0.365638,0.000062
AACCTCGCTTTAGCCC-1,0.00003,0.059828,0.283948,0.356929,0.030734,0.192181,0.001667,0.074683
AACCTTTAAATACGGT-1,0.000056,0.154288,0.033914,0.047201,0.242271,0.450034,0.033808,0.038427
AACCTTTACGACGTCT-1,0.201181,0.000059,0.000059,0.00026,0.018611,0.290258,0.489513,0.000059
AACGAAAGTCGTCCCA-1,0.143799,0.184435,0.011429,0.355985,0.03764,0.008689,0.18239,0.075634
AACGACCTCCTAGCCG-1,0.010482,0.068506,0.000056,0.000112,0.000056,0.000112,0.250694,0.669983
AACGATAATGCCGTAG-1,0.016627,0.006022,0.013093,0.048639,0.212791,0.254159,0.439859,0.00881
AACGATAGAAGGGCCG-1,0.038789,0.14303,0.252098,0.01294,0.16553,0.313675,0.073904,0.000032
AACGATATGTCAACTG-1,0.000022,0.000465,0.080308,0.531641,0.032184,0.325708,0.029648,0.000022
AACGCATGATCTGGGT-1,0.009024,0.00944,0.04481,0.116352,0.008411,0.251426,0.398193,0.162345
AACGCGAACGGCAACA-1,0.233448,0.158577,0.019158,0.434837,0.021025,0.108807,0.002191,0.021957
AACGCGACCTTGGGCG-1,0.000026,0.156829,0.093717,0.486573,0.081191,0.118535,0.060491,0.002638
AACGCGGTCTCCAGCC-1,0.00005,0.001804,0.193696,0.18596,0.08741,0.246662,0.284369,0.00005
AACGCTGTTGCTGAAA-1,0.000035,0.014188,0.003762,0.336022,0.000037,0.645886,0.000035,0.000035
AACGGACGTACGTATA-1,0.000029,0.021316,0.00237,0.11401,0.01812,0.832289,0.000029,0.011837
AACGGCCATCTCCGGT-1,0.000023,0.123933,0.248885,0.376234,0.100093,0.117495,0.012999,0.020339
AACGTACTGTGGGTAC-1,0.031542,0.15789,0.055928,0.275801,0.187366,0.118917,0.172488,0.000069
AACGTCAGACTAGTGG-1,0.052135,0.090317,0.163728,0.531543,0.075593,0.052214,0.030017,0.004452
AACGTCATCCGGCTTG-1,0.000041,0.290064,0.020368,0.159408,0.282422,0.206765,0.030422,0.01051
AACGTCGCTGCACTTC-1,0.056711,0.007768,0.034451,0.168672,0.02523,0.185412,0.147832,0.373925
AACGTGATGAAGGACA-1,0.000016,0.000016,0.045529,0.106169,0.001496,0.839069,0.000016,0.00769
AACGTGCGAAAGTCTC-1,0.000034,0.116636,0.056652,0.307595,0.095113,0.145362,0.138099,0.140509
AACGTTATCAGCACCT-1,0.7092,0.161758,0.006158,0.084241,0.000046,0.011727,0.000046,0.026825
AACGTTCTACCATTGT-1,0.000043,0.236399,0.000043,0.000086,0.000043,0.000086,0.463864,0.299436
AACTACCCGTTTGTCA-1,0.075994,0.000029,0.161231,0.13892,0.006001,0.192062,0.001729,0.424034
AACTAGGCTTGGGTGT-1,0.083505,0.123603,0.110065,0.304311,0.049374,0.277511,0.030563,0.021068
AACTCAAGTTAATTGC-1,0.029265,0.242163,0.245323,0.21875,0.110358,0.11216,0.041946,0.000035
AACTCCAGAGCGTGTT-1,0.000053,0.146137,0.000053,0.059284,0.063248,0.503408,0.218867,0.008949
AACTCCTAATCCCATG-1,0.000072,0.000072,0.000072,0.000144,0.035836,0.045628,0.905562,0.012615
AACTCGATAAACACGT-1,0.177065,0.089623,0.133995,0.160436,0.102071,0.212976,0.123285,0.000547
AACTCGATGGCGCAGT-1,0.089272,0.180789,0.04092,0.396284,0.092879,0.143132,0.056698,0.000027
AACTCTCAATAGAGCG-1,0.000021,0.000021,0.301052,0.273811,0.00284,0.346197,0.056507,0.019551
AACTCTCAGTGTGCTC-1,0.000034,0.139172,0.284316,0.226839,0.212658,0.070705,0.028357,0.037919
AACTGAGTTATACTGA-1,0.000073,0.000073,0.067192,0.025162,0.001813,0.211691,0.28299,0.411004
AACTGATATTAGGCCT-1,0.021301,0.008404,0.131814,0.164286,0.052167,0.563623,0.058377,0.000028
AACTGGGTCCCGACGT-1,0.000042,0.01968,0.066845,0.020491,0.111045,0.57059,0.143898,0.067408
AACTGGTGTGGGCCTT-1,0.039289,0.016752,0.171797,0.063855,0.281925,0.336753,0.089613,0.000016
AACTTCTGCGTCTATC-1,0.21907,0.090012,0.22911,0.315428,0.001601,0.000054,0.002204,0.14252
AACTTGCCCGTATGCA-1,0.000035,0.408857,0.078421,0.48232,0.02763,0.002666,0.000035,0.000035
AACTTGCGTTCTCGCG-1,0.252467,0.046429,0.020945,0.329032,0.009634,0.043585,0.289493,0.008415
AACTTTACGGGAGCTT-1,0.880579,0.06556,0.000033,0.000066,0.021398,0.014816,0.017515,0.000033
AACTTTAGCTGCTGAG-1,0.041387,0.033079,0.192186,0.127133,0.262495,0.16626,0.177439,0.000021
AAGAAAGTTTGATGGG-1,0.187998,0.590971,0.00003,0.000059,0.000043,0.004224,0.007673,0.209002
AAGAAGGATCAGTTAG-1,0.070926,0.01028,0.031059,0.587162,0.042991,0.025587,0.171024,0.06097
AAGACATACGTGGTTT-1,0.017725,0.249149,0.000088,0.003276,0.058244,0.00752,0.000088,0.663909
AAGACCAAATAACTCA-1,0.171827,0.404071,0.000032,0.028214,0.000032,0.000065,0.000032,0.395726
AAGACCCAACTGAACA-1,0.032637,0.048239,0.045325,0.377517,0.233274,0.133443,0.129538,0.000025
AAGACTAACCCGTTGT-1,0.06244,0.079436,0.033572,0.620249,0.021624,0.125875,0.00525,0.051554
AAGACTGCAAGCTACT-1,0.002248,0.0003,0.285764,0.13369,0.119051,0.348436,0.083537,0.026975
AAGAGATGAATCGGTA-1,0.026301,0.341243,0.014709,0.068465,0.416586,0.016638,0.116019,0.000039
AAGAGCTCTTTATCGG-1,0.000035,0.000035,0.298532,0.14469,0.041621,0.378133,0.134434,0.002519
AAGAGGATGTACGCGA-1,0.001116,0.168924,0.248468,0.350483,0.128376,0.048843,0.053739,0.000051
AAGAGGCATGGATCGC-1,0.000033,0.061966,0.030523,0.017278,0.16138,0.607721,0.121066,0.000033
AAGAGGCCCTTTGGAA-1,0.063792,0.008089,0.210526,0.096052,0.046199,0.219924,0.10629,0.249127
AAGATGGCACCGGACC-1,0.000034,0.257533,0.117555,0.182545,0.243053,0.158647,0.040598,0.000034
AAGATTGGCGGAACGT-1,0.000029,0.01124,0.005948,0.332362,0.029058,0.591343,0.02341,0.00661
AAGCACCCTGCGTATC-1,0.000066,0.010681,0.059529,0.107319,0.165043,0.611365,0.04593,0.000066
AAGCATACTCTCCTGA-1,0.000043,0.027465,0.022007,0.02678,0.23839,0.325988,0.32904,0.030288
AAGCCACTTGCAGGTA-1,0.031029,0.276733,0.000042,0.000083,0.210291,0.003549,0.406553,0.071719
AAGCCGAAGCGGTTTA-1,0.036892,0.017611,0.082103,0.207893,0.05909,0.203822,0.290804,0.101784
AAGCCGCCGTGAAATC-1,0.1,0.1,0.1,0.2,0.1,0.2,0.1,0.1
AAGCCGGAGAGCAGGA-1,0.000049,0.000049,0.000049,0.000098,0.000049,0.000098,0.704175,0.295434
AAGCGCAGGGCTTTGA-1,0.000074,0.217337,0.099973,0.066757,0.182404,0.126392,0.285517,0.021545
AAGCGTCCCTCATCGA-1,0.000099,0.445102,0.031745,0.319772,0.001428,0.000198,0.073222,0.128434
AAGCTAGATCGAGTAA-1,0.000023,0.010033,0.109339,0.582293,0.030496,0.26777,0.000023,0.000023
AAGCTATGGATTGACC-1,0.500647,0.332707,0.000048,0.000096,0.014891,0.011264,0.025134,0.115214
AAGCTCGTGCCAAGTC-1,0.042815,0.000032,0.127456,0.200678,0.055328,0.137917,0.430443,0.005331
AAGCTCTTTCATGGTG-1,0.000049,0.007856,0.024566,0.015988,0.310619,0.624115,0.016758,0.000049
AAGGAGCGGTTGGTGC-1,0.000029,0.081666,0.387535,0.274605,0.138984,0.104388,0.010461,0.002332
AAGGATCGATCGCTTG-1,0.009752,0.000078,0.000078,0.000156,0.000078,0.000156,0.676508,0.313193
AAGGATGAGGGACCTC-1,0.000034,0.001678,0.088828,0.313174,0.012397,0.533797,0.049209,0.000884
AAGGCAGGCTGTCTCC-1,0.053558,0.145598,0.000093,0.005028,0.038123,0.232835,0.027039,0.497726
AAGGCGCGTAAAGCTT-1,0.044915,0.13858,0.287088,0.236509,0.133237,0.128227,0.029152,0.00229
AAGGCTGTGCTCATCG-1,0.067533,0.148253,0.186448,0.072974,0.225024,0.248473,0.051247,0.000048
AAGGGAACGACTGGCT-1,0.000029,0.638482,0.042379,0.279123,0.000033,0.018125,0.000029,0.021801
AAGGGACAGATTCTGT-1,0.000039,0.006603,0.012863,0.194966,0.011427,0.682185,0.091878,0.000039
AAGGGACTATGCATTC-1,0.000019,0.282439,0.104001,0.521121,0.015723,0.076658,0.000019,0.000019
AAGGGTTAGCCATGCG-1,0.00008,0.067689,0.00008,0.000159,0.00008,0.000159,0.32715,0.604604
AAGGGTTTGATTTCAG-1,0.882536,0.004469,0.000026,0.000051,0.000026,0.000051,0.000026,0.112815
AAGGTATCCTAATATA-1,0.00785,0.000019,0.161469,0.382512,0.019258,0.397339,0.029033,0.002519
AAGGTGATAAACCAGC-1,0.000023,0.004312,0.039675,0.351086,0.007463,0.540375,0.016028,0.041038
AAGTAGAAGACCGGGT-1,0.044553,0.199999,0.079816,0.148866,0.274317,0.199141,0.053279,0.00003
AAGTAGTGACGCGAGG-1,0.00286,0.307705,0.24112,0.284974,0.110814,0.027844,0.024658,0.000023
AAGTCAATTGTCGTCA-1,0.088855,0.000071,0.008733,0.000142,0.005534,0.317662,0.540581,0.038421
AAGTCTTCTGTGGCCT-1,0.931559,0.000024,0.000024,0.000049,0.000024,0.000049,0.01091,0.05736
AAGTGACGACCGAATT-1,0.038746,0.198162,0.105908,0.134732,0.42747,0.049292,0.045666,0.000024
AAGTGAGTCGGGTTTA-1,0.000036,0.178558,0.047198,0.323074,0.091193,0.241566,0.118339,0.000036
AAGTGCAAAGGTAGAC-1,0.772402,0.053596,0.01257,0.000064,0.034924,0.047675,0.078739,0.000031
AAGTGCCTTGACTGTA-1,0.037223,0.111029,0.032451,0.011615,0.015316,0.165968,0.544016,0.082382
AAGTGCGTTAGAATCT-1,0.004105,0.321665,0.008385,0.604165,0.039409,0.018378,0.000027,0.003866
AAGTGCTTCTCTATTG-1,0.000025,0.184066,0.027492,0.473997,0.059859,0.137358,0.000025,0.117179
AAGTGTTTGGAGACGG-1,0.000032,0.003484,0.092379,0.269307,0.054188,0.566542,0.014036,0.000032
AAGTTCACTCCAAGCT-1,0.000035,0.0055,0.057733,0.204972,0.012449,0.664562,0.054713,0.000035
AAGTTCAGTCTGCGTA-1,0.0524,0.092822,0.09277,0.040405,0.009567,0.284408,0.297592,0.130036
AAGTTCGGCCAACAGG-1,0.006887,0.270307,0.080335,0.086043,0.358154,0.112853,0.075159,0.010263
AAGTTGTGATGTTATA-1,0.000083,0.1136,0.000083,0.000166,0.008315,0.000166,0.318928,0.558659
AAGTTTACTAATGGCA-1,0.021598,0.011464,0.346837,0.162525,0.060464,0.288215,0.105825,0.003072
AAGTTTATGGGCCCAA-1,0.000026,0.146522,0.052072,0.180344,0.05015,0.44199,0.09053,0.038366
AATAACAACGCTCGGC-1,0.020283,0.414885,0.009727,0.008745,0.432333,0.078658,0.035346,0.000023
AATAACACTAGAACAA-1,0.010032,0.262035,0.098057,0.125077,0.190623,0.163584,0.150559,0.000032
AATAACGTCGCGCCCA-1,0.08405,0.019586,0.063048,0.132801,0.136021,0.246719,0.085955,0.23182
AATAATCTTCGTATCG-1,0.000077,0.000077,0.000077,0.000154,0.000077,0.007225,0.518209,0.474102
AATACAATGTTTCAGG-1,0.195225,0.164341,0.070085,0.404096,0.068372,0.074877,0.022978,0.000027
AATACCGGAGGGCTGT-1,0.00003,0.299574,0.064742,0.188014,0.103606,0.196529,0.147475,0.00003
AATACCTGATGTGAAC-1,0.081601,0.019707,0.005883,0.000117,0.009321,0.475183,0.22988,0.178308
AATAGAACAGAGTGGC-1,0.003746,0.124928,0.058146,0.396511,0.122717,0.2939,0.000027,0.000024
AATAGAATCTGTTTCA-1,0.000036,0.027047,0.349632,0.15005,0.027315,0.429273,0.003332,0.013315
AATAGGCACGACCCTT-1,0.000066,0.689539,0.00224,0.003341,0.056321,0.005818,0.198408,0.044267
AATAGTCCGTCCCGAC-1,0.000025,0.068233,0.301217,0.363515,0.111088,0.145533,0.009723,0.000665
AATAGTCGCGAGTCGG-1,0.949265,0.000019,0.04039,0.003926,0.000019,0.006342,0.000019,0.000019
AATATCAAGGTCGGAT-1,0.040552,0.072472,0.293266,0.366199,0.082871,0.093827,0.045679,0.005135
AATATCCTAGCAAACT-1,0.806078,0.000019,0.000019,0.024729,0.000019,0.000039,0.000019,0.169077
AATATCGAATCAATGC-1,0.07387,0.027786,0.047515,0.174474,0.094784,0.180167,0.203986,0.197417
AATATCGAGGGTTCTC-1,0.000078,0.000078,0.000078,0.000156,0.000078,0.005855,0.92528,0.068398
AATATTGGAGTATTGA-1,0.069252,0.588017,0.000076,0.185421,0.000076,0.000151,0.000076,0.156932
AATCAGACTGCAGGAC-1,0.108758,0.124688,0.032241,0.429852,0.054041,0.177639,0.002783,0.069997
AATCAGGTTTCATTTA-1,0.000441,0.467233,0.012433,0.18991,0.040145,0.059742,0.1397,0.090397
AATCATGTAAAGACTC-1,0.000062,0.103109,0.000062,0.000124,0.010631,0.316107,0.353696,0.216209
AATCCAAGGGCCTGAG-1,0.019127,0.052605,0.477209,0.211492,0.07477,0.126183,0.038597,0.000017
AATCCATGCAAGGGTG-1,0.112799,0.142212,0.13075,0.201621,0.035583,0.08305,0.293164,0.000822
AATCCCGCTCAGAGCC-1,0.005745,0.129575,0.181243,0.314563,0.060236,0.100524,0.167073,0.041042
AATCGAGGTCTCAAGG-1,0.000026,0.130246,0.025538,0.486349,0.005644,0.328571,0.000026,0.0236
AATCGCCTCAGCGCCA-1,0.005272,0.002203,0.126353,0.330241,0.07754,0.449298,0.009066,0.000027
AATCGCGCAGAGGACT-1,0.054943,0.185915,0.000861,0.088987,0.000101,0.000202,0.000101,0.66889
AATCGGGACACTACGA-1,0.00792,0.00068,0.07793,0.000747,0.09681,0.410036,0.394634,0.011244
AATCGGTATAGCCCTC-1,0.043239,0.057773,0.004596,0.051353,0.000055,0.045112,0.01047,0.787402
AATCGTGAGCCGAGCA-1,0.000013,0.008624,0.063896,0.654235,0.008386,0.252334,0.000225,0.012286
AATCTAGGTTTACTTG-1,0.052581,0.489659,0.027621,0.320755,0.020105,0.024436,0.036544,0.028299
AATCTCTACTGTGGTT-1,0.107297,0.220962,0.009845,0.491514,0.01427,0.146315,0.006172,0.003626
AATCTGCGTTGGGACG-1,0.000021,0.000021,0.01019,0.424811,0.000021,0.564894,0.000021,0.000022
AATCTGGCTTTCTAGT-1,0.054133,0.834602,0.008686,0.075358,0.000061,0.019681,0.000061,0.007418
AATGACAGCAATGTCT-1,0.009247,0.33051,0.142911,0.077806,0.212815,0.010301,0.189057,0.027353
AATGACGTAGGATGTC-1,0.000026,0.001345,0.147472,0.389747,0.019433,0.229505,0.211718,0.000755
AATGACTGTCAGCCGG-1,0.008381,0.112039,0.693764,0.098834,0.046281,0.017885,0.022791,0.000026
AATGAGTTCGCATATG-1,0.241952,0.241849,0.000048,0.000096,0.049226,0.230707,0.236073,0.000048
AATGATGATACGCTAT-1,0.000068,0.003885,0.001298,0.000136,0.043787,0.421873,0.528735,0.00022
AATGATGCGACTCCTG-1,0.000046,0.000046,0.000046,0.000092,0.000046,0.000092,0.900243,0.099387
AATGCAACCGGGTACC-1,0.000046,0.141084,0.010592,0.000093,0.451806,0.334429,0.061904,0.000046
AATGCACCAAGCAATG-1,0.029658,0.058136,0.000056,0.000113,0.000114,0.043346,0.859775,0.008803
AATGGTCCACCGTTCA-1,0.131984,0.614753,0.000258,0.024881,0.048795,0.129895,0.030591,0.018842
AATGGTTCTCACAAGC-1,0.013716,0.214081,0.175706,0.215014,0.185804,0.034382,0.161266,0.000031
AATGTATGGCACTGTA-1,0.181914,0.442547,0.001117,0.29064,0.00002,0.000039,0.00002,0.083704
AATGTGCCCGAGGTGT-1,0.00005,0.433221,0.049493,0.019407,0.213126,0.173966,0.077919,0.032818
AATGTGCTAATCTGAG-1,0.000038,0.329349,0.024068,0.351116,0.035683,0.175164,0.039032,0.04555
AATGTTAAGACCCTGA-1,0.009972,0.153286,0.035404,0.079315,0.143635,0.167061,0.315621,0.095707
AATGTTGTCGTGAGAC-1,0.079908,0.134649,0.000083,0.000165,0.006536,0.088913,0.170108,0.519639
AATTAAAGGTCGGCGT-1,0.000058,0.222354,0.002936,0.178042,0.100876,0.258604,0.230328,0.006802
AATTAACGGATTTCCA-1,0.000019,0.001964,0.191256,0.391532,0.069709,0.268138,0.077363,0.000019
AATTACGAGACCCATC-1,0.163424,0.473521,0.000046,0.088308,0.015041,0.090199,0.005146,0.164315
AATTACTCGTACGCTC-1,0.676725,0.077159,0.005269,0.023502,0.009545,0.001788,0.165435,0.040576
AATTAGCGCTGCAGCG-1,0.000856,0.076565,0.540187,0.051772,0.036338,0.129293,0.131092,0.033896
AATTATACCCAGCAAG-1,0.000028,0.136747,0.025821,0.358051,0.047199,0.43208,0.000048,0.000028
AATTCATAAGGGATCT-1,0.000024,0.000085,0.023969,0.335843,0.003526,0.58588,0.003029,0.047643
AATTCATTGTCATGCA-1,0.069311,0.568125,0.000033,0.245996,0.000033,0.000065,0.000033,0.116406
AATTCCAAGCATGTAC-1,0.008591,0.021852,0.144178,0.313589,0.236587,0.196154,0.079035,0.000013
AATTCGATTCGAGGAT-1,0.000045,0.002867,0.032133,0.112574,0.057334,0.326989,0.468014,0.000045
AATTCTAGAGTTAGGC-1,0.000046,0.016798,0.026162,0.149678,0.137536,0.608877,0.033764,0.02714
AATTGAACGCTCTGGT-1,0.000033,0.083705,0.060627,0.094849,0.026434,0.734287,0.000033,0.000033
AATTGCAGCAATCGAC-1,0.008347,0.000029,0.160103,0.010039,0.000029,0.014162,0.549842,0.257448
AATTGCGTGGATTACA-1,0.130021,0.318411,0.058897,0.290511,0.052673,0.034976,0.036595,0.077915
AATTGTGGTTGCCAAA-1,0.000064,0.090948,0.000064,0.000127,0.000064,0.000127,0.110863,0.797744
AATTTGGGACATAGTA-1,0.016873,0.02998,0.000088,0.000176,0.000088,0.277937,0.674771,0.000088
AATTTGGTTCCAAAGA-1,0.00128,0.000233,0.1868,0.501786,0.020862,0.279958,0.003761,0.005319
ACAAACCATGCGTCCT-1,0.005019,0.730459,0.006072,0.192244,0.000023,0.024678,0.000019,0.041486
ACAAACTCCATCAGAG-1,0.000029,0.361274,0.016555,0.436909,0.045692,0.079425,0.000029,0.060087
ACAAAGAAGGTAGGCC-1,0.570605,0.151006,0.003049,0.1253,0.006404,0.003218,0.105524,0.034893
ACAAAGCATGACCTAG-1,0.000034,0.05586,0.111879,0.017794,0.055617,0.172857,0.182369,0.40359
ACAAATCGCACCGAAT-1,0.000032,0.04945,0.057277,0.083238,0.083402,0.665031,0.061494,0.000076
ACAAATGGTAGTGTTT-1,0.000851,0.000027,0.318715,0.05522,0.046309,0.206586,0.263784,0.108508
ACAACAGCATGAGCTA-1,0.000163,0.064548,0.198325,0.121941,0.137394,0.418118,0.059483,0.000028
ACAACGGTCCCTGCGA-1,0.050375,0.366809,0.106347,0.197542,0.073102,0.02261,0.183187,0.000029
ACAAGCAGTGCCTAGC-1,0.023193,0.407086,0.044783,0.220082,0.193405,0.019864,0.090569,0.001017
ACAAGCTATATGGAAG-1,0.993867,0.000021,0.000021,0.000041,0.000021,0.000041,0.000021,0.005968
ACAAGGAAATCCGCCC-1,0.000027,0.003505,0.328369,0.222019,0.040468,0.240618,0.069623,0.09537
ACAAGGACAAGAGGTT-1,0.044081,0.370414,0.073827,0.127211,0.167638,0.079389,0.128949,0.008491
ACAAGGATGCTTTAGG-1,0.000025,0.016811,0.023005,0.377088,0.004032,0.578987,0.000025,0.000025
ACAAGGGCAGGCTCTG-1,0.000031,0.004805,0.108127,0.12135,0.134497,0.450101,0.181058,0.00003
ACAAGTAATTGTAAGG-1,0.003437,0.694376,0.008341,0.225873,0.004673,0.000076,0.006329,0.056896
ACAATAGTCGTACGTT-1,0.078734,0.293266,0.025128,0.453652,0.02341,0.001545,0.012764,0.1115
ACAATCCATTTAAACC-1,0.000026,0.353824,0.164815,0.07882,0.299459,0.090625,0.012405,0.000026
ACAATGAATACGGAGA-1,0.023408,0.250919,0.081379,0.521397,0.040756,0.049775,0.010478,0.021888
ACAATTGTGTCTCTTT-1,0.018059,0.16893,0.000083,0.000167,0.104797,0.436979,0.197446,0.073539
ACAATTTAGGAGGCTC-1,0.683884,0.086318,0.000053,0.000106,0.002857,0.000106,0.226514,0.000162
ACAATTTGAGCAGTGG-1,0.000052,0.120293,0.004492,0.001698,0.106481,0.623699,0.143233,0.000052
ACAATTTGGCCATATT-1,0.014101,0.000103,0.000103,0.076525,0.000103,0.134891,0.000103,0.77407
ACACAAAGACGGGTGG-1,0.000019,0.048681,0.420923,0.287638,0.027398,0.164088,0.019102,0.032151
ACACACCAGGACCAGT-1,0.000034,0.018481,0.071169,0.370194,0.003915,0.535962,0.000034,0.00021
ACACACTTTCTACACG-1,0.000031,0.000031,0.262346,0.125771,0.079207,0.446336,0.086247,0.000031
ACACATGATCAAATCT-1,0.049323,0.635771,0.007461,0.2188,0.012854,0.003553,0.000024,0.072216
ACACATTGACGCAACA-1,0.456064,0.030378,0.013179,0.055412,0.005229,0.00076,0.418185,0.020793
ACACATTTCCGTAGAC-1,0.000727,0.150897,0.066111,0.348376,0.071237,0.306359,0.00533,0.050964
ACACCCAGCATGCAGC-1,0.028249,0.056292,0.033695,0.068884,0.226198,0.123363,0.451292,0.012027
ACACCCGAGAAATCCG-1,0.055788,0.172048,0.211596,0.388212,0.08634,0.025211,0.060764,0.000042
ACACCGAGCGCTCTTT-1,0.958723,0.012545,0.005158,0.004989,0.000023,0.001112,0.012598,0.004851
ACACCGGTCTGACCGC-1,0.000012,0.368747,0.032221,0.565364,0.013539,0.020033,0.00007,0.000012
ACACCTTAAGTAGGGC-1,0.045947,0.134948,0.203769,0.273808,0.10217,0.100222,0.13911,0.000026
ACACCTTACTACTTGC-1,0.058359,0.035602,0.10627,0.158739,0.030172,0.265613,0.145996,0.199248
ACACGAGACTCCTTCT-1,0.030217,0.031853,0.066278,0.008372,0.254807,0.417773,0.184622,0.006079
ACACGGCACTATGCAT-1,0.016545,0.004409,0.169591,0.191432,0.126898,0.361728,0.129373,0.000024
ACACGGGAACTTAGGG-1,0.00005,0.03326,0.124327,0.044457,0.308677,0.290182,0.198563,0.000484
ACACGTAGGCCACAAG-1,0.041667,0.014326,0.089498,0.312916,0.01397,0.226288,0.018857,0.282479
ACACTCCAATGTCACT-1,0.510094,0.138023,0.000046,0.000093,0.003563,0.000093,0.348042,0.000046
ACACTGATCAAGGTGT-1,0.000052,0.149299,0.034543,0.000105,0.538208,0.162422,0.110104,0.005267
ACACTGGGACAGTCGT-1,0.09252,0.000087,0.000087,0.141687,0.000087,0.000174,0.000087,0.76527
ACAGAACTGAGAACAA-1,0.000023,0.274455,0.091637,0.508094,0.025798,0.03126,0.013503,0.055228
ACAGATTAGGTTAGTG-1,0.027127,0.001041,0.374652,0.137694,0.115713,0.222814,0.12094,0.000018
ACAGCATAGAGCCAGT-1,0.000027,0.053806,0.254235,0.216876,0.085989,0.386,0.003041,0.000027
ACAGCGACATTCTCAT-1,0.00508,0.000103,0.000103,0.000206,0.001683,0.247816,0.50503,0.239979
ACAGCGCACCCGCAGC-1,0.000035,0.000035,0.018323,0.003855,0.01939,0.866896,0.080315,0.01115
ACAGGCACGGATCCTT-1,0.000017,0.006549,0.021112,0.284009,0.001128,0.590413,0.000017,0.096755
ACAGGCTTGCCCGACT-1,0.000041,0.002351,0.078303,0.275219,0.031915,0.503408,0.086719,0.022043
ACAGGTGGAGGTGAGG-1,0.000026,0.162999,0.489173,0.131984,0.096439,0.016693,0.07144,0.031245
ACAGGTGTGTTGTTGC-1,0.861859,0.000019,0.000019,0.000039,0.000019,0.000039,0.000019,0.137985
ACAGTAATACAACTTG-1,0.034461,0.906802,0.008336,0.043334,0.00392,0.003062,0.000042,0.000042
ACATAAGTCGTGGTGA-1,0.115544,0.581946,0.108125,0.07407,0.012706,0.004219,0.011475,0.091916
ACATAATAAGGCGGTG-1,0.021591,0.002293,0.218529,0.482879,0.05887,0.180975,0.026664,0.008197
ACATACAATCAAGCGG-1,0.000031,0.064773,0.021794,0.308202,0.005657,0.520622,0.021365,0.057557
ACATCAGCTGGGACGC-1,0.185179,0.490647,0.000072,0.000144,0.020892,0.035236,0.267759,0.000072
ACATCCCGGCCATACG-1,0.000043,0.079012,0.037513,0.231396,0.172174,0.439274,0.040544,0.000043
ACATCCTGGTAACTGT-1,0.000059,0.000059,0.000059,0.000119,0.000059,0.008263,0.962015,0.029366
ACATCGATCGTTTACC-1,0.000046,0.079399,0.067833,0.139964,0.040672,0.527826,0.141413,0.002846
ACATCGCAATATTCGG-1,0.041356,0.596587,0.008593,0.064083,0.078273,0.045995,0.157744,0.007369
ACATCGGTCAGCCGCG-1,0.048078,0.108689,0.066263,0.110747,0.313181,0.07263,0.277934,0.002477
ACATCGTATGCAATGG-1,0.000037,0.000037,0.135603,0.067352,0.111758,0.510294,0.173801,0.001117
ACATCGTTAACCTAGT-1,0.000021,0.000021,0.298384,0.337285,0.001982,0.36224,0.000046,0.000021
ACATCTCAACGCGTAA-1,0.03321,0.001899,0.149344,0.046873,0.100225,0.645464,0.022951,0.000034
ACATGCTTACGGCAGC-1,0.008343,0.14832,0.001908,0.721735,0.000009,0.000018,0.000009,0.119658
ACATGGCGCCAAAGTA-1,0.004413,0.000044,0.000044,0.000088,0.000044,0.000088,0.778784,0.216496
ACATGGCTCAATTTAG-1,0.40422,0.134728,0.016066,0.248705,0.021914,0.15629,0.018051,0.000025
ACATTAGTTTATATCC-1,0.000032,0.015495,0.060807,0.495983,0.005078,0.366293,0.004457,0.051855
ACATTCGCGCGGAATA-1,0.00002,0.270221,0.03264,0.373303,0.128895,0.019916,0.124711,0.050294
ACATTTGAAACCTAAC-1,0.00005,0.00005,0.093575,0.012328,0.000057,0.455498,0.16191,0.276533
ACCAACCGCACTCCAC-1,0.018198,0.000022,0.163676,0.063426,0.001064,0.106855,0.457232,0.189526
ACCAACGCTTATTTAT-1,0.000045,0.134196,0.238812,0.127897,0.076067,0.345267,0.076893,0.000823
ACCAAGAACGCGTGTC-1,0.037617,0.150865,0.078458,0.029494,0.355639,0.02526,0.322628,0.000038
ACCAAGTCATCGGCAG-1,0.080211,0.00004,0.212917,0.132818,0.024898,0.174184,0.053302,0.32163
ACCAATATGCAAGTTA-1,0.002861,0.00003,0.3039,0.085924,0.056386,0.435885,0.114984,0.00003
ACCACAACTCAGAACA-1,0.020063,0.00002,0.021975,0.065678,0.022934,0.735124,0.133377,0.000829
ACCACAAGTTTCTATC-1,0.021004,0.185713,0.038893,0.014425,0.162822,0.316937,0.260165,0.000041
ACCACACGGTTGATGG-1,0.000062,0.349032,0.010563,0.078264,0.078696,0.224951,0.050651,0.207781
ACCACCAATGTAACAA-1,0.019429,0.170588,0.000072,0.001914,0.02036,0.107229,0.575878,0.104528
ACCACGTGCAGCTATA-1,0.000034,0.001858,0.128658,0.591383,0.032707,0.245292,0.000034,0.000034
ACCACTGTTCAAGAAG-1,0.636433,0.088739,0.000017,0.217943,0.001657,0.01426,0.001841,0.039109
ACCAGACCATAACAAC-1,0.938843,0.000014,0.000241,0.060397,0.000014,0.000029,0.000014,0.000447
ACCAGTGCGGGAGACG-1,0.000025,0.000025,0.006368,0.181211,0.001318,0.730983,0.043029,0.037043
ACCATATCCGCAATAA-1,0.011491,0.051178,0.186957,0.118112,0.305823,0.096278,0.19333,0.03683
ACCATCCGCCAACTAG-1,0.04673,0.233858,0.019381,0.659194,0.008907,0.027396,0.001442,0.003091
ACCATCGTATATGGTA-1,0.016558,0.25792,0.310229,0.165715,0.089483,0.122821,0.037228,0.000046
ACCATTAAGGGTGTCA-1,0.839054,0.000537,0.037429,0.096813,0.003932,0.013655,0.008564,0.000017
ACCCAACGCCCGTGGC-1,0.000028,0.010711,0.12823,0.175493,0.061258,0.566253,0.057999,0.000028
ACCCACCTACATGCTC-1,0.065645,0.385197,0.060392,0.092726,0.225147,0.071196,0.099658,0.000038
ACCCATCTTGAGGGTA-1,0.000019,0.070263,0.076511,0.645277,0.049444,0.158448,0.000019,0.000019
ACCCATTTGTCCCTCT-1,0.000089,0.000089,0.000089,0.000178,0.03363,0.205204,0.468681,0.292041
ACCCGAGCGAAATTAC-1,0.000037,0.515513,0.012595,0.11873,0.138423,0.124854,0.089812,0.000037
ACCCGATTGGTTCCGA-1,0.000026,0.332558,0.074049,0.245389,0.117161,0.184875,0.022076,0.023865
ACCCGGAAACTCCCAG-1,0.000037,0.064208,0.172721,0.086888,0.135217,0.424723,0.085929,0.030277
ACCCGGAGCACCACAA-1,0.000036,0.147227,0.014213,0.379076,0.047756,0.029673,0.140842,0.241177
ACCCGGATGACGCATC-1,0.000066,0.001841,0.043958,0.089605,0.180751,0.353994,0.246607,0.083178
ACCCGGTTACACTTCC-1,0.07712,0.200175,0.063218,0.371877,0.101557,0.182217,0.0038,0.000036
ACCCGTAGCAGAGAAT-1,0.08895,0.122114,0.011562,0.048346,0.096584,0.000279,0.233062,0.399103
ACCCGTAGTCTAGTTG-1,0.007292,0.000061,0.000061,0.000122,0.000061,0.000122,0.325157,0.667123
ACCCGTGTCATCAGTA-1,0.014808,0.000057,0.105788,0.135884,0.209002,0.000244,0.478847,0.055369
ACCCTATAGGACTGAG-1,0.34002,0.172869,0.000048,0.000097,0.064969,0.200783,0.221167,0.000048
ACCCTATGCCATATCG-1,0.000054,0.169806,0.070867,0.129398,0.233211,0.242957,0.100218,0.053489
ACCCTCCCGTCAGGGC-1,0.009358,0.034706,0.04115,0.068664,0.02092,0.37111,0.115903,0.33819
ACCCTCCCTTGCTATT-1,0.037021,0.000031,0.276682,0.240358,0.000031,0.088756,0.31109,0.04603
ACCCTTCATCTGCGAA-1,0.017055,0.005144,0.019272,0.052173,0.555114,0.309482,0.019356,0.022405
ACCGAAAGGGCCCTGC-1,0.036586,0.025745,0.283432,0.170916,0.205156,0.10299,0.175155,0.000019
ACCGAAGAGTCTGGTT-1,0.043478,0.648799,0.000047,0.185439,0.000047,0.000094,0.000047,0.122048
ACCGACACATCTCCCA-1,0.000034,0.034148,0.104252,0.219413,0.06866,0.547814,0.025644,0.000034
ACCGACTGAGTCCCAC-1,0.000055,0.005357,0.052557,0.011029,0.274069,0.332427,0.324451,0.000055
ACCGAGTCTCCTTATT-1,0.00002,0.043125,0.155294,0.363811,0.027164,0.332653,0.003783,0.07415
ACCGATAGGCATAACC-1,0.008891,0.064454,0.000077,0.000232,0.000077,0.108894,0.393928,0.423448
ACCGATATTTAATCAT-1,0.024265,0.031608,0.000094,0.000188,0.001661,0.000188,0.503014,0.438981
ACCGATGGTAGCATCG-1,0.000025,0.000025,0.020951,0.23443,0.001369,0.697589,0.004227,0.041385
ACCGCAATAACTGCCT-1,0.000055,0.13454,0.000055,0.00011,0.190058,0.600001,0.047946,0.027234
ACCGCGGTGGAAGTCG-1,0.000111,0.153864,0.000111,0.000221,0.001331,0.0684,0.569057,0.206906
ACCGCTAGTCATTGGT-1,0.034044,0.408086,0.004025,0.000114,0.191947,0.028926,0.162724,0.170135
ACCGGGCCTTTGTTGA-1,0.000113,0.103964,0.000113,0.000227,0.044519,0.38405,0.414534,0.052479
ACCGGTCAGGTACACC-1,0.007266,0.56762,0.055424,0.277033,0.021865,0.041391,0.029372,0.000029
ACCGTCCACTGGGCCC-1,0.11624,0.491797,0.000026,0.184901,0.000026,0.003047,0.000026,0.203937
ACCGTGACCACGTGGG-1,0.000033,0.118542,0.022197,0.341551,0.188667,0.079174,0.249804,0.000033
ACCTAAGTACCTTTCA-1,0.000029,0.341957,0.053291,0.320347,0.153696,0.101233,0.028202,0.001245
ACCTAATCGACTTCCT-1,0.001542,0.3418,0.028057,0.054841,0.29663,0.245419,0.031684,0.000028
ACCTACAGTATGTGGT-1,0.036009,0.048222,0.276426,0.121929,0.003517,0.139775,0.12712,0.247003
ACCTACTATAAATCTA-1,0.00003,0.204115,0.232413,0.123887,0.152497,0.27027,0.016181,0.000606
ACCTCAGCGAGGCGCA-1,0.000037,0.080676,0.008951,0.2957,0.036836,0.30024,0.119494,0.158065
ACCTCCGCCCTCGCTG-1,0.006946,0.000105,0.000105,0.00021,0.000105,0.00021,0.207356,0.784963
ACCTCCGTTATTCACC-1,0.045637,0.000059,0.097285,0.051116,0.048702,0.280917,0.271502,0.204782
ACCTCGAACTTATGCT-1,0.066147,0.614298,0.02039,0.066821,0.019701,0.013074,0.074693,0.124875
ACCTGCGTGTCATGTT-1,0.022165,0.245049,0.240279,0.422191,0.020165,0.009381,0.037533,0.003237
ACGAAATGGGCGGCAC-1,0.179029,0.258012,0.023562,0.406217,0.017611,0.003225,0.099536,0.012807
ACGACCCATGAGTTGC-1,0.000075,0.05233,0.000075,0.092733,0.02633,0.029279,0.518115,0.281063
ACGACTCTAGGGCCGA-1,0.000019,0.000019,0.074656,0.214252,0.005317,0.608448,0.011265,0.086025
ACGACTGGTCATACTC-1,0.000032,0.431216,0.024182,0.102339,0.247029,0.066471,0.1242,0.004532
ACGAGAACCCATCACG-1,0.01615,0.023973,0.147171,0.666086,0.058185,0.062411,0.025398,0.000625
ACGAGATATTTGCTTA-1,0.000037,0.000037,0.021773,0.018011,0.052783,0.807777,0.088655,0.010928
ACGAGGATACCACTCT-1,0.036083,0.730665,0.00566,0.079478,0.007002,0.000075,0.067424,0.073614
ACGAGGTTTACAACGT-1,0.086581,0.573408,0.003688,0.003347,0.125969,0.011442,0.162088,0.033477
ACGAGTACGGATGCCC-1,0.000073,0.000073,0.003917,0.000145,0.001117,0.162859,0.750392,0.081424
ACGAGTCGCCGGCGTT-1,0.246733,0.101464,0.09507,0.2295,0.085927,0.086031,0.146573,0.008702
ACGATACATAGAACTA-1,0.030587,0.000021,0.287413,0.302199,0.036375,0.197998,0.145385,0.000021
ACGATACCTATCCTGA-1,0.950651,0.000022,0.000022,0.000044,0.000022,0.000044,0.000022,0.049174
ACGATCATACATAGAG-1,0.020573,0.002889,0.227331,0.277955,0.109774,0.28962,0.071829,0.000029
ACGATCATCTTGTAAA-1,0.000086,0.042618,0.000086,0.000173,0.218725,0.296639,0.359632,0.08204
ACGATGCATATGTTAT-1,0.007894,0.049617,0.166366,0.414778,0.089252,0.189564,0.082502,0.000028
ACGATGGATCCGATGC-1,0.000022,0.004128,0.208539,0.171094,0.034796,0.492874,0.088207,0.000339
ACGCAAACTAATAGAT-1,0.000023,0.135229,0.187243,0.260454,0.144472,0.152811,0.119745,0.000023
ACGCATACGTTTACTA-1,0.000078,0.087498,0.000078,0.000156,0.000078,0.134904,0.546757,0.230451
ACGCATTCGTGAGTAC-1,0.020691,0.055239,0.049514,0.25133,0.124561,0.335157,0.163452,0.000055
ACGCCACTCGAAACAG-1,0.01035,0.163985,0.02435,0.063322,0.157896,0.073995,0.452722,0.053379
ACGCCAGATGATTTCT-1,0.000044,0.000044,0.155649,0.013417,0.026136,0.657225,0.122552,0.024933
ACGCCAGTGCGTTTGC-1,0.095514,0.000041,0.138051,0.000083,0.000088,0.195534,0.255597,0.315091
ACGCCGCTAGACGACC-1,0.000029,0.056528,0.398933,0.127197,0.038506,0.378749,0.000029,0.000029
ACGCGAAGTCAGACGA-1,0.004452,0.075083,0.541649,0.01175,0.194745,0.082054,0.085271,0.004996
ACGCGCTACACAGGGT-1,0.000015,0.131846,0.054862,0.764382,0.011413,0.03745,0.000015,0.000015
ACGCGGGCCAAGGACA-1,0.000031,0.061754,0.136412,0.231038,0.235814,0.276596,0.058323,0.000031
ACGCGTTTCTTAAGAG-1,0.909293,0.000017,0.006213,0.000034,0.000017,0.000034,0.084374,0.000017
ACGCTACTGAATGGGC-1,0.000118,0.223561,0.000118,0.000237,0.000118,0.000237,0.21903,0.556581
ACGCTAGTGATACACT-1,0.000079,0.000079,0.000079,0.000159,0.000079,0.000159,0.982019,0.017345
ACGCTGTGAGGCGTAG-1,0.092949,0.705725,0.000074,0.005781,0.001328,0.127902,0.065502,0.000738
ACGGAACACGAGTGCC-1,0.000079,0.025951,0.007048,0.000159,0.032576,0.224301,0.598349,0.111537
ACGGAATTTAGCAAAT-1,0.08233,0.124966,0.022374,0.623533,0.019922,0.081057,0.037206,0.008612
ACGGACGCAGCGACAA-1,0.000013,0.353751,0.092175,0.507787,0.026624,0.019624,0.000013,0.000013
ACGGACTCTCAAAGCG-1,0.021805,0.094285,0.20928,0.15732,0.047568,0.443897,0.021658,0.004185
ACGGATGGTGCGGATA-1,0.00002,0.001184,0.17796,0.462413,0.011788,0.346595,0.00002,0.00002
ACGGCACTTGCTTGGG-1,0.000042,0.050016,0.133798,0.237172,0.220898,0.224515,0.113844,0.019716
ACGGCCAACATGGACT-1,0.000041,0.145161,0.097923,0.394642,0.148121,0.148388,0.065684,0.000041
ACGGCGACGATGGGAA-1,0.000032,0.025154,0.069315,0.179986,0.12973,0.562486,0.033265,0.000032
ACGGCGGGTTGCCCTG-1,0.04071,0.005399,0.033905,0.584348,0.051241,0.184461,0.039084,0.060852
ACGGCTGGATGTAGAA-1,0.041543,0.647237,0.00006,0.047611,0.00006,0.00012,0.00006,0.263308
ACGGGAGTGTCGGCCC-1,0.020197,0.624112,0.032734,0.266309,0.043058,0.011045,0.002508,0.000039
ACGGGTCATGTGACTT-1,0.794617,0.000021,0.020518,0.024723,0.002517,0.03166,0.113639,0.012305
ACGGGTTGTGACCTGT-1,0.24394,0.454797,0.000035,0.00007,0.02814,0.168845,0.003894,0.100279
ACGGTACAGTTCAATG-1,0.010648,0.001487,0.017273,0.275597,0.000588,0.54756,0.012614,0.134233
ACGGTCACCGAGAACA-1,0.056937,0.672002,0.000036,0.000072,0.021337,0.000072,0.022459,0.227085
ACGTACAGATTTCTCT-1,0.000044,0.001897,0.036385,0.004457,0.346232,0.358214,0.252729,0.000044
ACGTACTTTGGCACGG-1,0.000046,0.466644,0.009186,0.021825,0.214961,0.085235,0.166971,0.035133
ACGTAGATTGCTGATG-1,0.000031,0.010183,0.377212,0.298574,0.070847,0.149616,0.090393,0.003144
ACGTAGGAGAGTCGCT-1,0.000025,0.07332,0.058218,0.085951,0.265834,0.442836,0.024487,0.049329
ACGTATTACTCCGATC-1,0.000049,0.000743,0.07062,0.306058,0.000054,0.42219,0.144124,0.056163
ACGTCGGGCAACTCGG-1,0.608861,0.052608,0.000022,0.00837,0.000022,0.000044,0.003962,0.32611
ACGTCTCGTTCCGGGA-1,0.545056,0.139064,0.029304,0.013606,0.010919,0.000078,0.230894,0.031079
ACGTGACAAAGTAAGT-1,0.738546,0.066368,0.000042,0.000083,0.000042,0.000084,0.185622,0.009214
ACGTGCGCCTCGTGCA-1,0.000027,0.002378,0.167379,0.53745,0.012339,0.237267,0.000027,0.043134
ACGTTAATGTCGAAGA-1,0.00003,0.013018,0.318557,0.093928,0.122599,0.24903,0.184993,0.017845
ACGTTAGATTTGCCCG-1,0.016442,0.11237,0.195622,0.202189,0.312944,0.111437,0.048438,0.000558
ACGTTATTGGTCACTC-1,0.555759,0.000048,0.000048,0.000096,0.012043,0.000096,0.431863,0.000048
ACGTTCACTATGCCGC-1,0.00138,0.151653,0.000025,0.671359,0.000025,0.00284,0.000025,0.172693
ACGTTCCGCGCTCCGT-1,0.037416,0.003276,0.140476,0.001403,0.232775,0.320304,0.264321,0.000029
