Barcode,Topic 1,Topic 2,Topic 3,Topic 4to10
AAACAAGTATCTCCCA-1,0.517939,0.253708,0.12108,0.107274
AAACAATCTACTAGCA-1,0.496351,0.271272,0.000062,0.232315
AAACACCAATAACTGC-1,0.000807,0.121904,0.029013,0.848276
AAACAGAGCGACTCCT-1,0.000013,0.215797,0.004751,0.779439
AAACAGCTTTCAGAAG-1,0.017543,0.829666,0.009491,0.1433
AAACAGGGTCTATATT-1,0.00001,0.110775,0.061907,0.827308
AAACAGTGTTCCTGGG-1,0.037775,0.048705,0.024091,0.88943
AAACATTTCCCGGATT-1,0.777734,0.121495,0.002542,0.09823
AAACCACTACACAGAT-1,0.197816,0.494994,0.071152,0.236039
AAACCCGAACGAAATC-1,0.24243,0.0266,0.181128,0.549842
AAACCGGAAATGTTAA-1,0.583597,0.058042,0.043099,0.315262
AAACCGGGTAGGTACC-1,0.050561,0.224919,0.007716,0.716805
AAACCGTTCGTCCAGG-1,0.03251,0.022725,0.01675,0.928015
AAACCTAAGCAGCCGG-1,0.17625,0.167602,0.082887,0.573261
AAACCTCATGAAGTTG-1,0.000027,0.127148,0.030808,0.842017
AAACGAAGAACATACC-1,0.117658,0.882145,0.000025,0.000173
AAACGACAGTCTTGCC-1,0.342827,0.46286,0.146877,0.047436
AAACGAGACGGTTGAT-1,0.036441,0.187263,0.004093,0.772204
AAACGCCCGAGATCGG-1,0.163031,0.749509,0.059694,0.027765
AAACGCTGGGCACGAC-1,0.856264,0.003867,0.001409,0.138459
AAACGGGCGTACGGGT-1,0.504169,0.177086,0.003919,0.314827
AAACGGTTGCGAACTG-1,0.001849,0.063617,0.034668,0.899866
AAACGTGTTCGCCCTA-1,0.000015,0.273861,0.002143,0.723982
AAACTAACGTGGCGAC-1,0.073375,0.84238,0.0292,0.055045
AAACTCGGTTCGCAAT-1,0.000009,0.028303,0.382583,0.589104
AAACTCGTGATATAAG-1,0.051065,0.125869,0.020206,0.802859
AAACTGCTGGCTCCAA-1,0.192761,0.011148,0.070309,0.725782
AAACTTAATTGCACGC-1,0.000014,0.181704,0.010586,0.807696
AAACTTGCAAACGTAT-1,0.000223,0.120656,0.008413,0.870707
AAAGAATGTGGACTAA-1,0.41782,0.002002,0.52278,0.057397
AAAGACATGAAGTTTA-1,0.184065,0.815404,0.000066,0.000465
AAAGACCCAAGTCGCG-1,0.342398,0.657218,0.000048,0.000335
AAAGACTGGGCGCTTT-1,0.104371,0.895048,0.000054,0.000527
AAAGCTTGCCTACATA-1,0.009379,0.126592,0.008245,0.855784
AAAGGCCCTATAATAC-1,0.005084,0.005923,0.009526,0.979467
AAAGGCTACGGACCAT-1,0.000006,0.005468,0.027895,0.966631
AAAGGCTCTCGCGCCG-1,0.025385,0.041635,0.029002,0.903978
AAAGGGATGTAGCAAG-1,0.007811,0.191825,0.001913,0.79845
AAAGGGCAGCTTGAAT-1,0.00004,0.848894,0.00004,0.151025
AAAGGTAAGCTGTACC-1,0.000016,0.262609,0.016076,0.721299
AAAGTAGCATTGCTCA-1,0.000013,0.013397,0.010279,0.976311
AAAGTCACTGATGTAA-1,0.00878,0.990677,0.000068,0.000475
AAAGTCGACCCTCAGT-1,0.000041,0.856637,0.000041,0.143281
AAAGTGCCATCAATTA-1,0.922775,0.000016,0.059797,0.017411
AAAGTGTGATTTATCT-1,0.0378,0.175719,0.068429,0.718052
AAAGTTGACTCCCGTA-1,0.024855,0.015179,0.113716,0.84625
AAATAACCATACGGGA-1,0.000012,0.0909,0.01903,0.890058
AAATAAGGTAGTGCCC-1,0.000007,0.000007,0.028127,0.971858
AAATACCTATAAGCAT-1,0.00778,0.088754,0.048466,0.855001
AAATAGCTTAGACTTT-1,0.086105,0.135762,0.063006,0.715127
AAATAGGGTGCTATTG-1,0.196639,0.109022,0.164452,0.529887
AAATCACTCCTAAACG-1,0.456893,0.510516,0.032467,0.000124
AAATCCGATACACGCC-1,0.274059,0.434368,0.190877,0.100695
AAATCGCGGAAGGAGT-1,0.147465,0.852376,0.00002,0.000139
AAATCGTGTACCACAA-1,0.000004,0.006063,0.022349,0.971584
AAATCTAGCCCTGCTA-1,0.733584,0.000026,0.015726,0.250664
AAATGACTGATCAAAC-1,0.054004,0.052178,0.160913,0.732906
AAATGATTCGATCAGC-1,0.00529,0.238742,0.002374,0.753595
AAATGCTCGTTACGTT-1,0.464212,0.535052,0.000092,0.000644
AAATGGCATGTCTTGT-1,0.000013,0.177745,0.046298,0.775944
AAATGGCCCGTGCCCT-1,0.000011,0.05078,0.004158,0.945052
AAATGGTCAATGTGCC-1,0.000034,0.126519,0.000034,0.873413
AAATGTGGGTGCTCCT-1,0.400299,0.521273,0.00007,0.078358
AAATTAACGGGTAGCT-1,0.005519,0.044074,0.009145,0.941262
AAATTACACGACTCTG-1,0.002798,0.251472,0.013087,0.732644
AAATTACCTATCGATG-1,0.000592,0.015721,0.018205,0.965482
AAATTCCAGGTCCAAA-1,0.042576,0.167701,0.168704,0.621019
AAATTGATAGTCCTTT-1,0.000593,0.083165,0.063057,0.853185
AAATTGGTGAGAAGCA-1,0.046884,0.098524,0.021933,0.832659
AAATTTACCGAAATCC-1,0.00811,0.671662,0.085117,0.235111
AAATTTGCGGGTGTGG-1,0.000014,0.050821,0.000089,0.949077
AACAACTGGTAGTTGC-1,0.030904,0.152003,0.000948,0.816145
AACAATACATTGTCGA-1,0.020436,0.04748,0.039168,0.892916
AACAATTACTCTACGC-1,0.000019,0.203942,0.005782,0.790257
AACACACGCTCGCCGC-1,0.285476,0.276121,0.126659,0.311744
AACACGACTGTACTGA-1,0.023282,0.959575,0.000042,0.017101
AACACGAGACGCGGCC-1,0.000011,0.249482,0.023295,0.727213
AACAGCTGTGTGGCAA-1,0.004275,0.198394,0.027062,0.770269
AACAGGAAATCGAATA-1,0.000014,0.044639,0.015808,0.939539
AACAGGATGGGCCGCG-1,0.000011,0.081376,0.008508,0.910105
AACAGGTAGTATGGAT-1,0.656143,0.190767,0.042849,0.110241
AACATAGCGTGTATCG-1,0.034543,0.074247,0.153006,0.738204
AACATATCAACTGGTG-1,0.00001,0.024406,0.053206,0.922378
AACATCGATACGTCTA-1,0.005407,0.084832,0.061354,0.848407
AACATTGAAGTTGATC-1,0.00036,0.055023,0.007958,0.93666
AACATTGTGACTCGAG-1,0.011546,0.180616,0.060635,0.747203
AACCAAGACTTCTCTG-1,0.000015,0.094566,0.023298,0.882121
AACCAGTATCACTCTT-1,0.020445,0.931119,0.037684,0.010752
AACCATAGGGTTGAAC-1,0.000017,0.558199,0.018165,0.423618
AACCATGGGATCGCTA-1,0.131286,0.867868,0.000106,0.00074
AACCCAGAGACGGAGA-1,0.000097,0.992078,0.000097,0.007728
AACCCATCCCATGATC-1,0.000008,0.16504,0.025602,0.809349
AACCCGACAACCCGTG-1,0.033988,0.020398,0.052607,0.893007
AACCCGAGCAGAATCG-1,0.19045,0.00001,0.809471,0.000069
AACCCGATAGGGCTTC-1,0.201534,0.616255,0.114698,0.067512
AACCCGCTGTATTCCA-1,0.155081,0.132117,0.009712,0.70309
AACCCTACTGTCAATA-1,0.005008,0.047332,0.116268,0.831392
AACCCTGGTGGAACCA-1,0.095043,0.811593,0.001383,0.091982
AACCGAGCTTGGTCAT-1,0.000025,0.255685,0.198851,0.545439
AACCGCTAAGGGATGC-1,0.168088,0.001322,0.334559,0.49603
AACCGTTGTGTTTGCT-1,0.000035,0.453483,0.000035,0.546447
AACCTAAAGCCGTCCG-1,0.164715,0.834876,0.000051,0.000358
AACCTCGCTTTAGCCC-1,0.143589,0.008347,0.096718,0.751346
AACCTGTCACGGAATT-1,0.011185,0.089336,0.180824,0.718655
AACCTTTAAATACGGT-1,0.045834,0.22417,0.299121,0.430875
AACCTTTACGACGTCT-1,0.00002,0.180321,0.003359,0.816301
AACGAAAGTCGTCCCA-1,0.00638,0.647603,0.016896,0.329121
AACGACCTCCTAGCCG-1,0.25027,0.010654,0.320488,0.418588
AACGATAATGCCGTAG-1,0.070162,0.193124,0.553219,0.183495
AACGATAGAAGGGCCG-1,0.000023,0.317444,0.005651,0.676882
AACGATATGTCAACTG-1,0.01586,0.145316,0.012573,0.82625
AACGCATGATCTGGGT-1,0.011388,0.212179,0.045952,0.730481
AACGCGACCTTGGGCG-1,0.076755,0.004762,0.036009,0.882474
AACGCGGTCTCCAGCC-1,0.000012,0.03075,0.012549,0.956689
AACGCTGTTGCTGAAA-1,0.695506,0.204752,0.014046,0.085697
AACGGACGTACGTATA-1,0.55024,0.036937,0.000065,0.412757
AACGGCCATCTCCGGT-1,0.000009,0.002903,0.011092,0.985996
AACGTACTGTGGGTAC-1,0.036166,0.05102,0.018718,0.894096
AACGTAGTCTACCCAT-1,0.531902,0.162547,0.040904,0.264646
AACGTCAGACTAGTGG-1,0.000021,0.170778,0.00406,0.825141
AACGTCATCCGGCTTG-1,0.012108,0.100526,0.193552,0.693814
AACGTCGCTGCACTTC-1,0.174026,0.016809,0.602369,0.206796
AACGTGATGAAGGACA-1,0.000016,0.435928,0.006422,0.557634
AACGTGCGAAAGTCTC-1,0.000011,0.000726,0.038597,0.960667
AACGTTCTACCATTGT-1,0.119806,0.096503,0.420532,0.363158
AACTACCCGTTTGTCA-1,0.198134,0.026684,0.295308,0.479874
AACTAGCGTATCGCAC-1,0.461443,0.516127,0.00011,0.02232
AACTAGGCTTGGGTGT-1,0.004396,0.052025,0.072333,0.871245
AACTCAAGTTAATTGC-1,0.000021,0.010442,0.020989,0.968549
AACTCCAGAGCGTGTT-1,0.335824,0.000049,0.274206,0.38992
AACTCCTAATCCCATG-1,0.000011,0.043143,0.003348,0.953498
AACTCTCAATAGAGCG-1,0.000017,0.063101,0.044598,0.892284
AACTCTCAGTGTGCTC-1,0.002479,0.024172,0.037033,0.936315
AACTGAGGTCAGCGTC-1,0.000023,0.296327,0.001835,0.701815
AACTGATATTAGGCCT-1,0.002691,0.299578,0.001672,0.696059
AACTGGGTCCCGACGT-1,0.000169,0.245755,0.036303,0.717773
AACTGGGTTCGAGCCG-1,0.096414,0.68698,0.000067,0.216539
AACTGGTGTGGGCCTT-1,0.25652,0.742277,0.000106,0.001097
AACTTGCCCGTATGCA-1,0.000026,0.293167,0.000026,0.70678
AACTTTAGCTGCTGAG-1,0.418394,0.58089,0.00009,0.000627
AACTTTCTCGATCATG-1,0.017685,0.079059,0.068917,0.834338
AAGAAATCACCAGATT-1,0.00434,0.065352,0.028487,0.901821
AAGACATACGTGGTTT-1,0.844955,0.000209,0.000022,0.154813
AAGACCAAATAACTCA-1,0.124953,0.567019,0.028966,0.279062
AAGACCCAACTGAACA-1,0.00513,0.010727,0.096761,0.887382
AAGACTCACGCCCACT-1,0.180439,0.819189,0.000047,0.000326
AAGACTGCAAGCTACT-1,0.00001,0.00001,0.019129,0.980851
AAGAGATGAATCGGTA-1,0.00002,0.340439,0.000869,0.658673
AAGAGCTCTTTATCGG-1,0.000018,0.043079,0.00636,0.950542
AAGAGGATGTACGCGA-1,0.009939,0.1443,0.009845,0.835916
AAGAGGCATGGATCGC-1,0.000655,0.010061,0.012686,0.976597
AAGAGGCCCTTTGGAA-1,0.951412,0.02647,0.01107,0.011049
AAGATGGCACCGGACC-1,0.086818,0.052627,0.009436,0.851119
AAGATTGGCGGAACGT-1,0.005099,0.085403,0.030555,0.878943
AAGCACCCTGCGTATC-1,0.000011,0.004763,0.303127,0.692099
AAGCATACTCTCCTGA-1,0.008599,0.0441,0.816005,0.131296
AAGCCACTTGCAGGTA-1,0.000006,0.163707,0.01281,0.823477
AAGCCGAAGCGGTTTA-1,0.283321,0.157998,0.099049,0.459632
AAGCCGCCGTGAAATC-1,0.000867,0.090398,0.013687,0.895047
AAGCCGCTTTACCTTG-1,0.003054,0.141403,0.010303,0.84524
AAGCCGGAGAGCAGGA-1,0.937207,0.059139,0.000034,0.003621
AAGCGCAGGGCTTTGA-1,0.000008,0.014403,0.363191,0.622399
AAGCGGAGTGCGCGCA-1,0.002328,0.152939,0.009275,0.835458
AAGCGGCGTCATGGGT-1,0.071696,0.580748,0.005403,0.342154
AAGCGTCCCTCATCGA-1,0.000011,0.050166,0.019845,0.929979
AAGCTAGATCGAGTAA-1,0.021122,0.162837,0.052411,0.76363
AAGCTCGTGCCAAGTC-1,0.007267,0.080546,0.049597,0.86259
AAGCTCTTTCATGGTG-1,0.127878,0.481329,0.03393,0.356863
AAGGAGAACTTATAAG-1,0.327694,0.672037,0.000034,0.000236
AAGGAGCGGTTGGTGC-1,0.00003,0.129381,0.00003,0.870558
AAGGATCGATCGCTTG-1,0.000091,0.034376,0.033598,0.931936
AAGGATGAGGGACCTC-1,0.086916,0.410375,0.009176,0.493533
AAGGCAGGCTGTCTCC-1,0.029483,0.040239,0.241317,0.688962
AAGGCGCGTAAAGCTT-1,0.00002,0.086604,0.00002,0.913356
AAGGCTGTGCTCATCG-1,0.002772,0.048002,0.002437,0.946788
AAGGGAACGACTGGCT-1,0.00001,0.087711,0.009907,0.902372
AAGGGACAGATTCTGT-1,0.049445,0.077911,0.018752,0.853892
AAGGGACTATGCATTC-1,0.000286,0.165431,0.000014,0.834268
AAGGGTTAGCCATGCG-1,0.04416,0.094792,0.24391,0.617139
AAGGTATCCTAATATA-1,0.014674,0.107409,0.097239,0.780678
AAGGTGATAAACCAGC-1,0.034435,0.220174,0.15933,0.58606
AAGTAGAAGACCGGGT-1,0.010742,0.15509,0.006251,0.827917
AAGTAGTGACGCGAGG-1,0.000012,0.028888,0.00389,0.96721
AAGTCAATTGTCGTCA-1,0.130891,0.207305,0.087436,0.574368
AAGTCTAGTAGCTGCC-1,0.069714,0.181631,0.011439,0.737216
AAGTGACGACCGAATT-1,0.000013,0.021685,0.02494,0.953361
AAGTGAGTCGGGTTTA-1,0.169068,0.196102,0.003101,0.63173
AAGTGCCTTGACTGTA-1,0.006003,0.051166,0.130289,0.812542
AAGTGCGTTAGAATCT-1,0.000018,0.127836,0.000018,0.872129
AAGTGCTTCTCTATTG-1,0.013038,0.166839,0.035008,0.785115
AAGTGTTTGGAGACGG-1,0.004914,0.25155,0.000028,0.743507
AAGTTCACTCCAAGCT-1,0.190299,0.243376,0.114328,0.451997
AAGTTCAGTCTGCGTA-1,0.000026,0.258435,0.000026,0.741513
AAGTTCGGCCAACAGG-1,0.003841,0.05433,0.023871,0.917957
AAGTTGTGATGTTATA-1,0.655245,0.133558,0.030484,0.180714
AAGTTTACTAATGGCA-1,0.129706,0.869877,0.000052,0.000365
AAGTTTATGGGCCCAA-1,0.142583,0.142973,0.105568,0.608876
AATAACAACGCTCGGC-1,0.002555,0.20328,0.010204,0.783961
AATAACACTAGAACAA-1,0.002867,0.033712,0.090417,0.873005
AATAACGTCGCGCCCA-1,0.062894,0.074698,0.310312,0.552096
AATAAGTCCTCGAGAC-1,0.040601,0.760144,0.024197,0.175058
AATAATCTTCGTATCG-1,0.996992,0.000013,0.000013,0.002981
AATACAATGTTTCAGG-1,0.333109,0.666458,0.000054,0.000378
AATACCGGAGGGCTGT-1,0.00617,0.104303,0.01207,0.877457
AATACCTGATGTGAAC-1,0.362473,0.151867,0.231219,0.254441
AATAGAACAGAGTGGC-1,0.000008,0.000873,0.060951,0.938168
AATAGAATCTGTTTCA-1,0.047926,0.510382,0.085648,0.356044
AATAGCAAGCCTCCTG-1,0.041312,0.780802,0.046137,0.131749
AATAGCTACCGCGTGC-1,0.000015,0.072308,0.046928,0.88075
AATAGGCACGACCCTT-1,0.035848,0.098573,0.015047,0.850532
AATAGTCCGTCCCGAC-1,0.007556,0.009511,0.05012,0.932812
AATATCAAGGTCGGAT-1,0.165379,0.744359,0.05331,0.036951
AATATCGAATCAATGC-1,0.970952,0.000009,0.00449,0.024548
AATATCGAGGGTTCTC-1,0.108702,0.067066,0.038192,0.78604
AATATTGGAGTATTGA-1,0.000017,0.000017,0.007243,0.992722
AATCAGGTTTCATTTA-1,0.001256,0.129681,0.015087,0.853976
AATCATGTAAAGACTC-1,0.51529,0.153239,0.052753,0.278718
AATCCAAGGGCCTGAG-1,0.000073,0.849416,0.000073,0.150439
AATCCCGCTCAGAGCC-1,0.032282,0.040661,0.150113,0.776944
AATCGAGGTCTCAAGG-1,0.062293,0.178456,0.148816,0.610435
AATCGCCTCAGCGCCA-1,0.092673,0.057663,0.018311,0.831353
AATCGCGCAGAGGACT-1,0.120988,0.213104,0.331957,0.333952
AATCGGGACACTACGA-1,0.057305,0.905865,0.000039,0.036791
AATCGGTATAGCCCTC-1,0.514276,0.138184,0.073194,0.274346
AATCGTGAGCCGAGCA-1,0.230274,0.085408,0.140851,0.543467
AATCTAGGTTTACTTG-1,0.000022,0.240936,0.008091,0.750952
AATCTATGCCGGAGCC-1,0.189123,0.139447,0.005442,0.665987
AATCTGCGTTGGGACG-1,0.000016,0.090883,0.186801,0.7223
AATCTGGCTTTCTAGT-1,0.000016,0.107498,0.001916,0.89057
AATCTGGGTAGACCCT-1,0.094788,0.854012,0.000041,0.051159
AATGACAGCAATGTCT-1,0.066237,0.23431,0.031289,0.668164
AATGACGTAGGATGTC-1,0.004711,0.214125,0.143562,0.637602
AATGACTGTCAGCCGG-1,0.000026,0.131167,0.000026,0.868781
AATGATGATACGCTAT-1,0.091424,0.227352,0.020615,0.660608
AATGATGCGACTCCTG-1,0.021862,0.079484,0.011305,0.88735
AATGCAACCGGGTACC-1,0.045489,0.100435,0.022758,0.831318
AATGCACCAAGCAATG-1,0.000012,0.098669,0.006066,0.895254
AATGGTCCACCGTTCA-1,0.000076,0.990348,0.000076,0.0095
AATGGTTCTCACAAGC-1,0.005244,0.649397,0.00009,0.34527
AATGTATGGCACTGTA-1,0.009445,0.484512,0.002665,0.503378
AATGTGCCCGAGGTGT-1,0.005622,0.241349,0.016638,0.736391
AATGTGCTAATCTGAG-1,0.013765,0.058387,0.010596,0.917252
AATGTTAAGACCCTGA-1,0.003376,0.009666,0.253172,0.733786
AATGTTGTCGTGAGAC-1,0.678009,0.021345,0.000032,0.300615
AATTAAAGGTCGGCGT-1,0.000016,0.039158,0.011222,0.949604
AATTAACGGATTTCCA-1,0.07487,0.360116,0.41759,0.147424
AATTACGAGACCCATC-1,0.124154,0.616649,0.00003,0.259167
AATTAGCGCTGCAGCG-1,0.000019,0.160043,0.154694,0.685244
AATTATACCCAGCAAG-1,0.066195,0.185816,0.11199,0.635998
AATTCATAAGGGATCT-1,0.000813,0.138693,0.003798,0.856697
AATTCATTGTCATGCA-1,0.045113,0.648023,0.014462,0.292402
AATTCCAAGCATGTAC-1,0.039928,0.236421,0.018456,0.705196
AATTCGATTCGAGGAT-1,0.010465,0.055988,0.039348,0.894199
AATTCTAGAGTTAGGC-1,0.000018,0.133243,0.087198,0.779541
AATTGAACGCTCTGGT-1,0.171186,0.243731,0.021876,0.563206
AATTGCAGCAATCGAC-1,0.956639,0.000015,0.004012,0.039334
AATTGCGTGGATTACA-1,0.007444,0.949665,0.002662,0.040229
AATTGTGGTTGCCAAA-1,0.999796,0.000023,0.000023,0.000159
AATTTGGGACATAGTA-1,0.127021,0.321589,0.010603,0.540787
AATTTGGTTCCAAAGA-1,0.000021,0.38381,0.001736,0.614433
ACAAACCATGCGTCCT-1,0.00001,0.173019,0.008767,0.818203
ACAAACCGACAAGGCG-1,0.466695,0.530773,0.000034,0.002499
ACAAACTCCATCAGAG-1,0.004894,0.107887,0.020276,0.866943
ACAAAGAAGGTAGGCC-1,0.102087,0.58094,0.007413,0.30956
ACAAAGCATGACCTAG-1,0.708408,0.068276,0.120779,0.102537
ACAAATCGCACCGAAT-1,0.084804,0.037928,0.429221,0.448047
ACAAATGGTAGTGTTT-1,0.000868,0.158827,0.006613,0.833692
ACAAATTCAGATCTGA-1,0.019498,0.929028,0.010579,0.040894
ACAACAGCATGAGCTA-1,0.032975,0.008496,0.014291,0.944238
ACAACGGTCCCTGCGA-1,0.000027,0.313357,0.003403,0.683213
ACAAGCAGTGCCTAGC-1,0.000027,0.179812,0.000027,0.820134
ACAAGGAAATCCGCCC-1,0.019087,0.124634,0.097239,0.759039
ACAAGGACAAGAGGTT-1,0.000018,0.024206,0.00517,0.970607
ACAAGGATGCTTTAGG-1,0.358036,0.29363,0.05713,0.291205
ACAAGGCCTACCAGCC-1,0.097862,0.798231,0.000061,0.103846
ACAAGGGCAGGCTCTG-1,0.000295,0.085436,0.345107,0.569161
ACAATAGTCGTACGTT-1,0.000024,0.261367,0.000024,0.738585
ACAATCCATTTAAACC-1,0.000018,0.001169,0.000948,0.997865
ACAATCGATCTTTATA-1,0.456163,0.543436,0.00005,0.000351
ACAATGAATACGGAGA-1,0.00734,0.108214,0.003872,0.880575
ACAATGATTCTTCTAC-1,0.0077,0.572674,0.033655,0.385971
ACAATTGTGTCTCTTT-1,0.278779,0.036098,0.066529,0.618593
ACAATTTGAGCAGTGG-1,0.010789,0.074061,0.009992,0.905158
ACAATTTGGCCATATT-1,0.177609,0.33051,0.33845,0.153431
ACACAAAGACGGGTGG-1,0.000764,0.26174,0.004839,0.732657
ACACAAATATTCCTAG-1,0.000214,0.079865,0.031045,0.888876
ACACACCAGGACCAGT-1,0.055973,0.120867,0.36942,0.453741
ACACACTTTCTACACG-1,0.000018,0.383663,0.017341,0.598978
ACACATGATCAAATCT-1,0.000009,0.088164,0.013634,0.898193
ACACATTTCCGTAGAC-1,0.029704,0.069784,0.011804,0.888708
ACACCACATAATTAGC-1,0.007526,0.00663,0.12531,0.860534
ACACCCAGCATGCAGC-1,0.000023,0.110262,0.001602,0.888113
ACACCCGAGAAATCCG-1,0.000059,0.75096,0.000059,0.248923
ACACCCGTAAATCTGT-1,0.401928,0.518562,0.078597,0.000913
ACACCGGTCTGACCGC-1,0.000012,0.103278,0.005157,0.891554
ACACCTTAAGTAGGGC-1,0.000021,0.03211,0.000021,0.967848
ACACCTTACTACTTGC-1,0.000015,0.015628,0.319013,0.665345
ACACGAGACTCCTTCT-1,0.054376,0.278917,0.020672,0.646035
ACACGGCACTATGCAT-1,0.031207,0.904905,0.000051,0.063838
ACACGGGAACTTAGGG-1,0.000025,0.136343,0.002581,0.861052
ACACGTAGGCCACAAG-1,0.507572,0.009225,0.196874,0.286329
ACACTGATCAAGGTGT-1,0.00001,0.00001,0.000911,0.999069
ACACTGGGACAGTCGT-1,0.933251,0.048836,0.000036,0.017877
ACAGAACTGAGAACAA-1,0.000014,0.081811,0.003696,0.91448
ACAGATTAGGTTAGTG-1,0.120907,0.878603,0.000061,0.000428
ACAGCATAGAGCCAGT-1,0.017485,0.982146,0.000046,0.000323
ACAGCGACATTCTCAT-1,0.700526,0.05154,0.000045,0.247889
ACAGCGCACCCGCAGC-1,0.018338,0.466187,0.033417,0.482059
ACAGGCACGGATCCTT-1,0.334367,0.103435,0.005223,0.556975
ACAGGCTTGCCCGACT-1,0.10015,0.000016,0.142287,0.757548
ACAGGTGGAGGTGAGG-1,0.000013,0.001639,0.036992,0.961355
ACAGTAATACAACTTG-1,0.000011,0.012599,0.016273,0.971118
ACAGTATACCGTGGGA-1,0.017817,0.189181,0.011018,0.781985
ACATAAGTCGTGGTGA-1,0.009361,0.903069,0.008159,0.079411
ACATAATAAGGCGGTG-1,0.000023,0.243774,0.001141,0.755063
ACATACAATCAAGCGG-1,0.053466,0.075662,0.363366,0.507505
ACATCCCGGCCATACG-1,0.0133,0.222648,0.084809,0.679242
ACATCCTGGTAACTGT-1,0.163812,0.139427,0.129175,0.567587
ACATCGATCGTTTACC-1,0.000007,0.00924,0.029891,0.960862
ACATCGCAATATTCGG-1,0.002499,0.153709,0.029693,0.814099
ACATCGGTCAGCCGCG-1,0.005147,0.105161,0.006686,0.883006
ACATCGTATGCAATGG-1,0.120877,0.079392,0.101493,0.698238
ACATCGTTAACCTAGT-1,0.031924,0.869286,0.000867,0.097923
ACATCTCAACGCGTAA-1,0.09568,0.903988,0.000041,0.00029
ACATGCTTACGGCAGC-1,0.001241,0.570871,0.027268,0.40062
ACATGGCGCCAAAGTA-1,0.000173,0.083193,0.098551,0.818083
ACATTAGTTTATATCC-1,0.001814,0.048449,0.021437,0.928301
ACATTCGCGCGGAATA-1,0.000763,0.177589,0.010028,0.81162
ACATTTGAAACCTAAC-1,0.431178,0.138191,0.064364,0.366267
ACCAAACACCCAGCGA-1,0.000088,0.088913,0.038373,0.872626
ACCAAACTAGAAATCC-1,0.283731,0.715885,0.000048,0.000336
ACCAACACCACACACT-1,0.007649,0.388104,0.045158,0.559089
ACCAACCGCACTCCAC-1,0.325818,0.000011,0.525383,0.148789
ACCAACGCTTATTTAT-1,0.003314,0.029749,0.135163,0.831773
ACCAAGAACGCGTGTC-1,0.000025,0.29359,0.004882,0.701502
ACCAAGTCATCGGCAG-1,0.284103,0.000012,0.37189,0.343995
ACCAATATGCAAGTTA-1,0.119023,0.437493,0.108942,0.334542
ACCACAACTCAGAACA-1,0.025231,0.899006,0.068994,0.006769
ACCACAAGTTTCTATC-1,0.06927,0.068557,0.000032,0.862141
ACCACACGGTTGATGG-1,0.040375,0.136822,0.09764,0.725163
ACCACCAATGTAACAA-1,0.00376,0.121409,0.366813,0.508018
ACCACCCTCTCTTCTA-1,0.033494,0.129507,0.031398,0.805601
ACCACGTGCAGCTATA-1,0.00001,0.005187,0.249928,0.744874
ACCAGCCCGGTCTTTG-1,0.245023,0.754684,0.000037,0.000256
ACCAGGAGTGTGATCT-1,0.348548,0.651116,0.000042,0.000294
ACCAGTGCCCGGTCAA-1,0.000549,0.536544,0.016477,0.446429
ACCAGTGCGGGAGACG-1,0.210067,0.11913,0.046131,0.624672
ACCATATCCGCAATAA-1,0.000008,0.000008,0.035626,0.964358
ACCATCCGCCAACTAG-1,0.004277,0.226232,0.009984,0.759506
ACCATCGTATATGGTA-1,0.051548,0.067128,0.010355,0.87097
ACCCAACGCCCGTGGC-1,0.084767,0.241768,0.017451,0.656014
ACCCACCTACATGCTC-1,0.030573,0.915839,0.000056,0.053532
ACCCATCTTGAGGGTA-1,0.000029,0.064417,0.000029,0.935525
ACCCATTTGTCCCTCT-1,0.680027,0.009809,0.166872,0.143292
ACCCGAGCGAAATTAC-1,0.000011,0.132927,0.004168,0.862893
ACCCGATTGGTTCCGA-1,0.018168,0.115324,0.115802,0.750707
ACCCGGAAACTCCCAG-1,0.001545,0.005294,0.122349,0.870812
ACCCGGAGCACCACAA-1,0.999836,0.000018,0.000018,0.000128
ACCCGGATGACGCATC-1,0.049798,0.132525,0.168363,0.649314
ACCCGGTTACACTTCC-1,0.072359,0.233732,0.010109,0.6838
ACCCGTAGTCTAGTTG-1,0.383398,0.000069,0.291359,0.325175
ACCCGTGTCATCAGTA-1,0.122946,0.041632,0.009348,0.826074
ACCCTATGCCATATCG-1,0.024742,0.144808,0.016052,0.814397
ACCCTCCCGTCAGGGC-1,0.048173,0.015724,0.60911,0.326993
ACCCTCCCTTGCTATT-1,0.009727,0.205233,0.318774,0.466266
ACCCTGGTAACGCCCT-1,0.015501,0.210947,0.020249,0.753303
ACCCTTCATCTGCGAA-1,0.000017,0.10994,0.008152,0.881891
ACCCTTGCCTGGGTCG-1,0.000014,0.048162,0.027321,0.924503
ACCCTTTAGTTCTCCA-1,0.000067,0.967116,0.000067,0.03275
ACCGAAAGGGCCCTGC-1,0.074285,0.861645,0.00005,0.06402
ACCGAAGAGTCTGGTT-1,0.000014,0.309253,0.025279,0.665453
ACCGACACATCTCCCA-1,0.000006,0.000006,0.102818,0.897169
ACCGACTGAGTCCCAC-1,0.034241,0.059407,0.000031,0.906322
ACCGAGTCTCCTTATT-1,0.000011,0.00005,0.139778,0.860162
ACCGATAGGCATAACC-1,0.903876,0.000596,0.050981,0.044547
ACCGATATTTAATCAT-1,0.937821,0.00002,0.012919,0.04924
ACCGATGGTAGCATCG-1,0.010584,0.172834,0.075403,0.741179
ACCGCAATAACTGCCT-1,0.000056,0.000778,0.348923,0.650243
ACCGCGGTGGAAGTCG-1,0.020135,0.012571,0.320008,0.647287
ACCGCTAGTCATTGGT-1,0.007245,0.173782,0.009685,0.809288
ACCGGGCCTTTGTTGA-1,0.100634,0.207586,0.040436,0.651344
ACCGGTCAGGTACACC-1,0.000006,0.006611,0.004552,0.988831
ACCGGTCTGAGTACGG-1,0.081031,0.918692,0.000035,0.000242
ACCGTCCACTGGGCCC-1,0.037231,0.524171,0.028577,0.410021
ACCGTGACCACGTGGG-1,0.003132,0.065961,0.033806,0.897101
ACCGTTCCCGCTCTGA-1,0.111951,0.88217,0.000075,0.005804
ACCTAAGTACCTTTCA-1,0.000017,0.037483,0.001665,0.960835
ACCTAATCGACTTCCT-1,0.000024,0.074003,0.000024,0.925948
ACCTACAGTATGTGGT-1,0.023243,0.103234,0.282304,0.591218
ACCTACTATAAATCTA-1,0.131541,0.22565,0.055896,0.586913
ACCTCCGCCCTCGCTG-1,0.589269,0.038543,0.068455,0.303734
ACCTCCGTTATTCACC-1,0.007909,0.056948,0.062654,0.872488
ACCTCGAACTTATGCT-1,0.000011,0.262964,0.026706,0.710319
ACCTGCGTGTCATGTT-1,0.00001,0.00001,0.000842,0.999139
ACCTTTCCTTTAGAAG-1,0.930791,0.068956,0.000032,0.000222
ACGAAATGGGCGGCAC-1,0.000022,0.201857,0.000022,0.798099
ACGACCCATGAGTTGC-1,0.939063,0.020057,0.012285,0.028594
ACGACTCTAGGGCCGA-1,0.130863,0.296813,0.075495,0.496829
ACGACTGGTCATACTC-1,0.049632,0.267574,0.047397,0.635397
ACGAGATATTTGCTTA-1,0.000032,0.574342,0.012265,0.413362
ACGAGGATACCACTCT-1,0.000014,0.021101,0.007217,0.971669
ACGAGGTTTACAACGT-1,0.000421,0.156525,0.003817,0.839236
ACGAGTACGGATGCCC-1,0.00001,0.041683,0.026134,0.932173
ACGATACATAGAACTA-1,0.001239,0.216353,0.01317,0.769238
ACGATCATACATAGAG-1,0.002717,0.009399,0.012049,0.975834
ACGATCATCTTGTAAA-1,0.001486,0.058466,0.004406,0.935643
ACGATGCATATGTTAT-1,0.000026,0.102879,0.00808,0.889016
ACGATGGATCCGATGC-1,0.000036,0.696058,0.014662,0.289244
ACGCAAACTAATAGAT-1,0.01048,0.122396,0.025913,0.84121
ACGCAATCACTACAGC-1,0.036153,0.058664,0.027838,0.877345
ACGCATAAATGACATG-1,0.241218,0.75774,0.000867,0.000175
ACGCATACGTTTACTA-1,0.726104,0.011128,0.000042,0.262726
ACGCATTCGTGAGTAC-1,0.029527,0.224918,0.017241,0.728314
ACGCCACTCGAAACAG-1,0.092319,0.040499,0.040963,0.826219
ACGCCAGATGATTTCT-1,0.00002,0.118526,0.000451,0.881003
ACGCCAGTGCGTTTGC-1,0.427541,0.10991,0.006827,0.455722
ACGCCCAGCTGTCGAT-1,0.260028,0.711953,0.00005,0.027969
ACGCCGCTAGACGACC-1,0.020447,0.519385,0.080766,0.379402
ACGCGAAGTCAGACGA-1,0.00001,0.00001,0.069763,0.930217
ACGCGCTACACAGGGT-1,0.008693,0.312772,0.045548,0.632987
ACGCGGGCCAAGGACA-1,0.052072,0.031797,0.027918,0.888213
ACGCTACTGAATGGGC-1,0.345992,0.136077,0.041243,0.476688
ACGCTAGTGATACACT-1,0.006235,0.003124,0.07306,0.91758
ACGCTGTGAGGCGTAG-1,0.030059,0.908456,0.047167,0.014319
ACGCTTAGTGTCTCTC-1,0.16439,0.835149,0.000058,0.000403
ACGGAACACGAGTGCC-1,0.271522,0.004273,0.112471,0.611734
ACGGAATTTAGCAAAT-1,0.228241,0.771108,0.000081,0.00057
ACGGACGCAGCGACAA-1,0.020825,0.644154,0.013733,0.321288
ACGGACTCTCAAAGCG-1,0.000008,0.01549,0.24797,0.736532
ACGGAGCGCAAATTAC-1,0.000013,0.015984,0.006444,0.977558
ACGGATGGTGCGGATA-1,0.00942,0.153888,0.165819,0.670873
ACGGCACTTGCTTGGG-1,0.007432,0.187335,0.048983,0.75625
ACGGCCAACATGGACT-1,0.00001,0.009332,0.011529,0.97913
ACGGCGACGATGGGAA-1,0.034182,0.240427,0.040478,0.684913
ACGGCTGGATGTAGAA-1,0.049678,0.255798,0.06135,0.633174
ACGGGAGTGTCGGCCC-1,0.00245,0.184603,0.030312,0.782634
ACGGGCGTATGCGACA-1,0.000012,0.077153,0.016337,0.906498
ACGGTACAGTTCAATG-1,0.114463,0.000009,0.379849,0.505679
ACGGTCACCGAGAACA-1,0.003339,0.38736,0.016936,0.592365
ACGTACAGATTTCTCT-1,0.000045,0.652302,0.011956,0.335697
ACGTACTTTGGCACGG-1,0.00114,0.087633,0.016285,0.894942
ACGTAGATTGCTGATG-1,0.020937,0.016463,0.063584,0.899015
ACGTAGGAGAGTCGCT-1,0.028023,0.124972,0.118752,0.728253
ACGTATTACTCCGATC-1,0.000107,0.006749,0.071392,0.921753
ACGTGACAAAGTAAGT-1,0.340455,0.650501,0.008889,0.000156
ACGTGCGCCTCGTGCA-1,0.000016,0.052115,0.001373,0.946496
ACGTGGTCGAATGTGC-1,0.194966,0.778409,0.025845,0.00078
ACGTTAATGTCGAAGA-1,0.044607,0.003985,0.354136,0.597272
ACGTTAGATTTGCCCG-1,0.020439,0.187227,0.000046,0.792287
ACGTTCACTATGCCGC-1,0.001429,0.044798,0.00801,0.945763
ACGTTCCGCGCTCCGT-1,0.136794,0.862475,0.000091,0.000639
ACGTTCGCAATCAATT-1,0.017627,0.019684,0.018284,0.944406
ACGTTCGTTCAGGAAA-1,0.000012,0.124384,0.008766,0.866838
ACGTTCTGTACAAGTC-1,0.26052,0.015281,0.284393,0.439806
ACGTTGTCGTTGAAAG-1,0.000012,0.025714,0.000849,0.973424
ACGTTTAGTTGTGATC-1,0.000016,0.059266,0.007125,0.933593
ACGTTTCGGTGCACTT-1,0.254734,0.083094,0.114434,0.547738
ACTAAGGACGCACACC-1,0.001527,0.330581,0.007164,0.660728
ACTAATACGTCAGGCG-1,0.059947,0.5746,0.000033,0.36542
ACTACAAAGAGAGGTG-1,0.076785,0.144517,0.088583,0.690116
ACTACATCCCGACAAG-1,0.00001,0.106732,0.008328,0.88493
ACTACCAGCTCTCTGG-1,0.032404,0.034281,0.005644,0.927672
ACTACCATCCGAGGGC-1,0.000009,0.102747,0.009035,0.888209
ACTACGCGTTAGAATT-1,0.028076,0.304395,0.046965,0.620564
ACTAGTTGCGATCGTC-1,0.312272,0.000024,0.684922,0.002782
ACTATATGCTGTGTTC-1,0.000019,0.101479,0.022491,0.876011
ACTATCCAGGGCATGG-1,0.000022,0.16438,0.016411,0.819188
ACTATCTGCCCGCGTA-1,0.830683,0.169101,0.000027,0.000189
ACTATGTCCAGCTGCC-1,0.000009,0.009091,0.004624,0.986275
ACTATTCGTCCGTGGT-1,0.155161,0.506427,0.006479,0.331933
ACTATTTCCGGGCCCA-1,0.013547,0.153419,0.029216,0.803818
ACTCAAGTGCAAGGCT-1,0.381302,0.009287,0.222676,0.386735
ACTCAATAAAGGCACG-1,0.014926,0.12266,0.079781,0.782633
ACTCAGACCTGCTTCT-1,0.408618,0.59046,0.000115,0.000807
ACTCATGGCAGCCTTC-1,0.000015,0.255644,0.002231,0.742109
ACTCCAATATCATCAT-1,0.00001,0.056285,0.020077,0.923628
ACTCCCATTCCTAAAG-1,0.000011,0.037404,0.004069,0.958517
ACTCCCGAATTCGTTT-1,0.000568,0.051419,0.224469,0.723545
ACTCCCGTAGACTAGG-1,0.006573,0.175448,0.000534,0.817445
ACTCCCTAATGCTAAA-1,0.000029,0.00671,0.127065,0.866196
ACTCCCTAGAATAGTA-1,0.003422,0.067822,0.114442,0.814313
ACTCCGGCCGACCACT-1,0.380126,0.218288,0.005062,0.396524
ACTCGCCGTTCGATAA-1,0.48931,0.026279,0.340603,0.143808
ACTCGCGATCTGACGC-1,0.16579,0.022107,0.045147,0.766956
ACTCGTAACCCGTCCT-1,0.000011,0.003416,0.00144,0.995133
ACTCGTCAGTAATCCC-1,0.016109,0.192751,0.003713,0.787427
ACTCTCTGACTTAGGT-1,0.017834,0.231523,0.07269,0.677953
ACTCTCTTATACACGA-1,0.000035,0.61643,0.003457,0.380078
ACTCTGACCTAATAGA-1,0.517138,0.012395,0.127523,0.342945
ACTCTTCAGCTCCCGC-1,0.104623,0.22467,0.053259,0.617448
ACTCTTGTATAGTAAC-1,0.019832,0.009172,0.02064,0.950356
ACTGAAACGCCGTTAG-1,0.393457,0.129658,0.241551,0.235334
ACTGAATGGCGAAAGT-1,0.007199,0.036576,0.112226,0.843999
ACTGATTTAGTGATTC-1,0.321533,0.67809,0.000047,0.00033
ACTGCCCGCCATTCTC-1,0.000011,0.118295,0.037959,0.843735
ACTGCCGTCGTAACTC-1,0.000018,0.03413,0.007498,0.958354
ACTGCGGACACACCGT-1,0.01429,0.034612,0.074333,0.876765
ACTGCTCGGAAGGATG-1,0.000045,0.52723,0.000045,0.472681
ACTGGCGAACCTGCGT-1,0.00002,0.562688,0.000516,0.436776
ACTGGGATGCCAGTGC-1,0.043992,0.021839,0.045045,0.889124
ACTGTACGATACACAT-1,0.007958,0.351873,0.00004,0.64013
ACTGTAGCACTTTGGA-1,0.10392,0.360419,0.000043,0.535618
ACTGTATACGCGAGCA-1,0.149607,0.849463,0.000116,0.000814
ACTGTCCAGGATTATA-1,0.000024,0.045722,0.021208,0.933046
ACTGTCTTCTTTAGAA-1,0.009044,0.137423,0.022128,0.831406
ACTGTGCTAGTAGATC-1,0.013803,0.984596,0.0002,0.0014
ACTGTTTAGTGTAGGC-1,0.337221,0.658667,0.000074,0.004039
ACTTACCGGGCGCGCA-1,0.000014,0.193712,0.039713,0.766561
ACTTACGCATCCACGC-1,0.052296,0.009179,0.272774,0.665751
ACTTAGTACGACAAGA-1,0.212435,0.786883,0.000085,0.000596
ACTTATACTTACCCGG-1,0.005832,0.233792,0.039651,0.720725
ACTTATTAGGATCGGT-1,0.000029,0.099459,0.000307,0.900205
ACTTATTTATGTGCCA-1,0.064753,0.124932,0.09678,0.713534
ACTTCAGGCTGATCCC-1,0.016229,0.05028,0.045228,0.888264
ACTTCCATGCGGGACA-1,0.236278,0.255263,0.044075,0.464384
ACTTCCTGTCGTGCGA-1,0.255793,0.616467,0.127325,0.000415
ACTTCGCCATACGCAC-1,0.000017,0.013199,0.01838,0.968405
ACTTCGCTAGCGAGTG-1,0.00001,0.002317,0.051587,0.946085
ACTTGACTCCCTCTTT-1,0.060609,0.109224,0.057356,0.772812
ACTTGCCATATTGTAC-1,0.182759,0.816559,0.000085,0.000597
ACTTGGGACCCGGTGG-1,0.000017,0.051519,0.050058,0.898405
ACTTGGGCTTTCGCCA-1,0.033602,0.08454,0.313505,0.568353
ACTTGTAGTCCCTTCA-1,0.000035,0.845037,0.000035,0.154894
ACTTGTGGATGGAACG-1,0.491278,0.014144,0.093155,0.401423
ACTTGTTACCGGATCA-1,0.000017,0.031835,0.006382,0.961767
ACTTTACCCTCATGAA-1,0.005184,0.110788,0.007074,0.876955
ACTTTCCTATAGCTTC-1,0.019661,0.270084,0.013377,0.696878
ACTTTGACTGCATCCT-1,0.091034,0.907676,0.000054,0.001236
ACTTTGGTCGTGCTCC-1,0.000016,0.116139,0.013545,0.8703
ACTTTGTCGACGCACT-1,0.999443,0.000062,0.000062,0.000433
AGAAATTATGACTCGC-1,0.827807,0.167418,0.004072,0.000703
AGAACCCAGCGTGACA-1,0.349395,0.14469,0.236651,0.269264
AGAACCCTCAATTGGG-1,0.001115,0.657952,0.005893,0.335039
AGAACGTGGTACATTC-1,0.035074,0.130081,0.038685,0.79616
AGAACTGTACTTTGTA-1,0.038693,0.00566,0.191127,0.76452
AGAAGAGCGCCGTTCC-1,0.00011,0.00011,0.171471,0.828309
AGAAGGTACACTTCAC-1,0.001703,0.237043,0.011028,0.750227
AGAAGGTTGCCGAATT-1,0.095622,0.231304,0.005795,0.667278
AGAAGGTTGTAGGTCG-1,0.034961,0.058471,0.494102,0.412467
AGAAGTGATTCGTGAT-1,0.000025,0.160517,0.000025,0.839434
AGAATAAATCTTCAGG-1,0.092557,0.907135,0.000039,0.00027
AGAATACAGGCTATCC-1,0.098943,0.018879,0.317877,0.564301
AGAATGCGGGTTCGGA-1,0.000011,0.114295,0.02863,0.857065
AGAATTATGGATTCGA-1,0.023541,0.017247,0.126857,0.832355
AGAATTGTTTGACATA-1,0.666862,0.332761,0.000047,0.00033
AGACAGGCATCTCAGC-1,0.526756,0.016691,0.033928,0.422625
AGACATAGATCCTTCC-1,0.586555,0.413022,0.000053,0.00037
AGACCAAACCACACCT-1,0.095803,0.543282,0.01217,0.348745
AGACCATGGGATACAA-1,0.000058,0.76912,0.000058,0.230765
AGACCCACCGCTGATC-1,0.005908,0.000007,0.114911,0.879174
AGACCCGCCCTCCTCG-1,0.009841,0.066683,0.022944,0.900533
AGACCGCTCCGCGGTT-1,0.492355,0.009967,0.244656,0.253022
AGACCGGGAAACCCTG-1,0.000013,0.070813,0.003717,0.925457
AGACGAAGTGCCGGTC-1,0.328154,0.004244,0.236108,0.431493
AGACGACGATGCCGCT-1,0.000017,0.013691,0.007447,0.978845
AGACGCCCACTTCGCC-1,0.983763,0.000032,0.000032,0.016172
AGACGGGATTGGTATA-1,0.335879,0.663746,0.000047,0.000328
AGACGGGCCGATTTAA-1,0.008342,0.558917,0.004958,0.427783
AGACTAGCCTTCCAGA-1,0.000023,0.093793,0.000023,0.906161
AGACTGTTACCGGGTC-1,0.000008,0.006636,0.018385,0.974971
AGAGAAACACCAGAAA-1,0.00253,0.013707,0.031117,0.952645
AGAGAACCGTCTAGGA-1,0.073847,0.040143,0.004082,0.881928
AGAGAAGGAGTACAAT-1,0.003651,0.030258,0.01189,0.954202
AGAGATCTCTAAAGCG-1,0.000014,0.00586,0.010262,0.983864
AGAGCAGTTATGAGAC-1,0.028425,0.971148,0.000053,0.000374
AGAGCCGCCGAGATTT-1,0.990445,0.00004,0.00922,0.000296
AGAGCGCTTGTAACGG-1,0.001121,0.052435,0.006228,0.940216
AGAGCGGGCTAATCAT-1,0.000014,0.026105,0.007081,0.966799
AGAGCGTACAAGCTCG-1,0.00003,0.284318,0.001802,0.71385
AGAGGCTTCGGAAACC-1,0.184023,0.062046,0.508549,0.245383
AGAGGGACAATTGTCC-1,0.021296,0.660451,0.000029,0.318223
AGAGGTATCTCGGTCC-1,0.363961,0.635164,0.000109,0.000765
AGAGTAAACTTCACTA-1,0.427404,0.201297,0.199138,0.172161
AGAGTATAGTGTTACG-1,0.001777,0.119607,0.009512,0.869105
AGAGTGAACAGACACC-1,0.2358,0.527803,0.097712,0.138685
AGAGTTAGAGACCGAT-1,0.042148,0.742395,0.012096,0.203362
AGAGTTGCAGGCCTCC-1,0.000013,0.358377,0.015378,0.626232
AGATAACTTCAGGGCC-1,0.000036,0.12248,0.01291,0.864574
AGATACCAATAGAACC-1,0.992818,0.00002,0.00002,0.007141
AGATACCAGCACTTCA-1,0.000018,0.318293,0.000669,0.68102
AGATACCGGTGTTCAC-1,0.073969,0.031502,0.002811,0.891718
AGATACGACTTCATAT-1,0.000246,0.998963,0.000099,0.000692
AGATACTCAAGATCGA-1,0.038721,0.093523,0.081162,0.786595
AGATATAATACGACTA-1,0.000329,0.140813,0.080297,0.778561
AGATCGTGCATAAGAT-1,0.005625,0.149846,0.004459,0.84007
AGATCTCAGGTGTGAT-1,0.010931,0.022152,0.016758,0.950159
AGATGACTCGCCCACG-1,0.000028,0.197818,0.002281,0.799873
AGATGAGGGTTGCGAT-1,0.000013,0.145001,0.01576,0.839226
AGATGATGGAGTCTGG-1,0.104503,0.173953,0.047994,0.67355
AGATGCAAGACGTGCA-1,0.000011,0.029099,0.007726,0.963165
AGATGCATCCTGTGTC-1,0.06959,0.922793,0.000056,0.007562
AGATTATAGGACGTTT-1,0.045938,0.092584,0.085741,0.775738
AGATTCAAGCGGGTCG-1,0.352496,0.646776,0.000038,0.00069
AGATTCACAACCGATA-1,0.050887,0.340998,0.014057,0.594058
AGCAAAGGCCGCTAGT-1,0.019141,0.029954,0.13331,0.817596
AGCAACATATCTTATT-1,0.001957,0.016667,0.054326,0.92705
AGCAACCGAAAGTAAT-1,0.001656,0.105336,0.029743,0.863265
AGCACACGTTTAGACT-1,0.000867,0.230354,0.007376,0.761403
AGCACCAGTACTCACG-1,0.044314,0.080966,0.01673,0.85799
AGCACTACCGGCCTGT-1,0.000042,0.449037,0.000042,0.550878
AGCACTACCTCACCAG-1,0.053554,0.122862,0.206925,0.616659
AGCACTTAAGGACGCC-1,0.031001,0.005386,0.025243,0.938369
AGCAGAAGGAGAAAGA-1,0.008845,0.115598,0.082881,0.792676
AGCAGCCAGATGAATA-1,0.004131,0.126257,0.066024,0.803589
AGCAGTCGAAGCATGC-1,0.02987,0.100216,0.194873,0.675041
AGCATATCAATATGCT-1,0.171013,0.245772,0.056506,0.526709
AGCATCATTTCGAAAG-1,0.001071,0.057606,0.013701,0.927622
AGCATCGTCGATAATT-1,0.000025,0.224947,0.012042,0.762986
AGCATTACGAGGCAAG-1,0.652306,0.04015,0.037249,0.270295
AGCCAAGCTTTGTGTC-1,0.008996,0.063711,0.008024,0.919268
AGCCACAGGTTACCCG-1,0.247461,0.158314,0.063625,0.5306
AGCCACTCCCGTGCTT-1,0.007955,0.138175,0.004182,0.849688
AGCCATATAGTATGTG-1,0.015431,0.000008,0.054422,0.930139
AGCCCATACATGTAAG-1,0.008251,0.34666,0.01022,0.634869
AGCCCGCAACAAGCAG-1,0.000006,0.027462,0.045851,0.926682
AGCCCGCACTACAATG-1,0.470208,0.070717,0.010342,0.448733
AGCCCGGCATTAGAGG-1,0.001845,0.101926,0.012016,0.884213
AGCCCGGTAGCCTGTA-1,0.000936,0.068168,0.013465,0.917432
AGCCCTAAGCGAAGTT-1,0.030914,0.102604,0.009366,0.857116
AGCCCTCCCTGGTGGC-1,0.002557,0.115737,0.016342,0.865364
AGCCCTGTCGCACCGT-1,0.063901,0.014817,0.188981,0.732302
AGCCCTTCTAATCCGA-1,0.000017,0.157775,0.049208,0.792999
AGCCCTTGGACATCCC-1,0.509278,0.00739,0.433391,0.04994
AGCCGTGGCTAAATGT-1,0.008389,0.068489,0.014479,0.908643
AGCCTAATACCCACGT-1,0.000012,0.215371,0.004358,0.780259
AGCGACAGGAACGGTC-1,0.00661,0.053303,0.008215,0.931872
AGCGACATCCCATTCA-1,0.000022,0.084029,0.004318,0.911631
AGCGACCAACGATATT-1,0.030296,0.201126,0.012957,0.755621
AGCGACTTTGAAGACA-1,0.025983,0.10401,0.046651,0.823356
AGCGAGACGTGAAGGC-1,0.005391,0.111174,0.016594,0.866841
AGCGATGCGCCTAATA-1,0.961199,0.033397,0.000017,0.005387
AGCGCATAATGAATCG-1,0.080864,0.157283,0.051231,0.710623
AGCGCGGGTGCCAATG-1,0.040791,0.21466,0.006124,0.738425
AGCGCTAGAGCGATGT-1,0.00342,0.111478,0.068633,0.816469
AGCGCTTATGGGCAAG-1,0.002263,0.561281,0.002743,0.433714
AGCGGACACTTCGTAG-1,0.180655,0.045474,0.151006,0.622864
AGCGGCGGTTAGCGGT-1,0.038227,0.305925,0.020596,0.635251
AGCGGGAAGGGTCCAT-1,0.043838,0.955523,0.00008,0.000559
AGCGGGTCTGACACTC-1,0.087302,0.037838,0.234963,0.639897
AGCGGTTGAGATGTAC-1,0.201745,0.797484,0.000096,0.000675
AGCGGTTGCCGCTCTG-1,0.010264,0.05811,0.041403,0.890223
AGCGTGGTATTCTACT-1,0.072239,0.048669,0.08431,0.794781
AGCGTTCCGATTTAAA-1,0.121389,0.878235,0.000047,0.00033
AGCTAACAAGCAATGT-1,0.014887,0.098051,0.035636,0.851426
AGCTAAGCTCCGTCCG-1,0.018679,0.073145,0.008639,0.899538
AGCTAAGTACGCAGGC-1,0.410242,0.047104,0.114687,0.427968
AGCTAGAAGCAGAAGT-1,0.082471,0.394658,0.017803,0.505069
AGCTATTTAATCCAAC-1,0.000008,0.001674,0.004188,0.99413
AGCTCCATATATGTTC-1,0.526685,0.138392,0.236161,0.098763
AGCTCCTTCGCACATC-1,0.20717,0.062241,0.046861,0.683727
AGCTCGTTGATGGAAA-1,0.000015,0.132878,0.014042,0.853065
AGCTCTAGACGTTCCA-1,0.009444,0.174173,0.056264,0.760118
AGCTCTTCCCAGTGCA-1,0.000026,0.1499,0.00197,0.848105
AGCTCTTCGTAACCTT-1,0.002733,0.18174,0.192429,0.623098
AGCTCTTTACTCAGTT-1,0.012957,0.220256,0.036014,0.730773
AGCTGAAGTAAACCAA-1,0.00954,0.257678,0.02968,0.703102
AGCTGCATTTGAGGTG-1,0.633848,0.319462,0.030685,0.016004
AGCTGTAACCTCAATC-1,0.000018,0.053316,0.006062,0.940604
AGCTTATAGAGACCTG-1,0.56607,0.433641,0.000036,0.000253
AGCTTCAATACTTTGA-1,0.732868,0.243635,0.023314,0.000183
AGCTTCTTCTCGAGCA-1,0.624918,0.178801,0.066454,0.129827
AGCTTGATCTTAACTT-1,0.000027,0.140167,0.022112,0.837694
AGGAACGAACGACTTC-1,0.996472,0.003374,0.000019,0.000135
AGGAAGCTGTCCGCCG-1,0.000798,0.036939,0.026676,0.935588
AGGACAGTCGAATCCC-1,0.000704,0.214463,0.066631,0.718202
AGGACATCGCACGTCG-1,0.031157,0.967694,0.000144,0.001006
AGGACATCGGCACACT-1,0.322331,0.000018,0.646134,0.031516
AGGACGACCCATTAGA-1,0.011269,0.018463,0.050067,0.9202
AGGACGCTCGATGTTG-1,0.000014,0.082758,0.14812,0.769108
AGGAGACATCCACAGT-1,0.028878,0.045622,0.092189,0.833311
AGGAGAGTCTGGCTAC-1,0.046469,0.008544,0.067547,0.877441
AGGAGGCCTTCGCGCG-1,0.219184,0.145844,0.241038,0.393934
AGGATAAAGTCGGGAT-1,0.006214,0.10345,0.019482,0.870854
AGGATATAGGGATTTA-1,0.03894,0.27255,0.289172,0.399338
AGGATATCCGACTGCA-1,0.470794,0.100461,0.003447,0.425298
AGGATCACGCGATCTG-1,0.000019,0.117684,0.000019,0.882278
AGGATTGCTTACGACA-1,0.008951,0.018043,0.041014,0.931991
AGGCACGTGACTGTCC-1,0.98404,0.013876,0.000021,0.002063
AGGCAGATGCGTAAAC-1,0.002691,0.023014,0.009029,0.965266
AGGCAGGGAGCGTACT-1,0.000241,0.012846,0.026244,0.960668
AGGCATTGTCGTAGGG-1,0.276979,0.371362,0.055346,0.296314
AGGCCACATTGGTTAC-1,0.358439,0.024212,0.259274,0.358075
AGGCCACCCGTTATGA-1,0.000035,0.087842,0.000035,0.912087
AGGCCCATTGTACAGG-1,0.000043,0.315579,0.002497,0.681882
AGGCCCTAGAACGCCA-1,0.000163,0.133704,0.002144,0.863989
AGGCCTATCATACCAA-1,0.022104,0.143217,0.032853,0.801826
AGGCCTGAGAATCTCG-1,0.18056,0.072945,0.545922,0.200573
AGGCGATAACTGGCGT-1,0.708588,0.085342,0.107438,0.098632
AGGCGGTTTGTCCCGC-1,0.000011,0.023028,0.019023,0.957939
AGGCGTCTATGGACGG-1,0.015422,0.220823,0.168987,0.594768
AGGCTATGGTTAGCTT-1,0.000016,0.151595,0.011617,0.836772
AGGCTTAAGTTGCACA-1,0.03617,0.08363,0.213134,0.667067
AGGCTTCCCGAAGAAG-1,0.000011,0.000969,0.003668,0.995353
AGGCTTGCTAGACACC-1,0.218261,0.776565,0.00008,0.005094
AGGGAAACGAGGTACT-1,0.000018,0.285772,0.001966,0.712244
AGGGACCGGCTGCGTT-1,0.005884,0.054754,0.10321,0.836152
AGGGACTCTACGCGAC-1,0.006041,0.000481,0.065559,0.927919
AGGGAGACATACTTCG-1,0.005574,0.033137,0.034263,0.927026
AGGGCAGCGGCGTGGT-1,0.034583,0.901043,0.000037,0.064337
AGGGCCCTAATGTTCT-1,0.98138,0.018389,0.000029,0.000202
AGGGCGAGCAGCTGAT-1,0.000013,0.167142,0.001039,0.831806
AGGGCGTGATCGGCTA-1,0.139044,0.52049,0.000027,0.34044
AGGGCTGCAGTTACAG-1,0.018375,0.000009,0.032356,0.949259
AGGGTCAGAGCACTCG-1,0.042419,0.124517,0.013368,0.819696
AGGGTCAGTAACCCTA-1,0.000013,0.222749,0.002077,0.775161
AGGGTCGATGCGAACT-1,0.003425,0.261637,0.56908,0.165857
AGGGTCTGGACGCAGT-1,0.694579,0.088828,0.186078,0.030514
AGGGTGCCGTTCTTTA-1,0.010128,0.056825,0.010675,0.922373
AGGGTGCTCTCGAGGG-1,0.000008,0.031681,0.054729,0.913582
AGGGTGGATAGTGCAT-1,0.48288,0.516497,0.000078,0.000546
AGGGTGTGCTACACGC-1,0.19981,0.47656,0.015257,0.308372
AGGGTTCAGACGGTCC-1,0.036598,0.003836,0.040303,0.919262
AGGGTTCCCTTTGGTT-1,0.177824,0.287021,0.009277,0.525878
AGGGTTTAGTTCGGGA-1,0.170583,0.007785,0.002331,0.8193
AGGTAACCTCCTATTC-1,0.03556,0.777017,0.14868,0.038743
AGGTACGATATTGCCA-1,0.005294,0.16839,0.011808,0.814507
AGGTAGATCGAGATAT-1,0.018189,0.179434,0.010717,0.79166
AGGTAGGTACAAAGCT-1,0.000018,0.004944,0.000985,0.994053
AGGTATAATTGATAGT-1,0.086736,0.068987,0.012322,0.831955
