Barcode,Topic 1,Topic 2,Topic 3,Topic 4,Topic 5,Topic 6,Topic 7to8,Topic 9,Topic 10
AAACAAGTATCTCCCA-1,0.000023,0.000023,0.000845,0.012433,0.006364,0.000023,0.455124,0.346506,0.178661
AAACACCAATAACTGC-1,0.000024,0.023311,0.12144,0.026491,0.005614,0.035056,0.266631,0.40976,0.111674
AAACAGAGCGACTCCT-1,0.000029,0.000029,0.017814,0.000029,0.232956,0.541826,0.161764,0.042332,0.003222
AAACAGCTTTCAGAAG-1,0.000031,0.000031,0.074724,0.094359,0.005061,0.001512,0.137816,0.642407,0.04406
AAACAGGGTCTATATT-1,0.000032,0.000032,0.016451,0.000032,0.046098,0.039677,0.279413,0.612627,0.005639
AAACAGTGTTCCTGGG-1,0.000018,0.00002,0.222247,0.334227,0.005334,0.015573,0.386061,0.000018,0.036502
AAACATGGTGAGAGGA-1,0.000017,0.013231,0.012297,0.032482,0.045948,0.027427,0.183345,0.4036,0.281654
AAACATTTCCCGGATT-1,0.00003,0.269948,0.147368,0.019578,0.431368,0.020023,0.111627,0.00003,0.00003
AAACCCGAACGAAATC-1,0.000013,0.000013,0.183324,0.265366,0.015253,0.126229,0.378867,0.000591,0.030343
AAACCGGAAATGTTAA-1,0.000018,0.015985,0.009395,0.628933,0.002536,0.026727,0.046303,0.063659,0.206444
AAACCGGGTAGGTACC-1,0.000032,0.031846,0.000032,0.000032,0.2265,0.006875,0.067902,0.591622,0.075159
AAACCGTTCGTCCAGG-1,0.000032,0.124355,0.000032,0.384874,0.136123,0.000822,0.000063,0.331731,0.021969
AAACCTAAGCAGCCGG-1,0.000049,0.767663,0.000354,0.016493,0.000049,0.000049,0.015949,0.198904,0.000489
AAACCTCATGAAGTTG-1,0.000034,0.000034,0.000034,0.011695,0.001551,0.002846,0.02753,0.880446,0.075829
AAACGAAGAACATACC-1,0.000068,0.080279,0.344704,0.000068,0.118241,0.170445,0.247472,0.038653,0.000068
AAACGAAGATGGAGTA-1,0.000024,0.000024,0.005036,0.000024,0.139668,0.084591,0.430836,0.199033,0.140764
AAACGAGACGGTTGAT-1,0.000894,0.000036,0.02792,0.000036,0.029762,0.02705,0.204236,0.690531,0.019536
AAACGCTGGGCACGAC-1,0.000024,0.462911,0.000024,0.245289,0.262861,0.000024,0.028819,0.000024,0.000024
AAACGGGCGTACGGGT-1,0.000051,0.696485,0.196929,0.000051,0.000051,0.000051,0.049136,0.057196,0.000051
AAACGGTTGCGAACTG-1,0.000023,0.035663,0.400603,0.167985,0.010732,0.058468,0.191504,0.125691,0.00933
AAACGTGTTCGCCCTA-1,0.007246,0.059217,0.054194,0.066792,0.000386,0.258025,0.173524,0.019353,0.361263
AAACTCGGTTCGCAAT-1,0.000036,0.571713,0.294159,0.022472,0.012042,0.041494,0.058012,0.000036,0.000036
AAACTCGTGATATAAG-1,0.000029,0.000029,0.118998,0.069225,0.064694,0.532954,0.085662,0.09192,0.036489
AAACTGCTGGCTCCAA-1,0.000023,0.088212,0.481036,0.000023,0.022306,0.169498,0.002076,0.236803,0.000023
AAACTTAATTGCACGC-1,0.000021,0.013981,0.113975,0.187201,0.009262,0.0824,0.270021,0.160063,0.163077
AAACTTGCAAACGTAT-1,0.000902,0.003123,0.000038,0.000038,0.012139,0.000038,0.016433,0.960718,0.006572
AAAGAATGACCTTAGA-1,0.00002,0.007173,0.031721,0.059021,0.083006,0.046006,0.226572,0.246008,0.300474
AAAGAATGTGGACTAA-1,0.000751,0.924604,0.000033,0.027353,0.000033,0.000033,0.047129,0.000033,0.000033
AAAGACCCAAGTCGCG-1,0.00003,0.012196,0.166555,0.00003,0.099698,0.309433,0.218305,0.193722,0.00003
AAAGACTGGGCGCTTT-1,0.000024,0.000024,0.000024,0.000024,0.220441,0.070594,0.244028,0.436728,0.028113
AAAGCTTGCCTACATA-1,0.000871,0.030672,0.028558,0.007402,0.037414,0.392654,0.06008,0.066838,0.375512
AAAGGCCCTATAATAC-1,0.000019,0.044486,0.051883,0.093598,0.014139,0.036628,0.522066,0.171018,0.066163
AAAGGCTACGGACCAT-1,0.000036,0.116884,0.052307,0.000036,0.000036,0.007799,0.062353,0.760512,0.000036
AAAGGCTCTCGCGCCG-1,0.000036,0.186535,0.524391,0.005719,0.187948,0.012405,0.012547,0.070382,0.000036
AAAGGGATGTAGCAAG-1,0.000018,0.000018,0.495494,0.117314,0.058091,0.024344,0.151701,0.131465,0.021555
AAAGGGCAGCTTGAAT-1,0.000031,0.000132,0.031558,0.134368,0.03187,0.034727,0.239207,0.397641,0.130464
AAAGTAGCATTGCTCA-1,0.000014,0.000014,0.851031,0.000158,0.03493,0.05503,0.043664,0.015144,0.000014
AAAGTCACTGATGTAA-1,0.00109,0.000044,0.170918,0.000044,0.087543,0.521006,0.080994,0.138318,0.000044
AAAGTCGACCCTCAGT-1,0.000868,0.000036,0.000036,0.000036,0.034789,0.006389,0.070618,0.812096,0.075133
AAAGTGCCATCAATTA-1,0.000018,0.102395,0.000018,0.463288,0.000018,0.000018,0.032016,0.038929,0.363301
AAAGTGTGATTTATCT-1,0.00003,0.021736,0.011588,0.014763,0.004995,0.026602,0.166922,0.537982,0.215383
AAAGTTGACTCCCGTA-1,0.000026,0.003352,0.167178,0.004921,0.010144,0.037013,0.22206,0.425129,0.130178
AAATAACCATACGGGA-1,0.000027,0.018847,0.199905,0.000027,0.0055,0.511761,0.105764,0.158143,0.000027
AAATAAGGTAGTGCCC-1,0.000025,0.000025,0.000025,0.002364,0.151516,0.207001,0.401663,0.053676,0.183706
AAATACCTATAAGCAT-1,0.000774,0.137506,0.055228,0.317969,0.447334,0.001281,0.025184,0.012169,0.002554
AAATAGCTTAGACTTT-1,0.000039,0.000039,0.000039,0.000348,0.000039,0.21464,0.079797,0.477342,0.227717
AAATAGGGTGCTATTG-1,0.000042,0.194331,0.121246,0.000042,0.382668,0.094293,0.015208,0.19205,0.000121
AAATCCGATACACGCC-1,0.000043,0.563194,0.334194,0.000043,0.000043,0.016596,0.06262,0.023225,0.000043
AAATCGCGGAAGGAGT-1,0.000031,0.000031,0.000031,0.000031,0.111552,0.000031,0.392268,0.467459,0.028566
AAATCGTGTACCACAA-1,0.000069,0.386432,0.000069,0.000069,0.000069,0.000069,0.000137,0.613019,0.000069
AAATCTAGCCCTGCTA-1,0.000018,0.043411,0.336452,0.031208,0.00006,0.016242,0.167402,0.363864,0.041342
AAATCTGCCCGCGTCC-1,0.000016,0.000016,0.037813,0.207616,0.019832,0.266684,0.330093,0.029009,0.10892
AAATGACTGATCAAAC-1,0.000048,0.035892,0.506027,0.000048,0.025604,0.114945,0.109195,0.208191,0.000048
AAATGATTCGATCAGC-1,0.000042,0.000042,0.000042,0.000042,0.29435,0.286469,0.173954,0.137625,0.107436
AAATGCTCGTTACGTT-1,0.000039,0.000039,0.033226,0.016806,0.054306,0.346263,0.168558,0.275173,0.105591
AAATGGCATGTCTTGT-1,0.00004,0.00004,0.081821,0.00004,0.025553,0.433613,0.054067,0.382198,0.022628
AAATGGCCCGTGCCCT-1,0.000025,0.000025,0.446938,0.000025,0.017444,0.006905,0.12678,0.397219,0.00464
AAATGGTCAATGTGCC-1,0.000032,0.038241,0.000032,0.033948,0.193102,0.000032,0.085541,0.508086,0.140987
AAATGTATCTTATCCC-1,0.000018,0.000018,0.198984,0.011204,0.099216,0.387094,0.117833,0.147362,0.038271
AAATTAACGGGTAGCT-1,0.00003,0.00715,0.07873,0.005866,0.270199,0.055773,0.042753,0.528959,0.01054
AAATTAATAAGCGCGA-1,0.000045,0.000634,0.133714,0.138993,0.042619,0.033802,0.2508,0.35952,0.039873
AAATTACACGACTCTG-1,0.000023,0.000023,0.274674,0.001814,0.000023,0.310201,0.36082,0.050683,0.001739
AAATTACCTATCGATG-1,0.000027,0.000027,0.159066,0.02704,0.139015,0.343488,0.119482,0.08531,0.126547
AAATTCCAGGTCCAAA-1,0.000024,0.001258,0.005398,0.192381,0.032871,0.079748,0.127179,0.160039,0.401103
AAATTGATAGTCCTTT-1,0.000046,0.068902,0.173674,0.006615,0.08546,0.031991,0.104985,0.424114,0.104213
AAATTGGTGAGAAGCA-1,0.000036,0.034535,0.000036,0.000036,0.02191,0.315512,0.00267,0.397681,0.227584
AAATTTGCGGGTGTGG-1,0.000027,0.041042,0.000027,0.257459,0.367893,0.006529,0.004697,0.212066,0.11026
AACAACTGGTAGTTGC-1,0.000032,0.009603,0.035778,0.000032,0.126041,0.189853,0.205191,0.428099,0.005372
AACAATACATTGTCGA-1,0.000017,0.036514,0.206352,0.318131,0.023162,0.011927,0.107375,0.276976,0.019547
AACAATTACTCTACGC-1,0.000039,0.000039,0.000039,0.000039,0.173983,0.024792,0.389876,0.331147,0.080046
AACACACGCTCGCCGC-1,0.000023,0.030687,0.044392,0.245356,0.025428,0.002844,0.206198,0.319424,0.125649
AACACGACTGTACTGA-1,0.007984,0.000027,0.348775,0.010788,0.000027,0.385125,0.198954,0.04808,0.000241
AACACGAGACGCGGCC-1,0.000022,0.000022,0.027481,0.080294,0.141704,0.017303,0.177626,0.455097,0.10045
AACACGCGGCCGCGAA-1,0.000104,0.057656,0.116677,0.000968,0.000104,0.276345,0.330684,0.13751,0.079952
AACAGCTGTGTGGCAA-1,0.008199,0.003889,0.11425,0.378397,0.111132,0.026464,0.229588,0.094161,0.033919
AACAGGAAATCGAATA-1,0.003443,0.000039,0.152839,0.035574,0.000039,0.106297,0.377914,0.29497,0.028885
AACAGGATGGGCCGCG-1,0.000032,0.004121,0.084867,0.091218,0.147225,0.026481,0.351726,0.26044,0.03389
AACAGGTAGTATGGAT-1,0.000031,0.008937,0.030101,0.047324,0.000031,0.11077,0.35715,0.240521,0.205135
AACATAGCGTGTATCG-1,0.00012,0.576093,0.00012,0.002523,0.401898,0.00012,0.018884,0.00012,0.00012
AACATATCAACTGGTG-1,0.000023,0.000023,0.370794,0.000023,0.022473,0.420337,0.086082,0.078097,0.022147
AACATCGATACGTCTA-1,0.000068,0.000068,0.000068,0.000068,0.049579,0.162134,0.000172,0.750762,0.03708
AACATTGAAGTTGATC-1,0.000033,0.03376,0.04862,0.016461,0.088733,0.15019,0.156668,0.184383,0.321152
AACATTGTGACTCGAG-1,0.000015,0.035972,0.462563,0.114549,0.039939,0.009396,0.250506,0.07816,0.0089
AACCAAGACTTCTCTG-1,0.000032,0.029082,0.000032,0.014991,0.007497,0.004501,0.041683,0.802838,0.099344
AACCATAGGGTTGAAC-1,0.000797,0.035249,0.009518,0.088759,0.044585,0.016594,0.135639,0.133009,0.535849
AACCATGGGATCGCTA-1,0.00004,0.00004,0.00004,0.00004,0.00004,0.205383,0.022324,0.690013,0.082078
AACCCAGAGACGGAGA-1,0.000027,0.000027,0.000027,0.000151,0.071789,0.202532,0.436202,0.258422,0.030824
AACCCATCCCATGATC-1,0.000033,0.000033,0.034546,0.084706,0.000033,0.000036,0.08196,0.622673,0.175982
AACCCGACAACCCGTG-1,0.000017,0.000017,0.342269,0.233507,0.016061,0.009194,0.38818,0.006432,0.004322
AACCCGAGCAGAATCG-1,0.000024,0.022127,0.063103,0.337752,0.009367,0.000046,0.241057,0.187754,0.138769
AACCCGCTGTATTCCA-1,0.000023,0.027175,0.38807,0.057334,0.015478,0.05388,0.326544,0.068535,0.062962
AACCCTACTGTCAATA-1,0.000022,0.000022,0.038459,0.05926,0.078737,0.098918,0.315584,0.106179,0.302819
AACCCTGGTGGAACCA-1,0.000032,0.000032,0.079163,0.04059,0.099574,0.469733,0.025463,0.253545,0.031869
AACCGAGCTTGGTCAT-1,0.000031,0.000031,0.001898,0.000031,0.263107,0.000994,0.211111,0.522062,0.000732
AACCGCTAAGGGATGC-1,0.00002,0.014662,0.356845,0.087703,0.003112,0.068814,0.185476,0.183434,0.099933
AACCGTTGTGTTTGCT-1,0.000037,0.000037,0.275665,0.000037,0.051133,0.416983,0.177632,0.042002,0.036474
AACCTCGCTTTAGCCC-1,0.000023,0.26873,0.591053,0.140053,0.000023,0.000023,0.000047,0.000023,0.000023
AACCTGTCACGGAATT-1,0.000041,0.059947,0.000041,0.002905,0.000041,0.069385,0.012327,0.356747,0.498566
AACCTTTAAATACGGT-1,0.00119,0.539534,0.00013,0.000046,0.397174,0.01812,0.000676,0.043084,0.000046
AACCTTTACGACGTCT-1,0.000037,0.000037,0.042248,0.000037,0.012634,0.585375,0.047748,0.302875,0.00901
AACGAAAGTCGTCCCA-1,0.00003,0.00003,0.149978,0.001677,0.00003,0.060623,0.198718,0.460428,0.128485
AACGACCTCCTAGCCG-1,0.00003,0.591421,0.00003,0.15389,0.158054,0.00003,0.000059,0.00003,0.096457
AACGATAATGCCGTAG-1,0.00005,0.558751,0.00005,0.00005,0.027325,0.046267,0.024106,0.343352,0.00005
AACGATAGAAGGGCCG-1,0.00298,0.000028,0.026601,0.000028,0.022818,0.127812,0.431153,0.350374,0.038205
AACGATATGTCAACTG-1,0.000039,0.000039,0.075425,0.000039,0.000516,0.021329,0.2144,0.678251,0.00996
AACGCATGATCTGGGT-1,0.000032,0.000032,0.009854,0.000032,0.309915,0.348557,0.082123,0.1404,0.109056
AACGCGAACGGCAACA-1,0.000081,0.035298,0.045401,0.025836,0.042906,0.313185,0.289952,0.17676,0.070583
AACGCGACCTTGGGCG-1,0.000034,0.083589,0.253857,0.000034,0.011164,0.010088,0.051845,0.588478,0.000912
AACGCGGTCTCCAGCC-1,0.000044,0.003439,0.000044,0.000044,0.433058,0.049877,0.212467,0.260136,0.04089
AACGCTGTTGCTGAAA-1,0.00155,0.018949,0.64576,0.171482,0.007958,0.033593,0.057605,0.058863,0.004241
AACGGACGTACGTATA-1,0.07497,0.000013,0.462482,0.138155,0.004309,0.01052,0.197051,0.097718,0.014783
AACGGCCATCTCCGGT-1,0.000024,0.129368,0.4425,0.007021,0.010969,0.024796,0.006808,0.374179,0.004335
AACGTACTGTGGGTAC-1,0.000028,0.069,0.425997,0.151009,0.154594,0.062603,0.089967,0.046773,0.000028
AACGTCAGACTAGTGG-1,0.000033,0.000033,0.017678,0.003708,0.125386,0.02501,0.447601,0.366334,0.014218
AACGTCATCCGGCTTG-1,0.004547,0.004546,0.004547,0.004546,0.004547,0.95908,0.009094,0.004547,0.004547
AACGTCGCTGCACTTC-1,0.001073,0.698021,0.000044,0.137325,0.114029,0.000044,0.049375,0.000044,0.000044
AACGTGATGAAGGACA-1,0.000061,0.000061,0.000061,0.000061,0.000061,0.114361,0.05008,0.746789,0.088464
AACGTGCGAAAGTCTC-1,0.000026,0.003611,0.210619,0.000026,0.000026,0.002509,0.139343,0.635514,0.008326
AACGTTATCAGCACCT-1,0.000039,0.000039,0.000039,0.000039,0.130092,0.091178,0.388427,0.316198,0.073947
AACGTTCTACCATTGT-1,0.0003,0.564033,0.0003,0.433564,0.0003,0.0003,0.000601,0.0003,0.0003
AACTACCCGTTTGTCA-1,0.000044,0.000044,0.000044,0.000044,0.000044,0.095478,0.105696,0.377042,0.421564
AACTAGGCTTGGGTGT-1,0.000036,0.517709,0.096034,0.369279,0.015575,0.000036,0.000072,0.001223,0.000036
AACTCAAGTTAATTGC-1,0.000024,0.045831,0.260881,0.156472,0.033522,0.051603,0.025727,0.414022,0.011919
AACTCCAGAGCGTGTT-1,0.000061,0.496179,0.000061,0.000061,0.007607,0.049963,0.000122,0.445884,0.000061
AACTCCTAATCCCATG-1,0.000032,0.000032,0.038315,0.00329,0.231415,0.441851,0.211745,0.037599,0.03572
AACTCGATGGCGCAGT-1,0.000045,0.000045,0.054495,0.000045,0.000211,0.617436,0.146346,0.18128,0.000097
AACTCTCAATAGAGCG-1,0.000029,0.000029,0.012723,0.170476,0.092464,0.035826,0.139609,0.504198,0.044646
AACTCTCAGTGTGCTC-1,0.000015,0.009702,0.500585,0.259128,0.196453,0.013791,0.019649,0.000028,0.00065
AACTGAGTTATACTGA-1,0.00003,0.00003,0.00003,0.336238,0.019925,0.041647,0.344081,0.000487,0.25753
AACTGATATTAGGCCT-1,0.000052,0.000052,0.000052,0.000052,0.095254,0.128029,0.129262,0.627159,0.02009
AACTGGGTCCCGACGT-1,0.000037,0.035154,0.000037,0.000037,0.006883,0.033561,0.116013,0.806074,0.002206
AACTGGTGTGGGCCTT-1,0.000045,0.000045,0.006217,0.000045,0.339933,0.332113,0.265871,0.055687,0.000045
AACTTCTGCGTCTATC-1,0.000029,0.000029,0.20997,0.117429,0.000029,0.200355,0.416088,0.055812,0.000259
AACTTGCCCGTATGCA-1,0.000043,0.02848,0.000043,0.000043,0.137962,0.042629,0.112055,0.660125,0.018621
AACTTGCGTTCTCGCG-1,0.000042,0.000042,0.000042,0.000042,0.083681,0.323174,0.32838,0.261205,0.00339
AACTTTACGGGAGCTT-1,0.000041,0.000041,0.001321,0.020265,0.000041,0.000041,0.173998,0.757298,0.046954
AACTTTCTCGATCATG-1,0.000033,0.000129,0.034718,0.008125,0.014678,0.214103,0.157996,0.15152,0.418698
AAGAAAGTTTGATGGG-1,0.000032,0.000032,0.054029,0.198923,0.107882,0.25619,0.278512,0.040509,0.063891
AAGAAATCACCAGATT-1,0.000021,0.007779,0.001266,0.081318,0.156802,0.125981,0.027144,0.102611,0.497078
AAGAAGGATCAGTTAG-1,0.000032,0.000032,0.104245,0.001197,0.041676,0.331282,0.031209,0.479997,0.010331
AAGACATACGTGGTTT-1,0.000027,0.532792,0.000027,0.372629,0.045247,0.000027,0.043732,0.000027,0.005494
AAGACCAAATAACTCA-1,0.000019,0.004977,0.02851,0.103955,0.008983,0.058262,0.206419,0.385423,0.203453
AAGACCCAACTGAACA-1,0.000031,0.242918,0.21914,0.000031,0.008386,0.003596,0.015278,0.510588,0.000031
AAGACTAACCCGTTGT-1,0.000156,0.059785,0.192758,0.000156,0.000156,0.114878,0.414744,0.094806,0.122561
AAGACTGCAAGCTACT-1,0.00004,0.01493,0.248279,0.00004,0.079197,0.01042,0.03926,0.607794,0.00004
AAGAGATGAATCGGTA-1,0.000036,0.000036,0.000036,0.000036,0.302315,0.157423,0.126563,0.392124,0.021429
AAGAGCTCTTTATCGG-1,0.000024,0.011327,0.504122,0.071772,0.011603,0.017824,0.260778,0.117539,0.005012
AAGAGGATGTACGCGA-1,0.000031,0.000031,0.000031,0.000031,0.399591,0.008437,0.088007,0.483344,0.020499
AAGAGGCATGGATCGC-1,0.000031,0.015376,0.081778,0.000031,0.033535,0.037092,0.05815,0.756682,0.017325
AAGAGGCCCTTTGGAA-1,0.000026,0.034271,0.004695,0.004425,0.102351,0.002743,0.459979,0.279883,0.111628
AAGATGGCACCGGACC-1,0.000028,0.094183,0.068492,0.016084,0.208515,0.045572,0.075396,0.408842,0.082888
AAGATTGGCGGAACGT-1,0.000848,0.002855,0.008031,0.000035,0.059585,0.232452,0.086823,0.602342,0.00703
AAGCACCCTGCGTATC-1,0.000066,0.657924,0.03119,0.000066,0.000066,0.000066,0.034503,0.276051,0.000066
AAGCATACTCTCCTGA-1,0.000051,0.724777,0.000051,0.000051,0.07252,0.023126,0.000102,0.179272,0.000051
AAGCCACTTGCAGGTA-1,0.000036,0.000036,0.019082,0.176502,0.017733,0.14746,0.14446,0.244286,0.250406
AAGCCGAAGCGGTTTA-1,0.000027,0.00067,0.035659,0.020273,0.000027,0.100488,0.313203,0.393257,0.136397
AAGCCGCCGTGAAATC-1,0.000022,0.007886,0.000022,0.000569,0.048748,0.076539,0.286743,0.350686,0.228784
AAGCCGCTTTACCTTG-1,0.000021,0.000207,0.096315,0.041534,0.000021,0.497854,0.108137,0.019307,0.236605
AAGCCGGAGAGCAGGA-1,0.000018,0.045448,0.05788,0.49503,0.000018,0.001115,0.17874,0.078099,0.143653
AAGCGCAGGGCTTTGA-1,0.000072,0.845229,0.000072,0.000072,0.009799,0.000072,0.000144,0.14447,0.000072
AAGCGGAGTGCGCGCA-1,0.000038,0.027144,0.000038,0.000038,0.031096,0.096715,0.051575,0.374017,0.419339
AAGCGTCCCTCATCGA-1,0.000031,0.030786,0.44762,0.025262,0.018343,0.15747,0.092532,0.206795,0.02116
AAGCTAGATCGAGTAA-1,0.000035,0.312734,0.313279,0.000035,0.347977,0.024709,0.001162,0.000035,0.000035
AAGCTATGGATTGACC-1,0.000388,0.000388,0.000388,0.000388,0.454668,0.542231,0.000775,0.000388,0.000388
AAGCTCGTGCCAAGTC-1,0.000026,0.000026,0.372184,0.000026,0.02755,0.124368,0.119122,0.35667,0.000026
AAGCTCTTTCATGGTG-1,0.000103,0.492649,0.000103,0.000103,0.067808,0.000235,0.000206,0.438689,0.000103
AAGGAGCGGTTGGTGC-1,0.00004,0.00741,0.00004,0.070851,0.099922,0.024129,0.011024,0.697613,0.088971
AAGGATCGATCGCTTG-1,0.003391,0.000034,0.041611,0.046256,0.000034,0.334162,0.068808,0.376839,0.128866
AAGGATGAGGGACCTC-1,0.000028,0.000028,0.006069,0.000028,0.185932,0.124102,0.279128,0.30098,0.103705
AAGGCAGGCTGTCTCC-1,0.000033,0.000892,0.000033,0.004295,0.10041,0.078105,0.059239,0.164235,0.592757
AAGGCGCGTAAAGCTT-1,0.000033,0.000033,0.017245,0.027049,0.120993,0.039708,0.137992,0.60919,0.047758
AAGGCTGTGCTCATCG-1,0.000038,0.085884,0.09861,0.000038,0.065625,0.178544,0.056699,0.487122,0.027441
AAGGGAACGACTGGCT-1,0.000036,0.023875,0.000036,0.050452,0.086415,0.000036,0.024039,0.269788,0.545325
AAGGGACAGATTCTGT-1,0.000036,0.007043,0.04792,0.102353,0.024418,0.16369,0.211522,0.258317,0.1847
AAGGGACTATGCATTC-1,0.000018,0.000018,0.563435,0.021093,0.000018,0.040686,0.296321,0.060276,0.018134
AAGGGTTAGCCATGCG-1,0.00025,0.803289,0.00025,0.00025,0.00025,0.00025,0.0005,0.19471,0.00025
AAGGGTTTGATTTCAG-1,0.000039,0.000039,0.000039,0.000039,0.088921,0.029872,0.259263,0.174331,0.447458
AAGGTATCCTAATATA-1,0.000046,0.00523,0.023653,0.034682,0.015819,0.207955,0.079895,0.554832,0.077888
AAGGTGATAAACCAGC-1,0.000018,0.019564,0.327125,0.064615,0.003481,0.013652,0.302157,0.221473,0.047915
AAGTAGAAGACCGGGT-1,0.000034,0.000034,0.000034,0.005353,0.022865,0.008046,0.109548,0.708253,0.145835
AAGTAGTGACGCGAGG-1,0.000038,0.040572,0.006012,0.029707,0.077746,0.002651,0.016491,0.719647,0.107136
AAGTCAATTGTCGTCA-1,0.000031,0.000031,0.000031,0.423875,0.000031,0.000031,0.053128,0.308598,0.214244
AAGTCTAGTAGCTGCC-1,0.000028,0.000028,0.000028,0.002584,0.027232,0.323008,0.059882,0.174323,0.412886
AAGTCTTCTGTGGCCT-1,0.00004,0.00004,0.006945,0.00004,0.006708,0.025133,0.327924,0.521713,0.111456
AAGTGACGACCGAATT-1,0.000037,0.010771,0.000037,0.043162,0.170273,0.007491,0.298108,0.389564,0.080558
AAGTGAGTCGGGTTTA-1,0.000036,0.063313,0.110411,0.039186,0.015933,0.062724,0.090592,0.515529,0.102276
AAGTGCAAAGGTAGAC-1,0.000029,0.002698,0.000029,0.000029,0.195404,0.026278,0.005727,0.693537,0.076267
AAGTGCCTTGACTGTA-1,0.000029,0.006582,0.0841,0.049932,0.045664,0.265255,0.3402,0.143131,0.065106
AAGTGCGTTAGAATCT-1,0.000039,0.018287,0.016739,0.184327,0.045969,0.004118,0.081272,0.616183,0.033064
AAGTGCTTCTCTATTG-1,0.000032,0.000032,0.353428,0.006407,0.000032,0.087513,0.360564,0.084049,0.107942
AAGTGTTTGGAGACGG-1,0.000029,0.240016,0.381637,0.000029,0.217647,0.10824,0.02261,0.029702,0.000092
AAGTTCACTCCAAGCT-1,0.002582,0.154469,0.181417,0.146319,0.51411,0.000025,0.001029,0.000025,0.000025
AAGTTCAGTCTGCGTA-1,0.000048,0.000048,0.000048,0.000048,0.467206,0.150323,0.000095,0.35896,0.023225
AAGTTCGGCCAACAGG-1,0.000028,0.044838,0.001842,0.02711,0.318278,0.030959,0.046234,0.463392,0.067321
AAGTTGTGATGTTATA-1,0.000058,0.840189,0.000058,0.000058,0.000058,0.000058,0.000116,0.056404,0.103001
AAGTTTATGGGCCCAA-1,0.000043,0.619963,0.024089,0.000043,0.164182,0.062992,0.021992,0.086889,0.019806
AATAACAACGCTCGGC-1,0.000067,0.000067,0.000067,0.000067,0.455464,0.000067,0.16418,0.24681,0.133208
AATAACACTAGAACAA-1,0.000019,0.033,0.258528,0.189318,0.072754,0.055142,0.142411,0.216874,0.031954
AATAACGTCGCGCCCA-1,0.000223,0.658045,0.000223,0.000223,0.104646,0.000223,0.000446,0.165146,0.070827
AATAAGTCCTCGAGAC-1,0.000067,0.130798,0.211459,0.000067,0.112699,0.194506,0.318714,0.031623,0.000067
AATAATCTTCGTATCG-1,0.000023,0.006968,0.002297,0.028436,0.021179,0.056602,0.437326,0.078414,0.368755
AATACAATGTTTCAGG-1,0.000035,0.000035,0.000035,0.005277,0.216712,0.106239,0.181509,0.40809,0.082069
AATACCGGAGGGCTGT-1,0.000026,0.019004,0.106817,0.002105,0.011394,0.005914,0.315162,0.470541,0.069038
AATACCTGATGTGAAC-1,0.00006,0.359051,0.112148,0.197338,0.00679,0.00006,0.161219,0.110775,0.052559
AATAGAACAGAGTGGC-1,0.000042,0.273979,0.000042,0.000042,0.000042,0.000042,0.000085,0.719906,0.005819
AATAGAATCTGTTTCA-1,0.000035,0.018556,0.000035,0.000035,0.152986,0.012887,0.374453,0.438517,0.002494
AATAGCTACCGCGTGC-1,0.000038,0.000038,0.000038,0.000038,0.596554,0.096535,0.163257,0.000038,0.143464
AATAGGCACGACCCTT-1,0.002778,0.002779,0.069422,0.002779,0.002779,0.002779,0.911128,0.002779,0.002779
AATAGTCCGTCCCGAC-1,0.00004,0.338032,0.404409,0.00004,0.085152,0.01337,0.000695,0.158223,0.00004
AATAGTCGCGAGTCGG-1,0.000032,0.000032,0.000032,0.000032,0.027271,0.092498,0.146027,0.693212,0.040865
AATATCAAGGTCGGAT-1,0.000052,0.000052,0.18345,0.000052,0.06146,0.499387,0.112851,0.142645,0.000052
AATATCCTAGCAAACT-1,0.000023,0.001597,0.059382,0.000023,0.012336,0.059496,0.28717,0.530508,0.049465
AATATCGAATCAATGC-1,0.000026,0.000026,0.025686,0.00004,0.00719,0.297802,0.267775,0.258132,0.143323
AATATCGAGGGTTCTC-1,0.000037,0.000037,0.167201,0.012575,0.008091,0.515983,0.127959,0.095466,0.07265
AATATTGGAGTATTGA-1,0.000052,0.025437,0.000052,0.000052,0.000052,0.01112,0.002566,0.895181,0.065488
AATCAGGTTTCATTTA-1,0.000037,0.000037,0.163808,0.011066,0.025521,0.192969,0.204932,0.21058,0.19105
AATCATGTAAAGACTC-1,0.001767,0.008469,0.622382,0.10173,0.000015,0.003176,0.227958,0.013792,0.020713
AATCCAAGGGCCTGAG-1,0.00005,0.00005,0.00005,0.00005,0.00005,0.010565,0.047949,0.803821,0.137413
AATCCATGCAAGGGTG-1,0.000041,0.000041,0.000041,0.000041,0.131848,0.196965,0.000082,0.666278,0.004664
AATCCCGCTCAGAGCC-1,0.000055,0.000055,0.349033,0.000055,0.162787,0.201143,0.140655,0.146164,0.000055
AATCGAGGTCTCAAGG-1,0.000233,0.203273,0.178978,0.000233,0.616121,0.000233,0.000465,0.000233,0.000233
AATCGCCTCAGCGCCA-1,0.001975,0.002039,0.330511,0.000027,0.178096,0.069795,0.029605,0.387924,0.000027
AATCGCGCAGAGGACT-1,0.000024,0.000024,0.034922,0.122266,0.004415,0.22139,0.248008,0.136322,0.232628
AATCGGGACACTACGA-1,0.000053,0.000053,0.194858,0.000053,0.042171,0.273364,0.168567,0.320827,0.000053
AATCGGTATAGCCCTC-1,0.000047,0.950439,0.000047,0.049183,0.000047,0.000047,0.000094,0.000047,0.000047
AATCGTGAGCCGAGCA-1,0.000095,0.741377,0.000095,0.000095,0.000095,0.000095,0.000191,0.25786,0.000095
AATCTAGGTTTACTTG-1,0.000033,0.000033,0.036214,0.092212,0.313219,0.006401,0.361711,0.13377,0.056408
AATCTATGCCGGAGCC-1,0.00005,0.000054,0.00005,0.035863,0.069484,0.479542,0.010543,0.2188,0.185614
AATCTCTACTGTGGTT-1,0.000046,0.016438,0.009298,0.141033,0.000046,0.004998,0.131766,0.650626,0.045749
AATCTGCGTTGGGACG-1,0.000036,0.000463,0.000036,0.000036,0.126563,0.001589,0.303714,0.488154,0.07941
AATCTGGCTTTCTAGT-1,0.000032,0.000032,0.263715,0.072159,0.068838,0.024324,0.247045,0.303452,0.020402
AATGACAGCAATGTCT-1,0.000044,0.094952,0.011424,0.092418,0.032805,0.001165,0.054746,0.594559,0.117888
AATGACGTAGGATGTC-1,0.000032,0.006036,0.214476,0.001055,0.172288,0.115241,0.159348,0.311983,0.019541
AATGACTGTCAGCCGG-1,0.000036,0.028776,0.016339,0.000036,0.030145,0.015116,0.090985,0.725891,0.092677
AATGAGTTCGCATATG-1,0.000037,0.000037,0.000037,0.000037,0.137761,0.277908,0.172198,0.40493,0.007057
AATGATGATACGCTAT-1,0.000034,0.000034,0.159332,0.00124,0.139207,0.449856,0.128697,0.080612,0.040988
AATGATGCGACTCCTG-1,0.001178,0.000035,0.201611,0.008068,0.054283,0.472799,0.185569,0.00917,0.067288
AATGCAACCGGGTACC-1,0.002503,0.017838,0.016418,0.000036,0.004236,0.011977,0.194486,0.697811,0.054695
AATGCACCAAGCAATG-1,0.000018,0.000018,0.438067,0.000665,0.000018,0.477908,0.055983,0.027303,0.000018
AATGGTCCACCGTTCA-1,0.000028,0.000028,0.040609,0.091349,0.149861,0.008815,0.330441,0.362707,0.016162
AATGGTTCTCACAAGC-1,0.00004,0.00004,0.00792,0.00004,0.024114,0.070413,0.078047,0.718035,0.101351
AATGTATGGCACTGTA-1,0.000032,0.000032,0.000032,0.235495,0.041919,0.000032,0.035109,0.000032,0.687318
AATGTGCCCGAGGTGT-1,0.000034,0.031807,0.41279,0.000034,0.004201,0.01512,0.057846,0.464307,0.01386
AATGTGCTAATCTGAG-1,0.000032,0.017742,0.056163,0.000032,0.164763,0.0929,0.342663,0.218703,0.107002
AATGTTAAGACCCTGA-1,0.000131,0.742126,0.030955,0.000131,0.061732,0.164401,0.000262,0.000131,0.000131
AATGTTGTCGTGAGAC-1,0.00004,0.77056,0.00004,0.154577,0.00004,0.00004,0.028401,0.00004,0.046261
AATTAAAGGTCGGCGT-1,0.000057,0.26545,0.000057,0.000057,0.032739,0.000057,0.000114,0.701414,0.000057
AATTAACGGATTTCCA-1,0.000065,0.692757,0.000065,0.000065,0.003287,0.018603,0.00013,0.284963,0.000065
AATTACGAGACCCATC-1,0.000034,0.000034,0.000034,0.528301,0.000034,0.000034,0.024026,0.278339,0.169165
AATTAGCGCTGCAGCG-1,0.000041,0.433842,0.063072,0.03747,0.378876,0.002139,0.08358,0.000242,0.000738
AATTATACCCAGCAAG-1,0.000196,0.879274,0.000196,0.000196,0.000196,0.000196,0.022717,0.000196,0.096832
AATTCATAAGGGATCT-1,0.000045,0.000045,0.010437,0.098581,0.060175,0.203761,0.198746,0.352003,0.076207
AATTCATTGTCATGCA-1,0.000026,0.021202,0.058035,0.012335,0.054783,0.175599,0.256745,0.123364,0.29791
AATTCCAAGCATGTAC-1,0.000018,0.011455,0.791779,0.069118,0.018273,0.019887,0.086013,0.000018,0.003439
AATTCGATTCGAGGAT-1,0.000081,0.792851,0.000081,0.145367,0.000081,0.000081,0.01949,0.041888,0.000081
AATTCTAGAGTTAGGC-1,0.007138,0.565008,0.000083,0.000083,0.000083,0.000083,0.000167,0.427271,0.000083
AATTGAACGCTCTGGT-1,0.000028,0.013205,0.207395,0.015073,0.183597,0.01907,0.111609,0.424537,0.025487
AATTGCAGCAATCGAC-1,0.000063,0.738296,0.000063,0.000063,0.000063,0.000063,0.000125,0.104859,0.156406
AATTGCGTGGATTACA-1,0.00006,0.00006,0.00006,0.982696,0.00006,0.00006,0.00012,0.00006,0.016824
AATTGTGGTTGCCAAA-1,0.00002,0.225284,0.02369,0.039125,0.00002,0.003657,0.031359,0.152945,0.5239
AATTTGGGACATAGTA-1,0.000043,0.000043,0.019594,0.000043,0.089031,0.43761,0.017311,0.428392,0.007931
AATTTGGTTCCAAAGA-1,0.000046,0.000046,0.047302,0.000046,0.000545,0.529359,0.087819,0.329268,0.005568
ACAAACCATGCGTCCT-1,0.000022,0.026375,0.034992,0.113388,0.015267,0.01362,0.099721,0.202838,0.493775
ACAAACTCCATCAGAG-1,0.000027,0.005418,0.133492,0.009924,0.075191,0.483538,0.182709,0.091746,0.017954
ACAAAGAAGGTAGGCC-1,0.000026,0.000026,0.000026,0.000026,0.000026,0.000026,0.004166,0.893511,0.102167
ACAAAGCATGACCTAG-1,0.000034,0.699992,0.000034,0.000034,0.078403,0.004365,0.019297,0.133341,0.064501
ACAAATCGCACCGAAT-1,0.00002,0.021286,0.434555,0.00002,0.00002,0.00408,0.115644,0.422646,0.00173
ACAAATGGTAGTGTTT-1,0.000027,0.016544,0.175289,0.000027,0.091576,0.021961,0.172986,0.504692,0.016897
ACAACAGCATGAGCTA-1,0.000025,0.000025,0.245732,0.018731,0.113086,0.13474,0.147139,0.33745,0.003073
ACAACGGTCCCTGCGA-1,0.000027,0.000027,0.000027,0.000027,0.319511,0.117068,0.251454,0.293615,0.018245
ACAAGCAGTGCCTAGC-1,0.000995,0.001937,0.000036,0.005144,0.213019,0.016108,0.053668,0.589922,0.119171
ACAAGCTATATGGAAG-1,0.00003,0.00003,0.000037,0.00003,0.035683,0.02242,0.180544,0.742798,0.018427
ACAAGGAAATCCGCCC-1,0.000025,0.090557,0.402321,0.000025,0.039422,0.043758,0.013713,0.410154,0.000025
ACAAGGACAAGAGGTT-1,0.000033,0.004747,0.000033,0.177891,0.000033,0.000033,0.11511,0.600778,0.10134
ACAAGGATGCTTTAGG-1,0.000051,0.923945,0.000051,0.000051,0.000051,0.000051,0.000102,0.075645,0.000051
ACAAGGGCAGGCTCTG-1,0.000015,0.004628,0.723359,0.007509,0.003719,0.047525,0.016362,0.188155,0.008728
ACAAGTAATTGTAAGG-1,0.002223,0.002223,0.002223,0.002223,0.002223,0.979994,0.004446,0.002223,0.002223
ACAATAGTCGTACGTT-1,0.000043,0.044129,0.032208,0.086347,0.020613,0.004355,0.007396,0.745687,0.059222
ACAATCCATTTAAACC-1,0.000064,0.045352,0.000064,0.035985,0.176019,0.006663,0.132135,0.406165,0.197553
ACAATGAATACGGAGA-1,0.000024,0.011326,0.11324,0.000024,0.26165,0.041136,0.279332,0.241358,0.051911
ACAATTGTGTCTCTTT-1,0.000593,0.023183,0.185129,0.085944,0.071035,0.055465,0.241165,0.237973,0.099513
ACAATTTAGGAGGCTC-1,0.000037,0.000037,0.000037,0.000037,0.035893,0.004856,0.024401,0.900105,0.034596
ACAATTTGAGCAGTGG-1,0.000036,0.000036,0.070821,0.000036,0.090901,0.188437,0.186069,0.455503,0.008162
ACAATTTGGCCATATT-1,0.000024,0.117811,0.000024,0.217058,0.293533,0.000024,0.000048,0.000024,0.371456
ACACAAAGACGGGTGG-1,0.000028,0.008644,0.003371,0.000028,0.063558,0.079319,0.228221,0.546827,0.070003
ACACAAATATTCCTAG-1,0.000025,0.017862,0.000025,0.001605,0.232397,0.118901,0.01749,0.275193,0.336503
ACACACCAGGACCAGT-1,0.000035,0.077793,0.0792,0.021097,0.005132,0.00479,0.068146,0.659292,0.084515
ACACACTTTCTACACG-1,0.000052,0.000052,0.199475,0.003146,0.000052,0.218776,0.239658,0.232464,0.106324
ACACATGATCAAATCT-1,0.000023,0.000023,0.072328,0.089236,0.000023,0.000664,0.307322,0.305458,0.224923
ACACATTTCCGTAGAC-1,0.00004,0.049417,0.097305,0.078861,0.061483,0.112973,0.154845,0.418176,0.0269
ACACCACATAATTAGC-1,0.000028,0.007857,0.002124,0.09761,0.002272,0.287762,0.085071,0.190011,0.327267
ACACCCAGCATGCAGC-1,0.000036,0.03482,0.007143,0.000036,0.000036,0.083835,0.1448,0.692483,0.036813
ACACCCGAGAAATCCG-1,0.000025,0.00904,0.000025,0.011166,0.12971,0.042817,0.290148,0.306155,0.210912
ACACCGAGCGCTCTTT-1,0.000085,0.012757,0.114734,0.026431,0.022812,0.201355,0.242976,0.253619,0.125231
ACACCGGTCTGACCGC-1,0.00002,0.020474,0.029743,0.038523,0.020225,0.176475,0.460147,0.119312,0.135082
ACACCTTAAGTAGGGC-1,0.000035,0.003942,0.006839,0.039901,0.26119,0.027881,0.184356,0.363053,0.112805
ACACCTTACTACTTGC-1,0.000045,0.000045,0.000045,0.046733,0.036765,0.071608,0.114959,0.326935,0.402866
ACACGAGACTCCTTCT-1,0.000031,0.000031,0.38866,0.000031,0.028937,0.073729,0.218276,0.290274,0.000031
ACACGGCACTATGCAT-1,0.000058,0.046363,0.053582,0.000058,0.000983,0.372381,0.028294,0.468518,0.029764
ACACGGGAACTTAGGG-1,0.000041,0.00782,0.140544,0.048933,0.021133,0.001833,0.064777,0.696024,0.018895
ACACGTAGGCCACAAG-1,0.000016,0.000016,0.501448,0.127009,0.000016,0.000016,0.351898,0.004276,0.015305
ACACTCCAATGTCACT-1,0.000054,0.000054,0.065023,0.000054,0.000054,0.1043,0.046079,0.738224,0.046157
ACACTGATCAAGGTGT-1,0.00006,0.245496,0.067314,0.00006,0.166678,0.053373,0.000119,0.466843,0.00006
ACACTGGGACAGTCGT-1,0.00002,0.00002,0.057951,0.443376,0.00002,0.00002,0.459277,0.006115,0.033199
ACAGAACTGAGAACAA-1,0.000019,0.000019,0.370672,0.086224,0.036614,0.005,0.181619,0.305239,0.014594
ACAGATTAGGTTAGTG-1,0.000057,0.000057,0.000057,0.000057,0.250012,0.282614,0.000115,0.466973,0.000057
ACAGCATAGAGCCAGT-1,0.00005,0.026224,0.058009,0.00005,0.025303,0.60572,0.11872,0.165875,0.00005
ACAGCGACATTCTCAT-1,0.001028,0.080447,0.199843,0.000041,0.011914,0.034554,0.050044,0.620781,0.001349
ACAGCGCACCCGCAGC-1,0.000035,0.020403,0.083359,0.000035,0.020232,0.468617,0.094785,0.296549,0.015986
ACAGGCACGGATCCTT-1,0.000047,0.835626,0.000047,0.104181,0.053672,0.000047,0.006286,0.000047,0.000047
ACAGGCTTGCCCGACT-1,0.000016,0.01412,0.631707,0.0254,0.053152,0.065516,0.04944,0.132726,0.027921
ACAGGTGGAGGTGAGG-1,0.000045,0.105012,0.000045,0.000045,0.109195,0.002713,0.000089,0.78273,0.000128
ACAGGTGTGTTGTTGC-1,0.000035,0.000035,0.000036,0.000035,0.000035,0.002382,0.100946,0.884829,0.011669
ACAGTAATACAACTTG-1,0.000035,0.01676,0.004675,0.000035,0.076254,0.093815,0.115686,0.645389,0.047351
ACAGTATACCGTGGGA-1,0.000026,0.000026,0.057287,0.180267,0.017641,0.461675,0.065031,0.054543,0.163504
ACATAAGTCGTGGTGA-1,0.000027,0.000027,0.000027,0.001785,0.150046,0.046393,0.468822,0.194418,0.138457
ACATAATAAGGCGGTG-1,0.000039,0.000039,0.000039,0.020929,0.122046,0.000039,0.221448,0.53497,0.10045
ACATACAATCAAGCGG-1,0.000769,0.908304,0.085541,0.000769,0.000769,0.000769,0.001539,0.000769,0.000769
ACATCAGCTGGGACGC-1,0.000029,0.000029,0.000029,0.031215,0.091219,0.005955,0.160647,0.590093,0.120784
ACATCCCGGCCATACG-1,0.499568,0.050404,0.081693,0.308087,0.059707,0.000026,0.000463,0.000026,0.000026
ACATCCTGGTAACTGT-1,0.000026,0.000219,0.001782,0.014471,0.13866,0.069563,0.427173,0.042341,0.305764
ACATCGATCGTTTACC-1,0.000041,0.092143,0.204082,0.000041,0.478421,0.042066,0.017166,0.166,0.000041
ACATCGCAATATTCGG-1,0.000725,0.000725,0.000725,0.000725,0.000725,0.993476,0.00145,0.000725,0.000725
ACATCGGTCAGCCGCG-1,0.000032,0.01442,0.000032,0.000032,0.537825,0.035248,0.020049,0.363997,0.028364
ACATCGTATGCAATGG-1,0.000029,0.054506,0.167065,0.000029,0.041654,0.026824,0.013229,0.692838,0.003827
ACATCGTTAACCTAGT-1,0.000052,0.055238,0.046991,0.000052,0.087647,0.317897,0.311339,0.180732,0.000052
ACATGCTTACGGCAGC-1,0.00005,0.013942,0.004278,0.105776,0.00005,0.383403,0.226415,0.216629,0.049457
ACATGGCGCCAAAGTA-1,0.000025,0.000025,0.016408,0.025812,0.083273,0.179371,0.294934,0.220556,0.179596
ACATTAGTTTATATCC-1,0.000092,0.598073,0.000092,0.000092,0.032899,0.00224,0.000184,0.366236,0.000092
ACATTCGCGCGGAATA-1,0.000608,0.003105,0.029286,0.319688,0.000025,0.179491,0.166775,0.130409,0.170615
ACATTTGAAACCTAAC-1,0.000791,0.42984,0.078242,0.228916,0.023383,0.000031,0.170761,0.025272,0.042764
ACCAAACACCCAGCGA-1,0.000898,0.04165,0.000038,0.003272,0.066463,0.191707,0.041315,0.441228,0.213429
ACCAACACCACACACT-1,0.000038,0.006722,0.000038,0.000038,0.316902,0.23964,0.016238,0.292431,0.127954
ACCAACCGCACTCCAC-1,0.000037,0.697787,0.000037,0.074128,0.192925,0.000037,0.022179,0.000037,0.012834
ACCAACGCTTATTTAT-1,0.00004,0.33273,0.00004,0.00004,0.383511,0.00004,0.195814,0.086326,0.001461
ACCAAGAACGCGTGTC-1,0.000033,0.01308,0.000033,0.01731,0.005448,0.037104,0.095756,0.736578,0.094658
ACCAAGTCATCGGCAG-1,0.000055,0.916317,0.000055,0.078369,0.000055,0.000055,0.00011,0.000055,0.004928
ACCAATATGCAAGTTA-1,0.000053,0.822881,0.000053,0.000053,0.000535,0.018613,0.023886,0.133873,0.000053
ACCACAACTCAGAACA-1,0.000055,0.13654,0.209549,0.003723,0.106422,0.263008,0.007123,0.26934,0.004241
ACCACAAGTTTCTATC-1,0.000045,0.016465,0.000045,0.080948,0.10056,0.009784,0.000089,0.628233,0.163831
ACCACACGGTTGATGG-1,0.00011,0.430101,0.00011,0.00011,0.487391,0.00011,0.080307,0.001649,0.00011
ACCACCAATGTAACAA-1,0.000029,0.010356,0.000029,0.000029,0.02263,0.138752,0.08811,0.529644,0.21042
ACCACCCTCTCTTCTA-1,0.00003,0.00003,0.078802,0.008818,0.00003,0.135187,0.240198,0.056953,0.479954
ACCACGTGCAGCTATA-1,0.00003,0.072005,0.275531,0.00003,0.011579,0.085207,0.001482,0.554105,0.00003
ACCAGACCATAACAAC-1,0.000024,0.014251,0.000024,0.000024,0.039398,0.00012,0.060638,0.847068,0.038454
ACCAGTGCGGGAGACG-1,0.000024,0.134035,0.17277,0.029307,0.308932,0.001589,0.262528,0.088792,0.002024
ACCATATCCGCAATAA-1,0.000029,0.117819,0.202457,0.040619,0.040613,0.02474,0.044846,0.526056,0.002822
ACCATCCGCCAACTAG-1,0.000949,0.011118,0.059309,0.07236,0.061319,0.000033,0.250885,0.505004,0.039022
ACCATCGTATATGGTA-1,0.000043,0.208741,0.000043,0.000043,0.383952,0.049445,0.000087,0.330116,0.027529
ACCATTAAGGGTGTCA-1,0.000094,0.069906,0.114933,0.059915,0.000094,0.173109,0.356244,0.118168,0.107537
ACCCAACGCCCGTGGC-1,0.000023,0.000023,0.409787,0.042688,0.000023,0.118058,0.179234,0.214164,0.035999
ACCCACCTACATGCTC-1,0.00004,0.014753,0.158866,0.056514,0.00004,0.005021,0.314636,0.350375,0.099755
ACCCATCTTGAGGGTA-1,0.000046,0.097296,0.000046,0.000046,0.016423,0.001723,0.000093,0.88428,0.000046
ACCCATTTGTCCCTCT-1,0.000029,0.120905,0.315055,0.091012,0.129157,0.018175,0.063617,0.211876,0.050174
ACCCGAGCGAAATTAC-1,0.000012,0.020586,0.619745,0.010836,0.027764,0.005491,0.263123,0.035208,0.017235
ACCCGATTGGTTCCGA-1,0.000023,0.02601,0.200051,0.003998,0.077918,0.230056,0.434933,0.024511,0.0025
ACCCGGAAACTCCCAG-1,0.000017,0.153316,0.808193,0.03837,0.000017,0.000017,0.000034,0.000017,0.000017
ACCCGGAGCACCACAA-1,0.00001,0.005703,0.263774,0.562804,0.00001,0.00001,0.158773,0.00001,0.008906
ACCCGGATGACGCATC-1,0.000041,0.000041,0.031996,0.000041,0.000041,0.075843,0.105877,0.6727,0.113421
ACCCGGTTACACTTCC-1,0.000054,0.19217,0.000054,0.000054,0.42088,0.010595,0.000109,0.376028,0.000054
ACCCGTAGCAGAGAAT-1,0.000034,0.000034,0.000034,0.227616,0.000034,0.107237,0.012032,0.153125,0.499854
ACCCGTAGTCTAGTTG-1,0.000033,0.605951,0.000033,0.377498,0.000033,0.000033,0.000065,0.000033,0.016323
ACCCGTGTCATCAGTA-1,0.00005,0.284374,0.116109,0.00005,0.167392,0.052314,0.000099,0.379563,0.00005
ACCCTATAGGACTGAG-1,0.000618,0.000027,0.340327,0.060318,0.082549,0.336436,0.179672,0.000027,0.000027
ACCCTATGCCATATCG-1,0.000044,0.083761,0.017147,0.000044,0.161034,0.177419,0.022508,0.538,0.000044
ACCCTCCCGTCAGGGC-1,0.00005,0.841494,0.00005,0.001289,0.078632,0.00005,0.019232,0.00005,0.059152
ACCCTCCCTTGCTATT-1,0.000034,0.031361,0.155705,0.000034,0.066167,0.173812,0.069375,0.485405,0.018108
ACCCTGGTAACGCCCT-1,0.000033,0.022783,0.166031,0.137559,0.062245,0.44546,0.081709,0.024113,0.060068
ACCCTTCATCTGCGAA-1,0.000062,0.000062,0.025592,0.000062,0.03499,0.355593,0.141753,0.439017,0.00287
ACCCTTGCCTGGGTCG-1,0.000026,0.000445,0.002237,0.160193,0.000026,0.226891,0.069708,0.105596,0.434878
ACCCTTTAGTTCTCCA-1,0.002287,0.123393,0.322098,0.000094,0.079575,0.311128,0.06151,0.099821,0.000094
ACCGAAAGGGCCCTGC-1,0.000045,0.013324,0.122685,0.044907,0.089494,0.354454,0.250792,0.119059,0.005239
ACCGAAGAGTCTGGTT-1,0.000035,0.000035,0.025174,0.000035,0.001791,0.041486,0.312165,0.545115,0.074164
ACCGACACATCTCCCA-1,0.000041,0.863163,0.000041,0.108471,0.028082,0.000041,0.000081,0.000041,0.000041
ACCGACTGAGTCCCAC-1,0.00004,0.00335,0.00004,0.00004,0.333116,0.029335,0.148013,0.486026,0.00004
ACCGAGTCTCCTTATT-1,0.000074,0.860434,0.000074,0.000074,0.000074,0.000074,0.000148,0.061422,0.077627
ACCGATAGGCATAACC-1,0.000358,0.040389,0.014167,0.312414,0.037767,0.004995,0.349966,0.029528,0.210416
ACCGATATTTAATCAT-1,0.000028,0.035864,0.028922,0.229211,0.001573,0.01253,0.342124,0.004987,0.344762
ACCGATGGTAGCATCG-1,0.000033,0.000033,0.101225,0.000033,0.025129,0.161885,0.301008,0.402413,0.008241
ACCGCAATAACTGCCT-1,0.000034,0.153846,0.000034,0.003652,0.280048,0.016907,0.003463,0.39958,0.142435
ACCGCGGTGGAAGTCG-1,0.00003,0.00003,0.034767,0.04349,0.00003,0.25562,0.133957,0.445466,0.08661
ACCGCTAGTCATTGGT-1,0.000049,0.001375,0.004108,0.150076,0.034974,0.117233,0.039194,0.04851,0.604481
ACCGGGCCTTTGTTGA-1,0.00003,0.027907,0.036479,0.00003,0.120422,0.022448,0.105285,0.443228,0.244172
ACCGGTCAGGTACACC-1,0.000022,0.005444,0.039089,0.298868,0.000022,0.000022,0.170629,0.371342,0.114561
ACCGTCCACTGGGCCC-1,0.000031,0.000031,0.00571,0.045047,0.000031,0.000031,0.219734,0.31832,0.411066
ACCGTGACCACGTGGG-1,0.00003,0.070575,0.094952,0.02207,0.068076,0.110807,0.104041,0.488396,0.041052
ACCTAAGTACCTTTCA-1,0.000034,0.039291,0.391876,0.140278,0.000034,0.006579,0.139006,0.271432,0.01147
ACCTAATCGACTTCCT-1,0.000047,0.032875,0.000047,0.142556,0.000047,0.000522,0.012243,0.51702,0.294643
ACCTACAGTATGTGGT-1,0.000059,0.000059,0.000059,0.000059,0.000059,0.02717,0.000118,0.609462,0.362956
ACCTACTATAAATCTA-1,0.000026,0.048511,0.658745,0.000091,0.000026,0.007231,0.035158,0.249759,0.000454
ACCTCAGCGAGGCGCA-1,0.016673,0.421527,0.016672,0.016674,0.01667,0.01667,0.033348,0.445094,0.016672
ACCTCCGCCCTCGCTG-1,0.000027,0.054652,0.329262,0.193039,0.035013,0.034766,0.24927,0.014819,0.089151
ACCTCCGTTATTCACC-1,0.000048,0.000048,0.005665,0.484507,0.000048,0.081861,0.054817,0.050967,0.322039
ACCTCGAACTTATGCT-1,0.000024,0.029243,0.006709,0.240426,0.000024,0.020615,0.114896,0.093069,0.494994
ACCTGCGTGTCATGTT-1,0.000034,0.000034,0.072502,0.00824,0.244076,0.023978,0.314069,0.332523,0.004545
ACGAAATGGGCGGCAC-1,0.000028,0.000028,0.000028,0.000028,0.196276,0.003219,0.257656,0.535673,0.007062
ACGACCCATGAGTTGC-1,0.000017,0.072442,0.075412,0.185069,0.010912,0.01472,0.176831,0.087457,0.37714
ACGACTCTAGGGCCGA-1,0.000057,0.925598,0.000057,0.011252,0.000057,0.000057,0.000114,0.01307,0.049739
ACGACTGGTCATACTC-1,0.000571,0.058326,0.060224,0.001549,0.018076,0.080905,0.3179,0.436182,0.026266
