Barcode,Topic 1,Topic 2to4,Topic 5,Topic 6to7,Topic 8,Topic 9to10
AAACAAGTATCTCCCA-1,0.132168,0.643592,0.000078,0.000156,0.210786,0.01322
AAACAATCTACTAGCA-1,0.000036,0.34053,0.504446,0.154878,0.000036,0.000073
AAACACCAATAACTGC-1,0.980318,0.019223,0.000077,0.000153,0.000077,0.000153
AAACAGAGCGACTCCT-1,0.019198,0.447254,0.032297,0.135876,0.32334,0.042035
AAACAGCTTTCAGAAG-1,0.759569,0.133987,0.00008,0.00016,0.106045,0.00016
AAACAGGGTCTATATT-1,0.885755,0.00122,0.000407,0.000813,0.000407,0.111399
AAACAGTGTTCCTGGG-1,0.023943,0.078068,0.016365,0.065735,0.000292,0.815596
AAACATGGTGAGAGGA-1,0.982931,0.016434,0.000106,0.000212,0.000106,0.000212
AAACATTTCCCGGATT-1,0.111043,0.170303,0.00012,0.102754,0.185308,0.430472
AAACCCGAACGAAATC-1,0.007595,0.30344,0.142046,0.358973,0.10327,0.084675
AAACCGGAAATGTTAA-1,0.042154,0.041192,0.297603,0.23417,0.124438,0.260443
AAACCGGGTAGGTACC-1,0.949886,0.000361,0.00012,0.00024,0.00012,0.049273
AAACCGTTCGTCCAGG-1,0.03661,0.941531,0.020155,0.000067,0.000033,0.001604
AAACCTAAGCAGCCGG-1,0.015376,0.652075,0.000048,0.000096,0.32891,0.003494
AAACCTCATGAAGTTG-1,0.596906,0.001516,0.000505,0.00101,0.399053,0.00101
AAACGAAGAACATACC-1,0.005127,0.588522,0.055317,0.232793,0.012878,0.105363
AAACGAAGATGGAGTA-1,0.90569,0.006992,0.000107,0.000214,0.086782,0.000214
AAACGAGACGGTTGAT-1,0.021995,0.233932,0.081779,0.508533,0.022142,0.131618
AAACGCCCGAGATCGG-1,0.000049,0.545868,0.177094,0.276843,0.000049,0.000097
AAACGCTGGGCACGAC-1,0.000016,0.603862,0.00358,0.146378,0.005102,0.241063
AAACGGGCGTACGGGT-1,0.170524,0.262614,0.000127,0.02223,0.018562,0.525943
AAACGGGTTGGTATCC-1,0.008879,0.359493,0.31607,0.298758,0.016695,0.000105
AAACGGTTGCGAACTG-1,0.006556,0.088399,0.037921,0.142171,0.082123,0.64283
AAACGTGTTCGCCCTA-1,0.000078,0.965558,0.031986,0.000156,0.002065,0.000156
AAACTAACGTGGCGAC-1,0.000034,0.316925,0.22496,0.456239,0.000034,0.001808
AAACTCGGTTCGCAAT-1,0.000029,0.146908,0.024077,0.302146,0.268844,0.257997
AAACTCGTGATATAAG-1,0.00005,0.487911,0.293418,0.054936,0.16103,0.002656
AAACTGCTGGCTCCAA-1,0.009086,0.088357,0.072426,0.667054,0.043842,0.119235
AAACTTAATTGCACGC-1,0.968772,0.000198,0.000066,0.000132,0.000066,0.030767
AAACTTGCAAACGTAT-1,0.624206,0.363024,0.002128,0.004257,0.002128,0.004257
AAAGAATGACCTTAGA-1,0.733354,0.017325,0.000067,0.085384,0.014808,0.149061
AAAGAATGTGGACTAA-1,0.000047,0.414221,0.004311,0.000094,0.285652,0.295675
AAAGACATGAAGTTTA-1,0.000039,0.564717,0.032593,0.402533,0.000039,0.000079
AAAGACCCAAGTCGCG-1,0.012165,0.36417,0.173298,0.155161,0.295139,0.000067
AAAGACTGGGCGCTTT-1,0.045812,0.067018,0.200719,0.495201,0.166603,0.024646
AAAGCTTGCCTACATA-1,0.194678,0.803018,0.000099,0.000198,0.001809,0.000198
AAAGGCCCTATAATAC-1,0.751721,0.228071,0.000062,0.000124,0.008002,0.012019
AAAGGCTACGGACCAT-1,0.000035,0.606479,0.027508,0.07796,0.003371,0.284647
AAAGGCTCTCGCGCCG-1,0.000074,0.264171,0.000074,0.019882,0.000074,0.715726
AAAGGGATGTAGCAAG-1,0.010029,0.20372,0.126652,0.655844,0.001006,0.00275
AAAGGGCAGCTTGAAT-1,0.033638,0.309,0.185718,0.371396,0.079628,0.02062
AAAGGTAAGCTGTACC-1,0.000049,0.526322,0.407744,0.048424,0.017364,0.000097
AAAGTAGCATTGCTCA-1,0.88873,0.005557,0.09645,0.003705,0.001852,0.003705
AAAGTCACTGATGTAA-1,0.000023,0.318624,0.060214,0.58621,0.000023,0.034906
AAAGTCGACCCTCAGT-1,0.494458,0.499933,0.000935,0.00187,0.000935,0.00187
AAAGTGCCATCAATTA-1,0.056416,0.086243,0.077343,0.12392,0.152847,0.503231
AAAGTGTGATTTATCT-1,0.000031,0.631351,0.015779,0.233662,0.017539,0.101638
AAAGTTGACTCCCGTA-1,0.000022,0.12141,0.018984,0.57048,0.126697,0.162408
AAATAACCATACGGGA-1,0.000029,0.530154,0.063721,0.396226,0.000029,0.00984
AAATAAGGTAGTGCCC-1,0.00005,0.838163,0.036394,0.071281,0.047428,0.006685
AAATACCTATAAGCAT-1,0.031576,0.287761,0.049762,0.068011,0.030531,0.532361
AAATAGCTTAGACTTT-1,0.000024,0.25399,0.219058,0.445325,0.063028,0.018575
AAATAGGGTGCTATTG-1,0.000045,0.553633,0.123032,0.115801,0.033805,0.173683
AAATCCGATACACGCC-1,0.079756,0.671167,0.000079,0.000158,0.127333,0.121508
AAATCGCGGAAGGAGT-1,0.990351,0.009238,0.000068,0.000137,0.000068,0.000137
AAATCGTGTACCACAA-1,0.082825,0.086039,0.000958,0.404812,0.147434,0.277932
AAATCTAGCCCTGCTA-1,0.034425,0.290057,0.000066,0.109041,0.259486,0.306925
AAATCTGCCCGCGTCC-1,0.881047,0.073237,0.003003,0.000119,0.041854,0.00074
AAATGACTGATCAAAC-1,0.00793,0.415854,0.011797,0.06599,0.194314,0.304114
AAATGATTCGATCAGC-1,0.017123,0.342404,0.363417,0.231164,0.009873,0.036019
AAATGCTCGTTACGTT-1,0.000061,0.31645,0.571545,0.063343,0.035391,0.01321
AAATGGCATGTCTTGT-1,0.000014,0.083591,0.321619,0.594252,0.000014,0.000511
AAATGGCCCGTGCCCT-1,0.805728,0.189923,0.000725,0.00145,0.000725,0.00145
AAATGGTCAATGTGCC-1,0.090895,0.232988,0.006362,0.433835,0.079308,0.156613
AAATGTATCTTATCCC-1,0.000026,0.642921,0.066155,0.234319,0.039454,0.017125
AAATGTGGGTGCTCCT-1,0.020279,0.53475,0.100846,0.143544,0.102383,0.098198
AAATTAACGGGTAGCT-1,0.072983,0.071949,0.000047,0.394479,0.000047,0.460495
AAATTAATAAGCGCGA-1,0.15402,0.380286,0.029202,0.163631,0.187805,0.085056
AAATTACACGACTCTG-1,0.000043,0.668022,0.13508,0.190786,0.005983,0.000085
AAATTACCTATCGATG-1,0.000864,0.626509,0.022853,0.105758,0.2,0.044015
AAATTCCAGGTCCAAA-1,0.049365,0.887433,0.000053,0.000106,0.062938,0.000106
AAATTGATAGTCCTTT-1,0.618082,0.070345,0.000346,0.000692,0.035763,0.274772
AAATTGCGGCGGTTCT-1,0.055141,0.487688,0.347551,0.000137,0.090157,0.019327
AAATTGGTGAGAAGCA-1,0.000061,0.883304,0.01798,0.00126,0.097274,0.000121
AAATTTACCGAAATCC-1,0.000043,0.976573,0.012816,0.010437,0.000043,0.000087
AAATTTGCGGGTGTGG-1,0.356632,0.000313,0.000104,0.398615,0.000104,0.244232
AACAACTGGTAGTTGC-1,0.119079,0.042643,0.01355,0.618179,0.206469,0.00008
AACAATACATTGTCGA-1,0.062376,0.575038,0.000055,0.022147,0.089837,0.250546
AACAATTACTCTACGC-1,0.111496,0.249163,0.048336,0.371136,0.06018,0.159689
AACACACGCTCGCCGC-1,0.000028,0.064029,0.138979,0.329828,0.366104,0.101032
AACACGACTGTACTGA-1,0.005306,0.934973,0.054891,0.004741,0.00003,0.000059
AACACGAGACGCGGCC-1,0.605237,0.38631,0.001409,0.002818,0.001409,0.002818
AACACGCGGCCGCGAA-1,0.000027,0.302495,0.117302,0.377708,0.000027,0.20244
AACAGCTGTGTGGCAA-1,0.305875,0.692334,0.000299,0.000597,0.000299,0.000597
AACAGGAAATCGAATA-1,0.023814,0.523977,0.210819,0.230994,0.010339,0.000056
AACAGGATGGGCCGCG-1,0.075245,0.571034,0.094301,0.128237,0.1311,0.000083
AACAGGTAGTATGGAT-1,0.035167,0.265421,0.15028,0.315913,0.083886,0.149333
AACATAGCGTGTATCG-1,0.038545,0.614504,0.000151,0.000302,0.329499,0.016998
AACATATCAACTGGTG-1,0.000045,0.853078,0.088872,0.044552,0.000045,0.013408
AACATCGATACGTCTA-1,0.000061,0.493031,0.128804,0.244786,0.103969,0.029348
AACATTGAAGTTGATC-1,0.451061,0.000523,0.000174,0.042441,0.000174,0.505627
AACATTGGTCAGCCGT-1,0.000044,0.336706,0.588395,0.055261,0.019506,0.000088
AACATTGTGACTCGAG-1,0.090092,0.286278,0.000046,0.000092,0.004718,0.618774
AACCAAGACTTCTCTG-1,0.636207,0.32513,0.038084,0.000232,0.000116,0.000232
AACCAGTATCACTCTT-1,0.000029,0.570209,0.095723,0.333951,0.000029,0.000059
AACCATAGGGTTGAAC-1,0.793163,0.202172,0.000045,0.000091,0.004438,0.000091
AACCATGGGATCGCTA-1,0.000057,0.385528,0.557104,0.05714,0.000057,0.000114
AACCCAGAGACGGAGA-1,0.044683,0.899744,0.055325,0.000099,0.000049,0.000099
AACCCATCCCATGATC-1,0.999342,0.000219,0.000073,0.000146,0.000073,0.000146
AACCCGACAACCCGTG-1,0.002819,0.282502,0.014605,0.206403,0.005896,0.487775
AACCCGAGCAGAATCG-1,0.004201,0.529506,0.055219,0.007371,0.403582,0.00012
AACCCGCTGTATTCCA-1,0.000025,0.135213,0.037508,0.156961,0.079041,0.591252
AACCCTACTGTCAATA-1,0.000041,0.576843,0.040964,0.084661,0.007542,0.289949
AACCCTGGTGGAACCA-1,0.000026,0.750253,0.057794,0.145589,0.000026,0.046313
AACCGAGCTTGGTCAT-1,0.009114,0.635594,0.173852,0.18128,0.000053,0.000107
AACCGCTAAGGGATGC-1,0.000014,0.360543,0.00434,0.569793,0.002938,0.062372
AACCGTTGTGTTTGCT-1,0.000025,0.26554,0.242078,0.485979,0.005764,0.000614
AACCTAAAGCCGTCCG-1,0.000032,0.872782,0.016817,0.047521,0.059472,0.003376
AACCTCGCTTTAGCCC-1,0.00836,0.051304,0.137908,0.175597,0.456882,0.16995
AACCTGTCACGGAATT-1,0.000053,0.565052,0.135932,0.138875,0.151141,0.008947
AACCTTTAAATACGGT-1,0.000052,0.240549,0.000052,0.136929,0.000052,0.622366
AACCTTTACGACGTCT-1,0.000054,0.79114,0.204081,0.004564,0.000054,0.000108
AACGAAAGTCGTCCCA-1,0.9432,0.000176,0.008891,0.000117,0.023996,0.023619
AACGACCTCCTAGCCG-1,0.014513,0.153681,0.010176,0.163963,0.060506,0.59716
AACGATAATGCCGTAG-1,0.000045,0.663782,0.121295,0.014292,0.008768,0.191819
AACGATAGAAGGGCCG-1,0.000016,0.086695,0.19941,0.659989,0.050911,0.002979
AACGATATGTCAACTG-1,0.006255,0.06264,0.145841,0.712604,0.059159,0.013501
AACGCATGATCTGGGT-1,0.000049,0.586553,0.22581,0.127884,0.044735,0.01497
AACGCGAACGGCAACA-1,0.000035,0.232405,0.166035,0.570324,0.0047,0.026502
AACGCGACCTTGGGCG-1,0.024571,0.372169,0.000037,0.015449,0.026542,0.561232
AACGCGGTCTCCAGCC-1,0.000043,0.397067,0.233693,0.369068,0.000043,0.000086
AACGCTGTTGCTGAAA-1,0.000092,0.542411,0.093357,0.000183,0.273238,0.090719
AACGGACGTACGTATA-1,0.00003,0.173927,0.136863,0.296321,0.157451,0.235408
AACGGCCATCTCCGGT-1,0.601841,0.081773,0.000059,0.131256,0.000059,0.185013
AACGTACTGTGGGTAC-1,0.093224,0.237182,0.016906,0.446986,0.017946,0.187756
AACGTAGTCTACCCAT-1,0.000062,0.425925,0.371313,0.202516,0.000062,0.000123
AACGTCAGACTAGTGG-1,0.013977,0.593952,0.37065,0.017667,0.003679,0.000075
AACGTCGCTGCACTTC-1,0.017616,0.087274,0.058862,0.119374,0.247999,0.468875
AACGTGATGAAGGACA-1,0.02978,0.461495,0.096009,0.332824,0.039574,0.040317
AACGTGCGAAAGTCTC-1,0.049841,0.073122,0.008974,0.573393,0.023316,0.271355
AACGTTATCAGCACCT-1,0.040236,0.417926,0.523973,0.002244,0.013925,0.001696
AACGTTCTACCATTGT-1,0.000315,0.315595,0.063022,0.508189,0.000031,0.112848
AACTACCCGTTTGTCA-1,0.037237,0.226066,0.222947,0.307956,0.128423,0.07737
AACTAGCGTATCGCAC-1,0.000046,0.632379,0.129881,0.218943,0.008658,0.010093
AACTAGGCTTGGGTGT-1,0.001392,0.747289,0.033991,0.036238,0.000067,0.181023
AACTCAAGTTAATTGC-1,0.364687,0.364177,0.000102,0.000203,0.000102,0.27073
AACTCCAGAGCGTGTT-1,0.005807,0.719653,0.000087,0.000173,0.181764,0.092516
AACTCCTAATCCCATG-1,0.00003,0.500024,0.202463,0.19861,0.041028,0.057845
AACTCGATAAACACGT-1,0.000039,0.087869,0.333714,0.295097,0.143472,0.139808
AACTCGATGGCGCAGT-1,0.006933,0.36699,0.449066,0.17686,0.00005,0.000101
AACTCTCAATAGAGCG-1,0.01892,0.454849,0.195494,0.261247,0.0274,0.04209
AACTCTCAGTGTGCTC-1,0.01646,0.00284,0.000018,0.761569,0.001993,0.21712
AACTGAGGTCAGCGTC-1,0.000085,0.689884,0.274818,0.034956,0.000085,0.000171
AACTGAGTTATACTGA-1,0.021259,0.010538,0.348696,0.338845,0.178741,0.101922
AACTGATATTAGGCCT-1,0.028905,0.720108,0.135714,0.070085,0.045075,0.000112
AACTGGGTCCCGACGT-1,0.000025,0.412083,0.077793,0.506668,0.001704,0.001727
AACTGGGTTCGAGCCG-1,0.000042,0.754747,0.086265,0.158819,0.000042,0.000084
AACTGGTGTGGGCCTT-1,0.034408,0.612506,0.087277,0.143526,0.000032,0.122251
AACTTCTGCGTCTATC-1,0.033936,0.050097,0.345759,0.569491,0.000033,0.000684
AACTTGCCCGTATGCA-1,0.092828,0.51102,0.200484,0.014598,0.180965,0.000105
AACTTGCGTTCTCGCG-1,0.029928,0.148858,0.773189,0.04786,0.000055,0.00011
AACTTTACGGGAGCTT-1,0.021131,0.008445,0.068375,0.741228,0.027881,0.13294
AACTTTAGCTGCTGAG-1,0.03125,0.863999,0.089157,0.010263,0.000052,0.005278
AAGAAAGTTTGATGGG-1,0.5473,0.064087,0.000107,0.125648,0.029313,0.233545
AAGAAGGATCAGTTAG-1,0.000045,0.063761,0.58113,0.258398,0.000045,0.096621
AAGACATACGTGGTTT-1,0.008056,0.011338,0.014068,0.111041,0.003672,0.851825
AAGACCAAATAACTCA-1,0.999656,0.000115,0.000038,0.000076,0.000038,0.000076
AAGACCCAACTGAACA-1,0.006396,0.23786,0.017387,0.407991,0.033054,0.297312
AAGACTAACCCGTTGT-1,0.000041,0.277594,0.490001,0.215881,0.000041,0.016442
AAGACTCACGCCCACT-1,0.000041,0.824728,0.02095,0.14649,0.007656,0.000135
AAGACTGCAAGCTACT-1,0.004944,0.277426,0.106283,0.391958,0.000034,0.219354
AAGAGATGAATCGGTA-1,0.069011,0.732466,0.183451,0.014897,0.000058,0.000117
AAGAGCTCTTTATCGG-1,0.013456,0.346858,0.304228,0.161108,0.05278,0.121569
AAGAGGATGTACGCGA-1,0.721491,0.277736,0.000129,0.000257,0.000129,0.000257
AAGAGGCATGGATCGC-1,0.035831,0.613591,0.028539,0.163359,0.063825,0.094855
AAGAGGCCCTTTGGAA-1,0.006178,0.46088,0.135167,0.061551,0.264034,0.07219
AAGATGGCACCGGACC-1,0.012469,0.282605,0.018414,0.306298,0.167499,0.212714
AAGATTGGCGGAACGT-1,0.000044,0.957048,0.042686,0.000089,0.000044,0.000089
AAGCACCCTGCGTATC-1,0.000073,0.439364,0.052176,0.162065,0.029691,0.316631
AAGCATACTCTCCTGA-1,0.00003,0.348893,0.005416,0.339909,0.001753,0.303999
AAGCCACTTGCAGGTA-1,0.03079,0.310873,0.056611,0.05026,0.012985,0.538481
AAGCCGAAGCGGTTTA-1,0.000058,0.324237,0.164647,0.223837,0.240032,0.047188
AAGCCGCCGTGAAATC-1,0.888543,0.000202,0.000067,0.000135,0.000067,0.110986
AAGCCGGAGAGCAGGA-1,0.000032,0.082917,0.143607,0.327437,0.171632,0.274375
AAGCGCAGGGCTTTGA-1,0.00004,0.232318,0.042721,0.0811,0.114659,0.529161
AAGCGGCGTCATGGGT-1,0.000033,0.825629,0.015368,0.158872,0.000033,0.000065
AAGCGTCCCTCATCGA-1,0.106311,0.256014,0.000062,0.383818,0.000062,0.253733
AAGCTAGATCGAGTAA-1,0.007424,0.318311,0.102493,0.25024,0.124392,0.197142
AAGCTATGGATTGACC-1,0.627522,0.210613,0.079381,0.039104,0.043259,0.000121
AAGCTCGTGCCAAGTC-1,0.010676,0.180032,0.118358,0.652103,0.008482,0.030349
AAGCTCTTTCATGGTG-1,0.00007,0.158969,0.156988,0.141011,0.163571,0.37939
AAGGAGAACTTATAAG-1,0.000039,0.613685,0.174814,0.186478,0.018218,0.006765
AAGGAGCGGTTGGTGC-1,0.034568,0.606593,0.023751,0.289415,0.000044,0.04563
AAGGATCGATCGCTTG-1,0.000055,0.986631,0.000055,0.00011,0.012219,0.000931
AAGGATGAGGGACCTC-1,0.000452,0.433028,0.150542,0.248213,0.000378,0.167387
AAGGCAGGCTGTCTCC-1,0.04707,0.400739,0.090092,0.351103,0.022164,0.088832
AAGGCGCGTAAAGCTT-1,0.052227,0.358772,0.134548,0.142045,0.312341,0.000067
AAGGCTGTGCTCATCG-1,0.369359,0.608668,0.005481,0.012831,0.003528,0.000134
AAGGGAACGACTGGCT-1,0.513169,0.000132,0.000044,0.061243,0.000044,0.425367
AAGGGACAGATTCTGT-1,0.000039,0.72319,0.073562,0.112733,0.017625,0.072851
AAGGGACTATGCATTC-1,0.727087,0.000893,0.000298,0.000595,0.270531,0.000595
AAGGGTTAGCCATGCG-1,0.000031,0.839399,0.000031,0.000062,0.000031,0.160445
AAGGGTTTGATTTCAG-1,0.699987,0.000076,0.000025,0.133055,0.014211,0.152646
AAGGTATCCTAATATA-1,0.035706,0.411184,0.08126,0.367486,0.000026,0.104338
AAGGTGATAAACCAGC-1,0.000038,0.657228,0.065733,0.124458,0.00152,0.151023
AAGTAAGCTTCCAAAC-1,0.030146,0.374497,0.293205,0.124433,0.000066,0.177654
AAGTAGAAGACCGGGT-1,0.000042,0.538794,0.377477,0.076762,0.006841,0.000084
AAGTAGTGACGCGAGG-1,0.20019,0.182356,0.003413,0.434921,0.084423,0.094697
AAGTCAATTGTCGTCA-1,0.000055,0.784415,0.005542,0.031729,0.178148,0.000111
AAGTCTTCTGTGGCCT-1,0.364381,0.504209,0.130717,0.000277,0.000139,0.000277
AAGTGACGACCGAATT-1,0.865398,0.002028,0.000676,0.001352,0.000676,0.129871
AAGTGAGTCGGGTTTA-1,0.000043,0.513734,0.000371,0.173376,0.06379,0.248686
AAGTGCAAAGGTAGAC-1,0.03876,0.396871,0.377711,0.167288,0.019301,0.000069
AAGTGCCTTGACTGTA-1,0.016631,0.647525,0.247596,0.001766,0.086341,0.000142
AAGTGCGTTAGAATCT-1,0.474396,0.518784,0.001137,0.002273,0.001137,0.002273
AAGTGCTTCTCTATTG-1,0.05164,0.412595,0.000034,0.000069,0.000034,0.535628
AAGTGTTTGGAGACGG-1,0.000061,0.516958,0.155294,0.070834,0.119966,0.136887
AAGTTCACTCCAAGCT-1,0.000047,0.030674,0.184262,0.205653,0.248707,0.330656
AAGTTCAGTCTGCGTA-1,0.000044,0.461538,0.229069,0.309217,0.000044,0.000088
AAGTTCGGCCAACAGG-1,0.665129,0.333685,0.000198,0.000395,0.000198,0.000395
AAGTTGTGATGTTATA-1,0.000093,0.313591,0.060695,0.034329,0.133908,0.457384
AAGTTTACTAATGGCA-1,0.000021,0.409055,0.253318,0.320661,0.014078,0.002866
AAGTTTATGGGCCCAA-1,0.00002,0.047236,0.002443,0.424792,0.009812,0.515698
AATAACAACGCTCGGC-1,0.83558,0.000371,0.000124,0.000247,0.000124,0.163555
AATAACACTAGAACAA-1,0.116252,0.613689,0.029922,0.057112,0.072878,0.110148
AATAACGTCGCGCCCA-1,0.000009,0.175538,0.018372,0.479575,0.00694,0.319566
AATAAGTCCTCGAGAC-1,0.000027,0.883169,0.016304,0.089182,0.000027,0.011291
AATAATCTTCGTATCG-1,0.038295,0.113875,0.141507,0.392179,0.164199,0.149945
AATACAATGTTTCAGG-1,0.032361,0.295909,0.252141,0.281383,0.037617,0.10059
AATACCGGAGGGCTGT-1,0.010711,0.269646,0.000018,0.36319,0.000018,0.356417
AATACCTGATGTGAAC-1,0.00342,0.049577,0.170293,0.050977,0.371332,0.354402
AATAGAACAGAGTGGC-1,0.04254,0.590838,0.002806,0.266065,0.000039,0.097713
AATAGAATCTGTTTCA-1,0.000027,0.111057,0.0827,0.440724,0.189263,0.176229
AATAGCAAGCCTCCTG-1,0.008929,0.147982,0.480333,0.303373,0.052927,0.006456
AATAGCTACCGCGTGC-1,0.000025,0.129478,0.582865,0.287558,0.000025,0.000049
AATAGGCACGACCCTT-1,0.03092,0.598446,0.000058,0.000115,0.000058,0.370404
AATAGTCCGTCCCGAC-1,0.000083,0.153272,0.000076,0.199362,0.000076,0.64713
AATAGTCGCGAGTCGG-1,0.010789,0.557951,0.109675,0.109052,0.204692,0.007841
AATATCAAGGTCGGAT-1,0.000036,0.333362,0.347938,0.280649,0.037944,0.000072
AATATCCTAGCAAACT-1,0.795523,0.127803,0.000041,0.000082,0.07211,0.004441
AATATCGAATCAATGC-1,0.078906,0.155791,0.09933,0.078478,0.032451,0.555044
AATATCGAGGGTTCTC-1,0.000046,0.542943,0.100514,0.261026,0.011437,0.084035
AATATTGGAGTATTGA-1,0.35279,0.119113,0.000179,0.157882,0.000179,0.369857
AATCAGACTGCAGGAC-1,0.000033,0.112196,0.154514,0.583673,0.000033,0.149551
AATCAGGTTTCATTTA-1,0.094092,0.016587,0.000049,0.118811,0.009054,0.761406
AATCATGTAAAGACTC-1,0.031792,0.370513,0.059695,0.026124,0.368573,0.143304
AATCCAAGGGCCTGAG-1,0.000039,0.256225,0.227268,0.314533,0.01128,0.190654
AATCCATGCAAGGGTG-1,0.000048,0.485915,0.175291,0.208623,0.000047,0.130076
AATCCCGCTCAGAGCC-1,0.000034,0.389776,0.001795,0.25185,0.008603,0.347942
AATCGAGGTCTCAAGG-1,0.042156,0.307245,0.000105,0.129098,0.245231,0.276165
AATCGCCTCAGCGCCA-1,0.001098,0.712291,0.13207,0.015315,0.000987,0.138238
AATCGCGCAGAGGACT-1,0.029974,0.558228,0.075989,0.182396,0.149702,0.003712
AATCGGGACACTACGA-1,0.076393,0.579709,0.089312,0.156033,0.095337,0.003216
AATCGGTATAGCCCTC-1,0.000159,0.530679,0.006279,0.000104,0.001414,0.461365
AATCGTGAGCCGAGCA-1,0.062387,0.734597,0.000104,0.000208,0.202493,0.000211
AATCTAGGTTTACTTG-1,0.887508,0.111621,0.000145,0.00029,0.000145,0.00029
AATCTATGCCGGAGCC-1,0.000052,0.505888,0.2542,0.181805,0.025678,0.032376
AATCTCTACTGTGGTT-1,0.332872,0.582802,0.000116,0.048486,0.035492,0.000232
AATCTGCGTTGGGACG-1,0.000051,0.592321,0.005413,0.117802,0.086977,0.197435
AATCTGGCTTTCTAGT-1,0.960685,0.000341,0.000114,0.000227,0.000114,0.03852
AATCTGGGTAGACCCT-1,0.000039,0.548743,0.148456,0.247555,0.033012,0.022196
AATGACAGCAATGTCT-1,0.520555,0.473383,0.00101,0.002021,0.00101,0.002021
AATGACGTAGGATGTC-1,0.000022,0.167791,0.20136,0.370627,0.002634,0.257567
AATGACTGTCAGCCGG-1,0.057575,0.62538,0.009962,0.181492,0.105615,0.019977
AATGAGTTCGCATATG-1,0.000047,0.203913,0.576628,0.219269,0.000047,0.000095
AATGATGATACGCTAT-1,0.016341,0.845671,0.046454,0.02868,0.000803,0.062051
AATGATGCGACTCCTG-1,0.00005,0.743774,0.047985,0.025464,0.109476,0.073251
AATGCAACCGGGTACC-1,0.018536,0.538512,0.099853,0.322314,0.020728,0.000057
AATGCACCAAGCAATG-1,0.000041,0.497471,0.050048,0.385472,0.001021,0.065948
AATGGTCCACCGTTCA-1,0.165118,0.614678,0.000058,0.000116,0.219913,0.000116
AATGGTTCTCACAAGC-1,0.007543,0.206726,0.415356,0.370288,0.000029,0.000058
AATGTATGGCACTGTA-1,0.999558,0.000147,0.000049,0.000098,0.000049,0.000098
AATGTGCCCGAGGTGT-1,0.534408,0.297792,0.001613,0.161347,0.001613,0.003227
AATGTGCTAATCTGAG-1,0.090017,0.025724,0.000032,0.206831,0.000032,0.677364
AATGTTAAGACCCTGA-1,0.09275,0.316499,0.004781,0.144309,0.159262,0.282399
AATGTTGTCGTGAGAC-1,0.000065,0.547704,0.007965,0.000131,0.196258,0.247878
AATTAAAGGTCGGCGT-1,0.062571,0.169418,0.000746,0.67221,0.04354,0.051515
AATTAACGGATTTCCA-1,0.005108,0.31424,0.036741,0.141995,0.104652,0.397264
AATTACGAGACCCATC-1,0.999392,0.000203,0.000068,0.000135,0.000068,0.000135
AATTACTCGTACGCTC-1,0.000023,0.249008,0.309773,0.332942,0.000023,0.108231
AATTAGCGCTGCAGCG-1,0.006867,0.29889,0.019087,0.238716,0.080677,0.355763
AATTATACCCAGCAAG-1,0.002851,0.285972,0.174124,0.072413,0.250761,0.213879
AATTCATAAGGGATCT-1,0.000058,0.721908,0.200776,0.015524,0.012568,0.049167
AATTCATTGTCATGCA-1,0.869253,0.00012,0.00004,0.00008,0.130425,0.00008
AATTCCAACTTGGTGA-1,0.000045,0.183467,0.385973,0.189845,0.071332,0.169339
AATTCCAAGCATGTAC-1,0.000035,0.37434,0.060933,0.025007,0.086078,0.453606
AATTCGATTCGAGGAT-1,0.000035,0.069234,0.136911,0.194359,0.317405,0.282056
AATTCTAGAGTTAGGC-1,0.021811,0.383423,0.000082,0.355315,0.000082,0.239288
AATTGAACGCTCTGGT-1,0.013729,0.341222,0.163516,0.090797,0.00686,0.383876
AATTGCAGCAATCGAC-1,0.000135,0.138739,0.045644,0.275696,0.333106,0.20668
AATTGCGTGGATTACA-1,0.916133,0.039124,0.000053,0.000105,0.000053,0.044533
AATTGTGGTTGCCAAA-1,0.000021,0.258747,0.074225,0.173713,0.088682,0.404612
AATTTGGGACATAGTA-1,0.04419,0.305046,0.195077,0.430507,0.014742,0.010437
AATTTGGTTCCAAAGA-1,0.011779,0.385611,0.19392,0.384278,0.020571,0.003841
ACAAACCATGCGTCCT-1,0.996135,0.000114,0.000038,0.000076,0.000038,0.003598
ACAAACCGACAAGGCG-1,0.00002,0.615828,0.020443,0.363647,0.00002,0.000041
ACAAACTCCATCAGAG-1,0.06557,0.000064,0.000021,0.016261,0.218672,0.699411
ACAAAGAAGGTAGGCC-1,0.520877,0.000086,0.000029,0.135245,0.000029,0.343735
ACAAAGCATGACCTAG-1,0.156649,0.598295,0.000054,0.000108,0.206201,0.038692
ACAAATCGCACCGAAT-1,0.007822,0.053975,0.028213,0.580121,0.085185,0.244683
ACAAATGGTAGTGTTT-1,0.000027,0.211645,0.099102,0.377322,0.000593,0.31131
ACAAATTCAGATCTGA-1,0.000034,0.625201,0.009463,0.352155,0.000034,0.013113
ACAACAGCATGAGCTA-1,0.000025,0.082083,0.009572,0.724017,0.000055,0.184249
ACAACGGTCCCTGCGA-1,0.048576,0.150924,0.183805,0.519138,0.076858,0.020699
ACAAGCAGTGCCTAGC-1,0.07866,0.415856,0.054973,0.423448,0.000036,0.027028
ACAAGCTATATGGAAG-1,0.108949,0.457897,0.295838,0.121388,0.015838,0.00009
ACAAGGAAATCCGCCC-1,0.000022,0.12522,0.218675,0.256042,0.074947,0.325093
ACAAGGACAAGAGGTT-1,0.266446,0.644745,0.018278,0.000107,0.070317,0.000107
ACAAGGATGCTTTAGG-1,0.067982,0.32107,0.036129,0.000144,0.574531,0.000144
ACAAGGCCTACCAGCC-1,0.000032,0.541792,0.072843,0.337072,0.000032,0.048229
ACAAGGGCAGGCTCTG-1,0.000016,0.203699,0.009415,0.526998,0.014323,0.245549
ACAAGTAATTGTAAGG-1,0.39736,0.362507,0.000068,0.000137,0.134418,0.105509
ACAATAGTCGTACGTT-1,0.52428,0.464606,0.001852,0.003705,0.001852,0.003705
ACAATCCATTTAAACC-1,0.737036,0.240328,0.000092,0.000184,0.000092,0.022268
ACAATCGATCTTTATA-1,0.00003,0.750482,0.024245,0.223307,0.00003,0.001906
ACAATGAATACGGAGA-1,0.275927,0.456725,0.000238,0.000475,0.266161,0.000475
ACAATGATTCTTCTAC-1,0.00005,0.401628,0.201878,0.316232,0.076539,0.003673
ACAATTGTGTCTCTTT-1,0.000071,0.390245,0.000071,0.000143,0.593687,0.015782
ACAATTTAGGAGGCTC-1,0.030356,0.55195,0.273881,0.060931,0.070741,0.012141
ACAATTTGAGCAGTGG-1,0.018893,0.337894,0.03719,0.4404,0.074843,0.090779
ACAATTTGGCCATATT-1,0.036931,0.170554,0.223165,0.399897,0.090396,0.079057
ACACAAAGACGGGTGG-1,0.027601,0.763148,0.015169,0.174708,0.000037,0.019337
ACACACCAGGACCAGT-1,0.000027,0.332196,0.078162,0.327842,0.099097,0.162677
ACACACTTTCTACACG-1,0.023413,0.026457,0.493293,0.431465,0.005741,0.019631
ACACATGATCAAATCT-1,0.813339,0.186071,0.000098,0.000197,0.000098,0.000197
ACACATTGACGCAACA-1,0.024636,0.41771,0.46134,0.015824,0.000044,0.080446
ACACATTTCCGTAGAC-1,0.00004,0.142273,0.039965,0.141392,0.278684,0.397645
ACACCACATAATTAGC-1,0.000077,0.999464,0.000077,0.000153,0.000077,0.000153
ACACCCAGCATGCAGC-1,0.035557,0.44115,0.115923,0.145952,0.099074,0.162343
ACACCCGAGAAATCCG-1,0.025956,0.309201,0.479856,0.171279,0.013646,0.000063
ACACCGAGCGCTCTTT-1,0.016294,0.559142,0.30672,0.026778,0.021842,0.069224
ACACCGGTCTGACCGC-1,0.858903,0.000104,0.000035,0.000069,0.140819,0.000069
ACACCTTAAGTAGGGC-1,0.100565,0.78925,0.107108,0.000106,0.002865,0.000106
ACACCTTACTACTTGC-1,0.027215,0.929603,0.000062,0.000124,0.000062,0.042934
ACACGAGACTCCTTCT-1,0.014497,0.210392,0.142704,0.323277,0.036221,0.27291
ACACGGCACTATGCAT-1,0.000013,0.247677,0.059987,0.692282,0.000013,0.000027
ACACGGGAACTTAGGG-1,0.028874,0.81927,0.02621,0.12546,0.000062,0.000123
ACACGTAGGCCACAAG-1,0.000093,0.588774,0.143236,0.000187,0.267523,0.000187
ACACTCCAATGTCACT-1,0.038788,0.204877,0.354819,0.373892,0.012314,0.01531
ACACTGATCAAGGTGT-1,0.006946,0.633153,0.005354,0.163735,0.114748,0.076064
ACACTGGGACAGTCGT-1,0.000103,0.415294,0.071033,0.014127,0.308573,0.190871
ACAGAACTGAGAACAA-1,0.562163,0.004001,0.001334,0.002667,0.001334,0.428501
ACAGATTAGGTTAGTG-1,0.000045,0.787165,0.181331,0.031326,0.000045,0.000089
ACAGCATAGAGCCAGT-1,0.000043,0.58251,0.075811,0.331067,0.000043,0.010526
ACAGCGACATTCTCAT-1,0.0065,0.087073,0.221735,0.229072,0.176237,0.279384
ACAGCGCACCCGCAGC-1,0.013191,0.331095,0.322859,0.328529,0.003196,0.001131
ACAGGCACGGATCCTT-1,0.000044,0.243653,0.081402,0.088238,0.260036,0.326627
ACAGGCTTGCCCGACT-1,0.017352,0.178067,0.330442,0.110652,0.166546,0.196941
ACAGGTGGAGGTGAGG-1,0.063856,0.867553,0.043574,0.01847,0.000048,0.0065
ACAGGTGTGTTGTTGC-1,0.257967,0.489855,0.108124,0.082675,0.000071,0.061308
ACAGTAATACAACTTG-1,0.771917,0.002805,0.000935,0.00187,0.220604,0.00187
ACAGTATACCGTGGGA-1,0.000062,0.999568,0.000062,0.000123,0.000062,0.000123
ACATAAGTCGTGGTGA-1,0.890348,0.088024,0.000066,0.000131,0.0213,0.000131
ACATAATAAGGCGGTG-1,0.011284,0.427334,0.151977,0.383546,0.025786,0.000074
ACATACAATCAAGCGG-1,0.000054,0.28748,0.001694,0.37124,0.087214,0.252319
ACATCAGCTGGGACGC-1,0.155207,0.331989,0.024065,0.240752,0.091978,0.15601
ACATCCCGGCCATACG-1,0.037963,0.120452,0.021496,0.395441,0.066047,0.358602
ACATCCTGGTAACTGT-1,0.02097,0.169869,0.039237,0.385691,0.235502,0.148731
ACATCGATCGTTTACC-1,0.019542,0.198218,0.092879,0.363982,0.24276,0.082617
ACATCGCAATATTCGG-1,0.021611,0.264581,0.000028,0.320797,0.000028,0.392954
ACATCGGTCAGCCGCG-1,0.459158,0.540142,0.000117,0.000233,0.000117,0.000233
ACATCGTATGCAATGG-1,0.000026,0.169235,0.134666,0.345727,0.102352,0.247995
ACATCGTTAACCTAGT-1,0.000032,0.557093,0.111795,0.330985,0.000032,0.000063
ACATCTCAACGCGTAA-1,0.000028,0.816699,0.098181,0.081209,0.000028,0.003854
ACATGGCGCCAAAGTA-1,0.000039,0.277037,0.141741,0.072606,0.444638,0.063939
ACATGGCTCAATTTAG-1,0.000033,0.034068,0.232419,0.569873,0.017532,0.146075
ACATTAGTTTATATCC-1,0.000045,0.126443,0.219077,0.341439,0.102883,0.210113
ACATTCGCGCGGAATA-1,0.112608,0.000037,0.000012,0.427841,0.00117,0.458332
ACATTTGAAACCTAAC-1,0.00004,0.196528,0.152686,0.010941,0.144921,0.494885
ACCAAACACCCAGCGA-1,0.000035,0.530773,0.105411,0.297008,0.066703,0.00007
ACCAAACTAGAAATCC-1,0.000026,0.571196,0.100765,0.323946,0.000026,0.004042
ACCAACACCACACACT-1,0.000027,0.360565,0.113734,0.520175,0.000564,0.004936
ACCAACCGCACTCCAC-1,0.030433,0.319022,0.000047,0.000094,0.650309,0.000094
ACCAACGCTTATTTAT-1,0.014198,0.585688,0.01186,0.234361,0.000048,0.153846
ACCAAGAACGCGTGTC-1,0.00004,0.766305,0.221066,0.000095,0.012412,0.000081
ACCAAGTCATCGGCAG-1,0.000024,0.001876,0.054173,0.361871,0.0201,0.561956
ACCAATATGCAAGTTA-1,0.009308,0.051004,0.008408,0.197083,0.361527,0.37267
ACCACAACTCAGAACA-1,0.000028,0.760414,0.108349,0.130088,0.000028,0.001093
ACCACAAGTTTCTATC-1,0.082225,0.186524,0.204797,0.346801,0.160386,0.019267
ACCACACGGTTGATGG-1,0.070511,0.394835,0.000094,0.111755,0.241926,0.180879
ACCACCAATGTAACAA-1,0.027655,0.651538,0.007314,0.076782,0.23218,0.004531
ACCACCCTCTCTTCTA-1,0.029596,0.869632,0.000125,0.000251,0.094297,0.006099
ACCACGTGCAGCTATA-1,0.000041,0.34668,0.082084,0.321332,0.03504,0.214823
ACCACTGTTCAAGAAG-1,0.000033,0.291052,0.422139,0.14932,0.026673,0.110783
ACCAGACCATAACAAC-1,0.245414,0.000496,0.000165,0.244267,0.197473,0.312185
ACCAGCCCGGTCTTTG-1,0.000026,0.553687,0.110392,0.052776,0.00166,0.281458
ACCAGGAGTGTGATCT-1,0.006337,0.75752,0.105208,0.130772,0.000054,0.000108
ACCAGTGCCCGGTCAA-1,0.000038,0.535879,0.104137,0.345932,0.000038,0.013976
ACCAGTGCGGGAGACG-1,0.000031,0.506071,0.122739,0.282986,0.07803,0.010143
ACCATATCCGCAATAA-1,0.054359,0.380466,0.039435,0.435161,0.019681,0.070899
ACCATCCGCCAACTAG-1,0.42281,0.000517,0.000172,0.238406,0.000172,0.337922
ACCATCGTATATGGTA-1,0.311485,0.205549,0.000973,0.041033,0.440797,0.000164
ACCATTAAGGGTGTCA-1,0.000024,0.056911,0.454487,0.303032,0.001625,0.183921
ACCCAACGCCCGTGGC-1,0.031373,0.051698,0.282109,0.432246,0.080392,0.122182
ACCCACCTACATGCTC-1,0.015752,0.014693,0.192325,0.720008,0.020848,0.036374
ACCCATCTTGAGGGTA-1,0.547114,0.04833,0.103454,0.048277,0.054228,0.198598
ACCCATTTGTCCCTCT-1,0.082683,0.059837,0.006683,0.009146,0.220297,0.621353
ACCCGAGCGAAATTAC-1,0.34727,0.601928,0.000187,0.000373,0.000187,0.050056
ACCCGATTGGTTCCGA-1,0.040806,0.000077,0.000026,0.000051,0.000026,0.959015
ACCCGGAAACTCCCAG-1,0.00005,0.576204,0.167533,0.055508,0.00493,0.195775
ACCCGGAGCACCACAA-1,0.008383,0.008979,0.376174,0.160897,0.120709,0.324859
ACCCGGATGACGCATC-1,0.000043,0.282746,0.120432,0.359295,0.150548,0.086935
ACCCGGTTACACTTCC-1,0.118014,0.821458,0.000074,0.000149,0.000074,0.060231
ACCCGTAGCAGAGAAT-1,0.829962,0.001215,0.000405,0.134292,0.033316,0.00081
ACCCGTAGTCTAGTTG-1,0.00004,0.199092,0.00004,0.010488,0.00004,0.790299
ACCCGTGTCATCAGTA-1,0.040941,0.029225,0.000041,0.40833,0.092327,0.429136
ACCCTATAGGACTGAG-1,0.085749,0.524151,0.363197,0.006315,0.020456,0.000132
ACCCTATGCCATATCG-1,0.03639,0.572897,0.000072,0.060184,0.000072,0.330385
ACCCTCCCGTCAGGGC-1,0.000024,0.000071,0.006847,0.223115,0.252851,0.517092
ACCCTCCCTTGCTATT-1,0.008858,0.04858,0.137016,0.161234,0.259484,0.384828
ACCCTGGTAACGCCCT-1,0.000061,0.373967,0.176852,0.000583,0.431186,0.017352
ACCCTTCATCTGCGAA-1,0.00003,0.210715,0.417439,0.34814,0.002044,0.021631
ACCCTTTAGTTCTCCA-1,0.000032,0.493401,0.122836,0.316871,0.012718,0.054142
ACCGAAAGGGCCCTGC-1,0.018864,0.137704,0.000039,0.65735,0.000039,0.186004
ACCGAAGAGTCTGGTT-1,0.977548,0.000193,0.000064,0.000128,0.000064,0.022002
ACCGACACATCTCCCA-1,0.026597,0.27368,0.014532,0.117827,0.193909,0.373455
ACCGACTGAGTCCCAC-1,0.027065,0.350597,0.26977,0.348327,0.00154,0.002702
ACCGAGTCTCCTTATT-1,0.059381,0.01749,0.000038,0.000076,0.362549,0.560466
ACCGATAGGCATAACC-1,0.001762,0.011121,0.200544,0.287431,0.278436,0.220706
ACCGATATTTAATCAT-1,0.000111,0.58368,0.014551,0.00151,0.380082,0.020066
ACCGATGGTAGCATCG-1,0.000044,0.442207,0.1521,0.159566,0.031824,0.214259
ACCGCAATAACTGCCT-1,0.000049,0.313088,0.05623,0.103891,0.120813,0.405929
ACCGCGGTGGAAGTCG-1,0.067568,0.743894,0.056239,0.000173,0.131954,0.000173
ACCGCTAGTCATTGGT-1,0.046332,0.488516,0.003079,0.00698,0.004059,0.451033
ACCGGGCCTTTGTTGA-1,0.018579,0.324396,0.13539,0.23786,0.146934,0.13684
ACCGGTCAGGTACACC-1,0.885272,0.000154,0.000051,0.000103,0.114316,0.000103
ACCGGTCTGAGTACGG-1,0.000039,0.454271,0.037774,0.475037,0.026456,0.006423
ACCGTCCACTGGGCCC-1,0.918438,0.000129,0.000043,0.000086,0.000043,0.081262
ACCGTGACCACGTGGG-1,0.024988,0.175779,0.000034,0.418671,0.01688,0.363648
ACCGTTCCCGCTCTGA-1,0.00002,0.118577,0.049831,0.820679,0.00002,0.010874
ACCTAAGTACCTTTCA-1,0.714266,0.281862,0.000645,0.001291,0.000645,0.001291
ACCTAATCGACTTCCT-1,0.326478,0.019479,0.000751,0.250086,0.005552,0.397654
ACCTACAGTATGTGGT-1,0.049231,0.515656,0.194876,0.185283,0.043736,0.011218
ACCTACTATAAATCTA-1,0.006785,0.329235,0.002959,0.006213,0.055658,0.59915
ACCTCCGCCCTCGCTG-1,0.000118,0.332546,0.014329,0.00482,0.16466,0.483527
ACCTCCGTTATTCACC-1,0.086327,0.519952,0.000083,0.000165,0.341368,0.052105
ACCTCGAACTTATGCT-1,0.905744,0.093817,0.000073,0.000146,0.000073,0.000146
ACCTGCGTGTCATGTT-1,0.976305,0.007898,0.002633,0.005266,0.002633,0.005265
ACCTTTCCTTTAGAAG-1,0.000033,0.727612,0.068647,0.194128,0.000033,0.009548
ACGAAATGGGCGGCAC-1,0.200478,0.680536,0.008914,0.000142,0.109789,0.000142
ACGACCCATGAGTTGC-1,0.03629,0.021389,0.400198,0.153318,0.0653,0.323505
ACGACTCTAGGGCCGA-1,0.006138,0.014277,0.014383,0.163643,0.487352,0.314207
ACGACTGGTCATACTC-1,0.088341,0.812493,0.009212,0.04059,0.008128,0.041235
ACGAGAACCCATCACG-1,0.000145,0.435543,0.330898,0.152721,0.000027,0.080667
ACGAGATATTTGCTTA-1,0.00004,0.453015,0.29712,0.23316,0.009489,0.007176
ACGAGGATACCACTCT-1,0.797569,0.196179,0.001042,0.002084,0.001042,0.002084
ACGAGGTTTACAACGT-1,0.56487,0.000099,0.028831,0.137137,0.143752,0.12531
ACGAGTACGGATGCCC-1,0.000042,0.743325,0.077485,0.160964,0.007749,0.010436
ACGAGTCGCCGGCGTT-1,0.012602,0.274261,0.318847,0.148085,0.18287,0.063334
ACGATACATAGAACTA-1,0.000018,0.065303,0.176434,0.75819,0.000018,0.000037
ACGATACCTATCCTGA-1,0.044096,0.237219,0.051175,0.423423,0.153668,0.090418
ACGATCATACATAGAG-1,0.011648,0.446993,0.173111,0.216697,0.151473,0.000077
ACGATCATCTTGTAAA-1,0.000044,0.430343,0.088341,0.175582,0.12351,0.182181
ACGATGCATATGTTAT-1,0.286346,0.254302,0.085942,0.072838,0.263727,0.036845
ACGATGGATCCGATGC-1,0.047085,0.5929,0.224625,0.131213,0.000033,0.004144
ACGCAAACTAATAGAT-1,0.000019,0.078216,0.00143,0.701262,0.000019,0.219055
ACGCAATCACTACAGC-1,0.000047,0.491444,0.214774,0.280443,0.012122,0.00117
ACGCATAAATGACATG-1,0.000051,0.555029,0.221606,0.178103,0.028491,0.01672
ACGCATACGTTTACTA-1,0.091666,0.105367,0.123758,0.344805,0.158201,0.176203
ACGCATTCGTGAGTAC-1,0.02985,0.146942,0.050732,0.681225,0.016029,0.075221
ACGCCACTCGAAACAG-1,0.031345,0.007304,0.08719,0.114407,0.415112,0.344643
ACGCCAGATGATTTCT-1,0.009443,0.201134,0.379718,0.349265,0.020358,0.040082
ACGCCAGTGCGTTTGC-1,0.000098,0.09928,0.074006,0.015313,0.114817,0.696486
ACGCCCAGCTGTCGAT-1,0.000026,0.724834,0.034982,0.240077,0.000026,0.000054
ACGCCGCTAGACGACC-1,0.00585,0.233435,0.047283,0.516681,0.025708,0.171043
ACGCGAAGTCAGACGA-1,0.000047,0.259337,0.000374,0.411272,0.038692,0.290278
ACGCGCTACACAGGGT-1,0.669787,0.085167,0.000075,0.000151,0.244669,0.000151
ACGCGGGCCAAGGACA-1,0.046003,0.196456,0.000035,0.482052,0.170814,0.10464
ACGCGTTTCTTAAGAG-1,0.038811,0.080416,0.000157,0.573797,0.000022,0.306796
ACGCTACTGAATGGGC-1,0.000583,0.40476,0.106812,0.156188,0.010457,0.3212
ACGCTAGTGATACACT-1,0.000063,0.98473,0.011757,0.000126,0.000063,0.003261
ACGCTGTGAGGCGTAG-1,0.635358,0.001266,0.000422,0.000844,0.361266,0.000844
ACGCTTAGTGTCTCTC-1,0.011009,0.709034,0.053364,0.118369,0.043878,0.064347
ACGGAACACGAGTGCC-1,0.000044,0.411571,0.140932,0.037079,0.036067,0.374308
ACGGAATTTAGCAAAT-1,0.000062,0.436118,0.539268,0.024367,0.000062,0.000123
ACGGACGCAGCGACAA-1,0.607125,0.119713,0.024273,0.164028,0.043376,0.041485
ACGGACTCTCAAAGCG-1,0.000046,0.282548,0.07957,0.175015,0.336919,0.125902
ACGGAGCGCAAATTAC-1,0.000035,0.4551,0.256646,0.281513,0.006637,0.000069
ACGGATGGTGCGGATA-1,0.000074,0.311398,0.064412,0.003617,0.421175,0.199325
ACGGCACTTGCTTGGG-1,0.003063,0.432244,0.02842,0.094342,0.000049,0.441882
ACGGCCAACATGGACT-1,0.026816,0.451181,0.000041,0.108893,0.271019,0.142051
ACGGCGACGATGGGAA-1,0.000043,0.467987,0.047708,0.044446,0.03289,0.406926
ACGGCGGGTTGCCCTG-1,0.000056,0.540446,0.406508,0.018198,0.011139,0.023654
ACGGCTGGATGTAGAA-1,0.886328,0.000409,0.000136,0.000273,0.000136,0.112717
ACGGGAGTGTCGGCCC-1,0.927224,0.06965,0.000521,0.001042,0.000521,0.001042
ACGGGCGTATGCGACA-1,0.040463,0.751556,0.011017,0.000142,0.19668,0.000142
ACGGGTCATGTGACTT-1,0.011434,0.399058,0.23765,0.168503,0.010729,0.172627
ACGGGTTGTGACCTGT-1,0.921372,0.000551,0.07716,0.000367,0.000184,0.000367
ACGGTACAGTTCAATG-1,0.00003,0.009079,0.066386,0.293665,0.220427,0.410413
ACGGTCACCGAGAACA-1,0.854711,0.027952,0.000035,0.00007,0.117162,0.00007
ACGTACAGATTTCTCT-1,0.000021,0.130911,0.204475,0.631798,0.000021,0.032775
ACGTACTTTGGCACGG-1,0.046043,0.04989,0.045413,0.043045,0.062,0.753608
ACGTAGATTGCTGATG-1,0.033903,0.176839,0.076448,0.506349,0.039084,0.167377
ACGTAGGAGAGTCGCT-1,0.000033,0.111432,0.02634,0.05353,0.34446,0.464206
ACGTATTACTCCGATC-1,0.000043,0.335895,0.258321,0.154113,0.071228,0.1804
ACGTCCTAAACGAGAT-1,0.000031,0.719697,0.059532,0.135957,0.070343,0.014439
ACGTCGGGCAACTCGG-1,0.999651,0.000116,0.000039,0.000078,0.000039,0.000078
ACGTCTCGTTCCGGGA-1,0.6978,0.283202,0.003596,0.000111,0.000056,0.015234
ACGTGACAAAGTAAGT-1,0.859479,0.138921,0.000267,0.000533,0.000267,0.000533
ACGTGCGCCTCGTGCA-1,0.035563,0.46901,0.148071,0.30596,0.010938,0.030457
ACGTGGTCGAATGTGC-1,0.000031,0.654955,0.04811,0.263599,0.023507,0.009799
ACGTTAATGTCGAAGA-1,0.000035,0.153703,0.037755,0.590539,0.059654,0.158314
ACGTTAGATTTGCCCG-1,0.459796,0.212688,0.006361,0.000121,0.320912,0.000121
ACGTTATTGGTCACTC-1,0.017646,0.079653,0.619531,0.176051,0.00265,0.104468
ACGTTCACTATGCCGC-1,0.039216,0.293748,0.031091,0.181447,0.012794,0.441705
ACGTTCCGCGCTCCGT-1,0.052015,0.606439,0.14561,0.16261,0.000052,0.033274
ACGTTCGCAATCAATT-1,0.019626,0.371696,0.000067,0.000134,0.608343,0.000134
ACGTTCGTTCAGGAAA-1,0.000428,0.274164,0.000052,0.063513,0.030853,0.630991
ACGTTCTGTACAAGTC-1,0.065084,0.208543,0.000095,0.00019,0.725899,0.00019
ACGTTGTCGTTGAAAG-1,0.043959,0.255344,0.003243,0.102228,0.26019,0.335035
ACGTTTAGTTGTGATC-1,0.000034,0.26817,0.270559,0.461135,0.000034,0.000068
ACGTTTCGGTGCACTT-1,0.039686,0.282657,0.082438,0.20792,0.145572,0.241726
ACTAATACGTCAGGCG-1,0.000015,0.383252,0.036139,0.579935,0.000015,0.000645
ACTACAAAGAGAGGTG-1,0.081941,0.040599,0.000078,0.000155,0.000078,0.87715
ACTACATCCCGACAAG-1,0.902841,0.000121,0.00004,0.000081,0.00004,0.096876
ACTACCAGCTCTCTGG-1,0.097859,0.13169,0.061576,0.276396,0.321608,0.110871
ACTACCATCCGAGGGC-1,0.045873,0.064586,0.037519,0.411472,0.014753,0.425797
ACTACGCGTTAGAATT-1,0.000037,0.456305,0.013941,0.139797,0.028257,0.361662
ACTAGTTGCGATCGTC-1,0.247782,0.406926,0.000165,0.141861,0.043887,0.15938
ACTATATGCTGTGTTC-1,0.000048,0.398082,0.150988,0.41511,0.019622,0.01615
ACTATCCAGGGCATGG-1,0.000058,0.999594,0.000058,0.000116,0.000058,0.000116
ACTATCGCCGGCTAAA-1,0.000045,0.677435,0.000045,0.192775,0.000045,0.129655
ACTATCTGCCCGCGTA-1,0.027617,0.154047,0.17065,0.161019,0.230774,0.255894
ACTATGTCCAGCTGCC-1,0.772814,0.00015,0.00005,0.0001,0.226785,0.0001
ACTATTCGTCCGTGGT-1,0.000034,0.555779,0.209854,0.231159,0.003104,0.000069
ACTATTTCCGGGCCCA-1,0.021224,0.20847,0.066742,0.263434,0.035829,0.404301
ACTCAACGAATGTATT-1,0.000032,0.447503,0.279301,0.160098,0.02472,0.088345
ACTCAAGTGCAAGGCT-1,0.000037,0.000112,0.151318,0.475967,0.23182,0.140746
ACTCAATAAAGGCACG-1,0.006711,0.67959,0.015641,0.018423,0.279521,0.000114
ACTCAGACCTGCTTCT-1,0.05559,0.555692,0.355642,0.032895,0.00006,0.000121
ACTCATGGCAGCCTTC-1,0.950526,0.000126,0.000042,0.000084,0.000042,0.049179
ACTCCAATATCATCAT-1,0.172789,0.000246,0.000082,0.178789,0.042025,0.606068
ACTCCCATTCCTAAAG-1,0.658579,0.002001,0.000667,0.001334,0.336086,0.001334
ACTCCCGAATTCGTTT-1,0.000033,0.238985,0.103524,0.487635,0.051792,0.118032
ACTCCCGTAGACTAGG-1,0.172598,0.617648,0.020627,0.000197,0.188734,0.000197
ACTCCCTAATGCTAAA-1,0.000058,0.486855,0.269065,0.014784,0.014732,0.214505
ACTCCCTAGAATAGTA-1,0.009797,0.241303,0.027473,0.24362,0.028988,0.448819
ACTCCGGCCGACCACT-1,0.000086,0.986989,0.000086,0.000172,0.000086,0.01258
ACTCGATGTATTTCAT-1,0.000027,0.055485,0.506014,0.38365,0.001609,0.053216
ACTCGCCGTTCGATAA-1,0.000054,0.333565,0.029584,0.120859,0.271228,0.244709
ACTCGCGATCTGACGC-1,0.000096,0.141342,0.384276,0.330462,0.063372,0.080453
ACTCGTAACCCGTCCT-1,0.774633,0.221685,0.000614,0.001227,0.000614,0.001227
ACTCGTCAGTAATCCC-1,0.014519,0.122519,0.024538,0.469679,0.09291,0.275836
ACTCTAAACCTGGGAT-1,0.014818,0.451819,0.025939,0.162266,0.077737,0.267422
ACTCTCTGACTTAGGT-1,0.017167,0.338565,0.002342,0.064788,0.186021,0.391117
ACTCTCTTATACACGA-1,0.000035,0.399714,0.121647,0.411597,0.000035,0.066971
ACTCTGACCTAATAGA-1,0.025957,0.012303,0.050462,0.045808,0.668565,0.196904
ACTCTTCAGCTCCCGC-1,0.009144,0.3451,0.168619,0.311407,0.052666,0.113064
ACTCTTGTATAGTAAC-1,0.009567,0.001318,0.004075,0.851067,0.020221,0.113752
ACTGAAACGCCGTTAG-1,0.037198,0.53947,0.017681,0.090633,0.177486,0.137531
ACTGAATGGCGAAAGT-1,0.000037,0.495754,0.202259,0.031402,0.04875,0.221799
ACTGATTTAGTGATTC-1,0.00006,0.869359,0.088375,0.042025,0.00006,0.000121
ACTGCCCGCCATTCTC-1,0.02458,0.006648,0.000018,0.556389,0.000018,0.412346
ACTGCCGTCGTAACTC-1,0.02874,0.599434,0.343214,0.028459,0.000051,0.000102
