Barcode,Topic 1to2,Topic 3to4,Topic 5to10
AAACAAGTATCTCCCA-1,0.846522,0.091214,0.062264
AAACAATCTACTAGCA-1,0.085732,0.000138,0.914131
AAACACCAATAACTGC-1,0.797644,0.151682,0.050674
AAACAGAGCGACTCCT-1,0.07556,0.072521,0.851919
AAACAGCTTTCAGAAG-1,0.243566,0.335068,0.421366
AAACAGGGTCTATATT-1,0.753416,0.097655,0.148929
AAACAGTGTTCCTGGG-1,0.996803,0.000022,0.003175
AAACATGGTGAGAGGA-1,0.13901,0.318111,0.542879
AAACATTTCCCGGATT-1,0.831253,0.168617,0.00013
AAACCACTACACAGAT-1,0.000022,0.086836,0.913143
AAACCCGAACGAAATC-1,0.943634,0.007265,0.049102
AAACCGGGTAGGTACC-1,0.296156,0.180094,0.523749
AAACCGTTCGTCCAGG-1,0.834776,0.084882,0.080342
AAACCTAAGCAGCCGG-1,0.838145,0.113761,0.048094
AAACCTCATGAAGTTG-1,0.04636,0.096814,0.856826
AAACGAAGAACATACC-1,0.000087,0.041233,0.958681
AAACGAAGATGGAGTA-1,0.517095,0.174441,0.308464
AAACGACAGTCTTGCC-1,0.000027,0.012907,0.987066
AAACGAGACGGTTGAT-1,0.000018,0.153154,0.846827
AAACGCCCGAGATCGG-1,0.000032,0.009534,0.990434
AAACGGGCGTACGGGT-1,0.760908,0.219911,0.019181
AAACGGTTGCGAACTG-1,0.983931,0.000049,0.016019
AAACGTGTTCGCCCTA-1,0.000031,0.023541,0.976429
AAACTAACGTGGCGAC-1,0.034709,0.047435,0.917856
AAACTCGGTTCGCAAT-1,0.886473,0.113331,0.000195
AAACTCGTGATATAAG-1,0.044106,0.076311,0.879583
AAACTGCTGGCTCCAA-1,0.67315,0.174029,0.152822
AAACTTAATTGCACGC-1,0.094923,0.678507,0.22657
AAACTTGCAAACGTAT-1,0.497549,0.223813,0.278638
AAAGAATGACCTTAGA-1,0.010798,0.432185,0.557017
AAAGACATGAAGTTTA-1,0.05357,0.060421,0.88601
AAAGACCCAAGTCGCG-1,0.000065,0.000065,0.999869
AAAGACTGGGCGCTTT-1,0.009026,0.134412,0.856562
AAAGCTTGCCTACATA-1,0.111424,0.172075,0.716501
AAAGGCCCTATAATAC-1,0.136533,0.712784,0.150683
AAAGGCTACGGACCAT-1,0.406405,0.261703,0.331892
AAAGGCTCTCGCGCCG-1,0.361301,0.259409,0.37929
AAAGGGATGTAGCAAG-1,0.024417,0.000023,0.97556
AAAGGGCAGCTTGAAT-1,0.035747,0.043648,0.920605
AAAGGTAAGCTGTACC-1,0.000068,0.00178,0.998152
AAAGGTCAACGACATG-1,0.007907,0.009885,0.982208
AAAGTCACTGATGTAA-1,0.004763,0.003375,0.991862
AAAGTCGACCCTCAGT-1,0.154962,0.208165,0.636873
AAAGTGTGATTTATCT-1,0.617632,0.223942,0.158427
AAAGTTGACTCCCGTA-1,0.472249,0.12682,0.400931
AAATAACCATACGGGA-1,0.023476,0.003358,0.973166
AAATAAGGTAGTGCCC-1,0.015149,0.005578,0.979273
AAATACCTATAAGCAT-1,0.860825,0.011658,0.127517
AAATAGCTTAGACTTT-1,0.000027,0.227284,0.772689
AAATAGGGTGCTATTG-1,0.945366,0.000055,0.054579
AAATCCGATACACGCC-1,0.824465,0.169024,0.006512
AAATCGCGGAAGGAGT-1,0.123081,0.522797,0.354122
AAATCGTGTACCACAA-1,0.832663,0.001934,0.165404
AAATCTAGCCCTGCTA-1,0.933683,0.024302,0.042015
AAATCTGCCCGCGTCC-1,0.005543,0.507795,0.486662
AAATGACTGATCAAAC-1,0.464436,0.483141,0.052423
AAATGATTCGATCAGC-1,0.000055,0.000055,0.999891
AAATGCTCGTTACGTT-1,0.000031,0.045315,0.954655
AAATGGCATGTCTTGT-1,0.000051,0.003376,0.996574
AAATGGCCCGTGCCCT-1,0.920267,0.023442,0.056291
AAATGGTCAATGTGCC-1,0.00006,0.19033,0.80961
AAATGTGGGTGCTCCT-1,0.092891,0.000117,0.906992
AAATTAACGGGTAGCT-1,0.158187,0.007915,0.833899
AAATTAATAAGCGCGA-1,0.074753,0.126647,0.7986
AAATTACACGACTCTG-1,0.000086,0.000086,0.999828
AAATTACCTATCGATG-1,0.000028,0.029435,0.970537
AAATTCCAGGTCCAAA-1,0.000019,0.215463,0.784518
AAATTGATAGTCCTTT-1,0.876842,0.000083,0.123076
AAATTGCGGCGGTTCT-1,0.14724,0.005192,0.847568
AAATTGGTGAGAAGCA-1,0.001605,0.040663,0.957732
AAATTTACCGAAATCC-1,0.007729,0.002594,0.989676
AAATTTGCGGGTGTGG-1,0.499826,0.283665,0.216509
AACAACTGGTAGTTGC-1,0.054794,0.098281,0.846926
AACAATACATTGTCGA-1,0.919378,0.080492,0.000131
AACAATTACTCTACGC-1,0.00003,0.038969,0.961001
AACACACGCTCGCCGC-1,0.759986,0.196271,0.043743
AACACGACTGTACTGA-1,0.036818,0.050156,0.913027
AACACGAGACGCGGCC-1,0.507671,0.216921,0.275409
AACACGCGGCCGCGAA-1,0.108302,0.000172,0.891526
AACAGCTGTGTGGCAA-1,0.434302,0.425982,0.139715
AACAGGAAATCGAATA-1,0.007651,0.024824,0.967525
AACAGGATGGGCCGCG-1,0.005635,0.140457,0.853907
AACAGGTAGTATGGAT-1,0.635847,0.026691,0.337462
AACATAGCGTGTATCG-1,0.816541,0.17363,0.009829
AACATATCAACTGGTG-1,0.002668,0.113298,0.884034
AACATCGATACGTCTA-1,0.074764,0.036691,0.888545
AACATTGAAGTTGATC-1,0.661893,0.314355,0.023752
AACATTGTGACTCGAG-1,0.861935,0.134932,0.003133
AACCAAGACTTCTCTG-1,0.003392,0.019991,0.976617
AACCAGTATCACTCTT-1,0.000042,0.105021,0.894936
AACCATAGGGTTGAAC-1,0.046032,0.578854,0.375115
AACCATGGGATCGCTA-1,0.000048,0.000048,0.999905
AACCCAGAGACGGAGA-1,0.082742,0.00007,0.917188
AACCCATCCCATGATC-1,0.606624,0.284654,0.108722
AACCCGACAACCCGTG-1,0.795624,0.191122,0.013255
AACCCGCTGTATTCCA-1,0.741168,0.258352,0.00048
AACCCTACTGTCAATA-1,0.113007,0.39883,0.488163
AACCCTGGTGGAACCA-1,0.000054,0.027938,0.972008
AACCGAGCTTGGTCAT-1,0.000019,0.000019,0.999962
AACCGCTAAGGGATGC-1,0.381085,0.40784,0.211075
AACCGTTGTGTTTGCT-1,0.000059,0.00644,0.993501
AACCTAAAGCCGTCCG-1,0.147174,0.021317,0.83151
AACCTCGCTTTAGCCC-1,0.866434,0.043372,0.090195
AACCTGTCACGGAATT-1,0.355841,0.202953,0.441205
AACCTTTAAATACGGT-1,0.904632,0.005406,0.089962
AACCTTTACGACGTCT-1,0.000059,0.000059,0.999881
AACGAAAGTCGTCCCA-1,0.164614,0.51017,0.325216
AACGATAATGCCGTAG-1,0.970115,0.000058,0.029827
AACGATAGAAGGGCCG-1,0.037468,0.001349,0.961182
AACGATATGTCAACTG-1,0.000058,0.000058,0.999883
AACGCATGATCTGGGT-1,0.000017,0.000017,0.999966
AACGCGAACGGCAACA-1,0.060927,0.070551,0.868522
AACGCGACCTTGGGCG-1,0.888574,0.079463,0.031963
AACGCGGTCTCCAGCC-1,0.00002,0.07477,0.925211
AACGCTGTTGCTGAAA-1,0.877525,0.000105,0.12237
AACGGACGTACGTATA-1,0.842254,0.010679,0.147067
AACGGCCATCTCCGGT-1,0.622193,0.289511,0.088296
AACGTACTGTGGGTAC-1,0.884094,0.00008,0.115826
AACGTCAGACTAGTGG-1,0.029127,0.000028,0.970844
AACGTGATGAAGGACA-1,0.067155,0.028559,0.904286
AACGTGCGAAAGTCTC-1,0.014003,0.408892,0.577105
AACGTTATCAGCACCT-1,0.000089,0.000089,0.999823
AACTACCCGTTTGTCA-1,0.898876,0.010864,0.090261
AACTAGCGTATCGCAC-1,0.115,0.000182,0.884818
AACTAGGCTTGGGTGT-1,0.52792,0.362645,0.109435
AACTCAAGTTAATTGC-1,0.104109,0.298215,0.597675
AACTCCAGAGCGTGTT-1,0.592349,0.290969,0.116682
AACTCCTAATCCCATG-1,0.013708,0.119547,0.866746
AACTCGATAAACACGT-1,0.056906,0.132348,0.810747
AACTCGATGGCGCAGT-1,0.000028,0.006287,0.993684
AACTCTCAATAGAGCG-1,0.02679,0.156671,0.81654
AACTCTCAGTGTGCTC-1,0.620106,0.366462,0.013432
AACTGAGGTCAGCGTC-1,0.000086,0.000086,0.999827
AACTGATATTAGGCCT-1,0.000078,0.000078,0.999844
AACTGGGTCCCGACGT-1,0.0296,0.016351,0.95405
AACTGGGTTCGAGCCG-1,0.064569,0.000182,0.935249
AACTGGTGTGGGCCTT-1,0.000044,0.068088,0.931868
AACTTCTGCGTCTATC-1,0.04214,0.000061,0.957799
AACTTGCCCGTATGCA-1,0.003568,0.000016,0.996416
AACTTGCGTTCTCGCG-1,0.000027,0.027129,0.972844
AACTTTACGGGAGCTT-1,0.019782,0.171901,0.808316
AACTTTAGCTGCTGAG-1,0.000169,0.000169,0.999663
AACTTTCTCGATCATG-1,0.236253,0.085054,0.678693
AAGAAAGTTTGATGGG-1,0.0004,0.461305,0.538295
AAGAAGGATCAGTTAG-1,0.000062,0.084057,0.915881
AAGACCAAATAACTCA-1,0.179982,0.644607,0.175412
AAGACCCAACTGAACA-1,0.968997,0.008836,0.022166
AAGACTAACCCGTTGT-1,0.057949,0.000316,0.941735
AAGACTCACGCCCACT-1,0.087145,0.000112,0.912743
AAGACTGCAAGCTACT-1,0.000015,0.071309,0.928676
AAGAGATGAATCGGTA-1,0.173446,0.070918,0.755636
AAGAGCTCTTTATCGG-1,0.051629,0.201115,0.747256
AAGAGGATGTACGCGA-1,0.000086,0.05806,0.941854
AAGAGGCATGGATCGC-1,0.00003,0.206378,0.793592
AAGATGGCACCGGACC-1,0.823049,0.164504,0.012447
AAGATTGGCGGAACGT-1,0.090643,0.060584,0.848774
AAGCACCCTGCGTATC-1,0.86493,0.101394,0.033676
AAGCATACTCTCCTGA-1,0.942907,0.000041,0.057051
AAGCCACTTGCAGGTA-1,0.846965,0.000411,0.152624
AAGCCGAAGCGGTTTA-1,0.910402,0.000043,0.089555
AAGCCGCCGTGAAATC-1,0.741139,0.195879,0.062982
AAGCCGCTTTACCTTG-1,0.104862,0.002328,0.89281
AAGCGCAGGGCTTTGA-1,0.854545,0.145264,0.000192
AAGCGGAGTGCGCGCA-1,0.041899,0.021298,0.936804
AAGCGGCGTCATGGGT-1,0.000055,0.019744,0.980201
AAGCGTCCCTCATCGA-1,0.952482,0.047282,0.000236
AAGCTAGATCGAGTAA-1,0.928099,0.017333,0.054568
AAGCTCGTGCCAAGTC-1,0.142635,0.181697,0.675668
AAGCTCTTTCATGGTG-1,0.887554,0.112097,0.000349
AAGGAGAACTTATAAG-1,0.058205,0.00016,0.941635
AAGGAGCGGTTGGTGC-1,0.081638,0.001002,0.91736
AAGGATCGATCGCTTG-1,0.011815,0.529512,0.458673
AAGGATGAGGGACCTC-1,0.07443,0.053888,0.871682
AAGGCAGGCTGTCTCC-1,0.77739,0.102574,0.120036
AAGGCGCGTAAAGCTT-1,0.111874,0.000074,0.888052
AAGGCTGTGCTCATCG-1,0.000118,0.000118,0.999764
AAGGGAACGACTGGCT-1,0.562087,0.216025,0.221888
AAGGGACAGATTCTGT-1,0.065872,0.257164,0.676964
AAGGGACTATGCATTC-1,0.926132,0.029888,0.04398
AAGGGTTTGATTTCAG-1,0.352363,0.263143,0.384495
AAGGTATCCTAATATA-1,0.015802,0.004603,0.979595
AAGGTGATAAACCAGC-1,0.800482,0.000139,0.199379
AAGTAGAAGACCGGGT-1,0.000023,0.038507,0.96147
AAGTAGTGACGCGAGG-1,0.022916,0.036472,0.940612
AAGTCAATTGTCGTCA-1,0.527338,0.118724,0.353938
AAGTCTAGTAGCTGCC-1,0.074722,0.017841,0.907437
AAGTCTTCTGTGGCCT-1,0.23075,0.089604,0.679646
AAGTGACGACCGAATT-1,0.295799,0.084626,0.619575
AAGTGAGTCGGGTTTA-1,0.910687,0.083812,0.005501
AAGTGCAAAGGTAGAC-1,0.136493,0.162612,0.700895
AAGTGCCTTGACTGTA-1,0.841854,0.000065,0.158081
AAGTGCGTTAGAATCT-1,0.646684,0.193858,0.159457
AAGTGCTTCTCTATTG-1,0.934918,0.064974,0.000108
AAGTGTTTGGAGACGG-1,0.794215,0.003081,0.202704
AAGTTCACTCCAAGCT-1,0.747864,0.144085,0.108051
AAGTTCAGTCTGCGTA-1,0.025652,0.000046,0.974303
AAGTTCGGCCAACAGG-1,0.591214,0.171188,0.237597
AAGTTTACTAATGGCA-1,0.037085,0.000123,0.962792
AAGTTTATGGGCCCAA-1,0.644589,0.355247,0.000164
AATAACAACGCTCGGC-1,0.000023,0.017475,0.982503
AATAACACTAGAACAA-1,0.967235,0.004512,0.028253
AATAAGTCCTCGAGAC-1,0.122255,0.371951,0.505794
AATACAATGTTTCAGG-1,0.000065,0.017931,0.982004
AATACCGGAGGGCTGT-1,0.946925,0.052937,0.000138
AATACCTGATGTGAAC-1,0.415351,0.200331,0.384318
AATAGAACAGAGTGGC-1,0.63217,0.207259,0.160571
AATAGAATCTGTTTCA-1,0.927301,0.000039,0.072659
AATAGCAAGCCTCCTG-1,0.029892,0.007641,0.962467
AATAGCTACCGCGTGC-1,0.018702,0.002941,0.978357
AATAGTCCGTCCCGAC-1,0.912572,0.015706,0.071722
AATAGTCGCGAGTCGG-1,0.031989,0.004911,0.963099
AATATCAAGGTCGGAT-1,0.000038,0.069273,0.93069
AATATCCTAGCAAACT-1,0.128231,0.3708,0.500969
AATATCGAATCAATGC-1,0.887847,0.004635,0.107518
AATATCGAGGGTTCTC-1,0.003299,0.03839,0.958311
AATATTGGAGTATTGA-1,0.109916,0.003456,0.886628
AATCAGACTGCAGGAC-1,0.115456,0.000222,0.884322
AATCAGGTTTCATTTA-1,0.760611,0.048526,0.190862
AATCATGTAAAGACTC-1,0.428448,0.280867,0.290685
AATCCAAGGGCCTGAG-1,0.031331,0.055336,0.913333
AATCCATGCAAGGGTG-1,0.00008,0.116609,0.883312
AATCCCGCTCAGAGCC-1,0.628196,0.371317,0.000487
AATCGAGGTCTCAAGG-1,0.648288,0.243507,0.108205
AATCGCCTCAGCGCCA-1,0.041704,0.200069,0.758227
AATCGCGCAGAGGACT-1,0.639625,0.031389,0.328986
AATCGGGACACTACGA-1,0.000044,0.034544,0.965412
AATCGTGAGCCGAGCA-1,0.755579,0.221913,0.022508
AATCTAGGTTTACTTG-1,0.543655,0.255368,0.200978
AATCTATGCCGGAGCC-1,0.006991,0.07217,0.920839
AATCTCTACTGTGGTT-1,0.087343,0.172019,0.740639
AATCTGCGTTGGGACG-1,0.055223,0.116085,0.828692
AATCTGGCTTTCTAGT-1,0.527105,0.240821,0.232074
AATCTGGGTAGACCCT-1,0.000041,0.049227,0.950732
AATGACAGCAATGTCT-1,0.695875,0.14074,0.163386
AATGACGTAGGATGTC-1,0.213615,0.232248,0.554137
AATGACTGTCAGCCGG-1,0.003991,0.070092,0.925917
AATGAGTTCGCATATG-1,0.007595,0.016496,0.975909
AATGATGATACGCTAT-1,0.014147,0.036138,0.949716
AATGATGCGACTCCTG-1,0.045691,0.011325,0.942985
AATGCAACCGGGTACC-1,0.014534,0.020935,0.964531
AATGCACCAAGCAATG-1,0.075525,0.02302,0.901455
AATGGTCCACCGTTCA-1,0.110324,0.082696,0.806981
AATGGTTCTCACAAGC-1,0.031257,0.002325,0.966418
AATGTATGGCACTGTA-1,0.278618,0.443911,0.27747
AATGTGCCCGAGGTGT-1,0.849207,0.009356,0.141437
AATGTGCTAATCTGAG-1,0.704515,0.050494,0.24499
AATGTTAAGACCCTGA-1,0.722069,0.277569,0.000362
AATTAAAGGTCGGCGT-1,0.12785,0.237258,0.634892
AATTAACGGATTTCCA-1,0.6376,0.362111,0.000288
AATTACGAGACCCATC-1,0.456676,0.40047,0.142854
AATTAGCGCTGCAGCG-1,0.585133,0.319218,0.095649
AATTATACCCAGCAAG-1,0.475855,0.523359,0.000787
AATTCATAAGGGATCT-1,0.040147,0.057401,0.902452
AATTCATTGTCATGCA-1,0.140504,0.504694,0.354801
AATTCCAAGCATGTAC-1,0.864612,0.089446,0.045942
AATTCGATTCGAGGAT-1,0.866682,0.129472,0.003846
AATTCTAGAGTTAGGC-1,0.868997,0.043577,0.087426
AATTGAACGCTCTGGT-1,0.644374,0.01699,0.338637
AATTGCAGCAATCGAC-1,0.839673,0.059976,0.100351
AATTGCGTGGATTACA-1,0.087024,0.338888,0.574088
AATTTGGGACATAGTA-1,0.000067,0.003958,0.995975
AATTTGGTTCCAAAGA-1,0.000043,0.002163,0.997794
ACAAACCATGCGTCCT-1,0.705641,0.233447,0.060912
ACAAACCGACAAGGCG-1,0.108417,0.012196,0.879387
ACAAACTCCATCAGAG-1,0.405632,0.593289,0.00108
ACAAAGAAGGTAGGCC-1,0.579082,0.089033,0.331885
ACAAAGCATGACCTAG-1,0.517154,0.135948,0.346899
ACAAATCGCACCGAAT-1,0.854892,0.125562,0.019547
ACAAATGGTAGTGTTT-1,0.8128,0.002734,0.184466
ACAAATTCAGATCTGA-1,0.000105,0.002066,0.997829
ACAACAGCATGAGCTA-1,0.000015,0.051087,0.948898
ACAACGGTCCCTGCGA-1,0.171092,0.013492,0.815416
ACAAGCAGTGCCTAGC-1,0.220319,0.088863,0.690818
ACAAGCTATATGGAAG-1,0.040824,0.191177,0.767999
ACAAGGAAATCCGCCC-1,0.689584,0.067205,0.243211
ACAAGGACAAGAGGTT-1,0.00002,0.127627,0.872353
ACAAGGATGCTTTAGG-1,0.840718,0.000082,0.1592
ACAAGGCCTACCAGCC-1,0.000041,0.0119,0.988059
ACAAGGGCAGGCTCTG-1,0.02976,0.530021,0.44022
ACAATAGTCGTACGTT-1,0.376536,0.250659,0.372805
ACAATCCATTTAAACC-1,0.000028,0.170458,0.829514
ACAATCGATCTTTATA-1,0.085641,0.026385,0.887974
ACAATGAATACGGAGA-1,0.726846,0.13085,0.142304
ACAATGATTCTTCTAC-1,0.000028,0.096193,0.903779
ACAATTGTGTCTCTTT-1,0.879199,0.012278,0.108523
ACAATTTAGGAGGCTC-1,0.15368,0.2694,0.57692
ACAATTTGAGCAGTGG-1,0.005437,0.037709,0.956855
ACACAAAGACGGGTGG-1,0.000056,0.034798,0.965146
ACACAAATATTCCTAG-1,0.164353,0.157421,0.678226
ACACACCAGGACCAGT-1,0.766645,0.026702,0.206654
ACACACTTTCTACACG-1,0.054191,0.000076,0.945733
ACACATGATCAAATCT-1,0.26558,0.556205,0.178216
ACACATTTCCGTAGAC-1,0.752185,0.145271,0.102544
ACACCACATAATTAGC-1,0.127979,0.02231,0.849711
ACACCCAGCATGCAGC-1,0.000019,0.001223,0.998758
ACACCCGAGAAATCCG-1,0.228529,0.039745,0.731726
ACACCGGTCTGACCGC-1,0.768825,0.13331,0.097864
ACACCTTAAGTAGGGC-1,0.040865,0.18684,0.772295
ACACCTTACTACTTGC-1,0.55393,0.229413,0.216657
ACACGAGACTCCTTCT-1,0.037084,0.183477,0.779439
ACACGGCACTATGCAT-1,0.000107,0.029677,0.970217
ACACGGGAACTTAGGG-1,0.010615,0.050006,0.939378
ACACTCCAATGTCACT-1,0.021676,0.048098,0.930227
ACACTGATCAAGGTGT-1,0.774184,0.167046,0.05877
ACAGAACTGAGAACAA-1,0.588285,0.125761,0.285954
ACAGATTAGGTTAGTG-1,0.000076,0.053805,0.946119
ACAGCATAGAGCCAGT-1,0.000083,0.000083,0.999833
ACAGCGACATTCTCAT-1,0.82622,0.173587,0.000193
ACAGCGCACCCGCAGC-1,0.000084,0.000084,0.999832
ACAGGCACGGATCCTT-1,0.965216,0.000976,0.033808
ACAGGCTTGCCCGACT-1,0.946661,0.006701,0.046638
ACAGGTGGAGGTGAGG-1,0.6421,0.238178,0.119722
ACAGGTGTGTTGTTGC-1,0.19012,0.391634,0.418247
ACAGTAATACAACTTG-1,0.675607,0.069098,0.255295
ACAGTATACCGTGGGA-1,0.000056,0.000056,0.999889
ACAGTGCAGCGCATTT-1,0.0001,0.0001,0.9998
ACATAAGTCGTGGTGA-1,0.632134,0.17681,0.191056
ACATAATAAGGCGGTG-1,0.047234,0.005118,0.947648
ACATACAATCAAGCGG-1,0.473728,0.525725,0.000548
ACATCAGCTGGGACGC-1,0.014163,0.297227,0.68861
ACATCCCGGCCATACG-1,0.527141,0.228744,0.244116
ACATCCTGGTAACTGT-1,0.229399,0.510588,0.260013
ACATCGATCGTTTACC-1,0.038498,0.376694,0.584808
ACATCGGTCAGCCGCG-1,0.110092,0.068078,0.82183
ACATCGTATGCAATGG-1,0.399297,0.027422,0.573281
ACATCGTTAACCTAGT-1,0.000048,0.091104,0.908848
ACATCTCAACGCGTAA-1,0.036469,0.219625,0.743906
ACATGCTTACGGCAGC-1,0.000095,0.529741,0.470164
ACATGGCGCCAAAGTA-1,0.000027,0.5829,0.417073
ACATGGCTCAATTTAG-1,0.034464,0.000289,0.965247
ACATTAGTTTATATCC-1,0.831803,0.138763,0.029435
ACATTCGCGCGGAATA-1,0.273102,0.445264,0.281634
ACATTTGAAACCTAAC-1,0.921079,0.078759,0.000162
ACCAAACACCCAGCGA-1,0.022907,0.000041,0.977052
ACCAAACTAGAAATCC-1,0.09403,0.000156,0.905814
ACCAACACCACACACT-1,0.000851,0.058098,0.94105
ACCAACCGCACTCCAC-1,0.861766,0.131256,0.006977
ACCAACGCTTATTTAT-1,0.796023,0.040521,0.163457
ACCAAGAACGCGTGTC-1,0.000058,0.075442,0.9245
ACCAATATGCAAGTTA-1,0.655066,0.097026,0.247908
ACCACAACTCAGAACA-1,0.000041,0.191122,0.808837
ACCACAAGTTTCTATC-1,0.111982,0.056087,0.831931
ACCACACGGTTGATGG-1,0.513663,0.352959,0.133379
ACCACCAATGTAACAA-1,0.273236,0.149668,0.577097
ACCACCCTCTCTTCTA-1,0.008689,0.008814,0.982497
ACCACGTGCAGCTATA-1,0.329442,0.234577,0.43598
ACCAGACCATAACAAC-1,0.092082,0.287835,0.620083
ACCAGCCCGGTCTTTG-1,0.092296,0.035387,0.872317
ACCAGGAGTGTGATCT-1,0.06191,0.000227,0.937864
ACCAGTGCCCGGTCAA-1,0.000106,0.000106,0.999787
ACCAGTGCGGGAGACG-1,0.531356,0.108146,0.360497
ACCATATCCGCAATAA-1,0.100759,0.264924,0.634317
ACCATCCGCCAACTAG-1,0.331078,0.264827,0.404094
ACCATCGTATATGGTA-1,0.312014,0.207653,0.480334
ACCCAACGCCCGTGGC-1,0.109949,0.111737,0.778314
ACCCACCTACATGCTC-1,0.033522,0.005402,0.961076
ACCCATCTTGAGGGTA-1,0.310014,0.21341,0.476575
ACCCATTTGTCCCTCT-1,0.810436,0.16355,0.026014
ACCCGAGCGAAATTAC-1,0.891702,0.064322,0.043977
ACCCGATTGGTTCCGA-1,0.99849,0.000351,0.001158
ACCCGGAAACTCCCAG-1,0.620017,0.031859,0.348124
ACCCGGATGACGCATC-1,0.0581,0.253567,0.688333
ACCCGGTTACACTTCC-1,0.467351,0.038382,0.494267
ACCCGTAGCAGAGAAT-1,0.031929,0.397681,0.57039
ACCCGTGTCATCAGTA-1,0.599977,0.013296,0.386728
ACCCTATAGGACTGAG-1,0.028991,0.034819,0.93619
ACCCTATGCCATATCG-1,0.781126,0.111652,0.107222
ACCCTCCCGTCAGGGC-1,0.78498,0.214855,0.000165
ACCCTCCCTTGCTATT-1,0.687331,0.000095,0.312573
ACCCTGGTAACGCCCT-1,0.006929,0.046968,0.946103
ACCCTTCATCTGCGAA-1,0.000042,0.292354,0.707605
ACCCTTTAGTTCTCCA-1,0.000128,0.354557,0.645314
ACCGAAAGGGCCCTGC-1,0.000016,0.097107,0.902877
ACCGAAGAGTCTGGTT-1,0.263289,0.435884,0.300827
ACCGACACATCTCCCA-1,0.853794,0.09616,0.050045
ACCGACTGAGTCCCAC-1,0.009485,0.042225,0.948291
ACCGAGTCTCCTTATT-1,0.88909,0.110692,0.000218
ACCGATGGTAGCATCG-1,0.000023,0.364658,0.635318
ACCGCAATAACTGCCT-1,0.867953,0.00306,0.128987
ACCGCGGTGGAAGTCG-1,0.766003,0.011737,0.22226
ACCGCTAGTCATTGGT-1,0.901193,0.087411,0.011397
ACCGGGCCTTTGTTGA-1,0.634797,0.114339,0.250864
ACCGGTCAGGTACACC-1,0.134456,0.80819,0.057354
ACCGGTCTGAGTACGG-1,0.00003,0.043705,0.956265
ACCGTCCACTGGGCCC-1,0.270585,0.186347,0.543068
ACCGTGACCACGTGGG-1,0.999851,0.000037,0.000112
ACCGTTCCCGCTCTGA-1,0.000219,0.000219,0.999562
ACCTAAGTACCTTTCA-1,0.750814,0.12019,0.128996
ACCTAATCGACTTCCT-1,0.000044,0.192344,0.807612
ACCTACAGTATGTGGT-1,0.708658,0.013082,0.27826
ACCTACTATAAATCTA-1,0.909366,0.090545,0.000089
ACCTCCGCCCTCGCTG-1,0.714268,0.027309,0.258423
ACCTCCGTTATTCACC-1,0.000018,0.176232,0.82375
ACCTCGAACTTATGCT-1,0.329771,0.438435,0.231794
ACCTGCGTGTCATGTT-1,0.448094,0.231485,0.320421
ACGAAATGGGCGGCAC-1,0.000036,0.167565,0.832399
ACGACTCTAGGGCCGA-1,0.796505,0.194444,0.009051
ACGACTGGTCATACTC-1,0.934398,0.065473,0.00013
ACGAGAACCCATCACG-1,0.000054,0.126958,0.872988
ACGAGATATTTGCTTA-1,0.000053,0.025566,0.974381
ACGAGGATACCACTCT-1,0.388802,0.276427,0.334772
ACGAGGTTTACAACGT-1,0.737709,0.24548,0.016811
ACGAGTACGGATGCCC-1,0.040849,0.000022,0.959129
ACGATACATAGAACTA-1,0.000039,0.309797,0.690165
ACGATACCTATCCTGA-1,0.023758,0.167349,0.808893
ACGATCATACATAGAG-1,0.051222,0.019653,0.929125
ACGATCATCTTGTAAA-1,0.025534,0.068232,0.906233
ACGATGCATATGTTAT-1,0.010964,0.1848,0.804236
ACGATGGATCCGATGC-1,0.000035,0.004592,0.995373
ACGCAAACTAATAGAT-1,0.663152,0.27354,0.063308
ACGCAATCACTACAGC-1,0.000084,0.000084,0.999832
ACGCATAAATGACATG-1,0.000158,0.243682,0.756159
ACGCATACGTTTACTA-1,0.493465,0.416101,0.090434
ACGCATTCGTGAGTAC-1,0.00002,0.029402,0.970578
ACGCCACTCGAAACAG-1,0.355228,0.568198,0.076573
ACGCCAGATGATTTCT-1,0.000059,0.084773,0.915168
ACGCCAGTGCGTTTGC-1,0.870574,0.00006,0.129365
ACGCCCAGCTGTCGAT-1,0.191622,0.00284,0.805538
ACGCCGCTAGACGACC-1,0.116545,0.226211,0.657244
ACGCGAAGTCAGACGA-1,0.856709,0.035169,0.108121
ACGCGCTACACAGGGT-1,0.104402,0.327,0.568599
ACGCGGGCCAAGGACA-1,0.003753,0.191386,0.80486
ACGCGTTTCTTAAGAG-1,0.026939,0.05373,0.919331
ACGCTAGTGATACACT-1,0.000051,0.016657,0.983292
ACGCTGTGAGGCGTAG-1,0.000038,0.233669,0.766293
ACGCTTAGTGTCTCTC-1,0.039665,0.000208,0.960126
ACGGAACACGAGTGCC-1,0.912472,0.039975,0.047553
ACGGAATTTAGCAAAT-1,0.000066,0.000066,0.999867
ACGGACGCAGCGACAA-1,0.000036,0.649676,0.350287
ACGGACTCTCAAAGCG-1,0.893441,0.10635,0.00021
ACGGAGCGCAAATTAC-1,0.000086,0.000086,0.999829
ACGGATGGTGCGGATA-1,0.512357,0.388926,0.098717
ACGGCACTTGCTTGGG-1,0.793465,0.076854,0.129682
ACGGCCAACATGGACT-1,0.800163,0.176697,0.02314
ACGGCGACGATGGGAA-1,0.807134,0.08273,0.110136
ACGGCGGGTTGCCCTG-1,0.07873,0.000178,0.921091
ACGGCTGGATGTAGAA-1,0.708345,0.201868,0.089788
ACGGGAGTGTCGGCCC-1,0.655432,0.110638,0.23393
ACGGGCGTATGCGACA-1,0.003334,0.130945,0.865722
ACGGGTCATGTGACTT-1,0.000056,0.00026,0.999684
ACGGGTTGTGACCTGT-1,0.002649,0.617404,0.379947
ACGGTACAGTTCAATG-1,0.723651,0.087127,0.189223
ACGGTCACCGAGAACA-1,0.218158,0.338572,0.443271
ACGTACAGATTTCTCT-1,0.000047,0.131669,0.868284
ACGTACTTTGGCACGG-1,0.761278,0.105679,0.133043
ACGTAGATTGCTGATG-1,0.000022,0.045513,0.954465
ACGTAGGAGAGTCGCT-1,0.584404,0.182989,0.232607
ACGTATTACTCCGATC-1,0.252941,0.228022,0.519037
ACGTCGGGCAACTCGG-1,0.020135,0.413736,0.566129
ACGTCTCGTTCCGGGA-1,0.348457,0.03099,0.620553
ACGTGACAAAGTAAGT-1,0.252002,0.344759,0.403239
ACGTGCGCCTCGTGCA-1,0.021728,0.174877,0.803394
ACGTGGTCGAATGTGC-1,0.211624,0.000156,0.78822
ACGTTAATGTCGAAGA-1,0.198076,0.067366,0.734557
ACGTTAGATTTGCCCG-1,0.000033,0.316743,0.683224
ACGTTATTGGTCACTC-1,0.000047,0.05131,0.948643
ACGTTCACTATGCCGC-1,0.99374,0.000056,0.006204
ACGTTCCGCGCTCCGT-1,0.000056,0.027671,0.972272
ACGTTCGCAATCAATT-1,0.005002,0.409924,0.585074
ACGTTCGTTCAGGAAA-1,0.98723,0.002438,0.010332
ACGTTCTGTACAAGTC-1,0.956143,0.025762,0.018095
ACGTTGTCGTTGAAAG-1,0.665922,0.090783,0.243295
ACGTTTAGTTGTGATC-1,0.000061,0.08262,0.917319
ACTAATACGTCAGGCG-1,0.000062,0.04295,0.956987
ACTACAAAGAGAGGTG-1,0.999902,0.000025,0.000074
ACTACATCCCGACAAG-1,0.700324,0.228913,0.070762
ACTACCAGCTCTCTGG-1,0.000031,0.002775,0.997194
ACTACCATCCGAGGGC-1,0.761157,0.067462,0.171381
ACTACGCGTTAGAATT-1,0.789696,0.08372,0.126584
ACTAGTTGCGATCGTC-1,0.788799,0.157667,0.053534
ACTATATGCTGTGTTC-1,0.000049,0.003148,0.996802
ACTATCCAGGGCATGG-1,0.464221,0.045318,0.490461
ACTATGTCCAGCTGCC-1,0.582765,0.307294,0.109942
ACTATTCGTCCGTGGT-1,0.014071,0.000133,0.985796
ACTATTTCCGGGCCCA-1,0.777304,0.168073,0.054623
ACTCAACGAATGTATT-1,0.153581,0.000131,0.846288
ACTCAAGTGCAAGGCT-1,0.515428,0.25614,0.228432
ACTCAATAAAGGCACG-1,0.000022,0.068968,0.93101
ACTCAGACCTGCTTCT-1,0.000029,0.065948,0.934023
ACTCATGGCAGCCTTC-1,0.476716,0.270311,0.252973
ACTCCAATATCATCAT-1,0.422015,0.362797,0.215189
ACTCCCATTCCTAAAG-1,0.670995,0.129991,0.199015
ACTCCCGAATTCGTTT-1,0.000017,0.153379,0.846604
ACTCCCGTAGACTAGG-1,0.153018,0.060966,0.786016
ACTCCCTAATGCTAAA-1,0.862128,0.137654,0.000218
ACTCCCTAGAATAGTA-1,0.999801,0.00005,0.000149
ACTCCGGCCGACCACT-1,0.607086,0.371159,0.021755
ACTCGATGTATTTCAT-1,0.000096,0.005649,0.994256
ACTCGTAACCCGTCCT-1,0.761605,0.086711,0.151684
ACTCGTCAGTAATCCC-1,0.036598,0.083029,0.880374
ACTCTAAACCTGGGAT-1,0.050016,0.038875,0.911109
ACTCTCTGACTTAGGT-1,0.115163,0.296679,0.588158
ACTCTCTTATACACGA-1,0.000071,0.043991,0.955938
ACTCTGACCTAATAGA-1,0.672055,0.32515,0.002795
ACTCTTGTATAGTAAC-1,0.095591,0.134212,0.770197
ACTGAAACGCCGTTAG-1,0.812224,0.039258,0.148519
ACTGAATGGCGAAAGT-1,0.589481,0.096131,0.314388
ACTGATTTAGTGATTC-1,0.000264,0.000264,0.999473
ACTGCCCGCCATTCTC-1,0.778769,0.109875,0.111356
ACTGCCGTCGTAACTC-1,0.015206,0.000078,0.984716
ACTGCGGACACACCGT-1,0.140202,0.158109,0.70169
ACTGCTCGGAAGGATG-1,0.4766,0.43328,0.09012
ACTGGCGAACCTGCGT-1,0.077682,0.018698,0.90362
ACTGGGATGCCAGTGC-1,0.895644,0.027219,0.077137
ACTGTACGATACACAT-1,0.002795,0.074664,0.922541
ACTGTAGCACTTTGGA-1,0.031541,0.080443,0.888016
ACTGTATACGCGAGCA-1,0.000034,0.043108,0.956858
ACTGTCCAGGATTATA-1,0.035383,0.221778,0.742839
ACTGTCTTCTTTAGAA-1,0.000026,0.046308,0.953666
ACTGTGCTAGTAGATC-1,0.000072,0.013401,0.986527
ACTGTTTAGTGTAGGC-1,0.001269,0.000222,0.99851
ACTTACCGGGCGCGCA-1,0.02918,0.017344,0.953475
ACTTACGCATCCACGC-1,0.928139,0.071695,0.000165
ACTTAGTACGACAAGA-1,0.028757,0.001637,0.969606
ACTTATACTTACCCGG-1,0.000038,0.360067,0.639895
ACTTATTAGGATCGGT-1,0.061303,0.136769,0.801928
ACTTATTTATGTGCCA-1,0.583607,0.13795,0.278443
ACTTCAGGCTGATCCC-1,0.859834,0.002138,0.138028
ACTTCCAGTGGAAGCT-1,0.410909,0.376215,0.212876
ACTTCCATGCGGGACA-1,0.978698,0.00008,0.021222
ACTTCGCCATACGCAC-1,0.000521,0.165296,0.834183
ACTTGACTCCCTCTTT-1,0.249992,0.406149,0.343858
ACTTGCCATATTGTAC-1,0.059416,0.027276,0.913308
ACTTGCTCTATCTACC-1,0.009803,0.470611,0.519586
ACTTGGGACCCGGTGG-1,0.000074,0.136989,0.862936
ACTTGTAGTCCCTTCA-1,0.366133,0.106718,0.527149
ACTTGTGGATGGAACG-1,0.610316,0.052817,0.336867
ACTTGTTACCGGATCA-1,0.465786,0.487109,0.047105
ACTTTACCCTCATGAA-1,0.000667,0.412714,0.586619
ACTTTATACACCACTT-1,0.016124,0.502451,0.481425
ACTTTCCTATAGCTTC-1,0.071356,0.058318,0.870326
ACTTTGACTGCATCCT-1,0.000028,0.323733,0.676239
ACTTTGGTCGTGCTCC-1,0.455864,0.35255,0.191586
AGAACACGGCGATGGT-1,0.000091,0.390468,0.609442
AGAACCCTCAATTGGG-1,0.197342,0.518689,0.283968
AGAACGTGGTACATTC-1,0.075149,0.093987,0.830864
AGAACTGTACTTTGTA-1,0.988167,0.011699,0.000133
AGAAGAGCGCCGTTCC-1,0.13789,0.000901,0.861209
AGAAGGTACACTTCAC-1,0.739986,0.100789,0.159225
AGAAGGTTGCCGAATT-1,0.335415,0.44576,0.218825
AGAAGGTTGTAGGTCG-1,0.672279,0.254313,0.073408
AGAAGTGATTCGTGAT-1,0.713101,0.085317,0.201582
AGAATAAATCTTCAGG-1,0.079804,0.457491,0.462706
AGAATACAGGCTATCC-1,0.395685,0.604061,0.000254
AGAATGCGGGTTCGGA-1,0.000061,0.000061,0.999878
AGAATTATGGATTCGA-1,0.000021,0.249403,0.750576
AGAATTGTTTGACATA-1,0.055513,0.000093,0.944393
AGACAGCTCAGAATCC-1,0.01683,0.070073,0.913097
AGACATAGATCCTTCC-1,0.000053,0.205327,0.79462
AGACCAAACCACACCT-1,0.261816,0.736859,0.001325
AGACCATGGGATACAA-1,0.000044,0.02124,0.978716
AGACCCACCGCTGATC-1,0.799541,0.189666,0.010793
AGACCCGCCCTCCTCG-1,0.000086,0.008175,0.991739
AGACCGCTCCGCGGTT-1,0.671565,0.039369,0.289066
AGACCGGGAAACCCTG-1,0.152529,0.093079,0.754392
AGACGAAGTGCCGGTC-1,0.895,0.001894,0.103106
AGACGACGATGCCGCT-1,0.929456,0.015735,0.054809
AGACGGGATTGGTATA-1,0.000194,0.000194,0.999612
AGACGGGCCGATTTAA-1,0.000084,0.021973,0.977943
AGACTAGCCTTCCAGA-1,0.281691,0.000692,0.717617
AGACTGTTACCGGGTC-1,0.998618,0.001175,0.000207
AGAGAAACACCAGAAA-1,0.994593,0.000032,0.005375
AGAGAACCGTCTAGGA-1,0.000024,0.048432,0.951544
AGAGAAGGAGTACAAT-1,0.824697,0.023729,0.151575
AGAGATCTCTAAAGCG-1,0.000399,0.505081,0.49452
AGAGCAGTTATGAGAC-1,0.228237,0.066388,0.705375
AGAGCGGGCTAATCAT-1,0.000047,0.042947,0.957006
AGAGCGTACAAGCTCG-1,0.170746,0.007707,0.821547
AGAGCTACGAAAGCAT-1,0.088266,0.078224,0.83351
AGAGGCTTCGGAAACC-1,0.735738,0.056138,0.208125
AGAGGGACAATTGTCC-1,0.000052,0.000052,0.999896
AGAGGTATCTCGGTCC-1,0.030763,0.00026,0.968977
AGAGTAAACTTCACTA-1,0.662789,0.211693,0.125518
AGAGTATAGTGTTACG-1,0.004456,0.095472,0.900072
AGAGTTAGAGACCGAT-1,0.000073,0.036968,0.962959
AGAGTTGCAGGCCTCC-1,0.124853,0.115779,0.759368
AGATAACTTCAGGGCC-1,0.167405,0.057109,0.775486
AGATACCAGCACTTCA-1,0.025072,0.003435,0.971493
AGATACCGGTGTTCAC-1,0.057928,0.416213,0.525859
AGATACGACTTCATAT-1,0.007441,0.058791,0.933768
AGATACTCAAGATCGA-1,0.902317,0.000069,0.097613
AGATATAATACGACTA-1,0.891398,0.065155,0.043447
AGATCGTGCATAAGAT-1,0.035357,0.002965,0.961678
AGATCTCAGGTGTGAT-1,0.030593,0.044864,0.924543
AGATCTGGAGAGGATA-1,0.000152,0.613575,0.386273
AGATGACTCGCCCACG-1,0.022202,0.004229,0.973569
AGATGAGGGTTGCGAT-1,0.015492,0.000073,0.984435
AGATGATGGAGTCTGG-1,0.027211,0.049116,0.923672
AGATGCAAGACGTGCA-1,0.690363,0.168145,0.141493
AGATGCATCCTGTGTC-1,0.210535,0.423545,0.365921
AGATGCTATAACGAGC-1,0.000089,0.017756,0.982154
AGATTATAGGACGTTT-1,0.052569,0.221077,0.726355
AGATTCAAGCGGGTCG-1,0.000067,0.009399,0.990535
AGATTCACAACCGATA-1,0.130348,0.795993,0.073659
AGCAAAGGCCGCTAGT-1,0.408735,0.540613,0.050652
AGCAACATATCTTATT-1,0.258118,0.51106,0.230821
AGCAACCGAAAGTAAT-1,0.850751,0.125573,0.023676
AGCACACGTTTAGACT-1,0.525879,0.313164,0.160956
AGCACCAGTACTCACG-1,0.016055,0.09136,0.892585
AGCACTACCGGCCTGT-1,0.082393,0.104084,0.813523
AGCACTACCTCACCAG-1,0.957009,0.001884,0.041107
AGCACTTAAGGACGCC-1,0.003912,0.125642,0.870446
AGCAGAAGGAGAAAGA-1,0.665625,0.159477,0.174898
AGCAGCCAGATGAATA-1,0.829547,0.170211,0.000242
AGCAGTCGAAGCATGC-1,0.744718,0.250906,0.004376
AGCATATCAATATGCT-1,0.767436,0.173122,0.059442
AGCATCATTTCGAAAG-1,0.656956,0.269643,0.0734
AGCATCGTCGATAATT-1,0.040254,0.047771,0.911975
AGCATTACGAGGCAAG-1,0.664987,0.104494,0.230519
AGCCAAGCTTTGTGTC-1,0.946171,0.053676,0.000153
AGCCACAGGTTACCCG-1,0.813748,0.185999,0.000253
AGCCACTCCCGTGCTT-1,0.006496,0.21817,0.775334
AGCCATATAGTATGTG-1,0.901542,0.078234,0.020224
AGCCCATACATGTAAG-1,0.419451,0.091203,0.489346
AGCCCGCAACAAGCAG-1,0.945118,0.041801,0.013081
AGCCCGGCATTAGAGG-1,0.829833,0.011315,0.158852
AGCCCGGTAGCCTGTA-1,0.898862,0.00006,0.101078
AGCCCTAAGCGAAGTT-1,0.00006,0.00158,0.99836
AGCCCTCCCTGGTGGC-1,0.973916,0.019127,0.006957
AGCCCTGTCGCACCGT-1,0.39669,0.038,0.565309
AGCCCTTCTAATCCGA-1,0.000043,0.000043,0.999913
AGCCGCAAATTCAAAT-1,0.02597,0.149615,0.824415
AGCCGTGGCTAAATGT-1,0.649899,0.15274,0.197361
AGCCTAATACCCACGT-1,0.336658,0.416626,0.246716
AGCCTTAAAGCGGAAG-1,0.078335,0.013116,0.908549
AGCCTTGTCACTGATA-1,0.002879,0.597661,0.39946
AGCGACAGGAACGGTC-1,0.92007,0.000051,0.079879
AGCGACATCCCATTCA-1,0.000061,0.018787,0.981152
AGCGACCAACGATATT-1,0.076149,0.043942,0.879909
AGCGAGACGTGAAGGC-1,0.25235,0.486212,0.261438
AGCGCATAATGAATCG-1,0.805037,0.125685,0.069277
AGCGCGGGTGCCAATG-1,0.000053,0.088831,0.911116
AGCGCTTATGGGCAAG-1,0.017626,0.027126,0.955248
AGCGGACACTTCGTAG-1,0.856329,0.000069,0.143601
AGCGGCGGTTAGCGGT-1,0.308679,0.347201,0.344121
AGCGGGAAGGGTCCAT-1,0.038809,0.00009,0.961101
AGCGGGTCTGACACTC-1,0.992872,0.000041,0.007087
AGCGGTTGCCGCTCTG-1,0.000067,0.009406,0.990527
AGCGTACGAGAGCTAG-1,0.051961,0.009438,0.938601
AGCGTCTGAACCCGCA-1,0.044334,0.000126,0.955539
AGCGTGGTATTCTACT-1,0.423279,0.010165,0.566557
AGCGTTCCGATTTAAA-1,0.022364,0.032561,0.945075
AGCTAACAAGCAATGT-1,0.92712,0.004739,0.068142
AGCTAAGCTCCGTCCG-1,0.045962,0.792658,0.161381
AGCTAAGTACGCAGGC-1,0.722643,0.171907,0.10545
AGCTAGAAGCAGAAGT-1,0.00004,0.00004,0.99992
AGCTATTTAATCCAAC-1,0.03197,0.016481,0.951549
AGCTCCTTCGCACATC-1,0.80765,0.01597,0.17638
AGCTCGTTGATGGAAA-1,0.14351,0.145305,0.711185
AGCTCTAGACGTTCCA-1,0.116143,0.264941,0.618916
AGCTCTTCCCAGTGCA-1,0.098149,0.024227,0.877624
AGCTCTTCGTAACCTT-1,0.111299,0.364856,0.523846
AGCTCTTTACTCAGTT-1,0.287693,0.117548,0.594759
AGCTGAAGTAAACCAA-1,0.024653,0.000056,0.975291
AGCTGCATTTGAGGTG-1,0.000123,0.069807,0.93007
AGCTGCTGTGCCGAAT-1,0.00013,0.00013,0.99974
AGCTGTAACCTCAATC-1,0.851068,0.036835,0.112097
AGCTTATAGAGACCTG-1,0.000125,0.000125,0.999749
AGCTTCAATACTTTGA-1,0.088011,0.000242,0.911746
AGCTTCTTCTCGAGCA-1,0.276833,0.474988,0.248179
AGCTTGATCAGGGTAG-1,0.094119,0.550362,0.355518
AGCTTGATCTTAACTT-1,0.122766,0.176189,0.701045
AGGAAAGCCTCTGATG-1,0.143893,0.05128,0.804827
AGGAAGCTGTCCGCCG-1,0.626035,0.112387,0.261578
AGGACAGTCGAATCCC-1,0.426892,0.164194,0.408913
AGGACATCGCACGTCG-1,0.000142,0.000142,0.999715
AGGACGACCCATTAGA-1,0.283162,0.161932,0.554906
AGGACGCTCGATGTTG-1,0.000143,0.000143,0.999714
AGGAGACATCCACAGT-1,0.124461,0.05426,0.82128
AGGAGGCCTTCGCGCG-1,0.90904,0.023161,0.067799
AGGATAAAGTCGGGAT-1,0.875591,0.031867,0.092542
AGGATATAGGGATTTA-1,0.174088,0.438365,0.387547
AGGATATCCGACTGCA-1,0.999854,0.000037,0.00011
AGGATCACGCGATCTG-1,0.542374,0.168026,0.289601
AGGATTGCTTACGACA-1,0.115261,0.100174,0.784565
AGGCAGATGCGTAAAC-1,0.044384,0.039815,0.9158
AGGCAGGGAGCGTACT-1,0.978374,0.000088,0.021538
AGGCATTGTCGTAGGG-1,0.860118,0.000096,0.139787
AGGCCACCCGTTATGA-1,0.454954,0.022051,0.522996
AGGCCCAGTGACTGGT-1,0.00027,0.122469,0.877261
AGGCCCATTGTACAGG-1,0.000072,0.000072,0.999856
AGGCCCTAGAACGCCA-1,0.61592,0.090138,0.293942
AGGCCTATCATACCAA-1,0.972263,0.002885,0.024852
AGGCCTGAGAATCTCG-1,0.754103,0.13736,0.108537
AGGCGGTTTGTCCCGC-1,0.088431,0.7362,0.175369
AGGCGTCTATGGACGG-1,0.000018,0.000018,0.999964
AGGCTATGGTTAGCTT-1,0.000139,0.239946,0.759915
AGGCTTCCCGAAGAAG-1,0.934837,0.064948,0.000215
AGGCTTGCTAGACACC-1,0.095787,0.011709,0.892504
AGGGAAACGAGGTACT-1,0.000029,0.002575,0.997396
AGGGACAGCACGGCGG-1,0.000188,0.000188,0.999624
AGGGACCGGCTGCGTT-1,0.000018,0.340617,0.659365
AGGGACTCTACGCGAC-1,0.293233,0.491819,0.214948
AGGGAGACATACTTCG-1,0.127245,0.071145,0.801611
AGGGCAGCGGCGTGGT-1,0.000089,0.00466,0.995251
AGGGCGAGCAGCTGAT-1,0.470533,0.137176,0.392291
AGGGCGTGATCGGCTA-1,0.000038,0.001057,0.998905
AGGGCTGCAGTTACAG-1,0.000023,0.318198,0.68178
AGGGTCAGAGCACTCG-1,0.970447,0.005336,0.024217
AGGGTCAGTAACCCTA-1,0.000078,0.000078,0.999844
AGGGTCGATGCGAACT-1,0.000038,0.192615,0.807346
AGGGTGCCGTTCTTTA-1,0.977715,0.006855,0.01543
AGGGTGCTCTCGAGGG-1,0.006658,0.111535,0.881807
AGGGTGGATAGTGCAT-1,0.143845,0.000108,0.856047
AGGGTGTGCTACACGC-1,0.000043,0.003533,0.996425
AGGGTTCAGACGGTCC-1,0.656551,0.343311,0.000138
AGGGTTCCCTTTGGTT-1,0.000025,0.167778,0.832196
AGGGTTTAGTTCGGGA-1,0.272445,0.038902,0.688653
AGGTAACCTCCTATTC-1,0.000025,0.004966,0.995009
AGGTACGATATTGCCA-1,0.000039,0.013592,0.986369
AGGTAGATCGAGATAT-1,0.918997,0.080846,0.000157
AGGTAGGTACAAAGCT-1,0.041526,0.118773,0.839701
AGGTATAATTGATAGT-1,0.000022,0.315443,0.684535
AGGTCAGGTGAGAGTG-1,0.831509,0.006468,0.162024
AGGTCGCGGAGTTACT-1,0.000043,0.063322,0.936635
AGGTGCACGTCCACAT-1,0.769995,0.061391,0.168614
AGGTGGTGACCTTCGC-1,0.978923,0.000057,0.021021
AGGTGTATCGCCATGA-1,0.107966,0.031919,0.860116
AGGTTACACCATGCCG-1,0.296289,0.307593,0.396118
AGGTTCTCCTTTCCGG-1,0.02825,0.736887,0.234863
AGGTTGAGGCACGCTT-1,0.000034,0.03138,0.968587
AGGTTTCACACACCTT-1,0.000025,0.196293,0.803682
AGTAACGTTCATCCTG-1,0.000198,0.201576,0.798226
AGTAATCTAAGGGTGG-1,0.279076,0.720175,0.000749
AGTAATGTCTTGCCGC-1,0.000114,0.000114,0.999772
AGTAATTTGCAAGCGT-1,0.189363,0.544379,0.266259
AGTACAGAAGCTTATA-1,0.997616,0.000362,0.002023
AGTACATCATTTATCA-1,0.00002,0.237214,0.762767
AGTACCTTCGAGTGCT-1,0.000072,0.000266,0.999662
AGTACGGCCCGTATCG-1,0.00002,0.153856,0.846124
AGTACGGGCACCTGGC-1,0.177775,0.11765,0.704575
AGTACGTGGCCTGTCT-1,0.00009,0.00009,0.999821
AGTACTCTTATGCCCA-1,0.783884,0.042025,0.174091
AGTAGAAGGCGCCTCA-1,0.838335,0.043099,0.118566
AGTAGCGTGAACGAAC-1,0.210714,0.000117,0.789168
AGTAGCTAGACGCCGA-1,0.000034,0.074038,0.925928
AGTAGGAAGGAAGTTG-1,0.034425,0.073697,0.891877
AGTAGGTAACATACAT-1,0.11905,0.00007,0.880879
AGTATAATACTAGGCA-1,0.041891,0.014191,0.943918
AGTATACACAGCGACA-1,0.540528,0.224443,0.235029
AGTATCCATAATAACG-1,0.21059,0.000222,0.789188
AGTATGCTGGAGACCA-1,0.487158,0.450458,0.062384
AGTATTTGGCACGACC-1,0.661532,0.109233,0.229235
AGTCAAATGATGTGAT-1,0.913136,0.004717,0.082147
AGTCAACACCACCATC-1,0.000044,0.402868,0.597088
AGTCAAGATGACACTT-1,0.875628,0.084936,0.039436
AGTCACTAGCTCTCGA-1,0.749955,0.143772,0.106273
AGTCACTCCGCCTCAT-1,0.046088,0.000238,0.953674
AGTCAGCCACCGCCTG-1,0.000038,0.073274,0.926688
AGTCCAGCGGGTACGT-1,0.087532,0.00047,0.911998
AGTCCATTGGCTGATG-1,0.266007,0.350505,0.383488
AGTCCCGCCTTTAATT-1,0.000125,0.000125,0.999751
AGTCCCTCGCAGAAAG-1,0.164526,0.050641,0.784834
AGTCGAAACGATTCAG-1,0.00432,0.555836,0.439844
AGTCGACGGTCTCAAG-1,0.000022,0.402182,0.597797
AGTCGGCCCAAACGAC-1,0.000066,0.003423,0.996511
AGTCGGCTCAACTTTA-1,0.753315,0.061939,0.184746
AGTCGGTTGCGTGAGA-1,0.831725,0.002729,0.165545
AGTCGTATAAAGCAGA-1,0.422236,0.551587,0.026177
AGTCGTCGACCACCAA-1,0.864402,0.052246,0.083352
AGTCGTGGGCATTACG-1,0.757356,0.017995,0.22465
AGTCTAAAGTATACTC-1,0.00003,0.404262,0.595708
AGTCTCACAAGACTAC-1,0.908894,0.013842,0.077265
AGTCTGGACATCCTTG-1,0.000082,0.000082,0.999837
AGTCTTCTCCTCAAAT-1,0.000081,0.097063,0.902856
AGTCTTTAAAGTGTCC-1,0.950231,0.001551,0.048219
AGTGAACAAACTTCTC-1,0.353649,0.230385,0.415966
AGTGAAGATGGTGTCC-1,0.00005,0.00005,0.999899
AGTGACCTACTTTACG-1,0.390728,0.2903,0.318973
AGTGACTGTGACACAA-1,0.899113,0.078353,0.022534
AGTGAGACTTCCAGTA-1,0.037277,0.18802,0.774704
AGTGAGCCTCGCCGCC-1,0.129513,0.156188,0.714299
AGTGAGGGTTTCTGAC-1,0.000048,0.040055,0.959897
AGTGATAACCTGCGCG-1,0.463179,0.358023,0.178798
AGTGATATGAGTAGTT-1,0.26229,0.007451,0.730259
AGTGATTCAAGCAGGA-1,0.045308,0.008686,0.946006
AGTGCACGCTTAAGAA-1,0.833948,0.029808,0.136244
AGTGCGTAGCTCGTAA-1,0.639797,0.00011,0.360093
AGTGCTAAACACAGCA-1,0.975142,0.013383,0.011475
AGTGCTTGCACGAATA-1,0.128905,0.163952,0.707143
AGTGGCCCGCAAATGG-1,0.986585,0.013289,0.000126
AGTGGCGGCAATTTGA-1,0.051151,0.174168,0.774682
AGTGGCGTCTGAAGGT-1,0.925414,0.050844,0.023742
AGTGGCTCCGTCGGCC-1,0.146356,0.282485,0.571159
AGTGGTGTTACCCGTG-1,0.522625,0.136592,0.340784
AGTGGTTGCGTATAGG-1,0.160533,0.130808,0.708658
AGTGTATTGCGCATTG-1,0.000034,0.000034,0.999933
AGTGTGCTAAGATCGC-1,0.000064,0.049132,0.950805
AGTGTGGTCTATTGTG-1,0.000617,0.176201,0.823182
AGTTAAACACTTGCGA-1,0.227682,0.109534,0.662783
AGTTAAGCGGTCCCGG-1,0.029094,0.048547,0.922359
AGTTACCCTTAAGACT-1,0.023058,0.004355,0.972588
AGTTACCGCACATGGT-1,0.054221,0.106355,0.839424
AGTTACTCTATCGTGG-1,0.000107,0.000107,0.999785
AGTTATTGAAAGGTAA-1,0.092379,0.000219,0.907401
AGTTCACCGGTTGGAC-1,0.039269,0.019215,0.941517
AGTTCCTACAGAATTA-1,0.113531,0.138025,0.748445
AGTTCCTATTTATGTT-1,0.269977,0.338928,0.391095
AGTTCTGCGTTGTATC-1,0.019718,0.03222,0.948061
AGTTGACATCGGCTGG-1,0.00007,0.001089,0.998841
AGTTGACGGTCCTTGC-1,0.738908,0.26096,0.000132
AGTTGCGGTCCTCAAC-1,0.039029,0.588608,0.372363
AGTTGCTGACTGATAT-1,0.000036,0.068252,0.931712
AGTTTATGTAAAGACA-1,0.216205,0.022832,0.760964
AGTTTCGCAGGTCGGA-1,0.000121,0.000121,0.999758
AGTTTGCACCTGCCTC-1,0.934425,0.046158,0.019417
AGTTTGGCACGGGTTG-1,0.604218,0.095571,0.300212
AGTTTGGCCAGACCTA-1,0.596365,0.175317,0.228318
ATAAACCATTGGACGG-1,0.000417,0.014652,0.984931
ATAAACGGACCCGTAA-1,0.547552,0.231451,0.220998
ATAAAGGCTCGGTCGT-1,0.098069,0.164222,0.737709
ATAAAGGTCAAGTACG-1,0.000029,0.137949,0.862021
ATAAATATTAGCAGCT-1,0.024338,0.268474,0.707188
ATAACGCCGGAGGGTC-1,0.183785,0.0143,0.801916
ATAACGGAGTCCAACG-1,0.000032,0.071901,0.928067
ATAACGTTACCTCCAC-1,0.000046,0.04919,0.950764
ATAAGCAAACACCGAG-1,0.126353,0.021128,0.852519
ATAAGGTGGAGAACAT-1,0.912106,0.061564,0.02633
ATAAGTACCCGATTGT-1,0.000098,0.000098,0.999803
ATAAGTAGGATTCAGA-1,0.041273,0.400466,0.558261
ATAAGTAGGGCGACTC-1,0.00084,0.226151,0.773009
ATAAGTTACCGCGACG-1,0.250827,0.439425,0.309748
ATAATACCGTTAGCCG-1,0.041413,0.109753,0.848834
ATAATAGCTGTTGAAT-1,0.863215,0.016821,0.119964
ATAATAGTGTAGGGAC-1,0.000084,0.000084,0.999831
ATAATCTTGGAGAACC-1,0.94587,0.053928,0.000202
ATAATTAGCTAAGTAG-1,0.595535,0.261933,0.142531
ATACAGCGTCCACTGA-1,0.077551,0.446831,0.475618
ATACAGGCCCTCCAAT-1,0.991248,0.008596,0.000156
ATACCACGGGCAACTT-1,0.000026,0.233396,0.766578
ATACCAGCAAATTGCT-1,0.066837,0.000131,0.933032
ATACCAGGCTAATAGA-1,0.000043,0.020594,0.979363
ATACCCTCCCGGCCAA-1,0.000134,0.471446,0.52842
ATACCGTCATCCATAA-1,0.000034,0.014603,0.985363
ATACCTAACCAAGAAA-1,0.686103,0.025524,0.288373
ATACGACAGATGGGTA-1,0.000078,0.017613,0.982309
ATACGAGGTTTGTAAG-1,0.887404,0.112207,0.000388
ATACGCCGGCGAAACC-1,0.096181,0.211216,0.692603
ATACGGAACGTCGTTT-1,0.641304,0.173405,0.185291
ATACGGGTTTCGATTG-1,0.078905,0.057916,0.863179
ATACGGTGAAGATGCA-1,0.024404,0.438302,0.537294
ATACGTACTTAGCCAC-1,0.570675,0.165823,0.263502
ATACGTCCACTCCTGT-1,0.848797,0.020683,0.13052
ATACGTTATGCACGGA-1,0.772183,0.087804,0.140013
ATACTACCCGTACCAC-1,0.726289,0.083977,0.189734
ATACTAGCATGACCCT-1,0.00008,0.032314,0.967606
ATACTCTCGCCACTCT-1,0.000056,0.118594,0.88135
ATACTGCCTTACACCG-1,0.879792,0.014467,0.105741
ATACTTGTTCTCGAGC-1,0.000039,0.102459,0.897502
ATAGACAACGGGACCT-1,0.069386,0.248599,0.682015
ATAGACGAAGAGAAAG-1,0.005113,0.051498,0.943389
ATAGAGTACTGGGACA-1,0.00003,0.05443,0.945539
ATAGAGTTATCAACTT-1,0.012113,0.044866,0.94302
ATAGCAACTAGGGAAG-1,0.862577,0.083449,0.053974
ATAGCCTCAGTACCCA-1,0.055852,0.006643,0.937505
