Barcode,Topic 1,Topic 2,Topic 3,Topic 4to5,Topic 6,Topic 7to9,Topic 10,Topic 11,Topic 12to13
AAACAAGTATCTCCCA-1,0.000024,0.512211,0.061114,0.006571,0.001436,0.000073,0.023621,0.246245,0.148705
AAACACCAATAACTGC-1,0.000047,0.112199,0.003711,0.000094,0.152123,0.019844,0.345364,0.208309,0.158309
AAACAGAGCGACTCCT-1,0.000022,0.032873,0.000022,0.000045,0.000022,0.000067,0.079915,0.886988,0.000045
AAACAGCTTTCAGAAG-1,0.000011,0.000011,0.050379,0.256881,0.149967,0.418496,0.009693,0.056092,0.058468
AAACAGGGTCTATATT-1,0.000012,0.000956,0.000012,0.157729,0.016689,0.516616,0.000012,0.273229,0.034748
AAACAGTGTTCCTGGG-1,0.000022,0.000022,0.000022,0.179548,0.059278,0.158481,0.225534,0.001324,0.375767
AAACATGGTGAGAGGA-1,0.00001,0.00001,0.00001,0.507941,0.052609,0.26663,0.078866,0.00001,0.093913
AAACATTTCCCGGATT-1,0.000023,0.415857,0.065031,0.000047,0.000023,0.00007,0.042088,0.349427,0.127433
AAACCCGAACGAAATC-1,0.000023,0.395649,0.024985,0.000046,0.085872,0.011047,0.170726,0.152458,0.159193
AAACCGGAAATGTTAA-1,0.009842,0.850684,0.000041,0.096374,0.000041,0.000123,0.042771,0.000041,0.000082
AAACCGGGTAGGTACC-1,0.000021,0.000021,0.021577,0.168461,0.000065,0.436247,0.000021,0.12308,0.250507
AAACCGTTCGTCCAGG-1,0.000029,0.000029,0.000029,0.078323,0.104869,0.02853,0.094157,0.223896,0.470137
AAACCTAAGCAGCCGG-1,0.000028,0.070887,0.045606,0.256404,0.010049,0.009873,0.378097,0.000028,0.229028
AAACCTCATGAAGTTG-1,0.342201,0.041259,0.000081,0.000162,0.000081,0.000244,0.379331,0.037357,0.199283
AAACGAAGATGGAGTA-1,0.047078,0.024367,0.010961,0.050349,0.101421,0.168262,0.208681,0.222064,0.166817
AAACGAGACGGTTGAT-1,0.000016,0.000016,0.000016,0.730761,0.000098,0.03127,0.072356,0.000016,0.165451
AAACGCTGGGCACGAC-1,0.039291,0.700241,0.000026,0.260236,0.000026,0.000077,0.000026,0.000026,0.000052
AAACGGGCGTACGGGT-1,0.000022,0.119604,0.079799,0.25271,0.000022,0.015258,0.246349,0.019288,0.266947
AAACGGTTGCGAACTG-1,0.000021,0.000021,0.000021,0.311243,0.006918,0.134966,0.252222,0.000021,0.294566
AAACGTGTTCGCCCTA-1,0.003178,0.135458,0.000031,0.146468,0.216224,0.168068,0.283222,0.04729,0.000061
AAACTAACGTGGCGAC-1,0.000007,0.000007,0.000007,0.285164,0.076807,0.570962,0.000007,0.039737,0.027301
AAACTCGGTTCGCAAT-1,0.000023,0.018302,0.000023,0.378495,0.000023,0.000068,0.320696,0.000023,0.282348
AAACTCGTGATATAAG-1,0.000007,0.000007,0.000152,0.356063,0.005707,0.493823,0.00027,0.040052,0.103918
AAACTGCTGGCTCCAA-1,0.000045,0.067329,0.000045,0.00009,0.093113,0.000138,0.65879,0.012302,0.168148
AAACTTAATTGCACGC-1,0.000015,0.010229,0.000015,0.028445,0.071962,0.647768,0.033131,0.036385,0.17205
AAACTTGCAAACGTAT-1,0.000081,0.000081,0.000081,0.000162,0.000081,0.000244,0.51722,0.481588,0.000461
AAAGAATGACCTTAGA-1,0.001829,0.005064,0.010907,0.016558,0.090598,0.180401,0.374221,0.289797,0.030625
AAAGAATGTGGACTAA-1,0.000018,0.447012,0.412326,0.000035,0.000018,0.000053,0.023299,0.116943,0.000297
AAAGACTGGGCGCTTT-1,0.014912,0.021474,0.000071,0.000142,0.17035,0.000213,0.569958,0.222739,0.000142
AAAGCTTGCCTACATA-1,0.000013,0.02248,0.000013,0.268473,0.001223,0.184786,0.123209,0.395951,0.003851
AAAGGCCCTATAATAC-1,0.028244,0.107057,0.051437,0.000122,0.000061,0.000183,0.276522,0.536251,0.000122
AAAGGCTACGGACCAT-1,0.000033,0.000705,0.000033,0.282727,0.000302,0.0001,0.694368,0.000033,0.021698
AAAGGCTCTCGCGCCG-1,0.000012,0.010654,0.000012,0.166636,0.008157,0.156774,0.005178,0.268266,0.384311
AAAGGGATGTAGCAAG-1,0.000032,0.000032,0.000032,0.207815,0.244277,0.09979,0.195584,0.001699,0.250738
AAAGGGCAGCTTGAAT-1,0.720897,0.023223,0.000097,0.034459,0.11189,0.000292,0.108849,0.000097,0.000195
AAAGGTAAGCTGTACC-1,0.003871,0.043555,0.000047,0.087589,0.06579,0.416365,0.382641,0.000047,0.000094
AAAGTAGCATTGCTCA-1,0.000051,0.000051,0.000051,0.000102,0.000051,0.000153,0.249599,0.372729,0.377214
AAAGTCGACCCTCAGT-1,0.007832,0.043359,0.025024,0.000071,0.003226,0.000447,0.08213,0.719377,0.118534
AAAGTGCCATCAATTA-1,0.018664,0.749422,0.000021,0.231721,0.000021,0.000064,0.000021,0.000021,0.000043
AAAGTGTGATTTATCT-1,0.000019,0.016714,0.000019,0.421574,0.02728,0.087256,0.137044,0.000019,0.310076
AAAGTTGACTCCCGTA-1,0.024512,0.061214,0.01674,0.115171,0.016213,0.038776,0.302836,0.007579,0.416959
AAATAACCATACGGGA-1,0.000027,0.016679,0.003862,0.010034,0.000027,0.000082,0.212413,0.731175,0.0257
AAATAAGGTAGTGCCC-1,0.000012,0.001194,0.000012,0.740342,0.000012,0.003492,0.216251,0.02745,0.011235
AAATACCTATAAGCAT-1,0.000024,0.105196,0.000024,0.051125,0.000024,0.000073,0.088392,0.540808,0.214334
AAATAGCTTAGACTTT-1,0.000009,0.004651,0.078799,0.775466,0.001562,0.039178,0.019972,0.000009,0.080353
AAATAGGGTGCTATTG-1,0.000034,0.03114,0.000034,0.259869,0.059703,0.007661,0.241818,0.000034,0.399708
AAATCCGATACACGCC-1,0.00002,0.083122,0.098841,0.139679,0.046691,0.077222,0.172372,0.039254,0.342799
AAATCGCGGAAGGAGT-1,0.000019,0.000019,0.000019,0.32543,0.088015,0.219443,0.165002,0.015817,0.186234
AAATCGTGTACCACAA-1,0.000017,0.02463,0.112654,0.097475,0.000017,0.080203,0.014208,0.277239,0.393558
AAATCTAGCCCTGCTA-1,0.0243,0.604228,0.000086,0.00554,0.000066,0.000198,0.044422,0.006115,0.315045
AAATCTGCCCGCGTCC-1,0.000012,0.000012,0.000012,0.315405,0.050467,0.423827,0.108319,0.08234,0.019605
AAATGACTGATCAAAC-1,0.000015,0.004986,0.000015,0.492636,0.004459,0.096406,0.393751,0.000015,0.007716
AAATGATTCGATCAGC-1,0.000015,0.000015,0.009069,0.279734,0.060222,0.441989,0.00062,0.145162,0.063175
AAATGCTCGTTACGTT-1,0.227171,0.009859,0.038178,0.066101,0.108099,0.068813,0.067023,0.163526,0.251229
AAATGGCATGTCTTGT-1,0.007307,0.03679,0.008296,0.099161,0.042493,0.085781,0.011042,0.652998,0.056132
AAATGGCCCGTGCCCT-1,0.00003,0.025068,0.010901,0.000061,0.00003,0.000091,0.00003,0.963728,0.000061
AAATGGTCAATGTGCC-1,0.000042,0.000042,0.000042,0.129867,0.000042,0.004977,0.292506,0.197318,0.375163
AAATGTATCTTATCCC-1,0.000008,0.004055,0.086954,0.178934,0.06468,0.600272,0.000008,0.056642,0.008447
AAATTAACGGGTAGCT-1,0.000034,0.000034,0.000034,0.095565,0.004067,0.056943,0.287942,0.050941,0.504439
AAATTAATAAGCGCGA-1,0.001715,0.000008,0.002493,0.155738,0.00721,0.440806,0.000223,0.333008,0.058799
AAATTACACGACTCTG-1,0.000026,0.007095,0.000026,0.200012,0.037118,0.004129,0.089992,0.633406,0.028195
AAATTACCTATCGATG-1,0.003933,0.024362,0.004248,0.287181,0.04804,0.147884,0.145314,0.177845,0.161193
AAATTCCAGGTCCAAA-1,0.000016,0.070974,0.01078,0.304343,0.026151,0.075825,0.490637,0.000016,0.021258
AAATTGATAGTCCTTT-1,0.000028,0.000028,0.000028,0.000056,0.073149,0.258134,0.03546,0.015454,0.617662
AAATTGGTGAGAAGCA-1,0.015167,0.099644,0.000044,0.000087,0.000044,0.000131,0.616453,0.268345,0.000087
AAATTTACCGAAATCC-1,0.013628,0.030073,0.028213,0.322864,0.016081,0.259926,0.121509,0.061017,0.146688
AAATTTGCGGGTGTGG-1,0.000038,0.000038,0.000038,0.000076,0.1862,0.065668,0.192251,0.117008,0.438684
AACAACTGGTAGTTGC-1,0.00002,0.00002,0.00002,0.099519,0.046498,0.512414,0.005899,0.00002,0.33559
AACAATACATTGTCGA-1,0.000021,0.010112,0.001399,0.017205,0.008234,0.229693,0.061007,0.222787,0.449541
AACAATTACTCTACGC-1,0.000118,0.093751,0.000118,0.000236,0.022298,0.000353,0.685104,0.197787,0.000236
AACACACGCTCGCCGC-1,0.000038,0.279296,0.000257,0.18268,0.00031,0.024746,0.136899,0.012008,0.363766
AACACGAGACGCGGCC-1,0.126942,0.165234,0.000154,0.224906,0.000154,0.023124,0.459026,0.000154,0.000307
AACAGCTGTGTGGCAA-1,0.000016,0.000016,0.000016,0.076964,0.001341,0.569845,0.000016,0.000016,0.351772
AACAGGAAATCGAATA-1,0.000019,0.000019,0.000019,0.19609,0.065222,0.143015,0.004828,0.454068,0.136719
AACAGGATGGGCCGCG-1,0.000054,0.003326,0.000054,0.000109,0.117617,0.000163,0.19102,0.655246,0.032411
AACAGGTAGTATGGAT-1,0.000023,0.423458,0.326368,0.009174,0.000023,0.00007,0.000023,0.155379,0.085482
AACATAGCGTGTATCG-1,0.000049,0.000049,0.000049,0.069304,0.000049,0.000146,0.930208,0.000049,0.000098
AACATATCAACTGGTG-1,0.000012,0.000012,0.064492,0.400805,0.045204,0.244776,0.137831,0.002202,0.104667
AACATCGATACGTCTA-1,0.000024,0.079414,0.000024,0.115359,0.039683,0.115049,0.196446,0.453951,0.000049
AACATTGAAGTTGATC-1,0.04499,0.22313,0.000149,0.000297,0.000149,0.121509,0.596888,0.012409,0.000481
AACATTGTGACTCGAG-1,0.010282,0.000026,0.000026,0.068732,0.022441,0.032872,0.449838,0.0956,0.320183
AACCAAGACTTCTCTG-1,0.000063,0.028652,0.000063,0.000126,0.180139,0.069775,0.501632,0.219423,0.000126
AACCAGTATCACTCTT-1,0.000027,0.000252,0.059923,0.278323,0.235254,0.140111,0.079915,0.1299,0.076296
AACCATAGGGTTGAAC-1,0.000012,0.000012,0.000012,0.105652,0.146168,0.487747,0.037482,0.014827,0.208086
AACCATGGGATCGCTA-1,0.19013,0.007955,0.03118,0.174105,0.014781,0.139107,0.061466,0.085924,0.295353
AACCCAGAGACGGAGA-1,0.048807,0.000048,0.106223,0.018899,0.019839,0.293907,0.255847,0.147337,0.109093
AACCCATCCCATGATC-1,0.000022,0.000022,0.000022,0.0415,0.187552,0.244439,0.014461,0.152688,0.359296
AACCCGACAACCCGTG-1,0.000019,0.000019,0.14789,0.120269,0.05265,0.239091,0.075914,0.014625,0.349522
AACCCGAGCAGAATCG-1,0.000019,0.688051,0.265431,0.000038,0.000019,0.000057,0.000019,0.018079,0.028287
AACCCGCTGTATTCCA-1,0.010001,0.000019,0.000019,0.336484,0.000019,0.004923,0.606429,0.006377,0.035728
AACCCTACTGTCAATA-1,0.000028,0.063313,0.000028,0.174688,0.000028,0.000085,0.39623,0.203597,0.162002
AACCGAGCTTGGTCAT-1,0.000025,0.039439,0.02469,0.214932,0.026371,0.098614,0.096712,0.28775,0.211467
AACCGCTAAGGGATGC-1,0.000015,0.073369,0.043467,0.434184,0.012069,0.096424,0.049143,0.029015,0.262314
AACCGTTGTGTTTGCT-1,0.183967,0.108546,0.000079,0.069794,0.000079,0.000236,0.330556,0.306585,0.000158
AACCTCGCTTTAGCCC-1,0.00003,0.054092,0.006218,0.282329,0.020093,0.004486,0.229223,0.00003,0.403499
AACCTGTCACGGAATT-1,0.000011,0.000011,0.000011,0.994515,0.000011,0.000035,0.005372,0.000011,0.000023
AACCTTTAAATACGGT-1,0.000033,0.092027,0.003142,0.031107,0.015883,0.007615,0.360014,0.152676,0.337502
AACCTTTACGACGTCT-1,0.000021,0.000021,0.000021,0.045411,0.124186,0.549412,0.007827,0.081282,0.191819
AACGAAAGTCGTCCCA-1,0.000018,0.000018,0.000018,0.139074,0.24868,0.344221,0.083416,0.001793,0.182763
AACGACCTCCTAGCCG-1,0.007014,0.918507,0.000023,0.032481,0.000023,0.041859,0.000023,0.000023,0.000047
AACGATAATGCCGTAG-1,0.004865,0.140581,0.027663,0.093397,0.00003,0.00009,0.054925,0.459725,0.218723
AACGATAGAAGGGCCG-1,0.000039,0.000039,0.000039,0.000077,0.186166,0.006029,0.216827,0.27536,0.315425
AACGATATGTCAACTG-1,0.000012,0.000012,0.009394,0.323019,0.010085,0.227642,0.005889,0.111837,0.31211
AACGCATGATCTGGGT-1,0.000017,0.000017,0.004706,0.253532,0.094976,0.449062,0.074256,0.031367,0.092068
AACGCGACCTTGGGCG-1,0.000016,0.000016,0.000016,0.292784,0.000016,0.061429,0.095,0.16839,0.382334
AACGCGGTCTCCAGCC-1,0.000013,0.000013,0.000013,0.447267,0.019106,0.451003,0.000013,0.024421,0.05815
AACGCTGTTGCTGAAA-1,0.000029,0.240332,0.013107,0.000058,0.000029,0.000087,0.000029,0.383985,0.362345
AACGGACGTACGTATA-1,0.000017,0.094531,0.016663,0.011625,0.000017,0.021603,0.000017,0.277836,0.577691
AACGGCCATCTCCGGT-1,0.014559,0.000578,0.048641,0.117548,0.050159,0.045329,0.23621,0.043178,0.443797
AACGTACTGTGGGTAC-1,0.000036,0.000036,0.00048,0.059637,0.195799,0.000107,0.227656,0.108769,0.407481
AACGTCAGACTAGTGG-1,0.000039,0.000039,0.000039,0.003008,0.581426,0.114119,0.01706,0.033993,0.250276
AACGTCATCCGGCTTG-1,0.000027,0.008159,0.000027,0.055142,0.025087,0.277273,0.633667,0.000565,0.000054
AACGTCGCTGCACTTC-1,0.011201,0.690601,0.013662,0.164093,0.000038,0.000113,0.04614,0.025252,0.0489
AACGTGCGAAAGTCTC-1,0.000018,0.019864,0.000018,0.19467,0.01963,0.098017,0.184466,0.020014,0.463303
AACGTTATCAGCACCT-1,0.000026,0.010185,0.065098,0.000051,0.000026,0.000077,0.000026,0.92446,0.000051
AACTACCCGTTTGTCA-1,0.000015,0.154702,0.286416,0.188314,0.000402,0.083517,0.000015,0.013913,0.272707
AACTAGGCTTGGGTGT-1,0.000041,0.0364,0.000041,0.086365,0.049693,0.000122,0.338851,0.281284,0.207205
AACTCAAGTTAATTGC-1,0.00003,0.006525,0.092246,0.00006,0.00003,0.004507,0.15676,0.374429,0.365412
AACTCCAGAGCGTGTT-1,0.000018,0.074658,0.160578,0.11762,0.000018,0.000055,0.000018,0.490834,0.1562
AACTCCTAATCCCATG-1,0.121952,0.062902,0.000059,0.000118,0.071833,0.180403,0.467953,0.094663,0.000118
AACTCTCAATAGAGCG-1,0.001379,0.011801,0.000773,0.207451,0.00002,0.00006,0.342416,0.232435,0.203665
AACTCTCAGTGTGCTC-1,0.000046,0.000046,0.000046,0.000092,0.143465,0.000137,0.308635,0.044451,0.503083
AACTGAGGTCAGCGTC-1,0.000016,0.004956,0.000016,0.245301,0.161343,0.484526,0.006428,0.05267,0.044743
AACTGAGTTATACTGA-1,0.00002,0.870465,0.00002,0.128301,0.00002,0.001093,0.00002,0.00002,0.00004
AACTGATATTAGGCCT-1,0.018024,0.001901,0.000016,0.126299,0.052208,0.77256,0.000375,0.000016,0.028602
AACTGGGTCCCGACGT-1,0.019964,0.000013,0.009734,0.148666,0.02026,0.513043,0.00258,0.116367,0.169374
AACTTCTGCGTCTATC-1,0.999547,0.000038,0.000038,0.000075,0.000038,0.000113,0.000038,0.000038,0.000075
AACTTGCCCGTATGCA-1,0.000233,0.095681,0.000076,0.000152,0.209726,0.000227,0.197168,0.496585,0.000152
AACTTGCGTTCTCGCG-1,0.999679,0.000027,0.000027,0.000053,0.000027,0.00008,0.000027,0.000027,0.000053
AACTTTACGGGAGCTT-1,0.000019,0.000019,0.000019,0.002874,0.217365,0.141686,0.013667,0.452993,0.171358
AACTTTCTCGATCATG-1,0.000856,0.024507,0.000019,0.216561,0.161424,0.416969,0.000028,0.175123,0.004514
AAGAAAGTTTGATGGG-1,0.002489,0.000005,0.000005,0.398116,0.000005,0.599364,0.000005,0.000005,0.000009
AAGAAATCACCAGATT-1,0.000035,0.086024,0.000035,0.037045,0.071222,0.000105,0.456693,0.34877,0.00007
AAGAAGGATCAGTTAG-1,0.999613,0.000032,0.000032,0.000065,0.000032,0.000097,0.000032,0.000032,0.000065
AAGACATACGTGGTTT-1,0.000039,0.872143,0.000039,0.000077,0.010909,0.000116,0.116561,0.000039,0.000077
AAGACCAAATAACTCA-1,0.07472,0.002621,0.00004,0.604516,0.008131,0.231437,0.076228,0.000014,0.002293
AAGACCCAACTGAACA-1,0.000034,0.050655,0.000034,0.000069,0.009527,0.000103,0.666365,0.018893,0.25432
AAGACTGCAAGCTACT-1,0.004392,0.000023,0.003669,0.17165,0.00072,0.149161,0.259539,0.006405,0.404441
AAGAGATGAATCGGTA-1,0.02747,0.000116,0.000116,0.000232,0.021513,0.000349,0.68227,0.267701,0.000232
AAGAGCTCTTTATCGG-1,0.000032,0.035704,0.031199,0.072139,0.003123,0.000095,0.39246,0.026593,0.438656
AAGAGGATGTACGCGA-1,0.000032,0.000032,0.000032,0.000065,0.000032,0.161463,0.000032,0.437102,0.401209
AAGAGGCATGGATCGC-1,0.015835,0.029945,0.000028,0.00374,0.000169,0.012265,0.524133,0.122974,0.290911
AAGAGGCCCTTTGGAA-1,0.000019,0.53511,0.289917,0.000039,0.000019,0.000058,0.014716,0.079606,0.080515
AAGATGGCACCGGACC-1,0.000031,0.000031,0.000031,0.000061,0.004095,0.000092,0.10892,0.524629,0.362113
AAGATTGGCGGAACGT-1,0.000019,0.000019,0.000019,0.092538,0.016375,0.225956,0.324159,0.027106,0.313809
AAGCACCCTGCGTATC-1,0.000021,0.024829,0.000021,0.29022,0.000021,0.000064,0.002252,0.239219,0.44335
AAGCATACTCTCCTGA-1,0.000021,0.091978,0.030146,0.18876,0.068165,0.030423,0.101876,0.080762,0.407869
AAGCCACTTGCAGGTA-1,0.000021,0.000021,0.000885,0.215973,0.000376,0.150062,0.014687,0.463148,0.154826
AAGCCGAAGCGGTTTA-1,0.000026,0.560764,0.011804,0.000053,0.000026,0.000079,0.000026,0.406487,0.020734
AAGCCGCCGTGAAATC-1,0.186327,0.300363,0.000127,0.000254,0.038445,0.000381,0.473722,0.000127,0.000254
AAGCCGCTTTACCTTG-1,0.04619,0.046726,0.000041,0.000082,0.082705,0.000123,0.467524,0.356527,0.000082
AAGCCGGAGAGCAGGA-1,0.00203,0.872436,0.000027,0.100964,0.000027,0.00008,0.024356,0.000027,0.000053
AAGCGCAGGGCTTTGA-1,0.008057,0.102343,0.012885,0.000081,0.031305,0.000122,0.701606,0.000273,0.14333
AAGCGGAGTGCGCGCA-1,0.000009,0.001954,0.003613,0.180223,0.102167,0.6183,0.000009,0.075089,0.018638
AAGCGGCGTCATGGGT-1,0.000026,0.000026,0.000026,0.176884,0.31533,0.08409,0.192487,0.186189,0.044941
AAGCGTCCCTCATCGA-1,0.000029,0.000029,0.000029,0.000058,0.0468,0.302734,0.046661,0.000029,0.603631
AAGCTAGATCGAGTAA-1,0.000023,0.081851,0.000059,0.216312,0.044868,0.028591,0.092566,0.052608,0.483122
AAGCTATGGATTGACC-1,0.000028,0.004453,0.000028,0.387839,0.198134,0.280105,0.077591,0.051768,0.000055
AAGCTCGTGCCAAGTC-1,0.00002,0.00659,0.022365,0.368311,0.000078,0.049692,0.096525,0.00002,0.456399
AAGCTCTTTCATGGTG-1,0.000033,0.042134,0.000033,0.167359,0.08237,0.130626,0.100011,0.000033,0.477403
AAGGAGCGGTTGGTGC-1,0.000024,0.000024,0.031268,0.110194,0.019111,0.337851,0.005713,0.2325,0.263316
AAGGATCGATCGCTTG-1,0.003154,0.093295,0.00005,0.28973,0.00005,0.000149,0.613423,0.00005,0.000099
AAGGATGAGGGACCTC-1,0.00001,0.00001,0.001162,0.408006,0.022016,0.124239,0.085814,0.153898,0.204845
AAGGCAGGCTGTCTCC-1,0.000016,0.130608,0.002846,0.690198,0.014126,0.038731,0.098965,0.000016,0.024492
AAGGCGCGTAAAGCTT-1,0.000014,0.000014,0.000014,0.21122,0.000876,0.681601,0.000014,0.097903,0.008346
AAGGCTGTGCTCATCG-1,0.000019,0.000019,0.000019,0.133316,0.019831,0.62875,0.000019,0.00061,0.217418
AAGGGAACGACTGGCT-1,0.019997,0.272358,0.096575,0.000089,0.000044,0.000133,0.231653,0.379061,0.000089
AAGGGACAGATTCTGT-1,0.000019,0.048373,0.000019,0.092417,0.016868,0.007124,0.168002,0.615733,0.051444
AAGGGACTATGCATTC-1,0.000068,0.000068,0.000068,0.000137,0.000068,0.000205,0.644653,0.306452,0.04828
AAGGGTTTGATTTCAG-1,0.001537,0.000011,0.022075,0.391141,0.002732,0.427594,0.001734,0.11312,0.040056
AAGGTATCCTAATATA-1,0.000014,0.000014,0.025492,0.252369,0.025374,0.173932,0.05383,0.025011,0.443965
AAGGTGATAAACCAGC-1,0.000016,0.025325,0.000016,0.401286,0.002312,0.113536,0.124386,0.000016,0.333108
AAGTAGAAGACCGGGT-1,0.000026,0.000026,0.000026,0.00111,0.145786,0.474129,0.085706,0.092694,0.200496
AAGTAGTGACGCGAGG-1,0.000027,0.000027,0.000027,0.072514,0.071103,0.658019,0.004077,0.000027,0.194177
AAGTCAATTGTCGTCA-1,0.000041,0.180437,0.062717,0.000083,0.001366,0.000124,0.378329,0.108674,0.268229
AAGTCTAGTAGCTGCC-1,0.000018,0.008281,0.000018,0.344931,0.082474,0.268688,0.020937,0.274603,0.000049
AAGTCTTCTGTGGCCT-1,0.003133,0.000014,0.000014,0.209518,0.017178,0.562975,0.011788,0.169416,0.025965
AAGTGACGACCGAATT-1,0.000044,0.002588,0.000044,0.000087,0.024159,0.000131,0.284854,0.269868,0.418225
AAGTGAGTCGGGTTTA-1,0.000066,0.000066,0.000066,0.007909,0.000066,0.08522,0.66708,0.102727,0.136799
AAGTGCAAAGGTAGAC-1,0.000027,0.000027,0.000027,0.188363,0.488565,0.204587,0.021683,0.071022,0.025697
AAGTGCCTTGACTGTA-1,0.000029,0.103185,0.019849,0.071913,0.002114,0.003848,0.19838,0.161568,0.439115
AAGTGCGTTAGAATCT-1,0.000058,0.000058,0.000058,0.000115,0.063717,0.000906,0.173256,0.275847,0.485987
AAGTGCTTCTCTATTG-1,0.017325,0.000031,0.002311,0.000061,0.055082,0.013292,0.045544,0.579703,0.286651
AAGTGTTTGGAGACGG-1,0.000024,0.026337,0.00389,0.386312,0.000024,0.15347,0.063273,0.000024,0.366648
AAGTTCACTCCAAGCT-1,0.000027,0.037425,0.073296,0.164657,0.008416,0.131886,0.030106,0.000027,0.554162
AAGTTCAGTCTGCGTA-1,0.004784,0.000021,0.001309,0.213439,0.000641,0.177634,0.080101,0.306704,0.215366
AAGTTCGGCCAACAGG-1,0.000012,0.000012,0.000012,0.002539,0.000718,0.638056,0.000012,0.066026,0.292613
AAGTTGTGATGTTATA-1,0.000026,0.407502,0.262903,0.139284,0.000026,0.004259,0.016397,0.01082,0.158784
AAGTTTATGGGCCCAA-1,0.000015,0.037733,0.046997,0.357435,0.000015,0.00018,0.174156,0.127157,0.256312
AATAACAACGCTCGGC-1,0.004228,0.000018,0.000018,0.023195,0.025534,0.534773,0.000018,0.138794,0.273422
AATAACACTAGAACAA-1,0.000018,0.000018,0.002675,0.071726,0.033004,0.291651,0.058499,0.035668,0.506741
AATAATCTTCGTATCG-1,0.00004,0.899,0.014076,0.086563,0.00004,0.000121,0.00004,0.00004,0.00008
AATACAATGTTTCAGG-1,0.668011,0.021542,0.000063,0.000126,0.026192,0.146851,0.039073,0.098016,0.000126
AATACCGGAGGGCTGT-1,0.000016,0.000016,0.087561,0.042983,0.0505,0.341571,0.02724,0.012787,0.437327
AATACCTGATGTGAAC-1,0.000029,0.142516,0.343671,0.242662,0.003703,0.020262,0.1302,0.007937,0.10902
AATAGAACAGAGTGGC-1,0.000045,0.000045,0.064469,0.00009,0.000045,0.000136,0.682337,0.000045,0.252787
AATAGAATCTGTTTCA-1,0.00004,0.051209,0.085661,0.009767,0.00004,0.00012,0.235388,0.169221,0.448554
AATAGCAAGCCTCCTG-1,0.000012,0.006714,0.00383,0.164325,0.025715,0.427475,0.000012,0.354728,0.01719
AATAGCTACCGCGTGC-1,0.004678,0.006947,0.005506,0.207673,0.05358,0.57777,0.025196,0.076796,0.041853
AATAGGCACGACCCTT-1,0.010588,0.000008,0.005289,0.347698,0.003805,0.629721,0.000008,0.000008,0.002876
AATAGTCCGTCCCGAC-1,0.000018,0.004414,0.172399,0.09809,0.043762,0.142449,0.121558,0.087804,0.329507
AATAGTCGCGAGTCGG-1,0.000987,0.000012,0.000012,0.090922,0.092847,0.763529,0.000012,0.001956,0.049724
AATATCAAGGTCGGAT-1,0.306277,0.062693,0.000031,0.402655,0.00531,0.006587,0.216354,0.000031,0.000062
AATATCCTAGCAAACT-1,0.000043,0.000043,0.000043,0.563716,0.000043,0.061857,0.374128,0.000043,0.000085
AATATCGAATCAATGC-1,0.000032,0.678422,0.009268,0.000064,0.000032,0.000096,0.008787,0.229117,0.074183
AATATCGAGGGTTCTC-1,0.004274,0.000023,0.000023,0.164613,0.169832,0.132144,0.376013,0.089353,0.063725
AATATTGGAGTATTGA-1,0.000118,0.05232,0.000118,0.000236,0.000118,0.000353,0.320468,0.626034,0.000236
AATCAGGTTTCATTTA-1,0.000028,0.000028,0.000028,0.000055,0.085136,0.224755,0.008635,0.181939,0.499396
AATCATGTAAAGACTC-1,0.00004,0.379964,0.05467,0.014993,0.00004,0.024316,0.077727,0.138103,0.310146
AATCCAAGGGCCTGAG-1,0.000086,0.000086,0.073338,0.000172,0.260273,0.024689,0.594446,0.008738,0.038172
AATCCCGCTCAGAGCC-1,0.000022,0.000022,0.000022,0.660608,0.000022,0.000067,0.33917,0.000022,0.000044
AATCGAGGTCTCAAGG-1,0.000028,0.022212,0.150789,0.138703,0.000028,0.015477,0.605567,0.000028,0.067168
AATCGCCTCAGCGCCA-1,0.004017,0.021875,0.033914,0.126876,0.034668,0.001385,0.318661,0.000025,0.458579
AATCGCGCAGAGGACT-1,0.000014,0.078871,0.097782,0.288391,0.000014,0.000328,0.06108,0.151351,0.322168
AATCGGTATAGCCCTC-1,0.000016,0.255373,0.420223,0.181099,0.000016,0.015444,0.000016,0.010536,0.117275
AATCGTGAGCCGAGCA-1,0.000021,0.024514,0.030197,0.096624,0.000021,0.038911,0.110672,0.049544,0.649496
AATCTAGGTTTACTTG-1,0.00005,0.00005,0.00005,0.000101,0.20269,0.000151,0.381738,0.232696,0.182474
AATCTATGCCGGAGCC-1,0.000019,0.002326,0.006308,0.120707,0.029721,0.236531,0.116984,0.277193,0.210211
AATCTCTACTGTGGTT-1,0.000007,0.000007,0.000007,0.086161,0.01216,0.796977,0.000007,0.100977,0.003697
AATCTGCGTTGGGACG-1,0.000021,0.002954,0.000021,0.195848,0.007316,0.072996,0.384783,0.001658,0.334403
AATCTGGCTTTCTAGT-1,0.00004,0.00004,0.004431,0.000079,0.305523,0.004004,0.154631,0.24751,0.283743
AATGACAGCAATGTCT-1,0.000023,0.000023,0.000023,0.024176,0.000023,0.547526,0.000023,0.005851,0.422334
AATGACGTAGGATGTC-1,0.000033,0.135827,0.034071,0.11376,0.055867,0.005317,0.121763,0.094324,0.439039
AATGACTGTCAGCCGG-1,0.000022,0.000022,0.000022,0.026198,0.078366,0.368575,0.000022,0.451187,0.075588
AATGAGTTCGCATATG-1,0.567267,0.0262,0.000068,0.139001,0.039476,0.000203,0.050601,0.104736,0.072449
AATGATGATACGCTAT-1,0.000012,0.000012,0.000012,0.447144,0.030965,0.376689,0.000565,0.000012,0.144591
AATGATGCGACTCCTG-1,0.000011,0.000011,0.000011,0.348879,0.003243,0.395378,0.000011,0.103238,0.149219
AATGCAACCGGGTACC-1,0.000017,0.000017,0.000017,0.324315,0.006159,0.301286,0.001625,0.191525,0.175039
AATGCACCAAGCAATG-1,0.028486,0.000022,0.000022,0.225867,0.094724,0.281491,0.182415,0.000022,0.186951
AATGGTCCACCGTTCA-1,0.013184,0.009792,0.000094,0.000188,0.171474,0.000282,0.468961,0.335838,0.000188
AATGGTTCTCACAAGC-1,0.058484,0.000135,0.000135,0.000271,0.382038,0.000406,0.558123,0.000135,0.000271
AATGTATGGCACTGTA-1,0.000017,0.014298,0.004371,0.024988,0.020547,0.245075,0.000251,0.617163,0.07329
AATGTGCCCGAGGTGT-1,0.000042,0.000042,0.000042,0.000084,0.200599,0.049083,0.166267,0.361983,0.221859
AATGTGCTAATCTGAG-1,0.000021,0.000021,0.000021,0.011302,0.003628,0.541821,0.068303,0.000021,0.37486
AATGTTAAGACCCTGA-1,0.00002,0.02917,0.057534,0.446914,0.00002,0.008898,0.436186,0.00002,0.021239
AATGTTGTCGTGAGAC-1,0.000036,0.767661,0.000036,0.000071,0.000036,0.000107,0.003367,0.184529,0.044159
AATTAAAGGTCGGCGT-1,0.000033,0.000033,0.000033,0.510204,0.000033,0.004536,0.286464,0.028351,0.170314
AATTAACGGATTTCCA-1,0.000036,0.021442,0.14832,0.091304,0.02839,0.000377,0.27453,0.020959,0.414642
AATTACGAGACCCATC-1,0.000013,0.000013,0.000013,0.27355,0.019949,0.476208,0.023964,0.136665,0.069625
AATTACTCGTACGCTC-1,0.00522,0.024021,0.000101,0.000201,0.184382,0.000302,0.746769,0.038803,0.000201
AATTAGCGCTGCAGCG-1,0.000023,0.053847,0.000046,0.296582,0.066635,0.036943,0.10073,0.089442,0.355752
AATTATACCCAGCAAG-1,0.000024,0.029113,0.000024,0.480595,0.000024,0.000073,0.3461,0.094451,0.049594
AATTCATAAGGGATCT-1,0.000016,0.000016,0.000016,0.167814,0.036772,0.404159,0.018675,0.005537,0.366995
AATTCATTGTCATGCA-1,0.00002,0.00002,0.00002,0.048568,0.123992,0.328956,0.056329,0.042528,0.399567
AATTCCAAGCATGTAC-1,0.000027,0.000027,0.010748,0.017664,0.018594,0.066904,0.288372,0.02057,0.577092
AATTCGATTCGAGGAT-1,0.000035,0.061818,0.000035,0.122849,0.012235,0.000106,0.166591,0.000035,0.636294
AATTCTAGAGTTAGGC-1,0.000057,0.0299,0.012644,0.000113,0.000057,0.00017,0.635395,0.057679,0.263985
AATTGAACGCTCTGGT-1,0.00003,0.123107,0.230721,0.05083,0.00406,0.000091,0.149807,0.327883,0.113472
AATTGCAGCAATCGAC-1,0.000035,0.60989,0.234572,0.000069,0.000035,0.000104,0.129335,0.000035,0.025927
AATTGCGTGGATTACA-1,0.005736,0.000018,0.000018,0.18812,0.200027,0.343968,0.110036,0.004025,0.148051
AATTGTGGTTGCCAAA-1,0.009797,0.973093,0.000026,0.000051,0.000026,0.000077,0.016853,0.000026,0.000051
AATTTGGGACATAGTA-1,0.000049,0.000049,0.000049,0.000097,0.041036,0.000146,0.31512,0.642983,0.000473
AATTTGGTTCCAAAGA-1,0.372748,0.044735,0.000042,0.045348,0.000042,0.000125,0.36039,0.176487,0.000083
ACAAACCATGCGTCCT-1,0.000011,0.000011,0.030827,0.106591,0.063751,0.635895,0.003961,0.105143,0.05381
ACAAACTCCATCAGAG-1,0.000008,0.000008,0.00283,0.242112,0.000805,0.640507,0.005948,0.022984,0.084797
ACAAAGAAGGTAGGCC-1,0.000019,0.000019,0.000019,0.225761,0.159032,0.05528,0.166034,0.344496,0.04934
ACAAAGCATGACCTAG-1,0.000017,0.360375,0.259186,0.132204,0.013034,0.022289,0.119337,0.000017,0.093541
ACAAATCGCACCGAAT-1,0.000025,0.100489,0.002005,0.232793,0.026012,0.090243,0.057189,0.000025,0.491219
ACAAATGGTAGTGTTT-1,0.000024,0.046858,0.000024,0.113301,0.003075,0.000072,0.081448,0.323531,0.431666
ACAACAGCATGAGCTA-1,0.000021,0.074746,0.000028,0.477493,0.037147,0.064443,0.290364,0.000021,0.055737
ACAACGGTCCCTGCGA-1,0.058254,0.092451,0.000092,0.026977,0.070009,0.222774,0.235802,0.134247,0.159393
ACAAGCAGTGCCTAGC-1,0.000049,0.044765,0.000049,0.000098,0.000049,0.000147,0.000049,0.954695,0.000098
ACAAGCTATATGGAAG-1,0.000017,0.000157,0.000017,0.272493,0.183429,0.21862,0.23682,0.028946,0.059501
ACAAGGAAATCCGCCC-1,0.000024,0.060939,0.074943,0.118053,0.058679,0.006274,0.186715,0.000658,0.493714
ACAAGGACAAGAGGTT-1,0.000017,0.000017,0.000017,0.029149,0.078686,0.603733,0.006451,0.032175,0.249755
ACAAGGATGCTTTAGG-1,0.000045,0.105003,0.000045,0.000089,0.007043,0.000134,0.474713,0.004351,0.408578
ACAAGGGCAGGCTCTG-1,0.000021,0.03811,0.041192,0.430554,0.009589,0.12547,0.026904,0.052468,0.275691
ACAAGTAATTGTAAGG-1,0.024938,0.1719,0.000088,0.000176,0.175627,0.000397,0.561874,0.064825,0.000176
ACAATAGTCGTACGTT-1,0.000184,0.000184,0.154888,0.000368,0.000184,0.000552,0.843088,0.000184,0.000368
ACAATCCATTTAAACC-1,0.000016,0.000016,0.000016,0.000032,0.000016,0.675237,0.000016,0.015882,0.308769
ACAATGAATACGGAGA-1,0.000009,0.000009,0.000009,0.05503,0.000009,0.839482,0.000009,0.000009,0.105433
ACAATGATTCTTCTAC-1,0.00001,0.004802,0.00001,0.300094,0.128432,0.419629,0.00001,0.143319,0.003695
ACAATTGTGTCTCTTT-1,0.000032,0.390893,0.012908,0.000065,0.000032,0.000097,0.000032,0.436566,0.159372
ACAATTTAGGAGGCTC-1,0.000014,0.000014,0.000014,0.027007,0.187555,0.396392,0.000014,0.370239,0.01875
ACAATTTGAGCAGTGG-1,0.000019,0.030888,0.123558,0.098484,0.011542,0.096013,0.323442,0.114808,0.201246
ACAATTTGGCCATATT-1,0.001672,0.266243,0.000023,0.527404,0.004497,0.058621,0.14147,0.000023,0.000046
ACACAAAGACGGGTGG-1,0.000024,0.000024,0.000024,0.042304,0.411768,0.057393,0.1907,0.146167,0.151596
ACACAAATATTCCTAG-1,0.006203,0.055681,0.008893,0.361195,0.064249,0.186425,0.031675,0.285641,0.000036
ACACACCAGGACCAGT-1,0.000021,0.036091,0.028011,0.077017,0.035913,0.074871,0.129842,0.079823,0.538411
ACACACTTTCTACACG-1,0.041779,0.000065,0.000065,0.000131,0.071893,0.09623,0.247924,0.511516,0.030395
ACACATGATCAAATCT-1,0.000022,0.000022,0.000022,0.118129,0.388668,0.291864,0.104258,0.079606,0.017409
ACACATTTCCGTAGAC-1,0.000016,0.013005,0.000016,0.434115,0.000016,0.003875,0.177326,0.055588,0.316043
ACACCACATAATTAGC-1,0.000013,0.015954,0.052809,0.14552,0.016143,0.152985,0.312543,0.244281,0.059752
ACACCCAGCATGCAGC-1,0.000016,0.000016,0.039673,0.09986,0.000273,0.521855,0.000016,0.181245,0.157045
ACACCCGAGAAATCCG-1,0.008335,0.045175,0.000064,0.000127,0.088989,0.000191,0.346461,0.447631,0.063028
ACACCGAGCGCTCTTT-1,0.000019,0.000019,0.000019,0.028761,0.239926,0.648608,0.034919,0.016667,0.031061
ACACCGGTCTGACCGC-1,0.000021,0.010683,0.000021,0.000042,0.05991,0.37488,0.084353,0.340731,0.129357
ACACCTTAAGTAGGGC-1,0.000029,0.000029,0.000029,0.053782,0.020586,0.256559,0.000029,0.554925,0.114031
ACACCTTACTACTTGC-1,0.006533,0.070586,0.000022,0.087586,0.002877,0.014366,0.227514,0.230304,0.360211
ACACGAGACTCCTTCT-1,0.000029,0.000029,0.04757,0.081372,0.184798,0.052211,0.385934,0.000029,0.248029
ACACGGGAACTTAGGG-1,0.000046,0.000046,0.000046,0.131196,0.172624,0.015709,0.516401,0.014684,0.149248
ACACGTAGGCCACAAG-1,0.000026,0.566816,0.124873,0.000052,0.000026,0.000079,0.000026,0.266022,0.04208
ACACTCCAATGTCACT-1,0.999471,0.000044,0.000044,0.000088,0.000044,0.000132,0.000044,0.000044,0.000088
ACACTGATCAAGGTGT-1,0.000026,0.000026,0.000026,0.414369,0.021531,0.086326,0.100718,0.017982,0.358996
ACACTGGGACAGTCGT-1,0.000018,0.492899,0.154946,0.000036,0.000018,0.000054,0.000018,0.326912,0.025098
ACAGAACTGAGAACAA-1,0.000079,0.000079,0.000079,0.000157,0.000079,0.000236,0.638901,0.187727,0.172664
ACAGCGACATTCTCAT-1,0.000037,0.550787,0.020416,0.000074,0.000037,0.000111,0.003395,0.425071,0.000074
ACAGCGCACCCGCAGC-1,0.102906,0.098241,0.033822,0.111886,0.040073,0.245692,0.072163,0.11661,0.178608
ACAGGAGGCGCAGCCG-1,0.024293,0.087558,0.092759,0.134895,0.060287,0.345239,0.017669,0.164712,0.072588
ACAGGCACGGATCCTT-1,0.000013,0.067911,0.055738,0.0382,0.00132,0.226084,0.039348,0.107546,0.463839
ACAGGCTTGCCCGACT-1,0.000023,0.08084,0.018483,0.233158,0.218715,0.120242,0.039353,0.000023,0.289163
ACAGGTGGAGGTGAGG-1,0.000027,0.000027,0.143705,0.03814,0.011181,0.214386,0.086966,0.034101,0.471468
ACAGGTGTGTTGTTGC-1,0.000949,0.000014,0.006808,0.349536,0.103164,0.215819,0.145763,0.176454,0.001494
ACAGTAATACAACTTG-1,0.000027,0.000027,0.000027,0.000053,0.191947,0.038948,0.230811,0.395629,0.142532
ACAGTATACCGTGGGA-1,0.440503,0.024851,0.000055,0.058914,0.000055,0.000165,0.475292,0.000055,0.00011
ACATAAGTCGTGGTGA-1,0.000022,0.000022,0.000022,0.102564,0.253697,0.183685,0.082482,0.108403,0.269103
ACATAATAAGGCGGTG-1,0.000037,0.000037,0.036212,0.069238,0.135842,0.068914,0.204275,0.396071,0.089374
ACATACAATCAAGCGG-1,0.000036,0.120816,0.039863,0.204761,0.000036,0.024702,0.609677,0.000036,0.000073
ACATCAGCTGGGACGC-1,0.000013,0.000013,0.000013,0.039711,0.185148,0.755324,0.000013,0.00982,0.009945
ACATCCCGGCCATACG-1,0.000032,0.03614,0.011514,0.238591,0.000713,0.030929,0.20683,0.000032,0.475218
ACATCCTGGTAACTGT-1,0.000017,0.02202,0.039502,0.434245,0.002872,0.048794,0.116598,0.000017,0.335935
ACATCGATCGTTTACC-1,0.000018,0.000018,0.000018,0.558278,0.006673,0.051846,0.020417,0.000018,0.362713
ACATCGCAATATTCGG-1,0.03726,0.172305,0.000039,0.000077,0.000039,0.000116,0.116319,0.673768,0.000077
ACATCGGTCAGCCGCG-1,0.000035,0.000035,0.000035,0.000069,0.024212,0.069814,0.023183,0.198458,0.684159
ACATCGTATGCAATGG-1,0.000015,0.009728,0.048566,0.153642,0.000015,0.23836,0.006642,0.008104,0.534928
ACATGCTTACGGCAGC-1,0.000053,0.03225,0.000053,0.000106,0.000053,0.000159,0.404764,0.537826,0.024735
ACATGGCGCCAAAGTA-1,0.000011,0.000011,0.000011,0.764185,0.000011,0.018597,0.097449,0.000011,0.119713
ACATTAGTTTATATCC-1,0.000023,0.000023,0.012925,0.740726,0.000789,0.00621,0.066303,0.000023,0.172978
ACATTCGCGCGGAATA-1,0.000048,0.031839,0.000048,0.000096,0.000048,0.000144,0.487449,0.480233,0.000096
ACATTTGAAACCTAAC-1,0.007013,0.122232,0.396211,0.187886,0.007257,0.001296,0.207899,0.000019,0.070187
ACCAAACACCCAGCGA-1,0.043216,0.155304,0.000033,0.257222,0.081814,0.05663,0.401893,0.003823,0.000066
ACCAACACCACACACT-1,0.000009,0.000009,0.000009,0.096025,0.031216,0.59113,0.015909,0.200945,0.064749
ACCAACCGCACTCCAC-1,0.00469,0.124791,0.080592,0.571035,0.000012,0.006093,0.000012,0.000976,0.2118
ACCAACGCTTATTTAT-1,0.00003,0.012152,0.067214,0.053659,0.061726,0.066169,0.197738,0.070763,0.470548
ACCAAGAACGCGTGTC-1,0.000033,0.000033,0.011539,0.000067,0.333478,0.087099,0.108158,0.059857,0.399736
ACCAAGTCATCGGCAG-1,0.000025,0.569438,0.108007,0.000049,0.000025,0.000074,0.000025,0.322308,0.000049
ACCAATATGCAAGTTA-1,0.000023,0.010121,0.000023,0.279761,0.0124,0.145537,0.059233,0.000023,0.492879
ACCACAAGTTTCTATC-1,0.00003,0.00003,0.00003,0.166553,0.03736,0.183314,0.151662,0.00003,0.460992
ACCACACGGTTGATGG-1,0.000027,0.000027,0.000358,0.522327,0.000027,0.00008,0.418201,0.000027,0.058928
ACCACCAATGTAACAA-1,0.000006,0.000861,0.007861,0.56139,0.00016,0.127445,0.0099,0.003035,0.289341
ACCACCCTCTCTTCTA-1,0.235396,0.008601,0.000028,0.548401,0.007719,0.130998,0.068773,0.000028,0.000056
ACCACGTGCAGCTATA-1,0.000023,0.029318,0.062997,0.024115,0.048805,0.06974,0.012128,0.163214,0.58966
ACCACTGTTCAAGAAG-1,0.006101,0.060243,0.000046,0.000093,0.247784,0.080439,0.249914,0.354752,0.000628
ACCAGACCATAACAAC-1,0.000021,0.005876,0.000021,0.117085,0.485145,0.04937,0.222459,0.074622,0.045403
ACCAGTGCCCGGTCAA-1,0.000022,0.081571,0.000022,0.091263,0.292183,0.002728,0.228944,0.289762,0.013504
ACCAGTGCGGGAGACG-1,0.000035,0.093401,0.124355,0.00007,0.000035,0.000105,0.308615,0.273304,0.200081
ACCATATCCGCAATAA-1,0.000027,0.000027,0.000027,0.320867,0.000027,0.037682,0.415242,0.058084,0.168018
ACCATCCGCCAACTAG-1,0.000013,0.000013,0.035708,0.070132,0.253312,0.543998,0.002392,0.03973,0.054703
ACCATCGTATATGGTA-1,0.000022,0.000022,0.000022,0.08594,0.000137,0.412154,0.000022,0.000022,0.50166
ACCATTAAGGGTGTCA-1,0.002078,0.000044,0.000044,0.000088,0.550435,0.000132,0.296414,0.080701,0.070064
ACCCAACGCCCGTGGC-1,0.000008,0.001242,0.000008,0.515998,0.000008,0.051127,0.012727,0.243306,0.175576
ACCCACCTACATGCTC-1,0.527185,0.035111,0.000053,0.123593,0.000053,0.20861,0.056838,0.000053,0.048503
ACCCATCTTGAGGGTA-1,0.000022,0.000022,0.000022,0.000044,0.000022,0.222944,0.000022,0.287504,0.489399
ACCCATTTGTCCCTCT-1,0.005026,0.403196,0.162957,0.045418,0.00002,0.010292,0.00002,0.17872,0.194352
ACCCGAGCGAAATTAC-1,0.000023,0.000023,0.000023,0.132929,0.170677,0.325234,0.099283,0.030755,0.241053
ACCCGATTGGTTCCGA-1,0.000016,0.000016,0.000016,0.010297,0.000016,0.424476,0.000016,0.079763,0.485382
ACCCGGAAACTCCCAG-1,0.000041,0.203557,0.000041,0.154191,0.000041,0.000124,0.492814,0.000041,0.149149
ACCCGGAGCACCACAA-1,0.009118,0.990501,0.000035,0.000069,0.000035,0.000104,0.000035,0.000035,0.000069
ACCCGGATGACGCATC-1,0.000026,0.056362,0.002083,0.000052,0.000026,0.000078,0.258463,0.495234,0.187677
ACCCGGTTACACTTCC-1,0.000035,0.000035,0.099045,0.00007,0.000035,0.000106,0.206719,0.28427,0.409684
ACCCGTAGCAGAGAAT-1,0.000012,0.000012,0.00137,0.191131,0.227261,0.416302,0.11783,0.002476,0.043606
ACCCGTAGTCTAGTTG-1,0.078359,0.786541,0.000079,0.025967,0.000079,0.000236,0.108503,0.000079,0.000157
ACCCGTGTCATCAGTA-1,0.000035,0.061168,0.000035,0.098033,0.005218,0.008469,0.205698,0.101873,0.51947
ACCCTATGCCATATCG-1,0.000022,0.000022,0.000022,0.127141,0.000022,0.069483,0.000022,0.542567,0.260697
ACCCTCCCGTCAGGGC-1,0.005078,0.214095,0.128045,0.243584,0.000378,0.12289,0.005722,0.074549,0.205658
ACCCTCCCTTGCTATT-1,0.002387,0.083572,0.094572,0.347897,0.008778,0.02327,0.061753,0.003761,0.374009
ACCCTGGTAACGCCCT-1,0.000011,0.000136,0.001255,0.397643,0.039792,0.453392,0.000011,0.106042,0.001717
ACCCTTCATCTGCGAA-1,0.435553,0.00005,0.00005,0.104752,0.069961,0.00015,0.178695,0.210689,0.0001
ACCCTTGCCTGGGTCG-1,0.000033,0.007785,0.000033,0.000065,0.094332,0.000098,0.569427,0.328161,0.000065
ACCGAAGAGTCTGGTT-1,0.000017,0.000017,0.056469,0.089245,0.236691,0.336905,0.024829,0.130304,0.125523
ACCGACACATCTCCCA-1,0.00003,0.065149,0.0115,0.225352,0.000973,0.008937,0.273506,0.118,0.296552
ACCGACTGAGTCCCAC-1,0.00003,0.00003,0.00003,0.462771,0.006088,0.026738,0.190883,0.00003,0.313401
ACCGAGTCTCCTTATT-1,0.000018,0.051721,0.007312,0.533851,0.009354,0.005444,0.144534,0.036767,0.210999
ACCGATAGGCATAACC-1,0.000019,0.853893,0.040133,0.000039,0.000019,0.000058,0.000019,0.105782,0.000039
ACCGATATTTAATCAT-1,0.000034,0.760504,0.004661,0.232232,0.000034,0.002401,0.000034,0.000034,0.000067
ACCGATGGTAGCATCG-1,0.000018,0.039201,0.107467,0.312771,0.028586,0.02323,0.257737,0.000018,0.23097
ACCGCAATAACTGCCT-1,0.000012,0.010171,0.070634,0.599862,0.000926,0.132855,0.000012,0.000012,0.185518
ACCGCGGTGGAAGTCG-1,0.000017,0.036661,0.038816,0.448894,0.004213,0.060108,0.166354,0.000017,0.244921
ACCGCTAGTCATTGGT-1,0.000909,0.00002,0.006322,0.164071,0.039681,0.427574,0.023888,0.136557,0.200977
ACCGGGCCTTTGTTGA-1,0.000022,0.089021,0.002089,0.081176,0.020564,0.050326,0.151101,0.088433,0.517269
ACCGGTCAGGTACACC-1,0.000013,0.000013,0.00901,0.160012,0.001206,0.693543,0.002329,0.000013,0.133861
ACCGTCCACTGGGCCC-1,0.000021,0.000021,0.000021,0.060044,0.453703,0.02869,0.296478,0.025199,0.135821
ACCGTGACCACGTGGG-1,0.001251,0.000491,0.097557,0.154256,0.028676,0.431143,0.000012,0.034443,0.25217
ACCTAAGTACCTTTCA-1,0.000029,0.000029,0.000029,0.045146,0.004954,0.420019,0.000029,0.000029,0.529735
ACCTAATCGACTTCCT-1,0.000037,0.000037,0.000037,0.000073,0.032996,0.149158,0.000037,0.813018,0.004609
ACCTACAGTATGTGGT-1,0.000017,0.027099,0.027769,0.486898,0.005019,0.11152,0.127579,0.000017,0.214081
ACCTACTATAAATCTA-1,0.008858,0.004908,0.495668,0.000032,0.000016,0.000048,0.177648,0.254147,0.058675
ACCTCAGCGAGGCGCA-1,0.000023,0.106176,0.049007,0.100272,0.000023,0.061508,0.470248,0.011786,0.200956
ACCTCCGCCCTCGCTG-1,0.005354,0.640291,0.289861,0.000114,0.000057,0.000171,0.000057,0.000057,0.064039
ACCTCCGTTATTCACC-1,0.000013,0.01299,0.006654,0.334528,0.002687,0.052846,0.100473,0.168029,0.321779
ACCTCGAACTTATGCT-1,0.017248,0.000023,0.000023,0.09137,0.095241,0.466177,0.020915,0.233984,0.075019
ACCTGCGTGTCATGTT-1,0.004374,0.004205,0.436652,0.000109,0.033109,0.000163,0.257836,0.263444,0.000109
ACGAAATGGGCGGCAC-1,0.000083,0.076706,0.000083,0.000167,0.073285,0.00025,0.657321,0.149751,0.042352
ACGACCCATGAGTTGC-1,0.00004,0.999522,0.00004,0.00008,0.00004,0.000119,0.00004,0.00004,0.00008
ACGACTCTAGGGCCGA-1,0.000011,0.043001,0.025588,0.545807,0.000771,0.039326,0.026883,0.021682,0.29693
ACGACTGGTCATACTC-1,0.000014,0.000014,0.182068,0.048125,0.075155,0.268493,0.003013,0.150927,0.272192
ACGAGGATACCACTCT-1,0.000085,0.042258,0.000085,0.000169,0.000085,0.000254,0.804403,0.113918,0.038745
ACGAGGTTTACAACGT-1,0.000017,0.000017,0.01944,0.012095,0.048881,0.590596,0.055832,0.054982,0.218141
ACGAGTACGGATGCCC-1,0.000015,0.003469,0.003666,0.679459,0.023144,0.086621,0.077374,0.014493,0.111757
ACGATACATAGAACTA-1,0.000022,0.012701,0.000022,0.104552,0.04409,0.115475,0.059158,0.242969,0.421011
ACGATACCTATCCTGA-1,0.000011,0.005788,0.008063,0.339341,0.084985,0.496125,0.01534,0.000316,0.050031
ACGATCATACATAGAG-1,0.000028,0.000028,0.000028,0.174606,0.04108,0.075037,0.077365,0.440867,0.190963
ACGATCATCTTGTAAA-1,0.00005,0.00537,0.066423,0.050437,0.024273,0.001583,0.851495,0.00005,0.000318
ACGATGCATATGTTAT-1,0.00003,0.026833,0.002602,0.047547,0.00003,0.058235,0.035403,0.273799,0.555523
ACGATGGATCCGATGC-1,0.056247,0.013808,0.076877,0.059296,0.049618,0.319161,0.088332,0.219748,0.116913
ACGCAAACTAATAGAT-1,0.006495,0.000043,0.000103,0.03362,0.000043,0.00013,0.576583,0.248824,0.134158
ACGCAATCACTACAGC-1,0.000034,0.000034,0.000034,0.065661,0.124578,0.057948,0.292089,0.205436,0.254184
ACGCATACGTTTACTA-1,0.000033,0.273652,0.306527,0.000066,0.000033,0.055225,0.000033,0.154108,0.210323
