Barcode,Topic 1,Topic 2,Topic 3,Topic 4,Topic 5,Topic 6,Topic 7,Topic 8,Topic 9,Topic 10
AAACAACGAATAGTTC-1,0.101456,0.243665,0.026299,0.12121,0.103445,0.078098,0.009192,0.030179,0.211455,0.075001
AAACAAGTATCTCCCA-1,0.000009,0.000009,0.000689,0.000364,0.429387,0.050228,0.000009,0.155411,0.044959,0.318935
AAACACCAATAACTGC-1,0.103584,0.083355,0.1087,0.031445,0.121599,0.156626,0.141833,0.14419,0.025691,0.082976
AAACAGAGCGACTCCT-1,0.252697,0.030687,0.00946,0.014849,0.467989,0.000026,0.000847,0.033532,0.175544,0.014369
AAACAGCTTTCAGAAG-1,0.000828,0.065927,0.065028,0.003043,0.037357,0.032961,0.07114,0.535351,0.077298,0.111068
AAACAGGGTCTATATT-1,0.035152,0.004953,0.04963,0.518962,0.056472,0.008198,0.026785,0.210763,0.075565,0.013519
AAACAGTGTTCCTGGG-1,0.000019,0.188593,0.000019,0.16827,0.001674,0.210379,0.352895,0.000019,0.000019,0.078115
AAACATGGTGAGAGGA-1,0.000589,0.000018,0.090131,0.199985,0.137248,0.114176,0.016357,0.364648,0.005756,0.071093
AAACATTTCCCGGATT-1,0.111984,0.018208,0.146895,0.092832,0.118397,0.373441,0.048306,0.061782,0.017319,0.010837
AAACCACTACACAGAT-1,0.104352,0.000027,0.059256,0.000027,0.057984,0.213744,0.281881,0.034324,0.238403,0.010004
AAACCCGAACGAAATC-1,0.19924,0.01023,0.559284,0.035148,0.000029,0.005692,0.000029,0.158325,0.024941,0.007082
AAACCGGAAATGTTAA-1,0.21074,0.097972,0.558525,0.000037,0.000037,0.009372,0.001946,0.09418,0.000042,0.02715
AAACCGGGTAGGTACC-1,0.599761,0.010154,0.293684,0.000053,0.000053,0.000053,0.007305,0.088828,0.000053,0.000053
AAACCGTTCGTCCAGG-1,0.361177,0.000033,0.069647,0.004826,0.028363,0.004267,0.027341,0.1903,0.01414,0.299906
AAACCTAAGCAGCCGG-1,0.239364,0.391318,0.0018,0.000032,0.006534,0.001719,0.184348,0.103543,0.005811,0.065529
AAACCTCATGAAGTTG-1,0.13194,0.098636,0.038079,0.108812,0.168856,0.01192,0.077243,0.116584,0.174669,0.073261
AAACGAAGAACATACC-1,0.032936,0.966321,0.000093,0.000093,0.000093,0.000093,0.000093,0.000093,0.000093,0.000093
AAACGAAGATGGAGTA-1,0.013627,0.000013,0.043693,0.008224,0.360308,0.079622,0.005063,0.202766,0.073888,0.212796
AAACGACAGTCTTGCC-1,0.215289,0.007997,0.200965,0.248669,0.000024,0.036243,0.231881,0.000051,0.058856,0.000024
AAACGAGACGGTTGAT-1,0.308214,0.005219,0.02093,0.000031,0.117583,0.000031,0.001053,0.30303,0.205253,0.038656
AAACGCCCGAGATCGG-1,0.179759,0.000033,0.130793,0.006809,0.005971,0.344494,0.26882,0.000971,0.040299,0.022052
AAACGCTGGGCACGAC-1,0.089631,0.127443,0.524083,0.000031,0.016578,0.001705,0.039846,0.145222,0.00334,0.05212
AAACGGGCGTACGGGT-1,0.050698,0.001296,0.030374,0.000015,0.295901,0.06712,0.043674,0.19681,0.031378,0.282736
AAACGGGTTGGTATCC-1,0.352908,0.638943,0.000085,0.000085,0.000085,0.000085,0.000085,0.000085,0.007555,0.000085
AAACGGTTGCGAACTG-1,0.07827,0.301312,0.042491,0.479427,0.000059,0.004425,0.000059,0.000943,0.043042,0.049972
AAACGTGTTCGCCCTA-1,0.088899,0.131595,0.545858,0.034411,0.004223,0.085293,0.109638,0.000028,0.000028,0.000028
AAACTAACGTGGCGAC-1,0.517925,0.023039,0.356127,0.000041,0.050843,0.001137,0.044853,0.005955,0.000041,0.000041
AAACTCGGTTCGCAAT-1,0.126845,0.050003,0.027142,0.795641,0.000061,0.000061,0.000061,0.000061,0.000061,0.000061
AAACTCGTGATATAAG-1,0.355508,0.06148,0.037201,0.011473,0.263631,0.082201,0.00262,0.013635,0.161743,0.010508
AAACTGCTGGCTCCAA-1,0.240207,0.43898,0.000028,0.206321,0.000028,0.000028,0.005288,0.000028,0.097655,0.011434
AAACTTAATTGCACGC-1,0.031507,0.000016,0.121399,0.013362,0.21037,0.141655,0.162867,0.190258,0.038416,0.09015
AAACTTGCAAACGTAT-1,0.351096,0.008309,0.073143,0.000028,0.159796,0.000999,0.109965,0.146801,0.128229,0.021633
AAAGAATGACCTTAGA-1,0.000009,0.014238,0.004275,0.028294,0.337496,0.197438,0.283166,0.01729,0.027997,0.089797
AAAGAATGTGGACTAA-1,0.000016,0.002686,0.114336,0.18503,0.086039,0.576409,0.004519,0.020253,0.001745,0.008967
AAAGACATGAAGTTTA-1,0.003372,0.484382,0.270448,0.019737,0.000074,0.21895,0.002816,0.000074,0.000074,0.000074
AAAGACCCAAGTCGCG-1,0.172463,0.164717,0.000055,0.071261,0.000055,0.000055,0.000055,0.030748,0.353139,0.207454
AAAGACTGGGCGCTTT-1,0.00162,0.000021,0.008256,0.039741,0.421039,0.022207,0.002492,0.138978,0.072332,0.293315
AAAGCTTGCCTACATA-1,0.463949,0.000037,0.531331,0.000037,0.000037,0.000037,0.000037,0.004461,0.000037,0.000037
AAAGGCCCTATAATAC-1,0.125255,0.006136,0.13339,0.00002,0.405046,0.109162,0.09861,0.048645,0.028527,0.045209
AAAGGCTACGGACCAT-1,0.611943,0.347996,0.039582,0.000068,0.000068,0.000068,0.000068,0.000068,0.000068,0.000068
AAAGGCTCTCGCGCCG-1,0.11657,0.397708,0.043875,0.000069,0.000069,0.000069,0.000069,0.24414,0.026711,0.170722
AAAGGGATGTAGCAAG-1,0.705834,0.012696,0.012026,0.000058,0.000058,0.000058,0.000058,0.172373,0.080158,0.016679
AAAGGGCAGCTTGAAT-1,0.039117,0.000018,0.000018,0.10149,0.181471,0.002972,0.001692,0.07748,0.266981,0.328761
AAAGGTAAGCTGTACC-1,0.444718,0.000047,0.215124,0.021727,0.107047,0.049852,0.015847,0.078745,0.066847,0.000047
AAAGGTCAACGACATG-1,0.515571,0.068837,0.063801,0.000032,0.00765,0.154603,0.151654,0.0023,0.007304,0.028248
AAAGTAGCATTGCTCA-1,0.120673,0.000451,0.103333,0.111297,0.126377,0.001354,0.001271,0.348082,0.012279,0.174884
AAAGTCACTGATGTAA-1,0.357742,0.141037,0.000101,0.167476,0.010909,0.000101,0.000101,0.000101,0.264715,0.057716
AAAGTCGACCCTCAGT-1,0.127631,0.027335,0.136945,0.000044,0.121485,0.012869,0.241979,0.241065,0.022852,0.067794
AAAGTGCCATCAATTA-1,0.000016,0.02357,0.197572,0.59268,0.047047,0.066398,0.000016,0.002826,0.000016,0.069857
AAAGTGTGATTTATCT-1,0.005056,0.103806,0.12764,0.00004,0.081667,0.032617,0.023391,0.293101,0.06477,0.267912
AAAGTTGACTCCCGTA-1,0.003096,0.000019,0.015804,0.000019,0.32266,0.01612,0.000019,0.252312,0.108367,0.281585
AAATAACCATACGGGA-1,0.196563,0.000029,0.006708,0.06914,0.066564,0.000029,0.000029,0.23701,0.180258,0.243671
AAATAAGGTAGTGCCC-1,0.043812,0.000024,0.213498,0.541056,0.042655,0.052719,0.000024,0.093901,0.001166,0.011146
AAATACCTATAAGCAT-1,0.039462,0.015916,0.000013,0.000013,0.043675,0.034995,0.013506,0.002734,0.285814,0.563872
AAATAGCTTAGACTTT-1,0.099158,0.43855,0.071691,0.032382,0.012617,0.004858,0.003982,0.228174,0.07856,0.030028
AAATAGGGTGCTATTG-1,0.052519,0.096814,0.000017,0.000017,0.405047,0.001828,0.035608,0.015502,0.024737,0.367913
AAATCACTCCTAAACG-1,0.12993,0.283499,0.002292,0.517116,0.000022,0.015688,0.050991,0.000022,0.000418,0.000022
AAATCCGATACACGCC-1,0.066335,0.177413,0.024922,0.026051,0.174283,0.03496,0.143428,0.026665,0.038118,0.287825
AAATCGCGGAAGGAGT-1,0.036191,0.036438,0.133248,0.102246,0.029765,0.233981,0.019543,0.253853,0.108276,0.046458
AAATCGTGTACCACAA-1,0.01239,0.925261,0.000078,0.061803,0.000078,0.000078,0.000078,0.000078,0.000078,0.000078
AAATCTAGCCCTGCTA-1,0.010479,0.005088,0.008981,0.065715,0.16195,0.09346,0.008787,0.246619,0.168884,0.230037
AAATCTGCCCGCGTCC-1,0.030474,0.000038,0.369105,0.000038,0.070616,0.006232,0.243812,0.267354,0.000673,0.011657
AAATGACTGATCAAAC-1,0.000035,0.380399,0.000035,0.619321,0.000035,0.000035,0.000035,0.000035,0.000035,0.000035
AAATGATTCGATCAGC-1,0.227209,0.107013,0.329377,0.057651,0.000045,0.000045,0.027501,0.148011,0.103102,0.000045
AAATGCTCGTTACGTT-1,0.283548,0.211601,0.000042,0.014202,0.000042,0.000834,0.018663,0.001776,0.42576,0.043531
AAATGGCATGTCTTGT-1,0.280532,0.01712,0.000042,0.058319,0.000042,0.00021,0.000091,0.006239,0.121346,0.516059
AAATGGCCCGTGCCCT-1,0.000007,0.000007,0.000007,0.012434,0.734354,0.000007,0.000007,0.011326,0.06714,0.17471
AAATGGTCAATGTGCC-1,0.335972,0.288223,0.280827,0.000197,0.000197,0.000197,0.000197,0.0885,0.000197,0.005496
AAATGTATCTTATCCC-1,0.000035,0.020278,0.030264,0.020414,0.150256,0.155849,0.272745,0.234908,0.064432,0.05082
AAATTAACGGGTAGCT-1,0.75997,0.239361,0.000084,0.000084,0.000084,0.000084,0.000084,0.000084,0.000084,0.000084
AAATTAATAAGCGCGA-1,0.00001,0.0028,0.00001,0.02362,0.160373,0.067043,0.007645,0.147879,0.103614,0.487006
AAATTACACGACTCTG-1,0.543016,0.197036,0.000053,0.000053,0.094837,0.000053,0.08929,0.022956,0.017418,0.035286
AAATTACCTATCGATG-1,0.596538,0.175221,0.045827,0.000049,0.000049,0.000049,0.000049,0.106119,0.076047,0.000049
AAATTCCAGGTCCAAA-1,0.296142,0.159536,0.310822,0.165763,0.000029,0.000029,0.000029,0.067592,0.000029,0.000029
AAATTGATAGTCCTTT-1,0.245209,0.082364,0.041771,0.000035,0.003399,0.020843,0.474825,0.056206,0.061261,0.014087
AAATTGCGGCGGTTCT-1,0.415732,0.583274,0.000124,0.000124,0.000124,0.000124,0.000124,0.000124,0.000124,0.000124
AAATTGGTGAGAAGCA-1,0.094052,0.097223,0.166848,0.154193,0.00482,0.368723,0.047956,0.001466,0.0647,0.00002
AAATTTACCGAAATCC-1,0.191084,0.000022,0.012923,0.012936,0.018182,0.288992,0.015512,0.00982,0.033648,0.416881
AAATTTGCGGGTGTGG-1,0.276435,0.253296,0.128122,0.000055,0.000055,0.000055,0.025582,0.313818,0.000055,0.002526
AACAACTGGTAGTTGC-1,0.598282,0.095116,0.000059,0.000059,0.000059,0.034985,0.000059,0.045219,0.035747,0.190416
AACAATACATTGTCGA-1,0.377204,0.170791,0.031884,0.000035,0.000035,0.000035,0.237272,0.106601,0.03917,0.036975
AACAATTACTCTACGC-1,0.458068,0.000045,0.026263,0.208113,0.000045,0.000045,0.000045,0.177569,0.004662,0.125146
AACACACGCTCGCCGC-1,0.045755,0.029491,0.121408,0.021093,0.002622,0.11496,0.28879,0.102645,0.234884,0.038351
AACACGACTGTACTGA-1,0.896093,0.08757,0.000134,0.000134,0.000134,0.000134,0.000134,0.015397,0.000134,0.000134
AACACGAGACGCGGCC-1,0.232789,0.00005,0.256502,0.014686,0.00005,0.00005,0.00005,0.460057,0.017688,0.018079
AACACGCGGCCGCGAA-1,0.029935,0.569773,0.042473,0.326425,0.000163,0.000163,0.000163,0.000163,0.030575,0.000163
AACAGCTGTGTGGCAA-1,0.412259,0.167895,0.057452,0.000047,0.007506,0.000933,0.132895,0.141078,0.005608,0.074326
AACAGGAAATCGAATA-1,0.76219,0.000073,0.014611,0.110804,0.000073,0.000073,0.000073,0.10685,0.005179,0.000073
AACAGGATGGGCCGCG-1,0.237164,0.025344,0.000029,0.000029,0.020767,0.000082,0.008401,0.074112,0.064659,0.569412
AACAGGTAGTATGGAT-1,0.035582,0.000014,0.190789,0.000014,0.242895,0.184294,0.005307,0.174428,0.062387,0.104291
AACATAGCGTGTATCG-1,0.118755,0.211182,0.307548,0.130479,0.000041,0.00271,0.052568,0.112822,0.000041,0.063854
AACATATCAACTGGTG-1,0.541845,0.010084,0.269896,0.00006,0.00006,0.00006,0.00006,0.174696,0.003178,0.00006
AACATCGATACGTCTA-1,0.220621,0.007159,0.18073,0.305355,0.127929,0.00099,0.00003,0.153445,0.003712,0.00003
AACATTGAAGTTGATC-1,0.076433,0.010839,0.062703,0.000019,0.304501,0.109085,0.070085,0.060189,0.036605,0.269542
AACATTGGTCAGCCGT-1,0.551891,0.396799,0.050385,0.000132,0.000132,0.000132,0.000132,0.000132,0.000132,0.000132
AACATTGTGACTCGAG-1,0.031259,0.958886,0.000042,0.000042,0.000042,0.000042,0.005906,0.000042,0.003694,0.000042
AACCAAGACTTCTCTG-1,0.379344,0.092425,0.055686,0.00004,0.149432,0.017831,0.139336,0.107628,0.012931,0.045348
AACCAGTATCACTCTT-1,0.048921,0.169748,0.000016,0.049754,0.039806,0.065458,0.074068,0.000016,0.100632,0.451581
AACCATAGGGTTGAAC-1,0.072138,0.000016,0.062476,0.213689,0.169889,0.01613,0.010081,0.302327,0.073069,0.080185
AACCATGGGATCGCTA-1,0.793911,0.164726,0.000073,0.000073,0.000073,0.000073,0.017619,0.000073,0.000073,0.023303
AACCCAGAGACGGAGA-1,0.292827,0.70631,0.000108,0.000108,0.000108,0.000108,0.000108,0.000108,0.000108,0.000108
AACCCATCCCATGATC-1,0.11581,0.092662,0.061769,0.000021,0.337418,0.014555,0.074569,0.171525,0.105469,0.026204
AACCCGACAACCCGTG-1,0.072381,0.215704,0.032523,0.103079,0.01082,0.244258,0.187617,0.002672,0.122875,0.008071
AACCCGAGCAGAATCG-1,0.005826,0.02846,0.138158,0.040338,0.005602,0.038538,0.1944,0.010224,0.538439,0.000015
AACCCGATAGGGCTTC-1,0.473468,0.000056,0.368081,0.000056,0.000056,0.000056,0.073582,0.078835,0.005755,0.000056
AACCCGCTGTATTCCA-1,0.214034,0.220011,0.000957,0.099615,0.009235,0.009243,0.001384,0.026638,0.297968,0.120917
AACCCTACTGTCAATA-1,0.00437,0.000013,0.004611,0.047684,0.135235,0.122142,0.000013,0.269072,0.221368,0.195489
AACCCTGGTGGAACCA-1,0.588234,0.039747,0.000044,0.000044,0.000044,0.015888,0.000141,0.018639,0.070458,0.266761
AACCGAGCTTGGTCAT-1,0.188936,0.002183,0.012702,0.02745,0.123618,0.012999,0.011394,0.106125,0.050506,0.464086
AACCGCTAAGGGATGC-1,0.006114,0.040567,0.017273,0.002662,0.112222,0.142317,0.010907,0.138302,0.330442,0.199195
AACCGTTGTGTTTGCT-1,0.694426,0.163955,0.000087,0.046605,0.000087,0.000087,0.000087,0.00164,0.041172,0.051854
AACCTCGCTTTAGCCC-1,0.012034,0.000015,0.007619,0.000015,0.160346,0.034341,0.032081,0.038427,0.016726,0.698396
AACCTGTCACGGAATT-1,0.385135,0.000053,0.508526,0.098158,0.000053,0.000053,0.000053,0.007861,0.000053,0.000053
AACCTTTAAATACGGT-1,0.274289,0.136821,0.00002,0.00002,0.00002,0.098092,0.022983,0.004901,0.270493,0.192363
AACCTTTACGACGTCT-1,0.3334,0.07193,0.000037,0.024283,0.085674,0.020408,0.008788,0.02072,0.369601,0.065159
AACGAAAGTCGTCCCA-1,0.004593,0.143355,0.00762,0.032074,0.137535,0.285949,0.075944,0.066053,0.135964,0.110913
AACGACCTCCTAGCCG-1,0.000038,0.059814,0.4561,0.009637,0.092192,0.102913,0.058957,0.151443,0.000038,0.068869
AACGATAATGCCGTAG-1,0.290384,0.014949,0.014978,0.142673,0.000029,0.078245,0.046127,0.016625,0.387025,0.008965
AACGATAGAAGGGCCG-1,0.029847,0.713053,0.000167,0.255934,0.000167,0.000167,0.000167,0.000167,0.000167,0.000167
AACGATATGTCAACTG-1,0.752257,0.048835,0.012645,0.000061,0.000061,0.000061,0.000061,0.181585,0.004374,0.000061
AACGCATGATCTGGGT-1,0.006923,0.000028,0.106284,0.48375,0.01938,0.023253,0.115307,0.037187,0.20786,0.000028
AACGCGAACGGCAACA-1,0.398703,0.449759,0.000057,0.000057,0.000057,0.000057,0.000057,0.000057,0.073072,0.07812
AACGCGACCTTGGGCG-1,0.007807,0.492348,0.000031,0.000031,0.000031,0.124775,0.061207,0.000031,0.309701,0.004037
AACGCGGTCTCCAGCC-1,0.49391,0.169381,0.028319,0.137133,0.000088,0.002798,0.068474,0.078088,0.000088,0.021722
AACGCTGTTGCTGAAA-1,0.115904,0.033205,0.014317,0.024626,0.010324,0.087778,0.037349,0.382061,0.167261,0.127174
AACGGACGTACGTATA-1,0.213791,0.028431,0.086397,0.022536,0.054636,0.041766,0.009564,0.418994,0.047827,0.076057
AACGGCCATCTCCGGT-1,0.162886,0.027935,0.016788,0.000025,0.090944,0.01217,0.166212,0.084562,0.012012,0.426466
AACGTACTGTGGGTAC-1,0.234845,0.000033,0.000675,0.000033,0.034949,0.028492,0.380349,0.048133,0.141364,0.131127
AACGTCAGACTAGTGG-1,0.793955,0.103934,0.000068,0.000068,0.000068,0.000068,0.000068,0.010466,0.032199,0.059107
AACGTCATCCGGCTTG-1,0.000113,0.228772,0.067308,0.703126,0.000113,0.000113,0.000113,0.000113,0.000113,0.000113
AACGTCGCTGCACTTC-1,0.025963,0.093044,0.387211,0.000035,0.006402,0.029479,0.138307,0.278744,0.007711,0.033104
AACGTGATGAAGGACA-1,0.165379,0.000031,0.000071,0.173779,0.025865,0.018069,0.000031,0.055344,0.021806,0.539626
AACGTGCGAAAGTCTC-1,0.21832,0.152159,0.009171,0.096253,0.000038,0.009301,0.000038,0.187173,0.007026,0.320522
AACGTTATCAGCACCT-1,0.14681,0.066837,0.000041,0.000041,0.173543,0.000041,0.007695,0.343851,0.154289,0.106852
AACGTTCTACCATTGT-1,0.001216,0.049837,0.393988,0.240587,0.045901,0.0384,0.003637,0.169701,0.00004,0.056694
AACTACCCGTTTGTCA-1,0.10829,0.000023,0.330267,0.000023,0.144485,0.1759,0.013002,0.101074,0.069216,0.057721
AACTAGGCTTGGGTGT-1,0.494067,0.46826,0.03712,0.000079,0.000079,0.000079,0.000079,0.000079,0.000079,0.000079
AACTCAAGTTAATTGC-1,0.433553,0.280336,0.00307,0.021397,0.00004,0.00004,0.00004,0.16528,0.024529,0.071716
AACTCCAGAGCGTGTT-1,0.087521,0.002798,0.006504,0.031883,0.17523,0.10531,0.0057,0.024111,0.125423,0.43552
AACTCCTAATCCCATG-1,0.267697,0.015319,0.035144,0.000998,0.368222,0.000027,0.003829,0.057898,0.193755,0.057111
AACTCGATAAACACGT-1,0.488807,0.385514,0.109712,0.000103,0.000103,0.000103,0.000103,0.01535,0.000103,0.000103
AACTCGATGGCGCAGT-1,0.22599,0.000035,0.000035,0.041219,0.000035,0.008345,0.000035,0.006056,0.107375,0.610878
AACTCTCAATAGAGCG-1,0.285184,0.178787,0.016944,0.000053,0.000053,0.000053,0.016832,0.482107,0.019934,0.000053
AACTCTCAGTGTGCTC-1,0.321188,0.00905,0.079375,0.002111,0.016349,0.049449,0.093879,0.10602,0.0586,0.263979
AACTGAGGTCAGCGTC-1,0.234565,0.012465,0.036561,0.503089,0.211693,0.000033,0.000033,0.001497,0.000033,0.000033
AACTGAGTTATACTGA-1,0.087179,0.125544,0.786798,0.000068,0.000068,0.000068,0.000068,0.000068,0.000068,0.000068
AACTGATATTAGGCCT-1,0.562723,0.000077,0.016518,0.08854,0.000077,0.000077,0.000077,0.22681,0.000077,0.105025
AACTGGGTCCCGACGT-1,0.852913,0.002322,0.000414,0.034803,0.00006,0.00006,0.00006,0.061581,0.03596,0.011826
AACTGGGTTCGAGCCG-1,0.148269,0.002366,0.009243,0.131028,0.000021,0.489398,0.012127,0.000021,0.021371,0.186157
AACTGGTGTGGGCCTT-1,0.065903,0.471612,0.000229,0.341428,0.000229,0.000229,0.000229,0.11968,0.000229,0.000229
AACTTCTGCGTCTATC-1,0.67681,0.152584,0.015898,0.000094,0.000094,0.000094,0.048808,0.104913,0.00061,0.000094
AACTTGCCCGTATGCA-1,0.074688,0.00198,0.000025,0.000025,0.11793,0.014073,0.06143,0.040387,0.180132,0.50933
AACTTGCGTTCTCGCG-1,0.82622,0.068481,0.000045,0.000045,0.000045,0.000045,0.000045,0.016378,0.026778,0.061919
AACTTTACGGGAGCTT-1,0.354892,0.045586,0.072038,0.000084,0.000084,0.000084,0.000084,0.525598,0.000084,0.001465
AACTTTCTCGATCATG-1,0.264862,0.00004,0.63604,0.00004,0.034185,0.038783,0.012511,0.013459,0.00004,0.00004
AAGAAAGTTTGATGGG-1,0.000024,0.000024,0.063261,0.632062,0.18467,0.03691,0.034526,0.02853,0.000544,0.01945
AAGAAATCACCAGATT-1,0.108801,0.103097,0.477395,0.010203,0.011941,0.003397,0.25951,0.000035,0.025586,0.000035
AAGAAGGATCAGTTAG-1,0.155783,0.006907,0.000027,0.000027,0.010965,0.000057,0.000121,0.014506,0.306416,0.505192
AAGACATACGTGGTTT-1,0.000013,0.109589,0.011661,0.252736,0.113229,0.372232,0.137561,0.000229,0.002333,0.000417
AAGACCAAATAACTCA-1,0.056707,0.001447,0.204076,0.031499,0.257635,0.068482,0.007673,0.246765,0.061229,0.064487
AAGACCCAACTGAACA-1,0.442772,0.55668,0.000069,0.000069,0.000069,0.000069,0.000069,0.000069,0.000069,0.000069
AAGACTAACCCGTTGT-1,0.12683,0.872494,0.000084,0.000084,0.000084,0.000084,0.000084,0.000084,0.000084,0.000084
AAGACTCACGCCCACT-1,0.049796,0.056448,0.061657,0.053135,0.006274,0.504091,0.020878,0.000024,0.004964,0.242733
AAGACTGCAAGCTACT-1,0.829874,0.017563,0.005817,0.000059,0.000059,0.000059,0.000059,0.060142,0.086307,0.000059
AAGAGATGAATCGGTA-1,0.639446,0.037616,0.000042,0.000042,0.089069,0.000042,0.032275,0.038133,0.134488,0.028849
AAGAGCTCTTTATCGG-1,0.145563,0.096366,0.000033,0.000033,0.058126,0.003175,0.017642,0.120975,0.203468,0.35462
AAGAGGATGTACGCGA-1,0.455963,0.000067,0.241151,0.000067,0.002187,0.000067,0.000067,0.281668,0.000067,0.018695
AAGAGGCATGGATCGC-1,0.268508,0.010417,0.026508,0.000041,0.080544,0.000041,0.017692,0.431243,0.047608,0.117398
AAGAGGCCCTTTGGAA-1,0.007243,0.200908,0.469395,0.132186,0.041928,0.000103,0.000051,0.140835,0.000051,0.007299
AAGATGGCACCGGACC-1,0.241205,0.224517,0.120555,0.153192,0.020351,0.003872,0.002851,0.090257,0.000088,0.143112
AAGATTGGCGGAACGT-1,0.013059,0.079108,0.063173,0.000031,0.000031,0.000031,0.010712,0.016764,0.81706,0.000031
AAGCACCCTGCGTATC-1,0.000527,0.000015,0.000015,0.032043,0.04688,0.02516,0.000334,0.010466,0.039127,0.845435
AAGCATACTCTCCTGA-1,0.629168,0.057447,0.010396,0.054072,0.000043,0.003512,0.004453,0.059082,0.03441,0.147416
AAGCCACTTGCAGGTA-1,0.034441,0.01106,0.248384,0.000035,0.137641,0.05924,0.150574,0.026455,0.000035,0.332133
AAGCCGAAGCGGTTTA-1,0.01554,0.057176,0.131287,0.028967,0.142938,0.103459,0.005556,0.190287,0.133135,0.191654
AAGCCGCCGTGAAATC-1,0.005479,0.000015,0.025242,0.173817,0.263628,0.027529,0.07747,0.096362,0.040206,0.290254
AAGCCGCTTTACCTTG-1,0.000044,0.000044,0.556046,0.443601,0.000044,0.000044,0.000044,0.000044,0.000044,0.000044
AAGCCGGAGAGCAGGA-1,0.00001,0.00001,0.008587,0.378003,0.153838,0.397264,0.001339,0.00001,0.001337,0.059602
AAGCGCAGGGCTTTGA-1,0.581747,0.008981,0.045426,0.000034,0.02968,0.023883,0.017425,0.056373,0.026731,0.20972
AAGCGGAGTGCGCGCA-1,0.05346,0.000031,0.307316,0.076365,0.04072,0.32209,0.166876,0.028089,0.005021,0.000031
AAGCGGCGTCATGGGT-1,0.238396,0.325159,0.08836,0.000039,0.157019,0.000039,0.164781,0.001357,0.024153,0.000697
AAGCGTCCCTCATCGA-1,0.138867,0.040096,0.006714,0.078338,0.062084,0.017012,0.034948,0.078682,0.039836,0.503424
AAGCTAGATCGAGTAA-1,0.730632,0.016967,0.000041,0.000041,0.000041,0.00636,0.016871,0.052836,0.061539,0.114675
AAGCTATGGATTGACC-1,0.002435,0.024799,0.088033,0.003124,0.309088,0.040881,0.249213,0.2091,0.018059,0.055267
AAGCTCGTGCCAAGTC-1,0.365337,0.183889,0.039872,0.000067,0.008534,0.000067,0.000067,0.357391,0.000067,0.044711
AAGCTCTTTCATGGTG-1,0.427198,0.000052,0.093271,0.000052,0.001419,0.042397,0.012448,0.236734,0.136826,0.049603
AAGGAGCGGTTGGTGC-1,0.630661,0.302917,0.065525,0.000128,0.000128,0.000128,0.000128,0.000128,0.000128,0.000128
AAGGATCGATCGCTTG-1,0.038973,0.134975,0.324494,0.338185,0.00009,0.00009,0.00009,0.162923,0.00009,0.00009
AAGGATGAGGGACCTC-1,0.128033,0.00004,0.021111,0.250223,0.00004,0.065442,0.00004,0.424508,0.004777,0.105787
AAGGCAGGCTGTCTCC-1,0.000009,0.078483,0.000404,0.383912,0.052604,0.332723,0.009768,0.000009,0.037706,0.104381
AAGGCGCGTAAAGCTT-1,0.184196,0.056181,0.000026,0.027233,0.000026,0.000026,0.009948,0.005602,0.052016,0.664747
AAGGCTGTGCTCATCG-1,0.35203,0.162956,0.000054,0.002047,0.000054,0.146101,0.0898,0.000054,0.23584,0.011063
AAGGGAACGACTGGCT-1,0.000064,0.153816,0.167577,0.512988,0.000064,0.000064,0.000064,0.130536,0.000064,0.034765
AAGGGACAGATTCTGT-1,0.40908,0.194299,0.078209,0.000054,0.000054,0.000054,0.000054,0.317073,0.00107,0.000054
AAGGGACTATGCATTC-1,0.237594,0.019152,0.059242,0.232716,0.038451,0.079219,0.031809,0.106621,0.038495,0.156701
AAGGGTTAGCCATGCG-1,0.000067,0.106056,0.422062,0.000067,0.004673,0.000378,0.018125,0.432656,0.000067,0.015847
AAGGGTTTGATTTCAG-1,0.004876,0.000008,0.00314,0.114294,0.460144,0.201636,0.000008,0.018794,0.062002,0.135097
AAGGTATCCTAATATA-1,0.188623,0.000024,0.022734,0.000024,0.192885,0.000024,0.000024,0.130288,0.421087,0.044285
AAGGTGATAAACCAGC-1,0.011194,0.000014,0.019231,0.017149,0.047498,0.242922,0.004005,0.270631,0.272315,0.115042
AAGTAGAAGACCGGGT-1,0.07543,0.307818,0.000096,0.178742,0.000096,0.000096,0.000096,0.135364,0.216437,0.085823
AAGTAGTGACGCGAGG-1,0.628574,0.000062,0.071759,0.000062,0.000062,0.000062,0.000062,0.299231,0.000062,0.000062
AAGTCAATTGTCGTCA-1,0.093264,0.021946,0.025404,0.009258,0.075636,0.085978,0.008589,0.296144,0.300805,0.082976
AAGTCTAGTAGCTGCC-1,0.208159,0.000043,0.664179,0.000043,0.067268,0.006201,0.005824,0.048196,0.000043,0.000043
AAGTCTTCTGTGGCCT-1,0.320662,0.000052,0.221158,0.000052,0.044597,0.009162,0.000175,0.312701,0.091389,0.000052
AAGTGACGACCGAATT-1,0.031715,0.278427,0.000033,0.000033,0.014866,0.001432,0.31323,0.006951,0.35328,0.000033
AAGTGAGTCGGGTTTA-1,0.762711,0.029204,0.002009,0.000046,0.000046,0.055819,0.059164,0.010841,0.06342,0.01674
AAGTGCAAAGGTAGAC-1,0.000653,0.000028,0.024006,0.003431,0.279105,0.047203,0.013911,0.303008,0.045735,0.282921
AAGTGCCTTGACTGTA-1,0.577102,0.000056,0.335551,0.000056,0.000056,0.000056,0.000056,0.086952,0.000056,0.000056
AAGTGCGTTAGAATCT-1,0.107168,0.003641,0.012414,0.000025,0.097659,0.041509,0.227867,0.282836,0.054582,0.172301
AAGTGCTTCTCTATTG-1,0.415402,0.093054,0.142984,0.000045,0.008382,0.000045,0.16398,0.139524,0.023107,0.013478
AAGTGTTTGGAGACGG-1,0.355078,0.011517,0.037332,0.000045,0.007688,0.008024,0.019038,0.462795,0.012043,0.08644
AAGTTCACTCCAAGCT-1,0.072223,0.377889,0.000018,0.000018,0.18809,0.003029,0.078214,0.004563,0.100607,0.175349
AAGTTCAGTCTGCGTA-1,0.496431,0.011746,0.389731,0.020124,0.006517,0.016204,0.000031,0.039232,0.019953,0.000031
AAGTTCGGCCAACAGG-1,0.145587,0.000034,0.05997,0.000034,0.03865,0.040027,0.118885,0.325955,0.236619,0.034239
AAGTTGTGATGTTATA-1,0.01042,0.239771,0.058573,0.000026,0.217541,0.210225,0.058493,0.126981,0.006893,0.071077
AAGTTTATGGGCCCAA-1,0.352101,0.084455,0.149522,0.167884,0.011255,0.100973,0.052074,0.026858,0.032555,0.022323
AATAACAACGCTCGGC-1,0.391941,0.233386,0.042674,0.016752,0.005516,0.038098,0.12108,0.101976,0.031437,0.01714
AATAACACTAGAACAA-1,0.032817,0.191626,0.000021,0.01418,0.010891,0.017673,0.358059,0.05124,0.198049,0.125445
AATAACGTCGCGCCCA-1,0.000014,0.000014,0.066824,0.358934,0.103066,0.288834,0.018222,0.099866,0.051408,0.012819
AATAAGTCCTCGAGAC-1,0.273515,0.666,0.000075,0.036067,0.000075,0.000075,0.000075,0.000075,0.023969,0.000075
AATAATCTTCGTATCG-1,0.000025,0.000025,0.192872,0.278002,0.251563,0.13843,0.000025,0.001715,0.000025,0.137319
AATACAATGTTTCAGG-1,0.053489,0.039162,0.00002,0.060459,0.209771,0.00002,0.001199,0.005545,0.347982,0.282352
AATACCGGAGGGCTGT-1,0.219445,0.098722,0.197907,0.00003,0.043293,0.028056,0.067877,0.152662,0.061396,0.130613
AATACCTGATGTGAAC-1,0.075356,0.062372,0.295988,0.005467,0.013396,0.047682,0.12837,0.346586,0.006008,0.018774
AATAGAACAGAGTGGC-1,0.488032,0.000047,0.008039,0.000031,0.001093,0.048746,0.018681,0.050268,0.174588,0.210475
AATAGAATCTGTTTCA-1,0.0729,0.000026,0.05049,0.083187,0.00319,0.055522,0.034427,0.211881,0.473097,0.01528
AATAGCAAGCCTCCTG-1,0.099871,0.000034,0.3789,0.021613,0.018929,0.034235,0.303188,0.000678,0.142519,0.000034
AATAGCTACCGCGTGC-1,0.690973,0.021636,0.25395,0.000036,0.016675,0.000036,0.000036,0.016585,0.000036,0.000036
AATAGGCACGACCCTT-1,0.096299,0.232071,0.08382,0.000033,0.015232,0.011517,0.354152,0.052268,0.010618,0.14399
AATAGTCCGTCCCGAC-1,0.000157,0.239197,0.000157,0.759545,0.000157,0.000157,0.000157,0.000157,0.000157,0.000157
AATAGTCGCGAGTCGG-1,0.276326,0.000041,0.070691,0.000041,0.044134,0.000041,0.007822,0.553498,0.046961,0.000444
AATATCCTAGCAAACT-1,0.000824,0.093928,0.01862,0.181891,0.232363,0.159751,0.02116,0.139593,0.068277,0.083593
AATATCGAATCAATGC-1,0.079021,0.000022,0.141718,0.045251,0.25306,0.080439,0.006052,0.29089,0.042873,0.060674
AATATCGAGGGTTCTC-1,0.587847,0.000064,0.325912,0.000064,0.000064,0.000064,0.000064,0.085796,0.000064,0.000064
AATATTGGAGTATTGA-1,0.114349,0.208988,0.142424,0.316453,0.000088,0.047208,0.000088,0.011416,0.000088,0.158897
AATCAGACTGCAGGAC-1,0.181783,0.396374,0.000111,0.000111,0.000111,0.000111,0.003252,0.125502,0.285321,0.007326
AATCAGGTTTCATTTA-1,0.34137,0.011898,0.392361,0.000054,0.058572,0.000099,0.077876,0.108627,0.000054,0.009088
AATCATGTAAAGACTC-1,0.080135,0.026773,0.098042,0.000033,0.025136,0.022377,0.007861,0.691439,0.023655,0.024549
AATCCAAGGGCCTGAG-1,0.276344,0.182972,0.00005,0.091309,0.00005,0.00005,0.00005,0.069142,0.128956,0.251077
AATCCATGCAAGGGTG-1,0.441297,0.438658,0.00007,0.00007,0.00007,0.00007,0.00007,0.00007,0.092444,0.027183
AATCCCGCTCAGAGCC-1,0.000091,0.218434,0.136218,0.644713,0.000091,0.000091,0.000091,0.000091,0.000091,0.000091
AATCGAGGTCTCAAGG-1,0.000062,0.11656,0.178102,0.177726,0.037082,0.074546,0.074143,0.079419,0.000062,0.262299
AATCGCCTCAGCGCCA-1,0.340641,0.291686,0.05967,0.000049,0.064149,0.000049,0.108569,0.113801,0.021338,0.000049
AATCGCGCAGAGGACT-1,0.121098,0.301957,0.206529,0.048591,0.017463,0.051892,0.005235,0.119375,0.065757,0.062104
AATCGGGACACTACGA-1,0.217451,0.781797,0.000094,0.000094,0.000094,0.000094,0.000094,0.000094,0.000094,0.000094
AATCGGTATAGCCCTC-1,0.000008,0.044964,0.000008,0.405915,0.309278,0.127034,0.010586,0.003246,0.024561,0.0744
AATCGTGAGCCGAGCA-1,0.000028,0.095566,0.000028,0.221373,0.00075,0.011828,0.396561,0.001951,0.269536,0.00238
AATCTAGGTTTACTTG-1,0.144991,0.016659,0.01457,0.00002,0.460184,0.009052,0.022688,0.12092,0.123962,0.086951
AATCTATGCCGGAGCC-1,0.347602,0.016156,0.360494,0.162511,0.000054,0.000054,0.000054,0.112966,0.000054,0.000054
AATCTCTACTGTGGTT-1,0.00094,0.202464,0.002228,0.017862,0.127154,0.15983,0.307951,0.022438,0.126909,0.032224
AATCTGCGTTGGGACG-1,0.06663,0.117452,0.039647,0.000034,0.000034,0.08788,0.068659,0.273668,0.329938,0.016059
AATCTGGCTTTCTAGT-1,0.000011,0.000011,0.000011,0.131923,0.629199,0.00321,0.002778,0.007962,0.075014,0.149881
AATCTGGGTAGACCCT-1,0.073789,0.000023,0.0952,0.000023,0.041114,0.236118,0.005264,0.030849,0.264182,0.253437
AATGACAGCAATGTCT-1,0.201926,0.037234,0.109143,0.000035,0.086656,0.075618,0.131508,0.281051,0.023146,0.053684
AATGACGTAGGATGTC-1,0.18546,0.046712,0.097511,0.040453,0.090647,0.026648,0.040774,0.177665,0.010071,0.284059
AATGACTGTCAGCCGG-1,0.356268,0.242774,0.0162,0.000109,0.000109,0.000109,0.000109,0.245137,0.000109,0.139079
AATGAGTTCGCATATG-1,0.179837,0.000041,0.000041,0.021072,0.012565,0.000041,0.000041,0.203846,0.072583,0.509934
AATGATGATACGCTAT-1,0.387632,0.034722,0.141788,0.153823,0.000087,0.000087,0.000087,0.2816,0.000087,0.000087
AATGATGCGACTCCTG-1,0.437967,0.000067,0.265296,0.000067,0.000067,0.000067,0.000067,0.296266,0.000067,0.000067
AATGCAACCGGGTACC-1,0.855022,0.106996,0.000076,0.000076,0.000076,0.000076,0.000076,0.03745,0.000076,0.000076
AATGCACCAAGCAATG-1,0.294465,0.05592,0.215582,0.076176,0.000065,0.207802,0.000065,0.149796,0.000065,0.000065
AATGGCCGCCAATGCG-1,0.182157,0.150781,0.009968,0.000041,0.207164,0.25467,0.106487,0.000041,0.007338,0.081352
AATGGTCCACCGTTCA-1,0.117201,0.209598,0.001497,0.1102,0.069325,0.000058,0.005455,0.3083,0.018516,0.159849
AATGGTTCTCACAAGC-1,0.332587,0.666952,0.000058,0.000058,0.000058,0.000058,0.000058,0.000058,0.000058,0.000058
AATGTATGGCACTGTA-1,0.357764,0.095068,0.195141,0.000025,0.194321,0.017211,0.054358,0.054966,0.009547,0.021599
AATGTGCCCGAGGTGT-1,0.103246,0.000026,0.010434,0.57579,0.140691,0.000026,0.000026,0.061008,0.020965,0.087786
AATGTGCTAATCTGAG-1,0.615197,0.065674,0.208479,0.000039,0.000039,0.000039,0.006385,0.104072,0.000039,0.000039
AATGTTAAGACCCTGA-1,0.188073,0.070542,0.336265,0.039693,0.076269,0.081925,0.067303,0.065364,0.000032,0.074535
AATGTTGTCGTGAGAC-1,0.041782,0.118938,0.24363,0.13478,0.023518,0.07649,0.183697,0.164721,0.010091,0.002353
AATTAAAGGTCGGCGT-1,0.570571,0.428814,0.000077,0.000077,0.000077,0.000077,0.000077,0.000077,0.000077,0.000077
AATTAACGGATTTCCA-1,0.329985,0.640956,0.000046,0.000046,0.000046,0.000046,0.000046,0.000046,0.02874,0.000046
AATTACGAGACCCATC-1,0.019047,0.000017,0.104546,0.034131,0.153125,0.384035,0.005756,0.169536,0.056203,0.073603
AATTACTCGTACGCTC-1,0.135275,0.577591,0.000055,0.000055,0.000055,0.000055,0.003223,0.000078,0.283556,0.000055
AATTAGCGCTGCAGCG-1,0.348874,0.425298,0.000051,0.225472,0.000051,0.000051,0.000051,0.000051,0.000051,0.000051
AATTATACCCAGCAAG-1,0.000032,0.194556,0.121031,0.213615,0.338328,0.035834,0.050747,0.009641,0.00003,0.036186
AATTCATAAGGGATCT-1,0.310045,0.248849,0.017652,0.102046,0.000056,0.022931,0.133917,0.080115,0.084334,0.000056
AATTCATTGTCATGCA-1,0.111453,0.020268,0.134011,0.002436,0.351032,0.091088,0.150402,0.052416,0.046368,0.040526
AATTCCAACTTGGTGA-1,0.527546,0.250061,0.221294,0.000157,0.000157,0.000157,0.000157,0.000157,0.000157,0.000157
AATTCCAAGCATGTAC-1,0.000106,0.190804,0.000106,0.808348,0.000106,0.000106,0.000106,0.000106,0.000106,0.000106
AATTCGATTCGAGGAT-1,0.189826,0.223001,0.002129,0.012479,0.0273,0.0002,0.161532,0.027767,0.098122,0.257644
AATTCTAGAGTTAGGC-1,0.758749,0.016284,0.004388,0.034069,0.000074,0.002834,0.000074,0.043253,0.055979,0.084296
AATTGAACGCTCTGGT-1,0.074863,0.326035,0.059001,0.08257,0.104911,0.010051,0.00459,0.192163,0.076708,0.069107
AATTGCAGCAATCGAC-1,0.010987,0.053335,0.116744,0.027762,0.049479,0.336798,0.090905,0.185969,0.054333,0.07369
AATTGCGTGGATTACA-1,0.048948,0.017338,0.093889,0.006735,0.583685,0.060709,0.152255,0.005501,0.008537,0.022402
AATTGTGGTTGCCAAA-1,0.000009,0.000009,0.067,0.065971,0.198178,0.462206,0.003891,0.017857,0.022801,0.162079
AATTTGGGACATAGTA-1,0.706892,0.000056,0.067815,0.000056,0.140549,0.000056,0.000056,0.045623,0.038839,0.000056
AATTTGGTTCCAAAGA-1,0.283298,0.006869,0.000046,0.010624,0.000046,0.088326,0.014621,0.001406,0.594284,0.000481
ACAAACCATGCGTCCT-1,0.004025,0.000008,0.033002,0.12845,0.565292,0.031118,0.008401,0.064893,0.06074,0.104071
ACAAACTCCATCAGAG-1,0.000957,0.007951,0.006754,0.241933,0.195801,0.19635,0.098703,0.000012,0.000641,0.250897
ACAAAGAAGGTAGGCC-1,0.000192,0.000012,0.020547,0.050772,0.283947,0.106498,0.001932,0.255902,0.058492,0.221706
ACAAAGCATGACCTAG-1,0.079512,0.142871,0.150363,0.036749,0.14347,0.073471,0.094609,0.165296,0.048695,0.064964
ACAAATCGCACCGAAT-1,0.390915,0.000917,0.033173,0.000034,0.013422,0.009095,0.019688,0.309977,0.038831,0.183947
ACAAATGGTAGTGTTT-1,0.194271,0.010949,0.002693,0.000027,0.029076,0.023514,0.04091,0.245003,0.17748,0.276077
ACAAATTCAGATCTGA-1,0.712625,0.004503,0.196661,0.019851,0.000046,0.002836,0.050783,0.011728,0.000921,0.000046
ACAACAGCATGAGCTA-1,0.627275,0.02675,0.021493,0.000066,0.000066,0.000066,0.000066,0.284956,0.004557,0.034705
ACAACGGTCCCTGCGA-1,0.128798,0.007292,0.000019,0.105908,0.023029,0.003004,0.000019,0.009635,0.135538,0.586757
ACAAGCAGTGCCTAGC-1,0.41943,0.050149,0.037703,0.000046,0.002788,0.000046,0.005148,0.201719,0.265821,0.01715
ACAAGCTATATGGAAG-1,0.02132,0.267061,0.001916,0.011622,0.067809,0.100056,0.06224,0.256224,0.155963,0.05579
ACAAGGAAATCCGCCC-1,0.117796,0.629468,0.010328,0.067317,0.000041,0.004495,0.061065,0.015103,0.08502,0.009365
ACAAGGACAAGAGGTT-1,0.25743,0.00002,0.008084,0.032516,0.003051,0.015724,0.00002,0.036634,0.124088,0.522433
ACAAGGATGCTTTAGG-1,0.353623,0.064282,0.124645,0.000034,0.075288,0.000063,0.013304,0.30471,0.002623,0.061428
ACAAGGCCTACCAGCC-1,0.000121,0.09103,0.48627,0.404139,0.000121,0.000121,0.000121,0.017837,0.000121,0.000121
ACAAGGGCAGGCTCTG-1,0.390767,0.049671,0.199435,0.000068,0.000068,0.000068,0.000068,0.359721,0.000068,0.000068
ACAAGTAATTGTAAGG-1,0.027071,0.083104,0.469439,0.002884,0.063609,0.065119,0.11279,0.069347,0.052159,0.054477
ACAATAGTCGTACGTT-1,0.224866,0.138376,0.053958,0.098614,0.047866,0.009928,0.077235,0.176756,0.027613,0.144788
ACAATCCATTTAAACC-1,0.458821,0.007239,0.01082,0.000035,0.063875,0.027004,0.144951,0.076755,0.029686,0.180815
ACAATGAATACGGAGA-1,0.068843,0.03904,0.002183,0.000021,0.313824,0.005018,0.012424,0.084721,0.107247,0.366679
ACAATGATTCTTCTAC-1,0.445092,0.033052,0.469356,0.000047,0.007189,0.008319,0.021227,0.015623,0.000047,0.000047
ACAATTGTGTCTCTTT-1,0.025196,0.000049,0.139525,0.220436,0.021005,0.253246,0.000516,0.140051,0.077168,0.122806
ACAATTTAGGAGGCTC-1,0.000019,0.012554,0.003716,0.030926,0.058458,0.184596,0.1063,0.041719,0.487629,0.074084
ACAATTTGAGCAGTGG-1,0.201687,0.126754,0.000045,0.000031,0.005514,0.016692,0.031203,0.287546,0.173899,0.156629
ACAATTTGGCCATATT-1,0.069813,0.628644,0.285495,0.000049,0.007627,0.000049,0.000049,0.008178,0.000049,0.000049
ACACAAAGACGGGTGG-1,0.718315,0.231333,0.049674,0.000097,0.000097,0.000097,0.000097,0.000097,0.000097,0.000097
ACACAAATATTCCTAG-1,0.000037,0.296727,0.313688,0.039646,0.000037,0.192745,0.157008,0.000037,0.000037,0.000037
ACACACCAGGACCAGT-1,0.001623,0.000021,0.029538,0.215578,0.06555,0.124252,0.000493,0.203931,0.063381,0.295633
ACACACTTTCTACACG-1,0.565573,0.157106,0.000086,0.159024,0.000086,0.000086,0.000086,0.000086,0.014492,0.103375
ACACATGATCAAATCT-1,0.012724,0.00001,0.002791,0.473635,0.322902,0.003418,0.010508,0.044851,0.011692,0.117468
ACACATTGACGCAACA-1,0.010175,0.391682,0.00004,0.303767,0.00004,0.008277,0.098936,0.00004,0.056534,0.130511
ACACATTTCCGTAGAC-1,0.253906,0.178659,0.002621,0.203314,0.000036,0.231855,0.093439,0.000036,0.001667,0.034465
ACACCACATAATTAGC-1,0.396978,0.001302,0.467313,0.046411,0.003661,0.038191,0.000029,0.045987,0.000029,0.0001
ACACCCAGCATGCAGC-1,0.32228,0.213244,0.000109,0.119684,0.000109,0.000109,0.000109,0.1561,0.138787,0.049469
ACACCCGAGAAATCCG-1,0.006285,0.58681,0.000037,0.000037,0.000037,0.000038,0.010246,0.000037,0.383122,0.013351
ACACCCGTAAATCTGT-1,0.264984,0.23093,0.137773,0.056808,0.003285,0.058381,0.153108,0.014043,0.000057,0.080631
ACACCGAGCGCTCTTT-1,0.05194,0.024253,0.00003,0.00003,0.104897,0.011881,0.030242,0.154801,0.373406,0.248521
ACACCGGTCTGACCGC-1,0.083768,0.000022,0.1394,0.000022,0.182375,0.018106,0.091564,0.337065,0.014783,0.132894
ACACCTTAAGTAGGGC-1,0.615411,0.383855,0.000092,0.000092,0.000092,0.000092,0.000092,0.000092,0.000092,0.000092
ACACCTTACTACTTGC-1,0.066853,0.001603,0.128318,0.044668,0.393665,0.062216,0.002243,0.020155,0.113292,0.166988
ACACGAGACTCCTTCT-1,0.120254,0.011139,0.000636,0.001343,0.071693,0.005398,0.011947,0.046058,0.096203,0.635329
ACACGGCACTATGCAT-1,0.819448,0.071077,0.000092,0.04163,0.000092,0.000092,0.000092,0.007223,0.06016,0.000092
ACACGGGAACTTAGGG-1,0.43675,0.000048,0.014929,0.007117,0.008484,0.002854,0.006434,0.344738,0.054952,0.123694
ACACGTAGGCCACAAG-1,0.000229,0.003367,0.046653,0.14725,0.435731,0.186242,0.00123,0.092581,0.007329,0.079389
ACACTCCAATGTCACT-1,0.527563,0.000065,0.000065,0.000065,0.000065,0.000065,0.000065,0.319475,0.128778,0.023793
ACACTGATCAAGGTGT-1,0.510077,0.096164,0.000055,0.000055,0.000055,0.001825,0.000055,0.134289,0.04205,0.215373
ACACTGGGACAGTCGT-1,0.170458,0.005164,0.284957,0.008276,0.039741,0.078554,0.170449,0.147819,0.071188,0.023395
ACAGAACTGAGAACAA-1,0.075055,0.000533,0.006927,0.01103,0.426567,0.015987,0.025818,0.170627,0.091084,0.176374
ACAGCATAGAGCCAGT-1,0.491191,0.507243,0.000196,0.000196,0.000196,0.000196,0.000196,0.000196,0.000196,0.000196
ACAGCGACATTCTCAT-1,0.065075,0.000026,0.187519,0.001525,0.055878,0.267645,0.019661,0.185137,0.171936,0.045597
ACAGCGCACCCGCAGC-1,0.377593,0.219628,0.000048,0.000048,0.000048,0.000048,0.005113,0.000048,0.387456,0.00997
ACAGGAGGCGCAGCCG-1,0.070838,0.744237,0.074237,0.033535,0.038975,0.000048,0.005109,0.011245,0.000048,0.021729
ACAGGCACGGATCCTT-1,0.004614,0.000023,0.206114,0.005351,0.144467,0.198061,0.122606,0.179945,0.008423,0.130396
ACAGGCTTGCCCGACT-1,0.240223,0.059455,0.033596,0.025903,0.20386,0.026853,0.043817,0.12047,0.063783,0.18204
ACAGGTGGAGGTGAGG-1,0.12907,0.261612,0.000025,0.000025,0.063566,0.011289,0.112609,0.043442,0.048364,0.329997
ACAGGTGTGTTGTTGC-1,0.000029,0.003469,0.082758,0.581411,0.157802,0.000029,0.000029,0.159103,0.008775,0.006595
ACAGTAATACAACTTG-1,0.395544,0.18901,0.118533,0.000031,0.053033,0.000031,0.10233,0.138874,0.002583,0.000031
ACAGTATACCGTGGGA-1,0.378953,0.025457,0.425787,0.023476,0.069614,0.009675,0.000038,0.056529,0.010432,0.000038
ACAGTGCAGCGCATTT-1,0.053543,0.526057,0.08812,0.228999,0.020552,0.057412,0.025158,0.000053,0.000053,0.000053
ACATAAGTCGTGGTGA-1,0.121716,0.04383,0.127288,0.025191,0.040495,0.168502,0.135265,0.10222,0.20455,0.030943
ACATAATAAGGCGGTG-1,0.522997,0.045259,0.007135,0.13332,0.000042,0.04332,0.030802,0.000042,0.204136,0.012946
ACATACAATCAAGCGG-1,0.000008,0.00076,0.00131,0.056134,0.407655,0.128305,0.046347,0.016414,0.046694,0.296373
ACATCAGCTGGGACGC-1,0.173509,0.000057,0.18595,0.042002,0.108047,0.002897,0.000057,0.44991,0.014333,0.023237
ACATCCCGGCCATACG-1,0.361835,0.275499,0.000088,0.037142,0.026946,0.006823,0.000668,0.09897,0.055102,0.136927
ACATCCTGGTAACTGT-1,0.135048,0.142621,0.371706,0.085578,0.0014,0.001263,0.038845,0.126001,0.097482,0.000056
ACATCGATCGTTTACC-1,0.353856,0.013705,0.000048,0.314692,0.000048,0.039112,0.0019,0.011691,0.240271,0.024676
ACATCGCAATATTCGG-1,0.003346,0.000024,0.04715,0.000024,0.170982,0.13626,0.460181,0.025097,0.144296,0.012641
ACATCGGTCAGCCGCG-1,0.469027,0.073068,0.077307,0.048253,0.000048,0.000048,0.000048,0.283717,0.015746,0.032737
ACATCGTATGCAATGG-1,0.342683,0.016584,0.110652,0.004739,0.285486,0.000038,0.000038,0.175108,0.00601,0.058661
ACATCGTTAACCTAGT-1,0.359857,0.498043,0.000063,0.000063,0.000063,0.000063,0.000063,0.000063,0.125672,0.016049
ACATCTCAACGCGTAA-1,0.230756,0.468232,0.225379,0.074879,0.000126,0.000126,0.000126,0.000126,0.000126,0.000126
ACATGCTTACGGCAGC-1,0.000007,0.002549,0.000007,0.241554,0.373595,0.142067,0.177607,0.000007,0.052853,0.009755
ACATGGCGCCAAAGTA-1,0.000423,0.000011,0.027672,0.120581,0.100512,0.095717,0.002812,0.067539,0.249759,0.334975
ACATGGCTCAATTTAG-1,0.469111,0.001406,0.008241,0.000059,0.000059,0.000059,0.000059,0.058216,0.0937,0.369088
ACATTAGTTTATATCC-1,0.804844,0.000131,0.123551,0.000131,0.000131,0.000131,0.000131,0.070691,0.000131,0.000131
ACATTCGCGCGGAATA-1,0.000014,0.057583,0.00073,0.357426,0.041144,0.311126,0.174027,0.000014,0.03748,0.020455
ACATTTGAAACCTAAC-1,0.000673,0.018568,0.00123,0.007269,0.848239,0.03496,0.044882,0.001185,0.031815,0.01118
ACCAAACACCCAGCGA-1,0.173513,0.091151,0.197179,0.344958,0.000023,0.014418,0.05096,0.038839,0.088936,0.000023
ACCAACACCACACACT-1,0.201939,0.067512,0.291018,0.200447,0.112595,0.008119,0.009078,0.003551,0.105713,0.000029
