Barcode,Topic 1,Topic 2,Topic 3,Topic 4,Topic 5,Topic 6,Topic 7to8,Topic 9,Topic 10
AAACAAGTATCTCCCA-1,0.460915,0.068565,0.000026,0.034962,0.019363,0.345161,0.010258,0.001579,0.059172
AAACACCAATAACTGC-1,0.014814,0.215699,0.187433,0.000069,0.03703,0.031122,0.286585,0.015463,0.211785
AAACAGAGCGACTCCT-1,0.046206,0.000037,0.147794,0.074361,0.21406,0.27033,0.243758,0.000037,0.003416
AAACAGCTTTCAGAAG-1,0.022729,0.236102,0.605932,0.003096,0.000072,0.000072,0.000144,0.131781,0.000072
AAACAGGGTCTATATT-1,0.000066,0.159479,0.644557,0.000066,0.000066,0.000066,0.000132,0.094672,0.100896
AAACAGTGTTCCTGGG-1,0.000026,0.000026,0.177899,0.004729,0.07285,0.001607,0.147129,0.000026,0.595709
AAACATGGTGAGAGGA-1,0.000032,0.105756,0.000032,0.000032,0.000032,0.000032,0.000063,0.893991,0.000032
AAACATTTCCCGGATT-1,0.766645,0.005596,0.000025,0.034891,0.052529,0.06027,0.079143,0.000025,0.000877
AAACCACTACACAGAT-1,0.000018,0.000018,0.119034,0.000018,0.190919,0.000018,0.273792,0.214743,0.201439
AAACCCGAACGAAATC-1,0.836846,0.056941,0.00631,0.008673,0.000022,0.000022,0.000043,0.08689,0.004253
AAACCGGAAATGTTAA-1,0.775712,0.013738,0.0143,0.096956,0.000029,0.002725,0.003069,0.000029,0.093442
AAACCGGGTAGGTACC-1,0.000018,0.000018,0.00012,0.000018,0.34831,0.005064,0.596729,0.034874,0.014849
AAACCGTTCGTCCAGG-1,0.000064,0.001456,0.593086,0.192954,0.013034,0.006786,0.043592,0.000064,0.148965
AAACCTAAGCAGCCGG-1,0.03348,0.003537,0.025063,0.016273,0.14394,0.008846,0.570275,0.012968,0.185618
AAACCTCATGAAGTTG-1,0.000032,0.039315,0.14017,0.037873,0.059131,0.015854,0.488004,0.143508,0.076113
AAACGAAGAACATACC-1,0.000069,0.263995,0.726922,0.008597,0.000069,0.000069,0.000139,0.000069,0.000069
AAACGAAGATGGAGTA-1,0.0001,0.881327,0.11731,0.000546,0.0001,0.0001,0.0002,0.0001,0.000216
AAACGACAGTCTTGCC-1,0.000052,0.27096,0.588494,0.000052,0.000052,0.000052,0.000103,0.000052,0.140185
AAACGAGACGGTTGAT-1,0.00003,0.001881,0.174173,0.244174,0.056893,0.018715,0.453424,0.00003,0.050679
AAACGCCCGAGATCGG-1,0.000035,0.000035,0.159236,0.000035,0.063739,0.000035,0.548697,0.044687,0.183503
AAACGCTGGGCACGAC-1,0.521161,0.000016,0.000016,0.002956,0.201291,0.016938,0.138596,0.04827,0.070756
AAACGGGCGTACGGGT-1,0.491118,0.071236,0.116325,0.068787,0.00003,0.00003,0.108421,0.037081,0.106974
AAACGGTTGCGAACTG-1,0.030237,0.000023,0.030364,0.024119,0.193261,0.214896,0.137603,0.021238,0.348258
AAACGTGTTCGCCCTA-1,0.000022,0.000022,0.059515,0.057079,0.438651,0.042012,0.273927,0.000022,0.128751
AAACTAACGTGGCGAC-1,0.025358,0.017795,0.753831,0.041836,0.000069,0.000069,0.0851,0.001634,0.074309
AAACTCGGTTCGCAAT-1,0.000032,0.036312,0.11565,0.319525,0.033969,0.056441,0.02518,0.036384,0.376507
AAACTCGTGATATAAG-1,0.047315,0.000016,0.002718,0.014466,0.254593,0.499729,0.17911,0.000016,0.002037
AAACTGCTGGCTCCAA-1,0.055629,0.000991,0.045559,0.029525,0.271264,0.203121,0.334133,0.016396,0.043382
AAACTTAATTGCACGC-1,0.000067,0.774081,0.004121,0.033357,0.000067,0.000067,0.000134,0.000067,0.188038
AAACTTGCAAACGTAT-1,0.000014,0.000014,0.004507,0.000014,0.278894,0.001356,0.617428,0.077809,0.019964
AAAGAATGACCTTAGA-1,0.002781,0.472827,0.000043,0.000043,0.000043,0.000043,0.000085,0.524095,0.000043
AAAGAATGTGGACTAA-1,0.764716,0.000016,0.000016,0.000016,0.0706,0.000027,0.050364,0.000016,0.11423
AAAGACATGAAGTTTA-1,0.162701,0.380286,0.132963,0.000054,0.016223,0.054315,0.027596,0.217648,0.008215
AAAGACCCAAGTCGCG-1,0.000081,0.43995,0.559403,0.000081,0.000081,0.000081,0.000162,0.000081,0.000081
AAAGACTGGGCGCTTT-1,0.000032,0.050843,0.480205,0.008004,0.000032,0.000032,0.22584,0.208143,0.026869
AAAGCTTGCCTACATA-1,0.148998,0.000016,0.015924,0.018206,0.179101,0.296403,0.056491,0.03684,0.24802
AAAGGCCCTATAATAC-1,0.017654,0.284938,0.329067,0.000061,0.000061,0.000061,0.000129,0.07089,0.297139
AAAGGCTACGGACCAT-1,0.000029,0.044146,0.133109,0.074779,0.282569,0.141832,0.066785,0.000029,0.256723
AAAGGCTCTCGCGCCG-1,0.000031,0.0049,0.113653,0.106451,0.132985,0.426925,0.060123,0.000031,0.154902
AAAGGGATGTAGCAAG-1,0.000022,0.000022,0.029568,0.063298,0.311363,0.258613,0.329948,0.000022,0.007144
AAAGGGCAGCTTGAAT-1,0.000037,0.022864,0.412243,0.016702,0.009457,0.008311,0.299018,0.100072,0.131295
AAAGGTAAGCTGTACC-1,0.000073,0.000073,0.51769,0.019933,0.172099,0.002629,0.264665,0.000073,0.022764
AAAGGTCAACGACATG-1,0.00007,0.538252,0.382371,0.00007,0.00007,0.00007,0.00014,0.00007,0.078886
AAAGTAGCATTGCTCA-1,0.016602,0.019712,0.433722,0.027705,0.024305,0.109637,0.227306,0.000066,0.140944
AAAGTCACTGATGTAA-1,0.030116,0.120689,0.334061,0.001536,0.003592,0.03609,0.389255,0.084631,0.000029
AAAGTCGACCCTCAGT-1,0.000022,0.000022,0.037404,0.000023,0.034019,0.000022,0.733833,0.116845,0.077811
AAAGTGCCATCAATTA-1,0.796845,0.089903,0.000034,0.020612,0.000034,0.000034,0.000067,0.000034,0.092438
AAAGTGTGATTTATCT-1,0.665586,0.017362,0.040032,0.225149,0.000047,0.000047,0.051684,0.000047,0.000047
AAAGTTGACTCCCGTA-1,0.4814,0.139451,0.068151,0.179484,0.000046,0.003057,0.124443,0.003923,0.000046
AAATAACCATACGGGA-1,0.032798,0.001469,0.006368,0.020619,0.223582,0.078407,0.631636,0.002197,0.002924
AAATAAGGTAGTGCCC-1,0.070372,0.051965,0.065029,0.276408,0.037262,0.055039,0.225057,0.043012,0.175856
AAATACCTATAAGCAT-1,0.043886,0.007228,0.010513,0.004372,0.202881,0.242733,0.470993,0.011946,0.005448
AAATAGCTTAGACTTT-1,0.346196,0.088443,0.000759,0.015815,0.095019,0.064488,0.375791,0.003014,0.010476
AAATAGGGTGCTATTG-1,0.095545,0.020489,0.025297,0.03573,0.263062,0.046895,0.490568,0.004556,0.017858
AAATCACTCCTAAACG-1,0.147558,0.275375,0.546867,0.00005,0.00005,0.00005,0.0001,0.00005,0.029899
AAATCCGATACACGCC-1,0.011863,0.000012,0.003648,0.001037,0.233464,0.000864,0.549383,0.006959,0.192771
AAATCGCGGAAGGAGT-1,0.000101,0.88281,0.107368,0.009118,0.000101,0.000101,0.000201,0.000101,0.000101
AAATCGTGTACCACAA-1,0.000013,0.000013,0.000036,0.027067,0.351578,0.420305,0.168308,0.031988,0.00069
AAATCTAGCCCTGCTA-1,0.924115,0.055953,0.00076,0.018048,0.000028,0.000985,0.000056,0.000028,0.000028
AAATCTGCCCGCGTCC-1,0.032873,0.232989,0.000019,0.000019,0.000019,0.000019,0.000037,0.734008,0.000019
AAATGACTGATCAAAC-1,0.000013,0.000013,0.000013,0.000013,0.56022,0.000832,0.006739,0.10033,0.331826
AAATGATTCGATCAGC-1,0.000049,0.000049,0.032881,0.005314,0.192752,0.446951,0.167316,0.086631,0.068056
AAATGCTCGTTACGTT-1,0.000049,0.555656,0.053993,0.000049,0.000049,0.177747,0.092033,0.120373,0.000049
AAATGGCATGTCTTGT-1,0.000047,0.000047,0.551848,0.007942,0.059864,0.071878,0.308281,0.000047,0.000047
AAATGGCCCGTGCCCT-1,0.000061,0.076969,0.496759,0.009424,0.000061,0.000061,0.228026,0.060878,0.127761
AAATGGTCAATGTGCC-1,0.062138,0.000027,0.045384,0.126437,0.156824,0.295065,0.260672,0.027873,0.02558
AAATTAACGGGTAGCT-1,0.000029,0.03555,0.036103,0.28009,0.101782,0.33129,0.151044,0.011405,0.052706
AAATTAATAAGCGCGA-1,0.000099,0.870944,0.128263,0.000099,0.000099,0.000099,0.000198,0.000099,0.000099
AAATTACACGACTCTG-1,0.015968,0.000027,0.03933,0.006893,0.333306,0.079418,0.524253,0.000027,0.000778
AAATTACCTATCGATG-1,0.00002,0.007286,0.017918,0.033229,0.231015,0.497976,0.212083,0.000452,0.00002
AAATTCCAGGTCCAAA-1,0.344061,0.007011,0.000012,0.000012,0.221402,0.037414,0.247687,0.141349,0.001052
AAATTGATAGTCCTTT-1,0.000103,0.219085,0.32256,0.038733,0.000103,0.000103,0.159303,0.04946,0.210551
AAATTGGTGAGAAGCA-1,0.000033,0.055107,0.155044,0.079709,0.124641,0.204398,0.06266,0.040934,0.277475
AAATTTACCGAAATCC-1,0.000054,0.045627,0.240128,0.013944,0.024217,0.0451,0.54418,0.045452,0.041297
AAATTTGCGGGTGTGG-1,0.000016,0.000019,0.010567,0.005448,0.276031,0.111218,0.506056,0.000016,0.090627
AACAACTGGTAGTTGC-1,0.000032,0.026982,0.139714,0.024167,0.197803,0.169781,0.387699,0.000032,0.053791
AACAATACATTGTCGA-1,0.000021,0.000021,0.037151,0.005287,0.207022,0.001994,0.552508,0.000351,0.195645
AACAATTACTCTACGC-1,0.000023,0.000023,0.02996,0.000041,0.115162,0.002965,0.786256,0.050415,0.015155
AACACACGCTCGCCGC-1,0.606674,0.072772,0.094532,0.213795,0.000046,0.011995,0.000093,0.000046,0.000046
AACACGACTGTACTGA-1,0.000046,0.000046,0.398594,0.067189,0.023948,0.000046,0.473927,0.03616,0.000046
AACACGAGACGCGGCC-1,0.00005,0.00005,0.58604,0.03771,0.00005,0.00363,0.273673,0.030895,0.067904
AACAGCTGTGTGGCAA-1,0.004278,0.012971,0.132296,0.003081,0.440183,0.01305,0.275052,0.000029,0.119062
AACAGGAAATCGAATA-1,0.000016,0.000016,0.025125,0.001748,0.24548,0.090025,0.625197,0.010879,0.001514
AACAGGATGGGCCGCG-1,0.000019,0.000019,0.011165,0.006109,0.207808,0.02841,0.711984,0.016231,0.018255
AACAGGTAGTATGGAT-1,0.415074,0.000024,0.000024,0.00585,0.165801,0.009287,0.277957,0.000024,0.125958
AACATAGCGTGTATCG-1,0.000011,0.000011,0.000508,0.012195,0.539239,0.025402,0.044389,0.144699,0.233545
AACATATCAACTGGTG-1,0.051852,0.002526,0.045732,0.023189,0.058932,0.495613,0.277108,0.000616,0.044433
AACATCGATACGTCTA-1,0.002033,0.000038,0.171719,0.235604,0.092513,0.283975,0.185356,0.000038,0.028724
AACATTGAAGTTGATC-1,0.070373,0.537892,0.142519,0.000069,0.000069,0.000069,0.010674,0.063765,0.174569
AACATTGTGACTCGAG-1,0.000035,0.044054,0.255339,0.041186,0.11994,0.043459,0.068873,0.028197,0.398917
AACCAAGACTTCTCTG-1,0.00002,0.00002,0.019701,0.0003,0.137637,0.00461,0.723535,0.023062,0.091114
AACCAGTATCACTCTT-1,0.040041,0.170026,0.020841,0.000049,0.000497,0.124102,0.387586,0.189075,0.067784
AACCATAGGGTTGAAC-1,0.000039,0.544415,0.000039,0.000039,0.175011,0.01565,0.023762,0.15548,0.085563
AACCATGGGATCGCTA-1,0.000085,0.940599,0.058724,0.000085,0.000085,0.000085,0.000169,0.000085,0.000085
AACCCAGAGACGGAGA-1,0.000082,0.150823,0.848515,0.000082,0.000082,0.000082,0.000165,0.000086,0.000082
AACCCATCCCATGATC-1,0.040142,0.378682,0.426162,0.000104,0.000104,0.000104,0.027959,0.000104,0.126641
AACCCGACAACCCGTG-1,0.000033,0.010595,0.253047,0.012693,0.152392,0.005465,0.166105,0.005646,0.394024
AACCCGAGCAGAATCG-1,0.65184,0.049261,0.000021,0.000021,0.061534,0.041361,0.005683,0.100078,0.090201
AACCCGATAGGGCTTC-1,0.00003,0.00003,0.074908,0.00003,0.038516,0.00003,0.431422,0.085695,0.369339
AACCCGCTGTATTCCA-1,0.000021,0.000021,0.000021,0.000021,0.345111,0.000021,0.000912,0.145107,0.508767
AACCCTACTGTCAATA-1,0.526089,0.127704,0.014184,0.149433,0.000028,0.041254,0.060151,0.08113,0.000028
AACCCTGGTGGAACCA-1,0.000018,0.000018,0.053168,0.000018,0.044874,0.001166,0.796773,0.088676,0.015291
AACCGAGCTTGGTCAT-1,0.012923,0.045543,0.113484,0.203614,0.03844,0.342655,0.105107,0.086579,0.051655
AACCGCTAAGGGATGC-1,0.372363,0.011905,0.020857,0.117515,0.022538,0.058312,0.396445,0.000032,0.000032
AACCGTTGTGTTTGCT-1,0.000052,0.111926,0.164167,0.067868,0.003573,0.045471,0.589545,0.017345,0.000052
AACCTAAAGCCGTCCG-1,0.000133,0.653504,0.073503,0.000133,0.000146,0.026476,0.197417,0.048556,0.000133
AACCTCGCTTTAGCCC-1,0.017267,0.013812,0.079466,0.109536,0.289093,0.04045,0.272849,0.040215,0.137311
AACCTGTCACGGAATT-1,0.012831,0.00002,0.009989,0.073242,0.101835,0.00917,0.517059,0.109963,0.165891
AACCTTTAAATACGGT-1,0.000015,0.016492,0.011172,0.030832,0.396434,0.353828,0.180635,0.001928,0.008664
AACCTTTACGACGTCT-1,0.000031,0.000031,0.030221,0.040644,0.2989,0.229365,0.394972,0.000031,0.005804
AACGAAAGTCGTCCCA-1,0.031711,0.745857,0.010545,0.000065,0.000065,0.016994,0.010645,0.184053,0.000065
AACGACCTCCTAGCCG-1,0.887134,0.038349,0.000025,0.005994,0.000025,0.000025,0.000049,0.062505,0.005896
AACGATAATGCCGTAG-1,0.030932,0.000022,0.081451,0.049066,0.190428,0.08928,0.453436,0.076698,0.028686
AACGATAGAAGGGCCG-1,0.000035,0.057529,0.245123,0.000035,0.183828,0.001059,0.492144,0.016515,0.003732
AACGATATGTCAACTG-1,0.061363,0.029653,0.092414,0.3988,0.035468,0.235302,0.144416,0.00004,0.002545
AACGCATGATCTGGGT-1,0.00003,0.00003,0.067633,0.080951,0.053471,0.493412,0.208473,0.009966,0.086033
AACGCGACCTTGGGCG-1,0.000032,0.015562,0.15821,0.089822,0.249334,0.00277,0.107514,0.000032,0.376724
AACGCGGTCTCCAGCC-1,0.000076,0.057714,0.307983,0.327203,0.018454,0.171119,0.117299,0.000076,0.000076
AACGCTGTTGCTGAAA-1,0.536517,0.236321,0.000115,0.138941,0.013743,0.016459,0.057676,0.000115,0.000115
AACGGACGTACGTATA-1,0.783518,0.000023,0.000023,0.004785,0.009271,0.021866,0.172202,0.008288,0.000023
AACGGCCATCTCCGGT-1,0.000013,0.000013,0.000013,0.000013,0.502466,0.04544,0.452016,0.000013,0.000013
AACGTACTGTGGGTAC-1,0.021691,0.048449,0.200837,0.046199,0.080459,0.10107,0.335538,0.007374,0.158382
AACGTCAGACTAGTGG-1,0.00006,0.047813,0.695189,0.098103,0.021214,0.01405,0.112393,0.001391,0.009788
AACGTCATCCGGCTTG-1,0.043566,0.01841,0.000016,0.008525,0.169576,0.067415,0.095568,0.075405,0.52152
AACGTCGCTGCACTTC-1,0.986201,0.000017,0.000017,0.000017,0.000017,0.000017,0.000035,0.013661,0.000017
AACGTGATGAAGGACA-1,0.000034,0.000034,0.102067,0.000034,0.325838,0.04972,0.517831,0.004409,0.000034
AACGTGCGAAAGTCTC-1,0.002538,0.000024,0.085918,0.127108,0.065757,0.080164,0.57596,0.014065,0.048465
AACGTTATCAGCACCT-1,0.056935,0.540065,0.026112,0.015774,0.023564,0.016646,0.320695,0.000104,0.000104
AACGTTCTACCATTGT-1,0.99983,0.000019,0.000019,0.000019,0.000019,0.000019,0.000038,0.000019,0.000019
AACTACCCGTTTGTCA-1,0.515675,0.266009,0.000056,0.038263,0.000056,0.000056,0.000112,0.053404,0.12637
AACTAGGCTTGGGTGT-1,0.009569,0.005793,0.054165,0.328125,0.008157,0.309642,0.038165,0.000043,0.24634
AACTCAAGTTAATTGC-1,0.000015,0.000015,0.040259,0.009725,0.535414,0.076071,0.337547,0.000938,0.000015
AACTCCAGAGCGTGTT-1,0.500575,0.275836,0.000064,0.153049,0.000064,0.000648,0.000128,0.037071,0.032564
AACTCCTAATCCCATG-1,0.000097,0.18108,0.227613,0.24727,0.000097,0.228491,0.014464,0.034082,0.066806
AACTCTCAATAGAGCG-1,0.039756,0.037173,0.003947,0.004853,0.152572,0.03516,0.726502,0.000018,0.000018
AACTCTCAGTGTGCTC-1,0.000031,0.000031,0.041488,0.021684,0.275696,0.052853,0.445507,0.000031,0.162678
AACTGAGGTCAGCGTC-1,0.000033,0.000033,0.02499,0.000033,0.379481,0.021629,0.573735,0.000033,0.000033
AACTGAGTTATACTGA-1,0.331981,0.074272,0.003679,0.026419,0.099319,0.000054,0.15598,0.000045,0.308251
AACTGATATTAGGCCT-1,0.000066,0.164741,0.446548,0.330032,0.000066,0.000066,0.0213,0.023764,0.013415
AACTGGGTCCCGACGT-1,0.00001,0.00001,0.00001,0.002407,0.285237,0.302323,0.404335,0.005657,0.00001
AACTGGGTTCGAGCCG-1,0.000083,0.555901,0.238761,0.034204,0.000083,0.063727,0.044857,0.0623,0.000083
AACTGGTGTGGGCCTT-1,0.009786,0.874973,0.114652,0.000084,0.000084,0.000084,0.000168,0.000084,0.000084
AACTTCTGCGTCTATC-1,0.160098,0.734761,0.024496,0.000061,0.000061,0.000061,0.000123,0.080276,0.000061
AACTTGCCCGTATGCA-1,0.000026,0.000026,0.006588,0.000026,0.158094,0.015611,0.791717,0.027885,0.000026
AACTTTACGGGAGCTT-1,0.03337,0.294277,0.092093,0.000037,0.033872,0.156563,0.041551,0.310999,0.037238
AACTTTCTCGATCATG-1,0.000029,0.000029,0.027272,0.281655,0.162361,0.236692,0.019498,0.000029,0.272434
AAGAAAGTTTGATGGG-1,0.000054,0.69755,0.069997,0.006184,0.000054,0.000054,0.000109,0.000054,0.225943
AAGAAATCACCAGATT-1,0.070656,0.003862,0.157557,0.076318,0.029934,0.341802,0.020615,0.000027,0.29923
AAGACATACGTGGTTT-1,0.888183,0.020975,0.000022,0.000022,0.000022,0.000022,0.000044,0.000022,0.090689
AAGACCAAATAACTCA-1,0.000067,0.695106,0.173934,0.000067,0.000067,0.001889,0.000133,0.025844,0.102894
AAGACCCAACTGAACA-1,0.046108,0.004778,0.055517,0.019658,0.425837,0.085356,0.171656,0.023229,0.167862
AAGACTCACGCCCACT-1,0.032069,0.591295,0.185853,0.025661,0.000068,0.081405,0.033869,0.000068,0.049712
AAGACTGCAAGCTACT-1,0.022158,0.000015,0.002794,0.012678,0.308128,0.328566,0.322799,0.000015,0.002847
AAGAGATGAATCGGTA-1,0.000046,0.038783,0.502794,0.012587,0.009824,0.192557,0.151288,0.039661,0.052459
AAGAGCTCTTTATCGG-1,0.033836,0.055692,0.145989,0.236885,0.018474,0.080909,0.321537,0.077497,0.02918
AAGAGGATGTACGCGA-1,0.000049,0.000049,0.363759,0.152128,0.043344,0.077028,0.348635,0.014776,0.000233
AAGAGGCATGGATCGC-1,0.000017,0.000017,0.014307,0.012761,0.135592,0.031444,0.802794,0.000017,0.003051
AAGAGGCCCTTTGGAA-1,0.687278,0.000021,0.000021,0.003253,0.052041,0.01922,0.117787,0.055923,0.064456
AAGATGGCACCGGACC-1,0.000035,0.022829,0.260374,0.009194,0.183479,0.083576,0.167528,0.000035,0.272951
AAGATTGGCGGAACGT-1,0.29316,0.086837,0.031994,0.19228,0.000032,0.20466,0.098431,0.092575,0.00003
AAGCACCCTGCGTATC-1,0.116714,0.000017,0.036315,0.00147,0.286143,0.305702,0.187091,0.030238,0.03631
AAGCATACTCTCCTGA-1,0.141124,0.000019,0.071689,0.041381,0.230575,0.303931,0.118192,0.042121,0.050968
AAGCCACTTGCAGGTA-1,0.043692,0.000015,0.000015,0.000015,0.138301,0.005038,0.064587,0.247621,0.500717
AAGCCGAAGCGGTTTA-1,0.779737,0.125536,0.005178,0.063162,0.000042,0.026178,0.000083,0.000042,0.000042
AAGCCGCCGTGAAATC-1,0.000052,0.220055,0.420271,0.014734,0.000052,0.000052,0.014606,0.01746,0.312716
AAGCCGCTTTACCTTG-1,0.06105,0.00002,0.000894,0.024308,0.303293,0.306826,0.049857,0.000408,0.253345
AAGCCGGAGAGCAGGA-1,0.759899,0.01644,0.027094,0.092012,0.000028,0.000028,0.002149,0.000028,0.102321
AAGCGCAGGGCTTTGA-1,0.047439,0.008018,0.087957,0.11511,0.12716,0.175222,0.075633,0.000031,0.36343
AAGCGGAGTGCGCGCA-1,0.00002,0.00002,0.053349,0.007939,0.343915,0.054839,0.362619,0.00002,0.177279
AAGCGGCGTCATGGGT-1,0.000064,0.000064,0.085357,0.015208,0.230132,0.034564,0.544821,0.089726,0.000064
AAGCGTCCCTCATCGA-1,0.000028,0.000028,0.002811,0.000028,0.438737,0.000299,0.431607,0.067304,0.059159
AAGCTAGATCGAGTAA-1,0.032405,0.079649,0.039593,0.04403,0.224571,0.207972,0.354689,0.000025,0.017066
AAGCTATGGATTGACC-1,0.047372,0.575596,0.001155,0.079623,0.000041,0.000169,0.000082,0.117094,0.178868
AAGCTCGTGCCAAGTC-1,0.000041,0.044459,0.11365,0.251723,0.047721,0.079768,0.420361,0.000041,0.042236
AAGCTCTTTCATGGTG-1,0.162142,0.022515,0.060207,0.204477,0.097466,0.058851,0.260024,0.080534,0.053783
AAGGAGAACTTATAAG-1,0.068674,0.340815,0.361611,0.018954,0.000118,0.038022,0.17157,0.000118,0.000118
AAGGAGCGGTTGGTGC-1,0.000061,0.000061,0.226082,0.359322,0.176173,0.067039,0.105842,0.000061,0.065359
AAGGATCGATCGCTTG-1,0.444292,0.033721,0.007364,0.000493,0.11381,0.001698,0.386863,0.007094,0.004664
AAGGATGAGGGACCTC-1,0.061641,0.001403,0.140666,0.388054,0.01952,0.150351,0.227923,0.000044,0.010398
AAGGCAGGCTGTCTCC-1,0.289543,0.166536,0.003251,0.077309,0.00694,0.000031,0.174394,0.005882,0.276114
AAGGCGCGTAAAGCTT-1,0.000051,0.00934,0.59284,0.165216,0.006792,0.025412,0.122118,0.031105,0.047125
AAGGCTGTGCTCATCG-1,0.000013,0.000013,0.000013,0.000013,0.368772,0.08466,0.546493,0.000013,0.000013
AAGGGAACGACTGGCT-1,0.000076,0.295683,0.322963,0.000076,0.018741,0.000076,0.096247,0.000076,0.266061
AAGGGACAGATTCTGT-1,0.154556,0.000036,0.225575,0.207247,0.026827,0.268741,0.115349,0.000036,0.001634
AAGGGACTATGCATTC-1,0.000069,0.0255,0.432262,0.117849,0.000069,0.000069,0.10961,0.000069,0.314504
AAGGGTTAGCCATGCG-1,0.940838,0.03448,0.000029,0.024482,0.000029,0.000029,0.000057,0.000029,0.000029
AAGGGTTTGATTTCAG-1,0.000078,0.62509,0.000078,0.000078,0.097071,0.005484,0.000156,0.271888,0.000078
AAGGTATCCTAATATA-1,0.000031,0.000031,0.067714,0.205728,0.117092,0.423863,0.153673,0.031837,0.000031
AAGGTGATAAACCAGC-1,0.441613,0.06075,0.054318,0.318883,0.00004,0.034961,0.089353,0.00004,0.00004
AAGTAGAAGACCGGGT-1,0.000034,0.000034,0.104323,0.000034,0.179905,0.002667,0.672926,0.040043,0.000034
AAGTAGTGACGCGAGG-1,0.000041,0.052764,0.266506,0.064593,0.13699,0.097787,0.330036,0.047865,0.003419
AAGTCAATTGTCGTCA-1,0.354143,0.000035,0.004119,0.12036,0.068618,0.038244,0.400359,0.000035,0.014086
AAGTCTAGTAGCTGCC-1,0.000028,0.000028,0.126364,0.209468,0.034291,0.23574,0.037906,0.000028,0.356145
AAGTCTTCTGTGGCCT-1,0.002963,0.743681,0.135806,0.000081,0.000081,0.000081,0.000161,0.107673,0.009474
AAGTGACGACCGAATT-1,0.00007,0.035449,0.615988,0.045155,0.113421,0.004473,0.100298,0.00007,0.085076
AAGTGAGTCGGGTTTA-1,0.000031,0.000031,0.150362,0.005028,0.230111,0.026681,0.287182,0.000031,0.300542
AAGTGCAAAGGTAGAC-1,0.00009,0.537335,0.421104,0.040934,0.00009,0.00009,0.000179,0.00009,0.00009
AAGTGCCTTGACTGTA-1,0.705938,0.002355,0.000269,0.001179,0.024389,0.011488,0.193402,0.060954,0.000026
AAGTGCGTTAGAATCT-1,0.000039,0.04482,0.05156,0.079373,0.086225,0.064088,0.470096,0.131337,0.072461
AAGTGCTTCTCTATTG-1,0.000021,0.000021,0.066684,0.013856,0.031543,0.005178,0.238556,0.141837,0.502304
AAGTGTTTGGAGACGG-1,0.160273,0.000048,0.050679,0.004323,0.056809,0.037845,0.629439,0.057614,0.00297
AAGTTCACTCCAAGCT-1,0.078191,0.11971,0.030396,0.369259,0.075849,0.003746,0.245689,0.008668,0.068492
AAGTTCAGTCTGCGTA-1,0.06113,0.121279,0.240811,0.092502,0.014493,0.340624,0.034109,0.000065,0.094986
AAGTTCGGCCAACAGG-1,0.01711,0.002414,0.129161,0.036636,0.154103,0.121997,0.439057,0.048513,0.051008
AAGTTGTGATGTTATA-1,0.927785,0.000017,0.000017,0.000017,0.033824,0.000017,0.000033,0.008781,0.02951
AAGTTTACTAATGGCA-1,0.000071,0.61616,0.329827,0.000071,0.000071,0.000071,0.053585,0.000071,0.000071
AAGTTTATGGGCCCAA-1,0.016771,0.093712,0.096262,0.119067,0.026729,0.117714,0.032132,0.108561,0.389053
AATAACAACGCTCGGC-1,0.000023,0.000023,0.048365,0.012656,0.171363,0.017878,0.717985,0.015125,0.016583
AATAACACTAGAACAA-1,0.015449,0.000046,0.563161,0.063739,0.153633,0.03509,0.088705,0.000046,0.08013
AATAACGTCGCGCCCA-1,0.996371,0.000013,0.000013,0.000013,0.000013,0.000013,0.000027,0.003523,0.000013
AATAAGTCCTCGAGAC-1,0.000041,0.002737,0.723961,0.000041,0.013839,0.003171,0.219854,0.036315,0.000041
AATAATCTTCGTATCG-1,0.70808,0.000017,0.000017,0.000092,0.099901,0.006568,0.061632,0.000017,0.123676
AATACAATGTTTCAGG-1,0.000035,0.056119,0.343714,0.028924,0.000343,0.072357,0.27168,0.223973,0.002855
AATACCGGAGGGCTGT-1,0.000023,0.000023,0.067938,0.000023,0.213972,0.000023,0.346519,0.040191,0.33129
AATACCTGATGTGAAC-1,0.829589,0.000017,0.000017,0.000017,0.039624,0.000017,0.010033,0.02062,0.100064
AATAGAACAGAGTGGC-1,0.00004,0.093824,0.166532,0.109753,0.245461,0.168416,0.089706,0.026306,0.099962
AATAGAATCTGTTTCA-1,0.207338,0.232603,0.000044,0.128913,0.000044,0.173706,0.13901,0.118299,0.000044
AATAGCAAGCCTCCTG-1,0.000054,0.000054,0.387097,0.000054,0.192462,0.000054,0.249309,0.073843,0.097072
AATAGCTACCGCGTGC-1,0.000028,0.000028,0.05723,0.008673,0.030583,0.59865,0.138958,0.048124,0.117725
AATAGGCACGACCCTT-1,0.000021,0.000021,0.004527,0.000021,0.170869,0.000021,0.209848,0.175532,0.439139
AATAGTCCGTCCCGAC-1,0.207325,0.095354,0.165844,0.087483,0.026022,0.22769,0.033623,0.022584,0.134075
AATAGTCGCGAGTCGG-1,0.000108,0.65817,0.315511,0.025566,0.000108,0.000108,0.000215,0.000108,0.000108
AATATCAAGGTCGGAT-1,0.000092,0.940641,0.058622,0.000092,0.000092,0.000092,0.000184,0.000092,0.000092
AATATCCTAGCAAACT-1,0.000085,0.77651,0.061974,0.082788,0.000085,0.000085,0.00017,0.038868,0.039435
AATATCGAATCAATGC-1,0.714758,0.023119,0.049535,0.117134,0.000036,0.071203,0.024142,0.000036,0.000036
AATATCGAGGGTTCTC-1,0.000033,0.047876,0.0647,0.067243,0.049623,0.492017,0.182717,0.000033,0.095758
AATATTGGAGTATTGA-1,0.00002,0.00002,0.00002,0.00002,0.155349,0.006496,0.76765,0.068201,0.002224
AATCAGGTTTCATTTA-1,0.000038,0.000038,0.18698,0.01223,0.029958,0.000038,0.268411,0.016502,0.485804
AATCATGTAAAGACTC-1,0.806333,0.048653,0.036566,0.093667,0.000042,0.013523,0.001132,0.000042,0.000042
AATCCAAGGGCCTGAG-1,0.013176,0.000031,0.278045,0.012822,0.015618,0.001012,0.579113,0.094734,0.005449
AATCCCGCTCAGAGCC-1,0.007559,0.000013,0.000013,0.000013,0.626714,0.000013,0.011465,0.023718,0.330494
AATCGAGGTCTCAAGG-1,0.076589,0.092634,0.000189,0.048494,0.049836,0.141645,0.025951,0.000023,0.56464
AATCGCCTCAGCGCCA-1,0.027217,0.006194,0.14639,0.702505,0.003148,0.002046,0.099822,0.000045,0.012632
AATCGCGCAGAGGACT-1,0.293829,0.208458,0.000036,0.072147,0.039597,0.029757,0.086885,0.219969,0.04932
AATCGGGACACTACGA-1,0.000033,0.001971,0.27433,0.000033,0.02574,0.03496,0.479277,0.174898,0.008759
AATCGGTATAGCCCTC-1,0.785848,0.000016,0.000016,0.000016,0.080682,0.08496,0.025779,0.000081,0.022604
AATCGTGAGCCGAGCA-1,0.132628,0.000014,0.059947,0.010425,0.435974,0.011257,0.24088,0.061262,0.047614
AATCTAGGTTTACTTG-1,0.00005,0.069738,0.193616,0.008155,0.016277,0.007773,0.426771,0.06619,0.21143
AATCTATGCCGGAGCC-1,0.009751,0.046258,0.07708,0.036984,0.126474,0.30485,0.316316,0.003104,0.079182
AATCTCTACTGTGGTT-1,0.000056,0.002533,0.530106,0.000056,0.01413,0.000056,0.206089,0.098455,0.14852
AATCTGCGTTGGGACG-1,0.084,0.005057,0.092406,0.026464,0.021142,0.03146,0.739421,0.000025,0.000025
AATCTGGCTTTCTAGT-1,0.000076,0.187475,0.270276,0.003209,0.000076,0.030844,0.203719,0.122734,0.181593
AATCTGGGTAGACCCT-1,0.000071,0.0052,0.841608,0.030003,0.000071,0.000071,0.064084,0.051295,0.007595
AATGACAGCAATGTCT-1,0.000025,0.000025,0.001413,0.000025,0.361744,0.095942,0.516889,0.000025,0.023914
AATGACGTAGGATGTC-1,0.007599,0.03749,0.07084,0.044603,0.237165,0.045389,0.554571,0.000027,0.002318
AATGACTGTCAGCCGG-1,0.000054,0.000054,0.32372,0.101428,0.065123,0.067074,0.40606,0.027121,0.009366
AATGATGATACGCTAT-1,0.000018,0.000018,0.000018,0.000807,0.363592,0.352965,0.282546,0.000018,0.000018
AATGATGCGACTCCTG-1,0.000021,0.000021,0.020294,0.011421,0.353487,0.098484,0.51623,0.000021,0.000021
AATGCAACCGGGTACC-1,0.000062,0.058475,0.381632,0.452998,0.023019,0.02082,0.016429,0.000062,0.046503
AATGCACCAAGCAATG-1,0.079897,0.000024,0.056322,0.051508,0.050251,0.380933,0.321118,0.059922,0.000024
AATGGCCGCCAATGCG-1,0.000053,0.038569,0.744328,0.000639,0.000053,0.000053,0.000107,0.000053,0.216143
AATGGTCCACCGTTCA-1,0.000026,0.029626,0.071797,0.003779,0.008117,0.005677,0.703869,0.089918,0.08719
AATGGTTCTCACAAGC-1,0.000032,0.00759,0.094778,0.004894,0.060511,0.010147,0.699419,0.08235,0.040279
AATGTATGGCACTGTA-1,0.000109,0.671283,0.194553,0.000109,0.000109,0.000109,0.000218,0.000109,0.133401
AATGTGCCCGAGGTGT-1,0.000061,0.002123,0.355852,0.000061,0.009696,0.000061,0.304558,0.139866,0.187722
AATGTGCTAATCTGAG-1,0.000018,0.000018,0.006311,0.000018,0.23986,0.000018,0.460307,0.029701,0.263747
AATGTTAAGACCCTGA-1,0.175262,0.000615,0.006137,0.15572,0.145865,0.062348,0.024341,0.00002,0.429693
AATGTTGTCGTGAGAC-1,0.99906,0.000738,0.000025,0.000025,0.000025,0.000025,0.000051,0.000025,0.000025
AATTAAAGGTCGGCGT-1,0.008145,0.001197,0.008501,0.136681,0.092454,0.500231,0.186882,0.016479,0.049429
AATTAACGGATTTCCA-1,0.069283,0.027312,0.100589,0.191187,0.096464,0.298437,0.080667,0.00003,0.13603
AATTACGAGACCCATC-1,0.23494,0.65565,0.056926,0.002445,0.000079,0.046297,0.003504,0.000079,0.000079
AATTAGCGCTGCAGCG-1,0.000013,0.000013,0.000013,0.001084,0.485572,0.257956,0.255321,0.000013,0.000013
AATTATACCCAGCAAG-1,0.017515,0.000015,0.000015,0.005723,0.2509,0.005368,0.226424,0.000015,0.494025
AATTCATAAGGGATCT-1,0.346755,0.067807,0.100725,0.301691,0.000048,0.096947,0.034658,0.051322,0.000048
AATTCATTGTCATGCA-1,0.000108,0.680868,0.201199,0.041502,0.000108,0.000108,0.000215,0.000108,0.075785
AATTCCAAGCATGTAC-1,0.007256,0.003452,0.004809,0.014501,0.390692,0.116107,0.120907,0.004372,0.337906
AATTCGATTCGAGGAT-1,0.000016,0.000016,0.018156,0.061856,0.406826,0.199955,0.157934,0.000016,0.155224
AATTCTAGAGTTAGGC-1,0.00005,0.027941,0.153731,0.211901,0.005173,0.423663,0.047506,0.00005,0.129985
AATTGAACGCTCTGGT-1,0.230697,0.001466,0.013833,0.002245,0.054745,0.039828,0.633806,0.000018,0.023362
AATTGCAGCAATCGAC-1,0.74691,0.122807,0.000043,0.043779,0.000043,0.000043,0.000086,0.036761,0.049528
AATTGCGTGGATTACA-1,0.000081,0.845499,0.000081,0.000081,0.000081,0.000081,0.000163,0.000081,0.15385
AATTGTGGTTGCCAAA-1,0.877295,0.039369,0.000021,0.000021,0.000021,0.000021,0.000041,0.039212,0.044002
AATTTGGGACATAGTA-1,0.00004,0.00004,0.021153,0.028494,0.241658,0.152416,0.545882,0.00004,0.010275
AATTTGGTTCCAAAGA-1,0.000047,0.000047,0.287612,0.079267,0.01704,0.023435,0.59246,0.000047,0.000047
ACAAACCATGCGTCCT-1,0.000045,0.673444,0.00943,0.000045,0.000045,0.000045,0.000089,0.152586,0.164272
ACAAACCGACAAGGCG-1,0.053169,0.387172,0.020031,0.000132,0.000132,0.181454,0.180934,0.176845,0.000132
ACAAACTCCATCAGAG-1,0.000016,0.000016,0.000016,0.000016,0.33304,0.000016,0.030489,0.313657,0.322733
ACAAAGAAGGTAGGCC-1,0.000089,0.79001,0.209281,0.000089,0.000089,0.000089,0.000177,0.000089,0.000089
ACAAAGCATGACCTAG-1,0.920516,0.000013,0.000266,0.000013,0.009687,0.012974,0.040783,0.015734,0.000013
ACAAATCGCACCGAAT-1,0.228993,0.107797,0.000386,0.016948,0.094514,0.02528,0.502181,0.023214,0.000687
ACAAATGGTAGTGTTT-1,0.135435,0.214292,0.040249,0.608862,0.000067,0.000067,0.000134,0.000067,0.000828
ACAAATTCAGATCTGA-1,0.000052,0.060656,0.002301,0.000052,0.106407,0.061494,0.619333,0.104664,0.045042
ACAACAGCATGAGCTA-1,0.000024,0.02579,0.099815,0.064053,0.05551,0.488079,0.155718,0.02926,0.081751
ACAACGGTCCCTGCGA-1,0.000045,0.006784,0.453631,0.043145,0.023941,0.006499,0.340894,0.106322,0.018739
ACAAGCAGTGCCTAGC-1,0.000038,0.000038,0.347931,0.000038,0.061282,0.00755,0.479631,0.069633,0.033859
ACAAGCTATATGGAAG-1,0.000097,0.820499,0.17377,0.00505,0.000097,0.000097,0.000195,0.000097,0.000097
ACAAGGAAATCCGCCC-1,0.00001,0.00001,0.002464,0.001193,0.450197,0.041632,0.500782,0.002272,0.001438
ACAAGGACAAGAGGTT-1,0.000037,0.017883,0.381,0.281123,0.059405,0.062433,0.189336,0.000037,0.008746
ACAAGGATGCTTTAGG-1,0.238312,0.023139,0.01646,0.001383,0.11787,0.12389,0.342297,0.059027,0.077623
ACAAGGCCTACCAGCC-1,0.020962,0.000063,0.595293,0.006034,0.000063,0.002255,0.261427,0.017343,0.09656
ACAAGGGCAGGCTCTG-1,0.022834,0.029334,0.172681,0.093246,0.159903,0.060098,0.371263,0.000029,0.090612
ACAAGTAATTGTAAGG-1,0.000937,0.220026,0.007455,0.00064,0.000166,0.223267,0.049427,0.000035,0.498046
ACAATAGTCGTACGTT-1,0.000029,0.000029,0.008459,0.000029,0.133714,0.000029,0.734864,0.054236,0.068609
ACAATCCATTTAAACC-1,0.013406,0.029309,0.029355,0.024624,0.247441,0.040682,0.575948,0.030317,0.008918
ACAATCGATCTTTATA-1,0.088725,0.455868,0.067082,0.048724,0.000109,0.000109,0.092193,0.247081,0.000109
ACAATGAATACGGAGA-1,0.000036,0.043009,0.150841,0.000246,0.13225,0.003682,0.454139,0.061007,0.154792
ACAATGATTCTTCTAC-1,0.000066,0.040415,0.46436,0.101533,0.013116,0.000742,0.125613,0.082379,0.171775
ACAATTGTGTCTCTTT-1,0.742171,0.124144,0.007615,0.111479,0.000053,0.000053,0.013171,0.001262,0.000053
ACAATTTAGGAGGCTC-1,0.000072,0.48363,0.315408,0.01021,0.000072,0.000072,0.000144,0.176591,0.013801
ACAATTTGAGCAGTGG-1,0.000029,0.039955,0.059442,0.044372,0.197922,0.38753,0.269793,0.000029,0.000926
ACAATTTGGCCATATT-1,0.162095,0.079889,0.000022,0.012589,0.126981,0.026507,0.278867,0.026904,0.286148
ACACAAAGACGGGTGG-1,0.000027,0.008554,0.087172,0.065176,0.200483,0.200536,0.420138,0.000027,0.017888
ACACAAATATTCCTAG-1,0.054631,0.00004,0.261549,0.167374,0.106045,0.102531,0.017905,0.00004,0.289885
ACACACCAGGACCAGT-1,0.333359,0.034579,0.019963,0.053968,0.003595,0.301946,0.252523,0.000034,0.000034
ACACACTTTCTACACG-1,0.000021,0.000021,0.013931,0.004453,0.271597,0.03332,0.629904,0.046731,0.000021
ACACATGATCAAATCT-1,0.000077,0.537792,0.210627,0.000077,0.000077,0.000077,0.000153,0.079589,0.171532
ACACATTTCCGTAGAC-1,0.000021,0.000021,0.050901,0.152191,0.364007,0.029348,0.008674,0.000021,0.394815
ACACCACATAATTAGC-1,0.004686,0.000021,0.077816,0.225859,0.188853,0.055084,0.314941,0.002645,0.130095
ACACCCAGCATGCAGC-1,0.000029,0.000029,0.070458,0.067105,0.262073,0.106401,0.488717,0.001001,0.004187
ACACCCGAGAAATCCG-1,0.000026,0.006311,0.079968,0.000745,0.022835,0.007931,0.777555,0.088978,0.01565
ACACCCGTAAATCTGT-1,0.00007,0.503698,0.396519,0.001994,0.00007,0.00007,0.000139,0.00007,0.09737
ACACCGGTCTGACCGC-1,0.379065,0.419485,0.000251,0.00004,0.05088,0.060257,0.008697,0.00004,0.081285
ACACCTTAAGTAGGGC-1,0.000058,0.09446,0.142811,0.126367,0.11208,0.009457,0.493508,0.000058,0.0212
ACACCTTACTACTTGC-1,0.275639,0.000018,0.000018,0.000018,0.21174,0.000462,0.446346,0.033125,0.032632
ACACGAGACTCCTTCT-1,0.13799,0.002716,0.01639,0.01026,0.222414,0.471182,0.139,0.000024,0.000024
ACACGGCACTATGCAT-1,0.000053,0.004737,0.685821,0.007461,0.000053,0.000053,0.290317,0.011449,0.000053
ACACGGGAACTTAGGG-1,0.000032,0.000032,0.024085,0.229108,0.059442,0.543054,0.143067,0.000032,0.001148
ACACGTAGGCCACAAG-1,0.844878,0.036101,0.002255,0.088258,0.000037,0.000037,0.000073,0.000037,0.028325
ACACTCCAATGTCACT-1,0.000079,0.959158,0.000079,0.000079,0.000079,0.000079,0.000158,0.040211,0.000079
ACACTGATCAAGGTGT-1,0.000057,0.000057,0.263386,0.208764,0.089545,0.100555,0.170257,0.000057,0.167322
ACACTGGGACAGTCGT-1,0.999812,0.000021,0.000021,0.000021,0.000021,0.000021,0.000042,0.000021,0.000021
ACAGAACTGAGAACAA-1,0.000049,0.011074,0.356742,0.074891,0.016998,0.010681,0.384402,0.000049,0.145114
ACAGATTAGGTTAGTG-1,0.000038,0.170857,0.157955,0.000038,0.025478,0.013614,0.540508,0.091474,0.000038
ACAGCATAGAGCCAGT-1,0.00003,0.000266,0.236212,0.00003,0.04569,0.028809,0.588861,0.094868,0.005233
ACAGCGACATTCTCAT-1,0.620805,0.07965,0.000049,0.000049,0.000049,0.000049,0.000098,0.298313,0.000937
ACAGCGCACCCGCAGC-1,0.000093,0.000093,0.655692,0.021245,0.000093,0.006372,0.247369,0.000093,0.068952
ACAGGCACGGATCCTT-1,0.739303,0.115545,0.000028,0.000028,0.000028,0.000028,0.000055,0.056442,0.088544
ACAGGCTTGCCCGACT-1,0.258298,0.028708,0.015415,0.02534,0.098186,0.037717,0.520481,0.006956,0.008899
ACAGGTGGAGGTGAGG-1,0.000025,0.00904,0.101852,0.060122,0.264639,0.066662,0.438617,0.041426,0.017616
ACAGGTGTGTTGTTGC-1,0.031284,0.958356,0.008491,0.000086,0.000086,0.000086,0.000172,0.000086,0.001353
ACAGTAATACAACTTG-1,0.000041,0.001648,0.554954,0.016623,0.003653,0.006943,0.193081,0.139421,0.083636
ACAGTATACCGTGGGA-1,0.000042,0.003272,0.286712,0.132211,0.107942,0.143187,0.079502,0.000299,0.246833
ACAGTGCAGCGCATTT-1,0.000052,0.588205,0.248505,0.003555,0.000052,0.005194,0.000105,0.009648,0.144684
ACATAAGTCGTGGTGA-1,0.000102,0.839882,0.142828,0.016578,0.000102,0.000102,0.000203,0.000102,0.000102
ACATAATAAGGCGGTG-1,0.000022,0.000022,0.042939,0.023436,0.17603,0.306326,0.331391,0.117429,0.002405
ACATACAATCAAGCGG-1,0.619423,0.064924,0.001063,0.014468,0.037824,0.00297,0.057745,0.000023,0.201561
ACATCAGCTGGGACGC-1,0.000036,0.02648,0.425683,0.000036,0.000036,0.000036,0.308877,0.210212,0.028604
ACATCCCGGCCATACG-1,0.072198,0.019658,0.050329,0.12561,0.017503,0.385926,0.073529,0.002821,0.252427
ACATCCTGGTAACTGT-1,0.374738,0.111805,0.002727,0.395776,0.000045,0.000045,0.067596,0.000045,0.047222
ACATCGATCGTTTACC-1,0.000061,0.102643,0.175804,0.434276,0.00964,0.258695,0.005292,0.000061,0.013529
ACATCGCAATATTCGG-1,0.00872,0.122442,0.126569,0.036006,0.000057,0.021776,0.09709,0.07655,0.510791
ACATCGGTCAGCCGCG-1,0.073237,0.009522,0.499489,0.239902,0.006187,0.026907,0.096618,0.000063,0.048075
ACATCGTATGCAATGG-1,0.054818,0.135262,0.008765,0.014139,0.048026,0.057262,0.615817,0.064031,0.00188
ACATCGTTAACCTAGT-1,0.000064,0.012745,0.507342,0.030473,0.000064,0.255433,0.193752,0.000064,0.000064
ACATCTCAACGCGTAA-1,0.000109,0.463291,0.53429,0.001655,0.000109,0.000109,0.000218,0.000109,0.000109
ACATGCTTACGGCAGC-1,0.000039,0.386796,0.000039,0.000039,0.032144,0.005876,0.000078,0.094648,0.48034
ACATGGCGCCAAAGTA-1,0.514684,0.001035,0.007321,0.23907,0.000284,0.01446,0.213817,0.000036,0.009292
ACATTAGTTTATATCC-1,0.176542,0.085037,0.1376,0.200212,0.015031,0.255269,0.022799,0.073613,0.033897
ACATTCGCGCGGAATA-1,0.000046,0.181725,0.279198,0.005608,0.000046,0.000046,0.015144,0.000046,0.51814
ACATTTGAAACCTAAC-1,0.903635,0.000019,0.000019,0.002432,0.003001,0.000019,0.000039,0.006161,0.084674
ACCAAACACCCAGCGA-1,0.000023,0.009315,0.119099,0.092597,0.182661,0.244602,0.230613,0.000023,0.121068
ACCAAACTAGAAATCC-1,0.000045,0.861827,0.000045,0.000045,0.022879,0.001081,0.013281,0.100753,0.000045
ACCAACACCACACACT-1,0.147745,0.002003,0.011168,0.009743,0.193214,0.302573,0.299558,0.016215,0.017782
ACCAACCGCACTCCAC-1,0.678751,0.117654,0.00364,0.018994,0.000036,0.000036,0.000072,0.069357,0.11146
ACCAACGCTTATTTAT-1,0.000034,0.03294,0.153734,0.040811,0.309687,0.297754,0.021432,0.000034,0.143574
ACCAAGAACGCGTGTC-1,0.00005,0.095225,0.377916,0.056217,0.010806,0.023794,0.425376,0.010565,0.00005
ACCAAGTCATCGGCAG-1,0.991008,0.000016,0.000016,0.000016,0.000016,0.008865,0.000032,0.000016,0.000016
ACCAATATGCAAGTTA-1,0.003255,0.012892,0.120892,0.206567,0.044506,0.11838,0.365693,0.000033,0.127782
ACCACAACTCAGAACA-1,0.00004,0.00004,0.277065,0.00004,0.071374,0.001015,0.478251,0.068844,0.10333
ACCACAAGTTTCTATC-1,0.185448,0.000031,0.141972,0.091295,0.160837,0.172095,0.232915,0.003704,0.011703
ACCACACGGTTGATGG-1,0.2214,0.017403,0.000643,0.012141,0.064792,0.150395,0.033985,0.014129,0.485112
ACCACCAATGTAACAA-1,0.191351,0.039857,0.000035,0.073228,0.012083,0.002253,0.609547,0.000035,0.071611
ACCACCCTCTCTTCTA-1,0.000041,0.014248,0.067831,0.409278,0.000041,0.07096,0.014853,0.000041,0.422707
ACCACGTGCAGCTATA-1,0.140404,0.034876,0.073179,0.11772,0.085622,0.082814,0.370064,0.092064,0.003259
ACCAGACCATAACAAC-1,0.00006,0.798833,0.133253,0.067497,0.00006,0.00006,0.000119,0.00006,0.00006
ACCAGCCCGGTCTTTG-1,0.000056,0.201682,0.395915,0.000056,0.000056,0.205592,0.083893,0.112692,0.000056
ACCAGTGCCCGGTCAA-1,0.000051,0.000051,0.111612,0.000133,0.294753,0.091905,0.501392,0.000051,0.000051
ACCAGTGCGGGAGACG-1,0.734168,0.00627,0.007916,0.22623,0.000046,0.025186,0.000092,0.000046,0.000046
ACCATATCCGCAATAA-1,0.01635,0.000014,0.000014,0.0057,0.521535,0.213784,0.242574,0.000014,0.000014
ACCATCCGCCAACTAG-1,0.022091,0.21078,0.6165,0.000076,0.000076,0.000076,0.000153,0.114177,0.036071
ACCATCGTATATGGTA-1,0.000041,0.001322,0.121435,0.051989,0.235214,0.141047,0.434573,0.014336,0.000041
ACCCAACGCCCGTGGC-1,0.092167,0.023594,0.078474,0.100099,0.017534,0.288165,0.340147,0.05908,0.00074
ACCCACCTACATGCTC-1,0.000037,0.059197,0.20486,0.021223,0.032814,0.005951,0.604315,0.000037,0.071564
ACCCATCTTGAGGGTA-1,0.000029,0.000029,0.113365,0.000029,0.128218,0.480657,0.20217,0.023836,0.051666
ACCCATTTGTCCCTCT-1,0.992571,0.007196,0.000029,0.000029,0.000029,0.000029,0.000058,0.000029,0.000029
ACCCGAGCGAAATTAC-1,0.000025,0.016022,0.149414,0.017002,0.088002,0.020802,0.492411,0.051083,0.165239
ACCCGATTGGTTCCGA-1,0.00003,0.010041,0.078567,0.006964,0.020381,0.00003,0.358377,0.001924,0.523685
ACCCGGAAACTCCCAG-1,0.005542,0.000015,0.00251,0.014042,0.362973,0.400757,0.09773,0.052542,0.063887
ACCCGGAGCACCACAA-1,0.736026,0.130901,0.000036,0.012947,0.000036,0.000036,0.000071,0.006944,0.113005
ACCCGGATGACGCATC-1,0.38199,0.000024,0.001292,0.011573,0.034077,0.043944,0.524667,0.002411,0.000024
ACCCGGTTACACTTCC-1,0.000043,0.000043,0.061686,0.08178,0.227873,0.160225,0.395243,0.007347,0.06576
ACCCGTAGCAGAGAAT-1,0.315685,0.594354,0.003693,0.000044,0.000044,0.000044,0.000088,0.045868,0.040178
ACCCGTAGTCTAGTTG-1,0.976917,0.000019,0.000019,0.000019,0.000019,0.000019,0.000039,0.022927,0.000019
ACCCGTGTCATCAGTA-1,0.142239,0.000066,0.107494,0.143065,0.235102,0.130556,0.149858,0.000033,0.091588
ACCCTATGCCATATCG-1,0.000101,0.000101,0.345924,0.154875,0.000101,0.006287,0.246368,0.000101,0.246141
ACCCTCCCGTCAGGGC-1,0.858702,0.02486,0.006478,0.081506,0.000028,0.000028,0.000057,0.000028,0.028311
ACCCTCCCTTGCTATT-1,0.329593,0.114435,0.047108,0.383208,0.000889,0.014054,0.096466,0.000045,0.014202
ACCCTGGTAACGCCCT-1,0.014347,0.000021,0.008747,0.05547,0.363046,0.374701,0.107514,0.000021,0.076133
ACCCTTCATCTGCGAA-1,0.000027,0.031759,0.088656,0.02344,0.09519,0.058663,0.662532,0.039707,0.000027
ACCCTTGCCTGGGTCG-1,0.00002,0.00002,0.065245,0.057134,0.436055,0.239705,0.138079,0.00002,0.063722
ACCCTTTAGTTCTCCA-1,0.000048,0.000048,0.244468,0.016037,0.005056,0.012976,0.607935,0.017756,0.095677
ACCGAAAGGGCCCTGC-1,0.000033,0.16712,0.310991,0.000033,0.000033,0.043538,0.390491,0.087728,0.000033
ACCGAAGAGTCTGGTT-1,0.000079,0.846676,0.100445,0.000079,0.000079,0.000079,0.000158,0.000079,0.052327
ACCGACACATCTCCCA-1,0.007778,0.002446,0.082851,0.031697,0.031866,0.56187,0.010035,0.014422,0.257034
ACCGACTGAGTCCCAC-1,0.066316,0.013198,0.115196,0.100499,0.029753,0.499299,0.134785,0.000038,0.040917
ACCGAGTCTCCTTATT-1,0.005054,0.000011,0.000097,0.047206,0.507488,0.0901,0.03756,0.057323,0.255161
ACCGATAGGCATAACC-1,0.912307,0.018313,0.000021,0.000021,0.006766,0.000021,0.000042,0.012011,0.050497
ACCGATATTTAATCAT-1,0.766128,0.000024,0.000024,0.008956,0.041752,0.000024,0.002105,0.040733,0.140253
ACCGATGGTAGCATCG-1,0.073031,0.001184,0.04051,0.064998,0.070365,0.037876,0.711991,0.000023,0.000023
