Barcode,Topic 1,Topic 2,Topic 3,Topic 4,Topic 5,Topic 6,Topic 7,Topic 8,Topic 9
AAACAAGTATCTCCCA-1,0.046759,0.298487,0.064527,0.191003,0.010262,0.000026,0.054193,0.32188,0.012863
AAACAATCTACTAGCA-1,0.080294,0.223693,0.100608,0.051369,0.034895,0.195089,0.217312,0.095814,0.000926
AAACACCAATAACTGC-1,0.026694,0.025987,0.021362,0.007267,0.058229,0.323133,0.537282,0.000017,0.000028
AAACAGAGCGACTCCT-1,0.000034,0.016139,0.138867,0.206122,0.230961,0.236138,0.062754,0.086417,0.022568
AAACAGGGTCTATATT-1,0.000108,0.000108,0.000108,0.000108,0.000108,0.000108,0.000108,0.250929,0.748312
AAACAGTGTTCCTGGG-1,0.018002,0.22553,0.034627,0.040177,0.023535,0.011855,0.524615,0.084048,0.03761
AAACATTTCCCGGATT-1,0.289011,0.041009,0.003384,0.091015,0.075639,0.139195,0.343529,0.016382,0.000835
AAACCACTACACAGAT-1,0.001202,0.01202,0.012073,0.050657,0.090216,0.603503,0.044557,0.164547,0.021226
AAACCCGAACGAAATC-1,0.098237,0.242197,0.068548,0.138788,0.026386,0.006008,0.066171,0.334347,0.019317
AAACCGGAAATGTTAA-1,0.27088,0.190985,0.022141,0.26485,0.104598,0.012952,0.068616,0.044868,0.020111
AAACCGGGTAGGTACC-1,0.049847,0.000082,0.000082,0.000082,0.000082,0.000082,0.007304,0.213824,0.728617
AAACCGTTCGTCCAGG-1,0.000064,0.000064,0.300936,0.01568,0.020814,0.035369,0.020327,0.606679,0.000064
AAACCTAAGCAGCCGG-1,0.267927,0.063052,0.01129,0.082863,0.019049,0.098338,0.270592,0.135376,0.051513
AAACCTCATGAAGTTG-1,0.000092,0.000092,0.000092,0.000092,0.000092,0.000092,0.000092,0.470677,0.528678
AAACGAAGAACATACC-1,0.043275,0.470332,0.134726,0.060728,0.211819,0.005501,0.073587,0.000016,0.000016
AAACGAAGATGGAGTA-1,0.002139,0.006586,0.006921,0.029884,0.043629,0.405186,0.296082,0.125051,0.084522
AAACGACAGTCTTGCC-1,0.00006,0.00006,0.006651,0.000217,0.002756,0.01882,0.00006,0.318109,0.653267
AAACGAGACGGTTGAT-1,0.019168,0.002168,0.16565,0.027553,0.026025,0.002,0.000032,0.041212,0.716192
AAACGCCCGAGATCGG-1,0.004387,0.000035,0.001833,0.006383,0.030957,0.589419,0.026107,0.233476,0.107403
AAACGGGCGTACGGGT-1,0.686025,0.01794,0.002603,0.01782,0.021299,0.07556,0.151499,0.00345,0.023804
AAACGGTTGCGAACTG-1,0.026268,0.176745,0.012288,0.070652,0.071773,0.046691,0.583936,0.011635,0.000012
AAACGTGTTCGCCCTA-1,0.000126,0.000126,0.170278,0.006846,0.066535,0.047359,0.000126,0.402869,0.305736
AAACTAACGTGGCGAC-1,0.000028,0.023898,0.107922,0.288422,0.221081,0.2556,0.020159,0.082862,0.000028
AAACTCGGTTCGCAAT-1,0.022672,0.090061,0.030278,0.157787,0.093955,0.040534,0.508157,0.003893,0.052663
AAACTCGTGATATAAG-1,0.000086,0.000081,0.000081,0.000081,0.000081,0.000081,0.000081,0.001303,0.998126
AAACTGCTGGCTCCAA-1,0.040513,0.21194,0.224917,0.274849,0.13597,0.012156,0.04334,0.030854,0.025462
AAACTTAATTGCACGC-1,0.033843,0.008623,0.017069,0.001027,0.006377,0.247361,0.565656,0.118868,0.001175
AAACTTGCAAACGTAT-1,0.071047,0.0001,0.0001,0.0001,0.0001,0.0001,0.0001,0.147673,0.780677
AAAGAATGTGGACTAA-1,0.831178,0.058929,0.000018,0.000037,0.000209,0.023013,0.063918,0.000018,0.022681
AAAGACATGAAGTTTA-1,0.009607,0.016027,0.018361,0.042859,0.146745,0.613791,0.105521,0.037419,0.00967
AAAGACCCAAGTCGCG-1,0.00003,0.505802,0.260202,0.032521,0.042932,0.002668,0.066186,0.089628,0.00003
AAAGACTGGGCGCTTT-1,0.000064,0.019299,0.035115,0.039836,0.039217,0.44938,0.072567,0.132102,0.21242
AAAGCTTGCCTACATA-1,0.015787,0.00669,0.104562,0.061788,0.365785,0.339903,0.036826,0.034859,0.033799
AAAGGCCCTATAATAC-1,0.016404,0.079719,0.015634,0.000017,0.002081,0.208888,0.635515,0.041725,0.000017
AAAGGCTACGGACCAT-1,0.060696,0.134298,0.004937,0.044886,0.011225,0.051369,0.505191,0.174629,0.012769
AAAGGCTCTCGCGCCG-1,0.013199,0.348948,0.076377,0.008068,0.003979,0.015266,0.229243,0.304872,0.000049
AAAGGGATGTAGCAAG-1,0.000032,0.004589,0.122216,0.117148,0.277118,0.173141,0.007569,0.00632,0.291867
AAAGGGCAGCTTGAAT-1,0.00005,0.066313,0.21076,0.131217,0.030858,0.037916,0.032183,0.418307,0.072396
AAAGGTAAGCTGTACC-1,0.033882,0.000075,0.029266,0.135135,0.29711,0.145767,0.000075,0.318602,0.040088
AAAGGTCAACGACATG-1,0.145894,0.000031,0.004181,0.000031,0.000031,0.000597,0.000031,0.16303,0.686173
AAAGTAGCATTGCTCA-1,0.010265,0.008025,0.042642,0.066971,0.312876,0.394533,0.107394,0.057263,0.000031
AAAGTCACTGATGTAA-1,0.016249,0.574682,0.113578,0.019368,0.156289,0.098434,0.021367,0.000017,0.000017
AAAGTCGACCCTCAGT-1,0.070097,0.000067,0.082092,0.000067,0.000067,0.000067,0.000067,0.087915,0.759564
AAAGTGTGATTTATCT-1,0.000015,0.699863,0.039606,0.114726,0.074453,0.006639,0.036111,0.028572,0.000015
AAAGTTGACTCCCGTA-1,0.109832,0.173416,0.037993,0.272657,0.044125,0.009345,0.025373,0.327224,0.000034
AAATAACCATACGGGA-1,0.0013,0.137221,0.094546,0.096533,0.310369,0.259734,0.09001,0.010263,0.000025
AAATAAGGTAGTGCCC-1,0.000018,0.100413,0.220259,0.133877,0.322926,0.059498,0.086687,0.019773,0.05655
AAATACCTATAAGCAT-1,0.038621,0.262103,0.32821,0.041412,0.027661,0.007581,0.063992,0.157462,0.072959
AAATAGCTTAGACTTT-1,0.000018,0.576653,0.090124,0.029202,0.177794,0.018658,0.106428,0.001104,0.000018
AAATAGGGTGCTATTG-1,0.000479,0.379055,0.057491,0.123282,0.01949,0.000311,0.039068,0.282798,0.098026
AAATCACTCCTAAACG-1,0.068505,0.085954,0.019325,0.079402,0.193469,0.210143,0.072432,0.068359,0.202412
AAATCCGATACACGCC-1,0.364831,0.026938,0.003168,0.025415,0.011011,0.029144,0.224096,0.271222,0.044175
AAATCGCGGAAGGAGT-1,0.002359,0.012262,0.01906,0.002715,0.05612,0.617261,0.283893,0.001856,0.004476
AAATCGTGTACCACAA-1,0.00004,0.0404,0.429914,0.165416,0.112363,0.025303,0.028904,0.189776,0.007885
AAATCTAGCCCTGCTA-1,0.019478,0.278443,0.016024,0.212665,0.128012,0.037873,0.302633,0.0042,0.000672
AAATCTGCCCGCGTCC-1,0.042289,0.172885,0.131072,0.034019,0.043456,0.063007,0.356412,0.104244,0.052616
AAATGACTGATCAAAC-1,0.413858,0.000051,0.000051,0.000051,0.000051,0.072544,0.338223,0.175119,0.000051
AAATGATTCGATCAGC-1,0.060866,0.038773,0.094549,0.170124,0.111001,0.007106,0.000048,0.069563,0.44797
AAATGCTCGTTACGTT-1,0.09541,0.297897,0.052911,0.251577,0.09034,0.007815,0.052673,0.151339,0.000037
AAATGGCATGTCTTGT-1,0.000069,0.049724,0.466492,0.031881,0.035845,0.000069,0.000069,0.392865,0.022987
AAATGGCCCGTGCCCT-1,0.000115,0.000115,0.000115,0.000115,0.000115,0.024025,0.000115,0.692891,0.282396
AAATGGTCAATGTGCC-1,0.339542,0.000057,0.023217,0.000057,0.076878,0.000057,0.000057,0.020855,0.539279
AAATGTGGGTGCTCCT-1,0.000041,0.271135,0.092117,0.020259,0.035351,0.047962,0.048907,0.465849,0.018378
AAATTAACGGGTAGCT-1,0.107533,0.073519,0.054054,0.312942,0.172094,0.02814,0.000044,0.035107,0.216568
AAATTAATAAGCGCGA-1,0.020251,0.050392,0.368171,0.062635,0.103833,0.082081,0.025716,0.190798,0.096123
AAATTACACGACTCTG-1,0.014504,0.166721,0.02834,0.088041,0.347991,0.188291,0.166057,0.000027,0.000027
AAATTACCTATCGATG-1,0.000057,0.000057,0.190504,0.048169,0.008824,0.000057,0.000057,0.496353,0.25592
AAATTCCAGGTCCAAA-1,0.002735,0.527439,0.170413,0.064898,0.075358,0.016703,0.019184,0.083207,0.040064
AAATTGATAGTCCTTT-1,0.000034,0.03954,0.119175,0.042774,0.080733,0.190114,0.481746,0.040922,0.004961
AAATTGGTGAGAAGCA-1,0.0001,0.0001,0.021127,0.0001,0.079887,0.081702,0.0001,0.220239,0.596642
AAATTTACCGAAATCC-1,0.012224,0.290678,0.103289,0.062023,0.179462,0.289062,0.034421,0.016251,0.012591
AAATTTGCGGGTGTGG-1,0.000039,0.000054,0.137424,0.135335,0.187557,0.241346,0.000974,0.233749,0.063522
AACAACTGGTAGTTGC-1,0.007,0.004106,0.111313,0.17441,0.269146,0.160106,0.007783,0.233216,0.032921
AACAATACATTGTCGA-1,0.017871,0.018748,0.004868,0.000124,0.00233,0.104721,0.655418,0.161252,0.034668
AACAATTACTCTACGC-1,0.000877,0.236654,0.173563,0.061713,0.076386,0.216585,0.116943,0.07734,0.039938
AACACACGCTCGCCGC-1,0.09625,0.586589,0.02117,0.170372,0.076711,0.002812,0.043165,0.002916,0.000015
AACACGACTGTACTGA-1,0.000047,0.256081,0.378452,0.098937,0.020002,0.001962,0.033507,0.210964,0.000047
AACACGAGACGCGGCC-1,0.047151,0.000081,0.000081,0.000081,0.000081,0.039484,0.000081,0.089091,0.823867
AACACGCGGCCGCGAA-1,0.094138,0.487497,0.232221,0.014558,0.027898,0.030417,0.01564,0.085414,0.012217
AACAGCTGTGTGGCAA-1,0.000016,0.390066,0.049587,0.016062,0.073091,0.01034,0.459551,0.001271,0.000016
AACAGGAAATCGAATA-1,0.003006,0.468182,0.088714,0.019473,0.198171,0.120016,0.029931,0.011078,0.061428
AACAGGATGGGCCGCG-1,0.000043,0.027233,0.534915,0.129768,0.175937,0.018739,0.055621,0.057702,0.000043
AACAGGTAGTATGGAT-1,0.028625,0.346171,0.058734,0.177357,0.090064,0.006205,0.174886,0.113759,0.004199
AACATAGCGTGTATCG-1,0.897654,0.000038,0.000038,0.000038,0.000038,0.000038,0.000038,0.033117,0.069002
AACATATCAACTGGTG-1,0.00003,0.002231,0.10181,0.061335,0.372843,0.214905,0.027594,0.219221,0.00003
AACATCGATACGTCTA-1,0.017085,0.000087,0.077987,0.000095,0.000087,0.000087,0.000087,0.32667,0.577814
AACATTGAAGTTGATC-1,0.003231,0.174454,0.008246,0.023501,0.000806,0.189484,0.503109,0.031295,0.065874
AACATTGTGACTCGAG-1,0.052397,0.357927,0.010277,0.161541,0.033569,0.010538,0.243909,0.122554,0.007288
AACCAAGACTTCTCTG-1,0.035047,0.018349,0.000056,0.000056,0.000056,0.000056,0.023271,0.007817,0.91529
AACCAGTATCACTCTT-1,0.066681,0.058541,0.443163,0.022991,0.069577,0.137412,0.06359,0.12199,0.016056
AACCATAGGGTTGAAC-1,0.007693,0.040244,0.042569,0.004021,0.036077,0.274027,0.579997,0.013989,0.001383
AACCATGGGATCGCTA-1,0.038288,0.207606,0.12519,0.091012,0.034814,0.028723,0.078325,0.284858,0.111183
AACCCAGAGACGGAGA-1,0.01574,0.415373,0.190285,0.041679,0.057167,0.09342,0.120861,0.06544,0.000034
AACCCATCCCATGATC-1,0.00002,0.00002,0.00002,0.00002,0.00002,0.551034,0.330426,0.00002,0.118417
AACCCGACAACCCGTG-1,0.052925,0.427429,0.003582,0.009534,0.023244,0.117313,0.365957,0.000008,0.000008
AACCCGAGCAGAATCG-1,0.19675,0.009959,0.000038,0.028975,0.01819,0.014243,0.208125,0.47466,0.04906
AACCCGATAGGGCTTC-1,0.018463,0.054425,0.017571,0.157851,0.158757,0.451186,0.040745,0.077544,0.023459
AACCCGCTGTATTCCA-1,0.315012,0.001226,0.00003,0.00003,0.00003,0.054791,0.428507,0.184692,0.015681
AACCCTACTGTCAATA-1,0.002582,0.183846,0.131584,0.058229,0.03215,0.006833,0.002639,0.475784,0.106352
AACCCTGGTGGAACCA-1,0.013818,0.120492,0.303719,0.048656,0.049249,0.024463,0.000769,0.138497,0.300337
AACCGAGCTTGGTCAT-1,0.05935,0.219299,0.090961,0.022439,0.11984,0.25243,0.052882,0.044542,0.138256
AACCGCTAAGGGATGC-1,0.026783,0.212674,0.031242,0.264519,0.04979,0.000029,0.064297,0.305506,0.045161
AACCGTTGTGTTTGCT-1,0.00003,0.526178,0.161625,0.03449,0.18797,0.077327,0.01232,0.00003,0.00003
AACCTAAAGCCGTCCG-1,0.000031,0.084758,0.235631,0.090884,0.259864,0.061021,0.019976,0.088767,0.159066
AACCTCGCTTTAGCCC-1,0.025095,0.059231,0.016702,0.069785,0.102725,0.087867,0.578612,0.020382,0.039601
AACCTGTCACGGAATT-1,0.000022,0.567291,0.210371,0.028795,0.09872,0.000022,0.017636,0.037142,0.040001
AACCTTTAAATACGGT-1,0.064653,0.329831,0.00276,0.113289,0.06384,0.01501,0.112134,0.298452,0.000031
AACCTTTACGACGTCT-1,0.000036,0.045559,0.051005,0.291106,0.272466,0.277859,0.012877,0.040784,0.008308
AACGAAAGTCGTCCCA-1,0.001281,0.000026,0.000009,0.000009,0.000064,0.817013,0.181579,0.000009,0.000009
AACGACCTCCTAGCCG-1,0.67731,0.062805,0.020673,0.017217,0.019669,0.024122,0.016055,0.07868,0.083469
AACGATAATGCCGTAG-1,0.000014,0.619718,0.016482,0.196704,0.075516,0.000912,0.090625,0.000014,0.000014
AACGATAGAAGGGCCG-1,0.101257,0.242949,0.28856,0.102014,0.060847,0.007219,0.032988,0.092335,0.071831
AACGATATGTCAACTG-1,0.002667,0.000306,0.04913,0.005032,0.025372,0.080521,0.00185,0.016318,0.818804
AACGCATGATCTGGGT-1,0.000085,0.000085,0.000085,0.000085,0.000085,0.000085,0.000085,0.053529,0.945877
AACGCGAACGGCAACA-1,0.01272,0.480792,0.034757,0.168206,0.035607,0.025357,0.062536,0.171072,0.008954
AACGCGACCTTGGGCG-1,0.015197,0.255966,0.015914,0.025835,0.018988,0.046756,0.447773,0.155428,0.018143
AACGCGGTCTCCAGCC-1,0.000042,0.013474,0.178527,0.123709,0.271634,0.261038,0.008047,0.048855,0.094675
AACGCTGTTGCTGAAA-1,0.108361,0.25179,0.031135,0.328539,0.107066,0.01072,0.145054,0.004669,0.012666
AACGGACGTACGTATA-1,0.311455,0.15008,0.089696,0.17474,0.050114,0.00003,0.003369,0.199219,0.021297
AACGGCCATCTCCGGT-1,0.000021,0.037421,0.109674,0.146764,0.232659,0.310956,0.05557,0.042508,0.064428
AACGTACTGTGGGTAC-1,0.012452,0.052402,0.157797,0.325246,0.150314,0.12846,0.07193,0.074994,0.026405
AACGTAGTCTACCCAT-1,0.020899,0.298626,0.327811,0.084736,0.089711,0.005366,0.136608,0.0362,0.000042
AACGTCAGACTAGTGG-1,0.046556,0.290195,0.087191,0.282042,0.18815,0.02419,0.079052,0.002589,0.000033
AACGTCGCTGCACTTC-1,0.930724,0.000022,0.000023,0.000022,0.000022,0.000022,0.000022,0.050455,0.018686
AACGTGATGAAGGACA-1,0.086456,0.028574,0.192669,0.241413,0.249656,0.034089,0.097193,0.069902,0.000049
AACGTGCGAAAGTCTC-1,0.000036,0.02791,0.563667,0.083038,0.019562,0.000036,0.000036,0.118958,0.186758
AACGTTATCAGCACCT-1,0.000019,0.73838,0.016449,0.000019,0.005894,0.214453,0.024748,0.000019,0.000019
AACTACCCGTTTGTCA-1,0.030085,0.120883,0.071348,0.247521,0.00223,0.000041,0.079088,0.358791,0.090014
AACTAGCGTATCGCAC-1,0.000996,0.384116,0.05627,0.097871,0.051099,0.034752,0.222777,0.120898,0.031221
AACTAGGCTTGGGTGT-1,0.005242,0.079192,0.01695,0.069183,0.013423,0.264148,0.397004,0.123495,0.031363
AACTCAAGTTAATTGC-1,0.100207,0.06314,0.123786,0.036713,0.008609,0.076886,0.040143,0.0514,0.499116
AACTCCAGAGCGTGTT-1,0.087928,0.045576,0.032907,0.202667,0.145874,0.064657,0.367981,0.043633,0.008777
AACTCCTAATCCCATG-1,0.002468,0.08076,0.238287,0.118866,0.147926,0.179214,0.019239,0.048742,0.164498
AACTCGATGGCGCAGT-1,0.000025,0.360453,0.07161,0.153324,0.151861,0.049218,0.076897,0.012005,0.124607
AACTCTCAATAGAGCG-1,0.040577,0.090195,0.005805,0.335696,0.022983,0.152698,0.322563,0.010832,0.018651
AACTCTCAGTGTGCTC-1,0.100677,0.017162,0.09688,0.062848,0.004647,0.113411,0.122296,0.482019,0.000058
AACTGAGGTCAGCGTC-1,0.000047,0.001441,0.12399,0.150491,0.336905,0.110723,0.008591,0.139953,0.127858
AACTGATATTAGGCCT-1,0.093155,0.129752,0.16624,0.299962,0.058922,0.031391,0.025332,0.086074,0.109172
AACTGGGTCCCGACGT-1,0.000022,0.108807,0.06108,0.180807,0.627345,0.005146,0.01675,0.000022,0.000022
AACTGGGTTCGAGCCG-1,0.000048,0.047045,0.112094,0.144617,0.215505,0.006006,0.003565,0.358296,0.112824
AACTGGTGTGGGCCTT-1,0.000061,0.252529,0.160641,0.068296,0.033595,0.018992,0.011108,0.383609,0.07117
AACTTCTGCGTCTATC-1,0.005162,0.382752,0.082471,0.09433,0.017814,0.167091,0.140167,0.110172,0.000041
AACTTGCCCGTATGCA-1,0.008637,0.126907,0.222362,0.237756,0.21564,0.051164,0.040734,0.092166,0.004635
AACTTGCGTTCTCGCG-1,0.014111,0.644128,0.027232,0.048359,0.02618,0.117236,0.086442,0.001419,0.034892
AACTTTACGGGAGCTT-1,0.000031,0.033381,0.238499,0.104397,0.341231,0.031355,0.138063,0.110266,0.002778
AACTTTAGCTGCTGAG-1,0.000025,0.805408,0.098007,0.006387,0.080688,0.004308,0.005128,0.000025,0.000025
AACTTTCTCGATCATG-1,0.010107,0.000097,0.000097,0.000097,0.000097,0.000097,0.000097,0.216441,0.772868
AAGAAAGTTTGATGGG-1,0.036132,0.204239,0.038857,0.014316,0.022447,0.076985,0.392076,0.137615,0.077334
AAGAAGGATCAGTTAG-1,0.078034,0.514621,0.043301,0.191502,0.042188,0.000022,0.08259,0.04772,0.000022
AAGACATACGTGGTTT-1,0.882171,0.000025,0.000025,0.000025,0.000025,0.000025,0.000025,0.073005,0.044674
AAGACCAAATAACTCA-1,0.010745,0.00002,0.00002,0.00002,0.00002,0.236453,0.564313,0.148948,0.03946
AAGACCCAACTGAACA-1,0.079342,0.048879,0.025347,0.013806,0.004423,0.005565,0.428965,0.39365,0.000023
AAGACTAACCCGTTGT-1,0.062753,0.563639,0.141339,0.056769,0.041417,0.00466,0.019946,0.109459,0.000019
AAGACTCACGCCCACT-1,0.005892,0.001802,0.08239,0.059114,0.203399,0.351466,0.074853,0.206715,0.014369
AAGACTGCAAGCTACT-1,0.000037,0.039622,0.245458,0.143884,0.320387,0.08779,0.015335,0.095926,0.051562
AAGAGATGAATCGGTA-1,0.000028,0.316709,0.243206,0.10133,0.11287,0.056286,0.055724,0.013315,0.100532
AAGAGCTCTTTATCGG-1,0.000032,0.05985,0.350791,0.170435,0.277447,0.079772,0.005907,0.039819,0.015948
AAGAGGCATGGATCGC-1,0.000028,0.145658,0.343011,0.040948,0.325013,0.033801,0.039893,0.053871,0.017778
AAGAGGCCCTTTGGAA-1,0.158613,0.00004,0.00004,0.011068,0.00892,0.016084,0.255271,0.408869,0.141097
AAGATGGCACCGGACC-1,0.015754,0.164703,0.033873,0.002841,0.013672,0.111359,0.428481,0.1314,0.097917
AAGATTGGCGGAACGT-1,0.000084,0.000084,0.098293,0.00048,0.000084,0.000084,0.000084,0.641339,0.25947
AAGCACCCTGCGTATC-1,0.153084,0.052483,0.000037,0.015516,0.002615,0.205749,0.188042,0.044461,0.338014
AAGCATACTCTCCTGA-1,0.039805,0.519148,0.018428,0.188806,0.070133,0.032124,0.130168,0.001375,0.000013
AAGCCACTTGCAGGTA-1,0.112765,0.017329,0.000177,0.002482,0.00003,0.005547,0.26328,0.59834,0.00005
AAGCCGAAGCGGTTTA-1,0.021217,0.079159,0.018086,0.350188,0.076236,0.004901,0.28999,0.110762,0.049459
AAGCCGCCGTGAAATC-1,0.024198,0.055751,0.061537,0.000706,0.002593,0.01786,0.449163,0.388163,0.000029
AAGCGCAGGGCTTTGA-1,0.053079,0.020395,0.000114,0.029695,0.01659,0.177358,0.660343,0.03485,0.007576
AAGCGGAGTGCGCGCA-1,0.00002,0.004718,0.029174,0.04648,0.126182,0.711382,0.004095,0.062004,0.015945
AAGCGGCGTCATGGGT-1,0.000047,0.187134,0.110646,0.318446,0.231346,0.049061,0.003046,0.100226,0.000047
AAGCGTCCCTCATCGA-1,0.014779,0.18963,0.076948,0.034223,0.070532,0.137429,0.411924,0.031223,0.033312
AAGCTAGATCGAGTAA-1,0.039903,0.113585,0.227852,0.091947,0.071872,0.001115,0.023769,0.395994,0.033964
AAGCTCGTGCCAAGTC-1,0.00552,0.027126,0.210483,0.233267,0.36279,0.022627,0.000888,0.051644,0.085654
AAGCTCTTTCATGGTG-1,0.03526,0.535319,0.014413,0.072613,0.063482,0.069013,0.185379,0.02449,0.000031
AAGGAGAACTTATAAG-1,0.052315,0.508768,0.065784,0.041406,0.168437,0.144544,0.012159,0.006063,0.000524
AAGGAGCGGTTGGTGC-1,0.000069,0.000069,0.135213,0.283348,0.077482,0.000072,0.000069,0.275197,0.228482
AAGGATCGATCGCTTG-1,0.035108,0.154058,0.064898,0.199082,0.02014,0.000038,0.026206,0.500434,0.000037
AAGGATGAGGGACCTC-1,0.000051,0.000051,0.161774,0.211562,0.025999,0.002447,0.000051,0.262806,0.335258
AAGGCAGGCTGTCTCC-1,0.006955,0.50928,0.036182,0.072145,0.016545,0.014083,0.081803,0.202261,0.060746
AAGGCGCGTAAAGCTT-1,0.00005,0.21581,0.411374,0.061655,0.04615,0.00005,0.000663,0.156409,0.107839
AAGGCTGTGCTCATCG-1,0.00008,0.00008,0.116583,0.161831,0.016419,0.075569,0.001124,0.297283,0.331032
AAGGGAACGACTGGCT-1,0.078294,0.009242,0.006294,0.000025,0.000025,0.284825,0.427315,0.170089,0.023891
AAGGGACAGATTCTGT-1,0.000086,0.000086,0.160034,0.047091,0.01775,0.000086,0.000086,0.40846,0.366321
AAGGGACTATGCATTC-1,0.000022,0.091151,0.153393,0.015314,0.079908,0.103715,0.489378,0.067095,0.000022
AAGGGTTAGCCATGCG-1,0.534791,0.114701,0.048457,0.120208,0.02433,0.015137,0.045199,0.058429,0.038748
AAGGTATCCTAATATA-1,0.00015,0.00015,0.00015,0.00015,0.179802,0.126239,0.00015,0.022155,0.671053
AAGGTGATAAACCAGC-1,0.000016,0.403738,0.021863,0.207776,0.136575,0.037424,0.156639,0.015244,0.020724
AAGTAAGCTTCCAAAC-1,0.008129,0.309458,0.190009,0.060903,0.047141,0.01894,0.006377,0.358923,0.000119
AAGTAGAAGACCGGGT-1,0.028788,0.265022,0.286921,0.081436,0.132016,0.000057,0.013884,0.191819,0.000057
AAGTAGTGACGCGAGG-1,0.003518,0.008248,0.072644,0.030814,0.029078,0.000079,0.000079,0.003417,0.852123
AAGTCAATTGTCGTCA-1,0.000041,0.177147,0.135412,0.105299,0.000536,0.000041,0.000041,0.531696,0.049789
AAGTCTAGTAGCTGCC-1,0.047348,0.12619,0.004636,0.011037,0.286863,0.029973,0.024122,0.009248,0.460584
AAGTGAGTCGGGTTTA-1,0.000556,0.088389,0.005606,0.009498,0.026539,0.070338,0.565456,0.218863,0.014755
AAGTGCAAAGGTAGAC-1,0.000054,0.208854,0.126401,0.044478,0.06071,0.128996,0.087779,0.280152,0.062575
AAGTGCCTTGACTGTA-1,0.000031,0.416108,0.072394,0.073144,0.034145,0.006968,0.061049,0.273305,0.062855
AAGTGCGTTAGAATCT-1,0.000043,0.008474,0.024917,0.254535,0.077995,0.230509,0.027426,0.060819,0.315281
AAGTGCTTCTCTATTG-1,0.023983,0.086634,0.000017,0.000017,0.000017,0.100569,0.686681,0.099643,0.002438
AAGTGTTTGGAGACGG-1,0.023538,0.234503,0.201805,0.104794,0.00507,0.000046,0.008824,0.421372,0.000046
AAGTTCACTCCAAGCT-1,0.027021,0.354326,0.004305,0.131389,0.045325,0.11315,0.2499,0.003895,0.07069
AAGTTCAGTCTGCGTA-1,0.000038,0.218557,0.007499,0.177783,0.28533,0.042932,0.02033,0.043779,0.203752
AAGTTCGGCCAACAGG-1,0.000023,0.006088,0.048613,0.305062,0.187148,0.197508,0.007546,0.004173,0.243839
AAGTTGTGATGTTATA-1,0.997043,0.000017,0.000017,0.000017,0.000202,0.000017,0.000017,0.000017,0.002656
AAGTTTACTAATGGCA-1,0.000016,0.523951,0.116094,0.055518,0.219201,0.025534,0.059655,0.000016,0.000016
AAGTTTATGGGCCCAA-1,0.040707,0.018238,0.003035,0.008363,0.005199,0.089168,0.708073,0.051868,0.075349
AATAACAACGCTCGGC-1,0.000052,0.000052,0.000052,0.000052,0.000052,0.102632,0.011605,0.000052,0.885452
AATAACACTAGAACAA-1,0.000028,0.079367,0.227385,0.060663,0.070997,0.081858,0.349749,0.120658,0.009295
AATAAGTCCTCGAGAC-1,0.000041,0.120949,0.18566,0.094196,0.267139,0.017479,0.103274,0.211219,0.000041
AATAATCTTCGTATCG-1,0.649796,0.042189,0.011434,0.065381,0.038231,0.007039,0.004034,0.117474,0.064421
AATACAATGTTTCAGG-1,0.012223,0.24359,0.112315,0.09882,0.257241,0.066181,0.200004,0.009588,0.000038
AATACCGGAGGGCTGT-1,0.073381,0.153549,0.00463,0.0114,0.008584,0.076826,0.542465,0.054493,0.074672
AATACCTGATGTGAAC-1,0.952867,0.000023,0.000023,0.000023,0.000023,0.000023,0.000023,0.000023,0.046972
AATAGAACAGAGTGGC-1,0.000053,0.102185,0.037237,0.024147,0.009193,0.144649,0.115994,0.496606,0.069936
AATAGAATCTGTTTCA-1,0.000011,0.615238,0.01757,0.180813,0.132561,0.001072,0.052714,0.000011,0.000011
AATAGCAAGCCTCCTG-1,0.000026,0.011822,0.099221,0.09534,0.398093,0.234703,0.10257,0.058198,0.000026
AATAGCTACCGCGTGC-1,0.000126,0.000126,0.000126,0.000126,0.000126,0.000126,0.000126,0.241206,0.757913
AATAGTCCGTCCCGAC-1,0.004786,0.179371,0.019863,0.022825,0.06719,0.028608,0.427122,0.250205,0.000029
AATAGTCGCGAGTCGG-1,0.037598,0.218049,0.175157,0.040332,0.026354,0.102218,0.074307,0.284221,0.041764
AATATCAAGGTCGGAT-1,0.092887,0.2753,0.222497,0.061801,0.071941,0.036168,0.025179,0.192887,0.02134
AATATCGAATCAATGC-1,0.000011,0.565623,0.024887,0.131166,0.17034,0.003652,0.104297,0.000011,0.000011
AATATCGAGGGTTCTC-1,0.000042,0.000042,0.2472,0.151008,0.150267,0.148439,0.005275,0.156747,0.140981
AATATTGGAGTATTGA-1,0.000054,0.054703,0.015547,0.412692,0.149469,0.054069,0.000054,0.047174,0.266239
AATCAGACTGCAGGAC-1,0.066872,0.390339,0.164453,0.077414,0.100157,0.021944,0.011541,0.160079,0.0072
AATCAGGTTTCATTTA-1,0.125197,0.050767,0.000236,0.000301,0.000027,0.02033,0.595639,0.207152,0.00035
AATCATGTAAAGACTC-1,0.068949,0.245593,0.081488,0.23418,0.110206,0.005529,0.189392,0.045824,0.018839
AATCCAAGGGCCTGAG-1,0.000058,0.331473,0.106959,0.030049,0.061264,0.002932,0.058039,0.038373,0.370854
AATCCATGCAAGGGTG-1,0.00002,0.555311,0.084622,0.219876,0.078852,0.00002,0.026566,0.034713,0.00002
AATCCCGCTCAGAGCC-1,0.227843,0.000043,0.000043,0.000043,0.000043,0.069765,0.578679,0.06831,0.055233
AATCGAGGTCTCAAGG-1,0.962499,0.000071,0.000071,0.000071,0.000071,0.037006,0.000071,0.000071,0.000071
AATCGCCTCAGCGCCA-1,0.025978,0.079411,0.429279,0.09206,0.045493,0.000046,0.000707,0.154703,0.172323
AATCGCGCAGAGGACT-1,0.071554,0.512942,0.063375,0.218703,0.036488,0.005684,0.011523,0.060558,0.019173
AATCGGGACACTACGA-1,0.000029,0.307083,0.129729,0.080981,0.361643,0.016326,0.10415,0.000029,0.000029
AATCGGTATAGCCCTC-1,0.759502,0.008268,0.004695,0.00559,0.017449,0.023689,0.059206,0.000538,0.121064
AATCGTGAGCCGAGCA-1,0.713645,0.000037,0.000037,0.018859,0.000037,0.010392,0.029398,0.227371,0.000223
AATCTAGGTTTACTTG-1,0.000041,0.000041,0.032502,0.01036,0.030592,0.439075,0.217188,0.088272,0.18193
AATCTATGCCGGAGCC-1,0.000039,0.000053,0.017163,0.155674,0.339372,0.305944,0.012012,0.119783,0.049961
AATCTCTACTGTGGTT-1,0.000122,0.000122,0.000122,0.000122,0.000122,0.000122,0.000122,0.40688,0.592264
AATCTGCGTTGGGACG-1,0.02756,0.061919,0.28712,0.318327,0.100367,0.045543,0.050354,0.105364,0.003446
AATCTGGCTTTCTAGT-1,0.000104,0.000104,0.000104,0.000104,0.000104,0.000104,0.000104,0.580143,0.419132
AATCTGGGTAGACCCT-1,0.077304,0.039049,0.193142,0.057566,0.178921,0.039967,0.017691,0.396315,0.000046
AATGACAGCAATGTCT-1,0.000035,0.000035,0.098656,0.229004,0.10264,0.281068,0.0085,0.02595,0.254111
AATGACGTAGGATGTC-1,0.000017,0.565831,0.246659,0.022138,0.081661,0.008263,0.032946,0.006891,0.035593
AATGACTGTCAGCCGG-1,0.019646,0.066108,0.398381,0.13551,0.069674,0.031637,0.022143,0.251682,0.005217
AATGAGTTCGCATATG-1,0.001448,0.61597,0.062363,0.104481,0.048508,0.006972,0.113643,0.046584,0.000029
AATGATGATACGCTAT-1,0.000089,0.000089,0.000126,0.000089,0.000089,0.000089,0.000089,0.000089,0.999253
AATGATGCGACTCCTG-1,0.025307,0.000089,0.02862,0.038661,0.006751,0.000089,0.000089,0.542163,0.358231
AATGCAACCGGGTACC-1,0.00003,0.002085,0.193494,0.16054,0.381664,0.184665,0.015197,0.01363,0.048694
AATGCACCAAGCAATG-1,0.000132,0.000132,0.054265,0.005765,0.084541,0.000132,0.000132,0.39072,0.464182
AATGGCCGCCAATGCG-1,0.081608,0.011801,0.033804,0.029837,0.11919,0.112769,0.01933,0.177209,0.41445
AATGGTCCACCGTTCA-1,0.004501,0.000075,0.06157,0.000075,0.000075,0.298081,0.110969,0.316965,0.207689
AATGGTTCTCACAAGC-1,0.004291,0.071353,0.266342,0.005413,0.023065,0.000096,0.002258,0.627086,0.000096
AATGTATGGCACTGTA-1,0.016393,0.000023,0.000023,0.000023,0.000023,0.320185,0.617399,0.025591,0.020339
AATGTGCCCGAGGTGT-1,0.000034,0.137435,0.108583,0.036644,0.073432,0.190203,0.196844,0.147079,0.109746
AATGTGCTAATCTGAG-1,0.011008,0.123726,0.000014,0.000014,0.000014,0.333772,0.531424,0.000014,0.000014
AATGTTAAGACCCTGA-1,0.639266,0.000032,0.000032,0.000032,0.000032,0.017093,0.335208,0.008272,0.000032
AATGTTGTCGTGAGAC-1,0.938031,0.000024,0.000024,0.000024,0.000024,0.000024,0.000024,0.003226,0.058599
AATTAAAGGTCGGCGT-1,0.052379,0.075998,0.139559,0.19882,0.395373,0.068253,0.007795,0.03021,0.031611
AATTAACGGATTTCCA-1,0.024875,0.485189,0.015144,0.04312,0.021191,0.031448,0.144788,0.086255,0.14799
AATTACGAGACCCATC-1,0.022204,0.026807,0.043129,0.025315,0.023458,0.23879,0.311634,0.125392,0.183272
AATTAGCGCTGCAGCG-1,0.04267,0.41555,0.207351,0.087124,0.0206,0.010466,0.173997,0.042219,0.000022
AATTATACCCAGCAAG-1,0.985472,0.000052,0.000052,0.000052,0.000052,0.000052,0.000052,0.014161,0.000052
AATTCATAAGGGATCT-1,0.052093,0.00012,0.00012,0.00012,0.00012,0.151944,0.00012,0.030237,0.765126
AATTCATTGTCATGCA-1,0.000012,0.013098,0.004953,0.000359,0.010447,0.411675,0.559431,0.000012,0.000012
AATTCCAAGCATGTAC-1,0.07144,0.061407,0.009587,0.052804,0.013654,0.026319,0.597638,0.144185,0.022965
AATTCGATTCGAGGAT-1,0.148867,0.012139,0.014329,0.030574,0.01016,0.045783,0.194617,0.54184,0.001691
AATTCTAGAGTTAGGC-1,0.000029,0.220069,0.151944,0.224982,0.207283,0.004915,0.093618,0.002257,0.094903
AATTGAACGCTCTGGT-1,0.001477,0.227623,0.070271,0.172153,0.041173,0.041834,0.104006,0.339532,0.001931
AATTGCAGCAATCGAC-1,0.636943,0.004727,0.000017,0.000017,0.000017,0.138148,0.207357,0.000295,0.012478
AATTGCGTGGATTACA-1,0.000008,0.256726,0.016042,0.002704,0.036348,0.11515,0.573004,0.000008,0.000008
AATTGTGGTTGCCAAA-1,0.684475,0.03449,0.004836,0.001192,0.001582,0.021203,0.012713,0.150345,0.089164
AATTTGGGACATAGTA-1,0.00003,0.103695,0.092314,0.082313,0.412259,0.112853,0.165996,0.00003,0.03051
AATTTGGTTCCAAAGA-1,0.000031,0.320861,0.324421,0.021208,0.180801,0.036233,0.091961,0.001704,0.022781
ACAAACCATGCGTCCT-1,0.000017,0.032869,0.079342,0.003906,0.01998,0.07428,0.674507,0.113599,0.001499
ACAAACCGACAAGGCG-1,0.003325,0.000042,0.188962,0.076636,0.065899,0.000042,0.000042,0.451452,0.2136
ACAAACTCCATCAGAG-1,0.000047,0.000047,0.000047,0.000047,0.000047,0.006024,0.650778,0.341183,0.00178
ACAAAGCATGACCTAG-1,0.542468,0.000026,0.000026,0.000774,0.000026,0.003462,0.160709,0.278604,0.013905
ACAAATCGCACCGAAT-1,0.152354,0.196538,0.054118,0.170039,0.047595,0.006108,0.007476,0.255343,0.11043
ACAAATGGTAGTGTTT-1,0.009888,0.381027,0.060862,0.105297,0.090034,0.041301,0.132248,0.01942,0.159926
ACAAATTCAGATCTGA-1,0.000039,0.02139,0.033363,0.083315,0.248197,0.415708,0.131298,0.038811,0.027879
ACAACAGCATGAGCTA-1,0.000032,0.013387,0.215077,0.162248,0.282498,0.066006,0.006937,0.059628,0.194187
ACAACGGTCCCTGCGA-1,0.035723,0.183441,0.394664,0.020147,0.041311,0.013297,0.11323,0.191767,0.006421
ACAAGCAGTGCCTAGC-1,0.000031,0.060038,0.17515,0.219507,0.139713,0.117303,0.047259,0.009646,0.231353
ACAAGGAAATCCGCCC-1,0.019409,0.23019,0.03901,0.272515,0.088834,0.010197,0.185613,0.110411,0.043822
ACAAGGACAAGAGGTT-1,0.000056,0.000056,0.18338,0.152525,0.163989,0.045221,0.000056,0.339653,0.115063
ACAAGGATGCTTTAGG-1,0.064108,0.08062,0.057602,0.162734,0.090699,0.005424,0.40257,0.046322,0.089921
ACAAGGCCTACCAGCC-1,0.086282,0.000052,0.031884,0.062653,0.086171,0.345717,0.007834,0.264492,0.114915
ACAAGGGCAGGCTCTG-1,0.000035,0.288131,0.199816,0.119215,0.025449,0.003081,0.101988,0.241085,0.021201
ACAATCCATTTAAACC-1,0.042358,0.138218,0.001388,0.016102,0.097545,0.019634,0.004469,0.000045,0.680241
ACAATCGATCTTTATA-1,0.000051,0.225442,0.296733,0.018852,0.079236,0.022551,0.052378,0.282405,0.022353
ACAATGAATACGGAGA-1,0.004716,0.042799,0.045989,0.03535,0.009628,0.041018,0.448062,0.218859,0.153579
ACAATGATTCTTCTAC-1,0.000034,0.02915,0.082844,0.10619,0.065262,0.459702,0.065391,0.191393,0.000034
ACAATTGTGTCTCTTT-1,0.09686,0.31805,0.066494,0.146152,0.073684,0.028453,0.111793,0.134964,0.02355
ACAATTTAGGAGGCTC-1,0.000035,0.032678,0.170628,0.15686,0.21841,0.142726,0.155074,0.087909,0.035682
ACAATTTGAGCAGTGG-1,0.000049,0.000049,0.067865,0.276249,0.267976,0.066144,0.000049,0.180673,0.140946
ACAATTTGGCCATATT-1,0.061121,0.184565,0.172618,0.252268,0.040166,0.015352,0.092657,0.125541,0.055712
ACACAAAGACGGGTGG-1,0.000022,0.182038,0.169604,0.139874,0.406731,0.028191,0.073497,0.000022,0.000022
ACACAAATATTCCTAG-1,0.020896,0.000103,0.000103,0.000103,0.000103,0.000103,0.000103,0.521335,0.457153
ACACACCAGGACCAGT-1,0.020869,0.300531,0.028969,0.200281,0.054499,0.175584,0.024307,0.162047,0.032913
ACACACTTTCTACACG-1,0.042653,0.035461,0.23441,0.084386,0.066171,0.000103,0.000103,0.375933,0.16078
ACACATGATCAAATCT-1,0.004043,0.00316,0.019069,0.000021,0.001003,0.118594,0.510157,0.070733,0.273219
ACACATTTCCGTAGAC-1,0.615372,0.000037,0.005312,0.000037,0.000037,0.000037,0.096426,0.151907,0.130836
ACACCACATAATTAGC-1,0.000039,0.020344,0.577296,0.040794,0.006373,0.000039,0.000381,0.311993,0.042742
ACACCCAGCATGCAGC-1,0.000033,0.045584,0.295528,0.270719,0.236992,0.03826,0.061321,0.000064,0.051497
ACACCCGAGAAATCCG-1,0.010513,0.297451,0.32141,0.02693,0.084402,0.026313,0.071562,0.118475,0.042943
ACACCGAGCGCTCTTT-1,0.006203,0.114224,0.066921,0.062586,0.062971,0.065188,0.007349,0.494934,0.119625
ACACCGGTCTGACCGC-1,0.017655,0.000195,0.007454,0.000031,0.000031,0.146259,0.381605,0.327126,0.119644
ACACCTTAAGTAGGGC-1,0.000077,0.000077,0.308449,0.074855,0.041219,0.000077,0.000077,0.484284,0.090885
ACACCTTACTACTTGC-1,0.027512,0.2997,0.011999,0.204414,0.044469,0.021254,0.335201,0.055434,0.000018
ACACGAGACTCCTTCT-1,0.000079,0.000079,0.128817,0.118855,0.014966,0.000079,0.000079,0.281643,0.455403
ACACGGCACTATGCAT-1,0.000052,0.247886,0.382222,0.056204,0.233994,0.001461,0.046171,0.031957,0.000052
ACACGGGAACTTAGGG-1,0.003152,0.000121,0.000121,0.000121,0.000121,0.119285,0.048863,0.000121,0.828094
ACACGTAGGCCACAAG-1,0.275887,0.013939,0.00095,0.042053,0.007607,0.110974,0.184711,0.166217,0.197663
ACACTCCAATGTCACT-1,0.035647,0.173193,0.018757,0.110441,0.038877,0.157389,0.284894,0.107716,0.073085
ACACTGATCAAGGTGT-1,0.000072,0.067033,0.039643,0.196674,0.036207,0.110337,0.075244,0.466438,0.008352
ACACTGGGACAGTCGT-1,0.38388,0.000038,0.000038,0.002511,0.000038,0.027242,0.268083,0.089544,0.228625
ACAGAACTGAGAACAA-1,0.000039,0.000039,0.099163,0.065559,0.205055,0.24578,0.093803,0.227016,0.063546
ACAGATTAGGTTAGTG-1,0.004549,0.374533,0.23957,0.182243,0.072694,0.087383,0.020035,0.002234,0.016759
ACAGCATAGAGCCAGT-1,0.000036,0.424214,0.047095,0.102219,0.348252,0.056729,0.021383,0.000036,0.000036
ACAGCGACATTCTCAT-1,0.081632,0.085181,0.00012,0.18252,0.157785,0.124238,0.368492,0.000016,0.000016
ACAGCGCACCCGCAGC-1,0.000042,0.276007,0.290954,0.030835,0.148745,0.069341,0.032876,0.118754,0.032446
ACAGGCACGGATCCTT-1,0.999838,0.00002,0.00002,0.00002,0.00002,0.00002,0.00002,0.000021,0.00002
ACAGGCTTGCCCGACT-1,0.128719,0.174815,0.034638,0.117947,0.017078,0.000042,0.02199,0.503045,0.001725
ACAGGTGGAGGTGAGG-1,0.000054,0.000054,0.085636,0.037627,0.105993,0.092791,0.023094,0.618761,0.035989
ACAGTAATACAACTTG-1,0.000064,0.040445,0.023734,0.029584,0.009691,0.000064,0.000064,0.034796,0.861558
ACAGTATACCGTGGGA-1,0.04592,0.027935,0.098128,0.080431,0.323734,0.026581,0.001326,0.00773,0.388215
ACAGTGCAGCGCATTT-1,0.020413,0.000048,0.000048,0.000048,0.000048,0.000048,0.000048,0.156989,0.822312
ACATAAGTCGTGGTGA-1,0.008627,0.003035,0.000093,0.000043,0.000025,0.239452,0.502812,0.194216,0.051697
ACATAATAAGGCGGTG-1,0.018889,0.008104,0.253422,0.166413,0.177806,0.116012,0.000048,0.219155,0.040151
ACATACAATCAAGCGG-1,0.82493,0.000078,0.000078,0.000078,0.000078,0.000078,0.000078,0.148348,0.026256
ACATCAGCTGGGACGC-1,0.000041,0.01852,0.05881,0.146945,0.250502,0.219255,0.129398,0.164701,0.011827
ACATCCCGGCCATACG-1,0.031282,0.211659,0.103745,0.034586,0.014615,0.037898,0.202662,0.190933,0.172619
ACATCCTGGTAACTGT-1,0.1661,0.329373,0.064016,0.160595,0.091632,0.011686,0.11338,0.060043,0.003175
ACATCGATCGTTTACC-1,0.000023,0.402595,0.19241,0.045819,0.32721,0.006668,0.02523,0.000023,0.000023
ACATCGGTCAGCCGCG-1,0.160839,0.000067,0.048179,0.064521,0.000748,0.000067,0.000067,0.144058,0.581455
ACATCGTATGCAATGG-1,0.055981,0.26477,0.041419,0.247768,0.169264,0.098991,0.099434,0.015213,0.00716
ACATCGTTAACCTAGT-1,0.000044,0.405743,0.168608,0.028059,0.111012,0.113265,0.010103,0.082157,0.081008
ACATCTCAACGCGTAA-1,0.028332,0.226667,0.177501,0.036666,0.163087,0.096227,0.017161,0.247939,0.006421
ACATGCTTACGGCAGC-1,0.036365,0.002275,0.000031,0.000031,0.000031,0.01894,0.684295,0.148254,0.109779
ACATGGCGCCAAAGTA-1,0.10305,0.313217,0.06699,0.048632,0.07846,0.022402,0.09527,0.204184,0.067795
ACATTAGTTTATATCC-1,0.000029,0.35184,0.133959,0.172082,0.161147,0.011634,0.165689,0.003592,0.000029
ACATTCGCGCGGAATA-1,0.011067,0.276745,0.010815,0.064377,0.008061,0.000673,0.483768,0.144481,0.000013
ACATTTGAAACCTAAC-1,0.933376,0.000022,0.000022,0.000022,0.000022,0.000022,0.000022,0.014492,0.052
ACCAAACACCCAGCGA-1,0.036167,0.000079,0.000079,0.009357,0.000079,0.240062,0.000079,0.060828,0.653269
ACCAAACTAGAAATCC-1,0.000045,0.088343,0.380082,0.075146,0.034846,0.0084,0.036517,0.345996,0.030626
ACCAACACCACACACT-1,0.000073,0.000073,0.000073,0.000073,0.000073,0.023514,0.016834,0.026249,0.933039
ACCAACCGCACTCCAC-1,0.832841,0.00002,0.00002,0.00002,0.00002,0.014427,0.105139,0.00002,0.047491
ACCAACGCTTATTTAT-1,0.000052,0.076469,0.125081,0.037321,0.018298,0.018294,0.313074,0.189976,0.221435
ACCAAGAACGCGTGTC-1,0.014837,0.22908,0.339253,0.025049,0.05661,0.060756,0.113318,0.161057,0.000038
ACCAAGTCATCGGCAG-1,0.713172,0.034363,0.004314,0.022885,0.018214,0.029134,0.09608,0.002528,0.079311
ACCAATATGCAAGTTA-1,0.014645,0.276519,0.043545,0.228868,0.015602,0.000037,0.089358,0.221117,0.110309
ACCACAACTCAGAACA-1,0.000019,0.262557,0.092344,0.162847,0.385979,0.022559,0.073658,0.000019,0.000019
ACCACAAGTTTCTATC-1,0.003982,0.014973,0.000071,0.051878,0.000071,0.086328,0.114887,0.001486,0.726326
ACCACACGGTTGATGG-1,0.968855,0.000032,0.000032,0.000032,0.000032,0.017798,0.000032,0.000032,0.013156
ACCACCAATGTAACAA-1,0.062066,0.269542,0.032439,0.178748,0.070187,0.098314,0.120389,0.157376,0.010941
ACCACCCTCTCTTCTA-1,0.000863,0.000032,0.000032,0.000032,0.000032,0.002843,0.000032,0.000032,0.996102
ACCACGTGCAGCTATA-1,0.085108,0.163768,0.07196,0.138701,0.065199,0.000058,0.000058,0.24265,0.232499
ACCAGACCATAACAAC-1,0.026843,0.004916,0.176034,0.038683,0.046199,0.080271,0.016563,0.265328,0.345165
ACCAGCCCGGTCTTTG-1,0.046555,0.085314,0.334859,0.068042,0.078028,0.005595,0.022744,0.343694,0.015168
ACCAGGAGTGTGATCT-1,0.039385,0.523871,0.281788,0.03252,0.032214,0.007975,0.004527,0.041618,0.036102
ACCAGTGCCCGGTCAA-1,0.000034,0.053723,0.139604,0.233547,0.289666,0.110129,0.03672,0.037453,0.099125
ACCAGTGCGGGAGACG-1,0.000015,0.625448,0.048768,0.23661,0.064435,0.001634,0.020055,0.003018,0.000015
ACCATATCCGCAATAA-1,0.05254,0.046882,0.170988,0.26543,0.176338,0.094241,0.022473,0.031468,0.139639
ACCATCGTATATGGTA-1,0.010536,0.024194,0.15456,0.21506,0.240437,0.105112,0.008713,0.171998,0.069389
ACCCAACGCCCGTGGC-1,0.000053,0.000053,0.288936,0.090576,0.144818,0.243269,0.000053,0.125079,0.107166
ACCCACCTACATGCTC-1,0.052578,0.226636,0.357889,0.059593,0.047315,0.039495,0.063079,0.152954,0.000461
ACCCATCTTGAGGGTA-1,0.000123,0.000123,0.000123,0.000123,0.000123,0.000123,0.000123,0.309244,0.689894
ACCCATTTGTCCCTCT-1,0.106398,0.020411,0.00002,0.000732,0.01558,0.42269,0.358711,0.00002,0.075438
ACCCGAGCGAAATTAC-1,0.003111,0.288181,0.069349,0.007328,0.019716,0.120914,0.431561,0.001526,0.058313
ACCCGATTGGTTCCGA-1,0.038518,0.005358,0.00002,0.001602,0.000363,0.023163,0.710468,0.086245,0.134264
ACCCGGAAACTCCCAG-1,0.007056,0.334364,0.017415,0.205349,0.049431,0.023738,0.278422,0.083965,0.000261
ACCCGGATGACGCATC-1,0.000034,0.156658,0.20919,0.080796,0.032918,0.007839,0.033657,0.084234,0.394674
ACCCGGTTACACTTCC-1,0.000039,0.015159,0.230152,0.080171,0.362062,0.049864,0.0701,0.012199,0.180254
ACCCGTAGCAGAGAAT-1,0.010932,0.094215,0.006407,0.000028,0.000028,0.068233,0.532255,0.170495,0.117408
ACCCGTAGTCTAGTTG-1,0.708472,0.014676,0.004765,0.001428,0.015661,0.009232,0.005864,0.184338,0.055564
ACCCGTGTCATCAGTA-1,0.043579,0.095561,0.006822,0.084422,0.029058,0.118106,0.572254,0.044106,0.006091
ACCCTATAGGACTGAG-1,0.000049,0.355892,0.085265,0.101473,0.041163,0.000049,0.147619,0.268442,0.000049
ACCCTATGCCATATCG-1,0.00002,0.328281,0.097193,0.025528,0.057733,0.133156,0.35805,0.00002,0.00002
ACCCTCCCGTCAGGGC-1,0.802543,0.077295,0.00087,0.026411,0.026235,0.008368,0.058244,0.000017,0.000017
ACCCTCCCTTGCTATT-1,0.000026,0.333898,0.025754,0.199477,0.030394,0.062734,0.189511,0.125789,0.032417
ACCCTGGTAACGCCCT-1,0.064571,0.108096,0.001523,0.019562,0.00959,0.039454,0.06169,0.000075,0.695439
ACCCTTCATCTGCGAA-1,0.004978,0.317579,0.042736,0.034531,0.076028,0.086594,0.170974,0.000055,0.266525
ACCCTTGCCTGGGTCG-1,0.000076,0.012128,0.073708,0.047511,0.041483,0.057493,0.012272,0.311383,0.443945
ACCCTTTAGTTCTCCA-1,0.03747,0.027529,0.478764,0.057208,0.020358,0.000078,0.002607,0.342774,0.033213
ACCGAAAGGGCCCTGC-1,0.159083,0.351067,0.072706,0.03373,0.041616,0.083006,0.074646,0.171398,0.01275
ACCGAAGAGTCTGGTT-1,0.050119,0.009194,0.002136,0.002691,0.006104,0.532341,0.352135,0.041821,0.00346
ACCGACACATCTCCCA-1,0.062519,0.066627,0.009254,0.037191,0.015723,0.125348,0.482368,0.200944,0.000025
ACCGACTGAGTCCCAC-1,0.014196,0.000105,0.016018,0.083994,0.061996,0.000105,0.000105,0.087308,0.736171
ACCGAGTCTCCTTATT-1,0.606827,0.012456,0.00623,0.014059,0.010664,0.134092,0.122766,0.000757,0.09215
ACCGATAGGCATAACC-1,0.77762,0.002956,0.001189,0.013341,0.002025,0.051107,0.099935,0.030792,0.021035
ACCGATATTTAATCAT-1,0.528927,0.096412,0.037658,0.057028,0.029148,0.038002,0.02857,0.153686,0.030568
ACCGATGGTAGCATCG-1,0.000032,0.155897,0.441664,0.181449,0.037762,0.000358,0.041445,0.08943,0.051963
ACCGCAATAACTGCCT-1,0.027616,0.330382,0.043423,0.032927,0.003919,0.021682,0.133809,0.244519,0.161722
ACCGCGGTGGAAGTCG-1,0.00233,0.456398,0.095135,0.247071,0.031339,0.000021,0.072306,0.062916,0.032484
ACCGCTAGTCATTGGT-1,0.017049,0.202331,0.009222,0.018954,0.002839,0.007076,0.510615,0.231726,0.000188
ACCGGGCCTTTGTTGA-1,0.000037,0.374795,0.021797,0.160961,0.009543,0.000037,0.013324,0.418888,0.000621
ACCGGTCAGGTACACC-1,0.002804,0.01587,0.000014,0.000014,0.001212,0.573501,0.404874,0.000014,0.001696
ACCGGTCTGAGTACGG-1,0.034726,0.074089,0.022977,0.070069,0.310137,0.378618,0.079919,0.003333,0.026131
ACCGTCCACTGGGCCC-1,0.017207,0.002104,0.000183,0.000011,0.000163,0.641112,0.280588,0.010694,0.047939
ACCGTGACCACGTGGG-1,0.106024,0.108989,0.078114,0.003799,0.007655,0.025058,0.53552,0.125228,0.009614
ACCGTTCCCGCTCTGA-1,0.00853,0.218611,0.409562,0.151463,0.026641,0.022178,0.092373,0.070592,0.000049
ACCTAAGTACCTTTCA-1,0.003841,0.028066,0.012403,0.051676,0.300195,0.375243,0.228533,0.000022,0.000022
