Barcode,Topic 1,Topic 2to4,Topic 5to12
AAACAACGAATAGTTC-1,0.000029,0.255104,0.744867
AAACAAGTATCTCCCA-1,0.188694,0.368718,0.442588
AAACAATCTACTAGCA-1,0.002862,0.788695,0.208443
AAACACCAATAACTGC-1,0.042511,0.628801,0.328688
AAACAGAGCGACTCCT-1,0.000084,0.903652,0.096264
AAACAGCTTTCAGAAG-1,0.038396,0.735917,0.225686
AAACAGGGTCTATATT-1,0.037633,0.93764,0.024727
AAACAGTGTTCCTGGG-1,0.039473,0.268817,0.69171
AAACATGGTGAGAGGA-1,0.000019,0.404284,0.595696
AAACATTTCCCGGATT-1,0.515896,0.436985,0.047119
AAACCACTACACAGAT-1,0.101965,0.07039,0.827644
AAACCCGAACGAAATC-1,0.682788,0.310234,0.006978
AAACCGGAAATGTTAA-1,0.910375,0.030141,0.059484
AAACCGGGTAGGTACC-1,0.04029,0.936457,0.023253
AAACCGTTCGTCCAGG-1,0.000016,0.000048,0.999936
AAACCTAAGCAGCCGG-1,0.03916,0.387376,0.573464
AAACCTCATGAAGTTG-1,0.023684,0.620443,0.355873
AAACGAAGAACATACC-1,0.000035,0.453548,0.546417
AAACGAAGATGGAGTA-1,0.000018,0.095576,0.904406
AAACGACAGTCTTGCC-1,0.044839,0.144468,0.810692
AAACGAGACGGTTGAT-1,0.000018,0.231548,0.768434
AAACGCCCGAGATCGG-1,0.000008,0.002588,0.997404
AAACGCTGGGCACGAC-1,0.970601,0.000051,0.029348
AAACGGGCGTACGGGT-1,0.14863,0.591716,0.259654
AAACGGGTTGGTATCC-1,0.000022,0.173544,0.826435
AAACGGTTGCGAACTG-1,0.013254,0.039636,0.94711
AAACGTGTTCGCCCTA-1,0.061145,0.180936,0.757919
AAACTAACGTGGCGAC-1,0.002228,0.225342,0.77243
AAACTCGGTTCGCAAT-1,0.000006,0.003464,0.99653
AAACTCGTGATATAAG-1,0.000005,0.000016,0.999979
AAACTGCTGGCTCCAA-1,0.008377,0.198855,0.792767
AAACTTAATTGCACGC-1,0.050923,0.637815,0.311262
AAACTTGCAAACGTAT-1,0.136633,0.593867,0.2695
AAAGAATGACCTTAGA-1,0.000013,0.209702,0.790285
AAAGAATGTGGACTAA-1,0.987691,0.000072,0.012237
AAAGACATGAAGTTTA-1,0.000072,0.495897,0.50403
AAAGACTGGGCGCTTT-1,0.049713,0.463164,0.487123
AAAGCTTGCCTACATA-1,0.067054,0.150898,0.782048
AAAGGCCCTATAATAC-1,0.025279,0.490592,0.484129
AAAGGCTACGGACCAT-1,0.02231,0.192765,0.784925
AAAGGCTCTCGCGCCG-1,0.041124,0.036718,0.922158
AAAGGGATGTAGCAAG-1,0.000079,0.71179,0.288132
AAAGGGCAGCTTGAAT-1,0.025919,0.168131,0.80595
AAAGGTAAGCTGTACC-1,0.039571,0.643245,0.317185
AAAGGTCAACGACATG-1,0.039609,0.19749,0.762901
AAAGTAGCATTGCTCA-1,0.000064,0.90203,0.097906
AAAGTCACTGATGTAA-1,0.042157,0.957312,0.00053
AAAGTCGACCCTCAGT-1,0.008759,0.654645,0.336596
AAAGTGCCATCAATTA-1,0.983963,0.00005,0.015987
AAAGTGTGATTTATCT-1,0.094012,0.712664,0.193324
AAAGTTGACTCCCGTA-1,0.052776,0.281232,0.665992
AAATAACCATACGGGA-1,0.000052,0.869515,0.130432
AAATAAGGTAGTGCCC-1,0.235843,0.539374,0.224783
AAATACCTATAAGCAT-1,0.025243,0.003029,0.971728
AAATAGCTTAGACTTT-1,0.052792,0.155394,0.791814
AAATAGGGTGCTATTG-1,0.021451,0.568931,0.409617
AAATCACTCCTAAACG-1,0.003784,0.240241,0.755975
AAATCCGATACACGCC-1,0.145639,0.537493,0.316868
AAATCGCGGAAGGAGT-1,0.000053,0.774708,0.225239
AAATCGTGTACCACAA-1,0.00004,0.394922,0.605038
AAATCTAGCCCTGCTA-1,0.194366,0.196425,0.609208
AAATCTGCCCGCGTCC-1,0.065942,0.582494,0.351564
AAATGACTGATCAAAC-1,0.062006,0.382604,0.555391
AAATGATTCGATCAGC-1,0.020878,0.464943,0.514179
AAATGCTCGTTACGTT-1,0.023506,0.332791,0.643703
AAATGGCATGTCTTGT-1,0.00007,0.825512,0.174418
AAATGGCCCGTGCCCT-1,0.03818,0.559958,0.401863
AAATGGTCAATGTGCC-1,0.000052,0.439015,0.560932
AAATGTATCTTATCCC-1,0.023409,0.975681,0.00091
AAATGTGGGTGCTCCT-1,0.051574,0.30458,0.643846
AAATTAACGGGTAGCT-1,0.000018,0.01875,0.981232
AAATTAATAAGCGCGA-1,0.087854,0.366171,0.545975
AAATTACACGACTCTG-1,0.030862,0.204147,0.76499
AAATTACCTATCGATG-1,0.03157,0.137076,0.831354
AAATTCCAGGTCCAAA-1,0.528666,0.246888,0.224446
AAATTGATAGTCCTTT-1,0.000033,0.114584,0.885383
AAATTGCGGCGGTTCT-1,0.000024,0.003274,0.996702
AAATTGGTGAGAAGCA-1,0.001239,0.022853,0.975908
AAATTTACCGAAATCC-1,0.000007,0.000813,0.99918
AAATTTGCGGGTGTGG-1,0.000081,0.912538,0.087381
AACAACTGGTAGTTGC-1,0.017425,0.217985,0.764591
AACAATACATTGTCGA-1,0.000032,0.279916,0.720051
AACAATTACTCTACGC-1,0.012427,0.19826,0.789313
AACACACGCTCGCCGC-1,0.029627,0.302414,0.667959
AACACGACTGTACTGA-1,0.000036,0.253455,0.746509
AACACGAGACGCGGCC-1,0.052001,0.256429,0.69157
AACACGCGGCCGCGAA-1,0.000065,0.946765,0.05317
AACAGCTGTGTGGCAA-1,0.000053,0.286534,0.713412
AACAGGAAATCGAATA-1,0.000044,0.524982,0.474974
AACAGGATGGGCCGCG-1,0.000105,0.269298,0.730596
AACAGGTAGTATGGAT-1,0.704613,0.242993,0.052393
AACATAGCGTGTATCG-1,0.529925,0.247572,0.222504
AACATATCAACTGGTG-1,0.011801,0.122821,0.865379
AACATCGATACGTCTA-1,0.030643,0.267806,0.701552
AACATTGAAGTTGATC-1,0.001384,0.333708,0.664908
AACATTGGTCAGCCGT-1,0.00003,0.107313,0.892656
AACATTGTGACTCGAG-1,0.029366,0.501265,0.469369
AACCAAGACTTCTCTG-1,0.000105,0.168126,0.831768
AACCAGTATCACTCTT-1,0.000024,0.249746,0.750231
AACCATAGGGTTGAAC-1,0.052091,0.465366,0.482543
AACCATGGGATCGCTA-1,0.077055,0.351168,0.571777
AACCCAGAGACGGAGA-1,0.026117,0.42499,0.548893
AACCCATCCCATGATC-1,0.029061,0.762226,0.208713
AACCCGACAACCCGTG-1,0.040128,0.634616,0.325257
AACCCGAGCAGAATCG-1,0.768935,0.230767,0.000297
AACCCGATAGGGCTTC-1,0.000956,0.464622,0.534422
AACCCGCTGTATTCCA-1,0.0304,0.279869,0.68973
AACCCTACTGTCAATA-1,0.021103,0.32277,0.656127
AACCCTGGTGGAACCA-1,0.000017,0.066484,0.933498
AACCGAGCTTGGTCAT-1,0.000009,0.003444,0.996548
AACCGCTAAGGGATGC-1,0.031316,0.491729,0.476956
AACCGTTGTGTTTGCT-1,0.012952,0.435413,0.551635
AACCTAAAGCCGTCCG-1,0.000018,0.01467,0.985312
AACCTCGCTTTAGCCC-1,0.112196,0.256428,0.631376
AACCTGTCACGGAATT-1,0.076302,0.000031,0.923667
AACCTTTAAATACGGT-1,0.000014,0.016622,0.983363
AACCTTTACGACGTCT-1,0.015424,0.564277,0.420299
AACGAAAGTCGTCCCA-1,0.000044,0.999608,0.000349
AACGACCTCCTAGCCG-1,0.961255,0.03856,0.000185
AACGATAATGCCGTAG-1,0.000019,0.278789,0.721192
AACGATAGAAGGGCCG-1,0.000062,0.999446,0.000492
AACGATATGTCAACTG-1,0.044262,0.094969,0.860769
AACGCATGATCTGGGT-1,0.126884,0.576166,0.296949
AACGCGAACGGCAACA-1,0.000017,0.080067,0.919916
AACGCGACCTTGGGCG-1,0.000018,0.220425,0.779557
AACGCGGTCTCCAGCC-1,0.000046,0.417198,0.582756
AACGCTGTTGCTGAAA-1,0.131148,0.541791,0.327062
AACGGACGTACGTATA-1,0.000012,0.143654,0.856334
AACGGCCATCTCCGGT-1,0.000043,0.47403,0.525927
AACGTACTGTGGGTAC-1,0.000017,0.00005,0.999933
AACGTAGTCTACCCAT-1,0.000084,0.917337,0.082579
AACGTCAGACTAGTGG-1,0.023615,0.819416,0.156968
AACGTCATCCGGCTTG-1,0.00008,0.057476,0.942444
AACGTCGCTGCACTTC-1,0.923367,0.076264,0.00037
AACGTGATGAAGGACA-1,0.00006,0.927098,0.072842
AACGTGCGAAAGTCTC-1,0.003293,0.052584,0.944123
AACGTTATCAGCACCT-1,0.103703,0.895534,0.000763
AACGTTCTACCATTGT-1,0.94588,0.050181,0.003939
AACTACCCGTTTGTCA-1,0.675354,0.096007,0.228639
AACTAGCGTATCGCAC-1,0.06747,0.251247,0.681284
AACTAGGCTTGGGTGT-1,0.000036,0.374924,0.62504
AACTCAAGTTAATTGC-1,0.000024,0.080277,0.919699
AACTCCAGAGCGTGTT-1,0.229306,0.278459,0.492235
AACTCCTAATCCCATG-1,0.000011,0.016006,0.983983
AACTCGATAAACACGT-1,0.000038,0.619662,0.3803
AACTCGATGGCGCAGT-1,0.000093,0.999162,0.000745
AACTCTCAATAGAGCG-1,0.079882,0.335558,0.58456
AACTCTCAGTGTGCTC-1,0.000052,0.423443,0.576505
AACTGAGGTCAGCGTC-1,0.000025,0.40307,0.596905
AACTGAGTTATACTGA-1,0.87672,0.077228,0.046052
AACTGATATTAGGCCT-1,0.000031,0.027765,0.972205
AACTGGGTCCCGACGT-1,0.000055,0.746933,0.253012
AACTGGGTTCGAGCCG-1,0.000011,0.014621,0.985368
AACTGGTGTGGGCCTT-1,0.045979,0.299833,0.654188
AACTTCTGCGTCTATC-1,0.000112,0.998992,0.000896
AACTTGCCCGTATGCA-1,0.015092,0.138275,0.846633
AACTTGCGTTCTCGCG-1,0.051508,0.823224,0.125268
AACTTTACGGGAGCTT-1,0.030717,0.383114,0.586169
AACTTTAGCTGCTGAG-1,0.001557,0.298233,0.700211
AACTTTCTCGATCATG-1,0.043922,0.267092,0.688986
AAGAAAGTTTGATGGG-1,0.063672,0.872626,0.063702
AAGAAATCACCAGATT-1,0.043118,0.208945,0.747936
AAGAAGGATCAGTTAG-1,0.000068,0.999391,0.000541
AAGACATACGTGGTTT-1,0.896459,0.08565,0.01789
AAGACCAAATAACTCA-1,0.024512,0.516533,0.458955
AAGACCCAACTGAACA-1,0.000011,0.065679,0.93431
AAGACTAACCCGTTGT-1,0.000058,0.569124,0.430818
AAGACTCACGCCCACT-1,0.000055,0.82035,0.179595
AAGACTGCAAGCTACT-1,0.106279,0.250432,0.643289
AAGAGATGAATCGGTA-1,0.019846,0.177455,0.802699
AAGAGCTCTTTATCGG-1,0.000018,0.093953,0.906029
AAGAGGATGTACGCGA-1,0.011779,0.195872,0.792349
AAGAGGCATGGATCGC-1,0.096537,0.028674,0.874788
AAGAGGCCCTTTGGAA-1,0.341379,0.058822,0.599799
AAGATGGCACCGGACC-1,0.00713,0.305397,0.687473
AAGATTGGCGGAACGT-1,0.000008,0.000024,0.999968
AAGCACCCTGCGTATC-1,0.00002,0.147243,0.852737
AAGCATACTCTCCTGA-1,0.052442,0.027169,0.920389
AAGCCACTTGCAGGTA-1,0.000031,0.691934,0.308035
AAGCCGAAGCGGTTTA-1,0.275024,0.063087,0.661889
AAGCCGCCGTGAAATC-1,0.000022,0.348397,0.651581
AAGCCGCTTTACCTTG-1,0.053593,0.569464,0.376943
AAGCCGGAGAGCAGGA-1,0.824226,0.160439,0.015335
AAGCGCAGGGCTTTGA-1,0.03262,0.462407,0.504973
AAGCGGAGTGCGCGCA-1,0.013252,0.895132,0.091617
AAGCGGCGTCATGGGT-1,0.000064,0.999423,0.000513
AAGCGTCCCTCATCGA-1,0.000023,0.000068,0.999909
AAGCTAGATCGAGTAA-1,0.000016,0.105576,0.894408
AAGCTATGGATTGACC-1,0.045097,0.838596,0.116307
AAGCTCGTGCCAAGTC-1,0.048788,0.272719,0.678492
AAGCTCTTTCATGGTG-1,0.000012,0.000036,0.999952
AAGGAGAACTTATAAG-1,0.036304,0.747959,0.215736
AAGGAGCGGTTGGTGC-1,0.000091,0.813768,0.186142
AAGGATCGATCGCTTG-1,0.208875,0.780836,0.01029
AAGGATGAGGGACCTC-1,0.011147,0.532062,0.456791
AAGGCAGGCTGTCTCC-1,0.506019,0.359055,0.134926
AAGGCGCGTAAAGCTT-1,0.00766,0.556782,0.435558
AAGGCTGTGCTCATCG-1,0.000092,0.866041,0.133867
AAGGGAACGACTGGCT-1,0.002715,0.996863,0.000422
AAGGGACAGATTCTGT-1,0.029983,0.587524,0.382493
AAGGGACTATGCATTC-1,0.000034,0.164407,0.835559
AAGGGTTAGCCATGCG-1,0.720128,0.254341,0.025531
AAGGGTTTGATTTCAG-1,0.000022,0.157582,0.842396
AAGGTATCCTAATATA-1,0.015332,0.120938,0.863729
AAGGTGATAAACCAGC-1,0.073918,0.57872,0.347361
AAGTAAGCTTCCAAAC-1,0.000078,0.942038,0.057885
AAGTAGAAGACCGGGT-1,0.000095,0.999144,0.000761
AAGTAGTGACGCGAGG-1,0.008844,0.441571,0.549585
AAGTCAATTGTCGTCA-1,0.059588,0.610234,0.330178
AAGTCTAGTAGCTGCC-1,0.080923,0.127041,0.792035
AAGTCTTCTGTGGCCT-1,0.053691,0.945466,0.000843
AAGTGACGACCGAATT-1,0.038675,0.170066,0.791259
AAGTGAGTCGGGTTTA-1,0.00004,0.54123,0.45873
AAGTGCAAAGGTAGAC-1,0.007454,0.336803,0.655744
AAGTGCCTTGACTGTA-1,0.023667,0.036921,0.939412
AAGTGCGTTAGAATCT-1,0.000118,0.998938,0.000944
AAGTGCTTCTCTATTG-1,0.000036,0.609715,0.390249
AAGTGTTTGGAGACGG-1,0.000173,0.303383,0.696443
AAGTTCACTCCAAGCT-1,0.055271,0.16315,0.781579
AAGTTCAGTCTGCGTA-1,0.024232,0.82775,0.148018
AAGTTCGGCCAACAGG-1,0.000104,0.999061,0.000834
AAGTTGTGATGTTATA-1,0.818863,0.180926,0.000211
AAGTTTACTAATGGCA-1,0.000063,0.747809,0.252128
AAGTTTATGGGCCCAA-1,0.000404,0.216399,0.783197
AATAACACTAGAACAA-1,0.000139,0.324845,0.675015
AATAACGTCGCGCCCA-1,0.660613,0.184262,0.155125
AATAAGTCCTCGAGAC-1,0.000018,0.039615,0.960368
AATAATCTTCGTATCG-1,0.932805,0.052059,0.015136
AATACAATGTTTCAGG-1,0.027418,0.294218,0.678364
AATACCGGAGGGCTGT-1,0.049835,0.800859,0.149306
AATACCTGATGTGAAC-1,0.718038,0.195195,0.086766
AATAGAACAGAGTGGC-1,0.000046,0.599455,0.4005
AATAGAATCTGTTTCA-1,0.097904,0.585781,0.316315
AATAGCAAGCCTCCTG-1,0.063563,0.390365,0.546071
AATAGCTACCGCGTGC-1,0.008633,0.744207,0.247159
AATAGGCACGACCCTT-1,0.000075,0.419915,0.58001
AATAGTCCGTCCCGAC-1,0.00003,0.33124,0.668731
AATAGTCGCGAGTCGG-1,0.00008,0.999277,0.000642
AATATCAAGGTCGGAT-1,0.026514,0.360866,0.61262
AATATCCTAGCAAACT-1,0.000037,0.509522,0.490441
AATATCGAATCAATGC-1,0.374296,0.533132,0.092572
AATATCGAGGGTTCTC-1,0.037984,0.619004,0.343013
AATATTGGAGTATTGA-1,0.000227,0.156664,0.843109
AATCAGACTGCAGGAC-1,0.000025,0.186035,0.81394
AATCAGGTTTCATTTA-1,0.029458,0.378462,0.59208
AATCATGTAAAGACTC-1,0.223217,0.333738,0.443045
AATCCAAGGGCCTGAG-1,0.037544,0.293161,0.669296
AATCCATGCAAGGGTG-1,0.031234,0.36209,0.606675
AATCCCGCTCAGAGCC-1,0.003793,0.00004,0.996167
AATCGAGGTCTCAAGG-1,0.225884,0.327876,0.44624
AATCGCCTCAGCGCCA-1,0.000014,0.041118,0.958868
AATCGCGCAGAGGACT-1,0.623885,0.314442,0.061673
AATCGGGACACTACGA-1,0.000045,0.561166,0.43879
AATCGGTATAGCCCTC-1,0.829622,0.000066,0.170313
AATCGTGAGCCGAGCA-1,0.113043,0.66162,0.225337
AATCTAGGTTTACTTG-1,0.011489,0.638731,0.34978
AATCTATGCCGGAGCC-1,0.048117,0.601615,0.350269
AATCTCTACTGTGGTT-1,0.000076,0.999314,0.00061
AATCTGCGTTGGGACG-1,0.000027,0.369372,0.630601
AATCTGGCTTTCTAGT-1,0.000382,0.369383,0.630235
AATCTGGGTAGACCCT-1,0.000009,0.002722,0.99727
AATGACAGCAATGTCT-1,0.062015,0.380249,0.557735
AATGACGTAGGATGTC-1,0.030223,0.272385,0.697392
AATGACTGTCAGCCGG-1,0.025173,0.525938,0.448889
AATGAGTTCGCATATG-1,0.016663,0.982605,0.000732
AATGATGATACGCTAT-1,0.000012,0.001105,0.998884
AATGATGCGACTCCTG-1,0.030629,0.847019,0.122352
AATGCAACCGGGTACC-1,0.001182,0.742707,0.256111
AATGCACCAAGCAATG-1,0.000021,0.233825,0.766154
AATGGCCGCCAATGCG-1,0.018613,0.737947,0.24344
AATGGTCCACCGTTCA-1,0.022988,0.446648,0.530364
AATGGTTCTCACAAGC-1,0.004349,0.024003,0.971649
AATGTATGGCACTGTA-1,0.058666,0.750726,0.190608
AATGTGCCCGAGGTGT-1,0.000064,0.492628,0.507307
AATGTGCTAATCTGAG-1,0.000023,0.079017,0.920959
AATGTTAAGACCCTGA-1,0.295932,0.386802,0.317266
AATGTTGTCGTGAGAC-1,0.553771,0.000426,0.445803
AATTAAAGGTCGGCGT-1,0.042194,0.266778,0.691028
AATTAACGGATTTCCA-1,0.023889,0.029718,0.946392
AATTACGAGACCCATC-1,0.000074,0.865656,0.13427
AATTACTCGTACGCTC-1,0.000044,0.356995,0.642962
AATTAGCGCTGCAGCG-1,0.004818,0.054076,0.941106
AATTATACCCAGCAAG-1,0.6137,0.25088,0.13542
AATTCATAAGGGATCT-1,0.000016,0.05372,0.946264
AATTCATTGTCATGCA-1,0.17044,0.773755,0.055805
AATTCCAACTTGGTGA-1,0.064577,0.414082,0.521341
AATTCCAAGCATGTAC-1,0.000015,0.000044,0.999941
AATTCGATTCGAGGAT-1,0.022919,0.469423,0.507659
AATTCTAGAGTTAGGC-1,0.001146,0.198515,0.800339
AATTGAACGCTCTGGT-1,0.000014,0.129104,0.870881
AATTGCAGCAATCGAC-1,0.220564,0.014313,0.765123
AATTGCGTGGATTACA-1,0.079703,0.919756,0.000541
AATTGTGGTTGCCAAA-1,0.885821,0.114044,0.000135
AATTTGGGACATAGTA-1,0.085654,0.094219,0.820128
AATTTGGTTCCAAAGA-1,0.00003,0.147171,0.852799
ACAAACCATGCGTCCT-1,0.046067,0.605138,0.348795
ACAAACCGACAAGGCG-1,0.000046,0.543618,0.456336
ACAAACTCCATCAGAG-1,0.014233,0.233622,0.752145
ACAAAGAAGGTAGGCC-1,0.000019,0.350801,0.64918
ACAAAGCATGACCTAG-1,0.441922,0.503436,0.054642
ACAAATCGCACCGAAT-1,0.046274,0.158004,0.795722
ACAAATGGTAGTGTTT-1,0.083789,0.426807,0.489404
ACAAATTCAGATCTGA-1,0.034644,0.841008,0.124348
ACAACAGCATGAGCTA-1,0.000015,0.049272,0.950713
ACAACGGTCCCTGCGA-1,0.04739,0.176043,0.776567
ACAAGCAGTGCCTAGC-1,0.000082,0.225741,0.774177
ACAAGCTATATGGAAG-1,0.042131,0.957105,0.000765
ACAAGGAAATCCGCCC-1,0.080975,0.534828,0.384197
ACAAGGACAAGAGGTT-1,0.000047,0.518387,0.481566
ACAAGGATGCTTTAGG-1,0.155877,0.308222,0.535901
ACAAGGCCTACCAGCC-1,0.068461,0.86767,0.063868
ACAAGGGCAGGCTCTG-1,0.04001,0.46395,0.49604
ACAAGTAATTGTAAGG-1,0.028527,0.442837,0.528635
ACAATAGTCGTACGTT-1,0.0578,0.476508,0.465692
ACAATCCATTTAAACC-1,0.030177,0.175995,0.793828
ACAATCGATCTTTATA-1,0.025569,0.973719,0.000712
ACAATGAATACGGAGA-1,0.000022,0.336639,0.66334
ACAATGATTCTTCTAC-1,0.000011,0.073296,0.926694
ACAATTGTGTCTCTTT-1,0.087118,0.524151,0.388731
ACAATTTAGGAGGCTC-1,0.000119,0.707705,0.292175
ACAATTTGAGCAGTGG-1,0.000037,0.42675,0.573214
ACAATTTGGCCATATT-1,0.46076,0.198942,0.340297
ACACAAAGACGGGTGG-1,0.000151,0.816314,0.183535
ACACAAATATTCCTAG-1,0.027693,0.593161,0.379147
ACACACCAGGACCAGT-1,0.05541,0.531551,0.41304
ACACACTTTCTACACG-1,0.000042,0.227812,0.772147
ACACATGATCAAATCT-1,0.055295,0.268322,0.676383
ACACATTGACGCAACA-1,0.01062,0.606815,0.382565
ACACATTTCCGTAGAC-1,0.078656,0.284913,0.63643
ACACCACATAATTAGC-1,0.059408,0.000053,0.94054
ACACCCAGCATGCAGC-1,0.000073,0.808674,0.191254
ACACCCGAGAAATCCG-1,0.033239,0.275135,0.691627
ACACCCGTAAATCTGT-1,0.046344,0.258931,0.694725
ACACCGAGCGCTCTTT-1,0.00004,0.256786,0.743174
ACACCGGTCTGACCGC-1,0.337864,0.590518,0.071618
ACACCTTAAGTAGGGC-1,0.000075,0.645141,0.354783
ACACCTTACTACTTGC-1,0.088642,0.033419,0.877939
ACACGAGACTCCTTCT-1,0.004969,0.327372,0.667659
ACACGGCACTATGCAT-1,0.019346,0.297036,0.683618
ACACGGGAACTTAGGG-1,0.00005,0.705517,0.294433
ACACGTAGGCCACAAG-1,0.884027,0.082958,0.033015
ACACTCCAATGTCACT-1,0.083214,0.916238,0.000548
ACACTGATCAAGGTGT-1,0.006818,0.179563,0.813619
ACACTGGGACAGTCGT-1,0.782129,0.174839,0.043032
ACAGAACTGAGAACAA-1,0.000099,0.999109,0.000792
ACAGATTAGGTTAGTG-1,0.000117,0.998945,0.000938
ACAGCATAGAGCCAGT-1,0.000081,0.737607,0.262312
ACAGCGACATTCTCAT-1,0.173857,0.100845,0.725298
ACAGCGCACCCGCAGC-1,0.000033,0.230786,0.769181
ACAGGAGGCGCAGCCG-1,0.000042,0.63029,0.369668
ACAGGCACGGATCCTT-1,0.328471,0.413938,0.257591
ACAGGCTTGCCCGACT-1,0.078264,0.503687,0.418049
ACAGGTGGAGGTGAGG-1,0.000071,0.637892,0.362037
ACAGGTGTGTTGTTGC-1,0.051829,0.654197,0.293974
ACAGTAATACAACTTG-1,0.077934,0.852424,0.069642
ACAGTATACCGTGGGA-1,0.000007,0.00002,0.999973
ACAGTGCAGCGCATTT-1,0.042503,0.173545,0.783952
ACATAAGTCGTGGTGA-1,0.000032,0.392108,0.60786
ACATAATAAGGCGGTG-1,0.000103,0.878645,0.121252
ACATACAATCAAGCGG-1,0.713286,0.03988,0.246833
ACATCAGCTGGGACGC-1,0.019018,0.70007,0.280912
ACATCCCGGCCATACG-1,0.000036,0.207342,0.792622
ACATCCTGGTAACTGT-1,0.154366,0.670547,0.175087
ACATCGATCGTTTACC-1,0.000025,0.067139,0.932835
ACATCGCAATATTCGG-1,0.000061,0.242218,0.757721
ACATCGGTCAGCCGCG-1,0.129858,0.862745,0.007396
ACATCGTATGCAATGG-1,0.045728,0.495599,0.458672
ACATCGTTAACCTAGT-1,0.000033,0.18304,0.816926
ACATCTCAACGCGTAA-1,0.000026,0.193489,0.806485
ACATGCTTACGGCAGC-1,0.014366,0.748248,0.237386
ACATGGCGCCAAAGTA-1,0.197297,0.802439,0.000264
ACATGGCTCAATTTAG-1,0.000037,0.151788,0.848174
ACATTAGTTTATATCC-1,0.000042,0.379746,0.620212
ACATTCGCGCGGAATA-1,0.000019,0.328078,0.671902
ACATTTGAAACCTAAC-1,0.813276,0.03343,0.153293
ACCAAACACCCAGCGA-1,0.000018,0.568743,0.431239
ACCAAACTAGAAATCC-1,0.000045,0.693156,0.306799
ACCAACACCACACACT-1,0.000012,0.236942,0.763046
ACCAACCGCACTCCAC-1,0.606882,0.259232,0.133885
ACCAACGCTTATTTAT-1,0.00002,0.021828,0.978152
ACCAAGAACGCGTGTC-1,0.000122,0.998903,0.000975
ACCAAGTCATCGGCAG-1,0.987622,0.000078,0.0123
ACCAATATGCAAGTTA-1,0.000373,0.063132,0.936495
ACCACAACTCAGAACA-1,0.000026,0.26984,0.730134
ACCACAAGTTTCTATC-1,0.000065,0.285793,0.714142
ACCACACGGTTGATGG-1,0.203299,0.399179,0.397523
ACCACCAATGTAACAA-1,0.430499,0.337415,0.232087
ACCACCCTCTCTTCTA-1,0.136671,0.862998,0.000331
ACCACGTGCAGCTATA-1,0.00002,0.118877,0.881103
ACCACTGTTCAAGAAG-1,0.000012,0.000035,0.999954
ACCAGACCATAACAAC-1,0.017971,0.981638,0.00039
ACCAGCCCGGTCTTTG-1,0.000081,0.786814,0.213105
ACCAGGAGTGTGATCT-1,0.025122,0.465085,0.509793
ACCAGTGCCCGGTCAA-1,0.000011,0.0428,0.957188
ACCAGTGCGGGAGACG-1,0.008717,0.181932,0.809351
ACCATATCCGCAATAA-1,0.000038,0.256528,0.743434
ACCATCCGCCAACTAG-1,0.000027,0.853582,0.146391
ACCATCGTATATGGTA-1,0.000103,0.544251,0.455646
ACCATTAAGGGTGTCA-1,0.000022,0.013941,0.986037
ACCCAACGCCCGTGGC-1,0.090682,0.433849,0.47547
ACCCACCTACATGCTC-1,0.057783,0.138445,0.803771
ACCCATCTTGAGGGTA-1,0.000133,0.949087,0.05078
ACCCATTTGTCCCTCT-1,0.612456,0.328352,0.059193
ACCCGAGCGAAATTAC-1,0.060513,0.064488,0.874999
ACCCGATTGGTTCCGA-1,0.000059,0.867034,0.132907
ACCCGGAAACTCCCAG-1,0.021706,0.158825,0.819468
ACCCGGAGCACCACAA-1,0.955748,0.044075,0.000177
ACCCGGATGACGCATC-1,0.063963,0.481279,0.454759
ACCCGGTTACACTTCC-1,0.000062,0.307572,0.692365
ACCCGTAGCAGAGAAT-1,0.066162,0.495298,0.438539
ACCCGTAGTCTAGTTG-1,0.971466,0.028294,0.00024
ACCCGTGTCATCAGTA-1,0.01824,0.158929,0.822831
ACCCTATAGGACTGAG-1,0.000194,0.622396,0.377411
ACCCTATGCCATATCG-1,0.000055,0.205898,0.794048
ACCCTCCCGTCAGGGC-1,0.684251,0.158218,0.157531
ACCCTCCCTTGCTATT-1,0.033375,0.152915,0.813709
ACCCTGGTAACGCCCT-1,0.028874,0.000774,0.970352
ACCCTTCATCTGCGAA-1,0.011273,0.281177,0.70755
ACCCTTGCCTGGGTCG-1,0.042504,0.875702,0.081794
ACCCTTTAGTTCTCCA-1,0.000013,0.000039,0.999949
ACCGAAAGGGCCCTGC-1,0.021992,0.79173,0.186278
ACCGAAGAGTCTGGTT-1,0.000073,0.999346,0.000581
ACCGACACATCTCCCA-1,0.033239,0.184456,0.782305
ACCGACTGAGTCCCAC-1,0.000076,0.429115,0.570809
ACCGAGTCTCCTTATT-1,0.079297,0.464223,0.456481
ACCGATAGGCATAACC-1,0.999759,0.000066,0.000175
ACCGATATTTAATCAT-1,0.909845,0.028625,0.061531
ACCGATGGTAGCATCG-1,0.003134,0.142949,0.853917
ACCGCAATAACTGCCT-1,0.012565,0.304326,0.683109
ACCGCGGTGGAAGTCG-1,0.714303,0.08563,0.200066
ACCGCTAGTCATTGGT-1,0.011256,0.616587,0.372158
ACCGGGCCTTTGTTGA-1,0.053925,0.185155,0.76092
ACCGGTCAGGTACACC-1,0.048555,0.44527,0.506175
ACCGGTCTGAGTACGG-1,0.000042,0.529925,0.470033
ACCGTCCACTGGGCCC-1,0.020631,0.526967,0.452402
ACCGTGACCACGTGGG-1,0.035662,0.16905,0.795288
ACCGTTCCCGCTCTGA-1,0.000034,0.167314,0.832653
ACCTAAGTACCTTTCA-1,0.000116,0.951805,0.048079
ACCTAATCGACTTCCT-1,0.000142,0.437687,0.562171
ACCTACAGTATGTGGT-1,0.552444,0.312239,0.135316
ACCTACTATAAATCTA-1,0.000014,0.028058,0.971927
ACCTCAGCGAGGCGCA-1,0.262686,0.00463,0.732685
ACCTCCGCCCTCGCTG-1,0.601095,0.330022,0.068883
ACCTCCGTTATTCACC-1,0.260734,0.629761,0.109505
ACCTCGAACTTATGCT-1,0.025011,0.792009,0.18298
ACCTGCGTGTCATGTT-1,0.081344,0.63641,0.282246
ACCTTTCCTTTAGAAG-1,0.000087,0.999219,0.000694
ACGACCCATGAGTTGC-1,0.926686,0.07087,0.002444
ACGACTCTAGGGCCGA-1,0.746006,0.215882,0.038112
ACGACTGGTCATACTC-1,0.000062,0.659445,0.340493
ACGAGAACCCATCACG-1,0.119046,0.880498,0.000456
ACGAGATATTTGCTTA-1,0.00008,0.759105,0.240815
ACGAGGATACCACTCT-1,0.054883,0.300296,0.644821
ACGAGGTTTACAACGT-1,0.000115,0.894539,0.105346
ACGAGTACGGATGCCC-1,0.021259,0.120164,0.858577
ACGAGTCGCCGGCGTT-1,0.000034,0.374741,0.625225
ACGATACATAGAACTA-1,0.000018,0.119892,0.88009
ACGATACCTATCCTGA-1,0.051951,0.293368,0.654681
ACGATCATACATAGAG-1,0.000088,0.795972,0.20394
ACGATCATCTTGTAAA-1,0.066873,0.465756,0.467371
ACGATGCATATGTTAT-1,0.003477,0.640307,0.356216
ACGATGGATCCGATGC-1,0.00003,0.149181,0.850789
ACGCAAACTAATAGAT-1,0.000011,0.08055,0.91944
ACGCAATCACTACAGC-1,0.182068,0.350574,0.467357
ACGCATAAATGACATG-1,0.013237,0.13822,0.848543
ACGCATACGTTTACTA-1,0.286665,0.497623,0.215712
ACGCATTCGTGAGTAC-1,0.000051,0.259997,0.739952
ACGCCACTCGAAACAG-1,0.101854,0.242956,0.65519
ACGCCAGATGATTTCT-1,0.000053,0.418262,0.581685
ACGCCAGTGCGTTTGC-1,0.803225,0.000087,0.196688
ACGCCCAGCTGTCGAT-1,0.000045,0.352286,0.647669
ACGCCGCTAGACGACC-1,0.034774,0.310977,0.654249
ACGCCTGACACGCGCT-1,0.000015,0.109198,0.890787
ACGCGAAGTCAGACGA-1,0.000036,0.322091,0.677873
ACGCGCTACACAGGGT-1,0.000104,0.999066,0.00083
ACGCGGGCCAAGGACA-1,0.000038,0.223774,0.776188
ACGCGTTTCTTAAGAG-1,0.029697,0.396352,0.573951
ACGCTACTGAATGGGC-1,0.771867,0.227811,0.000322
ACGCTAGTATCAGTGC-1,0.000034,0.428996,0.57097
ACGCTAGTGATACACT-1,0.044135,0.565519,0.390346
ACGCTGTGAGGCGTAG-1,0.025836,0.973371,0.000794
ACGCTTAGTGTCTCTC-1,0.000047,0.371194,0.628759
ACGGAACACGAGTGCC-1,0.619779,0.104939,0.275282
ACGGAATTTAGCAAAT-1,0.070233,0.543187,0.38658
ACGGACGCAGCGACAA-1,0.000036,0.821941,0.178024
ACGGACTCTCAAAGCG-1,0.000011,0.001623,0.998366
ACGGAGCGCAAATTAC-1,0.002369,0.020227,0.977405
ACGGATGGTGCGGATA-1,0.021196,0.332713,0.646091
ACGGCACTTGCTTGGG-1,0.009192,0.11258,0.878227
ACGGCCAACATGGACT-1,0.00216,0.200928,0.796912
ACGGCGACGATGGGAA-1,0.021015,0.206981,0.772004
ACGGCGGGTTGCCCTG-1,0.000051,0.544396,0.455553
ACGGCTGGATGTAGAA-1,0.017912,0.868837,0.11325
ACGGGAGTGTCGGCCC-1,0.000123,0.9371,0.062776
ACGGGCGTATGCGACA-1,0.031532,0.06592,0.902548
ACGGGTCATGTGACTT-1,0.000029,0.232634,0.767336
ACGGGTTGTGACCTGT-1,0.056479,0.750232,0.193289
ACGGTACAGTTCAATG-1,0.766576,0.233206,0.000218
ACGGTCACCGAGAACA-1,0.057161,0.541732,0.401107
ACGTACAGATTTCTCT-1,0.000058,0.307627,0.692315
ACGTACTTTGGCACGG-1,0.000042,0.969377,0.030582
ACGTAGATTGCTGATG-1,0.000028,0.068104,0.931868
ACGTAGGAGAGTCGCT-1,0.063447,0.468853,0.4677
ACGTATTACTCCGATC-1,0.037962,0.242317,0.719721
ACGTCCTAAACGAGAT-1,0.064675,0.709992,0.225333
ACGTCGGGCAACTCGG-1,0.000015,0.260168,0.739816
ACGTCTCGTTCCGGGA-1,0.023164,0.750063,0.226773
ACGTGACAAAGTAAGT-1,0.000014,0.118513,0.881473
ACGTGCGCCTCGTGCA-1,0.039045,0.275421,0.685533
ACGTGGTCGAATGTGC-1,0.000026,0.209095,0.790879
ACGTTAATGTCGAAGA-1,0.012508,0.008011,0.979481
ACGTTAGATTTGCCCG-1,0.073068,0.837771,0.089161
ACGTTATTGGTCACTC-1,0.000132,0.998813,0.001055
ACGTTCACTATGCCGC-1,0.013165,0.580107,0.406728
ACGTTCCGCGCTCCGT-1,0.024504,0.974643,0.000853
ACGTTCGCAATCAATT-1,0.097844,0.062551,0.839605
ACGTTCGTTCAGGAAA-1,0.000034,0.285344,0.714621
ACGTTCTGTACAAGTC-1,0.480227,0.297252,0.222521
ACGTTGTCGTTGAAAG-1,0.000016,0.227103,0.772881
ACGTTTAGTTGTGATC-1,0.00004,0.103584,0.896376
ACGTTTCGGTGCACTT-1,0.877442,0.035484,0.087074
ACTAAGGACGCACACC-1,0.000014,0.18868,0.811306
ACTAATACGTCAGGCG-1,0.000049,0.913659,0.086292
ACTACAAAGAGAGGTG-1,0.038776,0.253867,0.707357
ACTACATCCCGACAAG-1,0.051757,0.294701,0.653542
ACTACCAGCTCTCTGG-1,0.00008,0.881698,0.118222
ACTACCATCCGAGGGC-1,0.086267,0.564652,0.349081
ACTACGCGTTAGAATT-1,0.064476,0.134937,0.800587
ACTAGTTGCGATCGTC-1,0.172626,0.015015,0.812359
ACTATATGCTGTGTTC-1,0.079101,0.179471,0.741428
ACTATCCAGGGCATGG-1,0.354915,0.287066,0.358019
ACTATCGCCGGCTAAA-1,0.000064,0.679574,0.320362
ACTATCTGCCCGCGTA-1,0.647694,0.351993,0.000313
ACTATGTCCAGCTGCC-1,0.000064,0.848453,0.151483
ACTATTCGTCCGTGGT-1,0.000046,0.284644,0.715311
ACTATTTCCGGGCCCA-1,0.000056,0.526762,0.473182
ACTCAACGAATGTATT-1,0.079612,0.919617,0.000772
ACTCAAGTGCAAGGCT-1,0.119558,0.442838,0.437604
ACTCAATAAAGGCACG-1,0.000047,0.544673,0.45528
ACTCAGACCTGCTTCT-1,0.05442,0.26294,0.68264
ACTCATGGCAGCCTTC-1,0.046705,0.906532,0.046764
ACTCCAATATCATCAT-1,0.009194,0.533696,0.45711
ACTCCCATTCCTAAAG-1,0.102441,0.515301,0.382258
ACTCCCGAATTCGTTT-1,0.015271,0.086534,0.898195
ACTCCCGTAGACTAGG-1,0.136539,0.392138,0.471323
ACTCCCTAATGCTAAA-1,0.061546,0.556465,0.381989
ACTCCCTAGAATAGTA-1,0.002672,0.064993,0.932335
ACTCCGGCCGACCACT-1,0.160035,0.029689,0.810275
ACTCGATGTATTTCAT-1,0.000118,0.972978,0.026905
ACTCGCCGTTCGATAA-1,0.974231,0.025573,0.000197
ACTCGCGATCTGACGC-1,0.886103,0.063714,0.050183
ACTCGTAACCCGTCCT-1,0.000132,0.787812,0.212056
ACTCGTCAGTAATCCC-1,0.064877,0.200167,0.734956
ACTCTAAACCTGGGAT-1,0.008276,0.991122,0.000601
ACTCTCTGACTTAGGT-1,0.022535,0.492559,0.484906
ACTCTCTTATACACGA-1,0.000051,0.482326,0.517622
ACTCTGACCTAATAGA-1,0.598924,0.069274,0.331802
ACTCTTCAGCTCCCGC-1,0.94673,0.033717,0.019553
ACTCTTGTATAGTAAC-1,0.000053,0.329319,0.670629
ACTGAAACGCCGTTAG-1,0.123555,0.607148,0.269298
ACTGAATGGCGAAAGT-1,0.040989,0.566395,0.392615
ACTGATTTAGTGATTC-1,0.111699,0.702309,0.185992
ACTGCCCGCCATTCTC-1,0.000018,0.137914,0.862068
ACTGCCGTCGTAACTC-1,0.000049,0.336445,0.663507
ACTGCGGACACACCGT-1,0.163653,0.042148,0.794199
ACTGCTCGGAAGGATG-1,0.000079,0.996179,0.003742
ACTGGCGAACCTGCGT-1,0.000012,0.134077,0.86591
ACTGGGATGCCAGTGC-1,0.015192,0.471132,0.513676
ACTGTACGATACACAT-1,0.000013,0.005859,0.994128
ACTGTAGCACTTTGGA-1,0.026344,0.183786,0.789869
ACTGTATACGCGAGCA-1,0.025053,0.292766,0.682182
ACTGTCCAGGATTATA-1,0.000047,0.120331,0.879622
ACTGTCTTCTTTAGAA-1,0.000017,0.000051,0.999932
ACTGTGCTAGTAGATC-1,0.074373,0.439329,0.486297
ACTGTTTAGTGTAGGC-1,0.000127,0.776436,0.223436
ACTTACCGGGCGCGCA-1,0.013634,0.531969,0.454397
ACTTACGCATCCACGC-1,0.024204,0.098367,0.877429
ACTTAGTACGACAAGA-1,0.117448,0.254194,0.628358
ACTTATACTTACCCGG-1,0.006151,0.144688,0.849161
ACTTATCTGATCTATA-1,0.000058,0.51395,0.485992
ACTTATTAGGATCGGT-1,0.000123,0.41111,0.588767
ACTTATTTATGTGCCA-1,0.019951,0.258473,0.721576
ACTTCAGGCTGATCCC-1,0.000008,0.000025,0.999967
ACTTCCAGTGGAAGCT-1,0.000038,0.246782,0.75318
ACTTCCATGCGGGACA-1,0.239375,0.286434,0.474191
ACTTCCTGTCGTGCGA-1,0.044841,0.387767,0.567392
ACTTCGCCATACGCAC-1,0.004899,0.122169,0.872932
ACTTCGCTAGCGAGTG-1,0.405848,0.462195,0.131957
ACTTGACTCCCTCTTT-1,0.015142,0.35723,0.627628
ACTTGCCATATTGTAC-1,0.044649,0.557615,0.397736
ACTTGCTCTATCTACC-1,0.008196,0.367274,0.624529
ACTTGGGACCCGGTGG-1,0.000034,0.27496,0.725007
ACTTGGGCTTTCGCCA-1,0.022962,0.105102,0.871936
ACTTGTAGTCCCTTCA-1,0.000091,0.999179,0.000729
ACTTGTGGATGGAACG-1,0.50604,0.073721,0.420239
ACTTGTTACCGGATCA-1,0.022835,0.060717,0.916448
ACTTTACCCTCATGAA-1,0.048094,0.045268,0.906638
ACTTTATACACCACTT-1,0.097671,0.242377,0.659953
ACTTTCCTATAGCTTC-1,0.028564,0.60973,0.361706
ACTTTGACTGCATCCT-1,0.016129,0.94926,0.034612
ACTTTGGTCGTGCTCC-1,0.027046,0.802627,0.170327
ACTTTGTCGACGCACT-1,0.905537,0.025597,0.068866
AGAAATTATGACTCGC-1,0.69204,0.258362,0.049598
AGAACACGGCGATGGT-1,0.024139,0.802491,0.17337
AGAACCCAGCGTGACA-1,0.727451,0.271364,0.001184
AGAACCCTCAATTGGG-1,0.000051,0.804775,0.195174
AGAACGTGGTACATTC-1,0.009376,0.014056,0.976568
AGAACTGTACTTTGTA-1,0.794432,0.153831,0.051736
AGAAGAGCGCCGTTCC-1,0.047991,0.199458,0.752551
AGAAGGTACACTTCAC-1,0.038748,0.901311,0.059941
AGAAGGTTGCCGAATT-1,0.000098,0.576399,0.423503
AGAAGGTTGTAGGTCG-1,0.025511,0.104274,0.870215
AGAAGTGATTCGTGAT-1,0.000113,0.893167,0.106721
AGAATAAATCTTCAGG-1,0.049906,0.949603,0.000491
AGAATACAGGCTATCC-1,0.906497,0.018665,0.074838
AGAATGCGGGTTCGGA-1,0.000018,0.276012,0.723971
AGAATTATGGATTCGA-1,0.015306,0.304735,0.679959
AGAATTGTTTGACATA-1,0.01584,0.947808,0.036352
AGACAGCTCAGAATCC-1,0.00009,0.999187,0.000722
AGACAGGCATCTCAGC-1,0.994901,0.004886,0.000213
AGACATAGATCCTTCC-1,0.017164,0.280925,0.70191
AGACCAAACCACACCT-1,0.001921,0.935224,0.062855
AGACCATGGGATACAA-1,0.057254,0.225635,0.71711
AGACCCACCGCTGATC-1,0.032446,0.171985,0.79557
AGACCCGCCCTCCTCG-1,0.000061,0.700475,0.299464
AGACCGCTCCGCGGTT-1,0.389778,0.240964,0.369259
AGACCGGGAAACCCTG-1,0.000069,0.879533,0.120398
AGACGAAGTGCCGGTC-1,0.120469,0.521289,0.358242
AGACGACGATGCCGCT-1,0.000031,0.284411,0.715557
AGACGCCCACTTCGCC-1,0.908172,0.001769,0.090059
AGACGGGATTGGTATA-1,0.000024,0.015029,0.984947
AGACGGGCCGATTTAA-1,0.007665,0.224155,0.76818
AGACTAGCCTTCCAGA-1,0.000097,0.796265,0.203638
AGACTGTTACCGGGTC-1,0.000041,0.494823,0.505136
AGAGAAACACCAGAAA-1,0.000016,0.099711,0.900272
AGAGAACCGTCTAGGA-1,0.097512,0.37998,0.522508
AGAGAAGGAGTACAAT-1,0.000023,0.072887,0.92709
AGAGATCTCTAAAGCG-1,0.05803,0.837234,0.104735
AGAGCAGTTATGAGAC-1,0.000096,0.314727,0.685178
AGAGCCGCCGAGATTT-1,0.688455,0.087375,0.22417
AGAGCGCTTGTAACGG-1,0.209167,0.539583,0.251249
AGAGCGGGCTAATCAT-1,0.007543,0.031005,0.961452
AGAGCGTACAAGCTCG-1,0.008171,0.180278,0.811551
AGAGCTACGAAAGCAT-1,0.000036,0.3019,0.698064
AGAGGCTTCGGAAACC-1,0.32537,0.543572,0.131059
AGAGGGACAATTGTCC-1,0.070931,0.061728,0.867341
AGAGGTATCTCGGTCC-1,0.009623,0.241617,0.74876
AGAGTAAACTTCACTA-1,0.223025,0.344244,0.432731
AGAGTATAGTGTTACG-1,0.137645,0.680968,0.181387
AGAGTCTTAATGAAAG-1,0.800827,0.000383,0.198789
AGAGTGAACAGACACC-1,0.004441,0.461238,0.534321
AGAGTTAGAGACCGAT-1,0.000041,0.539068,0.460891
AGAGTTGCAGGCCTCC-1,0.014688,0.537092,0.44822
AGATAACTTCAGGGCC-1,0.035947,0.595986,0.368067
AGATAATCACACCTAT-1,0.078119,0.690243,0.231638
AGATACCAATAGAACC-1,0.765902,0.000057,0.234041
AGATACCAGCACTTCA-1,0.002669,0.441175,0.556156
AGATACCGGTGTTCAC-1,0.122981,0.663751,0.213269
AGATACGACTTCATAT-1,0.000167,0.088321,0.911512
AGATACTCAAGATCGA-1,0.000013,0.024497,0.975489
AGATATAATACGACTA-1,0.000013,0.135054,0.864933
AGATCGTGCATAAGAT-1,0.060857,0.878652,0.06049
AGATCTCAGGTGTGAT-1,0.000033,0.113335,0.886632
AGATCTGGAGAGGATA-1,0.053386,0.449638,0.496976
AGATGACTCGCCCACG-1,0.000054,0.129797,0.870148
AGATGAGGGTTGCGAT-1,0.000011,0.003272,0.996717
AGATGATGGAGTCTGG-1,0.022152,0.086768,0.891079
AGATGCAAGACGTGCA-1,0.00011,0.999008,0.000882
AGATGCATCCTGTGTC-1,0.000036,0.68994,0.310024
AGATGCTATAACGAGC-1,0.000049,0.423137,0.576813
AGATTATAGGACGTTT-1,0.015107,0.059847,0.925046
AGATTCAAGCGGGTCG-1,0.067369,0.243178,0.689453
AGATTCACAACCGATA-1,0.041587,0.928435,0.029978
AGCAAAGGCCGCTAGT-1,0.041399,0.304547,0.654054
AGCAACATATCTTATT-1,0.050639,0.201429,0.747932
AGCAACCGAAAGTAAT-1,0.000132,0.781308,0.218559
AGCACACGTTTAGACT-1,0.00002,0.240293,0.759687
AGCACCAGTACTCACG-1,0.000054,0.213604,0.786341
AGCACTACCGGCCTGT-1,0.029388,0.387741,0.582871
AGCACTACCTCACCAG-1,0.005054,0.122591,0.872355
AGCACTTAAGGACGCC-1,0.027009,0.168079,0.804912
AGCAGAAGGAGAAAGA-1,0.023453,0.346429,0.630118
AGCAGCCAGATGAATA-1,0.000024,0.328128,0.671848
AGCAGTCGAAGCATGC-1,0.204519,0.628614,0.166867
AGCATATCAATATGCT-1,0.074275,0.396315,0.529411
AGCATCATTTCGAAAG-1,0.073347,0.266106,0.660547
AGCATCGTCGATAATT-1,0.00004,0.146284,0.853677
AGCATTACGAGGCAAG-1,0.79295,0.149414,0.057636
AGCCAAGCTTTGTGTC-1,0.000033,0.283375,0.716592
AGCCACAGGTTACCCG-1,0.134735,0.280808,0.584457
AGCCACTCCCGTGCTT-1,0.000059,0.448825,0.551116
AGCCATATAGTATGTG-1,0.133935,0.329512,0.536553
AGCCCATACATGTAAG-1,0.0432,0.309596,0.647203
AGCCCGCAACAAGCAG-1,0.000014,0.241751,0.758235
AGCCCGCACTACAATG-1,0.805602,0.113349,0.081049
AGCCCGGCATTAGAGG-1,0.000021,0.092584,0.907395
AGCCCGGTAGCCTGTA-1,0.00003,0.182268,0.817703
AGCCCTAAGCGAAGTT-1,0.000035,0.223134,0.776831
AGCCCTCCCTGGTGGC-1,0.04084,0.430353,0.528808
AGCCCTGTCGCACCGT-1,0.598153,0.401462,0.000385
AGCCCTTCTAATCCGA-1,0.042973,0.138071,0.818956
AGCCCTTGGACATCCC-1,0.971322,0.000061,0.028617
AGCCGCAAATTCAAAT-1,0.008226,0.903682,0.088092
AGCCGCTTGATTAGCG-1,0.000033,0.115437,0.884529
AGCCGTGGCTAAATGT-1,0.000091,0.72236,0.277549
AGCCTAATACCCACGT-1,0.039996,0.338594,0.621409
AGCCTTAAAGCGGAAG-1,0.000081,0.999267,0.000652
AGCCTTGTCACTGATA-1,0.00171,0.44347,0.554821
AGCGACAGGAACGGTC-1,0.00003,0.113442,0.886527
AGCGACATCCCATTCA-1,0.000052,0.520909,0.479039
AGCGACCAACGATATT-1,0.000031,0.013288,0.986681
AGCGACTTTGAAGACA-1,0.00005,0.000149,0.999801
AGCGAGACGTGAAGGC-1,0.024124,0.231284,0.744593
AGCGATGCGCCTAATA-1,0.800306,0.162758,0.036936
AGCGCATAATGAATCG-1,0.029379,0.167797,0.802824
AGCGCGGGTGCCAATG-1,0.01991,0.248754,0.731336
AGCGCTAGAGCGATGT-1,0.399385,0.192485,0.40813
AGCGCTTATGGGCAAG-1,0.062427,0.758582,0.178991
AGCGGACACTTCGTAG-1,0.000029,0.399371,0.6006
AGCGGCGGTTAGCGGT-1,0.051106,0.62411,0.324784
AGCGGGAAGGGTCCAT-1,0.031217,0.217403,0.75138
AGCGGGTCTGACACTC-1,0.010436,0.52623,0.463335
AGCGGTTGAGATGTAC-1,0.008973,0.396401,0.594626
AGCGGTTGCCGCTCTG-1,0.003664,0.817589,0.178747
AGCGTACGAGAGCTAG-1,0.000039,0.311372,0.688589
AGCGTAGCGCTAGACC-1,0.000043,0.345571,0.654386
AGCGTCTGAACCCGCA-1,0.000087,0.999218,0.000695
AGCGTGGTATTCTACT-1,0.01553,0.374621,0.60985
AGCGTTCCGATTTAAA-1,0.000042,0.668445,0.331513
AGCTAACAAGCAATGT-1,0.007412,0.32973,0.662859
AGCTAAGCTCCGTCCG-1,0.025753,0.160723,0.813524
AGCTAAGTACGCAGGC-1,0.017306,0.102026,0.880668
AGCTACGAATGGTGGT-1,0.708255,0.008065,0.28368
AGCTAGAAGCAGAAGT-1,0.045608,0.676513,0.277879
AGCTATTTAATCCAAC-1,0.010029,0.366308,0.623663
AGCTCCATATATGTTC-1,0.551838,0.149372,0.298791
AGCTCCTTCGCACATC-1,0.054202,0.391655,0.554142
AGCTCGTTGATGGAAA-1,0.000012,0.122093,0.877895
AGCTCTAGACGTTCCA-1,0.031695,0.097933,0.870372
AGCTCTTCCCAGTGCA-1,0.030764,0.726282,0.242954
AGCTCTTCGTAACCTT-1,0.000233,0.000021,0.999747
AGCTCTTTACTCAGTT-1,0.000108,0.690071,0.309821
AGCTGAAGTAAACCAA-1,0.000006,0.000018,0.999976
AGCTGCATTTGAGGTG-1,0.020781,0.511561,0.467659
AGCTGCTGTGCCGAAT-1,0.077052,0.259719,0.66323
AGCTGTAACCTCAATC-1,0.008128,0.002706,0.989166
AGCTTATAGAGACCTG-1,0.035151,0.310371,0.654478
AGCTTCAATACTTTGA-1,0.000021,0.000063,0.999916
AGCTTCTTCTCGAGCA-1,0.938529,0.038795,0.022676
AGCTTGATCAGGGTAG-1,0.058447,0.534432,0.407121
AGGAAAGCCTCTGATG-1,0.00002,0.168581,0.8314
AGGAACGAACGACTTC-1,0.848498,0.103971,0.047532
AGGAAGCTGTCCGCCG-1,0.079971,0.13946,0.78057
AGGACAGTCGAATCCC-1,0.026669,0.477755,0.495577
AGGACATCGCACGTCG-1,0.005221,0.331175,0.663603
AGGACATCGGCACACT-1,0.989546,0.006358,0.004096
AGGACGACCCATTAGA-1,0.000093,0.537992,0.461915
AGGACGCTCGATGTTG-1,0.000016,0.094215,0.905769
AGGACTTATAGGAGAA-1,0.000067,0.546974,0.452958
AGGAGACATCCACAGT-1,0.112472,0.309431,0.578097
AGGAGAGTCTGGCTAC-1,0.163642,0.693244,0.143113
AGGAGCGTTTATTATC-1,0.230345,0.658539,0.111116
AGGAGGCCTTCGCGCG-1,0.148641,0.420477,0.430882
AGGATAAAGTCGGGAT-1,0.000014,0.062308,0.937678
AGGATATAGGGATTTA-1,0.095548,0.546824,0.357628
AGGATATCCGACTGCA-1,0.81411,0.097485,0.088405
AGGATCACGCGATCTG-1,0.074164,0.751581,0.174255
AGGATTGCTTACGACA-1,0.419992,0.383142,0.196866
AGGCAAAGAGGAATCA-1,0.078097,0.353856,0.568047
AGGCAATACGGAGGAC-1,0.000013,0.160018,0.839968
AGGCACGTGACTGTCC-1,0.89291,0.070982,0.036108
AGGCAGATGCGTAAAC-1,0.000034,0.629906,0.37006
AGGCAGGGAGCGTACT-1,0.000042,0.304845,0.695113
AGGCATTGTCGTAGGG-1,0.058195,0.05961,0.882196
AGGCCACATTGGTTAC-1,0.812057,0.154109,0.033834
AGGCCACCCGTTATGA-1,0.031572,0.606861,0.361567
AGGCCCAGTGACTGGT-1,0.000062,0.528242,0.471696
AGGCCCATTGTACAGG-1,0.000065,0.576812,0.423124
AGGCCCTAGAACGCCA-1,0.000102,0.998065,0.001833
AGGCCTATCATACCAA-1,0.000031,0.401477,0.598492
AGGCCTGAGAATCTCG-1,0.048938,0.196212,0.75485
AGGCGATAACTGGCGT-1,0.955985,0.000054,0.043961
AGGCGGTTTGTCCCGC-1,0.051837,0.196755,0.751408
AGGCGTCTATGGACGG-1,0.011153,0.883145,0.105702
AGGCTATGGTTAGCTT-1,0.028118,0.15009,0.821792
AGGCTTAAGTTGCACA-1,0.000031,0.000093,0.999875
AGGCTTCCCGAAGAAG-1,0.000038,0.141945,0.858018
AGGGAAACGAGGTACT-1,0.000067,0.971918,0.028015
AGGGACAGCACGGCGG-1,0.079205,0.399155,0.52164
AGGGACCGGCTGCGTT-1,0.180471,0.705551,0.113978
AGGGACTCTACGCGAC-1,0.016916,0.618414,0.364669
AGGGAGACATACTTCG-1,0.123049,0.668017,0.208934
AGGGCAGCGGCGTGGT-1,0.000025,0.106183,0.893792
AGGGCCCTAATGTTCT-1,0.778871,0.002438,0.218691
AGGGCGAGCAGCTGAT-1,0.036142,0.462268,0.50159
AGGGCGTGATCGGCTA-1,0.035449,0.378479,0.586072
AGGGCTGCAGTTACAG-1,0.000016,0.10852,0.891464
AGGGTCAGAGCACTCG-1,0.000017,0.042586,0.957398
AGGGTCAGTAACCCTA-1,0.071198,0.807597,0.121204
AGGGTCGATGCGAACT-1,0.087905,0.516238,0.395858
AGGGTCTGGACGCAGT-1,0.544035,0.281107,0.174858
AGGGTGCCGTTCTTTA-1,0.000044,0.757061,0.242894
AGGGTGCTCTCGAGGG-1,0.00038,0.382121,0.617499
AGGGTGTGCTACACGC-1,0.000049,0.987316,0.012635
AGGGTTCAGACGGTCC-1,0.000032,0.45815,0.541818
AGGGTTCCCTTTGGTT-1,0.042378,0.437311,0.520311
AGGGTTTAGTTCGGGA-1,0.000067,0.525042,0.474891
AGGTAACCTCCTATTC-1,0.007223,0.277649,0.715128
AGGTACGATATTGCCA-1,0.000037,0.157819,0.842144
AGGTAGATCGAGATAT-1,0.000065,0.820446,0.179489
AGGTATAATTGATAGT-1,0.194727,0.542003,0.26327
AGGTATGCGGACATTA-1,0.261533,0.024755,0.713712
AGGTCAGGTGAGAGTG-1,0.023982,0.299528,0.67649
AGGTCGCCACTTCGGT-1,0.000042,0.323435,0.676522
AGGTCGCCTCCCAACA-1,0.401577,0.01248,0.585943
AGGTCGCGGAGTTACT-1,0.000021,0.202532,0.797446
AGGTGCACGTCCACAT-1,0.98262,0.000053,0.017327
AGGTGGTGACCTTCGC-1,0.050059,0.44753,0.502411
AGGTGTATCGCCATGA-1,0.000093,0.932361,0.067546
AGGTGTTGCCGACCAC-1,0.908954,0.016386,0.07466
AGGTTACACCATGCCG-1,0.561144,0.343591,0.095265
AGGTTCTCCTTTCCGG-1,0.179894,0.807374,0.012732
AGGTTGAGGCACGCTT-1,0.000018,0.032594,0.967388
AGGTTTCACACACCTT-1,0.000039,0.366408,0.633553
AGTAACGTTCATCCTG-1,0.000032,0.24579,0.754178
AGTAACTATAGCAGCC-1,0.948977,0.000118,0.050905
AGTAAGGGACAGAATC-1,0.401004,0.004311,0.594685
AGTAATCTAAGGGTGG-1,0.297518,0.062383,0.640098
AGTAATGTCTTGCCGC-1,0.000071,0.654073,0.345855
AGTAATTTGCAAGCGT-1,0.120925,0.314257,0.564818
AGTACAGAAGCTTATA-1,0.000011,0.059473,0.940517
AGTACATCATTTATCA-1,0.07159,0.413588,0.514822
AGTACCTTCGAGTGCT-1,0.001217,0.040098,0.958685
AGTACGGCCCGTATCG-1,0.011166,0.988304,0.00053
AGTACGGGCACCTGGC-1,0.007059,0.30152,0.69142
AGTACGTGGCCTGTCT-1,0.000025,0.182473,0.817502
AGTACTCTTATGCCCA-1,0.0927,0.52009,0.38721
AGTAGAAGGCGCCTCA-1,0.0064,0.029939,0.963661
AGTAGCGTGAACGAAC-1,0.00005,0.461175,0.538775
AGTAGCTAGACGCCGA-1,0.053668,0.097451,0.848882
AGTAGGAAGGAAGTTG-1,0.006191,0.10149,0.892319
AGTAGGTAACATACAT-1,0.000074,0.99933,0.000595
AGTATAATACTAGGCA-1,0.0521,0.000333,0.947567
AGTATACACAGCGACA-1,0.000025,0.207073,0.792902
AGTATCCATAATAACG-1,0.000035,0.219195,0.78077
AGTATGCTGGAGACCA-1,0.00004,0.204772,0.795188
AGTATTTGGCACGACC-1,0.027995,0.175894,0.796111
AGTCAAATGATGTGAT-1,0.000023,0.293594,0.706383
AGTCAACACCACCATC-1,0.000027,0.05144,0.948534
AGTCAAGATGACACTT-1,0.042464,0.420063,0.537473
AGTCACTAGCTCTCGA-1,0.454682,0.237687,0.307631
AGTCACTCCGCCTCAT-1,0.000102,0.811705,0.188193
AGTCAGCCACCGCCTG-1,0.000247,0.000742,0.999011
AGTCCAGCGGGTACGT-1,0.000052,0.483594,0.516354
AGTCCATTGGCTGATG-1,0.089921,0.000024,0.910056
