Barcode,Topic 1,Topic 2,Topic 3,Topic 4,Topic 5to7,Topic 8to10
AAACAACGAATAGTTC-1,0.101456,0.243665,0.026299,0.12121,0.190735,0.316635
AAACAAGTATCTCCCA-1,0.000009,0.000009,0.000689,0.000364,0.479623,0.519306
AAACACCAATAACTGC-1,0.103584,0.083355,0.1087,0.031445,0.420058,0.252858
AAACAGAGCGACTCCT-1,0.252697,0.030687,0.00946,0.014849,0.468862,0.223445
AAACAGCTTTCAGAAG-1,0.000828,0.065927,0.065028,0.003043,0.141457,0.723716
AAACAGGGTCTATATT-1,0.035152,0.004953,0.04963,0.518962,0.091456,0.299847
AAACAGTGTTCCTGGG-1,0.000019,0.188593,0.000019,0.16827,0.564947,0.078153
AAACATGGTGAGAGGA-1,0.000589,0.000018,0.090131,0.199985,0.267781,0.441497
AAACATTTCCCGGATT-1,0.111984,0.018208,0.146895,0.092832,0.540144,0.089938
AAACCACTACACAGAT-1,0.104352,0.000027,0.059256,0.000027,0.553609,0.28273
AAACCCGAACGAAATC-1,0.19924,0.01023,0.559284,0.035148,0.00575,0.190348
AAACCGGAAATGTTAA-1,0.21074,0.097972,0.558525,0.000037,0.011355,0.121372
AAACCGGGTAGGTACC-1,0.599761,0.010154,0.293684,0.000053,0.007412,0.088935
AAACCGTTCGTCCAGG-1,0.361177,0.000033,0.069647,0.004826,0.05997,0.504347
AAACCTAAGCAGCCGG-1,0.239364,0.391318,0.0018,0.000032,0.192601,0.174884
AAACCTCATGAAGTTG-1,0.13194,0.098636,0.038079,0.108812,0.258019,0.364514
AAACGAAGAACATACC-1,0.032936,0.966321,0.000093,0.000093,0.000279,0.000279
AAACGAAGATGGAGTA-1,0.013627,0.000013,0.043693,0.008224,0.444993,0.48945
AAACGACAGTCTTGCC-1,0.215289,0.007997,0.200965,0.248669,0.268148,0.058931
AAACGAGACGGTTGAT-1,0.308214,0.005219,0.02093,0.000031,0.118667,0.546939
AAACGCCCGAGATCGG-1,0.179759,0.000033,0.130793,0.006809,0.619285,0.063322
AAACGCTGGGCACGAC-1,0.089631,0.127443,0.524083,0.000031,0.058129,0.200682
AAACGGGCGTACGGGT-1,0.050698,0.001296,0.030374,0.000015,0.406694,0.510924
AAACGGGTTGGTATCC-1,0.352908,0.638943,0.000085,0.000085,0.000255,0.007725
AAACGGTTGCGAACTG-1,0.07827,0.301312,0.042491,0.479427,0.004544,0.093957
AAACGTGTTCGCCCTA-1,0.088899,0.131595,0.545858,0.034411,0.199154,0.000083
AAACTAACGTGGCGAC-1,0.517925,0.023039,0.356127,0.000041,0.096833,0.006036
AAACTCGGTTCGCAAT-1,0.126845,0.050003,0.027142,0.795641,0.000184,0.000184
AAACTCGTGATATAAG-1,0.355508,0.06148,0.037201,0.011473,0.348452,0.185886
AAACTGCTGGCTCCAA-1,0.240207,0.43898,0.000028,0.206321,0.005345,0.109118
AAACTTAATTGCACGC-1,0.031507,0.000016,0.121399,0.013362,0.514892,0.318823
AAACTTGCAAACGTAT-1,0.351096,0.008309,0.073143,0.000028,0.270761,0.296663
AAAGAATGACCTTAGA-1,0.000009,0.014238,0.004275,0.028294,0.818099,0.135084
AAAGAATGTGGACTAA-1,0.000016,0.002686,0.114336,0.18503,0.666967,0.030965
AAAGACATGAAGTTTA-1,0.003372,0.484382,0.270448,0.019737,0.22184,0.000221
AAAGACCCAAGTCGCG-1,0.172463,0.164717,0.000055,0.071261,0.000164,0.591341
AAAGACTGGGCGCTTT-1,0.00162,0.000021,0.008256,0.039741,0.445738,0.504624
AAAGCTTGCCTACATA-1,0.463949,0.000037,0.531331,0.000037,0.000111,0.004535
AAAGGCCCTATAATAC-1,0.125255,0.006136,0.13339,0.00002,0.612818,0.122381
AAAGGCTACGGACCAT-1,0.611943,0.347996,0.039582,0.000068,0.000205,0.000205
AAAGGCTCTCGCGCCG-1,0.11657,0.397708,0.043875,0.000069,0.000206,0.441573
AAAGGGATGTAGCAAG-1,0.705834,0.012696,0.012026,0.000058,0.000175,0.26921
AAAGGGCAGCTTGAAT-1,0.039117,0.000018,0.000018,0.10149,0.186135,0.673223
AAAGGTAAGCTGTACC-1,0.444718,0.000047,0.215124,0.021727,0.172746,0.145639
AAAGGTCAACGACATG-1,0.515571,0.068837,0.063801,0.000032,0.313907,0.037852
AAAGTAGCATTGCTCA-1,0.120673,0.000451,0.103333,0.111297,0.129001,0.535245
AAAGTCACTGATGTAA-1,0.357742,0.141037,0.000101,0.167476,0.011111,0.322532
AAAGTCGACCCTCAGT-1,0.127631,0.027335,0.136945,0.000044,0.376333,0.331711
AAAGTGCCATCAATTA-1,0.000016,0.02357,0.197572,0.59268,0.113461,0.0727
AAAGTGTGATTTATCT-1,0.005056,0.103806,0.12764,0.00004,0.137676,0.625783
AAAGTTGACTCCCGTA-1,0.003096,0.000019,0.015804,0.000019,0.338799,0.642264
AAATAACCATACGGGA-1,0.196563,0.000029,0.006708,0.06914,0.066622,0.660939
AAATAAGGTAGTGCCC-1,0.043812,0.000024,0.213498,0.541056,0.095398,0.106213
AAATACCTATAAGCAT-1,0.039462,0.015916,0.000013,0.000013,0.092176,0.85242
AAATAGCTTAGACTTT-1,0.099158,0.43855,0.071691,0.032382,0.021458,0.336762
AAATAGGGTGCTATTG-1,0.052519,0.096814,0.000017,0.000017,0.442482,0.408152
AAATCACTCCTAAACG-1,0.12993,0.283499,0.002292,0.517116,0.066701,0.000462
AAATCCGATACACGCC-1,0.066335,0.177413,0.024922,0.026051,0.352671,0.352608
AAATCGCGGAAGGAGT-1,0.036191,0.036438,0.133248,0.102246,0.283289,0.408587
AAATCGTGTACCACAA-1,0.01239,0.925261,0.000078,0.061803,0.000234,0.000234
AAATCTAGCCCTGCTA-1,0.010479,0.005088,0.008981,0.065715,0.264197,0.64554
AAATCTGCCCGCGTCC-1,0.030474,0.000038,0.369105,0.000038,0.32066,0.279684
AAATGACTGATCAAAC-1,0.000035,0.380399,0.000035,0.619321,0.000105,0.000105
AAATGATTCGATCAGC-1,0.227209,0.107013,0.329377,0.057651,0.027592,0.251158
AAATGCTCGTTACGTT-1,0.283548,0.211601,0.000042,0.014202,0.019539,0.471067
AAATGGCATGTCTTGT-1,0.280532,0.01712,0.000042,0.058319,0.000344,0.643643
AAATGGCCCGTGCCCT-1,0.000007,0.000007,0.000007,0.012434,0.734368,0.253176
AAATGGTCAATGTGCC-1,0.335972,0.288223,0.280827,0.000197,0.00059,0.094193
AAATGTATCTTATCCC-1,0.000035,0.020278,0.030264,0.020414,0.57885,0.350159
AAATTAACGGGTAGCT-1,0.75997,0.239361,0.000084,0.000084,0.000251,0.000251
AAATTAATAAGCGCGA-1,0.00001,0.0028,0.00001,0.02362,0.235061,0.738499
AAATTACACGACTCTG-1,0.543016,0.197036,0.000053,0.000053,0.18418,0.075661
AAATTACCTATCGATG-1,0.596538,0.175221,0.045827,0.000049,0.000148,0.182216
AAATTCCAGGTCCAAA-1,0.296142,0.159536,0.310822,0.165763,0.000087,0.06765
AAATTGATAGTCCTTT-1,0.245209,0.082364,0.041771,0.000035,0.499067,0.131554
AAATTGCGGCGGTTCT-1,0.415732,0.583274,0.000124,0.000124,0.000373,0.000373
AAATTGGTGAGAAGCA-1,0.094052,0.097223,0.166848,0.154193,0.421499,0.066185
AAATTTACCGAAATCC-1,0.191084,0.000022,0.012923,0.012936,0.322686,0.460348
AAATTTGCGGGTGTGG-1,0.276435,0.253296,0.128122,0.000055,0.025693,0.3164
AACAACTGGTAGTTGC-1,0.598282,0.095116,0.000059,0.000059,0.035102,0.271382
AACAATACATTGTCGA-1,0.377204,0.170791,0.031884,0.000035,0.237341,0.182746
AACAATTACTCTACGC-1,0.458068,0.000045,0.026263,0.208113,0.000135,0.307376
AACACACGCTCGCCGC-1,0.045755,0.029491,0.121408,0.021093,0.406373,0.37588
AACACGACTGTACTGA-1,0.896093,0.08757,0.000134,0.000134,0.000403,0.015666
AACACGAGACGCGGCC-1,0.232789,0.00005,0.256502,0.014686,0.00015,0.495824
AACACGCGGCCGCGAA-1,0.029935,0.569773,0.042473,0.326425,0.00049,0.030902
AACAGCTGTGTGGCAA-1,0.412259,0.167895,0.057452,0.000047,0.141335,0.221013
AACAGGAAATCGAATA-1,0.76219,0.000073,0.014611,0.110804,0.00022,0.112102
AACAGGATGGGCCGCG-1,0.237164,0.025344,0.000029,0.000029,0.02925,0.708183
AACAGGTAGTATGGAT-1,0.035582,0.000014,0.190789,0.000014,0.432496,0.341106
AACATAGCGTGTATCG-1,0.118755,0.211182,0.307548,0.130479,0.055319,0.176716
AACATATCAACTGGTG-1,0.541845,0.010084,0.269896,0.00006,0.000181,0.177934
AACATCGATACGTCTA-1,0.220621,0.007159,0.18073,0.305355,0.128949,0.157186
AACATTGAAGTTGATC-1,0.076433,0.010839,0.062703,0.000019,0.483671,0.366336
AACATTGGTCAGCCGT-1,0.551891,0.396799,0.050385,0.000132,0.000396,0.000396
AACATTGTGACTCGAG-1,0.031259,0.958886,0.000042,0.000042,0.005991,0.003779
AACCAAGACTTCTCTG-1,0.379344,0.092425,0.055686,0.00004,0.306598,0.165907
AACCAGTATCACTCTT-1,0.048921,0.169748,0.000016,0.049754,0.179332,0.55223
AACCATAGGGTTGAAC-1,0.072138,0.000016,0.062476,0.213689,0.1961,0.455581
AACCATGGGATCGCTA-1,0.793911,0.164726,0.000073,0.000073,0.017766,0.023449
AACCCAGAGACGGAGA-1,0.292827,0.70631,0.000108,0.000108,0.000323,0.000323
AACCCATCCCATGATC-1,0.11581,0.092662,0.061769,0.000021,0.426542,0.303197
AACCCGACAACCCGTG-1,0.072381,0.215704,0.032523,0.103079,0.442694,0.133618
AACCCGAGCAGAATCG-1,0.005826,0.02846,0.138158,0.040338,0.23854,0.548678
AACCCGATAGGGCTTC-1,0.473468,0.000056,0.368081,0.000056,0.073693,0.084646
AACCCGCTGTATTCCA-1,0.214034,0.220011,0.000957,0.099615,0.019861,0.445523
AACCCTACTGTCAATA-1,0.00437,0.000013,0.004611,0.047684,0.257391,0.685929
AACCCTGGTGGAACCA-1,0.588234,0.039747,0.000044,0.000044,0.016073,0.355858
AACCGAGCTTGGTCAT-1,0.188936,0.002183,0.012702,0.02745,0.148012,0.620717
AACCGCTAAGGGATGC-1,0.006114,0.040567,0.017273,0.002662,0.265446,0.667939
AACCGTTGTGTTTGCT-1,0.694426,0.163955,0.000087,0.046605,0.000262,0.094665
AACCTCGCTTTAGCCC-1,0.012034,0.000015,0.007619,0.000015,0.226768,0.753549
AACCTGTCACGGAATT-1,0.385135,0.000053,0.508526,0.098158,0.00016,0.007968
AACCTTTAAATACGGT-1,0.274289,0.136821,0.00002,0.00002,0.121095,0.467756
AACCTTTACGACGTCT-1,0.3334,0.07193,0.000037,0.024283,0.11487,0.45548
AACGAAAGTCGTCCCA-1,0.004593,0.143355,0.00762,0.032074,0.499429,0.31293
AACGACCTCCTAGCCG-1,0.000038,0.059814,0.4561,0.009637,0.254061,0.22035
AACGATAATGCCGTAG-1,0.290384,0.014949,0.014978,0.142673,0.124401,0.412615
AACGATAGAAGGGCCG-1,0.029847,0.713053,0.000167,0.255934,0.0005,0.0005
AACGATATGTCAACTG-1,0.752257,0.048835,0.012645,0.000061,0.000183,0.18602
AACGCATGATCTGGGT-1,0.006923,0.000028,0.106284,0.48375,0.15794,0.245075
AACGCGAACGGCAACA-1,0.398703,0.449759,0.000057,0.000057,0.000172,0.15125
AACGCGACCTTGGGCG-1,0.007807,0.492348,0.000031,0.000031,0.186013,0.31377
AACGCGGTCTCCAGCC-1,0.49391,0.169381,0.028319,0.137133,0.07136,0.099898
AACGCTGTTGCTGAAA-1,0.115904,0.033205,0.014317,0.024626,0.135451,0.676497
AACGGACGTACGTATA-1,0.213791,0.028431,0.086397,0.022536,0.105966,0.542879
AACGGCCATCTCCGGT-1,0.162886,0.027935,0.016788,0.000025,0.269326,0.523041
AACGTACTGTGGGTAC-1,0.234845,0.000033,0.000675,0.000033,0.44379,0.320624
AACGTCAGACTAGTGG-1,0.793955,0.103934,0.000068,0.000068,0.000203,0.101773
AACGTCATCCGGCTTG-1,0.000113,0.228772,0.067308,0.703126,0.00034,0.00034
AACGTCGCTGCACTTC-1,0.025963,0.093044,0.387211,0.000035,0.174188,0.319559
AACGTGATGAAGGACA-1,0.165379,0.000031,0.000071,0.173779,0.043965,0.616776
AACGTGCGAAAGTCTC-1,0.21832,0.152159,0.009171,0.096253,0.009377,0.514721
AACGTTATCAGCACCT-1,0.14681,0.066837,0.000041,0.000041,0.181279,0.604992
AACGTTCTACCATTGT-1,0.001216,0.049837,0.393988,0.240587,0.087938,0.226435
AACTACCCGTTTGTCA-1,0.10829,0.000023,0.330267,0.000023,0.333386,0.228011
AACTAGGCTTGGGTGT-1,0.494067,0.46826,0.03712,0.000079,0.000237,0.000237
AACTCAAGTTAATTGC-1,0.433553,0.280336,0.00307,0.021397,0.000121,0.261524
AACTCCAGAGCGTGTT-1,0.087521,0.002798,0.006504,0.031883,0.286241,0.585053
AACTCCTAATCCCATG-1,0.267697,0.015319,0.035144,0.000998,0.372078,0.308763
AACTCGATAAACACGT-1,0.488807,0.385514,0.109712,0.000103,0.000308,0.015556
AACTCGATGGCGCAGT-1,0.22599,0.000035,0.000035,0.041219,0.008414,0.724308
AACTCTCAATAGAGCG-1,0.285184,0.178787,0.016944,0.000053,0.016938,0.502094
AACTCTCAGTGTGCTC-1,0.321188,0.00905,0.079375,0.002111,0.159677,0.4286
AACTGAGGTCAGCGTC-1,0.234565,0.012465,0.036561,0.503089,0.211758,0.001563
AACTGAGTTATACTGA-1,0.087179,0.125544,0.786798,0.000068,0.000205,0.000205
AACTGATATTAGGCCT-1,0.562723,0.000077,0.016518,0.08854,0.000231,0.331911
AACTGGGTCCCGACGT-1,0.852913,0.002322,0.000414,0.034803,0.00018,0.109367
AACTGGGTTCGAGCCG-1,0.148269,0.002366,0.009243,0.131028,0.501546,0.207549
AACTGGTGTGGGCCTT-1,0.065903,0.471612,0.000229,0.341428,0.000688,0.120139
AACTTCTGCGTCTATC-1,0.67681,0.152584,0.015898,0.000094,0.048997,0.105617
AACTTGCCCGTATGCA-1,0.074688,0.00198,0.000025,0.000025,0.193434,0.729849
AACTTGCGTTCTCGCG-1,0.82622,0.068481,0.000045,0.000045,0.000135,0.105075
AACTTTACGGGAGCTT-1,0.354892,0.045586,0.072038,0.000084,0.000252,0.527147
AACTTTCTCGATCATG-1,0.264862,0.00004,0.63604,0.00004,0.085479,0.013539
AAGAAAGTTTGATGGG-1,0.000024,0.000024,0.063261,0.632062,0.256106,0.048524
AAGAAATCACCAGATT-1,0.108801,0.103097,0.477395,0.010203,0.274848,0.025655
AAGAAGGATCAGTTAG-1,0.155783,0.006907,0.000027,0.000027,0.011143,0.826114
AAGACATACGTGGTTT-1,0.000013,0.109589,0.011661,0.252736,0.623021,0.00298
AAGACCAAATAACTCA-1,0.056707,0.001447,0.204076,0.031499,0.333791,0.372481
AAGACCCAACTGAACA-1,0.442772,0.55668,0.000069,0.000069,0.000206,0.000206
AAGACTAACCCGTTGT-1,0.12683,0.872494,0.000084,0.000084,0.000253,0.000253
AAGACTCACGCCCACT-1,0.049796,0.056448,0.061657,0.053135,0.531243,0.247721
AAGACTGCAAGCTACT-1,0.829874,0.017563,0.005817,0.000059,0.000178,0.146508
AAGAGATGAATCGGTA-1,0.639446,0.037616,0.000042,0.000042,0.121386,0.201469
AAGAGCTCTTTATCGG-1,0.145563,0.096366,0.000033,0.000033,0.078942,0.679063
AAGAGGATGTACGCGA-1,0.455963,0.000067,0.241151,0.000067,0.002322,0.30043
AAGAGGCATGGATCGC-1,0.268508,0.010417,0.026508,0.000041,0.098277,0.596248
AAGAGGCCCTTTGGAA-1,0.007243,0.200908,0.469395,0.132186,0.042083,0.148186
AAGATGGCACCGGACC-1,0.241205,0.224517,0.120555,0.153192,0.027075,0.233457
AAGATTGGCGGAACGT-1,0.013059,0.079108,0.063173,0.000031,0.010773,0.833855
AAGCACCCTGCGTATC-1,0.000527,0.000015,0.000015,0.032043,0.072374,0.895027
AAGCATACTCTCCTGA-1,0.629168,0.057447,0.010396,0.054072,0.008009,0.240908
AAGCCACTTGCAGGTA-1,0.034441,0.01106,0.248384,0.000035,0.347455,0.358624
AAGCCGAAGCGGTTTA-1,0.01554,0.057176,0.131287,0.028967,0.251953,0.515076
AAGCCGCCGTGAAATC-1,0.005479,0.000015,0.025242,0.173817,0.368626,0.426822
AAGCCGCTTTACCTTG-1,0.000044,0.000044,0.556046,0.443601,0.000132,0.000132
AAGCCGGAGAGCAGGA-1,0.00001,0.00001,0.008587,0.378003,0.552441,0.060948
AAGCGCAGGGCTTTGA-1,0.581747,0.008981,0.045426,0.000034,0.070988,0.292824
AAGCGGAGTGCGCGCA-1,0.05346,0.000031,0.307316,0.076365,0.529687,0.033141
AAGCGGCGTCATGGGT-1,0.238396,0.325159,0.08836,0.000039,0.321839,0.026207
AAGCGTCCCTCATCGA-1,0.138867,0.040096,0.006714,0.078338,0.114044,0.621941
AAGCTAGATCGAGTAA-1,0.730632,0.016967,0.000041,0.000041,0.023272,0.229049
AAGCTATGGATTGACC-1,0.002435,0.024799,0.088033,0.003124,0.599182,0.282426
AAGCTCGTGCCAAGTC-1,0.365337,0.183889,0.039872,0.000067,0.008668,0.402169
AAGCTCTTTCATGGTG-1,0.427198,0.000052,0.093271,0.000052,0.056264,0.423163
AAGGAGCGGTTGGTGC-1,0.630661,0.302917,0.065525,0.000128,0.000385,0.000385
AAGGATCGATCGCTTG-1,0.038973,0.134975,0.324494,0.338185,0.00027,0.163103
AAGGATGAGGGACCTC-1,0.128033,0.00004,0.021111,0.250223,0.065522,0.535071
AAGGCAGGCTGTCTCC-1,0.000009,0.078483,0.000404,0.383912,0.395095,0.142096
AAGGCGCGTAAAGCTT-1,0.184196,0.056181,0.000026,0.027233,0.009999,0.722365
AAGGCTGTGCTCATCG-1,0.35203,0.162956,0.000054,0.002047,0.235955,0.246957
AAGGGAACGACTGGCT-1,0.000064,0.153816,0.167577,0.512988,0.000191,0.165365
AAGGGACAGATTCTGT-1,0.40908,0.194299,0.078209,0.000054,0.000162,0.318197
AAGGGACTATGCATTC-1,0.237594,0.019152,0.059242,0.232716,0.149479,0.301817
AAGGGTTAGCCATGCG-1,0.000067,0.106056,0.422062,0.000067,0.023176,0.448571
AAGGGTTTGATTTCAG-1,0.004876,0.000008,0.00314,0.114294,0.661789,0.215893
AAGGTATCCTAATATA-1,0.188623,0.000024,0.022734,0.000024,0.192934,0.595661
AAGGTGATAAACCAGC-1,0.011194,0.000014,0.019231,0.017149,0.294426,0.657988
AAGTAGAAGACCGGGT-1,0.07543,0.307818,0.000096,0.178742,0.000289,0.437624
AAGTAGTGACGCGAGG-1,0.628574,0.000062,0.071759,0.000062,0.000187,0.299356
AAGTCAATTGTCGTCA-1,0.093264,0.021946,0.025404,0.009258,0.170203,0.679925
AAGTCTAGTAGCTGCC-1,0.208159,0.000043,0.664179,0.000043,0.079293,0.048282
AAGTCTTCTGTGGCCT-1,0.320662,0.000052,0.221158,0.000052,0.053935,0.404142
AAGTGACGACCGAATT-1,0.031715,0.278427,0.000033,0.000033,0.329528,0.360264
AAGTGAGTCGGGTTTA-1,0.762711,0.029204,0.002009,0.000046,0.115029,0.091001
AAGTGCAAAGGTAGAC-1,0.000653,0.000028,0.024006,0.003431,0.340219,0.631663
AAGTGCCTTGACTGTA-1,0.577102,0.000056,0.335551,0.000056,0.000169,0.087065
AAGTGCGTTAGAATCT-1,0.107168,0.003641,0.012414,0.000025,0.367035,0.509718
AAGTGCTTCTCTATTG-1,0.415402,0.093054,0.142984,0.000045,0.172407,0.176109
AAGTGTTTGGAGACGG-1,0.355078,0.011517,0.037332,0.000045,0.034749,0.561278
AAGTTCACTCCAAGCT-1,0.072223,0.377889,0.000018,0.000018,0.269332,0.280519
AAGTTCAGTCTGCGTA-1,0.496431,0.011746,0.389731,0.020124,0.022752,0.059216
AAGTTCGGCCAACAGG-1,0.145587,0.000034,0.05997,0.000034,0.197562,0.596813
AAGTTGTGATGTTATA-1,0.01042,0.239771,0.058573,0.000026,0.486259,0.204952
AAGTTTATGGGCCCAA-1,0.352101,0.084455,0.149522,0.167884,0.164302,0.081735
AATAACAACGCTCGGC-1,0.391941,0.233386,0.042674,0.016752,0.164694,0.150553
AATAACACTAGAACAA-1,0.032817,0.191626,0.000021,0.01418,0.386622,0.374734
AATAACGTCGCGCCCA-1,0.000014,0.000014,0.066824,0.358934,0.410122,0.164093
AATAAGTCCTCGAGAC-1,0.273515,0.666,0.000075,0.036067,0.000224,0.024119
AATAATCTTCGTATCG-1,0.000025,0.000025,0.192872,0.278002,0.390018,0.139058
AATACAATGTTTCAGG-1,0.053489,0.039162,0.00002,0.060459,0.21099,0.63588
AATACCGGAGGGCTGT-1,0.219445,0.098722,0.197907,0.00003,0.139226,0.344671
AATACCTGATGTGAAC-1,0.075356,0.062372,0.295988,0.005467,0.189448,0.371368
AATAGAACAGAGTGGC-1,0.488032,0.000047,0.008039,0.000031,0.068521,0.43533
AATAGAATCTGTTTCA-1,0.0729,0.000026,0.05049,0.083187,0.093139,0.700259
AATAGCAAGCCTCCTG-1,0.099871,0.000034,0.3789,0.021613,0.356352,0.14323
AATAGCTACCGCGTGC-1,0.690973,0.021636,0.25395,0.000036,0.016747,0.016657
AATAGGCACGACCCTT-1,0.096299,0.232071,0.08382,0.000033,0.380901,0.206876
AATAGTCCGTCCCGAC-1,0.000157,0.239197,0.000157,0.759545,0.000472,0.000472
AATAGTCGCGAGTCGG-1,0.276326,0.000041,0.070691,0.000041,0.051998,0.600902
AATATCCTAGCAAACT-1,0.000824,0.093928,0.01862,0.181891,0.413274,0.291463
AATATCGAATCAATGC-1,0.079021,0.000022,0.141718,0.045251,0.339551,0.394437
AATATCGAGGGTTCTC-1,0.587847,0.000064,0.325912,0.000064,0.000191,0.085923
AATATTGGAGTATTGA-1,0.114349,0.208988,0.142424,0.316453,0.047384,0.170401
AATCAGACTGCAGGAC-1,0.181783,0.396374,0.000111,0.000111,0.003473,0.418149
AATCAGGTTTCATTTA-1,0.34137,0.011898,0.392361,0.000054,0.136547,0.117769
AATCATGTAAAGACTC-1,0.080135,0.026773,0.098042,0.000033,0.055374,0.739643
AATCCAAGGGCCTGAG-1,0.276344,0.182972,0.00005,0.091309,0.00015,0.449175
AATCCATGCAAGGGTG-1,0.441297,0.438658,0.00007,0.00007,0.000209,0.119697
AATCCCGCTCAGAGCC-1,0.000091,0.218434,0.136218,0.644713,0.000272,0.000272
AATCGAGGTCTCAAGG-1,0.000062,0.11656,0.178102,0.177726,0.18577,0.341781
AATCGCCTCAGCGCCA-1,0.340641,0.291686,0.05967,0.000049,0.172766,0.135188
AATCGCGCAGAGGACT-1,0.121098,0.301957,0.206529,0.048591,0.074589,0.247236
AATCGGGACACTACGA-1,0.217451,0.781797,0.000094,0.000094,0.000282,0.000282
AATCGGTATAGCCCTC-1,0.000008,0.044964,0.000008,0.405915,0.446898,0.102207
AATCGTGAGCCGAGCA-1,0.000028,0.095566,0.000028,0.221373,0.409139,0.273866
AATCTAGGTTTACTTG-1,0.144991,0.016659,0.01457,0.00002,0.491925,0.331833
AATCTATGCCGGAGCC-1,0.347602,0.016156,0.360494,0.162511,0.000162,0.113075
AATCTCTACTGTGGTT-1,0.00094,0.202464,0.002228,0.017862,0.594935,0.181571
AATCTGCGTTGGGACG-1,0.06663,0.117452,0.039647,0.000034,0.156573,0.619665
AATCTGGCTTTCTAGT-1,0.000011,0.000011,0.000011,0.131923,0.635188,0.232856
AATCTGGGTAGACCCT-1,0.073789,0.000023,0.0952,0.000023,0.282496,0.548468
AATGACAGCAATGTCT-1,0.201926,0.037234,0.109143,0.000035,0.293782,0.35788
AATGACGTAGGATGTC-1,0.18546,0.046712,0.097511,0.040453,0.158069,0.471795
AATGACTGTCAGCCGG-1,0.356268,0.242774,0.0162,0.000109,0.000326,0.384324
AATGAGTTCGCATATG-1,0.179837,0.000041,0.000041,0.021072,0.012646,0.786364
AATGATGATACGCTAT-1,0.387632,0.034722,0.141788,0.153823,0.000261,0.281774
AATGATGCGACTCCTG-1,0.437967,0.000067,0.265296,0.000067,0.000202,0.296401
AATGCAACCGGGTACC-1,0.855022,0.106996,0.000076,0.000076,0.000228,0.037602
AATGCACCAAGCAATG-1,0.294465,0.05592,0.215582,0.076176,0.207931,0.149926
AATGGCCGCCAATGCG-1,0.182157,0.150781,0.009968,0.000041,0.568321,0.088731
AATGGTCCACCGTTCA-1,0.117201,0.209598,0.001497,0.1102,0.074838,0.486666
AATGGTTCTCACAAGC-1,0.332587,0.666952,0.000058,0.000058,0.000173,0.000173
AATGTATGGCACTGTA-1,0.357764,0.095068,0.195141,0.000025,0.26589,0.086112
AATGTGCCCGAGGTGT-1,0.103246,0.000026,0.010434,0.57579,0.140744,0.16976
AATGTGCTAATCTGAG-1,0.615197,0.065674,0.208479,0.000039,0.006462,0.104149
AATGTTAAGACCCTGA-1,0.188073,0.070542,0.336265,0.039693,0.225497,0.139931
AATGTTGTCGTGAGAC-1,0.041782,0.118938,0.24363,0.13478,0.283705,0.177165
AATTAAAGGTCGGCGT-1,0.570571,0.428814,0.000077,0.000077,0.000231,0.000231
AATTAACGGATTTCCA-1,0.329985,0.640956,0.000046,0.000046,0.000137,0.028831
AATTACGAGACCCATC-1,0.019047,0.000017,0.104546,0.034131,0.542917,0.299342
AATTACTCGTACGCTC-1,0.135275,0.577591,0.000055,0.000055,0.003334,0.28369
AATTAGCGCTGCAGCG-1,0.348874,0.425298,0.000051,0.225472,0.000153,0.000153
AATTATACCCAGCAAG-1,0.000032,0.194556,0.121031,0.213615,0.424909,0.045857
AATTCATAAGGGATCT-1,0.310045,0.248849,0.017652,0.102046,0.156903,0.164505
AATTCATTGTCATGCA-1,0.111453,0.020268,0.134011,0.002436,0.592521,0.139311
AATTCCAACTTGGTGA-1,0.527546,0.250061,0.221294,0.000157,0.000471,0.000471
AATTCCAAGCATGTAC-1,0.000106,0.190804,0.000106,0.808348,0.000318,0.000318
AATTCGATTCGAGGAT-1,0.189826,0.223001,0.002129,0.012479,0.189032,0.383533
AATTCTAGAGTTAGGC-1,0.758749,0.016284,0.004388,0.034069,0.002981,0.183529
AATTGAACGCTCTGGT-1,0.074863,0.326035,0.059001,0.08257,0.119552,0.337979
AATTGCAGCAATCGAC-1,0.010987,0.053335,0.116744,0.027762,0.477181,0.313992
AATTGCGTGGATTACA-1,0.048948,0.017338,0.093889,0.006735,0.79665,0.036441
AATTGTGGTTGCCAAA-1,0.000009,0.000009,0.067,0.065971,0.664275,0.202736
AATTTGGGACATAGTA-1,0.706892,0.000056,0.067815,0.000056,0.140662,0.084518
AATTTGGTTCCAAAGA-1,0.283298,0.006869,0.000046,0.010624,0.102992,0.596172
ACAAACCATGCGTCCT-1,0.004025,0.000008,0.033002,0.12845,0.604811,0.229704
ACAAACTCCATCAGAG-1,0.000957,0.007951,0.006754,0.241933,0.490855,0.25155
ACAAAGAAGGTAGGCC-1,0.000192,0.000012,0.020547,0.050772,0.392377,0.5361
ACAAAGCATGACCTAG-1,0.079512,0.142871,0.150363,0.036749,0.311551,0.278954
ACAAATCGCACCGAAT-1,0.390915,0.000917,0.033173,0.000034,0.042205,0.532756
ACAAATGGTAGTGTTT-1,0.194271,0.010949,0.002693,0.000027,0.0935,0.69856
ACAAATTCAGATCTGA-1,0.712625,0.004503,0.196661,0.019851,0.053665,0.012695
ACAACAGCATGAGCTA-1,0.627275,0.02675,0.021493,0.000066,0.000198,0.324219
ACAACGGTCCCTGCGA-1,0.128798,0.007292,0.000019,0.105908,0.026053,0.73193
ACAAGCAGTGCCTAGC-1,0.41943,0.050149,0.037703,0.000046,0.007982,0.484689
ACAAGCTATATGGAAG-1,0.02132,0.267061,0.001916,0.011622,0.230104,0.467977
ACAAGGAAATCCGCCC-1,0.117796,0.629468,0.010328,0.067317,0.065601,0.109489
ACAAGGACAAGAGGTT-1,0.25743,0.00002,0.008084,0.032516,0.018795,0.683155
ACAAGGATGCTTTAGG-1,0.353623,0.064282,0.124645,0.000034,0.088655,0.368761
ACAAGGCCTACCAGCC-1,0.000121,0.09103,0.48627,0.404139,0.000362,0.018078
ACAAGGGCAGGCTCTG-1,0.390767,0.049671,0.199435,0.000068,0.000203,0.359856
ACAAGTAATTGTAAGG-1,0.027071,0.083104,0.469439,0.002884,0.241518,0.175983
ACAATAGTCGTACGTT-1,0.224866,0.138376,0.053958,0.098614,0.135029,0.349157
ACAATCCATTTAAACC-1,0.458821,0.007239,0.01082,0.000035,0.235831,0.287255
ACAATGAATACGGAGA-1,0.068843,0.03904,0.002183,0.000021,0.331266,0.558647
ACAATGATTCTTCTAC-1,0.445092,0.033052,0.469356,0.000047,0.036736,0.015718
ACAATTGTGTCTCTTT-1,0.025196,0.000049,0.139525,0.220436,0.274768,0.340025
ACAATTTAGGAGGCTC-1,0.000019,0.012554,0.003716,0.030926,0.349353,0.603431
ACAATTTGAGCAGTGG-1,0.201687,0.126754,0.000045,0.000031,0.053408,0.618073
ACAATTTGGCCATATT-1,0.069813,0.628644,0.285495,0.000049,0.007724,0.008275
ACACAAAGACGGGTGG-1,0.718315,0.231333,0.049674,0.000097,0.000291,0.000291
ACACAAATATTCCTAG-1,0.000037,0.296727,0.313688,0.039646,0.34979,0.000112
ACACACCAGGACCAGT-1,0.001623,0.000021,0.029538,0.215578,0.190295,0.562945
ACACACTTTCTACACG-1,0.565573,0.157106,0.000086,0.159024,0.000258,0.117953
ACACATGATCAAATCT-1,0.012724,0.00001,0.002791,0.473635,0.336828,0.174012
ACACATTGACGCAACA-1,0.010175,0.391682,0.00004,0.303767,0.107252,0.187084
ACACATTTCCGTAGAC-1,0.253906,0.178659,0.002621,0.203314,0.32533,0.036169
ACACCACATAATTAGC-1,0.396978,0.001302,0.467313,0.046411,0.04188,0.046116
ACACCCAGCATGCAGC-1,0.32228,0.213244,0.000109,0.119684,0.000327,0.344356
ACACCCGAGAAATCCG-1,0.006285,0.58681,0.000037,0.000037,0.010321,0.396511
ACACCCGTAAATCTGT-1,0.264984,0.23093,0.137773,0.056808,0.214774,0.094731
ACACCGAGCGCTCTTT-1,0.05194,0.024253,0.00003,0.00003,0.14702,0.776728
ACACCGGTCTGACCGC-1,0.083768,0.000022,0.1394,0.000022,0.292045,0.484742
ACACCTTAAGTAGGGC-1,0.615411,0.383855,0.000092,0.000092,0.000275,0.000275
ACACCTTACTACTTGC-1,0.066853,0.001603,0.128318,0.044668,0.458124,0.300435
ACACGAGACTCCTTCT-1,0.120254,0.011139,0.000636,0.001343,0.089038,0.77759
ACACGGCACTATGCAT-1,0.819448,0.071077,0.000092,0.04163,0.000277,0.067475
ACACGGGAACTTAGGG-1,0.43675,0.000048,0.014929,0.007117,0.017772,0.523384
ACACGTAGGCCACAAG-1,0.000229,0.003367,0.046653,0.14725,0.623203,0.179298
ACACTCCAATGTCACT-1,0.527563,0.000065,0.000065,0.000065,0.000196,0.472046
ACACTGATCAAGGTGT-1,0.510077,0.096164,0.000055,0.000055,0.001936,0.391712
ACACTGGGACAGTCGT-1,0.170458,0.005164,0.284957,0.008276,0.288743,0.242402
ACAGAACTGAGAACAA-1,0.075055,0.000533,0.006927,0.01103,0.468372,0.438084
ACAGCATAGAGCCAGT-1,0.491191,0.507243,0.000196,0.000196,0.000587,0.000587
ACAGCGACATTCTCAT-1,0.065075,0.000026,0.187519,0.001525,0.343184,0.40267
ACAGCGCACCCGCAGC-1,0.377593,0.219628,0.000048,0.000048,0.005209,0.397474
ACAGGAGGCGCAGCCG-1,0.070838,0.744237,0.074237,0.033535,0.044132,0.033022
ACAGGCACGGATCCTT-1,0.004614,0.000023,0.206114,0.005351,0.465134,0.318764
ACAGGCTTGCCCGACT-1,0.240223,0.059455,0.033596,0.025903,0.27453,0.366293
ACAGGTGGAGGTGAGG-1,0.12907,0.261612,0.000025,0.000025,0.187465,0.421804
ACAGGTGTGTTGTTGC-1,0.000029,0.003469,0.082758,0.581411,0.15786,0.174473
ACAGTAATACAACTTG-1,0.395544,0.18901,0.118533,0.000031,0.155394,0.141488
ACAGTATACCGTGGGA-1,0.378953,0.025457,0.425787,0.023476,0.079327,0.067
ACAGTGCAGCGCATTT-1,0.053543,0.526057,0.08812,0.228999,0.103122,0.000158
ACATAAGTCGTGGTGA-1,0.121716,0.04383,0.127288,0.025191,0.344262,0.337713
ACATAATAAGGCGGTG-1,0.522997,0.045259,0.007135,0.13332,0.074165,0.217124
ACATACAATCAAGCGG-1,0.000008,0.00076,0.00131,0.056134,0.582307,0.359481
ACATCAGCTGGGACGC-1,0.173509,0.000057,0.18595,0.042002,0.111001,0.48748
ACATCCCGGCCATACG-1,0.361835,0.275499,0.000088,0.037142,0.034437,0.290999
ACATCCTGGTAACTGT-1,0.135048,0.142621,0.371706,0.085578,0.041508,0.223539
ACATCGATCGTTTACC-1,0.353856,0.013705,0.000048,0.314692,0.041059,0.276639
ACATCGCAATATTCGG-1,0.003346,0.000024,0.04715,0.000024,0.767422,0.182035
ACATCGGTCAGCCGCG-1,0.469027,0.073068,0.077307,0.048253,0.000145,0.3322
ACATCGTATGCAATGG-1,0.342683,0.016584,0.110652,0.004739,0.285562,0.23978
ACATCGTTAACCTAGT-1,0.359857,0.498043,0.000063,0.000063,0.00019,0.141784
ACATCTCAACGCGTAA-1,0.230756,0.468232,0.225379,0.074879,0.000377,0.000377
ACATGCTTACGGCAGC-1,0.000007,0.002549,0.000007,0.241554,0.693269,0.062614
ACATGGCGCCAAAGTA-1,0.000423,0.000011,0.027672,0.120581,0.199041,0.652272
ACATGGCTCAATTTAG-1,0.469111,0.001406,0.008241,0.000059,0.000178,0.521003
ACATTAGTTTATATCC-1,0.804844,0.000131,0.123551,0.000131,0.000392,0.070952
ACATTCGCGCGGAATA-1,0.000014,0.057583,0.00073,0.357426,0.526298,0.057949
ACATTTGAAACCTAAC-1,0.000673,0.018568,0.00123,0.007269,0.928081,0.044179
ACCAAACACCCAGCGA-1,0.173513,0.091151,0.197179,0.344958,0.065401,0.127797
ACCAACACCACACACT-1,0.201939,0.067512,0.291018,0.200447,0.129792,0.109293
ACCAACCGCACTCCAC-1,0.073157,0.141473,0.103235,0.007978,0.542551,0.131606
ACCAACGCTTATTTAT-1,0.065446,0.55928,0.000087,0.374664,0.000262,0.000262
ACCAAGAACGCGTGTC-1,0.000207,0.310336,0.000207,0.688007,0.000621,0.000621
ACCAAGTCATCGGCAG-1,0.00002,0.167257,0.078449,0.106536,0.604331,0.043408
ACCAATATGCAAGTTA-1,0.121641,0.000017,0.001058,0.000017,0.149116,0.728152
ACCACAACTCAGAACA-1,0.52409,0.168376,0.016635,0.039186,0.013939,0.237776
ACCACAAGTTTCTATC-1,0.537922,0.278412,0.010355,0.078178,0.000441,0.094692
ACCACACGGTTGATGG-1,0.036092,0.000023,0.1085,0.157349,0.286072,0.411963
ACCACCAATGTAACAA-1,0.683526,0.164765,0.133448,0.000027,0.000082,0.018152
ACCACCCTCTCTTCTA-1,0.154962,0.000034,0.48654,0.234622,0.093907,0.029936
ACCACGTGCAGCTATA-1,0.67552,0.007101,0.134709,0.000048,0.017078,0.165543
ACCACTGTTCAAGAAG-1,0.274994,0.055255,0.201074,0.000076,0.000228,0.468374
ACCAGACCATAACAAC-1,0.128357,0.024335,0.01095,0.011759,0.068886,0.755712
ACCAGCCCGGTCTTTG-1,0.030497,0.968974,0.000066,0.000066,0.000198,0.000198
ACCAGTGCCCGGTCAA-1,0.158897,0.264166,0.00701,0.167791,0.221807,0.180329
ACCAGTGCGGGAGACG-1,0.016048,0.023019,0.036189,0.000024,0.180544,0.744175
ACCATATCCGCAATAA-1,0.390181,0.609233,0.000073,0.000073,0.00022,0.00022
ACCATCCGCCAACTAG-1,0.144841,0.031994,0.292621,0.201182,0.087428,0.241934
ACCATCGTATATGGTA-1,0.334097,0.000056,0.010103,0.036098,0.016469,0.603178
ACCATTAAGGGTGTCA-1,0.435178,0.088552,0.227712,0.00009,0.030258,0.218211
ACCCAACGCCCGTGGC-1,0.363017,0.009278,0.035362,0.000039,0.05766,0.534643
ACCCACCTACATGCTC-1,0.497091,0.000041,0.055815,0.000041,0.10457,0.342441
ACCCATCTTGAGGGTA-1,0.374509,0.166858,0.016467,0.07431,0.052079,0.315776
ACCCATTTGTCCCTCT-1,0.011777,0.022662,0.011428,0.058301,0.624773,0.271059
ACCCGAGCGAAATTAC-1,0.317006,0.007645,0.13286,0.000028,0.269481,0.27298
ACCCGATTGGTTCCGA-1,0.26837,0.113999,0.103974,0.002523,0.329259,0.181875
ACCCGGAAACTCCCAG-1,0.211426,0.715167,0.000037,0.000037,0.012845,0.060488
ACCCGGAGCACCACAA-1,0.059133,0.067582,0.559185,0.000034,0.043791,0.270275
ACCCGGATGACGCATC-1,0.008051,0.225213,0.000023,0.000023,0.249736,0.516953
ACCCGGTTACACTTCC-1,0.470793,0.476688,0.000075,0.000075,0.043046,0.009323
ACCCGTAGCAGAGAAT-1,0.000031,0.002855,0.32187,0.301165,0.308381,0.065698
ACCCGTAGTCTAGTTG-1,0.000016,0.009106,0.075305,0.108761,0.759728,0.047083
ACCCGTGTCATCAGTA-1,0.509988,0.446866,0.042534,0.000087,0.000262,0.000262
ACCCTATAGGACTGAG-1,0.183224,0.071366,0.000048,0.030687,0.014901,0.699774
ACCCTATGCCATATCG-1,0.145964,0.010531,0.000193,0.001151,0.2431,0.599061
ACCCTCCCGTCAGGGC-1,0.019945,0.002927,0.253498,0.004383,0.395483,0.323763
ACCCTCCCTTGCTATT-1,0.300479,0.268487,0.188869,0.000057,0.117812,0.124298
ACCCTGGTAACGCCCT-1,0.405033,0.000052,0.546464,0.000052,0.000157,0.048241
ACCCTTCATCTGCGAA-1,0.590497,0.00008,0.00008,0.070344,0.000239,0.33876
ACCCTTGCCTGGGTCG-1,0.000021,0.42758,0.021874,0.505824,0.044638,0.000063
ACCCTTTAGTTCTCCA-1,0.577637,0.000466,0.0488,0.087917,0.056749,0.22843
ACCGAAAGGGCCCTGC-1,0.214815,0.221033,0.000044,0.073793,0.035593,0.454721
ACCGAAGAGTCTGGTT-1,0.09667,0.02614,0.034467,0.000014,0.647327,0.195382
ACCGACACATCTCCCA-1,0.455699,0.506069,0.004205,0.000044,0.003546,0.030437
ACCGACTGAGTCCCAC-1,0.068394,0.237016,0.000027,0.012872,0.085772,0.595918
ACCGAGTCTCCTTATT-1,0.000032,0.003557,0.220899,0.022705,0.584897,0.167911
ACCGATAGGCATAACC-1,0.034423,0.000013,0.108546,0.000013,0.564615,0.292389
ACCGATATTTAATCAT-1,0.061663,0.04649,0.307014,0.584576,0.000128,0.000128
ACCGATGGTAGCATCG-1,0.000014,0.000014,0.000014,0.010472,0.199383,0.790102
ACCGCAATAACTGCCT-1,0.479635,0.052677,0.061609,0.000032,0.06464,0.341409
ACCGCGGTGGAAGTCG-1,0.00732,0.206269,0.002506,0.042512,0.217872,0.523521
ACCGCTAGTCATTGGT-1,0.000099,0.050939,0.126902,0.033645,0.580911,0.207504
ACCGGGCCTTTGTTGA-1,0.079739,0.020965,0.035108,0.00002,0.208923,0.655245
ACCGGTCAGGTACACC-1,0.055282,0.000501,0.130936,0.000021,0.361145,0.452114
ACCGGTCTGAGTACGG-1,0.580995,0.00005,0.266578,0.00005,0.10924,0.043089
ACCGTCCACTGGGCCC-1,0.057582,0.008428,0.215315,0.003253,0.321983,0.393439
ACCGTGACCACGTGGG-1,0.116488,0.021826,0.041669,0.047114,0.230919,0.541985
ACCGTTCCCGCTCTGA-1,0.273347,0.490129,0.000075,0.030908,0.000224,0.205318
ACCTAAGTACCTTTCA-1,0.035699,0.052253,0.000021,0.047919,0.201483,0.662624
ACCTAATCGACTTCCT-1,0.013637,0.103208,0.000017,0.052853,0.267174,0.563111
ACCTACAGTATGTGGT-1,0.257931,0.000557,0.654098,0.00004,0.013682,0.073692
ACCTACTATAAATCTA-1,0.000091,0.227596,0.000091,0.771675,0.000273,0.000273
ACCTCAGCGAGGCGCA-1,0.128439,0.181761,0.198133,0.000027,0.150778,0.340863
ACCTCCGCCCTCGCTG-1,0.160261,0.04347,0.540748,0.000038,0.122071,0.133412
ACCTCCGTTATTCACC-1,0.490977,0.013064,0.342298,0.115385,0.000169,0.038108
ACCTCGAACTTATGCT-1,0.20826,0.014531,0.167332,0.000019,0.559356,0.050501
ACCTGCGTGTCATGTT-1,0.29286,0.009898,0.05316,0.000034,0.188133,0.455915
ACGAAATGGGCGGCAC-1,0.027062,0.01345,0.000028,0.000028,0.238926,0.720506
ACGACCCATGAGTTGC-1,0.000027,0.022834,0.226855,0.748769,0.001436,0.00008
ACGACTCTAGGGCCGA-1,0.000019,0.033297,0.037606,0.639567,0.20233,0.08718
ACGACTGGTCATACTC-1,0.073826,0.000019,0.046349,0.011305,0.480399,0.388102
ACGAGAACCCATCACG-1,0.052591,0.900053,0.00007,0.00007,0.00021,0.047006
ACGAGATATTTGCTTA-1,0.607091,0.011553,0.000097,0.034609,0.120715,0.225935
ACGAGGATACCACTCT-1,0.016619,0.000028,0.011308,0.000028,0.356988,0.615029
ACGAGGTTTACAACGT-1,0.019191,0.031409,0.026445,0.025438,0.384801,0.512716
ACGAGTACGGATGCCC-1,0.590696,0.000073,0.391384,0.000073,0.00022,0.017553
ACGAGTCGCCGGCGTT-1,0.430359,0.254529,0.170249,0.041138,0.000286,0.10344
ACGATACATAGAACTA-1,0.581561,0.000053,0.035406,0.000053,0.017654,0.365274
ACGATACCTATCCTGA-1,0.111875,0.000035,0.058675,0.237248,0.067246,0.524922
ACGATCATACATAGAG-1,0.55771,0.057594,0.00004,0.002862,0.00012,0.381673
ACGATCATCTTGTAAA-1,0.098965,0.025516,0.026794,0.164834,0.117021,0.56687
ACGATGCATATGTTAT-1,0.431636,0.03072,0.027696,0.019312,0.00801,0.482626
ACGATGGATCCGATGC-1,0.699105,0.000057,0.000057,0.000057,0.000171,0.300552
ACGCAAACTAATAGAT-1,0.678378,0.00248,0.032648,0.016643,0.150363,0.119488
ACGCAATCACTACAGC-1,0.36961,0.0281,0.365123,0.05252,0.000878,0.183768
ACGCATAAATGACATG-1,0.196341,0.212638,0.17876,0.097544,0.298384,0.016333
ACGCATACGTTTACTA-1,0.249494,0.016959,0.32487,0.000041,0.16535,0.243286
ACGCATTCGTGAGTAC-1,0.34446,0.185421,0.000033,0.000033,0.006713,0.463341
ACGCCACTCGAAACAG-1,0.376959,0.274397,0.014996,0.000028,0.316385,0.017235
ACGCCAGATGATTTCT-1,0.904759,0.094447,0.000099,0.000099,0.000298,0.000298
ACGCCAGTGCGTTTGC-1,0.000334,0.000023,0.251971,0.267341,0.343139,0.137191
ACGCCCAGCTGTCGAT-1,0.313125,0.389965,0.004954,0.01367,0.000199,0.278086
ACGCCGCTAGACGACC-1,0.464588,0.328145,0.000052,0.000052,0.023245,0.183918
ACGCCTGACACGCGCT-1,0.000023,0.057105,0.223356,0.560083,0.159365,0.000068
ACGCGAAGTCAGACGA-1,0.062463,0.687414,0.000044,0.000044,0.000133,0.249901
ACGCGCTACACAGGGT-1,0.421104,0.026505,0.082183,0.000061,0.144535,0.325612
ACGCGGGCCAAGGACA-1,0.68568,0.000053,0.000053,0.068369,0.027016,0.218829
ACGCGTTTCTTAAGAG-1,0.001123,0.000017,0.000019,0.105087,0.202169,0.691585
ACGCTACTGAATGGGC-1,0.00001,0.00001,0.00001,0.541248,0.442194,0.016529
ACGCTAGTATCAGTGC-1,0.072927,0.313278,0.000035,0.378972,0.112955,0.121833
ACGCTAGTGATACACT-1,0.244939,0.154223,0.429941,0.000098,0.000295,0.170503
ACGCTGTGAGGCGTAG-1,0.004191,0.015915,0.000034,0.234564,0.410964,0.334332
ACGCTTAGTGTCTCTC-1,0.143399,0.712986,0.143108,0.000072,0.000217,0.000217
ACGGAACACGAGTGCC-1,0.08828,0.117947,0.218417,0.000026,0.285066,0.290264
ACGGAATTTAGCAAAT-1,0.032543,0.244788,0.00002,0.00002,0.054161,0.668467
ACGGACGCAGCGACAA-1,0.02659,0.048298,0.24105,0.000032,0.354113,0.329918
ACGGACTCTCAAAGCG-1,0.450566,0.117362,0.000033,0.000033,0.069353,0.362653
ACGGAGCGCAAATTAC-1,0.105621,0.000023,0.088595,0.125417,0.535831,0.144513
ACGGATGGTGCGGATA-1,0.021418,0.023494,0.000012,0.000012,0.173799,0.781264
ACGGCACTTGCTTGGG-1,0.760374,0.104842,0.134023,0.000109,0.000327,0.000327
ACGGCCAACATGGACT-1,0.000129,0.345181,0.000129,0.653789,0.000386,0.000386
ACGGCGACGATGGGAA-1,0.574831,0.066504,0.013071,0.000046,0.117013,0.228536
ACGGCGGGTTGCCCTG-1,0.412838,0.552392,0.033728,0.000149,0.000447,0.000447
ACGGCTGGATGTAGAA-1,0.170328,0.000027,0.331733,0.000027,0.143652,0.354232
ACGGGAGTGTCGGCCC-1,0.478808,0.022567,0.166966,0.000063,0.009654,0.321942
ACGGGCGTATGCGACA-1,0.127279,0.034028,0.061811,0.012548,0.527046,0.237287
ACGGGTCATGTGACTT-1,0.631513,0.034725,0.018857,0.056197,0.045403,0.213306
ACGGGTTGTGACCTGT-1,0.000032,0.000017,0.143659,0.021404,0.765771,0.069117
ACGGTACAGTTCAATG-1,0.000012,0.149061,0.000012,0.246242,0.545089,0.059583
ACGGTCACCGAGAACA-1,0.000032,0.148573,0.195545,0.021162,0.47391,0.160777
ACGTACAGATTTCTCT-1,0.870725,0.128127,0.000144,0.000144,0.000431,0.000431
ACGTACTTTGGCACGG-1,0.084388,0.482492,0.109582,0.007736,0.243774,0.072028
ACGTAGATTGCTGATG-1,0.329911,0.014852,0.035273,0.136144,0.007931,0.475889
ACGTAGGAGAGTCGCT-1,0.115133,0.008475,0.023394,0.10463,0.582821,0.165547
ACGTATTACTCCGATC-1,0.061759,0.122678,0.00216,0.00004,0.163453,0.649911
ACGTCGGGCAACTCGG-1,0.000023,0.013626,0.332603,0.147028,0.299521,0.2072
ACGTCTCGTTCCGGGA-1,0.000014,0.000014,0.000254,0.054191,0.365111,0.580416
ACGTGACAAAGTAAGT-1,0.000011,0.000011,0.016587,0.016776,0.616785,0.34983
ACGTGCGCCTCGTGCA-1,0.229759,0.000032,0.000032,0.000032,0.000096,0.77005
ACGTGGTCGAATGTGC-1,0.000063,0.755457,0.000063,0.244039,0.000189,0.000189
ACGTTAATGTCGAAGA-1,0.686354,0.252263,0.000052,0.000052,0.000157,0.061121
ACGTTAGATTTGCCCG-1,0.157557,0.012726,0.000024,0.038711,0.0545,0.736483
ACGTTATTGGTCACTC-1,0.044378,0.322502,0.000032,0.000032,0.154346,0.47871
ACGTTCACTATGCCGC-1,0.000014,0.039327,0.001795,0.427825,0.429259,0.10178
ACGTTCCGCGCTCCGT-1,0.29375,0.169749,0.000086,0.099642,0.000259,0.436514
ACGTTCGCAATCAATT-1,0.458218,0.427606,0.111045,0.000031,0.000094,0.003006
ACGTTCGTTCAGGAAA-1,0.01941,0.000965,0.005229,0.002189,0.236447,0.735759
ACGTTCTGTACAAGTC-1,0.007882,0.000015,0.045982,0.010175,0.494041,0.441906
ACGTTGTCGTTGAAAG-1,0.00653,0.000026,0.14291,0.011444,0.442487,0.396603
ACGTTTAGTTGTGATC-1,0.85096,0.000078,0.000078,0.000078,0.000234,0.148573
ACGTTTCGGTGCACTT-1,0.00004,0.00004,0.447859,0.137723,0.273233,0.141105
ACTAAGGACGCACACC-1,0.019232,0.00003,0.268551,0.202419,0.504128,0.005639
ACTAATACGTCAGGCG-1,0.606974,0.000055,0.134956,0.000055,0.000166,0.257794
ACTACAAAGAGAGGTG-1,0.170042,0.253683,0.005146,0.00003,0.375936,0.195163
ACTACATCCCGACAAG-1,0.058712,0.065001,0.079925,0.128138,0.425831,0.242394
ACTACCAGCTCTCTGG-1,0.923811,0.035415,0.032349,0.000094,0.000283,0.008048
ACTACCATCCGAGGGC-1,0.000012,0.000012,0.01349,0.050989,0.781704,0.153792
ACTACGCGTTAGAATT-1,0.209626,0.599805,0.078273,0.084886,0.000304,0.027105
ACTAGTTGCGATCGTC-1,0.069144,0.011065,0.051811,0.000026,0.323297,0.544656
ACTATATGCTGTGTTC-1,0.239811,0.000087,0.482736,0.276845,0.00026,0.00026
ACTATCCAGGGCATGG-1,0.010752,0.065905,0.031674,0.155045,0.181123,0.555501
ACTATCGCCGGCTAAA-1,0.029145,0.116063,0.037134,0.014589,0.131571,0.671498
ACTATCTGCCCGCGTA-1,0.267289,0.043603,0.377076,0.000032,0.075408,0.236592
ACTATGTCCAGCTGCC-1,0.158375,0.001367,0.221079,0.004034,0.313628,0.301516
ACTATTCGTCCGTGGT-1,0.346858,0.300869,0.000122,0.173807,0.089323,0.089022
ACTATTTCCGGGCCCA-1,0.096548,0.121448,0.000425,0.012337,0.302951,0.46629
ACTCAACGAATGTATT-1,0.155094,0.844103,0.000099,0.000099,0.000296,0.000309
ACTCAAGTGCAAGGCT-1,0.480993,0.010927,0.114969,0.000043,0.079271,0.313798
ACTCAATAAAGGCACG-1,0.634669,0.077557,0.000062,0.019122,0.101832,0.166757
ACTCAGACCTGCTTCT-1,0.078617,0.393687,0.000235,0.163207,0.112501,0.251753
ACTCATGGCAGCCTTC-1,0.0682,0.000012,0.002881,0.365829,0.381181,0.181896
ACTCCAATATCATCAT-1,0.03057,0.326021,0.026893,0.043972,0.396344,0.1762
ACTCCCATTCCTAAAG-1,0.00463,0.000013,0.008106,0.000013,0.493144,0.494093
ACTCCCGAATTCGTTT-1,0.542503,0.023315,0.349337,0.000063,0.000189,0.084594
ACTCCCGTAGACTAGG-1,0.14179,0.196336,0.572887,0.088702,0.000142,0.000142
ACTCCCTAATGCTAAA-1,0.564567,0.118264,0.038932,0.036545,0.123183,0.118509
ACTCCCTAGAATAGTA-1,0.527852,0.008949,0.031537,0.036264,0.119132,0.276266
ACTCCGGCCGACCACT-1,0.000018,0.000018,0.103336,0.21964,0.528134,0.148855
ACTCGATGTATTTCAT-1,0.575458,0.000096,0.045567,0.000096,0.000287,0.378496
ACTCGCCGTTCGATAA-1,0.000006,0.000006,0.000006,0.086076,0.876435,0.037471
ACTCGCGATCTGACGC-1,0.283728,0.165285,0.550505,0.000069,0.000207,0.000207
ACTCGTAACCCGTCCT-1,0.156106,0.222471,0.041662,0.04052,0.101227,0.438015
ACTCGTCAGTAATCCC-1,0.000019,0.005585,0.000019,0.006081,0.277562,0.710735
ACTCTAAACCTGGGAT-1,0.000017,0.000017,0.015306,0.139642,0.225367,0.619652
ACTCTCTGACTTAGGT-1,0.034712,0.000033,0.082197,0.044356,0.248804,0.589898
ACTCTCTTATACACGA-1,0.23173,0.000038,0.000855,0.020024,0.093246,0.654108
ACTCTGACCTAATAGA-1,0.000008,0.000008,0.032943,0.000538,0.938138,0.028365
ACTCTTCAGCTCCCGC-1,0.030237,0.304512,0.629626,0.000052,0.035417,0.000156
