Barcode,Topic 1,Topic 2to3,Topic 4,Topic 5to6,Topic 7,Topic 8to12
AAACAACGAATAGTTC-1,0.000005,0.001283,0.074536,0.498689,0.015452,0.410035
AAACAAGTATCTCCCA-1,0.087681,0.567222,0.065378,0.138915,0.000022,0.140781
AAACAATCTACTAGCA-1,0.166795,0.820642,0.000043,0.012264,0.000043,0.000214
AAACACCAATAACTGC-1,0.099588,0.611262,0.000024,0.074672,0.127655,0.086798
AAACAGAGCGACTCCT-1,0.005324,0.179695,0.000019,0.000693,0.003807,0.810463
AAACAGCTTTCAGAAG-1,0.000406,0.004642,0.00096,0.01239,0.35733,0.624273
AAACAGGGTCTATATT-1,0.026137,0.224063,0.177844,0.052574,0.194985,0.324397
AAACAGTGTTCCTGGG-1,0.039676,0.317409,0.000014,0.435266,0.000014,0.20762
AAACATGGTGAGAGGA-1,0.19183,0.000034,0.225952,0.420848,0.131679,0.029657
AAACATTTCCCGGATT-1,0.039626,0.828183,0.00003,0.110314,0.00003,0.021818
AAACCACTACACAGAT-1,0.010071,0.309347,0.064522,0.451919,0.000011,0.164129
AAACCCGAACGAAATC-1,0.004769,0.172755,0.000009,0.369779,0.095555,0.357131
AAACCGGAAATGTTAA-1,0.083608,0.505835,0.031329,0.275616,0.031812,0.0718
AAACCGGGTAGGTACC-1,0.030499,0.330631,0.008515,0.035644,0.238861,0.35585
AAACCGTTCGTCCAGG-1,0.000245,0.251854,0.043068,0.11547,0.012275,0.577089
AAACCTAAGCAGCCGG-1,0.00001,0.051364,0.000316,0.122698,0.001758,0.823854
AAACCTCATGAAGTTG-1,0.011099,0.442519,0.015323,0.00023,0.18983,0.340999
AAACGAAGAACATACC-1,0.000015,0.071212,0.003841,0.01188,0.000459,0.912593
AAACGAAGATGGAGTA-1,0.804558,0.000095,0.004229,0.032361,0.158519,0.000237
AAACGACAGTCTTGCC-1,0.127304,0.479284,0.030907,0.117079,0.009749,0.235677
AAACGAGACGGTTGAT-1,0.00544,0.771261,0.144894,0.000104,0.000052,0.078247
AAACGCCCGAGATCGG-1,0.023955,0.653547,0.000032,0.300583,0.000032,0.021852
AAACGCTGGGCACGAC-1,0.00001,0.102081,0.029086,0.408728,0.140094,0.320002
AAACGGGCGTACGGGT-1,0.009467,0.562428,0.014391,0.109844,0.000028,0.303841
AAACGGGTTGGTATCC-1,0.048613,0.566523,0.000026,0.202105,0.16028,0.022453
AAACGGTTGCGAACTG-1,0.009669,0.678752,0.000024,0.242295,0.003829,0.065431
AAACGTGTTCGCCCTA-1,0.00002,0.339624,0.00002,0.261166,0.104339,0.29483
AAACTAACGTGGCGAC-1,0.00002,0.166277,0.00002,0.012319,0.021885,0.799479
AAACTCGGTTCGCAAT-1,0.364881,0.58135,0.052648,0.00028,0.00014,0.0007
AAACTCGTGATATAAG-1,0.000025,0.390859,0.000025,0.073712,0.084116,0.451264
AAACTGCTGGCTCCAA-1,0.370861,0.482431,0.146454,0.000063,0.000032,0.000159
AAACTTAATTGCACGC-1,0.084857,0.05166,0.335441,0.419339,0.025008,0.083694
AAACTTGCAAACGTAT-1,0.022416,0.353368,0.000013,0.005668,0.163458,0.455078
AAAGAATGACCTTAGA-1,0.622327,0.00005,0.342364,0.035108,0.000025,0.000125
AAAGAATGTGGACTAA-1,0.039768,0.618449,0.000095,0.282521,0.000026,0.059141
AAAGACATGAAGTTTA-1,0.289343,0.213832,0.026748,0.033718,0.063417,0.372941
AAAGACCCAAGTCGCG-1,0.231183,0.50169,0.000031,0.000062,0.053517,0.213518
AAAGACTGGGCGCTTT-1,0.125142,0.401343,0.000026,0.000051,0.288041,0.185398
AAAGCTTGCCTACATA-1,0.00001,0.003879,0.00001,0.342881,0.001136,0.652085
AAAGGCCCTATAATAC-1,0.02291,0.272674,0.000018,0.412949,0.09754,0.193908
AAAGGCTACGGACCAT-1,0.161452,0.64461,0.075894,0.116997,0.000046,0.001002
AAAGGCTCTCGCGCCG-1,0.137493,0.769076,0.000048,0.000096,0.000048,0.093239
AAAGGGATGTAGCAAG-1,0.000023,0.337865,0.052185,0.011877,0.00483,0.59322
AAAGGGCAGCTTGAAT-1,0.000015,0.116133,0.000015,0.123664,0.283866,0.476306
AAAGGTAAGCTGTACC-1,0.070135,0.162319,0.033116,0.066494,0.000026,0.667911
AAAGTAGCATTGCTCA-1,0.005054,0.112376,0.093353,0.158102,0.063265,0.56785
AAAGTCACTGATGTAA-1,0.032108,0.282983,0.007465,0.031738,0.004538,0.641168
AAAGTCGACCCTCAGT-1,0.271706,0.333361,0.012053,0.011521,0.219113,0.152246
AAAGTGCCATCAATTA-1,0.020845,0.267753,0.076336,0.474869,0.037919,0.122279
AAAGTGTGATTTATCT-1,0.018213,0.14897,0.000017,0.019494,0.018265,0.795042
AAAGTTGACTCCCGTA-1,0.00436,0.962028,0.000055,0.00011,0.000055,0.033392
AAATAACCATACGGGA-1,0.000015,0.100182,0.065506,0.00296,0.000019,0.831318
AAATAAGGTAGTGCCC-1,0.000011,0.209771,0.000011,0.091163,0.110273,0.588772
AAATACCTATAAGCAT-1,0.32956,0.076519,0.593265,0.000164,0.000082,0.00041
AAATAGCTTAGACTTT-1,0.036988,0.405085,0.000031,0.116155,0.012749,0.428993
AAATAGGGTGCTATTG-1,0.013578,0.218076,0.003588,0.039566,0.000299,0.724893
AAATCCGATACACGCC-1,0.009124,0.440643,0.015741,0.41974,0.000681,0.114071
AAATCGCGGAAGGAGT-1,0.48449,0.022041,0.241425,0.217923,0.02483,0.00929
AAATCGTGTACCACAA-1,0.000029,0.640238,0.029591,0.000058,0.000029,0.330055
AAATCTAGCCCTGCTA-1,0.000012,0.220421,0.000012,0.103391,0.013908,0.662256
AAATCTGCCCGCGTCC-1,0.852752,0.000059,0.00003,0.123394,0.023618,0.000148
AAATGACTGATCAAAC-1,0.00001,0.038226,0.240947,0.477218,0.00001,0.243589
AAATGATTCGATCAGC-1,0.001535,0.284905,0.000018,0.095983,0.116183,0.501376
AAATGCTCGTTACGTT-1,0.105532,0.526599,0.124427,0.019907,0.129958,0.093576
AAATGGCATGTCTTGT-1,0.074832,0.315813,0.028004,0.000091,0.000184,0.581077
AAATGGCCCGTGCCCT-1,0.019364,0.25571,0.001044,0.00799,0.197174,0.518717
AAATGGTCAATGTGCC-1,0.000013,0.091769,0.000013,0.019325,0.000131,0.888749
AAATGTATCTTATCCC-1,0.530035,0.000063,0.272963,0.000063,0.180782,0.016092
AAATGTGGGTGCTCCT-1,0.075227,0.924206,0.000063,0.000126,0.000063,0.000315
AAATTAACGGGTAGCT-1,0.000042,0.777294,0.030124,0.000083,0.000042,0.192415
AAATTAATAAGCGCGA-1,0.519734,0.000035,0.108856,0.000035,0.370184,0.001156
AAATTACACGACTCTG-1,0.006334,0.35098,0.040993,0.030041,0.014798,0.556854
AAATTACCTATCGATG-1,0.000011,0.013101,0.000011,0.003156,0.000011,0.98371
AAATTCCAGGTCCAAA-1,0.098842,0.586726,0.000028,0.130715,0.098527,0.085163
AAATTGATAGTCCTTT-1,0.000009,0.072451,0.000009,0.000019,0.001511,0.926
AAATTGCGGCGGTTCT-1,0.172202,0.702673,0.000032,0.000065,0.068482,0.056546
AAATTGGTGAGAAGCA-1,0.031402,0.135828,0.000017,0.459604,0.066477,0.306672
AAATTTACCGAAATCC-1,0.00661,0.471426,0.037733,0.06088,0.000038,0.423312
AAATTTGCGGGTGTGG-1,0.034437,0.136602,0.037405,0.044809,0.026553,0.720194
AACAACTGGTAGTTGC-1,0.022136,0.330261,0.113339,0.015342,0.01946,0.499461
AACAATACATTGTCGA-1,0.101968,0.516044,0.000021,0.115421,0.042223,0.224322
AACAATTACTCTACGC-1,0.006009,0.048172,0.125453,0.098058,0.317995,0.404313
AACACACGCTCGCCGC-1,0.070957,0.731741,0.000037,0.063786,0.000037,0.133442
AACACGACTGTACTGA-1,0.003455,0.430144,0.041891,0.000057,0.008723,0.51573
AACACGAGACGCGGCC-1,0.006699,0.289838,0.13502,0.023915,0.172133,0.372395
AACACGCGGCCGCGAA-1,0.011212,0.016182,0.068092,0.303545,0.212151,0.388818
AACAGCTGTGTGGCAA-1,0.045641,0.30109,0.006376,0.238154,0.089724,0.319016
AACAGGAAATCGAATA-1,0.006943,0.258903,0.050667,0.014187,0.018982,0.650317
AACAGGATGGGCCGCG-1,0.011601,0.141718,0.027233,0.044515,0.114414,0.660519
AACAGGTAGTATGGAT-1,0.003418,0.179688,0.00452,0.423214,0.04296,0.3462
AACATAGCGTGTATCG-1,0.001692,0.274237,0.000017,0.289219,0.003009,0.431826
AACATATCAACTGGTG-1,0.11983,0.852216,0.00005,0.0001,0.00005,0.027753
AACATCGATACGTCTA-1,0.073974,0.575956,0.000027,0.024088,0.042001,0.283954
AACATTGAAGTTGATC-1,0.00001,0.026687,0.512792,0.276183,0.00057,0.183757
AACATTGGTCAGCCGT-1,0.281048,0.249724,0.238675,0.098839,0.078021,0.053692
AACATTGTGACTCGAG-1,0.03498,0.522178,0.000022,0.368895,0.000022,0.073904
AACCAAGACTTCTCTG-1,0.016927,0.218515,0.034864,0.203405,0.152554,0.373735
AACCAGTATCACTCTT-1,0.000021,0.237329,0.260747,0.098412,0.000021,0.403471
AACCATAGGGTTGAAC-1,0.020507,0.148044,0.000013,0.284505,0.285745,0.261186
AACCATGGGATCGCTA-1,0.019084,0.255107,0.12023,0.010126,0.302323,0.29313
AACCCAGAGACGGAGA-1,0.148325,0.423369,0.107305,0.042128,0.038308,0.240566
AACCCATCCCATGATC-1,0.074741,0.429752,0.000021,0.011367,0.135926,0.348192
AACCCGACAACCCGTG-1,0.049407,0.571016,0.000025,0.085052,0.012476,0.282024
AACCCGAGCAGAATCG-1,0.124365,0.384046,0.026113,0.424291,0.020509,0.020676
AACCCGATAGGGCTTC-1,0.020276,0.250925,0.004898,0.09323,0.004372,0.626299
AACCCGCTGTATTCCA-1,0.013793,0.148047,0.000016,0.600443,0.000016,0.237686
AACCCTACTGTCAATA-1,0.007219,0.120929,0.033384,0.107002,0.0044,0.727066
AACCCTGGTGGAACCA-1,0.027789,0.084571,0.055914,0.047701,0.011015,0.77301
AACCGAGCTTGGTCAT-1,0.349646,0.564955,0.084938,0.000115,0.000058,0.000288
AACCGCTAAGGGATGC-1,0.085017,0.383951,0.000025,0.007022,0.00807,0.515915
AACCGTTGTGTTTGCT-1,0.000037,0.344919,0.06916,0.030594,0.000037,0.555254
AACCTAAAGCCGTCCG-1,0.209856,0.017334,0.033161,0.049428,0.100756,0.589465
AACCTCGCTTTAGCCC-1,0.010708,0.318997,0.063879,0.113522,0.00003,0.492863
AACCTGTCACGGAATT-1,0.021616,0.306875,0.01666,0.379992,0.092562,0.182295
AACCTTTAAATACGGT-1,0.348852,0.53052,0.104664,0.000129,0.000065,0.01577
AACCTTTACGACGTCT-1,0.000024,0.198542,0.000024,0.053116,0.014489,0.733804
AACGAAAGTCGTCCCA-1,0.240202,0.477388,0.000033,0.000066,0.08889,0.193421
AACGACCTCCTAGCCG-1,0.000008,0.055887,0.000008,0.621705,0.140318,0.182074
AACGATAATGCCGTAG-1,0.545133,0.454449,0.000046,0.000093,0.000046,0.000232
AACGATAGAAGGGCCG-1,0.050437,0.604061,0.000041,0.026979,0.000041,0.31844
AACGATATGTCAACTG-1,0.262295,0.737084,0.000069,0.000138,0.000069,0.000345
AACGCATGATCTGGGT-1,0.076616,0.84131,0.000045,0.000089,0.000045,0.081895
AACGCGAACGGCAACA-1,0.013716,0.193216,0.000017,0.000243,0.168875,0.623932
AACGCGACCTTGGGCG-1,0.035201,0.819182,0.000035,0.080355,0.000035,0.065193
AACGCGGTCTCCAGCC-1,0.000033,0.499357,0.029031,0.000065,0.000033,0.471481
AACGCTGTTGCTGAAA-1,0.087737,0.553573,0.000045,0.054026,0.000045,0.304574
AACGGACGTACGTATA-1,0.066423,0.923338,0.000053,0.00203,0.000053,0.008103
AACGGCCATCTCCGGT-1,0.004099,0.398479,0.00399,0.03493,0.003052,0.555449
AACGTACTGTGGGTAC-1,0.016642,0.457852,0.069888,0.059149,0.01116,0.385309
AACGTAGTCTACCCAT-1,0.474975,0.07915,0.28215,0.163429,0.000049,0.000246
AACGTCAGACTAGTGG-1,0.005134,0.496419,0.048626,0.00947,0.16844,0.271911
AACGTCATCCGGCTTG-1,0.000018,0.134297,0.172519,0.427643,0.000018,0.265505
AACGTCGCTGCACTTC-1,0.043962,0.162949,0.000016,0.46618,0.008275,0.318619
AACGTGATGAAGGACA-1,0.301325,0.698089,0.000065,0.00013,0.000065,0.000326
AACGTGCGAAAGTCTC-1,0.536257,0.463215,0.000052,0.000103,0.000052,0.000322
AACGTTATCAGCACCT-1,0.027195,0.031214,0.002443,0.036615,0.582527,0.320006
AACGTTCTACCATTGT-1,0.000011,0.171989,0.252683,0.345415,0.017202,0.212701
AACTACCCGTTTGTCA-1,0.005167,0.371834,0.000022,0.293853,0.20869,0.120435
AACTAGCGTATCGCAC-1,0.124898,0.745773,0.000052,0.000103,0.000052,0.129122
AACTAGGCTTGGGTGT-1,0.01386,0.259546,0.016573,0.001678,0.000026,0.708318
AACTCAAGTTAATTGC-1,0.000012,0.151032,0.038617,0.033572,0.004636,0.772131
AACTCCAGAGCGTGTT-1,0.000031,0.302125,0.041936,0.164656,0.000031,0.491221
AACTCCTAATCCCATG-1,0.00093,0.070462,0.069123,0.168218,0.005178,0.686089
AACTCGATAAACACGT-1,0.211261,0.312295,0.000023,0.006443,0.377087,0.092892
AACTCGATGGCGCAGT-1,0.152218,0.660841,0.000061,0.000122,0.177457,0.009301
AACTCTCAATAGAGCG-1,0.068372,0.233436,0.047542,0.007987,0.008961,0.633703
AACTCTCAGTGTGCTC-1,0.000022,0.146707,0.033083,0.16797,0.001056,0.651162
AACTGAGGTCAGCGTC-1,0.154653,0.628898,0.0001,0.142498,0.0001,0.073752
AACTGAGTTATACTGA-1,0.209151,0.564741,0.003951,0.116552,0.097391,0.008215
AACTGATATTAGGCCT-1,0.000019,0.075367,0.013158,0.004271,0.001806,0.905378
AACTGGGTCCCGACGT-1,0.000024,0.297914,0.0277,0.000048,0.006725,0.667588
AACTGGGTTCGAGCCG-1,0.761966,0.237495,0.00006,0.00012,0.00006,0.0003
AACTGGTGTGGGCCTT-1,0.034912,0.484242,0.000029,0.000058,0.000203,0.480556
AACTTCTGCGTCTATC-1,0.41005,0.33061,0.043127,0.000087,0.215414,0.000712
AACTTGCCCGTATGCA-1,0.232462,0.515166,0.086053,0.100634,0.008542,0.057144
AACTTGCGTTCTCGCG-1,0.000011,0.017601,0.000011,0.002778,0.129444,0.850154
AACTTTACGGGAGCTT-1,0.395925,0.000053,0.000026,0.000053,0.504684,0.09926
AACTTTAGCTGCTGAG-1,0.168295,0.625326,0.000055,0.000111,0.0179,0.188313
AACTTTCTCGATCATG-1,0.000015,0.04018,0.163258,0.407725,0.04604,0.342782
AAGAAAGTTTGATGGG-1,0.37101,0.038898,0.388005,0.201996,0.000015,0.000077
AAGAAATCACCAGATT-1,0.096069,0.280077,0.016451,0.549984,0.005601,0.051817
AAGAAGGATCAGTTAG-1,0.152939,0.466047,0.000032,0.000064,0.206709,0.17421
AAGACATACGTGGTTT-1,0.0251,0.201403,0.017425,0.62903,0.008405,0.118636
AAGACCAAATAACTCA-1,0.130279,0.006232,0.463847,0.311473,0.044074,0.044095
AAGACCCAACTGAACA-1,0.445157,0.032061,0.503606,0.018937,0.00004,0.0002
AAGACTAACCCGTTGT-1,0.273762,0.39379,0.000038,0.008728,0.114933,0.208749
AAGACTCACGCCCACT-1,0.181524,0.750122,0.000043,0.017836,0.000043,0.050432
AAGACTGCAAGCTACT-1,0.242708,0.756897,0.000044,0.000088,0.000044,0.00022
AAGAGATGAATCGGTA-1,0.000011,0.035113,0.455109,0.05833,0.013186,0.438251
AAGAGCTCTTTATCGG-1,0.107285,0.891946,0.000085,0.000171,0.000085,0.000427
AAGAGGATGTACGCGA-1,0.000009,0.055942,0.058122,0.059421,0.186869,0.639636
AAGAGGCATGGATCGC-1,0.00002,0.214642,0.00002,0.0025,0.009527,0.773292
AAGAGGCCCTTTGGAA-1,0.034135,0.219218,0.02266,0.302003,0.00942,0.412564
AAGATGGCACCGGACC-1,0.003324,0.376457,0.013005,0.056855,0.000021,0.550339
AAGATTGGCGGAACGT-1,0.002143,0.385669,0.023966,0.000738,0.000022,0.587462
AAGCACCCTGCGTATC-1,0.46906,0.5059,0.024579,0.000115,0.000058,0.000288
AAGCATACTCTCCTGA-1,0.214708,0.155658,0.283697,0.06271,0.000046,0.283179
AAGCCACTTGCAGGTA-1,0.000006,0.010557,0.037439,0.404278,0.002213,0.545506
AAGCCGAAGCGGTTTA-1,0.000008,0.041405,0.139801,0.002248,0.000612,0.815926
AAGCCGCCGTGAAATC-1,0.125762,0.651828,0.000023,0.107269,0.092308,0.022809
AAGCCGCTTTACCTTG-1,0.028441,0.296246,0.000017,0.356446,0.079406,0.239445
AAGCCGGAGAGCAGGA-1,0.032956,0.295101,0.030067,0.234157,0.141515,0.266203
AAGCGCAGGGCTTTGA-1,0.466433,0.420172,0.000077,0.112858,0.000077,0.000384
AAGCGGAGTGCGCGCA-1,0.121353,0.286192,0.007767,0.333439,0.034786,0.216463
AAGCGGCGTCATGGGT-1,0.042315,0.95709,0.000066,0.000132,0.000066,0.00033
AAGCGTCCCTCATCGA-1,0.044598,0.542347,0.084685,0.025942,0.036237,0.26619
AAGCTAGATCGAGTAA-1,0.316764,0.394998,0.078307,0.024086,0.00008,0.185765
AAGCTATGGATTGACC-1,0.655217,0.000053,0.147394,0.195999,0.001203,0.000133
AAGCTCGTGCCAAGTC-1,0.372585,0.626962,0.00005,0.000101,0.00005,0.000252
AAGCTCTTTCATGGTG-1,0.000025,0.131977,0.024234,0.151999,0.000025,0.69174
AAGGAGAACTTATAAG-1,0.012759,0.265772,0.083914,0.144539,0.003574,0.489442
AAGGAGCGGTTGGTGC-1,0.006226,0.719028,0.030622,0.000087,0.000044,0.243993
AAGGATCGATCGCTTG-1,0.003106,0.130725,0.000013,0.033746,0.020361,0.812048
AAGGATGAGGGACCTC-1,0.008123,0.323564,0.000021,0.010656,0.011101,0.646535
AAGGCAGGCTGTCTCC-1,0.113725,0.421262,0.000018,0.247168,0.048803,0.169024
AAGGCGCGTAAAGCTT-1,0.000011,0.021727,0.082925,0.102885,0.041293,0.751158
AAGGCTGTGCTCATCG-1,0.000008,0.001413,0.052068,0.000016,0.002615,0.943881
AAGGGAACGACTGGCT-1,0.060868,0.403905,0.030488,0.078688,0.203698,0.222353
AAGGGACAGATTCTGT-1,0.064952,0.657985,0.000043,0.010689,0.000043,0.266288
AAGGGACTATGCATTC-1,0.015668,0.240998,0.230582,0.302957,0.061263,0.148531
AAGGGTTAGCCATGCG-1,0.036282,0.247203,0.000013,0.505824,0.070678,0.14
AAGGGTTTGATTTCAG-1,0.999299,0.000127,0.000064,0.000127,0.000064,0.000319
AAGGTATCCTAATATA-1,0.03558,0.756603,0.000062,0.000123,0.000062,0.207571
AAGGTGATAAACCAGC-1,0.037803,0.809599,0.000043,0.001581,0.002349,0.148626
AAGTAAGCTTCCAAAC-1,0.115799,0.640148,0.000022,0.235327,0.004487,0.004218
AAGTAGAAGACCGGGT-1,0.000014,0.043017,0.019183,0.008948,0.004785,0.924055
AAGTAGTGACGCGAGG-1,0.010762,0.316708,0.000025,0.021416,0.265361,0.385728
AAGTCAATTGTCGTCA-1,0.000014,0.026107,0.000014,0.152121,0.001247,0.820497
AAGTCTAGTAGCTGCC-1,0.000012,0.085769,0.090526,0.337202,0.076036,0.410455
AAGTCTTCTGTGGCCT-1,0.81499,0.0001,0.037093,0.0001,0.147469,0.000249
AAGTGACGACCGAATT-1,0.028566,0.131488,0.038241,0.033698,0.242041,0.525966
AAGTGAGTCGGGTTTA-1,0.148527,0.824247,0.000052,0.026861,0.000052,0.000261
AAGTGCAAAGGTAGAC-1,0.522385,0.072052,0.000037,0.000073,0.355936,0.049518
AAGTGCCTTGACTGTA-1,0.033162,0.297882,0.001273,0.124894,0.000026,0.542763
AAGTGCGTTAGAATCT-1,0.026431,0.558367,0.031643,0.054317,0.066727,0.262516
AAGTGCTTCTCTATTG-1,0.042293,0.517765,0.000028,0.279075,0.004048,0.156792
AAGTGTTTGGAGACGG-1,0.000018,0.040455,0.000018,0.00055,0.000018,0.958942
AAGTTCACTCCAAGCT-1,0.011495,0.641275,0.000037,0.052619,0.000037,0.294539
AAGTTCAGTCTGCGTA-1,0.00002,0.101207,0.00002,0.007529,0.009159,0.882066
AAGTTCGGCCAACAGG-1,0.0991,0.566149,0.092653,0.064536,0.007768,0.169794
AAGTTGTGATGTTATA-1,0.001228,0.165245,0.000017,0.277333,0.000845,0.555333
AAGTTTACTAATGGCA-1,0.031884,0.791069,0.000069,0.000138,0.001206,0.175634
AAGTTTATGGGCCCAA-1,0.555273,0.109335,0.302242,0.032833,0.000053,0.000264
AATAACAACGCTCGGC-1,0.002244,0.016195,0.063625,0.353706,0.021923,0.542307
AATAACACTAGAACAA-1,0.000007,0.01801,0.056658,0.005857,0.000007,0.919462
AATAACGTCGCGCCCA-1,0.054224,0.032109,0.005898,0.783293,0.005491,0.118986
AATAAGTCCTCGAGAC-1,0.00049,0.125351,0.023593,0.06219,0.001616,0.786759
AATAATCTTCGTATCG-1,0.000557,0.199605,0.025262,0.284713,0.06275,0.427112
AATACAATGTTTCAGG-1,0.284829,0.593057,0.000051,0.000102,0.114312,0.007649
AATACCGGAGGGCTGT-1,0.057333,0.447041,0.000025,0.167728,0.000025,0.327849
AATACCTGATGTGAAC-1,0.015728,0.121177,0.000011,0.552525,0.009105,0.301454
AATAGAACAGAGTGGC-1,0.05509,0.859803,0.048543,0.019748,0.000046,0.016771
AATAGAATCTGTTTCA-1,0.00245,0.090047,0.000021,0.275475,0.000021,0.631985
AATAGCAAGCCTCCTG-1,0.024173,0.197517,0.004348,0.195713,0.003738,0.574512
AATAGCTACCGCGTGC-1,0.182486,0.417449,0.00009,0.0001,0.005378,0.394496
AATAGGCACGACCCTT-1,0.00493,0.036897,0.000006,0.259415,0.000006,0.698746
AATAGTCCGTCCCGAC-1,0.000017,0.05389,0.014455,0.032776,0.000366,0.898495
AATAGTCGCGAGTCGG-1,0.833566,0.095097,0.000038,0.000076,0.021815,0.049408
AATATCAAGGTCGGAT-1,0.009105,0.222415,0.001626,0.078465,0.179005,0.509384
AATATCCTAGCAAACT-1,0.939328,0.000066,0.060341,0.000066,0.000033,0.000165
AATATCGAATCAATGC-1,0.063379,0.457786,0.000021,0.236808,0.028263,0.213743
AATATCGAGGGTTCTC-1,0.208217,0.663855,0.000063,0.010258,0.000063,0.117545
AATATTGGAGTATTGA-1,0.213661,0.628711,0.000045,0.000091,0.102054,0.055438
AATCAGACTGCAGGAC-1,0.001359,0.052265,0.025628,0.036285,0.166727,0.717737
AATCAGGTTTCATTTA-1,0.073831,0.684226,0.000034,0.240823,0.000034,0.001053
AATCATGTAAAGACTC-1,0.058181,0.039904,0.158888,0.016793,0.02927,0.696964
AATCCAAGGGCCTGAG-1,0.052032,0.470291,0.00003,0.115265,0.093643,0.26874
AATCCATGCAAGGGTG-1,0.001281,0.497681,0.000027,0.000053,0.226682,0.274275
AATCCCGCTCAGAGCC-1,0.013761,0.699836,0.000025,0.097309,0.003133,0.185937
AATCGAGGTCTCAAGG-1,0.253572,0.505845,0.000042,0.24029,0.000042,0.000209
AATCGCCTCAGCGCCA-1,0.012569,0.083358,0.038314,0.000046,0.002148,0.863565
AATCGCGCAGAGGACT-1,0.000009,0.102429,0.132667,0.333992,0.046748,0.384155
AATCGGGACACTACGA-1,0.029774,0.218092,0.000032,0.013687,0.000032,0.738382
AATCGGTATAGCCCTC-1,0.079569,0.079187,0.006784,0.387001,0.036718,0.410742
AATCGTGAGCCGAGCA-1,0.020882,0.328988,0.000628,0.151705,0.004558,0.493239
AATCTAGGTTTACTTG-1,0.115545,0.659876,0.000028,0.000056,0.177043,0.047452
AATCTATGCCGGAGCC-1,0.004509,0.114091,0.000019,0.250419,0.121098,0.509864
AATCTCTACTGTGGTT-1,0.691938,0.172652,0.000051,0.000101,0.05238,0.082879
AATCTGCGTTGGGACG-1,0.000037,0.608675,0.000037,0.044157,0.001069,0.346025
AATCTGGCTTTCTAGT-1,0.207598,0.487462,0.094456,0.099033,0.020901,0.090551
AATCTGGGTAGACCCT-1,0.000011,0.025038,0.044051,0.128215,0.000011,0.802674
AATGACAGCAATGTCT-1,0.000007,0.002618,0.0885,0.042656,0.02809,0.838128
AATGACGTAGGATGTC-1,0.000041,0.625419,0.007315,0.03631,0.005327,0.325588
AATGACTGTCAGCCGG-1,0.070868,0.748883,0.031053,0.000084,0.017757,0.131355
AATGAGTTCGCATATG-1,0.497392,0.451824,0.000061,0.000121,0.044114,0.006488
AATGATGATACGCTAT-1,0.06688,0.887385,0.00005,0.002348,0.00005,0.043287
AATGATGCGACTCCTG-1,0.142676,0.750465,0.000041,0.000081,0.003745,0.102992
AATGCAACCGGGTACC-1,0.006444,0.353109,0.049574,0.020841,0.009062,0.56097
AATGCACCAAGCAATG-1,0.046773,0.643409,0.000037,0.019775,0.000606,0.2894
AATGGCCGCCAATGCG-1,0.031879,0.545008,0.000016,0.29383,0.001651,0.127617
AATGGTCCACCGTTCA-1,0.020852,0.108062,0.221981,0.061038,0.280717,0.307351
AATGGTTCTCACAAGC-1,0.061253,0.024996,0.059724,0.035985,0.248221,0.569822
AATGTATGGCACTGTA-1,0.054012,0.28283,0.000018,0.402664,0.239633,0.020844
AATGTGCCCGAGGTGT-1,0.000014,0.038368,0.004942,0.175258,0.082223,0.699195
AATGTGCTAATCTGAG-1,0.049944,0.191964,0.145054,0.298748,0.000019,0.31427
AATGTTAAGACCCTGA-1,0.224944,0.643837,0.000035,0.130972,0.000035,0.000177
AATGTTGTCGTGAGAC-1,0.009877,0.101077,0.059841,0.240923,0.000012,0.588272
AATTAAAGGTCGGCGT-1,0.000015,0.148198,0.082531,0.134646,0.000015,0.634595
AATTAACGGATTTCCA-1,0.357474,0.631852,0.00005,0.010325,0.00005,0.00025
AATTACGAGACCCATC-1,0.464511,0.060299,0.000043,0.118831,0.352977,0.00334
AATTACTCGTACGCTC-1,0.390042,0.076917,0.207185,0.000084,0.086982,0.238789
AATTAGCGCTGCAGCG-1,0.058648,0.940901,0.00005,0.0001,0.00005,0.000251
AATTATACCCAGCAAG-1,0.194741,0.371909,0.00008,0.418374,0.00008,0.014816
AATTCATAAGGGATCT-1,0.05869,0.743846,0.000061,0.000123,0.000061,0.197218
AATTCATTGTCATGCA-1,0.205714,0.014365,0.360921,0.312361,0.034786,0.071853
AATTCCAACTTGGTGA-1,0.004302,0.043209,0.007348,0.237696,0.240447,0.466998
AATTCCAAGCATGTAC-1,0.04249,0.72729,0.000038,0.018203,0.000038,0.21194
AATTCGATTCGAGGAT-1,0.404779,0.560741,0.000079,0.033927,0.000079,0.000395
AATTCTAGAGTTAGGC-1,0.153406,0.845875,0.00008,0.00016,0.00008,0.000399
AATTGAACGCTCTGGT-1,0.002181,0.369867,0.00002,0.004379,0.000524,0.62303
AATTGCAGCAATCGAC-1,0.01011,0.307485,0.105176,0.3233,0.000017,0.253913
AATTGCGTGGATTACA-1,0.000007,0.000015,0.003346,0.334514,0.148202,0.513916
AATTGTGGTTGCCAAA-1,0.008049,0.315503,0.000012,0.393064,0.054397,0.228974
AATTTGGGACATAGTA-1,0.000016,0.043194,0.008783,0.000033,0.000151,0.947823
AATTTGGTTCCAAAGA-1,0.000016,0.081764,0.000016,0.144368,0.000016,0.773822
ACAAACCATGCGTCCT-1,0.010234,0.178383,0.011295,0.236658,0.068707,0.494722
ACAAACCGACAAGGCG-1,0.223187,0.019793,0.016643,0.006729,0.124338,0.609311
ACAAACTCCATCAGAG-1,0.000006,0.00047,0.00995,0.294663,0.000006,0.694905
ACAAAGAAGGTAGGCC-1,0.869782,0.00845,0.000039,0.000079,0.121453,0.000197
ACAAAGCATGACCTAG-1,0.185635,0.110191,0.053184,0.372248,0.008325,0.270417
ACAAATCGCACCGAAT-1,0.018178,0.564689,0.04183,0.054011,0.003515,0.317777
ACAAATGGTAGTGTTT-1,0.023351,0.386164,0.010949,0.046696,0.001086,0.531754
ACAAATTCAGATCTGA-1,0.017035,0.64157,0.000038,0.062863,0.000038,0.278456
ACAACAGCATGAGCTA-1,0.295775,0.690088,0.000077,0.000154,0.000077,0.013827
ACAACGGTCCCTGCGA-1,0.097786,0.219448,0.001095,0.196811,0.116763,0.368097
ACAAGCAGTGCCTAGC-1,0.000015,0.141259,0.000015,0.084753,0.216195,0.557763
ACAAGCTATATGGAAG-1,0.99951,0.000089,0.000045,0.000089,0.000045,0.000223
ACAAGGAAATCCGCCC-1,0.086843,0.899953,0.000054,0.000108,0.000054,0.012988
ACAAGGACAAGAGGTT-1,0.094746,0.38375,0.00002,0.023542,0.274334,0.223608
ACAAGGATGCTTTAGG-1,0.02312,0.533371,0.000028,0.056057,0.000029,0.387395
ACAAGGCCTACCAGCC-1,0.000013,0.0329,0.000013,0.176857,0.002633,0.787583
ACAAGGGCAGGCTCTG-1,0.055416,0.944105,0.000053,0.000107,0.000053,0.000266
ACAAGTAATTGTAAGG-1,0.000006,0.002587,0.264934,0.519826,0.005334,0.207312
ACAATAGTCGTACGTT-1,0.001981,0.052113,0.070467,0.005855,0.034323,0.835262
ACAATCCATTTAAACC-1,0.003094,0.257238,0.071588,0.200792,0.179918,0.28737
ACAATCGATCTTTATA-1,0.006493,0.837623,0.000059,0.000118,0.000059,0.155647
ACAATGAATACGGAGA-1,0.000008,0.006414,0.000008,0.000015,0.000008,0.993548
ACAATGATTCTTCTAC-1,0.091892,0.727254,0.015473,0.142189,0.000061,0.023131
ACAATTGTGTCTCTTT-1,0.101836,0.891424,0.000053,0.000106,0.000053,0.006527
ACAATTTAGGAGGCTC-1,0.358288,0.040428,0.330035,0.002829,0.062577,0.205843
ACAATTTGAGCAGTGG-1,0.000037,0.656112,0.027503,0.000075,0.000037,0.316235
ACAATTTGGCCATATT-1,0.00001,0.02276,0.00001,0.338431,0.10396,0.534829
ACACAAAGACGGGTGG-1,0.009705,0.484607,0.012661,0.013158,0.000023,0.479846
ACACAAATATTCCTAG-1,0.000012,0.11158,0.033524,0.558007,0.060043,0.236833
ACACACCAGGACCAGT-1,0.008592,0.48022,0.143909,0.013349,0.002312,0.351618
ACACACTTTCTACACG-1,0.000022,0.021503,0.153694,0.044915,0.000022,0.779845
ACACATGATCAAATCT-1,0.070952,0.035134,0.111214,0.295863,0.191964,0.294874
ACACATTGACGCAACA-1,0.215959,0.1729,0.000025,0.003876,0.427728,0.179511
ACACATTTCCGTAGAC-1,0.363324,0.636239,0.000049,0.000097,0.000049,0.000243
ACACCACATAATTAGC-1,0.010218,0.302436,0.000017,0.311489,0.169488,0.206352
ACACCCAGCATGCAGC-1,0.015804,0.450455,0.113446,0.001033,0.042225,0.377037
ACACCCGAGAAATCCG-1,0.000015,0.012328,0.091511,0.162573,0.087013,0.646561
ACACCCGTAAATCTGT-1,0.16938,0.535281,0.003144,0.099173,0.016734,0.176288
ACACCGAGCGCTCTTT-1,0.634007,0.11906,0.246697,0.000059,0.00003,0.000148
ACACCGGTCTGACCGC-1,0.052983,0.240571,0.177059,0.382461,0.029376,0.11755
ACACCTTAAGTAGGGC-1,0.016818,0.392484,0.066565,0.181249,0.052225,0.290659
ACACCTTACTACTTGC-1,0.007444,0.302487,0.00002,0.330018,0.058625,0.301405
ACACGAGACTCCTTCT-1,0.206884,0.358147,0.416861,0.004215,0.000057,0.013836
ACACGGCACTATGCAT-1,0.001148,0.670402,0.061409,0.000086,0.000043,0.266911
ACACGGGAACTTAGGG-1,0.326121,0.598959,0.000085,0.00017,0.000085,0.074579
ACACGTAGGCCACAAG-1,0.049788,0.399978,0.000018,0.22694,0.028276,0.295001
ACACTCCAATGTCACT-1,0.004039,0.03932,0.037184,0.030657,0.50407,0.38473
ACACTGATCAAGGTGT-1,0.058052,0.731691,0.000048,0.000095,0.003082,0.207033
ACACTGGGACAGTCGT-1,0.000012,0.046176,0.001554,0.521517,0.037753,0.392988
ACAGAACTGAGAACAA-1,0.00689,0.240328,0.000012,0.033973,0.067513,0.651284
ACAGATTAGGTTAGTG-1,0.026505,0.298536,0.022595,0.000084,0.000042,0.652237
ACAGCATAGAGCCAGT-1,0.010691,0.352945,0.00004,0.004178,0.00004,0.632106
ACAGCGACATTCTCAT-1,0.001068,0.266234,0.000027,0.220522,0.024612,0.487537
ACAGCGCACCCGCAGC-1,0.305174,0.462031,0.157532,0.000168,0.012097,0.062998
ACAGGAGGCGCAGCCG-1,0.134098,0.418229,0.000013,0.185458,0.146634,0.115568
ACAGGCACGGATCCTT-1,0.014222,0.347049,0.000022,0.420023,0.000022,0.218662
ACAGGCTTGCCCGACT-1,0.04156,0.776869,0.015861,0.106541,0.000036,0.059133
ACAGGTGGAGGTGAGG-1,0.012866,0.229829,0.190001,0.015998,0.000018,0.551287
ACAGGTGTGTTGTTGC-1,0.95782,0.000085,0.000042,0.000085,0.041756,0.000212
ACAGTAATACAACTTG-1,0.124235,0.490657,0.000253,0.000043,0.256904,0.127909
ACAGTATACCGTGGGA-1,0.033526,0.670178,0.000038,0.179983,0.077026,0.03925
ACATAAGTCGTGGTGA-1,0.023346,0.108379,0.328563,0.23913,0.0203,0.280282
ACATAATAAGGCGGTG-1,0.000039,0.576017,0.054081,0.000532,0.000039,0.369292
ACATACAATCAAGCGG-1,0.014559,0.584881,0.000021,0.170519,0.003708,0.226312
ACATCAGCTGGGACGC-1,0.154754,0.138231,0.124301,0.038426,0.308045,0.236243
ACATCCCGGCCATACG-1,0.000033,0.341223,0.000033,0.257874,0.015437,0.385399
ACATCCTGGTAACTGT-1,0.165314,0.590091,0.00004,0.017833,0.00004,0.226683
ACATCGATCGTTTACC-1,0.002649,0.705594,0.043728,0.011115,0.006935,0.229979
ACATCGCAATATTCGG-1,0.063396,0.220607,0.00584,0.574908,0.000014,0.135236
ACATCGGTCAGCCGCG-1,0.275388,0.346574,0.152254,0.023575,0.017079,0.18513
ACATCGTATGCAATGG-1,0.016505,0.573522,0.049867,0.006344,0.022317,0.331445
ACATCGTTAACCTAGT-1,0.451797,0.523445,0.024063,0.000174,0.000087,0.000434
ACATCTCAACGCGTAA-1,0.572424,0.415613,0.011458,0.000126,0.000063,0.000315
ACATGCTTACGGCAGC-1,0.000005,0.000011,0.018818,0.298633,0.119353,0.563181
ACATGGCGCCAAAGTA-1,0.008245,0.309306,0.05206,0.002554,0.000018,0.627817
ACATGGCTCAATTTAG-1,0.000023,0.210098,0.000023,0.001762,0.403746,0.384349
ACATTAGTTTATATCC-1,0.000024,0.547342,0.142706,0.005127,0.000024,0.304777
ACATTCGCGCGGAATA-1,0.168345,0.529761,0.000027,0.301702,0.000027,0.000137
ACATTTGAAACCTAAC-1,0.004338,0.045578,0.00841,0.468365,0.004755,0.468554
ACCAAACACCCAGCGA-1,0.113053,0.773431,0.000026,0.021542,0.005398,0.086549
ACCAAACTAGAAATCC-1,0.014898,0.579582,0.034567,0.103178,0.003949,0.263826
ACCAACACCACACACT-1,0.236241,0.659346,0.032023,0.010359,0.000035,0.061997
ACCAACCGCACTCCAC-1,0.05025,0.585342,0.025467,0.237404,0.000025,0.101512
ACCAACGCTTATTTAT-1,0.01391,0.578181,0.086991,0.220703,0.000025,0.10019
ACCAAGAACGCGTGTC-1,0.055339,0.57361,0.030546,0.006919,0.028916,0.30467
ACCAAGTCATCGGCAG-1,0.148788,0.267841,0.000022,0.132571,0.034751,0.416027
ACCAATATGCAAGTTA-1,0.186835,0.701956,0.056508,0.054391,0.000052,0.000258
ACCACAACTCAGAACA-1,0.14307,0.298681,0.262255,0.000168,0.000084,0.295742
ACCACAAGTTTCTATC-1,0.032258,0.780145,0.076871,0.001308,0.001036,0.108383
ACCACACGGTTGATGG-1,0.359003,0.5025,0.040942,0.097256,0.00005,0.000249
ACCACCAATGTAACAA-1,0.084498,0.230267,0.278336,0.340873,0.002282,0.063743
ACCACCCTCTCTTCTA-1,0.002769,0.003656,0.168651,0.587066,0.005074,0.232784
ACCACGTGCAGCTATA-1,0.000054,0.949653,0.000054,0.000109,0.027866,0.022263
ACCACTGTTCAAGAAG-1,0.131041,0.050124,0.123977,0.128059,0.338743,0.228055
ACCAGACCATAACAAC-1,0.814759,0.001298,0.183795,0.000037,0.000019,0.000093
ACCAGCCCGGTCTTTG-1,0.272346,0.625607,0.000057,0.011768,0.000057,0.090164
ACCAGGAGTGTGATCT-1,0.000028,0.073321,0.104699,0.081758,0.000028,0.740165
ACCAGTGCCCGGTCAA-1,0.009383,0.47301,0.000041,0.325953,0.000041,0.191572
ACCAGTGCGGGAGACG-1,0.008641,0.385061,0.000033,0.017167,0.003512,0.585587
ACCATATCCGCAATAA-1,0.014548,0.599309,0.030832,0.078093,0.019746,0.257473
ACCATCCGCCAACTAG-1,0.426118,0.431852,0.000041,0.000082,0.108255,0.033652
ACCATCGTATATGGTA-1,0.042789,0.329619,0.04356,0.0173,0.013613,0.553119
ACCATTAAGGGTGTCA-1,0.843152,0.008255,0.000076,0.000152,0.147983,0.000381
ACCCAACGCCCGTGGC-1,0.026507,0.099098,0.004621,0.043149,0.000018,0.826607
ACCCACCTACATGCTC-1,0.00001,0.002865,0.010384,0.011467,0.135054,0.84022
ACCCATCTTGAGGGTA-1,0.028809,0.386671,0.003191,0.111055,0.010684,0.45959
ACCCATTTGTCCCTCT-1,0.008612,0.635852,0.026368,0.238768,0.000029,0.090371
ACCCGAGCGAAATTAC-1,0.058298,0.490058,0.07066,0.190312,0.085809,0.104863
ACCCGATTGGTTCCGA-1,0.144467,0.657717,0.07731,0.106971,0.000056,0.013478
ACCCGGAAACTCCCAG-1,0.357268,0.642161,0.000063,0.000127,0.000063,0.000317
ACCCGGAGCACCACAA-1,0.140769,0.277616,0.049957,0.264899,0.104436,0.162323
ACCCGGATGACGCATC-1,0.002811,0.695153,0.000035,0.000071,0.000035,0.301894
ACCCGGTTACACTTCC-1,0.068596,0.492839,0.013505,0.002566,0.01679,0.405704
ACCCGTAGCAGAGAAT-1,0.069626,0.123684,0.000013,0.343955,0.196294,0.266428
ACCCGTAGTCTAGTTG-1,0.000007,0.030239,0.017754,0.230334,0.04903,0.672636
ACCCGTGTCATCAGTA-1,0.002103,0.330359,0.12181,0.083071,0.001115,0.461542
ACCCTATAGGACTGAG-1,0.07611,0.687662,0.000044,0.000088,0.234242,0.001854
ACCCTATGCCATATCG-1,0.029239,0.487764,0.000042,0.007605,0.041613,0.433737
ACCCTCCCGTCAGGGC-1,0.052565,0.492279,0.000028,0.438998,0.000028,0.016102
ACCCTCCCTTGCTATT-1,0.004785,0.313139,0.011836,0.001574,0.016509,0.652158
ACCCTGGTAACGCCCT-1,0.083315,0.508246,0.039786,0.294844,0.007273,0.066536
ACCCTTCATCTGCGAA-1,0.004548,0.35499,0.141451,0.000074,0.009882,0.489055
ACCCTTGCCTGGGTCG-1,0.005071,0.004278,0.040487,0.713211,0.011183,0.22577
ACCCTTTAGTTCTCCA-1,0.218662,0.107636,0.376122,0.000192,0.000096,0.297291
ACCGAAAGGGCCCTGC-1,0.060334,0.8192,0.000054,0.000109,0.040135,0.080167
ACCGAAGAGTCTGGTT-1,0.052685,0.664492,0.000033,0.000066,0.24978,0.032944
ACCGACACATCTCCCA-1,0.636216,0.363346,0.000049,0.000097,0.000049,0.000243
ACCGACTGAGTCCCAC-1,0.292583,0.339006,0.141106,0.000121,0.000051,0.227133
ACCGAGTCTCCTTATT-1,0.306172,0.507511,0.000033,0.186082,0.000033,0.000167
ACCGATAGGCATAACC-1,0.00069,0.140759,0.000009,0.578699,0.054527,0.225316
ACCGATATTTAATCAT-1,0.062014,0.229202,0.014755,0.368324,0.111788,0.213918
ACCGATGGTAGCATCG-1,0.028118,0.643861,0.000063,0.000126,0.000063,0.327769
ACCGCAATAACTGCCT-1,0.000013,0.029839,0.039857,0.122202,0.001345,0.806745
ACCGCGGTGGAAGTCG-1,0.089679,0.822589,0.00004,0.020915,0.00387,0.062907
ACCGCTAGTCATTGGT-1,0.024844,0.035471,0.00001,0.514541,0.00001,0.425124
ACCGGGCCTTTGTTGA-1,0.000193,0.129087,0.021788,0.018152,0.000862,0.829919
ACCGGTCAGGTACACC-1,0.152656,0.38549,0.000023,0.163797,0.274693,0.023341
ACCGGTCTGAGTACGG-1,0.040004,0.464,0.023208,0.101313,0.016283,0.355193
ACCGTCCACTGGGCCC-1,0.179361,0.00003,0.17209,0.469185,0.17926,0.000074
ACCGTGACCACGTGGG-1,0.102098,0.739446,0.000035,0.031375,0.001024,0.126022
ACCGTTCCCGCTCTGA-1,0.000016,0.02165,0.000016,0.006766,0.000016,0.971537
ACCTAAGTACCTTTCA-1,0.000009,0.000017,0.042751,0.048651,0.034116,0.874456
ACCTAATCGACTTCCT-1,0.000006,0.000296,0.052348,0.009498,0.050919,0.886933
ACCTACAGTATGTGGT-1,0.139575,0.348459,0.001478,0.303805,0.05655,0.150132
ACCTACTATAAATCTA-1,0.009678,0.544241,0.000017,0.143507,0.004201,0.298357
ACCTCAGCGAGGCGCA-1,0.01782,0.35207,0.008979,0.395322,0.003556,0.222252
ACCTCCGCCCTCGCTG-1,0.062451,0.755585,0.000031,0.11014,0.000031,0.071762
ACCTCCGTTATTCACC-1,0.000008,0.000016,0.014468,0.039483,0.024596,0.921429
ACCTCGAACTTATGCT-1,0.115406,0.20819,0.000016,0.57874,0.027627,0.07002
ACCTGCGTGTCATGTT-1,0.027187,0.256061,0.043994,0.000029,0.056851,0.615878
ACCTTTCCTTTAGAAG-1,0.087804,0.287042,0.000024,0.146661,0.000024,0.478446
ACGAAATGGGCGGCAC-1,0.0034,0.047018,0.000806,0.008708,0.156854,0.783215
ACGACCCATGAGTTGC-1,0.090806,0.584606,0.000021,0.192487,0.083769,0.048311
ACGACTCTAGGGCCGA-1,0.000009,0.016609,0.001062,0.545809,0.003745,0.432767
ACGACTGGTCATACTC-1,0.072125,0.400936,0.000019,0.168804,0.010345,0.347772
ACGAGAACCCATCACG-1,0.123482,0.17485,0.000015,0.076401,0.031929,0.593324
ACGAGATATTTGCTTA-1,0.485365,0.513596,0.000115,0.000231,0.000115,0.000577
ACGAGGATACCACTCT-1,0.086472,0.387814,0.013825,0.056602,0.154675,0.300611
ACGAGGTTTACAACGT-1,0.031324,0.454594,0.00002,0.002148,0.186592,0.325322
ACGAGTACGGATGCCC-1,0.113713,0.762922,0.000053,0.000107,0.000053,0.123152
ACGAGTCGCCGGCGTT-1,0.044596,0.040809,0.022055,0.301516,0.268746,0.322278
ACGATACATAGAACTA-1,0.132471,0.589791,0.025742,0.142911,0.004644,0.104441
ACGATACCTATCCTGA-1,0.929948,0.000137,0.000068,0.000137,0.069368,0.000342
ACGATCATACATAGAG-1,0.000022,0.205056,0.014457,0.008706,0.000022,0.771738
ACGATCATCTTGTAAA-1,0.00001,0.001583,0.038847,0.102859,0.002719,0.853983
ACGATGCATATGTTAT-1,0.011303,0.049781,0.014121,0.002427,0.002528,0.919839
ACGATGGATCCGATGC-1,0.000028,0.218953,0.058356,0.000056,0.000028,0.722578
ACGCAAACTAATAGAT-1,0.011751,0.19084,0.06109,0.041268,0.000151,0.6949
ACGCAATCACTACAGC-1,0.034507,0.076943,0.000016,0.120507,0.025458,0.742569
ACGCATAAATGACATG-1,0.000252,0.110872,0.010023,0.355203,0.005723,0.517927
ACGCATACGTTTACTA-1,0.001208,0.366648,0.000022,0.001651,0.000194,0.630277
ACGCATTCGTGAGTAC-1,0.00069,0.404148,0.029427,0.012386,0.011688,0.541662
ACGCCACTCGAAACAG-1,0.588651,0.348213,0.014797,0.048138,0.000033,0.000167
ACGCCAGATGATTTCT-1,0.261874,0.613634,0.062668,0.000218,0.000109,0.061498
ACGCCAGTGCGTTTGC-1,0.033759,0.281459,0.102355,0.582244,0.000022,0.000161
ACGCCCAGCTGTCGAT-1,0.153575,0.67895,0.00007,0.00014,0.00007,0.167196
ACGCCGCTAGACGACC-1,0.263782,0.735638,0.000064,0.000129,0.000064,0.000322
ACGCCTGACACGCGCT-1,0.019339,0.100793,0.07403,0.358658,0.163317,0.283862
ACGCGAAGTCAGACGA-1,0.000048,0.21142,0.307943,0.027136,0.000048,0.453404
ACGCGCTACACAGGGT-1,0.022492,0.242416,0.01977,0.133058,0.081369,0.500895
ACGCGGGCCAAGGACA-1,0.000018,0.239611,0.003222,0.002959,0.00732,0.746871
ACGCGTTTCTTAAGAG-1,0.690339,0.000057,0.023477,0.000057,0.285926,0.000144
ACGCTACTGAATGGGC-1,0.445771,0.110643,0.138115,0.288215,0.000027,0.01723
ACGCTAGTATCAGTGC-1,0.201829,0.106389,0.020865,0.151375,0.078724,0.440817
ACGCTAGTGATACACT-1,0.056735,0.809318,0.000057,0.000113,0.000057,0.133721
ACGCTGTGAGGCGTAG-1,0.184702,0.592855,0.000037,0.000074,0.203961,0.018371
ACGCTTAGTGTCTCTC-1,0.230964,0.015554,0.000126,0.061511,0.040102,0.651743
ACGGAACACGAGTGCC-1,0.000008,0.022394,0.246784,0.442559,0.000008,0.288248
ACGGAATTTAGCAAAT-1,0.006333,0.171914,0.011032,0.005854,0.21462,0.590248
ACGGACGCAGCGACAA-1,0.008814,0.001135,0.124938,0.406197,0.07684,0.382076
ACGGACTCTCAAAGCG-1,0.167763,0.662938,0.088506,0.080536,0.000043,0.000214
ACGGAGCGCAAATTAC-1,0.011264,0.182451,0.026027,0.000263,0.000017,0.779978
ACGGATGGTGCGGATA-1,0.000013,0.019211,0.190257,0.024465,0.000013,0.76604
ACGGCACTTGCTTGGG-1,0.026373,0.855782,0.000038,0.000076,0.000038,0.117694
ACGGCCAACATGGACT-1,0.000014,0.08027,0.033565,0.043535,0.00692,0.835696
ACGGCGACGATGGGAA-1,0.000031,0.653808,0.07431,0.000061,0.000031,0.271759
ACGGCGGGTTGCCCTG-1,0.044054,0.409069,0.000025,0.052788,0.122343,0.371721
ACGGCTGGATGTAGAA-1,0.005461,0.044003,0.011462,0.109794,0.106525,0.722755
ACGGGAGTGTCGGCCC-1,0.044827,0.377711,0.063926,0.069481,0.214697,0.229358
ACGGGCGTATGCGACA-1,0.001902,0.310871,0.000018,0.083189,0.08434,0.519681
ACGGGTCATGTGACTT-1,0.068539,0.098304,0.000024,0.000049,0.539378,0.293706
ACGGGTTGTGACCTGT-1,0.535098,0.194273,0.000041,0.20844,0.061942,0.000206
ACGGTACAGTTCAATG-1,0.000012,0.120051,0.000012,0.365232,0.001811,0.512882
ACGGTCACCGAGAACA-1,0.000005,0.00195,0.005477,0.380316,0.023146,0.589106
ACGTACAGATTTCTCT-1,0.000015,0.076802,0.000015,0.001968,0.000015,0.921184
ACGTACTTTGGCACGG-1,0.12065,0.510361,0.00933,0.336207,0.000032,0.02342
ACGTAGATTGCTGATG-1,0.324323,0.648853,0.026265,0.00014,0.00007,0.00035
ACGTAGGAGAGTCGCT-1,0.28106,0.000114,0.664552,0.053933,0.000057,0.000284
ACGTATTACTCCGATC-1,0.019763,0.042745,0.024282,0.110645,0.020742,0.781823
ACGTCCTAAACGAGAT-1,0.000018,0.025067,0.000018,0.052151,0.000018,0.92273
ACGTCGGGCAACTCGG-1,0.842415,0.000073,0.000036,0.156275,0.001019,0.000181
ACGTCTCGTTCCGGGA-1,0.259289,0.00537,0.036551,0.015439,0.474774,0.208576
ACGTGACAAAGTAAGT-1,0.190923,0.00003,0.000015,0.016892,0.664817,0.127323
ACGTGCGCCTCGTGCA-1,0.000047,0.499148,0.000047,0.020144,0.011935,0.468678
ACGTGGTCGAATGTGC-1,0.329937,0.568676,0.00007,0.00014,0.00007,0.101108
ACGTTAATGTCGAAGA-1,0.206569,0.590282,0.024926,0.000187,0.00956,0.168476
ACGTTAGATTTGCCCG-1,0.020434,0.126661,0.055873,0.00182,0.011048,0.784164
ACGTTATTGGTCACTC-1,0.324404,0.284759,0.184064,0.09469,0.017625,0.094457
ACGTTCACTATGCCGC-1,0.033041,0.349525,0.01246,0.591295,0.000021,0.013659
ACGTTCCGCGCTCCGT-1,0.000013,0.000025,0.000013,0.026342,0.000013,0.973595
ACGTTCGCAATCAATT-1,0.01596,0.419698,0.00002,0.149733,0.082209,0.332381
ACGTTCGTTCAGGAAA-1,0.000017,0.270675,0.132586,0.026675,0.000017,0.57003
ACGTTCTGTACAAGTC-1,0.000014,0.08853,0.000014,0.398148,0.008707,0.504586
ACGTTGTCGTTGAAAG-1,0.17376,0.078519,0.194227,0.443058,0.000015,0.110421
ACGTTTAGTTGTGATC-1,0.000035,0.27507,0.05202,0.00007,0.000035,0.67277
ACGTTTCGGTGCACTT-1,0.062585,0.365953,0.018529,0.361763,0.043912,0.147257
ACTAAGGACGCACACC-1,0.038984,0.169372,0.003607,0.443851,0.091063,0.253123
ACTAATACGTCAGGCG-1,0.005571,0.292678,0.000033,0.01044,0.025672,0.665607
ACTACAAAGAGAGGTG-1,0.000008,0.00567,0.012245,0.441984,0.001277,0.538815
ACTACATCCCGACAAG-1,0.033612,0.452064,0.000018,0.160196,0.210694,0.143417
ACTACCAGCTCTCTGG-1,0.057367,0.076692,0.011094,0.301443,0.039054,0.514351
ACTACCATCCGAGGGC-1,0.194899,0.551994,0.000022,0.252951,0.000022,0.000111
ACTACGCGTTAGAATT-1,0.006849,0.245633,0.000019,0.051979,0.000019,0.695502
ACTAGTTGCGATCGTC-1,0.044156,0.864744,0.022381,0.006876,0.000037,0.061806
ACTATATGCTGTGTTC-1,0.168006,0.80786,0.000066,0.000131,0.000066,0.023872
ACTATCCAGGGCATGG-1,0.004616,0.156701,0.290185,0.267888,0.007599,0.273011
ACTATCGCCGGCTAAA-1,0.699599,0.074894,0.134363,0.000071,0.082093,0.00898
ACTATCTGCCCGCGTA-1,0.004231,0.200203,0.031416,0.361018,0.074183,0.328949
ACTATGTCCAGCTGCC-1,0.000011,0.088458,0.000011,0.240544,0.097714,0.573261
ACTATTCGTCCGTGGT-1,0.3382,0.660923,0.000097,0.000195,0.000097,0.000487
ACTATTTCCGGGCCCA-1,0.05721,0.831379,0.000041,0.012969,0.000041,0.09836
ACTCAACGAATGTATT-1,0.087159,0.517294,0.032387,0.000057,0.166721,0.196381
ACTCAAGTGCAAGGCT-1,0.048238,0.828185,0.000052,0.123216,0.000052,0.000258
ACTCAATAAAGGCACG-1,0.102991,0.646258,0.12636,0.034083,0.000025,0.090283
ACTCAGACCTGCTTCT-1,0.003581,0.085229,0.160521,0.041522,0.02002,0.689129
ACTCATGGCAGCCTTC-1,0.030734,0.000665,0.000015,0.310799,0.121091,0.536697
ACTCCAATATCATCAT-1,0.005524,0.115877,0.070394,0.492228,0.039905,0.276071
ACTCCCATTCCTAAAG-1,0.000005,0.027463,0.068841,0.027322,0.101581,0.774787
ACTCCCGAATTCGTTT-1,0.075516,0.673235,0.000048,0.001312,0.000048,0.249842
