Barcode,Topic 1,Topic 2,Topic 3to4,Topic 5,Topic 6,Topic 7,Topic 8,Topic 9,Topic 10
AAACAAGTATCTCCCA-1,0.247153,0.023153,0.308074,0.01441,0.060575,0.08942,0.073308,0.148738,0.035169
AAACACCAATAACTGC-1,0.329595,0.015791,0.142552,0.028109,0.294905,0.030101,0.039637,0.049528,0.069782
AAACAGAGCGACTCCT-1,0.092648,0.186002,0.276919,0.005842,0.073719,0.108086,0.256722,0.00003,0.00003
AAACAGGGTCTATATT-1,0.188876,0.168414,0.455293,0.020487,0.07182,0.028571,0.045296,0.013955,0.007288
AAACAGTGTTCCTGGG-1,0.341502,0.01112,0.016265,0.035985,0.000021,0.000021,0.000021,0.000021,0.595044
AAACATTTCCCGGATT-1,0.318012,0.104322,0.390386,0.041805,0.016021,0.021487,0.091674,0.001286,0.015005
AAACCGGGTAGGTACC-1,0.010949,0.058761,0.121657,0.009989,0.515499,0.118663,0.066502,0.006586,0.091394
AAACCGTTCGTCCAGG-1,0.435639,0.114202,0.152143,0.018141,0.271272,0.000022,0.008539,0.000022,0.000022
AAACCTAAGCAGCCGG-1,0.031114,0.021079,0.081123,0.398333,0.000489,0.004756,0.005133,0.006337,0.451637
AAACCTCATGAAGTTG-1,0.118727,0.188044,0.557851,0.000017,0.101586,0.017692,0.016047,0.000017,0.000017
AAACGAAGAACATACC-1,0.109192,0.280971,0.045116,0.026442,0.083826,0.419368,0.033432,0.001619,0.000035
AAACGAGACGGTTGAT-1,0.049936,0.120976,0.356122,0.013597,0.095209,0.292902,0.071206,0.000026,0.000026
AAACGGGCGTACGGGT-1,0.015818,0.038675,0.180256,0.371449,0.090486,0.034082,0.230207,0.039008,0.000019
AAACGGTTGCGAACTG-1,0.003896,0.000027,0.000055,0.000027,0.000027,0.000027,0.000027,0.028392,0.967521
AAACTCGGTTCGCAAT-1,0.048185,0.016811,0.055647,0.000033,0.000018,0.001035,0.000018,0.061041,0.817212
AAACTGCTGGCTCCAA-1,0.324529,0.202694,0.156542,0.059946,0.067388,0.02049,0.011385,0.08874,0.068286
AAACTTGCAAACGTAT-1,0.011454,0.027404,0.375073,0.015868,0.335036,0.040234,0.030687,0.068131,0.096113
AAAGAATGTGGACTAA-1,0.023701,0.058405,0.285601,0.021084,0.356951,0.125543,0.049637,0.018625,0.060453
AAAGACCCAAGTCGCG-1,0.020606,0.768758,0.152227,0.000016,0.000016,0.052336,0.004742,0.001284,0.000016
AAAGACTGGGCGCTTT-1,0.009676,0.787833,0.068696,0.000014,0.000014,0.123198,0.010031,0.000524,0.000014
AAAGGCCCTATAATAC-1,0.211478,0.004194,0.369554,0.087375,0.303319,0.001001,0.009716,0.013351,0.000013
AAAGGCTACGGACCAT-1,0.040606,0.017096,0.072388,0.000015,0.001027,0.00679,0.000015,0.002415,0.859646
AAAGGCTCTCGCGCCG-1,0.000054,0.000054,0.000108,0.143618,0.193819,0.010906,0.026466,0.056643,0.568332
AAAGGGATGTAGCAAG-1,0.096531,0.062474,0.303677,0.005514,0.053524,0.257632,0.042247,0.005223,0.17318
AAAGGGCAGCTTGAAT-1,0.000035,0.311899,0.058539,0.000035,0.043211,0.440994,0.062934,0.082318,0.000035
AAAGGTAAGCTGTACC-1,0.000044,0.01067,0.000088,0.000044,0.000044,0.117597,0.404073,0.467394,0.000044
AAAGTAGCATTGCTCA-1,0.132377,0.02783,0.551004,0.037851,0.223766,0.000155,0.026978,0.000019,0.000019
AAAGTCACTGATGTAA-1,0.000052,0.692217,0.254818,0.000021,0.000021,0.050065,0.002765,0.000021,0.000021
AAAGTCGACCCTCAGT-1,0.215381,0.322452,0.40311,0.003041,0.009103,0.014735,0.025095,0.000014,0.007068
AAAGTGTGATTTATCT-1,0.328251,0.073271,0.436851,0.054874,0.000012,0.018397,0.043021,0.011031,0.034294
AAAGTTGACTCCCGTA-1,0.015857,0.01627,0.688213,0.085263,0.00445,0.027059,0.162861,0.000013,0.000013
AAATAACCATACGGGA-1,0.000053,0.015436,0.007314,0.000053,0.041177,0.359746,0.530435,0.010348,0.035436
AAATACCTATAAGCAT-1,0.43156,0.144217,0.085511,0.000013,0.000013,0.00465,0.000013,0.015977,0.318045
AAATAGCTTAGACTTT-1,0.079861,0.11134,0.339306,0.004358,0.181583,0.174301,0.063843,0.018247,0.027162
AAATAGGGTGCTATTG-1,0.000051,0.000051,0.000103,0.117242,0.088351,0.000051,0.120819,0.241097,0.432235
AAATCCGATACACGCC-1,0.244232,0.034543,0.062677,0.035203,0.00603,0.01068,0.019306,0.218293,0.369035
AAATCGTGTACCACAA-1,0.044275,0.20746,0.144827,0.161952,0.08747,0.166305,0.003236,0.099721,0.084754
AAATCTAGCCCTGCTA-1,0.38307,0.035503,0.500269,0.001386,0.000009,0.002025,0.000009,0.000009,0.077719
AAATGACTGATCAAAC-1,0.000044,0.000044,0.000088,0.000044,0.000044,0.000044,0.000044,0.000044,0.999605
AAATGCTCGTTACGTT-1,0.000118,0.000118,0.000235,0.000118,0.201222,0.474025,0.052871,0.261768,0.009525
AAATGGCATGTCTTGT-1,0.013236,0.039906,0.159828,0.000812,0.066122,0.093791,0.626184,0.00006,0.00006
AAATGGCCCGTGCCCT-1,0.260295,0.042244,0.448239,0.002363,0.222413,0.005861,0.016623,0.001947,0.000015
AAATGGTCAATGTGCC-1,0.12414,0.03865,0.284739,0.09423,0.094675,0.131592,0.197423,0.021901,0.012649
AAATTAACGGGTAGCT-1,0.017754,0.073914,0.092663,0.023529,0.118914,0.233763,0.205758,0.233674,0.000032
AAATTACACGACTCTG-1,0.000052,0.206223,0.359549,0.033137,0.001942,0.178742,0.179667,0.000036,0.04065
AAATTACCTATCGATG-1,0.000029,0.009828,0.298843,0.043083,0.265004,0.039752,0.343402,0.000029,0.000029
AAATTGATAGTCCTTT-1,0.342773,0.014592,0.450845,0.069629,0.023759,0.00117,0.004521,0.077424,0.015287
AAATTTACCGAAATCC-1,0.006345,0.588702,0.063157,0.00005,0.00005,0.126041,0.002573,0.213031,0.00005
AAATTTGCGGGTGTGG-1,0.000042,0.000042,0.106482,0.070964,0.767994,0.001713,0.052679,0.000042,0.000042
AACAACTGGTAGTTGC-1,0.16642,0.053698,0.17284,0.003586,0.048648,0.266034,0.288684,0.000046,0.000046
AACAATACATTGTCGA-1,0.543002,0.054737,0.055002,0.056856,0.272621,0.00218,0.011458,0.004125,0.000019
AACAATTACTCTACGC-1,0.004249,0.444974,0.452998,0.006046,0.000023,0.0641,0.024672,0.002916,0.000023
AACACACGCTCGCCGC-1,0.324528,0.118354,0.190377,0.124643,0.01503,0.02492,0.159405,0.002387,0.040354
AACACGACTGTACTGA-1,0.057874,0.600324,0.149685,0.000034,0.000034,0.161553,0.030429,0.000034,0.000034
AACACGAGACGCGGCC-1,0.156422,0.082421,0.125358,0.027051,0.44797,0.053817,0.053615,0.000019,0.053325
AACACGCGGCCGCGAA-1,0.000492,0.505365,0.088589,0.00003,0.106173,0.26666,0.00275,0.014554,0.015386
AACAGCTGTGTGGCAA-1,0.888238,0.030628,0.081063,0.000012,0.000012,0.000012,0.000012,0.000012,0.000012
AACAGGAAATCGAATA-1,0.000044,0.060021,0.073509,0.000044,0.160627,0.438213,0.238588,0.028911,0.000044
AACAGGATGGGCCGCG-1,0.000056,0.014392,0.05886,0.000056,0.022966,0.147126,0.745548,0.010941,0.000056
AACATATCAACTGGTG-1,0.035253,0.068478,0.265059,0.029665,0.063888,0.125992,0.231178,0.047139,0.133348
AACATTGAAGTTGATC-1,0.311092,0.004579,0.237255,0.106185,0.236135,0.005972,0.051842,0.003107,0.043834
AACATTGTGACTCGAG-1,0.018389,0.009019,0.020454,0.011307,0.000786,0.003315,0.008539,0.00839,0.919803
AACCAAGACTTCTCTG-1,0.08976,0.086195,0.107301,0.000015,0.019106,0.236268,0.007726,0.453616,0.000015
AACCAGTATCACTCTT-1,0.00015,0.165758,0.0003,0.00015,0.057995,0.203781,0.465165,0.106551,0.00015
AACCATGGGATCGCTA-1,0.000077,0.000077,0.000154,0.000077,0.240042,0.093968,0.204932,0.460596,0.000077
AACCCAGAGACGGAGA-1,0.000035,0.598032,0.031403,0.005789,0.020104,0.200719,0.143849,0.000035,0.000035
AACCCATCCCATGATC-1,0.287224,0.09538,0.45383,0.00728,0.07374,0.01946,0.032914,0.001621,0.028551
AACCCGACAACCCGTG-1,0.014484,0.003315,0.000825,0.020737,0.01108,0.000689,0.031229,0.03626,0.881382
AACCCGCTGTATTCCA-1,0.000033,0.000033,0.000066,0.000033,0.000033,0.000033,0.000033,0.000033,0.999703
AACCCTACTGTCAATA-1,0.074095,0.003191,0.229299,0.21087,0.08978,0.015632,0.367605,0.002051,0.007477
AACCCTGGTGGAACCA-1,0.091565,0.733464,0.164736,0.00002,0.000434,0.002408,0.007333,0.00002,0.00002
AACCGAGCTTGGTCAT-1,0.000035,0.004389,0.192916,0.005062,0.324117,0.28282,0.172461,0.017264,0.000936
AACCGCTAAGGGATGC-1,0.236409,0.1348,0.365947,0.077523,0.016922,0.034913,0.06135,0.072126,0.00001
AACCGTTGTGTTTGCT-1,0.000041,0.450528,0.427952,0.000041,0.000041,0.022823,0.09849,0.000041,0.000041
AACCTCGCTTTAGCCC-1,0.023476,0.028057,0.121564,0.075697,0.000732,0.023245,0.004483,0.037866,0.68488
AACCTTTAAATACGGT-1,0.167494,0.028235,0.103728,0.448026,0.000027,0.008499,0.000027,0.000031,0.243933
AACCTTTACGACGTCT-1,0.000021,0.252737,0.616353,0.000021,0.000021,0.105569,0.025236,0.000021,0.000021
AACGATAATGCCGTAG-1,0.000043,0.046177,0.015908,0.200447,0.039686,0.026967,0.119902,0.005829,0.545039
AACGATAGAAGGGCCG-1,0.038554,0.0302,0.000127,0.000058,0.149602,0.146469,0.284943,0.349989,0.000058
AACGATATGTCAACTG-1,0.094588,0.048972,0.825751,0.00002,0.009308,0.010042,0.011279,0.00002,0.00002
AACGCATGATCTGGGT-1,0.003242,0.01843,0.138773,0.008269,0.001758,0.043365,0.785656,0.000467,0.000039
AACGCGACCTTGGGCG-1,0.03121,0.000033,0.000065,0.000033,0.000033,0.000033,0.000033,0.000033,0.968529
AACGCGGTCTCCAGCC-1,0.044376,0.092749,0.405697,0.001304,0.026954,0.06583,0.304303,0.055818,0.002969
AACGCTGTTGCTGAAA-1,0.361524,0.161143,0.244665,0.000769,0.00001,0.050535,0.001992,0.13658,0.042783
AACGGACGTACGTATA-1,0.078389,0.022381,0.050625,0.209203,0.13121,0.005857,0.502295,0.00002,0.00002
AACGGCCATCTCCGGT-1,0.238881,0.054368,0.260486,0.00613,0.270692,0.024534,0.0096,0.135292,0.000017
AACGTACTGTGGGTAC-1,0.042577,0.058461,0.384622,0.047677,0.39781,0.003499,0.065295,0.000029,0.000029
AACGTCAGACTAGTGG-1,0.000282,0.045376,0.411172,0.002063,0.004246,0.416105,0.084744,0.000026,0.035985
AACGTCATCCGGCTTG-1,0.000333,0.000333,0.000667,0.000333,0.181348,0.000333,0.000333,0.000333,0.815985
AACGTGATGAAGGACA-1,0.108476,0.172194,0.109106,0.004735,0.070026,0.393049,0.14232,0.000047,0.000047
AACGTGCGAAAGTCTC-1,0.088369,0.275301,0.231444,0.119404,0.031242,0.084961,0.017505,0.096024,0.05575
AACTAGCGTATCGCAC-1,0.000132,0.000132,0.000264,0.000132,0.275551,0.414231,0.021248,0.269013,0.019297
AACTAGGCTTGGGTGT-1,0.104506,0.02401,0.010861,0.031598,0.067205,0.000045,0.002368,0.037488,0.721919
AACTCAAGTTAATTGC-1,0.046073,0.021265,0.191703,0.05812,0.147003,0.238257,0.159724,0.027458,0.110396
AACTCCAGAGCGTGTT-1,0.296432,0.101024,0.144625,0.185774,0.101419,0.027801,0.136018,0.002191,0.004716
AACTCCTAATCCCATG-1,0.073622,0.032534,0.000266,0.000133,0.015704,0.16752,0.406377,0.244761,0.059084
AACTCTCAATAGAGCG-1,0.000028,0.006553,0.199801,0.019044,0.24758,0.383486,0.092716,0.000232,0.050561
AACTCTCAGTGTGCTC-1,0.457021,0.06284,0.095532,0.021982,0.323403,0.007552,0.01307,0.018569,0.000031
AACTGATATTAGGCCT-1,0.033423,0.113472,0.412622,0.000033,0.001853,0.09155,0.344002,0.003011,0.000033
AACTGGGTCCCGACGT-1,0.046971,0.253396,0.508304,0.000015,0.037642,0.130682,0.016258,0.000576,0.006157
AACTGGGTTCGAGCCG-1,0.000139,0.000139,0.000277,0.000139,0.408962,0.212641,0.202652,0.174913,0.000139
AACTGGTGTGGGCCTT-1,0.003128,0.09616,0.000122,0.005771,0.097169,0.538954,0.207052,0.051582,0.000061
AACTTGCCCGTATGCA-1,0.000052,0.142427,0.168341,0.010257,0.002376,0.311586,0.35506,0.00985,0.000052
AACTTTAGCTGCTGAG-1,0.000127,0.000127,0.000255,0.000127,0.088769,0.184219,0.303521,0.422728,0.000127
AAGACCCAACTGAACA-1,0.235423,0.00342,0.013321,0.001129,0.046884,0.007536,0.000022,0.002264,0.690002
AAGACTCACGCCCACT-1,0.102534,0.349717,0.260335,0.002875,0.045619,0.092207,0.039907,0.054845,0.05196
AAGACTGCAAGCTACT-1,0.086636,0.13797,0.35219,0.117681,0.082629,0.026314,0.196524,0.000028,0.000028
AAGAGATGAATCGGTA-1,0.069309,0.051416,0.328819,0.000028,0.000028,0.508057,0.000079,0.039977,0.002285
AAGAGCTCTTTATCGG-1,0.00195,0.040326,0.48019,0.058276,0.024713,0.017701,0.376779,0.000033,0.000033
AAGAGGATGTACGCGA-1,0.150707,0.099042,0.318749,0.000149,0.118169,0.2467,0.060495,0.005934,0.000056
AAGAGGCATGGATCGC-1,0.127377,0.091133,0.422985,0.074281,0.046418,0.063051,0.174722,0.000017,0.000017
AAGATGGCACCGGACC-1,0.222565,0.010399,0.000075,0.162914,0.590526,0.000037,0.006213,0.000037,0.007232
AAGATTGGCGGAACGT-1,0.021946,0.029121,0.475259,0.012549,0.095405,0.220787,0.059697,0.081022,0.004214
AAGCACCCTGCGTATC-1,0.080515,0.053825,0.30388,0.000019,0.000019,0.015406,0.000019,0.007249,0.53907
AAGCATACTCTCCTGA-1,0.506949,0.024874,0.13911,0.014865,0.000023,0.003314,0.000023,0.000023,0.310818
AAGCCACTTGCAGGTA-1,0.358528,0.000034,0.000068,0.093142,0.23499,0.000034,0.000034,0.002626,0.310544
AAGCCGCCGTGAAATC-1,0.363673,0.005819,0.107319,0.008081,0.325554,0.007965,0.017174,0.070133,0.094282
AAGCGCAGGGCTTTGA-1,0.025409,0.000034,0.04238,0.027783,0.01476,0.00334,0.003922,0.000034,0.882336
AAGCGGCGTCATGGGT-1,0.050494,0.648522,0.055371,0.000039,0.011424,0.048627,0.115578,0.069906,0.000039
AAGCGTCCCTCATCGA-1,0.361669,0.014962,0.133834,0.097228,0.315248,0.000036,0.07695,0.000036,0.000036
AAGCTAGATCGAGTAA-1,0.039723,0.087273,0.162549,0.004713,0.012118,0.015713,0.000524,0.121892,0.555494
AAGCTCGTGCCAAGTC-1,0.011419,0.049561,0.249204,0.067037,0.154204,0.185475,0.282706,0.000366,0.000029
AAGCTCTTTCATGGTG-1,0.308201,0.043569,0.048641,0.008716,0.000022,0.000968,0.000022,0.043008,0.546853
AAGGAGAACTTATAAG-1,0.000079,0.011889,0.000157,0.000079,0.111157,0.393084,0.23085,0.252627,0.000079
AAGGAGCGGTTGGTGC-1,0.003639,0.032513,0.292363,0.008925,0.015657,0.459649,0.016232,0.120455,0.050568
AAGGATCGATCGCTTG-1,0.289278,0.140745,0.165554,0.010072,0.071498,0.17006,0.052638,0.028321,0.071834
AAGGATGAGGGACCTC-1,0.00003,0.004696,0.395982,0.009402,0.137336,0.089382,0.353434,0.009709,0.00003
AAGGCGCGTAAAGCTT-1,0.00003,0.323961,0.339561,0.000021,0.000021,0.278939,0.033947,0.023501,0.000021
AAGGCTGTGCTCATCG-1,0.002193,0.037214,0.942136,0.000011,0.000011,0.018403,0.000011,0.000011,0.000011
AAGGGAACGACTGGCT-1,0.705645,0.01014,0.146552,0.005746,0.051484,0.013187,0.007444,0.006936,0.052867
AAGGGACAGATTCTGT-1,0.000025,0.00165,0.204955,0.014743,0.271136,0.338562,0.165641,0.000025,0.003262
AAGGGACTATGCATTC-1,0.332806,0.011508,0.153793,0.018431,0.240689,0.008263,0.00569,0.049106,0.179712
AAGGTATCCTAATATA-1,0.034193,0.036937,0.545734,0.042819,0.157203,0.083583,0.099485,0.000023,0.000023
AAGGTGATAAACCAGC-1,0.046282,0.104855,0.274468,0.249496,0.064353,0.086789,0.162167,0.006653,0.004936
AAGTAGAAGACCGGGT-1,0.000561,0.348074,0.377949,0.003684,0.000025,0.161676,0.101129,0.006875,0.000025
AAGTAGTGACGCGAGG-1,0.023025,0.183292,0.313915,0.000029,0.046663,0.231644,0.137787,0.063616,0.000029
AAGTCAATTGTCGTCA-1,0.02548,0.0208,0.348394,0.162638,0.021338,0.141311,0.227256,0.011427,0.041354
AAGTGACGACCGAATT-1,0.097143,0.163566,0.572724,0.000206,0.10455,0.047037,0.014749,0.000013,0.000013
AAGTGAGTCGGGTTTA-1,0.134916,0.000266,0.00656,0.091383,0.095924,0.044846,0.004127,0.014569,0.607409
AAGTGCAAAGGTAGAC-1,0.126429,0.407284,0.034604,0.000033,0.047914,0.314831,0.053798,0.008192,0.006915
AAGTGCCTTGACTGTA-1,0.016202,0.014255,0.438475,0.126473,0.018278,0.081977,0.266809,0.03751,0.000021
AAGTGCGTTAGAATCT-1,0.032952,0.013785,0.397377,0.017168,0.526309,0.000032,0.012313,0.000032,0.000032
AAGTGCTTCTCTATTG-1,0.328782,0.008608,0.028824,0.090041,0.002879,0.000022,0.008596,0.062324,0.469924
AAGTGTTTGGAGACGG-1,0.154404,0.122532,0.130669,0.09844,0.0137,0.068106,0.004029,0.115195,0.292925
AAGTTCACTCCAAGCT-1,0.146509,0.038874,0.097198,0.006599,0.000019,0.021196,0.006313,0.234577,0.448716
AAGTTCAGTCTGCGTA-1,0.034584,0.160707,0.160193,0.062218,0.000032,0.231979,0.30546,0.002275,0.042554
AAGTTCGGCCAACAGG-1,0.159313,0.036131,0.281224,0.018597,0.460079,0.015693,0.003212,0.019874,0.005876
AAGTTGTGATGTTATA-1,0.018425,0.164739,0.281116,0.047937,0.24471,0.146463,0.065012,0.002596,0.029001
AAGTTTACTAATGGCA-1,0.0001,0.0001,0.000199,0.0001,0.046802,0.276603,0.454115,0.221882,0.0001
AAGTTTATGGGCCCAA-1,0.000015,0.000015,0.000031,0.000015,0.000015,0.000015,0.000015,0.000015,0.999861
AATAACAACGCTCGGC-1,0.000019,0.032608,0.327303,0.00862,0.137167,0.168848,0.227993,0.000019,0.097423
AATAACACTAGAACAA-1,0.110443,0.045113,0.117751,0.022602,0.639039,0.007459,0.003299,0.044919,0.009375
AATAAGTCCTCGAGAC-1,0.042332,0.054703,0.012743,0.000046,0.15207,0.613746,0.039581,0.084733,0.000046
AATACAATGTTTCAGG-1,0.000083,0.000083,0.000167,0.000083,0.000749,0.226221,0.257473,0.515056,0.000083
AATACCGGAGGGCTGT-1,0.085121,0.000033,0.000065,0.706403,0.015491,0.000033,0.001043,0.041257,0.150555
AATACCTGATGTGAAC-1,0.057948,0.096272,0.224601,0.02006,0.050952,0.33987,0.074088,0.027822,0.108388
AATAGAACAGAGTGGC-1,0.59944,0.044352,0.018902,0.001447,0.219611,0.001073,0.000022,0.000022,0.115133
AATAGAATCTGTTTCA-1,0.000024,0.007317,0.002285,0.014574,0.170096,0.077671,0.121351,0.425205,0.181477
AATAGGCACGACCCTT-1,0.239271,0.006593,0.003537,0.12379,0.078133,0.001497,0.028169,0.006994,0.512015
AATAGTCCGTCCCGAC-1,0.092717,0.061283,0.052315,0.030568,0.040786,0.003775,0.000033,0.078632,0.639891
AATATCAAGGTCGGAT-1,0.000081,0.000081,0.000162,0.000081,0.02499,0.145711,0.168431,0.660382,0.000081
AATATCGAGGGTTCTC-1,0.000033,0.000034,0.023716,0.023853,0.018292,0.025526,0.857029,0.051484,0.000033
AATATTGGAGTATTGA-1,0.029658,0.08594,0.253824,0.0046,0.113032,0.229149,0.277117,0.004052,0.002628
AATCAGGTTTCATTTA-1,0.408552,0.089619,0.143303,0.333158,0.005684,0.00002,0.019622,0.00002,0.00002
AATCATGTAAAGACTC-1,0.133707,0.108271,0.225063,0.10671,0.090851,0.031093,0.124969,0.064651,0.114684
AATCCAAGGGCCTGAG-1,0.000045,0.014366,0.00009,0.000045,0.014948,0.626154,0.255541,0.088766,0.000045
AATCCCGCTCAGAGCC-1,0.00006,0.00006,0.000132,0.100399,0.051826,0.00006,0.000066,0.00006,0.847339
AATCGCCTCAGCGCCA-1,0.045247,0.125975,0.155274,0.133143,0.138182,0.070474,0.331642,0.000031,0.000031
AATCGCGCAGAGGACT-1,0.174567,0.177922,0.178709,0.012289,0.207899,0.179101,0.032585,0.011744,0.025183
AATCGGGACACTACGA-1,0.000042,0.349115,0.131959,0.000042,0.000042,0.194127,0.32459,0.000042,0.000042
AATCGTGAGCCGAGCA-1,0.008205,0.000027,0.000055,0.000027,0.009373,0.000027,0.000027,0.276758,0.7055
AATCTAGGTTTACTTG-1,0.510308,0.028743,0.245382,0.017775,0.174627,0.003361,0.015592,0.000022,0.00419
AATCTATGCCGGAGCC-1,0.014882,0.111068,0.283709,0.050394,0.232754,0.180208,0.033441,0.002612,0.090934
AATCTCTACTGTGGTT-1,0.29263,0.348679,0.094768,0.003588,0.078322,0.107773,0.06208,0.012133,0.000027
AATCTGCGTTGGGACG-1,0.000048,0.000048,0.144889,0.072804,0.291089,0.200404,0.290623,0.000048,0.000048
AATCTGGCTTTCTAGT-1,0.464263,0.133155,0.400337,0.000013,0.000013,0.000013,0.000013,0.000013,0.002182
AATCTGGGTAGACCCT-1,0.000182,0.000182,0.000364,0.000182,0.096614,0.211512,0.259814,0.298053,0.133097
AATGACAGCAATGTCT-1,0.147923,0.0203,0.710612,0.027556,0.073898,0.010833,0.007696,0.001167,0.000014
AATGACGTAGGATGTC-1,0.039222,0.18424,0.269826,0.110514,0.028298,0.028716,0.010084,0.327932,0.001167
AATGACTGTCAGCCGG-1,0.053558,0.165869,0.298125,0.000025,0.021641,0.329827,0.031854,0.087554,0.011546
AATGATGATACGCTAT-1,0.000027,0.011967,0.584608,0.000027,0.029451,0.14528,0.220447,0.008167,0.000027
AATGATGCGACTCCTG-1,0.000031,0.008671,0.050201,0.000099,0.031843,0.081827,0.794089,0.033208,0.000031
AATGCAACCGGGTACC-1,0.027415,0.055419,0.829336,0.004836,0.006483,0.062549,0.013654,0.000122,0.000187
AATGCACCAAGCAATG-1,0.044735,0.074241,0.194744,0.008706,0.022339,0.221139,0.31433,0.079032,0.040733
AATGGTCCACCGTTCA-1,0.00004,0.035045,0.019105,0.001542,0.027796,0.503794,0.293984,0.118655,0.00004
AATGGTTCTCACAAGC-1,0.001392,0.15479,0.034202,0.000055,0.029888,0.660581,0.104617,0.008984,0.005491
AATGTGCCCGAGGTGT-1,0.186874,0.000795,0.371248,0.009318,0.391983,0.006966,0.014441,0.000033,0.018343
AATGTGCTAATCTGAG-1,0.378919,0.000027,0.000054,0.010211,0.386723,0.000027,0.001104,0.122341,0.100594
AATGTTAAGACCCTGA-1,0.000891,0.096921,0.164106,0.012031,0.000018,0.234403,0.009903,0.081513,0.400213
AATTAAAGGTCGGCGT-1,0.163947,0.085946,0.42726,0.024237,0.108521,0.096762,0.077858,0.015446,0.000023
AATTAACGGATTTCCA-1,0.260935,0.061052,0.028129,0.000023,0.000023,0.001237,0.000023,0.055705,0.592874
AATTAGCGCTGCAGCG-1,0.000058,0.000058,0.000116,0.03044,0.167654,0.00749,0.186113,0.078649,0.529421
AATTCATAAGGGATCT-1,0.017875,0.031682,0.469301,0.009803,0.026772,0.184252,0.257489,0.00002,0.002805
AATTCCAAGCATGTAC-1,0.000021,0.000021,0.000041,0.000021,0.000021,0.000021,0.000021,0.015011,0.984824
AATTCGATTCGAGGAT-1,0.015346,0.000026,0.007431,0.050814,0.011166,0.016738,0.019609,0.037825,0.841045
AATTCTAGAGTTAGGC-1,0.000066,0.000066,0.000132,0.424849,0.266857,0.104744,0.058452,0.024961,0.119874
AATTGAACGCTCTGGT-1,0.031168,0.162447,0.163723,0.281462,0.163076,0.010883,0.187175,0.000041,0.000024
AATTGCAGCAATCGAC-1,0.073393,0.030662,0.062879,0.022219,0.334905,0.094579,0.177858,0.088526,0.114979
AATTTGGGACATAGTA-1,0.000178,0.010339,0.000356,0.000178,0.132948,0.366885,0.4166,0.072339,0.000178
AATTTGGTTCCAAAGA-1,0.000049,0.215795,0.218388,0.000049,0.065806,0.356899,0.078563,0.064402,0.000049
ACAAACCATGCGTCCT-1,0.356981,0.000678,0.013326,0.002622,0.587461,0.00001,0.003899,0.000055,0.03497
ACAAACTCCATCAGAG-1,0.000053,0.000053,0.000107,0.000053,0.119011,0.000053,0.000053,0.000053,0.880561
ACAAAGCATGACCTAG-1,0.336564,0.081407,0.17728,0.152319,0.028603,0.043516,0.162325,0.008376,0.009611
ACAAATCGCACCGAAT-1,0.050749,0.009169,0.35198,0.054999,0.037969,0.099445,0.014423,0.067881,0.313385
ACAAATGGTAGTGTTT-1,0.000027,0.037901,0.028964,0.153954,0.193948,0.056366,0.326271,0.182966,0.019602
ACAAATTCAGATCTGA-1,0.000073,0.000073,0.000147,0.000073,0.000073,0.147909,0.000073,0.851503,0.000073
ACAACAGCATGAGCTA-1,0.019054,0.176547,0.554467,0.020029,0.005006,0.094338,0.008778,0.116878,0.004903
ACAACGGTCCCTGCGA-1,0.094134,0.443014,0.258434,0.000018,0.000018,0.122624,0.000018,0.081721,0.000018
ACAAGCAGTGCCTAGC-1,0.000058,0.0102,0.000117,0.000058,0.135522,0.276165,0.28533,0.29249,0.000058
ACAAGGAAATCCGCCC-1,0.000034,0.000034,0.000068,0.047444,0.088416,0.010097,0.08784,0.098229,0.667837
ACAAGGACAAGAGGTT-1,0.000018,0.091674,0.619318,0.003039,0.018131,0.142485,0.11069,0.000018,0.014627
ACAAGGATGCTTTAGG-1,0.487004,0.098426,0.037975,0.00329,0.001236,0.012222,0.006027,0.221346,0.132474
ACAAGGCCTACCAGCC-1,0.155868,0.103075,0.21701,0.06424,0.042126,0.187522,0.075506,0.096649,0.058005
ACAAGGGCAGGCTCTG-1,0.012807,0.120739,0.350015,0.314049,0.115755,0.041572,0.039623,0.005417,0.000022
ACAATAGTCGTACGTT-1,0.037532,0.091426,0.421544,0.010954,0.112217,0.251823,0.033626,0.003893,0.036986
ACAATCCATTTAAACC-1,0.056344,0.134855,0.579056,0.000146,0.003754,0.118779,0.01525,0.004263,0.087553
ACAATCGATCTTTATA-1,0.000087,0.176675,0.001518,0.008117,0.001364,0.676176,0.053713,0.009678,0.072672
ACAATGAATACGGAGA-1,0.521417,0.038356,0.315751,0.000989,0.088608,0.013979,0.01508,0.002795,0.003025
ACAATTGTGTCTCTTT-1,0.581352,0.073383,0.117825,0.000012,0.000012,0.037825,0.006011,0.077069,0.106511
ACAATTTAGGAGGCTC-1,0.091867,0.500964,0.041905,0.000023,0.042393,0.299162,0.011107,0.009906,0.002671
ACAATTTGAGCAGTGG-1,0.00133,0.014145,0.455248,0.024172,0.108845,0.095056,0.174751,0.002065,0.124387
ACACAAAGACGGGTGG-1,0.010791,0.022193,0.231726,0.010451,0.078777,0.127765,0.518243,0.000027,0.000027
ACACACCAGGACCAGT-1,0.305029,0.062821,0.625694,0.004334,0.001095,0.000421,0.000586,0.00001,0.00001
ACACACTTTCTACACG-1,0.000066,0.000327,0.042484,0.000066,0.002389,0.097872,0.76212,0.094609,0.000066
ACACATGATCAAATCT-1,0.548098,0.016959,0.383162,0.00774,0.002938,0.004126,0.012032,0.000006,0.024939
ACACATTTCCGTAGAC-1,0.000043,0.000043,0.000086,0.025323,0.000043,0.000043,0.000043,0.000043,0.974331
ACACCCAGCATGCAGC-1,0.000066,0.000066,0.001368,0.000066,0.040999,0.128982,0.759038,0.069349,0.000066
ACACCCGAGAAATCCG-1,0.152505,0.041479,0.01314,0.000039,0.034232,0.585421,0.103394,0.069751,0.000039
ACACCGGTCTGACCGC-1,0.281615,0.004406,0.150455,0.032223,0.512742,0.000011,0.006711,0.009431,0.002406
ACACCTTAAGTAGGGC-1,0.174827,0.18901,0.402203,0.000034,0.001535,0.198806,0.025842,0.007709,0.000034
ACACCTTACTACTTGC-1,0.184037,0.18296,0.08362,0.04242,0.113355,0.134144,0.152313,0.035397,0.071754
ACACGAGACTCCTTCT-1,0.087551,0.033963,0.370488,0.05263,0.057536,0.20069,0.175868,0.000028,0.021248
ACACGGCACTATGCAT-1,0.000049,0.376784,0.001062,0.000049,0.009371,0.429208,0.020487,0.162942,0.000049
ACACGGGAACTTAGGG-1,0.114408,0.015517,0.296834,0.005634,0.046602,0.375447,0.001592,0.124166,0.019801
ACACTGATCAAGGTGT-1,0.387475,0.186166,0.173944,0.006305,0.15106,0.015819,0.000099,0.022115,0.057018
ACAGAACTGAGAACAA-1,0.022735,0.008897,0.118616,0.016209,0.61229,0.026258,0.032685,0.099305,0.063005
ACAGATTAGGTTAGTG-1,0.000078,0.01518,0.000157,0.000078,0.164263,0.680099,0.135449,0.004617,0.000078
ACAGCATAGAGCCAGT-1,0.005449,0.077537,0.083889,0.000048,0.007474,0.524182,0.170479,0.130896,0.000048
ACAGCGACATTCTCAT-1,0.37583,0.121275,0.187367,0.05775,0.007202,0.031754,0.077844,0.1402,0.000778
ACAGCGCACCCGCAGC-1,0.005377,0.218745,0.0238,0.000076,0.009552,0.116017,0.619309,0.007048,0.000076
ACAGGCACGGATCCTT-1,0.262504,0.019824,0.21162,0.057986,0.056445,0.020091,0.370114,0.001403,0.000012
ACAGGCTTGCCCGACT-1,0.328443,0.092251,0.214378,0.247724,0.000014,0.016026,0.010948,0.031729,0.058486
ACAGGTGGAGGTGAGG-1,0.451476,0.07144,0.331115,0.015149,0.099553,0.007894,0.002229,0.000013,0.02113
ACAGTAATACAACTTG-1,0.471279,0.100034,0.39169,0.000011,0.007336,0.004422,0.007295,0.000011,0.017923
ACATAATAAGGCGGTG-1,0.000033,0.009744,0.03034,0.000037,0.223817,0.371884,0.256853,0.027193,0.080099
ACATACAATCAAGCGG-1,0.156758,0.069053,0.118745,0.006077,0.109174,0.289885,0.06106,0.009533,0.179715
ACATCAGCTGGGACGC-1,0.000029,0.113449,0.006142,0.000029,0.000661,0.496214,0.224291,0.159157,0.000029
ACATCCCGGCCATACG-1,0.087536,0.000324,0.039541,0.0355,0.140839,0.011203,0.002689,0.141798,0.54057
ACATCCTGGTAACTGT-1,0.027372,0.001831,0.228845,0.153326,0.119151,0.048903,0.364587,0.055964,0.000021
ACATCGATCGTTTACC-1,0.125356,0.104841,0.096098,0.000032,0.10722,0.16121,0.00314,0.269233,0.132871
ACATCGCAATATTCGG-1,0.124823,0.034605,0.123606,0.277346,0.316724,0.030166,0.016458,0.000036,0.076234
ACATCGGTCAGCCGCG-1,0.086544,0.09415,0.589252,0.025171,0.121132,0.05016,0.026121,0.004609,0.002861
ACATCGTATGCAATGG-1,0.105226,0.145488,0.505694,0.121603,0.024785,0.040002,0.047169,0.003459,0.006573
ACATCGTTAACCTAGT-1,0.000049,0.349998,0.15726,0.000049,0.000049,0.319872,0.172626,0.000049,0.000049
ACATCTCAACGCGTAA-1,0.000138,0.000138,0.000275,0.000138,0.414598,0.37129,0.127822,0.085464,0.000138
ACATGGCGCCAAAGTA-1,0.220541,0.03266,0.694548,0.000991,0.000007,0.027517,0.012731,0.000007,0.010998
ACATTAGTTTATATCC-1,0.000104,0.000104,0.000208,0.133719,0.298832,0.000536,0.025108,0.018903,0.522486
ACATTCGCGCGGAATA-1,0.78886,0.016469,0.016738,0.001437,0.044825,0.000731,0.000534,0.057878,0.072528
ACATTTGAAACCTAAC-1,0.042923,0.102733,0.224988,0.031187,0.061544,0.295767,0.068362,0.062722,0.109773
ACCAAACTAGAAATCC-1,0.000093,0.000093,0.000187,0.000093,0.240671,0.412349,0.258554,0.022931,0.065028
ACCAACCGCACTCCAC-1,0.460202,0.100951,0.262026,0.005229,0.00173,0.029121,0.02574,0.058585,0.056417
ACCAACGCTTATTTAT-1,0.382889,0.066405,0.079371,0.070455,0.152972,0.001192,0.001931,0.015638,0.229148
ACCAAGAACGCGTGTC-1,0.003703,0.167303,0.163547,0.000039,0.032144,0.255142,0.356573,0.021509,0.000039
ACCAATATGCAAGTTA-1,0.24841,0.008861,0.000058,0.000029,0.003254,0.001436,0.000029,0.270633,0.46729
ACCACAACTCAGAACA-1,0.00004,0.13045,0.006674,0.00004,0.038688,0.417457,0.31883,0.087782,0.00004
ACCACAAGTTTCTATC-1,0.185289,0.030269,0.183737,0.006871,0.010325,0.256148,0.230247,0.035262,0.061855
ACCACACGGTTGATGG-1,0.00002,0.013621,0.054926,0.013913,0.011351,0.256636,0.051067,0.043685,0.554781
ACCACCAATGTAACAA-1,0.080061,0.091974,0.241211,0.01241,0.120237,0.232155,0.164131,0.00342,0.0544
ACCACGTGCAGCTATA-1,0.399547,0.065455,0.208812,0.001315,0.00002,0.010112,0.00002,0.146654,0.168066
ACCAGCCCGGTCTTTG-1,0.000085,0.000085,0.000171,0.000085,0.071323,0.17032,0.000085,0.757761,0.000085
ACCAGGAGTGTGATCT-1,0.0001,0.18487,0.000199,0.053093,0.001914,0.371817,0.355188,0.0001,0.032721
ACCAGTGCCCGGTCAA-1,0.000076,0.000076,0.000151,0.000076,0.001231,0.202788,0.46557,0.329957,0.000076
ACCAGTGCGGGAGACG-1,0.22836,0.076514,0.629062,0.009074,0.021686,0.018769,0.016513,0.000011,0.000011
ACCATATCCGCAATAA-1,0.00003,0.016993,0.094366,0.052153,0.314156,0.278954,0.185129,0.058189,0.00003
ACCATCCGCCAACTAG-1,0.033612,0.123242,0.280955,0.01143,0.136071,0.037264,0.35021,0.027183,0.000032
ACCATCGTATATGGTA-1,0.164192,0.025489,0.749702,0.000515,0.013193,0.036658,0.009428,0.000017,0.000807
ACCCAACGCCCGTGGC-1,0.00002,0.017337,0.348014,0.016282,0.113293,0.131952,0.22972,0.126824,0.016557
ACCCACCTACATGCTC-1,0.006961,0.192756,0.361532,0.007724,0.001741,0.310686,0.118534,0.000032,0.000032
ACCCATCTTGAGGGTA-1,0.154417,0.013292,0.328199,0.000076,0.025098,0.357436,0.089604,0.002091,0.029786
ACCCATTTGTCCCTCT-1,0.045584,0.03485,0.13576,0.285547,0.026781,0.022808,0.435904,0.011892,0.000873
ACCCGAGCGAAATTAC-1,0.378401,0.061151,0.178741,0.329729,0.00001,0.027136,0.00001,0.024813,0.00001
ACCCGATTGGTTCCGA-1,0.000036,0.000036,0.000071,0.175296,0.204273,0.000036,0.085234,0.13232,0.402699
ACCCGGAAACTCCCAG-1,0.132414,0.004114,0.05907,0.00003,0.00003,0.00003,0.00003,0.236467,0.567816
ACCCGGATGACGCATC-1,0.084111,0.001192,0.383517,0.065756,0.021501,0.033352,0.410525,0.000023,0.000023
ACCCGGTTACACTTCC-1,0.292497,0.229585,0.306158,0.02789,0.003723,0.054957,0.002033,0.004192,0.078965
ACCCGTGTCATCAGTA-1,0.507015,0.028887,0.003838,0.000786,0.003157,0.000031,0.000031,0.140939,0.315317
ACCCTATGCCATATCG-1,0.133788,0.049438,0.31739,0.117648,0.25837,0.002177,0.049752,0.001687,0.069749
ACCCTCCCGTCAGGGC-1,0.125772,0.019982,0.202034,0.103673,0.065183,0.050631,0.191678,0.135167,0.105879
ACCCTCCCTTGCTATT-1,0.009681,0.062171,0.127156,0.308433,0.112195,0.169934,0.151095,0.013104,0.046231
ACCCTTCATCTGCGAA-1,0.000111,0.000111,0.000221,0.089749,0.034577,0.058494,0.772408,0.000111,0.044219
ACCCTTTAGTTCTCCA-1,0.054162,0.253663,0.03081,0.000054,0.0066,0.277579,0.377025,0.000054,0.000054
ACCGAAAGGGCCCTGC-1,0.064494,0.272921,0.017191,0.002015,0.05548,0.09601,0.491302,0.000542,0.000045
ACCGACACATCTCCCA-1,0.136012,0.015236,0.073435,0.027027,0.000023,0.000023,0.001416,0.000023,0.746805
ACCGACTGAGTCCCAC-1,0.000034,0.011373,0.455303,0.033381,0.027641,0.27432,0.132858,0.007532,0.057558
ACCGAGTCTCCTTATT-1,0.174143,0.017764,0.094622,0.00605,0.00002,0.00002,0.00002,0.00002,0.70734
ACCGATGGTAGCATCG-1,0.002791,0.021942,0.594205,0.085745,0.051198,0.163802,0.075377,0.000527,0.004413
ACCGCAATAACTGCCT-1,0.100037,0.021033,0.120069,0.065705,0.08259,0.020455,0.054905,0.191547,0.343659
ACCGCGGTGGAAGTCG-1,0.445169,0.051991,0.116786,0.000016,0.064236,0.166437,0.04004,0.046529,0.068796
ACCGCTAGTCATTGGT-1,0.561672,0.0062,0.000063,0.024352,0.002586,0.000032,0.000032,0.087915,0.317148
ACCGGGCCTTTGTTGA-1,0.036807,0.047835,0.350912,0.196777,0.033509,0.155818,0.1002,0.066424,0.011718
ACCGGTCAGGTACACC-1,0.199211,0.042187,0.099396,0.003053,0.197609,0.06343,0.021165,0.366699,0.00725
ACCGTGACCACGTGGG-1,0.422397,0.017194,0.007419,0.139668,0.323076,0.000025,0.00282,0.086923,0.000477
ACCGTTCCCGCTCTGA-1,0.000132,0.000132,0.000264,0.000132,0.349251,0.371563,0.168508,0.109885,0.000132
ACCTAAGTACCTTTCA-1,0.319086,0.02475,0.404578,0.038605,0.118016,0.006475,0.009461,0.00002,0.079008
ACCTAATCGACTTCCT-1,0.138462,0.417505,0.262561,0.000021,0.000021,0.058887,0.001302,0.121219,0.000021
ACCTACAGTATGTGGT-1,0.18077,0.165318,0.1667,0.000568,0.123042,0.191507,0.120221,0.021653,0.030221
ACCTACTATAAATCTA-1,0.000019,0.000019,0.000037,0.000019,0.000019,0.000019,0.000019,0.000019,0.999833
ACCTCAGCGAGGCGCA-1,0.015275,0.206294,0.246269,0.000027,0.000182,0.449636,0.007678,0.011796,0.062843
ACCTCCGTTATTCACC-1,0.040319,0.12076,0.140505,0.036126,0.161675,0.149186,0.151478,0.051228,0.148723
ACCTGCGTGTCATGTT-1,0.000032,0.022612,0.054664,0.000032,0.333257,0.061563,0.094433,0.259429,0.173978
ACGAAATGGGCGGCAC-1,0.000024,0.211973,0.318257,0.000024,0.093754,0.226646,0.142841,0.006457,0.000024
ACGACTCTAGGGCCGA-1,0.443566,0.14961,0.114822,0.019101,0.021118,0.017595,0.026927,0.150024,0.057236
ACGACTGGTCATACTC-1,0.189568,0.023619,0.191205,0.339193,0.209185,0.000605,0.046591,0.000017,0.000017
ACGAGAACCCATCACG-1,0.000058,0.404359,0.058308,0.000058,0.006279,0.315565,0.024211,0.13509,0.056071
ACGAGATATTTGCTTA-1,0.069447,0.553717,0.149015,0.000045,0.000667,0.086072,0.140948,0.000045,0.000045
ACGAGGATACCACTCT-1,0.361115,0.051026,0.472412,0.012921,0.033208,0.012193,0.024167,0.000014,0.032945
ACGAGGTTTACAACGT-1,0.17328,0.169693,0.208358,0.00001,0.21104,0.032797,0.049044,0.155767,0.00001
ACGAGTACGGATGCCC-1,0.015526,0.036066,0.630983,0.001543,0.000165,0.13589,0.07874,0.099769,0.001318
ACGATACATAGAACTA-1,0.006315,0.005835,0.146674,0.001002,0.02001,0.475906,0.009914,0.267037,0.067307
ACGATCATACATAGAG-1,0.023303,0.087936,0.328005,0.117192,0.02164,0.127287,0.282824,0.000206,0.011606
ACGATCATCTTGTAAA-1,0.102824,0.025624,0.775914,0.009941,0.007378,0.02922,0.049071,0.000014,0.000014
ACGATGCATATGTTAT-1,0.000041,0.000041,0.026645,0.003467,0.211513,0.170364,0.386196,0.13149,0.070242
ACGATGGATCCGATGC-1,0.020779,0.486709,0.149765,0.000038,0.011479,0.313451,0.017702,0.000038,0.000038
ACGCAAACTAATAGAT-1,0.15995,0.00003,0.000059,0.00003,0.079166,0.00003,0.00003,0.00003,0.760677
ACGCAATCACTACAGC-1,0.113279,0.037947,0.149844,0.001913,0.034518,0.209074,0.167892,0.020173,0.26536
ACGCATACGTTTACTA-1,0.00613,0.017304,0.090498,0.190667,0.042941,0.217344,0.24761,0.040339,0.147167
ACGCATTCGTGAGTAC-1,0.002168,0.040988,0.73419,0.022038,0.003758,0.093643,0.064177,0.000024,0.039014
ACGCCACTCGAAACAG-1,0.000026,0.003201,0.015132,0.074261,0.032687,0.000026,0.001407,0.000026,0.873234
ACGCCAGATGATTTCT-1,0.010293,0.084331,0.742602,0.000019,0.000877,0.145148,0.016691,0.000019,0.000019
ACGCCAGTGCGTTTGC-1,0.037049,0.057935,0.235647,0.027068,0.071227,0.299784,0.108646,0.050238,0.112405
ACGCCCAGCTGTCGAT-1,0.000098,0.000098,0.000196,0.000098,0.000098,0.261452,0.064541,0.673321,0.000098
ACGCCGCTAGACGACC-1,0.352351,0.242414,0.168032,0.067593,0.054865,0.030376,0.015507,0.000028,0.068834
ACGCGAAGTCAGACGA-1,0.106851,0.13241,0.213325,0.375661,0.017802,0.00746,0.000055,0.018272,0.128165
ACGCGCTACACAGGGT-1,0.088043,0.029516,0.697684,0.00877,0.072818,0.052545,0.050598,0.000014,0.000014
ACGCGGGCCAAGGACA-1,0.002931,0.074812,0.224728,0.04419,0.163013,0.191013,0.240051,0.059229,0.000034
ACGCTAGTGATACACT-1,0.004113,0.133744,0.331113,0.026135,0.030995,0.144535,0.297935,0.031398,0.00003
ACGCTGTGAGGCGTAG-1,0.071748,0.141852,0.123595,0.004208,0.182136,0.25653,0.119198,0.090383,0.010351
ACGCTTAGTGTCTCTC-1,0.000157,0.000157,0.000314,0.000157,0.320471,0.002789,0.466676,0.209123,0.000157
ACGGAACACGAGTGCC-1,0.033993,0.091689,0.263043,0.019491,0.128182,0.282862,0.074485,0.035239,0.071016
ACGGAATTTAGCAAAT-1,0.000082,0.000082,0.000163,0.000082,0.182399,0.265154,0.095303,0.456655,0.000082
ACGGACTCTCAAAGCG-1,0.009983,0.000039,0.011898,0.141817,0.000129,0.000041,0.026119,0.238873,0.571101
ACGGAGCGCAAATTAC-1,0.0964,0.156924,0.117699,0.000024,0.063097,0.42152,0.107885,0.012354,0.024096
ACGGATGGTGCGGATA-1,0.194096,0.021655,0.019023,0.080485,0.027752,0.00137,0.012255,0.105786,0.537577
ACGGCACTTGCTTGGG-1,0.000073,0.000073,0.000145,0.037624,0.293148,0.000073,0.010606,0.057785,0.600474
ACGGCCAACATGGACT-1,0.046253,0.002291,0.000108,0.268633,0.417968,0.000054,0.002157,0.052238,0.210297
ACGGCGACGATGGGAA-1,0.067639,0.143572,0.11428,0.039915,0.012704,0.054634,0.022935,0.140665,0.403655
ACGGGAGTGTCGGCCC-1,0.201125,0.070565,0.32732,0.006097,0.280884,0.065503,0.030312,0.017151,0.001042
ACGGTACAGTTCAATG-1,0.103147,0.056361,0.309867,0.215202,0.051553,0.031111,0.115652,0.114373,0.002734
ACGTACAGATTTCTCT-1,0.039267,0.049538,0.362726,0.000039,0.000039,0.479097,0.001183,0.068073,0.000039
ACGTACTTTGGCACGG-1,0.691389,0.037269,0.04862,0.035054,0.000015,0.000015,0.000015,0.000015,0.187606
ACGTAGATTGCTGATG-1,0.008493,0.167877,0.568679,0.074847,0.013283,0.089135,0.063266,0.009341,0.005079
ACGTAGGAGAGTCGCT-1,0.000024,0.000024,0.000048,0.000024,0.000024,0.000024,0.000024,0.001816,0.997992
ACGTATTACTCCGATC-1,0.004546,0.001497,0.220304,0.175006,0.030874,0.048629,0.284325,0.178392,0.056428
ACGTGCGCCTCGTGCA-1,0.000052,0.107319,0.394967,0.000052,0.004671,0.123451,0.369386,0.000052,0.000052
ACGTGGTCGAATGTGC-1,0.000138,0.000138,0.000275,0.000138,0.046597,0.315559,0.412058,0.13817,0.086927
ACGTTAATGTCGAAGA-1,0.14992,0.324146,0.369448,0.08134,0.06546,0.007405,0.002242,0.000019,0.000019
ACGTTAGATTTGCCCG-1,0.113072,0.018831,0.541265,0.000019,0.020805,0.212216,0.000352,0.082664,0.010775
ACGTTCACTATGCCGC-1,0.038029,0.007925,0.014406,0.005201,0.005085,0.009342,0.00352,0.048466,0.868027
ACGTTCCGCGCTCCGT-1,0.041294,0.678983,0.040991,0.000041,0.009017,0.133214,0.025998,0.022512,0.04795
ACGTTCGTTCAGGAAA-1,0.694645,0.003762,0.000051,0.000029,0.023123,0.000026,0.000026,0.18274,0.0956
ACGTTCTGTACAAGTC-1,0.093265,0.019992,0.032338,0.158556,0.060411,0.00513,0.567714,0.012563,0.05003
ACGTTGTCGTTGAAAG-1,0.313549,0.006471,0.03508,0.341003,0.045818,0.002591,0.0264,0.000047,0.22904
ACGTTTAGTTGTGATC-1,0.000078,0.113779,0.195036,0.000078,0.014697,0.047458,0.615344,0.013453,0.000078
ACTAATACGTCAGGCG-1,0.05065,0.626452,0.283062,0.008046,0.00003,0.019074,0.012625,0.00003,0.00003
ACTACAAAGAGAGGTG-1,0.078809,0.000025,0.000954,0.005388,0.020664,0.000025,0.000025,0.000025,0.894085
ACTACATCCCGACAAG-1,0.174426,0.009383,0.201501,0.018012,0.436634,0.032152,0.021465,0.099514,0.006913
ACTACCAGCTCTCTGG-1,0.033185,0.24211,0.682037,0.000016,0.000016,0.042589,0.000016,0.000016,0.000016
ACTACCATCCGAGGGC-1,0.202086,0.0548,0.045176,0.217997,0.420623,0.0012,0.007989,0.003687,0.046441
ACTACGCGTTAGAATT-1,0.242784,0.008442,0.00006,0.00003,0.00003,0.00003,0.00003,0.042604,0.705992
ACTAGTTGCGATCGTC-1,0.096307,0.007826,0.308459,0.077359,0.065585,0.069703,0.218317,0.083534,0.07291
ACTATATGCTGTGTTC-1,0.13787,0.12529,0.118434,0.00016,0.000042,0.071364,0.546757,0.000042,0.000042
ACTATCCAGGGCATGG-1,0.125574,0.084791,0.207886,0.002454,0.125356,0.262228,0.093874,0.010494,0.087343
ACTATGTCCAGCTGCC-1,0.22657,0.000017,0.00015,0.003676,0.319723,0.000017,0.004398,0.290911,0.154537
ACTATTCGTCCGTGGT-1,0.000082,0.000083,0.085464,0.009915,0.057161,0.525621,0.240566,0.009844,0.071265
ACTATTTCCGGGCCCA-1,0.496186,0.129108,0.056325,0.175711,0.136356,0.000031,0.006222,0.000031,0.000031
ACTCAACGAATGTATT-1,0.0108,0.327856,0.078555,0.000065,0.000065,0.457362,0.000065,0.070206,0.055026
ACTCAAGTGCAAGGCT-1,0.382538,0.127785,0.220718,0.099853,0.000014,0.003337,0.000559,0.019232,0.145963
ACTCAATAAAGGCACG-1,0.000032,0.012308,0.220985,0.007069,0.13821,0.163769,0.313717,0.143878,0.000032
ACTCAGACCTGCTTCT-1,0.000092,0.000092,0.000185,0.000092,0.348704,0.253025,0.351307,0.000092,0.046409
ACTCATGGCAGCCTTC-1,0.325767,0.000019,0.000037,0.000707,0.58248,0.000019,0.000019,0.000019,0.090935
ACTCCAATATCATCAT-1,0.794172,0.019297,0.073314,0.002376,0.004549,0.004319,0.010469,0.014777,0.076727
ACTCCCATTCCTAAAG-1,0.007188,0.089424,0.301425,0.020541,0.401142,0.056473,0.123752,0.000027,0.000027
ACTCCCGAATTCGTTT-1,0.044167,0.021972,0.080865,0.031987,0.058379,0.175515,0.535211,0.034211,0.017694
ACTCCCTAATGCTAAA-1,0.025464,0.035344,0.16776,0.070177,0.000026,0.002424,0.000026,0.000026,0.698754
ACTCCCTAGAATAGTA-1,0.000081,0.000081,0.000163,0.312372,0.113257,0.000081,0.204101,0.042708,0.327155
ACTCCGGCCGACCACT-1,0.356817,0.110846,0.033527,0.040785,0.048902,0.036444,0.118912,0.087153,0.166614
ACTCGTAACCCGTCCT-1,0.302824,0.017699,0.332448,0.01769,0.275626,0.01409,0.023429,0.007332,0.008862
ACTCGTCAGTAATCCC-1,0.16582,0.073728,0.264861,0.008061,0.043953,0.254517,0.027917,0.000025,0.161117
ACTCTCTGACTTAGGT-1,0.000067,0.000067,0.000134,0.121612,0.209206,0.000072,0.54903,0.119744,0.000067
ACTCTCTTATACACGA-1,0.000039,0.258196,0.450913,0.000039,0.003009,0.166877,0.12085,0.000039,0.000039
ACTCTGACCTAATAGA-1,0.506651,0.050505,0.157807,0.033643,0.049544,0.035311,0.059201,0.105695,0.001642
ACTCTTGTATAGTAAC-1,0.271467,0.116803,0.290393,0.078746,0.025988,0.121554,0.071669,0.000026,0.023355
ACTGAAACGCCGTTAG-1,0.043938,0.0104,0.012939,0.233564,0.196109,0.051787,0.318863,0.063302,0.069099
ACTGAATGGCGAAAGT-1,0.000024,0.125875,0.073606,0.398025,0.217431,0.092506,0.049308,0.009959,0.033264
ACTGATTTAGTGATTC-1,0.000088,0.000088,0.000176,0.000088,0.015588,0.603796,0.000088,0.271288,0.108799
ACTGCCCGCCATTCTC-1,0.750061,0.039657,0.145878,0.034907,0.001752,0.00001,0.00449,0.009605,0.01364
ACTGCCGTCGTAACTC-1,0.000079,0.029444,0.005604,0.000079,0.020644,0.105491,0.598373,0.240209,0.000079
ACTGGGATGCCAGTGC-1,0.107301,0.012399,0.098533,0.000023,0.000023,0.051716,0.000023,0.000636,0.729347
ACTGTACGATACACAT-1,0.000046,0.000046,0.129974,0.076732,0.206488,0.250789,0.30425,0.000046,0.031629
