Barcode,Topic 1,Topic 2,Topic 3,Topic 4,Topic 5,Topic 6,Topic 7to10
AAACAACGAATAGTTC-1,0.073598,0.000006,0.000039,0.000158,0.383965,0.007849,0.534385
AAACAAGTATCTCCCA-1,0.00002,0.00002,0.150404,0.018447,0.471594,0.250551,0.108964
AAACAATCTACTAGCA-1,0.00003,0.024634,0.139809,0.38626,0.00003,0.37783,0.071406
AAACACCAATAACTGC-1,0.016003,0.012162,0.066512,0.185881,0.159507,0.109716,0.450219
AAACAGAGCGACTCCT-1,0.000047,0.000047,0.076194,0.587946,0.118178,0.000047,0.217542
AAACAGCTTTCAGAAG-1,0.000032,0.17112,0.001454,0.571772,0.000032,0.132997,0.122592
AAACAGGGTCTATATT-1,0.030073,0.075556,0.072508,0.42974,0.000031,0.358643,0.03345
AAACAGTGTTCCTGGG-1,0.334179,0.416314,0.195454,0.052288,0.0016,0.000033,0.000132
AAACATGGTGAGAGGA-1,0.058945,0.045929,0.152459,0.267459,0.245285,0.003384,0.226539
AAACATTTCCCGGATT-1,0.003839,0.019705,0.074498,0.380823,0.316924,0.003132,0.201079
AAACCACTACACAGAT-1,0.000476,0.000011,0.000011,0.000011,0.767278,0.000109,0.232104
AAACCCGAACGAAATC-1,0.164605,0.000039,0.761653,0.000039,0.000039,0.033303,0.040321
AAACCGGAAATGTTAA-1,0.011748,0.000015,0.082352,0.036465,0.838538,0.003258,0.027624
AAACCGGGTAGGTACC-1,0.012663,0.704458,0.000907,0.270462,0.000045,0.000045,0.01142
AAACCGTTCGTCCAGG-1,0.264616,0.291462,0.065975,0.000023,0.032554,0.08061,0.264759
AAACCTAAGCAGCCGG-1,0.000056,0.03462,0.236863,0.345405,0.043458,0.180484,0.159112
AAACCTCATGAAGTTG-1,0.271131,0.081324,0.008192,0.001277,0.001976,0.316182,0.319917
AAACGAAGAACATACC-1,0.000032,0.019703,0.029911,0.8039,0.002674,0.056835,0.086944
AAACGAAGATGGAGTA-1,0.01182,0.084572,0.020316,0.178904,0.053165,0.012509,0.638714
AAACGACAGTCTTGCC-1,0.001676,0.031253,0.483278,0.098428,0.223621,0.135417,0.026328
AAACGAGACGGTTGAT-1,0.002884,0.11784,0.000018,0.256196,0.005862,0.052961,0.56424
AAACGCCCGAGATCGG-1,0.02456,0.000106,0.695847,0.278851,0.000106,0.000106,0.000424
AAACGCTGGGCACGAC-1,0.000011,0.000011,0.054813,0.019116,0.71527,0.0081,0.20268
AAACGGGCGTACGGGT-1,0.066639,0.000021,0.079291,0.272213,0.384355,0.000021,0.19746
AAACGGGTTGGTATCC-1,0.272072,0.000019,0.10577,0.122838,0.293152,0.017011,0.189139
AAACGGTTGCGAACTG-1,0.14534,0.134524,0.049163,0.244127,0.067409,0.034413,0.325024
AAACGTGTTCGCCCTA-1,0.000016,0.000016,0.099035,0.000016,0.617142,0.245038,0.038737
AAACTAACGTGGCGAC-1,0.000086,0.000086,0.669094,0.241668,0.088638,0.000086,0.000343
AAACTCGGTTCGCAAT-1,0.051211,0.001243,0.010165,0.436187,0.057598,0.12285,0.320746
AAACTCGTGATATAAG-1,0.000062,0.031235,0.945171,0.023158,0.000062,0.000062,0.00025
AAACTGCTGGCTCCAA-1,0.058606,0.119826,0.004081,0.602677,0.000646,0.000034,0.21413
AAACTTAATTGCACGC-1,0.061456,0.003886,0.010839,0.31172,0.185938,0.051499,0.374663
AAACTTGCAAACGTAT-1,0.000024,0.210956,0.051158,0.267418,0.000024,0.235001,0.23542
AAAGAATGACCTTAGA-1,0.019405,0.00001,0.027804,0.200913,0.483009,0.003412,0.265447
AAAGAATGTGGACTAA-1,0.000024,0.000024,0.183125,0.335634,0.463227,0.000024,0.017943
AAAGACATGAAGTTTA-1,0.038834,0.155615,0.802338,0.002932,0.000047,0.000047,0.000187
AAAGACCCAAGTCGCG-1,0.00001,0.021664,0.00001,0.006198,0.001438,0.021392,0.949288
AAAGACTGGGCGCTTT-1,0.000007,0.000007,0.000007,0.000007,0.075938,0.000007,0.924025
AAAGCTTGCCTACATA-1,0.028675,0.033425,0.065214,0.021394,0.625835,0.04825,0.177209
AAAGGCCCTATAATAC-1,0.079426,0.202945,0.013557,0.146096,0.297907,0.001238,0.258831
AAAGGCTACGGACCAT-1,0.000046,0.169593,0.205403,0.508215,0.000049,0.000046,0.116648
AAAGGCTCTCGCGCCG-1,0.065957,0.000022,0.0323,0.153393,0.139193,0.000022,0.609113
AAAGGGATGTAGCAAG-1,0.000033,0.042132,0.119481,0.173309,0.000033,0.522107,0.142906
AAAGGGCAGCTTGAAT-1,0.001585,0.066566,0.019794,0.023777,0.078109,0.041317,0.768852
AAAGGTAAGCTGTACC-1,0.117911,0.018412,0.477374,0.385666,0.000106,0.000106,0.000424
AAAGGTCAACGACATG-1,0.116426,0.000041,0.363404,0.00235,0.317425,0.009533,0.190821
AAAGTAGCATTGCTCA-1,0.000047,0.325967,0.000047,0.358497,0.037566,0.00068,0.277197
AAAGTCACTGATGTAA-1,0.053602,0.166812,0.103331,0.124456,0.000029,0.475265,0.076504
AAAGTCGACCCTCAGT-1,0.047545,0.016481,0.00001,0.016067,0.064998,0.018204,0.836694
AAAGTGCCATCAATTA-1,0.000026,0.000026,0.18243,0.143282,0.609189,0.000026,0.065022
AAAGTGTGATTTATCT-1,0.000049,0.000049,0.17206,0.44812,0.028262,0.21309,0.13837
AAAGTTGACTCCCGTA-1,0.103788,0.000064,0.163553,0.455252,0.080804,0.00303,0.193509
AAATAACCATACGGGA-1,0.000029,0.000029,0.032883,0.419919,0.230503,0.041558,0.275078
AAATAAGGTAGTGCCC-1,0.092866,0.000046,0.899972,0.000046,0.000046,0.006837,0.000186
AAATACCTATAAGCAT-1,0.020266,0.035856,0.137946,0.074218,0.012625,0.54923,0.169859
AAATAGCTTAGACTTT-1,0.000062,0.144908,0.563049,0.229443,0.000062,0.055539,0.006938
AAATAGGGTGCTATTG-1,0.000028,0.073287,0.067573,0.425906,0.000028,0.279307,0.153873
AAATCACTCCTAAACG-1,0.000029,0.000029,0.293156,0.017691,0.409241,0.151768,0.128087
AAATCCGATACACGCC-1,0.002285,0.041816,0.251075,0.539066,0.026024,0.018742,0.120992
AAATCGCGGAAGGAGT-1,0.000013,0.021635,0.024474,0.163639,0.138203,0.131552,0.520484
AAATCGTGTACCACAA-1,0.068151,0.282711,0.000023,0.062637,0.074892,0.010171,0.501416
AAATCTAGCCCTGCTA-1,0.000034,0.008686,0.193098,0.406041,0.226293,0.074461,0.091387
AAATCTGCCCGCGTCC-1,0.041486,0.000024,0.307235,0.387511,0.185801,0.000024,0.07792
AAATGACTGATCAAAC-1,0.010327,0.085872,0.123916,0.212631,0.275788,0.03068,0.260786
AAATGATTCGATCAGC-1,0.001094,0.032498,0.580742,0.271283,0.000097,0.000097,0.11419
AAATGCTCGTTACGTT-1,0.000046,0.105459,0.000046,0.594535,0.000046,0.025461,0.274408
AAATGGCATGTCTTGT-1,0.012164,0.035908,0.063107,0.113129,0.078804,0.112414,0.584474
AAATGGCCCGTGCCCT-1,0.049916,0.005552,0.193942,0.223106,0.039299,0.167055,0.32113
AAATGGTCAATGTGCC-1,0.009199,0.146797,0.002419,0.117551,0.05901,0.000026,0.664999
AAATGTATCTTATCCC-1,0.000026,0.046871,0.007392,0.394349,0.000026,0.35079,0.200546
AAATGTGGGTGCTCCT-1,0.000029,0.00912,0.158543,0.446961,0.107412,0.033383,0.244553
AAATTAACGGGTAGCT-1,0.000025,0.090294,0.001017,0.302074,0.000562,0.029599,0.576427
AAATTAATAAGCGCGA-1,0.034279,0.114679,0.090285,0.478696,0.000031,0.165664,0.116366
AAATTACACGACTCTG-1,0.000021,0.000021,0.071878,0.107711,0.053177,0.202429,0.564762
AAATTACCTATCGATG-1,0.000034,0.018384,0.078146,0.329788,0.119846,0.037102,0.416699
AAATTCCAGGTCCAAA-1,0.034524,0.057872,0.626963,0.110663,0.00006,0.032526,0.137393
AAATTGATAGTCCTTT-1,0.057418,0.859399,0.040958,0.041784,0.000073,0.000073,0.000294
AAATTGCGGCGGTTCT-1,0.000013,0.029744,0.026396,0.033391,0.005225,0.234792,0.670438
AAATTGGTGAGAAGCA-1,0.000036,0.000036,0.112838,0.158613,0.499199,0.037369,0.191908
AAATTTACCGAAATCC-1,0.007376,0.004356,0.180314,0.189249,0.501451,0.01908,0.098175
AAATTTGCGGGTGTGG-1,0.192632,0.779757,0.000024,0.000024,0.000024,0.000024,0.027514
AACAACTGGTAGTTGC-1,0.213117,0.428882,0.175091,0.002792,0.000038,0.147038,0.033042
AACAATACATTGTCGA-1,0.387523,0.552869,0.000016,0.000016,0.017591,0.000995,0.040991
AACAATTACTCTACGC-1,0.171772,0.020768,0.260456,0.041422,0.000031,0.067195,0.438356
AACACACGCTCGCCGC-1,0.00002,0.022149,0.034853,0.108463,0.30963,0.031977,0.492907
AACACGACTGTACTGA-1,0.157636,0.069891,0.029107,0.060235,0.173897,0.202247,0.306988
AACACGAGACGCGGCC-1,0.000033,0.228185,0.000353,0.453043,0.000033,0.00771,0.310643
AACACGCGGCCGCGAA-1,0.045234,0.016543,0.212443,0.011567,0.003543,0.648888,0.061782
AACAGCTGTGTGGCAA-1,0.14839,0.741871,0.107895,0.000032,0.000032,0.00165,0.000129
AACAGGAAATCGAATA-1,0.025982,0.000025,0.025263,0.255474,0.037778,0.022959,0.632518
AACAGGATGGGCCGCG-1,0.031014,0.074396,0.021085,0.011107,0.137005,0.002679,0.722715
AACAGGTAGTATGGAT-1,0.05312,0.055033,0.187329,0.096413,0.055327,0.156162,0.396615
AACATAGCGTGTATCG-1,0.070955,0.000011,0.214746,0.003076,0.26,0.029647,0.421565
AACATATCAACTGGTG-1,0.000037,0.000037,0.170875,0.414073,0.127128,0.063562,0.224287
AACATCGATACGTCTA-1,0.404248,0.000048,0.47921,0.000048,0.000048,0.000048,0.116351
AACATTGAAGTTGATC-1,0.017494,0.408276,0.000047,0.416585,0.127266,0.000047,0.030286
AACATTGGTCAGCCGT-1,0.000023,0.028494,0.012088,0.171397,0.000079,0.093372,0.694548
AACATTGTGACTCGAG-1,0.179967,0.179852,0.141864,0.064229,0.066009,0.107967,0.260112
AACCAAGACTTCTCTG-1,0.154292,0.025984,0.010743,0.00001,0.049566,0.087234,0.672172
AACCAGTATCACTCTT-1,0.000079,0.000079,0.35807,0.542229,0.099145,0.000079,0.000318
AACCATAGGGTTGAAC-1,0.021935,0.020139,0.009008,0.163545,0.180392,0.006305,0.598676
AACCATGGGATCGCTA-1,0.045237,0.20607,0.000891,0.000014,0.000949,0.115601,0.631237
AACCCAGAGACGGAGA-1,0.013159,0.00092,0.019998,0.000013,0.092105,0.111974,0.761831
AACCCATCCCATGATC-1,0.118545,0.000076,0.192868,0.194882,0.098429,0.000076,0.395124
AACCCGACAACCCGTG-1,0.377549,0.395194,0.039666,0.000021,0.068176,0.035543,0.083852
AACCCGAGCAGAATCG-1,0.12348,0.000057,0.673449,0.129115,0.018489,0.000057,0.055353
AACCCGATAGGGCTTC-1,0.000021,0.000021,0.029261,0.069074,0.597302,0.008343,0.295977
AACCCGCTGTATTCCA-1,0.073511,0.000011,0.010786,0.033685,0.549404,0.000183,0.33242
AACCCTACTGTCAATA-1,0.000021,0.004446,0.010424,0.190686,0.118344,0.034149,0.64193
AACCCTGGTGGAACCA-1,0.008798,0.000021,0.062296,0.25339,0.228664,0.038946,0.407884
AACCGAGCTTGGTCAT-1,0.000029,0.076224,0.022969,0.333192,0.005909,0.082458,0.479219
AACCGCTAAGGGATGC-1,0.004543,0.000014,0.045834,0.005527,0.05411,0.565164,0.324809
AACCGTTGTGTTTGCT-1,0.074041,0.044236,0.000034,0.309523,0.055873,0.020829,0.495463
AACCTAAAGCCGTCCG-1,0.000018,0.000018,0.125216,0.100041,0.431513,0.092183,0.25101
AACCTCGCTTTAGCCC-1,0.000029,0.023901,0.083119,0.405304,0.096396,0.133882,0.257369
AACCTGTCACGGAATT-1,0.000044,0.019234,0.74205,0.139914,0.000044,0.098535,0.000178
AACCTTTAAATACGGT-1,0.034657,0.177414,0.049151,0.173207,0.020493,0.243484,0.301596
AACCTTTACGACGTCT-1,0.000027,0.000027,0.000028,0.104011,0.326348,0.031212,0.538347
AACGAAAGTCGTCCCA-1,0.014835,0.000019,0.031281,0.48653,0.108901,0.02578,0.332655
AACGACCTCCTAGCCG-1,0.039926,0.005286,0.868254,0.014598,0.05284,0.005806,0.013289
AACGATAATGCCGTAG-1,0.000031,0.051071,0.030363,0.495308,0.000031,0.208826,0.21437
AACGATAGAAGGGCCG-1,0.000033,0.126235,0.000033,0.502943,0.000033,0.005494,0.365229
AACGATATGTCAACTG-1,0.025939,0.005777,0.019344,0.003206,0.039899,0.279993,0.625843
AACGCATGATCTGGGT-1,0.000075,0.102994,0.673051,0.200769,0.000075,0.022736,0.0003
AACGCGAACGGCAACA-1,0.227798,0.118498,0.006424,0.211992,0.045047,0.001221,0.389019
AACGCGACCTTGGGCG-1,0.3651,0.146598,0.107866,0.172647,0.006632,0.089266,0.11189
AACGCGGTCTCCAGCC-1,0.007208,0.012952,0.063359,0.007702,0.004423,0.232577,0.67178
AACGCTGTTGCTGAAA-1,0.01906,0.099827,0.108202,0.307223,0.163469,0.092888,0.209332
AACGGACGTACGTATA-1,0.000048,0.080191,0.2464,0.436262,0.000048,0.22661,0.01044
AACGGCCATCTCCGGT-1,0.175634,0.702572,0.059214,0.000033,0.001335,0.054584,0.006629
AACGTACTGTGGGTAC-1,0.194742,0.804976,0.000035,0.000035,0.000035,0.000035,0.000141
AACGTAGTCTACCCAT-1,0.133449,0.000027,0.000027,0.141299,0.458215,0.000027,0.266955
AACGTCAGACTAGTGG-1,0.000039,0.171703,0.000039,0.285828,0.000039,0.000039,0.542313
AACGTCATCCGGCTTG-1,0.000014,0.057648,0.051251,0.229455,0.31617,0.002805,0.342657
AACGTCGCTGCACTTC-1,0.237707,0.000043,0.656272,0.000043,0.105722,0.000043,0.000171
AACGTGATGAAGGACA-1,0.000041,0.000041,0.068439,0.27347,0.249022,0.000041,0.408946
AACGTGCGAAAGTCTC-1,0.000028,0.09231,0.006874,0.334785,0.000028,0.174389,0.391586
AACGTTATCAGCACCT-1,0.026197,0.039312,0.018286,0.159125,0.0215,0.094554,0.641025
AACGTTCTACCATTGT-1,0.000023,0.000023,0.525403,0.259607,0.20341,0.006049,0.005485
AACTACCCGTTTGTCA-1,0.038254,0.064547,0.162483,0.092115,0.076603,0.178271,0.387728
AACTAGCGTATCGCAC-1,0.042841,0.057367,0.109749,0.366972,0.000048,0.316013,0.10701
AACTAGGCTTGGGTGT-1,0.000035,0.078533,0.278738,0.127423,0.008732,0.303199,0.20334
AACTCAAGTTAATTGC-1,0.026067,0.698941,0.000029,0.009281,0.099656,0.000029,0.165998
AACTCCAGAGCGTGTT-1,0.000043,0.019223,0.184265,0.5393,0.102425,0.002678,0.152065
AACTCCTAATCCCATG-1,0.000019,0.000019,0.000652,0.10239,0.314087,0.009845,0.572987
AACTCGATAAACACGT-1,0.000017,0.009234,0.000017,0.299176,0.000017,0.002413,0.689125
AACTCGATGGCGCAGT-1,0.000036,0.129399,0.00038,0.449215,0.000757,0.025628,0.394585
AACTCTCAATAGAGCG-1,0.000057,0.000361,0.264598,0.421853,0.000737,0.216066,0.096326
AACTCTCAGTGTGCTC-1,0.141256,0.596584,0.014669,0.122346,0.120271,0.000058,0.004816
AACTGAGGTCAGCGTC-1,0.000086,0.000086,0.692331,0.100585,0.161987,0.044579,0.000346
AACTGAGTTATACTGA-1,0.000049,0.000049,0.482177,0.127746,0.368217,0.010409,0.011353
AACTGATATTAGGCCT-1,0.055409,0.016867,0.10285,0.016637,0.00483,0.682848,0.120558
AACTGGGTCCCGACGT-1,0.000031,0.105379,0.005306,0.419237,0.000031,0.207508,0.262508
AACTGGGTTCGAGCCG-1,0.004047,0.000103,0.167277,0.164571,0.444844,0.113752,0.105406
AACTGGTGTGGGCCTT-1,0.000013,0.000175,0.043222,0.005449,0.006362,0.213649,0.731129
AACTTCTGCGTCTATC-1,0.172037,0.224552,0.177138,0.070249,0.000055,0.014485,0.341482
AACTTGCCCGTATGCA-1,0.000055,0.128787,0.307999,0.301012,0.000055,0.147828,0.114264
AACTTGCGTTCTCGCG-1,0.004291,0.057757,0.000018,0.054017,0.071423,0.002235,0.81026
AACTTTACGGGAGCTT-1,0.000032,0.1028,0.000032,0.492557,0.000032,0.126521,0.278025
AACTTTAGCTGCTGAG-1,0.000021,0.000548,0.00847,0.190441,0.00555,0.017188,0.777781
AACTTTCTCGATCATG-1,0.032751,0.006897,0.000012,0.000012,0.643009,0.000012,0.317307
AAGAAAGTTTGATGGG-1,0.086933,0.000019,0.158445,0.339895,0.150634,0.000019,0.264054
AAGAAATCACCAGATT-1,0.014859,0.000017,0.255828,0.000017,0.474911,0.239775,0.014592
AAGAAGGATCAGTTAG-1,0.000052,0.149884,0.101929,0.490271,0.000052,0.066721,0.191091
AAGACATACGTGGTTT-1,0.324341,0.000067,0.236274,0.035586,0.403159,0.000067,0.000507
AAGACCAAATAACTCA-1,0.002696,0.058272,0.009515,0.18635,0.033111,0.000064,0.709992
AAGACCCAACTGAACA-1,0.00192,0.203629,0.000019,0.234646,0.115311,0.001022,0.443453
AAGACTAACCCGTTGT-1,0.044347,0.08429,0.007757,0.023796,0.03581,0.196529,0.607471
AAGACTCACGCCCACT-1,0.1486,0.036925,0.344877,0.226446,0.1286,0.000066,0.114485
AAGACTGCAAGCTACT-1,0.017553,0.003695,0.106002,0.148203,0.017952,0.194097,0.512499
AAGAGATGAATCGGTA-1,0.025096,0.283337,0.031957,0.108589,0.014753,0.00003,0.536238
AAGAGCTCTTTATCGG-1,0.000035,0.022474,0.000035,0.263643,0.029119,0.041612,0.643082
AAGAGGATGTACGCGA-1,0.020973,0.400315,0.000028,0.054477,0.001493,0.001117,0.521597
AAGAGGCATGGATCGC-1,0.00002,0.016156,0.004244,0.258379,0.016239,0.051062,0.6539
AAGAGGCCCTTTGGAA-1,0.16393,0.004693,0.447684,0.324599,0.021623,0.000046,0.037425
AAGATGGCACCGGACC-1,0.349261,0.442745,0.100419,0.000018,0.000018,0.107463,0.000074
AAGATTGGCGGAACGT-1,0.00003,0.00003,0.09769,0.416395,0.003909,0.29736,0.184585
AAGCACCCTGCGTATC-1,0.000017,0.000036,0.014432,0.252917,0.027231,0.043594,0.661773
AAGCATACTCTCCTGA-1,0.032396,0.00267,0.064708,0.027863,0.128476,0.205389,0.538498
AAGCCACTTGCAGGTA-1,0.713361,0.280754,0.00579,0.000014,0.000014,0.000014,0.000055
AAGCCGAAGCGGTTTA-1,0.000052,0.027557,0.592623,0.088079,0.002816,0.258465,0.030408
AAGCCGCCGTGAAATC-1,0.015849,0.12846,0.007738,0.163199,0.305388,0.000019,0.379347
AAGCCGCTTTACCTTG-1,0.038578,0.000022,0.217529,0.003223,0.458785,0.200044,0.081819
AAGCCGGAGAGCAGGA-1,0.005892,0.000023,0.219166,0.018896,0.745186,0.007048,0.003789
AAGCGCAGGGCTTTGA-1,0.000025,0.01366,0.000893,0.42329,0.191825,0.000025,0.370282
AAGCGGAGTGCGCGCA-1,0.00003,0.00003,0.221198,0.405071,0.204839,0.027278,0.141553
AAGCGGCGTCATGGGT-1,0.000077,0.000451,0.546791,0.452217,0.000077,0.000077,0.000309
AAGCGTCCCTCATCGA-1,0.398378,0.546639,0.02479,0.00003,0.00003,0.030016,0.000119
AAGCTAGATCGAGTAA-1,0.043811,0.078649,0.057768,0.263134,0.014735,0.140649,0.401254
AAGCTATGGATTGACC-1,0.238155,0.000714,0.169807,0.209012,0.302775,0.000035,0.079501
AAGCTCGTGCCAAGTC-1,0.000047,0.137087,0.074305,0.322529,0.000047,0.364029,0.101956
AAGCTCTTTCATGGTG-1,0.000026,0.029919,0.08992,0.115346,0.170772,0.296341,0.297677
AAGGAGAACTTATAAG-1,0.000024,0.000024,0.064368,0.280241,0.082634,0.008114,0.564595
AAGGAGCGGTTGGTGC-1,0.003956,0.067489,0.00002,0.013867,0.084633,0.000661,0.829374
AAGGATCGATCGCTTG-1,0.000071,0.063562,0.549972,0.169288,0.000071,0.04056,0.176477
AAGGATGAGGGACCTC-1,0.023315,0.000022,0.102505,0.000022,0.076583,0.725047,0.072505
AAGGCAGGCTGTCTCC-1,0.007162,0.081116,0.891568,0.018628,0.001269,0.000051,0.000205
AAGGCGCGTAAAGCTT-1,0.116711,0.218524,0.002147,0.000016,0.080599,0.00536,0.576643
AAGGCTGTGCTCATCG-1,0.000054,0.73642,0.052565,0.05896,0.000054,0.143733,0.008215
AAGGGAACGACTGGCT-1,0.033714,0.048845,0.076236,0.257074,0.164705,0.057891,0.361536
AAGGGACAGATTCTGT-1,0.000041,0.057175,0.093009,0.519428,0.000041,0.239598,0.090709
AAGGGACTATGCATTC-1,0.145137,0.506902,0.015641,0.197467,0.043603,0.000038,0.091213
AAGGGTTAGCCATGCG-1,0.01996,0.000025,0.27542,0.053665,0.650805,0.000025,0.000099
AAGGGTTTGATTTCAG-1,0.006341,0.000018,0.02963,0.37817,0.364983,0.000114,0.220744
AAGGTATCCTAATATA-1,0.009904,0.03286,0.001498,0.068844,0.051254,0.129129,0.706512
AAGGTGATAAACCAGC-1,0.000026,0.014436,0.041968,0.30599,0.119886,0.083065,0.43463
AAGTAAGCTTCCAAAC-1,0.000011,0.02411,0.021487,0.146607,0.01595,0.067865,0.723969
AAGTAGAAGACCGGGT-1,0.014348,0.065109,0.000015,0.025198,0.092635,0.000015,0.802681
AAGTAGTGACGCGAGG-1,0.092776,0.313059,0.000021,0.000021,0.011918,0.005647,0.576557
AAGTCAATTGTCGTCA-1,0.000019,0.000019,0.039011,0.024443,0.268087,0.072675,0.595746
AAGTCTAGTAGCTGCC-1,0.000028,0.000028,0.17699,0.217088,0.559083,0.015191,0.031593
AAGTCTTCTGTGGCCT-1,0.04536,0.268953,0.029834,0.227242,0.024202,0.110643,0.293765
AAGTGACGACCGAATT-1,0.000016,0.079912,0.000016,0.038878,0.022542,0.000016,0.858621
AAGTGAGTCGGGTTTA-1,0.000046,0.499217,0.025411,0.219946,0.06125,0.001848,0.192282
AAGTGCAAAGGTAGAC-1,0.1248,0.056173,0.072702,0.071731,0.018194,0.262603,0.393797
AAGTGCCTTGACTGTA-1,0.000038,0.031496,0.13032,0.30908,0.136012,0.217008,0.176047
AAGTGCGTTAGAATCT-1,0.000076,0.511346,0.000076,0.488049,0.000076,0.000076,0.000302
AAGTGCTTCTCTATTG-1,0.587802,0.41188,0.00004,0.00004,0.00004,0.00004,0.000159
AAGTGTTTGGAGACGG-1,0.000024,0.054504,0.032063,0.271405,0.085908,0.111251,0.444845
AAGTTCACTCCAAGCT-1,0.100178,0.000018,0.001511,0.052569,0.221998,0.014329,0.609397
AAGTTCAGTCTGCGTA-1,0.006033,0.287983,0.562779,0.030817,0.000069,0.000069,0.11225
AAGTTCGGCCAACAGG-1,0.314301,0.469285,0.007655,0.005286,0.000023,0.020321,0.183129
AAGTTGTGATGTTATA-1,0.000024,0.000024,0.268151,0.087928,0.371427,0.108701,0.163746
AAGTTTACTAATGGCA-1,0.000042,0.005324,0.04287,0.706887,0.024351,0.032929,0.187597
AAGTTTATGGGCCCAA-1,0.149432,0.000014,0.013632,0.138527,0.120691,0.001138,0.576566
AATAACAACGCTCGGC-1,0.042269,0.193933,0.012733,0.013026,0.067189,0.019553,0.651297
AATAACACTAGAACAA-1,0.138402,0.861349,0.000031,0.000031,0.000031,0.000031,0.000125
AATAACGTCGCGCCCA-1,0.113783,0.033476,0.627577,0.146722,0.078207,0.000047,0.000189
AATAAGTCCTCGAGAC-1,0.000021,0.000021,0.174053,0.211704,0.130483,0.142983,0.340736
AATAATCTTCGTATCG-1,0.039945,0.000048,0.872278,0.000048,0.014249,0.07324,0.000192
AATACAATGTTTCAGG-1,0.000045,0.086683,0.000107,0.6209,0.000045,0.002456,0.289764
AATACCGGAGGGCTGT-1,0.659024,0.288128,0.052675,0.000025,0.000025,0.000025,0.000099
AATACCTGATGTGAAC-1,0.060007,0.002335,0.197425,0.116816,0.48254,0.083786,0.05709
AATAGAACAGAGTGGC-1,0.091028,0.452778,0.0116,0.003333,0.137931,0.10847,0.194859
AATAGAATCTGTTTCA-1,0.000021,0.000021,0.006824,0.159903,0.020505,0.053137,0.75959
AATAGCAAGCCTCCTG-1,0.000072,0.000072,0.563783,0.000072,0.435643,0.000072,0.000287
AATAGCTACCGCGTGC-1,0.000067,0.082021,0.766688,0.136136,0.000067,0.014755,0.000266
AATAGGCACGACCCTT-1,0.734773,0.265105,0.000015,0.000015,0.000015,0.000015,0.000061
AATAGTCCGTCCCGAC-1,0.066564,0.131121,0.015932,0.305952,0.050034,0.001868,0.428529
AATAGTCGCGAGTCGG-1,0.000026,0.054938,0.001953,0.320308,0.000026,0.100121,0.522627
AATATCAAGGTCGGAT-1,0.000079,0.10029,0.145714,0.332224,0.000079,0.357813,0.063801
AATATCCTAGCAAACT-1,0.000015,0.032039,0.000675,0.312018,0.091067,0.011851,0.552336
AATATCGAATCAATGC-1,0.00005,0.071547,0.820703,0.078197,0.00005,0.029252,0.000201
AATATCGAGGGTTCTC-1,0.000039,0.000039,0.035282,0.305915,0.380091,0.00552,0.273115
AATATTGGAGTATTGA-1,0.000028,0.05913,0.000459,0.182846,0.000028,0.024279,0.733229
AATCAGACTGCAGGAC-1,0.000028,0.000028,0.032018,0.2271,0.000028,0.192669,0.54813
AATCAGGTTTCATTTA-1,0.566124,0.306715,0.126744,0.00006,0.00006,0.00006,0.000239
AATCATGTAAAGACTC-1,0.000042,0.022703,0.340767,0.469373,0.046614,0.073536,0.046965
AATCCAAGGGCCTGAG-1,0.000018,0.18785,0.000018,0.127268,0.00061,0.000018,0.684217
AATCCATGCAAGGGTG-1,0.000023,0.058455,0.016842,0.171453,0.000023,0.071279,0.681925
AATCCCGCTCAGAGCC-1,0.162657,0.000027,0.387806,0.106307,0.238386,0.055663,0.049154
AATCGAGGTCTCAAGG-1,0.015725,0.002613,0.185107,0.284321,0.38401,0.009988,0.118235
AATCGCCTCAGCGCCA-1,0.004962,0.10132,0.000935,0.234383,0.049927,0.054544,0.553929
AATCGCGCAGAGGACT-1,0.024228,0.053883,0.214811,0.085673,0.021039,0.192967,0.407399
AATCGGGACACTACGA-1,0.000032,0.048119,0.014228,0.444308,0.000032,0.057701,0.435579
AATCGGTATAGCCCTC-1,0.043312,0.000115,0.564566,0.195105,0.177451,0.000043,0.019408
AATCGTGAGCCGAGCA-1,0.027864,0.005773,0.217462,0.335991,0.137371,0.082115,0.193424
AATCTAGGTTTACTTG-1,0.046681,0.048527,0.13648,0.050115,0.068248,0.212294,0.437655
AATCTATGCCGGAGCC-1,0.642034,0.000153,0.077354,0.000153,0.006393,0.000153,0.27376
AATCTCTACTGTGGTT-1,0.000038,0.086148,0.010407,0.550226,0.000038,0.188369,0.164773
AATCTGCGTTGGGACG-1,0.000034,0.024909,0.186477,0.301227,0.063948,0.084636,0.338769
AATCTGGCTTTCTAGT-1,0.047999,0.004545,0.038868,0.138383,0.024874,0.297264,0.448066
AATCTGGGTAGACCCT-1,0.06387,0.000072,0.419268,0.243158,0.207846,0.000072,0.065714
AATGACAGCAATGTCT-1,0.000062,0.685573,0.085194,0.165019,0.000062,0.00063,0.063459
AATGACGTAGGATGTC-1,0.031592,0.017251,0.001798,0.016944,0.133664,0.045866,0.752884
AATGACTGTCAGCCGG-1,0.065269,0.230308,0.000016,0.010705,0.045515,0.000016,0.64817
AATGAGTTCGCATATG-1,0.00004,0.029504,0.083426,0.313037,0.003853,0.193887,0.376253
AATGATGATACGCTAT-1,0.000053,0.000053,0.035052,0.619184,0.046636,0.096051,0.202972
AATGATGCGACTCCTG-1,0.000065,0.00153,0.256309,0.573313,0.000065,0.079087,0.089631
AATGCAACCGGGTACC-1,0.012043,0.066417,0.053111,0.323486,0.007458,0.065705,0.47178
AATGCACCAAGCAATG-1,0.000021,0.000021,0.061923,0.046283,0.438462,0.131429,0.32186
AATGGCCGCCAATGCG-1,0.025723,0.000019,0.125849,0.000019,0.699438,0.010835,0.138116
AATGGTCCACCGTTCA-1,0.000023,0.025361,0.019044,0.239169,0.105803,0.03947,0.57113
AATGGTTCTCACAAGC-1,0.000051,0.133817,0.108057,0.328794,0.000051,0.291573,0.137657
AATGTATGGCACTGTA-1,0.01104,0.041572,0.005636,0.274347,0.228893,0.004642,0.433871
AATGTGCCCGAGGTGT-1,0.111094,0.528346,0.094358,0.265774,0.000071,0.000071,0.000286
AATGTGCTAATCTGAG-1,0.440806,0.559025,0.000021,0.000021,0.000021,0.000021,0.000085
AATGTTAAGACCCTGA-1,0.027406,0.086277,0.099166,0.269229,0.310251,0.022609,0.185064
AATGTTGTCGTGAGAC-1,0.019041,0.011995,0.636767,0.087448,0.040195,0.183231,0.021323
AATTAAAGGTCGGCGT-1,0.076731,0.369101,0.098742,0.001962,0.000297,0.221942,0.231224
AATTAACGGATTTCCA-1,0.012806,0.045502,0.196866,0.408859,0.005219,0.155764,0.174984
AATTACGAGACCCATC-1,0.013941,0.052057,0.03841,0.107593,0.269362,0.119282,0.399356
AATTACTCGTACGCTC-1,0.004238,0.032328,0.005947,0.149918,0.015377,0.072097,0.720095
AATTAGCGCTGCAGCG-1,0.030979,0.140001,0.056446,0.28275,0.019087,0.159978,0.31076
AATTATACCCAGCAAG-1,0.060831,0.000015,0.368429,0.024041,0.168586,0.154989,0.223109
AATTCATAAGGGATCT-1,0.000049,0.044822,0.29581,0.18665,0.002715,0.436404,0.03355
AATTCATTGTCATGCA-1,0.062269,0.093886,0.031998,0.241104,0.066483,0.115903,0.388356
AATTCCAACTTGGTGA-1,0.018524,0.000327,0.123006,0.123904,0.000022,0.337946,0.39627
AATTCCAAGCATGTAC-1,0.000044,0.057097,0.096197,0.410548,0.014098,0.106229,0.315787
AATTCGATTCGAGGAT-1,0.008918,0.039679,0.278029,0.294908,0.020958,0.299181,0.058328
AATTCTAGAGTTAGGC-1,0.000017,0.007769,0.001577,0.060031,0.015511,0.019703,0.895392
AATTGAACGCTCTGGT-1,0.000023,0.002725,0.108112,0.309525,0.001653,0.077804,0.500158
AATTGCAGCAATCGAC-1,0.000019,0.006299,0.033214,0.152836,0.513418,0.000783,0.293431
AATTGCGTGGATTACA-1,0.056308,0.025229,0.133394,0.524846,0.034668,0.000026,0.225529
AATTGTGGTTGCCAAA-1,0.135787,0.000025,0.863689,0.000025,0.000025,0.000346,0.000102
AATTTGGGACATAGTA-1,0.000051,0.000051,0.102121,0.412585,0.104662,0.224787,0.155742
AATTTGGTTCCAAAGA-1,0.000033,0.034888,0.00372,0.418117,0.008909,0.097333,0.436999
ACAAACCATGCGTCCT-1,0.100925,0.097783,0.046064,0.30987,0.199974,0.007858,0.237525
ACAAACCGACAAGGCG-1,0.000008,0.000008,0.000008,0.001147,0.721413,0.000008,0.277408
ACAAACTCCATCAGAG-1,0.789726,0.21014,0.000017,0.000017,0.000017,0.000017,0.000067
ACAAAGAAGGTAGGCC-1,0.000013,0.013398,0.005513,0.272821,0.054423,0.057129,0.596701
ACAAAGCATGACCTAG-1,0.000012,0.010796,0.085632,0.037352,0.435446,0.078674,0.352089
ACAAATCGCACCGAAT-1,0.012666,0.202087,0.179053,0.239913,0.000026,0.273706,0.092548
ACAAATGGTAGTGTTT-1,0.064894,0.002475,0.09581,0.237747,0.02857,0.036059,0.534446
ACAAATTCAGATCTGA-1,0.095232,0.013656,0.482431,0.05849,0.132547,0.000086,0.217558
ACAACAGCATGAGCTA-1,0.002363,0.03082,0.008142,0.144097,0.016254,0.033264,0.76506
ACAACGGTCCCTGCGA-1,0.054343,0.002356,0.005716,0.001898,0.106556,0.00373,0.825401
ACAAGCAGTGCCTAGC-1,0.015265,0.382559,0.221698,0.232096,0.000044,0.065909,0.082429
ACAAGCTATATGGAAG-1,0.000021,0.110923,0.009027,0.448055,0.000021,0.26082,0.171133
ACAAGGAAATCCGCCC-1,0.001453,0.000066,0.002534,0.047489,0.060966,0.093526,0.793966
ACAAGGACAAGAGGTT-1,0.012736,0.262114,0.000016,0.058741,0.004758,0.008433,0.653201
ACAAGGATGCTTTAGG-1,0.044971,0.000016,0.02944,0.031211,0.238242,0.000758,0.655362
ACAAGGCCTACCAGCC-1,0.162942,0.000028,0.294522,0.034263,0.279481,0.000028,0.228736
ACAAGGGCAGGCTCTG-1,0.032364,0.005233,0.1041,0.251201,0.025767,0.024282,0.557054
ACAAGTAATTGTAAGG-1,0.412191,0.293082,0.057198,0.04533,0.155732,0.011669,0.024798
ACAATAGTCGTACGTT-1,0.006244,0.032879,0.000023,0.102781,0.02694,0.011979,0.819154
ACAATCCATTTAAACC-1,0.008568,0.344103,0.000871,0.120749,0.068316,0.000029,0.457365
ACAATCGATCTTTATA-1,0.000032,0.020773,0.031929,0.449162,0.093274,0.023095,0.381735
ACAATGAATACGGAGA-1,0.170327,0.729383,0.000168,0.000026,0.024696,0.000026,0.075374
ACAATGATTCTTCTAC-1,0.210377,0.000029,0.065062,0.000994,0.556525,0.000029,0.166984
ACAATTGTGTCTCTTT-1,0.000039,0.000039,0.066086,0.472679,0.276497,0.000039,0.184622
ACAATTTAGGAGGCTC-1,0.081096,0.275556,0.101056,0.17805,0.001723,0.173265,0.189253
ACAATTTGAGCAGTGG-1,0.00024,0.000023,0.000023,0.293158,0.029353,0.032443,0.64476
ACAATTTGGCCATATT-1,0.000048,0.098811,0.07646,0.260202,0.538101,0.000044,0.026334
ACACAAAGACGGGTGG-1,0.000017,0.056006,0.109157,0.050218,0.010463,0.12263,0.651509
ACACAAATATTCCTAG-1,0.032656,0.00002,0.298209,0.00002,0.432392,0.137462,0.099241
ACACACCAGGACCAGT-1,0.000038,0.013714,0.218494,0.294336,0.020704,0.409497,0.043216
ACACACTTTCTACACG-1,0.077472,0.098471,0.023507,0.035074,0.060556,0.153643,0.551278
ACACATGATCAAATCT-1,0.000036,0.135692,0.037906,0.636294,0.000036,0.11496,0.075077
ACACATTGACGCAACA-1,0.021909,0.039287,0.021728,0.035951,0.112227,0.229526,0.539372
ACACATTTCCGTAGAC-1,0.067419,0.071217,0.340209,0.31924,0.140226,0.018656,0.043034
ACACCACATAATTAGC-1,0.164309,0.000037,0.71909,0.000037,0.000037,0.051355,0.065136
ACACCCAGCATGCAGC-1,0.000067,0.164853,0.000067,0.752881,0.000067,0.000067,0.082
ACACCCGAGAAATCCG-1,0.00004,0.185684,0.002864,0.558466,0.00004,0.005836,0.24707
ACACCCGTAAATCTGT-1,0.006548,0.013479,0.39959,0.050795,0.272383,0.161339,0.095866
ACACCGAGCGCTCTTT-1,0.000014,0.000014,0.000014,0.112772,0.033851,0.010237,0.843099
ACACCGGTCTGACCGC-1,0.091303,0.013837,0.031194,0.003534,0.210534,0.082838,0.566761
ACACCTTAAGTAGGGC-1,0.092635,0.201023,0.029347,0.08012,0.105426,0.000039,0.49141
ACACCTTACTACTTGC-1,0.232514,0.000067,0.19536,0.100218,0.174681,0.016149,0.28101
ACACGAGACTCCTTCT-1,0.0199,0.078843,0.025447,0.031869,0.001008,0.044923,0.798009
ACACGGCACTATGCAT-1,0.000026,0.0071,0.090146,0.269526,0.170965,0.033722,0.428514
ACACGGGAACTTAGGG-1,0.077937,0.181986,0.057239,0.033866,0.012213,0.364145,0.272615
ACACGTAGGCCACAAG-1,0.061381,0.000044,0.815134,0.014707,0.075099,0.004882,0.028754
ACACTCCAATGTCACT-1,0.004882,0.159912,0.000037,0.164704,0.104676,0.000036,0.565754
ACACTGATCAAGGTGT-1,0.213741,0.622737,0.000038,0.048495,0.008556,0.000038,0.106395
ACAGAACTGAGAACAA-1,0.121165,0.217449,0.143053,0.367965,0.000042,0.146643,0.003683
ACAGATTAGGTTAGTG-1,0.000055,0.017243,0.001058,0.763445,0.000055,0.010136,0.208008
ACAGCATAGAGCCAGT-1,0.012149,0.000008,0.000008,0.000008,0.013779,0.000008,0.974038
ACAGCGACATTCTCAT-1,0.000032,0.000032,0.03109,0.353642,0.341118,0.004528,0.269559
ACAGCGCACCCGCAGC-1,0.000053,0.035973,0.096305,0.753493,0.018456,0.000053,0.095667
ACAGGAGGCGCAGCCG-1,0.000023,0.021823,0.250667,0.248672,0.202953,0.064138,0.211723
ACAGGCACGGATCCTT-1,0.008132,0.000028,0.080125,0.590429,0.269288,0.000028,0.051971
ACAGGCTTGCCCGACT-1,0.000032,0.03204,0.094179,0.409762,0.007169,0.238966,0.217852
ACAGGTGGAGGTGAGG-1,0.225373,0.774392,0.000029,0.000029,0.000029,0.000029,0.000118
ACAGGTGTGTTGTTGC-1,0.000028,0.100356,0.011172,0.5039,0.000028,0.108427,0.276089
ACAGTAATACAACTTG-1,0.105655,0.111819,0.150072,0.295341,0.000034,0.268069,0.06901
ACAGTATACCGTGGGA-1,0.015195,0.00004,0.247158,0.058709,0.453545,0.19637,0.028981
ACAGTGCAGCGCATTT-1,0.000034,0.000034,0.201782,0.040098,0.560016,0.048998,0.149039
ACATAAGTCGTGGTGA-1,0.057247,0.070087,0.00396,0.100542,0.091117,0.016452,0.660596
ACATAATAAGGCGGTG-1,0.003374,0.002958,0.000375,0.134925,0.014337,0.006276,0.837756
ACATACAATCAAGCGG-1,0.079308,0.002498,0.122431,0.017135,0.614382,0.083767,0.080479
ACATCAGCTGGGACGC-1,0.001344,0.102287,0.009049,0.032321,0.004808,0.31605,0.534141
ACATCCCGGCCATACG-1,0.026285,0.014943,0.015175,0.1096,0.165689,0.000051,0.668257
ACATCCTGGTAACTGT-1,0.001396,0.00667,0.133942,0.252539,0.279532,0.121134,0.204787
ACATCGATCGTTTACC-1,0.000041,0.075342,0.152902,0.240095,0.000041,0.328323,0.203257
ACATCGCAATATTCGG-1,0.622912,0.335448,0.000917,0.006421,0.03421,0.000018,0.000074
ACATCGGTCAGCCGCG-1,0.168644,0.744894,0.03232,0.000031,0.000031,0.053956,0.000124
ACATCGTATGCAATGG-1,0.027201,0.000012,0.000012,0.003556,0.011851,0.001571,0.955796
ACATCGTTAACCTAGT-1,0.000034,0.000034,0.062318,0.238705,0.050173,0.130534,0.518202
ACATCTCAACGCGTAA-1,0.045548,0.006004,0.378091,0.066417,0.272363,0.170608,0.06097
ACATGCTTACGGCAGC-1,0.074231,0.030113,0.103385,0.03218,0.391859,0.040198,0.328034
ACATGGCGCCAAAGTA-1,0.000034,0.000034,0.376131,0.079983,0.166226,0.272038,0.105554
ACATGGCTCAATTTAG-1,0.001946,0.020568,0.046932,0.080521,0.010088,0.334819,0.505127
ACATTAGTTTATATCC-1,0.000024,0.027927,0.041037,0.166913,0.067697,0.102286,0.594117
ACATTCGCGCGGAATA-1,0.688347,0.311474,0.000022,0.000022,0.000022,0.000022,0.000089
ACATTTGAAACCTAAC-1,0.001586,0.012489,0.336147,0.395508,0.211605,0.008871,0.033794
ACCAAACACCCAGCGA-1,0.045514,0.000024,0.081324,0.031302,0.585613,0.000024,0.256199
ACCAAACTAGAAATCC-1,0.052803,0.000017,0.144703,0.016759,0.449933,0.040809,0.294977
ACCAACACCACACACT-1,0.000092,0.053484,0.56755,0.287058,0.000092,0.000092,0.091631
ACCAACCGCACTCCAC-1,0.039446,0.00002,0.377259,0.120463,0.266414,0.178163,0.018235
ACCAACGCTTATTTAT-1,0.11732,0.273311,0.012761,0.025058,0.133797,0.002275,0.435477
ACCAAGAACGCGTGTC-1,0.000043,0.05132,0.04891,0.502173,0.000043,0.087325,0.310185
ACCAAGTCATCGGCAG-1,0.000018,0.000018,0.138443,0.074814,0.630157,0.026771,0.12978
ACCAATATGCAAGTTA-1,0.000017,0.037167,0.007631,0.143834,0.066838,0.057731,0.686781
ACCACAACTCAGAACA-1,0.000048,0.000048,0.30117,0.463004,0.224243,0.006037,0.00545
ACCACAAGTTTCTATC-1,0.000019,0.203476,0.002815,0.07134,0.030533,0.003382,0.688436
ACCACACGGTTGATGG-1,0.057843,0.000018,0.072486,0.280931,0.43561,0.012253,0.140858
ACCACCAATGTAACAA-1,0.000044,0.063843,0.525321,0.20569,0.000044,0.022053,0.183005
ACCACCCTCTCTTCTA-1,0.000041,0.000041,0.229125,0.110312,0.660274,0.000041,0.000165
ACCACGTGCAGCTATA-1,0.000027,0.008059,0.042618,0.359267,0.000027,0.115312,0.474689
ACCACTGTTCAAGAAG-1,0.00003,0.183946,0.00003,0.383977,0.003434,0.041138,0.387445
ACCAGACCATAACAAC-1,0.0846,0.125121,0.060728,0.177849,0.005988,0.436956,0.108758
ACCAGCCCGGTCTTTG-1,0.000033,0.000033,0.073342,0.397369,0.383516,0.000359,0.145348
ACCAGGAGTGTGATCT-1,0.233571,0.000021,0.000021,0.000021,0.096358,0.000021,0.669987
ACCAGTGCCCGGTCAA-1,0.185815,0.000051,0.233817,0.018209,0.20831,0.020486,0.333312
ACCAGTGCGGGAGACG-1,0.091818,0.038742,0.174414,0.299897,0.03105,0.070659,0.29342
ACCATATCCGCAATAA-1,0.000034,0.031792,0.000034,0.212634,0.032339,0.000034,0.723134
ACCATCCGCCAACTAG-1,0.016004,0.081927,0.000776,0.050007,0.008247,0.055175,0.787864
ACCATCGTATATGGTA-1,0.046105,0.889349,0.000044,0.000044,0.000044,0.000044,0.064369
ACCATTAAGGGTGTCA-1,0.000022,0.004292,0.000022,0.296957,0.000022,0.049832,0.648853
ACCCAACGCCCGTGGC-1,0.000034,0.018525,0.057411,0.537312,0.008136,0.077191,0.30139
ACCCACCTACATGCTC-1,0.031339,0.033801,0.000022,0.160861,0.062137,0.000436,0.711406
ACCCATCTTGAGGGTA-1,0.051656,0.944796,0.003179,0.000053,0.000053,0.000053,0.00021
ACCCATTTGTCCCTCT-1,0.036487,0.000033,0.10229,0.176389,0.541752,0.002882,0.140168
ACCCGAGCGAAATTAC-1,0.295159,0.679429,0.000037,0.025151,0.000037,0.000037,0.000149
ACCCGATTGGTTCCGA-1,0.409478,0.367584,0.222635,0.000043,0.000043,0.000043,0.000173
ACCCGGAAACTCCCAG-1,0.000037,0.113413,0.018841,0.554708,0.00493,0.000041,0.30803
ACCCGGAGCACCACAA-1,0.062149,0.000037,0.86192,0.000037,0.036426,0.039285,0.000148
ACCCGGATGACGCATC-1,0.000024,0.000024,0.050753,0.122436,0.251729,0.045395,0.529639
ACCCGGTTACACTTCC-1,0.346328,0.358513,0.011038,0.000022,0.000022,0.245676,0.038402
ACCCGTAGCAGAGAAT-1,0.041106,0.014917,0.056593,0.670691,0.166673,0.000024,0.049996
ACCCGTAGTCTAGTTG-1,0.213069,0.000227,0.567979,0.160463,0.056408,0.000036,0.001818
ACCCGTGTCATCAGTA-1,0.032888,0.343986,0.345098,0.230293,0.000047,0.00982,0.037868
ACCCTATAGGACTGAG-1,0.000021,0.079415,0.022459,0.006937,0.000021,0.197839,0.693308
ACCCTATGCCATATCG-1,0.429921,0.51786,0.00911,0.000039,0.000039,0.042876,0.000155
ACCCTCCCGTCAGGGC-1,0.002731,0.000014,0.190539,0.011577,0.441159,0.201586,0.152393
ACCCTCCCTTGCTATT-1,0.000025,0.000025,0.110629,0.14397,0.120835,0.288851,0.335665
ACCCTGGTAACGCCCT-1,0.04046,0.245939,0.365178,0.205775,0.140394,0.001973,0.000282
ACCCTTCATCTGCGAA-1,0.000028,0.004198,0.002633,0.336644,0.018219,0.047853,0.590426
ACCCTTGCCTGGGTCG-1,0.048051,0.000021,0.168184,0.012099,0.513275,0.000936,0.257433
ACCCTTTAGTTCTCCA-1,0.000033,0.000033,0.007646,0.307573,0.419352,0.000635,0.264728
ACCGAAAGGGCCCTGC-1,0.004426,0.00452,0.063007,0.056015,0.058583,0.369005,0.444444
ACCGAAGAGTCTGGTT-1,0.057321,0.021382,0.030282,0.2838,0.111873,0.138896,0.356447
ACCGACACATCTCCCA-1,0.046683,0.024619,0.068618,0.567133,0.067346,0.015826,0.209775
ACCGACTGAGTCCCAC-1,0.000006,0.000006,0.000006,0.000006,0.019914,0.000011,0.98005
ACCGAGTCTCCTTATT-1,0.104498,0.036824,0.026558,0.212294,0.336522,0.078706,0.204599
ACCGATAGGCATAACC-1,0.124318,0.000038,0.874067,0.000038,0.000038,0.000038,0.001464
ACCGATATTTAATCAT-1,0.000065,0.076921,0.617101,0.305526,0.000065,0.000065,0.000258
ACCGATGGTAGCATCG-1,0.064123,0.023238,0.125379,0.102737,0.062646,0.204456,0.417421
ACCGCAATAACTGCCT-1,0.019066,0.110246,0.00372,0.076093,0.112077,0.199037,0.47976
ACCGCGGTGGAAGTCG-1,0.00007,0.023262,0.672335,0.282008,0.00007,0.021977,0.000279
ACCGCTAGTCATTGGT-1,0.748938,0.196283,0.000038,0.031411,0.023142,0.000038,0.00015
ACCGGGCCTTTGTTGA-1,0.000027,0.000027,0.03189,0.209083,0.204522,0.172158,0.382293
ACCGGTCAGGTACACC-1,0.002736,0.164887,0.000017,0.037719,0.01364,0.020779,0.760222
ACCGGTCTGAGTACGG-1,0.103422,0.000027,0.17478,0.066174,0.196942,0.084427,0.374228
ACCGTCCACTGGGCCC-1,0.006715,0.043972,0.065009,0.201353,0.109008,0.005531,0.568412
ACCGTGACCACGTGGG-1,0.534663,0.464337,0.00082,0.000026,0.000026,0.000026,0.000103
ACCGTTCCCGCTCTGA-1,0.000012,0.000012,0.000012,0.000012,0.012346,0.000012,0.987592
ACCTAAGTACCTTTCA-1,0.204923,0.30812,0.000453,0.002366,0.013611,0.129692,0.340835
ACCTAATCGACTTCCT-1,0.034155,0.435471,0.17697,0.000208,0.000038,0.344543,0.008615
ACCTACAGTATGTGGT-1,0.030891,0.069268,0.180981,0.077132,0.040029,0.229645,0.372054
ACCTACTATAAATCTA-1,0.000026,0.110737,0.028281,0.352582,0.152964,0.002239,0.35317
ACCTCAGCGAGGCGCA-1,0.040248,0.06243,0.170708,0.318063,0.22447,0.051212,0.132868
ACCTCCGCCCTCGCTG-1,0.018432,0.000043,0.160167,0.401895,0.395106,0.000043,0.024314
ACCTCCGTTATTCACC-1,0.166991,0.000116,0.353824,0.000116,0.271557,0.000116,0.20728
ACCTCGAACTTATGCT-1,0.101765,0.020264,0.010946,0.218807,0.303253,0.005942,0.339024
ACCTGCGTGTCATGTT-1,0.003455,0.090907,0.049646,0.250562,0.026259,0.121494,0.457677
ACCTTTCCTTTAGAAG-1,0.000041,0.055586,0.20384,0.503859,0.003121,0.047146,0.186406
ACGAAATGGGCGGCAC-1,0.075894,0.041794,0.004419,0.000011,0.043573,0.125453,0.708858
ACGACCCATGAGTTGC-1,0.000038,0.000942,0.351369,0.245504,0.392626,0.003396,0.006125
ACGACTCTAGGGCCGA-1,0.049005,0.001234,0.42722,0.102157,0.127548,0.254549,0.038287
ACGACTGGTCATACTC-1,0.226233,0.662411,0.000022,0.000022,0.070767,0.000022,0.040523
ACGAGAACCCATCACG-1,0.000023,0.121499,0.000023,0.25419,0.000023,0.002544,0.621698
ACGAGATATTTGCTTA-1,0.000045,0.004065,0.100683,0.413783,0.094683,0.151368,0.235373
ACGAGGATACCACTCT-1,0.000046,0.153454,0.10402,0.481408,0.000046,0.218056,0.04297
ACGAGGTTTACAACGT-1,0.000014,0.000014,0.000014,0.144386,0.037839,0.000014,0.817718
ACGAGTACGGATGCCC-1,0.000084,0.021337,0.560168,0.380872,0.000084,0.03712,0.000335
ACGAGTCGCCGGCGTT-1,0.000748,0.043059,0.000012,0.057387,0.017194,0.001074,0.880525
ACGATACATAGAACTA-1,0.015281,0.207955,0.003666,0.46478,0.000044,0.090446,0.217827
ACGATACCTATCCTGA-1,0.005498,0.041697,0.095319,0.034482,0.000019,0.753025,0.06996
ACGATCATACATAGAG-1,0.00002,0.000799,0.00002,0.131017,0.040825,0.012495,0.814824
ACGATCATCTTGTAAA-1,0.011113,0.000027,0.164187,0.002336,0.226451,0.502725,0.093162
ACGATGCATATGTTAT-1,0.293412,0.379341,0.06591,0.000028,0.000028,0.194173,0.06711
ACGATGGATCCGATGC-1,0.26679,0.117378,0.101993,0.337864,0.004519,0.054026,0.117431
ACGCAAACTAATAGAT-1,0.325703,0.506591,0.088856,0.000026,0.00005,0.074113,0.004661
ACGCAATCACTACAGC-1,0.114827,0.000147,0.282699,0.165957,0.153646,0.021115,0.26161
ACGCATAAATGACATG-1,0.032936,0.000084,0.320951,0.273854,0.371752,0.000084,0.000338
ACGCATACGTTTACTA-1,0.00459,0.049294,0.096794,0.267018,0.409578,0.061916,0.110809
ACGCATTCGTGAGTAC-1,0.000042,0.066689,0.000042,0.429692,0.000042,0.070545,0.432948
ACGCCACTCGAAACAG-1,0.000943,0.011034,0.004025,0.007265,0.30548,0.000454,0.670798
ACGCCAGATGATTTCT-1,0.000024,0.011731,0.008422,0.028036,0.000024,0.122655,0.829109
ACGCCAGTGCGTTTGC-1,0.067499,0.000024,0.030024,0.292828,0.57005,0.000024,0.03955
ACGCCCAGCTGTCGAT-1,0.013057,0.096808,0.468836,0.096548,0.108273,0.139259,0.077219
ACGCCGCTAGACGACC-1,0.000018,0.105102,0.000635,0.220962,0.000931,0.005303,0.667049
ACGCCTGACACGCGCT-1,0.00001,0.00001,0.108985,0.01373,0.266846,0.092933,0.517486
ACGCGAAGTCAGACGA-1,0.003827,0.012062,0.006656,0.08841,0.046572,0.009567,0.832908
ACGCGCTACACAGGGT-1,0.120357,0.551303,0.041639,0.028428,0.016008,0.014653,0.227612
ACGCGGGCCAAGGACA-1,0.045528,0.00001,0.00001,0.00001,0.106305,0.00001,0.848125
ACGCGTTTCTTAAGAG-1,0.000026,0.050235,0.054306,0.305996,0.000026,0.303092,0.286317
ACGCTACTGAATGGGC-1,0.063964,0.000036,0.704095,0.053034,0.178689,0.000036,0.000145
ACGCTAGTATCAGTGC-1,0.019468,0.000028,0.045345,0.064374,0.61093,0.003413,0.256443
ACGCTAGTGATACACT-1,0.000049,0.000049,0.136489,0.571918,0.075309,0.005448,0.210737
ACGCTGTGAGGCGTAG-1,0.000047,0.109723,0.089293,0.45606,0.000047,0.344639,0.00019
ACGCTTAGTGTCTCTC-1,0.021468,0.000049,0.428747,0.250656,0.279427,0.012457,0.007197
ACGGAACACGAGTGCC-1,0.054247,0.00002,0.57079,0.00002,0.145699,0.229144,0.00008
