Barcode,Topic 1,Topic 2to4,Topic 5to7,Topic 8to10
AAACAACGAATAGTTC-1,0.000018,0.095464,0.690684,0.213834
AAACAAGTATCTCCCA-1,0.000031,0.441745,0.22388,0.334345
AAACAATCTACTAGCA-1,0.024375,0.251989,0.482417,0.241219
AAACACCAATAACTGC-1,0.120261,0.177821,0.241785,0.460133
AAACAGAGCGACTCCT-1,0.091008,0.184201,0.359155,0.365636
AAACAGCTTTCAGAAG-1,0.279143,0.000125,0.265859,0.454874
AAACAGGGTCTATATT-1,0.03475,0.017539,0.434831,0.512881
AAACAGTGTTCCTGGG-1,0.000015,0.387366,0.143352,0.469267
AAACATGGTGAGAGGA-1,0.284804,0.42685,0.091268,0.197079
AAACATTTCCCGGATT-1,0.000044,0.246477,0.449945,0.303534
AAACCACTACACAGAT-1,0.780073,0.045797,0.16724,0.00689
AAACCCGAACGAAATC-1,0.058104,0.481974,0.236757,0.223166
AAACCGGAAATGTTAA-1,0.51284,0.220559,0.122898,0.143702
AAACCGGGTAGGTACC-1,0.000039,0.010231,0.500733,0.488997
AAACCGTTCGTCCAGG-1,0.000028,0.070783,0.505933,0.423255
AAACCTAAGCAGCCGG-1,0.065263,0.130466,0.559859,0.244411
AAACCTCATGAAGTTG-1,0.057685,0.182026,0.595287,0.165002
AAACGAAGAACATACC-1,0.000078,0.000234,0.819501,0.180187
AAACGAAGATGGAGTA-1,0.122098,0.84444,0.03341,0.000052
AAACGACAGTCTTGCC-1,0.503747,0.366887,0.119257,0.01011
AAACGAGACGGTTGAT-1,0.046314,0.000164,0.675157,0.278364
AAACGCCCGAGATCGG-1,0.143391,0.137682,0.398211,0.320716
AAACGCTGGGCACGAC-1,0.112498,0.624656,0.007932,0.254913
AAACGGGCGTACGGGT-1,0.005962,0.304705,0.393178,0.296155
AAACGGGTTGGTATCC-1,0.000021,0.14183,0.4715,0.386649
AAACGGTTGCGAACTG-1,0.000088,0.25616,0.389731,0.354021
AAACGTGTTCGCCCTA-1,0.600151,0.218627,0.152077,0.029144
AAACTAACGTGGCGAC-1,0.315096,0.168609,0.206935,0.30936
AAACTCGGTTCGCAAT-1,0.000223,0.370889,0.597169,0.031719
AAACTCGTGATATAAG-1,0.331506,0.039387,0.178827,0.450279
AAACTGCTGGCTCCAA-1,0.046715,0.003464,0.876725,0.073096
AAACTTAATTGCACGC-1,0.000695,0.689468,0.008056,0.301781
AAACTTGCAAACGTAT-1,0.063389,0.133931,0.181231,0.621449
AAAGAATGACCTTAGA-1,0.276159,0.493116,0.006986,0.223738
AAAGAATGTGGACTAA-1,0.001726,0.339447,0.103312,0.555515
AAAGACATGAAGTTTA-1,0.22219,0.236689,0.148771,0.39235
AAAGACCCAAGTCGCG-1,0.016146,0.000497,0.98286,0.000497
AAAGACTGGGCGCTTT-1,0.05519,0.201326,0.314733,0.428751
AAAGCTTGCCTACATA-1,0.99086,0.00011,0.008919,0.00011
AAAGGCCCTATAATAC-1,0.000018,0.284265,0.073751,0.641965
AAAGGCTACGGACCAT-1,0.000082,0.000246,0.842811,0.156861
AAAGGCTCTCGCGCCG-1,0.000103,0.000309,0.99928,0.000309
AAAGGGATGTAGCAAG-1,0.000069,0.182932,0.647629,0.169369
AAAGGGCAGCTTGAAT-1,0.000037,0.002593,0.466041,0.531329
AAAGGTAAGCTGTACC-1,0.098493,0.278814,0.450086,0.172607
AAAGGTCAACGACATG-1,0.17057,0.600641,0.083458,0.145332
AAAGTAGCATTGCTCA-1,0.00005,0.000149,0.602385,0.397416
AAAGTCACTGATGTAA-1,0.003828,0.0759,0.904615,0.015657
AAAGTCGACCCTCAGT-1,0.070333,0.081729,0.486318,0.36162
AAAGTGCCATCAATTA-1,0.119472,0.482259,0.008281,0.389988
AAAGTGTGATTTATCT-1,0.034663,0.307198,0.24862,0.409519
AAAGTTGACTCCCGTA-1,0.005742,0.153245,0.244301,0.596712
AAATAACCATACGGGA-1,0.049921,0.000183,0.474736,0.47516
AAATAAGGTAGTGCCC-1,0.380213,0.000476,0.261192,0.358119
AAATACCTATAAGCAT-1,0.000043,0.127725,0.689672,0.18256
AAATAGCTTAGACTTT-1,0.064085,0.142102,0.268895,0.524918
AAATAGGGTGCTATTG-1,0.000036,0.138235,0.403182,0.458547
AAATCACTCCTAAACG-1,0.661801,0.326774,0.000074,0.011351
AAATCCGATACACGCC-1,0.000045,0.175987,0.376137,0.447831
AAATCGCGGAAGGAGT-1,0.129325,0.857762,0.002806,0.010107
AAATCGTGTACCACAA-1,0.034731,0.000259,0.833092,0.131917
AAATCTAGCCCTGCTA-1,0.000036,0.188541,0.061704,0.749718
AAATCTGCCCGCGTCC-1,0.243147,0.682775,0.012829,0.06125
AAATGACTGATCAAAC-1,0.007203,0.319577,0.673075,0.000145
AAATGATTCGATCAGC-1,0.329549,0.326511,0.10301,0.240929
AAATGCTCGTTACGTT-1,0.011346,0.077865,0.367175,0.543614
AAATGGCATGTCTTGT-1,0.000049,0.04493,0.401356,0.553666
AAATGGCCCGTGCCCT-1,0.249966,0.173769,0.066699,0.509566
AAATGGTCAATGTGCC-1,0.031844,0.000349,0.967457,0.000349
AAATGTATCTTATCCC-1,0.009588,0.218722,0.182847,0.588843
AAATGTGGGTGCTCCT-1,0.003076,0.361412,0.45561,0.179902
AAATTAACGGGTAGCT-1,0.129943,0.10821,0.622478,0.13937
AAATTAATAAGCGCGA-1,0.043905,0.293981,0.007774,0.65434
AAATTACACGACTCTG-1,0.075628,0.005611,0.196192,0.722569
AAATTACCTATCGATG-1,0.000043,0.017779,0.120034,0.862144
AAATTCCAGGTCCAAA-1,0.359039,0.000243,0.231327,0.409392
AAATTGATAGTCCTTT-1,0.000061,0.000184,0.660254,0.339502
AAATTGCGGCGGTTCT-1,0.000041,0.107703,0.742846,0.149409
AAATTGGTGAGAAGCA-1,0.71133,0.132677,0.005404,0.150589
AAATTTACCGAAATCC-1,0.058069,0.006584,0.273105,0.662242
AAATTTGCGGGTGTGG-1,0.000046,0.000137,0.535105,0.464712
AACAACTGGTAGTTGC-1,0.000035,0.118842,0.723772,0.15735
AACAATACATTGTCGA-1,0.015761,0.003653,0.592623,0.387963
AACAATTACTCTACGC-1,0.114932,0.009944,0.570896,0.304228
AACACACGCTCGCCGC-1,0.029591,0.186567,0.020355,0.763486
AACACGACTGTACTGA-1,0.00136,0.123226,0.315975,0.559439
AACACGAGACGCGGCC-1,0.025192,0.043517,0.355434,0.575856
AACACGCGGCCGCGAA-1,0.000021,0.235579,0.452198,0.312202
AACAGCTGTGTGGCAA-1,0.058805,0.014449,0.754392,0.172354
AACAGGAAATCGAATA-1,0.000058,0.000618,0.628481,0.370843
AACAGGATGGGCCGCG-1,0.069455,0.138944,0.666801,0.124801
AACAGGTAGTATGGAT-1,0.048627,0.384874,0.000997,0.565503
AACATAGCGTGTATCG-1,0.011195,0.672031,0.27186,0.044914
AACATATCAACTGGTG-1,0.081333,0.000255,0.416464,0.501948
AACATCGATACGTCTA-1,0.532971,0.000834,0.22895,0.237245
AACATTGAAGTTGATC-1,0.000028,0.412671,0.232484,0.354818
AACATTGGTCAGCCGT-1,0.000031,0.007909,0.442925,0.549134
AACATTGTGACTCGAG-1,0.028862,0.046846,0.901211,0.023081
AACCAAGACTTCTCTG-1,0.015714,0.054592,0.599966,0.329728
AACCAGTATCACTCTT-1,0.05943,0.099569,0.166791,0.674211
AACCATAGGGTTGAAC-1,0.036504,0.861291,0.074049,0.028156
AACCATGGGATCGCTA-1,0.000036,0.069587,0.592031,0.338346
AACCCAGAGACGGAGA-1,0.047132,0.266551,0.364869,0.321447
AACCCATCCCATGATC-1,0.051452,0.117736,0.298366,0.532446
AACCCGACAACCCGTG-1,0.000032,0.176518,0.755478,0.067972
AACCCGAGCAGAATCG-1,0.000038,0.394096,0.000114,0.605752
AACCCGATAGGGCTTC-1,0.999731,0.00009,0.00009,0.00009
AACCCGCTGTATTCCA-1,0.110841,0.259447,0.629584,0.000128
AACCCTACTGTCAATA-1,0.000022,0.1695,0.212073,0.618405
AACCCTGGTGGAACCA-1,0.001304,0.087042,0.042283,0.869371
AACCGAGCTTGGTCAT-1,0.000057,0.091557,0.908214,0.000172
AACCGCTAAGGGATGC-1,0.000044,0.085578,0.405734,0.508644
AACCGTTGTGTTTGCT-1,0.000096,0.000287,0.674496,0.32512
AACCTAAAGCCGTCCG-1,0.066613,0.342282,0.257113,0.333992
AACCTCGCTTTAGCCC-1,0.000044,0.192268,0.452525,0.355163
AACCTGTCACGGAATT-1,0.765996,0.000341,0.098138,0.135524
AACCTTTAAATACGGT-1,0.000045,0.09314,0.670387,0.236428
AACCTTTACGACGTCT-1,0.134291,0.139041,0.303889,0.422779
AACGAAAGTCGTCCCA-1,0.123135,0.652228,0.008308,0.216329
AACGACCTCCTAGCCG-1,0.043098,0.939024,0.000054,0.017824
AACGATAATGCCGTAG-1,0.000036,0.118063,0.642175,0.239725
AACGATAGAAGGGCCG-1,0.000061,0.03531,0.953128,0.011501
AACGATATGTCAACTG-1,0.000068,0.224637,0.282995,0.4923
AACGCATGATCTGGGT-1,0.000032,0.267485,0.013625,0.718857
AACGCGAACGGCAACA-1,0.000082,0.220154,0.646593,0.133171
AACGCGACCTTGGGCG-1,0.00004,0.218495,0.656577,0.124888
AACGCGGTCTCCAGCC-1,0.000089,0.003549,0.813297,0.183065
AACGCTGTTGCTGAAA-1,0.00004,0.001139,0.078951,0.91987
AACGGACGTACGTATA-1,0.000059,0.030148,0.324554,0.64524
AACGGCCATCTCCGGT-1,0.000028,0.197178,0.331286,0.471508
AACGTACTGTGGGTAC-1,0.022795,0.070113,0.664424,0.242668
AACGTAGTCTACCCAT-1,0.046216,0.000348,0.585769,0.367667
AACGTCAGACTAGTGG-1,0.00005,0.108433,0.797188,0.094329
AACGTCATCCGGCTTG-1,0.000027,0.524939,0.468892,0.006142
AACGTCGCTGCACTTC-1,0.000028,0.568661,0.053857,0.377454
AACGTGATGAAGGACA-1,0.010002,0.082082,0.223296,0.684619
AACGTGCGAAAGTCTC-1,0.00004,0.016545,0.311,0.672416
AACGTTATCAGCACCT-1,0.016535,0.210509,0.059039,0.713918
AACGTTCTACCATTGT-1,0.290729,0.518739,0.187429,0.003103
AACTACCCGTTTGTCA-1,0.115656,0.379059,0.102736,0.402549
AACTAGCGTATCGCAC-1,0.052601,0.00026,0.946879,0.00026
AACTAGGCTTGGGTGT-1,0.000131,0.000392,0.999085,0.000392
AACTCAAGTTAATTGC-1,0.021167,0.038501,0.569922,0.37041
AACTCCAGAGCGTGTT-1,0.000044,0.147509,0.172964,0.679482
AACTCCTAATCCCATG-1,0.103754,0.078571,0.237711,0.579965
AACTCGATAAACACGT-1,0.009838,0.135677,0.457087,0.397398
AACTCGATGGCGCAGT-1,0.000017,0.112964,0.168262,0.718756
AACTCTCAATAGAGCG-1,0.015669,0.068291,0.252531,0.663508
AACTCTCAGTGTGCTC-1,0.000035,0.1297,0.679604,0.190661
AACTGAGGTCAGCGTC-1,0.361992,0.000286,0.144417,0.493304
AACTGAGTTATACTGA-1,0.365088,0.538315,0.000051,0.096546
AACTGATATTAGGCCT-1,0.0001,0.11845,0.614715,0.266735
AACTGGGTCCCGACGT-1,0.00547,0.112678,0.266116,0.615736
AACTGGGTTCGAGCCG-1,0.046602,0.224725,0.119382,0.609291
AACTGGTGTGGGCCTT-1,0.000103,0.098311,0.841168,0.060418
AACTTCTGCGTCTATC-1,0.000051,0.001773,0.66836,0.329816
AACTTGCCCGTATGCA-1,0.00003,0.093046,0.693792,0.213132
AACTTGCGTTCTCGCG-1,0.0235,0.03235,0.474018,0.470132
AACTTTACGGGAGCTT-1,0.070394,0.237559,0.343611,0.348436
AACTTTAGCTGCTGAG-1,0.087879,0.08662,0.660273,0.165229
AACTTTCTCGATCATG-1,0.999275,0.000242,0.000242,0.000242
AAGAAAGTTTGATGGG-1,0.019787,0.489431,0.146801,0.34398
AAGAAATCACCAGATT-1,0.984039,0.000174,0.000174,0.015613
AAGAAGGATCAGTTAG-1,0.000026,0.06111,0.328786,0.610078
AAGACATACGTGGTTT-1,0.000967,0.69269,0.071277,0.235065
AAGACCAAATAACTCA-1,0.128956,0.660814,0.029419,0.180811
AAGACCCAACTGAACA-1,0.000048,0.037225,0.962581,0.000145
AAGACTAACCCGTTGT-1,0.000045,0.062579,0.779871,0.157504
AAGACTCACGCCCACT-1,0.073207,0.33189,0.141275,0.453627
AAGACTGCAAGCTACT-1,0.000053,0.00016,0.78751,0.212277
AAGAGATGAATCGGTA-1,0.000045,0.01268,0.456152,0.531122
AAGAGCTCTTTATCGG-1,0.04105,0.067653,0.269265,0.622033
AAGAGGATGTACGCGA-1,0.000041,0.000124,0.600875,0.39896
AAGAGGCATGGATCGC-1,0.000017,0.024144,0.104063,0.871777
AAGAGGCCCTTTGGAA-1,0.015803,0.195109,0.012584,0.776504
AAGATGGCACCGGACC-1,0.000044,0.062304,0.330117,0.607536
AAGATTGGCGGAACGT-1,0.0297,0.003263,0.080374,0.886662
AAGCACCCTGCGTATC-1,0.000046,0.087173,0.407342,0.50544
AAGCATACTCTCCTGA-1,0.039529,0.073698,0.700235,0.186538
AAGCCACTTGCAGGTA-1,0.006035,0.726967,0.064863,0.202135
AAGCCGAAGCGGTTTA-1,0.000079,0.000236,0.024009,0.975676
AAGCCGCCGTGAAATC-1,0.076778,0.297072,0.151756,0.474393
AAGCCGCTTTACCTTG-1,0.999688,0.000104,0.000104,0.000104
AAGCCGGAGAGCAGGA-1,0.164893,0.378672,0.158861,0.297574
AAGCGCAGGGCTTTGA-1,0.000031,0.446849,0.389162,0.163957
AAGCGGAGTGCGCGCA-1,0.999641,0.00012,0.00012,0.00012
AAGCGGCGTCATGGGT-1,0.030398,0.060988,0.309624,0.59899
AAGCGTCCCTCATCGA-1,0.008654,0.006966,0.642704,0.341676
AAGCTAGATCGAGTAA-1,0.000019,0.156841,0.516702,0.326437
AAGCTATGGATTGACC-1,0.037606,0.929869,0.000041,0.032484
AAGCTCGTGCCAAGTC-1,0.000071,0.000213,0.76237,0.237346
AAGCTCTTTCATGGTG-1,0.000041,0.063665,0.375757,0.560537
AAGGAGAACTTATAAG-1,0.000055,0.030847,0.859458,0.10964
AAGGAGCGGTTGGTGC-1,0.000143,0.000429,0.999,0.000429
AAGGATCGATCGCTTG-1,0.099235,0.093561,0.24372,0.563485
AAGGATGAGGGACCTC-1,0.028191,0.203564,0.24313,0.525116
AAGGCAGGCTGTCTCC-1,0.201349,0.408187,0.059475,0.330989
AAGGCGCGTAAAGCTT-1,0.006867,0.096201,0.842569,0.054364
AAGGCTGTGCTCATCG-1,0.000087,0.00026,0.967352,0.032301
AAGGGAACGACTGGCT-1,0.009587,0.196718,0.214233,0.579461
AAGGGACAGATTCTGT-1,0.000036,0.207806,0.313285,0.478874
AAGGGACTATGCATTC-1,0.026725,0.267147,0.099114,0.607014
AAGGGTTAGCCATGCG-1,0.048126,0.732769,0.000061,0.219045
AAGGGTTTGATTTCAG-1,0.49246,0.478253,0.029161,0.000127
AAGGTATCCTAATATA-1,0.000058,0.000175,0.367208,0.632559
AAGGTGATAAACCAGC-1,0.030971,0.179513,0.349893,0.439623
AAGTAAGCTTCCAAAC-1,0.070971,0.00231,0.561226,0.365492
AAGTAGAAGACCGGGT-1,0.000208,0.07149,0.75505,0.173252
AAGTAGTGACGCGAGG-1,0.000062,0.000185,0.751547,0.248206
AAGTCAATTGTCGTCA-1,0.032112,0.022987,0.297626,0.647276
AAGTCTAGTAGCTGCC-1,0.93793,0.000139,0.061793,0.000139
AAGTCTTCTGTGGCCT-1,0.143706,0.199436,0.063041,0.593817
AAGTGACGACCGAATT-1,0.000023,0.149504,0.258714,0.591759
AAGTGAGTCGGGTTTA-1,0.000063,0.004363,0.774839,0.220735
AAGTGCAAAGGTAGAC-1,0.000042,0.041159,0.385214,0.573586
AAGTGCCTTGACTGTA-1,0.00004,0.087077,0.000121,0.912761
AAGTGCGTTAGAATCT-1,0.039231,0.033474,0.288225,0.63907
AAGTGCTTCTCTATTG-1,0.000023,0.151697,0.434148,0.414132
AAGTGTTTGGAGACGG-1,0.000074,0.000222,0.546411,0.453293
AAGTTCACTCCAAGCT-1,0.000039,0.177847,0.201336,0.620779
AAGTTCAGTCTGCGTA-1,0.067853,0.255807,0.302177,0.374163
AAGTTCGGCCAACAGG-1,0.000051,0.000154,0.728139,0.271655
AAGTTGTGATGTTATA-1,0.005708,0.578133,0.014145,0.402014
AAGTTTACTAATGGCA-1,0.057652,0.156941,0.681065,0.104342
AAGTTTATGGGCCCAA-1,0.000033,0.530869,0.453053,0.016045
AATAACAACGCTCGGC-1,0.000051,0.081654,0.644856,0.27344
AATAACACTAGAACAA-1,0.066745,0.043523,0.526644,0.363087
AATAACGTCGCGCCCA-1,0.002702,0.767324,0.04273,0.187244
AATAAGTCCTCGAGAC-1,0.000031,0.068761,0.229674,0.701535
AATAATCTTCGTATCG-1,0.204856,0.304223,0.329263,0.161659
AATACAATGTTTCAGG-1,0.083998,0.000158,0.670876,0.244969
AATACCGGAGGGCTGT-1,0.016654,0.207663,0.165308,0.610375
AATACCTGATGTGAAC-1,0.038922,0.617864,0.33743,0.005784
AATAGAACAGAGTGGC-1,0.000068,0.067117,0.799211,0.133603
AATAGAATCTGTTTCA-1,0.000031,0.010596,0.306015,0.683358
AATAGCAAGCCTCCTG-1,0.194162,0.188501,0.136506,0.480831
AATAGCTACCGCGTGC-1,0.249914,0.152986,0.541654,0.055447
AATAGGCACGACCCTT-1,0.000015,0.62223,0.226694,0.151061
AATAGTCCGTCCCGAC-1,0.024692,0.000436,0.781605,0.193267
AATAGTCGCGAGTCGG-1,0.051398,0.160117,0.565364,0.223122
AATATCAAGGTCGGAT-1,0.000134,0.000401,0.963222,0.036243
AATATCCTAGCAAACT-1,0.090831,0.553657,0.249828,0.105684
AATATCGAATCAATGC-1,0.047138,0.079926,0.092004,0.780932
AATATCGAGGGTTCTC-1,0.020022,0.053489,0.252889,0.6736
AATATTGGAGTATTGA-1,0.036237,0.003051,0.705931,0.254782
AATCAGACTGCAGGAC-1,0.000028,0.126502,0.57649,0.29698
AATCAGGTTTCATTTA-1,0.000015,0.209199,0.145994,0.644791
AATCATGTAAAGACTC-1,0.000458,0.14006,0.13629,0.723192
AATCCAAGGGCCTGAG-1,0.019617,0.214004,0.641394,0.124986
AATCCATGCAAGGGTG-1,0.000028,0.118706,0.384383,0.496883
AATCCCGCTCAGAGCC-1,0.000022,0.676933,0.313216,0.009829
AATCGAGGTCTCAAGG-1,0.008487,0.681557,0.29492,0.015037
AATCGCCTCAGCGCCA-1,0.000068,0.017799,0.677288,0.304845
AATCGCGCAGAGGACT-1,0.009881,0.430398,0.001163,0.558558
AATCGGGACACTACGA-1,0.016592,0.000233,0.761634,0.221541
AATCGGTATAGCCCTC-1,0.000012,0.614179,0.002593,0.383216
AATCGTGAGCCGAGCA-1,0.00005,0.208927,0.494218,0.296805
AATCTAGGTTTACTTG-1,0.080458,0.128665,0.147379,0.643498
AATCTATGCCGGAGCC-1,0.160349,0.016523,0.248826,0.574302
AATCTCTACTGTGGTT-1,0.040304,0.000139,0.542547,0.41701
AATCTGCGTTGGGACG-1,0.062787,0.032395,0.208311,0.696508
AATCTGGCTTTCTAGT-1,0.059881,0.116958,0.326032,0.497128
AATCTGGGTAGACCCT-1,0.119531,0.293418,0.188866,0.398184
AATGACAGCAATGTCT-1,0.168985,0.000118,0.435393,0.395504
AATGACGTAGGATGTC-1,0.022351,0.117233,0.249127,0.61129
AATGACTGTCAGCCGG-1,0.000162,0.000485,0.812336,0.187018
AATGAGTTCGCATATG-1,0.000035,0.013631,0.423298,0.563037
AATGATGATACGCTAT-1,0.000068,0.108399,0.688711,0.202822
AATGATGCGACTCCTG-1,0.000026,0.008664,0.009929,0.981382
AATGCAACCGGGTACC-1,0.013385,0.000153,0.985358,0.001103
AATGCACCAAGCAATG-1,0.088955,0.000279,0.199963,0.710803
AATGGCCGCCAATGCG-1,0.976212,0.000081,0.023627,0.000081
AATGGTCCACCGTTCA-1,0.142174,0.119067,0.37707,0.36169
AATGGTTCTCACAAGC-1,0.000052,0.323173,0.583571,0.093205
AATGTATGGCACTGTA-1,0.041729,0.776125,0.000031,0.182115
AATGTGCCCGAGGTGT-1,0.040568,0.095498,0.434978,0.428956
AATGTGCTAATCTGAG-1,0.005221,0.24261,0.141513,0.610656
AATGTTAAGACCCTGA-1,0.000362,0.76245,0.2302,0.006988
AATGTTGTCGTGAGAC-1,0.005522,0.510142,0.000166,0.48417
AATTAAAGGTCGGCGT-1,0.000088,0.039915,0.933051,0.026947
AATTAACGGATTTCCA-1,0.000061,0.26701,0.622319,0.11061
AATTACGAGACCCATC-1,0.217842,0.700282,0.000603,0.081273
AATTACTCGTACGCTC-1,0.024371,0.039902,0.397281,0.538446
AATTAGCGCTGCAGCG-1,0.01766,0.000209,0.981922,0.000209
AATTATACCCAGCAAG-1,0.000035,0.412991,0.169893,0.417081
AATTCATAAGGGATCT-1,0.000057,0.012597,0.319602,0.667745
AATTCATTGTCATGCA-1,0.024195,0.753925,0.122815,0.099065
AATTCCAACTTGGTGA-1,0.014458,0.013703,0.439464,0.532375
AATTCCAAGCATGTAC-1,0.0547,0.229454,0.715476,0.00037
AATTCGATTCGAGGAT-1,0.012871,0.370296,0.568024,0.048809
AATTCTAGAGTTAGGC-1,0.077702,0.000282,0.921735,0.000282
AATTGAACGCTCTGGT-1,0.000025,0.077103,0.31093,0.611942
AATTGCAGCAATCGAC-1,0.00004,0.140567,0.176648,0.682745
AATTGCGTGGATTACA-1,0.03223,0.909473,0.000496,0.057802
AATTGTGGTTGCCAAA-1,0.034936,0.369222,0.016701,0.57914
AATTTGGGACATAGTA-1,0.000041,0.006841,0.133052,0.860066
AATTTGGTTCCAAAGA-1,0.031896,0.002436,0.826698,0.13897
ACAAACCATGCGTCCT-1,0.281092,0.091938,0.083715,0.543255
ACAAACCGACAAGGCG-1,0.00927,0.303687,0.100332,0.586711
ACAAACTCCATCAGAG-1,0.000016,0.582065,0.114606,0.303313
ACAAAGAAGGTAGGCC-1,0.02627,0.420262,0.002112,0.551356
ACAAAGCATGACCTAG-1,0.00002,0.307102,0.042484,0.650395
ACAAATCGCACCGAAT-1,0.010944,0.000687,0.592734,0.395634
ACAAATGGTAGTGTTT-1,0.00005,0.000507,0.487489,0.511953
ACAAATTCAGATCTGA-1,0.082346,0.119896,0.172476,0.625282
ACAACAGCATGAGCTA-1,0.053638,0.171118,0.503983,0.271261
ACAACGGTCCCTGCGA-1,0.000052,0.020976,0.905376,0.073596
ACAAGCAGTGCCTAGC-1,0.000034,0.000103,0.576257,0.423605
ACAAGCTATATGGAAG-1,0.016962,0.398255,0.082208,0.502576
ACAAGGAAATCCGCCC-1,0.000028,0.028806,0.480831,0.490334
ACAAGGACAAGAGGTT-1,0.000037,0.124105,0.764899,0.110959
ACAAGGATGCTTTAGG-1,0.000068,0.198844,0.403939,0.397149
ACAAGGCCTACCAGCC-1,0.060042,0.244168,0.16386,0.53193
ACAAGGGCAGGCTCTG-1,0.000037,0.065629,0.364826,0.569508
ACAAGTAATTGTAAGG-1,0.089121,0.563645,0.010986,0.336248
ACAATAGTCGTACGTT-1,0.087745,0.094075,0.357848,0.460332
ACAATCCATTTAAACC-1,0.00003,0.071493,0.487379,0.441098
ACAATCGATCTTTATA-1,0.000046,0.144857,0.521894,0.333204
ACAATGAATACGGAGA-1,0.170772,0.000171,0.464255,0.364801
ACAATGATTCTTCTAC-1,0.227978,0.352515,0.02221,0.397297
ACAATTGTGTCTCTTT-1,0.011033,0.196115,0.284187,0.508664
ACAATTTAGGAGGCTC-1,0.024351,0.110634,0.132127,0.732888
ACAATTTGAGCAGTGG-1,0.00003,0.209132,0.600347,0.190491
ACAATTTGGCCATATT-1,0.597463,0.000471,0.245071,0.156994
ACACAAAGACGGGTGG-1,0.034257,0.000239,0.965264,0.000239
ACACAAATATTCCTAG-1,0.999499,0.000167,0.000167,0.000167
ACACACCAGGACCAGT-1,0.00003,0.117839,0.040187,0.841944
ACACACTTTCTACACG-1,0.067417,0.156834,0.304788,0.470961
ACACATGATCAAATCT-1,0.10352,0.04204,0.244891,0.609549
ACACATTGACGCAACA-1,0.066093,0.000279,0.635073,0.298555
ACACATTTCCGTAGAC-1,0.149506,0.113508,0.736816,0.00017
ACACCACATAATTAGC-1,0.373963,0.518637,0.000544,0.106856
ACACCCAGCATGCAGC-1,0.005691,0.284171,0.709627,0.00051
ACACCCGAGAAATCCG-1,0.005242,0.092215,0.730676,0.171868
ACACCCGTAAATCTGT-1,0.956474,0.00007,0.043386,0.00007
ACACCGAGCGCTCTTT-1,0.08091,0.171686,0.296187,0.451218
ACACCGGTCTGACCGC-1,0.053366,0.357263,0.001468,0.587902
ACACCTTAAGTAGGGC-1,0.000552,0.131923,0.800194,0.067331
ACACCTTACTACTTGC-1,0.00004,0.552943,0.014795,0.432222
ACACGAGACTCCTTCT-1,0.000067,0.000201,0.87319,0.126541
ACACGGCACTATGCAT-1,0.050002,0.039609,0.619029,0.29136
ACACGGGAACTTAGGG-1,0.000058,0.063824,0.562528,0.37359
ACACGTAGGCCACAAG-1,0.060408,0.441973,0.209573,0.288046
ACACTCCAATGTCACT-1,0.000028,0.023602,0.233027,0.743344
ACACTGATCAAGGTGT-1,0.000049,0.067662,0.804737,0.127552
ACACTGGGACAGTCGT-1,0.153374,0.30474,0.164635,0.377252
ACAGAACTGAGAACAA-1,0.010016,0.192062,0.003499,0.794422
ACAGATTAGGTTAGTG-1,0.023118,0.033836,0.67169,0.271356
ACAGCATAGAGCCAGT-1,0.000031,0.139549,0.45072,0.409699
ACAGCGACATTCTCAT-1,0.000038,0.241018,0.203998,0.554946
ACAGCGCACCCGCAGC-1,0.000059,0.043613,0.376378,0.579949
ACAGGAGGCGCAGCCG-1,0.001392,0.055836,0.547174,0.395598
ACAGGCACGGATCCTT-1,0.00003,0.51692,0.07959,0.403459
ACAGGCTTGCCCGACT-1,0.000063,0.004919,0.43004,0.564978
ACAGGTGGAGGTGAGG-1,0.000052,0.026601,0.393573,0.579774
ACAGGTGTGTTGTTGC-1,0.045695,0.343735,0.053523,0.557047
ACAGTAATACAACTTG-1,0.004909,0.174862,0.029786,0.790444
ACAGTATACCGTGGGA-1,0.848469,0.000229,0.062561,0.088741
ACAGTGCAGCGCATTT-1,0.112397,0.619384,0.098742,0.169477
ACATAAGTCGTGGTGA-1,0.031959,0.876319,0.047524,0.044199
ACATAATAAGGCGGTG-1,0.000098,0.000295,0.666633,0.332973
ACATACAATCAAGCGG-1,0.000013,0.573815,0.067896,0.358276
ACATCAGCTGGGACGC-1,0.087916,0.032845,0.54757,0.331668
ACATCCCGGCCATACG-1,0.000167,0.000501,0.781153,0.218179
ACATCCTGGTAACTGT-1,0.007298,0.014474,0.360074,0.618154
ACATCGATCGTTTACC-1,0.02884,0.047409,0.88733,0.036421
ACATCGCAATATTCGG-1,0.109337,0.507557,0.150629,0.232477
ACATCGGTCAGCCGCG-1,0.000059,0.000177,0.877669,0.122095
ACATCGTATGCAATGG-1,0.004773,0.006065,0.734258,0.254904
ACATCGTTAACCTAGT-1,0.019883,0.002377,0.411511,0.566229
ACATCTCAACGCGTAA-1,0.053075,0.104731,0.178439,0.663756
ACATGCTTACGGCAGC-1,0.128765,0.514982,0.000022,0.356231
ACATGGCGCCAAAGTA-1,0.000017,0.209339,0.002423,0.788222
ACATGGCTCAATTTAG-1,0.000025,0.047861,0.440283,0.511832
ACATTAGTTTATATCC-1,0.093314,0.0003,0.906086,0.0003
ACATTCGCGCGGAATA-1,0.054528,0.762727,0.044299,0.138446
ACATTTGAAACCTAAC-1,0.00002,0.464429,0.175121,0.360431
ACCAAACACCCAGCGA-1,0.721919,0.051224,0.000376,0.226482
ACCAAACTAGAAATCC-1,0.000029,0.222359,0.326338,0.451273
ACCAACACCACACACT-1,0.287791,0.168202,0.146672,0.397336
ACCAACCGCACTCCAC-1,0.007379,0.366636,0.084063,0.541922
ACCAACGCTTATTTAT-1,0.000049,0.125359,0.861549,0.013043
ACCAAGAACGCGTGTC-1,0.007827,0.088993,0.751088,0.152092
ACCAAGTCATCGGCAG-1,0.000051,0.228889,0.460488,0.310572
ACCAATATGCAAGTTA-1,0.000064,0.000193,0.416631,0.583112
ACCACAACTCAGAACA-1,0.000046,0.028247,0.457228,0.51448
ACCACAAGTTTCTATC-1,0.186467,0.045839,0.634995,0.132699
ACCACACGGTTGATGG-1,0.014356,0.579023,0.403889,0.002732
ACCACCAATGTAACAA-1,0.000068,0.000204,0.083935,0.915793
ACCACCCTCTCTTCTA-1,0.999524,0.000159,0.000159,0.000159
ACCACGTGCAGCTATA-1,0.00002,0.052031,0.259918,0.688032
ACCACTGTTCAAGAAG-1,0.034695,0.002677,0.424009,0.538618
ACCAGACCATAACAAC-1,0.080728,0.227635,0.120672,0.570965
ACCAGCCCGGTCTTTG-1,0.067508,0.247288,0.53679,0.148414
ACCAGGAGTGTGATCT-1,0.00006,0.056086,0.752612,0.191241
ACCAGTGCCCGGTCAA-1,0.000042,0.117433,0.159298,0.723227
ACCAGTGCGGGAGACG-1,0.000102,0.201842,0.070144,0.727912
ACCATATCCGCAATAA-1,0.02914,0.067154,0.903424,0.000283
ACCATCCGCCAACTAG-1,0.100704,0.047846,0.102858,0.748592
ACCATCGTATATGGTA-1,0.000039,0.071937,0.674787,0.253237
ACCATTAAGGGTGTCA-1,0.03353,0.23261,0.385178,0.348682
ACCCAACGCCCGTGGC-1,0.064446,0.000152,0.57393,0.361473
ACCCACCTACATGCTC-1,0.000041,0.137216,0.669481,0.193262
ACCCATCTTGAGGGTA-1,0.000024,0.061643,0.547677,0.390656
ACCCATTTGTCCCTCT-1,0.001027,0.159165,0.294665,0.545143
ACCCGAGCGAAATTAC-1,0.04478,0.158732,0.238215,0.558273
ACCCGATTGGTTCCGA-1,0.033804,0.153717,0.015382,0.797097
ACCCGGAAACTCCCAG-1,0.000051,0.204794,0.782011,0.013145
ACCCGGAGCACCACAA-1,0.148,0.209458,0.037124,0.605418
ACCCGGATGACGCATC-1,0.000071,0.122688,0.122066,0.755175
ACCCGGTTACACTTCC-1,0.000025,0.211538,0.585606,0.202832
ACCCGTAGCAGAGAAT-1,0.037261,0.876723,0.043721,0.042295
ACCCGTAGTCTAGTTG-1,0.061529,0.647239,0.101637,0.189595
ACCCGTGTCATCAGTA-1,0.000073,0.133234,0.810253,0.05644
ACCCTATAGGACTGAG-1,0.000079,0.000238,0.718046,0.281637
ACCCTATGCCATATCG-1,0.00004,0.009029,0.331836,0.659096
ACCCTCCCGTCAGGGC-1,0.009348,0.505178,0.106908,0.378566
ACCCTCCCTTGCTATT-1,0.069447,0.18372,0.507279,0.239554
ACCCTGGTAACGCCCT-1,0.303871,0.435314,0.023507,0.237307
ACCCTTCATCTGCGAA-1,0.002963,0.148056,0.309705,0.539275
ACCCTTGCCTGGGTCG-1,0.99958,0.00014,0.00014,0.00014
ACCCTTTAGTTCTCCA-1,0.002473,0.125316,0.293736,0.578475
ACCGAAAGGGCCCTGC-1,0.000025,0.23662,0.534794,0.228561
ACCGAAGAGTCTGGTT-1,0.000524,0.233426,0.102592,0.663457
ACCGACACATCTCCCA-1,0.000025,0.333075,0.568919,0.097981
ACCGACTGAGTCCCAC-1,0.000036,0.044887,0.464812,0.490265
ACCGAGTCTCCTTATT-1,0.030832,0.514926,0.441092,0.013151
ACCGATAGGCATAACC-1,0.096999,0.344612,0.001056,0.557334
ACCGATATTTAATCAT-1,0.039444,0.856631,0.078992,0.024932
ACCGATGGTAGCATCG-1,0.000041,0.08855,0.275792,0.635616
ACCGCAATAACTGCCT-1,0.003012,0.093409,0.223047,0.680533
ACCGCGGTGGAAGTCG-1,0.026968,0.000206,0.312183,0.660642
ACCGCTAGTCATTGGT-1,0.012636,0.708588,0.002221,0.276555
ACCGGGCCTTTGTTGA-1,0.000038,0.211736,0.149447,0.638779
ACCGGTCAGGTACACC-1,0.194574,0.051355,0.238758,0.515313
ACCGGTCTGAGTACGG-1,0.020444,0.410019,0.130586,0.438951
ACCGTCCACTGGGCCC-1,0.196601,0.708471,0.001132,0.093796
ACCGTGACCACGTGGG-1,0.000053,0.019142,0.647219,0.333586
ACCGTTCCCGCTCTGA-1,0.024895,0.158363,0.290312,0.526429
ACCTAAGTACCTTTCA-1,0.000039,0.198012,0.325241,0.476707
ACCTAATCGACTTCCT-1,0.00004,0.11741,0.468492,0.414057
ACCTACAGTATGTGGT-1,0.062248,0.280451,0.02333,0.633971
ACCTACTATAAATCTA-1,0.220979,0.115062,0.558552,0.105407
ACCTCAGCGAGGCGCA-1,0.005222,0.532515,0.423315,0.038948
ACCTCCGCCCTCGCTG-1,0.000035,0.421131,0.097034,0.481799
ACCTCCGTTATTCACC-1,0.056704,0.200505,0.302683,0.440107
ACCTCGAACTTATGCT-1,0.007505,0.394794,0.090449,0.507251
ACCTGCGTGTCATGTT-1,0.007846,0.0006,0.265074,0.72648
ACCTTTCCTTTAGAAG-1,0.000028,0.342945,0.366865,0.290161
ACGAAATGGGCGGCAC-1,0.000019,0.038856,0.304313,0.656812
ACGACCCATGAGTTGC-1,0.364839,0.242191,0.117164,0.275807
ACGACTCTAGGGCCGA-1,0.000076,0.319593,0.397996,0.282335
ACGACTGGTCATACTC-1,0.030448,0.215404,0.068654,0.685494
ACGAGAACCCATCACG-1,0.000024,0.218944,0.562207,0.218826
ACGAGATATTTGCTTA-1,0.034543,0.082903,0.112626,0.769927
ACGAGGATACCACTCT-1,0.032316,0.089681,0.41779,0.460213
ACGAGGTTTACAACGT-1,0.0997,0.048556,0.211198,0.640547
ACGAGTACGGATGCCC-1,0.000039,0.128865,0.039503,0.831593
ACGAGTCGCCGGCGTT-1,0.00939,0.052537,0.298719,0.639353
ACGATACATAGAACTA-1,0.00004,0.169987,0.048295,0.781678
ACGATACCTATCCTGA-1,0.227168,0.014217,0.09897,0.659645
ACGATCATACATAGAG-1,0.258497,0.193447,0.539606,0.00845
ACGATCATCTTGTAAA-1,0.000037,0.050654,0.02113,0.928179
ACGATGCATATGTTAT-1,0.005121,0.113213,0.801461,0.080205
ACGATGGATCCGATGC-1,0.065892,0.00017,0.541128,0.39281
ACGCAAACTAATAGAT-1,0.000045,0.071324,0.738358,0.190273
ACGCAATCACTACAGC-1,0.184658,0.211597,0.182237,0.421508
ACGCATAAATGACATG-1,0.205073,0.422072,0.136529,0.236326
ACGCATACGTTTACTA-1,0.008661,0.319031,0.2491,0.423209
ACGCATTCGTGAGTAC-1,0.000043,0.006618,0.855878,0.137461
ACGCCACTCGAAACAG-1,0.000018,0.568902,0.431025,0.000055
ACGCCAGATGATTTCT-1,0.033585,0.122896,0.36627,0.477249
ACGCCAGTGCGTTTGC-1,0.000018,0.36935,0.029428,0.601204
ACGCCCAGCTGTCGAT-1,0.031256,0.09299,0.361291,0.514463
ACGCCGCTAGACGACC-1,0.000035,0.040025,0.662014,0.297926
ACGCCTGACACGCGCT-1,0.000017,0.18197,0.388732,0.429281
ACGCGAAGTCAGACGA-1,0.175893,0.000335,0.697847,0.125925
ACGCGCTACACAGGGT-1,0.000059,0.002962,0.606502,0.390477
ACGCGGGCCAAGGACA-1,0.000035,0.073074,0.802993,0.123898
ACGCGTTTCTTAAGAG-1,0.009531,0.030927,0.197095,0.762446
ACGCTACTGAATGGGC-1,0.000017,0.735999,0.000052,0.263932
ACGCTAGTATCAGTGC-1,0.938476,0.000067,0.000067,0.06139
ACGCTAGTGATACACT-1,0.020343,0.000351,0.513003,0.466303
ACGCTGTGAGGCGTAG-1,0.013708,0.386187,0.010376,0.589729
ACGCTTAGTGTCTCTC-1,0.019558,0.037965,0.329568,0.612908
ACGGAACACGAGTGCC-1,0.000014,0.531783,0.03457,0.433634
ACGGAATTTAGCAAAT-1,0.000035,0.040348,0.506822,0.452795
ACGGACGCAGCGACAA-1,0.001562,0.552233,0.011276,0.434929
ACGGACTCTCAAAGCG-1,0.000055,0.181674,0.571188,0.247082
ACGGAGCGCAAATTAC-1,0.23014,0.000283,0.200416,0.569161
ACGGATGGTGCGGATA-1,0.000048,0.20523,0.206866,0.587857
ACGGCACTTGCTTGGG-1,0.017538,0.000429,0.981604,0.000429
ACGGCCAACATGGACT-1,0.128993,0.034476,0.824486,0.012044
ACGGCGACGATGGGAA-1,0.000036,0.000107,0.368095,0.631762
ACGGCGGGTTGCCCTG-1,0.000019,0.178322,0.463761,0.357899
ACGGCTGGATGTAGAA-1,0.001469,0.43812,0.002833,0.557578
ACGGGAGTGTCGGCCC-1,0.000037,0.032916,0.485409,0.481639
ACGGGCGTATGCGACA-1,0.912352,0.000123,0.087402,0.000123
ACGGGTCATGTGACTT-1,0.050658,0.038443,0.425919,0.48498
ACGGGTTGTGACCTGT-1,0.201283,0.496356,0.153347,0.149014
ACGGTACAGTTCAATG-1,0.00002,0.501645,0.068745,0.42959
ACGGTCACCGAGAACA-1,0.08005,0.585424,0.031694,0.302832
ACGTACAGATTTCTCT-1,0.000048,0.072514,0.444042,0.483396
ACGTACTTTGGCACGG-1,0.00001,0.102699,0.003603,0.893687
ACGTAGATTGCTGATG-1,0.000078,0.000235,0.796801,0.202886
ACGTAGGAGAGTCGCT-1,0.019177,0.425931,0.534897,0.019995
ACGTATTACTCCGATC-1,0.000048,0.006698,0.000143,0.993112
ACGTCCTAAACGAGAT-1,0.141393,0.531794,0.326519,0.000294
ACGTCGGGCAACTCGG-1,0.320338,0.593607,0.044877,0.041178
ACGTCTCGTTCCGGGA-1,0.016775,0.40196,0.004727,0.576539
ACGTGACAAAGTAAGT-1,0.000018,0.426266,0.009468,0.564248
ACGTGCGCCTCGTGCA-1,0.000071,0.148753,0.467489,0.383687
ACGTGGTCGAATGTGC-1,0.051969,0.282495,0.321778,0.343757
ACGTTAATGTCGAAGA-1,0.000052,0.004577,0.779169,0.216202
ACGTTAGATTTGCCCG-1,0.047809,0.024393,0.691269,0.236529
ACGTTATTGGTCACTC-1,0.020478,0.075284,0.087007,0.817231
ACGTTCACTATGCCGC-1,0.111685,0.546723,0.125673,0.215919
ACGTTCCGCGCTCCGT-1,0.012305,0.187922,0.774964,0.024809
ACGTTCGCAATCAATT-1,0.058304,0.213461,0.309168,0.419067
ACGTTCGTTCAGGAAA-1,0.003698,0.000139,0.526117,0.470046
ACGTTCTGTACAAGTC-1,0.007047,0.414631,0.17755,0.400772
ACGTTGTCGTTGAAAG-1,0.000458,0.62113,0.143792,0.23462
ACGTTTAGTTGTGATC-1,0.000117,0.00035,0.944426,0.055107
ACGTTTCGGTGCACTT-1,0.006518,0.963591,0.011522,0.01837
ACTAAGGACGCACACC-1,0.999781,0.000073,0.000073,0.000073
ACTAATACGTCAGGCG-1,0.055253,0.000197,0.267821,0.67673
ACTACAAAGAGAGGTG-1,0.00002,0.446706,0.446485,0.106789
ACTACATCCCGACAAG-1,0.020564,0.186006,0.260933,0.532498
ACTACCAGCTCTCTGG-1,0.000038,0.118437,0.675363,0.206162
ACTACCATCCGAGGGC-1,0.112167,0.527631,0.263007,0.097195
ACTACGCGTTAGAATT-1,0.000113,0.024216,0.975334,0.000338
ACTAGTTGCGATCGTC-1,0.082353,0.114748,0.306116,0.496783
ACTATATGCTGTGTTC-1,0.276723,0.011006,0.191729,0.520542
ACTATCCAGGGCATGG-1,0.030445,0.218392,0.084105,0.667058
ACTATCGCCGGCTAAA-1,0.029476,0.266905,0.10542,0.598199
ACTATCTGCCCGCGTA-1,0.095199,0.208042,0.242237,0.454522
ACTATGTCCAGCTGCC-1,0.031303,0.085956,0.262786,0.619955
ACTATTCGTCCGTGGT-1,0.000045,0.0253,0.290677,0.683977
ACTATTTCCGGGCCCA-1,0.000065,0.000194,0.622501,0.37724
ACTCAACGAATGTATT-1,0.011002,0.140557,0.715223,0.133218
ACTCAAGTGCAAGGCT-1,0.00006,0.104067,0.533654,0.36222
ACTCAATAAAGGCACG-1,0.000078,0.000235,0.762503,0.237184
ACTCAGACCTGCTTCT-1,0.076199,0.000418,0.922965,0.000418
ACTCATGGCAGCCTTC-1,0.123567,0.372296,0.287243,0.216894
ACTCCAATATCATCAT-1,0.03629,0.003082,0.411695,0.548932
ACTCCCATTCCTAAAG-1,0.000017,0.327533,0.013089,0.659361
ACTCCCGAATTCGTTT-1,0.020401,0.219331,0.07678,0.683489
ACTCCCGTAGACTAGG-1,0.930317,0.000235,0.069212,0.000235
ACTCCCTAATGCTAAA-1,0.000064,0.26133,0.733631,0.004975
ACTCCCTAGAATAGTA-1,0.000056,0.043859,0.802394,0.153691
ACTCCGGCCGACCACT-1,0.000031,0.269692,0.379393,0.350884
ACTCGATGTATTTCAT-1,0.022944,0.159334,0.421241,0.396482
ACTCGCCGTTCGATAA-1,0.043066,0.682653,0.001723,0.272557
ACTCGCGATCTGACGC-1,0.728094,0.204859,0.000126,0.066922
ACTCGTAACCCGTCCT-1,0.019518,0.150644,0.017748,0.81209
ACTCGTCAGTAATCCC-1,0.000053,0.00016,0.482495,0.517291
ACTCTAAACCTGGGAT-1,0.002015,0.343194,0.315696,0.339095
ACTCTCTGACTTAGGT-1,0.000056,0.035636,0.599621,0.364687
ACTCTCTTATACACGA-1,0.051316,0.000293,0.509345,0.439046
ACTCTGACCTAATAGA-1,0.003199,0.437171,0.091469,0.468161
ACTCTTCAGCTCCCGC-1,0.81203,0.0511,0.136769,0.000101
ACTCTTGTATAGTAAC-1,0.000078,0.000235,0.79241,0.207276
ACTGAAACGCCGTTAG-1,0.0324,0.024418,0.419322,0.523859
ACTGAATGGCGAAAGT-1,0.000049,0.176494,0.397411,0.426046
ACTGATTTAGTGATTC-1,0.073531,0.034289,0.36809,0.524091
ACTGCCCGCCATTCTC-1,0.003627,0.294565,0.221483,0.480326
ACTGCCGTCGTAACTC-1,0.00003,0.009733,0.278376,0.711861
ACTGCGGACACACCGT-1,0.112452,0.772397,0.000177,0.114974
ACTGCTCGGAAGGATG-1,0.017182,0.031026,0.049404,0.902388
ACTGGCGAACCTGCGT-1,0.96964,0.000135,0.030089,0.000135
ACTGGGATGCCAGTGC-1,0.000027,0.544274,0.421778,0.033921
ACTGTACGATACACAT-1,0.142296,0.000199,0.615066,0.242439
ACTGTAGCACTTTGGA-1,0.000057,0.001622,0.836279,0.162042
ACTGTATACGCGAGCA-1,0.02921,0.084952,0.740415,0.145422
ACTGTCCAGGATTATA-1,0.043529,0.000362,0.955747,0.000362
ACTGTCTTCTTTAGAA-1,0.000045,0.000136,0.711037,0.288781
ACTGTGCTAGTAGATC-1,0.077029,0.02328,0.515999,0.383692
ACTGTTTAGTGTAGGC-1,0.000064,0.107548,0.700941,0.191447
ACTTACCGGGCGCGCA-1,0.034913,0.000181,0.459033,0.505874
ACTTACGCATCCACGC-1,0.000106,0.000318,0.625332,0.374244
ACTTAGTACGACAAGA-1,0.000042,0.249425,0.535328,0.215204
ACTTATACTTACCCGG-1,0.000048,0.005513,0.676563,0.317876
ACTTATCTGATCTATA-1,0.020704,0.000476,0.962278,0.016543
ACTTATTAGGATCGGT-1,0.066036,0.000404,0.933155,0.000404
ACTTATTTATGTGCCA-1,0.000069,0.0359,0.914348,0.049684
ACTTCAGGCTGATCCC-1,0.00005,0.026768,0.534412,0.43877
ACTTCCAGTGGAAGCT-1,0.258081,0.40485,0.03229,0.30478
ACTTCCATGCGGGACA-1,0.000064,0.104622,0.347507,0.547807
ACTTCCTGTCGTGCGA-1,0.567408,0.011609,0.118436,0.302548
ACTTCGCCATACGCAC-1,0.000066,0.009177,0.726832,0.263925
ACTTCGCTAGCGAGTG-1,0.902353,0.033512,0.064007,0.000128
ACTTGACTCCCTCTTT-1,0.000038,0.050154,0.418159,0.53165
ACTTGCCATATTGTAC-1,0.014128,0.030708,0.839192,0.115972
ACTTGCTCTATCTACC-1,0.138407,0.859993,0.000067,0.001534
ACTTGGGACCCGGTGG-1,0.010641,0.139587,0.5741,0.275672
ACTTGGGCTTTCGCCA-1,0.023128,0.331733,0.577228,0.067912
ACTTGTAGTCCCTTCA-1,0.155961,0.107121,0.403988,0.332931
ACTTGTGGATGGAACG-1,0.012475,0.242353,0.284749,0.460423
ACTTGTTACCGGATCA-1,0.21285,0.256606,0.42525,0.105295
ACTTTACCCTCATGAA-1,0.009027,0.2284,0.304274,0.4583
ACTTTATACACCACTT-1,0.145692,0.772765,0.000043,0.0815
ACTTTCCTATAGCTTC-1,0.016242,0.082342,0.719461,0.181956
ACTTTGACTGCATCCT-1,0.026111,0.231427,0.195302,0.54716
ACTTTGGTCGTGCTCC-1,0.013167,0.441371,0.037017,0.508445
ACTTTGTCGACGCACT-1,0.004182,0.489387,0.004706,0.501726
AGAAATTATGACTCGC-1,0.003297,0.290947,0.048923,0.656833
AGAACACGGCGATGGT-1,0.020131,0.837702,0.086644,0.055523
AGAACCCAGCGTGACA-1,0.462807,0.410061,0.030183,0.096949
AGAACCCTCAATTGGG-1,0.00001,0.766,0.000285,0.233705
AGAACGTGGTACATTC-1,0.02977,0.000165,0.712175,0.257891
AGAACTGTACTTTGTA-1,0.000039,0.287634,0.494887,0.21744
AGAAGAGCGCCGTTCC-1,0.000372,0.255439,0.206982,0.537207
AGAAGGTACACTTCAC-1,0.244666,0.027545,0.01163,0.716159
AGAAGGTTGCCGAATT-1,0.040601,0.140688,0.625019,0.193691
AGAAGGTTGTAGGTCG-1,0.013805,0.23197,0.710009,0.044217
AGAAGTGATTCGTGAT-1,0.058489,0.03799,0.238038,0.665483
AGAATAAATCTTCAGG-1,0.117516,0.000121,0.487591,0.394771
AGAATACAGGCTATCC-1,0.00774,0.567064,0.166791,0.258405
AGAATGCGGGTTCGGA-1,0.251612,0.08343,0.204964,0.459995
AGAATTATGGATTCGA-1,0.000066,0.000197,0.212816,0.786921
AGAATTGTTTGACATA-1,0.000027,0.020552,0.437697,0.541724
AGACAGCTCAGAATCC-1,0.072108,0.261071,0.093136,0.573685
AGACAGGCATCTCAGC-1,0.438217,0.415199,0.00018,0.146403
AGACATAGATCCTTCC-1,0.044225,0.000465,0.954846,0.000465
AGACCAAACCACACCT-1,0.000384,0.354582,0.189625,0.455408
AGACCATGGGATACAA-1,0.000043,0.071403,0.74367,0.184884
AGACCCACCGCTGATC-1,0.000044,0.16259,0.837235,0.000131
AGACCCGCCCTCCTCG-1,0.159551,0.089688,0.750587,0.000174
AGACCGCTCCGCGGTT-1,0.022168,0.027245,0.273791,0.676797
AGACCGGGAAACCCTG-1,0.02165,0.017045,0.270507,0.690799
AGACGAAGTGCCGGTC-1,0.000038,0.154765,0.162769,0.682429
AGACGACGATGCCGCT-1,0.03916,0.214081,0.172567,0.574192
AGACGCCCACTTCGCC-1,0.145436,0.378513,0.000857,0.475195
AGACGGGATTGGTATA-1,0.000039,0.243712,0.420584,0.335665
AGACGGGCCGATTTAA-1,0.022305,0.148778,0.233247,0.595669
AGACTAGCCTTCCAGA-1,0.019238,0.049131,0.804778,0.126853
AGACTGTTACCGGGTC-1,0.000056,0.000169,0.84111,0.158665
AGAGAAACACCAGAAA-1,0.000013,0.26471,0.36761,0.367666
AGAGAACCGTCTAGGA-1,0.020164,0.149957,0.605501,0.224378
AGAGAAGGAGTACAAT-1,0.000038,0.011681,0.439393,0.548888
AGAGATCTCTAAAGCG-1,0.105139,0.013705,0.248809,0.632347
AGAGCAGTTATGAGAC-1,0.063182,0.00753,0.448912,0.480376
AGAGCCGCCGAGATTT-1,0.082604,0.155768,0.201719,0.559909
AGAGCGCTTGTAACGG-1,0.949573,0.000182,0.050063,0.000182
AGAGCGGGCTAATCAT-1,0.084147,0.398839,0.404245,0.112769
AGAGCGTACAAGCTCG-1,0.000114,0.007925,0.675348,0.316613
AGAGCTACGAAAGCAT-1,0.000031,0.004587,0.296508,0.698874
AGAGGCTTCGGAAACC-1,0.000041,0.386063,0.080597,0.533299
AGAGGGACAATTGTCC-1,0.422083,0.324575,0.000073,0.253268
AGAGGTATCTCGGTCC-1,0.19884,0.000395,0.80037,0.000395
AGAGTAAACTTCACTA-1,0.000089,0.000267,0.105081,0.894563
AGAGTATAGTGTTACG-1,0.999415,0.000195,0.000195,0.000195
AGAGTCTTAATGAAAG-1,0.060857,0.375441,0.009722,0.553979
AGAGTGAACAGACACC-1,0.992067,0.000046,0.007841,0.000046
AGAGTTAGAGACCGAT-1,0.000045,0.19087,0.091801,0.717285
AGAGTTGCAGGCCTCC-1,0.842843,0.124387,0.032648,0.000122
AGATAACTTCAGGGCC-1,0.000038,0.119813,0.632806,0.247343
AGATAATCACACCTAT-1,0.00787,0.693141,0.00827,0.29072
AGATACCAATAGAACC-1,0.035198,0.593731,0.072508,0.298563
AGATACCAGCACTTCA-1,0.763858,0.025408,0.195899,0.014836
AGATACCGGTGTTCAC-1,0.035969,0.000407,0.762802,0.200822
AGATACGACTTCATAT-1,0.000047,0.046533,0.807178,0.146242
AGATACTCAAGATCGA-1,0.000033,0.022757,0.450255,0.526955
AGATATAATACGACTA-1,0.050885,0.251938,0.567279,0.129898
AGATCGTGCATAAGAT-1,0.00006,0.016783,0.226044,0.757113
AGATCTCAGGTGTGAT-1,0.000062,0.000187,0.509084,0.490667
AGATCTGGAGAGGATA-1,0.07379,0.737272,0.077472,0.111466
AGATGACTCGCCCACG-1,0.095372,0.021758,0.882576,0.000295
AGATGAGGGTTGCGAT-1,0.023694,0.072056,0.426568,0.477682
AGATGATGGAGTCTGG-1,0.026412,0.138296,0.023921,0.81137
AGATGCAAGACGTGCA-1,0.041379,0.118404,0.046242,0.793975
AGATGCATCCTGTGTC-1,0.000054,0.26939,0.143151,0.587406
AGATGCTATAACGAGC-1,0.000011,0.058451,0.214013,0.727525
AGATTATAGGACGTTT-1,0.049341,0.000247,0.771802,0.17861
AGATTCAAGCGGGTCG-1,0.10529,0.255372,0.179764,0.459574
AGATTCACAACCGATA-1,0.030669,0.164612,0.22118,0.58354
AGCAAAGGCCGCTAGT-1,0.000059,0.111198,0.675348,0.213394
AGCAACATATCTTATT-1,0.000045,0.148011,0.1562,0.695744
AGCAACCGAAAGTAAT-1,0.000672,0.056259,0.081411,0.861658
AGCACACGTTTAGACT-1,0.122064,0.347636,0.195319,0.334981
AGCACCAGTACTCACG-1,0.000052,0.06724,0.561024,0.371684
AGCACTACCGGCCTGT-1,0.029292,0.20855,0.472115,0.290042
AGCACTACCTCACCAG-1,0.000044,0.000132,0.403652,0.596172
AGCACTTAAGGACGCC-1,0.02581,0.266918,0.639292,0.067981
AGCAGAAGGAGAAAGA-1,0.000038,0.137136,0.830361,0.032465
AGCAGCCAGATGAATA-1,0.00025,0.00075,0.832931,0.166069
AGCAGTCGAAGCATGC-1,0.000022,0.444494,0.444755,0.11073
AGCATATCAATATGCT-1,0.000055,0.012918,0.265803,0.721224
AGCATCATTTCGAAAG-1,0.150676,0.054809,0.29744,0.497075
AGCATCGTCGATAATT-1,0.049144,0.005481,0.944849,0.000526
AGCATTACGAGGCAAG-1,0.000047,0.498739,0.360362,0.140851
AGCCAAGCTTTGTGTC-1,0.000165,0.017237,0.982102,0.000495
AGCCACAGGTTACCCG-1,0.000058,0.020242,0.561226,0.418474
AGCCACTCCCGTGCTT-1,0.109649,0.057878,0.474143,0.35833
AGCCATATAGTATGTG-1,0.034352,0.132556,0.746765,0.086327
AGCCCATACATGTAAG-1,0.009224,0.040905,0.362767,0.587104
AGCCCGCAACAAGCAG-1,0.000019,0.490405,0.385318,0.124258
AGCCCGCACTACAATG-1,0.005852,0.738262,0.023267,0.232618
AGCCCGGCATTAGAGG-1,0.086812,0.158458,0.201233,0.553497
AGCCCGGTAGCCTGTA-1,0.000056,0.200199,0.559693,0.240052
AGCCCTAAGCGAAGTT-1,0.0389,0.145786,0.495052,0.320261
AGCCCTCCCTGGTGGC-1,0.000032,0.384113,0.095862,0.519993
AGCCCTGTCGCACCGT-1,0.611378,0.200626,0.187443,0.000554
AGCCCTTCTAATCCGA-1,0.000036,0.157971,0.084534,0.757458
AGCCCTTGGACATCCC-1,0.023556,0.444969,0.029871,0.501603
AGCCGCAAATTCAAAT-1,0.151048,0.220329,0.275738,0.352885
AGCCGCTTGATTAGCG-1,0.053662,0.046382,0.321705,0.578252
AGCCGTGGCTAAATGT-1,0.002982,0.122036,0.290412,0.58457
AGCCTAATACCCACGT-1,0.131797,0.145828,0.328549,0.393826
AGCCTTAAAGCGGAAG-1,0.04891,0.173344,0.283551,0.494195
AGCCTTGTCACTGATA-1,0.428456,0.379573,0.000087,0.191884
AGCGACAGGAACGGTC-1,0.000032,0.047449,0.268253,0.684265
AGCGACATCCCATTCA-1,0.000063,0.115165,0.798118,0.086655
AGCGACCAACGATATT-1,0.166485,0.035118,0.798136,0.000261
AGCGACTTTGAAGACA-1,0.072359,0.387428,0.362083,0.17813
AGCGAGACGTGAAGGC-1,0.000021,0.325699,0.053831,0.620448
AGCGATGCGCCTAATA-1,0.026132,0.470537,0.011414,0.491917
AGCGCATAATGAATCG-1,0.015495,0.000282,0.98394,0.000282
AGCGCGGGTGCCAATG-1,0.000032,0.092675,0.011097,0.896197
