Barcode,Topic 1,Topic 2,Topic 3,Topic 4,Topic 5to7,Topic 8,Topic 9,Topic 10to12
AAACAACGAATAGTTC-1,0.000061,0.483093,0.516298,0.000061,0.000183,0.000061,0.000061,0.000183
AAACAAGTATCTCCCA-1,0.011343,0.045635,0.26931,0.006779,0.241772,0.150403,0.016961,0.257797
AAACAATCTACTAGCA-1,0.000095,0.02979,0.834582,0.134771,0.000286,0.000095,0.000095,0.000286
AAACACCAATAACTGC-1,0.121766,0.160098,0.000327,0.004317,0.339869,0.201574,0.000327,0.171722
AAACAGCTTTCAGAAG-1,0.36477,0.000014,0.000014,0.000762,0.006073,0.342196,0.014217,0.271954
AAACAGGGTCTATATT-1,0.007495,0.076414,0.000686,0.005279,0.205665,0.26186,0.046606,0.395994
AAACAGTGTTCCTGGG-1,0.009758,0.088182,0.139029,0.030291,0.481171,0.017309,0.034089,0.200171
AAACATGGTGAGAGGA-1,0.488227,0.026123,0.000016,0.000076,0.324879,0.0036,0.03049,0.126588
AAACATTTCCCGGATT-1,0.000036,0.092113,0.67058,0.020319,0.07352,0.125038,0.000036,0.018358
AAACCACTACACAGAT-1,0.00016,0.545264,0.184617,0.00016,0.114451,0.154708,0.00016,0.00048
AAACCCGAACGAAATC-1,0.000025,0.073038,0.348213,0.012742,0.430203,0.132007,0.000025,0.003746
AAACCGGAAATGTTAA-1,0.067455,0.026353,0.31561,0.053556,0.407324,0.019608,0.068301,0.041793
AAACCGGGTAGGTACC-1,0.09949,0.027878,0.028367,0.052456,0.051513,0.253854,0.004262,0.482178
AAACCGTTCGTCCAGG-1,0.001398,0.000007,0.001078,0.015819,0.225913,0.162877,0.100121,0.492787
AAACCTAAGCAGCCGG-1,0.012415,0.017474,0.327818,0.230708,0.194072,0.029068,0.010578,0.177868
AAACCTCATGAAGTTG-1,0.000746,0.058586,0.226666,0.291871,0.040446,0.016194,0.001364,0.364127
AAACGAAGAACATACC-1,0.012676,0.197315,0.618837,0.052888,0.000268,0.053796,0.000089,0.06413
AAACGAAGATGGAGTA-1,0.442182,0.049844,0.014178,0.169239,0.19813,0.000039,0.000039,0.126349
AAACGACAGTCTTGCC-1,0.00017,0.411171,0.512657,0.00017,0.074981,0.00017,0.00017,0.00051
AAACGAGACGGTTGAT-1,0.000027,0.002185,0.332824,0.237129,0.249247,0.001258,0.051182,0.126148
AAACGCTGGGCACGAC-1,0.042318,0.000059,0.179192,0.02361,0.317945,0.10169,0.029255,0.305931
AAACGGGCGTACGGGT-1,0.000962,0.00434,0.244299,0.037318,0.42728,0.223795,0.001789,0.060217
AAACGGGTTGGTATCC-1,0.000065,0.167735,0.77573,0.055948,0.000196,0.000065,0.000065,0.000196
AAACGGTTGCGAACTG-1,0.011645,0.014329,0.010453,0.022518,0.57104,0.010486,0.00173,0.357798
AAACGTGTTCGCCCTA-1,0.000025,0.000025,0.085704,0.001114,0.193519,0.663765,0.001833,0.054015
AAACTCGGTTCGCAAT-1,0.000008,0.001719,0.042836,0.04695,0.174457,0.039405,0.633709,0.060916
AAACTCGTGATATAAG-1,0.000031,0.151111,0.365253,0.00132,0.047756,0.328076,0.000031,0.106423
AAACTGCTGGCTCCAA-1,0.063746,0.000042,0.008957,0.089024,0.261539,0.024709,0.31894,0.233045
AAACTTAATTGCACGC-1,0.497422,0.501777,0.00008,0.00008,0.00024,0.00008,0.00008,0.00024
AAACTTGCAAACGTAT-1,0.530159,0.002285,0.031547,0.010524,0.021057,0.13843,0.00056,0.265438
AAAGAATGACCTTAGA-1,0.548557,0.007576,0.002404,0.001955,0.334967,0.070567,0.003752,0.030223
AAAGAATGTGGACTAA-1,0.000045,0.270718,0.333186,0.005452,0.365289,0.010494,0.002898,0.011919
AAAGACCCAAGTCGCG-1,0.000054,0.000054,0.362031,0.210756,0.090332,0.026302,0.001557,0.308914
AAAGACTGGGCGCTTT-1,0.042346,0.00002,0.008506,0.272108,0.032316,0.024803,0.01494,0.60496
AAAGCTTGCCTACATA-1,0.00001,0.006291,0.002517,0.00001,0.505175,0.421711,0.026455,0.037831
AAAGGCCCTATAATAC-1,0.652783,0.16439,0.019469,0.15197,0.011112,0.000055,0.000055,0.000166
AAAGGCTACGGACCAT-1,0.098215,0.000006,0.000383,0.003804,0.077479,0.016029,0.21702,0.587064
AAAGGCTCTCGCGCCG-1,0.022015,0.099655,0.045983,0.109815,0.172366,0.000655,0.04696,0.502552
AAAGGGATGTAGCAAG-1,0.024598,0.000031,0.189495,0.300212,0.048351,0.016122,0.357417,0.063774
AAAGGGCAGCTTGAAT-1,0.00002,0.006912,0.018475,0.23198,0.094031,0.005379,0.017188,0.626013
AAAGTAGCATTGCTCA-1,0.07111,0.297395,0.123414,0.421787,0.000133,0.000044,0.000044,0.086072
AAAGTCACTGATGTAA-1,0.000076,0.064851,0.597822,0.30037,0.036498,0.000076,0.000076,0.000229
AAAGTCGACCCTCAGT-1,0.040721,0.025058,0.028791,0.040713,0.089506,0.10145,0.075641,0.598121
AAAGTGCCATCAATTA-1,0.000044,0.024765,0.112099,0.076498,0.095282,0.358247,0.133931,0.199133
AAAGTGTGATTTATCT-1,0.000024,0.13555,0.163803,0.000024,0.162193,0.527642,0.000024,0.01074
AAAGTTGACTCCCGTA-1,0.000036,0.217124,0.443697,0.021685,0.042259,0.142311,0.041906,0.090982
AAATAACCATACGGGA-1,0.00012,0.633647,0.220913,0.00012,0.000359,0.00693,0.137551,0.000359
AAATAAGGTAGTGCCC-1,0.000047,0.000048,0.286209,0.036886,0.34952,0.264269,0.000047,0.062976
AAATACCTATAAGCAT-1,0.000024,0.028415,0.081364,0.520783,0.154744,0.007512,0.077736,0.129422
AAATAGCTTAGACTTT-1,0.000065,0.151689,0.118089,0.002462,0.251321,0.219807,0.057944,0.198623
AAATAGGGTGCTATTG-1,0.000028,0.044699,0.494946,0.082019,0.162708,0.008576,0.150488,0.056536
AAATCACTCCTAAACG-1,0.143294,0.57769,0.278273,0.000083,0.000248,0.000083,0.000083,0.000248
AAATCCGATACACGCC-1,0.000014,0.001358,0.156683,0.006583,0.494946,0.212551,0.023551,0.104314
AAATCGCGGAAGGAGT-1,0.348975,0.445246,0.028423,0.176829,0.000198,0.000066,0.000066,0.000198
AAATCGTGTACCACAA-1,0.000014,0.003739,0.009219,0.077632,0.289984,0.009926,0.01884,0.590645
AAATCTAGCCCTGCTA-1,0.000043,0.177158,0.367357,0.000043,0.130971,0.149011,0.000043,0.175374
AAATCTGCCCGCGTCC-1,0.53863,0.460909,0.000046,0.000046,0.000138,0.000046,0.000046,0.000138
AAATGACTGATCAAAC-1,0.000329,0.001842,0.008032,0.058636,0.315864,0.000005,0.61238,0.002912
AAATGATTCGATCAGC-1,0.019072,0.000061,0.226237,0.029088,0.238482,0.197816,0.044345,0.244899
AAATGCTCGTTACGTT-1,0.006001,0.003892,0.195724,0.531783,0.11394,0.00661,0.000046,0.142003
AAATGGCATGTCTTGT-1,0.000061,0.000061,0.44563,0.057706,0.128158,0.336859,0.002546,0.028979
AAATGGCCCGTGCCCT-1,0.091955,0.548139,0.037272,0.057767,0.030589,0.02969,0.019609,0.18498
AAATGGTCAATGTGCC-1,0.00003,0.001027,0.133599,0.410347,0.085264,0.00003,0.013961,0.355743
AAATGTATCTTATCCC-1,0.047047,0.050088,0.003852,0.018975,0.181748,0.011257,0.213683,0.473351
AAATGTGGGTGCTCCT-1,0.000076,0.518509,0.48073,0.000076,0.000228,0.000076,0.000076,0.000228
AAATTAACGGGTAGCT-1,0.025053,0.16642,0.067996,0.305202,0.0247,0.011799,0.033468,0.365362
AAATTAATAAGCGCGA-1,0.000007,0.004477,0.007719,0.008417,0.11301,0.322365,0.0617,0.482306
AAATTACACGACTCTG-1,0.000103,0.576016,0.331047,0.000103,0.00031,0.000103,0.000103,0.092213
AAATTACCTATCGATG-1,0.000051,0.252241,0.573023,0.000051,0.052353,0.010053,0.000051,0.112177
AAATTCCAGGTCCAAA-1,0.000017,0.042233,0.012345,0.000017,0.465133,0.474531,0.001349,0.004376
AAATTGATAGTCCTTT-1,0.189181,0.001304,0.093957,0.091127,0.019507,0.198009,0.101528,0.305386
AAATTGCGGCGGTTCT-1,0.000038,0.014803,0.387542,0.226793,0.007946,0.108871,0.000038,0.25397
AAATTGGTGAGAAGCA-1,0.000043,0.021848,0.728903,0.076125,0.022235,0.093997,0.000043,0.056805
AAATTTGCGGGTGTGG-1,0.006171,0.042672,0.011302,0.006727,0.051892,0.372822,0.114131,0.394283
AACAACTGGTAGTTGC-1,0.000043,0.000043,0.159135,0.62595,0.007737,0.000043,0.000043,0.207005
AACAATACATTGTCGA-1,0.007246,0.00268,0.003323,0.002018,0.094631,0.381696,0.142125,0.36628
AACAATTACTCTACGC-1,0.070912,0.000038,0.139562,0.406483,0.009271,0.000038,0.000038,0.373659
AACACACGCTCGCCGC-1,0.000028,0.008256,0.487151,0.024601,0.298143,0.09098,0.000028,0.090813
AACACGACTGTACTGA-1,0.000049,0.394776,0.000049,0.000049,0.030704,0.52824,0.000049,0.046083
AACACGAGACGCGGCC-1,0.087123,0.092358,0.161602,0.048392,0.023201,0.058365,0.000633,0.528326
AACACGCGGCCGCGAA-1,0.000049,0.004386,0.442481,0.143966,0.098851,0.090639,0.005762,0.213867
AACAGCTGTGTGGCAA-1,0.147684,0.060234,0.017482,0.000255,0.244294,0.267584,0.028332,0.234135
AACAGGAAATCGAATA-1,0.000027,0.000027,0.117685,0.13579,0.399008,0.076688,0.085373,0.185402
AACAGGATGGGCCGCG-1,0.104285,0.000072,0.086225,0.624825,0.000102,0.000034,0.000034,0.184424
AACAGGTAGTATGGAT-1,0.000031,0.021296,0.120568,0.007881,0.168801,0.623755,0.004868,0.052801
AACATAGCGTGTATCG-1,0.000019,0.008189,0.296776,0.176005,0.495952,0.000019,0.016389,0.006652
AACATATCAACTGGTG-1,0.000152,0.132668,0.340692,0.097381,0.304595,0.000152,0.123905,0.000455
AACATCGATACGTCTA-1,0.000096,0.133429,0.865614,0.000096,0.000287,0.000096,0.000096,0.000287
AACATTGAAGTTGATC-1,0.180985,0.05977,0.000071,0.11847,0.347396,0.038621,0.00022,0.254466
AACATTGGTCAGCCGT-1,0.000023,0.021952,0.194396,0.062086,0.043439,0.581236,0.000023,0.096846
AACATTGTGACTCGAG-1,0.012137,0.019971,0.074809,0.19704,0.259303,0.001415,0.032245,0.40308
AACCAAGACTTCTCTG-1,0.052257,0.007158,0.097143,0.231269,0.041861,0.06653,0.036906,0.466876
AACCATAGGGTTGAAC-1,0.733205,0.265258,0.000154,0.000154,0.000461,0.000154,0.000154,0.000461
AACCATGGGATCGCTA-1,0.015147,0.028504,0.113902,0.487872,0.082191,0.01608,0.16141,0.094895
AACCCAGAGACGGAGA-1,0.000012,0.000012,0.003918,0.023086,0.074662,0.193998,0.512384,0.191929
AACCCATCCCATGATC-1,0.560219,0.311868,0.000035,0.000034,0.005908,0.101107,0.000034,0.020794
AACCCGACAACCCGTG-1,0.001503,0.000993,0.003534,0.004717,0.342902,0.218843,0.158804,0.268703
AACCCGAGCAGAATCG-1,0.000057,0.021161,0.264466,0.000057,0.102011,0.377995,0.027126,0.207127
AACCCGATAGGGCTTC-1,0.000057,0.062804,0.461068,0.055703,0.110945,0.280166,0.000057,0.0292
AACCCGCTGTATTCCA-1,0.158672,0.02074,0.005232,0.116143,0.570092,0.000009,0.071532,0.05758
AACCCTACTGTCAATA-1,0.000027,0.111531,0.397852,0.006125,0.142988,0.286994,0.007447,0.047035
AACCCTGGTGGAACCA-1,0.000082,0.025672,0.700059,0.042826,0.000245,0.032297,0.000082,0.198737
AACCGAGCTTGGTCAT-1,0.065051,0.000042,0.299002,0.037271,0.144724,0.004269,0.385248,0.064395
AACCGCTAAGGGATGC-1,0.000023,0.033899,0.442502,0.058955,0.266759,0.143362,0.000023,0.054477
AACCGTTGTGTTTGCT-1,0.000038,0.000038,0.051998,0.029752,0.145107,0.520452,0.057906,0.19471
AACCTCGCTTTAGCCC-1,0.000018,0.117388,0.10896,0.041668,0.267442,0.095332,0.306986,0.062206
AACCTGTCACGGAATT-1,0.001755,0.007847,0.293229,0.049862,0.483388,0.077997,0.032138,0.053783
AACCTTTAAATACGGT-1,0.000012,0.000012,0.040474,0.160096,0.211222,0.106252,0.33252,0.149412
AACCTTTACGACGTCT-1,0.000249,0.342233,0.000249,0.000249,0.421193,0.000249,0.000249,0.23533
AACGAAAGTCGTCCCA-1,0.96068,0.039014,0.000031,0.000031,0.000092,0.000031,0.000031,0.000092
AACGACCTCCTAGCCG-1,0.021882,0.033245,0.237801,0.000038,0.38044,0.106747,0.077224,0.142622
AACGATAATGCCGTAG-1,0.035722,0.000229,0.069981,0.174655,0.164883,0.090895,0.29367,0.169965
AACGATAGAAGGGCCG-1,0.000018,0.103843,0.00143,0.001994,0.240931,0.094558,0.539079,0.018147
AACGATATGTCAACTG-1,0.000037,0.000037,0.242494,0.066102,0.247978,0.156532,0.090785,0.196035
AACGCATGATCTGGGT-1,0.071417,0.095695,0.332884,0.01545,0.183384,0.121301,0.06783,0.11204
AACGCGAACGGCAACA-1,0.000032,0.002938,0.312801,0.192605,0.166532,0.09676,0.166742,0.061589
AACGCGACCTTGGGCG-1,0.000008,0.000008,0.002298,0.018743,0.36671,0.005821,0.184079,0.422333
AACGCGGTCTCCAGCC-1,0.000044,0.01163,0.217231,0.401481,0.025764,0.000044,0.33751,0.006295
AACGCTGTTGCTGAAA-1,0.000024,0.06663,0.212415,0.000221,0.437014,0.244333,0.000024,0.039339
AACGGACGTACGTATA-1,0.000009,0.031636,0.013855,0.000009,0.315836,0.608936,0.012593,0.017125
AACGGCCATCTCCGGT-1,0.001959,0.006456,0.014472,0.020797,0.027878,0.178194,0.188003,0.562242
AACGTACTGTGGGTAC-1,0.00001,0.00001,0.006701,0.012754,0.117697,0.265042,0.151408,0.44638
AACGTAGTCTACCCAT-1,0.000077,0.180574,0.706922,0.006702,0.000231,0.000077,0.000077,0.10534
AACGTCAGACTAGTGG-1,0.036551,0.000441,0.025678,0.035948,0.200629,0.007107,0.004088,0.689559
AACGTCATCCGGCTTG-1,0.02007,0.006106,0.01185,0.159193,0.611722,0.009385,0.016714,0.164958
AACGTCGCTGCACTTC-1,0.021775,0.130426,0.273815,0.007925,0.250728,0.150878,0.02493,0.139522
AACGTGCGAAAGTCTC-1,0.013109,0.000269,0.092217,0.295569,0.474301,0.022066,0.038458,0.064012
AACGTTATCAGCACCT-1,0.040179,0.012327,0.027707,0.311645,0.000393,0.013036,0.028328,0.566385
AACGTTCTACCATTGT-1,0.014471,0.000099,0.105043,0.009875,0.236963,0.31984,0.020431,0.293278
AACTACCCGTTTGTCA-1,0.000052,0.088102,0.456679,0.009572,0.445336,0.000052,0.000052,0.000155
AACTAGCGTATCGCAC-1,0.103318,0.027258,0.721263,0.089489,0.000296,0.000099,0.000099,0.058179
AACTAGGCTTGGGTGT-1,0.125718,0.000013,0.030179,0.063224,0.317363,0.011772,0.022971,0.428761
AACTCAAGTTAATTGC-1,0.017442,0.000009,0.000009,0.005511,0.126929,0.142892,0.256442,0.450766
AACTCCAGAGCGTGTT-1,0.000017,0.015358,0.177724,0.029226,0.33568,0.331206,0.000017,0.110772
AACTCGATAAACACGT-1,0.000029,0.005174,0.456095,0.174165,0.00263,0.217122,0.000029,0.144757
AACTCGATGGCGCAGT-1,0.000057,0.250425,0.009991,0.342276,0.255193,0.000057,0.108332,0.033669
AACTCTCAATAGAGCG-1,0.000023,0.024525,0.232679,0.028373,0.223668,0.451143,0.001573,0.038016
AACTCTCAGTGTGCTC-1,0.014363,0.015579,0.181561,0.542439,0.000863,0.000031,0.000031,0.245132
AACTGAGGTCAGCGTC-1,0.000142,0.227317,0.063262,0.287837,0.317071,0.018487,0.051106,0.034779
AACTGAGTTATACTGA-1,0.000049,0.080501,0.705752,0.110359,0.098818,0.000049,0.004324,0.000148
AACTGATATTAGGCCT-1,0.063169,0.002263,0.113227,0.042154,0.196485,0.41629,0.059071,0.10734
AACTGGGTCCCGACGT-1,0.000033,0.001485,0.309186,0.173186,0.075742,0.094197,0.266846,0.079325
AACTGGTGTGGGCCTT-1,0.000036,0.000036,0.108894,0.028464,0.318689,0.386382,0.013726,0.143772
AACTTCTGCGTCTATC-1,0.043917,0.029984,0.102511,0.803134,0.000135,0.000045,0.000045,0.02023
AACTTGCCCGTATGCA-1,0.274145,0.000036,0.061966,0.411174,0.000107,0.000036,0.000036,0.252501
AACTTGCGTTCTCGCG-1,0.067072,0.000035,0.052705,0.350488,0.094415,0.042636,0.16992,0.222729
AACTTTACGGGAGCTT-1,0.000019,0.080695,0.130943,0.14832,0.037406,0.049209,0.011738,0.54167
AACTTTAGCTGCTGAG-1,0.00006,0.00006,0.427486,0.142892,0.225059,0.116844,0.00006,0.087538
AACTTTCTCGATCATG-1,0.000046,0.000046,0.349812,0.257643,0.38111,0.000269,0.001255,0.009818
AAGAAAGTTTGATGGG-1,0.457177,0.499225,0.000059,0.043066,0.000177,0.000059,0.000059,0.000177
AAGAAATCACCAGATT-1,0.024728,0.24248,0.25493,0.014495,0.321998,0.056299,0.070383,0.014687
AAGAAGGATCAGTTAG-1,0.000038,0.000038,0.070105,0.53735,0.031704,0.004714,0.208094,0.147957
AAGACATACGTGGTTT-1,0.005887,0.07563,0.421524,0.000056,0.130422,0.077014,0.000056,0.289411
AAGACCAAATAACTCA-1,0.748173,0.161257,0.003084,0.027142,0.060167,0.000035,0.000035,0.000106
AAGACCCAACTGAACA-1,0.000007,0.000007,0.00223,0.022455,0.277414,0.020618,0.295887,0.381382
AAGACTAACCCGTTGT-1,0.000078,0.000078,0.608882,0.387247,0.000235,0.000078,0.000078,0.003323
AAGACTGCAAGCTACT-1,0.000025,0.000025,0.095605,0.386118,0.137791,0.050152,0.201769,0.128514
AAGAGATGAATCGGTA-1,0.06076,0.081675,0.131021,0.636599,0.000148,0.000049,0.000049,0.089697
AAGAGCTCTTTATCGG-1,0.000013,0.000013,0.015354,0.004936,0.458291,0.195299,0.255832,0.070261
AAGAGGATGTACGCGA-1,0.000009,0.000009,0.000009,0.002776,0.011652,0.302687,0.1626,0.520258
AAGAGGCATGGATCGC-1,0.000027,0.055631,0.404935,0.047166,0.290233,0.100123,0.04251,0.059375
AAGAGGCCCTTTGGAA-1,0.001378,0.057659,0.377572,0.005075,0.096399,0.117703,0.039428,0.304785
AAGATGGCACCGGACC-1,0.011285,0.036555,0.062733,0.268097,0.042561,0.029035,0.025362,0.52437
AAGATTGGCGGAACGT-1,0.176283,0.039396,0.550443,0.01274,0.033155,0.075891,0.000041,0.112051
AAGCACCCTGCGTATC-1,0.000032,0.000032,0.285662,0.532765,0.010591,0.013142,0.107567,0.050208
AAGCATACTCTCCTGA-1,0.055889,0.025482,0.21223,0.364578,0.151259,0.000026,0.061393,0.129144
AAGCCACTTGCAGGTA-1,0.047766,0.023955,0.072897,0.166947,0.461929,0.017063,0.000398,0.209045
AAGCCGAAGCGGTTTA-1,0.000053,0.02012,0.249176,0.001242,0.179993,0.302638,0.021515,0.225263
AAGCCGCCGTGAAATC-1,0.217685,0.592215,0.035246,0.123619,0.030916,0.000064,0.000064,0.000192
AAGCCGCTTTACCTTG-1,0.028936,0.003686,0.2574,0.047576,0.270699,0.128358,0.145546,0.117799
AAGCCGGAGAGCAGGA-1,0.025854,0.029672,0.12599,0.130827,0.365711,0.031967,0.024648,0.265332
AAGCGCAGGGCTTTGA-1,0.00001,0.004448,0.059262,0.034719,0.405483,0.095548,0.29345,0.10708
AAGCGGAGTGCGCGCA-1,0.000033,0.00782,0.139258,0.029893,0.140203,0.405897,0.040382,0.236515
AAGCGTCCCTCATCGA-1,0.000035,0.241917,0.260619,0.244963,0.000106,0.0005,0.000035,0.251823
AAGCTAGATCGAGTAA-1,0.000007,0.000007,0.012456,0.033554,0.04134,0.055976,0.64702,0.209642
AAGCTATGGATTGACC-1,0.944278,0.055149,0.000057,0.000057,0.000172,0.000057,0.000057,0.000172
AAGCTCGTGCCAAGTC-1,0.000038,0.000038,0.322818,0.450718,0.040592,0.00129,0.081586,0.102919
AAGCTCTTTCATGGTG-1,0.000015,0.000015,0.083233,0.050908,0.249461,0.094158,0.423218,0.098993
AAGGAGAACTTATAAG-1,0.000088,0.641565,0.315739,0.041906,0.000263,0.000088,0.000088,0.000263
AAGGAGCGGTTGGTGC-1,0.000022,0.000022,0.042862,0.202553,0.100082,0.000169,0.004248,0.650042
AAGGATCGATCGCTTG-1,0.000091,0.153091,0.845999,0.000091,0.000273,0.000091,0.000091,0.000273
AAGGATGAGGGACCTC-1,0.010783,0.006992,0.33447,0.00923,0.272581,0.318023,0.000699,0.047223
AAGGCAGGCTGTCTCC-1,0.00003,0.002885,0.460477,0.074527,0.408868,0.015042,0.00003,0.038141
AAGGCGCGTAAAGCTT-1,0.141946,0.000039,0.231504,0.503391,0.000116,0.000039,0.000039,0.122927
AAGGCTGTGCTCATCG-1,0.003982,0.004316,0.050824,0.155471,0.163734,0.014349,0.028678,0.578646
AAGGGAACGACTGGCT-1,0.795814,0.173643,0.03018,0.00004,0.000121,0.00004,0.00004,0.000121
AAGGGACAGATTCTGT-1,0.000085,0.224182,0.654358,0.049222,0.000254,0.000085,0.000085,0.071729
AAGGGACTATGCATTC-1,0.129865,0.380773,0.008599,0.000032,0.174321,0.11336,0.000032,0.193017
AAGGGTTAGCCATGCG-1,0.000082,0.022911,0.29759,0.000082,0.184652,0.215145,0.048326,0.231212
AAGGGTTTGATTTCAG-1,0.928713,0.05233,0.001304,0.017209,0.000167,0.000056,0.000056,0.000167
AAGGTATCCTAATATA-1,0.000028,0.013293,0.459953,0.038841,0.18191,0.175541,0.01709,0.113345
AAGGTGATAAACCAGC-1,0.000016,0.012103,0.108046,0.017552,0.290522,0.491028,0.00953,0.071202
AAGTAAGCTTCCAAAC-1,0.054921,0.390811,0.308797,0.244849,0.000233,0.000078,0.000078,0.000233
AAGTAGAAGACCGGGT-1,0.000026,0.000026,0.079464,0.364154,0.097102,0.048061,0.214036,0.197132
AAGTAGTGACGCGAGG-1,0.000028,0.000028,0.10339,0.084038,0.037344,0.027624,0.001383,0.746166
AAGTCAATTGTCGTCA-1,0.015062,0.049303,0.294258,0.052742,0.147401,0.282033,0.00229,0.15691
AAGTCTAGTAGCTGCC-1,0.007271,0.000017,0.044881,0.018503,0.683195,0.14898,0.043986,0.053166
AAGTCTTCTGTGGCCT-1,0.102526,0.00648,0.011536,0.005971,0.342291,0.294166,0.03759,0.199441
AAGTGACGACCGAATT-1,0.033219,0.003363,0.013676,0.02581,0.050984,0.356476,0.056813,0.45966
AAGTGAGTCGGGTTTA-1,0.000025,0.053965,0.144245,0.060204,0.118184,0.054728,0.001799,0.56685
AAGTGCAAAGGTAGAC-1,0.05626,0.004971,0.060501,0.203787,0.118172,0.011089,0.109947,0.435274
AAGTGCCTTGACTGTA-1,0.000075,0.022721,0.293717,0.10595,0.05656,0.348573,0.111646,0.060758
AAGTGCGTTAGAATCT-1,0.166343,0.207136,0.206538,0.174172,0.001419,0.014893,0.000035,0.229464
AAGTGCTTCTCTATTG-1,0.000015,0.079667,0.002923,0.000015,0.634952,0.181544,0.008159,0.092725
AAGTGTTTGGAGACGG-1,0.000017,0.000017,0.094115,0.099086,0.138515,0.1686,0.297054,0.202597
AAGTTCACTCCAAGCT-1,0.000026,0.000028,0.283105,0.054806,0.394099,0.008345,0.165692,0.093899
AAGTTCAGTCTGCGTA-1,0.000189,0.630411,0.224366,0.000298,0.143794,0.000189,0.000189,0.000566
AAGTTCGGCCAACAGG-1,0.000016,0.095092,0.104392,0.132012,0.030369,0.173051,0.007774,0.457294
AAGTTGTGATGTTATA-1,0.006086,0.153152,0.266525,0.052644,0.080183,0.225706,0.096706,0.118999
AAGTTTACTAATGGCA-1,0.244259,0.196515,0.521548,0.036831,0.000318,0.000106,0.000106,0.000318
AAGTTTATGGGCCCAA-1,0.001349,0.000006,0.009546,0.05661,0.397719,0.015513,0.49309,0.026167
AATAACAACGCTCGGC-1,0.000009,0.00136,0.010996,0.127837,0.114053,0.07622,0.041956,0.627571
AATAACACTAGAACAA-1,0.005358,0.197502,0.180622,0.045254,0.026765,0.096607,0.000022,0.447869
AATAACGTCGCGCCCA-1,0.026991,0.090275,0.263571,0.023473,0.082455,0.252104,0.054243,0.206887
AATAAGTCCTCGAGAC-1,0.020632,0.701181,0.277047,0.000127,0.00038,0.000127,0.000127,0.00038
AATAATCTTCGTATCG-1,0.000025,0.005713,0.185725,0.046311,0.546338,0.016348,0.007967,0.191573
AATACAATGTTTCAGG-1,0.061835,0.000041,0.117481,0.351095,0.000124,0.00864,0.025049,0.435735
AATACCGGAGGGCTGT-1,0.001882,0.051899,0.098656,0.277483,0.066959,0.053411,0.000667,0.449043
AATACCTGATGTGAAC-1,0.000022,0.840059,0.046085,0.000022,0.082181,0.031545,0.000022,0.000065
AATAGAACAGAGTGGC-1,0.000011,0.017536,0.026738,0.052301,0.107739,0.042415,0.171818,0.581442
AATAGAATCTGTTTCA-1,0.000018,0.000018,0.052305,0.09512,0.363024,0.250517,0.115303,0.123696
AATAGCTACCGCGTGC-1,0.000071,0.122981,0.302079,0.071129,0.139105,0.225689,0.05712,0.081827
AATAGGCACGACCCTT-1,0.014443,0.108511,0.070812,0.081817,0.286571,0.058847,0.078422,0.300577
AATAGTCCGTCCCGAC-1,0.027734,0.002022,0.005904,0.147393,0.25142,0.018536,0.312331,0.23466
AATAGTCGCGAGTCGG-1,0.290997,0.033094,0.084536,0.290531,0.002025,0.005842,0.007766,0.285208
AATATCAAGGTCGGAT-1,0.000022,0.000022,0.030172,0.038634,0.184985,0.636772,0.062666,0.046726
AATATCCTAGCAAACT-1,0.656874,0.14054,0.121454,0.056301,0.005878,0.000021,0.000021,0.018911
AATATCGAATCAATGC-1,0.000062,0.031098,0.28174,0.004548,0.041979,0.45961,0.033566,0.147399
AATATCGAGGGTTCTC-1,0.000176,0.268772,0.55084,0.000176,0.034787,0.000176,0.144547,0.000527
AATATTGGAGTATTGA-1,0.090384,0.00003,0.054796,0.059306,0.005292,0.169934,0.061056,0.559202
AATCAGACTGCAGGAC-1,0.000026,0.000026,0.030182,0.022931,0.061994,0.700972,0.09269,0.09118
AATCAGGTTTCATTTA-1,0.00385,0.076515,0.035225,0.050448,0.351281,0.032672,0.011595,0.438414
AATCATGTAAAGACTC-1,0.000045,0.279279,0.606642,0.003727,0.041362,0.032185,0.000045,0.036715
AATCCAAGGGCCTGAG-1,0.000025,0.010183,0.062069,0.078251,0.165861,0.121606,0.450427,0.111577
AATCCATGCAAGGGTG-1,0.000033,0.02726,0.286553,0.142006,0.00955,0.24341,0.089444,0.201744
AATCCCGCTCAGAGCC-1,0.005366,0.000005,0.000005,0.017782,0.589189,0.002769,0.083043,0.30184
AATCGAGGTCTCAAGG-1,0.000015,0.040958,0.070322,0.01085,0.657156,0.150703,0.040918,0.029077
AATCGCCTCAGCGCCA-1,0.014686,0.054906,0.269284,0.238243,0.245695,0.05152,0.029685,0.095982
AATCGCGCAGAGGACT-1,0.000219,0.096513,0.432527,0.005746,0.372586,0.082201,0.000029,0.010179
AATCGGGACACTACGA-1,0.001776,0.004668,0.449407,0.128714,0.236012,0.126329,0.000056,0.053038
AATCGGTATAGCCCTC-1,0.011846,0.131823,0.247095,0.003268,0.269878,0.138961,0.067486,0.129643
AATCGTGAGCCGAGCA-1,0.000024,0.000024,0.402362,0.119389,0.05968,0.137591,0.019904,0.261026
AATCTAGGTTTACTTG-1,0.372371,0.265866,0.048286,0.09223,0.035791,0.000366,0.011518,0.173572
AATCTATGCCGGAGCC-1,0.000108,0.007771,0.426568,0.000108,0.291352,0.002436,0.000108,0.27155
AATCTCTACTGTGGTT-1,0.040159,0.063484,0.217761,0.293083,0.000123,0.000041,0.000041,0.385306
AATCTGCGTTGGGACG-1,0.000036,0.000036,0.526457,0.060369,0.206675,0.127526,0.000036,0.078864
AATCTGGCTTTCTAGT-1,0.798091,0.033723,0.031111,0.136676,0.000149,0.00005,0.00005,0.000149
AATGACAGCAATGTCT-1,0.032975,0.063405,0.016418,0.082985,0.167463,0.093637,0.074523,0.468595
AATGACGTAGGATGTC-1,0.060014,0.000027,0.190006,0.294471,0.289652,0.034772,0.072335,0.058723
AATGACTGTCAGCCGG-1,0.063455,0.000014,0.010768,0.106259,0.163216,0.108565,0.128404,0.419319
AATGAGTTCGCATATG-1,0.000046,0.000046,0.125547,0.64049,0.00503,0.018314,0.057256,0.153272
AATGATGATACGCTAT-1,0.000053,0.764741,0.166911,0.000053,0.06768,0.000349,0.000053,0.000159
AATGATGCGACTCCTG-1,0.000146,0.175089,0.417394,0.000146,0.318182,0.000146,0.088459,0.000438
AATGCAACCGGGTACC-1,0.000029,0.000029,0.169392,0.366372,0.137433,0.001602,0.212258,0.112885
AATGGCCGCCAATGCG-1,0.033942,0.203425,0.655594,0.000099,0.106442,0.000099,0.000099,0.000298
AATGGTCCACCGTTCA-1,0.096006,0.006031,0.147606,0.326416,0.000097,0.000032,0.000032,0.42378
AATGGTTCTCACAAGC-1,0.157234,0.000056,0.301188,0.382811,0.000167,0.000056,0.000056,0.158433
AATGTATGGCACTGTA-1,0.370386,0.543923,0.032081,0.052852,0.000284,0.000095,0.000095,0.000284
AATGTGCCCGAGGTGT-1,0.440005,0.3563,0.057011,0.031957,0.000116,0.000039,0.000039,0.114534
AATGTGCTAATCTGAG-1,0.023101,0.207582,0.141574,0.418757,0.004461,0.000042,0.000042,0.204441
AATGTTAAGACCCTGA-1,0.067624,0.139931,0.058064,0.000379,0.725086,0.006465,0.00001,0.002443
AATGTTGTCGTGAGAC-1,0.023674,0.142868,0.364111,0.005977,0.098186,0.19546,0.06587,0.103855
AATTAAAGGTCGGCGT-1,0.000042,0.000042,0.085514,0.796148,0.005233,0.000042,0.000042,0.112939
AATTAACGGATTTCCA-1,0.002945,0.000018,0.024452,0.351486,0.142693,0.001725,0.443449,0.033233
AATTACGAGACCCATC-1,0.922284,0.077324,0.000039,0.000039,0.000118,0.000039,0.000039,0.000118
AATTACTCGTACGCTC-1,0.029396,0.000011,0.00513,0.056745,0.001962,0.142257,0.603307,0.161193
AATTAGCGCTGCAGCG-1,0.009668,0.001328,0.010416,0.078141,0.231679,0.023362,0.030041,0.615365
AATTATACCCAGCAAG-1,0.022714,0.000016,0.170206,0.098789,0.492336,0.151528,0.032477,0.031935
AATTCATAAGGGATCT-1,0.258914,0.401233,0.339367,0.000054,0.000162,0.000054,0.000054,0.000162
AATTCATTGTCATGCA-1,0.730216,0.260996,0.000043,0.000043,0.008488,0.000043,0.000043,0.000129
AATTCCAACTTGGTGA-1,0.000022,0.012203,0.403309,0.010777,0.109405,0.274122,0.000022,0.190141
AATTCCAAGCATGTAC-1,0.000847,0.007861,0.008046,0.225171,0.438956,0.000754,0.018862,0.299503
AATTCGATTCGAGGAT-1,0.095021,0.005794,0.051477,0.037238,0.42709,0.090714,0.184662,0.108003
AATTCTAGAGTTAGGC-1,0.000013,0.000013,0.004219,0.111779,0.176425,0.095069,0.079269,0.533213
AATTGAACGCTCTGGT-1,0.000012,0.013106,0.097142,0.009493,0.490646,0.190864,0.032165,0.166571
AATTGCAGCAATCGAC-1,0.000048,0.63411,0.284084,0.006072,0.02922,0.0426,0.000048,0.003818
AATTGCGTGGATTACA-1,0.956117,0.043587,0.00003,0.00003,0.000089,0.00003,0.00003,0.000089
AATTGTGGTTGCCAAA-1,0.028293,0.077809,0.338195,0.0068,0.340721,0.182521,0.025332,0.000329
AATTTGGTTCCAAAGA-1,0.000061,0.000061,0.460177,0.115874,0.141196,0.282386,0.000061,0.000183
ACAAACCATGCGTCCT-1,0.185109,0.000125,0.000017,0.000017,0.520968,0.221939,0.000185,0.071641
ACAAACTCCATCAGAG-1,0.010203,0.028439,0.093443,0.129515,0.615048,0.000249,0.001038,0.122064
ACAAAGAAGGTAGGCC-1,0.125808,0.191268,0.121237,0.227057,0.1269,0.000032,0.000032,0.207667
ACAAAGCATGACCTAG-1,0.000028,0.17175,0.663763,0.01165,0.04552,0.009094,0.000028,0.098166
ACAAATCGCACCGAAT-1,0.000015,0.049873,0.016959,0.011173,0.524948,0.208929,0.102423,0.08568
ACAAATGGTAGTGTTT-1,0.000021,0.018389,0.206244,0.055653,0.222799,0.229996,0.125133,0.141765
ACAACAGCATGAGCTA-1,0.092405,0.012498,0.177757,0.282433,0.130773,0.027594,0.051752,0.224788
ACAACGGTCCCTGCGA-1,0.006518,0.016405,0.07573,0.127125,0.033129,0.010223,0.065184,0.665684
ACAAGCAGTGCCTAGC-1,0.013507,0.000009,0.000009,0.001581,0.015578,0.038249,0.424225,0.506841
ACAAGCTATATGGAAG-1,0.000464,0.001983,0.002321,0.007153,0.099759,0.323516,0.149329,0.415476
ACAAGGAAATCCGCCC-1,0.000027,0.021509,0.145333,0.426398,0.206165,0.031797,0.099927,0.068844
ACAAGGACAAGAGGTT-1,0.077708,0.003032,0.062599,0.101133,0.003182,0.0143,0.594323,0.143723
ACAAGGATGCTTTAGG-1,0.000029,0.000029,0.486426,0.121584,0.235501,0.028417,0.022521,0.105492
ACAAGGGCAGGCTCTG-1,0.000023,0.000023,0.224408,0.418147,0.201031,0.002188,0.10857,0.045608
ACAAGTAATTGTAAGG-1,0.21026,0.206931,0.055616,0.017594,0.387554,0.006019,0.000022,0.116004
ACAATAGTCGTACGTT-1,0.372983,0.000033,0.182983,0.145681,0.000099,0.01401,0.000033,0.284178
ACAATCCATTTAAACC-1,0.013445,0.018469,0.041744,0.055482,0.028972,0.117844,0.071849,0.652195
ACAATCGATCTTTATA-1,0.000069,0.092223,0.428014,0.219731,0.000206,0.057163,0.06132,0.141274
ACAATGAATACGGAGA-1,0.122624,0.493182,0.076295,0.077251,0.000149,0.011602,0.00005,0.218847
ACAATTGTGTCTCTTT-1,0.000041,0.223521,0.417469,0.000041,0.331987,0.006997,0.000041,0.019903
ACAATTTAGGAGGCTC-1,0.08647,0.050425,0.081935,0.10761,0.006389,0.078524,0.288383,0.300264
ACAATTTGAGCAGTGG-1,0.000035,0.009137,0.581768,0.047034,0.2184,0.116101,0.000561,0.026963
ACAATTTGGCCATATT-1,0.003001,0.00819,0.061793,0.082904,0.652367,0.098199,0.035306,0.05824
ACACAAAGACGGGTGG-1,0.000034,0.000034,0.276199,0.542583,0.006147,0.000034,0.109746,0.065225
ACACAAATATTCCTAG-1,0.000028,0.000721,0.110459,0.127779,0.213294,0.350631,0.139313,0.057774
ACACACCAGGACCAGT-1,0.000023,0.002925,0.376155,0.124129,0.186704,0.14978,0.012958,0.147326
ACACACTTTCTACACG-1,0.000022,0.000022,0.006407,0.021789,0.337386,0.454819,0.105755,0.073799
ACACATGATCAAATCT-1,0.437121,0.334202,0.017935,0.20994,0.0003,0.0001,0.0001,0.0003
ACACATTGACGCAACA-1,0.000023,0.000023,0.174914,0.302489,0.006414,0.176321,0.129057,0.210758
ACACATTTCCGTAGAC-1,0.001342,0.047742,0.1564,0.501087,0.243704,0.000018,0.048681,0.001024
ACACCACATAATTAGC-1,0.000021,0.035035,0.116236,0.00467,0.385371,0.386777,0.028745,0.043145
ACACCCAGCATGCAGC-1,0.157146,0.000023,0.022596,0.369066,0.046145,0.006839,0.089863,0.308321
ACACCCGAGAAATCCG-1,0.102041,0.000033,0.092652,0.502384,0.003002,0.057258,0.059757,0.182872
ACACCCGTAAATCTGT-1,0.011467,0.411416,0.35255,0.000105,0.112739,0.000105,0.000105,0.111515
ACACCGAGCGCTCTTT-1,0.018911,0.057736,0.125325,0.740759,0.001327,0.00003,0.043782,0.01213
ACACCGGTCTGACCGC-1,0.545953,0.438928,0.00005,0.00005,0.014767,0.00005,0.00005,0.000151
ACACCTTAAGTAGGGC-1,0.000019,0.000019,0.012249,0.107345,0.188119,0.013219,0.016507,0.662522
ACACCTTACTACTTGC-1,0.000041,0.279819,0.420975,0.000089,0.228465,0.0281,0.000041,0.04247
ACACGAGACTCCTTCT-1,0.000012,0.000012,0.002099,0.008774,0.173553,0.296778,0.355792,0.16298
ACACGGCACTATGCAT-1,0.000142,0.59359,0.4012,0.003929,0.000427,0.000142,0.000142,0.000427
ACACGGGAACTTAGGG-1,0.016599,0.049895,0.369976,0.19421,0.166382,0.017735,0.17135,0.013853
ACACGTAGGCCACAAG-1,0.00005,0.051828,0.306504,0.034886,0.120597,0.222654,0.050764,0.212717
ACACTCCAATGTCACT-1,0.000037,0.028003,0.080326,0.643652,0.000112,0.009369,0.000037,0.238464
ACACTGATCAAGGTGT-1,0.158388,0.003314,0.176659,0.310725,0.016731,0.000604,0.010484,0.323095
ACACTGGGACAGTCGT-1,0.020567,0.000087,0.378422,0.007519,0.006009,0.135945,0.112587,0.338865
ACAGAACTGAGAACAA-1,0.030789,0.280119,0.03346,0.08241,0.025765,0.131115,0.00589,0.410453
ACAGATTAGGTTAGTG-1,0.000061,0.000061,0.30113,0.096204,0.129167,0.208675,0.000061,0.26464
ACAGCATAGAGCCAGT-1,0.000075,0.000075,0.304442,0.389933,0.006521,0.266145,0.000075,0.032735
ACAGCGACATTCTCAT-1,0.005484,0.684846,0.181747,0.00005,0.052971,0.039054,0.00005,0.035798
ACAGCGCACCCGCAGC-1,0.000201,0.759979,0.237605,0.000201,0.000604,0.000604,0.000201,0.000604
ACAGGAGGCGCAGCCG-1,0.000037,0.281685,0.46996,0.002084,0.000111,0.193351,0.000037,0.052736
ACAGGCACGGATCCTT-1,0.039065,0.033059,0.055495,0.00001,0.403539,0.438338,0.00001,0.030484
ACAGGCTTGCCCGACT-1,0.000027,0.040304,0.35868,0.048544,0.274829,0.12493,0.007517,0.145169
ACAGGTGGAGGTGAGG-1,0.000013,0.009182,0.013889,0.015936,0.072438,0.250609,0.16393,0.474002
ACAGGTGTGTTGTTGC-1,0.0355,0.055052,0.018525,0.00425,0.304561,0.282189,0.125454,0.174469
ACAGTAATACAACTTG-1,0.303398,0.187771,0.234265,0.078906,0.009577,0.01475,0.000031,0.171303
ACAGTATACCGTGGGA-1,0.000029,0.099779,0.126887,0.000029,0.504773,0.264639,0.000029,0.003835
ACATAAGTCGTGGTGA-1,0.588216,0.39679,0.000049,0.014554,0.000147,0.000049,0.000049,0.000147
ACATAATAAGGCGGTG-1,0.009924,0.000057,0.284647,0.464095,0.052031,0.05475,0.07914,0.055356
ACATACAATCAAGCGG-1,0.000019,0.102945,0.209712,0.005826,0.153113,0.493721,0.004314,0.030349
ACATCAGCTGGGACGC-1,0.000012,0.000012,0.050366,0.073716,0.015286,0.20629,0.137035,0.517282
ACATCCCGGCCATACG-1,0.00001,0.00001,0.002183,0.00908,0.090669,0.05933,0.324682,0.514036
ACATCCTGGTAACTGT-1,0.018941,0.063093,0.354581,0.002308,0.179487,0.29767,0.051136,0.032784
ACATCGATCGTTTACC-1,0.094893,0.000489,0.063663,0.368069,0.099659,0.018123,0.059175,0.295929
ACATCGCAATATTCGG-1,0.138854,0.305987,0.226255,0.145292,0.031804,0.011917,0.000024,0.139866
ACATCGGTCAGCCGCG-1,0.062178,0.061963,0.033918,0.166458,0.06425,0.154389,0.014801,0.442042
ACATCGTATGCAATGG-1,0.006536,0.018824,0.108931,0.245891,0.347258,0.014082,0.015971,0.242507
ACATCGTTAACCTAGT-1,0.011227,0.354327,0.419372,0.124774,0.000667,0.088744,0.000222,0.000667
ACATGCTTACGGCAGC-1,0.178111,0.466253,0.000048,0.000048,0.351147,0.000048,0.000048,0.004296
ACATGGCGCCAAAGTA-1,0.000055,0.114057,0.307393,0.000055,0.113991,0.247857,0.050403,0.166189
ACATGGCTCAATTTAG-1,0.000058,0.000058,0.204306,0.654346,0.020611,0.000058,0.016989,0.103576
ACATTAGTTTATATCC-1,0.000022,0.006723,0.023007,0.143058,0.268441,0.072016,0.051175,0.435558
ACATTCGCGCGGAATA-1,0.429213,0.151815,0.193792,0.146647,0.00342,0.004456,0.000032,0.070624
ACATTTGAAACCTAAC-1,0.000025,0.311759,0.647516,0.000521,0.036379,0.000025,0.0037,0.000075
ACCAAACACCCAGCGA-1,0.0497,0.112923,0.122209,0.000022,0.187331,0.514744,0.000022,0.013049
ACCAAACTAGAAATCC-1,0.085197,0.48626,0.349102,0.000061,0.000183,0.00415,0.000061,0.074987
ACCAACACCACACACT-1,0.046738,0.041862,0.286802,0.004885,0.237731,0.295229,0.086567,0.000186
ACCAACCGCACTCCAC-1,0.000033,0.353945,0.452797,0.03179,0.042778,0.116478,0.000186,0.001992
ACCAACGCTTATTTAT-1,0.009259,0.000011,0.003441,0.040029,0.290499,0.048336,0.028879,0.579546
ACCAAGAACGCGTGTC-1,0.000023,0.000023,0.118306,0.271861,0.256084,0.020024,0.176874,0.156806
ACCAAGTCATCGGCAG-1,0.017647,0.145551,0.310329,0.008679,0.026505,0.251787,0.080123,0.159379
ACCAATATGCAAGTTA-1,0.000037,0.146528,0.40427,0.227787,0.196063,0.000037,0.019404,0.005872
ACCACAAGTTTCTATC-1,0.018304,0.000008,0.000008,0.000074,0.018584,0.116399,0.171617,0.675005
ACCACACGGTTGATGG-1,0.000013,0.059308,0.270232,0.003987,0.446466,0.149621,0.045721,0.024651
ACCACCAATGTAACAA-1,0.000067,0.459093,0.5372,0.000067,0.003241,0.000067,0.000067,0.0002
ACCACCCTCTCTTCTA-1,0.000028,0.209837,0.187919,0.000028,0.557651,0.016234,0.024274,0.00403
ACCACGTGCAGCTATA-1,0.000014,0.000014,0.028503,0.079584,0.338043,0.109395,0.150383,0.294065
ACCACTGTTCAAGAAG-1,0.00003,0.00003,0.284563,0.477485,0.002861,0.04099,0.090531,0.10351
ACCAGACCATAACAAC-1,0.097634,0.03507,0.076275,0.101834,0.069478,0.239664,0.065973,0.314073
ACCAGCCCGGTCTTTG-1,0.0001,0.32565,0.224503,0.394253,0.000299,0.031753,0.01664,0.006801
ACCAGGAGTGTGATCT-1,0.000139,0.492137,0.506472,0.000139,0.000417,0.000139,0.000139,0.000417
ACCAGTGCGGGAGACG-1,0.000024,0.012124,0.287851,0.010571,0.176422,0.478515,0.006805,0.027688
ACCATATCCGCAATAA-1,0.000012,0.000012,0.002717,0.052887,0.07976,0.017024,0.089143,0.758446
ACCATCCGCCAACTAG-1,0.439515,0.000096,0.01548,0.022572,0.009254,0.237415,0.019988,0.255681
ACCATCGTATATGGTA-1,0.26855,0.004745,0.243282,0.269538,0.00012,0.00004,0.00004,0.213685
ACCATTAAGGGTGTCA-1,0.000018,0.001285,0.087994,0.334407,0.019734,0.185364,0.219145,0.152052
ACCCAACGCCCGTGGC-1,0.000019,0.026833,0.097561,0.005073,0.517685,0.270076,0.034858,0.047894
ACCCACCTACATGCTC-1,0.044343,0.00554,0.086883,0.382256,0.000098,0.005264,0.002614,0.473002
ACCCATCTTGAGGGTA-1,0.003478,0.021659,0.039807,0.078475,0.031273,0.153289,0.102459,0.56956
ACCCATTTGTCCCTCT-1,0.000052,0.687406,0.257757,0.000052,0.053011,0.001514,0.000052,0.000157
ACCCGAGCGAAATTAC-1,0.00141,0.131016,0.018986,0.029389,0.233796,0.071432,0.088124,0.425848
ACCCGATTGGTTCCGA-1,0.019804,0.095004,0.043824,0.133897,0.165598,0.085705,0.01531,0.440859
ACCCGGAAACTCCCAG-1,0.08052,0.002512,0.024472,0.043839,0.273138,0.017218,0.388723,0.169579
ACCCGGAGCACCACAA-1,0.017356,0.03442,0.20586,0.000081,0.136088,0.397114,0.033213,0.175869
ACCCGGATGACGCATC-1,0.000047,0.174922,0.375196,0.006524,0.028849,0.363174,0.00136,0.049928
ACCCGGTTACACTTCC-1,0.026232,0.000007,0.000007,0.000011,0.057017,0.059263,0.475128,0.382334
ACCCGTAGCAGAGAAT-1,0.987815,0.011916,0.000027,0.000027,0.000081,0.000027,0.000027,0.000081
ACCCGTAGTCTAGTTG-1,0.038842,0.024333,0.42208,0.000066,0.117609,0.12587,0.000066,0.271135
ACCCGTGTCATCAGTA-1,0.000011,0.000011,0.019807,0.018271,0.170472,0.022846,0.208529,0.560054
ACCCTATAGGACTGAG-1,0.053571,0.009502,0.097944,0.699289,0.001909,0.012039,0.035513,0.090234
ACCCTATGCCATATCG-1,0.000038,0.399706,0.083398,0.237958,0.006177,0.06616,0.000038,0.206526
ACCCTCCCGTCAGGGC-1,0.138316,0.165891,0.307709,0.000025,0.345526,0.010295,0.000025,0.032214
ACCCTCCCTTGCTATT-1,0.000037,0.092043,0.581557,0.017074,0.286795,0.000037,0.014389,0.008067
ACCCTGGTAACGCCCT-1,0.000041,0.019531,0.360051,0.000041,0.615958,0.004215,0.000041,0.000123
ACCCTTCATCTGCGAA-1,0.000022,0.000022,0.006842,0.000022,0.141279,0.474532,0.331204,0.046078
ACCCTTGCCTGGGTCG-1,0.000043,0.010714,0.204049,0.294268,0.132254,0.165578,0.05796,0.135134
ACCGAAAGGGCCCTGC-1,0.023779,0.000045,0.368528,0.057764,0.09588,0.277043,0.106595,0.070365
ACCGAAGAGTCTGGTT-1,0.368458,0.261715,0.122007,0.225774,0.000156,0.000052,0.000052,0.021787
ACCGACACATCTCCCA-1,0.000022,0.000034,0.115483,0.423361,0.105241,0.008142,0.30582,0.041898
ACCGACTGAGTCCCAC-1,0.000033,0.000033,0.076642,0.379835,0.226344,0.017801,0.164411,0.134902
ACCGAGTCTCCTTATT-1,0.002761,0.000011,0.055896,0.048094,0.643213,0.002664,0.226116,0.021245
ACCGATAGGCATAACC-1,0.000086,0.082915,0.273484,0.000086,0.215322,0.194121,0.000086,0.233899
ACCGATATTTAATCAT-1,0.000042,0.000042,0.251435,0.000044,0.420675,0.207282,0.016778,0.103701
ACCGATGGTAGCATCG-1,0.000021,0.005581,0.2145,0.039909,0.316682,0.412171,0.000021,0.011115
ACCGCAATAACTGCCT-1,0.003307,0.040007,0.194354,0.168221,0.351963,0.037897,0.172152,0.032098
ACCGCGGTGGAAGTCG-1,0.008101,0.07187,0.415559,0.012553,0.141036,0.203287,0.043129,0.104465
ACCGCTAGTCATTGGT-1,0.146341,0.023977,0.014818,0.003306,0.673128,0.08996,0.000413,0.048057
ACCGGGCCTTTGTTGA-1,0.068344,0.108463,0.36935,0.033375,0.003089,0.243152,0.029183,0.145044
ACCGGTCAGGTACACC-1,0.07498,0.916782,0.000038,0.000038,0.007974,0.000038,0.000038,0.000113
ACCGTCCACTGGGCCC-1,0.549005,0.000011,0.000011,0.000199,0.235068,0.003499,0.010517,0.201691
ACCGTGACCACGTGGG-1,0.05203,0.014098,0.01648,0.010606,0.055964,0.265821,0.163517,0.421484
ACCGTTCCCGCTCTGA-1,0.000149,0.089869,0.908638,0.000149,0.000448,0.000149,0.000149,0.000448
ACCTAAGTACCTTTCA-1,0.091061,0.048239,0.160831,0.230347,0.017177,0.077567,0.000031,0.374746
ACCTAATCGACTTCCT-1,0.005963,0.00001,0.00001,0.00267,0.02978,0.083545,0.424634,0.453389
ACCTACAGTATGTGGT-1,0.000016,0.021607,0.023576,0.000016,0.417185,0.513544,0.002458,0.021598
ACCTACTATAAATCTA-1,0.000022,0.099224,0.100228,0.307513,0.264241,0.000022,0.001727,0.227023
ACCTCAGCGAGGCGCA-1,0.000052,0.121422,0.552776,0.000052,0.279641,0.009729,0.000052,0.036274
ACCTCCGCCCTCGCTG-1,0.000043,0.055626,0.308958,0.000593,0.149717,0.342068,0.030622,0.112373
ACCTCCGTTATTCACC-1,0.000124,0.026801,0.008891,0.104092,0.643453,0.056119,0.037501,0.12302
ACCTCGAACTTATGCT-1,0.699722,0.063301,0.000094,0.000094,0.236321,0.000094,0.000094,0.000281
ACCTGCGTGTCATGTT-1,0.321702,0.407941,0.022023,0.237488,0.000147,0.000049,0.000049,0.010601
ACGAAATGGGCGGCAC-1,0.008476,0.000013,0.004424,0.037065,0.039313,0.107899,0.058065,0.744744
ACGACCCATGAGTTGC-1,0.06407,0.010339,0.314769,0.04463,0.226964,0.097705,0.016138,0.225385
ACGACTCTAGGGCCGA-1,0.00001,0.003407,0.097262,0.01784,0.380392,0.471547,0.003042,0.0265
ACGACTGGTCATACTC-1,0.092581,0.121916,0.149598,0.300932,0.088758,0.000023,0.000023,0.24617
ACGAGAACCCATCACG-1,0.00004,0.005,0.361287,0.523064,0.068781,0.004546,0.005137,0.032144
ACGAGATATTTGCTTA-1,0.000349,0.430932,0.177491,0.388438,0.001046,0.000349,0.000349,0.001046
ACGAGGATACCACTCT-1,0.288969,0.044659,0.125738,0.249654,0.000117,0.023233,0.004856,0.262774
ACGAGGTTTACAACGT-1,0.311142,0.159579,0.000431,0.063289,0.123772,0.000033,0.095006,0.246747
ACGAGTACGGATGCCC-1,0.000112,0.327761,0.524439,0.007906,0.010377,0.000112,0.000112,0.129182
ACGAGTCGCCGGCGTT-1,0.000023,0.006252,0.445154,0.05868,0.000068,0.256554,0.034882,0.198389
ACGATACATAGAACTA-1,0.000029,0.044379,0.367883,0.005433,0.249911,0.19762,0.113152,0.021593
ACGATACCTATCCTGA-1,0.134201,0.000011,0.114414,0.023092,0.072652,0.1371,0.057329,0.461201
ACGATCATACATAGAG-1,0.000018,0.002424,0.041994,0.128703,0.110241,0.081543,0.195916,0.439161
ACGATCATCTTGTAAA-1,0.037624,0.108336,0.169227,0.000064,0.207829,0.264946,0.027553,0.18442
ACGATGCATATGTTAT-1,0.018537,0.008022,0.262939,0.283818,0.001728,0.001552,0.000146,0.423257
ACGATGGATCCGATGC-1,0.000077,0.096965,0.284387,0.025014,0.064024,0.372529,0.000077,0.156928
ACGCAAACTAATAGAT-1,0.002155,0.004827,0.019306,0.042986,0.229635,0.020448,0.156971,0.523672
ACGCAATCACTACAGC-1,0.000109,0.064086,0.197701,0.020382,0.205083,0.20107,0.015326,0.296242
