Barcode,Topic 1,Topic 2,Topic 3to8,Topic 9,Topic 10
AAACAAGTATCTCCCA-1,0.017532,0.569562,0.291355,0.100959,0.020591
AAACACCAATAACTGC-1,0.701195,0.000026,0.004953,0.2938,0.000026
AAACAGCTTTCAGAAG-1,0.586382,0.000022,0.185487,0.228087,0.000022
AAACAGGGTCTATATT-1,0.85983,0.118579,0.000186,0.021374,0.000031
AAACAGTGTTCCTGGG-1,0.597918,0.171182,0.226391,0.000013,0.004495
AAACATGGTGAGAGGA-1,0.079363,0.078911,0.531595,0.310099,0.000033
AAACATTTCCCGGATT-1,0.152332,0.290857,0.304358,0.12969,0.122763
AAACCCGAACGAAATC-1,0.097578,0.31717,0.52647,0.000014,0.058769
AAACCGGAAATGTTAA-1,0.055535,0.100029,0.644176,0.000044,0.200215
AAACCGGGTAGGTACC-1,0.327993,0.019664,0.401227,0.214362,0.036754
AAACCGTTCGTCCAGG-1,0.977739,0.00078,0.000106,0.021358,0.000018
AAACCTAAGCAGCCGG-1,0.060389,0.009498,0.559896,0.076009,0.294208
AAACCTCATGAAGTTG-1,0.311272,0.046198,0.482056,0.004714,0.155759
AAACGAAGATGGAGTA-1,0.559258,0.000035,0.000209,0.440464,0.000035
AAACGAGACGGTTGAT-1,0.038443,0.27979,0.496225,0.118606,0.066937
AAACGGGCGTACGGGT-1,0.043579,0.000008,0.558101,0.161422,0.236891
AAACGGTTGCGAACTG-1,0.414534,0.003381,0.364528,0.19316,0.024396
AAACTCGGTTCGCAAT-1,0.288126,0.053886,0.323493,0.070875,0.26362
AAACTCGTGATATAAG-1,0.014984,0.636323,0.348525,0.000084,0.000084
AAACTGCTGGCTCCAA-1,0.000011,0.097831,0.620256,0.040844,0.241058
AAACTTAATTGCACGC-1,0.090559,0.000026,0.02716,0.877013,0.005242
AAACTTGCAAACGTAT-1,0.827268,0.116814,0.001105,0.054789,0.000025
AAAGAATGACCTTAGA-1,0.103685,0.029885,0.687984,0.178412,0.000034
AAAGACCCAAGTCGCG-1,0.000017,0.153404,0.846543,0.000017,0.000017
AAAGACTGGGCGCTTT-1,0.273306,0.052593,0.513148,0.029921,0.131033
AAAGGCCCTATAATAC-1,0.162737,0.000015,0.004014,0.829732,0.003502
AAAGGCTACGGACCAT-1,0.915316,0.084483,0.000151,0.000025,0.000025
AAAGGCTCTCGCGCCG-1,0.719656,0.144402,0.051582,0.000018,0.084342
AAAGGGATGTAGCAAG-1,0.000019,0.343749,0.656195,0.000019,0.000019
AAAGGGCAGCTTGAAT-1,0.001549,0.007318,0.872422,0.056246,0.062465
AAAGTAGCATTGCTCA-1,0.949737,0.041408,0.000112,0.008724,0.000019
AAAGTCACTGATGTAA-1,0.000023,0.821967,0.177963,0.000023,0.000023
AAAGTCGACCCTCAGT-1,0.254401,0.304258,0.098765,0.180586,0.161991
AAAGTGCCATCAATTA-1,0.000008,0.049444,0.679016,0.000305,0.271228
AAAGTGTGATTTATCT-1,0.000015,0.18285,0.689237,0.053469,0.074429
AAAGTTGACTCCCGTA-1,0.035423,0.073215,0.786736,0.000964,0.103661
AAATAACCATACGGGA-1,0.027144,0.283769,0.688963,0.000062,0.000062
AAATAAGGTAGTGCCC-1,0.018183,0.968491,0.013252,0.000037,0.000037
AAATACCTATAAGCAT-1,0.007299,0.024627,0.906518,0.0014,0.060157
AAATAGCTTAGACTTT-1,0.00457,0.301499,0.446977,0.000587,0.246368
AAATAGGGTGCTATTG-1,0.001262,0.078041,0.50139,0.091412,0.327894
AAATCCGATACACGCC-1,0.000007,0.000007,0.470102,0.000395,0.529489
AAATCGCGGAAGGAGT-1,0.482556,0.001927,0.23503,0.275442,0.005046
AAATCGTGTACCACAA-1,0.06559,0.200497,0.683246,0.003213,0.047455
AAATCTAGCCCTGCTA-1,0.01525,0.115343,0.560825,0.021013,0.28757
AAATCTGCCCGCGTCC-1,0.128664,0.116509,0.709438,0.041566,0.003822
AAATGATTCGATCAGC-1,0.033091,0.476262,0.469709,0.020853,0.000086
AAATGCTCGTTACGTT-1,0.057386,0.066661,0.874187,0.000623,0.001143
AAATGGCATGTCTTGT-1,0.000026,0.717308,0.282614,0.000026,0.000026
AAATGGCCCGTGCCCT-1,0.581893,0.000016,0.30501,0.109636,0.003445
AAATGGTCAATGTGCC-1,0.000014,0.121963,0.877995,0.000014,0.000014
AAATGTATCTTATCCC-1,0.033048,0.13428,0.276146,0.353133,0.203392
AAATTAACGGGTAGCT-1,0.000142,0.167978,0.788512,0.008514,0.034854
AAATTAATAAGCGCGA-1,0.020291,0.000022,0.824687,0.017968,0.137032
AAATTACACGACTCTG-1,0.015413,0.480231,0.504243,0.000057,0.000057
AAATTACCTATCGATG-1,0.000007,0.003606,0.937362,0.018437,0.040588
AAATTCCAGGTCCAAA-1,0.00019,0.074625,0.830234,0.002353,0.092598
AAATTGATAGTCCTTT-1,0.944334,0.035498,0.007659,0.007692,0.004817
AAATTGCGGCGGTTCT-1,0.123671,0.65142,0.22474,0.000085,0.000085
AAATTTGCGGGTGTGG-1,0.769308,0.172556,0.016303,0.000023,0.041809
AACAACTGGTAGTTGC-1,0.000007,0.010266,0.961532,0.027773,0.000421
AACAATACATTGTCGA-1,0.77493,0.015388,0.102395,0.049711,0.057576
AACAATTACTCTACGC-1,0.006975,0.159652,0.812238,0.004858,0.016277
AACACACGCTCGCCGC-1,0.078679,0.433537,0.3826,0.025272,0.079912
AACACGACTGTACTGA-1,0.066657,0.473405,0.459823,0.000058,0.000058
AACACGAGACGCGGCC-1,0.834462,0.165343,0.000147,0.000024,0.000024
AACACGCGGCCGCGAA-1,0.004891,0.862767,0.000354,0.131929,0.000059
AACAGCTGTGTGGCAA-1,0.683344,0.016023,0.179074,0.031544,0.090016
AACAGGAAATCGAATA-1,0.000007,0.002042,0.983016,0.000007,0.014928
AACAGGATGGGCCGCG-1,0.002064,0.077029,0.919978,0.000026,0.000903
AACAGGTAGTATGGAT-1,0.000005,0.000005,0.62123,0.079503,0.299256
AACATATCAACTGGTG-1,0.000008,0.100764,0.578151,0.008925,0.312152
AACATTGAAGTTGATC-1,0.111083,0.000018,0.286753,0.417487,0.18466
AACATTGTGACTCGAG-1,0.830552,0.110778,0.000499,0.058145,0.000027
AACCAAGACTTCTCTG-1,0.035486,0.434394,0.417383,0.000025,0.112712
AACCATAGGGTTGAAC-1,0.001542,0.000017,0.300954,0.521003,0.176484
AACCATGGGATCGCTA-1,0.01615,0.023176,0.944545,0.01443,0.001699
AACCCAGAGACGGAGA-1,0.000011,0.000115,0.979126,0.00855,0.012197
AACCCATCCCATGATC-1,0.911926,0.000026,0.019655,0.068367,0.000026
AACCCGACAACCCGTG-1,0.806587,0.081265,0.041983,0.050076,0.02009
AACCCGAGCAGAATCG-1,0.012503,0.13018,0.446486,0.028937,0.381894
AACCCTACTGTCAATA-1,0.056776,0.304679,0.523942,0.000019,0.114584
AACCGAGCTTGGTCAT-1,0.000017,0.291112,0.681532,0.015257,0.012081
AACCGCTAAGGGATGC-1,0.000011,0.20193,0.538826,0.025577,0.233656
AACCGTTGTGTTTGCT-1,0.00003,0.779415,0.220495,0.00003,0.00003
AACCTCGCTTTAGCCC-1,0.006842,0.000008,0.461387,0.088957,0.442807
AACCTGTCACGGAATT-1,0.000019,0.321426,0.544933,0.11869,0.014932
AACCTTTAAATACGGT-1,0.221668,0.111989,0.323998,0.019387,0.322958
AACCTTTACGACGTCT-1,0.027586,0.659983,0.312291,0.00007,0.00007
AACGAAAGTCGTCCCA-1,0.563005,0.000026,0.000154,0.436789,0.000026
AACGATAATGCCGTAG-1,0.040839,0.016143,0.630907,0.158111,0.154
AACGATAGAAGGGCCG-1,0.05841,0.1859,0.720418,0.000021,0.035251
AACGATATGTCAACTG-1,0.000014,0.108287,0.86412,0.007548,0.02003
AACGCATGATCTGGGT-1,0.195511,0.804156,0.00025,0.000042,0.000042
AACGCGAACGGCAACA-1,0.000014,0.321593,0.650496,0.027883,0.000014
AACGCGACCTTGGGCG-1,0.582573,0.029459,0.26622,0.11667,0.005078
AACGCGGTCTCCAGCC-1,0.00027,0.38702,0.612664,0.000023,0.000023
AACGCTGTTGCTGAAA-1,0.000545,0.298178,0.491174,0.091015,0.119089
AACGGACGTACGTATA-1,0.003701,0.053986,0.913543,0.00001,0.02876
AACGGCCATCTCCGGT-1,0.933127,0.066742,0.000098,0.000016,0.000016
AACGTACTGTGGGTAC-1,0.825477,0.174327,0.000147,0.000024,0.000024
AACGTCAGACTAGTGG-1,0.000013,0.124226,0.859548,0.015789,0.000425
AACGTGCGAAAGTCTC-1,0.000011,0.089593,0.908935,0.000011,0.00145
AACGTTATCAGCACCT-1,0.036267,0.394131,0.415257,0.020781,0.133564
AACTACCCGTTTGTCA-1,0.000009,0.003807,0.699843,0.000009,0.296333
AACTAGGCTTGGGTGT-1,0.45986,0.072155,0.115247,0.132529,0.220209
AACTCAAGTTAATTGC-1,0.15129,0.171967,0.289931,0.382321,0.004491
AACTCCAGAGCGTGTT-1,0.001043,0.039127,0.453852,0.181308,0.32467
AACTCGATAAACACGT-1,0.048757,0.304217,0.646928,0.000049,0.000049
AACTCGATGGCGCAGT-1,0.000011,0.096164,0.884615,0.014472,0.004738
AACTCTCAATAGAGCG-1,0.000016,0.236999,0.733385,0.000016,0.029584
AACTCTCAGTGTGCTC-1,0.791697,0.000019,0.056621,0.102692,0.048971
AACTGAGTTATACTGA-1,0.000013,0.020605,0.898726,0.00025,0.080406
AACTGATATTAGGCCT-1,0.000008,0.058758,0.907918,0.010654,0.022662
AACTGGGTCCCGACGT-1,0.000011,0.020627,0.969384,0.000034,0.009944
AACTGGTGTGGGCCTT-1,0.036708,0.962292,0.00075,0.000125,0.000125
AACTTCTGCGTCTATC-1,0.000025,0.058621,0.904291,0.037039,0.000025
AACTTGCCCGTATGCA-1,0.000017,0.076367,0.923582,0.000017,0.000017
AACTTGCGTTCTCGCG-1,0.000027,0.465037,0.494254,0.040654,0.000027
AACTTTACGGGAGCTT-1,0.000039,0.064643,0.595463,0.177079,0.162776
AACTTTAGCTGCTGAG-1,0.136772,0.209908,0.653233,0.000044,0.000044
AAGAAGGATCAGTTAG-1,0.001096,0.344291,0.635213,0.01938,0.00002
AAGACCAAATAACTCA-1,0.232465,0.004553,0.171682,0.578776,0.012523
AAGACCCAACTGAACA-1,0.759786,0.000745,0.1232,0.027517,0.088752
AAGACTAACCCGTTGT-1,0.051206,0.340613,0.608105,0.000038,0.000038
AAGACTGCAAGCTACT-1,0.000756,0.160867,0.837816,0.000016,0.000545
AAGAGATGAATCGGTA-1,0.010488,0.001607,0.97185,0.001388,0.014667
AAGAGCTCTTTATCGG-1,0.000026,0.341584,0.640844,0.01752,0.000026
AAGAGGATGTACGCGA-1,0.282238,0.487419,0.179568,0.000035,0.05074
AAGAGGCATGGATCGC-1,0.000013,0.070864,0.910096,0.010487,0.008541
AAGAGGCCCTTTGGAA-1,0.00118,0.190473,0.250543,0.525828,0.031976
AAGATGGCACCGGACC-1,0.826988,0.000013,0.113347,0.021604,0.038048
AAGATTGGCGGAACGT-1,0.000022,0.257843,0.74209,0.000022,0.000022
AAGCACCCTGCGTATC-1,0.28973,0.066376,0.384092,0.003593,0.256208
AAGCATACTCTCCTGA-1,0.162364,0.020502,0.589331,0.085102,0.1427
AAGCCACTTGCAGGTA-1,0.231725,0.112963,0.64783,0.001066,0.006416
AAGCCGAAGCGGTTTA-1,0.000016,0.240328,0.447735,0.018316,0.293605
AAGCCGCCGTGAAATC-1,0.269908,0.000024,0.253338,0.365014,0.111715
AAGCCGGAGAGCAGGA-1,0.00001,0.010747,0.800247,0.001944,0.187051
AAGCGCAGGGCTTTGA-1,0.202421,0.240982,0.086571,0.021667,0.448358
AAGCGTCCCTCATCGA-1,0.978023,0.02067,0.000142,0.001142,0.000024
AAGCTAGATCGAGTAA-1,0.044005,0.356619,0.382386,0.187851,0.029138
AAGCTCGTGCCAAGTC-1,0.00757,0.308389,0.649001,0.031357,0.003684
AAGCTCTTTCATGGTG-1,0.000277,0.003988,0.434564,0.006084,0.555087
AAGGAGCGGTTGGTGC-1,0.000024,0.366843,0.633086,0.000024,0.000024
AAGGATCGATCGCTTG-1,0.000014,0.25291,0.536577,0.000014,0.210485
AAGGATGAGGGACCTC-1,0.000014,0.354219,0.593829,0.020449,0.031489
AAGGCAGGCTGTCTCC-1,0.00001,0.107363,0.683054,0.041556,0.168017
AAGGCGCGTAAAGCTT-1,0.000008,0.000058,0.961015,0.009452,0.029467
AAGGCTGTGCTCATCG-1,0.000018,0.247427,0.730345,0.022192,0.000018
AAGGGAACGACTGGCT-1,0.601733,0.034888,0.037971,0.325378,0.000029
AAGGGACAGATTCTGT-1,0.016995,0.341457,0.636819,0.000017,0.004711
AAGGGACTATGCATTC-1,0.99974,0.000029,0.000174,0.000029,0.000029
AAGGGTTTGATTTCAG-1,0.168518,0.064888,0.041313,0.678281,0.047
AAGGTATCCTAATATA-1,0.000008,0.032886,0.945638,0.000008,0.02146
AAGGTGATAAACCAGC-1,0.000008,0.059199,0.926108,0.000838,0.013848
AAGTAGAAGACCGGGT-1,0.009459,0.324848,0.657404,0.008271,0.000018
AAGTAGTGACGCGAGG-1,0.000016,0.152545,0.845391,0.002032,0.000016
AAGTCAATTGTCGTCA-1,0.036135,0.221979,0.601637,0.02987,0.110379
AAGTCTTCTGTGGCCT-1,0.044244,0.000762,0.212288,0.480903,0.261803
AAGTGACGACCGAATT-1,0.318651,0.000737,0.388891,0.192522,0.099198
AAGTGAGTCGGGTTTA-1,0.67807,0.003958,0.247809,0.0646,0.005563
AAGTGCAAAGGTAGAC-1,0.031361,0.44453,0.485875,0.031468,0.006766
AAGTGCCTTGACTGTA-1,0.000016,0.596311,0.27446,0.03729,0.091923
AAGTGCGTTAGAATCT-1,0.931861,0.067935,0.000153,0.000026,0.000026
AAGTGCTTCTCTATTG-1,0.448165,0.060143,0.000154,0.485067,0.006472
AAGTGTTTGGAGACGG-1,0.006324,0.010442,0.652707,0.019044,0.311483
AAGTTCACTCCAAGCT-1,0.021218,0.026913,0.447559,0.056684,0.447625
AAGTTCGGCCAACAGG-1,0.700058,0.167047,0.062435,0.004294,0.066165
AAGTTGTGATGTTATA-1,0.000004,0.000004,0.857504,0.000004,0.142484
AAGTTTATGGGCCCAA-1,0.210869,0.067969,0.493379,0.215281,0.012502
AATAACAACGCTCGGC-1,0.015976,0.028676,0.94033,0.01218,0.002839
AATAACACTAGAACAA-1,0.944577,0.026964,0.028414,0.000022,0.000022
AATAATCTTCGTATCG-1,0.000013,0.025816,0.725054,0.016599,0.232518
AATACAATGTTTCAGG-1,0.032285,0.013799,0.862598,0.065882,0.025437
AATACCGGAGGGCTGT-1,0.745479,0.251439,0.000206,0.002842,0.000034
AATAGAACAGAGTGGC-1,0.899428,0.054882,0.000147,0.045518,0.000024
AATAGAATCTGTTTCA-1,0.01699,0.105288,0.60173,0.106105,0.169887
AATAGTCCGTCCCGAC-1,0.759342,0.100618,0.017959,0.070274,0.051806
AATAGTCGCGAGTCGG-1,0.000019,0.000019,0.84431,0.071029,0.084623
AATATCAAGGTCGGAT-1,0.042108,0.488863,0.468975,0.000027,0.000027
AATATCCTAGCAAACT-1,0.768609,0.009924,0.068926,0.152485,0.000057
AATATCGAATCAATGC-1,0.006028,0.130076,0.667212,0.000015,0.196669
AATATCGAGGGTTCTC-1,0.000009,0.009381,0.606642,0.000009,0.383959
AATATTGGAGTATTGA-1,0.273232,0.301069,0.4044,0.000025,0.021275
AATCAGACTGCAGGAC-1,0.082557,0.56485,0.331608,0.020849,0.000136
AATCAGGTTTCATTTA-1,0.235915,0.072662,0.385241,0.030072,0.27611
AATCATGTAAAGACTC-1,0.000008,0.068107,0.583788,0.04485,0.303247
AATCCAAGGGCCTGAG-1,0.000012,0.056047,0.858521,0.063178,0.022243
AATCCATGCAAGGGTG-1,0.000015,0.065597,0.926252,0.000015,0.008122
AATCGCCTCAGCGCCA-1,0.000347,0.208197,0.721288,0.000019,0.070148
AATCGCGCAGAGGACT-1,0.000018,0.44992,0.337639,0.001537,0.210886
AATCGGGACACTACGA-1,0.093318,0.483787,0.422787,0.000054,0.000054
AATCGTGAGCCGAGCA-1,0.032569,0.156257,0.390106,0.263903,0.157165
AATCTAGGTTTACTTG-1,0.851899,0.09804,0.020362,0.000049,0.02965
AATCTATGCCGGAGCC-1,0.019417,0.807493,0.035975,0.131451,0.005664
AATCTCTACTGTGGTT-1,0.075012,0.000031,0.307114,0.310876,0.306968
AATCTGCGTTGGGACG-1,0.000014,0.177484,0.652344,0.118458,0.051701
AATCTGGCTTTCTAGT-1,0.931091,0.000025,0.041144,0.025356,0.002385
AATGACAGCAATGTCT-1,0.484802,0.000017,0.320829,0.026192,0.16816
AATGACGTAGGATGTC-1,0.007694,0.191747,0.743465,0.008762,0.048332
AATGACTGTCAGCCGG-1,0.001962,0.365362,0.632354,0.000014,0.000307
AATGAGTTCGCATATG-1,0.00002,0.021576,0.978365,0.00002,0.00002
AATGATGATACGCTAT-1,0.000008,0.001878,0.941415,0.000478,0.056221
AATGATGCGACTCCTG-1,0.00001,0.021248,0.794265,0.014126,0.170352
AATGCAACCGGGTACC-1,0.000195,0.13492,0.795777,0.06154,0.007568
AATGCACCAAGCAATG-1,0.000071,0.947231,0.000424,0.052204,0.000071
AATGGTCCACCGTTCA-1,0.13405,0.229899,0.386473,0.089687,0.159891
AATGGTTCTCACAAGC-1,0.000017,0.215748,0.779969,0.000017,0.004249
AATGTATGGCACTGTA-1,0.024369,0.000018,0.535104,0.144556,0.295952
AATGTGCCCGAGGTGT-1,0.999812,0.000021,0.000125,0.000021,0.000021
AATGTGCTAATCTGAG-1,0.768326,0.231417,0.000193,0.000032,0.000032
AATGTTGTCGTGAGAC-1,0.006383,0.26238,0.729273,0.001955,0.000009
AATTAAAGGTCGGCGT-1,0.102426,0.369726,0.30884,0.217552,0.001456
AATTAACGGATTTCCA-1,0.076726,0.000013,0.415296,0.209618,0.298346
AATTACGAGACCCATC-1,0.342859,0.00003,0.034309,0.569223,0.053579
AATTACTCGTACGCTC-1,0.000033,0.164162,0.787764,0.048008,0.000033
AATTAGCGCTGCAGCG-1,0.121875,0.093616,0.45214,0.133925,0.198444
AATTCATAAGGGATCT-1,0.00001,0.000014,0.951736,0.00001,0.04823
AATTCATTGTCATGCA-1,0.235202,0.0649,0.000282,0.699569,0.000047
AATTCCAAGCATGTAC-1,0.489261,0.000017,0.233778,0.147625,0.129319
AATTCGATTCGAGGAT-1,0.283144,0.177382,0.081963,0.399639,0.057872
AATTCTAGAGTTAGGC-1,0.190063,0.305979,0.411641,0.001296,0.091021
AATTGAACGCTCTGGT-1,0.012476,0.616863,0.196562,0.006761,0.167338
AATTGCAGCAATCGAC-1,0.000011,0.203952,0.326803,0.028552,0.440682
AATTGCGTGGATTACA-1,0.169248,0.000027,0.398134,0.358875,0.073716
AATTGTGGTTGCCAAA-1,0.000011,0.2105,0.686053,0.000733,0.102702
AATTTGGTTCCAAAGA-1,0.000072,0.999356,0.00043,0.000072,0.000072
ACAAACCATGCGTCCT-1,0.096211,0.000025,0.069832,0.803243,0.030689
ACAAAGAAGGTAGGCC-1,0.943308,0.044899,0.000402,0.011324,0.000067
ACAAAGCATGACCTAG-1,0.00001,0.002909,0.331615,0.544068,0.121397
ACAAATCGCACCGAAT-1,0.001578,0.024471,0.771526,0.017251,0.185174
ACAAATGGTAGTGTTT-1,0.032186,0.091732,0.709501,0.087275,0.079306
ACAACAGCATGAGCTA-1,0.000012,0.09356,0.906403,0.000012,0.000012
ACAACGGTCCCTGCGA-1,0.000824,0.484807,0.514333,0.000018,0.000018
ACAAGCAGTGCCTAGC-1,0.000016,0.195774,0.803788,0.000016,0.000407
ACAAGCTATATGGAAG-1,0.007202,0.017681,0.417343,0.411684,0.14609
ACAAGGAAATCCGCCC-1,0.033529,0.081196,0.753386,0.025828,0.106061
ACAAGGACAAGAGGTT-1,0.040691,0.135274,0.791789,0.015492,0.016754
ACAAGGATGCTTTAGG-1,0.00752,0.120198,0.359925,0.226796,0.285562
ACAAGGGCAGGCTCTG-1,0.000009,0.010553,0.8769,0.000009,0.112529
ACAATAGTCGTACGTT-1,0.523282,0.268606,0.0851,0.002566,0.120445
ACAATCCATTTAAACC-1,0.0422,0.112576,0.702058,0.097223,0.045943
ACAATGAATACGGAGA-1,0.972695,0.000018,0.008608,0.001431,0.017248
ACAATTGTGTCTCTTT-1,0.000009,0.090245,0.696533,0.052077,0.161136
ACAATTTAGGAGGCTC-1,0.019207,0.03884,0.833871,0.000914,0.107168
ACAATTTGAGCAGTGG-1,0.000009,0.160621,0.803131,0.013624,0.022615
ACAATTTGGCCATATT-1,0.002327,0.012462,0.84739,0.010877,0.126944
ACACAAAGACGGGTGG-1,0.005018,0.268456,0.725994,0.000018,0.000514
ACACACCAGGACCAGT-1,0.035173,0.219156,0.513168,0.045439,0.187064
ACACACTTTCTACACG-1,0.000013,0.006656,0.992564,0.000013,0.000754
ACACATGATCAAATCT-1,0.357629,0.000021,0.252238,0.385504,0.004608
ACACATTGACGCAACA-1,0.00003,0.139919,0.859991,0.00003,0.00003
ACACCACATAATTAGC-1,0.139772,0.858948,0.001186,0.000047,0.000047
ACACCCAGCATGCAGC-1,0.002251,0.292602,0.62163,0.082274,0.001244
ACACCCGAGAAATCCG-1,0.063391,0.119075,0.816973,0.000012,0.000549
ACACCGAGCGCTCTTT-1,0.000026,0.047096,0.883854,0.000026,0.068998
ACACCGGTCTGACCGC-1,0.134495,0.002636,0.13565,0.636431,0.090787
ACACCTTAAGTAGGGC-1,0.001702,0.0783,0.908963,0.002386,0.008649
ACACCTTACTACTTGC-1,0.000006,0.006313,0.613517,0.000386,0.379779
ACACGAGACTCCTTCT-1,0.004651,0.03391,0.810192,0.150544,0.000704
ACACGGGAACTTAGGG-1,0.000014,0.190671,0.808102,0.001058,0.000155
ACACGTAGGCCACAAG-1,0.005152,0.08631,0.592783,0.01414,0.301615
ACACTCCAATGTCACT-1,0.000014,0.052627,0.940481,0.000014,0.006866
ACACTGATCAAGGTGT-1,0.896238,0.068163,0.017265,0.01527,0.003064
ACACTGGGACAGTCGT-1,0.000011,0.015239,0.748715,0.000012,0.236023
ACAGAACTGAGAACAA-1,0.765317,0.000025,0.000151,0.234483,0.000025
ACAGATTAGGTTAGTG-1,0.110549,0.307154,0.582182,0.000057,0.000057
ACAGCATAGAGCCAGT-1,0.000053,0.987822,0.01202,0.000053,0.000053
ACAGCGACATTCTCAT-1,0.013114,0.096732,0.648966,0.13732,0.103868
ACAGGCACGGATCCTT-1,0.013188,0.306318,0.584193,0.08186,0.014441
ACAGGCTTGCCCGACT-1,0.005671,0.316783,0.354883,0.019342,0.303322
ACAGGTGGAGGTGAGG-1,0.597466,0.000817,0.374024,0.000768,0.026925
ACAGGTGTGTTGTTGC-1,0.063947,0.211679,0.000316,0.724006,0.000053
ACAGTAATACAACTTG-1,0.782795,0.005571,0.159442,0.04674,0.005452
ACATAAGTCGTGGTGA-1,0.536126,0.000023,0.085783,0.375465,0.002604
ACATAATAAGGCGGTG-1,0.040272,0.190688,0.768994,0.000023,0.000023
ACATCAGCTGGGACGC-1,0.037698,0.000017,0.50888,0.304054,0.149351
ACATCCCGGCCATACG-1,0.82424,0.141732,0.01983,0.000017,0.014181
ACATCCTGGTAACTGT-1,0.000013,0.254188,0.51277,0.065876,0.167152
ACATCGATCGTTTACC-1,0.023554,0.016781,0.890495,0.018043,0.051128
ACATCGGTCAGCCGCG-1,0.416272,0.569809,0.001824,0.012062,0.000034
ACATCGTATGCAATGG-1,0.000009,0.120674,0.641754,0.000009,0.237554
ACATGGCGCCAAAGTA-1,0.000014,0.226301,0.555917,0.000014,0.217754
ACATGGCTCAATTTAG-1,0.000027,0.323338,0.676581,0.000027,0.000027
ACATTAGTTTATATCC-1,0.280448,0.15104,0.279669,0.015091,0.273751
ACATTCGCGCGGAATA-1,0.003193,0.007356,0.621358,0.232467,0.135626
ACCAACCGCACTCCAC-1,0.033728,0.473795,0.063222,0.225252,0.204003
ACCAACGCTTATTTAT-1,0.834674,0.000039,0.031343,0.07272,0.061225
ACCAAGAACGCGTGTC-1,0.000017,0.173209,0.804536,0.000123,0.022116
ACCAATATGCAAGTTA-1,0.020032,0.537241,0.268376,0.133073,0.041279
ACCACAAGTTTCTATC-1,0.026141,0.099013,0.831723,0.024998,0.018125
ACCACCAATGTAACAA-1,0.000008,0.003475,0.642597,0.000008,0.353912
ACCACGTGCAGCTATA-1,0.002587,0.003537,0.843121,0.026922,0.123834
ACCACTGTTCAAGAAG-1,0.000023,0.01281,0.984586,0.000023,0.002557
ACCAGACCATAACAAC-1,0.047192,0.000029,0.33415,0.596313,0.022316
ACCAGTGCGGGAGACG-1,0.026071,0.227854,0.718012,0.008016,0.020046
ACCATATCCGCAATAA-1,0.01604,0.365764,0.577141,0.035514,0.005541
ACCATCCGCCAACTAG-1,0.877485,0.033617,0.034175,0.045933,0.008788
ACCATCGTATATGGTA-1,0.618063,0.163542,0.208173,0.010196,0.000025
ACCATTAAGGGTGTCA-1,0.00004,0.447797,0.552083,0.00004,0.00004
ACCCAACGCCCGTGGC-1,0.000011,0.432427,0.468184,0.008396,0.090981
ACCCACCTACATGCTC-1,0.052476,0.5939,0.183098,0.169352,0.001175
ACCCATCTTGAGGGTA-1,0.066767,0.220528,0.666896,0.003168,0.042641
ACCCATTTGTCCCTCT-1,0.002768,0.039994,0.384499,0.01076,0.561979
ACCCGAGCGAAATTAC-1,0.630528,0.054307,0.000281,0.314838,0.000047
ACCCGATTGGTTCCGA-1,0.646269,0.026719,0.115308,0.153976,0.057727
ACCCGGAAACTCCCAG-1,0.211165,0.255932,0.129621,0.310378,0.092904
ACCCGGAGCACCACAA-1,0.000074,0.089413,0.634641,0.121272,0.154601
ACCCGGATGACGCATC-1,0.000007,0.020769,0.935798,0.000007,0.043419
ACCCGGTTACACTTCC-1,0.096575,0.007627,0.614897,0.130232,0.150669
ACCCGTGTCATCAGTA-1,0.648873,0.030115,0.140662,0.07909,0.101259
ACCCTATAGGACTGAG-1,0.000026,0.364632,0.635291,0.000026,0.000026
ACCCTATGCCATATCG-1,0.750041,0.000027,0.171887,0.005019,0.073027
ACCCTCCCGTCAGGGC-1,0.005766,0.023403,0.695068,0.174389,0.101374
ACCCTCCCTTGCTATT-1,0.009494,0.44355,0.194558,0.056821,0.295577
ACCCTTCATCTGCGAA-1,0.000019,0.356751,0.638936,0.000019,0.004275
ACCGAAAGGGCCCTGC-1,0.016633,0.847257,0.08527,0.05081,0.00003
ACCGAAGAGTCTGGTT-1,0.972969,0.000029,0.000176,0.026797,0.000029
ACCGACACATCTCCCA-1,0.118637,0.000008,0.475552,0.305135,0.100668
ACCGACTGAGTCCCAC-1,0.009294,0.392129,0.596591,0.001964,0.000022
ACCGAGTCTCCTTATT-1,0.033695,0.175175,0.589574,0.127096,0.07446
ACCGATAGGCATAACC-1,0.000008,0.001483,0.527547,0.078004,0.392958
ACCGATATTTAATCAT-1,0.00001,0.000997,0.535575,0.00061,0.462807
ACCGATGGTAGCATCG-1,0.004903,0.271671,0.585972,0.111809,0.025645
ACCGCAATAACTGCCT-1,0.001049,0.022414,0.738777,0.060322,0.177438
ACCGCGGTGGAAGTCG-1,0.000848,0.007999,0.791868,0.003775,0.195509
ACCGCTAGTCATTGGT-1,0.222762,0.163091,0.6052,0.001165,0.007781
ACCGGGCCTTTGTTGA-1,0.000567,0.616359,0.202129,0.076932,0.104013
ACCGGTCAGGTACACC-1,0.694952,0.047729,0.000117,0.257183,0.00002
ACCGTCCACTGGGCCC-1,0.002111,0.000021,0.551255,0.380818,0.065795
ACCGTGACCACGTGGG-1,0.874817,0.000022,0.00393,0.121209,0.000022
ACCTAAGTACCTTTCA-1,0.928057,0.067124,0.004759,0.00003,0.00003
ACCTAATCGACTTCCT-1,0.000123,0.000044,0.87034,0.054401,0.075092
ACCTACAGTATGTGGT-1,0.000016,0.168148,0.618958,0.000016,0.212861
ACCTACTATAAATCTA-1,0.787506,0.167307,0.012288,0.032879,0.00002
ACCTCCGCCCTCGCTG-1,0.0001,0.032532,0.545766,0.030558,0.391043
ACCTCCGTTATTCACC-1,0.022664,0.67618,0.126081,0.175051,0.000025
ACCTCGAACTTATGCT-1,0.214857,0.000016,0.155179,0.385281,0.244667
ACCTGCGTGTCATGTT-1,0.848306,0.111114,0.000152,0.040403,0.000025
ACGAAATGGGCGGCAC-1,0.001401,0.070519,0.87069,0.000014,0.057376
ACGACCCATGAGTTGC-1,0.002526,0.01847,0.790955,0.119797,0.068253
ACGACTGGTCATACTC-1,0.692908,0.045784,0.002074,0.202723,0.056511
ACGAGAACCCATCACG-1,0.001752,0.604545,0.391021,0.002664,0.000017
ACGAGGATACCACTCT-1,0.823383,0.031556,0.004341,0.111506,0.029214
ACGAGGTTTACAACGT-1,0.708752,0.001175,0.000129,0.289923,0.000021
ACGAGTACGGATGCCC-1,0.000018,0.28072,0.670111,0.001102,0.048049
ACGAGTCGCCGGCGTT-1,0.015917,0.297147,0.686788,0.000074,0.000074
ACGATACATAGAACTA-1,0.022552,0.023932,0.948572,0.000013,0.004932
ACGATACCTATCCTGA-1,0.009794,0.008803,0.343187,0.636531,0.001685
ACGATCATACATAGAG-1,0.000013,0.055748,0.944212,0.000013,0.000013
ACGATCATCTTGTAAA-1,0.000016,0.237543,0.569661,0.001897,0.190884
ACGATGCATATGTTAT-1,0.077611,0.006993,0.892648,0.003213,0.019535
ACGATGGATCCGATGC-1,0.062229,0.284069,0.653603,0.00005,0.00005
ACGCAAACTAATAGAT-1,0.996678,0.000018,0.000109,0.003177,0.000018
ACGCAATCACTACAGC-1,0.000045,0.990633,0.00923,0.000045,0.000045
ACGCATACGTTTACTA-1,0.001325,0.209752,0.357906,0.03664,0.394377
ACGCATTCGTGAGTAC-1,0.000043,0.165532,0.83434,0.000043,0.000043
ACGCCAGATGATTTCT-1,0.00001,0.066339,0.92982,0.002079,0.001752
ACGCCGCTAGACGACC-1,0.020131,0.00057,0.922159,0.006051,0.05109
ACGCGAAGTCAGACGA-1,0.194015,0.0001,0.446023,0.136084,0.223779
ACGCGCTACACAGGGT-1,0.336534,0.413435,0.173309,0.000033,0.076688
ACGCGGGCCAAGGACA-1,0.006493,0.016261,0.868836,0.104161,0.004249
ACGCGTTTCTTAAGAG-1,0.083394,0.35514,0.561348,0.000059,0.000059
ACGCTAGTGATACACT-1,0.000018,0.377928,0.466106,0.052349,0.103599
ACGCTGTGAGGCGTAG-1,0.164126,0.156103,0.356584,0.248231,0.074956
ACGGAATTTAGCAAAT-1,0.000021,0.241648,0.758288,0.000021,0.000021
ACGGACGCAGCGACAA-1,0.137432,0.110322,0.738756,0.006936,0.006554
ACGGACTCTCAAAGCG-1,0.13296,0.279072,0.05573,0.376846,0.155391
ACGGATGGTGCGGATA-1,0.027065,0.164512,0.747273,0.000018,0.061132
ACGGCACTTGCTTGGG-1,0.467291,0.147734,0.084422,0.014066,0.286488
ACGGCCAACATGGACT-1,0.70701,0.22618,0.009147,0.052738,0.004926
ACGGCGACGATGGGAA-1,0.036024,0.352804,0.602944,0.000014,0.008214
ACGGCGGGTTGCCCTG-1,0.00711,0.840127,0.152581,0.000091,0.000091
ACGGCTGGATGTAGAA-1,0.24303,0.000023,0.000136,0.756788,0.000023
ACGGGAGTGTCGGCCC-1,0.960847,0.031619,0.007281,0.000234,0.000019
ACGGGCGTATGCGACA-1,0.114257,0.547098,0.338397,0.000124,0.000124
ACGGGTCATGTGACTT-1,0.020753,0.217777,0.759455,0.000023,0.001992
ACGGTCACCGAGAACA-1,0.122721,0.152232,0.397031,0.246824,0.081191
ACGTACAGATTTCTCT-1,0.000108,0.990208,0.009469,0.000108,0.000108
ACGTACTTTGGCACGG-1,0.180607,0.259181,0.009994,0.50626,0.043958
ACGTAGATTGCTGATG-1,0.048379,0.086253,0.850431,0.014919,0.000018
ACGTAGGAGAGTCGCT-1,0.372909,0.446504,0.115371,0.063918,0.001298
ACGTATTACTCCGATC-1,0.000077,0.140536,0.663081,0.10419,0.092116
ACGTCGGGCAACTCGG-1,0.003075,0.112473,0.616686,0.222757,0.04501
ACGTCTCGTTCCGGGA-1,0.91743,0.027469,0.000214,0.054852,0.000036
ACGTGACAAAGTAAGT-1,0.696838,0.001785,0.20798,0.093089,0.000309
ACGTGCGCCTCGTGCA-1,0.033528,0.14243,0.798258,0.025761,0.000023
ACGTTAATGTCGAAGA-1,0.000028,0.376884,0.623032,0.000028,0.000028
ACGTTAGATTTGCCCG-1,0.246064,0.048236,0.555767,0.139363,0.010571
ACGTTATTGGTCACTC-1,0.045577,0.233799,0.705776,0.000022,0.014826
ACGTTCACTATGCCGC-1,0.320534,0.104114,0.567961,0.002304,0.005087
ACGTTCCGCGCTCCGT-1,0.000122,0.926083,0.051228,0.022445,0.000122
ACGTTCGCAATCAATT-1,0.000022,0.194162,0.667008,0.003032,0.135776
ACGTTCGTTCAGGAAA-1,0.88099,0.115863,0.0031,0.000024,0.000024
ACGTTCTGTACAAGTC-1,0.000009,0.046072,0.454226,0.00237,0.497323
ACGTTTAGTTGTGATC-1,0.000014,0.042247,0.95771,0.000014,0.000014
ACTACAAAGAGAGGTG-1,0.900992,0.09874,0.000223,0.000023,0.000023
ACTACATCCCGACAAG-1,0.258787,0.000028,0.033644,0.707512,0.000028
ACTACCAGCTCTCTGG-1,0.033152,0.003712,0.929649,0.019657,0.013829
ACTACCATCCGAGGGC-1,0.162957,0.114272,0.710096,0.004665,0.00801
ACTACGCGTTAGAATT-1,0.66826,0.011032,0.147205,0.040909,0.132595
ACTAGTTGCGATCGTC-1,0.000013,0.286502,0.557494,0.009736,0.146255
ACTATCCAGGGCATGG-1,0.027784,0.159295,0.548871,0.008625,0.255425
ACTATCGCCGGCTAAA-1,0.009144,0.008719,0.954581,0.00002,0.027535
ACTATCTGCCCGCGTA-1,0.000063,0.34397,0.406566,0.09703,0.152371
ACTATGTCCAGCTGCC-1,0.467764,0.000022,0.205232,0.12488,0.202101
ACTATTCGTCCGTGGT-1,0.080701,0.918978,0.000241,0.00004,0.00004
ACTATTTCCGGGCCCA-1,0.804859,0.000021,0.153226,0.041627,0.000266
ACTCAACGAATGTATT-1,0.017783,0.981955,0.000197,0.000033,0.000033
ACTCAAGTGCAAGGCT-1,0.000013,0.083485,0.641023,0.003358,0.27212
ACTCAATAAAGGCACG-1,0.017801,0.041912,0.919616,0.020661,0.00001
ACTCAGACCTGCTTCT-1,0.00002,0.470396,0.502679,0.026885,0.00002
ACTCATGGCAGCCTTC-1,0.000014,0.000014,0.196009,0.788034,0.015929
ACTCCAATATCATCAT-1,0.72914,0.074787,0.008792,0.154756,0.032525
ACTCCCATTCCTAAAG-1,0.653539,0.00003,0.233174,0.039204,0.074052
ACTCCCGAATTCGTTT-1,0.000009,0.000018,0.669819,0.050259,0.279896
ACTCCCTAATGCTAAA-1,0.083574,0.026432,0.526846,0.086073,0.277076
ACTCCCTAGAATAGTA-1,0.061364,0.042265,0.722021,0.064282,0.110068
ACTCCGGCCGACCACT-1,0.031443,0.190086,0.460438,0.238963,0.079069
ACTCGATGTATTTCAT-1,0.000015,0.046863,0.921426,0.004027,0.027669
ACTCGCCGTTCGATAA-1,0.05462,0.303632,0.551291,0.090443,0.000013
ACTCGCGATCTGACGC-1,0.000066,0.98895,0.010851,0.000066,0.000066
ACTCGTAACCCGTCCT-1,0.980051,0.01249,0.000139,0.00106,0.006259
ACTCGTCAGTAATCCC-1,0.022209,0.000008,0.817593,0.081955,0.078235
ACTCTAAACCTGGGAT-1,0.000024,0.035192,0.610491,0.27813,0.076164
ACTCTCTGACTTAGGT-1,0.013695,0.246904,0.570617,0.028442,0.140341
ACTCTGACCTAATAGA-1,0.002014,0.032041,0.745063,0.166899,0.053983
ACTCTTCAGCTCCCGC-1,0.000067,0.461299,0.538501,0.000067,0.000067
ACTCTTGTATAGTAAC-1,0.006153,0.168609,0.824285,0.000018,0.000936
ACTGAAACGCCGTTAG-1,0.000008,0.01719,0.719838,0.006545,0.25642
ACTGAATGGCGAAAGT-1,0.095479,0.369196,0.16926,0.292112,0.073952
ACTGCCCGCCATTCTC-1,0.323048,0.000019,0.11407,0.304983,0.25788
ACTGCCGTCGTAACTC-1,0.000015,0.023721,0.976236,0.000015,0.000015
ACTGCGGACACACCGT-1,0.000035,0.695379,0.304517,0.000035,0.000035
ACTGCTCGGAAGGATG-1,0.999605,0.000044,0.000264,0.000044,0.000044
ACTGGGATGCCAGTGC-1,0.31319,0.14571,0.541028,0.000012,0.000061
ACTGTACGATACACAT-1,0.000011,0.064238,0.919814,0.000011,0.015926
ACTGTAGCACTTTGGA-1,0.000024,0.316256,0.683673,0.000024,0.000024
ACTGTATACGCGAGCA-1,0.000012,0.009209,0.990756,0.000012,0.000012
ACTGTCCAGGATTATA-1,0.000016,0.152515,0.845422,0.000016,0.00203
ACTGTCTTCTTTAGAA-1,0.000016,0.07734,0.917183,0.000016,0.005446
ACTGTGCTAGTAGATC-1,0.000029,0.143093,0.856821,0.000029,0.000029
ACTTACGCATCCACGC-1,0.000009,0.000594,0.78952,0.006111,0.203766
ACTTAGTACGACAAGA-1,0.000037,0.682601,0.317289,0.000037,0.000037
ACTTATACTTACCCGG-1,0.005454,0.108217,0.746743,0.070778,0.068809
ACTTATTAGGATCGGT-1,0.02713,0.593511,0.367903,0.011416,0.000039
ACTTATTTATGTGCCA-1,0.004495,0.449046,0.339874,0.076092,0.130493
ACTTCAGGCTGATCCC-1,0.028264,0.105771,0.606322,0.040855,0.218789
ACTTCCAGTGGAAGCT-1,0.738352,0.000057,0.010145,0.251389,0.000057
ACTTCCATGCGGGACA-1,0.016088,0.050832,0.476469,0.003846,0.452765
ACTTCGCCATACGCAC-1,0.000011,0.168416,0.827683,0.000011,0.003879
ACTTGACTCCCTCTTT-1,0.003189,0.028253,0.813412,0.0093,0.145846
ACTTGCTCTATCTACC-1,0.015722,0.077854,0.429907,0.217647,0.258869
ACTTGGGACCCGGTGG-1,0.091729,0.236216,0.672022,0.000016,0.000016
ACTTGTAGTCCCTTCA-1,0.527519,0.025363,0.186747,0.094338,0.166033
ACTTGTGGATGGAACG-1,0.000011,0.037779,0.713838,0.001203,0.247168
ACTTTACCCTCATGAA-1,0.000015,0.046101,0.685233,0.000015,0.268636
ACTTTCCTATAGCTTC-1,0.011286,0.079217,0.903151,0.002907,0.003438
ACTTTGACTGCATCCT-1,0.233143,0.270884,0.000186,0.463644,0.032143
ACTTTGGTCGTGCTCC-1,0.367642,0.000046,0.017668,0.614597,0.000046
ACTTTGTCGACGCACT-1,0.000015,0.08511,0.520748,0.030758,0.36337
AGAAATTATGACTCGC-1,0.000015,0.347953,0.516122,0.000015,0.135895
AGAACCCAGCGTGACA-1,0.000012,0.207542,0.642783,0.018037,0.131627
AGAACCCTCAATTGGG-1,0.508813,0.042647,0.00017,0.448342,0.000028
AGAACGTGGTACATTC-1,0.000794,0.159645,0.832134,0.000013,0.007413
AGAAGAGCGCCGTTCC-1,0.00016,0.180201,0.675142,0.143678,0.000819
AGAAGGTACACTTCAC-1,0.382699,0.060644,0.309632,0.164475,0.08255
AGAAGGTTGCCGAATT-1,0.228883,0.41345,0.208808,0.000827,0.148032
AGAAGGTTGTAGGTCG-1,0.151331,0.341152,0.083587,0.314039,0.10989
AGAAGTGATTCGTGAT-1,0.811018,0.010738,0.178201,0.000021,0.000021
AGAATAAATCTTCAGG-1,0.151434,0.039726,0.569872,0.06429,0.174678
AGAATTATGGATTCGA-1,0.000358,0.030911,0.895488,0.000013,0.07323
AGAATTGTTTGACATA-1,0.033025,0.368949,0.597957,0.000035,0.000035
AGACAGCTCAGAATCC-1,0.042255,0.052806,0.699564,0.07442,0.130955
AGACAGGCATCTCAGC-1,0.025638,0.009218,0.689839,0.000011,0.275293
AGACATAGATCCTTCC-1,0.050876,0.948438,0.000515,0.000086,0.000086
AGACCAAACCACACCT-1,0.68852,0.007022,0.227474,0.069443,0.00754
AGACCATGGGATACAA-1,0.000008,0.004817,0.99516,0.000008,0.000008
AGACCCACCGCTGATC-1,0.034386,0.204935,0.562977,0.000018,0.197683
AGACCCGCCCTCCTCG-1,0.018252,0.16554,0.816169,0.000019,0.000019
AGACCGCTCCGCGGTT-1,0.00001,0.331093,0.410837,0.041005,0.217056
AGACCGGGAAACCCTG-1,0.472174,0.334484,0.157565,0.000049,0.035728
AGACGAAGTGCCGGTC-1,0.003276,0.301702,0.610651,0.012636,0.071735
AGACGACGATGCCGCT-1,0.972667,0.027043,0.000118,0.000153,0.00002
AGACGCCCACTTCGCC-1,0.000008,0.004748,0.415725,0.231801,0.347718
AGACTAGCCTTCCAGA-1,0.00001,0.009398,0.990563,0.00001,0.00002
AGACTGTTACCGGGTC-1,0.925976,0.00003,0.049281,0.024297,0.000417
AGAGAAACACCAGAAA-1,0.638103,0.057943,0.053855,0.249195,0.000904
AGAGAACCGTCTAGGA-1,0.000016,0.21496,0.761211,0.000016,0.023797
AGAGAAGGAGTACAAT-1,0.846608,0.068368,0.029376,0.055634,0.000015
AGAGATCTCTAAAGCG-1,0.311886,0.008398,0.476988,0.043865,0.158864
AGAGCAGTTATGAGAC-1,0.029763,0.175137,0.714068,0.005137,0.075895
AGAGCCGCCGAGATTT-1,0.000012,0.121659,0.55615,0.050888,0.271291
AGAGCGGGCTAATCAT-1,0.000008,0.000008,0.985474,0.000008,0.014503
AGAGCGTACAAGCTCG-1,0.006133,0.250294,0.686489,0.056473,0.000611
AGAGCTACGAAAGCAT-1,0.000012,0.000012,0.999169,0.000012,0.000795
AGAGGCTTCGGAAACC-1,0.000013,0.329766,0.507322,0.043711,0.119187
AGAGTAAACTTCACTA-1,0.000013,0.232588,0.540718,0.000013,0.226669
AGATAACTTCAGGGCC-1,0.000019,0.272439,0.727505,0.000019,0.000019
AGATACCAATAGAACC-1,0.000007,0.217792,0.571543,0.139983,0.070674
AGATACCGGTGTTCAC-1,0.326089,0.529277,0.144579,0.000028,0.000028
AGATACGACTTCATAT-1,0.033693,0.000157,0.965345,0.00001,0.000795
AGATACTCAAGATCGA-1,0.061204,0.003566,0.859538,0.000598,0.075093
AGATATAATACGACTA-1,0.16662,0.004394,0.308337,0.319249,0.2014
AGATCGTGCATAAGAT-1,0.000022,0.457163,0.479246,0.000022,0.063546
AGATCTCAGGTGTGAT-1,0.000864,0.261699,0.654924,0.079506,0.003008
AGATGACTCGCCCACG-1,0.000035,0.187471,0.812425,0.000035,0.000035
AGATGATGGAGTCTGG-1,0.000013,0.055284,0.685742,0.000013,0.258948
AGATGCAAGACGTGCA-1,0.937846,0.061941,0.000159,0.000027,0.000027
AGATGCATCCTGTGTC-1,0.92175,0.077937,0.000235,0.000039,0.000039
AGATGCTATAACGAGC-1,0.000028,0.07067,0.908621,0.004485,0.016196
AGATTATAGGACGTTT-1,0.000425,0.07757,0.921958,0.000023,0.000023
AGATTCACAACCGATA-1,0.974744,0.000025,0.000153,0.025053,0.000025
AGCAAAGGCCGCTAGT-1,0.051366,0.09366,0.326502,0.156127,0.372346
AGCAACATATCTTATT-1,0.060928,0.027393,0.832284,0.000008,0.079387
AGCAACCGAAAGTAAT-1,0.929686,0.004354,0.019588,0.04228,0.004092
AGCACACGTTTAGACT-1,0.26138,0.000019,0.226909,0.335581,0.176112
AGCACCAGTACTCACG-1,0.000015,0.181313,0.811175,0.000015,0.007481
AGCACTACCGGCCTGT-1,0.0837,0.015681,0.731113,0.006771,0.162735
AGCACTACCTCACCAG-1,0.021908,0.001309,0.565569,0.02673,0.384484
AGCACTTAAGGACGCC-1,0.004646,0.179156,0.816167,0.000016,0.000016
AGCAGAAGGAGAAAGA-1,0.249217,0.005691,0.029063,0.682455,0.033573
AGCAGCCAGATGAATA-1,0.700862,0.011432,0.130712,0.008051,0.148943
AGCATATCAATATGCT-1,0.014103,0.613772,0.269552,0.05934,0.043233
AGCATCATTTCGAAAG-1,0.987705,0.012033,0.000196,0.000033,0.000033
AGCATCGTCGATAATT-1,0.000025,0.292348,0.707577,0.000025,0.000025
AGCATTACGAGGCAAG-1,0.060952,0.338736,0.401099,0.066463,0.13275
AGCCAAGCTTTGTGTC-1,0.615096,0.000631,0.017441,0.281747,0.085085
AGCCACAGGTTACCCG-1,0.059318,0.000823,0.377582,0.045976,0.516301
AGCCACTCCCGTGCTT-1,0.000021,0.402378,0.56915,0.026705,0.001747
AGCCATATAGTATGTG-1,0.583153,0.217212,0.167816,0.005688,0.026131
AGCCCATACATGTAAG-1,0.274697,0.00002,0.469951,0.214645,0.040686
AGCCCGCAACAAGCAG-1,0.846932,0.000015,0.00055,0.151531,0.000972
AGCCCGGCATTAGAGG-1,0.834381,0.037627,0.00021,0.127747,0.000035
AGCCCGGTAGCCTGTA-1,0.898086,0.025894,0.075972,0.000024,0.000024
AGCCCTAAGCGAAGTT-1,0.000006,0.000006,0.999976,0.000006,0.000006
AGCCCTCCCTGGTGGC-1,0.353938,0.000016,0.000096,0.642976,0.002974
AGCCCTGTCGCACCGT-1,0.000011,0.176993,0.651844,0.032513,0.138639
AGCCCTTGGACATCCC-1,0.000009,0.142807,0.524912,0.015405,0.316867
AGCCGCAAATTCAAAT-1,0.000024,0.000024,0.329979,0.431408,0.238565
AGCCGCTTGATTAGCG-1,0.000035,0.335738,0.661137,0.000035,0.003055
AGCCGTGGCTAAATGT-1,0.967077,0.032666,0.000193,0.000032,0.000032
AGCCTAATACCCACGT-1,0.745794,0.006664,0.16175,0.056344,0.029448
AGCCTTAAAGCGGAAG-1,0.118707,0.507018,0.374205,0.000035,0.000035
AGCGACAGGAACGGTC-1,0.967388,0.002217,0.000076,0.030305,0.000013
AGCGACATCCCATTCA-1,0.000019,0.039424,0.954994,0.000019,0.005544
AGCGACCAACGATATT-1,0.132225,0.052162,0.815578,0.000017,0.000017
AGCGAGACGTGAAGGC-1,0.096603,0.040781,0.600137,0.054226,0.208252
AGCGATGCGCCTAATA-1,0.030651,0.329877,0.349251,0.001007,0.289214
AGCGCATAATGAATCG-1,0.530008,0.000012,0.241751,0.161859,0.066369
AGCGCGGGTGCCAATG-1,0.000008,0.047416,0.869867,0.028314,0.054395
AGCGCTAGAGCGATGT-1,0.00004,0.914832,0.085047,0.00004,0.00004
AGCGGACACTTCGTAG-1,0.687469,0.201285,0.057127,0.017077,0.037042
AGCGGCGGTTAGCGGT-1,0.958045,0.02912,0.012766,0.000034,0.000034
AGCGGGAAGGGTCCAT-1,0.000014,0.004616,0.972103,0.000014,0.023254
AGCGGGTCTGACACTC-1,0.517673,0.144179,0.000503,0.331943,0.005701
AGCGTACGAGAGCTAG-1,0.000026,0.25783,0.740816,0.001303,0.000026
AGCGTCTGAACCCGCA-1,0.000083,0.851198,0.004128,0.144509,0.000083
AGCGTGGTATTCTACT-1,0.000015,0.13971,0.722511,0.000015,0.137749
AGCTAACAAGCAATGT-1,0.903016,0.094571,0.000106,0.00229,0.000018
AGCTAAGTACGCAGGC-1,0.00001,0.005917,0.53625,0.067501,0.390322
AGCTAGAAGCAGAAGT-1,0.000039,0.941535,0.058349,0.000039,0.000039
AGCTATTTAATCCAAC-1,0.000009,0.005036,0.948654,0.039582,0.00672
AGCTCCATATATGTTC-1,0.000841,0.106716,0.46663,0.130842,0.294972
AGCTCCTTCGCACATC-1,0.045314,0.016364,0.576716,0.185028,0.176578
AGCTCTAGACGTTCCA-1,0.000434,0.191204,0.734745,0.000014,0.073604
AGCTCTTCCCAGTGCA-1,0.000023,0.573174,0.417396,0.000023,0.009383
AGCTCTTCGTAACCTT-1,0.011389,0.057148,0.614625,0.000009,0.316828
AGCTCTTTACTCAGTT-1,0.047326,0.233643,0.678728,0.008408,0.031895
AGCTGAAGTAAACCAA-1,0.000008,0.006777,0.982922,0.000008,0.010285
AGCTGTAACCTCAATC-1,0.851344,0.011936,0.024848,0.107657,0.004214
AGCTTATAGAGACCTG-1,0.133579,0.196834,0.669506,0.00004,0.00004
AGCTTCTTCTCGAGCA-1,0.005379,0.175315,0.634996,0.040775,0.143536
AGCTTGATCAGGGTAG-1,0.014027,0.132637,0.806253,0.030202,0.016882
AGCTTGATCTTAACTT-1,0.528389,0.246505,0.165527,0.003701,0.055877
AGGAAAGCCTCTGATG-1,0.05722,0.51074,0.431796,0.000122,0.000122
AGGAACGAACGACTTC-1,0.000006,0.000045,0.770794,0.000167,0.228988
AGGAAGCTGTCCGCCG-1,0.553912,0.355769,0.00088,0.014644,0.074796
AGGACAGTCGAATCCC-1,0.052746,0.168837,0.549419,0.093889,0.135109
AGGACATCGCACGTCG-1,0.000027,0.220071,0.779847,0.000027,0.000027
AGGACGACCCATTAGA-1,0.355575,0.250584,0.295535,0.097713,0.000593
AGGACGCTCGATGTTG-1,0.026594,0.971256,0.001984,0.000083,0.000083
AGGACTTATAGGAGAA-1,0.000023,0.077018,0.917216,0.000023,0.005721
AGGAGGCCTTCGCGCG-1,0.000008,0.062703,0.785422,0.076268,0.075599
AGGATAAAGTCGGGAT-1,0.063939,0.000038,0.570319,0.000011,0.365693
AGGATATAGGGATTTA-1,0.093664,0.240923,0.478314,0.091867,0.095232
AGGATCACGCGATCTG-1,0.822048,0.000025,0.135592,0.030228,0.012107
AGGATTGCTTACGACA-1,0.265312,0.734166,0.000391,0.000065,0.000065
AGGCACGTGACTGTCC-1,0.000009,0.066052,0.418763,0.12579,0.389387
AGGCAGATGCGTAAAC-1,0.000012,0.253948,0.63289,0.107122,0.006028
AGGCAGGGAGCGTACT-1,0.913412,0.065738,0.000155,0.020669,0.000026
AGGCATTGTCGTAGGG-1,0.001248,0.098022,0.78407,0.07572,0.04094
AGGCCACATTGGTTAC-1,0.032985,0.355447,0.500423,0.000026,0.111118
AGGCCACCCGTTATGA-1,0.000642,0.08049,0.918696,0.00001,0.000162
AGGCCCAGTGACTGGT-1,0.000026,0.009999,0.989924,0.000026,0.000026
AGGCCCATTGTACAGG-1,0.000022,0.119264,0.880669,0.000022,0.000022
AGGCCCTAGAACGCCA-1,0.699429,0.000014,0.19155,0.044425,0.064583
AGGCCTATCATACCAA-1,0.913875,0.070633,0.015461,0.000016,0.000016
AGGCCTGAGAATCTCG-1,0.039587,0.075357,0.32349,0.235708,0.325858
AGGCGATAACTGGCGT-1,0.000013,0.038593,0.850718,0.078801,0.031875
AGGCGGTTTGTCCCGC-1,0.609349,0.00003,0.137008,0.252026,0.001588
AGGCTATGGTTAGCTT-1,0.000018,0.299648,0.700299,0.000018,0.000018
AGGCTTCCCGAAGAAG-1,0.983361,0.003803,0.0001,0.012719,0.000017
AGGCTTGCTAGACACC-1,0.000915,0.028731,0.899816,0.063377,0.00716
AGGGACCGGCTGCGTT-1,0.000015,0.184433,0.602402,0.002589,0.210561
AGGGACTCTACGCGAC-1,0.650149,0.163896,0.00458,0.181348,0.000026
AGGGAGACATACTTCG-1,0.0805,0.790587,0.128836,0.000038,0.000038
AGGGCCCTAATGTTCT-1,0.000011,0.013827,0.955563,0.002973,0.027625
AGGGCGAGCAGCTGAT-1,0.61949,0.069458,0.212126,0.003214,0.095712
AGGGCGTGATCGGCTA-1,0.000018,0.383182,0.606267,0.009618,0.000916
AGGGCTGCAGTTACAG-1,0.001607,0.135777,0.772081,0.060118,0.030417
AGGGTCAGAGCACTCG-1,0.715895,0.159187,0.075104,0.02839,0.021425
AGGGTCGATGCGAACT-1,0.003213,0.082614,0.639237,0.057556,0.21738
AGGGTGCCGTTCTTTA-1,0.650922,0.015549,0.075876,0.173228,0.084424
AGGGTGCTCTCGAGGG-1,0.001053,0.42767,0.517659,0.000019,0.053599
AGGGTGGATAGTGCAT-1,0.000015,0.000015,0.937565,0.029781,0.032624
AGGGTTCAGACGGTCC-1,0.711747,0.043043,0.150275,0.093992,0.000942
AGGGTTCCCTTTGGTT-1,0.011683,0.173568,0.598913,0.023808,0.192029
