Barcode,Topic 1to4,Topic 5,Topic 6to8,Topic 9,Topic 10,Topic 11
AAACAAGTATCTCCCA-1,0.098854,0.523898,0.146052,0.22098,0.01018,0.000036
AAACAATCTACTAGCA-1,0.007889,0.000029,0.940548,0.000029,0.024184,0.027322
AAACACCAATAACTGC-1,0.000127,0.000032,0.000095,0.584978,0.414737,0.000032
AAACAGAGCGACTCCT-1,0.071351,0.009994,0.91056,0.008036,0.000029,0.000029
AAACAGCTTTCAGAAG-1,0.414757,0.131925,0.40693,0.000023,0.000024,0.046342
AAACAGGGTCTATATT-1,0.077662,0.321213,0.146174,0.259899,0.091659,0.103393
AAACAGTGTTCCTGGG-1,0.00008,0.148121,0.00006,0.605865,0.106588,0.139286
AAACATTTCCCGGATT-1,0.000228,0.000057,0.000171,0.510633,0.488854,0.000057
AAACCACTACACAGAT-1,0.000221,0.382581,0.5721,0.014111,0.030933,0.000055
AAACCCGAACGAAATC-1,0.321587,0.00774,0.057958,0.007023,0.008644,0.597048
AAACCGGAAATGTTAA-1,0.344723,0.102868,0.153442,0.070103,0.218382,0.110482
AAACCGGGTAGGTACC-1,0.44315,0.032776,0.495928,0.000029,0.00156,0.026558
AAACCGTTCGTCCAGG-1,0.000223,0.083137,0.220221,0.454094,0.24227,0.000056
AAACCTAAGCAGCCGG-1,0.003769,0.00496,0.047225,0.943987,0.000008,0.00005
AAACCTCATGAAGTTG-1,0.198508,0.042641,0.718219,0.010841,0.029762,0.000029
AAACGAAGAACATACC-1,0.287019,0.019269,0.693659,0.000018,0.000018,0.000018
AAACGAAGATGGAGTA-1,0.171915,0.057193,0.271362,0.380966,0.101376,0.017187
AAACGACAGTCTTGCC-1,0.335104,0.101576,0.486777,0.021365,0.000024,0.055154
AAACGAGACGGTTGAT-1,0.288671,0.141547,0.418805,0.036119,0.016101,0.098757
AAACGCCCGAGATCGG-1,0.000196,0.400237,0.509882,0.000049,0.000049,0.089588
AAACGCTGGGCACGAC-1,0.000231,0.000058,0.124331,0.768792,0.106529,0.000058
AAACGGGCGTACGGGT-1,0.058746,0.000016,0.049961,0.891247,0.000016,0.000016
AAACGGGTTGGTATCC-1,0.000256,0.358383,0.611385,0.029847,0.000064,0.000064
AAACGGTTGCGAACTG-1,0.000183,0.027179,0.086101,0.571344,0.315147,0.000046
AAACGTGTTCGCCCTA-1,0.756567,0.020356,0.208863,0.000015,0.000015,0.014182
AAACTAACGTGGCGAC-1,0.351795,0.048505,0.501918,0.018045,0.000015,0.079722
AAACTCGGTTCGCAAT-1,0.00012,0.087104,0.108201,0.804515,0.00003,0.00003
AAACTCGTGATATAAG-1,0.633095,0.000011,0.334596,0.032274,0.000011,0.000011
AAACTGCTGGCTCCAA-1,0.043951,0.392497,0.128589,0.4176,0.000032,0.017331
AAACTTAATTGCACGC-1,0.000094,0.000023,0.00007,0.521962,0.477827,0.000023
AAACTTGCAAACGTAT-1,0.33467,0.008641,0.462669,0.193971,0.000025,0.000025
AAAGAATGTGGACTAA-1,0.001592,0.072509,0.030425,0.744594,0.06217,0.08871
AAAGACATGAAGTTTA-1,0.327014,0.022217,0.57966,0.04689,0.000029,0.02419
AAAGACCCAAGTCGCG-1,0.522707,0.000019,0.477218,0.000019,0.000019,0.000019
AAAGACTGGGCGCTTT-1,0.471543,0.091802,0.406667,0.000016,0.000016,0.029956
AAAGCTTGCCTACATA-1,0.617957,0.022204,0.359814,0.000009,0.000009,0.000009
AAAGGCCCTATAATAC-1,0.125773,0.000018,0.01546,0.745235,0.097335,0.016179
AAAGGCTACGGACCAT-1,0.000094,0.103825,0.030488,0.859717,0.000024,0.005853
AAAGGCTCTCGCGCCG-1,0.237761,0.03246,0.021718,0.439994,0.13966,0.128408
AAAGGGATGTAGCAAG-1,0.158866,0.013147,0.473798,0.000057,0.000317,0.353815
AAAGGGCAGCTTGAAT-1,0.143245,0.001304,0.855367,0.000028,0.000028,0.000028
AAAGGTAAGCTGTACC-1,0.00821,0.000053,0.926518,0.021352,0.006447,0.037419
AAAGTAGCATTGCTCA-1,0.099237,0.002,0.173057,0.725668,0.000019,0.000019
AAAGTCACTGATGTAA-1,0.078912,0.000034,0.920954,0.000034,0.000034,0.000034
AAAGTCGACCCTCAGT-1,0.609207,0.13738,0.236646,0.000011,0.000011,0.016746
AAAGTGCCATCAATTA-1,0.063718,0.000019,0.000056,0.547619,0.201261,0.187328
AAAGTGTGATTTATCT-1,0.382421,0.128221,0.289515,0.015821,0.110357,0.073664
AAAGTTGACTCCCGTA-1,0.187642,0.262101,0.473666,0.07654,0.000026,0.000026
AAATAACCATACGGGA-1,0.478162,0.108771,0.396888,0.00002,0.00002,0.016138
AAATAAGGTAGTGCCC-1,0.46476,0.000013,0.528996,0.005081,0.001138,0.000013
AAATACCTATAAGCAT-1,0.000197,0.189726,0.023332,0.179245,0.57025,0.03725
AAATAGCTTAGACTTT-1,0.304637,0.477554,0.172046,0.000019,0.000907,0.044837
AAATAGGGTGCTATTG-1,0.028117,0.000068,0.241609,0.73012,0.000043,0.000043
AAATCCGATACACGCC-1,0.079017,0.000032,0.000095,0.451165,0.414773,0.054918
AAATCGCGGAAGGAGT-1,0.127003,0.075628,0.158732,0.462082,0.157245,0.019309
AAATCGTGTACCACAA-1,0.565749,0.159768,0.209322,0.000036,0.064523,0.000602
AAATCTAGCCCTGCTA-1,0.43078,0.000015,0.000045,0.261084,0.049623,0.258453
AAATGACTGATCAAAC-1,0.000229,0.000057,0.075717,0.923882,0.000057,0.000057
AAATGATTCGATCAGC-1,0.184223,0.005104,0.810602,0.000024,0.000024,0.000024
AAATGCTCGTTACGTT-1,0.305257,0.062259,0.632391,0.000031,0.000031,0.000031
AAATGGCATGTCTTGT-1,0.785454,0.00002,0.17561,0.00002,0.00002,0.038875
AAATGGCCCGTGCCCT-1,0.000105,0.462213,0.052038,0.411075,0.004737,0.069831
AAATGGTCAATGTGCC-1,0.515551,0.0503,0.400471,0.033634,0.000022,0.000022
AAATGTGGGTGCTCCT-1,0.000219,0.000055,0.999562,0.000055,0.000055,0.000055
AAATTAACGGGTAGCT-1,0.541343,0.087338,0.361152,0.003704,0.00002,0.006443
AAATTAATAAGCGCGA-1,0.200224,0.048944,0.409468,0.267809,0.027459,0.046097
AAATTACACGACTCTG-1,0.41787,0.00003,0.582009,0.00003,0.00003,0.00003
AAATTACCTATCGATG-1,0.558148,0.003884,0.358935,0.07901,0.000012,0.000012
AAATTCCAGGTCCAAA-1,0.766849,0.010489,0.222623,0.000013,0.000013,0.000013
AAATTGATAGTCCTTT-1,0.00025,0.046197,0.296017,0.527824,0.12965,0.000062
AAATTGCGGCGGTTCT-1,0.000149,0.000037,0.999703,0.000037,0.000037,0.000037
AAATTGGTGAGAAGCA-1,0.203169,0.085524,0.704074,0.000026,0.000026,0.007181
AAATTTACCGAAATCC-1,0.03795,0.000043,0.893766,0.068156,0.000043,0.000043
AAATTTGCGGGTGTGG-1,0.298213,0.006891,0.178698,0.516151,0.000024,0.000024
AACAACTGGTAGTTGC-1,0.497447,0.031041,0.438343,0.000952,0.01498,0.017236
AACAATACATTGTCGA-1,0.000108,0.233274,0.095679,0.662637,0.008275,0.000027
AACAATTACTCTACGC-1,0.357696,0.000028,0.584931,0.043872,0.007467,0.006007
AACACACGCTCGCCGC-1,0.149742,0.233746,0.056725,0.41317,0.146581,0.000035
AACACGACTGTACTGA-1,0.639704,0.000018,0.315293,0.000018,0.000018,0.044948
AACACGAGACGCGGCC-1,0.001277,0.121754,0.544309,0.188443,0.144151,0.000066
AACACGCGGCCGCGAA-1,0.020244,0.000025,0.979657,0.000025,0.000025,0.000025
AACAGCTGTGTGGCAA-1,0.000121,0.160795,0.003292,0.73259,0.103171,0.00003
AACAGGAAATCGAATA-1,0.175789,0.000029,0.824094,0.000029,0.000029,0.000029
AACAGGATGGGCCGCG-1,0.217886,0.013376,0.768596,0.000047,0.000047,0.000047
AACAGGTAGTATGGAT-1,0.125727,0.197832,0.170775,0.217116,0.288508,0.000042
AACATAGCGTGTATCG-1,0.000139,0.172319,0.048831,0.77864,0.000035,0.000035
AACATATCAACTGGTG-1,0.551803,0.000017,0.44813,0.000017,0.000017,0.000017
AACATCGATACGTCTA-1,0.656971,0.000014,0.342973,0.000014,0.000014,0.000014
AACATTGAAGTTGATC-1,0.313621,0.016306,0.000073,0.333546,0.336404,0.00005
AACATTGGTCAGCCGT-1,0.000208,0.014867,0.984768,0.000052,0.000052,0.000052
AACATTGTGACTCGAG-1,0.000444,0.058078,0.069112,0.515102,0.357152,0.000111
AACCAAGACTTCTCTG-1,0.716333,0.000012,0.17187,0.000012,0.005393,0.10638
AACCAGTATCACTCTT-1,0.549297,0.000036,0.450559,0.000036,0.000036,0.000036
AACCATAGGGTTGAAC-1,0.000153,0.094736,0.000115,0.437529,0.46743,0.000038
AACCATGGGATCGCTA-1,0.02065,0.038796,0.906376,0.000039,0.000039,0.034099
AACCCAGAGACGGAGA-1,0.51436,0.000024,0.415432,0.000024,0.000024,0.070136
AACCCATCCCATGATC-1,0.074882,0.015462,0.08531,0.297568,0.526672,0.000105
AACCCGACAACCCGTG-1,0.000104,0.043332,0.000078,0.594967,0.322282,0.039236
AACCCGAGCAGAATCG-1,0.208612,0.141562,0.057131,0.449134,0.105474,0.038086
AACCCGATAGGGCTTC-1,0.021831,0.14664,0.831401,0.000042,0.000042,0.000042
AACCCGCTGTATTCCA-1,0.000183,0.16797,0.026145,0.755346,0.050311,0.000046
AACCCTACTGTCAATA-1,0.222966,0.107575,0.66135,0.000019,0.008071,0.000019
AACCCTGGTGGAACCA-1,0.596506,0.000019,0.376685,0.000019,0.000019,0.026754
AACCGAGCTTGGTCAT-1,0.580118,0.090356,0.329472,0.000018,0.000018,0.000018
AACCGCTAAGGGATGC-1,0.328239,0.355059,0.040581,0.058066,0.16448,0.053575
AACCGTTGTGTTTGCT-1,0.533257,0.009046,0.457604,0.000031,0.000031,0.000031
AACCTAAAGCCGTCCG-1,0.380295,0.036728,0.503742,0.079148,0.000043,0.000043
AACCTCGCTTTAGCCC-1,0.045154,0.02522,0.063714,0.79707,0.010783,0.058059
AACCTGTCACGGAATT-1,0.327004,0.232064,0.249809,0.021691,0.000012,0.169419
AACCTTTAAATACGGT-1,0.28808,0.032015,0.067651,0.363795,0.000012,0.248446
AACCTTTACGACGTCT-1,0.15265,0.000582,0.675521,0.090495,0.011472,0.069279
AACGAAAGTCGTCCCA-1,0.00008,0.196278,0.002055,0.61067,0.190699,0.000217
AACGACCTCCTAGCCG-1,0.025418,0.022426,0.059387,0.892722,0.000023,0.000023
AACGATAATGCCGTAG-1,0.000215,0.000054,0.231442,0.768183,0.000054,0.000054
AACGATAGAAGGGCCG-1,0.441475,0.087123,0.430357,0.000022,0.000022,0.041001
AACGATATGTCAACTG-1,0.169716,0.000191,0.830005,0.000029,0.000029,0.000029
AACGCATGATCTGGGT-1,0.395745,0.005961,0.543003,0.054113,0.001037,0.000142
AACGCGAACGGCAACA-1,0.026764,0.002184,0.94392,0.000031,0.000031,0.027071
AACGCGACCTTGGGCG-1,0.043452,0.045646,0.000101,0.353926,0.547971,0.008905
AACGCGGTCTCCAGCC-1,0.675966,0.000016,0.164181,0.000016,0.002419,0.157402
AACGCTGTTGCTGAAA-1,0.000171,0.027993,0.194339,0.77636,0.001095,0.000043
AACGGACGTACGTATA-1,0.00015,0.59746,0.058633,0.343682,0.000038,0.000038
AACGGCCATCTCCGGT-1,0.043145,0.060293,0.107568,0.198174,0.127604,0.463217
AACGTACTGTGGGTAC-1,0.242311,0.312266,0.129761,0.22639,0.089236,0.000036
AACGTAGTCTACCCAT-1,0.007893,0.009988,0.936909,0.045124,0.000043,0.000043
AACGTCAGACTAGTGG-1,0.406525,0.00875,0.584642,0.000027,0.000027,0.000027
AACGTCATCCGGCTTG-1,0.000121,0.12275,0.074779,0.80229,0.00003,0.00003
AACGTCGCTGCACTTC-1,0.298363,0.000015,0.001979,0.662036,0.000015,0.037593
AACGTGATGAAGGACA-1,0.792563,0.000024,0.207341,0.000024,0.000024,0.000024
AACGTGCGAAAGTCTC-1,0.104484,0.05596,0.798414,0.037194,0.003922,0.000026
AACGTTATCAGCACCT-1,0.657912,0.000012,0.285656,0.027361,0.00193,0.02713
AACGTTCTACCATTGT-1,0.183224,0.023757,0.133716,0.630645,0.027068,0.00159
AACTACCCGTTTGTCA-1,0.011454,0.342395,0.492502,0.077822,0.07579,0.000037
AACTAGCGTATCGCAC-1,0.175259,0.000017,0.810045,0.014645,0.000017,0.000017
AACTAGGCTTGGGTGT-1,0.01763,0.386162,0.098548,0.497568,0.000046,0.000046
AACTCAAGTTAATTGC-1,0.852846,0.000011,0.010878,0.000011,0.001369,0.134884
AACTCCAGAGCGTGTT-1,0.00039,0.000097,0.236512,0.762806,0.000097,0.000097
AACTCCTAATCCCATG-1,0.319865,0.008545,0.671397,0.000028,0.000028,0.000138
AACTCGATAAACACGT-1,0.041959,0.000022,0.957953,0.000022,0.000022,0.000022
AACTCGATGGCGCAGT-1,0.396823,0.003351,0.450157,0.000029,0.000029,0.149612
AACTCTCAATAGAGCG-1,0.762031,0.000011,0.236532,0.001404,0.000011,0.000011
AACTCTCAGTGTGCTC-1,0.000286,0.001339,0.284895,0.578042,0.135367,0.000071
AACTGAGGTCAGCGTC-1,0.786678,0.001664,0.13403,0.000024,0.000024,0.077581
AACTGAGTTATACTGA-1,0.046045,0.109444,0.652488,0.166856,0.025123,0.000044
AACTGATATTAGGCCT-1,0.480516,0.000031,0.51936,0.000031,0.000031,0.000031
AACTGGGTCCCGACGT-1,0.2545,0.030493,0.714909,0.000033,0.000033,0.000033
AACTGGGTTCGAGCCG-1,0.000296,0.022107,0.977374,0.000074,0.000074,0.000074
AACTGGTGTGGGCCTT-1,0.035613,0.000033,0.964257,0.000033,0.000033,0.000033
AACTTCTGCGTCTATC-1,0.000162,0.00004,0.999676,0.00004,0.00004,0.00004
AACTTGCCCGTATGCA-1,0.294406,0.000033,0.647413,0.000033,0.034136,0.02398
AACTTGCGTTCTCGCG-1,0.000261,0.004456,0.970215,0.007364,0.000065,0.017638
AACTTTACGGGAGCTT-1,0.265881,0.022867,0.63557,0.007773,0.010797,0.057112
AACTTTAGCTGCTGAG-1,0.000148,0.000037,0.999704,0.000037,0.000037,0.000037
AACTTTCTCGATCATG-1,0.884619,0.019141,0.093071,0.000009,0.000009,0.00315
AAGAAAGTTTGATGGG-1,0.000226,0.148515,0.149926,0.615191,0.086084,0.000057
AAGAAATCACCAGATT-1,0.735247,0.032209,0.197684,0.000008,0.000008,0.034845
AAGAAGGATCAGTTAG-1,0.08259,0.007307,0.909894,0.00007,0.00007,0.00007
AAGACATACGTGGTTT-1,0.286807,0.000012,0.001166,0.573758,0.017582,0.120675
AAGACCAAATAACTCA-1,0.433099,0.018118,0.153669,0.251019,0.082704,0.061391
AAGACCCAACTGAACA-1,0.159667,0.01309,0.080835,0.516033,0.23034,0.000035
AAGACTAACCCGTTGT-1,0.04651,0.000036,0.917384,0.000036,0.000036,0.035998
AAGACTGCAAGCTACT-1,0.01253,0.045157,0.888272,0.05396,0.00004,0.00004
AAGAGATGAATCGGTA-1,0.342547,0.045833,0.579068,0.014778,0.00006,0.017713
AAGAGCTCTTTATCGG-1,0.185658,0.044844,0.769371,0.000042,0.000042,0.000042
AAGAGGATGTACGCGA-1,0.468553,0.000021,0.531363,0.000021,0.000021,0.000021
AAGAGGCATGGATCGC-1,0.000192,0.036642,0.447838,0.000048,0.102747,0.412533
AAGAGGCCCTTTGGAA-1,0.000207,0.021978,0.0914,0.641687,0.244675,0.000052
AAGATGGCACCGGACC-1,0.315812,0.008555,0.0963,0.462928,0.072219,0.044186
AAGATTGGCGGAACGT-1,0.795926,0.000009,0.102194,0.000009,0.00832,0.093542
AAGCACCCTGCGTATC-1,0.000174,0.015994,0.077879,0.905867,0.000043,0.000043
AAGCATACTCTCCTGA-1,0.002654,0.170579,0.119291,0.707415,0.00003,0.00003
AAGCCACTTGCAGGTA-1,0.000091,0.130071,0.023577,0.846214,0.000023,0.000023
AAGCCGAAGCGGTTTA-1,0.00025,0.167487,0.505294,0.130285,0.196621,0.000062
AAGCCGCCGTGAAATC-1,0.017455,0.2299,0.095758,0.597826,0.059032,0.000029
AAGCCGCTTTACCTTG-1,0.166126,0.083093,0.606966,0.08692,0.00002,0.056875
AAGCCGGAGAGCAGGA-1,0.055903,0.137851,0.07661,0.649687,0.072468,0.007482
AAGCGCAGGGCTTTGA-1,0.0002,0.08953,0.032447,0.831614,0.046158,0.00005
AAGCGGAGTGCGCGCA-1,0.40342,0.036065,0.560466,0.000016,0.000016,0.000016
AAGCGGCGTCATGGGT-1,0.607298,0.000034,0.392565,0.000034,0.000034,0.000034
AAGCGTCCCTCATCGA-1,0.000169,0.255229,0.000127,0.596344,0.14809,0.000042
AAGCTAGATCGAGTAA-1,0.000181,0.093555,0.061205,0.484024,0.360991,0.000045
AAGCTCGTGCCAAGTC-1,0.767983,0.00001,0.057564,0.008258,0.00001,0.166174
AAGCTCTTTCATGGTG-1,0.000263,0.034206,0.069784,0.516836,0.378846,0.000066
AAGGAGAACTTATAAG-1,0.000202,0.148404,0.838998,0.00005,0.00005,0.012295
AAGGAGCGGTTGGTGC-1,0.224442,0.253917,0.440459,0.030447,0.002122,0.048614
AAGGATCGATCGCTTG-1,0.624187,0.051361,0.245908,0.000022,0.048808,0.029714
AAGGATGAGGGACCTC-1,0.717394,0.057703,0.174041,0.00001,0.00001,0.050842
AAGGCAGGCTGTCTCC-1,0.827662,0.00487,0.143785,0.019448,0.003235,0.001
AAGGCGCGTAAAGCTT-1,0.178089,0.030885,0.790952,0.000025,0.000025,0.000025
AAGGCTGTGCTCATCG-1,0.171277,0.057928,0.718256,0.052459,0.000039,0.000039
AAGGGAACGACTGGCT-1,0.000147,0.031548,0.109679,0.527068,0.331521,0.000037
AAGGGACAGATTCTGT-1,0.260085,0.009662,0.728487,0.000019,0.001728,0.000019
AAGGGACTATGCATTC-1,0.450463,0.000712,0.028434,0.287379,0.172973,0.060039
AAGGGTTAGCCATGCG-1,0.033213,0.003628,0.023963,0.939139,0.000029,0.000029
AAGGTATCCTAATATA-1,0.748793,0.027652,0.223526,0.00001,0.00001,0.00001
AAGGTGATAAACCAGC-1,0.341617,0.132512,0.363885,0.008853,0.136619,0.016513
AAGTAAGCTTCCAAAC-1,0.006102,0.391966,0.508979,0.021186,0.000024,0.071743
AAGTAGAAGACCGGGT-1,0.633681,0.002971,0.346518,0.000021,0.000021,0.016789
AAGTAGTGACGCGAGG-1,0.534536,0.041555,0.371169,0.052689,0.000026,0.000026
AAGTCAATTGTCGTCA-1,0.282869,0.060627,0.287065,0.010518,0.085863,0.273057
AAGTCTAGTAGCTGCC-1,0.602743,0.092534,0.304683,0.000013,0.000013,0.000013
AAGTGACGACCGAATT-1,0.000152,0.1671,0.785889,0.046782,0.000038,0.000038
AAGTGAGTCGGGTTTA-1,0.000374,0.000093,0.00028,0.273787,0.725372,0.000093
AAGTGCAAAGGTAGAC-1,0.269823,0.009747,0.720363,0.000022,0.000022,0.000022
AAGTGCCTTGACTGTA-1,0.592461,0.00003,0.329953,0.00003,0.046359,0.031168
AAGTGCGTTAGAATCT-1,0.082052,0.22545,0.090177,0.347916,0.047425,0.206979
AAGTGCTTCTCTATTG-1,0.00006,0.000015,0.000045,0.786849,0.17968,0.033351
AAGTGTTTGGAGACGG-1,0.000182,0.009943,0.299252,0.571758,0.118819,0.000046
AAGTTCACTCCAAGCT-1,0.119329,0.000045,0.08636,0.783343,0.010878,0.000045
AAGTTCAGTCTGCGTA-1,0.950444,0.000009,0.014938,0.000009,0.006704,0.027896
AAGTTCGGCCAACAGG-1,0.123867,0.164724,0.530992,0.162259,0.018124,0.000033
AAGTTGTGATGTTATA-1,0.000141,0.039331,0.148004,0.809023,0.003465,0.000035
AAGTTTACTAATGGCA-1,0.000225,0.034231,0.926861,0.000056,0.016221,0.022406
AAGTTTATGGGCCCAA-1,0.003168,0.000017,0.014485,0.982295,0.000017,0.000017
AATAACAACGCTCGGC-1,0.331863,0.032107,0.635968,0.00002,0.00002,0.00002
AATAACACTAGAACAA-1,0.002602,0.096721,0.013146,0.591994,0.127194,0.168343
AATAACGTCGCGCCCA-1,0.000083,0.086031,0.003353,0.769807,0.004338,0.136387
AATAAGTCCTCGAGAC-1,0.000165,0.000041,0.956757,0.000041,0.00742,0.035576
AATAATCTTCGTATCG-1,0.050047,0.093297,0.225352,0.630583,0.000024,0.000697
AATACAATGTTTCAGG-1,0.182006,0.003066,0.798522,0.000028,0.016351,0.000028
AATACCGGAGGGCTGT-1,0.000091,0.257769,0.002303,0.595373,0.110607,0.033856
AATACCTGATGTGAAC-1,0.015858,0.054024,0.098777,0.752471,0.000012,0.078857
AATAGAACAGAGTGGC-1,0.000288,0.018598,0.168862,0.349723,0.462457,0.000072
AATAGAATCTGTTTCA-1,0.155051,0.027966,0.295249,0.000602,0.469955,0.051177
AATAGCAAGCCTCCTG-1,0.364518,0.000027,0.331031,0.000027,0.000027,0.304369
AATAGCTACCGCGTGC-1,0.153986,0.000023,0.799054,0.04689,0.000023,0.000023
AATAGGCACGACCCTT-1,0.000114,0.000029,0.000086,0.798901,0.200842,0.000029
AATAGTCCGTCCCGAC-1,0.208909,0.017052,0.082547,0.637079,0.054386,0.000027
AATAGTCGCGAGTCGG-1,0.343469,0.008171,0.618146,0.016544,0.010558,0.003113
AATATCAAGGTCGGAT-1,0.503157,0.000017,0.496775,0.000017,0.000017,0.000017
AATATCGAATCAATGC-1,0.235095,0.241465,0.375915,0.135989,0.0115,0.000036
AATATCGAGGGTTCTC-1,0.210147,0.0076,0.660389,0.121819,0.000022,0.000022
AATATTGGAGTATTGA-1,0.255085,0.072434,0.636923,0.005935,0.000022,0.0296
AATCAGACTGCAGGAC-1,0.270314,0.000033,0.729555,0.000033,0.000033,0.000033
AATCAGGTTTCATTTA-1,0.000119,0.014312,0.01257,0.69848,0.27449,0.00003
AATCATGTAAAGACTC-1,0.000144,0.280118,0.012513,0.320801,0.245689,0.140734
AATCCAAGGGCCTGAG-1,0.872218,0.000009,0.108248,0.000009,0.000009,0.019507
AATCCATGCAAGGGTG-1,0.441345,0.000026,0.488713,0.000026,0.003686,0.066204
AATCCCGCTCAGAGCC-1,0.095038,0.116421,0.007775,0.722679,0.009881,0.048205
AATCGAGGTCTCAAGG-1,0.000076,0.061122,0.027037,0.860665,0.000019,0.051081
AATCGCCTCAGCGCCA-1,0.000159,0.127691,0.845313,0.00276,0.024038,0.00004
AATCGCGCAGAGGACT-1,0.216714,0.552045,0.180987,0.000017,0.000017,0.050219
AATCGGGACACTACGA-1,0.445276,0.00003,0.554602,0.00003,0.00003,0.00003
AATCGGTATAGCCCTC-1,0.002464,0.000015,0.029794,0.842763,0.067247,0.057717
AATCGTGAGCCGAGCA-1,0.000149,0.123277,0.000112,0.683453,0.192972,0.000037
AATCTAGGTTTACTTG-1,0.023419,0.194282,0.160714,0.105754,0.404843,0.110989
AATCTATGCCGGAGCC-1,0.215777,0.000022,0.784133,0.000022,0.000022,0.000022
AATCTCTACTGTGGTT-1,0.109211,0.096372,0.443317,0.000023,0.039313,0.311765
AATCTGCGTTGGGACG-1,0.236932,0.185971,0.561113,0.015935,0.000024,0.000024
AATCTGGCTTTCTAGT-1,0.00014,0.000035,0.000105,0.724541,0.274207,0.000972
AATCTGGGTAGACCCT-1,0.000305,0.000076,0.897997,0.101469,0.000076,0.000076
AATGACAGCAATGTCT-1,0.250881,0.031058,0.324185,0.393835,0.00002,0.00002
AATGACGTAGGATGTC-1,0.447413,0.000028,0.520917,0.005539,0.026075,0.000028
AATGACTGTCAGCCGG-1,0.532136,0.000023,0.467774,0.000023,0.000023,0.000023
AATGAGTTCGCATATG-1,0.418218,0.000031,0.551041,0.000031,0.000031,0.030648
AATGATGATACGCTAT-1,0.456141,0.049912,0.45168,0.000016,0.001514,0.040737
AATGATGCGACTCCTG-1,0.811705,0.000008,0.188262,0.000008,0.000008,0.000008
AATGCAACCGGGTACC-1,0.836961,0.000013,0.153052,0.000013,0.000013,0.009948
AATGCACCAAGCAATG-1,0.395129,0.07678,0.527968,0.000041,0.000041,0.000041
AATGGCCGCCAATGCG-1,0.144775,0.388153,0.445366,0.019426,0.002245,0.000035
AATGGTCCACCGTTCA-1,0.433909,0.000016,0.50666,0.014705,0.020386,0.024325
AATGGTTCTCACAAGC-1,0.48643,0.033807,0.365813,0.00003,0.00003,0.113891
AATGTATGGCACTGTA-1,0.000152,0.000038,0.000114,0.149432,0.850227,0.000038
AATGTGCCCGAGGTGT-1,0.000161,0.204697,0.000121,0.567875,0.199947,0.0272
AATGTGCTAATCTGAG-1,0.000192,0.011605,0.138254,0.670882,0.17902,0.000048
AATGTTAAGACCCTGA-1,0.099065,0.000009,0.01655,0.881668,0.000009,0.0027
AATGTTGTCGTGAGAC-1,0.00006,0.052097,0.010419,0.812576,0.00401,0.120839
AATTAAAGGTCGGCGT-1,0.000381,0.034162,0.56108,0.000095,0.068088,0.336194
AATTAACGGATTTCCA-1,0.000399,0.0001,0.061223,0.510163,0.428016,0.0001
AATTACGAGACCCATC-1,0.004439,0.043903,0.238817,0.577309,0.11565,0.019882
AATTACTCGTACGCTC-1,0.012403,0.000023,0.976765,0.000023,0.000023,0.010764
AATTAGCGCTGCAGCG-1,0.000305,0.311858,0.034346,0.647522,0.005893,0.000076
AATTATACCCAGCAAG-1,0.627336,0.000011,0.000032,0.372065,0.000011,0.000546
AATTCATAAGGGATCT-1,0.48233,0.00002,0.514967,0.00002,0.002645,0.00002
AATTCATTGTCATGCA-1,0.433996,0.001336,0.184012,0.263194,0.092405,0.025058
AATTCCAACTTGGTGA-1,0.00196,0.01365,0.984304,0.000028,0.000028,0.000028
AATTCCAAGCATGTAC-1,0.018274,0.132509,0.003931,0.781247,0.064008,0.000031
AATTCGATTCGAGGAT-1,0.000207,0.000052,0.073909,0.893608,0.032172,0.000052
AATTCTAGAGTTAGGC-1,0.000153,0.268151,0.038618,0.492111,0.034289,0.166678
AATTGAACGCTCTGGT-1,0.322224,0.052534,0.463201,0.159423,0.002585,0.000033
AATTGCAGCAATCGAC-1,0.004815,0.057098,0.078515,0.846153,0.003297,0.010122
AATTGCGTGGATTACA-1,0.034167,0.00003,0.043603,0.421456,0.500713,0.00003
AATTGTGGTTGCCAAA-1,0.212067,0.067999,0.129239,0.142546,0.393809,0.054341
AATTTGGGACATAGTA-1,0.541918,0.00003,0.457962,0.00003,0.00003,0.00003
AATTTGGTTCCAAAGA-1,0.791414,0.000017,0.185747,0.000017,0.000017,0.022787
ACAAACCATGCGTCCT-1,0.00009,0.013445,0.000068,0.711715,0.27466,0.000023
ACAAACCGACAAGGCG-1,0.296314,0.010686,0.631928,0.033826,0.001089,0.026157
ACAAACTCCATCAGAG-1,0.000111,0.000028,0.003655,0.843957,0.152223,0.000028
ACAAAGAAGGTAGGCC-1,0.268046,0.131603,0.256759,0.301014,0.021433,0.021145
ACAAAGCATGACCTAG-1,0.180917,0.000014,0.026208,0.792832,0.000014,0.000014
ACAAATCGCACCGAAT-1,0.00026,0.079776,0.419409,0.413155,0.087336,0.000065
ACAAATGGTAGTGTTT-1,0.373421,0.192667,0.379097,0.00004,0.054735,0.00004
ACAAATTCAGATCTGA-1,0.257962,0.031618,0.703967,0.006385,0.000034,0.000034
ACAACAGCATGAGCTA-1,0.640568,0.030054,0.311921,0.000021,0.000021,0.017416
ACAACGGTCCCTGCGA-1,0.522878,0.082408,0.36782,0.000017,0.000017,0.026859
ACAAGCAGTGCCTAGC-1,0.002376,0.010308,0.959986,0.027256,0.000037,0.000037
ACAAGGAAATCCGCCC-1,0.00072,0.00018,0.357731,0.214756,0.426433,0.00018
ACAAGGACAAGAGGTT-1,0.379277,0.03558,0.549777,0.001121,0.002617,0.031628
ACAAGGATGCTTTAGG-1,0.000252,0.07123,0.299552,0.601986,0.026917,0.000063
ACAAGGCCTACCAGCC-1,0.000244,0.338117,0.654557,0.000061,0.000061,0.006959
ACAAGGGCAGGCTCTG-1,0.050906,0.34035,0.521142,0.087522,0.00004,0.00004
ACAAGTAATTGTAAGG-1,0.012582,0.233939,0.05721,0.696035,0.000022,0.000213
ACAATAGTCGTACGTT-1,0.455151,0.001071,0.397164,0.052659,0.042856,0.051098
ACAATCCATTTAAACC-1,0.000128,0.037504,0.932796,0.012247,0.017293,0.000032
ACAATCGATCTTTATA-1,0.000197,0.006535,0.99312,0.000049,0.000049,0.000049
ACAATGAATACGGAGA-1,0.000128,0.241802,0.108419,0.649586,0.000032,0.000032
ACAATGATTCTTCTAC-1,0.033673,0.00548,0.960733,0.000038,0.000038,0.000038
ACAATTGTGTCTCTTT-1,0.416966,0.040888,0.296006,0.189849,0.056257,0.000034
ACAATTTAGGAGGCTC-1,0.07608,0.024599,0.899262,0.00002,0.00002,0.00002
ACAATTTGAGCAGTGG-1,0.809607,0.001731,0.100558,0.000013,0.013295,0.074795
ACAATTTGGCCATATT-1,0.414632,0.000031,0.390311,0.000031,0.093381,0.101613
ACACAAAGACGGGTGG-1,0.889365,0.020855,0.077078,0.008156,0.000013,0.004533
ACACAAATATTCCTAG-1,0.851018,0.000009,0.129947,0.000009,0.000009,0.019008
ACACACCAGGACCAGT-1,0.74533,0.128841,0.108845,0.001185,0.011757,0.004041
ACACACTTTCTACACG-1,0.667356,0.000033,0.332513,0.000033,0.000033,0.000033
ACACATGATCAAATCT-1,0.000128,0.008505,0.047336,0.849918,0.094081,0.000032
ACACATTGACGCAACA-1,0.495057,0.000008,0.50491,0.000008,0.000008,0.000008
ACACATTTCCGTAGAC-1,0.475557,0.000016,0.025225,0.442484,0.054662,0.002055
ACACCACATAATTAGC-1,0.539468,0.000011,0.38022,0.000405,0.00676,0.073137
ACACCCAGCATGCAGC-1,0.423033,0.014057,0.458871,0.01672,0.000025,0.087295
ACACCCGAGAAATCCG-1,0.003225,0.141089,0.829879,0.000036,0.000036,0.025735
ACACCGAGCGCTCTTT-1,0.34539,0.013693,0.526306,0.039122,0.021342,0.054147
ACACCGGTCTGACCGC-1,0.000085,0.070169,0.00009,0.73173,0.168621,0.029305
ACACCTTAAGTAGGGC-1,0.52429,0.020203,0.414797,0.000022,0.019837,0.02085
ACACCTTACTACTTGC-1,0.048955,0.041467,0.907665,0.001855,0.000029,0.000029
ACACGAGACTCCTTCT-1,0.415331,0.150741,0.303204,0.000026,0.000026,0.130672
ACACGGCACTATGCAT-1,0.343486,0.000024,0.65642,0.000024,0.000024,0.000024
ACACGGGAACTTAGGG-1,0.745393,0.000011,0.098172,0.000011,0.013263,0.143149
ACACGTAGGCCACAAG-1,0.230068,0.002032,0.070673,0.568757,0.12543,0.003041
ACACTCCAATGTCACT-1,0.000343,0.000086,0.999314,0.000086,0.000086,0.000086
ACACTGATCAAGGTGT-1,0.000392,0.000098,0.178456,0.613361,0.207596,0.000098
ACACTGGGACAGTCGT-1,0.000068,0.14526,0.098414,0.655524,0.000017,0.100717
ACAGAACTGAGAACAA-1,0.003029,0.135134,0.253582,0.284729,0.323501,0.000023
ACAGATTAGGTTAGTG-1,0.427061,0.000022,0.525954,0.000022,0.000022,0.046918
ACAGCATAGAGCCAGT-1,0.000293,0.000073,0.999414,0.000073,0.000073,0.000073
ACAGCGACATTCTCAT-1,0.071248,0.000028,0.000084,0.305216,0.59954,0.023884
ACAGCGCACCCGCAGC-1,0.310703,0.141083,0.515399,0.000054,0.000054,0.032706
ACAGGCACGGATCCTT-1,0.013147,0.000078,0.043884,0.923518,0.002293,0.017079
ACAGGCTTGCCCGACT-1,0.000196,0.412122,0.095686,0.491898,0.000049,0.000049
ACAGGTGGAGGTGAGG-1,0.00044,0.057889,0.220979,0.356284,0.364299,0.00011
ACAGTAATACAACTTG-1,0.419487,0.114033,0.120345,0.178764,0.07302,0.09435
ACAGTATACCGTGGGA-1,0.160863,0.072518,0.757504,0.000034,0.000034,0.009046
ACATAAGTCGTGGTGA-1,0.000128,0.19357,0.006473,0.680297,0.1195,0.000032
ACATAATAAGGCGGTG-1,0.283757,0.070554,0.598241,0.047398,0.000025,0.000025
ACATACAATCAAGCGG-1,0.002506,0.000029,0.000087,0.781023,0.216326,0.000029
ACATCAGCTGGGACGC-1,0.990885,0.000005,0.006093,0.000005,0.000005,0.003007
ACATCCCGGCCATACG-1,0.000212,0.02463,0.174591,0.80046,0.000053,0.000053
ACATCCTGGTAACTGT-1,0.241382,0.100628,0.458992,0.149682,0.02326,0.026056
ACATCGATCGTTTACC-1,0.455704,0.116822,0.418746,0.008656,0.000036,0.000036
ACATCGCAATATTCGG-1,0.019786,0.034852,0.048336,0.50096,0.395992,0.000074
ACATCGGTCAGCCGCG-1,0.070684,0.237081,0.677489,0.000042,0.014661,0.000042
ACATCGTATGCAATGG-1,0.012325,0.548005,0.291032,0.148267,0.000328,0.000044
ACATCGTTAACCTAGT-1,0.26793,0.078899,0.647444,0.000057,0.000057,0.005613
ACATCTCAACGCGTAA-1,0.151198,0.000028,0.790813,0.010196,0.000028,0.047737
ACATGCTTACGGCAGC-1,0.000071,0.068675,0.000053,0.702904,0.000657,0.22764
ACATGGCGCCAAAGTA-1,0.218842,0.029749,0.473713,0.126135,0.025245,0.126315
ACATGGCTCAATTTAG-1,0.370429,0.000019,0.629495,0.000019,0.000019,0.000019
ACATTAGTTTATATCC-1,0.030166,0.107792,0.112404,0.749581,0.000029,0.000029
ACATTCGCGCGGAATA-1,0.000136,0.013765,0.019646,0.592773,0.373646,0.000034
ACATTTGAAACCTAAC-1,0.055028,0.000008,0.000933,0.943859,0.000008,0.000163
ACCAAACACCCAGCGA-1,0.835979,0.038093,0.107603,0.00001,0.00001,0.018305
ACCAAACTAGAAATCC-1,0.205701,0.007248,0.764765,0.00002,0.00002,0.022245
ACCAACACCACACACT-1,0.524758,0.077324,0.344158,0.000012,0.000012,0.053735
ACCAACCGCACTCCAC-1,0.065736,0.00002,0.079922,0.664733,0.189571,0.00002
ACCAACGCTTATTTAT-1,0.000301,0.106886,0.040586,0.743779,0.108373,0.000075
ACCAAGAACGCGTGTC-1,0.44553,0.054839,0.455582,0.000019,0.000019,0.044011
ACCAAGTCATCGGCAG-1,0.090384,0.000012,0.025117,0.814863,0.039987,0.029636
ACCAATATGCAAGTTA-1,0.000316,0.038458,0.000237,0.626834,0.334075,0.000079
ACCACAACTCAGAACA-1,0.064512,0.000068,0.904976,0.010049,0.000068,0.020327
ACCACAAGTTTCTATC-1,0.766393,0.005957,0.194334,0.015136,0.018161,0.00002
ACCACACGGTTGATGG-1,0.301091,0.00002,0.043589,0.655261,0.00002,0.00002
ACCACCAATGTAACAA-1,0.498996,0.068897,0.396519,0.035558,0.000015,0.000015
ACCACCCTCTCTTCTA-1,0.940588,0.000008,0.029048,0.000008,0.021545,0.008803
ACCACGTGCAGCTATA-1,0.258083,0.176887,0.269423,0.144564,0.150915,0.000128
ACCACTGTTCAAGAAG-1,0.463711,0.000011,0.511238,0.004569,0.000011,0.020461
ACCAGCCCGGTCTTTG-1,0.000144,0.010446,0.974073,0.000036,0.000036,0.015266
ACCAGGAGTGTGATCT-1,0.05543,0.00004,0.94441,0.00004,0.00004,0.00004
ACCAGTGCCCGGTCAA-1,0.311654,0.033751,0.654462,0.000044,0.000044,0.000044
ACCAGTGCGGGAGACG-1,0.203331,0.201469,0.259372,0.315421,0.020358,0.000049
ACCATATCCGCAATAA-1,0.529775,0.024111,0.307974,0.000023,0.000023,0.138094
ACCATCCGCCAACTAG-1,0.001389,0.501012,0.103016,0.195155,0.000016,0.199412
ACCATCGTATATGGTA-1,0.043078,0.316304,0.469885,0.000061,0.020544,0.150128
ACCATTAAGGGTGTCA-1,0.125795,0.006841,0.867301,0.000021,0.000021,0.000021
ACCCAACGCCCGTGGC-1,0.22543,0.217774,0.519541,0.000017,0.000018,0.03722
ACCCACCTACATGCTC-1,0.597239,0.009813,0.38424,0.006736,0.001609,0.000363
ACCCATCTTGAGGGTA-1,0.295292,0.04371,0.65899,0.001938,0.000035,0.000035
ACCCATTTGTCCCTCT-1,0.008161,0.000048,0.101386,0.619565,0.270792,0.000048
ACCCGAGCGAAATTAC-1,0.315295,0.156481,0.055093,0.436897,0.000021,0.036213
ACCCGATTGGTTCCGA-1,0.0001,0.058969,0.004852,0.456307,0.469723,0.010049
ACCCGGAAACTCCCAG-1,0.000283,0.022899,0.03512,0.522185,0.419441,0.000071
ACCCGGAGCACCACAA-1,0.001873,0.000022,0.047338,0.944747,0.005997,0.000022
ACCCGGATGACGCATC-1,0.146806,0.044975,0.792723,0.015438,0.000029,0.000029
ACCCGGTTACACTTCC-1,0.71356,0.002331,0.182428,0.000018,0.018781,0.082882
ACCCGTAGCAGAGAAT-1,0.00012,0.23298,0.082338,0.637209,0.047319,0.000032
ACCCGTAGTCTAGTTG-1,0.000172,0.000043,0.000129,0.658429,0.341184,0.000043
ACCCGTGTCATCAGTA-1,0.00016,0.119899,0.110358,0.769503,0.00004,0.00004
ACCCTATAGGACTGAG-1,0.20535,0.059017,0.725001,0.000039,0.000039,0.010553
ACCCTATGCCATATCG-1,0.00024,0.235226,0.127164,0.616395,0.020914,0.00006
ACCCTCCCGTCAGGGC-1,0.019032,0.000013,0.021301,0.959629,0.000013,0.000013
ACCCTCCCTTGCTATT-1,0.000288,0.018459,0.102401,0.101134,0.777646,0.000072
ACCCTGGTAACGCCCT-1,0.559808,0.055966,0.298557,0.07806,0.000015,0.007594
ACCCTTCATCTGCGAA-1,0.742299,0.000023,0.227643,0.011098,0.000023,0.018915
ACCCTTGCCTGGGTCG-1,0.342653,0.001226,0.636455,0.019622,0.000023,0.000023
ACCCTTTAGTTCTCCA-1,0.000266,0.000054,0.728095,0.000054,0.000054,0.271477
ACCGAAAGGGCCCTGC-1,0.310816,0.000019,0.461552,0.052658,0.000019,0.174936
ACCGAAGAGTCTGGTT-1,0.000169,0.000042,0.000127,0.491375,0.508245,0.000042
ACCGACACATCTCCCA-1,0.275439,0.00009,0.302201,0.325509,0.096671,0.00009
ACCGACTGAGTCCCAC-1,0.87084,0.000007,0.000865,0.000007,0.000007,0.128272
ACCGAGTCTCCTTATT-1,0.000047,0.000012,0.000036,0.905709,0.070128,0.024068
ACCGATAGGCATAACC-1,0.000175,0.000044,0.121391,0.665066,0.213281,0.000044
ACCGATATTTAATCAT-1,0.269892,0.037932,0.093279,0.192013,0.004832,0.402052
ACCGATGGTAGCATCG-1,0.166904,0.120449,0.569316,0.000027,0.000027,0.143277
ACCGCAATAACTGCCT-1,0.554328,0.000026,0.055398,0.098746,0.266603,0.024899
ACCGCGGTGGAAGTCG-1,0.30518,0.012912,0.178709,0.022347,0.020647,0.460206
ACCGCTAGTCATTGGT-1,0.00774,0.134628,0.029533,0.656534,0.048526,0.123039
ACCGGGCCTTTGTTGA-1,0.297951,0.142758,0.343548,0.149902,0.065799,0.000041
ACCGGTCAGGTACACC-1,0.000128,0.000032,0.000096,0.804476,0.195236,0.000032
ACCGGTCTGAGTACGG-1,0.004167,0.288727,0.497633,0.000045,0.000045,0.209383
ACCGTGACCACGTGGG-1,0.000096,0.108001,0.046248,0.838808,0.006823,0.000024
ACCGTTCCCGCTCTGA-1,0.32577,0.000019,0.612605,0.000019,0.017301,0.044286
ACCTAAGTACCTTTCA-1,0.000093,0.012118,0.169229,0.816506,0.002031,0.000023
ACCTAATCGACTTCCT-1,0.230558,0.100216,0.605287,0.063863,0.000039,0.000039
ACCTACAGTATGTGGT-1,0.474962,0.036533,0.269645,0.000014,0.004297,0.214549
ACCTACTATAAATCTA-1,0.000088,0.000022,0.000066,0.810484,0.128802,0.060537
ACCTCAGCGAGGCGCA-1,0.000122,0.029202,0.000092,0.951562,0.018992,0.000031
ACCTCCGCCCTCGCTG-1,0.123698,0.063685,0.093098,0.502402,0.000023,0.217093
ACCTCCGTTATTCACC-1,0.290477,0.245912,0.380719,0.028866,0.000091,0.053935
ACCTCGAACTTATGCT-1,0.00007,0.000017,0.000052,0.795175,0.204668,0.000017
ACCTGCGTGTCATGTT-1,0.238065,0.305821,0.083718,0.155717,0.002293,0.214387
ACCTTTCCTTTAGAAG-1,0.240933,0.055974,0.653965,0.049063,0.000033,0.000033
ACGAAATGGGCGGCAC-1,0.226734,0.215569,0.557612,0.000029,0.000029,0.000029
ACGACCCATGAGTTGC-1,0.085106,0.016698,0.045976,0.815632,0.000016,0.036572
ACGACTCTAGGGCCGA-1,0.010926,0.000019,0.068273,0.920745,0.000019,0.000019
ACGACTGGTCATACTC-1,0.002892,0.033843,0.061144,0.730983,0.166891,0.004248
ACGAGAACCCATCACG-1,0.000208,0.000052,0.985337,0.000052,0.000052,0.014299
ACGAGATATTTGCTTA-1,0.072278,0.005376,0.859865,0.000075,0.000075,0.062331
ACGAGGATACCACTCT-1,0.000154,0.147259,0.223599,0.628911,0.000038,0.000038
ACGAGGTTTACAACGT-1,0.141051,0.000103,0.006535,0.607895,0.244314,0.000103
ACGAGTACGGATGCCC-1,0.27314,0.006546,0.68062,0.002023,0.000022,0.037649
ACGAGTCGCCGGCGTT-1,0.021807,0.055698,0.922429,0.000022,0.000022,0.000022
ACGATACATAGAACTA-1,0.147739,0.000023,0.715408,0.136785,0.000023,0.000023
ACGATCATACATAGAG-1,0.177217,0.004384,0.706987,0.000073,0.039408,0.071932
ACGATCATCTTGTAAA-1,0.093186,0.34252,0.485105,0.016974,0.000026,0.062189
ACGATGCATATGTTAT-1,0.479474,0.188998,0.331461,0.000023,0.000023,0.000023
ACGATGGATCCGATGC-1,0.826776,0.000024,0.173126,0.000024,0.000024,0.000024
ACGCAAACTAATAGAT-1,0.055526,0.042764,0.150008,0.319736,0.431892,0.000074
ACGCAATCACTACAGC-1,0.282801,0.074909,0.62373,0.017532,0.001006,0.000023
ACGCATAAATGACATG-1,0.000341,0.023448,0.975956,0.000085,0.000085,0.000085
ACGCATACGTTTACTA-1,0.000113,0.280333,0.022554,0.663209,0.007351,0.026439
ACGCATTCGTGAGTAC-1,0.000162,0.248192,0.751524,0.000041,0.000041,0.000041
ACGCCACTCGAAACAG-1,0.000078,0.135994,0.041001,0.796444,0.002975,0.023508
ACGCCAGATGATTTCT-1,0.46932,0.0036,0.526956,0.000041,0.000041,0.000041
ACGCCAGTGCGTTTGC-1,0.008926,0.000016,0.000047,0.91358,0.066847,0.010583
ACGCCCAGCTGTCGAT-1,0.366501,0.000025,0.56843,0.000025,0.000025,0.064995
ACGCCGCTAGACGACC-1,0.00025,0.046042,0.509389,0.0281,0.249524,0.166696
ACGCGAAGTCAGACGA-1,0.075465,0.122393,0.089825,0.692559,0.01391,0.005849
ACGCGCTACACAGGGT-1,0.000188,0.178934,0.751873,0.034072,0.034886,0.000047
ACGCGGGCCAAGGACA-1,0.168739,0.239345,0.533985,0.000865,0.03652,0.020546
ACGCGTTTCTTAAGAG-1,0.363812,0.070535,0.316929,0.157447,0.023572,0.067706
ACGCTACTGAATGGGC-1,0.003913,0.01742,0.141215,0.837401,0.000025,0.000025
ACGCTAGTGATACACT-1,0.867239,0.000007,0.010999,0.000007,0.000811,0.120936
ACGCTGTGAGGCGTAG-1,0.402832,0.210337,0.362632,0.000014,0.000014,0.02417
ACGCTTAGTGTCTCTC-1,0.184035,0.046988,0.692832,0.07584,0.000195,0.000111
ACGGAACACGAGTGCC-1,0.000067,0.000017,0.014557,0.813522,0.019961,0.151876
ACGGAATTTAGCAAAT-1,0.000234,0.000059,0.999531,0.000059,0.000059,0.000059
ACGGACGCAGCGACAA-1,0.000079,0.00002,0.011874,0.770466,0.204314,0.013248
ACGGACTCTCAAAGCG-1,0.000123,0.246502,0.049791,0.674102,0.000031,0.029452
ACGGAGCGCAAATTAC-1,0.463217,0.0498,0.469419,0.017528,0.000018,0.000018
ACGGATGGTGCGGATA-1,0.00025,0.130828,0.0521,0.715323,0.101436,0.000063
ACGGCACTTGCTTGGG-1,0.000121,0.31001,0.060123,0.587308,0.00003,0.042408
ACGGCCAACATGGACT-1,0.000249,0.046753,0.139518,0.550276,0.263141,0.000062
ACGGCGACGATGGGAA-1,0.000342,0.08218,0.000257,0.145701,0.771434,0.000086
ACGGCGGGTTGCCCTG-1,0.338058,0.000026,0.578955,0.000026,0.002764,0.080172
ACGGCTGGATGTAGAA-1,0.000916,0.000025,0.075284,0.674925,0.248826,0.000025
ACGGGAGTGTCGGCCC-1,0.000119,0.176729,0.277085,0.546007,0.00003,0.00003
ACGGGCGTATGCGACA-1,0.327758,0.074904,0.597289,0.000016,0.000016,0.000016
ACGGGTCATGTGACTT-1,0.000113,0.000028,0.999774,0.000028,0.000028,0.000028
ACGGGTTGTGACCTGT-1,0.000161,0.185761,0.046037,0.70742,0.060582,0.00004
ACGGTACAGTTCAATG-1,0.014072,0.02106,0.083343,0.869364,0.004523,0.007637
ACGGTCACCGAGAACA-1,0.06619,0.114164,0.039246,0.629459,0.123452,0.027489
ACGTACAGATTTCTCT-1,0.595776,0.000046,0.389684,0.014402,0.000046,0.000046
ACGTACTTTGGCACGG-1,0.000134,0.000034,0.000101,0.699851,0.299847,0.000034
ACGTAGATTGCTGATG-1,0.707784,0.074146,0.167078,0.00002,0.009394,0.041578
ACGTAGGAGAGTCGCT-1,0.214036,0.0119,0.028376,0.592381,0.051902,0.101404
ACGTATTACTCCGATC-1,0.09532,0.09512,0.690702,0.042401,0.050187,0.026271
ACGTCCTAAACGAGAT-1,0.364434,0.006662,0.568212,0.057827,0.000024,0.00284
ACGTCTCGTTCCGGGA-1,0.044466,0.235906,0.437481,0.216493,0.048166,0.017488
ACGTGCGCCTCGTGCA-1,0.376242,0.076334,0.529655,0.000035,0.000035,0.017698
ACGTGGTCGAATGTGC-1,0.000351,0.49479,0.504596,0.000088,0.000088,0.000088
ACGTTAATGTCGAAGA-1,0.084322,0.18235,0.720298,0.000045,0.012939,0.000045
ACGTTAGATTTGCCCG-1,0.445994,0.172523,0.381376,0.000036,0.000036,0.000036
ACGTTATTGGTCACTC-1,0.210639,0.058349,0.730911,0.000034,0.000034,0.000034
ACGTTCACTATGCCGC-1,0.000087,0.009779,0.000066,0.812812,0.096308,0.080947
ACGTTCCGCGCTCCGT-1,0.035421,0.02022,0.944257,0.000034,0.000034,0.000034
ACGTTCGCAATCAATT-1,0.518058,0.001922,0.456471,0.023519,0.000015,0.000015
ACGTTCGTTCAGGAAA-1,0.229436,0.119386,0.0912,0.450827,0.109121,0.000029
ACGTTCTGTACAAGTC-1,0.000107,0.000027,0.055914,0.913598,0.030328,0.000027
ACGTTGTCGTTGAAAG-1,0.000188,0.037178,0.091005,0.799919,0.071663,0.000047
ACGTTTAGTTGTGATC-1,0.487673,0.000036,0.512184,0.000036,0.000036,0.000036
ACGTTTCGGTGCACTT-1,0.19182,0.007294,0.010782,0.790039,0.000033,0.000033
ACTAAGGACGCACACC-1,0.23944,0.024572,0.696659,0.029644,0.000045,0.009641
ACTAATACGTCAGGCG-1,0.258324,0.00004,0.725215,0.01634,0.00004,0.00004
ACTACAAAGAGAGGTG-1,0.000104,0.000026,0.000078,0.645847,0.353918,0.000026
ACTACATCCCGACAAG-1,0.283,0.03928,0.022004,0.357085,0.162272,0.136358
ACTACCAGCTCTCTGG-1,0.472085,0.00003,0.398317,0.00003,0.003455,0.126082
ACTACCATCCGAGGGC-1,0.000101,0.220645,0.023238,0.558077,0.197914,0.000025
ACTACGCGTTAGAATT-1,0.000141,0.013078,0.161916,0.822405,0.002425,0.000035
ACTAGTTGCGATCGTC-1,0.262464,0.170455,0.075566,0.206045,0.098541,0.18693
ACTATATGCTGTGTTC-1,0.519768,0.227536,0.246262,0.00631,0.000063,0.000063
ACTATCCAGGGCATGG-1,0.304229,0.062327,0.633363,0.000027,0.000027,0.000027
ACTATCTGCCCGCGTA-1,0.00014,0.103749,0.246894,0.649146,0.000035,0.000035
ACTATGTCCAGCTGCC-1,0.000091,0.374913,0.000068,0.412209,0.048195,0.164524
ACTATTCGTCCGTGGT-1,0.4351,0.007792,0.557012,0.000032,0.000032,0.000032
ACTATTTCCGGGCCCA-1,0.139314,0.195531,0.098794,0.526967,0.03812,0.001274
ACTCAACGAATGTATT-1,0.721481,0.000016,0.275131,0.000016,0.000016,0.00334
ACTCAAGTGCAAGGCT-1,0.036696,0.015329,0.114747,0.823528,0.007396,0.002304
ACTCAATAAAGGCACG-1,0.045366,0.007966,0.946587,0.000027,0.000027,0.000027
ACTCAGACCTGCTTCT-1,0.0574,0.092742,0.849701,0.000052,0.000052,0.000052
ACTCATGGCAGCCTTC-1,0.000468,0.000022,0.000066,0.948625,0.050797,0.000022
ACTCCAATATCATCAT-1,0.000126,0.017236,0.025163,0.71035,0.247094,0.000031
ACTCCCATTCCTAAAG-1,0.612858,0.000017,0.073017,0.000671,0.148027,0.165411
ACTCCCGAATTCGTTT-1,0.503779,0.070365,0.425797,0.00002,0.00002,0.00002
ACTCCCGTAGACTAGG-1,0.040628,0.075418,0.883884,0.000023,0.000023,0.000023
ACTCCCTAATGCTAAA-1,0.000135,0.12723,0.015163,0.521963,0.261596,0.073913
ACTCCCTAGAATAGTA-1,0.121969,0.25453,0.273852,0.219915,0.129621,0.000114
ACTCCGGCCGACCACT-1,0.013197,0.081622,0.06247,0.84267,0.00002,0.00002
ACTCGATGTATTTCAT-1,0.108529,0.000052,0.883071,0.008297,0.000025,0.000025
ACTCGCCGTTCGATAA-1,0.001579,0.138325,0.119537,0.62717,0.008899,0.10449
ACTCGCGATCTGACGC-1,0.739055,0.011848,0.190258,0.050567,0.001991,0.006281
ACTCGTAACCCGTCCT-1,0.000193,0.076874,0.369369,0.527334,0.026182,0.000048
ACTCGTCAGTAATCCC-1,0.212714,0.150611,0.607329,0.00003,0.0171,0.012216
ACTCTCTGACTTAGGT-1,0.538537,0.090694,0.227016,0.000025,0.000025,0.143702
ACTCTCTTATACACGA-1,0.8478,0.000028,0.099629,0.000028,0.000028,0.052486
ACTCTGACCTAATAGA-1,0.389015,0.000015,0.002586,0.532391,0.051944,0.02405
ACTCTTCAGCTCCCGC-1,0.771993,0.000163,0.167194,0.060633,0.000009,0.000009
ACTCTTGTATAGTAAC-1,0.404567,0.091656,0.304062,0.000024,0.017345,0.182346
ACTGAAACGCCGTTAG-1,0.133149,0.078736,0.028965,0.327449,0.431584,0.000117
ACTGAATGGCGAAAGT-1,0.000212,0.324638,0.366678,0.307191,0.001228,0.000053
ACTGATTTAGTGATTC-1,0.178748,0.029134,0.77781,0.00007,0.00007,0.014168
ACTGCCCGCCATTCTC-1,0.00018,0.206074,0.000135,0.493136,0.300431,0.000045
ACTGCCGTCGTAACTC-1,0.687524,0.006414,0.266226,0.00003,0.00003,0.039777
ACTGCGGACACACCGT-1,0.547517,0.15369,0.236205,0.007007,0.002823,0.052757
ACTGCTCGGAAGGATG-1,0.000259,0.080939,0.164856,0.525169,0.228713,0.000065
ACTGGCGAACCTGCGT-1,0.34954,0.000026,0.510437,0.000026,0.000026,0.139946
ACTGGGATGCCAGTGC-1,0.000102,0.168096,0.030344,0.541316,0.061499,0.198644
