Barcode,Topic 1,Topic 2,Topic 3,Topic 4,Topic 5,Topic 6,Topic 7,Topic 8,Topic 9,Topic 10,Topic 11,Topic 12
AAACAACGAATAGTTC-1,0.000044,0.186965,0.004439,0.017433,0.069189,0.334106,0.0524,0.095969,0.006911,0.137471,0.009668,0.085406
AAACAAGTATCTCCCA-1,0.027302,0.000034,0.000034,0.251939,0.720455,0.000034,0.000034,0.000034,0.000034,0.000034,0.000034,0.000034
AAACAATCTACTAGCA-1,0.000024,0.092139,0.021558,0.018025,0.000024,0.048669,0.120888,0.070733,0.02833,0.355771,0.018721,0.225119
AAACACCAATAACTGC-1,0.594466,0.000098,0.390318,0.014331,0.000098,0.000098,0.000098,0.000098,0.000098,0.000098,0.000098,0.000098
AAACAGCTTTCAGAAG-1,0.003551,0.472473,0.251389,0.000023,0.000023,0.000023,0.000023,0.000023,0.011313,0.028401,0.019634,0.213125
AAACAGGGTCTATATT-1,0.150351,0.443728,0.202633,0.000036,0.000036,0.000036,0.000036,0.000036,0.000036,0.082821,0.000036,0.120217
AAACAGTGTTCCTGGG-1,0.13907,0.735601,0.000013,0.000013,0.000013,0.030468,0.000013,0.000013,0.0354,0.000241,0.040078,0.019077
AAACATGGTGAGAGGA-1,0.943965,0.029491,0.00004,0.00004,0.026182,0.00004,0.00004,0.00004,0.00004,0.00004,0.00004,0.00004
AAACATTTCCCGGATT-1,0.000018,0.009955,0.004206,0.008107,0.092958,0.079577,0.102639,0.099568,0.28406,0.034347,0.076491,0.208074
AAACCGGGTAGGTACC-1,0.029521,0.020056,0.500879,0.039513,0.097032,0.016543,0.005156,0.029095,0.049909,0.128943,0.074346,0.009007
AAACCGTTCGTCCAGG-1,0.000026,0.101042,0.033621,0.17892,0.000026,0.033851,0.000026,0.049433,0.025345,0.412871,0.099059,0.065781
AAACCTAAGCAGCCGG-1,0.000009,0.003442,0.000009,0.000009,0.000009,0.011003,0.059615,0.037572,0.010375,0.118756,0.020288,0.738911
AAACCTCATGAAGTTG-1,0.002565,0.229403,0.260992,0.00003,0.00003,0.000891,0.000032,0.00003,0.00003,0.093136,0.024327,0.388534
AAACGAAGAACATACC-1,0.004228,0.046316,0.000016,0.009112,0.028283,0.024232,0.041184,0.061185,0.132451,0.003635,0.145773,0.503584
AAACGAAGATGGAGTA-1,0.845299,0.000072,0.002648,0.151408,0.000072,0.000072,0.000072,0.000072,0.000072,0.000072,0.000072,0.000072
AAACGAGACGGTTGAT-1,0.00002,0.00002,0.000828,0.044151,0.084156,0.016059,0.095833,0.093129,0.616137,0.014057,0.008432,0.027178
AAACGCTGGGCACGAC-1,0.056276,0.122434,0.000031,0.609326,0.195329,0.016417,0.000031,0.000031,0.000031,0.000031,0.000031,0.000031
AAACGGGCGTACGGGT-1,0.000019,0.044615,0.000019,0.006205,0.416356,0.007426,0.105887,0.025409,0.049079,0.2681,0.03804,0.038844
AAACGGGTTGGTATCC-1,0.006744,0.389216,0.014411,0.113053,0.000016,0.077075,0.137428,0.121413,0.004066,0.032387,0.023262,0.080928
AAACGGTTGCGAACTG-1,0.044847,0.159605,0.219552,0.000037,0.007034,0.000037,0.000037,0.000037,0.138538,0.226247,0.12338,0.080647
AAACTCGGTTCGCAAT-1,0.000026,0.014269,0.086582,0.028196,0.000026,0.146409,0.002631,0.107277,0.079348,0.367841,0.022254,0.14514
AAACTGCTGGCTCCAA-1,0.002631,0.116675,0.000013,0.000013,0.126745,0.045528,0.241982,0.034848,0.066058,0.013465,0.139351,0.21269
AAACTTAATTGCACGC-1,0.776079,0.000065,0.07323,0.150108,0.000065,0.000065,0.000065,0.000065,0.000065,0.000065,0.000065,0.000065
AAACTTGCAAACGTAT-1,0.294655,0.000048,0.473743,0.000048,0.224317,0.000048,0.006902,0.000048,0.000048,0.000048,0.000048,0.000048
AAAGAATGACCTTAGA-1,0.407756,0.591982,0.000026,0.000026,0.000026,0.000026,0.000026,0.000026,0.000026,0.000026,0.000026,0.000026
AAAGAATGTGGACTAA-1,0.000011,0.090828,0.000011,0.005509,0.000929,0.39185,0.058597,0.104795,0.018275,0.020468,0.045932,0.262795
AAAGACCCAAGTCGCG-1,0.000025,0.004001,0.068796,0.066938,0.000025,0.006643,0.18244,0.210707,0.002055,0.388068,0.010596,0.059705
AAAGACTGGGCGCTTT-1,0.143763,0.334622,0.102384,0.000028,0.000028,0.004201,0.002032,0.000028,0.152216,0.073436,0.113112,0.07415
AAAGGCCCTATAATAC-1,0.81417,0.110484,0.07256,0.000055,0.000055,0.000055,0.000055,0.000055,0.000055,0.000055,0.000055,0.002346
AAAGGCTACGGACCAT-1,0.020211,0.044306,0.011237,0.000012,0.00259,0.006937,0.001339,0.000904,0.041632,0.176389,0.320255,0.374189
AAAGGCTCTCGCGCCG-1,0.000021,0.052992,0.055961,0.002396,0.000021,0.039067,0.007913,0.09913,0.124358,0.282349,0.071909,0.263884
AAAGGGATGTAGCAAG-1,0.000031,0.000031,0.000031,0.021223,0.012436,0.059978,0.129561,0.189036,0.345063,0.087406,0.026281,0.128925
AAAGGGCAGCTTGAAT-1,0.038414,0.120951,0.11363,0.182166,0.209008,0.00214,0.000927,0.044696,0.114017,0.012497,0.155368,0.006187
AAAGTAGCATTGCTCA-1,0.226374,0.000089,0.663224,0.108055,0.001631,0.000089,0.000089,0.000089,0.000089,0.000089,0.000089,0.000089
AAAGTCACTGATGTAA-1,0.026745,0.130694,0.025921,0.031011,0.010006,0.013781,0.271802,0.087608,0.077653,0.263382,0.017183,0.044213
AAAGTCGACCCTCAGT-1,0.226495,0.068606,0.618153,0.000053,0.061179,0.00379,0.000053,0.000053,0.000053,0.021459,0.000053,0.000053
AAAGTGCCATCAATTA-1,0.022856,0.317179,0.000016,0.170552,0.137453,0.212496,0.10193,0.026469,0.005706,0.000016,0.002602,0.002725
AAAGTGTGATTTATCT-1,0.014497,0.017118,0.000079,0.54591,0.104508,0.000079,0.000079,0.010904,0.272646,0.000079,0.034023,0.000079
AAAGTTGACTCCCGTA-1,0.00009,0.00009,0.00009,0.933229,0.065875,0.00009,0.00009,0.00009,0.00009,0.00009,0.00009,0.00009
AAATACCTATAAGCAT-1,0.000012,0.000012,0.000012,0.000012,0.006078,0.005127,0.212611,0.120934,0.033304,0.001485,0.002215,0.618198
AAATAGGGTGCTATTG-1,0.00002,0.029921,0.00002,0.091092,0.036763,0.023893,0.26063,0.252615,0.112908,0.07228,0.095293,0.024564
AAATCCGATACACGCC-1,0.000032,0.015584,0.022101,0.114495,0.02528,0.01484,0.076205,0.400275,0.032858,0.266085,0.027524,0.004723
AAATCGCGGAAGGAGT-1,0.999296,0.000064,0.000064,0.000064,0.000064,0.000064,0.000064,0.000064,0.000064,0.000064,0.000064,0.000064
AAATCGTGTACCACAA-1,0.004822,0.150851,0.000053,0.001994,0.000026,0.000118,0.401602,0.06809,0.009313,0.317228,0.01277,0.033132
AAATCTAGCCCTGCTA-1,0.000029,0.001444,0.032745,0.232506,0.049321,0.002716,0.004349,0.000932,0.582426,0.034117,0.049327,0.010089
AAATCTGCCCGCGTCC-1,0.989585,0.010071,0.000034,0.000034,0.000034,0.000034,0.000034,0.000034,0.000034,0.000034,0.000034,0.000034
AAATGACTGATCAAAC-1,0.115412,0.730766,0.064341,0.012657,0.039106,0.00008,0.000017,0.002401,0.000656,0.020737,0.00484,0.008987
AAATGCTCGTTACGTT-1,0.00806,0.000043,0.242596,0.169003,0.007046,0.027332,0.000043,0.013586,0.233342,0.136552,0.045659,0.116737
AAATGGCATGTCTTGT-1,0.000037,0.000037,0.000037,0.128257,0.000037,0.043968,0.021018,0.144741,0.4949,0.1246,0.019389,0.022977
AAATGGCCCGTGCCCT-1,0.707038,0.000062,0.060883,0.000062,0.231525,0.000062,0.000062,0.000062,0.000062,0.000062,0.000062,0.000062
AAATGGTCAATGTGCC-1,0.174536,0.000041,0.017916,0.459321,0.087294,0.000041,0.003196,0.24958,0.000041,0.007951,0.000041,0.000041
AAATGTATCTTATCCC-1,0.253886,0.131662,0.121407,0.04846,0.005949,0.137598,0.05844,0.029194,0.029424,0.01595,0.06415,0.10388
AAATGTGGGTGCTCCT-1,0.000013,0.250333,0.000013,0.010649,0.01802,0.154342,0.108478,0.088686,0.070281,0.008028,0.07198,0.219177
AAATTAACGGGTAGCT-1,0.10148,0.085202,0.000055,0.535568,0.271219,0.000055,0.00531,0.000055,0.000055,0.000055,0.000888,0.000055
AAATTAATAAGCGCGA-1,0.288214,0.182274,0.454637,0.005877,0.000052,0.020021,0.014832,0.002097,0.000069,0.000052,0.000052,0.031825
AAATTGATAGTCCTTT-1,0.033305,0.231243,0.562348,0.074181,0.000082,0.071559,0.000082,0.000082,0.000082,0.026871,0.000082,0.000082
AAATTGCGGCGGTTCT-1,0.014287,0.193143,0.000018,0.010765,0.050154,0.041449,0.000055,0.000018,0.069238,0.10059,0.080737,0.439548
AAATTTGCGGGTGTGG-1,0.090928,0.000041,0.403688,0.219373,0.155757,0.01488,0.006884,0.026406,0.037489,0.017452,0.024064,0.003039
AACAACTGGTAGTTGC-1,0.160615,0.0367,0.019831,0.051173,0.000042,0.000042,0.032666,0.008072,0.097361,0.407074,0.14001,0.046414
AACAATACATTGTCGA-1,0.250977,0.231802,0.124211,0.030088,0.019417,0.000034,0.021958,0.000034,0.027383,0.155135,0.138928,0.000034
AACAATTACTCTACGC-1,0.000026,0.157251,0.12829,0.004167,0.096819,0.013384,0.000026,0.000026,0.095585,0.041787,0.313956,0.148683
AACACACGCTCGCCGC-1,0.000039,0.000039,0.02513,0.039717,0.156066,0.030778,0.074323,0.123544,0.402813,0.025701,0.10995,0.0119
AACACGACTGTACTGA-1,0.000054,0.000054,0.011197,0.136791,0.000054,0.064251,0.079514,0.315497,0.079169,0.07229,0.227272,0.013859
AACACGAGACGCGGCC-1,0.300642,0.000062,0.682238,0.016565,0.000062,0.000062,0.000062,0.000062,0.000062,0.000062,0.000062,0.000062
AACACGCGGCCGCGAA-1,0.012654,0.027191,0.086922,0.208199,0.07595,0.118274,0.012097,0.097704,0.023308,0.162249,0.040914,0.134538
AACAGCTGTGTGGCAA-1,0.335713,0.000066,0.588771,0.000066,0.000066,0.000066,0.0621,0.000066,0.000066,0.012887,0.000066,0.000066
AACAGGAAATCGAATA-1,0.000035,0.000035,0.000035,0.293073,0.153044,0.000035,0.029181,0.284421,0.239372,0.000035,0.000698,0.000035
AACAGGATGGGCCGCG-1,0.000022,0.000022,0.043375,0.036919,0.000022,0.028843,0.061049,0.153208,0.201188,0.259394,0.089447,0.126511
AACATAGCGTGTATCG-1,0.000013,0.129583,0.026811,0.02045,0.000013,0.368268,0.038045,0.026656,0.012668,0.265021,0.026248,0.086224
AACATTGAAGTTGATC-1,0.765043,0.000115,0.23381,0.000115,0.000115,0.000115,0.000115,0.000115,0.000115,0.000115,0.000115,0.000115
AACATTGGTCAGCCGT-1,0.000023,0.449325,0.000032,0.015975,0.000023,0.133554,0.004973,0.024252,0.000023,0.269431,0.005083,0.097306
AACATTGTGACTCGAG-1,0.000043,0.0506,0.279968,0.042131,0.000043,0.009438,0.000043,0.04479,0.121234,0.286868,0.046849,0.117993
AACCAAGACTTCTCTG-1,0.027601,0.331126,0.076993,0.002708,0.000024,0.000024,0.000024,0.000024,0.097333,0.130724,0.277679,0.055737
AACCATAGGGTTGAAC-1,0.845964,0.105053,0.000051,0.029848,0.000051,0.018726,0.000051,0.000051,0.000051,0.000051,0.000051,0.000051
AACCATGGGATCGCTA-1,0.00002,0.020694,0.066395,0.00741,0.112735,0.019113,0.030186,0.03306,0.131686,0.15331,0.038425,0.386965
AACCCAGAGACGGAGA-1,0.001765,0.000029,0.347025,0.159886,0.138246,0.001755,0.074337,0.145527,0.08835,0.040027,0.001699,0.001354
AACCCATCCCATGATC-1,0.689839,0.000065,0.191368,0.000065,0.118211,0.000065,0.000065,0.000065,0.000065,0.000065,0.000065,0.000065
AACCCGACAACCCGTG-1,0.345456,0.000137,0.516479,0.136835,0.000137,0.000137,0.000137,0.000137,0.000137,0.000137,0.000137,0.000137
AACCCGAGCAGAATCG-1,0.028693,0.069569,0.00004,0.211632,0.66664,0.00004,0.023185,0.00004,0.00004,0.00004,0.00004,0.00004
AACCCGCTGTATTCCA-1,0.199948,0.179267,0.307299,0.020801,0.245855,0.015637,0.000029,0.017939,0.000204,0.003191,0.000217,0.009614
AACCCTACTGTCAATA-1,0.0081,0.000119,0.036802,0.954025,0.000119,0.000119,0.000119,0.000119,0.000119,0.000119,0.000119,0.000119
AACCCTGGTGGAACCA-1,0.000019,0.017829,0.000019,0.002327,0.452587,0.09598,0.206355,0.028175,0.026388,0.026489,0.106412,0.03742
AACCGAGCTTGGTCAT-1,0.025295,0.051687,0.000018,0.000018,0.034773,0.014297,0.03749,0.000032,0.411081,0.008464,0.12046,0.296384
AACCGCTAAGGGATGC-1,0.000016,0.011832,0.000016,0.020616,0.061185,0.098045,0.065477,0.074009,0.639151,0.008657,0.007593,0.013401
AACCGTTGTGTTTGCT-1,0.000042,0.000042,0.008755,0.08432,0.171047,0.000633,0.067641,0.237803,0.315342,0.051839,0.013259,0.049277
AACCTAAAGCCGTCCG-1,0.050021,0.068648,0.000051,0.620771,0.09518,0.003348,0.118551,0.009667,0.020706,0.000051,0.012956,0.000051
AACCTCGCTTTAGCCC-1,0.000011,0.105798,0.000011,0.000011,0.035657,0.000308,0.130907,0.017147,0.040641,0.168203,0.059364,0.441939
AACCTTTAAATACGGT-1,0.000036,0.009862,0.055241,0.154551,0.017711,0.011219,0.213531,0.026628,0.042665,0.301196,0.129297,0.038062
AACGAAAGTCGTCCCA-1,0.714384,0.000083,0.170138,0.003032,0.111783,0.000083,0.000083,0.000083,0.000083,0.000083,0.000083,0.000083
AACGACCTCCTAGCCG-1,0.000011,0.112463,0.000011,0.010224,0.089027,0.495901,0.016272,0.001937,0.119444,0.007292,0.090711,0.056709
AACGATAATGCCGTAG-1,0.012892,0.023998,0.006515,0.08264,0.001019,0.03037,0.379229,0.093475,0.046455,0.202525,0.064273,0.05661
AACGATAGAAGGGCCG-1,0.000016,0.000016,0.000016,0.000016,0.000016,0.038025,0.202398,0.205215,0.01067,0.077909,0.019731,0.445974
AACGATATGTCAACTG-1,0.000022,0.058449,0.000022,0.035187,0.092678,0.039385,0.231067,0.018454,0.427969,0.01839,0.071921,0.006456
AACGCGAACGGCAACA-1,0.012183,0.037521,0.098314,0.041282,0.22454,0.055654,0.008807,0.019516,0.060861,0.20389,0.046312,0.19112
AACGCGACCTTGGGCG-1,0.016323,0.000058,0.649588,0.2718,0.000058,0.000058,0.000058,0.044753,0.017131,0.000058,0.000058,0.000058
AACGCGGTCTCCAGCC-1,0.000046,0.000046,0.000214,0.047408,0.044323,0.103074,0.10456,0.171832,0.378436,0.008484,0.001651,0.139926
AACGCTGTTGCTGAAA-1,0.00002,0.00002,0.003718,0.00002,0.019515,0.030405,0.053314,0.006396,0.289116,0.031307,0.096999,0.469169
AACGGACGTACGTATA-1,0.000015,0.032639,0.000015,0.00018,0.061434,0.080335,0.029809,0.00823,0.432998,0.018566,0.191027,0.144751
AACGGCCATCTCCGGT-1,0.000011,0.092724,0.004759,0.002166,0.006617,0.032091,0.021439,0.038898,0.062212,0.072244,0.050337,0.616501
AACGTACTGTGGGTAC-1,0.108019,0.001852,0.303475,0.058542,0.017382,0.009736,0.077689,0.143614,0.13798,0.075617,0.049986,0.016107
AACGTAGTCTACCCAT-1,0.000013,0.183826,0.000013,0.000013,0.037691,0.035492,0.041252,0.007457,0.00659,0.055049,0.024221,0.608384
AACGTCAGACTAGTGG-1,0.000034,0.039488,0.146771,0.075003,0.054648,0.066686,0.00738,0.031909,0.023755,0.35775,0.03613,0.160444
AACGTCATCCGGCTTG-1,0.095352,0.357762,0.217748,0.002268,0.078809,0.009044,0.014291,0.010894,0.030507,0.060872,0.012785,0.109667
AACGTCGCTGCACTTC-1,0.000013,0.288463,0.000013,0.000013,0.16126,0.345818,0.032466,0.028537,0.01895,0.000152,0.013518,0.110796
AACGTGATGAAGGACA-1,0.087263,0.000052,0.000052,0.019137,0.893131,0.000052,0.000052,0.000052,0.000052,0.000052,0.000052,0.000052
AACGTGCGAAAGTCTC-1,0.026295,0.035101,0.016719,0.01967,0.044905,0.084027,0.033677,0.027879,0.519776,0.05065,0.069248,0.072053
AACGTTATCAGCACCT-1,0.411338,0.000101,0.444019,0.143737,0.000101,0.000101,0.000101,0.000101,0.000101,0.000101,0.000101,0.000101
AACGTTCTACCATTGT-1,0.000022,0.231324,0.000022,0.081956,0.235934,0.25371,0.152334,0.000022,0.04461,0.000022,0.000022,0.000022
AACTAGCGTATCGCAC-1,0.000036,0.035517,0.000036,0.004544,0.037245,0.026539,0.340265,0.246073,0.03059,0.08516,0.046187,0.147808
AACTAGGCTTGGGTGT-1,0.000029,0.00529,0.003666,0.087549,0.000029,0.000403,0.09985,0.364076,0.0028,0.081652,0.016006,0.33865
AACTCAAGTTAATTGC-1,0.014354,0.108371,0.009859,0.000013,0.005362,0.010455,0.208133,0.017985,0.032498,0.199674,0.021934,0.371361
AACTCCAGAGCGTGTT-1,0.000058,0.000058,0.000058,0.295165,0.000058,0.000058,0.063165,0.562893,0.062158,0.000085,0.016184,0.000058
AACTCGATAAACACGT-1,0.000013,0.140371,0.025192,0.004059,0.000013,0.588654,0.000013,0.024635,0.002765,0.160927,0.016943,0.036415
AACTCGATGGCGCAGT-1,0.00005,0.00005,0.091076,0.104401,0.027537,0.034726,0.00005,0.398163,0.214072,0.104842,0.00005,0.024981
AACTCTCAATAGAGCG-1,0.000081,0.000081,0.178933,0.302143,0.277652,0.000081,0.000791,0.000081,0.232167,0.007828,0.000081,0.000081
AACTCTCAGTGTGCTC-1,0.000014,0.030529,0.012096,0.000014,0.000014,0.012641,0.000918,0.000014,0.073045,0.169489,0.137813,0.563415
AACTGATATTAGGCCT-1,0.012219,0.015451,0.000038,0.258066,0.347327,0.065733,0.149797,0.04052,0.08383,0.002354,0.000808,0.023856
AACTGGGTCCCGACGT-1,0.000046,0.000046,0.000046,0.167228,0.09349,0.000046,0.085189,0.328379,0.2826,0.026084,0.011185,0.005662
AACTGGTGTGGGCCTT-1,0.000021,0.142653,0.000021,0.005876,0.000021,0.079768,0.285055,0.040461,0.020147,0.315968,0.074559,0.035448
AACTTCTGCGTCTATC-1,0.048174,0.00011,0.657932,0.017506,0.096801,0.00011,0.00011,0.016801,0.00011,0.064862,0.00011,0.097373
AACTTGCCCGTATGCA-1,0.000066,0.000066,0.134723,0.133681,0.000066,0.000066,0.000066,0.420765,0.216482,0.062557,0.030223,0.001239
AACTTGCGTTCTCGCG-1,0.058673,0.000101,0.445781,0.367036,0.000101,0.000101,0.000101,0.000101,0.035062,0.014111,0.07873,0.000101
AACTTTACGGGAGCTT-1,0.311809,0.000097,0.457189,0.1761,0.000097,0.000097,0.054129,0.000097,0.000097,0.000097,0.000097,0.000097
AACTTTAGCTGCTGAG-1,0.000062,0.077482,0.025218,0.213651,0.000062,0.058728,0.000062,0.578408,0.028998,0.017205,0.000062,0.000062
AAGAAAGTTTGATGGG-1,0.430859,0.56848,0.000066,0.000066,0.000066,0.000066,0.000066,0.000066,0.000066,0.000066,0.000066,0.000066
AAGAAGGATCAGTTAG-1,0.000013,0.07964,0.035587,0.000013,0.000013,0.028368,0.015106,0.004159,0.128446,0.08191,0.125523,0.501224
AAGACATACGTGGTTT-1,0.000016,0.105861,0.000016,0.103647,0.100438,0.162066,0.147502,0.025247,0.100211,0.02975,0.188907,0.036338
AAGACCAAATAACTCA-1,0.771032,0.15664,0.000032,0.000032,0.072039,0.000032,0.000032,0.000032,0.000032,0.000032,0.000032,0.000032
AAGACCCAACTGAACA-1,0.000021,0.02503,0.041775,0.130068,0.00161,0.056776,0.045262,0.119242,0.063143,0.359089,0.0452,0.112784
AAGACTAACCCGTTGT-1,0.000037,0.000037,0.123929,0.321228,0.09429,0.088841,0.010967,0.180362,0.044317,0.109372,0.010196,0.016424
AAGACTGCAAGCTACT-1,0.008194,0.012244,0.031247,0.051811,0.030791,0.146608,0.097588,0.251926,0.196631,0.018592,0.050553,0.103814
AAGAGATGAATCGGTA-1,0.000039,0.143826,0.220583,0.081618,0.011933,0.010813,0.000039,0.000039,0.11128,0.162419,0.203374,0.054036
AAGAGCTCTTTATCGG-1,0.000026,0.041722,0.000026,0.016929,0.120071,0.082546,0.242414,0.004125,0.41485,0.010731,0.056257,0.010303
AAGAGGATGTACGCGA-1,0.0004,0.115647,0.000022,0.000022,0.043176,0.000022,0.506611,0.000753,0.010218,0.085859,0.061797,0.175474
AAGAGGCATGGATCGC-1,0.000012,0.05515,0.000012,0.000012,0.017425,0.132212,0.046722,0.000091,0.534175,0.000614,0.118293,0.095281
AAGAGGCCCTTTGGAA-1,0.000011,0.166204,0.000011,0.000011,0.006048,0.011327,0.003545,0.000011,0.62078,0.008338,0.15426,0.029452
AAGATGGCACCGGACC-1,0.080482,0.000059,0.56953,0.333371,0.000059,0.000059,0.000059,0.016145,0.000059,0.000059,0.000059,0.000059
AAGCACCCTGCGTATC-1,0.000037,0.000037,0.175311,0.116623,0.066527,0.014224,0.032293,0.333216,0.019746,0.197178,0.000037,0.044771
AAGCATACTCTCCTGA-1,0.000015,0.068808,0.027202,0.026492,0.010199,0.053613,0.302045,0.076291,0.093703,0.132187,0.033666,0.175778
AAGCCACTTGCAGGTA-1,0.93936,0.020336,0.039891,0.000046,0.000046,0.000046,0.000046,0.000046,0.000046,0.000046,0.000046,0.000046
AAGCCGCCGTGAAATC-1,0.80482,0.000056,0.162435,0.032241,0.000056,0.000056,0.000056,0.000056,0.000056,0.000056,0.000056,0.000056
AAGCCGGAGAGCAGGA-1,0.136248,0.458648,0.000024,0.365145,0.039769,0.000024,0.000024,0.000024,0.000024,0.000024,0.000024,0.000024
AAGCGCAGGGCTTTGA-1,0.000027,0.000062,0.109881,0.071906,0.000027,0.095359,0.004087,0.191858,0.040815,0.374324,0.043237,0.068417
AAGCGTCCCTCATCGA-1,0.202635,0.000074,0.66601,0.065262,0.065497,0.000074,0.000074,0.000074,0.000074,0.000074,0.000074,0.000074
AAGCTAGATCGAGTAA-1,0.000024,0.001511,0.03025,0.090136,0.000024,0.054362,0.281671,0.181355,0.033218,0.268346,0.02003,0.039074
AAGCTATGGATTGACC-1,0.531742,0.228072,0.00003,0.033673,0.018349,0.004387,0.035494,0.026067,0.008719,0.013142,0.025292,0.075033
AAGCTCGTGCCAAGTC-1,0.000029,0.000029,0.000029,0.050667,0.006203,0.037622,0.032472,0.119212,0.562211,0.044111,0.029109,0.118305
AAGCTCTTTCATGGTG-1,0.00005,0.00005,0.041111,0.26207,0.148446,0.015737,0.04769,0.453171,0.030274,0.001299,0.00005,0.00005
AAGGAGAACTTATAAG-1,0.000028,0.03775,0.000028,0.074864,0.026243,0.205402,0.493864,0.102393,0.007329,0.014029,0.033527,0.004543
AAGGAGCGGTTGGTGC-1,0.000017,0.019645,0.003122,0.000017,0.024751,0.050588,0.208455,0.099039,0.043271,0.258738,0.061613,0.230744
AAGGATGAGGGACCTC-1,0.000095,0.000095,0.144299,0.681028,0.073914,0.000095,0.000095,0.000095,0.100002,0.000095,0.000095,0.000095
AAGGCGCGTAAAGCTT-1,0.000037,0.009424,0.25142,0.317096,0.000037,0.000037,0.001771,0.162172,0.046117,0.130987,0.027822,0.053078
AAGGCTGTGCTCATCG-1,0.000041,0.000041,0.079498,0.048419,0.073399,0.01072,0.150381,0.328727,0.078392,0.162735,0.000513,0.067133
AAGGGAACGACTGGCT-1,0.690131,0.000071,0.288446,0.019659,0.0012,0.000071,0.000071,0.000071,0.000071,0.000071,0.000071,0.000071
AAGGGACTATGCATTC-1,0.411626,0.000103,0.587347,0.000103,0.000103,0.000103,0.000103,0.000103,0.000103,0.000103,0.000103,0.000103
AAGGGTTAGCCATGCG-1,0.000008,0.284113,0.000008,0.000008,0.000122,0.245315,0.00002,0.000008,0.168955,0.000008,0.128905,0.172528
AAGGGTTTGATTTCAG-1,0.999533,0.000042,0.000042,0.000042,0.000042,0.000042,0.000042,0.000042,0.000042,0.000042,0.000042,0.000042
AAGGTATCCTAATATA-1,0.000061,0.000061,0.001087,0.80823,0.128127,0.000061,0.000061,0.000061,0.062067,0.000061,0.000061,0.000061
AAGGTGATAAACCAGC-1,0.000019,0.059499,0.00163,0.055741,0.137578,0.041152,0.005516,0.023979,0.6324,0.010538,0.026608,0.005339
AAGTAAGCTTCCAAAC-1,0.00001,0.348872,0.00001,0.00001,0.00001,0.085666,0.060608,0.074221,0.002802,0.123982,0.026529,0.277279
AAGTAGAAGACCGGGT-1,0.000033,0.017801,0.033335,0.037459,0.000033,0.001639,0.084969,0.536821,0.018615,0.238201,0.007222,0.023874
AAGTAGTGACGCGAGG-1,0.000031,0.010253,0.120663,0.046308,0.000031,0.05081,0.000717,0.036667,0.137976,0.325573,0.046401,0.224571
AAGTCAATTGTCGTCA-1,0.048744,0.000088,0.029648,0.549924,0.370984,0.000088,0.000088,0.000088,0.000088,0.000088,0.000088,0.000088
AAGTCTTCTGTGGCCT-1,0.82358,0.062278,0.000073,0.113483,0.000073,0.000073,0.000073,0.000073,0.000073,0.000073,0.000073,0.000073
AAGTGACGACCGAATT-1,0.043802,0.000066,0.529753,0.089222,0.018315,0.000066,0.000066,0.121402,0.185935,0.01124,0.000066,0.000066
AAGTGAGTCGGGTTTA-1,0.000082,0.000082,0.325701,0.407326,0.000082,0.000082,0.000082,0.077321,0.000082,0.127529,0.061548,0.000082
AAGTGCAAAGGTAGAC-1,0.391004,0.000092,0.27658,0.331584,0.000092,0.000092,0.000092,0.000092,0.000092,0.000092,0.000092,0.000092
AAGTGCGTTAGAATCT-1,0.151,0.004602,0.630112,0.000062,0.086324,0.001424,0.010334,0.000062,0.066492,0.016301,0.00276,0.030526
AAGTGCTTCTCTATTG-1,0.441302,0.000062,0.336202,0.000062,0.174779,0.005031,0.042251,0.000062,0.000062,0.000062,0.000062,0.000062
AAGTGTTTGGAGACGG-1,0.000026,0.000026,0.006935,0.01782,0.337687,0.014615,0.240327,0.082909,0.084561,0.107905,0.019932,0.087258
AAGTTCACTCCAAGCT-1,0.00002,0.00002,0.00002,0.012841,0.182923,0.007739,0.113636,0.167947,0.107199,0.021816,0.042732,0.343106
AAGTTCGGCCAACAGG-1,0.000044,0.01497,0.126198,0.332544,0.041471,0.004671,0.007399,0.269374,0.082123,0.069618,0.02612,0.025469
AAGTTGTGATGTTATA-1,0.016335,0.000049,0.002825,0.513444,0.190682,0.02279,0.005497,0.175229,0.058279,0.000049,0.014771,0.000049
AAGTTTACTAATGGCA-1,0.000018,0.002171,0.000018,0.000018,0.000018,0.071007,0.063321,0.082013,0.096341,0.05308,0.487136,0.144859
AAGTTTATGGGCCCAA-1,0.000024,0.065526,0.062177,0.115173,0.000024,0.050294,0.004987,0.070421,0.022939,0.462927,0.05718,0.088327
AATAACAACGCTCGGC-1,0.000039,0.000039,0.163787,0.261685,0.000039,0.000039,0.000039,0.269487,0.012858,0.270218,0.007696,0.014076
AATAACACTAGAACAA-1,0.000027,0.105704,0.1924,0.103228,0.003277,0.047625,0.002138,0.010386,0.066945,0.353999,0.080267,0.034003
AATAACGTCGCGCCCA-1,0.000009,0.113905,0.000009,0.000009,0.008639,0.456516,0.035524,0.001887,0.053808,0.005527,0.08686,0.237308
AATAAGTCCTCGAGAC-1,0.000031,0.023436,0.000031,0.116896,0.003108,0.06829,0.010231,0.105935,0.315549,0.031084,0.305724,0.019684
AATACAATGTTTCAGG-1,0.268946,0.000079,0.651233,0.042494,0.000079,0.000079,0.000079,0.036694,0.000079,0.000079,0.000079,0.000079
AATACCGGAGGGCTGT-1,0.74209,0.00007,0.056927,0.16071,0.039717,0.00007,0.00007,0.00007,0.00007,0.00007,0.00007,0.00007
AATACCTGATGTGAAC-1,0.000018,0.174551,0.000018,0.03635,0.184049,0.417312,0.070347,0.04223,0.000018,0.047101,0.012462,0.015547
AATAGAACAGAGTGGC-1,0.000029,0.032457,0.23696,0.198985,0.000029,0.058751,0.007247,0.103825,0.005698,0.253609,0.017455,0.084955
AATAGAATCTGTTTCA-1,0.000027,0.002322,0.006183,0.025045,0.150219,0.144096,0.105462,0.141024,0.313554,0.023594,0.04169,0.046787
AATAGGCACGACCCTT-1,0.364015,0.543153,0.000018,0.000018,0.000018,0.007919,0.000018,0.000018,0.000018,0.000018,0.000018,0.08477
AATAGTCCGTCCCGAC-1,0.030254,0.00004,0.196545,0.309444,0.00004,0.016116,0.038066,0.256367,0.006953,0.145043,0.000082,0.001048
AATAGTCGCGAGTCGG-1,0.760966,0.000065,0.134495,0.000039,0.009214,0.000039,0.067734,0.000039,0.006461,0.014,0.006909,0.000039
AATATCAAGGTCGGAT-1,0.01543,0.017415,0.100476,0.043562,0.022265,0.01197,0.260333,0.117069,0.02431,0.19184,0.066982,0.128347
AATATCCTAGCAAACT-1,0.475238,0.34714,0.125136,0.000056,0.000056,0.000056,0.000056,0.000056,0.040222,0.000056,0.000056,0.011871
AATATTGGAGTATTGA-1,0.00006,0.013967,0.331334,0.033652,0.025003,0.075276,0.019233,0.04003,0.141912,0.302269,0.010288,0.006977
AATCAGACTGCAGGAC-1,0.000015,0.015,0.001761,0.000015,0.000015,0.302968,0.001996,0.005544,0.041396,0.053171,0.044395,0.533723
AATCAGGTTTCATTTA-1,0.255425,0.414199,0.021022,0.000032,0.000032,0.044825,0.039077,0.000032,0.124878,0.012292,0.046158,0.042029
AATCATGTAAAGACTC-1,0.000025,0.000025,0.023055,0.007919,0.062097,0.001084,0.029386,0.023758,0.571441,0.008068,0.236884,0.036258
AATCCAAGGGCCTGAG-1,0.007641,0.055274,0.000471,0.000012,0.024706,0.000398,0.065103,0.053182,0.017134,0.22354,0.185535,0.367004
AATCCATGCAAGGGTG-1,0.000015,0.019221,0.065475,0.000015,0.000015,0.128433,0.004588,0.009205,0.022648,0.030925,0.016499,0.702961
AATCCCGCTCAGAGCC-1,0.130797,0.298318,0.180696,0.012251,0.13326,0.036562,0.013223,0.008401,0.003325,0.05149,0.016901,0.114777
AATCGAGGTCTCAAGG-1,0.000011,0.137337,0.045204,0.000011,0.000011,0.516193,0.002248,0.047434,0.004466,0.063462,0.009719,0.173905
AATCGCCTCAGCGCCA-1,0.00004,0.093551,0.020746,0.060743,0.0694,0.01339,0.099078,0.014357,0.23419,0.108333,0.141426,0.144744
AATCGGGACACTACGA-1,0.000014,0.00017,0.000014,0.000014,0.000014,0.049875,0.103928,0.015679,0.12014,0.010397,0.101746,0.598009
AATCGGTATAGCCCTC-1,0.003822,0.018605,0.006561,0.051573,0.303751,0.353424,0.04186,0.152737,0.02156,0.008601,0.000252,0.037255
AATCGTGAGCCGAGCA-1,0.010254,0.039917,0.104515,0.171864,0.000031,0.016854,0.195197,0.336747,0.000549,0.112685,0.000031,0.011356
AATCTAGGTTTACTTG-1,0.748132,0.000076,0.251112,0.000076,0.000076,0.000076,0.000076,0.000076,0.000076,0.000076,0.000076,0.000076
AATCTCTACTGTGGTT-1,0.332843,0.14269,0.265024,0.042168,0.000065,0.037482,0.000065,0.049151,0.000065,0.06861,0.000065,0.061771
AATCTGCGTTGGGACG-1,0.000096,0.000096,0.000096,0.769563,0.083978,0.000096,0.000096,0.000096,0.000096,0.000269,0.101898,0.043621
AATCTGGCTTTCTAGT-1,0.63545,0.000084,0.363706,0.000084,0.000084,0.000084,0.000084,0.000084,0.000084,0.000084,0.000084,0.000084
AATGACAGCAATGTCT-1,0.083623,0.25498,0.029742,0.028861,0.103208,0.000034,0.005939,0.000034,0.039492,0.058106,0.383707,0.012274
AATGACGTAGGATGTC-1,0.000016,0.000016,0.000016,0.000016,0.000084,0.050897,0.064883,0.103753,0.48535,0.003615,0.019145,0.272207
AATGACTGTCAGCCGG-1,0.000026,0.00433,0.04453,0.015093,0.000026,0.014696,0.070576,0.171427,0.024753,0.57094,0.00582,0.077781
AATGAGTTCGCATATG-1,0.000024,0.294871,0.066025,0.000024,0.003293,0.000024,0.000024,0.000024,0.018424,0.05197,0.40363,0.161665
AATGCAACCGGGTACC-1,0.000026,0.000026,0.035346,0.035047,0.003813,0.040569,0.114103,0.422156,0.181464,0.012572,0.027644,0.127235
AATGGTCCACCGTTCA-1,0.228462,0.000063,0.465251,0.075015,0.230769,0.000063,0.000063,0.000063,0.000063,0.000063,0.000063,0.000063
AATGGTTCTCACAAGC-1,0.045034,0.119141,0.055335,0.000013,0.003107,0.011836,0.02026,0.003911,0.048207,0.271319,0.08165,0.340188
AATGTATGGCACTGTA-1,0.99939,0.000055,0.000055,0.000055,0.000055,0.000055,0.000055,0.000055,0.000055,0.000055,0.000055,0.000055
AATGTGCCCGAGGTGT-1,0.20213,0.000086,0.419857,0.011907,0.00649,0.000086,0.07001,0.008715,0.122002,0.145086,0.000086,0.013543
AATGTGCTAATCTGAG-1,0.735069,0.000075,0.241815,0.000075,0.000075,0.000075,0.000075,0.000075,0.022445,0.000075,0.000075,0.000075
AATGTTAAGACCCTGA-1,0.027395,0.206032,0.00207,0.062142,0.033818,0.333587,0.086981,0.089426,0.017055,0.10808,0.017033,0.016381
AATGTTGTCGTGAGAC-1,0.000018,0.009515,0.000018,0.006255,0.020467,0.228766,0.091432,0.017141,0.21862,0.026836,0.211533,0.169398
AATTAAAGGTCGGCGT-1,0.000021,0.000021,0.082492,0.003428,0.035461,0.000021,0.259695,0.196578,0.212097,0.077448,0.014663,0.118074
AATTAACGGATTTCCA-1,0.000015,0.02407,0.001575,0.000659,0.009058,0.008182,0.348956,0.102186,0.037346,0.198284,0.059477,0.210191
AATTACGAGACCCATC-1,0.610694,0.140682,0.070678,0.000079,0.000079,0.101736,0.000079,0.075654,0.000079,0.000079,0.000079,0.000079
AATTACTCGTACGCTC-1,0.041142,0.359197,0.00002,0.00002,0.00002,0.051022,0.00002,0.00002,0.11211,0.046766,0.038929,0.350733
AATTAGCGCTGCAGCG-1,0.000018,0.186889,0.000018,0.001614,0.000018,0.00524,0.272871,0.053078,0.074885,0.336994,0.041726,0.026648
AATTATACCCAGCAAG-1,0.042417,0.173993,0.076467,0.038614,0.085241,0.336614,0.051201,0.053148,0.000754,0.101494,0.00566,0.034398
AATTCATTGTCATGCA-1,0.640929,0.346343,0.000051,0.000051,0.000051,0.012267,0.000051,0.000051,0.000051,0.000051,0.000051,0.000051
AATTCCAACTTGGTGA-1,0.062346,0.158599,0.071211,0.389152,0.000025,0.242368,0.000025,0.072909,0.000025,0.00329,0.000025,0.000025
AATTCCAAGCATGTAC-1,0.000029,0.085512,0.125819,0.050598,0.040981,0.010246,0.019346,0.04222,0.098774,0.06172,0.194631,0.270124
AATTCGATTCGAGGAT-1,0.000052,0.000052,0.133542,0.111516,0.000052,0.000052,0.034753,0.487916,0.021687,0.161212,0.020291,0.028877
AATTCTAGAGTTAGGC-1,0.000038,0.000038,0.030106,0.162618,0.006673,0.004203,0.079139,0.427495,0.016707,0.245703,0.024502,0.00278
AATTGAACGCTCTGGT-1,0.000023,0.010548,0.000023,0.058021,0.330098,0.084219,0.112179,0.02583,0.201071,0.008702,0.017794,0.151491
AATTGCAGCAATCGAC-1,0.000012,0.069853,0.000012,0.000012,0.002274,0.07965,0.032401,0.004384,0.091858,0.017164,0.368895,0.333487
AATTGCGTGGATTACA-1,0.943797,0.000068,0.000068,0.05552,0.000068,0.000068,0.000068,0.000068,0.000068,0.000068,0.000068,0.000068
AATTGTGGTTGCCAAA-1,0.00003,0.00003,0.00003,0.669283,0.096198,0.147083,0.003341,0.00003,0.083889,0.00003,0.00003,0.00003
AATTTGGTTCCAAAGA-1,0.000033,0.000033,0.000033,0.034669,0.003104,0.000033,0.026631,0.547156,0.366611,0.002013,0.002722,0.016964
ACAAACCATGCGTCCT-1,0.709039,0.013025,0.000069,0.134461,0.142922,0.000069,0.000069,0.000069,0.000069,0.000069,0.000069,0.000069
ACAAACCGACAAGGCG-1,0.000041,0.003376,0.000041,0.663672,0.032602,0.134817,0.000041,0.007004,0.086106,0.016653,0.055607,0.000041
ACAAACTCCATCAGAG-1,0.119098,0.713551,0.053761,0.000014,0.005724,0.02623,0.000014,0.000014,0.000014,0.003071,0.001755,0.076753
ACAAAGAAGGTAGGCC-1,0.47038,0.21757,0.222884,0.000049,0.000049,0.000049,0.000049,0.000049,0.000049,0.045118,0.000049,0.043705
ACAAAGCATGACCTAG-1,0.008456,0.022635,0.051419,0.013881,0.055035,0.10953,0.262776,0.045744,0.078104,0.101147,0.063636,0.187636
ACAAATCGCACCGAAT-1,0.000016,0.014741,0.000016,0.004933,0.167381,0.119641,0.302904,0.030087,0.105061,0.024245,0.094194,0.13678
ACAAATGGTAGTGTTT-1,0.000036,0.000036,0.013596,0.084106,0.137435,0.001756,0.119167,0.066759,0.427331,0.047013,0.037409,0.065356
ACAACAGCATGAGCTA-1,0.000018,0.005451,0.002719,0.000027,0.13453,0.066728,0.019136,0.016333,0.348233,0.03638,0.136747,0.233699
ACAACGGTCCCTGCGA-1,0.000035,0.00687,0.254463,0.062595,0.000035,0.067276,0.024005,0.270742,0.053605,0.161375,0.043948,0.05505
ACAAGCAGTGCCTAGC-1,0.051594,0.046711,0.032033,0.02244,0.267453,0.000061,0.013721,0.005943,0.063122,0.112074,0.191148,0.193702
ACAAGCTATATGGAAG-1,0.761125,0.000092,0.113927,0.099512,0.000092,0.000092,0.000092,0.0247,0.000092,0.000092,0.000092,0.000092
ACAAGGAAATCCGCCC-1,0.000051,0.000051,0.010858,0.319192,0.000051,0.000051,0.000621,0.633683,0.030996,0.004347,0.000051,0.000051
ACAAGGACAAGAGGTT-1,0.002356,0.000029,0.131502,0.127051,0.313942,0.029472,0.009193,0.240247,0.012742,0.0934,0.023913,0.016152
ACAAGGATGCTTTAGG-1,0.000022,0.029684,0.023185,0.07223,0.000022,0.050846,0.324861,0.120399,0.054641,0.197354,0.108728,0.018028
ACAAGGGCAGGCTCTG-1,0.04796,0.059699,0.033509,0.001443,0.141567,0.018225,0.064469,0.038484,0.310344,0.018507,0.045153,0.220639
ACAAGTAATTGTAAGG-1,0.918234,0.000068,0.081084,0.000068,0.000068,0.000068,0.000068,0.000068,0.000068,0.000068,0.000068,0.000068
ACAATAGTCGTACGTT-1,0.308211,0.000074,0.57155,0.000074,0.119575,0.000074,0.000074,0.000074,0.000074,0.000074,0.000074,0.000074
ACAATCCATTTAAACC-1,0.000034,0.024013,0.153936,0.098714,0.000034,0.047391,0.009758,0.26153,0.077175,0.187821,0.001904,0.13769
ACAATCGATCTTTATA-1,0.000026,0.046347,0.000026,0.042,0.000026,0.354838,0.07894,0.044722,0.06237,0.02862,0.101965,0.240121
ACAATGAATACGGAGA-1,0.392612,0.000066,0.16774,0.000877,0.438241,0.000066,0.000066,0.000066,0.000066,0.000066,0.000066,0.000066
ACAATTGTGTCTCTTT-1,0.000024,0.021457,0.000024,0.076718,0.039064,0.033743,0.020922,0.048755,0.499059,0.005925,0.245274,0.009035
ACAATTTAGGAGGCTC-1,0.647786,0.000092,0.059002,0.217623,0.074855,0.000092,0.000092,0.000092,0.000092,0.000092,0.000092,0.000092
ACAATTTGAGCAGTGG-1,0.000068,0.000068,0.000068,0.857347,0.123276,0.000068,0.000068,0.000068,0.018763,0.000068,0.000068,0.000068
ACACAAAGACGGGTGG-1,0.006284,0.026801,0.017424,0.261993,0.091566,0.016741,0.033893,0.172664,0.030229,0.226143,0.024745,0.091516
ACACACCAGGACCAGT-1,0.000033,0.000033,0.062858,0.014703,0.121655,0.001585,0.00862,0.006013,0.671448,0.068208,0.038462,0.00638
ACACACTTTCTACACG-1,0.000028,0.024817,0.000028,0.000028,0.046864,0.015162,0.038121,0.023165,0.237034,0.000028,0.170643,0.444082
ACACATGATCAAATCT-1,0.770853,0.000088,0.021711,0.206647,0.000088,0.000088,0.000088,0.000088,0.000088,0.000088,0.000088,0.000088
ACACATTGACGCAACA-1,0.023873,0.335138,0.015157,0.10675,0.00002,0.113776,0.002245,0.083588,0.041931,0.165628,0.039609,0.072284
ACACATTTCCGTAGAC-1,0.08209,0.186666,0.025275,0.06651,0.048918,0.219888,0.054889,0.144885,0.028836,0.054658,0.024061,0.063324
ACACCCAGCATGCAGC-1,0.023102,0.113901,0.012977,0.063395,0.078994,0.000025,0.620963,0.005057,0.013185,0.050265,0.015958,0.002177
ACACCCGAGAAATCCG-1,0.019633,0.006098,0.047453,0.063317,0.000041,0.035127,0.061341,0.191849,0.13523,0.432869,0.000041,0.007
ACACCGAGCGCTCTTT-1,0.410505,0.215901,0.020925,0.173674,0.160815,0.000055,0.000055,0.000055,0.000055,0.01785,0.000055,0.000055
ACACCGGTCTGACCGC-1,0.634993,0.364417,0.000059,0.000059,0.000059,0.000059,0.000059,0.000059,0.000059,0.000059,0.000059,0.000059
ACACCTTAAGTAGGGC-1,0.021854,0.058351,0.003792,0.0554,0.332474,0.000041,0.202876,0.250038,0.000041,0.057625,0.008257,0.00925
ACACGAGACTCCTTCT-1,0.008295,0.00003,0.055426,0.021404,0.089294,0.01869,0.344398,0.020841,0.196971,0.11744,0.115265,0.011945
ACACGGCACTATGCAT-1,0.000036,0.080349,0.000036,0.04819,0.034369,0.058218,0.031592,0.037657,0.374028,0.083825,0.170886,0.080815
ACACGGGAACTTAGGG-1,0.000035,0.008469,0.000035,0.102418,0.298666,0.035353,0.052496,0.050327,0.267368,0.017686,0.079597,0.087549
ACACGTAGGCCACAAG-1,0.010182,0.000038,0.000038,0.111141,0.330994,0.000038,0.154132,0.000038,0.382836,0.009607,0.000038,0.000918
ACACTCCAATGTCACT-1,0.138145,0.255878,0.020633,0.000024,0.466645,0.000031,0.038421,0.000024,0.000024,0.022137,0.014689,0.04335
ACACTGATCAAGGTGT-1,0.002219,0.005205,0.061617,0.009583,0.007844,0.000028,0.521131,0.009969,0.064043,0.078815,0.213866,0.02568
ACACTGGGACAGTCGT-1,0.000091,0.000091,0.000091,0.875888,0.002108,0.000091,0.004836,0.000091,0.000091,0.11644,0.000091,0.000091
ACAGAACTGAGAACAA-1,0.323302,0.00009,0.574697,0.016281,0.013524,0.00009,0.00009,0.071568,0.00009,0.00009,0.00009,0.00009
ACAGATTAGGTTAGTG-1,0.000021,0.000021,0.000021,0.000021,0.024799,0.000021,0.075334,0.019695,0.087565,0.027073,0.037435,0.727994
ACAGCATAGAGCCAGT-1,0.000053,0.000053,0.047186,0.196706,0.005074,0.065882,0.277118,0.221065,0.098999,0.02955,0.012958,0.045356
ACAGCGACATTCTCAT-1,0.00004,0.00004,0.00004,0.013896,0.13587,0.014109,0.058309,0.052138,0.452823,0.111296,0.022476,0.138962
ACAGCGCACCCGCAGC-1,0.024187,0.000091,0.029624,0.849459,0.053275,0.000091,0.000091,0.042816,0.000091,0.000091,0.000091,0.000091
ACAGGCACGGATCCTT-1,0.028635,0.021973,0.001042,0.056578,0.056725,0.112141,0.30594,0.049693,0.040046,0.188001,0.05027,0.088957
ACAGGCTTGCCCGACT-1,0.000059,0.000059,0.000059,0.436717,0.305069,0.000059,0.150688,0.077526,0.003221,0.024159,0.000059,0.002327
ACAGGTGGAGGTGAGG-1,0.003159,0.000049,0.178539,0.290219,0.142127,0.009299,0.000049,0.253777,0.005679,0.064632,0.00879,0.043682
ACAGGTGTGTTGTTGC-1,0.485682,0.08316,0.191658,0.06152,0.000054,0.158358,0.000054,0.019296,0.000054,0.000054,0.000054,0.000054
ACAGTAATACAACTTG-1,0.56887,0.067755,0.006307,0.000034,0.201587,0.000034,0.073723,0.000034,0.000034,0.028352,0.023926,0.029346
ACATAAGTCGTGGTGA-1,0.791505,0.000111,0.207381,0.000111,0.000111,0.000111,0.000111,0.000111,0.000111,0.000111,0.000111,0.000111
ACATAATAAGGCGGTG-1,0.000036,0.000036,0.002392,0.037228,0.21506,0.071037,0.049912,0.396874,0.166989,0.017725,0.037175,0.005536
ACATACAATCAAGCGG-1,0.0428,0.076463,0.032555,0.002858,0.113354,0.069428,0.234533,0.099077,0.026733,0.087274,0.036019,0.178907
ACATCAGCTGGGACGC-1,0.382134,0.000053,0.12844,0.001452,0.487553,0.000053,0.000053,0.000053,0.000053,0.000053,0.000053,0.000053
ACATCCCGGCCATACG-1,0.045408,0.019168,0.052486,0.000033,0.081037,0.000033,0.01668,0.000033,0.016314,0.354358,0.056388,0.358062
ACATCGATCGTTTACC-1,0.000049,0.000049,0.030383,0.059181,0.000049,0.011152,0.498471,0.251068,0.013034,0.048756,0.034037,0.05377
ACATCGCAATATTCGG-1,0.628706,0.25703,0.080322,0.000056,0.000056,0.033491,0.000056,0.000056,0.000056,0.000056,0.000056,0.000056
ACATCGGTCAGCCGCG-1,0.000035,0.000035,0.170948,0.013573,0.000035,0.000786,0.010927,0.268162,0.121749,0.30983,0.025237,0.078684
ACATCGTATGCAATGG-1,0.000029,0.000029,0.033713,0.058059,0.118818,0.057368,0.026446,0.390617,0.27117,0.007629,0.017451,0.018669
ACATCGTTAACCTAGT-1,0.000041,0.107857,0.000041,0.115884,0.110374,0.008269,0.120159,0.006736,0.466517,0.003781,0.060131,0.00021
ACATCTCAACGCGTAA-1,0.000019,0.237604,0.000019,0.000019,0.017279,0.097036,0.000448,0.000019,0.508122,0.00551,0.075915,0.05801
ACATGCTTACGGCAGC-1,0.961138,0.038311,0.000055,0.000055,0.000055,0.000055,0.000055,0.000055,0.000055,0.000055,0.000055,0.000055
ACATGGCTCAATTTAG-1,0.000118,0.016003,0.219268,0.203958,0.000049,0.125828,0.000419,0.394944,0.039264,0.000049,0.000049,0.000049
ACATTAGTTTATATCC-1,0.000033,0.064243,0.040195,0.006777,0.020152,0.000033,0.153551,0.282351,0.030208,0.219675,0.045359,0.137422
ACATTCGCGCGGAATA-1,0.844401,0.06408,0.001521,0.061718,0.000066,0.027818,0.000066,0.000066,0.000066,0.000066,0.000066,0.000066
ACATTTGAAACCTAAC-1,0.000007,0.203064,0.000007,0.00064,0.000007,0.388048,0.132356,0.100668,0.008227,0.087974,0.020148,0.058853
ACCAAACTAGAAATCC-1,0.000032,0.005836,0.000032,0.138456,0.000032,0.143451,0.181637,0.35708,0.157994,0.003408,0.009151,0.00289
ACCAACCGCACTCCAC-1,0.004209,0.0638,0.000276,0.062285,0.442238,0.087212,0.103387,0.178569,0.009942,0.012977,0.011208,0.023897
ACCAACGCTTATTTAT-1,0.000047,0.000047,0.32276,0.294847,0.000801,0.007272,0.047187,0.212247,0.01506,0.093083,0.006603,0.000047
ACCAAGAACGCGTGTC-1,0.000029,0.000029,0.08161,0.103559,0.000029,0.004631,0.130235,0.29184,0.022267,0.187308,0.022076,0.156386
ACCAAGTCATCGGCAG-1,0.011642,0.053236,0.003442,0.036825,0.018835,0.352672,0.025003,0.22811,0.017339,0.012162,0.10435,0.136384
ACCAATATGCAAGTTA-1,0.018709,0.015678,0.004652,0.07045,0.011977,0.069426,0.18606,0.14612,0.019519,0.082431,0.006199,0.368779
ACCACAACTCAGAACA-1,0.109341,0.000072,0.000072,0.600571,0.289437,0.000072,0.000072,0.000072,0.000072,0.000072,0.000072,0.000072
ACCACAAGTTTCTATC-1,0.000031,0.000909,0.011642,0.086924,0.029657,0.004683,0.778298,0.079475,0.000031,0.000031,0.008288,0.000031
ACCACACGGTTGATGG-1,0.050828,0.527911,0.000396,0.00001,0.001652,0.046108,0.006497,0.001905,0.018775,0.033797,0.072495,0.239626
ACCACGTGCAGCTATA-1,0.031447,0.004618,0.000665,0.000088,0.116534,0.003972,0.098173,0.162745,0.188423,0.01042,0.116184,0.266732
ACCACTGTTCAAGAAG-1,0.060055,0.332829,0.070738,0.100289,0.089936,0.066094,0.000024,0.019493,0.030957,0.023564,0.166443,0.039578
ACCAGACCATAACAAC-1,0.795355,0.070489,0.020394,0.113218,0.000068,0.000068,0.000068,0.000068,0.000068,0.000068,0.000068,0.000068
ACCAGCCCGGTCTTTG-1,0.000056,0.000056,0.000056,0.185593,0.000056,0.127464,0.069221,0.266855,0.339468,0.011065,0.000056,0.000056
ACCAGGAGTGTGATCT-1,0.00003,0.00003,0.00003,0.047085,0.00003,0.093101,0.044021,0.12927,0.075085,0.124639,0.215934,0.270745
