Barcode,Topic 1,Topic 2,Topic 3to4,Topic 5,Topic 6to7,Topic 8,Topic 9
AAACAACGAATAGTTC-1,0.000079,0.147102,0.000158,0.128,0.000158,0.636487,0.088015
AAACAAGTATCTCCCA-1,0.000043,0.033387,0.518572,0.133466,0.313978,0.000043,0.00051
AAACAATCTACTAGCA-1,0.000127,0.432098,0.000255,0.063512,0.000255,0.503625,0.000128
AAACACCAATAACTGC-1,0.000039,0.034864,0.921607,0.005595,0.026321,0.011535,0.000039
AAACAGAGCGACTCCT-1,0.000022,0.000022,0.008867,0.086949,0.620843,0.000022,0.283276
AAACAGCTTTCAGAAG-1,0.000047,0.043707,0.056282,0.129715,0.540886,0.229315,0.000047
AAACAGGGTCTATATT-1,0.000032,0.024208,0.091686,0.184512,0.472049,0.217878,0.009635
AAACAGTGTTCCTGGG-1,0.000029,0.026764,0.929098,0.000029,0.000059,0.043752,0.000269
AAACATGGTGAGAGGA-1,0.000035,0.003052,0.996736,0.000035,0.000071,0.000035,0.000035
AAACATTTCCCGGATT-1,0.000049,0.000049,0.908103,0.000049,0.000099,0.000049,0.091601
AAACCACTACACAGAT-1,0.000041,0.704856,0.063244,0.119803,0.000081,0.111935,0.000041
AAACCCGAACGAAATC-1,0.000032,0.33813,0.627708,0.000099,0.000065,0.000032,0.033934
AAACCGGAAATGTTAA-1,0.000042,0.740586,0.193195,0.057013,0.00908,0.000042,0.000042
AAACCGGGTAGGTACC-1,0.000044,0.000044,0.000088,0.044661,0.89789,0.000044,0.05723
AAACCGTTCGTCCAGG-1,0.000111,0.000111,0.000222,0.192452,0.507771,0.299221,0.000111
AAACCTAAGCAGCCGG-1,0.000053,0.000053,0.421699,0.000208,0.153212,0.200496,0.22428
AAACCTCATGAAGTTG-1,0.000043,0.000043,0.000085,0.167914,0.831831,0.000043,0.000043
AAACGAAGAACATACC-1,0.000072,0.000072,0.038781,0.17793,0.115723,0.097646,0.569775
AAACGAAGATGGAGTA-1,0.000042,0.000042,0.996532,0.000042,0.003258,0.000042,0.000042
AAACGACAGTCTTGCC-1,0.000037,0.31249,0.124423,0.538471,0.01152,0.013023,0.000037
AAACGAGACGGTTGAT-1,0.000111,0.000111,0.082737,0.000111,0.650071,0.251795,0.015063
AAACGCCCGAGATCGG-1,0.000037,0.37412,0.000074,0.512951,0.000074,0.112706,0.000037
AAACGCTGGGCACGAC-1,0.000043,0.613571,0.375339,0.000043,0.000087,0.000043,0.010874
AAACGGGCGTACGGGT-1,0.000055,0.1287,0.696258,0.023496,0.056853,0.057785,0.036853
AAACGGGTTGGTATCC-1,0.000068,0.023418,0.000137,0.496446,0.021596,0.382418,0.075917
AAACGGTTGCGAACTG-1,0.000035,0.000035,0.019662,0.013626,0.822806,0.064703,0.079134
AAACGTGTTCGCCCTA-1,0.000048,0.69858,0.245693,0.028897,0.000096,0.026638,0.000048
AAACTAACGTGGCGAC-1,0.00012,0.658094,0.00024,0.00012,0.00024,0.341065,0.00012
AAACTCGGTTCGCAAT-1,0.000131,0.000131,0.103715,0.000131,0.551916,0.343844,0.000131
AAACTCGTGATATAAG-1,0.000031,0.233261,0.681088,0.018321,0.017793,0.000031,0.049474
AAACTGCTGGCTCCAA-1,0.000153,0.000153,0.0592,0.157478,0.462418,0.320445,0.000153
AAACTTAATTGCACGC-1,0.000053,0.055008,0.924384,0.000053,0.000105,0.000053,0.020344
AAACTTGCAAACGTAT-1,0.000124,0.000124,0.000247,0.22402,0.455671,0.319691,0.000124
AAAGAATGACCTTAGA-1,0.000047,0.35629,0.609493,0.000047,0.0192,0.014876,0.000047
AAAGAATGTGGACTAA-1,0.000045,0.363894,0.558951,0.000045,0.00009,0.000045,0.076931
AAAGACATGAAGTTTA-1,0.000051,0.000051,0.030297,0.515745,0.221507,0.040754,0.191595
AAAGACCCAAGTCGCG-1,0.000166,0.000166,0.068304,0.160759,0.353959,0.000166,0.416479
AAAGACTGGGCGCTTT-1,0.000109,0.000109,0.000218,0.209622,0.471067,0.119948,0.198928
AAAGCTTGCCTACATA-1,0.00003,0.378738,0.552717,0.016419,0.00006,0.00003,0.052007
AAAGGCCCTATAATAC-1,0.000055,0.172942,0.723042,0.000055,0.00011,0.075124,0.028673
AAAGGCTACGGACCAT-1,0.000113,0.000113,0.000226,0.094689,0.548272,0.356473,0.000113
AAAGGCTCTCGCGCCG-1,0.000289,0.000289,0.000578,0.000289,0.321379,0.676889,0.000289
AAAGGGATGTAGCAAG-1,0.000067,0.000067,0.160657,0.168033,0.349762,0.047807,0.273607
AAAGGGCAGCTTGAAT-1,0.000065,0.000065,0.072737,0.022125,0.638344,0.000065,0.266599
AAAGGTAAGCTGTACC-1,0.000113,0.217669,0.111278,0.062767,0.056361,0.457539,0.094272
AAAGGTCAACGACATG-1,0.000064,0.475688,0.062353,0.10564,0.035528,0.320664,0.000064
AAAGTAGCATTGCTCA-1,0.000107,0.000107,0.000214,0.093941,0.894342,0.011184,0.000107
AAAGTCACTGATGTAA-1,0.000184,0.000184,0.000368,0.143066,0.199145,0.649217,0.007835
AAAGTCGACCCTCAGT-1,0.000046,0.016103,0.015282,0.406317,0.555225,0.00698,0.000046
AAAGTGCCATCAATTA-1,0.000038,0.462012,0.537758,0.000038,0.000077,0.000038,0.000038
AAAGTGTGATTTATCT-1,0.000076,0.000076,0.097522,0.000076,0.451537,0.000076,0.450636
AAAGTTGACTCCCGTA-1,0.000082,0.000082,0.278702,0.000082,0.338944,0.127981,0.254128
AAATAACCATACGGGA-1,0.000042,0.000042,0.100813,0.003716,0.664507,0.000042,0.230839
AAATAAGGTAGTGCCC-1,0.000043,0.649788,0.142308,0.000043,0.000086,0.000142,0.207591
AAATACCTATAAGCAT-1,0.000104,0.000104,0.000208,0.054735,0.59315,0.351596,0.000104
AAATAGCTTAGACTTT-1,0.000072,0.157379,0.613043,0.058403,0.000184,0.170845,0.000072
AAATAGGGTGCTATTG-1,0.000122,0.000122,0.000244,0.000122,0.605199,0.39407,0.000122
AAATCACTCCTAAACG-1,0.000044,0.825534,0.012652,0.014812,0.000088,0.023828,0.123042
AAATCCGATACACGCC-1,0.000037,0.06417,0.483219,0.24322,0.06142,0.147896,0.000037
AAATCGCGGAAGGAGT-1,0.000076,0.116449,0.850034,0.000076,0.000152,0.000076,0.033137
AAATCGTGTACCACAA-1,0.000071,0.000071,0.000142,0.052801,0.756857,0.000071,0.189988
AAATCTAGCCCTGCTA-1,0.000042,0.101863,0.832721,0.000042,0.029102,0.027097,0.009132
AAATCTGCCCGCGTCC-1,0.000044,0.576002,0.398932,0.016024,0.000088,0.008866,0.000044
AAATGACTGATCAAAC-1,0.000023,0.29608,0.6446,0.050676,0.001026,0.000063,0.007532
AAATGATTCGATCAGC-1,0.000062,0.344834,0.276347,0.000062,0.000124,0.015313,0.363256
AAATGCTCGTTACGTT-1,0.000076,0.000077,0.000153,0.196609,0.621276,0.000077,0.181733
AAATGGCATGTCTTGT-1,0.000066,0.000066,0.08772,0.17032,0.52478,0.000066,0.216982
AAATGGCCCGTGCCCT-1,0.000079,0.039077,0.089067,0.235747,0.425546,0.210407,0.000079
AAATGGTCAATGTGCC-1,0.000071,0.000071,0.000143,0.132625,0.462648,0.042956,0.361486
AAATGTATCTTATCCC-1,0.000075,0.046493,0.034977,0.160788,0.626486,0.127424,0.003757
AAATGTGGGTGCTCCT-1,0.000026,0.000036,0.000052,0.792847,0.000081,0.092565,0.114392
AAATTAACGGGTAGCT-1,0.000085,0.000085,0.027127,0.010844,0.418408,0.015697,0.527755
AAATTAATAAGCGCGA-1,0.000052,0.047712,0.000104,0.192962,0.623671,0.135446,0.000052
AAATTACACGACTCTG-1,0.000042,0.000042,0.055619,0.137282,0.477103,0.025923,0.303989
AAATTACCTATCGATG-1,0.000073,0.000073,0.076943,0.000073,0.570442,0.27144,0.080955
AAATTCCAGGTCCAAA-1,0.000037,0.415397,0.377337,0.026376,0.0109,0.000549,0.169405
AAATTGATAGTCCTTT-1,0.000179,0.000179,0.071692,0.015463,0.303487,0.335887,0.273112
AAATTGCGGCGGTTCT-1,0.000075,0.000075,0.000151,0.215927,0.291927,0.097858,0.393987
AAATTGGTGAGAAGCA-1,0.000109,0.841735,0.017499,0.000109,0.000219,0.140219,0.000109
AAATTTACCGAAATCC-1,0.00005,0.005352,0.018742,0.441666,0.318563,0.070212,0.145415
AAATTTGCGGGTGTGG-1,0.000117,0.000117,0.000234,0.000117,0.460547,0.181659,0.357209
AACAACTGGTAGTTGC-1,0.000149,0.005204,0.062046,0.002969,0.160157,0.437404,0.332071
AACAATACATTGTCGA-1,0.000095,0.000095,0.042446,0.000095,0.429044,0.528131,0.000095
AACAATTACTCTACGC-1,0.000136,0.000136,0.000273,0.000136,0.397902,0.124843,0.476572
AACACACGCTCGCCGC-1,0.000063,0.000063,0.079898,0.008142,0.289922,0.190198,0.431713
AACACGACTGTACTGA-1,0.000092,0.000092,0.022102,0.10296,0.000185,0.085092,0.789476
AACACGAGACGCGGCC-1,0.00017,0.00017,0.063849,0.209495,0.29696,0.429188,0.00017
AACACGCGGCCGCGAA-1,0.00008,0.149242,0.00016,0.158156,0.00016,0.58848,0.103723
AACAGCTGTGTGGCAA-1,0.000196,0.000196,0.183717,0.000196,0.181307,0.634193,0.000196
AACAGGAAATCGAATA-1,0.000044,0.000044,0.007159,0.022129,0.754565,0.000044,0.216016
AACAGGATGGGCCGCG-1,0.000154,0.000154,0.080005,0.081135,0.379194,0.282397,0.176961
AACAGGTAGTATGGAT-1,0.000033,0.007811,0.761743,0.144416,0.057964,0.000033,0.027999
AACATAGCGTGTATCG-1,0.000041,0.336513,0.615726,0.025136,0.01831,0.000489,0.003786
AACATATCAACTGGTG-1,0.000051,0.029194,0.164197,0.047793,0.384805,0.175071,0.198889
AACATCGATACGTCTA-1,0.000062,0.228441,0.562139,0.000062,0.000123,0.000062,0.209112
AACATTGAAGTTGATC-1,0.000055,0.025082,0.954176,0.020465,0.000111,0.000055,0.000055
AACATTGGTCAGCCGT-1,0.000102,0.021762,0.02346,0.229135,0.078618,0.260816,0.386107
AACATTGTGACTCGAG-1,0.000122,0.000122,0.030322,0.010993,0.559336,0.357352,0.041753
AACCAAGACTTCTCTG-1,0.00006,0.00006,0.000119,0.270184,0.707666,0.00006,0.021852
AACCAGTATCACTCTT-1,0.000054,0.035194,0.083211,0.625078,0.110916,0.145492,0.000056
AACCATAGGGTTGAAC-1,0.000082,0.199825,0.734579,0.016237,0.049113,0.000082,0.000082
AACCATGGGATCGCTA-1,0.000109,0.062086,0.000218,0.032385,0.745842,0.060799,0.098561
AACCCAGAGACGGAGA-1,0.000245,0.000245,0.11724,0.000245,0.241064,0.427376,0.213584
AACCCATCCCATGATC-1,0.000052,0.000052,0.946955,0.000052,0.052783,0.000052,0.000052
AACCCGACAACCCGTG-1,0.000052,0.013989,0.370825,0.000052,0.200485,0.13318,0.281417
AACCCGAGCAGAATCG-1,0.000031,0.112209,0.887604,0.000031,0.000062,0.000031,0.000031
AACCCGATAGGGCTTC-1,0.000057,0.938356,0.002849,0.000057,0.000114,0.05851,0.000057
AACCCGCTGTATTCCA-1,0.000051,0.438228,0.428958,0.093139,0.000102,0.039471,0.000051
AACCCTACTGTCAATA-1,0.000082,0.000082,0.159694,0.00199,0.528889,0.301739,0.007524
AACCCTGGTGGAACCA-1,0.000081,0.014902,0.000161,0.27619,0.094268,0.342789,0.271608
AACCGAGCTTGGTCAT-1,0.000054,0.000054,0.000108,0.14589,0.43706,0.066925,0.349908
AACCGCTAAGGGATGC-1,0.000032,0.000032,0.019427,0.00611,0.77915,0.000189,0.19506
AACCGTTGTGTTTGCT-1,0.000083,0.000083,0.000167,0.32408,0.495937,0.094063,0.085587
AACCTAAAGCCGTCCG-1,0.00002,0.027668,0.012909,0.834055,0.116727,0.008602,0.00002
AACCTCGCTTTAGCCC-1,0.000047,0.000047,0.062243,0.082972,0.676327,0.084854,0.093508
AACCTGTCACGGAATT-1,0.000039,0.332065,0.550298,0.088989,0.000078,0.000039,0.028493
AACCTTTAAATACGGT-1,0.000211,0.000211,0.000423,0.000211,0.539991,0.45874,0.000211
AACCTTTACGACGTCT-1,0.000019,0.000019,0.000037,0.200674,0.798177,0.000019,0.001056
AACGAAAGTCGTCCCA-1,0.000027,0.000028,0.937981,0.000028,0.061547,0.000028,0.000362
AACGACCTCCTAGCCG-1,0.000038,0.453328,0.546441,0.000038,0.000077,0.000038,0.000038
AACGATAATGCCGTAG-1,0.000086,0.000086,0.000173,0.089189,0.692847,0.076189,0.141431
AACGATAGAAGGGCCG-1,0.00007,0.00007,0.008556,0.090383,0.356435,0.026967,0.517518
AACGATATGTCAACTG-1,0.000095,0.000095,0.00019,0.105044,0.391958,0.148855,0.353762
AACGCATGATCTGGGT-1,0.000095,0.000095,0.353052,0.000095,0.209017,0.154383,0.283265
AACGCGAACGGCAACA-1,0.000082,0.000082,0.000164,0.151092,0.377766,0.078341,0.392472
AACGCGACCTTGGGCG-1,0.000052,0.000052,0.04927,0.000052,0.806403,0.032969,0.111201
AACGCGGTCTCCAGCC-1,0.000043,0.000043,0.00442,0.105393,0.738359,0.000043,0.1517
AACGCTGTTGCTGAAA-1,0.000092,0.000092,0.541984,0.000164,0.288949,0.129402,0.039315
AACGGACGTACGTATA-1,0.000051,0.000051,0.171979,0.000051,0.569546,0.105273,0.153049
AACGGCCATCTCCGGT-1,0.00009,0.00009,0.048376,0.168831,0.365121,0.186336,0.231156
AACGTACTGTGGGTAC-1,0.000084,0.000085,0.000169,0.23523,0.477799,0.039262,0.247371
AACGTAGTCTACCCAT-1,0.000035,0.084404,0.077004,0.342078,0.00007,0.170229,0.32618
AACGTCAGACTAGTGG-1,0.000239,0.00024,0.000479,0.325216,0.020295,0.280168,0.373362
AACGTCATCCGGCTTG-1,0.000026,0.250283,0.729772,0.016319,0.000052,0.003522,0.000026
AACGTCGCTGCACTTC-1,0.000046,0.332436,0.61397,0.023002,0.000091,0.000046,0.030411
AACGTGATGAAGGACA-1,0.000037,0.000037,0.018884,0.309488,0.5768,0.000037,0.094717
AACGTGCGAAAGTCTC-1,0.000068,0.002431,0.000137,0.167815,0.598651,0.210875,0.020023
AACGTTATCAGCACCT-1,0.000076,0.000076,0.067686,0.175052,0.471323,0.000076,0.28571
AACGTTCTACCATTGT-1,0.000033,0.411826,0.442438,0.000033,0.000066,0.000033,0.145571
AACTACCCGTTTGTCA-1,0.000043,0.509911,0.405626,0.018056,0.000253,0.008568,0.057543
AACTAGCGTATCGCAC-1,0.000103,0.07705,0.000207,0.005914,0.000207,0.461039,0.45548
AACTAGGCTTGGGTGT-1,0.000354,0.000354,0.000708,0.000354,0.509089,0.488787,0.000354
AACTCAAGTTAATTGC-1,0.000162,0.000162,0.000324,0.000162,0.041243,0.479072,0.478874
AACTCCAGAGCGTGTT-1,0.000082,0.000082,0.76256,0.000082,0.094082,0.011859,0.131253
AACTCCTAATCCCATG-1,0.000061,0.013128,0.17373,0.129633,0.126592,0.415114,0.141743
AACTCGATAAACACGT-1,0.000032,0.000032,0.000063,0.698565,0.017269,0.000032,0.284007
AACTCGATGGCGCAGT-1,0.000044,0.000044,0.000087,0.20092,0.733131,0.000044,0.065731
AACTCTCAATAGAGCG-1,0.000044,0.000044,0.015247,0.027093,0.956364,0.001164,0.000044
AACTCTCAGTGTGCTC-1,0.000067,0.000067,0.000134,0.262282,0.737316,0.000067,0.000067
AACTGAGGTCAGCGTC-1,0.000086,0.311434,0.118648,0.328301,0.000172,0.241274,0.000086
AACTGAGTTATACTGA-1,0.000052,0.662294,0.180228,0.063243,0.094078,0.000052,0.000052
AACTGATATTAGGCCT-1,0.000084,0.000085,0.000169,0.040668,0.405813,0.000085,0.553097
AACTGGGTCCCGACGT-1,0.000072,0.000072,0.000143,0.049759,0.313176,0.013639,0.623139
AACTGGGTTCGAGCCG-1,0.000178,0.000178,0.000356,0.203983,0.120611,0.477345,0.197348
AACTGGTGTGGGCCTT-1,0.000153,0.000153,0.000305,0.000153,0.008398,0.438013,0.552825
AACTTCTGCGTCTATC-1,0.000053,0.000053,0.055615,0.108375,0.71104,0.000053,0.124811
AACTTGCCCGTATGCA-1,0.000144,0.000144,0.000288,0.041018,0.71772,0.093642,0.147043
AACTTGCGTTCTCGCG-1,0.000092,0.000092,0.000184,0.036605,0.693531,0.000092,0.269403
AACTTTACGGGAGCTT-1,0.00019,0.00019,0.139704,0.00019,0.358586,0.500949,0.00019
AACTTTAGCTGCTGAG-1,0.000117,0.103794,0.000234,0.000117,0.000234,0.28017,0.615335
AACTTTCTCGATCATG-1,0.000055,0.827239,0.172433,0.000055,0.00011,0.000055,0.000055
AAGAAAGTTTGATGGG-1,0.000034,0.225757,0.771616,0.002457,0.000068,0.000034,0.000034
AAGAAATCACCAGATT-1,0.00002,0.207739,0.736503,0.026832,0.027666,0.00002,0.001221
AAGAAGGATCAGTTAG-1,0.000056,0.000056,0.023546,0.095411,0.672638,0.011063,0.197231
AAGACATACGTGGTTT-1,0.000034,0.294252,0.705544,0.000034,0.000068,0.000034,0.000034
AAGACCAAATAACTCA-1,0.000055,0.145384,0.79358,0.000055,0.000758,0.029174,0.030995
AAGACCCAACTGAACA-1,0.00009,0.00009,0.04889,0.035331,0.366572,0.548936,0.00009
AAGACTAACCCGTTGT-1,0.000034,0.021306,0.080052,0.758033,0.073506,0.028356,0.038712
AAGACTCACGCCCACT-1,0.000018,0.000018,0.000036,0.690229,0.309662,0.000018,0.000018
AAGACTGCAAGCTACT-1,0.000091,0.000091,0.02943,0.002725,0.848118,0.080884,0.038661
AAGAGATGAATCGGTA-1,0.000106,0.000106,0.048106,0.000106,0.461113,0.000106,0.490357
AAGAGCTCTTTATCGG-1,0.000035,0.000035,0.00007,0.056348,0.887513,0.000035,0.055963
AAGAGGATGTACGCGA-1,0.000149,0.000149,0.035886,0.000149,0.65384,0.200003,0.109825
AAGAGGCATGGATCGC-1,0.000099,0.000099,0.000198,0.070358,0.690929,0.147319,0.090998
AAGAGGCCCTTTGGAA-1,0.00006,0.317984,0.631643,0.001602,0.048591,0.00006,0.00006
AAGATGGCACCGGACC-1,0.000035,0.028293,0.00007,0.08389,0.792961,0.081282,0.013468
AAGATTGGCGGAACGT-1,0.000033,0.000033,0.000065,0.040026,0.888512,0.003428,0.067904
AAGCACCCTGCGTATC-1,0.000042,0.000042,0.025702,0.030254,0.865985,0.059598,0.018378
AAGCATACTCTCCTGA-1,0.00006,0.00006,0.092351,0.118851,0.672454,0.032643,0.083582
AAGCCACTTGCAGGTA-1,0.000056,0.372059,0.58777,0.03989,0.000112,0.000056,0.000056
AAGCCGAAGCGGTTTA-1,0.000094,0.01001,0.85444,0.000094,0.000188,0.026535,0.108638
AAGCCGCCGTGAAATC-1,0.000036,0.000036,0.981086,0.000036,0.006957,0.000036,0.011814
AAGCCGCTTTACCTTG-1,0.000035,0.474145,0.350561,0.154251,0.004081,0.000035,0.016892
AAGCCGGAGAGCAGGA-1,0.000029,0.239877,0.734397,0.006896,0.017827,0.000029,0.000944
AAGCGCAGGGCTTTGA-1,0.000039,0.000039,0.091699,0.137724,0.627682,0.035288,0.107529
AAGCGGAGTGCGCGCA-1,0.000061,0.810768,0.092615,0.000062,0.000123,0.096309,0.000061
AAGCGGCGTCATGGGT-1,0.000056,0.013445,0.000112,0.664253,0.060112,0.219166,0.042855
AAGCGTCCCTCATCGA-1,0.00008,0.00008,0.091428,0.042154,0.628774,0.146908,0.090576
AAGCTAGATCGAGTAA-1,0.000035,0.000035,0.00007,0.043971,0.95582,0.000035,0.000035
AAGCTATGGATTGACC-1,0.000025,0.131459,0.868394,0.000025,0.000049,0.000025,0.000025
AAGCTCGTGCCAAGTC-1,0.000076,0.000076,0.046949,0.000076,0.307579,0.000076,0.64517
AAGCTCTTTCATGGTG-1,0.000064,0.000064,0.176847,0.047232,0.350582,0.091827,0.333384
AAGGAGAACTTATAAG-1,0.000067,0.000067,0.000135,0.32554,0.208621,0.0135,0.45207
AAGGAGCGGTTGGTGC-1,0.00013,0.00013,0.000261,0.00013,0.268103,0.143063,0.588182
AAGGATCGATCGCTTG-1,0.000037,0.01665,0.955936,0.000037,0.027264,0.000037,0.000037
AAGGATGAGGGACCTC-1,0.000046,0.000047,0.000093,0.047215,0.838064,0.01617,0.098364
AAGGCAGGCTGTCTCC-1,0.000034,0.386639,0.609663,0.000034,0.000068,0.003529,0.000034
AAGGCGCGTAAAGCTT-1,0.000114,0.000114,0.124887,0.000114,0.000228,0.219108,0.655435
AAGGCTGTGCTCATCG-1,0.000084,0.000084,0.1556,0.000084,0.16334,0.04938,0.631427
AAGGGAACGACTGGCT-1,0.000053,0.117132,0.77291,0.033019,0.032522,0.044311,0.000053
AAGGGACAGATTCTGT-1,0.000083,0.000083,0.020975,0.000083,0.771084,0.183368,0.024322
AAGGGACTATGCATTC-1,0.000075,0.000076,0.75744,0.000076,0.06834,0.078347,0.095646
AAGGGTTAGCCATGCG-1,0.000039,0.876865,0.07858,0.000039,0.000077,0.008065,0.036336
AAGGGTTTGATTTCAG-1,0.000041,0.000041,0.862151,0.000041,0.137643,0.000041,0.000041
AAGGTATCCTAATATA-1,0.000076,0.000076,0.000151,0.01684,0.59032,0.02547,0.367067
AAGGTGATAAACCAGC-1,0.000034,0.000034,0.035914,0.002967,0.888896,0.000034,0.07212
AAGTAAGCTTCCAAAC-1,0.000059,0.000059,0.000119,0.000059,0.000119,0.512207,0.487378
AAGTAGAAGACCGGGT-1,0.000079,0.000079,0.000157,0.053855,0.3523,0.000079,0.593453
AAGTAGTGACGCGAGG-1,0.000068,0.000068,0.000136,0.095978,0.481987,0.000068,0.421695
AAGTCAATTGTCGTCA-1,0.000075,0.109083,0.530319,0.000075,0.107467,0.186171,0.066809
AAGTCTAGTAGCTGCC-1,0.000042,0.860313,0.017449,0.000042,0.000084,0.021796,0.100274
AAGTCTTCTGTGGCCT-1,0.000086,0.105356,0.391742,0.000086,0.022663,0.234912,0.245155
AAGTGACGACCGAATT-1,0.00011,0.000111,0.037179,0.234798,0.375887,0.202018,0.149896
AAGTGAGTCGGGTTTA-1,0.000067,0.000067,0.034176,0.012441,0.702259,0.078167,0.172823
AAGTGCAAAGGTAGAC-1,0.000082,0.000082,0.017744,0.277549,0.593218,0.000082,0.111244
AAGTGCCTTGACTGTA-1,0.000066,0.069533,0.824756,0.000066,0.093264,0.000066,0.012249
AAGTGCGTTAGAATCT-1,0.000106,0.000133,0.050052,0.096987,0.572053,0.280564,0.000106
AAGTGCTTCTCTATTG-1,0.000069,0.126357,0.689212,0.000069,0.066883,0.116197,0.001212
AAGTGTTTGGAGACGG-1,0.000207,0.000207,0.055278,0.000207,0.25796,0.685932,0.000207
AAGTTCACTCCAAGCT-1,0.000111,0.000111,0.077201,0.029776,0.741887,0.150802,0.000111
AAGTTCAGTCTGCGTA-1,0.000041,0.003856,0.351251,0.170493,0.163792,0.076668,0.233899
AAGTTCGGCCAACAGG-1,0.000085,0.025417,0.028409,0.276569,0.497306,0.099056,0.073157
AAGTTGTGATGTTATA-1,0.000106,0.686329,0.284983,0.000106,0.000212,0.028159,0.000106
AAGTTTACTAATGGCA-1,0.000088,0.000088,0.000176,0.360782,0.203885,0.008244,0.426737
AAGTTTATGGGCCCAA-1,0.000117,0.000117,0.065213,0.002757,0.476626,0.454991,0.000179
AATAACAACGCTCGGC-1,0.000071,0.000071,0.000142,0.177899,0.471762,0.068441,0.281614
AATAACACTAGAACAA-1,0.000259,0.001448,0.047162,0.039878,0.34935,0.561643,0.000259
AATAACGTCGCGCCCA-1,0.000013,0.236415,0.546986,0.103403,0.113157,0.000013,0.000013
AATAAGTCCTCGAGAC-1,0.000042,0.002836,0.005985,0.389901,0.512721,0.008677,0.079838
AATAATCTTCGTATCG-1,0.000043,0.81165,0.188093,0.000043,0.000086,0.000043,0.000043
AATACAATGTTTCAGG-1,0.000096,0.000096,0.00685,0.103201,0.343322,0.026158,0.520276
AATACCGGAGGGCTGT-1,0.000041,0.000041,0.827361,0.000041,0.01648,0.090155,0.06588
AATACCTGATGTGAAC-1,0.000044,0.203388,0.781162,0.000044,0.000089,0.000044,0.015228
AATAGAACAGAGTGGC-1,0.000053,0.000053,0.000107,0.105133,0.73953,0.004419,0.150705
AATAGAATCTGTTTCA-1,0.000083,0.000083,0.007416,0.000083,0.789244,0.203009,0.000083
AATAGCAAGCCTCCTG-1,0.000126,0.496058,0.028748,0.104532,0.050255,0.320154,0.000126
AATAGCTACCGCGTGC-1,0.000046,0.297919,0.474405,0.000047,0.000093,0.025406,0.202084
AATAGGCACGACCCTT-1,0.00003,0.290923,0.661732,0.047198,0.000059,0.00003,0.00003
AATAGTCCGTCCCGAC-1,0.000162,0.000162,0.010885,0.000162,0.742214,0.211931,0.034484
AATAGTCGCGAGTCGG-1,0.000116,0.000116,0.147685,0.096614,0.443631,0.303366,0.008473
AATATCAAGGTCGGAT-1,0.000169,0.046973,0.048844,0.156798,0.248664,0.464059,0.034493
AATATCCTAGCAAACT-1,0.000036,0.010864,0.867873,0.000036,0.022918,0.008724,0.08955
AATATCGAATCAATGC-1,0.000059,0.155696,0.795844,0.000059,0.048225,0.000059,0.000059
AATATCGAGGGTTCTC-1,0.00007,0.004343,0.125329,0.029606,0.659959,0.100024,0.080668
AATATTGGAGTATTGA-1,0.000175,0.000175,0.110027,0.031818,0.53637,0.243238,0.078197
AATCAGACTGCAGGAC-1,0.00009,0.00009,0.000179,0.279037,0.021765,0.240221,0.458619
AATCAGGTTTCATTTA-1,0.000056,0.060586,0.928672,0.000056,0.000112,0.01046,0.000056
AATCATGTAAAGACTC-1,0.000066,0.016701,0.773819,0.000066,0.055466,0.104988,0.048894
AATCCAAGGGCCTGAG-1,0.00012,0.00012,0.00024,0.00012,0.00024,0.132984,0.866175
AATCCATGCAAGGGTG-1,0.000054,0.000054,0.000107,0.401239,0.445534,0.020618,0.132394
AATCCCGCTCAGAGCC-1,0.000039,0.370126,0.534959,0.083353,0.000078,0.001986,0.00946
AATCGAGGTCTCAAGG-1,0.000033,0.531189,0.438498,0.030147,0.000067,0.000033,0.000033
AATCGCCTCAGCGCCA-1,0.000146,0.021358,0.000292,0.029634,0.550305,0.398119,0.000146
AATCGCGCAGAGGACT-1,0.000044,0.288899,0.678426,0.010546,0.000088,0.021952,0.000044
AATCGGGACACTACGA-1,0.000084,0.000084,0.000168,0.259636,0.292636,0.027418,0.419974
AATCGGTATAGCCCTC-1,0.000039,0.139729,0.714178,0.000039,0.000077,0.000039,0.1459
AATCGTGAGCCGAGCA-1,0.000053,0.008063,0.706747,0.000053,0.086715,0.071034,0.127335
AATCTAGGTTTACTTG-1,0.0001,0.088716,0.427801,0.0001,0.068074,0.182846,0.232362
AATCTATGCCGGAGCC-1,0.000056,0.146958,0.647418,0.030769,0.017594,0.016329,0.140876
AATCTCTACTGTGGTT-1,0.000181,0.000181,0.135602,0.165877,0.313688,0.384289,0.000181
AATCTGCGTTGGGACG-1,0.000023,0.000023,0.000045,0.049892,0.949973,0.000023,0.000023
AATCTGGCTTTCTAGT-1,0.000084,0.157122,0.21553,0.076667,0.097625,0.191246,0.261727
AATCTGGGTAGACCCT-1,0.000091,0.088399,0.144941,0.362459,0.005768,0.398251,0.000091
AATGACAGCAATGTCT-1,0.000134,0.000134,0.019525,0.159986,0.526178,0.29391,0.000134
AATGACGTAGGATGTC-1,0.000179,0.000179,0.000359,0.104557,0.569567,0.324979,0.000179
AATGACTGTCAGCCGG-1,0.000122,0.000122,0.000243,0.000122,0.077361,0.172541,0.74949
AATGAGTTCGCATATG-1,0.000109,0.000109,0.000219,0.072808,0.629646,0.084893,0.212216
AATGATGATACGCTAT-1,0.000032,0.000032,0.056721,0.088655,0.671566,0.000032,0.182961
AATGATGCGACTCCTG-1,0.000132,0.000132,0.3371,0.000132,0.213275,0.276522,0.172707
AATGCAACCGGGTACC-1,0.000058,0.000058,0.064598,0.135603,0.455795,0.010605,0.333282
AATGCACCAAGCAATG-1,0.000128,0.000129,0.000257,0.000129,0.591005,0.408223,0.000129
AATGGCCGCCAATGCG-1,0.000086,0.661722,0.154349,0.000086,0.000173,0.181666,0.001918
AATGGTCCACCGTTCA-1,0.000165,0.000165,0.000331,0.145852,0.541759,0.200395,0.111332
AATGGTTCTCACAAGC-1,0.000101,0.000101,0.000203,0.011979,0.246975,0.000101,0.740539
AATGTATGGCACTGTA-1,0.000056,0.212196,0.707518,0.000056,0.075762,0.004355,0.000056
AATGTGCCCGAGGTGT-1,0.000097,0.000097,0.143306,0.059527,0.61451,0.182367,0.000097
AATGTGCTAATCTGAG-1,0.00006,0.08712,0.821679,0.00006,0.072083,0.00006,0.018938
AATGTTAAGACCCTGA-1,0.000039,0.314569,0.635564,0.034753,0.000078,0.000039,0.014958
AATGTTGTCGTGAGAC-1,0.000059,0.444313,0.555331,0.000059,0.000119,0.000059,0.000059
AATTAAAGGTCGGCGT-1,0.000105,0.000105,0.00021,0.01386,0.228867,0.149311,0.607542
AATTAACGGATTTCCA-1,0.000053,0.000053,0.065979,0.112725,0.68384,0.060868,0.076481
AATTACGAGACCCATC-1,0.000041,0.15506,0.830668,0.000041,0.014107,0.000041,0.000041
AATTACTCGTACGCTC-1,0.000097,0.000097,0.045183,0.013503,0.571487,0.000627,0.369006
AATTAGCGCTGCAGCG-1,0.000117,0.064976,0.000235,0.342134,0.244228,0.348193,0.000117
AATTATACCCAGCAAG-1,0.000051,0.320539,0.630272,0.032126,0.000101,0.000051,0.01686
AATTCATAAGGGATCT-1,0.000027,0.000027,0.013334,0.150017,0.623405,0.000027,0.213162
AATTCATTGTCATGCA-1,0.000047,0.017965,0.98175,0.000047,0.000095,0.000047,0.000047
AATTCCAACTTGGTGA-1,0.000031,0.000031,0.036906,0.612264,0.07991,0.000031,0.270827
AATTCCAAGCATGTAC-1,0.000093,0.031176,0.000187,0.043581,0.59385,0.330347,0.000766
AATTCGATTCGAGGAT-1,0.000068,0.000068,0.149646,0.000068,0.335601,0.12124,0.39331
AATTCTAGAGTTAGGC-1,0.000142,0.000142,0.000284,0.000142,0.805634,0.193513,0.000142
AATTGAACGCTCTGGT-1,0.000142,0.000142,0.049039,0.000142,0.558393,0.365986,0.026158
AATTGCAGCAATCGAC-1,0.000059,0.238071,0.665833,0.000059,0.006878,0.000059,0.089039
AATTGCGTGGATTACA-1,0.00007,0.069006,0.902078,0.028566,0.00014,0.00007,0.00007
AATTGTGGTTGCCAAA-1,0.000027,0.427651,0.480482,0.000027,0.000053,0.000027,0.091733
AATTTGGGACATAGTA-1,0.000082,0.000083,0.015686,0.214805,0.637914,0.049958,0.081471
AATTTGGTTCCAAAGA-1,0.000085,0.000085,0.019921,0.164332,0.303072,0.000085,0.51242
ACAAACCATGCGTCCT-1,0.000039,0.146962,0.800876,0.018433,0.030509,0.000039,0.003141
ACAAACCGACAAGGCG-1,0.000043,0.000043,0.093658,0.356897,0.2933,0.03416,0.221898
ACAAACTCCATCAGAG-1,0.000031,0.202376,0.761703,0.031862,0.000062,0.000031,0.003933
ACAAAGAAGGTAGGCC-1,0.00004,0.088466,0.735828,0.019901,0.013237,0.077506,0.065022
ACAAAGCATGACCTAG-1,0.000035,0.027173,0.879878,0.000035,0.004561,0.070799,0.01752
ACAAATCGCACCGAAT-1,0.000082,0.000082,0.101177,0.000084,0.745602,0.152892,0.000082
ACAAATGGTAGTGTTT-1,0.000086,0.000086,0.018092,0.042632,0.690915,0.067779,0.18041
ACAAATTCAGATCTGA-1,0.000055,0.38551,0.099985,0.194049,0.010224,0.310121,0.000055
ACAACAGCATGAGCTA-1,0.000058,0.000058,0.000117,0.126217,0.634268,0.010648,0.228633
ACAACGGTCCCTGCGA-1,0.000075,0.000075,0.012664,0.100251,0.446101,0.000888,0.439946
ACAAGCAGTGCCTAGC-1,0.000067,0.000067,0.000134,0.159685,0.743949,0.008803,0.087296
ACAAGCTATATGGAAG-1,0.00004,0.00004,0.520841,0.003644,0.268204,0.105612,0.101618
ACAAGGAAATCCGCCC-1,0.000066,0.000066,0.066661,0.081603,0.666618,0.021075,0.16391
ACAAGGACAAGAGGTT-1,0.000081,0.043829,0.000163,0.000081,0.000163,0.134255,0.821428
ACAAGGATGCTTTAGG-1,0.000047,0.000047,0.474182,0.023505,0.333722,0.147672,0.020825
ACAAGGCCTACCAGCC-1,0.000086,0.039546,0.07711,0.172234,0.269527,0.4316,0.009896
ACAAGGGCAGGCTCTG-1,0.000082,0.000082,0.000164,0.004078,0.748541,0.082831,0.164223
ACAAGTAATTGTAAGG-1,0.000053,0.458609,0.502063,0.039062,0.000106,0.000053,0.000053
ACAATAGTCGTACGTT-1,0.000078,0.000079,0.027569,0.21884,0.735486,0.000079,0.017869
ACAATCCATTTAAACC-1,0.00008,0.00008,0.000161,0.179175,0.524879,0.096503,0.199122
ACAATCGATCTTTATA-1,0.000091,0.081053,0.000182,0.52245,0.000182,0.39595,0.000091
ACAATGAATACGGAGA-1,0.00009,0.00009,0.000179,0.04567,0.661218,0.292664,0.00009
ACAATGATTCTTCTAC-1,0.00006,0.747242,0.009001,0.096299,0.000119,0.14722,0.00006
ACAATTGTGTCTCTTT-1,0.000095,0.045318,0.384209,0.000095,0.065339,0.244079,0.260866
ACAATTTAGGAGGCTC-1,0.00019,0.00019,0.046947,0.060738,0.423879,0.467866,0.00019
ACAATTTGAGCAGTGG-1,0.00011,0.000111,0.02594,0.013186,0.848884,0.111659,0.000111
ACAATTTGGCCATATT-1,0.000058,0.75078,0.221353,0.000058,0.000116,0.000058,0.027577
ACACAAAGACGGGTGG-1,0.000091,0.000091,0.000182,0.091921,0.742208,0.101029,0.064478
ACACAAATATTCCTAG-1,0.000055,0.870591,0.061874,0.000055,0.00011,0.067259,0.000055
ACACACCAGGACCAGT-1,0.000032,0.000032,0.028804,0.021266,0.868521,0.000032,0.08131
ACACACTTTCTACACG-1,0.000081,0.000081,0.013243,0.081933,0.663695,0.001071,0.239896
ACACATGATCAAATCT-1,0.000034,0.111781,0.883448,0.000034,0.004635,0.000034,0.000034
ACACATTGACGCAACA-1,0.000074,0.000074,0.000149,0.070014,0.747833,0.085629,0.096227
ACACATTTCCGTAGAC-1,0.000055,0.091251,0.590372,0.206322,0.072885,0.000055,0.03906
ACACCACATAATTAGC-1,0.000048,0.486254,0.473325,0.000048,0.000096,0.000048,0.04018
ACACCCAGCATGCAGC-1,0.000176,0.000177,0.000353,0.000176,0.471937,0.184164,0.343016
ACACCCGAGAAATCCG-1,0.000131,0.015085,0.000262,0.000131,0.000262,0.686171,0.297959
ACACCCGTAAATCTGT-1,0.000032,0.432337,0.400316,0.089572,0.008234,0.012594,0.056914
ACACCGAGCGCTCTTT-1,0.000046,0.000046,0.107004,0.059629,0.710969,0.000046,0.122259
ACACCGGTCTGACCGC-1,0.000065,0.249625,0.718089,0.008635,0.017309,0.006213,0.000065
ACACCTTAAGTAGGGC-1,0.000158,0.000158,0.090465,0.000158,0.000315,0.19165,0.717096
ACACCTTACTACTTGC-1,0.000057,0.316614,0.590859,0.030838,0.007011,0.043504,0.011117
ACACGAGACTCCTTCT-1,0.000065,0.000065,0.000131,0.168446,0.737955,0.000065,0.093273
ACACGGCACTATGCAT-1,0.00005,0.00005,0.0001,0.322712,0.580169,0.00005,0.09687
ACACGGGAACTTAGGG-1,0.000087,0.000087,0.02153,0.000087,0.600119,0.000087,0.378001
ACACGTAGGCCACAAG-1,0.000049,0.195712,0.580449,0.107506,0.108606,0.000049,0.007628
ACACTCCAATGTCACT-1,0.000068,0.000068,0.035752,0.11831,0.737333,0.000068,0.108402
ACACTGATCAAGGTGT-1,0.00013,0.00013,0.000261,0.00013,0.342263,0.05794,0.599145
ACACTGGGACAGTCGT-1,0.000039,0.312076,0.68769,0.000039,0.000078,0.000039,0.000039
ACAGAACTGAGAACAA-1,0.000128,0.000128,0.112469,0.001143,0.430651,0.455355,0.000128
ACAGATTAGGTTAGTG-1,0.000112,0.000112,0.000224,0.239777,0.254786,0.000112,0.504876
ACAGCATAGAGCCAGT-1,0.000088,0.000088,0.000177,0.190444,0.648757,0.000088,0.160357
ACAGCGACATTCTCAT-1,0.000093,0.028,0.788986,0.000093,0.000186,0.089667,0.092974
ACAGCGCACCCGCAGC-1,0.000101,0.000101,0.000201,0.420855,0.325727,0.079255,0.173761
ACAGGAGGCGCAGCCG-1,0.000037,0.017945,0.003666,0.736613,0.168614,0.040862,0.032263
ACAGGCACGGATCCTT-1,0.000068,0.183885,0.773056,0.000068,0.000137,0.000068,0.042717
ACAGGCTTGCCCGACT-1,0.000033,0.000033,0.000066,0.150678,0.755032,0.063259,0.030898
ACAGGTGGAGGTGAGG-1,0.000139,0.00014,0.000279,0.006833,0.373892,0.302204,0.316514
ACAGGTGTGTTGTTGC-1,0.000034,0.003204,0.370858,0.150133,0.453105,0.004169,0.018497
ACAGTAATACAACTTG-1,0.000036,0.000036,0.073124,0.256149,0.607934,0.008415,0.054306
ACAGTATACCGTGGGA-1,0.000038,0.264365,0.491038,0.109393,0.010325,0.000038,0.124803
ACAGTGCAGCGCATTT-1,0.000096,0.548586,0.050811,0.063795,0.000191,0.336426,0.000096
ACATAAGTCGTGGTGA-1,0.000044,0.065346,0.878839,0.010376,0.024076,0.003755,0.017565
ACATAATAAGGCGGTG-1,0.000086,0.06626,0.000172,0.127784,0.050503,0.051426,0.70377
ACATACAATCAAGCGG-1,0.000059,0.458856,0.460309,0.037575,0.022946,0.002403,0.017852
ACATCAGCTGGGACGC-1,0.000102,0.008757,0.025402,0.30549,0.500755,0.159392,0.000102
ACATCCCGGCCATACG-1,0.000062,0.000062,0.019645,0.214448,0.759711,0.000062,0.00601
ACATCCTGGTAACTGT-1,0.000078,0.000444,0.734799,0.000078,0.000157,0.093077,0.171366
ACATCGATCGTTTACC-1,0.000183,0.011107,0.000366,0.191799,0.434479,0.232023,0.130043
ACATCGCAATATTCGG-1,0.000024,0.099826,0.90003,0.000024,0.000048,0.000024,0.000024
ACATCGGTCAGCCGCG-1,0.000116,0.000116,0.009582,0.000116,0.418018,0.104172,0.46788
ACATCGTATGCAATGG-1,0.000191,0.000191,0.021092,0.000191,0.602827,0.375315,0.000191
ACATCGTTAACCTAGT-1,0.000081,0.000081,0.000163,0.107405,0.554897,0.014068,0.323303
ACATCTCAACGCGTAA-1,0.000044,0.017954,0.000088,0.497067,0.022168,0.197178,0.2655
ACATGCTTACGGCAGC-1,0.000059,0.362012,0.590137,0.033958,0.000118,0.000059,0.013657
ACATGGCGCCAAAGTA-1,0.000102,0.300947,0.193567,0.065784,0.176253,0.263245,0.000102
ACATGGCTCAATTTAG-1,0.000054,0.000054,0.029961,0.345678,0.594555,0.000054,0.029643
ACATTAGTTTATATCC-1,0.000137,0.000137,0.000275,0.000137,0.762235,0.199878,0.0372
ACATTCGCGCGGAATA-1,0.000044,0.005286,0.938864,0.000044,0.000087,0.000044,0.055632
ACATTTGAAACCTAAC-1,0.000031,0.512247,0.400734,0.000032,0.000063,0.001229,0.085664
ACCAAACACCCAGCGA-1,0.000029,0.370748,0.370957,0.082978,0.005809,0.004574,0.164904
ACCAAACTAGAAATCC-1,0.00002,0.00002,0.00004,0.613717,0.305015,0.001014,0.080173
ACCAACACCACACACT-1,0.000049,0.024767,0.763431,0.046461,0.000098,0.003713,0.161482
ACCAACCGCACTCCAC-1,0.000048,0.233182,0.671285,0.010359,0.000095,0.000048,0.084983
ACCAACGCTTATTTAT-1,0.000143,0.000143,0.000287,0.000143,0.653753,0.196516,0.149015
ACCAAGAACGCGTGTC-1,0.000104,0.000104,0.000208,0.047225,0.055226,0.179453,0.71768
ACCAAGTCATCGGCAG-1,0.000058,0.593459,0.382163,0.007973,0.000115,0.000058,0.016174
ACCAATATGCAAGTTA-1,0.000182,0.006279,0.043139,0.000182,0.304216,0.503086,0.142915
ACCACAACTCAGAACA-1,0.000039,0.030902,0.029345,0.517305,0.405672,0.01531,0.001428
ACCACAAGTTTCTATC-1,0.000064,0.000064,0.000128,0.032799,0.589253,0.025722,0.351969
ACCACACGGTTGATGG-1,0.000049,0.220428,0.729624,0.027476,0.019111,0.002202,0.001111
ACCACCAATGTAACAA-1,0.000033,0.063097,0.609286,0.095987,0.177645,0.000033,0.053918
ACCACCCTCTCTTCTA-1,0.000021,0.412876,0.41379,0.165535,0.007737,0.000021,0.000021
ACCACGTGCAGCTATA-1,0.000083,0.000083,0.029501,0.064474,0.905693,0.000083,0.000083
ACCACTGTTCAAGAAG-1,0.000062,0.000062,0.022952,0.301644,0.445911,0.042986,0.186383
ACCAGACCATAACAAC-1,0.000028,0.023482,0.126584,0.174846,0.555519,0.118391,0.00115
ACCAGCCCGGTCTTTG-1,0.000054,0.143091,0.025116,0.281757,0.265065,0.144353,0.140564
ACCAGGAGTGTGATCT-1,0.000108,0.000108,0.000216,0.303239,0.057396,0.172646,0.466288
ACCAGTGCCCGGTCAA-1,0.000136,0.000136,0.113283,0.102933,0.231505,0.393132,0.158874
ACCAGTGCGGGAGACG-1,0.000048,0.000048,0.124463,0.00006,0.733637,0.014242,0.127502
ACCATATCCGCAATAA-1,0.000042,0.000042,0.000084,0.177477,0.368104,0.003232,0.45102
ACCATCCGCCAACTAG-1,0.000049,0.000049,0.037166,0.152164,0.810473,0.000049,0.000049
ACCATCGTATATGGTA-1,0.000101,0.000101,0.000203,0.066145,0.009034,0.090195,0.834221
ACCATTAAGGGTGTCA-1,0.000043,0.000043,0.000086,0.167756,0.810653,0.000043,0.021375
ACCCAACGCCCGTGGC-1,0.000059,0.000059,0.000118,0.000059,0.691398,0.010751,0.297555
ACCCACCTACATGCTC-1,0.000063,0.000063,0.000125,0.192279,0.511626,0.000063,0.295782
ACCCATCTTGAGGGTA-1,0.000137,0.000137,0.000273,0.000137,0.067274,0.088769,0.843274
ACCCATTTGTCCCTCT-1,0.000095,0.307666,0.531521,0.000095,0.00019,0.017618,0.142816
ACCCGAGCGAAATTAC-1,0.000066,0.000066,0.440324,0.000066,0.250817,0.107339,0.201322
ACCCGATTGGTTCCGA-1,0.000057,0.006805,0.902151,0.000057,0.03125,0.000057,0.059622
ACCCGGAAACTCCCAG-1,0.000126,0.000126,0.000252,0.068183,0.371078,0.359858,0.200376
ACCCGGAGCACCACAA-1,0.000039,0.895817,0.044767,0.022453,0.000078,0.036806,0.000039
ACCCGGATGACGCATC-1,0.000057,0.000057,0.370056,0.021736,0.4481,0.072071,0.087922
ACCCGGTTACACTTCC-1,0.000155,0.000155,0.00628,0.145083,0.253571,0.123038,0.471718
ACCCGTAGCAGAGAAT-1,0.000059,0.525084,0.424344,0.003089,0.042771,0.004594,0.000059
ACCCGTAGTCTAGTTG-1,0.000054,0.770067,0.224149,0.000054,0.000108,0.005514,0.000054
ACCCGTGTCATCAGTA-1,0.000296,0.000297,0.076714,0.014889,0.434694,0.472814,0.000296
ACCCTATAGGACTGAG-1,0.000099,0.000099,0.020623,0.003029,0.169213,0.043324,0.763612
ACCCTATGCCATATCG-1,0.000158,0.008983,0.000317,0.166079,0.523258,0.301047,0.000158
ACCCTCCCGTCAGGGC-1,0.000045,0.083482,0.850941,0.020105,0.000091,0.004703,0.040633
ACCCTCCCTTGCTATT-1,0.000096,0.021318,0.095932,0.006032,0.76248,0.114047,0.000096
ACCCTGGTAACGCCCT-1,0.000033,0.434582,0.334861,0.060118,0.000066,0.000033,0.170307
ACCCTTCATCTGCGAA-1,0.000099,0.000099,0.0132,0.138581,0.428289,0.054174,0.365556
ACCCTTGCCTGGGTCG-1,0.000062,0.91858,0.031843,0.000062,0.000125,0.049265,0.000062
ACCCTTTAGTTCTCCA-1,0.000054,0.000054,0.000109,0.590855,0.388847,0.010827,0.009253
ACCGAAAGGGCCCTGC-1,0.000091,0.000091,0.010766,0.199606,0.547126,0.015803,0.226518
ACCGAAGAGTCTGGTT-1,0.000056,0.025402,0.964104,0.000056,0.010269,0.000056,0.000056
ACCGACACATCTCCCA-1,0.000047,0.000047,0.058087,0.258825,0.668214,0.014733,0.000047
ACCGACTGAGTCCCAC-1,0.000103,0.058359,0.039632,0.000103,0.493691,0.020866,0.387245
ACCGAGTCTCCTTATT-1,0.000042,0.14832,0.768286,0.030714,0.033725,0.000042,0.018871
ACCGATAGGCATAACC-1,0.000031,0.396706,0.395873,0.091362,0.005914,0.000031,0.110081
ACCGATATTTAATCAT-1,0.00003,0.388695,0.295384,0.275441,0.036487,0.00003,0.003934
ACCGATGGTAGCATCG-1,0.000055,0.012337,0.022118,0.028899,0.699511,0.137351,0.099729
ACCGCAATAACTGCCT-1,0.00016,0.00016,0.035396,0.00016,0.532715,0.431247,0.00016
ACCGCGGTGGAAGTCG-1,0.000069,0.00007,0.964249,0.00007,0.000139,0.00007,0.035333
ACCGCTAGTCATTGGT-1,0.000051,0.212791,0.720612,0.013547,0.000102,0.052846,0.000051
ACCGGGCCTTTGTTGA-1,0.000083,0.074884,0.38185,0.000083,0.116679,0.207991,0.218431
ACCGGTCAGGTACACC-1,0.000045,0.000045,0.965294,0.000045,0.022411,0.000045,0.012112
ACCGGTCTGAGTACGG-1,0.000075,0.042555,0.047174,0.164857,0.140241,0.411386,0.193712
ACCGTCCACTGGGCCC-1,0.00003,0.055376,0.876932,0.006056,0.055644,0.000276,0.005686
ACCGTGACCACGTGGG-1,0.000048,0.000048,0.050203,0.170298,0.333899,0.098457,0.347046
ACCGTTCCCGCTCTGA-1,0.000062,0.000062,0.000124,0.375142,0.504793,0.000062,0.119755
ACCTAAGTACCTTTCA-1,0.000068,0.000068,0.028149,0.282585,0.603004,0.000068,0.086059
ACCTAATCGACTTCCT-1,0.000079,0.000079,0.000158,0.176289,0.580072,0.048709,0.194613
ACCTACAGTATGTGGT-1,0.000049,0.318044,0.141064,0.297507,0.243239,0.000049,0.000049
ACCTACTATAAATCTA-1,0.000175,0.000175,0.00035,0.000175,0.515709,0.474625,0.008791
ACCTCAGCGAGGCGCA-1,0.000033,0.3899,0.498276,0.044201,0.029766,0.011383,0.026441
ACCTCCGCCCTCGCTG-1,0.000071,0.240313,0.696691,0.021905,0.005129,0.01554,0.020351
ACCTCCGTTATTCACC-1,0.000066,0.352074,0.554826,0.092768,0.000133,0.000067,0.000067
ACCTCGAACTTATGCT-1,0.000076,0.165344,0.775542,0.000076,0.057074,0.001812,0.000076
ACCTGCGTGTCATGTT-1,0.00017,0.008863,0.154694,0.125789,0.320757,0.389557,0.00017
ACCTTTCCTTTAGAAG-1,0.000116,0.071318,0.000232,0.233872,0.000232,0.405913,0.288317
ACGAAATGGGCGGCAC-1,0.000081,0.000081,0.000163,0.159441,0.75553,0.060049,0.024654
ACGACCCATGAGTTGC-1,0.000047,0.586127,0.413077,0.000559,0.000095,0.000047,0.000047
ACGACTCTAGGGCCGA-1,0.000053,0.416275,0.477582,0.040199,0.004202,0.002236,0.059452
ACGACTGGTCATACTC-1,0.000034,0.010585,0.415544,0.087626,0.360451,0.095035,0.030725
ACGAGAACCCATCACG-1,0.000114,0.019622,0.000228,0.000114,0.000228,0.401703,0.577993
ACGAGATATTTGCTTA-1,0.000102,0.019365,0.000204,0.738649,0.227292,0.000102,0.014286
ACGAGGATACCACTCT-1,0.000059,0.000059,0.047507,0.108532,0.720978,0.122805,0.000059
ACGAGGTTTACAACGT-1,0.000072,0.028635,0.881495,0.000072,0.027428,0.000111,0.062186
ACGAGTACGGATGCCC-1,0.000129,0.002367,0.401332,0.000129,0.162569,0.433345,0.000129
ACGAGTCGCCGGCGTT-1,0.000033,0.031305,0.016828,0.480843,0.169993,0.008772,0.292227
ACGATACATAGAACTA-1,0.000041,0.000041,0.000082,0.021278,0.960242,0.000041,0.018277
ACGATACCTATCCTGA-1,0.000058,0.043666,0.213938,0.029731,0.562768,0.109868,0.03997
ACGATCATACATAGAG-1,0.000095,0.000095,0.00019,0.005613,0.722635,0.000095,0.271278
ACGATCATCTTGTAAA-1,0.00011,0.052166,0.312939,0.000171,0.3409,0.241994,0.051721
ACGATGCATATGTTAT-1,0.000186,0.000187,0.000373,0.000187,0.000373,0.380384,0.61831
ACGATGGATCCGATGC-1,0.000049,0.000049,0.013733,0.204757,0.586436,0.000049,0.194926
ACGCAAACTAATAGAT-1,0.000079,0.000079,0.046124,0.111008,0.500822,0.338075,0.003813
ACGCAATCACTACAGC-1,0.000066,0.381195,0.347232,0.011097,0.000132,0.000066,0.260212
ACGCATAAATGACATG-1,0.000062,0.50533,0.147886,0.155626,0.000123,0.190912,0.000062
ACGCATACGTTTACTA-1,0.000098,0.087177,0.793805,0.000098,0.055431,0.020188,0.043202
ACGCATTCGTGAGTAC-1,0.000065,0.000065,0.011968,0.107633,0.78991,0.000065,0.090294
ACGCCACTCGAAACAG-1,0.000035,0.347143,0.510371,0.100818,0.000071,0.000035,0.041526
ACGCCAGATGATTTCT-1,0.000113,0.000113,0.000226,0.000113,0.573051,0.171508,0.254877
ACGCCAGTGCGTTTGC-1,0.00006,0.543149,0.420857,0.016929,0.00012,0.018826,0.00006
ACGCCCAGCTGTCGAT-1,0.000047,0.000047,0.000094,0.539903,0.001432,0.000274,0.458203
ACGCCGCTAGACGACC-1,0.000212,0.000212,0.000424,0.229925,0.280912,0.488104,0.000212
ACGCCTGACACGCGCT-1,0.000044,0.232067,0.116853,0.414979,0.080814,0.129936,0.025306
ACGCGAAGTCAGACGA-1,0.000073,0.000073,0.000146,0.093479,0.540093,0.035873,0.330263
ACGCGCTACACAGGGT-1,0.000075,0.000075,0.077897,0.137816,0.257158,0.09474,0.43224
ACGCGGGCCAAGGACA-1,0.000097,0.000097,0.000194,0.085211,0.426297,0.247203,0.240901
ACGCGTTTCTTAAGAG-1,0.00008,0.017751,0.121031,0.176773,0.596177,0.049496,0.038693
ACGCTACTGAATGGGC-1,0.000047,0.858313,0.141407,0.000047,0.000094,0.000047,0.000047
ACGCTAGTATCAGTGC-1,0.00005,0.464737,0.293302,0.069613,0.024149,0.063743,0.084406
ACGCTAGTGATACACT-1,0.000104,0.011109,0.196041,0.000104,0.417924,0.31193,0.062788
ACGCTGTGAGGCGTAG-1,0.000185,0.000185,0.070385,0.006479,0.591237,0.325857,0.005673
ACGCTTAGTGTCTCTC-1,0.000023,0.017843,0.000046,0.936682,0.045361,0.000023,0.000023
