Barcode,Topic 1,Topic 2,Topic 3,Topic 4to5,Topic 6,Topic 7to12
AAACAACGAATAGTTC-1,0.000033,0.605915,0.035566,0.03526,0.000033,0.323192
AAACAAGTATCTCCCA-1,0.000013,0.000013,0.004593,0.07465,0.108828,0.811904
AAACAATCTACTAGCA-1,0.000017,0.000017,0.000017,0.000034,0.000017,0.999898
AAACACCAATAACTGC-1,0.000233,0.134337,0.404002,0.14718,0.218034,0.096213
AAACAGAGCGACTCCT-1,0.000033,0.049847,0.007586,0.39042,0.025065,0.527048
AAACAGCTTTCAGAAG-1,0.000044,0.000044,0.096345,0.492935,0.038495,0.372137
AAACAGGGTCTATATT-1,0.000031,0.041938,0.000031,0.93662,0.021197,0.000184
AAACAGTGTTCCTGGG-1,0.000025,0.016436,0.453322,0.037367,0.067554,0.425295
AAACATGGTGAGAGGA-1,0.000058,0.052166,0.736833,0.000115,0.000058,0.21077
AAACATTTCCCGGATT-1,0.000044,0.034365,0.108863,0.767677,0.000044,0.089007
AAACCACTACACAGAT-1,0.000014,0.000014,0.027678,0.011636,0.327835,0.632824
AAACCCGAACGAAATC-1,0.000013,0.010804,0.002559,0.092567,0.053132,0.840925
AAACCGGAAATGTTAA-1,0.000038,0.276355,0.163217,0.072885,0.316843,0.170661
AAACCGGGTAGGTACC-1,0.000049,0.07514,0.048061,0.846366,0.022441,0.007943
AAACCGTTCGTCCAGG-1,0.000144,0.109991,0.250141,0.502156,0.000144,0.137425
AAACCTAAGCAGCCGG-1,0.000092,0.085766,0.344334,0.569167,0.000092,0.00055
AAACCTCATGAAGTTG-1,0.000012,0.000012,0.000012,0.034435,0.000012,0.965517
AAACGAAGAACATACC-1,0.000058,0.084069,0.079666,0.259351,0.173142,0.403714
AAACGAAGATGGAGTA-1,0.000044,0.000044,0.177919,0.486126,0.079285,0.256583
AAACGACAGTCTTGCC-1,0.000016,0.000016,0.094403,0.000219,0.313708,0.591638
AAACGAGACGGTTGAT-1,0.000058,0.000058,0.00723,0.990171,0.000058,0.002426
AAACGCCCGAGATCGG-1,0.000017,0.007763,0.042874,0.000781,0.352018,0.596548
AAACGCTGGGCACGAC-1,0.000017,0.012074,0.196303,0.03183,0.003534,0.756241
AAACGGGCGTACGGGT-1,0.000025,0.000025,0.052975,0.278538,0.345369,0.323068
AAACGGGTTGGTATCC-1,0.000015,0.153235,0.000332,0.006109,0.631379,0.20893
AAACGGTTGCGAACTG-1,0.000044,0.06876,0.002076,0.849834,0.063275,0.016011
AAACGTGTTCGCCCTA-1,0.00002,0.009855,0.046319,0.062527,0.262465,0.618813
AAACTAACGTGGCGAC-1,0.000043,0.104314,0.241066,0.043322,0.01955,0.591705
AAACTCGGTTCGCAAT-1,0.000035,0.015513,0.110791,0.211126,0.081742,0.580792
AAACTCGTGATATAAG-1,0.000012,0.000012,0.000012,0.077604,0.000012,0.922349
AAACTTAATTGCACGC-1,0.000068,0.00584,0.495425,0.464235,0.034026,0.000406
AAACTTGCAAACGTAT-1,0.000051,0.000051,0.163836,0.734632,0.000051,0.10138
AAAGAATGACCTTAGA-1,0.000021,0.000021,0.317636,0.000215,0.176515,0.505591
AAAGAATGTGGACTAA-1,0.000012,0.099866,0.000431,0.095819,0.683425,0.120447
AAAGACATGAAGTTTA-1,0.000029,0.000029,0.098085,0.00918,0.449434,0.443245
AAAGACCCAAGTCGCG-1,0.000071,0.000071,0.1175,0.479867,0.031477,0.371013
AAAGACTGGGCGCTTT-1,0.00002,0.022154,0.00002,0.35696,0.00002,0.620827
AAAGCTTGCCTACATA-1,0.000021,0.067739,0.05787,0.000041,0.280192,0.594137
AAAGGCCCTATAATAC-1,0.000021,0.000021,0.12016,0.15028,0.467768,0.261749
AAAGGCTACGGACCAT-1,0.000064,0.000064,0.197811,0.800154,0.000064,0.001843
AAAGGCTCTCGCGCCG-1,0.000089,0.000089,0.021651,0.977546,0.000089,0.000535
AAAGGGATGTAGCAAG-1,0.000046,0.003027,0.044717,0.657092,0.03535,0.259768
AAAGGGCAGCTTGAAT-1,0.000019,0.00295,0.019696,0.064698,0.080801,0.831836
AAAGGTAAGCTGTACC-1,0.000077,0.000077,0.189079,0.598747,0.000077,0.211943
AAAGGTCAACGACATG-1,0.000035,0.061123,0.334962,0.142552,0.012928,0.4484
AAAGTAGCATTGCTCA-1,0.000061,0.000061,0.160718,0.808341,0.023372,0.007447
AAAGTCACTGATGTAA-1,0.000046,0.000046,0.010765,0.485884,0.059202,0.444056
AAAGTCGACCCTCAGT-1,0.000042,0.081655,0.035621,0.639193,0.000072,0.243417
AAAGTGCCATCAATTA-1,0.00002,0.000022,0.116031,0.028174,0.300291,0.555462
AAAGTGTGATTTATCT-1,0.000035,0.000035,0.016574,0.457684,0.016722,0.50895
AAAGTTGACTCCCGTA-1,0.000054,0.017633,0.190498,0.400716,0.000054,0.391045
AAATAACCATACGGGA-1,0.000076,0.1039,0.051912,0.720524,0.000076,0.123511
AAATAAGGTAGTGCCC-1,0.000014,0.000014,0.000014,0.079191,0.007403,0.913365
AAATAGCTTAGACTTT-1,0.000038,0.00464,0.133758,0.398272,0.000038,0.463256
AAATAGGGTGCTATTG-1,0.000098,0.000098,0.280399,0.70455,0.000098,0.014758
AAATCACTCCTAAACG-1,0.000017,0.000017,0.142755,0.000034,0.105376,0.7518
AAATCCGATACACGCC-1,0.000067,0.027376,0.235918,0.706432,0.000067,0.030139
AAATCGCGGAAGGAGT-1,0.000045,0.000045,0.276249,0.258353,0.063665,0.401644
AAATCGTGTACCACAA-1,0.000068,0.071117,0.000068,0.92827,0.000068,0.000409
AAATCTAGCCCTGCTA-1,0.000041,0.000041,0.131498,0.340808,0.001352,0.526261
AAATCTGCCCGCGTCC-1,0.000057,0.000057,0.50152,0.000113,0.199336,0.298918
AAATGACTGATCAAAC-1,0.000039,0.000039,0.31568,0.46906,0.000039,0.215145
AAATGATTCGATCAGC-1,0.000019,0.000019,0.000019,0.179184,0.008703,0.812056
AAATGCTCGTTACGTT-1,0.000065,0.057044,0.04808,0.000129,0.202404,0.692279
AAATGGCATGTCTTGT-1,0.000039,0.000039,0.029704,0.477863,0.069412,0.422944
AAATGGCCCGTGCCCT-1,0.000039,0.003116,0.124978,0.301246,0.06571,0.50491
AAATGGTCAATGTGCC-1,0.000056,0.000056,0.192274,0.558163,0.045116,0.204335
AAATGTATCTTATCCC-1,0.000053,0.334917,0.076185,0.346628,0.051808,0.190409
AAATGTGGGTGCTCCT-1,0.000087,0.033891,0.467099,0.190581,0.140491,0.16785
AAATTAACGGGTAGCT-1,0.000078,0.000078,0.203104,0.059359,0.241896,0.495484
AAATTAATAAGCGCGA-1,0.000025,0.021201,0.013778,0.268292,0.000983,0.69572
AAATTACACGACTCTG-1,0.000121,0.154697,0.18902,0.655316,0.000121,0.000726
AAATTACCTATCGATG-1,0.000039,0.000039,0.014531,0.633186,0.076508,0.275696
AAATTCCAGGTCCAAA-1,0.000016,0.000016,0.006691,0.090031,0.000016,0.90323
AAATTGATAGTCCTTT-1,0.000232,0.000232,0.000232,0.698467,0.281603,0.019234
AAATTGCGGCGGTTCT-1,0.000017,0.076388,0.000391,0.009807,0.382797,0.5306
AAATTGGTGAGAAGCA-1,0.000026,0.045181,0.085574,0.182219,0.127678,0.559323
AAATTTACCGAAATCC-1,0.000131,0.010696,0.335003,0.471253,0.032763,0.150154
AAATTTGCGGGTGTGG-1,0.000055,0.011489,0.243734,0.744333,0.000055,0.000333
AACAACTGGTAGTTGC-1,0.000048,0.000048,0.027194,0.496045,0.025238,0.451427
AACAATACATTGTCGA-1,0.000026,0.000026,0.010786,0.418225,0.000026,0.570912
AACAATTACTCTACGC-1,0.000065,0.04208,0.218479,0.387386,0.00082,0.351169
AACACACGCTCGCCGC-1,0.000039,0.005088,0.097564,0.365451,0.000039,0.531819
AACACGACTGTACTGA-1,0.000054,0.000054,0.118317,0.232457,0.089406,0.559713
AACACGAGACGCGGCC-1,0.000026,0.000026,0.03066,0.449768,0.000026,0.519493
AACACGCGGCCGCGAA-1,0.000037,0.062775,0.010547,0.103444,0.000037,0.82316
AACAGCTGTGTGGCAA-1,0.000039,0.000039,0.000039,0.871141,0.025612,0.10313
AACAGGAAATCGAATA-1,0.000036,0.000036,0.042583,0.597983,0.004357,0.355006
AACAGGATGGGCCGCG-1,0.000027,0.000027,0.004467,0.152802,0.09356,0.749115
AACAGGTAGTATGGAT-1,0.000016,0.028252,0.000016,0.033724,0.000016,0.937976
AACATAGCGTGTATCG-1,0.000037,0.029386,0.043721,0.915283,0.011349,0.000224
AACATATCAACTGGTG-1,0.000021,0.000021,0.007221,0.199196,0.010087,0.783454
AACATCGATACGTCTA-1,0.00002,0.00002,0.018186,0.086336,0.00002,0.895418
AACATTGAAGTTGATC-1,0.000069,0.054755,0.202912,0.569548,0.101096,0.07162
AACATTGGTCAGCCGT-1,0.000045,0.709217,0.164314,0.000897,0.000045,0.125483
AACATTGTGACTCGAG-1,0.000022,0.000022,0.038647,0.278824,0.000022,0.682462
AACCAAGACTTCTCTG-1,0.000013,0.000013,0.000013,0.070299,0.006794,0.922868
AACCAGTATCACTCTT-1,0.000185,0.000185,0.129529,0.266315,0.454598,0.149187
AACCATAGGGTTGAAC-1,0.000029,0.000029,0.236701,0.118271,0.161997,0.482973
AACCATGGGATCGCTA-1,0.000017,0.03774,0.000017,0.167373,0.000017,0.794835
AACCCAGAGACGGAGA-1,0.000036,0.041317,0.000036,0.429042,0.000036,0.529534
AACCCATCCCATGATC-1,0.000061,0.000061,0.082946,0.429663,0.252094,0.235175
AACCCGACAACCCGTG-1,0.000104,0.000104,0.437529,0.561533,0.000104,0.000625
AACCCGAGCAGAATCG-1,0.000051,0.023022,0.218007,0.065978,0.455518,0.237424
AACCCGATAGGGCTTC-1,0.000028,0.012651,0.203314,0.064164,0.020303,0.69954
AACCCGCTGTATTCCA-1,0.000042,0.02715,0.417676,0.351466,0.081243,0.122422
AACCCTACTGTCAATA-1,0.000023,0.000023,0.010078,0.313987,0.00047,0.675419
AACCCTGGTGGAACCA-1,0.000034,0.000034,0.078387,0.468926,0.016553,0.436068
AACCGAGCTTGGTCAT-1,0.000085,0.053973,0.000085,0.91093,0.034414,0.000512
AACCGCTAAGGGATGC-1,0.000023,0.000023,0.022435,0.233134,0.000023,0.744363
AACCGTTGTGTTTGCT-1,0.000032,0.000032,0.025114,0.256917,0.000032,0.717873
AACCTAAAGCCGTCCG-1,0.000013,0.000013,0.000062,0.141742,0.225593,0.632577
AACCTCGCTTTAGCCC-1,0.000131,0.078494,0.203764,0.39099,0.096834,0.229787
AACCTGTCACGGAATT-1,0.000017,0.000017,0.001295,0.050666,0.000017,0.947988
AACCTTTAAATACGGT-1,0.000083,0.137135,0.063661,0.795377,0.003248,0.000497
AACCTTTACGACGTCT-1,0.000058,0.000058,0.13391,0.3166,0.092176,0.457199
AACGAAAGTCGTCCCA-1,0.00003,0.005314,0.088825,0.491565,0.153916,0.260349
AACGACCTCCTAGCCG-1,0.000027,0.018281,0.337168,0.264704,0.000027,0.379792
AACGATAATGCCGTAG-1,0.000129,0.043746,0.231746,0.524963,0.000129,0.199287
AACGATAGAAGGGCCG-1,0.000063,0.024427,0.048543,0.670539,0.06195,0.194479
AACGATATGTCAACTG-1,0.000042,0.02636,0.000042,0.461198,0.008609,0.503748
AACGCATGATCTGGGT-1,0.000036,0.000036,0.0711,0.585433,0.000036,0.343361
AACGCGAACGGCAACA-1,0.000012,0.11102,0.000012,0.060182,0.066502,0.762272
AACGCGACCTTGGGCG-1,0.000061,0.000402,0.160133,0.313002,0.357712,0.168689
AACGCGGTCTCCAGCC-1,0.000032,0.00849,0.011932,0.431716,0.06304,0.48479
AACGCTGTTGCTGAAA-1,0.000015,0.000015,0.006227,0.02344,0.000015,0.970287
AACGGACGTACGTATA-1,0.000052,0.000052,0.008326,0.817734,0.000052,0.173783
AACGGCCATCTCCGGT-1,0.000033,0.000033,0.044108,0.454084,0.006687,0.495055
AACGTACTGTGGGTAC-1,0.000042,0.03036,0.000042,0.634999,0.081715,0.252842
AACGTAGTCTACCCAT-1,0.000115,0.000115,0.11167,0.050359,0.026928,0.810814
AACGTCAGACTAGTGG-1,0.000052,0.000052,0.060807,0.163187,0.000052,0.775852
AACGTCATCCGGCTTG-1,0.000009,0.000009,0.0024,0.103385,0.126133,0.768065
AACGTCGCTGCACTTC-1,0.000037,0.047155,0.278425,0.457231,0.122869,0.094283
AACGTGATGAAGGACA-1,0.00005,0.071424,0.00005,0.644447,0.014384,0.269645
AACGTGCGAAAGTCTC-1,0.000106,0.035588,0.223686,0.419305,0.000106,0.321209
AACGTTATCAGCACCT-1,0.000021,0.035897,0.000021,0.069588,0.149629,0.744845
AACGTTCTACCATTGT-1,0.000017,0.009495,0.043785,0.205762,0.035697,0.705243
AACTACCCGTTTGTCA-1,0.000008,0.000008,0.000008,0.007105,0.00522,0.987651
AACTAGCGTATCGCAC-1,0.000055,0.173681,0.027049,0.153016,0.168296,0.477903
AACTAGGCTTGGGTGT-1,0.000087,0.006132,0.127914,0.86526,0.000087,0.000521
AACTCAAGTTAATTGC-1,0.000055,0.000055,0.176847,0.767217,0.000055,0.055773
AACTCCAGAGCGTGTT-1,0.000026,0.000026,0.000026,0.397664,0.000026,0.602234
AACTCCTAATCCCATG-1,0.000098,0.000098,0.140498,0.820886,0.000098,0.038322
AACTCGATAAACACGT-1,0.000031,0.633908,0.123819,0.064231,0.000031,0.177981
AACTCGATGGCGCAGT-1,0.000046,0.076395,0.000047,0.479837,0.000046,0.443629
AACTCTCAATAGAGCG-1,0.000044,0.090271,0.013028,0.864019,0.000044,0.032594
AACTCTCAGTGTGCTC-1,0.000159,0.067996,0.37124,0.483872,0.075781,0.000952
AACTGAGGTCAGCGTC-1,0.00003,0.00003,0.023734,0.033479,0.06103,0.881697
AACTGAGTTATACTGA-1,0.000019,0.033765,0.000019,0.000039,0.878821,0.087337
AACTGATATTAGGCCT-1,0.000046,0.000046,0.094396,0.755787,0.00972,0.140004
AACTGGGTCCCGACGT-1,0.00006,0.00006,0.052213,0.790936,0.00006,0.156671
AACTGGGTTCGAGCCG-1,0.000078,0.031317,0.254933,0.510838,0.000078,0.202755
AACTGGTGTGGGCCTT-1,0.000026,0.000026,0.002295,0.092512,0.041746,0.863394
AACTTCTGCGTCTATC-1,0.000082,0.151098,0.206939,0.503339,0.000082,0.138459
AACTTGCCCGTATGCA-1,0.000066,0.065939,0.004843,0.53404,0.000066,0.395045
AACTTGCGTTCTCGCG-1,0.000074,0.02209,0.262567,0.318157,0.065312,0.331801
AACTTTACGGGAGCTT-1,0.00004,0.00004,0.040914,0.299598,0.00004,0.659369
AACTTTAGCTGCTGAG-1,0.000057,0.000057,0.028793,0.237712,0.205499,0.527882
AACTTTCTCGATCATG-1,0.000024,0.000024,0.170677,0.000047,0.000024,0.829205
AAGAAAGTTTGATGGG-1,0.000038,0.125173,0.572536,0.034296,0.267731,0.000226
AAGAAATCACCAGATT-1,0.000031,0.011806,0.19612,0.238079,0.229034,0.324931
AAGAAGGATCAGTTAG-1,0.000015,0.063817,0.000015,0.130919,0.029403,0.775831
AAGACATACGTGGTTT-1,0.000017,0.005673,0.246934,0.036087,0.38797,0.323321
AAGACCAAATAACTCA-1,0.000018,0.000018,0.10481,0.238747,0.053352,0.603055
AAGACCCAACTGAACA-1,0.000052,0.005347,0.181003,0.394323,0.087852,0.331425
AAGACTAACCCGTTGT-1,0.000021,0.002104,0.000021,0.022869,0.212302,0.762683
AAGACTCACGCCCACT-1,0.000093,0.026975,0.354358,0.000187,0.46541,0.152976
AAGACTGCAAGCTACT-1,0.000021,0.0491,0.000021,0.473293,0.011552,0.466012
AAGAGATGAATCGGTA-1,0.000038,0.000038,0.00288,0.327806,0.000038,0.669201
AAGAGCTCTTTATCGG-1,0.000175,0.010237,0.423185,0.542912,0.000175,0.023317
AAGAGGATGTACGCGA-1,0.000062,0.004226,0.015701,0.72434,0.000062,0.255608
AAGAGGCATGGATCGC-1,0.000019,0.000019,0.000019,0.256199,0.081961,0.661782
AAGAGGCCCTTTGGAA-1,0.000051,0.061089,0.139508,0.338155,0.244221,0.216976
AAGATGGCACCGGACC-1,0.000071,0.000071,0.16353,0.631594,0.032093,0.172641
AAGATTGGCGGAACGT-1,0.000016,0.000016,0.004701,0.065716,0.000016,0.929534
AAGCACCCTGCGTATC-1,0.000124,0.0518,0.055946,0.891264,0.000124,0.000743
AAGCATACTCTCCTGA-1,0.000153,0.10105,0.090195,0.666447,0.000153,0.142002
AAGCCACTTGCAGGTA-1,0.000035,0.000035,0.098736,0.419316,0.481672,0.000207
AAGCCGAAGCGGTTTA-1,0.00006,0.050836,0.15078,0.185753,0.00006,0.612511
AAGCCGCCGTGAAATC-1,0.000013,0.000013,0.062205,0.015794,0.1506,0.771375
AAGCCGCTTTACCTTG-1,0.000016,0.014214,0.026521,0.020917,0.390703,0.547629
AAGCCGGAGAGCAGGA-1,0.000042,0.052025,0.239541,0.06207,0.082008,0.564315
AAGCGCAGGGCTTTGA-1,0.000029,0.001716,0.065323,0.349218,0.0159,0.567815
AAGCGGAGTGCGCGCA-1,0.000029,0.050812,0.253989,0.238066,0.223104,0.234
AAGCGGCGTCATGGGT-1,0.000036,0.000036,0.001937,0.233141,0.038657,0.726194
AAGCGTCCCTCATCGA-1,0.000115,0.256253,0.000115,0.589818,0.153005,0.000693
AAGCTATGGATTGACC-1,0.000024,0.006832,0.099795,0.170207,0.723001,0.000143
AAGCTCGTGCCAAGTC-1,0.000029,0.00698,0.000029,0.437435,0.019305,0.536223
AAGCTCTTTCATGGTG-1,0.000118,0.000118,0.180654,0.818283,0.000118,0.000708
AAGGAGAACTTATAAG-1,0.000031,0.104482,0.014855,0.11983,0.027183,0.733619
AAGGAGCGGTTGGTGC-1,0.000051,0.000051,0.073974,0.5056,0.000051,0.420271
AAGGATCGATCGCTTG-1,0.000019,0.000019,0.000019,0.180172,0.013876,0.805896
AAGGATGAGGGACCTC-1,0.000036,0.000036,0.034018,0.606265,0.000036,0.359608
AAGGCAGGCTGTCTCC-1,0.000022,0.000022,0.038024,0.134031,0.000022,0.827878
AAGGCGCGTAAAGCTT-1,0.00003,0.00003,0.077744,0.23229,0.00003,0.689875
AAGGCTGTGCTCATCG-1,0.000049,0.025602,0.032037,0.521547,0.133104,0.287661
AAGGGAACGACTGGCT-1,0.00005,0.110869,0.00005,0.791321,0.097408,0.000301
AAGGGACAGATTCTGT-1,0.000055,0.041999,0.002099,0.715304,0.078839,0.161704
AAGGGACTATGCATTC-1,0.000101,0.039482,0.082218,0.843809,0.033787,0.000603
AAGGGTTAGCCATGCG-1,0.000015,0.000015,0.101217,0.113314,0.000015,0.785424
AAGGGTTTGATTTCAG-1,0.00004,0.00004,0.59193,0.010651,0.00004,0.397298
AAGGTATCCTAATATA-1,0.000051,0.013389,0.000051,0.931481,0.000051,0.054978
AAGGTGATAAACCAGC-1,0.000044,0.055579,0.012597,0.354242,0.066235,0.511305
AAGTAAGCTTCCAAAC-1,0.000046,0.044292,0.089643,0.027402,0.07696,0.761657
AAGTAGAAGACCGGGT-1,0.000049,0.010284,0.191459,0.388111,0.017042,0.393055
AAGTAGTGACGCGAGG-1,0.000044,0.051283,0.000044,0.725854,0.031824,0.190951
AAGTCAATTGTCGTCA-1,0.00003,0.00003,0.007704,0.355028,0.00003,0.637176
AAGTCTAGTAGCTGCC-1,0.000036,0.01355,0.273125,0.000072,0.10106,0.612157
AAGTCTTCTGTGGCCT-1,0.000085,0.064693,0.321818,0.256002,0.000085,0.357317
AAGTGACGACCGAATT-1,0.000063,0.000063,0.127451,0.57458,0.22864,0.069204
AAGTGAGTCGGGTTTA-1,0.000071,0.000071,0.218974,0.654085,0.126374,0.000425
AAGTGCAAAGGTAGAC-1,0.000028,0.000028,0.000028,0.203115,0.007465,0.789337
AAGTGCCTTGACTGTA-1,0.000039,0.000039,0.032588,0.208273,0.076417,0.682643
AAGTGCGTTAGAATCT-1,0.000069,0.002884,0.038985,0.613242,0.154561,0.190259
AAGTGCTTCTCTATTG-1,0.000098,0.122136,0.563871,0.21836,0.094945,0.00059
AAGTGTTTGGAGACGG-1,0.000075,0.000075,0.055766,0.943562,0.000075,0.000448
AAGTTCACTCCAAGCT-1,0.000026,0.000026,0.031048,0.069879,0.075446,0.823575
AAGTTCAGTCTGCGTA-1,0.000047,0.005333,0.019217,0.543299,0.000047,0.432057
AAGTTCGGCCAACAGG-1,0.000045,0.011318,0.037698,0.666657,0.245504,0.038777
AAGTTGTGATGTTATA-1,0.000053,0.000053,0.517537,0.240003,0.000053,0.242302
AAGTTTACTAATGGCA-1,0.000074,0.027143,0.06034,0.420631,0.000074,0.491737
AAGTTTATGGGCCCAA-1,0.000023,0.000077,0.121982,0.25021,0.000023,0.627685
AATAACAACGCTCGGC-1,0.000049,0.000049,0.084153,0.623747,0.000049,0.291952
AATAACACTAGAACAA-1,0.00006,0.062425,0.008668,0.370506,0.378656,0.179684
AATAACGTCGCGCCCA-1,0.000017,0.019027,0.060312,0.16425,0.524515,0.231879
AATAAGTCCTCGAGAC-1,0.00005,0.00005,0.145846,0.213107,0.188265,0.452683
AATAATCTTCGTATCG-1,0.000015,0.207535,0.014412,0.070322,0.323319,0.384396
AATACAATGTTTCAGG-1,0.000038,0.010964,0.036207,0.114206,0.000038,0.838548
AATACCGGAGGGCTGT-1,0.00006,0.029145,0.363458,0.571299,0.00006,0.035976
AATACCTGATGTGAAC-1,0.000043,0.015049,0.28924,0.624864,0.000043,0.070761
AATAGAACAGAGTGGC-1,0.00012,0.071669,0.36395,0.563425,0.00012,0.000717
AATAGAATCTGTTTCA-1,0.00002,0.00002,0.011131,0.107487,0.000357,0.880985
AATAGCAAGCCTCCTG-1,0.000048,0.022354,0.294715,0.37641,0.058126,0.248347
AATAGCTACCGCGTGC-1,0.000024,0.000024,0.004255,0.334355,0.008279,0.653064
AATAGGCACGACCCTT-1,0.000029,0.012962,0.413952,0.287969,0.066532,0.218556
AATAGTCCGTCCCGAC-1,0.000033,0.000529,0.005929,0.314475,0.124786,0.554248
AATAGTCGCGAGTCGG-1,0.000036,0.065234,0.091658,0.271356,0.000036,0.571679
AATATCAAGGTCGGAT-1,0.000049,0.07327,0.000049,0.36586,0.000049,0.560723
AATATCCTAGCAAACT-1,0.000041,0.000041,0.112331,0.234695,0.090243,0.562648
AATATCGAATCAATGC-1,0.00003,0.00003,0.000501,0.25132,0.076696,0.671424
AATATCGAGGGTTCTC-1,0.000015,0.000015,0.000015,0.124834,0.000015,0.875105
AATATTGGAGTATTGA-1,0.000067,0.003744,0.094472,0.254665,0.090496,0.556555
AATCAGACTGCAGGAC-1,0.000105,0.202577,0.042663,0.049757,0.126181,0.578717
AATCAGGTTTCATTTA-1,0.000086,0.000086,0.663793,0.103732,0.231784,0.000518
AATCATGTAAAGACTC-1,0.000046,0.000046,0.114579,0.49118,0.000046,0.394104
AATCCAAGGGCCTGAG-1,0.000017,0.000017,0.000017,0.331079,0.021875,0.646996
AATCCATGCAAGGGTG-1,0.000019,0.000019,0.000019,0.056976,0.000019,0.942947
AATCCCGCTCAGAGCC-1,0.000037,0.000037,0.278084,0.505272,0.028641,0.187929
AATCGAGGTCTCAAGG-1,0.000023,0.0277,0.195617,0.372785,0.108519,0.295355
AATCGCCTCAGCGCCA-1,0.000068,0.000068,0.063024,0.912929,0.000068,0.023844
AATCGCGCAGAGGACT-1,0.000019,0.027932,0.003817,0.218784,0.000019,0.749429
AATCGGGACACTACGA-1,0.000042,0.000042,0.006945,0.294345,0.000042,0.698583
AATCGGTATAGCCCTC-1,0.000046,0.008707,0.487192,0.24632,0.000046,0.257689
AATCGTGAGCCGAGCA-1,0.000256,0.000256,0.45302,0.33418,0.082997,0.129292
AATCTAGGTTTACTTG-1,0.000123,0.000123,0.35628,0.60034,0.042397,0.000737
AATCTATGCCGGAGCC-1,0.000034,0.000034,0.043577,0.246159,0.000034,0.710161
AATCTCTACTGTGGTT-1,0.000067,0.000067,0.072796,0.136298,0.159789,0.630982
AATCTGCGTTGGGACG-1,0.000059,0.000059,0.04473,0.71619,0.000059,0.238903
AATCTGGCTTTCTAGT-1,0.000132,0.000132,0.330186,0.264322,0.249886,0.155342
AATCTGGGTAGACCCT-1,0.000264,0.03649,0.529015,0.024116,0.408534,0.001582
AATGACAGCAATGTCT-1,0.000048,0.004202,0.082761,0.787341,0.000048,0.1256
AATGACGTAGGATGTC-1,0.000055,0.000055,0.072968,0.822177,0.012861,0.091885
AATGACTGTCAGCCGG-1,0.000015,0.000015,0.024801,0.025374,0.015703,0.934093
AATGAGTTCGCATATG-1,0.000026,0.000026,0.00179,0.046312,0.000026,0.951821
AATGATGATACGCTAT-1,0.00005,0.00005,0.155351,0.617351,0.00005,0.22715
AATGATGCGACTCCTG-1,0.000024,0.012587,0.011052,0.263575,0.025416,0.687346
AATGCAACCGGGTACC-1,0.000047,0.000047,0.134053,0.653791,0.000047,0.212017
AATGCACCAAGCAATG-1,0.000018,0.000018,0.000018,0.119701,0.016126,0.864118
AATGGCCGCCAATGCG-1,0.000034,0.000034,0.264323,0.000068,0.000034,0.735507
AATGGTCCACCGTTCA-1,0.000046,0.000046,0.019586,0.507201,0.000046,0.473076
AATGGTTCTCACAAGC-1,0.000038,0.000038,0.051588,0.476533,0.108271,0.363532
AATGTATGGCACTGTA-1,0.000033,0.000033,0.225034,0.195433,0.380981,0.198487
AATGTGCCCGAGGTGT-1,0.000178,0.069205,0.446512,0.354103,0.030841,0.099161
AATGTGCTAATCTGAG-1,0.00007,0.02125,0.256389,0.700637,0.00007,0.021584
AATGTTAAGACCCTGA-1,0.000016,0.006188,0.061942,0.104228,0.225685,0.601941
AATGTTGTCGTGAGAC-1,0.000013,0.000013,0.07317,0.009882,0.000013,0.916909
AATTAAAGGTCGGCGT-1,0.00005,0.00005,0.069978,0.464785,0.015755,0.449383
AATTAACGGATTTCCA-1,0.000062,0.000062,0.132817,0.760219,0.000062,0.106777
AATTACGAGACCCATC-1,0.00007,0.00007,0.474762,0.258414,0.112284,0.154401
AATTACTCGTACGCTC-1,0.000035,0.325061,0.000035,0.172493,0.000035,0.502342
AATTAGCGCTGCAGCG-1,0.000126,0.125273,0.110494,0.763221,0.000126,0.000759
AATTATACCCAGCAAG-1,0.000088,0.145257,0.477309,0.356368,0.020449,0.00053
AATTCATAAGGGATCT-1,0.000051,0.000051,0.005432,0.785186,0.000051,0.209228
AATTCATTGTCATGCA-1,0.000073,0.004661,0.442084,0.14364,0.386442,0.023101
AATTCCAACTTGGTGA-1,0.00006,0.864517,0.110443,0.000119,0.00006,0.024801
AATTCCAAGCATGTAC-1,0.00004,0.011275,0.032921,0.470141,0.028048,0.457575
AATTCGATTCGAGGAT-1,0.000046,0.016762,0.016943,0.656025,0.000046,0.310178
AATTCTAGAGTTAGGC-1,0.000184,0.000184,0.2485,0.628356,0.096858,0.025919
AATTGAACGCTCTGGT-1,0.000033,0.000033,0.024868,0.403674,0.088394,0.482998
AATTGCAGCAATCGAC-1,0.000023,0.000023,0.058788,0.369229,0.0268,0.545137
AATTGCGTGGATTACA-1,0.000026,0.000026,0.330466,0.000053,0.058202,0.611227
AATTGTGGTTGCCAAA-1,0.00001,0.011671,0.099095,0.067467,0.09241,0.729347
AATTTGGGACATAGTA-1,0.00013,0.019904,0.249417,0.589845,0.00013,0.140574
AATTTGGTTCCAAAGA-1,0.00002,0.03922,0.00002,0.090549,0.136092,0.734099
ACAAACCATGCGTCCT-1,0.000073,0.038467,0.24763,0.640636,0.072753,0.000441
ACAAACCGACAAGGCG-1,0.000061,0.021103,0.358029,0.269275,0.227509,0.124023
ACAAACTCCATCAGAG-1,0.000012,0.000012,0.040337,0.004368,0.356816,0.598455
ACAAAGAAGGTAGGCC-1,0.000035,0.002221,0.041051,0.175907,0.321639,0.459147
ACAAAGCATGACCTAG-1,0.000038,0.000038,0.36207,0.581995,0.000038,0.055821
ACAAATCGCACCGAAT-1,0.000033,0.000033,0.060644,0.396491,0.000033,0.542765
ACAAATGGTAGTGTTT-1,0.000014,0.000014,0.000014,0.277064,0.011216,0.711677
ACAAATTCAGATCTGA-1,0.000032,0.000032,0.035389,0.013304,0.288646,0.662597
ACAACAGCATGAGCTA-1,0.000026,0.042633,0.000096,0.446916,0.000305,0.510024
ACAACGGTCCCTGCGA-1,0.000077,0.046189,0.082387,0.187431,0.176947,0.506969
ACAAGCAGTGCCTAGC-1,0.000051,0.000341,0.021819,0.529596,0.000051,0.448141
ACAAGCTATATGGAAG-1,0.000026,0.000026,0.08182,0.008634,0.000026,0.909468
ACAAGGAAATCCGCCC-1,0.000071,0.02227,0.103525,0.873637,0.000071,0.000426
ACAAGGACAAGAGGTT-1,0.000011,0.000011,0.000011,0.116049,0.105596,0.778321
ACAAGGATGCTTTAGG-1,0.000031,0.000031,0.140256,0.163936,0.028623,0.667124
ACAAGGCCTACCAGCC-1,0.000026,0.000026,0.143181,0.033641,0.320342,0.502785
ACAAGGGCAGGCTCTG-1,0.000032,0.037629,0.000032,0.7385,0.000032,0.223774
ACAAGTAATTGTAAGG-1,0.000024,0.05316,0.339261,0.034725,0.104634,0.468196
ACAATAGTCGTACGTT-1,0.000046,0.033524,0.000046,0.781076,0.069052,0.116255
ACAATCCATTTAAACC-1,0.000041,0.080179,0.081618,0.421971,0.038743,0.377449
ACAATCGATCTTTATA-1,0.000025,0.000025,0.000025,0.018838,0.212119,0.768968
ACAATGAATACGGAGA-1,0.00004,0.092661,0.00004,0.378249,0.095595,0.433415
ACAATGATTCTTCTAC-1,0.000051,0.000051,0.423025,0.018163,0.014329,0.54438
ACAATTGTGTCTCTTT-1,0.000083,0.000083,0.214775,0.434531,0.000083,0.350446
ACAATTTAGGAGGCTC-1,0.000039,0.030065,0.025245,0.303818,0.094135,0.546698
ACAATTTGAGCAGTGG-1,0.000031,0.000031,0.020674,0.170646,0.219389,0.589229
ACAATTTGGCCATATT-1,0.000012,0.005328,0.002007,0.002546,0.191621,0.798486
ACACAAAGACGGGTGG-1,0.000018,0.000018,0.028857,0.059326,0.020027,0.891753
ACACAAATATTCCTAG-1,0.000025,0.004746,0.415658,0.001591,0.000025,0.577955
ACACACCAGGACCAGT-1,0.000046,0.000046,0.095737,0.568465,0.000046,0.335659
ACACACTTTCTACACG-1,0.000059,0.000059,0.000059,0.599984,0.279204,0.120634
ACACATGATCAAATCT-1,0.000154,0.120816,0.543111,0.334843,0.000154,0.000923
ACACATTGACGCAACA-1,0.000077,0.780211,0.000077,0.081716,0.023619,0.1143
ACACATTTCCGTAGAC-1,0.000037,0.027436,0.150172,0.49483,0.000037,0.327488
ACACCACATAATTAGC-1,0.00003,0.00003,0.014042,0.159902,0.006694,0.819303
ACACCCAGCATGCAGC-1,0.000037,0.000037,0.022227,0.297758,0.000037,0.679904
ACACCCGAGAAATCCG-1,0.000054,0.000054,0.025313,0.456157,0.0765,0.441922
ACACCCGTAAATCTGT-1,0.000036,0.047984,0.133914,0.064584,0.74311,0.010373
ACACCGAGCGCTCTTT-1,0.000072,0.749285,0.000072,0.222765,0.000072,0.027734
ACACCGGTCTGACCGC-1,0.000073,0.11002,0.134127,0.755267,0.000073,0.00044
ACACCTTAAGTAGGGC-1,0.000034,0.003885,0.000034,0.641082,0.000034,0.354932
ACACCTTACTACTTGC-1,0.000023,0.000023,0.000023,0.238299,0.003306,0.758325
ACACGAGACTCCTTCT-1,0.000045,0.015532,0.008913,0.592447,0.082861,0.300202
ACACGGCACTATGCAT-1,0.000027,0.000027,0.002043,0.12012,0.112809,0.764974
ACACGGGAACTTAGGG-1,0.000104,0.061372,0.000104,0.868097,0.069703,0.000621
ACACGTAGGCCACAAG-1,0.000036,0.001716,0.099167,0.295373,0.000036,0.603671
ACACTCCAATGTCACT-1,0.000035,0.000035,0.000035,0.197318,0.000035,0.80254
ACACTGATCAAGGTGT-1,0.000139,0.000139,0.225008,0.77374,0.000139,0.000835
ACACTGGGACAGTCGT-1,0.000022,0.024601,0.141741,0.192432,0.024207,0.616996
ACAGAACTGAGAACAA-1,0.00005,0.040174,0.139104,0.643441,0.138021,0.039209
ACAGATTAGGTTAGTG-1,0.00003,0.013108,0.059134,0.073938,0.01597,0.83782
ACAGCATAGAGCCAGT-1,0.00003,0.00003,0.00003,0.061954,0.10332,0.834636
ACAGCGACATTCTCAT-1,0.000046,0.000046,0.038194,0.578854,0.000046,0.382815
ACAGCGCACCCGCAGC-1,0.000055,0.01863,0.003743,0.938342,0.0389,0.00033
ACAGGCACGGATCCTT-1,0.000039,0.024906,0.254023,0.498819,0.013045,0.209167
ACAGGCTTGCCCGACT-1,0.000056,0.036504,0.011146,0.932602,0.000056,0.019636
ACAGGTGGAGGTGAGG-1,0.000088,0.081325,0.01293,0.90504,0.000088,0.000529
ACAGGTGTGTTGTTGC-1,0.000055,0.053313,0.325592,0.162422,0.000055,0.458563
ACAGTAATACAACTTG-1,0.000029,0.000029,0.009043,0.527584,0.17843,0.284885
ACAGTATACCGTGGGA-1,0.000064,0.027583,0.21866,0.199719,0.000064,0.55391
ACAGTGCAGCGCATTT-1,0.000029,0.000029,0.049253,0.117503,0.69935,0.133836
ACATAAGTCGTGGTGA-1,0.000104,0.000104,0.368645,0.63042,0.000104,0.000623
ACATAATAAGGCGGTG-1,0.000049,0.000049,0.165578,0.556713,0.000049,0.277561
ACATACAATCAAGCGG-1,0.000022,0.003928,0.151584,0.497714,0.014185,0.332567
ACATCAGCTGGGACGC-1,0.000017,0.000017,0.000017,0.139445,0.000017,0.860488
ACATCCCGGCCATACG-1,0.000061,0.106167,0.000061,0.893286,0.000061,0.000365
ACATCCTGGTAACTGT-1,0.000028,0.006347,0.00795,0.255583,0.006477,0.723614
ACATCGATCGTTTACC-1,0.000085,0.022328,0.000085,0.976905,0.000085,0.000511
ACATCGCAATATTCGG-1,0.000016,0.005365,0.153692,0.143656,0.095644,0.601628
ACATCGGTCAGCCGCG-1,0.000057,0.014334,0.107115,0.58528,0.109747,0.183467
ACATCGTATGCAATGG-1,0.000043,0.000043,0.061671,0.420447,0.030746,0.487048
ACATCGTTAACCTAGT-1,0.000043,0.000043,0.039782,0.337095,0.053168,0.569869
ACATCTCAACGCGTAA-1,0.000039,0.000039,0.068244,0.087305,0.070902,0.773471
ACATGCTTACGGCAGC-1,0.000054,0.045233,0.626816,0.199073,0.000054,0.12877
ACATGGCGCCAAAGTA-1,0.000029,0.000029,0.101631,0.250033,0.000029,0.648247
ACATGGCTCAATTTAG-1,0.000062,0.371405,0.01221,0.316414,0.000062,0.299846
ACATTAGTTTATATCC-1,0.000072,0.107204,0.000072,0.892132,0.000084,0.000435
ACATTCGCGCGGAATA-1,0.000026,0.028786,0.017215,0.205909,0.743245,0.00482
ACATTTGAAACCTAAC-1,0.000021,0.064955,0.041781,0.144339,0.152356,0.596548
ACCAAACACCCAGCGA-1,0.000028,0.000028,0.014923,0.159401,0.016432,0.809188
ACCAAACTAGAAATCC-1,0.000081,0.089826,0.1307,0.287403,0.052401,0.439589
ACCAACACCACACACT-1,0.000038,0.006143,0.025975,0.769061,0.028532,0.170252
ACCAACCGCACTCCAC-1,0.000011,0.000011,0.017477,0.002322,0.002516,0.977664
ACCAACGCTTATTTAT-1,0.000097,0.000097,0.124171,0.874956,0.000097,0.000581
ACCAAGAACGCGTGTC-1,0.000014,0.000014,0.000014,0.016072,0.083361,0.900523
ACCAAGTCATCGGCAG-1,0.000033,0.057222,0.07258,0.461557,0.087334,0.321274
ACCAATATGCAAGTTA-1,0.00015,0.027857,0.469642,0.501299,0.00015,0.000901
ACCACAACTCAGAACA-1,0.000019,0.000019,0.000019,0.018881,0.413051,0.568011
ACCACAAGTTTCTATC-1,0.000037,0.000037,0.000037,0.578697,0.000037,0.421154
ACCACACGGTTGATGG-1,0.000012,0.000012,0.032331,0.00348,0.069075,0.89509
ACCACCAATGTAACAA-1,0.000018,0.000018,0.001378,0.210787,0.173417,0.614382
ACCACCCTCTCTTCTA-1,0.000026,0.017492,0.115286,0.055822,0.07385,0.737524
ACCACGTGCAGCTATA-1,0.000073,0.035798,0.000073,0.963547,0.000073,0.000437
ACCACTGTTCAAGAAG-1,0.000065,0.712461,0.072511,0.119722,0.000065,0.095175
ACCAGACCATAACAAC-1,0.000034,0.077299,0.011929,0.651816,0.012568,0.246353
ACCAGCCCGGTCTTTG-1,0.000034,0.000034,0.073961,0.042928,0.000034,0.88301
ACCAGGAGTGTGATCT-1,0.000117,0.000117,0.403589,0.048988,0.000117,0.547071
ACCAGTGCCCGGTCAA-1,0.000069,0.000069,0.114228,0.448861,0.000069,0.436705
ACCAGTGCGGGAGACG-1,0.000039,0.000039,0.000182,0.442607,0.055502,0.501631
ACCATATCCGCAATAA-1,0.000038,0.000038,0.005875,0.412692,0.047778,0.533579
ACCATCCGCCAACTAG-1,0.000018,0.000018,0.002767,0.138239,0.003813,0.855145
ACCATCGTATATGGTA-1,0.00008,0.00008,0.035965,0.934879,0.00008,0.028917
ACCATTAAGGGTGTCA-1,0.00004,0.599944,0.00004,0.078615,0.048964,0.272395
ACCCAACGCCCGTGGC-1,0.000015,0.000015,0.000015,0.06402,0.086323,0.849612
ACCCACCTACATGCTC-1,0.000064,0.017272,0.148585,0.110425,0.27,0.453653
ACCCATCTTGAGGGTA-1,0.000062,0.013015,0.210368,0.703887,0.05167,0.020996
ACCCATTTGTCCCTCT-1,0.000055,0.000055,0.247266,0.40464,0.227839,0.120146
ACCCGAGCGAAATTAC-1,0.00005,0.000055,0.040046,0.513265,0.00005,0.446534
ACCCGATTGGTTCCGA-1,0.000066,0.060188,0.160575,0.505257,0.263718,0.010197
ACCCGGAAACTCCCAG-1,0.000084,0.000084,0.052738,0.925745,0.000084,0.021265
ACCCGGAGCACCACAA-1,0.000029,0.039847,0.270858,0.006079,0.018951,0.664236
ACCCGGATGACGCATC-1,0.000036,0.000036,0.026991,0.330783,0.000036,0.64212
ACCCGGTTACACTTCC-1,0.000028,0.000028,0.006596,0.245429,0.000028,0.747892
ACCCGTAGCAGAGAAT-1,0.000046,0.000046,0.652929,0.307173,0.000046,0.03976
ACCCGTAGTCTAGTTG-1,0.00004,0.066053,0.406407,0.024952,0.304377,0.198171
ACCCGTGTCATCAGTA-1,0.000031,0.000031,0.010324,0.173188,0.14254,0.673886
ACCCTATAGGACTGAG-1,0.000024,0.044918,0.009903,0.154156,0.040894,0.750103
ACCCTATGCCATATCG-1,0.000121,0.000121,0.064088,0.93482,0.000121,0.000728
ACCCTCCCGTCAGGGC-1,0.000196,0.000196,0.418152,0.000392,0.047986,0.533078
ACCCTCCCTTGCTATT-1,0.000043,0.000084,0.02644,0.430701,0.275187,0.267545
ACCCTGGTAACGCCCT-1,0.000022,0.000022,0.027497,0.077882,0.000022,0.894556
ACCCTTCATCTGCGAA-1,0.00003,0.00003,0.022921,0.226183,0.079079,0.671757
ACCCTTGCCTGGGTCG-1,0.000032,0.060752,0.440616,0.101219,0.003162,0.394218
ACCCTTTAGTTCTCCA-1,0.000046,0.000046,0.185327,0.000098,0.052924,0.761559
ACCGAAAGGGCCCTGC-1,0.000039,0.000039,0.055547,0.123491,0.127733,0.693151
ACCGAAGAGTCTGGTT-1,0.000048,0.000048,0.044765,0.726158,0.000048,0.228932
ACCGACACATCTCCCA-1,0.000052,0.015369,0.029228,0.598095,0.094749,0.262507
ACCGACTGAGTCCCAC-1,0.000049,0.018543,0.000049,0.965635,0.000049,0.015676
ACCGAGTCTCCTTATT-1,0.000056,0.000056,0.494212,0.371655,0.069508,0.064513
ACCGATAGGCATAACC-1,0.00001,0.00001,0.065526,0.067075,0.156766,0.710613
ACCGATATTTAATCAT-1,0.000011,0.010745,0.012236,0.011672,0.143171,0.822165
ACCGATGGTAGCATCG-1,0.00005,0.00005,0.013909,0.558979,0.00005,0.426962
ACCGCAATAACTGCCT-1,0.000052,0.000052,0.212039,0.75951,0.02778,0.000567
ACCGCGGTGGAAGTCG-1,0.00002,0.00002,0.00002,0.111776,0.00002,0.888144
ACCGCTAGTCATTGGT-1,0.000119,0.463473,0.101811,0.019916,0.413966,0.000714
ACCGGGCCTTTGTTGA-1,0.000031,0.000031,0.000031,0.342573,0.000031,0.657305
ACCGGTCAGGTACACC-1,0.000116,0.046328,0.264088,0.638912,0.049859,0.000697
ACCGGTCTGAGTACGG-1,0.000159,0.04956,0.707143,0.242025,0.000159,0.000954
ACCGTCCACTGGGCCC-1,0.000016,0.000016,0.117784,0.000031,0.069288,0.812865
ACCGTGACCACGTGGG-1,0.000051,0.000051,0.03242,0.732683,0.02158,0.213214
ACCGTTCCCGCTCTGA-1,0.000051,0.000051,0.155348,0.218672,0.164454,0.461425
ACCTAAGTACCTTTCA-1,0.000062,0.000062,0.158391,0.292121,0.04069,0.508674
ACCTAATCGACTTCCT-1,0.000045,0.013539,0.085671,0.40953,0.000045,0.491171
ACCTACAGTATGTGGT-1,0.00002,0.00002,0.00002,0.133817,0.00002,0.866105
ACCTACTATAAATCTA-1,0.000038,0.000038,0.195268,0.321954,0.000038,0.482665
ACCTCAGCGAGGCGCA-1,0.000026,0.002192,0.129229,0.573324,0.004183,0.291047
ACCTCCGCCCTCGCTG-1,0.000042,0.000042,0.08413,0.419718,0.002537,0.49353
ACCTCCGTTATTCACC-1,0.000049,0.020783,0.104943,0.250475,0.000049,0.623702
ACCTCGAACTTATGCT-1,0.000068,0.093253,0.491905,0.414296,0.000068,0.00041
ACCTGCGTGTCATGTT-1,0.000027,0.000027,0.000027,0.621685,0.000027,0.378209
ACCTTTCCTTTAGAAG-1,0.000083,0.085592,0.417485,0.466004,0.000083,0.030753
ACGAAATGGGCGGCAC-1,0.000069,0.019701,0.203925,0.576311,0.081324,0.11867
ACGACCCATGAGTTGC-1,0.00001,0.00001,0.000073,0.00002,0.12337,0.876517
ACGACTCTAGGGCCGA-1,0.000028,0.00506,0.301197,0.02629,0.143277,0.524148
ACGACTGGTCATACTC-1,0.00004,0.00561,0.078563,0.782385,0.00004,0.133363
ACGAGAACCCATCACG-1,0.00003,0.049353,0.00003,0.273633,0.033848,0.643105
ACGAGATATTTGCTTA-1,0.000043,0.000043,0.036156,0.326521,0.076078,0.561158
ACGAGGATACCACTCT-1,0.000068,0.150879,0.050698,0.717249,0.080699,0.000408
ACGAGGTTTACAACGT-1,0.000051,0.024303,0.14748,0.487492,0.000051,0.340623
ACGAGTACGGATGCCC-1,0.000041,0.000041,0.009277,0.384674,0.000041,0.605925
ACGAGTCGCCGGCGTT-1,0.000056,0.609204,0.040501,0.000112,0.152453,0.197675
ACGATACATAGAACTA-1,0.000029,0.018802,0.000029,0.345304,0.058378,0.577459
ACGATACCTATCCTGA-1,0.000064,0.09499,0.027456,0.204105,0.444679,0.228707
ACGATCATACATAGAG-1,0.000055,0.000055,0.096323,0.720045,0.000055,0.183466
ACGATCATCTTGTAAA-1,0.000063,0.008135,0.058877,0.667571,0.000063,0.26529
ACGATGCATATGTTAT-1,0.000059,0.000059,0.150065,0.608877,0.118437,0.122503
ACGATGGATCCGATGC-1,0.000055,0.049003,0.129528,0.301853,0.041206,0.478355
ACGCAAACTAATAGAT-1,0.000063,0.000063,0.315714,0.540815,0.054298,0.089045
ACGCAATCACTACAGC-1,0.000026,0.000026,0.000026,0.273697,0.000026,0.726199
ACGCATAAATGACATG-1,0.000019,0.000019,0.080187,0.054411,0.291482,0.573881
ACGCATACGTTTACTA-1,0.000044,0.000044,0.130438,0.345643,0.000044,0.523786
ACGCATTCGTGAGTAC-1,0.000066,0.007537,0.040825,0.578383,0.000066,0.373124
ACGCCACTCGAAACAG-1,0.00003,0.004133,0.273311,0.405646,0.01878,0.2981
ACGCCAGATGATTTCT-1,0.000126,0.230119,0.174855,0.594017,0.000126,0.000756
ACGCCAGTGCGTTTGC-1,0.000023,0.000023,0.257222,0.025557,0.000023,0.717152
ACGCCCAGCTGTCGAT-1,0.00004,0.092336,0.000662,0.320774,0.040025,0.546162
ACGCGAAGTCAGACGA-1,0.000141,0.333999,0.188734,0.47614,0.000141,0.000846
ACGCGCTACACAGGGT-1,0.000049,0.050116,0.194682,0.746013,0.000049,0.00909
ACGCGGGCCAAGGACA-1,0.000075,0.058884,0.176481,0.497091,0.000075,0.267396
ACGCGTTTCTTAAGAG-1,0.000034,0.027105,0.045304,0.23886,0.000034,0.688663
ACGCTACTGAATGGGC-1,0.00001,0.00001,0.034677,0.024168,0.00001,0.941125
ACGCTAGTATCAGTGC-1,0.000028,0.000028,0.226891,0.000056,0.050834,0.722164
ACGCTAGTGATACACT-1,0.000038,0.000038,0.007288,0.515321,0.000038,0.477276
ACGCTGTGAGGCGTAG-1,0.000056,0.026999,0.010221,0.541035,0.043154,0.378536
ACGCTTAGTGTCTCTC-1,0.000048,0.000048,0.000048,0.231101,0.033526,0.73523
ACGGAACACGAGTGCC-1,0.000045,0.067261,0.283523,0.396417,0.000045,0.252708
ACGGAATTTAGCAAAT-1,0.000016,0.074519,0.000016,0.065129,0.044635,0.815684
ACGGACGCAGCGACAA-1,0.000059,0.048777,0.713811,0.122493,0.114506,0.000353
ACGGACTCTCAAAGCG-1,0.000061,0.055752,0.001767,0.692116,0.000061,0.250243
ACGGAGCGCAAATTAC-1,0.000039,0.032673,0.02191,0.561093,0.122587,0.261698
ACGGATGGTGCGGATA-1,0.000136,0.079096,0.000136,0.919683,0.000136,0.000814
ACGGCACTTGCTTGGG-1,0.000096,0.248756,0.000096,0.554858,0.195617,0.000577
ACGGCCAACATGGACT-1,0.000069,0.090867,0.007041,0.861672,0.039939,0.000413
ACGGCGACGATGGGAA-1,0.000057,0.000057,0.030162,0.969324,0.000057,0.000343
ACGGCGGGTTGCCCTG-1,0.000086,0.200021,0.060692,0.399729,0.006941,0.332531
ACGGCTGGATGTAGAA-1,0.000066,0.000066,0.426345,0.310085,0.221169,0.042268
ACGGGAGTGTCGGCCC-1,0.000061,0.034385,0.036328,0.735589,0.000061,0.193576
ACGGGCGTATGCGACA-1,0.000065,0.000065,0.192547,0.167567,0.000065,0.639692
ACGGGTCATGTGACTT-1,0.000055,0.400368,0.000055,0.230423,0.000055,0.369044
ACGGGTTGTGACCTGT-1,0.000012,0.000012,0.07611,0.051401,0.1628,0.709666
ACGGTACAGTTCAATG-1,0.000025,0.000025,0.175137,0.084153,0.027546,0.713115
ACGGTCACCGAGAACA-1,0.000044,0.207122,0.175121,0.207259,0.410186,0.000267
ACGTACAGATTTCTCT-1,0.000064,0.045672,0.128599,0.649073,0.000064,0.176528
ACGTACTTTGGCACGG-1,0.000078,0.028312,0.790659,0.129526,0.050958,0.000468
ACGTAGATTGCTGATG-1,0.000145,0.000145,0.252204,0.74649,0.000145,0.000871
ACGTAGGAGAGTCGCT-1,0.000011,0.000011,0.000011,0.016438,0.000011,0.983517
ACGTATTACTCCGATC-1,0.000025,0.000025,0.000025,0.155734,0.050715,0.793478
ACGTCCTAAACGAGAT-1,0.000025,0.000025,0.055163,0.000765,0.211131,0.732891
ACGTCGGGCAACTCGG-1,0.000041,0.038364,0.459855,0.203721,0.0685,0.229518
ACGTCTCGTTCCGGGA-1,0.000057,0.000616,0.22147,0.349492,0.009541,0.418824
ACGTGACAAAGTAAGT-1,0.000069,0.058417,0.335964,0.242497,0.011596,0.351457
ACGTGCGCCTCGTGCA-1,0.000024,0.014077,0.000024,0.238544,0.050806,0.696525
ACGTGGTCGAATGTGC-1,0.00004,0.00004,0.123109,0.066036,0.105622,0.705152
ACGTTAGATTTGCCCG-1,0.000084,0.000084,0.22891,0.539055,0.158838,0.07303
ACGTTATTGGTCACTC-1,0.000082,0.000082,0.176465,0.228113,0.000082,0.595175
ACGTTCACTATGCCGC-1,0.00005,0.00005,0.63013,0.369417,0.00005,0.000302
ACGTTCCGCGCTCCGT-1,0.00006,0.009932,0.011763,0.745969,0.00006,0.232216
ACGTTCGCAATCAATT-1,0.000021,0.000021,0.001542,0.170056,0.000021,0.828339
ACGTTCGTTCAGGAAA-1,0.000051,0.008517,0.000051,0.804901,0.173323,0.013157
ACGTTCTGTACAAGTC-1,0.000089,0.000089,0.616672,0.315553,0.000089,0.067507
ACGTTGTCGTTGAAAG-1,0.000026,0.000026,0.164978,0.026586,0.030948,0.777436
ACGTTTAGTTGTGATC-1,0.00007,0.00007,0.046584,0.662302,0.05968,0.231293
ACGTTTCGGTGCACTT-1,0.000021,0.036226,0.064681,0.098396,0.168461,0.632215
ACTAAGGACGCACACC-1,0.000017,0.010705,0.041677,0.020704,0.089243,0.837654
ACTAATACGTCAGGCG-1,0.000061,0.014936,0.072526,0.333698,0.091087,0.487692
ACTACAAAGAGAGGTG-1,0.000026,0.007212,0.052189,0.142867,0.456809,0.340897
ACTACATCCCGACAAG-1,0.000088,0.189897,0.170939,0.638463,0.000088,0.000525
ACTACCAGCTCTCTGG-1,0.000047,0.00019,0.097933,0.383874,0.022735,0.495221
ACTACCATCCGAGGGC-1,0.000049,0.155093,0.471427,0.024971,0.278928,0.069533
ACTACGCGTTAGAATT-1,0.000048,0.000048,0.019241,0.657902,0.000048,0.322714
ACTAGTTGCGATCGTC-1,0.000067,0.142672,0.067379,0.501154,0.000067,0.288662
ACTATATGCTGTGTTC-1,0.000063,0.000063,0.05331,0.193788,0.08539,0.667386
ACTATCCAGGGCATGG-1,0.000022,0.000022,0.00021,0.443626,0.000022,0.556099
ACTATCGCCGGCTAAA-1,0.00003,0.952674,0.00003,0.00006,0.047026,0.00018
ACTATCTGCCCGCGTA-1,0.000019,0.000019,0.004911,0.257997,0.000019,0.737036
ACTATGTCCAGCTGCC-1,0.000031,0.000031,0.000031,0.427105,0.000031,0.57277
ACTATTCGTCCGTGGT-1,0.000122,0.023306,0.183016,0.792701,0.000122,0.000732
ACTATTTCCGGGCCCA-1,0.000035,0.040104,0.011528,0.16166,0.240003,0.54667
ACTCAACGAATGTATT-1,0.000058,0.04083,0.140032,0.332464,0.000058,0.486559
ACTCAAGTGCAAGGCT-1,0.000033,0.000033,0.083218,0.287467,0.009825,0.619424
ACTCAATAAAGGCACG-1,0.00008,0.035132,0.047296,0.916929,0.00008,0.000482
ACTCAGACCTGCTTCT-1,0.000068,0.0201,0.08662,0.377415,0.224726,0.29107
ACTCATGGCAGCCTTC-1,0.000056,0.000056,0.334705,0.407558,0.257288,0.000337
ACTCCAATATCATCAT-1,0.000041,0.018448,0.013892,0.654778,0.1409,0.171941
ACTCCCATTCCTAAAG-1,0.000058,0.000058,0.150604,0.134614,0.247359,0.467307
ACTCCCGAATTCGTTT-1,0.00006,0.00006,0.018512,0.688055,0.00006,0.293254
ACTCCCGTAGACTAGG-1,0.000017,0.001777,0.057159,0.000304,0.234603,0.70614
ACTCCCTAATGCTAAA-1,0.000073,0.013836,0.023864,0.961715,0.000073,0.000439
ACTCCGGCCGACCACT-1,0.000065,0.199033,0.309692,0.490755,0.000065,0.00039
ACTCGATGTATTTCAT-1,0.000062,0.141399,0.010079,0.412385,0.000284,0.435791
