Barcode,Topic 1,Topic 2,Topic 3to8,Topic 9,Topic 10,Topic 11to13
AAACAACGAATAGTTC-1,0.000008,0.000008,0.929288,0.051278,0.000008,0.019409
AAACAAGTATCTCCCA-1,0.031409,0.070203,0.634498,0.02453,0.022129,0.217231
AAACAATCTACTAGCA-1,0.000023,0.001472,0.816162,0.138889,0.000023,0.043432
AAACACCAATAACTGC-1,0.000017,0.014605,0.723369,0.101906,0.000017,0.160087
AAACAGAGCGACTCCT-1,0.362499,0.044599,0.125159,0.212362,0.201453,0.053928
AAACAGCTTTCAGAAG-1,0.000031,0.147206,0.30875,0.000071,0.017525,0.526418
AAACAGGGTCTATATT-1,0.000052,0.01615,0.113092,0.487955,0.025692,0.357059
AAACAGTGTTCCTGGG-1,0.015365,0.055441,0.000191,0.788371,0.000032,0.140601
AAACATGGTGAGAGGA-1,0.000035,0.109928,0.186186,0.09014,0.000035,0.613677
AAACATTTCCCGGATT-1,0.000021,0.009408,0.621144,0.068515,0.001604,0.299308
AAACCACTACACAGAT-1,0.99976,0.00002,0.00012,0.00002,0.00002,0.00006
AAACCCGAACGAAATC-1,0.006542,0.031773,0.629147,0.07108,0.069109,0.192348
AAACCGGAAATGTTAA-1,0.061897,0.03091,0.772276,0.000011,0.061038,0.073868
AAACCGGGTAGGTACC-1,0.000037,0.034857,0.062096,0.001808,0.022071,0.879131
AAACCGTTCGTCCAGG-1,0.000043,0.5183,0.000261,0.248139,0.065172,0.168085
AAACCTAAGCAGCCGG-1,0.000011,0.030498,0.636301,0.028201,0.000011,0.304978
AAACCTCATGAAGTTG-1,0.000087,0.000087,0.000524,0.639317,0.007872,0.352112
AAACGAAGAACATACC-1,0.000024,0.022711,0.483884,0.009861,0.201645,0.281876
AAACGAAGATGGAGTA-1,0.000052,0.000052,0.052238,0.141281,0.008929,0.797448
AAACGACAGTCTTGCC-1,0.999744,0.000021,0.000128,0.000021,0.000021,0.000064
AAACGAGACGGTTGAT-1,0.000008,0.000008,0.934125,0.040919,0.000008,0.024932
AAACGCCCGAGATCGG-1,0.819949,0.00005,0.000298,0.00005,0.179505,0.000149
AAACGCTGGGCACGAC-1,0.000027,0.041473,0.125595,0.10421,0.158413,0.570282
AAACGGGCGTACGGGT-1,0.000037,0.661036,0.000223,0.026365,0.245196,0.067143
AAACGGGTTGGTATCC-1,0.000013,0.034702,0.822635,0.007533,0.000444,0.134673
AAACGGTTGCGAACTG-1,0.000016,0.065208,0.759996,0.032597,0.000016,0.142166
AAACGTGTTCGCCCTA-1,0.793021,0.096505,0.000156,0.107426,0.002815,0.000078
AAACTAACGTGGCGAC-1,0.735485,0.078138,0.167761,0.000043,0.018443,0.00013
AAACTCGGTTCGCAAT-1,0.000017,0.046647,0.671593,0.023258,0.000017,0.258468
AAACTCGTGATATAAG-1,0.15336,0.000037,0.081553,0.29319,0.460821,0.011039
AAACTGCTGGCTCCAA-1,0.000012,0.06827,0.566418,0.001739,0.000012,0.363549
AAACTTAATTGCACGC-1,0.005518,0.05841,0.326346,0.068996,0.017231,0.523499
AAACTTGCAAACGTAT-1,0.000066,0.695908,0.000393,0.161727,0.141709,0.000197
AAAGAATGACCTTAGA-1,0.000014,0.000014,0.978318,0.000014,0.000014,0.021627
AAAGAATGTGGACTAA-1,0.000031,0.000031,0.164156,0.088512,0.054855,0.692415
AAAGACATGAAGTTTA-1,0.423728,0.002384,0.18472,0.07565,0.301068,0.012451
AAAGACCCAAGTCGCG-1,0.068531,0.030856,0.202935,0.013492,0.176521,0.507665
AAAGACTGGGCGCTTT-1,0.000045,0.010406,0.139443,0.334699,0.005039,0.510368
AAAGCTTGCCTACATA-1,0.841892,0.157907,0.000109,0.000018,0.000018,0.000055
AAAGGCCCTATAATAC-1,0.000022,0.338583,0.429537,0.011933,0.000022,0.219902
AAAGGCTACGGACCAT-1,0.00527,0.000029,0.529387,0.067377,0.006772,0.391165
AAAGGCTCTCGCGCCG-1,0.000041,0.103211,0.374663,0.048239,0.021885,0.451961
AAAGGGATGTAGCAAG-1,0.000044,0.000044,0.02926,0.257003,0.044754,0.668894
AAAGGGCAGCTTGAAT-1,0.00006,0.10507,0.000358,0.00006,0.106884,0.787569
AAAGGTAAGCTGTACC-1,0.707373,0.048223,0.083855,0.051003,0.10939,0.000157
AAAGGTCAACGACATG-1,0.789738,0.002668,0.00017,0.143825,0.056052,0.007548
AAAGTAGCATTGCTCA-1,0.000069,0.019831,0.000414,0.591155,0.241794,0.146738
AAAGTCACTGATGTAA-1,0.044655,0.000027,0.715203,0.000027,0.027693,0.212396
AAAGTCGACCCTCAGT-1,0.000132,0.000132,0.028022,0.484991,0.121039,0.365686
AAAGTGCCATCAATTA-1,0.005026,0.004282,0.850217,0.000011,0.032637,0.107827
AAAGTGTGATTTATCT-1,0.02012,0.017797,0.427289,0.015388,0.023293,0.496114
AAAGTTGACTCCCGTA-1,0.000011,0.134674,0.744223,0.000011,0.025355,0.095726
AAATAACCATACGGGA-1,0.000733,0.020043,0.618305,0.011973,0.132052,0.216895
AAATAAGGTAGTGCCC-1,0.060254,0.023151,0.637026,0.0177,0.145664,0.116205
AAATACCTATAAGCAT-1,0.000019,0.075999,0.615279,0.000019,0.022047,0.286638
AAATAGCTTAGACTTT-1,0.069313,0.14503,0.732122,0.002326,0.013697,0.037512
AAATAGGGTGCTATTG-1,0.000045,0.000045,0.001181,0.080412,0.053978,0.864339
AAATCACTCCTAAACG-1,0.948024,0.000027,0.000162,0.000871,0.050836,0.000081
AAATCCGATACACGCC-1,0.003651,0.00188,0.260485,0.032191,0.081615,0.620179
AAATCGCGGAAGGAGT-1,0.000037,0.435019,0.200824,0.145452,0.000037,0.218632
AAATCGTGTACCACAA-1,0.000019,0.025919,0.462936,0.000019,0.00274,0.508368
AAATCTAGCCCTGCTA-1,0.000039,0.009928,0.24135,0.000039,0.002228,0.746415
AAATCTGCCCGCGTCC-1,0.051922,0.343773,0.603315,0.000015,0.000015,0.00096
AAATGACTGATCAAAC-1,0.000013,0.056785,0.535276,0.000013,0.000013,0.407899
AAATGATTCGATCAGC-1,0.423844,0.000052,0.000309,0.332777,0.242864,0.000155
AAATGCTCGTTACGTT-1,0.000042,0.080337,0.238037,0.000064,0.02706,0.654459
AAATGGCATGTCTTGT-1,0.038605,0.000022,0.592604,0.004454,0.129183,0.235132
AAATGGCCCGTGCCCT-1,0.080106,0.037248,0.350851,0.443599,0.000048,0.088149
AAATGGTCAATGTGCC-1,0.000045,0.000045,0.029568,0.466648,0.001948,0.501747
AAATGTATCTTATCCC-1,0.000057,0.084062,0.362046,0.544783,0.000057,0.008995
AAATGTGGGTGCTCCT-1,0.00059,0.000008,0.865282,0.003063,0.017376,0.113681
AAATTAACGGGTAGCT-1,0.000053,0.000053,0.000315,0.371653,0.016138,0.611789
AAATTAATAAGCGCGA-1,0.000066,0.000066,0.015652,0.729338,0.030652,0.224226
AAATTACACGACTCTG-1,0.000025,0.000025,0.316947,0.02786,0.166202,0.488941
AAATTACCTATCGATG-1,0.001266,0.005299,0.799853,0.000014,0.092056,0.101511
AAATTCCAGGTCCAAA-1,0.051952,0.147104,0.251693,0.11467,0.261073,0.173508
AAATTGATAGTCCTTT-1,0.000067,0.210164,0.000404,0.368356,0.273296,0.147712
AAATTGCGGCGGTTCT-1,0.000017,0.062722,0.738446,0.007579,0.000169,0.191066
AAATTGGTGAGAAGCA-1,0.868707,0.119814,0.000152,0.011225,0.000025,0.000076
AAATTTACCGAAATCC-1,0.034209,0.000016,0.630771,0.001166,0.26742,0.066418
AAATTTGCGGGTGTGG-1,0.000023,0.000023,0.387999,0.003642,0.00818,0.600133
AACAACTGGTAGTTGC-1,0.000017,0.00737,0.855308,0.040633,0.000017,0.096654
AACAATACATTGTCGA-1,0.000038,0.067357,0.136574,0.672994,0.000038,0.123
AACAATTACTCTACGC-1,0.000034,0.13044,0.38177,0.000034,0.006161,0.481561
AACACACGCTCGCCGC-1,0.006048,0.000635,0.834983,0.097766,0.00001,0.060558
AACACGACTGTACTGA-1,0.021419,0.005942,0.861896,0.07166,0.018559,0.020525
AACACGAGACGCGGCC-1,0.004349,0.557166,0.000323,0.340201,0.074009,0.023954
AACACGCGGCCGCGAA-1,0.000007,0.012504,0.978568,0.000007,0.000007,0.008908
AACAGCTGTGTGGCAA-1,0.000062,0.340933,0.000373,0.406121,0.117238,0.135274
AACAGGAAATCGAATA-1,0.00003,0.00003,0.199336,0.278339,0.24583,0.276435
AACAGGATGGGCCGCG-1,0.000034,0.037615,0.286785,0.000034,0.022509,0.653024
AACAGGTAGTATGGAT-1,0.001069,0.010589,0.858866,0.016171,0.054763,0.058542
AACATAGCGTGTATCG-1,0.00001,0.06024,0.801847,0.00001,0.00001,0.137883
AACATATCAACTGGTG-1,0.000024,0.000024,0.475383,0.030294,0.245097,0.249178
AACATCGATACGTCTA-1,0.69344,0.017989,0.279997,0.000027,0.008463,0.000084
AACATTGAAGTTGATC-1,0.000933,0.021893,0.59162,0.130656,0.000028,0.254871
AACATTGGTCAGCCGT-1,0.000045,0.000045,0.317775,0.215097,0.000931,0.466107
AACATTGTGACTCGAG-1,0.000028,0.000028,0.348604,0.21819,0.007671,0.425479
AACCAAGACTTCTCTG-1,0.00003,0.010409,0.43819,0.00554,0.00003,0.5458
AACCAGTATCACTCTT-1,0.448692,0.000037,0.119008,0.288859,0.100965,0.042438
AACCATAGGGTTGAAC-1,0.036204,0.135531,0.128578,0.052975,0.000041,0.646672
AACCATGGGATCGCTA-1,0.000017,0.04198,0.790675,0.000017,0.000017,0.167295
AACCCAGAGACGGAGA-1,0.000017,0.0458,0.724533,0.000017,0.000017,0.229615
AACCCATCCCATGATC-1,0.000047,0.001017,0.116527,0.203768,0.000047,0.678593
AACCCGACAACCCGTG-1,0.076163,0.03658,0.000327,0.862036,0.000054,0.024839
AACCCGAGCAGAATCG-1,0.076777,0.023886,0.755089,0.002051,0.008842,0.133354
AACCCGATAGGGCTTC-1,0.945209,0.000036,0.000215,0.000036,0.054397,0.000107
AACCCGCTGTATTCCA-1,0.000014,0.035976,0.515881,0.000014,0.000014,0.448103
AACCCTACTGTCAATA-1,0.016607,0.072596,0.670332,0.11596,0.008169,0.116336
AACCCTGGTGGAACCA-1,0.00081,0.000307,0.77002,0.000013,0.111426,0.117424
AACCGAGCTTGGTCAT-1,0.000064,0.000064,0.035627,0.005544,0.173585,0.785117
AACCGCTAAGGGATGC-1,0.000036,0.034218,0.198464,0.013586,0.07154,0.682155
AACCGTTGTGTTTGCT-1,0.000011,0.000011,0.894287,0.000011,0.02339,0.082289
AACCTAAAGCCGTCCG-1,0.056229,0.000011,0.689036,0.142115,0.057155,0.055454
AACCTCGCTTTAGCCC-1,0.041755,0.015565,0.329605,0.309002,0.000031,0.304042
AACCTGTCACGGAATT-1,0.415062,0.02199,0.218381,0.209717,0.02102,0.113829
AACCTTTAAATACGGT-1,0.000017,0.000017,0.687742,0.113378,0.000017,0.198829
AACCTTTACGACGTCT-1,0.019133,0.000064,0.206121,0.033759,0.533978,0.206945
AACGAAAGTCGTCCCA-1,0.000031,0.257523,0.481397,0.123475,0.000031,0.137544
AACGACCTCCTAGCCG-1,0.000011,0.173973,0.701886,0.000282,0.012243,0.111606
AACGATAATGCCGTAG-1,0.000024,0.040223,0.21505,0.028544,0.028459,0.687701
AACGATAGAAGGGCCG-1,0.00003,0.00003,0.438943,0.06569,0.04401,0.451297
AACGATATGTCAACTG-1,0.061985,0.005697,0.757708,0.003599,0.014183,0.156829
AACGCATGATCTGGGT-1,0.23737,0.000039,0.018834,0.058683,0.589867,0.095208
AACGCGAACGGCAACA-1,0.000028,0.037331,0.2342,0.371523,0.003843,0.353074
AACGCGACCTTGGGCG-1,0.000042,0.000042,0.026474,0.000042,0.021324,0.952078
AACGCGGTCTCCAGCC-1,0.022148,0.014134,0.289667,0.174335,0.076724,0.422992
AACGCTGTTGCTGAAA-1,0.000017,0.005234,0.844867,0.032217,0.000017,0.117647
AACGGACGTACGTATA-1,0.000014,0.073465,0.876543,0.000014,0.000014,0.049949
AACGGCCATCTCCGGT-1,0.000025,0.000025,0.235469,0.000025,0.00169,0.762767
AACGTACTGTGGGTAC-1,0.000034,0.004436,0.28813,0.018549,0.001493,0.687358
AACGTAGTCTACCCAT-1,0.089411,0.134804,0.328613,0.019548,0.174423,0.253201
AACGTCAGACTAGTGG-1,0.000017,0.061609,0.754606,0.098394,0.000017,0.085357
AACGTCATCCGGCTTG-1,0.000032,0.013299,0.000192,0.624858,0.003273,0.358346
AACGTCGCTGCACTTC-1,0.048713,0.002154,0.409148,0.12894,0.033064,0.37798
AACGTGATGAAGGACA-1,0.000019,0.000019,0.68147,0.217963,0.024346,0.076185
AACGTGCGAAAGTCTC-1,0.030463,0.000023,0.578045,0.043778,0.028045,0.319646
AACGTTATCAGCACCT-1,0.000103,0.000086,0.000514,0.775444,0.054297,0.169557
AACGTTCTACCATTGT-1,0.000023,0.003282,0.533237,0.002959,0.068917,0.391583
AACTACCCGTTTGTCA-1,0.000025,0.021935,0.456087,0.092413,0.10547,0.32407
AACTAGCGTATCGCAC-1,0.000054,0.000054,0.045249,0.000054,0.342654,0.611934
AACTAGGCTTGGGTGT-1,0.00004,0.003074,0.427682,0.107285,0.00004,0.461879
AACTCAAGTTAATTGC-1,0.000027,0.097068,0.213736,0.189865,0.000027,0.499278
AACTCCAGAGCGTGTT-1,0.000027,0.058703,0.406867,0.069772,0.027601,0.43703
AACTCCTAATCCCATG-1,0.135502,0.000022,0.355019,0.006123,0.238432,0.264903
AACTCGATAAACACGT-1,0.000045,0.000045,0.117201,0.396809,0.002926,0.482974
AACTCGATGGCGCAGT-1,0.13568,0.129473,0.284354,0.038003,0.000029,0.412461
AACTCTCAATAGAGCG-1,0.02316,0.000025,0.568821,0.050779,0.130556,0.226657
AACTCTCAGTGTGCTC-1,0.000033,0.000033,0.225952,0.001265,0.007322,0.765394
AACTGAGGTCAGCGTC-1,0.801301,0.000095,0.000569,0.035833,0.161918,0.000285
AACTGAGTTATACTGA-1,0.001157,0.251814,0.554387,0.031845,0.105496,0.055301
AACTGATATTAGGCCT-1,0.000029,0.018275,0.593188,0.158465,0.016563,0.213479
AACTGGGTCCCGACGT-1,0.00004,0.00004,0.34591,0.154493,0.064901,0.434616
AACTGGGTTCGAGCCG-1,0.000032,0.000032,0.22528,0.344054,0.383525,0.047077
AACTGGTGTGGGCCTT-1,0.005756,0.000017,0.635448,0.013379,0.04202,0.30338
AACTTCTGCGTCTATC-1,0.000028,0.12239,0.613858,0.107174,0.000028,0.156521
AACTTGCCCGTATGCA-1,0.000035,0.002074,0.457097,0.014458,0.000035,0.526301
AACTTGCGTTCTCGCG-1,0.000022,0.04174,0.631354,0.000022,0.000022,0.326839
AACTTTACGGGAGCTT-1,0.000059,0.006696,0.520198,0.386306,0.000059,0.086683
AACTTTAGCTGCTGAG-1,0.036077,0.000042,0.317612,0.000059,0.103645,0.542565
AACTTTCTCGATCATG-1,0.721569,0.069423,0.103892,0.006638,0.05974,0.038738
AAGAAAGTTTGATGGG-1,0.071784,0.000053,0.314423,0.000032,0.008688,0.605019
AAGAAATCACCAGATT-1,0.999644,0.00003,0.000178,0.00003,0.00003,0.000089
AAGAAGGATCAGTTAG-1,0.000052,0.002915,0.093249,0.031902,0.004285,0.867598
AAGACATACGTGGTTT-1,0.000008,0.001826,0.919335,0.000008,0.000008,0.078815
AAGACCAAATAACTCA-1,0.00002,0.041785,0.697285,0.033231,0.00002,0.227659
AAGACCCAACTGAACA-1,0.096495,0.00563,0.397931,0.138227,0.000022,0.361695
AAGACTAACCCGTTGT-1,0.000029,0.000029,0.348408,0.000029,0.028615,0.622891
AAGACTCACGCCCACT-1,0.387487,0.000028,0.27778,0.002055,0.275823,0.056827
AAGACTGCAAGCTACT-1,0.038319,0.08669,0.270467,0.210268,0.005465,0.38879
AAGAGATGAATCGGTA-1,0.000036,0.00956,0.441813,0.000036,0.000036,0.548519
AAGAGCTCTTTATCGG-1,0.000047,0.000047,0.10352,0.001247,0.125681,0.769459
AAGAGGATGTACGCGA-1,0.000023,0.007624,0.50694,0.000023,0.000023,0.485368
AAGAGGCATGGATCGC-1,0.000013,0.000013,0.886779,0.000013,0.00268,0.110503
AAGAGGCCCTTTGGAA-1,0.000026,0.033426,0.414407,0.000026,0.010513,0.541602
AAGATGGCACCGGACC-1,0.029989,0.000829,0.21131,0.33442,0.021146,0.402306
AAGATTGGCGGAACGT-1,0.000007,0.000007,0.975208,0.000007,0.011791,0.012979
AAGCACCCTGCGTATC-1,0.00002,0.095011,0.773462,0.00002,0.00002,0.131468
AAGCATACTCTCCTGA-1,0.027065,0.003147,0.880905,0.003701,0.000012,0.08517
AAGCCACTTGCAGGTA-1,0.01295,0.000039,0.021246,0.027346,0.003899,0.934521
AAGCCGAAGCGGTTTA-1,0.092447,0.018333,0.691859,0.000024,0.058915,0.138422
AAGCCGCCGTGAAATC-1,0.011595,0.122172,0.137563,0.22323,0.004786,0.500655
AAGCCGCTTTACCTTG-1,0.861653,0.000019,0.118165,0.000019,0.000019,0.020123
AAGCCGGAGAGCAGGA-1,0.000011,0.04392,0.911998,0.000833,0.002415,0.040823
AAGCGCAGGGCTTTGA-1,0.000045,0.000045,0.011182,0.123309,0.029679,0.835739
AAGCGGAGTGCGCGCA-1,0.971786,0.000026,0.000154,0.027932,0.000026,0.000077
AAGCGGCGTCATGGGT-1,0.088483,0.000056,0.000338,0.326494,0.58446,0.000169
AAGCGTCCCTCATCGA-1,0.0001,0.078179,0.0006,0.782603,0.11534,0.023177
AAGCTAGATCGAGTAA-1,0.020106,0.058248,0.898194,0.000011,0.000011,0.02343
AAGCTATGGATTGACC-1,0.000025,0.000025,0.470498,0.000025,0.070815,0.458612
AAGCTCGTGCCAAGTC-1,0.000013,0.000013,0.901316,0.019745,0.000013,0.078901
AAGCTCTTTCATGGTG-1,0.000022,0.128812,0.720921,0.023175,0.000022,0.127049
AAGGAGAACTTATAAG-1,0.058501,0.00002,0.66084,0.055596,0.102899,0.122145
AAGGAGCGGTTGGTGC-1,0.000051,0.020394,0.305212,0.107813,0.000171,0.566359
AAGGATCGATCGCTTG-1,0.016533,0.003099,0.975649,0.000009,0.000619,0.004091
AAGGATGAGGGACCTC-1,0.084667,0.01615,0.702911,0.029451,0.044777,0.122043
AAGGCAGGCTGTCTCC-1,0.005062,0.114482,0.764155,0.000471,0.005062,0.110767
AAGGCGCGTAAAGCTT-1,0.00003,0.115698,0.320846,0.00003,0.022997,0.5404
AAGGCTGTGCTCATCG-1,0.000054,0.068001,0.12124,0.068432,0.140548,0.601725
AAGGGAACGACTGGCT-1,0.038038,0.004497,0.862224,0.014187,0.000011,0.081043
AAGGGACAGATTCTGT-1,0.032767,0.012514,0.260237,0.351541,0.275315,0.067626
AAGGGACTATGCATTC-1,0.061156,0.060569,0.000324,0.829192,0.00288,0.04588
AAGGGTTAGCCATGCG-1,0.000006,0.00454,0.991824,0.000006,0.000006,0.003618
AAGGGTTTGATTTCAG-1,0.000051,0.044088,0.346969,0.190647,0.000051,0.418194
AAGGTATCCTAATATA-1,0.000035,0.000035,0.396523,0.124644,0.250233,0.228531
AAGGTGATAAACCAGC-1,0.000039,0.47562,0.152938,0.090987,0.079983,0.200432
AAGTAAGCTTCCAAAC-1,0.000007,0.000007,0.905472,0.000007,0.020181,0.074326
AAGTAGAAGACCGGGT-1,0.000014,0.033589,0.791548,0.005733,0.000014,0.169101
AAGTAGTGACGCGAGG-1,0.000027,0.050555,0.418173,0.193948,0.000027,0.33727
AAGTCAATTGTCGTCA-1,0.000019,0.095421,0.68649,0.000356,0.024319,0.193396
AAGTCTAGTAGCTGCC-1,0.354838,0.046276,0.598813,0.000015,0.000015,0.000044
AAGTCTTCTGTGGCCT-1,0.000056,0.116825,0.520634,0.006209,0.000056,0.356221
AAGTGACGACCGAATT-1,0.000019,0.059295,0.644227,0.000019,0.000019,0.296422
AAGTGAGTCGGGTTTA-1,0.000022,0.002957,0.652218,0.000022,0.000022,0.344758
AAGTGCAAAGGTAGAC-1,0.000101,0.08269,0.000607,0.33476,0.303045,0.278796
AAGTGCCTTGACTGTA-1,0.000021,0.000021,0.722038,0.005999,0.144555,0.127365
AAGTGCGTTAGAATCT-1,0.00009,0.091169,0.000543,0.63317,0.019279,0.255748
AAGTGCTTCTCTATTG-1,0.000044,0.000044,0.006164,0.651441,0.000044,0.342263
AAGTGTTTGGAGACGG-1,0.000048,0.000048,0.000289,0.133734,0.089868,0.776013
AAGTTCACTCCAAGCT-1,0.000065,0.063757,0.014549,0.26604,0.14468,0.510909
AAGTTCAGTCTGCGTA-1,0.261831,0.008597,0.289994,0.029863,0.167908,0.241807
AAGTTCGGCCAACAGG-1,0.000048,0.02987,0.005388,0.051274,0.002792,0.910628
AAGTTGTGATGTTATA-1,0.000041,0.000041,0.21312,0.04821,0.035835,0.702753
AAGTTTACTAATGGCA-1,0.000028,0.000028,0.360704,0.009446,0.202591,0.427203
AAGTTTATGGGCCCAA-1,0.000017,0.02778,0.77659,0.008507,0.000017,0.18709
AATAACAACGCTCGGC-1,0.000014,0.016049,0.722717,0.000014,0.000014,0.261191
AATAACACTAGAACAA-1,0.000022,0.187566,0.384589,0.198146,0.000022,0.229656
AATAACGTCGCGCCCA-1,0.000022,0.020777,0.554834,0.008842,0.037751,0.377774
AATAAGTCCTCGAGAC-1,0.000025,0.000025,0.488096,0.025138,0.321901,0.164816
AATAATCTTCGTATCG-1,0.0417,0.03432,0.922533,0.000006,0.000006,0.001433
AATACAATGTTTCAGG-1,0.000018,0.087204,0.489422,0.000018,0.000018,0.423321
AATACCGGAGGGCTGT-1,0.031859,0.0735,0.000197,0.894312,0.000033,0.000099
AATACCTGATGTGAAC-1,0.000018,0.038247,0.796673,0.072533,0.000496,0.092032
AATAGAACAGAGTGGC-1,0.000019,0.074165,0.504863,0.054166,0.000019,0.366768
AATAGAATCTGTTTCA-1,0.000025,0.139062,0.495421,0.04491,0.003252,0.31733
AATAGCAAGCCTCCTG-1,0.37281,0.067431,0.549955,0.009704,0.000025,0.000075
AATAGCTACCGCGTGC-1,0.236383,0.072915,0.686482,0.000017,0.000017,0.004186
AATAGGCACGACCCTT-1,0.075232,0.00438,0.602588,0.063009,0.000018,0.254772
AATAGTCCGTCCCGAC-1,0.000035,0.014751,0.107979,0.001104,0.001411,0.87472
AATAGTCGCGAGTCGG-1,0.102443,0.145178,0.000675,0.437616,0.039816,0.274272
AATATCAAGGTCGGAT-1,0.000064,0.045502,0.000386,0.003476,0.306861,0.643711
AATATCCTAGCAAACT-1,0.000033,0.710442,0.170246,0.000033,0.000033,0.119214
AATATCGAATCAATGC-1,0.039492,0.143731,0.786262,0.000015,0.00629,0.024209
AATATCGAGGGTTCTC-1,0.000036,0.000036,0.088448,0.178573,0.092767,0.640139
AATATTGGAGTATTGA-1,0.00004,0.055547,0.173766,0.008161,0.00004,0.762445
AATCAGACTGCAGGAC-1,0.000022,0.014618,0.519556,0.023607,0.000022,0.442173
AATCAGGTTTCATTTA-1,0.000019,0.180239,0.640068,0.002263,0.000019,0.177392
AATCATGTAAAGACTC-1,0.000015,0.000015,0.828899,0.160517,0.000015,0.010538
AATCCAAGGGCCTGAG-1,0.046924,0.101031,0.199637,0.083887,0.126133,0.442388
AATCCATGCAAGGGTG-1,0.000038,0.009738,0.068757,0.49578,0.070359,0.355329
AATCCCGCTCAGAGCC-1,0.00004,0.00004,0.017487,0.614767,0.04843,0.319237
AATCGAGGTCTCAAGG-1,0.014619,0.057676,0.848124,0.0245,0.000008,0.055073
AATCGCCTCAGCGCCA-1,0.000025,0.000025,0.528707,0.122715,0.007586,0.340943
AATCGCGCAGAGGACT-1,0.012054,0.000032,0.093275,0.044184,0.257376,0.593079
AATCGGGACACTACGA-1,0.000034,0.000034,0.555593,0.000439,0.138467,0.305432
AATCGGTATAGCCCTC-1,0.000047,0.011377,0.067172,0.123005,0.015387,0.783012
AATCGTGAGCCGAGCA-1,0.000044,0.021875,0.346608,0.249746,0.000044,0.381683
AATCTAGGTTTACTTG-1,0.000031,0.048862,0.386128,0.057713,0.014611,0.492655
AATCTATGCCGGAGCC-1,0.156891,0.000033,0.314799,0.090534,0.263222,0.174522
AATCTCTACTGTGGTT-1,0.00012,0.00012,0.000719,0.464339,0.122969,0.411734
AATCTGCGTTGGGACG-1,0.000018,0.005178,0.707595,0.018548,0.076078,0.192582
AATCTGGCTTTCTAGT-1,0.000021,0.274664,0.362552,0.000146,0.004082,0.358534
AATCTGGGTAGACCCT-1,0.316083,0.000031,0.290904,0.134346,0.208658,0.049979
AATGACAGCAATGTCT-1,0.000038,0.000038,0.019,0.283639,0.000038,0.697248
AATGACGTAGGATGTC-1,0.000034,0.070622,0.276462,0.000034,0.018804,0.634044
AATGACTGTCAGCCGG-1,0.000039,0.000039,0.2318,0.000039,0.047174,0.72091
AATGAGTTCGCATATG-1,0.000025,0.097598,0.543753,0.199622,0.000025,0.158977
AATGATGATACGCTAT-1,0.028608,0.000014,0.726001,0.02218,0.081246,0.141952
AATGATGCGACTCCTG-1,0.000018,0.004583,0.804841,0.008543,0.08795,0.094065
AATGCAACCGGGTACC-1,0.000046,0.000046,0.000413,0.050899,0.127014,0.821582
AATGCACCAAGCAATG-1,0.130993,0.000022,0.182822,0.257678,0.275557,0.152927
AATGGCCGCCAATGCG-1,0.858554,0.000041,0.000243,0.000041,0.136887,0.004236
AATGGTCCACCGTTCA-1,0.048745,0.000065,0.138086,0.437701,0.010194,0.36521
AATGGTTCTCACAAGC-1,0.000042,0.146802,0.044325,0.356023,0.035958,0.416851
AATGTATGGCACTGTA-1,0.000012,0.489612,0.510313,0.000012,0.000012,0.000037
AATGTGCCCGAGGTGT-1,0.080133,0.304527,0.04686,0.494469,0.003603,0.070409
AATGTGCTAATCTGAG-1,0.00004,0.074614,0.051128,0.740424,0.003637,0.130157
AATGTTAAGACCCTGA-1,0.000019,0.075015,0.487267,0.225073,0.000325,0.212302
AATGTTGTCGTGAGAC-1,0.000011,0.010831,0.963335,0.000011,0.000011,0.025801
AATTAAAGGTCGGCGT-1,0.000033,0.133299,0.407772,0.000033,0.000033,0.45883
AATTAACGGATTTCCA-1,0.000029,0.000029,0.407008,0.083019,0.00725,0.502665
AATTACGAGACCCATC-1,0.000032,0.292925,0.543584,0.116847,0.000032,0.046579
AATTACTCGTACGCTC-1,0.000093,0.000093,0.010101,0.548565,0.108473,0.332675
AATTAGCGCTGCAGCG-1,0.011631,0.001384,0.639633,0.000026,0.006801,0.340525
AATTATACCCAGCAAG-1,0.000027,0.000027,0.163228,0.060508,0.01276,0.763449
AATTCATAAGGGATCT-1,0.000031,0.02769,0.333979,0.0725,0.18834,0.377459
AATTCATTGTCATGCA-1,0.000022,0.192408,0.798467,0.000022,0.000022,0.009059
AATTCCAACTTGGTGA-1,0.000024,0.00707,0.776035,0.035343,0.000024,0.181503
AATTCCAAGCATGTAC-1,0.038898,0.000051,0.037837,0.175125,0.010182,0.737907
AATTCGATTCGAGGAT-1,0.106338,0.027303,0.692024,0.017697,0.00002,0.156618
AATTCTAGAGTTAGGC-1,0.000045,0.000045,0.304296,0.000045,0.075918,0.61965
AATTGAACGCTCTGGT-1,0.000024,0.029759,0.620316,0.005037,0.004393,0.340471
AATTGCAGCAATCGAC-1,0.012973,0.000022,0.397389,0.091224,0.011173,0.487219
AATTGCGTGGATTACA-1,0.000039,0.093145,0.448194,0.029846,0.000039,0.428736
AATTGTGGTTGCCAAA-1,0.024151,0.000014,0.608682,0.009107,0.004007,0.354039
AATTTGGGACATAGTA-1,0.123701,0.000028,0.232136,0.384289,0.165277,0.094568
AATTTGGTTCCAAAGA-1,0.013894,0.089791,0.764308,0.000015,0.047026,0.084967
ACAAACCATGCGTCCT-1,0.00002,0.00002,0.871096,0.108451,0.00002,0.020395
ACAAACCGACAAGGCG-1,0.080627,0.000011,0.591028,0.084986,0.127549,0.115798
ACAAACTCCATCAGAG-1,0.000011,0.093881,0.510532,0.013701,0.000011,0.381865
ACAAAGAAGGTAGGCC-1,0.000043,0.050665,0.288065,0.068665,0.000043,0.592518
ACAAAGCATGACCTAG-1,0.000026,0.020233,0.295666,0.078668,0.094323,0.511083
ACAAATCGCACCGAAT-1,0.000014,0.01113,0.813405,0.058877,0.000014,0.116561
ACAAATGGTAGTGTTT-1,0.000037,0.000037,0.185557,0.268291,0.021964,0.524115
ACAAATTCAGATCTGA-1,0.658207,0.023129,0.000249,0.274851,0.043439,0.000124
ACAACAGCATGAGCTA-1,0.000035,0.031485,0.325206,0.000035,0.053061,0.590179
ACAACGGTCCCTGCGA-1,0.000012,0.000012,0.891501,0.000012,0.000012,0.108451
ACAAGCAGTGCCTAGC-1,0.000029,0.072282,0.241498,0.082187,0.002626,0.601378
ACAAGCTATATGGAAG-1,0.000039,0.162037,0.553206,0.033835,0.000039,0.250845
ACAAGGAAATCCGCCC-1,0.00785,0.011881,0.687139,0.166429,0.00002,0.126682
ACAAGGACAAGAGGTT-1,0.000063,0.133068,0.306608,0.034647,0.000063,0.525552
ACAAGGATGCTTTAGG-1,0.000036,0.000036,0.118539,0.145773,0.037157,0.698459
ACAAGGCCTACCAGCC-1,0.87946,0.054798,0.060147,0.000035,0.000035,0.005525
ACAAGGGCAGGCTCTG-1,0.000022,0.000022,0.558505,0.000022,0.029708,0.411721
ACAAGTAATTGTAAGG-1,0.012248,0.000021,0.413561,0.001988,0.046822,0.525361
ACAATAGTCGTACGTT-1,0.000136,0.007703,0.000817,0.534005,0.243404,0.213936
ACAATCCATTTAAACC-1,0.100605,0.075768,0.128951,0.000035,0.190381,0.504261
ACAATCGATCTTTATA-1,0.005895,0.000014,0.652735,0.105179,0.084746,0.151432
ACAATGAATACGGAGA-1,0.021258,0.643617,0.080184,0.17737,0.077416,0.000156
ACAATGATTCTTCTAC-1,0.711162,0.000079,0.000475,0.000079,0.287967,0.000237
ACAATTGTGTCTCTTT-1,0.000061,0.235515,0.055771,0.045843,0.169546,0.493264
ACAATTTAGGAGGCTC-1,0.000059,0.000587,0.303733,0.690594,0.000059,0.004969
ACAATTTGAGCAGTGG-1,0.03322,0.001201,0.762351,0.040481,0.00001,0.162736
ACAATTTGGCCATATT-1,0.131635,0.013257,0.728863,0.112585,0.000603,0.013058
ACACAAAGACGGGTGG-1,0.000018,0.000018,0.717129,0.007463,0.000153,0.275218
ACACAAATATTCCTAG-1,0.906609,0.02756,0.001983,0.063765,0.000021,0.000062
ACACACCAGGACCAGT-1,0.00002,0.004964,0.787214,0.005418,0.000089,0.202295
ACACACTTTCTACACG-1,0.039029,0.041395,0.406387,0.003319,0.152275,0.357596
ACACATGATCAAATCT-1,0.000022,0.000022,0.622601,0.14281,0.001272,0.233273
ACACATTGACGCAACA-1,0.000052,0.042463,0.069606,0.600442,0.000052,0.287385
ACACATTTCCGTAGAC-1,0.000037,0.024028,0.03158,0.033867,0.039389,0.871099
ACACCACATAATTAGC-1,0.229261,0.103016,0.470348,0.174917,0.003279,0.019179
ACACCCAGCATGCAGC-1,0.006109,0.005376,0.577037,0.146227,0.000029,0.265223
ACACCCGAGAAATCCG-1,0.000025,0.000025,0.616326,0.04885,0.000025,0.334749
ACACCCGTAAATCTGT-1,0.971634,0.00003,0.000183,0.00003,0.028031,0.000091
ACACCGAGCGCTCTTT-1,0.023677,0.056942,0.000877,0.825575,0.039723,0.053207
ACACCGGTCTGACCGC-1,0.000013,0.019846,0.978794,0.000013,0.000013,0.001322
ACACCTTAAGTAGGGC-1,0.000025,0.022275,0.584678,0.000054,0.057583,0.335386
ACACCTTACTACTTGC-1,0.000015,0.029618,0.885437,0.000015,0.005079,0.079837
ACACGAGACTCCTTCT-1,0.000015,0.000015,0.780849,0.011598,0.027596,0.179927
ACACGGCACTATGCAT-1,0.000029,0.000029,0.437788,0.000029,0.300737,0.261388
ACACGGGAACTTAGGG-1,0.052283,0.000045,0.273168,0.065362,0.190149,0.418993
ACACGTAGGCCACAAG-1,0.000013,0.000013,0.829283,0.000015,0.005609,0.165065
ACACTCCAATGTCACT-1,0.191153,0.017569,0.12487,0.016471,0.031658,0.61828
ACACTGATCAAGGTGT-1,0.011242,0.032139,0.142383,0.087555,0.009815,0.716865
ACACTGGGACAGTCGT-1,0.000005,0.043733,0.948493,0.000005,0.000005,0.007758
ACAGAACTGAGAACAA-1,0.134382,0.643108,0.000267,0.222064,0.000045,0.000134
ACAGATTAGGTTAGTG-1,0.000025,0.003294,0.778615,0.002441,0.034664,0.180961
ACAGCATAGAGCCAGT-1,0.000017,0.051767,0.85845,0.000017,0.000017,0.089731
ACAGCGACATTCTCAT-1,0.000029,0.000029,0.576301,0.000029,0.04235,0.381263
ACAGCGCACCCGCAGC-1,0.038635,0.051423,0.744586,0.023926,0.02762,0.113811
ACAGGAGGCGCAGCCG-1,0.000044,0.095254,0.043602,0.151315,0.000044,0.709741
ACAGGCACGGATCCTT-1,0.000018,0.000018,0.586159,0.019224,0.020621,0.37396
ACAGGCTTGCCCGACT-1,0.000024,0.000024,0.552824,0.007037,0.000024,0.440067
ACAGGTGGAGGTGAGG-1,0.000021,0.025659,0.246831,0.007946,0.000021,0.719523
ACAGGTGTGTTGTTGC-1,0.000054,0.037053,0.43608,0.190983,0.000054,0.335775
ACAGTAATACAACTTG-1,0.000052,0.059264,0.212138,0.4589,0.000052,0.269593
ACAGTATACCGTGGGA-1,0.740661,0.121794,0.00018,0.137244,0.00003,0.00009
ACAGTGCAGCGCATTT-1,0.698178,0.000042,0.000249,0.01635,0.187615,0.097566
ACATAAGTCGTGGTGA-1,0.00004,0.214807,0.281359,0.13303,0.006808,0.363955
ACATAATAAGGCGGTG-1,0.000032,0.051602,0.291991,0.080783,0.000032,0.575559
ACATACAATCAAGCGG-1,0.006095,0.000016,0.811792,0.042261,0.003722,0.136113
ACATCAGCTGGGACGC-1,0.000139,0.044123,0.000832,0.526108,0.132508,0.29629
ACATCCCGGCCATACG-1,0.000058,0.001785,0.270637,0.144217,0.000058,0.583246
ACATCCTGGTAACTGT-1,0.000036,0.000036,0.5873,0.000036,0.131226,0.281367
ACATCGATCGTTTACC-1,0.000025,0.000025,0.761519,0.133256,0.000025,0.10515
ACATCGCAATATTCGG-1,0.000023,0.000023,0.40756,0.020932,0.03021,0.541252
ACATCGGTCAGCCGCG-1,0.000041,0.037006,0.009183,0.07562,0.053349,0.824801
ACATCGTATGCAATGG-1,0.000018,0.000018,0.747113,0.012723,0.000018,0.240112
ACATCGTTAACCTAGT-1,0.010875,0.084261,0.720883,0.113473,0.014747,0.05576
ACATCTCAACGCGTAA-1,0.000028,0.000028,0.127379,0.110758,0.353364,0.408443
ACATGCTTACGGCAGC-1,0.000014,0.000014,0.937692,0.000014,0.000014,0.062253
ACATGGCGCCAAAGTA-1,0.043624,0.048011,0.432153,0.065828,0.284861,0.125524
ACATGGCTCAATTTAG-1,0.000067,0.000067,0.137177,0.137311,0.000067,0.72531
ACATTAGTTTATATCC-1,0.000046,0.03021,0.36659,0.179029,0.000046,0.424079
ACATTCGCGCGGAATA-1,0.027362,0.000016,0.812818,0.087633,0.000016,0.072155
ACATTTGAAACCTAAC-1,0.008693,0.249134,0.085143,0.23893,0.005951,0.412149
ACCAAACACCCAGCGA-1,0.311803,0.000014,0.687843,0.000014,0.000014,0.000311
ACCAAACTAGAAATCC-1,0.035252,0.005884,0.252347,0.193144,0.395837,0.117536
ACCAACACCACACACT-1,0.438989,0.22224,0.000251,0.086994,0.2491,0.002426
ACCAACCGCACTCCAC-1,0.034274,0.112643,0.803767,0.00034,0.000016,0.048959
ACCAACGCTTATTTAT-1,0.000058,0.000058,0.000345,0.034518,0.042382,0.92264
ACCAAGAACGCGTGTC-1,0.000022,0.000022,0.801429,0.000022,0.000022,0.198484
ACCAAGTCATCGGCAG-1,0.042485,0.094126,0.574476,0.025375,0.022207,0.241332
ACCAATATGCAAGTTA-1,0.000007,0.000007,0.938899,0.000007,0.000007,0.061074
ACCACAACTCAGAACA-1,0.000014,0.010482,0.646766,0.057406,0.110986,0.174346
ACCACAAGTTTCTATC-1,0.017956,0.104388,0.248713,0.116081,0.016633,0.49623
ACCACACGGTTGATGG-1,0.000024,0.028487,0.27346,0.045275,0.013521,0.639234
ACCACCAATGTAACAA-1,0.000025,0.000025,0.427777,0.026441,0.232505,0.313226
ACCACCCTCTCTTCTA-1,0.671233,0.000038,0.000227,0.000038,0.318117,0.010347
ACCACGTGCAGCTATA-1,0.000036,0.040704,0.325683,0.282996,0.024319,0.326261
ACCACTGTTCAAGAAG-1,0.000052,0.0973,0.00031,0.902131,0.000052,0.000155
ACCAGACCATAACAAC-1,0.000021,0.738182,0.148818,0.018721,0.0087,0.085558
ACCAGCCCGGTCTTTG-1,0.084797,0.00003,0.209559,0.300035,0.232663,0.172916
ACCAGGAGTGTGATCT-1,0.004513,0.000012,0.899668,0.000012,0.065573,0.030222
ACCAGTGCCCGGTCAA-1,0.455916,0.034591,0.000416,0.207617,0.301253,0.000208
ACCAGTGCGGGAGACG-1,0.000016,0.037439,0.925566,0.000016,0.000016,0.036948
ACCATATCCGCAATAA-1,0.000033,0.018926,0.16033,0.296548,0.050305,0.473858
ACCATCCGCCAACTAG-1,0.000075,0.000075,0.000453,0.36033,0.255308,0.383758
ACCATCGTATATGGTA-1,0.000056,0.004629,0.000674,0.010618,0.123317,0.860706
ACCATTAAGGGTGTCA-1,0.000067,0.015071,0.000402,0.984192,0.000067,0.000201
ACCCAACGCCCGTGGC-1,0.000023,0.020569,0.684218,0.117066,0.033698,0.144427
ACCCACCTACATGCTC-1,0.000021,0.011435,0.840114,0.108116,0.000021,0.040293
ACCCATCTTGAGGGTA-1,0.013781,0.146533,0.362365,0.080862,0.000463,0.395995
ACCCATTTGTCCCTCT-1,0.00002,0.05128,0.722819,0.00002,0.00002,0.225841
ACCCGAGCGAAATTAC-1,0.001915,0.000063,0.000378,0.715855,0.104364,0.177426
ACCCGATTGGTTCCGA-1,0.00005,0.00005,0.072119,0.577006,0.031037,0.319737
ACCCGGAAACTCCCAG-1,0.014516,0.000021,0.629458,0.000021,0.002158,0.353826
ACCCGGAGCACCACAA-1,0.054094,0.002326,0.905536,0.000012,0.003554,0.034478
ACCCGGATGACGCATC-1,0.000057,0.014908,0.765007,0.11262,0.061838,0.04557
ACCCGGTTACACTTCC-1,0.000038,0.015131,0.31658,0.013184,0.002109,0.652957
ACCCGTAGCAGAGAAT-1,0.001362,0.078657,0.919935,0.000009,0.000009,0.000028
ACCCGTAGTCTAGTTG-1,0.000026,0.026201,0.282496,0.063528,0.069344,0.558404
ACCCGTGTCATCAGTA-1,0.00003,0.020104,0.405457,0.03804,0.005047,0.531323
ACCCTATAGGACTGAG-1,0.041414,0.054974,0.067373,0.182908,0.000056,0.653275
ACCCTATGCCATATCG-1,0.000024,0.247434,0.344124,0.000024,0.000024,0.40837
ACCCTCCCGTCAGGGC-1,0.000022,0.015701,0.605643,0.009687,0.000022,0.368926
ACCCTCCCTTGCTATT-1,0.000024,0.000024,0.747387,0.015778,0.017797,0.218988
ACCCTGGTAACGCCCT-1,0.249832,0.226144,0.473881,0.045178,0.00154,0.003425
ACCCTTCATCTGCGAA-1,0.000018,0.000018,0.891031,0.000018,0.000813,0.108103
ACCCTTGCCTGGGTCG-1,0.983795,0.000022,0.000133,0.000022,0.000022,0.016006
ACCCTTTAGTTCTCCA-1,0.00002,0.00002,0.569453,0.00002,0.121045,0.309442
ACCGAAAGGGCCCTGC-1,0.000029,0.000029,0.517339,0.013808,0.067055,0.401739
ACCGAAGAGTCTGGTT-1,0.011175,0.024652,0.010669,0.234151,0.150128,0.569226
ACCGACACATCTCCCA-1,0.017567,0.046432,0.164735,0.055004,0.023019,0.693243
ACCGACTGAGTCCCAC-1,0.000061,0.047948,0.000463,0.270439,0.154327,0.526762
ACCGAGTCTCCTTATT-1,0.000037,0.08745,0.248881,0.313815,0.000037,0.34978
ACCGATAGGCATAACC-1,0.136926,0.022173,0.794907,0.000008,0.000907,0.04508
ACCGATATTTAATCAT-1,0.000013,0.02133,0.898663,0.013381,0.01551,0.051104
ACCGATGGTAGCATCG-1,0.000034,0.003827,0.405411,0.117867,0.040445,0.432415
ACCGCAATAACTGCCT-1,0.000015,0.039761,0.750131,0.157633,0.000015,0.052446
ACCGCGGTGGAAGTCG-1,0.058889,0.029388,0.854226,0.000016,0.009504,0.047977
ACCGCTAGTCATTGGT-1,0.000022,0.007624,0.605861,0.007118,0.000022,0.379352
ACCGGGCCTTTGTTGA-1,0.05462,0.026428,0.600806,0.175035,0.006539,0.136571
ACCGGTCAGGTACACC-1,0.000065,0.196546,0.000388,0.000065,0.089615,0.713322
ACCGGTCTGAGTACGG-1,0.674196,0.000042,0.094879,0.011937,0.204077,0.014868
ACCGTCCACTGGGCCC-1,0.000016,0.000016,0.998874,0.000016,0.000016,0.001062
ACCGTGACCACGTGGG-1,0.000055,0.000055,0.005146,0.859584,0.039755,0.095405
ACCGTTCCCGCTCTGA-1,0.000022,0.000022,0.58438,0.035946,0.236606,0.143026
ACCTAAGTACCTTTCA-1,0.000062,0.000062,0.000374,0.337793,0.016488,0.64522
ACCTAATCGACTTCCT-1,0.000035,0.105465,0.226452,0.000606,0.000035,0.667407
ACCTACAGTATGTGGT-1,0.003366,0.000036,0.097264,0.055957,0.170328,0.673048
ACCTACTATAAATCTA-1,0.000039,0.014555,0.073955,0.036137,0.05266,0.822654
ACCTCAGCGAGGCGCA-1,0.000021,0.069319,0.407522,0.467532,0.000021,0.055585
ACCTCCGCCCTCGCTG-1,0.000027,0.000027,0.773592,0.035042,0.000436,0.190876
ACCTCCGTTATTCACC-1,0.073298,0.035944,0.467001,0.103342,0.113127,0.207288
ACCTCGAACTTATGCT-1,0.101206,0.000038,0.669653,0.004297,0.000038,0.224767
ACCTGCGTGTCATGTT-1,0.045474,0.000113,0.000681,0.725013,0.142629,0.08609
ACCTTTCCTTTAGAAG-1,0.047809,0.011014,0.702556,0.016944,0.160152,0.061524
ACGAAATGGGCGGCAC-1,0.000035,0.070762,0.231639,0.025753,0.008286,0.663524
ACGACCCATGAGTTGC-1,0.000016,0.013584,0.847855,0.109237,0.000875,0.028433
ACGACTCTAGGGCCGA-1,0.00003,0.00003,0.12392,0.006426,0.004837,0.864756
ACGACTGGTCATACTC-1,0.019083,0.093654,0.000403,0.886715,0.000036,0.000109
ACGAGAACCCATCACG-1,0.00003,0.112612,0.152733,0.077843,0.003179,0.653604
ACGAGATATTTGCTTA-1,0.000017,0.000017,0.756845,0.029834,0.069199,0.144088
ACGAGGATACCACTCT-1,0.00009,0.00009,0.000539,0.611236,0.048321,0.339724
ACGAGGTTTACAACGT-1,0.030508,0.28137,0.112667,0.004166,0.088644,0.482645
ACGAGTACGGATGCCC-1,0.000037,0.000037,0.273008,0.594033,0.096073,0.036811
ACGAGTCGCCGGCGTT-1,0.000016,0.003502,0.863153,0.096909,0.000016,0.036403
ACGATACATAGAACTA-1,0.00001,0.00001,0.904425,0.00001,0.018015,0.07753
ACGATACCTATCCTGA-1,0.000051,0.371227,0.282124,0.075431,0.000051,0.271116
ACGATCATACATAGAG-1,0.000011,0.001421,0.96719,0.000011,0.000011,0.031358
ACGATCATCTTGTAAA-1,0.000031,0.000031,0.587176,0.042086,0.140236,0.23044
ACGATGCATATGTTAT-1,0.000026,0.071925,0.369088,0.056346,0.015173,0.487442
ACGATGGATCCGATGC-1,0.000039,0.000039,0.467117,0.021296,0.265163,0.246346
ACGCAAACTAATAGAT-1,0.000018,0.026058,0.503546,0.000018,0.000018,0.470341
ACGCAATCACTACAGC-1,0.30182,0.00002,0.461825,0.234904,0.00002,0.001411
ACGCATAAATGACATG-1,0.756005,0.050496,0.000253,0.163196,0.029923,0.000127
ACGCATACGTTTACTA-1,0.01753,0.145419,0.676281,0.000023,0.000023,0.160723
ACGCATTCGTGAGTAC-1,0.000054,0.010246,0.087817,0.089122,0.034179,0.778583
ACGCCACTCGAAACAG-1,0.000027,0.003336,0.017407,0.125415,0.010325,0.843489
ACGCCAGATGATTTCT-1,0.15375,0.069894,0.521461,0.000026,0.067364,0.187505
ACGCCAGTGCGTTTGC-1,0.00006,0.008029,0.091006,0.717538,0.006709,0.17666
ACGCCCAGCTGTCGAT-1,0.182272,0.000022,0.561084,0.010829,0.200299,0.045493
ACGCCGCTAGACGACC-1,0.000038,0.000038,0.46824,0.018798,0.007427,0.505459
ACGCCTGACACGCGCT-1,0.000056,0.258621,0.018088,0.386106,0.193619,0.14351
ACGCGAAGTCAGACGA-1,0.000022,0.154321,0.693375,0.010532,0.000022,0.141727
ACGCGCTACACAGGGT-1,0.000025,0.006046,0.373942,0.02971,0.000025,0.590253
ACGCGGGCCAAGGACA-1,0.000039,0.011551,0.406057,0.164075,0.078108,0.340169
ACGCGTTTCTTAAGAG-1,0.000184,0.000184,0.001104,0.756238,0.000184,0.242106
ACGCTACTGAATGGGC-1,0.021473,0.00841,0.807847,0.003896,0.000399,0.157974
ACGCTAGTATCAGTGC-1,0.915925,0.000034,0.032912,0.000034,0.050993,0.000102
ACGCTAGTGATACACT-1,0.000026,0.001006,0.705268,0.095623,0.006615,0.191462
ACGCTGTGAGGCGTAG-1,0.000135,0.000135,0.000811,0.908206,0.067138,0.023575
ACGCTTAGTGTCTCTC-1,0.052744,0.000011,0.856918,0.009978,0.024355,0.055995
ACGGAACACGAGTGCC-1,0.000011,0.105713,0.748005,0.140238,0.000011,0.006022
ACGGAATTTAGCAAAT-1,0.000037,0.039709,0.35527,0.112512,0.021342,0.471131
ACGGACGCAGCGACAA-1,0.000043,0.000916,0.248058,0.021496,0.000072,0.729415
ACGGACTCTCAAAGCG-1,0.007321,0.000029,0.585305,0.078894,0.052112,0.276339
ACGGAGCGCAAATTAC-1,0.310388,0.000022,0.508802,0.013044,0.107189,0.060555
ACGGATGGTGCGGATA-1,0.00002,0.00002,0.881134,0.00002,0.00002,0.118787
ACGGCACTTGCTTGGG-1,0.000016,0.008235,0.906435,0.000408,0.000016,0.084889
ACGGCCAACATGGACT-1,0.000025,0.000025,0.401778,0.174967,0.000134,0.423072
ACGGCGACGATGGGAA-1,0.000015,0.102609,0.763631,0.012351,0.000015,0.121379
ACGGCGGGTTGCCCTG-1,0.000013,0.040265,0.839697,0.028843,0.000013,0.09117
ACGGCTGGATGTAGAA-1,0.000034,0.095704,0.670538,0.178659,0.000034,0.055032
ACGGGAGTGTCGGCCC-1,0.000089,0.000089,0.077487,0.784098,0.014931,0.123307
ACGGGCGTATGCGACA-1,0.497792,0.011653,0.414835,0.000987,0.010306,0.064426
ACGGGTCATGTGACTT-1,0.037942,0.000097,0.055498,0.731286,0.000097,0.17508
ACGGGTTGTGACCTGT-1,0.118948,0.11023,0.156088,0.000043,0.000369,0.614322
ACGGTACAGTTCAATG-1,0.010273,0.000029,0.40702,0.005949,0.027022,0.549707
ACGGTCACCGAGAACA-1,0.000032,0.020912,0.498982,0.00812,0.002007,0.469947
ACGTACAGATTTCTCT-1,0.000033,0.000033,0.538303,0.000033,0.135741,0.325858
ACGTACTTTGGCACGG-1,0.007389,0.188456,0.545746,0.086038,0.004275,0.168095
ACGTAGATTGCTGATG-1,0.000033,0.045057,0.441702,0.042226,0.098136,0.372846
ACGTAGGAGAGTCGCT-1,0.004693,0.004455,0.271817,0.212976,0.016139,0.489921
ACGTATTACTCCGATC-1,0.000051,0.067478,0.075071,0.510368,0.126312,0.220721
ACGTCCTAAACGAGAT-1,0.025212,0.002576,0.764615,0.056196,0.046067,0.105335
ACGTCGGGCAACTCGG-1,0.104679,0.22403,0.336587,0.027478,0.000028,0.307198
ACGTCTCGTTCCGGGA-1,0.000055,0.160626,0.290099,0.249759,0.000055,0.299405
ACGTGACAAAGTAAGT-1,0.000033,0.841201,0.001161,0.000033,0.013316,0.144257
ACGTGCGCCTCGTGCA-1,0.000055,0.000055,0.312454,0.345276,0.120577,0.221582
ACGTGGTCGAATGTGC-1,0.012368,0.000007,0.908042,0.000007,0.04003,0.039545
ACGTTAATGTCGAAGA-1,0.000014,0.016964,0.761655,0.181132,0.000014,0.040221
ACGTTAGATTTGCCCG-1,0.017697,0.130878,0.286968,0.403236,0.000035,0.161186
ACGTTATTGGTCACTC-1,0.000037,0.094292,0.109135,0.105476,0.008713,0.682347
ACGTTCACTATGCCGC-1,0.000012,0.090658,0.583679,0.085272,0.000012,0.240366
ACGTTCCGCGCTCCGT-1,0.069876,0.057839,0.435833,0.00004,0.001164,0.435249
ACGTTCGCAATCAATT-1,0.078641,0.00003,0.335436,0.222072,0.15967,0.204152
ACGTTCGTTCAGGAAA-1,0.000019,0.000019,0.399828,0.000019,0.000866,0.59925
ACGTTCTGTACAAGTC-1,0.000035,0.000035,0.12666,0.350786,0.000943,0.521542
ACGTTGTCGTTGAAAG-1,0.041843,0.000032,0.198791,0.060935,0.012459,0.685939
ACGTTTAGTTGTGATC-1,0.00003,0.00003,0.619815,0.00003,0.252982,0.127115
ACGTTTCGGTGCACTT-1,0.011463,0.041483,0.535517,0.042902,0.004542,0.364093
ACTAAGGACGCACACC-1,0.999672,0.000027,0.000164,0.000027,0.000027,0.000082
ACTAATACGTCAGGCG-1,0.500908,0.000043,0.000261,0.109086,0.331455,0.058247
ACTACAAAGAGAGGTG-1,0.015904,0.011953,0.280187,0.454588,0.005457,0.231911
ACTACATCCCGACAAG-1,0.002537,0.010401,0.857507,0.053754,0.000012,0.075788
ACTACCAGCTCTCTGG-1,0.029714,0.086776,0.686681,0.02339,0.019358,0.154081
ACTACCATCCGAGGGC-1,0.000012,0.047656,0.793204,0.033088,0.000012,0.126028
ACTACGCGTTAGAATT-1,0.000019,0.000019,0.747652,0.006261,0.000537,0.245513
ACTAGTTGCGATCGTC-1,0.010009,0.027347,0.87719,0.000017,0.000017,0.085421
ACTATATGCTGTGTTC-1,0.680256,0.00005,0.033685,0.038242,0.219617,0.028149
ACTATCCAGGGCATGG-1,0.000947,0.023533,0.813645,0.000077,0.073576,0.088222
ACTATCGCCGGCTAAA-1,0.008831,0.090103,0.000517,0.807724,0.000086,0.092739
ACTATCTGCCCGCGTA-1,0.000018,0.072741,0.795511,0.042018,0.022623,0.067089
ACTATGTCCAGCTGCC-1,0.000031,0.000031,0.393366,0.002384,0.024428,0.57976
ACTATTCGTCCGTGGT-1,0.000022,0.000022,0.723632,0.000022,0.14579,0.13051
ACTATTTCCGGGCCCA-1,0.000025,0.004664,0.594569,0.015626,0.000025,0.385093
ACTCAACGAATGTATT-1,0.000032,0.113077,0.259352,0.039605,0.048084,0.539849
ACTCAAGTGCAAGGCT-1,0.000047,0.083118,0.580269,0.008424,0.020053,0.308089
ACTCAATAAAGGCACG-1,0.057285,0.000012,0.822302,0.000012,0.000012,0.120378
ACTCAGACCTGCTTCT-1,0.000022,0.000022,0.791332,0.129827,0.000022,0.078776
ACTCATGGCAGCCTTC-1,0.000041,0.018848,0.145186,0.084798,0.000041,0.751085
