Barcode,Topic 1to2,Topic 3,Topic 4to5,Topic 6to10
AAACAACGAATAGTTC-1,0.020233,0.353465,0.060312,0.56599
AAACAAGTATCTCCCA-1,0.033499,0.147338,0.241767,0.577396
AAACAATCTACTAGCA-1,0.000176,0.195888,0.319916,0.48402
AAACACCAATAACTGC-1,0.120084,0.112659,0.334061,0.433197
AAACAGCTTTCAGAAG-1,0.047469,0.000014,0.000037,0.95248
AAACAGGGTCTATATT-1,0.116403,0.15001,0.016826,0.716762
AAACAGTGTTCCTGGG-1,0.725707,0.071248,0.049576,0.153469
AAACATTTCCCGGATT-1,0.44067,0.191896,0.20864,0.158795
AAACCCGAACGAAATC-1,0.021215,0.027774,0.085131,0.865879
AAACCGGAAATGTTAA-1,0.062041,0.04818,0.280994,0.608785
AAACCGGGTAGGTACC-1,0.161813,0.094262,0.000056,0.743869
AAACCGTTCGTCCAGG-1,0.102611,0.096423,0.01237,0.788596
AAACCTAAGCAGCCGG-1,0.927081,0.013615,0.000132,0.059172
AAACCTCATGAAGTTG-1,0.007313,0.009193,0.070216,0.913278
AAACGAAGAACATACC-1,0.00007,0.195634,0.328937,0.475359
AAACGAGACGGTTGAT-1,0.000033,0.000017,0.000033,0.999917
AAACGCTGGGCACGAC-1,0.811629,0.000027,0.175205,0.01314
AAACGGGCGTACGGGT-1,0.754759,0.000031,0.245052,0.000157
AAACGGGTTGGTATCC-1,0.000122,0.204978,0.245549,0.549351
AAACGGTTGCGAACTG-1,0.735708,0.057587,0.206463,0.000242
AAACGTGTTCGCCCTA-1,0.017106,0.86093,0.120601,0.001362
AAACTAACGTGGCGAC-1,0.000759,0.123697,0.548097,0.327447
AAACTCGGTTCGCAAT-1,0.794845,0.002653,0.114937,0.087565
AAACTCGTGATATAAG-1,0.000067,0.157964,0.151586,0.690382
AAACTGCTGGCTCCAA-1,0.081795,0.100443,0.012468,0.805294
AAACTTAATTGCACGC-1,0.109812,0.059357,0.250351,0.58048
AAACTTGCAAACGTAT-1,0.057519,0.043295,0.014234,0.884952
AAAGAATGTGGACTAA-1,0.923196,0.076426,0.000108,0.00027
AAAGACCCAAGTCGCG-1,0.056924,0.914711,0.000184,0.028181
AAAGACTGGGCGCTTT-1,0.000108,0.267523,0.000337,0.732033
AAAGCTTGCCTACATA-1,0.002354,0.048099,0.142851,0.806696
AAAGGCCCTATAATAC-1,0.543606,0.041621,0.084264,0.330509
AAAGGCTACGGACCAT-1,0.58877,0.21371,0.000161,0.19736
AAAGGCTCTCGCGCCG-1,0.061389,0.060813,0.657601,0.220196
AAAGGGATGTAGCAAG-1,0.000053,0.033764,0.109254,0.856929
AAAGGGCAGCTTGAAT-1,0.004456,0.155652,0.000103,0.839789
AAAGGTAAGCTGTACC-1,0.000085,0.202785,0.415819,0.381312
AAAGTAGCATTGCTCA-1,0.047999,0.051843,0.094026,0.806132
AAAGTCACTGATGTAA-1,0.015665,0.275514,0.036341,0.67248
AAAGTCGACCCTCAGT-1,0.020664,0.000903,0.062267,0.916165
AAAGTGCCATCAATTA-1,0.411349,0.145186,0.202314,0.241151
AAAGTGTGATTTATCT-1,0.000047,0.000024,0.010668,0.989261
AAAGTTGACTCCCGTA-1,0.000088,0.01666,0.133132,0.850119
AAATAAGGTAGTGCCC-1,0.00004,0.001589,0.108949,0.889421
AAATACCTATAAGCAT-1,0.00365,0.001919,0.125923,0.868509
AAATAGCTTAGACTTT-1,0.000042,0.000021,0.048258,0.951679
AAATAGGGTGCTATTG-1,0.000946,0.029939,0.260014,0.709101
AAATCCGATACACGCC-1,0.533958,0.012727,0.308802,0.144513
AAATCGTGTACCACAA-1,0.180432,0.150792,0.0001,0.668676
AAATCTAGCCCTGCTA-1,0.015091,0.115017,0.272952,0.59694
AAATGACTGATCAAAC-1,0.827818,0.041786,0.00017,0.130226
AAATGATTCGATCAGC-1,0.006241,0.468139,0.057437,0.468183
AAATGCTCGTTACGTT-1,0.060499,0.836567,0.042113,0.060822
AAATGGCCCGTGCCCT-1,0.057717,0.420046,0.230698,0.29154
AAATGGTCAATGTGCC-1,0.012641,0.273786,0.000106,0.713467
AAATGTATCTTATCCC-1,0.000037,0.01587,0.035761,0.948332
AAATGTGGGTGCTCCT-1,0.013261,0.289198,0.260876,0.436666
AAATTAACGGGTAGCT-1,0.007635,0.01724,0.026082,0.949042
AAATTAATAAGCGCGA-1,0.033187,0.083961,0.000063,0.882789
AAATTACCTATCGATG-1,0.000118,0.267979,0.119357,0.612546
AAATTCCAGGTCCAAA-1,0.04207,0.036637,0.019944,0.901349
AAATTGATAGTCCTTT-1,0.154154,0.090299,0.045393,0.710153
AAATTGCGGCGGTTCT-1,0.000089,0.254395,0.231701,0.513815
AAATTGGTGAGAAGCA-1,0.075217,0.732201,0.095282,0.0973
AAATTTACCGAAATCC-1,0.000026,0.033139,0.351399,0.615436
AAATTTGCGGGTGTGG-1,0.103161,0.240802,0.000113,0.655924
AACAACTGGTAGTTGC-1,0.000051,0.008561,0.00069,0.990698
AACAATACATTGTCGA-1,0.525211,0.177914,0.000122,0.296753
AACAATTACTCTACGC-1,0.000034,0.000017,0.058011,0.941938
AACACACGCTCGCCGC-1,0.043286,0.006138,0.383005,0.567572
AACACGACTGTACTGA-1,0.000107,0.351429,0.175705,0.472759
AACACGAGACGCGGCC-1,0.015888,0.00001,0.004345,0.979756
AACACGCGGCCGCGAA-1,0.000053,0.055698,0.310959,0.63329
AACAGCTGTGTGGCAA-1,0.100895,0.152972,0.156862,0.58927
AACAGGAAATCGAATA-1,0.028176,0.670273,0.172541,0.12901
AACAGGATGGGCCGCG-1,0.003897,0.076422,0.133482,0.786198
AACAGGTAGTATGGAT-1,0.112014,0.055841,0.283462,0.548683
AACATAGCGTGTATCG-1,0.999458,0.000068,0.000136,0.000339
AACATATCAACTGGTG-1,0.040486,0.158759,0.08487,0.715885
AACATCGATACGTCTA-1,0.133174,0.796622,0.055102,0.015103
AACATTGAAGTTGATC-1,0.667768,0.124214,0.000178,0.20784
AACATTGGTCAGCCGT-1,0.000209,0.429144,0.038326,0.532321
AACATTGTGACTCGAG-1,0.811111,0.113097,0.000164,0.075628
AACCAAGACTTCTCTG-1,0.046732,0.00105,0.076725,0.875494
AACCAGTATCACTCTT-1,0.001173,0.050527,0.519056,0.429244
AACCATAGGGTTGAAC-1,0.304966,0.343235,0.000103,0.351696
AACCATGGGATCGCTA-1,0.035557,0.549868,0.026105,0.388471
AACCCAGAGACGGAGA-1,0.033259,0.641821,0.324544,0.000376
AACCCATCCCATGATC-1,0.025888,0.132418,0.109747,0.731947
AACCCGACAACCCGTG-1,0.788457,0.202166,0.009134,0.000243
AACCCGAGCAGAATCG-1,0.047217,0.043319,0.381948,0.527516
AACCCGCTGTATTCCA-1,0.214772,0.000021,0.525647,0.259561
AACCCTACTGTCAATA-1,0.046362,0.07078,0.200894,0.681964
AACCCTGGTGGAACCA-1,0.000056,0.19756,0.245046,0.557338
AACCGAGCTTGGTCAT-1,0.000117,0.230617,0.106508,0.662759
AACCGCTAAGGGATGC-1,0.090754,0.043031,0.051795,0.81442
AACCGTTGTGTTTGCT-1,0.022878,0.630731,0.043669,0.302722
AACCTCGCTTTAGCCC-1,0.902391,0.054274,0.000102,0.043232
AACCTGTCACGGAATT-1,0.000076,0.034429,0.000971,0.964524
AACCTTTAAATACGGT-1,0.459517,0.182363,0.105154,0.252967
AACCTTTACGACGTCT-1,0.008935,0.618017,0.102559,0.270488
AACGAAAGTCGTCCCA-1,0.088041,0.499648,0.000076,0.412235
AACGACCTCCTAGCCG-1,0.698992,0.05362,0.141721,0.105667
AACGATAATGCCGTAG-1,0.066072,0.093953,0.459744,0.380231
AACGATAGAAGGGCCG-1,0.032366,0.311039,0.04407,0.612525
AACGATATGTCAACTG-1,0.000092,0.186762,0.149995,0.66315
AACGCATGATCTGGGT-1,0.016008,0.612114,0.000162,0.371716
AACGCGAACGGCAACA-1,0.006923,0.992577,0.000143,0.000357
AACGCGACCTTGGGCG-1,0.684227,0.087834,0.060347,0.167592
AACGCGGTCTCCAGCC-1,0.000059,0.05677,0.098558,0.844612
AACGCTGTTGCTGAAA-1,0.049858,0.150243,0.162036,0.637863
AACGGACGTACGTATA-1,0.000027,0.000014,0.067199,0.932761
AACGGCCATCTCCGGT-1,0.062718,0.052639,0.087644,0.796999
AACGTACTGTGGGTAC-1,0.022593,0.094938,0.107327,0.775142
AACGTAGTCTACCCAT-1,0.122944,0.119335,0.304129,0.453592
AACGTCAGACTAGTGG-1,0.010131,0.097978,0.140262,0.751629
AACGTCATCCGGCTTG-1,0.769578,0.204797,0.000118,0.025507
AACGTCGCTGCACTTC-1,0.904039,0.018732,0.068492,0.008736
AACGTGATGAAGGACA-1,0.003296,0.676569,0.008696,0.311439
AACGTGCGAAAGTCTC-1,0.07299,0.088838,0.052616,0.785556
AACGTTATCAGCACCT-1,0.000102,0.29282,0.021811,0.685268
AACGTTCTACCATTGT-1,0.230528,0.114285,0.14694,0.508247
AACTACCCGTTTGTCA-1,0.141211,0.21755,0.123184,0.518055
AACTAGCGTATCGCAC-1,0.000074,0.133377,0.663873,0.202677
AACTAGGCTTGGGTGT-1,0.05745,0.064985,0.812179,0.065386
AACTCAAGTTAATTGC-1,0.042022,0.040939,0.034463,0.882576
AACTCCAGAGCGTGTT-1,0.315921,0.246633,0.287605,0.149841
AACTCCTAATCCCATG-1,0.050117,0.834169,0.000241,0.115472
AACTCGATAAACACGT-1,0.000075,0.262255,0.268304,0.469366
AACTCGATGGCGCAGT-1,0.050298,0.234768,0.008549,0.706385
AACTCTCAATAGAGCG-1,0.000032,0.000016,0.000032,0.999921
AACTCTCAGTGTGCTC-1,0.060274,0.195603,0.094781,0.649342
AACTGAGGTCAGCGTC-1,0.000051,0.101033,0.43116,0.467756
AACTGAGTTATACTGA-1,0.029124,0.02081,0.068302,0.881764
AACTGATATTAGGCCT-1,0.000196,0.830744,0.137539,0.03152
AACTGGGTCCCGACGT-1,0.000138,0.47836,0.042462,0.47904
AACTGGTGTGGGCCTT-1,0.000074,0.19475,0.383649,0.421527
AACTTCTGCGTCTATC-1,0.000197,0.404636,0.028122,0.567044
AACTTGCCCGTATGCA-1,0.000064,0.085736,0.047916,0.866284
AACTTGCGTTCTCGCG-1,0.023458,0.71648,0.000207,0.259855
AACTTTACGGGAGCTT-1,0.000133,0.114995,0.000133,0.884739
AACTTTAGCTGCTGAG-1,0.000048,0.008712,0.264735,0.726504
AACTTTCTCGATCATG-1,0.00005,0.259849,0.349038,0.391063
AAGAAATCACCAGATT-1,0.006153,0.793667,0.058596,0.141584
AAGAAGGATCAGTTAG-1,0.023727,0.209163,0.055525,0.711585
AAGACATACGTGGTTT-1,0.381019,0.123755,0.343137,0.152089
AAGACCCAACTGAACA-1,0.620858,0.047208,0.099555,0.232379
AAGACTAACCCGTTGT-1,0.000095,0.268166,0.148312,0.583427
AAGACTGCAAGCTACT-1,0.019347,0.151238,0.103007,0.726409
AAGAGATGAATCGGTA-1,0.040028,0.414613,0.028834,0.516525
AAGAGCTCTTTATCGG-1,0.023559,0.094526,0.000142,0.881772
AAGAGGATGTACGCGA-1,0.000066,0.010588,0.013093,0.976254
AAGAGGCATGGATCGC-1,0.071635,0.06969,0.038436,0.820239
AAGAGGCCCTTTGGAA-1,0.106517,0.169391,0.522506,0.201586
AAGATGGCACCGGACC-1,0.392415,0.246076,0.013304,0.348205
AAGATTGGCGGAACGT-1,0.00011,0.332104,0.038247,0.629539
AAGCACCCTGCGTATC-1,0.174811,0.000013,0.682424,0.142752
AAGCATACTCTCCTGA-1,0.100897,0.225231,0.195353,0.478518
AAGCCACTTGCAGGTA-1,0.732608,0.146601,0.050114,0.070677
AAGCCGAAGCGGTTTA-1,0.089704,0.001495,0.059892,0.848909
AAGCCGCCGTGAAATC-1,0.109083,0.029649,0.519209,0.342059
AAGCCGCTTTACCTTG-1,0.06065,0.777657,0.158144,0.003549
AAGCCGGAGAGCAGGA-1,0.276091,0.187982,0.220485,0.315443
AAGCGCAGGGCTTTGA-1,0.667873,0.000058,0.331776,0.000292
AAGCGGCGTCATGGGT-1,0.000114,0.287563,0.27046,0.441863
AAGCGTCCCTCATCGA-1,0.172735,0.03206,0.592499,0.202705
AAGCTAGATCGAGTAA-1,0.069377,0.106741,0.153964,0.669918
AAGCTCGTGCCAAGTC-1,0.039396,0.254911,0.000142,0.705551
AAGCTCTTTCATGGTG-1,0.303634,0.214366,0.323864,0.158136
AAGGAGAACTTATAAG-1,0.000101,0.077851,0.468913,0.453134
AAGGAGCGGTTGGTGC-1,0.024083,0.326082,0.000141,0.649695
AAGGATCGATCGCTTG-1,0.016677,0.000038,0.000617,0.982669
AAGGATGAGGGACCTC-1,0.003529,0.11985,0.105841,0.770779
AAGGCAGGCTGTCTCC-1,0.011699,0.00225,0.105359,0.880691
AAGGCGCGTAAAGCTT-1,0.000069,0.180326,0.015583,0.804022
AAGGCTGTGCTCATCG-1,0.006328,0.000015,0.000345,0.993312
AAGGGAACGACTGGCT-1,0.115821,0.037974,0.404609,0.441597
AAGGGACAGATTCTGT-1,0.00007,0.141235,0.157387,0.701307
AAGGGACTATGCATTC-1,0.276727,0.331552,0.015248,0.376473
AAGGGTTAGCCATGCG-1,0.383108,0.051065,0.0832,0.482627
AAGGTATCCTAATATA-1,0.000051,0.030277,0.096128,0.873543
AAGGTGATAAACCAGC-1,0.065618,0.100674,0.001264,0.832444
AAGTAAGCTTCCAAAC-1,0.002969,0.181496,0.410188,0.405348
AAGTAGAAGACCGGGT-1,0.000123,0.500535,0.111437,0.387905
AAGTAGTGACGCGAGG-1,0.029807,0.035863,0.051815,0.882515
AAGTCAATTGTCGTCA-1,0.013008,0.003133,0.027932,0.955926
AAGTCTAGTAGCTGCC-1,0.000055,0.320063,0.366453,0.313429
AAGTGACGACCGAATT-1,0.063392,0.012757,0.000432,0.923419
AAGTGAGTCGGGTTTA-1,0.630333,0.081482,0.00021,0.287975
AAGTGCAAAGGTAGAC-1,0.006782,0.257983,0.000123,0.735112
AAGTGCCTTGACTGTA-1,0.063799,0.130635,0.099158,0.706409
AAGTGCGTTAGAATCT-1,0.000045,0.079205,0.211913,0.708837
AAGTGCTTCTCTATTG-1,0.824662,0.06561,0.08343,0.026298
AAGTGTTTGGAGACGG-1,0.027467,0.1976,0.201123,0.573811
AAGTTCACTCCAAGCT-1,0.575077,0.098825,0.298431,0.027668
AAGTTCAGTCTGCGTA-1,0.000204,0.967109,0.018309,0.014379
AAGTTCGGCCAACAGG-1,0.062713,0.01976,0.059436,0.858092
AAGTTGTGATGTTATA-1,0.609338,0.048296,0.250077,0.092289
AAGTTTACTAATGGCA-1,0.000055,0.093814,0.460267,0.445864
AAGTTTATGGGCCCAA-1,0.951532,0.00005,0.048167,0.000251
AATAACAACGCTCGGC-1,0.043061,0.003186,0.138049,0.815704
AATAACACTAGAACAA-1,0.10388,0.121735,0.059778,0.714607
AATAACGTCGCGCCCA-1,0.949041,0.006738,0.000083,0.044138
AATAAGTCCTCGAGAC-1,0.000237,0.113179,0.377778,0.508806
AATAATCTTCGTATCG-1,0.033034,0.073714,0.242231,0.65102
AATACAATGTTTCAGG-1,0.000126,0.236251,0.032335,0.731288
AATACCGGAGGGCTGT-1,0.734238,0.212675,0.000214,0.052873
AATACCTGATGTGAAC-1,0.994234,0.005424,0.000098,0.000244
AATAGAACAGAGTGGC-1,0.030168,0.018548,0.33612,0.615164
AATAGAATCTGTTTCA-1,0.005334,0.007038,0.164638,0.82299
AATAGCAAGCCTCCTG-1,0.000025,0.018999,0.561191,0.419786
AATAGCTACCGCGTGC-1,0.053073,0.802299,0.001772,0.142856
AATAGTCCGTCCCGAC-1,0.698585,0.300992,0.000121,0.000302
AATAGTCGCGAGTCGG-1,0.000068,0.087086,0.009309,0.903537
AATATCAAGGTCGGAT-1,0.000123,0.378223,0.078783,0.54287
AATATCGAATCAATGC-1,0.168907,0.157125,0.208712,0.465255
AATATCGAGGGTTCTC-1,0.00005,0.003274,0.183685,0.812991
AATATTGGAGTATTGA-1,0.024367,0.044026,0.000151,0.931455
AATCAGACTGCAGGAC-1,0.000069,0.142678,0.168546,0.688707
AATCAGGTTTCATTTA-1,0.72909,0.117155,0.00019,0.153564
AATCATGTAAAGACTC-1,0.073735,0.167477,0.357651,0.401136
AATCCATGCAAGGGTG-1,0.024663,0.403051,0.134466,0.43782
AATCCCGCTCAGAGCC-1,0.88812,0.080331,0.029021,0.002529
AATCGAGGTCTCAAGG-1,0.998335,0.000053,0.001348,0.000264
AATCGCCTCAGCGCCA-1,0.070363,0.067198,0.000176,0.862262
AATCGCGCAGAGGACT-1,0.032166,0.002587,0.079114,0.886133
AATCGGGACACTACGA-1,0.000065,0.072098,0.327344,0.600493
AATCGGTATAGCCCTC-1,0.919602,0.047935,0.01004,0.022423
AATCGTGAGCCGAGCA-1,0.507867,0.037826,0.392227,0.062079
AATCTAGGTTTACTTG-1,0.07098,0.081631,0.21638,0.631009
AATCTATGCCGGAGCC-1,0.029963,0.072579,0.294892,0.602566
AATCTCTACTGTGGTT-1,0.082838,0.100014,0.010239,0.806909
AATCTGCGTTGGGACG-1,0.019167,0.087524,0.000134,0.893175
AATCTGGCTTTCTAGT-1,0.03379,0.063912,0.107175,0.795123
AATGACAGCAATGTCT-1,0.024301,0.020273,0.030004,0.925423
AATGACGTAGGATGTC-1,0.051512,0.020855,0.016053,0.911581
AATGACTGTCAGCCGG-1,0.000139,0.520768,0.000139,0.478954
AATGAGTTCGCATATG-1,0.000235,0.966708,0.000235,0.032823
AATGATGATACGCTAT-1,0.000064,0.083851,0.103823,0.812261
AATGATGCGACTCCTG-1,0.000053,0.007012,0.141565,0.85137
AATGCAACCGGGTACC-1,0.048285,0.320496,0.021088,0.610131
AATGCACCAAGCAATG-1,0.051703,0.329788,0.104151,0.514358
AATGGTCCACCGTTCA-1,0.015158,0.180286,0.000135,0.80442
AATGGTTCTCACAAGC-1,0.000108,0.343765,0.043787,0.61234
AATGTATGGCACTGTA-1,0.189287,0.29027,0.022161,0.498282
AATGTGCCCGAGGTGT-1,0.230556,0.503443,0.105223,0.160777
AATGTGCTAATCTGAG-1,0.690301,0.080252,0.000175,0.229271
AATGTTAAGACCCTGA-1,0.999661,0.000042,0.000085,0.000212
AATGTTGTCGTGAGAC-1,0.830827,0.011526,0.143224,0.014424
AATTAAAGGTCGGCGT-1,0.02316,0.145062,0.000137,0.831641
AATTAACGGATTTCCA-1,0.638101,0.259012,0.02312,0.079768
AATTAGCGCTGCAGCG-1,0.269898,0.285414,0.114862,0.329826
AATTATACCCAGCAAG-1,0.999642,0.000045,0.00009,0.000224
AATTCATAAGGGATCT-1,0.000128,0.310134,0.029006,0.660732
AATTCATTGTCATGCA-1,0.176576,0.3174,0.0001,0.505924
AATTCCAACTTGGTGA-1,0.000056,0.14928,0.398429,0.452236
AATTCCAAGCATGTAC-1,0.927882,0.004916,0.000241,0.066961
AATTCGATTCGAGGAT-1,0.974358,0.000065,0.025252,0.000325
AATTCTAGAGTTAGGC-1,0.013963,0.034497,0.249646,0.701895
AATTGAACGCTCTGGT-1,0.096911,0.075959,0.231727,0.595403
AATTGCAGCAATCGAC-1,0.799125,0.000571,0.140472,0.059832
AATTGCGTGGATTACA-1,0.110647,0.22734,0.005523,0.656491
AATTGTGGTTGCCAAA-1,0.563366,0.178257,0.16912,0.089257
AATTTGGGACATAGTA-1,0.056264,0.916728,0.000254,0.026755
AATTTGGTTCCAAAGA-1,0.117062,0.879004,0.003578,0.000356
ACAAACCATGCGTCCT-1,0.400285,0.190554,0.139405,0.269756
ACAAACTCCATCAGAG-1,0.760061,0.146374,0.018541,0.075024
ACAAAGCATGACCTAG-1,0.110232,0.000011,0.624535,0.265221
ACAAATCGCACCGAAT-1,0.026024,0.131417,0.129217,0.713343
ACAAATGGTAGTGTTT-1,0.086804,0.062708,0.05521,0.795277
ACAAATTCAGATCTGA-1,0.010961,0.381469,0.273558,0.334011
ACAACAGCATGAGCTA-1,0.000051,0.00372,0.041606,0.954624
ACAACGGTCCCTGCGA-1,0.000067,0.142018,0.05648,0.801435
ACAAGCAGTGCCTAGC-1,0.024461,0.065512,0.000104,0.909923
ACAAGGAAATCCGCCC-1,0.019674,0.172709,0.214293,0.593324
ACAAGGACAAGAGGTT-1,0.049745,0.069597,0.000085,0.880574
ACAAGGATGCTTTAGG-1,0.39697,0.162955,0.179661,0.260414
ACAAGGGCAGGCTCTG-1,0.125069,0.246561,0.006149,0.622221
ACAATAGTCGTACGTT-1,0.000052,0.000026,0.000052,0.99987
ACAATCCATTTAAACC-1,0.183362,0.018199,0.049838,0.7486
ACAATGAATACGGAGA-1,0.07574,0.016294,0.448703,0.459263
ACAATGATTCTTCTAC-1,0.000494,0.011144,0.689326,0.299036
ACAATTGTGTCTCTTT-1,0.014385,0.177798,0.130058,0.677759
ACAATTTAGGAGGCTC-1,0.02782,0.026668,0.000126,0.945386
ACAATTTGAGCAGTGG-1,0.012511,0.002248,0.004467,0.980774
ACAATTTGGCCATATT-1,0.007296,0.005111,0.21444,0.773153
ACACAAAGACGGGTGG-1,0.000066,0.125792,0.133092,0.74105
ACACACCAGGACCAGT-1,0.141594,0.090298,0.028361,0.739748
ACACACTTTCTACACG-1,0.158241,0.668586,0.172672,0.000501
ACACATGATCAAATCT-1,0.101737,0.147625,0.381393,0.369245
ACACATTTCCGTAGAC-1,0.560843,0.027875,0.194495,0.216787
ACACCACATAATTAGC-1,0.012794,0.051353,0.100873,0.83498
ACACCCAGCATGCAGC-1,0.000063,0.068423,0.043983,0.887531
ACACCCGAGAAATCCG-1,0.000076,0.28148,0.184308,0.534135
ACACCGAGCGCTCTTT-1,0.062029,0.332439,0.081303,0.524229
ACACCGGTCTGACCGC-1,0.38486,0.26019,0.000141,0.354809
ACACCTTAAGTAGGGC-1,0.000173,0.254501,0.000173,0.745154
ACACCTTACTACTTGC-1,0.04221,0.000031,0.171263,0.786496
ACACGAGACTCCTTCT-1,0.023281,0.116653,0.001694,0.858373
ACACGGCACTATGCAT-1,0.000074,0.152216,0.343101,0.504609
ACACGGGAACTTAGGG-1,0.015213,0.045539,0.088261,0.850988
ACACGTAGGCCACAAG-1,0.029319,0.091517,0.397444,0.481721
ACACTCCAATGTCACT-1,0.020822,0.588544,0.103173,0.28746
ACACTGATCAAGGTGT-1,0.149061,0.28171,0.030873,0.538356
ACACTGGGACAGTCGT-1,0.25169,0.256601,0.225124,0.266586
ACAGAACTGAGAACAA-1,0.137425,0.335366,0.000095,0.527114
ACAGATTAGGTTAGTG-1,0.046271,0.102158,0.232891,0.61868
ACAGCATAGAGCCAGT-1,0.000196,0.650801,0.001759,0.347243
ACAGCGACATTCTCAT-1,0.303235,0.230757,0.253117,0.212891
ACAGCGCACCCGCAGC-1,0.023133,0.62357,0.016191,0.337106
ACAGGCACGGATCCTT-1,0.678844,0.036021,0.250406,0.034729
ACAGGCTTGCCCGACT-1,0.072952,0.099223,0.393481,0.434343
ACAGGTGGAGGTGAGG-1,0.106364,0.327726,0.00012,0.565791
ACAGTAATACAACTTG-1,0.322579,0.152006,0.000074,0.525341
ACAGTATACCGTGGGA-1,0.09028,0.832385,0.010658,0.066677
ACATAAGTCGTGGTGA-1,0.118317,0.227016,0.046208,0.608459
ACATAATAAGGCGGTG-1,0.000061,0.100311,0.211633,0.687995
ACATACAATCAAGCGG-1,0.952655,0.003849,0.000107,0.043388
ACATCAGCTGGGACGC-1,0.010266,0.139765,0.016176,0.833794
ACATCCCGGCCATACG-1,0.225192,0.112083,0.325096,0.337629
ACATCCTGGTAACTGT-1,0.000091,0.021526,0.152854,0.825529
ACATCGATCGTTTACC-1,0.092942,0.067125,0.000175,0.839758
ACATCGGTCAGCCGCG-1,0.078117,0.18779,0.000089,0.734004
ACATCGTATGCAATGG-1,0.04157,0.023503,0.114461,0.820466
ACATCGTTAACCTAGT-1,0.060372,0.939012,0.000176,0.00044
ACATGGCGCCAAAGTA-1,0.047415,0.001478,0.090652,0.860454
ACATGGCTCAATTTAG-1,0.04431,0.928375,0.000144,0.027171
ACATTAGTTTATATCC-1,0.06848,0.071687,0.227852,0.631981
ACATTCGCGCGGAATA-1,0.928079,0.006331,0.065295,0.000295
ACATTTGAAACCTAAC-1,0.644349,0.000029,0.284776,0.070846
ACCAAACACCCAGCGA-1,0.265906,0.621916,0.111988,0.00019
ACCAAACTAGAAATCC-1,0.026205,0.291197,0.23394,0.448658
ACCAACACCACACACT-1,0.032644,0.775472,0.000125,0.191759
ACCAACCGCACTCCAC-1,0.810752,0.003912,0.172228,0.013108
ACCAACGCTTATTTAT-1,0.108064,0.164558,0.097981,0.629397
ACCAAGAACGCGTGTC-1,0.011107,0.838578,0.000202,0.150114
ACCAAGTCATCGGCAG-1,0.547564,0.000032,0.138343,0.314062
ACCAATATGCAAGTTA-1,0.309381,0.560532,0.068574,0.061513
ACCACAACTCAGAACA-1,0.024065,0.223598,0.297707,0.45463
ACCACAAGTTTCTATC-1,0.031048,0.085684,0.000135,0.883134
ACCACACGGTTGATGG-1,0.999442,0.00007,0.000139,0.000349
ACCACCAATGTAACAA-1,0.147693,0.121697,0.058238,0.672373
ACCACCCTCTCTTCTA-1,0.006456,0.343808,0.523467,0.126269
ACCACGTGCAGCTATA-1,0.056258,0.024697,0.096947,0.822098
ACCAGCCCGGTCTTTG-1,0.023264,0.288344,0.302364,0.386027
ACCAGGAGTGTGATCT-1,0.000124,0.032644,0.375657,0.591575
ACCAGTGCCCGGTCAA-1,0.000067,0.075033,0.270195,0.654705
ACCAGTGCGGGAGACG-1,0.000045,0.014379,0.000045,0.985531
ACCATATCCGCAATAA-1,0.021097,0.003911,0.120508,0.854484
ACCATCCGCCAACTAG-1,0.021616,0.035362,0.019775,0.923247
ACCATCGTATATGGTA-1,0.090438,0.155538,0.036782,0.717241
ACCCAACGCCCGTGGC-1,0.000052,0.026532,0.002363,0.971054
ACCCACCTACATGCTC-1,0.000087,0.076076,0.029216,0.894621
ACCCATCTTGAGGGTA-1,0.038084,0.007654,0.037979,0.916283
ACCCATTTGTCCCTCT-1,0.102983,0.000022,0.641829,0.255165
ACCCGAGCGAAATTAC-1,0.272736,0.067443,0.287179,0.372643
ACCCGATTGGTTCCGA-1,0.433231,0.001502,0.217475,0.347791
ACCCGGAAACTCCCAG-1,0.442042,0.461226,0.000165,0.096567
ACCCGGAGCACCACAA-1,0.074875,0.20662,0.485478,0.233027
ACCCGGATGACGCATC-1,0.090349,0.146869,0.000165,0.762617
ACCCGGTTACACTTCC-1,0.034979,0.064928,0.000062,0.900031
ACCCGTAGTCTAGTTG-1,0.566998,0.000032,0.310956,0.122014
ACCCGTGTCATCAGTA-1,0.355699,0.090575,0.072958,0.480768
ACCCTATGCCATATCG-1,0.350423,0.018231,0.039095,0.592251
ACCCTCCCGTCAGGGC-1,0.999696,0.000038,0.000076,0.00019
ACCCTCCCTTGCTATT-1,0.015031,0.083317,0.194387,0.707266
ACCCTGGTAACGCCCT-1,0.026362,0.705974,0.051581,0.216084
ACCCTTCATCTGCGAA-1,0.040954,0.723492,0.100278,0.135276
ACCCTTTAGTTCTCCA-1,0.030957,0.289716,0.37088,0.308447
ACCGAAAGGGCCCTGC-1,0.000085,0.281087,0.209125,0.509703
ACCGAAGAGTCTGGTT-1,0.080547,0.078269,0.104757,0.736427
ACCGACACATCTCCCA-1,0.293405,0.000022,0.120318,0.586254
ACCGACTGAGTCCCAC-1,0.000062,0.040178,0.001755,0.958005
ACCGAGTCTCCTTATT-1,0.884151,0.00005,0.115548,0.000251
ACCGATAGGCATAACC-1,0.169331,0.089855,0.565288,0.175526
ACCGATATTTAATCAT-1,0.016347,0.198622,0.280824,0.504207
ACCGATGGTAGCATCG-1,0.036193,0.100717,0.044269,0.818822
ACCGCAATAACTGCCT-1,0.047212,0.049624,0.183283,0.71988
ACCGCGGTGGAAGTCG-1,0.110757,0.086634,0.084304,0.718305
ACCGCTAGTCATTGGT-1,0.633654,0.039112,0.158166,0.169068
ACCGGGCCTTTGTTGA-1,0.071416,0.125802,0.000151,0.802631
ACCGGTCAGGTACACC-1,0.192463,0.341889,0.016681,0.448967
ACCGTGACCACGTGGG-1,0.475661,0.278924,0.001903,0.243512
ACCGTTCCCGCTCTGA-1,0.000049,0.029014,0.826402,0.144535
ACCTAAGTACCTTTCA-1,0.079488,0.051678,0.023191,0.845643
ACCTAATCGACTTCCT-1,0.03013,0.050085,0.032332,0.887452
ACCTACAGTATGTGGT-1,0.01536,0.007885,0.090446,0.886309
ACCTACTATAAATCTA-1,0.906003,0.000067,0.093594,0.000336
ACCTCAGCGAGGCGCA-1,0.999788,0.000027,0.000053,0.000133
ACCTCCGCCCTCGCTG-1,0.011667,0.058724,0.260934,0.668675
ACCTCCGTTATTCACC-1,0.034883,0.268998,0.261991,0.434128
ACCTCGAACTTATGCT-1,0.503705,0.49597,0.000093,0.000233
ACCTGCGTGTCATGTT-1,0.085546,0.09039,0.0289,0.795164
ACGAAATGGGCGGCAC-1,0.009536,0.043367,0.012464,0.934633
ACGACCCATGAGTTGC-1,0.116227,0.081995,0.343828,0.45795
ACGACTCTAGGGCCGA-1,0.999548,0.000056,0.000113,0.000282
ACGACTGGTCATACTC-1,0.710706,0.119424,0.169677,0.000193
ACGAGAACCCATCACG-1,0.028258,0.223939,0.062589,0.685215
ACGAGATATTTGCTTA-1,0.047385,0.88922,0.000245,0.06315
ACGAGGATACCACTCT-1,0.052762,0.210931,0.05921,0.677097
ACGAGGTTTACAACGT-1,0.076678,0.155364,0.236388,0.53157
ACGAGTACGGATGCCC-1,0.00013,0.117359,0.110303,0.772209
ACGATACATAGAACTA-1,0.00007,0.138632,0.216583,0.644715
ACGATCATACATAGAG-1,0.004555,0.320332,0.038237,0.636877
ACGATCATCTTGTAAA-1,0.047847,0.024321,0.070777,0.857055
ACGATGCATATGTTAT-1,0.055575,0.00002,0.053897,0.890508
ACGATGGATCCGATGC-1,0.062806,0.793851,0.000209,0.143134
ACGCAAACTAATAGAT-1,0.834216,0.105594,0.000146,0.060044
ACGCAATCACTACAGC-1,0.000174,0.298892,0.126411,0.574524
ACGCATACGTTTACTA-1,0.092,0.221588,0.374377,0.312035
ACGCATTCGTGAGTAC-1,0.080221,0.195692,0.000183,0.723904
ACGCCACTCGAAACAG-1,0.999684,0.000039,0.000079,0.000197
ACGCCAGATGATTTCT-1,0.018857,0.963638,0.017065,0.000439
ACGCCAGTGCGTTTGC-1,0.952627,0.00006,0.047015,0.000298
ACGCCGCTAGACGACC-1,0.026944,0.000032,0.048486,0.924538
ACGCGAAGTCAGACGA-1,0.06812,0.032345,0.131411,0.768124
ACGCGCTACACAGGGT-1,0.021674,0.013032,0.066355,0.898939
ACGCGGGCCAAGGACA-1,0.010209,0.018116,0.073304,0.898372
ACGCGTTTCTTAAGAG-1,0.019714,0.038374,0.000042,0.94187
ACGCTACTGAATGGGC-1,0.442662,0.000015,0.258592,0.298732
ACGCTAGTGATACACT-1,0.006903,0.398107,0.00015,0.59484
ACGCTGTGAGGCGTAG-1,0.062682,0.007615,0.021941,0.907762
ACGGAACACGAGTGCC-1,0.932427,0.067194,0.000108,0.00027
ACGGAATTTAGCAAAT-1,0.034184,0.713245,0.000178,0.252392
ACGGACTCTCAAAGCG-1,0.637632,0.181088,0.040908,0.140373
ACGGAGCGCAAATTAC-1,0.02389,0.734117,0.028059,0.213934
ACGGATGGTGCGGATA-1,0.411205,0.324223,0.121217,0.143355
ACGGCACTTGCTTGGG-1,0.123381,0.581582,0.000148,0.294889
ACGGCCAACATGGACT-1,0.097928,0.369968,0.087367,0.444737
ACGGCGACGATGGGAA-1,0.000073,0.113867,0.145592,0.740468
ACGGCGGGTTGCCCTG-1,0.00009,0.204197,0.181569,0.614145
ACGGCTGGATGTAGAA-1,0.092629,0.064356,0.150596,0.692419
ACGGGAGTGTCGGCCC-1,0.020841,0.026073,0.011524,0.941562
ACGGGCGTATGCGACA-1,0.000048,0.064337,0.233241,0.702375
ACGGGTCATGTGACTT-1,0.007593,0.969935,0.00018,0.022293
ACGGTACAGTTCAATG-1,0.96378,0.000053,0.035903,0.000264
ACGTACAGATTTCTCT-1,0.028289,0.875497,0.000229,0.095985
ACGTACTTTGGCACGG-1,0.760876,0.058402,0.036572,0.144149
ACGTAGATTGCTGATG-1,0.000054,0.002815,0.022256,0.974874
ACGTAGGAGAGTCGCT-1,0.947294,0.00006,0.052345,0.000301
ACGTATTACTCCGATC-1,0.000109,0.05808,0.038186,0.903625
ACGTCTCGTTCCGGGA-1,0.027696,0.023762,0.000225,0.948316
ACGTGCGCCTCGTGCA-1,0.000257,0.982388,0.000257,0.017099
ACGTTAATGTCGAAGA-1,0.000024,0.000012,0.001919,0.998045
ACGTTAGATTTGCCCG-1,0.000027,0.000014,0.002281,0.997677
ACGTTATTGGTCACTC-1,0.000145,0.347008,0.000145,0.652703
ACGTTCACTATGCCGC-1,0.831356,0.111211,0.000181,0.057251
ACGTTCCGCGCTCCGT-1,0.000077,0.108583,0.281732,0.609609
ACGTTCGCAATCAATT-1,0.039747,0.102089,0.094788,0.763375
ACGTTCGTTCAGGAAA-1,0.635433,0.15189,0.000161,0.212517
ACGTTCTGTACAAGTC-1,0.803766,0.046734,0.14153,0.00797
ACGTTGTCGTTGAAAG-1,0.70855,0.058898,0.00013,0.232422
ACGTTTAGTTGTGATC-1,0.026745,0.469253,0.327421,0.176581
ACGTTTCGGTGCACTT-1,0.343828,0.070157,0.118404,0.467611
ACTAATACGTCAGGCG-1,0.024401,0.446528,0.117726,0.411345
ACTACAAAGAGAGGTG-1,0.901612,0.097823,0.000161,0.000404
ACTACATCCCGACAAG-1,0.557261,0.258275,0.000116,0.184348
ACTACCAGCTCTCTGG-1,0.000072,0.047354,0.043688,0.908885
ACTACCATCCGAGGGC-1,0.834847,0.055428,0.000149,0.109575
ACTACGCGTTAGAATT-1,0.626107,0.262406,0.000149,0.111339
ACTAGTTGCGATCGTC-1,0.013285,0.000017,0.100193,0.886505
ACTATATGCTGTGTTC-1,0.006255,0.992967,0.000222,0.000556
ACTATCCAGGGCATGG-1,0.009118,0.03138,0.208838,0.750664
ACTATCTGCCCGCGTA-1,0.037099,0.029271,0.425582,0.508048
ACTATGTCCAGCTGCC-1,0.560599,0.083589,0.181414,0.174398
ACTATTTCCGGGCCCA-1,0.431059,0.275763,0.000224,0.292954
ACTCAACGAATGTATT-1,0.000105,0.338773,0.216337,0.444785
ACTCAAGTGCAAGGCT-1,0.201602,0.054627,0.355602,0.388168
ACTCAATAAAGGCACG-1,0.000084,0.120022,0.083551,0.796343
ACTCAGACCTGCTTCT-1,0.00017,0.739551,0.086605,0.173674
ACTCATGGCAGCCTTC-1,0.506056,0.253229,0.01394,0.226775
ACTCCAATATCATCAT-1,0.216064,0.020169,0.351915,0.411852
ACTCCCATTCCTAAAG-1,0.038814,0.007563,0.054485,0.899138
ACTCCCGAATTCGTTT-1,0.000152,0.18965,0.000152,0.810045
ACTCCCGTAGACTAGG-1,0.015508,0.47195,0.131218,0.381324
ACTCCCTAATGCTAAA-1,0.12621,0.078379,0.337007,0.458403
ACTCCCTAGAATAGTA-1,0.070746,0.04218,0.137096,0.749978
ACTCCGGCCGACCACT-1,0.881252,0.000074,0.05132,0.067354
ACTCGATGTATTTCAT-1,0.029374,0.584255,0.000237,0.386133
ACTCGCCGTTCGATAA-1,0.266246,0.21677,0.210964,0.306021
ACTCGCGATCTGACGC-1,0.000026,0.000013,0.063531,0.936431
ACTCGTAACCCGTCCT-1,0.033074,0.146841,0.007514,0.812571
ACTCGTCAGTAATCCC-1,0.000035,0.000018,0.00273,0.997217
ACTCTAAACCTGGGAT-1,0.000052,0.154904,0.050589,0.794455
ACTCTCTGACTTAGGT-1,0.004143,0.000021,0.007928,0.987908
ACTCTCTTATACACGA-1,0.000229,0.50012,0.109783,0.389869
ACTCTGACCTAATAGA-1,0.974466,0.000048,0.025248,0.000239
ACTCTTCAGCTCCCGC-1,0.079252,0.014336,0.050419,0.855992
ACTCTTGTATAGTAAC-1,0.000061,0.00003,0.016658,0.983251
ACTGAAACGCCGTTAG-1,0.150715,0.330844,0.19904,0.319401
ACTGAATGGCGAAAGT-1,0.034536,0.064393,0.128972,0.772099
ACTGCCCGCCATTCTC-1,0.683757,0.171559,0.000112,0.144572
ACTGCCGTCGTAACTC-1,0.006814,0.880967,0.075274,0.036945
ACTGCGGACACACCGT-1,0.000145,0.008641,0.000145,0.991068
ACTGCTCGGAAGGATG-1,0.035937,0.086543,0.005571,0.871948
ACTGGGATGCCAGTGC-1,0.860495,0.00006,0.139147,0.000298
ACTGTACGATACACAT-1,0.000032,0.000016,0.000032,0.999921
ACTGTAGCACTTTGGA-1,0.030591,0.20286,0.009334,0.757216
ACTGTATACGCGAGCA-1,0.10173,0.818321,0.000151,0.079797
ACTGTCCAGGATTATA-1,0.000053,0.000027,0.000053,0.999867
ACTGTCTTCTTTAGAA-1,0.003785,0.197377,0.014411,0.784427
ACTGTGCTAGTAGATC-1,0.041677,0.278241,0.008046,0.672036
ACTGTTTAGTGTAGGC-1,0.000074,0.016038,0.439996,0.543892
ACTTACCGGGCGCGCA-1,0.000196,0.766942,0.05397,0.178892
ACTTACGCATCCACGC-1,0.421266,0.084138,0.225364,0.269233
ACTTAGTACGACAAGA-1,0.028106,0.622727,0.02509,0.324076
ACTTATACTTACCCGG-1,0.070465,0.019674,0.004033,0.905828
ACTTATCTGATCTATA-1,0.000076,0.000038,0.342712,0.657173
ACTTATTAGGATCGGT-1,0.045726,0.04621,0.00013,0.907933
ACTTATTTATGTGCCA-1,0.000033,0.000016,0.000033,0.999918
ACTTCAGGCTGATCCC-1,0.000046,0.001274,0.131311,0.867368
ACTTCCATGCGGGACA-1,0.096073,0.000019,0.158929,0.74498
ACTTCGCCATACGCAC-1,0.070112,0.208149,0.057016,0.664723
ACTTCGCTAGCGAGTG-1,0.009619,0.022273,0.119972,0.848136
ACTTGACTCCCTCTTT-1,0.063357,0.024072,0.016542,0.896029
ACTTGCCATATTGTAC-1,0.000052,0.009949,0.491402,0.498597
ACTTGGGACCCGGTGG-1,0.026892,0.328538,0.000782,0.643788
ACTTGGGCTTTCGCCA-1,0.959512,0.040021,0.000134,0.000334
ACTTGTAGTCCCTTCA-1,0.077609,0.120706,0.000118,0.801567
ACTTGTGGATGGAACG-1,0.048273,0.086568,0.789365,0.075794
ACTTGTTACCGGATCA-1,0.323462,0.000036,0.458004,0.218499
ACTTTACCCTCATGAA-1,0.014432,0.030854,0.012843,0.941872
ACTTTCCTATAGCTTC-1,0.000096,0.012154,0.041457,0.946292
ACTTTGACTGCATCCT-1,0.054254,0.000025,0.021486,0.924236
ACTTTGGTCGTGCTCC-1,0.063557,0.072144,0.170877,0.693422
ACTTTGTCGACGCACT-1,0.068242,0.02797,0.284685,0.619103
AGAAATTATGACTCGC-1,0.052866,0.069182,0.186431,0.691521
AGAACCCAGCGTGACA-1,0.090412,0.102728,0.127079,0.67978
AGAACCCTCAATTGGG-1,0.147718,0.326414,0.123373,0.402495
AGAACGTGGTACATTC-1,0.008994,0.161366,0.06407,0.76557
AGAACTGTACTTTGTA-1,0.972117,0.000031,0.027696,0.000156
AGAAGAGCGCCGTTCC-1,0.001016,0.000508,0.303591,0.694885
AGAAGGTACACTTCAC-1,0.107727,0.125653,0.000309,0.76631
AGAAGGTTGCCGAATT-1,0.131543,0.180875,0.000124,0.687459
AGAAGGTTGTAGGTCG-1,0.708767,0.02734,0.145315,0.118577
AGAAGTGATTCGTGAT-1,0.004608,0.001024,0.056051,0.938317
AGAATAAATCTTCAGG-1,0.029121,0.105055,0.018663,0.847162
AGAATACAGGCTATCC-1,0.99975,0.000031,0.000062,0.000156
AGAATGCGGGTTCGGA-1,0.003797,0.858185,0.080526,0.057492
AGAATTATGGATTCGA-1,0.00005,0.003082,0.036466,0.960402
AGAATTGTTTGACATA-1,0.000228,0.684004,0.000228,0.315539
AGACAGCTCAGAATCC-1,0.000138,0.346512,0.000138,0.653211
AGACAGGCATCTCAGC-1,0.071419,0.052632,0.224097,0.651851
AGACATAGATCCTTCC-1,0.00011,0.276288,0.17036,0.553243
AGACCAAACCACACCT-1,0.058999,0.022186,0.240504,0.678311
AGACCATGGGATACAA-1,0.000073,0.301437,0.060982,0.637509
AGACCCACCGCTGATC-1,0.086551,0.045524,0.17618,0.691745
AGACCCGCCCTCCTCG-1,0.000055,0.021421,0.05267,0.925854
AGACCGCTCCGCGGTT-1,0.055001,0.063756,0.27224,0.609004
AGACCGGGAAACCCTG-1,0.000026,0.000013,0.0034,0.996561
AGACGAAGTGCCGGTC-1,0.018642,0.017874,0.035157,0.928327
AGACGACGATGCCGCT-1,0.066826,0.068096,0.29903,0.566048
AGACGCCCACTTCGCC-1,0.398631,0.172535,0.414041,0.014793
AGACGGGCCGATTTAA-1,0.007293,0.211218,0.240934,0.540555
AGACTAGCCTTCCAGA-1,0.000065,0.002186,0.017399,0.980349
AGACTGTTACCGGGTC-1,0.610073,0.224057,0.000204,0.165666
AGAGAAACACCAGAAA-1,0.899065,0.066317,0.000121,0.034497
AGAGAACCGTCTAGGA-1,0.085817,0.359785,0.122981,0.431417
AGAGAAGGAGTACAAT-1,0.373692,0.140339,0.153343,0.332626
AGAGATCTCTAAAGCG-1,0.000028,0.000014,0.006802,0.993156
AGAGCAGTTATGAGAC-1,0.148614,0.179651,0.021586,0.650149
AGAGCCGCCGAGATTT-1,0.107464,0.295828,0.265895,0.330813
AGAGCGGGCTAATCAT-1,0.000188,0.895855,0.090012,0.013944
AGAGCGTACAAGCTCG-1,0.006104,0.11086,0.069383,0.813653
AGAGCTACGAAAGCAT-1,0.042632,0.289239,0.00474,0.66339
AGAGGCTTCGGAAACC-1,0.085694,0.169293,0.273179,0.471834
AGAGGTATCTCGGTCC-1,0.000047,0.000023,0.41586,0.584069
AGAGTAAACTTCACTA-1,0.066539,0.074046,0.277422,0.581992
AGAGTATAGTGTTACG-1,0.000123,0.178483,0.081337,0.740057
AGAGTCTTAATGAAAG-1,0.317708,0.052506,0.144328,0.485458
AGATAACTTCAGGGCC-1,0.000055,0.000028,0.034004,0.965913
AGATACCAATAGAACC-1,0.888605,0.047417,0.007034,0.056944
AGATACCAGCACTTCA-1,0.010224,0.858839,0.120058,0.01088
AGATACCGGTGTTCAC-1,0.00785,0.00002,0.009238,0.982892
AGATACGACTTCATAT-1,0.029616,0.840776,0.000144,0.129464
AGATACTCAAGATCGA-1,0.069716,0.00032,0.296544,0.63342
AGATATAATACGACTA-1,0.480436,0.051877,0.269609,0.198078
AGATCGTGCATAAGAT-1,0.000059,0.086417,0.384462,0.529062
AGATCTCAGGTGTGAT-1,0.012772,0.053132,0.110737,0.823359
AGATGACTCGCCCACG-1,0.000097,0.08703,0.036956,0.875917
AGATGATGGAGTCTGG-1,0.072941,0.117161,0.058056,0.751842
AGATGCAAGACGTGCA-1,0.199244,0.477647,0.221767,0.101342
AGATGCATCCTGTGTC-1,0.034455,0.02337,0.000029,0.942146
AGATTATAGGACGTTT-1,0.054201,0.035401,0.058976,0.851422
AGATTCACAACCGATA-1,0.031416,0.020959,0.038991,0.908634
AGCAAAGGCCGCTAGT-1,0.579634,0.3359,0.079989,0.004477
AGCAACATATCTTATT-1,0.029166,0.005924,0.065227,0.899683
AGCAACCGAAAGTAAT-1,0.03318,0.010233,0.297067,0.65952
AGCACACGTTTAGACT-1,0.177213,0.007907,0.250198,0.564683
AGCACCAGTACTCACG-1,0.024086,0.185689,0.003361,0.786863
AGCACTACCGGCCTGT-1,0.034934,0.154483,0.000129,0.810453
AGCACTACCTCACCAG-1,0.012906,0.103674,0.460051,0.423369
AGCACTTAAGGACGCC-1,0.026003,0.051343,0.000119,0.922534
AGCAGAAGGAGAAAGA-1,0.68543,0.090674,0.017064,0.206832
AGCAGCCAGATGAATA-1,0.716059,0.16704,0.000099,0.116802
AGCAGTCGAAGCATGC-1,0.467707,0.011033,0.352084,0.169175
AGCATATCAATATGCT-1,0.060179,0.068508,0.131469,0.739844
AGCATCATTTCGAAAG-1,0.000038,0.026657,0.141717,0.831589
AGCATCGTCGATAATT-1,0.000057,0.063684,0.126995,0.809263
AGCATTACGAGGCAAG-1,0.874793,0.000077,0.077299,0.047831
AGCCAAGCTTTGTGTC-1,0.746528,0.096546,0.156533,0.000393
AGCCACAGGTTACCCG-1,0.752932,0.095871,0.067535,0.083661
AGCCACTCCCGTGCTT-1,0.00006,0.059005,0.205494,0.735441
AGCCATATAGTATGTG-1,0.999467,0.000067,0.000133,0.000333
AGCCCATACATGTAAG-1,0.057482,0.013044,0.008236,0.921238
AGCCCGCAACAAGCAG-1,0.617855,0.040138,0.133985,0.208023
AGCCCGCACTACAATG-1,0.999789,0.000026,0.000053,0.000132
AGCCCGGCATTAGAGG-1,0.370603,0.205959,0.138556,0.284882
AGCCCGGTAGCCTGTA-1,0.588658,0.227815,0.000224,0.183303
AGCCCTAAGCGAAGTT-1,0.00263,0.445161,0.115558,0.436651
AGCCCTCCCTGGTGGC-1,0.666869,0.182464,0.000147,0.15052
AGCCCTGTCGCACCGT-1,0.061032,0.022409,0.231148,0.685412
AGCCCTTCTAATCCGA-1,0.050302,0.949064,0.000181,0.000453
AGCCCTTGGACATCCC-1,0.088059,0.109397,0.380582,0.421962
AGCCGTGGCTAAATGT-1,0.000052,0.019008,0.303068,0.677872
AGCCTAATACCCACGT-1,0.013999,0.01505,0.032258,0.938693
AGCCTTAAAGCGGAAG-1,0.000097,0.190912,0.029908,0.779083
AGCGACAGGAACGGTC-1,0.058771,0.130299,0.196729,0.6142
AGCGACATCCCATTCA-1,0.000288,0.894539,0.000288,0.104885
AGCGACCAACGATATT-1,0.000069,0.081419,0.000069,0.918443
AGCGACTTTGAAGACA-1,0.785294,0.062811,0.001702,0.150193
AGCGAGACGTGAAGGC-1,0.569062,0.137624,0.000177,0.293136
AGCGATGCGCCTAATA-1,0.471102,0.056137,0.388285,0.084476
AGCGCATAATGAATCG-1,0.578988,0.340231,0.01665,0.064132
AGCGCGGGTGCCAATG-1,0.000098,0.28775,0.10881,0.603342
AGCGCTAGAGCGATGT-1,0.03835,0.076426,0.119366,0.765858
AGCGCTTATGGGCAAG-1,0.010317,0.199975,0.487342,0.302366
AGCGGACACTTCGTAG-1,0.398056,0.000031,0.349103,0.25281
AGCGGCGGTTAGCGGT-1,0.000052,0.009259,0.072641,0.918049
AGCGGGAAGGGTCCAT-1,0.019452,0.583538,0.200139,0.19687
AGCGGGTCTGACACTC-1,0.865509,0.026982,0.107177,0.000332
AGCGGTTGCCGCTCTG-1,0.449957,0.055841,0.49392,0.000282
AGCGTACGAGAGCTAG-1,0.022832,0.551565,0.000098,0.425505
AGCGTAGCGCTAGACC-1,0.018441,0.344566,0.078321,0.558672
AGCGTCTGAACCCGCA-1,0.000089,0.108489,0.155087,0.736336
AGCGTGGTATTCTACT-1,0.112246,0.146377,0.076263,0.665114
AGCTAACAAGCAATGT-1,0.604521,0.143605,0.000154,0.251721
AGCTAAGCTCCGTCCG-1,0.451401,0.027715,0.270919,0.249964
AGCTAAGTACGCAGGC-1,0.968876,0.000031,0.030939,0.000154
AGCTACGAATGGTGGT-1,0.99967,0.000041,0.000082,0.000206
AGCTAGAAGCAGAAGT-1,0.000076,0.178918,0.197329,0.623678
AGCTATTTAATCCAAC-1,0.074974,0.445107,0.053068,0.426852
AGCTCCATATATGTTC-1,0.104739,0.000015,0.822079,0.073167
AGCTCCTTCGCACATC-1,0.183453,0.149188,0.20171,0.465648
AGCTCTAGACGTTCCA-1,0.036436,0.000024,0.0695,0.89404
AGCTCTTCCCAGTGCA-1,0.026975,0.966969,0.000244,0.005812
AGCTCTTCGTAACCTT-1,0.020369,0.045925,0.0895,0.844206
AGCTCTTTACTCAGTT-1,0.020201,0.040098,0.102812,0.836889
AGCTGAAGTAAACCAA-1,0.00011,0.56252,0.052659,0.384711
AGCTGTAACCTCAATC-1,0.096021,0.235788,0.018426,0.649765
AGCTTATAGAGACCTG-1,0.000072,0.060838,0.258501,0.680588
AGCTTCTTCTCGAGCA-1,0.344641,0.000033,0.531349,0.123977
AGCTTGATCTTAACTT-1,0.011253,0.20086,0.034012,0.753874
AGGAAAGCCTCTGATG-1,0.030224,0.788965,0.087804,0.093006
AGGAACGAACGACTTC-1,0.699825,0.114595,0.088267,0.097312
AGGAAGCTGTCCGCCG-1,0.255682,0.049632,0.288469,0.406218
AGGACAGTCGAATCCC-1,0.0574,0.00047,0.039768,0.902362
AGGACATCGCACGTCG-1,0.004549,0.611642,0.000152,0.383657
AGGACATCGGCACACT-1,0.701091,0.005163,0.220592,0.073154
AGGACGACCCATTAGA-1,0.166141,0.094211,0.000163,0.739486
AGGACGCTCGATGTTG-1,0.000209,0.997037,0.000209,0.002545
AGGAGACATCCACAGT-1,0.002179,0.587751,0.135454,0.274617
AGGAGAGTCTGGCTAC-1,0.000032,0.077558,0.077069,0.845341
AGGAGCGTTTATTATC-1,0.999774,0.000028,0.000056,0.000141
AGGAGGCCTTCGCGCG-1,0.000035,0.016328,0.254437,0.7292
AGGATAAAGTCGGGAT-1,0.045179,0.090855,0.15004,0.713926
AGGATATAGGGATTTA-1,0.000036,0.010033,0.000036,0.989895
AGGATATCCGACTGCA-1,0.878196,0.000037,0.121583,0.000184
AGGATCACGCGATCTG-1,0.093099,0.177036,0.000151,0.729714
AGGATTGCTTACGACA-1,0.000117,0.127748,0.017297,0.854837
AGGCAAAGAGGAATCA-1,0.042016,0.04202,0.369721,0.546243
AGGCACGTGACTGTCC-1,0.099104,0.144789,0.347571,0.408535
AGGCAGATGCGTAAAC-1,0.000107,0.324865,0.013554,0.661474
AGGCAGGGAGCGTACT-1,0.266831,0.103557,0.329828,0.299783
AGGCATTGTCGTAGGG-1,0.028521,0.0898,0.14211,0.739569
AGGCCACATTGGTTAC-1,0.049977,0.048976,0.139426,0.761622
AGGCCACCCGTTATGA-1,0.020191,0.27184,0.000126,0.707843
AGGCCCAGTGACTGGT-1,0.021063,0.707404,0.000129,0.271404
AGGCCCATTGTACAGG-1,0.035771,0.338969,0.074193,0.551068
AGGCCCTAGAACGCCA-1,0.084499,0.115661,0.000113,0.799727
AGGCCTATCATACCAA-1,0.78852,0.055982,0.154657,0.000841
AGGCCTGAGAATCTCG-1,0.570455,0.106442,0.216191,0.106912
AGGCGATAACTGGCGT-1,0.128583,0.180419,0.300316,0.390682
AGGCGGTTTGTCCCGC-1,0.063308,0.000293,0.314944,0.621455
AGGCGTCTATGGACGG-1,0.006139,0.671501,0.146443,0.175917
AGGCTATGGTTAGCTT-1,0.000117,0.231795,0.0037,0.764388
AGGCTTAAGTTGCACA-1,0.943217,0.000048,0.056497,0.000238
AGGCTTCCCGAAGAAG-1,0.048576,0.011667,0.215965,0.723792
AGGCTTGCTAGACACC-1,0.000151,0.17591,0.000151,0.823787
AGGGAAACGAGGTACT-1,0.000103,0.716124,0.005274,0.278499
AGGGACAGCACGGCGG-1,0.000141,0.462828,0.172062,0.364969
AGGGACCGGCTGCGTT-1,0.091982,0.132767,0.004942,0.770308
AGGGACTCTACGCGAC-1,0.273434,0.341738,0.000169,0.38466
AGGGAGACATACTTCG-1,0.000107,0.086944,0.173999,0.73895
AGGGCAGCGGCGTGGT-1,0.00047,0.215301,0.378348,0.405881
AGGGCCCTAATGTTCT-1,0.603509,0.004808,0.127678,0.264005
AGGGCGAGCAGCTGAT-1,0.097158,0.016891,0.000072,0.88588
AGGGCGTGATCGGCTA-1,0.213576,0.471639,0.000142,0.314642
AGGGCTGCAGTTACAG-1,0.016828,0.000022,0.017093,0.966056
AGGGTCAGAGCACTCG-1,0.841201,0.063725,0.000109,0.094964
AGGGTCAGTAACCCTA-1,0.006066,0.498614,0.136601,0.358718
AGGGTCGATGCGAACT-1,0.113534,0.076932,0.044878,0.764656
AGGGTCTGGACGCAGT-1,0.946398,0.00006,0.029779,0.023763
AGGGTGCCGTTCTTTA-1,0.870529,0.089086,0.000189,0.040196
AGGGTGCTCTCGAGGG-1,0.010948,0.001204,0.002234,0.985614
AGGGTGGATAGTGCAT-1,0.020651,0.101273,0.000118,0.877958
AGGGTTCAGACGGTCC-1,0.880212,0.067035,0.000145,0.052608
AGGGTTCCCTTTGGTT-1,0.0001,0.220409,0.05605,0.723441
AGGGTTTAGTTCGGGA-1,0.000056,0.034319,0.000056,0.965568
AGGTACGATATTGCCA-1,0.047611,0.514501,0.125048,0.31284
AGGTAGATCGAGATAT-1,0.376603,0.081269,0.25963,0.282499
AGGTAGGTACAAAGCT-1,0.03567,0.061668,0.001887,0.900774
AGGTATAATTGATAGT-1,0.096299,0.053168,0.01357,0.836963
AGGTATGCGGACATTA-1,0.113469,0.021157,0.047243,0.818131
AGGTCAGGTGAGAGTG-1,0.052199,0.138534,0.123288,0.685979
AGGTCGCCACTTCGGT-1,0.083988,0.337996,0.417256,0.16076
AGGTCGCCTCCCAACA-1,0.407647,0.082805,0.446652,0.062895
AGGTCGCGGAGTTACT-1,0.00005,0.005206,0.272476,0.722268
