Barcode,Topic 1,Topic 2to5,Topic 6,Topic 7,Topic 8to9,Topic 10,Topic 11,Topic 12
AAACAACGAATAGTTC-1,0.007901,0.092607,0.00003,0.00003,0.389361,0.032833,0.13065,0.346588
AAACAAGTATCTCCCA-1,0.091454,0.193407,0.305377,0.215984,0.000702,0.048708,0.037794,0.106576
AAACAATCTACTAGCA-1,0.000016,0.260086,0.040249,0.090536,0.000266,0.000961,0.021877,0.586008
AAACACCAATAACTGC-1,0.055453,0.569532,0.045966,0.195272,0.117328,0.000391,0.010917,0.00514
AAACAGAGCGACTCCT-1,0.000071,0.000282,0.000071,0.000071,0.348541,0.000071,0.650825,0.000071
AAACAGCTTTCAGAAG-1,0.012794,0.387693,0.240914,0.078274,0.125609,0.006446,0.12163,0.026641
AAACAGGGTCTATATT-1,0.000027,0.000107,0.218181,0.000027,0.774192,0.000056,0.007383,0.000027
AAACAGTGTTCCTGGG-1,0.038567,0.767726,0.057488,0.024906,0.101632,0.007216,0.00099,0.001474
AAACATGGTGAGAGGA-1,0.000014,0.000058,0.365988,0.001111,0.542311,0.000014,0.089786,0.000718
AAACATTTCCCGGATT-1,0.032499,0.038357,0.250302,0.276212,0.326315,0.030464,0.018572,0.027279
AAACCCGAACGAAATC-1,0.000012,0.113752,0.126048,0.348062,0.001389,0.000539,0.176445,0.233753
AAACCGGAAATGTTAA-1,0.000051,0.000204,0.000051,0.000051,0.384683,0.000051,0.614858,0.000051
AAACCGGGTAGGTACC-1,0.013886,0.264529,0.063608,0.006861,0.232087,0.137101,0.256928,0.025001
AAACCGTTCGTCCAGG-1,0.012355,0.589472,0.002315,0.050569,0.231323,0.079205,0.015695,0.019066
AAACCTAAGCAGCCGG-1,0.14369,0.207552,0.044072,0.136471,0.436833,0.023881,0.000959,0.006542
AAACCTCATGAAGTTG-1,0.000127,0.281032,0.056188,0.007138,0.398784,0.176362,0.039513,0.040857
AAACGAAGAACATACC-1,0.001178,0.131815,0.021313,0.110106,0.000041,0.002038,0.096216,0.637294
AAACGAAGATGGAGTA-1,0.008981,0.05915,0.000969,0.119576,0.609005,0.122794,0.030471,0.049054
AAACGAGACGGTTGAT-1,0.004541,0.129983,0.000029,0.013045,0.589499,0.068623,0.039183,0.155096
AAACGCTGGGCACGAC-1,0.031879,0.140112,0.128213,0.024947,0.304822,0.000842,0.369144,0.000043
AAACGGGCGTACGGGT-1,0.006383,0.000084,0.006525,0.030811,0.955845,0.000021,0.000021,0.00031
AAACGGGTTGGTATCC-1,0.001556,0.182587,0.060928,0.00754,0.087326,0.041374,0.305318,0.313372
AAACGGTTGCGAACTG-1,0.039275,0.329701,0.000021,0.075193,0.467007,0.082511,0.000021,0.00627
AAACTCGGTTCGCAAT-1,0.29564,0.267367,0.11975,0.032752,0.20335,0.047496,0.014242,0.019402
AAACTGCTGGCTCCAA-1,0.17079,0.47471,0.000013,0.006713,0.160408,0.104741,0.008542,0.074083
AAACTTAATTGCACGC-1,0.000026,0.000104,0.457959,0.000026,0.541035,0.000799,0.000026,0.000026
AAACTTGCAAACGTAT-1,0.02059,0.091367,0.360503,0.012392,0.278384,0.085712,0.138899,0.012154
AAAGAATGACCTTAGA-1,0.001387,0.088794,0.044713,0.052608,0.658706,0.013192,0.089692,0.050907
AAAGAATGTGGACTAA-1,0.000173,0.003172,0.11309,0.283364,0.540379,0.000023,0.028398,0.031399
AAAGACCCAAGTCGCG-1,0.106099,0.513414,0.057433,0.03004,0.091951,0.01253,0.031444,0.157089
AAAGACTGGGCGCTTT-1,0.014456,0.208324,0.000029,0.009619,0.396645,0.092056,0.124886,0.153986
AAAGGCCCTATAATAC-1,0.010951,0.002998,0.418917,0.035598,0.530788,0.000726,0.000011,0.000011
AAAGGCTACGGACCAT-1,0.02471,0.447898,0.006784,0.030296,0.226368,0.250661,0.000014,0.013271
AAAGGCTCTCGCGCCG-1,0.038176,0.434943,0.013096,0.030126,0.210958,0.216215,0.021679,0.034807
AAAGGGATGTAGCAAG-1,0.160824,0.32517,0.000026,0.000026,0.317433,0.124127,0.013857,0.058537
AAAGGGCAGCTTGAAT-1,0.000028,0.06085,0.006143,0.000028,0.29495,0.514853,0.081184,0.041964
AAAGTAGCATTGCTCA-1,0.00847,0.698144,0.081576,0.048462,0.065225,0.061825,0.01732,0.018978
AAAGTCACTGATGTAA-1,0.107718,0.063983,0.000032,0.002455,0.198256,0.080263,0.015216,0.532077
AAAGTCGACCCTCAGT-1,0.000041,0.000164,0.000041,0.000041,0.942099,0.038007,0.019565,0.000041
AAAGTGCCATCAATTA-1,0.000037,0.000148,0.000037,0.000037,0.506878,0.000037,0.492789,0.000037
AAAGTGTGATTTATCT-1,0.031619,0.235471,0.02914,0.010344,0.351112,0.089873,0.035479,0.216961
AAAGTTGACTCCCGTA-1,0.001204,0.108119,0.004249,0.054302,0.401678,0.01369,0.21252,0.204239
AAATAACCATACGGGA-1,0.00006,0.192446,0.00006,0.062604,0.071565,0.057794,0.4774,0.138069
AAATACCTATAAGCAT-1,0.08284,0.474821,0.115004,0.025793,0.050516,0.152744,0.020335,0.077947
AAATAGCTTAGACTTT-1,0.000017,0.15033,0.00415,0.105672,0.065041,0.007274,0.145329,0.522187
AAATAGGGTGCTATTG-1,0.025316,0.000135,0.146946,0.000034,0.600175,0.154635,0.072726,0.000034
AAATCCGATACACGCC-1,0.294729,0.150961,0.166704,0.123492,0.219413,0.009084,0.012641,0.022977
AAATCGCGGAAGGAGT-1,0.006771,0.077913,0.025704,0.071606,0.727323,0.004522,0.054945,0.031217
AAATCGTGTACCACAA-1,0.01096,0.140352,0.000038,0.006457,0.432626,0.289798,0.02839,0.09138
AAATCTAGCCCTGCTA-1,0.006901,0.071827,0.002047,0.17219,0.531209,0.012794,0.114575,0.088456
AAATCTGCCCGCGTCC-1,0.068517,0.015854,0.188296,0.001337,0.484997,0.074609,0.166251,0.000139
AAATGACTGATCAAAC-1,0.114959,0.120128,0.029944,0.015555,0.632987,0.031174,0.055229,0.000023
AAATGCTCGTTACGTT-1,0.000021,0.341665,0.000021,0.000021,0.002554,0.464497,0.060168,0.131055
AAATGGCATGTCTTGT-1,0.042367,0.491342,0.000018,0.011518,0.000036,0.04958,0.099885,0.305253
AAATGGCCCGTGCCCT-1,0.120046,0.40203,0.244361,0.010499,0.049024,0.156835,0.004965,0.01224
AAATGGTCAATGTGCC-1,0.002702,0.363316,0.000021,0.005702,0.192534,0.225636,0.00369,0.206398
AAATGTATCTTATCCC-1,0.025119,0.070302,0.006386,0.056636,0.684389,0.03633,0.018738,0.102099
AAATGTGGGTGCTCCT-1,0.000032,0.002971,0.142906,0.067683,0.119608,0.000032,0.529877,0.136892
AAATTAACGGGTAGCT-1,0.003811,0.278191,0.000026,0.004016,0.163767,0.356236,0.001848,0.192105
AAATTAATAAGCGCGA-1,0.016771,0.166179,0.187943,0.00295,0.482534,0.045071,0.070555,0.027998
AAATTACACGACTCTG-1,0.000033,0.28543,0.000033,0.082894,0.001802,0.000033,0.349715,0.280059
AAATTACCTATCGATG-1,0.007003,0.144624,0.00291,0.071862,0.21336,0.033835,0.180706,0.345699
AAATTCCAGGTCCAAA-1,0.000069,0.000274,0.000069,0.000069,0.369231,0.000069,0.630152,0.000069
AAATTGATAGTCCTTT-1,0.058535,0.468159,0.000024,0.06752,0.240429,0.163313,0.000024,0.001995
AAATTGCGGCGGTTCT-1,0.000041,0.000165,0.000041,0.000041,0.80205,0.031207,0.110881,0.055572
AAATTTGCGGGTGTGG-1,0.001351,0.309061,0.00254,0.003987,0.492183,0.139749,0.02702,0.02411
AACAACTGGTAGTTGC-1,0.000049,0.085608,0.041258,0.000049,0.495356,0.098735,0.278895,0.000049
AACAATACATTGTCGA-1,0.071421,0.469872,0.159826,0.025534,0.211996,0.058104,0.000014,0.003234
AACAATTACTCTACGC-1,0.000036,0.128263,0.175187,0.000036,0.479795,0.039955,0.130966,0.045762
AACACACGCTCGCCGC-1,0.110101,0.148136,0.013875,0.07453,0.36458,0.021334,0.192366,0.075078
AACACGACTGTACTGA-1,0.011067,0.167699,0.012324,0.083554,0.013951,0.020713,0.108138,0.582554
AACACGAGACGCGGCC-1,0.000021,0.162165,0.313241,0.005568,0.366615,0.08099,0.057185,0.014216
AACACGCGGCCGCGAA-1,0.067399,0.224886,0.039764,0.051074,0.083612,0.155176,0.214332,0.163757
AACAGCTGTGTGGCAA-1,0.017266,0.248446,0.065517,0.057576,0.514592,0.090461,0.000155,0.005987
AACAGGAAATCGAATA-1,0.000035,0.196041,0.000035,0.000035,0.160271,0.100437,0.245563,0.297581
AACAGGATGGGCCGCG-1,0.000034,0.057582,0.07006,0.000034,0.46437,0.04953,0.358357,0.000034
AACAGGTAGTATGGAT-1,0.000799,0.342913,0.08302,0.17458,0.008817,0.001029,0.108566,0.280276
AACATAGCGTGTATCG-1,0.314437,0.04418,0.001328,0.082524,0.451094,0.059235,0.000016,0.047187
AACATATCAACTGGTG-1,0.000017,0.169295,0.009815,0.130337,0.0001,0.001121,0.018147,0.671169
AACATTGAAGTTGATC-1,0.003743,0.213234,0.164027,0.184586,0.348407,0.004161,0.036534,0.045308
AACATTGGTCAGCCGT-1,0.000049,0.000195,0.000049,0.000049,0.796535,0.014176,0.097554,0.091394
AACATTGTGACTCGAG-1,0.007767,0.324223,0.027059,0.01102,0.409961,0.206859,0.006034,0.007077
AACCAAGACTTCTCTG-1,0.004504,0.29596,0.250917,0.009574,0.28693,0.065207,0.043934,0.042975
AACCATAGGGTTGAAC-1,0.000021,0.000085,0.010974,0.000021,0.91861,0.000021,0.070246,0.000021
AACCATGGGATCGCTA-1,0.026862,0.290111,0.018961,0.002701,0.067868,0.393867,0.074931,0.124699
AACCCAGAGACGGAGA-1,0.22774,0.398683,0.000021,0.000021,0.132498,0.061221,0.125147,0.054669
AACCCATCCCATGATC-1,0.015674,0.599699,0.161167,0.008014,0.163297,0.040451,0.007931,0.003767
AACCCGACAACCCGTG-1,0.087773,0.157213,0.041885,0.010298,0.619464,0.070403,0.012944,0.00002
AACCCGAGCAGAATCG-1,0.003022,0.128501,0.295888,0.386716,0.006871,0.000262,0.03707,0.141671
AACCCGCTGTATTCCA-1,0.024215,0.497202,0.388348,0.01293,0.050022,0.020213,0.000011,0.00706
AACCCTACTGTCAATA-1,0.019332,0.444154,0.011153,0.083034,0.063736,0.030198,0.051797,0.296596
AACCCTGGTGGAACCA-1,0.000031,0.029356,0.147551,0.081671,0.019687,0.000039,0.432525,0.289141
AACCGAGCTTGGTCAT-1,0.000053,0.000212,0.000053,0.000053,0.703744,0.148121,0.110548,0.037217
AACCGCTAAGGGATGC-1,0.046139,0.097107,0.000023,0.07211,0.355319,0.178959,0.065041,0.185301
AACCGTTGTGTTTGCT-1,0.006111,0.426303,0.021552,0.001509,0.051114,0.046145,0.005963,0.441304
AACCTCGCTTTAGCCC-1,0.300248,0.265372,0.093555,0.035253,0.188603,0.049938,0.003529,0.063501
AACCTGTCACGGAATT-1,0.000055,0.000219,0.000055,0.000055,0.064409,0.000055,0.935099,0.000055
AACCTTTAAATACGGT-1,0.320471,0.418769,0.001325,0.005812,0.190331,0.028798,0.011021,0.023472
AACCTTTACGACGTCT-1,0.006721,0.154688,0.000037,0.009648,0.005662,0.000037,0.776652,0.046555
AACGAAAGTCGTCCCA-1,0.02987,0.415505,0.005523,0.118507,0.33491,0.030147,0.003828,0.06171
AACGACCTCCTAGCCG-1,0.000013,0.008424,0.16322,0.58427,0.080995,0.000013,0.11158,0.051486
AACGATAATGCCGTAG-1,0.053864,0.039978,0.00003,0.005342,0.728192,0.050001,0.099751,0.022842
AACGATAGAAGGGCCG-1,0.08906,0.303891,0.000027,0.00741,0.210653,0.139408,0.062721,0.186829
AACGATATGTCAACTG-1,0.051524,0.543658,0.000019,0.049141,0.011358,0.052471,0.03387,0.257958
AACGCATGATCTGGGT-1,0.00007,0.046797,0.00007,0.00007,0.137438,0.114348,0.698606,0.0026
AACGCGAACGGCAACA-1,0.017127,0.130988,0.00003,0.00003,0.682332,0.066168,0.018297,0.085027
AACGCGACCTTGGGCG-1,0.201875,0.448335,0.001789,0.040026,0.17437,0.118194,0.002342,0.013068
AACGCGGTCTCCAGCC-1,0.108065,0.461832,0.023218,0.000031,0.172876,0.10701,0.041771,0.085198
AACGCTGTTGCTGAAA-1,0.05739,0.161843,0.00003,0.127568,0.410043,0.028143,0.009678,0.205306
AACGGACGTACGTATA-1,0.093957,0.050716,0.000028,0.086522,0.472939,0.077082,0.091807,0.126949
AACGGCCATCTCCGGT-1,0.007004,0.74091,0.015732,0.005916,0.014516,0.18052,0.007332,0.028069
AACGTACTGTGGGTAC-1,0.003565,0.44735,0.025509,0.013752,0.119735,0.270902,0.00745,0.111738
AACGTAGTCTACCCAT-1,0.000035,0.000281,0.000035,0.013584,0.078627,0.098094,0.27913,0.530216
AACGTCAGACTAGTGG-1,0.000019,0.778685,0.020322,0.001559,0.011276,0.069877,0.020112,0.098151
AACGTCATCCGGCTTG-1,0.11507,0.155239,0.001895,0.066925,0.594093,0.036476,0.007076,0.023227
AACGTCGCTGCACTTC-1,0.075114,0.019669,0.039773,0.255404,0.425243,0.024386,0.094338,0.066073
AACGTGATGAAGGACA-1,0.000079,0.000316,0.000079,0.000079,0.375796,0.000079,0.623492,0.000079
AACGTGCGAAAGTCTC-1,0.068613,0.125085,0.000044,0.030922,0.209973,0.403401,0.109026,0.052936
AACGTTATCAGCACCT-1,0.000029,0.104522,0.087967,0.000029,0.383523,0.203581,0.020865,0.199483
AACTACCCGTTTGTCA-1,0.018614,0.236833,0.026796,0.150537,0.081415,0.03191,0.078114,0.37578
AACTAGCGTATCGCAC-1,0.000023,0.160233,0.087803,0.036697,0.000047,0.001195,0.074386,0.639617
AACTAGGCTTGGGTGT-1,0.046859,0.631905,0.057036,0.00961,0.064312,0.107629,0.01868,0.063969
AACTCAAGTTAATTGC-1,0.000154,0.662111,0.000017,0.000017,0.034238,0.250057,0.025944,0.027462
AACTCCAGAGCGTGTT-1,0.372068,0.226862,0.020656,0.057975,0.006371,0.283442,0.009997,0.022628
AACTCCTAATCCCATG-1,0.000074,0.000296,0.000074,0.000074,0.488604,0.000074,0.510731,0.000074
AACTCGATAAACACGT-1,0.232102,0.702043,0.000008,0.003916,0.000617,0.002957,0.00181,0.056548
AACTCGATGGCGCAGT-1,0.149072,0.720564,0.110969,0.000631,0.000023,0.002216,0.000012,0.016511
AACTCTCAATAGAGCG-1,0.02036,0.604656,0.000015,0.036698,0.046646,0.026767,0.05477,0.210088
AACTCTCAGTGTGCTC-1,0.000322,0.412499,0.267825,0.017482,0.254994,0.032723,0.002765,0.011391
AACTGATATTAGGCCT-1,0.036638,0.471809,0.000027,0.006203,0.085189,0.059805,0.060353,0.279976
AACTGGGTCCCGACGT-1,0.074757,0.626465,0.000016,0.003297,0.071656,0.052169,0.000016,0.171625
AACTGGTGTGGGCCTT-1,0.047248,0.619473,0.009456,0.010192,0.000025,0.038447,0.013357,0.261802
AACTTCTGCGTCTATC-1,0.000034,0.312122,0.000166,0.000475,0.219532,0.296741,0.033092,0.137839
AACTTGCCCGTATGCA-1,0.002127,0.117547,0.000035,0.000035,0.462985,0.214886,0.190286,0.012098
AACTTGCGTTCTCGCG-1,0.000011,0.873354,0.036321,0.000011,0.000023,0.056987,0.008634,0.02466
AACTTTACGGGAGCTT-1,0.000033,0.047987,0.000033,0.005455,0.753942,0.042159,0.021719,0.128674
AACTTTAGCTGCTGAG-1,0.000046,0.029322,0.000046,0.04244,0.264022,0.021825,0.107923,0.534378
AAGAAAGTTTGATGGG-1,0.000023,0.000091,0.000023,0.005889,0.922459,0.003883,0.036116,0.031516
AAGAAGGATCAGTTAG-1,0.000911,0.352648,0.00002,0.005205,0.126991,0.381651,0.043998,0.088574
AAGACATACGTGGTTT-1,0.007683,0.229827,0.360237,0.257196,0.001135,0.000038,0.006653,0.13723
AAGACCAAATAACTCA-1,0.000025,0.0001,0.019568,0.000025,0.907836,0.000025,0.072396,0.000025
AAGACCCAACTGAACA-1,0.047391,0.473835,0.011089,0.038685,0.219433,0.16459,0.037615,0.00736
AAGACTAACCCGTTGT-1,0.008758,0.027595,0.115667,0.000401,0.375209,0.032148,0.047569,0.392651
AAGACTGCAAGCTACT-1,0.265655,0.366983,0.000019,0.000019,0.143085,0.07854,0.097654,0.048044
AAGAGATGAATCGGTA-1,0.000034,0.146023,0.000034,0.000034,0.423151,0.321745,0.091605,0.017375
AAGAGCTCTTTATCGG-1,0.154786,0.384416,0.000028,0.000028,0.199535,0.061467,0.035557,0.164184
AAGAGGATGTACGCGA-1,0.000033,0.064719,0.000033,0.000033,0.341934,0.330521,0.251141,0.011587
AAGAGGCATGGATCGC-1,0.085288,0.428941,0.021537,0.137027,0.178202,0.019712,0.040801,0.088492
AAGAGGCCCTTTGGAA-1,0.092849,0.015446,0.066767,0.230075,0.312347,0.027584,0.198968,0.055965
AAGATGGCACCGGACC-1,0.12124,0.102409,0.176733,0.027496,0.446713,0.048236,0.077157,0.000017
AAGATTGGCGGAACGT-1,0.061294,0.210251,0.070561,0.005705,0.001131,0.211017,0.248715,0.191326
AAGCACCCTGCGTATC-1,0.262898,0.423754,0.13296,0.017098,0.04218,0.063324,0.002911,0.054877
AAGCATACTCTCCTGA-1,0.273849,0.107302,0.001557,0.021587,0.417936,0.073759,0.051485,0.052525
AAGCCACTTGCAGGTA-1,0.154953,0.107679,0.221181,0.000049,0.499035,0.004858,0.012197,0.000049
AAGCCGAAGCGGTTTA-1,0.021192,0.124286,0.000027,0.111236,0.242779,0.125356,0.101701,0.273424
AAGCCGCCGTGAAATC-1,0.057169,0.394538,0.260421,0.151152,0.106074,0.002397,0.021925,0.006325
AAGCCGGAGAGCAGGA-1,0.019949,0.006017,0.115375,0.019477,0.23173,0.002793,0.604629,0.000031
AAGCGCAGGGCTTTGA-1,0.252672,0.051074,0.056404,0.023654,0.595684,0.007616,0.002375,0.010521
AAGCGTCCCTCATCGA-1,0.008085,0.444553,0.238351,0.00076,0.120844,0.147546,0.022739,0.017123
AAGCTAGATCGAGTAA-1,0.235467,0.518287,0.002145,0.019558,0.05116,0.096145,0.05341,0.023828
AAGCTATGGATTGACC-1,0.000926,0.003704,0.000926,0.685331,0.306336,0.000926,0.000926,0.000926
AAGCTCGTGCCAAGTC-1,0.00126,0.519025,0.000024,0.004788,0.101871,0.253776,0.079396,0.03986
AAGCTCTTTCATGGTG-1,0.426745,0.063126,0.000019,0.143748,0.255912,0.024313,0.000019,0.086117
AAGGAGAACTTATAAG-1,0.000047,0.00019,0.022183,0.006401,0.28192,0.01448,0.487117,0.187662
AAGGAGCGGTTGGTGC-1,0.0009,0.338115,0.018575,0.000021,0.095201,0.423683,0.015819,0.107685
AAGGATCGATCGCTTG-1,0.000017,0.232714,0.031523,0.124844,0.007082,0.016172,0.126054,0.461594
AAGGATGAGGGACCTC-1,0.016348,0.39826,0.000018,0.022318,0.030553,0.029405,0.23575,0.267348
AAGGCAGGCTGTCTCC-1,0.00005,0.000201,0.00005,0.00005,0.303023,0.00005,0.696526,0.00005
AAGGCGCGTAAAGCTT-1,0.000022,0.240637,0.000022,0.000022,0.312796,0.369249,0.007413,0.069839
AAGGCTGTGCTCATCG-1,0.003496,0.468256,0.123122,0.005079,0.043056,0.234535,0.054288,0.068168
AAGGGAACGACTGGCT-1,0.113406,0.598167,0.07046,0.130025,0.032308,0.016821,0.016358,0.022455
AAGGGACAGATTCTGT-1,0.027613,0.177349,0.000027,0.039323,0.190406,0.071138,0.069773,0.42437
AAGGGACTATGCATTC-1,0.120694,0.135838,0.017896,0.029082,0.567617,0.109655,0.018983,0.000236
AAGGGTTTGATTTCAG-1,0.000027,0.00011,0.000027,0.000027,0.679961,0.000027,0.319792,0.000027
AAGGTATCCTAATATA-1,0.044567,0.43844,0.040794,0.017578,0.080173,0.057804,0.047442,0.273201
AAGGTGATAAACCAGC-1,0.023409,0.268206,0.004516,0.022341,0.45,0.082953,0.011534,0.13704
AAGTAAGCTTCCAAAC-1,0.000019,0.20764,0.087366,0.114755,0.002784,0.004993,0.27205,0.310393
AAGTAGAAGACCGGGT-1,0.007142,0.067789,0.000034,0.000034,0.418681,0.389074,0.046747,0.070498
AAGTAGTGACGCGAGG-1,0.003737,0.418559,0.056542,0.001255,0.088759,0.318028,0.066003,0.047117
AAGTCAATTGTCGTCA-1,0.016029,0.235961,0.059691,0.152222,0.196243,0.039979,0.118013,0.181863
AAGTCTTCTGTGGCCT-1,0.022562,0.005097,0.162156,0.000022,0.588992,0.113329,0.099513,0.008329
AAGTGACGACCGAATT-1,0.095472,0.547508,0.081538,0.001375,0.112852,0.106627,0.033782,0.020846
AAGTGAGTCGGGTTTA-1,0.015577,0.354912,0.041388,0.01867,0.471225,0.082053,0.007824,0.008351
AAGTGCAAAGGTAGAC-1,0.000029,0.117826,0.253298,0.001908,0.411474,0.027933,0.047155,0.140379
AAGTGCCTTGACTGTA-1,0.000034,0.175326,0.000034,0.109426,0.210478,0.040831,0.233338,0.230533
AAGTGCGTTAGAATCT-1,0.001573,0.890232,0.057344,0.002438,0.000667,0.025428,0.015752,0.006568
AAGTGCTTCTCTATTG-1,0.137139,0.341213,0.029338,0.027149,0.410493,0.043456,0.011197,0.000016
AAGTGTTTGGAGACGG-1,0.01489,0.000271,0.000033,0.001364,0.753611,0.181034,0.000033,0.048765
AAGTTCACTCCAAGCT-1,0.268313,0.087715,0.000027,0.067604,0.360821,0.096258,0.007662,0.111601
AAGTTCAGTCTGCGTA-1,0.00007,0.000278,0.00007,0.00007,0.000139,0.00007,0.999234,0.00007
AAGTTCGGCCAACAGG-1,0.026873,0.299508,0.093584,0.031216,0.055931,0.41139,0.045484,0.036014
AAGTTGTGATGTTATA-1,0.109536,0.000101,0.000025,0.149205,0.720992,0.008377,0.000778,0.010984
AAGTTTACTAATGGCA-1,0.000034,0.071076,0.090611,0.104691,0.000068,0.000034,0.064743,0.668743
AAGTTTATGGGCCCAA-1,0.591213,0.193294,0.001899,0.026788,0.143947,0.032401,0.000027,0.01043
AATAACAACGCTCGGC-1,0.028661,0.383779,0.061837,0.020886,0.242289,0.122053,0.122195,0.018301
AATAACACTAGAACAA-1,0.000028,0.275365,0.095219,0.002016,0.423472,0.034638,0.164045,0.005217
AATAACGTCGCGCCCA-1,0.009579,0.014981,0.196558,0.36386,0.12145,0.00011,0.194762,0.0987
AATAAGTCCTCGAGAC-1,0.000086,0.000345,0.000086,0.000086,0.319242,0.000086,0.679981,0.000086
AATAATCTTCGTATCG-1,0.000049,0.000195,0.011245,0.000049,0.367329,0.000049,0.621036,0.000049
AATACAATGTTTCAGG-1,0.000044,0.000178,0.000044,0.000044,0.656364,0.208764,0.012432,0.122128
AATACCGGAGGGCTGT-1,0.056155,0.61547,0.000014,0.009823,0.153655,0.163252,0.000014,0.001616
AATACCTGATGTGAAC-1,0.101217,0.016322,0.000022,0.215078,0.519445,0.019804,0.000319,0.127792
AATAGAACAGAGTGGC-1,0.01967,0.213587,0.001674,0.02423,0.237697,0.432145,0.060427,0.01057
AATAGAATCTGTTTCA-1,0.000035,0.095082,0.678097,0.041352,0.166466,0.000035,0.005761,0.013172
AATAGGCACGACCCTT-1,0.00671,0.000159,0.00004,0.00004,0.939686,0.053286,0.00004,0.00004
AATAGTCCGTCCCGAC-1,0.354663,0.468601,0.003164,0.006102,0.029608,0.124679,0.007924,0.00526
AATAGTCGCGAGTCGG-1,0.005546,0.082272,0.027965,0.000028,0.262537,0.373305,0.04532,0.203027
AATATCAAGGTCGGAT-1,0.072359,0.039375,0.000034,0.000034,0.082032,0.339099,0.091692,0.375375
AATATCCTAGCAAACT-1,0.005867,0.278888,0.382975,0.092039,0.115885,0.004422,0.034581,0.085343
AATATCGAATCAATGC-1,0.026494,0.422829,0.094713,0.271717,0.00346,0.032163,0.017305,0.131319
AATATCGAGGGTTCTC-1,0.000017,0.15023,0.005323,0.151763,0.000034,0.000017,0.110395,0.582222
AATATTGGAGTATTGA-1,0.043391,0.545758,0.251889,0.000011,0.015508,0.101991,0.032082,0.00937
AATCAGACTGCAGGAC-1,0.000059,0.000235,0.000059,0.000059,0.925752,0.040174,0.011601,0.02206
AATCAGGTTTCATTTA-1,0.109211,0.10701,0.018169,0.010394,0.638527,0.099176,0.002447,0.015066
AATCATGTAAAGACTC-1,0.120418,0.09702,0.004259,0.238238,0.301113,0.137499,0.023546,0.077908
AATCCAAGGGCCTGAG-1,0.052168,0.147117,0.159381,0.00003,0.087643,0.103223,0.344623,0.105815
AATCCATGCAAGGGTG-1,0.061175,0.181706,0.000037,0.000037,0.451448,0.08214,0.022393,0.201063
AATCCCGCTCAGAGCC-1,0.264053,0.282115,0.039046,0.071199,0.192094,0.033495,0.116398,0.001601
AATCGAGGTCTCAAGG-1,0.291522,0.030935,0.009755,0.114852,0.517389,0.017943,0.001295,0.01631
AATCGCCTCAGCGCCA-1,0.13369,0.086822,0.000025,0.006098,0.483574,0.068866,0.101378,0.119547
AATCGCGCAGAGGACT-1,0.00002,0.017656,0.009054,0.224539,0.027293,0.00002,0.459336,0.262083
AATCGGGACACTACGA-1,0.005721,0.522767,0.020666,0.032668,0.002084,0.031842,0.04904,0.335212
AATCGGTATAGCCCTC-1,0.058195,0.138746,0.009248,0.41011,0.297756,0.009754,0.022327,0.053864
AATCGTGAGCCGAGCA-1,0.306307,0.164874,0.509681,0.010147,0.002561,0.000006,0.003827,0.002598
AATCTAGGTTTACTTG-1,0.000042,0.00017,0.000042,0.000042,0.999575,0.000042,0.000042,0.000042
AATCTATGCCGGAGCC-1,0.000085,0.000341,0.000085,0.000085,0.216802,0.000085,0.782431,0.000085
AATCTCTACTGTGGTT-1,0.000047,0.000493,0.000047,0.000047,0.845605,0.068389,0.031317,0.054057
AATCTGCGTTGGGACG-1,0.031772,0.452448,0.000014,0.043306,0.07045,0.036689,0.144491,0.220831
AATCTGGCTTTCTAGT-1,0.000043,0.000172,0.000043,0.000043,0.989906,0.000043,0.009706,0.000043
AATGACAGCAATGTCT-1,0.00004,0.022078,0.063498,0.00004,0.653698,0.133683,0.126921,0.00004
AATGACGTAGGATGTC-1,0.217074,0.583185,0.090553,0.00394,0.025371,0.004663,0.068568,0.006645
AATGACTGTCAGCCGG-1,0.000031,0.079196,0.000031,0.003717,0.291585,0.41314,0.059317,0.152984
AATGAGTTCGCATATG-1,0.000032,0.433655,0.000032,0.004194,0.102913,0.298395,0.063166,0.097612
AATGATGATACGCTAT-1,0.00003,0.181299,0.008887,0.08756,0.019376,0.008787,0.25878,0.435281
AATGATGCGACTCCTG-1,0.000024,0.090965,0.052186,0.05687,0.010275,0.023432,0.408571,0.357678
AATGCAACCGGGTACC-1,0.016922,0.070978,0.000055,0.000055,0.618286,0.14568,0.003158,0.144867
AATGCACCAAGCAATG-1,0.000025,0.000101,0.019836,0.089433,0.101989,0.000025,0.727197,0.061394
AATGGTCCACCGTTCA-1,0.07473,0.18109,0.10826,0.001922,0.045558,0.406898,0.135852,0.045691
AATGGTTCTCACAAGC-1,0.000033,0.364744,0.000033,0.000033,0.131318,0.427284,0.034391,0.042163
AATGTATGGCACTGTA-1,0.000035,0.00014,0.022766,0.000035,0.853749,0.010892,0.112347,0.000035
AATGTGCCCGAGGTGT-1,0.013222,0.446143,0.051321,0.013837,0.155668,0.230333,0.030414,0.059062
AATGTGCTAATCTGAG-1,0.000021,0.000084,0.25729,0.000021,0.737124,0.005419,0.000021,0.000021
AATGTTAAGACCCTGA-1,0.512892,0.011054,0.114438,0.016858,0.24602,0.079805,0.017179,0.001753
AATGTTGTCGTGAGAC-1,0.094807,0.030177,0.041819,0.375583,0.369608,0.005756,0.049748,0.032502
AATTAAAGGTCGGCGT-1,0.000026,0.373104,0.058398,0.004717,0.111697,0.315438,0.084534,0.052085
AATTAACGGATTTCCA-1,0.115743,0.246169,0.018166,0.082298,0.218955,0.292204,0.005529,0.020935
AATTACGAGACCCATC-1,0.003303,0.275793,0.11415,0.255057,0.27003,0.014349,0.008634,0.058684
AATTACTCGTACGCTC-1,0.000035,0.13038,0.022593,0.000035,0.084189,0.550961,0.075658,0.13615
AATTAGCGCTGCAGCG-1,0.124213,0.141641,0.000023,0.021407,0.346648,0.256828,0.020757,0.088482
AATTATACCCAGCAAG-1,0.349441,0.181152,0.050023,0.186727,0.09311,0.048146,0.036279,0.055122
AATTCATAAGGGATCT-1,0.000038,0.006908,0.000038,0.022809,0.197327,0.103337,0.180159,0.489386
AATTCATTGTCATGCA-1,0.000028,0.000112,0.241153,0.000028,0.758596,0.000028,0.000028,0.000028
AATTCCAACTTGGTGA-1,0.112633,0.454532,0.000013,0.008543,0.08396,0.117564,0.003216,0.219539
AATTCCAAGCATGTAC-1,0.136395,0.187172,0.003026,0.010622,0.556272,0.105326,0.000023,0.001164
AATTCGATTCGAGGAT-1,0.407426,0.499413,0.045107,0.013137,0.000326,0.006801,0.018301,0.009489
AATTCTAGAGTTAGGC-1,0.224092,0.645145,0.099207,0.000394,0.004236,0.008265,0.012225,0.006435
AATTGAACGCTCTGGT-1,0.147726,0.09601,0.058713,0.017453,0.183661,0.289779,0.130566,0.076092
AATTGCAGCAATCGAC-1,0.118102,0.066165,0.23666,0.133412,0.23999,0.081637,0.038895,0.085139
AATTGCGTGGATTACA-1,0.002745,0.000135,0.000034,0.013228,0.87692,0.000034,0.106871,0.000034
AATTGTGGTTGCCAAA-1,0.000024,0.042458,0.204874,0.59678,0.018952,0.000008,0.102246,0.034658
AATTTGGGACATAGTA-1,0.000106,0.000426,0.000106,0.000106,0.29703,0.000106,0.702012,0.000106
AATTTGGTTCCAAAGA-1,0.006346,0.375932,0.000034,0.002113,0.017027,0.06,0.078248,0.460301
ACAAACCATGCGTCCT-1,0.019101,0.007984,0.014476,0.01263,0.813764,0.131961,0.000042,0.000042
ACAAACTCCATCAGAG-1,0.004027,0.00478,0.301284,0.000025,0.679697,0.009974,0.000187,0.000025
ACAAAGAAGGTAGGCC-1,0.042574,0.026803,0.019196,0.008792,0.741835,0.009708,0.14906,0.002031
ACAAAGCATGACCTAG-1,0.193874,0.229404,0.032509,0.182284,0.093118,0.048656,0.17888,0.041275
ACAAATCGCACCGAAT-1,0.053909,0.044483,0.010256,0.025745,0.712133,0.097917,0.030233,0.025325
ACAAATGGTAGTGTTT-1,0.000036,0.079968,0.117467,0.032744,0.547412,0.076272,0.075137,0.070962
ACAACAGCATGAGCTA-1,0.007086,0.016121,0.000041,0.000041,0.707409,0.207216,0.017612,0.044472
ACAACGGTCCCTGCGA-1,0.000032,0.12957,0.08945,0.000032,0.190405,0.360915,0.189037,0.040559
ACAAGCAGTGCCTAGC-1,0.011228,0.163326,0.011384,0.000028,0.407486,0.247204,0.129028,0.030314
ACAAGCTATATGGAAG-1,0.079238,0.047196,0.000018,0.023066,0.425772,0.268811,0.087518,0.068381
ACAAGGAAATCCGCCC-1,0.033946,0.007034,0.093232,0.000031,0.565086,0.046856,0.253784,0.000031
ACAAGGACAAGAGGTT-1,0.000031,0.195678,0.021907,0.000031,0.499454,0.157047,0.082939,0.042914
ACAAGGATGCTTTAGG-1,0.067482,0.11374,0.004371,0.017596,0.538421,0.089322,0.090296,0.078772
ACAAGGGCAGGCTCTG-1,0.328386,0.299017,0.030536,0.000016,0.233574,0.082366,0.008291,0.017812
ACAAGTAATTGTAAGG-1,0.000091,0.000364,0.214839,0.000091,0.784343,0.000091,0.000091,0.000091
ACAATAGTCGTACGTT-1,0.042917,0.238218,0.000027,0.00816,0.408023,0.228885,0.032065,0.041706
ACAATCCATTTAAACC-1,0.004721,0.332131,0.100298,0.011408,0.094356,0.323805,0.080997,0.052282
ACAATCGATCTTTATA-1,0.010515,0.161491,0.025612,0.007446,0.025716,0.069399,0.676899,0.022922
ACAATGAATACGGAGA-1,0.067814,0.096374,0.063245,0.002466,0.528447,0.142205,0.09839,0.001058
ACAATTGTGTCTCTTT-1,0.120659,0.222909,0.082582,0.140813,0.168047,0.022297,0.040432,0.202261
ACAATTTAGGAGGCTC-1,0.001223,0.302124,0.00217,0.002365,0.149034,0.219548,0.052932,0.270605
ACAATTTGAGCAGTGG-1,0.095109,0.522734,0.000015,0.00216,0.065672,0.049326,0.028604,0.236379
ACACAAAGACGGGTGG-1,0.060087,0.029864,0.000038,0.000038,0.47715,0.298648,0.000038,0.134137
ACACACCAGGACCAGT-1,0.07044,0.528621,0.014294,0.071691,0.017113,0.109595,0.052487,0.135759
ACACACTTTCTACACG-1,0.017755,0.101892,0.000057,0.000057,0.3226,0.125235,0.152437,0.279966
ACACATGATCAAATCT-1,0.093859,0.195679,0.063551,0.130065,0.352425,0.114647,0.025724,0.024051
ACACATTGACGCAACA-1,0.103502,0.480908,0.038439,0.005941,0.136052,0.167942,0.002247,0.06497
ACACATTTCCGTAGAC-1,0.561198,0.123572,0.190969,0.010315,0.092965,0.004341,0.000011,0.016629
ACACCCAGCATGCAGC-1,0.000017,0.577154,0.165914,0.000017,0.007919,0.119379,0.081046,0.048553
ACACCCGAGAAATCCG-1,0.011694,0.625933,0.000012,0.001519,0.000024,0.300594,0.005935,0.054288
ACACCGAGCGCTCTTT-1,0.000008,0.935849,0.033789,0.001169,0.000176,0.00977,0.003264,0.015974
ACACCGGTCTGACCGC-1,0.018902,0.133991,0.250548,0.212016,0.372822,0.006098,0.000036,0.005586
ACACCTTAAGTAGGGC-1,0.000023,0.468767,0.108001,0.00094,0.031641,0.166636,0.008957,0.215035
ACACCTTACTACTTGC-1,0.000029,0.028373,0.000029,0.079153,0.125423,0.013505,0.144747,0.608743
ACACGAGACTCCTTCT-1,0.051387,0.070796,0.021202,0.0096,0.324434,0.444234,0.025761,0.052586
ACACGGCACTATGCAT-1,0.000081,0.044209,0.092466,0.01199,0.23327,0.000081,0.267697,0.350205
ACACGGGAACTTAGGG-1,0.144363,0.17594,0.000029,0.005637,0.246492,0.228089,0.006479,0.192971
ACACGTAGGCCACAAG-1,0.000034,0.000134,0.002382,0.197568,0.520901,0.000034,0.093775,0.185173
ACACTCCAATGTCACT-1,0.000027,0.269335,0.000027,0.000027,0.184454,0.321703,0.184682,0.039747
ACACTGATCAAGGTGT-1,0.03742,0.623897,0.013695,0.009423,0.01726,0.218364,0.047421,0.032519
ACACTGGGACAGTCGT-1,0.000033,0.000116,0.000029,0.142088,0.348074,0.030933,0.112154,0.366572
ACAGAACTGAGAACAA-1,0.080148,0.120685,0.091507,0.005639,0.559491,0.063238,0.079269,0.000024
ACAGATTAGGTTAGTG-1,0.000067,0.000268,0.000067,0.000067,0.479097,0.035501,0.189656,0.295277
ACAGCATAGAGCCAGT-1,0.000068,0.000273,0.109214,0.000068,0.20817,0.000068,0.682069,0.000068
ACAGCGACATTCTCAT-1,0.134222,0.083862,0.00003,0.257489,0.292611,0.044384,0.073953,0.11345
ACAGCGCACCCGCAGC-1,0.000034,0.021503,0.102604,0.102474,0.000068,0.000034,0.528635,0.244646
ACAGGAGGCGCAGCCG-1,0.11289,0.768189,0.030593,0.040485,0.000009,0.003343,0.000034,0.044458
ACAGGCACGGATCCTT-1,0.109551,0.423093,0.062787,0.127756,0.069242,0.046222,0.035055,0.126294
ACAGGCTTGCCCGACT-1,0.157527,0.374122,0.000024,0.069408,0.280281,0.024156,0.007757,0.086726
ACAGGTGGAGGTGAGG-1,0.006444,0.644622,0.137479,0.005208,0.075847,0.106714,0.010516,0.01317
ACAGGTGTGTTGTTGC-1,0.004807,0.215024,0.4027,0.062197,0.189709,0.011759,0.021362,0.092442
ACAGTAATACAACTTG-1,0.027549,0.003346,0.033058,0.000029,0.636664,0.068764,0.23056,0.000029
ACATAAGTCGTGGTGA-1,0.030932,0.381672,0.064017,0.054587,0.224952,0.006682,0.216845,0.020314
ACATAATAAGGCGGTG-1,0.00888,0.072077,0.000051,0.000051,0.449788,0.238972,0.121837,0.108344
ACATACAATCAAGCGG-1,0.113651,0.07332,0.000021,0.17531,0.603389,0.003352,0.00695,0.024008
ACATCAGCTGGGACGC-1,0.000027,0.129264,0.123146,0.009501,0.543346,0.03099,0.026692,0.137036
ACATCCCGGCCATACG-1,0.199056,0.478726,0.002802,0.012307,0.024792,0.242112,0.016284,0.023921
ACATCCTGGTAACTGT-1,0.013467,0.356378,0.028444,0.102793,0.077324,0.023194,0.048641,0.349758
ACATCGATCGTTTACC-1,0.000032,0.099365,0.139209,0.000032,0.438936,0.178172,0.079754,0.0645
ACATCGCAATATTCGG-1,0.026716,0.311001,0.165475,0.065634,0.404847,0.00003,0.026268,0.000029
ACATCGGTCAGCCGCG-1,0.000011,0.917583,0.003502,0.00187,0.000021,0.045874,0.002005,0.029135
ACATCGTATGCAATGG-1,0.017687,0.037648,0.000035,0.082726,0.416831,0.124203,0.268018,0.05285
ACATCGTTAACCTAGT-1,0.000022,0.129871,0.003861,0.180855,0.000044,0.000022,0.141423,0.543903
ACATCTCAACGCGTAA-1,0.0001,0.000399,0.0001,0.0001,0.15544,0.0001,0.843663,0.0001
ACATGCTTACGGCAGC-1,0.000041,0.000164,0.125246,0.000041,0.874385,0.000041,0.000041,0.000041
ACATGGCGCCAAAGTA-1,0.025527,0.335927,0.034223,0.097515,0.152548,0.010903,0.175949,0.167409
ACATGGCTCAATTTAG-1,0.008782,0.193259,0.01283,0.005451,0.269628,0.224254,0.090939,0.194858
ACATTAGTTTATATCC-1,0.084761,0.485275,0.000029,0.000029,0.145077,0.228129,0.010727,0.045975
ACATTCGCGCGGAATA-1,0.020979,0.119615,0.221666,0.028725,0.606915,0.002053,0.000024,0.000024
ACATTTGAAACCTAAC-1,0.023443,0.000091,0.004268,0.218454,0.684441,0.003721,0.022392,0.04319
ACCAAACTAGAAATCC-1,0.000079,0.000315,0.000079,0.000079,0.25617,0.000079,0.743122,0.000079
ACCAACCGCACTCCAC-1,0.084996,0.106915,0.276098,0.132983,0.289452,0.009132,0.008444,0.091979
ACCAACGCTTATTTAT-1,0.01873,0.411809,0.001628,0.025049,0.2691,0.159649,0.035326,0.07871
ACCAAGAACGCGTGTC-1,0.263425,0.634111,0.086786,0.000011,0.000588,0.006179,0.00341,0.00549
ACCAAGTCATCGGCAG-1,0.000438,0.000086,0.181063,0.164563,0.512827,0.000022,0.092651,0.048351
ACCAATATGCAAGTTA-1,0.00465,0.000184,0.000046,0.000046,0.800979,0.130866,0.062182,0.001047
ACCACAACTCAGAACA-1,0.000079,0.000318,0.000079,0.000079,0.287228,0.000079,0.712057,0.000079
ACCACAAGTTTCTATC-1,0.000025,0.276321,0.108653,0.000025,0.161145,0.176218,0.23683,0.040783
ACCACACGGTTGATGG-1,0.143188,0.211124,0.000022,0.139336,0.476266,0.019653,0.001532,0.008879
ACCACCAATGTAACAA-1,0.001923,0.440927,0.001355,0.083676,0.007471,0.012781,0.069268,0.382598
ACCACGTGCAGCTATA-1,0.039262,0.117195,0.011056,0.028947,0.611119,0.033831,0.066605,0.091986
ACCACTGTTCAAGAAG-1,0.000023,0.361109,0.148291,0.000023,0.222394,0.109577,0.029315,0.129267
ACCAGACCATAACAAC-1,0.015041,0.091881,0.085638,0.045221,0.48914,0.048679,0.208577,0.015823
ACCAGCCCGGTCTTTG-1,0.000118,0.000473,0.000118,0.000118,0.288151,0.000118,0.710785,0.000118
ACCAGGAGTGTGATCT-1,0.000034,0.043418,0.001972,0.228927,0.022302,0.009463,0.170341,0.523544
ACCAGTGCGGGAGACG-1,0.107115,0.437602,0.069199,0.062695,0.20338,0.009985,0.014416,0.095608
ACCATATCCGCAATAA-1,0.235896,0.639764,0.000012,0.004523,0.064182,0.02791,0.00651,0.021202
ACCATCCGCCAACTAG-1,0.000039,0.092383,0.002893,0.062814,0.520267,0.278418,0.025123,0.018063
ACCATCGTATATGGTA-1,0.000019,0.735247,0.063973,0.003024,0.026872,0.03261,0.109888,0.028368
ACCATTAAGGGTGTCA-1,0.000024,0.145695,0.148777,0.000024,0.020408,0.589736,0.055742,0.039595
ACCCAACGCCCGTGGC-1,0.0401,0.562821,0.00185,0.073519,0.004096,0.026133,0.143433,0.148048
ACCCACCTACATGCTC-1,0.002199,0.071833,0.010326,0.000035,0.68377,0.123325,0.056963,0.05155
ACCCATCTTGAGGGTA-1,0.000031,0.206279,0.000031,0.000031,0.098428,0.425542,0.219968,0.049689
ACCCATTTGTCCCTCT-1,0.000382,0.000144,0.253034,0.079279,0.566237,0.000036,0.005044,0.095845
ACCCGAGCGAAATTAC-1,0.000194,0.002002,0.130366,0.000019,0.821049,0.040639,0.00571,0.000019
ACCCGATTGGTTCCGA-1,0.07633,0.076016,0.005072,0.012711,0.76918,0.05864,0.000026,0.002024
ACCCGGAAACTCCCAG-1,0.022531,0.420348,0.318365,0.008676,0.085022,0.11307,0.003057,0.02893
ACCCGGAGCACCACAA-1,0.00517,0.057288,0.013638,0.049922,0.207866,0.012287,0.64976,0.004069
ACCCGGATGACGCATC-1,0.015279,0.495303,0.000017,0.061399,0.035851,0.038055,0.053877,0.300219
ACCCGGTTACACTTCC-1,0.02726,0.518322,0.005508,0.009964,0.041079,0.188116,0.115711,0.094039
ACCCGTAGCAGAGAAT-1,0.000029,0.000116,0.289198,0.000029,0.434629,0.000029,0.275943,0.000029
ACCCGTAGTCTAGTTG-1,0.014992,0.076059,0.119241,0.664879,0.026899,0.001166,0.045403,0.05136
ACCCGTGTCATCAGTA-1,0.104691,0.540437,0.100256,0.015982,0.09509,0.051866,0.090062,0.001616
ACCCTATAGGACTGAG-1,0.049473,0.362517,0.08444,0.000017,0.010156,0.382221,0.032366,0.078812
ACCCTATGCCATATCG-1,0.049969,0.190057,0.23947,0.000032,0.368829,0.039172,0.11244,0.000032
ACCCTCCCGTCAGGGC-1,0.120423,0.077238,0.0971,0.473941,0.12543,0.026962,0.024431,0.054476
ACCCTCCCTTGCTATT-1,0.036692,0.288937,0.434576,0.178378,0.020815,0.001969,0.010702,0.02793
ACCCTTCATCTGCGAA-1,0.077688,0.024963,0.000047,0.008298,0.255021,0.034046,0.160116,0.43982
ACCCTTTAGTTCTCCA-1,0.000131,0.000526,0.000131,0.000131,0.294897,0.000131,0.70392,0.000131
ACCGAAAGGGCCCTGC-1,0.032897,0.687664,0.066179,0.016303,0.000023,0.023602,0.016183,0.157149
ACCGAAGAGTCTGGTT-1,0.000024,0.000094,0.511272,0.000024,0.488516,0.000024,0.000024,0.000024
ACCGACACATCTCCCA-1,0.216283,0.185633,0.045887,0.0436,0.270006,0.136338,0.09451,0.007742
ACCGACTGAGTCCCAC-1,0.039979,0.141207,0.000031,0.000031,0.354038,0.226175,0.235428,0.003112
ACCGAGTCTCCTTATT-1,0.203748,0.043196,0.055205,0.125977,0.499331,0.055166,0.000035,0.017344
ACCGATAGGCATAACC-1,0.004089,0.223936,0.230041,0.2607,0.000014,0.000007,0.004298,0.276915
ACCGATATTTAATCAT-1,0.023074,0.107635,0.014849,0.176658,0.046911,0.178005,0.362712,0.090156
ACCGATGGTAGCATCG-1,0.002108,0.072501,0.000033,0.004045,0.426447,0.18706,0.10821,0.199596
ACCGCAATAACTGCCT-1,0.051751,0.180944,0.000022,0.066126,0.421289,0.153972,0.047265,0.078632
ACCGCGGTGGAAGTCG-1,0.020567,0.646447,0.083766,0.022416,0.000019,0.040604,0.111928,0.074255
ACCGCTAGTCATTGGT-1,0.136831,0.017189,0.185289,0.021481,0.639091,0.000039,0.000039,0.000039
ACCGGGCCTTTGTTGA-1,0.042998,0.088851,0.000026,0.072988,0.357918,0.052335,0.084797,0.300086
ACCGGTCAGGTACACC-1,0.000023,0.110786,0.252556,0.059112,0.507739,0.002743,0.065875,0.001165
ACCGTCCACTGGGCCC-1,0.000379,0.06857,0.521543,0.026387,0.342581,0.002187,0.02987,0.008483
ACCGTGACCACGTGGG-1,0.039075,0.430906,0.068981,0.044147,0.387198,0.02582,0.00003,0.003843
ACCGTTCCCGCTCTGA-1,0.000048,0.007537,0.000048,0.013164,0.07182,0.000048,0.264908,0.642429
ACCTAAGTACCTTTCA-1,0.002816,0.883042,0.086417,0.002211,0.000012,0.001755,0.021998,0.001748
ACCTAATCGACTTCCT-1,0.00005,0.033515,0.00005,0.00005,0.542113,0.245105,0.087341,0.091777
ACCTACAGTATGTGGT-1,0.000036,0.017646,0.031367,0.047905,0.130604,0.038677,0.232877,0.500889
ACCTACTATAAATCTA-1,0.133405,0.801808,0.004265,0.040404,0.000011,0.008088,0.000005,0.012013
ACCTCAGCGAGGCGCA-1,0.122499,0.02658,0.079148,0.199368,0.399824,0.043752,0.065816,0.063014
ACCTCCGCCCTCGCTG-1,0.163903,0.035829,0.050645,0.289066,0.256282,0.065972,0.038101,0.100202
ACCTCCGTTATTCACC-1,0.00007,0.000279,0.00007,0.00007,0.31264,0.00007,0.686733,0.00007
ACCTCGAACTTATGCT-1,0.000018,0.039546,0.463151,0.134678,0.354894,0.000018,0.007677,0.000018
ACCTGCGTGTCATGTT-1,0.015598,0.212165,0.262119,0.003718,0.355899,0.118854,0.013214,0.018434
ACCTTTCCTTTAGAAG-1,0.000111,0.000444,0.000111,0.000111,0.37789,0.000111,0.621111,0.000111
ACGAAATGGGCGGCAC-1,0.008109,0.25871,0.000019,0.001359,0.301527,0.270212,0.131759,0.028305
ACGACCCATGAGTTGC-1,0.000038,0.000151,0.000038,0.064894,0.379516,0.000038,0.518313,0.037012
ACGACTCTAGGGCCGA-1,0.145168,0.229107,0.016315,0.333269,0.113542,0.037581,0.000507,0.124511
ACGACTGGTCATACTC-1,0.260192,0.159715,0.440525,0.010253,0.050123,0.07449,0.00379,0.000913
ACGAGAACCCATCACG-1,0.035518,0.098753,0.000033,0.000033,0.245053,0.308348,0.061518,0.250744
ACGAGATATTTGCTTA-1,0.000064,0.000258,0.000064,0.000064,0.210609,0.000064,0.772415,0.016461
ACGAGGATACCACTCT-1,0.000032,0.000128,0.069182,0.000032,0.929188,0.000032,0.001374,0.000032
ACGAGGTTTACAACGT-1,0.004507,0.147169,0.038961,0.026199,0.676525,0.0346,0.064773,0.007267
ACGAGTACGGATGCCC-1,0.000017,0.099612,0.07549,0.156541,0.000035,0.000017,0.06271,0.605577
ACGAGTCGCCGGCGTT-1,0.091833,0.112894,0.035995,0.021041,0.421657,0.093518,0.022203,0.200859
ACGATACATAGAACTA-1,0.000045,0.000179,0.059358,0.000045,0.316675,0.000045,0.60752,0.016133
ACGATACCTATCCTGA-1,0.010497,0.026957,0.000018,0.009925,0.71562,0.01504,0.164588,0.057355
ACGATCATACATAGAG-1,0.029013,0.09986,0.000044,0.000044,0.559763,0.156188,0.000044,0.155046
ACGATCATCTTGTAAA-1,0.107244,0.252419,0.003705,0.009372,0.019486,0.210703,0.29992,0.097152
ACGATGCATATGTTAT-1,0.002882,0.327476,0.000024,0.002583,0.106926,0.38765,0.048614,0.123845
ACGATGGATCCGATGC-1,0.000017,0.644911,0.006717,0.042933,0.000035,0.017985,0.037856,0.249545
ACGCAAACTAATAGAT-1,0.010567,0.205304,0.112149,0.020262,0.532704,0.105701,0.001888,0.011425
ACGCAATCACTACAGC-1,0.000081,0.000325,0.000081,0.000081,0.180025,0.000081,0.819244,0.000081
ACGCATACGTTTACTA-1,0.060153,0.219325,0.001426,0.189304,0.194975,0.116997,0.006099,0.211721
ACGCATTCGTGAGTAC-1,0.000032,0.052588,0.221593,0.000032,0.375361,0.186009,0.134582,0.029803
ACGCCACTCGAAACAG-1,0.156605,0.069489,0.059932,0.128805,0.547054,0.035412,0.002054,0.000649
ACGCCAGATGATTTCT-1,0.000045,0.000181,0.000045,0.000045,0.210187,0.000045,0.789406,0.000045
ACGCCAGTGCGTTTGC-1,0.007363,0.000177,0.235565,0.017382,0.512812,0.000044,0.226613,0.000044
ACGCCCAGCTGTCGAT-1,0.000095,0.000381,0.000095,0.000095,0.183989,0.000095,0.815154,0.000095
ACGCCGCTAGACGACC-1,0.005097,0.35965,0.006981,0.024504,0.390402,0.116017,0.03754,0.059809
ACGCCTGACACGCGCT-1,0.034013,0.077617,0.020319,0.128978,0.349925,0.082679,0.182027,0.124442
ACGCGAAGTCAGACGA-1,0.020115,0.164406,0.000038,0.000038,0.589444,0.21111,0.014811,0.000038
ACGCGCTACACAGGGT-1,0.032747,0.287979,0.117286,0.000019,0.167359,0.210539,0.181621,0.00245
ACGCGGGCCAAGGACA-1,0.079733,0.383591,0.000018,0.003857,0.16205,0.335106,0.000018,0.035627
ACGCGTTTCTTAAGAG-1,0.00004,0.143537,0.00004,0.002859,0.688121,0.080734,0.017645,0.067025
ACGCTACTGAATGGGC-1,0.000043,0.00017,0.019653,0.000043,0.277465,0.000043,0.702541,0.000043
ACGCTAGTGATACACT-1,0.000034,0.052669,0.000034,0.080432,0.096699,0.015936,0.341955,0.412241
ACGCTGTGAGGCGTAG-1,0.000049,0.000197,0.000049,0.000049,0.851628,0.073827,0.066066,0.008134
ACGCTTAGTGTCTCTC-1,0.053405,0.151176,0.000152,0.000152,0.168635,0.000152,0.565746,0.060581
ACGGAACACGAGTGCC-1,0.004503,0.000702,0.203684,0.129725,0.61818,0.007237,0.011113,0.024856
ACGGAATTTAGCAAAT-1,0.000045,0.014504,0.000045,0.000045,0.52083,0.260354,0.127931,0.076248
ACGGACGCAGCGACAA-1,0.000013,0.005152,0.96867,0.002295,0.014771,0.00103,0.008055,0.000013
ACGGACTCTCAAAGCG-1,0.225199,0.053609,0.176915,0.040285,0.200207,0.225736,0.051696,0.026353
ACGGATGGTGCGGATA-1,0.06856,0.00731,0.309022,0.003465,0.563961,0.047605,0.000039,0.000039
ACGGCACTTGCTTGGG-1,0.222015,0.060074,0.222196,0.000019,0.020542,0.388797,0.085332,0.001025
