Barcode,Topic 1,Topic 2to5,Topic 6,Topic 7to9
AAACAAGTATCTCCCA-1,0.007572,0.458203,0.080031,0.454194
AAACACCAATAACTGC-1,0.021175,0.45051,0.280393,0.247922
AAACAGCTTTCAGAAG-1,0.185263,0.804943,0.000107,0.009687
AAACAGGGTCTATATT-1,0.240447,0.671476,0.000007,0.08807
AAACATGGTGAGAGGA-1,0.013136,0.910825,0.000011,0.076028
AAACATTTCCCGGATT-1,0.014556,0.04774,0.037105,0.900599
AAACCCGAACGAAATC-1,0.116382,0.87311,0.005045,0.005462
AAACCGGGTAGGTACC-1,0.013812,0.68549,0.223355,0.077343
AAACCGTTCGTCCAGG-1,0.013582,0.184005,0.144825,0.657588
AAACCTAAGCAGCCGG-1,0.269625,0.168014,0.025271,0.53709
AAACCTCATGAAGTTG-1,0.016558,0.724608,0.079208,0.179626
AAACGAAGATGGAGTA-1,0.093008,0.860214,0.040531,0.006247
AAACGAGACGGTTGAT-1,0.000026,0.951906,0.019443,0.028625
AAACGGGCGTACGGGT-1,0.00526,0.159472,0.003906,0.831362
AAACGGTTGCGAACTG-1,0.022324,0.100109,0.256621,0.620946
AAACTCGGTTCGCAAT-1,0.000012,0.000048,0.000765,0.999174
AAACTCGTGATATAAG-1,0.026897,0.928119,0.04494,0.000043
AAACTGCTGGCTCCAA-1,0.189125,0.725719,0.000013,0.085143
AAACTTAATTGCACGC-1,0.058194,0.831859,0.000014,0.109933
AAACTTGCAAACGTAT-1,0.062086,0.850473,0.000009,0.087432
AAAGAATGACCTTAGA-1,0.049436,0.84304,0.076166,0.031358
AAAGAATGTGGACTAA-1,0.002062,0.000061,0.488669,0.509208
AAAGACCCAAGTCGCG-1,0.000036,0.727605,0.272251,0.000108
AAAGACTGGGCGCTTT-1,0.008751,0.965379,0.003694,0.022176
AAAGCTTGCCTACATA-1,0.027288,0.970185,0.002489,0.000038
AAAGGCCCTATAATAC-1,0.014645,0.429191,0.251504,0.30466
AAAGGCTACGGACCAT-1,0.014816,0.014227,0.134732,0.836225
AAAGGCTCTCGCGCCG-1,0.000027,0.000107,0.002834,0.997032
AAAGGGATGTAGCAAG-1,0.025086,0.974863,0.000013,0.000038
AAAGGGCAGCTTGAAT-1,0.000219,0.963511,0.005172,0.031098
AAAGTAGCATTGCTCA-1,0.099365,0.402774,0.056836,0.441025
AAAGTCACTGATGTAA-1,0.000037,0.423362,0.576492,0.00011
AAAGTCGACCCTCAGT-1,0.092665,0.71886,0.000009,0.188466
AAAGTGTGATTTATCT-1,0.000022,0.704141,0.030677,0.26516
AAAGTTGACTCCCGTA-1,0.030178,0.924506,0.020231,0.025085
AAATAAGGTAGTGCCC-1,0.000007,0.999967,0.000007,0.00002
AAATACCTATAAGCAT-1,0.019356,0.325881,0.019745,0.635017
AAATAGCTTAGACTTT-1,0.00243,0.974652,0.019995,0.002923
AAATAGGGTGCTATTG-1,0.021938,0.025681,0.203907,0.748474
AAATCCGATACACGCC-1,0.000012,0.000049,0.005542,0.994397
AAATCGCGGAAGGAGT-1,0.031875,0.723311,0.001684,0.24313
AAATCGTGTACCACAA-1,0.028201,0.55766,0.002817,0.411322
AAATCTAGCCCTGCTA-1,0.227317,0.049858,0.157105,0.565721
AAATGATTCGATCAGC-1,0.03957,0.960375,0.000014,0.000041
AAATGCTCGTTACGTT-1,0.000023,0.999199,0.00071,0.000068
AAATGGCATGTCTTGT-1,0.000045,0.700532,0.299287,0.000135
AAATGGCCCGTGCCCT-1,0.034188,0.689423,0.107777,0.168612
AAATGGTCAATGTGCC-1,0.000027,0.913896,0.057051,0.029026
AAATGTATCTTATCCC-1,0.000014,0.999932,0.000014,0.000041
AAATTAACGGGTAGCT-1,0.002659,0.738187,0.029595,0.229559
AAATTAATAAGCGCGA-1,0.018418,0.969413,0.01004,0.002129
AAATTACACGACTCTG-1,0.000028,0.428403,0.571483,0.000085
AAATTACCTATCGATG-1,0.003856,0.967503,0.028593,0.000049
AAATTCCAGGTCCAAA-1,0.012738,0.892577,0.00059,0.094095
AAATTGATAGTCCTTT-1,0.000028,0.127978,0.181937,0.690056
AAATTTGCGGGTGTGG-1,0.003746,0.349566,0.062079,0.584609
AACAACTGGTAGTTGC-1,0.049328,0.931581,0.016363,0.002728
AACAATACATTGTCGA-1,0.000013,0.000052,0.008029,0.991905
AACAATTACTCTACGC-1,0.000011,0.995271,0.00058,0.004138
AACACACGCTCGCCGC-1,0.108164,0.506889,0.017196,0.367751
AACACGAGACGCGGCC-1,0.013372,0.851862,0.030743,0.104022
AACAGCTGTGTGGCAA-1,0.066891,0.001157,0.170328,0.761625
AACAGGAAATCGAATA-1,0.065212,0.808476,0.126245,0.000067
AACAGGATGGGCCGCG-1,0.006903,0.859706,0.093105,0.040286
AACAGGTAGTATGGAT-1,0.007851,0.682922,0.047639,0.261588
AACATAGCGTGTATCG-1,0.000036,0.139195,0.013019,0.84775
AACATATCAACTGGTG-1,0.000018,0.961575,0.034529,0.003878
AACATTGAAGTTGATC-1,0.01572,0.216205,0.114524,0.65355
AACATTGTGACTCGAG-1,0.061932,0.003555,0.160018,0.774496
AACCAAGACTTCTCTG-1,0.020719,0.759806,0.001392,0.218083
AACCATAGGGTTGAAC-1,0.114216,0.811761,0.031413,0.04261
AACCATGGGATCGCTA-1,0.032791,0.905328,0.061486,0.000396
AACCCAGAGACGGAGA-1,0.052377,0.939784,0.007784,0.000054
AACCCATCCCATGATC-1,0.062746,0.833816,0.091059,0.012379
AACCCGACAACCCGTG-1,0.000011,0.000046,0.023582,0.97636
AACCCGAGCAGAATCG-1,0.032452,0.11433,0.328642,0.524575
AACCCTACTGTCAATA-1,0.005846,0.930812,0.003151,0.060192
AACCGAGCTTGGTCAT-1,0.000023,0.994496,0.005412,0.000069
AACCGCTAAGGGATGC-1,0.029133,0.531177,0.18012,0.25957
AACCGTTGTGTTTGCT-1,0.000047,0.40764,0.59217,0.000142
AACCTCGCTTTAGCCC-1,0.000016,0.007426,0.000017,0.992541
AACCTGTCACGGAATT-1,0.000403,0.999155,0.000303,0.000138
AACCTTTAAATACGGT-1,0.000027,0.023196,0.232001,0.744776
AACCTTTACGACGTCT-1,0.007245,0.862996,0.129635,0.000124
AACGAAAGTCGTCCCA-1,0.119887,0.647139,0.210454,0.02252
AACGACCTCCTAGCCG-1,0.014988,0.300572,0.058276,0.626164
AACGATAATGCCGTAG-1,0.029726,0.164388,0.300657,0.505228
AACGATAGAAGGGCCG-1,0.061833,0.937986,0.000117,0.000064
AACGATATGTCAACTG-1,0.036479,0.92895,0.001936,0.032635
AACGCATGATCTGGGT-1,0.013542,0.966594,0.012622,0.007242
AACGCGACCTTGGGCG-1,0.000012,0.000049,0.000012,0.999926
AACGCGGTCTCCAGCC-1,0.036795,0.917736,0.029001,0.016469
AACGCTGTTGCTGAAA-1,0.000023,0.13429,0.193561,0.672125
AACGGACGTACGTATA-1,0.003533,0.149861,0.120336,0.72627
AACGGCCATCTCCGGT-1,0.056344,0.51889,0.16142,0.263346
AACGTACTGTGGGTAC-1,0.006785,0.67528,0.015393,0.302542
AACGTCAGACTAGTGG-1,0.000012,0.99994,0.000012,0.000036
AACGTCGCTGCACTTC-1,0.006606,0.129515,0.082063,0.781816
AACGTGCGAAAGTCTC-1,0.000015,0.991678,0.005995,0.002312
AACGTTATCAGCACCT-1,0.006395,0.984315,0.004224,0.005067
AACTACCCGTTTGTCA-1,0.000026,0.633819,0.055779,0.310376
AACTAGGCTTGGGTGT-1,0.005427,0.041552,0.081788,0.871232
AACTCAAGTTAATTGC-1,0.0433,0.73657,0.060657,0.159473
AACTCCAGAGCGTGTT-1,0.002457,0.067957,0.001394,0.928193
AACTCGATGGCGCAGT-1,0.000859,0.76279,0.236232,0.000119
AACTCTCAATAGAGCG-1,0.004945,0.891221,0.095434,0.0084
AACTCTCAGTGTGCTC-1,0.135818,0.44299,0.000779,0.420412
AACTGATATTAGGCCT-1,0.016429,0.98346,0.000025,0.000086
AACTGGGTCCCGACGT-1,0.040372,0.927957,0.011166,0.020505
AACTTCTGCGTCTATC-1,0.000021,0.999897,0.000021,0.000062
AACTTGCCCGTATGCA-1,0.033208,0.955345,0.000886,0.010562
AACTTGCGTTCTCGCG-1,0.051562,0.948389,0.000012,0.000037
AACTTTACGGGAGCTT-1,0.01393,0.893365,0.004457,0.088248
AACTTTCTCGATCATG-1,0.024447,0.975478,0.000019,0.000056
AAGAAATCACCAGATT-1,0.00309,0.524465,0.463939,0.008506
AAGAAGGATCAGTTAG-1,0.019766,0.980156,0.00002,0.000059
AAGACATACGTGGTTT-1,0.002044,0.084277,0.318207,0.595472
AAGACCAAATAACTCA-1,0.049349,0.925035,0.001742,0.023874
AAGACCCAACTGAACA-1,0.011878,0.036714,0.102357,0.84905
AAGACTGCAAGCTACT-1,0.000034,0.905477,0.055615,0.038875
AAGAGATGAATCGGTA-1,0.021655,0.951914,0.026405,0.000026
AAGAGCTCTTTATCGG-1,0.000022,0.844705,0.150839,0.004435
AAGAGGATGTACGCGA-1,0.003806,0.892595,0.011508,0.092091
AAGAGGCATGGATCGC-1,0.000807,0.884157,0.114662,0.000374
AAGAGGCCCTTTGGAA-1,0.015355,0.123723,0.080871,0.78005
AAGATGGCACCGGACC-1,0.043418,0.206449,0.000008,0.750124
AAGATTGGCGGAACGT-1,0.000016,0.963107,0.036828,0.000049
AAGCACCCTGCGTATC-1,0.000018,0.000071,0.184913,0.814999
AAGCATACTCTCCTGA-1,0.129161,0.000146,0.617077,0.253615
AAGCCGAAGCGGTTTA-1,0.064939,0.650922,0.177979,0.10616
AAGCCGCCGTGAAATC-1,0.009815,0.423668,0.190916,0.375601
AAGCCGCTTTACCTTG-1,0.076478,0.424672,0.498714,0.000136
AAGCGCAGGGCTTTGA-1,0.001387,0.000061,0.048878,0.949674
AAGCGTCCCTCATCGA-1,0.008552,0.327977,0.213127,0.450344
AAGCTAGATCGAGTAA-1,0.077197,0.182559,0.137371,0.602873
AAGCTCGTGCCAAGTC-1,0.000036,0.900602,0.084906,0.014456
AAGCTCTTTCATGGTG-1,0.00003,0.000122,0.434247,0.565601
AAGGAGCGGTTGGTGC-1,0.000025,0.999874,0.000025,0.000075
AAGGATCGATCGCTTG-1,0.003523,0.995624,0.000008,0.000845
AAGGATGAGGGACCTC-1,0.001196,0.90142,0.036374,0.06101
AAGGCAGGCTGTCTCC-1,0.01038,0.987598,0.000265,0.001757
AAGGCGCGTAAAGCTT-1,0.000008,0.999961,0.000008,0.000023
AAGGCTGTGCTCATCG-1,0.028244,0.845631,0.007754,0.118371
AAGGGAACGACTGGCT-1,0.038931,0.284528,0.019231,0.65731
AAGGGACAGATTCTGT-1,0.002305,0.90127,0.050735,0.04569
AAGGGACTATGCATTC-1,0.119782,0.100415,0.513928,0.265876
AAGGGTTAGCCATGCG-1,0.207083,0.632327,0.024262,0.136328
AAGGGTTTGATTTCAG-1,0.010051,0.920312,0.056903,0.012734
AAGGTATCCTAATATA-1,0.002056,0.948431,0.015444,0.034069
AAGGTGATAAACCAGC-1,0.061356,0.808179,0.016565,0.1139
AAGTAGAAGACCGGGT-1,0.003858,0.992089,0.003982,0.00007
AAGTAGTGACGCGAGG-1,0.175969,0.82397,0.000015,0.000046
AAGTCAATTGTCGTCA-1,0.0035,0.814324,0.026178,0.155998
AAGTCTAGTAGCTGCC-1,0.000036,0.828547,0.17131,0.000107
AAGTCTTCTGTGGCCT-1,0.004353,0.849991,0.010199,0.135457
AAGTGACGACCGAATT-1,0.012874,0.926778,0.000075,0.060273
AAGTGAGTCGGGTTTA-1,0.000015,0.000058,0.000015,0.999913
AAGTGCAAAGGTAGAC-1,0.000006,0.999972,0.000006,0.000017
AAGTGCCTTGACTGTA-1,0.034057,0.846408,0.00325,0.116285
AAGTGCGTTAGAATCT-1,0.041726,0.615192,0.00614,0.336943
AAGTGCTTCTCTATTG-1,0.337117,0.154903,0.002115,0.505865
AAGTGTTTGGAGACGG-1,0.000025,0.135672,0.006508,0.857795
AAGTTCACTCCAAGCT-1,0.008445,0.082394,0.127102,0.782059
AAGTTCAGTCTGCGTA-1,0.000039,0.690717,0.309127,0.000118
AAGTTCGGCCAACAGG-1,0.046286,0.626216,0.130693,0.196805
AAGTTGTGATGTTATA-1,0.014775,0.196883,0.047119,0.741222
AAGTTTATGGGCCCAA-1,0.11743,0.019562,0.024419,0.83859
AATAACAACGCTCGGC-1,0.000468,0.944414,0.000014,0.055104
AATAACACTAGAACAA-1,0.060254,0.224997,0.461925,0.252824
AATAACGTCGCGCCCA-1,0.000022,0.065938,0.259769,0.674271
AATAATCTTCGTATCG-1,0.015119,0.596909,0.031739,0.356233
AATACAATGTTTCAGG-1,0.000023,0.858618,0.041512,0.099848
AATACCGGAGGGCTGT-1,0.020761,0.041792,0.198033,0.739414
AATACCTGATGTGAAC-1,0.009306,0.167868,0.000043,0.822782
AATAGAACAGAGTGGC-1,0.000039,0.250572,0.252297,0.497091
AATAGAATCTGTTTCA-1,0.020773,0.410771,0.346168,0.222287
AATAGCTACCGCGTGC-1,0.00004,0.823877,0.175961,0.000121
AATAGTCCGTCCCGAC-1,0.002731,0.018335,0.231963,0.746971
AATAGTCGCGAGTCGG-1,0.000017,0.994889,0.005043,0.000051
AATATCAAGGTCGGAT-1,0.000088,0.290101,0.709547,0.000264
AATATCCTAGCAAACT-1,0.098925,0.675539,0.043276,0.18226
AATATCGAATCAATGC-1,0.090633,0.44103,0.148307,0.32003
AATATCGAGGGTTCTC-1,0.000016,0.990333,0.000016,0.009634
AATATTGGAGTATTGA-1,0.00105,0.841041,0.078147,0.079762
AATCAGGTTTCATTTA-1,0.053091,0.001642,0.104099,0.841167
AATCATGTAAAGACTC-1,0.122375,0.021093,0.000012,0.856519
AATCCAAGGGCCTGAG-1,0.133349,0.866579,0.000018,0.000054
AATCGCCTCAGCGCCA-1,0.004326,0.985203,0.000024,0.010447
AATCGCGCAGAGGACT-1,0.022049,0.97209,0.002062,0.0038
AATCGGTATAGCCCTC-1,0.000025,0.033866,0.161156,0.804953
AATCGTGAGCCGAGCA-1,0.025714,0.236627,0.167473,0.570186
AATCTAGGTTTACTTG-1,0.051013,0.859465,0.03094,0.058582
AATCTATGCCGGAGCC-1,0.018,0.981785,0.000177,0.000038
AATCTCTACTGTGGTT-1,0.152256,0.658574,0.135335,0.053835
AATCTGCGTTGGGACG-1,0.001648,0.977035,0.004997,0.016319
AATCTGGCTTTCTAGT-1,0.027275,0.838957,0.055852,0.077916
AATGACAGCAATGTCT-1,0.068282,0.46952,0.033166,0.429032
AATGACGTAGGATGTC-1,0.183695,0.748746,0.010019,0.057541
AATGACTGTCAGCCGG-1,0.02058,0.931542,0.007963,0.039915
AATGAGTTCGCATATG-1,0.009945,0.987863,0.002108,0.000084
AATGATGATACGCTAT-1,0.000059,0.999884,0.000014,0.000043
AATGATGCGACTCCTG-1,0.001828,0.984093,0.014032,0.000046
AATGCAACCGGGTACC-1,0.032689,0.965927,0.001344,0.00004
AATGCACCAAGCAATG-1,0.040107,0.959719,0.000013,0.000161
AATGGTCCACCGTTCA-1,0.213085,0.68884,0.000797,0.097278
AATGGTTCTCACAAGC-1,0.02565,0.950237,0.004221,0.019893
AATGTATGGCACTGTA-1,0.157171,0.762233,0.044884,0.035711
AATGTGCCCGAGGTGT-1,0.020323,0.311521,0.309853,0.358303
AATGTGCTAATCTGAG-1,0.274668,0.259856,0.002373,0.463103
AATGTTAAGACCCTGA-1,0.053976,0.145156,0.085227,0.715642
AATGTTGTCGTGAGAC-1,0.000019,0.000077,0.217038,0.782865
AATTAAAGGTCGGCGT-1,0.005819,0.95036,0.019728,0.024093
AATTAACGGATTTCCA-1,0.120237,0.000117,0.221942,0.657704
AATTACGAGACCCATC-1,0.075931,0.872592,0.022067,0.02941
AATTAGCGCTGCAGCG-1,0.000037,0.128675,0.3728,0.498489
AATTATACCCAGCAAG-1,0.000025,0.0001,0.034887,0.964988
AATTCATAAGGGATCT-1,0.015412,0.922894,0.021484,0.040209
AATTCATTGTCATGCA-1,0.231698,0.702317,0.065285,0.0007
AATTCCAAGCATGTAC-1,0.000019,0.000076,0.163546,0.836358
AATTCGATTCGAGGAT-1,0.000883,0.000066,0.007731,0.99132
AATTCTAGAGTTAGGC-1,0.054174,0.341757,0.007761,0.596307
AATTGAACGCTCTGGT-1,0.015492,0.806058,0.024898,0.153552
AATTGCAGCAATCGAC-1,0.002796,0.012458,0.010739,0.974006
AATTGTGGTTGCCAAA-1,0.001165,0.07048,0.220186,0.708169
AATTTGGTTCCAAAGA-1,0.000038,0.281682,0.718165,0.000115
ACAAACCATGCGTCCT-1,0.016748,0.699297,0.136514,0.147441
ACAAAGAAGGTAGGCC-1,0.013856,0.904557,0.023473,0.058115
ACAAAGCATGACCTAG-1,0.067883,0.335434,0.014425,0.582258
ACAAATCGCACCGAAT-1,0.000035,0.090681,0.336558,0.572726
ACAAATGGTAGTGTTT-1,0.00348,0.846394,0.000013,0.150113
ACAACAGCATGAGCTA-1,0.022161,0.873901,0.008827,0.095111
ACAACGGTCCCTGCGA-1,0.001304,0.998647,0.000012,0.000037
ACAAGCAGTGCCTAGC-1,0.064486,0.752163,0.12132,0.062032
ACAAGCTATATGGAAG-1,0.000007,0.998724,0.000256,0.001012
ACAAGGAAATCCGCCC-1,0.000041,0.271017,0.293716,0.435226
ACAAGGACAAGAGGTT-1,0.010054,0.852162,0.000011,0.137773
ACAAGGATGCTTTAGG-1,0.000023,0.000093,0.327508,0.672376
ACAAGGGCAGGCTCTG-1,0.007379,0.93087,0.002958,0.058793
ACAATAGTCGTACGTT-1,0.0393,0.851715,0.047598,0.061387
ACAATCCATTTAAACC-1,0.000018,0.788109,0.176753,0.035121
ACAATGAATACGGAGA-1,0.000018,0.03839,0.032555,0.929038
ACAATTGTGTCTCTTT-1,0.094124,0.132148,0.358847,0.41488
ACAATTTAGGAGGCTC-1,0.000011,0.981421,0.005245,0.013322
ACAATTTGAGCAGTGG-1,0.000023,0.733879,0.108388,0.157709
ACAATTTGGCCATATT-1,0.021599,0.899537,0.017033,0.061831
ACACAAAGACGGGTGG-1,0.002424,0.997543,0.000008,0.000024
ACACACCAGGACCAGT-1,0.03539,0.748994,0.096587,0.119029
ACACACTTTCTACACG-1,0.097064,0.902862,0.000018,0.000055
ACACATGATCAAATCT-1,0.260806,0.384694,0.174726,0.179774
ACACATTTCCGTAGAC-1,0.000017,0.000068,0.001532,0.998383
ACACCACATAATTAGC-1,0.000008,0.999961,0.000008,0.000024
ACACCCAGCATGCAGC-1,0.000021,0.999894,0.000021,0.000064
ACACCCGAGAAATCCG-1,0.015584,0.917171,0.067174,0.000071
ACACCGAGCGCTCTTT-1,0.00298,0.892328,0.10455,0.000142
ACACCGGTCTGACCGC-1,0.139983,0.73868,0.048273,0.073063
ACACCTTAAGTAGGGC-1,0.000029,0.894511,0.105374,0.000087
ACACCTTACTACTTGC-1,0.022431,0.926779,0.014578,0.036212
ACACGAGACTCCTTCT-1,0.002294,0.925012,0.003692,0.069002
ACACGGGAACTTAGGG-1,0.000026,0.961721,0.015187,0.023066
ACACGTAGGCCACAAG-1,0.027607,0.35905,0.079357,0.533986
ACACTCCAATGTCACT-1,0.020842,0.920749,0.000035,0.058375
ACACTGATCAAGGTGT-1,0.00628,0.304848,0.000024,0.688848
ACACTGGGACAGTCGT-1,0.000015,0.150733,0.033461,0.815791
ACAGAACTGAGAACAA-1,0.239865,0.463561,0.116572,0.180001
ACAGCATAGAGCCAGT-1,0.017852,0.170168,0.81187,0.00011
ACAGCGACATTCTCAT-1,0.002302,0.019107,0.264593,0.713997
ACAGGCACGGATCCTT-1,0.000016,0.008481,0.022144,0.969359
ACAGGCTTGCCCGACT-1,0.068838,0.326542,0.01603,0.58859
ACAGGTGGAGGTGAGG-1,0.000027,0.207951,0.015369,0.776654
ACAGGTGTGTTGTTGC-1,0.00379,0.83497,0.011103,0.150137
ACAGTAATACAACTTG-1,0.169029,0.817925,0.003751,0.009295
ACAGTATACCGTGGGA-1,0.000029,0.554486,0.4454,0.000086
ACATAAGTCGTGGTGA-1,0.108024,0.779895,0.036666,0.075415
ACATAATAAGGCGGTG-1,0.00739,0.982442,0.010115,0.000053
ACATACAATCAAGCGG-1,0.000039,0.000157,0.04016,0.959644
ACATCAGCTGGGACGC-1,0.007588,0.925451,0.001878,0.065084
ACATCCCGGCCATACG-1,0.00202,0.002256,0.068294,0.92743
ACATCCTGGTAACTGT-1,0.014669,0.971283,0.000012,0.014036
ACATCGATCGTTTACC-1,0.007207,0.837594,0.0008,0.154399
ACATCGGTCAGCCGCG-1,0.021972,0.958289,0.000017,0.019722
ACATCGTATGCAATGG-1,0.038357,0.690003,0.025272,0.246368
ACATGGCGCCAAAGTA-1,0.014398,0.979754,0.002766,0.003083
ACATTAGTTTATATCC-1,0.028826,0.153295,0.50964,0.308239
ACATTTGAAACCTAAC-1,0.000016,0.014091,0.009281,0.976613
ACCAACACCACACACT-1,0.028896,0.936545,0.034506,0.000053
ACCAACCGCACTCCAC-1,0.000192,0.005801,0.153203,0.840805
ACCAACGCTTATTTAT-1,0.020921,0.066179,0.196738,0.716162
ACCAAGAACGCGTGTC-1,0.020255,0.958455,0.004678,0.016612
ACCAAGTCATCGGCAG-1,0.000026,0.045184,0.123325,0.831464
ACCAATATGCAAGTTA-1,0.000024,0.000096,0.375422,0.624459
ACCACAAGTTTCTATC-1,0.013205,0.946236,0.004965,0.035594
ACCACACGGTTGATGG-1,0.000034,0.020299,0.148975,0.830693
ACCACCAATGTAACAA-1,0.047462,0.86402,0.025177,0.063341
ACCACCCTCTCTTCTA-1,0.07849,0.917744,0.003734,0.000032
ACCACGTGCAGCTATA-1,0.050994,0.357625,0.232744,0.358638
ACCAGACCATAACAAC-1,0.003821,0.936919,0.00301,0.05625
ACCAGTGCGGGAGACG-1,0.153941,0.423597,0.184998,0.237464
ACCATATCCGCAATAA-1,0.00221,0.901288,0.040033,0.056469
ACCATCCGCCAACTAG-1,0.225048,0.76352,0.004153,0.007279
ACCATCGTATATGGTA-1,0.037468,0.782351,0.000012,0.180169
ACCATTAAGGGTGTCA-1,0.000054,0.69825,0.301534,0.000162
ACCCAACGCCCGTGGC-1,0.004198,0.995744,0.000015,0.000044
ACCCACCTACATGCTC-1,0.00002,0.999898,0.00002,0.000061
ACCCATCTTGAGGGTA-1,0.001607,0.879517,0.008696,0.11018
ACCCATTTGTCCCTCT-1,0.000024,0.057955,0.029564,0.912456
ACCCGAGCGAAATTAC-1,0.038672,0.100971,0.165257,0.695101
ACCCGATTGGTTCCGA-1,0.012461,0.100313,0.069688,0.817538
ACCCGGAAACTCCCAG-1,0.001757,0.017436,0.043625,0.937182
ACCCGGAGCACCACAA-1,0.027781,0.339606,0.056887,0.575726
ACCCGGATGACGCATC-1,0.096131,0.899541,0.000008,0.004321
ACCCGGTTACACTTCC-1,0.146135,0.627955,0.184303,0.041607
ACCCGTAGTCTAGTTG-1,0.025073,0.335412,0.108115,0.5314
ACCCGTGTCATCAGTA-1,0.000026,0.000102,0.000026,0.999847
ACCCTATAGGACTGAG-1,0.000045,0.609477,0.390343,0.000135
ACCCTATGCCATATCG-1,0.050337,0.143185,0.039617,0.766861
ACCCTCCCGTCAGGGC-1,0.007889,0.344536,0.010848,0.636727
ACCCTCCCTTGCTATT-1,0.027583,0.623076,0.127996,0.221344
ACCCTGGTAACGCCCT-1,0.041526,0.873086,0.0098,0.075588
ACCCTTCATCTGCGAA-1,0.000027,0.734246,0.265644,0.000082
ACCGAAAGGGCCCTGC-1,0.05543,0.53547,0.408945,0.000156
ACCGAAGAGTCTGGTT-1,0.221735,0.669182,0.004443,0.10464
ACCGACACATCTCCCA-1,0.000017,0.001011,0.006263,0.992708
ACCGACTGAGTCCCAC-1,0.016556,0.980358,0.00002,0.003066
ACCGAGTCTCCTTATT-1,0.000029,0.000114,0.293702,0.706155
ACCGATAGGCATAACC-1,0.000231,0.163029,0.039842,0.796899
ACCGATATTTAATCAT-1,0.157966,0.451803,0.094308,0.295923
ACCGATGGTAGCATCG-1,0.165651,0.723768,0.030159,0.080422
ACCGCAATAACTGCCT-1,0.055524,0.243114,0.148013,0.553349
ACCGCGGTGGAAGTCG-1,0.221881,0.778092,0.000007,0.000021
ACCGGGCCTTTGTTGA-1,0.112084,0.688391,0.0732,0.126325
ACCGGTCAGGTACACC-1,0.145272,0.452436,0.147114,0.255177
ACCGTCCACTGGGCCC-1,0.01436,0.7553,0.153234,0.077106
ACCGTGACCACGTGGG-1,0.022242,0.007602,0.151457,0.818699
ACCTAAGTACCTTTCA-1,0.025548,0.452813,0.000141,0.521498
ACCTAATCGACTTCCT-1,0.030321,0.935098,0.019544,0.015036
ACCTACAGTATGTGGT-1,0.015587,0.961597,0.001209,0.021608
ACCTACTATAAATCTA-1,0.000013,0.000051,0.000013,0.999924
ACCTCAGCGAGGCGCA-1,0.012353,0.049417,0.012352,0.925878
ACCTCCGCCCTCGCTG-1,0.025066,0.128895,0.110293,0.735746
ACCTCCGTTATTCACC-1,0.000019,0.94018,0.05235,0.007451
ACCTCGAACTTATGCT-1,0.281442,0.567982,0.147458,0.003118
ACCTGCGTGTCATGTT-1,0.002492,0.885714,0.016058,0.095736
ACGAAATGGGCGGCAC-1,0.005838,0.992549,0.000011,0.001602
ACGACTCTAGGGCCGA-1,0.024052,0.127556,0.009345,0.839047
ACGACTGGTCATACTC-1,0.163507,0.198089,0.032707,0.605696
ACGAGGATACCACTCT-1,0.401604,0.481971,0.033302,0.083123
ACGAGGTTTACAACGT-1,0.010213,0.880423,0.096768,0.012596
ACGAGTACGGATGCCC-1,0.000014,0.955469,0.028483,0.016034
ACGATACATAGAACTA-1,0.000533,0.999359,0.000027,0.000081
ACGATACCTATCCTGA-1,0.029791,0.883967,0.072884,0.013359
ACGATCATACATAGAG-1,0.000182,0.99976,0.000015,0.000044
ACGATCATCTTGTAAA-1,0.024588,0.904448,0.012837,0.058127
ACGATGCATATGTTAT-1,0.009285,0.969466,0.011686,0.009564
ACGCAAACTAATAGAT-1,0.053806,0.033067,0.012498,0.900628
ACGCAATCACTACAGC-1,0.023158,0.931321,0.045065,0.000455
ACGCATACGTTTACTA-1,0.00002,0.012198,0.412017,0.575764
ACGCATTCGTGAGTAC-1,0.003663,0.982208,0.005444,0.008685
ACGCCAGATGATTTCT-1,0.035408,0.964498,0.000024,0.000071
ACGCCAGTGCGTTTGC-1,0.097112,0.108421,0.076641,0.717826
ACGCCGCTAGACGACC-1,0.092109,0.852672,0.009101,0.046119
ACGCGAAGTCAGACGA-1,0.033011,0.291291,0.023756,0.651942
ACGCGCTACACAGGGT-1,0.014694,0.847451,0.000122,0.137733
ACGCGGGCCAAGGACA-1,0.010006,0.910593,0.011464,0.067938
ACGCGTTTCTTAAGAG-1,0.013483,0.89641,0.008244,0.081862
ACGCTACTGAATGGGC-1,0.303629,0.454106,0.053466,0.188799
ACGCTAGTGATACACT-1,0.001226,0.99873,0.000011,0.000033
ACGCTGTGAGGCGTAG-1,0.001664,0.957309,0.000011,0.041016
ACGGAACACGAGTGCC-1,0.002092,0.168937,0.006536,0.822435
ACGGAATTTAGCAAAT-1,0.011,0.988951,0.000012,0.000037
ACGGACTCTCAAAGCG-1,0.002756,0.000053,0.062452,0.934739
ACGGAGCGCAAATTAC-1,0.000038,0.667153,0.332696,0.000114
ACGGATGGTGCGGATA-1,0.000027,0.000107,0.174879,0.824987
ACGGCACTTGCTTGGG-1,0.000029,0.122957,0.019527,0.857487
ACGGCCAACATGGACT-1,0.022019,0.144548,0.255367,0.578065
ACGGCGACGATGGGAA-1,0.139287,0.446504,0.001432,0.412777
ACGGCTGGATGTAGAA-1,0.146664,0.704572,0.041291,0.107472
ACGGGAGTGTCGGCCC-1,0.052916,0.722799,0.000752,0.223532
ACGGGCGTATGCGACA-1,0.011974,0.98274,0.000782,0.004504
ACGGGTCATGTGACTT-1,0.000469,0.963686,0.035773,0.000073
ACGGTACAGTTCAATG-1,0.000087,0.034619,0.37563,0.589664
ACGTACAGATTTCTCT-1,0.000061,0.492892,0.506863,0.000184
ACGTACTTTGGCACGG-1,0.006656,0.102911,0.109116,0.781317
ACGTAGATTGCTGATG-1,0.000013,0.999937,0.000013,0.000038
ACGTAGGAGAGTCGCT-1,0.000019,0.000075,0.011627,0.98828
ACGTATTACTCCGATC-1,0.000813,0.999082,0.000026,0.000079
ACGTCTCGTTCCGGGA-1,0.036596,0.91663,0.038463,0.008311
ACGTGACAAAGTAAGT-1,0.003758,0.821809,0.108354,0.06608
ACGTGCGCCTCGTGCA-1,0.080216,0.919719,0.000016,0.000049
ACGTTAATGTCGAAGA-1,0.061862,0.852653,0.013937,0.071547
ACGTTAGATTTGCCCG-1,0.141716,0.741549,0.014898,0.101837
ACGTTATTGGTCACTC-1,0.017058,0.913699,0.066708,0.002536
ACGTTCGCAATCAATT-1,0.002238,0.981931,0.009991,0.00584
ACGTTCGTTCAGGAAA-1,0.000026,0.036312,0.240524,0.723138
ACGTTCTGTACAAGTC-1,0.000017,0.010392,0.147958,0.841633
ACGTTTAGTTGTGATC-1,0.060926,0.884544,0.054441,0.00009
ACGTTTCGGTGCACTT-1,0.347506,0.572007,0.000081,0.080406
ACTACAAAGAGAGGTG-1,0.006471,0.000055,0.003945,0.989529
ACTACATCCCGACAAG-1,0.146759,0.36918,0.164091,0.31997
ACTACCAGCTCTCTGG-1,0.011833,0.986531,0.00156,0.000076
ACTACGCGTTAGAATT-1,0.000022,0.030796,0.035193,0.933989
ACTAGTTGCGATCGTC-1,0.121508,0.676046,0.000021,0.202425
ACTATCCAGGGCATGG-1,0.000032,0.976296,0.000253,0.023419
ACTATCGCCGGCTAAA-1,0.000045,0.591126,0.408693,0.000136
ACTATCTGCCCGCGTA-1,0.389069,0.119947,0.143651,0.347334
ACTATGTCCAGCTGCC-1,0.110518,0.171174,0.425358,0.29295
ACTATTCGTCCGTGGT-1,0.060611,0.763613,0.175687,0.000088
ACTATTTCCGGGCCCA-1,0.000032,0.00644,0.257981,0.735547
ACTCAAGTGCAAGGCT-1,0.000023,0.144865,0.17585,0.679262
ACTCAATAAAGGCACG-1,0.00002,0.91367,0.051003,0.035307
ACTCAGACCTGCTTCT-1,0.000044,0.221534,0.778289,0.000133
ACTCATGGCAGCCTTC-1,0.090332,0.531447,0.072448,0.305773
ACTCCAATATCATCAT-1,0.000829,0.000059,0.348738,0.650373
ACTCCCATTCCTAAAG-1,0.015427,0.849893,0.00425,0.13043
ACTCCCGAATTCGTTT-1,0.00452,0.919638,0.000072,0.07577
ACTCCCGTAGACTAGG-1,0.004562,0.764052,0.083663,0.147723
ACTCCCTAATGCTAAA-1,0.000014,0.000056,0.003246,0.996685
ACTCCCTAGAATAGTA-1,0.00005,0.355885,0.060294,0.583771
ACTCCGGCCGACCACT-1,0.002454,0.000086,0.114109,0.883351
ACTCGATGTATTTCAT-1,0.000044,0.937069,0.062756,0.000131
ACTCGCCGTTCGATAA-1,0.000022,0.000088,0.170775,0.829115
ACTCGTAACCCGTCCT-1,0.000532,0.685487,0.110946,0.203035
ACTCGTCAGTAATCCC-1,0.000013,0.999935,0.000013,0.000039
ACTCTAAACCTGGGAT-1,0.015233,0.939996,0.000014,0.044756
ACTCTCTGACTTAGGT-1,0.008786,0.877927,0.011151,0.102136
ACTCTGACCTAATAGA-1,0.000021,0.01743,0.032024,0.950525
ACTCTTCAGCTCCCGC-1,0.013464,0.93149,0.048304,0.006742
ACTCTTGTATAGTAAC-1,0.000033,0.929386,0.039511,0.03107
ACTGAAACGCCGTTAG-1,0.091239,0.047564,0.014112,0.847086
ACTGAATGGCGAAAGT-1,0.001298,0.262265,0.400712,0.335724
ACTGCCCGCCATTCTC-1,0.000008,0.000033,0.000008,0.99995
ACTGCCGTCGTAACTC-1,0.033463,0.966472,0.000016,0.000048
ACTGCGGACACACCGT-1,0.00001,0.99995,0.00001,0.00003
ACTGCTCGGAAGGATG-1,0.114088,0.885241,0.000647,0.000024
ACTGTACGATACACAT-1,0.000015,0.977033,0.001504,0.021447
ACTGTAGCACTTTGGA-1,0.000033,0.963336,0.016331,0.0203
ACTGTATACGCGAGCA-1,0.000046,0.35589,0.643927,0.000138
ACTGTCCAGGATTATA-1,0.000021,0.969067,0.000021,0.030891
ACTGTCTTCTTTAGAA-1,0.047607,0.901891,0.006907,0.043596
ACTGTGCTAGTAGATC-1,0.0657,0.934234,0.000017,0.00005
ACTTACGCATCCACGC-1,0.03048,0.052471,0.053296,0.863753
ACTTAGTACGACAAGA-1,0.109393,0.850143,0.036667,0.003797
ACTTATACTTACCCGG-1,0.085431,0.845101,0.000015,0.069454
ACTTATTAGGATCGGT-1,0.000025,0.965248,0.000025,0.034701
ACTTATTTATGTGCCA-1,0.06593,0.559821,0.002755,0.371494
ACTTCAGGCTGATCCC-1,0.113281,0.373035,0.011865,0.501819
ACTTCCAGTGGAAGCT-1,0.000892,0.996332,0.000009,0.002766
ACTTCCATGCGGGACA-1,0.000017,0.000067,0.001948,0.997968
ACTTCGCCATACGCAC-1,0.000024,0.954177,0.025589,0.020209
ACTTGACTCCCTCTTT-1,0.058105,0.897966,0.000007,0.043922
ACTTGGGACCCGGTGG-1,0.000769,0.955548,0.042168,0.001515
ACTTGTAGTCCCTTCA-1,0.027053,0.916311,0.051383,0.005253
ACTTGTGGATGGAACG-1,0.001585,0.247936,0.526298,0.224181
ACTTTACCCTCATGAA-1,0.00001,0.999952,0.00001,0.000029
ACTTTCCTATAGCTTC-1,0.007991,0.991922,0.000022,0.000066
ACTTTGACTGCATCCT-1,0.001088,0.729812,0.027841,0.241259
ACTTTGGTCGTGCTCC-1,0.187237,0.767461,0.032465,0.012838
ACTTTGTCGACGCACT-1,0.149995,0.40958,0.086162,0.354263
AGAAATTATGACTCGC-1,0.144259,0.477202,0.046434,0.332106
AGAACCCAGCGTGACA-1,0.035093,0.894136,0.001073,0.069698
AGAACCCTCAATTGGG-1,0.079406,0.858758,0.028312,0.033525
AGAACGTGGTACATTC-1,0.032966,0.9609,0.006105,0.000028
AGAACTGTACTTTGTA-1,0.000025,0.000099,0.017497,0.98238
AGAAGAGCGCCGTTCC-1,0.000383,0.95051,0.047956,0.00115
AGAAGGTACACTTCAC-1,0.111906,0.789785,0.038608,0.059701
AGAAGGTTGCCGAATT-1,0.016777,0.920003,0.000008,0.063212
AGAAGGTTGTAGGTCG-1,0.004212,0.011985,0.267493,0.71631
AGAAGTGATTCGTGAT-1,0.084173,0.50413,0.000583,0.411115
AGAATAAATCTTCAGG-1,0.016092,0.929504,0.032504,0.021901
AGAATACAGGCTATCC-1,0.000027,0.006569,0.005448,0.987956
AGAATTATGGATTCGA-1,0.001525,0.97358,0.000013,0.024883
AGAATTGTTTGACATA-1,0.01038,0.988849,0.000023,0.000748
AGACAGCTCAGAATCC-1,0.000019,0.97295,0.026973,0.000058
AGACCAAACCACACCT-1,0.265609,0.668198,0.001807,0.064387
AGACCATGGGATACAA-1,0.000022,0.914087,0.070278,0.015613
AGACCCACCGCTGATC-1,0.002659,0.273537,0.054171,0.669632
AGACCCGCCCTCCTCG-1,0.087454,0.911448,0.001046,0.000052
AGACCGCTCCGCGGTT-1,0.038467,0.435587,0.08096,0.444987
AGACCGGGAAACCCTG-1,0.004877,0.892725,0.067262,0.035136
AGACGAAGTGCCGGTC-1,0.750398,0.017406,0.232115,0.000081
AGACGACGATGCCGCT-1,0.002347,0.193474,0.328691,0.475488
AGACGCCCACTTCGCC-1,0.030784,0.090827,0.355578,0.52281
AGACTAGCCTTCCAGA-1,0.00002,0.897971,0.050994,0.051014
AGACTGTTACCGGGTC-1,0.011495,0.062582,0.0122,0.913723
AGAGAAACACCAGAAA-1,0.000014,0.000056,0.140847,0.859083
AGAGAACCGTCTAGGA-1,0.000796,0.998956,0.000219,0.000029
AGAGAAGGAGTACAAT-1,0.00002,0.068486,0.156026,0.775469
AGAGATCTCTAAAGCG-1,0.236712,0.763236,0.000013,0.000039
AGAGCAGTTATGAGAC-1,0.000018,0.933691,0.003651,0.06264
AGAGCCGCCGAGATTT-1,0.00002,0.116873,0.162082,0.721025
AGAGCGCTTGTAACGG-1,0.000031,0.422632,0.577243,0.000093
AGAGCGGGCTAATCAT-1,0.052436,0.947503,0.000015,0.000045
AGAGCGTACAAGCTCG-1,0.000013,0.999933,0.000013,0.00004
AGAGCTACGAAAGCAT-1,0.00005,0.116283,0.883519,0.000149
AGAGGCTTCGGAAACC-1,0.082568,0.655034,0.09218,0.170218
AGAGTAAACTTCACTA-1,0.059049,0.668046,0.123363,0.149542
AGAGTATAGTGTTACG-1,0.000015,0.959405,0.04051,0.000071
AGAGTCTTAATGAAAG-1,0.242896,0.677338,0.008488,0.071279
AGATAACTTCAGGGCC-1,0.001313,0.856805,0.09222,0.049662
AGATACCAATAGAACC-1,0.037619,0.235065,0.085072,0.642243
AGATACCGGTGTTCAC-1,0.00727,0.811059,0.081442,0.10023
AGATACGACTTCATAT-1,0.01975,0.980173,0.000019,0.000058
AGATACTCAAGATCGA-1,0.022732,0.501801,0.121034,0.354434
AGATATAATACGACTA-1,0.000012,0.000046,0.000012,0.999931
AGATCGTGCATAAGAT-1,0.000427,0.999513,0.000017,0.000043
AGATCTCAGGTGTGAT-1,0.000016,0.997585,0.000253,0.002146
AGATGACTCGCCCACG-1,0.011492,0.929444,0.058989,0.000075
AGATGATGGAGTCTGG-1,0.008692,0.877775,0.001085,0.112448
AGATGCAAGACGTGCA-1,0.431778,0.294781,0.01952,0.253921
AGATGCATCCTGTGTC-1,0.000379,0.902739,0.095238,0.001645
AGATTATAGGACGTTT-1,0.002379,0.843081,0.143217,0.011323
AGATTCACAACCGATA-1,0.009834,0.908992,0.013868,0.067305
AGCAAAGGCCGCTAGT-1,0.000268,0.02421,0.10385,0.871672
AGCAACATATCTTATT-1,0.05253,0.920945,0.022841,0.003684
AGCAACCGAAAGTAAT-1,0.056646,0.491694,0.029809,0.421851
AGCACACGTTTAGACT-1,0.087084,0.065309,0.040445,0.807162
AGCACCAGTACTCACG-1,0.000024,0.999879,0.000024,0.000073
AGCACTACCGGCCTGT-1,0.003736,0.893659,0.023113,0.079492
AGCACTACCTCACCAG-1,0.00004,0.031389,0.267874,0.700697
AGCACTTAAGGACGCC-1,0.016866,0.805166,0.009712,0.168256
AGCAGAAGGAGAAAGA-1,0.000012,0.000047,0.100555,0.899387
AGCAGCCAGATGAATA-1,0.000573,0.015154,0.069899,0.914374
AGCAGTCGAAGCATGC-1,0.125551,0.125412,0.026834,0.722203
AGCATATCAATATGCT-1,0.168776,0.253031,0.005415,0.572778
AGCATCATTTCGAAAG-1,0.009771,0.524937,0.266662,0.19863
AGCATCGTCGATAATT-1,0.012522,0.944267,0.043125,0.000085
AGCATTACGAGGCAAG-1,0.000107,0.06404,0.087592,0.848261
AGCCAAGCTTTGTGTC-1,0.016842,0.079822,0.124967,0.778369
AGCCACAGGTTACCCG-1,0.027945,0.251471,0.164287,0.556296
AGCCACTCCCGTGCTT-1,0.067526,0.85068,0.081667,0.000126
AGCCATATAGTATGTG-1,0.000019,0.000077,0.061496,0.938408
AGCCCATACATGTAAG-1,0.001697,0.888003,0.010346,0.099954
AGCCCGCAACAAGCAG-1,0.002995,0.003359,0.018204,0.975443
AGCCCGCACTACAATG-1,0.024503,0.017628,0.136356,0.821512
AGCCCGGCATTAGAGG-1,0.000014,0.003271,0.006321,0.990394
AGCCCGGTAGCCTGTA-1,0.000018,0.000074,0.063293,0.936615
AGCCCTAAGCGAAGTT-1,0.075994,0.923938,0.000017,0.000051
AGCCCTCCCTGGTGGC-1,0.036281,0.102015,0.000013,0.86169
AGCCCTGTCGCACCGT-1,0.003385,0.965173,0.023864,0.007577
AGCCCTTCTAATCCGA-1,0.000051,0.689182,0.310615,0.000152
AGCCCTTGGACATCCC-1,0.056672,0.083605,0.022546,0.837178
AGCCGCAAATTCAAAT-1,0.001295,0.997391,0.000311,0.001003
AGCCGCTTGATTAGCG-1,0.007035,0.461033,0.531759,0.000173
AGCCGTGGCTAAATGT-1,0.00049,0.63846,0.25281,0.10824
AGCCTAATACCCACGT-1,0.004182,0.820165,0.116155,0.059498
AGCCTTAAAGCGGAAG-1,0.018858,0.981091,0.000013,0.000039
AGCGACAGGAACGGTC-1,0.000028,0.227452,0.0234,0.74912
AGCGACATCCCATTCA-1,0.058556,0.929242,0.008111,0.004091
AGCGACCAACGATATT-1,0.007493,0.931446,0.022528,0.038533
AGCGAGACGTGAAGGC-1,0.142443,0.250326,0.119045,0.488186
AGCGATGCGCCTAATA-1,0.087519,0.337263,0.001401,0.573817
AGCGCATAATGAATCG-1,0.000021,0.032988,0.064404,0.902587
AGCGCGGGTGCCAATG-1,0.000019,0.949164,0.050761,0.000056
AGCGCTAGAGCGATGT-1,0.001997,0.989771,0.006998,0.001235
AGCGGACACTTCGTAG-1,0.000016,0.000066,0.236339,0.763579
AGCGGCGGTTAGCGGT-1,0.702197,0.295612,0.000017,0.002174
AGCGGGAAGGGTCCAT-1,0.11454,0.867662,0.002119,0.01568
AGCGGGTCTGACACTC-1,0.000014,0.037359,0.156015,0.806612
AGCGGTTGCCGCTCTG-1,0.000028,0.391134,0.608754,0.000084
AGCGTGGTATTCTACT-1,0.008157,0.64079,0.021032,0.330021
AGCTAACAAGCAATGT-1,0.000014,0.000057,0.430471,0.569458
AGCTAAGTACGCAGGC-1,0.000012,0.000049,0.110685,0.889254
AGCTACGAATGGTGGT-1,0.00065,0.002601,0.566896,0.429852
AGCTAGAAGCAGAAGT-1,0.017873,0.982086,0.00001,0.000031
AGCTATTTAATCCAAC-1,0.024342,0.964232,0.008145,0.003281
AGCTCCATATATGTTC-1,0.000999,0.042088,0.422705,0.534208
AGCTCCTTCGCACATC-1,0.000046,0.032585,0.193158,0.774211
AGCTCTAGACGTTCCA-1,0.000034,0.851933,0.137222,0.010811
AGCTCTTCCCAGTGCA-1,0.049841,0.910193,0.001138,0.038828
AGCTCTTCGTAACCTT-1,0.047614,0.952361,0.000006,0.000019
AGCTCTTTACTCAGTT-1,0.105388,0.857348,0.000018,0.037246
AGCTGAAGTAAACCAA-1,0.003498,0.994981,0.001479,0.000041
AGCTGTAACCTCAATC-1,0.156739,0.212118,0.304275,0.326867
AGCTTCTTCTCGAGCA-1,0.000014,0.077061,0.079798,0.843127
AGCTTGATCTTAACTT-1,0.026319,0.966098,0.000013,0.00757
AGGAACGAACGACTTC-1,0.013883,0.086132,0.156125,0.74386
AGGAAGCTGTCCGCCG-1,0.153159,0.000099,0.43895,0.407792
AGGACAGTCGAATCCC-1,0.010435,0.825039,0.000016,0.16451
AGGACATCGCACGTCG-1,0.016793,0.939289,0.01592,0.027998
AGGACGACCCATTAGA-1,0.022671,0.752466,0.048477,0.176386
AGGACGCTCGATGTTG-1,0.012284,0.982037,0.005608,0.000071
AGGACTTATAGGAGAA-1,0.009324,0.750877,0.215897,0.023902
AGGAGACATCCACAGT-1,0.027218,0.97274,0.000011,0.000032
AGGAGAGTCTGGCTAC-1,0.00247,0.997471,0.000015,0.000045
AGGAGCGTTTATTATC-1,0.003475,0.526495,0.003475,0.466556
AGGAGGCCTTCGCGCG-1,0.053687,0.267269,0.080378,0.598667
AGGATAAAGTCGGGAT-1,0.002449,0.098968,0.06231,0.836272
AGGATATAGGGATTTA-1,0.00376,0.808538,0.08282,0.104883
AGGATATCCGACTGCA-1,0.000022,0.000088,0.143042,0.856848
AGGATCACGCGATCTG-1,0.145096,0.678222,0.018315,0.158367
AGGATTGCTTACGACA-1,0.000018,0.942555,0.040627,0.0168
AGGCACGTGACTGTCC-1,0.003511,0.063287,0.143844,0.789358
AGGCAGATGCGTAAAC-1,0.000024,0.948949,0.050954,0.000073
AGGCAGGGAGCGTACT-1,0.019584,0.019253,0.263725,0.697438
AGGCATTGTCGTAGGG-1,0.00005,0.364296,0.102077,0.533577
AGGCCACCCGTTATGA-1,0.000016,0.942009,0.000016,0.057958
AGGCCCATTGTACAGG-1,0.05334,0.902275,0.044296,0.000089
AGGCCCTAGAACGCCA-1,0.105332,0.809137,0.000009,0.085522
AGGCCTATCATACCAA-1,0.008713,0.000075,0.161573,0.82964
AGGCCTGAGAATCTCG-1,0.000015,0.000061,0.019448,0.980475
AGGCGATAACTGGCGT-1,0.038318,0.036615,0.075019,0.850048
AGGCGGTTTGTCCCGC-1,0.006824,0.541651,0.17695,0.274575
AGGCTATGGTTAGCTT-1,0.000018,0.999049,0.000018,0.000916
AGGCTTCCCGAAGAAG-1,0.000038,0.22482,0.501919,0.273223
AGGCTTGCTAGACACC-1,0.000017,0.939254,0.01913,0.041599
AGGGACCGGCTGCGTT-1,0.000344,0.977114,0.00063,0.021912
AGGGACTCTACGCGAC-1,0.000033,0.000133,0.354846,0.644988
AGGGAGACATACTTCG-1,0.000012,0.997245,0.002709,0.000035
AGGGCCCTAATGTTCT-1,0.051819,0.236838,0.06139,0.649953
AGGGCGAGCAGCTGAT-1,0.450608,0.5481,0.001237,0.000055
AGGGCGTGATCGGCTA-1,0.086381,0.913521,0.000024,0.000073
AGGGCTGCAGTTACAG-1,0.000025,0.954709,0.000025,0.045241
AGGGTCAGAGCACTCG-1,0.000022,0.00009,0.229464,0.770425
AGGGTCGATGCGAACT-1,0.001732,0.874294,0.005327,0.118648
AGGGTCTGGACGCAGT-1,0.003285,0.179996,0.043534,0.773185
AGGGTGCCGTTCTTTA-1,0.000019,0.000077,0.159856,0.840048
AGGGTGCTCTCGAGGG-1,0.00351,0.95656,0.021453,0.018477
AGGGTGGATAGTGCAT-1,0.000116,0.967251,0.002857,0.029776
AGGGTTCAGACGGTCC-1,0.000012,0.00005,0.001708,0.99823
AGGGTTCCCTTTGGTT-1,0.001323,0.882913,0.086662,0.029102
AGGGTTTAGTTCGGGA-1,0.003325,0.968235,0.003199,0.02524
AGGTAACCTCCTATTC-1,0.050401,0.928262,0.021213,0.000124
AGGTACGATATTGCCA-1,0.000059,0.295231,0.704534,0.000176
AGGTAGATCGAGATAT-1,0.414414,0.002058,0.080572,0.502955
AGGTAGGTACAAAGCT-1,0.003727,0.896378,0.077645,0.022249
AGGTATAATTGATAGT-1,0.003325,0.945121,0.017013,0.034541
AGGTATGCGGACATTA-1,0.013844,0.937976,0.008231,0.03995
AGGTCAGGTGAGAGTG-1,0.011554,0.7426,0.178287,0.06756
AGGTCGCCTCCCAACA-1,0.096896,0.35757,0.00068,0.544854
AGGTCGCGGAGTTACT-1,0.000012,0.999938,0.000012,0.000037
AGGTGCACGTCCACAT-1,0.000021,0.000084,0.160277,0.839618
AGGTGGTGACCTTCGC-1,0.003525,0.000047,0.000957,0.99547
AGGTGTATCGCCATGA-1,0.017537,0.929428,0.017614,0.035421
AGGTTACACCATGCCG-1,0.075226,0.924625,0.00001,0.000139
AGGTTGAGGCACGCTT-1,0.008806,0.918007,0.005771,0.067416
AGGTTTCACACACCTT-1,0.007285,0.888222,0.059573,0.04492
AGTAACTATAGCAGCC-1,0.050079,0.078402,0.121557,0.749962
AGTAAGGGACAGAATC-1,0.013897,0.930513,0.013899,0.041691
AGTAATCTAAGGGTGG-1,0.000018,0.000071,0.075141,0.924769
AGTAATGTCTTGCCGC-1,0.044044,0.955879,0.000019,0.000058
AGTACAGAAGCTTATA-1,0.040914,0.055343,0.148337,0.755407
AGTACATCATTTATCA-1,0.017006,0.938211,0.035582,0.0092
AGTACGGCCCGTATCG-1,0.000011,0.957741,0.005778,0.03647
AGTACGGGCACCTGGC-1,0.000014,0.999932,0.000014,0.000041
AGTACTCTTATGCCCA-1,0.081985,0.298666,0.039795,0.579554
AGTAGAAGGCGCCTCA-1,0.000019,0.000075,0.078432,0.921473
AGTAGGAAGGAAGTTG-1,0.002662,0.682844,0.314387,0.000107
AGTAGGTAACATACAT-1,0.057285,0.942613,0.000025,0.000076
AGTATAATACTAGGCA-1,0.000022,0.97147,0.003396,0.025112
AGTATACACAGCGACA-1,0.000018,0.005264,0.040836,0.953882
AGTATGCTGGAGACCA-1,0.06398,0.052637,0.739673,0.14371
AGTATTTGGCACGACC-1,0.00004,0.000159,0.191359,0.808442
AGTCAAATGATGTGAT-1,0.054531,0.000062,0.247636,0.697771
AGTCAACACCACCATC-1,0.023231,0.813152,0.017318,0.146298
AGTCAAGATGACACTT-1,0.078033,0.466778,0.18401,0.271178
AGTCACTAGCTCTCGA-1,0.271614,0.045756,0.211027,0.471603
AGTCAGCCACCGCCTG-1,0.005606,0.986321,0.008017,0.000056
AGTCCATTGGCTGATG-1,0.031212,0.96873,0.000014,0.000043
AGTCCCGCCTTTAATT-1,0.045834,0.953775,0.000341,0.00005
AGTCCCTCGCAGAAAG-1,0.006892,0.970815,0.022201,0.000092
AGTCGAATTAGCGTAA-1,0.23603,0.695278,0.012559,0.056134
AGTCGACGGTCTCAAG-1,0.017007,0.876703,0.024128,0.082162
AGTCGGCCCAAACGAC-1,0.025014,0.856491,0.086515,0.031979
AGTCGGCTCAACTTTA-1,0.024512,0.715394,0.099164,0.160929
AGTCGGTTGCGTGAGA-1,0.006008,0.96835,0.010116,0.015526
AGTCGTATAAAGCAGA-1,0.092526,0.1312,0.103277,0.672998
AGTCGTCGACCACCAA-1,0.278363,0.127993,0.053601,0.540044
AGTCGTGGGCATTACG-1,0.014324,0.333591,0.048202,0.603883
AGTCTAAAGTATACTC-1,0.000011,0.987681,0.011312,0.000996
AGTCTCACAAGACTAC-1,0.000026,0.219154,0.106528,0.674292
AGTCTGGACATCCTTG-1,0.00827,0.86535,0.126279,0.000101
AGTCTTCTCCTCAAAT-1,0.038753,0.926493,0.006654,0.028099
AGTCTTTAAAGTGTCC-1,0.008768,0.000046,0.38022,0.610966
AGTGAACAAACTTCTC-1,0.032457,0.945203,0.005946,0.016395
AGTGAAGATGGTGTCC-1,0.004409,0.908258,0.085473,0.00186
AGTGACCTACTTTACG-1,0.011509,0.78756,0.011863,0.189068
AGTGACTGTGACACAA-1,0.008184,0.002779,0.210497,0.778541
AGTGAGACTTCCAGTA-1,0.006056,0.993909,0.000009,0.000026
AGTGAGCCTCGCCGCC-1,0.000011,0.999943,0.000011,0.000034
AGTGAGTCGAATTAAC-1,0.000012,0.002466,0.000012,0.99751
AGTGATAACCTGCGCG-1,0.006309,0.000399,0.00001,0.993282
AGTGATATGAGTAGTT-1,0.15587,0.650832,0.036367,0.15693
AGTGATTCAAGCAGGA-1,0.005689,0.831556,0.112548,0.050208
AGTGCACGCTTAAGAA-1,0.019619,0.206491,0.052381,0.721509
AGTGCGTAGCTCGTAA-1,0.000038,0.583646,0.173997,0.242319
AGTGCTAAACACAGCA-1,0.015819,0.039049,0.014378,0.930754
AGTGCTTGCACGAATA-1,0.031435,0.918026,0.001004,0.049535
AGTGGCCCGCAAATGG-1,0.000026,0.000103,0.539631,0.46024
AGTGGCGGCAATTTGA-1,0.000245,0.990877,0.008832,0.000047
AGTGGCGTCTGAAGGT-1,0.000011,0.000044,0.000014,0.999932
AGTGGCTCCGTCGGCC-1,0.168608,0.717111,0.000262,0.114019
AGTGGTGTTACCCGTG-1,0.534032,0.465904,0.000016,0.000048
AGTGGTTGCGTATAGG-1,0.002379,0.971369,0.00001,0.026242
AGTGTATTGCGCATTG-1,0.004556,0.973439,0.021861,0.000144
AGTGTGCTAAGATCGC-1,0.000072,0.763962,0.136658,0.099307
AGTGTGGTCTATTGTG-1,0.000029,0.927427,0.007502,0.065042
AGTTAAACACTTGCGA-1,0.003474,0.926338,0.001746,0.068443
AGTTAAGCGGTCCCGG-1,0.085942,0.908424,0.003126,0.002508
AGTTAAGTCAACCGCT-1,0.058717,0.180217,0.000036,0.761031
AGTTACCCTTAAGACT-1,0.057641,0.923003,0.019291,0.000066
AGTTACCGCACATGGT-1,0.003366,0.956548,0.038966,0.00112
AGTTACTCTATCGTGG-1,0.00007,0.572964,0.426756,0.00021
AGTTATTCAGACTGTG-1,0.123011,0.000127,0.136416,0.740446
AGTTCACCGGTTGGAC-1,0.0145,0.985414,0.000022,0.000065
AGTTCCTACAGAATTA-1,0.000021,0.802196,0.189723,0.00806
AGTTCCTATTTATGTT-1,0.002282,0.777079,0.03242,0.188218
AGTTCTGCGTTGTATC-1,0.002089,0.986485,0.011351,0.000075
AGTTGACATCGGCTGG-1,0.000056,0.463585,0.536191,0.000168
AGTTGACGGTCCTTGC-1,0.010725,0.141199,0.224329,0.623747
AGTTGCTGACTGATAT-1,0.020129,0.969829,0.00995,0.000092
AGTTGGCAAGGCTAGA-1,0.000029,0.006977,0.203489,0.789506
AGTTTATGTAAAGACA-1,0.028343,0.941277,0.022046,0.008334
AGTTTCGCAGGTCGGA-1,0.000064,0.587073,0.412669,0.000193
AGTTTGCACCTGCCTC-1,0.00002,0.000081,0.213252,0.786647
AGTTTGGCACGGGTTG-1,0.005951,0.275635,0.420787,0.297627
AGTTTGGCCAGACCTA-1,0.020108,0.598417,0.063242,0.318233
ATAAACGGACCCGTAA-1,0.067267,0.53738,0.000636,0.394717
ATAAACGTTGCACCAC-1,0.000028,0.143757,0.10054,0.755675
ATAAAGGCTCGGTCGT-1,0.000018,0.864958,0.101455,0.03357
ATAAATATTAGCAGCT-1,0.002959,0.824277,0.014391,0.158373
