Barcode,Topic 1to2,Topic 3to8,Topic 9,Topic 10
AAACAACGAATAGTTC-1,0.170117,0.829835,0.000024,0.000024
AAACAAGTATCTCCCA-1,0.115584,0.786097,0.022933,0.075386
AAACAATCTACTAGCA-1,0.031894,0.87222,0.01057,0.085315
AAACACCAATAACTGC-1,0.497161,0.240632,0.079318,0.182889
AAACAGAGCGACTCCT-1,0.333152,0.666795,0.000026,0.000026
AAACAGCTTTCAGAAG-1,0.354436,0.075426,0.512344,0.057794
AAACAGGGTCTATATT-1,0.400829,0.170726,0.397353,0.031093
AAACAGTGTTCCTGGG-1,0.850445,0.005353,0.000046,0.144156
AAACATGGTGAGAGGA-1,0.000059,0.038608,0.795304,0.16603
AAACATTTCCCGGATT-1,0.113604,0.868185,0.0182,0.000012
AAACCACTACACAGAT-1,0.177743,0.719344,0.053633,0.04928
AAACCCGAACGAAATC-1,0.372425,0.346189,0.281362,0.000025
AAACCGGAAATGTTAA-1,0.000054,0.551467,0.448451,0.000027
AAACCGGGTAGGTACC-1,0.774654,0.089463,0.000078,0.135805
AAACCGTTCGTCCAGG-1,0.419214,0.508291,0.038447,0.034047
AAACCTAAGCAGCCGG-1,0.162798,0.806234,0.004515,0.026453
AAACCTCATGAAGTTG-1,0.480632,0.349711,0.077478,0.092179
AAACGAAGATGGAGTA-1,0.000077,0.305015,0.69487,0.000038
AAACGACAGTCTTGCC-1,0.07256,0.831772,0.057331,0.038338
AAACGAGACGGTTGAT-1,0.08272,0.902457,0.014788,0.000036
AAACGCCCGAGATCGG-1,0.612645,0.381752,0.005574,0.00003
AAACGCTGGGCACGAC-1,0.034229,0.024816,0.359657,0.581298
AAACGGGCGTACGGGT-1,0.395734,0.395662,0.001618,0.206987
AAACGGGTTGGTATCC-1,0.042945,0.764662,0.000992,0.191401
AAACGGTTGCGAACTG-1,0.041929,0.89299,0.037346,0.027736
AAACGTGTTCGCCCTA-1,0.255746,0.693058,0.051174,0.000021
AAACTAACGTGGCGAC-1,0.264234,0.726834,0.008913,0.000019
AAACTCGGTTCGCAAT-1,0.015151,0.96167,0.001928,0.021251
AAACTCGTGATATAAG-1,0.594034,0.388113,0.017813,0.000041
AAACTGCTGGCTCCAA-1,0.457407,0.246481,0.114799,0.181314
AAACTTAATTGCACGC-1,0.501967,0.100392,0.397609,0.000033
AAACTTGCAAACGTAT-1,0.521671,0.349891,0.091185,0.037254
AAAGAATGACCTTAGA-1,0.000062,0.025109,0.87176,0.103069
AAAGAATGTGGACTAA-1,0.000513,0.769065,0.000005,0.230418
AAAGACATGAAGTTTA-1,0.029279,0.9123,0.011151,0.047269
AAAGACCCAAGTCGCG-1,0.206505,0.793412,0.000042,0.000042
AAAGACTGGGCGCTTT-1,0.734191,0.001016,0.000169,0.264624
AAAGCTTGCCTACATA-1,0.11919,0.747332,0.133461,0.000017
AAAGGCCCTATAATAC-1,0.534864,0.281472,0.03134,0.152324
AAAGGCTACGGACCAT-1,0.0136,0.964384,0.000029,0.021988
AAAGGCTCTCGCGCCG-1,0.082265,0.826056,0.000058,0.091621
AAAGGGATGTAGCAAG-1,0.027588,0.958515,0.000036,0.013861
AAAGGGCAGCTTGAAT-1,0.886515,0.039324,0.074061,0.000099
AAAGGTAAGCTGTACC-1,0.514054,0.43559,0.050326,0.00003
AAAGGTCAACGACATG-1,0.189891,0.757644,0.04267,0.009796
AAAGTAGCATTGCTCA-1,0.927925,0.045498,0.026524,0.000053
AAAGTCACTGATGTAA-1,0.002125,0.949869,0.000032,0.047974
AAAGTCGACCCTCAGT-1,0.576505,0.122973,0.300465,0.000057
AAAGTGCCATCAATTA-1,0.000056,0.000168,0.594032,0.405744
AAAGTGTGATTTATCT-1,0.136922,0.716901,0.052634,0.093543
AAAGTTGACTCCCGTA-1,0.282032,0.645959,0.000023,0.071986
AAATAACCATACGGGA-1,0.040409,0.880552,0.000031,0.079008
AAATAAGGTAGTGCCC-1,0.004543,0.598777,0.143547,0.253133
AAATACCTATAAGCAT-1,0.392221,0.411641,0.056198,0.139939
AAATAGCTTAGACTTT-1,0.515638,0.454583,0.029756,0.000024
AAATAGGGTGCTATTG-1,0.658173,0.304504,0.037256,0.000067
AAATCACTCCTAAACG-1,0.480382,0.455565,0.049667,0.014386
AAATCCGATACACGCC-1,0.360842,0.50412,0.060184,0.074854
AAATCGCGGAAGGAGT-1,0.03423,0.04952,0.815939,0.100312
AAATCGTGTACCACAA-1,0.258505,0.635488,0.00861,0.097398
AAATCTAGCCCTGCTA-1,0.175204,0.729008,0.000016,0.095772
AAATCTGCCCGCGTCC-1,0.000118,0.000353,0.468532,0.530997
AAATGACTGATCAAAC-1,0.792103,0.182648,0.025169,0.00008
AAATGATTCGATCAGC-1,0.304102,0.427105,0.077777,0.191016
AAATGCTCGTTACGTT-1,0.555999,0.443849,0.000076,0.000076
AAATGGCCCGTGCCCT-1,0.29264,0.346148,0.108832,0.25238
AAATGGTCAATGTGCC-1,0.632595,0.350787,0.000099,0.016519
AAATGTATCTTATCCC-1,0.128321,0.643091,0.055328,0.17326
AAATTAACGGGTAGCT-1,0.120291,0.879577,0.000066,0.000066
AAATTAATAAGCGCGA-1,0.777038,0.162983,0.059951,0.000028
AAATTACACGACTCTG-1,0.210292,0.789605,0.000052,0.000052
AAATTACCTATCGATG-1,0.52431,0.435673,0.036894,0.003123
AAATTCCAGGTCCAAA-1,0.241111,0.493951,0.220003,0.044935
AAATTGATAGTCCTTT-1,0.578768,0.321717,0.015306,0.084209
AAATTGCGGCGGTTCT-1,0.378394,0.522298,0.061953,0.037355
AAATTGGTGAGAAGCA-1,0.195691,0.710431,0.029753,0.064125
AAATTTACCGAAATCC-1,0.249744,0.747413,0.002812,0.000031
AAATTTGCGGGTGTGG-1,0.754901,0.245012,0.000044,0.000044
AACAACTGGTAGTTGC-1,0.170935,0.708739,0.02411,0.096216
AACAATACATTGTCGA-1,0.657247,0.222866,0.025585,0.094301
AACAATTACTCTACGC-1,0.48439,0.293662,0.098297,0.123651
AACACACGCTCGCCGC-1,0.568862,0.284443,0.014927,0.131767
AACACGAGACGCGGCC-1,0.208529,0.79005,0.001399,0.000022
AACACGCGGCCGCGAA-1,0.472971,0.269336,0.000099,0.257594
AACAGCTGTGTGGCAA-1,0.931921,0.000329,0.000055,0.067695
AACAGGATGGGCCGCG-1,0.518306,0.423723,0.057918,0.000054
AACAGGTAGTATGGAT-1,0.400746,0.245172,0.354043,0.000039
AACATAGCGTGTATCG-1,0.67902,0.187563,0.000029,0.133388
AACATATCAACTGGTG-1,0.27309,0.700722,0.026159,0.000029
AACATCGATACGTCTA-1,0.196253,0.761752,0.011088,0.030907
AACATTGAAGTTGATC-1,0.546409,0.277772,0.114937,0.060882
AACATTGGTCAGCCGT-1,0.167836,0.83209,0.000037,0.000037
AACATTGTGACTCGAG-1,0.217761,0.652808,0.039704,0.089727
AACCAAGACTTCTCTG-1,0.692289,0.24831,0.059353,0.000048
AACCAGTATCACTCTT-1,0.304218,0.673778,0.021954,0.000049
AACCATAGGGTTGAAC-1,0.490388,0.052788,0.352265,0.104559
AACCATGGGATCGCTA-1,0.998443,0.001168,0.000195,0.000195
AACCCAGAGACGGAGA-1,0.453612,0.357172,0.034573,0.154644
AACCCATCCCATGATC-1,0.275161,0.574236,0.126672,0.02393
AACCCGACAACCCGTG-1,0.495159,0.476033,0.016962,0.011847
AACCCGAGCAGAATCG-1,0.00003,0.702683,0.216283,0.081004
AACCCGATAGGGCTTC-1,0.060569,0.862364,0.076099,0.000968
AACCCGCTGTATTCCA-1,0.692815,0.166235,0.140873,0.000078
AACCCTACTGTCAATA-1,0.393088,0.604511,0.002377,0.000024
AACCCTGGTGGAACCA-1,0.000065,0.881826,0.079672,0.038437
AACCGAGCTTGGTCAT-1,0.499696,0.353718,0.146438,0.000148
AACCGCTAAGGGATGC-1,0.349252,0.612893,0.037823,0.000031
AACCTAAAGCCGTCCG-1,0.000038,0.997616,0.000019,0.002327
AACCTCGCTTTAGCCC-1,0.064096,0.935509,0.000373,0.000021
AACCTGTCACGGAATT-1,0.003802,0.759517,0.128672,0.108009
AACCTTTAAATACGGT-1,0.695825,0.138533,0.057119,0.108523
AACCTTTACGACGTCT-1,0.000023,0.990412,0.000012,0.009553
AACGAAAGTCGTCCCA-1,0.105056,0.247067,0.626425,0.021452
AACGACCTCCTAGCCG-1,0.284862,0.333002,0.096741,0.285395
AACGATAATGCCGTAG-1,0.00005,0.958481,0.000025,0.041444
AACGATAGAAGGGCCG-1,0.141592,0.858307,0.00005,0.00005
AACGATATGTCAACTG-1,0.13713,0.832346,0.030466,0.000058
AACGCATGATCTGGGT-1,0.001309,0.960847,0.000012,0.037832
AACGCGAACGGCAACA-1,0.142055,0.857882,0.000032,0.000032
AACGCGACCTTGGGCG-1,0.349067,0.497372,0.012491,0.14107
AACGCGGTCTCCAGCC-1,0.000152,0.641725,0.240484,0.117639
AACGCTGTTGCTGAAA-1,0.292054,0.611004,0.037565,0.059377
AACGGACGTACGTATA-1,0.323916,0.611024,0.005147,0.059914
AACGGCCATCTCCGGT-1,0.770027,0.132944,0.003921,0.093109
AACGTACTGTGGGTAC-1,0.619257,0.380636,0.000054,0.000054
AACGTAGTCTACCCAT-1,0.000117,0.9116,0.037212,0.051071
AACGTCAGACTAGTGG-1,0.071324,0.928598,0.000039,0.000039
AACGTCATCCGGCTTG-1,0.945591,0.054212,0.000098,0.000098
AACGTCGCTGCACTTC-1,0.471794,0.237433,0.014788,0.275986
AACGTGATGAAGGACA-1,0.007954,0.574491,0.033818,0.383737
AACGTGCGAAAGTCTC-1,0.000076,0.999848,0.000038,0.000038
AACGTTATCAGCACCT-1,0.585472,0.088262,0.039187,0.287079
AACGTTCTACCATTGT-1,0.708012,0.000861,0.268986,0.02214
AACTACCCGTTTGTCA-1,0.265805,0.4754,0.258761,0.000035
AACTAGCGTATCGCAC-1,0.027911,0.926596,0.018576,0.026917
AACTAGGCTTGGGTGT-1,0.272976,0.694209,0.032734,0.000081
AACTCAAGTTAATTGC-1,0.07345,0.865123,0.025826,0.035601
AACTCCAGAGCGTGTT-1,0.183552,0.799245,0.000022,0.017181
AACTCCTAATCCCATG-1,0.135051,0.832035,0.000024,0.03289
AACTCGATAAACACGT-1,0.033219,0.96675,0.000016,0.000016
AACTCGATGGCGCAGT-1,0.136606,0.863321,0.000036,0.000036
AACTCTCAATAGAGCG-1,0.121106,0.865762,0.006472,0.00666
AACTCTCAGTGTGCTC-1,0.724489,0.000422,0.00007,0.275019
AACTGAGGTCAGCGTC-1,0.320625,0.511251,0.051845,0.116279
AACTGAGTTATACTGA-1,0.047254,0.062351,0.881499,0.008896
AACTGATATTAGGCCT-1,0.028747,0.818131,0.050735,0.102387
AACTGGGTCCCGACGT-1,0.105141,0.811015,0.064678,0.019166
AACTGGGTTCGAGCCG-1,0.243581,0.727192,0.029179,0.000048
AACTGGTGTGGGCCTT-1,0.188921,0.779052,0.000048,0.031978
AACTTCTGCGTCTATC-1,0.450832,0.499548,0.000043,0.049576
AACTTGCCCGTATGCA-1,0.355687,0.482136,0.048935,0.113242
AACTTGCGTTCTCGCG-1,0.439725,0.528007,0.000055,0.032214
AACTTTACGGGAGCTT-1,0.879162,0.000331,0.000055,0.120452
AACTTTAGCTGCTGAG-1,0.022471,0.921599,0.055852,0.000079
AACTTTCTCGATCATG-1,0.123592,0.709975,0.166405,0.000029
AAGAAAGTTTGATGGG-1,0.787818,0.000346,0.191968,0.019868
AAGAAATCACCAGATT-1,0.150213,0.59373,0.168583,0.087474
AAGAAGGATCAGTTAG-1,0.195093,0.804812,0.000047,0.000047
AAGACATACGTGGTTT-1,0.006886,0.393383,0.12165,0.478081
AAGACCAAATAACTCA-1,0.191868,0.185723,0.622357,0.000051
AAGACCCAACTGAACA-1,0.369691,0.576274,0.000049,0.053987
AAGACTAACCCGTTGT-1,0.081485,0.918418,0.000048,0.000048
AAGACTCACGCCCACT-1,0.21127,0.760001,0.009521,0.019207
AAGACTGCAAGCTACT-1,0.397826,0.25562,0.000219,0.346335
AAGAGATGAATCGGTA-1,0.427789,0.470718,0.015453,0.08604
AAGAGCTCTTTATCGG-1,0.000065,0.97682,0.010456,0.012659
AAGAGGATGTACGCGA-1,0.729639,0.250357,0.019951,0.000052
AAGAGGCATGGATCGC-1,0.245524,0.75438,0.000048,0.000048
AAGAGGCCCTTTGGAA-1,0.121713,0.81958,0.052427,0.00628
AAGATGGCACCGGACC-1,0.978338,0.021598,0.000032,0.000032
AAGATTGGCGGAACGT-1,0.070196,0.917358,0.00002,0.012426
AAGCACCCTGCGTATC-1,0.043094,0.9568,0.000053,0.000053
AAGCATACTCTCCTGA-1,0.546877,0.276599,0.07359,0.102933
AAGCCACTTGCAGGTA-1,0.479968,0.305675,0.00003,0.214327
AAGCCGAAGCGGTTTA-1,0.266598,0.616254,0.10063,0.016518
AAGCCGCCGTGAAATC-1,0.050014,0.899974,0.02501,0.025002
AAGCCGCTTTACCTTG-1,0.036324,0.817569,0.08928,0.056827
AAGCCGGAGAGCAGGA-1,0.074186,0.000405,0.918861,0.006548
AAGCGCAGGGCTTTGA-1,0.01964,0.886798,0.019566,0.073996
AAGCGGAGTGCGCGCA-1,0.087801,0.267042,0.377863,0.267293
AAGCGGCGTCATGGGT-1,0.606451,0.362163,0.004379,0.027007
AAGCGTCCCTCATCGA-1,0.221403,0.757086,0.005112,0.016399
AAGCTAGATCGAGTAA-1,0.355106,0.318337,0.010694,0.315863
AAGCTATGGATTGACC-1,0.095588,0.134146,0.453643,0.316622
AAGCTCGTGCCAAGTC-1,0.176438,0.823413,0.000074,0.000074
AAGCTCTTTCATGGTG-1,0.333122,0.655552,0.011265,0.00006
AAGGAGCGGTTGGTGC-1,0.57954,0.420304,0.000078,0.000078
AAGGATCGATCGCTTG-1,0.225424,0.749457,0.025096,0.000023
AAGGATGAGGGACCTC-1,0.207918,0.792025,0.000029,0.000029
AAGGCAGGCTGTCTCC-1,0.383109,0.084139,0.532706,0.000046
AAGGCGCGTAAAGCTT-1,0.080113,0.840014,0.010192,0.069681
AAGGCTGTGCTCATCG-1,0.396505,0.574827,0.00009,0.028578
AAGGGAACGACTGGCT-1,0.5402,0.328257,0.030522,0.101021
AAGGGACAGATTCTGT-1,0.369778,0.622801,0.007399,0.000022
AAGGGACTATGCATTC-1,0.711648,0.045157,0.019804,0.223391
AAGGGTTAGCCATGCG-1,0.88158,0.000524,0.117809,0.000087
AAGGGTTTGATTTCAG-1,0.00011,0.000331,0.796452,0.203107
AAGGTATCCTAATATA-1,0.000051,0.970476,0.000025,0.029448
AAGGTGATAAACCAGC-1,0.274625,0.707933,0.017418,0.000024
AAGTAGAAGACCGGGT-1,0.122111,0.860158,0.000031,0.017701
AAGTAGTGACGCGAGG-1,0.786132,0.178854,0.034937,0.000077
AAGTCAATTGTCGTCA-1,0.375087,0.528858,0.058857,0.037199
AAGTCTAGTAGCTGCC-1,0.000016,0.892922,0.041272,0.06579
AAGTCTTCTGTGGCCT-1,0.702382,0.033925,0.263657,0.000036
AAGTGACGACCGAATT-1,0.234515,0.765435,0.000025,0.000025
AAGTGAGTCGGGTTTA-1,0.135004,0.864932,0.000032,0.000032
AAGTGCAAAGGTAGAC-1,0.721436,0.06467,0.067336,0.146558
AAGTGCCTTGACTGTA-1,0.379906,0.530503,0.04056,0.049032
AAGTGCGTTAGAATCT-1,0.639248,0.300092,0.060616,0.000044
AAGTGCTTCTCTATTG-1,0.253453,0.383604,0.001027,0.361916
AAGTGTTTGGAGACGG-1,0.455411,0.544488,0.000051,0.000051
AAGTTCACTCCAAGCT-1,0.345393,0.538057,0.00004,0.116509
AAGTTCAGTCTGCGTA-1,0.624816,0.291351,0.049022,0.034811
AAGTTCGGCCAACAGG-1,0.509721,0.433647,0.000034,0.056598
AAGTTGTGATGTTATA-1,0.099891,0.734454,0.065842,0.099812
AAGTTTATGGGCCCAA-1,0.26691,0.589604,0.008363,0.135123
AATAACAACGCTCGGC-1,0.295546,0.704407,0.000025,0.000023
AATAACACTAGAACAA-1,0.091464,0.861296,0.000015,0.047225
AATAACGTCGCGCCCA-1,0.758163,0.187692,0.000036,0.05411
AATAAGTCCTCGAGAC-1,0.000066,0.91486,0.055793,0.029281
AATAATCTTCGTATCG-1,0.000044,0.665795,0.322697,0.011464
AATACAATGTTTCAGG-1,0.945597,0.009704,0.010788,0.03391
AATACCGGAGGGCTGT-1,0.597798,0.372019,0.021571,0.008611
AATACCTGATGTGAAC-1,0.501776,0.231366,0.016655,0.250203
AATAGAACAGAGTGGC-1,0.668271,0.293197,0.000085,0.038447
AATAGAATCTGTTTCA-1,0.303455,0.516739,0.00034,0.179465
AATAGCAAGCCTCCTG-1,0.089458,0.907689,0.002833,0.00002
AATAGCTACCGCGTGC-1,0.321384,0.663,0.015596,0.00002
AATAGGCACGACCCTT-1,0.689934,0.310006,0.00003,0.00003
AATAGTCCGTCCCGAC-1,0.000101,0.62981,0.000051,0.370038
AATAGTCGCGAGTCGG-1,0.559221,0.389109,0.046218,0.005452
AATATCAAGGTCGGAT-1,0.568779,0.348421,0.000078,0.082721
AATATCCTAGCAAACT-1,0.000071,0.000213,0.692733,0.306984
AATATCGAATCAATGC-1,0.124121,0.766344,0.107693,0.001842
AATATCGAGGGTTCTC-1,0.567425,0.406834,0.025697,0.000043
AATATTGGAGTATTGA-1,0.388049,0.565343,0.038946,0.007662
AATCAGACTGCAGGAC-1,0.181664,0.815771,0.000035,0.00253
AATCAGGTTTCATTTA-1,0.670514,0.176888,0.043633,0.108965
AATCATGTAAAGACTC-1,0.143937,0.851589,0.000014,0.00446
AATCCAAGGGCCTGAG-1,0.17829,0.82162,0.000045,0.000045
AATCCATGCAAGGGTG-1,0.502461,0.49742,0.000059,0.000059
AATCCCGCTCAGAGCC-1,0.908952,0.086034,0.000071,0.004944
AATCGAGGTCTCAAGG-1,0.334016,0.665926,0.000029,0.000029
AATCGCCTCAGCGCCA-1,0.104806,0.89511,0.000042,0.000042
AATCGCGCAGAGGACT-1,0.666709,0.083112,0.176872,0.073307
AATCGGTATAGCCCTC-1,0.623906,0.00021,0.104196,0.271688
AATCGTGAGCCGAGCA-1,0.355896,0.643964,0.000124,0.000017
AATCTAGGTTTACTTG-1,0.666772,0.000349,0.33282,0.000058
AATCTATGCCGGAGCC-1,0.673937,0.247294,0.041369,0.0374
AATCTCTACTGTGGTT-1,0.456959,0.000538,0.542413,0.00009
AATCTGCGTTGGGACG-1,0.640749,0.19209,0.009689,0.157472
AATCTGGCTTTCTAGT-1,0.40903,0.179506,0.389365,0.022099
AATCTGGGTAGACCCT-1,0.16912,0.775961,0.018716,0.036203
AATGACAGCAATGTCT-1,0.458679,0.523216,0.000041,0.018065
AATGACGTAGGATGTC-1,0.009313,0.961976,0.00003,0.028681
AATGACTGTCAGCCGG-1,0.072386,0.927547,0.000033,0.000033
AATGAGTTCGCATATG-1,0.433255,0.463407,0.000061,0.103276
AATGATGATACGCTAT-1,0.382434,0.563897,0.053643,0.000026
AATGATGCGACTCCTG-1,0.176524,0.807497,0.000024,0.015955
AATGCAACCGGGTACC-1,0.156045,0.818602,0.000041,0.025313
AATGCACCAAGCAATG-1,0.000017,0.948659,0.000008,0.051316
AATGGCCGCCAATGCG-1,0.197702,0.566368,0.195724,0.040206
AATGGTCCACCGTTCA-1,0.75447,0.15629,0.000132,0.089107
AATGGTTCTCACAAGC-1,0.487097,0.512789,0.000057,0.000057
AATGTATGGCACTGTA-1,0.000064,0.431162,0.330024,0.238751
AATGTGCCCGAGGTGT-1,0.322502,0.650082,0.027377,0.000039
AATGTGCTAATCTGAG-1,0.256449,0.679742,0.016411,0.047398
AATGTTAAGACCCTGA-1,0.386655,0.22249,0.000021,0.390833
AATGTTGTCGTGAGAC-1,0.431205,0.396908,0.047322,0.124565
AATTAAAGGTCGGCGT-1,0.234784,0.765071,0.000072,0.000072
AATTAACGGATTTCCA-1,0.150717,0.173552,0.02034,0.655391
AATTACGAGACCCATC-1,0.060711,0.021614,0.917627,0.000048
AATTACTCGTACGCTC-1,0.280494,0.653694,0.028772,0.03704
AATTAGCGCTGCAGCG-1,0.420463,0.487749,0.0917,0.000088
AATTATACCCAGCAAG-1,0.780385,0.037126,0.000028,0.182461
AATTCATAAGGGATCT-1,0.418466,0.579755,0.001741,0.000038
AATTCATTGTCATGCA-1,0.000065,0.116092,0.346066,0.537777
AATTCCAACTTGGTGA-1,0.619841,0.358592,0.004322,0.017246
AATTCCAAGCATGTAC-1,0.134203,0.646491,0.000031,0.219275
AATTCGATTCGAGGAT-1,0.193464,0.734045,0.041711,0.030781
AATTCTAGAGTTAGGC-1,0.292038,0.62087,0.087004,0.000088
AATTGAACGCTCTGGT-1,0.081239,0.857445,0.000035,0.06128
AATTGCAGCAATCGAC-1,0.213187,0.72445,0.041466,0.020897
AATTGCGTGGATTACA-1,0.161674,0.020378,0.679961,0.137986
AATTGTGGTTGCCAAA-1,0.264356,0.331894,0.403731,0.000019
AATTTGGGACATAGTA-1,0.323991,0.675901,0.000054,0.000054
ACAAACCATGCGTCCT-1,0.595709,0.060919,0.041524,0.301848
ACAAACCGACAAGGCG-1,0.341772,0.658138,0.000045,0.000045
ACAAACTCCATCAGAG-1,0.555227,0.418594,0.00002,0.026159
ACAAAGAAGGTAGGCC-1,0.002274,0.12542,0.714139,0.158167
ACAAAGCATGACCTAG-1,0.381286,0.470732,0.07354,0.074443
ACAAATCGCACCGAAT-1,0.103063,0.89689,0.000023,0.000023
ACAAATGGTAGTGTTT-1,0.051288,0.828426,0.000028,0.120257
ACAAATTCAGATCTGA-1,0.300894,0.674795,0.020508,0.003804
ACAACAGCATGAGCTA-1,0.105165,0.794362,0.039867,0.060606
ACAACGGTCCCTGCGA-1,0.581053,0.338233,0.08066,0.000054
ACAAGCAGTGCCTAGC-1,0.572351,0.421775,0.00583,0.000044
ACAAGCTATATGGAAG-1,0.503503,0.107009,0.057748,0.33174
ACAAGGAAATCCGCCC-1,0.21684,0.768059,0.015054,0.000047
ACAAGGACAAGAGGTT-1,0.317719,0.606757,0.057953,0.017571
ACAAGGATGCTTTAGG-1,0.644905,0.292791,0.062269,0.000036
ACAAGGCCTACCAGCC-1,0.117055,0.869366,0.000019,0.01356
ACAAGGGCAGGCTCTG-1,0.000045,0.999909,0.000023,0.000023
ACAAGTAATTGTAAGG-1,0.189655,0.810307,0.000019,0.000019
ACAATAGTCGTACGTT-1,0.473945,0.362609,0.163382,0.000064
ACAATCCATTTAAACC-1,0.619351,0.328045,0.052554,0.000051
ACAATGAATACGGAGA-1,0.668857,0.305451,0.000037,0.025655
ACAATGATTCTTCTAC-1,0.285405,0.499104,0.171348,0.044142
ACAATTGTGTCTCTTT-1,0.085074,0.894181,0.020732,0.000014
ACAATTTAGGAGGCTC-1,0.587297,0.17071,0.135965,0.106027
ACAATTTGAGCAGTGG-1,0.000067,0.999879,0.000027,0.000027
ACAATTTGGCCATATT-1,0.046169,0.013572,0.92026,0.019998
ACACAAAGACGGGTGG-1,0.187639,0.812293,0.000034,0.000034
ACACAAATATTCCTAG-1,0.059732,0.85826,0.081993,0.000015
ACACACCAGGACCAGT-1,0.222428,0.765635,0.000032,0.011906
ACACACTTTCTACACG-1,0.086719,0.785306,0.12616,0.001815
ACACATGATCAAATCT-1,0.336791,0.297044,0.125807,0.240358
ACACATTGACGCAACA-1,0.115472,0.87755,0.00696,0.000018
ACACATTTCCGTAGAC-1,0.000164,0.626184,0.115231,0.25842
ACACCACATAATTAGC-1,0.253514,0.547476,0.166603,0.032408
ACACCCAGCATGCAGC-1,0.117248,0.882661,0.000045,0.000045
ACACCCGAGAAATCCG-1,0.000031,0.953822,0.000015,0.046132
ACACCCGTAAATCTGT-1,0.34969,0.180111,0.072422,0.397777
ACACCGAGCGCTCTTT-1,0.570034,0.297763,0.132167,0.000036
ACACCGGTCTGACCGC-1,0.265701,0.608358,0.000315,0.125627
ACACCTTAAGTAGGGC-1,0.227534,0.676088,0.008154,0.088224
ACACCTTACTACTTGC-1,0.095787,0.847174,0.057021,0.000019
ACACGAGACTCCTTCT-1,0.000101,0.976984,0.022865,0.00005
ACACGGCACTATGCAT-1,0.000069,0.899272,0.07719,0.023469
ACACGGGAACTTAGGG-1,0.223929,0.675025,0.10098,0.000067
ACACGTAGGCCACAAG-1,0.283936,0.287619,0.130186,0.298259
ACACTCCAATGTCACT-1,0.47598,0.523926,0.000047,0.000047
ACACTGATCAAGGTGT-1,0.347945,0.651952,0.000051,0.000051
ACACTGGGACAGTCGT-1,0.036679,0.736166,0.227133,0.000022
ACAGAACTGAGAACAA-1,0.890442,0.0119,0.00005,0.097608
ACAGATTAGGTTAGTG-1,0.000158,0.965015,0.022029,0.012798
ACAGCATAGAGCCAGT-1,0.731777,0.201397,0.066624,0.000203
ACAGCGACATTCTCAT-1,0.388056,0.536715,0.075199,0.00003
ACAGCGCACCCGCAGC-1,0.005381,0.652917,0.160088,0.181614
ACAGGAGGCGCAGCCG-1,0.761025,0.194347,0.000027,0.0446
ACAGGCACGGATCCTT-1,0.402381,0.496931,0.000017,0.100671
ACAGGCTTGCCCGACT-1,0.341456,0.522011,0.006419,0.130114
ACAGGTGGAGGTGAGG-1,0.521352,0.478555,0.000047,0.000047
ACAGGTGTGTTGTTGC-1,0.589885,0.17538,0.181328,0.053407
ACAGTAATACAACTTG-1,0.684576,0.000328,0.315042,0.000055
ACAGTATACCGTGGGA-1,0.431432,0.504664,0.063866,0.000037
ACAGTGCAGCGCATTT-1,0.049335,0.83323,0.011927,0.105508
ACATAAGTCGTGGTGA-1,0.084188,0.116477,0.680069,0.119266
ACATAATAAGGCGGTG-1,0.453919,0.545893,0.000094,0.000094
ACATACAATCAAGCGG-1,0.445198,0.554735,0.000033,0.000033
ACATCAGCTGGGACGC-1,0.856801,0.00093,0.00908,0.133189
ACATCCCGGCCATACG-1,0.011366,0.284669,0.017243,0.686722
ACATCCTGGTAACTGT-1,0.45665,0.415277,0.017277,0.110796
ACATCGATCGTTTACC-1,0.035823,0.931501,0.000052,0.032624
ACATCGCAATATTCGG-1,0.475212,0.524715,0.000036,0.000036
ACATCGGTCAGCCGCG-1,0.084304,0.915643,0.000027,0.000027
ACATCGTATGCAATGG-1,0.023962,0.950232,0.000024,0.025782
ACATCGTTAACCTAGT-1,0.223196,0.684927,0.091806,0.000071
ACATCTCAACGCGTAA-1,0.47065,0.220344,0.04999,0.259017
ACATGCTTACGGCAGC-1,0.351351,0.351983,0.003658,0.293008
ACATGGCGCCAAAGTA-1,0.497855,0.429155,0.072964,0.000025
ACATGGCTCAATTTAG-1,0.361032,0.617621,0.001573,0.019774
ACATTAGTTTATATCC-1,0.085028,0.914825,0.000073,0.000073
ACATTCGCGCGGAATA-1,0.128661,0.463572,0.00018,0.407587
ACATTTGAAACCTAAC-1,0.701964,0.015647,0.021901,0.260488
ACCAAACACCCAGCGA-1,0.261744,0.702402,0.007823,0.028031
ACCAACACCACACACT-1,0.012177,0.987808,0.000008,0.000008
ACCAACCGCACTCCAC-1,0.330505,0.618283,0.051201,0.00001
ACCAACGCTTATTTAT-1,0.188046,0.753136,0.000047,0.058771
ACCAAGAACGCGTGTC-1,0.322723,0.570214,0.003136,0.103927
ACCAAGTCATCGGCAG-1,0.770797,0.19935,0.00028,0.029572
ACCAATATGCAAGTTA-1,0.07857,0.900636,0.000038,0.020756
ACCACAACTCAGAACA-1,0.000037,0.999925,0.000019,0.000019
ACCACAAGTTTCTATC-1,0.112792,0.887102,0.000053,0.000053
ACCACACGGTTGATGG-1,0.456793,0.505826,0.000022,0.037359
ACCACCAATGTAACAA-1,0.003514,0.996469,0.000009,0.000009
ACCACCCTCTCTTCTA-1,0.110538,0.666172,0.14803,0.07526
ACCACGTGCAGCTATA-1,0.002651,0.937771,0.003211,0.056367
ACCACTGTTCAAGAAG-1,0.136294,0.749575,0.028048,0.086083
ACCAGACCATAACAAC-1,0.552013,0.119813,0.111002,0.217171
ACCAGCCCGGTCTTTG-1,0.000063,0.865057,0.089675,0.045205
ACCAGTGCCCGGTCAA-1,0.604803,0.321479,0.073686,0.000032
ACCAGTGCGGGAGACG-1,0.140973,0.766919,0.016342,0.075767
ACCATATCCGCAATAA-1,0.210312,0.701908,0.000053,0.087727
ACCATCCGCCAACTAG-1,0.413366,0.128642,0.457927,0.000064
ACCATCGTATATGGTA-1,0.417262,0.582602,0.000068,0.000068
ACCATTAAGGGTGTCA-1,0.282338,0.540547,0.171108,0.006007
ACCCAACGCCCGTGGC-1,0.565594,0.434278,0.000064,0.000064
ACCCACCTACATGCTC-1,0.418724,0.458889,0.099196,0.02319
ACCCATCTTGAGGGTA-1,0.033328,0.926912,0.037123,0.002637
ACCCATTTGTCCCTCT-1,0.341422,0.577248,0.081297,0.000032
ACCCGAGCGAAATTAC-1,0.818099,0.111201,0.000029,0.070671
ACCCGATTGGTTCCGA-1,0.001767,0.720222,0.000006,0.278004
ACCCGGAAACTCCCAG-1,0.413028,0.404336,0.064461,0.118175
ACCCGGAGCACCACAA-1,0.143814,0.136844,0.719313,0.00003
ACCCGGATGACGCATC-1,0.277609,0.708736,0.013629,0.000027
ACCCGGTTACACTTCC-1,0.342699,0.657179,0.000061,0.000061
ACCCGTAGCAGAGAAT-1,0.519367,0.000307,0.213353,0.266974
ACCCGTAGTCTAGTTG-1,0.414678,0.04718,0.312431,0.225711
ACCCGTGTCATCAGTA-1,0.344224,0.640513,0.000078,0.015184
ACCCTATAGGACTGAG-1,0.070441,0.929488,0.000036,0.000036
ACCCTATGCCATATCG-1,0.000865,0.996686,0.000021,0.002427
ACCCTCCCGTCAGGGC-1,0.394503,0.198845,0.000754,0.405898
ACCCTCCCTTGCTATT-1,0.19645,0.731644,0.006242,0.065664
ACCCTGGTAACGCCCT-1,0.551779,0.335177,0.106312,0.006732
ACCCTTGCCTGGGTCG-1,0.003901,0.841563,0.154523,0.000013
ACCCTTTAGTTCTCCA-1,0.001389,0.972789,0.025791,0.000031
ACCGAAAGGGCCCTGC-1,0.057116,0.942814,0.000035,0.000035
ACCGAAGAGTCTGGTT-1,0.170874,0.244647,0.454291,0.130188
ACCGACACATCTCCCA-1,0.360508,0.459147,0.000146,0.180199
ACCGACTGAGTCCCAC-1,0.517799,0.479918,0.002145,0.000138
ACCGAGTCTCCTTATT-1,0.039499,0.865719,0.00001,0.094772
ACCGATAGGCATAACC-1,0.000025,0.551762,0.210319,0.237894
ACCGATATTTAATCAT-1,0.00005,0.587433,0.283243,0.129274
ACCGATGGTAGCATCG-1,0.622993,0.373104,0.003863,0.00004
ACCGCAATAACTGCCT-1,0.00999,0.970801,0.000022,0.019186
ACCGCGGTGGAAGTCG-1,0.364228,0.588304,0.047443,0.000026
ACCGCTAGTCATTGGT-1,0.828372,0.00039,0.000065,0.171172
ACCGGGCCTTTGTTGA-1,0.38388,0.523856,0.084965,0.007299
ACCGGTCAGGTACACC-1,0.68757,0.159093,0.136909,0.016427
ACCGGTCTGAGTACGG-1,0.149533,0.730756,0.001945,0.117766
ACCGTCCACTGGGCCC-1,0.043399,0.020771,0.674945,0.260885
ACCGTGACCACGTGGG-1,0.733695,0.217701,0.030193,0.018411
ACCTAAGTACCTTTCA-1,0.543961,0.233003,0.00006,0.222976
ACCTAATCGACTTCCT-1,0.495535,0.473932,0.030477,0.000057
ACCTACAGTATGTGGT-1,0.36515,0.441311,0.1935,0.000038
ACCTACTATAAATCTA-1,0.290429,0.570582,0.000027,0.138962
ACCTCAGCGAGGCGCA-1,0.193182,0.806046,0.000386,0.000386
ACCTCCGCCCTCGCTG-1,0.086638,0.669354,0.131653,0.112355
ACCTCCGTTATTCACC-1,0.060552,0.811233,0.098226,0.02999
ACCTCGAACTTATGCT-1,0.337947,0.405584,0.235316,0.021153
ACCTGCGTGTCATGTT-1,0.198223,0.490084,0.126732,0.184961
ACGAAATGGGCGGCAC-1,0.386158,0.593166,0.020644,0.000032
ACGACCCATGAGTTGC-1,0.000064,0.15818,0.841724,0.000032
ACGACTCTAGGGCCGA-1,0.43065,0.535801,0.000011,0.033538
ACGACTGGTCATACTC-1,0.516539,0.323094,0.101881,0.058486
ACGAGAACCCATCACG-1,0.560649,0.221747,0.000121,0.217483
ACGAGATATTTGCTTA-1,0.1898,0.785568,0.000061,0.02457
ACGAGGATACCACTCT-1,0.766797,0.000414,0.089028,0.14376
ACGAGGTTTACAACGT-1,0.491296,0.14657,0.362084,0.00005
ACGAGTACGGATGCCC-1,0.721595,0.23554,0.04281,0.000054
ACGAGTCGCCGGCGTT-1,0.178146,0.716959,0.004219,0.100675
ACGATACATAGAACTA-1,0.001045,0.998891,0.000032,0.000032
ACGATACCTATCCTGA-1,0.609077,0.257862,0.132952,0.000109
ACGATCATACATAGAG-1,0.286444,0.713414,0.000071,0.000071
ACGATCATCTTGTAAA-1,0.252043,0.719605,0.028323,0.000029
ACGATGCATATGTTAT-1,0.31016,0.689738,0.000051,0.000051
ACGATGGATCCGATGC-1,0.000164,0.693249,0.068088,0.238499
ACGCAAACTAATAGAT-1,0.094214,0.87025,0.000017,0.035519
ACGCAATCACTACAGC-1,0.186881,0.752444,0.017021,0.043654
ACGCATAAATGACATG-1,0.338413,0.526834,0.070336,0.064418
ACGCATACGTTTACTA-1,0.416187,0.566649,0.017132,0.000032
ACGCATTCGTGAGTAC-1,0.023596,0.959237,0.017109,0.000058
ACGCCACTCGAAACAG-1,0.25276,0.444537,0.000024,0.302678
ACGCCAGATGATTTCT-1,0.236149,0.685217,0.078539,0.000095
ACGCCAGTGCGTTTGC-1,0.829847,0.053672,0.037952,0.078529
ACGCCCAGCTGTCGAT-1,0.000069,0.908584,0.05066,0.040687
ACGCCGCTAGACGACC-1,0.224483,0.715479,0.059962,0.000076
ACGCCTGACACGCGCT-1,0.584651,0.164546,0.109686,0.141117
ACGCGAAGTCAGACGA-1,0.055695,0.922491,0.021758,0.000056
ACGCGCTACACAGGGT-1,0.266569,0.733378,0.000026,0.000026
ACGCGGGCCAAGGACA-1,0.399805,0.567608,0.032511,0.000076
ACGCGTTTCTTAAGAG-1,0.869531,0.026981,0.092213,0.011276
ACGCTACTGAATGGGC-1,0.137835,0.039185,0.00005,0.82293
ACGCTAGTATCAGTGC-1,0.0638,0.853851,0.007245,0.075104
ACGCTAGTGATACACT-1,0.000715,0.888543,0.000017,0.110725
ACGCTGTGAGGCGTAG-1,0.403359,0.18304,0.413533,0.000068
ACGCTTAGTGTCTCTC-1,0.000054,0.968298,0.000027,0.031621
ACGGAACACGAGTGCC-1,0.300282,0.443619,0.000953,0.255146
ACGGAATTTAGCAAAT-1,0.496896,0.380373,0.000086,0.122645
ACGGACGCAGCGACAA-1,0.199143,0.386594,0.000026,0.414236
ACGGACTCTCAAAGCG-1,0.08426,0.915638,0.000051,0.000051
ACGGAGCGCAAATTAC-1,0.000016,0.930795,0.000008,0.069181
ACGGATGGTGCGGATA-1,0.285528,0.714379,0.000047,0.000047
ACGGCACTTGCTTGGG-1,0.000088,0.944165,0.037823,0.017924
ACGGCCAACATGGACT-1,0.167395,0.813635,0.000047,0.018924
ACGGCGACGATGGGAA-1,0.022988,0.838018,0.138966,0.000028
ACGGCGGGTTGCCCTG-1,0.144488,0.593837,0.000057,0.261618
ACGGCTGGATGTAGAA-1,0.191247,0.33036,0.450121,0.028273
ACGGGAGTGTCGGCCC-1,0.505269,0.467183,0.027512,0.000035
ACGGGCGTATGCGACA-1,0.433141,0.321365,0.245455,0.000039
ACGGGTCATGTGACTT-1,0.321764,0.49191,0.021129,0.165196
ACGGGTTGTGACCTGT-1,0.06319,0.000558,0.430021,0.506231
ACGGTACAGTTCAATG-1,0.496633,0.150683,0.072723,0.279961
ACGGTCACCGAGAACA-1,0.845327,0.036785,0.109771,0.008117
ACGTACTTTGGCACGG-1,0.367196,0.298995,0.005461,0.328348
ACGTAGATTGCTGATG-1,0.582054,0.270585,0.000274,0.147087
ACGTAGGAGAGTCGCT-1,0.011717,0.737874,0.001732,0.248676
ACGTATTACTCCGATC-1,0.135503,0.72426,0.031212,0.109025
ACGTCGGGCAACTCGG-1,0.00009,0.035017,0.687327,0.277566
ACGTCTCGTTCCGGGA-1,0.079268,0.000215,0.719508,0.201009
ACGTGACAAAGTAAGT-1,0.043773,0.000243,0.912596,0.043388
ACGTGCGCCTCGTGCA-1,0.386216,0.549088,0.023965,0.040731
ACGTGGTCGAATGTGC-1,0.386166,0.611792,0.001967,0.000075
ACGTTAATGTCGAAGA-1,0.505056,0.316924,0.177884,0.000136
ACGTTAGATTTGCCCG-1,0.509984,0.47432,0.015632,0.000065
ACGTTATTGGTCACTC-1,0.253493,0.731307,0.015153,0.000046
ACGTTCACTATGCCGC-1,0.868023,0.088968,0.000064,0.042945
ACGTTCCGCGCTCCGT-1,0.408313,0.581859,0.009741,0.000087
ACGTTCGCAATCAATT-1,0.070656,0.734585,0.012468,0.182291
ACGTTCGTTCAGGAAA-1,0.40044,0.599461,0.000049,0.000049
ACGTTCTGTACAAGTC-1,0.535397,0.360868,0.102317,0.001418
ACGTTGTCGTTGAAAG-1,0.733973,0.228287,0.000029,0.037711
ACGTTTCGGTGCACTT-1,0.724164,0.024312,0.215908,0.035617
ACTAAGGACGCACACC-1,0.277744,0.557663,0.164567,0.000026
ACTAATACGTCAGGCG-1,0.304324,0.617755,0.040912,0.037009
ACTACAAAGAGAGGTG-1,0.528359,0.471594,0.000024,0.000024
ACTACATCCCGACAAG-1,0.313396,0.304552,0.21717,0.164882
ACTACCAGCTCTCTGG-1,0.11254,0.841999,0.007687,0.037774
ACTACCATCCGAGGGC-1,0.721134,0.063663,0.003211,0.211992
ACTACGCGTTAGAATT-1,0.105551,0.841707,0.000058,0.052684
ACTAGTTGCGATCGTC-1,0.402157,0.257445,0.075645,0.264753
ACTATATGCTGTGTTC-1,0.462315,0.535838,0.001803,0.000044
ACTATCCAGGGCATGG-1,0.39705,0.592374,0.010553,0.000023
ACTATCGCCGGCTAAA-1,0.368061,0.330222,0.017476,0.284241
ACTATCTGCCCGCGTA-1,0.335274,0.451531,0.213165,0.00003
ACTATGTCCAGCTGCC-1,0.302018,0.587368,0.05777,0.052844
ACTATTCGTCCGTGGT-1,0.556847,0.439071,0.003981,0.000101
ACTATTTCCGGGCCCA-1,0.3814,0.618536,0.000032,0.000032
ACTCAACGAATGTATT-1,0.348088,0.068587,0.000149,0.583176
ACTCAAGTGCAAGGCT-1,0.588373,0.385414,0.02617,0.000043
ACTCAATAAAGGCACG-1,0.30627,0.393595,0.000119,0.300016
ACTCAGACCTGCTTCT-1,0.400382,0.572218,0.000093,0.027306
ACTCATGGCAGCCTTC-1,0.370356,0.292592,0.071122,0.26593
ACTCCAATATCATCAT-1,0.321062,0.39843,0.000025,0.280483
ACTCCCATTCCTAAAG-1,0.795259,0.000391,0.204284,0.000065
ACTCCCGAATTCGTTT-1,0.054223,0.945729,0.000024,0.000024
ACTCCCGTAGACTAGG-1,0.209605,0.523058,0.105505,0.161833
ACTCCCTAATGCTAAA-1,0.442291,0.332468,0.054208,0.171034
ACTCCCTAGAATAGTA-1,0.390293,0.50683,0.102786,0.000091
ACTCCGGCCGACCACT-1,0.740636,0.092947,0.032068,0.134349
ACTCGATGTATTTCAT-1,0.507359,0.492528,0.000056,0.000056
ACTCGCCGTTCGATAA-1,0.117838,0.846101,0.035677,0.000384
ACTCGCGATCTGACGC-1,0.062985,0.273308,0.663655,0.000052
ACTCGTAACCCGTCCT-1,0.337665,0.593194,0.028258,0.040884
ACTCGTCAGTAATCCC-1,0.000062,0.999877,0.000031,0.000031
ACTCTAAACCTGGGAT-1,0.65511,0.151234,0.079585,0.114071
ACTCTCTGACTTAGGT-1,0.00017,0.999744,0.000043,0.000043
ACTCTCTTATACACGA-1,0.042875,0.954744,0.000027,0.002354
ACTCTGACCTAATAGA-1,0.96427,0.000144,0.024652,0.010934
ACTCTTCAGCTCCCGC-1,0.000036,0.475445,0.403218,0.121301
ACTCTTGTATAGTAAC-1,0.491858,0.296213,0.050285,0.161644
ACTGAAACGCCGTTAG-1,0.376293,0.622297,0.001389,0.000021
ACTGAATGGCGAAAGT-1,0.148629,0.810352,0.000027,0.040991
ACTGATTTAGTGATTC-1,0.023902,0.976012,0.000043,0.000043
ACTGCCCGCCATTCTC-1,0.365547,0.451154,0.109293,0.074007
ACTGCCGTCGTAACTC-1,0.00261,0.88796,0.050523,0.058907
ACTGCGGACACACCGT-1,0.310925,0.246944,0.44209,0.000041
ACTGCTCGGAAGGATG-1,0.339589,0.04671,0.613663,0.000038
ACTGGCGAACCTGCGT-1,0.226044,0.648311,0.125619,0.000026
ACTGGGATGCCAGTGC-1,0.115767,0.755421,0.000032,0.12878
ACTGTACGATACACAT-1,0.000052,0.999896,0.000026,0.000026
ACTGTAGCACTTTGGA-1,0.337302,0.62091,0.041716,0.000071
ACTGTATACGCGAGCA-1,0.532638,0.173612,0.033119,0.260631
ACTGTCCAGGATTATA-1,0.163294,0.677833,0.000092,0.158782
ACTGTCTTCTTTAGAA-1,0.237838,0.727577,0.000095,0.034491
ACTGTGCTAGTAGATC-1,0.661953,0.060368,0.000242,0.277437
ACTTACCGGGCGCGCA-1,0.425125,0.57478,0.000054,0.000041
ACTTACGCATCCACGC-1,0.115469,0.839063,0.045401,0.000066
ACTTAGTACGACAAGA-1,0.738409,0.077706,0.000183,0.183702
ACTTATACTTACCCGG-1,0.03041,0.910241,0.039664,0.019684
ACTTATCTGATCTATA-1,0.637575,0.2804,0.035307,0.046718
ACTTATTAGGATCGGT-1,0.049829,0.919326,0.000061,0.030784
ACTTATTTATGTGCCA-1,0.381125,0.457488,0.005316,0.156071
ACTTCAGGCTGATCCC-1,0.09906,0.833561,0.00003,0.067349
ACTTCCAGTGGAAGCT-1,0.000108,0.090862,0.908289,0.000741
ACTTCCATGCGGGACA-1,0.252474,0.676758,0.038391,0.032376
ACTTCCTGTCGTGCGA-1,0.173049,0.524866,0.134729,0.167356
ACTTCGCCATACGCAC-1,0.018514,0.95419,0.027229,0.000067
ACTTCGCTAGCGAGTG-1,0.178283,0.320986,0.50069,0.000041
ACTTGACTCCCTCTTT-1,0.137593,0.68348,0.106321,0.072606
ACTTGCTCTATCTACC-1,0.081597,0.112424,0.644633,0.161346
ACTTGGGACCCGGTGG-1,0.411491,0.588414,0.000047,0.000047
ACTTGGGCTTTCGCCA-1,0.413131,0.586693,0.000088,0.000088
ACTTGTAGTCCCTTCA-1,0.220527,0.200408,0.579002,0.000063
ACTTGTGGATGGAACG-1,0.226854,0.323881,0.40878,0.040485
ACTTGTTACCGGATCA-1,0.101336,0.729336,0.051283,0.118046
ACTTTACCCTCATGAA-1,0.430462,0.467542,0.052881,0.049115
ACTTTATACACCACTT-1,0.626846,0.056183,0.176035,0.140937
ACTTTCCTATAGCTTC-1,0.024647,0.911035,0.00008,0.064239
ACTTTGACTGCATCCT-1,0.430312,0.00055,0.569046,0.000092
ACTTTGGTCGTGCTCC-1,0.270282,0.385995,0.333161,0.010562
ACTTTGTCGACGCACT-1,0.000451,0.779635,0.218744,0.001169
AGAAATTATGACTCGC-1,0.235001,0.497982,0.266996,0.000021
AGAACACGGCGATGGT-1,0.498722,0.000984,0.054324,0.44597
AGAACCCAGCGTGACA-1,0.000072,0.157031,0.740635,0.102261
AGAACCCTCAATTGGG-1,0.092873,0.553511,0.35182,0.001797
AGAACGTGGTACATTC-1,0.159537,0.767636,0.072753,0.000074
AGAACTGTACTTTGTA-1,0.429137,0.570798,0.000032,0.000032
AGAAGAGCGCCGTTCC-1,0.199518,0.769381,0.030868,0.000232
AGAAGGTACACTTCAC-1,0.260027,0.026746,0.453381,0.259846
AGAAGGTTGCCGAATT-1,0.422914,0.576962,0.000062,0.000062
AGAAGGTTGTAGGTCG-1,0.166657,0.781861,0.000023,0.051459
AGAAGTGATTCGTGAT-1,0.767502,0.213114,0.019311,0.000072
AGAATAAATCTTCAGG-1,0.463379,0.065992,0.470569,0.000061
AGAATACAGGCTATCC-1,0.637106,0.26827,0.000022,0.094603
AGAATGCGGGTTCGGA-1,0.023537,0.976447,0.000008,0.000008
AGAATTATGGATTCGA-1,0.217138,0.76245,0.020389,0.000023
AGAATTGTTTGACATA-1,0.06381,0.900811,0.000032,0.035347
AGACAGCTCAGAATCC-1,0.256788,0.634741,0.000289,0.108182
AGACAGGCATCTCAGC-1,0.000051,0.566369,0.433555,0.000026
AGACATAGATCCTTCC-1,0.012545,0.968195,0.000042,0.019217
AGACCAAACCACACCT-1,0.189388,0.00027,0.803767,0.006574
AGACCATGGGATACAA-1,0.280518,0.454148,0.002775,0.262559
AGACCCACCGCTGATC-1,0.000128,0.799186,0.134728,0.065958
AGACCCGCCCTCCTCG-1,0.118188,0.881725,0.000044,0.000044
AGACCGCTCCGCGGTT-1,0.003162,0.575725,0.196895,0.224218
AGACCGGGAAACCCTG-1,0.592226,0.158024,0.249697,0.000053
AGACGAAGTGCCGGTC-1,0.609353,0.368035,0.022579,0.000032
AGACGACGATGCCGCT-1,0.637014,0.3434,0.000031,0.019555
AGACGCCCACTTCGCC-1,0.156335,0.226552,0.617073,0.00004
AGACGGGATTGGTATA-1,0.004248,0.977739,0.017979,0.000034
AGACGGGCCGATTTAA-1,0.005295,0.714371,0.000014,0.28032
AGACTAGCCTTCCAGA-1,0.319658,0.296278,0.01383,0.370234
AGACTGTTACCGGGTC-1,0.229373,0.639924,0.035345,0.095358
AGAGAAACACCAGAAA-1,0.32185,0.596772,0.014988,0.06639
AGAGAACCGTCTAGGA-1,0.33711,0.662822,0.000034,0.000034
AGAGAAGGAGTACAAT-1,0.629636,0.331359,0.011117,0.027888
AGAGATCTCTAAAGCG-1,0.781748,0.127679,0.090517,0.000056
AGAGCAGTTATGAGAC-1,0.61397,0.230362,0.031985,0.123683
AGAGCCGCCGAGATTT-1,0.057297,0.65719,0.237546,0.047967
AGAGCGCTTGTAACGG-1,0.291352,0.600521,0.108105,0.000022
AGAGCGGGCTAATCAT-1,0.845807,0.153676,0.000258,0.000258
AGAGCGTACAAGCTCG-1,0.575102,0.379451,0.045387,0.000059
AGAGCTACGAAAGCAT-1,0.214569,0.769437,0.000028,0.015966
AGAGGCTTCGGAAACC-1,0.267517,0.732456,0.000014,0.000014
AGAGGGACAATTGTCC-1,0.01601,0.961195,0.022786,0.000009
AGAGTAAACTTCACTA-1,0.282714,0.613897,0.103367,0.000022
AGAGTATAGTGTTACG-1,0.00258,0.84436,0.114893,0.038166
AGAGTCTTAATGAAAG-1,0.539577,0.371522,0.088719,0.000182
AGAGTGAACAGACACC-1,0.430473,0.377812,0.081323,0.110392
AGAGTTAGAGACCGAT-1,0.032937,0.881601,0.000015,0.085447
AGAGTTGCAGGCCTCC-1,0.244683,0.711745,0.043551,0.00002
AGATAACTTCAGGGCC-1,0.763012,0.169141,0.000136,0.067711
AGATAATCACACCTAT-1,0.284712,0.660445,0.018561,0.036282
AGATACCAATAGAACC-1,0.223443,0.619097,0.156868,0.000592
AGATACCAGCACTTCA-1,0.001096,0.977798,0.018921,0.002185
AGATACCGGTGTTCAC-1,0.335064,0.590202,0.000048,0.074686
AGATACGACTTCATAT-1,0.561294,0.38503,0.000073,0.053603
AGATACTCAAGATCGA-1,0.262641,0.737272,0.000044,0.000044
AGATATAATACGACTA-1,0.000037,0.978728,0.000019,0.021216
AGATCGTGCATAAGAT-1,0.264118,0.580549,0.03592,0.119413
AGATCTCAGGTGTGAT-1,0.000078,0.999844,0.000039,0.000039
AGATCTGGAGAGGATA-1,0.643441,0.007858,0.063507,0.285194
AGATGACTCGCCCACG-1,0.002419,0.942096,0.000042,0.055442
AGATGAGGGTTGCGAT-1,0.404212,0.581398,0.014361,0.000029
AGATGATGGAGTCTGG-1,0.294267,0.652862,0.006112,0.046759
AGATGCAAGACGTGCA-1,0.881445,0.088819,0.029696,0.00004
AGATGCATCCTGTGTC-1,0.000057,0.129749,0.804063,0.066131
AGATGCTATAACGAGC-1,0.155459,0.797041,0.001326,0.046174
AGATTATAGGACGTTT-1,0.000101,0.999797,0.000051,0.000051
AGATTCAAGCGGGTCG-1,0.000105,0.885975,0.003534,0.110387
AGATTCACAACCGATA-1,0.644327,0.043148,0.312487,0.000037
AGCAAAGGCCGCTAGT-1,0.000044,0.98017,0.000022,0.019764
AGCAACATATCTTATT-1,0.143238,0.712561,0.009833,0.134369
AGCAACCGAAAGTAAT-1,0.445804,0.361159,0.128197,0.06484
AGCACACGTTTAGACT-1,0.174758,0.817053,0.000785,0.007405
AGCACCAGTACTCACG-1,0.417248,0.488875,0.093786,0.000091
AGCACTACCGGCCTGT-1,0.483103,0.377653,0.139193,0.000051
AGCACTACCTCACCAG-1,0.156181,0.824798,0.000028,0.018994
AGCACTTAAGGACGCC-1,0.721574,0.26389,0.014481,0.000055
AGCAGAAGGAGAAAGA-1,0.301672,0.559139,0.103224,0.035965
AGCAGCCAGATGAATA-1,0.122242,0.761676,0.035145,0.080937
AGCAGTCGAAGCATGC-1,0.481777,0.467556,0.00609,0.044577
AGCATATCAATATGCT-1,0.6216,0.346716,0.031643,0.000042
AGCATCATTTCGAAAG-1,0.750876,0.060122,0.144843,0.044159
AGCATCGTCGATAATT-1,0.21065,0.687151,0.00008,0.102119
AGCATTACGAGGCAAG-1,0.014578,0.950481,0.004091,0.03085
AGCCAAGCTTTGTGTC-1,0.033192,0.864407,0.000034,0.102368
AGCCACAGGTTACCCG-1,0.598118,0.26567,0.073624,0.062588
AGCCACTCCCGTGCTT-1,0.000055,0.99989,0.000027,0.000027
AGCCATATAGTATGTG-1,0.221967,0.000494,0.072282,0.705257
AGCCCATACATGTAAG-1,0.414249,0.376904,0.086748,0.1221
AGCCCGCAACAAGCAG-1,0.080528,0.919282,0.000009,0.000181
AGCCCGCACTACAATG-1,0.443989,0.555977,0.000017,0.000017
AGCCCGGCATTAGAGG-1,0.776181,0.02825,0.134845,0.060724
AGCCCGGTAGCCTGTA-1,0.623724,0.376133,0.000071,0.000072
AGCCCTAAGCGAAGTT-1,0.205663,0.728689,0.000108,0.06554
AGCCCTCCCTGGTGGC-1,0.263631,0.646308,0.037715,0.052347
AGCCCTGTCGCACCGT-1,0.056418,0.282598,0.639807,0.021176
AGCCCTTCTAATCCGA-1,0.014528,0.902952,0.082502,0.000018
AGCCCTTGGACATCCC-1,0.004046,0.22828,0.767639,0.000034
AGCCGCAAATTCAAAT-1,0.765763,0.030131,0.0884,0.115706
AGCCGCTTGATTAGCG-1,0.003067,0.917556,0.022918,0.056459
AGCCGTGGCTAAATGT-1,0.5978,0.208256,0.000045,0.193898
AGCCTAATACCCACGT-1,0.564545,0.135522,0.269637,0.030296
AGCCTTAAAGCGGAAG-1,0.541036,0.205564,0.000045,0.253355
AGCCTTGTCACTGATA-1,0.000102,0.000306,0.426774,0.572817
AGCGACAGGAACGGTC-1,0.694776,0.277284,0.000043,0.027896
AGCGACATCCCATTCA-1,0.016964,0.979537,0.000042,0.003458
AGCGACCAACGATATT-1,0.023384,0.952114,0.000045,0.024457
AGCGACTTTGAAGACA-1,0.672093,0.327831,0.000038,0.000038
AGCGAGACGTGAAGGC-1,0.639383,0.230594,0.082058,0.047964
AGCGATGCGCCTAATA-1,0.375154,0.416564,0.208266,0.000017
AGCGCATAATGAATCG-1,0.258786,0.741078,0.000068,0.000068
AGCGCGGGTGCCAATG-1,0.243601,0.756363,0.000018,0.000018
AGCGCTAGAGCGATGT-1,0.000055,0.209348,0.617485,0.173112
AGCGCTTATGGGCAAG-1,0.092785,0.844165,0.03395,0.0291
AGCGGACACTTCGTAG-1,0.67995,0.243444,0.024071,0.052535
AGCGGCGGTTAGCGGT-1,0.41534,0.131232,0.453366,0.000062
AGCGGGAAGGGTCCAT-1,0.222367,0.73982,0.037758,0.000055
AGCGGGTCTGACACTC-1,0.362517,0.030284,0.090289,0.51691
AGCGGTTGAGATGTAC-1,0.311387,0.68294,0.003087,0.002585
AGCGGTTGCCGCTCTG-1,0.00364,0.851559,0.030902,0.113899
AGCGTACGAGAGCTAG-1,0.20781,0.792086,0.000052,0.000052
AGCGTAGCGCTAGACC-1,0.000036,0.999928,0.000018,0.000018
AGCGTCTGAACCCGCA-1,0.479078,0.413122,0.000139,0.107661
AGCGTGGTATTCTACT-1,0.065861,0.741381,0.066224,0.126534
AGCGTTCCGATTTAAA-1,0.357794,0.522328,0.000031,0.119847
AGCTAACAAGCAATGT-1,0.552349,0.33339,0.000028,0.114233
AGCTAAGCTCCGTCCG-1,0.823581,0.156543,0.000026,0.01985
AGCTAAGTACGCAGGC-1,0.791518,0.097051,0.028065,0.083366
AGCTACGAATGGTGGT-1,0.600123,0.396543,0.001667,0.001667
AGCTAGAAGCAGAAGT-1,0.011646,0.966142,0.000016,0.022195
AGCTATTTAATCCAAC-1,0.288765,0.594498,0.116657,0.00008
AGCTCCATATATGTTC-1,0.409025,0.287557,0.23028,0.073139
AGCTCCTTCGCACATC-1,0.478616,0.286935,0.000064,0.234385
AGCTCGTTGATGGAAA-1,0.26203,0.41051,0.230899,0.09656
