Barcode,Topic 1,Topic 2,Topic 3to5,Topic 6,Topic 7to12
AAACAACGAATAGTTC-1,0.000033,0.605915,0.070826,0.000033,0.323192
AAACAAGTATCTCCCA-1,0.000013,0.000013,0.079242,0.108828,0.811904
AAACAATCTACTAGCA-1,0.000017,0.000017,0.000051,0.000017,0.999898
AAACACCAATAACTGC-1,0.000233,0.134337,0.551182,0.218034,0.096213
AAACAGAGCGACTCCT-1,0.000033,0.049847,0.398007,0.025065,0.527048
AAACAGCTTTCAGAAG-1,0.000044,0.000044,0.589279,0.038495,0.372137
AAACAGGGTCTATATT-1,0.000031,0.041938,0.93665,0.021197,0.000184
AAACAGTGTTCCTGGG-1,0.000025,0.016436,0.49069,0.067554,0.425295
AAACATGGTGAGAGGA-1,0.000058,0.052166,0.736948,0.000058,0.21077
AAACATTTCCCGGATT-1,0.000044,0.034365,0.87654,0.000044,0.089007
AAACCACTACACAGAT-1,0.000014,0.000014,0.039314,0.327835,0.632824
AAACCCGAACGAAATC-1,0.000013,0.010804,0.095126,0.053132,0.840925
AAACCGGAAATGTTAA-1,0.000038,0.276355,0.236102,0.316843,0.170661
AAACCGGGTAGGTACC-1,0.000049,0.07514,0.894427,0.022441,0.007943
AAACCGTTCGTCCAGG-1,0.000144,0.109991,0.752297,0.000144,0.137425
AAACCTAAGCAGCCGG-1,0.000092,0.085766,0.913501,0.000092,0.00055
AAACCTCATGAAGTTG-1,0.000012,0.000012,0.034447,0.000012,0.965517
AAACGAAGAACATACC-1,0.000058,0.084069,0.339017,0.173142,0.403714
AAACGAAGATGGAGTA-1,0.000044,0.000044,0.664046,0.079285,0.256583
AAACGACAGTCTTGCC-1,0.000016,0.000016,0.094622,0.313708,0.591638
AAACGAGACGGTTGAT-1,0.000058,0.000058,0.997401,0.000058,0.002426
AAACGCCCGAGATCGG-1,0.000017,0.007763,0.043655,0.352018,0.596548
AAACGCTGGGCACGAC-1,0.000017,0.012074,0.228133,0.003534,0.756241
AAACGGGCGTACGGGT-1,0.000025,0.000025,0.331513,0.345369,0.323068
AAACGGGTTGGTATCC-1,0.000015,0.153235,0.006441,0.631379,0.20893
AAACGGTTGCGAACTG-1,0.000044,0.06876,0.85191,0.063275,0.016011
AAACGTGTTCGCCCTA-1,0.00002,0.009855,0.108846,0.262465,0.618813
AAACTAACGTGGCGAC-1,0.000043,0.104314,0.284389,0.01955,0.591705
AAACTCGGTTCGCAAT-1,0.000035,0.015513,0.321917,0.081742,0.580792
AAACTCGTGATATAAG-1,0.000012,0.000012,0.077616,0.000012,0.922349
AAACTTAATTGCACGC-1,0.000068,0.00584,0.95966,0.034026,0.000406
AAACTTGCAAACGTAT-1,0.000051,0.000051,0.898468,0.000051,0.10138
AAAGAATGACCTTAGA-1,0.000021,0.000021,0.317852,0.176515,0.505591
AAAGAATGTGGACTAA-1,0.000012,0.099866,0.09625,0.683425,0.120447
AAAGACATGAAGTTTA-1,0.000029,0.000029,0.107265,0.449434,0.443245
AAAGACCCAAGTCGCG-1,0.000071,0.000071,0.597367,0.031477,0.371013
AAAGACTGGGCGCTTT-1,0.00002,0.022154,0.35698,0.00002,0.620827
AAAGCTTGCCTACATA-1,0.000021,0.067739,0.057911,0.280192,0.594137
AAAGGCCCTATAATAC-1,0.000021,0.000021,0.27044,0.467768,0.261749
AAAGGCTACGGACCAT-1,0.000064,0.000064,0.997964,0.000064,0.001843
AAAGGCTCTCGCGCCG-1,0.000089,0.000089,0.999197,0.000089,0.000535
AAAGGGATGTAGCAAG-1,0.000046,0.003027,0.701809,0.03535,0.259768
AAAGGGCAGCTTGAAT-1,0.000019,0.00295,0.084394,0.080801,0.831836
AAAGGTAAGCTGTACC-1,0.000077,0.000077,0.787826,0.000077,0.211943
AAAGGTCAACGACATG-1,0.000035,0.061123,0.477514,0.012928,0.4484
AAAGTAGCATTGCTCA-1,0.000061,0.000061,0.96906,0.023372,0.007447
AAAGTCACTGATGTAA-1,0.000046,0.000046,0.496649,0.059202,0.444056
AAAGTCGACCCTCAGT-1,0.000042,0.081655,0.674814,0.000072,0.243417
AAAGTGCCATCAATTA-1,0.00002,0.000022,0.144205,0.300291,0.555462
AAAGTGTGATTTATCT-1,0.000035,0.000035,0.474258,0.016722,0.50895
AAAGTTGACTCCCGTA-1,0.000054,0.017633,0.591214,0.000054,0.391045
AAATAACCATACGGGA-1,0.000076,0.1039,0.772436,0.000076,0.123511
AAATAAGGTAGTGCCC-1,0.000014,0.000014,0.079205,0.007403,0.913365
AAATAGCTTAGACTTT-1,0.000038,0.00464,0.532029,0.000038,0.463256
AAATAGGGTGCTATTG-1,0.000098,0.000098,0.984949,0.000098,0.014758
AAATCACTCCTAAACG-1,0.000017,0.000017,0.142789,0.105376,0.7518
AAATCCGATACACGCC-1,0.000067,0.027376,0.94235,0.000067,0.030139
AAATCGCGGAAGGAGT-1,0.000045,0.000045,0.534602,0.063665,0.401644
AAATCGTGTACCACAA-1,0.000068,0.071117,0.928338,0.000068,0.000409
AAATCTAGCCCTGCTA-1,0.000041,0.000041,0.472306,0.001352,0.526261
AAATCTGCCCGCGTCC-1,0.000057,0.000057,0.501633,0.199336,0.298918
AAATGACTGATCAAAC-1,0.000039,0.000039,0.784739,0.000039,0.215145
AAATGATTCGATCAGC-1,0.000019,0.000019,0.179203,0.008703,0.812056
AAATGCTCGTTACGTT-1,0.000065,0.057044,0.048209,0.202404,0.692279
AAATGGCATGTCTTGT-1,0.000039,0.000039,0.507567,0.069412,0.422944
AAATGGCCCGTGCCCT-1,0.000039,0.003116,0.426224,0.06571,0.50491
AAATGGTCAATGTGCC-1,0.000056,0.000056,0.750437,0.045116,0.204335
AAATGTATCTTATCCC-1,0.000053,0.334917,0.422813,0.051808,0.190409
AAATGTGGGTGCTCCT-1,0.000087,0.033891,0.65768,0.140491,0.16785
AAATTAACGGGTAGCT-1,0.000078,0.000078,0.262463,0.241896,0.495484
AAATTAATAAGCGCGA-1,0.000025,0.021201,0.28207,0.000983,0.69572
AAATTACACGACTCTG-1,0.000121,0.154697,0.844336,0.000121,0.000726
AAATTACCTATCGATG-1,0.000039,0.000039,0.647717,0.076508,0.275696
AAATTCCAGGTCCAAA-1,0.000016,0.000016,0.096722,0.000016,0.90323
AAATTGATAGTCCTTT-1,0.000232,0.000232,0.698699,0.281603,0.019234
AAATTGCGGCGGTTCT-1,0.000017,0.076388,0.010199,0.382797,0.5306
AAATTGGTGAGAAGCA-1,0.000026,0.045181,0.267792,0.127678,0.559323
AAATTTACCGAAATCC-1,0.000131,0.010696,0.806255,0.032763,0.150154
AAATTTGCGGGTGTGG-1,0.000055,0.011489,0.988067,0.000055,0.000333
AACAACTGGTAGTTGC-1,0.000048,0.000048,0.523239,0.025238,0.451427
AACAATACATTGTCGA-1,0.000026,0.000026,0.429011,0.000026,0.570912
AACAATTACTCTACGC-1,0.000065,0.04208,0.605865,0.00082,0.351169
AACACACGCTCGCCGC-1,0.000039,0.005088,0.463016,0.000039,0.531819
AACACGACTGTACTGA-1,0.000054,0.000054,0.350774,0.089406,0.559713
AACACGAGACGCGGCC-1,0.000026,0.000026,0.480428,0.000026,0.519493
AACACGCGGCCGCGAA-1,0.000037,0.062775,0.113991,0.000037,0.82316
AACAGCTGTGTGGCAA-1,0.000039,0.000039,0.87118,0.025612,0.10313
AACAGGAAATCGAATA-1,0.000036,0.000036,0.640566,0.004357,0.355006
AACAGGATGGGCCGCG-1,0.000027,0.000027,0.15727,0.09356,0.749115
AACAGGTAGTATGGAT-1,0.000016,0.028252,0.03374,0.000016,0.937976
AACATAGCGTGTATCG-1,0.000037,0.029386,0.959003,0.011349,0.000224
AACATATCAACTGGTG-1,0.000021,0.000021,0.206417,0.010087,0.783454
AACATCGATACGTCTA-1,0.00002,0.00002,0.104522,0.00002,0.895418
AACATTGAAGTTGATC-1,0.000069,0.054755,0.77246,0.101096,0.07162
AACATTGGTCAGCCGT-1,0.000045,0.709217,0.16521,0.000045,0.125483
AACATTGTGACTCGAG-1,0.000022,0.000022,0.317471,0.000022,0.682462
AACCAAGACTTCTCTG-1,0.000013,0.000013,0.070312,0.006794,0.922868
AACCAGTATCACTCTT-1,0.000185,0.000185,0.395844,0.454598,0.149187
AACCATAGGGTTGAAC-1,0.000029,0.000029,0.354972,0.161997,0.482973
AACCATGGGATCGCTA-1,0.000017,0.03774,0.16739,0.000017,0.794835
AACCCAGAGACGGAGA-1,0.000036,0.041317,0.429078,0.000036,0.529534
AACCCATCCCATGATC-1,0.000061,0.000061,0.512609,0.252094,0.235175
AACCCGACAACCCGTG-1,0.000104,0.000104,0.999062,0.000104,0.000625
AACCCGAGCAGAATCG-1,0.000051,0.023022,0.283984,0.455518,0.237424
AACCCGATAGGGCTTC-1,0.000028,0.012651,0.267478,0.020303,0.69954
AACCCGCTGTATTCCA-1,0.000042,0.02715,0.769143,0.081243,0.122422
AACCCTACTGTCAATA-1,0.000023,0.000023,0.324065,0.00047,0.675419
AACCCTGGTGGAACCA-1,0.000034,0.000034,0.547312,0.016553,0.436068
AACCGAGCTTGGTCAT-1,0.000085,0.053973,0.911016,0.034414,0.000512
AACCGCTAAGGGATGC-1,0.000023,0.000023,0.255569,0.000023,0.744363
AACCGTTGTGTTTGCT-1,0.000032,0.000032,0.282032,0.000032,0.717873
AACCTAAAGCCGTCCG-1,0.000013,0.000013,0.141803,0.225593,0.632577
AACCTCGCTTTAGCCC-1,0.000131,0.078494,0.594754,0.096834,0.229787
AACCTGTCACGGAATT-1,0.000017,0.000017,0.051961,0.000017,0.947988
AACCTTTAAATACGGT-1,0.000083,0.137135,0.859038,0.003248,0.000497
AACCTTTACGACGTCT-1,0.000058,0.000058,0.45051,0.092176,0.457199
AACGAAAGTCGTCCCA-1,0.00003,0.005314,0.58039,0.153916,0.260349
AACGACCTCCTAGCCG-1,0.000027,0.018281,0.601872,0.000027,0.379792
AACGATAATGCCGTAG-1,0.000129,0.043746,0.756709,0.000129,0.199287
AACGATAGAAGGGCCG-1,0.000063,0.024427,0.719081,0.06195,0.194479
AACGATATGTCAACTG-1,0.000042,0.02636,0.461241,0.008609,0.503748
AACGCATGATCTGGGT-1,0.000036,0.000036,0.656532,0.000036,0.343361
AACGCGAACGGCAACA-1,0.000012,0.11102,0.060194,0.066502,0.762272
AACGCGACCTTGGGCG-1,0.000061,0.000402,0.473135,0.357712,0.168689
AACGCGGTCTCCAGCC-1,0.000032,0.00849,0.443648,0.06304,0.48479
AACGCTGTTGCTGAAA-1,0.000015,0.000015,0.029667,0.000015,0.970287
AACGGACGTACGTATA-1,0.000052,0.000052,0.826061,0.000052,0.173783
AACGGCCATCTCCGGT-1,0.000033,0.000033,0.498192,0.006687,0.495055
AACGTACTGTGGGTAC-1,0.000042,0.03036,0.635041,0.081715,0.252842
AACGTAGTCTACCCAT-1,0.000115,0.000115,0.162029,0.026928,0.810814
AACGTCAGACTAGTGG-1,0.000052,0.000052,0.223993,0.000052,0.775852
AACGTCATCCGGCTTG-1,0.000009,0.000009,0.105785,0.126133,0.768065
AACGTCGCTGCACTTC-1,0.000037,0.047155,0.735656,0.122869,0.094283
AACGTGATGAAGGACA-1,0.00005,0.071424,0.644497,0.014384,0.269645
AACGTGCGAAAGTCTC-1,0.000106,0.035588,0.642991,0.000106,0.321209
AACGTTATCAGCACCT-1,0.000021,0.035897,0.069608,0.149629,0.744845
AACGTTCTACCATTGT-1,0.000017,0.009495,0.249547,0.035697,0.705243
AACTACCCGTTTGTCA-1,0.000008,0.000008,0.007113,0.00522,0.987651
AACTAGCGTATCGCAC-1,0.000055,0.173681,0.180065,0.168296,0.477903
AACTAGGCTTGGGTGT-1,0.000087,0.006132,0.993174,0.000087,0.000521
AACTCAAGTTAATTGC-1,0.000055,0.000055,0.944063,0.000055,0.055773
AACTCCAGAGCGTGTT-1,0.000026,0.000026,0.39769,0.000026,0.602234
AACTCCTAATCCCATG-1,0.000098,0.000098,0.961383,0.000098,0.038322
AACTCGATAAACACGT-1,0.000031,0.633908,0.18805,0.000031,0.177981
AACTCGATGGCGCAGT-1,0.000046,0.076395,0.479884,0.000046,0.443629
AACTCTCAATAGAGCG-1,0.000044,0.090271,0.877047,0.000044,0.032594
AACTCTCAGTGTGCTC-1,0.000159,0.067996,0.855111,0.075781,0.000952
AACTGAGGTCAGCGTC-1,0.00003,0.00003,0.057213,0.06103,0.881697
AACTGAGTTATACTGA-1,0.000019,0.033765,0.000058,0.878821,0.087337
AACTGATATTAGGCCT-1,0.000046,0.000046,0.850184,0.00972,0.140004
AACTGGGTCCCGACGT-1,0.00006,0.00006,0.84315,0.00006,0.156671
AACTGGGTTCGAGCCG-1,0.000078,0.031317,0.765771,0.000078,0.202755
AACTGGTGTGGGCCTT-1,0.000026,0.000026,0.094807,0.041746,0.863394
AACTTCTGCGTCTATC-1,0.000082,0.151098,0.710278,0.000082,0.138459
AACTTGCCCGTATGCA-1,0.000066,0.065939,0.538884,0.000066,0.395045
AACTTGCGTTCTCGCG-1,0.000074,0.02209,0.580724,0.065312,0.331801
AACTTTACGGGAGCTT-1,0.00004,0.00004,0.340512,0.00004,0.659369
AACTTTAGCTGCTGAG-1,0.000057,0.000057,0.266506,0.205499,0.527882
AACTTTCTCGATCATG-1,0.000024,0.000024,0.170724,0.000024,0.829205
AAGAAAGTTTGATGGG-1,0.000038,0.125173,0.606833,0.267731,0.000226
AAGAAATCACCAGATT-1,0.000031,0.011806,0.434199,0.229034,0.324931
AAGAAGGATCAGTTAG-1,0.000015,0.063817,0.130934,0.029403,0.775831
AAGACATACGTGGTTT-1,0.000017,0.005673,0.283021,0.38797,0.323321
AAGACCAAATAACTCA-1,0.000018,0.000018,0.343557,0.053352,0.603055
AAGACCCAACTGAACA-1,0.000052,0.005347,0.575325,0.087852,0.331425
AAGACTAACCCGTTGT-1,0.000021,0.002104,0.02289,0.212302,0.762683
AAGACTCACGCCCACT-1,0.000093,0.026975,0.354545,0.46541,0.152976
AAGACTGCAAGCTACT-1,0.000021,0.0491,0.473314,0.011552,0.466012
AAGAGATGAATCGGTA-1,0.000038,0.000038,0.330686,0.000038,0.669201
AAGAGCTCTTTATCGG-1,0.000175,0.010237,0.966096,0.000175,0.023317
AAGAGGATGTACGCGA-1,0.000062,0.004226,0.740041,0.000062,0.255608
AAGAGGCATGGATCGC-1,0.000019,0.000019,0.256219,0.081961,0.661782
AAGAGGCCCTTTGGAA-1,0.000051,0.061089,0.477663,0.244221,0.216976
AAGATGGCACCGGACC-1,0.000071,0.000071,0.795124,0.032093,0.172641
AAGATTGGCGGAACGT-1,0.000016,0.000016,0.070417,0.000016,0.929534
AAGCACCCTGCGTATC-1,0.000124,0.0518,0.94721,0.000124,0.000743
AAGCATACTCTCCTGA-1,0.000153,0.10105,0.756642,0.000153,0.142002
AAGCCACTTGCAGGTA-1,0.000035,0.000035,0.518052,0.481672,0.000207
AAGCCGAAGCGGTTTA-1,0.00006,0.050836,0.336532,0.00006,0.612511
AAGCCGCCGTGAAATC-1,0.000013,0.000013,0.078,0.1506,0.771375
AAGCCGCTTTACCTTG-1,0.000016,0.014214,0.047439,0.390703,0.547629
AAGCCGGAGAGCAGGA-1,0.000042,0.052025,0.30161,0.082008,0.564315
AAGCGCAGGGCTTTGA-1,0.000029,0.001716,0.414541,0.0159,0.567815
AAGCGGAGTGCGCGCA-1,0.000029,0.050812,0.492055,0.223104,0.234
AAGCGGCGTCATGGGT-1,0.000036,0.000036,0.235078,0.038657,0.726194
AAGCGTCCCTCATCGA-1,0.000115,0.256253,0.589934,0.153005,0.000693
AAGCTATGGATTGACC-1,0.000024,0.006832,0.270001,0.723001,0.000143
AAGCTCGTGCCAAGTC-1,0.000029,0.00698,0.437464,0.019305,0.536223
AAGCTCTTTCATGGTG-1,0.000118,0.000118,0.998938,0.000118,0.000708
AAGGAGAACTTATAAG-1,0.000031,0.104482,0.134685,0.027183,0.733619
AAGGAGCGGTTGGTGC-1,0.000051,0.000051,0.579574,0.000051,0.420271
AAGGATCGATCGCTTG-1,0.000019,0.000019,0.180191,0.013876,0.805896
AAGGATGAGGGACCTC-1,0.000036,0.000036,0.640283,0.000036,0.359608
AAGGCAGGCTGTCTCC-1,0.000022,0.000022,0.172055,0.000022,0.827878
AAGGCGCGTAAAGCTT-1,0.00003,0.00003,0.310033,0.00003,0.689875
AAGGCTGTGCTCATCG-1,0.000049,0.025602,0.553584,0.133104,0.287661
AAGGGAACGACTGGCT-1,0.00005,0.110869,0.791372,0.097408,0.000301
AAGGGACAGATTCTGT-1,0.000055,0.041999,0.717403,0.078839,0.161704
AAGGGACTATGCATTC-1,0.000101,0.039482,0.926027,0.033787,0.000603
AAGGGTTAGCCATGCG-1,0.000015,0.000015,0.214531,0.000015,0.785424
AAGGGTTTGATTTCAG-1,0.00004,0.00004,0.602581,0.00004,0.397298
AAGGTATCCTAATATA-1,0.000051,0.013389,0.931532,0.000051,0.054978
AAGGTGATAAACCAGC-1,0.000044,0.055579,0.366838,0.066235,0.511305
AAGTAAGCTTCCAAAC-1,0.000046,0.044292,0.117044,0.07696,0.761657
AAGTAGAAGACCGGGT-1,0.000049,0.010284,0.57957,0.017042,0.393055
AAGTAGTGACGCGAGG-1,0.000044,0.051283,0.725898,0.031824,0.190951
AAGTCAATTGTCGTCA-1,0.00003,0.00003,0.362733,0.00003,0.637176
AAGTCTAGTAGCTGCC-1,0.000036,0.01355,0.273197,0.10106,0.612157
AAGTCTTCTGTGGCCT-1,0.000085,0.064693,0.57782,0.000085,0.357317
AAGTGACGACCGAATT-1,0.000063,0.000063,0.702031,0.22864,0.069204
AAGTGAGTCGGGTTTA-1,0.000071,0.000071,0.873059,0.126374,0.000425
AAGTGCAAAGGTAGAC-1,0.000028,0.000028,0.203143,0.007465,0.789337
AAGTGCCTTGACTGTA-1,0.000039,0.000039,0.240861,0.076417,0.682643
AAGTGCGTTAGAATCT-1,0.000069,0.002884,0.652227,0.154561,0.190259
AAGTGCTTCTCTATTG-1,0.000098,0.122136,0.782231,0.094945,0.00059
AAGTGTTTGGAGACGG-1,0.000075,0.000075,0.999328,0.000075,0.000448
AAGTTCACTCCAAGCT-1,0.000026,0.000026,0.100928,0.075446,0.823575
AAGTTCAGTCTGCGTA-1,0.000047,0.005333,0.562516,0.000047,0.432057
AAGTTCGGCCAACAGG-1,0.000045,0.011318,0.704355,0.245504,0.038777
AAGTTGTGATGTTATA-1,0.000053,0.000053,0.757539,0.000053,0.242302
AAGTTTACTAATGGCA-1,0.000074,0.027143,0.480972,0.000074,0.491737
AAGTTTATGGGCCCAA-1,0.000023,0.000077,0.372192,0.000023,0.627685
AATAACAACGCTCGGC-1,0.000049,0.000049,0.7079,0.000049,0.291952
AATAACACTAGAACAA-1,0.00006,0.062425,0.379174,0.378656,0.179684
AATAACGTCGCGCCCA-1,0.000017,0.019027,0.224562,0.524515,0.231879
AATAAGTCCTCGAGAC-1,0.00005,0.00005,0.358952,0.188265,0.452683
AATAATCTTCGTATCG-1,0.000015,0.207535,0.084735,0.323319,0.384396
AATACAATGTTTCAGG-1,0.000038,0.010964,0.150413,0.000038,0.838548
AATACCGGAGGGCTGT-1,0.00006,0.029145,0.934758,0.00006,0.035976
AATACCTGATGTGAAC-1,0.000043,0.015049,0.914104,0.000043,0.070761
AATAGAACAGAGTGGC-1,0.00012,0.071669,0.927375,0.00012,0.000717
AATAGAATCTGTTTCA-1,0.00002,0.00002,0.118618,0.000357,0.880985
AATAGCAAGCCTCCTG-1,0.000048,0.022354,0.671124,0.058126,0.248347
AATAGCTACCGCGTGC-1,0.000024,0.000024,0.33861,0.008279,0.653064
AATAGGCACGACCCTT-1,0.000029,0.012962,0.70192,0.066532,0.218556
AATAGTCCGTCCCGAC-1,0.000033,0.000529,0.320404,0.124786,0.554248
AATAGTCGCGAGTCGG-1,0.000036,0.065234,0.363014,0.000036,0.571679
AATATCAAGGTCGGAT-1,0.000049,0.07327,0.365909,0.000049,0.560723
AATATCCTAGCAAACT-1,0.000041,0.000041,0.347026,0.090243,0.562648
AATATCGAATCAATGC-1,0.00003,0.00003,0.251821,0.076696,0.671424
AATATCGAGGGTTCTC-1,0.000015,0.000015,0.124849,0.000015,0.875105
AATATTGGAGTATTGA-1,0.000067,0.003744,0.349138,0.090496,0.556555
AATCAGACTGCAGGAC-1,0.000105,0.202577,0.09242,0.126181,0.578717
AATCAGGTTTCATTTA-1,0.000086,0.000086,0.767526,0.231784,0.000518
AATCATGTAAAGACTC-1,0.000046,0.000046,0.605759,0.000046,0.394104
AATCCAAGGGCCTGAG-1,0.000017,0.000017,0.331095,0.021875,0.646996
AATCCATGCAAGGGTG-1,0.000019,0.000019,0.056995,0.000019,0.942947
AATCCCGCTCAGAGCC-1,0.000037,0.000037,0.783355,0.028641,0.187929
AATCGAGGTCTCAAGG-1,0.000023,0.0277,0.568403,0.108519,0.295355
AATCGCCTCAGCGCCA-1,0.000068,0.000068,0.975953,0.000068,0.023844
AATCGCGCAGAGGACT-1,0.000019,0.027932,0.2226,0.000019,0.749429
AATCGGGACACTACGA-1,0.000042,0.000042,0.30129,0.000042,0.698583
AATCGGTATAGCCCTC-1,0.000046,0.008707,0.733511,0.000046,0.257689
AATCGTGAGCCGAGCA-1,0.000256,0.000256,0.7872,0.082997,0.129292
AATCTAGGTTTACTTG-1,0.000123,0.000123,0.95662,0.042397,0.000737
AATCTATGCCGGAGCC-1,0.000034,0.000034,0.289736,0.000034,0.710161
AATCTCTACTGTGGTT-1,0.000067,0.000067,0.209095,0.159789,0.630982
AATCTGCGTTGGGACG-1,0.000059,0.000059,0.760919,0.000059,0.238903
AATCTGGCTTTCTAGT-1,0.000132,0.000132,0.594508,0.249886,0.155342
AATCTGGGTAGACCCT-1,0.000264,0.03649,0.553131,0.408534,0.001582
AATGACAGCAATGTCT-1,0.000048,0.004202,0.870101,0.000048,0.1256
AATGACGTAGGATGTC-1,0.000055,0.000055,0.895144,0.012861,0.091885
AATGACTGTCAGCCGG-1,0.000015,0.000015,0.050175,0.015703,0.934093
AATGAGTTCGCATATG-1,0.000026,0.000026,0.048101,0.000026,0.951821
AATGATGATACGCTAT-1,0.00005,0.00005,0.772701,0.00005,0.22715
AATGATGCGACTCCTG-1,0.000024,0.012587,0.274626,0.025416,0.687346
AATGCAACCGGGTACC-1,0.000047,0.000047,0.787844,0.000047,0.212017
AATGCACCAAGCAATG-1,0.000018,0.000018,0.119719,0.016126,0.864118
AATGGCCGCCAATGCG-1,0.000034,0.000034,0.264391,0.000034,0.735507
AATGGTCCACCGTTCA-1,0.000046,0.000046,0.526787,0.000046,0.473076
AATGGTTCTCACAAGC-1,0.000038,0.000038,0.528122,0.108271,0.363532
AATGTATGGCACTGTA-1,0.000033,0.000033,0.420467,0.380981,0.198487
AATGTGCCCGAGGTGT-1,0.000178,0.069205,0.800615,0.030841,0.099161
AATGTGCTAATCTGAG-1,0.00007,0.02125,0.957026,0.00007,0.021584
AATGTTAAGACCCTGA-1,0.000016,0.006188,0.16617,0.225685,0.601941
AATGTTGTCGTGAGAC-1,0.000013,0.000013,0.083052,0.000013,0.916909
AATTAAAGGTCGGCGT-1,0.00005,0.00005,0.534763,0.015755,0.449383
AATTAACGGATTTCCA-1,0.000062,0.000062,0.893036,0.000062,0.106777
AATTACGAGACCCATC-1,0.00007,0.00007,0.733176,0.112284,0.154401
AATTACTCGTACGCTC-1,0.000035,0.325061,0.172527,0.000035,0.502342
AATTAGCGCTGCAGCG-1,0.000126,0.125273,0.873715,0.000126,0.000759
AATTATACCCAGCAAG-1,0.000088,0.145257,0.833677,0.020449,0.00053
AATTCATAAGGGATCT-1,0.000051,0.000051,0.790618,0.000051,0.209228
AATTCATTGTCATGCA-1,0.000073,0.004661,0.585724,0.386442,0.023101
AATTCCAACTTGGTGA-1,0.00006,0.864517,0.110562,0.00006,0.024801
AATTCCAAGCATGTAC-1,0.00004,0.011275,0.503062,0.028048,0.457575
AATTCGATTCGAGGAT-1,0.000046,0.016762,0.672968,0.000046,0.310178
AATTCTAGAGTTAGGC-1,0.000184,0.000184,0.876856,0.096858,0.025919
AATTGAACGCTCTGGT-1,0.000033,0.000033,0.428542,0.088394,0.482998
AATTGCAGCAATCGAC-1,0.000023,0.000023,0.428017,0.0268,0.545137
AATTGCGTGGATTACA-1,0.000026,0.000026,0.330519,0.058202,0.611227
AATTGTGGTTGCCAAA-1,0.00001,0.011671,0.166563,0.09241,0.729347
AATTTGGGACATAGTA-1,0.00013,0.019904,0.839262,0.00013,0.140574
AATTTGGTTCCAAAGA-1,0.00002,0.03922,0.090569,0.136092,0.734099
ACAAACCATGCGTCCT-1,0.000073,0.038467,0.888266,0.072753,0.000441
ACAAACCGACAAGGCG-1,0.000061,0.021103,0.627304,0.227509,0.124023
ACAAACTCCATCAGAG-1,0.000012,0.000012,0.044705,0.356816,0.598455
ACAAAGAAGGTAGGCC-1,0.000035,0.002221,0.216958,0.321639,0.459147
ACAAAGCATGACCTAG-1,0.000038,0.000038,0.944065,0.000038,0.055821
ACAAATCGCACCGAAT-1,0.000033,0.000033,0.457135,0.000033,0.542765
ACAAATGGTAGTGTTT-1,0.000014,0.000014,0.277078,0.011216,0.711677
ACAAATTCAGATCTGA-1,0.000032,0.000032,0.048692,0.288646,0.662597
ACAACAGCATGAGCTA-1,0.000026,0.042633,0.447013,0.000305,0.510024
ACAACGGTCCCTGCGA-1,0.000077,0.046189,0.269818,0.176947,0.506969
ACAAGCAGTGCCTAGC-1,0.000051,0.000341,0.551415,0.000051,0.448141
ACAAGCTATATGGAAG-1,0.000026,0.000026,0.090454,0.000026,0.909468
ACAAGGAAATCCGCCC-1,0.000071,0.02227,0.977162,0.000071,0.000426
ACAAGGACAAGAGGTT-1,0.000011,0.000011,0.11606,0.105596,0.778321
ACAAGGATGCTTTAGG-1,0.000031,0.000031,0.304192,0.028623,0.667124
ACAAGGCCTACCAGCC-1,0.000026,0.000026,0.176822,0.320342,0.502785
ACAAGGGCAGGCTCTG-1,0.000032,0.037629,0.738532,0.000032,0.223774
ACAAGTAATTGTAAGG-1,0.000024,0.05316,0.373986,0.104634,0.468196
ACAATAGTCGTACGTT-1,0.000046,0.033524,0.781122,0.069052,0.116255
ACAATCCATTTAAACC-1,0.000041,0.080179,0.503589,0.038743,0.377449
ACAATCGATCTTTATA-1,0.000025,0.000025,0.018863,0.212119,0.768968
ACAATGAATACGGAGA-1,0.00004,0.092661,0.378289,0.095595,0.433415
ACAATGATTCTTCTAC-1,0.000051,0.000051,0.441189,0.014329,0.54438
ACAATTGTGTCTCTTT-1,0.000083,0.000083,0.649306,0.000083,0.350446
ACAATTTAGGAGGCTC-1,0.000039,0.030065,0.329064,0.094135,0.546698
ACAATTTGAGCAGTGG-1,0.000031,0.000031,0.19132,0.219389,0.589229
ACAATTTGGCCATATT-1,0.000012,0.005328,0.004553,0.191621,0.798486
ACACAAAGACGGGTGG-1,0.000018,0.000018,0.088183,0.020027,0.891753
ACACAAATATTCCTAG-1,0.000025,0.004746,0.417249,0.000025,0.577955
ACACACCAGGACCAGT-1,0.000046,0.000046,0.664202,0.000046,0.335659
ACACACTTTCTACACG-1,0.000059,0.000059,0.600043,0.279204,0.120634
ACACATGATCAAATCT-1,0.000154,0.120816,0.877954,0.000154,0.000923
ACACATTGACGCAACA-1,0.000077,0.780211,0.081793,0.023619,0.1143
ACACATTTCCGTAGAC-1,0.000037,0.027436,0.645002,0.000037,0.327488
ACACCACATAATTAGC-1,0.00003,0.00003,0.173944,0.006694,0.819303
ACACCCAGCATGCAGC-1,0.000037,0.000037,0.319985,0.000037,0.679904
ACACCCGAGAAATCCG-1,0.000054,0.000054,0.48147,0.0765,0.441922
ACACCCGTAAATCTGT-1,0.000036,0.047984,0.198498,0.74311,0.010373
ACACCGAGCGCTCTTT-1,0.000072,0.749285,0.222837,0.000072,0.027734
ACACCGGTCTGACCGC-1,0.000073,0.11002,0.889394,0.000073,0.00044
ACACCTTAAGTAGGGC-1,0.000034,0.003885,0.641116,0.000034,0.354932
ACACCTTACTACTTGC-1,0.000023,0.000023,0.238322,0.003306,0.758325
ACACGAGACTCCTTCT-1,0.000045,0.015532,0.60136,0.082861,0.300202
ACACGGCACTATGCAT-1,0.000027,0.000027,0.122163,0.112809,0.764974
ACACGGGAACTTAGGG-1,0.000104,0.061372,0.8682,0.069703,0.000621
ACACGTAGGCCACAAG-1,0.000036,0.001716,0.39454,0.000036,0.603671
ACACTCCAATGTCACT-1,0.000035,0.000035,0.197354,0.000035,0.80254
ACACTGATCAAGGTGT-1,0.000139,0.000139,0.998748,0.000139,0.000835
ACACTGGGACAGTCGT-1,0.000022,0.024601,0.334173,0.024207,0.616996
ACAGAACTGAGAACAA-1,0.00005,0.040174,0.782546,0.138021,0.039209
ACAGATTAGGTTAGTG-1,0.00003,0.013108,0.133072,0.01597,0.83782
ACAGCATAGAGCCAGT-1,0.00003,0.00003,0.061984,0.10332,0.834636
ACAGCGACATTCTCAT-1,0.000046,0.000046,0.617048,0.000046,0.382815
ACAGCGCACCCGCAGC-1,0.000055,0.01863,0.942085,0.0389,0.00033
ACAGGCACGGATCCTT-1,0.000039,0.024906,0.752842,0.013045,0.209167
ACAGGCTTGCCCGACT-1,0.000056,0.036504,0.943748,0.000056,0.019636
ACAGGTGGAGGTGAGG-1,0.000088,0.081325,0.91797,0.000088,0.000529
ACAGGTGTGTTGTTGC-1,0.000055,0.053313,0.488014,0.000055,0.458563
ACAGTAATACAACTTG-1,0.000029,0.000029,0.536627,0.17843,0.284885
ACAGTATACCGTGGGA-1,0.000064,0.027583,0.418379,0.000064,0.55391
ACAGTGCAGCGCATTT-1,0.000029,0.000029,0.166756,0.69935,0.133836
ACATAAGTCGTGGTGA-1,0.000104,0.000104,0.999065,0.000104,0.000623
ACATAATAAGGCGGTG-1,0.000049,0.000049,0.722291,0.000049,0.277561
ACATACAATCAAGCGG-1,0.000022,0.003928,0.649298,0.014185,0.332567
ACATCAGCTGGGACGC-1,0.000017,0.000017,0.139462,0.000017,0.860488
ACATCCCGGCCATACG-1,0.000061,0.106167,0.893347,0.000061,0.000365
ACATCCTGGTAACTGT-1,0.000028,0.006347,0.263534,0.006477,0.723614
ACATCGATCGTTTACC-1,0.000085,0.022328,0.97699,0.000085,0.000511
ACATCGCAATATTCGG-1,0.000016,0.005365,0.297347,0.095644,0.601628
ACATCGGTCAGCCGCG-1,0.000057,0.014334,0.692396,0.109747,0.183467
ACATCGTATGCAATGG-1,0.000043,0.000043,0.482119,0.030746,0.487048
ACATCGTTAACCTAGT-1,0.000043,0.000043,0.376877,0.053168,0.569869
ACATCTCAACGCGTAA-1,0.000039,0.000039,0.155549,0.070902,0.773471
ACATGCTTACGGCAGC-1,0.000054,0.045233,0.825889,0.000054,0.12877
ACATGGCGCCAAAGTA-1,0.000029,0.000029,0.351664,0.000029,0.648247
ACATGGCTCAATTTAG-1,0.000062,0.371405,0.328624,0.000062,0.299846
ACATTAGTTTATATCC-1,0.000072,0.107204,0.892204,0.000084,0.000435
ACATTCGCGCGGAATA-1,0.000026,0.028786,0.223124,0.743245,0.00482
ACATTTGAAACCTAAC-1,0.000021,0.064955,0.18612,0.152356,0.596548
ACCAAACACCCAGCGA-1,0.000028,0.000028,0.174325,0.016432,0.809188
ACCAAACTAGAAATCC-1,0.000081,0.089826,0.418104,0.052401,0.439589
ACCAACACCACACACT-1,0.000038,0.006143,0.795035,0.028532,0.170252
ACCAACCGCACTCCAC-1,0.000011,0.000011,0.019799,0.002516,0.977664
ACCAACGCTTATTTAT-1,0.000097,0.000097,0.999128,0.000097,0.000581
ACCAAGAACGCGTGTC-1,0.000014,0.000014,0.016087,0.083361,0.900523
ACCAAGTCATCGGCAG-1,0.000033,0.057222,0.534137,0.087334,0.321274
ACCAATATGCAAGTTA-1,0.00015,0.027857,0.970941,0.00015,0.000901
ACCACAACTCAGAACA-1,0.000019,0.000019,0.0189,0.413051,0.568011
ACCACAAGTTTCTATC-1,0.000037,0.000037,0.578734,0.000037,0.421154
ACCACACGGTTGATGG-1,0.000012,0.000012,0.035811,0.069075,0.89509
ACCACCAATGTAACAA-1,0.000018,0.000018,0.212165,0.173417,0.614382
ACCACCCTCTCTTCTA-1,0.000026,0.017492,0.171108,0.07385,0.737524
ACCACGTGCAGCTATA-1,0.000073,0.035798,0.963619,0.000073,0.000437
ACCACTGTTCAAGAAG-1,0.000065,0.712461,0.192233,0.000065,0.095175
ACCAGACCATAACAAC-1,0.000034,0.077299,0.663745,0.012568,0.246353
ACCAGCCCGGTCTTTG-1,0.000034,0.000034,0.116889,0.000034,0.88301
ACCAGGAGTGTGATCT-1,0.000117,0.000117,0.452577,0.000117,0.547071
ACCAGTGCCCGGTCAA-1,0.000069,0.000069,0.563089,0.000069,0.436705
ACCAGTGCGGGAGACG-1,0.000039,0.000039,0.442789,0.055502,0.501631
ACCATATCCGCAATAA-1,0.000038,0.000038,0.418567,0.047778,0.533579
ACCATCCGCCAACTAG-1,0.000018,0.000018,0.141006,0.003813,0.855145
ACCATCGTATATGGTA-1,0.00008,0.00008,0.970844,0.00008,0.028917
ACCATTAAGGGTGTCA-1,0.00004,0.599944,0.078656,0.048964,0.272395
ACCCAACGCCCGTGGC-1,0.000015,0.000015,0.064035,0.086323,0.849612
ACCCACCTACATGCTC-1,0.000064,0.017272,0.25901,0.27,0.453653
ACCCATCTTGAGGGTA-1,0.000062,0.013015,0.914256,0.05167,0.020996
ACCCATTTGTCCCTCT-1,0.000055,0.000055,0.651906,0.227839,0.120146
ACCCGAGCGAAATTAC-1,0.00005,0.000055,0.553311,0.00005,0.446534
ACCCGATTGGTTCCGA-1,0.000066,0.060188,0.665832,0.263718,0.010197
ACCCGGAAACTCCCAG-1,0.000084,0.000084,0.978483,0.000084,0.021265
ACCCGGAGCACCACAA-1,0.000029,0.039847,0.276937,0.018951,0.664236
ACCCGGATGACGCATC-1,0.000036,0.000036,0.357774,0.000036,0.64212
ACCCGGTTACACTTCC-1,0.000028,0.000028,0.252025,0.000028,0.747892
ACCCGTAGCAGAGAAT-1,0.000046,0.000046,0.960102,0.000046,0.03976
ACCCGTAGTCTAGTTG-1,0.00004,0.066053,0.431359,0.304377,0.198171
ACCCGTGTCATCAGTA-1,0.000031,0.000031,0.183512,0.14254,0.673886
ACCCTATAGGACTGAG-1,0.000024,0.044918,0.16406,0.040894,0.750103
ACCCTATGCCATATCG-1,0.000121,0.000121,0.998908,0.000121,0.000728
ACCCTCCCGTCAGGGC-1,0.000196,0.000196,0.418544,0.047986,0.533078
ACCCTCCCTTGCTATT-1,0.000043,0.000084,0.45714,0.275187,0.267545
ACCCTGGTAACGCCCT-1,0.000022,0.000022,0.10538,0.000022,0.894556
ACCCTTCATCTGCGAA-1,0.00003,0.00003,0.249103,0.079079,0.671757
ACCCTTGCCTGGGTCG-1,0.000032,0.060752,0.541835,0.003162,0.394218
ACCCTTTAGTTCTCCA-1,0.000046,0.000046,0.185425,0.052924,0.761559
ACCGAAAGGGCCCTGC-1,0.000039,0.000039,0.179038,0.127733,0.693151
ACCGAAGAGTCTGGTT-1,0.000048,0.000048,0.770923,0.000048,0.228932
ACCGACACATCTCCCA-1,0.000052,0.015369,0.627323,0.094749,0.262507
ACCGACTGAGTCCCAC-1,0.000049,0.018543,0.965684,0.000049,0.015676
ACCGAGTCTCCTTATT-1,0.000056,0.000056,0.865868,0.069508,0.064513
ACCGATAGGCATAACC-1,0.00001,0.00001,0.132601,0.156766,0.710613
ACCGATATTTAATCAT-1,0.000011,0.010745,0.023908,0.143171,0.822165
ACCGATGGTAGCATCG-1,0.00005,0.00005,0.572888,0.00005,0.426962
ACCGCAATAACTGCCT-1,0.000052,0.000052,0.971548,0.02778,0.000567
ACCGCGGTGGAAGTCG-1,0.00002,0.00002,0.111796,0.00002,0.888144
ACCGCTAGTCATTGGT-1,0.000119,0.463473,0.121728,0.413966,0.000714
ACCGGGCCTTTGTTGA-1,0.000031,0.000031,0.342603,0.000031,0.657305
ACCGGTCAGGTACACC-1,0.000116,0.046328,0.903,0.049859,0.000697
ACCGGTCTGAGTACGG-1,0.000159,0.04956,0.949168,0.000159,0.000954
ACCGTCCACTGGGCCC-1,0.000016,0.000016,0.117815,0.069288,0.812865
ACCGTGACCACGTGGG-1,0.000051,0.000051,0.765103,0.02158,0.213214
ACCGTTCCCGCTCTGA-1,0.000051,0.000051,0.37402,0.164454,0.461425
ACCTAAGTACCTTTCA-1,0.000062,0.000062,0.450512,0.04069,0.508674
ACCTAATCGACTTCCT-1,0.000045,0.013539,0.4952,0.000045,0.491171
ACCTACAGTATGTGGT-1,0.00002,0.00002,0.133836,0.00002,0.866105
ACCTACTATAAATCTA-1,0.000038,0.000038,0.517223,0.000038,0.482665
ACCTCAGCGAGGCGCA-1,0.000026,0.002192,0.702553,0.004183,0.291047
ACCTCCGCCCTCGCTG-1,0.000042,0.000042,0.503848,0.002537,0.49353
ACCTCCGTTATTCACC-1,0.000049,0.020783,0.355417,0.000049,0.623702
ACCTCGAACTTATGCT-1,0.000068,0.093253,0.906201,0.000068,0.00041
ACCTGCGTGTCATGTT-1,0.000027,0.000027,0.621711,0.000027,0.378209
ACCTTTCCTTTAGAAG-1,0.000083,0.085592,0.883489,0.000083,0.030753
ACGAAATGGGCGGCAC-1,0.000069,0.019701,0.780236,0.081324,0.11867
ACGACCCATGAGTTGC-1,0.00001,0.00001,0.000093,0.12337,0.876517
ACGACTCTAGGGCCGA-1,0.000028,0.00506,0.327486,0.143277,0.524148
ACGACTGGTCATACTC-1,0.00004,0.00561,0.860948,0.00004,0.133363
ACGAGAACCCATCACG-1,0.00003,0.049353,0.273663,0.033848,0.643105
ACGAGATATTTGCTTA-1,0.000043,0.000043,0.362678,0.076078,0.561158
ACGAGGATACCACTCT-1,0.000068,0.150879,0.767947,0.080699,0.000408
ACGAGGTTTACAACGT-1,0.000051,0.024303,0.634972,0.000051,0.340623
ACGAGTACGGATGCCC-1,0.000041,0.000041,0.39395,0.000041,0.605925
ACGAGTCGCCGGCGTT-1,0.000056,0.609204,0.040613,0.152453,0.197675
ACGATACATAGAACTA-1,0.000029,0.018802,0.345333,0.058378,0.577459
ACGATACCTATCCTGA-1,0.000064,0.09499,0.231561,0.444679,0.228707
ACGATCATACATAGAG-1,0.000055,0.000055,0.816368,0.000055,0.183466
ACGATCATCTTGTAAA-1,0.000063,0.008135,0.726448,0.000063,0.26529
ACGATGCATATGTTAT-1,0.000059,0.000059,0.758942,0.118437,0.122503
ACGATGGATCCGATGC-1,0.000055,0.049003,0.43138,0.041206,0.478355
ACGCAAACTAATAGAT-1,0.000063,0.000063,0.856529,0.054298,0.089045
ACGCAATCACTACAGC-1,0.000026,0.000026,0.273723,0.000026,0.726199
ACGCATAAATGACATG-1,0.000019,0.000019,0.134598,0.291482,0.573881
ACGCATACGTTTACTA-1,0.000044,0.000044,0.476081,0.000044,0.523786
ACGCATTCGTGAGTAC-1,0.000066,0.007537,0.619207,0.000066,0.373124
ACGCCACTCGAAACAG-1,0.00003,0.004133,0.678958,0.01878,0.2981
ACGCCAGATGATTTCT-1,0.000126,0.230119,0.768872,0.000126,0.000756
ACGCCAGTGCGTTTGC-1,0.000023,0.000023,0.28278,0.000023,0.717152
ACGCCCAGCTGTCGAT-1,0.00004,0.092336,0.321436,0.040025,0.546162
ACGCGAAGTCAGACGA-1,0.000141,0.333999,0.664873,0.000141,0.000846
ACGCGCTACACAGGGT-1,0.000049,0.050116,0.940695,0.000049,0.00909
ACGCGGGCCAAGGACA-1,0.000075,0.058884,0.673571,0.000075,0.267396
ACGCGTTTCTTAAGAG-1,0.000034,0.027105,0.284165,0.000034,0.688663
ACGCTACTGAATGGGC-1,0.00001,0.00001,0.058845,0.00001,0.941125
ACGCTAGTATCAGTGC-1,0.000028,0.000028,0.226946,0.050834,0.722164
ACGCTAGTGATACACT-1,0.000038,0.000038,0.52261,0.000038,0.477276
ACGCTGTGAGGCGTAG-1,0.000056,0.026999,0.551255,0.043154,0.378536
ACGCTTAGTGTCTCTC-1,0.000048,0.000048,0.231149,0.033526,0.73523
ACGGAACACGAGTGCC-1,0.000045,0.067261,0.679941,0.000045,0.252708
ACGGAATTTAGCAAAT-1,0.000016,0.074519,0.065146,0.044635,0.815684
ACGGACGCAGCGACAA-1,0.000059,0.048777,0.836304,0.114506,0.000353
ACGGACTCTCAAAGCG-1,0.000061,0.055752,0.693883,0.000061,0.250243
ACGGAGCGCAAATTAC-1,0.000039,0.032673,0.583003,0.122587,0.261698
ACGGATGGTGCGGATA-1,0.000136,0.079096,0.919818,0.000136,0.000814
ACGGCACTTGCTTGGG-1,0.000096,0.248756,0.554954,0.195617,0.000577
ACGGCCAACATGGACT-1,0.000069,0.090867,0.868712,0.039939,0.000413
ACGGCGACGATGGGAA-1,0.000057,0.000057,0.999486,0.000057,0.000343
ACGGCGGGTTGCCCTG-1,0.000086,0.200021,0.460421,0.006941,0.332531
ACGGCTGGATGTAGAA-1,0.000066,0.000066,0.73643,0.221169,0.042268
ACGGGAGTGTCGGCCC-1,0.000061,0.034385,0.771917,0.000061,0.193576
ACGGGCGTATGCGACA-1,0.000065,0.000065,0.360114,0.000065,0.639692
ACGGGTCATGTGACTT-1,0.000055,0.400368,0.230478,0.000055,0.369044
ACGGGTTGTGACCTGT-1,0.000012,0.000012,0.127511,0.1628,0.709666
ACGGTACAGTTCAATG-1,0.000025,0.000025,0.259289,0.027546,0.713115
ACGGTCACCGAGAACA-1,0.000044,0.207122,0.38238,0.410186,0.000267
ACGTACAGATTTCTCT-1,0.000064,0.045672,0.777672,0.000064,0.176528
ACGTACTTTGGCACGG-1,0.000078,0.028312,0.920184,0.050958,0.000468
ACGTAGATTGCTGATG-1,0.000145,0.000145,0.998693,0.000145,0.000871
ACGTAGGAGAGTCGCT-1,0.000011,0.000011,0.016449,0.000011,0.983517
ACGTATTACTCCGATC-1,0.000025,0.000025,0.155758,0.050715,0.793478
ACGTCCTAAACGAGAT-1,0.000025,0.000025,0.055927,0.211131,0.732891
ACGTCGGGCAACTCGG-1,0.000041,0.038364,0.663576,0.0685,0.229518
ACGTCTCGTTCCGGGA-1,0.000057,0.000616,0.570962,0.009541,0.418824
ACGTGACAAAGTAAGT-1,0.000069,0.058417,0.578461,0.011596,0.351457
ACGTGCGCCTCGTGCA-1,0.000024,0.014077,0.238568,0.050806,0.696525
ACGTGGTCGAATGTGC-1,0.00004,0.00004,0.189145,0.105622,0.705152
ACGTTAGATTTGCCCG-1,0.000084,0.000084,0.767965,0.158838,0.07303
ACGTTATTGGTCACTC-1,0.000082,0.000082,0.404579,0.000082,0.595175
ACGTTCACTATGCCGC-1,0.00005,0.00005,0.999548,0.00005,0.000302
ACGTTCCGCGCTCCGT-1,0.00006,0.009932,0.757732,0.00006,0.232216
ACGTTCGCAATCAATT-1,0.000021,0.000021,0.171598,0.000021,0.828339
ACGTTCGTTCAGGAAA-1,0.000051,0.008517,0.804952,0.173323,0.013157
ACGTTCTGTACAAGTC-1,0.000089,0.000089,0.932225,0.000089,0.067507
ACGTTGTCGTTGAAAG-1,0.000026,0.000026,0.191565,0.030948,0.777436
ACGTTTAGTTGTGATC-1,0.00007,0.00007,0.708886,0.05968,0.231293
ACGTTTCGGTGCACTT-1,0.000021,0.036226,0.163076,0.168461,0.632215
ACTAAGGACGCACACC-1,0.000017,0.010705,0.062381,0.089243,0.837654
ACTAATACGTCAGGCG-1,0.000061,0.014936,0.406224,0.091087,0.487692
ACTACAAAGAGAGGTG-1,0.000026,0.007212,0.195055,0.456809,0.340897
ACTACATCCCGACAAG-1,0.000088,0.189897,0.809402,0.000088,0.000525
ACTACCAGCTCTCTGG-1,0.000047,0.00019,0.481808,0.022735,0.495221
ACTACCATCCGAGGGC-1,0.000049,0.155093,0.496398,0.278928,0.069533
ACTACGCGTTAGAATT-1,0.000048,0.000048,0.677143,0.000048,0.322714
ACTAGTTGCGATCGTC-1,0.000067,0.142672,0.568533,0.000067,0.288662
ACTATATGCTGTGTTC-1,0.000063,0.000063,0.247097,0.08539,0.667386
ACTATCCAGGGCATGG-1,0.000022,0.000022,0.443836,0.000022,0.556099
ACTATCGCCGGCTAAA-1,0.00003,0.952674,0.00009,0.047026,0.00018
ACTATCTGCCCGCGTA-1,0.000019,0.000019,0.262907,0.000019,0.737036
ACTATGTCCAGCTGCC-1,0.000031,0.000031,0.427136,0.000031,0.57277
ACTATTCGTCCGTGGT-1,0.000122,0.023306,0.975718,0.000122,0.000732
ACTATTTCCGGGCCCA-1,0.000035,0.040104,0.173188,0.240003,0.54667
ACTCAACGAATGTATT-1,0.000058,0.04083,0.472496,0.000058,0.486559
ACTCAAGTGCAAGGCT-1,0.000033,0.000033,0.370685,0.009825,0.619424
ACTCAATAAAGGCACG-1,0.00008,0.035132,0.964225,0.00008,0.000482
ACTCAGACCTGCTTCT-1,0.000068,0.0201,0.464035,0.224726,0.29107
ACTCATGGCAGCCTTC-1,0.000056,0.000056,0.742263,0.257288,0.000337
ACTCCAATATCATCAT-1,0.000041,0.018448,0.66867,0.1409,0.171941
ACTCCCATTCCTAAAG-1,0.000058,0.000058,0.285219,0.247359,0.467307
ACTCCCGAATTCGTTT-1,0.00006,0.00006,0.706567,0.00006,0.293254
ACTCCCGTAGACTAGG-1,0.000017,0.001777,0.057463,0.234603,0.70614
ACTCCCTAATGCTAAA-1,0.000073,0.013836,0.985579,0.000073,0.000439
ACTCCGGCCGACCACT-1,0.000065,0.199033,0.800447,0.000065,0.00039
ACTCGATGTATTTCAT-1,0.000062,0.141399,0.422464,0.000284,0.435791
ACTCGCCGTTCGATAA-1,0.000016,0.016652,0.240894,0.002172,0.740266
ACTCGCGATCTGACGC-1,0.000019,0.035094,0.156773,0.00165,0.806464
ACTCGTAACCCGTCCT-1,0.000115,0.0764,0.880039,0.042757,0.00069
ACTCGTCAGTAATCCC-1,0.000085,0.000085,0.999231,0.000085,0.000513
ACTCTAAACCTGGGAT-1,0.00005,0.313518,0.358833,0.054011,0.273587
ACTCTCTGACTTAGGT-1,0.000127,0.000127,0.998853,0.000127,0.000765
ACTCTCTTATACACGA-1,0.000111,0.083764,0.665769,0.086145,0.164211
ACTCTGACCTAATAGA-1,0.000043,0.000043,0.494064,0.014601,0.491249
ACTCTTCAGCTCCCGC-1,0.00005,0.034046,0.418979,0.00005,0.546874
ACTGAAACGCCGTTAG-1,0.00005,0.006551,0.713708,0.00005,0.279642
ACTGAATGGCGAAAGT-1,0.000034,0.000034,0.805686,0.000034,0.194212
ACTGATTTAGTGATTC-1,0.000053,0.000053,0.239953,0.212947,0.546995
ACTGCCCGCCATTCTC-1,0.000073,0.000073,0.661324,0.210871,0.127659
ACTGCCGTCGTAACTC-1,0.000052,0.000052,0.575489,0.009142,0.415265
ACTGCGGACACACCGT-1,0.000011,0.001781,0.000103,0.143494,0.854611
ACTGCTCGGAAGGATG-1,0.000072,0.09849,0.812284,0.000072,0.089081
ACTGGCGAACCTGCGT-1,0.00002,0.00002,0.114734,0.170149,0.715078
ACTGGGATGCCAGTGC-1,0.000056,0.082625,0.858297,0.058689,0.000334
ACTGTACGATACACAT-1,0.000084,0.000084,0.99924,0.000084,0.000507
ACTGTAGCACTTTGGA-1,0.000048,0.000048,0.425303,0.131246,0.443355
ACTGTATACGCGAGCA-1,0.000016,0.003812,0.03203,0.137261,0.826881
ACTGTCCAGGATTATA-1,0.000052,0.000052,0.921979,0.000052,0.077865
ACTGTCTTCTTTAGAA-1,0.000072,0.000072,0.842395,0.000072,0.15739
ACTGTGCTAGTAGATC-1,0.000053,0.000053,0.273838,0.013506,0.712549
ACTGTTTAGTGTAGGC-1,0.000072,0.000072,0.387411,0.000072,0.612373
ACTTACCGGGCGCGCA-1,0.000089,0.000089,0.775883,0.020843,0.203096
ACTTACGCATCCACGC-1,0.000136,0.025472,0.919817,0.045167,0.009408
ACTTAGTACGACAAGA-1,0.000015,0.000015,0.090011,0.0002,0.90976
ACTTATACTTACCCGG-1,0.000016,0.000016,0.196913,0.000016,0.80304
ACTTATCTGATCTATA-1,0.000034,0.135314,0.059689,0.424701,0.380262
ACTTATTAGGATCGGT-1,0.000029,0.024266,0.072198,0.031096,0.872411
ACTTATTTATGTGCCA-1,0.000042,0.000042,0.493474,0.000042,0.506401
ACTTCAGGCTGATCCC-1,0.000057,0.000057,0.487265,0.060423,0.452197
ACTTCCAGTGGAAGCT-1,0.000026,0.035703,0.127512,0.095281,0.741477
ACTTCCATGCGGGACA-1,0.000071,0.027842,0.947152,0.000071,0.024863
ACTTCCTGTCGTGCGA-1,0.000015,0.010742,0.0021,0.470966,0.516177
ACTTCGCCATACGCAC-1,0.000133,0.045018,0.920769,0.000133,0.033947
ACTTCGCTAGCGAGTG-1,0.00004,0.049807,0.430586,0.015728,0.503839
ACTTGCCATATTGTAC-1,0.000095,0.000095,0.357425,0.183058,0.459326
ACTTGCTCTATCTACC-1,0.000041,0.003861,0.520278,0.064514,0.411305
ACTTGGGACCCGGTGG-1,0.000048,0.000048,0.30609,0.207965,0.485849
ACTTGGGCTTTCGCCA-1,0.000028,0.000028,0.677985,0.005173,0.316784
ACTTGTAGTCCCTTCA-1,0.000036,0.006514,0.144774,0.191421,0.657254
ACTTGTGGATGGAACG-1,0.000017,0.003691,0.121385,0.081466,0.793441
ACTTGTTACCGGATCA-1,0.000054,0.265345,0.56898,0.165296,0.000324
ACTTTACCCTCATGAA-1,0.000049,0.000049,0.403031,0.000049,0.596823
ACTTTATACACCACTT-1,0.000057,0.065958,0.728554,0.060946,0.144485
ACTTTCCTATAGCTTC-1,0.000025,0.000025,0.042185,0.034524,0.923242
ACTTTGACTGCATCCT-1,0.000065,0.00156,0.278697,0.000065,0.719613
ACTTTGGTCGTGCTCC-1,0.000076,0.022202,0.977186,0.000076,0.000459
ACTTTGTCGACGCACT-1,0.000027,0.000027,0.350346,0.000027,0.649573
AGAAATTATGACTCGC-1,0.000025,0.003591,0.295211,0.000025,0.701149
AGAACACGGCGATGGT-1,0.000042,0.097155,0.732375,0.170173,0.000254
AGAACCCAGCGTGACA-1,0.000026,0.158992,0.318678,0.000026,0.522278
AGAACCCTCAATTGGG-1,0.000055,0.048443,0.817493,0.133681,0.000329
AGAACGTGGTACATTC-1,0.000112,0.042751,0.667142,0.000112,0.289883
AGAACTGTACTTTGTA-1,0.000034,0.115041,0.830275,0.000034,0.054616
AGAAGAGCGCCGTTCC-1,0.000399,0.059571,0.400244,0.000399,0.539388
AGAAGGTACACTTCAC-1,0.000062,0.000062,0.999441,0.000062,0.000373
AGAAGGTTGCCGAATT-1,0.00003,0.00003,0.213903,0.013787,0.772249
AGAAGGTTGTAGGTCG-1,0.000084,0.128109,0.851549,0.019751,0.000506
AGAAGTGATTCGTGAT-1,0.000077,0.026509,0.972874,0.000077,0.000463
AGAATAAATCTTCAGG-1,0.00003,0.075119,0.320543,0.110711,0.493597
AGAATACAGGCTATCC-1,0.000044,0.004151,0.755012,0.064509,0.176284
AGAATGCGGGTTCGGA-1,0.000025,0.000025,0.206882,0.041331,0.751737
AGAATTATGGATTCGA-1,0.000052,0.000052,0.594944,0.000052,0.4049
AGAATTGTTTGACATA-1,0.000038,0.030274,0.254242,0.000038,0.715408
AGACAGCTCAGAATCC-1,0.00003,0.102454,0.269055,0.25782,0.370641
AGACAGGCATCTCAGC-1,0.000033,0.233204,0.293717,0.000033,0.473014
AGACATAGATCCTTCC-1,0.000025,0.010278,0.160471,0.181858,0.647367
AGACCAAACCACACCT-1,0.000021,0.007536,0.09305,0.284821,0.614572
AGACCATGGGATACAA-1,0.000021,0.00989,0.191375,0.036424,0.762289
AGACCCACCGCTGATC-1,0.000129,0.041513,0.534136,0.123731,0.300491
AGACCCGCCCTCCTCG-1,0.000055,0.000055,0.684051,0.009068,0.306771
AGACCGCTCCGCGGTT-1,0.000034,0.036745,0.278649,0.000034,0.684539
AGACCGGGAAACCCTG-1,0.000047,0.032379,0.711444,0.024264,0.231866
