Barcode,Topic 1to2,Topic 3to4,Topic 5to7,Topic 8to9,Topic 10to11
AAACAACGAATAGTTC-1,0.316337,0.132924,0.047933,0.127771,0.375035
AAACAAGTATCTCCCA-1,0.151864,0.306137,0.458785,0.034821,0.048393
AAACAATCTACTAGCA-1,0.987551,0.000315,0.000472,0.000315,0.011348
AAACACCAATAACTGC-1,0.105578,0.175841,0.008113,0.617089,0.093379
AAACAGAGCGACTCCT-1,0.891157,0.000061,0.078079,0.005355,0.025348
AAACAGCTTTCAGAAG-1,0.430732,0.567835,0.000614,0.00041,0.00041
AAACAGGGTCTATATT-1,0.764928,0.002104,0.232833,0.000067,0.000067
AAACAGTGTTCCTGGG-1,0.5271,0.046732,0.426077,0.000046,0.000046
AAACATGGTGAGAGGA-1,0.520349,0.004139,0.000059,0.00004,0.475413
AAACATTTCCCGGATT-1,0.148395,0.078947,0.63585,0.103755,0.033052
AAACCACTACACAGAT-1,0.119986,0.500399,0.07908,0.116148,0.184386
AAACCCGAACGAAATC-1,0.043405,0.410548,0.406736,0.082315,0.056996
AAACCGGAAATGTTAA-1,0.402647,0.117639,0.345251,0.041942,0.092521
AAACCGGGTAGGTACC-1,0.582291,0.000087,0.178426,0.1711,0.068097
AAACCGTTCGTCCAGG-1,0.057912,0.108256,0.459908,0.35927,0.014655
AAACCTAAGCAGCCGG-1,0.114402,0.396881,0.227875,0.078794,0.182049
AAACCTCATGAAGTTG-1,0.999258,0.000165,0.000247,0.000165,0.000165
AAACGAAGAACATACC-1,0.610461,0.08608,0.000217,0.006036,0.297206
AAACGAAGATGGAGTA-1,0.95609,0.00009,0.000135,0.00009,0.043594
AAACGACAGTCTTGCC-1,0.027653,0.44864,0.00298,0.360094,0.160633
AAACGAGACGGTTGAT-1,0.108796,0.028505,0.229476,0.079187,0.554036
AAACGCCCGAGATCGG-1,0.072169,0.221042,0.074134,0.480698,0.151958
AAACGCTGGGCACGAC-1,0.470121,0.012233,0.515361,0.000031,0.002253
AAACGGGCGTACGGGT-1,0.082397,0.468312,0.078977,0.245143,0.12517
AAACGGGTTGGTATCC-1,0.998747,0.000278,0.000418,0.000278,0.000278
AAACGGTTGCGAACTG-1,0.304663,0.197284,0.359702,0.060048,0.078302
AAACGTGTTCGCCCTA-1,0.226015,0.636737,0.124901,0.002989,0.009358
AAACTAACGTGGCGAC-1,0.057007,0.324788,0.046283,0.447317,0.124605
AAACTCGGTTCGCAAT-1,0.176982,0.415902,0.258921,0.141509,0.006687
AAACTCGTGATATAAG-1,0.200448,0.240955,0.273074,0.051887,0.233635
AAACTGCTGGCTCCAA-1,0.003901,0.161523,0.309836,0.243714,0.281026
AAACTTAATTGCACGC-1,0.989969,0.000096,0.000144,0.000096,0.009695
AAACTTGCAAACGTAT-1,0.081785,0.049981,0.000211,0.13321,0.734813
AAAGAATGACCTTAGA-1,0.975396,0.022901,0.001553,0.000075,0.000075
AAAGAATGTGGACTAA-1,0.238152,0.349932,0.393683,0.005024,0.013209
AAAGACATGAAGTTTA-1,0.093368,0.000039,0.034971,0.414011,0.457612
AAAGACCCAAGTCGCG-1,0.891108,0.000242,0.000363,0.000242,0.108045
AAAGACTGGGCGCTTT-1,0.999357,0.000143,0.000214,0.000143,0.000143
AAAGCTTGCCTACATA-1,0.000011,0.549028,0.087863,0.328818,0.034281
AAAGGCCCTATAATAC-1,0.305727,0.205248,0.099765,0.097554,0.291706
AAAGGCTACGGACCAT-1,0.034517,0.366928,0.404801,0.164615,0.029139
AAAGGCTCTCGCGCCG-1,0.622478,0.050528,0.319277,0.000055,0.007663
AAAGGGATGTAGCAAG-1,0.397818,0.000056,0.020218,0.009369,0.572538
AAAGGGCAGCTTGAAT-1,0.996503,0.00018,0.00027,0.00018,0.002868
AAAGGTAAGCTGTACC-1,0.246426,0.105218,0.260133,0.254313,0.13391
AAAGGTCAACGACATG-1,0.007461,0.26953,0.000046,0.385953,0.33701
AAAGTAGCATTGCTCA-1,0.132964,0.220018,0.095903,0.348583,0.202532
AAAGTCACTGATGTAA-1,0.624847,0.000151,0.000226,0.000151,0.374626
AAAGTCGACCCTCAGT-1,0.714718,0.000133,0.190189,0.000133,0.094826
AAAGTGCCATCAATTA-1,0.401582,0.258829,0.240816,0.037129,0.061645
AAAGTGTGATTTATCT-1,0.154048,0.213613,0.139657,0.1132,0.379482
AAAGTTGACTCCCGTA-1,0.36278,0.029812,0.574521,0.012643,0.020244
AAATAACCATACGGGA-1,0.244476,0.164111,0.207509,0.162453,0.221451
AAATAAGGTAGTGCCC-1,0.00001,0.268395,0.284452,0.262568,0.184575
AAATACCTATAAGCAT-1,0.020749,0.006329,0.211365,0.264349,0.497208
AAATAGCTTAGACTTT-1,0.02666,0.180343,0.538897,0.177415,0.076685
AAATAGGGTGCTATTG-1,0.026569,0.444039,0.069756,0.236677,0.222958
AAATCACTCCTAAACG-1,0.001974,0.557858,0.000373,0.348631,0.091165
AAATCCGATACACGCC-1,0.467491,0.333987,0.10592,0.001527,0.091074
AAATCGCGGAAGGAGT-1,0.999379,0.000138,0.000207,0.000138,0.000138
AAATCGTGTACCACAA-1,0.333104,0.000044,0.565199,0.016338,0.085315
AAATCTAGCCCTGCTA-1,0.007705,0.176848,0.390084,0.424805,0.000558
AAATCTGCCCGCGTCC-1,0.363076,0.15685,0.056003,0.178427,0.245643
AAATGACTGATCAAAC-1,0.030577,0.000043,0.184266,0.107231,0.677883
AAATGATTCGATCAGC-1,0.007875,0.346666,0.283734,0.162613,0.199112
AAATGCTCGTTACGTT-1,0.866267,0.000185,0.000278,0.000185,0.133084
AAATGGCATGTCTTGT-1,0.04984,0.094327,0.000104,0.099519,0.756211
AAATGGCCCGTGCCCT-1,0.519252,0.034563,0.0001,0.004198,0.441888
AAATGGTCAATGTGCC-1,0.632534,0.000061,0.015979,0.027405,0.324021
AAATGTATCTTATCCC-1,0.999619,0.000085,0.000127,0.000085,0.000085
AAATGTGGGTGCTCCT-1,0.42714,0.571734,0.000483,0.000322,0.000322
AAATTAACGGGTAGCT-1,0.381636,0.000041,0.371292,0.035244,0.211787
AAATTAATAAGCGCGA-1,0.862875,0.136442,0.000293,0.000195,0.000195
AAATTACACGACTCTG-1,0.255379,0.003403,0.044596,0.072635,0.623987
AAATTACCTATCGATG-1,0.115105,0.126958,0.198003,0.024183,0.535751
AAATTCCAGGTCCAAA-1,0.046714,0.584171,0.2787,0.056693,0.033722
AAATTGATAGTCCTTT-1,0.274887,0.197083,0.074418,0.148946,0.304667
AAATTGCGGCGGTTCT-1,0.969792,0.00035,0.000525,0.00035,0.028984
AAATTGGTGAGAAGCA-1,0.163826,0.274614,0.35899,0.187764,0.014806
AAATTTACCGAAATCC-1,0.014544,0.160659,0.013319,0.555037,0.256441
AAATTTGCGGGTGTGG-1,0.257896,0.123522,0.215553,0.162073,0.240956
AACAACTGGTAGTTGC-1,0.019088,0.067702,0.000074,0.240139,0.672997
AACAATACATTGTCGA-1,0.574358,0.235964,0.189619,0.000029,0.000029
AACAATTACTCTACGC-1,0.976465,0.000191,0.000286,0.000191,0.022867
AACACACGCTCGCCGC-1,0.170662,0.185538,0.438533,0.160311,0.044956
AACACGACTGTACTGA-1,0.025819,0.033759,0.005779,0.368005,0.566638
AACACGAGACGCGGCC-1,0.597051,0.038016,0.025135,0.071789,0.268009
AACACGCGGCCGCGAA-1,0.508991,0.011893,0.000198,0.000132,0.478787
AACAGCTGTGTGGCAA-1,0.001262,0.2144,0.081681,0.690965,0.011692
AACAGGAAATCGAATA-1,0.278207,0.020775,0.096379,0.155169,0.44947
AACAGGATGGGCCGCG-1,0.262394,0.008748,0.000133,0.002545,0.726181
AACAGGTAGTATGGAT-1,0.038191,0.344871,0.264892,0.206209,0.145837
AACATAGCGTGTATCG-1,0.148775,0.000035,0.455922,0.101085,0.294183
AACATATCAACTGGTG-1,0.006598,0.130318,0.314319,0.278776,0.269988
AACATCGATACGTCTA-1,0.322522,0.400526,0.238184,0.020398,0.01837
AACATTGAAGTTGATC-1,0.26507,0.438067,0.050223,0.08229,0.164351
AACATTGGTCAGCCGT-1,0.241308,0.757052,0.000703,0.000469,0.000469
AACATTGTGACTCGAG-1,0.000007,0.325068,0.21249,0.458825,0.003611
AACCAAGACTTCTCTG-1,0.11228,0.044145,0.001784,0.517902,0.323888
AACCAGTATCACTCTT-1,0.000039,0.202097,0.003002,0.607423,0.187439
AACCATAGGGTTGAAC-1,0.654543,0.197947,0.006166,0.046398,0.094946
AACCATGGGATCGCTA-1,0.598534,0.000174,0.000261,0.000174,0.400857
AACCCAGAGACGGAGA-1,0.998995,0.000223,0.000335,0.000223,0.000223
AACCCATCCCATGATC-1,0.319897,0.004726,0.000134,0.000089,0.675154
AACCCGACAACCCGTG-1,0.113293,0.494993,0.140386,0.085329,0.165999
AACCCGAGCAGAATCG-1,0.013142,0.470054,0.262003,0.150798,0.104003
AACCCGATAGGGCTTC-1,0.344564,0.451087,0.000068,0.000031,0.20425
AACCCGCTGTATTCCA-1,0.305747,0.029247,0.077541,0.054432,0.533034
AACCCTACTGTCAATA-1,0.506723,0.008374,0.483162,0.000043,0.001698
AACCCTGGTGGAACCA-1,0.123084,0.000058,0.000088,0.054945,0.821825
AACCGAGCTTGGTCAT-1,0.339237,0.000068,0.000102,0.010623,0.64997
AACCGCTAAGGGATGC-1,0.095848,0.138962,0.12876,0.242079,0.394351
AACCGTTGTGTTTGCT-1,0.341142,0.000106,0.004009,0.006128,0.648614
AACCTAAAGCCGTCCG-1,0.151632,0.052081,0.000123,0.000082,0.796082
AACCTCGCTTTAGCCC-1,0.126031,0.325937,0.187236,0.25556,0.105235
AACCTGTCACGGAATT-1,0.186638,0.168729,0.521012,0.08473,0.038891
AACCTTTAAATACGGT-1,0.063001,0.181189,0.254031,0.44017,0.061609
AACCTTTACGACGTCT-1,0.141502,0.096419,0.047537,0.3678,0.346743
AACGAAAGTCGTCCCA-1,0.600516,0.388177,0.011009,0.000149,0.000149
AACGACCTCCTAGCCG-1,0.031254,0.53868,0.240953,0.155934,0.03318
AACGATAATGCCGTAG-1,0.425102,0.007105,0.503886,0.003367,0.060539
AACGATAGAAGGGCCG-1,0.65958,0.000134,0.000201,0.000134,0.339951
AACGATATGTCAACTG-1,0.07354,0.015032,0.210684,0.154273,0.546471
AACGCATGATCTGGGT-1,0.242021,0.082418,0.240877,0.031007,0.403676
AACGCGAACGGCAACA-1,0.999163,0.000186,0.000279,0.000186,0.000186
AACGCGACCTTGGGCG-1,0.275768,0.368534,0.346313,0.009056,0.000329
AACGCGGTCTCCAGCC-1,0.233155,0.070649,0.093803,0.040733,0.561659
AACGCTGTTGCTGAAA-1,0.414395,0.083888,0.460134,0.041537,0.000046
AACGGACGTACGTATA-1,0.094076,0.201167,0.27861,0.222194,0.203952
AACGGCCATCTCCGGT-1,0.003996,0.162605,0.312591,0.506969,0.013839
AACGTACTGTGGGTAC-1,0.675643,0.000064,0.258578,0.046948,0.018767
AACGTAGTCTACCCAT-1,0.679237,0.000263,0.000394,0.009335,0.310771
AACGTCAGACTAGTGG-1,0.187068,0.035569,0.020257,0.181659,0.575446
AACGTCATCCGGCTTG-1,0.005195,0.407281,0.577132,0.005195,0.005195
AACGTCGCTGCACTTC-1,0.065889,0.102919,0.586474,0.165968,0.07875
AACGTGATGAAGGACA-1,0.10508,0.003225,0.011573,0.363514,0.516608
AACGTGCGAAAGTCTC-1,0.028275,0.05361,0.377131,0.161104,0.379881
AACGTTATCAGCACCT-1,0.998233,0.000393,0.000589,0.000393,0.000393
AACGTTCTACCATTGT-1,0.743812,0.000151,0.000226,0.000151,0.25566
AACTACCCGTTTGTCA-1,0.021967,0.422725,0.150842,0.180769,0.223697
AACTAGCGTATCGCAC-1,0.577845,0.235979,0.122306,0.00031,0.063559
AACTAGGCTTGGGTGT-1,0.306217,0.21935,0.323131,0.100487,0.050815
AACTCAAGTTAATTGC-1,0.204578,0.014273,0.171188,0.182718,0.427243
AACTCCAGAGCGTGTT-1,0.004367,0.314466,0.274298,0.299019,0.10785
AACTCCTAATCCCATG-1,0.206839,0.000054,0.160807,0.215351,0.416949
AACTCGATGGCGCAGT-1,0.864383,0.000232,0.000347,0.000232,0.134807
AACTCTCAATAGAGCG-1,0.194196,0.062206,0.393756,0.081119,0.268723
AACTCTCAGTGTGCTC-1,0.26087,0.070537,0.407407,0.161054,0.100131
AACTGAGGTCAGCGTC-1,0.359858,0.276461,0.137391,0.209355,0.016935
AACTGAGTTATACTGA-1,0.136489,0.53678,0.094678,0.0782,0.153854
AACTGATATTAGGCCT-1,0.016943,0.142162,0.008806,0.385074,0.447015
AACTGGGTCCCGACGT-1,0.74108,0.000099,0.000149,0.0174,0.241272
AACTGGGTTCGAGCCG-1,0.075847,0.003649,0.029273,0.298486,0.592746
AACTGGTGTGGGCCTT-1,0.797314,0.000164,0.000246,0.000164,0.202113
AACTTCTGCGTCTATC-1,0.998946,0.000234,0.000351,0.000234,0.000234
AACTTGCCCGTATGCA-1,0.650596,0.000147,0.00022,0.000147,0.348889
AACTTGCGTTCTCGCG-1,0.66169,0.000229,0.172577,0.000229,0.165274
AACTTTACGGGAGCTT-1,0.559233,0.439597,0.000501,0.000334,0.000334
AACTTTAGCTGCTGAG-1,0.43083,0.566913,0.000967,0.000645,0.000645
AACTTTCTCGATCATG-1,0.000017,0.550291,0.119635,0.32798,0.002076
AAGAAAGTTTGATGGG-1,0.786761,0.034947,0.101035,0.010665,0.066592
AAGAAATCACCAGATT-1,0.000009,0.409978,0.081058,0.491254,0.017701
AAGAAGGATCAGTTAG-1,0.578217,0.000142,0.000214,0.000142,0.421284
AAGACATACGTGGTTT-1,0.12187,0.453085,0.223981,0.154884,0.046181
AAGACCAAATAACTCA-1,0.853609,0.078814,0.067352,0.000112,0.000112
AAGACCCAACTGAACA-1,0.208271,0.047044,0.50679,0.099075,0.13882
AAGACTAACCCGTTGT-1,0.889753,0.000216,0.000324,0.000216,0.109492
AAGACTCACGCCCACT-1,0.000023,0.110849,0.007985,0.734282,0.146862
AAGACTGCAAGCTACT-1,0.304095,0.006476,0.292842,0.036042,0.360545
AAGAGATGAATCGGTA-1,0.99908,0.000205,0.000307,0.000205,0.000205
AAGAGCTCTTTATCGG-1,0.103677,0.022407,0.199704,0.521316,0.152895
AAGAGGATGTACGCGA-1,0.240903,0.080002,0.118593,0.431452,0.12905
AAGAGGCATGGATCGC-1,0.323768,0.000544,0.389796,0.04068,0.245213
AAGAGGCCCTTTGGAA-1,0.02504,0.297343,0.445582,0.045144,0.18689
AAGATGGCACCGGACC-1,0.005231,0.656707,0.016693,0.169814,0.151556
AAGATTGGCGGAACGT-1,0.103793,0.093085,0.486659,0.032108,0.284356
AAGCACCCTGCGTATC-1,0.000016,0.17779,0.242323,0.53375,0.046121
AAGCATACTCTCCTGA-1,0.044567,0.108772,0.316444,0.416319,0.113899
AAGCCACTTGCAGGTA-1,0.486632,0.100827,0.130974,0.169088,0.112479
AAGCCGAAGCGGTTTA-1,0.249163,0.247437,0.398306,0.047641,0.057453
AAGCCGCCGTGAAATC-1,0.01332,0.270398,0.014231,0.419774,0.282277
AAGCCGCTTTACCTTG-1,0.026114,0.54482,0.238729,0.120209,0.070129
AAGCCGGAGAGCAGGA-1,0.650998,0.22827,0.098669,0.000026,0.022037
AAGCGCAGGGCTTTGA-1,0.14429,0.509369,0.00085,0.006474,0.339016
AAGCGGAGTGCGCGCA-1,0.271158,0.374164,0.001148,0.000504,0.353025
AAGCGGCGTCATGGGT-1,0.059749,0.105757,0.052598,0.225765,0.556131
AAGCGTCCCTCATCGA-1,0.063608,0.054499,0.552316,0.328918,0.000658
AAGCTAGATCGAGTAA-1,0.07565,0.005912,0.4949,0.069742,0.353796
AAGCTATGGATTGACC-1,0.999345,0.000146,0.000218,0.000146,0.000146
AAGCTCGTGCCAAGTC-1,0.037391,0.004413,0.36713,0.171922,0.419143
AAGCTCTTTCATGGTG-1,0.098684,0.313904,0.133082,0.116509,0.337821
AAGGAGAACTTATAAG-1,0.348539,0.000173,0.116007,0.170856,0.364424
AAGGAGCGGTTGGTGC-1,0.18919,0.081237,0.310911,0.100765,0.317897
AAGGATCGATCGCTTG-1,0.046695,0.155178,0.393891,0.227152,0.177085
AAGGATGAGGGACCTC-1,0.004914,0.023361,0.341727,0.390094,0.239904
AAGGCAGGCTGTCTCC-1,0.155342,0.33052,0.327449,0.122978,0.06371
AAGGCGCGTAAAGCTT-1,0.241216,0.005438,0.000084,0.203161,0.550101
AAGGCTGTGCTCATCG-1,0.292201,0.042925,0.03076,0.297443,0.336671
AAGGGAACGACTGGCT-1,0.308543,0.39543,0.048926,0.159497,0.087604
AAGGGACAGATTCTGT-1,0.042599,0.128843,0.291902,0.230588,0.306067
AAGGGACTATGCATTC-1,0.445803,0.135906,0.171252,0.203022,0.044017
AAGGGTTAGCCATGCG-1,0.273123,0.000086,0.024086,0.041005,0.6617
AAGGGTTTGATTTCAG-1,0.777874,0.037596,0.020303,0.075411,0.088817
AAGGTATCCTAATATA-1,0.038886,0.110728,0.146431,0.037249,0.666707
AAGGTGATAAACCAGC-1,0.06053,0.239459,0.125386,0.179313,0.395312
AAGTAAGCTTCCAAAC-1,0.249731,0.133905,0.007362,0.070749,0.538252
AAGTAGAAGACCGGGT-1,0.147773,0.008312,0.013455,0.43512,0.39534
AAGTAGTGACGCGAGG-1,0.397809,0.000107,0.000161,0.078444,0.523479
AAGTCAATTGTCGTCA-1,0.023174,0.603595,0.24077,0.101618,0.030843
AAGTCTAGTAGCTGCC-1,0.000015,0.680042,0.036483,0.099973,0.183487
AAGTCTTCTGTGGCCT-1,0.971758,0.027982,0.000111,0.000074,0.000074
AAGTGACGACCGAATT-1,0.13267,0.112127,0.022248,0.366316,0.366639
AAGTGAGTCGGGTTTA-1,0.000008,0.30142,0.266467,0.431101,0.001004
AAGTGCAAAGGTAGAC-1,0.67042,0.000165,0.007165,0.014782,0.307468
AAGTGCCTTGACTGTA-1,0.142434,0.390137,0.399682,0.037482,0.030265
AAGTGCGTTAGAATCT-1,0.425204,0.02544,0.124702,0.20374,0.220913
AAGTGCTTCTCTATTG-1,0.32214,0.364682,0.290744,0.019052,0.003383
AAGTGTTTGGAGACGG-1,0.004804,0.000228,0.336895,0.605923,0.052149
AAGTTCACTCCAAGCT-1,0.07917,0.18318,0.370381,0.356035,0.011234
AAGTTCAGTCTGCGTA-1,0.412747,0.000055,0.323737,0.121872,0.141589
AAGTTCGGCCAACAGG-1,0.615086,0.002027,0.185646,0.135166,0.062075
AAGTTGTGATGTTATA-1,0.446492,0.398703,0.154736,0.000035,0.000035
AAGTTTACTAATGGCA-1,0.803124,0.00025,0.000375,0.00025,0.196002
AAGTTTATGGGCCCAA-1,0.038039,0.593068,0.026069,0.122187,0.220637
AATAACAACGCTCGGC-1,0.705103,0.011456,0.085337,0.086892,0.111211
AATAACACTAGAACAA-1,0.0551,0.143931,0.523705,0.258745,0.018519
AATAACGTCGCGCCCA-1,0.152052,0.000044,0.162252,0.234037,0.451615
AATAAGTCCTCGAGAC-1,0.078939,0.003277,0.003708,0.35978,0.554296
AATAATCTTCGTATCG-1,0.0209,0.449154,0.212998,0.295613,0.021334
AATACAATGTTTCAGG-1,0.999026,0.000216,0.000325,0.000216,0.000216
AATACCGGAGGGCTGT-1,0.081276,0.401196,0.236308,0.249523,0.031697
AATACCTGATGTGAAC-1,0.143109,0.101437,0.425322,0.204975,0.125157
AATAGAACAGAGTGGC-1,0.102888,0.101553,0.687302,0.068356,0.039902
AATAGAATCTGTTTCA-1,0.385803,0.026825,0.497608,0.039998,0.049765
AATAGCAAGCCTCCTG-1,0.611353,0.313027,0.062112,0.000064,0.013444
AATAGCTACCGCGTGC-1,0.414507,0.181171,0.322148,0.033446,0.048729
AATAGGCACGACCCTT-1,0.031753,0.000281,0.000422,0.187199,0.780345
AATAGTCCGTCCCGAC-1,0.291456,0.013271,0.552453,0.078164,0.064656
AATAGTCGCGAGTCGG-1,0.528257,0.171912,0.084033,0.04219,0.173607
AATATCAAGGTCGGAT-1,0.549589,0.448377,0.000871,0.000581,0.000581
AATATCCTAGCAAACT-1,0.999707,0.000065,0.000098,0.000065,0.000065
AATATCGAATCAATGC-1,0.00001,0.607048,0.08502,0.271818,0.036104
AATATCGAGGGTTCTC-1,0.125972,0.126198,0.445246,0.034138,0.268446
AATATTGGAGTATTGA-1,0.312854,0.101668,0.040537,0.458143,0.086799
AATCAGACTGCAGGAC-1,0.723457,0.109098,0.103574,0.000205,0.063666
AATCAGGTTTCATTTA-1,0.151794,0.144134,0.273509,0.366819,0.063744
AATCATGTAAAGACTC-1,0.215681,0.278375,0.258175,0.03528,0.212489
AATCCAAGGGCCTGAG-1,0.813218,0.000207,0.00031,0.000207,0.186058
AATCCATGCAAGGGTG-1,0.967002,0.000194,0.026613,0.000194,0.005997
AATCCCGCTCAGAGCC-1,0.033841,0.000042,0.044742,0.071797,0.849578
AATCGAGGTCTCAAGG-1,0.149612,0.000199,0.000299,0.000199,0.84969
AATCGCCTCAGCGCCA-1,0.379179,0.023177,0.135595,0.018547,0.443502
AATCGCGCAGAGGACT-1,0.267926,0.311248,0.204283,0.007541,0.209001
AATCGGGACACTACGA-1,0.173162,0.000084,0.000126,0.000084,0.826545
AATCGGTATAGCCCTC-1,0.107217,0.213411,0.598648,0.063621,0.017103
AATCGTGAGCCGAGCA-1,0.189995,0.231197,0.321604,0.253624,0.003581
AATCTAGGTTTACTTG-1,0.14334,0.083111,0.001575,0.184775,0.587199
AATCTATGCCGGAGCC-1,0.015162,0.077598,0.329055,0.133291,0.444894
AATCTCTACTGTGGTT-1,0.822616,0.129966,0.002091,0.045068,0.000259
AATCTGCGTTGGGACG-1,0.010579,0.25598,0.046733,0.298273,0.388435
AATCTGGCTTTCTAGT-1,0.992228,0.007105,0.000286,0.000191,0.000191
AATCTGGGTAGACCCT-1,0.212744,0.007862,0.017542,0.095344,0.666508
AATGACAGCAATGTCT-1,0.155885,0.078445,0.11692,0.495306,0.153445
AATGACGTAGGATGTC-1,0.01176,0.146728,0.49413,0.125033,0.222349
AATGACTGTCAGCCGG-1,0.008934,0.021731,0.008178,0.569893,0.391264
AATGAGTTCGCATATG-1,0.998705,0.000288,0.000432,0.000288,0.000288
AATGATGATACGCTAT-1,0.320235,0.017217,0.350384,0.097135,0.215029
AATGATGCGACTCCTG-1,0.242705,0.088961,0.289249,0.01706,0.362025
AATGCAACCGGGTACC-1,0.613889,0.023287,0.002505,0.030359,0.329961
AATGCACCAAGCAATG-1,0.240195,0.093323,0.235015,0.061285,0.370181
AATGGCCGCCAATGCG-1,0.183091,0.563513,0.027363,0.142902,0.083131
AATGGTCCACCGTTCA-1,0.999251,0.000166,0.00025,0.000166,0.000166
AATGGTTCTCACAAGC-1,0.675184,0.000224,0.000337,0.000224,0.324031
AATGTATGGCACTGTA-1,0.263908,0.037779,0.005821,0.126563,0.56593
AATGTGCCCGAGGTGT-1,0.474617,0.015928,0.404772,0.054656,0.050027
AATGTGCTAATCTGAG-1,0.064763,0.348885,0.169668,0.3734,0.043283
AATGTTAAGACCCTGA-1,0.116284,0.000038,0.163449,0.425528,0.294701
AATGTTGTCGTGAGAC-1,0.237091,0.239084,0.461122,0.008032,0.05467
AATTAAAGGTCGGCGT-1,0.344444,0.000046,0.3802,0.16921,0.106101
AATTAACGGATTTCCA-1,0.295476,0.037878,0.461825,0.160849,0.043971
AATTACGAGACCCATC-1,0.704509,0.006093,0.002898,0.112075,0.174425
AATTACTCGTACGCTC-1,0.520695,0.283509,0.000218,0.000145,0.195434
AATTAGCGCTGCAGCG-1,0.055326,0.00564,0.226492,0.24969,0.462852
AATTATACCCAGCAAG-1,0.267687,0.002022,0.064029,0.020894,0.645368
AATTCATAAGGGATCT-1,0.011513,0.128764,0.295355,0.217861,0.346507
AATTCATTGTCATGCA-1,0.277776,0.176171,0.005483,0.267611,0.272958
AATTCCAAGCATGTAC-1,0.113994,0.180041,0.286455,0.331769,0.087741
AATTCGATTCGAGGAT-1,0.350907,0.501724,0.027802,0.063828,0.055739
AATTCTAGAGTTAGGC-1,0.382763,0.026648,0.406053,0.014375,0.170162
AATTGAACGCTCTGGT-1,0.059291,0.207663,0.301738,0.205476,0.225832
AATTGCAGCAATCGAC-1,0.237165,0.450885,0.268939,0.002238,0.040773
AATTGCGTGGATTACA-1,0.818977,0.165577,0.015201,0.000122,0.000122
AATTGTGGTTGCCAAA-1,0.148974,0.389592,0.375162,0.059302,0.026969
AATTTGGGACATAGTA-1,0.799326,0.000101,0.002617,0.03939,0.158567
AATTTGGTTCCAAAGA-1,0.047473,0.003164,0.055767,0.579367,0.31423
ACAAACCATGCGTCCT-1,0.309691,0.092856,0.000045,0.005254,0.592154
ACAAACCGACAAGGCG-1,0.522897,0.011485,0.000119,0.000079,0.46542
ACAAACTCCATCAGAG-1,0.572859,0.00004,0.202118,0.00004,0.224943
ACAAAGAAGGTAGGCC-1,0.843194,0.156599,0.000089,0.000059,0.000059
ACAAAGCATGACCTAG-1,0.168612,0.439746,0.270205,0.008418,0.113019
ACAAATCGCACCGAAT-1,0.067909,0.030361,0.259891,0.479411,0.162428
ACAAATGGTAGTGTTT-1,0.052136,0.203861,0.307426,0.25162,0.184957
ACAAATTCAGATCTGA-1,0.271072,0.230012,0.254456,0.184541,0.05992
ACAACAGCATGAGCTA-1,0.354579,0.000043,0.501069,0.020253,0.124057
ACAACGGTCCCTGCGA-1,0.741975,0.000178,0.000268,0.000178,0.2574
ACAAGCAGTGCCTAGC-1,0.439059,0.000109,0.046774,0.087275,0.426783
ACAAGCTATATGGAAG-1,0.999672,0.000073,0.000109,0.000073,0.000073
ACAAGGAAATCCGCCC-1,0.096454,0.002205,0.330841,0.327356,0.243144
ACAAGGACAAGAGGTT-1,0.092472,0.002556,0.000698,0.321051,0.583222
ACAAGGATGCTTTAGG-1,0.300039,0.095456,0.265187,0.220685,0.118634
ACAAGGCCTACCAGCC-1,0.193831,0.252861,0.021071,0.399256,0.132981
ACAAGGGCAGGCTCTG-1,0.70952,0.000049,0.255253,0.000197,0.034981
ACAAGTAATTGTAAGG-1,0.000194,0.000194,0.00029,0.004479,0.994843
ACAATAGTCGTACGTT-1,0.041017,0.122391,0.000043,0.36052,0.476029
ACAATCCATTTAAACC-1,0.500944,0.000076,0.028902,0.000076,0.470003
ACAATCGATCTTTATA-1,0.573801,0.000431,0.313746,0.000431,0.111591
ACAATGAATACGGAGA-1,0.428588,0.087432,0.417456,0.049066,0.017458
ACAATGATTCTTCTAC-1,0.208952,0.55747,0.05648,0.148469,0.028628
ACAATTGTGTCTCTTT-1,0.026662,0.380053,0.388433,0.180395,0.024457
ACAATTTAGGAGGCTC-1,0.633459,0.365437,0.000474,0.000316,0.000316
ACAATTTGAGCAGTGG-1,0.215563,0.033399,0.400774,0.048638,0.301625
ACAATTTGGCCATATT-1,0.002859,0.53216,0.083719,0.141049,0.240213
ACACAAAGACGGGTGG-1,0.690491,0.022891,0.000123,0.00947,0.277025
ACACAAATATTCCTAG-1,0.078043,0.632213,0.097326,0.124631,0.067787
ACACACCAGGACCAGT-1,0.000008,0.050601,0.153112,0.754914,0.041366
ACACACTTTCTACACG-1,0.099751,0.000064,0.000096,0.097509,0.80258
ACACATGATCAAATCT-1,0.613796,0.050447,0.027928,0.198013,0.109816
ACACATTTCCGTAGAC-1,0.042778,0.436237,0.093153,0.353223,0.07461
ACACCACATAATTAGC-1,0.032426,0.31479,0.212355,0.227651,0.212778
ACACCCAGCATGCAGC-1,0.773175,0.000103,0.000154,0.000103,0.226465
ACACCCGAGAAATCCG-1,0.135501,0.060457,0.004997,0.267714,0.531331
ACACCCGTAAATCTGT-1,0.000007,0.444095,0.000028,0.42114,0.13473
ACACCGAGCGCTCTTT-1,0.464483,0.142527,0.051326,0.100705,0.240959
ACACCGGTCTGACCGC-1,0.210629,0.108552,0.020295,0.500807,0.159718
ACACCTTAAGTAGGGC-1,0.315326,0.025131,0.02171,0.123512,0.51432
ACACCTTACTACTTGC-1,0.299046,0.297363,0.355822,0.015075,0.032694
ACACGAGACTCCTTCT-1,0.166921,0.000034,0.564118,0.09832,0.170607
ACACGGCACTATGCAT-1,0.033245,0.086431,0.000081,0.303533,0.576709
ACACGGGAACTTAGGG-1,0.281626,0.000046,0.133544,0.374297,0.210487
ACACGTAGGCCACAAG-1,0.038095,0.308106,0.331183,0.264638,0.057978
ACACTCCAATGTCACT-1,0.998862,0.000253,0.000379,0.000253,0.000253
ACACTGATCAAGGTGT-1,0.002128,0.14666,0.625886,0.182439,0.042887
ACACTGGGACAGTCGT-1,0.006959,0.664127,0.181998,0.146041,0.000875
ACAGAACTGAGAACAA-1,0.081665,0.155479,0.035885,0.467514,0.259457
ACAGATTAGGTTAGTG-1,0.998809,0.000265,0.000397,0.000265,0.000265
ACAGCATAGAGCCAGT-1,0.013653,0.048555,0.000093,0.246074,0.691625
ACAGCGACATTCTCAT-1,0.082852,0.094935,0.700402,0.002581,0.11923
ACAGCGCACCCGCAGC-1,0.076792,0.103773,0.059908,0.348655,0.410872
ACAGGCACGGATCCTT-1,0.163788,0.582733,0.238051,0.004428,0.011
ACAGGCTTGCCCGACT-1,0.338255,0.21631,0.301748,0.085891,0.057797
ACAGGTGGAGGTGAGG-1,0.671845,0.101902,0.215269,0.000044,0.010941
ACAGGTGTGTTGTTGC-1,0.999632,0.000082,0.000123,0.000082,0.000082
ACAGTAATACAACTTG-1,0.891847,0.003259,0.080538,0.024213,0.000143
ACAGTATACCGTGGGA-1,0.206059,0.267419,0.478799,0.047688,0.000035
ACAGTGCAGCGCATTT-1,0.002786,0.323571,0.000023,0.61649,0.057131
ACATAAGTCGTGGTGA-1,0.846446,0.05371,0.099579,0.000132,0.000132
ACATAATAAGGCGGTG-1,0.180847,0.11401,0.031087,0.120118,0.553939
ACATACAATCAAGCGG-1,0.355498,0.000451,0.089792,0.000451,0.553807
ACATCAGCTGGGACGC-1,0.999278,0.00016,0.000241,0.00016,0.00016
ACATCCCGGCCATACG-1,0.482279,0.010626,0.35301,0.013586,0.140499
ACATCCTGGTAACTGT-1,0.490827,0.167865,0.190408,0.000042,0.150859
ACATCGATCGTTTACC-1,0.221133,0.000052,0.33644,0.018418,0.423958
ACATCGCAATATTCGG-1,0.239671,0.000652,0.000978,0.000652,0.758048
ACATCGGTCAGCCGCG-1,0.057768,0.071236,0.087405,0.517187,0.266403
ACATCGTATGCAATGG-1,0.283816,0.041065,0.311295,0.151738,0.212087
ACATCGTTAACCTAGT-1,0.404899,0.059602,0.027617,0.101492,0.40639
ACATCTCAACGCGTAA-1,0.015276,0.121675,0.000075,0.552339,0.310634
ACATGCTTACGGCAGC-1,0.057409,0.02769,0.008471,0.392817,0.513614
ACATGGCGCCAAAGTA-1,0.332836,0.235988,0.198319,0.006753,0.226104
ACATGGCTCAATTTAG-1,0.700644,0.227128,0.000685,0.071086,0.000457
ACATTAGTTTATATCC-1,0.010169,0.077228,0.62987,0.181504,0.101228
ACATTCGCGCGGAATA-1,0.673265,0.117769,0.135739,0.036272,0.036955
ACATTTGAAACCTAAC-1,0.4811,0.099245,0.385083,0.000033,0.034539
ACCAAACACCCAGCGA-1,0.072821,0.252245,0.463852,0.150933,0.06015
ACCAAACTAGAAATCC-1,0.777451,0.000147,0.00022,0.000147,0.222036
ACCAACACCACACACT-1,0.196618,0.292204,0.325367,0.054153,0.131658
ACCAACCGCACTCCAC-1,0.347585,0.263893,0.367604,0.013755,0.007163
ACCAACGCTTATTTAT-1,0.322182,0.103868,0.375447,0.000651,0.197852
ACCAAGAACGCGTGTC-1,0.755656,0.000129,0.000194,0.000129,0.243891
ACCAAGTCATCGGCAG-1,0.436592,0.297095,0.266183,0.00003,0.000099
ACCAATATGCAAGTTA-1,0.123931,0.086609,0.011818,0.056174,0.721467
ACCACAACTCAGAACA-1,0.43539,0.065597,0.001498,0.086058,0.411456
ACCACAAGTTTCTATC-1,0.52095,0.001815,0.045456,0.10943,0.322349
ACCACACGGTTGATGG-1,0.056435,0.000516,0.322537,0.398389,0.222123
ACCACCAATGTAACAA-1,0.230643,0.13937,0.522517,0.067468,0.040002
ACCACCCTCTCTTCTA-1,0.000023,0.632577,0.17328,0.192854,0.001267
ACCACGTGCAGCTATA-1,0.245196,0.000044,0.446734,0.04485,0.263175
ACCACTGTTCAAGAAG-1,0.428924,0.293029,0.000141,0.00015,0.277757
ACCAGACCATAACAAC-1,0.665656,0.199271,0.000147,0.034661,0.100266
ACCAGCCCGGTCTTTG-1,0.009246,0.385936,0.004829,0.257383,0.342606
ACCAGGAGTGTGATCT-1,0.39733,0.044509,0.000743,0.000586,0.556832
ACCAGTGCCCGGTCAA-1,0.524256,0.070802,0.328974,0.07582,0.000149
ACCAGTGCGGGAGACG-1,0.113733,0.179208,0.327818,0.216443,0.162799
ACCATATCCGCAATAA-1,0.351508,0.000032,0.462089,0.036869,0.149502
ACCATCCGCCAACTAG-1,0.990636,0.000124,0.008993,0.000124,0.000124
ACCATCGTATATGGTA-1,0.337622,0.014998,0.178506,0.137262,0.331612
ACCATTAAGGGTGTCA-1,0.531034,0.220103,0.009288,0.10509,0.134484
ACCCAACGCCCGTGGC-1,0.353483,0.000037,0.509023,0.011582,0.125876
ACCCACCTACATGCTC-1,0.999054,0.00021,0.000315,0.00021,0.00021
ACCCATCTTGAGGGTA-1,0.305968,0.064209,0.07351,0.232586,0.323726
ACCCATTTGTCCCTCT-1,0.055229,0.222643,0.385635,0.158306,0.178186
ACCCGAGCGAAATTAC-1,0.010466,0.246014,0.079174,0.653895,0.010451
ACCCGATTGGTTCCGA-1,0.002767,0.608685,0.073543,0.311342,0.003663
ACCCGGAAACTCCCAG-1,0.048143,0.145476,0.29473,0.409111,0.10254
ACCCGGAGCACCACAA-1,0.31605,0.309799,0.292239,0.014042,0.067871
ACCCGGATGACGCATC-1,0.008067,0.122935,0.10316,0.694869,0.070969
ACCCGGTTACACTTCC-1,0.02722,0.131621,0.383279,0.122366,0.335514
ACCCGTAGCAGAGAAT-1,0.484681,0.125604,0.055821,0.132935,0.200959
ACCCGTAGTCTAGTTG-1,0.112962,0.626886,0.081814,0.095173,0.083165
ACCCGTGTCATCAGTA-1,0.176417,0.115657,0.376722,0.225353,0.10585
ACCCTATAGGACTGAG-1,0.998487,0.000336,0.000504,0.000336,0.000336
ACCCTATGCCATATCG-1,0.259418,0.134518,0.30952,0.154424,0.142119
ACCCTCCCGTCAGGGC-1,0.168702,0.711789,0.054258,0.011283,0.053968
ACCCTCCCTTGCTATT-1,0.056654,0.126906,0.303098,0.332098,0.181245
ACCCTGGTAACGCCCT-1,0.198303,0.386899,0.367354,0.042677,0.004766
ACCCTTCATCTGCGAA-1,0.617273,0.000135,0.000203,0.000135,0.382254
ACCCTTGCCTGGGTCG-1,0.047571,0.597208,0.07922,0.037061,0.23894
ACCCTTTAGTTCTCCA-1,0.295842,0.001134,0.000113,0.008329,0.694582
ACCGAAAGGGCCCTGC-1,0.580707,0.000148,0.000222,0.000148,0.418776
ACCGAAGAGTCTGGTT-1,0.648266,0.040576,0.059611,0.173162,0.078386
ACCGACACATCTCCCA-1,0.14059,0.097168,0.519396,0.190772,0.052074
ACCGACTGAGTCCCAC-1,0.07565,0.17304,0.083605,0.241104,0.426601
ACCGAGTCTCCTTATT-1,0.200233,0.309492,0.213319,0.024367,0.252589
ACCGATAGGCATAACC-1,0.398307,0.220573,0.381072,0.000024,0.000024
ACCGATATTTAATCAT-1,0.279323,0.195561,0.38815,0.133257,0.003708
ACCGATGGTAGCATCG-1,0.231636,0.00004,0.608848,0.020657,0.138819
ACCGCAATAACTGCCT-1,0.475853,0.072686,0.287014,0.057549,0.106898
ACCGCGGTGGAAGTCG-1,0.007173,0.480414,0.241729,0.18508,0.085603
ACCGCTAGTCATTGGT-1,0.129774,0.143118,0.04946,0.604065,0.073583
ACCGGGCCTTTGTTGA-1,0.078778,0.200875,0.271124,0.380725,0.068498
ACCGGTCAGGTACACC-1,0.722103,0.08165,0.058013,0.108163,0.03007
ACCGGTCTGAGTACGG-1,0.057736,0.196098,0.072641,0.531513,0.142012
ACCGTCCACTGGGCCC-1,0.97958,0.000079,0.020183,0.000079,0.000079
ACCGTGACCACGTGGG-1,0.004452,0.37413,0.339165,0.276305,0.005949
ACCGTTCCCGCTCTGA-1,0.730246,0.050845,0.027635,0.01279,0.178485
ACCTAAGTACCTTTCA-1,0.757587,0.018563,0.094086,0.082683,0.047081
ACCTAATCGACTTCCT-1,0.30096,0.21224,0.000121,0.014056,0.472623
ACCTACAGTATGTGGT-1,0.033117,0.142398,0.349299,0.244348,0.230837
ACCTACTATAAATCTA-1,0.017879,0.308097,0.331111,0.304101,0.038812
ACCTCAGCGAGGCGCA-1,0.007274,0.007274,0.01091,0.967269,0.007274
ACCTCCGCCCTCGCTG-1,0.0725,0.447685,0.298286,0.004262,0.177267
ACCTCCGTTATTCACC-1,0.007188,0.056347,0.603535,0.259353,0.073577
ACCTCGAACTTATGCT-1,0.75761,0.056261,0.018072,0.101842,0.066215
ACCTGCGTGTCATGTT-1,0.539102,0.025221,0.016352,0.205583,0.213742
ACCTTTCCTTTAGAAG-1,0.517871,0.303165,0.105318,0.000514,0.073132
ACGAAATGGGCGGCAC-1,0.266866,0.043527,0.011113,0.164354,0.51414
ACGACCCATGAGTTGC-1,0.157489,0.348442,0.379091,0.099564,0.015415
ACGACTCTAGGGCCGA-1,0.264876,0.019043,0.654334,0.022466,0.039281
ACGACTGGTCATACTC-1,0.491656,0.210505,0.297782,0.000028,0.000028
ACGAGAACCCATCACG-1,0.875373,0.000186,0.000279,0.000186,0.123974
ACGAGATATTTGCTTA-1,0.141977,0.037191,0.009439,0.289722,0.52167
ACGAGGATACCACTCT-1,0.296469,0.056445,0.023849,0.238325,0.384912
ACGAGGTTTACAACGT-1,0.991902,0.000127,0.007718,0.000127,0.000127
ACGAGTACGGATGCCC-1,0.146286,0.139175,0.348032,0.130634,0.235873
ACGATACATAGAACTA-1,0.546068,0.000054,0.133049,0.005574,0.315255
ACGATACCTATCCTGA-1,0.999743,0.000057,0.000086,0.000057,0.000057
ACGATCATACATAGAG-1,0.367965,0.000065,0.024092,0.149899,0.45798
ACGATCATCTTGTAAA-1,0.31542,0.039818,0.564792,0.021627,0.058343
ACGATGCATATGTTAT-1,0.096086,0.002675,0.169843,0.511816,0.21958
ACGATGGATCCGATGC-1,0.061398,0.002754,0.030245,0.327302,0.578301
ACGCAAACTAATAGAT-1,0.011139,0.287139,0.364812,0.303758,0.033152
ACGCAATCACTACAGC-1,0.051299,0.121912,0.55979,0.120855,0.146144
ACGCATAAATGACATG-1,0.208203,0.45582,0.000049,0.031779,0.30415
ACGCATACGTTTACTA-1,0.184977,0.221534,0.567944,0.001817,0.023728
ACGCATTCGTGAGTAC-1,0.150565,0.044796,0.249979,0.402948,0.151712
ACGCCACTCGAAACAG-1,0.592884,0.209413,0.197573,0.000065,0.000065
ACGCCAGATGATTTCT-1,0.152585,0.044028,0.13661,0.276112,0.390664
ACGCCAGTGCGTTTGC-1,0.055894,0.172925,0.573425,0.173384,0.024372
ACGCCCAGCTGTCGAT-1,0.586461,0.000122,0.000183,0.000122,0.413111
ACGCCGCTAGACGACC-1,0.185877,0.005446,0.291393,0.058685,0.458599
ACGCGAAGTCAGACGA-1,0.023643,0.00126,0.371397,0.448556,0.155144
ACGCGCTACACAGGGT-1,0.737874,0.008798,0.013676,0.010455,0.229197
ACGCGGGCCAAGGACA-1,0.173715,0.03373,0.452998,0.129848,0.209708
ACGCGTTTCTTAAGAG-1,0.499725,0.421525,0.077802,0.000474,0.000474
ACGCTACTGAATGGGC-1,0.461467,0.010761,0.423549,0.059885,0.044337
ACGCTAGTATCAGTGC-1,0.001153,0.645118,0.000018,0.21754,0.13617
ACGCTAGTGATACACT-1,0.184754,0.049281,0.349569,0.083651,0.332745
ACGCTGTGAGGCGTAG-1,0.788153,0.068983,0.000107,0.000071,0.142685
ACGCTTAGTGTCTCTC-1,0.014769,0.014825,0.000133,0.245122,0.725152
ACGGAACACGAGTGCC-1,0.389629,0.042538,0.438959,0.024926,0.103947
ACGGAATTTAGCAAAT-1,0.909612,0.000198,0.000297,0.000198,0.089694
ACGGACGCAGCGACAA-1,0.069638,0.032504,0.004875,0.541915,0.351069
ACGGACTCTCAAAGCG-1,0.049268,0.155647,0.101221,0.18143,0.512434
ACGGAGCGCAAATTAC-1,0.426521,0.025704,0.357692,0.116721,0.073362
ACGGATGGTGCGGATA-1,0.184994,0.054379,0.455498,0.245382,0.059746
ACGGCACTTGCTTGGG-1,0.334749,0.010633,0.460044,0.09351,0.101064
ACGGCCAACATGGACT-1,0.159215,0.098935,0.566247,0.124211,0.051392
ACGGCGACGATGGGAA-1,0.010291,0.259298,0.278037,0.359424,0.09295
ACGGCGGGTTGCCCTG-1,0.197958,0.000115,0.000173,0.000115,0.80164
ACGGCTGGATGTAGAA-1,0.944033,0.000161,0.055484,0.000161,0.000161
ACGGGAGTGTCGGCCC-1,0.378886,0.109345,0.075526,0.169475,0.266767
ACGGGCGTATGCGACA-1,0.00001,0.280918,0.10013,0.584748,0.034194
ACGGGTCATGTGACTT-1,0.627898,0.370659,0.000619,0.000412,0.000412
ACGGGTTGTGACCTGT-1,0.787304,0.137432,0.074957,0.000153,0.000153
ACGGTACAGTTCAATG-1,0.027429,0.237831,0.38006,0.336709,0.017971
ACGGTCACCGAGAACA-1,0.72013,0.160778,0.010451,0.047034,0.061607
ACGTACAGATTTCTCT-1,0.014033,0.069991,0.000095,0.0823,0.833581
ACGTACTTTGGCACGG-1,0.03188,0.115902,0.192699,0.599117,0.060402
ACGTAGATTGCTGATG-1,0.006739,0.000825,0.236511,0.07175,0.684175
ACGTAGGAGAGTCGCT-1,0.001925,0.399288,0.083478,0.451952,0.063356
ACGTATTACTCCGATC-1,0.020523,0.265156,0.185138,0.320021,0.209162
ACGTCCTAAACGAGAT-1,0.576094,0.422656,0.000536,0.000357,0.000357
ACGTCGGGCAACTCGG-1,0.755554,0.123966,0.000398,0.000265,0.119816
ACGTCTCGTTCCGGGA-1,0.516424,0.444846,0.000171,0.000114,0.038445
ACGTGACAAAGTAAGT-1,0.715459,0.16015,0.047527,0.011879,0.064986
ACGTGCGCCTCGTGCA-1,0.183527,0.128474,0.034997,0.367064,0.285937
ACGTGGTCGAATGTGC-1,0.091055,0.007626,0.00783,0.420283,0.473207
ACGTTAATGTCGAAGA-1,0.000029,0.014644,0.074989,0.50246,0.407879
ACGTTAGATTTGCCCG-1,0.378259,0.06946,0.090487,0.074114,0.38768
ACGTTATTGGTCACTC-1,0.998719,0.000285,0.000427,0.000285,0.000285
ACGTTCACTATGCCGC-1,0.000197,0.120609,0.014051,0.642439,0.222704
ACGTTCCGCGCTCCGT-1,0.741828,0.000194,0.000292,0.000194,0.257491
ACGTTCGCAATCAATT-1,0.248301,0.188169,0.487743,0.041826,0.033961
ACGTTCGTTCAGGAAA-1,0.464476,0.026555,0.508899,0.000035,0.000035
ACGTTCTGTACAAGTC-1,0.180366,0.28274,0.487551,0.04228,0.007062
ACGTTGTCGTTGAAAG-1,0.707673,0.002646,0.122301,0.075595,0.091784
ACGTTTAGTTGTGATC-1,0.348498,0.000324,0.000166,0.000111,0.650902
ACGTTTCGGTGCACTT-1,0.446719,0.023019,0.081286,0.287051,0.161925
ACTAAGGACGCACACC-1,0.300198,0.443664,0.038237,0.001734,0.216166
ACTAATACGTCAGGCG-1,0.000756,0.284891,0.032366,0.606407,0.07558
ACTACAAAGAGAGGTG-1,0.442686,0.041346,0.515907,0.00003,0.00003
ACTACATCCCGACAAG-1,0.177869,0.113817,0.011528,0.158972,0.537814
ACTACCAGCTCTCTGG-1,0.104252,0.076598,0.047116,0.448622,0.323412
ACTACCATCCGAGGGC-1,0.551131,0.027257,0.133293,0.076792,0.211527
ACTACGCGTTAGAATT-1,0.558992,0.012095,0.423363,0.000063,0.005487
ACTAGTTGCGATCGTC-1,0.018635,0.400035,0.125951,0.065905,0.389474
ACTATATGCTGTGTTC-1,0.076689,0.174628,0.179202,0.338562,0.230919
ACTATCCAGGGCATGG-1,0.239239,0.056488,0.609648,0.014322,0.080303
ACTATCGCCGGCTAAA-1,0.50719,0.03512,0.021481,0.148303,0.287905
ACTATCTGCCCGCGTA-1,0.171071,0.2556,0.556187,0.012984,0.004158
ACTATGTCCAGCTGCC-1,0.000009,0.358454,0.000014,0.502129,0.139395
ACTATTCGTCCGTGGT-1,0.12216,0.013263,0.006689,0.248937,0.608951
ACTATTTCCGGGCCCA-1,0.071732,0.337151,0.285056,0.20409,0.101972
ACTCAACGAATGTATT-1,0.774356,0.031678,0.171843,0.00021,0.021912
ACTCAAGTGCAAGGCT-1,0.228696,0.228321,0.346937,0.167117,0.028929
ACTCAATAAAGGCACG-1,0.292996,0.056541,0.054887,0.179042,0.416535
ACTCAGACCTGCTTCT-1,0.588272,0.217861,0.001065,0.00071,0.192091
ACTCATGGCAGCCTTC-1,0.286813,0.047498,0.030161,0.288471,0.347057
ACTCCAATATCATCAT-1,0.024928,0.479287,0.115614,0.373037,0.007135
ACTCCCATTCCTAAAG-1,0.394367,0.112076,0.004714,0.150993,0.33785
ACTCCCGAATTCGTTT-1,0.002193,0.096293,0.573916,0.238759,0.088839
ACTCCCGTAGACTAGG-1,0.005309,0.522314,0.220226,0.241015,0.011136
ACTCCCTAATGCTAAA-1,0.040501,0.287705,0.057109,0.354476,0.260209
ACTCCCTAGAATAGTA-1,0.074428,0.000035,0.129607,0.380135,0.415795
ACTCCGGCCGACCACT-1,0.029971,0.760109,0.019705,0.154657,0.035558
ACTCGATGTATTTCAT-1,0.997386,0.000581,0.000871,0.000581,0.000581
ACTCGCCGTTCGATAA-1,0.002966,0.51459,0.196105,0.281415,0.004925
ACTCGCGATCTGACGC-1,0.375736,0.333734,0.286809,0.000049,0.003672
ACTCGTAACCCGTCCT-1,0.457321,0.052603,0.039743,0.271906,0.178427
ACTCGTCAGTAATCCC-1,0.105369,0.000033,0.56466,0.040784,0.289154
ACTCTAAACCTGGGAT-1,0.999537,0.000103,0.000154,0.000103,0.000103
ACTCTCTGACTTAGGT-1,0.176158,0.022402,0.247465,0.040958,0.513017
ACTCTCTTATACACGA-1,0.178888,0.050739,0.007813,0.23395,0.528609
ACTCTGACCTAATAGA-1,0.111657,0.565681,0.125281,0.023633,0.173749
ACTCTTCAGCTCCCGC-1,0.000013,0.556788,0.065496,0.377309,0.000393
ACTCTTGTATAGTAAC-1,0.130901,0.037169,0.592805,0.031331,0.207795
ACTGAAACGCCGTTAG-1,0.478838,0.116471,0.392854,0.001679,0.010159
ACTGAATGGCGAAAGT-1,0.339826,0.010591,0.36253,0.204204,0.08285
ACTGATTTAGTGATTC-1,0.014984,0.041954,0.004406,0.508768,0.429888
ACTGCCCGCCATTCTC-1,0.24088,0.516192,0.073748,0.055688,0.113492
ACTGCCGTCGTAACTC-1,0.133961,0.000087,0.002377,0.246106,0.617469
ACTGCGGACACACCGT-1,0.000367,0.48317,0.044334,0.065355,0.406774
ACTGCTCGGAAGGATG-1,0.530017,0.141796,0.080952,0.143471,0.103764
ACTGGCGAACCTGCGT-1,0.000009,0.692979,0.000858,0.305799,0.000355
ACTGGGATGCCAGTGC-1,0.023078,0.261934,0.265485,0.244075,0.205429
ACTGTACGATACACAT-1,0.046534,0.014608,0.481897,0.081516,0.375445
ACTGTAGCACTTTGGA-1,0.624373,0.000104,0.000156,0.000104,0.375262
ACTGTATACGCGAGCA-1,0.818701,0.000269,0.067699,0.000269,0.113063
ACTGTCCAGGATTATA-1,0.680026,0.00007,0.019097,0.017127,0.283679
ACTGTCTTCTTTAGAA-1,0.282526,0.000075,0.02888,0.084059,0.60446
ACTGTGCTAGTAGATC-1,0.99845,0.000344,0.000517,0.000344,0.000344
ACTGTTTAGTGTAGGC-1,0.71668,0.000834,0.280818,0.000834,0.000834
ACTTACCGGGCGCGCA-1,0.355806,0.032577,0.255491,0.203909,0.152217
ACTTACGCATCCACGC-1,0.005781,0.478842,0.093234,0.353512,0.068631
ACTTAGTACGACAAGA-1,0.998659,0.000298,0.000447,0.000298,0.000298
ACTTATACTTACCCGG-1,0.0822,0.003768,0.488635,0.163429,0.261968
ACTTATCTGATCTATA-1,0.596421,0.050377,0.000212,0.000138,0.352853
ACTTATTAGGATCGGT-1,0.412953,0.00006,0.2223,0.057682,0.307006
ACTTATTTATGTGCCA-1,0.024893,0.287066,0.189755,0.21648,0.281806
ACTTCAGGCTGATCCC-1,0.063196,0.124097,0.225663,0.446926,0.140117
ACTTCCAGTGGAAGCT-1,0.966229,0.000117,0.000176,0.000117,0.033361
ACTTCCATGCGGGACA-1,0.099469,0.113605,0.22631,0.289184,0.271433
ACTTCCTGTCGTGCGA-1,0.068923,0.257151,0.000045,0.005259,0.668622
ACTTCGCCATACGCAC-1,0.006605,0.072173,0.197564,0.156278,0.56738
ACTTCGCTAGCGAGTG-1,0.036846,0.672175,0.264957,0.022201,0.003822
ACTTGACTCCCTCTTT-1,0.057861,0.00004,0.423509,0.236069,0.282521
ACTTGCCATATTGTAC-1,0.788533,0.000312,0.000468,0.000312,0.210375
ACTTGCTCTATCTACC-1,0.701019,0.214701,0.000094,0.000063,0.084123
ACTTGGGACCCGGTGG-1,0.488275,0.010276,0.000105,0.035979,0.465365
ACTTGGGCTTTCGCCA-1,0.002798,0.503613,0.191653,0.002798,0.299139
ACTTGTAGTCCCTTCA-1,0.683536,0.240731,0.074908,0.000412,0.000412
ACTTGTGGATGGAACG-1,0.072599,0.350507,0.393858,0.159156,0.02388
ACTTGTTACCGGATCA-1,0.499686,0.022663,0.043805,0.006134,0.427712
ACTTTACCCTCATGAA-1,0.188526,0.073753,0.624049,0.056674,0.056998
ACTTTATACACCACTT-1,0.857817,0.141749,0.000186,0.000124,0.000124
ACTTTCCTATAGCTTC-1,0.441809,0.077834,0.288821,0.098804,0.092732
ACTTTGACTGCATCCT-1,0.999411,0.000131,0.000196,0.000131,0.000131
ACTTTGGTCGTGCTCC-1,0.985197,0.014337,0.0002,0.000133,0.000133
ACTTTGTCGACGCACT-1,0.277473,0.336654,0.281109,0.000152,0.104613
AGAAATTATGACTCGC-1,0.131919,0.470445,0.22344,0.019097,0.155099
AGAACACGGCGATGGT-1,0.773284,0.043745,0.036435,0.015379,0.131157
AGAACCCAGCGTGACA-1,0.06548,0.458096,0.390378,0.083488,0.002559
AGAACCCTCAATTGGG-1,0.549497,0.366048,0.012477,0.019237,0.052741
AGAACGTGGTACATTC-1,0.329074,0.016903,0.098413,0.218213,0.337397
AGAACTGTACTTTGTA-1,0.049386,0.074885,0.416716,0.269831,0.189182
AGAAGAGCGCCGTTCC-1,0.610241,0.000748,0.387514,0.000748,0.000748
AGAAGGTACACTTCAC-1,0.407819,0.060222,0.019173,0.000075,0.512711
AGAAGGTTGCCGAATT-1,0.105765,0.015646,0.183574,0.476666,0.218349
AGAAGGTTGTAGGTCG-1,0.261938,0.243955,0.268753,0.165495,0.05986
AGAAGTGATTCGTGAT-1,0.521991,0.120331,0.212965,0.050945,0.093768
AGAATAAATCTTCAGG-1,0.999181,0.000182,0.000273,0.000182,0.000182
AGAATACAGGCTATCC-1,0.707058,0.00008,0.114351,0.004245,0.174266
AGAATGCGGGTTCGGA-1,0.060874,0.269499,0.335232,0.310476,0.02392
AGAATTATGGATTCGA-1,0.086276,0.000029,0.673205,0.065448,0.175042
AGAATTGTTTGACATA-1,0.998823,0.000262,0.000392,0.000262,0.000262
AGACAGCTCAGAATCC-1,0.9949,0.000175,0.000263,0.000175,0.004487
AGACAGGCATCTCAGC-1,0.169171,0.702709,0.041137,0.00758,0.079404
AGACATAGATCCTTCC-1,0.511855,0.221986,0.000795,0.264834,0.00053
AGACCAAACCACACCT-1,0.584705,0.213903,0.201089,0.000152,0.000152
