Barcode,Topic 1,Topic 2,Topic 3,Topic 4to5,Topic 6to11
AAACAAGTATCTCCCA-1,0.000042,0.474486,0.062591,0.147339,0.315542
AAACAATCTACTAGCA-1,0.000016,0.000016,0.101839,0.164514,0.733615
AAACACCAATAACTGC-1,0.000023,0.000023,0.000023,0.328781,0.671149
AAACAGAGCGACTCCT-1,0.001073,0.043825,0.023008,0.193699,0.738396
AAACAGCTTTCAGAAG-1,0.000058,0.000058,0.151,0.848536,0.000348
AAACAGGGTCTATATT-1,0.000016,0.000016,0.121083,0.020881,0.858004
AAACAGTGTTCCTGGG-1,0.000019,0.022826,0.018052,0.645737,0.313366
AAACATGGTGAGAGGA-1,0.000021,0.001389,0.708561,0.289116,0.000912
AAACATTTCCCGGATT-1,0.000051,0.819599,0.119743,0.060302,0.000305
AAACCACTACACAGAT-1,0.000036,0.000036,0.190114,0.332778,0.477036
AAACCCGAACGAAATC-1,0.000018,0.00874,0.000018,0.215522,0.775701
AAACCGGAAATGTTAA-1,0.000013,0.036098,0.008626,0.005396,0.949868
AAACCGGGTAGGTACC-1,0.000016,0.000016,0.000016,0.159417,0.840535
AAACCGTTCGTCCAGG-1,0.000421,0.000016,0.002906,0.058163,0.938494
AAACCTAAGCAGCCGG-1,0.000026,0.793987,0.205781,0.000051,0.000154
AAACCTCATGAAGTTG-1,0.00003,0.00003,0.156786,0.277343,0.56581
AAACGAAGAACATACC-1,0.000024,0.000024,0.000024,0.218223,0.781706
AAACGAAGATGGAGTA-1,0.000188,0.000188,0.250988,0.395455,0.35318
AAACGACAGTCTTGCC-1,0.000038,0.000038,0.314044,0.68563,0.00025
AAACGAGACGGTTGAT-1,0.004734,0.661069,0.000047,0.333867,0.000283
AAACGCCCGAGATCGG-1,0.000025,0.000025,0.193944,0.286108,0.519897
AAACGCTGGGCACGAC-1,0.000013,0.005564,0.037066,0.182611,0.774746
AAACGGGCGTACGGGT-1,0.000039,0.957664,0.024401,0.017662,0.000234
AAACGGTTGCGAACTG-1,0.000026,0.071799,0.006289,0.292053,0.629833
AAACGTGTTCGCCCTA-1,0.00001,0.00001,0.000281,0.016649,0.98305
AAACTAACGTGGCGAC-1,0.000073,0.017022,0.000073,0.705517,0.277316
AAACTCGGTTCGCAAT-1,0.000068,0.424414,0.000068,0.336241,0.239208
AAACTCGTGATATAAG-1,0.000031,0.025914,0.000031,0.16455,0.809475
AAACTGCTGGCTCCAA-1,0.000033,0.721254,0.002729,0.270411,0.005573
AAACTTAATTGCACGC-1,0.000036,0.026909,0.150034,0.494036,0.328985
AAACTTGCAAACGTAT-1,0.000042,0.000042,0.451992,0.372251,0.175674
AAAGAATGACCTTAGA-1,0.06036,0.000025,0.771798,0.167282,0.000534
AAAGAATGTGGACTAA-1,0.000027,0.725871,0.036149,0.068592,0.169361
AAAGACATGAAGTTTA-1,0.000024,0.000024,0.175313,0.393008,0.431629
AAAGACCCAAGTCGCG-1,0.000035,0.000035,0.000035,0.536229,0.463668
AAAGACTGGGCGCTTT-1,0.00004,0.00004,0.268799,0.672321,0.0588
AAAGCTTGCCTACATA-1,0.000012,0.018195,0.000012,0.073045,0.908735
AAAGGCCCTATAATAC-1,0.000007,0.000007,0.023578,0.000014,0.976393
AAAGGCTACGGACCAT-1,0.000031,0.022248,0.000031,0.449243,0.528448
AAAGGCTCTCGCGCCG-1,0.000019,0.024761,0.0067,0.070441,0.898079
AAAGGGATGTAGCAAG-1,0.001511,0.115341,0.000038,0.54277,0.340341
AAAGGGCAGCTTGAAT-1,0.000043,0.000043,0.027057,0.867029,0.105828
AAAGGTAAGCTGTACC-1,0.000051,0.044352,0.209717,0.385072,0.360808
AAAGGTCAACGACATG-1,0.000025,0.007137,0.278159,0.50677,0.207909
AAAGTAGCATTGCTCA-1,0.000026,0.002508,0.12752,0.226628,0.643319
AAAGTCACTGATGTAA-1,0.004268,0.010438,0.000037,0.38714,0.598117
AAAGTCGACCCTCAGT-1,0.00002,0.00002,0.032377,0.039401,0.928182
AAAGTGCCATCAATTA-1,0.000021,0.016072,0.000021,0.453276,0.530609
AAAGTGTGATTTATCT-1,0.000066,0.751091,0.000066,0.240782,0.007996
AAAGTTGACTCCCGTA-1,0.000032,0.663606,0.000032,0.243987,0.092343
AAATAACCATACGGGA-1,0.000034,0.010004,0.000034,0.482344,0.507584
AAATAAGGTAGTGCCC-1,0.00002,0.102857,0.069284,0.185295,0.642544
AAATACCTATAAGCAT-1,0.000039,0.74526,0.000039,0.25443,0.000232
AAATAGCTTAGACTTT-1,0.000056,0.20656,0.000056,0.515742,0.277586
AAATAGGGTGCTATTG-1,0.000044,0.808692,0.000044,0.190959,0.000262
AAATCCGATACACGCC-1,0.000027,0.99625,0.000027,0.000053,0.003644
AAATCGCGGAAGGAGT-1,0.000063,0.043188,0.423272,0.115377,0.418101
AAATCGTGTACCACAA-1,0.001274,0.000045,0.000045,0.247498,0.751138
AAATCTAGCCCTGCTA-1,0.000033,0.779877,0.153104,0.050198,0.01679
AAATCTGCCCGCGTCC-1,0.000083,0.044151,0.15431,0.800958,0.000498
AAATGACTGATCAAAC-1,0.000004,0.000004,0.00012,0.000009,0.999862
AAATGATTCGATCAGC-1,0.000031,0.004651,0.051919,0.098131,0.845269
AAATGCTCGTTACGTT-1,0.000053,0.00398,0.184849,0.810797,0.00032
AAATGGCATGTCTTGT-1,0.000028,0.084302,0.012392,0.268003,0.635275
AAATGGCCCGTGCCCT-1,0.00004,0.00004,0.00004,0.377169,0.622711
AAATGGTCAATGTGCC-1,0.00002,0.068853,0.002133,0.156585,0.772408
AAATGTATCTTATCCC-1,0.00005,0.001708,0.05442,0.671722,0.2721
AAATGTGGGTGCTCCT-1,0.000012,0.000012,0.129417,0.032924,0.837635
AAATTAACGGGTAGCT-1,0.000022,0.054635,0.000022,0.260022,0.6853
AAATTAATAAGCGCGA-1,0.000028,0.045813,0.116047,0.454006,0.384106
AAATTACACGACTCTG-1,0.001832,0.154858,0.011407,0.519484,0.312419
AAATTACCTATCGATG-1,0.000039,0.174936,0.165793,0.265162,0.39407
AAATTCCAGGTCCAAA-1,0.000014,0.010678,0.000014,0.050731,0.938563
AAATTGATAGTCCTTT-1,0.000028,0.032777,0.104077,0.22616,0.636957
AAATTGGTGAGAAGCA-1,0.000012,0.000012,0.015401,0.061038,0.923537
AAATTTACCGAAATCC-1,0.000022,0.000022,0.001331,0.137229,0.861396
AAATTTGCGGGTGTGG-1,0.00003,0.024776,0.058801,0.745537,0.170856
AACAACTGGTAGTTGC-1,0.000024,0.028199,0.000024,0.144382,0.827371
AACAATACATTGTCGA-1,0.000015,0.054912,0.150674,0.115246,0.679153
AACAATTACTCTACGC-1,0.000022,0.000022,0.030341,0.18516,0.784456
AACACACGCTCGCCGC-1,0.00169,0.627968,0.000039,0.233579,0.136724
AACACGACTGTACTGA-1,0.000022,0.000022,0.016558,0.073563,0.909834
AACACGAGACGCGGCC-1,0.00004,0.00004,0.190225,0.433914,0.375782
AACACGCGGCCGCGAA-1,0.000038,0.027601,0.085255,0.502478,0.384629
AACAGCTGTGTGGCAA-1,0.000022,0.000022,0.312011,0.259768,0.428178
AACAGGAAATCGAATA-1,0.000041,0.000041,0.000041,0.439513,0.560362
AACAGGATGGGCCGCG-1,0.000017,0.000017,0.002481,0.103106,0.894378
AACAGGTAGTATGGAT-1,0.000031,0.025356,0.079681,0.141496,0.753435
AACATAGCGTGTATCG-1,0.000019,0.843613,0.152525,0.000037,0.003807
AACATATCAACTGGTG-1,0.000015,0.029634,0.002136,0.002602,0.965613
AACATCGATACGTCTA-1,0.000011,0.019065,0.133046,0.107148,0.74073
AACATTGAAGTTGATC-1,0.000014,0.000014,0.001592,0.000028,0.998352
AACATTGTGACTCGAG-1,0.000021,0.000021,0.000021,0.116052,0.883884
AACCAAGACTTCTCTG-1,0.00003,0.00003,0.219533,0.727071,0.053336
AACCAGTATCACTCTT-1,0.00003,0.001503,0.00003,0.286009,0.712429
AACCATAGGGTTGAAC-1,0.000053,0.000053,0.201808,0.764553,0.033533
AACCATGGGATCGCTA-1,0.000077,0.000077,0.103315,0.896068,0.000463
AACCCAGAGACGGAGA-1,0.000017,0.000017,0.000017,0.202894,0.797056
AACCCATCCCATGATC-1,0.000035,0.000035,0.066891,0.438574,0.494465
AACCCGACAACCCGTG-1,0.000005,0.033503,0.346598,0.00001,0.619883
AACCCGAGCAGAATCG-1,0.000022,0.028618,0.000022,0.206066,0.765273
AACCCGATAGGGCTTC-1,0.00081,0.010086,0.196527,0.634321,0.158255
AACCCGCTGTATTCCA-1,0.000293,0.002021,0.013918,0.000009,0.98376
AACCCTACTGTCAATA-1,0.000052,0.67733,0.000052,0.258899,0.063667
AACCCTGGTGGAACCA-1,0.000018,0.000018,0.052248,0.2555,0.692216
AACCGAGCTTGGTCAT-1,0.000063,0.291793,0.000063,0.707702,0.000379
AACCGCTAAGGGATGC-1,0.000043,0.834295,0.000043,0.149051,0.016569
AACCGTTGTGTTTGCT-1,0.000052,0.000052,0.000052,0.234583,0.76526
AACCTAAAGCCGTCCG-1,0.000019,0.06077,0.012105,0.115155,0.811951
AACCTCGCTTTAGCCC-1,0.000057,0.887326,0.000057,0.112218,0.000342
AACCTGTCACGGAATT-1,0.000031,0.028471,0.02581,0.205178,0.740511
AACCTTTAAATACGGT-1,0.000029,0.269101,0.000029,0.077995,0.652846
AACCTTTACGACGTCT-1,0.00005,0.092296,0.00005,0.410011,0.497592
AACGAAAGTCGTCCCA-1,0.00004,0.008063,0.256681,0.66768,0.067535
AACGACCTCCTAGCCG-1,0.000018,0.083386,0.09052,0.148264,0.677812
AACGATAATGCCGTAG-1,0.000049,0.593354,0.263705,0.142595,0.000297
AACGATAGAAGGGCCG-1,0.000028,0.043286,0.000028,0.198135,0.758523
AACGATATGTCAACTG-1,0.000041,0.144762,0.133534,0.451498,0.270164
AACGCATGATCTGGGT-1,0.000033,0.025843,0.000033,0.173991,0.800101
AACGCGACCTTGGGCG-1,0.000034,0.013633,0.000034,0.430688,0.55561
AACGCGGTCTCCAGCC-1,0.000055,0.163154,0.000055,0.636504,0.200233
AACGCTGTTGCTGAAA-1,0.000026,0.630967,0.051616,0.002264,0.315128
AACGGACGTACGTATA-1,0.000047,0.826275,0.000047,0.173346,0.000284
AACGGCCATCTCCGGT-1,0.000023,0.083516,0.010311,0.269548,0.636601
AACGTACTGTGGGTAC-1,0.003411,0.049816,0.000021,0.068996,0.877756
AACGTAGTCTACCCAT-1,0.000023,0.019117,0.029898,0.430665,0.520297
AACGTCAGACTAGTGG-1,0.006455,0.000027,0.060228,0.319684,0.613606
AACGTCATCCGGCTTG-1,0.00001,0.038784,0.22126,0.12266,0.617286
AACGTCGCTGCACTTC-1,0.000033,0.129165,0.158623,0.108166,0.604013
AACGTGATGAAGGACA-1,0.000029,0.012581,0.038629,0.367021,0.581739
AACGTGCGAAAGTCTC-1,0.000055,0.550214,0.000055,0.394309,0.055367
AACGTTATCAGCACCT-1,0.00007,0.00007,0.134235,0.864803,0.000823
AACGTTCTACCATTGT-1,0.000007,0.000907,0.094931,0.305114,0.59904
AACTACCCGTTTGTCA-1,0.000055,0.123562,0.149719,0.55907,0.167594
AACTAGCGTATCGCAC-1,0.000013,0.000013,0.000013,0.018847,0.981113
AACTAGGCTTGGGTGT-1,0.00005,0.084865,0.077758,0.31451,0.522817
AACTCAAGTTAATTGC-1,0.000015,0.000015,0.000522,0.164351,0.835097
AACTCCAGAGCGTGTT-1,0.000058,0.859351,0.06578,0.074461,0.00035
AACTCCTAATCCCATG-1,0.000019,0.079751,0.000372,0.170487,0.749371
AACTCGATGGCGCAGT-1,0.000081,0.000081,0.143541,0.770008,0.086289
AACTCTCAATAGAGCG-1,0.000056,0.399363,0.076709,0.326822,0.197051
AACTCTCAGTGTGCTC-1,0.000027,0.002653,0.030088,0.158562,0.808671
AACTGAGGTCAGCGTC-1,0.000028,0.022165,0.01083,0.173666,0.793311
AACTGAGTTATACTGA-1,0.000015,0.136599,0.02268,0.166017,0.674688
AACTGATATTAGGCCT-1,0.000045,0.054237,0.000045,0.587877,0.357796
AACTGGGTCCCGACGT-1,0.000037,0.091015,0.000037,0.397094,0.511817
AACTGGGTTCGAGCCG-1,0.000035,0.012514,0.112396,0.404974,0.47008
AACTGGTGTGGGCCTT-1,0.000031,0.000031,0.150448,0.397152,0.452338
AACTTCTGCGTCTATC-1,0.000067,0.000067,0.069153,0.754393,0.17632
AACTTGCCCGTATGCA-1,0.000014,0.000014,0.000014,0.104245,0.895713
AACTTGCGTTCTCGCG-1,0.000084,0.000084,0.178741,0.820584,0.000506
AACTTTACGGGAGCTT-1,0.000053,0.000053,0.402469,0.597107,0.000318
AACTTTAGCTGCTGAG-1,0.000042,0.000042,0.153714,0.415276,0.430927
AACTTTCTCGATCATG-1,0.000016,0.00312,0.000016,0.003116,0.993731
AAGAAAGTTTGATGGG-1,0.00005,0.00005,0.99569,0.000099,0.004111
AAGAAATCACCAGATT-1,0.000024,0.056664,0.264929,0.288129,0.390254
AAGAAGGATCAGTTAG-1,0.000053,0.000053,0.000053,0.945304,0.054537
AAGACATACGTGGTTT-1,0.000008,0.007877,0.021464,0.007834,0.962817
AAGACCAAATAACTCA-1,0.00009,0.048675,0.118801,0.39577,0.436664
AAGACCCAACTGAACA-1,0.000037,0.022435,0.000037,0.650994,0.326497
AAGACTCACGCCCACT-1,0.000038,0.000038,0.042286,0.423007,0.534631
AAGACTGCAAGCTACT-1,0.00778,0.562889,0.000051,0.338662,0.090617
AAGAGATGAATCGGTA-1,0.000058,0.000058,0.000058,0.644944,0.354883
AAGAGCTCTTTATCGG-1,0.000029,0.476805,0.100496,0.119185,0.303485
AAGAGGATGTACGCGA-1,0.000022,0.000022,0.204883,0.499903,0.295171
AAGAGGCATGGATCGC-1,0.000035,0.753676,0.000035,0.246045,0.000209
AAGAGGCCCTTTGGAA-1,0.000057,0.113213,0.197264,0.550013,0.139453
AAGATGGCACCGGACC-1,0.000024,0.061631,0.000024,0.245228,0.693094
AAGATTGGCGGAACGT-1,0.000032,0.427393,0.00066,0.135329,0.436587
AAGCACCCTGCGTATC-1,0.00005,0.309252,0.005813,0.178435,0.50645
AAGCATACTCTCCTGA-1,0.001178,0.658945,0.00005,0.324912,0.014915
AAGCCACTTGCAGGTA-1,0.000013,0.025892,0.036798,0.114286,0.823011
AAGCCGAAGCGGTTTA-1,0.002546,0.421295,0.041236,0.346893,0.18803
AAGCCGCCGTGAAATC-1,0.000017,0.000017,0.250858,0.280039,0.469069
AAGCCGCTTTACCTTG-1,0.000041,0.067887,0.000041,0.439585,0.492446
AAGCCGGAGAGCAGGA-1,0.000009,0.000009,0.003297,0.039681,0.957004
AAGCGCAGGGCTTTGA-1,0.000053,0.790799,0.004397,0.123315,0.081437
AAGCGGAGTGCGCGCA-1,0.000025,0.000025,0.203224,0.554085,0.242642
AAGCGGCGTCATGGGT-1,0.000026,0.015871,0.000026,0.197475,0.786602
AAGCGTCCCTCATCGA-1,0.000024,0.000024,0.043682,0.054643,0.901627
AAGCTAGATCGAGTAA-1,0.000038,0.423955,0.224554,0.29206,0.059394
AAGCTATGGATTGACC-1,0.000029,0.043968,0.843702,0.112127,0.000173
AAGCTCGTGCCAAGTC-1,0.000054,0.766126,0.000054,0.23344,0.000325
AAGCTCTTTCATGGTG-1,0.000065,0.856288,0.000065,0.143192,0.00039
AAGGAGAACTTATAAG-1,0.000043,0.029033,0.006475,0.469161,0.495288
AAGGAGCGGTTGGTGC-1,0.000017,0.000017,0.000017,0.069573,0.930376
AAGGATCGATCGCTTG-1,0.000039,0.249559,0.000039,0.072826,0.677538
AAGGATGAGGGACCTC-1,0.000041,0.39638,0.155115,0.448221,0.000243
AAGGCAGGCTGTCTCC-1,0.000021,0.046483,0.007167,0.155035,0.791295
AAGGCGCGTAAAGCTT-1,0.000025,0.000025,0.000025,0.297886,0.702039
AAGGCTGTGCTCATCG-1,0.00004,0.006786,0.00004,0.723597,0.269536
AAGGGAACGACTGGCT-1,0.000018,0.000018,0.063354,0.190615,0.745996
AAGGGACAGATTCTGT-1,0.000076,0.112211,0.000076,0.887184,0.000453
AAGGGACTATGCATTC-1,0.000021,0.019923,0.009629,0.149935,0.820492
AAGGGTTAGCCATGCG-1,0.000007,0.030969,0.144865,0.112538,0.711621
AAGGGTTTGATTTCAG-1,0.000044,0.109107,0.241165,0.505178,0.144507
AAGGTATCCTAATATA-1,0.000074,0.328463,0.000074,0.670943,0.000446
AAGGTGATAAACCAGC-1,0.000047,0.823551,0.000047,0.176074,0.000281
AAGTAGAAGACCGGGT-1,0.000056,0.048379,0.000056,0.715486,0.236024
AAGTAGTGACGCGAGG-1,0.000021,0.002936,0.102364,0.069513,0.825165
AAGTCAATTGTCGTCA-1,0.00005,0.833065,0.00005,0.166531,0.000302
AAGTCTAGTAGCTGCC-1,0.000015,0.004096,0.046241,0.10039,0.849258
AAGTCTTCTGTGGCCT-1,0.000123,0.000123,0.204977,0.228627,0.566149
AAGTGACGACCGAATT-1,0.000057,0.000057,0.070539,0.261457,0.66789
AAGTGAGTCGGGTTTA-1,0.00003,0.048939,0.00003,0.159052,0.791949
AAGTGCAAAGGTAGAC-1,0.000044,0.000044,0.340158,0.548641,0.111113
AAGTGCCTTGACTGTA-1,0.000088,0.409425,0.045175,0.483091,0.062221
AAGTGCGTTAGAATCT-1,0.000018,0.000018,0.000018,0.090136,0.909812
AAGTGCTTCTCTATTG-1,0.000012,0.107268,0.144954,0.149288,0.598478
AAGTGTTTGGAGACGG-1,0.000068,0.841214,0.000068,0.158242,0.000408
AAGTTCACTCCAAGCT-1,0.000085,0.845789,0.000085,0.153528,0.000512
AAGTTCAGTCTGCGTA-1,0.000033,0.020755,0.094916,0.418402,0.465894
AAGTTCGGCCAACAGG-1,0.000019,0.003674,0.129065,0.273201,0.594041
AAGTTGTGATGTTATA-1,0.000031,0.299736,0.070695,0.121225,0.508313
AAGTTTACTAATGGCA-1,0.000724,0.053182,0.031121,0.244826,0.670148
AAGTTTATGGGCCCAA-1,0.000777,0.471998,0.00195,0.030731,0.494544
AATAACAACGCTCGGC-1,0.000018,0.000018,0.082965,0.385951,0.531047
AATAACACTAGAACAA-1,0.000021,0.01048,0.000021,0.432016,0.557462
AATAACGTCGCGCCCA-1,0.000011,0.151339,0.003812,0.222362,0.622476
AATAAGTCCTCGAGAC-1,0.000014,0.000014,0.000014,0.051756,0.948201
AATAATCTTCGTATCG-1,0.000036,0.013702,0.021972,0.480109,0.484182
AATACAATGTTTCAGG-1,0.0001,0.0001,0.191694,0.75173,0.056376
AATACCGGAGGGCTGT-1,0.000011,0.000011,0.392525,0.181043,0.42641
AATACCTGATGTGAAC-1,0.000021,0.947596,0.000021,0.000043,0.052318
AATAGAACAGAGTGGC-1,0.00002,0.00002,0.078444,0.21019,0.711326
AATAGAATCTGTTTCA-1,0.000048,0.662273,0.073434,0.220972,0.043272
AATAGCAAGCCTCCTG-1,0.000032,0.004367,0.000032,0.09784,0.897729
AATAGCTACCGCGTGC-1,0.000033,0.119352,0.06095,0.203871,0.615794
AATAGGCACGACCCTT-1,0.000014,0.000014,0.229934,0.126439,0.643598
AATAGTCCGTCCCGAC-1,0.000023,0.000023,0.000023,0.110536,0.889393
AATAGTCGCGAGTCGG-1,0.000073,0.028848,0.05358,0.917063,0.000436
AATATCAAGGTCGGAT-1,0.000073,0.000073,0.182543,0.712633,0.104677
AATATCCTAGCAAACT-1,0.000146,0.000146,0.242317,0.756512,0.000878
AATATCGAATCAATGC-1,0.00008,0.213147,0.201703,0.19095,0.394121
AATATCGAGGGTTCTC-1,0.00004,0.131622,0.066389,0.236356,0.565592
AATATTGGAGTATTGA-1,0.000049,0.033107,0.047908,0.45546,0.463477
AATCAGGTTTCATTTA-1,0.000006,0.000006,0.058161,0.000012,0.941815
AATCATGTAAAGACTC-1,0.000037,0.708899,0.000037,0.010906,0.280121
AATCCAAGGGCCTGAG-1,0.000038,0.000038,0.000038,0.265834,0.734053
AATCCCGCTCAGAGCC-1,0.000694,0.199275,0.060632,0.198833,0.540566
AATCGAGGTCTCAAGG-1,0.000021,0.943791,0.031108,0.000042,0.025037
AATCGCCTCAGCGCCA-1,0.000029,0.411335,0.066576,0.132862,0.389197
AATCGCGCAGAGGACT-1,0.000017,0.033291,0.004017,0.032246,0.930429
AATCGGGACACTACGA-1,0.000044,0.000044,0.000044,0.254103,0.745765
AATCGGTATAGCCCTC-1,0.142257,0.226525,0.216226,0.078222,0.336769
AATCGTGAGCCGAGCA-1,0.00002,0.950511,0.000473,0.00004,0.048957
AATCTAGGTTTACTTG-1,0.002475,0.000017,0.116367,0.000035,0.881106
AATCTATGCCGGAGCC-1,0.000027,0.000027,0.000027,0.039644,0.960275
AATCTCTACTGTGGTT-1,0.000039,0.000039,0.071648,0.640352,0.287922
AATCTGCGTTGGGACG-1,0.000045,0.651278,0.000045,0.348363,0.000269
AATCTGGCTTTCTAGT-1,0.000019,0.000019,0.217574,0.016873,0.765515
AATCTGGGTAGACCCT-1,0.000041,0.009014,0.000041,0.39042,0.600485
AATGACAGCAATGTCT-1,0.000025,0.045221,0.046594,0.272685,0.635475
AATGACGTAGGATGTC-1,0.000023,0.672591,0.06603,0.187472,0.073884
AATGACTGTCAGCCGG-1,0.000031,0.034922,0.000031,0.238314,0.726701
AATGAGTTCGCATATG-1,0.000081,0.000081,0.021302,0.978047,0.000488
AATGATGATACGCTAT-1,0.000045,0.13181,0.007457,0.422882,0.437806
AATGATGCGACTCCTG-1,0.000029,0.053705,0.113685,0.01331,0.819272
AATGCAACCGGGTACC-1,0.000028,0.004795,0.000028,0.211883,0.783266
AATGCACCAAGCAATG-1,0.000034,0.000034,0.00282,0.349845,0.647267
AATGGCCGCCAATGCG-1,0.00002,0.037118,0.187423,0.358647,0.416792
AATGGTCCACCGTTCA-1,0.000076,0.000076,0.023904,0.895421,0.080523
AATGGTTCTCACAAGC-1,0.000034,0.000034,0.044608,0.612381,0.342943
AATGTATGGCACTGTA-1,0.000049,0.040319,0.211272,0.719366,0.028993
AATGTGCCCGAGGTGT-1,0.000018,0.000018,0.049642,0.036095,0.914228
AATGTGCTAATCTGAG-1,0.000008,0.000008,0.250765,0.00794,0.741278
AATGTTAAGACCCTGA-1,0.000026,0.900794,0.098971,0.000052,0.000156
AATGTTGTCGTGAGAC-1,0.000036,0.219237,0.025024,0.45134,0.304364
AATTAAAGGTCGGCGT-1,0.000018,0.042368,0.000018,0.160657,0.796938
AATTAACGGATTTCCA-1,0.037229,0.06514,0.000029,0.04841,0.849193
AATTACGAGACCCATC-1,0.000076,0.039727,0.201947,0.090925,0.667325
AATTAGCGCTGCAGCG-1,0.000051,0.20427,0.020887,0.592544,0.182248
AATTATACCCAGCAAG-1,0.000027,0.720601,0.279156,0.000054,0.000162
AATTCATAAGGGATCT-1,0.00004,0.151339,0.00004,0.152593,0.695988
AATTCATTGTCATGCA-1,0.000032,0.030557,0.456753,0.232302,0.280356
AATTCCAAGCATGTAC-1,0.00002,0.020274,0.00002,0.010172,0.969514
AATTCGATTCGAGGAT-1,0.000041,0.926471,0.073156,0.000083,0.000249
AATTCTAGAGTTAGGC-1,0.000053,0.391455,0.000053,0.259911,0.348528
AATTGAACGCTCTGGT-1,0.000084,0.755264,0.000084,0.163167,0.0814
AATTGCAGCAATCGAC-1,0.000019,0.713659,0.119477,0.000038,0.166808
AATTGCGTGGATTACA-1,0.000044,0.046917,0.600512,0.352267,0.000261
AATTGTGGTTGCCAAA-1,0.000013,0.044895,0.003173,0.180408,0.771511
AATTTGGGACATAGTA-1,0.000023,0.014882,0.000023,0.12845,0.856622
AATTTGGTTCCAAAGA-1,0.000045,0.097081,0.007656,0.799476,0.095742
ACAAACCATGCGTCCT-1,0.000012,0.000012,0.169369,0.087907,0.7427
ACAAACCGACAAGGCG-1,0.000472,0.000017,0.000017,0.154178,0.845315
ACAAACTCCATCAGAG-1,0.000007,0.028571,0.002495,0.047304,0.921622
ACAAAGAAGGTAGGCC-1,0.000153,0.021394,0.267188,0.260752,0.450513
ACAAAGCATGACCTAG-1,0.000015,0.462496,0.06106,0.000031,0.476398
ACAAATCGCACCGAAT-1,0.000029,0.956207,0.000029,0.043562,0.000174
ACAAATGGTAGTGTTT-1,0.000034,0.870392,0.000034,0.129334,0.000206
ACAAATTCAGATCTGA-1,0.000031,0.000031,0.000031,0.039096,0.960811
ACAACAGCATGAGCTA-1,0.000042,0.526214,0.032537,0.424361,0.016846
ACAACGGTCCCTGCGA-1,0.000057,0.000057,0.000057,0.881459,0.118371
ACAAGCAGTGCCTAGC-1,0.000017,0.000017,0.000017,0.068738,0.93121
ACAAGCTATATGGAAG-1,0.000069,0.034752,0.200301,0.688694,0.076184
ACAAGGAAATCCGCCC-1,0.000021,0.637474,0.000021,0.000042,0.362442
ACAAGGACAAGAGGTT-1,0.000016,0.000016,0.000016,0.283572,0.716379
ACAAGGATGCTTTAGG-1,0.000033,0.811794,0.187907,0.000066,0.000199
ACAAGGCCTACCAGCC-1,0.000023,0.000023,0.146337,0.232895,0.620722
ACAAGGGCAGGCTCTG-1,0.000942,0.708524,0.000041,0.290244,0.000248
ACAAGTAATTGTAAGG-1,0.000027,0.000027,0.188589,0.401509,0.409848
ACAATAGTCGTACGTT-1,0.000063,0.000063,0.000063,0.542453,0.457357
ACAATCCATTTAAACC-1,0.000038,0.000038,0.000038,0.626375,0.373512
ACAATCGATCTTTATA-1,0.000046,0.000046,0.000046,0.438491,0.56137
ACAATGAATACGGAGA-1,0.000029,0.000029,0.000029,0.331495,0.668419
ACAATGATTCTTCTAC-1,0.000035,0.000035,0.000035,0.184521,0.815374
ACAATTGTGTCTCTTT-1,0.000042,0.735613,0.159098,0.104993,0.000254
ACAATTTAGGAGGCTC-1,0.000038,0.049302,0.170571,0.702377,0.077712
ACAATTTGAGCAGTGG-1,0.000086,0.343803,0.000086,0.655513,0.000513
ACAATTTGGCCATATT-1,0.00039,0.073851,0.000015,0.033282,0.892462
ACACAAAGACGGGTGG-1,0.000041,0.027414,0.000041,0.43751,0.534993
ACACAAATATTCCTAG-1,0.000021,0.027838,0.000021,0.0686,0.903521
ACACACCAGGACCAGT-1,0.000064,0.77482,0.000064,0.224669,0.000383
ACACACTTTCTACACG-1,0.000026,0.000026,0.086757,0.222218,0.690972
ACACATGATCAAATCT-1,0.000841,0.000009,0.223106,0.000018,0.776027
ACACATTTCCGTAGAC-1,0.000053,0.625573,0.155596,0.11737,0.101408
ACACCACATAATTAGC-1,0.000012,0.064514,0.015029,0.044355,0.87609
ACACCCAGCATGCAGC-1,0.000039,0.000039,0.000039,0.635841,0.364041
ACACCCGAGAAATCCG-1,0.000028,0.000028,0.000028,0.234076,0.76584
ACACCGGTCTGACCGC-1,0.000623,0.000015,0.003475,0.000641,0.995245
ACACCTTAAGTAGGGC-1,0.000036,0.028565,0.000036,0.523844,0.447519
ACACCTTACTACTTGC-1,0.003897,0.146809,0.000076,0.794479,0.05474
ACACGAGACTCCTTCT-1,0.000036,0.252557,0.016554,0.177684,0.553169
ACACGGCACTATGCAT-1,0.000026,0.008942,0.000026,0.160356,0.83065
ACACGGGAACTTAGGG-1,0.000044,0.330974,0.000044,0.387018,0.281921
ACACGTAGGCCACAAG-1,0.000015,0.04857,0.047043,0.000038,0.904334
ACACTCCAATGTCACT-1,0.000054,0.000054,0.12653,0.570799,0.302564
ACACTGATCAAGGTGT-1,0.000032,0.185799,0.160332,0.391336,0.262501
ACACTGGGACAGTCGT-1,0.000032,0.081885,0.11716,0.411815,0.389108
ACAGAACTGAGAACAA-1,0.000019,0.003048,0.079315,0.008307,0.90931
ACAGATTAGGTTAGTG-1,0.000024,0.000024,0.01081,0.172666,0.816476
ACAGCATAGAGCCAGT-1,0.000023,0.000023,0.054371,0.171651,0.773932
ACAGCGACATTCTCAT-1,0.00006,0.92141,0.00006,0.054993,0.023478
ACAGCGCACCCGCAGC-1,0.000049,0.053497,0.000049,0.69177,0.254635
ACAGGCACGGATCCTT-1,0.000019,0.918688,0.01532,0.000038,0.065935
ACAGGCTTGCCCGACT-1,0.000043,0.626764,0.012334,0.116571,0.244288
ACAGGTGGAGGTGAGG-1,0.000013,0.010272,0.057294,0.129553,0.802868
ACAGGTGTGTTGTTGC-1,0.000811,0.304062,0.160347,0.534573,0.000207
ACAGTAATACAACTTG-1,0.000019,0.000019,0.054956,0.153689,0.791318
ACAGTATACCGTGGGA-1,0.000029,0.011405,0.000029,0.606137,0.3824
ACAGTGCAGCGCATTT-1,0.000014,0.067419,0.157941,0.228427,0.546199
ACATAAGTCGTGGTGA-1,0.000049,0.000049,0.079145,0.712117,0.208639
ACATAATAAGGCGGTG-1,0.000025,0.01577,0.000025,0.177694,0.806486
ACATACAATCAAGCGG-1,0.000015,0.825723,0.06363,0.000031,0.1106
ACATCAGCTGGGACGC-1,0.000023,0.000023,0.118639,0.386527,0.494788
ACATCCCGGCCATACG-1,0.000018,0.000018,0.009497,0.005179,0.985288
ACATCCTGGTAACTGT-1,0.000031,0.538458,0.000031,0.101766,0.359714
ACATCGATCGTTTACC-1,0.000059,0.230811,0.000059,0.412744,0.356326
ACATCGCAATATTCGG-1,0.000021,0.000021,0.132424,0.145261,0.722274
ACATCGGTCAGCCGCG-1,0.000027,0.000027,0.000027,0.562809,0.437111
ACATCGTATGCAATGG-1,0.000033,0.376262,0.045917,0.372587,0.205201
ACATCGTTAACCTAGT-1,0.000045,0.000045,0.000045,0.488599,0.511266
ACATCTCAACGCGTAA-1,0.000036,0.000036,0.000036,0.337466,0.662425
ACATGCTTACGGCAGC-1,0.001325,0.000012,0.072968,0.007586,0.918109
ACATGGCGCCAAAGTA-1,0.00008,0.41897,0.00008,0.497717,0.083154
ACATTAGTTTATATCC-1,0.00004,0.159038,0.063814,0.194469,0.582638
ACATTCGCGCGGAATA-1,0.000013,0.000013,0.039821,0.071292,0.888861
ACATTTGAAACCTAAC-1,0.000017,0.523081,0.003327,0.000035,0.47354
ACCAAACACCCAGCGA-1,0.000014,0.033773,0.000014,0.313407,0.652791
ACCAAACTAGAAATCC-1,0.000027,0.000027,0.014674,0.392142,0.593131
ACCAACACCACACACT-1,0.000022,0.037849,0.000022,0.085411,0.876695
ACCAACCGCACTCCAC-1,0.000023,0.633186,0.017559,0.000047,0.349185
ACCAACGCTTATTTAT-1,0.000017,0.019345,0.014504,0.050937,0.915197
ACCAAGAACGCGTGTC-1,0.000025,0.127324,0.000025,0.133528,0.739098
ACCAAGTCATCGGCAG-1,0.000033,0.672364,0.027928,0.085678,0.213996
ACCAATATGCAAGTTA-1,0.000061,0.8864,0.000061,0.113114,0.000364
ACCACAACTCAGAACA-1,0.000028,0.000028,0.049575,0.227433,0.722937
ACCACAAGTTTCTATC-1,0.000029,0.000029,0.01644,0.502316,0.481186
ACCACACGGTTGATGG-1,0.000026,0.989739,0.000026,0.000053,0.010156
ACCACCAATGTAACAA-1,0.00006,0.317747,0.00006,0.534715,0.147417
ACCACCCTCTCTTCTA-1,0.000011,0.039882,0.082885,0.036928,0.840294
ACCACGTGCAGCTATA-1,0.000042,0.891118,0.000042,0.108545,0.000252
ACCAGACCATAACAAC-1,0.00017,0.00017,0.17176,0.284676,0.543223
ACCAGCCCGGTCTTTG-1,0.000015,0.000015,0.163096,0.139032,0.697842
ACCAGGAGTGTGATCT-1,0.000048,0.000048,0.000048,0.42884,0.571016
ACCAGTGCCCGGTCAA-1,0.000644,0.013031,0.209754,0.221162,0.555409
ACCAGTGCGGGAGACG-1,0.000033,0.680642,0.000033,0.062999,0.256292
ACCATATCCGCAATAA-1,0.000036,0.192438,0.055449,0.354627,0.39745
ACCATCCGCCAACTAG-1,0.000025,0.000025,0.0346,0.253017,0.712332
ACCATCGTATATGGTA-1,0.00616,0.021857,0.000027,0.169622,0.802333
ACCCAACGCCCGTGGC-1,0.000035,0.406636,0.000035,0.288192,0.305101
ACCCACCTACATGCTC-1,0.000022,0.033574,0.003311,0.145796,0.817297
ACCCATCTTGAGGGTA-1,0.000025,0.003617,0.000025,0.334496,0.661837
ACCCATTTGTCCCTCT-1,0.000044,0.86258,0.000235,0.047501,0.089639
ACCCGAGCGAAATTAC-1,0.000026,0.000026,0.0144,0.481442,0.504106
ACCCGATTGGTTCCGA-1,0.000005,0.000005,0.021734,0.000009,0.978248
ACCCGGAAACTCCCAG-1,0.000028,0.126149,0.168416,0.10033,0.605077
ACCCGGAGCACCACAA-1,0.00002,0.070871,0.00002,0.270164,0.658924
ACCCGGATGACGCATC-1,0.000071,0.600641,0.000071,0.398793,0.000424
ACCCGGTTACACTTCC-1,0.000026,0.000026,0.005526,0.315039,0.679381
ACCCGTAGCAGAGAAT-1,0.000041,0.000041,0.873412,0.126263,0.000244
ACCCGTAGTCTAGTTG-1,0.000019,0.022585,0.028457,0.304065,0.644874
ACCCGTGTCATCAGTA-1,0.000025,0.000025,0.042408,0.097614,0.859928
ACCCTATAGGACTGAG-1,0.000046,0.000046,0.067436,0.51253,0.419941
ACCCTATGCCATATCG-1,0.000029,0.074096,0.000029,0.200969,0.724877
ACCCTCCCGTCAGGGC-1,0.000025,0.98953,0.001226,0.00005,0.009168
ACCCTCCCTTGCTATT-1,0.000074,0.608246,0.219211,0.12718,0.045289
ACCCTGGTAACGCCCT-1,0.000025,0.002929,0.000025,0.206694,0.790328
ACCCTTCATCTGCGAA-1,0.000053,0.000053,0.000053,0.60898,0.390862
ACCCTTGCCTGGGTCG-1,0.000016,0.000016,0.000016,0.008976,0.990976
ACCCTTTAGTTCTCCA-1,0.000018,0.000018,0.000018,0.049895,0.950052
ACCGAAAGGGCCCTGC-1,0.000032,0.000032,0.021092,0.723798,0.255047
ACCGAAGAGTCTGGTT-1,0.000026,0.028317,0.075398,0.335147,0.561113
ACCGACACATCTCCCA-1,0.000052,0.489806,0.294558,0.130138,0.085446
ACCGACTGAGTCCCAC-1,0.000643,0.273953,0.000023,0.001341,0.72404
ACCGAGTCTCCTTATT-1,0.000026,0.999741,0.000026,0.000052,0.000155
ACCGATAGGCATAACC-1,0.000015,0.073653,0.029749,0.140417,0.756166
ACCGATATTTAATCAT-1,0.000012,0.000012,0.000012,0.000023,0.999942
ACCGATGGTAGCATCG-1,0.000047,0.83095,0.000047,0.168673,0.000283
ACCGCAATAACTGCCT-1,0.000026,0.928215,0.000026,0.052159,0.019574
ACCGCGGTGGAAGTCG-1,0.00009,0.399628,0.00009,0.599654,0.000539
ACCGCTAGTCATTGGT-1,0.000023,0.016727,0.089965,0.453803,0.439481
ACCGGGCCTTTGTTGA-1,0.000068,0.660432,0.034878,0.304211,0.00041
ACCGGTCAGGTACACC-1,0.000008,0.012749,0.192911,0.002631,0.791702
ACCGGTCTGAGTACGG-1,0.00002,0.00002,0.036786,0.071245,0.891929
ACCGTCCACTGGGCCC-1,0.000083,0.040064,0.23903,0.167594,0.553229
ACCGTGACCACGTGGG-1,0.000024,0.017214,0.293282,0.484915,0.204565
ACCGTTCCCGCTCTGA-1,0.000019,0.000019,0.000019,0.231704,0.768237
ACCTAAGTACCTTTCA-1,0.000059,0.016816,0.000059,0.816487,0.166579
ACCTAATCGACTTCCT-1,0.000047,0.000047,0.000047,0.99413,0.005728
ACCTACAGTATGTGGT-1,0.000804,0.028489,0.146248,0.157241,0.667219
ACCTACTATAAATCTA-1,0.000018,0.07699,0.012737,0.053446,0.856809
ACCTCAGCGAGGCGCA-1,0.000013,0.791706,0.074589,0.000027,0.133666
ACCTCCGCCCTCGCTG-1,0.000059,0.443975,0.296179,0.259433,0.000353
ACCTCCGTTATTCACC-1,0.000018,0.059759,0.005708,0.006592,0.927923
ACCTCGAACTTATGCT-1,0.000027,0.000027,0.137109,0.30261,0.560228
ACCTGCGTGTCATGTT-1,0.000031,0.000031,0.039172,0.081704,0.879063
ACCTTTCCTTTAGAAG-1,0.000017,0.000017,0.012285,0.186013,0.801669
ACGAAATGGGCGGCAC-1,0.000016,0.000016,0.000016,0.143392,0.856561
ACGACCCATGAGTTGC-1,0.000014,0.000868,0.03869,0.043384,0.917044
ACGACTCTAGGGCCGA-1,0.000034,0.922644,0.001709,0.07541,0.000203
ACGACTGGTCATACTC-1,0.000008,0.000008,0.117317,0.050644,0.832022
ACGAGAACCCATCACG-1,0.000085,0.000085,0.000085,0.590852,0.408892
ACGAGATATTTGCTTA-1,0.000025,0.020796,0.000025,0.07702,0.902135
ACGAGGATACCACTCT-1,0.000033,0.000033,0.113366,0.161419,0.725148
ACGAGGTTTACAACGT-1,0.000019,0.000019,0.000019,0.084455,0.915487
ACGAGTACGGATGCCC-1,0.000023,0.047657,0.000023,0.013843,0.938454
ACGATACATAGAACTA-1,0.000066,0.171343,0.018917,0.809279,0.000396
ACGATACCTATCCTGA-1,0.000133,0.102934,0.222801,0.673336,0.000796
ACGATCATACATAGAG-1,0.000032,0.112382,0.010408,0.242804,0.634374
ACGATCATCTTGTAAA-1,0.000029,0.252948,0.000029,0.07424,0.672753
ACGATGCATATGTTAT-1,0.000025,0.008563,0.095984,0.411578,0.483849
ACGATGGATCCGATGC-1,0.000033,0.054164,0.000033,0.271594,0.674176
ACGCAAACTAATAGAT-1,0.000038,0.007141,0.000038,0.475655,0.517128
ACGCAATCACTACAGC-1,0.000045,0.11584,0.017881,0.515343,0.350891
ACGCATAAATGACATG-1,0.000026,0.000026,0.031279,0.149435,0.819234
ACGCATACGTTTACTA-1,0.00004,0.624084,0.375554,0.00008,0.000241
ACGCATTCGTGAGTAC-1,0.000021,0.093234,0.065025,0.061108,0.780612
ACGCCACTCGAAACAG-1,0.000031,0.534991,0.18723,0.167733,0.110015
ACGCCAGATGATTTCT-1,0.000055,0.034486,0.000055,0.411899,0.553505
ACGCCAGTGCGTTTGC-1,0.000036,0.845896,0.108563,0.000071,0.045433
ACGCCCAGCTGTCGAT-1,0.000023,0.000023,0.021271,0.22232,0.756364
ACGCCGCTAGACGACC-1,0.000041,0.753312,0.000041,0.246357,0.000248
ACGCGAAGTCAGACGA-1,0.000041,0.220731,0.000041,0.427238,0.351949
ACGCGCTACACAGGGT-1,0.000029,0.000029,0.000029,0.582426,0.417488
ACGCGGGCCAAGGACA-1,0.000039,0.428913,0.000039,0.570779,0.000232
ACGCGTTTCTTAAGAG-1,0.000133,0.063112,0.033156,0.902801,0.000798
ACGCTACTGAATGGGC-1,0.000007,0.057808,0.017039,0.03508,0.890066
ACGCTAGTGATACACT-1,0.000413,0.121433,0.000017,0.000034,0.878104
ACGCTGTGAGGCGTAG-1,0.000023,0.000023,0.187708,0.282731,0.529516
ACGCTTAGTGTCTCTC-1,0.000033,0.005305,0.081575,0.30148,0.611608
ACGGAACACGAGTGCC-1,0.000022,0.74533,0.203835,0.000043,0.05077
ACGGAATTTAGCAAAT-1,0.000064,0.000064,0.000064,0.999422,0.000385
ACGGACGCAGCGACAA-1,0.000465,0.000017,0.356626,0.011267,0.631624
ACGGACTCTCAAAGCG-1,0.001804,0.840991,0.083783,0.073055,0.000368
ACGGAGCGCAAATTAC-1,0.000032,0.030549,0.009751,0.383043,0.576625
ACGGATGGTGCGGATA-1,0.000026,0.431676,0.011838,0.000051,0.556409
ACGGCACTTGCTTGGG-1,0.00003,0.035779,0.083317,0.158704,0.72217
ACGGCCAACATGGACT-1,0.000031,0.042009,0.016738,0.304168,0.637054
ACGGCGACGATGGGAA-1,0.000033,0.808764,0.135545,0.041943,0.013715
ACGGCGGGTTGCCCTG-1,0.000046,0.035461,0.02274,0.346268,0.595484
ACGGCTGGATGTAGAA-1,0.00004,0.043665,0.029523,0.722109,0.204663
ACGGGAGTGTCGGCCC-1,0.000024,0.060979,0.08885,0.009592,0.840555
ACGGGCGTATGCGACA-1,0.000014,0.000014,0.003556,0.129263,0.867152
ACGGGTTGTGACCTGT-1,0.000072,0.019278,0.271471,0.493769,0.215411
ACGGTACAGTTCAATG-1,0.000035,0.819305,0.146356,0.02937,0.004933
ACGGTCACCGAGAACA-1,0.000025,0.000025,0.118483,0.376965,0.504502
ACGTACAGATTTCTCT-1,0.000059,0.051137,0.115145,0.451212,0.382447
ACGTACTTTGGCACGG-1,0.000014,0.000014,0.124054,0.307346,0.568572
ACGTAGATTGCTGATG-1,0.001587,0.48067,0.221762,0.292586,0.003395
ACGTAGGAGAGTCGCT-1,0.000032,0.867507,0.121063,0.000064,0.011334
ACGTATTACTCCGATC-1,0.000055,0.72381,0.000055,0.275752,0.000329
ACGTCCTAAACGAGAT-1,0.001316,0.000026,0.112179,0.570379,0.3161
ACGTCGGGCAACTCGG-1,0.000047,0.017128,0.199285,0.783255,0.000285
ACGTCTCGTTCCGGGA-1,0.000159,0.013715,0.223986,0.578624,0.183517
ACGTGACAAAGTAAGT-1,0.00013,0.00013,0.32651,0.295255,0.377975
ACGTGCGCCTCGTGCA-1,0.000044,0.000044,0.000044,0.575794,0.424075
ACGTGGTCGAATGTGC-1,0.000041,0.023062,0.022809,0.322365,0.631722
ACGTTAATGTCGAAGA-1,0.000043,0.643158,0.000043,0.343501,0.013254
ACGTTAGATTTGCCCG-1,0.000014,0.001939,0.023127,0.092017,0.882903
ACGTTATTGGTCACTC-1,0.000077,0.030179,0.005947,0.814098,0.149699
ACGTTCACTATGCCGC-1,0.000008,0.000008,0.207249,0.007846,0.784889
ACGTTCCGCGCTCCGT-1,0.000021,0.000021,0.000021,0.003365,0.996572
ACGTTCGCAATCAATT-1,0.000015,0.000015,0.005926,0.000031,0.994012
ACGTTCGTTCAGGAAA-1,0.000018,0.01898,0.000018,0.001739,0.979244
ACGTTCTGTACAAGTC-1,0.000038,0.999622,0.000038,0.000076,0.000227
ACGTTGTCGTTGAAAG-1,0.000023,0.008295,0.314781,0.300893,0.376007
ACGTTTAGTTGTGATC-1,0.000035,0.03352,0.000035,0.331166,0.635244
ACGTTTCGGTGCACTT-1,0.000008,0.053518,0.058382,0.097061,0.791031
ACTAAGGACGCACACC-1,0.000023,0.018995,0.032691,0.252188,0.696103
ACTAATACGTCAGGCG-1,0.000058,0.055787,0.049389,0.472158,0.422608
ACTACAAAGAGAGGTG-1,0.000014,0.004212,0.000014,0.37673,0.619029
ACTACATCCCGACAAG-1,0.000022,0.000022,0.360529,0.002089,0.637338
ACTACCAGCTCTCTGG-1,0.000036,0.000036,0.000036,0.250206,0.749686
ACTACCATCCGAGGGC-1,0.000008,0.000008,0.199679,0.000017,0.800288
ACTACGCGTTAGAATT-1,0.000045,0.016201,0.000045,0.408004,0.575705
ACTAGTTGCGATCGTC-1,0.000086,0.455397,0.000086,0.28086,0.263572
ACTATATGCTGTGTTC-1,0.000054,0.03934,0.122387,0.551233,0.286987
ACTATCCAGGGCATGG-1,0.000086,0.215787,0.025373,0.693014,0.06574
ACTATCTGCCCGCGTA-1,0.000019,0.026114,0.112013,0.065758,0.796096
ACTATGTCCAGCTGCC-1,0.00004,0.00004,0.040337,0.633868,0.325715
ACTATTCGTCCGTGGT-1,0.000029,0.059983,0.009716,0.216635,0.713637
ACTATTTCCGGGCCCA-1,0.000023,0.032701,0.110304,0.178291,0.67868
ACTCAACGAATGTATT-1,0.000051,0.002628,0.181755,0.491661,0.323905
ACTCAAGTGCAAGGCT-1,0.000076,0.868623,0.000076,0.130771,0.000455
ACTCAATAAAGGCACG-1,0.001922,0.096279,0.000079,0.901248,0.000473
ACTCAGACCTGCTTCT-1,0.000031,0.000031,0.007008,0.247442,0.745487
ACTCATGGCAGCCTTC-1,0.000018,0.000018,0.196623,0.001906,0.801436
ACTCCAATATCATCAT-1,0.000026,0.006672,0.116283,0.339803,0.537216
ACTCCCATTCCTAAAG-1,0.000024,0.000024,0.000024,0.000048,0.999881
ACTCCCGAATTCGTTT-1,0.000057,0.442122,0.000057,0.362168,0.195596
ACTCCCGTAGACTAGG-1,0.004611,0.015799,0.000021,0.213934,0.765636
ACTCCCTAATGCTAAA-1,0.000049,0.608934,0.052439,0.329783,0.008795
ACTCCCTAGAATAGTA-1,0.000044,0.615511,0.082712,0.285751,0.015982
ACTCCGGCCGACCACT-1,0.000024,0.808042,0.191745,0.000047,0.000142
ACTCGATGTATTTCAT-1,0.000044,0.022734,0.112794,0.337469,0.526959
ACTCGCCGTTCGATAA-1,0.000026,0.060482,0.310682,0.310854,0.317957
ACTCGCGATCTGACGC-1,0.000024,0.047575,0.008111,0.260926,0.683364
ACTCGTAACCCGTCCT-1,0.000047,0.023592,0.067193,0.557478,0.35169
ACTCGTCAGTAATCCC-1,0.000046,0.626242,0.000046,0.373388,0.000278
ACTCTAAACCTGGGAT-1,0.000099,0.021314,0.450788,0.527206,0.000593
ACTCTCTGACTTAGGT-1,0.00004,0.864886,0.00004,0.134798,0.000237
ACTCTCTTATACACGA-1,0.000019,0.10847,0.044138,0.008474,0.838899
ACTCTGACCTAATAGA-1,0.000017,0.724413,0.070923,0.000033,0.204615
ACTCTTCAGCTCCCGC-1,0.000025,0.030411,0.004466,0.306755,0.658342
ACTCTTGTATAGTAAC-1,0.000038,0.55144,0.098459,0.094151,0.255912
ACTGAAACGCCGTTAG-1,0.000035,0.716025,0.00433,0.054489,0.225121
ACTGAATGGCGAAAGT-1,0.000072,0.746918,0.13068,0.119646,0.002684
ACTGATTTAGTGATTC-1,0.000029,0.000029,0.19955,0.278181,0.522211
ACTGCCCGCCATTCTC-1,0.00001,0.00001,0.386118,0.043181,0.570681
ACTGCCGTCGTAACTC-1,0.000025,0.000025,0.000025,0.1674,0.832525
ACTGCGGACACACCGT-1,0.00001,0.00001,0.000869,0.00002,0.999091
ACTGCTCGGAAGGATG-1,0.001903,0.00004,0.261126,0.673339,0.063592
ACTGGCGAACCTGCGT-1,0.000022,0.000022,0.03631,0.266177,0.697469
ACTGGGATGCCAGTGC-1,0.000023,0.288637,0.027183,0.271407,0.412749
ACTGTACGATACACAT-1,0.000042,0.503551,0.000042,0.255641,0.240724
ACTGTAGCACTTTGGA-1,0.000034,0.000034,0.004352,0.273529,0.722051
ACTGTATACGCGAGCA-1,0.000019,0.000019,0.000019,0.25479,0.745152
ACTGTCCAGGATTATA-1,0.000047,0.087877,0.128611,0.031799,0.751667
ACTGTCTTCTTTAGAA-1,0.000041,0.265702,0.000041,0.483121,0.251096
ACTGTGCTAGTAGATC-1,0.000027,0.000027,0.006639,0.397702,0.595604
ACTGTTTAGTGTAGGC-1,0.000053,0.000053,0.261692,0.705262,0.032941
ACTTACCGGGCGCGCA-1,0.000029,0.035408,0.000029,0.309361,0.655172
ACTTACGCATCCACGC-1,0.000038,0.873939,0.107194,0.0186,0.000228
ACTTAGTACGACAAGA-1,0.000043,0.000043,0.000043,0.840181,0.159689
ACTTATACTTACCCGG-1,0.000044,0.597037,0.166893,0.118933,0.117092
ACTTATTAGGATCGGT-1,0.000014,0.002421,0.070837,0.078211,0.848517
ACTTATTTATGTGCCA-1,0.000069,0.75551,0.000069,0.24394,0.000413
ACTTCAGGCTGATCCC-1,0.00006,0.665972,0.030465,0.303141,0.000362
ACTTCCAGTGGAAGCT-1,0.000108,0.000108,0.776467,0.164319,0.058997
ACTTCCATGCGGGACA-1,0.000052,0.97717,0.011223,0.011243,0.000312
ACTTCGCCATACGCAC-1,0.00916,0.435801,0.000051,0.447877,0.107112
ACTTCGCTAGCGAGTG-1,0.000013,0.03098,0.040892,0.1165,0.811616
ACTTGACTCCCTCTTT-1,0.000031,0.378265,0.000031,0.129677,0.491996
ACTTGCCATATTGTAC-1,0.000021,0.000021,0.040707,0.024413,0.934837
ACTTGCTCTATCTACC-1,0.000074,0.055642,0.276452,0.667387,0.000445
ACTTGGGACCCGGTGG-1,0.000014,0.000014,0.003145,0.079585,0.917243
ACTTGGGCTTTCGCCA-1,0.000454,0.835859,0.150613,0.000053,0.01302
ACTTGTAGTCCCTTCA-1,0.000072,0.000072,0.023366,0.976054,0.000435
ACTTGTGGATGGAACG-1,0.00008,0.459737,0.00008,0.530654,0.009448
ACTTGTTACCGGATCA-1,0.000013,0.048551,0.265321,0.190422,0.495693
ACTTTACCCTCATGAA-1,0.007389,0.061193,0.477954,0.453087,0.000377
ACTTTATACACCACTT-1,0.000052,0.000052,0.655184,0.344401,0.000311
ACTTTCCTATAGCTTC-1,0.002934,0.223609,0.000054,0.401582,0.371821
ACTTTGACTGCATCCT-1,0.000025,0.000025,0.236485,0.414168,0.349297
ACTTTGGTCGTGCTCC-1,0.000014,0.000014,0.04335,0.022032,0.934589
ACTTTGTCGACGCACT-1,0.000049,0.126125,0.036803,0.569783,0.267239
AGAAATTATGACTCGC-1,0.000035,0.052035,0.159441,0.240854,0.547635
AGAACACGGCGATGGT-1,0.000037,0.001316,0.285554,0.655146,0.057948
AGAACCCAGCGTGACA-1,0.000033,0.047811,0.125955,0.59759,0.228611
AGAACCCTCAATTGGG-1,0.000033,0.000033,0.104654,0.439512,0.455768
AGAACGTGGTACATTC-1,0.000049,0.364626,0.000049,0.515534,0.119743
AGAACTGTACTTTGTA-1,0.000038,0.913956,0.000678,0.019193,0.066135
AGAAGAGCGCCGTTCC-1,0.000321,0.583821,0.184924,0.229006,0.001928
AGAAGGTACACTTCAC-1,0.000027,0.000027,0.007792,0.022952,0.969202
AGAAGGTTGCCGAATT-1,0.000039,0.021242,0.035047,0.526229,0.417443
AGAAGGTTGTAGGTCG-1,0.000072,0.839195,0.037574,0.122725,0.000434
AGAAGTGATTCGTGAT-1,0.000033,0.000308,0.023599,0.732035,0.244025
AGAATAAATCTTCAGG-1,0.000016,0.000016,0.126714,0.132135,0.741119
AGAATACAGGCTATCC-1,0.000037,0.816162,0.114382,0.069197,0.000222
AGAATGCGGGTTCGGA-1,0.000021,0.067806,0.137067,0.227509,0.567597
AGAATTATGGATTCGA-1,0.000022,0.072258,0.000037,0.031644,0.896039
AGAATTGTTTGACATA-1,0.000068,0.000068,0.012677,0.986776,0.00041
AGACAGCTCAGAATCC-1,0.000064,0.000064,0.024544,0.853995,0.121333
AGACAGGCATCTCAGC-1,0.00002,0.076745,0.033276,0.17117,0.718789
AGACATAGATCCTTCC-1,0.000051,0.000051,0.03077,0.590238,0.37889
AGACCAAACCACACCT-1,0.000027,0.000027,0.690727,0.309054,0.000164
AGACCATGGGATACAA-1,0.000022,0.000022,0.001553,0.271955,0.726448
AGACCCACCGCTGATC-1,0.00004,0.558686,0.00004,0.137281,0.303953
AGACCCGCCCTCCTCG-1,0.00003,0.003198,0.00003,0.287297,0.709446
AGACCGCTCCGCGGTT-1,0.000035,0.038636,0.055525,0.175729,0.730076
AGACCGGGAAACCCTG-1,0.000482,0.000018,0.05737,0.010946,0.931184
AGACGAAGTGCCGGTC-1,0.000068,0.933581,0.000068,0.065876,0.000408
AGACGACGATGCCGCT-1,0.000023,0.029065,0.000023,0.241425,0.729464
AGACGCCCACTTCGCC-1,0.00002,0.137196,0.077653,0.121002,0.664128
AGACGGGATTGGTATA-1,0.000027,0.000027,0.000027,0.20657,0.793348
AGACGGGCCGATTTAA-1,0.000028,0.000028,0.000028,0.266178,0.733739
AGACTAGCCTTCCAGA-1,0.000021,0.06261,0.010792,0.264045,0.662532
AGACTGTTACCGGGTC-1,0.001284,0.097794,0.147111,0.082045,0.671766
AGAGAAACACCAGAAA-1,0.000008,0.035215,0.241008,0.125164,0.598606
AGAGAACCGTCTAGGA-1,0.001062,0.114119,0.000037,0.203887,0.680896
AGAGAAGGAGTACAAT-1,0.000021,0.008986,0.204817,0.116435,0.669742
AGAGATCTCTAAAGCG-1,0.000026,0.000026,0.000026,0.025776,0.974147
AGAGCAGTTATGAGAC-1,0.000046,0.000046,0.341879,0.486527,0.171501
AGAGCCGCCGAGATTT-1,0.000029,0.129213,0.081786,0.31023,0.478741
AGAGCGCTTGTAACGG-1,0.000011,0.000011,0.070705,0.004881,0.924391
AGAGCGGGCTAATCAT-1,0.000027,0.016557,0.026384,0.316753,0.640279
AGAGCGTACAAGCTCG-1,0.000063,0.000063,0.05335,0.946142,0.000381
