Barcode,Topic 1,Topic 2to4,Topic 5,Topic 6to12
AAACAACGAATAGTTC-1,0.000029,0.255104,0.000029,0.744839
AAACAAGTATCTCCCA-1,0.188694,0.368718,0.000018,0.44257
AAACAATCTACTAGCA-1,0.002862,0.788695,0.021944,0.186499
AAACACCAATAACTGC-1,0.042511,0.628801,0.09586,0.232828
AAACAGAGCGACTCCT-1,0.000084,0.903652,0.000042,0.096221
AAACAGCTTTCAGAAG-1,0.038396,0.735917,0.000044,0.225642
AAACAGGGTCTATATT-1,0.037633,0.93764,0.023021,0.001707
AAACAGTGTTCCTGGG-1,0.039473,0.268817,0.000016,0.691694
AAACATGGTGAGAGGA-1,0.000019,0.404284,0.113156,0.482541
AAACATTTCCCGGATT-1,0.515896,0.436985,0.037567,0.009552
AAACCACTACACAGAT-1,0.101965,0.07039,0.082532,0.745112
AAACCCGAACGAAATC-1,0.682788,0.310234,0.000026,0.006951
AAACCGGAAATGTTAA-1,0.910375,0.030141,0.008264,0.05122
AAACCGGGTAGGTACC-1,0.04029,0.936457,0.000101,0.023151
AAACCGTTCGTCCAGG-1,0.000016,0.000048,0.022795,0.977142
AAACCTAAGCAGCCGG-1,0.03916,0.387376,0.009367,0.564097
AAACCTCATGAAGTTG-1,0.023684,0.620443,0.124204,0.231669
AAACGAAGAACATACC-1,0.000035,0.453548,0.000035,0.546382
AAACGAAGATGGAGTA-1,0.000018,0.095576,0.000018,0.904388
AAACGACAGTCTTGCC-1,0.044839,0.144468,0.001004,0.809688
AAACGAGACGGTTGAT-1,0.000018,0.231548,0.026124,0.74231
AAACGCCCGAGATCGG-1,0.000008,0.002588,0.008667,0.988737
AAACGCTGGGCACGAC-1,0.970601,0.000051,0.02923,0.000118
AAACGGGCGTACGGGT-1,0.14863,0.591716,0.000026,0.259628
AAACGGGTTGGTATCC-1,0.000022,0.173544,0.020909,0.805525
AAACGGTTGCGAACTG-1,0.013254,0.039636,0.021637,0.925473
AAACGTGTTCGCCCTA-1,0.061145,0.180936,0.000015,0.757904
AAACTAACGTGGCGAC-1,0.002228,0.225342,0.015819,0.756611
AAACTCGGTTCGCAAT-1,0.000006,0.003464,0.008662,0.987868
AAACTCGTGATATAAG-1,0.000005,0.000016,0.000005,0.999973
AAACTGCTGGCTCCAA-1,0.008377,0.198855,0.44469,0.348077
AAACTTAATTGCACGC-1,0.050923,0.637815,0.035048,0.276214
AAACTTGCAAACGTAT-1,0.136633,0.593867,0.000158,0.269342
AAAGAATGACCTTAGA-1,0.000013,0.209702,0.000036,0.790248
AAAGAATGTGGACTAA-1,0.987691,0.000072,0.01207,0.000167
AAAGACATGAAGTTTA-1,0.000072,0.495897,0.05894,0.445091
AAAGACTGGGCGCTTT-1,0.049713,0.463164,0.091581,0.395542
AAAGCTTGCCTACATA-1,0.067054,0.150898,0.000013,0.782035
AAAGGCCCTATAATAC-1,0.025279,0.490592,0.024729,0.4594
AAAGGCTACGGACCAT-1,0.02231,0.192765,0.053032,0.731893
AAAGGCTCTCGCGCCG-1,0.041124,0.036718,0.001113,0.921045
AAAGGGATGTAGCAAG-1,0.000079,0.71179,0.000079,0.288053
AAAGGGCAGCTTGAAT-1,0.025919,0.168131,0.10082,0.70513
AAAGGTAAGCTGTACC-1,0.039571,0.643245,0.001387,0.315798
AAAGGTCAACGACATG-1,0.039609,0.19749,0.028058,0.734843
AAAGTAGCATTGCTCA-1,0.000064,0.90203,0.083017,0.014889
AAAGTCACTGATGTAA-1,0.042157,0.957312,0.000066,0.000464
AAAGTCGACCCTCAGT-1,0.008759,0.654645,0.174582,0.162014
AAAGTGCCATCAATTA-1,0.983963,0.00005,0.000017,0.015971
AAAGTGTGATTTATCT-1,0.094012,0.712664,0.00003,0.193294
AAAGTTGACTCCCGTA-1,0.052776,0.281232,0.004021,0.661972
AAATAACCATACGGGA-1,0.000052,0.869515,0.000052,0.13038
AAATAAGGTAGTGCCC-1,0.235843,0.539374,0.000022,0.224761
AAATACCTATAAGCAT-1,0.025243,0.003029,0.009708,0.96202
AAATAGCTTAGACTTT-1,0.052792,0.155394,0.000011,0.791803
AAATAGGGTGCTATTG-1,0.021451,0.568931,0.000024,0.409593
AAATCACTCCTAAACG-1,0.003784,0.240241,0.022159,0.733815
AAATCCGATACACGCC-1,0.145639,0.537493,0.000025,0.316843
AAATCGCGGAAGGAGT-1,0.000053,0.774708,0.191143,0.034096
AAATCGTGTACCACAA-1,0.00004,0.394922,0.03314,0.571898
AAATCTAGCCCTGCTA-1,0.194366,0.196425,0.001787,0.607421
AAATCTGCCCGCGTCC-1,0.065942,0.582494,0.05611,0.295454
AAATGACTGATCAAAC-1,0.062006,0.382604,0.01247,0.542921
AAATGATTCGATCAGC-1,0.020878,0.464943,0.000026,0.514154
AAATGCTCGTTACGTT-1,0.023506,0.332791,0.64336,0.000343
AAATGGCATGTCTTGT-1,0.00007,0.825512,0.00007,0.174348
AAATGGCCCGTGCCCT-1,0.03818,0.559958,0.079111,0.322752
AAATGGTCAATGTGCC-1,0.000052,0.439015,0.175532,0.3854
AAATGTATCTTATCCC-1,0.023409,0.975681,0.000114,0.000796
AAATGTGGGTGCTCCT-1,0.051574,0.30458,0.317325,0.326521
AAATTAACGGGTAGCT-1,0.000018,0.01875,0.000018,0.981214
AAATTAATAAGCGCGA-1,0.087854,0.366171,0.407009,0.138966
AAATTACACGACTCTG-1,0.030862,0.204147,0.009184,0.755806
AAATTACCTATCGATG-1,0.03157,0.137076,0.283054,0.5483
AAATTCCAGGTCCAAA-1,0.528666,0.246888,0.000017,0.224429
AAATTGATAGTCCTTT-1,0.000033,0.114584,0.000033,0.88535
AAATTGCGGCGGTTCT-1,0.000024,0.003274,0.000024,0.996677
AAATTGGTGAGAAGCA-1,0.001239,0.022853,0.000158,0.97575
AAATTTACCGAAATCC-1,0.000007,0.000813,0.000007,0.999173
AAATTTGCGGGTGTGG-1,0.000081,0.912538,0.000081,0.0873
AACAACTGGTAGTTGC-1,0.017425,0.217985,0.029284,0.735306
AACAATACATTGTCGA-1,0.000032,0.279916,0.000079,0.719972
AACAATTACTCTACGC-1,0.012427,0.19826,0.282252,0.507061
AACACACGCTCGCCGC-1,0.029627,0.302414,0.000016,0.667943
AACACGACTGTACTGA-1,0.000036,0.253455,0.009447,0.737062
AACACGAGACGCGGCC-1,0.052001,0.256429,0.024866,0.666704
AACACGCGGCCGCGAA-1,0.000065,0.946765,0.052712,0.000458
AACAGCTGTGTGGCAA-1,0.000053,0.286534,0.044503,0.668909
AACAGGAAATCGAATA-1,0.000044,0.524982,0.000044,0.47493
AACAGGATGGGCCGCG-1,0.000105,0.269298,0.496125,0.234471
AACAGGTAGTATGGAT-1,0.704613,0.242993,0.000036,0.052358
AACATAGCGTGTATCG-1,0.529925,0.247572,0.000045,0.222458
AACATATCAACTGGTG-1,0.011801,0.122821,0.024877,0.840502
AACATCGATACGTCTA-1,0.030643,0.267806,0.000012,0.70154
AACATTGAAGTTGATC-1,0.001384,0.333708,0.050772,0.614136
AACATTGGTCAGCCGT-1,0.00003,0.107313,0.044357,0.848299
AACATTGTGACTCGAG-1,0.029366,0.501265,0.027573,0.441796
AACCAAGACTTCTCTG-1,0.000105,0.168126,0.628471,0.203297
AACCAGTATCACTCTT-1,0.000024,0.249746,0.000024,0.750207
AACCATAGGGTTGAAC-1,0.052091,0.465366,0.382026,0.100517
AACCATGGGATCGCTA-1,0.077055,0.351168,0.111084,0.460694
AACCCAGAGACGGAGA-1,0.026117,0.42499,0.34107,0.207823
AACCCATCCCATGATC-1,0.029061,0.762226,0.164659,0.044054
AACCCGACAACCCGTG-1,0.040128,0.634616,0.031407,0.293849
AACCCGAGCAGAATCG-1,0.768935,0.230767,0.000037,0.00026
AACCCGATAGGGCTTC-1,0.000956,0.464622,0.020015,0.514407
AACCCGCTGTATTCCA-1,0.0304,0.279869,0.150646,0.539084
AACCCTACTGTCAATA-1,0.021103,0.32277,0.000017,0.65611
AACCCTGGTGGAACCA-1,0.000017,0.066484,0.000017,0.933481
AACCGAGCTTGGTCAT-1,0.000009,0.003444,0.000009,0.996539
AACCGCTAAGGGATGC-1,0.031316,0.491729,0.00002,0.476936
AACCGTTGTGTTTGCT-1,0.012952,0.435413,0.079903,0.471732
AACCTAAAGCCGTCCG-1,0.000018,0.01467,0.000018,0.985293
AACCTCGCTTTAGCCC-1,0.112196,0.256428,0.195366,0.43601
AACCTGTCACGGAATT-1,0.076302,0.000031,0.001674,0.921993
AACCTTTAAATACGGT-1,0.000014,0.016622,0.000014,0.983349
AACCTTTACGACGTCT-1,0.015424,0.564277,0.023086,0.397213
AACGAAAGTCGTCCCA-1,0.000044,0.999608,0.000044,0.000305
AACGACCTCCTAGCCG-1,0.961255,0.03856,0.000023,0.000162
AACGATAATGCCGTAG-1,0.000019,0.278789,0.000019,0.721174
AACGATAGAAGGGCCG-1,0.000062,0.999446,0.000062,0.000431
AACGATATGTCAACTG-1,0.044262,0.094969,0.000022,0.860747
AACGCATGATCTGGGT-1,0.126884,0.576166,0.013487,0.283463
AACGCGAACGGCAACA-1,0.000017,0.080067,0.000017,0.919898
AACGCGACCTTGGGCG-1,0.000018,0.220425,0.000018,0.779539
AACGCGGTCTCCAGCC-1,0.000046,0.417198,0.000046,0.582709
AACGCTGTTGCTGAAA-1,0.131148,0.541791,0.000032,0.32703
AACGGACGTACGTATA-1,0.000012,0.143654,0.000012,0.856322
AACGGCCATCTCCGGT-1,0.000043,0.47403,0.000043,0.525884
AACGTACTGTGGGTAC-1,0.000017,0.00005,0.00317,0.996763
AACGTAGTCTACCCAT-1,0.000084,0.917337,0.000084,0.082496
AACGTCAGACTAGTGG-1,0.023615,0.819416,0.019171,0.137797
AACGTCATCCGGCTTG-1,0.00008,0.057476,0.00008,0.942365
AACGTCGCTGCACTTC-1,0.923367,0.076264,0.000046,0.000323
AACGTGATGAAGGACA-1,0.00006,0.927098,0.00006,0.072782
AACGTGCGAAAGTCTC-1,0.003293,0.052584,0.14996,0.794162
AACGTTATCAGCACCT-1,0.103703,0.895534,0.000095,0.000667
AACGTTCTACCATTGT-1,0.94588,0.050181,0.000064,0.003875
AACTACCCGTTTGTCA-1,0.675354,0.096007,0.001416,0.227222
AACTAGCGTATCGCAC-1,0.06747,0.251247,0.083322,0.597962
AACTAGGCTTGGGTGT-1,0.000036,0.374924,0.009317,0.615722
AACTCAAGTTAATTGC-1,0.000024,0.080277,0.05905,0.860649
AACTCCAGAGCGTGTT-1,0.229306,0.278459,0.000029,0.492206
AACTCCTAATCCCATG-1,0.000011,0.016006,0.007699,0.976284
AACTCGATAAACACGT-1,0.000038,0.619662,0.035253,0.345047
AACTCGATGGCGCAGT-1,0.000093,0.999162,0.000093,0.000652
AACTCTCAATAGAGCG-1,0.079882,0.335558,0.036148,0.548412
AACTCTCAGTGTGCTC-1,0.000052,0.423443,0.000052,0.576452
AACTGAGGTCAGCGTC-1,0.000025,0.40307,0.000025,0.59688
AACTGAGTTATACTGA-1,0.87672,0.077228,0.044789,0.001263
AACTGATATTAGGCCT-1,0.000031,0.027765,0.000031,0.972174
AACTGGGTCCCGACGT-1,0.000055,0.746933,0.000055,0.252957
AACTGGGTTCGAGCCG-1,0.000011,0.014621,0.007199,0.97817
AACTGGTGTGGGCCTT-1,0.045979,0.299833,0.015953,0.638236
AACTTCTGCGTCTATC-1,0.000112,0.998992,0.000112,0.000784
AACTTGCCCGTATGCA-1,0.015092,0.138275,0.343036,0.503597
AACTTGCGTTCTCGCG-1,0.051508,0.823224,0.000153,0.125115
AACTTTACGGGAGCTT-1,0.030717,0.383114,0.21616,0.370009
AACTTTAGCTGCTGAG-1,0.001557,0.298233,0.114244,0.585967
AACTTTCTCGATCATG-1,0.043922,0.267092,0.009264,0.679722
AAGAAAGTTTGATGGG-1,0.063672,0.872626,0.00004,0.063662
AAGAAATCACCAGATT-1,0.043118,0.208945,0.01629,0.731646
AAGAAGGATCAGTTAG-1,0.000068,0.999391,0.000068,0.000474
AAGACATACGTGGTTT-1,0.896459,0.08565,0.000022,0.017869
AAGACCAAATAACTCA-1,0.024512,0.516533,0.259581,0.199374
AAGACCCAACTGAACA-1,0.000011,0.065679,0.000011,0.934299
AAGACTAACCCGTTGT-1,0.000058,0.569124,0.009111,0.421707
AAGACTCACGCCCACT-1,0.000055,0.82035,0.000055,0.17954
AAGACTGCAAGCTACT-1,0.106279,0.250432,0.000041,0.643248
AAGAGATGAATCGGTA-1,0.019846,0.177455,0.289383,0.513316
AAGAGCTCTTTATCGG-1,0.000018,0.093953,0.040529,0.865501
AAGAGGATGTACGCGA-1,0.011779,0.195872,0.051301,0.741048
AAGAGGCATGGATCGC-1,0.096537,0.028674,0.051362,0.823426
AAGAGGCCCTTTGGAA-1,0.341379,0.058822,0.026432,0.573368
AAGATGGCACCGGACC-1,0.00713,0.305397,0.000034,0.687439
AAGATTGGCGGAACGT-1,0.000008,0.000024,0.030099,0.969868
AAGCACCCTGCGTATC-1,0.00002,0.147243,0.00002,0.852717
AAGCATACTCTCCTGA-1,0.052442,0.027169,0.028,0.892389
AAGCCACTTGCAGGTA-1,0.000031,0.691934,0.000031,0.308004
AAGCCGAAGCGGTTTA-1,0.275024,0.063087,0.002332,0.659557
AAGCCGCCGTGAAATC-1,0.000022,0.348397,0.000022,0.651559
AAGCCGCTTTACCTTG-1,0.053593,0.569464,0.000025,0.376918
AAGCCGGAGAGCAGGA-1,0.824226,0.160439,0.005657,0.009678
AAGCGCAGGGCTTTGA-1,0.03262,0.462407,0.001528,0.503445
AAGCGGAGTGCGCGCA-1,0.013252,0.895132,0.000023,0.091593
AAGCGGCGTCATGGGT-1,0.000064,0.999423,0.000064,0.000449
AAGCGTCCCTCATCGA-1,0.000023,0.000068,0.000023,0.999886
AAGCTAGATCGAGTAA-1,0.000016,0.105576,0.011273,0.883135
AAGCTATGGATTGACC-1,0.045097,0.838596,0.080604,0.035703
AAGCTCGTGCCAAGTC-1,0.048788,0.272719,0.06494,0.613552
AAGCTCTTTCATGGTG-1,0.000012,0.000036,0.002026,0.997926
AAGGAGAACTTATAAG-1,0.036304,0.747959,0.027753,0.187983
AAGGAGCGGTTGGTGC-1,0.000091,0.813768,0.000091,0.186051
AAGGATCGATCGCTTG-1,0.208875,0.780836,0.000036,0.010253
AAGGATGAGGGACCTC-1,0.011147,0.532062,0.214165,0.242626
AAGGCAGGCTGTCTCC-1,0.506019,0.359055,0.000031,0.134895
AAGGCGCGTAAAGCTT-1,0.00766,0.556782,0.051695,0.383863
AAGGCTGTGCTCATCG-1,0.000092,0.866041,0.000092,0.133775
AAGGGAACGACTGGCT-1,0.002715,0.996863,0.000053,0.000369
AAGGGACAGATTCTGT-1,0.029983,0.587524,0.000043,0.38245
AAGGGACTATGCATTC-1,0.000034,0.164407,0.000034,0.835526
AAGGGTTAGCCATGCG-1,0.720128,0.254341,0.000061,0.02547
AAGGGTTTGATTTCAG-1,0.000022,0.157582,0.000022,0.842375
AAGGTATCCTAATATA-1,0.015332,0.120938,0.059598,0.804131
AAGGTGATAAACCAGC-1,0.073918,0.57872,0.000025,0.347337
AAGTAAGCTTCCAAAC-1,0.000078,0.942038,0.05058,0.007304
AAGTAGAAGACCGGGT-1,0.000095,0.999144,0.000095,0.000666
AAGTAGTGACGCGAGG-1,0.008844,0.441571,0.135542,0.414044
AAGTCAATTGTCGTCA-1,0.059588,0.610234,0.000023,0.330156
AAGTCTAGTAGCTGCC-1,0.080923,0.127041,0.000013,0.792022
AAGTCTTCTGTGGCCT-1,0.053691,0.945466,0.000105,0.000737
AAGTGACGACCGAATT-1,0.038675,0.170066,0.097785,0.693474
AAGTGAGTCGGGTTTA-1,0.00004,0.54123,0.00004,0.45869
AAGTGCAAAGGTAGAC-1,0.007454,0.336803,0.183896,0.471848
AAGTGCCTTGACTGTA-1,0.023667,0.036921,0.000012,0.9394
AAGTGCGTTAGAATCT-1,0.000118,0.998938,0.000118,0.000826
AAGTGCTTCTCTATTG-1,0.000036,0.609715,0.046327,0.343922
AAGTGTTTGGAGACGG-1,0.000173,0.303383,0.000963,0.695481
AAGTTCACTCCAAGCT-1,0.055271,0.16315,0.577065,0.204514
AAGTTCAGTCTGCGTA-1,0.024232,0.82775,0.000043,0.147974
AAGTTCGGCCAACAGG-1,0.000104,0.999061,0.000104,0.00073
AAGTTGTGATGTTATA-1,0.818863,0.180926,0.000026,0.000185
AAGTTTACTAATGGCA-1,0.000063,0.747809,0.251685,0.000443
AAGTTTATGGGCCCAA-1,0.000404,0.216399,0.006318,0.776879
AATAACACTAGAACAA-1,0.000139,0.324845,0.055004,0.620012
AATAACGTCGCGCCCA-1,0.660613,0.184262,0.000103,0.155022
AATAAGTCCTCGAGAC-1,0.000018,0.039615,0.000018,0.96035
AATAATCTTCGTATCG-1,0.932805,0.052059,0.000023,0.015113
AATACAATGTTTCAGG-1,0.027418,0.294218,0.090975,0.587389
AATACCGGAGGGCTGT-1,0.049835,0.800859,0.000857,0.148449
AATACCTGATGTGAAC-1,0.718038,0.195195,0.000133,0.086634
AATAGAACAGAGTGGC-1,0.000046,0.599455,0.000046,0.400454
AATAGAATCTGTTTCA-1,0.097904,0.585781,0.022923,0.293392
AATAGCAAGCCTCCTG-1,0.063563,0.390365,0.003114,0.542957
AATAGCTACCGCGTGC-1,0.008633,0.744207,0.000028,0.247131
AATAGGCACGACCCTT-1,0.000075,0.419915,0.004997,0.575013
AATAGTCCGTCCCGAC-1,0.00003,0.33124,0.00003,0.668701
AATAGTCGCGAGTCGG-1,0.00008,0.999277,0.00008,0.000562
AATATCAAGGTCGGAT-1,0.026514,0.360866,0.183142,0.429478
AATATCCTAGCAAACT-1,0.000037,0.509522,0.001426,0.489015
AATATCGAATCAATGC-1,0.374296,0.533132,0.011542,0.08103
AATATCGAGGGTTCTC-1,0.037984,0.619004,0.000035,0.342977
AATATTGGAGTATTGA-1,0.000227,0.156664,0.817825,0.025285
AATCAGACTGCAGGAC-1,0.000025,0.186035,0.01738,0.79656
AATCAGGTTTCATTTA-1,0.029458,0.378462,0.007976,0.584104
AATCATGTAAAGACTC-1,0.223217,0.333738,0.014606,0.428439
AATCCAAGGGCCTGAG-1,0.037544,0.293161,0.069694,0.599602
AATCCATGCAAGGGTG-1,0.031234,0.36209,0.553321,0.053354
AATCCCGCTCAGAGCC-1,0.003793,0.00004,0.053931,0.942236
AATCGAGGTCTCAAGG-1,0.225884,0.327876,0.347138,0.099102
AATCGCCTCAGCGCCA-1,0.000014,0.041118,0.000014,0.958855
AATCGCGCAGAGGACT-1,0.623885,0.314442,0.004124,0.057549
AATCGGGACACTACGA-1,0.000045,0.561166,0.002629,0.43616
AATCGGTATAGCCCTC-1,0.829622,0.000066,0.145733,0.024579
AATCGTGAGCCGAGCA-1,0.113043,0.66162,0.000036,0.225302
AATCTAGGTTTACTTG-1,0.011489,0.638731,0.133189,0.216591
AATCTATGCCGGAGCC-1,0.048117,0.601615,0.000033,0.350236
AATCTCTACTGTGGTT-1,0.000076,0.999314,0.000076,0.000534
AATCTGCGTTGGGACG-1,0.000027,0.369372,0.000027,0.630574
AATCTGGCTTTCTAGT-1,0.000382,0.369383,0.613932,0.016303
AATCTGGGTAGACCCT-1,0.000009,0.002722,0.000806,0.996464
AATGACAGCAATGTCT-1,0.062015,0.380249,0.556994,0.000741
AATGACGTAGGATGTC-1,0.030223,0.272385,0.015236,0.682156
AATGACTGTCAGCCGG-1,0.025173,0.525938,0.448462,0.000427
AATGAGTTCGCATATG-1,0.016663,0.982605,0.000091,0.00064
AATGATGATACGCTAT-1,0.000012,0.001105,0.000012,0.998872
AATGATGCGACTCCTG-1,0.030629,0.847019,0.000059,0.122293
AATGCAACCGGGTACC-1,0.001182,0.742707,0.000132,0.255978
AATGCACCAAGCAATG-1,0.000021,0.233825,0.007473,0.758681
AATGGCCGCCAATGCG-1,0.018613,0.737947,0.00004,0.2434
AATGGTCCACCGTTCA-1,0.022988,0.446648,0.161545,0.368819
AATGGTTCTCACAAGC-1,0.004349,0.024003,0.970246,0.001402
AATGTATGGCACTGTA-1,0.058666,0.750726,0.140695,0.049913
AATGTGCCCGAGGTGT-1,0.000064,0.492628,0.166308,0.341
AATGTGCTAATCTGAG-1,0.000023,0.079017,0.000023,0.920936
AATGTTAAGACCCTGA-1,0.295932,0.386802,0.075326,0.24194
AATGTTGTCGTGAGAC-1,0.553771,0.000426,0.27698,0.168823
AATTAAAGGTCGGCGT-1,0.042194,0.266778,0.000053,0.690975
AATTAACGGATTTCCA-1,0.023889,0.029718,0.00002,0.946372
AATTACGAGACCCATC-1,0.000074,0.865656,0.000074,0.134196
AATTACTCGTACGCTC-1,0.000044,0.356995,0.018044,0.624918
AATTAGCGCTGCAGCG-1,0.004818,0.054076,0.011787,0.929319
AATTATACCCAGCAAG-1,0.6137,0.25088,0.135145,0.000274
AATTCATAAGGGATCT-1,0.000016,0.05372,0.000016,0.946248
AATTCATTGTCATGCA-1,0.17044,0.773755,0.055499,0.000306
AATTCCAACTTGGTGA-1,0.064577,0.414082,0.068175,0.453167
AATTCCAAGCATGTAC-1,0.000015,0.000044,0.007667,0.992274
AATTCGATTCGAGGAT-1,0.022919,0.469423,0.000029,0.507629
AATTCTAGAGTTAGGC-1,0.001146,0.198515,0.048541,0.751798
AATTGAACGCTCTGGT-1,0.000014,0.129104,0.015376,0.855506
AATTGCAGCAATCGAC-1,0.220564,0.014313,0.007255,0.757868
AATTGCGTGGATTACA-1,0.079703,0.919756,0.000068,0.000473
AATTGTGGTTGCCAAA-1,0.885821,0.114044,0.000017,0.000118
AATTTGGGACATAGTA-1,0.085654,0.094219,0.017767,0.802361
AATTTGGTTCCAAAGA-1,0.00003,0.147171,0.011154,0.841645
ACAAACCATGCGTCCT-1,0.046067,0.605138,0.07185,0.276944
ACAAACCGACAAGGCG-1,0.000046,0.543618,0.000046,0.45629
ACAAACTCCATCAGAG-1,0.014233,0.233622,0.064399,0.687746
ACAAAGAAGGTAGGCC-1,0.000019,0.350801,0.002397,0.646782
ACAAAGCATGACCTAG-1,0.441922,0.503436,0.000031,0.054611
ACAAATCGCACCGAAT-1,0.046274,0.158004,0.017125,0.778596
ACAAATGGTAGTGTTT-1,0.083789,0.426807,0.000025,0.48938
ACAAATTCAGATCTGA-1,0.034644,0.841008,0.000045,0.124302
ACAACAGCATGAGCTA-1,0.000015,0.049272,0.01077,0.939943
ACAACGGTCCCTGCGA-1,0.04739,0.176043,0.167675,0.608892
ACAAGCAGTGCCTAGC-1,0.000082,0.225741,0.7644,0.009777
ACAAGCTATATGGAAG-1,0.042131,0.957105,0.000096,0.000669
ACAAGGAAATCCGCCC-1,0.080975,0.534828,0.000028,0.384169
ACAAGGACAAGAGGTT-1,0.000047,0.518387,0.000047,0.481518
ACAAGGATGCTTTAGG-1,0.155877,0.308222,0.33537,0.200531
ACAAGGCCTACCAGCC-1,0.068461,0.86767,0.000049,0.063819
ACAAGGGCAGGCTCTG-1,0.04001,0.46395,0.288416,0.207624
ACAAGTAATTGTAAGG-1,0.028527,0.442837,0.043462,0.485174
ACAATAGTCGTACGTT-1,0.0578,0.476508,0.234488,0.231204
ACAATCCATTTAAACC-1,0.030177,0.175995,0.100046,0.693782
ACAATCGATCTTTATA-1,0.025569,0.973719,0.000089,0.000623
ACAATGAATACGGAGA-1,0.000022,0.336639,0.000022,0.663318
ACAATGATTCTTCTAC-1,0.000011,0.073296,0.000011,0.926683
ACAATTGTGTCTCTTT-1,0.087118,0.524151,0.133031,0.2557
ACAATTTAGGAGGCTC-1,0.000119,0.707705,0.155798,0.136377
ACAATTTGAGCAGTGG-1,0.000037,0.42675,0.051591,0.521622
ACAATTTGGCCATATT-1,0.46076,0.198942,0.000023,0.340274
ACACAAAGACGGGTGG-1,0.000151,0.816314,0.131141,0.052394
ACACAAATATTCCTAG-1,0.027693,0.593161,0.000023,0.379124
ACACACCAGGACCAGT-1,0.05541,0.531551,0.000025,0.413015
ACACACTTTCTACACG-1,0.000042,0.227812,0.000042,0.772105
ACACATGATCAAATCT-1,0.055295,0.268322,0.082061,0.594321
ACACATTGACGCAACA-1,0.01062,0.606815,0.080975,0.301591
ACACATTTCCGTAGAC-1,0.078656,0.284913,0.014025,0.622405
ACACCACATAATTAGC-1,0.059408,0.000053,0.218633,0.721906
ACACCCAGCATGCAGC-1,0.000073,0.808674,0.000073,0.191181
ACACCCGAGAAATCCG-1,0.033239,0.275135,0.082609,0.609018
ACACCCGTAAATCTGT-1,0.046344,0.258931,0.023258,0.671467
ACACCGAGCGCTCTTT-1,0.00004,0.256786,0.011023,0.732151
ACACCGGTCTGACCGC-1,0.337864,0.590518,0.000035,0.071583
ACACCTTAAGTAGGGC-1,0.000075,0.645141,0.000075,0.354708
ACACCTTACTACTTGC-1,0.088642,0.033419,0.000013,0.877925
ACACGAGACTCCTTCT-1,0.004969,0.327372,0.037508,0.630151
ACACGGCACTATGCAT-1,0.019346,0.297036,0.000039,0.683579
ACACGGGAACTTAGGG-1,0.00005,0.705517,0.00005,0.294383
ACACGTAGGCCACAAG-1,0.884027,0.082958,0.032812,0.000202
ACACTCCAATGTCACT-1,0.083214,0.916238,0.000069,0.00048
ACACTGATCAAGGTGT-1,0.006818,0.179563,0.04054,0.773079
ACACTGGGACAGTCGT-1,0.782129,0.174839,0.006156,0.036875
ACAGAACTGAGAACAA-1,0.000099,0.999109,0.000099,0.000693
ACAGATTAGGTTAGTG-1,0.000117,0.998945,0.000117,0.00082
ACAGCATAGAGCCAGT-1,0.000081,0.737607,0.000081,0.262231
ACAGCGACATTCTCAT-1,0.173857,0.100845,0.000424,0.724875
ACAGCGCACCCGCAGC-1,0.000033,0.230786,0.000033,0.769149
ACAGGAGGCGCAGCCG-1,0.000042,0.63029,0.084609,0.285059
ACAGGCACGGATCCTT-1,0.328471,0.413938,0.000032,0.257559
ACAGGCTTGCCCGACT-1,0.078264,0.503687,0.00002,0.418029
ACAGGTGGAGGTGAGG-1,0.000071,0.637892,0.000071,0.361966
ACAGGTGTGTTGTTGC-1,0.051829,0.654197,0.037037,0.256937
ACAGTAATACAACTTG-1,0.077934,0.852424,0.000055,0.069587
ACAGTATACCGTGGGA-1,0.000007,0.00002,0.000007,0.999967
ACAGTGCAGCGCATTT-1,0.042503,0.173545,0.018452,0.7655
ACATAAGTCGTGGTGA-1,0.000032,0.392108,0.148321,0.459539
ACATAATAAGGCGGTG-1,0.000103,0.878645,0.000103,0.121149
ACATACAATCAAGCGG-1,0.713286,0.03988,0.003751,0.243082
ACATCAGCTGGGACGC-1,0.019018,0.70007,0.165468,0.115444
ACATCCCGGCCATACG-1,0.000036,0.207342,0.000036,0.792586
ACATCCTGGTAACTGT-1,0.154366,0.670547,0.000029,0.175058
ACATCGATCGTTTACC-1,0.000025,0.067139,0.01297,0.919866
ACATCGCAATATTCGG-1,0.000061,0.242218,0.000061,0.75766
ACATCGGTCAGCCGCG-1,0.129858,0.862745,0.000118,0.007278
ACATCGTATGCAATGG-1,0.045728,0.495599,0.015146,0.443526
ACATCGTTAACCTAGT-1,0.000033,0.18304,0.000033,0.816893
ACATCTCAACGCGTAA-1,0.000026,0.193489,0.085951,0.720534
ACATGCTTACGGCAGC-1,0.014366,0.748248,0.000034,0.237352
ACATGGCGCCAAAGTA-1,0.197297,0.802439,0.000033,0.000231
ACATGGCTCAATTTAG-1,0.000037,0.151788,0.123144,0.72503
ACATTAGTTTATATCC-1,0.000042,0.379746,0.000042,0.62017
ACATTCGCGCGGAATA-1,0.000019,0.328078,0.065144,0.606759
ACATTTGAAACCTAAC-1,0.813276,0.03343,0.000073,0.15322
ACCAAACACCCAGCGA-1,0.000018,0.568743,0.000018,0.431221
ACCAAACTAGAAATCC-1,0.000045,0.693156,0.000045,0.306754
ACCAACACCACACACT-1,0.000012,0.236942,0.010212,0.752833
ACCAACCGCACTCCAC-1,0.606882,0.259232,0.000029,0.133856
ACCAACGCTTATTTAT-1,0.00002,0.021828,0.00002,0.978131
ACCAAGAACGCGTGTC-1,0.000122,0.998903,0.000122,0.000853
ACCAAGTCATCGGCAG-1,0.987622,0.000078,0.012119,0.000181
ACCAATATGCAAGTTA-1,0.000373,0.063132,0.000012,0.936484
ACCACAACTCAGAACA-1,0.000026,0.26984,0.000026,0.730108
ACCACAAGTTTCTATC-1,0.000065,0.285793,0.000065,0.714077
ACCACACGGTTGATGG-1,0.203299,0.399179,0.134082,0.263441
ACCACCAATGTAACAA-1,0.430499,0.337415,0.188162,0.043924
ACCACCCTCTCTTCTA-1,0.136671,0.862998,0.000041,0.00029
ACCACGTGCAGCTATA-1,0.00002,0.118877,0.00002,0.881083
ACCACTGTTCAAGAAG-1,0.000012,0.000035,0.207986,0.791968
ACCAGACCATAACAAC-1,0.017971,0.981638,0.000049,0.000342
ACCAGCCCGGTCTTTG-1,0.000081,0.786814,0.000081,0.213024
ACCAGGAGTGTGATCT-1,0.025122,0.465085,0.067754,0.442039
ACCAGTGCCCGGTCAA-1,0.000011,0.0428,0.000011,0.957177
ACCAGTGCGGGAGACG-1,0.008717,0.181932,0.000017,0.809334
ACCATATCCGCAATAA-1,0.000038,0.256528,0.000038,0.743396
ACCATCCGCCAACTAG-1,0.000027,0.853582,0.003524,0.142868
ACCATCGTATATGGTA-1,0.000103,0.544251,0.084744,0.370903
ACCATTAAGGGTGTCA-1,0.000022,0.013941,0.000022,0.986015
ACCCAACGCCCGTGGC-1,0.090682,0.433849,0.068034,0.407436
ACCCACCTACATGCTC-1,0.057783,0.138445,0.239389,0.564382
ACCCATCTTGAGGGTA-1,0.000133,0.949087,0.000133,0.050647
ACCCATTTGTCCCTCT-1,0.612456,0.328352,0.000048,0.059145
ACCCGAGCGAAATTAC-1,0.060513,0.064488,0.000022,0.874977
ACCCGATTGGTTCCGA-1,0.000059,0.867034,0.000059,0.132848
ACCCGGAAACTCCCAG-1,0.021706,0.158825,0.040852,0.778616
ACCCGGAGCACCACAA-1,0.955748,0.044075,0.000022,0.000155
ACCCGGATGACGCATC-1,0.063963,0.481279,0.000025,0.454733
ACCCGGTTACACTTCC-1,0.000062,0.307572,0.000062,0.692303
ACCCGTAGCAGAGAAT-1,0.066162,0.495298,0.073362,0.365177
ACCCGTAGTCTAGTTG-1,0.971466,0.028294,0.00003,0.00021
ACCCGTGTCATCAGTA-1,0.01824,0.158929,0.020727,0.802104
ACCCTATAGGACTGAG-1,0.000194,0.622396,0.000194,0.377217
ACCCTATGCCATATCG-1,0.000055,0.205898,0.000055,0.793993
ACCCTCCCGTCAGGGC-1,0.684251,0.158218,0.019005,0.138526
ACCCTCCCTTGCTATT-1,0.033375,0.152915,0.02821,0.785499
ACCCTGGTAACGCCCT-1,0.028874,0.000774,0.000008,0.970344
ACCCTTCATCTGCGAA-1,0.011273,0.281177,0.079814,0.627736
ACCCTTGCCTGGGTCG-1,0.042504,0.875702,0.008748,0.073046
ACCCTTTAGTTCTCCA-1,0.000013,0.000039,0.000013,0.999936
ACCGAAAGGGCCCTGC-1,0.021992,0.79173,0.185749,0.000529
ACCGAAGAGTCTGGTT-1,0.000073,0.999346,0.000073,0.000509
ACCGACACATCTCCCA-1,0.033239,0.184456,0.000026,0.782279
ACCGACTGAGTCCCAC-1,0.000076,0.429115,0.000076,0.570733
ACCGAGTCTCCTTATT-1,0.079297,0.464223,0.000025,0.456456
ACCGATAGGCATAACC-1,0.999759,0.000066,0.000022,0.000153
ACCGATATTTAATCAT-1,0.909845,0.028625,0.000029,0.061502
ACCGATGGTAGCATCG-1,0.003134,0.142949,0.000017,0.8539
ACCGCAATAACTGCCT-1,0.012565,0.304326,0.000269,0.68284
ACCGCGGTGGAAGTCG-1,0.714303,0.08563,0.004695,0.195371
ACCGCTAGTCATTGGT-1,0.011256,0.616587,0.000036,0.372122
ACCGGGCCTTTGTTGA-1,0.053925,0.185155,0.001608,0.759312
ACCGGTCAGGTACACC-1,0.048555,0.44527,0.117966,0.388209
ACCGGTCTGAGTACGG-1,0.000042,0.529925,0.000042,0.469992
ACCGTCCACTGGGCCC-1,0.020631,0.526967,0.019795,0.432607
ACCGTGACCACGTGGG-1,0.035662,0.16905,0.794865,0.000423
ACCGTTCCCGCTCTGA-1,0.000034,0.167314,0.005484,0.827169
ACCTAAGTACCTTTCA-1,0.000116,0.951805,0.000116,0.047963
ACCTAATCGACTTCCT-1,0.000142,0.437687,0.319401,0.242771
ACCTACAGTATGTGGT-1,0.552444,0.312239,0.000028,0.135289
ACCTACTATAAATCTA-1,0.000014,0.028058,0.009146,0.962781
ACCTCAGCGAGGCGCA-1,0.262686,0.00463,0.721882,0.010803
ACCTCCGCCCTCGCTG-1,0.601095,0.330022,0.000059,0.068823
ACCTCCGTTATTCACC-1,0.260734,0.629761,0.000033,0.109471
ACCTCGAACTTATGCT-1,0.025011,0.792009,0.000096,0.182883
ACCTGCGTGTCATGTT-1,0.081344,0.63641,0.000134,0.282112
ACCTTTCCTTTAGAAG-1,0.000087,0.999219,0.000087,0.000608
ACGACCCATGAGTTGC-1,0.926686,0.07087,0.002283,0.000161
ACGACTCTAGGGCCGA-1,0.746006,0.215882,0.008163,0.029949
ACGACTGGTCATACTC-1,0.000062,0.659445,0.000062,0.340431
ACGAGAACCCATCACG-1,0.119046,0.880498,0.000057,0.000399
ACGAGATATTTGCTTA-1,0.00008,0.759105,0.00008,0.240735
ACGAGGATACCACTCT-1,0.054883,0.300296,0.130633,0.514188
ACGAGGTTTACAACGT-1,0.000115,0.894539,0.104541,0.000805
ACGAGTACGGATGCCC-1,0.021259,0.120164,0.007196,0.851381
ACGAGTCGCCGGCGTT-1,0.000034,0.374741,0.002033,0.623192
ACGATACATAGAACTA-1,0.000018,0.119892,0.028829,0.851261
ACGATACCTATCCTGA-1,0.051951,0.293368,0.464287,0.190394
ACGATCATACATAGAG-1,0.000088,0.795972,0.000088,0.203852
ACGATCATCTTGTAAA-1,0.066873,0.465756,0.000025,0.467346
ACGATGCATATGTTAT-1,0.003477,0.640307,0.00007,0.356146
ACGATGGATCCGATGC-1,0.00003,0.149181,0.00003,0.85076
ACGCAAACTAATAGAT-1,0.000011,0.08055,0.000011,0.919429
ACGCAATCACTACAGC-1,0.182068,0.350574,0.387928,0.079429
ACGCATAAATGACATG-1,0.013237,0.13822,0.018043,0.8305
ACGCATACGTTTACTA-1,0.286665,0.497623,0.015321,0.200391
ACGCATTCGTGAGTAC-1,0.000051,0.259997,0.002921,0.737031
ACGCCACTCGAAACAG-1,0.101854,0.242956,0.000017,0.655173
ACGCCAGATGATTTCT-1,0.000053,0.418262,0.000053,0.581632
ACGCCAGTGCGTTTGC-1,0.803225,0.000087,0.011071,0.185617
ACGCCCAGCTGTCGAT-1,0.000045,0.352286,0.000045,0.647625
ACGCCGCTAGACGACC-1,0.034774,0.310977,0.025712,0.628537
ACGCCTGACACGCGCT-1,0.000015,0.109198,0.000015,0.890772
ACGCGAAGTCAGACGA-1,0.000036,0.322091,0.000036,0.677837
ACGCGCTACACAGGGT-1,0.000104,0.999066,0.000104,0.000726
ACGCGGGCCAAGGACA-1,0.000038,0.223774,0.033035,0.743152
ACGCGTTTCTTAAGAG-1,0.029697,0.396352,0.02941,0.544541
ACGCTACTGAATGGGC-1,0.771867,0.227811,0.00004,0.000282
ACGCTAGTATCAGTGC-1,0.000034,0.428996,0.015694,0.555276
ACGCTAGTGATACACT-1,0.044135,0.565519,0.000056,0.39029
ACGCTGTGAGGCGTAG-1,0.025836,0.973371,0.000099,0.000694
ACGCTTAGTGTCTCTC-1,0.000047,0.371194,0.000047,0.628712
ACGGAACACGAGTGCC-1,0.619779,0.104939,0.115398,0.159884
ACGGAATTTAGCAAAT-1,0.070233,0.543187,0.08749,0.29909
ACGGACGCAGCGACAA-1,0.000036,0.821941,0.000036,0.177988
ACGGACTCTCAAAGCG-1,0.000011,0.001623,0.000011,0.998355
ACGGAGCGCAAATTAC-1,0.002369,0.020227,0.005505,0.971899
ACGGATGGTGCGGATA-1,0.021196,0.332713,0.018414,0.627677
ACGGCACTTGCTTGGG-1,0.009192,0.11258,0.049888,0.828339
ACGGCCAACATGGACT-1,0.00216,0.200928,0.015516,0.781396
ACGGCGACGATGGGAA-1,0.021015,0.206981,0.034921,0.737082
ACGGCGGGTTGCCCTG-1,0.000051,0.544396,0.000051,0.455502
ACGGCTGGATGTAGAA-1,0.017912,0.868837,0.112789,0.000461
ACGGGAGTGTCGGCCC-1,0.000123,0.9371,0.000123,0.062653
ACGGGCGTATGCGACA-1,0.031532,0.06592,0.00325,0.899298
ACGGGTCATGTGACTT-1,0.000029,0.232634,0.000029,0.767307
ACGGGTTGTGACCTGT-1,0.056479,0.750232,0.025083,0.168206
ACGGTACAGTTCAATG-1,0.766576,0.233206,0.000027,0.000191
ACGGTCACCGAGAACA-1,0.057161,0.541732,0.060305,0.340801
ACGTACAGATTTCTCT-1,0.000058,0.307627,0.003883,0.688433
ACGTACTTTGGCACGG-1,0.000042,0.969377,0.000042,0.03054
ACGTAGATTGCTGATG-1,0.000028,0.068104,0.000441,0.931426
ACGTAGGAGAGTCGCT-1,0.063447,0.468853,0.003472,0.464227
ACGTATTACTCCGATC-1,0.037962,0.242317,0.000023,0.719697
ACGTCCTAAACGAGAT-1,0.064675,0.709992,0.02516,0.200173
ACGTCGGGCAACTCGG-1,0.000015,0.260168,0.000015,0.739801
ACGTCTCGTTCCGGGA-1,0.023164,0.750063,0.051764,0.175009
ACGTGACAAAGTAAGT-1,0.000014,0.118513,0.000535,0.880938
ACGTGCGCCTCGTGCA-1,0.039045,0.275421,0.000044,0.68549
ACGTGGTCGAATGTGC-1,0.000026,0.209095,0.006446,0.784433
ACGTTAATGTCGAAGA-1,0.012508,0.008011,0.005734,0.973747
ACGTTAGATTTGCCCG-1,0.073068,0.837771,0.000094,0.089067
ACGTTATTGGTCACTC-1,0.000132,0.998813,0.000132,0.000923
ACGTTCACTATGCCGC-1,0.013165,0.580107,0.053977,0.352752
ACGTTCCGCGCTCCGT-1,0.024504,0.974643,0.000107,0.000746
ACGTTCGCAATCAATT-1,0.097844,0.062551,0.000606,0.838999
ACGTTCGTTCAGGAAA-1,0.000034,0.285344,0.000034,0.714587
ACGTTCTGTACAAGTC-1,0.480227,0.297252,0.000046,0.222474
ACGTTGTCGTTGAAAG-1,0.000016,0.227103,0.000016,0.772865
ACGTTTAGTTGTGATC-1,0.00004,0.103584,0.018385,0.877991
ACGTTTCGGTGCACTT-1,0.877442,0.035484,0.086775,0.000298
ACTAAGGACGCACACC-1,0.000014,0.18868,0.000307,0.810998
ACTAATACGTCAGGCG-1,0.000049,0.913659,0.000049,0.086243
ACTACAAAGAGAGGTG-1,0.038776,0.253867,0.055524,0.651833
ACTACATCCCGACAAG-1,0.051757,0.294701,0.157392,0.49615
ACTACCAGCTCTCTGG-1,0.00008,0.881698,0.00008,0.118142
ACTACCATCCGAGGGC-1,0.086267,0.564652,0.067772,0.281309
ACTACGCGTTAGAATT-1,0.064476,0.134937,0.018314,0.782273
ACTAGTTGCGATCGTC-1,0.172626,0.015015,0.002923,0.809436
ACTATATGCTGTGTTC-1,0.079101,0.179471,0.362422,0.379006
ACTATCCAGGGCATGG-1,0.354915,0.287066,0.000019,0.358
ACTATCGCCGGCTAAA-1,0.000064,0.679574,0.000064,0.320298
ACTATCTGCCCGCGTA-1,0.647694,0.351993,0.000039,0.000274
ACTATGTCCAGCTGCC-1,0.000064,0.848453,0.015215,0.136268
ACTATTCGTCCGTGGT-1,0.000046,0.284644,0.056859,0.658452
ACTATTTCCGGGCCCA-1,0.000056,0.526762,0.000056,0.473127
ACTCAACGAATGTATT-1,0.079612,0.919617,0.000096,0.000675
ACTCAAGTGCAAGGCT-1,0.119558,0.442838,0.00003,0.437574
ACTCAATAAAGGCACG-1,0.000047,0.544673,0.000047,0.455233
ACTCAGACCTGCTTCT-1,0.05442,0.26294,0.36904,0.3136
ACTCATGGCAGCCTTC-1,0.046705,0.906532,0.000041,0.046723
ACTCCAATATCATCAT-1,0.009194,0.533696,0.051193,0.405916
ACTCCCATTCCTAAAG-1,0.102441,0.515301,0.20881,0.173448
ACTCCCGAATTCGTTT-1,0.015271,0.086534,0.000017,0.898178
ACTCCCGTAGACTAGG-1,0.136539,0.392138,0.032783,0.43854
ACTCCCTAATGCTAAA-1,0.061546,0.556465,0.000034,0.381955
ACTCCCTAGAATAGTA-1,0.002672,0.064993,0.035676,0.896659
ACTCCGGCCGACCACT-1,0.160035,0.029689,0.01539,0.794885
ACTCGATGTATTTCAT-1,0.000118,0.972978,0.000118,0.026787
ACTCGCCGTTCGATAA-1,0.974231,0.025573,0.000025,0.000172
ACTCGCGATCTGACGC-1,0.886103,0.063714,0.000029,0.050154
ACTCGTAACCCGTCCT-1,0.000132,0.787812,0.102668,0.109388
ACTCGTCAGTAATCCC-1,0.064877,0.200167,0.009131,0.725825
ACTCTAAACCTGGGAT-1,0.008276,0.991122,0.000075,0.000526
ACTCTCTGACTTAGGT-1,0.022535,0.492559,0.000049,0.484857
ACTCTCTTATACACGA-1,0.000051,0.482326,0.030227,0.487395
ACTCTGACCTAATAGA-1,0.598924,0.069274,0.052382,0.27942
ACTCTTCAGCTCCCGC-1,0.94673,0.033717,0.000037,0.019516
ACTCTTGTATAGTAAC-1,0.000053,0.329319,0.000053,0.670576
ACTGAAACGCCGTTAG-1,0.123555,0.607148,0.000027,0.26927
ACTGAATGGCGAAAGT-1,0.040989,0.566395,0.093431,0.299184
ACTGATTTAGTGATTC-1,0.111699,0.702309,0.000109,0.185883
ACTGCCCGCCATTCTC-1,0.000018,0.137914,0.000018,0.86205
ACTGCCGTCGTAACTC-1,0.000049,0.336445,0.000049,0.663458
ACTGCGGACACACCGT-1,0.163653,0.042148,0.000016,0.794183
ACTGCTCGGAAGGATG-1,0.000079,0.996179,0.000079,0.003663
ACTGGCGAACCTGCGT-1,0.000012,0.134077,0.000012,0.865898
ACTGGGATGCCAGTGC-1,0.015192,0.471132,0.000036,0.51364
ACTGTACGATACACAT-1,0.000013,0.005859,0.000013,0.994114
ACTGTAGCACTTTGGA-1,0.026344,0.183786,0.062564,0.727305
ACTGTATACGCGAGCA-1,0.025053,0.292766,0.199757,0.482425
ACTGTCCAGGATTATA-1,0.000047,0.120331,0.000047,0.879575
ACTGTCTTCTTTAGAA-1,0.000017,0.000051,0.000017,0.999915
ACTGTGCTAGTAGATC-1,0.074373,0.439329,0.210891,0.275406
ACTGTTTAGTGTAGGC-1,0.000127,0.776436,0.222544,0.000892
ACTTACCGGGCGCGCA-1,0.013634,0.531969,0.000026,0.454371
ACTTACGCATCCACGC-1,0.024204,0.098367,0.005232,0.872197
ACTTAGTACGACAAGA-1,0.117448,0.254194,0.439307,0.189052
ACTTATACTTACCCGG-1,0.006151,0.144688,0.000017,0.849144
ACTTATCTGATCTATA-1,0.000058,0.51395,0.000058,0.485934
ACTTATTAGGATCGGT-1,0.000123,0.41111,0.263271,0.325497
ACTTATTTATGTGCCA-1,0.019951,0.258473,0.000024,0.721552
ACTTCAGGCTGATCCC-1,0.000008,0.000025,0.000146,0.99982
ACTTCCAGTGGAAGCT-1,0.000038,0.246782,0.000038,0.753142
ACTTCCATGCGGGACA-1,0.239375,0.286434,0.20425,0.269941
ACTTCCTGTCGTGCGA-1,0.044841,0.387767,0.02501,0.542382
ACTTCGCCATACGCAC-1,0.004899,0.122169,0.097006,0.775926
ACTTCGCTAGCGAGTG-1,0.405848,0.462195,0.000048,0.131909
ACTTGACTCCCTCTTT-1,0.015142,0.35723,0.000034,0.627594
ACTTGCCATATTGTAC-1,0.044649,0.557615,0.079391,0.318345
ACTTGCTCTATCTACC-1,0.008196,0.367274,0.000034,0.624495
ACTTGGGACCCGGTGG-1,0.000034,0.27496,0.015089,0.709917
ACTTGGGCTTTCGCCA-1,0.022962,0.105102,0.000087,0.871849
ACTTGTAGTCCCTTCA-1,0.000091,0.999179,0.000091,0.000638
ACTTGTGGATGGAACG-1,0.50604,0.073721,0.000025,0.420214
ACTTGTTACCGGATCA-1,0.022835,0.060717,0.009187,0.907261
ACTTTACCCTCATGAA-1,0.048094,0.045268,0.049286,0.857352
ACTTTATACACCACTT-1,0.097671,0.242377,0.253534,0.406418
ACTTTCCTATAGCTTC-1,0.028564,0.60973,0.000144,0.361562
ACTTTGACTGCATCCT-1,0.016129,0.94926,0.034099,0.000513
ACTTTGGTCGTGCTCC-1,0.027046,0.802627,0.036241,0.134086
ACTTTGTCGACGCACT-1,0.905537,0.025597,0.000031,0.068835
AGAAATTATGACTCGC-1,0.69204,0.258362,0.000027,0.049571
AGAACACGGCGATGGT-1,0.024139,0.802491,0.03065,0.14272
AGAACCCAGCGTGACA-1,0.727451,0.271364,0.001012,0.000172
AGAACCCTCAATTGGG-1,0.000051,0.804775,0.073439,0.121734
AGAACGTGGTACATTC-1,0.009376,0.014056,0.012361,0.964207
AGAACTGTACTTTGTA-1,0.794432,0.153831,0.000053,0.051683
AGAAGAGCGCCGTTCC-1,0.047991,0.199458,0.000258,0.752293
AGAAGGTACACTTCAC-1,0.038748,0.901311,0.000094,0.059847
AGAAGGTTGCCGAATT-1,0.000098,0.576399,0.011671,0.411832
AGAAGGTTGTAGGTCG-1,0.025511,0.104274,0.000016,0.870199
AGAAGTGATTCGTGAT-1,0.000113,0.893167,0.105932,0.000788
AGAATAAATCTTCAGG-1,0.049906,0.949603,0.000061,0.00043
AGAATACAGGCTATCC-1,0.906497,0.018665,0.00005,0.074788
AGAATGCGGGTTCGGA-1,0.000018,0.276012,0.001701,0.72227
AGAATTATGGATTCGA-1,0.015306,0.304735,0.00002,0.679938
AGAATTGTTTGACATA-1,0.01584,0.947808,0.035777,0.000575
AGACAGCTCAGAATCC-1,0.00009,0.999187,0.00009,0.000632
AGACAGGCATCTCAGC-1,0.994901,0.004886,0.000027,0.000187
AGACATAGATCCTTCC-1,0.017164,0.280925,0.148972,0.552939
AGACCAAACCACACCT-1,0.001921,0.935224,0.031195,0.03166
AGACCATGGGATACAA-1,0.057254,0.225635,0.236544,0.480566
AGACCCACCGCTGATC-1,0.032446,0.171985,0.02891,0.76666
AGACCCGCCCTCCTCG-1,0.000061,0.700475,0.000061,0.299403
AGACCGCTCCGCGGTT-1,0.389778,0.240964,0.013761,0.355498
AGACCGGGAAACCCTG-1,0.000069,0.879533,0.022529,0.097869
AGACGAAGTGCCGGTC-1,0.120469,0.521289,0.048587,0.309656
AGACGACGATGCCGCT-1,0.000031,0.284411,0.000031,0.715526
AGACGCCCACTTCGCC-1,0.908172,0.001769,0.000023,0.090036
AGACGGGATTGGTATA-1,0.000024,0.015029,0.000024,0.984924
AGACGGGCCGATTTAA-1,0.007665,0.224155,0.008565,0.759615
AGACTAGCCTTCCAGA-1,0.000097,0.796265,0.000097,0.203541
AGACTGTTACCGGGTC-1,0.000041,0.494823,0.000041,0.505096
AGAGAAACACCAGAAA-1,0.000016,0.099711,0.000016,0.900256
AGAGAACCGTCTAGGA-1,0.097512,0.37998,0.000027,0.522481
AGAGAAGGAGTACAAT-1,0.000023,0.072887,0.000023,0.927067
AGAGATCTCTAAAGCG-1,0.05803,0.837234,0.069063,0.035672
AGAGCAGTTATGAGAC-1,0.000096,0.314727,0.329351,0.355827
AGAGCCGCCGAGATTT-1,0.688455,0.087375,0.147181,0.076989
AGAGCGCTTGTAACGG-1,0.209167,0.539583,0.000025,0.251225
AGAGCGGGCTAATCAT-1,0.007543,0.031005,0.047867,0.913585
AGAGCGTACAAGCTCG-1,0.008171,0.180278,0.125542,0.686009
AGAGCTACGAAAGCAT-1,0.000036,0.3019,0.000036,0.698028
AGAGGCTTCGGAAACC-1,0.32537,0.543572,0.000024,0.131034
AGAGGGACAATTGTCC-1,0.070931,0.061728,0.084101,0.783239
AGAGGTATCTCGGTCC-1,0.009623,0.241617,0.219312,0.529448
AGAGTAAACTTCACTA-1,0.223025,0.344244,0.000022,0.432709
AGAGTATAGTGTTACG-1,0.137645,0.680968,0.000053,0.181334
AGAGTCTTAATGAAAG-1,0.800827,0.000383,0.000128,0.198661
AGAGTGAACAGACACC-1,0.004441,0.461238,0.029923,0.504399
AGAGTTAGAGACCGAT-1,0.000041,0.539068,0.000041,0.46085
AGAGTTGCAGGCCTCC-1,0.014688,0.537092,0.000021,0.448199
AGATAACTTCAGGGCC-1,0.035947,0.595986,0.00005,0.368017
AGATAATCACACCTAT-1,0.078119,0.690243,0.094618,0.13702
AGATACCAATAGAACC-1,0.765902,0.000057,0.000277,0.233764
AGATACCAGCACTTCA-1,0.002669,0.441175,0.059697,0.496459
AGATACCGGTGTTCAC-1,0.122981,0.663751,0.10794,0.105329
AGATACGACTTCATAT-1,0.000167,0.088321,0.910342,0.001169
AGATACTCAAGATCGA-1,0.000013,0.024497,0.000013,0.975476
AGATATAATACGACTA-1,0.000013,0.135054,0.003371,0.861561
AGATCGTGCATAAGAT-1,0.060857,0.878652,0.010576,0.049915
AGATCTCAGGTGTGAT-1,0.000033,0.113335,0.002255,0.884377
AGATCTGGAGAGGATA-1,0.053386,0.449638,0.0861,0.410876
AGATGACTCGCCCACG-1,0.000054,0.129797,0.092508,0.77764
AGATGAGGGTTGCGAT-1,0.000011,0.003272,0.016434,0.980283
AGATGATGGAGTCTGG-1,0.022152,0.086768,0.000014,0.891066
AGATGCAAGACGTGCA-1,0.00011,0.999008,0.00011,0.000772
AGATGCATCCTGTGTC-1,0.000036,0.68994,0.029457,0.280567
AGATGCTATAACGAGC-1,0.000049,0.423137,0.000049,0.576764
AGATTATAGGACGTTT-1,0.015107,0.059847,0.000035,0.925011
AGATTCAAGCGGGTCG-1,0.067369,0.243178,0.005348,0.684105
AGATTCACAACCGATA-1,0.041587,0.928435,0.029499,0.000479
AGCAAAGGCCGCTAGT-1,0.041399,0.304547,0.000018,0.654036
AGCAACATATCTTATT-1,0.050639,0.201429,0.005269,0.742663
AGCAACCGAAAGTAAT-1,0.000132,0.781308,0.000132,0.218427
AGCACACGTTTAGACT-1,0.00002,0.240293,0.00002,0.759668
AGCACCAGTACTCACG-1,0.000054,0.213604,0.023633,0.762709
AGCACTACCGGCCTGT-1,0.029388,0.387741,0.146486,0.436385
AGCACTACCTCACCAG-1,0.005054,0.122591,0.000019,0.872336
AGCACTTAAGGACGCC-1,0.027009,0.168079,0.056258,0.748654
AGCAGAAGGAGAAAGA-1,0.023453,0.346429,0.005357,0.624761
AGCAGCCAGATGAATA-1,0.000024,0.328128,0.000024,0.671825
AGCAGTCGAAGCATGC-1,0.204519,0.628614,0.001789,0.165078
AGCATATCAATATGCT-1,0.074275,0.396315,0.00003,0.529381
AGCATCATTTCGAAAG-1,0.073347,0.266106,0.47955,0.180997
AGCATCGTCGATAATT-1,0.00004,0.146284,0.00004,0.853637
AGCATTACGAGGCAAG-1,0.79295,0.149414,0.057206,0.00043
AGCCAAGCTTTGTGTC-1,0.000033,0.283375,0.054118,0.662474
AGCCACAGGTTACCCG-1,0.134735,0.280808,0.006029,0.578429
AGCCACTCCCGTGCTT-1,0.000059,0.448825,0.086945,0.464171
AGCCATATAGTATGTG-1,0.133935,0.329512,0.010695,0.525858
AGCCCATACATGTAAG-1,0.0432,0.309596,0.057416,0.589787
AGCCCGCAACAAGCAG-1,0.000014,0.241751,0.009222,0.749013
AGCCCGCACTACAATG-1,0.805602,0.113349,0.000048,0.081001
AGCCCGGCATTAGAGG-1,0.000021,0.092584,0.000021,0.907373
AGCCCGGTAGCCTGTA-1,0.00003,0.182268,0.016521,0.801182
AGCCCTAAGCGAAGTT-1,0.000035,0.223134,0.000035,0.776795
AGCCCTCCCTGGTGGC-1,0.04084,0.430353,0.035992,0.492815
AGCCCTGTCGCACCGT-1,0.598153,0.401462,0.000048,0.000337
AGCCCTTCTAATCCGA-1,0.042973,0.138071,0.000015,0.818941
AGCCCTTGGACATCCC-1,0.971322,0.000061,0.027603,0.001015
AGCCGCAAATTCAAAT-1,0.008226,0.903682,0.087733,0.000359
AGCCGCTTGATTAGCG-1,0.000033,0.115437,0.000033,0.884496
AGCCGTGGCTAAATGT-1,0.000091,0.72236,0.064732,0.212817
AGCCTAATACCCACGT-1,0.039996,0.338594,0.27112,0.35029
AGCCTTAAAGCGGAAG-1,0.000081,0.999267,0.000081,0.00057
AGCCTTGTCACTGATA-1,0.00171,0.44347,0.000026,0.554795
AGCGACAGGAACGGTC-1,0.00003,0.113442,0.00003,0.886497
AGCGACATCCCATTCA-1,0.000052,0.520909,0.256894,0.222146
AGCGACCAACGATATT-1,0.000031,0.013288,0.000031,0.98665
AGCGACTTTGAAGACA-1,0.00005,0.000149,0.003652,0.996149
AGCGAGACGTGAAGGC-1,0.024124,0.231284,0.033621,0.710972
AGCGATGCGCCTAATA-1,0.800306,0.162758,0.000029,0.036907
AGCGCATAATGAATCG-1,0.029379,0.167797,0.016784,0.78604
AGCGCGGGTGCCAATG-1,0.01991,0.248754,0.000019,0.731317
AGCGCTAGAGCGATGT-1,0.399385,0.192485,0.1122,0.29593
AGCGCTTATGGGCAAG-1,0.062427,0.758582,0.061566,0.117426
