Barcode,Topic 1,Topic 2,Topic 3to12
AAACAACGAATAGTTC-1,0.000044,0.186965,0.812991
AAACAAGTATCTCCCA-1,0.027302,0.000034,0.972664
AAACAATCTACTAGCA-1,0.000024,0.092139,0.907837
AAACACCAATAACTGC-1,0.594466,0.000098,0.405436
AAACAGCTTTCAGAAG-1,0.003551,0.472473,0.523977
AAACAGGGTCTATATT-1,0.150351,0.443728,0.405921
AAACAGTGTTCCTGGG-1,0.13907,0.735601,0.125329
AAACATGGTGAGAGGA-1,0.943965,0.029491,0.026544
AAACATTTCCCGGATT-1,0.000018,0.009955,0.990027
AAACCGGGTAGGTACC-1,0.029521,0.020056,0.950423
AAACCGTTCGTCCAGG-1,0.000026,0.101042,0.898932
AAACCTAAGCAGCCGG-1,0.000009,0.003442,0.996549
AAACCTCATGAAGTTG-1,0.002565,0.229403,0.768033
AAACGAAGAACATACC-1,0.004228,0.046316,0.949456
AAACGAAGATGGAGTA-1,0.845299,0.000072,0.15463
AAACGAGACGGTTGAT-1,0.00002,0.00002,0.999961
AAACGCTGGGCACGAC-1,0.056276,0.122434,0.821289
AAACGGGCGTACGGGT-1,0.000019,0.044615,0.955366
AAACGGGTTGGTATCC-1,0.006744,0.389216,0.604039
AAACGGTTGCGAACTG-1,0.044847,0.159605,0.795548
AAACTCGGTTCGCAAT-1,0.000026,0.014269,0.985705
AAACTGCTGGCTCCAA-1,0.002631,0.116675,0.880694
AAACTTAATTGCACGC-1,0.776079,0.000065,0.223857
AAACTTGCAAACGTAT-1,0.294655,0.000048,0.705297
AAAGAATGACCTTAGA-1,0.407756,0.591982,0.000262
AAAGAATGTGGACTAA-1,0.000011,0.090828,0.909161
AAAGACCCAAGTCGCG-1,0.000025,0.004001,0.995974
AAAGACTGGGCGCTTT-1,0.143763,0.334622,0.521614
AAAGGCCCTATAATAC-1,0.81417,0.110484,0.075346
AAAGGCTACGGACCAT-1,0.020211,0.044306,0.935483
AAAGGCTCTCGCGCCG-1,0.000021,0.052992,0.946987
AAAGGGATGTAGCAAG-1,0.000031,0.000031,0.999938
AAAGGGCAGCTTGAAT-1,0.038414,0.120951,0.840636
AAAGTAGCATTGCTCA-1,0.226374,0.000089,0.773536
AAAGTCACTGATGTAA-1,0.026745,0.130694,0.842561
AAAGTCGACCCTCAGT-1,0.226495,0.068606,0.704899
AAAGTGCCATCAATTA-1,0.022856,0.317179,0.659965
AAAGTGTGATTTATCT-1,0.014497,0.017118,0.968386
AAAGTTGACTCCCGTA-1,0.00009,0.00009,0.999821
AAATACCTATAAGCAT-1,0.000012,0.000012,0.999976
AAATAGGGTGCTATTG-1,0.00002,0.029921,0.970058
AAATCCGATACACGCC-1,0.000032,0.015584,0.984384
AAATCGCGGAAGGAGT-1,0.999296,0.000064,0.00064
AAATCGTGTACCACAA-1,0.004822,0.150851,0.844326
AAATCTAGCCCTGCTA-1,0.000029,0.001444,0.998527
AAATCTGCCCGCGTCC-1,0.989585,0.010071,0.000344
AAATGACTGATCAAAC-1,0.115412,0.730766,0.153822
AAATGCTCGTTACGTT-1,0.00806,0.000043,0.991897
AAATGGCATGTCTTGT-1,0.000037,0.000037,0.999925
AAATGGCCCGTGCCCT-1,0.707038,0.000062,0.2929
AAATGGTCAATGTGCC-1,0.174536,0.000041,0.825423
AAATGTATCTTATCCC-1,0.253886,0.131662,0.614452
AAATGTGGGTGCTCCT-1,0.000013,0.250333,0.749654
AAATTAACGGGTAGCT-1,0.10148,0.085202,0.813318
AAATTAATAAGCGCGA-1,0.288214,0.182274,0.529512
AAATTGATAGTCCTTT-1,0.033305,0.231243,0.735452
AAATTGCGGCGGTTCT-1,0.014287,0.193143,0.79257
AAATTTGCGGGTGTGG-1,0.090928,0.000041,0.909032
AACAACTGGTAGTTGC-1,0.160615,0.0367,0.802685
AACAATACATTGTCGA-1,0.250977,0.231802,0.517222
AACAATTACTCTACGC-1,0.000026,0.157251,0.842723
AACACACGCTCGCCGC-1,0.000039,0.000039,0.999922
AACACGACTGTACTGA-1,0.000054,0.000054,0.999893
AACACGAGACGCGGCC-1,0.300642,0.000062,0.699296
AACACGCGGCCGCGAA-1,0.012654,0.027191,0.960155
AACAGCTGTGTGGCAA-1,0.335713,0.000066,0.664221
AACAGGAAATCGAATA-1,0.000035,0.000035,0.99993
AACAGGATGGGCCGCG-1,0.000022,0.000022,0.999955
AACATAGCGTGTATCG-1,0.000013,0.129583,0.870403
AACATTGAAGTTGATC-1,0.765043,0.000115,0.234842
AACATTGGTCAGCCGT-1,0.000023,0.449325,0.550652
AACATTGTGACTCGAG-1,0.000043,0.0506,0.949356
AACCAAGACTTCTCTG-1,0.027601,0.331126,0.641272
AACCATAGGGTTGAAC-1,0.845964,0.105053,0.048982
AACCATGGGATCGCTA-1,0.00002,0.020694,0.979286
AACCCAGAGACGGAGA-1,0.001765,0.000029,0.998207
AACCCATCCCATGATC-1,0.689839,0.000065,0.310096
AACCCGACAACCCGTG-1,0.345456,0.000137,0.654407
AACCCGAGCAGAATCG-1,0.028693,0.069569,0.901738
AACCCGCTGTATTCCA-1,0.199948,0.179267,0.620785
AACCCTACTGTCAATA-1,0.0081,0.000119,0.991781
AACCCTGGTGGAACCA-1,0.000019,0.017829,0.982152
AACCGAGCTTGGTCAT-1,0.025295,0.051687,0.923018
AACCGCTAAGGGATGC-1,0.000016,0.011832,0.988151
AACCGTTGTGTTTGCT-1,0.000042,0.000042,0.999916
AACCTAAAGCCGTCCG-1,0.050021,0.068648,0.881331
AACCTCGCTTTAGCCC-1,0.000011,0.105798,0.89419
AACCTTTAAATACGGT-1,0.000036,0.009862,0.990102
AACGAAAGTCGTCCCA-1,0.714384,0.000083,0.285533
AACGACCTCCTAGCCG-1,0.000011,0.112463,0.887526
AACGATAATGCCGTAG-1,0.012892,0.023998,0.963111
AACGATAGAAGGGCCG-1,0.000016,0.000016,0.999969
AACGATATGTCAACTG-1,0.000022,0.058449,0.941529
AACGCGAACGGCAACA-1,0.012183,0.037521,0.950296
AACGCGACCTTGGGCG-1,0.016323,0.000058,0.983619
AACGCGGTCTCCAGCC-1,0.000046,0.000046,0.999909
AACGCTGTTGCTGAAA-1,0.00002,0.00002,0.999959
AACGGACGTACGTATA-1,0.000015,0.032639,0.967346
AACGGCCATCTCCGGT-1,0.000011,0.092724,0.907265
AACGTACTGTGGGTAC-1,0.108019,0.001852,0.890129
AACGTAGTCTACCCAT-1,0.000013,0.183826,0.816161
AACGTCAGACTAGTGG-1,0.000034,0.039488,0.960478
AACGTCATCCGGCTTG-1,0.095352,0.357762,0.546886
AACGTCGCTGCACTTC-1,0.000013,0.288463,0.711523
AACGTGATGAAGGACA-1,0.087263,0.000052,0.912685
AACGTGCGAAAGTCTC-1,0.026295,0.035101,0.938604
AACGTTATCAGCACCT-1,0.411338,0.000101,0.588561
AACGTTCTACCATTGT-1,0.000022,0.231324,0.768654
AACTAGCGTATCGCAC-1,0.000036,0.035517,0.964447
AACTAGGCTTGGGTGT-1,0.000029,0.00529,0.994681
AACTCAAGTTAATTGC-1,0.014354,0.108371,0.877275
AACTCCAGAGCGTGTT-1,0.000058,0.000058,0.999883
AACTCGATAAACACGT-1,0.000013,0.140371,0.859616
AACTCGATGGCGCAGT-1,0.00005,0.00005,0.999899
AACTCTCAATAGAGCG-1,0.000081,0.000081,0.999838
AACTCTCAGTGTGCTC-1,0.000014,0.030529,0.969458
AACTGATATTAGGCCT-1,0.012219,0.015451,0.972329
AACTGGGTCCCGACGT-1,0.000046,0.000046,0.999908
AACTGGTGTGGGCCTT-1,0.000021,0.142653,0.857325
AACTTCTGCGTCTATC-1,0.048174,0.00011,0.951716
AACTTGCCCGTATGCA-1,0.000066,0.000066,0.999868
AACTTGCGTTCTCGCG-1,0.058673,0.000101,0.941226
AACTTTACGGGAGCTT-1,0.311809,0.000097,0.688095
AACTTTAGCTGCTGAG-1,0.000062,0.077482,0.922456
AAGAAAGTTTGATGGG-1,0.430859,0.56848,0.000661
AAGAAGGATCAGTTAG-1,0.000013,0.07964,0.920347
AAGACATACGTGGTTT-1,0.000016,0.105861,0.894123
AAGACCAAATAACTCA-1,0.771032,0.15664,0.072328
AAGACCCAACTGAACA-1,0.000021,0.02503,0.974949
AAGACTAACCCGTTGT-1,0.000037,0.000037,0.999926
AAGACTGCAAGCTACT-1,0.008194,0.012244,0.979562
AAGAGATGAATCGGTA-1,0.000039,0.143826,0.856134
AAGAGCTCTTTATCGG-1,0.000026,0.041722,0.958251
AAGAGGATGTACGCGA-1,0.0004,0.115647,0.883953
AAGAGGCATGGATCGC-1,0.000012,0.05515,0.944838
AAGAGGCCCTTTGGAA-1,0.000011,0.166204,0.833784
AAGATGGCACCGGACC-1,0.080482,0.000059,0.919459
AAGCACCCTGCGTATC-1,0.000037,0.000037,0.999926
AAGCATACTCTCCTGA-1,0.000015,0.068808,0.931177
AAGCCACTTGCAGGTA-1,0.93936,0.020336,0.040304
AAGCCGCCGTGAAATC-1,0.80482,0.000056,0.195124
AAGCCGGAGAGCAGGA-1,0.136248,0.458648,0.405104
AAGCGCAGGGCTTTGA-1,0.000027,0.000062,0.999912
AAGCGTCCCTCATCGA-1,0.202635,0.000074,0.79729
AAGCTAGATCGAGTAA-1,0.000024,0.001511,0.998465
AAGCTATGGATTGACC-1,0.531742,0.228072,0.240185
AAGCTCGTGCCAAGTC-1,0.000029,0.000029,0.999941
AAGCTCTTTCATGGTG-1,0.00005,0.00005,0.999899
AAGGAGAACTTATAAG-1,0.000028,0.03775,0.962222
AAGGAGCGGTTGGTGC-1,0.000017,0.019645,0.980339
AAGGATGAGGGACCTC-1,0.000095,0.000095,0.999811
AAGGCGCGTAAAGCTT-1,0.000037,0.009424,0.990538
AAGGCTGTGCTCATCG-1,0.000041,0.000041,0.999918
AAGGGAACGACTGGCT-1,0.690131,0.000071,0.309798
AAGGGACTATGCATTC-1,0.411626,0.000103,0.588271
AAGGGTTAGCCATGCG-1,0.000008,0.284113,0.715879
AAGGGTTTGATTTCAG-1,0.999533,0.000042,0.000425
AAGGTATCCTAATATA-1,0.000061,0.000061,0.999878
AAGGTGATAAACCAGC-1,0.000019,0.059499,0.940482
AAGTAAGCTTCCAAAC-1,0.00001,0.348872,0.651118
AAGTAGAAGACCGGGT-1,0.000033,0.017801,0.982166
AAGTAGTGACGCGAGG-1,0.000031,0.010253,0.989717
AAGTCAATTGTCGTCA-1,0.048744,0.000088,0.951168
AAGTCTTCTGTGGCCT-1,0.82358,0.062278,0.114142
AAGTGACGACCGAATT-1,0.043802,0.000066,0.956132
AAGTGAGTCGGGTTTA-1,0.000082,0.000082,0.999836
AAGTGCAAAGGTAGAC-1,0.391004,0.000092,0.608903
AAGTGCGTTAGAATCT-1,0.151,0.004602,0.844398
AAGTGCTTCTCTATTG-1,0.441302,0.000062,0.558636
AAGTGTTTGGAGACGG-1,0.000026,0.000026,0.999948
AAGTTCACTCCAAGCT-1,0.00002,0.00002,0.999959
AAGTTCGGCCAACAGG-1,0.000044,0.01497,0.984986
AAGTTGTGATGTTATA-1,0.016335,0.000049,0.983616
AAGTTTACTAATGGCA-1,0.000018,0.002171,0.997811
AAGTTTATGGGCCCAA-1,0.000024,0.065526,0.93445
AATAACAACGCTCGGC-1,0.000039,0.000039,0.999922
AATAACACTAGAACAA-1,0.000027,0.105704,0.894269
AATAACGTCGCGCCCA-1,0.000009,0.113905,0.886086
AATAAGTCCTCGAGAC-1,0.000031,0.023436,0.976533
AATACAATGTTTCAGG-1,0.268946,0.000079,0.730974
AATACCGGAGGGCTGT-1,0.74209,0.00007,0.257841
AATACCTGATGTGAAC-1,0.000018,0.174551,0.825431
AATAGAACAGAGTGGC-1,0.000029,0.032457,0.967514
AATAGAATCTGTTTCA-1,0.000027,0.002322,0.997651
AATAGGCACGACCCTT-1,0.364015,0.543153,0.092832
AATAGTCCGTCCCGAC-1,0.030254,0.00004,0.969705
AATAGTCGCGAGTCGG-1,0.760966,0.000065,0.238968
AATATCAAGGTCGGAT-1,0.01543,0.017415,0.967155
AATATCCTAGCAAACT-1,0.475238,0.34714,0.177622
AATATTGGAGTATTGA-1,0.00006,0.013967,0.985972
AATCAGACTGCAGGAC-1,0.000015,0.015,0.984984
AATCAGGTTTCATTTA-1,0.255425,0.414199,0.330376
AATCATGTAAAGACTC-1,0.000025,0.000025,0.999951
AATCCAAGGGCCTGAG-1,0.007641,0.055274,0.937085
AATCCATGCAAGGGTG-1,0.000015,0.019221,0.980764
AATCCCGCTCAGAGCC-1,0.130797,0.298318,0.570885
AATCGAGGTCTCAAGG-1,0.000011,0.137337,0.862653
AATCGCCTCAGCGCCA-1,0.00004,0.093551,0.906409
AATCGGGACACTACGA-1,0.000014,0.00017,0.999816
AATCGGTATAGCCCTC-1,0.003822,0.018605,0.977574
AATCGTGAGCCGAGCA-1,0.010254,0.039917,0.949829
AATCTAGGTTTACTTG-1,0.748132,0.000076,0.251793
AATCTCTACTGTGGTT-1,0.332843,0.14269,0.524466
AATCTGCGTTGGGACG-1,0.000096,0.000096,0.999808
AATCTGGCTTTCTAGT-1,0.63545,0.000084,0.364466
AATGACAGCAATGTCT-1,0.083623,0.25498,0.661397
AATGACGTAGGATGTC-1,0.000016,0.000016,0.999968
AATGACTGTCAGCCGG-1,0.000026,0.00433,0.995644
AATGAGTTCGCATATG-1,0.000024,0.294871,0.705105
AATGCAACCGGGTACC-1,0.000026,0.000026,0.999947
AATGGTCCACCGTTCA-1,0.228462,0.000063,0.771475
AATGGTTCTCACAAGC-1,0.045034,0.119141,0.835825
AATGTATGGCACTGTA-1,0.99939,0.000055,0.000554
AATGTGCCCGAGGTGT-1,0.20213,0.000086,0.797784
AATGTGCTAATCTGAG-1,0.735069,0.000075,0.264857
AATGTTAAGACCCTGA-1,0.027395,0.206032,0.766573
AATGTTGTCGTGAGAC-1,0.000018,0.009515,0.990466
AATTAAAGGTCGGCGT-1,0.000021,0.000021,0.999958
AATTAACGGATTTCCA-1,0.000015,0.02407,0.975915
AATTACGAGACCCATC-1,0.610694,0.140682,0.248623
AATTACTCGTACGCTC-1,0.041142,0.359197,0.599661
AATTAGCGCTGCAGCG-1,0.000018,0.186889,0.813093
AATTATACCCAGCAAG-1,0.042417,0.173993,0.783589
AATTCATTGTCATGCA-1,0.640929,0.346343,0.012728
AATTCCAACTTGGTGA-1,0.062346,0.158599,0.779056
AATTCCAAGCATGTAC-1,0.000029,0.085512,0.91446
AATTCGATTCGAGGAT-1,0.000052,0.000052,0.999897
AATTCTAGAGTTAGGC-1,0.000038,0.000038,0.999925
AATTGAACGCTCTGGT-1,0.000023,0.010548,0.989428
AATTGCAGCAATCGAC-1,0.000012,0.069853,0.930135
AATTGCGTGGATTACA-1,0.943797,0.000068,0.056135
AATTGTGGTTGCCAAA-1,0.00003,0.00003,0.999941
AATTTGGTTCCAAAGA-1,0.000033,0.000033,0.999934
ACAAACCATGCGTCCT-1,0.709039,0.013025,0.277936
ACAAACCGACAAGGCG-1,0.000041,0.003376,0.996583
ACAAACTCCATCAGAG-1,0.119098,0.713551,0.167351
ACAAAGAAGGTAGGCC-1,0.47038,0.21757,0.31205
ACAAAGCATGACCTAG-1,0.008456,0.022635,0.968909
ACAAATCGCACCGAAT-1,0.000016,0.014741,0.985243
ACAAATGGTAGTGTTT-1,0.000036,0.000036,0.999928
ACAACAGCATGAGCTA-1,0.000018,0.005451,0.994531
ACAACGGTCCCTGCGA-1,0.000035,0.00687,0.993095
ACAAGCAGTGCCTAGC-1,0.051594,0.046711,0.901696
ACAAGCTATATGGAAG-1,0.761125,0.000092,0.238783
ACAAGGAAATCCGCCC-1,0.000051,0.000051,0.999899
ACAAGGACAAGAGGTT-1,0.002356,0.000029,0.997615
ACAAGGATGCTTTAGG-1,0.000022,0.029684,0.970294
ACAAGGGCAGGCTCTG-1,0.04796,0.059699,0.892341
ACAAGTAATTGTAAGG-1,0.918234,0.000068,0.081698
ACAATAGTCGTACGTT-1,0.308211,0.000074,0.691715
ACAATCCATTTAAACC-1,0.000034,0.024013,0.975952
ACAATCGATCTTTATA-1,0.000026,0.046347,0.953628
ACAATGAATACGGAGA-1,0.392612,0.000066,0.607322
ACAATTGTGTCTCTTT-1,0.000024,0.021457,0.978519
ACAATTTAGGAGGCTC-1,0.647786,0.000092,0.352122
ACAATTTGAGCAGTGG-1,0.000068,0.000068,0.999863
ACACAAAGACGGGTGG-1,0.006284,0.026801,0.966914
ACACACCAGGACCAGT-1,0.000033,0.000033,0.999934
ACACACTTTCTACACG-1,0.000028,0.024817,0.975155
ACACATGATCAAATCT-1,0.770853,0.000088,0.229059
ACACATTGACGCAACA-1,0.023873,0.335138,0.640989
ACACATTTCCGTAGAC-1,0.08209,0.186666,0.731244
ACACCCAGCATGCAGC-1,0.023102,0.113901,0.862996
ACACCCGAGAAATCCG-1,0.019633,0.006098,0.974269
ACACCGAGCGCTCTTT-1,0.410505,0.215901,0.373595
ACACCGGTCTGACCGC-1,0.634993,0.364417,0.00059
ACACCTTAAGTAGGGC-1,0.021854,0.058351,0.919795
ACACGAGACTCCTTCT-1,0.008295,0.00003,0.991674
ACACGGCACTATGCAT-1,0.000036,0.080349,0.919615
ACACGGGAACTTAGGG-1,0.000035,0.008469,0.991495
ACACGTAGGCCACAAG-1,0.010182,0.000038,0.98978
ACACTCCAATGTCACT-1,0.138145,0.255878,0.605978
ACACTGATCAAGGTGT-1,0.002219,0.005205,0.992576
ACACTGGGACAGTCGT-1,0.000091,0.000091,0.999818
ACAGAACTGAGAACAA-1,0.323302,0.00009,0.676608
ACAGATTAGGTTAGTG-1,0.000021,0.000021,0.999959
ACAGCATAGAGCCAGT-1,0.000053,0.000053,0.999893
ACAGCGACATTCTCAT-1,0.00004,0.00004,0.99992
ACAGCGCACCCGCAGC-1,0.024187,0.000091,0.975722
ACAGGCACGGATCCTT-1,0.028635,0.021973,0.949392
ACAGGCTTGCCCGACT-1,0.000059,0.000059,0.999883
ACAGGTGGAGGTGAGG-1,0.003159,0.000049,0.996792
ACAGGTGTGTTGTTGC-1,0.485682,0.08316,0.431158
ACAGTAATACAACTTG-1,0.56887,0.067755,0.363375
ACATAAGTCGTGGTGA-1,0.791505,0.000111,0.208384
ACATAATAAGGCGGTG-1,0.000036,0.000036,0.999928
ACATACAATCAAGCGG-1,0.0428,0.076463,0.880738
ACATCAGCTGGGACGC-1,0.382134,0.000053,0.617814
ACATCCCGGCCATACG-1,0.045408,0.019168,0.935424
ACATCGATCGTTTACC-1,0.000049,0.000049,0.999902
ACATCGCAATATTCGG-1,0.628706,0.25703,0.114263
ACATCGGTCAGCCGCG-1,0.000035,0.000035,0.99993
ACATCGTATGCAATGG-1,0.000029,0.000029,0.999941
ACATCGTTAACCTAGT-1,0.000041,0.107857,0.892102
ACATCTCAACGCGTAA-1,0.000019,0.237604,0.762376
ACATGCTTACGGCAGC-1,0.961138,0.038311,0.00055
ACATGGCTCAATTTAG-1,0.000118,0.016003,0.983878
ACATTAGTTTATATCC-1,0.000033,0.064243,0.935724
ACATTCGCGCGGAATA-1,0.844401,0.06408,0.091519
ACATTTGAAACCTAAC-1,0.000007,0.203064,0.796929
ACCAAACTAGAAATCC-1,0.000032,0.005836,0.994131
ACCAACCGCACTCCAC-1,0.004209,0.0638,0.931991
ACCAACGCTTATTTAT-1,0.000047,0.000047,0.999907
ACCAAGAACGCGTGTC-1,0.000029,0.000029,0.999941
ACCAAGTCATCGGCAG-1,0.011642,0.053236,0.935122
ACCAATATGCAAGTTA-1,0.018709,0.015678,0.965613
ACCACAACTCAGAACA-1,0.109341,0.000072,0.890586
ACCACAAGTTTCTATC-1,0.000031,0.000909,0.99906
ACCACACGGTTGATGG-1,0.050828,0.527911,0.421261
ACCACGTGCAGCTATA-1,0.031447,0.004618,0.963935
ACCACTGTTCAAGAAG-1,0.060055,0.332829,0.607115
ACCAGACCATAACAAC-1,0.795355,0.070489,0.134156
ACCAGCCCGGTCTTTG-1,0.000056,0.000056,0.999889
ACCAGGAGTGTGATCT-1,0.00003,0.00003,0.99994
ACCAGTGCGGGAGACG-1,0.000022,0.005891,0.994087
ACCATATCCGCAATAA-1,0.000021,0.112143,0.887836
ACCATCCGCCAACTAG-1,0.630535,0.000069,0.369396
ACCATCGTATATGGTA-1,0.000048,0.000048,0.999904
ACCATTAAGGGTGTCA-1,0.031251,0.354718,0.614031
ACCCAACGCCCGTGGC-1,0.090119,0.000058,0.909823
ACCCACCTACATGCTC-1,0.042464,0.101062,0.856474
ACCCATCTTGAGGGTA-1,0.000021,0.029795,0.970184
ACCCATTTGTCCCTCT-1,0.000033,0.026266,0.973701
ACCCGAGCGAAATTAC-1,0.161973,0.216849,0.621178
ACCCGATTGGTTCCGA-1,0.760672,0.000082,0.239246
ACCCGGAAACTCCCAG-1,0.000015,0.007945,0.99204
ACCCGGAGCACCACAA-1,0.081941,0.331718,0.586341
ACCCGGTTACACTTCC-1,0.000027,0.012661,0.987311
ACCCGTAGCAGAGAAT-1,0.955577,0.000055,0.044368
ACCCGTAGTCTAGTTG-1,0.000011,0.057875,0.942115
ACCCGTGTCATCAGTA-1,0.000029,0.010445,0.989526
ACCCTATAGGACTGAG-1,0.000042,0.000042,0.999915
ACCCTATGCCATATCG-1,0.012776,0.108597,0.878626
ACCCTCCCGTCAGGGC-1,0.025369,0.092596,0.882035
ACCCTCCCTTGCTATT-1,0.000027,0.038458,0.961515
ACCCTTCATCTGCGAA-1,0.000061,0.000061,0.999879
ACCCTTTAGTTCTCCA-1,0.024348,0.029668,0.945984
ACCGAAAGGGCCCTGC-1,0.000022,0.051663,0.948315
ACCGAAGAGTCTGGTT-1,0.604137,0.037106,0.358757
ACCGACACATCTCCCA-1,0.000025,0.042774,0.9572
ACCGACTGAGTCCCAC-1,0.00004,0.007212,0.992748
ACCGAGTCTCCTTATT-1,0.032231,0.144846,0.822923
ACCGATAGGCATAACC-1,0.098368,0.000087,0.901545
ACCGATGGTAGCATCG-1,0.000125,0.000125,0.999751
ACCGCAATAACTGCCT-1,0.000029,0.000029,0.999942
ACCGCTAGTCATTGGT-1,0.434374,0.565319,0.000308
ACCGGGCCTTTGTTGA-1,0.000043,0.000043,0.999914
ACCGGTCAGGTACACC-1,0.535054,0.00012,0.464826
ACCGTCCACTGGGCCC-1,0.999473,0.000048,0.000479
ACCGTGACCACGTGGG-1,0.288272,0.00007,0.711658
ACCGTTCCCGCTCTGA-1,0.000073,0.000073,0.999854
ACCTAAGTACCTTTCA-1,0.10165,0.184286,0.714064
ACCTAATCGACTTCCT-1,0.000048,0.000561,0.999391
ACCTACTATAAATCTA-1,0.000029,0.099207,0.900764
ACCTCAGCGAGGCGCA-1,0.01225,0.111113,0.876637
ACCTCCGCCCTCGCTG-1,0.000078,0.000078,0.999844
ACCTCGAACTTATGCT-1,0.891254,0.073773,0.034974
ACCTGCGTGTCATGTT-1,0.158929,0.000106,0.840964
ACCTTTCCTTTAGAAG-1,0.005884,0.077064,0.917052
ACGAAATGGGCGGCAC-1,0.000044,0.001602,0.998355
ACGACTCTAGGGCCGA-1,0.090868,0.041567,0.867565
ACGACTGGTCATACTC-1,0.207514,0.000068,0.792418
ACGAGAACCCATCACG-1,0.011247,0.054001,0.934752
ACGAGATATTTGCTTA-1,0.000141,0.000141,0.999718
ACGAGGATACCACTCT-1,0.499522,0.000091,0.500386
ACGAGGTTTACAACGT-1,0.61737,0.000107,0.382522
ACGAGTCGCCGGCGTT-1,0.006063,0.532836,0.4611
ACGATACATAGAACTA-1,0.085463,0.000046,0.914491
ACGATACCTATCCTGA-1,0.77385,0.000072,0.226077
ACGATCATACATAGAG-1,0.000929,0.064756,0.934316
ACGATGCATATGTTAT-1,0.000427,0.107623,0.89195
ACGATGGATCCGATGC-1,0.000048,0.000048,0.999905
ACGCAAACTAATAGAT-1,0.043645,0.168129,0.788226
ACGCATACGTTTACTA-1,0.000022,0.00005,0.999928
ACGCATTCGTGAGTAC-1,0.000036,0.000036,0.999928
ACGCCACTCGAAACAG-1,0.02696,0.164434,0.808606
ACGCCAGATGATTTCT-1,0.000027,0.096545,0.903428
ACGCCAGTGCGTTTGC-1,0.024533,0.019405,0.956062
ACGCCCAGCTGTCGAT-1,0.000027,0.250332,0.749642
ACGCCGCTAGACGACC-1,0.000043,0.000043,0.999914
ACGCGAAGTCAGACGA-1,0.00807,0.050341,0.941588
ACGCGCTACACAGGGT-1,0.03871,0.074658,0.886632
ACGCGGGCCAAGGACA-1,0.000034,0.000034,0.999931
ACGCGTTTCTTAAGAG-1,0.311708,0.000085,0.688206
ACGCTACTGAATGGGC-1,0.000013,0.140477,0.85951
ACGCTGTGAGGCGTAG-1,0.513544,0.000079,0.486377
ACGCTTAGTGTCTCTC-1,0.000127,0.000127,0.999747
ACGGAACACGAGTGCC-1,0.02179,0.160652,0.817558
ACGGAATTTAGCAAAT-1,0.000047,0.014428,0.985525
ACGGACGCAGCGACAA-1,0.999385,0.000056,0.000559
ACGGACTCTCAAAGCG-1,0.000013,0.004327,0.99566
ACGGATGGTGCGGATA-1,0.000028,0.000028,0.999945
ACGGCACTTGCTTGGG-1,0.000026,0.027984,0.97199
ACGGCCAACATGGACT-1,0.01512,0.010823,0.974057
ACGGCGACGATGGGAA-1,0.000052,0.000052,0.999896
ACGGCGGGTTGCCCTG-1,0.000035,0.00985,0.990115
ACGGCTGGATGTAGAA-1,0.827999,0.000071,0.17193
ACGGGAGTGTCGGCCC-1,0.025096,0.122884,0.85202
ACGGGTCATGTGACTT-1,0.055996,0.432962,0.511042
ACGGGTTGTGACCTGT-1,0.575887,0.409426,0.014687
ACGGTACAGTTCAATG-1,0.002361,0.150263,0.847376
ACGGTCACCGAGAACA-1,0.999618,0.000035,0.000347
ACGTACAGATTTCTCT-1,0.000042,0.000135,0.999822
ACGTACTTTGGCACGG-1,0.574878,0.299534,0.125588
ACGTAGATTGCTGATG-1,0.000051,0.000051,0.999898
ACGTAGGAGAGTCGCT-1,0.013753,0.176055,0.810192
ACGTATTACTCCGATC-1,0.010297,0.00017,0.989533
ACGTCCTAAACGAGAT-1,0.00004,0.00004,0.99992
ACGTCGGGCAACTCGG-1,0.586972,0.221055,0.191973
ACGTCTCGTTCCGGGA-1,0.53633,0.000084,0.463586
ACGTGACAAAGTAAGT-1,0.87668,0.000054,0.123266
ACGTGCGCCTCGTGCA-1,0.000024,0.000024,0.999951
ACGTGGTCGAATGTGC-1,0.000042,0.000042,0.999915
ACGTTAATGTCGAAGA-1,0.000021,0.000021,0.999958
ACGTTAGATTTGCCCG-1,0.000023,0.023019,0.976958
ACGTTATTGGTCACTC-1,0.080986,0.179815,0.739199
ACGTTCACTATGCCGC-1,0.790863,0.005402,0.203735
ACGTTCCGCGCTCCGT-1,0.017795,0.000039,0.982167
ACGTTCGTTCAGGAAA-1,0.000039,0.090613,0.909348
ACGTTCTGTACAAGTC-1,0.000036,0.000169,0.999795
ACGTTGTCGTTGAAAG-1,0.785671,0.000071,0.214257
ACGTTTAGTTGTGATC-1,0.000052,0.000052,0.999897
ACGTTTCGGTGCACTT-1,0.01932,0.068417,0.912263
ACTACAAAGAGAGGTG-1,0.330861,0.000067,0.669071
ACTACATCCCGACAAG-1,0.844022,0.143257,0.012721
ACTACCAGCTCTCTGG-1,0.000042,0.000042,0.999916
ACTACCATCCGAGGGC-1,0.93319,0.019555,0.047256
ACTACGCGTTAGAATT-1,0.051397,0.055822,0.892781
ACTAGTTGCGATCGTC-1,0.000107,0.000107,0.999786
ACTATCGCCGGCTAAA-1,0.11036,0.177957,0.711683
ACTATCTGCCCGCGTA-1,0.077339,0.083356,0.839306
ACTATGTCCAGCTGCC-1,0.724534,0.000203,0.275262
ACTATTCGTCCGTGGT-1,0.000024,0.052419,0.947557
ACTATTTCCGGGCCCA-1,0.137959,0.108229,0.753812
ACTCAACGAATGTATT-1,0.071846,0.018261,0.909893
ACTCAAGTGCAAGGCT-1,0.000022,0.010999,0.988979
ACTCAATAAAGGCACG-1,0.000048,0.000048,0.999903
ACTCAGACCTGCTTCT-1,0.011115,0.010312,0.978573
ACTCATGGCAGCCTTC-1,0.998968,0.000094,0.000938
ACTCCAATATCATCAT-1,0.622935,0.000077,0.376988
ACTCCCATTCCTAAAG-1,0.202578,0.000067,0.797355
ACTCCCTAATGCTAAA-1,0.000015,0.000601,0.999384
ACTCCCTAGAATAGTA-1,0.000016,0.000016,0.999968
ACTCCGGCCGACCACT-1,0.01053,0.087074,0.902396
ACTCGATGTATTTCAT-1,0.633088,0.000081,0.366832
ACTCGCCGTTCGATAA-1,0.000023,0.006197,0.99378
ACTCGTAACCCGTCCT-1,0.281201,0.000057,0.718742
ACTCGTCAGTAATCCC-1,0.000039,0.000039,0.999922
ACTCTAAACCTGGGAT-1,0.620117,0.000066,0.379817
ACTCTCTGACTTAGGT-1,0.00007,0.00007,0.99986
ACTCTCTTATACACGA-1,0.038591,0.00013,0.961278
ACTCTGACCTAATAGA-1,0.047296,0.056229,0.896475
ACTCTTGTATAGTAAC-1,0.000041,0.000041,0.999919
ACTGAAACGCCGTTAG-1,0.000018,0.02079,0.979191
ACTGAATGGCGAAAGT-1,0.000026,0.000026,0.999949
ACTGATTTAGTGATTC-1,0.047392,0.000087,0.952521
ACTGCCCGCCATTCTC-1,0.509116,0.112871,0.378014
ACTGCCGTCGTAACTC-1,0.000025,0.000025,0.999949
ACTGCTCGGAAGGATG-1,0.759772,0.00009,0.240139
ACTGGGATGCCAGTGC-1,0.439032,0.003641,0.557327
ACTGTACGATACACAT-1,0.000018,0.018515,0.981467
ACTGTAGCACTTTGGA-1,0.000018,0.001993,0.997989
ACTGTATACGCGAGCA-1,0.000034,0.073667,0.926299
ACTGTCCAGGATTATA-1,0.000037,0.020218,0.979745
ACTGTCTTCTTTAGAA-1,0.000047,0.000047,0.999905
ACTGTGCTAGTAGATC-1,0.000053,0.000053,0.999895
ACTGTTTAGTGTAGGC-1,0.000045,0.000045,0.99991
ACTTACGCATCCACGC-1,0.040812,0.000954,0.958234
ACTTAGTACGACAAGA-1,0.062794,0.022666,0.91454
ACTTATACTTACCCGG-1,0.014627,0.00629,0.979084
ACTTATCTGATCTATA-1,0.013049,0.169129,0.817822
ACTTATTAGGATCGGT-1,0.037482,0.017674,0.944844
ACTTATTTATGTGCCA-1,0.000037,0.000037,0.999926
ACTTCAGGCTGATCCC-1,0.02501,0.000052,0.974938
ACTTCCAGTGGAAGCT-1,0.710249,0.019717,0.270035
ACTTCCATGCGGGACA-1,0.00734,0.028911,0.963748
ACTTCGCCATACGCAC-1,0.00004,0.01422,0.98574
ACTTGACTCCCTCTTT-1,0.038092,0.00735,0.954558
ACTTGCCATATTGTAC-1,0.000047,0.028686,0.971268
ACTTGCTCTATCTACC-1,0.525723,0.470845,0.003432
ACTTGGGACCCGGTGG-1,0.031732,0.114263,0.854005
ACTTGGGCTTTCGCCA-1,0.000017,0.31228,0.687703
ACTTGTAGTCCCTTCA-1,0.473552,0.000146,0.526302
ACTTGTGGATGGAACG-1,0.07488,0.000103,0.925017
ACTTGTTACCGGATCA-1,0.17994,0.206423,0.613637
ACTTTATACACCACTT-1,0.911872,0.02936,0.058768
ACTTTCCTATAGCTTC-1,0.00002,0.00002,0.99996
ACTTTGACTGCATCCT-1,0.631191,0.000094,0.368715
ACTTTGGTCGTGCTCC-1,0.864208,0.000122,0.13567
AGAAATTATGACTCGC-1,0.287246,0.001778,0.710976
AGAACACGGCGATGGT-1,0.694464,0.305265,0.000271
AGAACCCTCAATTGGG-1,0.634173,0.254874,0.110952
AGAACGTGGTACATTC-1,0.000021,0.008664,0.991315
AGAACTGTACTTTGTA-1,0.00001,0.317711,0.68228
AGAAGAGCGCCGTTCC-1,0.000359,0.000359,0.999282
AGAAGGTACACTTCAC-1,0.560775,0.000131,0.439094
AGAAGGTTGCCGAATT-1,0.013556,0.085727,0.900717
AGAAGGTTGTAGGTCG-1,0.000034,0.000034,0.999932
AGAAGTGATTCGTGAT-1,0.225655,0.24273,0.531615
AGAATAAATCTTCAGG-1,0.337532,0.000086,0.662382
AGAATACAGGCTATCC-1,0.000009,0.402993,0.596998
AGAATTGTTTGACATA-1,0.005489,0.251898,0.742612
AGACAGCTCAGAATCC-1,0.305423,0.000095,0.694483
AGACATAGATCCTTCC-1,0.000025,0.0155,0.984475
AGACCAAACCACACCT-1,0.731487,0.000051,0.268462
AGACCATGGGATACAA-1,0.101377,0.042543,0.85608
AGACCCACCGCTGATC-1,0.015398,0.008507,0.976095
AGACCCGCCCTCCTCG-1,0.010618,0.220953,0.768429
AGACCGCTCCGCGGTT-1,0.141278,0.000105,0.858617
AGACCGGGAAACCCTG-1,0.252863,0.158,0.589136
AGACGAAGTGCCGGTC-1,0.000051,0.000051,0.999899
AGACGACGATGCCGCT-1,0.066996,0.243412,0.689592
AGACGCCCACTTCGCC-1,0.102486,0.439265,0.458249
AGACGGGATTGGTATA-1,0.001287,0.220889,0.777824
AGACTAGCCTTCCAGA-1,0.000037,0.003543,0.996421
AGACTGTTACCGGGTC-1,0.000064,0.192938,0.806998
AGAGAAACACCAGAAA-1,0.217482,0.327406,0.455113
AGAGAAGGAGTACAAT-1,0.339321,0.000074,0.660604
AGAGATCTCTAAAGCG-1,0.038253,0.152977,0.80877
AGAGCAGTTATGAGAC-1,0.083437,0.000085,0.916479
AGAGCCGCCGAGATTT-1,0.00008,0.00008,0.99984
AGAGCGGGCTAATCAT-1,0.000064,0.000064,0.999872
AGAGCGTACAAGCTCG-1,0.000014,0.088111,0.911876
AGAGCTACGAAAGCAT-1,0.000026,0.066645,0.933329
AGAGGCTTCGGAAACC-1,0.000033,0.000033,0.999933
AGAGGTATCTCGGTCC-1,0.008054,0.000054,0.991892
AGAGTCTTAATGAAAG-1,0.000019,0.114849,0.885133
AGATAACTTCAGGGCC-1,0.000032,0.000032,0.999936
AGATAATCACACCTAT-1,0.894529,0.104982,0.00049
AGATACCAATAGAACC-1,0.000016,0.07828,0.921704
AGATACCGGTGTTCAC-1,0.000021,0.000021,0.999959
AGATACGACTTCATAT-1,0.000038,0.035002,0.96496
AGATACTCAAGATCGA-1,0.000032,0.074231,0.925736
AGATATAATACGACTA-1,0.00002,0.018525,0.981455
AGATCTCAGGTGTGAT-1,0.00003,0.001178,0.998792
AGATCTGGAGAGGATA-1,0.882001,0.000046,0.117954
AGATGACTCGCCCACG-1,0.014701,0.000125,0.985174
AGATGCAAGACGTGCA-1,0.421909,0.000095,0.577997
AGATGCATCCTGTGTC-1,0.473708,0.000109,0.526183
AGATGCTATAACGAGC-1,0.001299,0.343418,0.655284
AGATTATAGGACGTTT-1,0.000089,0.000089,0.999822
AGATTCACAACCGATA-1,0.689622,0.020863,0.289516
AGCAAAGGCCGCTAGT-1,0.000018,0.136583,0.863399
AGCAACATATCTTATT-1,0.010987,0.000073,0.98894
AGCAACCGAAAGTAAT-1,0.638087,0.000095,0.361817
AGCACACGTTTAGACT-1,0.720444,0.000086,0.27947
AGCACCAGTACTCACG-1,0.029341,0.069988,0.900672
AGCACTACCGGCCTGT-1,0.178606,0.00008,0.821313
AGCACTACCTCACCAG-1,0.000014,0.063697,0.936289
AGCACTTAAGGACGCC-1,0.00002,0.077431,0.922549
AGCAGAAGGAGAAAGA-1,0.002273,0.059674,0.938052
AGCAGCCAGATGAATA-1,0.000015,0.003279,0.996705
AGCAGTCGAAGCATGC-1,0.012087,0.389236,0.598677
AGCATATCAATATGCT-1,0.000021,0.034947,0.965032
AGCATCATTTCGAAAG-1,0.683868,0.000057,0.316075
AGCATCGTCGATAATT-1,0.021137,0.000034,0.978829
AGCATTACGAGGCAAG-1,0.000029,0.005988,0.993983
AGCCAAGCTTTGTGTC-1,0.000036,0.105299,0.894665
AGCCACAGGTTACCCG-1,0.000019,0.050421,0.949559
AGCCACTCCCGTGCTT-1,0.01961,0.000086,0.980304
AGCCATATAGTATGTG-1,0.042699,0.026177,0.931124
AGCCCATACATGTAAG-1,0.13991,0.012748,0.847341
AGCCCGCAACAAGCAG-1,0.04016,0.143715,0.816125
AGCCCGCACTACAATG-1,0.000023,0.063513,0.936464
AGCCCGGCATTAGAGG-1,0.311359,0.218843,0.469798
AGCCCGGTAGCCTGTA-1,0.024411,0.008731,0.966858
AGCCCTAAGCGAAGTT-1,0.000026,0.000026,0.999949
AGCCCTCCCTGGTGGC-1,0.57896,0.000076,0.420963
AGCCGCAAATTCAAAT-1,0.762657,0.037358,0.199985
AGCCGCTTGATTAGCG-1,0.073148,0.140092,0.78676
AGCCGTGGCTAAATGT-1,0.546078,0.012982,0.44094
AGCCTAATACCCACGT-1,0.344921,0.167911,0.487168
AGCCTTAAAGCGGAAG-1,0.130156,0.013854,0.855991
AGCCTTGTCACTGATA-1,0.356802,0.615292,0.027906
AGCGACAGGAACGGTC-1,0.000037,0.001227,0.998736
AGCGACATCCCATTCA-1,0.000023,0.000023,0.999954
AGCGACCAACGATATT-1,0.000024,0.000024,0.999952
AGCGACTTTGAAGACA-1,0.211297,0.76077,0.027933
AGCGAGACGTGAAGGC-1,0.673849,0.063441,0.262711
AGCGATGCGCCTAATA-1,0.000032,0.000032,0.999936
AGCGCATAATGAATCG-1,0.01064,0.093477,0.895883
AGCGGACACTTCGTAG-1,0.000015,0.011626,0.988358
AGCGGCGGTTAGCGGT-1,0.346424,0.155986,0.497589
AGCGGGAAGGGTCCAT-1,0.017992,0.048214,0.933794
AGCGGGTCTGACACTC-1,0.000013,0.011181,0.988806
AGCGGTTGAGATGTAC-1,0.084084,0.000115,0.9158
AGCGTACGAGAGCTAG-1,0.000032,0.028656,0.971312
AGCGTAGCGCTAGACC-1,0.042155,0.296446,0.661399
AGCGTCTGAACCCGCA-1,0.000015,0.059628,0.940357
AGCGTGGTATTCTACT-1,0.000034,0.000034,0.999932
AGCTAACAAGCAATGT-1,0.333555,0.000084,0.666362
AGCTAAGCTCCGTCCG-1,0.865248,0.000055,0.134696
AGCTAAGTACGCAGGC-1,0.000019,0.064645,0.935336
AGCTACGAATGGTGGT-1,0.025232,0.028031,0.946737
AGCTATTTAATCCAAC-1,0.000023,0.027979,0.971998
AGCTCCATATATGTTC-1,0.000067,0.000067,0.999866
AGCTCCTTCGCACATC-1,0.000026,0.039993,0.959982
AGCTCTAGACGTTCCA-1,0.00785,0.027875,0.964275
AGCTCTTTACTCAGTT-1,0.04816,0.102445,0.849396
AGCTGAAGTAAACCAA-1,0.055211,0.060869,0.883919
AGCTGTAACCTCAATC-1,0.188939,0.000098,0.810963
AGCTTATAGAGACCTG-1,0.010064,0.075836,0.9141
AGCTTCAATACTTTGA-1,0.002388,0.116236,0.881376
AGCTTCTTCTCGAGCA-1,0.00003,0.00003,0.999941
AGCTTGATCAGGGTAG-1,0.999318,0.000062,0.00062
AGCTTGATCTTAACTT-1,0.422941,0.000055,0.577003
AGGAAAGCCTCTGATG-1,0.000012,0.241545,0.758443
AGGAACGAACGACTTC-1,0.183426,0.000032,0.816542
AGGAAGCTGTCCGCCG-1,0.000041,0.000041,0.999918
AGGACAGTCGAATCCC-1,0.000024,0.000024,0.999951
AGGACATCGCACGTCG-1,0.000059,0.000059,0.999881
AGGACATCGGCACACT-1,0.048504,0.136618,0.814877
AGGACGACCCATTAGA-1,0.016617,0.009979,0.973404
AGGACTTATAGGAGAA-1,0.064369,0.03905,0.896581
AGGAGCGTTTATTATC-1,0.016471,0.09476,0.888769
AGGAGGCCTTCGCGCG-1,0.000016,0.053204,0.94678
AGGATAAAGTCGGGAT-1,0.000031,0.000031,0.999938
AGGATATAGGGATTTA-1,0.00005,0.00005,0.9999
AGGATATCCGACTGCA-1,0.000011,0.128361,0.871627
AGGATCACGCGATCTG-1,0.599305,0.000074,0.40062
AGGCAAAGAGGAATCA-1,0.035717,0.124578,0.839704
AGGCACGTGACTGTCC-1,0.215196,0.056864,0.72794
AGGCAGATGCGTAAAC-1,0.078359,0.000079,0.921563
AGGCAGGGAGCGTACT-1,0.036148,0.084824,0.879027
AGGCATTGTCGTAGGG-1,0.000079,0.000079,0.999842
AGGCCACCCGTTATGA-1,0.000026,0.029241,0.970733
AGGCCCAGTGACTGGT-1,0.000032,0.150257,0.849711
AGGCCCATTGTACAGG-1,0.000033,0.017136,0.982831
AGGCCCTAGAACGCCA-1,0.192259,0.000046,0.807695
AGGCCTATCATACCAA-1,0.431916,0.055244,0.512841
AGGCCTGAGAATCTCG-1,0.000021,0.000021,0.999958
AGGCGATAACTGGCGT-1,0.102817,0.392611,0.504572
AGGCGGTTTGTCCCGC-1,0.148262,0.275299,0.57644
AGGCTATGGTTAGCTT-1,0.000018,0.043732,0.956251
AGGCTTAAGTTGCACA-1,0.000017,0.359751,0.640232
AGGCTTCCCGAAGAAG-1,0.000037,0.003289,0.996674
AGGCTTGCTAGACACC-1,0.586708,0.000083,0.413209
AGGGACAGCACGGCGG-1,0.00003,0.016514,0.983456
AGGGACTCTACGCGAC-1,0.003951,0.00964,0.98641
AGGGCAGCGGCGTGGT-1,0.000031,0.05053,0.949438
AGGGCCCTAATGTTCT-1,0.125689,0.129232,0.74508
AGGGCGAGCAGCTGAT-1,0.261408,0.064148,0.674444
AGGGCGTGATCGGCTA-1,0.000044,0.000044,0.999912
AGGGCTGCAGTTACAG-1,0.000026,0.000026,0.999947
AGGGTCAGAGCACTCG-1,0.305612,0.316474,0.377914
AGGGTCTGGACGCAGT-1,0.00001,0.133139,0.866851
AGGGTGCCGTTCTTTA-1,0.364909,0.000064,0.635027
AGGGTGCTCTCGAGGG-1,0.04132,0.000098,0.958582
AGGGTGGATAGTGCAT-1,0.218578,0.000109,0.781312
AGGGTTCAGACGGTCC-1,0.073788,0.022494,0.903718
AGGGTTCCCTTTGGTT-1,0.063811,0.000138,0.936051
AGGGTTTAGTTCGGGA-1,0.000042,0.000042,0.999917
AGGTAACCTCCTATTC-1,0.000061,0.000061,0.999877
AGGTACGATATTGCCA-1,0.000026,0.104639,0.895334
AGGTAGATCGAGATAT-1,0.363761,0.000044,0.636195
AGGTAGGTACAAAGCT-1,0.000027,0.022937,0.977036
AGGTCAGGTGAGAGTG-1,0.321697,0.000081,0.678221
AGGTCGCCACTTCGGT-1,0.00005,0.231976,0.767974
AGGTCGCCTCCCAACA-1,0.284519,0.426391,0.28909
AGGTGCACGTCCACAT-1,0.000011,0.173916,0.826072
AGGTGGTGACCTTCGC-1,0.000038,0.014483,0.985479
AGGTGTATCGCCATGA-1,0.159656,0.000077,0.840268
AGGTGTTGCCGACCAC-1,0.068032,0.184208,0.747759
AGGTTCTCCTTTCCGG-1,0.788174,0.150213,0.061613
AGGTTGAGGCACGCTT-1,0.000029,0.055791,0.944181
AGGTTTCACACACCTT-1,0.065067,0.018284,0.916649
AGTAACTATAGCAGCC-1,0.005396,0.136278,0.858326
AGTAAGGGACAGAATC-1,0.025744,0.056041,0.918215
AGTAATCTAAGGGTGG-1,0.008407,0.099488,0.892105
AGTAATGTCTTGCCGC-1,0.000031,0.000031,0.999938
AGTAATTTGCAAGCGT-1,0.998003,0.000195,0.001801
AGTACAGAAGCTTATA-1,0.000029,0.021599,0.978372
AGTACGGCCCGTATCG-1,0.428968,0.000068,0.570963
AGTACGGGCACCTGGC-1,0.000074,0.000074,0.999853
AGTACTCTTATGCCCA-1,0.000018,0.000079,0.999903
AGTAGAAGGCGCCTCA-1,0.000042,0.011136,0.988822
AGTAGCGTGAACGAAC-1,0.000032,0.000032,0.999936
AGTAGGTAACATACAT-1,0.000019,0.078919,0.921062
AGTATAATACTAGGCA-1,0.021466,0.005314,0.97322
AGTATACACAGCGACA-1,0.000038,0.137946,0.862016
AGTATCCATAATAACG-1,0.000032,0.101644,0.898323
AGTATGCTGGAGACCA-1,0.338846,0.016887,0.644268
AGTATTTGGCACGACC-1,0.016856,0.012506,0.970638
AGTCAAATGATGTGAT-1,0.546201,0.000084,0.453715
AGTCAACACCACCATC-1,0.00795,0.10032,0.891729
AGTCAAGATGACACTT-1,0.000012,0.002782,0.997206
AGTCACTAGCTCTCGA-1,0.000029,0.000029,0.999943
AGTCACTCCGCCTCAT-1,0.000029,0.049894,0.950077
AGTCAGCCACCGCCTG-1,0.000056,0.000056,0.999889
AGTCCAGCGGGTACGT-1,0.165316,0.092406,0.742277
AGTCGAAACGATTCAG-1,0.787228,0.192965,0.019806
AGTCGAATTAGCGTAA-1,0.000073,0.070943,0.928983
AGTCGACGGTCTCAAG-1,0.076996,0.000038,0.922966
AGTCGGCCCAAACGAC-1,0.000018,0.125084,0.874898
AGTCGGCTCAACTTTA-1,0.18577,0.000097,0.814133
AGTCGTATAAAGCAGA-1,0.000025,0.000025,0.999949
AGTCGTCGACCACCAA-1,0.000014,0.050328,0.949658
AGTCGTGGGCATTACG-1,0.016531,0.105007,0.878462
AGTCTCACAAGACTAC-1,0.638831,0.000054,0.361115
AGTCTGGACATCCTTG-1,0.193823,0.000066,0.806111
AGTCTTCTCCTCAAAT-1,0.000034,0.000034,0.999932
AGTCTTTAAAGTGTCC-1,0.000024,0.076431,0.923544
AGTGACCTACTTTACG-1,0.000035,0.051118,0.948846
AGTGACTGTGACACAA-1,0.90462,0.000056,0.095324
AGTGAGACTTCCAGTA-1,0.000065,0.000065,0.99987
AGTGAGTCGAATTAAC-1,0.000031,0.010369,0.989601
AGTGATAACCTGCGCG-1,0.000013,0.000013,0.999975
AGTGATATGAGTAGTT-1,0.000052,0.000052,0.999896
AGTGATTCAAGCAGGA-1,0.000107,0.000107,0.999785
AGTGCACGCTTAAGAA-1,0.00001,0.085683,0.914307
AGTGCGTAGCTCGTAA-1,0.000036,0.000036,0.999929
AGTGCTAAACACAGCA-1,0.000036,0.000036,0.999928
AGTGCTTGCACGAATA-1,0.000031,0.038466,0.961503
AGTGGCCCGCAAATGG-1,0.000008,0.283892,0.716099
AGTGGCGTCTGAAGGT-1,0.000017,0.021982,0.978001
AGTGGCTCCGTCGGCC-1,0.698655,0.000071,0.301274
AGTGGTGTTACCCGTG-1,0.405431,0.000093,0.594476
AGTGGTTGCGTATAGG-1,0.051965,0.687914,0.260121
AGTGTGCTAAGATCGC-1,0.142101,0.13803,0.719869
AGTGTGGTCTATTGTG-1,0.000013,0.206363,0.793624
AGTTAAACACTTGCGA-1,0.000021,0.023307,0.976672
AGTTAAGCGGTCCCGG-1,0.000055,0.000055,0.999889
AGTTAAGTCAACCGCT-1,0.319889,0.000102,0.680008
AGTTACCCTTAAGACT-1,0.401072,0.243743,0.355185
AGTTACCGCACATGGT-1,0.309815,0.00008,0.690105
AGTTATTCAGACTGTG-1,0.01136,0.031616,0.957024
AGTTATTGAAAGGTAA-1,0.000021,0.000021,0.999958
AGTTCACCGGTTGGAC-1,0.145847,0.000046,0.854107
AGTTCCTACAGAATTA-1,0.00249,0.149954,0.847556
AGTTCCTATTTATGTT-1,0.036594,0.000029,0.963377
AGTTCTGCGTTGTATC-1,0.000062,0.000062,0.999877
AGTTGACATCGGCTGG-1,0.000045,0.000045,0.99991
AGTTGACGGTCCTTGC-1,0.000018,0.000018,0.999964
AGTTGCGGTCCTCAAC-1,0.906286,0.000058,0.093656
AGTTGCTGACTGATAT-1,0.031761,0.304031,0.664208
AGTTGGCAAGGCTAGA-1,0.000033,0.000033,0.999934
AGTTTCGCAGGTCGGA-1,0.000013,0.000107,0.999879
AGTTTGCACCTGCCTC-1,0.00005,0.00472,0.995229
AGTTTGGCACGGGTTG-1,0.000121,0.000121,0.999758
AGTTTGGCCAGACCTA-1,0.117726,0.009491,0.872782
ATAAACCATTGGACGG-1,0.034514,0.015825,0.949661
ATAAACGGACCCGTAA-1,0.007894,0.027068,0.965038
ATAAACGTTGCACCAC-1,0.000025,0.000025,0.99995
ATAAAGGCTCGGTCGT-1,0.005169,0.000027,0.994803
ATAAATATTAGCAGCT-1,0.000059,0.231772,0.768169
ATAACGCCGGAGGGTC-1,0.000014,0.055788,0.944198
ATAACGGAGTCCAACG-1,0.001058,0.041628,0.957314
ATAAGGTGGAGAACAT-1,0.00002,0.017967,0.982013
ATAAGTTACCGCGACG-1,0.004598,0.016585,0.978817
ATAATACCGTTAGCCG-1,0.087841,0.18902,0.723139
ATAATAGCTGTTGAAT-1,0.000021,0.05992,0.94006
ATAATAGTGTAGGGAC-1,0.000655,0.061198,0.938147
ATAATCTTGGAGAACC-1,0.000024,0.004544,0.995432
ATAATTAGCTAAGTAG-1,0.000026,0.037153,0.962821
ATACAGCGTCCACTGA-1,0.535657,0.245938,0.218404
ATACAGGCCCTCCAAT-1,0.000026,0.006869,0.993105
ATACCACGGGCAACTT-1,0.137425,0.155247,0.707328
ATACCAGCAAATTGCT-1,0.000026,0.017905,0.982069
ATACCAGGCTAATAGA-1,0.000044,0.000044,0.999912
ATACCAGGTGAGCGAT-1,0.009261,0.000861,0.989878
ATACCCTCCCGGCCAA-1,0.499018,0.384884,0.116097
ATACCCTGGCTCAAAT-1,0.025568,0.034564,0.939869
ATACCTAACCAAGAAA-1,0.000037,0.000037,0.999927
ATACGAGGTTTGTAAG-1,0.441717,0.000066,0.558217
ATACGCCGATCTACCG-1,0.00596,0.251155,0.742886
ATACGCCGGCGAAACC-1,0.000018,0.023397,0.976585
ATACGGAACGTCGTTT-1,0.444889,0.000115,0.554996
ATACGGGTTTCGATTG-1,0.000131,0.000131,0.999739
ATACGGTGAAGATGCA-1,0.213351,0.00006,0.786589
ATACGTACTTAGCCAC-1,0.042666,0.004275,0.953059
ATACGTCCACTCCTGT-1,0.000009,0.090461,0.90953
ATACGTTATGCACGGA-1,0.000024,0.090231,0.909744
ATACTACCCGTACCAC-1,0.000025,0.016592,0.983383
ATACTAGCATGACCCT-1,0.000041,0.000041,0.999917
ATACTCTCGCCACTCT-1,0.006925,0.00007,0.993004
ATACTGCCTTACACCG-1,0.000021,0.000021,0.999957
ATACTTGTTCTCGAGC-1,0.61377,0.000102,0.386129
ATAGACGAAGAGAAAG-1,0.000026,0.041597,0.958377
ATAGAGTACTGGGACA-1,0.000031,0.013169,0.986799
ATAGATTTGCAGTCGG-1,0.000046,0.000046,0.999908
ATAGCAACTAGGGAAG-1,0.005782,0.076171,0.918046
ATAGCCATAACAGTCA-1,0.00001,0.243677,0.756313
ATAGCCTCAGTACCCA-1,0.14501,0.000094,0.854896
ATAGCTGCTCTTGTTA-1,0.293039,0.000075,0.706886
ATAGGCGGCTATAGAA-1,0.000025,0.043627,0.956348
ATAGGGATATCCTTGA-1,0.000019,0.046717,0.953264
ATAGGTTGGGCAGATG-1,0.000059,0.000059,0.999881
ATAGTCTTTGACGTGC-1,0.008597,0.000066,0.991337
ATAGTGAAGCGTTCTC-1,0.008958,0.142115,0.848926
ATATAAAGCGCTCGTG-1,0.000028,0.002701,0.997271
ATATAAATGTAGCTGC-1,0.009907,0.004601,0.985492
ATATAACACGGGCGCA-1,0.000023,0.034816,0.965161
ATATACATGTATGGTA-1,0.867503,0.000109,0.132388
ATATACGCTCGTGACG-1,0.000017,0.045064,0.954919
ATATAGAGTATTGGTC-1,0.921872,0.001733,0.076394
ATATCAATTCCAGCCT-1,0.901963,0.000064,0.097973
ATATCGTGCCAGACCC-1,0.000086,0.000086,0.999829
ATATCGTTCCTCGAAC-1,0.000059,0.000059,0.999883
ATATCTTAGGGCCTTC-1,0.033889,0.032592,0.933519
ATATGGGATAGCAACT-1,0.071184,0.103048,0.825768
ATATGTCTAGAGCGTG-1,0.000022,0.195006,0.804972
ATATTCAGTTAAACCT-1,0.000025,0.118166,0.881809
ATATTCCACATAGTGA-1,0.000038,0.000038,0.999925
ATATTCCCACAGGTCA-1,0.000039,0.004035,0.995926
ATATTGCTGTCAAAGT-1,0.000025,0.004224,0.995751
ATATTGGAGAGGCCTT-1,0.163103,0.344108,0.492789
ATATTTAACCCTCAAG-1,0.000028,0.086517,0.913455
ATCAAACGAAGGTTTG-1,0.024232,0.024477,0.951291
ATCAAAGAGCCGTGGT-1,0.120853,0.611674,0.267473
ATCAAGATCCCAGGAC-1,0.328541,0.065756,0.605703
ATCAATCTGGGCTGCA-1,0.000028,0.001738,0.998234
ATCAATGCCGTGGCTG-1,0.998506,0.000091,0.001403
ATCACATTAGAATATC-1,0.000067,0.000067,0.999865
ATCACGTGCTAATTAA-1,0.000042,0.000042,0.999916
ATCACTTCATCCTCGC-1,0.000018,0.111374,0.888608
ATCAGAAGCTGGTTGC-1,0.643458,0.14863,0.207911
ATCAGACGGCACGCCG-1,0.000016,0.001405,0.998579
ATCAGCCTCATGCTGC-1,0.000035,0.000035,0.999931
ATCAGCTCGTCCACTA-1,0.375483,0.000126,0.624391
ATCATAGATCGACGAG-1,0.075275,0.659451,0.265274
ATCATAGCCCTATGTA-1,0.00002,0.004971,0.995009
ATCATCCAATATTTGT-1,0.000016,0.000016,0.999967
ATCATCTGCCCAGTGT-1,0.000072,0.000072,0.999855
ATCATTGTACCGCATT-1,0.630259,0.369402,0.000339
ATCCAACGCAGTCATA-1,0.000026,0.113525,0.886449
ATCCAATGGAGGGTCC-1,0.000069,0.000069,0.999861
ATCCAATGGTACCGAA-1,0.607317,0.018145,0.374537
ATCCACATCGACAGAA-1,0.001083,0.001822,0.997095
ATCCACGCTAAATGTT-1,0.330634,0.000102,0.669265
ATCCAGAGCAACAACC-1,0.000037,0.000037,0.999926
ATCCAGGATTCGTGAA-1,0.02211,0.052049,0.925841
ATCCCATCCACAGCGC-1,0.662032,0.000106,0.337862
ATCCCATTTCCGTGGG-1,0.023422,0.277909,0.698669
ATCCGGACCAGCCTGA-1,0.040586,0.182086,0.777328
ATCCTACCTAAGCTCT-1,0.125742,0.000036,0.874222
ATCCTGAATCGCTGCG-1,0.019311,0.00006,0.980629
ATCCTGCGTGGAATGG-1,0.002118,0.069425,0.928456
ATCCTGCTGCAGATAG-1,0.000029,0.025811,0.974159
ATCGACCCAATACAGA-1,0.00002,0.00002,0.999959
ATCGACTCTTTCCGTT-1,0.000076,0.000076,0.999847
ATCGCACGATTGTTCA-1,0.000033,0.037165,0.962802
ATCGCACGCCGGGAGA-1,0.000018,0.022581,0.977401
ATCGCCGTGGTTCATG-1,0.000019,0.038368,0.961613
ATCGGAGACAGACGGC-1,0.000017,0.000017,0.999966
ATCGGTTACCTAGTAA-1,0.145942,0.190901,0.663156
ATCGTATTCCGAGAAC-1,0.662342,0.00009,0.337568
ATCGTCCAATCGAGTC-1,0.003177,0.019349,0.977475
ATCGTGGAAAGTCTGG-1,0.562624,0.000092,0.437283
ATCGTTAGCTAGCGGA-1,0.000031,0.000249,0.99972
ATCTAACGTCCCTATG-1,0.092827,0.514958,0.392215
ATCTAATATCCTACGG-1,0.070295,0.246232,0.683474
ATCTACCATCTGCTCC-1,0.004156,0.009353,0.98649
ATCTAGCTTGTGAGGG-1,0.000031,0.007966,0.992004
ATCTATCGATGATCAA-1,0.064035,0.175652,0.760314
ATCTCCCACGGAATAT-1,0.000025,0.055638,0.944338
