Barcode,Topic 1,Topic 2,Topic 3,Topic 4,Topic 5,Topic 6,Topic 7,Topic 8,Topic 9to10
AAACAACGAATAGTTC-1,0.060804,0.227982,0.009922,0.01206,0.000059,0.208287,0.19572,0.044663,0.240503
AAACAAGTATCTCCCA-1,0.188188,0.071692,0.011094,0.517258,0.026235,0.036297,0.02811,0.007445,0.11368
AAACACCAATAACTGC-1,0.288895,0.015505,0.033577,0.036376,0.131735,0.021537,0.012683,0.223259,0.236434
AAACAGAGCGACTCCT-1,0.454136,0.024345,0.003823,0.067777,0.000019,0.1585,0.004969,0.090845,0.195586
AAACAGCTTTCAGAAG-1,0.131853,0.010989,0.025977,0.209889,0.135174,0.013065,0.066746,0.396329,0.009977
AAACAGGGTCTATATT-1,0.036129,0.141116,0.176841,0.1718,0.120453,0.014138,0.026206,0.270034,0.043281
AAACAGTGTTCCTGGG-1,0.21686,0.006935,0.069543,0.256798,0.338993,0.001972,0.003102,0.05622,0.049577
AAACATGGTGAGAGGA-1,0.007051,0.119438,0.088483,0.081894,0.239854,0.060747,0.017976,0.195355,0.189203
AAACATTTCCCGGATT-1,0.147011,0.35383,0.003902,0.001962,0.081755,0.042407,0.166662,0.006416,0.196055
AAACCCGAACGAAATC-1,0.189506,0.362134,0.140957,0.040658,0.075017,0.03016,0.004264,0.048694,0.10861
AAACCGGAAATGTTAA-1,0.19633,0.002633,0.149791,0.066335,0.297618,0.000019,0.000019,0.000019,0.287236
AAACCGGGTAGGTACC-1,0.034399,0.383071,0.256418,0.045097,0.017157,0.069614,0.077719,0.072371,0.044153
AAACCGTTCGTCCAGG-1,0.280352,0.15957,0.076716,0.034557,0.069183,0.149774,0.087276,0.059803,0.082769
AAACCTAAGCAGCCGG-1,0.007425,0.987687,0.000051,0.000051,0.000051,0.000051,0.004531,0.000051,0.000102
AAACCTCATGAAGTTG-1,0.152458,0.013793,0.119084,0.00577,0.170567,0.037368,0.032151,0.335319,0.13349
AAACGAAGAACATACC-1,0.037316,0.30555,0.038477,0.085772,0.000062,0.441863,0.061979,0.009759,0.019223
AAACGAAGATGGAGTA-1,0.071191,0.000023,0.168902,0.021777,0.101265,0.025909,0.03551,0.483529,0.091893
AAACGAGACGGTTGAT-1,0.098065,0.254273,0.001906,0.024702,0.01406,0.154771,0.194522,0.019403,0.238299
AAACGCCCGAGATCGG-1,0.026253,0.009899,0.020558,0.027788,0.263909,0.04609,0.037745,0.472393,0.095366
AAACGCTGGGCACGAC-1,0.344097,0.000036,0.04998,0.502962,0.102743,0.000036,0.000036,0.000036,0.000073
AAACGGGCGTACGGGT-1,0.000221,0.002439,0.009227,0.078271,0.258007,0.08581,0.219888,0.011887,0.33425
AAACGGGTTGGTATCC-1,0.10478,0.304439,0.004863,0.000141,0.000141,0.181664,0.333963,0.051334,0.018676
AAACGGTTGCGAACTG-1,0.001566,0.343318,0.337393,0.014836,0.111007,0.016373,0.123828,0.017088,0.034593
AAACGTGTTCGCCCTA-1,0.435977,0.168481,0.023047,0.021463,0.052943,0.075154,0.047544,0.02518,0.150211
AAACTAACGTGGCGAC-1,0.110936,0.054315,0.159142,0.006501,0.150352,0.107452,0.020265,0.012657,0.37838
AAACTCGGTTCGCAAT-1,0.140591,0.302553,0.04236,0.189432,0.000057,0.000057,0.321431,0.003407,0.000113
AAACTCGTGATATAAG-1,0.656646,0.240144,0.067428,0.000024,0.000024,0.013706,0.000481,0.01578,0.005767
AAACTGCTGGCTCCAA-1,0.042831,0.339776,0.000162,0.528675,0.000162,0.025021,0.000162,0.046237,0.016976
AAACTTAATTGCACGC-1,0.190172,0.026881,0.085179,0.073078,0.056481,0.038828,0.012795,0.442694,0.073893
AAACTTGCAAACGTAT-1,0.298107,0.037204,0.057439,0.027974,0.152254,0.036227,0.066481,0.262561,0.061753
AAAGAATGACCTTAGA-1,0.383741,0.00779,0.053446,0.030161,0.149612,0.003587,0.03051,0.300368,0.040785
AAAGAATGTGGACTAA-1,0.369607,0.086896,0.235693,0.105178,0.113,0.000019,0.079193,0.000019,0.010396
AAAGACATGAAGTTTA-1,0.133757,0.006576,0.014885,0.003945,0.110694,0.304703,0.246196,0.100585,0.078658
AAAGACCCAAGTCGCG-1,0.025004,0.412567,0.076741,0.000051,0.003902,0.238658,0.074337,0.076253,0.092488
AAAGACTGGGCGCTTT-1,0.376753,0.097953,0.018994,0.013503,0.059761,0.104472,0.065489,0.213888,0.049188
AAAGCTTGCCTACATA-1,0.102681,0.051593,0.024698,0.430288,0.109877,0.00562,0.016644,0.005528,0.253069
AAAGGCCCTATAATAC-1,0.065919,0.114737,0.117262,0.049964,0.204335,0.023992,0.008747,0.302579,0.112466
AAAGGCTACGGACCAT-1,0.110554,0.137804,0.062016,0.006814,0.17939,0.060458,0.07782,0.006361,0.358785
AAAGGCTCTCGCGCCG-1,0.163679,0.266342,0.063288,0.021782,0.169096,0.009531,0.06222,0.000673,0.24339
AAAGGGATGTAGCAAG-1,0.053689,0.165554,0.165449,0.12619,0.001113,0.299074,0.108891,0.004142,0.075896
AAAGGGCAGCTTGAAT-1,0.199444,0.072336,0.003219,0.000502,0.057121,0.465101,0.052281,0.022263,0.127733
AAAGGTAAGCTGTACC-1,0.349617,0.164825,0.371253,0.008846,0.000203,0.037879,0.007134,0.044813,0.015432
AAAGTAGCATTGCTCA-1,0.070709,0.000008,0.18942,0.037366,0.212728,0.00613,0.003704,0.292753,0.187182
AAAGTCACTGATGTAA-1,0.116319,0.22447,0.075852,0.048946,0.000057,0.295491,0.019133,0.039467,0.180265
AAAGTCGACCCTCAGT-1,0.110056,0.006756,0.170601,0.098173,0.056384,0.039084,0.040526,0.402442,0.075978
AAAGTGCCATCAATTA-1,0.095544,0.000019,0.000019,0.904305,0.000019,0.000019,0.000019,0.000019,0.000038
AAAGTGTGATTTATCT-1,0.157555,0.082848,0.08893,0.122264,0.022902,0.067783,0.124915,0.08612,0.246683
AAAGTTGACTCCCGTA-1,0.003837,0.000009,0.002243,0.015551,0.141718,0.05035,0.011009,0.146955,0.628329
AAATAACCATACGGGA-1,0.250245,0.013055,0.000047,0.001688,0.024274,0.338856,0.108847,0.064565,0.198424
AAATAAGGTAGTGCCC-1,0.208377,0.415726,0.068024,0.011402,0.0438,0.049227,0.010993,0.066985,0.125467
AAATACCTATAAGCAT-1,0.00008,0.332874,0.085144,0.394712,0.00008,0.069727,0.011268,0.037769,0.068345
AAATAGCTTAGACTTT-1,0.142989,0.004894,0.0098,0.022933,0.120755,0.019567,0.008036,0.136921,0.534106
AAATAGGGTGCTATTG-1,0.004963,0.823392,0.038898,0.046886,0.000066,0.00949,0.039636,0.03654,0.000131
AAATCCGATACACGCC-1,0.019752,0.000019,0.000019,0.261494,0.062934,0.000366,0.429108,0.004541,0.221767
AAATCGCGGAAGGAGT-1,0.274118,0.024143,0.014106,0.030433,0.008199,0.062265,0.093952,0.475677,0.017107
AAATCGTGTACCACAA-1,0.217142,0.069274,0.019339,0.000045,0.000045,0.001592,0.663584,0.004604,0.024375
AAATCTAGCCCTGCTA-1,0.639952,0.03546,0.020395,0.009117,0.100282,0.010936,0.096764,0.013275,0.073819
AAATCTGCCCGCGTCC-1,0.031896,0.038604,0.422878,0.346262,0.095408,0.003017,0.003405,0.03576,0.022769
AAATGACTGATCAAAC-1,0.002593,0.10586,0.02091,0.035672,0.147133,0.115612,0.040431,0.030371,0.501419
AAATGATTCGATCAGC-1,0.43249,0.072462,0.077052,0.001906,0.027403,0.072096,0.011921,0.124502,0.180169
AAATGCTCGTTACGTT-1,0.18015,0.066495,0.000046,0.000046,0.027041,0.495239,0.159594,0.042911,0.028478
AAATGGCATGTCTTGT-1,0.000094,0.983228,0.000094,0.000094,0.000094,0.013978,0.002136,0.000094,0.000188
AAATGGCCCGTGCCCT-1,0.000354,0.087989,0.08974,0.35133,0.105487,0.054427,0.023693,0.238604,0.048375
AAATGGTCAATGTGCC-1,0.015211,0.046806,0.018725,0.027292,0.01771,0.103913,0.344785,0.238002,0.187557
AAATGTATCTTATCCC-1,0.378838,0.031031,0.002193,0.000015,0.017587,0.145839,0.080906,0.298298,0.045294
AAATTAACGGGTAGCT-1,0.159581,0.779871,0.000147,0.012516,0.000147,0.000147,0.047148,0.000147,0.000295
AAATTAATAAGCGCGA-1,0.042713,0.140799,0.050641,0.050412,0.02507,0.112551,0.01085,0.336778,0.230186
AAATTACACGACTCTG-1,0.275775,0.153514,0.044047,0.008773,0.000031,0.22999,0.122645,0.046884,0.11834
AAATTACCTATCGATG-1,0.654845,0.023689,0.002617,0.000019,0.005183,0.112205,0.050456,0.053219,0.097766
AAATTCCAGGTCCAAA-1,0.103731,0.013813,0.106601,0.111204,0.22424,0.041054,0.026227,0.165089,0.208041
AAATTGATAGTCCTTT-1,0.285516,0.003047,0.042973,0.210532,0.088509,0.018096,0.102017,0.193762,0.055548
AAATTGCGGCGGTTCT-1,0.118158,0.049043,0.000061,0.000061,0.000061,0.280917,0.550575,0.000061,0.001062
AAATTGGTGAGAAGCA-1,0.632155,0.030922,0.00291,0.008226,0.027515,0.076364,0.127764,0.016019,0.078125
AAATTTACCGAAATCC-1,0.069492,0.33832,0.00003,0.00003,0.00003,0.448731,0.132934,0.006823,0.003611
AAATTTGCGGGTGTGG-1,0.443301,0.022355,0.089931,0.108382,0.047069,0.068075,0.039619,0.077365,0.103904
AACAACTGGTAGTTGC-1,0.053704,0.002518,0.000024,0.000024,0.061193,0.325076,0.110825,0.033456,0.413181
AACAATACATTGTCGA-1,0.000047,0.066511,0.039902,0.399389,0.07385,0.072435,0.005234,0.016036,0.326595
AACAATTACTCTACGC-1,0.031884,0.075576,0.037092,0.142117,0.009153,0.224983,0.016164,0.069334,0.393698
AACACACGCTCGCCGC-1,0.359557,0.118345,0.005494,0.015534,0.094247,0.041787,0.187416,0.005213,0.172408
AACACGACTGTACTGA-1,0.115176,0.340382,0.073372,0.053519,0.00009,0.174297,0.124203,0.102499,0.016461
AACACGAGACGCGGCC-1,0.135966,0.045137,0.054238,0.002018,0.16305,0.119979,0.025707,0.215657,0.238247
AACACGCGGCCGCGAA-1,0.000094,0.999151,0.000094,0.000094,0.000094,0.000094,0.000094,0.000094,0.000189
AACAGCTGTGTGGCAA-1,0.187277,0.007966,0.195701,0.048563,0.072654,0.009119,0.023446,0.38302,0.072254
AACAGGAAATCGAATA-1,0.000144,0.98372,0.000144,0.000144,0.000144,0.000144,0.015126,0.000144,0.000288
AACAGGATGGGCCGCG-1,0.083729,0.005037,0.000515,0.24237,0.006996,0.202423,0.004679,0.015929,0.438323
AACAGGTAGTATGGAT-1,0.02976,0.005289,0.258917,0.019002,0.117041,0.055711,0.004208,0.15716,0.352913
AACATAGCGTGTATCG-1,0.329075,0.56403,0.044679,0.027519,0.000099,0.000099,0.034203,0.000099,0.000198
AACATATCAACTGGTG-1,0.345845,0.30558,0.005477,0.02187,0.011647,0.087167,0.003492,0.050624,0.168297
AACATCGATACGTCTA-1,0.421544,0.129373,0.010425,0.000168,0.007262,0.066544,0.005325,0.106705,0.252652
AACATTGAAGTTGATC-1,0.074229,0.000167,0.055112,0.102596,0.332587,0.012046,0.006117,0.296202,0.120944
AACATTGGTCAGCCGT-1,0.184648,0.558897,0.00011,0.00011,0.00011,0.00011,0.255686,0.00011,0.00022
AACATTGTGACTCGAG-1,0.151214,0.151904,0.051468,0.00963,0.190458,0.061922,0.033943,0.013496,0.335966
AACCAAGACTTCTCTG-1,0.034709,0.05307,0.160976,0.153872,0.031387,0.204502,0.054761,0.207776,0.098947
AACCAGTATCACTCTT-1,0.002052,0.000016,0.009956,0.001576,0.025033,0.304932,0.011042,0.032687,0.612708
AACCATAGGGTTGAAC-1,0.02733,0.311662,0.252249,0.089404,0.017586,0.064089,0.00713,0.158118,0.072432
AACCATGGGATCGCTA-1,0.210854,0.416221,0.021789,0.000066,0.000066,0.035332,0.311434,0.004107,0.000131
AACCCAGAGACGGAGA-1,0.000012,0.000012,0.00102,0.000012,0.00466,0.258941,0.254582,0.095789,0.38497
AACCCATCCCATGATC-1,0.061341,0.281945,0.317427,0.025826,0.039455,0.038583,0.027722,0.162449,0.045251
AACCCGACAACCCGTG-1,0.153895,0.226455,0.128365,0.040322,0.120552,0.048458,0.008088,0.03184,0.242024
AACCCGAGCAGAATCG-1,0.760842,0.017198,0.039078,0.088977,0.022084,0.00004,0.00004,0.00004,0.071702
AACCCGCTGTATTCCA-1,0.214006,0.195575,0.169164,0.215298,0.041311,0.00002,0.147141,0.015979,0.001507
AACCCTACTGTCAATA-1,0.278068,0.005892,0.060411,0.014428,0.029904,0.095381,0.007892,0.036107,0.471918
AACCCTGGTGGAACCA-1,0.000098,0.985842,0.000098,0.000098,0.000098,0.000098,0.013371,0.000098,0.000197
AACCGAGCTTGGTCAT-1,0.407634,0.000067,0.000067,0.000067,0.000067,0.003784,0.48211,0.027479,0.078724
AACCGCTAAGGGATGC-1,0.473189,0.147506,0.000044,0.000044,0.000044,0.115401,0.182212,0.010632,0.070929
AACCGTTGTGTTTGCT-1,0.380573,0.617864,0.000195,0.000195,0.000195,0.000195,0.000195,0.000195,0.000391
AACCTAAAGCCGTCCG-1,0.214585,0.159315,0.000046,0.000046,0.000046,0.00187,0.623951,0.000046,0.000093
AACCTCGCTTTAGCCC-1,0.000073,0.961475,0.005667,0.013692,0.000073,0.000073,0.018728,0.000073,0.000146
AACCTGTCACGGAATT-1,0.424339,0.293695,0.091633,0.028789,0.027734,0.028956,0.007463,0.041608,0.055784
AACCTTTAAATACGGT-1,0.102616,0.896479,0.000113,0.000113,0.000113,0.000113,0.000113,0.000113,0.000226
AACCTTTACGACGTCT-1,0.028565,0.15539,0.006228,0.114241,0.001756,0.383388,0.018044,0.031743,0.260645
AACGAAAGTCGTCCCA-1,0.242349,0.02274,0.346622,0.120441,0.006507,0.016721,0.028493,0.184257,0.031869
AACGACCTCCTAGCCG-1,0.160864,0.000024,0.033818,0.706403,0.098769,0.000024,0.000024,0.000024,0.000048
AACGATAATGCCGTAG-1,0.123171,0.468823,0.017589,0.062404,0.000073,0.152845,0.138093,0.000073,0.036929
AACGATAGAAGGGCCG-1,0.007657,0.333218,0.042229,0.017941,0.00008,0.218002,0.231805,0.060368,0.088699
AACGATATGTCAACTG-1,0.172766,0.007351,0.000038,0.007964,0.000038,0.147834,0.081578,0.004003,0.578426
AACGCATGATCTGGGT-1,0.265719,0.102345,0.035804,0.014336,0.032501,0.078131,0.005379,0.17838,0.287407
AACGCGAACGGCAACA-1,0.000025,0.305921,0.10888,0.000025,0.000025,0.347988,0.22335,0.011717,0.002069
AACGCGACCTTGGGCG-1,0.173478,0.076685,0.052108,0.029189,0.253441,0.034552,0.092613,0.083076,0.204857
AACGCGGTCTCCAGCC-1,0.000078,0.45126,0.251647,0.000078,0.000078,0.018892,0.145673,0.12718,0.005114
AACGCTGTTGCTGAAA-1,0.259613,0.031151,0.009533,0.235905,0.022211,0.022173,0.37061,0.000061,0.048742
AACGGACGTACGTATA-1,0.089711,0.522212,0.03635,0.048099,0.02736,0.053568,0.135635,0.022732,0.064333
AACGGCCATCTCCGGT-1,0.292107,0.174836,0.064844,0.00446,0.06577,0.093732,0.097317,0.050148,0.156786
AACGTACTGTGGGTAC-1,0.178159,0.095952,0.022179,0.074863,0.056845,0.138621,0.240138,0.027258,0.165985
AACGTCAGACTAGTGG-1,0.342405,0.01642,0.000045,0.000045,0.002264,0.240476,0.3002,0.000045,0.098098
AACGTCATCCGGCTTG-1,0.443062,0.091674,0.049019,0.023254,0.296174,0.012364,0.057032,0.001413,0.026008
AACGTCGCTGCACTTC-1,0.010106,0.011828,0.019503,0.058386,0.751657,0.001565,0.079448,0.002759,0.064748
AACGTGATGAAGGACA-1,0.089462,0.063512,0.005152,0.000021,0.019619,0.422847,0.205935,0.022859,0.170593
AACGTGCGAAAGTCTC-1,0.207193,0.283823,0.00008,0.00008,0.00008,0.016465,0.466885,0.00008,0.025313
AACGTTATCAGCACCT-1,0.032292,0.497619,0.14712,0.000028,0.000028,0.151583,0.004834,0.106541,0.059955
AACGTTCTACCATTGT-1,0.029763,0.000017,0.044843,0.700632,0.083229,0.000888,0.003188,0.000152,0.137289
AACTACCCGTTTGTCA-1,0.182956,0.120331,0.069282,0.17587,0.125162,0.051152,0.014982,0.135557,0.124709
AACTAGGCTTGGGTGT-1,0.247234,0.056844,0.160901,0.083239,0.024167,0.000177,0.401589,0.022119,0.003729
AACTCAAGTTAATTGC-1,0.079644,0.000021,0.047479,0.057127,0.042427,0.125888,0.120488,0.168748,0.358178
AACTCCAGAGCGTGTT-1,0.000711,0.421462,0.084525,0.053176,0.050694,0.029529,0.270757,0.084954,0.004191
AACTCCTAATCCCATG-1,0.29599,0.106058,0.011981,0.130047,0.013329,0.079896,0.020827,0.027012,0.31486
AACTCGATAAACACGT-1,0.002749,0.277968,0.007714,0.000954,0.000034,0.272069,0.309881,0.031081,0.09755
AACTCGATGGCGCAGT-1,0.038037,0.000034,0.000034,0.000034,0.008121,0.452942,0.29996,0.036792,0.164048
AACTCTCAATAGAGCG-1,0.003814,0.00001,0.023655,0.039079,0.001692,0.075912,0.002134,0.002231,0.851473
AACTCTCAGTGTGCTC-1,0.08401,0.002538,0.018274,0.186519,0.219575,0.021693,0.006925,0.042978,0.417488
AACTGAGGTCAGCGTC-1,0.110699,0.471902,0.082952,0.093646,0.017953,0.051646,0.002156,0.062652,0.106394
AACTGAGTTATACTGA-1,0.199617,0.000028,0.000028,0.800139,0.000028,0.000028,0.000028,0.000028,0.000079
AACTGATATTAGGCCT-1,0.000103,0.999069,0.000103,0.000103,0.000103,0.000103,0.000103,0.000103,0.000207
AACTGGGTCCCGACGT-1,0.013088,0.985873,0.00013,0.00013,0.00013,0.00013,0.00013,0.00013,0.00026
AACTGGGTTCGAGCCG-1,0.391287,0.000847,0.00004,0.00004,0.00004,0.351255,0.248194,0.004981,0.003316
AACTTCTGCGTCTATC-1,0.376604,0.346377,0.000053,0.000053,0.000053,0.125823,0.150202,0.000731,0.000105
AACTTGCCCGTATGCA-1,0.000016,0.248893,0.006969,0.001393,0.027121,0.282523,0.008785,0.007432,0.416867
AACTTGCGTTCTCGCG-1,0.007735,0.07524,0.001594,0.000155,0.004354,0.716881,0.031216,0.003829,0.158996
AACTTTACGGGAGCTT-1,0.123061,0.021622,0.097064,0.019429,0.032492,0.081654,0.018174,0.493945,0.112559
AACTTTCTCGATCATG-1,0.000535,0.040057,0.099389,0.097166,0.258616,0.084939,0.065958,0.072934,0.280406
AAGAAAGTTTGATGGG-1,0.150505,0.151184,0.255744,0.316821,0.110786,0.000018,0.000018,0.00165,0.013273
AAGAAATCACCAGATT-1,0.473974,0.126002,0.180521,0.053691,0.077905,0.000039,0.044868,0.000744,0.042257
AAGAAGGATCAGTTAG-1,0.022399,0.007602,0.000027,0.000027,0.006414,0.499066,0.261681,0.096949,0.105837
AAGACATACGTGGTTT-1,0.388638,0.003102,0.391064,0.202216,0.01308,0.000014,0.000014,0.001845,0.000028
AAGACCAAATAACTCA-1,0.19412,0.002987,0.013798,0.095302,0.069435,0.020223,0.018726,0.47595,0.109459
AAGACCCAACTGAACA-1,0.214936,0.022572,0.023259,0.079018,0.153608,0.01319,0.216486,0.015443,0.261487
AAGACTAACCCGTTGT-1,0.000066,0.879073,0.120396,0.000066,0.000066,0.000066,0.000066,0.000066,0.000133
AAGACTCACGCCCACT-1,0.262769,0.127838,0.003079,0.020418,0.012243,0.244644,0.142549,0.084531,0.10193
AAGACTGCAAGCTACT-1,0.119052,0.612748,0.000158,0.000158,0.000158,0.027488,0.020425,0.062433,0.157381
AAGAGATGAATCGGTA-1,0.54157,0.213366,0.000047,0.000047,0.000047,0.153095,0.091688,0.000047,0.000094
AAGAGCTCTTTATCGG-1,0.189525,0.033935,0.032791,0.059099,0.00241,0.045138,0.401781,0.070289,0.165031
AAGAGGATGTACGCGA-1,0.238481,0.236385,0.022624,0.089797,0.064661,0.11293,0.034781,0.089097,0.111246
AAGAGGCATGGATCGC-1,0.230034,0.063697,0.004202,0.034488,0.032368,0.027278,0.572773,0.024832,0.010329
AAGAGGCCCTTTGGAA-1,0.173894,0.122141,0.172814,0.396138,0.056731,0.005904,0.002423,0.000016,0.069939
AAGATGGCACCGGACC-1,0.245159,0.034175,0.088998,0.022292,0.144203,0.039571,0.039334,0.283684,0.102584
AAGATTGGCGGAACGT-1,0.73342,0.193561,0.00004,0.00004,0.00004,0.054089,0.018692,0.00004,0.000079
AAGCACCCTGCGTATC-1,0.00569,0.506812,0.472884,0.002691,0.000134,0.000134,0.011253,0.000134,0.000268
AAGCATACTCTCCTGA-1,0.100433,0.650413,0.000132,0.175996,0.000132,0.000132,0.072363,0.000132,0.000265
AAGCCACTTGCAGGTA-1,0.072624,0.014618,0.01528,0.630163,0.182862,0.004436,0.006951,0.008686,0.064379
AAGCCGAAGCGGTTTA-1,0.007304,0.206943,0.011735,0.213416,0.041593,0.039083,0.000011,0.000563,0.479353
AAGCCGCCGTGAAATC-1,0.050013,0.050015,0.050025,0.050021,0.549835,0.050016,0.050017,0.050018,0.100041
AAGCCGCTTTACCTTG-1,0.009183,0.049924,0.050782,0.660191,0.005595,0.065344,0.074808,0.012546,0.071627
AAGCCGGAGAGCAGGA-1,0.072402,0.000016,0.000016,0.891607,0.033813,0.000016,0.000016,0.000016,0.002095
AAGCGCAGGGCTTTGA-1,0.289534,0.709692,0.000097,0.000097,0.000097,0.000097,0.000097,0.000097,0.000193
AAGCGGAGTGCGCGCA-1,0.161973,0.029973,0.014938,0.001252,0.243059,0.057829,0.061125,0.018372,0.41148
AAGCGGCGTCATGGGT-1,0.434117,0.032923,0.01723,0.000026,0.001662,0.257452,0.029323,0.113501,0.113767
AAGCGTCCCTCATCGA-1,0.53283,0.007424,0.011081,0.000022,0.049056,0.016723,0.037019,0.278807,0.067038
AAGCTAGATCGAGTAA-1,0.010525,0.840102,0.062253,0.064187,0.000112,0.000112,0.004248,0.018237,0.000224
AAGCTATGGATTGACC-1,0.261416,0.020031,0.023428,0.504906,0.173696,0.000034,0.000034,0.002606,0.013851
AAGCTCGTGCCAAGTC-1,0.045654,0.859656,0.000091,0.000091,0.000091,0.022474,0.071668,0.000091,0.000183
AAGCTCTTTCATGGTG-1,0.099584,0.862822,0.000087,0.000087,0.000087,0.000087,0.036983,0.000087,0.000174
AAGGAGCGGTTGGTGC-1,0.047097,0.015234,0.013463,0.000022,0.065703,0.169803,0.220689,0.315415,0.152573
AAGGATCGATCGCTTG-1,0.514877,0.010649,0.063498,0.174155,0.096139,0.000025,0.000025,0.09035,0.050282
AAGGATGAGGGACCTC-1,0.432634,0.474013,0.000046,0.000046,0.000046,0.000335,0.09274,0.000046,0.000093
AAGGCAGGCTGTCTCC-1,0.400844,0.327395,0.120432,0.053768,0.081109,0.004224,0.001775,0.007178,0.003275
AAGGCGCGTAAAGCTT-1,0.174609,0.197735,0.026169,0.008079,0.00518,0.284623,0.177975,0.03054,0.095091
AAGGCTGTGCTCATCG-1,0.131054,0.21022,0.00408,0.030583,0.000975,0.225501,0.171877,0.0542,0.171509
AAGGGAACGACTGGCT-1,0.176462,0.007945,0.163032,0.093139,0.087569,0.009044,0.007844,0.403545,0.05142
AAGGGACAGATTCTGT-1,0.379005,0.006768,0.068856,0.076144,0.008534,0.181262,0.009293,0.015039,0.255098
AAGGGACTATGCATTC-1,0.001975,0.365699,0.200215,0.097621,0.013874,0.074516,0.01367,0.186011,0.046419
AAGGGTTAGCCATGCG-1,0.211998,0.039564,0.171324,0.180546,0.315982,0.004407,0.000019,0.004289,0.071871
AAGGGTTTGATTTCAG-1,0.012476,0.278987,0.230411,0.064932,0.108427,0.032839,0.106434,0.157158,0.008335
AAGGTATCCTAATATA-1,0.25694,0.150021,0.000034,0.005967,0.000034,0.132559,0.388483,0.050427,0.015534
AAGGTGATAAACCAGC-1,0.293547,0.217204,0.005138,0.010837,0.052675,0.075217,0.116671,0.047419,0.181292
AAGTAGAAGACCGGGT-1,0.005282,0.651747,0.006131,0.000049,0.000049,0.061607,0.270838,0.004199,0.000099
AAGTAGTGACGCGAGG-1,0.257694,0.07628,0.192124,0.000029,0.000029,0.241901,0.017193,0.09269,0.122061
AAGTCAATTGTCGTCA-1,0.130403,0.573873,0.006381,0.000023,0.099831,0.069545,0.025199,0.001411,0.093334
AAGTCTAGTAGCTGCC-1,0.000011,0.162649,0.421215,0.220208,0.014475,0.0424,0.060969,0.004385,0.073688
AAGTCTTCTGTGGCCT-1,0.007356,0.000006,0.001663,0.000006,0.473558,0.092174,0.04117,0.157949,0.226117
AAGTGACGACCGAATT-1,0.186737,0.000024,0.010031,0.079865,0.088926,0.031704,0.006409,0.349399,0.246906
AAGTGAGTCGGGTTTA-1,0.102605,0.000009,0.005099,0.061219,0.081774,0.021133,0.008295,0.036471,0.683394
AAGTGCAAAGGTAGAC-1,0.083506,0.006719,0.282673,0.00163,0.030617,0.136431,0.052931,0.253293,0.152201
AAGTGCCTTGACTGTA-1,0.1915,0.001867,0.074151,0.357295,0.021547,0.043405,0.030332,0.066177,0.213726
AAGTGCGTTAGAATCT-1,0.106594,0.010323,0.03256,0.044635,0.1008,0.041971,0.03452,0.524565,0.104033
AAGTGCTTCTCTATTG-1,0.28343,0.027019,0.191998,0.192126,0.06947,0.011759,0.006049,0.021715,0.196434
AAGTGTTTGGAGACGG-1,0.122316,0.544541,0.023289,0.05016,0.000077,0.101739,0.096698,0.061026,0.000154
AAGTTCACTCCAAGCT-1,0.045186,0.000025,0.005474,0.01425,0.036785,0.013113,0.472194,0.022668,0.390305
AAGTTCAGTCTGCGTA-1,0.299585,0.038538,0.002699,0.106435,0.015781,0.077812,0.008597,0.106069,0.344483
AAGTTCGGCCAACAGG-1,0.620452,0.017655,0.01876,0.078813,0.030914,0.034556,0.04246,0.005023,0.151367
AAGTTGTGATGTTATA-1,0.243377,0.08653,0.090572,0.080651,0.340055,0.001998,0.075055,0.000365,0.081396
AAGTTTATGGGCCCAA-1,0.00002,0.00271,0.302152,0.272935,0.006409,0.00002,0.352016,0.011371,0.052367
AATAACAACGCTCGGC-1,0.348481,0.00695,0.00027,0.000014,0.004455,0.212815,0.051046,0.059253,0.316716
AATAACACTAGAACAA-1,0.39494,0.008047,0.008784,0.011736,0.150865,0.03827,0.11963,0.174353,0.093376
AATAACGTCGCGCCCA-1,0.026625,0.114478,0.148481,0.372133,0.160415,0.038983,0.004327,0.014943,0.119615
AATAAGTCCTCGAGAC-1,0.023714,0.975519,0.000096,0.000096,0.000096,0.000096,0.000096,0.000096,0.000192
AATAATCTTCGTATCG-1,0.352316,0.000025,0.169364,0.097249,0.167721,0.000025,0.000025,0.000025,0.213249
AATACAATGTTTCAGG-1,0.000033,0.751655,0.000301,0.000033,0.000033,0.225091,0.01988,0.002911,0.000065
AATACCGGAGGGCTGT-1,0.11925,0.000117,0.23502,0.188277,0.051141,0.012919,0.016994,0.268195,0.108088
AATACCTGATGTGAAC-1,0.112946,0.107812,0.066862,0.153573,0.313603,0.000021,0.152455,0.002317,0.090412
AATAGAACAGAGTGGC-1,0.375239,0.154041,0.006462,0.000027,0.00745,0.211749,0.141705,0.066078,0.037249
AATAGAATCTGTTTCA-1,0.067218,0.037949,0.004988,0.004514,0.059157,0.018718,0.103696,0.012672,0.691088
AATAGCAAGCCTCCTG-1,0.144991,0.030655,0.122656,0.090283,0.096729,0.044069,0.017643,0.149139,0.303835
AATAGCTACCGCGTGC-1,0.263811,0.059714,0.053685,0.03639,0.056855,0.06931,0.007989,0.170785,0.28146
AATAGGCACGACCCTT-1,0.245751,0.168005,0.080374,0.011515,0.230331,0.023587,0.039931,0.155463,0.045043
AATAGTCCGTCCCGAC-1,0.270381,0.105339,0.050349,0.133049,0.029128,0.019253,0.267119,0.011271,0.114111
AATAGTCGCGAGTCGG-1,0.33564,0.249819,0.011103,0.00002,0.000875,0.166762,0.035909,0.189991,0.009881
AATATCAAGGTCGGAT-1,0.072893,0.313817,0.000079,0.000079,0.000079,0.351271,0.192879,0.02738,0.041523
AATATCCTAGCAAACT-1,0.115779,0.087978,0.156681,0.063599,0.175785,0.018722,0.032419,0.305886,0.043152
AATATCGAATCAATGC-1,0.340321,0.012971,0.010507,0.000565,0.256165,0.054775,0.014901,0.012414,0.297381
AATATCGAGGGTTCTC-1,0.24091,0.02986,0.000997,0.000012,0.030272,0.135261,0.012881,0.149587,0.400219
AATATTGGAGTATTGA-1,0.225555,0.031397,0.059257,0.001746,0.049309,0.151026,0.065319,0.255659,0.160732
AATCAGACTGCAGGAC-1,0.000061,0.846152,0.126465,0.000061,0.000061,0.019695,0.007322,0.000061,0.000122
AATCAGGTTTCATTTA-1,0.024431,0.068425,0.178665,0.058827,0.340374,0.010475,0.004986,0.264979,0.048839
AATCATGTAAAGACTC-1,0.07252,0.122434,0.156106,0.114579,0.199327,0.032535,0.055515,0.015076,0.231908
AATCCAAGGGCCTGAG-1,0.000071,0.99621,0.003219,0.000071,0.000071,0.000071,0.000071,0.000071,0.000143
AATCCATGCAAGGGTG-1,0.003921,0.000027,0.000027,0.000027,0.000244,0.151967,0.312623,0.021198,0.509967
AATCCCGCTCAGAGCC-1,0.013322,0.075381,0.126153,0.051378,0.291108,0.076367,0.104137,0.018877,0.243277
AATCGAGGTCTCAAGG-1,0.410603,0.421172,0.072672,0.095099,0.000076,0.000076,0.000076,0.000076,0.000151
AATCGCCTCAGCGCCA-1,0.187727,0.08103,0.037418,0.018279,0.008378,0.031852,0.540063,0.030193,0.06506
AATCGCGCAGAGGACT-1,0.768741,0.053264,0.159834,0.000027,0.017079,0.000027,0.000027,0.000947,0.000054
AATCGGGACACTACGA-1,0.023021,0.274818,0.07625,0.048429,0.000111,0.158601,0.365802,0.021799,0.031168
AATCGGTATAGCCCTC-1,0.142913,0.292269,0.125695,0.007294,0.358804,0.001903,0.009131,0.000044,0.061946
AATCGTGAGCCGAGCA-1,0.023094,0.87086,0.101067,0.004522,0.000076,0.000076,0.000076,0.000076,0.000152
AATCTAGGTTTACTTG-1,0.026898,0.017454,0.100282,0.008165,0.26924,0.027535,0.015882,0.267554,0.26699
AATCTATGCCGGAGCC-1,0.003346,0.000006,0.000006,0.013894,0.017558,0.03306,0.000603,0.000029,0.931497
AATCTCTACTGTGGTT-1,0.042887,0.00042,0.034886,0.116185,0.355716,0.013279,0.014744,0.355878,0.066005
AATCTGCGTTGGGACG-1,0.453786,0.164794,0.00003,0.00003,0.000032,0.164888,0.027465,0.005425,0.18355
AATCTGGCTTTCTAGT-1,0.012901,0.187799,0.320517,0.01963,0.142626,0.023172,0.024159,0.230944,0.038252
AATCTGGGTAGACCCT-1,0.200038,0.117661,0.004934,0.000025,0.030656,0.315454,0.064386,0.138216,0.12863
AATGACAGCAATGTCT-1,0.195574,0.185914,0.097782,0.074904,0.111374,0.079693,0.029417,0.086634,0.138709
AATGACGTAGGATGTC-1,0.284963,0.225948,0.000072,0.117643,0.000072,0.000072,0.34419,0.010779,0.01626
AATGACTGTCAGCCGG-1,0.000025,0.17513,0.00425,0.000025,0.002489,0.22222,0.255199,0.047438,0.293224
AATGAGTTCGCATATG-1,0.265408,0.010246,0.000045,0.000045,0.008468,0.299207,0.346736,0.031745,0.0381
AATGATGATACGCTAT-1,0.500946,0.340662,0.034361,0.006068,0.000028,0.034923,0.006234,0.072908,0.003869
AATGATGCGACTCCTG-1,0.514012,0.02505,0.035167,0.001828,0.00554,0.0462,0.019023,0.247487,0.105694
AATGCAACCGGGTACC-1,0.021449,0.402752,0.036366,0.026945,0.000065,0.160994,0.108298,0.006308,0.236823
AATGCACCAAGCAATG-1,0.085919,0.104137,0.002836,0.006488,0.033641,0.106348,0.002015,0.043649,0.614967
AATGGTCCACCGTTCA-1,0.000132,0.019753,0.020731,0.009907,0.035327,0.161822,0.001521,0.000172,0.750634
AATGGTTCTCACAAGC-1,0.171388,0.008746,0.052897,0.000035,0.000035,0.25164,0.427048,0.029313,0.058898
AATGTATGGCACTGTA-1,0.18398,0.003104,0.154836,0.055384,0.048927,0.027611,0.018664,0.4125,0.094994
AATGTGCCCGAGGTGT-1,0.071905,0.15082,0.215761,0.156731,0.029375,0.051125,0.021442,0.282273,0.020569
AATGTGCTAATCTGAG-1,0.203581,0.178853,0.212763,0.06759,0.034445,0.018127,0.016381,0.193391,0.07487
AATGTTAAGACCCTGA-1,0.128825,0.221649,0.102171,0.271305,0.002324,0.007409,0.240111,0.016259,0.009948
AATGTTGTCGTGAGAC-1,0.173687,0.157637,0.00007,0.622667,0.001459,0.00007,0.041155,0.00007,0.003184
AATTAAAGGTCGGCGT-1,0.004956,0.708952,0.012005,0.000052,0.000052,0.108134,0.044965,0.065787,0.055096
AATTAACGGATTTCCA-1,0.115285,0.237447,0.050418,0.025764,0.025363,0.000045,0.427506,0.114968,0.003204
AATTACGAGACCCATC-1,0.003863,0.002586,0.27292,0.0397,0.036027,0.076769,0.056844,0.428526,0.082766
AATTACTCGTACGCTC-1,0.137652,0.186259,0.000031,0.000031,0.000031,0.33996,0.243828,0.063075,0.029132
AATTAGCGCTGCAGCG-1,0.379496,0.431813,0.000101,0.003755,0.000101,0.000101,0.184328,0.000101,0.000203
AATTATACCCAGCAAG-1,0.314006,0.449299,0.034821,0.000053,0.000053,0.000053,0.201555,0.000053,0.000106
AATTCATAAGGGATCT-1,0.637988,0.21257,0.000039,0.000039,0.000039,0.113906,0.006586,0.000039,0.028793
AATTCATTGTCATGCA-1,0.000095,0.363291,0.209887,0.076778,0.01616,0.098179,0.006739,0.175206,0.053665
AATTCCAACTTGGTGA-1,0.385238,0.292696,0.000105,0.000105,0.000105,0.000105,0.321328,0.000105,0.000211
AATTCCAAGCATGTAC-1,0.143973,0.006711,0.021219,0.000012,0.205103,0.057454,0.217457,0.032302,0.31577
AATTCGATTCGAGGAT-1,0.097109,0.468901,0.015909,0.116072,0.087552,0.000102,0.096765,0.000102,0.117489
AATTCTAGAGTTAGGC-1,0.103505,0.830548,0.000103,0.000103,0.000103,0.000103,0.065225,0.000103,0.000206
AATTGAACGCTCTGGT-1,0.067414,0.035425,0.026944,0.065179,0.043102,0.042929,0.105882,0.013565,0.59956
AATTGCAGCAATCGAC-1,0.048269,0.134199,0.036125,0.017442,0.411551,0.031792,0.060677,0.01279,0.247155
AATTGCGTGGATTACA-1,0.131767,0.00084,0.194916,0.108534,0.073017,0.020599,0.009575,0.285502,0.175251
AATTGTGGTTGCCAAA-1,0.26716,0.000014,0.000014,0.701868,0.027985,0.000014,0.000014,0.000148,0.002781
AATTTGGGACATAGTA-1,0.520175,0.113863,0.000033,0.000033,0.000033,0.141858,0.081029,0.045267,0.09771
AATTTGGTTCCAAAGA-1,0.000079,0.999287,0.000079,0.000079,0.000079,0.000079,0.000079,0.000079,0.000159
ACAAACCATGCGTCCT-1,0.155885,0.000819,0.016454,0.014468,0.147258,0.010216,0.005872,0.320156,0.328871
ACAAACCGACAAGGCG-1,0.225175,0.478514,0.000076,0.000076,0.000076,0.000076,0.293572,0.002282,0.000153
ACAAACTCCATCAGAG-1,0.032486,0.21661,0.132399,0.077601,0.274423,0.020841,0.010436,0.161104,0.074099
ACAAAGAAGGTAGGCC-1,0.105484,0.009383,0.042926,0.036184,0.254961,0.013051,0.025309,0.427332,0.08537
ACAAAGCATGACCTAG-1,0.369879,0.196364,0.007096,0.007059,0.046991,0.027661,0.268327,0.016397,0.060225
ACAAATCGCACCGAAT-1,0.144204,0.090042,0.081758,0.122431,0.054155,0.000128,0.484206,0.013246,0.009831
ACAAATGGTAGTGTTT-1,0.025044,0.013801,0.005248,0.068576,0.10221,0.195066,0.179525,0.006154,0.404376
ACAAATTCAGATCTGA-1,0.127089,0.182866,0.04271,0.095813,0.047945,0.186742,0.018069,0.158155,0.14061
ACAACAGCATGAGCTA-1,0.276354,0.673211,0.000118,0.000118,0.000118,0.000118,0.049608,0.000118,0.000236
ACAACGGTCCCTGCGA-1,0.004524,0.000016,0.000016,0.021266,0.028586,0.274464,0.012164,0.036108,0.622856
ACAAGCAGTGCCTAGC-1,0.003512,0.005696,0.127936,0.116815,0.049479,0.380668,0.037776,0.121599,0.156519
ACAAGCTATATGGAAG-1,0.035816,0.031662,0.013257,0.057087,0.107367,0.05918,0.022993,0.448146,0.224492
ACAAGGAAATCCGCCC-1,0.219874,0.721524,0.000105,0.057869,0.000105,0.000105,0.000105,0.000105,0.000209
ACAAGGACAAGAGGTT-1,0.313159,0.061036,0.000027,0.000027,0.020107,0.281692,0.151362,0.019308,0.153282
ACAAGGATGCTTTAGG-1,0.002731,0.000017,0.017498,0.006381,0.11872,0.009597,0.124451,0.02405,0.696555
ACAAGGCCTACCAGCC-1,0.365293,0.01786,0.025748,0.003948,0.092361,0.036101,0.01922,0.290571,0.148897
ACAAGGGCAGGCTCTG-1,0.000086,0.967321,0.020796,0.000086,0.000086,0.000086,0.01128,0.000086,0.000172
ACAAGTAATTGTAAGG-1,0.020353,0.381258,0.138988,0.343431,0.031686,0.00934,0.001067,0.015501,0.058375
ACAATAGTCGTACGTT-1,0.29549,0.01168,0.177551,0.317318,0.001871,0.039542,0.000493,0.147783,0.008273
ACAATCCATTTAAACC-1,0.036951,0.145633,0.022857,0.022812,0.064855,0.294043,0.043447,0.059956,0.309445
ACAATGAATACGGAGA-1,0.103567,0.002768,0.05439,0.044193,0.091528,0.061279,0.060404,0.358519,0.223351
ACAATGATTCTTCTAC-1,0.520512,0.059845,0.033196,0.004873,0.075516,0.019118,0.071914,0.176361,0.038665
ACAATTGTGTCTCTTT-1,0.014347,0.147025,0.244121,0.108658,0.057958,0.130232,0.138053,0.021647,0.137959
ACAATTTAGGAGGCTC-1,0.245305,0.092039,0.031232,0.000016,0.129381,0.091053,0.089614,0.262476,0.058882
ACAATTTGAGCAGTGG-1,0.294002,0.101143,0.000037,0.000037,0.000037,0.244351,0.209581,0.018532,0.132279
ACAATTTGGCCATATT-1,0.084303,0.004349,0.057958,0.256669,0.334129,0.013068,0.019781,0.021714,0.20803
ACACAAAGACGGGTGG-1,0.20343,0.787445,0.000139,0.000139,0.000139,0.000139,0.00815,0.000139,0.000278
ACACAAATATTCCTAG-1,0.000579,0.00008,0.023235,0.393157,0.139227,0.05989,0.023476,0.019485,0.34087
ACACACCAGGACCAGT-1,0.035074,0.499125,0.016897,0.004879,0.028797,0.083629,0.239227,0.074493,0.017879
ACACACTTTCTACACG-1,0.026373,0.420404,0.023878,0.000052,0.000052,0.282073,0.090138,0.071716,0.085315
ACACATGATCAAATCT-1,0.001256,0.220014,0.344995,0.23173,0.015125,0.035573,0.003773,0.119429,0.028104
ACACATTGACGCAACA-1,0.472911,0.193853,0.000055,0.000055,0.000055,0.078916,0.253986,0.000055,0.000111
ACACATTTCCGTAGAC-1,0.087289,0.521222,0.147732,0.016128,0.101105,0.000028,0.114663,0.000028,0.011804
ACACCACATAATTAGC-1,0.082781,0.003483,0.003107,0.156856,0.170947,0.043991,0.009071,0.012463,0.517302
ACACCCAGCATGCAGC-1,0.12199,0.768773,0.000087,0.000087,0.000087,0.000087,0.108629,0.000087,0.000174
ACACCCGAGAAATCCG-1,0.086593,0.294056,0.04218,0.025889,0.000938,0.126927,0.188009,0.219136,0.016272
ACACCGAGCGCTCTTT-1,0.020235,0.229626,0.004117,0.146461,0.000674,0.386804,0.014969,0.007698,0.189416
ACACCGGTCTGACCGC-1,0.002804,0.050216,0.183807,0.039918,0.115498,0.077722,0.032318,0.386368,0.111348
ACACCTTAAGTAGGGC-1,0.164546,0.02287,0.007002,0.001137,0.020248,0.195887,0.317402,0.050981,0.219926
ACACCTTACTACTTGC-1,0.056342,0.00001,0.012602,0.083969,0.460753,0.033502,0.013661,0.047354,0.291808
ACACGAGACTCCTTCT-1,0.374685,0.520036,0.000108,0.000108,0.000108,0.000108,0.10452,0.000108,0.000217
ACACGGCACTATGCAT-1,0.014938,0.810943,0.000098,0.000098,0.000098,0.076313,0.097218,0.000098,0.000196
ACACGGGAACTTAGGG-1,0.35854,0.554355,0.000131,0.000131,0.000131,0.000131,0.08619,0.000131,0.000261
ACACGTAGGCCACAAG-1,0.405199,0.191416,0.214325,0.116348,0.023798,0.008244,0.006551,0.022614,0.011504
ACACTCCAATGTCACT-1,0.007883,0.000015,0.043838,0.000015,0.060375,0.597127,0.066622,0.037209,0.186917
ACACTGATCAAGGTGT-1,0.182551,0.043509,0.164073,0.020279,0.030163,0.108735,0.101599,0.021638,0.327452
ACACTGGGACAGTCGT-1,0.249238,0.00002,0.053358,0.175535,0.30114,0.00002,0.00002,0.054407,0.166261
ACAGAACTGAGAACAA-1,0.139375,0.049139,0.060501,0.196656,0.096295,0.039692,0.014471,0.210791,0.193079
ACAGCGACATTCTCAT-1,0.432744,0.124016,0.012508,0.054904,0.079069,0.000391,0.214601,0.000862,0.080906
ACAGCGCACCCGCAGC-1,0.025764,0.000122,0.000018,0.001643,0.043916,0.332733,0.211046,0.017233,0.367525
ACAGGAGGCGCAGCCG-1,0.007118,0.050392,0.010131,0.019081,0.004171,0.379521,0.259165,0.096303,0.174118
ACAGGCACGGATCCTT-1,0.157565,0.040288,0.013425,0.073354,0.177006,0.01454,0.229003,0.00936,0.285461
ACAGGCTTGCCCGACT-1,0.30402,0.015956,0.000036,0.001906,0.037968,0.02792,0.511105,0.019726,0.081364
ACAGGTGGAGGTGAGG-1,0.003729,0.045389,0.115874,0.017553,0.061598,0.206983,0.008695,0.127665,0.412513
ACAGGTGTGTTGTTGC-1,0.123558,0.046658,0.010132,0.004428,0.152733,0.099292,0.066164,0.369048,0.127986
ACAGTAATACAACTTG-1,0.043594,0.024355,0.034302,0.186224,0.137852,0.013241,0.015369,0.435067,0.109994
ACAGTATACCGTGGGA-1,0.13113,0.052832,0.030414,0.040245,0.183667,0.120507,0.065981,0.05778,0.317443
ACATAAGTCGTGGTGA-1,0.019499,0.311959,0.272736,0.122389,0.015969,0.074848,0.01953,0.137178,0.025893
ACATAATAAGGCGGTG-1,0.274321,0.506942,0.044813,0.089627,0.000159,0.001863,0.0818,0.000159,0.000317
ACATACAATCAAGCGG-1,0.079652,0.063961,0.047395,0.069397,0.366621,0.002201,0.200039,0.003576,0.167159
ACATCAGCTGGGACGC-1,0.224363,0.000919,0.011723,0.048976,0.129494,0.030777,0.017631,0.384453,0.151667
ACATCCCGGCCATACG-1,0.087698,0.036558,0.133435,0.037892,0.130922,0.05563,0.192687,0.008876,0.316302
ACATCCTGGTAACTGT-1,0.154663,0.196997,0.128095,0.004283,0.054831,0.115098,0.038481,0.186084,0.121469
ACATCGATCGTTTACC-1,0.259953,0.738999,0.000131,0.000131,0.000131,0.000131,0.000131,0.000131,0.000262
ACATCGCAATATTCGG-1,0.337669,0.026295,0.020792,0.002125,0.330766,0.02457,0.038074,0.079875,0.139834
ACATCGGTCAGCCGCG-1,0.004372,0.000011,0.027963,0.000011,0.032204,0.233835,0.005371,0.019895,0.676337
ACATCGTATGCAATGG-1,0.002565,0.057606,0.013899,0.123111,0.00414,0.147808,0.31091,0.082181,0.257779
ACATCGTTAACCTAGT-1,0.000025,0.000025,0.000025,0.000025,0.000025,0.177476,0.361122,0.012412,0.448866
ACATCTCAACGCGTAA-1,0.055047,0.707857,0.074366,0.000064,0.000064,0.003216,0.159193,0.000064,0.000128
ACATGCTTACGGCAGC-1,0.645427,0.058344,0.169941,0.099357,0.026802,0.000026,0.000026,0.000026,0.000052
ACATGGCGCCAAAGTA-1,0.405345,0.18683,0.061021,0.008696,0.004189,0.090209,0.001498,0.046968,0.195246
ACATGGCTCAATTTAG-1,0.008616,0.000029,0.029209,0.000029,0.003173,0.510297,0.251465,0.034213,0.162969
ACATTAGTTTATATCC-1,0.022249,0.008802,0.014243,0.01717,0.037807,0.088911,0.370825,0.048977,0.391015
ACATTCGCGCGGAATA-1,0.004034,0.000006,0.035351,0.167329,0.619098,0.005009,0.000663,0.029097,0.139413
ACATTTGAAACCTAAC-1,0.024835,0.070252,0.020443,0.079699,0.413502,0.002743,0.140353,0.000011,0.248163
ACCAAACACCCAGCGA-1,0.604139,0.052833,0.03422,0.001404,0.04418,0.03261,0.039442,0.034479,0.156693
ACCAACACCACACACT-1,0.451685,0.097935,0.055946,0.00049,0.008591,0.046679,0.018487,0.194501,0.125686
ACCAACCGCACTCCAC-1,0.015029,0.563898,0.103834,0.253226,0.004672,0.000029,0.027494,0.000029,0.031789
ACCAACGCTTATTTAT-1,0.156072,0.085689,0.029022,0.000019,0.151633,0.122831,0.154203,0.057347,0.243183
ACCAAGAACGCGTGTC-1,0.167901,0.800125,0.000131,0.000131,0.000131,0.000131,0.031057,0.000131,0.000262
ACCAAGTCATCGGCAG-1,0.248874,0.469398,0.024722,0.079015,0.145094,0.000027,0.030476,0.000027,0.002367
ACCAATATGCAAGTTA-1,0.000066,0.594514,0.404958,0.000066,0.000066,0.000066,0.000066,0.000066,0.000132
ACCACAACTCAGAACA-1,0.007798,0.000013,0.000013,0.000013,0.002516,0.230245,0.050371,0.044252,0.664777
ACCACAAGTTTCTATC-1,0.437383,0.251301,0.000129,0.06909,0.000129,0.000129,0.241452,0.000129,0.000258
ACCACACGGTTGATGG-1,0.197954,0.422507,0.127755,0.214799,0.002663,0.00007,0.03404,0.00007,0.000141
ACCACCAATGTAACAA-1,0.36352,0.268598,0.102765,0.036201,0.018954,0.030048,0.026515,0.089309,0.064089
ACCACCCTCTCTTCTA-1,0.481266,0.04803,0.158742,0.015208,0.042022,0.02376,0.055594,0.111088,0.06429
ACCACGTGCAGCTATA-1,0.000069,0.99286,0.006585,0.000069,0.000069,0.000069,0.000069,0.000069,0.000139
ACCACTGTTCAAGAAG-1,0.207345,0.009585,0.000035,0.000035,0.000035,0.315928,0.441269,0.01902,0.006748
ACCAGACCATAACAAC-1,0.00178,0.000006,0.078112,0.096929,0.151891,0.017238,0.018627,0.553499,0.081918
ACCAGCCCGGTCTTTG-1,0.000076,0.999314,0.000076,0.000076,0.000076,0.000076,0.000076,0.000076,0.000152
ACCAGTGCCCGGTCAA-1,0.163149,0.010054,0.024109,0.015124,0.038873,0.091929,0.007979,0.491426,0.157357
ACCAGTGCGGGAGACG-1,0.205061,0.211641,0.023577,0.006206,0.009915,0.224742,0.108917,0.048034,0.161908
ACCATATCCGCAATAA-1,0.247312,0.397694,0.005095,0.000045,0.000045,0.021754,0.187936,0.072515,0.067606
ACCATCCGCCAACTAG-1,0.266963,0.087107,0.074955,0.000014,0.199275,0.011965,0.071351,0.277921,0.010449
ACCATCGTATATGGTA-1,0.174989,0.413936,0.007856,0.063361,0.000037,0.178743,0.118176,0.021207,0.021695
ACCATTAAGGGTGTCA-1,0.280448,0.071195,0.000023,0.000023,0.000023,0.420428,0.15156,0.041021,0.035279
ACCCAACGCCCGTGGC-1,0.189191,0.136134,0.09739,0.011802,0.002412,0.254409,0.018018,0.021239,0.269404
ACCCACCTACATGCTC-1,0.467628,0.163056,0.008979,0.000045,0.000045,0.221881,0.046274,0.075296,0.016796
ACCCATCTTGAGGGTA-1,0.000026,0.566041,0.000973,0.000026,0.000026,0.40473,0.01457,0.005615,0.007994
ACCCATTTGTCCCTCT-1,0.288351,0.292841,0.190082,0.058966,0.040665,0.000293,0.100763,0.000024,0.028014
ACCCGAGCGAAATTAC-1,0.01139,0.45428,0.216924,0.050911,0.003477,0.060025,0.006847,0.16351,0.032636
ACCCGATTGGTTCCGA-1,0.000468,0.064358,0.279375,0.214341,0.069785,0.067186,0.016027,0.23248,0.055979
ACCCGGAAACTCCCAG-1,0.296136,0.00207,0.000045,0.000045,0.040079,0.000045,0.653049,0.003566,0.004964
ACCCGGAGCACCACAA-1,0.100838,0.096306,0.133366,0.408303,0.170007,0.000412,0.000012,0.001507,0.089248
ACCCGGATGACGCATC-1,0.254622,0.000017,0.000017,0.076017,0.025798,0.053287,0.00915,0.019854,0.561239
ACCCGGTTACACTTCC-1,0.277736,0.109064,0.000047,0.000047,0.000047,0.211399,0.229533,0.008523,0.163606
ACCCGTAGCAGAGAAT-1,0.000006,0.000006,0.003196,0.365691,0.405565,0.004706,0.002605,0.049814,0.168411
ACCCGTAGTCTAGTTG-1,0.174589,0.000015,0.000015,0.556094,0.260059,0.000015,0.000015,0.000015,0.009181
ACCCGTGTCATCAGTA-1,0.014464,0.002508,0.004647,0.046049,0.238866,0.175522,0.148224,0.013966,0.355756
ACCCTATAGGACTGAG-1,0.003051,0.000025,0.000025,0.000025,0.011968,0.574954,0.095004,0.010356,0.304592
ACCCTATGCCATATCG-1,0.274856,0.068109,0.071791,0.031751,0.114062,0.117603,0.093248,0.060804,0.167776
ACCCTCCCGTCAGGGC-1,0.001461,0.050964,0.025799,0.001265,0.540899,0.015409,0.201101,0.002378,0.160724
ACCCTCCCTTGCTATT-1,0.000141,0.000019,0.000019,0.020767,0.188812,0.017701,0.06438,0.044429,0.663731
ACCCTGGTAACGCCCT-1,0.040258,0.000007,0.000011,0.000007,0.094599,0.174996,0.013811,0.027384,0.648926
ACCCTTCATCTGCGAA-1,0.068096,0.40829,0.056229,0.000195,0.025277,0.064404,0.024401,0.11714,0.235968
