Barcode,Topic 1,Topic 2,Topic 3to11
AAACAACGAATAGTTC-1,0.061547,0.046193,0.89226
AAACAAGTATCTCCCA-1,0.000058,0.22335,0.776593
AAACAATCTACTAGCA-1,0.001633,0.000009,0.998357
AAACACCAATAACTGC-1,0.297205,0.001917,0.700878
AAACAGAGCGACTCCT-1,0.076769,0.143266,0.779965
AAACAGCTTTCAGAAG-1,0.796711,0.034796,0.168492
AAACAGGGTCTATATT-1,0.546109,0.251916,0.201975
AAACAGTGTTCCTGGG-1,0.055325,0.03976,0.904916
AAACATGGTGAGAGGA-1,0.32554,0.383486,0.290974
AAACATTTCCCGGATT-1,0.000038,0.191327,0.808635
AAACCACTACACAGAT-1,0.000021,0.206332,0.793646
AAACCCGAACGAAATC-1,0.243706,0.106628,0.649666
AAACCGGAAATGTTAA-1,0.000021,0.332985,0.666993
AAACCGGGTAGGTACC-1,0.158361,0.001738,0.839901
AAACCGTTCGTCCAGG-1,0.016486,0.001913,0.981601
AAACCTAAGCAGCCGG-1,0.000014,0.246768,0.753218
AAACCTCATGAAGTTG-1,0.1206,0.001657,0.877743
AAACGAAGAACATACC-1,0.049588,0.490531,0.459881
AAACGAAGATGGAGTA-1,0.890849,0.005033,0.104118
AAACGACAGTCTTGCC-1,0.000011,0.012096,0.987893
AAACGAGACGGTTGAT-1,0.000019,0.000075,0.999906
AAACGCCCGAGATCGG-1,0.000088,0.527158,0.472754
AAACGCTGGGCACGAC-1,0.000012,0.087209,0.912779
AAACGGGCGTACGGGT-1,0.000018,0.050546,0.949437
AAACGGGTTGGTATCC-1,0.000028,0.074535,0.925437
AAACGGTTGCGAACTG-1,0.011801,0.206247,0.781952
AAACGTGTTCGCCCTA-1,0.00001,0.001483,0.998507
AAACTAACGTGGCGAC-1,0.000059,0.076511,0.92343
AAACTCGGTTCGCAAT-1,0.00002,0.028549,0.971431
AAACTCGTGATATAAG-1,0.009292,0.48288,0.507828
AAACTGCTGGCTCCAA-1,0.022,0.02645,0.95155
AAACTTAATTGCACGC-1,0.943313,0.000032,0.056654
AAACTTGCAAACGTAT-1,0.345113,0.000014,0.654872
AAAGAATGACCTTAGA-1,0.744373,0.000034,0.255593
AAAGAATGTGGACTAA-1,0.000043,0.766473,0.233485
AAAGACCCAAGTCGCG-1,0.000014,0.002002,0.997984
AAAGACTGGGCGCTTT-1,0.16052,0.001254,0.838226
AAAGCTTGCCTACATA-1,0.000012,0.005525,0.994463
AAAGGCCCTATAATAC-1,0.136489,0.000005,0.863506
AAAGGCTACGGACCAT-1,0.000018,0.047345,0.952637
AAAGGCTCTCGCGCCG-1,0.000014,0.000014,0.999973
AAAGGGATGTAGCAAG-1,0.000015,0.000625,0.99936
AAAGGGCAGCTTGAAT-1,0.012314,0.012955,0.974731
AAAGGTAAGCTGTACC-1,0.000068,0.342969,0.656962
AAAGGTCAACGACATG-1,0.000016,0.010274,0.98971
AAAGTAGCATTGCTCA-1,0.123605,0.100989,0.775407
AAAGTCACTGATGTAA-1,0.000021,0.091439,0.90854
AAAGTCGACCCTCAGT-1,0.488632,0.019847,0.491521
AAAGTGCCATCAATTA-1,0.000013,0.054162,0.945825
AAAGTGTGATTTATCT-1,0.00001,0.00001,0.99998
AAAGTTGACTCCCGTA-1,0.000016,0.000016,0.999968
AAATAAGGTAGTGCCC-1,0.003907,0.991813,0.004281
AAATACCTATAAGCAT-1,0.030014,0.046623,0.923362
AAATAGCTTAGACTTT-1,0.000062,0.343439,0.656499
AAATAGGGTGCTATTG-1,0.000016,0.000016,0.999967
AAATCACTCCTAAACG-1,0.033237,0.007945,0.958819
AAATCCGATACACGCC-1,0.000011,0.04127,0.958719
AAATCGCGGAAGGAGT-1,0.961853,0.000032,0.038115
AAATCGTGTACCACAA-1,0.008273,0.000012,0.991715
AAATCTAGCCCTGCTA-1,0.000053,0.37558,0.624367
AAATCTGCCCGCGTCC-1,0.797977,0.000237,0.201786
AAATGACTGATCAAAC-1,0.03254,0.110676,0.856784
AAATGATTCGATCAGC-1,0.02787,0.605373,0.366757
AAATGCTCGTTACGTT-1,0.033857,0.014633,0.95151
AAATGGCATGTCTTGT-1,0.00002,0.00002,0.999959
AAATGGCCCGTGCCCT-1,0.41751,0.359446,0.223044
AAATGGTCAATGTGCC-1,0.02597,0.000649,0.973382
AAATGTATCTTATCCC-1,0.117097,0.030585,0.852318
AAATTAACGGGTAGCT-1,0.000153,0.002447,0.9974
AAATTAATAAGCGCGA-1,0.175401,0.039371,0.785229
AAATTACCTATCGATG-1,0.000047,0.396322,0.60363
AAATTCCAGGTCCAAA-1,0.030828,0.443138,0.526033
AAATTGATAGTCCTTT-1,0.270956,0.036719,0.692326
AAATTGCGGCGGTTCT-1,0.006781,0.078871,0.914348
AAATTGGTGAGAAGCA-1,0.000009,0.000009,0.999982
AAATTTGCGGGTGTGG-1,0.054705,0.007612,0.937682
AACAACTGGTAGTTGC-1,0.00001,0.00001,0.99998
AACAATACATTGTCGA-1,0.019395,0.088626,0.891979
AACAATTACTCTACGC-1,0.059453,0.022685,0.917863
AACACACGCTCGCCGC-1,0.000011,0.000011,0.999977
AACACGACTGTACTGA-1,0.00006,0.244837,0.755103
AACACGAGACGCGGCC-1,0.262017,0.016593,0.721389
AACACGCGGCCGCGAA-1,0.019369,0.000014,0.980617
AACAGCTGTGTGGCAA-1,0.033582,0.17487,0.791548
AACAGGAAATCGAATA-1,0.071228,0.085959,0.842814
AACAGGATGGGCCGCG-1,0.000536,0.000006,0.999457
AACAGGTAGTATGGAT-1,0.000098,0.208537,0.791365
AACATAGCGTGTATCG-1,0.000028,0.224577,0.775395
AACATATCAACTGGTG-1,0.115931,0.164703,0.719367
AACATCGATACGTCTA-1,0.011738,0.44454,0.543723
AACATTGAAGTTGATC-1,0.40933,0.262899,0.327772
AACATTGGTCAGCCGT-1,0.000035,0.144096,0.855869
AACATTGTGACTCGAG-1,0.000017,0.033927,0.966056
AACCAAGACTTCTCTG-1,0.040255,0.000007,0.959739
AACCATAGGGTTGAAC-1,0.935223,0.038979,0.025798
AACCATGGGATCGCTA-1,0.059098,0.000012,0.94089
AACCCAGAGACGGAGA-1,0.017604,0.002936,0.97946
AACCCATCCCATGATC-1,0.764411,0.090981,0.144608
AACCCGACAACCCGTG-1,0.014319,0.047291,0.93839
AACCCGAGCAGAATCG-1,0.00009,0.406061,0.593849
AACCCGATAGGGCTTC-1,0.000024,0.315136,0.68484
AACCCGCTGTATTCCA-1,0.010842,0.025841,0.963318
AACCCTACTGTCAATA-1,0.00001,0.000832,0.999157
AACCCTGGTGGAACCA-1,0.092683,0.231054,0.676263
AACCGAGCTTGGTCAT-1,0.004337,0.302398,0.693265
AACCGCTAAGGGATGC-1,0.000023,0.000023,0.999953
AACCGTTGTGTTTGCT-1,0.061285,0.000024,0.938691
AACCTCGCTTTAGCCC-1,0.000015,0.056664,0.943321
AACCTGTCACGGAATT-1,0.100546,0.353494,0.54596
AACCTTTAAATACGGT-1,0.000011,0.000011,0.999977
AACCTTTACGACGTCT-1,0.004078,0.734652,0.26127
AACGAAAGTCGTCCCA-1,0.644502,0.002355,0.353143
AACGACCTCCTAGCCG-1,0.000011,0.090723,0.909266
AACGATAATGCCGTAG-1,0.000014,0.000014,0.999972
AACGATAGAAGGGCCG-1,0.000012,0.000184,0.999804
AACGATATGTCAACTG-1,0.000041,0.038198,0.961761
AACGCATGATCTGGGT-1,0.000094,0.525017,0.47489
AACGCGAACGGCAACA-1,0.000009,0.00077,0.99922
AACGCGACCTTGGGCG-1,0.015918,0.115738,0.868344
AACGCGGTCTCCAGCC-1,0.042358,0.008205,0.949437
AACGCTGTTGCTGAAA-1,0.000022,0.011697,0.988281
AACGGACGTACGTATA-1,0.000021,0.001426,0.998553
AACGGCCATCTCCGGT-1,0.032088,0.021176,0.946736
AACGTACTGTGGGTAC-1,0.002371,0.000014,0.997615
AACGTAGTCTACCCAT-1,0.035646,0.045938,0.918416
AACGTCAGACTAGTGG-1,0.021525,0.047017,0.931458
AACGTCATCCGGCTTG-1,0.025606,0.037071,0.937322
AACGTCGCTGCACTTC-1,0.000017,0.14085,0.859133
AACGTGCGAAAGTCTC-1,0.000009,0.000009,0.999983
AACGTTATCAGCACCT-1,0.044565,0.010177,0.945259
AACGTTCTACCATTGT-1,0.000014,0.08323,0.916756
AACTACCCGTTTGTCA-1,0.000116,0.300591,0.699293
AACTAGCGTATCGCAC-1,0.010229,0.390767,0.599005
AACTAGGCTTGGGTGT-1,0.000015,0.007084,0.9929
AACTCAAGTTAATTGC-1,0.0292,0.000855,0.969945
AACTCCAGAGCGTGTT-1,0.000016,0.012092,0.987893
AACTCCTAATCCCATG-1,0.063285,0.211633,0.725082
AACTCGATAAACACGT-1,0.001395,0.035008,0.963597
AACTCGATGGCGCAGT-1,0.012195,0.001583,0.986222
AACTCTCAATAGAGCG-1,0.000015,0.006679,0.993306
AACTCTCAGTGTGCTC-1,0.010129,0.062409,0.927462
AACTGAGGTCAGCGTC-1,0.000028,0.174443,0.82553
AACTGAGTTATACTGA-1,0.016895,0.097161,0.885944
AACTGATATTAGGCCT-1,0.018702,0.007846,0.973452
AACTGGGTCCCGACGT-1,0.000023,0.015675,0.984302
AACTGGTGTGGGCCTT-1,0.000015,0.014701,0.985284
AACTTCTGCGTCTATC-1,0.012371,0.093795,0.893834
AACTTGCCCGTATGCA-1,0.008838,0.002466,0.988696
AACTTGCGTTCTCGCG-1,0.000016,0.000016,0.999969
AACTTTACGGGAGCTT-1,0.393492,0.000013,0.606495
AACTTTAGCTGCTGAG-1,0.000026,0.079918,0.920056
AACTTTCTCGATCATG-1,0.000012,0.014564,0.985424
AAGAAAGTTTGATGGG-1,0.774193,0.028317,0.19749
AAGAAATCACCAGATT-1,0.000009,0.000009,0.999982
AAGAAGGATCAGTTAG-1,0.010662,0.009857,0.97948
AAGACATACGTGGTTT-1,0.000022,0.479181,0.520797
AAGACCAAATAACTCA-1,0.772065,0.152012,0.075923
AAGACCCAACTGAACA-1,0.000012,0.002161,0.997827
AAGACTAACCCGTTGT-1,0.045555,0.000232,0.954213
AAGACTGCAAGCTACT-1,0.037698,0.02349,0.938811
AAGAGATGAATCGGTA-1,0.060622,0.004459,0.934919
AAGAGCTCTTTATCGG-1,0.000022,0.010819,0.989159
AAGAGGATGTACGCGA-1,0.032125,0.000009,0.967866
AAGAGGCATGGATCGC-1,0.000022,0.000373,0.999604
AAGAGGCCCTTTGGAA-1,0.051272,0.233416,0.715312
AAGATGGCACCGGACC-1,0.000015,0.000015,0.999969
AAGATTGGCGGAACGT-1,0.00004,0.201497,0.798463
AAGCACCCTGCGTATC-1,0.000027,0.009028,0.990945
AAGCATACTCTCCTGA-1,0.000007,0.000007,0.999985
AAGCCACTTGCAGGTA-1,0.134726,0.003545,0.861729
AAGCCGAAGCGGTTTA-1,0.006597,0.2612,0.732203
AAGCCGCCGTGAAATC-1,0.503754,0.314351,0.181895
AAGCCGCTTTACCTTG-1,0.028805,0.046155,0.92504
AAGCCGGAGAGCAGGA-1,0.00001,0.00001,0.99998
AAGCGCAGGGCTTTGA-1,0.000014,0.044036,0.95595
AAGCGGAGTGCGCGCA-1,0.008041,0.27446,0.717499
AAGCGGCGTCATGGGT-1,0.037301,0.544366,0.418333
AAGCGTCCCTCATCGA-1,0.022962,0.159969,0.817068
AAGCTAGATCGAGTAA-1,0.021169,0.034634,0.944198
AAGCTATGGATTGACC-1,0.746656,0.000071,0.253273
AAGCTCGTGCCAAGTC-1,0.005861,0.004554,0.989585
AAGCTCTTTCATGGTG-1,0.000029,0.08812,0.91185
AAGGAGAACTTATAAG-1,0.048176,0.227543,0.724282
AAGGAGCGGTTGGTGC-1,0.013507,0.019971,0.966522
AAGGATCGATCGCTTG-1,0.038159,0.174491,0.78735
AAGGATGAGGGACCTC-1,0.000021,0.003033,0.996946
AAGGCAGGCTGTCTCC-1,0.000029,0.483836,0.516136
AAGGCGCGTAAAGCTT-1,0.02381,0.005762,0.970427
AAGGCTGTGCTCATCG-1,0.010787,0.001184,0.988029
AAGGGAACGACTGGCT-1,0.593469,0.200767,0.205764
AAGGGACAGATTCTGT-1,0.070737,0.416672,0.512591
AAGGGACTATGCATTC-1,0.140108,0.031284,0.828608
AAGGGTTAGCCATGCG-1,0.00001,0.005477,0.994513
AAGGGTTTGATTTCAG-1,0.858363,0.000064,0.141573
AAGGTATCCTAATATA-1,0.000017,0.000017,0.999966
AAGGTGATAAACCAGC-1,0.002557,0.063688,0.933755
AAGTAAGCTTCCAAAC-1,0.000028,0.505423,0.494549
AAGTAGAAGACCGGGT-1,0.018111,0.03985,0.942039
AAGTAGTGACGCGAGG-1,0.0161,0.000014,0.983886
AAGTCAATTGTCGTCA-1,0.073243,0.179202,0.747555
AAGTCTAGTAGCTGCC-1,0.000019,0.082745,0.917237
AAGTCTTCTGTGGCCT-1,0.527726,0.243013,0.229261
AAGTGACGACCGAATT-1,0.105876,0.074528,0.819596
AAGTGAGTCGGGTTTA-1,0.02134,0.137771,0.840889
AAGTGCAAAGGTAGAC-1,0.053389,0.015567,0.931044
AAGTGCCTTGACTGTA-1,0.000053,0.206451,0.793496
AAGTGCGTTAGAATCT-1,0.075001,0.002243,0.922756
AAGTGCTTCTCTATTG-1,0.16714,0.134667,0.698193
AAGTGTTTGGAGACGG-1,0.000023,0.000321,0.999656
AAGTTCACTCCAAGCT-1,0.00001,0.000597,0.999393
AAGTTCAGTCTGCGTA-1,0.007016,0.520378,0.472605
AAGTTCGGCCAACAGG-1,0.013284,0.000009,0.986707
AAGTTGTGATGTTATA-1,0.019779,0.638621,0.3416
AAGTTTACTAATGGCA-1,0.139097,0.157475,0.703428
AAGTTTATGGGCCCAA-1,0.00181,0.017688,0.980503
AATAACAACGCTCGGC-1,0.010764,0.000673,0.988562
AATAACACTAGAACAA-1,0.057908,0.136591,0.805501
AATAACGTCGCGCCCA-1,0.000023,0.092401,0.907576
AATAATCTTCGTATCG-1,0.000033,0.322517,0.677449
AATACAATGTTTCAGG-1,0.02404,0.010414,0.965546
AATACCGGAGGGCTGT-1,0.000004,0.021802,0.978193
AATACCTGATGTGAAC-1,0.000106,0.413976,0.585918
AATAGAACAGAGTGGC-1,0.000013,0.000013,0.999974
AATAGAATCTGTTTCA-1,0.000018,0.038325,0.961657
AATAGCAAGCCTCCTG-1,0.00004,0.031412,0.968548
AATAGCTACCGCGTGC-1,0.283355,0.039715,0.67693
AATAGGCACGACCCTT-1,0.034246,0.01813,0.947624
AATAGTCCGTCCCGAC-1,0.000019,0.012115,0.987866
AATAGTCGCGAGTCGG-1,0.046417,0.034569,0.919014
AATATCAAGGTCGGAT-1,0.026987,0.05089,0.922122
AATATCCTAGCAAACT-1,0.72047,0.011091,0.268439
AATATCGAATCAATGC-1,0.000073,0.464362,0.535565
AATATCGAGGGTTCTC-1,0.082195,0.217568,0.700236
AATATTGGAGTATTGA-1,0.098149,0.13032,0.77153
AATCAGACTGCAGGAC-1,0.000008,0.000008,0.999984
AATCAGGTTTCATTTA-1,0.024458,0.006476,0.969066
AATCATGTAAAGACTC-1,0.075102,0.202973,0.721925
AATCCAAGGGCCTGAG-1,0.000013,0.005097,0.99489
AATCCATGCAAGGGTG-1,0.000012,0.044859,0.955129
AATCCCGCTCAGAGCC-1,0.000011,0.003241,0.996748
AATCGAGGTCTCAAGG-1,0.000017,0.026019,0.973964
AATCGCCTCAGCGCCA-1,0.000018,0.077249,0.922734
AATCGCGCAGAGGACT-1,0.000098,0.187856,0.812046
AATCGGGACACTACGA-1,0.00004,0.000377,0.999582
AATCGGTATAGCCCTC-1,0.000036,0.41154,0.588424
AATCGTGAGCCGAGCA-1,0.005149,0.048673,0.946177
AATCTAGGTTTACTTG-1,0.705231,0.028082,0.266687
AATCTATGCCGGAGCC-1,0.019431,0.146212,0.834356
AATCTCTACTGTGGTT-1,0.590568,0.000039,0.409394
AATCTGCGTTGGGACG-1,0.000023,0.010599,0.989378
AATCTGGCTTTCTAGT-1,0.777979,0.155183,0.066838
AATGACAGCAATGTCT-1,0.078119,0.006921,0.91496
AATGACGTAGGATGTC-1,0.000013,0.000013,0.999974
AATGACTGTCAGCCGG-1,0.00001,0.00001,0.99998
AATGAGTTCGCATATG-1,0.009558,0.011078,0.979364
AATGATGATACGCTAT-1,0.010258,0.376616,0.613126
AATGATGCGACTCCTG-1,0.066105,0.17545,0.758445
AATGCAACCGGGTACC-1,0.005585,0.113209,0.881206
AATGCACCAAGCAATG-1,0.054701,0.214482,0.730817
AATGGCCGCCAATGCG-1,0.00001,0.00001,0.99998
AATGGTCCACCGTTCA-1,0.017664,0.000007,0.982329
AATGGTTCTCACAAGC-1,0.016851,0.000007,0.983142
AATGTATGGCACTGTA-1,0.623983,0.000026,0.375991
AATGTGCCCGAGGTGT-1,0.205987,0.103497,0.690516
AATGTGCTAATCTGAG-1,0.105756,0.084463,0.809782
AATGTTAAGACCCTGA-1,0.000018,0.053409,0.946573
AATGTTGTCGTGAGAC-1,0.045221,0.484401,0.470378
AATTAAAGGTCGGCGT-1,0.025558,0.000011,0.974431
AATTAACGGATTTCCA-1,0.000021,0.005521,0.994458
AATTACGAGACCCATC-1,0.43709,0.000025,0.562886
AATTACTCGTACGCTC-1,0.000009,0.000009,0.999982
AATTAGCGCTGCAGCG-1,0.026179,0.000024,0.973797
AATTATACCCAGCAAG-1,0.000018,0.079812,0.92017
AATTCATAAGGGATCT-1,0.000068,0.335402,0.66453
AATTCATTGTCATGCA-1,0.970739,0.000033,0.029228
AATTCCAACTTGGTGA-1,0.000022,0.010051,0.989927
AATTCCAAGCATGTAC-1,0.000639,0.043993,0.955369
AATTCGATTCGAGGAT-1,0.000014,0.082255,0.917731
AATTCTAGAGTTAGGC-1,0.000021,0.000021,0.999958
AATTGAACGCTCTGGT-1,0.000017,0.019373,0.98061
AATTGCAGCAATCGAC-1,0.047876,0.256114,0.69601
AATTGCGTGGATTACA-1,0.825723,0.082368,0.091909
AATTGTGGTTGCCAAA-1,0.000018,0.245063,0.754919
AATTTGGTTCCAAAGA-1,0.00003,0.101144,0.898826
ACAAACCATGCGTCCT-1,0.819429,0.128393,0.052178
ACAAACTCCATCAGAG-1,0.000007,0.000024,0.999969
ACAAAGAAGGTAGGCC-1,0.633353,0.02246,0.344187
ACAAAGCATGACCTAG-1,0.015262,0.298111,0.686626
ACAAATCGCACCGAAT-1,0.000024,0.019288,0.980688
ACAAATGGTAGTGTTT-1,0.000022,0.045433,0.954545
ACAAATTCAGATCTGA-1,0.000177,0.516426,0.483397
ACAACAGCATGAGCTA-1,0.000022,0.001615,0.998363
ACAACGGTCCCTGCGA-1,0.04469,0.069879,0.885431
ACAAGCAGTGCCTAGC-1,0.003622,0.000006,0.996371
ACAAGCTATATGGAAG-1,0.748257,0.078648,0.173095
ACAAGGAAATCCGCCC-1,0.006683,0.024258,0.969059
ACAAGGACAAGAGGTT-1,0.024867,0.047923,0.92721
ACAAGGATGCTTTAGG-1,0.000016,0.020249,0.979735
ACAAGGCCTACCAGCC-1,0.129544,0.5108,0.359655
ACAAGGGCAGGCTCTG-1,0.000013,0.00162,0.998367
ACAAGTAATTGTAAGG-1,0.690618,0.260354,0.049028
ACAATAGTCGTACGTT-1,0.499243,0.002488,0.49827
ACAATCCATTTAAACC-1,0.013075,0.007028,0.979896
ACAATGAATACGGAGA-1,0.111032,0.008046,0.880922
ACAATGATTCTTCTAC-1,0.000017,0.012443,0.98754
ACAATTGTGTCTCTTT-1,0.000022,0.166306,0.833672
ACAATTTAGGAGGCTC-1,0.086061,0.001208,0.912732
ACAATTTGAGCAGTGG-1,0.000034,0.05592,0.944046
ACAATTTGGCCATATT-1,0.000037,0.47654,0.523423
ACACAAAGACGGGTGG-1,0.000011,0.009949,0.99004
ACACAAATATTCCTAG-1,0.006689,0.161458,0.831853
ACACACCAGGACCAGT-1,0.000034,0.596194,0.403772
ACACACTTTCTACACG-1,0.00218,0.095879,0.901941
ACACATGATCAAATCT-1,0.919453,0.000021,0.080526
ACACATTGACGCAACA-1,0.013127,0.09033,0.896543
ACACATTTCCGTAGAC-1,0.023705,0.096463,0.879832
ACACCACATAATTAGC-1,0.007676,0.642019,0.350305
ACACCCAGCATGCAGC-1,0.000012,0.004669,0.995319
ACACCCGAGAAATCCG-1,0.064502,0.057296,0.878202
ACACCCGTAAATCTGT-1,0.029987,0.086812,0.883201
ACACCGAGCGCTCTTT-1,0.034364,0.121495,0.844141
ACACCGGTCTGACCGC-1,0.883676,0.075354,0.04097
ACACCTTAAGTAGGGC-1,0.002357,0.038646,0.958996
ACACCTTACTACTTGC-1,0.032822,0.359626,0.607552
ACACGAGACTCCTTCT-1,0.000022,0.002348,0.99763
ACACGGGAACTTAGGG-1,0.000034,0.004534,0.995433
ACACGTAGGCCACAAG-1,0.000095,0.237145,0.76276
ACACTCCAATGTCACT-1,0.049593,0.05047,0.899937
ACACTGATCAAGGTGT-1,0.000012,0.000012,0.999975
ACACTGGGACAGTCGT-1,0.068869,0.293176,0.637955
ACAGAACTGAGAACAA-1,0.266921,0.000017,0.733062
ACAGATTAGGTTAGTG-1,0.007483,0.296047,0.69647
ACAGCATAGAGCCAGT-1,0.000022,0.017639,0.982339
ACAGCGACATTCTCAT-1,0.033668,0.766147,0.200185
ACAGGAGGCGCAGCCG-1,0.004118,0.236268,0.759615
ACAGGCACGGATCCTT-1,0.001077,0.834954,0.16397
ACAGGCTTGCCCGACT-1,0.000021,0.108495,0.891485
ACAGGTGGAGGTGAGG-1,0.000025,0.002728,0.997247
ACAGGTGTGTTGTTGC-1,0.570437,0.004274,0.42529
ACAGTAATACAACTTG-1,0.545837,0.094066,0.360098
ACAGTATACCGTGGGA-1,0.000045,0.110168,0.889787
ACAGTGCAGCGCATTT-1,0.000013,0.02738,0.972607
ACATAAGTCGTGGTGA-1,0.467428,0.00002,0.532551
ACATAATAAGGCGGTG-1,0.051283,0.062977,0.88574
ACATACAATCAAGCGG-1,0.000054,0.588374,0.411572
ACATCAGCTGGGACGC-1,0.12357,0.015362,0.861068
ACATCCCGGCCATACG-1,0.00241,0.004898,0.992692
ACATCCTGGTAACTGT-1,0.000045,0.299203,0.700752
ACATCGATCGTTTACC-1,0.084884,0.092969,0.822148
ACATCGCAATATTCGG-1,0.126151,0.02534,0.848509
ACATCGGTCAGCCGCG-1,0.094104,0.043006,0.86289
ACATCGTATGCAATGG-1,0.000022,0.000223,0.999754
ACATCGTTAACCTAGT-1,0.101276,0.068342,0.830382
ACATGCTTACGGCAGC-1,0.875896,0.00066,0.123445
ACATGGCGCCAAAGTA-1,0.020927,0.265689,0.713384
ACATGGCTCAATTTAG-1,0.000005,0.000005,0.999989
ACATTAGTTTATATCC-1,0.029348,0.001825,0.968827
ACATTCGCGCGGAATA-1,0.126579,0.003827,0.869594
ACATTTGAAACCTAAC-1,0.06843,0.197851,0.733718
ACCAAACACCCAGCGA-1,0.020037,0.23814,0.741823
ACCAACACCACACACT-1,0.066331,0.369323,0.564347
ACCAACCGCACTCCAC-1,0.000036,0.504678,0.495286
ACCAACGCTTATTTAT-1,0.005515,0.133727,0.860758
ACCAAGAACGCGTGTC-1,0.008247,0.187138,0.804615
ACCAAGTCATCGGCAG-1,0.000038,0.948287,0.051674
ACCAATATGCAAGTTA-1,0.000031,0.000031,0.999937
ACCACAAGTTTCTATC-1,0.027179,0.001602,0.971219
ACCACACGGTTGATGG-1,0.000018,0.000018,0.999963
ACCACCAATGTAACAA-1,0.009056,0.196981,0.793962
ACCACCCTCTCTTCTA-1,0.000014,0.064281,0.935705
ACCACGTGCAGCTATA-1,0.000013,0.143129,0.856859
ACCACTGTTCAAGAAG-1,0.002386,0.015064,0.98255
ACCAGACCATAACAAC-1,0.547691,0.050502,0.401807
ACCAGGAGTGTGATCT-1,0.110322,0.096755,0.792922
ACCAGTGCCCGGTCAA-1,0.043329,0.200339,0.756332
ACCAGTGCGGGAGACG-1,0.000012,0.000012,0.999975
ACCATATCCGCAATAA-1,0.004799,0.000012,0.995189
ACCATCCGCCAACTAG-1,0.685187,0.000019,0.314794
ACCATCGTATATGGTA-1,0.059089,0.002138,0.938773
ACCATTAAGGGTGTCA-1,0.026313,0.116682,0.857005
ACCCAACGCCCGTGGC-1,0.000016,0.043381,0.956603
ACCCACCTACATGCTC-1,0.014599,0.000692,0.984709
ACCCATCTTGAGGGTA-1,0.007626,0.000019,0.992355
ACCCATTTGTCCCTCT-1,0.00007,0.283219,0.716711
ACCCGAGCGAAATTAC-1,0.286688,0.140342,0.572971
ACCCGATTGGTTCCGA-1,0.036365,0.018448,0.945187
ACCCGGAAACTCCCAG-1,0.000019,0.157044,0.842937
ACCCGGAGCACCACAA-1,0.000382,0.379974,0.619644
ACCCGGATGACGCATC-1,0.013356,0.068157,0.918487
ACCCGGTTACACTTCC-1,0.029448,0.000723,0.969829
ACCCGTAGCAGAGAAT-1,0.579367,0.013468,0.407166
ACCCGTAGTCTAGTTG-1,0.000008,0.00019,0.999802
ACCCGTGTCATCAGTA-1,0.010417,0.001791,0.987791
ACCCTATAGGACTGAG-1,0.019539,0.017854,0.962607
ACCCTATGCCATATCG-1,0.031424,0.064851,0.903725
ACCCTCCCGTCAGGGC-1,0.054505,0.489994,0.455501
ACCCTCCCTTGCTATT-1,0.000026,0.012641,0.987333
ACCCTGGTAACGCCCT-1,0.000038,0.238809,0.761153
ACCCTTCATCTGCGAA-1,0.000017,0.003192,0.99679
ACCCTTGCCTGGGTCG-1,0.000009,0.004621,0.995369
ACCGAAAGGGCCCTGC-1,0.000027,0.029261,0.970711
ACCGAAGAGTCTGGTT-1,0.715994,0.032134,0.251872
ACCGACACATCTCCCA-1,0.006307,0.130057,0.863636
ACCGACTGAGTCCCAC-1,0.03259,0.040474,0.926936
ACCGAGTCTCCTTATT-1,0.004703,0.40505,0.590247
ACCGATAGGCATAACC-1,0.0033,0.637474,0.359226
ACCGATATTTAATCAT-1,0.000063,0.328547,0.67139
ACCGATGGTAGCATCG-1,0.000014,0.000014,0.999972
ACCGCAATAACTGCCT-1,0.000017,0.058303,0.941681
ACCGCGGTGGAAGTCG-1,0.019035,0.605131,0.375835
ACCGCTAGTCATTGGT-1,0.099445,0.043965,0.85659
ACCGGGCCTTTGTTGA-1,0.000037,0.02123,0.978732
ACCGGTCAGGTACACC-1,0.759424,0.163291,0.077284
ACCGGTCTGAGTACGG-1,0.021612,0.412795,0.565593
ACCGTCCACTGGGCCC-1,0.81581,0.000035,0.184156
ACCGTGACCACGTGGG-1,0.011104,0.006387,0.982509
ACCGTTCCCGCTCTGA-1,0.117004,0.077521,0.805475
ACCTAAGTACCTTTCA-1,0.281949,0.075264,0.642787
ACCTAATCGACTTCCT-1,0.024781,0.000013,0.975206
ACCTACAGTATGTGGT-1,0.021801,0.342232,0.635967
ACCTACTATAAATCTA-1,0.01952,0.105804,0.874676
ACCTCAGCGAGGCGCA-1,0.010642,0.277381,0.711978
ACCTCCGCCCTCGCTG-1,0.009111,0.606806,0.384083
ACCTCCGTTATTCACC-1,0.070141,0.276009,0.65385
ACCTCGAACTTATGCT-1,0.92877,0.000019,0.071211
ACCTGCGTGTCATGTT-1,0.437646,0.014062,0.548292
ACGAAATGGGCGGCAC-1,0.028565,0.002178,0.969257
ACGACCCATGAGTTGC-1,0.000009,0.049008,0.950983
ACGACTCTAGGGCCGA-1,0.010123,0.422521,0.567356
ACGACTGGTCATACTC-1,0.039271,0.046941,0.913789
ACGAGAACCCATCACG-1,0.000007,0.007865,0.992127
ACGAGGATACCACTCT-1,0.54435,0.087921,0.367729
ACGAGGTTTACAACGT-1,0.608738,0.038311,0.352951
ACGAGTACGGATGCCC-1,0.056834,0.330936,0.61223
ACGAGTCGCCGGCGTT-1,0.000008,0.018355,0.981637
ACGATACATAGAACTA-1,0.000014,0.010765,0.989221
ACGATACCTATCCTGA-1,0.211492,0.014159,0.774349
ACGATCATACATAGAG-1,0.0394,0.023628,0.936972
ACGATCATCTTGTAAA-1,0.000044,0.321973,0.677983
ACGATGCATATGTTAT-1,0.033222,0.000007,0.966771
ACGATGGATCCGATGC-1,0.000077,0.316552,0.683371
ACGCAAACTAATAGAT-1,0.189053,0.033546,0.777401
ACGCAATCACTACAGC-1,0.000103,0.311994,0.687903
ACGCATAAATGACATG-1,0.006587,0.088593,0.904821
ACGCATACGTTTACTA-1,0.00008,0.233286,0.766634
ACGCATTCGTGAGTAC-1,0.006959,0.00001,0.993031
ACGCCACTCGAAACAG-1,0.000005,0.000005,0.999989
ACGCCAGATGATTTCT-1,0.000026,0.050448,0.949527
ACGCCAGTGCGTTTGC-1,0.009828,0.481291,0.508881
ACGCCGCTAGACGACC-1,0.031983,0.026522,0.941495
ACGCCTGACACGCGCT-1,0.000713,0.007564,0.991723
ACGCGAAGTCAGACGA-1,0.082207,0.012883,0.90491
ACGCGCTACACAGGGT-1,0.025765,0.020987,0.953248
ACGCGGGCCAAGGACA-1,0.009196,0.070502,0.920302
ACGCGTTTCTTAAGAG-1,0.063605,0.017966,0.918428
ACGCTACTGAATGGGC-1,0.000023,0.107249,0.892728
ACGCTAGTATCAGTGC-1,0.075287,0.000367,0.924346
ACGCTAGTGATACACT-1,0.016166,0.234403,0.749431
ACGCTGTGAGGCGTAG-1,0.388582,0.000031,0.611388
ACGGAACACGAGTGCC-1,0.023607,0.558413,0.41798
ACGGAATTTAGCAAAT-1,0.051837,0.000007,0.948156
ACGGACGCAGCGACAA-1,0.790567,0.140957,0.068476
ACGGACTCTCAAAGCG-1,0.000016,0.057033,0.942952
ACGGAGCGCAAATTAC-1,0.052314,0.130652,0.817034
ACGGATGGTGCGGATA-1,0.000033,0.032139,0.967828
ACGGCACTTGCTTGGG-1,0.000013,0.000013,0.999974
ACGGCCAACATGGACT-1,0.000011,0.040662,0.959327
ACGGCGACGATGGGAA-1,0.000017,0.122004,0.877979
ACGGCGGGTTGCCCTG-1,0.000028,0.051548,0.948424
ACGGCTGGATGTAGAA-1,0.897654,0.037863,0.064483
ACGGGAGTGTCGGCCC-1,0.110642,0.028082,0.861276
ACGGGCGTATGCGACA-1,0.00003,0.240569,0.759402
ACGGGTCATGTGACTT-1,0.017459,0.054197,0.928344
ACGGGTTGTGACCTGT-1,0.858604,0.000327,0.141069
ACGGTACAGTTCAATG-1,0.000041,0.514441,0.485519
ACGGTCACCGAGAACA-1,0.999768,0.000023,0.000209
ACGTACAGATTTCTCT-1,0.002562,0.168006,0.829432
ACGTACTTTGGCACGG-1,0.019243,0.00106,0.979696
ACGTAGATTGCTGATG-1,0.060241,0.007951,0.931808
ACGTAGGAGAGTCGCT-1,0.000008,0.008699,0.991293
ACGTATTACTCCGATC-1,0.00002,0.005915,0.994065
ACGTCGGGCAACTCGG-1,0.90074,0.076123,0.023137
ACGTCTCGTTCCGGGA-1,0.597746,0.048006,0.354248
ACGTGACAAAGTAAGT-1,0.808834,0.00915,0.182016
ACGTGCGCCTCGTGCA-1,0.054499,0.043581,0.90192
ACGTTAATGTCGAAGA-1,0.021984,0.037597,0.940419
ACGTTAGATTTGCCCG-1,0.029689,0.084736,0.885575
ACGTTATTGGTCACTC-1,0.040451,0.00292,0.956629
ACGTTCACTATGCCGC-1,0.0531,0.022617,0.924283
ACGTTCCGCGCTCCGT-1,0.000022,0.011719,0.988259
ACGTTCGCAATCAATT-1,0.011275,0.172906,0.815819
ACGTTCGTTCAGGAAA-1,0.022293,0.000136,0.977571
ACGTTCTGTACAAGTC-1,0.000044,0.437597,0.562358
ACGTTGTCGTTGAAAG-1,0.071531,0.008816,0.919654
ACGTTTAGTTGTGATC-1,0.000031,0.000031,0.999937
ACGTTTCGGTGCACTT-1,0.015252,0.244341,0.740408
ACTAAGGACGCACACC-1,0.000598,0.01994,0.979462
ACTAATACGTCAGGCG-1,0.048566,0.421976,0.529457
ACTACAAAGAGAGGTG-1,0.082551,0.215018,0.702431
ACTACATCCCGACAAG-1,0.804701,0.067424,0.127875
ACTACCAGCTCTCTGG-1,0.052156,0.00001,0.947835
ACTACCATCCGAGGGC-1,0.197154,0.002444,0.800402
ACTACGCGTTAGAATT-1,0.00002,0.087442,0.912538
ACTAGTTGCGATCGTC-1,0.057967,0.197545,0.744487
ACTATATGCTGTGTTC-1,0.04132,0.288841,0.669839
ACTATCCAGGGCATGG-1,0.000107,0.239866,0.760027
ACTATCGCCGGCTAAA-1,0.015313,0.000005,0.984682
ACTATCTGCCCGCGTA-1,0.000037,0.450958,0.549005
ACTATGTCCAGCTGCC-1,0.725345,0.091471,0.183184
ACTATTCGTCCGTGGT-1,0.00007,0.151105,0.848825
ACTATTTCCGGGCCCA-1,0.000027,0.000027,0.999946
ACTCAACGAATGTATT-1,0.007023,0.117877,0.875101
ACTCAAGTGCAAGGCT-1,0.000023,0.186852,0.813125
ACTCAATAAAGGCACG-1,0.026922,0.00001,0.973068
ACTCAGACCTGCTTCT-1,0.000036,0.080974,0.91899
ACTCATGGCAGCCTTC-1,0.626672,0.002276,0.371052
ACTCCAATATCATCAT-1,0.183562,0.177088,0.63935
ACTCCCATTCCTAAAG-1,0.240964,0.000016,0.75902
ACTCCCGAATTCGTTT-1,0.000129,0.295955,0.703916
ACTCCCGTAGACTAGG-1,0.000856,0.000007,0.999137
ACTCCCTAATGCTAAA-1,0.012356,0.00002,0.987624
ACTCCCTAGAATAGTA-1,0.023221,0.01989,0.956888
ACTCCGGCCGACCACT-1,0.007737,0.078734,0.913529
ACTCGATGTATTTCAT-1,0.075617,0.000008,0.924375
ACTCGCCGTTCGATAA-1,0.011691,0.486356,0.501952
ACTCGCGATCTGACGC-1,0.020582,0.003172,0.976246
ACTCGTAACCCGTCCT-1,0.20014,0.002711,0.797148
ACTCGTCAGTAATCCC-1,0.000017,0.002864,0.997119
ACTCTAAACCTGGGAT-1,0.232179,0.032958,0.734863
ACTCTCTGACTTAGGT-1,0.000023,0.034221,0.965755
ACTCTGACCTAATAGA-1,0.01179,0.736436,0.251774
ACTCTTCAGCTCCCGC-1,0.000009,0.107055,0.892936
ACTCTTGTATAGTAAC-1,0.026308,0.02358,0.950112
ACTGAAACGCCGTTAG-1,0.011292,0.020745,0.967963
ACTGAATGGCGAAAGT-1,0.00002,0.03395,0.966029
ACTGCCCGCCATTCTC-1,0.067607,0.077706,0.854687
ACTGCCGTCGTAACTC-1,0.000055,0.103662,0.896283
ACTGCGGACACACCGT-1,0.000034,0.323939,0.676027
ACTGCTCGGAAGGATG-1,0.612418,0.027212,0.360371
ACTGGCGAACCTGCGT-1,0.000821,0.006185,0.992994
ACTGGGATGCCAGTGC-1,0.033509,0.032192,0.934299
ACTGTACGATACACAT-1,0.000014,0.000014,0.999971
ACTGTAGCACTTTGGA-1,0.00002,0.003308,0.996672
ACTGTATACGCGAGCA-1,0.009503,0.000014,0.990483
ACTGTCCAGGATTATA-1,0.000011,0.000217,0.999773
ACTGTCTTCTTTAGAA-1,0.037004,0.022033,0.940963
ACTGTGCTAGTAGATC-1,0.011975,0.000015,0.98801
ACTGTTTAGTGTAGGC-1,0.154909,0.049504,0.795588
ACTTACCGGGCGCGCA-1,0.042749,0.212259,0.744992
ACTTACGCATCCACGC-1,0.000015,0.000454,0.999531
ACTTAGTACGACAAGA-1,0.000015,0.000114,0.999871
ACTTATACTTACCCGG-1,0.000018,0.000018,0.999963
ACTTATCTGATCTATA-1,0.000028,0.03862,0.961352
ACTTATTAGGATCGGT-1,0.000027,0.131227,0.868746
ACTTATTTATGTGCCA-1,0.000031,0.064309,0.93566
ACTTCAGGCTGATCCC-1,0.000014,0.069072,0.930914
ACTTCCAGTGGAAGCT-1,0.85543,0.026821,0.117749
ACTTCCATGCGGGACA-1,0.000026,0.108397,0.891577
ACTTCCTGTCGTGCGA-1,0.000011,0.000011,0.999977
ACTTCGCCATACGCAC-1,0.000045,0.094023,0.905932
ACTTCGCTAGCGAGTG-1,0.000021,0.320359,0.679619
ACTTGACTCCCTCTTT-1,0.00582,0.014833,0.979348
ACTTGCCATATTGTAC-1,0.000076,0.453231,0.546693
ACTTGCTCTATCTACC-1,0.867469,0.00004,0.132491
ACTTGGGACCCGGTGG-1,0.000017,0.000017,0.999966
ACTTGGGCTTTCGCCA-1,0.013698,0.005304,0.980998
ACTTGTAGTCCCTTCA-1,0.859343,0.032312,0.108345
ACTTGTGGATGGAACG-1,0.000098,0.329605,0.670297
ACTTGTTACCGGATCA-1,0.000012,0.000234,0.999754
ACTTTACCCTCATGAA-1,0.01593,0.194573,0.789497
ACTTTATACACCACTT-1,0.89585,0.000039,0.104112
ACTTTCCTATAGCTTC-1,0.00458,0.046577,0.948843
ACTTTGACTGCATCCT-1,0.221806,0.051926,0.726268
ACTTTGGTCGTGCTCC-1,0.866365,0.000027,0.133609
ACTTTGTCGACGCACT-1,0.000067,0.446143,0.55379
AGAAATTATGACTCGC-1,0.011989,0.358825,0.629187
AGAACACGGCGATGGT-1,0.937373,0.03585,0.026777
AGAACCCAGCGTGACA-1,0.000015,0.168064,0.831921
AGAACCCTCAATTGGG-1,0.525488,0.088051,0.38646
AGAACGTGGTACATTC-1,0.000011,0.000011,0.999978
AGAACTGTACTTTGTA-1,0.000088,0.299746,0.700166
AGAAGAGCGCCGTTCC-1,0.048255,0.000157,0.951588
AGAAGGTACACTTCAC-1,0.651341,0.093481,0.255178
AGAAGGTTGCCGAATT-1,0.036863,0.004824,0.958314
AGAAGGTTGTAGGTCG-1,0.00002,0.116839,0.883142
AGAAGTGATTCGTGAT-1,0.075786,0.050764,0.87345
AGAATAAATCTTCAGG-1,0.279176,0.010545,0.710278
AGAATACAGGCTATCC-1,0.000073,0.243364,0.756563
AGAATGCGGGTTCGGA-1,0.000065,0.416973,0.582961
AGAATTATGGATTCGA-1,0.000051,0.245591,0.754358
AGAATTGTTTGACATA-1,0.092055,0.005117,0.902828
AGACAGCTCAGAATCC-1,0.001844,0.00003,0.998126
AGACAGGCATCTCAGC-1,0.000038,0.243472,0.75649
AGACATAGATCCTTCC-1,0.000895,0.085184,0.913921
AGACCAAACCACACCT-1,0.977432,0.010384,0.012185
AGACCATGGGATACAA-1,0.038818,0.000821,0.960361
AGACCCACCGCTGATC-1,0.000015,0.000015,0.999971
AGACCCGCCCTCCTCG-1,0.007422,0.017304,0.975274
AGACCGCTCCGCGGTT-1,0.025885,0.268822,0.705293
AGACCGGGAAACCCTG-1,0.341269,0.001256,0.657475
AGACGAAGTGCCGGTC-1,0.000017,0.01434,0.985643
AGACGACGATGCCGCT-1,0.02611,0.045895,0.927995
AGACGCCCACTTCGCC-1,0.392759,0.51335,0.093891
AGACGGGCCGATTTAA-1,0.014316,0.929418,0.056266
AGACTAGCCTTCCAGA-1,0.000006,0.000006,0.999989
AGACTGTTACCGGGTC-1,0.024186,0.012354,0.96346
AGAGAAACACCAGAAA-1,0.004161,0.015231,0.980608
AGAGAACCGTCTAGGA-1,0.000017,0.009657,0.990326
AGAGAAGGAGTACAAT-1,0.034,0.194901,0.771099
AGAGATCTCTAAAGCG-1,0.188416,0.000014,0.811571
AGAGCAGTTATGAGAC-1,0.045244,0.00001,0.954746
AGAGCCGCCGAGATTT-1,0.000105,0.651145,0.34875
AGAGCGCTTGTAACGG-1,0.000008,0.012215,0.987776
AGAGCGGGCTAATCAT-1,0.040286,0.013476,0.946238
AGAGCGTACAAGCTCG-1,0.006002,0.000227,0.993771
AGAGCTACGAAAGCAT-1,0.004209,0.009979,0.985812
AGAGGCTTCGGAAACC-1,0.002455,0.156761,0.840784
AGAGGGACAATTGTCC-1,0.000016,0.066426,0.933558
AGAGGTATCTCGGTCC-1,0.052653,0.124958,0.822389
AGAGTAAACTTCACTA-1,0.00009,0.180154,0.819756
AGAGTATAGTGTTACG-1,0.000016,0.006546,0.993438
AGAGTCTTAATGAAAG-1,0.00004,0.034069,0.965891
AGAGTGAACAGACACC-1,0.000025,0.242009,0.757967
AGAGTTAGAGACCGAT-1,0.057803,0.188744,0.753453
AGAGTTGCAGGCCTCC-1,0.052561,0.191291,0.756147
AGATAACTTCAGGGCC-1,0.004828,0.000015,0.995157
AGATAATCACACCTAT-1,0.851531,0.028579,0.11989
AGATACCAATAGAACC-1,0.018248,0.917167,0.064585
AGATACCAGCACTTCA-1,0.000012,0.000012,0.999976
AGATACCGGTGTTCAC-1,0.009192,0.080879,0.90993
AGATACGACTTCATAT-1,0.032343,0.044932,0.922724
AGATACTCAAGATCGA-1,0.000018,0.190368,0.809614
AGATATAATACGACTA-1,0.000017,0.014492,0.985491
AGATCGTGCATAAGAT-1,0.036461,0.527395,0.436144
AGATCTCAGGTGTGAT-1,0.001847,0.188265,0.809888
AGATCTGGAGAGGATA-1,0.839593,0.022931,0.137475
AGATGACTCGCCCACG-1,0.028383,0.000016,0.971601
AGATGAGGGTTGCGAT-1,0.032515,0.35282,0.614665
AGATGATGGAGTCTGG-1,0.010813,0.219355,0.769832
AGATGCAAGACGTGCA-1,0.297301,0.382653,0.320046
AGATGCATCCTGTGTC-1,0.662884,0.079425,0.257691
AGATGCTATAACGAGC-1,0.036578,0.000006,0.963416
AGATTATAGGACGTTT-1,0.016311,0.048617,0.935072
AGATTCAAGCGGGTCG-1,0.000025,0.094738,0.905237
AGATTCACAACCGATA-1,0.821498,0.000285,0.178217
AGCAAAGGCCGCTAGT-1,0.000014,0.025105,0.974881
AGCAACATATCTTATT-1,0.000011,0.000011,0.999977
AGCAACCGAAAGTAAT-1,0.381633,0.208692,0.409675
AGCACACGTTTAGACT-1,0.175986,0.097161,0.726853
AGCACCAGTACTCACG-1,0.064706,0.026059,0.909236
AGCACTACCGGCCTGT-1,0.197839,0.00003,0.802131
AGCACTACCTCACCAG-1,0.000026,0.000026,0.999948
AGCACTTAAGGACGCC-1,0.029306,0.054004,0.916691
AGCAGAAGGAGAAAGA-1,0.000008,0.025367,0.974626
AGCAGCCAGATGAATA-1,0.000013,0.003583,0.996405
AGCAGTCGAAGCATGC-1,0.000029,0.113048,0.886923
AGCATATCAATATGCT-1,0.001778,0.007535,0.990686
AGCATCATTTCGAAAG-1,0.313383,0.007944,0.678673
AGCATCGTCGATAATT-1,0.000023,0.003114,0.996863
AGCATTACGAGGCAAG-1,0.01516,0.711939,0.2729
AGCCAAGCTTTGTGTC-1,0.002316,0.332302,0.665382
AGCCACAGGTTACCCG-1,0.000009,0.032089,0.967902
AGCCACTCCCGTGCTT-1,0.000032,0.000032,0.999935
AGCCATATAGTATGTG-1,0.000427,0.085631,0.913942
AGCCCATACATGTAAG-1,0.100714,0.018315,0.880971
AGCCCGCAACAAGCAG-1,0.032637,0.194423,0.77294
AGCCCGCACTACAATG-1,0.00003,0.081148,0.918822
AGCCCGGCATTAGAGG-1,0.226466,0.040845,0.732689
AGCCCGGTAGCCTGTA-1,0.033259,0.060153,0.906589
AGCCCTAAGCGAAGTT-1,0.000011,0.000011,0.999977
AGCCCTCCCTGGTGGC-1,0.086265,0.033769,0.879966
AGCCCTGTCGCACCGT-1,0.000047,0.409745,0.590208
AGCCCTTCTAATCCGA-1,0.042705,0.278905,0.67839
AGCCCTTGGACATCCC-1,0.023507,0.674049,0.302444
AGCCGCAAATTCAAAT-1,0.448492,0.0139,0.537607
AGCCGCTTGATTAGCG-1,0.005416,0.000006,0.994578
AGCCGTGGCTAAATGT-1,0.372714,0.001782,0.625504
AGCCTAATACCCACGT-1,0.59663,0.000039,0.403331
AGCCTTAAAGCGGAAG-1,0.018078,0.00224,0.979681
AGCCTTGTCACTGATA-1,0.839261,0.000508,0.160231
AGCGACAGGAACGGTC-1,0.019769,0.003223,0.977008
AGCGACATCCCATTCA-1,0.005634,0.020073,0.974294
AGCGACCAACGATATT-1,0.006371,0.002538,0.991091
AGCGACTTTGAAGACA-1,0.113738,0.119608,0.766654
AGCGAGACGTGAAGGC-1,0.204489,0.041955,0.753557
AGCGATGCGCCTAATA-1,0.065053,0.92514,0.009807
AGCGCATAATGAATCG-1,0.00001,0.000486,0.999503
AGCGCGGGTGCCAATG-1,0.000063,0.389676,0.61026
AGCGCTAGAGCGATGT-1,0.000052,0.2872,0.712748
AGCGCTTATGGGCAAG-1,0.048608,0.177304,0.774088
AGCGGACACTTCGTAG-1,0.000024,0.110937,0.889038
AGCGGCGGTTAGCGGT-1,0.681543,0.08918,0.229277
AGCGGGAAGGGTCCAT-1,0.003879,0.00001,0.996111
AGCGGGTCTGACACTC-1,0.000011,0.233427,0.766562
AGCGGTTGCCGCTCTG-1,0.000037,0.105926,0.894037
AGCGTACGAGAGCTAG-1,0.000013,0.006194,0.993794
AGCGTAGCGCTAGACC-1,0.000014,0.000014,0.999971
AGCGTCTGAACCCGCA-1,0.000031,0.232788,0.767181
AGCGTGGTATTCTACT-1,0.040741,0.016895,0.942365
AGCTAACAAGCAATGT-1,0.040172,0.055944,0.903885
AGCTAAGCTCCGTCCG-1,0.013517,0.015135,0.971348
AGCTAAGTACGCAGGC-1,0.000008,0.098538,0.901454
AGCTACGAATGGTGGT-1,0.000079,0.098873,0.901048
AGCTAGAAGCAGAAGT-1,0.03512,0.297155,0.667725
AGCTATTTAATCCAAC-1,0.000035,0.000035,0.99993
AGCTCCATATATGTTC-1,0.000106,0.526241,0.473653
AGCTCCTTCGCACATC-1,0.000015,0.007103,0.992881
AGCTCGTTGATGGAAA-1,0.000014,0.018272,0.981714
AGCTCTAGACGTTCCA-1,0.00003,0.003761,0.996208
AGCTCTTCCCAGTGCA-1,0.050415,0.248287,0.701298
AGCTCTTCGTAACCTT-1,0.03593,0.618823,0.345246
AGCTCTTTACTCAGTT-1,0.007166,0.000023,0.992811
AGCTGAAGTAAACCAA-1,0.000029,0.016903,0.983068
AGCTGCATTTGAGGTG-1,0.129706,0.493891,0.376403
AGCTGCTGTGCCGAAT-1,0.000022,0.045997,0.953981
AGCTGTAACCTCAATC-1,0.155514,0.040171,0.804315
AGCTTATAGAGACCTG-1,0.000087,0.323158,0.676755
AGCTTCTTCTCGAGCA-1,0.019198,0.454029,0.526773
AGCTTGATCAGGGTAG-1,0.867301,0.012333,0.120366
AGCTTGATCTTAACTT-1,0.219852,0.023994,0.756154
AGGAAAGCCTCTGATG-1,0.000952,0.056567,0.942481
AGGAACGAACGACTTC-1,0.002526,0.29579,0.701685
AGGAAGCTGTCCGCCG-1,0.000021,0.125152,0.874826
AGGACAGTCGAATCCC-1,0.000016,0.009497,0.990487
AGGACATCGCACGTCG-1,0.000817,0.008687,0.990496
AGGACATCGGCACACT-1,0.000022,0.005652,0.994326
AGGACGACCCATTAGA-1,0.000012,0.000012,0.999976
AGGACGCTCGATGTTG-1,0.056163,0.356558,0.587279
AGGACTTATAGGAGAA-1,0.002429,0.000005,0.997566
AGGAGACATCCACAGT-1,0.000014,0.002917,0.997069
AGGAGAGTCTGGCTAC-1,0.000022,0.115191,0.884787
AGGAGCGTTTATTATC-1,0.000081,0.000081,0.999838
AGGAGGCCTTCGCGCG-1,0.041528,0.096907,0.861565
AGGATAAAGTCGGGAT-1,0.000009,0.000009,0.999982
AGGATATAGGGATTTA-1,0.000014,0.000014,0.999973
AGGATATCCGACTGCA-1,0.005447,0.554753,0.4398
AGGATCACGCGATCTG-1,0.602311,0.089631,0.308058
AGGATTGCTTACGACA-1,0.000031,0.093801,0.906168
AGGCAAAGAGGAATCA-1,0.000019,0.008358,0.991623
AGGCAATACGGAGGAC-1,0.000009,0.005914,0.994076
AGGCACGTGACTGTCC-1,0.033915,0.312317,0.653768
AGGCAGATGCGTAAAC-1,0.00001,0.007414,0.992576
AGGCAGGGAGCGTACT-1,0.048147,0.030403,0.92145
AGGCATTGTCGTAGGG-1,0.074674,0.063249,0.862077
AGGCCACATTGGTTAC-1,0.000006,0.009726,0.990268
AGGCCACCCGTTATGA-1,0.020926,0.051918,0.927156
AGGCCCAGTGACTGGT-1,0.086864,0.044715,0.868422
AGGCCCATTGTACAGG-1,0.000012,0.000981,0.999007
AGGCCCTAGAACGCCA-1,0.110484,0.032171,0.857346
AGGCCTATCATACCAA-1,0.014241,0.004805,0.980954
AGGCCTGAGAATCTCG-1,0.000009,0.000009,0.999982
AGGCGATAACTGGCGT-1,0.027052,0.679963,0.292986
AGGCGGTTTGTCCCGC-1,0.72757,0.000035,0.272395
AGGCGTCTATGGACGG-1,0.002383,0.739379,0.258238
AGGCTATGGTTAGCTT-1,0.022694,0.13949,0.837815
AGGCTTAAGTTGCACA-1,0.000033,0.007572,0.992394
AGGCTTCCCGAAGAAG-1,0.000014,0.008309,0.991677
AGGCTTGCTAGACACC-1,0.000014,0.052275,0.947712
AGGGACAGCACGGCGG-1,0.00002,0.023496,0.976484
AGGGACCGGCTGCGTT-1,0.007578,0.219414,0.773008
AGGGACTCTACGCGAC-1,0.037477,0.00212,0.960402
AGGGAGACATACTTCG-1,0.017532,0.272195,0.710274
AGGGCCCTAATGTTCT-1,0.000019,0.328094,0.671887
AGGGCGAGCAGCTGAT-1,0.292838,0.038563,0.668599
AGGGCGTGATCGGCTA-1,0.000018,0.00414,0.995841
AGGGCTGCAGTTACAG-1,0.039822,0.002985,0.957193
AGGGTCAGAGCACTCG-1,0.06193,0.015707,0.922363
AGGGTCAGTAACCCTA-1,0.000035,0.448948,0.551017
AGGGTCGATGCGAACT-1,0.000016,0.108642,0.891342
AGGGTCTGGACGCAGT-1,0.000015,0.122691,0.877293
AGGGTGCCGTTCTTTA-1,0.075697,0.126947,0.797357
AGGGTGCTCTCGAGGG-1,0.000018,0.000018,0.999964
AGGGTGGATAGTGCAT-1,0.026464,0.000476,0.97306
AGGGTGTGCTACACGC-1,0.032953,0.312785,0.654262
AGGGTTCAGACGGTCC-1,0.056589,0.07877,0.864641
AGGGTTCCCTTTGGTT-1,0.000018,0.028348,0.971634
AGGGTTTAGTTCGGGA-1,0.053098,0.000028,0.946874
AGGTAACCTCCTATTC-1,0.002374,0.057959,0.939668
AGGTACGATATTGCCA-1,0.002213,0.410952,0.586834
AGGTAGATCGAGATAT-1,0.019096,0.01086,0.970044
AGGTAGGTACAAAGCT-1,0.027755,0.006456,0.965788
AGGTATAATTGATAGT-1,0.031765,0.260273,0.707962
AGGTATGCGGACATTA-1,0.000027,0.172405,0.827568
AGGTCAGGTGAGAGTG-1,0.199192,0.000901,0.799907
AGGTCGCCACTTCGGT-1,0.000016,0.030555,0.969429
AGGTCGCCTCCCAACA-1,0.000032,0.337142,0.662826
AGGTCGCGGAGTTACT-1,0.038178,0.496567,0.465254
AGGTGCACGTCCACAT-1,0.008548,0.411152,0.5803
AGGTGGTGACCTTCGC-1,0.000031,0.005402,0.994567
AGGTGTATCGCCATGA-1,0.072611,0.000013,0.927377
AGGTGTTGCCGACCAC-1,0.000008,0.000958,0.999034
AGGTTACACCATGCCG-1,0.000076,0.31254,0.687384
AGGTTCTCCTTTCCGG-1,0.843844,0.00005,0.156106
AGGTTGAGGCACGCTT-1,0.000037,0.11052,0.889444
AGGTTTCACACACCTT-1,0.01842,0.039894,0.941686
AGTAACTATAGCAGCC-1,0.015798,0.567362,0.41684
AGTAAGGGACAGAATC-1,0.0072,0.122594,0.870205
AGTAATCTAAGGGTGG-1,0.000009,0.000009,0.999983
AGTAATGTCTTGCCGC-1,0.024089,0.099028,0.876883
AGTAATTTGCAAGCGT-1,0.782687,0.000051,0.217263
AGTACAGAAGCTTATA-1,0.016161,0.009892,0.973947
AGTACATCATTTATCA-1,0.000112,0.593877,0.406011
AGTACCTTCGAGTGCT-1,0.000082,0.342262,0.657656
AGTACGGCCCGTATCG-1,0.377829,0.005377,0.616794
AGTACGGGCACCTGGC-1,0.00002,0.005314,0.994665
AGTACGTGGCCTGTCT-1,0.073046,0.418401,0.508554
AGTACTCTTATGCCCA-1,0.004116,0.00002,0.995864
AGTAGAAGGCGCCTCA-1,0.000006,0.047047,0.952947
AGTAGCTAGACGCCGA-1,0.131796,0.33624,0.531963
AGTAGGAAGGAAGTTG-1,0.039972,0.59708,0.362948
AGTAGGTAACATACAT-1,0.006698,0.00414,0.989162
AGTATAATACTAGGCA-1,0.030492,0.002596,0.966912
AGTATACACAGCGACA-1,0.034148,0.058084,0.907768
AGTATCCATAATAACG-1,0.000013,0.052637,0.94735
AGTATGCTGGAGACCA-1,0.328614,0.018358,0.653029
AGTATTTGGCACGACC-1,0.013725,0.017787,0.968488
AGTCAAATGATGTGAT-1,0.022607,0.168726,0.808667
AGTCAACACCACCATC-1,0.000053,0.000053,0.999893
AGTCAAGATGACACTT-1,0.000014,0.000014,0.999971
AGTCACTAGCTCTCGA-1,0.000073,0.276247,0.723679
AGTCACTCCGCCTCAT-1,0.000038,0.134766,0.865196
AGTCAGCCACCGCCTG-1,0.115385,0.000023,0.884592
AGTCCAGCGGGTACGT-1,0.000015,0.038794,0.961192
AGTCCATTGGCTGATG-1,0.000034,0.079205,0.92076
AGTCCCGCCTTTAATT-1,0.064487,0.21378,0.721733
AGTCCCTCGCAGAAAG-1,0.000009,0.028233,0.971759
AGTCGAAACGATTCAG-1,0.462218,0.225733,0.312049
AGTCGAATTAGCGTAA-1,0.00004,0.115371,0.884589
AGTCGACGGTCTCAAG-1,0.000012,0.008551,0.991436
AGTCGGCCCAAACGAC-1,0.000011,0.000011,0.999977
AGTCGGCTCAACTTTA-1,0.14497,0.142115,0.712915
AGTCGGTTGCGTGAGA-1,0.041403,0.515671,0.442926
AGTCGTATAAAGCAGA-1,0.000022,0.000209,0.999769
AGTCGTCGACCACCAA-1,0.000016,0.008533,0.99145
AGTCGTGGGCATTACG-1,0.013492,0.000018,0.98649
AGTCTAAAGTATACTC-1,0.035215,0.103323,0.861462
AGTCTCACAAGACTAC-1,0.041097,0.000029,0.958874
AGTCTGGACATCCTTG-1,0.077801,0.221261,0.700937
AGTCTTCTCCTCAAAT-1,0.031629,0.000015,0.968357
AGTCTTTAAAGTGTCC-1,0.000016,0.185642,0.814342
AGTGAACAAACTTCTC-1,0.000037,0.498563,0.5014
AGTGAAGATGGTGTCC-1,0.000035,0.010134,0.989831
AGTGACCTACTTTACG-1,0.054236,0.004645,0.941119
AGTGACTGTGACACAA-1,0.038863,0.000007,0.96113
AGTGAGACTTCCAGTA-1,0.000023,0.017341,0.982637
AGTGAGCCTCGCCGCC-1,0.000112,0.284137,0.715751
AGTGAGGGTTTCTGAC-1,0.000246,0.534755,0.464999
AGTGAGTCGAATTAAC-1,0.000043,0.342943,0.657014
AGTGATAACCTGCGCG-1,0.000017,0.001622,0.998361
AGTGATATGAGTAGTT-1,0.014042,0.011495,0.974464
AGTGATTCAAGCAGGA-1,0.000023,0.000023,0.999954
AGTGCACGCTTAAGAA-1,0.000029,0.009962,0.990009
AGTGCGTAGCTCGTAA-1,0.0119,0.077235,0.910865
AGTGCTAAACACAGCA-1,0.000014,0.000014,0.999971
AGTGCTTGCACGAATA-1,0.00001,0.000655,0.999336
AGTGGCCCGCAAATGG-1,0.000053,0.314763,0.685184
