Barcode,Topic 1,Topic 2to3,Topic 4to13
AAACAAGTATCTCCCA-1,0.000024,0.573325,0.42665
AAACACCAATAACTGC-1,0.000047,0.11591,0.884043
AAACAGAGCGACTCCT-1,0.000022,0.032896,0.967082
AAACAGCTTTCAGAAG-1,0.000011,0.05039,0.949599
AAACAGGGTCTATATT-1,0.000012,0.000967,0.999021
AAACAGTGTTCCTGGG-1,0.000022,0.000045,0.999933
AAACATGGTGAGAGGA-1,0.00001,0.00002,0.999969
AAACATTTCCCGGATT-1,0.000023,0.480888,0.519088
AAACCCGAACGAAATC-1,0.000023,0.420634,0.579343
AAACCGGAAATGTTAA-1,0.009842,0.850725,0.139433
AAACCGGGTAGGTACC-1,0.000021,0.021598,0.978381
AAACCGTTCGTCCAGG-1,0.000029,0.000058,0.999913
AAACCTAAGCAGCCGG-1,0.000028,0.116493,0.883479
AAACCTCATGAAGTTG-1,0.342201,0.04134,0.616459
AAACGAAGATGGAGTA-1,0.047078,0.035328,0.917594
AAACGAGACGGTTGAT-1,0.000016,0.000032,0.999952
AAACGCTGGGCACGAC-1,0.039291,0.700266,0.260442
AAACGGGCGTACGGGT-1,0.000022,0.199403,0.800575
AAACGGTTGCGAACTG-1,0.000021,0.000042,0.999936
AAACGTGTTCGCCCTA-1,0.003178,0.135489,0.861334
AAACTAACGTGGCGAC-1,0.000007,0.000014,0.999979
AAACTCGGTTCGCAAT-1,0.000023,0.018325,0.981653
AAACTCGTGATATAAG-1,0.000007,0.000159,0.999833
AAACTGCTGGCTCCAA-1,0.000045,0.067374,0.932581
AAACTTAATTGCACGC-1,0.000015,0.010244,0.989742
AAACTTGCAAACGTAT-1,0.000081,0.000162,0.999756
AAAGAATGACCTTAGA-1,0.001829,0.015971,0.9822
AAAGAATGTGGACTAA-1,0.000018,0.859338,0.140644
AAAGACTGGGCGCTTT-1,0.014912,0.021545,0.963544
AAAGCTTGCCTACATA-1,0.000013,0.022493,0.977494
AAAGGCCCTATAATAC-1,0.028244,0.158494,0.813262
AAAGGCTACGGACCAT-1,0.000033,0.000738,0.999229
AAAGGCTCTCGCGCCG-1,0.000012,0.010665,0.989323
AAAGGGATGTAGCAAG-1,0.000032,0.000065,0.999903
AAAGGGCAGCTTGAAT-1,0.720897,0.02332,0.255783
AAAGGTAAGCTGTACC-1,0.003871,0.043602,0.952527
AAAGTAGCATTGCTCA-1,0.000051,0.000102,0.999847
AAAGTCGACCCTCAGT-1,0.007832,0.068383,0.923785
AAAGTGCCATCAATTA-1,0.018664,0.749444,0.231892
AAAGTGTGATTTATCT-1,0.000019,0.016733,0.983248
AAAGTTGACTCCCGTA-1,0.024512,0.077954,0.897534
AAATAACCATACGGGA-1,0.000027,0.020541,0.979431
AAATAAGGTAGTGCCC-1,0.000012,0.001206,0.998782
AAATACCTATAAGCAT-1,0.000024,0.10522,0.894756
AAATAGCTTAGACTTT-1,0.000009,0.08345,0.91654
AAATAGGGTGCTATTG-1,0.000034,0.031174,0.968793
AAATCCGATACACGCC-1,0.00002,0.181963,0.818018
AAATCGCGGAAGGAGT-1,0.000019,0.000039,0.999942
AAATCGTGTACCACAA-1,0.000017,0.137284,0.862699
AAATCTAGCCCTGCTA-1,0.0243,0.604314,0.371386
AAATCTGCCCGCGTCC-1,0.000012,0.000025,0.999963
AAATGACTGATCAAAC-1,0.000015,0.005002,0.994983
AAATGATTCGATCAGC-1,0.000015,0.009083,0.990902
AAATGCTCGTTACGTT-1,0.227171,0.048037,0.724792
AAATGGCATGTCTTGT-1,0.007307,0.045086,0.947607
AAATGGCCCGTGCCCT-1,0.00003,0.035969,0.964001
AAATGGTCAATGTGCC-1,0.000042,0.000085,0.999873
AAATGTATCTTATCCC-1,0.000008,0.09101,0.908982
AAATTAACGGGTAGCT-1,0.000034,0.000068,0.999898
AAATTAATAAGCGCGA-1,0.001715,0.002501,0.995784
AAATTACACGACTCTG-1,0.000026,0.007121,0.992853
AAATTACCTATCGATG-1,0.003933,0.02861,0.967457
AAATTCCAGGTCCAAA-1,0.000016,0.081754,0.91823
AAATTGATAGTCCTTT-1,0.000028,0.000056,0.999916
AAATTGGTGAGAAGCA-1,0.015167,0.099687,0.885146
AAATTTACCGAAATCC-1,0.013628,0.058287,0.928085
AAATTTGCGGGTGTGG-1,0.000038,0.000076,0.999887
AACAACTGGTAGTTGC-1,0.00002,0.00004,0.99994
AACAATACATTGTCGA-1,0.000021,0.011511,0.988468
AACAATTACTCTACGC-1,0.000118,0.093869,0.906013
AACACACGCTCGCCGC-1,0.000038,0.279552,0.72041
AACACGAGACGCGGCC-1,0.126942,0.165387,0.70767
AACAGCTGTGTGGCAA-1,0.000016,0.000031,0.999953
AACAGGAAATCGAATA-1,0.000019,0.000039,0.999942
AACAGGATGGGCCGCG-1,0.000054,0.00338,0.996566
AACAGGTAGTATGGAT-1,0.000023,0.749826,0.250151
AACATAGCGTGTATCG-1,0.000049,0.000098,0.999854
AACATATCAACTGGTG-1,0.000012,0.064504,0.935485
AACATCGATACGTCTA-1,0.000024,0.079438,0.920537
AACATTGAAGTTGATC-1,0.04499,0.223278,0.731732
AACATTGTGACTCGAG-1,0.010282,0.000052,0.989666
AACCAAGACTTCTCTG-1,0.000063,0.028715,0.971222
AACCAGTATCACTCTT-1,0.000027,0.060175,0.939798
AACCATAGGGTTGAAC-1,0.000012,0.000025,0.999963
AACCATGGGATCGCTA-1,0.19013,0.039135,0.770736
AACCCAGAGACGGAGA-1,0.048807,0.106272,0.844921
AACCCATCCCATGATC-1,0.000022,0.000043,0.999935
AACCCGACAACCCGTG-1,0.000019,0.14791,0.852071
AACCCGAGCAGAATCG-1,0.000019,0.953482,0.046499
AACCCGCTGTATTCCA-1,0.010001,0.000039,0.98996
AACCCTACTGTCAATA-1,0.000028,0.063342,0.93663
AACCGAGCTTGGTCAT-1,0.000025,0.064129,0.935846
AACCGCTAAGGGATGC-1,0.000015,0.116836,0.883149
AACCGTTGTGTTTGCT-1,0.183967,0.108625,0.707408
AACCTCGCTTTAGCCC-1,0.00003,0.06031,0.93966
AACCTGTCACGGAATT-1,0.000011,0.000023,0.999966
AACCTTTAAATACGGT-1,0.000033,0.095169,0.904798
AACCTTTACGACGTCT-1,0.000021,0.000042,0.999938
AACGAAAGTCGTCCCA-1,0.000018,0.000036,0.999946
AACGACCTCCTAGCCG-1,0.007014,0.91853,0.074456
AACGATAATGCCGTAG-1,0.004865,0.168244,0.82689
AACGATAGAAGGGCCG-1,0.000039,0.000077,0.999884
AACGATATGTCAACTG-1,0.000012,0.009406,0.990582
AACGCATGATCTGGGT-1,0.000017,0.004722,0.995261
AACGCGACCTTGGGCG-1,0.000016,0.000032,0.999953
AACGCGGTCTCCAGCC-1,0.000013,0.000026,0.999961
AACGCTGTTGCTGAAA-1,0.000029,0.253438,0.746533
AACGGACGTACGTATA-1,0.000017,0.111194,0.888789
AACGGCCATCTCCGGT-1,0.014559,0.049219,0.936222
AACGTACTGTGGGTAC-1,0.000036,0.000515,0.999449
AACGTCAGACTAGTGG-1,0.000039,0.000078,0.999884
AACGTCATCCGGCTTG-1,0.000027,0.008186,0.991787
AACGTCGCTGCACTTC-1,0.011201,0.704263,0.284536
AACGTGCGAAAGTCTC-1,0.000018,0.019881,0.980101
AACGTTATCAGCACCT-1,0.000026,0.075283,0.924691
AACTACCCGTTTGTCA-1,0.000015,0.441117,0.558867
AACTAGGCTTGGGTGT-1,0.000041,0.03644,0.963519
AACTCAAGTTAATTGC-1,0.00003,0.098771,0.901199
AACTCCAGAGCGTGTT-1,0.000018,0.235236,0.764745
AACTCCTAATCCCATG-1,0.121952,0.062961,0.815087
AACTCTCAATAGAGCG-1,0.001379,0.012574,0.986046
AACTCTCAGTGTGCTC-1,0.000046,0.000092,0.999863
AACTGAGGTCAGCGTC-1,0.000016,0.004972,0.995012
AACTGAGTTATACTGA-1,0.00002,0.870485,0.129495
AACTGATATTAGGCCT-1,0.018024,0.001917,0.980059
AACTGGGTCCCGACGT-1,0.019964,0.009747,0.970289
AACTTCTGCGTCTATC-1,0.999547,0.000075,0.000377
AACTTGCCCGTATGCA-1,0.000233,0.095757,0.90401
AACTTGCGTTCTCGCG-1,0.999679,0.000053,0.000267
AACTTTACGGGAGCTT-1,0.000019,0.000037,0.999944
AACTTTCTCGATCATG-1,0.000856,0.024525,0.974619
AAGAAAGTTTGATGGG-1,0.002489,0.000009,0.997502
AAGAAATCACCAGATT-1,0.000035,0.086059,0.913906
AAGAAGGATCAGTTAG-1,0.999613,0.000065,0.000323
AAGACATACGTGGTTT-1,0.000039,0.872182,0.127779
AAGACCAAATAACTCA-1,0.07472,0.002661,0.922619
AAGACCCAACTGAACA-1,0.000034,0.050689,0.949277
AAGACTGCAAGCTACT-1,0.004392,0.003692,0.991916
AAGAGATGAATCGGTA-1,0.02747,0.000232,0.972298
AAGAGCTCTTTATCGG-1,0.000032,0.066903,0.933065
AAGAGGATGTACGCGA-1,0.000032,0.000065,0.999903
AAGAGGCATGGATCGC-1,0.015835,0.029973,0.954192
AAGAGGCCCTTTGGAA-1,0.000019,0.825027,0.174954
AAGATGGCACCGGACC-1,0.000031,0.000061,0.999908
AAGATTGGCGGAACGT-1,0.000019,0.000038,0.999943
AAGCACCCTGCGTATC-1,0.000021,0.024851,0.975128
AAGCATACTCTCCTGA-1,0.000021,0.122124,0.877855
AAGCCACTTGCAGGTA-1,0.000021,0.000906,0.999073
AAGCCGAAGCGGTTTA-1,0.000026,0.572568,0.427406
AAGCCGCCGTGAAATC-1,0.186327,0.30049,0.513183
AAGCCGCTTTACCTTG-1,0.04619,0.046767,0.907043
AAGCCGGAGAGCAGGA-1,0.00203,0.872463,0.125507
AAGCGCAGGGCTTTGA-1,0.008057,0.115228,0.876716
AAGCGGAGTGCGCGCA-1,0.000009,0.005566,0.994425
AAGCGGCGTCATGGGT-1,0.000026,0.000053,0.999921
AAGCGTCCCTCATCGA-1,0.000029,0.000058,0.999913
AAGCTAGATCGAGTAA-1,0.000023,0.081909,0.918068
AAGCTATGGATTGACC-1,0.000028,0.00448,0.995492
AAGCTCGTGCCAAGTC-1,0.00002,0.028956,0.971025
AAGCTCTTTCATGGTG-1,0.000033,0.042167,0.957801
AAGGAGCGGTTGGTGC-1,0.000024,0.031291,0.968685
AAGGATCGATCGCTTG-1,0.003154,0.093345,0.903501
AAGGATGAGGGACCTC-1,0.00001,0.001172,0.998818
AAGGCAGGCTGTCTCC-1,0.000016,0.133455,0.866529
AAGGCGCGTAAAGCTT-1,0.000014,0.000027,0.999959
AAGGCTGTGCTCATCG-1,0.000019,0.000037,0.999944
AAGGGAACGACTGGCT-1,0.019997,0.368934,0.61107
AAGGGACAGATTCTGT-1,0.000019,0.048393,0.951588
AAGGGACTATGCATTC-1,0.000068,0.000137,0.999795
AAGGGTTTGATTTCAG-1,0.001537,0.022086,0.976377
AAGGTATCCTAATATA-1,0.000014,0.025506,0.97448
AAGGTGATAAACCAGC-1,0.000016,0.025341,0.974643
AAGTAGAAGACCGGGT-1,0.000026,0.000052,0.999923
AAGTAGTGACGCGAGG-1,0.000027,0.000055,0.999918
AAGTCAATTGTCGTCA-1,0.000041,0.243154,0.756805
AAGTCTAGTAGCTGCC-1,0.000018,0.008299,0.991683
AAGTCTTCTGTGGCCT-1,0.003133,0.000028,0.996839
AAGTGACGACCGAATT-1,0.000044,0.002631,0.997325
AAGTGAGTCGGGTTTA-1,0.000066,0.000133,0.999801
AAGTGCAAAGGTAGAC-1,0.000027,0.000055,0.999918
AAGTGCCTTGACTGTA-1,0.000029,0.123034,0.876937
AAGTGCGTTAGAATCT-1,0.000058,0.000115,0.999827
AAGTGCTTCTCTATTG-1,0.017325,0.002341,0.980334
AAGTGTTTGGAGACGG-1,0.000024,0.030226,0.96975
AAGTTCACTCCAAGCT-1,0.000027,0.11072,0.889253
AAGTTCAGTCTGCGTA-1,0.004784,0.00133,0.993886
AAGTTCGGCCAACAGG-1,0.000012,0.000024,0.999964
AAGTTGTGATGTTATA-1,0.000026,0.670404,0.32957
AAGTTTATGGGCCCAA-1,0.000015,0.08473,0.915255
AATAACAACGCTCGGC-1,0.004228,0.000037,0.995735
AATAACACTAGAACAA-1,0.000018,0.002693,0.997289
AATAATCTTCGTATCG-1,0.00004,0.913076,0.086884
AATACAATGTTTCAGG-1,0.668011,0.021605,0.310383
AATACCGGAGGGCTGT-1,0.000016,0.087577,0.912407
AATACCTGATGTGAAC-1,0.000029,0.486187,0.513784
AATAGAACAGAGTGGC-1,0.000045,0.064514,0.93544
AATAGAATCTGTTTCA-1,0.00004,0.136869,0.863091
AATAGCAAGCCTCCTG-1,0.000012,0.010544,0.989444
AATAGCTACCGCGTGC-1,0.004678,0.012453,0.982869
AATAGGCACGACCCTT-1,0.010588,0.005296,0.984116
AATAGTCCGTCCCGAC-1,0.000018,0.176813,0.823169
AATAGTCGCGAGTCGG-1,0.000987,0.000024,0.998989
AATATCAAGGTCGGAT-1,0.306277,0.062724,0.630999
AATATCCTAGCAAACT-1,0.000043,0.000085,0.999872
AATATCGAATCAATGC-1,0.000032,0.68769,0.312278
AATATCGAGGGTTCTC-1,0.004274,0.000046,0.99568
AATATTGGAGTATTGA-1,0.000118,0.052438,0.947445
AATCAGGTTTCATTTA-1,0.000028,0.000055,0.999917
AATCATGTAAAGACTC-1,0.00004,0.434634,0.565326
AATCCAAGGGCCTGAG-1,0.000086,0.073424,0.92649
AATCCCGCTCAGAGCC-1,0.000022,0.000044,0.999933
AATCGAGGTCTCAAGG-1,0.000028,0.173001,0.826971
AATCGCCTCAGCGCCA-1,0.004017,0.055789,0.940194
AATCGCGCAGAGGACT-1,0.000014,0.176653,0.823332
AATCGGTATAGCCCTC-1,0.000016,0.675596,0.324387
AATCGTGAGCCGAGCA-1,0.000021,0.054711,0.945268
AATCTAGGTTTACTTG-1,0.00005,0.000101,0.999849
AATCTATGCCGGAGCC-1,0.000019,0.008634,0.991347
AATCTCTACTGTGGTT-1,0.000007,0.000014,0.999979
AATCTGCGTTGGGACG-1,0.000021,0.002975,0.997004
AATCTGGCTTTCTAGT-1,0.00004,0.004471,0.995489
AATGACAGCAATGTCT-1,0.000023,0.000045,0.999932
AATGACGTAGGATGTC-1,0.000033,0.169898,0.830069
AATGACTGTCAGCCGG-1,0.000022,0.000043,0.999935
AATGAGTTCGCATATG-1,0.567267,0.026268,0.406466
AATGATGATACGCTAT-1,0.000012,0.000023,0.999965
AATGATGCGACTCCTG-1,0.000011,0.000021,0.999968
AATGCAACCGGGTACC-1,0.000017,0.000034,0.999949
AATGCACCAAGCAATG-1,0.028486,0.000044,0.971471
AATGGTCCACCGTTCA-1,0.013184,0.009886,0.97693
AATGGTTCTCACAAGC-1,0.058484,0.000271,0.941245
AATGTATGGCACTGTA-1,0.000017,0.018669,0.981314
AATGTGCCCGAGGTGT-1,0.000042,0.000084,0.999875
AATGTGCTAATCTGAG-1,0.000021,0.000043,0.999936
AATGTTAAGACCCTGA-1,0.00002,0.086705,0.913276
AATGTTGTCGTGAGAC-1,0.000036,0.767696,0.232268
AATTAAAGGTCGGCGT-1,0.000033,0.000065,0.999902
AATTAACGGATTTCCA-1,0.000036,0.169762,0.830202
AATTACGAGACCCATC-1,0.000013,0.000026,0.999961
AATTACTCGTACGCTC-1,0.00522,0.024122,0.970658
AATTAGCGCTGCAGCG-1,0.000023,0.053893,0.946085
AATTATACCCAGCAAG-1,0.000024,0.029138,0.970838
AATTCATAAGGGATCT-1,0.000016,0.000032,0.999951
AATTCATTGTCATGCA-1,0.00002,0.000041,0.999939
AATTCCAAGCATGTAC-1,0.000027,0.010775,0.989198
AATTCGATTCGAGGAT-1,0.000035,0.061853,0.938111
AATTCTAGAGTTAGGC-1,0.000057,0.042544,0.957399
AATTGAACGCTCTGGT-1,0.00003,0.353828,0.646142
AATTGCAGCAATCGAC-1,0.000035,0.844461,0.155504
AATTGCGTGGATTACA-1,0.005736,0.000037,0.994227
AATTGTGGTTGCCAAA-1,0.009797,0.973119,0.017084
AATTTGGGACATAGTA-1,0.000049,0.000097,0.999854
AATTTGGTTCCAAAGA-1,0.372748,0.044777,0.582475
ACAAACCATGCGTCCT-1,0.000011,0.030838,0.969151
ACAAACTCCATCAGAG-1,0.000008,0.002839,0.997153
ACAAAGAAGGTAGGCC-1,0.000019,0.000038,0.999943
ACAAAGCATGACCTAG-1,0.000017,0.619561,0.380422
ACAAATCGCACCGAAT-1,0.000025,0.102494,0.897481
ACAAATGGTAGTGTTT-1,0.000024,0.046882,0.953093
ACAACAGCATGAGCTA-1,0.000021,0.074775,0.925204
ACAACGGTCCCTGCGA-1,0.058254,0.092544,0.849202
ACAAGCAGTGCCTAGC-1,0.000049,0.044814,0.955137
ACAAGCTATATGGAAG-1,0.000017,0.000174,0.999809
ACAAGGAAATCCGCCC-1,0.000024,0.135882,0.864094
ACAAGGACAAGAGGTT-1,0.000017,0.000034,0.999949
ACAAGGATGCTTTAGG-1,0.000045,0.105048,0.894908
ACAAGGGCAGGCTCTG-1,0.000021,0.079302,0.920677
ACAAGTAATTGTAAGG-1,0.024938,0.171988,0.803074
ACAATAGTCGTACGTT-1,0.000184,0.155072,0.844744
ACAATCCATTTAAACC-1,0.000016,0.000031,0.999953
ACAATGAATACGGAGA-1,0.000009,0.000018,0.999973
ACAATGATTCTTCTAC-1,0.00001,0.004812,0.995179
ACAATTGTGTCTCTTT-1,0.000032,0.403802,0.596166
ACAATTTAGGAGGCTC-1,0.000014,0.000028,0.999958
ACAATTTGAGCAGTGG-1,0.000019,0.154446,0.845535
ACAATTTGGCCATATT-1,0.001672,0.266266,0.732062
ACACAAAGACGGGTGG-1,0.000024,0.000048,0.999928
ACACAAATATTCCTAG-1,0.006203,0.064575,0.929222
ACACACCAGGACCAGT-1,0.000021,0.064102,0.935877
ACACACTTTCTACACG-1,0.041779,0.000131,0.95809
ACACATGATCAAATCT-1,0.000022,0.000044,0.999934
ACACATTTCCGTAGAC-1,0.000016,0.013021,0.986962
ACACCACATAATTAGC-1,0.000013,0.068762,0.931225
ACACCCAGCATGCAGC-1,0.000016,0.039689,0.960295
ACACCCGAGAAATCCG-1,0.008335,0.045238,0.946427
ACACCGAGCGCTCTTT-1,0.000019,0.000039,0.999942
ACACCGGTCTGACCGC-1,0.000021,0.010704,0.989275
ACACCTTAAGTAGGGC-1,0.000029,0.000059,0.999912
ACACCTTACTACTTGC-1,0.006533,0.070609,0.922858
ACACGAGACTCCTTCT-1,0.000029,0.047599,0.952372
ACACGGGAACTTAGGG-1,0.000046,0.000092,0.999862
ACACGTAGGCCACAAG-1,0.000026,0.691689,0.308285
ACACTCCAATGTCACT-1,0.999471,0.000088,0.000441
ACACTGATCAAGGTGT-1,0.000026,0.000052,0.999921
ACACTGGGACAGTCGT-1,0.000018,0.647844,0.352137
ACAGAACTGAGAACAA-1,0.000079,0.000157,0.999764
ACAGCGACATTCTCAT-1,0.000037,0.571202,0.428761
ACAGCGCACCCGCAGC-1,0.102906,0.132062,0.765032
ACAGGAGGCGCAGCCG-1,0.024293,0.180317,0.795391
ACAGGCACGGATCCTT-1,0.000013,0.123649,0.876338
ACAGGCTTGCCCGACT-1,0.000023,0.099324,0.900654
ACAGGTGGAGGTGAGG-1,0.000027,0.143732,0.856241
ACAGGTGTGTTGTTGC-1,0.000949,0.006822,0.992229
ACAGTAATACAACTTG-1,0.000027,0.000053,0.99992
ACAGTATACCGTGGGA-1,0.440503,0.024906,0.534591
ACATAAGTCGTGGTGA-1,0.000022,0.000044,0.999933
ACATAATAAGGCGGTG-1,0.000037,0.036248,0.963715
ACATACAATCAAGCGG-1,0.000036,0.160679,0.839285
ACATCAGCTGGGACGC-1,0.000013,0.000026,0.999961
ACATCCCGGCCATACG-1,0.000032,0.047654,0.952313
ACATCCTGGTAACTGT-1,0.000017,0.061522,0.938461
ACATCGATCGTTTACC-1,0.000018,0.000036,0.999946
ACATCGCAATATTCGG-1,0.03726,0.172344,0.790396
ACATCGGTCAGCCGCG-1,0.000035,0.000069,0.999896
ACATCGTATGCAATGG-1,0.000015,0.058294,0.941691
ACATGCTTACGGCAGC-1,0.000053,0.032303,0.967643
ACATGGCGCCAAAGTA-1,0.000011,0.000022,0.999967
ACATTAGTTTATATCC-1,0.000023,0.012948,0.987029
ACATTCGCGCGGAATA-1,0.000048,0.031887,0.968065
ACATTTGAAACCTAAC-1,0.007013,0.518443,0.474544
ACCAAACACCCAGCGA-1,0.043216,0.155337,0.801447
ACCAACACCACACACT-1,0.000009,0.000017,0.999974
ACCAACCGCACTCCAC-1,0.00469,0.205382,0.789927
ACCAACGCTTATTTAT-1,0.00003,0.079367,0.920604
ACCAAGAACGCGTGTC-1,0.000033,0.011572,0.988394
ACCAAGTCATCGGCAG-1,0.000025,0.677445,0.32253
ACCAATATGCAAGTTA-1,0.000023,0.010144,0.989833
ACCACAAGTTTCTATC-1,0.00003,0.00006,0.99991
ACCACACGGTTGATGG-1,0.000027,0.000385,0.999589
ACCACCAATGTAACAA-1,0.000006,0.008722,0.991271
ACCACCCTCTCTTCTA-1,0.235396,0.008629,0.755975
ACCACGTGCAGCTATA-1,0.000023,0.092315,0.907662
ACCACTGTTCAAGAAG-1,0.006101,0.06029,0.933609
ACCAGACCATAACAAC-1,0.000021,0.005897,0.994082
ACCAGTGCCCGGTCAA-1,0.000022,0.081593,0.918385
ACCAGTGCGGGAGACG-1,0.000035,0.217756,0.782209
ACCATATCCGCAATAA-1,0.000027,0.000053,0.99992
ACCATCCGCCAACTAG-1,0.000013,0.03572,0.964267
ACCATCGTATATGGTA-1,0.000022,0.000044,0.999934
ACCATTAAGGGTGTCA-1,0.002078,0.000088,0.997834
ACCCAACGCCCGTGGC-1,0.000008,0.00125,0.998742
ACCCACCTACATGCTC-1,0.527185,0.035164,0.437651
ACCCATCTTGAGGGTA-1,0.000022,0.000044,0.999934
ACCCATTTGTCCCTCT-1,0.005026,0.566152,0.428822
ACCCGAGCGAAATTAC-1,0.000023,0.000047,0.99993
ACCCGATTGGTTCCGA-1,0.000016,0.000032,0.999951
ACCCGGAAACTCCCAG-1,0.000041,0.203598,0.796361
ACCCGGAGCACCACAA-1,0.009118,0.990536,0.000346
ACCCGGATGACGCATC-1,0.000026,0.058445,0.941529
ACCCGGTTACACTTCC-1,0.000035,0.09908,0.900885
ACCCGTAGCAGAGAAT-1,0.000012,0.001382,0.998605
ACCCGTAGTCTAGTTG-1,0.078359,0.78662,0.135021
ACCCGTGTCATCAGTA-1,0.000035,0.061203,0.938762
ACCCTATGCCATATCG-1,0.000022,0.000045,0.999933
ACCCTCCCGTCAGGGC-1,0.005078,0.34214,0.652782
ACCCTCCCTTGCTATT-1,0.002387,0.178144,0.819469
ACCCTGGTAACGCCCT-1,0.000011,0.001391,0.998598
ACCCTTCATCTGCGAA-1,0.435553,0.0001,0.564347
ACCCTTGCCTGGGTCG-1,0.000033,0.007818,0.99215
ACCGAAGAGTCTGGTT-1,0.000017,0.056486,0.943496
ACCGACACATCTCCCA-1,0.00003,0.07665,0.92332
ACCGACTGAGTCCCAC-1,0.00003,0.000059,0.999911
ACCGAGTCTCCTTATT-1,0.000018,0.059033,0.940949
ACCGATAGGCATAACC-1,0.000019,0.894026,0.105955
ACCGATATTTAATCAT-1,0.000034,0.765165,0.234802
ACCGATGGTAGCATCG-1,0.000018,0.146668,0.853314
ACCGCAATAACTGCCT-1,0.000012,0.080805,0.919183
ACCGCGGTGGAAGTCG-1,0.000017,0.075476,0.924506
ACCGCTAGTCATTGGT-1,0.000909,0.006342,0.992748
ACCGGGCCTTTGTTGA-1,0.000022,0.091109,0.908868
ACCGGTCAGGTACACC-1,0.000013,0.009023,0.990964
ACCGTCCACTGGGCCC-1,0.000021,0.000043,0.999936
ACCGTGACCACGTGGG-1,0.001251,0.098048,0.900701
ACCTAAGTACCTTTCA-1,0.000029,0.000059,0.999912
ACCTAATCGACTTCCT-1,0.000037,0.000073,0.99989
ACCTACAGTATGTGGT-1,0.000017,0.054868,0.945115
ACCTACTATAAATCTA-1,0.008858,0.500576,0.490566
ACCTCAGCGAGGCGCA-1,0.000023,0.155183,0.844793
ACCTCCGCCCTCGCTG-1,0.005354,0.930152,0.064494
ACCTCCGTTATTCACC-1,0.000013,0.019645,0.980342
ACCTCGAACTTATGCT-1,0.017248,0.000047,0.982706
ACCTGCGTGTCATGTT-1,0.004374,0.440857,0.554769
ACGAAATGGGCGGCAC-1,0.000083,0.076789,0.923127
ACGACCCATGAGTTGC-1,0.00004,0.999562,0.000398
ACGACTCTAGGGCCGA-1,0.000011,0.068589,0.9314
ACGACTGGTCATACTC-1,0.000014,0.182081,0.817905
ACGAGGATACCACTCT-1,0.000085,0.042342,0.957573
ACGAGGTTTACAACGT-1,0.000017,0.019457,0.980526
ACGAGTACGGATGCCC-1,0.000015,0.007136,0.992849
ACGATACATAGAACTA-1,0.000022,0.012723,0.987255
ACGATACCTATCCTGA-1,0.000011,0.013851,0.986137
ACGATCATACATAGAG-1,0.000028,0.000055,0.999917
ACGATCATCTTGTAAA-1,0.00005,0.071793,0.928157
ACGATGCATATGTTAT-1,0.00003,0.029434,0.970536
ACGATGGATCCGATGC-1,0.056247,0.090685,0.853068
ACGCAAACTAATAGAT-1,0.006495,0.000146,0.993359
ACGCAATCACTACAGC-1,0.000034,0.000069,0.999897
ACGCATACGTTTACTA-1,0.000033,0.580179,0.419788
ACGCATTCGTGAGTAC-1,0.000014,0.017524,0.982462
ACGCCACTCGAAACAG-1,0.001586,0.055945,0.942469
ACGCCAGATGATTTCT-1,0.000021,0.00684,0.99314
ACGCCAGTGCGTTTGC-1,0.000023,0.544023,0.455954
ACGCCGCTAGACGACC-1,0.00002,0.018546,0.981434
ACGCGAAGTCAGACGA-1,0.000017,0.003108,0.996875
ACGCGCTACACAGGGT-1,0.000015,0.000029,0.999956
ACGCGGGCCAAGGACA-1,0.000011,0.000022,0.999966
ACGCGTTTCTTAAGAG-1,0.080093,0.017015,0.902892
ACGCTAGTGATACACT-1,0.000021,0.054561,0.945417
ACGCTGTGAGGCGTAG-1,0.000026,0.004018,0.995956
ACGGAACACGAGTGCC-1,0.00002,0.341758,0.658222
ACGGAATTTAGCAAAT-1,0.184849,0.109455,0.705696
ACGGACGCAGCGACAA-1,0.000035,0.00007,0.999895
ACGGACTCTCAAAGCG-1,0.002417,0.038709,0.958874
ACGGAGCGCAAATTAC-1,0.058611,0.000041,0.941348
ACGGATGGTGCGGATA-1,0.000031,0.046227,0.953742
ACGGCACTTGCTTGGG-1,0.000042,0.045987,0.95397
ACGGCCAACATGGACT-1,0.000019,0.041261,0.95872
ACGGCGACGATGGGAA-1,0.000018,0.065256,0.934726
ACGGCTGGATGTAGAA-1,0.000011,0.018319,0.98167
ACGGGAGTGTCGGCCC-1,0.079606,0.145324,0.77507
ACGGGCGTATGCGACA-1,0.000012,0.000025,0.999963
ACGGGTCATGTGACTT-1,0.000038,0.282808,0.717154
ACGGGTTGTGACCTGT-1,0.000025,0.000051,0.999924
ACGGTACAGTTCAATG-1,0.000026,0.335177,0.664796
ACGGTCACCGAGAACA-1,0.000011,0.000023,0.999966
ACGTACTTTGGCACGG-1,0.000032,0.000063,0.999905
ACGTAGATTGCTGATG-1,0.000011,0.083889,0.916101
ACGTAGGAGAGTCGCT-1,0.000034,0.000078,0.999888
ACGTATTACTCCGATC-1,0.000026,0.058902,0.941072
ACGTCGGGCAACTCGG-1,0.1048,0.00009,0.89511
ACGTCTCGTTCCGGGA-1,0.004356,0.064663,0.930981
ACGTGACAAAGTAAGT-1,0.000016,0.001261,0.998722
ACGTGCGCCTCGTGCA-1,0.000019,0.000039,0.999942
ACGTTAATGTCGAAGA-1,0.00002,0.030444,0.969536
ACGTTAGATTTGCCCG-1,0.000027,0.034565,0.965408
ACGTTATTGGTCACTC-1,0.061518,0.063241,0.875241
ACGTTCACTATGCCGC-1,0.000014,0.000029,0.999957
ACGTTCGCAATCAATT-1,0.000008,0.01263,0.987361
ACGTTCGTTCAGGAAA-1,0.000024,0.000048,0.999928
ACGTTCTGTACAAGTC-1,0.000039,0.410036,0.589926
ACGTTGTCGTTGAAAG-1,0.002266,0.238171,0.759563
ACGTTTAGTTGTGATC-1,0.000066,0.000132,0.999801
ACTAAGGACGCACACC-1,0.000006,0.00007,0.999924
ACTAATACGTCAGGCG-1,0.000023,0.000045,0.999932
ACTACAAAGAGAGGTG-1,0.000016,0.000032,0.999952
ACTACATCCCGACAAG-1,0.000031,0.017018,0.982951
ACTACCAGCTCTCTGG-1,0.000998,0.000061,0.998941
ACTACCATCCGAGGGC-1,0.011076,0.009913,0.97901
ACTACGCGTTAGAATT-1,0.001859,0.033676,0.964465
ACTAGTTGCGATCGTC-1,0.005845,0.538651,0.455504
ACTATATGCTGTGTTC-1,0.085146,0.011983,0.902871
ACTATCCAGGGCATGG-1,0.000014,0.380517,0.619469
ACTATCGCCGGCTAAA-1,0.000015,0.000029,0.999956
ACTATCTGCCCGCGTA-1,0.000024,0.999733,0.000243
ACTATGTCCAGCTGCC-1,0.000137,0.076761,0.923102
ACTATTCGTCCGTGGT-1,0.000033,0.000067,0.9999
ACTATTTCCGGGCCCA-1,0.000038,0.000075,0.999887
ACTCAAGTGCAAGGCT-1,0.000016,0.032151,0.967833
ACTCAATAAAGGCACG-1,0.000025,0.025445,0.97453
ACTCAGACCTGCTTCT-1,0.000611,0.091639,0.907751
ACTCATGGCAGCCTTC-1,0.000036,0.000073,0.999891
ACTCCAATATCATCAT-1,0.000045,0.000089,0.999866
ACTCCCATTCCTAAAG-1,0.023141,0.042211,0.934648
ACTCCCGAATTCGTTT-1,0.021538,0.382026,0.596436
ACTCCCGTAGACTAGG-1,0.000022,0.010485,0.989492
ACTCCCTAATGCTAAA-1,0.00598,0.20336,0.790661
ACTCCCTAGAATAGTA-1,0.000015,0.015105,0.98488
ACTCCGGCCGACCACT-1,0.00001,0.058001,0.941989
ACTCGATGTATTTCAT-1,0.033154,0.015492,0.951354
ACTCGCCGTTCGATAA-1,0.000026,0.948214,0.05176
ACTCGCGATCTGACGC-1,0.021465,0.239191,0.739344
ACTCGTAACCCGTCCT-1,0.031399,0.204678,0.763923
ACTCGTCAGTAATCCC-1,0.000016,0.004394,0.99559
ACTCTAAACCTGGGAT-1,0.012549,0.000035,0.987416
ACTCTCTGACTTAGGT-1,0.00002,0.06472,0.935259
ACTCTGACCTAATAGA-1,0.000013,0.326959,0.673028
ACTCTTCAGCTCCCGC-1,0.009627,0.086317,0.904056
ACTCTTGTATAGTAAC-1,0.000028,0.000056,0.999916
ACTGAAACGCCGTTAG-1,0.000027,0.580671,0.419302
ACTGAATGGCGAAAGT-1,0.007991,0.050628,0.941381
ACTGCCCGCCATTCTC-1,0.000032,0.013909,0.986059
ACTGCCGTCGTAACTC-1,0.000024,0.000048,0.999929
ACTGCGGACACACCGT-1,0.000023,0.001878,0.998098
ACTGCTCGGAAGGATG-1,0.000012,0.000024,0.999964
ACTGGCGAACCTGCGT-1,0.002287,0.003301,0.994412
ACTGGGATGCCAGTGC-1,0.004303,0.025841,0.969856
ACTGTACGATACACAT-1,0.003675,0.095936,0.900389
ACTGTAGCACTTTGGA-1,0.000038,0.000076,0.999886
ACTGTATACGCGAGCA-1,0.039041,0.090212,0.870748
ACTGTCCAGGATTATA-1,0.000018,0.004566,0.995416
ACTGTCTTCTTTAGAA-1,0.00292,0.023586,0.973493
ACTGTGCTAGTAGATC-1,0.643085,0.042904,0.314011
ACTTACCGGGCGCGCA-1,0.089224,0.073452,0.837324
ACTTACGCATCCACGC-1,0.000029,0.255183,0.744788
ACTTAGTACGACAAGA-1,0.204579,0.108899,0.686521
ACTTATACTTACCCGG-1,0.0052,0.069268,0.925532
ACTTATTAGGATCGGT-1,0.000037,0.012822,0.987141
ACTTATTTATGTGCCA-1,0.000056,0.136816,0.863128
ACTTCAGGCTGATCCC-1,0.000017,0.181059,0.818924
ACTTCCAGTGGAAGCT-1,0.051972,0.000033,0.947995
ACTTCCATGCGGGACA-1,0.00002,0.22846,0.77152
ACTTCGCCATACGCAC-1,0.000046,0.000092,0.999862
ACTTCGCTAGCGAGTG-1,0.000013,0.006956,0.993031
ACTTGACTCCCTCTTT-1,0.00003,0.09619,0.90378
ACTTGCTCTATCTACC-1,0.003691,0.001725,0.994585
ACTTGGGACCCGGTGG-1,0.000021,0.018481,0.981498
ACTTGGGCTTTCGCCA-1,0.023623,0.107827,0.86855
ACTTGTAGTCCCTTCA-1,0.000021,0.007563,0.992416
ACTTGTGGATGGAACG-1,0.000031,0.839135,0.160834
ACTTGTTACCGGATCA-1,0.000048,0.000095,0.999857
ACTTTACCCTCATGAA-1,0.00002,0.007396,0.992584
ACTTTATACACCACTT-1,0.000925,0.000016,0.999059
ACTTTCCTATAGCTTC-1,0.005997,0.000091,0.993912
ACTTTGACTGCATCCT-1,0.00001,0.000046,0.999944
ACTTTGGTCGTGCTCC-1,0.000017,0.008519,0.991464
ACTTTGTCGACGCACT-1,0.000031,0.975285,0.024683
AGAAATTATGACTCGC-1,0.000016,0.978402,0.021581
AGAACACGGCGATGGT-1,0.002291,0.006529,0.99118
AGAACCCAGCGTGACA-1,0.002481,0.40821,0.589309
AGAACCCTCAATTGGG-1,0.000014,0.000027,0.999959
AGAACGTGGTACATTC-1,0.000017,0.000035,0.999948
AGAACTGTACTTTGTA-1,0.000049,0.300047,0.699903
AGAAGAGCGCCGTTCC-1,0.0003,0.194008,0.805691
AGAAGGTACACTTCAC-1,0.000019,0.000052,0.999929
AGAAGGTTGCCGAATT-1,0.000037,0.000075,0.999888
AGAAGGTTGTAGGTCG-1,0.000021,0.046959,0.95302
AGAAGTGATTCGTGAT-1,0.000022,0.000044,0.999935
AGAATAAATCTTCAGG-1,0.000006,0.000012,0.999981
AGAATACAGGCTATCC-1,0.000016,0.374617,0.625367
AGAATGCGGGTTCGGA-1,0.000071,0.000141,0.999788
AGAATTATGGATTCGA-1,0.000017,0.029711,0.970271
AGAATTGTTTGACATA-1,0.156229,0.069112,0.774659
AGACAGCTCAGAATCC-1,0.04677,0.083061,0.870169
AGACAGGCATCTCAGC-1,0.000042,0.836697,0.163261
AGACCAAACCACACCT-1,0.000009,0.03987,0.96012
AGACCATGGGATACAA-1,0.08234,0.000178,0.917482
AGACCCACCGCTGATC-1,0.000024,0.095199,0.904777
AGACCCGCCCTCCTCG-1,0.000017,0.003561,0.996422
AGACCGCTCCGCGGTT-1,0.000029,0.726709,0.273262
AGACCGGGAAACCCTG-1,0.029775,0.000091,0.970134
AGACGAAGTGCCGGTC-1,0.000026,0.31975,0.680223
AGACGACGATGCCGCT-1,0.000017,0.000035,0.999948
AGACGCCCACTTCGCC-1,0.010782,0.760116,0.229102
AGACGGGCCGATTTAA-1,0.000013,0.026958,0.973029
AGACTAGCCTTCCAGA-1,0.000025,0.00005,0.999925
AGACTGTTACCGGGTC-1,0.016497,0.00005,0.983453
AGAGAAACACCAGAAA-1,0.000006,0.000013,0.999981
AGAGAACCGTCTAGGA-1,0.000016,0.000032,0.999951
AGAGAAGGAGTACAAT-1,0.000026,0.000052,0.999921
AGAGATCTCTAAAGCG-1,0.000096,0.000192,0.999712
AGAGCAGTTATGAGAC-1,0.561431,0.080626,0.357943
AGAGCCGCCGAGATTT-1,0.000042,0.854626,0.145332
AGAGCGCTTGTAACGG-1,0.055887,0.065128,0.878985
AGAGCGGGCTAATCAT-1,0.000021,0.000043,0.999936
AGAGCGTACAAGCTCG-1,0.215514,0.000272,0.784214
AGAGGCTTCGGAAACC-1,0.000042,0.544115,0.455843
AGAGTAAACTTCACTA-1,0.000021,0.509235,0.490744
AGAGTATAGTGTTACG-1,0.002872,0.027512,0.969616
AGAGTTGCAGGCCTCC-1,0.000007,0.000015,0.999978
AGATAACTTCAGGGCC-1,0.000013,0.01645,0.983537
AGATAATCACACCTAT-1,0.001389,0.066956,0.931655
AGATACCAATAGAACC-1,0.000017,0.959047,0.040936
AGATACCAGCACTTCA-1,0.120984,0.095039,0.783977
AGATACCGGTGTTCAC-1,0.000028,0.000056,0.999916
AGATACGACTTCATAT-1,0.868205,0.000132,0.131663
AGATACTCAAGATCGA-1,0.000024,0.019176,0.9808
AGATATAATACGACTA-1,0.000027,0.020797,0.979176
AGATCGTGCATAAGAT-1,0.000012,0.056293,0.943694
AGATCTCAGGTGTGAT-1,0.000015,0.049452,0.950532
AGATCTGGAGAGGATA-1,0.000013,0.000027,0.99996
AGATGACTCGCCCACG-1,0.000049,0.000099,0.999852
AGATGAGGGTTGCGAT-1,0.000055,0.066965,0.932981
AGATGATGGAGTCTGG-1,0.006416,0.031673,0.961911
AGATGCAAGACGTGCA-1,0.000105,0.029557,0.970338
AGATGCATCCTGTGTC-1,0.000017,0.067757,0.932226
AGATGCTATAACGAGC-1,0.026669,0.018411,0.95492
AGATTATAGGACGTTT-1,0.000031,0.078627,0.921342
AGATTCACAACCGATA-1,0.000023,0.051049,0.948928
AGCAAAGGCCGCTAGT-1,0.00004,0.091662,0.908299
AGCAACATATCTTATT-1,0.00002,0.046098,0.953882
AGCAACCGAAAGTAAT-1,0.000038,0.549499,0.450463
AGCACACGTTTAGACT-1,0.000077,0.12811,0.871813
AGCACCAGTACTCACG-1,0.000032,0.000064,0.999904
AGCACTACCGGCCTGT-1,0.176583,0.000516,0.8229
AGCACTACCTCACCAG-1,0.042504,0.242656,0.714841
AGCACTTAAGGACGCC-1,0.195848,0.021018,0.783135
AGCAGAAGGAGAAAGA-1,0.000029,0.022411,0.977561
AGCAGCCAGATGAATA-1,0.000016,0.057721,0.942263
AGCAGTCGAAGCATGC-1,0.006032,0.330815,0.663152
AGCATATCAATATGCT-1,0.00005,0.490068,0.509881
AGCATCATTTCGAAAG-1,0.00007,0.048291,0.951639
AGCATCGTCGATAATT-1,0.000029,0.000059,0.999912
AGCATTACGAGGCAAG-1,0.000036,0.714452,0.285511
AGCCAAGCTTTGTGTC-1,0.00002,0.123794,0.876186
AGCCACAGGTTACCCG-1,0.000041,0.167285,0.832674
AGCCACTCCCGTGCTT-1,0.000027,0.01452,0.985454
AGCCATATAGTATGTG-1,0.000017,0.011478,0.988505
AGCCCATACATGTAAG-1,0.000061,0.041554,0.958385
AGCCCGCAACAAGCAG-1,0.000013,0.000027,0.99996
AGCCCGCACTACAATG-1,0.000019,0.747375,0.252605
AGCCCGGCATTAGAGG-1,0.008055,0.177799,0.814146
AGCCCGGTAGCCTGTA-1,0.049069,0.16741,0.783521
AGCCCTAAGCGAAGTT-1,0.000023,0.000045,0.999932
AGCCCTCCCTGGTGGC-1,0.000034,0.000067,0.999899
AGCCCTGTCGCACCGT-1,0.000026,0.14765,0.852324
AGCCCTTCTAATCCGA-1,0.010848,0.015708,0.973443
AGCCCTTGGACATCCC-1,0.000015,0.889128,0.110857
AGCCGCAAATTCAAAT-1,0.000016,0.000032,0.999952
AGCCGCTTGATTAGCG-1,0.000027,0.000055,0.999918
AGCCGTGGCTAAATGT-1,0.564739,0.097637,0.337625
AGCCTAATACCCACGT-1,0.077496,0.045801,0.876703
AGCCTTAAAGCGGAAG-1,0.073693,0.135526,0.790781
AGCCTTGTCACTGATA-1,0.000013,0.000027,0.99996
AGCGACAGGAACGGTC-1,0.000027,0.000054,0.99992
AGCGACATCCCATTCA-1,0.000021,0.000043,0.999936
AGCGACCAACGATATT-1,0.000041,0.101344,0.898615
AGCGACTTTGAAGACA-1,0.00002,0.000039,0.999941
AGCGAGACGTGAAGGC-1,0.000105,0.011384,0.988511
AGCGATGCGCCTAATA-1,0.007751,0.709409,0.28284
AGCGCATAATGAATCG-1,0.000018,0.000598,0.999385
AGCGCGGGTGCCAATG-1,0.008588,0.000058,0.991355
AGCGCTAGAGCGATGT-1,0.000035,0.048772,0.951193
AGCGCTTATGGGCAAG-1,0.000009,0.000164,0.999827
AGCGGACACTTCGTAG-1,0.000029,0.000057,0.999914
AGCGGCGGTTAGCGGT-1,0.000012,0.002598,0.997389
AGCGGGAAGGGTCCAT-1,0.816075,0.000117,0.183808
AGCGGGTCTGACACTC-1,0.000014,0.119343,0.880644
AGCGGTTGCCGCTCTG-1,0.081849,0.209503,0.708648
AGCGTGGTATTCTACT-1,0.000021,0.038283,0.961696
AGCTAACAAGCAATGT-1,0.000021,0.000041,0.999938
AGCTAAGCTCCGTCCG-1,0.000015,0.017094,0.982891
AGCTAAGTACGCAGGC-1,0.024015,0.193082,0.782902
AGCTAGAAGCAGAAGT-1,0.000022,0.00043,0.999548
AGCTATTTAATCCAAC-1,0.000014,0.000028,0.999959
AGCTCCATATATGTTC-1,0.000031,0.777679,0.22229
AGCTCCTTCGCACATC-1,0.000027,0.10273,0.897243
AGCTCGTTGATGGAAA-1,0.018395,0.154833,0.826773
AGCTCTAGACGTTCCA-1,0.000009,0.008276,0.991715
AGCTCTTCCCAGTGCA-1,0.39265,0.000122,0.607228
AGCTCTTCGTAACCTT-1,0.000018,0.099046,0.900936
AGCTCTTTACTCAGTT-1,0.000031,0.065151,0.934818
AGCTGAAGTAAACCAA-1,0.000011,0.02594,0.97405
AGCTGTAACCTCAATC-1,0.000026,0.000052,0.999922
AGCTTCTTCTCGAGCA-1,0.00002,0.557405,0.442574
AGCTTGATCAGGGTAG-1,0.000032,0.000064,0.999904
AGCTTGATCTTAACTT-1,0.000078,0.066541,0.93338
AGGAACGAACGACTTC-1,0.005319,0.852071,0.14261
AGGAAGCTGTCCGCCG-1,0.020225,0.081274,0.898501
AGGACAGTCGAATCCC-1,0.020231,0.051631,0.928138
AGGACATCGCACGTCG-1,0.057034,0.000312,0.942654
AGGACATCGGCACACT-1,0.000042,0.888925,0.111033
AGGACGACCCATTAGA-1,0.000016,0.001847,0.998137
AGGACGCTCGATGTTG-1,0.000019,0.005761,0.99422
AGGACTTATAGGAGAA-1,0.000684,0.000025,0.99929
AGGAGACATCCACAGT-1,0.000024,0.000047,0.999929
AGGAGAGTCTGGCTAC-1,0.000668,0.025774,0.973558
AGGAGGCCTTCGCGCG-1,0.000035,0.586415,0.413549
AGGATAAAGTCGGGAT-1,0.000009,0.000018,0.999973
AGGATATAGGGATTTA-1,0.000016,0.212623,0.78736
AGGATATCCGACTGCA-1,0.000558,0.165699,0.833743
AGGATCACGCGATCTG-1,0.000058,0.046716,0.953225
AGGATTGCTTACGACA-1,0.000023,0.003455,0.996522
AGGCAATACGGAGGAC-1,0.022923,0.291436,0.685641
AGGCACGTGACTGTCC-1,0.00002,0.875956,0.124024
AGGCAGATGCGTAAAC-1,0.010282,0.035307,0.954411
AGGCAGGGAGCGTACT-1,0.000055,0.00011,0.999835
AGGCATTGTCGTAGGG-1,0.000032,0.300407,0.69956
AGGCCACATTGGTTAC-1,0.014706,0.715562,0.269733
AGGCCACCCGTTATGA-1,0.000033,0.000066,0.9999
AGGCCCATTGTACAGG-1,0.000041,0.083198,0.916762
AGGCCCTAGAACGCCA-1,0.000047,0.117895,0.882058
AGGCCTATCATACCAA-1,0.000015,0.090436,0.909549
AGGCCTGAGAATCTCG-1,0.000014,0.057929,0.942058
AGGCGATAACTGGCGT-1,0.000034,0.97467,0.025296
AGGCGGTTTGTCCCGC-1,0.000045,0.000089,0.999866
AGGCGTCTATGGACGG-1,0.000068,0.327724,0.672209
AGGCTATGGTTAGCTT-1,0.000102,0.000205,0.999693
AGGCTTAAGTTGCACA-1,0.000031,0.000062,0.999907
AGGCTTCCCGAAGAAG-1,0.00003,0.00006,0.999911
AGGCTTGCTAGACACC-1,0.973432,0.004365,0.022203
AGGGAAACGAGGTACT-1,0.008559,0.191443,0.799998
AGGGACCGGCTGCGTT-1,0.000012,0.00563,0.994358
AGGGACTCTACGCGAC-1,0.00003,0.022763,0.977207
AGGGAGACATACTTCG-1,0.000015,0.018671,0.981314
AGGGCCCTAATGTTCT-1,0.001467,0.926127,0.072406
AGGGCGAGCAGCTGAT-1,0.034663,0.043869,0.921468
AGGGCGTGATCGGCTA-1,0.000063,0.020453,0.979484
AGGGCTGCAGTTACAG-1,0.000012,0.045429,0.954559
AGGGTCAGAGCACTCG-1,0.000021,0.000042,0.999938
AGGGTCAGTAACCCTA-1,0.017682,0.000165,0.982153
AGGGTCGATGCGAACT-1,0.006134,0.092173,0.901693
AGGGTCTGGACGCAGT-1,0.00007,0.909775,0.090155
AGGGTGCCGTTCTTTA-1,0.006387,0.000057,0.993557
AGGGTGCTCTCGAGGG-1,0.000024,0.000048,0.999928
AGGGTGGATAGTGCAT-1,0.000024,0.001031,0.998945
AGGGTTCAGACGGTCC-1,0.000039,0.000078,0.999883
AGGGTTCCCTTTGGTT-1,0.000012,0.033794,0.966194
AGGGTTTAGTTCGGGA-1,0.000013,0.062857,0.93713
AGGTAACCTCCTATTC-1,0.101056,0.060573,0.838371
AGGTACGATATTGCCA-1,0.000037,0.05939,0.940573
AGGTAGATCGAGATAT-1,0.000018,0.000036,0.999946
AGGTAGGTACAAAGCT-1,0.000017,0.000034,0.999948
AGGTATAATTGATAGT-1,0.000021,0.028365,0.971614
AGGTATGCGGACATTA-1,0.000016,0.016866,0.983119
AGGTCAGGTGAGAGTG-1,0.000123,0.000247,0.99963
AGGTCGCCTCCCAACA-1,0.000015,0.915879,0.084107
AGGTCGCGGAGTTACT-1,0.018164,0.000091,0.981745
AGGTGCACGTCCACAT-1,0.000024,0.61852,0.381456
AGGTGGTGACCTTCGC-1,0.000038,0.093448,0.906514
AGGTGTATCGCCATGA-1,0.000106,0.000212,0.999682
AGGTGTTGCCGACCAC-1,0.002649,0.934624,0.062727
AGGTTACACCATGCCG-1,0.025497,0.215092,0.759412
AGGTTCTCCTTTCCGG-1,0.00336,0.061647,0.934992
AGGTTGAGGCACGCTT-1,0.000016,0.047903,0.952082
AGGTTTCACACACCTT-1,0.000028,0.040132,0.95984
AGTAACTATAGCAGCC-1,0.000016,0.824111,0.175873
AGTAATCTAAGGGTGG-1,0.000032,0.055527,0.944441
AGTAATGTCTTGCCGC-1,0.000014,0.000029,0.999957
AGTAATTTGCAAGCGT-1,0.000017,0.001404,0.998579
AGTACAGAAGCTTATA-1,0.004857,0.101486,0.893657
AGTACATCATTTATCA-1,0.000012,0.000024,0.999965
AGTACCTTCGAGTGCT-1,0.000123,0.067247,0.932629
AGTACGGCCCGTATCG-1,0.011636,0.000032,0.988331
AGTACGGGCACCTGGC-1,0.000024,0.002568,0.997407
AGTACTCTTATGCCCA-1,0.000041,0.226893,0.773066
AGTAGAAGGCGCCTCA-1,0.000022,0.000044,0.999935
AGTAGGAAGGAAGTTG-1,0.000024,0.000047,0.999929
AGTAGGTAACATACAT-1,0.092695,0.000143,0.907162
AGTATAATACTAGGCA-1,0.000063,0.04525,0.954687
AGTATACACAGCGACA-1,0.000045,0.056275,0.94368
AGTATGCTGGAGACCA-1,0.000048,0.068417,0.931535
AGTATTTGGCACGACC-1,0.000052,0.000104,0.999844
AGTCAAATGATGTGAT-1,0.01368,0.008361,0.977958
AGTCAACACCACCATC-1,0.006573,0.063523,0.929904
AGTCAAGATGACACTT-1,0.00162,0.305301,0.69308
AGTCACTAGCTCTCGA-1,0.000051,0.614903,0.385046
AGTCAGCCACCGCCTG-1,0.212962,0.066902,0.720136
AGTCCATTGGCTGATG-1,0.000021,0.026022,0.973957
AGTCCCGCCTTTAATT-1,0.000017,0.059735,0.940248
AGTCCCTCGCAGAAAG-1,0.000017,0.008311,0.991671
AGTCGAAACGATTCAG-1,0.000016,0.128121,0.871863
AGTCGACGGTCTCAAG-1,0.00002,0.06546,0.934519
AGTCGGCCCAAACGAC-1,0.000015,0.000029,0.999956
AGTCGGCTCAACTTTA-1,0.000105,0.025783,0.974112
AGTCGGTTGCGTGAGA-1,0.000019,0.000038,0.999944
AGTCGTATAAAGCAGA-1,0.000019,0.214566,0.785416
AGTCGTCGACCACCAA-1,0.000028,0.183728,0.816244
AGTCGTGGGCATTACG-1,0.000031,0.000062,0.999907
AGTCTAAAGTATACTC-1,0.000014,0.021177,0.978808
AGTCTCACAAGACTAC-1,0.000028,0.000057,0.999915
AGTCTGGACATCCTTG-1,0.316273,0.038229,0.645498
AGTCTTCTCCTCAAAT-1,0.024196,0.088994,0.88681
AGTCTTTAAAGTGTCC-1,0.00005,0.031449,0.9685
AGTGAACAAACTTCTC-1,0.002337,0.13442,0.863243
AGTGAAGATGGTGTCC-1,0.025165,0.030612,0.944224
AGTGACCTACTTTACG-1,0.004016,0.000103,0.995881
AGTGACTGTGACACAA-1,0.000036,0.226018,0.773946
AGTGAGACTTCCAGTA-1,0.000015,0.00003,0.999954
AGTGAGCCTCGCCGCC-1,0.000016,0.000699,0.999285
AGTGAGGGTTTCTGAC-1,0.008879,0.058916,0.932205
AGTGAGTCGAATTAAC-1,0.000049,0.842006,0.157946
AGTGATAACCTGCGCG-1,0.000032,0.126597,0.873371
AGTGATATGAGTAGTT-1,0.014419,0.000095,0.985487
AGTGATTCAAGCAGGA-1,0.004348,0.103667,0.891985
AGTGCACGCTTAAGAA-1,0.00003,0.883745,0.116225
AGTGCGTAGCTCGTAA-1,0.000028,0.000055,0.999917
AGTGCTAAACACAGCA-1,0.001787,0.078468,0.919744
AGTGCTTGCACGAATA-1,0.00003,0.000061,0.999909
AGTGGCCCGCAAATGG-1,0.000034,0.218869,0.781097
AGTGGCGGCAATTTGA-1,0.00968,0.127041,0.863279
AGTGGCGTCTGAAGGT-1,0.000023,0.066403,0.933575
AGTGGCTCCGTCGGCC-1,0.009142,0.000033,0.990825
AGTGGGAGTATACACG-1,0.025006,0.046669,0.928325
AGTGGTGTTACCCGTG-1,0.000018,0.000036,0.999946
AGTGGTTGCGTATAGG-1,0.000047,0.009678,0.990275
AGTGTATTGCGCATTG-1,0.000026,0.000052,0.999922
AGTGTGCTAAGATCGC-1,0.039472,0.097413,0.863115
AGTGTGGTCTATTGTG-1,0.807343,0.003567,0.18909
AGTTAAACACTTGCGA-1,0.000019,0.000037,0.999944
AGTTAAGCGGTCCCGG-1,0.000009,0.000151,0.99984
AGTTAAGTCAACCGCT-1,0.000073,0.092326,0.907601
AGTTACCCTTAAGACT-1,0.000012,0.000024,0.999964
AGTTACCGCACATGGT-1,0.000059,0.078202,0.921739
AGTTACTCTATCGTGG-1,0.000019,0.000039,0.999942
AGTTCACCGGTTGGAC-1,0.006261,0.026011,0.967728
AGTTCCTACAGAATTA-1,0.000042,0.062877,0.937082
AGTTCCTATTTATGTT-1,0.000029,0.013349,0.986622
AGTTCTGCGTTGTATC-1,0.638794,0.023796,0.337411
AGTTGACGGTCCTTGC-1,0.000038,0.287415,0.712547
AGTTGCGGTCCTCAAC-1,0.000025,0.00005,0.999925
AGTTGCTGACTGATAT-1,0.999663,0.000056,0.000281
AGTTGGCAAGGCTAGA-1,0.000037,0.695,0.304963
AGTTTATGTAAAGACA-1,0.00003,0.00006,0.99991
AGTTTCGCAGGTCGGA-1,0.000112,0.014981,0.984907
AGTTTGCACCTGCCTC-1,0.000033,0.1526,0.847367
AGTTTGGCACGGGTTG-1,0.000035,0.392686,0.607279
AGTTTGGCCAGACCTA-1,0.000021,0.000043,0.999936
ATAAACGGACCCGTAA-1,0.000031,0.053224,0.946745
ATAAACGTTGCACCAC-1,0.000018,0.85499,0.144992
ATAAAGGCTCGGTCGT-1,0.000027,0.000059,0.999913
ATAAATATTAGCAGCT-1,0.000042,0.057813,0.942145
ATAACGCCGGAGGGTC-1,0.101957,0.000118,0.897925
ATAACGGAGTCCAACG-1,0.000024,0.000048,0.999928
ATAACGTTACCTCCAC-1,0.001416,0.018444,0.98014
ATAAGCAAACACCGAG-1,0.004423,0.006886,0.988691
ATAAGGTGGAGAACAT-1,0.000015,0.062243,0.937742
ATAAGTACCCGATTGT-1,0.040145,0.000158,0.959697
ATAAGTAGGATTCAGA-1,0.000025,0.000051,0.999924
ATAAGTAGGGCGACTC-1,0.000031,0.065328,0.934641
ATAAGTTACCGCGACG-1,0.000026,0.018021,0.981954
ATAATACCGTTAGCCG-1,0.419129,0.096837,0.484034
ATAATAGCTGTTGAAT-1,0.000024,0.067807,0.93217
ATAATAGTGTAGGGAC-1,0.577582,0.000097,0.422321
ATAATCTTGGAGAACC-1,0.000029,0.098394,0.901578
ATAATTAGCTAAGTAG-1,0.000034,0.033866,0.9661
ATACAGCGTCCACTGA-1,0.000047,0.000094,0.99986
ATACAGGCCCTCCAAT-1,0.000023,0.043816,0.956161
ATACCACGGGCAACTT-1,0.007158,0.01997,0.972872
ATACCCTCCCGGCCAA-1,0.000016,0.008886,0.991097
ATACCGTCATCCATAA-1,0.038066,0.028371,0.933563
ATACCTAACCAAGAAA-1,0.001858,0.053337,0.944804
ATACGAAGGCTTTCCA-1,0.023271,0.002032,0.974697
ATACGAGGTTTGTAAG-1,0.004572,0.000068,0.99536
ATACGCCGGCGAAACC-1,0.00002,0.109626,0.890353
ATACGGAACGTCGTTT-1,0.000198,0.000395,0.999407
ATACGGGTTTCGATTG-1,0.000037,0.000073,0.99989
ATACGGTGAAGATGCA-1,0.000015,0.011203,0.988782
ATACGTACTTAGCCAC-1,0.007885,0.067049,0.925066
ATACGTCCACTCCTGT-1,0.000022,0.076319,0.923659
ATACGTTATGCACGGA-1,0.000024,0.000268,0.999708
ATACTACCCGTACCAC-1,0.000034,0.656106,0.34386
ATACTAGCATGACCCT-1,0.023486,0.020077,0.956438
ATACTGCCTTACACCG-1,0.000014,0.049598,0.950388
ATACTTGTTCTCGAGC-1,0.000014,0.004211,0.995774
ATAGACAACGGGACCT-1,0.000013,0.055875,0.944112
ATAGACGAAGAGAAAG-1,0.007092,0.047677,0.945232
ATAGAGTACTGGGACA-1,0.000019,0.000038,0.999944
ATAGAGTTATCAACTT-1,0.005086,0.000128,0.994786
ATAGCAACTAGGGAAG-1,0.000028,0.563357,0.436616
ATAGCCATAACAGTCA-1,0.000032,0.918911,0.081057
ATAGCCTCAGTACCCA-1,0.102902,0.349328,0.54777
ATAGCTGCTCTTGTTA-1,0.026498,0.014752,0.95875
ATAGGCGGCTATAGAA-1,0.000022,0.112054,0.887923
ATAGGCTAGCTTCGCA-1,0.000016,0.000033,0.999951
ATAGGGATATCCTTGA-1,0.003286,0.000066,0.996648
ATAGGTTGGGCAGATG-1,0.000038,0.000076,0.999885
ATAGTGAAGCGTTCTC-1,0.000036,0.000072,0.999892
ATAGTTCCACCCACTC-1,0.000027,0.06643,0.933542
ATATAAAGCGCTCGTG-1,0.000052,0.050174,0.949774
ATATAAATGTAGCTGC-1,0.001513,0.054733,0.943754
ATATAACACGGGCGCA-1,0.000018,0.226622,0.773359
ATATACATGTATGGTA-1,0.00002,0.000779,0.9992
ATATACGCTCGTGACG-1,0.000034,0.928914,0.071052
ATATAGAGTATTGGTC-1,0.000018,0.126109,0.873873
ATATCAACCTACAGAG-1,0.000008,0.022178,0.977814
