Barcode,Topic 1,Topic 2,Topic 3to5,Topic 6to10
AAACAACGAATAGTTC-1,0.060804,0.227982,0.022041,0.689174
AAACAAGTATCTCCCA-1,0.188188,0.071692,0.554588,0.185533
AAACACCAATAACTGC-1,0.288895,0.015505,0.201687,0.493913
AAACAGAGCGACTCCT-1,0.454136,0.024345,0.071618,0.449901
AAACAGCTTTCAGAAG-1,0.131853,0.010989,0.371041,0.486117
AAACAGGGTCTATATT-1,0.036129,0.141116,0.469094,0.35366
AAACAGTGTTCCTGGG-1,0.21686,0.006935,0.665334,0.110871
AAACATGGTGAGAGGA-1,0.007051,0.119438,0.41023,0.463281
AAACATTTCCCGGATT-1,0.147011,0.35383,0.08762,0.411539
AAACCCGAACGAAATC-1,0.189506,0.362134,0.256632,0.191728
AAACCGGAAATGTTAA-1,0.19633,0.002633,0.513744,0.287292
AAACCGGGTAGGTACC-1,0.034399,0.383071,0.318673,0.263857
AAACCGTTCGTCCAGG-1,0.280352,0.15957,0.180456,0.379622
AAACCTAAGCAGCCGG-1,0.007425,0.987687,0.000153,0.004735
AAACCTCATGAAGTTG-1,0.152458,0.013793,0.295421,0.538328
AAACGAAGAACATACC-1,0.037316,0.30555,0.12431,0.532823
AAACGAAGATGGAGTA-1,0.071191,0.000023,0.291945,0.636841
AAACGAGACGGTTGAT-1,0.098065,0.254273,0.040667,0.606995
AAACGCCCGAGATCGG-1,0.026253,0.009899,0.312254,0.651594
AAACGCTGGGCACGAC-1,0.344097,0.000036,0.655685,0.000182
AAACGGGCGTACGGGT-1,0.000221,0.002439,0.345505,0.651835
AAACGGGTTGGTATCC-1,0.10478,0.304439,0.005144,0.585637
AAACGGTTGCGAACTG-1,0.001566,0.343318,0.463235,0.191882
AAACGTGTTCGCCCTA-1,0.435977,0.168481,0.097454,0.298089
AAACTAACGTGGCGAC-1,0.110936,0.054315,0.315995,0.518754
AAACTCGGTTCGCAAT-1,0.140591,0.302553,0.231848,0.325008
AAACTCGTGATATAAG-1,0.656646,0.240144,0.067476,0.035734
AAACTGCTGGCTCCAA-1,0.042831,0.339776,0.528999,0.088395
AAACTTAATTGCACGC-1,0.190172,0.026881,0.214739,0.568209
AAACTTGCAAACGTAT-1,0.298107,0.037204,0.237667,0.427022
AAAGAATGACCTTAGA-1,0.383741,0.00779,0.233219,0.375251
AAAGAATGTGGACTAA-1,0.369607,0.086896,0.453871,0.089625
AAAGACATGAAGTTTA-1,0.133757,0.006576,0.129524,0.730143
AAAGACCCAAGTCGCG-1,0.025004,0.412567,0.080693,0.481736
AAAGACTGGGCGCTTT-1,0.376753,0.097953,0.092257,0.433037
AAAGCTTGCCTACATA-1,0.102681,0.051593,0.564864,0.280862
AAAGGCCCTATAATAC-1,0.065919,0.114737,0.371561,0.447783
AAAGGCTACGGACCAT-1,0.110554,0.137804,0.24822,0.503423
AAAGGCTCTCGCGCCG-1,0.163679,0.266342,0.254166,0.315813
AAAGGGATGTAGCAAG-1,0.053689,0.165554,0.292752,0.488004
AAAGGGCAGCTTGAAT-1,0.199444,0.072336,0.060842,0.667378
AAAGGTAAGCTGTACC-1,0.349617,0.164825,0.380302,0.105257
AAAGTAGCATTGCTCA-1,0.070709,0.000008,0.439514,0.489769
AAAGTCACTGATGTAA-1,0.116319,0.22447,0.124855,0.534357
AAAGTCGACCCTCAGT-1,0.110056,0.006756,0.325158,0.55803
AAAGTGCCATCAATTA-1,0.095544,0.000019,0.904342,0.000094
AAAGTGTGATTTATCT-1,0.157555,0.082848,0.234096,0.525501
AAAGTTGACTCCCGTA-1,0.003837,0.000009,0.159512,0.836643
AAATAACCATACGGGA-1,0.250245,0.013055,0.026009,0.710691
AAATAAGGTAGTGCCC-1,0.208377,0.415726,0.123226,0.252671
AAATACCTATAAGCAT-1,0.00008,0.332874,0.479937,0.187109
AAATAGCTTAGACTTT-1,0.142989,0.004894,0.153487,0.69863
AAATAGGGTGCTATTG-1,0.004963,0.823392,0.085849,0.085797
AAATCCGATACACGCC-1,0.019752,0.000019,0.324447,0.655782
AAATCGCGGAAGGAGT-1,0.274118,0.024143,0.052737,0.649001
AAATCGTGTACCACAA-1,0.217142,0.069274,0.01943,0.694155
AAATCTAGCCCTGCTA-1,0.639952,0.03546,0.129794,0.194795
AAATCTGCCCGCGTCC-1,0.031896,0.038604,0.864549,0.064951
AAATGACTGATCAAAC-1,0.002593,0.10586,0.203715,0.687832
AAATGATTCGATCAGC-1,0.43249,0.072462,0.10636,0.388688
AAATGCTCGTTACGTT-1,0.18015,0.066495,0.027133,0.726221
AAATGGCATGTCTTGT-1,0.000094,0.983228,0.000282,0.016396
AAATGGCCCGTGCCCT-1,0.000354,0.087989,0.546557,0.3651
AAATGGTCAATGTGCC-1,0.015211,0.046806,0.063727,0.874256
AAATGTATCTTATCCC-1,0.378838,0.031031,0.019794,0.570337
AAATTAACGGGTAGCT-1,0.159581,0.779871,0.012811,0.047737
AAATTAATAAGCGCGA-1,0.042713,0.140799,0.126122,0.690365
AAATTACACGACTCTG-1,0.275775,0.153514,0.052852,0.517859
AAATTACCTATCGATG-1,0.654845,0.023689,0.007819,0.313647
AAATTCCAGGTCCAAA-1,0.103731,0.013813,0.442045,0.440411
AAATTGATAGTCCTTT-1,0.285516,0.003047,0.342015,0.369422
AAATTGCGGCGGTTCT-1,0.118158,0.049043,0.000183,0.832616
AAATTGGTGAGAAGCA-1,0.632155,0.030922,0.038651,0.298272
AAATTTACCGAAATCC-1,0.069492,0.33832,0.00009,0.592098
AAATTTGCGGGTGTGG-1,0.443301,0.022355,0.245382,0.288962
AACAACTGGTAGTTGC-1,0.053704,0.002518,0.06124,0.882538
AACAATACATTGTCGA-1,0.000047,0.066511,0.513141,0.4203
AACAATTACTCTACGC-1,0.031884,0.075576,0.188362,0.704179
AACACACGCTCGCCGC-1,0.359557,0.118345,0.115275,0.406823
AACACGACTGTACTGA-1,0.115176,0.340382,0.126981,0.417461
AACACGAGACGCGGCC-1,0.135966,0.045137,0.219306,0.59959
AACACGCGGCCGCGAA-1,0.000094,0.999151,0.000283,0.000472
AACAGCTGTGTGGCAA-1,0.187277,0.007966,0.316918,0.487839
AACAGGAAATCGAATA-1,0.000144,0.98372,0.000432,0.015703
AACAGGATGGGCCGCG-1,0.083729,0.005037,0.249881,0.661354
AACAGGTAGTATGGAT-1,0.02976,0.005289,0.39496,0.569991
AACATAGCGTGTATCG-1,0.329075,0.56403,0.072297,0.034599
AACATATCAACTGGTG-1,0.345845,0.30558,0.038995,0.309581
AACATCGATACGTCTA-1,0.421544,0.129373,0.017856,0.431227
AACATTGAAGTTGATC-1,0.074229,0.000167,0.490294,0.435309
AACATTGGTCAGCCGT-1,0.184648,0.558897,0.000329,0.256125
AACATTGTGACTCGAG-1,0.151214,0.151904,0.251555,0.445327
AACCAAGACTTCTCTG-1,0.034709,0.05307,0.346234,0.565986
AACCAGTATCACTCTT-1,0.002052,0.000016,0.036565,0.961368
AACCATAGGGTTGAAC-1,0.02733,0.311662,0.359239,0.301768
AACCATGGGATCGCTA-1,0.210854,0.416221,0.021921,0.351004
AACCCAGAGACGGAGA-1,0.000012,0.000012,0.005692,0.994283
AACCCATCCCATGATC-1,0.061341,0.281945,0.382708,0.274006
AACCCGACAACCCGTG-1,0.153895,0.226455,0.28924,0.33041
AACCCGAGCAGAATCG-1,0.760842,0.017198,0.150139,0.071821
AACCCGCTGTATTCCA-1,0.214006,0.195575,0.425773,0.164646
AACCCTACTGTCAATA-1,0.278068,0.005892,0.104742,0.611299
AACCCTGGTGGAACCA-1,0.000098,0.985842,0.000295,0.013765
AACCGAGCTTGGTCAT-1,0.407634,0.000067,0.000202,0.592097
AACCGCTAAGGGATGC-1,0.473189,0.147506,0.000131,0.379174
AACCGTTGTGTTTGCT-1,0.380573,0.617864,0.000586,0.000977
AACCTAAAGCCGTCCG-1,0.214585,0.159315,0.000139,0.625961
AACCTCGCTTTAGCCC-1,0.000073,0.961475,0.019432,0.01902
AACCTGTCACGGAATT-1,0.424339,0.293695,0.148156,0.133811
AACCTTTAAATACGGT-1,0.102616,0.896479,0.000339,0.000566
AACCTTTACGACGTCT-1,0.028565,0.15539,0.122225,0.69382
AACGAAAGTCGTCCCA-1,0.242349,0.02274,0.47357,0.26134
AACGACCTCCTAGCCG-1,0.160864,0.000024,0.83899,0.000121
AACGATAATGCCGTAG-1,0.123171,0.468823,0.080066,0.32794
AACGATAGAAGGGCCG-1,0.007657,0.333218,0.060251,0.598874
AACGATATGTCAACTG-1,0.172766,0.007351,0.008041,0.811841
AACGCATGATCTGGGT-1,0.265719,0.102345,0.082641,0.549296
AACGCGAACGGCAACA-1,0.000025,0.305921,0.10893,0.585124
AACGCGACCTTGGGCG-1,0.173478,0.076685,0.334739,0.415098
AACGCGGTCTCCAGCC-1,0.000078,0.45126,0.251803,0.296858
AACGCTGTTGCTGAAA-1,0.259613,0.031151,0.26765,0.441586
AACGGACGTACGTATA-1,0.089711,0.522212,0.111809,0.276268
AACGGCCATCTCCGGT-1,0.292107,0.174836,0.135074,0.397983
AACGTACTGTGGGTAC-1,0.178159,0.095952,0.153887,0.572001
AACGTCAGACTAGTGG-1,0.342405,0.01642,0.002355,0.63882
AACGTCATCCGGCTTG-1,0.443062,0.091674,0.368448,0.096816
AACGTCGCTGCACTTC-1,0.010106,0.011828,0.829546,0.14852
AACGTGATGAAGGACA-1,0.089462,0.063512,0.024792,0.822235
AACGTGCGAAAGTCTC-1,0.207193,0.283823,0.00024,0.508744
AACGTTATCAGCACCT-1,0.032292,0.497619,0.147175,0.322913
AACGTTCTACCATTGT-1,0.029763,0.000017,0.828704,0.141517
AACTACCCGTTTGTCA-1,0.182956,0.120331,0.370314,0.326399
AACTAGGCTTGGGTGT-1,0.247234,0.056844,0.268307,0.427614
AACTCAAGTTAATTGC-1,0.079644,0.000021,0.147033,0.773302
AACTCCAGAGCGTGTT-1,0.000711,0.421462,0.188396,0.389431
AACTCCTAATCCCATG-1,0.29599,0.106058,0.155357,0.442595
AACTCGATAAACACGT-1,0.002749,0.277968,0.008702,0.710581
AACTCGATGGCGCAGT-1,0.038037,0.000034,0.008188,0.953742
AACTCTCAATAGAGCG-1,0.003814,0.00001,0.064426,0.93175
AACTCTCAGTGTGCTC-1,0.08401,0.002538,0.424368,0.489084
AACTGAGGTCAGCGTC-1,0.110699,0.471902,0.194552,0.222847
AACTGAGTTATACTGA-1,0.199617,0.000028,0.800194,0.000161
AACTGATATTAGGCCT-1,0.000103,0.999069,0.00031,0.000517
AACTGGGTCCCGACGT-1,0.013088,0.985873,0.00039,0.00065
AACTGGGTTCGAGCCG-1,0.391287,0.000847,0.000119,0.607747
AACTTCTGCGTCTATC-1,0.376604,0.346377,0.000158,0.276861
AACTTGCCCGTATGCA-1,0.000016,0.248893,0.035483,0.715607
AACTTGCGTTCTCGCG-1,0.007735,0.07524,0.006103,0.910923
AACTTTACGGGAGCTT-1,0.123061,0.021622,0.148986,0.706332
AACTTTCTCGATCATG-1,0.000535,0.040057,0.455171,0.504237
AAGAAAGTTTGATGGG-1,0.150505,0.151184,0.683352,0.01496
AAGAAATCACCAGATT-1,0.473974,0.126002,0.312117,0.087908
AAGAAGGATCAGTTAG-1,0.022399,0.007602,0.006467,0.963533
AAGACATACGTGGTTT-1,0.388638,0.003102,0.60636,0.0019
AAGACCAAATAACTCA-1,0.19412,0.002987,0.178535,0.624358
AAGACCCAACTGAACA-1,0.214936,0.022572,0.255886,0.506606
AAGACTAACCCGTTGT-1,0.000066,0.879073,0.120529,0.000332
AAGACTCACGCCCACT-1,0.262769,0.127838,0.03574,0.573653
AAGACTGCAAGCTACT-1,0.119052,0.612748,0.000473,0.267727
AAGAGATGAATCGGTA-1,0.54157,0.213366,0.000141,0.244923
AAGAGCTCTTTATCGG-1,0.189525,0.033935,0.0943,0.682239
AAGAGGATGTACGCGA-1,0.238481,0.236385,0.177081,0.348053
AAGAGGCATGGATCGC-1,0.230034,0.063697,0.071058,0.635211
AAGAGGCCCTTTGGAA-1,0.173894,0.122141,0.625683,0.078281
AAGATGGCACCGGACC-1,0.245159,0.034175,0.255493,0.465173
AAGATTGGCGGAACGT-1,0.73342,0.193561,0.000119,0.0729
AAGCACCCTGCGTATC-1,0.00569,0.506812,0.475709,0.011789
AAGCATACTCTCCTGA-1,0.100433,0.650413,0.176261,0.072893
AAGCCACTTGCAGGTA-1,0.072624,0.014618,0.828305,0.084452
AAGCCGAAGCGGTTTA-1,0.007304,0.206943,0.266743,0.519009
AAGCCGCCGTGAAATC-1,0.050013,0.050015,0.649881,0.250091
AAGCCGCTTTACCTTG-1,0.009183,0.049924,0.716568,0.224325
AAGCCGGAGAGCAGGA-1,0.072402,0.000016,0.925437,0.002144
AAGCGCAGGGCTTTGA-1,0.289534,0.709692,0.00029,0.000484
AAGCGGAGTGCGCGCA-1,0.161973,0.029973,0.259248,0.548806
AAGCGGCGTCATGGGT-1,0.434117,0.032923,0.018918,0.514043
AAGCGTCCCTCATCGA-1,0.53283,0.007424,0.060159,0.399587
AAGCTAGATCGAGTAA-1,0.010525,0.840102,0.126552,0.022821
AAGCTATGGATTGACC-1,0.261416,0.020031,0.702029,0.016525
AAGCTCGTGCCAAGTC-1,0.045654,0.859656,0.000274,0.094416
AAGCTCTTTCATGGTG-1,0.099584,0.862822,0.000262,0.037332
AAGGAGCGGTTGGTGC-1,0.047097,0.015234,0.079189,0.85848
AAGGATCGATCGCTTG-1,0.514877,0.010649,0.333792,0.140682
AAGGATGAGGGACCTC-1,0.432634,0.474013,0.000139,0.093214
AAGGCAGGCTGTCTCC-1,0.400844,0.327395,0.255309,0.016452
AAGGCGCGTAAAGCTT-1,0.174609,0.197735,0.039428,0.588229
AAGGCTGTGCTCATCG-1,0.131054,0.21022,0.035638,0.623088
AAGGGAACGACTGGCT-1,0.176462,0.007945,0.34374,0.471853
AAGGGACAGATTCTGT-1,0.379005,0.006768,0.153535,0.460693
AAGGGACTATGCATTC-1,0.001975,0.365699,0.31171,0.320616
AAGGGTTAGCCATGCG-1,0.211998,0.039564,0.667852,0.080587
AAGGGTTTGATTTCAG-1,0.012476,0.278987,0.403771,0.304765
AAGGTATCCTAATATA-1,0.25694,0.150021,0.006036,0.587003
AAGGTGATAAACCAGC-1,0.293547,0.217204,0.06865,0.4206
AAGTAGAAGACCGGGT-1,0.005282,0.651747,0.006229,0.336742
AAGTAGTGACGCGAGG-1,0.257694,0.07628,0.192181,0.473844
AAGTCAATTGTCGTCA-1,0.130403,0.573873,0.106235,0.189489
AAGTCTAGTAGCTGCC-1,0.000011,0.162649,0.655898,0.181442
AAGTCTTCTGTGGCCT-1,0.007356,0.000006,0.475228,0.517409
AAGTGACGACCGAATT-1,0.186737,0.000024,0.178822,0.634417
AAGTGAGTCGGGTTTA-1,0.102605,0.000009,0.148092,0.749293
AAGTGCAAAGGTAGAC-1,0.083506,0.006719,0.314919,0.594856
AAGTGCCTTGACTGTA-1,0.1915,0.001867,0.452993,0.35364
AAGTGCGTTAGAATCT-1,0.106594,0.010323,0.177994,0.705089
AAGTGCTTCTCTATTG-1,0.28343,0.027019,0.453594,0.235957
AAGTGTTTGGAGACGG-1,0.122316,0.544541,0.073526,0.259618
AAGTTCACTCCAAGCT-1,0.045186,0.000025,0.056509,0.89828
AAGTTCAGTCTGCGTA-1,0.299585,0.038538,0.124916,0.536961
AAGTTCGGCCAACAGG-1,0.620452,0.017655,0.128486,0.233407
AAGTTGTGATGTTATA-1,0.243377,0.08653,0.511278,0.158815
AAGTTTATGGGCCCAA-1,0.00002,0.00271,0.581496,0.415773
AATAACAACGCTCGGC-1,0.348481,0.00695,0.004739,0.63983
AATAACACTAGAACAA-1,0.39494,0.008047,0.171385,0.425629
AATAACGTCGCGCCCA-1,0.026625,0.114478,0.681029,0.177868
AATAAGTCCTCGAGAC-1,0.023714,0.975519,0.000288,0.00048
AATAATCTTCGTATCG-1,0.352316,0.000025,0.434334,0.213325
AATACAATGTTTCAGG-1,0.000033,0.751655,0.000366,0.247947
AATACCGGAGGGCTGT-1,0.11925,0.000117,0.474438,0.406196
AATACCTGATGTGAAC-1,0.112946,0.107812,0.534038,0.245205
AATAGAACAGAGTGGC-1,0.375239,0.154041,0.01394,0.456781
AATAGAATCTGTTTCA-1,0.067218,0.037949,0.068658,0.826174
AATAGCAAGCCTCCTG-1,0.144991,0.030655,0.309668,0.514686
AATAGCTACCGCGTGC-1,0.263811,0.059714,0.14693,0.529545
AATAGGCACGACCCTT-1,0.245751,0.168005,0.32222,0.264024
AATAGTCCGTCCCGAC-1,0.270381,0.105339,0.212525,0.411755
AATAGTCGCGAGTCGG-1,0.33564,0.249819,0.011998,0.402543
AATATCAAGGTCGGAT-1,0.072893,0.313817,0.000237,0.613053
AATATCCTAGCAAACT-1,0.115779,0.087978,0.396064,0.400179
AATATCGAATCAATGC-1,0.340321,0.012971,0.267237,0.379471
AATATCGAGGGTTCTC-1,0.24091,0.02986,0.031281,0.697948
AATATTGGAGTATTGA-1,0.225555,0.031397,0.110312,0.632736
AATCAGACTGCAGGAC-1,0.000061,0.846152,0.126587,0.0272
AATCAGGTTTCATTTA-1,0.024431,0.068425,0.577865,0.329279
AATCATGTAAAGACTC-1,0.07252,0.122434,0.470011,0.335034
AATCCAAGGGCCTGAG-1,0.000071,0.99621,0.003362,0.000357
AATCCATGCAAGGGTG-1,0.003921,0.000027,0.000298,0.995754
AATCCCGCTCAGAGCC-1,0.013322,0.075381,0.46864,0.442657
AATCGAGGTCTCAAGG-1,0.410603,0.421172,0.167847,0.000379
AATCGCCTCAGCGCCA-1,0.187727,0.08103,0.064076,0.667168
AATCGCGCAGAGGACT-1,0.768741,0.053264,0.17694,0.001055
AATCGGGACACTACGA-1,0.023021,0.274818,0.124791,0.57737
AATCGGTATAGCCCTC-1,0.142913,0.292269,0.491793,0.073025
AATCGTGAGCCGAGCA-1,0.023094,0.87086,0.105665,0.000381
AATCTAGGTTTACTTG-1,0.026898,0.017454,0.377687,0.577961
AATCTATGCCGGAGCC-1,0.003346,0.000006,0.031459,0.965189
AATCTCTACTGTGGTT-1,0.042887,0.00042,0.506786,0.449906
AATCTGCGTTGGGACG-1,0.453786,0.164794,0.000091,0.381328
AATCTGGCTTTCTAGT-1,0.012901,0.187799,0.482773,0.316528
AATCTGGGTAGACCCT-1,0.200038,0.117661,0.035615,0.646686
AATGACAGCAATGTCT-1,0.195574,0.185914,0.28406,0.334453
AATGACGTAGGATGTC-1,0.284963,0.225948,0.117787,0.371302
AATGACTGTCAGCCGG-1,0.000025,0.17513,0.006764,0.818081
AATGAGTTCGCATATG-1,0.265408,0.010246,0.008558,0.715788
AATGATGATACGCTAT-1,0.500946,0.340662,0.040458,0.117935
AATGATGCGACTCCTG-1,0.514012,0.02505,0.042534,0.418404
AATGCAACCGGGTACC-1,0.021449,0.402752,0.063376,0.512423
AATGCACCAAGCAATG-1,0.085919,0.104137,0.042965,0.766979
AATGGTCCACCGTTCA-1,0.000132,0.019753,0.065965,0.91415
AATGGTTCTCACAAGC-1,0.171388,0.008746,0.052968,0.766899
AATGTATGGCACTGTA-1,0.18398,0.003104,0.259146,0.553769
AATGTGCCCGAGGTGT-1,0.071905,0.15082,0.401866,0.375409
AATGTGCTAATCTGAG-1,0.203581,0.178853,0.314797,0.302769
AATGTTAAGACCCTGA-1,0.128825,0.221649,0.3758,0.273727
AATGTTGTCGTGAGAC-1,0.173687,0.157637,0.624197,0.044479
AATTAAAGGTCGGCGT-1,0.004956,0.708952,0.012109,0.273982
AATTAACGGATTTCCA-1,0.115285,0.237447,0.101545,0.545723
AATTACGAGACCCATC-1,0.003863,0.002586,0.348647,0.644904
AATTACTCGTACGCTC-1,0.137652,0.186259,0.000094,0.675995
AATTAGCGCTGCAGCG-1,0.379496,0.431813,0.003958,0.184734
AATTATACCCAGCAAG-1,0.314006,0.449299,0.034927,0.201768
AATTCATAAGGGATCT-1,0.637988,0.21257,0.000117,0.149324
AATTCATTGTCATGCA-1,0.000095,0.363291,0.302825,0.333789
AATTCCAACTTGGTGA-1,0.385238,0.292696,0.000316,0.32175
AATTCCAAGCATGTAC-1,0.143973,0.006711,0.226334,0.622982
AATTCGATTCGAGGAT-1,0.097109,0.468901,0.219533,0.214457
AATTCTAGAGTTAGGC-1,0.103505,0.830548,0.00031,0.065638
AATTGAACGCTCTGGT-1,0.067414,0.035425,0.135225,0.761935
AATTGCAGCAATCGAC-1,0.048269,0.134199,0.465118,0.352415
AATTGCGTGGATTACA-1,0.131767,0.00084,0.376467,0.490927
AATTGTGGTTGCCAAA-1,0.26716,0.000014,0.729867,0.002958
AATTTGGGACATAGTA-1,0.520175,0.113863,0.000098,0.365864
AATTTGGTTCCAAAGA-1,0.000079,0.999287,0.000238,0.000396
ACAAACCATGCGTCCT-1,0.155885,0.000819,0.17818,0.665116
ACAAACCGACAAGGCG-1,0.225175,0.478514,0.000229,0.296082
ACAAACTCCATCAGAG-1,0.032486,0.21661,0.484423,0.266481
ACAAAGAAGGTAGGCC-1,0.105484,0.009383,0.334071,0.551062
ACAAAGCATGACCTAG-1,0.369879,0.196364,0.061147,0.37261
ACAAATCGCACCGAAT-1,0.144204,0.090042,0.258344,0.50741
ACAAATGGTAGTGTTT-1,0.025044,0.013801,0.176033,0.785122
ACAAATTCAGATCTGA-1,0.127089,0.182866,0.186469,0.503577
ACAACAGCATGAGCTA-1,0.276354,0.673211,0.000354,0.05008
ACAACGGTCCCTGCGA-1,0.004524,0.000016,0.049868,0.945592
ACAAGCAGTGCCTAGC-1,0.003512,0.005696,0.29423,0.696562
ACAAGCTATATGGAAG-1,0.035816,0.031662,0.177711,0.754811
ACAAGGAAATCCGCCC-1,0.219874,0.721524,0.058079,0.000523
ACAAGGACAAGAGGTT-1,0.313159,0.061036,0.02016,0.605644
ACAAGGATGCTTTAGG-1,0.002731,0.000017,0.142599,0.854654
ACAAGGCCTACCAGCC-1,0.365293,0.01786,0.122057,0.494789
ACAAGGGCAGGCTCTG-1,0.000086,0.967321,0.020968,0.011625
ACAAGTAATTGTAAGG-1,0.020353,0.381258,0.514104,0.084284
ACAATAGTCGTACGTT-1,0.29549,0.01168,0.496739,0.19609
ACAATCCATTTAAACC-1,0.036951,0.145633,0.110525,0.706891
ACAATGAATACGGAGA-1,0.103567,0.002768,0.190112,0.703553
ACAATGATTCTTCTAC-1,0.520512,0.059845,0.113585,0.306058
ACAATTGTGTCTCTTT-1,0.014347,0.147025,0.410737,0.427891
ACAATTTAGGAGGCTC-1,0.245305,0.092039,0.16063,0.502026
ACAATTTGAGCAGTGG-1,0.294002,0.101143,0.000111,0.604744
ACAATTTGGCCATATT-1,0.084303,0.004349,0.648756,0.262592
ACACAAAGACGGGTGG-1,0.20343,0.787445,0.000417,0.008707
ACACAAATATTCCTAG-1,0.000579,0.00008,0.555619,0.443721
ACACACCAGGACCAGT-1,0.035074,0.499125,0.050573,0.415227
ACACACTTTCTACACG-1,0.026373,0.420404,0.023981,0.529241
ACACATGATCAAATCT-1,0.001256,0.220014,0.59185,0.186879
ACACATTGACGCAACA-1,0.472911,0.193853,0.000166,0.333069
ACACATTTCCGTAGAC-1,0.087289,0.521222,0.264965,0.126523
ACACCACATAATTAGC-1,0.082781,0.003483,0.33091,0.582826
ACACCCAGCATGCAGC-1,0.12199,0.768773,0.00026,0.108976
ACACCCGAGAAATCCG-1,0.086593,0.294056,0.069007,0.550344
ACACCGAGCGCTCTTT-1,0.020235,0.229626,0.151252,0.598887
ACACCGGTCTGACCGC-1,0.002804,0.050216,0.339224,0.607756
ACACCTTAAGTAGGGC-1,0.164546,0.02287,0.028388,0.784196
ACACCTTACTACTTGC-1,0.056342,0.00001,0.557324,0.386324
ACACGAGACTCCTTCT-1,0.374685,0.520036,0.000325,0.104954
ACACGGCACTATGCAT-1,0.014938,0.810943,0.000294,0.173825
ACACGGGAACTTAGGG-1,0.35854,0.554355,0.000392,0.086713
ACACGTAGGCCACAAG-1,0.405199,0.191416,0.354472,0.048913
ACACTCCAATGTCACT-1,0.007883,0.000015,0.104228,0.887875
ACACTGATCAAGGTGT-1,0.182551,0.043509,0.214516,0.559424
ACACTGGGACAGTCGT-1,0.249238,0.00002,0.530034,0.220708
ACAGAACTGAGAACAA-1,0.139375,0.049139,0.353453,0.458033
ACAGCGACATTCTCAT-1,0.432744,0.124016,0.146481,0.296759
ACAGCGCACCCGCAGC-1,0.025764,0.000122,0.045577,0.928537
ACAGGAGGCGCAGCCG-1,0.007118,0.050392,0.033383,0.909107
ACAGGCACGGATCCTT-1,0.157565,0.040288,0.263784,0.538363
ACAGGCTTGCCCGACT-1,0.30402,0.015956,0.03991,0.640115
ACAGGTGGAGGTGAGG-1,0.003729,0.045389,0.195025,0.755857
ACAGGTGTGTTGTTGC-1,0.123558,0.046658,0.167293,0.66249
ACAGTAATACAACTTG-1,0.043594,0.024355,0.358379,0.573672
ACAGTATACCGTGGGA-1,0.13113,0.052832,0.254326,0.561711
ACATAAGTCGTGGTGA-1,0.019499,0.311959,0.411094,0.257449
ACATAATAAGGCGGTG-1,0.274321,0.506942,0.134598,0.084139
ACATACAATCAAGCGG-1,0.079652,0.063961,0.483412,0.372975
ACATCAGCTGGGACGC-1,0.224363,0.000919,0.190192,0.584527
ACATCCCGGCCATACG-1,0.087698,0.036558,0.302249,0.573495
ACATCCTGGTAACTGT-1,0.154663,0.196997,0.187209,0.46113
ACATCGATCGTTTACC-1,0.259953,0.738999,0.000393,0.000655
ACATCGCAATATTCGG-1,0.337669,0.026295,0.353683,0.282354
ACATCGGTCAGCCGCG-1,0.004372,0.000011,0.060178,0.935439
ACATCGTATGCAATGG-1,0.002565,0.057606,0.14115,0.798679
ACATCGTTAACCTAGT-1,0.000025,0.000025,0.000074,0.999877
ACATCTCAACGCGTAA-1,0.055047,0.707857,0.074495,0.162602
ACATGCTTACGGCAGC-1,0.645427,0.058344,0.2961,0.00013
ACATGGCGCCAAAGTA-1,0.405345,0.18683,0.073906,0.333919
ACATGGCTCAATTTAG-1,0.008616,0.000029,0.032411,0.958945
ACATTAGTTTATATCC-1,0.022249,0.008802,0.06922,0.899728
ACATTCGCGCGGAATA-1,0.004034,0.000006,0.821778,0.174182
ACATTTGAAACCTAAC-1,0.024835,0.070252,0.513644,0.391269
ACCAAACACCCAGCGA-1,0.604139,0.052833,0.079804,0.263224
ACCAACACCACACACT-1,0.451685,0.097935,0.065027,0.385353
ACCAACCGCACTCCAC-1,0.015029,0.563898,0.361732,0.059341
ACCAACGCTTATTTAT-1,0.156072,0.085689,0.180674,0.577565
ACCAAGAACGCGTGTC-1,0.167901,0.800125,0.000393,0.031582
ACCAAGTCATCGGCAG-1,0.248874,0.469398,0.24883,0.032898
ACCAATATGCAAGTTA-1,0.000066,0.594514,0.40509,0.00033
ACCACAACTCAGAACA-1,0.007798,0.000013,0.002543,0.989645
ACCACAAGTTTCTATC-1,0.437383,0.251301,0.069348,0.241969
ACCACACGGTTGATGG-1,0.197954,0.422507,0.345217,0.034322
ACCACCAATGTAACAA-1,0.36352,0.268598,0.15792,0.209961
ACCACCCTCTCTTCTA-1,0.481266,0.04803,0.215971,0.254733
ACCACGTGCAGCTATA-1,0.000069,0.99286,0.006724,0.000347
ACCACTGTTCAAGAAG-1,0.207345,0.009585,0.000104,0.782966
ACCAGACCATAACAAC-1,0.00178,0.000006,0.326932,0.671282
ACCAGCCCGGTCTTTG-1,0.000076,0.999314,0.000229,0.000381
ACCAGTGCCCGGTCAA-1,0.163149,0.010054,0.078106,0.748691
ACCAGTGCGGGAGACG-1,0.205061,0.211641,0.039698,0.5436
ACCATATCCGCAATAA-1,0.247312,0.397694,0.005184,0.34981
ACCATCCGCCAACTAG-1,0.266963,0.087107,0.274244,0.371687
ACCATCGTATATGGTA-1,0.174989,0.413936,0.071254,0.339821
ACCATTAAGGGTGTCA-1,0.280448,0.071195,0.000069,0.648288
ACCCAACGCCCGTGGC-1,0.189191,0.136134,0.111604,0.56307
ACCCACCTACATGCTC-1,0.467628,0.163056,0.009069,0.360247
ACCCATCTTGAGGGTA-1,0.000026,0.566041,0.001024,0.432909
ACCCATTTGTCCCTCT-1,0.288351,0.292841,0.289714,0.129094
ACCCGAGCGAAATTAC-1,0.01139,0.45428,0.271311,0.263019
ACCCGATTGGTTCCGA-1,0.000468,0.064358,0.563501,0.371673
ACCCGGAAACTCCCAG-1,0.296136,0.00207,0.040169,0.661625
ACCCGGAGCACCACAA-1,0.100838,0.096306,0.711676,0.09118
ACCCGGATGACGCATC-1,0.254622,0.000017,0.101831,0.643531
ACCCGGTTACACTTCC-1,0.277736,0.109064,0.00014,0.61306
ACCCGTAGCAGAGAAT-1,0.000006,0.000006,0.774452,0.225536
ACCCGTAGTCTAGTTG-1,0.174589,0.000015,0.816169,0.009227
ACCCGTGTCATCAGTA-1,0.014464,0.002508,0.289562,0.693467
ACCCTATAGGACTGAG-1,0.003051,0.000025,0.012018,0.984906
ACCCTATGCCATATCG-1,0.274856,0.068109,0.217604,0.439431
ACCCTCCCGTCAGGGC-1,0.001461,0.050964,0.567963,0.379613
ACCCTCCCTTGCTATT-1,0.000141,0.000019,0.209599,0.790241
ACCCTGGTAACGCCCT-1,0.040258,0.000007,0.094617,0.865117
ACCCTTCATCTGCGAA-1,0.068096,0.40829,0.081701,0.441913
ACCCTTGCCTGGGTCG-1,0.406036,0.033166,0.560609,0.000189
ACCCTTTAGTTCTCCA-1,0.085107,0.05248,0.000078,0.862334
ACCGAAAGGGCCCTGC-1,0.002599,0.243219,0.13006,0.624121
ACCGAAGAGTCTGGTT-1,0.292394,0.048235,0.21407,0.445301
ACCGACACATCTCCCA-1,0.026801,0.00002,0.188893,0.784286
ACCGACTGAGTCCCAC-1,0.000107,0.739693,0.210773,0.049427
ACCGAGTCTCCTTATT-1,0.181442,0.184299,0.486429,0.14783
ACCGATAGGCATAACC-1,0.1455,0.007129,0.70949,0.137881
ACCGATATTTAATCAT-1,0.534724,0.044379,0.395413,0.025484
ACCGATGGTAGCATCG-1,0.314404,0.056671,0.161095,0.46783
ACCGCAATAACTGCCT-1,0.000053,0.769279,0.087248,0.14342
ACCGCGGTGGAAGTCG-1,0.313599,0.49172,0.005432,0.189249
ACCGCTAGTCATTGGT-1,0.000006,0.000006,0.633956,0.366032
ACCGGGCCTTTGTTGA-1,0.448979,0.008968,0.098608,0.443445
ACCGGTCAGGTACACC-1,0.16458,0.016438,0.417079,0.401903
ACCGGTCTGAGTACGG-1,0.037872,0.303528,0.063209,0.595392
ACCGTCCACTGGGCCC-1,0.110545,0.003293,0.231607,0.654555
ACCGTGACCACGTGGG-1,0.097384,0.121791,0.198263,0.582562
ACCTAAGTACCTTTCA-1,0.121693,0.00041,0.452166,0.42573
ACCTAATCGACTTCCT-1,0.421454,0.083259,0.139927,0.35536
ACCTACAGTATGTGGT-1,0.495763,0.019201,0.252438,0.232597
ACCTACTATAAATCTA-1,0.09044,0.004791,0.51505,0.389719
ACCTCAGCGAGGCGCA-1,0.105335,0.000016,0.180283,0.714366
ACCTCCGCCCTCGCTG-1,0.252271,0.038017,0.354751,0.354961
ACCTCCGTTATTCACC-1,0.067773,0.060719,0.387737,0.483772
ACCTCGAACTTATGCT-1,0.106652,0.000152,0.356039,0.537156
ACCTGCGTGTCATGTT-1,0.211001,0.008254,0.323602,0.457142
ACGAAATGGGCGGCAC-1,0.407997,0.048153,0.10889,0.43496
ACGACCCATGAGTTGC-1,0.118121,0.173215,0.708528,0.000135
ACGACTCTAGGGCCGA-1,0.023151,0.074099,0.286125,0.616625
ACGACTGGTCATACTC-1,0.004266,0.053972,0.492588,0.449174
ACGAGAACCCATCACG-1,0.000073,0.920094,0.000218,0.079615
ACGAGATATTTGCTTA-1,0.024974,0.000019,0.015156,0.959851
ACGAGGATACCACTCT-1,0.010139,0.007534,0.44222,0.540106
ACGAGGTTTACAACGT-1,0.03531,0.005886,0.533575,0.425229
ACGAGTACGGATGCCC-1,0.428999,0.047015,0.095334,0.428652
ACGAGTCGCCGGCGTT-1,0.009033,0.028206,0.007879,0.954882
ACGATACATAGAACTA-1,0.161908,0.268492,0.028468,0.541132
ACGATACCTATCCTGA-1,0.060751,0.000009,0.128094,0.811145
ACGATCATACATAGAG-1,0.027146,0.551884,0.00048,0.42049
ACGATCATCTTGTAAA-1,0.472559,0.141545,0.017591,0.368305
ACGATGCATATGTTAT-1,0.147597,0.448044,0.023526,0.380833
ACGATGGATCCGATGC-1,0.230286,0.689027,0.00038,0.080307
ACGCAAACTAATAGAT-1,0.116762,0.555174,0.087318,0.240746
ACGCAATCACTACAGC-1,0.333277,0.120339,0.156139,0.390245
ACGCATAAATGACATG-1,0.000459,0.000124,0.560256,0.439161
ACGCATACGTTTACTA-1,0.073435,0.311008,0.383058,0.232499
ACGCATTCGTGAGTAC-1,0.09756,0.485632,0.053073,0.363735
ACGCCACTCGAAACAG-1,0.245829,0.010349,0.161389,0.582433
ACGCCAGATGATTTCT-1,0.000048,0.284187,0.010562,0.705203
ACGCCAGTGCGTTTGC-1,0.001868,0.116622,0.680005,0.201505
ACGCCCAGCTGTCGAT-1,0.000095,0.999141,0.000286,0.000477
ACGCCGCTAGACGACC-1,0.000116,0.776896,0.222407,0.000581
ACGCCTGACACGCGCT-1,0.004144,0.048578,0.075341,0.871937
ACGCGAAGTCAGACGA-1,0.049453,0.038477,0.135617,0.776452
ACGCGCTACACAGGGT-1,0.004588,0.044483,0.438724,0.512205
ACGCGGGCCAAGGACA-1,0.052076,0.290815,0.040434,0.616676
ACGCGTTTCTTAAGAG-1,0.003854,0.087209,0.160485,0.748452
ACGCTACTGAATGGGC-1,0.193812,0.000019,0.78905,0.017119
ACGCTAGTGATACACT-1,0.314442,0.066928,0.057453,0.561177
ACGCTGTGAGGCGTAG-1,0.136967,0.115457,0.26131,0.486266
ACGCTTAGTGTCTCTC-1,0.00093,0.000025,0.000076,0.998968
ACGGAACACGAGTGCC-1,0.138079,0.350932,0.330854,0.180135
ACGGAATTTAGCAAAT-1,0.404543,0.28969,0.000225,0.305543
ACGGACGCAGCGACAA-1,0.054692,0.002548,0.539588,0.403172
ACGGACTCTCAAAGCG-1,0.000158,0.395895,0.603157,0.00079
ACGGAGCGCAAATTAC-1,0.305665,0.10436,0.060887,0.529088
ACGGATGGTGCGGATA-1,0.000053,0.585929,0.288959,0.125059
ACGGCACTTGCTTGGG-1,0.009773,0.000024,0.054413,0.93579
ACGGCCAACATGGACT-1,0.000011,0.002633,0.245401,0.751955
ACGGCGACGATGGGAA-1,0.096115,0.903158,0.000273,0.000454
ACGGCGGGTTGCCCTG-1,0.07586,0.923033,0.000415,0.000692
ACGGCTGGATGTAGAA-1,0.296277,0.027182,0.153047,0.523493
ACGGGAGTGTCGGCCC-1,0.164475,0.101643,0.370299,0.363583
ACGGGCGTATGCGACA-1,0.021445,0.000007,0.132615,0.845933
ACGGGTCATGTGACTT-1,0.134321,0.357906,0.169566,0.338206
ACGGGTTGTGACCTGT-1,0.203523,0.075793,0.633959,0.086725
ACGGTACAGTTCAATG-1,0.259019,0.313206,0.312309,0.115466
ACGGTCACCGAGAACA-1,0.098721,0.024415,0.480314,0.39655
ACGTACAGATTTCTCT-1,0.003855,0.994744,0.000526,0.000876
ACGTACTTTGGCACGG-1,0.126147,0.015276,0.487104,0.371474
ACGTAGATTGCTGATG-1,0.071445,0.482955,0.293065,0.152535
ACGTAGGAGAGTCGCT-1,0.000017,0.001852,0.372057,0.626074
ACGTATTACTCCGATC-1,0.132882,0.000044,0.346804,0.52027
ACGTCGGGCAACTCGG-1,0.002109,0.155605,0.760209,0.082077
ACGTCTCGTTCCGGGA-1,0.108928,0.000154,0.431281,0.459637
ACGTGACAAAGTAAGT-1,0.001077,0.107621,0.242797,0.648505
ACGTGCGCCTCGTGCA-1,0.000234,0.830889,0.167705,0.001171
ACGTGGTCGAATGTGC-1,0.055523,0.09935,0.000098,0.845029
ACGTTAATGTCGAAGA-1,0.243442,0.398898,0.351433,0.006227
ACGTTAGATTTGCCCG-1,0.111166,0.525299,0.000101,0.363433
ACGTTATTGGTCACTC-1,0.316195,0.261395,0.000143,0.422268
ACGTTCACTATGCCGC-1,0.260284,0.000014,0.56813,0.171572
ACGTTCGCAATCAATT-1,0.416562,0.169333,0.373566,0.04054
ACGTTCGTTCAGGAAA-1,0.097869,0.151496,0.295342,0.455292
ACGTTCTGTACAAGTC-1,0.005894,0.349008,0.434564,0.210534
ACGTTGTCGTTGAAAG-1,0.000276,0.246095,0.741178,0.012451
ACGTTTAGTTGTGATC-1,0.063508,0.935243,0.000468,0.00078
ACGTTTCGGTGCACTT-1,0.045476,0.006758,0.813054,0.134712
ACTAAGGACGCACACC-1,0.168107,0.186699,0.46754,0.177654
ACTAATACGTCAGGCG-1,0.319547,0.050911,0.036566,0.592976
ACTACAAAGAGAGGTG-1,0.515035,0.159556,0.293138,0.032271
ACTACATCCCGACAAG-1,0.000811,0.000005,0.351743,0.647441
ACTACCAGCTCTCTGG-1,0.054238,0.002159,0.046393,0.89721
ACTACCATCCGAGGGC-1,0.246985,0.010136,0.65997,0.082908
ACTACGCGTTAGAATT-1,0.094305,0.618271,0.012462,0.274962
ACTAGTTGCGATCGTC-1,0.20432,0.011456,0.12941,0.654813
ACTATATGCTGTGTTC-1,0.217289,0.027897,0.204184,0.55063
ACTATCCAGGGCATGG-1,0.095348,0.008816,0.219719,0.676117
ACTATCGCCGGCTAAA-1,0.013979,0.000288,0.014633,0.9711
ACTATCTGCCCGCGTA-1,0.142859,0.034563,0.424004,0.398574
ACTATGTCCAGCTGCC-1,0.046709,0.104804,0.336023,0.512464
ACTATTCGTCCGTGGT-1,0.155608,0.000037,0.000112,0.844243
ACTATTTCCGGGCCCA-1,0.015297,0.497595,0.462788,0.02432
ACTCAACGAATGTATT-1,0.000076,0.999316,0.000228,0.00038
ACTCAAGTGCAAGGCT-1,0.086009,0.000965,0.178143,0.734884
ACTCAATAAAGGCACG-1,0.032594,0.366586,0.000539,0.600281
ACTCAGACCTGCTTCT-1,0.000163,0.940763,0.058258,0.000816
ACTCATGGCAGCCTTC-1,0.051433,0.003928,0.406569,0.53807
ACTCCAATATCATCAT-1,0.11561,0.371495,0.203434,0.309461
ACTCCCATTCCTAAAG-1,0.005012,0.005279,0.403658,0.586051
ACTCCCGAATTCGTTT-1,0.002218,0.517244,0.21353,0.267008
ACTCCCGTAGACTAGG-1,0.690116,0.165936,0.072101,0.071848
ACTCCCTAATGCTAAA-1,0.048032,0.674971,0.276538,0.00046
ACTCCCTAGAATAGTA-1,0.000099,0.437599,0.559466,0.002835
ACTCCGGCCGACCACT-1,0.000014,0.182914,0.66134,0.155732
ACTCGATGTATTTCAT-1,0.106351,0.249613,0.000919,0.643117
ACTCGCCGTTCGATAA-1,0.004072,0.001196,0.672304,0.322428
ACTCGCGATCTGACGC-1,0.066859,0.000013,0.667621,0.265508
ACTCGTAACCCGTCCT-1,0.000006,0.003225,0.394018,0.602751
ACTCGTCAGTAATCCC-1,0.000019,0.141042,0.106659,0.75228
ACTCTAAACCTGGGAT-1,0.275143,0.01801,0.051354,0.655493
ACTCTCTGACTTAGGT-1,0.057166,0.091301,0.08734,0.764193
ACTCTCTTATACACGA-1,0.181455,0.166856,0.000128,0.65156
ACTCTGACCTAATAGA-1,0.011458,0.416502,0.281802,0.290238
ACTCTTCAGCTCCCGC-1,0.585767,0.053588,0.34112,0.019526
ACTCTTGTATAGTAAC-1,0.000103,0.99907,0.00031,0.000517
ACTGAAACGCCGTTAG-1,0.473761,0.088671,0.005871,0.431697
ACTGAATGGCGAAAGT-1,0.020575,0.000018,0.013959,0.965448
ACTGATTTAGTGATTC-1,0.000758,0.000025,0.111994,0.887224
ACTGCCCGCCATTCTC-1,0.150584,0.000013,0.469623,0.37978
ACTGCCGTCGTAACTC-1,0.071344,0.810296,0.000412,0.117947
ACTGCGGACACACCGT-1,0.454228,0.046115,0.467088,0.032569
ACTGCTCGGAAGGATG-1,0.006414,0.000007,0.314802,0.678777
ACTGGCGAACCTGCGT-1,0.523134,0.000022,0.192725,0.284118
ACTGGGATGCCAGTGC-1,0.231781,0.013813,0.680347,0.074059
ACTGTACGATACACAT-1,0.000047,0.683954,0.013212,0.302788
ACTGTAGCACTTTGGA-1,0.317724,0.06263,0.010013,0.609633
ACTGTATACGCGAGCA-1,0.000061,0.603973,0.000183,0.395783
ACTGTCCAGGATTATA-1,0.209346,0.728059,0.000302,0.062293
ACTGTCTTCTTTAGAA-1,0.216698,0.109891,0.295622,0.37779
ACTGTGCTAGTAGATC-1,0.289816,0.007912,0.000226,0.702046
ACTTACCGGGCGCGCA-1,0.2843,0.003588,0.018702,0.69341
ACTTACGCATCCACGC-1,0.000076,0.827323,0.172218,0.000382
ACTTAGTACGACAAGA-1,0.193335,0.000041,0.000122,0.806502
ACTTATACTTACCCGG-1,0.47375,0.414497,0.000161,0.111593
ACTTATTAGGATCGGT-1,0.000021,0.000021,0.010382,0.989576
ACTTATTTATGTGCCA-1,0.183092,0.01135,0.146111,0.659447
ACTTCAGGCTGATCCC-1,0.382238,0.225721,0.000231,0.39181
ACTTCCAGTGGAAGCT-1,0.240201,0.02341,0.344485,0.391904
ACTTCCATGCGGGACA-1,0.456579,0.138029,0.000168,0.405224
ACTTCGCCATACGCAC-1,0.00002,0.008966,0.012593,0.97842
ACTTCGCTAGCGAGTG-1,0.364183,0.018676,0.273124,0.344017
ACTTGACTCCCTCTTT-1,0.184662,0.676681,0.000469,0.138188
ACTTGCTCTATCTACC-1,0.126728,0.067582,0.687362,0.118327
ACTTGGGACCCGGTGG-1,0.006126,0.629991,0.092555,0.271328
ACTTGGGCTTTCGCCA-1,0.091176,0.131835,0.171045,0.605944
ACTTGTAGTCCCTTCA-1,0.038142,0.268399,0.406644,0.286815
ACTTGTGGATGGAACG-1,0.476738,0.151622,0.148184,0.223456
ACTTGTTACCGGATCA-1,0.281713,0.109397,0.396391,0.212499
ACTTTACCCTCATGAA-1,0.100679,0.109913,0.193975,0.595432
ACTTTATACACCACTT-1,0.031635,0.000014,0.602779,0.365572
ACTTTCCTATAGCTTC-1,0.017585,0.171242,0.536388,0.274785
ACTTTGACTGCATCCT-1,0.054702,0.000014,0.592619,0.352666
ACTTTGGTCGTGCTCC-1,0.124591,0.034632,0.195175,0.645602
ACTTTGTCGACGCACT-1,0.243086,0.127125,0.458376,0.171412
AGAAATTATGACTCGC-1,0.503702,0.00003,0.457699,0.038569
AGAACACGGCGATGGT-1,0.03637,0.028921,0.636237,0.298472
AGAACCCAGCGTGACA-1,0.649251,0.118209,0.20702,0.02552
AGAACCCTCAATTGGG-1,0.00171,0.000674,0.439658,0.557958
AGAACGTGGTACATTC-1,0.018163,0.000026,0.009812,0.971999
AGAACTGTACTTTGTA-1,0.059289,0.408499,0.340059,0.192153
AGAAGAGCGCCGTTCC-1,0.000429,0.742745,0.001288,0.255538
AGAAGGTACACTTCAC-1,0.140416,0.000963,0.332478,0.526144
AGAAGGTTGCCGAATT-1,0.100497,0.000017,0.116003,0.783483
AGAAGGTTGTAGGTCG-1,0.062154,0.355933,0.212323,0.369591
AGAAGTGATTCGTGAT-1,0.007581,0.003386,0.227511,0.761522
AGAATAAATCTTCAGG-1,0.019908,0.002619,0.317069,0.660404
AGAATACAGGCTATCC-1,0.00533,0.132621,0.553393,0.308656
AGAATGCGGGTTCGGA-1,0.946844,0.052958,0.000075,0.000124
AGAATTATGGATTCGA-1,0.391402,0.254111,0.003367,0.35112
AGAATTGTTTGACATA-1,0.088024,0.00071,0.057353,0.853914
AGACAGCTCAGAATCC-1,0.018165,0.001878,0.114416,0.865541
AGACAGGCATCTCAGC-1,0.010575,0.000015,0.981903,0.007508
AGACCAAACCACACCT-1,0.000115,0.023848,0.368142,0.607895
AGACCATGGGATACAA-1,0.147329,0.137787,0.023842,0.691042
AGACCCACCGCTGATC-1,0.264667,0.548545,0.030787,0.156001
AGACCCGCCCTCCTCG-1,0.000064,0.901163,0.098452,0.000321
AGACCGCTCCGCGGTT-1,0.006011,0.151934,0.438761,0.403294
AGACCGGGAAACCCTG-1,0.03136,0.001483,0.592147,0.375009
AGACGAAGTGCCGGTC-1,0.025669,0.557598,0.338684,0.07805
AGACGACGATGCCGCT-1,0.021435,0.266071,0.378914,0.333581
AGACGCCCACTTCGCC-1,0.622882,0.000033,0.369443,0.007642
AGACGGGATTGGTATA-1,0.007746,0.000019,0.000058,0.992176
AGACGGGCCGATTTAA-1,0.210113,0.001783,0.094471,0.693633
AGACTAGCCTTCCAGA-1,0.000018,0.000021,0.013547,0.986413
AGACTGTTACCGGGTC-1,0.355631,0.022396,0.305976,0.315996
AGAGAAACACCAGAAA-1,0.000004,0.002468,0.739913,0.257615
AGAGAACCGTCTAGGA-1,0.113483,0.482449,0.04873,0.355338
AGAGAAGGAGTACAAT-1,0.035801,0.003274,0.582018,0.378906
AGAGATCTCTAAAGCG-1,0.201657,0.066367,0.270527,0.46145
AGAGCAGTTATGAGAC-1,0.030421,0.026224,0.259614,0.683741
AGAGCCGCCGAGATTT-1,0.485703,0.005707,0.506342,0.002247
AGAGCGCTTGTAACGG-1,0.501871,0.037859,0.34336,0.116909
AGAGCGGGCTAATCAT-1,0.000134,0.989719,0.000401,0.009746
AGAGCGTACAAGCTCG-1,0.267999,0.653205,0.056505,0.022291
AGAGCTACGAAAGCAT-1,0.103868,0.017632,0.000343,0.878158
AGAGGCTTCGGAAACC-1,0.021165,0.073793,0.237631,0.667411
AGAGGGACAATTGTCC-1,0.044157,0.015373,0.438387,0.502083
AGAGTAAACTTCACTA-1,0.07801,0.006378,0.522915,0.392696
AGAGTATAGTGTTACG-1,0.321868,0.010738,0.270621,0.396773
AGAGTCTTAATGAAAG-1,0.356933,0.000023,0.615555,0.027489
AGAGTTAGAGACCGAT-1,0.648991,0.139125,0.007281,0.204604
AGAGTTGCAGGCCTCC-1,0.748762,0.041212,0.099292,0.110733
AGATAACTTCAGGGCC-1,0.074669,0.159311,0.041475,0.724545
AGATAATCACACCTAT-1,0.10301,0.048285,0.374065,0.47464
AGATACCAATAGAACC-1,0.289598,0.080215,0.556476,0.073711
AGATACCAGCACTTCA-1,0.291492,0.003192,0.160603,0.544713
AGATACCGGTGTTCAC-1,0.340395,0.151966,0.122166,0.385473
AGATACGACTTCATAT-1,0.291069,0.05411,0.000163,0.654659
AGATACTCAAGATCGA-1,0.114829,0.000045,0.098188,0.786939
AGATATAATACGACTA-1,0.000063,0.999435,0.000188,0.000314
AGATCGTGCATAAGAT-1,0.217535,0.001855,0.052108,0.728502
AGATCTCAGGTGTGAT-1,0.000028,0.012411,0.072118,0.915444
AGATCTGGAGAGGATA-1,0.083092,0.017762,0.561094,0.338052
AGATGACTCGCCCACG-1,0.000113,0.430363,0.063194,0.50633
AGATGAGGGTTGCGAT-1,0.210546,0.147163,0.065886,0.576405
AGATGATGGAGTCTGG-1,0.099184,0.028705,0.460969,0.411141
AGATGCAAGACGTGCA-1,0.114881,0.166108,0.225911,0.493101
AGATGCATCCTGTGTC-1,0.000011,0.306391,0.422302,0.271296
AGATGCTATAACGAGC-1,0.002866,0.001202,0.012342,0.98359
AGATTATAGGACGTTT-1,0.130095,0.225299,0.161357,0.483249
AGATTCAAGCGGGTCG-1,0.265941,0.099878,0.054024,0.580156
AGATTCACAACCGATA-1,0.025422,0.030417,0.338849,0.605312
AGCAAAGGCCGCTAGT-1,0.186192,0.813007,0.000301,0.000501
AGCAACATATCTTATT-1,0.49514,0.054267,0.288887,0.161707
AGCAACCGAAAGTAAT-1,0.103091,0.012214,0.284993,0.599702
AGCACACGTTTAGACT-1,0.002391,0.000008,0.591859,0.405741
AGCACCAGTACTCACG-1,0.000098,0.898496,0.100914,0.000492
AGCACTACCGGCCTGT-1,0.232686,0.064756,0.089748,0.612809
AGCACTACCTCACCAG-1,0.217028,0.183164,0.070751,0.529057
AGCACTTAAGGACGCC-1,0.370203,0.185133,0.001933,0.442731
AGCAGAAGGAGAAAGA-1,0.021448,0.32354,0.102977,0.552035
AGCAGCCAGATGAATA-1,0.00001,0.00001,0.192907,0.807074
AGCAGTCGAAGCATGC-1,0.050358,0.784832,0.164328,0.000482
AGCATATCAATATGCT-1,0.289859,0.018404,0.209759,0.481977
AGCATCATTTCGAAAG-1,0.126255,0.002153,0.226362,0.64523
AGCATCGTCGATAATT-1,0.000097,0.91917,0.08025,0.000484
AGCATTACGAGGCAAG-1,0.319597,0.143141,0.355379,0.181882
AGCCAAGCTTTGTGTC-1,0.089702,0.124017,0.247505,0.538777
AGCCACAGGTTACCCG-1,0.000026,0.459146,0.209018,0.331809
AGCCACTCCCGTGCTT-1,0.007068,0.000014,0.003554,0.989364
AGCCATATAGTATGTG-1,0.14237,0.000602,0.361622,0.495406
AGCCCATACATGTAAG-1,0.145204,0.025284,0.306923,0.522589
AGCCCGCAACAAGCAG-1,0.004732,0.190013,0.66454,0.140715
AGCCCGCACTACAATG-1,0.111077,0.05767,0.643139,0.188114
AGCCCGGCATTAGAGG-1,0.004133,0.321484,0.193288,0.481095
AGCCCGGTAGCCTGTA-1,0.276158,0.201607,0.270336,0.251899
AGCCCTAAGCGAAGTT-1,0.117135,0.503887,0.068878,0.3101
AGCCCTCCCTGGTGGC-1,0.008428,0.00001,0.571015,0.420546
AGCCCTGTCGCACCGT-1,0.061812,0.023599,0.502061,0.412528
AGCCCTTCTAATCCGA-1,0.126865,0.00388,0.12353,0.745725
AGCCCTTGGACATCCC-1,0.357891,0.00686,0.604074,0.031175
AGCCGCAAATTCAAAT-1,0.060395,0.067162,0.317084,0.555359
AGCCGCTTGATTAGCG-1,0.283701,0.011477,0.000075,0.704748
AGCCGTGGCTAAATGT-1,0.171628,0.04165,0.398867,0.387856
AGCCTAATACCCACGT-1,0.114981,0.013755,0.247048,0.624216
AGCCTTAAAGCGGAAG-1,0.124357,0.0324,0.117719,0.725524
AGCCTTGTCACTGATA-1,0.000246,0.000007,0.870567,0.129179
AGCGACAGGAACGGTC-1,0.277879,0.058869,0.158797,0.504456
AGCGACCAACGATATT-1,0.000114,0.998977,0.000341,0.000568
AGCGACTTTGAAGACA-1,0.103828,0.035219,0.602105,0.258848
AGCGAGACGTGAAGGC-1,0.028633,0.048357,0.552656,0.370354
AGCGATGCGCCTAATA-1,0.18083,0.003219,0.495783,0.320169
AGCGCATAATGAATCG-1,0.06172,0.037778,0.091028,0.809473
AGCGCGGGTGCCAATG-1,0.255085,0.012268,0.095127,0.63752
AGCGCTAGAGCGATGT-1,0.094574,0.018164,0.340395,0.546867
AGCGCTTATGGGCAAG-1,0.524498,0.034923,0.000096,0.440482
AGCGGACACTTCGTAG-1,0.000399,0.006205,0.237353,0.756044
AGCGGCGGTTAGCGGT-1,0.166357,0.040656,0.417795,0.375192
AGCGGGAAGGGTCCAT-1,0.216232,0.060363,0.013092,0.710313
AGCGGGTCTGACACTC-1,0.000798,0.000014,0.258929,0.740259
AGCGGTTGAGATGTAC-1,0.085417,0.120336,0.028016,0.766231
AGCGGTTGCCGCTCTG-1,0.014147,0.053641,0.288981,0.643231
AGCGTACGAGAGCTAG-1,0.000023,0.000023,0.002336,0.997618
AGCGTAGCGCTAGACC-1,0.000081,0.999274,0.000242,0.000403
AGCGTCTGAACCCGCA-1,0.000112,0.927756,0.07157,0.000562
AGCGTGGTATTCTACT-1,0.363318,0.618237,0.017599,0.000846
AGCGTTCCGATTTAAA-1,0.089174,0.102637,0.028467,0.779722
AGCTAACAAGCAATGT-1,0.184786,0.133886,0.229143,0.452185
AGCTAAGCTCCGTCCG-1,0.000005,0.000005,0.80051,0.19948
AGCTAAGTACGCAGGC-1,0.071108,0.051067,0.075243,0.802582
AGCTACGAATGGTGGT-1,0.450196,0.013584,0.259475,0.276744
AGCTAGAAGCAGAAGT-1,0.374321,0.001218,0.023124,0.601337
AGCTATTTAATCCAAC-1,0.096889,0.000036,0.000108,0.902968
AGCTCCATATATGTTC-1,0.012709,0.238871,0.738942,0.009478
AGCTCCTTCGCACATC-1,0.000351,0.000859,0.32689,0.6719
AGCTCGTTGATGGAAA-1,0.338296,0.22485,0.272612,0.164242
AGCTCTAGACGTTCCA-1,0.000019,0.000019,0.09084,0.909123
AGCTCTTCCCAGTGCA-1,0.301916,0.057719,0.009725,0.63064
AGCTCTTCGTAACCTT-1,0.413403,0.054375,0.223737,0.308485
AGCTCTTTACTCAGTT-1,0.056728,0.075726,0.049408,0.818138
AGCTGAAGTAAACCAA-1,0.107382,0.522783,0.00382,0.366014
AGCTGTAACCTCAATC-1,0.000008,0.004563,0.489191,0.506238
AGCTTCAATACTTTGA-1,0.000127,0.998856,0.000381,0.000635
AGCTTCTTCTCGAGCA-1,0.001485,0.002649,0.610027,0.385839
AGCTTGATCAGGGTAG-1,0.012016,0.194297,0.598549,0.195138
AGCTTGATCTTAACTT-1,0.053521,0.358211,0.35698,0.231287
AGGAAAGCCTCTGATG-1,0.020962,0.051892,0.000123,0.927023
AGGAACGAACGACTTC-1,0.100141,0.226513,0.673254,0.000092
