Barcode,Topic 1,Topic 2,Topic 3,Topic 4,Topic 5,Topic 6,Topic 7,Topic 8,Topic 9,Topic 10
AAACAACGAATAGTTC-1,0.020159,0.000074,0.353465,0.060238,0.000074,0.118718,0.447051,0.000074,0.000074,0.000074
AAACAAGTATCTCCCA-1,0.000052,0.033447,0.147338,0.241716,0.000052,0.094787,0.402414,0.074032,0.000052,0.006111
AAACAATCTACTAGCA-1,0.000088,0.000088,0.195888,0.284923,0.034994,0.080209,0.379303,0.011992,0.012427,0.000088
AAACACCAATAACTGC-1,0.081695,0.038389,0.112659,0.098948,0.235113,0.125034,0.014901,0.02718,0.068735,0.197346
AAACAGCTTTCAGAAG-1,0.047454,0.000014,0.000014,0.000014,0.000023,0.224664,0.013718,0.233406,0.062138,0.418554
AAACAGGGTCTATATT-1,0.111264,0.005139,0.15001,0.016787,0.000039,0.438097,0.261334,0.012992,0.000039,0.0043
AAACAGTGTTCCTGGG-1,0.065727,0.65998,0.071248,0.049523,0.000053,0.030145,0.123166,0.000053,0.000053,0.000053
AAACATTTCCCGGATT-1,0.00892,0.43175,0.191896,0.208585,0.000055,0.020192,0.134223,0.004271,0.000055,0.000055
AAACCCGAACGAAATC-1,0.013898,0.007317,0.027774,0.082904,0.002227,0.233752,0.145503,0.311411,0.141035,0.034178
AAACCGGAAATGTTAA-1,0.008327,0.053714,0.04818,0.26441,0.016585,0.115219,0.306202,0.133316,0.004583,0.049464
AAACCGGGTAGGTACC-1,0.161785,0.000028,0.094262,0.000028,0.000028,0.421613,0.042067,0.003359,0.172446,0.104384
AAACCGTTCGTCCAGG-1,0.058171,0.04444,0.096423,0.012327,0.000042,0.284805,0.254885,0.005108,0.167556,0.076242
AAACCTAAGCAGCCGG-1,0.000066,0.927015,0.013615,0.000066,0.000066,0.053326,0.005649,0.000066,0.000066,0.000066
AAACCTCATGAAGTTG-1,0.000026,0.007287,0.009193,0.001806,0.06841,0.307739,0.048724,0.025168,0.297912,0.233735
AAACGAAGAACATACC-1,0.000035,0.000035,0.195634,0.323211,0.005726,0.276291,0.06274,0.01473,0.113659,0.007939
AAACGAGACGGTTGAT-1,0.000017,0.000017,0.000017,0.000017,0.000017,0.015178,0.181606,0.10328,0.239905,0.459948
AAACGCTGGGCACGAC-1,0.444845,0.366784,0.000027,0.058576,0.116628,0.000027,0.000027,0.013031,0.000027,0.000027
AAACGGGCGTACGGGT-1,0.490089,0.26467,0.000031,0.085623,0.15943,0.000031,0.000031,0.000031,0.000031,0.000031
AAACGGGTTGGTATCC-1,0.000061,0.000061,0.204978,0.245487,0.000061,0.124281,0.248162,0.00796,0.16753,0.001418
AAACGGTTGCGAACTG-1,0.314904,0.420804,0.057587,0.000048,0.206415,0.000048,0.000048,0.000048,0.000048,0.000048
AAACGTGTTCGCCCTA-1,0.000045,0.017061,0.86093,0.097379,0.023222,0.000045,0.000045,0.00118,0.000045,0.000045
AAACTAACGTGGCGAC-1,0.000729,0.00003,0.123697,0.362998,0.185099,0.010346,0.071922,0.006504,0.235886,0.002789
AAACTCGGTTCGCAAT-1,0.158463,0.636382,0.002653,0.114877,0.000061,0.049709,0.000326,0.037409,0.000061,0.000061
AAACTCGTGATATAAG-1,0.000034,0.000034,0.157964,0.149327,0.002259,0.139129,0.041822,0.002272,0.482827,0.024333
AAACTGCTGGCTCCAA-1,0.000052,0.081743,0.100443,0.012416,0.000052,0.233511,0.542772,0.012574,0.000052,0.016385
AAACTTAATTGCACGC-1,0.042141,0.06767,0.059357,0.22024,0.030111,0.141128,0.021432,0.050663,0.061757,0.305501
AAACTTGCAAACGTAT-1,0.000034,0.057484,0.043295,0.0142,0.000034,0.497974,0.12383,0.072917,0.032133,0.158099
AAAGAATGTGGACTAA-1,0.020105,0.903091,0.076426,0.000054,0.000054,0.000054,0.000054,0.000054,0.000054,0.000054
AAAGACCCAAGTCGCG-1,0.056831,0.000092,0.914711,0.000092,0.000092,0.027812,0.000092,0.000092,0.000092,0.000092
AAAGACTGGGCGCTTT-1,0.000054,0.000054,0.267523,0.000283,0.000054,0.395018,0.19276,0.000054,0.083311,0.06089
AAAGCTTGCCTACATA-1,0.002331,0.000024,0.048099,0.142827,0.000024,0.176734,0.413118,0.03919,0.172517,0.005137
AAAGGCCCTATAATAC-1,0.00005,0.543556,0.041621,0.084214,0.00005,0.144777,0.021901,0.000234,0.02921,0.134387
AAAGGCTACGGACCAT-1,0.001414,0.587356,0.21371,0.00008,0.00008,0.197038,0.00008,0.00008,0.00008,0.00008
AAAGGCTCTCGCGCCG-1,0.005009,0.05638,0.060813,0.137761,0.51984,0.106813,0.006341,0.00548,0.034801,0.066761
AAAGGGATGTAGCAAG-1,0.000027,0.000027,0.033764,0.008219,0.101034,0.172184,0.0819,0.038374,0.527649,0.036821
AAAGGGCAGCTTGAAT-1,0.000052,0.004404,0.155652,0.000052,0.000052,0.50288,0.230661,0.000052,0.096074,0.010122
AAAGGTAAGCTGTACC-1,0.000042,0.000042,0.202785,0.314313,0.101506,0.143028,0.012349,0.000042,0.218023,0.00787
AAAGTAGCATTGCTCA-1,0.02909,0.018909,0.051843,0.06599,0.028036,0.021713,0.01918,0.048148,0.180159,0.536932
AAAGTCACTGATGTAA-1,0.013384,0.002281,0.275514,0.00003,0.036311,0.204308,0.009618,0.00566,0.360454,0.09244
AAAGTCGACCCTCAGT-1,0.000034,0.02063,0.000903,0.010232,0.052036,0.472551,0.14231,0.033362,0.150485,0.117456
AAAGTGCCATCAATTA-1,0.031784,0.379565,0.145186,0.061955,0.14036,0.024163,0.16584,0.046988,0.000036,0.004124
AAAGTGTGATTTATCT-1,0.000024,0.000024,0.000024,0.000024,0.010645,0.03789,0.02487,0.316367,0.176977,0.433158
AAAGTTGACTCCCGTA-1,0.000044,0.000044,0.01666,0.11769,0.015442,0.355583,0.145148,0.078744,0.067047,0.203598
AAATAAGGTAGTGCCC-1,0.00002,0.00002,0.001589,0.107998,0.000951,0.086111,0.163796,0.175823,0.316337,0.147354
AAATACCTATAAGCAT-1,0.00363,0.00002,0.001919,0.007435,0.118487,0.051038,0.161913,0.260192,0.032185,0.36318
AAATAGCTTAGACTTT-1,0.000021,0.000021,0.000021,0.002132,0.046126,0.010578,0.148313,0.388543,0.237983,0.166262
AAATAGGGTGCTATTG-1,0.000929,0.000016,0.029939,0.20176,0.058254,0.001186,0.020873,0.216552,0.097746,0.372744
AAATCCGATACACGCC-1,0.14231,0.391648,0.012727,0.29332,0.015481,0.001571,0.001725,0.129441,0.007519,0.004257
AAATCGTGTACCACAA-1,0.180382,0.00005,0.150792,0.00005,0.00005,0.323767,0.082302,0.040136,0.010528,0.211943
AAATCTAGCCCTGCTA-1,0.004025,0.011066,0.115017,0.23679,0.036162,0.032815,0.038547,0.326006,0.037515,0.162056
AAATGACTGATCAAAC-1,0.000085,0.827733,0.041786,0.000085,0.000085,0.066457,0.063514,0.000085,0.000085,0.000085
AAATGATTCGATCAGC-1,0.00007,0.006171,0.468139,0.031766,0.025671,0.433734,0.008117,0.00007,0.026192,0.00007
AAATGCTCGTTACGTT-1,0.0604,0.000098,0.836567,0.000098,0.042014,0.044551,0.000098,0.000098,0.004836,0.011238
AAATGGCCCGTGCCCT-1,0.029569,0.028148,0.420046,0.000021,0.230677,0.023376,0.000401,0.001522,0.011354,0.254887
AAATGGTCAATGTGCC-1,0.002354,0.010287,0.273786,0.000053,0.000053,0.371648,0.232884,0.000053,0.094635,0.014247
AAATGTATCTTATCCC-1,0.000018,0.000018,0.01587,0.010339,0.025422,0.045808,0.033863,0.083801,0.563632,0.221228
AAATGTGGGTGCTCCT-1,0.000049,0.013212,0.289198,0.260827,0.000049,0.000049,0.436472,0.000049,0.000049,0.000049
AAATTAACGGGTAGCT-1,0.007603,0.000032,0.01724,0.000032,0.02605,0.320147,0.414191,0.00863,0.101621,0.104454
AAATTAATAAGCGCGA-1,0.031158,0.002029,0.083961,0.000031,0.000031,0.766578,0.009139,0.000031,0.06177,0.04527
AAATTACCTATCGATG-1,0.000059,0.000059,0.267979,0.02716,0.092197,0.386993,0.092475,0.000059,0.131179,0.001839
AAATTCCAGGTCCAAA-1,0.04204,0.00003,0.036637,0.019595,0.000349,0.194981,0.271166,0.189546,0.153426,0.092229
AAATTGATAGTCCTTT-1,0.000076,0.154078,0.090299,0.034043,0.01135,0.282789,0.075151,0.036721,0.041843,0.273649
AAATTGCGGCGGTTCT-1,0.000044,0.000044,0.254395,0.012735,0.218967,0.207273,0.060317,0.000044,0.240903,0.005278
AAATTGGTGAGAAGCA-1,0.054305,0.020912,0.732201,0.08936,0.005921,0.001712,0.024377,0.071101,0.000055,0.000055
AAATTTACCGAAATCC-1,0.000013,0.000013,0.033139,0.269595,0.081804,0.027744,0.05662,0.23729,0.267903,0.02588
AAATTTGCGGGTGTGG-1,0.091896,0.011265,0.240802,0.000057,0.000057,0.463471,0.182456,0.000057,0.000057,0.009884
AACAACTGGTAGTTGC-1,0.000026,0.000026,0.008561,0.000665,0.000026,0.396374,0.080553,0.055131,0.172618,0.286021
AACAATACATTGTCGA-1,0.100893,0.424318,0.177914,0.000061,0.000061,0.188889,0.082026,0.000061,0.000061,0.025716
AACAATTACTCTACGC-1,0.000017,0.000017,0.000017,0.002638,0.055373,0.069672,0.045919,0.098498,0.565806,0.162043
AACACACGCTCGCCGC-1,0.032521,0.010764,0.006138,0.13108,0.251925,0.023521,0.016203,0.269772,0.084939,0.173137
AACACGACTGTACTGA-1,0.000053,0.000053,0.351429,0.163914,0.011791,0.198838,0.031592,0.002945,0.203668,0.035716
AACACGAGACGCGGCC-1,0.015877,0.00001,0.00001,0.00001,0.004335,0.019567,0.028938,0.405949,0.191163,0.33414
AACACGCGGCCGCGAA-1,0.000026,0.000026,0.055698,0.284243,0.026716,0.323951,0.078713,0.004603,0.221674,0.004349
AACAGCTGTGTGGCAA-1,0.000033,0.100863,0.152972,0.151064,0.005798,0.041804,0.026281,0.15377,0.084029,0.283385
AACAGGAAATCGAATA-1,0.000066,0.02811,0.670273,0.000066,0.172475,0.00055,0.032543,0.000066,0.089979,0.005873
AACAGGATGGGCCGCG-1,0.000035,0.003862,0.076422,0.026591,0.106892,0.287483,0.270982,0.001556,0.16208,0.064097
AACAGGTAGTATGGAT-1,0.094208,0.017806,0.055841,0.266601,0.016861,0.067299,0.261462,0.213489,0.004642,0.001791
AACATAGCGTGTATCG-1,0.113353,0.886105,0.000068,0.000068,0.000068,0.000068,0.000068,0.000068,0.000068,0.000068
AACATATCAACTGGTG-1,0.040448,0.000038,0.158759,0.082897,0.001974,0.050141,0.064947,0.01195,0.314276,0.274571
AACATCGATACGTCTA-1,0.042824,0.09035,0.796622,0.026936,0.028166,0.000056,0.009294,0.005639,0.000056,0.000056
AACATTGAAGTTGATC-1,0.02779,0.639978,0.124214,0.000089,0.000089,0.194125,0.000089,0.000089,0.013447,0.000089
AACATTGGTCAGCCGT-1,0.000105,0.000105,0.429144,0.038222,0.000105,0.216334,0.315672,0.000105,0.000105,0.000105
AACATTGTGACTCGAG-1,0.000082,0.811029,0.113097,0.000082,0.000082,0.0753,0.000082,0.000082,0.000082,0.000082
AACCAAGACTTCTCTG-1,0.008469,0.038263,0.00105,0.029893,0.046831,0.353198,0.356321,0.015857,0.048402,0.101717
AACCAGTATCACTCTT-1,0.000256,0.000917,0.050527,0.204053,0.315003,0.117173,0.209369,0.031392,0.06405,0.00726
AACCATAGGGTTGAAC-1,0.000052,0.304915,0.343235,0.000052,0.000052,0.323863,0.027677,0.000052,0.000052,0.000052
AACCATGGGATCGCTA-1,0.026699,0.008858,0.549868,0.000058,0.026046,0.043807,0.048177,0.005459,0.152165,0.138863
AACCCAGAGACGGAGA-1,0.000075,0.033184,0.641821,0.000534,0.324009,0.000075,0.000075,0.000075,0.000075,0.000075
AACCCATCCCATGATC-1,0.017614,0.008273,0.132418,0.020286,0.08946,0.059955,0.007499,0.036457,0.160372,0.467663
AACCCGACAACCCGTG-1,0.244512,0.543944,0.202166,0.000049,0.009085,0.000049,0.000049,0.000049,0.000049,0.000049
AACCCGAGCAGAATCG-1,0.031902,0.015315,0.043319,0.381426,0.000522,0.051578,0.156596,0.181431,0.044807,0.093104
AACCCGCTGTATTCCA-1,0.129941,0.08483,0.000021,0.493729,0.031918,0.000021,0.000021,0.257805,0.000021,0.001692
AACCCTACTGTCAATA-1,0.000052,0.04631,0.07078,0.118632,0.082262,0.37747,0.265855,0.008015,0.027375,0.003249
AACCCTGGTGGAACCA-1,0.000028,0.000028,0.19756,0.212253,0.032793,0.083398,0.033039,0.008874,0.429138,0.00289
AACCGAGCTTGGTCAT-1,0.000058,0.000058,0.230617,0.078132,0.028376,0.225691,0.114962,0.000058,0.306917,0.01513
AACCGCTAAGGGATGC-1,0.065071,0.025683,0.043031,0.000027,0.051769,0.073448,0.19385,0.197196,0.103947,0.24598
AACCGTTGTGTTTGCT-1,0.022802,0.000077,0.630731,0.043498,0.000172,0.013195,0.014335,0.042565,0.184971,0.047655
AACCTCGCTTTAGCCC-1,0.357934,0.544458,0.054274,0.000051,0.000051,0.005032,0.038047,0.000051,0.000051,0.000051
AACCTGTCACGGAATT-1,0.000038,0.000038,0.034429,0.000933,0.000038,0.037328,0.350352,0.274336,0.20436,0.098147
AACCTTTAAATACGGT-1,0.409774,0.049742,0.182363,0.064979,0.040175,0.096071,0.13979,0.000047,0.007013,0.010046
AACCTTTACGACGTCT-1,0.000075,0.00886,0.618017,0.000075,0.102484,0.016142,0.037274,0.031767,0.095574,0.089732
AACGAAAGTCGTCCCA-1,0.000038,0.088003,0.499648,0.000038,0.000038,0.260063,0.038617,0.000282,0.000038,0.113235
AACGACCTCCTAGCCG-1,0.421845,0.277147,0.05362,0.118651,0.02307,0.015257,0.000337,0.035367,0.047741,0.006965
AACGATAATGCCGTAG-1,0.000046,0.066027,0.093953,0.151462,0.308282,0.151434,0.129311,0.050954,0.000046,0.048486
AACGATAGAAGGGCCG-1,0.032333,0.000034,0.311039,0.000034,0.044036,0.062002,0.006161,0.003085,0.40682,0.134458
AACGATATGTCAACTG-1,0.000046,0.000046,0.186762,0.140507,0.009488,0.173102,0.079982,0.00285,0.351225,0.055991
AACGCATGATCTGGGT-1,0.000081,0.015927,0.612114,0.000081,0.000081,0.320906,0.050568,0.000081,0.000081,0.000081
AACGCGAACGGCAACA-1,0.000071,0.006851,0.992577,0.000071,0.000071,0.000071,0.000071,0.000071,0.000071,0.000071
AACGCGACCTTGGGCG-1,0.000084,0.684144,0.087834,0.060264,0.000084,0.029929,0.03419,0.051096,0.000084,0.052294
AACGCGGTCTCCAGCC-1,0.00003,0.00003,0.05677,0.084924,0.013634,0.006,0.013296,0.046789,0.571443,0.207084
AACGCTGTTGCTGAAA-1,0.040052,0.009806,0.150243,0.140056,0.02198,0.209164,0.193114,0.180418,0.00404,0.051126
AACGGACGTACGTATA-1,0.000014,0.000014,0.000014,0.063325,0.003874,0.000996,0.001909,0.242047,0.088767,0.599041
AACGGCCATCTCCGGT-1,0.060841,0.001878,0.052639,0.087477,0.000167,0.106189,0.036879,0.080521,0.07134,0.50207
AACGTACTGTGGGTAC-1,0.000035,0.022558,0.094938,0.018126,0.089201,0.343729,0.273539,0.035604,0.073743,0.048527
AACGTAGTCTACCCAT-1,0.122882,0.000062,0.119335,0.304066,0.000062,0.010703,0.412331,0.024369,0.006127,0.000062
AACGTCAGACTAGTGG-1,0.010101,0.00003,0.097978,0.10347,0.036792,0.129224,0.022819,0.029291,0.455544,0.11475
AACGTCATCCGGCTTG-1,0.257398,0.51218,0.204797,0.000059,0.000059,0.025272,0.000059,0.000059,0.000059,0.000059
AACGTCGCTGCACTTC-1,0.000966,0.903073,0.018732,0.068432,0.00006,0.00006,0.008498,0.00006,0.00006,0.00006
AACGTGATGAAGGACA-1,0.00006,0.003236,0.676569,0.007237,0.001459,0.002498,0.00006,0.037097,0.257192,0.014592
AACGTGCGAAAGTCTC-1,0.072963,0.000027,0.088838,0.033651,0.018965,0.10928,0.04235,0.048231,0.197626,0.38807
AACGTTATCAGCACCT-1,0.000051,0.000051,0.29282,0.011067,0.010743,0.208431,0.005596,0.000051,0.434908,0.036282
AACGTTCTACCATTGT-1,0.10677,0.123757,0.114285,0.094021,0.052919,0.030515,0.020543,0.172366,0.08902,0.195802
AACTACCCGTTTGTCA-1,0.069637,0.071574,0.21755,0.104606,0.018578,0.15188,0.26325,0.077496,0.0039,0.021529
AACTAGCGTATCGCAC-1,0.000037,0.000037,0.133377,0.237732,0.426141,0.020368,0.182197,0.000037,0.000037,0.000037
AACTAGGCTTGGGTGT-1,0.033841,0.023609,0.064985,0.210803,0.601376,0.008904,0.004537,0.003356,0.000025,0.048564
AACTCAAGTTAATTGC-1,0.000044,0.041978,0.040939,0.000044,0.034419,0.286285,0.457157,0.005925,0.000287,0.132922
AACTCCAGAGCGTGTT-1,0.000071,0.31585,0.246633,0.275683,0.011922,0.006207,0.143315,0.000176,0.000071,0.000071
AACTCCTAATCCCATG-1,0.000121,0.049997,0.834169,0.000121,0.000121,0.000121,0.000121,0.094792,0.000121,0.020319
AACTCGATAAACACGT-1,0.000038,0.000038,0.262255,0.241217,0.027087,0.014597,0.021185,0.004414,0.398684,0.030486
AACTCGATGGCGCAGT-1,0.049514,0.000783,0.234768,0.000026,0.008524,0.321001,0.000446,0.000026,0.293005,0.091907
AACTCTCAATAGAGCG-1,0.000016,0.000016,0.000016,0.000016,0.000016,0.036971,0.078385,0.203397,0.128807,0.552361
AACTCTCAGTGTGCTC-1,0.018917,0.041358,0.195603,0.094729,0.000052,0.213425,0.155818,0.075562,0.005439,0.199098
AACTGAGGTCAGCGTC-1,0.000025,0.000025,0.101033,0.312181,0.118979,0.048967,0.013942,0.006589,0.381614,0.016644
AACTGAGTTATACTGA-1,0.014475,0.014649,0.02081,0.068284,0.000018,0.074773,0.173628,0.357737,0.029918,0.245709
AACTGATATTAGGCCT-1,0.000098,0.000098,0.830744,0.010516,0.127023,0.01309,0.007956,0.004598,0.000098,0.005778
AACTGGGTCCCGACGT-1,0.000069,0.000069,0.47836,0.02759,0.014871,0.273048,0.010072,0.000069,0.190636,0.005217
AACTGGTGTGGGCCTT-1,0.000037,0.000037,0.19475,0.309013,0.074636,0.011354,0.007529,0.004697,0.385332,0.012616
AACTTCTGCGTCTATC-1,0.000099,0.000099,0.404636,0.000099,0.028023,0.56665,0.000099,0.000099,0.000099,0.000099
AACTTGCCCGTATGCA-1,0.000032,0.000032,0.085736,0.006629,0.041287,0.100179,0.060111,0.008768,0.416163,0.281063
AACTTGCGTTCTCGCG-1,0.017204,0.006254,0.71648,0.000103,0.000103,0.13506,0.089356,0.000103,0.000103,0.035232
AACTTTACGGGAGCTT-1,0.000067,0.000067,0.114995,0.000067,0.000067,0.823526,0.040299,0.000067,0.000067,0.020781
AACTTTAGCTGCTGAG-1,0.000024,0.000024,0.008712,0.231185,0.03355,0.029411,0.063635,0.068939,0.51743,0.047089
AACTTTCTCGATCATG-1,0.000025,0.000025,0.259849,0.334514,0.014524,0.012263,0.008505,0.02136,0.337523,0.011411
AAGAAATCACCAGATT-1,0.000042,0.006111,0.793667,0.058554,0.000042,0.075549,0.065908,0.000042,0.000042,0.000042
AAGAAGGATCAGTTAG-1,0.014866,0.008861,0.209163,0.000778,0.054747,0.226525,0.010479,0.001759,0.257313,0.21551
AAGACATACGTGGTTT-1,0.058517,0.322502,0.123755,0.083666,0.259471,0.000034,0.003829,0.147493,0.000034,0.0007
AAGACCCAACTGAACA-1,0.277598,0.343261,0.047208,0.05768,0.041875,0.00333,0.076828,0.066592,0.06468,0.020949
AAGACTAACCCGTTGT-1,0.000047,0.000047,0.268166,0.118661,0.029651,0.432445,0.073595,0.000047,0.067133,0.010207
AAGACTGCAAGCTACT-1,0.000048,0.019299,0.151238,0.090543,0.012464,0.396974,0.106258,0.079863,0.101007,0.042307
AAGAGATGAATCGGTA-1,0.000062,0.039967,0.414613,0.000062,0.028772,0.161575,0.019702,0.000062,0.271935,0.063252
AAGAGCTCTTTATCGG-1,0.000071,0.023488,0.094526,0.000071,0.000071,0.515208,0.255274,0.000071,0.058474,0.052745
AAGAGGATGTACGCGA-1,0.000033,0.000033,0.010588,0.001321,0.011772,0.387552,0.073715,0.065432,0.087974,0.36158
AAGAGGCATGGATCGC-1,0.056033,0.015602,0.06969,0.038393,0.000043,0.470815,0.257858,0.050441,0.022014,0.019111
AAGAGGCCCTTTGGAA-1,0.023084,0.083433,0.169391,0.487059,0.035447,0.018565,0.073763,0.084667,0.002384,0.022207
AAGATGGCACCGGACC-1,0.000048,0.392367,0.246076,0.013255,0.000048,0.234801,0.037445,0.000048,0.000806,0.075104
AAGATTGGCGGAACGT-1,0.000055,0.000055,0.332104,0.038192,0.000055,0.545414,0.049609,0.000055,0.027917,0.006543
AAGCACCCTGCGTATC-1,0.174798,0.000013,0.000013,0.262371,0.420053,0.000013,0.000013,0.078688,0.031501,0.032537
AAGCATACTCTCCTGA-1,0.000045,0.100852,0.225231,0.195308,0.000045,0.091205,0.261335,0.067479,0.01678,0.041719
AAGCCACTTGCAGGTA-1,0.002019,0.730589,0.146601,0.050058,0.000056,0.000056,0.000056,0.070453,0.000056,0.000056
AAGCCGAAGCGGTTTA-1,0.089678,0.000026,0.001495,0.029453,0.03044,0.029812,0.063653,0.342448,0.07418,0.338816
AAGCCGCCGTGAAATC-1,0.000618,0.108465,0.029649,0.445345,0.073864,0.039564,0.003573,0.01245,0.041357,0.245114
AAGCCGCTTTACCTTG-1,0.038655,0.021995,0.777657,0.158109,0.000036,0.000036,0.000036,0.003405,0.000036,0.000036
AAGCCGGAGAGCAGGA-1,0.000043,0.276048,0.187982,0.220443,0.000043,0.141239,0.172157,0.001961,0.000043,0.000043
AAGCGCAGGGCTTTGA-1,0.13535,0.532523,0.000058,0.000058,0.331718,0.000058,0.000058,0.000058,0.000058,0.000058
AAGCGGCGTCATGGGT-1,0.000057,0.000057,0.287563,0.173811,0.096649,0.063987,0.028349,0.000057,0.349413,0.000057
AAGCGTCCCTCATCGA-1,0.083885,0.08885,0.03206,0.120896,0.471603,0.035237,0.003512,0.016504,0.010631,0.136821
AAGCTAGATCGAGTAA-1,0.027813,0.041564,0.106741,0.153822,0.000142,0.135299,0.261373,0.109655,0.023343,0.140247
AAGCTCGTGCCAAGTC-1,0.000071,0.039325,0.254911,0.000071,0.000071,0.497576,0.098639,0.000071,0.009578,0.099686
AAGCTCTTTCATGGTG-1,0.240583,0.063052,0.214366,0.305736,0.018128,0.000053,0.041018,0.092186,0.006903,0.017977
AAGGAGAACTTATAAG-1,0.000051,0.000051,0.077851,0.455057,0.013856,0.000051,0.401716,0.044702,0.006614,0.000051
AAGGAGCGGTTGGTGC-1,0.00007,0.024012,0.326082,0.00007,0.00007,0.555863,0.093621,0.00007,0.00007,0.00007
AAGGATCGATCGCTTG-1,0.000038,0.016639,0.000038,0.000579,0.000038,0.169818,0.314014,0.172708,0.256645,0.069484
AAGGATGAGGGACCTC-1,0.003496,0.000033,0.11985,0.043686,0.062155,0.232291,0.14537,0.046517,0.3099,0.036702
AAGGCAGGCTGTCTCC-1,0.000031,0.011669,0.00225,0.105328,0.000031,0.267864,0.266174,0.282051,0.009378,0.055225
AAGGCGCGTAAAGCTT-1,0.000034,0.000034,0.180326,0.015548,0.000034,0.276781,0.056398,0.009679,0.418704,0.04246
AAGGCTGTGCTCATCG-1,0.006313,0.000015,0.000015,0.000015,0.000329,0.004985,0.01605,0.151982,0.481741,0.338554
AAGGGAACGACTGGCT-1,0.008902,0.106919,0.037974,0.404581,0.000028,0.143889,0.009043,0.070626,0.038887,0.179152
AAGGGACAGATTCTGT-1,0.000035,0.000035,0.141235,0.157352,0.000035,0.112473,0.053333,0.011708,0.349865,0.173928
AAGGGACTATGCATTC-1,0.007045,0.269682,0.331552,0.015181,0.000067,0.21456,0.0644,0.000067,0.012748,0.084697
AAGGGTTAGCCATGCG-1,0.304081,0.079028,0.051065,0.058871,0.024329,0.068351,0.019564,0.232373,0.043543,0.118796
AAGGTATCCTAATATA-1,0.000026,0.000026,0.030277,0.081115,0.015013,0.118369,0.019619,0.035109,0.594299,0.106147
AAGGTGATAAACCAGC-1,0.000053,0.065565,0.100674,0.001211,0.000053,0.342054,0.411816,0.032924,0.000053,0.045598
AAGTAAGCTTCCAAAC-1,0.000062,0.002907,0.181496,0.410126,0.000062,0.000062,0.405101,0.000062,0.000062,0.000062
AAGTAGAAGACCGGGT-1,0.000061,0.000061,0.500535,0.047028,0.064409,0.045038,0.024201,0.000061,0.266403,0.052202
AAGTAGTGACGCGAGG-1,0.02977,0.000037,0.035863,0.051778,0.000037,0.36595,0.136341,0.02661,0.128164,0.225448
AAGTCAATTGTCGTCA-1,0.000034,0.012974,0.003133,0.027898,0.000034,0.20416,0.362951,0.134451,0.162265,0.092099
AAGTCTAGTAGCTGCC-1,0.000027,0.000027,0.320063,0.366426,0.000027,0.087269,0.139489,0.000027,0.086114,0.00053
AAGTGACGACCGAATT-1,0.000044,0.063349,0.012757,0.000044,0.000388,0.323538,0.201632,0.085155,0.033655,0.279439
AAGTGAGTCGGGTTTA-1,0.011656,0.618677,0.081482,0.000105,0.000105,0.237587,0.050073,0.000105,0.000105,0.000105
AAGTGCAAAGGTAGAC-1,0.000062,0.006721,0.257983,0.000062,0.000062,0.723022,0.011905,0.000062,0.000062,0.000062
AAGTGCCTTGACTGTA-1,0.056399,0.007399,0.130635,0.099082,0.000076,0.257497,0.406802,0.008999,0.000076,0.033035
AAGTGCGTTAGAATCT-1,0.000022,0.000022,0.079205,0.089594,0.122319,0.081732,0.029116,0.036669,0.148949,0.412371
AAGTGCTTCTCTATTG-1,0.16289,0.661772,0.06561,0.011074,0.072356,0.000066,0.014398,0.000741,0.000066,0.011027
AAGTGTTTGGAGACGG-1,0.000029,0.027438,0.1976,0.176404,0.024719,0.032441,0.088726,0.127285,0.078868,0.246491
AAGTTCACTCCAAGCT-1,0.40429,0.170786,0.098825,0.137865,0.160566,0.000053,0.021597,0.005913,0.000053,0.000053
AAGTTCAGTCTGCGTA-1,0.000102,0.000102,0.967109,0.018207,0.000102,0.013971,0.000102,0.000102,0.000102,0.000102
AAGTTCGGCCAACAGG-1,0.043604,0.019109,0.01976,0.025986,0.03345,0.172009,0.058671,0.061308,0.133734,0.432369
AAGTTGTGATGTTATA-1,0.160472,0.448866,0.048296,0.250024,0.000053,0.003955,0.046051,0.042179,0.000053,0.000053
AAGTTTACTAATGGCA-1,0.000027,0.000027,0.093814,0.398608,0.061659,0.001131,0.136217,0.126463,0.168182,0.013872
AAGTTTATGGGCCCAA-1,0.197646,0.753885,0.00005,0.00005,0.048117,0.00005,0.00005,0.00005,0.00005,0.00005
AATAACAACGCTCGGC-1,0.039921,0.00314,0.003186,0.036979,0.10107,0.544346,0.025535,0.019386,0.180665,0.045771
AATAACACTAGAACAA-1,0.076134,0.027745,0.121735,0.019699,0.040079,0.034721,0.009362,0.032442,0.148836,0.489247
AATAACGTCGCGCCCA-1,0.108144,0.840897,0.006738,0.000041,0.000041,0.036507,0.007507,0.000041,0.000041,0.000041
AATAAGTCCTCGAGAC-1,0.000015,0.000222,0.113179,0.296249,0.081529,0.052502,0.181566,0.084314,0.156863,0.033561
AATAATCTTCGTATCG-1,0.000021,0.033013,0.073714,0.237827,0.004404,0.092394,0.120599,0.381255,0.011579,0.045193
AATACAATGTTTCAGG-1,0.000063,0.000063,0.236251,0.000063,0.032272,0.612908,0.027538,0.000063,0.090716,0.000063
AATACCGGAGGGCTGT-1,0.000107,0.734132,0.212675,0.000107,0.000107,0.052446,0.000107,0.000107,0.000107,0.000107
AATACCTGATGTGAAC-1,0.494659,0.499575,0.005424,0.000049,0.000049,0.000049,0.000049,0.000049,0.000049,0.000049
AATAGAACAGAGTGGC-1,0.00002,0.030148,0.018548,0.146577,0.189543,0.063223,0.008335,0.024363,0.120588,0.398654
AATAGAATCTGTTTCA-1,0.000023,0.005311,0.007038,0.16422,0.000418,0.056655,0.26125,0.295848,0.029274,0.179964
AATAGCAAGCCTCCTG-1,0.000013,0.000013,0.018999,0.558898,0.002292,0.001227,0.019285,0.103301,0.293646,0.002327
AATAGCTACCGCGTGC-1,0.000092,0.052982,0.802299,0.00168,0.000092,0.057292,0.085289,0.000092,0.000092,0.000092
AATAGTCCGTCCCGAC-1,0.211194,0.487391,0.300992,0.00006,0.00006,0.00006,0.00006,0.00006,0.00006,0.00006
AATAGTCGCGAGTCGG-1,0.000034,0.000034,0.087086,0.000034,0.009275,0.434991,0.02856,0.000038,0.256974,0.182974
AATATCAAGGTCGGAT-1,0.000062,0.000062,0.378223,0.017063,0.06172,0.244402,0.008979,0.000062,0.289366,0.000062
AATATCGAATCAATGC-1,0.06156,0.107347,0.157125,0.2013,0.007412,0.130825,0.281485,0.03032,0.000054,0.02257
AATATCGAGGGTTCTC-1,0.000025,0.000025,0.003274,0.088986,0.094699,0.038028,0.015949,0.064909,0.505879,0.188225
AATATTGGAGTATTGA-1,0.000076,0.024291,0.044026,0.000076,0.000076,0.661683,0.264561,0.000076,0.000076,0.005059
AATCAGACTGCAGGAC-1,0.000034,0.000034,0.142678,0.043832,0.124715,0.069869,0.002213,0.040347,0.547042,0.029235
AATCAGGTTTCATTTA-1,0.000095,0.728995,0.117155,0.000095,0.000095,0.147106,0.006173,0.000095,0.000095,0.000095
AATCATGTAAAGACTC-1,0.000035,0.0737,0.167477,0.259551,0.098101,0.133296,0.195417,0.06117,0.000191,0.011062
AATCCATGCAAGGGTG-1,0.024617,0.000046,0.403051,0.096776,0.037689,0.161053,0.022308,0.01502,0.218703,0.020736
AATCCCGCTCAGAGCC-1,0.261862,0.626257,0.080331,0.000072,0.028949,0.002241,0.000072,0.000072,0.000072,0.000072
AATCGAGGTCTCAAGG-1,0.204311,0.794024,0.000053,0.000053,0.001295,0.000053,0.000053,0.000053,0.000053,0.000053
AATCGCCTCAGCGCCA-1,0.000088,0.070275,0.067198,0.000088,0.000088,0.36955,0.492449,0.000088,0.000088,0.000088
AATCGCGCAGAGGACT-1,0.029727,0.002439,0.002587,0.062397,0.016717,0.079078,0.33162,0.294389,0.02804,0.153006
AATCGGGACACTACGA-1,0.000032,0.000032,0.072098,0.30454,0.022804,0.004192,0.000032,0.000032,0.592159,0.004078
AATCGGTATAGCCCTC-1,0.114168,0.805434,0.047935,0.009974,0.000066,0.000066,0.000066,0.02216,0.000066,0.000066
AATCGTGAGCCGAGCA-1,0.126635,0.381232,0.037826,0.047775,0.344452,0.000056,0.004557,0.057353,0.000058,0.000056
AATCTAGGTTTACTTG-1,0.000079,0.070901,0.081631,0.142298,0.074082,0.453004,0.146535,0.004803,0.000079,0.026589
AATCTATGCCGGAGCC-1,0.029932,0.000032,0.072579,0.252627,0.042265,0.056037,0.060443,0.037071,0.419703,0.029312
AATCTCTACTGTGGTT-1,0.059403,0.023435,0.100014,0.005551,0.004689,0.352357,0.301213,0.048879,0.066276,0.038184
AATCTGCGTTGGGACG-1,0.000067,0.019101,0.087524,0.000067,0.000067,0.637125,0.252795,0.003122,0.000067,0.000067
AATCTGGCTTTCTAGT-1,0.000032,0.033758,0.063912,0.072526,0.034649,0.327872,0.078557,0.052936,0.022119,0.313639
AATGACAGCAATGTCT-1,0.018314,0.005987,0.020273,0.016809,0.013195,0.021772,0.008026,0.195338,0.216336,0.483951
AATGACGTAGGATGTC-1,0.008066,0.043446,0.020855,0.016001,0.000052,0.17619,0.410637,0.08915,0.063967,0.171637
AATGACTGTCAGCCGG-1,0.00007,0.00007,0.520768,0.00007,0.00007,0.466067,0.012677,0.00007,0.00007,0.00007
AATGAGTTCGCATATG-1,0.000117,0.000117,0.966708,0.000117,0.000117,0.032353,0.000117,0.000117,0.000117,0.000117
AATGATGATACGCTAT-1,0.000032,0.000032,0.083851,0.1016,0.002223,0.114869,0.017117,0.000216,0.629678,0.050382
AATGATGCGACTCCTG-1,0.000026,0.000026,0.007012,0.076376,0.065188,0.165669,0.047276,0.030051,0.392609,0.215766
AATGCAACCGGGTACC-1,0.044753,0.003532,0.320496,0.007617,0.013471,0.336865,0.200634,0.000055,0.061455,0.011123
AATGCACCAAGCAATG-1,0.05168,0.000022,0.329788,0.102358,0.001793,0.040433,0.000022,0.014876,0.397351,0.061677
AATGGTCCACCGTTCA-1,0.000068,0.015091,0.180286,0.000068,0.000068,0.650826,0.130376,0.000068,0.0216,0.001551
AATGGTTCTCACAAGC-1,0.000054,0.000054,0.343765,0.000054,0.043733,0.332016,0.010603,0.000054,0.262485,0.007182
AATGTATGGCACTGTA-1,0.000065,0.189222,0.29027,0.022096,0.000065,0.367393,0.130694,0.000065,0.000065,0.000065
AATGTGCCCGAGGTGT-1,0.000086,0.23047,0.503443,0.016651,0.088572,0.160433,0.000086,0.000086,0.000086,0.000086
AATGTGCTAATCTGAG-1,0.000088,0.690213,0.080252,0.000088,0.000088,0.221802,0.007205,0.000088,0.000088,0.000088
AATGTTAAGACCCTGA-1,0.578696,0.420965,0.000042,0.000042,0.000042,0.000042,0.000042,0.000042,0.000042,0.000042
AATGTTGTCGTGAGAC-1,0.514532,0.316294,0.011526,0.143178,0.000046,0.000046,0.000202,0.014083,0.000046,0.000046
AATTAAAGGTCGGCGT-1,0.000068,0.023092,0.145062,0.000068,0.000068,0.436113,0.364366,0.000068,0.000068,0.031025
AATTAACGGATTTCCA-1,0.490211,0.14789,0.259012,0.02304,0.00008,0.075245,0.004282,0.00008,0.00008,0.00008
AATTAGCGCTGCAGCG-1,0.268723,0.001176,0.285414,0.114815,0.000047,0.128863,0.184323,0.004258,0.000047,0.012334
AATTATACCCAGCAAG-1,0.641247,0.358395,0.000045,0.000045,0.000045,0.000045,0.000045,0.000045,0.000045,0.000045
AATTCATAAGGGATCT-1,0.000064,0.000064,0.310134,0.000277,0.028729,0.434453,0.050908,0.000064,0.138001,0.037306
AATTCATTGTCATGCA-1,0.034811,0.141765,0.3174,0.00005,0.00005,0.374239,0.094689,0.004815,0.007573,0.024608
AATTCCAACTTGGTGA-1,0.000028,0.000028,0.14928,0.345464,0.052964,0.034951,0.027507,0.000841,0.375183,0.013754
AATTCCAAGCATGTAC-1,0.001294,0.926588,0.004916,0.000121,0.000121,0.066479,0.000121,0.000121,0.000121,0.000121
AATTCGATTCGAGGAT-1,0.348748,0.625609,0.000065,0.000065,0.025187,0.000065,0.000065,0.000065,0.000065,0.000065
AATTCTAGAGTTAGGC-1,0.006603,0.007359,0.034497,0.143173,0.106473,0.015597,0.003977,0.173968,0.150574,0.35778
AATTGAACGCTCTGGT-1,0.079283,0.017628,0.075959,0.162861,0.068866,0.125105,0.438406,0.031036,0.000048,0.000808
AATTGCAGCAATCGAC-1,0.000061,0.799064,0.000571,0.133615,0.006857,0.000061,0.059586,0.000061,0.000061,0.000061
AATTGCGTGGATTACA-1,0.070275,0.040372,0.22734,0.005499,0.000023,0.273416,0.007893,0.006109,0.118139,0.250933
AATTGTGGTTGCCAAA-1,0.007452,0.555914,0.178257,0.169079,0.000041,0.000041,0.083563,0.005571,0.000041,0.000041
AATTTGGGACATAGTA-1,0.000127,0.056137,0.916728,0.000127,0.000127,0.000127,0.000127,0.000127,0.000127,0.026248
AATTTGGTTCCAAAGA-1,0.097904,0.019158,0.879004,0.000071,0.003507,0.000071,0.000071,0.000071,0.000071,0.000071
ACAAACCATGCGTCCT-1,0.272753,0.127532,0.190554,0.119311,0.020094,0.111631,0.063942,0.008625,0.012743,0.072815
ACAAACTCCATCAGAG-1,0.282287,0.477774,0.146374,0.000059,0.018482,0.001764,0.05523,0.017912,0.000059,0.000059
ACAAAGCATGACCTAG-1,0.10769,0.002542,0.000011,0.385973,0.238562,0.000011,0.000011,0.178319,0.059788,0.027091
ACAAATCGCACCGAAT-1,0.013328,0.012695,0.131417,0.127701,0.001516,0.146188,0.157801,0.275366,0.019856,0.114132
ACAAATGGTAGTGTTT-1,0.054045,0.032759,0.062708,0.055162,0.000049,0.285887,0.369849,0.068814,0.040023,0.030704
ACAAATTCAGATCTGA-1,0.010908,0.000053,0.381469,0.026407,0.247151,0.013929,0.039082,0.128906,0.139008,0.013087
ACAACAGCATGAGCTA-1,0.000025,0.000025,0.00372,0.000025,0.04158,0.176452,0.239988,0.027274,0.338759,0.172151
ACAACGGTCCCTGCGA-1,0.000033,0.000033,0.142018,0.014432,0.042048,0.18111,0.015205,0.000033,0.541907,0.063179
ACAAGCAGTGCCTAGC-1,0.000052,0.024409,0.065512,0.000052,0.000052,0.549188,0.303917,0.000052,0.04875,0.008017
ACAAGGAAATCCGCCC-1,0.019154,0.00052,0.172709,0.214264,0.000029,0.065332,0.15504,0.174696,0.05662,0.141636
ACAAGGACAAGAGGTT-1,0.000043,0.049702,0.069597,0.000043,0.000043,0.812838,0.067598,0.000043,0.000043,0.000053
ACAAGGATGCTTTAGG-1,0.186066,0.210904,0.162955,0.178468,0.001194,0.010911,0.106719,0.132794,0.001256,0.008735
ACAAGGGCAGGCTCTG-1,0.110453,0.014616,0.246561,0.000051,0.006098,0.160261,0.320715,0.047974,0.014771,0.0785
ACAATAGTCGTACGTT-1,0.000026,0.000026,0.000026,0.000026,0.000026,0.102312,0.205033,0.337768,0.107995,0.246762
ACAATCCATTTAAACC-1,0.183336,0.000027,0.018199,0.000027,0.049812,0.21995,0.07221,0.009919,0.24554,0.200981
ACAATGAATACGGAGA-1,0.003453,0.072288,0.016294,0.155232,0.293471,0.004514,0.00039,0.019372,0.128134,0.306852
ACAATGATTCTTCTAC-1,0.000482,0.000012,0.011144,0.559772,0.129554,0.001754,0.011527,0.043521,0.241705,0.000529
ACAATTGTGTCTCTTT-1,0.000043,0.014342,0.177798,0.130015,0.000043,0.083417,0.403852,0.124397,0.014887,0.051205
ACAATTTAGGAGGCTC-1,0.000063,0.027757,0.026668,0.000063,0.000063,0.830572,0.087402,0.000063,0.016622,0.010727
ACAATTTGAGCAGTGG-1,0.012485,0.000026,0.002248,0.004441,0.000026,0.321601,0.110858,0.038562,0.434494,0.075259
ACAATTTGGCCATATT-1,0.000035,0.007261,0.005111,0.186347,0.028093,0.150941,0.305396,0.15579,0.079698,0.081327
ACACAAAGACGGGTGG-1,0.000033,0.000033,0.125792,0.029725,0.103367,0.317476,0.095306,0.000033,0.21347,0.114764
ACACACCAGGACCAGT-1,0.141541,0.000052,0.090298,0.028308,0.000052,0.480377,0.130642,0.058393,0.011423,0.058912
ACACACTTTCTACACG-1,0.0001,0.158141,0.668586,0.0001,0.172572,0.0001,0.0001,0.0001,0.0001,0.0001
ACACATGATCAAATCT-1,0.028375,0.073362,0.147625,0.156498,0.224895,0.114672,0.006774,0.019938,0.035787,0.192073
ACACATTTCCGTAGAC-1,0.072972,0.487871,0.027875,0.091061,0.103434,0.000077,0.000077,0.112374,0.074538,0.029722
ACACCACATAATTAGC-1,0.012756,0.000039,0.051353,0.073325,0.027548,0.470852,0.298374,0.009778,0.045984,0.009992
ACACCCAGCATGCAGC-1,0.000032,0.000032,0.068423,0.006006,0.037977,0.105164,0.058267,0.030757,0.50796,0.185383
ACACCCGAGAAATCCG-1,0.000038,0.000038,0.28148,0.030157,0.154151,0.08968,0.000038,0.000038,0.434799,0.00958
ACACCGAGCGCTCTTT-1,0.03342,0.02861,0.332439,0.000047,0.081256,0.094875,0.000047,0.000047,0.166889,0.262373
ACACCGGTCTGACCGC-1,0.00007,0.38479,0.26019,0.00007,0.00007,0.29494,0.059658,0.00007,0.00007,0.00007
ACACCTTAAGTAGGGC-1,0.000086,0.000086,0.254501,0.000086,0.000086,0.653309,0.091586,0.000086,0.000086,0.000086
ACACCTTACTACTTGC-1,0.042179,0.000031,0.000031,0.165171,0.006092,0.075867,0.31783,0.225317,0.060553,0.106928
ACACGAGACTCCTTCT-1,0.000053,0.023228,0.116653,0.001641,0.000053,0.484068,0.328889,0.002305,0.023232,0.019878
ACACGGCACTATGCAT-1,0.000037,0.000037,0.152216,0.330406,0.012695,0.137954,0.107397,0.000037,0.247388,0.011833
ACACGGGAACTTAGGG-1,0.015188,0.000025,0.045539,0.087951,0.000309,0.230323,0.053375,0.016083,0.449413,0.101793
ACACGTAGGCCACAAG-1,0.016957,0.012361,0.091517,0.394623,0.002821,0.013716,0.001858,0.299139,0.093167,0.073841
ACACTCCAATGTCACT-1,0.000106,0.020717,0.588544,0.000106,0.103067,0.202803,0.000106,0.000106,0.073341,0.011105
ACACTGATCAAGGTGT-1,0.149022,0.000039,0.28171,0.030834,0.000039,0.05194,0.014423,0.005454,0.091995,0.374544
ACACTGGGACAGTCGT-1,0.00005,0.25164,0.256601,0.225074,0.00005,0.039424,0.138085,0.074918,0.00005,0.014108
ACAGAACTGAGAACAA-1,0.000047,0.137378,0.335366,0.000047,0.000047,0.35424,0.16081,0.000047,0.000047,0.011969
ACAGATTAGGTTAGTG-1,0.046236,0.000035,0.102158,0.090099,0.142792,0.014433,0.013385,0.000037,0.568999,0.021828
ACAGCATAGAGCCAGT-1,0.000098,0.000098,0.650801,0.001661,0.000098,0.224854,0.122095,0.000098,0.000098,0.000098
ACAGCGACATTCTCAT-1,0.000058,0.303177,0.230757,0.253059,0.000058,0.007534,0.205184,0.000058,0.000058,0.000058
ACAGCGCACCCGCAGC-1,0.019321,0.003812,0.62357,0.016135,0.000056,0.028635,0.000056,0.030753,0.110927,0.166735
ACAGGCACGGATCCTT-1,0.484678,0.194166,0.036021,0.069928,0.180478,0.000027,0.000027,0.001991,0.032657,0.000027
ACAGGCTTGCCCGACT-1,0.009283,0.063669,0.099223,0.260958,0.132523,0.029427,0.230255,0.126024,0.007392,0.041244
ACAGGTGGAGGTGAGG-1,0.038169,0.068194,0.327726,0.00006,0.00006,0.431153,0.134458,0.00006,0.00006,0.00006
ACAGTAATACAACTTG-1,0.322542,0.000037,0.152006,0.000037,0.000037,0.275514,0.077469,0.000558,0.015109,0.156691
ACAGTATACCGTGGGA-1,0.051524,0.038756,0.832385,0.010595,0.000063,0.000063,0.009151,0.052934,0.000063,0.004466
ACATAAGTCGTGGTGA-1,0.113997,0.00432,0.227016,0.042255,0.003953,0.343035,0.09807,0.001769,0.005941,0.159645
ACATAATAAGGCGGTG-1,0.000031,0.000031,0.100311,0.154441,0.057192,0.009091,0.014682,0.007303,0.614002,0.042917
ACATACAATCAAGCGG-1,0.264457,0.688199,0.003849,0.000054,0.000054,0.040636,0.002592,0.000054,0.000054,0.000054
ACATCAGCTGGGACGC-1,0.000064,0.010201,0.139765,0.000064,0.016111,0.626451,0.189323,0.000064,0.006992,0.010965
ACATCCCGGCCATACG-1,0.008575,0.216617,0.112083,0.307393,0.017703,0.196876,0.093169,0.000077,0.000077,0.047431
ACATCCTGGTAACTGT-1,0.000045,0.000045,0.021526,0.152613,0.000242,0.326815,0.313636,0.085336,0.000045,0.099697
ACATCGATCGTTTACC-1,0.000087,0.092855,0.067125,0.000087,0.000087,0.315417,0.51529,0.000087,0.000087,0.008877
ACATCGGTCAGCCGCG-1,0.074586,0.003531,0.18779,0.000045,0.000045,0.150716,0.052897,0.02742,0.005331,0.497641
ACATCGTATGCAATGG-1,0.000072,0.041498,0.023503,0.000072,0.11439,0.282488,0.497961,0.012477,0.000072,0.027469
ACATCGTTAACCTAGT-1,0.000088,0.060284,0.939012,0.000088,0.000088,0.000088,0.000088,0.000088,0.000088,0.000088
ACATGGCGCCAAAGTA-1,0.047395,0.00002,0.001478,0.041861,0.048791,0.169877,0.069484,0.277683,0.166315,0.177095
ACATGGCTCAATTTAG-1,0.001024,0.043286,0.928375,0.000072,0.000072,0.018323,0.000072,0.000072,0.008632,0.000072
ACATTAGTTTATATCC-1,0.040347,0.028133,0.071687,0.227806,0.000046,0.172713,0.17327,0.051017,0.060927,0.174055
ACATTCGCGCGGAATA-1,0.040425,0.887655,0.006331,0.000059,0.065236,0.000059,0.000059,0.000059,0.000059,0.000059
ACATTTGAAACCTAAC-1,0.363857,0.280492,0.000029,0.271547,0.013229,0.000029,0.000029,0.070732,0.000029,0.000029
ACCAAACACCCAGCGA-1,0.000038,0.265868,0.621916,0.000038,0.11195,0.000038,0.000038,0.000038,0.000038,0.000038
ACCAAACTAGAAATCC-1,0.026171,0.000033,0.291197,0.035317,0.198623,0.019548,0.064987,0.091531,0.18331,0.089282
ACCAACACCACACACT-1,0.000062,0.032581,0.775472,0.000062,0.000062,0.116487,0.075085,0.000062,0.000062,0.000062
ACCAACCGCACTCCAC-1,0.379685,0.431067,0.003912,0.157606,0.014623,0.000039,0.007791,0.005201,0.000039,0.000039
ACCAACGCTTATTTAT-1,0.000053,0.108011,0.164558,0.097928,0.000053,0.175756,0.115427,0.06157,0.022161,0.254483
ACCAAGAACGCGTGTC-1,0.000101,0.011006,0.838578,0.000101,0.000101,0.149558,0.000252,0.000101,0.000101,0.000101
ACCAAGTCATCGGCAG-1,0.390339,0.157225,0.000032,0.138311,0.000032,0.034531,0.020739,0.135655,0.05909,0.064047
ACCAATATGCAAGTTA-1,0.000081,0.3093,0.560532,0.068493,0.000081,0.002012,0.059258,0.000081,0.000081,0.000081
ACCACAACTCAGAACA-1,0.02304,0.001025,0.223598,0.291191,0.006517,0.26607,0.013846,0.00008,0.163011,0.011625
ACCACAAGTTTCTATC-1,0.03098,0.000068,0.085684,0.000068,0.000068,0.477663,0.393894,0.000068,0.011441,0.000068
ACCACACGGTTGATGG-1,0.13319,0.866252,0.00007,0.00007,0.00007,0.00007,0.00007,0.00007,0.00007,0.00007
ACCACCAATGTAACAA-1,0.000062,0.147631,0.121697,0.050761,0.007477,0.249122,0.418714,0.000062,0.000062,0.004412
ACCACCCTCTCTTCTA-1,0.000044,0.006411,0.343808,0.380948,0.142519,0.003088,0.105397,0.000044,0.017695,0.000044
ACCACGTGCAGCTATA-1,0.056229,0.000028,0.024697,0.093892,0.003055,0.039428,0.246799,0.240354,0.03841,0.257108
ACCAGCCCGGTCTTTG-1,0.017747,0.005518,0.288344,0.099379,0.202985,0.01529,0.103689,0.039062,0.170178,0.057808
ACCAGGAGTGTGATCT-1,0.000062,0.000062,0.032644,0.375595,0.000062,0.012437,0.269384,0.008985,0.26091,0.039859
ACCAGTGCCCGGTCAA-1,0.000034,0.000034,0.075033,0.191407,0.078788,0.031846,0.009912,0.000034,0.610101,0.002812
ACCAGTGCGGGAGACG-1,0.000023,0.000023,0.014379,0.000023,0.000023,0.088184,0.053844,0.153325,0.036517,0.653661
ACCATATCCGCAATAA-1,0.02106,0.000037,0.003911,0.027391,0.093118,0.28759,0.11214,0.055765,0.064989,0.334
ACCATCCGCCAACTAG-1,0.000025,0.021591,0.035362,0.000025,0.019751,0.27071,0.110748,0.179066,0.200609,0.162113
ACCATCGTATATGGTA-1,0.006317,0.084121,0.155538,0.000061,0.036722,0.360219,0.032189,0.000061,0.008006,0.316768
ACCCAACGCCCGTGGC-1,0.000026,0.000026,0.026532,0.000026,0.002337,0.103082,0.227661,0.157908,0.371928,0.110474
ACCCACCTACATGCTC-1,0.000044,0.000044,0.076076,0.029173,0.000044,0.216203,0.168121,0.007906,0.477573,0.024817
ACCCATCTTGAGGGTA-1,0.005663,0.032421,0.007654,0.000038,0.03794,0.374736,0.048477,0.014645,0.057457,0.42097
ACCCATTTGTCCCTCT-1,0.018239,0.084744,0.000022,0.641807,0.000022,0.000022,0.001319,0.21456,0.030049,0.009214
ACCCGAGCGAAATTAC-1,0.031166,0.24157,0.067443,0.187111,0.100067,0.257985,0.029727,0.023649,0.012616,0.048666
ACCCGATTGGTTCCGA-1,0.113144,0.320087,0.001502,0.217424,0.000051,0.002893,0.000051,0.020598,0.020306,0.303943
ACCCGGAAACTCCCAG-1,0.109143,0.332899,0.461226,0.000083,0.000083,0.044204,0.052116,0.000083,0.000083,0.000083
ACCCGGAGCACCACAA-1,0.001402,0.073473,0.20662,0.443067,0.04241,0.071811,0.059986,0.091763,0.000027,0.00944
ACCCGGATGACGCATC-1,0.000083,0.090266,0.146869,0.000083,0.000083,0.17042,0.563525,0.000083,0.007106,0.021483
ACCCGGTTACACTTCC-1,0.019977,0.015002,0.064928,0.000031,0.000031,0.45015,0.015209,0.022094,0.176301,0.236277
ACCCGTAGTCTAGTTG-1,0.166815,0.400183,0.000032,0.310923,0.000032,0.008932,0.034808,0.05984,0.000032,0.018403
ACCCGTGTCATCAGTA-1,0.1682,0.187499,0.090575,0.072902,0.000056,0.156108,0.107836,0.031741,0.007266,0.177817
ACCCTATGCCATATCG-1,0.185216,0.165207,0.018231,0.039023,0.000072,0.401295,0.011301,0.017316,0.063425,0.098914
ACCCTCCCGTCAGGGC-1,0.60827,0.391426,0.000038,0.000038,0.000038,0.000038,0.000038,0.000038,0.000038,0.000038
ACCCTCCCTTGCTATT-1,0.000036,0.014995,0.083317,0.194351,0.000036,0.056238,0.332671,0.164448,0.10157,0.052339
