Barcode,Topic 1,Topic 2to4,Topic 5to11
AAACAAGTATCTCCCA-1,0.129632,0.171833,0.698535
AAACACCAATAACTGC-1,0.013866,0.498397,0.487737
AAACAGAGCGACTCCT-1,0.00003,0.359719,0.640251
AAACAGCTTTCAGAAG-1,0.116936,0.687566,0.195497
AAACAGGGTCTATATT-1,0.000041,0.959947,0.040012
AAACAGTGTTCCTGGG-1,0.029951,0.561157,0.408892
AAACATGGTGAGAGGA-1,0.139159,0.663972,0.196869
AAACATTTCCCGGATT-1,0.455961,0.43628,0.107759
AAACCACTACACAGAT-1,0.05273,0.855612,0.091658
AAACCCGAACGAAATC-1,0.000011,0.092314,0.907674
AAACCGGAAATGTTAA-1,0.007134,0.275736,0.717129
AAACCGGGTAGGTACC-1,0.051829,0.198622,0.749549
AAACCGTTCGTCCAGG-1,0.087844,0.467851,0.444306
AAACCTAAGCAGCCGG-1,0.597921,0.24018,0.161898
AAACCTCATGAAGTTG-1,0.000073,0.999414,0.000513
AAACGAAGAACATACC-1,0.01911,0.188132,0.792759
AAACGAAGATGGAGTA-1,0.021115,0.904509,0.074377
AAACGACAGTCTTGCC-1,0.071044,0.323554,0.605402
AAACGAGACGGTTGAT-1,0.015341,0.696942,0.287717
AAACGCCCGAGATCGG-1,0.000019,0.111689,0.888292
AAACGCTGGGCACGAC-1,0.978042,0.000261,0.021697
AAACGGGCGTACGGGT-1,0.90272,0.096878,0.000402
AAACGGTTGCGAACTG-1,0.0027,0.208367,0.788934
AAACGTGTTCGCCCTA-1,0.000063,0.801137,0.198801
AAACTAACGTGGCGAC-1,0.000026,0.218513,0.781461
AAACTCGGTTCGCAAT-1,0.065303,0.345573,0.589125
AAACTCGTGATATAAG-1,0.025614,0.973901,0.000486
AAACTGCTGGCTCCAA-1,0.015545,0.488765,0.495689
AAACTTAATTGCACGC-1,0.000021,0.092471,0.907508
AAACTTGCAAACGTAT-1,0.005094,0.537664,0.457242
AAAGAATGACCTTAGA-1,0.000037,0.769575,0.230387
AAAGAATGTGGACTAA-1,0.999769,0.000069,0.000162
AAAGACATGAAGTTTA-1,0.110161,0.400421,0.489418
AAAGACCCAAGTCGCG-1,0.00002,0.446341,0.55364
AAAGCTTGCCTACATA-1,0.000026,0.393649,0.606325
AAAGGCCCTATAATAC-1,0.090207,0.905475,0.004318
AAAGGCTACGGACCAT-1,0.050146,0.727226,0.222629
AAAGGCTCTCGCGCCG-1,0.000015,0.040767,0.959218
AAAGGGATGTAGCAAG-1,0.035749,0.872672,0.091579
AAAGGGCAGCTTGAAT-1,0.042899,0.499446,0.457654
AAAGGTAAGCTGTACC-1,0.00003,0.504551,0.495419
AAAGGTCAACGACATG-1,0.000015,0.000861,0.999123
AAAGTAGCATTGCTCA-1,0.00005,0.996911,0.003039
AAAGTCACTGATGTAA-1,0.000017,0.231764,0.76822
AAAGTCGACCCTCAGT-1,0.105473,0.559373,0.335155
AAAGTGCCATCAATTA-1,0.955747,0.000142,0.044111
AAAGTGTGATTTATCT-1,0.000017,0.062103,0.937879
AAAGTTGACTCCCGTA-1,0.022973,0.152594,0.824433
AAATAACCATACGGGA-1,0.000021,0.319739,0.68024
AAATAAGGTAGTGCCC-1,0.00003,0.412613,0.587356
AAATACCTATAAGCAT-1,0.065961,0.035974,0.898065
AAATAGCTTAGACTTT-1,0.012795,0.47019,0.517016
AAATAGGGTGCTATTG-1,0.197927,0.798359,0.003714
AAATCACTCCTAAACG-1,0.000097,0.738378,0.261524
AAATCCGATACACGCC-1,0.417182,0.006611,0.576206
AAATCGCGGAAGGAGT-1,0.000077,0.967882,0.032041
AAATCGTGTACCACAA-1,0.203629,0.075525,0.720845
AAATCTAGCCCTGCTA-1,0.010182,0.006158,0.98366
AAATCTGCCCGCGTCC-1,0.000031,0.915381,0.084588
AAATGACTGATCAAAC-1,0.009122,0.436557,0.554321
AAATGATTCGATCAGC-1,0.06742,0.931892,0.000688
AAATGGCATGTCTTGT-1,0.000029,0.51502,0.484951
AAATGGCCCGTGCCCT-1,0.000019,0.344211,0.655769
AAATGGTCAATGTGCC-1,0.000034,0.53597,0.463996
AAATGTGGGTGCTCCT-1,0.105849,0.521387,0.372764
AAATTAACGGGTAGCT-1,0.009208,0.45255,0.538242
AAATTACACGACTCTG-1,0.000034,0.736371,0.263595
AAATTACCTATCGATG-1,0.000021,0.283608,0.716371
AAATTCCAGGTCCAAA-1,0.061591,0.676791,0.261617
AAATTGATAGTCCTTT-1,0.000038,0.99176,0.008203
AAATTGGTGAGAAGCA-1,0.005029,0.738959,0.256012
AAATTTACCGAAATCC-1,0.221923,0.576855,0.201222
AAATTTGCGGGTGTGG-1,0.011179,0.407167,0.581653
AACAACTGGTAGTTGC-1,0.212858,0.786759,0.000383
AACAATACATTGTCGA-1,0.111431,0.263739,0.62483
AACAATTACTCTACGC-1,0.066994,0.413465,0.519541
AACACACGCTCGCCGC-1,0.072867,0.521362,0.40577
AACACGACTGTACTGA-1,0.000046,0.655998,0.343957
AACACGAGACGCGGCC-1,0.000036,0.930091,0.069873
AACAGCTGTGTGGCAA-1,0.00281,0.764367,0.232822
AACAGGAAATCGAATA-1,0.006527,0.365272,0.628201
AACAGGATGGGCCGCG-1,0.224176,0.775432,0.000392
AACAGGTAGTATGGAT-1,0.067178,0.322631,0.610191
AACATAGCGTGTATCG-1,0.134841,0.022886,0.842273
AACATATCAACTGGTG-1,0.0658,0.259666,0.674534
AACATCGATACGTCTA-1,0.086122,0.913439,0.000439
AACATTGAAGTTGATC-1,0.215097,0.605924,0.178979
AACATTGTGACTCGAG-1,0.082876,0.677635,0.239489
AACCAAGACTTCTCTG-1,0.000053,0.999575,0.000372
AACCAGTATCACTCTT-1,0.000067,0.985683,0.01425
AACCATAGGGTTGAAC-1,0.000011,0.01249,0.9875
AACCCAGAGACGGAGA-1,0.00004,0.557817,0.442143
AACCCATCCCATGATC-1,0.062262,0.304702,0.633036
AACCCGACAACCCGTG-1,0.170969,0.201667,0.627364
AACCCGAGCAGAATCG-1,0.000021,0.153407,0.846573
AACCCGATAGGGCTTC-1,0.181201,0.629677,0.189122
AACCCGCTGTATTCCA-1,0.076289,0.652992,0.270718
AACCCTACTGTCAATA-1,0.071756,0.095126,0.833118
AACCCTGGTGGAACCA-1,0.000019,0.188423,0.811558
AACCGAGCTTGGTCAT-1,0.046123,0.856755,0.097123
AACCGCTAAGGGATGC-1,0.058822,0.635478,0.3057
AACCGTTGTGTTTGCT-1,0.000029,0.498604,0.501367
AACCTAAAGCCGTCCG-1,0.035156,0.001294,0.963551
AACCTCGCTTTAGCCC-1,0.458655,0.464364,0.076981
AACCTGTCACGGAATT-1,0.018682,0.977264,0.004054
AACCTTTAAATACGGT-1,0.01097,0.260558,0.728472
AACCTTTACGACGTCT-1,0.000084,0.999329,0.000587
AACGAAAGTCGTCCCA-1,0.000019,0.25195,0.748031
AACGACCTCCTAGCCG-1,0.934576,0.065058,0.000366
AACGATAATGCCGTAG-1,0.000017,0.185196,0.814787
AACGATAGAAGGGCCG-1,0.000025,0.365071,0.634904
AACGATATGTCAACTG-1,0.0001,0.999203,0.000697
AACGCATGATCTGGGT-1,0.152837,0.518504,0.328659
AACGCGACCTTGGGCG-1,0.171642,0.601505,0.226853
AACGCGGTCTCCAGCC-1,0.317347,0.626903,0.05575
AACGCTGTTGCTGAAA-1,0.000015,0.089439,0.910546
AACGGACGTACGTATA-1,0.240152,0.530252,0.229596
AACGGCCATCTCCGGT-1,0.033022,0.805254,0.161724
AACGTACTGTGGGTAC-1,0.013001,0.501415,0.485584
AACGTCAGACTAGTGG-1,0.043612,0.607016,0.349371
AACGTCATCCGGCTTG-1,0.012101,0.731675,0.256224
AACGTCGCTGCACTTC-1,0.94882,0.008667,0.042512
AACGTGATGAAGGACA-1,0.000051,0.847691,0.152258
AACGTGCGAAAGTCTC-1,0.005464,0.780314,0.214223
AACGTTCTACCATTGT-1,0.431809,0.145475,0.422716
AACTACCCGTTTGTCA-1,0.037067,0.240193,0.72274
AACTAGCGTATCGCAC-1,0.000027,0.814432,0.185541
AACTAGGCTTGGGTGT-1,0.083889,0.889729,0.026382
AACTCAAGTTAATTGC-1,0.000028,0.506059,0.493913
AACTCCAGAGCGTGTT-1,0.632077,0.267947,0.099976
AACTCCTAATCCCATG-1,0.000039,0.469038,0.530923
AACTCTCAATAGAGCG-1,0.000035,0.816181,0.183784
AACTCTCAGTGTGCTC-1,0.020067,0.112004,0.867929
AACTGAGGTCAGCGTC-1,0.021959,0.152383,0.825657
AACTGAGTTATACTGA-1,0.00004,0.166746,0.833214
AACTGATATTAGGCCT-1,0.000044,0.574816,0.42514
AACTGGGTCCCGACGT-1,0.038039,0.46922,0.492741
AACTGGGTTCGAGCCG-1,0.000032,0.144352,0.855615
AACTGGTGTGGGCCTT-1,0.000029,0.492707,0.507264
AACTTGCCCGTATGCA-1,0.082202,0.590956,0.326843
AACTTTAGCTGCTGAG-1,0.000026,0.369771,0.630202
AACTTTCTCGATCATG-1,0.1201,0.764083,0.115817
AAGAAAGTTTGATGGG-1,0.038914,0.128649,0.832437
AAGAAATCACCAGATT-1,0.154511,0.68605,0.159438
AAGACATACGTGGTTT-1,0.638653,0.000131,0.361216
AAGACCAAATAACTCA-1,0.000016,0.192344,0.80764
AAGACCCAACTGAACA-1,0.000007,0.00228,0.997713
AAGACTCACGCCCACT-1,0.000049,0.376232,0.623718
AAGACTGCAAGCTACT-1,0.000019,0.283116,0.716865
AAGAGATGAATCGGTA-1,0.04916,0.432139,0.5187
AAGAGCTCTTTATCGG-1,0.004492,0.236374,0.759134
AAGAGGATGTACGCGA-1,0.065197,0.570903,0.3639
AAGAGGCATGGATCGC-1,0.006188,0.988397,0.005414
AAGAGGCCCTTTGGAA-1,0.439051,0.119609,0.44134
AAGATGGCACCGGACC-1,0.00366,0.659582,0.336758
AAGATTGGCGGAACGT-1,0.000026,0.659939,0.340036
AAGCACCCTGCGTATC-1,0.102893,0.232261,0.664846
AAGCATACTCTCCTGA-1,0.084688,0.330968,0.584343
AAGCCACTTGCAGGTA-1,0.005843,0.334137,0.660021
AAGCCGAAGCGGTTTA-1,0.015958,0.23063,0.753412
AAGCCGCCGTGAAATC-1,0.000037,0.622307,0.377655
AAGCCGCTTTACCTTG-1,0.176425,0.644105,0.17947
AAGCCGGAGAGCAGGA-1,0.542318,0.157829,0.299852
AAGCGCAGGGCTTTGA-1,0.120269,0.378228,0.501503
AAGCGGAGTGCGCGCA-1,0.000027,0.403849,0.596123
AAGCGGCGTCATGGGT-1,0.000014,0.04306,0.956926
AAGCGTCCCTCATCGA-1,0.038527,0.053232,0.908241
AAGCTAGATCGAGTAA-1,0.008119,0.176277,0.815604
AAGCTATGGATTGACC-1,0.000022,0.400242,0.599735
AAGCTCGTGCCAAGTC-1,0.000022,0.298432,0.701546
AAGCTCTTTCATGGTG-1,0.17988,0.552506,0.267614
AAGGAGAACTTATAAG-1,0.000039,0.651378,0.348583
AAGGAGCGGTTGGTGC-1,0.048613,0.612529,0.338858
AAGGATCGATCGCTTG-1,0.035341,0.025749,0.93891
AAGGATGAGGGACCTC-1,0.000036,0.839829,0.160134
AAGGCAGGCTGTCTCC-1,0.002909,0.296956,0.700135
AAGGCGCGTAAAGCTT-1,0.260935,0.345004,0.394061
AAGGCTGTGCTCATCG-1,0.00003,0.545922,0.454048
AAGGGAACGACTGGCT-1,0.000026,0.550414,0.44956
AAGGGACAGATTCTGT-1,0.000044,0.373352,0.626604
AAGGGACTATGCATTC-1,0.000023,0.268934,0.731043
AAGGGTTAGCCATGCG-1,0.942096,0.000168,0.057736
AAGGGTTTGATTTCAG-1,0.000063,0.999495,0.000442
AAGGTATCCTAATATA-1,0.042535,0.915517,0.041948
AAGGTGATAAACCAGC-1,0.000033,0.775842,0.224124
AAGTAGAAGACCGGGT-1,0.022111,0.977218,0.000671
AAGTAGTGACGCGAGG-1,0.000075,0.999399,0.000526
AAGTCAATTGTCGTCA-1,0.040306,0.120045,0.839648
AAGTCTAGTAGCTGCC-1,0.089683,0.909458,0.000859
AAGTGACGACCGAATT-1,0.000014,0.184992,0.814994
AAGTGAGTCGGGTTTA-1,0.000034,0.413511,0.586455
AAGTGCCTTGACTGTA-1,0.000015,0.054541,0.945444
AAGTGCGTTAGAATCT-1,0.00006,0.999522,0.000418
AAGTGCTTCTCTATTG-1,0.189816,0.195062,0.615122
AAGTGTTTGGAGACGG-1,0.027912,0.142198,0.82989
AAGTTCACTCCAAGCT-1,0.471569,0.148017,0.380413
AAGTTCAGTCTGCGTA-1,0.04304,0.574736,0.382225
AAGTTCGGCCAACAGG-1,0.000033,0.640697,0.35927
AAGTTGTGATGTTATA-1,0.940478,0.059138,0.000384
AAGTTTACTAATGGCA-1,0.000054,0.819965,0.179981
AAGTTTATGGGCCCAA-1,0.04812,0.779185,0.172695
AATAACAACGCTCGGC-1,0.000035,0.874768,0.125197
AATAACACTAGAACAA-1,0.066934,0.665997,0.267069
AATAACGTCGCGCCCA-1,0.999019,0.000587,0.000394
AATAAGTCCTCGAGAC-1,0.000049,0.999185,0.000766
AATAATCTTCGTATCG-1,0.02983,0.307049,0.663121
AATACCGGAGGGCTGT-1,0.142487,0.38646,0.471052
AATACCTGATGTGAAC-1,0.506597,0.409766,0.083637
AATAGAACAGAGTGGC-1,0.000025,0.262026,0.737949
AATAGAATCTGTTTCA-1,0.070035,0.617791,0.312174
AATAGCAAGCCTCCTG-1,0.000061,0.904185,0.095754
AATAGCTACCGCGTGC-1,0.462167,0.368442,0.169391
AATAGGCACGACCCTT-1,0.000029,0.717573,0.282398
AATAGTCCGTCCCGAC-1,0.048815,0.801988,0.149197
AATATCAAGGTCGGAT-1,0.02604,0.489125,0.484835
AATATCGAATCAATGC-1,0.012267,0.216272,0.771462
AATATCGAGGGTTCTC-1,0.000047,0.853451,0.146501
AATATTGGAGTATTGA-1,0.019887,0.979506,0.000606
AATCAGGTTTCATTTA-1,0.00004,0.396113,0.603847
AATCATGTAAAGACTC-1,0.002972,0.491083,0.505945
AATCCAAGGGCCTGAG-1,0.000029,0.651769,0.348202
AATCCCGCTCAGAGCC-1,0.052537,0.434431,0.513032
AATCGAGGTCTCAAGG-1,0.080244,0.347124,0.572632
AATCGCCTCAGCGCCA-1,0.003545,0.108408,0.888047
AATCGCGCAGAGGACT-1,0.036613,0.757856,0.205531
AATCGGGACACTACGA-1,0.013537,0.191598,0.794865
AATCGGTATAGCCCTC-1,0.999529,0.000141,0.00033
AATCGTGAGCCGAGCA-1,0.902185,0.097608,0.000208
AATCTAGGTTTACTTG-1,0.000044,0.732328,0.267628
AATCTATGCCGGAGCC-1,0.000028,0.326372,0.6736
AATCTGCGTTGGGACG-1,0.002943,0.88322,0.113837
AATCTGGCTTTCTAGT-1,0.0165,0.655581,0.327919
AATCTGGGTAGACCCT-1,0.000093,0.999256,0.000651
AATGACAGCAATGTCT-1,0.11426,0.885398,0.000342
AATGACGTAGGATGTC-1,0.049608,0.291101,0.659292
AATGACTGTCAGCCGG-1,0.07773,0.541822,0.380449
AATGATGATACGCTAT-1,0.058909,0.940632,0.000459
AATGATGCGACTCCTG-1,0.000023,0.30936,0.690617
AATGCAACCGGGTACC-1,0.04352,0.904393,0.052087
AATGCACCAAGCAATG-1,0.144583,0.467349,0.388069
AATGGCCGCCAATGCG-1,0.000027,0.26018,0.739793
AATGGTTCTCACAAGC-1,0.000037,0.558932,0.441031
AATGTATGGCACTGTA-1,0.000028,0.294417,0.705555
AATGTGCCCGAGGTGT-1,0.000039,0.943049,0.056913
AATGTGCTAATCTGAG-1,0.043252,0.484125,0.472623
AATGTTAAGACCCTGA-1,0.224244,0.256892,0.518864
AATGTTGTCGTGAGAC-1,0.835362,0.000172,0.164467
AATTAAAGGTCGGCGT-1,0.000035,0.589495,0.41047
AATTAACGGATTTCCA-1,0.030917,0.114614,0.854469
AATTACGAGACCCATC-1,0.000048,0.641899,0.358053
AATTAGCGCTGCAGCG-1,0.052918,0.646344,0.300738
AATTATACCCAGCAAG-1,0.176457,0.697817,0.125727
AATTCATAAGGGATCT-1,0.018701,0.662037,0.319262
AATTCATTGTCATGCA-1,0.080201,0.054878,0.864921
AATTCCAAGCATGTAC-1,0.000013,0.011889,0.988098
AATTCGATTCGAGGAT-1,0.454687,0.545005,0.000308
AATTCTAGAGTTAGGC-1,0.19258,0.422114,0.385306
AATTGAACGCTCTGGT-1,0.014967,0.157368,0.827664
AATTGCAGCAATCGAC-1,0.99487,0.004827,0.000303
AATTGCGTGGATTACA-1,0.000015,0.094243,0.905742
AATTGTGGTTGCCAAA-1,0.901865,0.097056,0.001079
AATTTGGGACATAGTA-1,0.000039,0.681378,0.318583
AATTTGGTTCCAAAGA-1,0.000053,0.776436,0.22351
ACAAACCATGCGTCCT-1,0.008554,0.750161,0.241286
ACAAACCGACAAGGCG-1,0.001052,0.527861,0.471087
ACAAACTCCATCAGAG-1,0.007618,0.595804,0.396577
ACAAAGAAGGTAGGCC-1,0.141198,0.321154,0.537648
ACAAAGCATGACCTAG-1,0.490578,0.001756,0.507666
ACAAATCGCACCGAAT-1,0.034856,0.407899,0.557245
ACAAATGGTAGTGTTT-1,0.022211,0.719358,0.258431
ACAAATTCAGATCTGA-1,0.044334,0.743634,0.212032
ACAACAGCATGAGCTA-1,0.000023,0.268624,0.731353
ACAACGGTCCCTGCGA-1,0.062951,0.386397,0.550652
ACAAGCAGTGCCTAGC-1,0.071525,0.58612,0.342355
ACAAGGAAATCCGCCC-1,0.088931,0.539118,0.371951
ACAAGGACAAGAGGTT-1,0.000045,0.816334,0.183621
ACAAGGATGCTTTAGG-1,0.828292,0.157342,0.014366
ACAAGGCCTACCAGCC-1,0.0313,0.945476,0.023225
ACAAGGGCAGGCTCTG-1,0.042014,0.69614,0.261846
ACAAGTAATTGTAAGG-1,0.100629,0.51262,0.386752
ACAATAGTCGTACGTT-1,0.000036,0.679923,0.320041
ACAATCCATTTAAACC-1,0.000024,0.518734,0.481242
ACAATCGATCTTTATA-1,0.00003,0.347497,0.652473
ACAATGAATACGGAGA-1,0.036079,0.418477,0.545444
ACAATGATTCTTCTAC-1,0.000059,0.566889,0.433052
ACAATTGTGTCTCTTT-1,0.000859,0.010393,0.988748
ACAATTTGAGCAGTGG-1,0.000023,0.314374,0.685603
ACAATTTGGCCATATT-1,0.029507,0.078532,0.89196
ACACAAAGACGGGTGG-1,0.058185,0.941367,0.000447
ACACAAATATTCCTAG-1,0.00006,0.757069,0.242871
ACACACCAGGACCAGT-1,0.00001,0.025509,0.974481
ACACACTTTCTACACG-1,0.000032,0.353954,0.646014
ACACATGATCAAATCT-1,0.037382,0.151215,0.811402
ACACATTTCCGTAGAC-1,0.170045,0.672528,0.157427
ACACCACATAATTAGC-1,0.024893,0.051717,0.923389
ACACCCAGCATGCAGC-1,0.106654,0.892585,0.000761
ACACCCGAGAAATCCG-1,0.226427,0.766418,0.007155
ACACCCGTAAATCTGT-1,0.123953,0.510392,0.365655
ACACCGGTCTGACCGC-1,0.055097,0.867915,0.076988
ACACCTTAAGTAGGGC-1,0.039582,0.782923,0.177495
ACACCTTACTACTTGC-1,0.095236,0.513858,0.390906
ACACGAGACTCCTTCT-1,0.000067,0.980426,0.019507
ACACGGCACTATGCAT-1,0.000056,0.89542,0.104524
ACACGGGAACTTAGGG-1,0.000052,0.999583,0.000365
ACACGTAGGCCACAAG-1,0.364136,0.451339,0.184526
ACACTGATCAAGGTGT-1,0.022705,0.915413,0.061882
ACACTGGGACAGTCGT-1,0.285503,0.547576,0.166921
ACAGAACTGAGAACAA-1,0.000032,0.959504,0.040464
ACAGATTAGGTTAGTG-1,0.000029,0.239194,0.760778
ACAGCATAGAGCCAGT-1,0.044643,0.215378,0.739979
ACAGCGACATTCTCAT-1,0.210852,0.024719,0.764429
ACAGCGCACCCGCAGC-1,0.000017,0.119381,0.880602
ACAGGCACGGATCCTT-1,0.993904,0.000132,0.005964
ACAGGCTTGCCCGACT-1,0.038691,0.446788,0.514521
ACAGGTGGAGGTGAGG-1,0.053783,0.772838,0.173379
ACAGTAATACAACTTG-1,0.00002,0.369331,0.630649
ACAGTATACCGTGGGA-1,0.066571,0.703529,0.2299
ACAGTGCAGCGCATTT-1,0.000051,0.180963,0.818985
ACATAAGTCGTGGTGA-1,0.002114,0.073249,0.924637
ACATAATAAGGCGGTG-1,0.050866,0.543135,0.405998
ACATACAATCAAGCGG-1,0.042136,0.56242,0.395444
ACATCCCGGCCATACG-1,0.123316,0.194186,0.682499
ACATCCTGGTAACTGT-1,0.093321,0.148901,0.757779
ACATCGATCGTTTACC-1,0.000021,0.087867,0.912111
ACATCGCAATATTCGG-1,0.000024,0.421412,0.578564
ACATCGGTCAGCCGCG-1,0.100367,0.83693,0.062703
ACATCGTATGCAATGG-1,0.000008,0.000397,0.999595
ACATCGTTAACCTAGT-1,0.02022,0.16747,0.81231
ACATCTCAACGCGTAA-1,0.000012,0.048534,0.951454
ACATGCTTACGGCAGC-1,0.012512,0.984953,0.002535
ACATGGCGCCAAAGTA-1,0.035192,0.900967,0.063842
ACATTAGTTTATATCC-1,0.047254,0.839435,0.113311
ACATTCGCGCGGAATA-1,0.00005,0.99495,0.005001
ACATTTGAAACCTAAC-1,0.741164,0.141588,0.117249
ACCAAACACCCAGCGA-1,0.381248,0.618323,0.000429
ACCAAACTAGAAATCC-1,0.000021,0.200319,0.799661
ACCAACACCACACACT-1,0.108393,0.605979,0.285627
ACCAACCGCACTCCAC-1,0.619168,0.188617,0.192216
ACCAACGCTTATTTAT-1,0.094254,0.031344,0.874402
ACCAAGAACGCGTGTC-1,0.000034,0.548455,0.451511
ACCAAGTCATCGGCAG-1,0.985883,0.000176,0.013941
ACCAATATGCAAGTTA-1,0.120091,0.037485,0.842424
ACCACAACTCAGAACA-1,0.084871,0.619337,0.295792
ACCACAAGTTTCTATC-1,0.000022,0.316516,0.683462
ACCACACGGTTGATGG-1,0.077128,0.067922,0.854949
ACCACCAATGTAACAA-1,0.021659,0.112167,0.866174
ACCACCCTCTCTTCTA-1,0.01999,0.979461,0.000549
ACCACGTGCAGCTATA-1,0.083159,0.84018,0.076661
ACCAGCCCGGTCTTTG-1,0.036646,0.086626,0.876727
ACCAGGAGTGTGATCT-1,0.000049,0.900433,0.099518
ACCAGTGCCCGGTCAA-1,0.000028,0.31317,0.686801
ACCAGTGCGGGAGACG-1,0.162638,0.738038,0.099323
ACCATATCCGCAATAA-1,0.029499,0.880955,0.089546
ACCATCCGCCAACTAG-1,0.037192,0.962416,0.000392
ACCATCGTATATGGTA-1,0.000035,0.738896,0.261069
ACCCAACGCCCGTGGC-1,0.006805,0.940622,0.052573
ACCCACCTACATGCTC-1,0.071742,0.331193,0.597065
ACCCATCTTGAGGGTA-1,0.00153,0.611615,0.386855
ACCCATTTGTCCCTCT-1,0.410045,0.116465,0.473489
ACCCGAGCGAAATTAC-1,0.000776,0.000429,0.998795
ACCCGATTGGTTCCGA-1,0.067924,0.812345,0.119731
ACCCGGAAACTCCCAG-1,0.360357,0.195088,0.444555
ACCCGGAGCACCACAA-1,0.31034,0.067516,0.622143
ACCCGGATGACGCATC-1,0.000033,0.717842,0.282125
ACCCGGTTACACTTCC-1,0.000037,0.699956,0.300007
ACCCGTAGCAGAGAAT-1,0.000012,0.271993,0.727995
ACCCGTAGTCTAGTTG-1,0.869746,0.000235,0.130019
ACCCGTGTCATCAGTA-1,0.000033,0.509156,0.490811
ACCCTATGCCATATCG-1,0.039509,0.528477,0.432014
ACCCTCCCGTCAGGGC-1,0.919906,0.000182,0.079912
ACCCTCCCTTGCTATT-1,0.036976,0.331406,0.631618
ACCCTGGTAACGCCCT-1,0.037754,0.96167,0.000576
ACCCTTCATCTGCGAA-1,0.000058,0.878693,0.121249
ACCCTTGCCTGGGTCG-1,0.06802,0.93108,0.0009
ACCCTTTAGTTCTCCA-1,0.00007,0.839788,0.160141
ACCGAAAGGGCCCTGC-1,0.000016,0.15007,0.849914
ACCGAAGAGTCTGGTT-1,0.107934,0.801537,0.090529
ACCGACACATCTCCCA-1,0.002779,0.11324,0.883981
ACCGACTGAGTCCCAC-1,0.000031,0.460205,0.539763
ACCGAGTCTCCTTATT-1,0.078025,0.568192,0.353783
ACCGATAGGCATAACC-1,0.753211,0.00498,0.241809
ACCGATATTTAATCAT-1,0.02233,0.194544,0.783126
ACCGATGGTAGCATCG-1,0.000017,0.262084,0.7379
ACCGCAATAACTGCCT-1,0.029652,0.434064,0.536284
ACCGCGGTGGAAGTCG-1,0.053205,0.667878,0.278917
ACCGCTAGTCATTGGT-1,0.003246,0.86636,0.130394
ACCGGGCCTTTGTTGA-1,0.025736,0.74794,0.226324
ACCGGTCAGGTACACC-1,0.000033,0.795103,0.204864
ACCGGTCTGAGTACGG-1,0.000068,0.65539,0.344542
ACCGTCCACTGGGCCC-1,0.012228,0.695787,0.291986
ACCGTGACCACGTGGG-1,0.013543,0.20471,0.781746
ACCGTTCCCGCTCTGA-1,0.000046,0.744369,0.255585
ACCTAAGTACCTTTCA-1,0.000018,0.30463,0.695352
ACCTAATCGACTTCCT-1,0.024197,0.946256,0.029547
ACCTACAGTATGTGGT-1,0.208794,0.300477,0.490729
ACCTACTATAAATCTA-1,0.049094,0.835984,0.114922
ACCTCAGCGAGGCGCA-1,0.053791,0.042213,0.903996
ACCTCCGCCCTCGCTG-1,0.05462,0.258123,0.687257
ACCTCCGTTATTCACC-1,0.186395,0.481354,0.332252
ACCTCGAACTTATGCT-1,0.000067,0.202766,0.797168
ACCTGCGTGTCATGTT-1,0.000037,0.674859,0.325104
ACCTTTCCTTTAGAAG-1,0.000048,0.639514,0.360438
ACGAAATGGGCGGCAC-1,0.051036,0.948458,0.000506
ACGACCCATGAGTTGC-1,0.600692,0.274489,0.124819
ACGACTCTAGGGCCGA-1,0.706819,0.233578,0.059604
ACGACTGGTCATACTC-1,0.051253,0.62492,0.323827
ACGAGATATTTGCTTA-1,0.000044,0.674742,0.325213
ACGAGGATACCACTCT-1,0.00004,0.816059,0.183901
ACGAGGTTTACAACGT-1,0.000044,0.999651,0.000305
ACGAGTACGGATGCCC-1,0.000027,0.683931,0.316042
ACGATACATAGAACTA-1,0.053833,0.888032,0.058135
ACGATCATACATAGAG-1,0.084208,0.902717,0.013075
ACGATCATCTTGTAAA-1,0.019638,0.446677,0.533685
ACGATGCATATGTTAT-1,0.000048,0.698246,0.301706
ACGATGGATCCGATGC-1,0.000059,0.926859,0.073082
ACGCAAACTAATAGAT-1,0.08822,0.329204,0.582576
ACGCAATCACTACAGC-1,0.001356,0.624107,0.374538
ACGCATAAATGACATG-1,0.00002,0.241757,0.758222
ACGCATACGTTTACTA-1,0.070506,0.27192,0.657574
ACGCATTCGTGAGTAC-1,0.000037,0.494567,0.505397
ACGCCACTCGAAACAG-1,0.00001,0.004362,0.995628
ACGCCAGATGATTTCT-1,0.0071,0.280967,0.711932
ACGCCAGTGCGTTTGC-1,0.882322,0.117282,0.000396
ACGCCCAGCTGTCGAT-1,0.016578,0.10209,0.881332
ACGCCGCTAGACGACC-1,0.002994,0.158106,0.8389
ACGCGAAGTCAGACGA-1,0.000052,0.757322,0.242626
ACGCGCTACACAGGGT-1,0.000054,0.936024,0.063923
ACGCGGGCCAAGGACA-1,0.000046,0.763447,0.236507
ACGCTACTGAATGGGC-1,0.838931,0.000312,0.160757
ACGCTAGTATCAGTGC-1,0.000106,0.457917,0.541976
ACGCTAGTGATACACT-1,0.00006,0.950629,0.049312
ACGCTGTGAGGCGTAG-1,0.085735,0.66919,0.245075
ACGCTTAGTGTCTCTC-1,0.000011,0.004144,0.995846
ACGGAACACGAGTGCC-1,0.772054,0.143767,0.08418
ACGGACGCAGCGACAA-1,0.000026,0.718686,0.281288
ACGGACTCTCAAAGCG-1,0.233083,0.446738,0.320179
ACGGAGCGCAAATTAC-1,0.051586,0.880773,0.067641
ACGGATGGTGCGGATA-1,0.582295,0.405335,0.01237
ACGGCACTTGCTTGGG-1,0.167473,0.823943,0.008585
ACGGCCAACATGGACT-1,0.089992,0.000351,0.909658
ACGGCGACGATGGGAA-1,0.072581,0.666761,0.260658
ACGGCTGGATGTAGAA-1,0.000028,0.345416,0.654556
ACGGGAGTGTCGGCCC-1,0.03258,0.962697,0.004723
ACGGGCGTATGCGACA-1,0.010289,0.847563,0.142148
ACGGGTTGTGACCTGT-1,0.000023,0.680297,0.31968
ACGGTACAGTTCAATG-1,0.324456,0.006826,0.668718
ACGGTCACCGAGAACA-1,0.00002,0.496377,0.503602
ACGTACAGATTTCTCT-1,0.000054,0.917007,0.082939
ACGTACTTTGGCACGG-1,0.000033,0.294054,0.705914
ACGTAGATTGCTGATG-1,0.000051,0.868113,0.131837
ACGTAGGAGAGTCGCT-1,0.00001,0.026934,0.973056
ACGTATTACTCCGATC-1,0.000029,0.597418,0.402553
ACGTCCTAAACGAGAT-1,0.000443,0.670932,0.328625
ACGTCGGGCAACTCGG-1,0.000023,0.514751,0.485226
ACGTCTCGTTCCGGGA-1,0.120223,0.360877,0.5189
ACGTGACAAAGTAAGT-1,0.414252,0.585037,0.000711
ACGTGCGCCTCGTGCA-1,0.000129,0.998965,0.000905
ACGTGGTCGAATGTGC-1,0.000033,0.458988,0.540979
ACGTTAATGTCGAAGA-1,0.00001,0.090645,0.909345
ACGTTAGATTTGCCCG-1,0.000016,0.057508,0.942477
ACGTTCACTATGCCGC-1,0.167166,0.476486,0.356347
ACGTTCCGCGCTCCGT-1,0.000051,0.952942,0.047007
ACGTTCGCAATCAATT-1,0.000037,0.609615,0.390348
ACGTTCGTTCAGGAAA-1,0.000039,0.716759,0.283202
ACGTTCTGTACAAGTC-1,0.598247,0.361133,0.04062
ACGTTGTCGTTGAAAG-1,0.019497,0.210039,0.770464
ACGTTTAGTTGTGATC-1,0.000032,0.290688,0.70928
ACGTTTCGGTGCACTT-1,0.671155,0.08538,0.243465
ACTAAGGACGCACACC-1,0.000039,0.335946,0.664015
ACTAATACGTCAGGCG-1,0.000056,0.832039,0.167905
ACTACAAAGAGAGGTG-1,0.044349,0.338796,0.616854
ACTACATCCCGACAAG-1,0.135949,0.855878,0.008173
ACTACCAGCTCTCTGG-1,0.060369,0.484576,0.455054
ACTACCATCCGAGGGC-1,0.000036,0.890943,0.109021
ACTACGCGTTAGAATT-1,0.038403,0.77839,0.183207
ACTAGTTGCGATCGTC-1,0.000018,0.214667,0.785314
ACTATATGCTGTGTTC-1,0.000051,0.747493,0.252456
ACTATCCAGGGCATGG-1,0.000036,0.636281,0.363683
ACTATCTGCCCGCGTA-1,0.024097,0.558536,0.417367
ACTATGTCCAGCTGCC-1,0.063001,0.224219,0.71278
ACTATTCGTCCGTGGT-1,0.000023,0.239287,0.76069
ACTATTTCCGGGCCCA-1,0.160535,0.105034,0.734431
ACTCAAGTGCAAGGCT-1,0.517281,0.311757,0.170962
ACTCAATAAAGGCACG-1,0.000057,0.509873,0.49007
ACTCAGACCTGCTTCT-1,0.004596,0.610671,0.384732
ACTCATGGCAGCCTTC-1,0.000018,0.107018,0.892963
ACTCCAATATCATCAT-1,0.000017,0.222223,0.777759
ACTCCCATTCCTAAAG-1,0.000043,0.940818,0.059139
ACTCCCGAATTCGTTT-1,0.00002,0.183018,0.816962
ACTCCCGTAGACTAGG-1,0.037526,0.839329,0.123145
ACTCCCTAATGCTAAA-1,0.000298,0.135853,0.863849
ACTCCCTAGAATAGTA-1,0.000029,0.251452,0.748519
ACTCCGGCCGACCACT-1,0.864447,0.075536,0.060017
ACTCGCCGTTCGATAA-1,0.933511,0.022464,0.044025
ACTCGCGATCTGACGC-1,0.005117,0.225902,0.768981
ACTCGTAACCCGTCCT-1,0.000026,0.289429,0.710545
ACTCGTCAGTAATCCC-1,0.000043,0.998072,0.001884
ACTCTCTGACTTAGGT-1,0.051457,0.015368,0.933175
ACTCTCTTATACACGA-1,0.000015,0.021923,0.978062
ACTCTGACCTAATAGA-1,0.954463,0.000193,0.045344
ACTCTTCAGCTCCCGC-1,0.153537,0.132251,0.714211
ACTCTTGTATAGTAAC-1,0.046339,0.46599,0.487672
ACTGAAACGCCGTTAG-1,0.178914,0.559697,0.261389
ACTGAATGGCGAAAGT-1,0.083435,0.423762,0.492802
ACTGATTTAGTGATTC-1,0.000023,0.14953,0.850447
ACTGCCCGCCATTCTC-1,0.026002,0.765427,0.208571
ACTGCCGTCGTAACTC-1,0.000094,0.963889,0.036017
ACTGCGGACACACCGT-1,0.108225,0.128371,0.763404
ACTGCTCGGAAGGATG-1,0.000045,0.595442,0.404512
ACTGGCGAACCTGCGT-1,0.02601,0.448994,0.524996
ACTGGGATGCCAGTGC-1,0.11983,0.73948,0.14069
ACTGTACGATACACAT-1,0.000017,0.135615,0.864368
ACTGTAGCACTTTGGA-1,0.412829,0.577575,0.009595
ACTGTCCAGGATTATA-1,0.000037,0.379727,0.620237
ACTGTCTTCTTTAGAA-1,0.000024,0.379559,0.620418
ACTGTTTAGTGTAGGC-1,0.002865,0.42885,0.568285
ACTTACCGGGCGCGCA-1,0.000048,0.961391,0.038561
ACTTACGCATCCACGC-1,0.278345,0.204281,0.517374
ACTTATACTTACCCGG-1,0.031257,0.289624,0.67912
ACTTATTAGGATCGGT-1,0.000023,0.141179,0.858798
ACTTATTTATGTGCCA-1,0.000036,0.408896,0.591069
ACTTCAGGCTGATCCC-1,0.116638,0.594712,0.28865
ACTTCCAGTGGAAGCT-1,0.000087,0.999306,0.000607
ACTTCCATGCGGGACA-1,0.447727,0.417005,0.135267
ACTTCCTGTCGTGCGA-1,0.000021,0.000064,0.999915
ACTTCGCCATACGCAC-1,0.070513,0.724175,0.205312
ACTTCGCTAGCGAGTG-1,0.000047,0.678781,0.321172
ACTTGACTCCCTCTTT-1,0.04412,0.548992,0.406889
ACTTGCCATATTGTAC-1,0.027678,0.011832,0.96049
ACTTGCTCTATCTACC-1,0.000025,0.655328,0.344646
ACTTGGGACCCGGTGG-1,0.001851,0.619614,0.378535
ACTTGGGCTTTCGCCA-1,0.047145,0.010819,0.942036
ACTTGTAGTCCCTTCA-1,0.058995,0.848668,0.092336
ACTTGTGGATGGAACG-1,0.003993,0.635126,0.360881
ACTTGTTACCGGATCA-1,0.000017,0.155082,0.8449
ACTTTACCCTCATGAA-1,0.020358,0.321667,0.657974
ACTTTATACACCACTT-1,0.014828,0.833831,0.151341
ACTTTCCTATAGCTTC-1,0.000024,0.256437,0.743539
ACTTTGACTGCATCCT-1,0.124894,0.534239,0.340867
ACTTTGGTCGTGCTCC-1,0.000045,0.98431,0.015645
ACTTTGTCGACGCACT-1,0.168698,0.635052,0.19625
AGAAATTATGACTCGC-1,0.003453,0.584672,0.411875
AGAACACGGCGATGGT-1,0.000013,0.174703,0.825284
AGAACCCAGCGTGACA-1,0.035044,0.08994,0.875016
AGAACCCTCAATTGGG-1,0.000045,0.710787,0.289168
AGAACGTGGTACATTC-1,0.000023,0.450385,0.549591
AGAACTGTACTTTGTA-1,0.040564,0.003165,0.956271
AGAAGAGCGCCGTTCC-1,0.000399,0.188456,0.811145
AGAAGGTACACTTCAC-1,0.000044,0.734711,0.265245
AGAAGGTTGCCGAATT-1,0.00203,0.040912,0.957058
AGAAGGTTGTAGGTCG-1,0.42957,0.420716,0.149714
AGAAGTGATTCGTGAT-1,0.000057,0.874483,0.12546
AGAATAAATCTTCAGG-1,0.050661,0.428747,0.520592
AGAATACAGGCTATCC-1,0.134131,0.00147,0.8644
AGAATGCGGGTTCGGA-1,0.000037,0.532212,0.467751
AGAATTATGGATTCGA-1,0.008406,0.97023,0.021364
AGACAGGCATCTCAGC-1,0.110544,0.084085,0.80537
AGACATAGATCCTTCC-1,0.000498,0.638742,0.36076
AGACCAAACCACACCT-1,0.000038,0.740793,0.259169
AGACCATGGGATACAA-1,0.041713,0.269058,0.689229
AGACCCACCGCTGATC-1,0.160173,0.616805,0.223022
AGACCCGCCCTCCTCG-1,0.026861,0.972697,0.000442
AGACCGCTCCGCGGTT-1,0.214165,0.367,0.418835
AGACCGGGAAACCCTG-1,0.014351,0.689235,0.296413
AGACGAAGTGCCGGTC-1,0.059609,0.410087,0.530304
AGACGACGATGCCGCT-1,0.000038,0.985573,0.014389
AGACGCCCACTTCGCC-1,0.490302,0.022937,0.486761
AGACGGGATTGGTATA-1,0.000026,0.240196,0.759778
AGACGGGCCGATTTAA-1,0.000046,0.707137,0.292816
AGACTAGCCTTCCAGA-1,0.062562,0.732764,0.204674
AGACTGTTACCGGGTC-1,0.000459,0.059011,0.94053
AGAGAAACACCAGAAA-1,0.076344,0.482305,0.441351
AGAGAACCGTCTAGGA-1,0.000025,0.455488,0.544487
AGAGAAGGAGTACAAT-1,0.000044,0.983806,0.01615
AGAGATCTCTAAAGCG-1,0.000075,0.931075,0.06885
AGAGCCGCCGAGATTT-1,0.42454,0.2931,0.28236
AGAGCGCTTGTAACGG-1,0.141298,0.722836,0.135866
AGAGCGGGCTAATCAT-1,0.000039,0.491941,0.50802
AGAGCGTACAAGCTCG-1,0.060579,0.455083,0.484337
AGAGGCTTCGGAAACC-1,0.076778,0.266899,0.656322
AGAGGGACAATTGTCC-1,0.015416,0.956891,0.027692
AGAGGTATCTCGGTCC-1,0.013005,0.008758,0.978237
AGAGTAAACTTCACTA-1,0.113254,0.839592,0.047155
AGAGTATAGTGTTACG-1,0.000021,0.119871,0.880107
AGAGTCTTAATGAAAG-1,0.929738,0.069665,0.000598
AGAGTGAACAGACACC-1,0.000037,0.02137,0.978593
AGAGTTAGAGACCGAT-1,0.027902,0.10184,0.870258
AGAGTTGCAGGCCTCC-1,0.000038,0.781096,0.218865
AGATAACTTCAGGGCC-1,0.000019,0.337151,0.66283
AGATAATCACACCTAT-1,0.000017,0.254802,0.745181
AGATACCAATAGAACC-1,0.564849,0.000045,0.435105
AGATACCAGCACTTCA-1,0.027995,0.971411,0.000594
AGATACCGGTGTTCAC-1,0.000049,0.900548,0.099403
AGATACTCAAGATCGA-1,0.000017,0.151528,0.848455
AGATATAATACGACTA-1,0.160287,0.22377,0.615942
AGATCGTGCATAAGAT-1,0.143709,0.683652,0.172639
AGATCTCAGGTGTGAT-1,0.000048,0.999612,0.000339
AGATCTGGAGAGGATA-1,0.000022,0.604346,0.395632
AGATGACTCGCCCACG-1,0.126566,0.380563,0.492871
AGATGAGGGTTGCGAT-1,0.00008,0.999362,0.000558
AGATGATGGAGTCTGG-1,0.000054,0.999571,0.000375
AGATGCAAGACGTGCA-1,0.014449,0.465017,0.520534
AGATGCATCCTGTGTC-1,0.106826,0.731617,0.161558
AGATTATAGGACGTTT-1,0.000023,0.21263,0.787348
AGATTCAAGCGGGTCG-1,0.009779,0.569845,0.420376
AGATTCACAACCGATA-1,0.000885,0.534463,0.464651
AGCAAAGGCCGCTAGT-1,0.416071,0.320887,0.263042
AGCAACATATCTTATT-1,0.028667,0.231113,0.740221
AGCAACCGAAAGTAAT-1,0.080896,0.550823,0.368281
AGCACACGTTTAGACT-1,0.000014,0.006251,0.993734
AGCACCAGTACTCACG-1,0.000029,0.333128,0.666843
AGCACTACCGGCCTGT-1,0.22089,0.77888,0.000229
AGCACTACCTCACCAG-1,0.003076,0.106274,0.89065
AGCACTTAAGGACGCC-1,0.000075,0.999396,0.000528
AGCAGAAGGAGAAAGA-1,0.093465,0.284,0.622536
AGCAGCCAGATGAATA-1,0.001941,0.348278,0.649781
AGCAGTCGAAGCATGC-1,0.014569,0.114666,0.870765
AGCATATCAATATGCT-1,0.005447,0.59762,0.396933
AGCATCATTTCGAAAG-1,0.025663,0.928541,0.045796
AGCATCGTCGATAATT-1,0.054785,0.513888,0.431327
AGCATTACGAGGCAAG-1,0.886433,0.113228,0.00034
AGCCAAGCTTTGTGTC-1,0.027577,0.150136,0.822287
AGCCACAGGTTACCCG-1,0.302578,0.091658,0.605764
AGCCACTCCCGTGCTT-1,0.179919,0.819622,0.000459
AGCCATATAGTATGTG-1,0.072767,0.594613,0.33262
AGCCCATACATGTAAG-1,0.000019,0.275748,0.724233
AGCCCGCAACAAGCAG-1,0.006459,0.109032,0.884508
AGCCCGCACTACAATG-1,0.743584,0.000067,0.256349
AGCCCGGCATTAGAGG-1,0.000081,0.509395,0.490524
AGCCCGGTAGCCTGTA-1,0.081791,0.637129,0.28108
AGCCCTAAGCGAAGTT-1,0.000045,0.694689,0.305267
AGCCCTCCCTGGTGGC-1,0.040461,0.822331,0.137208
AGCCCTGTCGCACCGT-1,0.000012,0.012298,0.987691
AGCCCTTCTAATCCGA-1,0.131095,0.868332,0.000573
AGCCCTTGGACATCCC-1,0.411471,0.396755,0.191775
AGCCGTGGCTAAATGT-1,0.000034,0.703908,0.296058
AGCCTAATACCCACGT-1,0.000035,0.649536,0.350429
AGCCTTGTCACTGATA-1,0.000016,0.36397,0.636014
AGCGACAGGAACGGTC-1,0.050609,0.739717,0.209674
AGCGACATCCCATTCA-1,0.051221,0.919103,0.029677
AGCGACCAACGATATT-1,0.035506,0.847523,0.116971
AGCGACTTTGAAGACA-1,0.000461,0.165701,0.833838
AGCGAGACGTGAAGGC-1,0.000055,0.833769,0.166176
AGCGATGCGCCTAATA-1,0.724123,0.275463,0.000415
AGCGCATAATGAATCG-1,0.116436,0.852198,0.031366
AGCGCGGGTGCCAATG-1,0.000058,0.999533,0.000409
AGCGCTAGAGCGATGT-1,0.000026,0.154677,0.845297
AGCGCTTATGGGCAAG-1,0.000031,0.309025,0.690943
AGCGGACACTTCGTAG-1,0.255451,0.292909,0.45164
AGCGGCGGTTAGCGGT-1,0.000039,0.781701,0.21826
AGCGGGAAGGGTCCAT-1,0.029959,0.402673,0.567368
AGCGGGTCTGACACTC-1,0.09971,0.681648,0.218641
AGCGGTTGAGATGTAC-1,0.000089,0.955012,0.044899
AGCGGTTGCCGCTCTG-1,0.162272,0.674778,0.16295
AGCGTGGTATTCTACT-1,0.032496,0.741878,0.225626
AGCGTTCCGATTTAAA-1,0.008779,0.003775,0.987445
AGCTAACAAGCAATGT-1,0.000022,0.440219,0.559758
AGCTAAGCTCCGTCCG-1,0.335867,0.161092,0.503041
AGCTAAGTACGCAGGC-1,0.423793,0.485652,0.090555
AGCTACGAATGGTGGT-1,0.313185,0.145589,0.541226
AGCTAGAAGCAGAAGT-1,0.079625,0.863717,0.056658
AGCTATTTAATCCAAC-1,0.000121,0.853996,0.145883
AGCTCCATATATGTTC-1,0.395684,0.211322,0.392994
AGCTCCTTCGCACATC-1,0.121229,0.002904,0.875867
AGCTCGTTGATGGAAA-1,0.044023,0.582033,0.373944
AGCTCTAGACGTTCCA-1,0.032719,0.190061,0.77722
AGCTCTTCCCAGTGCA-1,0.219935,0.779627,0.000438
AGCTCTTCGTAACCTT-1,0.039801,0.865611,0.094588
AGCTCTTTACTCAGTT-1,0.045734,0.877461,0.076806
AGCTGAAGTAAACCAA-1,0.099594,0.515375,0.385031
AGCTGCATTTGAGGTG-1,0.000035,0.206878,0.793087
AGCTGCTGTGCCGAAT-1,0.000111,0.768321,0.231568
AGCTGTAACCTCAATC-1,0.040684,0.356056,0.60326
AGCTTATAGAGACCTG-1,0.019398,0.395685,0.584917
AGCTTCAATACTTTGA-1,0.020465,0.053904,0.92563
AGCTTCTTCTCGAGCA-1,0.844389,0.076428,0.079183
AGCTTGATCAGGGTAG-1,0.010444,0.737362,0.252194
AGCTTGATCTTAACTT-1,0.000027,0.400938,0.599035
AGGAACGAACGACTTC-1,0.346432,0.125594,0.527974
AGGAAGCTGTCCGCCG-1,0.008042,0.077689,0.914268
AGGACAGTCGAATCCC-1,0.000283,0.41174,0.587976
AGGACATCGCACGTCG-1,0.024928,0.504287,0.470785
AGGACATCGGCACACT-1,0.859105,0.140133,0.000762
AGGACGACCCATTAGA-1,0.175784,0.667868,0.156348
AGGACGCTCGATGTTG-1,0.088462,0.820492,0.091045
AGGAGACATCCACAGT-1,0.000107,0.999141,0.000751
AGGAGAGTCTGGCTAC-1,0.000055,0.615035,0.384911
AGGAGCGTTTATTATC-1,0.434489,0.131606,0.433905
AGGAGGCCTTCGCGCG-1,0.034053,0.215568,0.750378
AGGATAAAGTCGGGAT-1,0.042857,0.667998,0.289145
AGGATATAGGGATTTA-1,0.000022,0.212594,0.787385
AGGATATCCGACTGCA-1,0.690231,0.153718,0.156052
AGGATCACGCGATCTG-1,0.002057,0.181213,0.81673
AGGATTGCTTACGACA-1,0.000026,0.142632,0.857342
AGGCACGTGACTGTCC-1,0.293473,0.418939,0.287588
AGGCAGATGCGTAAAC-1,0.015125,0.910537,0.074339
AGGCAGGGAGCGTACT-1,0.125882,0.241089,0.633029
AGGCATTGTCGTAGGG-1,0.059345,0.351208,0.589447
AGGCCACATTGGTTAC-1,0.110999,0.336985,0.552015
AGGCCACCCGTTATGA-1,0.033716,0.505046,0.461237
AGGCCCATTGTACAGG-1,0.000085,0.936202,0.063712
AGGCCCTAGAACGCCA-1,0.000054,0.999564,0.000381
AGGCCTATCATACCAA-1,0.040854,0.036487,0.922659
AGGCCTGAGAATCTCG-1,0.52638,0.263445,0.210175
AGGCGATAACTGGCGT-1,0.303808,0.421817,0.274374
AGGCGGTTTGTCCCGC-1,0.000044,0.747902,0.252055
AGGCGTCTATGGACGG-1,0.178555,0.820874,0.00057
AGGCTATGGTTAGCTT-1,0.047856,0.519403,0.43274
AGGCTTAAGTTGCACA-1,0.067129,0.183665,0.749206
AGGCTTCCCGAAGAAG-1,0.022277,0.845131,0.132593
AGGGAAACGAGGTACT-1,0.010313,0.581426,0.408262
AGGGACAGCACGGCGG-1,0.013947,0.313031,0.673022
AGGGACCGGCTGCGTT-1,0.000037,0.97219,0.027773
AGGGACTCTACGCGAC-1,0.082634,0.595813,0.321553
AGGGAGACATACTTCG-1,0.160497,0.234312,0.605191
AGGGCAGCGGCGTGGT-1,0.032608,0.694283,0.273109
AGGGCCCTAATGTTCT-1,0.998732,0.00038,0.000888
AGGGCGAGCAGCTGAT-1,0.000025,0.351927,0.648048
AGGGCGTGATCGGCTA-1,0.00004,0.705939,0.29402
AGGGCTGCAGTTACAG-1,0.005844,0.790906,0.20325
AGGGTCAGAGCACTCG-1,0.006781,0.083975,0.909244
AGGGTCAGTAACCCTA-1,0.000093,0.999259,0.000648
AGGGTCGATGCGAACT-1,0.011579,0.939746,0.048675
AGGGTCTGGACGCAGT-1,0.969879,0.000169,0.029952
AGGGTGCCGTTCTTTA-1,0.024494,0.875492,0.100013
AGGGTGCTCTCGAGGG-1,0.021314,0.557535,0.421151
AGGGTGTGCTACACGC-1,0.000033,0.226072,0.773895
AGGGTTCAGACGGTCC-1,0.217674,0.24249,0.539836
AGGGTTCCCTTTGGTT-1,0.000018,0.170321,0.829661
AGGGTTTAGTTCGGGA-1,0.025069,0.689492,0.285439
AGGTAACCTCCTATTC-1,0.00714,0.442513,0.550346
AGGTACGATATTGCCA-1,0.000036,0.316331,0.683633
AGGTAGATCGAGATAT-1,0.048161,0.951446,0.000392
AGGTAGGTACAAAGCT-1,0.000044,0.879725,0.120231
AGGTATAATTGATAGT-1,0.000042,0.810011,0.189947
AGGTATGCGGACATTA-1,0.000054,0.999565,0.00038
AGGTCAGGTGAGAGTG-1,0.011652,0.455319,0.53303
AGGTCGCCTCCCAACA-1,0.407887,0.000069,0.592044
AGGTCGCGGAGTTACT-1,0.00004,0.72879,0.27117
AGGTGCACGTCCACAT-1,0.435832,0.000122,0.564046
AGGTGGTGACCTTCGC-1,0.06231,0.825424,0.112266
AGGTGTATCGCCATGA-1,0.000097,0.999222,0.000681
AGGTGTTGCCGACCAC-1,0.998907,0.000328,0.000765
AGGTTACACCATGCCG-1,0.000025,0.28688,0.713095
AGGTTCTCCTTTCCGG-1,0.000011,0.001099,0.99889
AGGTTGAGGCACGCTT-1,0.106665,0.782945,0.11039
AGGTTTCACACACCTT-1,0.000026,0.323768,0.676205
AGTAACGTTCATCCTG-1,0.000021,0.09382,0.906159
AGTAACTATAGCAGCC-1,0.999554,0.000134,0.000312
AGTAAGGGACAGAATC-1,0.256752,0.257782,0.485466
AGTAATCTAAGGGTGG-1,0.004577,0.011702,0.983721
AGTAATGTCTTGCCGC-1,0.000068,0.855118,0.144814
AGTAATTTGCAAGCGT-1,0.001305,0.316643,0.682053
AGTACAGAAGCTTATA-1,0.00001,0.036943,0.963047
AGTACATCATTTATCA-1,0.000042,0.89548,0.104478
AGTACCTTCGAGTGCT-1,0.000015,0.020641,0.979344
AGTACGGCCCGTATCG-1,0.06474,0.422347,0.512913
AGTACGGGCACCTGGC-1,0.000076,0.999393,0.000531
AGTACGTGGCCTGTCT-1,0.000035,0.387206,0.612759
AGTACTCTTATGCCCA-1,0.022431,0.062102,0.915467
AGTAGAAGGCGCCTCA-1,0.001914,0.629379,0.368707
AGTAGCGTGAACGAAC-1,0.005573,0.286866,0.70756
AGTAGCTAGACGCCGA-1,0.000023,0.120342,0.879635
AGTAGGAAGGAAGTTG-1,0.100836,0.871121,0.028043
AGTAGGTAACATACAT-1,0.00004,0.909603,0.090357
AGTATAATACTAGGCA-1,0.182122,0.553245,0.264633
AGTATACACAGCGACA-1,0.081749,0.047955,0.870296
AGTATGCTGGAGACCA-1,0.063377,0.044211,0.892412
AGTATTTGGCACGACC-1,0.004743,0.384755,0.610502
AGTCAAATGATGTGAT-1,0.003094,0.38002,0.616886
AGTCAACACCACCATC-1,0.05063,0.242658,0.706712
AGTCAAGATGACACTT-1,0.170241,0.410339,0.41942
AGTCACTAGCTCTCGA-1,0.004784,0.031056,0.964159
AGTCCATTGGCTGATG-1,0.000015,0.196137,0.803847
AGTCCCGCCTTTAATT-1,0.113921,0.860805,0.025274
AGTCCCTCGCAGAAAG-1,0.074298,0.925153,0.00055
AGTCGAAACGATTCAG-1,0.061326,0.760723,0.177951
AGTCGAATTAGCGTAA-1,0.404679,0.173889,0.421431
AGTCGACGGTCTCAAG-1,0.031763,0.74805,0.220187
AGTCGGCCCAAACGAC-1,0.073292,0.584079,0.342629
AGTCGGCTCAACTTTA-1,0.000044,0.940467,0.059489
AGTCGGTTGCGTGAGA-1,0.000038,0.764677,0.235285
AGTCGTATAAAGCAGA-1,0.473559,0.28185,0.24459
AGTCGTCGACCACCAA-1,0.249372,0.106255,0.644373
AGTCGTGGGCATTACG-1,0.029704,0.392691,0.577606
AGTCTAAAGTATACTC-1,0.009677,0.668663,0.32166
AGTCTCACAAGACTAC-1,0.000029,0.667993,0.331978
AGTCTTCTCCTCAAAT-1,0.041288,0.709929,0.248783
AGTCTTTAAAGTGTCC-1,0.346301,0.205944,0.447755
AGTGAACAAACTTCTC-1,0.031381,0.269685,0.698934
AGTGAAGATGGTGTCC-1,0.088153,0.701107,0.21074
AGTGACCTACTTTACG-1,0.016666,0.747173,0.236161
AGTGACTGTGACACAA-1,0.090967,0.139845,0.769188
AGTGAGACTTCCAGTA-1,0.179296,0.761513,0.059191
AGTGAGCCTCGCCGCC-1,0.000031,0.712566,0.287403
AGTGAGGGTTTCTGAC-1,0.000043,0.520101,0.479857
AGTGAGTCGAATTAAC-1,0.917057,0.08251,0.000432
AGTGATAACCTGCGCG-1,0.294133,0.505197,0.200669
AGTGATATGAGTAGTT-1,0.013661,0.202548,0.78379
AGTGATTCAAGCAGGA-1,0.000033,0.89198,0.107986
AGTGCACGCTTAAGAA-1,0.008805,0.530341,0.460854
AGTGCGTAGCTCGTAA-1,0.000025,0.227828,0.772147
AGTGCTAAACACAGCA-1,0.869869,0.051965,0.078166
AGTGCTTGCACGAATA-1,0.029168,0.284393,0.686439
AGTGGCCCGCAAATGG-1,0.567513,0.239239,0.193249
AGTGGCGGCAATTTGA-1,0.000096,0.999231,0.000673
AGTGGCGTCTGAAGGT-1,0.590868,0.234064,0.175069
AGTGGCTCCGTCGGCC-1,0.048479,0.830273,0.121248
AGTGGTGTTACCCGTG-1,0.05374,0.822673,0.123587
AGTGTATTGCGCATTG-1,0.202925,0.796512,0.000564
AGTTAAACACTTGCGA-1,0.016009,0.920507,0.063484
AGTTAAGCGGTCCCGG-1,0.084272,0.915147,0.000581
AGTTAAGTCAACCGCT-1,0.000026,0.584319,0.415655
AGTTACTCTATCGTGG-1,0.000116,0.999071,0.000813
AGTTATTCAGACTGTG-1,0.999703,0.000089,0.000208
AGTTATTGAAAGGTAA-1,0.129525,0.596349,0.274125
AGTTCCTACAGAATTA-1,0.00002,0.332866,0.667114
AGTTCCTATTTATGTT-1,0.052951,0.240727,0.706322
AGTTGACGGTCCTTGC-1,0.018657,0.327339,0.654004
AGTTGCGGTCCTCAAC-1,0.000032,0.832589,0.167379
AGTTGGCAAGGCTAGA-1,0.872223,0.024593,0.103183
AGTTTATGTAAAGACA-1,0.000033,0.467476,0.532491
AGTTTCGCAGGTCGGA-1,0.000073,0.777338,0.222589
AGTTTGCACCTGCCTC-1,0.148891,0.235107,0.616002
AGTTTGGCACGGGTTG-1,0.013135,0.043198,0.943667
AGTTTGGCCAGACCTA-1,0.012078,0.987397,0.000525
ATAAACGGACCCGTAA-1,0.000042,0.938406,0.061552
ATAAACGTTGCACCAC-1,0.011679,0.16675,0.821571
ATAAAGGCTCGGTCGT-1,0.000044,0.984469,0.015487
ATAAAGGTCAAGTACG-1,0.000018,0.060333,0.939649
ATAAATATTAGCAGCT-1,0.193856,0.597607,0.208537
ATAACGCCGGAGGGTC-1,0.01384,0.1898,0.79636
ATAACGGAGTCCAACG-1,0.051461,0.630928,0.317612
ATAACGTTACCTCCAC-1,0.000087,0.736086,0.263826
ATAAGCAAACACCGAG-1,0.000017,0.238775,0.761208
ATAAGGTGGAGAACAT-1,0.201285,0.505372,0.293344
ATAAGTACCCGATTGT-1,0.0194,0.001464,0.979136
ATAAGTAGGATTCAGA-1,0.000027,0.362915,0.637058
ATAAGTAGGGCGACTC-1,0.033045,0.646172,0.320783
ATAAGTTACCGCGACG-1,0.037221,0.803369,0.15941
ATAATAGCTGTTGAAT-1,0.000022,0.219943,0.780035
ATAATCTTGGAGAACC-1,0.52083,0.339843,0.139327
ATAATTAGCTAAGTAG-1,0.028663,0.758082,0.213255
ATACAGCGTCCACTGA-1,0.013693,0.944871,0.041436
ATACAGGCCCTCCAAT-1,0.000013,0.171823,0.828165
ATACCACGGGCAACTT-1,0.000027,0.59988,0.400093
ATACCAGCAAATTGCT-1,0.000026,0.365318,0.634656
ATACCAGGCTAATAGA-1,0.000046,0.752002,0.247952
ATACCAGGTGAGCGAT-1,0.000066,0.913307,0.086627
ATACCCTCCCGGCCAA-1,0.002913,0.214569,0.782517
ATACCGTCATCCATAA-1,0.00425,0.579367,0.416383
ATACCTAACCAAGAAA-1,0.04124,0.640202,0.318558
ATACGAAGGCTTTCCA-1,0.000025,0.375164,0.624811
ATACGACAGATGGGTA-1,0.000097,0.465277,0.534626
ATACGAGGTTTGTAAG-1,0.004615,0.065813,0.929572
ATACGCCGGCGAAACC-1,0.062958,0.730924,0.206118
