Barcode,Topic 1,Topic 2,Topic 3,Topic 4to8
AAACAATCTACTAGCA-1,0.726307,0.003332,0.001994,0.268366
AAACAGAGCGACTCCT-1,0.000087,0.006801,0.010874,0.982239
AAACATTTCCCGGATT-1,0.009632,0.007866,0.632415,0.350087
AAACCGGAAATGTTAA-1,0.380265,0.317423,0.193404,0.108908
AAACCGTTCGTCCAGG-1,0.305162,0.465516,0.216124,0.013199
AAACCTAAGCAGCCGG-1,0.02491,0.237901,0.357073,0.380117
AAACGAAGAACATACC-1,0.808711,0.002281,0.000123,0.188885
AAACGAGACGGTTGAT-1,0.002019,0.013485,0.078052,0.906444
AAACGCTGGGCACGAC-1,0.097028,0.168995,0.224176,0.509801
AAACGGGCGTACGGGT-1,0.051558,0.053378,0.293069,0.601996
AAACTCGTGATATAAG-1,0.036924,0.080119,0.471519,0.411438
AAACTGCTGGCTCCAA-1,0.208758,0.24514,0.509065,0.037037
AAACTTGCAAACGTAT-1,0.46002,0.539767,0.000036,0.000178
AAAGACCCAAGTCGCG-1,0.002533,0.002235,0.063565,0.931667
AAAGACTGGGCGCTTT-1,0.012402,0.11971,0.751193,0.116695
AAAGGCTACGGACCAT-1,0.001162,0.001852,0.631938,0.365048
AAAGGCTCTCGCGCCG-1,0.20255,0.343172,0.366057,0.088221
AAAGGGATGTAGCAAG-1,0.011146,0.091447,0.139389,0.758018
AAAGGGCAGCTTGAAT-1,0.025083,0.537058,0.093739,0.344119
AAAGTAGCATTGCTCA-1,0.018195,0.132201,0.631751,0.217852
AAAGTCACTGATGTAA-1,0.108375,0.034063,0.071252,0.786311
AAAGTGCCATCAATTA-1,0.025722,0.036182,0.414916,0.52318
AAAGTGTGATTTATCT-1,0.414662,0.197101,0.277322,0.110915
AAAGTTGACTCCCGTA-1,0.246009,0.229041,0.373844,0.151106
AAATAACCATACGGGA-1,0.000225,0.054772,0.005423,0.93958
AAATAAGGTAGTGCCC-1,0.533671,0.358099,0.076308,0.031922
AAATAGCTTAGACTTT-1,0.015719,0.009444,0.676481,0.298356
AAATAGGGTGCTATTG-1,0.898616,0.000047,0.101103,0.000234
AAATCCGATACACGCC-1,0.031304,0.000009,0.51043,0.458257
AAATCGTGTACCACAA-1,0.343974,0.117193,0.452156,0.086677
AAATCTAGCCCTGCTA-1,0.250267,0.038004,0.341767,0.369962
AAATGATTCGATCAGC-1,0.081422,0.301865,0.147853,0.46886
AAATGCTCGTTACGTT-1,0.026694,0.474806,0.010967,0.487533
AAATGGCATGTCTTGT-1,0.210399,0.185546,0.069683,0.534373
AAATGGTCAATGTGCC-1,0.011417,0.116433,0.229336,0.642814
AAATGTATCTTATCCC-1,0.046872,0.197008,0.64868,0.10744
AAATTAACGGGTAGCT-1,0.079085,0.242685,0.191919,0.486311
AAATTACACGACTCTG-1,0.041176,0.034813,0.042272,0.881739
AAATTACCTATCGATG-1,0.047993,0.170106,0.08066,0.70124
AAATTCCAGGTCCAAA-1,0.412302,0.022327,0.228855,0.336515
AAATTGATAGTCCTTT-1,0.009017,0.141425,0.351747,0.497811
AAATTGCGGCGGTTCT-1,0.160316,0.014544,0.011862,0.813278
AAATTTACCGAAATCC-1,0.617095,0.009785,0.011259,0.361861
AACAACTGGTAGTTGC-1,0.203737,0.287788,0.241573,0.266902
AACAATACATTGTCGA-1,0.242842,0.115481,0.192314,0.449363
AACAATTACTCTACGC-1,0.000028,0.467683,0.204352,0.327938
AACACACGCTCGCCGC-1,0.270185,0.000066,0.338684,0.391065
AACACGACTGTACTGA-1,0.203281,0.21023,0.02834,0.558149
AACACGAGACGCGGCC-1,0.669238,0.330582,0.00003,0.00015
AACACGCGGCCGCGAA-1,0.064015,0.010399,0.152214,0.773372
AACAGCTGTGTGGCAA-1,0.040735,0.034813,0.301839,0.622614
AACAGGAAATCGAATA-1,0.042452,0.059632,0.078945,0.818972
AACAGGATGGGCCGCG-1,0.079827,0.72123,0.131946,0.066997
AACAGGTAGTATGGAT-1,0.382128,0.357314,0.058988,0.201571
AACATATCAACTGGTG-1,0.00617,0.334209,0.059919,0.599703
AACATTGGTCAGCCGT-1,0.488511,0.009369,0.005907,0.496213
AACATTGTGACTCGAG-1,0.023147,0.336686,0.370942,0.269224
AACCAAGACTTCTCTG-1,0.461336,0.00344,0.357778,0.177446
AACCAGTATCACTCTT-1,0.568842,0.016902,0.008366,0.40589
AACCATGGGATCGCTA-1,0.130927,0.124366,0.04294,0.701767
AACCCAGAGACGGAGA-1,0.107224,0.000013,0.04372,0.849043
AACCCGAGCAGAATCG-1,0.018274,0.020856,0.714378,0.246492
AACCCTACTGTCAATA-1,0.011787,0.003086,0.50456,0.480567
AACCCTGGTGGAACCA-1,0.475674,0.03351,0.006782,0.484035
AACCGAGCTTGGTCAT-1,0.000008,0.000482,0.004038,0.995472
AACCGCTAAGGGATGC-1,0.737579,0.086969,0.138538,0.036914
AACCGTTGTGTTTGCT-1,0.129147,0.194486,0.042947,0.63342
AACCTCGCTTTAGCCC-1,0.004795,0.007569,0.542574,0.445063
AACCTTTAAATACGGT-1,0.694346,0.277942,0.027415,0.000297
AACCTTTACGACGTCT-1,0.00001,0.194673,0.010955,0.794362
AACGACCTCCTAGCCG-1,0.099744,0.029481,0.24553,0.625245
AACGATAATGCCGTAG-1,0.467463,0.010619,0.391807,0.130111
AACGATAGAAGGGCCG-1,0.068674,0.385302,0.011499,0.534525
AACGATATGTCAACTG-1,0.041182,0.129608,0.067815,0.761395
AACGCATGATCTGGGT-1,0.000006,0.006835,0.058401,0.934758
AACGCGAACGGCAACA-1,0.036692,0.155015,0.040852,0.767441
AACGCGGTCTCCAGCC-1,0.008808,0.131738,0.021204,0.83825
AACGCTGTTGCTGAAA-1,0.518205,0.013116,0.311224,0.157456
AACGGCCATCTCCGGT-1,0.337827,0.598369,0.060896,0.002908
AACGTACTGTGGGTAC-1,0.803648,0.19602,0.000055,0.000276
AACGTCAGACTAGTGG-1,0.038869,0.380732,0.045481,0.534919
AACGTGATGAAGGACA-1,0.027944,0.023135,0.066213,0.882709
AACGTGCGAAAGTCTC-1,0.026443,0.130207,0.194453,0.648897
AACGTTATCAGCACCT-1,0.003159,0.658628,0.047155,0.291057
AACGTTCTACCATTGT-1,0.180754,0.102078,0.220202,0.496966
AACTACCCGTTTGTCA-1,0.940692,0.005521,0.013673,0.040113
AACTAGCGTATCGCAC-1,0.860672,0.000022,0.000022,0.139283
AACTAGGCTTGGGTGT-1,0.501219,0.065207,0.284108,0.149466
AACTCAAGTTAATTGC-1,0.059552,0.08914,0.748283,0.103024
AACTCCAGAGCGTGTT-1,0.004833,0.001913,0.5841,0.409155
AACTCCTAATCCCATG-1,0.040329,0.356114,0.005297,0.59826
AACTCGATAAACACGT-1,0.105661,0.237735,0.011787,0.644816
AACTCGATGGCGCAGT-1,0.022033,0.054636,0.073522,0.84981
AACTCTCAATAGAGCG-1,0.022227,0.092221,0.190253,0.695299
AACTCTCAGTGTGCTC-1,0.036126,0.011397,0.843622,0.108855
AACTGATATTAGGCCT-1,0.080089,0.101996,0.069752,0.748164
AACTGGGTCCCGACGT-1,0.059581,0.245788,0.005784,0.688847
AACTGGTGTGGGCCTT-1,0.210212,0.016839,0.150971,0.621978
AACTTCTGCGTCTATC-1,0.00815,0.779572,0.002234,0.210044
AACTTGCCCGTATGCA-1,0.000395,0.607758,0.203258,0.188589
AACTTGCGTTCTCGCG-1,0.113752,0.125381,0.066743,0.694124
AACTTTACGGGAGCTT-1,0.221992,0.476949,0.120468,0.180591
AACTTTAGCTGCTGAG-1,0.54145,0.016228,0.012402,0.429919
AAGAAGGATCAGTTAG-1,0.007548,0.14996,0.027052,0.81544
AAGACATACGTGGTTT-1,0.036513,0.099751,0.221506,0.64223
AAGACCCAACTGAACA-1,0.027744,0.036915,0.687662,0.247679
AAGACTAACCCGTTGT-1,0.215278,0.005203,0.034459,0.745061
AAGACTGCAAGCTACT-1,0.017077,0.028496,0.070086,0.88434
AAGAGATGAATCGGTA-1,0.028979,0.109389,0.128376,0.733256
AAGAGCTCTTTATCGG-1,0.012345,0.026684,0.074045,0.886926
AAGAGGCATGGATCGC-1,0.018432,0.068201,0.146399,0.766968
AAGAGGCCCTTTGGAA-1,0.035052,0.207085,0.50306,0.254803
AAGATGGCACCGGACC-1,0.035647,0.061,0.519753,0.3836
AAGATTGGCGGAACGT-1,0.01489,0.079011,0.020146,0.885953
AAGCACCCTGCGTATC-1,0.09523,0.188661,0.613542,0.102568
AAGCATACTCTCCTGA-1,0.718301,0.112583,0.165077,0.004039
AAGCCGAAGCGGTTTA-1,0.321602,0.290387,0.146187,0.241824
AAGCCGGAGAGCAGGA-1,0.000006,0.000916,0.424592,0.574486
AAGCGGCGTCATGGGT-1,0.000007,0.027771,0.009175,0.963047
AAGCGTCCCTCATCGA-1,0.018735,0.335113,0.301013,0.34514
AAGCTAGATCGAGTAA-1,0.999432,0.000081,0.000081,0.000406
AAGCTCGTGCCAAGTC-1,0.075555,0.318114,0.091521,0.51481
AAGCTCTTTCATGGTG-1,0.273132,0.055143,0.501076,0.17065
AAGGAGAACTTATAAG-1,0.639508,0.006711,0.001224,0.352557
AAGGAGCGGTTGGTGC-1,0.008302,0.211478,0.119828,0.660392
AAGGATGAGGGACCTC-1,0.139815,0.134071,0.046236,0.679877
AAGGCGCGTAAAGCTT-1,0.0266,0.252237,0.103007,0.618157
AAGGCTGTGCTCATCG-1,0.056559,0.18674,0.185449,0.571252
AAGGGACAGATTCTGT-1,0.000649,0.028759,0.027275,0.943317
AAGGTATCCTAATATA-1,0.007319,0.042539,0.023144,0.926998
AAGGTGATAAACCAGC-1,0.415927,0.137162,0.347546,0.099366
AAGTAGAAGACCGGGT-1,0.025018,0.101026,0.041947,0.832009
AAGTAGTGACGCGAGG-1,0.015784,0.350935,0.556682,0.076599
AAGTCAATTGTCGTCA-1,0.412516,0.009378,0.335969,0.242137
AAGTGAGTCGGGTTTA-1,0.025395,0.148575,0.499176,0.326853
AAGTGCAAAGGTAGAC-1,0.029429,0.541876,0.409061,0.019634
AAGTGCCTTGACTGTA-1,0.246243,0.176054,0.213728,0.363975
AAGTGCGTTAGAATCT-1,0.006104,0.004816,0.865135,0.123945
AAGTGTTTGGAGACGG-1,0.521229,0.00009,0.290235,0.188446
AAGTTCACTCCAAGCT-1,0.30284,0.29198,0.333205,0.071975
AAGTTCAGTCTGCGTA-1,0.020457,0.146853,0.024822,0.807868
AAGTTGTGATGTTATA-1,0.017635,0.012926,0.196831,0.772608
AAGTTTACTAATGGCA-1,0.763945,0.00245,0.000018,0.233588
AATAACAACGCTCGGC-1,0.789947,0.209864,0.000032,0.000158
AATAACACTAGAACAA-1,0.124266,0.000501,0.749243,0.12599
AATAAGTCCTCGAGAC-1,0.684996,0.049563,0.001261,0.26418
AATAATCTTCGTATCG-1,0.463849,0.429325,0.102552,0.004274
AATACAATGTTTCAGG-1,0.008248,0.758292,0.035917,0.197542
AATAGAACAGAGTGGC-1,0.420066,0.400647,0.178664,0.000623
AATAGAATCTGTTTCA-1,0.624274,0.067274,0.239454,0.068998
AATAGCTACCGCGTGC-1,0.00195,0.026403,0.297274,0.674373
AATAGTCCGTCCCGAC-1,0.230342,0.507846,0.243213,0.018599
AATAGTCGCGAGTCGG-1,0.000024,0.418303,0.25686,0.324814
AATATCAAGGTCGGAT-1,0.028863,0.040216,0.049653,0.881268
AATATCGAATCAATGC-1,0.834361,0.00006,0.077239,0.08834
AATATCGAGGGTTCTC-1,0.027619,0.23729,0.110363,0.624728
AATCAGACTGCAGGAC-1,0.170454,0.021667,0.052284,0.755595
AATCATGTAAAGACTC-1,0.361869,0.085824,0.277914,0.274393
AATCCAAGGGCCTGAG-1,0.058269,0.049446,0.052105,0.84018
AATCCATGCAAGGGTG-1,0.054212,0.161782,0.031652,0.752354
AATCGCCTCAGCGCCA-1,0.006855,0.117599,0.318091,0.557456
AATCGGGACACTACGA-1,0.054315,0.003613,0.079149,0.862923
AATCTAGGTTTACTTG-1,0.002467,0.427091,0.237198,0.333244
AATCTATGCCGGAGCC-1,0.001655,0.08031,0.356905,0.561131
AATCTGCGTTGGGACG-1,0.004653,0.155646,0.065059,0.774642
AATGACAGCAATGTCT-1,0.198236,0.601368,0.200148,0.000248
AATGACGTAGGATGTC-1,0.029732,0.002274,0.756711,0.211283
AATGACTGTCAGCCGG-1,0.041671,0.109815,0.048615,0.799899
AATGAGTTCGCATATG-1,0.04491,0.433538,0.004949,0.516603
AATGATGATACGCTAT-1,0.01553,0.138321,0.008224,0.837925
AATGATGCGACTCCTG-1,0.028322,0.217948,0.064615,0.689115
AATGCAACCGGGTACC-1,0.131415,0.248593,0.090393,0.529599
AATGCACCAAGCAATG-1,0.099277,0.105157,0.041661,0.753906
AATGGTCCACCGTTCA-1,0.069226,0.521021,0.398919,0.010834
AATGGTTCTCACAAGC-1,0.006233,0.174651,0.031368,0.787748
AATGTGCCCGAGGTGT-1,0.09903,0.284102,0.270302,0.346566
AATGTTGTCGTGAGAC-1,0.127787,0.076248,0.298701,0.497264
AATTAAAGGTCGGCGT-1,0.165977,0.140041,0.575271,0.118711
AATTAACGGATTTCCA-1,0.362461,0.485485,0.138313,0.013741
AATTACTCGTACGCTC-1,0.00747,0.567933,0.010086,0.414511
AATTAGCGCTGCAGCG-1,0.333828,0.280177,0.194353,0.191641
AATTCATAAGGGATCT-1,0.05363,0.126939,0.063929,0.755502
AATTCCAACTTGGTGA-1,0.517236,0.0173,0.002072,0.463393
AATTCCAAGCATGTAC-1,0.078359,0.145805,0.384481,0.391355
AATTCGATTCGAGGAT-1,0.032211,0.325384,0.337312,0.305094
AATTCTAGAGTTAGGC-1,0.999068,0.000133,0.000133,0.000665
AATTGAACGCTCTGGT-1,0.091175,0.210989,0.582261,0.115574
AATTGCAGCAATCGAC-1,0.043336,0.32395,0.250232,0.382482
AATTGTGGTTGCCAAA-1,0.061765,0.323362,0.179902,0.434971
AATTTGGGACATAGTA-1,0.003274,0.104086,0.006003,0.886637
AATTTGGTTCCAAAGA-1,0.09749,0.005151,0.095425,0.801935
ACAAAGCATGACCTAG-1,0.000013,0.066795,0.527979,0.405213
ACAAATCGCACCGAAT-1,0.352886,0.007332,0.276492,0.36329
ACAAATGGTAGTGTTT-1,0.145167,0.205054,0.528834,0.120946
ACAACAGCATGAGCTA-1,0.004743,0.018383,0.083682,0.893192
ACAACGGTCCCTGCGA-1,0.016433,0.31619,0.061094,0.606283
ACAAGCAGTGCCTAGC-1,0.000026,0.365118,0.29538,0.339476
ACAAGGAAATCCGCCC-1,0.626233,0.040228,0.202953,0.130587
ACAAGGACAAGAGGTT-1,0.188962,0.357508,0.173037,0.280493
ACAAGGATGCTTTAGG-1,0.062807,0.036964,0.632309,0.26792
ACAAGGGCAGGCTCTG-1,0.149074,0.001132,0.58706,0.262734
ACAATCCATTTAAACC-1,0.406647,0.441956,0.133316,0.01808
ACAATGAATACGGAGA-1,0.002379,0.154863,0.317128,0.525631
ACAATTGTGTCTCTTT-1,0.999577,0.00006,0.00006,0.000302
ACAATTTAGGAGGCTC-1,0.868041,0.131578,0.000063,0.000317
ACAATTTGAGCAGTGG-1,0.000261,0.003473,0.007591,0.988675
ACACAAAGACGGGTGG-1,0.002366,0.002697,0.012882,0.982055
ACACACCAGGACCAGT-1,0.23654,0.099871,0.479619,0.18397
ACACACTTTCTACACG-1,0.087054,0.021681,0.101735,0.78953
ACACATTGACGCAACA-1,0.027687,0.225983,0.027201,0.719129
ACACCACATAATTAGC-1,0.497449,0.032281,0.144701,0.325569
ACACCCAGCATGCAGC-1,0.003809,0.080954,0.045744,0.869493
ACACCCGAGAAATCCG-1,0.031046,0.101841,0.050819,0.816294
ACACCGAGCGCTCTTT-1,0.006887,0.763405,0.007593,0.222115
ACACCTTAAGTAGGGC-1,0.01767,0.08932,0.089246,0.803764
ACACGAGACTCCTTCT-1,0.027312,0.147306,0.042505,0.782877
ACACGGCACTATGCAT-1,0.409146,0.088507,0.033392,0.468956
ACACGGGAACTTAGGG-1,0.08522,0.182506,0.03304,0.699235
ACACGTAGGCCACAAG-1,0.009869,0.085905,0.631375,0.272851
ACACTCCAATGTCACT-1,0.004514,0.775772,0.001773,0.217941
ACACTGATCAAGGTGT-1,0.420591,0.508326,0.070828,0.000256
ACACTGGGACAGTCGT-1,0.001928,0.001323,0.437962,0.558787
ACAGAACTGAGAACAA-1,0.027348,0.302866,0.441626,0.22816
ACAGATTAGGTTAGTG-1,0.062445,0.052436,0.078854,0.806265
ACAGCATAGAGCCAGT-1,0.007454,0.008376,0.076358,0.907811
ACAGCGACATTCTCAT-1,0.261709,0.043094,0.490901,0.204296
ACAGCGCACCCGCAGC-1,0.074986,0.231493,0.089574,0.603947
ACAGGCTTGCCCGACT-1,0.562353,0.05254,0.303821,0.081287
ACAGGTGGAGGTGAGG-1,0.513513,0.409951,0.076307,0.000229
ACATAATAAGGCGGTG-1,0.053157,0.193791,0.014228,0.738824
ACATCAGCTGGGACGC-1,0.75408,0.232018,0.013434,0.000468
ACATCCCGGCCATACG-1,0.251686,0.289063,0.450066,0.009185
ACATCCTGGTAACTGT-1,0.220487,0.153943,0.337314,0.288256
ACATCGATCGTTTACC-1,0.017651,0.004268,0.782498,0.195583
ACATCGGTCAGCCGCG-1,0.762719,0.000092,0.048476,0.188713
ACATCGTATGCAATGG-1,0.136771,0.025303,0.580383,0.257544
ACATCGTTAACCTAGT-1,0.150227,0.058125,0.127343,0.664305
ACATGGCGCCAAAGTA-1,0.109231,0.124356,0.441385,0.325028
ACATGGCTCAATTTAG-1,0.05182,0.320382,0.009314,0.618484
ACATTAGTTTATATCC-1,0.998994,0.000144,0.000144,0.000719
ACCAACACCACACACT-1,0.061598,0.000012,0.333242,0.605149
ACCAACCGCACTCCAC-1,0.007921,0.052409,0.298216,0.641454
ACCAACGCTTATTTAT-1,0.327021,0.394591,0.2771,0.001287
ACCAAGAACGCGTGTC-1,0.063088,0.119428,0.04126,0.776223
ACCAATATGCAAGTTA-1,0.315753,0.19592,0.305019,0.183308
ACCACAAGTTTCTATC-1,0.066931,0.253742,0.15217,0.527158
ACCACCAATGTAACAA-1,0.518656,0.086583,0.234248,0.160514
ACCACGTGCAGCTATA-1,0.682089,0.182822,0.121961,0.013129
ACCACTGTTCAAGAAG-1,0.020862,0.440267,0.004535,0.534336
ACCAGGAGTGTGATCT-1,0.5935,0.012616,0.004316,0.389567
ACCAGTGCCCGGTCAA-1,0.012232,0.012911,0.048174,0.926682
ACCAGTGCGGGAGACG-1,0.999687,0.000045,0.000045,0.000224
ACCATATCCGCAATAA-1,0.002127,0.026386,0.521538,0.449948
ACCATCGTATATGGTA-1,0.904171,0.000041,0.087981,0.007807
ACCATTAAGGGTGTCA-1,0.225672,0.673534,0.010874,0.08992
ACCCAACGCCCGTGGC-1,0.12481,0.060003,0.123558,0.69163
ACCCACCTACATGCTC-1,0.025887,0.613031,0.006039,0.355043
ACCCATCTTGAGGGTA-1,0.289122,0.634384,0.068012,0.008482
ACCCATTTGTCCCTCT-1,0.1262,0.249941,0.467727,0.156131
ACCCGGAAACTCCCAG-1,0.698784,0.007707,0.24798,0.045528
ACCCGGAGCACCACAA-1,0.001221,0.001684,0.694844,0.30225
ACCCGGATGACGCATC-1,0.011247,0.085376,0.499076,0.404301
ACCCGGTTACACTTCC-1,0.629258,0.250747,0.106147,0.013848
ACCCGTAGTCTAGTTG-1,0.08445,0.303457,0.19079,0.421303
ACCCGTGTCATCAGTA-1,0.085839,0.042318,0.731217,0.140626
ACCCTATAGGACTGAG-1,0.00042,0.110579,0.003752,0.885249
ACCCTATGCCATATCG-1,0.044535,0.092863,0.552911,0.30969
ACCCTCCCTTGCTATT-1,0.68617,0.178673,0.114501,0.020657
ACCCTTCATCTGCGAA-1,0.046928,0.012417,0.032097,0.908558
ACCGAAAGGGCCCTGC-1,0.150549,0.099244,0.056235,0.693972
ACCGACACATCTCCCA-1,0.022303,0.004909,0.654853,0.317934
ACCGACTGAGTCCCAC-1,0.057188,0.079885,0.015941,0.846986
ACCGATAGGCATAACC-1,0.000011,0.005304,0.46805,0.526635
ACCGATATTTAATCAT-1,0.24479,0.432901,0.313677,0.008633
ACCGATGGTAGCATCG-1,0.000545,0.025402,0.235527,0.738526
ACCGCAATAACTGCCT-1,0.771076,0.000067,0.152533,0.076324
ACCGCGGTGGAAGTCG-1,0.999237,0.000664,0.000017,0.000083
ACCGGGCCTTTGTTGA-1,0.924559,0.000042,0.054444,0.020955
ACCGTGACCACGTGGG-1,0.098281,0.083666,0.42448,0.393573
ACCGTTCCCGCTCTGA-1,0.715496,0.018704,0.001769,0.264031
ACCTAAGTACCTTTCA-1,0.674684,0.028976,0.255734,0.040607
ACCTAATCGACTTCCT-1,0.067493,0.648792,0.281145,0.00257
ACCTCCGCCCTCGCTG-1,0.231696,0.190268,0.469031,0.109006
ACCTCCGTTATTCACC-1,0.334732,0.388904,0.140696,0.135667
ACCTGCGTGTCATGTT-1,0.449282,0.48656,0.051146,0.013012
ACGAAATGGGCGGCAC-1,0.034979,0.048274,0.813742,0.103004
ACGACCCATGAGTTGC-1,0.021859,0.169729,0.565442,0.24297
ACGAGAACCCATCACG-1,0.326507,0.020462,0.011859,0.641172
ACGAGATATTTGCTTA-1,0.071081,0.001744,0.170411,0.756763
ACGAGGATACCACTCT-1,0.000274,0.086744,0.587731,0.325251
ACGAGTACGGATGCCC-1,0.00001,0.000594,0.210789,0.788607
ACGATACATAGAACTA-1,0.005537,0.036208,0.022395,0.93586
ACGATCATACATAGAG-1,0.099415,0.260206,0.029965,0.610413
ACGATCATCTTGTAAA-1,0.03381,0.17246,0.469547,0.324183
ACGATGCATATGTTAT-1,0.066168,0.187463,0.60788,0.138488
ACGATGGATCCGATGC-1,0.098348,0.128954,0.059952,0.712747
ACGCAAACTAATAGAT-1,0.033868,0.21473,0.385222,0.366179
ACGCAATCACTACAGC-1,0.130347,0.209406,0.192876,0.46737
ACGCATACGTTTACTA-1,0.284343,0.333608,0.259366,0.122683
ACGCATTCGTGAGTAC-1,0.01989,0.429987,0.020063,0.530061
ACGCCAGATGATTTCT-1,0.188522,0.021122,0.058122,0.732234
ACGCCGCTAGACGACC-1,0.013944,0.087177,0.609671,0.289208
ACGCGAAGTCAGACGA-1,0.310733,0.238837,0.20957,0.24086
ACGCGGGCCAAGGACA-1,0.05535,0.327865,0.135294,0.481491
ACGCGTTTCTTAAGAG-1,0.343737,0.655954,0.000051,0.000257
ACGCTACTGAATGGGC-1,0.138168,0.1787,0.214025,0.469108
ACGCTAGTGATACACT-1,0.003197,0.167479,0.035022,0.794303
ACGGAATTTAGCAAAT-1,0.009036,0.116283,0.030751,0.84393
ACGGACTCTCAAAGCG-1,0.028814,0.02069,0.710006,0.24049
ACGGAGCGCAAATTAC-1,0.010891,0.064987,0.168514,0.755608
ACGGATGGTGCGGATA-1,0.278566,0.21841,0.407823,0.0952
ACGGCACTTGCTTGGG-1,0.981196,0.017441,0.001148,0.000215
ACGGCCAACATGGACT-1,0.700228,0.279469,0.019989,0.000315
ACGGCGACGATGGGAA-1,0.576175,0.084152,0.305056,0.034617
ACGGCGGGTTGCCCTG-1,0.397628,0.005134,0.040471,0.556767
ACGGGAGTGTCGGCCC-1,0.384206,0.601676,0.013822,0.000296
ACGGGCGTATGCGACA-1,0.326616,0.080132,0.099823,0.493429
ACGGGTCATGTGACTT-1,0.078808,0.747933,0.007143,0.166116
ACGTACAGATTTCTCT-1,0.009206,0.007654,0.173577,0.809563
ACGTAGATTGCTGATG-1,0.094986,0.226971,0.028615,0.649429
ACGTATTACTCCGATC-1,0.027475,0.130738,0.658011,0.183776
ACGTGCGCCTCGTGCA-1,0.198067,0.157902,0.010542,0.633489
ACGTTAATGTCGAAGA-1,0.004957,0.028747,0.542654,0.423643
ACGTTAGATTTGCCCG-1,0.357417,0.486518,0.125074,0.03099
ACGTTATTGGTCACTC-1,0.003161,0.459171,0.044105,0.493563
ACGTTCCGCGCTCCGT-1,0.070459,0.004476,0.033329,0.891735
ACGTTCGCAATCAATT-1,0.246927,0.399434,0.251271,0.102369
ACGTTCGTTCAGGAAA-1,0.016062,0.068187,0.451622,0.464129
ACGTTCTGTACAAGTC-1,0.012755,0.09686,0.304119,0.586266
ACGTTTAGTTGTGATC-1,0.071143,0.093019,0.098608,0.73723
ACGTTTCGGTGCACTT-1,0.164765,0.011299,0.219497,0.60444
ACTACCAGCTCTCTGG-1,0.097298,0.156929,0.116631,0.629142
ACTACGCGTTAGAATT-1,0.04022,0.043215,0.69704,0.219525
ACTAGTTGCGATCGTC-1,0.807719,0.003782,0.105178,0.083322
ACTATATGCTGTGTTC-1,0.016081,0.132615,0.024232,0.827072
ACTATCCAGGGCATGG-1,0.333997,0.413843,0.138396,0.113763
ACTATCGCCGGCTAAA-1,0.012631,0.439495,0.003766,0.544108
ACTATCTGCCCGCGTA-1,0.314579,0.466871,0.198785,0.019765
ACTATTCGTCCGTGGT-1,0.072836,0.132724,0.039378,0.755063
ACTATTTCCGGGCCCA-1,0.253214,0.034133,0.368795,0.343857
ACTCAACGAATGTATT-1,0.016588,0.006008,0.033656,0.943748
ACTCAAGTGCAAGGCT-1,0.041551,0.001561,0.684258,0.272629
ACTCAATAAAGGCACG-1,0.001332,0.021212,0.062408,0.915049
ACTCAGACCTGCTTCT-1,0.061408,0.184326,0.028402,0.725864
ACTCCCGAATTCGTTT-1,0.030368,0.241454,0.264185,0.463993
ACTCCCTAATGCTAAA-1,0.408324,0.496279,0.095175,0.000222
ACTCCCTAGAATAGTA-1,0.924691,0.00928,0.065848,0.000181
ACTCGATGTATTTCAT-1,0.025791,0.532527,0.042136,0.399546
ACTCGCCGTTCGATAA-1,0.025826,0.322702,0.216048,0.435424
ACTCGTAACCCGTCCT-1,0.031956,0.050909,0.767976,0.149159
ACTCGTCAGTAATCCC-1,0.036837,0.376316,0.184518,0.40233
ACTCTAAACCTGGGAT-1,0.063694,0.626024,0.307189,0.003093
ACTCTCTGACTTAGGT-1,0.002746,0.000434,0.471373,0.525447
ACTCTCTTATACACGA-1,0.110981,0.181828,0.043925,0.663267
ACTCTTGTATAGTAAC-1,0.05037,0.313258,0.183818,0.452554
ACTGAAACGCCGTTAG-1,0.260466,0.287268,0.29602,0.156246
ACTGAATGGCGAAAGT-1,0.490164,0.388,0.119413,0.002424
ACTGCCGTCGTAACTC-1,0.133601,0.139078,0.050285,0.677036
ACTGTACGATACACAT-1,0.036789,0.018937,0.027882,0.916392
ACTGTAGCACTTTGGA-1,0.109319,0.3699,0.190906,0.329875
ACTGTATACGCGAGCA-1,0.10824,0.113997,0.015433,0.76233
ACTGTCCAGGATTATA-1,0.069547,0.338487,0.249724,0.342241
ACTGTCTTCTTTAGAA-1,0.018209,0.024253,0.048791,0.908747
ACTGTGCTAGTAGATC-1,0.090079,0.242497,0.017661,0.649762
ACTTACCGGGCGCGCA-1,0.008801,0.116853,0.022362,0.851984
ACTTACGCATCCACGC-1,0.122837,0.158355,0.436401,0.282407
ACTTAGTACGACAAGA-1,0.042874,0.014415,0.045911,0.8968
ACTTATACTTACCCGG-1,0.002835,0.011509,0.245271,0.740385
ACTTATTAGGATCGGT-1,0.016647,0.097839,0.62668,0.258834
ACTTATTTATGTGCCA-1,0.424339,0.17668,0.293923,0.105059
ACTTCAGGCTGATCCC-1,0.559105,0.000099,0.130532,0.310264
ACTTCCATGCGGGACA-1,0.056634,0.006599,0.58188,0.354886
ACTTCGCCATACGCAC-1,0.12614,0.262349,0.024866,0.586644
ACTTGACTCCCTCTTT-1,0.064133,0.082008,0.573773,0.280087
ACTTGCCATATTGTAC-1,0.854786,0.004102,0.000027,0.141085
ACTTGGGACCCGGTGG-1,0.022587,0.411509,0.110507,0.455397
ACTTGTGGATGGAACG-1,0.406294,0.550209,0.043175,0.000321
ACTTTACCCTCATGAA-1,0.149123,0.370324,0.189084,0.29147
ACTTTCCTATAGCTTC-1,0.034229,0.129517,0.035582,0.800672
ACTTTGTCGACGCACT-1,0.037745,0.277479,0.54094,0.143835
AGAAATTATGACTCGC-1,0.392782,0.385034,0.183237,0.038947
AGAACGTGGTACATTC-1,0.036205,0.061879,0.024684,0.877232
AGAAGAGCGCCGTTCC-1,0.000149,0.355229,0.214934,0.429688
AGAAGGTTGCCGAATT-1,0.608698,0.19427,0.189272,0.00776
AGAAGGTTGTAGGTCG-1,0.025807,0.301964,0.389867,0.282363
AGAAGTGATTCGTGAT-1,0.093536,0.52648,0.366088,0.013897
AGAATTATGGATTCGA-1,0.011457,0.153513,0.131429,0.703601
AGAATTGTTTGACATA-1,0.031062,0.269044,0.016548,0.683347
AGACAGCTCAGAATCC-1,0.009657,0.687627,0.098769,0.203946
AGACAGGCATCTCAGC-1,0.452721,0.523887,0.023128,0.000263
AGACATAGATCCTTCC-1,0.07277,0.176306,0.090571,0.660353
AGACCATGGGATACAA-1,0.014994,0.257222,0.048868,0.678916
AGACCCACCGCTGATC-1,0.999419,0.000082,0.000087,0.000411
AGACCCGCCCTCCTCG-1,0.017258,0.014133,0.060057,0.908552
AGACCGCTCCGCGGTT-1,0.369926,0.208265,0.313571,0.108238
AGACGACGATGCCGCT-1,0.01595,0.105187,0.729894,0.148969
AGACGCCCACTTCGCC-1,0.001371,0.000117,0.527067,0.471445
AGACTAGCCTTCCAGA-1,0.029556,0.226405,0.154133,0.589906
AGACTGTTACCGGGTC-1,0.067229,0.229432,0.364454,0.338884
AGAGAACCGTCTAGGA-1,0.028554,0.256434,0.075856,0.639156
AGAGAAGGAGTACAAT-1,0.028203,0.128384,0.333192,0.510221
AGAGCAGTTATGAGAC-1,0.019195,0.316131,0.591768,0.072906
AGAGCCGCCGAGATTT-1,0.018867,0.037255,0.487759,0.456119
AGAGCGGGCTAATCAT-1,0.316854,0.163206,0.038897,0.481043
AGAGCGTACAAGCTCG-1,0.000416,0.914345,0.020507,0.064731
AGAGCTACGAAAGCAT-1,0.016153,0.216734,0.024889,0.742223
AGAGGCTTCGGAAACC-1,0.737855,0.058518,0.105799,0.097829
AGAGGTATCTCGGTCC-1,0.865456,0.000021,0.000021,0.134503
AGATAACTTCAGGGCC-1,0.094364,0.272404,0.313849,0.319382
AGATACCAATAGAACC-1,0.022957,0.178068,0.368724,0.430252
AGATACCGGTGTTCAC-1,0.539495,0.010427,0.323085,0.126994
AGATACGACTTCATAT-1,0.012729,0.159293,0.027964,0.800014
AGATACTCAAGATCGA-1,0.163662,0.452225,0.227314,0.156798
AGATATAATACGACTA-1,0.026254,0.091989,0.448584,0.433172
AGATCGTGCATAAGAT-1,0.020056,0.077194,0.034382,0.868368
AGATCTCAGGTGTGAT-1,0.000464,0.000328,0.002479,0.996729
AGATGACTCGCCCACG-1,0.00687,0.189012,0.020819,0.783299
AGATGAGGGTTGCGAT-1,0.003298,0.193611,0.01887,0.78422
AGATGATGGAGTCTGG-1,0.004196,0.009448,0.483118,0.503237
AGATGCTATAACGAGC-1,0.002841,0.42035,0.009631,0.567179
AGATTATAGGACGTTT-1,0.015125,0.401343,0.317145,0.266386
AGCAAAGGCCGCTAGT-1,0.067794,0.240645,0.626046,0.065514
AGCAACATATCTTATT-1,0.049491,0.056582,0.584439,0.309489
AGCACCAGTACTCACG-1,0.268709,0.187102,0.039829,0.50436
AGCACTACCGGCCTGT-1,0.825816,0.17337,0.000136,0.000679
AGCACTACCTCACCAG-1,0.599031,0.000794,0.073785,0.32639
AGCACTTAAGGACGCC-1,0.095782,0.573133,0.252593,0.078492
AGCAGAAGGAGAAAGA-1,0.043134,0.187469,0.381523,0.387875
AGCAGCCAGATGAATA-1,0.178849,0.435959,0.35955,0.025642
AGCATATCAATATGCT-1,0.441445,0.23893,0.143633,0.175993
AGCATCATTTCGAAAG-1,0.004764,0.046316,0.378041,0.570879
AGCATCGTCGATAATT-1,0.04818,0.13536,0.020132,0.796327
AGCATTACGAGGCAAG-1,0.135837,0.102225,0.272354,0.489584
AGCCAAGCTTTGTGTC-1,0.032529,0.074949,0.413322,0.4792
AGCCACAGGTTACCCG-1,0.013451,0.04197,0.472701,0.471877
AGCCACTCCCGTGCTT-1,0.006912,0.072439,0.041438,0.879211
AGCCCGGTAGCCTGTA-1,0.03681,0.011438,0.508081,0.443671
AGCCCTAAGCGAAGTT-1,0.163683,0.173694,0.050765,0.611859
AGCCCTTCTAATCCGA-1,0.000997,0.045064,0.012818,0.941121
AGCCCTTGGACATCCC-1,0.003869,0.005839,0.61226,0.378033
AGCCGCTTGATTAGCG-1,0.032035,0.415977,0.003589,0.548399
AGCCGTGGCTAAATGT-1,0.018646,0.262793,0.453374,0.265187
AGCCTTAAAGCGGAAG-1,0.027303,0.171464,0.070534,0.730698
AGCGACAGGAACGGTC-1,0.489268,0.238859,0.253948,0.017925
AGCGACATCCCATTCA-1,0.005989,0.073248,0.01612,0.904644
AGCGACCAACGATATT-1,0.005065,0.063337,0.029921,0.901678
AGCGATGCGCCTAATA-1,0.024849,0.123021,0.392463,0.459667
AGCGCATAATGAATCG-1,0.107946,0.33307,0.536688,0.022296
AGCGCGGGTGCCAATG-1,0.032766,0.047468,0.041694,0.878073
AGCGCTTATGGGCAAG-1,0.167382,0.077061,0.014416,0.741141
AGCGGACACTTCGTAG-1,0.112184,0.073512,0.472551,0.341753
AGCGGGAAGGGTCCAT-1,0.039196,0.006045,0.076526,0.878234
AGCGTACGAGAGCTAG-1,0.017329,0.016906,0.01,0.955765
AGCGTAGCGCTAGACC-1,0.55347,0.013864,0.005268,0.427398
AGCGTCTGAACCCGCA-1,0.05907,0.112914,0.046462,0.781554
AGCGTGGTATTCTACT-1,0.158711,0.016097,0.554955,0.270238
AGCTAACAAGCAATGT-1,0.071063,0.164972,0.29311,0.470854
AGCTAAGTACGCAGGC-1,0.057346,0.206393,0.478886,0.257375
AGCTAGAAGCAGAAGT-1,0.031931,0.355301,0.015275,0.597493
AGCTATTTAATCCAAC-1,0.06525,0.161516,0.063067,0.710167
AGCTCCATATATGTTC-1,0.107932,0.309019,0.455489,0.127559
AGCTCCTTCGCACATC-1,0.456928,0.000122,0.307574,0.235376
AGCTCTAGACGTTCCA-1,0.002639,0.01277,0.256827,0.727763
AGCTCTTCCCAGTGCA-1,0.087093,0.251229,0.005706,0.655973
AGCTCTTCGTAACCTT-1,0.159034,0.304633,0.294687,0.241646
AGCTCTTTACTCAGTT-1,0.404648,0.273744,0.302518,0.01909
AGCTGAAGTAAACCAA-1,0.036889,0.160473,0.029734,0.772903
AGCTGTAACCTCAATC-1,0.026843,0.086038,0.33185,0.555269
AGCTTATAGAGACCTG-1,0.714369,0.005686,0.000231,0.279714
AGCTTCTTCTCGAGCA-1,0.207789,0.017096,0.380593,0.394522
AGGAAAGCCTCTGATG-1,0.063194,0.20174,0.02624,0.708826
AGGAACGAACGACTTC-1,0.02289,0.014037,0.211836,0.751237
AGGAAGCTGTCCGCCG-1,0.002681,0.019647,0.572215,0.405458
AGGACAGTCGAATCCC-1,0.009605,0.008527,0.726913,0.254955
AGGACATCGCACGTCG-1,0.228744,0.000016,0.045336,0.725904
AGGACATCGGCACACT-1,0.001468,0.315924,0.107182,0.575427
AGGACGACCCATTAGA-1,0.571631,0.002209,0.247562,0.178599
AGGACGCTCGATGTTG-1,0.001188,0.073189,0.016877,0.908746
AGGACTTATAGGAGAA-1,0.072837,0.483845,0.034087,0.409232
AGGAGGCCTTCGCGCG-1,0.370378,0.004829,0.549258,0.075536
AGGATAAAGTCGGGAT-1,0.985187,0.014534,0.000046,0.000232
AGGATATAGGGATTTA-1,0.453198,0.080192,0.230157,0.236453
AGGCAATACGGAGGAC-1,0.194124,0.747289,0.000076,0.058511
AGGCACGTGACTGTCC-1,0.025692,0.189484,0.543165,0.241659
AGGCAGATGCGTAAAC-1,0.074883,0.140632,0.034005,0.75048
AGGCAGGGAGCGTACT-1,0.010096,0.009088,0.551024,0.429791
AGGCCACATTGGTTAC-1,0.414025,0.160084,0.093272,0.332619
AGGCCACCCGTTATGA-1,0.200425,0.224722,0.202598,0.372255
AGGCCCAGTGACTGGT-1,0.01462,0.22973,0.020235,0.735415
AGGCCCATTGTACAGG-1,0.075114,0.11384,0.047403,0.763643
AGGCCCTAGAACGCCA-1,0.837364,0.162157,0.00031,0.000169
AGGCCTGAGAATCTCG-1,0.007209,0.003275,0.47654,0.512976
AGGCGATAACTGGCGT-1,0.010587,0.019684,0.678405,0.291324
AGGCTATGGTTAGCTT-1,0.019283,0.225725,0.020677,0.734315
AGGCTTCCCGAAGAAG-1,0.438449,0.552683,0.008425,0.000443
AGGCTTGCTAGACACC-1,0.007138,0.809702,0.041115,0.142045
AGGGAAACGAGGTACT-1,0.046606,0.240164,0.013552,0.699678
AGGGACAGCACGGCGG-1,0.83964,0.001802,0.000025,0.158533
AGGGACCGGCTGCGTT-1,0.096909,0.302313,0.311074,0.289704
AGGGACTCTACGCGAC-1,0.327602,0.503627,0.168561,0.00021
AGGGAGACATACTTCG-1,0.102063,0.10771,0.434241,0.355986
AGGGCAGCGGCGTGGT-1,0.140149,0.156508,0.090063,0.61328
AGGGCCCTAATGTTCT-1,0.008178,0.241611,0.182469,0.567742
AGGGCGAGCAGCTGAT-1,0.710728,0.139968,0.11427,0.035035
AGGGCGTGATCGGCTA-1,0.018151,0.005564,0.034129,0.942155
AGGGCTGCAGTTACAG-1,0.010383,0.030116,0.141255,0.818246
AGGGTCGATGCGAACT-1,0.011035,0.152155,0.276582,0.560228
AGGGTCTGGACGCAGT-1,0.085147,0.131969,0.14438,0.638505
AGGGTGCTCTCGAGGG-1,0.025316,0.238042,0.22075,0.515892
AGGGTGGATAGTGCAT-1,0.130222,0.708587,0.160952,0.000239
AGGGTTCCCTTTGGTT-1,0.006373,0.044649,0.063236,0.885742
AGGGTTTAGTTCGGGA-1,0.001439,0.137746,0.107957,0.752857
AGGTAACCTCCTATTC-1,0.037966,0.069159,0.011975,0.8809
AGGTACGATATTGCCA-1,0.012474,0.003956,0.132388,0.851182
AGGTAGATCGAGATAT-1,0.032899,0.318256,0.259455,0.389389
AGGTAGGTACAAAGCT-1,0.32382,0.542391,0.123261,0.010528
AGGTATAATTGATAGT-1,0.095194,0.245462,0.393794,0.26555
AGGTCAGGTGAGAGTG-1,0.350919,0.648797,0.000047,0.000237
AGGTCGCCACTTCGGT-1,0.637298,0.00817,0.000964,0.353568
AGGTCGCCTCCCAACA-1,0.005297,0.034858,0.452449,0.507396
AGGTCGCGGAGTTACT-1,0.000008,0.007377,0.075154,0.917461
AGGTGGTGACCTTCGC-1,0.294051,0.095577,0.249108,0.361264
AGGTGTTGCCGACCAC-1,0.033445,0.420175,0.197131,0.349249
AGGTTGAGGCACGCTT-1,0.00001,0.000297,0.010596,0.989097
AGGTTTCACACACCTT-1,0.012292,0.059248,0.530728,0.397732
AGTAACGTTCATCCTG-1,0.238322,0.006697,0.020839,0.734142
AGTAATGTCTTGCCGC-1,0.028422,0.332792,0.024514,0.614272
AGTACATCATTTATCA-1,0.001828,0.015816,0.510972,0.471384
AGTACGGGCACCTGGC-1,0.019269,0.049728,0.055343,0.87566
AGTACGTGGCCTGTCT-1,0.594234,0.018074,0.006609,0.381083
AGTACTCTTATGCCCA-1,0.333565,0.290354,0.297106,0.078975
AGTAGGAAGGAAGTTG-1,0.00549,0.17795,0.025711,0.790849
AGTAGGTAACATACAT-1,0.086459,0.072867,0.081405,0.759269
AGTATAATACTAGGCA-1,0.046101,0.569074,0.012171,0.372654
AGTATACACAGCGACA-1,0.087371,0.228525,0.346395,0.337709
AGTATCCATAATAACG-1,0.291195,0.056399,0.041191,0.611215
AGTATTTGGCACGACC-1,0.045489,0.044176,0.708618,0.201718
AGTCAACACCACCATC-1,0.395114,0.475144,0.129561,0.00018
AGTCAAGATGACACTT-1,0.837874,0.000072,0.080998,0.081056
AGTCACTAGCTCTCGA-1,0.391475,0.302621,0.152868,0.153035
AGTCACTCCGCCTCAT-1,0.033879,0.090799,0.080732,0.79459
AGTCAGCCACCGCCTG-1,0.000644,0.025293,0.002456,0.971607
AGTCCAGCGGGTACGT-1,0.335908,0.014676,0.02767,0.621746
AGTCCATTGGCTGATG-1,0.101267,0.204437,0.309722,0.384574
AGTCCCGCCTTTAATT-1,0.000009,0.023595,0.025037,0.951359
AGTCGACGGTCTCAAG-1,0.002194,0.109467,0.274915,0.613424
AGTCGGCCCAAACGAC-1,0.174685,0.010906,0.195643,0.618766
AGTCGGCTCAACTTTA-1,0.315215,0.630378,0.054103,0.000303
AGTCGTATAAAGCAGA-1,0.021175,0.415455,0.225409,0.33796
AGTCGTCGACCACCAA-1,0.173836,0.065526,0.461034,0.299604
AGTCGTGGGCATTACG-1,0.025105,0.05882,0.758443,0.157633
AGTCTAAAGTATACTC-1,0.000902,0.005742,0.612089,0.381267
AGTCTCACAAGACTAC-1,0.131412,0.308822,0.242615,0.317151
AGTCTGGACATCCTTG-1,0.000036,0.266549,0.147665,0.58575
AGTCTTCTCCTCAAAT-1,0.041987,0.035974,0.040791,0.881249
AGTGAACAAACTTCTC-1,0.841134,0.001688,0.085289,0.071889
AGTGACCTACTTTACG-1,0.763812,0.121343,0.114514,0.000331
AGTGAGACTTCCAGTA-1,0.015122,0.157442,0.150737,0.676699
AGTGAGCCTCGCCGCC-1,0.149408,0.181153,0.22359,0.445849
AGTGAGGGTTTCTGAC-1,0.157113,0.166338,0.019833,0.656717
AGTGAGTCGAATTAAC-1,0.077757,0.340144,0.122259,0.45984
AGTGATAACCTGCGCG-1,0.08039,0.020762,0.709756,0.189091
AGTGATATGAGTAGTT-1,0.565168,0.047972,0.33262,0.05424
AGTGATTCAAGCAGGA-1,0.080922,0.11427,0.124903,0.679905
AGTGCACGCTTAAGAA-1,0.970291,0.000051,0.029402,0.000256
AGTGCTAAACACAGCA-1,0.035437,0.126219,0.567148,0.271196
AGTGCTTGCACGAATA-1,0.006234,0.027053,0.564226,0.402487
AGTGGCGGCAATTTGA-1,0.006979,0.108212,0.01088,0.873929
AGTGGCGTCTGAAGGT-1,0.032523,0.095046,0.493738,0.378693
AGTGGGAGTATACACG-1,0.001621,0.48534,0.000027,0.513012
AGTGTATTGCGCATTG-1,0.027748,0.040663,0.014835,0.916753
AGTGTGCTAAGATCGC-1,0.015178,0.975036,0.000053,0.009733
AGTGTGGTCTATTGTG-1,0.009075,0.781002,0.008845,0.201077
AGTTAAACACTTGCGA-1,0.377527,0.302361,0.290835,0.029277
AGTTAAGCGGTCCCGG-1,0.005035,0.005863,0.02959,0.959512
AGTTAAGTCAACCGCT-1,0.002012,0.240765,0.476156,0.281068
AGTTACCCTTAAGACT-1,0.292439,0.241176,0.357543,0.108842
AGTTACCGCACATGGT-1,0.003915,0.112303,0.277974,0.605808
AGTTACTCTATCGTGG-1,0.187486,0.269713,0.024049,0.518753
AGTTCACCGGTTGGAC-1,0.000034,0.734325,0.009957,0.255684
AGTTCCTACAGAATTA-1,0.121042,0.257929,0.062808,0.558221
AGTTCCTATTTATGTT-1,0.000843,0.118634,0.667888,0.212635
AGTTCTGCGTTGTATC-1,0.030453,0.376358,0.002621,0.590568
AGTTGACATCGGCTGG-1,0.117893,0.137038,0.018537,0.726531
AGTTGACGGTCCTTGC-1,0.046664,0.293152,0.306672,0.353511
AGTTGCTGACTGATAT-1,0.001583,0.726449,0.003378,0.26859
AGTTGGCAAGGCTAGA-1,0.14241,0.024834,0.406403,0.426353
AGTTTCGCAGGTCGGA-1,0.479506,0.000037,0.02138,0.499077
AGTTTGCACCTGCCTC-1,0.375417,0.448929,0.174584,0.00107
AGTTTGGCCAGACCTA-1,0.349331,0.628832,0.021625,0.000212
ATAAACCATTGGACGG-1,0.798321,0.001193,0.000232,0.200254
ATAAACGGACCCGTAA-1,0.896541,0.000076,0.103006,0.000378
ATAAACGTTGCACCAC-1,0.13903,0.236757,0.55591,0.068304
ATAAAGGCTCGGTCGT-1,0.042947,0.248112,0.228701,0.48024
ATAAAGGTCAAGTACG-1,0.319359,0.004721,0.022489,0.653431
ATAACGCCGGAGGGTC-1,0.066884,0.087523,0.100083,0.74551
ATAACGGAGTCCAACG-1,0.017767,0.120443,0.049112,0.812677
ATAAGGTGGAGAACAT-1,0.596769,0.000069,0.253802,0.14936
ATAAGTAGGATTCAGA-1,0.008961,0.112853,0.155744,0.722442
ATAAGTAGGGCGACTC-1,0.127599,0.221874,0.364849,0.285679
ATAAGTTACCGCGACG-1,0.614248,0.000067,0.261073,0.124612
ATAATACCGTTAGCCG-1,0.018941,0.617785,0.006276,0.356998
ATAATAGCTGTTGAAT-1,0.447834,0.20374,0.243099,0.105327
ATAATAGTGTAGGGAC-1,0.048164,0.327279,0.016126,0.60843
ATAATCTTGGAGAACC-1,0.027355,0.076467,0.692649,0.203529
ATAATTAGCTAAGTAG-1,0.022497,0.438057,0.312697,0.226748
ATACAGGCCCTCCAAT-1,0.423397,0.456506,0.116145,0.003952
ATACCACGGGCAACTT-1,0.845504,0.152772,0.001482,0.000242
ATACCAGCAAATTGCT-1,0.730555,0.033466,0.000015,0.235964
ATACCAGGCTAATAGA-1,0.244353,0.006666,0.081733,0.667247
ATACCTAACCAAGAAA-1,0.375019,0.154164,0.389655,0.081161
ATACGCCGGCGAAACC-1,0.061588,0.031249,0.320225,0.586938
ATACGGGTTTCGATTG-1,0.009635,0.150941,0.034517,0.804906
ATACGTACTTAGCCAC-1,0.437884,0.285552,0.207782,0.068782
ATACGTCCACTCCTGT-1,0.532022,0.02987,0.363015,0.075094
ATACGTTATGCACGGA-1,0.005396,0.055045,0.504391,0.435168
ATACTACCCGTACCAC-1,0.050779,0.015984,0.677719,0.255519
ATACTAGCATGACCCT-1,0.046972,0.178625,0.033221,0.741182
ATACTCTCGCCACTCT-1,0.141114,0.39108,0.020169,0.447637
ATACTGCCTTACACCG-1,0.235234,0.07648,0.509701,0.178586
ATACTTGTTCTCGAGC-1,0.289975,0.7097,0.000054,0.000271
ATAGACAACGGGACCT-1,0.458299,0.020013,0.007327,0.514361
ATAGACGAAGAGAAAG-1,0.051308,0.216972,0.366969,0.36475
ATAGAGTACTGGGACA-1,0.04226,0.149969,0.120442,0.687328
ATAGAGTTATCAACTT-1,0.009767,0.043298,0.017258,0.929677
ATAGCAACTAGGGAAG-1,0.01363,0.115208,0.492552,0.378609
ATAGCCATAACAGTCA-1,0.18628,0.028787,0.289237,0.495695
ATAGCCTCAGTACCCA-1,0.491231,0.146743,0.019925,0.3421
ATAGCTGCTCTTGTTA-1,0.044053,0.880127,0.031066,0.044755
ATAGGCTAGCTTCGCA-1,0.000972,0.075575,0.032242,0.891211
ATAGGGATATCCTTGA-1,0.047927,0.082427,0.016363,0.853283
ATAGGTTGGGCAGATG-1,0.000022,0.111342,0.011229,0.877407
ATAGTCTTTGACGTGC-1,0.090621,0.043456,0.091577,0.774346
ATAGTGAAGCGTTCTC-1,0.037447,0.150301,0.664396,0.147856
ATAGTTCCACCCACTC-1,0.021899,0.018335,0.548142,0.411624
ATATAAAGCGCTCGTG-1,0.345967,0.411744,0.219028,0.023261
ATATAAATGTAGCTGC-1,0.468262,0.18502,0.308937,0.037781
ATATAACACGGGCGCA-1,0.038351,0.32431,0.287346,0.349993
ATATACGCTCGTGACG-1,0.091618,0.232425,0.260875,0.415082
ATATCAACCTACAGAG-1,0.000919,0.060655,0.581795,0.356631
ATATCGGTAGGGAGAT-1,0.44536,0.125312,0.191286,0.238042
ATATCGTTCCTCGAAC-1,0.111725,0.181754,0.54842,0.158102
ATATCTCCCTCGTTAA-1,0.042265,0.013437,0.024297,0.920002
ATATCTTAGGGCCTTC-1,0.06601,0.298748,0.251351,0.383891
ATATGTCTCCCTAGCC-1,0.001161,0.05364,0.197558,0.747641
ATATTATCCCGTATTT-1,0.002524,0.450595,0.000012,0.546869
ATATTCAGTTAAACCT-1,0.975142,0.000051,0.008164,0.016642
ATATTCCACATAGTGA-1,0.831633,0.00008,0.150924,0.017363
ATATTCCCACAGGTCA-1,0.162704,0.038947,0.031542,0.766807
ATATTGCTGTCAAAGT-1,0.242463,0.022441,0.063053,0.672042
ATATTGGAGAGGCCTT-1,0.020869,0.171129,0.433345,0.374656
ATATTTAACCCTCAAG-1,0.127457,0.199226,0.235197,0.43812
ATCAAACACTGTTCCA-1,0.64862,0.001153,0.064695,0.285531
ATCAAACGAAGGTTTG-1,0.30589,0.55209,0.141663,0.000356
ATCAATCTGGGCTGCA-1,0.02599,0.225212,0.118461,0.630337
ATCACATTAGAATATC-1,0.119361,0.322696,0.00319,0.554753
ATCACTTCATCCTCGC-1,0.010834,0.106818,0.011933,0.870415
ATCAGACGGCACGCCG-1,0.999782,0.000031,0.000031,0.000156
ATCAGCCTCATGCTGC-1,0.257633,0.377152,0.300951,0.064264
ATCAGGTCGCCATTGC-1,0.198267,0.101811,0.033095,0.666826
ATCAGTAGGCAGGGAT-1,0.00509,0.008718,0.024614,0.961579
ATCATAGCCCTATGTA-1,0.050562,0.158738,0.469733,0.320967
ATCATCCAATATTTGT-1,0.019427,0.157858,0.574709,0.248007
ATCCAACGCAGTCATA-1,0.064051,0.40892,0.169004,0.358026
ATCCACATCGACAGAA-1,0.007028,0.019079,0.594597,0.379296
ATCCAGAGCAACAACC-1,0.885622,0.038544,0.075564,0.00027
ATCCAGGATTCGTGAA-1,0.31632,0.339824,0.322786,0.02107
ATCCGGACCAGCCTGA-1,0.028646,0.134754,0.196165,0.640435
ATCCTACCTAAGCTCT-1,0.454141,0.081483,0.309287,0.155089
ATCCTGCGTGGAATGG-1,0.998227,0.000096,0.001195,0.000481
ATCCTGCTGCAGATAG-1,0.106362,0.000008,0.06361,0.830019
ATCCTTCTGAAAGAAC-1,0.794186,0.202895,0.000064,0.002855
ATCGACCCAATACAGA-1,0.184915,0.008917,0.735106,0.071062
ATCGACTCTTTCCGTT-1,0.005793,0.211807,0.048401,0.733998
ATCGCACGATTGTTCA-1,0.084045,0.12734,0.017495,0.77112
ATCGCACGCCGGGAGA-1,0.023954,0.264188,0.033548,0.67831
ATCGCCAGTCAACATT-1,0.815242,0.003892,0.0866,0.094267
ATCGCCGTGGTTCATG-1,0.160382,0.029237,0.334276,0.476105
ATCGCTGCGTGCAGCA-1,0.030861,0.063471,0.392225,0.513444
ATCGGCAAGCAGTCCA-1,0.063127,0.123785,0.041571,0.771518
ATCGTATTCCGAGAAC-1,0.405085,0.593774,0.000969,0.000172
ATCGTCCAATCGAGTC-1,0.002364,0.262342,0.014612,0.720683
ATCGTTAGCTAGCGGA-1,0.123703,0.370293,0.475988,0.030016
ATCGTTCACTTTCGCC-1,0.060849,0.411561,0.012018,0.515571
ATCTAACGTCCCTATG-1,0.014785,0.252643,0.000993,0.731579
ATCTAATATCCTACGG-1,0.574755,0.390136,0.034821,0.000287
ATCTATCGATGATCAA-1,0.042761,0.62602,0.011108,0.320111
ATCTCCCACGGAATAT-1,0.080292,0.224095,0.368884,0.32673
ATCTCCCTGCAATCTA-1,0.485697,0.004046,0.070814,0.439443
ATCTCGTGAGCGAAAC-1,0.723772,0.000288,0.110581,0.16536
ATCTGACATGGAAGGA-1,0.016033,0.062911,0.302456,0.618599
ATCTGATAGTGTCTTA-1,0.043192,0.191639,0.118144,0.647025
ATCTGCACCTCTGCGA-1,0.039299,0.266154,0.148846,0.545701
ATCTGGGCTGTTCTTG-1,0.069335,0.024247,0.64093,0.265488
ATCTGGTTAAGACTGT-1,0.016719,0.029362,0.09168,0.862239
ATCTGTAATTGTACCC-1,0.048481,0.169373,0.085604,0.696541
ATCTTATCGCACACCC-1,0.127712,0.457465,0.194772,0.220052
ATCTTGACCTGCAACG-1,0.120284,0.156751,0.125371,0.597594
ATCTTGACTTGTCCAA-1,0.006948,0.072153,0.355173,0.565726
ATGAAGCCAAGGAGCC-1,0.052641,0.302262,0.034757,0.61034
ATGACGCCGGCTCTAA-1,0.079917,0.036926,0.015232,0.867926
ATGACGCGTTCTATCC-1,0.019223,0.181606,0.600513,0.198658
ATGACTATCAGCTGTG-1,0.026012,0.197927,0.254468,0.521594
ATGACTATGCGACATT-1,0.584202,0.114351,0.251606,0.049842
ATGAGGAGTGTTAATC-1,0.164748,0.545835,0.075913,0.213504
ATGATCGGGAATAGAC-1,0.032857,0.08942,0.031334,0.84639
ATGATGCAATGGTACA-1,0.796129,0.009543,0.131202,0.063127
ATGCACCTTCCTTAAT-1,0.004814,0.282658,0.180363,0.532165
ATGCACTACCGCATTG-1,0.005064,0.068254,0.048317,0.878365
ATGCATGATCCAGGAT-1,0.134674,0.195308,0.059679,0.610339
ATGCATTCCGTGATGG-1,0.86585,0.000026,0.000026,0.134097
ATGCCAATCGCTCTGC-1,0.005149,0.119574,0.02775,0.847527
ATGCCATTTGCGACCA-1,0.141843,0.088209,0.612471,0.157476
ATGCCGGTCTTGCATA-1,0.068115,0.402361,0.04113,0.488394
ATGCCGGTTGATGGGA-1,0.089251,0.409878,0.018812,0.482059
ATGCGACAGTCCCATT-1,0.011303,0.128576,0.256553,0.603567
ATGCTCAGTGTTGCAT-1,0.000039,0.605647,0.001534,0.39278
ATGCTCTGGCGCGGTA-1,0.147445,0.287344,0.485561,0.07965
