Barcode,Topic 1,Topic 2,Topic 3,Topic 4,Topic 5to6,Topic 7to8,Topic 9,Topic 10to11
AAACAAGTATCTCCCA-1,0.000019,0.008181,0.017383,0.009212,0.485676,0.298237,0.1107,0.070592
AAACACCAATAACTGC-1,0.353309,0.00009,0.00009,0.00009,0.000179,0.000179,0.00009,0.645974
AAACAGCTTTCAGAAG-1,0.131109,0.001673,0.00002,0.053329,0.337048,0.194888,0.083623,0.19831
AAACAGGGTCTATATT-1,0.318232,0.36963,0.000028,0.000028,0.014747,0.263673,0.000028,0.033635
AAACAGTGTTCCTGGG-1,0.12549,0.17197,0.558851,0.102103,0.000032,0.005192,0.036332,0.000032
AAACATGGTGAGAGGA-1,0.514854,0.000023,0.208836,0.160823,0.039839,0.017673,0.041926,0.016025
AAACATTTCCCGGATT-1,0.0022,0.031803,0.056339,0.023797,0.628112,0.042818,0.136526,0.078406
AAACCACTACACAGAT-1,0.115778,0.052554,0.005987,0.077626,0.747498,0.000222,0.000111,0.000222
AAACCCGAACGAAATC-1,0.000019,0.05154,0.010728,0.00062,0.028335,0.028185,0.006374,0.874199
AAACCGGAAATGTTAA-1,0.337047,0.201892,0.218374,0.115236,0.001605,0.078892,0.011555,0.035398
AAACCGGGTAGGTACC-1,0.031634,0.04486,0.006308,0.052104,0.286084,0.356678,0.003927,0.218404
AAACCGTTCGTCCAGG-1,0.015662,0.082133,0.000029,0.000029,0.006688,0.160151,0.058166,0.677142
AAACCTAAGCAGCCGG-1,0.068576,0.286228,0.022741,0.000045,0.000091,0.000091,0.195862,0.426365
AAACCTCATGAAGTTG-1,0.078827,0.321894,0.035086,0.036838,0.043639,0.147891,0.057249,0.278575
AAACGAAGATGGAGTA-1,0.604762,0.00006,0.00006,0.00006,0.000119,0.000119,0.00006,0.394761
AAACGAGACGGTTGAT-1,0.176945,0.572914,0.00006,0.00006,0.00012,0.06583,0.002932,0.181139
AAACGCTGGGCACGAC-1,0.094071,0.00001,0.112146,0.642625,0.039697,0.026749,0.077128,0.007573
AAACGGGCGTACGGGT-1,0.000037,0.548181,0.183453,0.000037,0.002982,0.000074,0.030423,0.234813
AAACGGTTGCGAACTG-1,0.00735,0.169198,0.101809,0.000028,0.000055,0.033118,0.324776,0.363666
AAACGTGTTCGCCCTA-1,0.000035,0.663218,0.053932,0.000035,0.252298,0.000677,0.000035,0.029769
AAACTAACGTGGCGAC-1,0.000236,0.419378,0.000236,0.088422,0.266774,0.15664,0.067841,0.000472
AAACTCGGTTCGCAAT-1,0.01755,0.20623,0.112561,0.033241,0.199281,0.134343,0.239496,0.057298
AAACTCGTGATATAAG-1,0.00003,0.305663,0.052477,0.003873,0.236157,0.054776,0.009133,0.337891
AAACTGCTGGCTCCAA-1,0.00434,0.252163,0.05458,0.020103,0.24697,0.233667,0.15922,0.028956
AAACTTAATTGCACGC-1,0.728514,0.124112,0.000035,0.000035,0.015917,0.072385,0.000035,0.058966
AAACTTGCAAACGTAT-1,0.116285,0.000237,0.000027,0.003285,0.131886,0.262054,0.186393,0.299833
AAAGAATGACCTTAGA-1,0.571809,0.013011,0.164786,0.000036,0.000072,0.000072,0.001554,0.24866
AAAGAATGTGGACTAA-1,0.000016,0.180394,0.450723,0.035203,0.037664,0.031326,0.049318,0.215357
AAAGACCCAAGTCGCG-1,0.095727,0.669182,0.049708,0.000127,0.058443,0.029397,0.000127,0.097289
AAAGACTGGGCGCTTT-1,0.008607,0.180595,0.031886,0.13141,0.125155,0.312626,0.000015,0.209706
AAAGCTTGCCTACATA-1,0.00234,0.010707,0.17307,0.000183,0.000056,0.000056,0.004345,0.809244
AAAGGCCCTATAATAC-1,0.258352,0.018884,0.001077,0.14964,0.316479,0.253614,0.00002,0.001934
AAAGGCTACGGACCAT-1,0.013246,0.199394,0.040659,0.032506,0.02461,0.230347,0.29521,0.164027
AAAGGCTCTCGCGCCG-1,0.052313,0.488328,0.021384,0.108379,0.005976,0.298534,0.025053,0.000033
AAAGGGATGTAGCAAG-1,0.000027,0.104604,0.000027,0.000027,0.601858,0.004577,0.000027,0.288852
AAAGGGCAGCTTGAAT-1,0.068848,0.196912,0.094896,0.068485,0.030088,0.1626,0.077716,0.300455
AAAGGTAAGCTGTACC-1,0.000293,0.282846,0.000293,0.000293,0.536757,0.012308,0.000293,0.166916
AAAGTAGCATTGCTCA-1,0.08599,0.056991,0.000034,0.000034,0.056961,0.251646,0.010731,0.537612
AAAGTCGACCCTCAGT-1,0.050613,0.11098,0.046137,0.041991,0.095061,0.398144,0.013841,0.243233
AAAGTGCCATCAATTA-1,0.05387,0.02834,0.258423,0.218894,0.042829,0.08654,0.12034,0.190764
AAAGTGTGATTTATCT-1,0.000052,0.850045,0.000052,0.000052,0.000104,0.004892,0.1447,0.000104
AAAGTTGACTCCCGTA-1,0.030794,0.002588,0.000032,0.000032,0.644811,0.023795,0.019832,0.278117
AAATAAGGTAGTGCCC-1,0.000024,0.390773,0.013385,0.000024,0.04401,0.074073,0.018196,0.459515
AAATACCTATAAGCAT-1,0.000025,0.230708,0.05254,0.030998,0.250758,0.166666,0.203786,0.064519
AAATAGCTTAGACTTT-1,0.00701,0.138701,0.136138,0.002117,0.230132,0.054694,0.046368,0.38484
AAATAGGGTGCTATTG-1,0.110677,0.635308,0.036973,0.000045,0.000089,0.011304,0.143246,0.062358
AAATCCGATACACGCC-1,0.035927,0.117118,0.062152,0.457965,0.253973,0.036966,0.031738,0.004162
AAATCGCGGAAGGAGT-1,0.339466,0.000102,0.013129,0.147624,0.0633,0.243685,0.015047,0.177647
AAATCGTGTACCACAA-1,0.011241,0.110763,0.01498,0.026984,0.112475,0.363268,0.057435,0.302854
AAATCTAGCCCTGCTA-1,0.000014,0.114922,0.004529,0.000903,0.388623,0.266858,0.075099,0.14905
AAATCTGCCCGCGTCC-1,0.476606,0.000014,0.004776,0.516756,0.001776,0.000029,0.000014,0.000029
AAATGACTGATCAAAC-1,0.014244,0.007995,0.349391,0.000025,0.00005,0.00005,0.248876,0.379369
AAATGATTCGATCAGC-1,0.000022,0.087024,0.005592,0.002437,0.652295,0.059119,0.001386,0.192124
AAATGCTCGTTACGTT-1,0.000039,0.100113,0.021126,0.000275,0.256968,0.08035,0.000039,0.54109
AAATGGCCCGTGCCCT-1,0.18321,0.133419,0.000048,0.000048,0.041745,0.33588,0.072903,0.232746
AAATGGTCAATGTGCC-1,0.008216,0.384033,0.017015,0.055296,0.054335,0.467888,0.007694,0.005522
AAATGTATCTTATCCC-1,0.024741,0.070795,0.020646,0.081802,0.034251,0.261052,0.046172,0.460541
AAATTAACGGGTAGCT-1,0.000031,0.351604,0.031863,0.000031,0.004228,0.038654,0.09316,0.480429
AAATTAATAAGCGCGA-1,0.033355,0.270064,0.00941,0.007988,0.000054,0.053051,0.051827,0.574251
AAATTACCTATCGATG-1,0.082139,0.505521,0.000095,0.000095,0.198051,0.054335,0.158736,0.001028
AAATTCCAGGTCCAAA-1,0.00002,0.293742,0.01325,0.025858,0.10698,0.229112,0.019593,0.311444
AAATTGATAGTCCTTT-1,0.276139,0.001603,0.000016,0.423769,0.227556,0.053288,0.017599,0.000031
AAATTGGTGAGAAGCA-1,0.000019,0.429918,0.01597,0.033662,0.438693,0.064715,0.000019,0.017004
AAATTTGCGGGTGTGG-1,0.000864,0.000013,0.00675,0.030504,0.445092,0.412954,0.091652,0.012171
AACAACTGGTAGTTGC-1,0.000037,0.054018,0.000037,0.000037,0.000074,0.000074,0.022892,0.92283
AACAATACATTGTCGA-1,0.028375,0.042568,0.011997,0.000029,0.118093,0.134181,0.136761,0.527997
AACAATTACTCTACGC-1,0.073163,0.312646,0.023111,0.045588,0.031661,0.253536,0.035477,0.224817
AACACACGCTCGCCGC-1,0.000033,0.465214,0.010942,0.005321,0.329564,0.105524,0.008543,0.07486
AACACGAGACGCGGCC-1,0.08328,0.123519,0.008976,0.07857,0.195049,0.21769,0.155759,0.137158
AACAGCTGTGTGGCAA-1,0.198674,0.16392,0.002843,0.000027,0.003007,0.440318,0.062442,0.128768
AACAGGATGGGCCGCG-1,0.030029,0.012923,0.009331,0.137527,0.123017,0.602929,0.053479,0.030764
AACAGGTAGTATGGAT-1,0.128753,0.043161,0.047244,0.002317,0.000096,0.045465,0.282204,0.45076
AACATAGCGTGTATCG-1,0.190464,0.22698,0.235638,0.007335,0.121334,0.046803,0.060686,0.11076
AACATATCAACTGGTG-1,0.000037,0.495333,0.014518,0.043236,0.229949,0.058005,0.000037,0.158885
AACATCGATACGTCTA-1,0.000025,0.399466,0.027952,0.000042,0.488212,0.010605,0.000052,0.073647
AACATTGAAGTTGATC-1,0.514608,0.108216,0.000054,0.000054,0.000108,0.038681,0.000638,0.337642
AACATTGTGACTCGAG-1,0.040202,0.017138,0.010968,0.160938,0.070653,0.226487,0.368135,0.105478
AACCAAGACTTCTCTG-1,0.046307,0.216604,0.028651,0.147999,0.230466,0.324578,0.001137,0.004258
AACCATAGGGTTGAAC-1,0.6798,0.160807,0.00006,0.00006,0.00012,0.00012,0.00006,0.158973
AACCATGGGATCGCTA-1,0.000023,0.073392,0.012422,0.000023,0.690141,0.009002,0.000567,0.214431
AACCCAGAGACGGAGA-1,0.000012,0.000538,0.000012,0.000133,0.989325,0.008837,0.000012,0.00113
AACCCATCCCATGATC-1,0.419077,0.05255,0.00008,0.00008,0.00016,0.00016,0.00008,0.527813
AACCCGACAACCCGTG-1,0.020427,0.195903,0.103309,0.000026,0.000051,0.06257,0.282915,0.3348
AACCCGAGCAGAATCG-1,0.010227,0.310324,0.177259,0.067727,0.017778,0.090719,0.180176,0.14579
AACCCGATAGGGCTTC-1,0.063859,0.331553,0.044355,0.000069,0.000139,0.000139,0.000069,0.559817
AACCCGCTGTATTCCA-1,0.049785,0.000027,0.551272,0.005046,0.000053,0.000053,0.294132,0.099633
AACCCTACTGTCAATA-1,0.045156,0.193139,0.011318,0.13739,0.596069,0.016875,0.000017,0.000035
AACCGAGCTTGGTCAT-1,0.012486,0.722043,0.000083,0.000083,0.000166,0.000166,0.000083,0.264888
AACCGCTAAGGGATGC-1,0.18666,0.317303,0.000033,0.000033,0.174523,0.227595,0.002498,0.091354
AACCTCGCTTTAGCCC-1,0.042639,0.506021,0.037704,0.000053,0.073663,0.000107,0.142368,0.197444
AACCTGTCACGGAATT-1,0.000028,0.028383,0.010502,0.00566,0.09033,0.182229,0.016707,0.66616
AACCTTTAAATACGGT-1,0.057517,0.090408,0.018978,0.083992,0.290801,0.048246,0.336156,0.073901
AACGAAAGTCGTCCCA-1,0.473518,0.000067,0.000067,0.000067,0.000135,0.000135,0.043308,0.482704
AACGACCTCCTAGCCG-1,0.019937,0.001998,0.238222,0.429299,0.02786,0.023803,0.065423,0.193458
AACGATAATGCCGTAG-1,0.000027,0.148368,0.005932,0.001293,0.340348,0.057763,0.246758,0.199513
AACGATAGAAGGGCCG-1,0.019404,0.776931,0.000062,0.000062,0.000125,0.000125,0.000062,0.203228
AACGCATGATCTGGGT-1,0.000067,0.481453,0.000067,0.000067,0.000134,0.000134,0.000067,0.518013
AACGCGAACGGCAACA-1,0.036923,0.769097,0.004604,0.041051,0.116104,0.03212,0.000033,0.000067
AACGCGACCTTGGGCG-1,0.031843,0.237468,0.139283,0.068996,0.033028,0.141719,0.226606,0.121057
AACGCGGTCTCCAGCC-1,0.009132,0.535818,0.000075,0.000075,0.082862,0.028527,0.000075,0.343435
AACGCTGTTGCTGAAA-1,0.00004,0.276722,0.00004,0.00004,0.246363,0.118957,0.038685,0.319155
AACGGACGTACGTATA-1,0.00006,0.380239,0.00006,0.00006,0.104196,0.004073,0.017333,0.49398
AACGGCCATCTCCGGT-1,0.083832,0.080312,0.029325,0.090771,0.192106,0.294072,0.122041,0.107541
AACGTACTGTGGGTAC-1,0.001981,0.033247,0.073291,0.171977,0.218671,0.381231,0.057081,0.062521
AACGTCAGACTAGTGG-1,0.000033,0.172784,0.000033,0.000033,0.023506,0.001733,0.004913,0.796964
AACGTCATCCGGCTTG-1,0.031738,0.093671,0.548942,0.000026,0.000052,0.000052,0.286301,0.039218
AACGTCGCTGCACTTC-1,0.003999,0.125855,0.515081,0.081961,0.033602,0.09723,0.12919,0.013081
AACGTGCGAAAGTCTC-1,0.000028,0.568502,0.048886,0.000028,0.257071,0.012425,0.013625,0.099435
AACGTTATCAGCACCT-1,0.042161,0.063853,0.038382,0.056605,0.082244,0.25401,0.065782,0.396963
AACGTTCTACCATTGT-1,0.048925,0.000014,0.311488,0.380251,0.046089,0.080789,0.095806,0.036639
AACTACCCGTTTGTCA-1,0.013046,0.260857,0.026428,0.013303,0.072292,0.368145,0.203415,0.042513
AACTAGGCTTGGGTGT-1,0.000042,0.006453,0.000042,0.000042,0.000084,0.000084,0.167948,0.825304
AACTCAAGTTAATTGC-1,0.004476,0.115742,0.03307,0.013959,0.069562,0.390357,0.070987,0.301847
AACTCCAGAGCGTGTT-1,0.000071,0.208804,0.010747,0.000071,0.037447,0.000141,0.096229,0.646491
AACTCGATGGCGCAGT-1,0.000032,0.136633,0.000032,0.000032,0.657191,0.012813,0.000032,0.193233
AACTCTCAATAGAGCG-1,0.039285,0.540754,0.000072,0.000072,0.002821,0.01718,0.007486,0.392329
AACTCTCAGTGTGCTC-1,0.23657,0.080978,0.000025,0.000025,0.015275,0.40787,0.021939,0.23732
AACTGAGGTCAGCGTC-1,0.123689,0.875885,0.000047,0.000047,0.000095,0.000095,0.000047,0.000095
AACTGAGTTATACTGA-1,0.052041,0.040007,0.443973,0.129095,0.061141,0.049563,0.031739,0.192441
AACTGGGTCCCGACGT-1,0.117992,0.770146,0.000063,0.000063,0.000126,0.000126,0.000063,0.111421
AACTTCTGCGTCTATC-1,0.11012,0.188112,0.01307,0.001422,0.083166,0.153342,0.025799,0.42497
AACTTGCCCGTATGCA-1,0.013662,0.229842,0.004048,0.117244,0.026234,0.478188,0.079354,0.051427
AACTTGCGTTCTCGCG-1,0.000032,0.087087,0.016634,0.021999,0.531348,0.030362,0.003288,0.309249
AACTTTACGGGAGCTT-1,0.056362,0.16514,0.000591,0.011098,0.078136,0.330655,0.037729,0.320289
AACTTTCTCGATCATG-1,0.060679,0.155915,0.225387,0.01911,0.072445,0.204402,0.011622,0.250441
AAGAAAGTTTGATGGG-1,0.984878,0.000049,0.014681,0.000049,0.000098,0.000098,0.000049,0.000098
AAGAAATCACCAGATT-1,0.003468,0.008139,0.185806,0.155296,0.323552,0.257014,0.009394,0.05733
AAGAAGGATCAGTTAG-1,0.000013,0.000013,0.000013,0.011617,0.982734,0.005571,0.000013,0.000026
AAGACATACGTGGTTT-1,0.017414,0.050756,0.586889,0.170077,0.076475,0.0523,0.017389,0.028701
AAGACCAAATAACTCA-1,0.615712,0.14071,0.003358,0.000036,0.000073,0.002311,0.011903,0.225895
AAGACCCAACTGAACA-1,0.028143,0.072762,0.015149,0.119683,0.093017,0.299068,0.332879,0.0393
AAGACTGCAAGCTACT-1,0.00002,0.324463,0.015447,0.007726,0.329653,0.215138,0.013329,0.094224
AAGAGATGAATCGGTA-1,0.007691,0.143976,0.006441,0.139262,0.281434,0.297782,0.003794,0.119621
AAGAGCTCTTTATCGG-1,0.057303,0.625412,0.000066,0.000066,0.114203,0.103894,0.000066,0.098988
AAGAGGATGTACGCGA-1,0.012155,0.055391,0.022975,0.054578,0.190662,0.300529,0.012662,0.351048
AAGAGGCATGGATCGC-1,0.034334,0.698848,0.017851,0.000067,0.000134,0.000134,0.000067,0.248564
AAGAGGCCCTTTGGAA-1,0.081722,0.007628,0.001242,0.084388,0.018428,0.644395,0.162165,0.000032
AAGATGGCACCGGACC-1,0.105315,0.134197,0.010748,0.001849,0.015616,0.44996,0.200457,0.081857
AAGCACCCTGCGTATC-1,0.000025,0.020072,0.00371,0.011038,0.464941,0.061099,0.234705,0.20441
AAGCATACTCTCCTGA-1,0.00152,0.048969,0.032252,0.038784,0.212837,0.066588,0.487532,0.111517
AAGCCACTTGCAGGTA-1,0.283674,0.000035,0.474724,0.035528,0.000071,0.000071,0.068824,0.137073
AAGCCGAAGCGGTTTA-1,0.000032,0.125855,0.008267,0.000032,0.131797,0.058345,0.190563,0.48511
AAGCCGCCGTGAAATC-1,0.450574,0.012726,0.000026,0.01267,0.08669,0.361316,0.05576,0.020238
AAGCCGCTTTACCTTG-1,0.000028,0.187846,0.319185,0.005665,0.022451,0.013342,0.006897,0.444586
AAGCCGGAGAGCAGGA-1,0.037592,0.007092,0.102158,0.338559,0.070538,0.173372,0.153793,0.116896
AAGCGCAGGGCTTTGA-1,0.045556,0.018643,0.091385,0.031516,0.488828,0.142684,0.146316,0.035072
AAGCGGAGTGCGCGCA-1,0.000026,0.392663,0.225334,0.007833,0.287514,0.020722,0.000026,0.065883
AAGCGTCCCTCATCGA-1,0.118169,0.013305,0.001887,0.037491,0.245698,0.221575,0.314223,0.047651
AAGCTAGATCGAGTAA-1,0.000036,0.056906,0.007342,0.007376,0.222109,0.250729,0.36095,0.094552
AAGCTATGGATTGACC-1,0.674741,0.195357,0.059435,0.070186,0.00008,0.00008,0.00004,0.00008
AAGCTCGTGCCAAGTC-1,0.000047,0.239234,0.000047,0.000047,0.322926,0.010088,0.001019,0.426594
AAGCTCTTTCATGGTG-1,0.104868,0.443754,0.000066,0.000066,0.011482,0.000133,0.019603,0.420028
AAGGAGCGGTTGGTGC-1,0.000037,0.026812,0.000037,0.000037,0.125514,0.043901,0.183496,0.620165
AAGGATCGATCGCTTG-1,0.087866,0.220309,0.034994,0.102282,0.215445,0.200591,0.132343,0.00617
AAGGCAGGCTGTCTCC-1,0.032435,0.000301,0.086966,0.249852,0.151878,0.189955,0.076197,0.212416
AAGGCGCGTAAAGCTT-1,0.000027,0.046374,0.008281,0.000027,0.00273,0.039854,0.018466,0.884241
AAGGCTGTGCTCATCG-1,0.074992,0.110761,0.007888,0.02743,0.161333,0.238638,0.073483,0.305475
AAGGGAACGACTGGCT-1,0.753968,0.238286,0.000032,0.000032,0.000064,0.005307,0.000032,0.00228
AAGGGACAGATTCTGT-1,0.000125,0.135181,0.000125,0.000125,0.498728,0.145595,0.000125,0.219997
AAGGGACTATGCATTC-1,0.589263,0.312906,0.000043,0.000043,0.000086,0.000204,0.000043,0.097411
AAGGGTTAGCCATGCG-1,0.171569,0.028979,0.461286,0.139014,0.003934,0.075873,0.035197,0.084148
AAGGGTTTGATTTCAG-1,0.612653,0.000022,0.155491,0.212988,0.018731,0.000047,0.000022,0.000045
AAGGTGATAAACCAGC-1,0.069851,0.583571,0.005878,0.000071,0.009599,0.001076,0.193326,0.136627
AAGTAGAAGACCGGGT-1,0.011829,0.051861,0.001817,0.04056,0.670235,0.190767,0.004527,0.028403
AAGTAGTGACGCGAGG-1,0.039577,0.07253,0.000014,0.419023,0.142829,0.296575,0.029426,0.000027
AAGTCAATTGTCGTCA-1,0.000036,0.036394,0.050856,0.027963,0.301755,0.022058,0.122017,0.438921
AAGTCTAGTAGCTGCC-1,0.038575,0.030464,0.184484,0.169103,0.30286,0.071919,0.009725,0.19287
AAGTCTTCTGTGGCCT-1,0.140358,0.000025,0.024465,0.104645,0.183893,0.284018,0.023841,0.238753
AAGTGACGACCGAATT-1,0.015246,0.077064,0.032869,0.031894,0.150805,0.508994,0.051022,0.132106
AAGTGAGTCGGGTTTA-1,0.275418,0.26704,0.000032,0.000032,0.000063,0.033787,0.067912,0.355717
AAGTGCAAAGGTAGAC-1,0.007165,0.075426,0.042654,0.14671,0.106141,0.482139,0.01248,0.127285
AAGTGCCTTGACTGTA-1,0.040721,0.142397,0.052781,0.004224,0.199625,0.033486,0.137034,0.389732
AAGTGCGTTAGAATCT-1,0.037223,0.044585,0.000029,0.000029,0.157912,0.292869,0.163924,0.303431
AAGTGCTTCTCTATTG-1,0.128699,0.046914,0.230564,0.021262,0.019866,0.182155,0.298035,0.072506
AAGTGTTTGGAGACGG-1,0.010671,0.252435,0.000055,0.000055,0.171431,0.000813,0.015788,0.548751
AAGTTCACTCCAAGCT-1,0.037883,0.255464,0.019292,0.060275,0.454396,0.104876,0.037113,0.030701
AAGTTCAGTCTGCGTA-1,0.000059,0.946337,0.000059,0.000059,0.000118,0.000118,0.000059,0.05319
AAGTTCGGCCAACAGG-1,0.000046,0.011576,0.015002,0.055196,0.297734,0.312994,0.025258,0.282193
AAGTTGTGATGTTATA-1,0.00002,0.078713,0.302219,0.063674,0.108955,0.070416,0.129461,0.246542
AAGTTTATGGGCCCAA-1,0.003354,0.066257,0.176251,0.047681,0.204965,0.093553,0.208874,0.199066
AATAACAACGCTCGGC-1,0.064509,0.0358,0.01518,0.017715,0.13141,0.303105,0.0348,0.397482
AATAACACTAGAACAA-1,0.122212,0.029082,0.049158,0.063823,0.05125,0.39672,0.178641,0.109115
AATAACGTCGCGCCCA-1,0.030037,0.048259,0.246971,0.497092,0.075985,0.014401,0.01847,0.068785
AATAATCTTCGTATCG-1,0.031704,0.360199,0.31568,0.089917,0.000582,0.097519,0.042368,0.062031
AATACAATGTTTCAGG-1,0.000032,0.315936,0.017718,0.000032,0.022428,0.059132,0.00245,0.582271
AATACCGGAGGGCTGT-1,0.077246,0.095054,0.119898,0.008342,0.058432,0.255275,0.285734,0.100019
AATACCTGATGTGAAC-1,0.003649,0.014364,0.35135,0.082735,0.202839,0.029793,0.048895,0.266376
AATAGAACAGAGTGGC-1,0.011659,0.131106,0.010478,0.02808,0.012447,0.065554,0.120495,0.62018
AATAGAATCTGTTTCA-1,0.07764,0.210576,0.048403,0.009422,0.317496,0.000224,0.132529,0.203709
AATAGCAAGCCTCCTG-1,0.06162,0.337886,0.000316,0.01064,0.296281,0.000631,0.291994,0.000631
AATAGCTACCGCGTGC-1,0.000027,0.021434,0.018928,0.003705,0.514902,0.052183,0.000027,0.388796
AATAGGCACGACCCTT-1,0.147493,0.000025,0.521048,0.14059,0.002876,0.000636,0.185775,0.001556
AATAGTCCGTCCCGAC-1,0.000031,0.2301,0.00259,0.000031,0.000061,0.027447,0.087839,0.651902
AATAGTCGCGAGTCGG-1,0.001202,0.574609,0.013685,0.069906,0.027936,0.197316,0.001127,0.114217
AATATCAAGGTCGGAT-1,0.05108,0.393502,0.00016,0.00016,0.156404,0.158368,0.054456,0.185869
AATATCCTAGCAAACT-1,0.090594,0.000054,0.000054,0.000054,0.023162,0.210414,0.000054,0.675613
AATATCGAATCAATGC-1,0.000029,0.07464,0.012776,0.045923,0.182133,0.258308,0.157329,0.268864
AATATCGAGGGTTCTC-1,0.000055,0.219945,0.000055,0.000055,0.406927,0.00011,0.000055,0.372798
AATATTGGAGTATTGA-1,0.248316,0.098914,0.00003,0.00003,0.027005,0.487016,0.000597,0.138092
AATCAGGTTTCATTTA-1,0.419895,0.371933,0.036809,0.014178,0.000058,0.08043,0.076638,0.000058
AATCATGTAAAGACTC-1,0.000026,0.117033,0.006761,0.000026,0.545825,0.027468,0.019841,0.283022
AATCCAAGGGCCTGAG-1,0.03252,0.633936,0.000057,0.000057,0.267233,0.014445,0.000057,0.051696
AATCCATGCAAGGGTG-1,0.131417,0.598498,0.004608,0.000055,0.000111,0.000111,0.000055,0.265145
AATCCCGCTCAGAGCC-1,0.423922,0.070613,0.358433,0.039012,0.000042,0.024402,0.083535,0.000042
AATCGAGGTCTCAAGG-1,0.008316,0.367926,0.455679,0.015637,0.009514,0.000577,0.063926,0.078424
AATCGCCTCAGCGCCA-1,0.000093,0.463405,0.000093,0.000093,0.050819,0.000186,0.005776,0.479536
AATCGCGCAGAGGACT-1,0.000023,0.067698,0.050953,0.033416,0.061228,0.271956,0.104697,0.41003
AATCGGTATAGCCCTC-1,0.024517,0.134423,0.560332,0.129874,0.012732,0.083794,0.03538,0.018948
AATCGTGAGCCGAGCA-1,0.07961,0.563832,0.113138,0.011767,0.014104,0.044603,0.056474,0.116472
AATCTAGGTTTACTTG-1,0.494075,0.447036,0.000045,0.000045,0.00009,0.058572,0.000045,0.00009
AATCTATGCCGGAGCC-1,0.000036,0.391257,0.128713,0.000036,0.167421,0.013725,0.029999,0.268813
AATCTCTACTGTGGTT-1,0.028952,0.194388,0.093057,0.088797,0.094188,0.274616,0.013413,0.212589
AATCTGCGTTGGGACG-1,0.292055,0.468345,0.000091,0.000091,0.000183,0.093383,0.000091,0.145759
AATCTGGCTTTCTAGT-1,0.454834,0.242077,0.000044,0.000044,0.004488,0.20574,0.034107,0.058666
AATGACAGCAATGTCT-1,0.558908,0.171062,0.000026,0.000026,0.000052,0.184289,0.000026,0.085611
AATGACGTAGGATGTC-1,0.000052,0.21583,0.001583,0.000052,0.179833,0.013629,0.028886,0.560135
AATGACTGTCAGCCGG-1,0.000021,0.002533,0.002167,0.003569,0.444466,0.326556,0.098894,0.121795
AATGAGTTCGCATATG-1,0.000016,0.010863,0.000197,0.025852,0.851098,0.110027,0.000016,0.001933
AATGATGCGACTCCTG-1,0.000063,0.591284,0.070433,0.000063,0.014306,0.000125,0.000063,0.323663
AATGCAACCGGGTACC-1,0.000015,0.057557,0.000015,0.018955,0.817787,0.104393,0.001248,0.00003
AATGGCCGCCAATGCG-1,0.141786,0.478699,0.090625,0.000084,0.000168,0.000168,0.000084,0.288386
AATGGTCCACCGTTCA-1,0.047344,0.045012,0.000012,0.438325,0.233664,0.221664,0.000012,0.013967
AATGGTTCTCACAAGC-1,0.000032,0.059485,0.023604,0.001681,0.419751,0.042544,0.006498,0.446405
AATGTATGGCACTGTA-1,0.751553,0.000051,0.008607,0.000051,0.000101,0.000101,0.006213,0.233323
AATGTGCCCGAGGTGT-1,0.228108,0.000046,0.000046,0.003499,0.12908,0.224939,0.124283,0.289998
AATGTGCTAATCTGAG-1,0.187861,0.184608,0.024153,0.022844,0.055104,0.377906,0.011978,0.135546
AATGTTAAGACCCTGA-1,0.017852,0.528512,0.378326,0.000032,0.000064,0.000064,0.028487,0.046661
AATGTTGTCGTGAGAC-1,0.063566,0.002707,0.298768,0.132747,0.128922,0.132116,0.177152,0.064022
AATTAAAGGTCGGCGT-1,0.000019,0.142548,0.004122,0.07209,0.159069,0.337612,0.017664,0.266878
AATTAACGGATTTCCA-1,0.000035,0.175963,0.000131,0.000035,0.011086,0.004647,0.336778,0.471324
AATTACGAGACCCATC-1,0.621893,0.000061,0.000061,0.000061,0.000123,0.000123,0.000061,0.377615
AATTACTCGTACGCTC-1,0.050399,0.3359,0.039696,0.090408,0.31197,0.134792,0.000042,0.036793
AATTAGCGCTGCAGCG-1,0.00003,0.104678,0.025033,0.002652,0.221751,0.214956,0.215116,0.215785
AATTATACCCAGCAAG-1,0.0696,0.138061,0.322873,0.083341,0.226881,0.00096,0.092368,0.065916
AATTCATTGTCATGCA-1,0.722365,0.275964,0.001248,0.000053,0.000106,0.000106,0.000053,0.000106
AATTCCAAGCATGTAC-1,0.000032,0.076111,0.040775,0.000032,0.000203,0.071526,0.345251,0.466071
AATTCGATTCGAGGAT-1,0.013138,0.126966,0.124767,0.008997,0.238591,0.005106,0.274331,0.208106
AATTCTAGAGTTAGGC-1,0.086608,0.145755,0.004889,0.000041,0.004954,0.238215,0.151759,0.36778
AATTGAACGCTCTGGT-1,0.183073,0.469684,0.000075,0.000075,0.000149,0.000149,0.046892,0.299904
AATTGCAGCAATCGAC-1,0.000024,0.102047,0.201299,0.037334,0.251668,0.028083,0.091014,0.288532
AATTGCGTGGATTACA-1,0.706493,0.000066,0.120727,0.000066,0.000132,0.000132,0.000066,0.172317
AATTGTGGTTGCCAAA-1,0.000525,0.007183,0.715836,0.037246,0.000288,0.012552,0.045286,0.181085
ACAAACCATGCGTCCT-1,0.542485,0.454767,0.000034,0.000034,0.000068,0.002342,0.000034,0.000236
ACAAACTCCATCAGAG-1,0.191219,0.000027,0.376049,0.00331,0.000053,0.000053,0.385886,0.043403
ACAAAGAAGGTAGGCC-1,0.335657,0.21601,0.000023,0.000023,0.085462,0.306097,0.000023,0.056705
ACAAAGCATGACCTAG-1,0.007532,0.135133,0.234262,0.021414,0.427218,0.00629,0.038825,0.129326
ACAAATCGCACCGAAT-1,0.000053,0.539427,0.000053,0.000053,0.109099,0.018095,0.000637,0.332584
ACAAATGGTAGTGTTT-1,0.04274,0.49678,0.050112,0.011568,0.159688,0.067416,0.006007,0.165689
ACAACAGCATGAGCTA-1,0.000038,0.583591,0.005115,0.000038,0.246796,0.011077,0.015781,0.137563
ACAACGGTCCCTGCGA-1,0.001052,0.116614,0.004238,0.2376,0.377472,0.259269,0.000011,0.003744
ACAAGCAGTGCCTAGC-1,0.072298,0.173344,0.042241,0.096146,0.102898,0.49319,0.014674,0.005209
ACAAGCTATATGGAAG-1,0.041851,0.000025,0.000025,0.000025,0.137982,0.289801,0.014508,0.515783
ACAAGGAAATCCGCCC-1,0.000018,0.000019,0.001514,0.005774,0.953401,0.012621,0.016942,0.009711
ACAAGGACAAGAGGTT-1,0.000011,0.161663,0.006426,0.132511,0.175284,0.506053,0.008483,0.009568
ACAAGGATGCTTTAGG-1,0.207659,0.028011,0.266294,0.066293,0.419468,0.000149,0.000075,0.012051
ACAAGGGCAGGCTCTG-1,0.000039,0.222079,0.001313,0.000039,0.254413,0.005044,0.059921,0.457152
ACAAGTAATTGTAAGG-1,0.763822,0.001201,0.231469,0.003237,0.000077,0.000077,0.000039,0.000077
ACAATAGTCGTACGTT-1,0.003703,0.026761,0.002839,0.06914,0.343033,0.445599,0.061229,0.047696
ACAATCCATTTAAACC-1,0.024155,0.029117,0.002535,0.231538,0.20274,0.451679,0.024892,0.033343
ACAATGAATACGGAGA-1,0.124608,0.01374,0.000037,0.000037,0.042949,0.21369,0.1443,0.460641
ACAATGATTCTTCTAC-1,0.108361,0.890987,0.000072,0.000072,0.000145,0.000145,0.000072,0.000145
ACAATTGTGTCTCTTT-1,0.011837,0.064487,0.039832,0.00867,0.754786,0.056166,0.048488,0.015734
ACAATTTAGGAGGCTC-1,0.186816,0.149233,0.071027,0.045059,0.012412,0.30471,0.220245,0.010497
ACAATTTGAGCAGTGG-1,0.072463,0.292744,0.000091,0.000091,0.298873,0.055511,0.024951,0.255276
ACAATTTGGCCATATT-1,0.01937,0.025734,0.110778,0.497683,0.050111,0.147378,0.025713,0.123233
ACACAAAGACGGGTGG-1,0.000021,0.171208,0.018832,0.000021,0.462749,0.086496,0.045874,0.214798
ACACAAATATTCCTAG-1,0.000026,0.111387,0.207632,0.061309,0.245676,0.003212,0.001848,0.36891
ACACACCAGGACCAGT-1,0.140491,0.267419,0.008185,0.000099,0.239867,0.041117,0.00231,0.300512
ACACATGATCAAATCT-1,0.616362,0.066609,0.000037,0.011669,0.036562,0.26865,0.000037,0.000074
ACACATTGACGCAACA-1,0.047631,0.950238,0.000068,0.000068,0.000135,0.000135,0.000068,0.001657
ACACATTTCCGTAGAC-1,0.009278,0.105064,0.481328,0.022213,0.011633,0.01028,0.331132,0.029071
ACACCACATAATTAGC-1,0.000019,0.146249,0.00351,0.000019,0.130148,0.445623,0.050676,0.223756
ACACCCAGCATGCAGC-1,0.021769,0.115701,0.013627,0.230703,0.286087,0.107357,0.019459,0.205297
ACACCCGAGAAATCCG-1,0.000025,0.677636,0.00055,0.010807,0.165169,0.072593,0.002391,0.070828
ACACCCGTAAATCTGT-1,0.25336,0.409856,0.219738,0.012167,0.00011,0.00011,0.009233,0.095426
ACACCGAGCGCTCTTT-1,0.000041,0.044194,0.001098,0.000041,0.097199,0.00074,0.000041,0.856645
ACACCGGTCTGACCGC-1,0.885212,0.000063,0.000063,0.000063,0.000127,0.000127,0.000063,0.114281
ACACCTTAAGTAGGGC-1,0.008035,0.110577,0.006255,0.000028,0.036076,0.079465,0.171748,0.587816
ACACCTTACTACTTGC-1,0.000026,0.376342,0.013968,0.000026,0.018475,0.088195,0.168717,0.33425
ACACGAGACTCCTTCT-1,0.017511,0.029693,0.034586,0.047895,0.53492,0.009062,0.004734,0.321598
ACACGGGAACTTAGGG-1,0.000083,0.49022,0.000083,0.000083,0.000167,0.000167,0.000083,0.509112
ACACGTAGGCCACAAG-1,0.000023,0.25989,0.194979,0.038338,0.029862,0.218117,0.170733,0.088059
ACACTCCAATGTCACT-1,0.000032,0.123866,0.06716,0.000032,0.236788,0.128435,0.000643,0.443044
ACACTGATCAAGGTGT-1,0.011618,0.1027,0.019532,0.00164,0.001215,0.243547,0.096127,0.52362
ACACTGGGACAGTCGT-1,0.004141,0.001081,0.138978,0.182562,0.206294,0.092771,0.160415,0.213758
ACAGAACTGAGAACAA-1,0.15522,0.146421,0.000038,0.000038,0.054727,0.189737,0.084348,0.369471
ACAGCGACATTCTCAT-1,0.021188,0.034966,0.075707,0.008448,0.453315,0.040316,0.265122,0.100938
ACAGGCACGGATCCTT-1,0.008757,0.000018,0.261398,0.054465,0.615658,0.030558,0.021083,0.008063
ACAGGCTTGCCCGACT-1,0.165109,0.042745,0.111723,0.249145,0.330295,0.017081,0.029302,0.054599
ACAGGTGGAGGTGAGG-1,0.033374,0.095666,0.004626,0.006633,0.049803,0.292543,0.21994,0.297417
ACAGGTGTGTTGTTGC-1,0.136493,0.237113,0.008528,0.000029,0.01346,0.207592,0.000029,0.396756
ACAGTAATACAACTTG-1,0.142761,0.182654,0.000037,0.000037,0.005951,0.158336,0.008311,0.501912
ACAGTATACCGTGGGA-1,0.000019,0.062184,0.098843,0.040315,0.597482,0.099691,0.012525,0.088942
ACATAAGTCGTGGTGA-1,0.447419,0.010987,0.039535,0.124231,0.292831,0.05087,0.034053,0.000075
ACATAATAAGGCGGTG-1,0.057594,0.661832,0.015957,0.053496,0.056883,0.041711,0.027794,0.084734
ACATACAATCAAGCGG-1,0.042667,0.013658,0.372202,0.072549,0.345021,0.003488,0.019202,0.131214
ACATCAGCTGGGACGC-1,0.070074,0.122269,0.015229,0.009655,0.007256,0.142672,0.036515,0.59633
ACATCCCGGCCATACG-1,0.059304,0.138371,0.00087,0.000029,0.000344,0.176023,0.196853,0.428206
ACATCCTGGTAACTGT-1,0.003769,0.13632,0.036199,0.012978,0.608754,0.117562,0.01443,0.069987
ACATCGATCGTTTACC-1,0.000032,0.007323,0.000032,0.000364,0.191885,0.340749,0.307315,0.1523
ACATCGCAATATTCGG-1,0.643457,0.000043,0.147295,0.172213,0.000086,0.000086,0.036733,0.000086
ACATCGGTCAGCCGCG-1,0.000019,0.170081,0.005603,0.012505,0.171122,0.447106,0.006367,0.187198
ACATCGTATGCAATGG-1,0.000081,0.445335,0.000081,0.000081,0.000161,0.000161,0.000081,0.55402
ACATGCTTACGGCAGC-1,0.99954,0.000046,0.000046,0.000046,0.000092,0.000092,0.000046,0.000092
ACATGGCGCCAAAGTA-1,0.000025,0.136199,0.016248,0.000025,0.332532,0.040485,0.101173,0.373313
ACATGGCTCAATTTAG-1,0.000095,0.698583,0.000095,0.000095,0.092574,0.015283,0.000095,0.193179
ACATTAGTTTATATCC-1,0.034127,0.26232,0.044135,0.043827,0.02182,0.135828,0.400388,0.057556
ACATTCGCGCGGAATA-1,0.622227,0.089049,0.21868,0.00004,0.00008,0.00008,0.00004,0.069804
ACATTTGAAACCTAAC-1,0.056817,0.069454,0.2871,0.236124,0.324447,0.008118,0.004878,0.013063
ACCAAACACCCAGCGA-1,0.000021,0.027429,0.003495,0.000271,0.621719,0.035816,0.004241,0.307007
ACCAACACCACACACT-1,0.000031,0.214345,0.02292,0.000031,0.399705,0.008009,0.007869,0.34709
ACCAACCGCACTCCAC-1,0.004417,0.141729,0.146043,0.042054,0.457605,0.036073,0.085859,0.08622
ACCAACGCTTATTTAT-1,0.001368,0.141799,0.042315,0.010793,0.004675,0.24536,0.262759,0.290931
ACCAAGAACGCGTGTC-1,0.000029,0.170074,0.003283,0.008258,0.624921,0.005762,0.016535,0.171136
ACCAAGTCATCGGCAG-1,0.000019,0.12352,0.351966,0.060144,0.073464,0.08488,0.247794,0.058212
ACCAATATGCAAGTTA-1,0.000052,0.12683,0.000052,0.000052,0.090038,0.000105,0.042463,0.740407
ACCACAAGTTTCTATC-1,0.056677,0.050967,0.057321,0.040115,0.209644,0.187872,0.132947,0.264458
ACCACACGGTTGATGG-1,0.000045,0.189443,0.259928,0.000045,0.000089,0.000089,0.173624,0.376737
ACCACCAATGTAACAA-1,0.027801,0.496546,0.072425,0.004319,0.009049,0.008622,0.274901,0.106336
ACCACCCTCTCTTCTA-1,0.000017,0.002799,0.057393,0.073853,0.316881,0.371888,0.013077,0.164092
ACCACGTGCAGCTATA-1,0.011381,0.057546,0.000024,0.117827,0.710784,0.06943,0.032976,0.000033
ACCACTGTTCAAGAAG-1,0.012203,0.201872,0.000073,0.000073,0.291296,0.000147,0.000073,0.494262
ACCAGACCATAACAAC-1,0.077217,0.000016,0.003146,0.124643,0.203321,0.293367,0.062481,0.235808
ACCAGTGCGGGAGACG-1,0.000059,0.24135,0.000059,0.000059,0.126037,0.000118,0.00509,0.627226
ACCATATCCGCAATAA-1,0.025572,0.195206,0.021313,0.07199,0.048511,0.200796,0.278508,0.158104
ACCATCCGCCAACTAG-1,0.117852,0.01677,0.008455,0.047599,0.290752,0.381879,0.082081,0.054612
ACCATCGTATATGGTA-1,0.000025,0.032982,0.00075,0.030035,0.070806,0.450192,0.041354,0.373856
ACCATTAAGGGTGTCA-1,0.000037,0.043874,0.000268,0.000037,0.59846,0.053863,0.000037,0.303424
ACCCAACGCCCGTGGC-1,0.127434,0.046536,0.019707,0.000082,0.336519,0.000163,0.167729,0.30183
ACCCACCTACATGCTC-1,0.04786,0.000698,0.018242,0.143056,0.242623,0.24693,0.049984,0.250607
ACCCATCTTGAGGGTA-1,0.085716,0.046155,0.023035,0.02214,0.033465,0.463437,0.02194,0.304111
ACCCATTTGTCCCTCT-1,0.029739,0.119976,0.240363,0.099129,0.294737,0.061452,0.127691,0.026913
ACCCGAGCGAAATTAC-1,0.389162,0.006617,0.000041,0.000041,0.000082,0.158488,0.071967,0.373602
ACCCGATTGGTTCCGA-1,0.211047,0.011574,0.065597,0.298935,0.057246,0.043919,0.311616,0.000066
ACCCGGAAACTCCCAG-1,0.017881,0.328571,0.046012,0.062961,0.010489,0.080864,0.453167,0.000055
ACCCGGAGCACCACAA-1,0.143331,0.000011,0.031725,0.77717,0.003077,0.006362,0.038301,0.000023
ACCCGGATGACGCATC-1,0.00003,0.113909,0.00003,0.00003,0.418672,0.011467,0.00003,0.455831
ACCCGGTTACACTTCC-1,0.000017,0.04178,0.001911,0.118215,0.333205,0.444446,0.016053,0.044372
ACCCGTAGCAGAGAAT-1,0.999641,0.000036,0.000036,0.000036,0.000072,0.000072,0.000036,0.000072
ACCCGTAGTCTAGTTG-1,0.081305,0.201406,0.280876,0.332992,0.033473,0.060417,0.008415,0.001116
ACCCGTGTCATCAGTA-1,0.024687,0.185066,0.046573,0.047522,0.057477,0.4809,0.112418,0.045358
ACCCTATAGGACTGAG-1,0.000014,0.073305,0.000014,0.008762,0.902306,0.015559,0.000014,0.000027
ACCCTATGCCATATCG-1,0.062436,0.000037,0.000037,0.000037,0.137289,0.279984,0.142623,0.377559
ACCCTCCCGTCAGGGC-1,0.00407,0.000482,0.251761,0.099045,0.587256,0.010313,0.038873,0.008201
ACCCTCCCTTGCTATT-1,0.058621,0.326583,0.089314,0.000089,0.000178,0.000178,0.024652,0.500386
ACCCTGGTAACGCCCT-1,0.000034,0.060959,0.174379,0.011327,0.248574,0.004241,0.092046,0.40844
ACCCTTGCCTGGGTCG-1,0.000024,0.044377,0.27177,0.070261,0.258595,0.096079,0.001467,0.257428
ACCGAAGAGTCTGGTT-1,0.475951,0.000061,0.000213,0.008815,0.100048,0.10056,0.149234,0.165118
ACCGACACATCTCCCA-1,0.000025,0.230958,0.048747,0.000042,0.117738,0.078355,0.305676,0.218459
ACCGACTGAGTCCCAC-1,0.000025,0.144733,0.000025,0.011861,0.627316,0.139129,0.000025,0.076886
ACCGAGTCTCCTTATT-1,0.06025,0.167428,0.278951,0.000037,0.000073,0.000073,0.021893,0.471295
ACCGATAGGCATAACC-1,0.101113,0.050791,0.045657,0.566694,0.108067,0.096572,0.030829,0.000277
ACCGATATTTAATCAT-1,0.015101,0.000023,0.287632,0.270728,0.011696,0.04539,0.103104,0.266327
ACCGATGGTAGCATCG-1,0.034817,0.440557,0.000064,0.000064,0.332484,0.06637,0.065131,0.060513
ACCGCAATAACTGCCT-1,0.000042,0.628285,0.006706,0.022462,0.075189,0.045738,0.060535,0.161042
ACCGCGGTGGAAGTCG-1,0.011531,0.182933,0.040004,0.016743,0.08238,0.408106,0.164642,0.093662
ACCGCTAGTCATTGGT-1,0.22424,0.000024,0.408372,0.322571,0.010406,0.001367,0.032972,0.000049
ACCGGGCCTTTGTTGA-1,0.000029,0.102706,0.038312,0.012816,0.578095,0.022342,0.152135,0.093565
ACCGGTCAGGTACACC-1,0.803152,0.097089,0.000044,0.000044,0.000087,0.00042,0.000044,0.099122
ACCGTCCACTGGGCCC-1,0.878032,0.000028,0.039514,0.052846,0.011928,0.01351,0.004085,0.000057
ACCGTGACCACGTGGG-1,0.063694,0.000046,0.000146,0.002173,0.149919,0.47614,0.181432,0.126449
ACCTAAGTACCTTTCA-1,0.153374,0.003559,0.001351,0.000027,0.089979,0.454929,0.147558,0.149223
ACCTAATCGACTTCCT-1,0.045559,0.344806,0.020447,0.075948,0.132682,0.35532,0.000015,0.025224
ACCTACAGTATGTGGT-1,0.000028,0.563489,0.013254,0.000028,0.003259,0.063083,0.029978,0.326881
ACCTACTATAAATCTA-1,0.067595,0.182375,0.158799,0.000794,0.000055,0.000055,0.391657,0.198671
ACCTCAGCGAGGCGCA-1,0.000019,0.083509,0.286574,0.186567,0.335094,0.038233,0.050135,0.01987
ACCTCCGCCCTCGCTG-1,0.000027,0.203642,0.21339,0.084262,0.175109,0.099857,0.19869,0.025022
ACCTCCGTTATTCACC-1,0.039138,0.313581,0.107538,0.05079,0.109005,0.174754,0.125579,0.079615
ACCTCGAACTTATGCT-1,0.811425,0.115385,0.012536,0.000032,0.011943,0.011445,0.0006,0.036634
ACCTGCGTGTCATGTT-1,0.114933,0.039903,0.000788,0.042359,0.344554,0.4346,0.019297,0.003567
ACGAAATGGGCGGCAC-1,0.122823,0.191854,0.021185,0.031338,0.017188,0.404844,0.014099,0.196669
ACGACCCATGAGTTGC-1,0.069136,0.280339,0.379822,0.073355,0.011165,0.08849,0.041319,0.056374
ACGACTCTAGGGCCGA-1,0.048955,0.204138,0.305538,0.082505,0.156869,0.012977,0.020091,0.168928
ACGACTGGTCATACTC-1,0.179059,0.040157,0.016322,0.011636,0.199707,0.280661,0.164089,0.108368
ACGAGAACCCATCACG-1,0.462438,0.379137,0.000056,0.000056,0.03629,0.121853,0.000056,0.000113
ACGAGGATACCACTCT-1,0.298186,0.398221,0.004462,0.00005,0.0001,0.013864,0.185047,0.10007
ACGAGGTTTACAACGT-1,0.70424,0.062412,0.000056,0.000056,0.000112,0.051983,0.000056,0.181084
ACGAGTACGGATGCCC-1,0.011559,0.096667,0.038014,0.022583,0.82067,0.010446,0.00002,0.000041
ACGATACCTATCCTGA-1,0.050007,0.000015,0.000273,0.363847,0.303345,0.225361,0.023238,0.033914
ACGATCATACATAGAG-1,0.003321,0.017098,0.000028,0.004348,0.804822,0.064506,0.003096,0.102781
ACGATCATCTTGTAAA-1,0.000029,0.137619,0.000029,0.000029,0.561627,0.002044,0.000029,0.298593
ACGATGCATATGTTAT-1,0.000022,0.05927,0.000058,0.016966,0.178744,0.370093,0.016761,0.358087
ACGCAAACTAATAGAT-1,0.073597,0.254233,0.022441,0.004859,0.002673,0.282958,0.257238,0.102001
ACGCAATCACTACAGC-1,0.000044,0.060182,0.012366,0.000044,0.418391,0.000299,0.019472,0.489202
ACGCATACGTTTACTA-1,0.080465,0.174727,0.049977,0.056061,0.329844,0.171185,0.099943,0.037798
ACGCATTCGTGAGTAC-1,0.01316,0.161565,0.00002,0.011279,0.309345,0.502354,0.00002,0.002257
ACGCCACTCGAAACAG-1,0.013221,0.073308,0.393626,0.01665,0.103103,0.000044,0.221443,0.178605
ACGCCAGTGCGTTTGC-1,0.022072,0.006709,0.234241,0.291312,0.327512,0.070402,0.047244,0.000508
ACGCCGCTAGACGACC-1,0.051372,0.059685,0.007151,0.02116,0.628616,0.191844,0.019081,0.021091
ACGCGAAGTCAGACGA-1,0.04885,0.004821,0.001955,0.024508,0.102931,0.277083,0.279904,0.259948
ACGCGCTACACAGGGT-1,0.051103,0.209926,0.046666,0.051233,0.110922,0.360976,0.079395,0.089779
ACGCGGGCCAAGGACA-1,0.000027,0.094944,0.000027,0.000756,0.159065,0.156461,0.06656,0.522162
ACGCGTTTCTTAAGAG-1,0.123866,0.180325,0.011485,0.029958,0.012807,0.559482,0.00841,0.073666
ACGCTACTGAATGGGC-1,0.02657,0.000018,0.262184,0.365531,0.017713,0.015068,0.162027,0.150888
ACGCTAGTATCAGTGC-1,0.167652,0.271195,0.082408,0.242569,0.235306,0.000348,0.000174,0.000348
ACGCTAGTGATACACT-1,0.000065,0.268506,0.000065,0.000065,0.035971,0.000131,0.007775,0.687421
ACGCTGTGAGGCGTAG-1,0.053331,0.162746,0.025925,0.00353,0.036712,0.330041,0.00131,0.386406
ACGGAACACGAGTGCC-1,0.00002,0.206809,0.463569,0.151113,0.057077,0.019847,0.080271,0.021294
ACGGAATTTAGCAAAT-1,0.000027,0.024363,0.030175,0.048044,0.694695,0.051128,0.005575,0.145993
ACGGACGCAGCGACAA-1,0.99964,0.000036,0.000036,0.000036,0.000072,0.000072,0.000036,0.000072
ACGGACTCTCAAAGCG-1,0.000024,0.015389,0.030639,0.000024,0.433752,0.043958,0.225342,0.250873
ACGGAGCGCAAATTAC-1,0.000034,0.361481,0.028052,0.000034,0.418419,0.014481,0.001278,0.17622
ACGGATGGTGCGGATA-1,0.000045,0.914095,0.007061,0.000045,0.000089,0.000089,0.045972,0.032604
ACGGCACTTGCTTGGG-1,0.022299,0.209128,0.013278,0.000034,0.006466,0.036569,0.451633,0.260592
ACGGCCAACATGGACT-1,0.031238,0.239319,0.020589,0.026898,0.043032,0.163232,0.159268,0.316425
ACGGCGACGATGGGAA-1,0.000033,0.58803,0.011896,0.012389,0.256185,0.043167,0.053356,0.034944
ACGGCTGGATGTAGAA-1,0.558508,0.178022,0.004739,0.000053,0.000105,0.042828,0.200147,0.015598
ACGGGAGTGTCGGCCC-1,0.209798,0.000024,0.000024,0.030312,0.195683,0.358847,0.135055,0.070258
ACGGGCGTATGCGACA-1,0.000014,0.130386,0.001943,0.091062,0.425824,0.34464,0.006093,0.000038
ACGGGTCATGTGACTT-1,0.000031,0.412593,0.000031,0.000031,0.102146,0.004995,0.000031,0.480143
ACGGGTTGTGACCTGT-1,0.959672,0.000026,0.008401,0.031722,0.000051,0.000051,0.000026,0.000051
ACGGTACAGTTCAATG-1,0.000264,0.005695,0.29808,0.079087,0.40793,0.048727,0.121922,0.038295
ACGGTCACCGAGAACA-1,0.99966,0.000034,0.000034,0.000034,0.000068,0.000068,0.000034,0.000068
ACGTACTTTGGCACGG-1,0.280871,0.000058,0.000058,0.000058,0.000117,0.000117,0.000058,0.718662
ACGTAGATTGCTGATG-1,0.00382,0.284542,0.001581,0.063951,0.476851,0.169192,0.000021,0.000041
ACGTAGGAGAGTCGCT-1,0.030854,0.087084,0.377719,0.069271,0.278525,0.015674,0.129845,0.011027
ACGTATTACTCCGATC-1,0.000038,0.031027,0.08805,0.004751,0.715874,0.014404,0.063376,0.082481
ACGTCGGGCAACTCGG-1,0.969882,0.00003,0.007818,0.00003,0.00006,0.00006,0.00003,0.02209
ACGTCTCGTTCCGGGA-1,0.07509,0.0979,0.000022,0.000022,0.053939,0.461373,0.004057,0.307596
ACGTGACAAAGTAAGT-1,0.522058,0.138909,0.000075,0.000075,0.000151,0.000151,0.003424,0.335158
ACGTGCGCCTCGTGCA-1,0.173457,0.542721,0.000134,0.000134,0.000268,0.013301,0.000134,0.269851
ACGTTAATGTCGAAGA-1,0.000041,0.095168,0.000041,0.000041,0.349154,0.142979,0.121889,0.290686
ACGTTAGATTTGCCCG-1,0.002475,0.343125,0.020382,0.000028,0.004456,0.363043,0.023254,0.243237
ACGTTATTGGTCACTC-1,0.010246,0.364214,0.021272,0.003564,0.11423,0.133662,0.013586,0.339226
ACGTTCACTATGCCGC-1,0.2559,0.00002,0.465247,0.106929,0.003002,0.01676,0.151917,0.000225
ACGTTCGCAATCAATT-1,0.152936,0.514729,0.111121,0.028135,0.069923,0.108705,0.006901,0.00755
ACGTTCGTTCAGGAAA-1,0.005069,0.02386,0.000031,0.009849,0.060578,0.304461,0.327942,0.26821
ACGTTCTGTACAAGTC-1,0.018374,0.010526,0.209803,0.026611,0.410734,0.006386,0.121801,0.195766
ACGTTGTCGTTGAAAG-1,0.449302,0.000025,0.174198,0.291806,0.00005,0.00005,0.08452,0.00005
ACGTTTCGGTGCACTT-1,0.054067,0.035746,0.361905,0.194913,0.004703,0.025201,0.153488,0.169976
ACTAAGGACGCACACC-1,0.010962,0.013327,0.226023,0.057117,0.502227,0.027127,0.000018,0.163199
ACTACAAAGAGAGGTG-1,0.08541,0.000018,0.103131,0.31925,0.024246,0.043338,0.424571,0.000036
ACTACATCCCGACAAG-1,0.415052,0.000016,0.000016,0.46288,0.062207,0.05978,0.000016,0.000033
ACTACCAGCTCTCTGG-1,0.000027,0.180871,0.000682,0.000027,0.069531,0.416731,0.153845,0.178285
ACTACCATCCGAGGGC-1,0.494183,0.000024,0.243108,0.166058,0.07401,0.022157,0.00003,0.00043
ACTACGCGTTAGAATT-1,0.040487,0.025107,0.038111,0.000034,0.000068,0.053525,0.353778,0.488889
ACTAGTTGCGATCGTC-1,0.00003,0.056212,0.00003,0.00003,0.136544,0.336486,0.02052,0.450149
