Barcode,Topic 1,Topic 2,Topic 3,Topic 4,Topic 5,Topic 6,Topic 7to8,Topic 9to12
AAACAACGAATAGTTC-1,0.000044,0.186965,0.004439,0.017433,0.069189,0.334106,0.148369,0.239455
AAACAAGTATCTCCCA-1,0.027302,0.000034,0.000034,0.251939,0.720455,0.000034,0.000067,0.000135
AAACAATCTACTAGCA-1,0.000024,0.092139,0.021558,0.018025,0.000024,0.048669,0.191621,0.627941
AAACACCAATAACTGC-1,0.594466,0.000098,0.390318,0.014331,0.000098,0.000098,0.000197,0.000394
AAACAGCTTTCAGAAG-1,0.003551,0.472473,0.251389,0.000023,0.000023,0.000023,0.000046,0.272473
AAACAGGGTCTATATT-1,0.150351,0.443728,0.202633,0.000036,0.000036,0.000036,0.000071,0.20311
AAACAGTGTTCCTGGG-1,0.13907,0.735601,0.000013,0.000013,0.000013,0.030468,0.000026,0.094796
AAACATGGTGAGAGGA-1,0.943965,0.029491,0.00004,0.00004,0.026182,0.00004,0.000081,0.000161
AAACATTTCCCGGATT-1,0.000018,0.009955,0.004206,0.008107,0.092958,0.079577,0.202207,0.602972
AAACCGGGTAGGTACC-1,0.029521,0.020056,0.500879,0.039513,0.097032,0.016543,0.034251,0.262204
AAACCGTTCGTCCAGG-1,0.000026,0.101042,0.033621,0.17892,0.000026,0.033851,0.049458,0.603057
AAACCTAAGCAGCCGG-1,0.000009,0.003442,0.000009,0.000009,0.000009,0.011003,0.097188,0.88833
AAACCTCATGAAGTTG-1,0.002565,0.229403,0.260992,0.00003,0.00003,0.000891,0.000062,0.506028
AAACGAAGAACATACC-1,0.004228,0.046316,0.000016,0.009112,0.028283,0.024232,0.102369,0.785443
AAACGAAGATGGAGTA-1,0.845299,0.000072,0.002648,0.151408,0.000072,0.000072,0.000143,0.000286
AAACGAGACGGTTGAT-1,0.00002,0.00002,0.000828,0.044151,0.084156,0.016059,0.188962,0.665804
AAACGCTGGGCACGAC-1,0.056276,0.122434,0.000031,0.609326,0.195329,0.016417,0.000062,0.000124
AAACGGGCGTACGGGT-1,0.000019,0.044615,0.000019,0.006205,0.416356,0.007426,0.131297,0.394064
AAACGGGTTGGTATCC-1,0.006744,0.389216,0.014411,0.113053,0.000016,0.077075,0.258842,0.140643
AAACGGTTGCGAACTG-1,0.044847,0.159605,0.219552,0.000037,0.007034,0.000037,0.000074,0.568813
AAACTCGGTTCGCAAT-1,0.000026,0.014269,0.086582,0.028196,0.000026,0.146409,0.109908,0.614582
AAACTGCTGGCTCCAA-1,0.002631,0.116675,0.000013,0.000013,0.126745,0.045528,0.27683,0.431564
AAACTTAATTGCACGC-1,0.776079,0.000065,0.07323,0.150108,0.000065,0.000065,0.00013,0.000259
AAACTTGCAAACGTAT-1,0.294655,0.000048,0.473743,0.000048,0.224317,0.000048,0.00695,0.000192
AAAGAATGACCTTAGA-1,0.407756,0.591982,0.000026,0.000026,0.000026,0.000026,0.000052,0.000105
AAAGAATGTGGACTAA-1,0.000011,0.090828,0.000011,0.005509,0.000929,0.39185,0.163392,0.347471
AAAGACCCAAGTCGCG-1,0.000025,0.004001,0.068796,0.066938,0.000025,0.006643,0.393148,0.460423
AAAGACTGGGCGCTTT-1,0.143763,0.334622,0.102384,0.000028,0.000028,0.004201,0.00206,0.412914
AAAGGCCCTATAATAC-1,0.81417,0.110484,0.07256,0.000055,0.000055,0.000055,0.00011,0.002511
AAAGGCTACGGACCAT-1,0.020211,0.044306,0.011237,0.000012,0.00259,0.006937,0.002243,0.912464
AAAGGCTCTCGCGCCG-1,0.000021,0.052992,0.055961,0.002396,0.000021,0.039067,0.107043,0.742499
AAAGGGATGTAGCAAG-1,0.000031,0.000031,0.000031,0.021223,0.012436,0.059978,0.318597,0.587674
AAAGGGCAGCTTGAAT-1,0.038414,0.120951,0.11363,0.182166,0.209008,0.00214,0.045623,0.288069
AAAGTAGCATTGCTCA-1,0.226374,0.000089,0.663224,0.108055,0.001631,0.000089,0.000179,0.000358
AAAGTCACTGATGTAA-1,0.026745,0.130694,0.025921,0.031011,0.010006,0.013781,0.35941,0.402431
AAAGTCGACCCTCAGT-1,0.226495,0.068606,0.618153,0.000053,0.061179,0.00379,0.000106,0.021618
AAAGTGCCATCAATTA-1,0.022856,0.317179,0.000016,0.170552,0.137453,0.212496,0.128399,0.011049
AAAGTGTGATTTATCT-1,0.014497,0.017118,0.000079,0.54591,0.104508,0.000079,0.010983,0.306827
AAAGTTGACTCCCGTA-1,0.00009,0.00009,0.00009,0.933229,0.065875,0.00009,0.000179,0.000358
AAATACCTATAAGCAT-1,0.000012,0.000012,0.000012,0.000012,0.006078,0.005127,0.333546,0.655203
AAATAGGGTGCTATTG-1,0.00002,0.029921,0.00002,0.091092,0.036763,0.023893,0.513245,0.305045
AAATCCGATACACGCC-1,0.000032,0.015584,0.022101,0.114495,0.02528,0.01484,0.47648,0.331189
AAATCGCGGAAGGAGT-1,0.999296,0.000064,0.000064,0.000064,0.000064,0.000064,0.000128,0.000256
AAATCGTGTACCACAA-1,0.004822,0.150851,0.000053,0.001994,0.000026,0.000118,0.469692,0.372443
AAATCTAGCCCTGCTA-1,0.000029,0.001444,0.032745,0.232506,0.049321,0.002716,0.005281,0.675958
AAATCTGCCCGCGTCC-1,0.989585,0.010071,0.000034,0.000034,0.000034,0.000034,0.000069,0.000138
AAATGACTGATCAAAC-1,0.115412,0.730766,0.064341,0.012657,0.039106,0.00008,0.002418,0.03522
AAATGCTCGTTACGTT-1,0.00806,0.000043,0.242596,0.169003,0.007046,0.027332,0.013629,0.53229
AAATGGCATGTCTTGT-1,0.000037,0.000037,0.000037,0.128257,0.000037,0.043968,0.165759,0.661866
AAATGGCCCGTGCCCT-1,0.707038,0.000062,0.060883,0.000062,0.231525,0.000062,0.000123,0.000246
AAATGGTCAATGTGCC-1,0.174536,0.000041,0.017916,0.459321,0.087294,0.000041,0.252776,0.008075
AAATGTATCTTATCCC-1,0.253886,0.131662,0.121407,0.04846,0.005949,0.137598,0.087634,0.213405
AAATGTGGGTGCTCCT-1,0.000013,0.250333,0.000013,0.010649,0.01802,0.154342,0.197164,0.369467
AAATTAACGGGTAGCT-1,0.10148,0.085202,0.000055,0.535568,0.271219,0.000055,0.005365,0.001054
AAATTAATAAGCGCGA-1,0.288214,0.182274,0.454637,0.005877,0.000052,0.020021,0.016929,0.031997
AAATTGATAGTCCTTT-1,0.033305,0.231243,0.562348,0.074181,0.000082,0.071559,0.000165,0.027118
AAATTGCGGCGGTTCT-1,0.014287,0.193143,0.000018,0.010765,0.050154,0.041449,0.000072,0.690112
AAATTTGCGGGTGTGG-1,0.090928,0.000041,0.403688,0.219373,0.155757,0.01488,0.03329,0.082044
AACAACTGGTAGTTGC-1,0.160615,0.0367,0.019831,0.051173,0.000042,0.000042,0.040738,0.69086
AACAATACATTGTCGA-1,0.250977,0.231802,0.124211,0.030088,0.019417,0.000034,0.021991,0.32148
AACAATTACTCTACGC-1,0.000026,0.157251,0.12829,0.004167,0.096819,0.013384,0.000053,0.600011
AACACACGCTCGCCGC-1,0.000039,0.000039,0.02513,0.039717,0.156066,0.030778,0.197867,0.550364
AACACGACTGTACTGA-1,0.000054,0.000054,0.011197,0.136791,0.000054,0.064251,0.395011,0.39259
AACACGAGACGCGGCC-1,0.300642,0.000062,0.682238,0.016565,0.000062,0.000062,0.000123,0.000246
AACACGCGGCCGCGAA-1,0.012654,0.027191,0.086922,0.208199,0.07595,0.118274,0.109801,0.361009
AACAGCTGTGTGGCAA-1,0.335713,0.000066,0.588771,0.000066,0.000066,0.000066,0.062167,0.013085
AACAGGAAATCGAATA-1,0.000035,0.000035,0.000035,0.293073,0.153044,0.000035,0.313603,0.240141
AACAGGATGGGCCGCG-1,0.000022,0.000022,0.043375,0.036919,0.000022,0.028843,0.214257,0.676538
AACATAGCGTGTATCG-1,0.000013,0.129583,0.026811,0.02045,0.000013,0.368268,0.0647,0.390161
AACATTGAAGTTGATC-1,0.765043,0.000115,0.23381,0.000115,0.000115,0.000115,0.000229,0.000459
AACATTGGTCAGCCGT-1,0.000023,0.449325,0.000032,0.015975,0.000023,0.133554,0.029225,0.371843
AACATTGTGACTCGAG-1,0.000043,0.0506,0.279968,0.042131,0.000043,0.009438,0.044833,0.572943
AACCAAGACTTCTCTG-1,0.027601,0.331126,0.076993,0.002708,0.000024,0.000024,0.000049,0.561473
AACCATAGGGTTGAAC-1,0.845964,0.105053,0.000051,0.029848,0.000051,0.018726,0.000102,0.000204
AACCATGGGATCGCTA-1,0.00002,0.020694,0.066395,0.00741,0.112735,0.019113,0.063246,0.710387
AACCCAGAGACGGAGA-1,0.001765,0.000029,0.347025,0.159886,0.138246,0.001755,0.219863,0.13143
AACCCATCCCATGATC-1,0.689839,0.000065,0.191368,0.000065,0.118211,0.000065,0.000129,0.000259
AACCCGACAACCCGTG-1,0.345456,0.000137,0.516479,0.136835,0.000137,0.000137,0.000273,0.000546
AACCCGAGCAGAATCG-1,0.028693,0.069569,0.00004,0.211632,0.66664,0.00004,0.023225,0.000161
AACCCGCTGTATTCCA-1,0.199948,0.179267,0.307299,0.020801,0.245855,0.015637,0.017968,0.013226
AACCCTACTGTCAATA-1,0.0081,0.000119,0.036802,0.954025,0.000119,0.000119,0.000238,0.000477
AACCCTGGTGGAACCA-1,0.000019,0.017829,0.000019,0.002327,0.452587,0.09598,0.23453,0.196709
AACCGAGCTTGGTCAT-1,0.025295,0.051687,0.000018,0.000018,0.034773,0.014297,0.037523,0.836389
AACCGCTAAGGGATGC-1,0.000016,0.011832,0.000016,0.020616,0.061185,0.098045,0.139487,0.668802
AACCGTTGTGTTTGCT-1,0.000042,0.000042,0.008755,0.08432,0.171047,0.000633,0.305444,0.429717
AACCTAAAGCCGTCCG-1,0.050021,0.068648,0.000051,0.620771,0.09518,0.003348,0.128218,0.033763
AACCTCGCTTTAGCCC-1,0.000011,0.105798,0.000011,0.000011,0.035657,0.000308,0.148054,0.710147
AACCTTTAAATACGGT-1,0.000036,0.009862,0.055241,0.154551,0.017711,0.011219,0.240159,0.51122
AACGAAAGTCGTCCCA-1,0.714384,0.000083,0.170138,0.003032,0.111783,0.000083,0.000166,0.000332
AACGACCTCCTAGCCG-1,0.000011,0.112463,0.000011,0.010224,0.089027,0.495901,0.018209,0.274155
AACGATAATGCCGTAG-1,0.012892,0.023998,0.006515,0.08264,0.001019,0.03037,0.472704,0.369863
AACGATAGAAGGGCCG-1,0.000016,0.000016,0.000016,0.000016,0.000016,0.038025,0.407613,0.554284
AACGATATGTCAACTG-1,0.000022,0.058449,0.000022,0.035187,0.092678,0.039385,0.249521,0.524737
AACGCGAACGGCAACA-1,0.012183,0.037521,0.098314,0.041282,0.22454,0.055654,0.028323,0.502183
AACGCGACCTTGGGCG-1,0.016323,0.000058,0.649588,0.2718,0.000058,0.000058,0.044811,0.017305
AACGCGGTCTCCAGCC-1,0.000046,0.000046,0.000214,0.047408,0.044323,0.103074,0.276392,0.528497
AACGCTGTTGCTGAAA-1,0.00002,0.00002,0.003718,0.00002,0.019515,0.030405,0.05971,0.886591
AACGGACGTACGTATA-1,0.000015,0.032639,0.000015,0.00018,0.061434,0.080335,0.038039,0.787343
AACGGCCATCTCCGGT-1,0.000011,0.092724,0.004759,0.002166,0.006617,0.032091,0.060337,0.801295
AACGTACTGTGGGTAC-1,0.108019,0.001852,0.303475,0.058542,0.017382,0.009736,0.221303,0.27969
AACGTAGTCTACCCAT-1,0.000013,0.183826,0.000013,0.000013,0.037691,0.035492,0.048709,0.694243
AACGTCAGACTAGTGG-1,0.000034,0.039488,0.146771,0.075003,0.054648,0.066686,0.039289,0.57808
AACGTCATCCGGCTTG-1,0.095352,0.357762,0.217748,0.002268,0.078809,0.009044,0.025185,0.213831
AACGTCGCTGCACTTC-1,0.000013,0.288463,0.000013,0.000013,0.16126,0.345818,0.061003,0.143416
AACGTGATGAAGGACA-1,0.087263,0.000052,0.000052,0.019137,0.893131,0.000052,0.000104,0.000208
AACGTGCGAAAGTCTC-1,0.026295,0.035101,0.016719,0.01967,0.044905,0.084027,0.061556,0.711727
AACGTTATCAGCACCT-1,0.411338,0.000101,0.444019,0.143737,0.000101,0.000101,0.000201,0.000403
AACGTTCTACCATTGT-1,0.000022,0.231324,0.000022,0.081956,0.235934,0.25371,0.152356,0.044675
AACTAGCGTATCGCAC-1,0.000036,0.035517,0.000036,0.004544,0.037245,0.026539,0.586338,0.309745
AACTAGGCTTGGGTGT-1,0.000029,0.00529,0.003666,0.087549,0.000029,0.000403,0.463925,0.439109
AACTCAAGTTAATTGC-1,0.014354,0.108371,0.009859,0.000013,0.005362,0.010455,0.226118,0.625468
AACTCCAGAGCGTGTT-1,0.000058,0.000058,0.000058,0.295165,0.000058,0.000058,0.626058,0.078486
AACTCGATAAACACGT-1,0.000013,0.140371,0.025192,0.004059,0.000013,0.588654,0.024648,0.21705
AACTCGATGGCGCAGT-1,0.00005,0.00005,0.091076,0.104401,0.027537,0.034726,0.398213,0.343946
AACTCTCAATAGAGCG-1,0.000081,0.000081,0.178933,0.302143,0.277652,0.000081,0.000872,0.240157
AACTCTCAGTGTGCTC-1,0.000014,0.030529,0.012096,0.000014,0.000014,0.012641,0.000931,0.943762
AACTGATATTAGGCCT-1,0.012219,0.015451,0.000038,0.258066,0.347327,0.065733,0.190316,0.110849
AACTGGGTCCCGACGT-1,0.000046,0.000046,0.000046,0.167228,0.09349,0.000046,0.413568,0.325531
AACTGGTGTGGGCCTT-1,0.000021,0.142653,0.000021,0.005876,0.000021,0.079768,0.325516,0.446122
AACTTCTGCGTCTATC-1,0.048174,0.00011,0.657932,0.017506,0.096801,0.00011,0.016911,0.162456
AACTTGCCCGTATGCA-1,0.000066,0.000066,0.134723,0.133681,0.000066,0.000066,0.420831,0.3105
AACTTGCGTTCTCGCG-1,0.058673,0.000101,0.445781,0.367036,0.000101,0.000101,0.000202,0.128004
AACTTTACGGGAGCTT-1,0.311809,0.000097,0.457189,0.1761,0.000097,0.000097,0.054226,0.000387
AACTTTAGCTGCTGAG-1,0.000062,0.077482,0.025218,0.213651,0.000062,0.058728,0.578471,0.046327
AAGAAAGTTTGATGGG-1,0.430859,0.56848,0.000066,0.000066,0.000066,0.000066,0.000132,0.000264
AAGAAGGATCAGTTAG-1,0.000013,0.07964,0.035587,0.000013,0.000013,0.028368,0.019264,0.837102
AAGACATACGTGGTTT-1,0.000016,0.105861,0.000016,0.103647,0.100438,0.162066,0.172749,0.355206
AAGACCAAATAACTCA-1,0.771032,0.15664,0.000032,0.000032,0.072039,0.000032,0.000064,0.000129
AAGACCCAACTGAACA-1,0.000021,0.02503,0.041775,0.130068,0.00161,0.056776,0.164505,0.580216
AAGACTAACCCGTTGT-1,0.000037,0.000037,0.123929,0.321228,0.09429,0.088841,0.191329,0.18031
AAGACTGCAAGCTACT-1,0.008194,0.012244,0.031247,0.051811,0.030791,0.146608,0.349514,0.369591
AAGAGATGAATCGGTA-1,0.000039,0.143826,0.220583,0.081618,0.011933,0.010813,0.000079,0.531108
AAGAGCTCTTTATCGG-1,0.000026,0.041722,0.000026,0.016929,0.120071,0.082546,0.246539,0.49214
AAGAGGATGTACGCGA-1,0.0004,0.115647,0.000022,0.000022,0.043176,0.000022,0.507364,0.333348
AAGAGGCATGGATCGC-1,0.000012,0.05515,0.000012,0.000012,0.017425,0.132212,0.046814,0.748363
AAGAGGCCCTTTGGAA-1,0.000011,0.166204,0.000011,0.000011,0.006048,0.011327,0.003557,0.81283
AAGATGGCACCGGACC-1,0.080482,0.000059,0.56953,0.333371,0.000059,0.000059,0.016204,0.000236
AAGCACCCTGCGTATC-1,0.000037,0.000037,0.175311,0.116623,0.066527,0.014224,0.365509,0.261731
AAGCATACTCTCCTGA-1,0.000015,0.068808,0.027202,0.026492,0.010199,0.053613,0.378337,0.435334
AAGCCACTTGCAGGTA-1,0.93936,0.020336,0.039891,0.000046,0.000046,0.000046,0.000092,0.000183
AAGCCGCCGTGAAATC-1,0.80482,0.000056,0.162435,0.032241,0.000056,0.000056,0.000112,0.000224
AAGCCGGAGAGCAGGA-1,0.136248,0.458648,0.000024,0.365145,0.039769,0.000024,0.000048,0.000095
AAGCGCAGGGCTTTGA-1,0.000027,0.000062,0.109881,0.071906,0.000027,0.095359,0.195945,0.526793
AAGCGTCCCTCATCGA-1,0.202635,0.000074,0.66601,0.065262,0.065497,0.000074,0.000149,0.000298
AAGCTAGATCGAGTAA-1,0.000024,0.001511,0.03025,0.090136,0.000024,0.054362,0.463026,0.360668
AAGCTATGGATTGACC-1,0.531742,0.228072,0.00003,0.033673,0.018349,0.004387,0.061561,0.122185
AAGCTCGTGCCAAGTC-1,0.000029,0.000029,0.000029,0.050667,0.006203,0.037622,0.151684,0.753736
AAGCTCTTTCATGGTG-1,0.00005,0.00005,0.041111,0.26207,0.148446,0.015737,0.500861,0.031675
AAGGAGAACTTATAAG-1,0.000028,0.03775,0.000028,0.074864,0.026243,0.205402,0.596257,0.059428
AAGGAGCGGTTGGTGC-1,0.000017,0.019645,0.003122,0.000017,0.024751,0.050588,0.307494,0.594366
AAGGATGAGGGACCTC-1,0.000095,0.000095,0.144299,0.681028,0.073914,0.000095,0.000189,0.100285
AAGGCGCGTAAAGCTT-1,0.000037,0.009424,0.25142,0.317096,0.000037,0.000037,0.163944,0.258004
AAGGCTGTGCTCATCG-1,0.000041,0.000041,0.079498,0.048419,0.073399,0.01072,0.479108,0.308773
AAGGGAACGACTGGCT-1,0.690131,0.000071,0.288446,0.019659,0.0012,0.000071,0.000141,0.000282
AAGGGACTATGCATTC-1,0.411626,0.000103,0.587347,0.000103,0.000103,0.000103,0.000205,0.000411
AAGGGTTAGCCATGCG-1,0.000008,0.284113,0.000008,0.000008,0.000122,0.245315,0.000028,0.470397
AAGGGTTTGATTTCAG-1,0.999533,0.000042,0.000042,0.000042,0.000042,0.000042,0.000085,0.00017
AAGGTATCCTAATATA-1,0.000061,0.000061,0.001087,0.80823,0.128127,0.000061,0.000122,0.06225
AAGGTGATAAACCAGC-1,0.000019,0.059499,0.00163,0.055741,0.137578,0.041152,0.029495,0.674886
AAGTAAGCTTCCAAAC-1,0.00001,0.348872,0.00001,0.00001,0.00001,0.085666,0.134829,0.430592
AAGTAGAAGACCGGGT-1,0.000033,0.017801,0.033335,0.037459,0.000033,0.001639,0.621789,0.287912
AAGTAGTGACGCGAGG-1,0.000031,0.010253,0.120663,0.046308,0.000031,0.05081,0.037384,0.734521
AAGTCAATTGTCGTCA-1,0.048744,0.000088,0.029648,0.549924,0.370984,0.000088,0.000175,0.00035
AAGTCTTCTGTGGCCT-1,0.82358,0.062278,0.000073,0.113483,0.000073,0.000073,0.000146,0.000293
AAGTGACGACCGAATT-1,0.043802,0.000066,0.529753,0.089222,0.018315,0.000066,0.121469,0.197308
AAGTGAGTCGGGTTTA-1,0.000082,0.000082,0.325701,0.407326,0.000082,0.000082,0.077403,0.189242
AAGTGCAAAGGTAGAC-1,0.391004,0.000092,0.27658,0.331584,0.000092,0.000092,0.000185,0.00037
AAGTGCGTTAGAATCT-1,0.151,0.004602,0.630112,0.000062,0.086324,0.001424,0.010396,0.11608
AAGTGCTTCTCTATTG-1,0.441302,0.000062,0.336202,0.000062,0.174779,0.005031,0.042313,0.000249
AAGTGTTTGGAGACGG-1,0.000026,0.000026,0.006935,0.01782,0.337687,0.014615,0.323236,0.299655
AAGTTCACTCCAAGCT-1,0.00002,0.00002,0.00002,0.012841,0.182923,0.007739,0.281583,0.514853
AAGTTCGGCCAACAGG-1,0.000044,0.01497,0.126198,0.332544,0.041471,0.004671,0.276773,0.203329
AAGTTGTGATGTTATA-1,0.016335,0.000049,0.002825,0.513444,0.190682,0.02279,0.180726,0.073148
AAGTTTACTAATGGCA-1,0.000018,0.002171,0.000018,0.000018,0.000018,0.071007,0.145334,0.781415
AAGTTTATGGGCCCAA-1,0.000024,0.065526,0.062177,0.115173,0.000024,0.050294,0.075407,0.631373
AATAACAACGCTCGGC-1,0.000039,0.000039,0.163787,0.261685,0.000039,0.000039,0.269526,0.304847
AATAACACTAGAACAA-1,0.000027,0.105704,0.1924,0.103228,0.003277,0.047625,0.012524,0.535214
AATAACGTCGCGCCCA-1,0.000009,0.113905,0.000009,0.000009,0.008639,0.456516,0.037411,0.383502
AATAAGTCCTCGAGAC-1,0.000031,0.023436,0.000031,0.116896,0.003108,0.06829,0.116167,0.672041
AATACAATGTTTCAGG-1,0.268946,0.000079,0.651233,0.042494,0.000079,0.000079,0.036773,0.000317
AATACCGGAGGGCTGT-1,0.74209,0.00007,0.056927,0.16071,0.039717,0.00007,0.000139,0.000278
AATACCTGATGTGAAC-1,0.000018,0.174551,0.000018,0.03635,0.184049,0.417312,0.112576,0.075127
AATAGAACAGAGTGGC-1,0.000029,0.032457,0.23696,0.198985,0.000029,0.058751,0.111071,0.361717
AATAGAATCTGTTTCA-1,0.000027,0.002322,0.006183,0.025045,0.150219,0.144096,0.246485,0.425624
AATAGGCACGACCCTT-1,0.364015,0.543153,0.000018,0.000018,0.000018,0.007919,0.000036,0.084823
AATAGTCCGTCCCGAC-1,0.030254,0.00004,0.196545,0.309444,0.00004,0.016116,0.294433,0.153127
AATAGTCGCGAGTCGG-1,0.760966,0.000065,0.134495,0.000039,0.009214,0.000039,0.067773,0.02741
AATATCAAGGTCGGAT-1,0.01543,0.017415,0.100476,0.043562,0.022265,0.01197,0.377402,0.41148
AATATCCTAGCAAACT-1,0.475238,0.34714,0.125136,0.000056,0.000056,0.000056,0.000112,0.052205
AATATTGGAGTATTGA-1,0.00006,0.013967,0.331334,0.033652,0.025003,0.075276,0.059263,0.461445
AATCAGACTGCAGGAC-1,0.000015,0.015,0.001761,0.000015,0.000015,0.302968,0.00754,0.672685
AATCAGGTTTCATTTA-1,0.255425,0.414199,0.021022,0.000032,0.000032,0.044825,0.039109,0.225357
AATCATGTAAAGACTC-1,0.000025,0.000025,0.023055,0.007919,0.062097,0.001084,0.053144,0.852651
AATCCAAGGGCCTGAG-1,0.007641,0.055274,0.000471,0.000012,0.024706,0.000398,0.118285,0.793214
AATCCATGCAAGGGTG-1,0.000015,0.019221,0.065475,0.000015,0.000015,0.128433,0.013793,0.773034
AATCCCGCTCAGAGCC-1,0.130797,0.298318,0.180696,0.012251,0.13326,0.036562,0.021624,0.186492
AATCGAGGTCTCAAGG-1,0.000011,0.137337,0.045204,0.000011,0.000011,0.516193,0.049682,0.251551
AATCGCCTCAGCGCCA-1,0.00004,0.093551,0.020746,0.060743,0.0694,0.01339,0.113435,0.628693
AATCGGGACACTACGA-1,0.000014,0.00017,0.000014,0.000014,0.000014,0.049875,0.119607,0.830292
AATCGGTATAGCCCTC-1,0.003822,0.018605,0.006561,0.051573,0.303751,0.353424,0.194597,0.067668
AATCGTGAGCCGAGCA-1,0.010254,0.039917,0.104515,0.171864,0.000031,0.016854,0.531944,0.124622
AATCTAGGTTTACTTG-1,0.748132,0.000076,0.251112,0.000076,0.000076,0.000076,0.000151,0.000302
AATCTCTACTGTGGTT-1,0.332843,0.14269,0.265024,0.042168,0.000065,0.037482,0.049216,0.130511
AATCTGCGTTGGGACG-1,0.000096,0.000096,0.000096,0.769563,0.083978,0.000096,0.000192,0.145885
AATCTGGCTTTCTAGT-1,0.63545,0.000084,0.363706,0.000084,0.000084,0.000084,0.000169,0.000338
AATGACAGCAATGTCT-1,0.083623,0.25498,0.029742,0.028861,0.103208,0.000034,0.005973,0.493578
AATGACGTAGGATGTC-1,0.000016,0.000016,0.000016,0.000016,0.000084,0.050897,0.168636,0.780319
AATGACTGTCAGCCGG-1,0.000026,0.00433,0.04453,0.015093,0.000026,0.014696,0.242004,0.679294
AATGAGTTCGCATATG-1,0.000024,0.294871,0.066025,0.000024,0.003293,0.000024,0.000049,0.63569
AATGCAACCGGGTACC-1,0.000026,0.000026,0.035346,0.035047,0.003813,0.040569,0.536259,0.348915
AATGGTCCACCGTTCA-1,0.228462,0.000063,0.465251,0.075015,0.230769,0.000063,0.000126,0.000252
AATGGTTCTCACAAGC-1,0.045034,0.119141,0.055335,0.000013,0.003107,0.011836,0.02417,0.741364
AATGTATGGCACTGTA-1,0.99939,0.000055,0.000055,0.000055,0.000055,0.000055,0.000111,0.000222
AATGTGCCCGAGGTGT-1,0.20213,0.000086,0.419857,0.011907,0.00649,0.000086,0.078725,0.280718
AATGTGCTAATCTGAG-1,0.735069,0.000075,0.241815,0.000075,0.000075,0.000075,0.000149,0.022668
AATGTTAAGACCCTGA-1,0.027395,0.206032,0.00207,0.062142,0.033818,0.333587,0.176407,0.158549
AATGTTGTCGTGAGAC-1,0.000018,0.009515,0.000018,0.006255,0.020467,0.228766,0.108574,0.626386
AATTAAAGGTCGGCGT-1,0.000021,0.000021,0.082492,0.003428,0.035461,0.000021,0.456273,0.422282
AATTAACGGATTTCCA-1,0.000015,0.02407,0.001575,0.000659,0.009058,0.008182,0.451142,0.505298
AATTACGAGACCCATC-1,0.610694,0.140682,0.070678,0.000079,0.000079,0.101736,0.075734,0.000317
AATTACTCGTACGCTC-1,0.041142,0.359197,0.00002,0.00002,0.00002,0.051022,0.00004,0.548538
AATTAGCGCTGCAGCG-1,0.000018,0.186889,0.000018,0.001614,0.000018,0.00524,0.325949,0.480254
AATTATACCCAGCAAG-1,0.042417,0.173993,0.076467,0.038614,0.085241,0.336614,0.104349,0.142305
AATTCATTGTCATGCA-1,0.640929,0.346343,0.000051,0.000051,0.000051,0.012267,0.000103,0.000205
AATTCCAACTTGGTGA-1,0.062346,0.158599,0.071211,0.389152,0.000025,0.242368,0.072934,0.003366
AATTCCAAGCATGTAC-1,0.000029,0.085512,0.125819,0.050598,0.040981,0.010246,0.061565,0.625249
AATTCGATTCGAGGAT-1,0.000052,0.000052,0.133542,0.111516,0.000052,0.000052,0.522669,0.232067
AATTCTAGAGTTAGGC-1,0.000038,0.000038,0.030106,0.162618,0.006673,0.004203,0.506634,0.289691
AATTGAACGCTCTGGT-1,0.000023,0.010548,0.000023,0.058021,0.330098,0.084219,0.138009,0.379057
AATTGCAGCAATCGAC-1,0.000012,0.069853,0.000012,0.000012,0.002274,0.07965,0.036785,0.811403
AATTGCGTGGATTACA-1,0.943797,0.000068,0.000068,0.05552,0.000068,0.000068,0.000137,0.000273
AATTGTGGTTGCCAAA-1,0.00003,0.00003,0.00003,0.669283,0.096198,0.147083,0.00337,0.083978
AATTTGGTTCCAAAGA-1,0.000033,0.000033,0.000033,0.034669,0.003104,0.000033,0.573787,0.38831
ACAAACCATGCGTCCT-1,0.709039,0.013025,0.000069,0.134461,0.142922,0.000069,0.000138,0.000276
ACAAACCGACAAGGCG-1,0.000041,0.003376,0.000041,0.663672,0.032602,0.134817,0.007044,0.158407
ACAAACTCCATCAGAG-1,0.119098,0.713551,0.053761,0.000014,0.005724,0.02623,0.000029,0.081593
ACAAAGAAGGTAGGCC-1,0.47038,0.21757,0.222884,0.000049,0.000049,0.000049,0.000098,0.088921
ACAAAGCATGACCTAG-1,0.008456,0.022635,0.051419,0.013881,0.055035,0.10953,0.30852,0.430522
ACAAATCGCACCGAAT-1,0.000016,0.014741,0.000016,0.004933,0.167381,0.119641,0.332991,0.360281
ACAAATGGTAGTGTTT-1,0.000036,0.000036,0.013596,0.084106,0.137435,0.001756,0.185926,0.577109
ACAACAGCATGAGCTA-1,0.000018,0.005451,0.002719,0.000027,0.13453,0.066728,0.035469,0.755059
ACAACGGTCCCTGCGA-1,0.000035,0.00687,0.254463,0.062595,0.000035,0.067276,0.294747,0.313978
ACAAGCAGTGCCTAGC-1,0.051594,0.046711,0.032033,0.02244,0.267453,0.000061,0.019664,0.560046
ACAAGCTATATGGAAG-1,0.761125,0.000092,0.113927,0.099512,0.000092,0.000092,0.024792,0.000368
ACAAGGAAATCCGCCC-1,0.000051,0.000051,0.010858,0.319192,0.000051,0.000051,0.634304,0.035444
ACAAGGACAAGAGGTT-1,0.002356,0.000029,0.131502,0.127051,0.313942,0.029472,0.249441,0.146208
ACAAGGATGCTTTAGG-1,0.000022,0.029684,0.023185,0.07223,0.000022,0.050846,0.445261,0.378751
ACAAGGGCAGGCTCTG-1,0.04796,0.059699,0.033509,0.001443,0.141567,0.018225,0.102953,0.594643
ACAAGTAATTGTAAGG-1,0.918234,0.000068,0.081084,0.000068,0.000068,0.000068,0.000136,0.000273
ACAATAGTCGTACGTT-1,0.308211,0.000074,0.57155,0.000074,0.119575,0.000074,0.000148,0.000295
ACAATCCATTTAAACC-1,0.000034,0.024013,0.153936,0.098714,0.000034,0.047391,0.271287,0.40459
ACAATCGATCTTTATA-1,0.000026,0.046347,0.000026,0.042,0.000026,0.354838,0.123662,0.433076
ACAATGAATACGGAGA-1,0.392612,0.000066,0.16774,0.000877,0.438241,0.000066,0.000133,0.000265
ACAATTGTGTCTCTTT-1,0.000024,0.021457,0.000024,0.076718,0.039064,0.033743,0.069676,0.759293
ACAATTTAGGAGGCTC-1,0.647786,0.000092,0.059002,0.217623,0.074855,0.000092,0.000183,0.000367
ACAATTTGAGCAGTGG-1,0.000068,0.000068,0.000068,0.857347,0.123276,0.000068,0.000137,0.018968
ACACAAAGACGGGTGG-1,0.006284,0.026801,0.017424,0.261993,0.091566,0.016741,0.206557,0.372633
ACACACCAGGACCAGT-1,0.000033,0.000033,0.062858,0.014703,0.121655,0.001585,0.014634,0.784498
ACACACTTTCTACACG-1,0.000028,0.024817,0.000028,0.000028,0.046864,0.015162,0.061286,0.851787
ACACATGATCAAATCT-1,0.770853,0.000088,0.021711,0.206647,0.000088,0.000088,0.000175,0.000351
ACACATTGACGCAACA-1,0.023873,0.335138,0.015157,0.10675,0.00002,0.113776,0.085832,0.319452
ACACATTTCCGTAGAC-1,0.08209,0.186666,0.025275,0.06651,0.048918,0.219888,0.199774,0.170878
ACACCCAGCATGCAGC-1,0.023102,0.113901,0.012977,0.063395,0.078994,0.000025,0.62602,0.081585
ACACCCGAGAAATCCG-1,0.019633,0.006098,0.047453,0.063317,0.000041,0.035127,0.253189,0.575141
ACACCGAGCGCTCTTT-1,0.410505,0.215901,0.020925,0.173674,0.160815,0.000055,0.00011,0.018015
ACACCGGTCTGACCGC-1,0.634993,0.364417,0.000059,0.000059,0.000059,0.000059,0.000118,0.000236
ACACCTTAAGTAGGGC-1,0.021854,0.058351,0.003792,0.0554,0.332474,0.000041,0.452915,0.075173
ACACGAGACTCCTTCT-1,0.008295,0.00003,0.055426,0.021404,0.089294,0.01869,0.365239,0.441621
ACACGGCACTATGCAT-1,0.000036,0.080349,0.000036,0.04819,0.034369,0.058218,0.069249,0.709554
ACACGGGAACTTAGGG-1,0.000035,0.008469,0.000035,0.102418,0.298666,0.035353,0.102823,0.4522
ACACGTAGGCCACAAG-1,0.010182,0.000038,0.000038,0.111141,0.330994,0.000038,0.15417,0.393399
ACACTCCAATGTCACT-1,0.138145,0.255878,0.020633,0.000024,0.466645,0.000031,0.038445,0.0802
ACACTGATCAAGGTGT-1,0.002219,0.005205,0.061617,0.009583,0.007844,0.000028,0.5311,0.382405
ACACTGGGACAGTCGT-1,0.000091,0.000091,0.000091,0.875888,0.002108,0.000091,0.004927,0.116713
ACAGAACTGAGAACAA-1,0.323302,0.00009,0.574697,0.016281,0.013524,0.00009,0.071658,0.000359
ACAGATTAGGTTAGTG-1,0.000021,0.000021,0.000021,0.000021,0.024799,0.000021,0.095029,0.880068
ACAGCATAGAGCCAGT-1,0.000053,0.000053,0.047186,0.196706,0.005074,0.065882,0.498183,0.186863
ACAGCGACATTCTCAT-1,0.00004,0.00004,0.00004,0.013896,0.13587,0.014109,0.110447,0.725558
ACAGCGCACCCGCAGC-1,0.024187,0.000091,0.029624,0.849459,0.053275,0.000091,0.042908,0.000365
ACAGGCACGGATCCTT-1,0.028635,0.021973,0.001042,0.056578,0.056725,0.112141,0.355633,0.367273
ACAGGCTTGCCCGACT-1,0.000059,0.000059,0.000059,0.436717,0.305069,0.000059,0.228214,0.029765
ACAGGTGGAGGTGAGG-1,0.003159,0.000049,0.178539,0.290219,0.142127,0.009299,0.253826,0.122783
ACAGGTGTGTTGTTGC-1,0.485682,0.08316,0.191658,0.06152,0.000054,0.158358,0.019351,0.000217
ACAGTAATACAACTTG-1,0.56887,0.067755,0.006307,0.000034,0.201587,0.000034,0.073756,0.081658
ACATAAGTCGTGGTGA-1,0.791505,0.000111,0.207381,0.000111,0.000111,0.000111,0.000223,0.000446
ACATAATAAGGCGGTG-1,0.000036,0.000036,0.002392,0.037228,0.21506,0.071037,0.446787,0.227425
ACATACAATCAAGCGG-1,0.0428,0.076463,0.032555,0.002858,0.113354,0.069428,0.333609,0.328934
ACATCAGCTGGGACGC-1,0.382134,0.000053,0.12844,0.001452,0.487553,0.000053,0.000105,0.00021
ACATCCCGGCCATACG-1,0.045408,0.019168,0.052486,0.000033,0.081037,0.000033,0.016713,0.785121
ACATCGATCGTTTACC-1,0.000049,0.000049,0.030383,0.059181,0.000049,0.011152,0.749539,0.149596
ACATCGCAATATTCGG-1,0.628706,0.25703,0.080322,0.000056,0.000056,0.033491,0.000112,0.000225
ACATCGGTCAGCCGCG-1,0.000035,0.000035,0.170948,0.013573,0.000035,0.000786,0.279089,0.5355
ACATCGTATGCAATGG-1,0.000029,0.000029,0.033713,0.058059,0.118818,0.057368,0.417063,0.31492
ACATCGTTAACCTAGT-1,0.000041,0.107857,0.000041,0.115884,0.110374,0.008269,0.126895,0.530639
ACATCTCAACGCGTAA-1,0.000019,0.237604,0.000019,0.000019,0.017279,0.097036,0.000467,0.647556
ACATGCTTACGGCAGC-1,0.961138,0.038311,0.000055,0.000055,0.000055,0.000055,0.00011,0.00022
ACATGGCTCAATTTAG-1,0.000118,0.016003,0.219268,0.203958,0.000049,0.125828,0.395363,0.039411
ACATTAGTTTATATCC-1,0.000033,0.064243,0.040195,0.006777,0.020152,0.000033,0.435903,0.432664
ACATTCGCGCGGAATA-1,0.844401,0.06408,0.001521,0.061718,0.000066,0.027818,0.000132,0.000264
ACATTTGAAACCTAAC-1,0.000007,0.203064,0.000007,0.00064,0.000007,0.388048,0.233024,0.175202
ACCAAACTAGAAATCC-1,0.000032,0.005836,0.000032,0.138456,0.000032,0.143451,0.538717,0.173443
ACCAACCGCACTCCAC-1,0.004209,0.0638,0.000276,0.062285,0.442238,0.087212,0.281956,0.058025
ACCAACGCTTATTTAT-1,0.000047,0.000047,0.32276,0.294847,0.000801,0.007272,0.259434,0.114793
ACCAAGAACGCGTGTC-1,0.000029,0.000029,0.08161,0.103559,0.000029,0.004631,0.422075,0.388037
ACCAAGTCATCGGCAG-1,0.011642,0.053236,0.003442,0.036825,0.018835,0.352672,0.253113,0.270235
ACCAATATGCAAGTTA-1,0.018709,0.015678,0.004652,0.07045,0.011977,0.069426,0.332179,0.476928
ACCACAACTCAGAACA-1,0.109341,0.000072,0.000072,0.600571,0.289437,0.000072,0.000145,0.000289
ACCACAAGTTTCTATC-1,0.000031,0.000909,0.011642,0.086924,0.029657,0.004683,0.857773,0.008381
ACCACACGGTTGATGG-1,0.050828,0.527911,0.000396,0.00001,0.001652,0.046108,0.008403,0.364693
ACCACGTGCAGCTATA-1,0.031447,0.004618,0.000665,0.000088,0.116534,0.003972,0.260918,0.581758
ACCACTGTTCAAGAAG-1,0.060055,0.332829,0.070738,0.100289,0.089936,0.066094,0.019517,0.260542
ACCAGACCATAACAAC-1,0.795355,0.070489,0.020394,0.113218,0.000068,0.000068,0.000136,0.000272
ACCAGCCCGGTCTTTG-1,0.000056,0.000056,0.000056,0.185593,0.000056,0.127464,0.336076,0.350645
ACCAGGAGTGTGATCT-1,0.00003,0.00003,0.00003,0.047085,0.00003,0.093101,0.173291,0.686402
ACCAGTGCGGGAGACG-1,0.000022,0.005891,0.027348,0.000022,0.616166,0.014936,0.011559,0.324057
ACCATATCCGCAATAA-1,0.000021,0.112143,0.000021,0.024921,0.13406,0.054566,0.148518,0.52575
ACCATCCGCCAACTAG-1,0.630535,0.000069,0.326448,0.00902,0.033449,0.000069,0.000137,0.000274
ACCATCGTATATGGTA-1,0.000048,0.000048,0.166363,0.301945,0.000048,0.000048,0.363576,0.167924
ACCATTAAGGGTGTCA-1,0.031251,0.354718,0.101992,0.000015,0.096493,0.065836,0.000031,0.349664
ACCCAACGCCCGTGGC-1,0.090119,0.000058,0.000058,0.25559,0.653768,0.000058,0.000116,0.000232
ACCCACCTACATGCTC-1,0.042464,0.101062,0.076453,0.014661,0.074737,0.03716,0.010324,0.643139
ACCCATCTTGAGGGTA-1,0.000021,0.029795,0.038363,0.000021,0.010283,0.021177,0.025197,0.875144
ACCCATTTGTCCCTCT-1,0.000033,0.026266,0.005382,0.056055,0.127423,0.076901,0.165726,0.542214
ACCCGAGCGAAATTAC-1,0.161973,0.216849,0.396129,0.000055,0.000055,0.000055,0.00011,0.224775
ACCCGATTGGTTCCGA-1,0.760672,0.000082,0.000082,0.047353,0.191237,0.000082,0.000164,0.000328
ACCCGGAAACTCCCAG-1,0.000015,0.007945,0.000015,0.000015,0.000015,0.006337,0.478088,0.507571
ACCCGGAGCACCACAA-1,0.081941,0.331718,0.000047,0.505895,0.03367,0.000047,0.000093,0.046589
ACCCGGTTACACTTCC-1,0.000027,0.012661,0.052545,0.002458,0.000027,0.032537,0.302262,0.597482
ACCCGTAGCAGAGAAT-1,0.955577,0.000055,0.001211,0.000055,0.042713,0.000055,0.000111,0.000222
ACCCGTAGTCTAGTTG-1,0.000011,0.057875,0.000011,0.060217,0.113013,0.332102,0.020142,0.41663
ACCCGTGTCATCAGTA-1,0.000029,0.010445,0.066516,0.064609,0.020553,0.026556,0.02565,0.785642
ACCCTATAGGACTGAG-1,0.000042,0.000042,0.351543,0.059021,0.072074,0.137833,0.074218,0.305226
ACCCTATGCCATATCG-1,0.012776,0.108597,0.158286,0.105271,0.000026,0.000026,0.006094,0.608923
ACCCTCCCGTCAGGGC-1,0.025369,0.092596,0.031996,0.079368,0.079074,0.178765,0.410247,0.102584
ACCCTCCCTTGCTATT-1,0.000027,0.038458,0.007509,0.054143,0.031405,0.085168,0.183265,0.600025
ACCCTTCATCTGCGAA-1,0.000061,0.000061,0.124519,0.157511,0.000061,0.043077,0.484839,0.189872
ACCCTTTAGTTCTCCA-1,0.024348,0.029668,0.000068,0.359535,0.269626,0.026605,0.141374,0.148776
ACCGAAAGGGCCCTGC-1,0.000022,0.051663,0.026232,0.124228,0.000022,0.06219,0.437928,0.297716
ACCGAAGAGTCTGGTT-1,0.604137,0.037106,0.355324,0.002592,0.000105,0.000105,0.00021,0.00042
ACCGACACATCTCCCA-1,0.000025,0.042774,0.026654,0.103104,0.00932,0.000133,0.254166,0.563824
ACCGACTGAGTCCCAC-1,0.00004,0.007212,0.031748,0.103449,0.12754,0.097511,0.243419,0.389082
ACCGAGTCTCCTTATT-1,0.032231,0.144846,0.017436,0.001562,0.065251,0.254921,0.017459,0.466296
ACCGATAGGCATAACC-1,0.098368,0.000087,0.042805,0.723393,0.029772,0.04102,0.000173,0.064381
ACCGATGGTAGCATCG-1,0.000125,0.000125,0.003566,0.995188,0.000125,0.000125,0.000249,0.000498
ACCGCAATAACTGCCT-1,0.000029,0.000029,0.007321,0.018277,0.033748,0.004847,0.405435,0.530314
ACCGCTAGTCATTGGT-1,0.434374,0.565319,0.000031,0.000031,0.000031,0.000031,0.000062,0.000123
ACCGGGCCTTTGTTGA-1,0.000043,0.000043,0.000043,0.329009,0.670562,0.000043,0.000086,0.000172
ACCGGTCAGGTACACC-1,0.535054,0.00012,0.463747,0.00012,0.00012,0.00012,0.00024,0.00048
ACCGTCCACTGGGCCC-1,0.999473,0.000048,0.000048,0.000048,0.000048,0.000048,0.000096,0.000192
ACCGTGACCACGTGGG-1,0.288272,0.00007,0.260991,0.162169,0.288011,0.00007,0.000139,0.000278
ACCGTTCCCGCTCTGA-1,0.000073,0.000073,0.004191,0.30278,0.074805,0.096351,0.319196,0.202532
ACCTAAGTACCTTTCA-1,0.10165,0.184286,0.454201,0.065256,0.000061,0.058093,0.044409,0.092043
ACCTAATCGACTTCCT-1,0.000048,0.000561,0.172264,0.1617,0.000048,0.115144,0.315353,0.234882
ACCTACTATAAATCTA-1,0.000029,0.099207,0.18089,0.097141,0.013236,0.004839,0.114155,0.490504
ACCTCAGCGAGGCGCA-1,0.01225,0.111113,0.00201,0.081766,0.071782,0.174268,0.389132,0.157677
ACCTCCGCCCTCGCTG-1,0.000078,0.000078,0.006027,0.477714,0.341737,0.000078,0.006047,0.168241
ACCTCGAACTTATGCT-1,0.891254,0.073773,0.000081,0.000081,0.034247,0.000081,0.000161,0.000323
ACCTGCGTGTCATGTT-1,0.158929,0.000106,0.823409,0.016704,0.000106,0.000106,0.000213,0.000426
ACCTTTCCTTTAGAAG-1,0.005884,0.077064,0.01828,0.115898,0.007018,0.392379,0.29666,0.086817
ACGAAATGGGCGGCAC-1,0.000044,0.001602,0.638056,0.027975,0.000044,0.044916,0.107033,0.180332
ACGACTCTAGGGCCGA-1,0.090868,0.041567,0.138446,0.101006,0.162739,0.21062,0.198991,0.055764
ACGACTGGTCATACTC-1,0.207514,0.000068,0.5401,0.051934,0.000068,0.05606,0.143985,0.000272
ACGAGAACCCATCACG-1,0.011247,0.054001,0.028521,0.009022,0.016476,0.089182,0.115122,0.676428
ACGAGATATTTGCTTA-1,0.000141,0.000141,0.000141,0.84914,0.010585,0.000141,0.000282,0.139428
ACGAGGATACCACTCT-1,0.499522,0.000091,0.361577,0.041737,0.000091,0.025132,0.000183,0.071666
ACGAGGTTTACAACGT-1,0.61737,0.000107,0.300311,0.081353,0.000107,0.000107,0.000215,0.000429
ACGAGTCGCCGGCGTT-1,0.006063,0.532836,0.007709,0.010724,0.025611,0.054376,0.03006,0.332621
ACGATACATAGAACTA-1,0.085463,0.000046,0.000046,0.237218,0.676903,0.000046,0.000092,0.000184
ACGATACCTATCCTGA-1,0.77385,0.000072,0.019905,0.142127,0.063539,0.000072,0.000145,0.00029
ACGATCATACATAGAG-1,0.000929,0.064756,0.000031,0.065686,0.079811,0.058478,0.295958,0.43435
ACGATGCATATGTTAT-1,0.000427,0.107623,0.110869,0.113387,0.156388,0.004265,0.273241,0.233801
ACGATGGATCCGATGC-1,0.000048,0.000048,0.000048,0.12708,0.411605,0.026202,0.20511,0.22986
ACGCAAACTAATAGAT-1,0.043645,0.168129,0.396201,0.261972,0.00005,0.00005,0.00543,0.124522
ACGCATACGTTTACTA-1,0.000022,0.00005,0.000022,0.000022,0.026418,0.049159,0.0122,0.912108
ACGCATTCGTGAGTAC-1,0.000036,0.000036,0.0394,0.041268,0.10722,0.092254,0.359087,0.3607
ACGCCACTCGAAACAG-1,0.02696,0.164434,0.150501,0.455088,0.009941,0.148138,0.028847,0.01609
ACGCCAGATGATTTCT-1,0.000027,0.096545,0.000027,0.002448,0.114698,0.001828,0.150751,0.633674
ACGCCAGTGCGTTTGC-1,0.024533,0.019405,0.000014,0.004321,0.000014,0.26157,0.212517,0.477626
ACGCCCAGCTGTCGAT-1,0.000027,0.250332,0.000027,0.006543,0.004627,0.106167,0.040678,0.591601
ACGCCGCTAGACGACC-1,0.000043,0.000043,0.000045,0.159962,0.054924,0.011052,0.547029,0.226901
ACGCGAAGTCAGACGA-1,0.00807,0.050341,0.019769,0.011655,0.187673,0.014078,0.115801,0.592612
ACGCGCTACACAGGGT-1,0.03871,0.074658,0.142397,0.012384,0.016095,0.005235,0.062815,0.647705
ACGCGGGCCAAGGACA-1,0.000034,0.000034,0.000231,0.088476,0.272387,0.001018,0.596348,0.041472
ACGCGTTTCTTAAGAG-1,0.311708,0.000085,0.500115,0.059778,0.000085,0.122268,0.005619,0.000341
ACGCTACTGAATGGGC-1,0.000013,0.140477,0.000013,0.000013,0.039002,0.396967,0.00469,0.418825
ACGCTGTGAGGCGTAG-1,0.513544,0.000079,0.414144,0.026883,0.044797,0.000079,0.000158,0.000316
ACGCTTAGTGTCTCTC-1,0.000127,0.000127,0.000127,0.723843,0.27489,0.000127,0.000253,0.000507
ACGGAACACGAGTGCC-1,0.02179,0.160652,0.004126,0.040999,0.000017,0.272881,0.49947,0.000067
ACGGAATTTAGCAAAT-1,0.000047,0.014428,0.230294,0.176457,0.011526,0.005438,0.261652,0.300158
ACGGACGCAGCGACAA-1,0.999385,0.000056,0.000056,0.000056,0.000056,0.000056,0.000112,0.000224
ACGGACTCTCAAAGCG-1,0.000013,0.004327,0.001214,0.000013,0.000611,0.006442,0.232272,0.755108
ACGGATGGTGCGGATA-1,0.000028,0.000028,0.097223,0.044629,0.008124,0.032869,0.632728,0.184371
ACGGCACTTGCTTGGG-1,0.000026,0.027984,0.005532,0.002782,0.025587,0.031131,0.255428,0.65153
ACGGCCAACATGGACT-1,0.01512,0.010823,0.083773,0.114968,0.002011,0.04773,0.19618,0.529394
ACGGCGACGATGGGAA-1,0.000052,0.000052,0.000052,0.285596,0.000052,0.015313,0.453681,0.245203
ACGGCGGGTTGCCCTG-1,0.000035,0.00985,0.045679,0.08901,0.000035,0.052466,0.293353,0.509573
ACGGCTGGATGTAGAA-1,0.827999,0.000071,0.165127,0.000071,0.006236,0.000071,0.000142,0.000283
ACGGGAGTGTCGGCCC-1,0.025096,0.122884,0.564927,0.052846,0.000057,0.024547,0.000114,0.209529
ACGGGTCATGTGACTT-1,0.055996,0.432962,0.000029,0.000503,0.136225,0.000029,0.300171,0.074084
ACGGGTTGTGACCTGT-1,0.575887,0.409426,0.000024,0.000024,0.000024,0.014467,0.000049,0.000098
ACGGTACAGTTCAATG-1,0.002361,0.150263,0.012253,0.154364,0.164492,0.226679,0.221333,0.068255
ACGGTCACCGAGAACA-1,0.999618,0.000035,0.000035,0.000035,0.000035,0.000035,0.000069,0.000139
ACGTACAGATTTCTCT-1,0.000042,0.000135,0.000042,0.002202,0.028268,0.082371,0.169841,0.717098
ACGTACTTTGGCACGG-1,0.574878,0.299534,0.070115,0.000044,0.034377,0.000044,0.000088,0.02092
ACGTAGATTGCTGATG-1,0.000051,0.000051,0.102452,0.253749,0.163085,0.000051,0.316548,0.164012
ACGTAGGAGAGTCGCT-1,0.013753,0.176055,0.100109,0.137867,0.03088,0.02328,0.24398,0.274076
ACGTATTACTCCGATC-1,0.010297,0.00017,0.00017,0.987999,0.00017,0.00017,0.000341,0.000682
ACGTCCTAAACGAGAT-1,0.00004,0.00004,0.003102,0.383404,0.001128,0.281878,0.313526,0.016881
ACGTCGGGCAACTCGG-1,0.586972,0.221055,0.086746,0.000028,0.000028,0.027157,0.001032,0.076981
ACGTCTCGTTCCGGGA-1,0.53633,0.000084,0.312942,0.149969,0.000084,0.000084,0.000169,0.000337
ACGTGACAAAGTAAGT-1,0.87668,0.000054,0.122784,0.000054,0.000054,0.000054,0.000107,0.000214
ACGTGCGCCTCGTGCA-1,0.000024,0.000024,0.000024,0.000024,0.018907,0.0501,0.176416,0.75448
ACGTGGTCGAATGTGC-1,0.000042,0.000042,0.000042,0.085731,0.654835,0.101045,0.128915,0.029347
ACGTTAATGTCGAAGA-1,0.000021,0.000021,0.000021,0.000021,0.044009,0.033142,0.192182,0.730582
ACGTTAGATTTGCCCG-1,0.000023,0.023019,0.073329,0.000023,0.000023,0.005079,0.069112,0.829392
ACGTTATTGGTCACTC-1,0.080986,0.179815,0.449806,0.009003,0.010928,0.149415,0.106594,0.013453
ACGTTCACTATGCCGC-1,0.790863,0.005402,0.075483,0.000048,0.012604,0.11528,0.000096,0.000224
ACGTTCCGCGCTCCGT-1,0.017795,0.000039,0.020597,0.264907,0.000039,0.013645,0.587505,0.095474
ACGTTCGTTCAGGAAA-1,0.000039,0.090613,0.345445,0.196606,0.002081,0.005523,0.01772,0.341973
ACGTTCTGTACAAGTC-1,0.000036,0.000169,0.000036,0.048077,0.257555,0.043628,0.482365,0.168134
ACGTTGTCGTTGAAAG-1,0.785671,0.000071,0.113447,0.035262,0.000071,0.000071,0.065121,0.000285
ACGTTTAGTTGTGATC-1,0.000052,0.000052,0.017052,0.117592,0.000052,0.000052,0.462861,0.402288
ACGTTTCGGTGCACTT-1,0.01932,0.068417,0.037638,0.028674,0.144975,0.106285,0.105124,0.489567
ACTACAAAGAGAGGTG-1,0.330861,0.000067,0.34054,0.088366,0.088512,0.000179,0.000135,0.151339
ACTACATCCCGACAAG-1,0.844022,0.143257,0.000066,0.000066,0.012126,0.000066,0.000132,0.000265
ACTACCAGCTCTCTGG-1,0.000042,0.000042,0.23593,0.156162,0.229554,0.000042,0.343431,0.034797
ACTACCATCCGAGGGC-1,0.93319,0.019555,0.003996,0.015144,0.00007,0.027628,0.00014,0.000279
ACTACGCGTTAGAATT-1,0.051397,0.055822,0.004691,0.000013,0.014441,0.004212,0.017584,0.851841
ACTAGTTGCGATCGTC-1,0.000107,0.000107,0.119435,0.436519,0.273123,0.000107,0.014448,0.156154
ACTATCGCCGGCTAAA-1,0.11036,0.177957,0.145475,0.01274,0.182012,0.053236,0.049124,0.269096
ACTATCTGCCCGCGTA-1,0.077339,0.083356,0.00009,0.468723,0.20645,0.00009,0.005585,0.158367
ACTATGTCCAGCTGCC-1,0.724534,0.000203,0.273433,0.000203,0.000203,0.000203,0.000407,0.000813
ACTATTCGTCCGTGGT-1,0.000024,0.052419,0.000024,0.000024,0.000024,0.077839,0.014228,0.85542
ACTATTTCCGGGCCCA-1,0.137959,0.108229,0.060538,0.008354,0.06466,0.000026,0.36048,0.259754
ACTCAACGAATGTATT-1,0.071846,0.018261,0.056462,0.225002,0.105367,0.13716,0.227319,0.158583
ACTCAAGTGCAAGGCT-1,0.000022,0.010999,0.029787,0.051347,0.12582,0.006844,0.361862,0.413319
ACTCAATAAAGGCACG-1,0.000048,0.000048,0.046122,0.185787,0.11634,0.029856,0.274326,0.347472
