Barcode,Topic 1,Topic 2to5,Topic 6to7,Topic 8,Topic 9
AAACAAGTATCTCCCA-1,0.046759,0.564279,0.054219,0.32188,0.012863
AAACAATCTACTAGCA-1,0.080294,0.410564,0.412401,0.095814,0.000926
AAACACCAATAACTGC-1,0.026694,0.112846,0.860415,0.000017,0.000028
AAACAGAGCGACTCCT-1,0.000034,0.592089,0.298893,0.086417,0.022568
AAACAGGGTCTATATT-1,0.000108,0.000433,0.000217,0.250929,0.748312
AAACAGTGTTCCTGGG-1,0.018002,0.323869,0.53647,0.084048,0.03761
AAACATTTCCCGGATT-1,0.289011,0.211047,0.482724,0.016382,0.000835
AAACCACTACACAGAT-1,0.001202,0.164966,0.64806,0.164547,0.021226
AAACCCGAACGAAATC-1,0.098237,0.47592,0.072179,0.334347,0.019317
AAACCGGAAATGTTAA-1,0.27088,0.582573,0.081567,0.044868,0.020111
AAACCGGGTAGGTACC-1,0.049847,0.000327,0.007385,0.213824,0.728617
AAACCGTTCGTCCAGG-1,0.000064,0.337495,0.055697,0.606679,0.000064
AAACCTAAGCAGCCGG-1,0.267927,0.176253,0.368931,0.135376,0.051513
AAACCTCATGAAGTTG-1,0.000092,0.000369,0.000184,0.470677,0.528678
AAACGAAGAACATACC-1,0.043275,0.877605,0.079088,0.000016,0.000016
AAACGAAGATGGAGTA-1,0.002139,0.08702,0.701268,0.125051,0.084522
AAACGACAGTCTTGCC-1,0.00006,0.009684,0.01888,0.318109,0.653267
AAACGAGACGGTTGAT-1,0.019168,0.221396,0.002032,0.041212,0.716192
AAACGCCCGAGATCGG-1,0.004387,0.039208,0.615526,0.233476,0.107403
AAACGGGCGTACGGGT-1,0.686025,0.059662,0.22706,0.00345,0.023804
AAACGGTTGCGAACTG-1,0.026268,0.331457,0.630628,0.011635,0.000012
AAACGTGTTCGCCCTA-1,0.000126,0.243784,0.047485,0.402869,0.305736
AAACTAACGTGGCGAC-1,0.000028,0.641323,0.27576,0.082862,0.000028
AAACTCGGTTCGCAAT-1,0.022672,0.37208,0.548691,0.003893,0.052663
AAACTCGTGATATAAG-1,0.000086,0.000323,0.000161,0.001303,0.998126
AAACTGCTGGCTCCAA-1,0.040513,0.847676,0.055496,0.030854,0.025462
AAACTTAATTGCACGC-1,0.033843,0.033096,0.813017,0.118868,0.001175
AAACTTGCAAACGTAT-1,0.071047,0.000402,0.000201,0.147673,0.780677
AAAGAATGTGGACTAA-1,0.831178,0.059193,0.086931,0.000018,0.022681
AAAGACATGAAGTTTA-1,0.009607,0.223992,0.719312,0.037419,0.00967
AAAGACCCAAGTCGCG-1,0.00003,0.841458,0.068855,0.089628,0.00003
AAAGACTGGGCGCTTT-1,0.000064,0.133467,0.521947,0.132102,0.21242
AAAGCTTGCCTACATA-1,0.015787,0.538825,0.376729,0.034859,0.033799
AAAGGCCCTATAATAC-1,0.016404,0.097451,0.844403,0.041725,0.000017
AAAGGCTACGGACCAT-1,0.060696,0.195347,0.55656,0.174629,0.012769
AAAGGCTCTCGCGCCG-1,0.013199,0.437371,0.24451,0.304872,0.000049
AAAGGGATGTAGCAAG-1,0.000032,0.521071,0.18071,0.00632,0.291867
AAAGGGCAGCTTGAAT-1,0.00005,0.439148,0.070099,0.418307,0.072396
AAAGGTAAGCTGTACC-1,0.033882,0.461585,0.145842,0.318602,0.040088
AAAGGTCAACGACATG-1,0.145894,0.004275,0.000628,0.16303,0.686173
AAAGTAGCATTGCTCA-1,0.010265,0.430514,0.501927,0.057263,0.000031
AAAGTCACTGATGTAA-1,0.016249,0.863917,0.119801,0.000017,0.000017
AAAGTCGACCCTCAGT-1,0.070097,0.082291,0.000133,0.087915,0.759564
AAAGTGTGATTTATCT-1,0.000015,0.928648,0.04275,0.028572,0.000015
AAAGTTGACTCCCGTA-1,0.109832,0.528192,0.034718,0.327224,0.000034
AAATAACCATACGGGA-1,0.0013,0.638669,0.349743,0.010263,0.000025
AAATAAGGTAGTGCCC-1,0.000018,0.777475,0.146185,0.019773,0.05655
AAATACCTATAAGCAT-1,0.038621,0.659385,0.071573,0.157462,0.072959
AAATAGCTTAGACTTT-1,0.000018,0.873773,0.125087,0.001104,0.000018
AAATAGGGTGCTATTG-1,0.000479,0.579318,0.039379,0.282798,0.098026
AAATCACTCCTAAACG-1,0.068505,0.37815,0.282575,0.068359,0.202412
AAATCCGATACACGCC-1,0.364831,0.066532,0.25324,0.271222,0.044175
AAATCGCGGAAGGAGT-1,0.002359,0.090156,0.901154,0.001856,0.004476
AAATCGTGTACCACAA-1,0.00004,0.748093,0.054206,0.189776,0.007885
AAATCTAGCCCTGCTA-1,0.019478,0.635144,0.340506,0.0042,0.000672
AAATCTGCCCGCGTCC-1,0.042289,0.381432,0.419419,0.104244,0.052616
AAATGACTGATCAAAC-1,0.413858,0.000204,0.410767,0.175119,0.000051
AAATGATTCGATCAGC-1,0.060866,0.414447,0.007154,0.069563,0.44797
AAATGCTCGTTACGTT-1,0.09541,0.692726,0.060488,0.151339,0.000037
AAATGGCATGTCTTGT-1,0.000069,0.583942,0.000137,0.392865,0.022987
AAATGGCCCGTGCCCT-1,0.000115,0.000459,0.02414,0.692891,0.282396
AAATGGTCAATGTGCC-1,0.339542,0.100209,0.000114,0.020855,0.539279
AAATGTGGGTGCTCCT-1,0.000041,0.418863,0.096869,0.465849,0.018378
AAATTAACGGGTAGCT-1,0.107533,0.612609,0.028184,0.035107,0.216568
AAATTAATAAGCGCGA-1,0.020251,0.585031,0.107797,0.190798,0.096123
AAATTACACGACTCTG-1,0.014504,0.631093,0.354348,0.000027,0.000027
AAATTACCTATCGATG-1,0.000057,0.247555,0.000115,0.496353,0.25592
AAATTCCAGGTCCAAA-1,0.002735,0.838108,0.035886,0.083207,0.040064
AAATTGATAGTCCTTT-1,0.000034,0.282223,0.67186,0.040922,0.004961
AAATTGGTGAGAAGCA-1,0.0001,0.101215,0.081803,0.220239,0.596642
AAATTTACCGAAATCC-1,0.012224,0.635451,0.323483,0.016251,0.012591
AAATTTGCGGGTGTGG-1,0.000039,0.460369,0.24232,0.233749,0.063522
AACAACTGGTAGTTGC-1,0.007,0.558974,0.167889,0.233216,0.032921
AACAATACATTGTCGA-1,0.017871,0.02607,0.760138,0.161252,0.034668
AACAATTACTCTACGC-1,0.000877,0.548316,0.333528,0.07734,0.039938
AACACACGCTCGCCGC-1,0.09625,0.854843,0.045977,0.002916,0.000015
AACACGACTGTACTGA-1,0.000047,0.753472,0.035469,0.210964,0.000047
AACACGAGACGCGGCC-1,0.047151,0.000325,0.039566,0.089091,0.823867
AACACGCGGCCGCGAA-1,0.094138,0.762173,0.046057,0.085414,0.012217
AACAGCTGTGTGGCAA-1,0.000016,0.528806,0.469891,0.001271,0.000016
AACAGGAAATCGAATA-1,0.003006,0.774541,0.149947,0.011078,0.061428
AACAGGATGGGCCGCG-1,0.000043,0.867852,0.07436,0.057702,0.000043
AACAGGTAGTATGGAT-1,0.028625,0.672326,0.181091,0.113759,0.004199
AACATAGCGTGTATCG-1,0.897654,0.000152,0.000076,0.033117,0.069002
AACATATCAACTGGTG-1,0.00003,0.53822,0.242498,0.219221,0.00003
AACATCGATACGTCTA-1,0.017085,0.078256,0.000175,0.32667,0.577814
AACATTGAAGTTGATC-1,0.003231,0.207007,0.692593,0.031295,0.065874
AACATTGTGACTCGAG-1,0.052397,0.563315,0.254447,0.122554,0.007288
AACCAAGACTTCTCTG-1,0.035047,0.018518,0.023328,0.007817,0.91529
AACCAGTATCACTCTT-1,0.066681,0.594271,0.201001,0.12199,0.016056
AACCATAGGGTTGAAC-1,0.007693,0.122911,0.854024,0.013989,0.001383
AACCATGGGATCGCTA-1,0.038288,0.458622,0.107049,0.284858,0.111183
AACCCAGAGACGGAGA-1,0.01574,0.704504,0.214282,0.06544,0.000034
AACCCATCCCATGATC-1,0.00002,0.000082,0.88146,0.00002,0.118417
AACCCGACAACCCGTG-1,0.052925,0.463789,0.48327,0.000008,0.000008
AACCCGAGCAGAATCG-1,0.19675,0.057161,0.222369,0.47466,0.04906
AACCCGATAGGGCTTC-1,0.018463,0.388603,0.491931,0.077544,0.023459
AACCCGCTGTATTCCA-1,0.315012,0.001317,0.483298,0.184692,0.015681
AACCCTACTGTCAATA-1,0.002582,0.40581,0.009471,0.475784,0.106352
AACCCTGGTGGAACCA-1,0.013818,0.522117,0.025232,0.138497,0.300337
AACCGAGCTTGGTCAT-1,0.05935,0.452539,0.305312,0.044542,0.138256
AACCGCTAAGGGATGC-1,0.026783,0.558224,0.064326,0.305506,0.045161
AACCGTTGTGTTTGCT-1,0.00003,0.910263,0.089647,0.00003,0.00003
AACCTAAAGCCGTCCG-1,0.000031,0.671138,0.080997,0.088767,0.159066
AACCTCGCTTTAGCCC-1,0.025095,0.248443,0.666479,0.020382,0.039601
AACCTGTCACGGAATT-1,0.000022,0.905177,0.017658,0.037142,0.040001
AACCTTTAAATACGGT-1,0.064653,0.50972,0.127144,0.298452,0.000031
AACCTTTACGACGTCT-1,0.000036,0.660136,0.290737,0.040784,0.008308
AACGAAAGTCGTCCCA-1,0.001281,0.000109,0.998591,0.000009,0.000009
AACGACCTCCTAGCCG-1,0.67731,0.120364,0.040177,0.07868,0.083469
AACGATAATGCCGTAG-1,0.000014,0.908421,0.091537,0.000014,0.000014
AACGATAGAAGGGCCG-1,0.101257,0.69437,0.040207,0.092335,0.071831
AACGATATGTCAACTG-1,0.002667,0.07984,0.082371,0.016318,0.818804
AACGCATGATCTGGGT-1,0.000085,0.000339,0.00017,0.053529,0.945877
AACGCGAACGGCAACA-1,0.01272,0.719361,0.087893,0.171072,0.008954
AACGCGACCTTGGGCG-1,0.015197,0.316703,0.494529,0.155428,0.018143
AACGCGGTCTCCAGCC-1,0.000042,0.587344,0.269085,0.048855,0.094675
AACGCTGTTGCTGAAA-1,0.108361,0.71853,0.155774,0.004669,0.012666
AACGGACGTACGTATA-1,0.311455,0.464631,0.003399,0.199219,0.021297
AACGGCCATCTCCGGT-1,0.000021,0.526518,0.366525,0.042508,0.064428
AACGTACTGTGGGTAC-1,0.012452,0.685759,0.200389,0.074994,0.026405
AACGTAGTCTACCCAT-1,0.020899,0.800885,0.141974,0.0362,0.000042
AACGTCAGACTAGTGG-1,0.046556,0.847579,0.103242,0.002589,0.000033
AACGTCGCTGCACTTC-1,0.930724,0.00009,0.000045,0.050455,0.018686
AACGTGATGAAGGACA-1,0.086456,0.712312,0.131281,0.069902,0.000049
AACGTGCGAAAGTCTC-1,0.000036,0.694178,0.000071,0.118958,0.186758
AACGTTATCAGCACCT-1,0.000019,0.760742,0.239201,0.000019,0.000019
AACTACCCGTTTGTCA-1,0.030085,0.441981,0.079129,0.358791,0.090014
AACTAGCGTATCGCAC-1,0.000996,0.589355,0.25753,0.120898,0.031221
AACTAGGCTTGGGTGT-1,0.005242,0.178747,0.661152,0.123495,0.031363
AACTCAAGTTAATTGC-1,0.100207,0.232249,0.117029,0.0514,0.499116
AACTCCAGAGCGTGTT-1,0.087928,0.427024,0.432638,0.043633,0.008777
AACTCCTAATCCCATG-1,0.002468,0.585839,0.198453,0.048742,0.164498
AACTCGATGGCGCAGT-1,0.000025,0.737249,0.126115,0.012005,0.124607
AACTCTCAATAGAGCG-1,0.040577,0.454679,0.475262,0.010832,0.018651
AACTCTCAGTGTGCTC-1,0.100677,0.181538,0.235707,0.482019,0.000058
AACTGAGGTCAGCGTC-1,0.000047,0.612828,0.119314,0.139953,0.127858
AACTGATATTAGGCCT-1,0.093155,0.654876,0.056723,0.086074,0.109172
AACTGGGTCCCGACGT-1,0.000022,0.978038,0.021897,0.000022,0.000022
AACTGGGTTCGAGCCG-1,0.000048,0.51926,0.009571,0.358296,0.112824
AACTGGTGTGGGCCTT-1,0.000061,0.515061,0.030099,0.383609,0.07117
AACTTCTGCGTCTATC-1,0.005162,0.577368,0.307258,0.110172,0.000041
AACTTGCCCGTATGCA-1,0.008637,0.802664,0.091898,0.092166,0.004635
AACTTGCGTTCTCGCG-1,0.014111,0.7459,0.203678,0.001419,0.034892
AACTTTACGGGAGCTT-1,0.000031,0.717508,0.169417,0.110266,0.002778
AACTTTAGCTGCTGAG-1,0.000025,0.990489,0.009436,0.000025,0.000025
AACTTTCTCGATCATG-1,0.010107,0.000389,0.000195,0.216441,0.772868
AAGAAAGTTTGATGGG-1,0.036132,0.279859,0.46906,0.137615,0.077334
AAGAAGGATCAGTTAG-1,0.078034,0.791612,0.082612,0.04772,0.000022
AAGACATACGTGGTTT-1,0.882171,0.0001,0.00005,0.073005,0.044674
AAGACCAAATAACTCA-1,0.010745,0.000081,0.800766,0.148948,0.03946
AAGACCCAACTGAACA-1,0.079342,0.092455,0.434529,0.39365,0.000023
AAGACTAACCCGTTGT-1,0.062753,0.803164,0.024606,0.109459,0.000019
AAGACTCACGCCCACT-1,0.005892,0.346706,0.426319,0.206715,0.014369
AAGACTGCAAGCTACT-1,0.000037,0.749351,0.103124,0.095926,0.051562
AAGAGATGAATCGGTA-1,0.000028,0.774115,0.112011,0.013315,0.100532
AAGAGCTCTTTATCGG-1,0.000032,0.858523,0.085679,0.039819,0.015948
AAGAGGCATGGATCGC-1,0.000028,0.85463,0.073694,0.053871,0.017778
AAGAGGCCCTTTGGAA-1,0.158613,0.020066,0.271355,0.408869,0.141097
AAGATGGCACCGGACC-1,0.015754,0.215089,0.53984,0.1314,0.097917
AAGATTGGCGGAACGT-1,0.000084,0.09894,0.000167,0.641339,0.25947
AAGCACCCTGCGTATC-1,0.153084,0.07065,0.393791,0.044461,0.338014
AAGCATACTCTCCTGA-1,0.039805,0.796515,0.162292,0.001375,0.000013
AAGCCACTTGCAGGTA-1,0.112765,0.020017,0.268827,0.59834,0.00005
AAGCCGAAGCGGTTTA-1,0.021217,0.52367,0.294891,0.110762,0.049459
AAGCCGCCGTGAAATC-1,0.024198,0.120587,0.467023,0.388163,0.000029
AAGCGCAGGGCTTTGA-1,0.053079,0.066793,0.837701,0.03485,0.007576
AAGCGGAGTGCGCGCA-1,0.00002,0.206554,0.715477,0.062004,0.015945
AAGCGGCGTCATGGGT-1,0.000047,0.847572,0.052107,0.100226,0.000047
AAGCGTCCCTCATCGA-1,0.014779,0.371333,0.549353,0.031223,0.033312
AAGCTAGATCGAGTAA-1,0.039903,0.505255,0.024884,0.395994,0.033964
AAGCTCGTGCCAAGTC-1,0.00552,0.833667,0.023514,0.051644,0.085654
AAGCTCTTTCATGGTG-1,0.03526,0.685827,0.254392,0.02449,0.000031
AAGGAGAACTTATAAG-1,0.052315,0.784396,0.156702,0.006063,0.000524
AAGGAGCGGTTGGTGC-1,0.000069,0.496112,0.000141,0.275197,0.228482
AAGGATCGATCGCTTG-1,0.035108,0.438178,0.026243,0.500434,0.000037
AAGGATGAGGGACCTC-1,0.000051,0.399387,0.002498,0.262806,0.335258
AAGGCAGGCTGTCTCC-1,0.006955,0.634152,0.095886,0.202261,0.060746
AAGGCGCGTAAAGCTT-1,0.00005,0.734989,0.000713,0.156409,0.107839
AAGGCTGTGCTCATCG-1,0.00008,0.294914,0.076693,0.297283,0.331032
AAGGGAACGACTGGCT-1,0.078294,0.015587,0.71214,0.170089,0.023891
AAGGGACAGATTCTGT-1,0.000086,0.224961,0.000173,0.40846,0.366321
AAGGGACTATGCATTC-1,0.000022,0.339767,0.593093,0.067095,0.000022
AAGGGTTAGCCATGCG-1,0.534791,0.307696,0.060335,0.058429,0.038748
AAGGTATCCTAATATA-1,0.00015,0.180253,0.126389,0.022155,0.671053
AAGGTGATAAACCAGC-1,0.000016,0.769953,0.194063,0.015244,0.020724
AAGTAAGCTTCCAAAC-1,0.008129,0.607511,0.025317,0.358923,0.000119
AAGTAGAAGACCGGGT-1,0.028788,0.765395,0.013941,0.191819,0.000057
AAGTAGTGACGCGAGG-1,0.003518,0.140784,0.000158,0.003417,0.852123
AAGTCAATTGTCGTCA-1,0.000041,0.418393,0.000081,0.531696,0.049789
AAGTCTAGTAGCTGCC-1,0.047348,0.428725,0.054095,0.009248,0.460584
AAGTGAGTCGGGTTTA-1,0.000556,0.130031,0.635795,0.218863,0.014755
AAGTGCAAAGGTAGAC-1,0.000054,0.440444,0.216775,0.280152,0.062575
AAGTGCCTTGACTGTA-1,0.000031,0.595791,0.068017,0.273305,0.062855
AAGTGCGTTAGAATCT-1,0.000043,0.365922,0.257935,0.060819,0.315281
AAGTGCTTCTCTATTG-1,0.023983,0.086686,0.78725,0.099643,0.002438
AAGTGTTTGGAGACGG-1,0.023538,0.546173,0.00887,0.421372,0.000046
AAGTTCACTCCAAGCT-1,0.027021,0.535345,0.363049,0.003895,0.07069
AAGTTCAGTCTGCGTA-1,0.000038,0.689168,0.063262,0.043779,0.203752
AAGTTCGGCCAACAGG-1,0.000023,0.546911,0.205054,0.004173,0.243839
AAGTTGTGATGTTATA-1,0.997043,0.000251,0.000033,0.000017,0.002656
AAGTTTACTAATGGCA-1,0.000016,0.914764,0.085189,0.000016,0.000016
AAGTTTATGGGCCCAA-1,0.040707,0.034835,0.797241,0.051868,0.075349
AATAACAACGCTCGGC-1,0.000052,0.000208,0.114236,0.000052,0.885452
AATAACACTAGAACAA-1,0.000028,0.438411,0.431607,0.120658,0.009295
AATAAGTCCTCGAGAC-1,0.000041,0.667945,0.120753,0.211219,0.000041
AATAATCTTCGTATCG-1,0.649796,0.157236,0.011074,0.117474,0.064421
AATACAATGTTTCAGG-1,0.012223,0.711966,0.266185,0.009588,0.000038
AATACCGGAGGGCTGT-1,0.073381,0.178163,0.619291,0.054493,0.074672
AATACCTGATGTGAAC-1,0.952867,0.000092,0.000046,0.000023,0.046972
AATAGAACAGAGTGGC-1,0.000053,0.172762,0.260643,0.496606,0.069936
AATAGAATCTGTTTCA-1,0.000011,0.946183,0.053786,0.000011,0.000011
AATAGCAAGCCTCCTG-1,0.000026,0.604477,0.337273,0.058198,0.000026
AATAGCTACCGCGTGC-1,0.000126,0.000504,0.000252,0.241206,0.757913
AATAGTCCGTCCCGAC-1,0.004786,0.289249,0.45573,0.250205,0.000029
AATAGTCGCGAGTCGG-1,0.037598,0.459892,0.176525,0.284221,0.041764
AATATCAAGGTCGGAT-1,0.092887,0.631539,0.061347,0.192887,0.02134
AATATCGAATCAATGC-1,0.000011,0.892017,0.107949,0.000011,0.000011
AATATCGAGGGTTCTC-1,0.000042,0.548517,0.153714,0.156747,0.140981
AATATTGGAGTATTGA-1,0.000054,0.63241,0.054123,0.047174,0.266239
AATCAGACTGCAGGAC-1,0.066872,0.732364,0.033484,0.160079,0.0072
AATCAGGTTTCATTTA-1,0.125197,0.051331,0.615969,0.207152,0.00035
AATCATGTAAAGACTC-1,0.068949,0.671468,0.19492,0.045824,0.018839
AATCCAAGGGCCTGAG-1,0.000058,0.529744,0.060971,0.038373,0.370854
AATCCATGCAAGGGTG-1,0.00002,0.938661,0.026586,0.034713,0.00002
AATCCCGCTCAGAGCC-1,0.227843,0.000171,0.648443,0.06831,0.055233
AATCGAGGTCTCAAGG-1,0.962499,0.000283,0.037077,0.000071,0.000071
AATCGCCTCAGCGCCA-1,0.025978,0.646242,0.000753,0.154703,0.172323
AATCGCGCAGAGGACT-1,0.071554,0.831509,0.017207,0.060558,0.019173
AATCGGGACACTACGA-1,0.000029,0.879437,0.120476,0.000029,0.000029
AATCGGTATAGCCCTC-1,0.759502,0.036001,0.082895,0.000538,0.121064
AATCGTGAGCCGAGCA-1,0.713645,0.018971,0.039789,0.227371,0.000223
AATCTAGGTTTACTTG-1,0.000041,0.073494,0.656263,0.088272,0.18193
AATCTATGCCGGAGCC-1,0.000039,0.512261,0.317956,0.119783,0.049961
AATCTCTACTGTGGTT-1,0.000122,0.000489,0.000245,0.40688,0.592264
AATCTGCGTTGGGACG-1,0.02756,0.767733,0.095897,0.105364,0.003446
AATCTGGCTTTCTAGT-1,0.000104,0.000414,0.000207,0.580143,0.419132
AATCTGGGTAGACCCT-1,0.077304,0.468677,0.057658,0.396315,0.000046
AATGACAGCAATGTCT-1,0.000035,0.430336,0.289568,0.02595,0.254111
AATGACGTAGGATGTC-1,0.000017,0.916289,0.041209,0.006891,0.035593
AATGACTGTCAGCCGG-1,0.019646,0.669674,0.053781,0.251682,0.005217
AATGAGTTCGCATATG-1,0.001448,0.831323,0.120616,0.046584,0.000029
AATGATGATACGCTAT-1,0.000089,0.000392,0.000177,0.000089,0.999253
AATGATGCGACTCCTG-1,0.025307,0.074121,0.000178,0.542163,0.358231
AATGCAACCGGGTACC-1,0.00003,0.737783,0.199862,0.01363,0.048694
AATGCACCAAGCAATG-1,0.000132,0.144703,0.000263,0.39072,0.464182
AATGGCCGCCAATGCG-1,0.081608,0.194633,0.1321,0.177209,0.41445
AATGGTCCACCGTTCA-1,0.004501,0.061795,0.409051,0.316965,0.207689
AATGGTTCTCACAAGC-1,0.004291,0.366174,0.002354,0.627086,0.000096
AATGTATGGCACTGTA-1,0.016393,0.000093,0.937584,0.025591,0.020339
AATGTGCCCGAGGTGT-1,0.000034,0.356094,0.387047,0.147079,0.109746
AATGTGCTAATCTGAG-1,0.011008,0.123768,0.865196,0.000014,0.000014
AATGTTAAGACCCTGA-1,0.639266,0.00013,0.3523,0.008272,0.000032
AATGTTGTCGTGAGAC-1,0.938031,0.000096,0.000048,0.003226,0.058599
AATTAAAGGTCGGCGT-1,0.052379,0.809751,0.076048,0.03021,0.031611
AATTAACGGATTTCCA-1,0.024875,0.564643,0.176237,0.086255,0.14799
AATTACGAGACCCATC-1,0.022204,0.118709,0.550423,0.125392,0.183272
AATTAGCGCTGCAGCG-1,0.04267,0.730625,0.184463,0.042219,0.000022
AATTATACCCAGCAAG-1,0.985472,0.00021,0.000105,0.014161,0.000052
AATTCATAAGGGATCT-1,0.052093,0.00048,0.152064,0.030237,0.765126
AATTCATTGTCATGCA-1,0.000012,0.028858,0.971106,0.000012,0.000012
AATTCCAAGCATGTAC-1,0.07144,0.137453,0.623958,0.144185,0.022965
AATTCGATTCGAGGAT-1,0.148867,0.067202,0.2404,0.54184,0.001691
AATTCTAGAGTTAGGC-1,0.000029,0.804279,0.098533,0.002257,0.094903
AATTGAACGCTCTGGT-1,0.001477,0.51122,0.14584,0.339532,0.001931
AATTGCAGCAATCGAC-1,0.636943,0.004778,0.345506,0.000295,0.012478
AATTGCGTGGATTACA-1,0.000008,0.311821,0.688154,0.000008,0.000008
AATTGTGGTTGCCAAA-1,0.684475,0.0421,0.033916,0.150345,0.089164
AATTTGGGACATAGTA-1,0.00003,0.690581,0.278849,0.00003,0.03051
AATTTGGTTCCAAAGA-1,0.000031,0.847291,0.128194,0.001704,0.022781
ACAAACCATGCGTCCT-1,0.000017,0.136098,0.748787,0.113599,0.001499
ACAAACCGACAAGGCG-1,0.003325,0.331539,0.000084,0.451452,0.2136
ACAAACTCCATCAGAG-1,0.000047,0.000188,0.656802,0.341183,0.00178
ACAAAGCATGACCTAG-1,0.542468,0.000851,0.164172,0.278604,0.013905
ACAAATCGCACCGAAT-1,0.152354,0.468289,0.013584,0.255343,0.11043
ACAAATGGTAGTGTTT-1,0.009888,0.637219,0.173548,0.01942,0.159926
ACAAATTCAGATCTGA-1,0.000039,0.386265,0.547006,0.038811,0.027879
ACAACAGCATGAGCTA-1,0.000032,0.673211,0.072943,0.059628,0.194187
ACAACGGTCCCTGCGA-1,0.035723,0.639563,0.126526,0.191767,0.006421
ACAAGCAGTGCCTAGC-1,0.000031,0.594408,0.164563,0.009646,0.231353
ACAAGGAAATCCGCCC-1,0.019409,0.630549,0.19581,0.110411,0.043822
ACAAGGACAAGAGGTT-1,0.000056,0.49995,0.045278,0.339653,0.115063
ACAAGGATGCTTTAGG-1,0.064108,0.391654,0.407994,0.046322,0.089921
ACAAGGCCTACCAGCC-1,0.086282,0.18076,0.353551,0.264492,0.114915
ACAAGGGCAGGCTCTG-1,0.000035,0.632611,0.105069,0.241085,0.021201
ACAATCCATTTAAACC-1,0.042358,0.253253,0.024103,0.000045,0.680241
ACAATCGATCTTTATA-1,0.000051,0.620263,0.074929,0.282405,0.022353
ACAATGAATACGGAGA-1,0.004716,0.133766,0.489079,0.218859,0.153579
ACAATGATTCTTCTAC-1,0.000034,0.283447,0.525092,0.191393,0.000034
ACAATTGTGTCTCTTT-1,0.09686,0.604379,0.140246,0.134964,0.02355
ACAATTTAGGAGGCTC-1,0.000035,0.578575,0.2978,0.087909,0.035682
ACAATTTGAGCAGTGG-1,0.000049,0.612139,0.066194,0.180673,0.140946
ACAATTTGGCCATATT-1,0.061121,0.649617,0.108009,0.125541,0.055712
ACACAAAGACGGGTGG-1,0.000022,0.898247,0.101688,0.000022,0.000022
ACACAAATATTCCTAG-1,0.020896,0.000411,0.000206,0.521335,0.457153
ACACACCAGGACCAGT-1,0.020869,0.58428,0.199891,0.162047,0.032913
ACACACTTTCTACACG-1,0.042653,0.420428,0.000206,0.375933,0.16078
ACACATGATCAAATCT-1,0.004043,0.023254,0.628751,0.070733,0.273219
ACACATTTCCGTAGAC-1,0.615372,0.005422,0.096463,0.151907,0.130836
ACACCACATAATTAGC-1,0.000039,0.644807,0.00042,0.311993,0.042742
ACACCCAGCATGCAGC-1,0.000033,0.848824,0.099581,0.000064,0.051497
ACACCCGAGAAATCCG-1,0.010513,0.730194,0.097876,0.118475,0.042943
ACACCGAGCGCTCTTT-1,0.006203,0.306702,0.072537,0.494934,0.119625
ACACCGGTCTGACCGC-1,0.017655,0.007711,0.527863,0.327126,0.119644
ACACCTTAAGTAGGGC-1,0.000077,0.424601,0.000154,0.484284,0.090885
ACACCTTACTACTTGC-1,0.027512,0.560581,0.356454,0.055434,0.000018
ACACGAGACTCCTTCT-1,0.000079,0.262717,0.000158,0.281643,0.455403
ACACGGCACTATGCAT-1,0.000052,0.920306,0.047632,0.031957,0.000052
ACACGGGAACTTAGGG-1,0.003152,0.000485,0.168148,0.000121,0.828094
ACACGTAGGCCACAAG-1,0.275887,0.064549,0.295685,0.166217,0.197663
ACACTCCAATGTCACT-1,0.035647,0.341269,0.442284,0.107716,0.073085
ACACTGATCAAGGTGT-1,0.000072,0.339557,0.185581,0.466438,0.008352
ACACTGGGACAGTCGT-1,0.38388,0.002626,0.295326,0.089544,0.228625
ACAGAACTGAGAACAA-1,0.000039,0.369816,0.339583,0.227016,0.063546
ACAGATTAGGTTAGTG-1,0.004549,0.86904,0.107418,0.002234,0.016759
ACAGCATAGAGCCAGT-1,0.000036,0.92178,0.078112,0.000036,0.000036
ACAGCGACATTCTCAT-1,0.081632,0.425606,0.49273,0.000016,0.000016
ACAGCGCACCCGCAGC-1,0.000042,0.746541,0.102217,0.118754,0.032446
ACAGGCACGGATCCTT-1,0.999838,0.000081,0.000041,0.000021,0.00002
ACAGGCTTGCCCGACT-1,0.128719,0.344478,0.022032,0.503045,0.001725
ACAGGTGGAGGTGAGG-1,0.000054,0.22931,0.115885,0.618761,0.035989
ACAGTAATACAACTTG-1,0.000064,0.103454,0.000128,0.034796,0.861558
ACAGTATACCGTGGGA-1,0.04592,0.530228,0.027907,0.00773,0.388215
ACAGTGCAGCGCATTT-1,0.020413,0.000191,0.000096,0.156989,0.822312
ACATAAGTCGTGGTGA-1,0.008627,0.003197,0.742264,0.194216,0.051697
ACATAATAAGGCGGTG-1,0.018889,0.605745,0.11606,0.219155,0.040151
ACATACAATCAAGCGG-1,0.82493,0.000311,0.000155,0.148348,0.026256
ACATCAGCTGGGACGC-1,0.000041,0.474777,0.348653,0.164701,0.011827
ACATCCCGGCCATACG-1,0.031282,0.364605,0.24056,0.190933,0.172619
ACATCCTGGTAACTGT-1,0.1661,0.645617,0.125065,0.060043,0.003175
ACATCGATCGTTTACC-1,0.000023,0.968033,0.031898,0.000023,0.000023
ACATCGGTCAGCCGCG-1,0.160839,0.113514,0.000133,0.144058,0.581455
ACATCGTATGCAATGG-1,0.055981,0.723221,0.198425,0.015213,0.00716
ACATCGTTAACCTAGT-1,0.000044,0.713422,0.123368,0.082157,0.081008
ACATCTCAACGCGTAA-1,0.028332,0.603921,0.113387,0.247939,0.006421
ACATGCTTACGGCAGC-1,0.036365,0.002367,0.703235,0.148254,0.109779
ACATGGCGCCAAAGTA-1,0.10305,0.5073,0.117672,0.204184,0.067795
ACATTAGTTTATATCC-1,0.000029,0.819027,0.177323,0.003592,0.000029
ACATTCGCGCGGAATA-1,0.011067,0.359998,0.484441,0.144481,0.000013
ACATTTGAAACCTAAC-1,0.933376,0.000088,0.000044,0.014492,0.052
ACCAAACACCCAGCGA-1,0.036167,0.009595,0.240141,0.060828,0.653269
ACCAAACTAGAAATCC-1,0.000045,0.578417,0.044916,0.345996,0.030626
ACCAACACCACACACT-1,0.000073,0.000291,0.040348,0.026249,0.933039
ACCAACCGCACTCCAC-1,0.832841,0.000081,0.119566,0.00002,0.047491
ACCAACGCTTATTTAT-1,0.000052,0.257169,0.331368,0.189976,0.221435
ACCAAGAACGCGTGTC-1,0.014837,0.649993,0.174075,0.161057,0.000038
ACCAAGTCATCGGCAG-1,0.713172,0.079775,0.125214,0.002528,0.079311
ACCAATATGCAAGTTA-1,0.014645,0.564534,0.089396,0.221117,0.110309
ACCACAACTCAGAACA-1,0.000019,0.903727,0.096217,0.000019,0.000019
ACCACAAGTTTCTATC-1,0.003982,0.066992,0.201214,0.001486,0.726326
ACCACACGGTTGATGG-1,0.968855,0.000127,0.01783,0.000032,0.013156
ACCACCAATGTAACAA-1,0.062066,0.550915,0.218702,0.157376,0.010941
ACCACCCTCTCTTCTA-1,0.000863,0.000127,0.002875,0.000032,0.996102
ACCACGTGCAGCTATA-1,0.085108,0.439628,0.000116,0.24265,0.232499
ACCAGACCATAACAAC-1,0.026843,0.26583,0.096834,0.265328,0.345165
ACCAGCCCGGTCTTTG-1,0.046555,0.566243,0.02834,0.343694,0.015168
ACCAGGAGTGTGATCT-1,0.039385,0.870394,0.012502,0.041618,0.036102
ACCAGTGCCCGGTCAA-1,0.000034,0.71654,0.146849,0.037453,0.099125
ACCAGTGCGGGAGACG-1,0.000015,0.975262,0.021689,0.003018,0.000015
ACCATATCCGCAATAA-1,0.05254,0.659639,0.116714,0.031468,0.139639
ACCATCGTATATGGTA-1,0.010536,0.634251,0.113826,0.171998,0.069389
ACCCAACGCCCGTGGC-1,0.000053,0.524382,0.243321,0.125079,0.107166
ACCCACCTACATGCTC-1,0.052578,0.691433,0.102574,0.152954,0.000461
ACCCATCTTGAGGGTA-1,0.000123,0.000493,0.000246,0.309244,0.689894
ACCCATTTGTCCCTCT-1,0.106398,0.036743,0.781401,0.00002,0.075438
ACCCGAGCGAAATTAC-1,0.003111,0.384575,0.552476,0.001526,0.058313
ACCCGATTGGTTCCGA-1,0.038518,0.007342,0.73363,0.086245,0.134264
ACCCGGAAACTCCCAG-1,0.007056,0.606558,0.30216,0.083965,0.000261
ACCCGGATGACGCATC-1,0.000034,0.479561,0.041497,0.084234,0.394674
ACCCGGTTACACTTCC-1,0.000039,0.687544,0.119965,0.012199,0.180254
ACCCGTAGCAGAGAAT-1,0.010932,0.100678,0.600488,0.170495,0.117408
ACCCGTAGTCTAGTTG-1,0.708472,0.03653,0.015096,0.184338,0.055564
ACCCGTGTCATCAGTA-1,0.043579,0.215863,0.69036,0.044106,0.006091
ACCCTATAGGACTGAG-1,0.000049,0.583792,0.147668,0.268442,0.000049
ACCCTATGCCATATCG-1,0.00002,0.508735,0.491206,0.00002,0.00002
ACCCTCCCGTCAGGGC-1,0.802543,0.130811,0.066612,0.000017,0.000017
ACCCTCCCTTGCTATT-1,0.000026,0.589523,0.252245,0.125789,0.032417
ACCCTGGTAACGCCCT-1,0.064571,0.138771,0.101144,0.000075,0.695439
ACCCTTCATCTGCGAA-1,0.004978,0.470873,0.257568,0.000055,0.266525
ACCCTTGCCTGGGTCG-1,0.000076,0.17483,0.069766,0.311383,0.443945
ACCCTTTAGTTCTCCA-1,0.03747,0.583858,0.002685,0.342774,0.033213
ACCGAAAGGGCCCTGC-1,0.159083,0.499118,0.157652,0.171398,0.01275
ACCGAAGAGTCTGGTT-1,0.050119,0.020125,0.884476,0.041821,0.00346
ACCGACACATCTCCCA-1,0.062519,0.128795,0.607716,0.200944,0.000025
ACCGACTGAGTCCCAC-1,0.014196,0.162114,0.000211,0.087308,0.736171
ACCGAGTCTCCTTATT-1,0.606827,0.043409,0.256858,0.000757,0.09215
ACCGATAGGCATAACC-1,0.77762,0.019512,0.151042,0.030792,0.021035
ACCGATATTTAATCAT-1,0.528927,0.220246,0.066573,0.153686,0.030568
ACCGATGGTAGCATCG-1,0.000032,0.816772,0.041803,0.08943,0.051963
ACCGCAATAACTGCCT-1,0.027616,0.410651,0.155492,0.244519,0.161722
ACCGCGGTGGAAGTCG-1,0.00233,0.829942,0.072328,0.062916,0.032484
ACCGCTAGTCATTGGT-1,0.017049,0.233346,0.517691,0.231726,0.000188
ACCGGGCCTTTGTTGA-1,0.000037,0.567095,0.01336,0.418888,0.000621
ACCGGTCAGGTACACC-1,0.002804,0.017111,0.978375,0.000014,0.001696
ACCGGTCTGAGTACGG-1,0.034726,0.477272,0.458538,0.003333,0.026131
ACCGTCCACTGGGCCC-1,0.017207,0.002461,0.921699,0.010694,0.047939
ACCGTGACCACGTGGG-1,0.106024,0.198557,0.560578,0.125228,0.009614
ACCGTTCCCGCTCTGA-1,0.00853,0.806278,0.114551,0.070592,0.000049
ACCTAAGTACCTTTCA-1,0.003841,0.392339,0.603776,0.000022,0.000022
ACCTAATCGACTTCCT-1,0.000086,0.191192,0.029859,0.213206,0.565657
ACCTACAGTATGTGGT-1,0.066152,0.602411,0.132153,0.199132,0.000151
ACCTACTATAAATCTA-1,0.023666,0.032578,0.4623,0.470868,0.010588
ACCTCCGCCCTCGCTG-1,0.352248,0.223812,0.136052,0.264833,0.023054
ACCTCCGTTATTCACC-1,0.000013,0.990877,0.009084,0.000013,0.000013
ACCTCGAACTTATGCT-1,0.067779,0.045969,0.731399,0.034019,0.120834
ACCTGCGTGTCATGTT-1,0.000129,0.000516,0.000258,0.000129,0.998968
ACCTTTCCTTTAGAAG-1,0.000059,0.545474,0.096591,0.357816,0.000059
ACGAAATGGGCGGCAC-1,0.000026,0.64966,0.3332,0.010863,0.006251
ACGACTCTAGGGCCGA-1,0.917977,0.004339,0.000055,0.076363,0.001266
ACGACTGGTCATACTC-1,0.039713,0.297614,0.605999,0.042142,0.014532
ACGAGAACCCATCACG-1,0.000024,0.887702,0.009584,0.102666,0.000024
ACGAGATATTTGCTTA-1,0.000075,0.654177,0.044247,0.301426,0.000075
ACGAGGATACCACTCT-1,0.000103,0.011237,0.142948,0.403733,0.441979
ACGAGGTTTACAACGT-1,0.000017,0.211466,0.741272,0.04218,0.005065
ACGAGTACGGATGCCC-1,0.000022,0.778898,0.187088,0.000022,0.033969
ACGATACATAGAACTA-1,0.000081,0.116798,0.000161,0.343414,0.539546
ACGATCATACATAGAG-1,0.000059,0.468024,0.161342,0.189998,0.180577
ACGATCATCTTGTAAA-1,0.000021,0.991328,0.008608,0.000021,0.000021
ACGATGCATATGTTAT-1,0.031521,0.187596,0.000185,0.063321,0.717377
ACGATGGATCCGATGC-1,0.000021,0.926037,0.0739,0.000021,0.000021
ACGCAAACTAATAGAT-1,0.015686,0.173486,0.62587,0.179531,0.005426
ACGCAATCACTACAGC-1,0.000092,0.348787,0.031252,0.359955,0.259913
ACGCATAAATGACATG-1,0.000019,0.321513,0.623402,0.046645,0.008421
ACGCATACGTTTACTA-1,0.019427,0.764002,0.209603,0.006952,0.000017
ACGCATTCGTGAGTAC-1,0.000104,0.308774,0.000208,0.465754,0.22516
ACGCCACTCGAAACAG-1,0.811954,0.000066,0.144085,0.000395,0.0435
ACGCCAGATGATTTCT-1,0.000062,0.661812,0.000133,0.337931,0.000062
ACGCCAGTGCGTTTGC-1,0.931595,0.000094,0.000047,0.000024,0.06824
ACGCCCAGCTGTCGAT-1,0.00004,0.72296,0.135741,0.00928,0.131979
ACGCCGCTAGACGACC-1,0.000037,0.784484,0.005706,0.209735,0.000037
ACGCGAAGTCAGACGA-1,0.036775,0.825163,0.084246,0.053785,0.000031
ACGCGCTACACAGGGT-1,0.000074,0.071446,0.000148,0.12623,0.802102
ACGCGGGCCAAGGACA-1,0.000047,0.540284,0.093462,0.25109,0.115117
ACGCGTTTCTTAAGAG-1,0.011083,0.309091,0.07104,0.593958,0.014828
ACGCTACTGAATGGGC-1,0.714103,0.052964,0.001927,0.178345,0.052661
ACGCTAGTATCAGTGC-1,0.04346,0.434924,0.243961,0.104997,0.172659
ACGCTAGTGATACACT-1,0.000026,0.785668,0.16929,0.019557,0.025459
ACGCTGTGAGGCGTAG-1,0.000168,0.000671,0.000335,0.273118,0.725708
ACGCTTAGTGTCTCTC-1,0.00006,0.561494,0.032323,0.327016,0.079107
ACGGAACACGAGTGCC-1,0.912104,0.000058,0.000029,0.000015,0.087794
ACGGAATTTAGCAAAT-1,0.018291,0.743694,0.073824,0.15477,0.009422
ACGGACGCAGCGACAA-1,0.011552,0.257662,0.538454,0.066586,0.125746
ACGGACTCTCAAAGCG-1,0.015415,0.384407,0.315398,0.283074,0.001706
ACGGAGCGCAAATTAC-1,0.000107,0.31492,0.000213,0.205395,0.479365
ACGGATGGTGCGGATA-1,0.024987,0.470177,0.117038,0.30291,0.084887
ACGGCACTTGCTTGGG-1,0.000027,0.707756,0.22745,0.06474,0.000027
ACGGCCAACATGGACT-1,0.000085,0.276547,0.494114,0.13888,0.090374
ACGGCGACGATGGGAA-1,0.000017,0.835097,0.099105,0.001804,0.063976
ACGGCGGGTTGCCCTG-1,0.015237,0.555164,0.01948,0.380249,0.029871
ACGGCTGGATGTAGAA-1,0.009222,0.002204,0.660977,0.240732,0.086864
ACGGGAGTGTCGGCCC-1,0.038098,0.041218,0.000166,0.37381,0.546708
ACGGGCGTATGCGACA-1,0.000041,0.363243,0.100828,0.240621,0.295267
ACGGGTCATGTGACTT-1,0.054427,0.521342,0.002268,0.377307,0.044657
ACGGGTTGTGACCTGT-1,0.000011,0.297011,0.643865,0.021363,0.03775
ACGGTACAGTTCAATG-1,0.87525,0.000126,0.05719,0.026885,0.04055
ACGGTCACCGAGAACA-1,0.025242,0.025548,0.568974,0.253406,0.12683
ACGTACAGATTTCTCT-1,0.000027,0.956197,0.043723,0.000027,0.000027
ACGTACTTTGGCACGG-1,0.089416,0.043427,0.692457,0.082327,0.092373
ACGTAGATTGCTGATG-1,0.000034,0.512992,0.198348,0.000034,0.288591
ACGTAGGAGAGTCGCT-1,0.299805,0.055025,0.257781,0.342423,0.044967
ACGTATTACTCCGATC-1,0.038064,0.552153,0.038958,0.296104,0.07472
ACGTCCTAAACGAGAT-1,0.00583,0.76113,0.179307,0.035252,0.018481
ACGTCTCGTTCCGGGA-1,0.054463,0.066582,0.325126,0.012548,0.541281
ACGTGACAAAGTAAGT-1,0.006311,0.001169,0.207546,0.165898,0.619077
ACGTGCGCCTCGTGCA-1,0.016929,0.710949,0.019571,0.1179,0.13465
ACGTGGTCGAATGTGC-1,0.07385,0.706059,0.026428,0.193631,0.000032
ACGTTAATGTCGAAGA-1,0.000023,0.832472,0.014155,0.000023,0.153327
ACGTTAGATTTGCCCG-1,0.000088,0.08703,0.000177,0.181769,0.730936
ACGTTATTGGTCACTC-1,0.009842,0.514718,0.277692,0.197711,0.000038
ACGTTCACTATGCCGC-1,0.251016,0.080724,0.580273,0.051621,0.036366
ACGTTCCGCGCTCCGT-1,0.000045,0.757704,0.076106,0.135885,0.03026
ACGTTCGCAATCAATT-1,0.000022,0.849425,0.027644,0.122887,0.000022
ACGTTCGTTCAGGAAA-1,0.054897,0.268426,0.592602,0.084057,0.000019
ACGTTCTGTACAAGTC-1,0.631169,0.000206,0.101989,0.266585,0.000052
ACGTTGTCGTTGAAAG-1,0.001846,0.026249,0.575193,0.253236,0.143475
ACGTTTAGTTGTGATC-1,0.000082,0.671123,0.000164,0.09824,0.230392
ACTAAGGACGCACACC-1,0.000021,0.183574,0.465968,0.241434,0.109002
ACTAATACGTCAGGCG-1,0.000071,0.658381,0.010293,0.321995,0.009261
ACTACAAAGAGAGGTG-1,0.013482,0.481816,0.497298,0.004441,0.002964
ACTACATCCCGACAAG-1,0.003639,0.233405,0.760946,0.001997,0.000013
ACTACCAGCTCTCTGG-1,0.000033,0.796121,0.203779,0.000033,0.000033
ACTACCATCCGAGGGC-1,0.05277,0.450288,0.374502,0.122429,0.000011
ACTACGCGTTAGAATT-1,0.027047,0.440086,0.477675,0.045153,0.010039
ACTAGTTGCGATCGTC-1,0.019018,0.534359,0.147435,0.299152,0.000036
ACTATATGCTGTGTTC-1,0.000034,0.739479,0.232061,0.028393,0.000034
ACTATCCAGGGCATGG-1,0.105002,0.618,0.022535,0.235538,0.018925
ACTATCTGCCCGCGTA-1,0.083186,0.379682,0.536133,0.000984,0.000016
ACTATGTCCAGCTGCC-1,0.101382,0.040296,0.51662,0.30189,0.039812
ACTATTCGTCCGTGGT-1,0.013078,0.662546,0.01472,0.266259,0.043396
ACTATTTCCGGGCCCA-1,0.000021,0.352565,0.627714,0.019679,0.000021
ACTCAACGAATGTATT-1,0.180694,0.461122,0.000136,0.35798,0.000068
ACTCAAGTGCAAGGCT-1,0.018207,0.453136,0.348499,0.118073,0.062085
ACTCAATAAAGGCACG-1,0.000063,0.340425,0.10742,0.220721,0.331372
ACTCAGACCTGCTTCT-1,0.009282,0.70587,0.01172,0.273079,0.00005
ACTCATGGCAGCCTTC-1,0.000025,0.216548,0.57023,0.208915,0.004282
ACTCCAATATCATCAT-1,0.000011,0.316578,0.683388,0.000011,0.000011
ACTCCCATTCCTAAAG-1,0.057748,0.004021,0.302005,0.058816,0.577411
ACTCCCGAATTCGTTT-1,0.064287,0.404795,0.11001,0.046251,0.374657
ACTCCCGTAGACTAGG-1,0.011577,0.000204,0.000102,0.000051,0.988066
ACTCCCTAATGCTAAA-1,0.033195,0.563304,0.085856,0.317119,0.000526
ACTCCCTAGAATAGTA-1,0.04038,0.765414,0.116777,0.077403,0.000025
ACTCCGGCCGACCACT-1,0.829476,0.028919,0.017839,0.123093,0.000673
ACTCGATGTATTTCAT-1,0.006855,0.669905,0.25606,0.067143,0.000037
ACTCGCCGTTCGATAA-1,0.794751,0.000109,0.00375,0.000027,0.201363
ACTCGTAACCCGTCCT-1,0.000072,0.168936,0.016528,0.224132,0.590332
ACTCGTCAGTAATCCC-1,0.002753,0.685108,0.00794,0.280495,0.023704
ACTCTCTGACTTAGGT-1,0.02861,0.857477,0.043718,0.045623,0.024571
ACTCTCTTATACACGA-1,0.000053,0.66162,0.10505,0.233223,0.000053
ACTCTGACCTAATAGA-1,0.561875,0.195349,0.242751,0.000013,0.000013
ACTCTTGTATAGTAAC-1,0.007431,0.723676,0.165113,0.001716,0.102064
ACTGAAACGCCGTTAG-1,0.026112,0.756129,0.215499,0.000011,0.00225
ACTGAATGGCGAAAGT-1,0.013675,0.88269,0.070785,0.00001,0.032841
ACTGATTTAGTGATTC-1,0.000048,0.808336,0.191519,0.000048,0.000048
ACTGCCCGCCATTCTC-1,0.004888,0.04653,0.830211,0.055423,0.062949
ACTGCCGTCGTAACTC-1,0.000033,0.875166,0.124735,0.000033,0.000033
ACTGCGGACACACCGT-1,0.00709,0.673386,0.09884,0.195251,0.025433
ACTGCTCGGAAGGATG-1,0.012713,0.004933,0.627254,0.126933,0.228168
ACTGGCGAACCTGCGT-1,0.000023,0.289799,0.539073,0.145761,0.025345
ACTGGGATGCCAGTGC-1,0.041774,0.112743,0.687857,0.075967,0.081659
ACTGTACGATACACAT-1,0.00005,0.563642,0.002501,0.055769,0.378038
ACTGTAGCACTTTGGA-1,0.000052,0.68742,0.186843,0.103974,0.021711
ACTGTATACGCGAGCA-1,0.000033,0.950577,0.042483,0.006874,0.000033
ACTGTCCAGGATTATA-1,0.016093,0.262015,0.000171,0.096086,0.625635
ACTGTCTTCTTTAGAA-1,0.000095,0.113977,0.00019,0.169168,0.71657
ACTGTGCTAGTAGATC-1,0.037567,0.2377,0.259192,0.465392,0.00015
ACTGTTTAGTGTAGGC-1,0.000083,0.610198,0.047678,0.341957,0.000083
ACTTACCGGGCGCGCA-1,0.000045,0.797819,0.132476,0.06864,0.001019
ACTTACGCATCCACGC-1,0.062483,0.354867,0.544476,0.000049,0.038126
ACTTAGTACGACAAGA-1,0.046124,0.934034,0.019763,0.000059,0.000021
ACTTATACTTACCCGG-1,0.023279,0.917408,0.059284,0.000015,0.000015
ACTTATCTGATCTATA-1,0.086909,0.595306,0.025178,0.259582,0.033025
ACTTATTAGGATCGGT-1,0.000036,0.592786,0.126079,0.012957,0.268141
ACTTATTTATGTGCCA-1,0.00005,0.620745,0.042298,0.199195,0.137713
ACTTCAGGCTGATCCC-1,0.00002,0.596289,0.403594,0.00002,0.000078
ACTTCCAGTGGAAGCT-1,0.024688,0.000053,0.961807,0.008765,0.004687
ACTTCCATGCGGGACA-1,0.062763,0.37496,0.400409,0.161846,0.000023
ACTTCCTGTCGTGCGA-1,0.10664,0.35272,0.22869,0.016792,0.295158
ACTTCGCCATACGCAC-1,0.00012,0.077967,0.00024,0.019849,0.901823
ACTTCGCTAGCGAGTG-1,0.026033,0.608332,0.147208,0.124847,0.09358
ACTTGACTCCCTCTTT-1,0.02751,0.730647,0.073283,0.023451,0.145108
ACTTGCCATATTGTAC-1,0.05327,0.487695,0.041274,0.241591,0.17617
ACTTGCTCTATCTACC-1,0.038476,0.14682,0.636802,0.097652,0.08025
ACTTGGGACCCGGTGG-1,0.000045,0.28822,0.066623,0.044097,0.601016
ACTTGTGGATGGAACG-1,0.00858,0.628442,0.206141,0.114441,0.042396
ACTTGTTACCGGATCA-1,0.244805,0.164618,0.554909,0.035646,0.000023
ACTTTACCCTCATGAA-1,0.025016,0.762636,0.212309,0.000019,0.000019
ACTTTATACACCACTT-1,0.174769,0.033461,0.531101,0.219737,0.040931
ACTTTCCTATAGCTTC-1,0.051915,0.100659,0.000208,0.000644,0.846574
ACTTTGACTGCATCCT-1,0.000141,0.000564,0.000282,0.242574,0.756439
ACTTTGGTCGTGCTCC-1,0.016708,0.00012,0.721189,0.259355,0.002628
ACTTTGTCGACGCACT-1,0.663527,0.149037,0.002382,0.162451,0.022603
AGAAATTATGACTCGC-1,0.026428,0.375908,0.252646,0.344998,0.00002
AGAACACGGCGATGGT-1,0.04034,0.011772,0.70463,0.169113,0.074145
AGAACCCAGCGTGACA-1,0.252894,0.39195,0.055332,0.208131,0.091693
AGAACCCTCAATTGGG-1,0.015748,0.088157,0.896076,0.00001,0.00001
AGAACGTGGTACATTC-1,0.000106,0.096088,0.009186,0.379907,0.514713
AGAACTGTACTTTGTA-1,0.999819,0.000091,0.000045,0.000023,0.000023
AGAAGAGCGCCGTTCC-1,0.000386,0.737417,0.108077,0.153734,0.000386
AGAAGGTACACTTCAC-1,0.000022,0.00247,0.982603,0.000022,0.014883
AGAAGGTTGCCGAATT-1,0.059765,0.821223,0.087794,0.002096,0.029123
AGAAGGTTGTAGGTCG-1,0.117989,0.102652,0.54508,0.233658,0.000621
AGAAGTGATTCGTGAT-1,0.000044,0.524805,0.216797,0.212965,0.045389
AGAATAAATCTTCAGG-1,0.000091,0.000363,0.000181,0.342467,0.656899
AGAATACAGGCTATCC-1,0.801492,0.000196,0.000098,0.001884,0.196329
AGAATGCGGGTTCGGA-1,0.024523,0.552229,0.417033,0.006191,0.000024
AGAATTATGGATTCGA-1,0.000037,0.511298,0.164157,0.304254,0.020254
AGAATTGTTTGACATA-1,0.000017,0.866581,0.133367,0.000017,0.000017
AGACAGCTCAGAATCC-1,0.529741,0.403379,0.000242,0.066599,0.000038
AGACATAGATCCTTCC-1,0.000029,0.88503,0.085231,0.0285,0.00121
AGACCAAACCACACCT-1,0.006644,0.057923,0.406987,0.171217,0.357229
AGACCATGGGATACAA-1,0.000038,0.785341,0.195975,0.018607,0.000038
AGACCCACCGCTGATC-1,0.000042,0.698656,0.008482,0.292779,0.000042
AGACCCGCCCTCCTCG-1,0.000043,0.39182,0.217211,0.014807,0.376118
AGACCGCTCCGCGGTT-1,0.220501,0.429562,0.202808,0.082369,0.064759
AGACCGGGAAACCCTG-1,0.024032,0.000394,0.359135,0.000098,0.616341
AGACGAAGTGCCGGTC-1,0.03604,0.658613,0.061146,0.092924,0.151277
AGACGACGATGCCGCT-1,0.000027,0.369653,0.586246,0.037079,0.006995
AGACGCCCACTTCGCC-1,0.715618,0.051824,0.099064,0.027484,0.10601
AGACGGGATTGGTATA-1,0.014831,0.449635,0.000108,0.454612,0.080814
AGACGGGCCGATTTAA-1,0.000042,0.425213,0.372596,0.178687,0.023462
AGACTAGCCTTCCAGA-1,0.000068,0.480291,0.116564,0.115907,0.28717
AGACTGTTACCGGGTC-1,0.034383,0.057041,0.67887,0.082335,0.14737
AGAGAAACACCAGAAA-1,0.000019,0.087198,0.65944,0.241756,0.011586
AGAGAACCGTCTAGGA-1,0.000087,0.06927,0.000174,0.406904,0.523565
AGAGAAGGAGTACAAT-1,0.012227,0.29786,0.637778,0.052115,0.000019
AGAGATCTCTAAAGCG-1,0.011965,0.00029,0.26019,0.000072,0.727483
AGAGCAGTTATGAGAC-1,0.000021,0.851294,0.142579,0.004674,0.001432
AGAGCCGCCGAGATTT-1,0.273078,0.000152,0.413637,0.28047,0.032663
AGAGCGGGCTAATCAT-1,0.216691,0.433484,0.002417,0.337462,0.009946
AGAGCGTACAAGCTCG-1,0.000039,0.595872,0.31867,0.028319,0.0571
AGAGCTACGAAAGCAT-1,0.020232,0.534296,0.315363,0.110597,0.019512
AGAGGCTTCGGAAACC-1,0.065381,0.716904,0.078406,0.136935,0.002374
AGAGGGACAATTGTCC-1,0.000012,0.393829,0.606136,0.000012,0.000012
AGAGGTATCTCGGTCC-1,0.000052,0.668761,0.086319,0.244815,0.000052
AGAGTAAACTTCACTA-1,0.05798,0.730602,0.087768,0.038997,0.084652
AGAGTATAGTGTTACG-1,0.000067,0.542832,0.000156,0.355523,0.101421
AGAGTGAACAGACACC-1,0.047217,0.527992,0.232621,0.091499,0.100671
AGAGTTAGAGACCGAT-1,0.000044,0.647123,0.320449,0.031739,0.000645
AGAGTTGCAGGCCTCC-1,0.00003,0.192942,0.362295,0.326295,0.118438
AGATAACTTCAGGGCC-1,0.004105,0.086509,0.019122,0.000044,0.890219
AGATACCAATAGAACC-1,0.857709,0.007538,0.045082,0.089641,0.00003
AGATACCAGCACTTCA-1,0.000116,0.064182,0.000233,0.335276,0.600192
AGATACCGGTGTTCAC-1,0.026754,0.004268,0.000135,0.217795,0.751047
AGATACGACTTCATAT-1,0.076262,0.690306,0.175907,0.057488,0.000037
AGATACTCAAGATCGA-1,0.00004,0.614843,0.006695,0.249146,0.129276
AGATATAATACGACTA-1,0.020198,0.130036,0.50074,0.141944,0.207082
AGATCGTGCATAAGAT-1,0.005156,0.000215,0.024086,0.000054,0.970489
AGATCTCAGGTGTGAT-1,0.00699,0.105901,0.000204,0.42866,0.458245
AGATCTGGAGAGGATA-1,0.040668,0.064226,0.651336,0.187203,0.056567
AGATGACTCGCCCACG-1,0.000057,0.769993,0.084711,0.059327,0.085912
AGATGAGGGTTGCGAT-1,0.000045,0.573116,0.178862,0.183359,0.064618
AGATGATGGAGTCTGG-1,0.000031,0.810803,0.132811,0.056325,0.000031
AGATGCAAGACGTGCA-1,0.023635,0.254343,0.445327,0.163281,0.113414
AGATTATAGGACGTTT-1,0.000056,0.751294,0.125579,0.095605,0.027466
AGATTCAAGCGGGTCG-1,0.000066,0.043568,0.241818,0.673903,0.040644
AGATTCACAACCGATA-1,0.000014,0.047602,0.939801,0.000467,0.012116
AGCAAAGGCCGCTAGT-1,0.033696,0.419371,0.17681,0.339552,0.03057
AGCAACATATCTTATT-1,0.056012,0.610486,0.012798,0.320665,0.000038
AGCAACCGAAAGTAAT-1,0.024292,0.07434,0.839367,0.035319,0.026682
