Barcode,Topic 1to2,Topic 3,Topic 4to5,Topic 6to7,Topic 8to10,Topic 11,Topic 12
AAACAACGAATAGTTC-1,0.000034,0.263387,0.002148,0.0148,0.697907,0.021707,0.000017
AAACAAGTATCTCCCA-1,0.025928,0.000059,0.291391,0.153023,0.440403,0.037871,0.051325
AAACAATCTACTAGCA-1,0.000033,0.075227,0.000033,0.038092,0.882064,0.000016,0.004535
AAACACCAATAACTGC-1,0.000021,0.057332,0.000508,0.000032,0.003242,0.036267,0.902598
AAACAGAGCGACTCCT-1,0.014361,0.013637,0.18233,0.000159,0.217082,0.572349,0.00008
AAACAGCTTTCAGAAG-1,0.083168,0.117203,0.131398,0.219768,0.423569,0.024865,0.00003
AAACAGGGTCTATATT-1,0.141681,0.022614,0.360998,0.144935,0.297536,0.03222,0.000017
AAACAGTGTTCCTGGG-1,0.332775,0.049874,0.334743,0.055363,0.00782,0.007475,0.21195
AAACATGGTGAGAGGA-1,0.000031,0.01978,0.001261,0.000031,0.000046,0.094471,0.88438
AAACATTTCCCGGATT-1,0.04291,0.047526,0.103986,0.190103,0.43289,0.174588,0.007997
AAACCACTACACAGAT-1,0.038345,0.286254,0.005969,0.377266,0.286597,0.005552,0.000018
AAACCCGAACGAAATC-1,0.041425,0.426904,0.046856,0.225295,0.157727,0.093533,0.008261
AAACCGGAAATGTTAA-1,0.131085,0.082771,0.113494,0.558759,0.063192,0.032,0.018699
AAACCGGGTAGGTACC-1,0.051542,0.240543,0.210464,0.071589,0.415204,0.005261,0.005398
AAACCGTTCGTCCAGG-1,0.575188,0.005279,0.083645,0.032355,0.227425,0.032052,0.044056
AAACCTAAGCAGCCGG-1,0.219253,0.000042,0.15208,0.342438,0.179436,0.000297,0.106454
AAACCTCATGAAGTTG-1,0.139765,0.003302,0.02963,0.10215,0.718007,0.007127,0.000018
AAACGAAGAACATACC-1,0.000067,0.720166,0.016003,0.000067,0.194324,0.069341,0.000033
AAACGAAGATGGAGTA-1,0.29947,0.044347,0.126094,0.08358,0.038008,0.103243,0.305259
AAACGACAGTCTTGCC-1,0.08897,0.133324,0.003417,0.364598,0.409663,0.000015,0.000015
AAACGAGACGGTTGAT-1,0.009245,0.120054,0.031723,0.111105,0.599835,0.128003,0.000035
AAACGCCCGAGATCGG-1,0.154991,0.434314,0.000316,0.10635,0.245449,0.058548,0.000031
AAACGCTGGGCACGAC-1,0.104481,0.116853,0.072448,0.657836,0.032807,0.001045,0.01453
AAACGGGCGTACGGGT-1,0.12909,0.042026,0.055892,0.22337,0.400284,0.118637,0.030702
AAACGGGTTGGTATCC-1,0.001841,0.242036,0.00005,0.105101,0.650923,0.000025,0.000025
AAACGGTTGCGAACTG-1,0.140261,0.006299,0.212211,0.208024,0.265079,0.032912,0.135215
AAACGTGTTCGCCCTA-1,0.012149,0.074687,0.315744,0.158119,0.378756,0.06048,0.000064
AAACTAACGTGGCGAC-1,0.000078,0.778761,0.000078,0.11836,0.073957,0.000039,0.028728
AAACTCGGTTCGCAAT-1,0.207681,0.00294,0.176351,0.214542,0.259985,0.072015,0.066486
AAACTCGTGATATAAG-1,0.044424,0.06184,0.159704,0.053197,0.680702,0.000066,0.000066
AAACTGCTGGCTCCAA-1,0.125454,0.155924,0.294689,0.17512,0.119772,0.011478,0.117565
AAACTTAATTGCACGC-1,0.165935,0.000011,0.003265,0.028488,0.033889,0.000672,0.767739
AAACTTGCAAACGTAT-1,0.123029,0.010891,0.241179,0.087955,0.483901,0.012535,0.040508
AAAGAATGACCTTAGA-1,0.000019,0.027292,0.017502,0.009705,0.000028,0.155394,0.790059
AAAGAATGTGGACTAA-1,0.185881,0.081932,0.09602,0.505642,0.107172,0.023339,0.000014
AAAGACATGAAGTTTA-1,0.209259,0.13377,0.02272,0.173302,0.285091,0.175829,0.000028
AAAGACCCAAGTCGCG-1,0.017203,0.149056,0.370289,0.076295,0.373912,0.000014,0.013231
AAAGACTGGGCGCTTT-1,0.087793,0.155281,0.010568,0.124471,0.440537,0.181307,0.000043
AAAGCTTGCCTACATA-1,0.082809,0.031133,0.199435,0.195465,0.462594,0.010901,0.017662
AAAGGCCCTATAATAC-1,0.000031,0.075947,0.01278,0.000031,0.000046,0.141164,0.770002
AAAGGCTACGGACCAT-1,0.07099,0.212197,0.568674,0.065825,0.035387,0.000209,0.046719
AAAGGCTCTCGCGCCG-1,0.181163,0.270814,0.412538,0.083003,0.038378,0.008961,0.005142
AAAGGGATGTAGCAAG-1,0.015966,0.093421,0.177042,0.098133,0.615409,0.000015,0.000015
AAAGGGCAGCTTGAAT-1,0.169563,0.03376,0.072933,0.147624,0.571825,0.004278,0.000017
AAAGGTAAGCTGTACC-1,0.001606,0.246909,0.013102,0.105311,0.605555,0.027487,0.000029
AAAGGTCAACGACATG-1,0.030564,0.437382,0.000067,0.000067,0.000101,0.531785,0.000034
AAAGTAGCATTGCTCA-1,0.082819,0.00828,0.263785,0.001716,0.262287,0.032694,0.348419
AAAGTCACTGATGTAA-1,0.000039,0.157978,0.143964,0.065311,0.532112,0.02638,0.074217
AAAGTCGACCCTCAGT-1,0.215695,0.009493,0.025547,0.072996,0.676228,0.000021,0.000021
AAAGTGCCATCAATTA-1,0.260309,0.000004,0.005319,0.536727,0.197632,0.000004,0.000004
AAAGTGTGATTTATCT-1,0.128482,0.000061,0.284068,0.045627,0.54164,0.000061,0.000061
AAAGTTGACTCCCGTA-1,0.122664,0.000057,0.120731,0.114619,0.62734,0.000057,0.014531
AAATAACCATACGGGA-1,0.000193,0.454165,0.171635,0.000193,0.035493,0.338226,0.000096
AAATAAGGTAGTGCCC-1,0.045002,0.021404,0.361412,0.028097,0.492796,0.000303,0.050985
AAATACCTATAAGCAT-1,0.027439,0.670645,0.226804,0.008946,0.027406,0.000041,0.038718
AAATAGCTTAGACTTT-1,0.034391,0.045556,0.238862,0.049663,0.556701,0.066986,0.007841
AAATAGGGTGCTATTG-1,0.167804,0.007433,0.191261,0.223793,0.37452,0.009277,0.025911
AAATCACTCCTAAACG-1,0.054107,0.139062,0.007378,0.356695,0.441147,0.001598,0.000013
AAATCCGATACACGCC-1,0.17892,0.022822,0.123035,0.44412,0.117498,0.09928,0.014326
AAATCGCGGAAGGAGT-1,0.027935,0.118278,0.368111,0.000048,0.000073,0.229965,0.255591
AAATCGTGTACCACAA-1,0.000053,0.374059,0.349677,0.00087,0.186604,0.000026,0.088711
AAATCTAGCCCTGCTA-1,0.056923,0.02417,0.271814,0.193833,0.425667,0.000259,0.027334
AAATCTGCCCGCGTCC-1,0.121094,0.012995,0.024806,0.044055,0.009577,0.103237,0.684236
AAATGACTGATCAAAC-1,0.120276,0.005881,0.057428,0.537253,0.191231,0.048032,0.039898
AAATGATTCGATCAGC-1,0.000093,0.191544,0.062463,0.000237,0.723478,0.022139,0.000046
AAATGCTCGTTACGTT-1,0.00005,0.265518,0.021583,0.181907,0.508349,0.022569,0.000025
AAATGGCATGTCTTGT-1,0.000059,0.295741,0.005988,0.065028,0.633125,0.00003,0.00003
AAATGGCCCGTGCCCT-1,0.132746,0.14827,0.221605,0.096159,0.401181,0.00002,0.00002
AAATGGTCAATGTGCC-1,0.000121,0.361851,0.210527,0.008081,0.4035,0.000024,0.015895
AAATGTATCTTATCCC-1,0.000042,0.001005,0.010727,0.061034,0.234542,0.692628,0.000021
AAATGTGGGTGCTCCT-1,0.000032,0.09812,0.000032,0.210119,0.691664,0.000016,0.000016
AAATTAACGGGTAGCT-1,0.003449,0.077783,0.180148,0.09119,0.622162,0.005786,0.019483
AAATTAATAAGCGCGA-1,0.000078,0.372706,0.019739,0.000078,0.115666,0.491695,0.000039
AAATTACACGACTCTG-1,0.000165,0.48313,0.106595,0.000165,0.10233,0.307534,0.000082
AAATTACCTATCGATG-1,0.027392,0.000042,0.173661,0.01489,0.628711,0.155263,0.000042
AAATTCCAGGTCCAAA-1,0.001216,0.25794,0.05129,0.18296,0.44788,0.042985,0.015727
AAATTGATAGTCCTTT-1,0.196352,0.103523,0.236955,0.007622,0.033444,0.136549,0.285555
AAATTGCGGCGGTTCT-1,0.02064,0.009702,0.009917,0.185575,0.758525,0.00053,0.015111
AAATTGGTGAGAAGCA-1,0.0299,0.029954,0.058109,0.262784,0.596611,0.022578,0.000064
AAATTTACCGAAATCC-1,0.000159,0.44641,0.11246,0.000159,0.117699,0.323033,0.00008
AAATTTGCGGGTGTGG-1,0.2395,0.01224,0.400903,0.007941,0.337739,0.000014,0.001663
AACAACTGGTAGTTGC-1,0.019003,0.116529,0.076494,0.161834,0.626113,0.000014,0.000014
AACAATACATTGTCGA-1,0.607449,0.000349,0.034619,0.044989,0.153447,0.022565,0.136582
AACAATTACTCTACGC-1,0.029957,0.122757,0.070989,0.297085,0.446455,0.032727,0.000031
AACACACGCTCGCCGC-1,0.176186,0.096773,0.251521,0.281223,0.193097,0.001144,0.000057
AACACGACTGTACTGA-1,0.000033,0.173438,0.001768,0.081527,0.743201,0.000016,0.000016
AACACGAGACGCGGCC-1,0.145663,0.000103,0.450139,0.150757,0.205823,0.000013,0.047502
AACACGCGGCCGCGAA-1,0.024815,0.158864,0.100996,0.177691,0.537602,0.000016,0.000016
AACAGCTGTGTGGCAA-1,0.433928,0.000012,0.029081,0.019289,0.056449,0.098233,0.363007
AACAGGAAATCGAATA-1,0.000032,0.079761,0.000032,0.137912,0.778942,0.003305,0.000016
AACAGGATGGGCCGCG-1,0.000057,0.306612,0.057321,0.136031,0.472626,0.000028,0.027326
AACAGGTAGTATGGAT-1,0.007422,0.17011,0.029327,0.461715,0.331384,0.000021,0.000021
AACATAGCGTGTATCG-1,0.085423,0.01576,0.083727,0.282727,0.437036,0.065089,0.030238
AACATATCAACTGGTG-1,0.000137,0.002004,0.429425,0.151359,0.358257,0.045781,0.013036
AACATCGATACGTCTA-1,0.000097,0.016028,0.059755,0.012822,0.853979,0.057272,0.000048
AACATTGAAGTTGATC-1,0.000042,0.146676,0.009353,0.000042,0.000063,0.125817,0.718006
AACATTGGTCAGCCGT-1,0.003292,0.019315,0.008689,0.027732,0.825088,0.115865,0.00002
AACATTGTGACTCGAG-1,0.295557,0.000329,0.059861,0.369008,0.238537,0.000006,0.036702
AACCAAGACTTCTCTG-1,0.028097,0.000012,0.000834,0.289734,0.6813,0.000012,0.000012
AACCAGTATCACTCTT-1,0.159749,0.017856,0.07034,0.017805,0.17128,0.562915,0.000055
AACCATAGGGTTGAAC-1,0.002718,0.006724,0.012606,0.001645,0.000042,0.036514,0.93975
AACCATGGGATCGCTA-1,0.000065,0.615178,0.018209,0.062162,0.301294,0.003058,0.000033
AACCCAGAGACGGAGA-1,0.032152,0.336682,0.017155,0.078891,0.517254,0.014836,0.00303
AACCCATCCCATGATC-1,0.073247,0.069252,0.393006,0.006443,0.03648,0.101611,0.319962
AACCCGACAACCCGTG-1,0.707905,0.001056,0.007676,0.204194,0.07887,0.000294,0.000004
AACCCGAGCAGAATCG-1,0.12853,0.06939,0.091318,0.595808,0.062887,0.052045,0.000022
AACCCGATAGGGCTTC-1,0.013465,0.191094,0.001168,0.390664,0.343128,0.058541,0.00194
AACCCGCTGTATTCCA-1,0.1848,0.002203,0.057747,0.474046,0.192902,0.042118,0.046185
AACCCTACTGTCAATA-1,0.086476,0.051726,0.207195,0.032198,0.605228,0.017116,0.00006
AACCCTGGTGGAACCA-1,0.000057,0.526517,0.011118,0.061861,0.263812,0.136606,0.000029
AACCGAGCTTGGTCAT-1,0.00006,0.41404,0.029387,0.085288,0.454823,0.016373,0.00003
AACCGCTAAGGGATGC-1,0.088571,0.021402,0.232448,0.039479,0.563815,0.000086,0.054199
AACCGTTGTGTTTGCT-1,0.000033,0.049341,0.000033,0.081536,0.869023,0.000017,0.000017
AACCTAAAGCCGTCCG-1,0.017022,0.470638,0.010938,0.076917,0.188978,0.235473,0.000033
AACCTCGCTTTAGCCC-1,0.320635,0.003854,0.113981,0.220003,0.232888,0.108594,0.000045
AACCTGTCACGGAATT-1,0.099523,0.286643,0.336672,0.177884,0.097271,0.000025,0.001981
AACCTTTAAATACGGT-1,0.200192,0.001025,0.231567,0.157641,0.359986,0.013663,0.035926
AACCTTTACGACGTCT-1,0.000207,0.322016,0.111656,0.000207,0.051671,0.51414,0.000104
AACGAAAGTCGTCCCA-1,0.263687,0.008072,0.153666,0.008321,0.009573,0.002822,0.553859
AACGACCTCCTAGCCG-1,0.067602,0.124914,0.011453,0.730067,0.041068,0.014017,0.010879
AACGATAATGCCGTAG-1,0.106091,0.000035,0.297116,0.159906,0.391345,0.017225,0.028281
AACGATAGAAGGGCCG-1,0.009621,0.18549,0.215182,0.091732,0.497944,0.000016,0.000016
AACGATATGTCAACTG-1,0.003418,0.31164,0.005148,0.085902,0.515165,0.027507,0.05122
AACGCATGATCTGGGT-1,0.007413,0.174166,0.083484,0.038789,0.696077,0.000036,0.000036
AACGCGAACGGCAACA-1,0.070211,0.000013,0.000025,0.071222,0.858504,0.000013,0.000013
AACGCGACCTTGGGCG-1,0.203487,0.010506,0.233657,0.166203,0.239584,0.075506,0.071058
AACGCGGTCTCCAGCC-1,0.015405,0.031754,0.003964,0.188826,0.760021,0.000015,0.000015
AACGCTGTTGCTGAAA-1,0.118611,0.098204,0.126987,0.186419,0.433731,0.000057,0.03599
AACGGACGTACGTATA-1,0.183938,0.035389,0.329954,0.112374,0.272062,0.049037,0.017246
AACGGCCATCTCCGGT-1,0.33472,0.000009,0.086922,0.004778,0.401696,0.000009,0.171867
AACGTACTGTGGGTAC-1,0.03133,0.209494,0.491423,0.00549,0.195651,0.066591,0.000021
AACGTAGTCTACCCAT-1,0.00707,0.105067,0.000831,0.086762,0.800237,0.000016,0.000016
AACGTCAGACTAGTGG-1,0.078906,0.020684,0.252839,0.139365,0.446297,0.000015,0.061892
AACGTCATCCGGCTTG-1,0.057597,0.027708,0.089662,0.326517,0.4181,0.029534,0.050882
AACGTCGCTGCACTTC-1,0.515411,0.002018,0.000018,0.372311,0.087238,0.022995,0.000009
AACGTGATGAAGGACA-1,0.087359,0.00459,0.000591,0.116982,0.790439,0.000019,0.000019
AACGTGCGAAAGTCTC-1,0.000063,0.546729,0.09974,0.027304,0.247315,0.078817,0.000032
AACGTTATCAGCACCT-1,0.03111,0.19385,0.027855,0.086987,0.589245,0.032487,0.038467
AACGTTCTACCATTGT-1,0.278836,0.000011,0.009139,0.583808,0.128193,0.000007,0.000007
AACTACCCGTTTGTCA-1,0.024135,0.091312,0.01154,0.528248,0.344736,0.000015,0.000015
AACTAGCGTATCGCAC-1,0.000039,0.125118,0.002892,0.044131,0.827781,0.000019,0.000019
AACTAGGCTTGGGTGT-1,0.342712,0.02164,0.117905,0.426924,0.070727,0.000018,0.020073
AACTCAAGTTAATTGC-1,0.056953,0.022569,0.377532,0.072039,0.428206,0.000017,0.042683
AACTCCAGAGCGTGTT-1,0.097988,0.044302,0.047857,0.260784,0.465703,0.003755,0.079612
AACTCCTAATCCCATG-1,0.000175,0.101949,0.137159,0.000175,0.256433,0.50402,0.000088
AACTCGATAAACACGT-1,0.007938,0.240559,0.003478,0.070403,0.677577,0.000023,0.000023
AACTCGATGGCGCAGT-1,0.000059,0.355234,0.009492,0.000059,0.623881,0.011244,0.00003
AACTCTCAATAGAGCG-1,0.000141,0.000071,0.258039,0.000141,0.689305,0.052232,0.000071
AACTCTCAGTGTGCTC-1,0.152592,0.121103,0.199702,0.014754,0.050653,0.099431,0.361764
AACTGAGGTCAGCGTC-1,0.000059,0.185671,0.01247,0.040012,0.710559,0.0512,0.000029
AACTGAGTTATACTGA-1,0.055073,0.140532,0.351477,0.287783,0.018221,0.107626,0.039288
AACTGATATTAGGCCT-1,0.000029,0.062665,0.000449,0.115249,0.82158,0.000014,0.000014
AACTGGGTCCCGACGT-1,0.000081,0.112625,0.047491,0.000081,0.307735,0.531947,0.00004
AACTGGGTTCGAGCCG-1,0.000152,0.520082,0.000152,0.000152,0.000229,0.479155,0.000076
AACTGGTGTGGGCCTT-1,0.000058,0.648493,0.052536,0.000058,0.183625,0.020651,0.094578
AACTTCTGCGTCTATC-1,0.000095,0.545987,0.000095,0.026344,0.427382,0.000048,0.000048
AACTTGCCCGTATGCA-1,0.000046,0.02499,0.006471,0.121664,0.69103,0.155775,0.000023
AACTTGCGTTCTCGCG-1,0.006592,0.089129,0.007327,0.064913,0.785779,0.000021,0.04624
AACTTTACGGGAGCTT-1,0.002096,0.026619,0.134237,0.000085,0.070842,0.647474,0.118647
AACTTTAGCTGCTGAG-1,0.000042,0.18718,0.009237,0.044686,0.758814,0.000021,0.000021
AACTTTCTCGATCATG-1,0.000078,0.100919,0.090861,0.281545,0.476028,0.000039,0.05053
AAGAAAGTTTGATGGG-1,0.118352,0.000015,0.047912,0.020744,0.095684,0.00255,0.714743
AAGAAATCACCAGATT-1,0.056686,0.022658,0.091244,0.309522,0.459182,0.048835,0.011874
AAGAAGGATCAGTTAG-1,0.058267,0.025682,0.027709,0.048318,0.771951,0.00224,0.065833
AAGACATACGTGGTTT-1,0.10115,0.426056,0.069978,0.395928,0.005167,0.001692,0.00003
AAGACCAAATAACTCA-1,0.252023,0.009498,0.077839,0.058033,0.006268,0.184765,0.411574
AAGACCCAACTGAACA-1,0.222731,0.130236,0.460778,0.053922,0.058757,0.001904,0.071672
AAGACTAACCCGTTGT-1,0.00008,0.622894,0.004216,0.013672,0.349587,0.009511,0.00004
AAGACTCACGCCCACT-1,0.195164,0.120523,0.115382,0.091695,0.203816,0.267335,0.006086
AAGACTGCAAGCTACT-1,0.000059,0.186837,0.389069,0.161377,0.261596,0.00003,0.001033
AAGAGATGAATCGGTA-1,0.014426,0.022027,0.073229,0.125671,0.705127,0.042298,0.017223
AAGAGCTCTTTATCGG-1,0.02271,0.215539,0.007822,0.098441,0.433763,0.134393,0.087332
AAGAGGATGTACGCGA-1,0.028195,0.132373,0.336455,0.082347,0.420574,0.000027,0.000027
AAGAGGCATGGATCGC-1,0.013279,0.006232,0.002798,0.174505,0.748327,0.054841,0.000018
AAGAGGCCCTTTGGAA-1,0.1576,0.215327,0.068119,0.54664,0.012262,0.000026,0.000026
AAGATGGCACCGGACC-1,0.154457,0.261764,0.166377,0.039407,0.001158,0.205776,0.171061
AAGATTGGCGGAACGT-1,0.036803,0.019415,0.497072,0.000104,0.406779,0.039774,0.000052
AAGCACCCTGCGTATC-1,0.113011,0.034975,0.211077,0.194621,0.343644,0.052789,0.049881
AAGCATACTCTCCTGA-1,0.360287,0.309634,0.136387,0.188577,0.004458,0.000619,0.000037
AAGCCACTTGCAGGTA-1,0.017999,0.13916,0.097216,0.009142,0.001111,0.08204,0.653331
AAGCCGAAGCGGTTTA-1,0.034789,0.01798,0.10163,0.205337,0.557626,0.043037,0.0396
AAGCCGCCGTGAAATC-1,0.003213,0.111825,0.023467,0.000038,0.000058,0.369836,0.491563
AAGCCGCTTTACCTTG-1,0.002477,0.130673,0.04824,0.183807,0.533508,0.046496,0.054799
AAGCCGGAGAGCAGGA-1,0.089859,0.156922,0.064291,0.454,0.200624,0.018877,0.015426
AAGCGCAGGGCTTTGA-1,0.145126,0.000923,0.19419,0.312466,0.220583,0.080842,0.045869
AAGCGGAGTGCGCGCA-1,0.003309,0.16327,0.061932,0.364191,0.403122,0.001455,0.002721
AAGCGGCGTCATGGGT-1,0.000326,0.656504,0.000326,0.000326,0.000488,0.341869,0.000163
AAGCGTCCCTCATCGA-1,0.068169,0.074164,0.199045,0.051763,0.119286,0.187999,0.299574
AAGCTAGATCGAGTAA-1,0.023197,0.073197,0.069583,0.411673,0.422327,0.000012,0.000012
AAGCTATGGATTGACC-1,0.516274,0.000015,0.00003,0.028789,0.016543,0.000015,0.438334
AAGCTCGTGCCAAGTC-1,0.00005,0.216374,0.007452,0.095067,0.668428,0.000025,0.012605
AAGCTCTTTCATGGTG-1,0.139887,0.053832,0.251368,0.321329,0.183318,0.005244,0.045023
AAGGAGAACTTATAAG-1,0.000045,0.345093,0.002367,0.094069,0.554475,0.003929,0.000022
AAGGAGCGGTTGGTGC-1,0.006866,0.009588,0.123885,0.093595,0.721026,0.000012,0.045027
AAGGATCGATCGCTTG-1,0.00529,0.000204,0.245635,0.000149,0.684355,0.053228,0.011139
AAGGATGAGGGACCTC-1,0.058431,0.018493,0.039893,0.110507,0.759592,0.013065,0.00002
AAGGCAGGCTGTCTCC-1,0.060247,0.264847,0.226024,0.373733,0.046021,0.017321,0.011807
AAGGCGCGTAAAGCTT-1,0.000049,0.005985,0.15421,0.201879,0.637862,0.000008,0.000008
AAGGCTGTGCTCATCG-1,0.000969,0.068389,0.049991,0.191972,0.677085,0.004695,0.006899
AAGGGAACGACTGGCT-1,0.457946,0.000008,0.039551,0.061088,0.008606,0.008522,0.424279
AAGGGACAGATTCTGT-1,0.000106,0.004143,0.071993,0.079676,0.709772,0.134258,0.000053
AAGGGACTATGCATTC-1,0.693219,0.000011,0.008403,0.000022,0.000033,0.02522,0.273094
AAGGGTTAGCCATGCG-1,0.057865,0.168243,0.0771,0.517857,0.0174,0.082794,0.07874
AAGGGTTTGATTTCAG-1,0.058939,0.188757,0.036811,0.026511,0.012503,0.086374,0.590105
AAGGTATCCTAATATA-1,0.05127,0.109748,0.144494,0.111233,0.583192,0.000032,0.000032
AAGGTGATAAACCAGC-1,0.075384,0.023487,0.138813,0.134617,0.571013,0.047556,0.009131
AAGTAAGCTTCCAAAC-1,0.000046,0.476036,0.021951,0.00296,0.337415,0.046168,0.115424
AAGTAGAAGACCGGGT-1,0.007464,0.064899,0.107861,0.145289,0.602179,0.012459,0.059849
AAGTAGTGACGCGAGG-1,0.048059,0.731394,0.132455,0.000106,0.017044,0.000053,0.070889
AAGTCAATTGTCGTCA-1,0.025231,0.140307,0.181912,0.000206,0.588744,0.003747,0.059854
AAGTCTAGTAGCTGCC-1,0.026042,0.022525,0.025015,0.287175,0.561581,0.060394,0.017269
AAGTCTTCTGTGGCCT-1,0.310042,0.082493,0.083495,0.062637,0.453217,0.008092,0.000024
AAGTGACGACCGAATT-1,0.067064,0.011272,0.168803,0.238864,0.494157,0.000015,0.019826
AAGTGAGTCGGGTTTA-1,0.45878,0.04983,0.232251,0.116784,0.077591,0.064754,0.00001
AAGTGCAAAGGTAGAC-1,0.000092,0.06498,0.000092,0.000092,0.081083,0.853617,0.000046
AAGTGCCTTGACTGTA-1,0.017326,0.046626,0.21074,0.117462,0.598443,0.009328,0.000074
AAGTGCGTTAGAATCT-1,0.000052,0.32446,0.203961,0.000052,0.141866,0.329582,0.000026
AAGTGCTTCTCTATTG-1,0.177184,0.111904,0.208516,0.034402,0.011093,0.023496,0.433406
AAGTGTTTGGAGACGG-1,0.088987,0.01437,0.286372,0.100579,0.416599,0.079939,0.013154
AAGTTCACTCCAAGCT-1,0.191888,0.057337,0.228691,0.275975,0.201613,0.022561,0.021935
AAGTTCAGTCTGCGTA-1,0.01576,0.059931,0.10057,0.000125,0.721471,0.10208,0.000063
AAGTTCGGCCAACAGG-1,0.075988,0.004707,0.259325,0.008626,0.417626,0.097142,0.136586
AAGTTGTGATGTTATA-1,0.239763,0.347045,0.082372,0.296687,0.000334,0.033751,0.000048
AAGTTTACTAATGGCA-1,0.00011,0.797561,0.00011,0.00011,0.165164,0.036889,0.000055
AAGTTTATGGGCCCAA-1,0.199011,0.000048,0.094061,0.283506,0.234137,0.068819,0.120419
AATAACAACGCTCGGC-1,0.022776,0.035598,0.127134,0.170084,0.606022,0.000445,0.03794
AATAACACTAGAACAA-1,0.238152,0.007357,0.280015,0.017255,0.138771,0.000014,0.318436
AATAACGTCGCGCCCA-1,0.19809,0.154736,0.030315,0.543305,0.037053,0.000015,0.036484
AATAAGTCCTCGAGAC-1,0.043876,0.112565,0.02197,0.086949,0.734557,0.000019,0.000063
AATAATCTTCGTATCG-1,0.021216,0.232183,0.056601,0.618467,0.01182,0.036504,0.023209
AATACAATGTTTCAGG-1,0.000102,0.235083,0.03238,0.049612,0.284341,0.398431,0.000051
AATACCGGAGGGCTGT-1,0.602195,0.000082,0.025681,0.052249,0.036835,0.050969,0.231988
AATACCTGATGTGAAC-1,0.141184,0.031087,0.014748,0.623717,0.044585,0.132398,0.012281
AATAGAACAGAGTGGC-1,0.204012,0.140175,0.352181,0.063818,0.202798,0.00052,0.036495
AATAGAATCTGTTTCA-1,0.139521,0.021035,0.208796,0.189895,0.360693,0.058496,0.021563
AATAGCAAGCCTCCTG-1,0.012428,0.621631,0.000087,0.243481,0.122285,0.000044,0.000044
AATAGCTACCGCGTGC-1,0.000075,0.210846,0.064781,0.033666,0.623386,0.040868,0.026379
AATAGGCACGACCCTT-1,0.681374,0.067723,0.078119,0.079083,0.015502,0.000011,0.078188
AATAGTCCGTCCCGAC-1,0.055928,0.001695,0.104507,0.594314,0.221073,0.000008,0.022475
AATAGTCGCGAGTCGG-1,0.000084,0.089755,0.000084,0.000084,0.115324,0.60091,0.193758
AATATCAAGGTCGGAT-1,0.000317,0.14927,0.016303,0.026629,0.80745,0.000016,0.000016
AATATCCTAGCAAACT-1,0.24987,0.02988,0.088101,0.344351,0.284479,0.000862,0.002457
AATATCGAATCAATGC-1,0.058368,0.071731,0.107839,0.130825,0.513167,0.099778,0.018292
AATATCGAGGGTTCTC-1,0.000145,0.110882,0.000511,0.109901,0.723119,0.045199,0.010242
AATATTGGAGTATTGA-1,0.020567,0.121977,0.169936,0.039702,0.595003,0.052779,0.000037
AATCAGACTGCAGGAC-1,0.017878,0.248438,0.01445,0.139619,0.579558,0.000028,0.000028
AATCAGGTTTCATTTA-1,0.116413,0.02894,0.136209,0.058773,0.000747,0.197796,0.461122
AATCATGTAAAGACTC-1,0.244551,0.041745,0.133916,0.206811,0.317697,0.052429,0.002851
AATCCAAGGGCCTGAG-1,0.000033,0.309855,0.032644,0.009944,0.566187,0.021833,0.059504
AATCCATGCAAGGGTG-1,0.000038,0.048469,0.005592,0.057903,0.822357,0.065622,0.000019
AATCCCGCTCAGAGCC-1,0.136999,0.037897,0.067573,0.449664,0.17757,0.064907,0.065391
AATCGAGGTCTCAAGG-1,0.146862,0.01754,0.035503,0.543268,0.179979,0.075094,0.001753
AATCGCCTCAGCGCCA-1,0.000052,0.149294,0.00389,0.250491,0.562348,0.033899,0.000026
AATCGCGCAGAGGACT-1,0.304028,0.227916,0.160996,0.163837,0.112489,0.030127,0.000606
AATCGGGACACTACGA-1,0.00005,0.421883,0.019361,0.078275,0.480382,0.000025,0.000025
AATCGGTATAGCCCTC-1,0.17816,0.015339,0.003728,0.61349,0.185427,0.000011,0.003846
AATCGTGAGCCGAGCA-1,0.207083,0.000067,0.126826,0.22128,0.30986,0.077243,0.057641
AATCTAGGTTTACTTG-1,0.208485,0.286574,0.336679,0.002449,0.017304,0.148475,0.000034
AATCTATGCCGGAGCC-1,0.032396,0.025186,0.213887,0.000158,0.666891,0.061401,0.000079
AATCTCTACTGTGGTT-1,0.287713,0.000021,0.008115,0.050871,0.653239,0.000021,0.000021
AATCTGCGTTGGGACG-1,0.000117,0.079221,0.344839,0.000117,0.520745,0.054266,0.000695
AATCTGGCTTTCTAGT-1,0.128568,0.341414,0.40659,0.000071,0.043724,0.071641,0.007991
AATCTGGGTAGACCCT-1,0.119215,0.02815,0.021205,0.000108,0.004657,0.826612,0.000054
AATGACAGCAATGTCT-1,0.013148,0.278972,0.470305,0.017495,0.150033,0.002532,0.067515
AATGACGTAGGATGTC-1,0.077657,0.017395,0.167161,0.075397,0.595801,0.030641,0.035947
AATGACTGTCAGCCGG-1,0.027083,0.029416,0.187206,0.132921,0.590337,0.000012,0.033025
AATGAGTTCGCATATG-1,0.000079,0.379225,0.005835,0.076576,0.430655,0.107591,0.000039
AATGATGATACGCTAT-1,0.010058,0.002399,0.045736,0.01337,0.72815,0.20025,0.000037
AATGATGCGACTCCTG-1,0.000119,0.067129,0.283179,0.000119,0.624705,0.024691,0.000059
AATGCAACCGGGTACC-1,0.008684,0.406435,0.252386,0.034752,0.235293,0.034026,0.028423
AATGCACCAAGCAATG-1,0.000068,0.015856,0.150583,0.00015,0.61498,0.192093,0.026271
AATGGCCGCCAATGCG-1,0.003738,0.286697,0.000715,0.400502,0.274834,0.033493,0.000021
AATGGTCCACCGTTCA-1,0.267154,0.076653,0.050137,0.038372,0.556987,0.010663,0.000035
AATGGTTCTCACAAGC-1,0.007458,0.025149,0.227762,0.229002,0.467786,0.000133,0.04271
AATGTATGGCACTGTA-1,0.27984,0.000012,0.016713,0.008618,0.00509,0.045384,0.644341
AATGTGCCCGAGGTGT-1,0.032077,0.081713,0.013673,0.000038,0.072262,0.203925,0.596313
AATGTGCTAATCTGAG-1,0.187061,0.00001,0.00002,0.00002,0.00003,0.24922,0.563639
AATGTTAAGACCCTGA-1,0.159293,0.001039,0.017967,0.493078,0.279236,0.032182,0.017205
AATGTTGTCGTGAGAC-1,0.293921,0.302412,0.005209,0.362354,0.036035,0.000035,0.000035
AATTAAAGGTCGGCGT-1,0.18111,0.002349,0.120274,0.009151,0.637271,0.049831,0.000014
AATTAACGGATTTCCA-1,0.126381,0.027595,0.141553,0.168209,0.420666,0.066416,0.049179
AATTACGAGACCCATC-1,0.031329,0.029077,0.123168,0.037204,0.000314,0.165914,0.612993
AATTACTCGTACGCTC-1,0.000025,0.037507,0.013833,0.000745,0.89405,0.053827,0.000013
AATTAGCGCTGCAGCG-1,0.315144,0.000226,0.032186,0.348469,0.248619,0.032976,0.02238
AATTATACCCAGCAAG-1,0.005876,0.403309,0.000132,0.00791,0.079079,0.503628,0.000066
AATTCATAAGGGATCT-1,0.002517,0.001418,0.140957,0.032035,0.620523,0.200979,0.001571
AATTCATTGTCATGCA-1,0.000028,0.000014,0.000028,0.000028,0.000042,0.151315,0.848545
AATTCCAACTTGGTGA-1,0.134199,0.260041,0.018093,0.03123,0.556003,0.000408,0.000026
AATTCCAAGCATGTAC-1,0.128056,0.011322,0.173889,0.189442,0.335759,0.083809,0.077723
AATTCGATTCGAGGAT-1,0.068362,0.001449,0.090795,0.414562,0.233922,0.098708,0.092202
AATTCTAGAGTTAGGC-1,0.20091,0.180532,0.571758,0.011441,0.029142,0.003443,0.002772
AATTGAACGCTCTGGT-1,0.121641,0.026182,0.091695,0.117759,0.474323,0.095248,0.073152
AATTGCAGCAATCGAC-1,0.200799,0.116921,0.010101,0.448193,0.22393,0.000028,0.000028
AATTGCGTGGATTACA-1,0.006966,0.000012,0.000177,0.01133,0.06559,0.08557,0.830354
AATTGTGGTTGCCAAA-1,0.109752,0.181566,0.085155,0.592276,0.009472,0.000016,0.021763
AATTTGGGACATAGTA-1,0.044222,0.511066,0.106022,0.000402,0.000602,0.337485,0.000201
AATTTGGTTCCAAAGA-1,0.000058,0.487637,0.028474,0.066703,0.402662,0.014437,0.000029
ACAAACCATGCGTCCT-1,0.000041,0.13871,0.011772,0.000041,0.000061,0.041974,0.8074
ACAAACCGACAAGGCG-1,0.235049,0.105784,0.019744,0.19735,0.415505,0.026549,0.000019
ACAAACTCCATCAGAG-1,0.480757,0.05662,0.081763,0.105881,0.107392,0.018443,0.149144
ACAAAGAAGGTAGGCC-1,0.286274,0.006636,0.131407,0.300139,0.258606,0.003982,0.012956
ACAAAGCATGACCTAG-1,0.000063,0.134576,0.000063,0.141472,0.049344,0.67445,0.000032
ACAAATCGCACCGAAT-1,0.191744,0.045802,0.102402,0.134467,0.443801,0.05136,0.030424
ACAAATGGTAGTGTTT-1,0.079005,0.006985,0.34946,0.090795,0.445203,0.014986,0.013566
ACAAATTCAGATCTGA-1,0.09525,0.490466,0.000125,0.000125,0.388339,0.025632,0.000063
ACAACAGCATGAGCTA-1,0.000089,0.567336,0.104981,0.000656,0.270419,0.000045,0.056473
ACAACGGTCCCTGCGA-1,0.019832,0.05923,0.066699,0.078536,0.743064,0.005652,0.026988
ACAAGCAGTGCCTAGC-1,0.020566,0.32788,0.163562,0.026142,0.461769,0.00004,0.00004
ACAAGCTATATGGAAG-1,0.400575,0.016343,0.077948,0.056192,0.397655,0.051268,0.00002
ACAAGGAAATCCGCCC-1,0.11221,0.008549,0.179445,0.183989,0.448975,0.016333,0.050499
ACAAGGACAAGAGGTT-1,0.039131,0.022114,0.283676,0.139688,0.476364,0.000011,0.039016
ACAAGGATGCTTTAGG-1,0.082651,0.050699,0.226393,0.28876,0.269016,0.033307,0.049176
ACAAGGCCTACCAGCC-1,0.132201,0.202869,0.007523,0.274565,0.375458,0.007352,0.000031
ACAAGGGCAGGCTCTG-1,0.000061,0.138955,0.273253,0.139681,0.333941,0.114078,0.00003
ACAAGTAATTGTAAGG-1,0.086912,0.084567,0.163607,0.023631,0.043157,0.049906,0.548219
ACAATAGTCGTACGTT-1,0.24602,0.020412,0.132731,0.069614,0.406354,0.055874,0.068995
ACAATCCATTTAAACC-1,0.041242,0.006008,0.347911,0.188005,0.371019,0.001884,0.043932
ACAATCGATCTTTATA-1,0.002874,0.603819,0.017639,0.092682,0.282914,0.000036,0.000036
ACAATGAATACGGAGA-1,0.436553,0.05868,0.121435,0.001172,0.004232,0.129651,0.248277
ACAATGATTCTTCTAC-1,0.000063,0.235547,0.016066,0.176881,0.469158,0.102254,0.000031
ACAATTGTGTCTCTTT-1,0.09202,0.117273,0.136946,0.092876,0.504922,0.008474,0.04749
ACAATTTAGGAGGCTC-1,0.00009,0.000045,0.00009,0.00009,0.038722,0.960919,0.000045
ACAATTTGAGCAGTGG-1,0.027522,0.072088,0.030982,0.163037,0.669524,0.036817,0.000029
ACAATTTGGCCATATT-1,0.007556,0.281958,0.055092,0.358355,0.101426,0.0522,0.143415
ACACAAAGACGGGTGG-1,0.000055,0.472056,0.267943,0.000055,0.259836,0.000027,0.000027
ACACAAATATTCCTAG-1,0.091756,0.088404,0.039943,0.371481,0.317853,0.012852,0.077712
ACACACCAGGACCAGT-1,0.135611,0.0222,0.366063,0.047933,0.368637,0.024501,0.035055
ACACACTTTCTACACG-1,0.000044,0.201116,0.000044,0.144945,0.653809,0.000022,0.000022
ACACATGATCAAATCT-1,0.07111,0.025776,0.101295,0.060051,0.012973,0.238042,0.490752
ACACATTGACGCAACA-1,0.027955,0.31505,0.000078,0.000078,0.579033,0.077768,0.000039
ACACATTTCCGTAGAC-1,0.115179,0.007221,0.026846,0.490684,0.178574,0.129585,0.051911
ACACCACATAATTAGC-1,0.013631,0.01206,0.398333,0.158277,0.357808,0.032234,0.027656
ACACCCAGCATGCAGC-1,0.005285,0.170843,0.217418,0.047204,0.530984,0.007336,0.02093
ACACCCGAGAAATCCG-1,0.02447,0.024172,0.000665,0.166905,0.778076,0.005703,0.000008
ACACCCGTAAATCTGT-1,0.023885,0.25145,0.008941,0.395894,0.30286,0.00096,0.01601
ACACCGAGCGCTCTTT-1,0.011365,0.015817,0.027972,0.023241,0.785407,0.128125,0.008073
ACACCGGTCTGACCGC-1,0.294708,0.00001,0.018229,0.002932,0.013641,0.055869,0.614611
ACACCTTAAGTAGGGC-1,0.00898,0.048696,0.009804,0.112222,0.820272,0.000013,0.000013
ACACCTTACTACTTGC-1,0.066754,0.005435,0.279797,0.117231,0.489155,0.005935,0.035693
ACACGAGACTCCTTCT-1,0.000082,0.360494,0.000919,0.067365,0.514149,0.000041,0.056949
ACACGGCACTATGCAT-1,0.000079,0.535585,0.000104,0.000079,0.325137,0.138977,0.00004
ACACGGGAACTTAGGG-1,0.000059,0.118817,0.192942,0.161485,0.462246,0.047885,0.016566
ACACGTAGGCCACAAG-1,0.132894,0.050982,0.009882,0.745053,0.061145,0.000022,0.000022
ACACTCCAATGTCACT-1,0.056934,0.28375,0.010618,0.02777,0.521026,0.099851,0.000051
ACACTGATCAAGGTGT-1,0.208004,0.094889,0.336483,0.094816,0.116843,0.144429,0.004535
ACACTGGGACAGTCGT-1,0.16474,0.092737,0.066359,0.605343,0.033437,0.012808,0.024576
ACAGAACTGAGAACAA-1,0.306149,0.010269,0.123999,0.000027,0.190735,0.039995,0.328827
ACAGATTAGGTTAGTG-1,0.077666,0.188549,0.029531,0.038834,0.665368,0.000026,0.000026
ACAGCATAGAGCCAGT-1,0.137219,0.005323,0.083402,0.056439,0.717576,0.000021,0.000021
ACAGCGACATTCTCAT-1,0.044684,0.279749,0.01368,0.137003,0.171029,0.353808,0.000048
ACAGCGCACCCGCAGC-1,0.046331,0.253284,0.003461,0.114143,0.566443,0.016308,0.000029
ACAGGAGGCGCAGCCG-1,0.1912,0.110599,0.046359,0.1485,0.139229,0.286781,0.077331
ACAGGCACGGATCCTT-1,0.02215,0.077376,0.062673,0.062266,0.154181,0.621302,0.000051
ACAGGCTTGCCCGACT-1,0.232928,0.119475,0.210375,0.209349,0.10705,0.075095,0.045729
ACAGGTGGAGGTGAGG-1,0.306916,0.062972,0.307188,0.00004,0.097364,0.099421,0.126099
ACAGGTGTGTTGTTGC-1,0.6822,0.015778,0.058163,0.131157,0.112678,0.000012,0.000012
ACAGTAATACAACTTG-1,0.14236,0.026599,0.188516,0.317821,0.324672,0.000015,0.000015
ACAGTATACCGTGGGA-1,0.000127,0.040737,0.335808,0.093876,0.464353,0.027027,0.038072
ACAGTGCAGCGCATTT-1,0.086561,0.476687,0.007452,0.083576,0.104283,0.178298,0.063143
ACATAAGTCGTGGTGA-1,0.000054,0.179478,0.028407,0.000054,0.011148,0.09899,0.68187
ACATAATAAGGCGGTG-1,0.000074,0.367536,0.242516,0.052962,0.329701,0.007174,0.000037
ACATACAATCAAGCGG-1,0.08974,0.295817,0.000155,0.008558,0.000448,0.605204,0.000078
ACATCAGCTGGGACGC-1,0.079574,0.084366,0.142134,0.102989,0.206562,0.384334,0.000041
ACATCCCGGCCATACG-1,0.182508,0.058955,0.476281,0.114666,0.097652,0.000021,0.069916
ACATCCTGGTAACTGT-1,0.005131,0.076353,0.218188,0.097167,0.524996,0.032072,0.046092
ACATCGATCGTTTACC-1,0.005294,0.045253,0.268338,0.059571,0.621505,0.00002,0.00002
ACATCGCAATATTCGG-1,0.033597,0.091137,0.059428,0.007479,0.010978,0.141446,0.655935
ACATCGGTCAGCCGCG-1,0.085851,0.157528,0.321015,0.01016,0.425414,0.000016,0.000016
ACATCGTATGCAATGG-1,0.039148,0.011597,0.220401,0.062202,0.628221,0.036932,0.0015
ACATCGTTAACCTAGT-1,0.000075,0.500265,0.008126,0.003004,0.477703,0.000038,0.010789
ACATCTCAACGCGTAA-1,0.000039,0.104309,0.000039,0.223596,0.671979,0.000019,0.000019
ACATGCTTACGGCAGC-1,0.205165,0.000012,0.000025,0.000025,0.000037,0.000033,0.794703
ACATGGCGCCAAAGTA-1,0.000103,0.164318,0.183229,0.012549,0.560568,0.050332,0.028901
ACATGGCTCAATTTAG-1,0.000072,0.375475,0.000072,0.004558,0.59834,0.021446,0.000036
ACATTAGTTTATATCC-1,0.113324,0.003492,0.101503,0.44291,0.338739,0.000016,0.000016
ACATTCGCGCGGAATA-1,0.00027,0.225308,0.118422,0.002301,0.000031,0.177109,0.476559
ACATTTGAAACCTAAC-1,0.010519,0.053798,0.000051,0.317934,0.010749,0.606923,0.000025
ACCAAACACCCAGCGA-1,0.027529,0.068241,0.110515,0.072207,0.637461,0.083985,0.000062
ACCAAACTAGAAATCC-1,0.000236,0.101391,0.000036,0.152584,0.744095,0.00164,0.000018
ACCAACACCACACACT-1,0.164424,0.065683,0.053829,0.062835,0.632509,0.020688,0.000031
ACCAACCGCACTCCAC-1,0.000075,0.091509,0.000075,0.038177,0.014107,0.85602,0.000037
ACCAACGCTTATTTAT-1,0.396462,0.006334,0.223265,0.045357,0.161758,0.00288,0.163943
ACCAAGAACGCGTGTC-1,0.090905,0.016517,0.08614,0.084605,0.693583,0.000011,0.02824
ACCAAGTCATCGGCAG-1,0.131381,0.247131,0.000786,0.35939,0.169268,0.092018,0.000025
ACCAATATGCAAGTTA-1,0.293282,0.027014,0.157195,0.151556,0.264994,0.037595,0.068364
ACCACAACTCAGAACA-1,0.079065,0.041931,0.05743,0.06434,0.756943,0.000275,0.000017
ACCACAAGTTTCTATC-1,0.004201,0.278442,0.092053,0.043457,0.549711,0.000019,0.032117
ACCACACGGTTGATGG-1,0.182852,0.000162,0.00762,0.263726,0.477248,0.04766,0.020733
ACCACCAATGTAACAA-1,0.072982,0.007825,0.26721,0.158174,0.461997,0.031752,0.000059
ACCACCCTCTCTTCTA-1,0.056137,0.019751,0.129407,0.269029,0.422262,0.078818,0.024596
ACCACGTGCAGCTATA-1,0.124425,0.000029,0.197827,0.058249,0.575704,0.01256,0.031206
ACCACTGTTCAAGAAG-1,0.000948,0.093615,0.050345,0.008823,0.739716,0.098324,0.008229
ACCAGACCATAACAAC-1,0.462766,0.000015,0.044826,0.026182,0.466182,0.000015,0.000015
ACCAGCCCGGTCTTTG-1,0.000086,0.542207,0.053299,0.061663,0.278841,0.057918,0.005985
ACCAGGAGTGTGATCT-1,0.000098,0.869362,0.000098,0.000098,0.130245,0.000049,0.000049
ACCAGTGCCCGGTCAA-1,0.271201,0.185176,0.018193,0.034721,0.49063,0.00004,0.00004
ACCAGTGCGGGAGACG-1,0.083123,0.026456,0.312904,0.069719,0.37435,0.13339,0.000058
ACCATATCCGCAATAA-1,0.004048,0.112592,0.284562,0.017309,0.580572,0.000904,0.000014
ACCATCCGCCAACTAG-1,0.132127,0.186789,0.270155,0.129255,0.251577,0.01068,0.019417
ACCATCGTATATGGTA-1,0.002326,0.258634,0.275937,0.000048,0.401652,0.000024,0.06138
ACCATTAAGGGTGTCA-1,0.000042,0.004759,0.023516,0.004229,0.829014,0.138419,0.000021
ACCCAACGCCCGTGGC-1,0.17152,0.000015,0.000113,0.093148,0.735176,0.000015,0.000015
ACCCACCTACATGCTC-1,0.022213,0.235543,0.179145,0.260316,0.174371,0.128084,0.000328
ACCCATCTTGAGGGTA-1,0.09231,0.005829,0.17635,0.068229,0.642913,0.001618,0.012751
ACCCATTTGTCCCTCT-1,0.189785,0.045049,0.019182,0.447653,0.191065,0.106605,0.000661
ACCCGAGCGAAATTAC-1,0.083521,0.013775,0.104966,0.005349,0.00004,0.259833,0.532516
ACCCGATTGGTTCCGA-1,0.278625,0.028412,0.30072,0.059705,0.005461,0.029871,0.297206
ACCCGGAAACTCCCAG-1,0.089247,0.020635,0.182101,0.208024,0.413784,0.032211,0.053998
ACCCGGAGCACCACAA-1,0.213838,0.041905,0.046104,0.64285,0.045042,0.000007,0.010255
ACCCGGATGACGCATC-1,0.000144,0.005151,0.135098,0.03432,0.704586,0.076365,0.044337
ACCCGGTTACACTTCC-1,0.128852,0.088814,0.592895,0.004266,0.179238,0.00169,0.004245
ACCCGTAGCAGAGAAT-1,0.100804,0.000012,0.000025,0.000025,0.000037,0.000012,0.899085
ACCCGTAGTCTAGTTG-1,0.121095,0.123521,0.019288,0.594261,0.095804,0.017724,0.028307
ACCCGTGTCATCAGTA-1,0.195549,0.227067,0.294964,0.074721,0.016405,0.03648,0.154813
ACCCTATAGGACTGAG-1,0.000084,0.432161,0.000084,0.000084,0.512635,0.02645,0.028502
ACCCTATGCCATATCG-1,0.242547,0.043937,0.088096,0.000222,0.000137,0.306301,0.318759
ACCCTCCCGTCAGGGC-1,0.0001,0.528619,0.0001,0.026237,0.069125,0.37577,0.00005
ACCCTCCCTTGCTATT-1,0.162485,0.04081,0.266923,0.28798,0.197099,0.022348,0.022354
ACCCTGGTAACGCCCT-1,0.049258,0.107799,0.401292,0.07204,0.330422,0.039124,0.000066
ACCCTTCATCTGCGAA-1,0.000059,0.368052,0.000059,0.066488,0.565284,0.000029,0.000029
ACCCTTGCCTGGGTCG-1,0.167228,0.005021,0.059877,0.454318,0.269617,0.007216,0.036723
ACCCTTTAGTTCTCCA-1,0.002375,0.085386,0.012706,0.142596,0.755953,0.000962,0.000022
ACCGAAAGGGCCCTGC-1,0.00917,0.309022,0.273747,0.105477,0.288001,0.000552,0.014031
ACCGAAGAGTCTGGTT-1,0.26857,0.119205,0.121101,0.000049,0.000073,0.290985,0.200017
ACCGACACATCTCCCA-1,0.267445,0.00003,0.124316,0.189993,0.301637,0.069192,0.047387
ACCGACTGAGTCCCAC-1,0.111503,0.016753,0.390439,0.018484,0.35676,0.056291,0.04977
ACCGAGTCTCCTTATT-1,0.19039,0.005526,0.000792,0.514457,0.137461,0.11243,0.038943
ACCGATAGGCATAACC-1,0.052299,0.047009,0.052007,0.664567,0.060585,0.122292,0.001241
ACCGATATTTAATCAT-1,0.413479,0.000014,0.000027,0.485318,0.005621,0.07171,0.023832
ACCGATGGTAGCATCG-1,0.000138,0.016687,0.361695,0.074776,0.510259,0.009815,0.026629
ACCGCAATAACTGCCT-1,0.179725,0.011896,0.105009,0.299005,0.32776,0.055204,0.0214
ACCGCGGTGGAAGTCG-1,0.053268,0.009759,0.264599,0.105215,0.516397,0.033904,0.016858
ACCGCTAGTCATTGGT-1,0.303938,0.014455,0.105483,0.180726,0.002624,0.01959,0.373183
ACCGGGCCTTTGTTGA-1,0.058112,0.037386,0.237455,0.184024,0.435143,0.036829,0.011051
ACCGGTCAGGTACACC-1,0.283196,0.000009,0.086704,0.176438,0.086536,0.036525,0.330593
ACCGGTCTGAGTACGG-1,0.000147,0.546992,0.000147,0.000147,0.00022,0.279027,0.173321
ACCGTCCACTGGGCCC-1,0.000017,0.000008,0.000017,0.000017,0.000025,0.017085,0.982832
ACCGTGACCACGTGGG-1,0.518634,0.003953,0.241978,0.044784,0.005431,0.128593,0.056626
ACCGTTCCCGCTCTGA-1,0.000077,0.558533,0.000077,0.048934,0.355835,0.036506,0.000039
ACCTAAGTACCTTTCA-1,0.022505,0.099753,0.468938,0.000055,0.177069,0.149598,0.082081
ACCTAATCGACTTCCT-1,0.000776,0.175677,0.099434,0.344694,0.367385,0.012009,0.000024
ACCTACAGTATGTGGT-1,0.001593,0.039159,0.104581,0.10772,0.661013,0.064074,0.021861
ACCTACTATAAATCTA-1,0.238245,0.00003,0.061907,0.349554,0.183046,0.103811,0.063406
ACCTCAGCGAGGCGCA-1,0.001518,0.308898,0.000096,0.362323,0.025853,0.301265,0.000048
ACCTCCGCCCTCGCTG-1,0.17076,0.000027,0.000054,0.529871,0.222068,0.077192,0.000027
ACCTCCGTTATTCACC-1,0.011498,0.000076,0.19979,0.137854,0.583464,0.049699,0.017619
ACCTCGAACTTATGCT-1,0.060384,0.016908,0.106778,0.051055,0.000078,0.165806,0.598991
ACCTGCGTGTCATGTT-1,0.204989,0.000019,0.178504,0.128603,0.486349,0.000019,0.001517
ACCTTTCCTTTAGAAG-1,0.000088,0.788273,0.000088,0.012878,0.156503,0.042127,0.000044
ACGAAATGGGCGGCAC-1,0.105968,0.000018,0.005395,0.113239,0.687859,0.044796,0.042726
ACGACCCATGAGTTGC-1,0.128431,0.000007,0.007402,0.680847,0.147892,0.007902,0.027519
ACGACTCTAGGGCCGA-1,0.044449,0.072434,0.076147,0.200004,0.352522,0.248518,0.005925
ACGACTGGTCATACTC-1,0.054936,0.0465,0.142952,0.126703,0.000529,0.288695,0.339684
ACGAGAACCCATCACG-1,0.006774,0.326271,0.049704,0.034354,0.58285,0.000024,0.000024
ACGAGATATTTGCTTA-1,0.003026,0.027279,0.071249,0.206933,0.691459,0.000026,0.000026
ACGAGGATACCACTCT-1,0.353229,0.039618,0.306909,0.001013,0.287515,0.011696,0.000021
ACGAGGTTTACAACGT-1,0.621372,0.07364,0.01529,0.000034,0.000051,0.09569,0.193923
ACGAGTACGGATGCCC-1,0.000116,0.079993,0.0699,0.000747,0.793942,0.055244,0.000058
ACGAGTCGCCGGCGTT-1,0.000059,0.255269,0.000059,0.000059,0.698864,0.045661,0.000029
ACGATACATAGAACTA-1,0.030274,0.078969,0.0738,0.155693,0.634985,0.02625,0.00003
ACGATACCTATCCTGA-1,0.205745,0.022287,0.043146,0.050218,0.442071,0.236515,0.000019
ACGATCATACATAGAG-1,0.015769,0.006424,0.402003,0.0285,0.373419,0.009753,0.164133
ACGATCATCTTGTAAA-1,0.00124,0.031184,0.217809,0.097554,0.600811,0.05134,0.000063
ACGATGCATATGTTAT-1,0.046952,0.019348,0.283391,0.006397,0.523952,0.000016,0.119944
ACGATGGATCCGATGC-1,0.00006,0.076316,0.001083,0.068545,0.797617,0.056362,0.000018
ACGCAAACTAATAGAT-1,0.587796,0.006837,0.103833,0.14243,0.079666,0.062673,0.016765
ACGCAATCACTACAGC-1,0.000114,0.015645,0.443584,0.047098,0.458343,0.025426,0.00979
ACGCATAAATGACATG-1,0.000075,0.224608,0.000075,0.147841,0.329364,0.297999,0.000038
ACGCATACGTTTACTA-1,0.114689,0.085408,0.020736,0.569618,0.20949,0.000029,0.000029
ACGCATTCGTGAGTAC-1,0.043822,0.115372,0.26969,0.174219,0.385056,0.00585,0.005989
ACGCCACTCGAAACAG-1,0.216925,0.005174,0.040345,0.431966,0.174014,0.069408,0.062169
ACGCCAGATGATTTCT-1,0.000048,0.121454,0.00641,0.190303,0.676861,0.000024,0.0049
ACGCCAGTGCGTTTGC-1,0.281157,0.039509,0.001406,0.471534,0.132398,0.047758,0.026237
ACGCCCAGCTGTCGAT-1,0.000061,0.234493,0.044127,0.249264,0.408992,0.047287,0.015776
ACGCCGCTAGACGACC-1,0.266121,0.000008,0.00065,0.125489,0.607716,0.000008,0.000008
ACGCCTGACACGCGCT-1,0.000077,0.58193,0.000077,0.000077,0.000116,0.40817,0.009551
ACGCGAAGTCAGACGA-1,0.147831,0.015406,0.356292,0.104012,0.24105,0.000951,0.134457
ACGCGCTACACAGGGT-1,0.00006,0.321501,0.337311,0.00006,0.175066,0.002818,0.163184
ACGCGGGCCAAGGACA-1,0.006094,0.14247,0.317016,0.049488,0.480081,0.000021,0.004829
ACGCGTTTCTTAAGAG-1,0.000094,0.031267,0.000094,0.000094,0.077288,0.891116,0.000047
ACGCTACTGAATGGGC-1,0.110893,0.05775,0.018777,0.712744,0.09981,0.000014,0.000014
ACGCTAGTATCAGTGC-1,0.129853,0.114292,0.001108,0.378599,0.350884,0.000015,0.025249
ACGCTAGTGATACACT-1,0.013178,0.020099,0.236345,0.022007,0.708215,0.000078,0.000078
ACGCTGTGAGGCGTAG-1,0.0185,0.1704,0.194674,0.112796,0.477611,0.025987,0.000032
ACGCTTAGTGTCTCTC-1,0.106802,0.518493,0.000088,0.015937,0.279239,0.079397,0.000043
