Barcode,Topic 1,Topic 2,Topic 3,Topic 4,Topic 5,Topic 6,Topic 7,Topic 8,Topic 9
AAACAAGTATCTCCCA-1,0.007572,0.105466,0.064697,0.063002,0.225038,0.080031,0.056133,0.123788,0.274274
AAACACCAATAACTGC-1,0.021175,0.282232,0.075403,0.008694,0.084181,0.280393,0.02564,0.039096,0.183185
AAACAGCTTTCAGAAG-1,0.185263,0.086611,0.321579,0.186835,0.209919,0.000107,0.003002,0.000238,0.006447
AAACAGGGTCTATATT-1,0.240447,0.013705,0.03281,0.443652,0.181309,0.000007,0.041421,0.012239,0.03441
AAACATGGTGAGAGGA-1,0.013136,0.062436,0.378887,0.242817,0.226685,0.000011,0.000011,0.076005,0.000011
AAACATTTCCCGGATT-1,0.014556,0.002841,0.002179,0.031954,0.010766,0.037105,0.130617,0.211424,0.558557
AAACCCGAACGAAATC-1,0.116382,0.171378,0.063978,0.2582,0.379554,0.005045,0.005003,0.000448,0.000011
AAACCGGGTAGGTACC-1,0.013812,0.382792,0.194755,0.042553,0.06539,0.223355,0.031113,0.008768,0.037463
AAACCGTTCGTCCAGG-1,0.013582,0.146086,0.034166,0.000031,0.003721,0.144825,0.057879,0.02676,0.572949
AAACCTAAGCAGCCGG-1,0.269625,0.008134,0.004011,0.144467,0.011402,0.025271,0.316865,0.042863,0.177362
AAACCTCATGAAGTTG-1,0.016558,0.247772,0.322215,0.073935,0.080685,0.079208,0.035823,0.025764,0.118039
AAACGAAGATGGAGTA-1,0.093008,0.108766,0.135265,0.23931,0.376873,0.040531,0.004532,0.00113,0.000585
AAACGAGACGGTTGAT-1,0.000026,0.353024,0.456016,0.037336,0.105529,0.019443,0.020331,0.001107,0.007186
AAACGGGCGTACGGGT-1,0.00526,0.009296,0.01879,0.038999,0.092386,0.003906,0.09573,0.069981,0.665652
AAACGGTTGCGAACTG-1,0.022324,0.001403,0.000335,0.028008,0.070363,0.256621,0.327388,0.03004,0.263519
AAACTCGGTTCGCAAT-1,0.000012,0.000012,0.000012,0.000012,0.000012,0.000765,0.003022,0.01659,0.979562
AAACTCGTGATATAAG-1,0.026897,0.545603,0.186173,0.168169,0.028174,0.04494,0.000014,0.000014,0.000014
AAACTGCTGGCTCCAA-1,0.189125,0.012657,0.015438,0.65532,0.042303,0.000013,0.083198,0.000013,0.001933
AAACTTAATTGCACGC-1,0.058194,0.087793,0.07336,0.387305,0.283401,0.000014,0.000014,0.109904,0.000014
AAACTTGCAAACGTAT-1,0.062086,0.05341,0.163519,0.484198,0.149346,0.000009,0.066285,0.002724,0.018424
AAAGAATGACCTTAGA-1,0.049436,0.219445,0.324238,0.128029,0.171329,0.076166,0.014692,0.006619,0.010047
AAAGAATGTGGACTAA-1,0.002062,0.000015,0.000015,0.000015,0.000015,0.488669,0.014636,0.007935,0.486637
AAAGACCCAAGTCGCG-1,0.000036,0.689278,0.038255,0.000036,0.000036,0.272251,0.000036,0.000036,0.000036
AAAGACTGGGCGCTTT-1,0.008751,0.257804,0.55905,0.065893,0.082632,0.003694,0.001987,0.010768,0.00942
AAAGCTTGCCTACATA-1,0.027288,0.257472,0.142818,0.517162,0.052733,0.002489,0.000013,0.000013,0.000013
AAAGGCCCTATAATAC-1,0.014645,0.149159,0.013741,0.003531,0.262759,0.251504,0.105664,0.072906,0.126089
AAAGGCTACGGACCAT-1,0.014816,0.00959,0.001341,0.000018,0.003277,0.134732,0.11315,0.055745,0.66733
AAAGGCTCTCGCGCCG-1,0.000027,0.000027,0.000027,0.000027,0.000027,0.002834,0.026245,0.005772,0.965015
AAAGGGATGTAGCAAG-1,0.025086,0.085726,0.414347,0.454727,0.020063,0.000013,0.000013,0.000013,0.000013
AAAGGGCAGCTTGAAT-1,0.000219,0.196236,0.574844,0.181355,0.011076,0.005172,0.002072,0.00432,0.024707
AAAGTAGCATTGCTCA-1,0.099365,0.209775,0.082579,0.044356,0.066063,0.056836,0.293397,0.016739,0.130889
AAAGTCACTGATGTAA-1,0.000037,0.316534,0.077367,0.029424,0.000037,0.576492,0.000037,0.000037,0.000037
AAAGTCGACCCTCAGT-1,0.092665,0.030796,0.257611,0.303355,0.127098,0.000009,0.024845,0.034293,0.129329
AAAGTGTGATTTATCT-1,0.000022,0.490952,0.092591,0.004435,0.116162,0.030677,0.02991,0.061212,0.174038
AAAGTTGACTCCCGTA-1,0.030178,0.363145,0.183433,0.102163,0.275765,0.020231,0.025028,0.000028,0.000028
AAATAAGGTAGTGCCC-1,0.000007,0.017334,0.166824,0.796636,0.019174,0.000007,0.000007,0.000007,0.000007
AAATACCTATAAGCAT-1,0.019356,0.13989,0.119001,0.007461,0.059529,0.019745,0.099923,0.025409,0.509685
AAATAGCTTAGACTTT-1,0.00243,0.021872,0.187147,0.407398,0.358235,0.019995,0.00176,0.001155,0.000009
AAATAGGGTGCTATTG-1,0.021938,0.004191,0.000024,0.000024,0.021442,0.203907,0.003376,0.129983,0.615116
AAATCCGATACACGCC-1,0.000012,0.000012,0.000012,0.000012,0.000012,0.005542,0.02307,0.021992,0.949334
AAATCGCGGAAGGAGT-1,0.031875,0.147624,0.223546,0.072768,0.279372,0.001684,0.025574,0.122546,0.095011
AAATCGTGTACCACAA-1,0.028201,0.257874,0.187718,0.016397,0.095672,0.002817,0.155724,0.02598,0.229618
AAATCTAGCCCTGCTA-1,0.227317,0.017237,0.020433,0.010234,0.001953,0.157105,0.020175,0.312788,0.232757
AAATGATTCGATCAGC-1,0.03957,0.410373,0.058294,0.483008,0.008699,0.000014,0.000014,0.000014,0.000014
AAATGCTCGTTACGTT-1,0.000023,0.195554,0.474958,0.324813,0.003874,0.00071,0.000023,0.000023,0.000023
AAATGGCATGTCTTGT-1,0.000045,0.683271,0.017171,0.000045,0.000045,0.299287,0.000045,0.000045,0.000045
AAATGGCCCGTGCCCT-1,0.034188,0.50113,0.053955,0.000019,0.134319,0.107777,0.009657,0.08197,0.076986
AAATGGTCAATGTGCC-1,0.000027,0.317568,0.562204,0.006962,0.027161,0.057051,0.007445,0.000128,0.021453
AAATGTATCTTATCCC-1,0.000014,0.017025,0.120031,0.851617,0.011259,0.000014,0.000014,0.000014,0.000014
AAATTAACGGGTAGCT-1,0.002659,0.208007,0.473081,0.017868,0.039231,0.029595,0.026789,0.096961,0.105809
AAATTAATAAGCGCGA-1,0.018418,0.210995,0.429855,0.225634,0.102929,0.01004,0.001003,0.000375,0.000751
AAATTACACGACTCTG-1,0.000028,0.416727,0.01162,0.000028,0.000028,0.571483,0.000028,0.000028,0.000028
AAATTACCTATCGATG-1,0.003856,0.210814,0.60636,0.096735,0.053594,0.028593,0.000016,0.000016,0.000016
AAATTCCAGGTCCAAA-1,0.012738,0.121354,0.326217,0.322663,0.122344,0.00059,0.012052,0.051238,0.030805
AAATTGATAGTCCTTT-1,0.000028,0.114269,0.005759,0.000028,0.007922,0.181937,0.03462,0.142493,0.512943
AAATTTGCGGGTGTGG-1,0.003746,0.170874,0.132833,0.011942,0.033917,0.062079,0.175768,0.027273,0.381567
AACAACTGGTAGTTGC-1,0.049328,0.421844,0.417722,0.030008,0.062008,0.016363,0.000017,0.000017,0.002694
AACAATACATTGTCGA-1,0.000013,0.000013,0.000013,0.000013,0.000013,0.008029,0.003148,0.408538,0.580219
AACAATTACTCTACGC-1,0.000011,0.127039,0.488737,0.297116,0.082379,0.00058,0.000011,0.004116,0.000011
AACACACGCTCGCCGC-1,0.108164,0.002166,0.013097,0.142218,0.349408,0.017196,0.309041,0.026443,0.032267
AACACGAGACGCGGCC-1,0.013372,0.51528,0.148611,0.054086,0.133885,0.030743,0.026401,0.007059,0.070562
AACAGCTGTGTGGCAA-1,0.066891,0.000188,0.000014,0.000014,0.000941,0.170328,0.005428,0.157997,0.5982
AACAGGAAATCGAATA-1,0.065212,0.579017,0.131874,0.051566,0.046019,0.126245,0.000022,0.000022,0.000022
AACAGGATGGGCCGCG-1,0.006903,0.260382,0.522651,0.020703,0.055971,0.093105,0.002026,0.013188,0.025072
AACAGGTAGTATGGAT-1,0.007851,0.063753,0.13954,0.215451,0.264177,0.047639,0.194274,0.043992,0.023322
AACATAGCGTGTATCG-1,0.000036,0.013542,0.117375,0.007197,0.00108,0.013019,0.111088,0.020831,0.715831
AACATATCAACTGGTG-1,0.000018,0.350942,0.546454,0.035617,0.028563,0.034529,0.00093,0.00293,0.000018
AACATTGAAGTTGATC-1,0.01572,0.0707,0.025632,0.001354,0.11852,0.114524,0.171236,0.361061,0.121253
AACATTGTGACTCGAG-1,0.061932,0.001439,0.000012,0.00167,0.000434,0.160018,0.196144,0.067183,0.511168
AACCAAGACTTCTCTG-1,0.020719,0.113046,0.471678,0.055832,0.11925,0.001392,0.029131,0.020308,0.168643
AACCATAGGGTTGAAC-1,0.114216,0.211884,0.068963,0.059165,0.47175,0.031413,0.010304,0.016727,0.015579
AACCATGGGATCGCTA-1,0.032791,0.632676,0.160086,0.110127,0.002439,0.061486,0.000355,0.00002,0.00002
AACCCAGAGACGGAGA-1,0.052377,0.415851,0.1624,0.359323,0.00221,0.007784,0.000018,0.000018,0.000018
AACCCATCCCATGATC-1,0.062746,0.523972,0.040749,0.003091,0.266004,0.091059,0.009895,0.002143,0.00034
AACCCGACAACCCGTG-1,0.000011,0.000011,0.000011,0.000011,0.000011,0.023582,0.003175,0.033667,0.939519
AACCCGAGCAGAATCG-1,0.032452,0.044779,0.013886,0.00866,0.047005,0.328642,0.034489,0.169385,0.320701
AACCCTACTGTCAATA-1,0.005846,0.088443,0.120072,0.280926,0.441371,0.003151,0.025942,0.011089,0.02316
AACCGAGCTTGGTCAT-1,0.000023,0.208583,0.456716,0.225434,0.103763,0.005412,0.000023,0.000023,0.000023
AACCGCTAAGGGATGC-1,0.029133,0.19846,0.09627,0.044753,0.191694,0.18012,0.034308,0.133818,0.091444
AACCGTTGTGTTTGCT-1,0.000047,0.388277,0.019268,0.000047,0.000047,0.59217,0.000047,0.000047,0.000047
AACCTCGCTTTAGCCC-1,0.000016,0.000016,0.000016,0.000097,0.007298,0.000017,0.057502,0.040403,0.894636
AACCTGTCACGGAATT-1,0.000403,0.013416,0.309219,0.428564,0.247957,0.000303,0.000088,0.000041,0.000009
AACCTTTAAATACGGT-1,0.000027,0.009815,0.013326,0.000027,0.000027,0.232001,0.051683,0.022201,0.670892
AACCTTTACGACGTCT-1,0.007245,0.643461,0.175626,0.042354,0.001555,0.129635,0.000041,0.000041,0.000041
AACGAAAGTCGTCCCA-1,0.119887,0.4437,0.060821,0.031677,0.110942,0.210454,0.018094,0.002478,0.001949
AACGACCTCCTAGCCG-1,0.014988,0.123922,0.124884,0.040891,0.010875,0.058276,0.131769,0.011337,0.483058
AACGATAATGCCGTAG-1,0.029726,0.026995,0.011999,0.108801,0.016594,0.300657,0.359149,0.034717,0.111362
AACGATAGAAGGGCCG-1,0.061833,0.370791,0.134309,0.430702,0.002185,0.000117,0.000021,0.000021,0.000021
AACGATATGTCAACTG-1,0.036479,0.155626,0.164966,0.570965,0.037393,0.001936,0.013147,0.004085,0.015402
AACGCATGATCTGGGT-1,0.013542,0.623292,0.213944,0.091057,0.038301,0.012622,0.007192,0.000025,0.000025
AACGCGACCTTGGGCG-1,0.000012,0.000012,0.000012,0.000012,0.000012,0.000012,0.001073,0.004824,0.99403
AACGCGGTCTCCAGCC-1,0.036795,0.284127,0.197684,0.380261,0.055664,0.029001,0.000019,0.007395,0.009054
AACGCTGTTGCTGAAA-1,0.000023,0.0194,0.065192,0.003412,0.046286,0.193561,0.004213,0.251028,0.416885
AACGGACGTACGTATA-1,0.003533,0.04244,0.019642,0.027668,0.060111,0.120336,0.033399,0.29724,0.395631
AACGGCCATCTCCGGT-1,0.056344,0.321049,0.086211,0.015609,0.09602,0.16142,0.116936,0.014755,0.131655
AACGTACTGTGGGTAC-1,0.006785,0.26292,0.156147,0.119374,0.136839,0.015393,0.302484,0.000029,0.000029
AACGTCAGACTAGTGG-1,0.000012,0.084669,0.438446,0.456021,0.020803,0.000012,0.000012,0.000012,0.000012
AACGTCGCTGCACTTC-1,0.006606,0.00736,0.015406,0.007778,0.098971,0.082063,0.062303,0.243532,0.475981
AACGTGCGAAAGTCTC-1,0.000015,0.032995,0.555874,0.296652,0.106157,0.005995,0.002281,0.000015,0.000015
AACGTTATCAGCACCT-1,0.006395,0.155686,0.334354,0.493487,0.000788,0.004224,0.005037,0.000015,0.000015
AACTACCCGTTTGTCA-1,0.000026,0.172195,0.13789,0.031677,0.292057,0.055779,0.023586,0.192768,0.094022
AACTAGGCTTGGGTGT-1,0.005427,0.019204,0.022301,0.000023,0.000023,0.081788,0.05599,0.01775,0.797492
AACTCAAGTTAATTGC-1,0.0433,0.276402,0.184726,0.092312,0.18313,0.060657,0.036242,0.037184,0.086048
AACTCCAGAGCGTGTT-1,0.002457,0.004124,0.005787,0.055218,0.002828,0.001394,0.132208,0.033854,0.762131
AACTCGATGGCGCAGT-1,0.000859,0.721491,0.041219,0.00004,0.00004,0.236232,0.00004,0.00004,0.00004
AACTCTCAATAGAGCG-1,0.004945,0.153814,0.277918,0.093685,0.365804,0.095434,0.000084,0.005723,0.002593
AACTCTCAGTGTGCTC-1,0.135818,0.00226,0.247128,0.188703,0.004901,0.000779,0.150269,0.004174,0.265969
AACTGATATTAGGCCT-1,0.016429,0.517772,0.21447,0.146486,0.104731,0.000025,0.000035,0.000025,0.000025
AACTGGGTCCCGACGT-1,0.040372,0.508149,0.230585,0.150215,0.039008,0.011166,0.020465,0.00002,0.00002
AACTTCTGCGTCTATC-1,0.000021,0.181299,0.284223,0.534043,0.000332,0.000021,0.000021,0.000021,0.000021
AACTTGCCCGTATGCA-1,0.033208,0.252666,0.482312,0.146005,0.074363,0.000886,0.00864,0.000677,0.001244
AACTTGCGTTCTCGCG-1,0.051562,0.352253,0.090198,0.505325,0.000613,0.000012,0.000012,0.000012,0.000012
AACTTTACGGGAGCTT-1,0.01393,0.16683,0.551806,0.116784,0.057946,0.004457,0.015181,0.046023,0.027044
AACTTTCTCGATCATG-1,0.024447,0.523613,0.037731,0.336754,0.07738,0.000019,0.000019,0.000019,0.000019
AAGAAATCACCAGATT-1,0.00309,0.423835,0.080167,0.003256,0.017208,0.463939,0.000028,0.005806,0.002672
AAGAAGGATCAGTTAG-1,0.019766,0.437049,0.131125,0.405977,0.006004,0.00002,0.00002,0.00002,0.00002
AAGACATACGTGGTTT-1,0.002044,0.039557,0.017463,0.000027,0.027229,0.318207,0.045021,0.182198,0.368253
AAGACCAAATAACTCA-1,0.049349,0.042104,0.051314,0.506999,0.324618,0.001742,0.01414,0.001047,0.008688
AAGACCCAACTGAACA-1,0.011878,0.013763,0.006739,0.003428,0.012784,0.102357,0.045497,0.072968,0.730585
AAGACTGCAAGCTACT-1,0.000034,0.320058,0.511475,0.028242,0.045702,0.055615,0.031295,0.007546,0.000034
AAGAGATGAATCGGTA-1,0.021655,0.179535,0.278388,0.471587,0.022405,0.026405,0.000009,0.000009,0.000009
AAGAGCTCTTTATCGG-1,0.000022,0.217146,0.354644,0.2056,0.067314,0.150839,0.00391,0.000345,0.00018
AAGAGGATGTACGCGA-1,0.003806,0.333704,0.386853,0.088292,0.083746,0.011508,0.046833,0.022097,0.023161
AAGAGGCATGGATCGC-1,0.000807,0.149157,0.494607,0.139181,0.101212,0.114662,0.000316,0.000034,0.000024
AAGAGGCCCTTTGGAA-1,0.015355,0.07899,0.030947,0.00023,0.013556,0.080871,0.053388,0.127486,0.599177
AAGATGGCACCGGACC-1,0.043418,0.000008,0.001749,0.182435,0.022257,0.000008,0.282684,0.003603,0.463838
AAGATTGGCGGAACGT-1,0.000016,0.22321,0.63639,0.092748,0.010758,0.036828,0.000016,0.000016,0.000016
AAGCACCCTGCGTATC-1,0.000018,0.000018,0.000018,0.000018,0.000018,0.184913,0.000032,0.020225,0.794742
AAGCATACTCTCCTGA-1,0.129161,0.000037,0.000037,0.000037,0.000037,0.617077,0.002443,0.054258,0.196913
AAGCCGAAGCGGTTTA-1,0.064939,0.305089,0.116742,0.033632,0.195459,0.177979,0.014305,0.080445,0.01141
AAGCCGCCGTGAAATC-1,0.009815,0.185107,0.040381,0.010198,0.187982,0.190916,0.150387,0.061526,0.163688
AAGCCGCTTTACCTTG-1,0.076478,0.399909,0.019573,0.005145,0.000045,0.498714,0.000045,0.000045,0.000045
AAGCGCAGGGCTTTGA-1,0.001387,0.000015,0.000015,0.000015,0.000015,0.048878,0.003796,0.026052,0.919826
AAGCGTCCCTCATCGA-1,0.008552,0.021661,0.041005,0.132961,0.132349,0.213127,0.377019,0.027638,0.045687
AAGCTAGATCGAGTAA-1,0.077197,0.088276,0.025376,0.04342,0.025487,0.137371,0.155195,0.223006,0.224672
AAGCTCGTGCCAAGTC-1,0.000036,0.26153,0.554619,0.002902,0.081552,0.084906,0.011718,0.000036,0.002703
AAGCTCTTTCATGGTG-1,0.00003,0.00003,0.00003,0.00003,0.00003,0.434247,0.00003,0.038346,0.527225
AAGGAGCGGTTGGTGC-1,0.000025,0.066638,0.687811,0.23007,0.015355,0.000025,0.000025,0.000025,0.000025
AAGGATCGATCGCTTG-1,0.003523,0.012255,0.093211,0.62332,0.266838,0.000008,0.000829,0.000008,0.000008
AAGGATGAGGGACCTC-1,0.001196,0.333283,0.470783,0.035357,0.061997,0.036374,0.012579,0.024879,0.023552
AAGGCAGGCTGTCTCC-1,0.01038,0.024888,0.047197,0.507113,0.4084,0.000265,0.001743,0.000007,0.000007
AAGGCGCGTAAAGCTT-1,0.000008,0.000723,0.204154,0.795076,0.000008,0.000008,0.000008,0.000008,0.000008
AAGGCTGTGCTCATCG-1,0.028244,0.205049,0.404601,0.16242,0.073561,0.007754,0.025798,0.031405,0.061167
AAGGGAACGACTGGCT-1,0.038931,0.082686,0.04197,0.016937,0.142935,0.019231,0.125319,0.187648,0.344343
AAGGGACAGATTCTGT-1,0.002305,0.393944,0.466516,0.018383,0.022427,0.050735,0.00299,0.026646,0.016054
AAGGGACTATGCATTC-1,0.119782,0.017649,0.011707,0.03617,0.034888,0.513928,0.010855,0.198777,0.056244
AAGGGTTAGCCATGCG-1,0.207083,0.126969,0.206235,0.153854,0.145269,0.024262,0.018994,0.021105,0.096229
AAGGGTTTGATTTCAG-1,0.010051,0.216578,0.25322,0.056286,0.394228,0.056903,0.005892,0.006363,0.00048
AAGGTATCCTAATATA-1,0.002056,0.147253,0.603677,0.180125,0.017376,0.015444,0.000663,0.033385,0.000021
AAGGTGATAAACCAGC-1,0.061356,0.348694,0.147844,0.066346,0.245296,0.016565,0.094058,0.011533,0.008309
AAGTAGAAGACCGGGT-1,0.003858,0.458387,0.317517,0.19079,0.025396,0.003982,0.000023,0.000023,0.000023
AAGTAGTGACGCGAGG-1,0.175969,0.033204,0.371969,0.390551,0.028246,0.000015,0.000015,0.000015,0.000015
AAGTCAATTGTCGTCA-1,0.0035,0.377413,0.049609,0.054994,0.332308,0.026178,0.066257,0.063504,0.026237
AAGTCTAGTAGCTGCC-1,0.000036,0.761144,0.044492,0.000036,0.022876,0.17131,0.000036,0.000036,0.000036
AAGTCTTCTGTGGCCT-1,0.004353,0.079832,0.228272,0.201343,0.340544,0.010199,0.001155,0.099398,0.034905
AAGTGACGACCGAATT-1,0.012874,0.121763,0.373351,0.281856,0.149808,0.000075,0.059892,0.000013,0.000367
AAGTGAGTCGGGTTTA-1,0.000015,0.000015,0.000015,0.000015,0.000015,0.000015,0.002795,0.006106,0.991012
AAGTGCAAAGGTAGAC-1,0.000006,0.003843,0.218651,0.776067,0.001411,0.000006,0.000006,0.000006,0.000006
AAGTGCCTTGACTGTA-1,0.034057,0.22013,0.119772,0.120034,0.386471,0.00325,0.022772,0.023433,0.070079
AAGTGCGTTAGAATCT-1,0.041726,0.121995,0.207033,0.232214,0.053949,0.00614,0.183431,0.034797,0.118716
AAGTGCTTCTCTATTG-1,0.337117,0.000011,0.00185,0.115478,0.037564,0.002115,0.039415,0.018434,0.448016
AAGTGTTTGGAGACGG-1,0.000025,0.065133,0.027089,0.038308,0.005142,0.006508,0.081056,0.049485,0.727254
AAGTTCACTCCAAGCT-1,0.008445,0.003344,0.002081,0.028609,0.048359,0.127102,0.081018,0.197508,0.503534
AAGTTCAGTCTGCGTA-1,0.000039,0.634472,0.050536,0.005669,0.000039,0.309127,0.000039,0.000039,0.000039
AAGTTCGGCCAACAGG-1,0.046286,0.378835,0.112653,0.054955,0.079772,0.130693,0.169478,0.005561,0.021766
AAGTTGTGATGTTATA-1,0.014775,0.00715,0.009359,0.117825,0.062549,0.047119,0.238376,0.067745,0.435101
AAGTTTATGGGCCCAA-1,0.11743,0.000987,0.002333,0.005573,0.010669,0.024419,0.149314,0.022599,0.666676
AATAACAACGCTCGGC-1,0.000468,0.067613,0.517245,0.212963,0.146593,0.000014,0.054482,0.000014,0.000609
AATAACACTAGAACAA-1,0.060254,0.09481,0.044305,0.065065,0.020817,0.461925,0.203085,0.002448,0.047291
AATAACGTCGCGCCCA-1,0.000022,0.028877,0.033791,0.000022,0.003248,0.259769,0.044912,0.133223,0.496136
AATAATCTTCGTATCG-1,0.015119,0.327122,0.053354,0.026034,0.1904,0.031739,0.194669,0.046777,0.114787
AATACAATGTTTCAGG-1,0.000023,0.305452,0.506337,0.036639,0.01019,0.041512,0.000023,0.099802,0.000023
AATACCGGAGGGCTGT-1,0.020761,0.004748,0.00314,0.024036,0.009868,0.198033,0.281269,0.065268,0.392877
AATACCTGATGTGAAC-1,0.009306,0.000769,0.017803,0.132695,0.016601,0.000043,0.158582,0.02559,0.63861
AATAGAACAGAGTGGC-1,0.000039,0.228783,0.021711,0.000039,0.000039,0.252297,0.048227,0.010248,0.438616
AATAGAATCTGTTTCA-1,0.020773,0.08436,0.068205,0.058362,0.199843,0.346168,0.030971,0.118148,0.073168
AATAGCTACCGCGTGC-1,0.00004,0.641747,0.181611,0.000479,0.00004,0.175961,0.00004,0.00004,0.00004
AATAGTCCGTCCCGAC-1,0.002731,0.000496,0.003378,0.01444,0.000021,0.231963,0.012785,0.021308,0.712878
AATAGTCGCGAGTCGG-1,0.000017,0.19707,0.621912,0.172586,0.003322,0.005043,0.000017,0.000017,0.000017
AATATCAAGGTCGGAT-1,0.000088,0.273494,0.016431,0.000088,0.000088,0.709547,0.000088,0.000088,0.000088
AATATCCTAGCAAACT-1,0.098925,0.141041,0.16083,0.081906,0.291762,0.043276,0.003929,0.147756,0.030575
AATATCGAATCAATGC-1,0.090633,0.176257,0.030719,0.018223,0.215831,0.148307,0.033501,0.26244,0.024089
AATATCGAGGGTTCTC-1,0.000016,0.279852,0.331188,0.293199,0.086094,0.000016,0.000016,0.009602,0.000016
AATATTGGAGTATTGA-1,0.00105,0.167345,0.297391,0.186811,0.189494,0.078147,0.004695,0.058116,0.016951
AATCAGGTTTCATTTA-1,0.053091,0.000978,0.000012,0.000012,0.00064,0.104099,0.009742,0.109147,0.722278
AATCATGTAAAGACTC-1,0.122375,0.000012,0.000012,0.013957,0.007112,0.000012,0.145154,0.058373,0.652992
AATCCAAGGGCCTGAG-1,0.133349,0.337929,0.066595,0.461071,0.000985,0.000018,0.000018,0.000018,0.000018
AATCGCCTCAGCGCCA-1,0.004326,0.059752,0.291727,0.345629,0.288095,0.000024,0.010399,0.000024,0.000024
AATCGCGCAGAGGACT-1,0.022049,0.017295,0.024428,0.425812,0.504555,0.002062,0.003384,0.000409,0.000007
AATCGGTATAGCCCTC-1,0.000025,0.029308,0.004508,0.000025,0.000025,0.161156,0.025681,0.060421,0.718851
AATCGTGAGCCGAGCA-1,0.025714,0.032002,0.045418,0.112234,0.046972,0.167473,0.249643,0.025777,0.294766
AATCTAGGTTTACTTG-1,0.051013,0.205712,0.117167,0.179355,0.357232,0.03094,0.021525,0.037037,0.000019
AATCTATGCCGGAGCC-1,0.018,0.225904,0.121413,0.624093,0.010376,0.000177,0.000013,0.000013,0.000013
AATCTCTACTGTGGTT-1,0.152256,0.049545,0.291677,0.07329,0.244063,0.135335,0.003733,0.026691,0.023412
AATCTGCGTTGGGACG-1,0.001648,0.289792,0.470265,0.146443,0.070535,0.004997,0.001768,0.006919,0.007632
AATCTGGCTTTCTAGT-1,0.027275,0.234107,0.08894,0.12262,0.393291,0.055852,0.011386,0.044481,0.02205
AATGACAGCAATGTCT-1,0.068282,0.175691,0.081563,0.076302,0.135965,0.033166,0.204442,0.107376,0.117214
AATGACGTAGGATGTC-1,0.183695,0.112682,0.153419,0.402537,0.080107,0.010019,0.04405,0.000444,0.013047
AATGACTGTCAGCCGG-1,0.02058,0.086064,0.26739,0.564889,0.013198,0.007963,0.003537,0.008787,0.027591
AATGAGTTCGCATATG-1,0.009945,0.515652,0.276983,0.18884,0.006387,0.002108,0.000028,0.000028,0.000028
AATGATGATACGCTAT-1,0.000059,0.032685,0.241241,0.719975,0.005983,0.000014,0.000014,0.000014,0.000014
AATGATGCGACTCCTG-1,0.001828,0.134511,0.38068,0.44105,0.027853,0.014032,0.000015,0.000015,0.000015
AATGCAACCGGGTACC-1,0.032689,0.092336,0.353478,0.487065,0.03305,0.001344,0.000013,0.000013,0.000013
AATGCACCAAGCAATG-1,0.040107,0.370972,0.205012,0.343521,0.040215,0.000013,0.000135,0.000013,0.000013
AATGGTCCACCGTTCA-1,0.213085,0.036469,0.244712,0.38866,0.018999,0.000797,0.034621,0.019829,0.042828
AATGGTTCTCACAAGC-1,0.02565,0.207052,0.338319,0.370067,0.034798,0.004221,0.007128,0.004377,0.008388
AATGTATGGCACTGTA-1,0.157171,0.116135,0.072409,0.199514,0.374176,0.044884,0.002459,0.016735,0.016517
AATGTGCCCGAGGTGT-1,0.020323,0.194576,0.027298,0.002306,0.087341,0.309853,0.154411,0.013795,0.190097
AATGTGCTAATCTGAG-1,0.274668,0.004024,0.009505,0.182828,0.063499,0.002373,0.417441,0.001544,0.044118
AATGTTAAGACCCTGA-1,0.053976,0.000027,0.006201,0.117422,0.021506,0.085227,0.151926,0.01037,0.553346
AATGTTGTCGTGAGAC-1,0.000019,0.000019,0.000019,0.000019,0.000019,0.217038,0.004363,0.056695,0.721807
AATTAAAGGTCGGCGT-1,0.005819,0.376403,0.232419,0.201539,0.139999,0.019728,0.024051,0.000021,0.000021
AATTAACGGATTTCCA-1,0.120237,0.000029,0.000029,0.000029,0.000029,0.221942,0.00003,0.326296,0.331378
AATTACGAGACCCATC-1,0.075931,0.064913,0.048723,0.414921,0.344035,0.022067,0.011817,0.006472,0.011122
AATTAGCGCTGCAGCG-1,0.000037,0.040104,0.062318,0.006175,0.020078,0.3728,0.036835,0.054417,0.407237
AATTATACCCAGCAAG-1,0.000025,0.000025,0.000025,0.000025,0.000025,0.034887,0.009261,0.017661,0.938065
AATTCATAAGGGATCT-1,0.015412,0.389523,0.325796,0.196328,0.011246,0.021484,0.026733,0.013284,0.000193
AATTCATTGTCATGCA-1,0.231698,0.228298,0.124457,0.088522,0.261039,0.065285,0.000016,0.000344,0.00034
AATTCCAAGCATGTAC-1,0.000019,0.000019,0.000019,0.000019,0.000019,0.163546,0.000019,0.165865,0.670474
AATTCGATTCGAGGAT-1,0.000883,0.000016,0.000016,0.000016,0.000016,0.007731,0.00042,0.05913,0.93177
AATTCTAGAGTTAGGC-1,0.054174,0.075503,0.123447,0.084233,0.058575,0.007761,0.500759,0.008483,0.087064
AATTGAACGCTCTGGT-1,0.015492,0.454377,0.144231,0.082436,0.125015,0.024898,0.150423,0.000999,0.00213
AATTGCAGCAATCGAC-1,0.002796,0.008792,0.002684,0.00001,0.000972,0.010739,0.04409,0.033541,0.896375
AATTGTGGTTGCCAAA-1,0.001165,0.023233,0.004506,0.000015,0.042726,0.220186,0.010399,0.177323,0.520447
AATTTGGTTCCAAAGA-1,0.000038,0.198303,0.052239,0.031102,0.000038,0.718165,0.000038,0.000038,0.000038
ACAAACCATGCGTCCT-1,0.016748,0.343411,0.071535,0.042478,0.241872,0.136514,0.019698,0.039096,0.088646
ACAAAGAAGGTAGGCC-1,0.013856,0.146754,0.265487,0.177619,0.314697,0.023473,0.002431,0.055675,0.000009
ACAAAGCATGACCTAG-1,0.067883,0.00162,0.018642,0.206787,0.108386,0.014425,0.270845,0.019998,0.291415
ACAAATCGCACCGAAT-1,0.000035,0.068473,0.008785,0.000038,0.013385,0.336558,0.052317,0.259193,0.261216
ACAAATGGTAGTGTTT-1,0.00348,0.009311,0.336112,0.418416,0.082555,0.000013,0.089529,0.008854,0.05173
ACAACAGCATGAGCTA-1,0.022161,0.121634,0.41647,0.200015,0.135781,0.008827,0.011923,0.007088,0.076101
ACAACGGTCCCTGCGA-1,0.001304,0.041009,0.499077,0.450469,0.008091,0.000012,0.000012,0.000012,0.000012
ACAAGCAGTGCCTAGC-1,0.064486,0.15679,0.472651,0.074206,0.048517,0.12132,0.00002,0.061992,0.00002
ACAAGCTATATGGAAG-1,0.000007,0.018268,0.353923,0.420466,0.206068,0.000256,0.000286,0.000719,0.000007
ACAAGGAAATCCGCCC-1,0.000041,0.188371,0.07292,0.000041,0.009684,0.293716,0.000041,0.42804,0.007144
ACAAGGACAAGAGGTT-1,0.010054,0.031742,0.306577,0.464949,0.048893,0.000011,0.072103,0.002214,0.063456
ACAAGGATGCTTTAGG-1,0.000023,0.000023,0.000023,0.000023,0.000023,0.327508,0.003075,0.016814,0.652487
ACAAGGGCAGGCTCTG-1,0.007379,0.011493,0.347127,0.532435,0.039814,0.002958,0.057875,0.000008,0.00091
ACAATAGTCGTACGTT-1,0.0393,0.38323,0.305837,0.09712,0.065527,0.047598,0.010453,0.031952,0.018982
ACAATCCATTTAAACC-1,0.000018,0.166312,0.413802,0.089678,0.118317,0.176753,0.004786,0.00513,0.025205
ACAATGAATACGGAGA-1,0.000018,0.029248,0.00658,0.000018,0.002544,0.032555,0.030779,0.134896,0.763362
ACAATTGTGTCTCTTT-1,0.094124,0.005862,0.004916,0.027137,0.094234,0.358847,0.004528,0.265297,0.145056
ACAATTTAGGAGGCTC-1,0.000011,0.070464,0.503944,0.348372,0.058641,0.005245,0.005426,0.002766,0.00513
ACAATTTGAGCAGTGG-1,0.000023,0.32716,0.399788,0.001794,0.005137,0.108388,0.000221,0.087026,0.070462
ACAATTTGGCCATATT-1,0.021599,0.201439,0.259911,0.272016,0.16617,0.017033,0.029711,0.004651,0.027469
ACACAAAGACGGGTGG-1,0.002424,0.013169,0.173178,0.806567,0.00463,0.000008,0.000008,0.000008,0.000008
ACACACCAGGACCAGT-1,0.03539,0.370543,0.093889,0.043706,0.240857,0.096587,0.019159,0.047195,0.052675
ACACACTTTCTACACG-1,0.097064,0.390431,0.026611,0.473471,0.012348,0.000018,0.000018,0.000018,0.000018
ACACATGATCAAATCT-1,0.260806,0.135386,0.010337,0.001254,0.237717,0.174726,0.00611,0.132328,0.041336
ACACATTTCCGTAGAC-1,0.000017,0.000017,0.000017,0.000017,0.000017,0.001532,0.037211,0.044346,0.916825
ACACCACATAATTAGC-1,0.000008,0.007722,0.169769,0.802292,0.020178,0.000008,0.000008,0.000008,0.000008
ACACCCAGCATGCAGC-1,0.000021,0.111645,0.546027,0.3135,0.028721,0.000021,0.000021,0.000021,0.000021
ACACCCGAGAAATCCG-1,0.015584,0.49005,0.382604,0.032789,0.011728,0.067174,0.000024,0.000024,0.000024
ACACCGAGCGCTCTTT-1,0.00298,0.75218,0.125904,0.014197,0.000047,0.10455,0.000047,0.000047,0.000047
ACACCGGTCTGACCGC-1,0.139983,0.134079,0.075771,0.406707,0.122125,0.048273,0.040054,0.010647,0.022362
ACACCTTAAGTAGGGC-1,0.000029,0.393713,0.493705,0.000703,0.00639,0.105374,0.000029,0.000029,0.000029
ACACCTTACTACTTGC-1,0.022431,0.057195,0.057484,0.277773,0.534327,0.014578,0.022558,0.009876,0.003778
ACACGAGACTCCTTCT-1,0.002294,0.216307,0.543927,0.074299,0.09048,0.003692,0.014373,0.012481,0.042148
ACACGGGAACTTAGGG-1,0.000026,0.259223,0.638934,0.012384,0.051179,0.015187,0.001101,0.00354,0.018426
ACACGTAGGCCACAAG-1,0.027607,0.022113,0.038997,0.125237,0.172704,0.079357,0.15759,0.057343,0.319053
ACACTCCAATGTCACT-1,0.020842,0.448256,0.327239,0.14023,0.005025,0.000035,0.004492,0.053848,0.000035
ACACTGATCAAGGTGT-1,0.00628,0.034626,0.14765,0.118924,0.003648,0.000024,0.295308,0.014166,0.379373
ACACTGGGACAGTCGT-1,0.000015,0.080223,0.035142,0.00633,0.029038,0.033461,0.587129,0.190587,0.038075
ACAGAACTGAGAACAA-1,0.239865,0.291521,0.136244,0.000024,0.035773,0.116572,0.047695,0.015219,0.117088
ACAGCATAGAGCCAGT-1,0.017852,0.079657,0.066207,0.024268,0.000037,0.81187,0.000037,0.000037,0.000037
ACAGCGACATTCTCAT-1,0.002302,0.010784,0.000031,0.000031,0.008262,0.264593,0.010215,0.399835,0.303947
ACAGGCACGGATCCTT-1,0.000016,0.004354,0.004094,0.000016,0.000016,0.022144,0.047051,0.038664,0.883644
ACAGGCTTGCCCGACT-1,0.068838,0.000025,0.004314,0.176006,0.146197,0.01603,0.167957,0.079915,0.340718
ACAGGTGGAGGTGAGG-1,0.000027,0.100748,0.106089,0.000027,0.001087,0.015369,0.241261,0.074567,0.460826
ACAGGTGTGTTGTTGC-1,0.00379,0.12629,0.281548,0.107845,0.319287,0.011103,0.003154,0.06626,0.080723
ACAGTAATACAACTTG-1,0.169029,0.191762,0.153511,0.218382,0.254269,0.003751,0.00927,0.000013,0.000013
ACAGTATACCGTGGGA-1,0.000029,0.320951,0.225395,0.008112,0.000029,0.4454,0.000029,0.000029,0.000029
ACATAAGTCGTGGTGA-1,0.108024,0.324265,0.155979,0.054354,0.245296,0.036666,0.027264,0.004623,0.043527
ACATAATAAGGCGGTG-1,0.00739,0.279105,0.336398,0.3371,0.02984,0.010115,0.000018,0.000018,0.000018
ACATACAATCAAGCGG-1,0.000039,0.000039,0.000039,0.000039,0.000039,0.04016,0.03933,0.009713,0.9106
ACATCAGCTGGGACGC-1,0.007588,0.204043,0.489487,0.171658,0.060263,0.001878,0.006583,0.049488,0.009012
ACATCCCGGCCATACG-1,0.00202,0.002192,0.000021,0.000021,0.000021,0.068294,0.037772,0.117897,0.771761
ACATCCTGGTAACTGT-1,0.014669,0.042561,0.017538,0.388496,0.522688,0.000012,0.013234,0.00079,0.000012
ACATCGATCGTTTACC-1,0.007207,0.209724,0.249049,0.239215,0.139607,0.0008,0.112823,0.000788,0.040788
ACATCGGTCAGCCGCG-1,0.021972,0.172057,0.230692,0.434132,0.121407,0.000017,0.019688,0.000017,0.000017
ACATCGTATGCAATGG-1,0.038357,0.278111,0.23196,0.116078,0.063855,0.025272,0.147178,0.086622,0.012569
ACATGGCGCCAAAGTA-1,0.014398,0.067205,0.024994,0.357055,0.5305,0.002766,0.000501,0.002572,0.000009
ACATTAGTTTATATCC-1,0.028826,0.04189,0.08315,0.018706,0.009549,0.50964,0.085302,0.00623,0.216707
ACATTTGAAACCTAAC-1,0.000016,0.005532,0.008528,0.000016,0.000016,0.009281,0.067756,0.067168,0.841689
ACCAACACCACACACT-1,0.028896,0.550731,0.241715,0.104652,0.039447,0.034506,0.000018,0.000018,0.000018
ACCAACCGCACTCCAC-1,0.000192,0.001317,0.000014,0.000014,0.004456,0.153203,0.003992,0.074425,0.762388
ACCAACGCTTATTTAT-1,0.020921,0.060104,0.006007,0.000034,0.000034,0.196738,0.068894,0.006534,0.640733
ACCAAGAACGCGTGTC-1,0.020255,0.513753,0.292533,0.130886,0.021282,0.004678,0.012729,0.000444,0.003439
ACCAAGTCATCGGCAG-1,0.000026,0.037481,0.007651,0.000026,0.000026,0.123325,0.005146,0.077449,0.748869
ACCAATATGCAAGTTA-1,0.000024,0.000024,0.000024,0.000024,0.000024,0.375422,0.000024,0.12464,0.499795
ACCACAAGTTTCTATC-1,0.013205,0.01524,0.481003,0.40018,0.049814,0.004965,0.0083,0.002983,0.024311
ACCACACGGTTGATGG-1,0.000034,0.014001,0.00623,0.000034,0.000034,0.148975,0.020221,0.063454,0.747017
ACCACCAATGTAACAA-1,0.047462,0.083053,0.074337,0.231296,0.475334,0.025177,0.006114,0.040762,0.016465
ACCACCCTCTCTTCTA-1,0.07849,0.432964,0.074264,0.308154,0.102362,0.003734,0.000011,0.000011,0.000011
ACCACGTGCAGCTATA-1,0.050994,0.118131,0.152021,0.012462,0.07501,0.232744,0.102449,0.029148,0.22704
ACCAGACCATAACAAC-1,0.003821,0.04632,0.325585,0.385356,0.179658,0.00301,0.015271,0.0151,0.025879
ACCAGTGCGGGAGACG-1,0.153941,0.068623,0.05813,0.112893,0.183951,0.184998,0.030758,0.105266,0.10144
ACCATATCCGCAATAA-1,0.00221,0.372916,0.264773,0.106294,0.157305,0.040033,0.03766,0.014933,0.003876
ACCATCCGCCAACTAG-1,0.225048,0.14851,0.163903,0.185851,0.265256,0.004153,0.001109,0.000685,0.005485
ACCATCGTATATGGTA-1,0.037468,0.163993,0.379602,0.084567,0.154188,0.000012,0.136446,0.00188,0.041843
ACCATTAAGGGTGTCA-1,0.000054,0.648906,0.049236,0.000054,0.000054,0.301534,0.000054,0.000054,0.000054
ACCCAACGCCCGTGGC-1,0.004198,0.211469,0.438338,0.123048,0.222889,0.000015,0.000015,0.000015,0.000015
ACCCACCTACATGCTC-1,0.00002,0.125719,0.618872,0.215467,0.03984,0.00002,0.00002,0.00002,0.00002
ACCCATCTTGAGGGTA-1,0.001607,0.132619,0.548045,0.10486,0.093993,0.008696,0.069843,0.025137,0.0152
ACCCATTTGTCCCTCT-1,0.000024,0.000024,0.007334,0.026027,0.02457,0.029564,0.016358,0.363293,0.532805
ACCCGAGCGAAATTAC-1,0.038672,0.060031,0.008845,0.000017,0.032077,0.165257,0.044942,0.113947,0.536212
ACCCGATTGGTTCCGA-1,0.012461,0.003044,0.027887,0.009998,0.059384,0.069688,0.07884,0.136435,0.602263
ACCCGGAAACTCCCAG-1,0.001757,0.001963,0.001138,0.009777,0.004557,0.043625,0.014054,0.213609,0.709519
ACCCGGAGCACCACAA-1,0.027781,0.197634,0.091737,0.025056,0.025178,0.056887,0.246338,0.029738,0.29965
ACCCGGATGACGCATC-1,0.096131,0.001036,0.009428,0.517761,0.371316,0.000008,0.003715,0.000247,0.000358
ACCCGGTTACACTTCC-1,0.146135,0.31944,0.11856,0.130359,0.059595,0.184303,0.025519,0.002862,0.013227
ACCCGTAGTCTAGTTG-1,0.025073,0.093118,0.059223,0.030357,0.152714,0.108115,0.107193,0.104159,0.320048
ACCCGTGTCATCAGTA-1,0.000026,0.000026,0.000026,0.000026,0.000026,0.000026,0.028733,0.004697,0.966417
ACCCTATAGGACTGAG-1,0.000045,0.562164,0.047222,0.000045,0.000045,0.390343,0.000045,0.000045,0.000045
ACCCTATGCCATATCG-1,0.050337,0.024645,0.053339,0.04442,0.020781,0.039617,0.091458,0.033531,0.641872
ACCCTCCCGTCAGGGC-1,0.007889,0.011701,0.01876,0.290096,0.023978,0.010848,0.447426,0.010195,0.179106
ACCCTCCCTTGCTATT-1,0.027583,0.067809,0.028678,0.275117,0.251472,0.127996,0.205592,0.014829,0.000923
ACCCTGGTAACGCCCT-1,0.041526,0.556677,0.179413,0.076281,0.060716,0.0098,0.04962,0.007972,0.017996
ACCCTTCATCTGCGAA-1,0.000027,0.700515,0.033655,0.000027,0.00005,0.265644,0.000027,0.000027,0.000027
ACCGAAAGGGCCCTGC-1,0.05543,0.496224,0.031025,0.008169,0.000052,0.408945,0.000052,0.000052,0.000052
ACCGAAGAGTCTGGTT-1,0.221735,0.042471,0.046267,0.267092,0.313352,0.004443,0.007158,0.030488,0.066994
ACCGACACATCTCCCA-1,0.000017,0.000017,0.000017,0.000017,0.000959,0.006263,0.018503,0.121484,0.852722
ACCGACTGAGTCCCAC-1,0.016556,0.146215,0.387685,0.393274,0.053184,0.00002,0.003025,0.00002,0.00002
ACCGAGTCTCCTTATT-1,0.000029,0.000029,0.000029,0.000029,0.000029,0.293702,0.000029,0.104115,0.602011
ACCGATAGGCATAACC-1,0.000231,0.023191,0.024428,0.011433,0.103977,0.039842,0.036118,0.222581,0.5382
ACCGATATTTAATCAT-1,0.157966,0.085566,0.018742,0.110848,0.236647,0.094308,0.032435,0.076259,0.187229
ACCGATGGTAGCATCG-1,0.165651,0.137163,0.16244,0.146326,0.277839,0.030159,0.002093,0.041797,0.036532
ACCGCAATAACTGCCT-1,0.055524,0.066176,0.060597,0.047313,0.069028,0.148013,0.077738,0.188289,0.287322
ACCGCGGTGGAAGTCG-1,0.221881,0.040319,0.124989,0.4142,0.198584,0.000007,0.000007,0.000007,0.000007
ACCGGGCCTTTGTTGA-1,0.112084,0.241819,0.067963,0.146088,0.232521,0.0732,0.060988,0.017448,0.047889
ACCGGTCAGGTACACC-1,0.145272,0.197441,0.055788,0.009539,0.189668,0.147114,0.004543,0.170626,0.080008
ACCGTCCACTGGGCCC-1,0.01436,0.269654,0.185955,0.066003,0.233689,0.153234,0.003496,0.037555,0.036054
ACCGTGACCACGTGGG-1,0.022242,0.001293,0.000019,0.000019,0.006272,0.151457,0.029239,0.132198,0.657262
ACCTAAGTACCTTTCA-1,0.025548,0.233586,0.096098,0.07302,0.050109,0.000141,0.45821,0.014695,0.048592
ACCTAATCGACTTCCT-1,0.030321,0.008146,0.585875,0.317209,0.023868,0.019544,0.00256,0.001324,0.011152
ACCTACAGTATGTGGT-1,0.015587,0.007536,0.030014,0.500627,0.42342,0.001209,0.006105,0.007508,0.007995
ACCTACTATAAATCTA-1,0.000013,0.000013,0.000013,0.000013,0.000013,0.000013,0.013015,0.011531,0.975378
ACCTCAGCGAGGCGCA-1,0.012353,0.012353,0.012355,0.012355,0.012353,0.012352,0.901167,0.012355,0.012356
ACCTCCGCCCTCGCTG-1,0.025066,0.042271,0.006294,0.01915,0.06118,0.110293,0.03819,0.440606,0.25695
ACCTCCGTTATTCACC-1,0.000019,0.2931,0.483937,0.037452,0.125691,0.05235,0.001801,0.005632,0.000019
ACCTCGAACTTATGCT-1,0.281442,0.272264,0.030319,0.064984,0.200415,0.147458,0.000028,0.003061,0.000028
ACCTGCGTGTCATGTT-1,0.002492,0.469648,0.188033,0.058198,0.169835,0.016058,0.034219,0.004551,0.056967
ACGAAATGGGCGGCAC-1,0.005838,0.030827,0.351735,0.572293,0.037694,0.000011,0.001579,0.000011,0.000011
ACGACTCTAGGGCCGA-1,0.024052,0.008068,0.020021,0.08381,0.015657,0.009345,0.526515,0.016438,0.296094
ACGACTGGTCATACTC-1,0.163507,0.032977,0.028035,0.115816,0.021261,0.032707,0.349071,0.043137,0.213489
ACGAGGATACCACTCT-1,0.401604,0.378059,0.081767,0.000025,0.02212,0.033302,0.000025,0.012472,0.070626
ACGAGGTTTACAACGT-1,0.010213,0.283135,0.128261,0.13484,0.334186,0.096768,0.002393,0.009739,0.000464
ACGAGTACGGATGCCC-1,0.000014,0.114005,0.57802,0.217548,0.045895,0.028483,0.000014,0.016007,0.000014
ACGATACATAGAACTA-1,0.000533,0.27155,0.479137,0.230308,0.018364,0.000027,0.000027,0.000027,0.000027
ACGATACCTATCCTGA-1,0.029791,0.245639,0.365884,0.113943,0.158501,0.072884,0.000011,0.013256,0.000091
ACGATCATACATAGAG-1,0.000182,0.096405,0.323297,0.540295,0.039763,0.000015,0.000015,0.000015,0.000015
ACGATCATCTTGTAAA-1,0.024588,0.04628,0.105612,0.191649,0.560907,0.012837,0.003383,0.034741,0.020004
ACGATGCATATGTTAT-1,0.009285,0.113484,0.27421,0.36727,0.214502,0.011686,0.009532,0.000016,0.000016
ACGCAAACTAATAGAT-1,0.053806,0.008071,0.002175,0.015187,0.007635,0.012498,0.142461,0.040553,0.717614
ACGCAATCACTACAGC-1,0.023158,0.389788,0.349429,0.131874,0.06023,0.045065,0.00002,0.000416,0.00002
ACGCATACGTTTACTA-1,0.00002,0.000021,0.003436,0.006612,0.002129,0.412017,0.031362,0.145405,0.398996
ACGCATTCGTGAGTAC-1,0.003663,0.057819,0.396804,0.350269,0.177316,0.005444,0.008639,0.000023,0.000023
ACGCCAGATGATTTCT-1,0.035408,0.401606,0.173508,0.370913,0.01847,0.000024,0.000024,0.000024,0.000024
ACGCCAGTGCGTTTGC-1,0.097112,0.001768,0.006797,0.069555,0.030301,0.076641,0.143431,0.080323,0.494072
ACGCCGCTAGACGACC-1,0.092109,0.108364,0.383766,0.317118,0.043423,0.009101,0.010237,0.035863,0.000019
ACGCGAAGTCAGACGA-1,0.033011,0.157641,0.105597,0.021123,0.00693,0.023756,0.125707,0.009129,0.517105
ACGCGCTACACAGGGT-1,0.014694,0.128712,0.185514,0.338782,0.194442,0.000122,0.114546,0.003109,0.020078
ACGCGGGCCAAGGACA-1,0.010006,0.192707,0.614613,0.046234,0.057039,0.011464,0.000024,0.06789,0.000024
ACGCGTTTCTTAAGAG-1,0.013483,0.081264,0.464737,0.323975,0.026434,0.008244,0.012794,0.023596,0.045472
ACGCTACTGAATGGGC-1,0.303629,0.125411,0.104747,0.093042,0.130906,0.053466,0.082502,0.00493,0.101367
ACGCTAGTGATACACT-1,0.001226,0.023204,0.255042,0.670571,0.049914,0.000011,0.000011,0.000011,0.000011
ACGCTGTGAGGCGTAG-1,0.001664,0.026188,0.292319,0.466069,0.172733,0.000011,0.007246,0.025355,0.008415
ACGGAACACGAGTGCC-1,0.002092,0.016561,0.064113,0.046337,0.041927,0.006536,0.384999,0.007927,0.429509
ACGGAATTTAGCAAAT-1,0.011,0.199916,0.116684,0.666042,0.006309,0.000012,0.000012,0.000012,0.000012
ACGGACTCTCAAAGCG-1,0.002756,0.000013,0.000013,0.000013,0.000013,0.062452,0.007664,0.094007,0.833068
ACGGAGCGCAAATTAC-1,0.000038,0.520444,0.138241,0.00843,0.000038,0.332696,0.000038,0.000038,0.000038
ACGGATGGTGCGGATA-1,0.000027,0.000027,0.000027,0.000027,0.000027,0.174879,0.000641,0.141303,0.683044
ACGGCACTTGCTTGGG-1,0.000029,0.044415,0.072136,0.001957,0.004449,0.019527,0.22735,0.017779,0.612358
ACGGCCAACATGGACT-1,0.022019,0.008913,0.04807,0.08434,0.003225,0.255367,0.114327,0.033304,0.430434
ACGGCGACGATGGGAA-1,0.139287,0.029184,0.111102,0.272411,0.033806,0.001432,0.324953,0.011831,0.075992
ACGGCTGGATGTAGAA-1,0.146664,0.277913,0.127653,0.073845,0.225161,0.041291,0.009917,0.032717,0.064839
ACGGGAGTGTCGGCCC-1,0.052916,0.059522,0.075427,0.558607,0.029244,0.000752,0.159155,0.006464,0.057913
ACGGGCGTATGCGACA-1,0.011974,0.481193,0.228931,0.239233,0.033383,0.000782,0.000015,0.004475,0.000015
ACGGGTCATGTGACTT-1,0.000469,0.670626,0.178016,0.108242,0.006801,0.035773,0.000024,0.000024,0.000024
ACGGTACAGTTCAATG-1,0.000087,0.00218,0.00072,0.000027,0.031692,0.37563,0.060754,0.132444,0.396466
ACGTACAGATTTCTCT-1,0.000061,0.344281,0.138684,0.009865,0.000061,0.506863,0.000061,0.000061,0.000061
ACGTACTTTGGCACGG-1,0.006656,0.032145,0.064098,0.006436,0.000231,0.109116,0.041793,0.017172,0.722351
ACGTAGATTGCTGATG-1,0.000013,0.001707,0.150487,0.81943,0.028313,0.000013,0.000013,0.000013,0.000013
ACGTAGGAGAGTCGCT-1,0.000019,0.000019,0.000019,0.000019,0.000019,0.011627,0.01676,0.007541,0.963978
ACGTATTACTCCGATC-1,0.000813,0.118066,0.140783,0.320015,0.420219,0.000026,0.000026,0.000026,0.000026
ACGTCTCGTTCCGGGA-1,0.036596,0.08059,0.215219,0.202534,0.418287,0.038463,0.000426,0.004828,0.003057
ACGTGACAAAGTAAGT-1,0.003758,0.234022,0.183101,0.137183,0.267503,0.108354,0.007843,0.031764,0.026473
ACGTGCGCCTCGTGCA-1,0.080216,0.205894,0.044935,0.658906,0.009984,0.000016,0.000016,0.000016,0.000016
ACGTTAATGTCGAAGA-1,0.061862,0.087596,0.260985,0.341721,0.162349,0.013937,0.063764,0.00086,0.006923
ACGTTAGATTTGCCCG-1,0.141716,0.207518,0.182385,0.278586,0.07306,0.014898,0.037363,0.003002,0.061472
ACGTTATTGGTCACTC-1,0.017058,0.310949,0.500871,0.101843,0.000036,0.066708,0.002464,0.000036,0.000036
ACGTTCGCAATCAATT-1,0.002238,0.163955,0.386538,0.289132,0.142306,0.009991,0.000012,0.005817,0.000012
ACGTTCGTTCAGGAAA-1,0.000026,0.020406,0.015854,0.000026,0.000026,0.240524,0.025707,0.03845,0.658981
ACGTTCTGTACAAGTC-1,0.000017,0.003743,0.000017,0.000017,0.006614,0.147958,0.052343,0.073144,0.716147
ACGTTTAGTTGTGATC-1,0.060926,0.623298,0.14547,0.106782,0.008994,0.054441,0.00003,0.00003,0.00003
ACGTTTCGGTGCACTT-1,0.347506,0.113689,0.140225,0.143218,0.174876,0.000081,0.015285,0.003029,0.062092
ACTACAAAGAGAGGTG-1,0.006471,0.000014,0.000014,0.000014,0.000014,0.003945,0.001445,0.004981,0.983104
ACTACATCCCGACAAG-1,0.146759,0.17095,0.054537,0.006212,0.137481,0.164091,0.017323,0.161765,0.140883
