Barcode,Topic 1,Topic 2,Topic 3to4,Topic 5,Topic 6to7,Topic 8,Topic 9,Topic 10
AAACAAGTATCTCCCA-1,0.132168,0.259391,0.384201,0.000078,0.000156,0.210786,0.013142,0.000078
AAACAATCTACTAGCA-1,0.000036,0.000036,0.340493,0.504446,0.154878,0.000036,0.000036,0.000036
AAACACCAATAACTGC-1,0.980318,0.01907,0.000153,0.000077,0.000153,0.000077,0.000077,0.000077
AAACAGAGCGACTCCT-1,0.019198,0.013375,0.433879,0.032297,0.135876,0.32334,0.00236,0.039675
AAACAGCTTTCAGAAG-1,0.759569,0.133827,0.00016,0.00008,0.00016,0.106045,0.00008,0.00008
AAACAGGGTCTATATT-1,0.885755,0.000407,0.000813,0.000407,0.000813,0.000407,0.000407,0.110992
AAACAGTGTTCCTGGG-1,0.023943,0.044868,0.0332,0.016365,0.065735,0.000292,0.489143,0.326453
AAACATGGTGAGAGGA-1,0.982931,0.016222,0.000212,0.000106,0.000212,0.000106,0.000106,0.000106
AAACATTTCCCGGATT-1,0.111043,0.013518,0.156785,0.00012,0.102754,0.185308,0.243842,0.18663
AAACCCGAACGAAATC-1,0.007595,0.018163,0.285277,0.142046,0.358973,0.10327,0.033185,0.05149
AAACCGGAAATGTTAA-1,0.042154,0.001217,0.039975,0.297603,0.23417,0.124438,0.029608,0.230835
AAACCGGGTAGGTACC-1,0.949886,0.00012,0.00024,0.00012,0.00024,0.00012,0.001342,0.047931
AAACCGTTCGTCCAGG-1,0.03661,0.758547,0.182984,0.020155,0.000067,0.000033,0.00157,0.000033
AAACCTAAGCAGCCGG-1,0.015376,0.529254,0.122821,0.000048,0.000096,0.32891,0.003446,0.000048
AAACCTCATGAAGTTG-1,0.596906,0.000505,0.00101,0.000505,0.00101,0.399053,0.000505,0.000505
AAACGAAGAACATACC-1,0.005127,0.007797,0.580725,0.055317,0.232793,0.012878,0.043647,0.061716
AAACGAAGATGGAGTA-1,0.90569,0.006777,0.000214,0.000107,0.000214,0.086782,0.000107,0.000107
AAACGAGACGGTTGAT-1,0.021995,0.030954,0.202978,0.081779,0.508533,0.022142,0.039728,0.09189
AAACGCCCGAGATCGG-1,0.000049,0.000049,0.54582,0.177094,0.276843,0.000049,0.000049,0.000049
AAACGCTGGGCACGAC-1,0.000016,0.056391,0.547471,0.00358,0.146378,0.005102,0.062732,0.17833
AAACGGGCGTACGGGT-1,0.170524,0.000127,0.262487,0.000127,0.02223,0.018562,0.313705,0.212238
AAACGGGTTGGTATCC-1,0.008879,0.000052,0.359441,0.31607,0.298758,0.016695,0.000052,0.000052
AAACGGTTGCGAACTG-1,0.006556,0.05532,0.033079,0.037921,0.142171,0.082123,0.05162,0.59121
AAACGTGTTCGCCCTA-1,0.000078,0.261688,0.70387,0.031986,0.000156,0.002065,0.000078,0.000078
AAACTAACGTGGCGAC-1,0.000034,0.000034,0.316891,0.22496,0.456239,0.000034,0.000034,0.001774
AAACTCGGTTCGCAAT-1,0.000029,0.078688,0.06822,0.024077,0.302146,0.268844,0.041161,0.216835
AAACTCGTGATATAAG-1,0.00005,0.030805,0.457106,0.293418,0.054936,0.16103,0.002606,0.00005
AAACTGCTGGCTCCAA-1,0.009086,0.044653,0.043704,0.072426,0.667054,0.043842,0.040566,0.078669
AAACTTAATTGCACGC-1,0.968772,0.000066,0.000132,0.000066,0.000132,0.000066,0.000066,0.030701
AAACTTGCAAACGTAT-1,0.624206,0.002128,0.360896,0.002128,0.004257,0.002128,0.002128,0.002128
AAAGAATGACCTTAGA-1,0.733354,0.000067,0.017259,0.000067,0.085384,0.014808,0.146875,0.002186
AAAGAATGTGGACTAA-1,0.000047,0.368737,0.045484,0.004311,0.000094,0.285652,0.075272,0.220403
AAAGACATGAAGTTTA-1,0.000039,0.001465,0.563252,0.032593,0.402533,0.000039,0.000039,0.000039
AAAGACCCAAGTCGCG-1,0.012165,0.033088,0.331081,0.173298,0.155161,0.295139,0.000034,0.000034
AAAGACTGGGCGCTTT-1,0.045812,0.039802,0.027216,0.200719,0.495201,0.166603,0.01204,0.012606
AAAGCTTGCCTACATA-1,0.194678,0.03669,0.766328,0.000099,0.000198,0.001809,0.000099,0.000099
AAAGGCCCTATAATAC-1,0.751721,0.179296,0.048775,0.000062,0.000124,0.008002,0.011957,0.000062
AAAGGCTACGGACCAT-1,0.000035,0.183773,0.422706,0.027508,0.07796,0.003371,0.079658,0.204989
AAAGGCTCTCGCGCCG-1,0.000074,0.034986,0.229185,0.000074,0.019882,0.000074,0.690582,0.025144
AAAGGGATGTAGCAAG-1,0.010029,0.007162,0.196558,0.126652,0.655844,0.001006,0.000019,0.002731
AAAGGGCAGCTTGAAT-1,0.033638,0.1781,0.1309,0.185718,0.371396,0.079628,0.005657,0.014963
AAAGGTAAGCTGTACC-1,0.000049,0.095892,0.43043,0.407744,0.048424,0.017364,0.000049,0.000049
AAAGTAGCATTGCTCA-1,0.88873,0.001852,0.003705,0.09645,0.003705,0.001852,0.001852,0.001852
AAAGTCACTGATGTAA-1,0.000023,0.00021,0.318413,0.060214,0.58621,0.000023,0.015231,0.019675
AAAGTCGACCCTCAGT-1,0.494458,0.000935,0.498998,0.000935,0.00187,0.000935,0.000935,0.000935
AAAGTGCCATCAATTA-1,0.056416,0.00404,0.082203,0.077343,0.12392,0.152847,0.206141,0.297089
AAAGTGTGATTTATCT-1,0.000031,0.081817,0.549534,0.015779,0.233662,0.017539,0.018283,0.083355
AAAGTTGACTCCCGTA-1,0.000022,0.001255,0.120155,0.018984,0.57048,0.126697,0.005368,0.15704
AAATAACCATACGGGA-1,0.000029,0.020319,0.509835,0.063721,0.396226,0.000029,0.000029,0.00981
AAATAAGGTAGTGCCC-1,0.00005,0.123786,0.714376,0.036394,0.071281,0.047428,0.006635,0.00005
AAATACCTATAAGCAT-1,0.031576,0.042629,0.245132,0.049762,0.068011,0.030531,0.314301,0.218059
AAATAGCTTAGACTTT-1,0.000024,0.015121,0.238869,0.219058,0.445325,0.063028,0.006181,0.012394
AAATAGGGTGCTATTG-1,0.000045,0.464564,0.089069,0.123032,0.115801,0.033805,0.051754,0.121929
AAATCCGATACACGCC-1,0.079756,0.358307,0.31286,0.000079,0.000158,0.127333,0.114447,0.007061
AAATCGCGGAAGGAGT-1,0.990351,0.009101,0.000137,0.000068,0.000137,0.000068,0.000068,0.000068
AAATCGTGTACCACAA-1,0.082825,0.000032,0.086007,0.000958,0.404812,0.147434,0.206056,0.071875
AAATCTAGCCCTGCTA-1,0.034425,0.048767,0.241291,0.000066,0.109041,0.259486,0.237266,0.069659
AAATCTGCCCGCGTCC-1,0.881047,0.073118,0.000119,0.003003,0.000119,0.041854,0.000059,0.000681
AAATGACTGATCAAAC-1,0.00793,0.038951,0.376903,0.011797,0.06599,0.194314,0.164126,0.139988
AAATGATTCGATCAGC-1,0.017123,0.013141,0.329264,0.363417,0.231164,0.009873,0.004905,0.031114
AAATGCTCGTTACGTT-1,0.000061,0.121861,0.194589,0.571545,0.063343,0.035391,0.004028,0.009182
AAATGGCATGTCTTGT-1,0.000014,0.012177,0.071414,0.321619,0.594252,0.000014,0.000014,0.000498
AAATGGCCCGTGCCCT-1,0.805728,0.188474,0.00145,0.000725,0.00145,0.000725,0.000725,0.000725
AAATGGTCAATGTGCC-1,0.090895,0.043199,0.189789,0.006362,0.433835,0.079308,0.079099,0.077514
AAATGTATCTTATCCC-1,0.000026,0.282346,0.360575,0.066155,0.234319,0.039454,0.015276,0.001848
AAATGTGGGTGCTCCT-1,0.020279,0.123905,0.410845,0.100846,0.143544,0.102383,0.092557,0.005641
AAATTAACGGGTAGCT-1,0.072983,0.001559,0.07039,0.000047,0.394479,0.000047,0.437071,0.023424
AAATTAATAAGCGCGA-1,0.15402,0.18723,0.193055,0.029202,0.163631,0.187805,0.069322,0.015734
AAATTACACGACTCTG-1,0.000043,0.027829,0.640193,0.13508,0.190786,0.005983,0.000043,0.000043
AAATTACCTATCGATG-1,0.000864,0.16999,0.456519,0.022853,0.105758,0.2,0.028249,0.015767
AAATTCCAGGTCCAAA-1,0.049365,0.188348,0.699085,0.000053,0.000106,0.062938,0.000053,0.000053
AAATTGATAGTCCTTT-1,0.618082,0.069653,0.000692,0.000346,0.000692,0.035763,0.274426,0.000346
AAATTGCGGCGGTTCT-1,0.055141,0.124005,0.363684,0.347551,0.000137,0.090157,0.010949,0.008378
AAATTGGTGAGAAGCA-1,0.000061,0.137338,0.745966,0.01798,0.00126,0.097274,0.000061,0.000061
AAATTTACCGAAATCC-1,0.000043,0.012136,0.964437,0.012816,0.010437,0.000043,0.000043,0.000043
AAATTTGCGGGTGTGG-1,0.356632,0.000104,0.000209,0.000104,0.398615,0.000104,0.000104,0.244127
AACAACTGGTAGTTGC-1,0.119079,0.000028,0.042614,0.01355,0.618179,0.206469,0.000028,0.000051
AACAATACATTGTCGA-1,0.062376,0.228919,0.346119,0.000055,0.022147,0.089837,0.226129,0.024417
AACAATTACTCTACGC-1,0.111496,0.013536,0.235627,0.048336,0.371136,0.06018,0.095542,0.064146
AACACACGCTCGCCGC-1,0.000028,0.00634,0.057689,0.138979,0.329828,0.366104,0.013569,0.087463
AACACGACTGTACTGA-1,0.005306,0.043563,0.89141,0.054891,0.004741,0.00003,0.00003,0.00003
AACACGAGACGCGGCC-1,0.605237,0.383492,0.002818,0.001409,0.002818,0.001409,0.001409,0.001409
AACACGCGGCCGCGAA-1,0.000027,0.002712,0.299784,0.117302,0.377708,0.000027,0.005803,0.196637
AACAGCTGTGTGGCAA-1,0.305875,0.508884,0.18345,0.000299,0.000597,0.000299,0.000299,0.000299
AACAGGAAATCGAATA-1,0.023814,0.068434,0.455543,0.210819,0.230994,0.010339,0.000028,0.000028
AACAGGATGGGCCGCG-1,0.075245,0.417359,0.153675,0.094301,0.128237,0.1311,0.000042,0.000042
AACAGGTAGTATGGAT-1,0.035167,0.016211,0.249211,0.15028,0.315913,0.083886,0.01702,0.132312
AACATAGCGTGTATCG-1,0.038545,0.3626,0.251904,0.000151,0.000302,0.329499,0.016847,0.000151
AACATATCAACTGGTG-1,0.000045,0.109851,0.743227,0.088872,0.044552,0.000045,0.013363,0.000045
AACATCGATACGTCTA-1,0.000061,0.029132,0.463899,0.128804,0.244786,0.103969,0.013305,0.016043
AACATTGAAGTTGATC-1,0.451061,0.000174,0.000349,0.000174,0.042441,0.000174,0.404393,0.101233
AACATTGGTCAGCCGT-1,0.000044,0.008877,0.327829,0.588395,0.055261,0.019506,0.000044,0.000044
AACATTGTGACTCGAG-1,0.090092,0.004901,0.281377,0.000046,0.000092,0.004718,0.598441,0.020334
AACCAAGACTTCTCTG-1,0.636207,0.255252,0.069878,0.038084,0.000232,0.000116,0.000116,0.000116
AACCAGTATCACTCTT-1,0.000029,0.000267,0.569942,0.095723,0.333951,0.000029,0.000029,0.000029
AACCATAGGGTTGAAC-1,0.793163,0.020008,0.182164,0.000045,0.000091,0.004438,0.000045,0.000045
AACCATGGGATCGCTA-1,0.000057,0.095246,0.290282,0.557104,0.05714,0.000057,0.000057,0.000057
AACCCAGAGACGGAGA-1,0.044683,0.201994,0.69775,0.055325,0.000099,0.000049,0.000049,0.000049
AACCCATCCCATGATC-1,0.999342,0.000073,0.000146,0.000073,0.000146,0.000073,0.000073,0.000073
AACCCGACAACCCGTG-1,0.002819,0.206839,0.075664,0.014605,0.206403,0.005896,0.256807,0.230968
AACCCGAGCAGAATCG-1,0.004201,0.309292,0.220214,0.055219,0.007371,0.403582,0.00006,0.00006
AACCCGCTGTATTCCA-1,0.000025,0.076523,0.05869,0.037508,0.156961,0.079041,0.063486,0.527765
AACCCTACTGTCAATA-1,0.000041,0.096828,0.480015,0.040964,0.084661,0.007542,0.042733,0.247216
AACCCTGGTGGAACCA-1,0.000026,0.099777,0.650476,0.057794,0.145589,0.000026,0.024782,0.021531
AACCGAGCTTGGTCAT-1,0.009114,0.410275,0.225319,0.173852,0.18128,0.000053,0.000053,0.000053
AACCGCTAAGGGATGC-1,0.000014,0.000303,0.36024,0.00434,0.569793,0.002938,0.006916,0.055456
AACCGTTGTGTTTGCT-1,0.000025,0.086956,0.178584,0.242078,0.485979,0.005764,0.000588,0.000025
AACCTAAAGCCGTCCG-1,0.000032,0.110859,0.761924,0.016817,0.047521,0.059472,0.003343,0.000032
AACCTCGCTTTAGCCC-1,0.00836,0.043047,0.008256,0.137908,0.175597,0.456882,0.013348,0.156602
AACCTGTCACGGAATT-1,0.000053,0.004863,0.560189,0.135932,0.138875,0.151141,0.008893,0.000053
AACCTTTAAATACGGT-1,0.000052,0.047755,0.192795,0.000052,0.136929,0.000052,0.146907,0.47546
AACCTTTACGACGTCT-1,0.000054,0.087002,0.704137,0.204081,0.004564,0.000054,0.000054,0.000054
AACGAAAGTCGTCCCA-1,0.9432,0.000059,0.000117,0.008891,0.000117,0.023996,0.023561,0.000059
AACGACCTCCTAGCCG-1,0.014513,0.026339,0.127342,0.010176,0.163963,0.060506,0.089541,0.507619
AACGATAATGCCGTAG-1,0.000045,0.454842,0.20894,0.121295,0.014292,0.008768,0.007869,0.18395
AACGATAGAAGGGCCG-1,0.000016,0.006273,0.080423,0.19941,0.659989,0.050911,0.000276,0.002703
AACGATATGTCAACTG-1,0.006255,0.011988,0.050651,0.145841,0.712604,0.059159,0.007135,0.006367
AACGCATGATCTGGGT-1,0.000049,0.022367,0.564185,0.22581,0.127884,0.044735,0.001524,0.013446
AACGCGAACGGCAACA-1,0.000035,0.00632,0.226085,0.166035,0.570324,0.0047,0.000035,0.026468
AACGCGACCTTGGGCG-1,0.024571,0.250769,0.1214,0.000037,0.015449,0.026542,0.341253,0.21998
AACGCGGTCTCCAGCC-1,0.000043,0.063817,0.33325,0.233693,0.369068,0.000043,0.000043,0.000043
AACGCTGTTGCTGAAA-1,0.000092,0.226897,0.315514,0.093357,0.000183,0.273238,0.083976,0.006743
AACGGACGTACGTATA-1,0.00003,0.012313,0.161614,0.136863,0.296321,0.157451,0.088964,0.146444
AACGGCCATCTCCGGT-1,0.601841,0.000059,0.081714,0.000059,0.131256,0.000059,0.172492,0.012521
AACGTACTGTGGGTAC-1,0.093224,0.074268,0.162914,0.016906,0.446986,0.017946,0.163366,0.02439
AACGTAGTCTACCCAT-1,0.000062,0.048314,0.377611,0.371313,0.202516,0.000062,0.000062,0.000062
AACGTCAGACTAGTGG-1,0.013977,0.178707,0.415245,0.37065,0.017667,0.003679,0.000037,0.000037
AACGTCGCTGCACTTC-1,0.017616,0.07441,0.012865,0.058862,0.119374,0.247999,0.020253,0.448621
AACGTGATGAAGGACA-1,0.02978,0.007957,0.453538,0.096009,0.332824,0.039574,0.002746,0.037572
AACGTGCGAAAGTCTC-1,0.049841,0.008026,0.065095,0.008974,0.573393,0.023316,0.159573,0.111782
AACGTTATCAGCACCT-1,0.040236,0.307776,0.11015,0.523973,0.002244,0.013925,0.000042,0.001654
AACGTTCTACCATTGT-1,0.000315,0.063191,0.252404,0.063022,0.508189,0.000031,0.064251,0.048597
AACTACCCGTTTGTCA-1,0.037237,0.003234,0.222832,0.222947,0.307956,0.128423,0.044371,0.032999
AACTAGCGTATCGCAC-1,0.000046,0.061388,0.570991,0.129881,0.218943,0.008658,0.006477,0.003616
AACTAGGCTTGGGTGT-1,0.001392,0.636805,0.110485,0.033991,0.036238,0.000067,0.14767,0.033353
AACTCAAGTTAATTGC-1,0.364687,0.200142,0.164035,0.000102,0.000203,0.000102,0.270628,0.000102
AACTCCAGAGCGTGTT-1,0.005807,0.23754,0.482113,0.000087,0.000173,0.181764,0.052862,0.039654
AACTCCTAATCCCATG-1,0.00003,0.042691,0.457333,0.202463,0.19861,0.041028,0.008296,0.049549
AACTCGATAAACACGT-1,0.000039,0.001303,0.086566,0.333714,0.295097,0.143472,0.001605,0.138204
AACTCGATGGCGCAGT-1,0.006933,0.00005,0.366939,0.449066,0.17686,0.00005,0.00005,0.00005
AACTCTCAATAGAGCG-1,0.01892,0.031384,0.423465,0.195494,0.261247,0.0274,0.006587,0.035503
AACTCTCAGTGTGCTC-1,0.01646,0.000018,0.002822,0.000018,0.761569,0.001993,0.038504,0.178616
AACTGAGGTCAGCGTC-1,0.000085,0.018581,0.671302,0.274818,0.034956,0.000085,0.000085,0.000085
AACTGAGTTATACTGA-1,0.021259,0.000046,0.010492,0.348696,0.338845,0.178741,0.004763,0.097158
AACTGATATTAGGCCT-1,0.028905,0.404222,0.315887,0.135714,0.070085,0.045075,0.000056,0.000056
AACTGGGTCCCGACGT-1,0.000025,0.052966,0.359117,0.077793,0.506668,0.001704,0.00106,0.000666
AACTGGGTTCGAGCCG-1,0.000042,0.000042,0.754705,0.086265,0.158819,0.000042,0.000042,0.000042
AACTGGTGTGGGCCTT-1,0.034408,0.200722,0.411784,0.087277,0.143526,0.000032,0.080493,0.041758
AACTTCTGCGTCTATC-1,0.033936,0.017584,0.032513,0.345759,0.569491,0.000033,0.000033,0.000651
AACTTGCCCGTATGCA-1,0.092828,0.098957,0.412063,0.200484,0.014598,0.180965,0.000052,0.000052
AACTTGCGTTCTCGCG-1,0.029928,0.073435,0.075422,0.773189,0.04786,0.000055,0.000055,0.000055
AACTTTACGGGAGCTT-1,0.021131,0.00198,0.006464,0.068375,0.741228,0.027881,0.005935,0.127005
AACTTTAGCTGCTGAG-1,0.03125,0.278293,0.585706,0.089157,0.010263,0.000052,0.005226,0.000052
AAGAAAGTTTGATGGG-1,0.5473,0.040145,0.023942,0.000107,0.125648,0.029313,0.000107,0.233438
AAGAAGGATCAGTTAG-1,0.000045,0.019479,0.044282,0.58113,0.258398,0.000045,0.067776,0.028846
AAGACATACGTGGTTT-1,0.008056,0.011298,0.000041,0.014068,0.111041,0.003672,0.083033,0.768792
AAGACCAAATAACTCA-1,0.999656,0.000038,0.000076,0.000038,0.000076,0.000038,0.000038,0.000038
AAGACCCAACTGAACA-1,0.006396,0.075431,0.162429,0.017387,0.407991,0.033054,0.161552,0.135761
AAGACTAACCCGTTGT-1,0.000041,0.001864,0.27573,0.490001,0.215881,0.000041,0.000041,0.016401
AAGACTCACGCCCACT-1,0.000041,0.004037,0.820692,0.02095,0.14649,0.007656,0.000041,0.000094
AAGACTGCAAGCTACT-1,0.004944,0.111479,0.165947,0.106283,0.391958,0.000034,0.17747,0.041884
AAGAGATGAATCGGTA-1,0.069011,0.18204,0.550426,0.183451,0.014897,0.000058,0.000058,0.000058
AAGAGCTCTTTATCGG-1,0.013456,0.119155,0.227703,0.304228,0.161108,0.05278,0.037214,0.084355
AAGAGGATGTACGCGA-1,0.721491,0.153303,0.124433,0.000129,0.000257,0.000129,0.000129,0.000129
AAGAGGCATGGATCGC-1,0.035831,0.291572,0.322019,0.028539,0.163359,0.063825,0.051336,0.043518
AAGAGGCCCTTTGGAA-1,0.006178,0.236465,0.224415,0.135167,0.061551,0.264034,0.000229,0.071961
AAGATGGCACCGGACC-1,0.012469,0.138299,0.144306,0.018414,0.306298,0.167499,0.137229,0.075485
AAGATTGGCGGAACGT-1,0.000044,0.405074,0.551974,0.042686,0.000089,0.000044,0.000044,0.000044
AAGCACCCTGCGTATC-1,0.000073,0.344737,0.094626,0.052176,0.162065,0.029691,0.08875,0.227881
AAGCATACTCTCCTGA-1,0.00003,0.199483,0.14941,0.005416,0.339909,0.001753,0.053763,0.250236
AAGCCACTTGCAGGTA-1,0.03079,0.276418,0.034456,0.056611,0.05026,0.012985,0.472091,0.06639
AAGCCGAAGCGGTTTA-1,0.000058,0.000448,0.323789,0.164647,0.223837,0.240032,0.006681,0.040507
AAGCCGCCGTGAAATC-1,0.888543,0.000067,0.000135,0.000067,0.000135,0.000067,0.096017,0.014969
AAGCCGGAGAGCAGGA-1,0.000032,0.002665,0.080251,0.143607,0.327437,0.171632,0.086019,0.188356
AAGCGCAGGGCTTTGA-1,0.00004,0.140754,0.091564,0.042721,0.0811,0.114659,0.244122,0.285039
AAGCGGCGTCATGGGT-1,0.000033,0.005314,0.820315,0.015368,0.158872,0.000033,0.000033,0.000033
AAGCGTCCCTCATCGA-1,0.106311,0.004408,0.251606,0.000062,0.383818,0.000062,0.059294,0.194439
AAGCTAGATCGAGTAA-1,0.007424,0.062506,0.255805,0.102493,0.25024,0.124392,0.066405,0.130737
AAGCTATGGATTGACC-1,0.627522,0.001111,0.209502,0.079381,0.039104,0.043259,0.00006,0.00006
AAGCTCGTGCCAAGTC-1,0.010676,0.051904,0.128129,0.118358,0.652103,0.008482,0.010823,0.019526
AAGCTCTTTCATGGTG-1,0.00007,0.156573,0.002396,0.156988,0.141011,0.163571,0.17696,0.20243
AAGGAGAACTTATAAG-1,0.000039,0.010197,0.603488,0.174814,0.186478,0.018218,0.001005,0.00576
AAGGAGCGGTTGGTGC-1,0.034568,0.1846,0.421993,0.023751,0.289415,0.000044,0.004582,0.041048
AAGGATCGATCGCTTG-1,0.000055,0.486711,0.499919,0.000055,0.00011,0.012219,0.000876,0.000055
AAGGATGAGGGACCTC-1,0.000452,0.061502,0.371526,0.150542,0.248213,0.000378,0.072642,0.094745
AAGGCAGGCTGTCTCC-1,0.04707,0.046206,0.354534,0.090092,0.351103,0.022164,0.063503,0.025329
AAGGCGCGTAAAGCTT-1,0.052227,0.094348,0.264424,0.134548,0.142045,0.312341,0.000033,0.000033
AAGGCTGTGCTCATCG-1,0.369359,0.410375,0.198294,0.005481,0.012831,0.003528,0.000067,0.000067
AAGGGAACGACTGGCT-1,0.513169,0.000044,0.000088,0.000044,0.061243,0.000044,0.052886,0.372481
AAGGGACAGATTCTGT-1,0.000039,0.172106,0.551084,0.073562,0.112733,0.017625,0.001807,0.071044
AAGGGACTATGCATTC-1,0.727087,0.000298,0.000595,0.000298,0.000595,0.270531,0.000298,0.000298
AAGGGTTAGCCATGCG-1,0.000031,0.334493,0.504906,0.000031,0.000062,0.000031,0.152128,0.008317
AAGGGTTTGATTTCAG-1,0.699987,0.000025,0.000051,0.000025,0.133055,0.014211,0.000025,0.152621
AAGGTATCCTAATATA-1,0.035706,0.009901,0.401283,0.08126,0.367486,0.000026,0.084664,0.019674
AAGGTGATAAACCAGC-1,0.000038,0.061005,0.596223,0.065733,0.124458,0.00152,0.017558,0.133465
AAGTAAGCTTCCAAAC-1,0.030146,0.000322,0.374175,0.293205,0.124433,0.000066,0.177588,0.000066
AAGTAGAAGACCGGGT-1,0.000042,0.223237,0.315557,0.377477,0.076762,0.006841,0.000042,0.000042
AAGTAGTGACGCGAGG-1,0.20019,0.154139,0.028217,0.003413,0.434921,0.084423,0.043832,0.050865
AAGTCAATTGTCGTCA-1,0.000055,0.160704,0.623711,0.005542,0.031729,0.178148,0.000055,0.000055
AAGTCTTCTGTGGCCT-1,0.364381,0.503932,0.000277,0.130717,0.000277,0.000139,0.000139,0.000139
AAGTGACGACCGAATT-1,0.865398,0.000676,0.001352,0.000676,0.001352,0.000676,0.129195,0.000676
AAGTGAGTCGGGTTTA-1,0.000043,0.408342,0.105392,0.000371,0.173376,0.06379,0.224334,0.024352
AAGTGCAAAGGTAGAC-1,0.03876,0.237469,0.159402,0.377711,0.167288,0.019301,0.000034,0.000034
AAGTGCCTTGACTGTA-1,0.016631,0.416739,0.230786,0.247596,0.001766,0.086341,0.000071,0.000071
AAGTGCGTTAGAATCT-1,0.474396,0.001137,0.517647,0.001137,0.002273,0.001137,0.001137,0.001137
AAGTGCTTCTCTATTG-1,0.05164,0.386585,0.02601,0.000034,0.000069,0.000034,0.528652,0.006976
AAGTGTTTGGAGACGG-1,0.000061,0.350358,0.1666,0.155294,0.070834,0.119966,0.068042,0.068845
AAGTTCACTCCAAGCT-1,0.000047,0.00698,0.023695,0.184262,0.205653,0.248707,0.057728,0.272928
AAGTTCAGTCTGCGTA-1,0.000044,0.000044,0.461494,0.229069,0.309217,0.000044,0.000044,0.000044
AAGTTCGGCCAACAGG-1,0.665129,0.299908,0.033777,0.000198,0.000395,0.000198,0.000198,0.000198
AAGTTGTGATGTTATA-1,0.000093,0.25521,0.058381,0.060695,0.034329,0.133908,0.433511,0.023872
AAGTTTACTAATGGCA-1,0.000021,0.001808,0.407247,0.253318,0.320661,0.014078,0.000021,0.002845
AAGTTTATGGGCCCAA-1,0.00002,0.004805,0.04243,0.002443,0.424792,0.009812,0.040993,0.474704
AATAACAACGCTCGGC-1,0.83558,0.000124,0.000247,0.000124,0.000247,0.000124,0.031758,0.131797
AATAACACTAGAACAA-1,0.116252,0.323071,0.290618,0.029922,0.057112,0.072878,0.085434,0.024714
AATAACGTCGCGCCCA-1,0.000009,0.007833,0.167705,0.018372,0.479575,0.00694,0.001477,0.318089
AATAAGTCCTCGAGAC-1,0.000027,0.030435,0.852734,0.016304,0.089182,0.000027,0.011264,0.000027
AATAATCTTCGTATCG-1,0.038295,0.009494,0.104381,0.141507,0.392179,0.164199,0.09844,0.051505
AATACAATGTTTCAGG-1,0.032361,0.13854,0.157368,0.252141,0.281383,0.037617,0.059419,0.041171
AATACCGGAGGGCTGT-1,0.010711,0.032009,0.237637,0.000018,0.36319,0.000018,0.193751,0.162666
AATACCTGATGTGAAC-1,0.00342,0.021167,0.02841,0.170293,0.050977,0.371332,0.006256,0.348146
AATAGAACAGAGTGGC-1,0.04254,0.158423,0.432415,0.002806,0.266065,0.000039,0.091942,0.00577
AATAGAATCTGTTTCA-1,0.000027,0.030628,0.080429,0.0827,0.440724,0.189263,0.024397,0.151832
AATAGCAAGCCTCCTG-1,0.008929,0.000591,0.147391,0.480333,0.303373,0.052927,0.001103,0.005353
AATAGCTACCGCGTGC-1,0.000025,0.000025,0.129454,0.582865,0.287558,0.000025,0.000025,0.000025
AATAGGCACGACCCTT-1,0.03092,0.042592,0.555855,0.000058,0.000115,0.000058,0.370346,0.000058
AATAGTCCGTCCCGAC-1,0.000083,0.000076,0.153196,0.000076,0.199362,0.000076,0.478505,0.168625
AATAGTCGCGAGTCGG-1,0.010789,0.275521,0.28243,0.109675,0.109052,0.204692,0.007807,0.000034
AATATCAAGGTCGGAT-1,0.000036,0.000036,0.333326,0.347938,0.280649,0.037944,0.000036,0.000036
AATATCCTAGCAAACT-1,0.795523,0.127721,0.000082,0.000041,0.000082,0.07211,0.0044,0.000041
AATATCGAATCAATGC-1,0.078906,0.000135,0.155656,0.09933,0.078478,0.032451,0.394259,0.160785
AATATCGAGGGTTCTC-1,0.000046,0.202863,0.34008,0.100514,0.261026,0.011437,0.000046,0.083988
AATATTGGAGTATTGA-1,0.35279,0.000179,0.118935,0.000179,0.157882,0.000179,0.14868,0.221177
AATCAGACTGCAGGAC-1,0.000033,0.000033,0.112163,0.154514,0.583673,0.000033,0.000033,0.149518
AATCAGGTTTCATTTA-1,0.094092,0.000049,0.016538,0.000049,0.118811,0.009054,0.631569,0.129837
AATCATGTAAAGACTC-1,0.031792,0.005974,0.364538,0.059695,0.026124,0.368573,0.123301,0.020003
AATCCAAGGGCCTGAG-1,0.000039,0.012024,0.244201,0.227268,0.314533,0.01128,0.164313,0.026341
AATCCATGCAAGGGTG-1,0.000048,0.028775,0.45714,0.175291,0.208623,0.000047,0.033726,0.096351
AATCCCGCTCAGAGCC-1,0.000034,0.110842,0.278935,0.001795,0.25185,0.008603,0.011535,0.336406
AATCGAGGTCTCAAGG-1,0.042156,0.000106,0.307139,0.000105,0.129098,0.245231,0.145786,0.130379
AATCGCCTCAGCGCCA-1,0.001098,0.248747,0.463544,0.13207,0.015315,0.000987,0.087034,0.051204
AATCGCGCAGAGGACT-1,0.029974,0.057416,0.500812,0.075989,0.182396,0.149702,0.003667,0.000046
AATCGGGACACTACGA-1,0.076393,0.009145,0.570564,0.089312,0.156033,0.095337,0.002014,0.001202
AATCGGTATAGCCCTC-1,0.000159,0.453921,0.076758,0.006279,0.000104,0.001414,0.281078,0.180288
AATCGTGAGCCGAGCA-1,0.062387,0.352644,0.381953,0.000104,0.000208,0.202493,0.000107,0.000104
AATCTAGGTTTACTTG-1,0.887508,0.11133,0.00029,0.000145,0.00029,0.000145,0.000145,0.000145
AATCTATGCCGGAGCC-1,0.000052,0.006092,0.499797,0.2542,0.181805,0.025678,0.024126,0.00825
AATCTCTACTGTGGTT-1,0.332872,0.58257,0.000232,0.000116,0.048486,0.035492,0.000116,0.000116
AATCTGCGTTGGGACG-1,0.000051,0.094401,0.49792,0.005413,0.117802,0.086977,0.103782,0.093653
AATCTGGCTTTCTAGT-1,0.960685,0.000114,0.000227,0.000114,0.000227,0.000114,0.038407,0.000114
AATCTGGGTAGACCCT-1,0.000039,0.008172,0.540571,0.148456,0.247555,0.033012,0.011557,0.01064
AATGACAGCAATGTCT-1,0.520555,0.450769,0.022614,0.00101,0.002021,0.00101,0.00101,0.00101
AATGACGTAGGATGTC-1,0.000022,0.008432,0.159359,0.20136,0.370627,0.002634,0.007714,0.249853
AATGACTGTCAGCCGG-1,0.057575,0.100517,0.524862,0.009962,0.181492,0.105615,0.019941,0.000036
AATGAGTTCGCATATG-1,0.000047,0.01831,0.185604,0.576628,0.219269,0.000047,0.000047,0.000047
AATGATGATACGCTAT-1,0.016341,0.204259,0.641411,0.046454,0.02868,0.000803,0.010426,0.051625
AATGATGCGACTCCTG-1,0.00005,0.181872,0.561903,0.047985,0.025464,0.109476,0.010571,0.06268
AATGCAACCGGGTACC-1,0.018536,0.140642,0.39787,0.099853,0.322314,0.020728,0.000029,0.000029
AATGCACCAAGCAATG-1,0.000041,0.007941,0.48953,0.050048,0.385472,0.001021,0.031659,0.034289
AATGGTCCACCGTTCA-1,0.165118,0.172882,0.441796,0.000058,0.000116,0.219913,0.000058,0.000058
AATGGTTCTCACAAGC-1,0.007543,0.029044,0.177682,0.415356,0.370288,0.000029,0.000029,0.000029
AATGTATGGCACTGTA-1,0.999558,0.000049,0.000098,0.000049,0.000098,0.000049,0.000049,0.000049
AATGTGCCCGAGGTGT-1,0.534408,0.001613,0.296179,0.001613,0.161347,0.001613,0.001613,0.001613
AATGTGCTAATCTGAG-1,0.090017,0.000032,0.025692,0.000032,0.206831,0.000032,0.66199,0.015374
AATGTTAAGACCCTGA-1,0.09275,0.002903,0.313596,0.004781,0.144309,0.159262,0.206295,0.076103
AATGTTGTCGTGAGAC-1,0.000065,0.498284,0.04942,0.007965,0.000131,0.196258,0.008568,0.239309
AATTAAAGGTCGGCGT-1,0.062571,0.080357,0.089061,0.000746,0.67221,0.04354,0.021904,0.029612
AATTAACGGATTTCCA-1,0.005108,0.007753,0.306488,0.036741,0.141995,0.104652,0.163158,0.234106
AATTACGAGACCCATC-1,0.999392,0.000068,0.000135,0.000068,0.000135,0.000068,0.000068,0.000068
AATTACTCGTACGCTC-1,0.000023,0.045541,0.203467,0.309773,0.332942,0.000023,0.004856,0.103375
AATTAGCGCTGCAGCG-1,0.006867,0.06009,0.2388,0.019087,0.238716,0.080677,0.033375,0.322388
AATTATACCCAGCAAG-1,0.002851,0.126429,0.159543,0.174124,0.072413,0.250761,0.180937,0.032942
AATTCATAAGGGATCT-1,0.000058,0.261606,0.460302,0.200776,0.015524,0.012568,0.039105,0.010062
AATTCATTGTCATGCA-1,0.869253,0.00004,0.00008,0.00004,0.00008,0.130425,0.00004,0.00004
AATTCCAACTTGGTGA-1,0.000045,0.000045,0.183422,0.385973,0.189845,0.071332,0.009896,0.159442
AATTCCAAGCATGTAC-1,0.000035,0.168717,0.205623,0.060933,0.025007,0.086078,0.117532,0.336074
AATTCGATTCGAGGAT-1,0.000035,0.061807,0.007427,0.136911,0.194359,0.317405,0.121805,0.160251
AATTCTAGAGTTAGGC-1,0.021811,0.071032,0.312391,0.000082,0.355315,0.000082,0.233016,0.006272
AATTGAACGCTCTGGT-1,0.013729,0.152523,0.188699,0.163516,0.090797,0.00686,0.049484,0.334391
AATTGCAGCAATCGAC-1,0.000135,0.011007,0.127733,0.045644,0.275696,0.333106,0.072093,0.134587
AATTGCGTGGATTACA-1,0.916133,0.025052,0.014071,0.000053,0.000105,0.000053,0.04448,0.000053
AATTGTGGTTGCCAAA-1,0.000021,0.185437,0.07331,0.074225,0.173713,0.088682,0.103373,0.301239
AATTTGGGACATAGTA-1,0.04419,0.009739,0.295308,0.195077,0.430507,0.014742,0.004064,0.006374
AATTTGGTTCCAAAGA-1,0.011779,0.072213,0.313398,0.19392,0.384278,0.020571,0.000929,0.002912
ACAAACCATGCGTCCT-1,0.996135,0.000038,0.000076,0.000038,0.000076,0.000038,0.00356,0.000038
ACAAACCGACAAGGCG-1,0.00002,0.00002,0.615808,0.020443,0.363647,0.00002,0.00002,0.00002
ACAAACTCCATCAGAG-1,0.06557,0.000021,0.000043,0.000021,0.016261,0.218672,0.385982,0.313429
ACAAAGAAGGTAGGCC-1,0.520877,0.000029,0.000057,0.000029,0.135245,0.000029,0.043701,0.300034
ACAAAGCATGACCTAG-1,0.156649,0.248983,0.349311,0.000054,0.000108,0.206201,0.038638,0.000054
ACAAATCGCACCGAAT-1,0.007822,0.00433,0.049645,0.028213,0.580121,0.085185,0.017086,0.227597
ACAAATGGTAGTGTTT-1,0.000027,0.053482,0.158163,0.099102,0.377322,0.000593,0.018267,0.293043
ACAAATTCAGATCTGA-1,0.000034,0.000457,0.624744,0.009463,0.352155,0.000034,0.000034,0.013078
ACAACAGCATGAGCTA-1,0.000025,0.000025,0.082058,0.009572,0.724017,0.000055,0.145054,0.039195
ACAACGGTCCCTGCGA-1,0.048576,0.057638,0.093286,0.183805,0.519138,0.076858,0.003907,0.016791
ACAAGCAGTGCCTAGC-1,0.07866,0.229693,0.186163,0.054973,0.423448,0.000036,0.008872,0.018156
ACAAGCTATATGGAAG-1,0.108949,0.376279,0.081618,0.295838,0.121388,0.015838,0.000045,0.000045
ACAAGGAAATCCGCCC-1,0.000022,0.046427,0.078794,0.218675,0.256042,0.074947,0.000802,0.32429
ACAAGGACAAGAGGTT-1,0.266446,0.324,0.320745,0.018278,0.000107,0.070317,0.000054,0.000054
ACAAGGATGCTTTAGG-1,0.067982,0.252425,0.068645,0.036129,0.000144,0.574531,0.000072,0.000072
ACAAGGCCTACCAGCC-1,0.000032,0.024381,0.517412,0.072843,0.337072,0.000032,0.009607,0.038622
ACAAGGGCAGGCTCTG-1,0.000016,0.034024,0.169674,0.009415,0.526998,0.014323,0.011219,0.234331
ACAAGTAATTGTAAGG-1,0.39736,0.012944,0.349563,0.000068,0.000137,0.134418,0.105441,0.000068
ACAATAGTCGTACGTT-1,0.52428,0.001852,0.462754,0.001852,0.003705,0.001852,0.001852,0.001852
ACAATCCATTTAAACC-1,0.737036,0.089176,0.151152,0.000092,0.000184,0.000092,0.022175,0.000092
ACAATCGATCTTTATA-1,0.00003,0.002889,0.747593,0.024245,0.223307,0.00003,0.00003,0.001876
ACAATGAATACGGAGA-1,0.275927,0.286076,0.170649,0.000238,0.000475,0.266161,0.000238,0.000238
ACAATGATTCTTCTAC-1,0.00005,0.063231,0.338397,0.201878,0.316232,0.076539,0.00005,0.003623
ACAATTGTGTCTCTTT-1,0.000071,0.295398,0.094847,0.000071,0.000143,0.593687,0.015711,0.000071
ACAATTTAGGAGGCTC-1,0.030356,0.489159,0.062791,0.273881,0.060931,0.070741,0.009044,0.003097
ACAATTTGAGCAGTGG-1,0.018893,0.084646,0.253249,0.03719,0.4404,0.074843,0.071494,0.019285
ACAATTTGGCCATATT-1,0.036931,0.000074,0.17048,0.223165,0.399897,0.090396,0.038089,0.040968
ACACAAAGACGGGTGG-1,0.027601,0.107607,0.655542,0.015169,0.174708,0.000037,0.019299,0.000037
ACACACCAGGACCAGT-1,0.000027,0.013539,0.318656,0.078162,0.327842,0.099097,0.012745,0.149932
ACACACTTTCTACACG-1,0.023413,0.006403,0.020054,0.493293,0.431465,0.005741,0.010812,0.008819
ACACATGATCAAATCT-1,0.813339,0.022675,0.163395,0.000098,0.000197,0.000098,0.000098,0.000098
ACACATTGACGCAACA-1,0.024636,0.249137,0.168573,0.46134,0.015824,0.000044,0.027819,0.052627
ACACATTTCCGTAGAC-1,0.00004,0.128986,0.013286,0.039965,0.141392,0.278684,0.075712,0.321934
ACACCACATAATTAGC-1,0.000077,0.307173,0.692291,0.000077,0.000153,0.000077,0.000077,0.000077
ACACCCAGCATGCAGC-1,0.035557,0.038391,0.402759,0.115923,0.145952,0.099074,0.162307,0.000036
ACACCCGAGAAATCCG-1,0.025956,0.105846,0.203355,0.479856,0.171279,0.013646,0.000032,0.000032
ACACCGAGCGCTCTTT-1,0.016294,0.203072,0.35607,0.30672,0.026778,0.021842,0.014166,0.055059
ACACCGGTCTGACCGC-1,0.858903,0.000035,0.000069,0.000035,0.000069,0.140819,0.000035,0.000035
ACACCTTAAGTAGGGC-1,0.100565,0.193034,0.596216,0.107108,0.000106,0.002865,0.000053,0.000053
ACACCTTACTACTTGC-1,0.027215,0.499337,0.430266,0.000062,0.000124,0.000062,0.042872,0.000062
ACACGAGACTCCTTCT-1,0.014497,0.029173,0.181218,0.142704,0.323277,0.036221,0.046389,0.22652
ACACGGCACTATGCAT-1,0.000013,0.000013,0.247664,0.059987,0.692282,0.000013,0.000013,0.000013
ACACGGGAACTTAGGG-1,0.028874,0.287712,0.531558,0.02621,0.12546,0.000062,0.000062,0.000062
ACACGTAGGCCACAAG-1,0.000093,0.272291,0.316483,0.143236,0.000187,0.267523,0.000093,0.000093
ACACTCCAATGTCACT-1,0.038788,0.040015,0.164862,0.354819,0.373892,0.012314,0.010236,0.005074
ACACTGATCAAGGTGT-1,0.006946,0.328714,0.30444,0.005354,0.163735,0.114748,0.04006,0.036003
ACACTGGGACAGTCGT-1,0.000103,0.247547,0.167747,0.071033,0.014127,0.308573,0.042432,0.148439
ACAGAACTGAGAACAA-1,0.562163,0.001334,0.002667,0.001334,0.002667,0.001334,0.427167,0.001334
ACAGATTAGGTTAGTG-1,0.000045,0.071546,0.715619,0.181331,0.031326,0.000045,0.000045,0.000045
ACAGCATAGAGCCAGT-1,0.000043,0.084804,0.497706,0.075811,0.331067,0.000043,0.000043,0.010482
ACAGCGACATTCTCAT-1,0.0065,0.005302,0.08177,0.221735,0.229072,0.176237,0.066192,0.213192
ACAGCGCACCCGCAGC-1,0.013191,0.000025,0.33107,0.322859,0.328529,0.003196,0.000025,0.001106
ACAGGCACGGATCCTT-1,0.000044,0.227767,0.015885,0.081402,0.088238,0.260036,0.035746,0.290881
ACAGGCTTGCCCGACT-1,0.017352,0.047604,0.130464,0.330442,0.110652,0.166546,0.0449,0.152041
ACAGGTGGAGGTGAGG-1,0.063856,0.414224,0.453328,0.043574,0.01847,0.000048,0.006452,0.000048
ACAGGTGTGTTGTTGC-1,0.257967,0.247869,0.241986,0.108124,0.082675,0.000071,0.061237,0.000071
ACAGTAATACAACTTG-1,0.771917,0.000935,0.00187,0.000935,0.00187,0.220604,0.000935,0.000935
ACAGTATACCGTGGGA-1,0.000062,0.268376,0.731193,0.000062,0.000123,0.000062,0.000062,0.000062
ACATAAGTCGTGGTGA-1,0.890348,0.087893,0.000131,0.000066,0.000131,0.0213,0.000066,0.000066
ACATAATAAGGCGGTG-1,0.011284,0.017489,0.409845,0.151977,0.383546,0.025786,0.000037,0.000037
ACATACAATCAAGCGG-1,0.000054,0.046337,0.241143,0.001694,0.37124,0.087214,0.029265,0.223054
ACATCAGCTGGGACGC-1,0.155207,0.281911,0.050078,0.024065,0.240752,0.091978,0.083876,0.072134
ACATCCCGGCCATACG-1,0.037963,0.032838,0.087614,0.021496,0.395441,0.066047,0.05518,0.303422
ACATCCTGGTAACTGT-1,0.02097,0.017408,0.152461,0.039237,0.385691,0.235502,0.131544,0.017187
ACATCGATCGTTTACC-1,0.019542,0.067863,0.130355,0.092879,0.363982,0.24276,0.041221,0.041396
ACATCGCAATATTCGG-1,0.021611,0.001961,0.26262,0.000028,0.320797,0.000028,0.178289,0.214665
ACATCGGTCAGCCGCG-1,0.459158,0.474251,0.065891,0.000117,0.000233,0.000117,0.000117,0.000117
ACATCGTATGCAATGG-1,0.000026,0.061688,0.107546,0.134666,0.345727,0.102352,0.010172,0.237823
ACATCGTTAACCTAGT-1,0.000032,0.049828,0.507265,0.111795,0.330985,0.000032,0.000032,0.000032
ACATCTCAACGCGTAA-1,0.000028,0.048185,0.768514,0.098181,0.081209,0.000028,0.003826,0.000028
ACATGGCGCCAAAGTA-1,0.000039,0.038453,0.238585,0.141741,0.072606,0.444638,0.059136,0.004804
ACATGGCTCAATTTAG-1,0.000033,0.000033,0.034035,0.232419,0.569873,0.017532,0.000033,0.146042
ACATTAGTTTATATCC-1,0.000045,0.118424,0.008019,0.219077,0.341439,0.102883,0.058141,0.151971
ACATTCGCGCGGAATA-1,0.112608,0.000012,0.000025,0.000012,0.427841,0.00117,0.186364,0.271968
ACATTTGAAACCTAAC-1,0.00004,0.164566,0.031962,0.152686,0.010941,0.144921,0.03277,0.462115
ACCAAACACCCAGCGA-1,0.000035,0.003452,0.527321,0.105411,0.297008,0.066703,0.000035,0.000035
ACCAAACTAGAAATCC-1,0.000026,0.00478,0.566416,0.100765,0.323946,0.000026,0.000026,0.004016
ACCAACACCACACACT-1,0.000027,0.019036,0.341529,0.113734,0.520175,0.000564,0.000027,0.004909
ACCAACCGCACTCCAC-1,0.030433,0.202307,0.116715,0.000047,0.000094,0.650309,0.000047,0.000047
ACCAACGCTTATTTAT-1,0.014198,0.388772,0.196916,0.01186,0.234361,0.000048,0.092376,0.06147
ACCAAGAACGCGTGTC-1,0.00004,0.264186,0.502119,0.221066,0.000095,0.012412,0.00004,0.00004
ACCAAGTCATCGGCAG-1,0.000024,0.000024,0.001852,0.054173,0.361871,0.0201,0.005533,0.556423
ACCAATATGCAAGTTA-1,0.009308,0.005147,0.045857,0.008408,0.197083,0.361527,0.090446,0.282223
ACCACAACTCAGAACA-1,0.000028,0.031611,0.728803,0.108349,0.130088,0.000028,0.000028,0.001065
ACCACAAGTTTCTATC-1,0.082225,0.105701,0.080823,0.204797,0.346801,0.160386,0.011677,0.00759
ACCACACGGTTGATGG-1,0.070511,0.039651,0.355184,0.000094,0.111755,0.241926,0.01853,0.162349
ACCACCAATGTAACAA-1,0.027655,0.007976,0.643561,0.007314,0.076782,0.23218,0.004499,0.000032
ACCACCCTCTCTTCTA-1,0.029596,0.320926,0.548706,0.000125,0.000251,0.094297,0.005974,0.000125
ACCACGTGCAGCTATA-1,0.000041,0.185884,0.160796,0.082084,0.321332,0.03504,0.00761,0.207213
ACCACTGTTCAAGAAG-1,0.000033,0.04312,0.247933,0.422139,0.14932,0.026673,0.011603,0.09918
ACCAGACCATAACAAC-1,0.245414,0.000165,0.000331,0.000165,0.244267,0.197473,0.041592,0.270592
ACCAGCCCGGTCTTTG-1,0.000026,0.108144,0.445543,0.110392,0.052776,0.00166,0.175907,0.105551
ACCAGGAGTGTGATCT-1,0.006337,0.083251,0.674269,0.105208,0.130772,0.000054,0.000054,0.000054
ACCAGTGCCCGGTCAA-1,0.000038,0.000038,0.535841,0.104137,0.345932,0.000038,0.000038,0.013938
ACCAGTGCGGGAGACG-1,0.000031,0.010882,0.495189,0.122739,0.282986,0.07803,0.001305,0.008838
ACCATATCCGCAATAA-1,0.054359,0.172692,0.207774,0.039435,0.435161,0.019681,0.015665,0.055233
ACCATCCGCCAACTAG-1,0.42281,0.000172,0.000345,0.000172,0.238406,0.000172,0.000172,0.337749
ACCATCGTATATGGTA-1,0.311485,0.161309,0.04424,0.000973,0.041033,0.440797,0.000082,0.000082
ACCATTAAGGGTGTCA-1,0.000024,0.003083,0.053828,0.454487,0.303032,0.001625,0.000024,0.183898
ACCCAACGCCCGTGGC-1,0.031373,0.001243,0.050456,0.282109,0.432246,0.080392,0.020395,0.101787
ACCCACCTACATGCTC-1,0.015752,0.000035,0.014658,0.192325,0.720008,0.020848,0.001543,0.034831
ACCCATCTTGAGGGTA-1,0.547114,0.009209,0.039121,0.103454,0.048277,0.054228,0.15139,0.047208
ACCCATTTGTCCCTCT-1,0.082683,0.05966,0.000177,0.006683,0.009146,0.220297,0.224133,0.39722
ACCCGAGCGAAATTAC-1,0.34727,0.312789,0.289138,0.000187,0.000373,0.000187,0.049869,0.000187
ACCCGATTGGTTCCGA-1,0.040806,0.000026,0.000051,0.000026,0.000051,0.000026,0.81876,0.140255
ACCCGGAAACTCCCAG-1,0.00005,0.398673,0.177531,0.167533,0.055508,0.00493,0.031541,0.164235
ACCCGGAGCACCACAA-1,0.008383,0.000039,0.00894,0.376174,0.160897,0.120709,0.028196,0.296663
ACCCGGATGACGCATC-1,0.000043,0.082944,0.199802,0.120432,0.359295,0.150548,0.064594,0.022342
ACCCGGTTACACTTCC-1,0.118014,0.266489,0.554969,0.000074,0.000149,0.000074,0.060157,0.000074
ACCCGTAGCAGAGAAT-1,0.829962,0.000405,0.00081,0.000405,0.134292,0.033316,0.000405,0.000405
ACCCGTAGTCTAGTTG-1,0.00004,0.151673,0.047419,0.00004,0.010488,0.00004,0.665165,0.125134
ACCCGTGTCATCAGTA-1,0.040941,0.003462,0.025763,0.000041,0.40833,0.092327,0.365176,0.06396
ACCCTATAGGACTGAG-1,0.085749,0.057275,0.466876,0.363197,0.006315,0.020456,0.000066,0.000066
ACCCTATGCCATATCG-1,0.03639,0.156597,0.4163,0.000072,0.060184,0.000072,0.330313,0.000072
ACCCTCCCGTCAGGGC-1,0.000024,0.000024,0.000047,0.006847,0.223115,0.252851,0.000024,0.517068
ACCCTCCCTTGCTATT-1,0.008858,0.019208,0.029372,0.137016,0.161234,0.259484,0.032094,0.352734
ACCCTGGTAACGCCCT-1,0.000061,0.101133,0.272834,0.176852,0.000583,0.431186,0.017291,0.000061
ACCCTTCATCTGCGAA-1,0.00003,0.058608,0.152107,0.417439,0.34814,0.002044,0.003003,0.018627
ACCCTTTAGTTCTCCA-1,0.000032,0.037073,0.456328,0.122836,0.316871,0.012718,0.000032,0.05411
ACCGAAAGGGCCCTGC-1,0.018864,0.000039,0.137664,0.000039,0.65735,0.000039,0.054331,0.131673
ACCGAAGAGTCTGGTT-1,0.977548,0.000064,0.000128,0.000064,0.000128,0.000064,0.010082,0.01192
ACCGACACATCTCCCA-1,0.026597,0.052542,0.221138,0.014532,0.117827,0.193909,0.356816,0.016639
ACCGACTGAGTCCCAC-1,0.027065,0.081051,0.269545,0.26977,0.348327,0.00154,0.002662,0.00004
ACCGAGTCTCCTTATT-1,0.059381,0.01523,0.00226,0.000038,0.000076,0.362549,0.3122,0.248266
ACCGATAGGCATAACC-1,0.001762,0.000027,0.011094,0.200544,0.287431,0.278436,0.001567,0.219139
ACCGATATTTAATCAT-1,0.000111,0.207209,0.376471,0.014551,0.00151,0.380082,0.019956,0.000111
ACCGATGGTAGCATCG-1,0.000044,0.066556,0.375651,0.1521,0.159566,0.031824,0.02451,0.189749
ACCGCAATAACTGCCT-1,0.000049,0.20002,0.113068,0.05623,0.103891,0.120813,0.171147,0.234783
ACCGCGGTGGAAGTCG-1,0.067568,0.217527,0.526367,0.056239,0.000173,0.131954,0.000086,0.000086
ACCGCTAGTCATTGGT-1,0.046332,0.389399,0.099117,0.003079,0.00698,0.004059,0.284976,0.166057
ACCGGGCCTTTGTTGA-1,0.018579,0.018491,0.305905,0.13539,0.23786,0.146934,0.122208,0.014632
ACCGGTCAGGTACACC-1,0.885272,0.000051,0.000103,0.000051,0.000103,0.114316,0.000051,0.000051
ACCGGTCTGAGTACGG-1,0.000039,0.000039,0.454232,0.037774,0.475037,0.026456,0.000039,0.006384
ACCGTCCACTGGGCCC-1,0.918438,0.000043,0.000086,0.000043,0.000086,0.000043,0.021162,0.0601
ACCGTGACCACGTGGG-1,0.024988,0.027942,0.147837,0.000034,0.418671,0.01688,0.291732,0.071916
ACCGTTCCCGCTCTGA-1,0.00002,0.00002,0.118557,0.049831,0.820679,0.00002,0.00002,0.010854
ACCTAAGTACCTTTCA-1,0.714266,0.280571,0.001291,0.000645,0.001291,0.000645,0.000645,0.000645
ACCTAATCGACTTCCT-1,0.326478,0.007351,0.012127,0.000751,0.250086,0.005552,0.198201,0.199453
ACCTACAGTATGTGGT-1,0.049231,0.031414,0.484242,0.194876,0.185283,0.043736,0.008689,0.002529
ACCTACTATAAATCTA-1,0.006785,0.287285,0.04195,0.002959,0.006213,0.055658,0.3972,0.20195
ACCTCCGCCCTCGCTG-1,0.000118,0.228788,0.103758,0.014329,0.00482,0.16466,0.440959,0.042567
ACCTCCGTTATTCACC-1,0.086327,0.151633,0.368319,0.000083,0.000165,0.341368,0.052022,0.000083
ACCTCGAACTTATGCT-1,0.905744,0.093671,0.000146,0.000073,0.000146,0.000073,0.000073,0.000073
ACCTGCGTGTCATGTT-1,0.976305,0.002633,0.005266,0.002633,0.005266,0.002633,0.002633,0.002633
ACCTTTCCTTTAGAAG-1,0.000033,0.003761,0.723852,0.068647,0.194128,0.000033,0.000042,0.009506
ACGAAATGGGCGGCAC-1,0.200478,0.405176,0.27536,0.008914,0.000142,0.109789,0.000071,0.000071
ACGACCCATGAGTTGC-1,0.03629,0.010449,0.010941,0.400198,0.153318,0.0653,0.014757,0.308748
ACGACTCTAGGGCCGA-1,0.006138,0.004632,0.009645,0.014383,0.163643,0.487352,0.138111,0.176096
ACGACTGGTCATACTC-1,0.088341,0.455124,0.357369,0.009212,0.04059,0.008128,0.029815,0.011421
ACGAGAACCCATCACG-1,0.000145,0.004908,0.430635,0.330898,0.152721,0.000027,0.028164,0.052503
ACGAGATATTTGCTTA-1,0.00004,0.070737,0.382278,0.29712,0.23316,0.009489,0.00004,0.007136
ACGAGGATACCACTCT-1,0.797569,0.021879,0.1743,0.001042,0.002084,0.001042,0.001042,0.001042
ACGAGGTTTACAACGT-1,0.56487,0.000033,0.000066,0.028831,0.137137,0.143752,0.000033,0.125277
ACGAGTACGGATGCCC-1,0.000042,0.126454,0.616871,0.077485,0.160964,0.007749,0.006543,0.003892
