Barcode,Topic 1,Topic 2,Topic 3,Topic 4,Topic 5,Topic 6,Topic 7,Topic 8,Topic 9to10
AAACAACGAATAGTTC-1,0.000013,0.000013,0.024124,0.266576,0.137329,0.152302,0.401682,0.000013,0.017949
AAACAAGTATCTCCCA-1,0.237842,0.641725,0.076512,0.000795,0.022083,0.000065,0.000065,0.000065,0.020846
AAACAATCTACTAGCA-1,0.000018,0.000018,0.021168,0.267327,0.047027,0.001143,0.655523,0.000018,0.00776
AAACACCAATAACTGC-1,0.000032,0.000032,0.000032,0.000032,0.027666,0.545896,0.331878,0.00101,0.093423
AAACAGAGCGACTCCT-1,0.190943,0.732339,0.010243,0.065871,0.000101,0.000101,0.000101,0.000101,0.000201
AAACAGCTTTCAGAAG-1,0.000033,0.000033,0.000033,0.000321,0.044511,0.830458,0.062156,0.02119,0.041265
AAACAGGGTCTATATT-1,0.000028,0.000028,0.00467,0.000044,0.035118,0.488802,0.083867,0.021431,0.366013
AAACAGTGTTCCTGGG-1,0.000021,0.000021,0.000021,0.100459,0.033372,0.0106,0.48372,0.000021,0.371765
AAACATGGTGAGAGGA-1,0.026549,0.000054,0.000054,0.000108,0.000054,0.000054,0.000054,0.593392,0.379681
AAACATTTCCCGGATT-1,0.08671,0.703171,0.045984,0.078649,0.073519,0.000067,0.000067,0.000067,0.011765
AAACCACTACACAGAT-1,0.246086,0.317271,0.22661,0.125235,0.000023,0.000023,0.000023,0.064907,0.01982
AAACCCGAACGAAATC-1,0.351926,0.269494,0.018834,0.132987,0.082577,0.10256,0.000025,0.000025,0.041572
AAACCGGGTAGGTACC-1,0.000024,0.000024,0.024424,0.000024,0.020044,0.160151,0.497065,0.085863,0.21238
AAACCGTTCGTCCAGG-1,0.000022,0.000022,0.000022,0.000022,0.010752,0.14363,0.559712,0.083585,0.202232
AAACCTAAGCAGCCGG-1,0.044851,0.178738,0.535115,0.000705,0.000026,0.002041,0.000026,0.238235,0.000263
AAACCTCATGAAGTTG-1,0.000041,0.009254,0.000041,0.009384,0.012817,0.4369,0.238739,0.004312,0.288512
AAACGAAGAACATACC-1,0.009223,0.002824,0.169743,0.268173,0.229597,0.036203,0.135344,0.112431,0.036463
AAACGAAGATGGAGTA-1,0.000068,0.000068,0.000068,0.116193,0.142912,0.435354,0.000068,0.000068,0.305198
AAACGACAGTCTTGCC-1,0.431246,0.277592,0.228052,0.061248,0.00002,0.00002,0.00002,0.00002,0.001781
AAACGAGACGGTTGAT-1,0.003311,0.40097,0.585901,0.000044,0.000044,0.000044,0.000044,0.000044,0.009599
AAACGCCCGAGATCGG-1,0.318609,0.129306,0.426237,0.085392,0.000045,0.000045,0.000045,0.000045,0.040275
AAACGGGCGTACGGGT-1,0.166464,0.346513,0.000048,0.001856,0.000048,0.000048,0.000048,0.484878,0.000096
AAACGGGTTGGTATCC-1,0.00011,0.00011,0.00011,0.317303,0.142752,0.00011,0.335638,0.00011,0.203757
AAACGGTTGCGAACTG-1,0.000052,0.065904,0.000229,0.004236,0.200872,0.08541,0.046837,0.003466,0.592994
AAACGTGTTCGCCCTA-1,0.317891,0.000521,0.584121,0.000013,0.025744,0.000168,0.016209,0.055308,0.000025
AAACTAACGTGGCGAC-1,0.369707,0.137145,0.122634,0.054615,0.000032,0.000032,0.021566,0.286635,0.007634
AAACTCGGTTCGCAAT-1,0.000046,0.090396,0.000046,0.014397,0.09101,0.09892,0.033614,0.092388,0.579184
AAACTCGTGATATAAG-1,0.440951,0.487679,0.002138,0.068792,0.000073,0.000073,0.000073,0.000073,0.000147
AAACTGCTGGCTCCAA-1,0.023038,0.386197,0.146064,0.048196,0.000066,0.000066,0.000066,0.000066,0.396242
AAACTTAATTGCACGC-1,0.000053,0.000053,0.000053,0.158894,0.146021,0.084805,0.10725,0.239487,0.263383
AAACTTGCAAACGTAT-1,0.020715,0.000046,0.0382,0.023733,0.024331,0.306854,0.061558,0.152962,0.3716
AAAGAATGACCTTAGA-1,0.000071,0.000071,0.000071,0.101124,0.008739,0.015609,0.000071,0.333417,0.540828
AAAGAATGTGGACTAA-1,0.682088,0.091386,0.068235,0.000024,0.000024,0.000024,0.000024,0.158145,0.000049
AAAGACATGAAGTTTA-1,0.412177,0.003992,0.390077,0.113916,0.000027,0.000027,0.000027,0.079702,0.000054
AAAGACCCAAGTCGCG-1,0.000066,0.071265,0.000066,0.104406,0.010576,0.117276,0.102803,0.017972,0.575571
AAAGACTGGGCGCTTT-1,0.000048,0.000048,0.000048,0.072403,0.001277,0.416996,0.065331,0.000048,0.4438
AAAGGCCCTATAATAC-1,0.000758,0.000032,0.000032,0.025577,0.207879,0.218423,0.233989,0.158076,0.155233
AAAGGCTACGGACCAT-1,0.000018,0.000018,0.188086,0.000018,0.11046,0.08454,0.306549,0.154768,0.155542
AAAGGCTCTCGCGCCG-1,0.000054,0.092956,0.148206,0.006512,0.018789,0.007842,0.187119,0.00086,0.537662
AAAGGGATGTAGCAAG-1,0.000051,0.137654,0.190144,0.001361,0.000051,0.134259,0.000051,0.082458,0.453972
AAAGGGCAGCTTGAAT-1,0.025712,0.000099,0.000099,0.144322,0.000099,0.023815,0.127992,0.023422,0.654439
AAAGGTAAGCTGTACC-1,0.259847,0.252927,0.369365,0.0743,0.00005,0.00005,0.00005,0.00005,0.043361
AAAGGTCAACGACATG-1,0.300338,0.508765,0.02809,0.161097,0.000038,0.000038,0.000038,0.001313,0.000283
AAAGTAGCATTGCTCA-1,0.000055,0.000055,0.000055,0.01476,0.06961,0.125059,0.258127,0.273347,0.258933
AAAGTCACTGATGTAA-1,0.000089,0.052435,0.071245,0.308702,0.000089,0.014704,0.000089,0.000089,0.552559
AAAGTCGACCCTCAGT-1,0.000026,0.000026,0.000026,0.018697,0.024824,0.439815,0.342672,0.054157,0.119758
AAAGTGTGATTTATCT-1,0.034051,0.742097,0.126275,0.000062,0.000062,0.000062,0.000062,0.003878,0.093452
AAAGTTGACTCCCGTA-1,0.060471,0.35501,0.381351,0.000038,0.000038,0.000038,0.000038,0.202938,0.000077
AAATAACCATACGGGA-1,0.000081,0.7779,0.000081,0.066156,0.000081,0.000081,0.000081,0.035081,0.120459
AAATAAGGTAGTGCCC-1,0.148722,0.180029,0.622288,0.048746,0.000036,0.000036,0.000036,0.000036,0.000072
AAATACCTATAAGCAT-1,0.000038,0.140402,0.105503,0.076521,0.043454,0.074721,0.007059,0.188636,0.363666
AAATAGCTTAGACTTT-1,0.253839,0.40036,0.000048,0.116907,0.000048,0.000048,0.000048,0.228608,0.000095
AAATAGGGTGCTATTG-1,0.01651,0.110291,0.286371,0.000018,0.000019,0.036425,0.473424,0.025865,0.051078
AAATCCGATACACGCC-1,0.012233,0.342099,0.521479,0.037125,0.000033,0.000033,0.000033,0.011382,0.075583
AAATCGCGGAAGGAGT-1,0.000031,0.000031,0.000031,0.000031,0.196235,0.710807,0.009293,0.000031,0.083509
AAATCGTGTACCACAA-1,0.000053,0.000053,0.216878,0.000053,0.00534,0.071936,0.035339,0.152464,0.517885
AAATCTAGCCCTGCTA-1,0.437202,0.177929,0.360368,0.000051,0.000051,0.024198,0.000051,0.000051,0.000101
AAATCTGCCCGCGTCC-1,0.000985,0.003634,0.000024,0.000659,0.178328,0.178717,0.072387,0.315657,0.249609
AAATGACTGATCAAAC-1,0.001503,0.029162,0.024017,0.239554,0.002639,0.005506,0.459642,0.034873,0.203104
AAATGATTCGATCAGC-1,0.513147,0.347013,0.068664,0.031307,0.000051,0.000051,0.000051,0.039613,0.000103
AAATGCTCGTTACGTT-1,0.000052,0.000052,0.000052,0.027393,0.079302,0.169306,0.29959,0.313991,0.110264
AAATGGCATGTCTTGT-1,0.079779,0.159763,0.466339,0.00007,0.00007,0.036883,0.00007,0.10326,0.153766
AAATGGCCCGTGCCCT-1,0.000044,0.000044,0.000044,0.00514,0.000044,0.384491,0.097707,0.000044,0.512439
AAATGGTCAATGTGCC-1,0.000025,0.000025,0.115296,0.000025,0.078357,0.068797,0.248757,0.020814,0.467904
AAATGTATCTTATCCC-1,0.133441,0.000074,0.000074,0.027938,0.026737,0.127941,0.000074,0.344986,0.338735
AAATGTGGGTGCTCCT-1,0.000703,0.000008,0.001622,0.258666,0.316018,0.000008,0.422951,0.000008,0.000016
AAATTAACGGGTAGCT-1,0.000026,0.000291,0.12135,0.000026,0.002039,0.18155,0.186477,0.150664,0.357577
AAATTAATAAGCGCGA-1,0.000029,0.000029,0.000029,0.020955,0.076491,0.520642,0.010674,0.085779,0.285372
AAATTACACGACTCTG-1,0.059535,0.327072,0.388232,0.000043,0.000043,0.000043,0.000043,0.201958,0.023032
AAATTACCTATCGATG-1,0.00004,0.292321,0.621629,0.00004,0.00004,0.00004,0.00004,0.085769,0.00008
AAATTCCAGGTCCAAA-1,0.28307,0.638436,0.004091,0.073967,0.000073,0.000073,0.000073,0.000073,0.000145
AAATTGATAGTCCTTT-1,0.000042,0.000042,0.260777,0.000042,0.000042,0.084575,0.334189,0.000042,0.320249
AAATTGCGGCGGTTCT-1,0.000021,0.000021,0.000021,0.192032,0.150231,0.112743,0.541352,0.000021,0.003557
AAATTGGTGAGAAGCA-1,0.439224,0.332952,0.128755,0.098843,0.000038,0.000038,0.000038,0.000038,0.000075
AAATTTACCGAAATCC-1,0.415135,0.050554,0.39456,0.102163,0.037378,0.000042,0.000042,0.000042,0.000084
AAATTTGCGGGTGTGG-1,0.000041,0.000041,0.200073,0.003845,0.000041,0.004632,0.097004,0.001817,0.692506
AACAACTGGTAGTTGC-1,0.000038,0.000038,0.000038,0.000528,0.052602,0.03958,0.544348,0.189028,0.173801
AACAATACATTGTCGA-1,0.000029,0.000029,0.044176,0.000029,0.006867,0.020179,0.372051,0.111872,0.444768
AACAATTACTCTACGC-1,0.000072,0.000072,0.000072,0.031962,0.000072,0.021074,0.247424,0.090519,0.608734
AACACACGCTCGCCGC-1,0.229389,0.005527,0.571291,0.000025,0.036723,0.042665,0.037045,0.056338,0.020997
AACACGACTGTACTGA-1,0.046114,0.034503,0.205839,0.077048,0.075768,0.060539,0.258322,0.013942,0.227927
AACACGAGACGCGGCC-1,0.000043,0.000043,0.000043,0.02122,0.001139,0.273887,0.160539,0.04536,0.497725
AACACGCGGCCGCGAA-1,0.000011,0.000011,0.000011,0.216787,0.084346,0.000097,0.698705,0.000011,0.000022
AACAGCTGTGTGGCAA-1,0.000031,0.019513,0.000031,0.000031,0.00752,0.110807,0.389135,0.000031,0.472901
AACAGGAAATCGAATA-1,0.000575,0.006787,0.357834,0.00003,0.098625,0.064035,0.17177,0.085924,0.214421
AACAGGATGGGCCGCG-1,0.000068,0.000068,0.000068,0.001642,0.000068,0.018014,0.258302,0.034436,0.687335
AACAGGTAGTATGGAT-1,0.158128,0.721175,0.044513,0.075687,0.000083,0.000083,0.000083,0.000083,0.000166
AACATAGCGTGTATCG-1,0.34936,0.000928,0.221817,0.008608,0.327935,0.050723,0.040567,0.000021,0.000042
AACATATCAACTGGTG-1,0.00441,0.765004,0.184115,0.046041,0.000072,0.000072,0.000072,0.000072,0.000144
AACATCGATACGTCTA-1,0.452954,0.039059,0.257636,0.000026,0.015876,0.000026,0.007679,0.226694,0.000052
AACATTGAAGTTGATC-1,0.000015,0.000015,0.000015,0.005787,0.145937,0.14239,0.695834,0.000015,0.009991
AACATTGGTCAGCCGT-1,0.000023,0.000023,0.000023,0.230315,0.024162,0.215739,0.529641,0.000023,0.000051
AACATTGTGACTCGAG-1,0.006099,0.062317,0.00005,0.021308,0.001731,0.00005,0.066505,0.271003,0.570937
AACCAAGACTTCTCTG-1,0.000048,0.021655,0.000048,0.059005,0.000048,0.267212,0.266862,0.000048,0.385074
AACCAGTATCACTCTT-1,0.469382,0.11128,0.237098,0.136264,0.000051,0.000051,0.000051,0.000051,0.045773
AACCATAGGGTTGAAC-1,0.000032,0.000032,0.000032,0.035198,0.307258,0.430247,0.183184,0.000032,0.043984
AACCATGGGATCGCTA-1,0.00004,0.008375,0.00004,0.006106,0.00004,0.06156,0.560923,0.00004,0.362878
AACCCAGAGACGGAGA-1,0.000038,0.011203,0.052795,0.017344,0.008797,0.018707,0.268946,0.042302,0.579867
AACCCATCCCATGATC-1,0.000042,0.000042,0.000042,0.005904,0.009626,0.47637,0.108908,0.004142,0.394923
AACCCGACAACCCGTG-1,0.006214,0.020352,0.0151,0.00037,0.106038,0.089155,0.430209,0.067747,0.264816
AACCCGAGCAGAATCG-1,0.053635,0.210092,0.735955,0.000046,0.000046,0.000046,0.000046,0.000046,0.000091
AACCCGCTGTATTCCA-1,0.000032,0.045647,0.015244,0.330302,0.001144,0.017717,0.343815,0.058446,0.187653
AACCCTACTGTCAATA-1,0.046544,0.788748,0.117447,0.000075,0.000075,0.000075,0.000075,0.000075,0.046887
AACCCTGGTGGAACCA-1,0.022825,0.027323,0.321943,0.165053,0.258884,0.031965,0.135301,0.028142,0.008564
AACCGAGCTTGGTCAT-1,0.079374,0.076433,0.106065,0.000035,0.012408,0.044121,0.245784,0.394615,0.041165
AACCGCTAAGGGATGC-1,0.018762,0.583642,0.254275,0.000041,0.000041,0.000041,0.000041,0.143074,0.000082
AACCGTTGTGTTTGCT-1,0.024561,0.307759,0.024356,0.05245,0.000091,0.025438,0.000091,0.302334,0.262921
AACCTAAAGCCGTCCG-1,0.340349,0.196023,0.000037,0.274596,0.000037,0.000037,0.000037,0.18881,0.000074
AACCTCGCTTTAGCCC-1,0.000444,0.622957,0.209015,0.000055,0.000055,0.000055,0.000055,0.003202,0.164162
AACCTGTCACGGAATT-1,0.092757,0.247505,0.588082,0.071387,0.000045,0.000045,0.000045,0.000045,0.00009
AACCTTTAAATACGGT-1,0.000035,0.012883,0.115353,0.01802,0.027718,0.162045,0.048632,0.547485,0.06783
AACCTTTACGACGTCT-1,0.041285,0.454487,0.221889,0.091933,0.017574,0.170398,0.000076,0.000076,0.002283
AACGAAAGTCGTCCCA-1,0.000026,0.000026,0.000026,0.000026,0.005623,0.818725,0.105339,0.000026,0.070182
AACGATAATGCCGTAG-1,0.040369,0.084549,0.191085,0.002081,0.026017,0.26474,0.084002,0.192147,0.11501
AACGATAGAAGGGCCG-1,0.000057,0.09277,0.000057,0.012094,0.000057,0.000057,0.000057,0.095501,0.799351
AACGATATGTCAACTG-1,0.000051,0.276961,0.354822,0.000051,0.051066,0.134233,0.021231,0.02326,0.138324
AACGCATGATCTGGGT-1,0.046505,0.545561,0.289113,0.030277,0.000072,0.000072,0.000072,0.000072,0.088257
AACGCGAACGGCAACA-1,0.00916,0.000033,0.000033,0.041063,0.285538,0.085301,0.435993,0.000033,0.142846
AACGCGACCTTGGGCG-1,0.070921,0.00007,0.164079,0.005546,0.046233,0.00007,0.336952,0.089974,0.286154
AACGCGGTCTCCAGCC-1,0.135233,0.060328,0.144422,0.000114,0.000114,0.000114,0.000114,0.352566,0.306994
AACGCTGTTGCTGAAA-1,0.040232,0.686145,0.150393,0.001554,0.055441,0.034111,0.000062,0.000062,0.032
AACGGACGTACGTATA-1,0.031213,0.323916,0.581584,0.000045,0.000045,0.000807,0.000045,0.000045,0.062298
AACGGCCATCTCCGGT-1,0.001453,0.000024,0.049597,0.003544,0.043746,0.123428,0.409535,0.00128,0.367392
AACGTACTGTGGGTAC-1,0.000023,0.000023,0.044182,0.000023,0.047588,0.137705,0.423368,0.00164,0.345448
AACGTAGTCTACCCAT-1,0.027999,0.000019,0.000019,0.127498,0.451244,0.000019,0.393147,0.000019,0.000037
AACGTCAGACTAGTGG-1,0.000055,0.000055,0.057038,0.006182,0.021733,0.005252,0.114496,0.000055,0.795134
AACGTCATCCGGCTTG-1,0.010567,0.048159,0.07149,0.327436,0.027352,0.003871,0.104214,0.025578,0.381332
AACGTCGCTGCACTTC-1,0.570288,0.015226,0.3915,0.02278,0.000034,0.000034,0.000034,0.000034,0.000069
AACGTGATGAAGGACA-1,0.189058,0.102541,0.448098,0.13227,0.016862,0.000038,0.064639,0.013291,0.033205
AACGTGCGAAAGTCTC-1,0.039034,0.430657,0.131405,0.000052,0.000052,0.019244,0.000052,0.115038,0.264466
AACGTTATCAGCACCT-1,0.000056,0.000056,0.000056,0.000056,0.015575,0.677241,0.120667,0.000056,0.186238
AACTACCCGTTTGTCA-1,0.244881,0.500856,0.001527,0.195553,0.019811,0.000056,0.000056,0.000056,0.037205
AACTAGCGTATCGCAC-1,0.002389,0.046537,0.000055,0.454878,0.000055,0.000055,0.165609,0.000055,0.330367
AACTAGGCTTGGGTGT-1,0.013089,0.017018,0.000034,0.000034,0.268377,0.233673,0.218139,0.134827,0.114808
AACTCAAGTTAATTGC-1,0.033744,0.001408,0.099672,0.006278,0.051031,0.035088,0.244162,0.023911,0.504706
AACTCCAGAGCGTGTT-1,0.162643,0.28343,0.372754,0.000039,0.000039,0.000039,0.000039,0.180937,0.000079
AACTCCTAATCCCATG-1,0.246636,0.633658,0.019483,0.068245,0.02915,0.00009,0.00009,0.00009,0.002557
AACTCGATAAACACGT-1,0.000011,0.000011,0.000011,0.234997,0.469272,0.109991,0.18303,0.000011,0.002665
AACTCGATGGCGCAGT-1,0.000032,0.000032,0.000032,0.09522,0.088311,0.253134,0.454981,0.064733,0.043525
AACTCTCAATAGAGCG-1,0.000052,0.449973,0.472767,0.000052,0.000052,0.010114,0.000052,0.000052,0.066885
AACTCTCAGTGTGCTC-1,0.00002,0.00002,0.035054,0.00002,0.140934,0.102655,0.440817,0.00002,0.280459
AACTGAGGTCAGCGTC-1,0.237598,0.000027,0.611844,0.000027,0.068868,0.000027,0.051838,0.029715,0.000055
AACTGATATTAGGCCT-1,0.000056,0.199309,0.234362,0.004897,0.000056,0.114097,0.000056,0.000056,0.447111
AACTGGGTCCCGACGT-1,0.000069,0.326778,0.000069,0.000069,0.000069,0.000069,0.000069,0.282639,0.390167
AACTGGGTTCGAGCCG-1,0.193309,0.075875,0.630728,0.059968,0.000034,0.000034,0.000034,0.039951,0.000068
AACTGGTGTGGGCCTT-1,0.000066,0.051534,0.000066,0.554903,0.000066,0.000066,0.000066,0.000066,0.393167
AACTTCTGCGTCTATC-1,0.000053,0.000053,0.052569,0.016914,0.019496,0.117081,0.337719,0.000059,0.456055
AACTTGCCCGTATGCA-1,0.013387,0.000061,0.004811,0.000061,0.000873,0.114592,0.341232,0.134519,0.390462
AACTTGCGTTCTCGCG-1,0.000094,0.000094,0.000094,0.048381,0.000094,0.084441,0.08873,0.072758,0.705316
AACTTTACGGGAGCTT-1,0.000032,0.015643,0.000032,0.005655,0.173998,0.661083,0.016592,0.010401,0.116564
AACTTTAGCTGCTGAG-1,0.000049,0.000049,0.000049,0.615543,0.041279,0.090423,0.108368,0.000049,0.144191
AAGAAAGTTTGATGGG-1,0.000038,0.000038,0.000038,0.122436,0.241,0.378643,0.000038,0.027655,0.230112
AAGAAGGATCAGTTAG-1,0.000058,0.000058,0.000058,0.042054,0.01229,0.124741,0.436015,0.043677,0.341049
AAGACATACGTGGTTT-1,0.489045,0.230609,0.12955,0.087911,0.000028,0.000028,0.000028,0.042465,0.020334
AAGACCAAATAACTCA-1,0.000024,0.000024,0.000024,0.002409,0.669084,0.271388,0.046096,0.000024,0.010926
AAGACCCAACTGAACA-1,0.000043,0.042398,0.000043,0.003707,0.050031,0.020976,0.251092,0.163301,0.468409
AAGACTAACCCGTTGT-1,0.000034,0.000034,0.000034,0.329633,0.000034,0.000039,0.664066,0.000034,0.006091
AAGACTCACGCCCACT-1,0.298336,0.379141,0.005679,0.314126,0.000367,0.00005,0.00005,0.002149,0.000101
AAGACTGCAAGCTACT-1,0.00004,0.108705,0.581285,0.00004,0.00004,0.060495,0.00004,0.10378,0.145575
AAGAGATGAATCGGTA-1,0.00003,0.001217,0.016602,0.00003,0.00003,0.078017,0.525373,0.105349,0.273353
AAGAGCTCTTTATCGG-1,0.000042,0.198285,0.534438,0.000042,0.004852,0.074485,0.0017,0.155684,0.030472
AAGAGGATGTACGCGA-1,0.000028,0.000028,0.000028,0.000028,0.001575,0.162526,0.591182,0.003348,0.241256
AAGAGGCATGGATCGC-1,0.028144,0.035428,0.806465,0.000033,0.000033,0.008401,0.000033,0.117332,0.00413
AAGAGGCCCTTTGGAA-1,0.330266,0.128414,0.540992,0.000047,0.000047,0.000047,0.000047,0.000047,0.000094
AAGATGGCACCGGACC-1,0.000031,0.001939,0.069988,0.00122,0.000497,0.022327,0.200511,0.000031,0.703455
AAGATTGGCGGAACGT-1,0.000043,0.414205,0.559781,0.000043,0.000043,0.000043,0.000043,0.0183,0.007498
AAGCACCCTGCGTATC-1,0.000453,0.04007,0.367043,0.00004,0.004425,0.01409,0.043314,0.412031,0.118533
AAGCATACTCTCCTGA-1,0.000043,0.137944,0.024889,0.044322,0.033516,0.144719,0.010883,0.096626,0.507057
AAGCCACTTGCAGGTA-1,0.000017,0.000017,0.036119,0.110978,0.017059,0.012663,0.594264,0.000017,0.228866
AAGCCGAAGCGGTTTA-1,0.407447,0.515865,0.041967,0.0342,0.000087,0.000087,0.000087,0.000087,0.000174
AAGCCGCCGTGAAATC-1,0.00004,0.00004,0.00004,0.016751,0.001003,0.085316,0.222458,0.00004,0.674313
AAGCGCAGGGCTTTGA-1,0.000043,0.141368,0.000043,0.039124,0.058436,0.321716,0.173981,0.000043,0.265245
AAGCGGCGTCATGGGT-1,0.188796,0.42351,0.21137,0.130128,0.000075,0.000075,0.000075,0.000075,0.045895
AAGCGTCCCTCATCGA-1,0.000026,0.001602,0.027086,0.000026,0.000026,0.08159,0.658175,0.00845,0.22302
AAGCTAGATCGAGTAA-1,0.000029,0.057137,0.000702,0.000029,0.108243,0.347213,0.247552,0.122837,0.116259
AAGCTATGGATTGACC-1,0.053612,0.00004,0.00004,0.316288,0.00004,0.00004,0.00004,0.445243,0.184659
AAGCTCGTGCCAAGTC-1,0.000029,0.04961,0.462104,0.000029,0.081715,0.061294,0.284566,0.012567,0.048087
AAGCTCTTTCATGGTG-1,0.228572,0.105492,0.429553,0.000044,0.000044,0.025436,0.000044,0.149707,0.061108
AAGGAGAACTTATAAG-1,0.000014,0.000014,0.000014,0.118547,0.547413,0.00823,0.325729,0.000014,0.000027
AAGGAGCGGTTGGTGC-1,0.000041,0.012377,0.138661,0.016398,0.043301,0.024772,0.235164,0.128521,0.400767
AAGGATCGATCGCTTG-1,0.367147,0.618862,0.000078,0.000078,0.000078,0.000078,0.000078,0.013446,0.000156
AAGGATGAGGGACCTC-1,0.005381,0.282546,0.659073,0.000052,0.000052,0.000052,0.000052,0.000052,0.052738
AAGGCAGGCTGTCTCC-1,0.826415,0.07677,0.096486,0.000047,0.000047,0.000047,0.000047,0.000047,0.000094
AAGGCGCGTAAAGCTT-1,0.000026,0.000026,0.120904,0.000026,0.017388,0.114508,0.397957,0.068639,0.280525
AAGGCTGTGCTCATCG-1,0.03437,0.014768,0.233175,0.018361,0.000083,0.015345,0.021564,0.000083,0.662252
AAGGGAACGACTGGCT-1,0.000028,0.000028,0.025078,0.022344,0.004734,0.296402,0.375712,0.000028,0.275648
AAGGGACAGATTCTGT-1,0.002837,0.605892,0.238635,0.00005,0.00005,0.00005,0.00005,0.152333,0.000101
AAGGGACTATGCATTC-1,0.00004,0.015895,0.00004,0.00004,0.003649,0.150576,0.53624,0.00004,0.293481
AAGGGTTTGATTTCAG-1,0.000106,0.000106,0.000106,0.092815,0.000106,0.000106,0.000106,0.428583,0.477965
AAGGTATCCTAATATA-1,0.06978,0.517341,0.257318,0.001116,0.000063,0.000063,0.000063,0.000063,0.154192
AAGGTGATAAACCAGC-1,0.018979,0.907768,0.022958,0.032251,0.000076,0.000076,0.000076,0.007096,0.01072
AAGTAAGCTTCCAAAC-1,0.064344,0.000023,0.000023,0.438854,0.153438,0.007537,0.178276,0.000023,0.157481
AAGTAGAAGACCGGGT-1,0.000051,0.02523,0.000622,0.040477,0.101079,0.041108,0.223644,0.185398,0.382392
AAGTAGTGACGCGAGG-1,0.00004,0.00004,0.035908,0.00004,0.00004,0.065972,0.492666,0.005872,0.399423
AAGTCAATTGTCGTCA-1,0.197155,0.51295,0.032982,0.000048,0.000048,0.000048,0.000048,0.256624,0.000097
AAGTCTTCTGTGGCCT-1,0.071367,0.000072,0.000072,0.000072,0.010132,0.114432,0.000072,0.201219,0.60256
AAGTGACGACCGAATT-1,0.028915,0.000037,0.000037,0.000037,0.044549,0.333418,0.402014,0.096867,0.094128
AAGTGAGTCGGGTTTA-1,0.000028,0.000028,0.000028,0.001936,0.055616,0.122613,0.441254,0.050303,0.328192
AAGTGCAAAGGTAGAC-1,0.000031,0.000031,0.000031,0.005696,0.05657,0.514826,0.36755,0.000031,0.055236
AAGTGCCTTGACTGTA-1,0.020018,0.561236,0.255504,0.000053,0.000053,0.000053,0.000053,0.162924,0.000106
AAGTGCGTTAGAATCT-1,0.000068,0.000068,0.079316,0.023604,0.002918,0.119406,0.166362,0.003596,0.604663
AAGTGCTTCTCTATTG-1,0.043964,0.000026,0.000026,0.000972,0.29638,0.002388,0.526498,0.000026,0.12972
AAGTGTTTGGAGACGG-1,0.000032,0.210509,0.512967,0.000032,0.038393,0.078677,0.021306,0.005634,0.132451
AAGTTCACTCCAAGCT-1,0.00004,0.367061,0.346364,0.00004,0.00004,0.01784,0.077381,0.047809,0.143425
AAGTTCAGTCTGCGTA-1,0.005259,0.317192,0.472477,0.057826,0.096382,0.000055,0.037406,0.000055,0.013347
AAGTTCGGCCAACAGG-1,0.029037,0.000033,0.188091,0.012275,0.130262,0.036718,0.12033,0.081906,0.401347
AAGTTGTGATGTTATA-1,0.72572,0.163633,0.094293,0.000048,0.000048,0.000048,0.000048,0.016067,0.000096
AAGTTTACTAATGGCA-1,0.000041,0.052912,0.003943,0.417819,0.189759,0.118852,0.160542,0.000041,0.056091
AAGTTTATGGGCCCAA-1,0.000056,0.081626,0.000056,0.0661,0.055235,0.100016,0.001551,0.006854,0.688506
AATAACAACGCTCGGC-1,0.000044,0.000044,0.000044,0.04796,0.000044,0.061842,0.197839,0.006459,0.685724
AATAACACTAGAACAA-1,0.001714,0.006888,0.012674,0.000017,0.001339,0.009695,0.636436,0.000017,0.331218
AATAACGTCGCGCCCA-1,0.225464,0.754406,0.000046,0.019806,0.000046,0.000046,0.000046,0.000046,0.000093
AATAAGTCCTCGAGAC-1,0.143414,0.247457,0.057371,0.429812,0.000048,0.000048,0.000048,0.120792,0.00101
AATACAATGTTTCAGG-1,0.000093,0.000093,0.031464,0.108138,0.000093,0.189678,0.000093,0.000093,0.670256
AATACCGGAGGGCTGT-1,0.000018,0.000018,0.000018,0.000018,0.000018,0.015687,0.795101,0.086292,0.102829
AATACCTGATGTGAAC-1,0.392309,0.348502,0.141708,0.094664,0.000038,0.000038,0.000038,0.000038,0.022664
AATAGAACAGAGTGGC-1,0.000015,0.000015,0.000015,0.000015,0.059398,0.140742,0.693466,0.000015,0.106317
AATAGAATCTGTTTCA-1,0.18814,0.164542,0.581073,0.000042,0.000042,0.06599,0.000042,0.000042,0.000085
AATAGCAAGCCTCCTG-1,0.368276,0.000024,0.45816,0.000024,0.000024,0.000024,0.000024,0.173396,0.000048
AATAGCTACCGCGTGC-1,0.050144,0.655631,0.010832,0.238905,0.011946,0.00006,0.032303,0.00006,0.000119
AATAGGCACGACCCTT-1,0.000016,0.000016,0.000016,0.28007,0.000016,0.000963,0.512963,0.000016,0.205925
AATAGTCCGTCCCGAC-1,0.005808,0.057406,0.063685,0.003457,0.083652,0.050983,0.10663,0.057133,0.571247
AATAGTCGCGAGTCGG-1,0.000033,0.000033,0.000033,0.000033,0.002379,0.771371,0.023584,0.06576,0.136776
AATATCAAGGTCGGAT-1,0.043379,0.000036,0.000036,0.161427,0.022367,0.071021,0.508118,0.106536,0.087079
AATATCCTAGCAAACT-1,0.03585,0.000039,0.000039,0.000039,0.058878,0.419502,0.038644,0.103321,0.343689
AATATCGAATCAATGC-1,0.307639,0.362325,0.288504,0.022367,0.000066,0.000066,0.000066,0.000066,0.018903
AATATCGAGGGTTCTC-1,0.020235,0.390877,0.445542,0.000057,0.000057,0.000057,0.000057,0.026565,0.116553
AATATTGGAGTATTGA-1,0.000051,0.017536,0.000051,0.000051,0.000051,0.323944,0.359289,0.016353,0.282673
AATCAGACTGCAGGAC-1,0.013595,0.000038,0.13773,0.468899,0.010079,0.016117,0.14254,0.024894,0.186109
AATCAGGTTTCATTTA-1,0.000059,0.000059,0.000059,0.000059,0.000059,0.012962,0.369761,0.054659,0.562321
AATCATGTAAAGACTC-1,0.087449,0.468264,0.401561,0.019945,0.00005,0.022533,0.00005,0.00005,0.0001
AATCCAAGGGCCTGAG-1,0.000024,0.000024,0.238712,0.000024,0.120158,0.104948,0.338989,0.075877,0.121244
AATCCATGCAAGGGTG-1,0.000066,0.000066,0.000066,0.23419,0.158035,0.000066,0.17961,0.02389,0.404012
AATCCCGCTCAGAGCC-1,0.03313,0.008802,0.103008,0.315901,0.030255,0.000511,0.101677,0.000027,0.406688
AATCGAGGTCTCAAGG-1,0.19298,0.009427,0.013918,0.283248,0.153248,0.005671,0.180382,0.153889,0.007236
AATCGCCTCAGCGCCA-1,0.123862,0.611664,0.000082,0.059057,0.000082,0.000082,0.000082,0.117573,0.087518
AATCGCGCAGAGGACT-1,0.079715,0.542431,0.343742,0.023313,0.000053,0.000053,0.000053,0.000053,0.010586
AATCGGGACACTACGA-1,0.13735,0.000031,0.011956,0.034242,0.519164,0.086946,0.133358,0.000031,0.076922
AATCGGTATAGCCCTC-1,0.099453,0.337357,0.562879,0.000045,0.000045,0.000045,0.000045,0.000045,0.000089
AATCGTGAGCCGAGCA-1,0.011088,0.258127,0.60916,0.010331,0.000038,0.003788,0.009378,0.000145,0.097944
AATCTAGGTTTACTTG-1,0.000043,0.000043,0.000043,0.000043,0.01515,0.435704,0.363499,0.000043,0.185431
AATCTATGCCGGAGCC-1,0.51038,0.278437,0.014011,0.013068,0.000072,0.000072,0.000072,0.183744,0.000144
AATCTCTACTGTGGTT-1,0.000032,0.000032,0.000032,0.017705,0.121468,0.620764,0.148471,0.080918,0.010578
AATCTGCGTTGGGACG-1,0.001542,0.710918,0.260286,0.000077,0.000077,0.000077,0.000077,0.02679,0.000154
AATCTGGCTTTCTAGT-1,0.000036,0.000036,0.000036,0.000036,0.038943,0.457387,0.342615,0.000036,0.160874
AATCTGGGTAGACCCT-1,0.34874,0.000028,0.621777,0.029287,0.000028,0.000028,0.000028,0.000028,0.000056
AATGACAGCAATGTCT-1,0.000051,0.000051,0.000051,0.000051,0.000051,0.038603,0.391158,0.073367,0.496617
AATGACGTAGGATGTC-1,0.109448,0.329319,0.459731,0.000048,0.000048,0.000048,0.000048,0.095499,0.005812
AATGACTGTCAGCCGG-1,0.000046,0.027061,0.096906,0.036527,0.011077,0.053843,0.16089,0.220194,0.393456
AATGAGTTCGCATATG-1,0.046212,0.001441,0.012661,0.000047,0.003453,0.324431,0.352627,0.002546,0.256582
AATGATGATACGCTAT-1,0.09318,0.317981,0.398354,0.000047,0.000047,0.000047,0.000047,0.190204,0.000094
AATGATGCGACTCCTG-1,0.002017,0.518354,0.344907,0.040148,0.000083,0.000083,0.000083,0.000083,0.094241
AATGCAACCGGGTACC-1,0.000035,0.084189,0.000035,0.010001,0.02315,0.184255,0.050345,0.041075,0.606916
AATGCACCAAGCAATG-1,0.119936,0.826709,0.00008,0.039473,0.00008,0.00008,0.00008,0.00008,0.01348
AATGGTCCACCGTTCA-1,0.000027,0.000027,0.000027,0.02133,0.03813,0.34932,0.514968,0.029591,0.046581
AATGGTTCTCACAAGC-1,0.000048,0.014114,0.035747,0.017133,0.003925,0.008711,0.245216,0.011696,0.66341
AATGTATGGCACTGTA-1,0.000073,0.000073,0.040231,0.095068,0.240912,0.390281,0.066928,0.000073,0.166362
AATGTGCCCGAGGTGT-1,0.000056,0.000056,0.041863,0.004909,0.050993,0.209504,0.381311,0.000056,0.311254
AATGTGCTAATCTGAG-1,0.000069,0.017859,0.000069,0.025684,0.000069,0.000069,0.000576,0.000069,0.955534
AATGTTAAGACCCTGA-1,0.160253,0.183857,0.176497,0.235885,0.166056,0.014281,0.033344,0.01251,0.017317
AATGTTGTCGTGAGAC-1,0.904767,0.004854,0.090151,0.000033,0.000033,0.000033,0.000033,0.000033,0.000065
AATTAAAGGTCGGCGT-1,0.000023,0.008825,0.013457,0.000023,0.001858,0.151368,0.462838,0.027096,0.334512
AATTAACGGATTTCCA-1,0.000049,0.113479,0.037688,0.008548,0.054466,0.114257,0.0815,0.028131,0.561882
AATTACGAGACCCATC-1,0.000056,0.000056,0.000056,0.015446,0.099006,0.665016,0.0055,0.01723,0.197634
AATTACTCGTACGCTC-1,0.014676,0.000058,0.000058,0.146992,0.088438,0.693532,0.010159,0.011593,0.034494
AATTAGCGCTGCAGCG-1,0.000041,0.021678,0.038936,0.006358,0.079269,0.153261,0.189551,0.000634,0.510271
AATTATACCCAGCAAG-1,0.380658,0.027542,0.566077,0.005794,0.000024,0.002932,0.000024,0.00396,0.012988
AATTCATAAGGGATCT-1,0.000076,0.472395,0.443635,0.000076,0.000076,0.000076,0.000076,0.000076,0.083513
AATTCATTGTCATGCA-1,0.000064,0.002093,0.026425,0.048189,0.000064,0.578445,0.009437,0.000064,0.335219
AATTCCAACTTGGTGA-1,0.000021,0.000021,0.000021,0.309799,0.074167,0.248689,0.166022,0.000021,0.201239
AATTCCAAGCATGTAC-1,0.00004,0.032732,0.112081,0.00004,0.140782,0.126496,0.281341,0.066212,0.240275
AATTCGATTCGAGGAT-1,0.003287,0.12221,0.000032,0.000032,0.289401,0.26562,0.177246,0.140601,0.001571
AATTCTAGAGTTAGGC-1,0.000036,0.000036,0.088505,0.000036,0.008186,0.100356,0.244128,0.466357,0.092358
AATTGAACGCTCTGGT-1,0.000029,0.013067,0.950137,0.000029,0.000029,0.020022,0.000029,0.016598,0.000059
AATTGCAGCAATCGAC-1,0.107211,0.777098,0.065574,0.021648,0.000061,0.000061,0.000061,0.000061,0.028223
AATTGCGTGGATTACA-1,0.000044,0.000044,0.000044,0.047773,0.253706,0.576273,0.057083,0.000196,0.064836
AATTTGGGACATAGTA-1,0.052018,0.74818,0.012829,0.085447,0.000114,0.100957,0.000114,0.000114,0.000228
AATTTGGTTCCAAAGA-1,0.000049,0.125388,0.402518,0.000049,0.000049,0.000049,0.000049,0.466615,0.005236
ACAAACCATGCGTCCT-1,0.000037,0.000037,0.000037,0.036858,0.04913,0.226641,0.09843,0.047179,0.541651
ACAAACCGACAAGGCG-1,0.284969,0.007289,0.375796,0.122089,0.000024,0.000024,0.000024,0.209739,0.000047
ACAAACTCCATCAGAG-1,0.002798,0.000011,0.031054,0.172867,0.003415,0.001053,0.673724,0.000934,0.114143
ACAAAGAAGGTAGGCC-1,0.000048,0.000048,0.000048,0.014658,0.005334,0.250279,0.000048,0.199876,0.529659
ACAAAGCATGACCTAG-1,0.224977,0.190566,0.465637,0.000834,0.006603,0.010452,0.023919,0.000029,0.076984
ACAAATCGCACCGAAT-1,0.162364,0.518778,0.002359,0.000047,0.000047,0.000047,0.000047,0.316215,0.000095
ACAAATGGTAGTGTTT-1,0.0449,0.601914,0.236448,0.017926,0.000072,0.000072,0.000072,0.042961,0.055635
ACAAATTCAGATCTGA-1,0.201734,0.561471,0.039557,0.194276,0.0001,0.0001,0.0001,0.0001,0.002562
ACAACAGCATGAGCTA-1,0.024614,0.524614,0.086474,0.000074,0.088643,0.031213,0.000074,0.136398,0.107896
ACAACGGTCCCTGCGA-1,0.000034,0.000154,0.144054,0.001158,0.008831,0.071041,0.363558,0.000034,0.411137
ACAAGCAGTGCCTAGC-1,0.000095,0.000095,0.000095,0.089539,0.099878,0.073047,0.591112,0.000095,0.146045
ACAAGCTATATGGAAG-1,0.031008,0.000066,0.000066,0.000066,0.000066,0.000066,0.000066,0.624636,0.343958
ACAAGGAAATCCGCCC-1,0.000044,0.364783,0.438525,0.000044,0.004594,0.000639,0.000044,0.055379,0.135947
ACAAGGACAAGAGGTT-1,0.012278,0.004361,0.001079,0.007762,0.128643,0.028329,0.233254,0.000038,0.584256
ACAAGGATGCTTTAGG-1,0.145887,0.254196,0.334752,0.00004,0.137968,0.06701,0.019261,0.027197,0.01369
ACAAGGCCTACCAGCC-1,0.059351,0.001972,0.763061,0.11195,0.012655,0.008938,0.04194,0.000044,0.000088
ACAAGGGCAGGCTCTG-1,0.000041,0.282264,0.512156,0.000041,0.000041,0.000041,0.000041,0.190963,0.01441
ACAAGTAATTGTAAGG-1,0.000018,0.000018,0.000018,0.140676,0.283564,0.156438,0.404944,0.000018,0.014304
ACAATAGTCGTACGTT-1,0.000064,0.000064,0.000064,0.086989,0.000064,0.084734,0.062207,0.1628,0.603015
ACAATCCATTTAAACC-1,0.037382,0.000031,0.062812,0.003921,0.065687,0.059735,0.344132,0.047851,0.378449
ACAATCGATCTTTATA-1,0.246562,0.000038,0.005767,0.400361,0.172814,0.003803,0.00529,0.16529,0.000076
ACAATGAATACGGAGA-1,0.001006,0.000055,0.059162,0.041406,0.025113,0.107223,0.074326,0.034493,0.657217
ACAATGATTCTTCTAC-1,0.32836,0.000151,0.517691,0.116706,0.000053,0.000053,0.036827,0.000053,0.000106
ACAATTGTGTCTCTTT-1,0.191304,0.445676,0.04929,0.000052,0.06453,0.104695,0.064987,0.056429,0.023038
ACAATTTAGGAGGCTC-1,0.000036,0.000036,0.000036,0.000036,0.032586,0.653997,0.047574,0.101263,0.164435
ACAATTTGAGCAGTGG-1,0.274198,0.618802,0.000072,0.000072,0.000072,0.000072,0.000072,0.025202,0.08144
ACACAAAGACGGGTGG-1,0.00002,0.00002,0.081057,0.00002,0.030475,0.22321,0.341898,0.273615,0.049683
ACACACCAGGACCAGT-1,0.00007,0.859315,0.00007,0.012168,0.00007,0.00007,0.00007,0.00007,0.128098
ACACACTTTCTACACG-1,0.000102,0.416682,0.12818,0.010285,0.050557,0.000219,0.000102,0.000102,0.393772
ACACATGATCAAATCT-1,0.000038,0.000038,0.000038,0.049493,0.002299,0.425443,0.029722,0.022507,0.470422
ACACATTGACGCAACA-1,0.000051,0.000051,0.000051,0.109082,0.475122,0.154128,0.002191,0.032844,0.226482
ACACATTTCCGTAGAC-1,0.000075,0.082945,0.000075,0.081978,0.028539,0.170801,0.047981,0.000075,0.587532
ACACCACATAATTAGC-1,0.438038,0.325377,0.213588,0.022725,0.000045,0.000045,0.000045,0.000045,0.000091
ACACCCAGCATGCAGC-1,0.000029,0.000029,0.000029,0.01302,0.098495,0.03919,0.465202,0.036937,0.34707
ACACCCGAGAAATCCG-1,0.000028,0.00104,0.052645,0.000028,0.036388,0.134221,0.398903,0.000028,0.376718
ACACCGAGCGCTCTTT-1,0.00005,0.00005,0.00005,0.098303,0.152084,0.569352,0.018326,0.04131,0.120477
ACACCGGTCTGACCGC-1,0.00004,0.00004,0.00004,0.021539,0.197218,0.227632,0.13542,0.047286,0.370786
ACACCTTAAGTAGGGC-1,0.04136,0.056259,0.01171,0.000079,0.043668,0.01715,0.047121,0.139338,0.643314
ACACCTTACTACTTGC-1,0.036756,0.683589,0.168243,0.110796,0.000103,0.000103,0.000103,0.000103,0.000205
ACACGAGACTCCTTCT-1,0.000068,0.551167,0.22035,0.00829,0.000068,0.017174,0.000068,0.126345,0.076469
ACACGGCACTATGCAT-1,0.288864,0.103543,0.110284,0.267485,0.103912,0.000138,0.007004,0.000138,0.118632
ACACGGGAACTTAGGG-1,0.031391,0.175027,0.558869,0.000065,0.045963,0.015537,0.000065,0.007738,0.165346
ACACGTAGGCCACAAG-1,0.148153,0.518251,0.017162,0.099334,0.188254,0.0099,0.018812,0.000044,0.00009
ACACTCCAATGTCACT-1,0.000067,0.000067,0.000067,0.001152,0.12797,0.145121,0.239679,0.000067,0.485812
ACACTGATCAAGGTGT-1,0.000023,0.037368,0.000023,0.000023,0.032356,0.116997,0.533226,0.005152,0.274832
ACACTGGGACAGTCGT-1,0.2709,0.670199,0.011939,0.046618,0.000057,0.000057,0.000057,0.000057,0.000115
ACAGAACTGAGAACAA-1,0.000063,0.000063,0.000063,0.037612,0.000417,0.20113,0.057681,0.04015,0.66282
ACAGATTAGGTTAGTG-1,0.038782,0.012222,0.000055,0.140012,0.415239,0.036984,0.221766,0.000055,0.134883
ACAGCATAGAGCCAGT-1,0.000031,0.000082,0.068892,0.008616,0.203296,0.258684,0.376142,0.003499,0.080759
ACAGCGACATTCTCAT-1,0.104305,0.692253,0.125939,0.076975,0.000088,0.000088,0.000088,0.000088,0.000176
ACAGCGCACCCGCAGC-1,0.056461,0.15202,0.714367,0.00994,0.000039,0.015317,0.000039,0.005572,0.046243
ACAGGAGGCGCAGCCG-1,0.050409,0.003284,0.003362,0.125793,0.153342,0.126001,0.086316,0.206384,0.245109
ACAGGCACGGATCCTT-1,0.220837,0.684476,0.00008,0.094126,0.00008,0.00008,0.00008,0.00008,0.00016
ACAGGCTTGCCCGACT-1,0.000037,0.346299,0.585051,0.000037,0.000037,0.000037,0.000037,0.000037,0.068428
ACAGGTGGAGGTGAGG-1,0.000027,0.000762,0.049529,0.003563,0.003194,0.036723,0.339272,0.000473,0.566457
ACAGGTGTGTTGTTGC-1,0.080021,0.000055,0.014881,0.000055,0.051944,0.056921,0.000055,0.346252,0.449816
ACAGTAATACAACTTG-1,0.000032,0.000032,0.000032,0.009349,0.007205,0.603749,0.211499,0.029172,0.138932
ACAGTATACCGTGGGA-1,0.137408,0.330799,0.306282,0.054899,0.03351,0.0075,0.040595,0.000045,0.088962
ACAGTGCAGCGCATTT-1,0.227508,0.326855,0.327386,0.056917,0.000021,0.000021,0.009055,0.044603,0.007634
ACATAAGTCGTGGTGA-1,0.000025,0.000025,0.000025,0.000025,0.000025,0.453219,0.319637,0.013675,0.213347
ACATAATAAGGCGGTG-1,0.000045,0.085713,0.198521,0.000047,0.028535,0.124171,0.137247,0.057918,0.367805
ACATACAATCAAGCGG-1,0.524529,0.019985,0.455324,0.000023,0.000023,0.000023,0.000023,0.000023,0.000046
ACATCAGCTGGGACGC-1,0.00004,0.00004,0.00004,0.027314,0.002073,0.488205,0.00321,0.097755,0.381322
ACATCCCGGCCATACG-1,0.076634,0.116322,0.000114,0.000114,0.000367,0.035281,0.114601,0.000114,0.656453
ACATCCTGGTAACTGT-1,0.035159,0.701814,0.043698,0.08983,0.000069,0.000069,0.000069,0.129155,0.000137
ACATCGATCGTTTACC-1,0.00006,0.076711,0.00006,0.049078,0.049436,0.072295,0.055314,0.207643,0.489405
ACATCGCAATATTCGG-1,0.000042,0.000042,0.000042,0.312568,0.000042,0.039087,0.049932,0.000042,0.598203
ACATCGGTCAGCCGCG-1,0.011368,0.000026,0.040663,0.000026,0.016247,0.043175,0.546208,0.076349,0.265938
ACATCGTATGCAATGG-1,0.028011,0.35575,0.299484,0.000099,0.169178,0.067811,0.019208,0.038725,0.021735
ACATCGTTAACCTAGT-1,0.36421,0.120684,0.289328,0.04845,0.01697,0.000086,0.000086,0.009691,0.150496
ACATCTCAACGCGTAA-1,0.284303,0.000018,0.555499,0.041354,0.082703,0.000018,0.036052,0.000018,0.000036
ACATGCTTACGGCAGC-1,0.000036,0.000036,0.000036,0.248251,0.168805,0.303927,0.142918,0.119487,0.016505
ACATGGCGCCAAAGTA-1,0.00005,0.292641,0.706959,0.00005,0.00005,0.00005,0.00005,0.00005,0.0001
ACATGGCTCAATTTAG-1,0.00009,0.00009,0.00009,0.191091,0.03634,0.211346,0.034182,0.055711,0.471058
ACATTAGTTTATATCC-1,0.000059,0.059776,0.056037,0.000059,0.000059,0.101949,0.11703,0.097034,0.567995
ACATTCGCGCGGAATA-1,0.000028,0.000028,0.047013,0.165272,0.084564,0.032011,0.26053,0.050889,0.359664
ACATTTGAAACCTAAC-1,0.300164,0.320354,0.322428,0.056801,0.000042,0.000042,0.000042,0.000042,0.000084
ACCAAACACCCAGCGA-1,0.120464,0.120521,0.444951,0.059628,0.121951,0.002926,0.112581,0.007888,0.009089
ACCAAACTAGAAATCC-1,0.099677,0.181834,0.002309,0.464704,0.088722,0.012695,0.03292,0.01016,0.106981
ACCAACACCACACACT-1,0.556398,0.049965,0.198333,0.038376,0.05776,0.023694,0.047687,0.000031,0.027757
ACCAACCGCACTCCAC-1,0.29031,0.092639,0.465188,0.003639,0.000026,0.000026,0.000174,0.147945,0.000052
ACCAACGCTTATTTAT-1,0.017678,0.015472,0.067771,0.005481,0.108674,0.003159,0.235181,0.012096,0.534487
ACCAAGAACGCGTGTC-1,0.000059,0.076813,0.000059,0.030549,0.000059,0.032437,0.001439,0.045423,0.813163
ACCAAGTCATCGGCAG-1,0.294203,0.12546,0.568663,0.011432,0.00004,0.00004,0.00004,0.00004,0.000081
ACCAATATGCAAGTTA-1,0.000055,0.222534,0.566146,0.000055,0.000055,0.000055,0.000055,0.119928,0.091118
ACCACAACTCAGAACA-1,0.07662,0.000014,0.289331,0.053595,0.282008,0.002073,0.296316,0.000014,0.000028
ACCACAAGTTTCTATC-1,0.000021,0.000021,0.106861,0.000021,0.265747,0.235287,0.261404,0.013627,0.117012
ACCACACGGTTGATGG-1,0.016219,0.135916,0.39344,0.188699,0.009905,0.016553,0.002029,0.080711,0.156528
ACCACCAATGTAACAA-1,0.207127,0.737603,0.000069,0.013566,0.000069,0.021585,0.000069,0.000069,0.019843
ACCACGTGCAGCTATA-1,0.000052,0.542595,0.318455,0.000052,0.000052,0.076699,0.000052,0.01591,0.046134
ACCACTGTTCAAGAAG-1,0.020922,0.004954,0.000045,0.01002,0.347608,0.443733,0.003594,0.000045,0.169079
ACCAGACCATAACAAC-1,0.001491,0.000054,0.000054,0.000054,0.130502,0.183467,0.000054,0.230989,0.453336
ACCAGCCCGGTCTTTG-1,0.290001,0.00192,0.367442,0.229896,0.000901,0.078853,0.000032,0.000432,0.030523
ACCAGGAGTGTGATCT-1,0.000027,0.014971,0.000027,0.221949,0.324871,0.046955,0.384134,0.005886,0.001179
ACCAGTGCCCGGTCAA-1,0.519156,0.000042,0.441352,0.000091,0.039147,0.000042,0.000042,0.000042,0.000085
ACCAGTGCGGGAGACG-1,0.012855,0.511295,0.298425,0.01224,0.000058,0.001327,0.000058,0.010594,0.153147
ACCATATCCGCAATAA-1,0.000024,0.001519,0.071545,0.000024,0.007424,0.215678,0.291632,0.058669,0.353487
ACCATCCGCCAACTAG-1,0.000038,0.000038,0.000038,0.007017,0.123192,0.476575,0.093855,0.011937,0.287309
ACCATCGTATATGGTA-1,0.000034,0.012297,0.000034,0.000034,0.022321,0.074499,0.348164,0.000034,0.542581
ACCATTAAGGGTGTCA-1,0.00012,0.00012,0.00012,0.180455,0.094246,0.377537,0.00012,0.00012,0.347163
ACCCAACGCCCGTGGC-1,0.000041,0.235693,0.453952,0.012564,0.087039,0.027299,0.010193,0.054263,0.118956
ACCCACCTACATGCTC-1,0.00007,0.00007,0.126769,0.092606,0.015825,0.090805,0.068746,0.00007,0.605039
ACCCATCTTGAGGGTA-1,0.00005,0.028809,0.00005,0.040625,0.00005,0.004916,0.368953,0.066355,0.490191
ACCCATTTGTCCCTCT-1,0.17451,0.268125,0.346542,0.045112,0.040768,0.005145,0.089551,0.000054,0.030193
ACCCGAGCGAAATTAC-1,0.000045,0.012423,0.016213,0.000045,0.000045,0.041648,0.112709,0.000045,0.816826
ACCCGATTGGTTCCGA-1,0.109427,0.000057,0.035782,0.044235,0.008896,0.000122,0.122475,0.102493,0.576513
ACCCGGAAACTCCCAG-1,0.000062,0.06638,0.004576,0.063158,0.000062,0.123513,0.010893,0.000062,0.731293
ACCCGGATGACGCATC-1,0.000066,0.789944,0.161526,0.000066,0.000066,0.000066,0.000066,0.000066,0.048137
ACCCGGTTACACTTCC-1,0.061846,0.000034,0.074589,0.000034,0.197182,0.114295,0.274642,0.125459,0.151919
ACCCGTAGCAGAGAAT-1,0.01553,0.000024,0.01672,0.136334,0.341731,0.421007,0.016327,0.001822,0.050504
ACCCGTAGTCTAGTTG-1,0.233222,0.100634,0.577794,0.000024,0.000024,0.009608,0.002702,0.006292,0.069699
ACCCGTGTCATCAGTA-1,0.000054,0.107058,0.076757,0.020459,0.02375,0.028029,0.06483,0.002802,0.676261
ACCCTATAGGACTGAG-1,0.000113,0.000113,0.184886,0.107385,0.000113,0.022216,0.000113,0.000113,0.684948
ACCCTATGCCATATCG-1,0.000054,0.056181,0.004384,0.045887,0.000054,0.037268,0.30996,0.000054,0.546157
ACCCTCCCGTCAGGGC-1,0.578269,0.304314,0.077806,0.03934,0.000045,0.000045,0.000045,0.000045,0.00009
ACCCTCCCTTGCTATT-1,0.208039,0.165109,0.351105,0.000083,0.019781,0.043679,0.138289,0.073246,0.00067
ACCCTGGTAACGCCCT-1,0.255033,0.050435,0.659626,0.03471,0.000033,0.000033,0.000033,0.000033,0.000065
ACCCTTCATCTGCGAA-1,0.119227,0.110813,0.000058,0.02265,0.141415,0.064774,0.04467,0.416087,0.080305
ACCCTTTAGTTCTCCA-1,0.458004,0.029615,0.2597,0.102721,0.033859,0.009577,0.000037,0.106414,0.000074
ACCGAAAGGGCCCTGC-1,0.00918,0.000013,0.06506,0.000079,0.346633,0.059331,0.518273,0.000013,0.001418
ACCGAAGAGTCTGGTT-1,0.000054,0.000054,0.000054,0.022957,0.059337,0.507597,0.017177,0.000054,0.392714
