Barcode,Topic 1,Topic 2,Topic 3,Topic 4to12
AAACAACGAATAGTTC-1,0.000128,0.000661,0.109654,0.889557
AAACAAGTATCTCCCA-1,0.000029,0.062676,0.000029,0.937267
AAACAATCTACTAGCA-1,0.000172,0.000172,0.000172,0.999483
AAACACCAATAACTGC-1,0.000039,0.001694,0.065546,0.93272
AAACAGAGCGACTCCT-1,0.000046,0.000046,0.000046,0.999863
AAACAGCTTTCAGAAG-1,0.000044,0.062584,0.000044,0.937328
AAACAGGGTCTATATT-1,0.000033,0.017831,0.022448,0.959687
AAACAGTGTTCCTGGG-1,0.000098,0.007737,0.15162,0.840545
AAACATGGTGAGAGGA-1,0.000026,0.090183,0.042818,0.866972
AAACATTTCCCGGATT-1,0.000034,0.019059,0.000034,0.980872
AAACCACTACACAGAT-1,0.000049,0.000049,0.213626,0.786277
AAACCCGAACGAAATC-1,0.000034,0.398229,0.000034,0.601702
AAACCGGAAATGTTAA-1,0.000032,0.593257,0.19172,0.214991
AAACCGGGTAGGTACC-1,0.00017,0.058779,0.492349,0.448702
AAACCGTTCGTCCAGG-1,0.000101,0.000101,0.000101,0.999697
AAACCTAAGCAGCCGG-1,0.000035,0.000035,0.000035,0.999896
AAACCTCATGAAGTTG-1,0.000156,0.000156,0.000156,0.999533
AAACGAAGAACATACC-1,0.000055,0.000055,0.028388,0.971503
AAACGAAGATGGAGTA-1,0.000015,0.000015,0.138937,0.861033
AAACGACAGTCTTGCC-1,0.000043,0.000043,0.028459,0.971454
AAACGAGACGGTTGAT-1,0.00003,0.002207,0.003452,0.994311
AAACGCCCGAGATCGG-1,0.000072,0.000072,0.032141,0.967714
AAACGCTGGGCACGAC-1,0.000011,0.192907,0.209556,0.597527
AAACGGGCGTACGGGT-1,0.000021,0.000021,0.000021,0.999937
AAACGGGTTGGTATCC-1,0.000055,0.037445,0.075954,0.886546
AAACGGTTGCGAACTG-1,0.000078,0.000078,0.000078,0.999765
AAACGTGTTCGCCCTA-1,0.000018,0.061824,0.047632,0.890526
AAACTAACGTGGCGAC-1,0.000037,0.000037,0.043623,0.956303
AAACTCGGTTCGCAAT-1,0.000059,0.000059,0.019823,0.980058
AAACTCGTGATATAAG-1,0.000068,0.030937,0.000068,0.968927
AAACTGCTGGCTCCAA-1,0.000021,0.000021,0.032261,0.967697
AAACTTAATTGCACGC-1,0.00003,0.002324,0.028921,0.968725
AAACTTGCAAACGTAT-1,0.0001,0.127564,0.0001,0.872237
AAAGAATGACCTTAGA-1,0.000012,0.000012,0.085417,0.914559
AAAGAATGTGGACTAA-1,0.000027,0.277681,0.000027,0.722264
AAAGACATGAAGTTTA-1,0.000061,0.000061,0.060936,0.938941
AAAGACCCAAGTCGCG-1,0.00014,0.00014,0.00014,0.999581
AAAGACTGGGCGCTTT-1,0.000189,0.000189,0.000189,0.999433
AAAGCTTGCCTACATA-1,0.000032,0.023123,0.018285,0.958559
AAAGGCCCTATAATAC-1,0.000019,0.064676,0.010549,0.924756
AAAGGCTACGGACCAT-1,0.000083,0.000083,0.000083,0.999751
AAAGGCTCTCGCGCCG-1,0.000052,0.025033,0.015478,0.959438
AAAGGGATGTAGCAAG-1,0.00011,0.00011,0.028876,0.970904
AAAGGGCAGCTTGAAT-1,0.00009,0.00009,0.035561,0.964259
AAAGGTAAGCTGTACC-1,0.000057,0.000057,0.048513,0.951373
AAAGGTCAACGACATG-1,0.000065,0.000065,0.001111,0.998759
AAAGTAGCATTGCTCA-1,0.000179,0.000179,0.045228,0.954413
AAAGTCACTGATGTAA-1,0.000107,0.000107,0.082982,0.916804
AAAGTCGACCCTCAGT-1,0.00016,0.00016,0.00016,0.99952
AAAGTGCCATCAATTA-1,0.000015,0.293746,0.093168,0.613072
AAAGTGTGATTTATCT-1,0.000054,0.000054,0.000054,0.999837
AAAGTTGACTCCCGTA-1,0.000023,0.081849,0.035101,0.883026
AAATAACCATACGGGA-1,0.000021,0.000021,0.000021,0.999937
AAATAAGGTAGTGCCC-1,0.000027,0.166678,0.009688,0.823607
AAATACCTATAAGCAT-1,0.000046,0.000046,0.000046,0.999861
AAATAGCTTAGACTTT-1,0.000026,0.027874,0.000026,0.972075
AAATAGGGTGCTATTG-1,0.000045,0.000045,0.000045,0.999866
AAATCACTCCTAAACG-1,0.000041,0.004464,0.116409,0.879085
AAATCCGATACACGCC-1,0.000025,0.096117,0.036917,0.866942
AAATCGCGGAAGGAGT-1,0.000028,0.043072,0.05274,0.90416
AAATCGTGTACCACAA-1,0.000046,0.000046,0.003134,0.996774
AAATCTAGCCCTGCTA-1,0.000031,0.015598,0.067099,0.917272
AAATCTGCCCGCGTCC-1,0.000043,0.020304,0.000043,0.979609
AAATGACTGATCAAAC-1,0.000039,0.000039,0.000039,0.999882
AAATGATTCGATCAGC-1,0.000067,0.000067,0.000067,0.999799
AAATGCTCGTTACGTT-1,0.000443,0.098335,0.502578,0.398644
AAATGGCATGTCTTGT-1,0.000046,0.000046,0.072377,0.927531
AAATGGCCCGTGCCCT-1,0.000038,0.047071,0.063115,0.889775
AAATGGTCAATGTGCC-1,0.000063,0.000063,0.011278,0.988597
AAATGTATCTTATCCC-1,0.000053,0.000053,0.000053,0.999841
AAATGTGGGTGCTCCT-1,0.000101,0.000101,0.024096,0.975702
AAATTAACGGGTAGCT-1,0.000085,0.018369,0.000085,0.98146
AAATTAATAAGCGCGA-1,0.00005,0.024832,0.005198,0.969919
AAATTACACGACTCTG-1,0.000049,0.000049,0.000049,0.999853
AAATTACCTATCGATG-1,0.000049,0.0081,0.000049,0.991802
AAATTCCAGGTCCAAA-1,0.000015,0.042289,0.004964,0.952733
AAATTGATAGTCCTTT-1,0.000119,0.055484,0.410721,0.533676
AAATTGCGGCGGTTCT-1,0.000359,0.000359,0.344494,0.654788
AAATTGGTGAGAAGCA-1,0.000024,0.019901,0.015925,0.964149
AAATTTACCGAAATCC-1,0.000069,0.000069,0.000069,0.999793
AAATTTGCGGGTGTGG-1,0.000108,0.000108,0.235827,0.763957
AACAACTGGTAGTTGC-1,0.000192,0.000192,0.000192,0.999423
AACAATACATTGTCGA-1,0.00012,0.00012,0.116304,0.883457
AACAATTACTCTACGC-1,0.000204,0.000204,0.219829,0.779764
AACACACGCTCGCCGC-1,0.000052,0.022263,0.12607,0.851614
AACACGACTGTACTGA-1,0.000083,0.000083,0.038821,0.961013
AACACGAGACGCGGCC-1,0.00015,0.00015,0.00015,0.999549
AACACGCGGCCGCGAA-1,0.000076,0.080745,0.105257,0.813922
AACAGCTGTGTGGCAA-1,0.000149,0.000149,0.000149,0.999552
AACAGGAAATCGAATA-1,0.000049,0.000049,0.000049,0.999854
AACAGGATGGGCCGCG-1,0.000267,0.000267,0.000267,0.999199
AACAGGTAGTATGGAT-1,0.000043,0.25309,0.000043,0.746824
AACATAGCGTGTATCG-1,0.00004,0.00004,0.00004,0.999879
AACATATCAACTGGTG-1,0.000038,0.000038,0.005333,0.994591
AACATCGATACGTCTA-1,0.000024,0.033774,0.000024,0.966177
AACATTGAAGTTGATC-1,0.00005,0.00005,0.021585,0.978316
AACATTGTGACTCGAG-1,0.000075,0.000075,0.070524,0.929326
AACCAAGACTTCTCTG-1,0.000049,0.127107,0.691801,0.181043
AACCAGTATCACTCTT-1,0.000043,0.000043,0.000043,0.99987
AACCATAGGGTTGAAC-1,0.000032,0.042631,0.000032,0.957305
AACCATGGGATCGCTA-1,0.000287,0.000287,0.102133,0.897292
AACCCAGAGACGGAGA-1,0.000167,0.000167,0.000167,0.9995
AACCCATCCCATGATC-1,0.000046,0.055609,0.000046,0.944299
AACCCGACAACCCGTG-1,0.000078,0.022779,0.095924,0.881219
AACCCGAGCAGAATCG-1,0.000055,0.607313,0.000055,0.392577
AACCCGATAGGGCTTC-1,0.000052,0.015307,0.051799,0.932842
AACCCGCTGTATTCCA-1,0.000023,0.000023,0.226862,0.773093
AACCCTACTGTCAATA-1,0.000032,0.042906,0.040415,0.916647
AACCCTGGTGGAACCA-1,0.000078,0.000078,0.080595,0.91925
AACCGAGCTTGGTCAT-1,0.000099,0.000099,0.000099,0.999702
AACCGCTAAGGGATGC-1,0.000035,0.000035,0.019608,0.980323
AACCGTTGTGTTTGCT-1,0.000111,0.000111,0.000111,0.999667
AACCTAAAGCCGTCCG-1,0.000073,0.000073,0.043564,0.95629
AACCTCGCTTTAGCCC-1,0.000027,0.00457,0.017714,0.977689
AACCTGTCACGGAATT-1,0.000038,0.060676,0.057503,0.881784
AACCTTTAAATACGGT-1,0.000031,0.000031,0.000031,0.999907
AACCTTTACGACGTCT-1,0.000063,0.000063,0.000063,0.999811
AACGAAAGTCGTCCCA-1,0.00004,0.00004,0.00004,0.99988
AACGACCTCCTAGCCG-1,0.000025,0.971231,0.028523,0.000221
AACGATAATGCCGTAG-1,0.000037,0.000037,0.033102,0.966825
AACGATAGAAGGGCCG-1,0.000084,0.000084,0.000084,0.999748
AACGATATGTCAACTG-1,0.000037,0.035118,0.000037,0.964809
AACGCATGATCTGGGT-1,0.000054,0.0523,0.000054,0.947591
AACGCGAACGGCAACA-1,0.000069,0.000069,0.236816,0.763047
AACGCGACCTTGGGCG-1,0.00008,0.00008,0.176813,0.823026
AACGCGGTCTCCAGCC-1,0.00008,0.142796,0.047089,0.810036
AACGCTGTTGCTGAAA-1,0.000031,0.000031,0.000031,0.999908
AACGGACGTACGTATA-1,0.000029,0.005727,0.000029,0.994216
AACGGCCATCTCCGGT-1,0.000132,0.000132,0.06184,0.937896
AACGTACTGTGGGTAC-1,0.000178,0.000178,0.000178,0.999467
AACGTCAGACTAGTGG-1,0.000137,0.102917,0.000137,0.896809
AACGTCATCCGGCTTG-1,0.00006,0.00006,0.00006,0.99982
AACGTCGCTGCACTTC-1,0.000025,0.531664,0.162208,0.306103
AACGTGATGAAGGACA-1,0.000044,0.000044,0.000044,0.999868
AACGTGCGAAAGTCTC-1,0.000049,0.000049,0.000049,0.999853
AACGTTATCAGCACCT-1,0.000135,0.000135,0.000135,0.999595
AACGTTCTACCATTGT-1,0.000014,0.20264,0.135778,0.661568
AACTACCCGTTTGTCA-1,0.000026,0.409869,0.000026,0.59008
AACTAGCGTATCGCAC-1,0.000149,0.05176,0.000149,0.947942
AACTAGGCTTGGGTGT-1,0.000147,0.065821,0.074173,0.85986
AACTCAAGTTAATTGC-1,0.000141,0.000141,0.000141,0.999576
AACTCCAGAGCGTGTT-1,0.000033,0.000033,0.040702,0.959232
AACTCCTAATCCCATG-1,0.000041,0.000041,0.000041,0.999876
AACTCGATAAACACGT-1,0.000305,0.000305,0.318037,0.681352
AACTCGATGGCGCAGT-1,0.00006,0.045888,0.023142,0.93091
AACTCTCAATAGAGCG-1,0.000044,0.042865,0.022712,0.934378
AACTCTCAGTGTGCTC-1,0.000082,0.154118,0.000082,0.845717
AACTGAGGTCAGCGTC-1,0.000079,0.047654,0.016339,0.935928
AACTGAGTTATACTGA-1,0.000024,0.429413,0.206582,0.363981
AACTGATATTAGGCCT-1,0.000067,0.023363,0.008816,0.967753
AACTGGGTCCCGACGT-1,0.000056,0.000056,0.000056,0.999832
AACTGGGTTCGAGCCG-1,0.00005,0.00005,0.00005,0.99985
AACTGGTGTGGGCCTT-1,0.000138,0.000138,0.000138,0.999585
AACTTCTGCGTCTATC-1,0.000131,0.000131,0.062625,0.937113
AACTTGCCCGTATGCA-1,0.000218,0.000218,0.67241,0.327154
AACTTGCGTTCTCGCG-1,0.000174,0.000174,0.16492,0.834732
AACTTTACGGGAGCTT-1,0.000052,0.000052,0.020756,0.979141
AACTTTAGCTGCTGAG-1,0.000143,0.000143,0.024641,0.975072
AACTTTCTCGATCATG-1,0.000044,0.032079,0.000044,0.967833
AAGAAAGTTTGATGGG-1,0.00005,0.00116,0.269436,0.729354
AAGAAATCACCAGATT-1,0.000034,0.008401,0.000034,0.991532
AAGAAGGATCAGTTAG-1,0.000231,0.000231,0.294813,0.704726
AAGACATACGTGGTTT-1,0.00003,0.962934,0.00003,0.037005
AAGACCAAATAACTCA-1,0.00001,0.002184,0.00001,0.997797
AAGACCCAACTGAACA-1,0.00005,0.00005,0.00005,0.99985
AAGACTAACCCGTTGT-1,0.000082,0.05333,0.083595,0.862993
AAGACTCACGCCCACT-1,0.000035,0.011046,0.035147,0.953772
AAGACTGCAAGCTACT-1,0.00005,0.046074,0.048853,0.905022
AAGAGATGAATCGGTA-1,0.00027,0.00027,0.55524,0.444221
AAGAGCTCTTTATCGG-1,0.000025,0.019235,0.000025,0.980716
AAGAGGATGTACGCGA-1,0.000154,0.000154,0.84226,0.157432
AAGAGGCATGGATCGC-1,0.000047,0.000047,0.000047,0.99986
AAGAGGCCCTTTGGAA-1,0.000026,0.297658,0.162624,0.539692
AAGATGGCACCGGACC-1,0.000119,0.008721,0.153169,0.837991
AAGATTGGCGGAACGT-1,0.000027,0.000027,0.000027,0.999918
AAGCACCCTGCGTATC-1,0.000054,0.000054,0.004035,0.995857
AAGCATACTCTCCTGA-1,0.000054,0.000054,0.06916,0.930732
AAGCCACTTGCAGGTA-1,0.000037,0.005201,0.045106,0.949656
AAGCCGAAGCGGTTTA-1,0.000022,0.024256,0.17354,0.802182
AAGCCGCCGTGAAATC-1,0.000027,0.023046,0.085672,0.891256
AAGCCGCTTTACCTTG-1,0.000026,0.000026,0.004215,0.995732
AAGCCGGAGAGCAGGA-1,0.000016,0.322435,0.108622,0.568927
AAGCGCAGGGCTTTGA-1,0.000037,0.011225,0.064545,0.924193
AAGCGGAGTGCGCGCA-1,0.000017,0.000017,0.246259,0.753706
AAGCGGCGTCATGGGT-1,0.000063,0.000063,0.000063,0.999811
AAGCGTCCCTCATCGA-1,0.000164,0.000164,0.50858,0.491091
AAGCTAGATCGAGTAA-1,0.000095,0.000095,0.125572,0.874237
AAGCTATGGATTGACC-1,0.000136,0.347752,0.000136,0.651977
AAGCTCGTGCCAAGTC-1,0.000067,0.000067,0.000067,0.9998
AAGCTCTTTCATGGTG-1,0.000131,0.000131,0.46324,0.536499
AAGGAGAACTTATAAG-1,0.000113,0.000113,0.055806,0.943968
AAGGAGCGGTTGGTGC-1,0.000082,0.000082,0.08669,0.913146
AAGGATCGATCGCTTG-1,0.000043,0.02157,0.000043,0.978343
AAGGATGAGGGACCTC-1,0.000021,0.15043,0.024936,0.824612
AAGGCAGGCTGTCTCC-1,0.000053,0.391082,0.000053,0.608812
AAGGCGCGTAAAGCTT-1,0.000123,0.000123,0.000123,0.999631
AAGGCTGTGCTCATCG-1,0.000075,0.000075,0.028081,0.971769
AAGGGAACGACTGGCT-1,0.000044,0.000044,0.000044,0.999869
AAGGGACAGATTCTGT-1,0.000024,0.000024,0.000024,0.999928
AAGGGACTATGCATTC-1,0.000048,0.000048,0.026943,0.972961
AAGGGTTAGCCATGCG-1,0.000072,0.713595,0.046102,0.240231
AAGGGTTTGATTTCAG-1,0.000028,0.005406,0.109698,0.884868
AAGGTATCCTAATATA-1,0.000041,0.000041,0.000041,0.999877
AAGGTGATAAACCAGC-1,0.000044,0.000044,0.000044,0.999868
AAGTAGAAGACCGGGT-1,0.000122,0.000122,0.000122,0.999633
AAGTAGTGACGCGAGG-1,0.000098,0.026825,0.020663,0.952413
AAGTCAATTGTCGTCA-1,0.000044,0.131755,0.000044,0.868156
AAGTCTAGTAGCTGCC-1,0.000065,0.026611,0.000065,0.973259
AAGTCTTCTGTGGCCT-1,0.000076,0.133926,0.000076,0.865922
AAGTGACGACCGAATT-1,0.000173,0.000173,0.089594,0.91006
AAGTGAGTCGGGTTTA-1,0.000106,0.022663,0.000106,0.977126
AAGTGCAAAGGTAGAC-1,0.000078,0.000078,0.109601,0.890244
AAGTGCCTTGACTGTA-1,0.000023,0.105449,0.000023,0.894504
AAGTGCGTTAGAATCT-1,0.000154,0.000154,0.000154,0.999538
AAGTGCTTCTCTATTG-1,0.000128,0.000128,0.000128,0.999615
AAGTGTTTGGAGACGG-1,0.000036,0.000036,0.12863,0.871298
AAGTTCACTCCAAGCT-1,0.000033,0.011249,0.047319,0.9414
AAGTTCAGTCTGCGTA-1,0.000036,0.000036,0.009805,0.990124
AAGTTCGGCCAACAGG-1,0.000145,0.023476,0.170355,0.806024
AAGTTGTGATGTTATA-1,0.000046,0.154617,0.02462,0.820717
AAGTTTACTAATGGCA-1,0.000092,0.000092,0.089279,0.910537
AAGTTTATGGGCCCAA-1,0.000029,0.01701,0.000029,0.982932
AATAACAACGCTCGGC-1,0.000126,0.070922,0.309102,0.61985
AATAACACTAGAACAA-1,0.000087,0.195647,0.06527,0.738996
AATAACGTCGCGCCCA-1,0.000029,0.84853,0.151177,0.000264
AATAAGTCCTCGAGAC-1,0.0001,0.098806,0.047715,0.853379
AATAATCTTCGTATCG-1,0.000033,0.948084,0.029068,0.022815
AATACAATGTTTCAGG-1,0.000225,0.000225,0.061963,0.937588
AATACCGGAGGGCTGT-1,0.000171,0.000171,0.000171,0.999488
AATACCTGATGTGAAC-1,0.000005,0.058232,0.414775,0.526987
AATAGAACAGAGTGGC-1,0.000128,0.000128,0.023593,0.97615
AATAGAATCTGTTTCA-1,0.00003,0.00003,0.106209,0.893732
AATAGCAAGCCTCCTG-1,0.000062,0.000062,0.000062,0.999813
AATAGCTACCGCGTGC-1,0.00003,0.00003,0.00003,0.99991
AATAGGCACGACCCTT-1,0.000023,0.000023,0.09489,0.905064
AATAGTCCGTCCCGAC-1,0.000071,0.000071,0.000071,0.999786
AATAGTCGCGAGTCGG-1,0.000054,0.000054,0.046865,0.953028
AATATCAAGGTCGGAT-1,0.000202,0.000202,0.000202,0.999395
AATATCCTAGCAAACT-1,0.000035,0.009813,0.000035,0.990117
AATATCGAATCAATGC-1,0.000022,0.029822,0.012033,0.958123
AATATCGAGGGTTCTC-1,0.000043,0.18378,0.000043,0.816134
AATATTGGAGTATTGA-1,0.000187,0.007438,0.071938,0.920437
AATCAGACTGCAGGAC-1,0.000054,0.037243,0.052374,0.910329
AATCAGGTTTCATTTA-1,0.000074,0.004341,0.07012,0.925465
AATCATGTAAAGACTC-1,0.000027,0.018553,0.000027,0.981393
AATCCAAGGGCCTGAG-1,0.000109,0.000109,0.076427,0.923356
AATCCATGCAAGGGTG-1,0.000072,0.041749,0.07051,0.887669
AATCCCGCTCAGAGCC-1,0.000046,0.000046,0.08196,0.917948
AATCGAGGTCTCAAGG-1,0.000016,0.007653,0.172433,0.819898
AATCGCCTCAGCGCCA-1,0.000072,0.000072,0.000072,0.999784
AATCGCGCAGAGGACT-1,0.000094,0.194611,0.194656,0.610638
AATCGGGACACTACGA-1,0.000102,0.000102,0.000102,0.999695
AATCGGTATAGCCCTC-1,0.000019,0.432454,0.461091,0.106436
AATCGTGAGCCGAGCA-1,0.000041,0.000041,0.005649,0.994268
AATCTAGGTTTACTTG-1,0.000071,0.000071,0.009875,0.989982
AATCTATGCCGGAGCC-1,0.000035,0.03072,0.000035,0.969209
AATCTCTACTGTGGTT-1,0.000045,0.000045,0.119776,0.880135
AATCTGCGTTGGGACG-1,0.00004,0.080742,0.00004,0.919179
AATCTGGCTTTCTAGT-1,0.000048,0.000048,0.099375,0.900529
AATCTGGGTAGACCCT-1,0.000084,0.000084,0.000084,0.999748
AATGACAGCAATGTCT-1,0.000079,0.082277,0.078476,0.839168
AATGACGTAGGATGTC-1,0.000019,0.000019,0.000019,0.999944
AATGACTGTCAGCCGG-1,0.000056,0.000056,0.058323,0.941566
AATGAGTTCGCATATG-1,0.000152,0.051263,0.185939,0.762647
AATGATGATACGCTAT-1,0.000014,0.003231,0.040668,0.956088
AATGATGCGACTCCTG-1,0.000063,0.046368,0.000063,0.953507
AATGCAACCGGGTACC-1,0.00007,0.00007,0.00007,0.999791
AATGCACCAAGCAATG-1,0.000043,0.000043,0.000043,0.99987
AATGGCCGCCAATGCG-1,0.000057,0.000057,0.033537,0.96635
AATGGTCCACCGTTCA-1,0.000559,0.000559,0.055451,0.943431
AATGGTTCTCACAAGC-1,0.000296,0.028774,0.000296,0.970635
AATGTATGGCACTGTA-1,0.000021,0.054683,0.000021,0.945275
AATGTGCCCGAGGTGT-1,0.000161,0.047866,0.000161,0.951813
AATGTGCTAATCTGAG-1,0.000092,0.000092,0.000092,0.999724
AATGTTAAGACCCTGA-1,0.000023,0.000023,0.000023,0.999931
AATGTTGTCGTGAGAC-1,0.000031,0.200799,0.074405,0.724765
AATTAAAGGTCGGCGT-1,0.000051,0.06311,0.017358,0.919482
AATTAACGGATTTCCA-1,0.00009,0.00009,0.00009,0.999731
AATTACGAGACCCATC-1,0.000024,0.05306,0.025982,0.920933
AATTACTCGTACGCTC-1,0.000081,0.000081,0.029559,0.970279
AATTAGCGCTGCAGCG-1,0.000054,0.000054,0.000054,0.999839
AATTATACCCAGCAAG-1,0.00001,0.007565,0.018636,0.973788
AATTCATAAGGGATCT-1,0.000032,0.000032,0.000032,0.999904
AATTCATTGTCATGCA-1,0.000037,0.093904,0.000037,0.906022
AATTCCAACTTGGTGA-1,0.000063,0.078462,0.054503,0.866973
AATTCCAAGCATGTAC-1,0.00004,0.029599,0.020912,0.949449
AATTCGATTCGAGGAT-1,0.000064,0.000064,0.068185,0.931686
AATTCTAGAGTTAGGC-1,0.000079,0.017313,0.000079,0.98253
AATTGAACGCTCTGGT-1,0.000054,0.000054,0.000054,0.999839
AATTGCAGCAATCGAC-1,0.000027,0.057393,0.163675,0.778904
AATTGCGTGGATTACA-1,0.000036,0.094728,0.081549,0.823687
AATTGTGGTTGCCAAA-1,0.000032,0.884099,0.000032,0.115837
AATTTGGGACATAGTA-1,0.000063,0.000063,0.000063,0.99981
AATTTGGTTCCAAAGA-1,0.000043,0.000043,0.028409,0.971505
ACAAACCATGCGTCCT-1,0.000037,0.006116,0.014779,0.979068
ACAAACCGACAAGGCG-1,0.000057,0.000057,0.092285,0.907601
ACAAACTCCATCAGAG-1,0.000053,0.000053,0.464116,0.535778
ACAAAGAAGGTAGGCC-1,0.000053,0.043312,0.000053,0.956582
ACAAAGCATGACCTAG-1,0.000019,0.000019,0.088862,0.9111
ACAAATCGCACCGAAT-1,0.000034,0.000034,0.000034,0.999898
ACAAATGGTAGTGTTT-1,0.00005,0.00005,0.00005,0.999849
ACAAATTCAGATCTGA-1,0.000047,0.000047,0.001083,0.998824
ACAACAGCATGAGCTA-1,0.000025,0.000025,0.000025,0.999925
ACAACGGTCCCTGCGA-1,0.000212,0.144,0.068148,0.78764
ACAAGCAGTGCCTAGC-1,0.000177,0.000177,0.294217,0.70543
ACAAGCTATATGGAAG-1,0.000055,0.038429,0.000055,0.96146
ACAAGGAAATCCGCCC-1,0.000052,0.042954,0.000052,0.956942
ACAAGGACAAGAGGTT-1,0.000089,0.000089,0.000089,0.999732
ACAAGGATGCTTTAGG-1,0.000038,0.003856,0.010209,0.985898
ACAAGGCCTACCAGCC-1,0.000091,0.000091,0.000091,0.999726
ACAAGGGCAGGCTCTG-1,0.000054,0.000054,0.000054,0.999838
ACAAGTAATTGTAAGG-1,0.000032,0.000032,0.000032,0.999904
ACAATAGTCGTACGTT-1,0.000156,0.000156,0.000156,0.999533
ACAATCCATTTAAACC-1,0.000101,0.053563,0.093552,0.852784
ACAATCGATCTTTATA-1,0.000098,0.000098,0.000098,0.999705
ACAATGAATACGGAGA-1,0.000166,0.000166,0.000166,0.999501
ACAATGATTCTTCTAC-1,0.000079,0.022423,0.01678,0.960718
ACAATTGTGTCTCTTT-1,0.000029,0.039468,0.069515,0.890987
ACAATTTAGGAGGCTC-1,0.000072,0.009334,0.069034,0.921561
ACAATTTGAGCAGTGG-1,0.000059,0.000059,0.058744,0.941138
ACAATTTGGCCATATT-1,0.000049,0.661167,0.000595,0.338188
ACACAAAGACGGGTGG-1,0.000103,0.000103,0.000103,0.999692
ACACAAATATTCCTAG-1,0.00002,0.045159,0.088422,0.866399
ACACACCAGGACCAGT-1,0.000029,0.011777,0.000029,0.988166
ACACACTTTCTACACG-1,0.000076,0.000076,0.000076,0.999771
ACACATGATCAAATCT-1,0.000047,0.000047,0.000047,0.999859
ACACATTGACGCAACA-1,0.000119,0.000119,0.000119,0.999642
ACACATTTCCGTAGAC-1,0.000055,0.000055,0.000055,0.999836
ACACCACATAATTAGC-1,0.00002,0.012552,0.00002,0.987409
ACACCCAGCATGCAGC-1,0.000083,0.000083,0.000083,0.999752
ACACCCGAGAAATCCG-1,0.000169,0.000169,0.000169,0.999494
ACACCCGTAAATCTGT-1,0.000034,0.00058,0.052644,0.946742
ACACCGAGCGCTCTTT-1,0.000069,0.000069,0.068243,0.931619
ACACCGGTCTGACCGC-1,0.000036,0.000036,0.000036,0.999892
ACACCTTAAGTAGGGC-1,0.000193,0.000193,0.000193,0.99942
ACACCTTACTACTTGC-1,0.000049,0.275431,0.00571,0.718811
ACACGAGACTCCTTCT-1,0.000039,0.111001,0.03483,0.85413
ACACGGCACTATGCAT-1,0.000089,0.000089,0.000089,0.999734
ACACGGGAACTTAGGG-1,0.000106,0.000106,0.000106,0.999681
ACACGTAGGCCACAAG-1,0.000036,0.294476,0.000036,0.705452
ACACTCCAATGTCACT-1,0.00026,0.00026,0.00026,0.999219
ACACTGATCAAGGTGT-1,0.000123,0.000123,0.000123,0.999632
ACACTGGGACAGTCGT-1,0.000038,0.767311,0.000038,0.232614
ACAGAACTGAGAACAA-1,0.000078,0.030496,0.000078,0.969347
ACAGATTAGGTTAGTG-1,0.00011,0.00011,0.012948,0.986833
ACAGCATAGAGCCAGT-1,0.000126,0.000126,0.031326,0.968421
ACAGCGACATTCTCAT-1,0.000035,0.057134,0.000035,0.942796
ACAGCGCACCCGCAGC-1,0.000033,0.000033,0.000033,0.9999
ACAGGAGGCGCAGCCG-1,0.000156,0.065391,0.000156,0.934296
ACAGGCACGGATCCTT-1,0.000029,0.100301,0.050933,0.848737
ACAGGCTTGCCCGACT-1,0.000028,0.000028,0.000028,0.999916
ACAGGTGGAGGTGAGG-1,0.000165,0.000165,0.000165,0.999504
ACAGGTGTGTTGTTGC-1,0.00004,0.066564,0.00004,0.933356
ACAGTAATACAACTTG-1,0.000028,0.000028,0.000028,0.999916
ACAGTATACCGTGGGA-1,0.000044,0.000044,0.000044,0.999869
ACAGTGCAGCGCATTT-1,0.000078,0.001049,0.000078,0.998794
ACATAAGTCGTGGTGA-1,0.000037,0.000037,0.000037,0.99989
ACATAATAAGGCGGTG-1,0.000098,0.000098,0.000098,0.999707
ACATACAATCAAGCGG-1,0.000009,0.000009,0.001627,0.998356
ACATCAGCTGGGACGC-1,0.000048,0.000048,0.101129,0.898775
ACATCCCGGCCATACG-1,0.000113,0.000113,0.000113,0.99966
ACATCCTGGTAACTGT-1,0.000024,0.146954,0.061725,0.791297
ACATCGATCGTTTACC-1,0.000057,0.000057,0.031672,0.968213
ACATCGCAATATTCGG-1,0.000029,0.000029,0.000029,0.999913
ACATCGGTCAGCCGCG-1,0.000124,0.000124,0.052253,0.947499
ACATCGTATGCAATGG-1,0.000065,0.000065,0.005996,0.993873
ACATCGTTAACCTAGT-1,0.000091,0.000091,0.046661,0.953157
ACATCTCAACGCGTAA-1,0.000036,0.025508,0.020917,0.953539
ACATGCTTACGGCAGC-1,0.000033,0.000033,0.05769,0.942244
ACATGGCGCCAAAGTA-1,0.000024,0.011777,0.000736,0.987464
ACATGGCTCAATTTAG-1,0.000191,0.021655,0.153803,0.824352
ACATTAGTTTATATCC-1,0.0001,0.0001,0.048173,0.951627
ACATTCGCGCGGAATA-1,0.00005,0.00005,0.00005,0.999849
ACATTTGAAACCTAAC-1,0.000008,0.029166,0.267367,0.703459
ACCAAACACCCAGCGA-1,0.000024,0.045564,0.08703,0.867383
ACCAAACTAGAAATCC-1,0.000067,0.000067,0.07764,0.922227
ACCAACACCACACACT-1,0.000054,0.012399,0.000054,0.987492
ACCAACCGCACTCCAC-1,0.000026,0.108263,0.052279,0.839432
ACCAACGCTTATTTAT-1,0.00006,0.00006,0.061479,0.938401
ACCAAGAACGCGTGTC-1,0.000073,0.000073,0.000073,0.999781
ACCAAGTCATCGGCAG-1,0.000041,0.489656,0.000041,0.510263
ACCAATATGCAAGTTA-1,0.000051,0.000051,0.000051,0.999848
ACCACAACTCAGAACA-1,0.000074,0.000074,0.000074,0.999777
ACCACAAGTTTCTATC-1,0.00011,0.00011,0.00011,0.999671
ACCACACGGTTGATGG-1,0.000053,0.000053,0.000053,0.99984
ACCACCAATGTAACAA-1,0.000014,0.013766,0.010396,0.975823
ACCACCCTCTCTTCTA-1,0.00005,0.041791,0.014372,0.943786
ACCACGTGCAGCTATA-1,0.000024,0.000024,0.014414,0.985539
ACCACTGTTCAAGAAG-1,0.000123,0.000123,0.000123,0.999631
ACCAGACCATAACAAC-1,0.000054,0.001281,0.041119,0.957547
ACCAGCCCGGTCTTTG-1,0.000034,0.000034,0.079809,0.920123
ACCAGGAGTGTGATCT-1,0.000135,0.000135,0.000135,0.999596
ACCAGTGCCCGGTCAA-1,0.000059,0.000059,0.000059,0.999822
ACCAGTGCGGGAGACG-1,0.00004,0.001867,0.00004,0.998054
ACCATATCCGCAATAA-1,0.000077,0.001646,0.018771,0.979506
ACCATCCGCCAACTAG-1,0.000031,0.000031,0.11063,0.889307
ACCATCGTATATGGTA-1,0.000099,0.12658,0.000099,0.873222
ACCATTAAGGGTGTCA-1,0.000145,0.000145,0.054794,0.944916
ACCCAACGCCCGTGGC-1,0.000023,0.000023,0.021802,0.978152
ACCCACCTACATGCTC-1,0.000103,0.000103,0.13498,0.864813
ACCCATCTTGAGGGTA-1,0.000163,0.000163,0.000163,0.99951
ACCCATTTGTCCCTCT-1,0.000014,0.000014,0.000014,0.999958
ACCCGAGCGAAATTAC-1,0.000065,0.165771,0.102741,0.731423
ACCCGATTGGTTCCGA-1,0.00008,0.179407,0.043334,0.77718
ACCCGGAAACTCCCAG-1,0.000062,0.000062,0.054841,0.945035
ACCCGGAGCACCACAA-1,0.000049,0.767057,0.000049,0.232845
ACCCGGATGACGCATC-1,0.00002,0.023366,0.017532,0.959081
ACCCGGTTACACTTCC-1,0.000077,0.000077,0.000077,0.999769
ACCCGTAGCAGAGAAT-1,0.000187,0.000187,0.000187,0.999439
ACCCGTAGTCTAGTTG-1,0.000037,0.833417,0.000037,0.16651
ACCCGTGTCATCAGTA-1,0.000072,0.000072,0.094783,0.905073
ACCCTATAGGACTGAG-1,0.000199,0.000199,0.360421,0.63918
ACCCTATGCCATATCG-1,0.000221,0.000221,0.128492,0.871066
ACCCTCCCGTCAGGGC-1,0.000014,0.062907,0.026065,0.911014
ACCCTCCCTTGCTATT-1,0.000044,0.162456,0.000044,0.837455
ACCCTGGTAACGCCCT-1,0.000027,0.062709,0.037972,0.899292
ACCCTTCATCTGCGAA-1,0.000083,0.054404,0.000083,0.94543
ACCCTTGCCTGGGTCG-1,0.000053,0.053127,0.011928,0.934892
ACCCTTTAGTTCTCCA-1,0.000069,0.033055,0.018095,0.948781
ACCGAAAGGGCCCTGC-1,0.000078,0.000078,0.014971,0.984873
ACCGAAGAGTCTGGTT-1,0.000048,0.010053,0.000048,0.989851
ACCGACACATCTCCCA-1,0.000092,0.000092,0.000092,0.999723
ACCGACTGAGTCCCAC-1,0.00011,0.00011,0.044079,0.955701
ACCGAGTCTCCTTATT-1,0.00004,0.000452,0.00004,0.999467
ACCGATAGGCATAACC-1,0.000033,0.999634,0.000033,0.0003
ACCGATATTTAATCAT-1,0.00007,0.660937,0.00007,0.338922
ACCGATGGTAGCATCG-1,0.000051,0.024894,0.000051,0.975004
ACCGCAATAACTGCCT-1,0.000028,0.094496,0.065357,0.840118
ACCGCGGTGGAAGTCG-1,0.000039,0.059799,0.000039,0.940124
ACCGCTAGTCATTGGT-1,0.000105,0.000105,0.02795,0.97184
ACCGGGCCTTTGTTGA-1,0.000022,0.013803,0.011805,0.97437
ACCGGTCAGGTACACC-1,0.000038,0.000038,0.009389,0.990534
ACCGGTCTGAGTACGG-1,0.00007,0.00007,0.060958,0.938903
ACCGTCCACTGGGCCC-1,0.000019,0.11125,0.079011,0.809719
ACCGTGACCACGTGGG-1,0.000142,0.000142,0.569806,0.42991
ACCGTTCCCGCTCTGA-1,0.000076,0.000076,0.0338,0.966047
ACCTAAGTACCTTTCA-1,0.000146,0.073787,0.113167,0.8129
ACCTAATCGACTTCCT-1,0.000099,0.013828,0.102621,0.883452
ACCTACAGTATGTGGT-1,0.000119,0.19492,0.000119,0.804843
ACCTACTATAAATCTA-1,0.000056,0.000056,0.074548,0.925339
ACCTCAGCGAGGCGCA-1,0.000015,0.001175,0.012376,0.986434
ACCTCCGCCCTCGCTG-1,0.000057,0.048842,0.000057,0.951044
ACCTCCGTTATTCACC-1,0.00003,0.02919,0.00003,0.97075
ACCTCGAACTTATGCT-1,0.000014,0.051424,0.032959,0.915603
ACCTGCGTGTCATGTT-1,0.000127,0.000127,0.000127,0.999618
ACCTTTCCTTTAGAAG-1,0.000082,0.000082,0.110794,0.889043
ACGAAATGGGCGGCAC-1,0.000092,0.000092,0.184825,0.814991
ACGACCCATGAGTTGC-1,0.000023,0.357219,0.124055,0.518703
ACGACTCTAGGGCCGA-1,0.00001,0.011144,0.247883,0.740963
ACGACTGGTCATACTC-1,0.000054,0.000054,0.000054,0.999838
ACGAGAACCCATCACG-1,0.000231,0.000231,0.053714,0.945824
ACGAGATATTTGCTTA-1,0.000108,0.000108,0.000108,0.999676
ACGAGGATACCACTCT-1,0.000049,0.04366,0.069712,0.886579
ACGAGGTTTACAACGT-1,0.000035,0.057856,0.030209,0.911899
ACGAGTACGGATGCCC-1,0.000058,0.037784,0.000058,0.9621
ACGAGTCGCCGGCGTT-1,0.000124,0.000124,0.206098,0.793653
ACGATACATAGAACTA-1,0.000036,0.000036,0.000036,0.999893
ACGATACCTATCCTGA-1,0.000106,0.050556,0.000106,0.949232
ACGATCATACATAGAG-1,0.000049,0.000049,0.000049,0.999852
ACGATCATCTTGTAAA-1,0.000016,0.041681,0.010391,0.947912
ACGATGCATATGTTAT-1,0.00023,0.00023,0.00023,0.999309
ACGATGGATCCGATGC-1,0.000094,0.000094,0.000094,0.999719
ACGCAAACTAATAGAT-1,0.000108,0.044503,0.000108,0.955281
ACGCAATCACTACAGC-1,0.000033,0.017873,0.000332,0.981763
ACGCATAAATGACATG-1,0.0001,0.0001,0.023589,0.976211
ACGCATACGTTTACTA-1,0.00002,0.00002,0.199403,0.800557
ACGCATTCGTGAGTAC-1,0.000066,0.000066,0.013742,0.986126
ACGCCACTCGAAACAG-1,0.000009,0.000009,0.186536,0.813446
ACGCCAGATGATTTCT-1,0.000095,0.000095,0.000095,0.999716
ACGCCAGTGCGTTTGC-1,0.000023,0.083968,0.000023,0.915985
ACGCCCAGCTGTCGAT-1,0.000049,0.000049,0.033566,0.966337
ACGCCGCTAGACGACC-1,0.000024,0.000024,0.000024,0.999928
ACGCCTGACACGCGCT-1,0.00019,0.00019,0.111678,0.887942
ACGCGAAGTCAGACGA-1,0.000072,0.000072,0.000072,0.999784
ACGCGCTACACAGGGT-1,0.000142,0.002489,0.16483,0.832538
ACGCGGGCCAAGGACA-1,0.000046,0.000046,0.031784,0.968124
ACGCGTTTCTTAAGAG-1,0.00009,0.00009,0.076754,0.923066
ACGCTACTGAATGGGC-1,0.000023,0.398585,0.344748,0.256644
ACGCTAGTATCAGTGC-1,0.000049,0.017052,0.065946,0.916953
ACGCTAGTGATACACT-1,0.000027,0.001555,0.010464,0.987954
ACGCTGTGAGGCGTAG-1,0.000047,0.073232,0.044081,0.88264
ACGCTTAGTGTCTCTC-1,0.000042,0.000042,0.000042,0.999873
ACGGAACACGAGTGCC-1,0.000013,0.116199,0.086989,0.796799
ACGGAATTTAGCAAAT-1,0.000195,0.000195,0.14179,0.85782
ACGGACGCAGCGACAA-1,0.00002,0.00002,0.00002,0.999939
ACGGACTCTCAAAGCG-1,0.000052,0.000052,0.042984,0.956913
ACGGAGCGCAAATTAC-1,0.000026,0.000026,0.000026,0.999922
ACGGATGGTGCGGATA-1,0.000056,0.011528,0.000056,0.988361
ACGGCACTTGCTTGGG-1,0.000051,0.000051,0.000051,0.999848
ACGGCCAACATGGACT-1,0.00008,0.00008,0.00008,0.999761
ACGGCGACGATGGGAA-1,0.000077,0.000077,0.000077,0.999768
ACGGCGGGTTGCCCTG-1,0.000167,0.000167,0.000167,0.999499
ACGGCTGGATGTAGAA-1,0.00017,0.00017,0.461563,0.538096
ACGGGAGTGTCGGCCC-1,0.000207,0.000207,0.000207,0.99938
ACGGGCGTATGCGACA-1,0.000052,0.20643,0.000052,0.793466
ACGGGTCATGTGACTT-1,0.000115,0.117792,0.06703,0.815063
ACGGGTTGTGACCTGT-1,0.000035,0.076861,0.307173,0.615931
ACGGTACAGTTCAATG-1,0.000031,0.023486,0.03434,0.942142
ACGGTCACCGAGAACA-1,0.000025,0.000025,0.605408,0.394543
ACGTACAGATTTCTCT-1,0.000102,0.000102,0.000102,0.999693
ACGTACTTTGGCACGG-1,0.000033,0.013205,0.062698,0.924065
ACGTAGATTGCTGATG-1,0.000082,0.019855,0.000082,0.979981
ACGTAGGAGAGTCGCT-1,0.000062,0.000062,0.000062,0.999814
ACGTATTACTCCGATC-1,0.000048,0.031544,0.009775,0.958634
ACGTCCTAAACGAGAT-1,0.000083,0.003902,0.000083,0.995931
ACGTCGGGCAACTCGG-1,0.000023,0.164612,0.101876,0.733489
ACGTCTCGTTCCGGGA-1,0.000046,0.000046,0.022505,0.977404
ACGTGACAAAGTAAGT-1,0.000034,0.009615,0.014188,0.976163
ACGTGCGCCTCGTGCA-1,0.000084,0.000084,0.000084,0.999749
ACGTGGTCGAATGTGC-1,0.000049,0.000049,0.096356,0.903545
ACGTTAATGTCGAAGA-1,0.000067,0.000067,0.000067,0.999798
ACGTTAGATTTGCCCG-1,0.000174,0.000174,0.000174,0.999478
ACGTTATTGGTCACTC-1,0.000092,0.107781,0.000092,0.892036
ACGTTCACTATGCCGC-1,0.000101,0.000101,0.000101,0.999696
ACGTTCCGCGCTCCGT-1,0.000062,0.000062,0.061109,0.938767
ACGTTCGCAATCAATT-1,0.000028,0.054015,0.000028,0.945929
ACGTTCGTTCAGGAAA-1,0.000151,0.041291,0.030965,0.927593
ACGTTCTGTACAAGTC-1,0.000027,0.103462,0.046333,0.850178
ACGTTGTCGTTGAAAG-1,0.000109,0.000109,0.967984,0.031798
ACGTTTAGTTGTGATC-1,0.000134,0.022598,0.000134,0.977135
ACGTTTCGGTGCACTT-1,0.000071,0.999217,0.000071,0.000641
ACTAAGGACGCACACC-1,0.000042,0.157964,0.000042,0.841952
ACTAATACGTCAGGCG-1,0.000078,0.000078,0.000078,0.999765
ACTACAAAGAGAGGTG-1,0.000098,0.121713,0.068064,0.810125
ACTACATCCCGACAAG-1,0.000022,0.045633,0.000022,0.954322
ACTACCAGCTCTCTGG-1,0.000244,0.000244,0.000244,0.999269
ACTACCATCCGAGGGC-1,0.000011,0.060706,0.293952,0.645331
ACTACGCGTTAGAATT-1,0.000078,0.000078,0.000078,0.999766
ACTAGTTGCGATCGTC-1,0.000058,0.078724,0.000058,0.921159
ACTATATGCTGTGTTC-1,0.000039,0.000039,0.076,0.923923
ACTATCCAGGGCATGG-1,0.000024,0.016496,0.000024,0.983456
ACTATCGCCGGCTAAA-1,0.000037,0.000037,0.038646,0.96128
ACTATCTGCCCGCGTA-1,0.000056,0.452437,0.000056,0.547452
ACTATGTCCAGCTGCC-1,0.00003,0.029631,0.193158,0.777181
ACTATTCGTCCGTGGT-1,0.000047,0.000047,0.000047,0.99986
ACTATTTCCGGGCCCA-1,0.000165,0.000165,0.290438,0.709232
ACTCAACGAATGTATT-1,0.000268,0.000268,0.074908,0.924556
ACTCAAGTGCAAGGCT-1,0.000058,0.020707,0.000058,0.979176
ACTCAATAAAGGCACG-1,0.000081,0.000081,0.024888,0.97495
ACTCAGACCTGCTTCT-1,0.000313,0.000313,0.000313,0.99906
ACTCATGGCAGCCTTC-1,0.00002,0.00002,0.131172,0.868787
ACTCCAATATCATCAT-1,0.000079,0.014542,0.000079,0.985301
ACTCCCATTCCTAAAG-1,0.000044,0.1562,0.23327,0.610486
ACTCCCGAATTCGTTT-1,0.00006,0.00006,0.00006,0.999819
ACTCCCGTAGACTAGG-1,0.000069,0.03,0.000069,0.969861
ACTCCCTAATGCTAAA-1,0.000059,0.000059,0.000059,0.999824
ACTCCCTAGAATAGTA-1,0.000029,0.000029,0.000029,0.999912
ACTCCGGCCGACCACT-1,0.000018,0.010159,0.049583,0.940239
ACTCGATGTATTTCAT-1,0.000197,0.000197,0.000197,0.999409
ACTCGCCGTTCGATAA-1,0.000038,0.852687,0.000038,0.147237
ACTCGCGATCTGACGC-1,0.000043,0.692099,0.035395,0.272463
ACTCGTAACCCGTCCT-1,0.000129,0.000129,0.000129,0.999612
ACTCGTCAGTAATCCC-1,0.00008,0.00008,0.00008,0.999761
ACTCTAAACCTGGGAT-1,0.000037,0.000037,0.000037,0.999889
ACTCTCTGACTTAGGT-1,0.000119,0.066234,0.000119,0.933529
ACTCTCTTATACACGA-1,0.000115,0.000115,0.000115,0.999654
ACTCTGACCTAATAGA-1,0.000021,0.022018,0.150295,0.827666
ACTCTTCAGCTCCCGC-1,0.000049,0.370168,0.099029,0.530754
ACTCTTGTATAGTAAC-1,0.000084,0.000084,0.000084,0.999749
ACTGAAACGCCGTTAG-1,0.000045,0.031143,0.000045,0.968766
ACTGAATGGCGAAAGT-1,0.000027,0.018659,0.029578,0.951737
ACTGATTTAGTGATTC-1,0.000097,0.000097,0.000097,0.99971
ACTGCCCGCCATTCTC-1,0.000034,0.000034,0.105013,0.894919
ACTGCCGTCGTAACTC-1,0.000078,0.000078,0.000078,0.999766
ACTGCGGACACACCGT-1,0.000048,0.377076,0.014443,0.608432
ACTGCTCGGAAGGATG-1,0.000061,0.000061,0.000061,0.999816
ACTGGCGAACCTGCGT-1,0.000057,0.000057,0.000057,0.99983
ACTGGGATGCCAGTGC-1,0.000056,0.000056,0.435856,0.564033
ACTGTACGATACACAT-1,0.000055,0.009601,0.000055,0.99029
ACTGTAGCACTTTGGA-1,0.000138,0.000138,0.000138,0.999587
ACTGTATACGCGAGCA-1,0.000277,0.000277,0.000277,0.999169
ACTGTCCAGGATTATA-1,0.000147,0.000147,0.000148,0.999558
ACTGTCTTCTTTAGAA-1,0.000104,0.000104,0.000104,0.999689
ACTGTGCTAGTAGATC-1,0.000479,0.000479,0.266527,0.732515
ACTGTTTAGTGTAGGC-1,0.000189,0.000189,0.000189,0.999434
ACTTACCGGGCGCGCA-1,0.000029,0.000029,0.003235,0.996706
ACTTACGCATCCACGC-1,0.000082,0.000082,0.000082,0.999753
ACTTAGTACGACAAGA-1,0.000205,0.000205,0.197369,0.802221
ACTTATACTTACCCGG-1,0.000039,0.000039,0.012864,0.987058
ACTTATTAGGATCGGT-1,0.000127,0.000127,0.000127,0.999618
ACTTATTTATGTGCCA-1,0.000055,0.016479,0.000055,0.983411
ACTTCAGGCTGATCCC-1,0.000049,0.01109,0.012724,0.976137
ACTTCCAGTGGAAGCT-1,0.00003,0.080378,0.019673,0.899919
ACTTCCATGCGGGACA-1,0.000043,0.007116,0.000043,0.992798
ACTTCCTGTCGTGCGA-1,0.000051,0.000051,0.045728,0.95417
ACTTCGCCATACGCAC-1,0.000085,0.000085,0.000085,0.999746
ACTTCGCTAGCGAGTG-1,0.000027,0.221622,0.054013,0.724338
ACTTGACTCCCTCTTT-1,0.000054,0.000054,0.000054,0.999838
ACTTGCCATATTGTAC-1,0.000182,0.025687,0.000182,0.973948
ACTTGCTCTATCTACC-1,0.00004,0.021196,0.00004,0.978724
ACTTGGGACCCGGTGG-1,0.000074,0.000074,0.000074,0.999777
ACTTGGGCTTTCGCCA-1,0.000025,0.002774,0.000025,0.997176
ACTTGTAGTCCCTTCA-1,0.000051,0.000051,0.04934,0.950559
ACTTGTGGATGGAACG-1,0.000029,0.143893,0.000029,0.856049
ACTTGTTACCGGATCA-1,0.000035,0.000035,0.322495,0.677436
ACTTTACCCTCATGAA-1,0.000033,0.000033,0.000033,0.9999
ACTTTATACACCACTT-1,0.000028,0.013575,0.703345,0.283053
ACTTTCCTATAGCTTC-1,0.00008,0.00008,0.164678,0.835163
ACTTTGACTGCATCCT-1,0.000088,0.000088,0.055499,0.944325
ACTTTGGTCGTGCTCC-1,0.000071,0.130899,0.047403,0.821627
ACTTTGTCGACGCACT-1,0.000061,0.84856,0.046923,0.104456
AGAAATTATGACTCGC-1,0.000049,0.47968,0.000049,0.520222
AGAACACGGCGATGGT-1,0.000026,0.000026,0.121483,0.878466
AGAACCCAGCGTGACA-1,0.000031,0.705643,0.045166,0.24916
AGAACCCTCAATTGGG-1,0.000015,0.000015,0.010279,0.98969
AGAACGTGGTACATTC-1,0.000046,0.017228,0.000046,0.98268
AGAACTGTACTTTGTA-1,0.000029,0.002872,0.000029,0.997069
AGAAGAGCGCCGTTCC-1,0.00049,0.00049,0.00049,0.998529
AGAAGGTACACTTCAC-1,0.000056,0.000056,0.045945,0.953943
AGAAGGTTGCCGAATT-1,0.000141,0.000141,0.124531,0.875187
AGAAGGTTGTAGGTCG-1,0.000054,0.000054,0.000054,0.999838
AGAAGTGATTCGTGAT-1,0.000211,0.000211,0.000211,0.999367
AGAATAAATCTTCAGG-1,0.000055,0.000055,0.164954,0.834936
AGAATACAGGCTATCC-1,0.000011,0.000011,0.000011,0.999967
AGAATGCGGGTTCGGA-1,0.000066,0.000066,0.000066,0.999803
AGAATTATGGATTCGA-1,0.000033,0.00764,0.032001,0.960325
AGAATTGTTTGACATA-1,0.000174,0.065576,0.217479,0.716772
AGACAGCTCAGAATCC-1,0.000158,0.000158,0.000158,0.999526
AGACAGGCATCTCAGC-1,0.000019,0.257571,0.257391,0.485018
AGACATAGATCCTTCC-1,0.000215,0.094807,0.000215,0.904762
AGACCAAACCACACCT-1,0.000065,0.000065,0.012366,0.987505
AGACCATGGGATACAA-1,0.000346,0.000346,0.497649,0.501659
AGACCCACCGCTGATC-1,0.000051,0.000051,0.000051,0.999848
AGACCCGCCCTCCTCG-1,0.000048,0.000048,0.058529,0.941374
AGACCGCTCCGCGGTT-1,0.000065,0.304666,0.000065,0.695205
AGACCGGGAAACCCTG-1,0.000087,0.019238,0.000087,0.980588
AGACGAAGTGCCGGTC-1,0.000024,0.160673,0.011528,0.827774
AGACGACGATGCCGCT-1,0.000074,0.025908,0.079672,0.894346
AGACGCCCACTTCGCC-1,0.00007,0.73636,0.00007,0.2635
AGACGGGATTGGTATA-1,0.000067,0.000067,0.038747,0.961118
AGACGGGCCGATTTAA-1,0.000044,0.000044,0.000044,0.999868
AGACTAGCCTTCCAGA-1,0.000065,0.000065,0.088749,0.911122
AGACTGTTACCGGGTC-1,0.000136,0.074121,0.023777,0.901966
AGAGAAACACCAGAAA-1,0.00007,0.002751,0.00007,0.997109
AGAGAACCGTCTAGGA-1,0.000031,0.000031,0.000031,0.999906
AGAGAAGGAGTACAAT-1,0.000109,0.000109,0.000109,0.999674
AGAGATCTCTAAAGCG-1,0.000147,0.107312,0.000147,0.892393
AGAGCAGTTATGAGAC-1,0.000201,0.000201,0.000201,0.999396
AGAGCCGCCGAGATTT-1,0.000025,0.133948,0.000025,0.866001
AGAGCGCTTGTAACGG-1,0.00003,0.00003,0.00003,0.999911
AGAGCGGGCTAATCAT-1,0.000076,0.021947,0.000076,0.977902
AGAGCGTACAAGCTCG-1,0.000332,0.000332,0.517968,0.481368
AGAGCTACGAAAGCAT-1,0.000243,0.000243,0.43122,0.568294
AGAGGCTTCGGAAACC-1,0.000028,0.03956,0.000028,0.960385
AGAGGGACAATTGTCC-1,0.000044,0.000044,0.04701,0.952902
AGAGGTATCTCGGTCC-1,0.000202,0.000202,0.000202,0.999395
AGAGTAAACTTCACTA-1,0.000024,0.018473,0.028677,0.952826
AGAGTATAGTGTTACG-1,0.000073,0.000073,0.000073,0.999782
AGAGTCTTAATGAAAG-1,0.000056,0.757226,0.013826,0.228891
AGAGTGAACAGACACC-1,0.00004,0.00004,0.025102,0.974818
AGAGTTAGAGACCGAT-1,0.000092,0.000092,0.013485,0.98633
AGAGTTGCAGGCCTCC-1,0.000033,0.000033,0.000033,0.999902
AGATAACTTCAGGGCC-1,0.000074,0.035346,0.040826,0.923754
AGATAATCACACCTAT-1,0.000018,0.032213,0.021989,0.94578
AGATACCAATAGAACC-1,0.000037,0.511976,0.000037,0.487949
AGATACCAGCACTTCA-1,0.000042,0.000042,0.000042,0.999873
AGATACCGGTGTTCAC-1,0.000174,0.000174,0.000174,0.999477
AGATACGACTTCATAT-1,0.000196,0.000196,0.136716,0.862893
AGATACTCAAGATCGA-1,0.000067,0.094125,0.000067,0.905741
AGATATAATACGACTA-1,0.000129,0.000129,0.182176,0.817566
AGATCGTGCATAAGAT-1,0.000018,0.042793,0.000018,0.957171
AGATCTCAGGTGTGAT-1,0.000072,0.000072,0.000072,0.999783
AGATCTGGAGAGGATA-1,0.000062,0.000062,0.183407,0.816469
AGATGACTCGCCCACG-1,0.000145,0.000145,0.000145,0.999566
AGATGAGGGTTGCGAT-1,0.000047,0.000047,0.000047,0.99986
AGATGATGGAGTCTGG-1,0.000047,0.029408,0.000047,0.970497
AGATGCAAGACGTGCA-1,0.000065,0.000065,0.009496,0.990375
AGATGCATCCTGTGTC-1,0.000031,0.000031,0.000525,0.999414
AGATGCTATAACGAGC-1,0.000092,0.000092,0.000092,0.999725
AGATTATAGGACGTTT-1,0.000163,0.000163,0.000163,0.99951
AGATTCAAGCGGGTCG-1,0.000107,0.000107,0.015269,0.984517
AGATTCACAACCGATA-1,0.000089,0.022602,0.330871,0.646438
AGCAAAGGCCGCTAGT-1,0.000057,0.000057,0.000057,0.99983
AGCAACATATCTTATT-1,0.000026,0.000026,0.092764,0.907184
AGCAACCGAAAGTAAT-1,0.000034,0.041714,0.091684,0.866568
AGCACACGTTTAGACT-1,0.000045,0.008837,0.000045,0.991074
AGCACCAGTACTCACG-1,0.000091,0.022283,0.013303,0.964323
AGCACTACCGGCCTGT-1,0.000177,0.000177,0.000177,0.999468
AGCACTACCTCACCAG-1,0.000061,0.010281,0.000061,0.989596
AGCACTTAAGGACGCC-1,0.000173,0.000173,0.000173,0.99948
AGCAGAAGGAGAAAGA-1,0.000027,0.000027,0.046415,0.953532
AGCAGCCAGATGAATA-1,0.000063,0.000063,0.033866,0.966008
AGCAGTCGAAGCATGC-1,0.000024,0.164996,0.041365,0.793615
AGCATATCAATATGCT-1,0.000047,0.042707,0.000047,0.957199
AGCATCATTTCGAAAG-1,0.000038,0.000038,0.137637,0.862288
AGCATCGTCGATAATT-1,0.000132,0.056653,0.000132,0.943083
AGCATTACGAGGCAAG-1,0.000036,0.058848,0.000036,0.941079
AGCCAAGCTTTGTGTC-1,0.000062,0.000062,0.000062,0.999815
AGCCACAGGTTACCCG-1,0.000037,0.024128,0.103063,0.872772
AGCCACTCCCGTGCTT-1,0.000041,0.000041,0.01292,0.986997
AGCCATATAGTATGTG-1,0.000071,0.000071,0.106624,0.893235
AGCCCATACATGTAAG-1,0.000227,0.000227,0.048718,0.950828
AGCCCGCAACAAGCAG-1,0.000055,0.021411,0.04385,0.934684
AGCCCGCACTACAATG-1,0.000025,0.75086,0.248886,0.000228
AGCCCGGCATTAGAGG-1,0.000029,0.000029,0.010688,0.989254
AGCCCGGTAGCCTGTA-1,0.000088,0.338737,0.000088,0.661087
AGCCCTAAGCGAAGTT-1,0.000073,0.000073,0.01707,0.982783
AGCCCTCCCTGGTGGC-1,0.000051,0.003287,0.000051,0.996612
AGCCCTGTCGCACCGT-1,0.000051,0.346177,0.000051,0.653721
AGCCCTTCTAATCCGA-1,0.000029,0.000029,0.000029,0.999914
AGCCCTTGGACATCCC-1,0.000051,0.8979,0.000051,0.101998
AGCCGCAAATTCAAAT-1,0.000071,0.000071,0.019218,0.98064
AGCCGCTTGATTAGCG-1,0.000075,0.000075,0.025983,0.973867
AGCCGTGGCTAAATGT-1,0.000078,0.03205,0.000078,0.967794
AGCCTAATACCCACGT-1,0.000052,0.043278,0.000052,0.956619
AGCCTTAAAGCGGAAG-1,0.000118,0.248437,0.000118,0.751326
AGCCTTGTCACTGATA-1,0.000062,0.026547,0.000062,0.973329
AGCGACAGGAACGGTC-1,0.000111,0.001418,0.085823,0.912648
AGCGACATCCCATTCA-1,0.000115,0.000115,0.000115,0.999655
AGCGACCAACGATATT-1,0.00004,0.00004,0.01824,0.981681
AGCGACTTTGAAGACA-1,0.000107,0.000107,0.354591,0.645195
AGCGAGACGTGAAGGC-1,0.000036,0.125275,0.000036,0.874654
AGCGATGCGCCTAATA-1,0.000047,0.249855,0.031447,0.718651
AGCGCATAATGAATCG-1,0.000051,0.000051,0.059371,0.940527
AGCGCGGGTGCCAATG-1,0.000028,0.000028,0.000028,0.999915
AGCGCTAGAGCGATGT-1,0.000046,0.498193,0.000046,0.501716
AGCGCTTATGGGCAAG-1,0.000076,0.000076,0.000076,0.999771
AGCGGACACTTCGTAG-1,0.000094,0.000094,0.000094,0.999719
AGCGGCGGTTAGCGGT-1,0.000069,0.000069,0.000069,0.999792
