Barcode,Topic 1,Topic 2,Topic 3to8,Topic 9to11
AAACAACGAATAGTTC-1,0.000074,0.000074,0.039157,0.960694
AAACAAGTATCTCCCA-1,0.000063,0.000063,0.531569,0.468306
AAACAATCTACTAGCA-1,0.00014,0.040071,0.257155,0.702634
AAACACCAATAACTGC-1,0.000078,0.188379,0.000471,0.811072
AAACAGAGCGACTCCT-1,0.000079,0.000079,0.673129,0.326713
AAACAGCTTTCAGAAG-1,0.000064,0.018004,0.040514,0.941418
AAACAGGGTCTATATT-1,0.000039,0.141717,0.53402,0.324224
AAACAGTGTTCCTGGG-1,0.001224,0.068012,0.930731,0.000032
AAACATGGTGAGAGGA-1,0.000021,0.793444,0.000123,0.206412
AAACATTTCCCGGATT-1,0.000061,0.068322,0.614133,0.317485
AAACCACTACACAGAT-1,0.000017,0.023828,0.940758,0.035397
AAACCCGAACGAAATC-1,0.000042,0.000042,0.714083,0.285833
AAACCGGAAATGTTAA-1,0.000075,0.114133,0.396377,0.489415
AAACCGGGTAGGTACC-1,0.00003,0.00003,0.80854,0.1914
AAACCGTTCGTCCAGG-1,0.00004,0.00004,0.483886,0.516033
AAACCTAAGCAGCCGG-1,0.000089,0.000089,0.000536,0.999286
AAACCTCATGAAGTTG-1,0.000083,0.10726,0.455857,0.436801
AAACGAAGAACATACC-1,0.005123,0.00023,0.693007,0.301639
AAACGAAGATGGAGTA-1,0.000024,0.550002,0.368369,0.081605
AAACGAGACGGTTGAT-1,0.002428,0.000063,0.364285,0.633224
AAACGCCCGAGATCGG-1,0.000015,0.000015,0.955765,0.044205
AAACGCTGGGCACGAC-1,0.000015,0.000015,0.794705,0.205265
AAACGGGCGTACGGGT-1,0.000046,0.045046,0.689795,0.265113
AAACGGGTTGGTATCC-1,0.000117,0.000117,0.026179,0.973586
AAACGGTTGCGAACTG-1,0.000068,0.014032,0.60802,0.377879
AAACGTGTTCGCCCTA-1,0.000059,0.000059,0.737585,0.262298
AAACTAACGTGGCGAC-1,0.000072,0.000072,0.530622,0.469234
AAACTCGGTTCGCAAT-1,0.000052,0.000052,0.948197,0.051699
AAACTCGTGATATAAG-1,0.000045,0.000045,0.864035,0.135874
AAACTGCTGGCTCCAA-1,0.000034,0.000034,0.65322,0.346711
AAACTTAATTGCACGC-1,0.000041,0.580911,0.000245,0.418804
AAACTTGCAAACGTAT-1,0.000031,0.018156,0.700683,0.281129
AAAGAATGACCTTAGA-1,0.000031,0.579993,0.000189,0.419787
AAAGAATGTGGACTAA-1,0.00007,0.00007,0.05869,0.941169
AAAGACATGAAGTTTA-1,0.000045,0.012631,0.107265,0.880059
AAAGACCCAAGTCGCG-1,0.000044,0.003629,0.864974,0.131353
AAAGACTGGGCGCTTT-1,0.000027,0.017078,0.926715,0.056181
AAAGCTTGCCTACATA-1,0.000024,0.050581,0.850556,0.098839
AAAGGCCCTATAATAC-1,0.034993,0.216265,0.67652,0.072222
AAAGGCTACGGACCAT-1,0.000021,0.000021,0.860396,0.139562
AAAGGCTCTCGCGCCG-1,0.001843,0.037155,0.467808,0.493194
AAAGGGATGTAGCAAG-1,0.000041,0.000041,0.680551,0.319368
AAAGGGCAGCTTGAAT-1,0.000049,0.021247,0.706438,0.272266
AAAGGTAAGCTGTACC-1,0.000035,0.019393,0.884294,0.096277
AAAGTAGCATTGCTCA-1,0.000034,0.050688,0.551379,0.397899
AAAGTCACTGATGTAA-1,0.000026,0.000026,0.99987,0.000078
AAAGTCGACCCTCAGT-1,0.000078,0.000078,0.213295,0.786549
AAAGTGCCATCAATTA-1,0.000014,0.000014,0.965766,0.034206
AAAGTGTGATTTATCT-1,0.000187,0.033944,0.117507,0.848362
AAAGTTGACTCCCGTA-1,0.000131,0.000131,0.000787,0.99895
AAATAACCATACGGGA-1,0.0001,0.0001,0.459137,0.540663
AAATAAGGTAGTGCCC-1,0.000055,0.068402,0.628616,0.302926
AAATACCTATAAGCAT-1,0.000042,0.000042,0.691485,0.308432
AAATAGCTTAGACTTT-1,0.000079,0.000079,0.655345,0.344496
AAATAGGGTGCTATTG-1,0.000039,0.000039,0.816068,0.183854
AAATCCGATACACGCC-1,0.000067,0.000067,0.531609,0.468257
AAATCGCGGAAGGAGT-1,0.000068,0.552095,0.000405,0.447432
AAATCGTGTACCACAA-1,0.000041,0.000041,0.776614,0.223303
AAATCTAGCCCTGCTA-1,0.000095,0.000095,0.000569,0.999241
AAATCTGCCCGCGTCC-1,0.000024,0.667096,0.000145,0.332735
AAATGACTGATCAAAC-1,0.000061,0.000061,0.656822,0.343057
AAATGATTCGATCAGC-1,0.000038,0.000038,0.993504,0.00642
AAATGCTCGTTACGTT-1,0.000065,0.000065,0.810776,0.189093
AAATGGCATGTCTTGT-1,0.000231,0.000231,0.001385,0.998154
AAATGGCCCGTGCCCT-1,0.000031,0.113822,0.505389,0.380758
AAATGGTCAATGTGCC-1,0.000051,0.000051,0.759841,0.240056
AAATGTATCTTATCCC-1,0.000035,0.148312,0.098564,0.75309
AAATGTGGGTGCTCCT-1,0.000288,0.326183,0.33787,0.335659
AAATTAACGGGTAGCT-1,0.000037,0.000037,0.845281,0.154645
AAATTAATAAGCGCGA-1,0.000033,0.018954,0.353895,0.627118
AAATTACACGACTCTG-1,0.000212,0.000212,0.095198,0.904377
AAATTACCTATCGATG-1,0.000075,0.037553,0.452991,0.509381
AAATTCCAGGTCCAAA-1,0.000031,0.02229,0.873634,0.104045
AAATTGATAGTCCTTT-1,0.000044,0.039883,0.646451,0.313622
AAATTGCGGCGGTTCT-1,0.000021,0.000021,0.999895,0.000063
AAATTGGTGAGAAGCA-1,0.000029,0.004731,0.778621,0.21662
AAATTTACCGAAATCC-1,0.000033,0.000595,0.657662,0.341709
AAATTTGCGGGTGTGG-1,0.000038,0.029749,0.586447,0.383767
AACAACTGGTAGTTGC-1,0.000058,0.000058,0.829321,0.170564
AACAATACATTGTCGA-1,0.000045,0.035586,0.602425,0.361944
AACAATTACTCTACGC-1,0.000074,0.034098,0.498767,0.467061
AACACACGCTCGCCGC-1,0.000058,0.000058,0.67297,0.326914
AACACGACTGTACTGA-1,0.000112,0.260474,0.000669,0.738745
AACACGAGACGCGGCC-1,0.000045,0.000045,0.542956,0.456955
AACACGCGGCCGCGAA-1,0.000051,0.000051,0.669443,0.330454
AACAGCTGTGTGGCAA-1,0.006341,0.046565,0.743161,0.203932
AACAGGAAATCGAATA-1,0.000106,0.039718,0.282584,0.677593
AACAGGATGGGCCGCG-1,0.000065,0.014128,0.282324,0.703483
AACAGGTAGTATGGAT-1,0.000051,0.000051,0.512866,0.487032
AACATAGCGTGTATCG-1,0.00003,0.177343,0.406275,0.416352
AACATATCAACTGGTG-1,0.000045,0.000045,0.867783,0.132127
AACATCGATACGTCTA-1,0.000034,0.064369,0.690828,0.244769
AACATTGAAGTTGATC-1,0.00005,0.12137,0.026822,0.851758
AACATTGGTCAGCCGT-1,0.000036,0.037232,0.63177,0.330961
AACATTGTGACTCGAG-1,0.00006,0.00006,0.415198,0.584681
AACCAAGACTTCTCTG-1,0.000059,0.056473,0.541464,0.402005
AACCAGTATCACTCTT-1,0.000039,0.036088,0.862257,0.101616
AACCATAGGGTTGAAC-1,0.000628,0.627875,0.000175,0.371323
AACCATGGGATCGCTA-1,0.000053,0.047721,0.481347,0.470879
AACCCAGAGACGGAGA-1,0.000089,0.068323,0.290473,0.641115
AACCCATCCCATGATC-1,0.00005,0.0205,0.385583,0.593867
AACCCGACAACCCGTG-1,0.000047,0.063403,0.470299,0.466251
AACCCGAGCAGAATCG-1,0.000037,0.031154,0.937051,0.031759
AACCCGCTGTATTCCA-1,0.000014,0.096443,0.903502,0.000041
AACCCTACTGTCAATA-1,0.000126,0.015827,0.000759,0.983288
AACCCTGGTGGAACCA-1,0.000094,0.06111,0.613872,0.324923
AACCGAGCTTGGTCAT-1,0.000039,0.000039,0.822994,0.176928
AACCGCTAAGGGATGC-1,0.000089,0.173495,0.501381,0.325035
AACCGTTGTGTTTGCT-1,0.000101,0.000101,0.230135,0.769664
AACCTCGCTTTAGCCC-1,0.000146,0.000146,0.05953,0.940179
AACCTGTCACGGAATT-1,0.000078,0.000078,0.548499,0.451345
AACCTTTAAATACGGT-1,0.000026,0.000026,0.960569,0.039378
AACCTTTACGACGTCT-1,0.000107,0.000107,0.577801,0.421986
AACGAAAGTCGTCCCA-1,0.000041,0.304734,0.000244,0.694981
AACGACCTCCTAGCCG-1,0.000013,0.000038,0.961268,0.038681
AACGATAATGCCGTAG-1,0.000046,0.000046,0.708514,0.291394
AACGATAGAAGGGCCG-1,0.000035,0.000035,0.968727,0.031203
AACGATATGTCAACTG-1,0.000067,0.000067,0.249622,0.750244
AACGCATGATCTGGGT-1,0.000049,0.000049,0.897525,0.102377
AACGCGAACGGCAACA-1,0.00012,0.030945,0.469809,0.499126
AACGCGACCTTGGGCG-1,0.00003,0.081629,0.842259,0.076081
AACGCGGTCTCCAGCC-1,0.000036,0.000036,0.95434,0.045588
AACGCTGTTGCTGAAA-1,0.002479,0.118789,0.588565,0.290166
AACGGACGTACGTATA-1,0.000031,0.000031,0.704615,0.295322
AACGGCCATCTCCGGT-1,0.000026,0.000026,0.692661,0.307287
AACGTACTGTGGGTAC-1,0.002946,0.000041,0.415739,0.581274
AACGTAGTCTACCCAT-1,0.00008,0.149745,0.378803,0.471372
AACGTCAGACTAGTGG-1,0.000025,0.000025,0.999875,0.000075
AACGTCATCCGGCTTG-1,0.000029,0.13976,0.860125,0.000086
AACGTCGCTGCACTTC-1,0.000072,0.000072,0.056283,0.943574
AACGTGATGAAGGACA-1,0.000165,0.000165,0.000992,0.998678
AACGTGCGAAAGTCTC-1,0.000026,0.000026,0.958987,0.040961
AACGTTATCAGCACCT-1,0.000107,0.000107,0.43964,0.560146
AACGTTCTACCATTGT-1,0.000027,0.011048,0.862175,0.126749
AACTACCCGTTTGTCA-1,0.000084,0.000084,0.526416,0.473416
AACTAGCGTATCGCAC-1,0.000157,0.054733,0.328104,0.617006
AACTAGGCTTGGGTGT-1,0.000038,0.000038,0.864572,0.135352
AACTCAAGTTAATTGC-1,0.000026,0.000026,0.682057,0.31789
AACTCCAGAGCGTGTT-1,0.000099,0.044939,0.515175,0.439788
AACTCCTAATCCCATG-1,0.000034,0.000034,0.919879,0.080053
AACTCGATAAACACGT-1,0.000017,0.000017,0.99829,0.001676
AACTCGATGGCGCAGT-1,0.000035,0.000035,0.947382,0.052549
AACTCTCAATAGAGCG-1,0.000141,0.000141,0.000843,0.998876
AACTCTCAGTGTGCTC-1,0.000066,0.000066,0.24976,0.750109
AACTGAGGTCAGCGTC-1,0.000047,0.000047,0.910879,0.089027
AACTGAGTTATACTGA-1,0.000017,0.054874,0.914437,0.030671
AACTGATATTAGGCCT-1,0.000064,0.000064,0.462179,0.537693
AACTGGGTCCCGACGT-1,0.008522,0.000044,0.71612,0.275313
AACTGGGTTCGAGCCG-1,0.000062,0.000062,0.13725,0.862627
AACTGGTGTGGGCCTT-1,0.000028,0.005149,0.807415,0.187409
AACTTCTGCGTCTATC-1,0.000022,0.002268,0.997644,0.000066
AACTTGCCCGTATGCA-1,0.000098,0.000098,0.741554,0.25825
AACTTGCGTTCTCGCG-1,0.000092,0.020225,0.710668,0.269015
AACTTTACGGGAGCTT-1,0.003501,0.022071,0.759374,0.215053
AACTTTAGCTGCTGAG-1,0.000128,0.092924,0.183045,0.723904
AACTTTCTCGATCATG-1,0.000024,0.073963,0.814337,0.111676
AAGAAAGTTTGATGGG-1,0.000025,0.552558,0.000149,0.447268
AAGAAATCACCAGATT-1,0.000023,0.137066,0.570713,0.292198
AAGAAGGATCAGTTAG-1,0.000117,0.000117,0.553287,0.446478
AAGACATACGTGGTTT-1,0.000052,0.000052,0.646983,0.352914
AAGACCAAATAACTCA-1,0.000047,0.505917,0.14245,0.351586
AAGACCCAACTGAACA-1,0.000035,0.000035,0.467671,0.53226
AAGACTAACCCGTTGT-1,0.000058,0.000058,0.640255,0.359629
AAGACTCACGCCCACT-1,0.000011,0.000011,0.782869,0.217108
AAGACTGCAAGCTACT-1,0.000033,0.000033,0.903948,0.095987
AAGAGATGAATCGGTA-1,0.000036,0.000036,0.817657,0.182271
AAGAGCTCTTTATCGG-1,0.002976,0.000068,0.604354,0.392601
AAGAGGATGTACGCGA-1,0.000049,0.039823,0.536212,0.423915
AAGAGGCATGGATCGC-1,0.000112,0.000112,0.000669,0.999108
AAGAGGCCCTTTGGAA-1,0.000038,0.020919,0.918043,0.060999
AAGATGGCACCGGACC-1,0.000045,0.024998,0.444819,0.530139
AAGATTGGCGGAACGT-1,0.000118,0.000118,0.000706,0.999059
AAGCACCCTGCGTATC-1,0.000061,0.000061,0.856654,0.143224
AAGCATACTCTCCTGA-1,0.000023,0.000023,0.891755,0.108199
AAGCCACTTGCAGGTA-1,0.000037,0.08781,0.671309,0.240843
AAGCCGAAGCGGTTTA-1,0.000062,0.000062,0.632003,0.367873
AAGCCGCCGTGAAATC-1,0.000032,0.009733,0.803234,0.187002
AAGCCGCTTTACCTTG-1,0.000012,0.057343,0.933132,0.009514
AAGCCGGAGAGCAGGA-1,0.000032,0.045318,0.795135,0.159514
AAGCGCAGGGCTTTGA-1,0.000085,0.000085,0.549254,0.450577
AAGCGGAGTGCGCGCA-1,0.000006,0.105911,0.894063,0.000019
AAGCGGCGTCATGGGT-1,0.000054,0.000054,0.583276,0.416616
AAGCGTCCCTCATCGA-1,0.000028,0.000028,0.971254,0.02869
AAGCTAGATCGAGTAA-1,0.000028,0.000028,0.661771,0.338172
AAGCTATGGATTGACC-1,0.000059,0.466359,0.093735,0.439847
AAGCTCGTGCCAAGTC-1,0.000042,0.000042,0.891889,0.108028
AAGCTCTTTCATGGTG-1,0.000113,0.000113,0.372954,0.626821
AAGGAGAACTTATAAG-1,0.000162,0.130983,0.522839,0.346016
AAGGAGCGGTTGGTGC-1,0.000023,0.010081,0.972598,0.017297
AAGGATCGATCGCTTG-1,0.000029,0.000029,0.998503,0.001438
AAGGATGAGGGACCTC-1,0.000154,0.000154,0.000926,0.998765
AAGGCAGGCTGTCTCC-1,0.000035,0.050485,0.949377,0.000104
AAGGCGCGTAAAGCTT-1,0.000034,0.000034,0.907242,0.092691
AAGGCTGTGCTCATCG-1,0.003517,0.029032,0.316789,0.650661
AAGGGAACGACTGGCT-1,0.000071,0.200743,0.000428,0.798758
AAGGGACAGATTCTGT-1,0.000082,0.000082,0.518001,0.481835
AAGGGACTATGCATTC-1,0.000076,0.139022,0.090864,0.770038
AAGGGTTAGCCATGCG-1,0.000044,0.000044,0.49554,0.504372
AAGGGTTTGATTTCAG-1,0.000038,0.709317,0.000227,0.290419
AAGGTATCCTAATATA-1,0.000106,0.000106,0.530444,0.469344
AAGGTGATAAACCAGC-1,0.000166,0.082154,0.248372,0.669308
AAGTAAGCTTCCAAAC-1,0.000069,0.000077,0.000412,0.999442
AAGTAGAAGACCGGGT-1,0.000038,0.000038,0.893095,0.106829
AAGTAGTGACGCGAGG-1,0.002258,0.000049,0.656755,0.340939
AAGTCAATTGTCGTCA-1,0.000115,0.000115,0.084717,0.915053
AAGTCTAGTAGCTGCC-1,0.000477,0.13873,0.837156,0.023637
AAGTCTTCTGTGGCCT-1,0.000075,0.066296,0.124901,0.808729
AAGTGACGACCGAATT-1,0.000015,0.005602,0.964986,0.029398
AAGTGAGTCGGGTTTA-1,0.000035,0.006489,0.924859,0.068617
AAGTGCAAAGGTAGAC-1,0.00004,0.00004,0.779758,0.220161
AAGTGCCTTGACTGTA-1,0.000048,0.000048,0.938797,0.061107
AAGTGCGTTAGAATCT-1,0.00002,0.0001,0.915982,0.083899
AAGTGCTTCTCTATTG-1,0.000038,0.014968,0.515514,0.46948
AAGTGTTTGGAGACGG-1,0.000038,0.000038,0.848778,0.151147
AAGTTCACTCCAAGCT-1,0.000127,0.03385,0.026927,0.939095
AAGTTCAGTCTGCGTA-1,0.000034,0.000034,0.935707,0.064225
AAGTTCGGCCAACAGG-1,0.000028,0.072369,0.69867,0.228932
AAGTTGTGATGTTATA-1,0.000156,0.000156,0.000939,0.998748
AAGTTTACTAATGGCA-1,0.000114,0.000114,0.575729,0.424044
AAGTTTATGGGCCCAA-1,0.000072,0.003486,0.483754,0.512688
AATAACAACGCTCGGC-1,0.000054,0.000054,0.461034,0.538857
AATAACACTAGAACAA-1,0.000024,0.018644,0.808015,0.173317
AATAACGTCGCGCCCA-1,0.000013,0.000542,0.999406,0.00004
AATAATCTTCGTATCG-1,0.000078,0.107585,0.568344,0.323993
AATACAATGTTTCAGG-1,0.00014,0.00014,0.473337,0.526383
AATACCGGAGGGCTGT-1,0.001181,0.021402,0.639441,0.337976
AATACCTGATGTGAAC-1,0.000076,0.071361,0.476549,0.452014
AATAGAACAGAGTGGC-1,0.000029,0.03944,0.798644,0.161886
AATAGAATCTGTTTCA-1,0.000147,0.000147,0.000881,0.998825
AATAGCAAGCCTCCTG-1,0.000531,0.000029,0.931597,0.067842
AATAGCTACCGCGTGC-1,0.000028,0.024065,0.944423,0.031484
AATAGGCACGACCCTT-1,0.000012,0.467773,0.511769,0.020446
AATAGTCCGTCCCGAC-1,0.000025,0.000025,0.928923,0.071026
AATAGTCGCGAGTCGG-1,0.000049,0.022832,0.794603,0.182516
AATATCAAGGTCGGAT-1,0.00003,0.00003,0.999848,0.000091
AATATCCTAGCAAACT-1,0.000044,0.684385,0.000267,0.315304
AATATCGAATCAATGC-1,0.002915,0.000064,0.69149,0.305532
AATATCGAGGGTTCTC-1,0.000068,0.000068,0.634378,0.365485
AATATTGGAGTATTGA-1,0.001238,0.000084,0.392379,0.606298
AATCAGACTGCAGGAC-1,0.000051,0.000051,0.789325,0.210573
AATCAGGTTTCATTTA-1,0.000036,0.044533,0.788767,0.166663
AATCATGTAAAGACTC-1,0.00227,0.000126,0.550455,0.447149
AATCCAAGGGCCTGAG-1,0.000039,0.000863,0.978224,0.020874
AATCCATGCAAGGGTG-1,0.000087,0.000087,0.754506,0.24532
AATCCCGCTCAGAGCC-1,0.000013,0.14868,0.851269,0.000038
AATCGAGGTCTCAAGG-1,0.000025,0.045886,0.588496,0.365593
AATCGCCTCAGCGCCA-1,0.000044,0.000044,0.759203,0.240708
AATCGCGCAGAGGACT-1,0.000045,0.000045,0.636345,0.363565
AATCGGGACACTACGA-1,0.000121,0.000121,0.000727,0.99903
AATCGGTATAGCCCTC-1,0.00013,0.072495,0.055093,0.872282
AATCGTGAGCCGAGCA-1,0.000133,0.062046,0.000798,0.937024
AATCTAGGTTTACTTG-1,0.000394,0.258999,0.502449,0.238158
AATCTATGCCGGAGCC-1,0.011751,0.000065,0.64091,0.347275
AATCTCTACTGTGGTT-1,0.000046,0.01344,0.666149,0.320365
AATCTGCGTTGGGACG-1,0.000116,0.001652,0.000693,0.997539
AATCTGGCTTTCTAGT-1,0.003469,0.141307,0.59888,0.256344
AATCTGGGTAGACCCT-1,0.000024,0.000024,0.963389,0.036563
AATGACAGCAATGTCT-1,0.000042,0.000042,0.750972,0.248943
AATGACGTAGGATGTC-1,0.005021,0.000035,0.908636,0.086308
AATGACTGTCAGCCGG-1,0.00005,0.00005,0.485938,0.513961
AATGAGTTCGCATATG-1,0.000077,0.027482,0.665552,0.306888
AATGATGATACGCTAT-1,0.001764,0.000066,0.788191,0.209979
AATGATGCGACTCCTG-1,0.000088,0.000088,0.500671,0.499153
AATGCAACCGGGTACC-1,0.000061,0.000061,0.635982,0.363895
AATGCACCAAGCAATG-1,0.000029,0.000029,0.882682,0.11726
AATGGTCCACCGTTCA-1,0.000093,0.144825,0.351274,0.503808
AATGGTTCTCACAAGC-1,0.000032,0.000032,0.966938,0.032998
AATGTATGGCACTGTA-1,0.000065,0.379555,0.000388,0.619992
AATGTGCCCGAGGTGT-1,0.000083,0.073553,0.133328,0.793035
AATGTGCTAATCTGAG-1,0.000022,0.089936,0.872332,0.03771
AATGTTAAGACCCTGA-1,0.000051,0.097505,0.397595,0.504849
AATGTTGTCGTGAGAC-1,0.000059,0.364518,0.000357,0.635066
AATTAAAGGTCGGCGT-1,0.000879,0.000027,0.871643,0.127451
AATTAACGGATTTCCA-1,0.000083,0.000083,0.559421,0.440413
AATTACGAGACCCATC-1,0.00004,0.721584,0.000238,0.278139
AATTACTCGTACGCTC-1,0.000148,0.000148,0.44297,0.556734
AATTAGCGCTGCAGCG-1,0.000042,0.000042,0.610797,0.389118
AATTATACCCAGCAAG-1,0.000054,0.193044,0.509418,0.297484
AATTCATAAGGGATCT-1,0.000078,0.000078,0.588385,0.411459
AATTCATTGTCATGCA-1,0.000062,0.573079,0.003161,0.423698
AATTCCAACTTGGTGA-1,0.000031,0.005688,0.673174,0.321107
AATTCCAAGCATGTAC-1,0.00004,0.047477,0.847258,0.105225
AATTCGATTCGAGGAT-1,0.00021,0.029686,0.236285,0.733818
AATTCTAGAGTTAGGC-1,0.00007,0.00007,0.582197,0.417662
AATTGAACGCTCTGGT-1,0.000102,0.000103,0.000615,0.99918
AATTGCAGCAATCGAC-1,0.000255,0.081252,0.029513,0.88898
AATTGCGTGGATTACA-1,0.000031,0.797765,0.000183,0.202021
AATTGTGGTTGCCAAA-1,0.000015,0.000015,0.999844,0.000125
AATTTGGGACATAGTA-1,0.000049,0.08501,0.699578,0.215362
AATTTGGTTCCAAAGA-1,0.000131,0.000131,0.244063,0.755676
ACAAACCATGCGTCCT-1,0.000058,0.152322,0.089716,0.757904
ACAAACTCCATCAGAG-1,0.000025,0.000025,0.901581,0.09837
ACAAAGAAGGTAGGCC-1,0.000031,0.327211,0.316344,0.356415
ACAAAGCATGACCTAG-1,0.000057,0.08688,0.519107,0.393956
ACAAATCGCACCGAAT-1,0.000086,0.000086,0.280846,0.718981
ACAAATGGTAGTGTTT-1,0.000153,0.000153,0.000918,0.998776
ACAAATTCAGATCTGA-1,0.000027,0.000027,0.912222,0.087723
ACAACAGCATGAGCTA-1,0.000041,0.000041,0.763307,0.23661
ACAACGGTCCCTGCGA-1,0.000063,0.035712,0.845236,0.118989
ACAAGCAGTGCCTAGC-1,0.000044,0.012498,0.651878,0.33558
ACAAGCTATATGGAAG-1,0.00007,0.00007,0.188863,0.810996
ACAAGGAAATCCGCCC-1,0.000043,0.033518,0.245509,0.72093
ACAAGGACAAGAGGTT-1,0.000069,0.000069,0.475054,0.524808
ACAAGGATGCTTTAGG-1,0.000115,0.079725,0.243778,0.676383
ACAAGGCCTACCAGCC-1,0.00001,0.012213,0.987748,0.000029
ACAAGGGCAGGCTCTG-1,0.000034,0.000034,0.856885,0.143047
ACAAGTAATTGTAAGG-1,0.000061,0.242343,0.06647,0.691126
ACAATAGTCGTACGTT-1,0.000043,0.023542,0.709261,0.267153
ACAATCCATTTAAACC-1,0.000052,0.000052,0.576699,0.423197
ACAATCGATCTTTATA-1,0.000105,0.27444,0.592894,0.132561
ACAATGAATACGGAGA-1,0.000035,0.017845,0.583055,0.399065
ACAATGATTCTTCTAC-1,0.000021,0.000021,0.829316,0.170643
ACAATTGTGTCTCTTT-1,0.000179,0.06589,0.3198,0.61413
ACAATTTAGGAGGCTC-1,0.000029,0.000029,0.925417,0.074524
ACAATTTGAGCAGTGG-1,0.000116,0.000116,0.079008,0.92076
ACAATTTGGCCATATT-1,0.000042,0.000042,0.777748,0.222168
ACACAAAGACGGGTGG-1,0.000118,0.26139,0.188779,0.549713
ACACAAATATTCCTAG-1,0.000011,0.225447,0.77451,0.000032
ACACACCAGGACCAGT-1,0.000124,0.000124,0.000743,0.999009
ACACACTTTCTACACG-1,0.000066,0.000066,0.785027,0.21484
ACACATGATCAAATCT-1,0.000094,0.104186,0.080057,0.815662
ACACATTGACGCAACA-1,0.000078,0.000078,0.68831,0.311535
ACACATTTCCGTAGAC-1,0.000071,0.000071,0.704215,0.295644
ACACCACATAATTAGC-1,0.000031,0.031764,0.898221,0.069985
ACACCCAGCATGCAGC-1,0.000048,0.029931,0.636177,0.333844
ACACCCGAGAAATCCG-1,0.000027,0.070724,0.771027,0.158221
ACACCGAGCGCTCTTT-1,0.00002,0.00002,0.891627,0.108334
ACACCGGTCTGACCGC-1,0.000049,0.181779,0.011114,0.807058
ACACCTTAAGTAGGGC-1,0.000035,0.000035,0.919989,0.079941
ACACCTTACTACTTGC-1,0.000073,0.000073,0.517931,0.481923
ACACGAGACTCCTTCT-1,0.000069,0.000069,0.604349,0.395512
ACACGGCACTATGCAT-1,0.000044,0.009034,0.710638,0.280284
ACACGGGAACTTAGGG-1,0.000055,0.000055,0.45942,0.54047
ACACGTAGGCCACAAG-1,0.000063,0.000063,0.808132,0.191742
ACACTCCAATGTCACT-1,0.000096,0.014817,0.734741,0.250346
ACACTGATCAAGGTGT-1,0.000867,0.00972,0.588639,0.400774
ACACTGGGACAGTCGT-1,0.000046,0.090359,0.698776,0.210819
ACAGAACTGAGAACAA-1,0.00005,0.00005,0.12058,0.879319
ACAGATTAGGTTAGTG-1,0.000225,0.000225,0.157375,0.842175
ACAGCATAGAGCCAGT-1,0.000089,0.000089,0.661904,0.337919
ACAGCGACATTCTCAT-1,0.000261,0.175242,0.416823,0.407674
ACAGCGCACCCGCAGC-1,0.003697,0.147478,0.241126,0.607699
ACAGGAGGCGCAGCCG-1,0.00004,0.00004,0.599736,0.400185
ACAGGCACGGATCCTT-1,0.000057,0.121428,0.608552,0.269963
ACAGGCTTGCCCGACT-1,0.000082,0.083882,0.000491,0.915545
ACAGGTGGAGGTGAGG-1,0.00003,0.00003,0.710073,0.289868
ACAGGTGTGTTGTTGC-1,0.000022,0.076275,0.712391,0.211312
ACAGTAATACAACTTG-1,0.000024,0.029422,0.632957,0.337597
ACAGTATACCGTGGGA-1,0.000025,0.035704,0.829189,0.135081
ACATAAGTCGTGGTGA-1,0.000045,0.525671,0.00027,0.474014
ACATAATAAGGCGGTG-1,0.000078,0.000078,0.444882,0.554962
ACATACAATCAAGCGG-1,0.001067,0.06799,0.656927,0.274016
ACATCAGCTGGGACGC-1,0.000068,0.075812,0.464461,0.459659
ACATCCCGGCCATACG-1,0.000068,0.000068,0.356162,0.643702
ACATCCTGGTAACTGT-1,0.000095,0.000095,0.405731,0.59408
ACATCGATCGTTTACC-1,0.000034,0.000034,0.950286,0.049647
ACATCGCAATATTCGG-1,0.000034,0.029466,0.684235,0.286265
ACATCGGTCAGCCGCG-1,0.00005,0.00005,0.635352,0.364548
ACATCGTATGCAATGG-1,0.000075,0.000075,0.440488,0.559361
ACATCGTTAACCTAGT-1,0.003098,0.000081,0.670536,0.326284
ACATCTCAACGCGTAA-1,0.000022,0.028971,0.647563,0.323444
ACATGCTTACGGCAGC-1,0.000037,0.335183,0.00022,0.66456
ACATGGCGCCAAAGTA-1,0.000075,0.000075,0.40321,0.596641
ACATGGCTCAATTTAG-1,0.000079,0.000079,0.567942,0.431899
ACATTAGTTTATATCC-1,0.000078,0.000078,0.531968,0.467877
ACATTCGCGCGGAATA-1,0.000035,0.334516,0.40016,0.265289
ACATTTGAAACCTAAC-1,0.000031,0.054777,0.681964,0.263228
ACCAAACACCCAGCGA-1,0.000022,0.063689,0.898118,0.038172
ACCAAACTAGAAATCC-1,0.00002,0.04347,0.667384,0.289126
ACCAACACCACACACT-1,0.000027,0.068545,0.622329,0.309099
ACCAACCGCACTCCAC-1,0.000138,0.378795,0.293434,0.327634
ACCAACGCTTATTTAT-1,0.000035,0.000035,0.956344,0.043587
ACCAAGAACGCGTGTC-1,0.000058,0.022991,0.796994,0.179957
ACCAAGTCATCGGCAG-1,0.000087,0.000087,0.000524,0.999302
ACCAATATGCAAGTTA-1,0.00004,0.00004,0.862956,0.136965
ACCACAACTCAGAACA-1,0.000139,0.196975,0.106041,0.696845
ACCACAAGTTTCTATC-1,0.000056,0.000056,0.409827,0.590061
ACCACACGGTTGATGG-1,0.000019,0.039977,0.526559,0.433445
ACCACCAATGTAACAA-1,0.000072,0.000072,0.515656,0.4842
ACCACCCTCTCTTCTA-1,0.000019,0.025255,0.967177,0.00755
ACCACGTGCAGCTATA-1,0.000044,0.008067,0.608708,0.383181
ACCACTGTTCAAGAAG-1,0.000092,0.048557,0.533225,0.418126
ACCAGACCATAACAAC-1,0.000021,0.142717,0.709094,0.148168
ACCAGCCCGGTCTTTG-1,0.000019,0.028215,0.618763,0.353004
ACCAGGAGTGTGATCT-1,0.000358,0.205134,0.485465,0.309043
ACCAGTGCCCGGTCAA-1,0.006114,0.000051,0.909096,0.084739
ACCAGTGCGGGAGACG-1,0.000094,0.018878,0.480806,0.500223
ACCATATCCGCAATAA-1,0.000022,0.000105,0.788137,0.211735
ACCATCCGCCAACTAG-1,0.000047,0.027204,0.121733,0.851016
ACCATCGTATATGGTA-1,0.000047,0.000047,0.741758,0.258149
ACCATTAAGGGTGTCA-1,0.000043,0.000591,0.776746,0.222621
ACCCAACGCCCGTGGC-1,0.000118,0.24938,0.198204,0.552298
ACCCACCTACATGCTC-1,0.000105,0.000105,0.227763,0.772028
ACCCATCTTGAGGGTA-1,0.000069,0.016183,0.521407,0.462342
ACCCATTTGTCCCTCT-1,0.000164,0.084903,0.174606,0.740326
ACCCGAGCGAAATTAC-1,0.000053,0.054098,0.346278,0.599572
ACCCGATTGGTTCCGA-1,0.000021,0.000021,0.940557,0.059402
ACCCGGAAACTCCCAG-1,0.000042,0.000042,0.810071,0.189845
ACCCGGAGCACCACAA-1,0.000032,0.063824,0.872849,0.063295
ACCCGGATGACGCATC-1,0.00004,0.00004,0.906565,0.093355
ACCCGGTTACACTTCC-1,0.000067,0.000067,0.622325,0.37754
ACCCGTAGCAGAGAAT-1,0.000037,0.121442,0.375129,0.503392
ACCCGTAGTCTAGTTG-1,0.000018,0.030563,0.924413,0.045006
ACCCGTGTCATCAGTA-1,0.000037,0.020684,0.748811,0.230468
ACCCTATAGGACTGAG-1,0.000031,0.000031,0.957598,0.042341
ACCCTATGCCATATCG-1,0.000021,0.047005,0.95291,0.000063
ACCCTCCCGTCAGGGC-1,0.000095,0.373958,0.433166,0.192781
ACCCTCCCTTGCTATT-1,0.004103,0.00008,0.220076,0.775741
ACCCTGGTAACGCCCT-1,0.000081,0.000081,0.633052,0.366787
ACCCTTCATCTGCGAA-1,0.000111,0.000111,0.525806,0.473972
ACCCTTGCCTGGGTCG-1,0.000009,0.202763,0.794833,0.002395
ACCCTTTAGTTCTCCA-1,0.000068,0.042993,0.61223,0.344708
ACCGAAAGGGCCCTGC-1,0.000023,0.000023,0.998894,0.001059
ACCGAAGAGTCTGGTT-1,0.000077,0.097243,0.100823,0.801857
ACCGACACATCTCCCA-1,0.00007,0.00007,0.686058,0.313802
ACCGACTGAGTCCCAC-1,0.000086,0.000086,0.557991,0.441838
ACCGAGTCTCCTTATT-1,0.000055,0.415654,0.000328,0.583964
ACCGATAGGCATAACC-1,0.00008,0.00008,0.54045,0.45939
ACCGATATTTAATCAT-1,0.000033,0.042026,0.957843,0.000098
ACCGATGGTAGCATCG-1,0.000095,0.038002,0.000569,0.961334
ACCGCAATAACTGCCT-1,0.000034,0.000034,0.817061,0.182871
ACCGCGGTGGAAGTCG-1,0.000076,0.000076,0.137413,0.862436
ACCGCTAGTCATTGGT-1,0.000056,0.165603,0.530346,0.303994
ACCGGGCCTTTGTTGA-1,0.000115,0.000115,0.000687,0.999084
ACCGGTCAGGTACACC-1,0.00009,0.230218,0.000537,0.769155
ACCGGTCTGAGTACGG-1,0.000032,0.000032,0.940693,0.059242
ACCGTCCACTGGGCCC-1,0.000049,0.220639,0.241365,0.537947
ACCGTGACCACGTGGG-1,0.001481,0.070506,0.766722,0.161291
ACCGTTCCCGCTCTGA-1,0.000049,0.024281,0.655149,0.320521
ACCTAAGTACCTTTCA-1,0.000035,0.067066,0.598932,0.333966
ACCTAATCGACTTCCT-1,0.000023,0.073933,0.887232,0.038812
ACCTACAGTATGTGGT-1,0.00004,0.00004,0.93357,0.066351
ACCTACTATAAATCTA-1,0.00005,0.00005,0.631646,0.368255
ACCTCAGCGAGGCGCA-1,0.00004,0.125215,0.667983,0.206763
ACCTCCGCCCTCGCTG-1,0.000057,0.000057,0.747241,0.252645
ACCTCCGTTATTCACC-1,0.000082,0.000082,0.593447,0.406388
ACCTCGAACTTATGCT-1,0.00008,0.205715,0.228801,0.565404
ACCTGCGTGTCATGTT-1,0.000037,0.034872,0.740412,0.224679
ACGAAATGGGCGGCAC-1,0.000036,0.000036,0.832109,0.167819
ACGACCCATGAGTTGC-1,0.000028,0.19073,0.533144,0.276098
ACGACTCTAGGGCCGA-1,0.000041,0.113291,0.585876,0.300792
ACGACTGGTCATACTC-1,0.000024,0.012977,0.936351,0.050648
ACGAGAACCCATCACG-1,0.004536,0.000037,0.865716,0.129711
ACGAGATATTTGCTTA-1,0.000208,0.046317,0.090635,0.862841
ACGAGGATACCACTCT-1,0.0001,0.054338,0.024197,0.921365
ACGAGGTTTACAACGT-1,0.000018,0.329927,0.454455,0.215599
ACGAGTACGGATGCCC-1,0.0001,0.0001,0.255724,0.744076
ACGAGTCGCCGGCGTT-1,0.000028,0.005487,0.638886,0.355599
ACGATACATAGAACTA-1,0.000123,0.004385,0.581571,0.413922
ACGATACCTATCCTGA-1,0.000026,0.002007,0.62011,0.377857
ACGATCATACATAGAG-1,0.000036,0.000036,0.977386,0.022542
ACGATCATCTTGTAAA-1,0.00242,0.000218,0.810197,0.187165
ACGATGCATATGTTAT-1,0.000043,0.000043,0.645339,0.354575
ACGATGGATCCGATGC-1,0.000214,0.032523,0.460551,0.506711
ACGCAAACTAATAGAT-1,0.000034,0.045344,0.665598,0.289025
ACGCAATCACTACAGC-1,0.000057,0.000057,0.843777,0.156108
ACGCATAAATGACATG-1,0.000031,0.000031,0.78338,0.216557
ACGCATACGTTTACTA-1,0.00013,0.00013,0.106691,0.893049
ACGCATTCGTGAGTAC-1,0.000049,0.000049,0.96009,0.039813
ACGCCACTCGAAACAG-1,0.000059,0.358227,0.3805,0.261214
ACGCCAGATGATTTCT-1,0.000187,0.023906,0.001122,0.974784
ACGCCAGTGCGTTTGC-1,0.000055,0.043903,0.636903,0.319139
ACGCCGCTAGACGACC-1,0.000046,0.000046,0.617727,0.38218
ACGCCTGACACGCGCT-1,0.000037,0.006231,0.501456,0.492275
ACGCGAAGTCAGACGA-1,0.00002,0.00002,0.931849,0.068111
ACGCGCTACACAGGGT-1,0.000046,0.016798,0.274891,0.708265
ACGCGGGCCAAGGACA-1,0.000019,0.000019,0.999904,0.000058
ACGCGTTTCTTAAGAG-1,0.000064,0.000064,0.228948,0.770924
ACGCTACTGAATGGGC-1,0.000043,0.117742,0.632828,0.249387
ACGCTAGTGATACACT-1,0.000034,0.000034,0.967974,0.031958
ACGCTGTGAGGCGTAG-1,0.00003,0.060461,0.903133,0.036376
ACGCTTAGTGTCTCTC-1,0.000051,0.099414,0.546224,0.354312
ACGGAACACGAGTGCC-1,0.000043,0.044372,0.714375,0.241211
ACGGAATTTAGCAAAT-1,0.000137,0.094782,0.040077,0.865004
ACGGACGCAGCGACAA-1,0.000017,0.608473,0.000104,0.391406
ACGGACTCTCAAAGCG-1,0.000045,0.000045,0.878181,0.121729
ACGGAGCGCAAATTAC-1,0.000064,0.000064,0.542219,0.457653
ACGGATGGTGCGGATA-1,0.000036,0.000036,0.855347,0.144581
ACGGCACTTGCTTGGG-1,0.000066,0.000066,0.451381,0.548486
ACGGCCAACATGGACT-1,0.000026,0.000026,0.75371,0.246238
ACGGCGACGATGGGAA-1,0.000034,0.000034,0.83058,0.169352
ACGGCGGGTTGCCCTG-1,0.000019,0.000019,0.999906,0.000056
ACGGCTGGATGTAGAA-1,0.000057,0.225214,0.000341,0.774388
ACGGGAGTGTCGGCCC-1,0.00006,0.046157,0.27566,0.678123
ACGGGCGTATGCGACA-1,0.000032,0.093503,0.851673,0.054792
ACGGGTCATGTGACTT-1,0.000083,0.000083,0.599444,0.40039
ACGGGTTGTGACCTGT-1,0.001692,0.612033,0.000294,0.385981
ACGGTACAGTTCAATG-1,0.002741,0.194532,0.589136,0.213591
ACGGTCACCGAGAACA-1,0.000031,0.58118,0.000186,0.418603
ACGTACAGATTTCTCT-1,0.000167,0.000167,0.399432,0.600235
ACGTACTTTGGCACGG-1,0.000026,0.125094,0.855759,0.019121
ACGTAGATTGCTGATG-1,0.000026,0.000026,0.941288,0.058659
ACGTAGGAGAGTCGCT-1,0.000027,0.032495,0.879509,0.087969
ACGTATTACTCCGATC-1,0.000159,0.000159,0.000954,0.998728
ACGTCCTAAACGAGAT-1,0.000012,0.033988,0.682241,0.283759
ACGTCGGGCAACTCGG-1,0.000032,0.502313,0.057324,0.440332
ACGTCTCGTTCCGGGA-1,0.000027,0.136475,0.580145,0.283353
ACGTGACAAAGTAAGT-1,0.000023,0.477734,0.28677,0.235473
ACGTGCGCCTCGTGCA-1,0.000054,0.000054,0.77005,0.229842
ACGTGGTCGAATGTGC-1,0.000032,0.032363,0.629798,0.337807
ACGTTAATGTCGAAGA-1,0.000064,0.000064,0.603228,0.396644
ACGTTAGATTTGCCCG-1,0.000022,0.01759,0.93867,0.043719
ACGTTATTGGTCACTC-1,0.000239,0.013567,0.930471,0.055722
ACGTTCACTATGCCGC-1,0.000301,0.437011,0.503595,0.059093
ACGTTCCGCGCTCCGT-1,0.00004,0.00004,0.918729,0.081191
ACGTTCGCAATCAATT-1,0.000054,0.000054,0.794222,0.20567
ACGTTCGTTCAGGAAA-1,0.000023,0.015662,0.882353,0.101963
ACGTTCTGTACAAGTC-1,0.000122,0.301989,0.378889,0.319
ACGTTGTCGTTGAAAG-1,0.000453,0.209191,0.786605,0.003751
ACGTTTAGTTGTGATC-1,0.00626,0.000232,0.001392,0.992116
ACGTTTCGGTGCACTT-1,0.000018,0.055055,0.932729,0.012198
ACTAAGGACGCACACC-1,0.000014,0.104061,0.773008,0.122917
ACTAATACGTCAGGCG-1,0.000032,0.000032,0.934587,0.065349
ACTACAAAGAGAGGTG-1,0.000042,0.000042,0.595548,0.404368
ACTACATCCCGACAAG-1,0.000046,0.304345,0.13177,0.563839
ACTACCAGCTCTCTGG-1,0.00004,0.00004,0.942534,0.057386
ACTACCATCCGAGGGC-1,0.000008,0.383503,0.616464,0.000025
ACTACGCGTTAGAATT-1,0.000044,0.015721,0.658357,0.325877
ACTAGTTGCGATCGTC-1,0.000055,0.021969,0.787713,0.190264
ACTATATGCTGTGTTC-1,0.000044,0.038008,0.771166,0.190782
ACTATCCAGGGCATGG-1,0.000072,0.000072,0.738224,0.261631
ACTATCGCCGGCTAAA-1,0.00004,0.00004,0.61651,0.383411
ACTATCTGCCCGCGTA-1,0.000073,0.000073,0.684545,0.31531
ACTATGTCCAGCTGCC-1,0.000042,0.305931,0.136418,0.557609
ACTATTCGTCCGTGGT-1,0.000262,0.000262,0.197052,0.802424
ACTATTTCCGGGCCCA-1,0.002232,0.014197,0.837829,0.145742
ACTCAACGAATGTATT-1,0.000054,0.000054,0.769993,0.229899
ACTCAAGTGCAAGGCT-1,0.000143,0.000143,0.000859,0.998855
ACTCAATAAAGGCACG-1,0.000041,0.000041,0.843689,0.156229
ACTCAGACCTGCTTCT-1,0.000032,0.000032,0.999838,0.000097
ACTCATGGCAGCCTTC-1,0.000058,0.618354,0.000347,0.381241
ACTCCAATATCATCAT-1,0.000061,0.056876,0.61999,0.323073
ACTCCCATTCCTAAAG-1,0.000036,0.000036,0.765902,0.234025
ACTCCCGAATTCGTTT-1,0.000109,0.000109,0.466841,0.532941
ACTCCCGTAGACTAGG-1,0.000031,0.000031,0.836939,0.162999
ACTCCCTAATGCTAAA-1,0.000033,0.000033,0.939195,0.060738
ACTCCCTAGAATAGTA-1,0.00005,0.006117,0.288466,0.705366
ACTCCGGCCGACCACT-1,0.000054,0.144738,0.493247,0.36196
ACTCGATGTATTTCAT-1,0.000045,0.000045,0.986333,0.013577
ACTCGCCGTTCGATAA-1,0.000038,0.202585,0.622332,0.175045
ACTCGCGATCTGACGC-1,0.000038,0.000038,0.731523,0.268401
ACTCGTAACCCGTCCT-1,0.000027,0.023625,0.857963,0.118385
ACTCGTCAGTAATCCC-1,0.000043,0.000043,0.810403,0.18951
ACTCTAAACCTGGGAT-1,0.000051,0.000051,0.301843,0.698055
ACTCTCTGACTTAGGT-1,0.000036,0.000036,0.965517,0.034411
ACTCTCTTATACACGA-1,0.000212,0.000212,0.001272,0.998305
ACTCTGACCTAATAGA-1,0.000057,0.060482,0.601632,0.337828
ACTCTTCAGCTCCCGC-1,0.002906,0.30995,0.632365,0.054779
ACTCTTGTATAGTAAC-1,0.000039,0.000039,0.778503,0.221418
ACTGAAACGCCGTTAG-1,0.000056,0.036355,0.617915,0.345674
ACTGAATGGCGAAAGT-1,0.000073,0.000073,0.313729,0.686125
ACTGATTTAGTGATTC-1,0.000055,0.058676,0.610788,0.330481
ACTGCCCGCCATTCTC-1,0.000025,0.066881,0.85487,0.078223
ACTGCCGTCGTAACTC-1,0.000103,0.000103,0.029391,0.970403
ACTGCGGACACACCGT-1,0.000081,0.137312,0.550675,0.311932
ACTGCTCGGAAGGATG-1,0.00012,0.050411,0.002312,0.947157
ACTGGCGAACCTGCGT-1,0.000011,0.087524,0.897386,0.01508
ACTGGGATGCCAGTGC-1,0.000009,0.01452,0.977059,0.008411
ACTGTACGATACACAT-1,0.00009,0.00009,0.000541,0.999279
ACTGTAGCACTTTGGA-1,0.000044,0.000044,0.999781,0.000131
ACTGTATACGCGAGCA-1,0.000134,0.000134,0.639667,0.360064
ACTGTCCAGGATTATA-1,0.000045,0.000045,0.740117,0.259793
ACTGTCTTCTTTAGAA-1,0.000042,0.000042,0.838206,0.161711
ACTGTGCTAGTAGATC-1,0.000097,0.092348,0.795622,0.111933
ACTGTTTAGTGTAGGC-1,0.003378,0.000128,0.698322,0.298172
ACTTACCGGGCGCGCA-1,0.000034,0.00686,0.927875,0.065231
ACTTACGCATCCACGC-1,0.000047,0.000047,0.762746,0.237159
ACTTAGTACGACAAGA-1,0.00005,0.00005,0.85812,0.141779
ACTTATACTTACCCGG-1,0.000136,0.221722,0.000817,0.777325
ACTTATCTGATCTATA-1,0.000081,0.000081,0.122437,0.877401
ACTTATTAGGATCGGT-1,0.00003,0.00003,0.855812,0.144127
ACTTATTTATGTGCCA-1,0.000179,0.000179,0.119424,0.880218
ACTTCAGGCTGATCCC-1,0.000054,0.000054,0.71255,0.287342
ACTTCCAGTGGAAGCT-1,0.000027,0.72447,0.27542,0.000082
ACTTCCATGCGGGACA-1,0.000112,0.017399,0.000669,0.98182
ACTTCGCCATACGCAC-1,0.000116,0.000116,0.260124,0.739644
ACTTCGCTAGCGAGTG-1,0.000021,0.224433,0.738063,0.037483
ACTTGACTCCCTCTTT-1,0.000037,0.000037,0.951818,0.048108
ACTTGCCATATTGTAC-1,0.000329,0.275535,0.243536,0.480599
ACTTGCTCTATCTACC-1,0.000059,0.455888,0.019593,0.524459
ACTTGGGACCCGGTGG-1,0.00004,0.00004,0.559702,0.440217
ACTTGGGCTTTCGCCA-1,0.000133,0.296091,0.000795,0.702981
ACTTGTAGTCCCTTCA-1,0.000093,0.1041,0.101658,0.794148
ACTTGTGGATGGAACG-1,0.000068,0.000068,0.341188,0.658676
ACTTGTTACCGGATCA-1,0.000053,0.133634,0.604906,0.261407
ACTTTACCCTCATGAA-1,0.000065,0.000065,0.649225,0.350645
ACTTTATACACCACTT-1,0.000034,0.577543,0.000206,0.422217
ACTTTCCTATAGCTTC-1,0.00008,0.00008,0.606812,0.393027
ACTTTGACTGCATCCT-1,0.000061,0.103034,0.319164,0.577741
ACTTTGGTCGTGCTCC-1,0.000035,0.379476,0.354305,0.266184
ACTTTGTCGACGCACT-1,0.000067,0.01646,0.877644,0.105828
AGAAATTATGACTCGC-1,0.000035,0.009984,0.848121,0.14186
AGAACACGGCGATGGT-1,0.000016,0.335885,0.18734,0.476759
AGAACCCAGCGTGACA-1,0.000033,0.028121,0.761034,0.210813
AGAACCCTCAATTGGG-1,0.000043,0.428116,0.000257,0.571584
AGAACGTGGTACATTC-1,0.000033,0.000033,0.834287,0.165646
AGAACTGTACTTTGTA-1,0.000016,0.05859,0.707698,0.233696
AGAAGAGCGCCGTTCC-1,0.000548,0.000548,0.763974,0.234931
AGAAGGTACACTTCAC-1,0.000891,0.111017,0.065949,0.822143
AGAAGGTTGCCGAATT-1,0.000066,0.000066,0.561086,0.438781
AGAAGGTTGTAGGTCG-1,0.000167,0.000167,0.164844,0.834821
AGAAGTGATTCGTGAT-1,0.000043,0.000043,0.775313,0.224601
AGAATAAATCTTCAGG-1,0.000044,0.011932,0.640673,0.347351
AGAATACAGGCTATCC-1,0.000017,0.078038,0.709748,0.212197
AGAATGCGGGTTCGGA-1,0.000824,0.00004,0.895105,0.104031
AGAATTATGGATTCGA-1,0.001705,0.000086,0.576653,0.421556
AGAATTGTTTGACATA-1,0.000022,0.047886,0.952027,0.000065
AGACAGCTCAGAATCC-1,0.00005,0.102978,0.682234,0.214738
AGACAGGCATCTCAGC-1,0.000032,0.000032,0.722884,0.277052
AGACATAGATCCTTCC-1,0.000022,0.000022,0.999892,0.000065
AGACCAAACCACACCT-1,0.000056,0.010476,0.273773,0.715695
AGACCATGGGATACAA-1,0.00006,0.00006,0.656187,0.343692
AGACCCACCGCTGATC-1,0.000028,0.000028,0.86292,0.137023
AGACCCGCCCTCCTCG-1,0.000033,0.000033,0.925455,0.074479
AGACCGCTCCGCGGTT-1,0.000056,0.000056,0.613106,0.386782
AGACCGGGAAACCCTG-1,0.00003,0.093263,0.731279,0.175428
AGACGAAGTGCCGGTC-1,0.001991,0.000134,0.000803,0.997071
AGACGACGATGCCGCT-1,0.000042,0.000042,0.739247,0.260669
AGACGCCCACTTCGCC-1,0.000048,0.071693,0.50036,0.427899
AGACGGGCCGATTTAA-1,0.000044,0.000044,0.682294,0.317618
AGACTAGCCTTCCAGA-1,0.000043,0.000043,0.926705,0.07321
AGACTGTTACCGGGTC-1,0.000024,0.038506,0.932287,0.029182
AGAGAAACACCAGAAA-1,0.000029,0.065877,0.530422,0.403672
AGAGAACCGTCTAGGA-1,0.000132,0.000132,0.273646,0.72609
AGAGAAGGAGTACAAT-1,0.000041,0.042444,0.729865,0.227649
AGAGATCTCTAAAGCG-1,0.000022,0.000022,0.910683,0.089272
AGAGCAGTTATGAGAC-1,0.000041,0.000041,0.720934,0.278985
AGAGCCGCCGAGATTT-1,0.000077,0.000077,0.831299,0.168546
AGAGCGCTTGTAACGG-1,0.00084,0.083446,0.886439,0.029276
AGAGCGGGCTAATCAT-1,0.000034,0.000034,0.914814,0.085118
AGAGCGTACAAGCTCG-1,0.000085,0.109014,0.379923,0.510978
AGAGCTACGAAAGCAT-1,0.000096,0.079765,0.376916,0.543223
AGAGGCTTCGGAAACC-1,0.000072,0.000072,0.173232,0.826623
AGAGGGACAATTGTCC-1,0.000027,0.047069,0.76683,0.186074
AGAGGTATCTCGGTCC-1,0.000136,0.26317,0.367984,0.36871
AGAGTAAACTTCACTA-1,0.000062,0.000062,0.508239,0.491636
AGAGTATAGTGTTACG-1,0.000026,0.114147,0.868933,0.016894
AGAGTCTTAATGAAAG-1,0.000014,0.013157,0.879513,0.107316
AGAGTTAGAGACCGAT-1,0.000022,0.000022,0.939839,0.060117
AGAGTTGCAGGCCTCC-1,0.000008,0.127963,0.872004,0.000025
AGATAACTTCAGGGCC-1,0.000032,0.000032,0.812897,0.187038
AGATAATCACACCTAT-1,0.000021,0.612439,0.000129,0.387411
AGATACCAATAGAACC-1,0.000073,0.000073,0.661028,0.338826
AGATACCAGCACTTCA-1,0.000014,0.03763,0.863506,0.09885
AGATACCGGTGTTCAC-1,0.000034,0.022425,0.744193,0.233348
AGATACGACTTCATAT-1,0.000035,0.044085,0.955775,0.000105
AGATACTCAAGATCGA-1,0.000091,0.000091,0.000547,0.99927
AGATATAATACGACTA-1,0.000059,0.033034,0.810373,0.156533
AGATCGTGCATAAGAT-1,0.000038,0.000038,0.930547,0.069378
AGATCTCAGGTGTGAT-1,0.00013,0.00013,0.183255,0.816484
AGATCTGGAGAGGATA-1,0.000025,0.40692,0.000152,0.592903
AGATGACTCGCCCACG-1,0.000086,0.000086,0.675502,0.324327
AGATGAGGGTTGCGAT-1,0.000071,0.000071,0.823989,0.175868
AGATGATGGAGTCTGG-1,0.000078,0.000078,0.627821,0.372023
AGATGCAAGACGTGCA-1,0.000047,0.169703,0.405144,0.425105
AGATGCATCCTGTGTC-1,0.000091,0.048493,0.133426,0.817991
AGATGCTATAACGAGC-1,0.000031,0.000031,0.975716,0.024221
AGATTATAGGACGTTT-1,0.000041,0.000041,0.642815,0.357102
AGATTCAAGCGGGTCG-1,0.000016,0.000016,0.955485,0.044484
AGATTCACAACCGATA-1,0.000042,0.155445,0.00025,0.844264
AGCAAAGGCCGCTAGT-1,0.000066,0.000066,0.535266,0.464602
AGCAACATATCTTATT-1,0.000193,0.000193,0.001156,0.998459
AGCAACCGAAAGTAAT-1,0.000055,0.116431,0.000332,0.883182
AGCACACGTTTAGACT-1,0.000018,0.242394,0.683085,0.074503
AGCACCAGTACTCACG-1,0.000061,0.000061,0.574166,0.425712
AGCACTACCGGCCTGT-1,0.000034,0.000034,0.968464,0.031469
AGCACTACCTCACCAG-1,0.000074,0.000074,0.675701,0.32415
AGCACTTAAGGACGCC-1,0.000049,0.000049,0.530949,0.468954
AGCAGAAGGAGAAAGA-1,0.000052,0.000052,0.524082,0.475813
AGCAGCCAGATGAATA-1,0.00003,0.00003,0.896857,0.103084
AGCAGTCGAAGCATGC-1,0.002319,0.026984,0.623443,0.347255
AGCATATCAATATGCT-1,0.00014,0.04174,0.59081,0.36731
AGCATCATTTCGAAAG-1,0.007692,0.1537,0.370752,0.467855
AGCATCGTCGATAATT-1,0.000068,0.000068,0.647704,0.352159
AGCATTACGAGGCAAG-1,0.000122,0.000122,0.000734,0.999021
AGCCAAGCTTTGTGTC-1,0.000042,0.000042,0.952394,0.047521
AGCCACAGGTTACCCG-1,0.000098,0.019884,0.516438,0.463581
AGCCACTCCCGTGCTT-1,0.000103,0.062074,0.564449,0.373374
AGCCATATAGTATGTG-1,0.000019,0.000019,0.977443,0.022519
AGCCCATACATGTAAG-1,0.000022,0.000022,0.921259,0.078696
AGCCCGCAACAAGCAG-1,0.000058,0.025227,0.449219,0.525496
AGCCCGCACTACAATG-1,0.000095,0.000096,0.341369,0.65844
AGCCCGGCATTAGAGG-1,0.00012,0.025631,0.1098,0.86445
AGCCCGGTAGCCTGTA-1,0.000048,0.000048,0.649885,0.35002
AGCCCTAAGCGAAGTT-1,0.000037,0.000037,0.800169,0.199758
AGCCCTCCCTGGTGGC-1,0.000044,0.31163,0.39258,0.295747
AGCCCTGTCGCACCGT-1,0.00008,0.100288,0.318055,0.581577
AGCCCTTCTAATCCGA-1,0.000043,0.005385,0.861854,0.132718
AGCCCTTGGACATCCC-1,0.000111,0.000111,0.619677,0.380101
AGCCGCAAATTCAAAT-1,0.000029,0.012725,0.753437,0.233809
AGCCGCTTGATTAGCG-1,0.000012,0.007057,0.886868,0.106064
AGCCGTGGCTAAATGT-1,0.000077,0.007143,0.000461,0.992319
AGCCTAATACCCACGT-1,0.000076,0.083413,0.000457,0.916054
AGCCTTAAAGCGGAAG-1,0.000072,0.000072,0.538313,0.461543
AGCCTTGTCACTGATA-1,0.000028,0.631253,0.000169,0.36855
AGCGACAGGAACGGTC-1,0.000023,0.023322,0.86963,0.107025
AGCGACATCCCATTCA-1,0.000051,0.000051,0.760361,0.239538
AGCGACCAACGATATT-1,0.000082,0.000082,0.753144,0.246693
AGCGACTTTGAAGACA-1,0.000695,0.034157,0.676457,0.28869
AGCGAGACGTGAAGGC-1,0.00005,0.245454,0.234179,0.520317
AGCGATGCGCCTAATA-1,0.000224,0.084646,0.052299,0.86283
AGCGCATAATGAATCG-1,0.000034,0.000034,0.714932,0.284999
AGCGCGGGTGCCAATG-1,0.000068,0.000068,0.304264,0.6956
AGCGCTAGAGCGATGT-1,0.000018,0.0036,0.970012,0.026371
AGCGCTTATGGGCAAG-1,0.000039,0.018387,0.591572,0.390002
AGCGGACACTTCGTAG-1,0.000079,0.102181,0.625187,0.272554
AGCGGCGGTTAGCGGT-1,0.000052,0.089112,0.000311,0.910524
AGCGGGAAGGGTCCAT-1,0.000099,0.000099,0.672481,0.327321
AGCGGGTCTGACACTC-1,0.004356,0.000089,0.591977,0.403578
AGCGGTTGAGATGTAC-1,0.000058,0.000058,0.113176,0.886707
AGCGGTTGCCGCTCTG-1,0.000034,0.000034,0.883896,0.116036
AGCGTACGAGAGCTAG-1,0.000099,0.000099,0.541242,0.45856
AGCGTAGCGCTAGACC-1,0.000071,0.000071,0.49849,0.501367
AGCGTCTGAACCCGCA-1,0.000034,0.000034,0.988676,0.011255
AGCGTGGTATTCTACT-1,0.000054,0.000054,0.720263,0.27963
AGCGTTCCGATTTAAA-1,0.00003,0.00003,0.580969,0.418971
AGCTAACAAGCAATGT-1,0.000048,0.000429,0.743886,0.255636
AGCTAAGCTCCGTCCG-1,0.000009,0.329948,0.660726,0.009318
