Barcode,Topic 1,Topic 2,Topic 3to4,Topic 5to8,Topic 9to11
AAACAAGTATCTCCCA-1,0.141,0.055186,0.474365,0.039943,0.289506
AAACACCAATAACTGC-1,0.291591,0.330468,0.000031,0.000062,0.377847
AAACAGAGCGACTCCT-1,0.000031,0.000031,0.514108,0.444378,0.041453
AAACAGCTTTCAGAAG-1,0.159899,0.013435,0.298941,0.43063,0.097095
AAACAGGGTCTATATT-1,0.000013,0.003086,0.288815,0.433516,0.27457
AAACAGTGTTCCTGGG-1,0.744562,0.187595,0.000044,0.000088,0.067711
AAACATGGTGAGAGGA-1,0.544204,0.126817,0.153775,0.002679,0.172526
AAACATTTCCCGGATT-1,0.581941,0.049856,0.261686,0.041225,0.065292
AAACCCGAACGAAATC-1,0.01416,0.006686,0.301506,0.036813,0.640835
AAACCGGGTAGGTACC-1,0.015441,0.000006,0.002737,0.927303,0.054513
AAACCGTTCGTCCAGG-1,0.000008,0.002827,0.084362,0.218082,0.694722
AAACCTAAGCAGCCGG-1,0.793598,0.030369,0.097965,0.000071,0.077997
AAACCTCATGAAGTTG-1,0.000005,0.000005,0.001618,0.971462,0.02691
AAACGAAGATGGAGTA-1,0.128822,0.41427,0.456778,0.000074,0.000056
AAACGAGACGGTTGAT-1,0.000009,0.005244,0.316557,0.637541,0.040648
AAACGGGCGTACGGGT-1,0.064581,0.712764,0.010294,0.031562,0.180799
AAACGGTTGCGAACTG-1,0.778567,0.048823,0.073704,0.000108,0.098798
AAACGTGTTCGCCCTA-1,0.000049,0.087552,0.64377,0.002883,0.265745
AAACTCGGTTCGCAAT-1,0.662054,0.168307,0.000035,0.000071,0.169533
AAACTCGTGATATAAG-1,0.000032,0.045958,0.634252,0.088209,0.231549
AAACTGCTGGCTCCAA-1,0.091333,0.002489,0.804064,0.101416,0.000697
AAACTTAATTGCACGC-1,0.734981,0.1128,0.152086,0.000076,0.000057
AAACTTGCAAACGTAT-1,0.017029,0.03572,0.182661,0.354045,0.410546
AAAGAATGACCTTAGA-1,0.682786,0.068126,0.192556,0.019144,0.037388
AAAGACCCAAGTCGCG-1,0.000075,0.17652,0.611559,0.000301,0.211544
AAAGACTGGGCGCTTT-1,0.022674,0.027577,0.517078,0.243665,0.189007
AAAGCTTGCCTACATA-1,0.000015,0.000015,0.257693,0.344124,0.398153
AAAGGCCCTATAATAC-1,0.228984,0.391503,0.000036,0.000072,0.379405
AAAGGCTACGGACCAT-1,0.202121,0.639952,0.000077,0.152768,0.005082
AAAGGCTCTCGCGCCG-1,0.11552,0.052793,0.831466,0.000126,0.000095
AAAGGGATGTAGCAAG-1,0.000032,0.000032,0.765176,0.231614,0.003147
AAAGGGCAGCTTGAAT-1,0.02501,0.000013,0.125606,0.716012,0.133361
AAAGGTAAGCTGTACC-1,0.000059,0.583355,0.380785,0.000238,0.035563
AAAGTAGCATTGCTCA-1,0.000028,0.059244,0.898725,0.000113,0.04189
AAAGTCACTGATGTAA-1,0.03277,0.444305,0.366906,0.005994,0.150025
AAAGTCGACCCTCAGT-1,0.02561,0.000009,0.014876,0.866673,0.092832
AAAGTGTGATTTATCT-1,0.00002,0.069278,0.624235,0.120084,0.186383
AAAGTTGACTCCCGTA-1,0.015548,0.122385,0.631365,0.066478,0.164225
AAATAACCATACGGGA-1,0.00002,0.107485,0.38057,0.345414,0.166511
AAATAAGGTAGTGCCC-1,0.000006,0.000006,0.135427,0.850776,0.013786
AAATACCTATAAGCAT-1,0.100443,0.052054,0.342181,0.298502,0.20682
AAATAGCTTAGACTTT-1,0.053942,0.000014,0.339473,0.271795,0.334776
AAATAGGGTGCTATTG-1,0.259922,0.008853,0.51934,0.067121,0.144763
AAATCCGATACACGCC-1,0.068704,0.226985,0.001604,0.093281,0.609426
AAATCGCGGAAGGAGT-1,0.000211,0.097815,0.055606,0.602736,0.243632
AAATCGTGTACCACAA-1,0.034272,0.00873,0.364331,0.266975,0.325692
AAATCTAGCCCTGCTA-1,0.187405,0.044016,0.302986,0.088553,0.37704
AAATCTGCCCGCGTCC-1,0.732295,0.1453,0.104673,0.017652,0.000079
AAATGACTGATCAAAC-1,0.874128,0.000077,0.012152,0.113411,0.000232
AAATGATTCGATCAGC-1,0.000025,0.010049,0.484572,0.460375,0.04498
AAATGCTCGTTACGTT-1,0.000059,0.000059,0.960711,0.026027,0.013143
AAATGGCATGTCTTGT-1,0.00004,0.00004,0.838915,0.092453,0.068552
AAATGGCCCGTGCCCT-1,0.219929,0.097601,0.142915,0.09486,0.444695
AAATGGTCAATGTGCC-1,0.040652,0.000077,0.365678,0.141541,0.452052
AAATGTATCTTATCCC-1,0.000028,0.010407,0.249426,0.645059,0.09508
AAATTAACGGGTAGCT-1,0.000026,0.000026,0.692547,0.307324,0.000078
AAATTAATAAGCGCGA-1,0.000035,0.038782,0.806635,0.101691,0.052857
AAATTACACGACTCTG-1,0.00003,0.00003,0.417989,0.457885,0.124067
AAATTACCTATCGATG-1,0.000015,0.000015,0.076258,0.520835,0.402876
AAATTCCAGGTCCAAA-1,0.04686,0.000006,0.068454,0.544084,0.340596
AAATTGATAGTCCTTT-1,0.000019,0.154463,0.178049,0.000077,0.667391
AAATTGGTGAGAAGCA-1,0.000042,0.142482,0.742777,0.000166,0.114533
AAATTTGCGGGTGTGG-1,0.062621,0.021643,0.873351,0.014862,0.027524
AACAACTGGTAGTTGC-1,0.006114,0.020457,0.127218,0.76237,0.083842
AACAATACATTGTCGA-1,0.014272,0.557469,0.000019,0.238284,0.189955
AACAATTACTCTACGC-1,0.008871,0.03214,0.7289,0.191013,0.039077
AACACACGCTCGCCGC-1,0.000025,0.000005,0.007899,0.504631,0.487441
AACACGACTGTACTGA-1,0.000067,0.091282,0.631485,0.12686,0.150306
AACACGAGACGCGGCC-1,0.000011,0.00022,0.262268,0.090731,0.64677
AACAGCTGTGTGGCAA-1,0.58665,0.115314,0.289374,0.000094,0.008567
AACAGGAAATCGAATA-1,0.000029,0.000029,0.394014,0.540713,0.065214
AACAGGATGGGCCGCG-1,0.000022,0.02184,0.465558,0.456243,0.056336
AACAGGTAGTATGGAT-1,0.019871,0.015992,0.427408,0.060193,0.476535
AACATAGCGTGTATCG-1,0.855634,0.022709,0.044571,0.076854,0.000232
AACATATCAACTGGTG-1,0.005521,0.031899,0.357116,0.415654,0.18981
AACATCGATACGTCTA-1,0.000025,0.000025,0.00005,0.008319,0.991581
AACATTGAAGTTGATC-1,0.595045,0.347494,0.057251,0.00012,0.00009
AACATTGTGACTCGAG-1,0.382288,0.499157,0.118355,0.000115,0.000086
AACCAAGACTTCTCTG-1,0.009571,0.00666,0.634104,0.349611,0.000053
AACCATAGGGTTGAAC-1,0.708971,0.227554,0.00148,0.017906,0.044089
AACCATGGGATCGCTA-1,0.000065,0.026209,0.587291,0.203776,0.182659
AACCCAGAGACGGAGA-1,0.03299,0.031928,0.696873,0.208459,0.029749
AACCCATCCCATGATC-1,0.00497,0.078772,0.132685,0.000074,0.783499
AACCCGACAACCCGTG-1,0.427451,0.382173,0.000032,0.000063,0.190281
AACCCGCTGTATTCCA-1,0.79016,0.090933,0.118403,0.000287,0.000216
AACCCTACTGTCAATA-1,0.000025,0.312589,0.465044,0.0266,0.195743
AACCGAGCTTGGTCAT-1,0.048366,0.003239,0.706285,0.22682,0.01529
AACCGCTAAGGGATGC-1,0.000006,0.000006,0.05191,0.450615,0.497463
AACCGTTGTGTTTGCT-1,0.000116,0.013735,0.985334,0.000465,0.00035
AACCTCGCTTTAGCCC-1,0.099313,0.533825,0.000051,0.127387,0.239424
AACCTGTCACGGAATT-1,0.015015,0.004442,0.335852,0.441526,0.203165
AACCTTTAAATACGGT-1,0.000018,0.08809,0.686637,0.076929,0.148326
AACCTTTACGACGTCT-1,0.000028,0.000028,0.34714,0.587363,0.065441
AACGAAAGTCGTCCCA-1,0.069067,0.114125,0.463892,0.181005,0.171911
AACGATAATGCCGTAG-1,0.00005,0.263493,0.120372,0.000202,0.615883
AACGATAGAAGGGCCG-1,0.00005,0.00005,0.790533,0.143103,0.066265
AACGATATGTCAACTG-1,0.000028,0.01926,0.593648,0.346707,0.040357
AACGCATGATCTGGGT-1,0.000036,0.000036,0.454906,0.510261,0.034761
AACGCGACCTTGGGCG-1,0.700678,0.124632,0.117383,0.000127,0.05718
AACGCGGTCTCCAGCC-1,0.000038,0.000038,0.332186,0.123774,0.543965
AACGCTGTTGCTGAAA-1,0.00001,0.042439,0.184447,0.526478,0.246625
AACGGACGTACGTATA-1,0.000019,0.181639,0.818209,0.000076,0.000057
AACGGCCATCTCCGGT-1,0.010533,0.015953,0.33942,0.284052,0.350042
AACGTACTGTGGGTAC-1,0.000022,0.004103,0.720948,0.183165,0.091762
AACGTCAGACTAGTGG-1,0.000036,0.016204,0.654976,0.218095,0.110688
AACGTCATCCGGCTTG-1,0.688444,0.003788,0.007577,0.288827,0.011365
AACGTGATGAAGGACA-1,0.000062,0.657654,0.341847,0.000249,0.000187
AACGTGCGAAAGTCTC-1,0.0708,0.001537,0.345726,0.576539,0.005397
AACGTTATCAGCACCT-1,0.000042,0.000042,0.304257,0.690366,0.005293
AACTACCCGTTTGTCA-1,0.000021,0.149212,0.66106,0.009722,0.179985
AACTAGGCTTGGGTGT-1,0.005373,0.021042,0.126319,0.034631,0.812635
AACTCAAGTTAATTGC-1,0.001064,0.000579,0.249849,0.677701,0.070806
AACTCCAGAGCGTGTT-1,0.138649,0.224053,0.543401,0.059609,0.034288
AACTCCTAATCCCATG-1,0.000036,0.000036,0.66989,0.241768,0.08827
AACTCTCAATAGAGCG-1,0.01504,0.020948,0.1507,0.273916,0.539396
AACTCTCAGTGTGCTC-1,0.00001,0.0884,0.148901,0.425068,0.337622
AACTGATATTAGGCCT-1,0.000036,0.004188,0.540388,0.429582,0.025806
AACTGGGTCCCGACGT-1,0.000013,0.000013,0.208118,0.787549,0.004306
AACTTCTGCGTCTATC-1,0.000055,0.000055,0.373591,0.278446,0.347853
AACTTGCCCGTATGCA-1,0.000021,0.000021,0.332507,0.59947,0.067981
AACTTGCGTTCTCGCG-1,0.000066,0.074484,0.587495,0.282266,0.055688
AACTTTACGGGAGCTT-1,0.000046,0.000046,0.799997,0.187678,0.012233
AACTTTCTCGATCATG-1,0.000021,0.003587,0.296417,0.152596,0.54738
AAGAAAGTTTGATGGG-1,0.581871,0.297838,0.084182,0.000165,0.035943
AAGAAATCACCAGATT-1,0.048501,0.045329,0.265875,0.152355,0.48794
AAGACCAAATAACTCA-1,0.541895,0.349483,0.079257,0.015716,0.013649
AAGACCCAACTGAACA-1,0.409428,0.255929,0.311073,0.000126,0.023445
AAGACTGCAAGCTACT-1,0.000012,0.008588,0.240324,0.661904,0.089171
AAGAGATGAATCGGTA-1,0.035483,0.000012,0.006872,0.750636,0.206997
AAGAGCTCTTTATCGG-1,0.035645,0.031688,0.262242,0.464482,0.205943
AAGAGGATGTACGCGA-1,0.000007,0.000007,0.008106,0.885185,0.106695
AAGAGGCATGGATCGC-1,0.029902,0.000115,0.098809,0.432941,0.438232
AAGAGGCCCTTTGGAA-1,0.06117,0.086914,0.303647,0.007899,0.54037
AAGATGGCACCGGACC-1,0.213815,0.078697,0.073242,0.423443,0.210804
AAGATTGGCGGAACGT-1,0.00001,0.002844,0.141213,0.698959,0.156973
AAGCACCCTGCGTATC-1,0.081677,0.467362,0.450661,0.000171,0.000128
AAGCATACTCTCCTGA-1,0.000015,0.122619,0.317302,0.180258,0.379807
AAGCCACTTGCAGGTA-1,0.770999,0.089934,0.095221,0.030509,0.013337
AAGCCGAAGCGGTTTA-1,0.000016,0.130967,0.717926,0.00625,0.144841
AAGCCGCCGTGAAATC-1,0.824296,0.006555,0.071016,0.002377,0.095756
AAGCCGCTTTACCTTG-1,0.000028,0.021478,0.331999,0.232746,0.413749
AAGCGCAGGGCTTTGA-1,0.118321,0.184496,0.418897,0.000228,0.278058
AAGCGGAGTGCGCGCA-1,0.022253,0.080087,0.239551,0.15762,0.500488
AAGCGGCGTCATGGGT-1,0.000041,0.0891,0.497121,0.177157,0.236581
AAGCGTCCCTCATCGA-1,0.000046,0.319637,0.679996,0.000183,0.000138
AAGCTAGATCGAGTAA-1,0.000025,0.091255,0.868692,0.017133,0.022895
AAGCTATGGATTGACC-1,0.524073,0.000362,0.000724,0.473754,0.001087
AAGCTCGTGCCAAGTC-1,0.022305,0.007923,0.414246,0.543213,0.012313
AAGCTCTTTCATGGTG-1,0.000046,0.194248,0.694367,0.1112,0.000138
AAGGAGCGGTTGGTGC-1,0.044954,0.000171,0.232249,0.557674,0.164952
AAGGATCGATCGCTTG-1,0.05432,0.002788,0.353634,0.210243,0.379014
AAGGATGAGGGACCTC-1,0.097033,0.003011,0.806299,0.063984,0.029674
AAGGCAGGCTGTCTCC-1,0.027612,0.004234,0.332718,0.182098,0.453337
AAGGCGCGTAAAGCTT-1,0.000021,0.000021,0.228589,0.645238,0.126131
AAGGCTGTGCTCATCG-1,0.028841,0.000022,0.291244,0.641522,0.038371
AAGGGAACGACTGGCT-1,0.354544,0.383966,0.128611,0.018799,0.11408
AAGGGACAGATTCTGT-1,0.000008,0.000008,0.000017,0.872748,0.127219
AAGGGACTATGCATTC-1,0.112306,0.36724,0.000037,0.000073,0.520344
AAGGGTTTGATTTCAG-1,0.143183,0.12405,0.401355,0.088411,0.243
AAGGTATCCTAATATA-1,0.015538,0.003898,0.665435,0.128289,0.18684
AAGGTGATAAACCAGC-1,0.000111,0.038134,0.557892,0.001841,0.402022
AAGTAGAAGACCGGGT-1,0.000014,0.000014,0.004057,0.927071,0.068844
AAGTAGTGACGCGAGG-1,0.037567,0.01242,0.582453,0.364093,0.003467
AAGTCAATTGTCGTCA-1,0.000012,0.09157,0.40491,0.064667,0.438841
AAGTCTAGTAGCTGCC-1,0.034122,0.010092,0.33252,0.224862,0.398404
AAGTCTTCTGTGGCCT-1,0.000024,0.086611,0.514343,0.254035,0.144988
AAGTGACGACCGAATT-1,0.000012,0.000012,0.177722,0.263471,0.558783
AAGTGAGTCGGGTTTA-1,0.538911,0.150656,0.161592,0.000122,0.148719
AAGTGCAAAGGTAGAC-1,0.000042,0.039693,0.697692,0.182416,0.080156
AAGTGCCTTGACTGTA-1,0.000007,0.000007,0.005609,0.482149,0.512228
AAGTGCGTTAGAATCT-1,0.000013,0.02982,0.36851,0.103458,0.498199
AAGTGCTTCTCTATTG-1,0.573633,0.237535,0.052393,0.0169,0.119539
AAGTGTTTGGAGACGG-1,0.00001,0.00001,0.193665,0.549405,0.256911
AAGTTCACTCCAAGCT-1,0.358508,0.043306,0.597923,0.00015,0.000112
AAGTTCAGTCTGCGTA-1,0.01599,0.033353,0.243274,0.278843,0.42854
AAGTTCGGCCAACAGG-1,0.000673,0.009646,0.354075,0.439269,0.196335
AAGTTGTGATGTTATA-1,0.127851,0.095904,0.23121,0.128211,0.416825
AAGTTTATGGGCCCAA-1,0.668521,0.232608,0.015957,0.000112,0.082803
AATAACAACGCTCGGC-1,0.000004,0.000004,0.013503,0.807945,0.178543
AATAACACTAGAACAA-1,0.008429,0.000007,0.157719,0.393198,0.440647
AATACAATGTTTCAGG-1,0.00003,0.00003,0.559207,0.428162,0.012571
AATACCGGAGGGCTGT-1,0.820038,0.087676,0.090436,0.000069,0.001781
AATACCTGATGTGAAC-1,0.089807,0.00841,0.405792,0.045895,0.450095
AATAGAACAGAGTGGC-1,0.000007,0.000007,0.125562,0.424431,0.449992
AATAGAATCTGTTTCA-1,0.000021,0.098621,0.891002,0.010292,0.000064
AATAGCTACCGCGTGC-1,0.00488,0.009173,0.057157,0.725751,0.20304
AATAGGCACGACCCTT-1,0.341519,0.004785,0.00957,0.019141,0.624984
AATAGTCCGTCCCGAC-1,0.35112,0.051856,0.589664,0.007279,0.000082
AATAGTCGCGAGTCGG-1,0.000027,0.000027,0.125114,0.66548,0.209352
AATATCCTAGCAAACT-1,0.063929,0.004422,0.468682,0.12459,0.338377
AATATCGAATCAATGC-1,0.000028,0.092565,0.466055,0.000575,0.440777
AATATCGAGGGTTCTC-1,0.003931,0.000027,0.458619,0.519417,0.018006
AATATTGGAGTATTGA-1,0.070918,0.000013,0.285977,0.636618,0.006474
AATCAGGTTTCATTTA-1,0.693622,0.0944,0.006695,0.060869,0.144414
AATCATGTAAAGACTC-1,0.087295,0.212555,0.691734,0.000091,0.008325
AATCCAAGGGCCTGAG-1,0.000085,0.230003,0.769316,0.000341,0.000255
AATCCCGCTCAGAGCC-1,0.71652,0.142394,0.099061,0.041416,0.000609
AATCGAGGTCTCAAGG-1,0.880963,0.000246,0.003663,0.114388,0.000739
AATCGCCTCAGCGCCA-1,0.021346,0.006301,0.363118,0.465451,0.143783
AATCGCGCAGAGGACT-1,0.000012,0.000529,0.48602,0.462152,0.051287
AATCGTGAGCCGAGCA-1,0.61139,0.164163,0.091806,0.1053,0.02734
AATCTAGGTTTACTTG-1,0.014005,0.136794,0.79304,0.00012,0.056042
AATCTATGCCGGAGCC-1,0.009568,0.00002,0.168725,0.744449,0.077237
AATCTCTACTGTGGTT-1,0.035244,0.004517,0.003336,0.936408,0.020494
AATCTGCGTTGGGACG-1,0.000024,0.06287,0.538574,0.216885,0.181648
AATCTGGCTTTCTAGT-1,0.000025,0.011552,0.593941,0.175721,0.218762
AATGACAGCAATGTCT-1,0.000025,0.090229,0.885596,0.024074,0.000076
AATGACGTAGGATGTC-1,0.00002,0.007811,0.801171,0.187549,0.00345
AATGACTGTCAGCCGG-1,0.000031,0.000031,0.577846,0.264688,0.157405
AATGAGTTCGCATATG-1,0.030521,0.081576,0.825264,0.028947,0.033692
AATGATGATACGCTAT-1,0.000035,0.000035,0.656108,0.329532,0.014289
AATGATGCGACTCCTG-1,0.000016,0.000016,0.051056,0.82362,0.125291
AATGCAACCGGGTACC-1,0.000025,0.008017,0.615148,0.255317,0.121492
AATGCACCAAGCAATG-1,0.000028,0.000028,0.582362,0.417496,0.000085
AATGGTCCACCGTTCA-1,0.00002,0.003417,0.293041,0.658808,0.044714
AATGGTTCTCACAAGC-1,0.005982,0.000016,0.073089,0.772113,0.1488
AATGTATGGCACTGTA-1,0.503115,0.369776,0.023198,0.0737,0.03021
AATGTGCCCGAGGTGT-1,0.040649,0.031386,0.456606,0.141455,0.329904
AATGTGCTAATCTGAG-1,0.962953,0.013639,0.023268,0.00008,0.00006
AATGTTAAGACCCTGA-1,0.503959,0.198081,0.077277,0.150529,0.070154
AATTAAAGGTCGGCGT-1,0.000008,0.001254,0.109349,0.859189,0.0302
AATTAACGGATTTCCA-1,0.107545,0.206382,0.407636,0.182355,0.096081
AATTACGAGACCCATC-1,0.579256,0.0457,0.245417,0.023075,0.106553
AATTAGCGCTGCAGCG-1,0.000023,0.038377,0.419576,0.236146,0.305878
AATTATACCCAGCAAG-1,0.977163,0.000119,0.000238,0.022123,0.000357
AATTCATAAGGGATCT-1,0.000017,0.001317,0.159886,0.543012,0.295768
AATTCATTGTCATGCA-1,0.349696,0.458711,0.118839,0.000128,0.072626
AATTCCAAGCATGTAC-1,0.890833,0.021762,0.087223,0.000104,0.000078
AATTCGATTCGAGGAT-1,0.166241,0.154979,0.263048,0.000426,0.415305
AATTCTAGAGTTAGGC-1,0.057236,0.018932,0.881754,0.041994,0.000084
AATTGAACGCTCTGGT-1,0.156427,0.003461,0.138074,0.005203,0.696835
AATTGCAGCAATCGAC-1,0.337062,0.470981,0.172517,0.000101,0.01934
AATTGCGTGGATTACA-1,0.556479,0.351166,0.005916,0.006648,0.079791
AATTTGGGACATAGTA-1,0.000036,0.000036,0.565657,0.184792,0.249479
AATTTGGTTCCAAAGA-1,0.000075,0.026308,0.88091,0.074758,0.01795
ACAAACCATGCGTCCT-1,0.74481,0.220798,0.012869,0.001796,0.019728
ACAAACTCCATCAGAG-1,0.871438,0.00006,0.128079,0.000241,0.000181
ACAAAGAAGGTAGGCC-1,0.011819,0.011604,0.561392,0.241316,0.173869
ACAAAGCATGACCTAG-1,0.215294,0.508623,0.082638,0.000097,0.193348
ACAAATCGCACCGAAT-1,0.065664,0.02375,0.910467,0.000068,0.000051
ACAAATGGTAGTGTTT-1,0.000266,0.03171,0.498209,0.157036,0.312779
ACAACAGCATGAGCTA-1,0.073998,0.00832,0.337804,0.553742,0.026137
ACAACGGTCCCTGCGA-1,0.000024,0.000024,0.489079,0.487403,0.023469
ACAAGCAGTGCCTAGC-1,0.000011,0.000011,0.156123,0.770957,0.072899
ACAAGCTATATGGAAG-1,0.000018,0.001469,0.231001,0.738447,0.029065
ACAAGGAAATCCGCCC-1,0.000016,0.072207,0.80148,0.070634,0.055663
ACAAGGACAAGAGGTT-1,0.000012,0.000012,0.113898,0.762769,0.123309
ACAAGGATGCTTTAGG-1,0.060619,0.371268,0.108613,0.031256,0.428245
ACAAGGGCAGGCTCTG-1,0.027013,0.000008,0.181408,0.504214,0.287358
ACAAGTAATTGTAAGG-1,0.005051,0.949488,0.010102,0.020205,0.015153
ACAATAGTCGTACGTT-1,0.03271,0.005485,0.135642,0.627529,0.198634
ACAATCCATTTAAACC-1,0.096568,0.007864,0.345898,0.438327,0.111343
ACAATGAATACGGAGA-1,0.045563,0.36027,0.593958,0.000119,0.00009
ACAATTGTGTCTCTTT-1,0.000009,0.000009,0.028701,0.580827,0.390454
ACAATTTAGGAGGCTC-1,0.000022,0.000022,0.101008,0.835527,0.063422
ACAATTTGAGCAGTGG-1,0.009365,0.053503,0.520511,0.398747,0.017874
ACACAAAGACGGGTGG-1,0.00684,0.000023,0.515227,0.285072,0.192837
ACACAAATATTCCTAG-1,0.000042,0.148331,0.591081,0.000167,0.26038
ACACACCAGGACCAGT-1,0.033039,0.018606,0.932911,0.00237,0.013073
ACACACTTTCTACACG-1,0.000052,0.000052,0.486435,0.302126,0.211334
ACACATGATCAAATCT-1,0.510738,0.205747,0.226998,0.000914,0.055603
ACACATTTCCGTAGAC-1,0.815685,0.006496,0.000141,0.000282,0.177396
ACACCACATAATTAGC-1,0.007194,0.006593,0.190793,0.687509,0.107912
ACACCCAGCATGCAGC-1,0.000024,0.000024,0.322637,0.422483,0.254831
ACACCCGAGAAATCCG-1,0.005676,0.00002,0.18917,0.748419,0.056715
ACACCGGTCTGACCGC-1,0.343875,0.001255,0.000014,0.210552,0.444305
ACACCTTAAGTAGGGC-1,0.000022,0.000022,0.219509,0.703607,0.07684
ACACCTTACTACTTGC-1,0.021879,0.07126,0.692721,0.101858,0.112283
ACACGAGACTCCTTCT-1,0.044891,0.00001,0.08748,0.790712,0.076906
ACACGGGAACTTAGGG-1,0.00002,0.394683,0.161783,0.414573,0.028941
ACACGTAGGCCACAAG-1,0.080734,0.071765,0.313351,0.029658,0.504492
ACACTCCAATGTCACT-1,0.000067,0.013684,0.567549,0.076574,0.342125
ACACTGATCAAGGTGT-1,0.010568,0.028087,0.365101,0.089803,0.506442
ACAGAACTGAGAACAA-1,0.087426,0.000005,0.001369,0.121796,0.789403
ACAGCATAGAGCCAGT-1,0.000086,0.156643,0.719915,0.000344,0.123011
ACAGCGACATTCTCAT-1,0.223101,0.053841,0.020468,0.276626,0.425964
ACAGCGCACCCGCAGC-1,0.000053,0.177654,0.744893,0.006869,0.070531
ACAGGCACGGATCCTT-1,0.629423,0.308854,0.044993,0.00014,0.01659
ACAGGCTTGCCCGACT-1,0.000025,0.050856,0.743056,0.080082,0.125981
ACAGGTGGAGGTGAGG-1,0.000016,0.015223,0.61573,0.191617,0.177415
ACAGGTGTGTTGTTGC-1,0.000021,0.473991,0.107885,0.41804,0.000064
ACAGTAATACAACTTG-1,0.000144,0.009422,0.117425,0.575691,0.297319
ACAGTATACCGTGGGA-1,0.000027,0.000027,0.274808,0.399926,0.325214
ACATAAGTCGTGGTGA-1,0.155995,0.025601,0.031325,0.362796,0.424284
ACATAATAAGGCGGTG-1,0.000021,0.001803,0.338111,0.569931,0.090135
ACATACAATCAAGCGG-1,0.726336,0.115502,0.156273,0.001079,0.000809
ACATCAGCTGGGACGC-1,0.000012,0.032411,0.156118,0.755854,0.055606
ACATCCCGGCCATACG-1,0.00002,0.097101,0.421925,0.238999,0.241955
ACATCCTGGTAACTGT-1,0.000018,0.376759,0.301081,0.01479,0.307351
ACATCGATCGTTTACC-1,0.004567,0.038895,0.261094,0.691308,0.004135
ACATCGCAATATTCGG-1,0.735896,0.002933,0.240641,0.011732,0.008798
ACATCGGTCAGCCGCG-1,0.013445,0.011167,0.347807,0.572795,0.054786
ACATCGTATGCAATGG-1,0.000024,0.006037,0.885227,0.107323,0.001389
ACATCGTTAACCTAGT-1,0.01579,0.046378,0.579711,0.164465,0.193656
ACATGCTTACGGCAGC-1,0.790739,0.120304,0.088667,0.000166,0.000125
ACATGGCGCCAAAGTA-1,0.000014,0.000014,0.361478,0.277054,0.361441
ACATTAGTTTATATCC-1,0.000013,0.025189,0.134565,0.618235,0.221999
ACATTCGCGCGGAATA-1,0.688095,0.06353,0.163573,0.041514,0.043288
ACATTTGAAACCTAAC-1,0.334997,0.301197,0.071843,0.000116,0.291847
ACCAAACACCCAGCGA-1,0.000018,0.027001,0.406137,0.349072,0.217772
ACCAACACCACACACT-1,0.000024,0.000024,0.35074,0.624981,0.024232
ACCAACCGCACTCCAC-1,0.154597,0.514638,0.00005,0.0001,0.330615
ACCAACGCTTATTTAT-1,0.000015,0.019746,0.417597,0.258002,0.30464
ACCAAGAACGCGTGTC-1,0.000027,0.000027,0.221222,0.450529,0.328194
ACCAATATGCAAGTTA-1,0.018941,0.216519,0.764336,0.000117,0.000088
ACCACAAGTTTCTATC-1,0.001213,0.058803,0.426691,0.281202,0.232091
ACCACACGGTTGATGG-1,0.684781,0.115494,0.084237,0.115345,0.000142
ACCACCAATGTAACAA-1,0.087109,0.000013,0.676704,0.110723,0.125451
ACCACCCTCTCTTCTA-1,0.029532,0.004764,0.433689,0.428536,0.10348
ACCACGTGCAGCTATA-1,0.000018,0.024806,0.785,0.127581,0.062595
ACCAGACCATAACAAC-1,0.000007,0.000007,0.001153,0.467588,0.531244
ACCAGTGCCCGGTCAA-1,0.000043,0.15425,0.515152,0.105146,0.225409
ACCAGTGCGGGAGACG-1,0.003888,0.000016,0.118865,0.487506,0.389726
ACCATATCCGCAATAA-1,0.007691,0.017416,0.207447,0.661739,0.105706
ACCATCCGCCAACTAG-1,0.01001,0.024461,0.387676,0.488611,0.089242
ACCATCGTATATGGTA-1,0.00003,0.00003,0.5607,0.436896,0.002343
ACCCAACGCCCGTGGC-1,0.00002,0.005062,0.609482,0.333298,0.052138
ACCCACCTACATGCTC-1,0.000034,0.005923,0.514968,0.438958,0.040117
ACCCATCTTGAGGGTA-1,0.029532,0.03217,0.353094,0.464919,0.120285
ACCCATTTGTCCCTCT-1,0.144994,0.575598,0.07638,0.000181,0.202847
ACCCGAGCGAAATTAC-1,0.775768,0.024545,0.189273,0.000083,0.010331
ACCCGATTGGTTCCGA-1,0.926566,0.001175,0.013349,0.049713,0.009197
ACCCGGAAACTCCCAG-1,0.000015,0.403182,0.00003,0.417263,0.17951
ACCCGGATGACGCATC-1,0.006399,0.004758,0.030188,0.365963,0.592691
ACCCGGTTACACTTCC-1,0.000012,0.000012,0.17371,0.685738,0.140529
ACCCGTAGCAGAGAAT-1,0.609849,0.000017,0.000033,0.073112,0.316989
ACCCGTGTCATCAGTA-1,0.073863,0.086017,0.18741,0.405249,0.247462
ACCCTATGCCATATCG-1,0.288201,0.030948,0.646369,0.000124,0.034358
ACCCTCCCGTCAGGGC-1,0.770586,0.176873,0.052345,0.000112,0.000084
ACCCTCCCTTGCTATT-1,0.000034,0.089123,0.700793,0.018263,0.191788
ACCCTGGTAACGCCCT-1,0.000025,0.000025,0.163168,0.77555,0.061233
ACCCTTCATCTGCGAA-1,0.000054,0.000054,0.49023,0.398088,0.111574
ACCCTTGCCTGGGTCG-1,0.001156,0.029433,0.206708,0.384025,0.378678
ACCGAAAGGGCCCTGC-1,0.000061,0.107948,0.474555,0.167544,0.249891
ACCGAAGAGTCTGGTT-1,0.015674,0.000009,0.000026,0.063404,0.920887
ACCGACACATCTCCCA-1,0.56246,0.140458,0.223796,0.024651,0.048634
ACCGACTGAGTCCCAC-1,0.005659,0.000008,0.000166,0.974987,0.01918
ACCGAGTCTCCTTATT-1,0.634502,0.329804,0.035424,0.000155,0.000116
ACCGATGGTAGCATCG-1,0.000015,0.000594,0.365162,0.522501,0.111728
ACCGCAATAACTGCCT-1,0.051233,0.166999,0.781596,0.000098,0.000074
ACCGCGGTGGAAGTCG-1,0.047418,0.024875,0.476073,0.0001,0.451533
ACCGCTAGTCATTGGT-1,0.876903,0.086846,0.000095,0.00019,0.035966
ACCGGGCCTTTGTTGA-1,0.027273,0.014696,0.484389,0.024369,0.449274
ACCGGTCAGGTACACC-1,0.390059,0.163595,0.42648,0.000105,0.019762
ACCGTCCACTGGGCCC-1,0.177166,0.04431,0.027529,0.217602,0.533393
ACCGTGACCACGTGGG-1,0.249279,0.175237,0.173325,0.18961,0.21255
ACCTAAGTACCTTTCA-1,0.000008,0.000008,0.006733,0.352443,0.640807
ACCTAATCGACTTCCT-1,0.013537,0.022779,0.465482,0.329492,0.16871
ACCTACAGTATGTGGT-1,0.000014,0.000232,0.549547,0.341037,0.109171
ACCTACTATAAATCTA-1,0.187573,0.195527,0.000053,0.061071,0.555777
ACCTCAGCGAGGCGCA-1,0.238307,0.004785,0.723411,0.019141,0.014356
ACCTCCGCCCTCGCTG-1,0.000015,0.000015,0.312253,0.236874,0.450844
ACCTCCGTTATTCACC-1,0.000015,0.05644,0.315242,0.447642,0.180661
ACCTCGAACTTATGCT-1,0.877658,0.056498,0.021374,0.000084,0.044385
ACCTGCGTGTCATGTT-1,0.000011,0.030989,0.026892,0.525604,0.416504
ACGAAATGGGCGGCAC-1,0.000015,0.00245,0.325812,0.650381,0.021342
ACGACTCTAGGGCCGA-1,0.91479,0.043312,0.041739,0.000091,0.000068
ACGACTGGTCATACTC-1,0.260372,0.305906,0.004856,0.000108,0.428758
ACGAGATATTTGCTTA-1,0.000076,0.378166,0.513587,0.005941,0.102231
ACGAGGATACCACTCT-1,0.000012,0.001461,0.045959,0.039682,0.912887
ACGAGGTTTACAACGT-1,0.00003,0.375159,0.247363,0.000118,0.37733
ACGAGTACGGATGCCC-1,0.00001,0.00001,0.034801,0.796471,0.168709
ACGATACATAGAACTA-1,0.000025,0.000025,0.294233,0.237459,0.468258
ACGATACCTATCCTGA-1,0.027796,0.000066,0.832534,0.139407,0.000197
ACGATCATACATAGAG-1,0.000026,0.000026,0.451448,0.416102,0.132398
ACGATCATCTTGTAAA-1,0.007612,0.000008,0.013814,0.621784,0.356783
ACGATGCATATGTTAT-1,0.000005,0.000005,0.00001,0.948216,0.051764
ACGATGGATCCGATGC-1,0.000095,0.073933,0.925311,0.000378,0.000284
ACGCAAACTAATAGAT-1,0.454675,0.253435,0.291686,0.000116,0.000087
ACGCAATCACTACAGC-1,0.000031,0.028973,0.464139,0.478659,0.028198
ACGCATACGTTTACTA-1,0.000076,0.178882,0.725732,0.000304,0.095005
ACGCATTCGTGAGTAC-1,0.000021,0.000021,0.226078,0.74706,0.026819
ACGCCACTCGAAACAG-1,0.600026,0.26892,0.026758,0.000424,0.103872
ACGCCAGATGATTTCT-1,0.00004,0.052221,0.634561,0.067184,0.245993
ACGCCAGTGCGTTTGC-1,0.13467,0.059944,0.301988,0.038085,0.465313
ACGCCGCTAGACGACC-1,0.000014,0.000994,0.427224,0.524079,0.047689
ACGCGAAGTCAGACGA-1,0.000023,0.136951,0.83711,0.025847,0.00007
ACGCGCTACACAGGGT-1,0.130899,0.13535,0.646206,0.02472,0.062825
ACGCGGGCCAAGGACA-1,0.00752,0.01395,0.261329,0.565055,0.152146
ACGCGTTTCTTAAGAG-1,0.033019,0.032451,0.024273,0.733318,0.176939
ACGCTAGTGATACACT-1,0.000027,0.080778,0.397114,0.465945,0.056136
ACGCTGTGAGGCGTAG-1,0.000022,0.001226,0.693792,0.304892,0.000067
ACGGAACACGAGTGCC-1,0.083429,0.071433,0.287853,0.026258,0.531027
ACGGAATTTAGCAAAT-1,0.000051,0.205606,0.79399,0.000202,0.000152
ACGGACGCAGCGACAA-1,0.716403,0.000024,0.006923,0.085979,0.190671
ACGGACTCTCAAAGCG-1,0.180092,0.37433,0.063107,0.011109,0.371361
ACGGAGCGCAAATTAC-1,0.000023,0.000023,0.211011,0.731286,0.057656
ACGGATGGTGCGGATA-1,0.143193,0.015575,0.051376,0.49814,0.291716
ACGGCACTTGCTTGGG-1,0.000032,0.033649,0.966096,0.000128,0.000096
ACGGCCAACATGGACT-1,0.000026,0.031384,0.685731,0.117987,0.164871
ACGGCGACGATGGGAA-1,0.045527,0.002213,0.202281,0.160661,0.589318
ACGGCTGGATGTAGAA-1,0.657448,0.133395,0.178529,0.027293,0.003335
ACGGGAGTGTCGGCCC-1,0.057191,0.058609,0.275399,0.535504,0.073296
ACGGGCGTATGCGACA-1,0.00002,0.00002,0.173473,0.815169,0.011319
ACGGGTCATGTGACTT-1,0.000081,0.053892,0.473396,0.269805,0.202827
ACGGGTTGTGACCTGT-1,0.786855,0.013443,0.109443,0.052225,0.038034
ACGGTACAGTTCAATG-1,0.798874,0.163199,0.027717,0.000106,0.010104
ACGGTCACCGAGAACA-1,0.659035,0.058602,0.003881,0.156626,0.121855
ACGTACAGATTTCTCT-1,0.00012,0.172127,0.826912,0.00048,0.00036
ACGTACTTTGGCACGG-1,0.303129,0.521306,0.069498,0.066252,0.039816
ACGTAGATTGCTGATG-1,0.015164,0.000006,0.00347,0.968372,0.012988
ACGTAGGAGAGTCGCT-1,0.579022,0.326052,0.094626,0.000171,0.000128
ACGTATTACTCCGATC-1,0.003079,0.000008,0.000016,0.453843,0.543054
ACGTCGGGCAACTCGG-1,0.797564,0.103248,0.079888,0.012521,0.006779
ACGTCTCGTTCCGGGA-1,0.000086,0.002958,0.147041,0.588113,0.261801
ACGTGACAAAGTAAGT-1,0.028458,0.004992,0.142424,0.558537,0.265589
ACGTGCGCCTCGTGCA-1,0.000036,0.000036,0.423686,0.576132,0.000109
ACGTTAATGTCGAAGA-1,0.000034,0.000034,0.16807,0.119698,0.712164
ACGTTAGATTTGCCCG-1,0.040328,0.000302,0.21213,0.604778,0.142462
ACGTTATTGGTCACTC-1,0.000033,0.000033,0.106611,0.837175,0.056147
ACGTTCACTATGCCGC-1,0.774903,0.121199,0.089002,0.000145,0.014751
ACGTTCGCAATCAATT-1,0.000015,0.060023,0.581405,0.242414,0.116142
ACGTTCGTTCAGGAAA-1,0.061957,0.651449,0.227707,0.029616,0.029272
ACGTTCTGTACAAGTC-1,0.629157,0.080436,0.13057,0.013818,0.146019
ACGTTGTCGTTGAAAG-1,0.791069,0.171208,0.037385,0.000193,0.000145
ACGTTTAGTTGTGATC-1,0.000043,0.000043,0.490517,0.371478,0.137918
ACTAATACGTCAGGCG-1,0.000043,0.085868,0.424517,0.254854,0.234718
ACTACAAAGAGAGGTG-1,0.91328,0.009199,0.077317,0.000117,0.000088
ACTACATCCCGACAAG-1,0.637697,0.146049,0.195026,0.002887,0.01834
ACTACCAGCTCTCTGG-1,0.00002,0.00002,0.095493,0.739426,0.165041
ACTACCATCCGAGGGC-1,0.746317,0.075465,0.046946,0.094288,0.036984
ACTACGCGTTAGAATT-1,0.253132,0.057095,0.118991,0.49287,0.077913
ACTAGTTGCGATCGTC-1,0.000023,0.164515,0.826874,0.000094,0.008494
ACTATATGCTGTGTTC-1,0.000086,0.091004,0.815626,0.000342,0.092942
ACTATCCAGGGCATGG-1,0.000009,0.000175,0.214534,0.340565,0.444716
ACTATCTGCCCGCGTA-1,0.034906,0.018366,0.295046,0.251852,0.39983
ACTATGTCCAGCTGCC-1,0.802464,0.019305,0.113414,0.000096,0.06472
ACTATTCGTCCGTGGT-1,0.000035,0.000035,0.330975,0.561332,0.107622
ACTATTTCCGGGCCCA-1,0.123624,0.256964,0.606124,0.011171,0.002117
ACTCAAGTGCAAGGCT-1,0.118285,0.457782,0.423591,0.000195,0.000146
ACTCAATAAAGGCACG-1,0.006381,0.00002,0.352646,0.618502,0.022451
ACTCAGACCTGCTTCT-1,0.000099,0.106246,0.341119,0.226502,0.326034
ACTCATGGCAGCCTTC-1,0.942563,0.048452,0.003885,0.005046,0.000054
ACTCCAATATCATCAT-1,0.415374,0.328574,0.1187,0.030234,0.107118
ACTCCCATTCCTAAAG-1,0.000025,0.119672,0.868194,0.000099,0.012011
ACTCCCGAATTCGTTT-1,0.050651,0.007291,0.395027,0.255077,0.291955
ACTCCCGTAGACTAGG-1,0.00002,0.002316,0.346575,0.264161,0.386928
ACTCCCTAATGCTAAA-1,0.47323,0.023669,0.340083,0.076262,0.086757
ACTCCCTAGAATAGTA-1,0.031427,0.024869,0.583204,0.262734,0.097766
ACTCCGGCCGACCACT-1,0.264818,0.438327,0.095023,0.000219,0.201613
ACTCGATGTATTTCAT-1,0.000081,0.001044,0.750363,0.240767,0.007745
ACTCGTAACCCGTCCT-1,0.122748,0.008579,0.199194,0.447467,0.222012
ACTCGTCAGTAATCCC-1,0.000008,0.000008,0.000016,0.912253,0.087715
ACTCTAAACCTGGGAT-1,0.000049,0.03139,0.581793,0.287875,0.098893
ACTCTCTGACTTAGGT-1,0.000011,0.000011,0.075122,0.765175,0.159681
ACTCTCTTATACACGA-1,0.000051,0.181232,0.541308,0.13295,0.144459
ACTCTGACCTAATAGA-1,0.55258,0.382903,0.023085,0.015932,0.025499
ACTCTTGTATAGTAAC-1,0.000008,0.000008,0.021965,0.723544,0.254475
ACTGAAACGCCGTTAG-1,0.012681,0.051317,0.332926,0.247225,0.355852
ACTGAATGGCGAAAGT-1,0.000014,0.146457,0.588533,0.062284,0.202712
ACTGCCCGCCATTCTC-1,0.72308,0.077349,0.000076,0.000153,0.199342
ACTGCCGTCGTAACTC-1,0.000033,0.000033,0.158549,0.827459,0.013925
ACTGCGGACACACCGT-1,0.000015,0.000015,0.321257,0.231962,0.446751
ACTGCTCGGAAGGATG-1,0.017333,0.002526,0.558634,0.261107,0.160399
ACTGGGATGCCAGTGC-1,0.699886,0.235206,0.000101,0.000201,0.064606
ACTGTACGATACACAT-1,0.000008,0.000008,0.001969,0.851947,0.146069
ACTGTAGCACTTTGGA-1,0.016773,0.032399,0.788017,0.137627,0.025184
ACTGTATACGCGAGCA-1,0.0001,0.081089,0.439818,0.15475,0.324243
ACTGTCCAGGATTATA-1,0.000012,0.0002,0.12387,0.875884,0.000035
ACTGTCTTCTTTAGAA-1,0.000125,0.000125,0.476063,0.097558,0.426128
ACTGTGCTAGTAGATC-1,0.000072,0.04337,0.49684,0.228235,0.231484
ACTTACCGGGCGCGCA-1,0.000047,0.153,0.846622,0.000189,0.000142
ACTTACGCATCCACGC-1,0.141734,0.292316,0.565687,0.00015,0.000113
ACTTAGTACGACAAGA-1,0.021033,0.033224,0.367548,0.342811,0.235384
ACTTATACTTACCCGG-1,0.032968,0.018209,0.727767,0.173608,0.047448
ACTTATTAGGATCGGT-1,0.00001,0.00001,0.00002,0.944295,0.055664
ACTTATTTATGTGCCA-1,0.000009,0.000009,0.000018,0.116944,0.88302
ACTTCAGGCTGATCCC-1,0.000032,0.040297,0.959449,0.000127,0.000095
ACTTCCAGTGGAAGCT-1,0.003906,0.203984,0.491433,0.135324,0.165353
ACTTCCATGCGGGACA-1,0.146969,0.507859,0.297374,0.010339,0.037459
ACTTCGCCATACGCAC-1,0.000038,0.000038,0.324603,0.454133,0.221187
ACTTGACTCCCTCTTT-1,0.000026,0.015805,0.405955,0.199149,0.379064
ACTTGCTCTATCTACC-1,0.846526,0.051066,0.083366,0.018965,0.000077
ACTTGGGACCCGGTGG-1,0.000009,0.000009,0.003292,0.859211,0.137479
ACTTGGGCTTTCGCCA-1,0.004546,0.340665,0.266366,0.374786,0.013638
ACTTGTAGTCCCTTCA-1,0.332212,0.000954,0.512431,0.154329,0.000074
ACTTGTGGATGGAACG-1,0.00002,0.087078,0.62507,0.046504,0.241329
ACTTGTTACCGGATCA-1,0.737986,0.186096,0.064972,0.000348,0.010597
ACTTTACCCTCATGAA-1,0.000094,0.028313,0.387527,0.000376,0.58369
ACTTTATACACCACTT-1,0.522205,0.104312,0.279444,0.033701,0.060338
ACTTTCCTATAGCTTC-1,0.00002,0.00002,0.106576,0.844351,0.049033
ACTTTGACTGCATCCT-1,0.000012,0.007883,0.126456,0.804571,0.061079
ACTTTGGTCGTGCTCC-1,0.318065,0.000014,0.000028,0.129636,0.552256
AGAACACGGCGATGGT-1,0.691681,0.305444,0.002664,0.000121,0.000091
AGAACCCTCAATTGGG-1,0.667189,0.235479,0.077881,0.000066,0.019385
AGAACGTGGTACATTC-1,0.000027,0.016247,0.670574,0.286103,0.027048
AGAACTGTACTTTGTA-1,0.754548,0.005174,0.095337,0.141263,0.003677
AGAAGAGCGCCGTTCC-1,0.01522,0.000142,0.061384,0.610316,0.312939
AGAAGGTACACTTCAC-1,0.000015,0.009853,0.445535,0.291579,0.253018
AGAAGGTTGCCGAATT-1,0.000015,0.002081,0.425147,0.572712,0.000045
AGAAGGTTGTAGGTCG-1,0.448477,0.255552,0.217332,0.007523,0.071116
AGAAGTGATTCGTGAT-1,0.048812,0.004664,0.86616,0.041322,0.039042
AGAATAAATCTTCAGG-1,0.170769,0.0023,0.322249,0.477288,0.027394
AGAATACAGGCTATCC-1,0.207377,0.120169,0.246259,0.185776,0.240419
AGAATGCGGGTTCGGA-1,0.024181,0.242803,0.732555,0.000263,0.000198
AGAATTATGGATTCGA-1,0.000024,0.040406,0.843339,0.115103,0.001128
AGAATTGTTTGACATA-1,0.000022,0.000022,0.083664,0.760319,0.155973
AGACAGCTCAGAATCC-1,0.000022,0.000022,0.05952,0.81556,0.124876
AGACCAAACCACACCT-1,0.000011,0.00066,0.438131,0.19682,0.364378
AGACCATGGGATACAA-1,0.003171,0.000013,0.05315,0.862009,0.081657
AGACCCACCGCTGATC-1,0.019492,0.0013,0.646603,0.067937,0.264668
AGACCCGCCCTCCTCG-1,0.006302,0.000014,0.059879,0.62083,0.312975
AGACCGCTCCGCGGTT-1,0.000015,0.046525,0.375234,0.134375,0.443851
AGACCGGGAAACCCTG-1,0.00001,0.013376,0.248524,0.594648,0.143442
AGACGAAGTGCCGGTC-1,0.006739,0.000338,0.103346,0.113919,0.775659
AGACGACGATGCCGCT-1,0.005628,0.018271,0.257926,0.282334,0.435841
AGACTAGCCTTCCAGA-1,0.000027,0.000027,0.433965,0.56228,0.003701
AGACTGTTACCGGGTC-1,0.616457,0.124127,0.259136,0.00016,0.00012
AGAGAAACACCAGAAA-1,0.616284,0.320244,0.055472,0.000086,0.007914
AGAGAACCGTCTAGGA-1,0.000006,0.000006,0.03636,0.864034,0.099594
AGAGAAGGAGTACAAT-1,0.150851,0.047602,0.037173,0.098562,0.665812
AGAGATCTCTAAAGCG-1,0.000015,0.000015,0.318396,0.624641,0.056934
AGAGCAGTTATGAGAC-1,0.00001,0.00001,0.00002,0.705874,0.294086
AGAGCCGCCGAGATTT-1,0.028084,0.03179,0.298286,0.208721,0.433119
AGAGCGCTTGTAACGG-1,0.055455,0.052828,0.383236,0.216309,0.292171
AGAGCGGGCTAATCAT-1,0.000039,0.003217,0.626686,0.350504,0.019554
AGAGCGTACAAGCTCG-1,0.000021,0.000021,0.12319,0.831787,0.044981
AGAGGCTTCGGAAACC-1,0.000008,0.000008,0.179716,0.313861,0.506407
AGAGTAAACTTCACTA-1,0.000018,0.079509,0.75055,0.047763,0.12216
AGAGTATAGTGTTACG-1,0.000026,0.004412,0.337058,0.170727,0.487777
AGAGTTGCAGGCCTCC-1,0.002275,0.07816,0.337002,0.177062,0.405501
AGATAACTTCAGGGCC-1,0.012704,0.000018,0.42845,0.380623,0.178205
AGATAATCACACCTAT-1,0.857541,0.002525,0.005051,0.127306,0.007576
AGATACCAGCACTTCA-1,0.000027,0.000027,0.182907,0.549995,0.267045
AGATACCGGTGTTCAC-1,0.000478,0.010492,0.171489,0.606561,0.21098
AGATACGACTTCATAT-1,0.000047,0.072496,0.589793,0.248181,0.089483
AGATACTCAAGATCGA-1,0.054617,0.003207,0.137906,0.490787,0.313483
AGATATAATACGACTA-1,0.30734,0.630257,0.014005,0.013718,0.034679
AGATCGTGCATAAGAT-1,0.00002,0.00002,0.379983,0.39783,0.222146
AGATCTCAGGTGTGAT-1,0.000029,0.000029,0.703104,0.123769,0.173069
AGATCTGGAGAGGATA-1,0.642028,0.256217,0.101466,0.000165,0.000124
AGATGACTCGCCCACG-1,0.000032,0.000032,0.274144,0.057501,0.668291
AGATGAGGGTTGCGAT-1,0.000041,0.008959,0.554732,0.382002,0.054267
AGATGATGGAGTCTGG-1,0.000011,0.000011,0.011955,0.191066,0.796958
AGATGCAAGACGTGCA-1,0.019808,0.119457,0.007096,0.090921,0.762718
AGATGCATCCTGTGTC-1,0.000022,0.007433,0.396252,0.288605,0.307688
AGATTATAGGACGTTT-1,0.004968,0.000009,0.016325,0.897435,0.081263
AGATTCACAACCGATA-1,0.000015,0.01724,0.469128,0.042028,0.47159
AGCAAAGGCCGCTAGT-1,0.125884,0.25254,0.17581,0.15118,0.294587
AGCAACATATCTTATT-1,0.098685,0.044553,0.194403,0.324661,0.337698
AGCAACCGAAAGTAAT-1,0.000008,0.000008,0.091035,0.046336,0.862612
AGCACACGTTTAGACT-1,0.854467,0.104631,0.040697,0.000117,0.000088
AGCACCAGTACTCACG-1,0.000024,0.000024,0.344672,0.581663,0.073616
AGCACTACCGGCCTGT-1,0.000016,0.000016,0.208939,0.790982,0.000047
AGCACTACCTCACCAG-1,0.007756,0.069026,0.923044,0.000099,0.000074
AGCACTTAAGGACGCC-1,0.011412,0.000012,0.057491,0.892634,0.038452
AGCAGAAGGAGAAAGA-1,0.320241,0.000007,0.000015,0.268791,0.410947
AGCAGCCAGATGAATA-1,0.061583,0.102702,0.190888,0.359513,0.285314
AGCAGTCGAAGCATGC-1,0.456733,0.164933,0.000122,0.110298,0.267913
AGCATATCAATATGCT-1,0.000033,0.198499,0.799266,0.000133,0.002069
AGCATCATTTCGAAAG-1,0.000014,0.005399,0.42763,0.008992,0.557965
AGCATCGTCGATAATT-1,0.008761,0.005167,0.829691,0.139814,0.016567
AGCATTACGAGGCAAG-1,0.157458,0.119932,0.199075,0.121939,0.401597
AGCCAAGCTTTGTGTC-1,0.076191,0.664033,0.035359,0.000246,0.224171
AGCCACAGGTTACCCG-1,0.453714,0.368912,0.177105,0.000153,0.000115
AGCCACTCCCGTGCTT-1,0.000027,0.000027,0.191175,0.794843,0.013928
AGCCATATAGTATGTG-1,0.703074,0.168769,0.104299,0.023743,0.000115
AGCCCATACATGTAAG-1,0.000014,0.000014,0.244357,0.715476,0.040139
AGCCCGCAACAAGCAG-1,0.768559,0.143035,0.022087,0.008748,0.057571
AGCCCGGCATTAGAGG-1,0.816514,0.068352,0.112867,0.000096,0.002171
AGCCCGGTAGCCTGTA-1,0.012224,0.278063,0.599829,0.004483,0.1054
AGCCCTAAGCGAAGTT-1,0.000046,0.000046,0.420224,0.579544,0.000139
AGCCCTCCCTGGTGGC-1,0.626644,0.300673,0.001466,0.000099,0.071117
AGCCCTGTCGCACCGT-1,0.013063,0.01395,0.241527,0.347615,0.383845
AGCCCTTCTAATCCGA-1,0.009901,0.000476,0.488847,0.297719,0.203058
AGCCGCAAATTCAAAT-1,0.000008,0.001116,0.026387,0.948908,0.023582
AGCCGTGGCTAAATGT-1,0.000021,0.100346,0.899489,0.000083,0.000062
AGCCTAATACCCACGT-1,0.000008,0.000008,0.139471,0.484061,0.376452
AGCCTTAAAGCGGAAG-1,0.000036,0.000036,0.57498,0.347712,0.077236
AGCCTTGTCACTGATA-1,0.760468,0.015359,0.223361,0.000696,0.000115
AGCGACAGGAACGGTC-1,0.103308,0.034601,0.858863,0.003155,0.000073
AGCGACATCCCATTCA-1,0.000026,0.000026,0.082809,0.866926,0.050214
AGCGACCAACGATATT-1,0.00004,0.00004,0.86367,0.136132,0.000119
AGCGACTTTGAAGACA-1,0.939386,0.006061,0.012123,0.024246,0.018184
AGCGAGACGTGAAGGC-1,0.892155,0.04633,0.020661,0.024882,0.015972
AGCGATGCGCCTAATA-1,0.062721,0.110621,0.200468,0.145517,0.480673
AGCGCATAATGAATCG-1,0.001479,0.652153,0.32435,0.000128,0.021891
AGCGCGGGTGCCAATG-1,0.000035,0.000035,0.979912,0.009282,0.010736
AGCGCTAGAGCGATGT-1,0.012125,0.010933,0.194803,0.345456,0.436683
AGCGCTTATGGGCAAG-1,0.000039,0.090808,0.603975,0.108061,0.197117
AGCGGACACTTCGTAG-1,0.602082,0.190737,0.104424,0.089845,0.012913
AGCGGCGGTTAGCGGT-1,0.000012,0.014562,0.443139,0.373456,0.168832
AGCGGGAAGGGTCCAT-1,0.00013,0.00013,0.649771,0.122789,0.227179
AGCGGGTCTGACACTC-1,0.663584,0.019205,0.162834,0.010346,0.144031
AGCGGTTGCCGCTCTG-1,0.000023,0.000023,0.065005,0.877711,0.057238
AGCGTGGTATTCTACT-1,0.040681,0.005622,0.294745,0.358597,0.300354
AGCTAACAAGCAATGT-1,0.362201,0.089108,0.212146,0.083119,0.253425
AGCTAAGCTCCGTCCG-1,0.90876,0.000077,0.081245,0.009687,0.000231
AGCTAAGTACGCAGGC-1,0.402116,0.063995,0.091639,0.111259,0.330992
AGCTAGAAGCAGAAGT-1,0.000012,0.000012,0.03232,0.842963,0.124693
AGCTATTTAATCCAAC-1,0.00004,0.00004,0.480185,0.471637,0.048098
AGCTCCATATATGTTC-1,0.054377,0.044938,0.377718,0.03813,0.484837
AGCTCCTTCGCACATC-1,0.044342,0.069778,0.095887,0.367354,0.422639
AGCTCGTTGATGGAAA-1,0.00003,0.022777,0.512821,0.285624,0.178749
AGCTCTAGACGTTCCA-1,0.022618,0.000013,0.160469,0.113274,0.703626
AGCTCTTCCCAGTGCA-1,0.000031,0.000031,0.349992,0.466652,0.183295
AGCTCTTCGTAACCTT-1,0.000026,0.035881,0.619917,0.12961,0.214566
AGCTCTTTACTCAGTT-1,0.013523,0.055434,0.662247,0.160013,0.108783
AGCTGAAGTAAACCAA-1,0.000024,0.013618,0.802373,0.035057,0.148929
AGCTGTAACCTCAATC-1,0.000019,0.072053,0.473881,0.045288,0.408759
AGCTTCTTCTCGAGCA-1,0.496774,0.401868,0.050841,0.000137,0.050379
AGCTTGATCAGGGTAG-1,0.860834,0.022339,0.046081,0.020936,0.04981
AGCTTGATCTTAACTT-1,0.000025,0.008786,0.908064,0.083051,0.000074
AGGAAGCTGTCCGCCG-1,0.087503,0.027184,0.008082,0.484017,0.393214
AGGACAGTCGAATCCC-1,0.058846,0.065704,0.531567,0.239133,0.10475
AGGACATCGCACGTCG-1,0.000038,0.001801,0.291332,0.464354,0.242476
AGGACGACCCATTAGA-1,0.003646,0.011586,0.020356,0.961669,0.002742
AGGACGCTCGATGTTG-1,0.000027,0.000027,0.304174,0.695693,0.00008
AGGAGACATCCACAGT-1,0.019724,0.010724,0.328863,0.243811,0.396879
AGGAGAGTCTGGCTAC-1,0.010138,0.024154,0.320719,0.317109,0.32788
AGGAGGCCTTCGCGCG-1,0.053591,0.003238,0.251019,0.117621,0.574531
AGGATAAAGTCGGGAT-1,0.029848,0.041655,0.498479,0.282356,0.147662
AGGATATAGGGATTTA-1,0.006504,0.121334,0.858366,0.001167,0.012628
AGGATATCCGACTGCA-1,0.45643,0.473503,0.005123,0.009045,0.0559
AGGATCACGCGATCTG-1,0.000051,0.000008,0.030964,0.689722,0.279255
AGGATTGCTTACGACA-1,0.000024,0.019096,0.375086,0.434257,0.171537
AGGCAGATGCGTAAAC-1,0.021122,0.000017,0.310951,0.42898,0.238929
AGGCAGGGAGCGTACT-1,0.000048,0.347296,0.652322,0.000191,0.000143
AGGCATTGTCGTAGGG-1,0.000021,0.030043,0.881825,0.054953,0.033158
