Barcode,Topic 1,Topic 2to8,Topic 9to10
AAACAAGTATCTCCCA-1,0.010978,0.854959,0.134063
AAACACCAATAACTGC-1,0.026845,0.435908,0.537248
AAACAGCTTTCAGAAG-1,0.000272,0.814602,0.185126
AAACAGGGTCTATATT-1,0.066051,0.775821,0.158129
AAACAGTGTTCCTGGG-1,0.180806,0.011832,0.807362
AAACATTTCCCGGATT-1,0.01116,0.653919,0.334921
AAACCCGAACGAAATC-1,0.000006,0.989874,0.01012
AAACCGGAAATGTTAA-1,0.000369,0.982464,0.017167
AAACCGGGTAGGTACC-1,0.001541,0.80704,0.191419
AAACCGTTCGTCCAGG-1,0.028788,0.490381,0.480831
AAACCTAAGCAGCCGG-1,0.040825,0.548656,0.41052
AAACCTCATGAAGTTG-1,0.421663,0.517941,0.060396
AAACGAAGATGGAGTA-1,0.120145,0.310872,0.568983
AAACGAGACGGTTGAT-1,0.009204,0.864608,0.126188
AAACGCTGGGCACGAC-1,0.000007,0.97768,0.022313
AAACGGGCGTACGGGT-1,0.05877,0.424949,0.516281
AAACGGTTGCGAACTG-1,0.001319,0.250433,0.748248
AAACTCGGTTCGCAAT-1,0.023659,0.534441,0.4419
AAACTGCTGGCTCCAA-1,0.001915,0.884428,0.113657
AAACTTAATTGCACGC-1,0.054064,0.098286,0.84765
AAACTTGCAAACGTAT-1,0.028706,0.807106,0.164188
AAAGAATGTGGACTAA-1,0.000014,0.809315,0.190671
AAAGACTGGGCGCTTT-1,0.198473,0.551431,0.250096
AAAGGCCCTATAATAC-1,0.123275,0.183284,0.693441
AAAGGCTACGGACCAT-1,0.015039,0.574058,0.410903
AAAGGCTCTCGCGCCG-1,0.000006,0.993416,0.006578
AAAGGGATGTAGCAAG-1,0.81516,0.161795,0.023045
AAAGGGCAGCTTGAAT-1,0.749302,0.231778,0.01892
AAAGTAGCATTGCTCA-1,0.014769,0.566113,0.419117
AAAGTCGACCCTCAGT-1,0.000008,0.997459,0.002532
AAAGTGCCATCAATTA-1,0.027,0.921644,0.051356
AAAGTGTGATTTATCT-1,0.005981,0.936825,0.057195
AAAGTTGACTCCCGTA-1,0.011415,0.988356,0.000229
AAATAACCATACGGGA-1,0.06197,0.851078,0.086953
AAATAAGGTAGTGCCC-1,0.295973,0.649477,0.05455
AAATACCTATAAGCAT-1,0.109487,0.706853,0.18366
AAATAGCTTAGACTTT-1,0.000012,0.93003,0.069958
AAATAGGGTGCTATTG-1,0.181787,0.573216,0.244996
AAATCCGATACACGCC-1,0.083346,0.539963,0.376691
AAATCGCGGAAGGAGT-1,0.052581,0.275164,0.672255
AAATCGTGTACCACAA-1,0.026841,0.916064,0.057096
AAATCTAGCCCTGCTA-1,0.105481,0.709904,0.184615
AAATGCTCGTTACGTT-1,0.031545,0.901459,0.066996
AAATGGCATGTCTTGT-1,0.060031,0.915572,0.024397
AAATGGCCCGTGCCCT-1,0.050536,0.688818,0.260646
AAATGGTCAATGTGCC-1,0.010534,0.842055,0.147412
AAATGTATCTTATCCC-1,0.157856,0.726774,0.115369
AAATTAACGGGTAGCT-1,0.042733,0.871814,0.085453
AAATTAATAAGCGCGA-1,0.077873,0.776113,0.146014
AAATTACACGACTCTG-1,0.06071,0.848268,0.091023
AAATTACCTATCGATG-1,0.9994,0.000467,0.000133
AAATTCCAGGTCCAAA-1,0.008146,0.822292,0.169562
AAATTGATAGTCCTTT-1,0.000005,0.98574,0.014255
AAATTTGCGGGTGTGG-1,0.032211,0.828063,0.139726
AACAACTGGTAGTTGC-1,0.5003,0.099924,0.399775
AACAATACATTGTCGA-1,0.016036,0.661796,0.322167
AACAATTACTCTACGC-1,0.127005,0.758328,0.114667
AACACACGCTCGCCGC-1,0.114643,0.695267,0.19009
AACACGAGACGCGGCC-1,0.00687,0.753706,0.239424
AACAGCTGTGTGGCAA-1,0.000984,0.817163,0.181853
AACAGGAAATCGAATA-1,0.085054,0.841285,0.07366
AACAGGATGGGCCGCG-1,0.076553,0.747144,0.176303
AACAGGTAGTATGGAT-1,0.011356,0.916155,0.072489
AACATTGAAGTTGATC-1,0.010389,0.109526,0.880085
AACATTGTGACTCGAG-1,0.031907,0.684742,0.283351
AACCAAGACTTCTCTG-1,0.250727,0.558908,0.190365
AACCATAGGGTTGAAC-1,0.068878,0.030059,0.901063
AACCATGGGATCGCTA-1,0.040168,0.959767,0.000065
AACCCAGAGACGGAGA-1,0.225091,0.747016,0.027893
AACCCATCCCATGATC-1,0.022112,0.358231,0.619657
AACCCGACAACCCGTG-1,0.007548,0.459543,0.532909
AACCCGAGCAGAATCG-1,0.009743,0.89179,0.098467
AACCCTACTGTCAATA-1,0.293831,0.663366,0.042804
AACCGAGCTTGGTCAT-1,0.978577,0.011797,0.009626
AACCGCTAAGGGATGC-1,0.005117,0.986996,0.007887
AACCGTTGTGTTTGCT-1,0.000011,0.997299,0.00269
AACCTCGCTTTAGCCC-1,0.043636,0.607618,0.348746
AACCTGTCACGGAATT-1,0.000015,0.874205,0.125781
AACCTTTAAATACGGT-1,0.005546,0.894856,0.099598
AACCTTTACGACGTCT-1,0.187258,0.805781,0.006961
AACGAAAGTCGTCCCA-1,0.100257,0.449767,0.449976
AACGACCTCCTAGCCG-1,0.013946,0.779628,0.206426
AACGATAATGCCGTAG-1,0.086651,0.74261,0.170739
AACGATAGAAGGGCCG-1,0.020483,0.97639,0.003127
AACGATATGTCAACTG-1,0.97686,0.002022,0.021119
AACGCGACCTTGGGCG-1,0.015746,0.336672,0.647582
AACGCGGTCTCCAGCC-1,0.868146,0.09486,0.036994
AACGCTGTTGCTGAAA-1,0.017096,0.844498,0.138406
AACGGACGTACGTATA-1,0.090827,0.837629,0.071544
AACGGCCATCTCCGGT-1,0.017779,0.79342,0.188801
AACGTACTGTGGGTAC-1,0.0109,0.804917,0.184183
AACGTCAGACTAGTGG-1,0.999363,0.000495,0.000141
AACGTCGCTGCACTTC-1,0.03163,0.878421,0.089949
AACGTGCGAAAGTCTC-1,0.000617,0.918255,0.081128
AACGTTATCAGCACCT-1,0.999151,0.000661,0.000189
AACGTTCTACCATTGT-1,0.06122,0.895991,0.042789
AACTACCCGTTTGTCA-1,0.000008,0.999977,0.000015
AACTAGGCTTGGGTGT-1,0.205464,0.554745,0.239791
AACTCAAGTTAATTGC-1,0.0377,0.68045,0.28185
AACTCCAGAGCGTGTT-1,0.002909,0.773181,0.22391
AACTCGATGGCGCAGT-1,0.296448,0.673499,0.030052
AACTCTCAATAGAGCG-1,0.000028,0.900606,0.099366
AACTCTCAGTGTGCTC-1,0.139199,0.67841,0.182391
AACTGAGTTATACTGA-1,0.037078,0.936474,0.026448
AACTGATATTAGGCCT-1,0.087144,0.895327,0.017529
AACTGGGTCCCGACGT-1,0.002579,0.955159,0.042262
AACTTCTGCGTCTATC-1,0.105122,0.820354,0.074525
AACTTGCCCGTATGCA-1,0.260779,0.692712,0.046509
AACTTGCGTTCTCGCG-1,0.051828,0.865043,0.08313
AACTTTACGGGAGCTT-1,0.11747,0.74562,0.136911
AAGAAGGATCAGTTAG-1,0.162144,0.788557,0.0493
AAGACATACGTGGTTT-1,0.022152,0.865506,0.112341
AAGACCAAATAACTCA-1,0.064,0.046034,0.889966
AAGACCCAACTGAACA-1,0.01546,0.629036,0.355504
AAGACTGCAAGCTACT-1,0.049993,0.79096,0.159047
AAGAGATGAATCGGTA-1,0.937979,0.061945,0.000076
AAGAGCTCTTTATCGG-1,0.168995,0.7395,0.091506
AAGAGGATGTACGCGA-1,0.080866,0.876958,0.042176
AAGAGGCATGGATCGC-1,0.058208,0.682115,0.259678
AAGAGGCCCTTTGGAA-1,0.017771,0.684694,0.297536
AAGATGGCACCGGACC-1,0.001493,0.653186,0.345322
AAGATTGGCGGAACGT-1,0.9998,0.000155,0.000044
AAGCACCCTGCGTATC-1,0.062179,0.722571,0.215249
AAGCATACTCTCCTGA-1,0.040934,0.616351,0.342715
AAGCCGAAGCGGTTTA-1,0.003944,0.764468,0.231588
AAGCCGCCGTGAAATC-1,0.026766,0.166757,0.806477
AAGCCGGAGAGCAGGA-1,0.056978,0.82004,0.122981
AAGCGCAGGGCTTTGA-1,0.102892,0.431278,0.46583
AAGCGTCCCTCATCGA-1,0.004055,0.549906,0.446039
AAGCTAGATCGAGTAA-1,0.019085,0.838005,0.14291
AAGCTCGTGCCAAGTC-1,0.107089,0.808229,0.084681
AAGCTCTTTCATGGTG-1,0.054621,0.702655,0.242724
AAGGAGCGGTTGGTGC-1,0.779565,0.204876,0.015559
AAGGATCGATCGCTTG-1,0.00002,0.979466,0.020513
AAGGATGAGGGACCTC-1,0.86832,0.100739,0.030941
AAGGCAGGCTGTCTCC-1,0.070594,0.922789,0.006617
AAGGCGCGTAAAGCTT-1,0.999583,0.000324,0.000093
AAGGCTGTGCTCATCG-1,0.126703,0.858482,0.014815
AAGGGAACGACTGGCT-1,0.001263,0.378899,0.619838
AAGGGACAGATTCTGT-1,0.958792,0.000324,0.040885
AAGGGACTATGCATTC-1,0.000009,0.664936,0.335055
AAGGGTTAGCCATGCG-1,0.030494,0.831609,0.137897
AAGGTATCCTAATATA-1,0.993329,0.000315,0.006357
AAGGTGATAAACCAGC-1,0.000004,0.966996,0.033
AAGTAGAAGACCGGGT-1,0.03479,0.860923,0.104287
AAGTAGTGACGCGAGG-1,0.061587,0.909389,0.029024
AAGTCAATTGTCGTCA-1,0.000009,0.994472,0.005519
AAGTCTTCTGTGGCCT-1,0.122678,0.585044,0.292279
AAGTGACGACCGAATT-1,0.009435,0.937481,0.053084
AAGTGAGTCGGGTTTA-1,0.005552,0.397214,0.597234
AAGTGCAAAGGTAGAC-1,0.003375,0.863367,0.133258
AAGTGCCTTGACTGTA-1,0.012942,0.914817,0.072241
AAGTGCGTTAGAATCT-1,0.017026,0.893301,0.089673
AAGTGCTTCTCTATTG-1,0.068633,0.191427,0.73994
AAGTGTTTGGAGACGG-1,0.039194,0.909385,0.051421
AAGTTCACTCCAAGCT-1,0.001882,0.62162,0.376498
AAGTTCGGCCAACAGG-1,0.021003,0.866656,0.11234
AAGTTGTGATGTTATA-1,0.140007,0.632001,0.227992
AAGTTTATGGGCCCAA-1,0.091233,0.224502,0.684264
AATAACAACGCTCGGC-1,0.034245,0.863503,0.102252
AATAACACTAGAACAA-1,0.007301,0.787024,0.205675
AATAACGTCGCGCCCA-1,0.006645,0.795401,0.197954
AATAATCTTCGTATCG-1,0.009579,0.673258,0.317163
AATACAATGTTTCAGG-1,0.999111,0.000691,0.000197
AATACCGGAGGGCTGT-1,0.007539,0.511735,0.480726
AATACCTGATGTGAAC-1,0.002317,0.48026,0.517423
AATAGAACAGAGTGGC-1,0.02748,0.912375,0.060145
AATAGAATCTGTTTCA-1,0.026082,0.812853,0.161065
AATAGTCCGTCCCGAC-1,0.07672,0.611635,0.311645
AATAGTCGCGAGTCGG-1,0.700131,0.29981,0.00006
AATATCCTAGCAAACT-1,0.002044,0.965038,0.032918
AATATCGAATCAATGC-1,0.000522,0.802187,0.197291
AATATTGGAGTATTGA-1,0.000792,0.952024,0.047184
AATCAGGTTTCATTTA-1,0.053508,0.290353,0.656139
AATCATGTAAAGACTC-1,0.029498,0.804871,0.165631
AATCCAAGGGCCTGAG-1,0.019236,0.921617,0.059147
AATCGCCTCAGCGCCA-1,0.000016,0.983919,0.016065
AATCGCGCAGAGGACT-1,0.002703,0.952791,0.044506
AATCGGTATAGCCCTC-1,0.197086,0.606528,0.196385
AATCGTGAGCCGAGCA-1,0.129794,0.468761,0.401445
AATCTAGGTTTACTTG-1,0.000083,0.755717,0.2442
AATCTATGCCGGAGCC-1,0.999816,0.000143,0.000041
AATCTCTACTGTGGTT-1,0.009461,0.951309,0.039229
AATCTGCGTTGGGACG-1,0.355377,0.512074,0.132549
AATCTGGCTTTCTAGT-1,0.047753,0.655973,0.296274
AATGACAGCAATGTCT-1,0.008143,0.830742,0.161115
AATGACGTAGGATGTC-1,0.002088,0.863589,0.134323
AATGACTGTCAGCCGG-1,0.690637,0.000352,0.309011
AATGAGTTCGCATATG-1,0.117061,0.88282,0.000118
AATGATGATACGCTAT-1,0.789915,0.208698,0.001387
AATGATGCGACTCCTG-1,0.7244,0.000741,0.274859
AATGCAACCGGGTACC-1,0.994397,0.000359,0.005244
AATGCACCAAGCAATG-1,0.028462,0.81343,0.158108
AATGGTCCACCGTTCA-1,0.355016,0.438822,0.206162
AATGGTTCTCACAAGC-1,0.026247,0.766249,0.207504
AATGTATGGCACTGTA-1,0.009929,0.199437,0.790634
AATGTGCCCGAGGTGT-1,0.009513,0.691296,0.29919
AATGTGCTAATCTGAG-1,0.041452,0.41501,0.543538
AATGTTGTCGTGAGAC-1,0.002602,0.935693,0.061705
AATTAAAGGTCGGCGT-1,0.086609,0.847385,0.066005
AATTAACGGATTTCCA-1,0.000023,0.753944,0.246033
AATTACGAGACCCATC-1,0.100716,0.21475,0.684534
AATTAGCGCTGCAGCG-1,0.036708,0.916089,0.047203
AATTATACCCAGCAAG-1,0.001627,0.300342,0.69803
AATTCATAAGGGATCT-1,0.712384,0.277415,0.010201
AATTCATTGTCATGCA-1,0.075323,0.2902,0.634477
AATTCCAAGCATGTAC-1,0.006156,0.545211,0.448632
AATTCGATTCGAGGAT-1,0.080023,0.355682,0.564294
AATTCTAGAGTTAGGC-1,0.066327,0.671739,0.261935
AATTGAACGCTCTGGT-1,0.051752,0.822348,0.1259
AATTGCAGCAATCGAC-1,0.000009,0.955748,0.044243
AATTGCGTGGATTACA-1,0.000986,0.267087,0.731927
AATTGTGGTTGCCAAA-1,0.019492,0.530122,0.450387
AATTTGGTTCCAAAGA-1,0.138593,0.668627,0.192781
ACAAACCATGCGTCCT-1,0.144032,0.067884,0.788084
ACAAAGAAGGTAGGCC-1,0.000007,0.854173,0.14582
ACAAAGCATGACCTAG-1,0.006837,0.615178,0.377985
ACAAATCGCACCGAAT-1,0.00001,0.878713,0.121277
ACAAATGGTAGTGTTT-1,0.074759,0.845314,0.079927
ACAACAGCATGAGCTA-1,0.265734,0.719575,0.014692
ACAACGGTCCCTGCGA-1,0.912411,0.077627,0.009962
ACAAGCAGTGCCTAGC-1,0.348645,0.64237,0.008985
ACAAGCTATATGGAAG-1,0.065737,0.871419,0.062845
ACAAGGAAATCCGCCC-1,0.03537,0.681054,0.283576
ACAAGGACAAGAGGTT-1,0.093126,0.784678,0.122196
ACAAGGATGCTTTAGG-1,0.035567,0.719453,0.24498
ACAAGGGCAGGCTCTG-1,0.01337,0.730878,0.255752
ACAATAGTCGTACGTT-1,0.008558,0.772867,0.218575
ACAATCCATTTAAACC-1,0.314362,0.634621,0.051017
ACAATGAATACGGAGA-1,0.123883,0.464511,0.411606
ACAATTGTGTCTCTTT-1,0.000015,0.954015,0.04597
ACAATTTAGGAGGCTC-1,0.401561,0.560671,0.037768
ACAATTTGAGCAGTGG-1,0.999179,0.000638,0.000182
ACAATTTGGCCATATT-1,0.000882,0.919889,0.079229
ACACAAAGACGGGTGG-1,0.986834,0.000321,0.012845
ACACACCAGGACCAGT-1,0.003043,0.860397,0.13656
ACACACTTTCTACACG-1,0.006502,0.977597,0.015901
ACACATGATCAAATCT-1,0.070309,0.433988,0.495702
ACACATTTCCGTAGAC-1,0.266668,0.356894,0.376438
ACACCACATAATTAGC-1,0.474728,0.50471,0.020562
ACACCCAGCATGCAGC-1,0.999335,0.000518,0.000148
ACACCCGAGAAATCCG-1,0.373413,0.561023,0.065564
ACACCGAGCGCTCTTT-1,0.208078,0.776519,0.015403
ACACCGGTCTGACCGC-1,0.114729,0.006662,0.878609
ACACCTTACTACTTGC-1,0.001913,0.930005,0.068081
ACACGAGACTCCTTCT-1,0.682238,0.263343,0.054419
ACACGGGAACTTAGGG-1,0.999367,0.000492,0.000141
ACACGTAGGCCACAAG-1,0.024935,0.886545,0.08852
ACACTCCAATGTCACT-1,0.125619,0.874259,0.000122
ACACTGATCAAGGTGT-1,0.018358,0.91744,0.064202
ACACTGGGACAGTCGT-1,0.027133,0.94532,0.027547
ACAGAACTGAGAACAA-1,0.013888,0.796033,0.190079
ACAGCGACATTCTCAT-1,0.123723,0.72426,0.152017
ACAGGCACGGATCCTT-1,0.000752,0.751986,0.247262
ACAGGCTTGCCCGACT-1,0.007404,0.905539,0.087057
ACAGGTGGAGGTGAGG-1,0.255138,0.52183,0.223032
ACAGGTGTGTTGTTGC-1,0.090113,0.789647,0.12024
ACAGTAATACAACTTG-1,0.066253,0.763259,0.170488
ACATAAGTCGTGGTGA-1,0.019688,0.431434,0.548878
ACATAATAAGGCGGTG-1,0.048083,0.710434,0.241482
ACATACAATCAAGCGG-1,0.087661,0.44219,0.47015
ACATCAGCTGGGACGC-1,0.563682,0.429862,0.006456
ACATCCCGGCCATACG-1,0.005998,0.856583,0.137419
ACATCCTGGTAACTGT-1,0.0725,0.844469,0.083031
ACATCGATCGTTTACC-1,0.032818,0.854117,0.113065
ACATCGGTCAGCCGCG-1,0.057307,0.89815,0.044543
ACATCGTATGCAATGG-1,0.041948,0.897907,0.060145
ACATGGCGCCAAAGTA-1,0.64395,0.265185,0.090864
ACATTAGTTTATATCC-1,0.036957,0.419219,0.543823
ACATTTGAAACCTAAC-1,0.017898,0.536021,0.446081
ACCAACCGCACTCCAC-1,0.022065,0.563291,0.414645
ACCAACGCTTATTTAT-1,0.014886,0.761686,0.223429
ACCAAGAACGCGTGTC-1,0.000876,0.920445,0.078679
ACCAAGTCATCGGCAG-1,0.0735,0.587071,0.339429
ACCAATATGCAAGTTA-1,0.139476,0.668806,0.191718
ACCACAAGTTTCTATC-1,0.230114,0.748361,0.021525
ACCACCAATGTAACAA-1,0.11614,0.825553,0.058307
ACCACGTGCAGCTATA-1,0.09386,0.846279,0.059861
ACCAGACCATAACAAC-1,0.353551,0.467358,0.179092
ACCAGTGCGGGAGACG-1,0.004831,0.867127,0.128042
ACCATATCCGCAATAA-1,0.059228,0.664804,0.275968
ACCATCCGCCAACTAG-1,0.003065,0.810275,0.18666
ACCATCGTATATGGTA-1,0.009517,0.87768,0.112804
ACCCAACGCCCGTGGC-1,0.812917,0.087027,0.100056
ACCCACCTACATGCTC-1,0.999266,0.000571,0.000163
ACCCATCTTGAGGGTA-1,0.00254,0.915657,0.081803
ACCCATTTGTCCCTCT-1,0.067696,0.742723,0.189581
ACCCGAGCGAAATTAC-1,0.000009,0.534396,0.465595
ACCCGATTGGTTCCGA-1,0.024218,0.363378,0.612404
ACCCGGAAACTCCCAG-1,0.045295,0.538953,0.415751
ACCCGGAGCACCACAA-1,0.039199,0.951973,0.008828
ACCCGGATGACGCATC-1,0.062059,0.870973,0.066968
ACCCGGTTACACTTCC-1,0.000017,0.927534,0.072449
ACCCGTAGTCTAGTTG-1,0.009633,0.692834,0.297532
ACCCGTGTCATCAGTA-1,0.046258,0.738477,0.215265
ACCCTATAGGACTGAG-1,0.014852,0.934258,0.050889
ACCCTATGCCATATCG-1,0.000008,0.753539,0.246453
ACCCTCCCGTCAGGGC-1,0.011562,0.637296,0.351141
ACCCTCCCTTGCTATT-1,0.017499,0.942655,0.039846
ACCCTTCATCTGCGAA-1,0.001644,0.940137,0.058219
ACCGAAGAGTCTGGTT-1,0.084355,0.36906,0.546585
ACCGACACATCTCCCA-1,0.000012,0.831756,0.168232
ACCGACTGAGTCCCAC-1,0.974476,0.000466,0.025058
ACCGAGTCTCCTTATT-1,0.078147,0.283702,0.638151
ACCGATAGGCATAACC-1,0.004115,0.990853,0.005031
ACCGATATTTAATCAT-1,0.001214,0.986954,0.011831
ACCGATGGTAGCATCG-1,0.022126,0.942543,0.035332
ACCGCAATAACTGCCT-1,0.110278,0.733713,0.156009
ACCGCGGTGGAAGTCG-1,0.036696,0.93076,0.032544
ACCGGGCCTTTGTTGA-1,0.0735,0.87719,0.04931
ACCGGTCAGGTACACC-1,0.00416,0.521067,0.474773
ACCGTGACCACGTGGG-1,0.104689,0.479506,0.415805
ACCTAAGTACCTTTCA-1,0.042341,0.710195,0.247464
ACCTAATCGACTTCCT-1,0.094845,0.893352,0.011804
ACCTACAGTATGTGGT-1,0.06749,0.903313,0.029197
ACCTACTATAAATCTA-1,0.000014,0.276861,0.723125
ACCTCCGCCCTCGCTG-1,0.002228,0.730585,0.267187
ACCTCCGTTATTCACC-1,0.036278,0.769233,0.194489
ACCTCGAACTTATGCT-1,0.007736,0.318271,0.673993
ACCTGCGTGTCATGTT-1,0.033616,0.709795,0.256589
ACGAAATGGGCGGCAC-1,0.028746,0.969917,0.001337
ACGACCCATGAGTTGC-1,0.01205,0.82521,0.162739
ACGACTCTAGGGCCGA-1,0.00413,0.546986,0.448884
ACGACTGGTCATACTC-1,0.0027,0.123178,0.874122
ACGAGGATACCACTCT-1,0.057961,0.61698,0.325059
ACGAGGTTTACAACGT-1,0.000066,0.597709,0.402226
ACGAGTACGGATGCCC-1,0.965886,0.000533,0.033581
ACGATACATAGAACTA-1,0.015743,0.829978,0.154278
ACGATACCTATCCTGA-1,0.047845,0.85771,0.094445
ACGATCATACATAGAG-1,0.836436,0.11154,0.052024
ACGATCATCTTGTAAA-1,0.009975,0.900458,0.089566
ACGATGCATATGTTAT-1,0.000023,0.963338,0.036639
ACGCAAACTAATAGAT-1,0.001033,0.626517,0.37245
ACGCAATCACTACAGC-1,0.998956,0.000332,0.000711
ACGCATACGTTTACTA-1,0.00119,0.925026,0.073785
ACGCATTCGTGAGTAC-1,0.012027,0.876708,0.111265
ACGCCAGATGATTTCT-1,0.188777,0.794203,0.01702
ACGCCAGTGCGTTTGC-1,0.101719,0.739965,0.158316
ACGCCGCTAGACGACC-1,0.001588,0.982172,0.016239
ACGCGAAGTCAGACGA-1,0.005987,0.957636,0.036377
ACGCGCTACACAGGGT-1,0.000178,0.987015,0.012807
ACGCGGGCCAAGGACA-1,0.003032,0.807006,0.189962
ACGCGTTTCTTAAGAG-1,0.056532,0.85625,0.087218
ACGCTACTGAATGGGC-1,0.118719,0.744666,0.136615
ACGCTAGTGATACACT-1,0.959894,0.039946,0.00016
ACGCTGTGAGGCGTAG-1,0.083725,0.897552,0.018723
ACGGAACACGAGTGCC-1,0.049614,0.273788,0.676598
ACGGAATTTAGCAAAT-1,0.131497,0.840523,0.02798
ACGGACTCTCAAAGCG-1,0.062688,0.505578,0.431734
ACGGATGGTGCGGATA-1,0.391793,0.388628,0.219579
ACGGCACTTGCTTGGG-1,0.056546,0.790042,0.153412
ACGGCCAACATGGACT-1,0.083339,0.704615,0.212047
ACGGCGACGATGGGAA-1,0.013822,0.893198,0.09298
ACGGCTGGATGTAGAA-1,0.072347,0.319335,0.608317
ACGGGAGTGTCGGCCC-1,0.080242,0.826481,0.093277
ACGGGTCATGTGACTT-1,0.228293,0.771592,0.000116
ACGGTACAGTTCAATG-1,0.011742,0.74589,0.242367
ACGTACTTTGGCACGG-1,0.00001,0.169163,0.830827
ACGTAGATTGCTGATG-1,0.000018,0.847957,0.152025
ACGTAGGAGAGTCGCT-1,0.042183,0.428057,0.52976
ACGTATTACTCCGATC-1,0.077277,0.850274,0.072449
ACGTCTCGTTCCGGGA-1,0.063031,0.733935,0.203034
ACGTGACAAAGTAAGT-1,0.003438,0.733476,0.263086
ACGTGCGCCTCGTGCA-1,0.000021,0.891796,0.108183
ACGTTAATGTCGAAGA-1,0.093177,0.89354,0.013283
ACGTTAGATTTGCCCG-1,0.204255,0.76752,0.028225
ACGTTATTGGTCACTC-1,0.336791,0.660369,0.00284
ACGTTCGCAATCAATT-1,0.121811,0.484398,0.39379
ACGTTCGTTCAGGAAA-1,0.042119,0.644494,0.313387
ACGTTCTGTACAAGTC-1,0.001476,0.619021,0.379503
ACGTTTAGTTGTGATC-1,0.158562,0.79907,0.042368
ACGTTTCGGTGCACTT-1,0.074938,0.847688,0.077374
ACTACAAAGAGAGGTG-1,0.001498,0.341741,0.656762
ACTACATCCCGACAAG-1,0.00001,0.223098,0.776892
ACTACCAGCTCTCTGG-1,0.999291,0.000552,0.000158
ACTACGCGTTAGAATT-1,0.0023,0.764914,0.232786
ACTAGTTGCGATCGTC-1,0.174364,0.701031,0.124605
ACTATCCAGGGCATGG-1,0.000016,0.964112,0.035872
ACTATCTGCCCGCGTA-1,0.06022,0.713501,0.226279
ACTATGTCCAGCTGCC-1,0.009152,0.396046,0.594802
ACTATTCGTCCGTGGT-1,0.094931,0.884149,0.020919
ACTATTTCCGGGCCCA-1,0.062553,0.679689,0.257758
ACTCAAGTGCAAGGCT-1,0.017912,0.751791,0.230298
ACTCAATAAAGGCACG-1,0.780596,0.187449,0.031956
ACTCATGGCAGCCTTC-1,0.038112,0.069869,0.892018
ACTCCAATATCATCAT-1,0.026027,0.522535,0.451438
ACTCCCATTCCTAAAG-1,0.000728,0.940568,0.058705
ACTCCCGAATTCGTTT-1,0.019702,0.778928,0.20137
ACTCCCTAATGCTAAA-1,0.039476,0.681777,0.278746
ACTCCCTAGAATAGTA-1,0.016085,0.796352,0.187563
ACTCCGGCCGACCACT-1,0.042804,0.613765,0.343432
ACTCGATGTATTTCAT-1,0.206446,0.782298,0.011257
ACTCGCCGTTCGATAA-1,0.014488,0.95947,0.026042
ACTCGCGATCTGACGC-1,0.003328,0.755955,0.240718
ACTCGTAACCCGTCCT-1,0.007787,0.701858,0.290354
ACTCGTCAGTAATCCC-1,0.000013,0.930968,0.069018
ACTCTAAACCTGGGAT-1,0.151034,0.676338,0.172628
ACTCTCTGACTTAGGT-1,0.000008,0.915264,0.084728
ACTCTGACCTAATAGA-1,0.000011,0.772159,0.22783
ACTCTTCAGCTCCCGC-1,0.308709,0.476859,0.214432
ACTCTTGTATAGTAAC-1,0.007755,0.951562,0.040683
ACTGAAACGCCGTTAG-1,0.02123,0.71165,0.26712
ACTGAATGGCGAAAGT-1,0.013513,0.919777,0.066711
ACTGCCCGCCATTCTC-1,0.000289,0.189794,0.809917
ACTGCCGTCGTAACTC-1,0.023668,0.755337,0.220994
ACTGCGGACACACCGT-1,0.021956,0.806229,0.171815
ACTGCTCGGAAGGATG-1,0.131752,0.524499,0.343749
ACTGTACGATACACAT-1,0.679646,0.320227,0.000127
ACTGTAGCACTTTGGA-1,0.894499,0.105315,0.000186
ACTGTCCAGGATTATA-1,0.084632,0.806254,0.109114
ACTGTCTTCTTTAGAA-1,0.620904,0.378938,0.000158
ACTGTGCTAGTAGATC-1,0.08428,0.915598,0.000122
ACTTACGCATCCACGC-1,0.003007,0.765379,0.231613
ACTTAGTACGACAAGA-1,0.064209,0.923872,0.011919
ACTTATACTTACCCGG-1,0.000014,0.876345,0.123641
ACTTATTAGGATCGGT-1,0.163158,0.710581,0.126261
ACTTATTTATGTGCCA-1,0.000022,0.961878,0.0381
ACTTCAGGCTGATCCC-1,0.159747,0.697495,0.142758
ACTTCCAGTGGAAGCT-1,0.143781,0.488989,0.36723
ACTTCCATGCGGGACA-1,0.000011,0.534097,0.465892
ACTTGACTCCCTCTTT-1,0.234794,0.471625,0.293581
ACTTGGGACCCGGTGG-1,0.749958,0.235473,0.014569
ACTTGTAGTCCCTTCA-1,0.015258,0.933991,0.050751
ACTTGTGGATGGAACG-1,0.101148,0.848863,0.04999
ACTTTACCCTCATGAA-1,0.070537,0.643692,0.285771
ACTTTCCTATAGCTTC-1,0.92871,0.000756,0.070534
ACTTTGACTGCATCCT-1,0.030345,0.966454,0.003201
ACTTTGGTCGTGCTCC-1,0.135643,0.192644,0.671713
ACTTTGTCGACGCACT-1,0.027636,0.949522,0.022842
AGAAATTATGACTCGC-1,0.025639,0.849346,0.125015
AGAACCCAGCGTGACA-1,0.21932,0.730122,0.050558
AGAACCCTCAATTGGG-1,0.085448,0.235633,0.678919
AGAACGTGGTACATTC-1,0.901112,0.000412,0.098476
AGAACTGTACTTTGTA-1,0.04049,0.651051,0.308459
AGAAGAGCGCCGTTCC-1,0.000152,0.989254,0.010594
AGAAGGTACACTTCAC-1,0.017691,0.688063,0.294246
AGAAGGTTGCCGAATT-1,0.000385,0.908154,0.091461
AGAAGGTTGTAGGTCG-1,0.016695,0.64322,0.340085
AGAAGTGATTCGTGAT-1,0.003358,0.884703,0.111939
AGAATAAATCTTCAGG-1,0.005501,0.886041,0.108459
AGAATACAGGCTATCC-1,0.004158,0.591551,0.404291
AGAATTATGGATTCGA-1,0.16189,0.617029,0.22108
AGAATTGTTTGACATA-1,0.04679,0.94866,0.00455
AGACAGCTCAGAATCC-1,0.999331,0.00052,0.000149
AGACAGGCATCTCAGC-1,0.017835,0.914631,0.067535
AGACCAAACCACACCT-1,0.01377,0.796274,0.189956
AGACCATGGGATACAA-1,0.999672,0.000255,0.000073
AGACCCACCGCTGATC-1,0.0716,0.801698,0.126702
AGACCGCTCCGCGGTT-1,0.024465,0.905946,0.069589
AGACCGGGAAACCCTG-1,0.043815,0.688028,0.268157
AGACGAAGTGCCGGTC-1,0.080813,0.601009,0.318179
AGACGACGATGCCGCT-1,0.00685,0.641985,0.351164
AGACGCCCACTTCGCC-1,0.04779,0.87457,0.07764
AGACTAGCCTTCCAGA-1,0.98441,0.015488,0.000102
AGACTGTTACCGGGTC-1,0.000008,0.591207,0.408785
AGAGAAACACCAGAAA-1,0.000955,0.245092,0.753954
AGAGAACCGTCTAGGA-1,0.999832,0.000131,0.000037
AGAGAAGGAGTACAAT-1,0.002198,0.536727,0.461075
AGAGATCTCTAAAGCG-1,0.071387,0.86632,0.062292
AGAGCAGTTATGAGAC-1,0.03295,0.928452,0.038599
AGAGCCGCCGAGATTT-1,0.004383,0.907873,0.087744
AGAGCGGGCTAATCAT-1,0.014023,0.971119,0.014858
AGAGCGTACAAGCTCG-1,0.771104,0.226576,0.00232
AGAGCTACGAAAGCAT-1,0.186272,0.810814,0.002914
AGAGGCTTCGGAAACC-1,0.021787,0.936602,0.041611
AGAGTAAACTTCACTA-1,0.000008,0.938733,0.061259
AGATAACTTCAGGGCC-1,0.246706,0.708217,0.045078
AGATACCAATAGAACC-1,0.27355,0.644744,0.081707
AGATACCGGTGTTCAC-1,0.054521,0.945302,0.000178
AGATACGACTTCATAT-1,0.025939,0.918972,0.055089
AGATACTCAAGATCGA-1,0.004826,0.918806,0.076368
AGATATAATACGACTA-1,0.000008,0.629691,0.3703
AGATCGTGCATAAGAT-1,0.004945,0.768692,0.226362
AGATCTCAGGTGTGAT-1,0.766361,0.19205,0.041589
AGATGACTCGCCCACG-1,0.090618,0.778341,0.131041
AGATGATGGAGTCTGG-1,0.159195,0.806634,0.03417
AGATGCAAGACGTGCA-1,0.000007,0.758128,0.241865
AGATGCATCCTGTGTC-1,0.00094,0.809953,0.189107
AGATTATAGGACGTTT-1,0.081484,0.745602,0.172914
AGATTCACAACCGATA-1,0.031726,0.766302,0.201972
AGCAAAGGCCGCTAGT-1,0.002979,0.359797,0.637224
AGCAACATATCTTATT-1,0.29503,0.662995,0.041975
AGCAACCGAAAGTAAT-1,0.038294,0.484333,0.477373
AGCACACGTTTAGACT-1,0.057243,0.233071,0.709686
AGCACTACCGGCCTGT-1,0.058792,0.855728,0.08548
AGCACTACCTCACCAG-1,0.07507,0.746887,0.178043
AGCACTTAAGGACGCC-1,0.08238,0.835136,0.082484
AGCAGAAGGAGAAAGA-1,0.000622,0.541458,0.45792
AGCAGCCAGATGAATA-1,0.018352,0.354736,0.626912
AGCAGTCGAAGCATGC-1,0.13776,0.216113,0.646127
AGCATATCAATATGCT-1,0.203484,0.674924,0.121592
AGCATCATTTCGAAAG-1,0.00911,0.720194,0.270696
AGCATCGTCGATAATT-1,0.894797,0.094094,0.011109
AGCATTACGAGGCAAG-1,0.054409,0.590494,0.355097
AGCCAAGCTTTGTGTC-1,0.003844,0.791833,0.204322
AGCCACAGGTTACCCG-1,0.096874,0.522138,0.380988
AGCCACTCCCGTGCTT-1,0.612653,0.315961,0.071386
AGCCATATAGTATGTG-1,0.096674,0.157956,0.74537
AGCCCATACATGTAAG-1,0.003878,0.946269,0.049852
AGCCCGCAACAAGCAG-1,0.009303,0.442262,0.548435
AGCCCGCACTACAATG-1,0.282618,0.531368,0.186014
AGCCCGGCATTAGAGG-1,0.038496,0.314782,0.646723
AGCCCGGTAGCCTGTA-1,0.046793,0.762575,0.190631
AGCCCTAAGCGAAGTT-1,0.074249,0.913458,0.012293
AGCCCTCCCTGGTGGC-1,0.111347,0.044495,0.844158
AGCCCTGTCGCACCGT-1,0.014477,0.971235,0.014289
AGCCCTTGGACATCCC-1,0.227512,0.451736,0.320752
AGCCGCAAATTCAAAT-1,0.02489,0.919398,0.055712
AGCCGTGGCTAAATGT-1,0.028033,0.673625,0.298343
AGCCTAATACCCACGT-1,0.018201,0.675478,0.306321
AGCCTTAAAGCGGAAG-1,0.961095,0.038794,0.000111
AGCGACAGGAACGGTC-1,0.127119,0.640269,0.232612
AGCGACATCCCATTCA-1,0.007595,0.979169,0.013236
AGCGACCAACGATATT-1,0.999243,0.000588,0.000168
AGCGAGACGTGAAGGC-1,0.003848,0.061014,0.935138
AGCGATGCGCCTAATA-1,0.057091,0.821257,0.121652
AGCGCATAATGAATCG-1,0.000014,0.843095,0.156891
AGCGCGGGTGCCAATG-1,0.993693,0.006196,0.00011
AGCGCTAGAGCGATGT-1,0.042288,0.880416,0.077296
AGCGGACACTTCGTAG-1,0.042767,0.738159,0.219074
AGCGGCGGTTAGCGGT-1,0.012198,0.670411,0.317391
AGCGGGAAGGGTCCAT-1,0.142255,0.849482,0.008262
AGCGGGTCTGACACTC-1,0.116257,0.586348,0.297395
AGCGTGGTATTCTACT-1,0.127655,0.78852,0.083825
AGCTAACAAGCAATGT-1,0.00101,0.544174,0.454816
AGCTAAGTACGCAGGC-1,0.021108,0.742779,0.236114
AGCTAGAAGCAGAAGT-1,0.075783,0.669151,0.255066
AGCTATTTAATCCAAC-1,0.03752,0.920101,0.042378
AGCTCCATATATGTTC-1,0.238829,0.531296,0.229875
AGCTCCTTCGCACATC-1,0.219997,0.485391,0.294612
AGCTCTAGACGTTCCA-1,0.002442,0.996328,0.00123
AGCTCTTCCCAGTGCA-1,0.015749,0.913152,0.071098
AGCTCTTCGTAACCTT-1,0.099312,0.863795,0.036892
AGCTCTTTACTCAGTT-1,0.066519,0.734692,0.198789
AGCTGAAGTAAACCAA-1,0.00037,0.690189,0.309441
AGCTGTAACCTCAATC-1,0.076571,0.695344,0.228085
AGCTTCTTCTCGAGCA-1,0.000012,0.761736,0.238252
AGCTTGATCTTAACTT-1,0.016562,0.88469,0.098748
AGGAACGAACGACTTC-1,0.043996,0.894813,0.06119
AGGAAGCTGTCCGCCG-1,0.044315,0.430033,0.525652
AGGACAGTCGAATCCC-1,0.035282,0.830389,0.134329
AGGACATCGCACGTCG-1,0.17645,0.823451,0.000099
AGGACATCGGCACACT-1,0.014434,0.947487,0.038079
AGGACGACCCATTAGA-1,0.000159,0.960772,0.039069
AGGACGCTCGATGTTG-1,0.062498,0.88884,0.048662
AGGAGGCCTTCGCGCG-1,0.065465,0.803017,0.131518
AGGATAAAGTCGGGAT-1,0.008112,0.760515,0.231373
AGGATATAGGGATTTA-1,0.057003,0.91071,0.032287
AGGATATCCGACTGCA-1,0.103108,0.502448,0.394444
AGGATCACGCGATCTG-1,0.030875,0.952946,0.016179
AGGATTGCTTACGACA-1,0.945608,0.004799,0.049592
AGGCACGTGACTGTCC-1,0.023132,0.836069,0.140799
AGGCAGATGCGTAAAC-1,0.999555,0.000346,0.000099
AGGCAGGGAGCGTACT-1,0.004602,0.769712,0.225686
AGGCATTGTCGTAGGG-1,0.180609,0.531642,0.287749
AGGCCACATTGGTTAC-1,0.033266,0.937879,0.028855
AGGCCACCCGTTATGA-1,0.519702,0.462948,0.01735
AGGCCCATTGTACAGG-1,0.242351,0.735747,0.021901
AGGCCCTAGAACGCCA-1,0.010132,0.689857,0.300011
AGGCCTATCATACCAA-1,0.209299,0.168469,0.622232
AGGCCTGAGAATCTCG-1,0.009071,0.742739,0.24819
AGGCGATAACTGGCGT-1,0.112771,0.675469,0.21176
AGGCGGTTTGTCCCGC-1,0.025167,0.560132,0.414701
AGGCTATGGTTAGCTT-1,0.999331,0.000521,0.000149
AGGCTTCCCGAAGAAG-1,0.086849,0.66054,0.252611
AGGCTTGCTAGACACC-1,0.996625,0.000793,0.002582
AGGGACCGGCTGCGTT-1,0.160833,0.723452,0.115715
AGGGACTCTACGCGAC-1,0.0035,0.641086,0.355414
AGGGAGACATACTTCG-1,0.620645,0.379227,0.000128
AGGGCCCTAATGTTCT-1,0.001556,0.784155,0.21429
AGGGCGAGCAGCTGAT-1,0.008713,0.923529,0.067758
AGGGCGTGATCGGCTA-1,0.082405,0.906974,0.010621
AGGGCTGCAGTTACAG-1,0.013673,0.891524,0.094803
AGGGTCAGAGCACTCG-1,0.000018,0.343478,0.656504
AGGGTCGATGCGAACT-1,0.003462,0.924364,0.072174
AGGGTCTGGACGCAGT-1,0.034494,0.858858,0.106648
AGGGTGCCGTTCTTTA-1,0.02514,0.346052,0.628808
AGGGTGCTCTCGAGGG-1,0.02085,0.932638,0.046512
AGGGTGGATAGTGCAT-1,0.001169,0.911813,0.087018
AGGGTTCAGACGGTCC-1,0.075722,0.185058,0.73922
AGGGTTCCCTTTGGTT-1,0.909337,0.077867,0.012796
AGGGTTTAGTTCGGGA-1,0.138136,0.683168,0.178696
AGGTAACCTCCTATTC-1,0.190394,0.785378,0.024228
AGGTACGATATTGCCA-1,0.000015,0.999592,0.000393
AGGTAGATCGAGATAT-1,0.098511,0.429335,0.472155
AGGTAGGTACAAAGCT-1,0.222017,0.741159,0.036824
AGGTATAATTGATAGT-1,0.000012,0.995679,0.004309
AGGTATGCGGACATTA-1,0.060425,0.629147,0.310428
AGGTCAGGTGAGAGTG-1,0.058213,0.859037,0.082751
AGGTCGCCTCCCAACA-1,0.006681,0.674468,0.318851
AGGTCGCGGAGTTACT-1,0.999607,0.000306,0.000087
AGGTGCACGTCCACAT-1,0.03902,0.564415,0.396565
AGGTGGTGACCTTCGC-1,0.123519,0.386241,0.49024
AGGTGTATCGCCATGA-1,0.153231,0.760126,0.086644
AGGTGTTGCCGACCAC-1,0.015213,0.762378,0.222409
AGGTTACACCATGCCG-1,0.189863,0.771335,0.038802
AGGTTGAGGCACGCTT-1,0.236654,0.749843,0.013503
AGGTTTCACACACCTT-1,0.00225,0.979571,0.018179
AGTAACTATAGCAGCC-1,0.030357,0.92835,0.041293
AGTAATCTAAGGGTGG-1,0.163685,0.385976,0.450339
AGTAATGTCTTGCCGC-1,0.10526,0.806372,0.088368
AGTACAGAAGCTTATA-1,0.067851,0.552579,0.379569
AGTACATCATTTATCA-1,0.87993,0.119888,0.000181
AGTACGGCCCGTATCG-1,0.161083,0.667836,0.171081
AGTACGGGCACCTGGC-1,0.999803,0.000153,0.000044
AGTACTCTTATGCCCA-1,0.165719,0.608234,0.226047
AGTAGAAGGCGCCTCA-1,0.078506,0.459646,0.461847
AGTAGGTAACATACAT-1,0.042987,0.9423,0.014713
AGTATAATACTAGGCA-1,0.999,0.000778,0.000222
AGTATACACAGCGACA-1,0.0043,0.584227,0.411473
AGTATGCTGGAGACCA-1,0.002923,0.580374,0.416703
AGTATTTGGCACGACC-1,0.065593,0.800026,0.134381
AGTCAAATGATGTGAT-1,0.065782,0.282871,0.651347
AGTCAACACCACCATC-1,0.00331,0.933013,0.063677
AGTCAAGATGACACTT-1,0.11444,0.758276,0.127283
AGTCACTAGCTCTCGA-1,0.002106,0.967233,0.030662
AGTCAGCCACCGCCTG-1,0.07201,0.920528,0.007462
AGTCCATTGGCTGATG-1,0.025948,0.946215,0.027837
AGTCCCGCCTTTAATT-1,0.00001,0.992923,0.007066
AGTCGACGGTCTCAAG-1,0.149174,0.538431,0.312395
AGTCGGCCCAAACGAC-1,0.999638,0.000281,0.00008
AGTCGGCTCAACTTTA-1,0.007043,0.773008,0.219949
AGTCGGTTGCGTGAGA-1,0.004646,0.992057,0.003296
AGTCGTATAAAGCAGA-1,0.119671,0.450183,0.430146
AGTCGTCGACCACCAA-1,0.002114,0.45775,0.540136
AGTCGTGGGCATTACG-1,0.098781,0.760613,0.140606
AGTCTAAAGTATACTC-1,0.779818,0.197715,0.022467
AGTCTCACAAGACTAC-1,0.062687,0.749988,0.187325
AGTCTGGACATCCTTG-1,0.138657,0.8575,0.003844
AGTCTTCTCCTCAAAT-1,0.99876,0.001096,0.000144
AGTCTTTAAAGTGTCC-1,0.061461,0.370288,0.568251
AGTGAACAAACTTCTC-1,0.034876,0.907435,0.057689
AGTGACCTACTTTACG-1,0.000015,0.988819,0.011166
AGTGACTGTGACACAA-1,0.132001,0.279825,0.588174
AGTGAGACTTCCAGTA-1,0.020566,0.790192,0.189243
AGTGAGCCTCGCCGCC-1,0.870353,0.067292,0.062355
AGTGAGTCGAATTAAC-1,0.093737,0.678587,0.227676
AGTGATAACCTGCGCG-1,0.006482,0.693982,0.299536
AGTGATATGAGTAGTT-1,0.076388,0.919047,0.004566
AGTGATTCAAGCAGGA-1,0.000013,0.889956,0.11003
AGTGCACGCTTAAGAA-1,0.105346,0.70014,0.194514
AGTGCGTAGCTCGTAA-1,0.055183,0.734987,0.20983
AGTGCTAAACACAGCA-1,0.005385,0.6428,0.351815
AGTGCTTGCACGAATA-1,0.000014,0.963552,0.036433
AGTGGCCCGCAAATGG-1,0.252542,0.389834,0.357625
AGTGGCGGCAATTTGA-1,0.661183,0.322006,0.01681
AGTGGCGTCTGAAGGT-1,0.002251,0.751415,0.246334
AGTGGCTCCGTCGGCC-1,0.057859,0.837612,0.104529
AGTGGTGTTACCCGTG-1,0.034338,0.717716,0.247946
AGTGGTTGCGTATAGG-1,0.00065,0.857137,0.142213
AGTGTATTGCGCATTG-1,0.163461,0.797955,0.038584
AGTGTGCTAAGATCGC-1,0.044527,0.938297,0.017176
AGTGTGGTCTATTGTG-1,0.99934,0.000514,0.000147
AGTTAAACACTTGCGA-1,0.08405,0.609217,0.306732
AGTTAAGCGGTCCCGG-1,0.296133,0.646466,0.057401
AGTTAAGTCAACCGCT-1,0.063627,0.735329,0.201044
AGTTACCCTTAAGACT-1,0.999458,0.000421,0.00012
AGTTACCGCACATGGT-1,0.964818,0.009587,0.025595
AGTTACTCTATCGTGG-1,0.026476,0.964555,0.008969
AGTTCACCGGTTGGAC-1,0.99704,0.002813,0.000147
AGTTCCTACAGAATTA-1,0.181751,0.777107,0.041142
AGTTCCTATTTATGTT-1,0.168109,0.829447,0.002444
AGTTCTGCGTTGTATC-1,0.04468,0.910854,0.044466
AGTTGACATCGGCTGG-1,0.1607,0.773901,0.065399
AGTTGACGGTCCTTGC-1,0.039013,0.65283,0.308157
AGTTGCTGACTGATAT-1,0.304299,0.695553,0.000148
AGTTGGCAAGGCTAGA-1,0.06142,0.785209,0.153371
AGTTTCGCAGGTCGGA-1,0.092115,0.79154,0.116345
AGTTTGCACCTGCCTC-1,0.000019,0.581974,0.418006
AGTTTGGCACGGGTTG-1,0.274697,0.491484,0.233819
AGTTTGGCCAGACCTA-1,0.009536,0.683803,0.306661
ATAAACGGACCCGTAA-1,0.010321,0.929712,0.059967
ATAAACGTTGCACCAC-1,0.01752,0.899945,0.082536
ATAAAGGCTCGGTCGT-1,0.376994,0.580114,0.042891
ATAAATATTAGCAGCT-1,0.081864,0.891273,0.026863
ATAACGCCGGAGGGTC-1,0.00001,0.920085,0.079905
ATAACGGAGTCCAACG-1,0.9886,0.011183,0.000217
ATAAGGTGGAGAACAT-1,0.031905,0.783619,0.184476
ATAAGTAGGGCGACTC-1,0.010711,0.886095,0.103194
ATAAGTTACCGCGACG-1,0.184338,0.796725,0.018937
ATAATACCGTTAGCCG-1,0.279118,0.693504,0.027378
ATAATAGCTGTTGAAT-1,0.181043,0.647869,0.171088
ATAATAGTGTAGGGAC-1,0.118412,0.881523,0.000065
ATAATCTTGGAGAACC-1,0.058734,0.528299,0.412967
ATAATTAGCTAAGTAG-1,0.015782,0.516616,0.467602
ATACAGGCCCTCCAAT-1,0.034935,0.705876,0.259188
ATACCACGGGCAACTT-1,0.016274,0.903835,0.079891
ATACCTAACCAAGAAA-1,0.007172,0.598138,0.39469
ATACGAAGGCTTTCCA-1,0.089459,0.75727,0.15327
ATACGCCGGCGAAACC-1,0.059319,0.807805,0.132877
ATACGGAACGTCGTTT-1,0.030493,0.679679,0.289828
ATACGGGTTTCGATTG-1,0.148666,0.655702,0.195632
ATACGGTGAAGATGCA-1,0.476045,0.427976,0.095979
ATACGTACTTAGCCAC-1,0.159835,0.717158,0.123007
ATACGTCCACTCCTGT-1,0.000023,0.676963,0.323013
ATACGTTATGCACGGA-1,0.009531,0.676242,0.314227
ATACTACCCGTACCAC-1,0.04081,0.695616,0.263574
ATACTAGCATGACCCT-1,0.271835,0.571577,0.156588
ATACTGCCTTACACCG-1,0.000012,0.798429,0.20156
ATACTTGTTCTCGAGC-1,0.014165,0.961954,0.023881
ATAGACAACGGGACCT-1,0.79738,0.047385,0.155235
ATAGACGAAGAGAAAG-1,0.077965,0.776249,0.145786
ATAGCAACTAGGGAAG-1,0.040727,0.501199,0.458074
ATAGCCATAACAGTCA-1,0.000006,0.993506,0.006488
ATAGCCTCAGTACCCA-1,0.126073,0.870082,0.003846
ATAGCTGCTCTTGTTA-1,0.000023,0.973428,0.026549
ATAGGCGGCTATAGAA-1,0.007844,0.924692,0.067464
ATAGGCTAGCTTCGCA-1,0.963326,0.000797,0.035877
ATAGGGATATCCTTGA-1,0.210217,0.735039,0.054743
ATAGTGAAGCGTTCTC-1,0.037887,0.928555,0.033558
ATAGTTCCACCCACTC-1,0.123716,0.83877,0.037514
ATATAAAGCGCTCGTG-1,0.059401,0.637726,0.302873
ATATAAATGTAGCTGC-1,0.003722,0.982814,0.013464
ATATAACACGGGCGCA-1,0.002901,0.341351,0.655748
ATATACATGTATGGTA-1,0.012841,0.729891,0.257268
ATATACGCTCGTGACG-1,0.043968,0.896995,0.059037
ATATAGAGTATTGGTC-1,0.040302,0.001114,0.958584
ATATCAACCTACAGAG-1,0.000022,0.907162,0.092815
ATATCAATTCCAGCCT-1,0.005314,0.361038,0.633648
ATATCGGTAGGGAGAT-1,0.000012,0.996825,0.003162
ATATCGTTCCTCGAAC-1,0.091319,0.497774,0.410907
ATATCTCCCTCGTTAA-1,0.061207,0.857958,0.080835
ATATCTTAGGGCCTTC-1,0.077257,0.922171,0.000572
ATATGGGATAGCAACT-1,0.048304,0.500171,0.451525
ATATGTCTCCCTAGCC-1,0.037942,0.860081,0.101976
ATATTCAGTTAAACCT-1,0.064517,0.784748,0.150735
ATATTCCACATAGTGA-1,0.00866,0.886436,0.104904
ATATTCCCACAGGTCA-1,0.128329,0.767475,0.104197
ATATTGCTGTCAAAGT-1,0.217965,0.781951,0.000085
ATATTGGAGAGGCCTT-1,0.016148,0.97603,0.007822
ATATTTAACCCTCAAG-1,0.101832,0.813755,0.084413
ATCAAACACTGTTCCA-1,0.095513,0.73133,0.173157
ATCAAACGAAGGTTTG-1,0.000008,0.910501,0.08949
ATCAAGATCCCAGGAC-1,0.001447,0.245181,0.753372
ATCAATCTGGGCTGCA-1,0.000431,0.878398,0.121171
ATCAATGCCGTGGCTG-1,0.097335,0.467042,0.435623
ATCACATTAGAATATC-1,0.021112,0.936345,0.042543
ATCACGTGCTAATTAA-1,0.014645,0.874162,0.111193
ATCACTTCATCCTCGC-1,0.209023,0.736211,0.054766
ATCAGACGGCACGCCG-1,0.019312,0.928052,0.052635
ATCAGCCTCATGCTGC-1,0.000017,0.871274,0.128709
ATCAGCTCGTCCACTA-1,0.175231,0.688061,0.136708
ATCAGGTAGCTGACAG-1,0.355046,0.427441,0.217513
ATCAGTAGGCAGGGAT-1,0.856816,0.131299,0.011885
ATCATAGCCCTATGTA-1,0.083691,0.517728,0.398581
ATCATCCAATATTTGT-1,0.012135,0.908268,0.079598
ATCATGGACTACCGAC-1,0.031821,0.873541,0.094638
ATCCAACGCAGTCATA-1,0.895912,0.039603,0.064486
ATCCAATGGAGGGTCC-1,0.011024,0.838056,0.15092
ATCCAATGGTACCGAA-1,0.032143,0.911975,0.055882
ATCCACATCGACAGAA-1,0.00668,0.551939,0.441381
ATCCAGAGCAACAACC-1,0.069013,0.683823,0.247164
ATCCAGGATTCGTGAA-1,0.030491,0.792992,0.176517
ATCCCATCCACAGCGC-1,0.106671,0.415056,0.478274
ATCCCATTTCCGTGGG-1,0.001731,0.421549,0.576721
ATCCGGACCAGCCTGA-1,0.021282,0.917193,0.061526
ATCCTACCTAAGCTCT-1,0.03233,0.848124,0.119546
ATCCTGAATCGCTGCG-1,0.163153,0.798347,0.0385
ATCCTGCGTGGAATGG-1,0.007385,0.88925,0.103365
ATCCTTCTGAAAGAAC-1,0.052627,0.816122,0.131251
ATCGACCCAATACAGA-1,0.03917,0.874203,0.086627
ATCGACTCTTTCCGTT-1,0.714417,0.285432,0.000151
ATCGCACGCCGGGAGA-1,0.999159,0.000654,0.000187
ATCGCCAGTCAACATT-1,0.002308,0.969117,0.028575
ATCGCCGTGGTTCATG-1,0.02505,0.918386,0.056564
ATCGCTTTACGTCTCA-1,0.295215,0.583729,0.121056
ATCGGAGACAGACGGC-1,0.013183,0.936123,0.050694
ATCGGCAAGCAGTCCA-1,0.005387,0.772158,0.222454
ATCGGTTACCTAGTAA-1,0.005815,0.845602,0.148583
ATCGTATTCCGAGAAC-1,0.093907,0.86379,0.042303
ATCGTCCAATCGAGTC-1,0.14476,0.817953,0.037287
ATCGTGGAAAGTCTGG-1,0.000009,0.551397,0.448594
ATCGTTAGCTAGCGGA-1,0.245557,0.530795,0.223648
ATCTAATATCCTACGG-1,0.137328,0.726531,0.136141
ATCTACCATCTGCTCC-1,0.134043,0.431848,0.434108
ATCTAGCTTGTGAGGG-1,0.061103,0.174941,0.763956
ATCTCCCACGGAATAT-1,0.007887,0.952513,0.0396
ATCTCCCTGCAATCTA-1,0.087837,0.846571,0.065592
ATCTCGTGAGCGAAAC-1,0.046578,0.882475,0.070947
ATCTGACATGGAAGGA-1,0.063753,0.454,0.482247
ATCTGATAGTGTCTTA-1,0.102384,0.893703,0.003913
ATCTGCACCTCTGCGA-1,0.990274,0.007871,0.001854
ATCTGCTGTTATCGCC-1,0.1149,0.44479,0.44031
ATCTGGGCTGTTCTTG-1,0.13686,0.537157,0.325983
ATCTGTAATTGTACCC-1,0.024571,0.972639,0.00279
ATCTTATCGCACACCC-1,0.111875,0.677833,0.210292
ATCTTGACTTGTCCAA-1,0.713429,0.286426,0.000145
ATGAAGCCAAGGAGCC-1,0.753267,0.239066,0.007667
ATGAAGTGGACCCAGC-1,0.07166,0.873195,0.055144
ATGACGCCGGCTCTAA-1,0.125751,0.716938,0.157311
ATGACGCGTTCTATCC-1,0.016597,0.912371,0.071031
ATGACTATCAGCTGTG-1,0.003757,0.541794,0.454449
ATGACTATGCGACATT-1,0.079896,0.82347,0.096634
ATGAGGAGTGTTAATC-1,0.999589,0.00032,0.000091
ATGAGGGCAGCGGCTA-1,0.000012,0.965333,0.034655
ATGATCGGGAATAGAC-1,0.017527,0.914336,0.068137
ATGATGCAATGGTACA-1,0.172415,0.742148,0.085437
ATGCACCTTCCTTAAT-1,0.821784,0.170489,0.007727
ATGCACGCGCTGTTCA-1,0.055022,0.310488,0.63449
ATGCACTACCGCATTG-1,0.901402,0.026689,0.07191
ATGCATGATCCAGGAT-1,0.96592,0.033877,0.000204
ATGCCATTTGCGACCA-1,0.000009,0.982165,0.017826
ATGCCGGTCTTGCATA-1,0.296446,0.68143,0.022124
ATGCCGGTTGATGGGA-1,0.096779,0.793879,0.109342
ATGCGACAGTCCCATT-1,0.000017,0.804451,0.195532
ATGCGAGTCCCACCAC-1,0.209488,0.406701,0.383811
ATGCTCAGTGTTGCAT-1,0.950567,0.049263,0.00017
ATGCTCTGGCGCGGTA-1,0.00001,0.75972,0.24027
ATGCTTAGGAGTTGAT-1,0.005706,0.853142,0.141153
ATGGAAATTTAAGGAG-1,0.087892,0.55257,0.359538
ATGGAACCTTTGCACA-1,0.015192,0.960129,0.02468
ATGGAGCAGGCCGTGA-1,0.075702,0.87253,0.051768
ATGGATCCGGCGTCCG-1,0.170487,0.8147,0.014813
ATGGCAGCATTACGAT-1,0.174465,0.067553,0.757982
ATGGCAGCCGAGAAAC-1,0.149639,0.785761,0.0646
ATGGCGGAATAGTCGC-1,0.506314,0.32335,0.170337
ATGGGACCTGCTGAAC-1,0.000612,0.540202,0.459187
ATGGGCCTCGGCCTCT-1,0.009298,0.776518,0.214184
ATGGGTGTATACCTCC-1,0.115555,0.391107,0.493337
ATGGTATTGGGAACCG-1,0.122996,0.035857,0.841148
ATGGTCGCGTGGTTTC-1,0.091725,0.594736,0.313539
ATGTAAGGCTGCTCTT-1,0.064701,0.776254,0.159046
ATGTACATGCGGTGAG-1,0.053194,0.911282,0.035523
ATGTACGATGACGTCG-1,0.193932,0.331834,0.474234
ATGTAGCGCGCGTAGG-1,0.073005,0.655994,0.271001
ATGTCATTTCCCATTG-1,0.002374,0.81415,0.183476
ATGTGAAAGCCTAATG-1,0.027737,0.712614,0.259649
ATGTGCATCCGACGCA-1,0.707307,0.275926,0.016767
ATGTGGACATCTTGAT-1,0.000524,0.971793,0.027683
ATGTTACGAGCAATAC-1,0.019545,0.895304,0.085151
ATGTTCCTGCCCACCT-1,0.000031,0.951965,0.048005
ATGTTCGTCGACCCAC-1,0.007376,0.973148,0.019475
ATGTTGATTAGAGACT-1,0.164868,0.306392,0.52874
ATGTTGTAGTCTGTTT-1,0.017031,0.379799,0.603169
ATGTTTCGGCCCGGAG-1,0.500436,0.454081,0.045483
ATTAAACATGCGGACC-1,0.003327,0.863504,0.133169
ATTAACACCTGAGATA-1,0.680406,0.300826,0.018767
ATTAATACTACGCGGG-1,0.251246,0.728108,0.020647
ATTAATGAACCAGTCG-1,0.7324,0.267515,0.000085
ATTAATTCGGTCACTC-1,0.016343,0.958616,0.025042
ATTACATGTCAGTCTT-1,0.011667,0.944634,0.043699
ATTACCACACTGCCTG-1,0.043763,0.945887,0.010349
ATTACGCGCTGGCAGG-1,0.050819,0.823524,0.125657
ATTACTAGCCTCTTGC-1,0.043933,0.936711,0.019355
ATTACTTACTGGGCAT-1,0.746954,0.24849,0.004557
ATTAGATTCCTCAGCA-1,0.817763,0.000823,0.181414
ATTAGATTGATAGCGG-1,0.461835,0.518235,0.01993
ATTAGGCGATGCTTTC-1,0.053519,0.834306,0.112174
ATTATACTTTGCTCGT-1,0.209179,0.767065,0.023755
ATTATAGCTACTTTAC-1,0.128369,0.771577,0.100054
ATTATCGGAATGTACG-1,0.029442,0.682715,0.287843
ATTATGAGACCCAATT-1,0.083209,0.249571,0.66722
ATTATGCCATAGGGAG-1,0.11056,0.705878,0.183562
ATTATTATGTCCGTCA-1,0.006678,0.790384,0.202938
ATTATTCAGAGTCACT-1,0.045236,0.476608,0.478156
ATTCAACCATTTAAGG-1,0.026668,0.71457,0.258762
ATTCACTGATGTTGGA-1,0.026495,0.846965,0.126539
