Barcode,Topic 1,Topic 2to8,Topic 9,Topic 10
AAACAAGTATCTCCCA-1,0.010978,0.854959,0.056793,0.07727
AAACACCAATAACTGC-1,0.026845,0.435908,0.44055,0.096697
AAACAGCTTTCAGAAG-1,0.000272,0.814602,0.13228,0.052847
AAACAGGGTCTATATT-1,0.066051,0.775821,0.091115,0.067014
AAACAGTGTTCCTGGG-1,0.180806,0.011832,0.014956,0.792406
AAACATTTCCCGGATT-1,0.01116,0.653919,0.133315,0.201605
AAACCCGAACGAAATC-1,0.000006,0.989874,0.010114,0.000006
AAACCGGAAATGTTAA-1,0.000369,0.982464,0.015101,0.002066
AAACCGGGTAGGTACC-1,0.001541,0.80704,0.162233,0.029186
AAACCGTTCGTCCAGG-1,0.028788,0.490381,0.026174,0.454657
AAACCTAAGCAGCCGG-1,0.040825,0.548656,0.30647,0.10405
AAACCTCATGAAGTTG-1,0.421663,0.517941,0.029788,0.030608
AAACGAAGATGGAGTA-1,0.120145,0.310872,0.293494,0.275488
AAACGAGACGGTTGAT-1,0.009204,0.864608,0.126172,0.000016
AAACGCTGGGCACGAC-1,0.000007,0.97768,0.009577,0.012736
AAACGGGCGTACGGGT-1,0.05877,0.424949,0.505852,0.010429
AAACGGTTGCGAACTG-1,0.001319,0.250433,0.035874,0.712374
AAACTCGGTTCGCAAT-1,0.023659,0.534441,0.424719,0.017181
AAACTGCTGGCTCCAA-1,0.001915,0.884428,0.067932,0.045725
AAACTTAATTGCACGC-1,0.054064,0.098286,0.458067,0.389583
AAACTTGCAAACGTAT-1,0.028706,0.807106,0.069913,0.094275
AAAGAATGTGGACTAA-1,0.000014,0.809315,0.168911,0.02176
AAAGACTGGGCGCTTT-1,0.198473,0.551431,0.036041,0.214055
AAAGGCCCTATAATAC-1,0.123275,0.183284,0.42899,0.264451
AAAGGCTACGGACCAT-1,0.015039,0.574058,0.322633,0.088269
AAAGGCTCTCGCGCCG-1,0.000006,0.993416,0.006492,0.000086
AAAGGGATGTAGCAAG-1,0.81516,0.161795,0.000057,0.022988
AAAGGGCAGCTTGAAT-1,0.749302,0.231778,0.000031,0.018889
AAAGTAGCATTGCTCA-1,0.014769,0.566113,0.013097,0.40602
AAAGTCGACCCTCAGT-1,0.000008,0.997459,0.002524,0.000008
AAAGTGCCATCAATTA-1,0.027,0.921644,0.015621,0.035735
AAAGTGTGATTTATCT-1,0.005981,0.936825,0.051563,0.005631
AAAGTTGACTCCCGTA-1,0.011415,0.988356,0.00022,0.000009
AAATAACCATACGGGA-1,0.06197,0.851078,0.038874,0.048079
AAATAAGGTAGTGCCC-1,0.295973,0.649477,0.054512,0.000038
AAATACCTATAAGCAT-1,0.109487,0.706853,0.01711,0.16655
AAATAGCTTAGACTTT-1,0.000012,0.93003,0.069945,0.000012
AAATAGGGTGCTATTG-1,0.181787,0.573216,0.115311,0.129686
AAATCCGATACACGCC-1,0.083346,0.539963,0.331055,0.045636
AAATCGCGGAAGGAGT-1,0.052581,0.275164,0.233655,0.438601
AAATCGTGTACCACAA-1,0.026841,0.916064,0.050846,0.006249
AAATCTAGCCCTGCTA-1,0.105481,0.709904,0.087223,0.097392
AAATGCTCGTTACGTT-1,0.031545,0.901459,0.005014,0.061982
AAATGGCATGTCTTGT-1,0.060031,0.915572,0.014454,0.009943
AAATGGCCCGTGCCCT-1,0.050536,0.688818,0.01404,0.246606
AAATGGTCAATGTGCC-1,0.010534,0.842055,0.133727,0.013685
AAATGTATCTTATCCC-1,0.157856,0.726774,0.094313,0.021056
AAATTAACGGGTAGCT-1,0.042733,0.871814,0.084731,0.000721
AAATTAATAAGCGCGA-1,0.077873,0.776113,0.111118,0.034896
AAATTACACGACTCTG-1,0.06071,0.848268,0.034562,0.056461
AAATTACCTATCGATG-1,0.9994,0.000467,0.000067,0.000067
AAATTCCAGGTCCAAA-1,0.008146,0.822292,0.167632,0.00193
AAATTGATAGTCCTTT-1,0.000005,0.98574,0.011049,0.003206
AAATTTGCGGGTGTGG-1,0.032211,0.828063,0.024642,0.115084
AACAACTGGTAGTTGC-1,0.5003,0.099924,0.000035,0.399741
AACAATACATTGTCGA-1,0.016036,0.661796,0.238436,0.083732
AACAATTACTCTACGC-1,0.127005,0.758328,0.114645,0.000022
AACACACGCTCGCCGC-1,0.114643,0.695267,0.075542,0.114548
AACACGAGACGCGGCC-1,0.00687,0.753706,0.024365,0.215059
AACAGCTGTGTGGCAA-1,0.000984,0.817163,0.153727,0.028127
AACAGGAAATCGAATA-1,0.085054,0.841285,0.005484,0.068176
AACAGGATGGGCCGCG-1,0.076553,0.747144,0.099009,0.077295
AACAGGTAGTATGGAT-1,0.011356,0.916155,0.000022,0.072467
AACATTGAAGTTGATC-1,0.010389,0.109526,0.130363,0.749722
AACATTGTGACTCGAG-1,0.031907,0.684742,0.217623,0.065728
AACCAAGACTTCTCTG-1,0.250727,0.558908,0.106374,0.083991
AACCATAGGGTTGAAC-1,0.068878,0.030059,0.010955,0.890108
AACCATGGGATCGCTA-1,0.040168,0.959767,0.000032,0.000032
AACCCAGAGACGGAGA-1,0.225091,0.747016,0.000054,0.027839
AACCCATCCCATGATC-1,0.022112,0.358231,0.564401,0.055255
AACCCGACAACCCGTG-1,0.007548,0.459543,0.315667,0.217242
AACCCGAGCAGAATCG-1,0.009743,0.89179,0.018425,0.080042
AACCCTACTGTCAATA-1,0.293831,0.663366,0.031973,0.01083
AACCGAGCTTGGTCAT-1,0.978577,0.011797,0.000049,0.009577
AACCGCTAAGGGATGC-1,0.005117,0.986996,0.002385,0.005503
AACCGTTGTGTTTGCT-1,0.000011,0.997299,0.002679,0.000011
AACCTCGCTTTAGCCC-1,0.043636,0.607618,0.323091,0.025655
AACCTGTCACGGAATT-1,0.000015,0.874205,0.125766,0.000015
AACCTTTAAATACGGT-1,0.005546,0.894856,0.033111,0.066487
AACCTTTACGACGTCT-1,0.187258,0.805781,0.000027,0.006934
AACGAAAGTCGTCCCA-1,0.100257,0.449767,0.353194,0.096782
AACGACCTCCTAGCCG-1,0.013946,0.779628,0.056882,0.149544
AACGATAATGCCGTAG-1,0.086651,0.74261,0.024733,0.146006
AACGATAGAAGGGCCG-1,0.020483,0.97639,0.000029,0.003098
AACGATATGTCAACTG-1,0.97686,0.002022,0.000021,0.021098
AACGCGACCTTGGGCG-1,0.015746,0.336672,0.568736,0.078846
AACGCGGTCTCCAGCC-1,0.868146,0.09486,0.000068,0.036926
AACGCTGTTGCTGAAA-1,0.017096,0.844498,0.059943,0.078463
AACGGACGTACGTATA-1,0.090827,0.837629,0.03274,0.038805
AACGGCCATCTCCGGT-1,0.017779,0.79342,0.027184,0.161617
AACGTACTGTGGGTAC-1,0.0109,0.804917,0.0992,0.084983
AACGTCAGACTAGTGG-1,0.999363,0.000495,0.000071,0.000071
AACGTCGCTGCACTTC-1,0.03163,0.878421,0.034164,0.055785
AACGTGCGAAAGTCTC-1,0.000617,0.918255,0.078225,0.002903
AACGTTATCAGCACCT-1,0.999151,0.000661,0.000094,0.000094
AACGTTCTACCATTGT-1,0.06122,0.895991,0.022317,0.020472
AACTACCCGTTTGTCA-1,0.000008,0.999977,0.000008,0.000008
AACTAGGCTTGGGTGT-1,0.205464,0.554745,0.058282,0.181509
AACTCAAGTTAATTGC-1,0.0377,0.68045,0.057964,0.223886
AACTCCAGAGCGTGTT-1,0.002909,0.773181,0.218893,0.005017
AACTCGATGGCGCAGT-1,0.296448,0.673499,0.021941,0.008111
AACTCTCAATAGAGCG-1,0.000028,0.900606,0.099338,0.000028
AACTCTCAGTGTGCTC-1,0.139199,0.67841,0.036685,0.145706
AACTGAGTTATACTGA-1,0.037078,0.936474,0.006975,0.019473
AACTGATATTAGGCCT-1,0.087144,0.895327,0.010453,0.007075
AACTGGGTCCCGACGT-1,0.002579,0.955159,0.042251,0.00001
AACTTCTGCGTCTATC-1,0.105122,0.820354,0.074046,0.000479
AACTTGCCCGTATGCA-1,0.260779,0.692712,0.04146,0.005049
AACTTGCGTTCTCGCG-1,0.051828,0.865043,0.065222,0.017908
AACTTTACGGGAGCTT-1,0.11747,0.74562,0.055147,0.081763
AAGAAGGATCAGTTAG-1,0.162144,0.788557,0.000032,0.049268
AAGACATACGTGGTTT-1,0.022152,0.865506,0.064017,0.048324
AAGACCAAATAACTCA-1,0.064,0.046034,0.163896,0.72607
AAGACCCAACTGAACA-1,0.01546,0.629036,0.318246,0.037259
AAGACTGCAAGCTACT-1,0.049993,0.79096,0.153081,0.005966
AAGAGATGAATCGGTA-1,0.937979,0.061945,0.000038,0.000038
AAGAGCTCTTTATCGG-1,0.168995,0.7395,0.080535,0.01097
AAGAGGATGTACGCGA-1,0.080866,0.876958,0.041353,0.000824
AAGAGGCATGGATCGC-1,0.058208,0.682115,0.086185,0.173492
AAGAGGCCCTTTGGAA-1,0.017771,0.684694,0.067604,0.229932
AAGATGGCACCGGACC-1,0.001493,0.653186,0.247112,0.09821
AAGATTGGCGGAACGT-1,0.9998,0.000155,0.000022,0.000022
AAGCACCCTGCGTATC-1,0.062179,0.722571,0.140271,0.074978
AAGCATACTCTCCTGA-1,0.040934,0.616351,0.006301,0.336414
AAGCCGAAGCGGTTTA-1,0.003944,0.764468,0.000938,0.230649
AAGCCGCCGTGAAATC-1,0.026766,0.166757,0.219928,0.586549
AAGCCGGAGAGCAGGA-1,0.056978,0.82004,0.038469,0.084512
AAGCGCAGGGCTTTGA-1,0.102892,0.431278,0.413029,0.052802
AAGCGTCCCTCATCGA-1,0.004055,0.549906,0.444174,0.001865
AAGCTAGATCGAGTAA-1,0.019085,0.838005,0.086057,0.056853
AAGCTCGTGCCAAGTC-1,0.107089,0.808229,0.075608,0.009073
AAGCTCTTTCATGGTG-1,0.054621,0.702655,0.115522,0.127202
AAGGAGCGGTTGGTGC-1,0.779565,0.204876,0.00005,0.015509
AAGGATCGATCGCTTG-1,0.00002,0.979466,0.019703,0.00081
AAGGATGAGGGACCTC-1,0.86832,0.100739,0.001665,0.029276
AAGGCAGGCTGTCTCC-1,0.070594,0.922789,0.006594,0.000022
AAGGCGCGTAAAGCTT-1,0.999583,0.000324,0.000046,0.000046
AAGGCTGTGCTCATCG-1,0.126703,0.858482,0.014756,0.000059
AAGGGAACGACTGGCT-1,0.001263,0.378899,0.548203,0.071635
AAGGGACAGATTCTGT-1,0.958792,0.000324,0.001458,0.039426
AAGGGACTATGCATTC-1,0.000009,0.664936,0.333009,0.002046
AAGGGTTAGCCATGCG-1,0.030494,0.831609,0.054143,0.083754
AAGGTATCCTAATATA-1,0.993329,0.000315,0.000045,0.006312
AAGGTGATAAACCAGC-1,0.000004,0.966996,0.03291,0.00009
AAGTAGAAGACCGGGT-1,0.03479,0.860923,0.051051,0.053236
AAGTAGTGACGCGAGG-1,0.061587,0.909389,0.025499,0.003525
AAGTCAATTGTCGTCA-1,0.000009,0.994472,0.00551,0.000009
AAGTCTTCTGTGGCCT-1,0.122678,0.585044,0.003403,0.288875
AAGTGACGACCGAATT-1,0.009435,0.937481,0.011332,0.041753
AAGTGAGTCGGGTTTA-1,0.005552,0.397214,0.38765,0.209584
AAGTGCAAAGGTAGAC-1,0.003375,0.863367,0.133244,0.000013
AAGTGCCTTGACTGTA-1,0.012942,0.914817,0.014956,0.057285
AAGTGCGTTAGAATCT-1,0.017026,0.893301,0.023003,0.06667
AAGTGCTTCTCTATTG-1,0.068633,0.191427,0.390562,0.349378
AAGTGTTTGGAGACGG-1,0.039194,0.909385,0.021177,0.030244
AAGTTCACTCCAAGCT-1,0.001882,0.62162,0.356225,0.020272
AAGTTCGGCCAACAGG-1,0.021003,0.866656,0.071497,0.040843
AAGTTGTGATGTTATA-1,0.140007,0.632001,0.063478,0.164514
AAGTTTATGGGCCCAA-1,0.091233,0.224502,0.559344,0.12492
AATAACAACGCTCGGC-1,0.034245,0.863503,0.04559,0.056662
AATAACACTAGAACAA-1,0.007301,0.787024,0.047732,0.157943
AATAACGTCGCGCCCA-1,0.006645,0.795401,0.099657,0.098297
AATAATCTTCGTATCG-1,0.009579,0.673258,0.015053,0.302109
AATACAATGTTTCAGG-1,0.999111,0.000691,0.000099,0.000099
AATACCGGAGGGCTGT-1,0.007539,0.511735,0.414334,0.066392
AATACCTGATGTGAAC-1,0.002317,0.48026,0.422954,0.094469
AATAGAACAGAGTGGC-1,0.02748,0.912375,0.038436,0.021709
AATAGAATCTGTTTCA-1,0.026082,0.812853,0.039959,0.121106
AATAGTCCGTCCCGAC-1,0.07672,0.611635,0.090612,0.221033
AATAGTCGCGAGTCGG-1,0.700131,0.29981,0.00003,0.00003
AATATCCTAGCAAACT-1,0.002044,0.965038,0.016606,0.016312
AATATCGAATCAATGC-1,0.000522,0.802187,0.003162,0.194129
AATATTGGAGTATTGA-1,0.000792,0.952024,0.045392,0.001792
AATCAGGTTTCATTTA-1,0.053508,0.290353,0.288975,0.367164
AATCATGTAAAGACTC-1,0.029498,0.804871,0.045525,0.120106
AATCCAAGGGCCTGAG-1,0.019236,0.921617,0.02653,0.032618
AATCGCCTCAGCGCCA-1,0.000016,0.983919,0.016049,0.000016
AATCGCGCAGAGGACT-1,0.002703,0.952791,0.025044,0.019462
AATCGGTATAGCCCTC-1,0.197086,0.606528,0.061813,0.134572
AATCGTGAGCCGAGCA-1,0.129794,0.468761,0.312782,0.088662
AATCTAGGTTTACTTG-1,0.000083,0.755717,0.235542,0.008658
AATCTATGCCGGAGCC-1,0.999816,0.000143,0.00002,0.00002
AATCTCTACTGTGGTT-1,0.009461,0.951309,0.004205,0.035025
AATCTGCGTTGGGACG-1,0.355377,0.512074,0.128435,0.004114
AATCTGGCTTTCTAGT-1,0.047753,0.655973,0.235566,0.060707
AATGACAGCAATGTCT-1,0.008143,0.830742,0.093146,0.067969
AATGACGTAGGATGTC-1,0.002088,0.863589,0.068649,0.065673
AATGACTGTCAGCCGG-1,0.690637,0.000352,0.00005,0.308961
AATGAGTTCGCATATG-1,0.117061,0.88282,0.000059,0.000059
AATGATGATACGCTAT-1,0.789915,0.208698,0.000074,0.001313
AATGATGCGACTCCTG-1,0.7244,0.000741,0.000106,0.274753
AATGCAACCGGGTACC-1,0.994397,0.000359,0.000051,0.005193
AATGCACCAAGCAATG-1,0.028462,0.81343,0.158094,0.000015
AATGGTCCACCGTTCA-1,0.355016,0.438822,0.020457,0.185705
AATGGTTCTCACAAGC-1,0.026247,0.766249,0.207445,0.000059
AATGTATGGCACTGTA-1,0.009929,0.199437,0.206556,0.584078
AATGTGCCCGAGGTGT-1,0.009513,0.691296,0.235424,0.063766
AATGTGCTAATCTGAG-1,0.041452,0.41501,0.440677,0.102861
AATGTTGTCGTGAGAC-1,0.002602,0.935693,0.039945,0.02176
AATTAAAGGTCGGCGT-1,0.086609,0.847385,0.019768,0.046237
AATTAACGGATTTCCA-1,0.000023,0.753944,0.147689,0.098345
AATTACGAGACCCATC-1,0.100716,0.21475,0.156344,0.528189
AATTAGCGCTGCAGCG-1,0.036708,0.916089,0.023989,0.023214
AATTATACCCAGCAAG-1,0.001627,0.300342,0.150184,0.547846
AATTCATAAGGGATCT-1,0.712384,0.277415,0.000059,0.010143
AATTCATTGTCATGCA-1,0.075323,0.2902,0.08822,0.546257
AATTCCAAGCATGTAC-1,0.006156,0.545211,0.38337,0.065262
AATTCGATTCGAGGAT-1,0.080023,0.355682,0.487195,0.0771
AATTCTAGAGTTAGGC-1,0.066327,0.671739,0.009002,0.252933
AATTGAACGCTCTGGT-1,0.051752,0.822348,0.007706,0.118194
AATTGCAGCAATCGAC-1,0.000009,0.955748,0.042156,0.002086
AATTGCGTGGATTACA-1,0.000986,0.267087,0.4304,0.301527
AATTGTGGTTGCCAAA-1,0.019492,0.530122,0.004741,0.445646
AATTTGGTTCCAAAGA-1,0.138593,0.668627,0.037653,0.155128
ACAAACCATGCGTCCT-1,0.144032,0.067884,0.499206,0.288878
ACAAAGAAGGTAGGCC-1,0.000007,0.854173,0.038698,0.107122
ACAAAGCATGACCTAG-1,0.006837,0.615178,0.338271,0.039715
ACAAATCGCACCGAAT-1,0.00001,0.878713,0.015384,0.105892
ACAAATGGTAGTGTTT-1,0.074759,0.845314,0.019366,0.060561
ACAACAGCATGAGCTA-1,0.265734,0.719575,0.014641,0.000051
ACAACGGTCCCTGCGA-1,0.912411,0.077627,0.000052,0.00991
ACAAGCAGTGCCTAGC-1,0.348645,0.64237,0.008405,0.00058
ACAAGCTATATGGAAG-1,0.065737,0.871419,0.04706,0.015784
ACAAGGAAATCCGCCC-1,0.03537,0.681054,0.01469,0.268886
ACAAGGACAAGAGGTT-1,0.093126,0.784678,0.112541,0.009655
ACAAGGATGCTTTAGG-1,0.035567,0.719453,0.207025,0.037956
ACAAGGGCAGGCTCTG-1,0.01337,0.730878,0.190309,0.065443
ACAATAGTCGTACGTT-1,0.008558,0.772867,0.003145,0.21543
ACAATCCATTTAAACC-1,0.314362,0.634621,0.042943,0.008074
ACAATGAATACGGAGA-1,0.123883,0.464511,0.373846,0.03776
ACAATTGTGTCTCTTT-1,0.000015,0.954015,0.028253,0.017717
ACAATTTAGGAGGCTC-1,0.401561,0.560671,0.019821,0.017947
ACAATTTGAGCAGTGG-1,0.999179,0.000638,0.000091,0.000091
ACAATTTGGCCATATT-1,0.000882,0.919889,0.079015,0.000214
ACACAAAGACGGGTGG-1,0.986834,0.000321,0.000046,0.012799
ACACACCAGGACCAGT-1,0.003043,0.860397,0.032337,0.104223
ACACACTTTCTACACG-1,0.006502,0.977597,0.014952,0.000948
ACACATGATCAAATCT-1,0.070309,0.433988,0.293655,0.202047
ACACATTTCCGTAGAC-1,0.266668,0.356894,0.082486,0.293951
ACACCACATAATTAGC-1,0.474728,0.50471,0.015308,0.005254
ACACCCAGCATGCAGC-1,0.999335,0.000518,0.000074,0.000074
ACACCCGAGAAATCCG-1,0.373413,0.561023,0.060334,0.00523
ACACCGAGCGCTCTTT-1,0.208078,0.776519,0.015356,0.000047
ACACCGGTCTGACCGC-1,0.114729,0.006662,0.57528,0.303329
ACACCTTACTACTTGC-1,0.001913,0.930005,0.02041,0.047671
ACACGAGACTCCTTCT-1,0.682238,0.263343,0.026346,0.028073
ACACGGGAACTTAGGG-1,0.999367,0.000492,0.00007,0.00007
ACACGTAGGCCACAAG-1,0.024935,0.886545,0.052016,0.036504
ACACTCCAATGTCACT-1,0.125619,0.874259,0.000061,0.000061
ACACTGATCAAGGTGT-1,0.018358,0.91744,0.023231,0.040971
ACACTGGGACAGTCGT-1,0.027133,0.94532,0.011674,0.015874
ACAGAACTGAGAACAA-1,0.013888,0.796033,0.169025,0.021054
ACAGCGACATTCTCAT-1,0.123723,0.72426,0.084016,0.068
ACAGGCACGGATCCTT-1,0.000752,0.751986,0.24495,0.002312
ACAGGCTTGCCCGACT-1,0.007404,0.905539,0.032789,0.054268
ACAGGTGGAGGTGAGG-1,0.255138,0.52183,0.079321,0.143711
ACAGGTGTGTTGTTGC-1,0.090113,0.789647,0.011901,0.108339
ACAGTAATACAACTTG-1,0.066253,0.763259,0.07222,0.098267
ACATAAGTCGTGGTGA-1,0.019688,0.431434,0.378546,0.170332
ACATAATAAGGCGGTG-1,0.048083,0.710434,0.206722,0.03476
ACATACAATCAAGCGG-1,0.087661,0.44219,0.378474,0.091675
ACATCAGCTGGGACGC-1,0.563682,0.429862,0.002438,0.004018
ACATCCCGGCCATACG-1,0.005998,0.856583,0.05061,0.086809
ACATCCTGGTAACTGT-1,0.0725,0.844469,0.043985,0.039046
ACATCGATCGTTTACC-1,0.032818,0.854117,0.085444,0.027621
ACATCGGTCAGCCGCG-1,0.057307,0.89815,0.039428,0.005115
ACATCGTATGCAATGG-1,0.041948,0.897907,0.019854,0.040291
ACATGGCGCCAAAGTA-1,0.64395,0.265185,0.070488,0.020377
ACATTAGTTTATATCC-1,0.036957,0.419219,0.041894,0.501929
ACATTTGAAACCTAAC-1,0.017898,0.536021,0.359951,0.08613
ACCAACCGCACTCCAC-1,0.022065,0.563291,0.372169,0.042475
ACCAACGCTTATTTAT-1,0.014886,0.761686,0.001089,0.22234
ACCAAGAACGCGTGTC-1,0.000876,0.920445,0.078667,0.000012
ACCAAGTCATCGGCAG-1,0.0735,0.587071,0.256918,0.082511
ACCAATATGCAAGTTA-1,0.139476,0.668806,0.044039,0.147679
ACCACAAGTTTCTATC-1,0.230114,0.748361,0.000275,0.02125
ACCACCAATGTAACAA-1,0.11614,0.825553,0.043854,0.014454
ACCACGTGCAGCTATA-1,0.09386,0.846279,0.023501,0.03636
ACCAGACCATAACAAC-1,0.353551,0.467358,0.084455,0.094637
ACCAGTGCGGGAGACG-1,0.004831,0.867127,0.018539,0.109503
ACCATATCCGCAATAA-1,0.059228,0.664804,0.170462,0.105507
ACCATCCGCCAACTAG-1,0.003065,0.810275,0.10418,0.08248
ACCATCGTATATGGTA-1,0.009517,0.87768,0.056118,0.056686
ACCCAACGCCCGTGGC-1,0.812917,0.087027,0.023672,0.076385
ACCCACCTACATGCTC-1,0.999266,0.000571,0.000082,0.000082
ACCCATCTTGAGGGTA-1,0.00254,0.915657,0.028471,0.053332
ACCCATTTGTCCCTCT-1,0.067696,0.742723,0.147909,0.041672
ACCCGAGCGAAATTAC-1,0.000009,0.534396,0.229126,0.236469
ACCCGATTGGTTCCGA-1,0.024218,0.363378,0.068416,0.543988
ACCCGGAAACTCCCAG-1,0.045295,0.538953,0.018788,0.396963
ACCCGGAGCACCACAA-1,0.039199,0.951973,0.003937,0.004891
ACCCGGATGACGCATC-1,0.062059,0.870973,0.047637,0.019332
ACCCGGTTACACTTCC-1,0.000017,0.927534,0.072097,0.000352
ACCCGTAGTCTAGTTG-1,0.009633,0.692834,0.060636,0.236897
ACCCGTGTCATCAGTA-1,0.046258,0.738477,0.115332,0.099933
ACCCTATAGGACTGAG-1,0.014852,0.934258,0.050852,0.000037
ACCCTATGCCATATCG-1,0.000008,0.753539,0.043373,0.20308
ACCCTCCCGTCAGGGC-1,0.011562,0.637296,0.32893,0.022211
ACCCTCCCTTGCTATT-1,0.017499,0.942655,0.019231,0.020615
ACCCTTCATCTGCGAA-1,0.001644,0.940137,0.023613,0.034606
ACCGAAGAGTCTGGTT-1,0.084355,0.36906,0.324487,0.222098
ACCGACACATCTCCCA-1,0.000012,0.831756,0.168164,0.000068
ACCGACTGAGTCCCAC-1,0.974476,0.000466,0.000067,0.024992
ACCGAGTCTCCTTATT-1,0.078147,0.283702,0.471565,0.166586
ACCGATAGGCATAACC-1,0.004115,0.990853,0.005023,0.000008
ACCGATATTTAATCAT-1,0.001214,0.986954,0.002317,0.009514
ACCGATGGTAGCATCG-1,0.022126,0.942543,0.035305,0.000027
ACCGCAATAACTGCCT-1,0.110278,0.733713,0.093535,0.062474
ACCGCGGTGGAAGTCG-1,0.036696,0.93076,0.022445,0.010099
ACCGGGCCTTTGTTGA-1,0.0735,0.87719,0.000619,0.048692
ACCGGTCAGGTACACC-1,0.00416,0.521067,0.34469,0.130083
ACCGTGACCACGTGGG-1,0.104689,0.479506,0.298433,0.117372
ACCTAAGTACCTTTCA-1,0.042341,0.710195,0.039118,0.208346
ACCTAATCGACTTCCT-1,0.094845,0.893352,0.011757,0.000046
ACCTACAGTATGTGGT-1,0.06749,0.903313,0.02918,0.000017
ACCTACTATAAATCTA-1,0.000014,0.276861,0.458616,0.264509
ACCTCCGCCCTCGCTG-1,0.002228,0.730585,0.021452,0.245735
ACCTCCGTTATTCACC-1,0.036278,0.769233,0.191719,0.00277
ACCTCGAACTTATGCT-1,0.007736,0.318271,0.340411,0.333582
ACCTGCGTGTCATGTT-1,0.033616,0.709795,0.010698,0.245891
ACGAAATGGGCGGCAC-1,0.028746,0.969917,0.001303,0.000034
ACGACCCATGAGTTGC-1,0.01205,0.82521,0.011171,0.151569
ACGACTCTAGGGCCGA-1,0.00413,0.546986,0.441614,0.00727
ACGACTGGTCATACTC-1,0.0027,0.123178,0.236092,0.63803
ACGAGGATACCACTCT-1,0.057961,0.61698,0.045632,0.279428
ACGAGGTTTACAACGT-1,0.000066,0.597709,0.38023,0.021995
ACGAGTACGGATGCCC-1,0.965886,0.000533,0.012291,0.02129
ACGATACATAGAACTA-1,0.015743,0.829978,0.153973,0.000305
ACGATACCTATCCTGA-1,0.047845,0.85771,0.012651,0.081795
ACGATCATACATAGAG-1,0.836436,0.11154,0.03459,0.017433
ACGATCATCTTGTAAA-1,0.009975,0.900458,0.086658,0.002908
ACGATGCATATGTTAT-1,0.000023,0.963338,0.03662,0.000018
ACGCAAACTAATAGAT-1,0.001033,0.626517,0.314645,0.057804
ACGCAATCACTACAGC-1,0.998956,0.000332,0.000047,0.000664
ACGCATACGTTTACTA-1,0.00119,0.925026,0.036579,0.037206
ACGCATTCGTGAGTAC-1,0.012027,0.876708,0.100968,0.010297
ACGCCAGATGATTTCT-1,0.188777,0.794203,0.011291,0.00573
ACGCCAGTGCGTTTGC-1,0.101719,0.739965,0.050898,0.107418
ACGCCGCTAGACGACC-1,0.001588,0.982172,0.015555,0.000684
ACGCGAAGTCAGACGA-1,0.005987,0.957636,0.022417,0.01396
ACGCGCTACACAGGGT-1,0.000178,0.987015,0.006411,0.006395
ACGCGGGCCAAGGACA-1,0.003032,0.807006,0.149169,0.040793
ACGCGTTTCTTAAGAG-1,0.056532,0.85625,0.084155,0.003063
ACGCTACTGAATGGGC-1,0.118719,0.744666,0.003828,0.132787
ACGCTAGTGATACACT-1,0.959894,0.039946,0.00008,0.00008
ACGCTGTGAGGCGTAG-1,0.083725,0.897552,0.000297,0.018426
ACGGAACACGAGTGCC-1,0.049614,0.273788,0.450221,0.226376
ACGGAATTTAGCAAAT-1,0.131497,0.840523,0.000054,0.027926
ACGGACTCTCAAAGCG-1,0.062688,0.505578,0.256959,0.174775
ACGGATGGTGCGGATA-1,0.391793,0.388628,0.138291,0.081288
ACGGCACTTGCTTGGG-1,0.056546,0.790042,0.026048,0.127364
ACGGCCAACATGGACT-1,0.083339,0.704615,0.05123,0.160816
ACGGCGACGATGGGAA-1,0.013822,0.893198,0.060002,0.032979
ACGGCTGGATGTAGAA-1,0.072347,0.319335,0.102989,0.505328
ACGGGAGTGTCGGCCC-1,0.080242,0.826481,0.080932,0.012345
ACGGGTCATGTGACTT-1,0.228293,0.771592,0.000058,0.000058
ACGGTACAGTTCAATG-1,0.011742,0.74589,0.220573,0.021794
ACGTACTTTGGCACGG-1,0.00001,0.169163,0.646054,0.184773
ACGTAGATTGCTGATG-1,0.000018,0.847957,0.147522,0.004503
ACGTAGGAGAGTCGCT-1,0.042183,0.428057,0.372489,0.157271
ACGTATTACTCCGATC-1,0.077277,0.850274,0.05364,0.018809
ACGTCTCGTTCCGGGA-1,0.063031,0.733935,0.086921,0.116114
ACGTGACAAAGTAAGT-1,0.003438,0.733476,0.229105,0.033981
ACGTGCGCCTCGTGCA-1,0.000021,0.891796,0.108163,0.000021
ACGTTAATGTCGAAGA-1,0.093177,0.89354,0.013261,0.000021
ACGTTAGATTTGCCCG-1,0.204255,0.76752,0.010594,0.01763
ACGTTATTGGTCACTC-1,0.336791,0.660369,0.000056,0.002783
ACGTTCGCAATCAATT-1,0.121811,0.484398,0.393774,0.000016
ACGTTCGTTCAGGAAA-1,0.042119,0.644494,0.281379,0.032008
ACGTTCTGTACAAGTC-1,0.001476,0.619021,0.377921,0.001581
ACGTTTAGTTGTGATC-1,0.158562,0.79907,0.017427,0.024941
ACGTTTCGGTGCACTT-1,0.074938,0.847688,0.032272,0.045102
ACTACAAAGAGAGGTG-1,0.001498,0.341741,0.527986,0.128776
ACTACATCCCGACAAG-1,0.00001,0.223098,0.311688,0.465203
ACTACCAGCTCTCTGG-1,0.999291,0.000552,0.000079,0.000079
ACTACGCGTTAGAATT-1,0.0023,0.764914,0.180372,0.052414
ACTAGTTGCGATCGTC-1,0.174364,0.701031,0.015739,0.108866
ACTATCCAGGGCATGG-1,0.000016,0.964112,0.035855,0.000016
ACTATCTGCCCGCGTA-1,0.06022,0.713501,0.005074,0.221205
ACTATGTCCAGCTGCC-1,0.009152,0.396046,0.300737,0.294065
ACTATTCGTCCGTGGT-1,0.094931,0.884149,0.000032,0.020887
ACTATTTCCGGGCCCA-1,0.062553,0.679689,0.114318,0.143441
ACTCAAGTGCAAGGCT-1,0.017912,0.751791,0.197954,0.032343
ACTCAATAAAGGCACG-1,0.780596,0.187449,0.009988,0.021968
ACTCATGGCAGCCTTC-1,0.038112,0.069869,0.238611,0.653408
ACTCCAATATCATCAT-1,0.026027,0.522535,0.259982,0.191456
ACTCCCATTCCTAAAG-1,0.000728,0.940568,0.019797,0.038907
ACTCCCGAATTCGTTT-1,0.019702,0.778928,0.201349,0.000021
ACTCCCTAATGCTAAA-1,0.039476,0.681777,0.200024,0.078722
ACTCCCTAGAATAGTA-1,0.016085,0.796352,0.074612,0.112951
ACTCCGGCCGACCACT-1,0.042804,0.613765,0.227908,0.115523
ACTCGATGTATTTCAT-1,0.206446,0.782298,0.010757,0.000499
ACTCGCCGTTCGATAA-1,0.014488,0.95947,0.001,0.025043
ACTCGCGATCTGACGC-1,0.003328,0.755955,0.24071,0.000007
ACTCGTAACCCGTCCT-1,0.007787,0.701858,0.033407,0.256948
ACTCGTCAGTAATCCC-1,0.000013,0.930968,0.069005,0.000013
ACTCTAAACCTGGGAT-1,0.151034,0.676338,0.162658,0.009971
ACTCTCTGACTTAGGT-1,0.000008,0.915264,0.082362,0.002366
ACTCTGACCTAATAGA-1,0.000011,0.772159,0.215385,0.012445
ACTCTTCAGCTCCCGC-1,0.308709,0.476859,0.19484,0.019592
ACTCTTGTATAGTAAC-1,0.007755,0.951562,0.020289,0.020393
ACTGAAACGCCGTTAG-1,0.02123,0.71165,0.023138,0.243981
ACTGAATGGCGAAAGT-1,0.013513,0.919777,0.008196,0.058515
ACTGCCCGCCATTCTC-1,0.000289,0.189794,0.053786,0.756131
ACTGCCGTCGTAACTC-1,0.023668,0.755337,0.000029,0.220965
ACTGCGGACACACCGT-1,0.021956,0.806229,0.17162,0.000195
ACTGCTCGGAAGGATG-1,0.131752,0.524499,0.326812,0.016937
ACTGTACGATACACAT-1,0.679646,0.320227,0.000063,0.000063
ACTGTAGCACTTTGGA-1,0.894499,0.105315,0.000093,0.000093
ACTGTCCAGGATTATA-1,0.084632,0.806254,0.1058,0.003314
ACTGTCTTCTTTAGAA-1,0.620904,0.378938,0.000079,0.000079
ACTGTGCTAGTAGATC-1,0.08428,0.915598,0.000061,0.000061
ACTTACGCATCCACGC-1,0.003007,0.765379,0.194379,0.037234
ACTTAGTACGACAAGA-1,0.064209,0.923872,0.009198,0.00272
ACTTATACTTACCCGG-1,0.000014,0.876345,0.123627,0.000014
ACTTATTAGGATCGGT-1,0.163158,0.710581,0.092615,0.033646
ACTTATTTATGTGCCA-1,0.000022,0.961878,0.011806,0.026293
ACTTCAGGCTGATCCC-1,0.159747,0.697495,0.011052,0.131707
ACTTCCAGTGGAAGCT-1,0.143781,0.488989,0.204915,0.162316
ACTTCCATGCGGGACA-1,0.000011,0.534097,0.46588,0.000011
ACTTGACTCCCTCTTT-1,0.234794,0.471625,0.051275,0.242306
ACTTGGGACCCGGTGG-1,0.749958,0.235473,0.000051,0.014518
ACTTGTAGTCCCTTCA-1,0.015258,0.933991,0.022032,0.02872
ACTTGTGGATGGAACG-1,0.101148,0.848863,0.003736,0.046254
ACTTTACCCTCATGAA-1,0.070537,0.643692,0.285528,0.000243
ACTTTCCTATAGCTTC-1,0.92871,0.000756,0.000108,0.070426
ACTTTGACTGCATCCT-1,0.030345,0.966454,0.002875,0.000326
ACTTTGGTCGTGCTCC-1,0.135643,0.192644,0.03237,0.639343
ACTTTGTCGACGCACT-1,0.027636,0.949522,0.007819,0.015022
AGAAATTATGACTCGC-1,0.025639,0.849346,0.024341,0.100674
AGAACCCAGCGTGACA-1,0.21932,0.730122,0.046245,0.004312
AGAACCCTCAATTGGG-1,0.085448,0.235633,0.468627,0.210292
AGAACGTGGTACATTC-1,0.901112,0.000412,0.041355,0.057121
AGAACTGTACTTTGTA-1,0.04049,0.651051,0.300056,0.008403
AGAAGAGCGCCGTTCC-1,0.000152,0.989254,0.010442,0.000152
AGAAGGTACACTTCAC-1,0.017691,0.688063,0.287719,0.006527
AGAAGGTTGCCGAATT-1,0.000385,0.908154,0.05117,0.04029
AGAAGGTTGTAGGTCG-1,0.016695,0.64322,0.28534,0.054745
AGAAGTGATTCGTGAT-1,0.003358,0.884703,0.008199,0.10374
AGAATAAATCTTCAGG-1,0.005501,0.886041,0.02401,0.084449
AGAATACAGGCTATCC-1,0.004158,0.591551,0.396427,0.007864
AGAATTATGGATTCGA-1,0.16189,0.617029,0.221067,0.000014
AGAATTGTTTGACATA-1,0.04679,0.94866,0.004509,0.000041
AGACAGCTCAGAATCC-1,0.999331,0.00052,0.000074,0.000074
AGACAGGCATCTCAGC-1,0.017835,0.914631,0.000016,0.067519
AGACCAAACCACACCT-1,0.01377,0.796274,0.130583,0.059373
AGACCATGGGATACAA-1,0.999672,0.000255,0.000036,0.000036
AGACCCACCGCTGATC-1,0.0716,0.801698,0.029276,0.097426
AGACCGCTCCGCGGTT-1,0.024465,0.905946,0.014871,0.054718
AGACCGGGAAACCCTG-1,0.043815,0.688028,0.021341,0.246816
AGACGAAGTGCCGGTC-1,0.080813,0.601009,0.072207,0.245972
AGACGACGATGCCGCT-1,0.00685,0.641985,0.066571,0.284593
AGACGCCCACTTCGCC-1,0.04779,0.87457,0.024218,0.053422
AGACTAGCCTTCCAGA-1,0.98441,0.015488,0.000051,0.000051
AGACTGTTACCGGGTC-1,0.000008,0.591207,0.406375,0.00241
AGAGAAACACCAGAAA-1,0.000955,0.245092,0.544173,0.20978
AGAGAACCGTCTAGGA-1,0.999832,0.000131,0.000019,0.000019
AGAGAAGGAGTACAAT-1,0.002198,0.536727,0.435152,0.025923
AGAGATCTCTAAAGCG-1,0.071387,0.86632,0.016143,0.046149
AGAGCAGTTATGAGAC-1,0.03295,0.928452,0.036127,0.002471
AGAGCCGCCGAGATTT-1,0.004383,0.907873,0.026582,0.061162
AGAGCGGGCTAATCAT-1,0.014023,0.971119,0.014842,0.000016
AGAGCGTACAAGCTCG-1,0.771104,0.226576,0.000023,0.002297
AGAGCTACGAAAGCAT-1,0.186272,0.810814,0.000032,0.002882
AGAGGCTTCGGAAACC-1,0.021787,0.936602,0.028706,0.012905
AGAGTAAACTTCACTA-1,0.000008,0.938733,0.002461,0.058798
AGATAACTTCAGGGCC-1,0.246706,0.708217,0.021647,0.02343
AGATACCAATAGAACC-1,0.27355,0.644744,0.062369,0.019338
AGATACCGGTGTTCAC-1,0.054521,0.945302,0.000164,0.000013
AGATACGACTTCATAT-1,0.025939,0.918972,0.000041,0.055047
AGATACTCAAGATCGA-1,0.004826,0.918806,0.034096,0.042272
AGATATAATACGACTA-1,0.000008,0.629691,0.36252,0.00778
AGATCGTGCATAAGAT-1,0.004945,0.768692,0.192345,0.034017
AGATCTCAGGTGTGAT-1,0.766361,0.19205,0.034293,0.007296
AGATGACTCGCCCACG-1,0.090618,0.778341,0.124725,0.006315
AGATGATGGAGTCTGG-1,0.159195,0.806634,0.033228,0.000942
AGATGCAAGACGTGCA-1,0.000007,0.758128,0.18688,0.054985
AGATGCATCCTGTGTC-1,0.00094,0.809953,0.127252,0.061854
AGATTATAGGACGTTT-1,0.081484,0.745602,0.170719,0.002195
AGATTCACAACCGATA-1,0.031726,0.766302,0.193751,0.008221
AGCAAAGGCCGCTAGT-1,0.002979,0.359797,0.551947,0.085277
AGCAACATATCTTATT-1,0.29503,0.662995,0.034296,0.007679
AGCAACCGAAAGTAAT-1,0.038294,0.484333,0.46572,0.011653
AGCACACGTTTAGACT-1,0.057243,0.233071,0.526435,0.183252
AGCACTACCGGCCTGT-1,0.058792,0.855728,0.007574,0.077906
AGCACTACCTCACCAG-1,0.07507,0.746887,0.024413,0.15363
AGCACTTAAGGACGCC-1,0.08238,0.835136,0.082451,0.000033
AGCAGAAGGAGAAAGA-1,0.000622,0.541458,0.428809,0.029111
AGCAGCCAGATGAATA-1,0.018352,0.354736,0.014363,0.612549
AGCAGTCGAAGCATGC-1,0.13776,0.216113,0.284662,0.361465
AGCATATCAATATGCT-1,0.203484,0.674924,0.068763,0.052829
AGCATCATTTCGAAAG-1,0.00911,0.720194,0.197433,0.073263
AGCATCGTCGATAATT-1,0.894797,0.094094,0.000043,0.011066
AGCATTACGAGGCAAG-1,0.054409,0.590494,0.084235,0.270861
AGCCAAGCTTTGTGTC-1,0.003844,0.791833,0.188048,0.016274
AGCCACAGGTTACCCG-1,0.096874,0.522138,0.369756,0.011232
AGCCACTCCCGTGCTT-1,0.612653,0.315961,0.00008,0.071306
AGCCATATAGTATGTG-1,0.096674,0.157956,0.449568,0.295801
AGCCCATACATGTAAG-1,0.003878,0.946269,0.012944,0.036908
AGCCCGCAACAAGCAG-1,0.009303,0.442262,0.463239,0.085196
AGCCCGCACTACAATG-1,0.282618,0.531368,0.129783,0.056231
AGCCCGGCATTAGAGG-1,0.038496,0.314782,0.593446,0.053277
AGCCCGGTAGCCTGTA-1,0.046793,0.762575,0.185492,0.005139
AGCCCTAAGCGAAGTT-1,0.074249,0.913458,0.001482,0.010811
AGCCCTCCCTGGTGGC-1,0.111347,0.044495,0.221577,0.622581
AGCCCTGTCGCACCGT-1,0.014477,0.971235,0.014278,0.00001
AGCCCTTGGACATCCC-1,0.227512,0.451736,0.016517,0.304236
AGCCGCAAATTCAAAT-1,0.02489,0.919398,0.053724,0.001987
AGCCGTGGCTAAATGT-1,0.028033,0.673625,0.015152,0.28319
AGCCTAATACCCACGT-1,0.018201,0.675478,0.133346,0.172975
AGCCTTAAAGCGGAAG-1,0.961095,0.038794,0.000056,0.000056
AGCGACAGGAACGGTC-1,0.127119,0.640269,0.061738,0.170874
AGCGACATCCCATTCA-1,0.007595,0.979169,0.01322,0.000016
AGCGACCAACGATATT-1,0.999243,0.000588,0.000084,0.000084
AGCGAGACGTGAAGGC-1,0.003848,0.061014,0.114322,0.820816
AGCGATGCGCCTAATA-1,0.057091,0.821257,0.037801,0.083852
AGCGCATAATGAATCG-1,0.000014,0.843095,0.096777,0.060114
AGCGCGGGTGCCAATG-1,0.993693,0.006196,0.000055,0.000055
AGCGCTAGAGCGATGT-1,0.042288,0.880416,0.075186,0.00211
AGCGGACACTTCGTAG-1,0.042767,0.738159,0.128945,0.090129
AGCGGCGGTTAGCGGT-1,0.012198,0.670411,0.025696,0.291695
AGCGGGAAGGGTCCAT-1,0.142255,0.849482,0.00437,0.003893
AGCGGGTCTGACACTC-1,0.116257,0.586348,0.210294,0.087101
AGCGTGGTATTCTACT-1,0.127655,0.78852,0.043414,0.040411
AGCTAACAAGCAATGT-1,0.00101,0.544174,0.389595,0.065221
AGCTAAGTACGCAGGC-1,0.021108,0.742779,0.2119,0.024214
AGCTAGAAGCAGAAGT-1,0.075783,0.669151,0.25433,0.000735
AGCTATTTAATCCAAC-1,0.03752,0.920101,0.023931,0.018447
AGCTCCATATATGTTC-1,0.238829,0.531296,0.033095,0.19678
AGCTCCTTCGCACATC-1,0.219997,0.485391,0.192447,0.102165
AGCTCTAGACGTTCCA-1,0.002442,0.996328,0.001205,0.000025
AGCTCTTCCCAGTGCA-1,0.015749,0.913152,0.063485,0.007614
AGCTCTTCGTAACCTT-1,0.099312,0.863795,0.036865,0.000028
AGCTCTTTACTCAGTT-1,0.066519,0.734692,0.021516,0.177272
AGCTGAAGTAAACCAA-1,0.00037,0.690189,0.236654,0.072786
AGCTGTAACCTCAATC-1,0.076571,0.695344,0.19333,0.034755
AGCTTCTTCTCGAGCA-1,0.000012,0.761736,0.234997,0.003256
AGCTTGATCTTAACTT-1,0.016562,0.88469,0.003042,0.095706
AGGAACGAACGACTTC-1,0.043996,0.894813,0.007894,0.053296
AGGAAGCTGTCCGCCG-1,0.044315,0.430033,0.482982,0.04267
AGGACAGTCGAATCCC-1,0.035282,0.830389,0.001669,0.13266
AGGACATCGCACGTCG-1,0.17645,0.823451,0.00005,0.00005
AGGACATCGGCACACT-1,0.014434,0.947487,0.010723,0.027356
AGGACGACCCATTAGA-1,0.000159,0.960772,0.005019,0.03405
AGGACGCTCGATGTTG-1,0.062498,0.88884,0.041888,0.006774
AGGAGGCCTTCGCGCG-1,0.065465,0.803017,0.035278,0.09624
AGGATAAAGTCGGGAT-1,0.008112,0.760515,0.113147,0.118226
AGGATATAGGGATTTA-1,0.057003,0.91071,0.011507,0.02078
AGGATATCCGACTGCA-1,0.103108,0.502448,0.219365,0.175079
AGGATCACGCGATCTG-1,0.030875,0.952946,0.014166,0.002012
AGGATTGCTTACGACA-1,0.945608,0.004799,0.039975,0.009617
AGGCACGTGACTGTCC-1,0.023132,0.836069,0.025949,0.114851
AGGCAGATGCGTAAAC-1,0.999555,0.000346,0.000049,0.000049
AGGCAGGGAGCGTACT-1,0.004602,0.769712,0.176993,0.048693
AGGCATTGTCGTAGGG-1,0.180609,0.531642,0.025164,0.262585
AGGCCACATTGGTTAC-1,0.033266,0.937879,0.020659,0.008196
AGGCCACCCGTTATGA-1,0.519702,0.462948,0.000077,0.017273
AGGCCCATTGTACAGG-1,0.242351,0.735747,0.02187,0.000031
AGGCCCTAGAACGCCA-1,0.010132,0.689857,0.206501,0.09351
AGGCCTATCATACCAA-1,0.209299,0.168469,0.0852,0.537033
AGGCCTGAGAATCTCG-1,0.009071,0.742739,0.247541,0.000649
AGGCGATAACTGGCGT-1,0.112771,0.675469,0.002324,0.209435
AGGCGGTTTGTCCCGC-1,0.025167,0.560132,0.220233,0.194469
AGGCTATGGTTAGCTT-1,0.999331,0.000521,0.000074,0.000074
AGGCTTCCCGAAGAAG-1,0.086849,0.66054,0.065923,0.186688
AGGCTTGCTAGACACC-1,0.996625,0.000793,0.000113,0.002469
AGGGACCGGCTGCGTT-1,0.160833,0.723452,0.115686,0.000029
AGGGACTCTACGCGAC-1,0.0035,0.641086,0.023763,0.331651
AGGGAGACATACTTCG-1,0.620645,0.379227,0.000064,0.000064
AGGGCCCTAATGTTCT-1,0.001556,0.784155,0.002084,0.212206
AGGGCGAGCAGCTGAT-1,0.008713,0.923529,0.049602,0.018156
AGGGCGTGATCGGCTA-1,0.082405,0.906974,0.004953,0.005668
AGGGCTGCAGTTACAG-1,0.013673,0.891524,0.094789,0.000014
AGGGTCAGAGCACTCG-1,0.000018,0.343478,0.56909,0.087414
AGGGTCGATGCGAACT-1,0.003462,0.924364,0.068612,0.003562
AGGGTCTGGACGCAGT-1,0.034494,0.858858,0.011863,0.094785
AGGGTGCCGTTCTTTA-1,0.02514,0.346052,0.258569,0.370238
AGGGTGCTCTCGAGGG-1,0.02085,0.932638,0.046495,0.000017
AGGGTGGATAGTGCAT-1,0.001169,0.911813,0.079493,0.007525
AGGGTTCAGACGGTCC-1,0.075722,0.185058,0.229549,0.50967
AGGGTTCCCTTTGGTT-1,0.909337,0.077867,0.006547,0.006248
AGGGTTTAGTTCGGGA-1,0.138136,0.683168,0.177586,0.00111
AGGTAACCTCCTATTC-1,0.190394,0.785378,0.000056,0.024172
AGGTACGATATTGCCA-1,0.000015,0.999592,0.000015,0.000377
AGGTAGATCGAGATAT-1,0.098511,0.429335,0.450059,0.022095
AGGTAGGTACAAAGCT-1,0.222017,0.741159,0.025653,0.011171
AGGTATAATTGATAGT-1,0.000012,0.995679,0.004297,0.000012
AGGTATGCGGACATTA-1,0.060425,0.629147,0.31041,0.000018
AGGTCAGGTGAGAGTG-1,0.058213,0.859037,0.02133,0.061421
AGGTCGCCTCCCAACA-1,0.006681,0.674468,0.011232,0.307619
AGGTCGCGGAGTTACT-1,0.999607,0.000306,0.000044,0.000044
AGGTGCACGTCCACAT-1,0.03902,0.564415,0.156348,0.240217
AGGTGGTGACCTTCGC-1,0.123519,0.386241,0.427887,0.062353
AGGTGTATCGCCATGA-1,0.153231,0.760126,0.013051,0.073593
AGGTGTTGCCGACCAC-1,0.015213,0.762378,0.004797,0.217612
AGGTTACACCATGCCG-1,0.189863,0.771335,0.028701,0.0101
AGGTTGAGGCACGCTT-1,0.236654,0.749843,0.01223,0.001272
AGGTTTCACACACCTT-1,0.00225,0.979571,0.018163,0.000016
AGTAACTATAGCAGCC-1,0.030357,0.92835,0.004892,0.036401
AGTAATCTAAGGGTGG-1,0.163685,0.385976,0.077571,0.372768
AGTAATGTCTTGCCGC-1,0.10526,0.806372,0.077105,0.011263
AGTACAGAAGCTTATA-1,0.067851,0.552579,0.12657,0.252999
AGTACATCATTTATCA-1,0.87993,0.119888,0.000091,0.000091
AGTACGGCCCGTATCG-1,0.161083,0.667836,0.111327,0.059754
AGTACGGGCACCTGGC-1,0.999803,0.000153,0.000022,0.000022
AGTACTCTTATGCCCA-1,0.165719,0.608234,0.140645,0.085403
AGTAGAAGGCGCCTCA-1,0.078506,0.459646,0.365741,0.096106
AGTAGGTAACATACAT-1,0.042987,0.9423,0.014683,0.00003
AGTATAATACTAGGCA-1,0.999,0.000778,0.000111,0.000111
AGTATACACAGCGACA-1,0.0043,0.584227,0.364576,0.046898
AGTATGCTGGAGACCA-1,0.002923,0.580374,0.391593,0.02511
AGTATTTGGCACGACC-1,0.065593,0.800026,0.134284,0.000097
AGTCAAATGATGTGAT-1,0.065782,0.282871,0.186642,0.464705
AGTCAACACCACCATC-1,0.00331,0.933013,0.058195,0.005483
AGTCAAGATGACACTT-1,0.11444,0.758276,0.024682,0.102601
AGTCACTAGCTCTCGA-1,0.002106,0.967233,0.00524,0.025422
AGTCAGCCACCGCCTG-1,0.07201,0.920528,0.007436,0.000026
AGTCCATTGGCTGATG-1,0.025948,0.946215,0.024982,0.002855
AGTCCCGCCTTTAATT-1,0.00001,0.992923,0.007056,0.00001
AGTCGACGGTCTCAAG-1,0.149174,0.538431,0.123461,0.188934
AGTCGGCCCAAACGAC-1,0.999638,0.000281,0.00004,0.00004
AGTCGGCTCAACTTTA-1,0.007043,0.773008,0.02191,0.198039
AGTCGGTTGCGTGAGA-1,0.004646,0.992057,0.002348,0.000948
AGTCGTATAAAGCAGA-1,0.119671,0.450183,0.287724,0.142422
AGTCGTCGACCACCAA-1,0.002114,0.45775,0.061752,0.478384
AGTCGTGGGCATTACG-1,0.098781,0.760613,0.006876,0.13373
AGTCTAAAGTATACTC-1,0.779818,0.197715,0.007516,0.014951
AGTCTCACAAGACTAC-1,0.062687,0.749988,0.12894,0.058385
AGTCTGGACATCCTTG-1,0.138657,0.8575,0.003788,0.000056
AGTCTTCTCCTCAAAT-1,0.99876,0.001096,0.000072,0.000072
AGTCTTTAAAGTGTCC-1,0.061461,0.370288,0.483873,0.084379
AGTGAACAAACTTCTC-1,0.034876,0.907435,0.023762,0.033927
AGTGACCTACTTTACG-1,0.000015,0.988819,0.01115,0.000015
AGTGACTGTGACACAA-1,0.132001,0.279825,0.304866,0.283308
AGTGAGACTTCCAGTA-1,0.020566,0.790192,0.183949,0.005293
AGTGAGCCTCGCCGCC-1,0.870353,0.067292,0.000036,0.062319
AGTGAGTCGAATTAAC-1,0.093737,0.678587,0.08952,0.138156
AGTGATAACCTGCGCG-1,0.006482,0.693982,0.207783,0.091753
AGTGATATGAGTAGTT-1,0.076388,0.919047,0.003451,0.001114
AGTGATTCAAGCAGGA-1,0.000013,0.889956,0.110017,0.000013
AGTGCACGCTTAAGAA-1,0.105346,0.70014,0.106001,0.088513
AGTGCGTAGCTCGTAA-1,0.055183,0.734987,0.046347,0.163483
AGTGCTAAACACAGCA-1,0.005385,0.6428,0.310833,0.040982
AGTGCTTGCACGAATA-1,0.000014,0.963552,0.008699,0.027735
AGTGGCCCGCAAATGG-1,0.252542,0.389834,0.271934,0.085691
AGTGGCGGCAATTTGA-1,0.661183,0.322006,0.000389,0.016421
AGTGGCGTCTGAAGGT-1,0.002251,0.751415,0.15227,0.094063
AGTGGCTCCGTCGGCC-1,0.057859,0.837612,0.0149,0.089629
AGTGGTGTTACCCGTG-1,0.034338,0.717716,0.02572,0.222226
AGTGGTTGCGTATAGG-1,0.00065,0.857137,0.052865,0.089348
AGTGTATTGCGCATTG-1,0.163461,0.797955,0.00755,0.031034
AGTGTGCTAAGATCGC-1,0.044527,0.938297,0.009262,0.007913
AGTGTGGTCTATTGTG-1,0.99934,0.000514,0.000073,0.000073
AGTTAAACACTTGCGA-1,0.08405,0.609217,0.024547,0.282185
AGTTAAGCGGTCCCGG-1,0.296133,0.646466,0.000208,0.057193
AGTTAAGTCAACCGCT-1,0.063627,0.735329,0.168175,0.032868
AGTTACCCTTAAGACT-1,0.999458,0.000421,0.00006,0.00006
AGTTACCGCACATGGT-1,0.964818,0.009587,0.000036,0.025558
AGTTACTCTATCGTGG-1,0.026476,0.964555,0.002424,0.006545
AGTTCACCGGTTGGAC-1,0.99704,0.002813,0.000073,0.000073
AGTTCCTACAGAATTA-1,0.181751,0.777107,0.037121,0.004021
AGTTCCTATTTATGTT-1,0.168109,0.829447,0.002415,0.000029
AGTTCTGCGTTGTATC-1,0.04468,0.910854,0.044421,0.000045
AGTTGACATCGGCTGG-1,0.1607,0.773901,0.000035,0.065365
AGTTGACGGTCCTTGC-1,0.039013,0.65283,0.246698,0.061459
AGTTGCTGACTGATAT-1,0.304299,0.695553,0.000074,0.000074
AGTTGGCAAGGCTAGA-1,0.06142,0.785209,0.089531,0.063839
AGTTTCGCAGGTCGGA-1,0.092115,0.79154,0.015428,0.100917
AGTTTGCACCTGCCTC-1,0.000019,0.581974,0.175438,0.242569
AGTTTGGCACGGGTTG-1,0.274697,0.491484,0.075094,0.158724
AGTTTGGCCAGACCTA-1,0.009536,0.683803,0.041002,0.265659
ATAAACGGACCCGTAA-1,0.010321,0.929712,0.034914,0.025053
ATAAACGTTGCACCAC-1,0.01752,0.899945,0.066709,0.015826
ATAAAGGCTCGGTCGT-1,0.376994,0.580114,0.041931,0.00096
ATAAATATTAGCAGCT-1,0.081864,0.891273,0.020678,0.006186
ATAACGCCGGAGGGTC-1,0.00001,0.920085,0.079896,0.00001
ATAACGGAGTCCAACG-1,0.9886,0.011183,0.000108,0.000108
ATAAGGTGGAGAACAT-1,0.031905,0.783619,0.158804,0.025672
ATAAGTAGGGCGACTC-1,0.010711,0.886095,0.103172,0.000022
ATAAGTTACCGCGACG-1,0.184338,0.796725,0.00992,0.009017
ATAATACCGTTAGCCG-1,0.279118,0.693504,0.000056,0.027322
ATAATAGCTGTTGAAT-1,0.181043,0.647869,0.06385,0.107238
ATAATAGTGTAGGGAC-1,0.118412,0.881523,0.000033,0.000033
ATAATCTTGGAGAACC-1,0.058734,0.528299,0.362727,0.05024
ATAATTAGCTAAGTAG-1,0.015782,0.516616,0.40172,0.065882
ATACAGGCCCTCCAAT-1,0.034935,0.705876,0.111539,0.14765
ATACCACGGGCAACTT-1,0.016274,0.903835,0.079874,0.000017
ATACCTAACCAAGAAA-1,0.007172,0.598138,0.287398,0.107292
ATACGAAGGCTTTCCA-1,0.089459,0.75727,0.152304,0.000967
ATACGCCGGCGAAACC-1,0.059319,0.807805,0.117808,0.015068
ATACGGAACGTCGTTT-1,0.030493,0.679679,0.267967,0.021862
ATACGGGTTTCGATTG-1,0.148666,0.655702,0.188279,0.007353
ATACGGTGAAGATGCA-1,0.476045,0.427976,0.037634,0.058345
ATACGTACTTAGCCAC-1,0.159835,0.717158,0.053551,0.069455
ATACGTCCACTCCTGT-1,0.000023,0.676963,0.068644,0.254369
ATACGTTATGCACGGA-1,0.009531,0.676242,0.270513,0.043715
ATACTACCCGTACCAC-1,0.04081,0.695616,0.020917,0.242657
ATACTAGCATGACCCT-1,0.271835,0.571577,0.137529,0.019059
ATACTGCCTTACACCG-1,0.000012,0.798429,0.196236,0.005324
ATACTTGTTCTCGAGC-1,0.014165,0.961954,0.023848,0.000032
ATAGACAACGGGACCT-1,0.79738,0.047385,0.136807,0.018429
ATAGACGAAGAGAAAG-1,0.077965,0.776249,0.14091,0.004876
ATAGCAACTAGGGAAG-1,0.040727,0.501199,0.128729,0.329346
ATAGCCATAACAGTCA-1,0.000006,0.993506,0.006431,0.000057
ATAGCCTCAGTACCCA-1,0.126073,0.870082,0.003813,0.000033
ATAGCTGCTCTTGTTA-1,0.000023,0.973428,0.026526,0.000023
ATAGGCGGCTATAGAA-1,0.007844,0.924692,0.047868,0.019595
ATAGGCTAGCTTCGCA-1,0.963326,0.000797,0.000114,0.035763
ATAGGGATATCCTTGA-1,0.210217,0.735039,0.046594,0.008149
ATAGTGAAGCGTTCTC-1,0.037887,0.928555,0.033351,0.000207
ATAGTTCCACCCACTC-1,0.123716,0.83877,0.033267,0.004247
ATATAAAGCGCTCGTG-1,0.059401,0.637726,0.103218,0.199656
ATATAAATGTAGCTGC-1,0.003722,0.982814,0.0096,0.003864
ATATAACACGGGCGCA-1,0.002901,0.341351,0.501338,0.15441
ATATACATGTATGGTA-1,0.012841,0.729891,0.198816,0.058452
ATATACGCTCGTGACG-1,0.043968,0.896995,0.01018,0.048857
ATATAGAGTATTGGTC-1,0.040302,0.001114,0.263341,0.695243
ATATCAACCTACAGAG-1,0.000022,0.907162,0.092233,0.000582
ATATCAATTCCAGCCT-1,0.005314,0.361038,0.415984,0.217664
