Barcode,Topic 1,Topic 2,Topic 3,Topic 4to5,Topic 6to7,Topic 8to10
AAACAACGAATAGTTC-1,0.112375,0.019735,0.201314,0.164417,0.106374,0.395785
AAACAAGTATCTCCCA-1,0.332397,0.052503,0.110966,0.00612,0.022351,0.475662
AAACAATCTACTAGCA-1,0.000038,0.00952,0.021649,0.084297,0.87268,0.011816
AAACACCAATAACTGC-1,0.000015,0.003302,0.007893,0.143465,0.182912,0.662412
AAACAGAGCGACTCCT-1,0.168568,0.005736,0.000036,0.047474,0.603756,0.17443
AAACAGCTTTCAGAAG-1,0.000966,0.000031,0.015347,0.056693,0.875249,0.051715
AAACAGGGTCTATATT-1,0.000021,0.004343,0.056948,0.184461,0.50581,0.248418
AAACAGTGTTCCTGGG-1,0.000016,0.000016,0.484961,0.088292,0.000033,0.426682
AAACATGGTGAGAGGA-1,0.000239,0.00003,0.019655,0.176857,0.434463,0.368755
AAACATTTCCCGGATT-1,0.267576,0.000015,0.33412,0.01381,0.00003,0.384449
AAACCACTACACAGAT-1,0.068769,0.288693,0.000028,0.160859,0.426143,0.055508
AAACCCGAACGAAATC-1,0.036582,0.093604,0.172966,0.483346,0.051809,0.161694
AAACCGGAAATGTTAA-1,0.079123,0.028231,0.03552,0.474576,0.073047,0.309504
AAACCGGGTAGGTACC-1,0.099469,0.032738,0.016187,0.000661,0.730125,0.12082
AAACCGTTCGTCCAGG-1,0.007724,0.00001,0.099097,0.010732,0.002167,0.88027
AAACCTAAGCAGCCGG-1,0.456055,0.000045,0.000045,0.00009,0.543632,0.000134
AAACCTCATGAAGTTG-1,0.000038,0.000041,0.018129,0.08337,0.820887,0.077536
AAACGAAGAACATACC-1,0.000037,0.053814,0.000037,0.032116,0.72747,0.186525
AAACGAAGATGGAGTA-1,0.000057,0.001429,0.000057,0.000113,0.998174,0.00017
AAACGACAGTCTTGCC-1,0.056764,0.527239,0.000213,0.041227,0.355755,0.018802
AAACGAGACGGTTGAT-1,0.045575,0.044572,0.000029,0.026412,0.547746,0.335665
AAACGCCCGAGATCGG-1,0.013075,0.350449,0.000045,0.047634,0.588663,0.000135
AAACGCTGGGCACGAC-1,0.034139,0.105011,0.095841,0.67739,0.000073,0.087546
AAACGGGCGTACGGGT-1,0.795904,0.000063,0.000063,0.000126,0.203657,0.000188
AAACGGGTTGGTATCC-1,0.089879,0.005834,0.069149,0.047955,0.197322,0.58986
AAACGGTTGCGAACTG-1,0.116356,0.133784,0.006074,0.01963,0.231054,0.493101
AAACGTGTTCGCCCTA-1,0.068321,0.191436,0.109772,0.235901,0.315743,0.078827
AAACTAACGTGGCGAC-1,0.000796,0.097536,0.225031,0.22761,0.108905,0.340123
AAACTCGGTTCGCAAT-1,0.294694,0.001501,0.002378,0.051013,0.113332,0.537082
AAACTCGTGATATAAG-1,0.107135,0.254544,0.096115,0.0498,0.399239,0.093166
AAACTGCTGGCTCCAA-1,0.083652,0.013625,0.082959,0.045207,0.235186,0.539371
AAACTTAATTGCACGC-1,0.000023,0.043415,0.008283,0.145867,0.635803,0.16661
AAACTTGCAAACGTAT-1,0.000011,0.000067,0.007322,0.252419,0.028032,0.712149
AAAGAATGACCTTAGA-1,0.01277,0.018846,0.000051,0.000102,0.968078,0.000153
AAAGAATGTGGACTAA-1,0.066147,0.260409,0.058895,0.535092,0.000033,0.079425
AAAGACATGAAGTTTA-1,0.266198,0.198548,0.150659,0.121259,0.140229,0.123107
AAAGACCCAAGTCGCG-1,0.000021,0.005976,0.093368,0.05005,0.259792,0.590793
AAAGACTGGGCGCTTT-1,0.000038,0.028347,0.000038,0.000076,0.971387,0.000114
AAAGCTTGCCTACATA-1,0.46052,0.187484,0.000024,0.036998,0.187065,0.127909
AAAGGCCCTATAATAC-1,0.003579,0.283958,0.000022,0.012051,0.699634,0.000757
AAAGGCTACGGACCAT-1,0.177238,0.044501,0.000025,0.075918,0.319731,0.382588
AAAGGCTCTCGCGCCG-1,0.000014,0.000014,0.002578,0.201664,0.007893,0.787837
AAAGGGATGTAGCAAG-1,0.080849,0.044011,0.000055,0.061699,0.757243,0.056144
AAAGGGCAGCTTGAAT-1,0.000057,0.014771,0.000057,0.000114,0.984831,0.000171
AAAGGTAAGCTGTACC-1,0.058909,0.064018,0.000038,0.135572,0.561838,0.179624
AAAGGTCAACGACATG-1,0.082566,0.174371,0.005249,0.432412,0.203345,0.102057
AAAGTAGCATTGCTCA-1,0.002544,0.009237,0.100024,0.059894,0.309891,0.518409
AAAGTCACTGATGTAA-1,0.000049,0.023976,0.000049,0.01157,0.788745,0.17561
AAAGTCGACCCTCAGT-1,0.000029,0.000029,0.075845,0.06573,0.817761,0.040606
AAAGTGCCATCAATTA-1,0.027937,0.158357,0.141832,0.262706,0.26718,0.141986
AAAGTGTGATTTATCT-1,0.025633,0.00002,0.128269,0.031915,0.086968,0.727195
AAAGTTGACTCCCGTA-1,0.064125,0.057017,0.000034,0.072432,0.633292,0.173099
AAATAACCATACGGGA-1,0.21068,0.010446,0.056994,0.003732,0.444551,0.273597
AAATAAGGTAGTGCCC-1,0.04312,0.249942,0.071371,0.294431,0.175698,0.165438
AAATACCTATAAGCAT-1,0.017333,0.013298,0.000016,0.157413,0.249661,0.562278
AAATAGCTTAGACTTT-1,0.008292,0.016902,0.001732,0.368828,0.132796,0.47145
AAATAGGGTGCTATTG-1,0.425009,0.00005,0.00005,0.0001,0.566612,0.00818
AAATCACTCCTAAACG-1,0.049894,0.302482,0.062626,0.338337,0.209815,0.036847
AAATCCGATACACGCC-1,0.690664,0.026342,0.1443,0.000091,0.090117,0.048486
AAATCGCGGAAGGAGT-1,0.000065,0.000065,0.000065,0.000728,0.998884,0.000194
AAATCGTGTACCACAA-1,0.023803,0.035679,0.000028,0.031762,0.409806,0.498922
AAATCTAGCCCTGCTA-1,0.257228,0.016861,0.146407,0.08701,0.098897,0.393597
AAATCTGCCCGCGTCC-1,0.00034,0.612348,0.021618,0.219935,0.133209,0.01255
AAATGACTGATCAAAC-1,0.560665,0.000036,0.439046,0.000072,0.000072,0.000108
AAATGATTCGATCAGC-1,0.187891,0.060161,0.048876,0.19241,0.256555,0.254108
AAATGCTCGTTACGTT-1,0.00003,0.00003,0.021319,0.056542,0.798424,0.123654
AAATGGCATGTCTTGT-1,0.026663,0.000017,0.000848,0.1094,0.04666,0.816411
AAATGGCCCGTGCCCT-1,0.000039,0.00867,0.032669,0.125906,0.628415,0.204302
AAATGGTCAATGTGCC-1,0.009317,0.016246,0.098858,0.000402,0.346483,0.528694
AAATGTATCTTATCCC-1,0.00009,0.00009,0.124192,0.06394,0.181619,0.630069
AAATGTGGGTGCTCCT-1,0.000032,0.134069,0.064934,0.11644,0.525758,0.158767
AAATTAACGGGTAGCT-1,0.000012,0.000012,0.190407,0.0069,0.002928,0.799741
AAATTAATAAGCGCGA-1,0.004582,0.000057,0.148993,0.000115,0.326121,0.520132
AAATTACACGACTCTG-1,0.000013,0.000013,0.001987,0.141404,0.008397,0.848187
AAATTACCTATCGATG-1,0.001061,0.030498,0.004766,0.188946,0.336283,0.438446
AAATTCCAGGTCCAAA-1,0.102188,0.388221,0.073744,0.081398,0.353311,0.001137
AAATTGATAGTCCTTT-1,0.000026,0.011712,0.000026,0.076696,0.425653,0.485888
AAATTGCGGCGGTTCT-1,0.102889,0.000064,0.086167,0.002101,0.222377,0.586403
AAATTGGTGAGAAGCA-1,0.015048,0.044273,0.050194,0.505721,0.093198,0.291566
AAATTTACCGAAATCC-1,0.091736,0.079548,0.000029,0.279662,0.245688,0.303338
AAATTTGCGGGTGTGG-1,0.000017,0.006221,0.00747,0.019542,0.356916,0.609835
AACAACTGGTAGTTGC-1,0.000014,0.011069,0.000014,0.095413,0.119267,0.774223
AACAATACATTGTCGA-1,0.069164,0.001507,0.002586,0.018299,0.317817,0.590628
AACAATTACTCTACGC-1,0.000025,0.010036,0.000025,0.316653,0.261532,0.411729
AACACACGCTCGCCGC-1,0.203894,0.013518,0.03797,0.065473,0.352634,0.32651
AACACGACTGTACTGA-1,0.039827,0.022216,0.005773,0.123343,0.305276,0.503565
AACACGAGACGCGGCC-1,0.011318,0.003741,0.117102,0.092745,0.505856,0.269238
AACACGCGGCCGCGAA-1,0.000011,0.000073,0.113073,0.249654,0.055898,0.58129
AACAGCTGTGTGGCAA-1,0.052371,0.008877,0.071756,0.060182,0.355875,0.450939
AACAGGAAATCGAATA-1,0.191181,0.061296,0.027884,0.008195,0.329371,0.382073
AACAGGATGGGCCGCG-1,0.000027,0.015785,0.000027,0.113812,0.419871,0.450478
AACAGGTAGTATGGAT-1,0.055229,0.133597,0.043623,0.486514,0.041235,0.239803
AACATAGCGTGTATCG-1,0.73032,0.113485,0.012646,0.114991,0.006755,0.021803
AACATATCAACTGGTG-1,0.000034,0.044428,0.000027,0.193472,0.362452,0.399587
AACATCGATACGTCTA-1,0.009517,0.304181,0.000037,0.051725,0.58792,0.04662
AACATTGAAGTTGATC-1,0.005939,0.03063,0.075194,0.240806,0.284231,0.3632
AACATTGTGACTCGAG-1,0.308305,0.003175,0.031193,0.023096,0.130396,0.503835
AACCAAGACTTCTCTG-1,0.000034,0.000034,0.013138,0.02081,0.712098,0.253885
AACCAGTATCACTCTT-1,0.000032,0.017988,0.000032,0.423526,0.219213,0.339209
AACCATAGGGTTGAAC-1,0.029018,0.00785,0.104643,0.211067,0.282777,0.364645
AACCATGGGATCGCTA-1,0.000045,0.000045,0.009622,0.053429,0.714832,0.222028
AACCCAGAGACGGAGA-1,0.029198,0.001828,0.002918,0.028658,0.597645,0.339753
AACCCATCCCATGATC-1,0.011132,0.006045,0.000034,0.138692,0.484347,0.35975
AACCCGACAACCCGTG-1,0.000011,0.016177,0.000011,0.288972,0.13183,0.562999
AACCCGAGCAGAATCG-1,0.002032,0.318243,0.030219,0.584666,0.030183,0.034657
AACCCGATAGGGCTTC-1,0.027117,0.025371,0.009348,0.635564,0.074077,0.228523
AACCCGCTGTATTCCA-1,0.022563,0.009233,0.722208,0.032514,0.000049,0.213433
AACCCTACTGTCAATA-1,0.031094,0.007357,0.122162,0.03247,0.347152,0.459764
AACCCTGGTGGAACCA-1,0.033862,0.000126,0.853917,0.000252,0.111465,0.000378
AACCGAGCTTGGTCAT-1,0.000022,0.000022,0.030435,0.132612,0.079955,0.756954
AACCGCTAAGGGATGC-1,0.005625,0.007446,0.117202,0.097971,0.173285,0.598471
AACCGTTGTGTTTGCT-1,0.033169,0.023289,0.151982,0.000068,0.415542,0.37595
AACCTAAAGCCGTCCG-1,0.071106,0.363555,0.004849,0.155281,0.315764,0.089446
AACCTCGCTTTAGCCC-1,0.812016,0.000041,0.000041,0.000081,0.187238,0.000584
AACCTGTCACGGAATT-1,0.031933,0.226201,0.215157,0.16272,0.177395,0.186594
AACCTTTAAATACGGT-1,0.463849,0.000032,0.000032,0.000065,0.344044,0.191978
AACCTTTACGACGTCT-1,0.011439,0.029144,0.048546,0.093594,0.595537,0.22174
AACGAAAGTCGTCCCA-1,0.000015,0.000015,0.004382,0.351496,0.126024,0.518068
AACGACCTCCTAGCCG-1,0.114786,0.242662,0.580338,0.055231,0.00691,0.000073
AACGATAATGCCGTAG-1,0.226308,0.020769,0.000041,0.000083,0.672534,0.080265
AACGATAGAAGGGCCG-1,0.000013,0.005843,0.048325,0.080249,0.108872,0.756698
AACGATATGTCAACTG-1,0.000027,0.022782,0.000027,0.158204,0.302657,0.516302
AACGCATGATCTGGGT-1,0.005047,0.058206,0.101936,0.247274,0.310271,0.277267
AACGCGAACGGCAACA-1,0.029033,0.00005,0.171757,0.005392,0.126506,0.667262
AACGCGACCTTGGGCG-1,0.061358,0.037208,0.000045,0.000091,0.807269,0.094029
AACGCGGTCTCCAGCC-1,0.000023,0.000023,0.061636,0.153156,0.119238,0.665925
AACGCTGTTGCTGAAA-1,0.264565,0.012026,0.199239,0.140999,0.001967,0.381203
AACGGACGTACGTATA-1,0.140542,0.00646,0.221756,0.035856,0.180049,0.415337
AACGGCCATCTCCGGT-1,0.082006,0.000519,0.000044,0.020107,0.738242,0.159083
AACGTACTGTGGGTAC-1,0.045847,0.041323,0.052128,0.01456,0.123052,0.72309
AACGTCAGACTAGTGG-1,0.005861,0.026993,0.104755,0.012549,0.386449,0.463392
AACGTCATCCGGCTTG-1,0.264668,0.050168,0.089115,0.230428,0.078543,0.287079
AACGTCGCTGCACTTC-1,0.055558,0.25613,0.517439,0.170743,0.000052,0.000078
AACGTGATGAAGGACA-1,0.082841,0.012618,0.000062,0.000124,0.904168,0.000186
AACGTGCGAAAGTCTC-1,0.00002,0.001928,0.00002,0.174976,0.256376,0.566681
AACGTTATCAGCACCT-1,0.087575,0.002548,0.053702,0.089947,0.301987,0.46424
AACGTTCTACCATTGT-1,0.000038,0.00548,0.003092,0.659656,0.000077,0.331656
AACTACCCGTTTGTCA-1,0.088023,0.415875,0.05122,0.166637,0.243852,0.034393
AACTAGCGTATCGCAC-1,0.000027,0.016078,0.070341,0.109333,0.270373,0.533848
AACTAGGCTTGGGTGT-1,0.052038,0.037158,0.000019,0.179893,0.14986,0.581032
AACTCAAGTTAATTGC-1,0.055665,0.023088,0.000037,0.018606,0.757728,0.144875
AACTCCAGAGCGTGTT-1,0.372754,0.000042,0.057233,0.000085,0.292977,0.276909
AACTCCTAATCCCATG-1,0.006857,0.044018,0.000043,0.088557,0.652789,0.207736
AACTCGATAAACACGT-1,0.065749,0.041414,0.138726,0.00796,0.182751,0.563398
AACTCGATGGCGCAGT-1,0.000032,0.003913,0.093496,0.046298,0.735341,0.12092
AACTCTCAATAGAGCG-1,0.042776,0.004834,0.000022,0.174045,0.171817,0.606506
AACTCTCAGTGTGCTC-1,0.099433,0.026432,0.011596,0.019218,0.370398,0.472922
AACTGAGGTCAGCGTC-1,0.066807,0.21474,0.019119,0.181963,0.335021,0.18235
AACTGAGTTATACTGA-1,0.084626,0.065818,0.268875,0.23387,0.224131,0.122679
AACTGATATTAGGCCT-1,0.000043,0.037027,0.000043,0.105073,0.565694,0.29212
AACTGGGTCCCGACGT-1,0.068051,0.00002,0.00002,0.00733,0.06366,0.860919
AACTGGGTTCGAGCCG-1,0.060612,0.21647,0.225213,0.105668,0.07924,0.312798
AACTGGTGTGGGCCTT-1,0.000021,0.000626,0.000021,0.224187,0.173722,0.601424
AACTTCTGCGTCTATC-1,0.000058,0.000058,0.24728,0.000116,0.752128,0.000361
AACTTGCCCGTATGCA-1,0.03413,0.027887,0.00006,0.009467,0.714146,0.214311
AACTTGCGTTCTCGCG-1,0.000047,0.000047,0.074401,0.031154,0.64069,0.253662
AACTTTACGGGAGCTT-1,0.144031,0.000063,0.003382,0.000126,0.42372,0.428679
AACTTTAGCTGCTGAG-1,0.000043,0.00472,0.165085,0.124265,0.277521,0.428365
AACTTTCTCGATCATG-1,0.268977,0.130923,0.167999,0.249241,0.10973,0.07313
AAGAAAGTTTGATGGG-1,0.003871,0.107022,0.04573,0.742779,0.040815,0.059782
AAGAAATCACCAGATT-1,0.397789,0.235728,0.000037,0.038256,0.309021,0.019169
AAGAAGGATCAGTTAG-1,0.000018,0.000018,0.000018,0.256344,0.377606,0.365997
AAGACATACGTGGTTT-1,0.034825,0.037611,0.062571,0.75496,0.015436,0.094598
AAGACCAAATAACTCA-1,0.000025,0.015779,0.013493,0.154801,0.730251,0.085651
AAGACCCAACTGAACA-1,0.073052,0.013154,0.111659,0.030675,0.204768,0.566692
AAGACTAACCCGTTGT-1,0.089122,0.00004,0.131405,0.012033,0.186479,0.58092
AAGACTCACGCCCACT-1,0.115907,0.314087,0.054918,0.240394,0.186185,0.088509
AAGACTGCAAGCTACT-1,0.000027,0.000029,0.000027,0.071407,0.374422,0.554087
AAGAGATGAATCGGTA-1,0.000063,0.018541,0.019921,0.000126,0.929056,0.032292
AAGAGCTCTTTATCGG-1,0.000027,0.00418,0.136702,0.028667,0.107416,0.723007
AAGAGGATGTACGCGA-1,0.000014,0.000014,0.000014,0.040169,0.086649,0.873141
AAGAGGCATGGATCGC-1,0.035563,0.030095,0.001579,0.055413,0.49889,0.37846
AAGAGGCCCTTTGGAA-1,0.116718,0.439345,0.014407,0.11312,0.253869,0.062541
AAGATGGCACCGGACC-1,0.080676,0.008901,0.01921,0.042108,0.356869,0.492237
AAGATTGGCGGAACGT-1,0.001369,0.000019,0.123361,0.056597,0.090234,0.728419
AAGCACCCTGCGTATC-1,0.624773,0.000067,0.000067,0.000135,0.368464,0.006493
AAGCATACTCTCCTGA-1,0.307175,0.011888,0.000029,0.022642,0.320445,0.337822
AAGCCACTTGCAGGTA-1,0.011751,0.312095,0.080555,0.235306,0.148254,0.212039
AAGCCGAAGCGGTTTA-1,0.000018,0.063653,0.028542,0.35379,0.115715,0.438282
AAGCCGCCGTGAAATC-1,0.097574,0.055082,0.000024,0.03735,0.730878,0.079091
AAGCCGCTTTACCTTG-1,0.382442,0.333017,0.003452,0.002744,0.278186,0.000159
AAGCCGGAGAGCAGGA-1,0.061772,0.371095,0.140417,0.133032,0.193071,0.100613
AAGCGCAGGGCTTTGA-1,0.287161,0.000065,0.092477,0.042976,0.00013,0.577191
AAGCGGAGTGCGCGCA-1,0.009453,0.384574,0.000027,0.141702,0.459375,0.004869
AAGCGGCGTCATGGGT-1,0.056408,0.126962,0.000076,0.020386,0.576407,0.219761
AAGCGTCCCTCATCGA-1,0.048546,0.005235,0.000047,0.060627,0.758001,0.127544
AAGCTAGATCGAGTAA-1,0.129178,0.024442,0.000037,0.041493,0.534415,0.270435
AAGCTATGGATTGACC-1,0.034785,0.037464,0.288755,0.266656,0.227878,0.144461
AAGCTCGTGCCAAGTC-1,0.00003,0.001729,0.000965,0.04269,0.263302,0.691283
AAGCTCTTTCATGGTG-1,0.42822,0.016353,0.00007,0.008622,0.328059,0.218677
AAGGAGAACTTATAAG-1,0.000017,0.000017,0.080686,0.095429,0.097069,0.726783
AAGGAGCGGTTGGTGC-1,0.000026,0.000026,0.140665,0.008311,0.138533,0.712439
AAGGATCGATCGCTTG-1,0.00002,0.014323,0.173383,0.286976,0.059829,0.465469
AAGGATGAGGGACCTC-1,0.002523,0.026065,0.018267,0.141577,0.133487,0.678081
AAGGCAGGCTGTCTCC-1,0.024787,0.118698,0.258943,0.48267,0.005489,0.109412
AAGGCGCGTAAAGCTT-1,0.256932,0.000044,0.040305,0.01092,0.40855,0.283249
AAGGCTGTGCTCATCG-1,0.000028,0.010166,0.000028,0.138657,0.290003,0.561117
AAGGGAACGACTGGCT-1,0.000018,0.03178,0.000018,0.319337,0.199586,0.449261
AAGGGACAGATTCTGT-1,0.016734,0.012585,0.098793,0.035899,0.213856,0.622133
AAGGGACTATGCATTC-1,0.000013,0.000688,0.000013,0.112688,0.142387,0.74421
AAGGGTTAGCCATGCG-1,0.17875,0.206115,0.108723,0.442131,0.061253,0.003028
AAGGGTTTGATTTCAG-1,0.084147,0.000067,0.000084,0.000135,0.915364,0.000202
AAGGTATCCTAATATA-1,0.153466,0.014137,0.009363,0.018804,0.268229,0.536
AAGGTGATAAACCAGC-1,0.042564,0.014912,0.04297,0.14278,0.297959,0.458815
AAGTAGAAGACCGGGT-1,0.002994,0.077096,0.000045,0.004003,0.698904,0.216959
AAGTAGTGACGCGAGG-1,0.093333,0.001965,0.010384,0.059428,0.098739,0.736151
AAGTCAATTGTCGTCA-1,0.156758,0.07778,0.000042,0.018757,0.524051,0.222612
AAGTCTAGTAGCTGCC-1,0.080254,0.323151,0.08022,0.188728,0.302801,0.024845
AAGTCTTCTGTGGCCT-1,0.077283,0.000048,0.053686,0.007848,0.647064,0.214072
AAGTGACGACCGAATT-1,0.000037,0.000037,0.000037,0.057729,0.591522,0.350639
AAGTGAGTCGGGTTTA-1,0.000036,0.032911,0.000036,0.009841,0.5918,0.365375
AAGTGCAAAGGTAGAC-1,0.004691,0.00006,0.026974,0.003471,0.497767,0.467037
AAGTGCCTTGACTGTA-1,0.028227,0.041119,0.019802,0.267102,0.13154,0.512211
AAGTGCGTTAGAATCT-1,0.011103,0.070073,0.000033,0.034567,0.750764,0.13346
AAGTGCTTCTCTATTG-1,0.036149,0.046837,0.044625,0.176957,0.401543,0.293889
AAGTGTTTGGAGACGG-1,0.689194,0.000031,0.000031,0.000062,0.17699,0.133693
AAGTTCACTCCAAGCT-1,0.415721,0.006381,0.000034,0.042797,0.131356,0.40371
AAGTTCAGTCTGCGTA-1,0.007655,0.063947,0.006685,0.207858,0.345373,0.368482
AAGTTCGGCCAACAGG-1,0.014295,0.00485,0.000013,0.062094,0.184112,0.734636
AAGTTGTGATGTTATA-1,0.216126,0.198455,0.282036,0.126301,0.175298,0.001784
AAGTTTACTAATGGCA-1,0.000019,0.001204,0.000019,0.324616,0.082972,0.591169
AAGTTTATGGGCCCAA-1,0.568104,0.000118,0.000118,0.000235,0.424166,0.00726
AATAACAACGCTCGGC-1,0.000016,0.002553,0.00333,0.042427,0.221614,0.730061
AATAACACTAGAACAA-1,0.001275,0.020604,0.000029,0.025224,0.810081,0.142788
AATAACGTCGCGCCCA-1,0.103962,0.21819,0.096737,0.533809,0.002003,0.045299
AATAAGTCCTCGAGAC-1,0.013595,0.123951,0.000043,0.043295,0.722113,0.097005
AATAATCTTCGTATCG-1,0.083963,0.074369,0.258255,0.285283,0.20156,0.096569
AATACAATGTTTCAGG-1,0.000028,0.001179,0.071735,0.209679,0.589879,0.1275
AATACCGGAGGGCTGT-1,0.082495,0.033916,0.011633,0.056691,0.457625,0.357641
AATACCTGATGTGAAC-1,0.195457,0.000018,0.738313,0.066122,0.000036,0.000054
AATAGAACAGAGTGGC-1,0.000037,0.015896,0.000037,0.004863,0.775944,0.203222
AATAGAATCTGTTTCA-1,0.246312,0.015758,0.00556,0.078874,0.374261,0.279235
AATAGCAAGCCTCCTG-1,0.344907,0.348637,0.000037,0.026516,0.266972,0.012931
AATAGCTACCGCGTGC-1,0.013907,0.011289,0.06079,0.44551,0.019295,0.449209
AATAGGCACGACCCTT-1,0.079912,0.103221,0.133875,0.18313,0.129197,0.370664
AATAGTCCGTCCCGAC-1,0.04633,0.032483,0.000025,0.117656,0.393712,0.409792
AATAGTCGCGAGTCGG-1,0.000088,0.000088,0.083392,0.000176,0.201014,0.715241
AATATCAAGGTCGGAT-1,0.00004,0.016355,0.02416,0.085378,0.799127,0.074941
AATATCCTAGCAAACT-1,0.040645,0.000082,0.000082,0.000164,0.958781,0.000246
AATATCGAATCAATGC-1,0.000669,0.231033,0.192137,0.119787,0.319189,0.137184
AATATCGAGGGTTCTC-1,0.074859,0.000025,0.11631,0.064395,0.098496,0.645915
AATATTGGAGTATTGA-1,0.000052,0.013414,0.000052,0.111596,0.83122,0.043666
AATCAGACTGCAGGAC-1,0.001499,0.000054,0.166214,0.049386,0.174492,0.608356
AATCAGGTTTCATTTA-1,0.017842,0.164804,0.031011,0.105439,0.196386,0.484518
AATCATGTAAAGACTC-1,0.428767,0.065582,0.000041,0.005838,0.409101,0.090671
AATCCAAGGGCCTGAG-1,0.14354,0.005603,0.000032,0.010909,0.5911,0.248815
AATCCATGCAAGGGTG-1,0.004723,0.000044,0.044252,0.03599,0.27141,0.643582
AATCCCGCTCAGAGCC-1,0.144556,0.416167,0.026085,0.069618,0.091386,0.252189
AATCGAGGTCTCAAGG-1,0.878515,0.000041,0.121159,0.000082,0.000082,0.000122
AATCGCCTCAGCGCCA-1,0.049504,0.028114,0.000025,0.041336,0.358235,0.522787
AATCGCGCAGAGGACT-1,0.033368,0.088252,0.021656,0.650738,0.026445,0.179541
AATCGGGACACTACGA-1,0.032511,0.000022,0.010583,0.022785,0.190971,0.743128
AATCGGTATAGCCCTC-1,0.190921,0.237706,0.247064,0.307651,0.01076,0.005898
AATCGTGAGCCGAGCA-1,0.589219,0.008423,0.017068,0.00469,0.125205,0.255395
AATCTAGGTTTACTTG-1,0.000034,0.005285,0.000843,0.21822,0.591305,0.184314
AATCTATGCCGGAGCC-1,0.012554,0.010954,0.081031,0.225589,0.067661,0.602211
AATCTCTACTGTGGTT-1,0.071047,0.005243,0.049387,0.00805,0.866161,0.000112
AATCTGCGTTGGGACG-1,0.000021,0.000021,0.15366,0.11436,0.091669,0.64027
AATCTGGCTTTCTAGT-1,0.000059,0.000059,0.000059,0.059219,0.904076,0.036527
AATCTGGGTAGACCCT-1,0.022898,0.084018,0.000036,0.426691,0.297105,0.169252
AATGACAGCAATGTCT-1,0.033323,0.023753,0.008346,0.054885,0.210674,0.669018
AATGACGTAGGATGTC-1,0.038284,0.005125,0.000023,0.113377,0.26661,0.576581
AATGACTGTCAGCCGG-1,0.000037,0.021272,0.003834,0.01624,0.578568,0.380049
AATGAGTTCGCATATG-1,0.000037,0.012964,0.214805,0.032932,0.542801,0.19646
AATGATGATACGCTAT-1,0.008838,0.061901,0.04913,0.06228,0.339366,0.478484
AATGATGCGACTCCTG-1,0.050467,0.000021,0.357945,0.00451,0.014368,0.572689
AATGCAACCGGGTACC-1,0.028792,0.039304,0.00003,0.026268,0.361028,0.544578
AATGCACCAAGCAATG-1,0.001815,0.005989,0.072568,0.21085,0.030314,0.678464
AATGGCCGCCAATGCG-1,0.151078,0.077466,0.195554,0.214615,0.090351,0.270936
AATGGTCCACCGTTCA-1,0.000035,0.001417,0.036197,0.185782,0.551171,0.225397
AATGGTTCTCACAAGC-1,0.000053,0.054287,0.000053,0.052682,0.777728,0.115198
AATGTATGGCACTGTA-1,0.000288,0.177891,0.000036,0.001465,0.811852,0.008467
AATGTGCCCGAGGTGT-1,0.021037,0.029793,0.000025,0.002009,0.463934,0.483202
AATGTGCTAATCTGAG-1,0.000045,0.12556,0.000045,0.004831,0.869383,0.000135
AATGTTAAGACCCTGA-1,0.919853,0.000026,0.079936,0.000053,0.000053,0.000079
AATGTTGTCGTGAGAC-1,0.152834,0.781542,0.063118,0.000044,0.000044,0.002418
AATTAAAGGTCGGCGT-1,0.125206,0.000464,0.000038,0.000076,0.607195,0.267021
AATTAACGGATTTCCA-1,0.307984,0.000061,0.000061,0.000122,0.691588,0.000183
AATTACGAGACCCATC-1,0.000046,0.000867,0.062877,0.154607,0.741641,0.039962
AATTACTCGTACGCTC-1,0.051246,0.000125,0.000125,0.004421,0.22029,0.723793
AATTAGCGCTGCAGCG-1,0.006095,0.000018,0.115139,0.111594,0.092952,0.674202
AATTATACCCAGCAAG-1,0.978964,0.006225,0.003033,0.007672,0.00007,0.004035
AATTCATAAGGGATCT-1,0.008751,0.020984,0.049853,0.066673,0.26218,0.591558
AATTCATTGTCATGCA-1,0.217502,0.000363,0.000034,0.005012,0.686938,0.090151
AATTCCAACTTGGTGA-1,0.013207,0.001348,0.086349,0.032652,0.127084,0.73936
AATTCCAAGCATGTAC-1,0.066062,0.088342,0.026864,0.015155,0.317767,0.485809
AATTCGATTCGAGGAT-1,0.478587,0.000193,0.000193,0.000385,0.388912,0.13173
AATTCTAGAGTTAGGC-1,0.072823,0.034388,0.00006,0.00012,0.754241,0.138369
AATTGAACGCTCTGGT-1,0.171939,0.017385,0.000033,0.000067,0.648049,0.162527
AATTGCAGCAATCGAC-1,0.166459,0.042549,0.254938,0.263902,0.116118,0.156034
AATTGCGTGGATTACA-1,0.004503,0.105126,0.000887,0.186371,0.63066,0.072453
AATTGTGGTTGCCAAA-1,0.170654,0.402839,0.003468,0.164417,0.227804,0.030817
AATTTGGGACATAGTA-1,0.084063,0.005535,0.000039,0.144251,0.320508,0.445604
AATTTGGTTCCAAAGA-1,0.008434,0.047865,0.033969,0.070206,0.241675,0.597851
ACAAACCATGCGTCCT-1,0.090076,0.039187,0.141661,0.025719,0.682377,0.02098
ACAAACCGACAAGGCG-1,0.050098,0.030431,0.000023,0.380696,0.351593,0.18716
ACAAACTCCATCAGAG-1,0.000015,0.001265,0.006587,0.565176,0.000328,0.426629
ACAAAGAAGGTAGGCC-1,0.000053,0.000053,0.000053,0.000106,0.999576,0.000159
ACAAAGCATGACCTAG-1,0.4922,0.11379,0.048966,0.118746,0.019482,0.206815
ACAAATCGCACCGAAT-1,0.07151,0.005777,0.074218,0.123445,0.065105,0.659945
ACAAATGGTAGTGTTT-1,0.010912,0.007605,0.000018,0.139153,0.108232,0.734081
ACAAATTCAGATCTGA-1,0.386123,0.158794,0.000062,0.016265,0.393246,0.04551
ACAACAGCATGAGCTA-1,0.000027,0.000027,0.032974,0.055313,0.461688,0.449971
ACAACGGTCCCTGCGA-1,0.000045,0.000483,0.000045,0.0474,0.863849,0.088178
ACAAGCAGTGCCTAGC-1,0.000047,0.000047,0.115289,0.001144,0.728689,0.154784
ACAAGCTATATGGAAG-1,0.005482,0.000055,0.149621,0.000109,0.517789,0.326944
ACAAGGAAATCCGCCC-1,0.188039,0.058895,0.000037,0.031483,0.577127,0.144418
ACAAGGACAAGAGGTT-1,0.000044,0.008242,0.000023,0.168147,0.368194,0.45535
ACAAGGATGCTTTAGG-1,0.146088,0.133679,0.296625,0.002449,0.220472,0.200687
ACAAGGCCTACCAGCC-1,0.101613,0.154376,0.01608,0.374267,0.158351,0.195313
ACAAGGGCAGGCTCTG-1,0.351975,0.000083,0.002076,0.024181,0.354464,0.267221
ACAAGTAATTGTAAGG-1,0.015367,0.022939,0.072811,0.165595,0.114822,0.608466
ACAATAGTCGTACGTT-1,0.000036,0.000036,0.017378,0.175357,0.367464,0.43973
ACAATCCATTTAAACC-1,0.000011,0.000737,0.019158,0.057839,0.076355,0.845901
ACAATCGATCTTTATA-1,0.206943,0.116633,0.000046,0.076944,0.523569,0.075865
ACAATGAATACGGAGA-1,0.01352,0.099317,0.083962,0.028956,0.419989,0.354255
ACAATGATTCTTCTAC-1,0.05459,0.325577,0.039743,0.209853,0.137641,0.232596
ACAATTGTGTCTCTTT-1,0.007374,0.038308,0.068857,0.234458,0.0471,0.603904
ACAATTTAGGAGGCTC-1,0.005622,0.000052,0.062961,0.000104,0.653057,0.278205
ACAATTTGAGCAGTGG-1,0.001154,0.000019,0.063287,0.114609,0.191598,0.629333
ACAATTTGGCCATATT-1,0.251388,0.25129,0.058812,0.202188,0.098525,0.137797
ACACAAAGACGGGTGG-1,0.000628,0.012141,0.00003,0.041432,0.33441,0.611359
ACACAAATATTCCTAG-1,0.054995,0.234044,0.041421,0.342281,0.28062,0.046639
ACACACCAGGACCAGT-1,0.039226,0.038274,0.108023,0.066217,0.099654,0.648607
ACACACTTTCTACACG-1,0.06163,0.006373,0.000062,0.000123,0.762808,0.169004
ACACATGATCAAATCT-1,0.000022,0.000022,0.000022,0.194497,0.243362,0.562075
ACACATTGACGCAACA-1,0.044928,0.0001,0.193646,0.019836,0.18807,0.553421
ACACATTTCCGTAGAC-1,0.751687,0.000112,0.084702,0.000224,0.000224,0.163051
ACACCACATAATTAGC-1,0.044384,0.161295,0.037323,0.481118,0.112572,0.163308
ACACCCAGCATGCAGC-1,0.000035,0.001905,0.000035,0.176903,0.350981,0.470141
ACACCCGAGAAATCCG-1,0.001929,0.013869,0.011931,0.170283,0.323613,0.478375
ACACCCGTAAATCTGT-1,0.061404,0.370967,0.281288,0.025859,0.260369,0.000114
ACACCGAGCGCTCTTT-1,0.034826,0.000148,0.064786,0.000297,0.305259,0.594684
ACACCGGTCTGACCGC-1,0.000014,0.000074,0.099428,0.154051,0.160783,0.585651
ACACCTTAAGTAGGGC-1,0.000022,0.00121,0.066076,0.104242,0.148773,0.679676
ACACCTTACTACTTGC-1,0.100199,0.265699,0.109558,0.222671,0.170209,0.131663
ACACGAGACTCCTTCT-1,0.00003,0.051779,0.00003,0.079607,0.538317,0.330237
ACACGGCACTATGCAT-1,0.127926,0.075286,0.000168,0.000337,0.472736,0.323547
ACACGGGAACTTAGGG-1,0.04232,0.000051,0.000051,0.000101,0.935665,0.021811
ACACGTAGGCCACAAG-1,0.120469,0.180152,0.002953,0.395903,0.100854,0.199669
ACACTCCAATGTCACT-1,0.000067,0.010818,0.000067,0.006214,0.919565,0.063268
ACACTGATCAAGGTGT-1,0.00072,0.004684,0.013636,0.009324,0.267632,0.704004
ACACTGGGACAGTCGT-1,0.24723,0.134767,0.177294,0.27468,0.069225,0.096804
ACAGAACTGAGAACAA-1,0.031332,0.029133,0.170412,0.009203,0.670282,0.089638
ACAGATTAGGTTAGTG-1,0.004246,0.00102,0.000026,0.275104,0.142014,0.577589
ACAGCATAGAGCCAGT-1,0.123193,0.031532,0.000022,0.039239,0.186355,0.61966
ACAGCGACATTCTCAT-1,0.285986,0.103261,0.146459,0.018518,0.03974,0.406035
ACAGCGCACCCGCAGC-1,0.000877,0.129976,0.000062,0.083892,0.742431,0.042762
ACAGGAGGCGCAGCCG-1,0.068599,0.092315,0.307787,0.071115,0.142471,0.317714
ACAGGCACGGATCCTT-1,0.674469,0.032588,0.000039,0.000078,0.292708,0.000118
ACAGGCTTGCCCGACT-1,0.064521,0.053795,0.1191,0.063844,0.129133,0.569606
ACAGGTGGAGGTGAGG-1,0.000021,0.013486,0.000021,0.047513,0.313688,0.62527
ACAGGTGTGTTGTTGC-1,0.064514,0.000056,0.141965,0.000112,0.34566,0.447693
ACAGTAATACAACTTG-1,0.000025,0.000025,0.047714,0.119596,0.619327,0.213313
ACAGTATACCGTGGGA-1,0.204635,0.113938,0.158989,0.143105,0.186748,0.192585
ACAGTGCAGCGCATTT-1,0.028141,0.208335,0.000026,0.302302,0.270171,0.191026
ACATAAGTCGTGGTGA-1,0.000036,0.006508,0.015009,0.069427,0.87566,0.03336
ACATAATAAGGCGGTG-1,0.053259,0.044376,0.02704,0.020126,0.287387,0.567812
ACATACAATCAAGCGG-1,0.955696,0.000033,0.035974,0.000065,0.000065,0.008166
ACATCAGCTGGGACGC-1,0.008224,0.000059,0.000059,0.000118,0.991363,0.000177
ACATCCCGGCCATACG-1,0.112237,0.046428,0.000036,0.0061,0.599049,0.236149
ACATCCTGGTAACTGT-1,0.027548,0.035648,0.063549,0.149727,0.232147,0.491382
ACATCGATCGTTTACC-1,0.019602,0.022603,0.000048,0.000096,0.839704,0.117947
ACATCGCAATATTCGG-1,0.044042,0.066873,0.143173,0.149546,0.265037,0.331329
ACATCGGTCAGCCGCG-1,0.00002,0.014113,0.050341,0.050705,0.304504,0.580317
ACATCGTATGCAATGG-1,0.141549,0.043627,0.000035,0.002038,0.50868,0.304071
ACATCGTTAACCTAGT-1,0.000031,0.005436,0.000031,0.085941,0.268426,0.640135
ACATCTCAACGCGTAA-1,0.045369,0.154458,0.097251,0.053571,0.380478,0.268873
ACATGCTTACGGCAGC-1,0.001102,0.298191,0.068664,0.467921,0.004538,0.159584
ACATGGCGCCAAAGTA-1,0.024016,0.097585,0.139857,0.034415,0.213952,0.490175
ACATGGCTCAATTTAG-1,0.031774,0.00008,0.085688,0.006615,0.225087,0.650755
ACATTAGTTTATATCC-1,0.058681,0.002985,0.121175,0.000064,0.486536,0.33056
ACATTCGCGCGGAATA-1,0.000023,0.167502,0.072501,0.431173,0.054017,0.274785
ACATTTGAAACCTAAC-1,0.189483,0.000037,0.809165,0.00113,0.000074,0.000111
ACCAAACACCCAGCGA-1,0.125618,0.059826,0.048024,0.372029,0.084357,0.310146
ACCAAACTAGAAATCC-1,0.00678,0.170293,0.000027,0.114129,0.475974,0.232797
ACCAACACCACACACT-1,0.001022,0.051681,0.131328,0.229781,0.198464,0.387724
ACCAACCGCACTCCAC-1,0.521648,0.164586,0.186774,0.021056,0.068521,0.037414
ACCAACGCTTATTTAT-1,0.072816,0.033931,0.100667,0.061275,0.183705,0.547607
ACCAAGAACGCGTGTC-1,0.051126,0.077397,0.027287,0.005376,0.66963,0.169184
ACCAAGTCATCGGCAG-1,0.089463,0.251705,0.069687,0.358602,0.097307,0.133235
ACCAATATGCAAGTTA-1,0.283733,0.056513,0.000046,0.070615,0.215872,0.373221
ACCACAACTCAGAACA-1,0.003086,0.229772,0.000033,0.001345,0.462433,0.303332
ACCACAAGTTTCTATC-1,0.021991,0.032238,0.000051,0.020478,0.726809,0.198433
ACCACACGGTTGATGG-1,0.817832,0.080834,0.000061,0.030924,0.070164,0.000184
ACCACCAATGTAACAA-1,0.00172,0.001066,0.051796,0.491531,0.013901,0.439986
ACCACCCTCTCTTCTA-1,0.00985,0.412802,0.034802,0.322216,0.146759,0.07357
ACCACGTGCAGCTATA-1,0.402057,0.000128,0.311248,0.000256,0.285927,0.000384
ACCACTGTTCAAGAAG-1,0.000115,0.000115,0.162599,0.014695,0.350914,0.471563
ACCAGACCATAACAAC-1,0.063752,0.000054,0.010158,0.000108,0.870264,0.055663
ACCAGCCCGGTCTTTG-1,0.000102,0.050741,0.000931,0.168625,0.072853,0.706749
ACCAGGAGTGTGATCT-1,0.012254,0.021716,0.012107,0.125668,0.157325,0.670931
ACCAGTGCCCGGTCAA-1,0.018732,0.168951,0.066836,0.209922,0.211056,0.324503
ACCAGTGCGGGAGACG-1,0.023128,0.027006,0.013886,0.197338,0.183407,0.555235
ACCATATCCGCAATAA-1,0.063183,0.00003,0.267479,0.000059,0.237506,0.431742
ACCATCCGCCAACTAG-1,0.000019,0.000019,0.012722,0.317642,0.23662,0.432977
ACCATCGTATATGGTA-1,0.205063,0.000053,0.000053,0.000106,0.4776,0.317125
ACCATTAAGGGTGTCA-1,0.00014,0.00014,0.108615,0.001058,0.198507,0.69154
ACCCAACGCCCGTGGC-1,0.000026,0.048666,0.000026,0.098543,0.363108,0.489632
ACCCACCTACATGCTC-1,0.000646,0.000045,0.080507,0.048868,0.717494,0.15244
ACCCATCTTGAGGGTA-1,0.000041,0.029367,0.06832,0.000082,0.692465,0.209725
ACCCATTTGTCCCTCT-1,0.184911,0.365527,0.000031,0.089599,0.252512,0.10742
ACCCGAGCGAAATTAC-1,0.041872,0.007492,0.000015,0.105383,0.255794,0.589444
ACCCGATTGGTTCCGA-1,0.12177,0.027172,0.002351,0.208765,0.359178,0.280764
ACCCGGAAACTCCCAG-1,0.474542,0.000041,0.000041,0.000082,0.440776,0.084518
ACCCGGAGCACCACAA-1,0.000015,0.013861,0.013055,0.579183,0.091474,0.302411
ACCCGGATGACGCATC-1,0.000021,0.003237,0.051812,0.180713,0.060542,0.703676
ACCCGGTTACACTTCC-1,0.003232,0.013831,0.000035,0.038484,0.678293,0.266125
ACCCGTAGCAGAGAAT-1,0.00003,0.445166,0.001876,0.371342,0.178186,0.0034
ACCCGTAGTCTAGTTG-1,0.031124,0.159351,0.148223,0.486557,0.06483,0.109914
ACCCGTGTCATCAGTA-1,0.09461,0.010803,0.000045,0.000089,0.85212,0.042333
ACCCTATAGGACTGAG-1,0.020432,0.00007,0.107447,0.00014,0.480674,0.391238
ACCCTATGCCATATCG-1,0.045236,0.020128,0.002034,0.049605,0.184976,0.698022
ACCCTCCCGTCAGGGC-1,0.703359,0.064805,0.003823,0.099833,0.058823,0.069358
ACCCTCCCTTGCTATT-1,0.204167,0.061991,0.000033,0.013945,0.450354,0.269511
ACCCTGGTAACGCCCT-1,0.006251,0.289285,0.095915,0.337959,0.245549,0.02504
ACCCTTCATCTGCGAA-1,0.000017,0.000017,0.000614,0.149004,0.004936,0.845413
ACCCTTGCCTGGGTCG-1,0.014118,0.110832,0.074988,0.348929,0.298308,0.152825
ACCCTTTAGTTCTCCA-1,0.042451,0.011059,0.02367,0.229676,0.037844,0.6553
ACCGAAAGGGCCCTGC-1,0.000029,0.031715,0.001889,0.166436,0.511099,0.288832
ACCGAAGAGTCTGGTT-1,0.000063,0.000063,0.000063,0.000126,0.999497,0.000188
ACCGACACATCTCCCA-1,0.660974,0.000078,0.000078,0.000157,0.338477,0.000235
ACCGACTGAGTCCCAC-1,0.000033,0.022858,0.058537,0.022825,0.372358,0.523389
ACCGAGTCTCCTTATT-1,0.991327,0.000049,0.000049,0.000098,0.000098,0.008378
ACCGATAGGCATAACC-1,0.230399,0.395064,0.011156,0.163493,0.189641,0.010248
ACCGATATTTAATCAT-1,0.058438,0.440168,0.220237,0.123755,0.152551,0.004852
ACCGATGGTAGCATCG-1,0.000015,0.000041,0.028709,0.070708,0.088084,0.812442
ACCGCAATAACTGCCT-1,0.159581,0.008351,0.046728,0.136179,0.057554,0.591605
ACCGCGGTGGAAGTCG-1,0.206421,0.158626,0.000045,0.012163,0.449106,0.173639
ACCGCTAGTCATTGGT-1,0.073351,0.606275,0.007235,0.099634,0.13677,0.076734
ACCGGGCCTTTGTTGA-1,0.104218,0.072319,0.18635,0.029299,0.325287,0.282527
ACCGGTCAGGTACACC-1,0.000014,0.000014,0.002693,0.340693,0.093121,0.563464
ACCGGTCTGAGTACGG-1,0.002718,0.054622,0.000025,0.470334,0.141454,0.330847
ACCGTCCACTGGGCCC-1,0.002167,0.005611,0.196676,0.131433,0.522944,0.141168
ACCGTGACCACGTGGG-1,0.060259,0.014862,0.025212,0.031622,0.345018,0.523027
ACCGTTCCCGCTCTGA-1,0.034737,0.056725,0.045091,0.227331,0.195563,0.440552
ACCTAAGTACCTTTCA-1,0.046267,0.007584,0.000039,0.000079,0.888647,0.057383
ACCTAATCGACTTCCT-1,0.000071,0.000071,0.026196,0.000142,0.957238,0.016283
ACCTACAGTATGTGGT-1,0.138328,0.176274,0.122048,0.262221,0.030221,0.270908
ACCTACTATAAATCTA-1,0.084919,0.008269,0.032195,0.13394,0.186155,0.554523
ACCTCAGCGAGGCGCA-1,0.730574,0.048205,0.028376,0.098013,0.073579,0.021253
ACCTCCGCCCTCGCTG-1,0.048687,0.14432,0.144206,0.446319,0.016223,0.200246
ACCTCCGTTATTCACC-1,0.051565,0.09206,0.441076,0.05715,0.148241,0.209909
ACCTCGAACTTATGCT-1,0.000018,0.029399,0.092874,0.208242,0.228606,0.440862
ACCTGCGTGTCATGTT-1,0.031705,0.003464,0.075538,0.02441,0.780414,0.08447
ACCTTTCCTTTAGAAG-1,0.000058,0.199504,0.000058,0.011833,0.788375,0.000173
ACGAAATGGGCGGCAC-1,0.000027,0.000027,0.000027,0.043757,0.378575,0.577586
ACGACCCATGAGTTGC-1,0.021542,0.358134,0.21266,0.139902,0.241527,0.026234
ACGACTCTAGGGCCGA-1,0.509971,0.022193,0.283973,0.030854,0.032583,0.120426
ACGACTGGTCATACTC-1,0.055747,0.013556,0.046153,0.043809,0.18109,0.659644
ACGAGAACCCATCACG-1,0.000034,0.06311,0.000034,0.000068,0.936654,0.000101
ACGAGATATTTGCTTA-1,0.015302,0.075823,0.000067,0.127683,0.530562,0.250564
ACGAGGATACCACTCT-1,0.000021,0.00303,0.000021,0.386978,0.126198,0.483753
ACGAGGTTTACAACGT-1,0.000038,0.000508,0.000038,0.054123,0.777692,0.167601
ACGAGTACGGATGCCC-1,0.043407,0.084747,0.000335,0.167623,0.487913,0.215975
ACGAGTCGCCGGCGTT-1,0.000068,0.000068,0.148654,0.009508,0.097595,0.744107
ACGATACATAGAACTA-1,0.000022,0.055305,0.036554,0.080733,0.225841,0.601544
ACGATACCTATCCTGA-1,0.0344,0.000071,0.125177,0.030599,0.324534,0.485219
ACGATCATACATAGAG-1,0.000037,0.012404,0.000037,0.0852,0.496088,0.406234
ACGATCATCTTGTAAA-1,0.00158,0.032874,0.117861,0.132414,0.314711,0.40056
ACGATGCATATGTTAT-1,0.000396,0.028549,0.000039,0.086979,0.625143,0.258893
ACGATGGATCCGATGC-1,0.000015,0.000015,0.000015,0.079288,0.019541,0.901126
ACGCAAACTAATAGAT-1,0.024532,0.03666,0.052136,0.053452,0.441006,0.392215
ACGCAATCACTACAGC-1,0.065758,0.06776,0.001667,0.225956,0.411163,0.227696
ACGCATAAATGACATG-1,0.04904,0.328972,0.000022,0.21741,0.286589,0.117967
ACGCATACGTTTACTA-1,0.332546,0.085971,0.058223,0.000098,0.2496,0.273562
ACGCATTCGTGAGTAC-1,0.000018,0.000018,0.016036,0.055296,0.022564,0.906069
ACGCCACTCGAAACAG-1,0.728335,0.000026,0.271458,0.000052,0.000052,0.000078
ACGCCAGATGATTTCT-1,0.001134,0.000277,0.00004,0.08433,0.334529,0.57969
ACGCCAGTGCGTTTGC-1,0.383683,0.054935,0.102776,0.369364,0.000047,0.089195
ACGCCCAGCTGTCGAT-1,0.225,0.050415,0.089201,0.028952,0.376708,0.229723
ACGCCGCTAGACGACC-1,0.153879,0.000123,0.490069,0.000246,0.089635,0.266047
ACGCCTGACACGCGCT-1,0.179787,0.103673,0.258162,0.105569,0.049844,0.302965
ACGCGAAGTCAGACGA-1,0.000023,0.001395,0.000023,0.105925,0.25645,0.636184
ACGCGCTACACAGGGT-1,0.206658,0.000026,0.003373,0.000051,0.349267,0.440624
ACGCGGGCCAAGGACA-1,0.012603,0.021629,0.000035,0.00007,0.627953,0.337709
ACGCGTTTCTTAAGAG-1,0.021004,0.000077,0.117321,0.000143,0.351584,0.509871
ACGCTACTGAATGGGC-1,0.000016,0.000016,0.951753,0.046161,0.000033,0.002021
ACGCTAGTATCAGTGC-1,0.017677,0.099565,0.020256,0.623708,0.063918,0.174876
ACGCTAGTGATACACT-1,0.027693,0.004632,0.219614,0.046038,0.21719,0.484833
ACGCTGTGAGGCGTAG-1,0.000033,0.000033,0.111974,0.052483,0.638804,0.196672
ACGCTTAGTGTCTCTC-1,0.000015,0.002518,0.02908,0.556486,0.010173,0.401729
ACGGAACACGAGTGCC-1,0.793408,0.000035,0.20631,0.000071,0.000071,0.000106
ACGGAATTTAGCAAAT-1,0.000041,0.021057,0.000041,0.025383,0.825323,0.128155
ACGGACGCAGCGACAA-1,0.00001,0.000913,0.470456,0.280574,0.002567,0.24548
ACGGACTCTCAAAGCG-1,0.16988,0.057029,0.055524,0.049334,0.296071,0.372162
ACGGAGCGCAAATTAC-1,0.007372,0.033985,0.078901,0.129929,0.428853,0.32096
ACGGATGGTGCGGATA-1,0.109894,0.005664,0.258033,0.001607,0.205843,0.418958
ACGGCACTTGCTTGGG-1,0.032608,0.023099,0.002499,0.118078,0.427029,0.396687
ACGGCCAACATGGACT-1,0.138422,0.00032,0.000039,0.000077,0.701533,0.15961
ACGGCGACGATGGGAA-1,0.048155,0.020787,0.005427,0.159962,0.056803,0.708866
ACGGCGGGTTGCCCTG-1,0.000034,0.000034,0.071407,0.043735,0.370507,0.514283
ACGGCTGGATGTAGAA-1,0.000018,0.000018,0.000018,0.151998,0.225432,0.622516
ACGGGAGTGTCGGCCC-1,0.000017,0.000017,0.000017,0.088106,0.101664,0.810178
ACGGGCGTATGCGACA-1,0.022103,0.193913,0.026646,0.368009,0.279268,0.110062
ACGGGTCATGTGACTT-1,0.000115,0.000115,0.18738,0.052221,0.305318,0.454851
ACGGGTTGTGACCTGT-1,0.000023,0.235244,0.191038,0.504447,0.063413,0.005834
ACGGTACAGTTCAATG-1,0.16894,0.134005,0.051586,0.460825,0.000034,0.184609
ACGGTCACCGAGAACA-1,0.000028,0.412486,0.001785,0.004754,0.580865,0.000083
ACGTACAGATTTCTCT-1,0.219144,0.06686,0.00004,0.008196,0.33849,0.36727
ACGTACTTTGGCACGG-1,0.000022,0.001297,0.087825,0.149208,0.129129,0.632519
ACGTAGATTGCTGATG-1,0.000028,0.000028,0.246688,0.004424,0.154155,0.594678
ACGTAGGAGAGTCGCT-1,0.662144,0.000113,0.000113,0.000225,0.285819,0.051586
ACGTATTACTCCGATC-1,0.002124,0.055678,0.000039,0.100348,0.481068,0.360744
ACGTCCTAAACGAGAT-1,0.061649,0.147337,0.000044,0.031151,0.757182,0.002637
ACGTCGGGCAACTCGG-1,0.018077,0.109742,0.000071,0.000142,0.871756,0.000213
ACGTCTCGTTCCGGGA-1,0.00005,0.00005,0.00005,0.0001,0.999599,0.00015
ACGTGACAAAGTAAGT-1,0.160946,0.001177,0.122753,0.000062,0.618153,0.096909
ACGTGCGCCTCGTGCA-1,0.000075,0.016455,0.000075,0.012359,0.868986,0.10205
ACGTGGTCGAATGTGC-1,0.051432,0.332486,0.026934,0.020091,0.568882,0.000174
ACGTTAATGTCGAAGA-1,0.001213,0.000459,0.000037,0.148745,0.638141,0.211404
ACGTTAGATTTGCCCG-1,0.125457,0.001652,0.028691,0.000106,0.550678,0.293416
ACGTTATTGGTCACTC-1,0.012738,0.00009,0.034115,0.000181,0.537177,0.415699
ACGTTCACTATGCCGC-1,0.00002,0.008214,0.027503,0.574564,0.016593,0.373107
ACGTTCCGCGCTCCGT-1,0.000013,0.000013,0.000013,0.05834,0.03725,0.904372
ACGTTCGCAATCAATT-1,0.054801,0.168041,0.099524,0.329735,0.150435,0.197464
ACGTTCGTTCAGGAAA-1,0.008804,0.002952,0.022886,0.048054,0.346117,0.571188
ACGTTCTGTACAAGTC-1,0.582863,0.000031,0.355772,0.000061,0.00147,0.059803
ACGTTGTCGTTGAAAG-1,0.116112,0.170274,0.053541,0.274531,0.132968,0.252574
ACGTTTAGTTGTGATC-1,0.000046,0.002225,0.000046,0.006144,0.445351,0.546188
ACGTTTCGGTGCACTT-1,0.000084,0.376958,0.059636,0.401856,0.161213,0.000253
ACTAAGGACGCACACC-1,0.099459,0.025782,0.120638,0.377542,0.045461,0.331119
ACTAATACGTCAGGCG-1,0.103219,0.068429,0.000069,0.071598,0.700507,0.056178
ACTACAAAGAGAGGTG-1,0.016391,0.046937,0.00386,0.140245,0.125063,0.667503
ACTACATCCCGACAAG-1,0.000046,0.044503,0.000046,0.000731,0.954536,0.000138
ACTACCAGCTCTCTGG-1,0.000015,0.000015,0.057404,0.047323,0.003803,0.891441
ACTACCATCCGAGGGC-1,0.00174,0.3337,0.007724,0.382666,0.150708,0.123462
ACTACGCGTTAGAATT-1,0.078582,0.021725,0.030571,0.110394,0.316349,0.442379
ACTAGTTGCGATCGTC-1,0.079981,0.110505,0.032555,0.086297,0.554471,0.136191
ACTATATGCTGTGTTC-1,0.01203,0.148787,0.060064,0.168514,0.332915,0.27769
ACTATCCAGGGCATGG-1,0.004757,0.002771,0.127876,0.319143,0.000035,0.545416
ACTATCGCCGGCTAAA-1,0.00014,0.00014,0.049355,0.071797,0.241604,0.636964
ACTATCTGCCCGCGTA-1,0.080003,0.532343,0.019145,0.166337,0.155513,0.046659
ACTATGTCCAGCTGCC-1,0.006301,0.293524,0.001481,0.008909,0.50026,0.189525
ACTATTCGTCCGTGGT-1,0.000035,0.000035,0.000035,0.168015,0.365904,0.465976
ACTATTTCCGGGCCCA-1,0.097342,0.025302,0.000019,0.026941,0.569773,0.280623
ACTCAACGAATGTATT-1,0.005486,0.000039,0.074236,0.000078,0.920044,0.000117
ACTCAAGTGCAAGGCT-1,0.116007,0.027097,0.091422,0.074321,0.25597,0.435184
ACTCAATAAAGGCACG-1,0.000038,0.031945,0.000038,0.033116,0.696948,0.237914
ACTCAGACCTGCTTCT-1,0.029906,0.013307,0.054587,0.075789,0.209106,0.617305
ACTCATGGCAGCCTTC-1,0.009425,0.264674,0.019939,0.227939,0.231759,0.246263
ACTCCAATATCATCAT-1,0.035454,0.079293,0.000022,0.193478,0.327358,0.364396
ACTCCCATTCCTAAAG-1,0.000023,0.040142,0.08651,0.118354,0.292652,0.46232
ACTCCCGAATTCGTTT-1,0.00358,0.011345,0.17323,0.077933,0.335532,0.398379
