Barcode,Topic 1,Topic 2to3,Topic 4to5,Topic 6,Topic 7to8,Topic 9to10
AAACAAGTATCTCCCA-1,0.293327,0.005452,0.045302,0.508268,0.123803,0.023849
AAACAATCTACTAGCA-1,0.000039,0.455609,0.112076,0.000039,0.014409,0.41783
AAACACCAATAACTGC-1,0.000015,0.008178,0.248189,0.000015,0.501683,0.241918
AAACAGAGCGACTCCT-1,0.169231,0.696593,0.00666,0.017651,0.095914,0.013951
AAACAGCTTTCAGAAG-1,0.024904,0.58871,0.000062,0.016958,0.003759,0.365607
AAACAGGGTCTATATT-1,0.000021,0.08589,0.148702,0.003629,0.149689,0.612069
AAACAGTGTTCCTGGG-1,0.038723,0.001141,0.749277,0.036344,0.172975,0.00154
AAACATGGTGAGAGGA-1,0.08296,0.275346,0.025367,0.00003,0.214217,0.40208
AAACATTTCCCGGATT-1,0.351163,0.000085,0.32298,0.244522,0.080236,0.001013
AAACCACTACACAGAT-1,0.176136,0.373692,0.298266,0.001033,0.009474,0.141399
AAACCCGAACGAAATC-1,0.118656,0.138763,0.669822,0.011738,0.03487,0.026151
AAACCGGAAATGTTAA-1,0.130201,0.06758,0.637495,0.020471,0.132675,0.011578
AAACCGGGTAGGTACC-1,0.023303,0.345524,0.02119,0.210536,0.072085,0.327362
AAACCGTTCGTCCAGG-1,0.009172,0.000019,0.218623,0.02429,0.746258,0.001637
AAACCTAAGCAGCCGG-1,0.522712,0.476971,0.000091,0.000045,0.000091,0.000091
AAACCTCATGAAGTTG-1,0.000038,0.469056,0.027863,0.000038,0.015071,0.487932
AAACGAAGAACATACC-1,0.007724,0.474223,0.097333,0.000038,0.109096,0.311586
AAACGAAGATGGAGTA-1,0.013905,0.861423,0.000115,0.000057,0.000115,0.124385
AAACGACAGTCTTGCC-1,0.283424,0.435897,0.26305,0.00247,0.000057,0.015102
AAACGAGACGGTTGAT-1,0.00003,0.547831,0.010342,0.010665,0.253498,0.177635
AAACGCCCGAGATCGG-1,0.095304,0.728273,0.131807,0.000045,0.00009,0.044479
AAACGCTGGGCACGAC-1,0.136152,0.02121,0.810839,0.03159,0.000128,0.00008
AAACGGGCGTACGGGT-1,0.808135,0.191423,0.000126,0.000063,0.000126,0.000126
AAACGGTTGCGAACTG-1,0.150767,0.515491,0.034781,0.045241,0.204819,0.0489
AAACGTGTTCGCCCTA-1,0.24294,0.292171,0.307358,0.00743,0.026302,0.123798
AAACTAACGTGGCGAC-1,0.033851,0.180294,0.554862,0.024373,0.115486,0.091134
AAACTCGGTTCGCAAT-1,0.375575,0.115262,0.000137,0.237318,0.253491,0.018216
AAACTCGTGATATAAG-1,0.151229,0.582976,0.175522,0.000043,0.008096,0.082134
AAACTGCTGGCTCCAA-1,0.082615,0.253731,0.135165,0.132194,0.315936,0.080359
AAACTTAATTGCACGC-1,0.000023,0.151847,0.100131,0.007462,0.100043,0.640494
AAACTTGCAAACGTAT-1,0.000011,0.000022,0.329853,0.000651,0.474751,0.194713
AAAGAATGACCTTAGA-1,0.094092,0.905547,0.000103,0.000052,0.000103,0.000103
AAAGAATGTGGACTAA-1,0.173639,0.163719,0.626362,0.030553,0.005694,0.000033
AAAGACATGAAGTTTA-1,0.381845,0.044102,0.313347,0.148805,0.011208,0.100693
AAAGACCCAAGTCGCG-1,0.001299,0.043743,0.201618,0.046257,0.392434,0.314648
AAAGACTGGGCGCTTT-1,0.096906,0.879693,0.000077,0.000038,0.000077,0.02321
AAAGCTTGCCTACATA-1,0.456447,0.335355,0.012112,0.140397,0.011273,0.044416
AAAGGCCCTATAATAC-1,0.06901,0.656349,0.096457,0.000022,0.000044,0.178118
AAAGGCTACGGACCAT-1,0.090572,0.390588,0.032776,0.269934,0.155807,0.060323
AAAGGCTCTCGCGCCG-1,0.001248,0.041152,0.171237,0.072241,0.662438,0.051684
AAAGGGATGTAGCAAG-1,0.040438,0.677162,0.045002,0.051414,0.057914,0.128071
AAAGGGCAGCTTGAAT-1,0.000057,0.753046,0.000115,0.000057,0.000302,0.246422
AAAGGTAAGCTGTACC-1,0.033655,0.505204,0.165628,0.052699,0.090209,0.152605
AAAGGTCAACGACATG-1,0.143327,0.16361,0.591014,0.014873,0.016427,0.070749
AAAGTAGCATTGCTCA-1,0.003109,0.036822,0.213787,0.0376,0.32934,0.379343
AAAGTCACTGATGTAA-1,0.00005,0.599731,0.065288,0.001449,0.15188,0.181602
AAAGTCGACCCTCAGT-1,0.083978,0.642504,0.02796,0.00003,0.000059,0.245469
AAAGTGCCATCAATTA-1,0.127837,0.178483,0.53328,0.034788,0.035448,0.090165
AAAGTGTGATTTATCT-1,0.093925,0.057681,0.180874,0.097694,0.474032,0.095795
AAAGTTGACTCCCGTA-1,0.053568,0.685419,0.034167,0.0118,0.086728,0.128317
AAATAACCATACGGGA-1,0.340835,0.347965,0.018919,0.066747,0.188023,0.037511
AAATAAGGTAGTGCCC-1,0.181309,0.277668,0.384785,0.012599,0.032847,0.110791
AAATACCTATAAGCAT-1,0.034911,0.266596,0.053747,0.028095,0.423348,0.193303
AAATAGCTTAGACTTT-1,0.054534,0.144876,0.304981,0.011693,0.368447,0.11547
AAATAGGGTGCTATTG-1,0.408156,0.591492,0.000101,0.00005,0.000101,0.000101
AAATCACTCCTAAACG-1,0.225537,0.230874,0.514398,0.000695,0.00374,0.024756
AAATCCGATACACGCC-1,0.792169,0.061645,0.012618,0.101577,0.0319,0.000092
AAATCGCGGAAGGAGT-1,0.000066,0.872342,0.000131,0.000066,0.000131,0.127264
AAATCGTGTACCACAA-1,0.00594,0.410847,0.024655,0.086899,0.346903,0.124757
AAATCTAGCCCTGCTA-1,0.337343,0.049027,0.149542,0.216841,0.11751,0.129737
AAATCTGCCCGCGTCC-1,0.275141,0.12036,0.296194,0.004805,0.000064,0.303437
AAATGACTGATCAAAC-1,0.80633,0.000073,0.193414,0.000036,0.000073,0.000073
AAATGATTCGATCAGC-1,0.260805,0.225014,0.184892,0.092405,0.131817,0.105067
AAATGCTCGTTACGTT-1,0.00003,0.067615,0.010813,0.00003,0.076911,0.8446
AAATGGCATGTCTTGT-1,0.009401,0.024863,0.202077,0.055623,0.699024,0.009011
AAATGGCCCGTGCCCT-1,0.000039,0.19648,0.068963,0.000039,0.086728,0.647752
AAATGGTCAATGTGCC-1,0.010448,0.239464,0.108936,0.17662,0.396164,0.068367
AAATGTGGGTGCTCCT-1,0.008921,0.225016,0.269861,0.000032,0.049984,0.446187
AAATTAACGGGTAGCT-1,0.000012,0.001379,0.362943,0.001531,0.618243,0.015892
AAATTACACGACTCTG-1,0.000013,0.001635,0.271588,0.000013,0.723667,0.003084
AAATTACCTATCGATG-1,0.057413,0.331526,0.102369,0.000029,0.356358,0.152305
AAATTCCAGGTCCAAA-1,0.405046,0.351435,0.202605,0.000026,0.000051,0.040837
AAATTGATAGTCCTTT-1,0.000026,0.177314,0.14922,0.018063,0.450175,0.205202
AAATTGGTGAGAAGCA-1,0.028865,0.212163,0.50884,0.012687,0.154856,0.082589
AAATTTACCGAAATCC-1,0.056098,0.198779,0.373526,0.188192,0.166349,0.017056
AAATTTGCGGGTGTGG-1,0.000017,0.14421,0.075074,0.017412,0.590896,0.17239
AACAACTGGTAGTTGC-1,0.000014,0.00965,0.218019,0.026051,0.678271,0.067995
AACAATTACTCTACGC-1,0.000025,0.067448,0.22877,0.000063,0.230405,0.473288
AACACACGCTCGCCGC-1,0.33437,0.277183,0.022758,0.010776,0.23299,0.121923
AACACGACTGTACTGA-1,0.024646,0.091109,0.213433,0.029013,0.389506,0.252293
AACACGAGACGCGGCC-1,0.100139,0.269415,0.110442,0.005447,0.122971,0.391586
AACACGCGGCCGCGAA-1,0.000011,0.000022,0.290601,0.000011,0.286832,0.422523
AACAGCTGTGTGGCAA-1,0.029993,0.218094,0.154214,0.103569,0.411313,0.082816
AACAGGAAATCGAATA-1,0.2167,0.200791,0.022242,0.191742,0.279748,0.088777
AACAGGATGGGCCGCG-1,0.011727,0.317759,0.172357,0.000027,0.274381,0.223749
AACAGGTAGTATGGAT-1,0.182501,0.05986,0.514532,0.030163,0.137942,0.075002
AACATAGCGTGTATCG-1,0.786634,0.014801,0.063612,0.12841,0.002788,0.003755
AACATATCAACTGGTG-1,0.006553,0.447484,0.131152,0.007833,0.271064,0.135913
AACATCGATACGTCTA-1,0.000038,0.778135,0.1034,0.000038,0.000076,0.118313
AACATTGAAGTTGATC-1,0.036082,0.105099,0.307379,0.008563,0.202238,0.340639
AACATTGTGACTCGAG-1,0.45044,0.088258,0.00974,0.081782,0.290485,0.079296
AACCAAGACTTCTCTG-1,0.000035,0.206373,0.018576,0.000035,0.223228,0.551753
AACCAGTATCACTCTT-1,0.000032,0.12921,0.529473,0.009591,0.227702,0.10399
AACCATAGGGTTGAAC-1,0.052969,0.015147,0.198692,0.026031,0.200905,0.506256
AACCATGGGATCGCTA-1,0.000045,0.15956,0.008269,0.000045,0.133499,0.698583
AACCCAGAGACGGAGA-1,0.003781,0.212503,0.046019,0.011038,0.292927,0.433732
AACCCATCCCATGATC-1,0.012969,0.108121,0.050403,0.011704,0.230845,0.585958
AACCCGACAACCCGTG-1,0.000011,0.125657,0.290765,0.000454,0.496861,0.086252
AACCCGAGCAGAATCG-1,0.076024,0.247578,0.641608,0.000065,0.002092,0.032633
AACCCGATAGGGCTTC-1,0.028742,0.151614,0.698398,0.01861,0.094885,0.007749
AACCCGCTGTATTCCA-1,0.157438,0.008047,0.821515,0.008757,0.004194,0.000049
AACCCTACTGTCAATA-1,0.115189,0.371741,0.15563,0.039302,0.216231,0.101908
AACCCTGGTGGAACCA-1,0.46935,0.000256,0.529755,0.000128,0.000256,0.000256
AACCGAGCTTGGTCAT-1,0.000022,0.094082,0.189097,0.000022,0.643075,0.073702
AACCGCTAAGGGATGC-1,0.057864,0.177178,0.2222,0.011926,0.458445,0.072387
AACCGTTGTGTTTGCT-1,0.051098,0.132343,0.076497,0.212037,0.2672,0.260824
AACCTAAAGCCGTCCG-1,0.163643,0.185263,0.339696,0.073039,0.0027,0.23566
AACCTCGCTTTAGCCC-1,0.781554,0.208535,0.000082,0.009667,0.000082,0.000082
AACCTGTCACGGAATT-1,0.063901,0.329165,0.489263,0.025935,0.008474,0.083263
AACCTTTAAATACGGT-1,0.520436,0.319276,0.000065,0.103621,0.036462,0.020139
AACCTTTACGACGTCT-1,0.14373,0.509073,0.099844,0.002078,0.124798,0.120476
AACGAAAGTCGTCCCA-1,0.000015,0.00003,0.129723,0.000015,0.353408,0.51681
AACGACCTCCTAGCCG-1,0.422599,0.000049,0.57723,0.000024,0.000049,0.000049
AACGATAATGCCGTAG-1,0.276586,0.70975,0.000084,0.003796,0.006623,0.003161
AACGATAGAAGGGCCG-1,0.000013,0.002009,0.274267,0.013577,0.601308,0.108827
AACGATATGTCAACTG-1,0.000027,0.312979,0.109019,0.005423,0.412282,0.160269
AACGCATGATCTGGGT-1,0.049866,0.313062,0.277853,0.000025,0.176874,0.18232
AACGCGACCTTGGGCG-1,0.04653,0.949348,0.000092,0.000046,0.000998,0.002986
AACGCGGTCTCCAGCC-1,0.000023,0.063507,0.278965,0.000023,0.531777,0.125704
AACGCTGTTGCTGAAA-1,0.401917,0.039119,0.264015,0.017123,0.248096,0.029729
AACGGACGTACGTATA-1,0.324181,0.06794,0.156775,0.114344,0.171419,0.165342
AACGGCCATCTCCGGT-1,0.154911,0.70983,0.008987,0.000044,0.126138,0.000088
AACGTACTGTGGGTAC-1,0.035029,0.049596,0.045664,0.341319,0.41942,0.108971
AACGTAGTCTACCCAT-1,0.102995,0.443466,0.025824,0.014758,0.072869,0.340089
AACGTCAGACTAGTGG-1,0.036511,0.186005,0.163315,0.046163,0.316506,0.2515
AACGTCGCTGCACTTC-1,0.290586,0.012309,0.696975,0.000026,0.000052,0.000052
AACGTGATGAAGGACA-1,0.066655,0.900768,0.000125,0.008078,0.003575,0.020799
AACGTGCGAAAGTCTC-1,0.004215,0.2901,0.071179,0.005151,0.463648,0.165706
AACGTTCTACCATTGT-1,0.000039,0.003391,0.831295,0.00357,0.160639,0.001067
AACTACCCGTTTGTCA-1,0.322642,0.325341,0.275112,0.001683,0.003473,0.071749
AACTAGCGTATCGCAC-1,0.016506,0.058026,0.208892,0.011879,0.331443,0.373254
AACTAGGCTTGGGTGT-1,0.055762,0.082739,0.173728,0.089748,0.414257,0.183766
AACTCAAGTTAATTGC-1,0.030563,0.644644,0.055487,0.021452,0.187358,0.060497
AACTCCAGAGCGTGTT-1,0.467332,0.199288,0.001888,0.138281,0.095582,0.097629
AACTCCTAATCCCATG-1,0.000043,0.71363,0.062707,0.000043,0.149249,0.074329
AACTCGATGGCGCAGT-1,0.002643,0.346235,0.108642,0.017011,0.046565,0.478904
AACTCTCAATAGAGCG-1,0.10793,0.241862,0.035906,0.042829,0.412456,0.159017
AACTCTCAGTGTGCTC-1,0.170761,0.306079,0.020523,0.180199,0.271536,0.050902
AACTGAGGTCAGCGTC-1,0.192395,0.332023,0.253451,0.041626,0.066417,0.114087
AACTGAGTTATACTGA-1,0.141683,0.147412,0.533404,0.083651,0.043106,0.050745
AACTGATATTAGGCCT-1,0.010225,0.441126,0.219412,0.023529,0.25071,0.054998
AACTGGGTCCCGACGT-1,0.003628,0.021454,0.025496,0.252209,0.692883,0.00433
AACTGGGTTCGAGCCG-1,0.194705,0.059961,0.444485,0.101646,0.122084,0.077119
AACTGGTGTGGGCCTT-1,0.000021,0.000042,0.322781,0.000021,0.438281,0.238854
AACTTCTGCGTCTATC-1,0.021515,0.291527,0.205901,0.000058,0.000116,0.480882
AACTTGCCCGTATGCA-1,0.03179,0.273554,0.012135,0.00006,0.160084,0.522376
AACTTGCGTTCTCGCG-1,0.013958,0.269948,0.031993,0.022757,0.09233,0.569014
AACTTTAGCTGCTGAG-1,0.001071,0.179411,0.378488,0.000044,0.201977,0.239009
AACTTTCTCGATCATG-1,0.461807,0.096416,0.300092,0.014572,0.040933,0.086181
AAGAAAGTTTGATGGG-1,0.140295,0.021281,0.483015,0.0025,0.004013,0.348896
AAGAAATCACCAGATT-1,0.480799,0.428931,0.02661,0.005047,0.000523,0.05809
AAGAAGGATCAGTTAG-1,0.000018,0.144678,0.067059,0.000018,0.156321,0.631907
AAGACATACGTGGTTT-1,0.07472,0.103384,0.75371,0.016291,0.031878,0.020017
AAGACCAAATAACTCA-1,0.000025,0.312434,0.027153,0.000025,0.028429,0.631933
AAGACCCAACTGAACA-1,0.124803,0.137992,0.098365,0.257548,0.25577,0.125522
AAGACTCACGCCCACT-1,0.178903,0.111014,0.438308,0.177581,0.003421,0.090773
AAGACTGCAAGCTACT-1,0.000027,0.324424,0.04613,0.000027,0.555077,0.074315
AAGAGATGAATCGGTA-1,0.000584,0.597441,0.000127,0.025737,0.008141,0.367971
AAGAGCTCTTTATCGG-1,0.007317,0.099524,0.2461,0.059259,0.442412,0.145389
AAGAGGATGTACGCGA-1,0.000014,0.008005,0.136998,0.000014,0.739934,0.115036
AAGAGGCATGGATCGC-1,0.009626,0.505029,0.036607,0.061465,0.225813,0.161461
AAGAGGCCCTTTGGAA-1,0.288399,0.480987,0.190779,0.013006,0.003121,0.023708
AAGATGGCACCGGACC-1,0.077019,0.200929,0.065691,0.140111,0.37534,0.140909
AAGATTGGCGGAACGT-1,0.006777,0.087864,0.211178,0.112171,0.515266,0.066745
AAGCACCCTGCGTATC-1,0.706697,0.286239,0.000136,0.004898,0.000136,0.001894
AAGCATACTCTCCTGA-1,0.235628,0.512844,0.000058,0.065937,0.126057,0.059476
AAGCCACTTGCAGGTA-1,0.109034,0.117795,0.497496,0.137406,0.01558,0.122689
AAGCCGAAGCGGTTTA-1,0.001754,0.195419,0.405009,0.009247,0.286758,0.101812
AAGCCGCCGTGAAATC-1,0.081127,0.51643,0.073389,0.006605,0.109089,0.21336
AAGCCGCTTTACCTTG-1,0.488568,0.421304,0.001068,0.001347,0.000107,0.087605
AAGCCGGAGAGCAGGA-1,0.307608,0.18819,0.407912,0.079812,0.007519,0.008959
AAGCGCAGGGCTTTGA-1,0.339046,0.000131,0.067255,0.275062,0.318374,0.000131
AAGCGGAGTGCGCGCA-1,0.071784,0.65325,0.247851,0.000027,0.000055,0.027032
AAGCGGCGTCATGGGT-1,0.075649,0.64097,0.02614,0.078958,0.122764,0.05552
AAGCGTCCCTCATCGA-1,0.000047,0.592537,0.029832,0.023776,0.25459,0.099218
AAGCTAGATCGAGTAA-1,0.072577,0.682263,0.002116,0.006447,0.136959,0.099637
AAGCTATGGATTGACC-1,0.149422,0.039984,0.392205,0.011965,0.013461,0.392963
AAGCTCGTGCCAAGTC-1,0.00353,0.194725,0.042932,0.007624,0.561875,0.189315
AAGCTCTTTCATGGTG-1,0.473522,0.417082,0.00014,0.033336,0.07578,0.00014
AAGGAGAACTTATAAG-1,0.000017,0.002443,0.310056,0.000017,0.551912,0.135555
AAGGAGCGGTTGGTGC-1,0.000026,0.05307,0.260302,0.022635,0.610024,0.053944
AAGGATCGATCGCTTG-1,0.000027,0.123473,0.492626,0.015901,0.238559,0.129414
AAGGATGAGGGACCTC-1,0.006834,0.147604,0.125442,0.0166,0.594773,0.108748
AAGGCAGGCTGTCTCC-1,0.126903,0.084584,0.761551,0.009652,0.008807,0.008502
AAGGCGCGTAAAGCTT-1,0.306229,0.316143,0.014603,0.122526,0.228392,0.012106
AAGGCTGTGCTCATCG-1,0.000555,0.249164,0.214853,0.000028,0.440325,0.095074
AAGGGAACGACTGGCT-1,0.000018,0.054355,0.470875,0.000018,0.250035,0.224699
AAGGGACAGATTCTGT-1,0.015957,0.106539,0.146086,0.177601,0.458113,0.095704
AAGGGACTATGCATTC-1,0.000013,0.04862,0.224308,0.000013,0.675947,0.051098
AAGGGTTAGCCATGCG-1,0.449562,0.000134,0.535484,0.000067,0.014618,0.000134
AAGGGTTTGATTTCAG-1,0.285589,0.713936,0.000136,0.000068,0.000136,0.000136
AAGGTATCCTAATATA-1,0.093493,0.22807,0.004592,0.335774,0.301847,0.036224
AAGGTGATAAACCAGC-1,0.143629,0.348586,0.11669,0.017598,0.279411,0.094086
AAGTAGAAGACCGGGT-1,0.000046,0.518995,0.03824,0.083677,0.243239,0.115803
AAGTAGTGACGCGAGG-1,0.066937,0.015169,0.149978,0.090489,0.557718,0.119709
AAGTCAATTGTCGTCA-1,0.135973,0.659877,0.000085,0.101845,0.038481,0.063738
AAGTCTAGTAGCTGCC-1,0.267385,0.33571,0.30828,0.001159,0.001485,0.085982
AAGTCTTCTGTGGCCT-1,0.135115,0.429962,0.004762,0.089429,0.096742,0.24399
AAGTGACGACCGAATT-1,0.000037,0.159174,0.049834,0.000037,0.379215,0.411704
AAGTGAGTCGGGTTTA-1,0.000036,0.495099,0.001106,0.004677,0.20517,0.293911
AAGTGCCTTGACTGTA-1,0.040962,0.276497,0.233519,0.001603,0.340523,0.106897
AAGTGCGTTAGAATCT-1,0.031697,0.572289,0.156223,0.016221,0.057142,0.166428
AAGTGCTTCTCTATTG-1,0.042836,0.270764,0.293859,0.017814,0.284122,0.090606
AAGTGTTTGGAGACGG-1,0.639661,0.19359,0.000062,0.166563,0.000062,0.000062
AAGTTCACTCCAAGCT-1,0.567165,0.088074,0.000069,0.029271,0.282819,0.032603
AAGTTCAGTCTGCGTA-1,0.003187,0.325299,0.250373,0.006586,0.24851,0.166044
AAGTTCGGCCAACAGG-1,0.021816,0.111607,0.144591,0.016318,0.673802,0.031866
AAGTTGTGATGTTATA-1,0.536416,0.104107,0.335324,0.000024,0.002123,0.022006
AAGTTTACTAATGGCA-1,0.000019,0.028048,0.404327,0.000019,0.389164,0.178423
AAGTTTATGGGCCCAA-1,0.606754,0.392416,0.000237,0.000119,0.000237,0.000237
AATAACAACGCTCGGC-1,0.000016,0.059989,0.090886,0.000232,0.605816,0.24306
AATAACACTAGAACAA-1,0.09853,0.745118,0.04079,0.002334,0.094156,0.019072
AATAACGTCGCGCCCA-1,0.19678,0.186248,0.616437,0.000027,0.000456,0.000053
AATAAGTCCTCGAGAC-1,0.000043,0.464511,0.097538,0.000043,0.146326,0.29154
AATAATCTTCGTATCG-1,0.24815,0.181318,0.517509,0.000023,0.03284,0.02016
AATACAATGTTTCAGG-1,0.006282,0.14799,0.093309,0.000977,0.032118,0.719324
AATACCGGAGGGCTGT-1,0.048671,0.35876,0.08013,0.117387,0.254533,0.140519
AATACCTGATGTGAAC-1,0.358991,0.000036,0.640875,0.000026,0.000036,0.000036
AATAGAACAGAGTGGC-1,0.000038,0.82828,0.000076,0.000038,0.098052,0.073517
AATAGAATCTGTTTCA-1,0.356748,0.346602,0.005323,0.025886,0.189535,0.075907
AATAGCAAGCCTCCTG-1,0.489362,0.344381,0.050495,0.032339,0.000074,0.08335
AATAGCTACCGCGTGC-1,0.085217,0.058946,0.378579,0.016326,0.35875,0.102182
AATAGTCCGTCCCGAC-1,0.001646,0.496989,0.046089,0.003996,0.275292,0.175988
AATATCAAGGTCGGAT-1,0.00004,0.4228,0.120921,0.00089,0.083532,0.371818
AATATCCTAGCAAACT-1,0.149719,0.849694,0.000168,0.000084,0.000168,0.000168
AATATCGAATCAATGC-1,0.039885,0.47983,0.397661,0.009554,0.001384,0.071686
AATATCGAGGGTTCTC-1,0.247924,0.057384,0.12119,0.025593,0.469125,0.078784
AATATTGGAGTATTGA-1,0.000052,0.400461,0.107396,0.007834,0.05309,0.431167
AATCAGGTTTCATTTA-1,0.058969,0.131038,0.303954,0.070412,0.329714,0.105914
AATCATGTAAAGACTC-1,0.391424,0.444725,0.000058,0.11859,0.005982,0.03922
AATCCAAGGGCCTGAG-1,0.07142,0.284053,0.04261,0.088986,0.28242,0.23051
AATCCCGCTCAGAGCC-1,0.243132,0.46462,0.208253,0.000053,0.046524,0.037417
AATCGAGGTCTCAAGG-1,0.99963,0.000082,0.000082,0.000041,0.000082,0.000082
AATCGCCTCAGCGCCA-1,0.00892,0.295559,0.046112,0.138711,0.384655,0.126044
AATCGCGCAGAGGACT-1,0.095952,0.078627,0.649476,0.047325,0.078555,0.050064
AATCGGGACACTACGA-1,0.023759,0.0199,0.105929,0.004333,0.682225,0.163854
AATCGGTATAGCCCTC-1,0.435035,0.025318,0.527928,0.000029,0.000828,0.010862
AATCGTGAGCCGAGCA-1,0.602508,0.09356,0.000061,0.135288,0.133783,0.0348
AATCTAGGTTTACTTG-1,0.000034,0.237521,0.167772,0.000034,0.132856,0.461783
AATCTATGCCGGAGCC-1,0.01302,0.103293,0.282492,0.073508,0.451254,0.076433
AATCTCTACTGTGGTT-1,0.264812,0.647865,0.000075,0.000038,0.000075,0.087135
AATCTGCGTTGGGACG-1,0.004683,0.138018,0.332241,0.000021,0.436534,0.088503
AATCTGGCTTTCTAGT-1,0.00006,0.59903,0.00012,0.00006,0.044646,0.356084
AATCTGGGTAGACCCT-1,0.068502,0.273858,0.549843,0.001288,0.082454,0.024056
AATGACAGCAATGTCT-1,0.009555,0.039375,0.091466,0.174275,0.498628,0.1867
AATGACGTAGGATGTC-1,0.037667,0.336102,0.045692,0.030366,0.439608,0.110565
AATGACTGTCAGCCGG-1,0.003308,0.420735,0.074018,0.032042,0.362173,0.107724
AATGAGTTCGCATATG-1,0.012971,0.135826,0.159281,0.031818,0.0393,0.620804
AATGATGATACGCTAT-1,0.0095,0.351628,0.124385,0.053773,0.343715,0.116998
AATGATGCGACTCCTG-1,0.124644,0.003237,0.381864,0.280315,0.161031,0.048909
AATGCAACCGGGTACC-1,0.029163,0.289634,0.057404,0.047696,0.482865,0.093238
AATGCACCAAGCAATG-1,0.02166,0.13058,0.304623,0.029802,0.475383,0.037952
AATGGCCGCCAATGCG-1,0.247813,0.069822,0.444246,0.07049,0.125373,0.042256
AATGGTCCACCGTTCA-1,0.000036,0.231555,0.136263,0.000036,0.080464,0.551648
AATGGTTCTCACAAGC-1,0.048511,0.565221,0.014843,0.000053,0.054961,0.316411
AATGTATGGCACTGTA-1,0.001177,0.332511,0.001268,0.079658,0.000274,0.585113
AATGTGCCCGAGGTGT-1,0.000566,0.111682,0.019164,0.094857,0.417941,0.35579
AATGTGCTAATCTGAG-1,0.000046,0.887534,0.077632,0.000046,0.000091,0.034651
AATGTTAAGACCCTGA-1,0.992561,0.000053,0.000053,0.007226,0.000053,0.000053
AATGTTGTCGTGAGAC-1,0.393478,0.378749,0.08869,0.132059,0.000044,0.00698
AATTAAAGGTCGGCGT-1,0.196056,0.554782,0.000077,0.065267,0.176093,0.007725
AATTAACGGATTTCCA-1,0.334098,0.665468,0.000124,0.000062,0.000124,0.000124
AATTACGAGACCCATC-1,0.00005,0.344385,0.080306,0.004442,0.004898,0.565918
AATTAGCGCTGCAGCG-1,0.171576,0.046577,0.160256,0.017944,0.458555,0.145094
AATTATACCCAGCAAG-1,0.984617,0.004433,0.00007,0.010739,0.00007,0.00007
AATTCATAAGGGATCT-1,0.027266,0.077082,0.092901,0.124113,0.386142,0.292495
AATTCATTGTCATGCA-1,0.100827,0.450812,0.000068,0.209579,0.018167,0.220545
AATTCCAAGCATGTAC-1,0.09075,0.541861,0.046085,0.021924,0.219737,0.079643
AATTCGATTCGAGGAT-1,0.388149,0.61048,0.000391,0.000196,0.000392,0.000392
AATTCTAGAGTTAGGC-1,0.000309,0.938469,0.000121,0.000061,0.009375,0.051664
AATTGAACGCTCTGGT-1,0.157571,0.670551,0.000068,0.040038,0.02981,0.101962
AATTGCAGCAATCGAC-1,0.246531,0.140708,0.480089,0.005663,0.041549,0.085461
AATTGCGTGGATTACA-1,0.020851,0.337211,0.18037,0.038112,0.010847,0.412609
AATTGTGGTTGCCAAA-1,0.37409,0.270372,0.258128,0.024705,0.001363,0.071342
AATTTGGGACATAGTA-1,0.067133,0.225747,0.175949,0.027706,0.425105,0.07836
AATTTGGTTCCAAAGA-1,0.015819,0.154963,0.212242,0.103256,0.452083,0.061637
ACAAACCATGCGTCCT-1,0.227945,0.418392,0.077641,0.009759,0.007532,0.258731
ACAAACCGACAAGGCG-1,0.028818,0.250016,0.484034,0.050278,0.077645,0.109209
ACAAACTCCATCAGAG-1,0.000016,0.024116,0.615215,0.000016,0.356674,0.003963
ACAAAGAAGGTAGGCC-1,0.100152,0.899472,0.000108,0.000054,0.000108,0.000108
ACAAAGCATGACCTAG-1,0.469745,0.188317,0.084668,0.227936,0.028774,0.00056
ACAAATCGCACCGAAT-1,0.21583,0.031316,0.101495,0.103021,0.412118,0.136219
ACAAATGGTAGTGTTT-1,0.04787,0.128688,0.027692,0.094183,0.584349,0.117218
ACAAATTCAGATCTGA-1,0.371501,0.274336,0.032278,0.169671,0.031166,0.121048
ACAACAGCATGAGCTA-1,0.000028,0.288922,0.096462,0.000028,0.347831,0.266729
ACAACGGTCCCTGCGA-1,0.000046,0.498471,0.055221,0.000046,0.075849,0.370367
ACAAGCAGTGCCTAGC-1,0.030674,0.315015,0.095258,0.006325,0.142495,0.410233
ACAAGGAAATCCGCCC-1,0.214752,0.734092,0.000076,0.000038,0.020248,0.030794
ACAAGGACAAGAGGTT-1,0.000024,0.195778,0.248727,0.007958,0.395252,0.152262
ACAAGGATGCTTTAGG-1,0.29251,0.288011,0.335514,0.053288,0.010323,0.020354
ACAAGGCCTACCAGCC-1,0.156819,0.133355,0.565732,0.063227,0.053305,0.027562
ACAAGGGCAGGCTCTG-1,0.48311,0.229848,0.000048,0.040824,0.121925,0.124245
ACAATAGTCGTACGTT-1,0.000036,0.018578,0.115075,0.000036,0.283705,0.58257
ACAATCCATTTAAACC-1,0.000011,0.005847,0.223803,0.000011,0.70706,0.063268
ACAATCGATCTTTATA-1,0.263629,0.319779,0.079201,0.005619,0.034018,0.297754
ACAATGAATACGGAGA-1,0.05791,0.213648,0.155845,0.079652,0.252921,0.240024
ACAATGATTCTTCTAC-1,0.104194,0.313113,0.402844,0.085124,0.032272,0.062453
ACAATTGTGTCTCTTT-1,0.007993,0.212322,0.361078,0.034947,0.34109,0.042571
ACAATTTGAGCAGTGG-1,0.104049,0.140783,0.120406,0.004328,0.472556,0.157879
ACAATTTGGCCATATT-1,0.322302,0.108172,0.312354,0.224725,0.014413,0.018033
ACACAAAGACGGGTGG-1,0.001713,0.189604,0.117693,0.032445,0.513098,0.145447
ACACAAATATTCCTAG-1,0.085407,0.4909,0.364118,0.001496,0.003546,0.054535
ACACACCAGGACCAGT-1,0.127882,0.158565,0.18408,0.159781,0.317828,0.051865
ACACACTTTCTACACG-1,0.000062,0.676552,0.000125,0.168003,0.1003,0.054957
ACACATGATCAAATCT-1,0.000022,0.070665,0.139112,0.000022,0.346781,0.443398
ACACATTTCCGTAGAC-1,0.83009,0.003189,0.000225,0.087023,0.079247,0.000225
ACACCACATAATTAGC-1,0.058715,0.344652,0.480588,0.005177,0.043467,0.067402
ACACCCAGCATGCAGC-1,0.000035,0.277191,0.289326,0.000035,0.419736,0.013676
ACACCCGAGAAATCCG-1,0.039034,0.210876,0.139034,0.008042,0.349433,0.253581
ACACCCGTAAATCTGT-1,0.462237,0.196297,0.338271,0.000038,0.000076,0.00308
ACACCGGTCTGACCGC-1,0.000014,0.007726,0.252523,0.001851,0.418042,0.319843
ACACCTTAAGTAGGGC-1,0.009352,0.052407,0.222394,0.018241,0.489503,0.208102
ACACCTTACTACTTGC-1,0.33259,0.143944,0.379019,0.013126,0.053646,0.077674
ACACGAGACTCCTTCT-1,0.00003,0.577815,0.049226,0.007344,0.256109,0.109476
ACACGGCACTATGCAT-1,0.137831,0.467754,0.000341,0.000171,0.127192,0.266711
ACACGGGAACTTAGGG-1,0.000051,0.85427,0.000102,0.000051,0.072404,0.073121
ACACGTAGGCCACAAG-1,0.139589,0.337096,0.39308,0.017549,0.052544,0.060142
ACACTCCAATGTCACT-1,0.033673,0.785157,0.000135,0.01003,0.000135,0.17087
ACACTGATCAAGGTGT-1,0.006157,0.21043,0.064244,0.038153,0.599079,0.081937
ACACTGGGACAGTCGT-1,0.31115,0.016313,0.393111,0.243643,0.004101,0.031682
ACAGAACTGAGAACAA-1,0.225653,0.493573,0.05907,0.020727,0.026783,0.174194
ACAGATTAGGTTAGTG-1,0.000026,0.017253,0.290049,0.017436,0.46215,0.213085
ACAGCATAGAGCCAGT-1,0.031549,0.061784,0.096335,0.332867,0.385681,0.091783
ACAGCGACATTCTCAT-1,0.32644,0.008587,0.10844,0.423781,0.068895,0.063857
ACAGCGCACCCGCAGC-1,0.051122,0.827708,0.092709,0.000062,0.024913,0.003486
ACAGGCACGGATCCTT-1,0.768909,0.230814,0.000079,0.00004,0.000079,0.000079
ACAGGCTTGCCCGACT-1,0.058958,0.28922,0.236094,0.110743,0.270007,0.034978
ACAGGTGGAGGTGAGG-1,0.002101,0.278972,0.10549,0.003264,0.567334,0.042838
ACAGTAATACAACTTG-1,0.000025,0.174692,0.08028,0.000025,0.136725,0.608252
ACAGTATACCGTGGGA-1,0.285111,0.170778,0.280521,0.157515,0.065645,0.040431
ACAGTGCAGCGCATTT-1,0.093275,0.283255,0.544148,0.000026,0.044837,0.034459
ACATAAGTCGTGGTGA-1,0.000037,0.497395,0.00528,0.000037,0.002989,0.494263
ACATAATAAGGCGGTG-1,0.028809,0.140356,0.080424,0.238656,0.394502,0.117253
ACATACAATCAAGCGG-1,0.93111,0.002172,0.000066,0.066522,0.000066,0.000066
ACATCAGCTGGGACGC-1,0.066734,0.905683,0.00012,0.00006,0.00012,0.027284
ACATCCCGGCCATACG-1,0.068503,0.617018,0.000667,0.118144,0.114272,0.081397
ACATCCTGGTAACTGT-1,0.04417,0.350267,0.185968,0.038389,0.278302,0.102904
ACATCGATCGTTTACC-1,0.000048,0.924764,0.000097,0.012671,0.047741,0.014678
ACATCGGTCAGCCGCG-1,0.009225,0.215436,0.2061,0.018447,0.493836,0.056956
ACATCGTATGCAATGG-1,0.03213,0.743988,0.000072,0.031583,0.130607,0.06162
ACATCGTTAACCTAGT-1,0.000031,0.169512,0.163289,0.016625,0.580406,0.070137
ACATCTCAACGCGTAA-1,0.085752,0.133062,0.227018,0.088087,0.117157,0.348924
ACATGCTTACGGCAGC-1,0.162062,0.016834,0.702567,0.006309,0.00052,0.111708
ACATGGCGCCAAAGTA-1,0.031729,0.227549,0.19681,0.290169,0.174052,0.07969
ACATTAGTTTATATCC-1,0.057466,0.233635,0.061055,0.234557,0.180565,0.232722
ACATTCGCGCGGAATA-1,0.014534,0.006243,0.712871,0.100844,0.020112,0.145396
ACATTTGAAACCTAAC-1,0.408905,0.000075,0.590834,0.000037,0.000075,0.000075
ACCAAACACCCAGCGA-1,0.127765,0.098543,0.369605,0.233646,0.099553,0.070889
ACCAAACTAGAAATCC-1,0.015754,0.288441,0.250254,0.018901,0.120918,0.305732
ACCAACACCACACACT-1,0.05143,0.190534,0.393192,0.017936,0.215418,0.13149
ACCAACCGCACTCCAC-1,0.73799,0.027273,0.099411,0.086844,0.024893,0.02359
ACCAACGCTTATTTAT-1,0.053446,0.119127,0.158255,0.291227,0.296145,0.0818
ACCAAGAACGCGTGTC-1,0.028957,0.322984,0.017163,0.09362,0.133671,0.403604
ACCAAGTCATCGGCAG-1,0.180017,0.236007,0.437276,0.020966,0.027198,0.098537
ACCAATATGCAAGTTA-1,0.282142,0.395915,0.01853,0.116902,0.174097,0.012414
ACCACAACTCAGAACA-1,0.021712,0.313617,0.049956,0.14703,0.148477,0.319208
ACCACAAGTTTCTATC-1,0.000051,0.508415,0.008834,0.015412,0.149114,0.318174
ACCACACGGTTGATGG-1,0.847014,0.152551,0.000124,0.000062,0.000124,0.000124
ACCACCAATGTAACAA-1,0.066944,0.041291,0.385277,0.002152,0.393526,0.11081
ACCACCCTCTCTTCTA-1,0.059426,0.412175,0.451526,0.007632,0.000728,0.068513
ACCACGTGCAGCTATA-1,0.759453,0.171895,0.068003,0.00013,0.000259,0.000259
ACCAGACCATAACAAC-1,0.170089,0.731687,0.00011,0.000055,0.005553,0.092506
ACCAGCCCGGTCTTTG-1,0.000019,0.000038,0.33917,0.028172,0.486328,0.146274
ACCAGGAGTGTGATCT-1,0.017606,0.012751,0.174278,0.023565,0.476384,0.295416
ACCAGTGCCCGGTCAA-1,0.079815,0.068356,0.389836,0.03526,0.140263,0.28647
ACCAGTGCGGGAGACG-1,0.123181,0.168572,0.124646,0.059624,0.3941,0.129876
ACCATATCCGCAATAA-1,0.200256,0.127186,0.244361,0.028822,0.341705,0.05767
ACCATCCGCCAACTAG-1,0.000019,0.000038,0.076765,0.000019,0.296509,0.62665
ACCATCGTATATGGTA-1,0.112954,0.372312,0.000107,0.317079,0.197441,0.000107
ACCCAACGCCCGTGGC-1,0.000026,0.453087,0.060883,0.000583,0.370741,0.114681
ACCCACCTACATGCTC-1,0.049506,0.416197,0.079606,0.000046,0.07563,0.379015
ACCCATCTTGAGGGTA-1,0.000041,0.324776,0.065635,0.111683,0.224567,0.273298
ACCCATTTGTCCCTCT-1,0.268662,0.517237,0.106018,0.055838,0.004803,0.047441
ACCCGAGCGAAATTAC-1,0.004327,0.110157,0.132815,0.177554,0.513545,0.061602
ACCCGATTGGTTCCGA-1,0.118016,0.250352,0.261609,0.066763,0.209072,0.094188
ACCCGGAAACTCCCAG-1,0.440484,0.410176,0.000083,0.106975,0.038889,0.003393
ACCCGGAGCACCACAA-1,0.00258,0.129046,0.692245,0.002095,0.163739,0.010295
ACCCGGATGACGCATC-1,0.000022,0.129107,0.244151,0.001853,0.520201,0.104666
ACCCGGTTACACTTCC-1,0.017963,0.606664,0.056968,0.000036,0.281029,0.03734
ACCCGTAGCAGAGAAT-1,0.124981,0.339377,0.436249,0.00003,0.000061,0.099302
ACCCGTAGTCTAGTTG-1,0.166486,0.112014,0.653941,0.027742,0.010685,0.029131
ACCCGTGTCATCAGTA-1,0.013229,0.945331,0.00009,0.01596,0.00009,0.0253
ACCCTATGCCATATCG-1,0.013459,0.055413,0.109235,0.197213,0.554606,0.070074
ACCCTCCCGTCAGGGC-1,0.67549,0.10989,0.025547,0.171956,0.012588,0.004528
ACCCTCCCTTGCTATT-1,0.167957,0.614081,0.000067,0.048003,0.103206,0.066686
ACCCTGGTAACGCCCT-1,0.165043,0.345971,0.461311,0.000019,0.003643,0.024013
ACCCTTCATCTGCGAA-1,0.000017,0.000033,0.310158,0.000343,0.687603,0.001846
ACCCTTGCCTGGGTCG-1,0.007556,0.286884,0.466743,0.043689,0.043057,0.152071
ACCCTTTAGTTCTCCA-1,0.023648,0.00712,0.377193,0.088674,0.479014,0.024351
ACCGAAAGGGCCCTGC-1,0.002082,0.147326,0.147679,0.004208,0.192229,0.506476
ACCGAAGAGTCTGGTT-1,0.000063,0.807083,0.000126,0.000063,0.000126,0.192537
ACCGACACATCTCCCA-1,0.728966,0.270484,0.000157,0.000079,0.000157,0.000157
ACCGACTGAGTCCCAC-1,0.003719,0.305045,0.115582,0.024695,0.445524,0.105436
ACCGAGTCTCCTTATT-1,0.951056,0.000099,0.000099,0.048549,0.000099,0.000099
ACCGATAGGCATAACC-1,0.391835,0.299151,0.261837,0.027726,0.000049,0.019402
ACCGATATTTAATCAT-1,0.305301,0.20497,0.435423,0.002364,0.000056,0.051887
ACCGATGGTAGCATCG-1,0.029798,0.104525,0.117081,0.013138,0.608352,0.127106
ACCGCAATAACTGCCT-1,0.1886,0.085629,0.125858,0.151492,0.359283,0.089138
ACCGCGGTGGAAGTCG-1,0.253662,0.639805,0.00009,0.011124,0.045811,0.049508
ACCGCTAGTCATTGGT-1,0.297207,0.17704,0.360552,0.021404,0.000099,0.143697
ACCGGGCCTTTGTTGA-1,0.211919,0.192051,0.185619,0.123989,0.152381,0.134041
ACCGGTCAGGTACACC-1,0.000014,0.000028,0.228,0.000014,0.358503,0.413441
ACCGGTCTGAGTACGG-1,0.028732,0.163214,0.569735,0.005155,0.203016,0.030148
ACCGTCCACTGGGCCC-1,0.033649,0.099578,0.14184,0.111279,0.00631,0.607343
ACCGTTCCCGCTCTGA-1,0.040715,0.055788,0.315786,0.069071,0.244253,0.274387
ACCTAAGTACCTTTCA-1,0.057077,0.764546,0.00008,0.1164,0.019241,0.042657
ACCTAATCGACTTCCT-1,0.082795,0.852064,0.000143,0.000072,0.003891,0.061035
ACCTACAGTATGTGGT-1,0.277244,0.081139,0.42487,0.093036,0.081492,0.042219
ACCTACTATAAATCTA-1,0.209952,0.155804,0.0522,0.075889,0.292621,0.213535
ACCTCAGCGAGGCGCA-1,0.804235,0.143279,0.024907,0.009761,0.017759,0.000059
ACCTCCGCCCTCGCTG-1,0.148753,0.076029,0.620729,0.064351,0.041105,0.049033
ACCTCCGTTATTCACC-1,0.238614,0.123296,0.519901,0.038953,0.023983,0.055254
ACCTCGAACTTATGCT-1,0.000018,0.027919,0.3452,0.000018,0.184415,0.44243
ACCTGCGTGTCATGTT-1,0.067784,0.568633,0.098291,0.012831,0.030007,0.222454
ACCTTTCCTTTAGAAG-1,0.004733,0.597824,0.093333,0.000058,0.000117,0.303936
ACGAAATGGGCGGCAC-1,0.000028,0.003219,0.017798,0.000028,0.361919,0.617009
ACGACCCATGAGTTGC-1,0.156626,0.175346,0.427801,0.199096,0.00006,0.04107
ACGACTCTAGGGCCGA-1,0.609489,0.00535,0.208974,0.053625,0.059296,0.063265
ACGACTGGTCATACTC-1,0.059728,0.100716,0.144238,0.110604,0.525277,0.059437
ACGAGAACCCATCACG-1,0.000776,0.716302,0.009505,0.000034,0.000068,0.273315
ACGAGATATTTGCTTA-1,0.046315,0.512393,0.190096,0.004638,0.22747,0.019088
ACGAGGATACCACTCT-1,0.000021,0.020475,0.274244,0.000021,0.326956,0.378283
ACGAGGTTTACAACGT-1,0.000038,0.391872,0.029839,0.000038,0.101826,0.476387
ACGAGTACGGATGCCC-1,0.04553,0.348931,0.162655,0.049896,0.140218,0.252769
ACGATACATAGAACTA-1,0.000023,0.182522,0.159569,0.139882,0.370793,0.147213
ACGATCATACATAGAG-1,0.000037,0.368588,0.129324,0.000037,0.323543,0.17847
ACGATCATCTTGTAAA-1,0.095024,0.303548,0.258263,0.010831,0.237943,0.094391
ACGATGCATATGTTAT-1,0.000039,0.496258,0.116779,0.031332,0.316426,0.039166
ACGATGGATCCGATGC-1,0.000015,0.007666,0.182021,0.008121,0.799958,0.002219
ACGCAAACTAATAGAT-1,0.003092,0.417462,0.099121,0.028418,0.21959,0.232318
ACGCAATCACTACAGC-1,0.015792,0.661443,0.172047,0.026216,0.070019,0.054483
ACGCATAAATGACATG-1,0.178397,0.390834,0.387055,0.006499,0.020594,0.016622
ACGCATACGTTTACTA-1,0.34679,0.488422,0.045833,0.040277,0.058499,0.020179
ACGCATTCGTGAGTAC-1,0.000018,0.006686,0.155941,0.003759,0.790907,0.042688
ACGCCACTCGAAACAG-1,0.998758,0.000052,0.00106,0.000026,0.000052,0.000052
ACGCCAGATGATTTCT-1,0.042481,0.296927,0.11931,0.00004,0.512298,0.028943
ACGCCAGTGCGTTTGC-1,0.498494,0.010525,0.398865,0.05926,0.031557,0.001299
ACGCCCAGCTGTCGAT-1,0.183539,0.136417,0.094457,0.279053,0.137523,0.169012
ACGCCGCTAGACGACC-1,0.384493,0.00025,0.411762,0.000125,0.190471,0.012899
ACGCGAAGTCAGACGA-1,0.000023,0.304905,0.038206,0.005829,0.5159,0.135138
ACGCGCTACACAGGGT-1,0.083939,0.180338,0.000052,0.43049,0.18971,0.115472
ACGCGGGCCAAGGACA-1,0.002191,0.383071,0.000071,0.019734,0.230998,0.363935
ACGCTACTGAATGGGC-1,0.000891,0.000033,0.998995,0.000016,0.000033,0.000033
ACGCTAGTATCAGTGC-1,0.087476,0.065578,0.788621,0.003246,0.017825,0.037254
ACGCTAGTGATACACT-1,0.164729,0.111578,0.200977,0.166362,0.158931,0.197423
ACGCTGTGAGGCGTAG-1,0.00053,0.132613,0.089269,0.007073,0.104418,0.666097
ACGCTTAGTGTCTCTC-1,0.000015,0.000594,0.823725,0.020735,0.143556,0.011376
ACGGAACACGAGTGCC-1,0.969676,0.000071,0.030075,0.000035,0.000071,0.000071
ACGGAATTTAGCAAAT-1,0.00116,0.526447,0.063341,0.009976,0.108631,0.290446
ACGGACGCAGCGACAA-1,0.000186,0.000019,0.934169,0.00081,0.021931,0.042884
ACGGACTCTCAAAGCG-1,0.234167,0.210102,0.059827,0.067054,0.260895,0.167955
ACGGAGCGCAAATTAC-1,0.004084,0.456737,0.199943,0.003441,0.189244,0.14655
ACGGATGGTGCGGATA-1,0.191729,0.260054,0.273218,0.045418,0.098733,0.130848
ACGGCACTTGCTTGGG-1,0.126848,0.45993,0.039247,0.01159,0.255414,0.106971
ACGGCCAACATGGACT-1,0.039136,0.77142,0.000078,0.006919,0.085178,0.09727
ACGGCGACGATGGGAA-1,0.139421,0.161529,0.078057,0.005833,0.589227,0.025932
ACGGCTGGATGTAGAA-1,0.000018,0.008842,0.066177,0.000018,0.495699,0.429247
ACGGGAGTGTCGGCCC-1,0.000017,0.003977,0.137101,0.000017,0.699127,0.15976
ACGGGCGTATGCGACA-1,0.103348,0.34961,0.44839,0.007261,0.031921,0.059469
ACGGGTTGTGACCTGT-1,0.085265,0.074801,0.597519,0.000299,0.000046,0.242069
ACGGTACAGTTCAATG-1,0.246228,0.127782,0.510539,0.051578,0.063438,0.000436
ACGGTCACCGAGAACA-1,0.127172,0.574427,0.152074,0.000028,0.000055,0.146243
ACGTACAGATTTCTCT-1,0.0924,0.175318,0.025419,0.397552,0.1687,0.140612
ACGTACTTTGGCACGG-1,0.000022,0.042778,0.355492,0.001249,0.510384,0.090074
ACGTAGATTGCTGATG-1,0.000028,0.121589,0.350175,0.17128,0.286611,0.070317
ACGTAGGAGAGTCGCT-1,0.614366,0.303011,0.000226,0.042327,0.039844,0.000226
ACGTATTACTCCGATC-1,0.000039,0.596084,0.01104,0.000039,0.223938,0.16886
ACGTCCTAAACGAGAT-1,0.086937,0.610468,0.09813,0.014815,0.00011,0.189541
ACGTCGGGCAACTCGG-1,0.165343,0.830985,0.000143,0.000071,0.000143,0.003314
ACGTCTCGTTCCGGGA-1,0.062711,0.881813,0.000101,0.00005,0.000101,0.055223
ACGTGACAAAGTAAGT-1,0.223714,0.44584,0.000519,0.217815,0.000407,0.111706
ACGTGCGCCTCGTGCA-1,0.000075,0.662721,0.040976,0.000075,0.161032,0.135121
ACGTGGTCGAATGTGC-1,0.096973,0.425306,0.09203,0.038682,0.000118,0.34689
ACGTTAATGTCGAAGA-1,0.10798,0.542177,0.030243,0.000038,0.156014,0.16355
ACGTTAGATTTGCCCG-1,0.085017,0.315097,0.000106,0.123593,0.290311,0.185875
ACGTTCACTATGCCGC-1,0.025128,0.044784,0.558489,0.00002,0.307998,0.063581
ACGTTCCGCGCTCCGT-1,0.000013,0.000025,0.209101,0.000013,0.739801,0.051047
ACGTTCGCAATCAATT-1,0.131898,0.278557,0.470565,0.052071,0.033857,0.033052
ACGTTCGTTCAGGAAA-1,0.071098,0.313799,0.071204,0.013946,0.422193,0.10776
ACGTTCTGTACAAGTC-1,0.699621,0.000062,0.202724,0.080118,0.000526,0.016949
ACGTTGTCGTTGAAAG-1,0.18835,0.087749,0.479608,0.079738,0.104892,0.059662
ACGTTTAGTTGTGATC-1,0.000046,0.234352,0.044719,0.01023,0.597639,0.113014
ACGTTTCGGTGCACTT-1,0.154812,0.251943,0.573215,0.018572,0.00017,0.001288
ACTAAGGACGCACACC-1,0.087951,0.042272,0.494873,0.2216,0.102626,0.050678
ACTAATACGTCAGGCG-1,0.150549,0.720168,0.101584,0.000069,0.024934,0.002696
ACTACAAAGAGAGGTG-1,0.037118,0.22201,0.089239,0.040342,0.547247,0.064044
ACTACATCCCGACAAG-1,0.000047,0.675835,0.000093,0.000047,0.000093,0.323885
ACTACCAGCTCTCTGG-1,0.000015,0.00003,0.257989,0.000015,0.737396,0.004555
ACTACCATCCGAGGGC-1,0.03145,0.238936,0.591812,0.083261,0.003017,0.051525
ACTACGCGTTAGAATT-1,0.08387,0.232313,0.107387,0.042909,0.341842,0.191679
ACTAGTTGCGATCGTC-1,0.100294,0.743683,0.088682,0.00006,0.020537,0.046743
ACTATATGCTGTGTTC-1,0.095634,0.37285,0.279131,0.009638,0.132067,0.11068
ACTATCCAGGGCATGG-1,0.058203,0.022474,0.42171,0.1217,0.36356,0.012352
ACTATCTGCCCGCGTA-1,0.254218,0.388727,0.310777,0.004693,0.000039,0.041547
ACTATGTCCAGCTGCC-1,0.04257,0.211247,0.107663,0.117199,0.056656,0.464666
ACTATTCGTCCGTGGT-1,0.000035,0.157043,0.236839,0.000035,0.454995,0.151053
ACTATTTCCGGGCCCA-1,0.103578,0.506899,0.030285,0.060089,0.234161,0.064988
ACTCAACGAATGTATT-1,0.099324,0.756547,0.010711,0.000039,0.000079,0.1333
ACTCAAGTGCAAGGCT-1,0.161425,0.283158,0.127594,0.05089,0.205309,0.171623
ACTCAATAAAGGCACG-1,0.000038,0.578783,0.041231,0.007562,0.231869,0.140516
ACTCAGACCTGCTTCT-1,0.006279,0.003658,0.185326,0.106052,0.381423,0.317262
ACTCATGGCAGCCTTC-1,0.076709,0.17103,0.444748,0.012493,0.025909,0.269112
ACTCCAATATCATCAT-1,0.02177,0.16773,0.266204,0.048342,0.284788,0.211165
ACTCCCATTCCTAAAG-1,0.000023,0.04664,0.163509,0.00852,0.159541,0.621767
ACTCCCGAATTCGTTT-1,0.047117,0.337758,0.276159,0.007027,0.214028,0.117911
ACTCCCGTAGACTAGG-1,0.042496,0.279441,0.575663,0.005815,0.077629,0.018956
ACTCCCTAATGCTAAA-1,0.55285,0.314114,0.00009,0.028583,0.058445,0.045919
ACTCCCTAGAATAGTA-1,0.35187,0.492038,0.00006,0.100142,0.017011,0.038878
ACTCCGGCCGACCACT-1,0.98884,0.010965,0.000056,0.000028,0.000056,0.000056
ACTCGCCGTTCGATAA-1,0.178259,0.667606,0.107295,0.000031,0.000062,0.046748
ACTCGCGATCTGACGC-1,0.063676,0.628369,0.233996,0.038684,0.000185,0.035089
ACTCGTAACCCGTCCT-1,0.000023,0.0323,0.179818,0.000023,0.395512,0.392325
ACTCGTCAGTAATCCC-1,0.000026,0.287152,0.148195,0.000026,0.32669,0.237911
ACTCTCTGACTTAGGT-1,0.071308,0.699054,0.000106,0.117895,0.036767,0.07487
ACTCTCTTATACACGA-1,0.022582,0.503586,0.003913,0.180248,0.267342,0.02233
ACTCTGACCTAATAGA-1,0.783449,0.213087,0.000058,0.000499,0.000058,0.002849
ACTCTTCAGCTCCCGC-1,0.395898,0.403152,0.158445,0.010467,0.000073,0.031965
ACTCTTGTATAGTAAC-1,0.036081,0.089111,0.072287,0.076986,0.515613,0.209922
ACTGAAACGCCGTTAG-1,0.177234,0.337877,0.077093,0.062185,0.300203,0.045408
ACTGAATGGCGAAAGT-1,0.129067,0.430286,0.001273,0.053418,0.329363,0.056592
ACTGATTTAGTGATTC-1,0.144494,0.218219,0.370807,0.057191,0.120842,0.088448
ACTGCCCGCCATTCTC-1,0.018644,0.10636,0.411983,0.020426,0.278296,0.164291
ACTGCCGTCGTAACTC-1,0.037975,0.110524,0.025704,0.20012,0.526153,0.099524
ACTGCGGACACACCGT-1,0.162083,0.408533,0.340516,0.001013,0.000053,0.087802
ACTGCTCGGAAGGATG-1,0.00002,0.01747,0.130251,0.006164,0.289555,0.556541
ACTGGCGAACCTGCGT-1,0.069945,0.347363,0.39007,0.003836,0.000054,0.188732
ACTGGGATGCCAGTGC-1,0.210559,0.187617,0.190296,0.000052,0.319134,0.092343
ACTGTACGATACACAT-1,0.080707,0.122704,0.12443,0.148839,0.384333,0.138988
ACTGTAGCACTTTGGA-1,0.000032,0.209688,0.065919,0.109341,0.241502,0.373518
ACTGTATACGCGAGCA-1,0.000031,0.03484,0.051732,0.000031,0.257997,0.65537
ACTGTCCAGGATTATA-1,0.08897,0.06268,0.088073,0.094833,0.596908,0.068537
ACTGTCTTCTTTAGAA-1,0.000043,0.574185,0.001572,0.000043,0.187086,0.237072
ACTGTGCTAGTAGATC-1,0.000046,0.154233,0.033423,0.004125,0.15226,0.655913
ACTGTTTAGTGTAGGC-1,0.000058,0.434661,0.173177,0.000805,0.173724,0.217575
ACTTACCGGGCGCGCA-1,0.078874,0.235956,0.070302,0.028643,0.392091,0.194134
ACTTACGCATCCACGC-1,0.634204,0.131993,0.000103,0.233494,0.000103,0.000103
ACTTAGTACGACAAGA-1,0.000047,0.382721,0.030748,0.000047,0.074906,0.51153
ACTTATACTTACCCGG-1,0.109317,0.145213,0.017979,0.154256,0.434875,0.138361
ACTTATTAGGATCGGT-1,0.22438,0.485214,0.006774,0.025687,0.205386,0.052559
ACTTATTTATGTGCCA-1,0.214222,0.042954,0.159226,0.042685,0.427341,0.113573
ACTTCAGGCTGATCCC-1,0.071685,0.926919,0.000094,0.000047,0.000094,0.001162
ACTTCCAGTGGAAGCT-1,0.137904,0.861597,0.000142,0.000071,0.000142,0.000142
ACTTCCATGCGGGACA-1,0.786318,0.086824,0.00012,0.083369,0.032659,0.010711
ACTTCCTGTCGTGCGA-1,0.124953,0.187592,0.548299,0.004114,0.048449,0.086593
