Barcode,Topic 1,Topic 2,Topic 3to5,Topic 6,Topic 7to8,Topic 9,Topic 10,Topic 11,Topic 12to13
AAACAACGAATAGTTC-1,0.000008,0.000008,0.206987,0.001254,0.721047,0.051278,0.000008,0.000008,0.019401
AAACAAGTATCTCCCA-1,0.031409,0.070203,0.222233,0.365229,0.047036,0.02453,0.022129,0.077765,0.139466
AAACAATCTACTAGCA-1,0.000023,0.001472,0.816094,0.000023,0.000045,0.138889,0.000023,0.000023,0.04341
AAACACCAATAACTGC-1,0.000017,0.014605,0.345641,0.137091,0.240636,0.101906,0.000017,0.000864,0.159223
AAACAGAGCGACTCCT-1,0.362499,0.044599,0.121355,0.000024,0.003781,0.212362,0.201453,0.000024,0.053904
AAACAGCTTTCAGAAG-1,0.000031,0.147206,0.04951,0.000031,0.259209,0.000071,0.017525,0.075074,0.451344
AAACAGGGTCTATATT-1,0.000052,0.01615,0.000156,0.000052,0.112884,0.487955,0.025692,0.207966,0.149093
AAACAGTGTTCCTGGG-1,0.015365,0.055441,0.000095,0.000032,0.000064,0.788371,0.000032,0.140537,0.000064
AAACATGGTGAGAGGA-1,0.000035,0.109928,0.002522,0.050639,0.133025,0.09014,0.000035,0.613607,0.00007
AAACATTTCCCGGATT-1,0.000021,0.009408,0.334607,0.017788,0.268749,0.068515,0.001604,0.066877,0.232431
AAACCACTACACAGAT-1,0.99976,0.00002,0.00006,0.00002,0.00004,0.00002,0.00002,0.00002,0.00004
AAACCCGAACGAAATC-1,0.006542,0.031773,0.112442,0.3234,0.193305,0.07108,0.069109,0.185771,0.006577
AAACCGGAAATGTTAA-1,0.061897,0.03091,0.360602,0.170974,0.2407,0.000011,0.061038,0.043184,0.030684
AAACCGGGTAGGTACC-1,0.000037,0.034857,0.017957,0.000037,0.044102,0.001808,0.022071,0.108979,0.770153
AAACCGTTCGTCCAGG-1,0.000043,0.5183,0.00013,0.000043,0.000087,0.248139,0.065172,0.015215,0.15287
AAACCTAAGCAGCCGG-1,0.000011,0.030498,0.412512,0.0383,0.185489,0.028201,0.000011,0.000607,0.30437
AAACCTCATGAAGTTG-1,0.000087,0.000087,0.000262,0.000087,0.000175,0.639317,0.007872,0.140654,0.211459
AAACGAAGAACATACC-1,0.000024,0.022711,0.394513,0.048423,0.040948,0.009861,0.201645,0.068989,0.212887
AAACGAAGATGGAGTA-1,0.000052,0.000052,0.000156,0.008388,0.043695,0.141281,0.008929,0.797344,0.000104
AAACGACAGTCTTGCC-1,0.999744,0.000021,0.000064,0.000021,0.000043,0.000021,0.000021,0.000021,0.000043
AAACGAGACGGTTGAT-1,0.000008,0.000008,0.930306,0.000008,0.00381,0.040919,0.000008,0.000008,0.024924
AAACGCCCGAGATCGG-1,0.819949,0.00005,0.000149,0.00005,0.000099,0.00005,0.179505,0.00005,0.000099
AAACGCTGGGCACGAC-1,0.000027,0.041473,0.112871,0.005481,0.007243,0.10421,0.158413,0.542905,0.027377
AAACGGGCGTACGGGT-1,0.000037,0.661036,0.000112,0.000037,0.000074,0.026365,0.245196,0.019856,0.047287
AAACGGGTTGGTATCC-1,0.000013,0.034702,0.600249,0.000954,0.221432,0.007533,0.000444,0.008238,0.126435
AAACGGTTGCGAACTG-1,0.000016,0.065208,0.565304,0.000016,0.194676,0.032597,0.000016,0.000919,0.141247
AAACGTGTTCGCCCTA-1,0.793021,0.096505,0.000078,0.000026,0.000052,0.107426,0.002815,0.000026,0.000052
AAACTAACGTGGCGAC-1,0.735485,0.078138,0.093274,0.000043,0.074444,0.000043,0.018443,0.000043,0.000086
AAACTCGGTTCGCAAT-1,0.000017,0.046647,0.473152,0.004748,0.193694,0.023258,0.000017,0.008292,0.250175
AAACTCGTGATATAAG-1,0.15336,0.000037,0.000111,0.000037,0.081404,0.29319,0.460821,0.006904,0.004135
AAACTGCTGGCTCCAA-1,0.000012,0.06827,0.471237,0.051979,0.043203,0.001739,0.000012,0.000012,0.363537
AAACTTAATTGCACGC-1,0.005518,0.05841,0.000128,0.054978,0.271239,0.068996,0.017231,0.518638,0.004862
AAACTTGCAAACGTAT-1,0.000066,0.695908,0.000197,0.000066,0.000131,0.161727,0.141709,0.000066,0.000131
AAAGAATGACCTTAGA-1,0.000014,0.000014,0.491911,0.002957,0.48345,0.000014,0.000014,0.021599,0.000028
AAAGAATGTGGACTAA-1,0.000031,0.000031,0.000881,0.078453,0.084822,0.088512,0.054855,0.532526,0.159889
AAAGACATGAAGTTTA-1,0.423728,0.002384,0.08598,0.000033,0.098707,0.07565,0.301068,0.001919,0.010532
AAAGACCCAAGTCGCG-1,0.068531,0.030856,0.196596,0.006272,0.000068,0.013492,0.176521,0.166853,0.340812
AAAGACTGGGCGCTTT-1,0.000045,0.010406,0.095025,0.044327,0.000091,0.334699,0.005039,0.023826,0.486542
AAAGCTTGCCTACATA-1,0.841892,0.157907,0.000055,0.000018,0.000036,0.000018,0.000018,0.000018,0.000036
AAAGGCCCTATAATAC-1,0.000022,0.338583,0.014054,0.000022,0.415461,0.011933,0.000022,0.104013,0.115889
AAAGGCTACGGACCAT-1,0.00527,0.000029,0.277907,0.20912,0.042359,0.067377,0.006772,0.158695,0.232469
AAAGGCTCTCGCGCCG-1,0.000041,0.103211,0.188662,0.008252,0.177749,0.048239,0.021885,0.1586,0.293361
AAAGGGATGTAGCAAG-1,0.000044,0.000044,0.029127,0.000044,0.000089,0.257003,0.044754,0.24348,0.425414
AAAGGGCAGCTTGAAT-1,0.00006,0.10507,0.000179,0.00006,0.000119,0.00006,0.106884,0.336466,0.451103
AAAGGTAAGCTGTACC-1,0.707373,0.048223,0.000157,0.000052,0.083646,0.051003,0.10939,0.000052,0.000104
AAAGGTCAACGACATG-1,0.789738,0.002668,0.000085,0.000028,0.000057,0.143825,0.056052,0.007491,0.000057
AAAGTAGCATTGCTCA-1,0.000069,0.019831,0.000207,0.000069,0.000138,0.591155,0.241794,0.1466,0.000138
AAAGTCACTGATGTAA-1,0.044655,0.000027,0.485488,0.154347,0.075368,0.000027,0.027693,0.049137,0.163259
AAAGTCGACCCTCAGT-1,0.000132,0.000132,0.027627,0.000132,0.000263,0.484991,0.121039,0.14047,0.225216
AAAGTGCCATCAATTA-1,0.005026,0.004282,0.284579,0.265879,0.299759,0.000011,0.032637,0.087395,0.020432
AAAGTGTGATTTATCT-1,0.02012,0.017797,0.224287,0.046581,0.156421,0.015388,0.023293,0.25347,0.242644
AAAGTTGACTCCCGTA-1,0.000011,0.134674,0.733921,0.007143,0.003159,0.000011,0.025355,0.010411,0.085316
AAATAACCATACGGGA-1,0.000733,0.020043,0.429018,0.001443,0.187843,0.011973,0.132052,0.007864,0.209031
AAATAAGGTAGTGCCC-1,0.060254,0.023151,0.224568,0.012968,0.39949,0.0177,0.145664,0.045557,0.070648
AAATACCTATAAGCAT-1,0.000019,0.075999,0.313538,0.009155,0.292586,0.000019,0.022047,0.072521,0.214116
AAATAGCTTAGACTTT-1,0.069313,0.14503,0.358012,0.086109,0.288001,0.002326,0.013697,0.001664,0.035848
AAATAGGGTGCTATTG-1,0.000045,0.000045,0.001045,0.000045,0.000091,0.080412,0.053978,0.401821,0.462517
AAATCACTCCTAAACG-1,0.948024,0.000027,0.000081,0.000027,0.000054,0.000871,0.050836,0.000027,0.000054
AAATCCGATACACGCC-1,0.003651,0.00188,0.156905,0.000029,0.103551,0.032191,0.081615,0.269016,0.351163
AAATCGCGGAAGGAGT-1,0.000037,0.435019,0.032893,0.000057,0.167874,0.145452,0.000037,0.218559,0.000073
AAATCGTGTACCACAA-1,0.000019,0.025919,0.332876,0.000019,0.130042,0.000019,0.00274,0.014342,0.494026
AAATCTAGCCCTGCTA-1,0.000039,0.009928,0.178225,0.005458,0.057668,0.000039,0.002228,0.665222,0.081193
AAATCTGCCCGCGTCC-1,0.051922,0.343773,0.222055,0.123803,0.257457,0.000015,0.000015,0.00093,0.00003
AAATGACTGATCAAAC-1,0.000013,0.056785,0.093223,0.00079,0.441263,0.000013,0.000013,0.00079,0.407109
AAATGATTCGATCAGC-1,0.423844,0.000052,0.000155,0.000052,0.000103,0.332777,0.242864,0.000052,0.000103
AAATGCTCGTTACGTT-1,0.000042,0.080337,0.156596,0.000042,0.0814,0.000064,0.02706,0.221015,0.433444
AAATGGCATGTCTTGT-1,0.038605,0.000022,0.412814,0.066143,0.113646,0.004454,0.129183,0.035556,0.199576
AAATGGCCCGTGCCCT-1,0.080106,0.037248,0.284873,0.065883,0.000095,0.443599,0.000048,0.000048,0.088101
AAATGGTCAATGTGCC-1,0.000045,0.000045,0.029434,0.000045,0.00009,0.466648,0.001948,0.007071,0.494675
AAATGTATCTTATCCC-1,0.000057,0.084062,0.000172,0.000057,0.361816,0.544783,0.000057,0.00888,0.000115
AAATGTGGGTGCTCCT-1,0.00059,0.000008,0.813154,0.019263,0.032865,0.003063,0.017376,0.028544,0.085137
AAATTAACGGGTAGCT-1,0.000053,0.000053,0.000158,0.000053,0.000105,0.371653,0.016138,0.096658,0.515131
AAATTAATAAGCGCGA-1,0.000066,0.000066,0.000199,0.01532,0.000133,0.729338,0.030652,0.20108,0.023146
AAATTACACGACTCTG-1,0.000025,0.000025,0.261282,0.000025,0.055639,0.02786,0.166202,0.212092,0.276849
AAATTACCTATCGATG-1,0.001266,0.005299,0.474966,0.01407,0.310818,0.000014,0.092056,0.02257,0.078942
AAATTCCAGGTCCAAA-1,0.051952,0.147104,0.043599,0.029875,0.178219,0.11467,0.261073,0.151295,0.022214
AAATTGATAGTCCTTT-1,0.000067,0.210164,0.000202,0.000067,0.000135,0.368356,0.273296,0.147577,0.000135
AAATTGCGGCGGTTCT-1,0.000017,0.062722,0.438413,0.002904,0.29713,0.007579,0.000169,0.007538,0.183529
AAATTGGTGAGAAGCA-1,0.868707,0.119814,0.000076,0.000025,0.000051,0.011225,0.000025,0.000025,0.000051
AAATTTACCGAAATCC-1,0.034209,0.000016,0.196043,0.000268,0.43446,0.001166,0.26742,0.019614,0.046804
AAATTTGCGGGTGTGG-1,0.000023,0.000023,0.172235,0.000023,0.215741,0.003642,0.00818,0.077646,0.522488
AACAACTGGTAGTTGC-1,0.000017,0.00737,0.833188,0.000017,0.022102,0.040633,0.000017,0.000017,0.096637
AACAATACATTGTCGA-1,0.000038,0.067357,0.092626,0.029344,0.014604,0.672994,0.000038,0.000038,0.122962
AACAATTACTCTACGC-1,0.000034,0.13044,0.224347,0.000034,0.157389,0.000034,0.006161,0.052199,0.429362
AACACACGCTCGCCGC-1,0.006048,0.000635,0.7004,0.004855,0.129729,0.097766,0.00001,0.000748,0.05981
AACACGACTGTACTGA-1,0.021419,0.005942,0.735756,0.003069,0.123071,0.07166,0.018559,0.000011,0.020515
AACACGAGACGCGGCC-1,0.004349,0.557166,0.000161,0.000054,0.000108,0.340201,0.074009,0.000054,0.0239
AACACGCGGCCGCGAA-1,0.000007,0.012504,0.929581,0.000197,0.04879,0.000007,0.000007,0.000007,0.008901
AACAGCTGTGTGGCAA-1,0.000062,0.340933,0.000187,0.000062,0.000124,0.406121,0.117238,0.135149,0.000124
AACAGGAAATCGAATA-1,0.00003,0.00003,0.12735,0.061761,0.010224,0.278339,0.24583,0.080372,0.196064
AACAGGATGGGCCGCG-1,0.000034,0.037615,0.194109,0.000034,0.092642,0.000034,0.022509,0.113744,0.53928
AACAGGTAGTATGGAT-1,0.001069,0.010589,0.123815,0.544766,0.190286,0.016171,0.054763,0.03235,0.026192
AACATAGCGTGTATCG-1,0.00001,0.06024,0.378779,0.027641,0.395426,0.00001,0.00001,0.000507,0.137376
AACATATCAACTGGTG-1,0.000024,0.000024,0.452694,0.000024,0.022665,0.030294,0.245097,0.065667,0.18351
AACATCGATACGTCTA-1,0.69344,0.017989,0.134852,0.000027,0.145118,0.000027,0.008463,0.000027,0.000057
AACATTGAAGTTGATC-1,0.000933,0.021893,0.045989,0.329059,0.216572,0.130656,0.000028,0.207419,0.047452
AACATTGGTCAGCCGT-1,0.000045,0.000045,0.07133,0.000045,0.2464,0.215097,0.000931,0.091755,0.374352
AACATTGTGACTCGAG-1,0.000028,0.000028,0.297205,0.000028,0.051372,0.21819,0.007671,0.048344,0.377135
AACCAAGACTTCTCTG-1,0.00003,0.010409,0.256189,0.00003,0.181971,0.00554,0.00003,0.066406,0.479394
AACCAGTATCACTCTT-1,0.448692,0.000037,0.081995,0.000037,0.036976,0.288859,0.100965,0.000037,0.042401
AACCATAGGGTTGAAC-1,0.036204,0.135531,0.000123,0.000363,0.128091,0.052975,0.000041,0.64659,0.000082
AACCATGGGATCGCTA-1,0.000017,0.04198,0.68766,0.000017,0.102999,0.000017,0.000017,0.017436,0.149859
AACCCAGAGACGGAGA-1,0.000017,0.0458,0.65017,0.017457,0.056906,0.000017,0.000017,0.057907,0.171707
AACCCATCCCATGATC-1,0.000047,0.001017,0.000142,0.000064,0.116321,0.203768,0.000047,0.449572,0.229021
AACCCGACAACCCGTG-1,0.076163,0.03658,0.000163,0.000054,0.000109,0.862036,0.000054,0.02473,0.000109
AACCCGAGCAGAATCG-1,0.076777,0.023886,0.444671,0.211852,0.098567,0.002051,0.008842,0.082785,0.050569
AACCCGATAGGGCTTC-1,0.945209,0.000036,0.000107,0.000036,0.000072,0.000036,0.054397,0.000036,0.000072
AACCCGCTGTATTCCA-1,0.000014,0.035976,0.145681,0.010025,0.360175,0.000014,0.000014,0.005381,0.442722
AACCCTACTGTCAATA-1,0.016607,0.072596,0.507846,0.089156,0.073329,0.11596,0.008169,0.010461,0.105875
AACCCTGGTGGAACCA-1,0.00081,0.000307,0.559626,0.055631,0.154763,0.000013,0.111426,0.044093,0.07333
AACCGAGCTTGGTCAT-1,0.000064,0.000064,0.035435,0.000064,0.000128,0.005544,0.173585,0.384759,0.400358
AACCGCTAAGGGATGC-1,0.000036,0.034218,0.198357,0.000036,0.000072,0.013586,0.07154,0.315285,0.366871
AACCGTTGTGTTTGCT-1,0.000011,0.000011,0.825708,0.025061,0.043518,0.000011,0.02339,0.002543,0.079746
AACCTAAAGCCGTCCG-1,0.056229,0.000011,0.439131,0.000787,0.249118,0.142115,0.057155,0.004362,0.051092
AACCTCGCTTTAGCCC-1,0.041755,0.015565,0.062767,0.000031,0.266807,0.309002,0.000031,0.060694,0.243348
AACCTGTCACGGAATT-1,0.415062,0.02199,0.007247,0.015873,0.195262,0.209717,0.02102,0.113331,0.000499
AACCTTTAAATACGGT-1,0.000017,0.000017,0.396328,0.003445,0.287969,0.113378,0.000017,0.011354,0.187475
AACCTTTACGACGTCT-1,0.019133,0.000064,0.066565,0.000064,0.139492,0.033759,0.533978,0.031552,0.175393
AACGAAAGTCGTCCCA-1,0.000031,0.257523,0.006875,0.295391,0.17913,0.123475,0.000031,0.066017,0.071527
AACGACCTCCTAGCCG-1,0.000011,0.173973,0.444202,0.032095,0.225589,0.000282,0.012243,0.059558,0.052048
AACGATAATGCCGTAG-1,0.000024,0.040223,0.175996,0.03346,0.005594,0.028544,0.028459,0.172825,0.514876
AACGATAGAAGGGCCG-1,0.00003,0.00003,0.327044,0.065744,0.046155,0.06569,0.04401,0.044637,0.40666
AACGATATGTCAACTG-1,0.061985,0.005697,0.588769,0.117793,0.051146,0.003599,0.014183,0.000151,0.156678
AACGCATGATCTGGGT-1,0.23737,0.000039,0.000117,0.000039,0.018678,0.058683,0.589867,0.003336,0.091872
AACGCGAACGGCAACA-1,0.000028,0.037331,0.149541,0.077361,0.007298,0.371523,0.003843,0.002841,0.350233
AACGCGACCTTGGGCG-1,0.000042,0.000042,0.01265,0.000042,0.013782,0.000042,0.021324,0.334032,0.618046
AACGCGGTCTCCAGCC-1,0.022148,0.014134,0.178886,0.051097,0.059683,0.174335,0.076724,0.1061,0.316893
AACGCTGTTGCTGAAA-1,0.000017,0.005234,0.636705,0.049253,0.158909,0.032217,0.000017,0.007059,0.110588
AACGGACGTACGTATA-1,0.000014,0.073465,0.689675,0.129388,0.05748,0.000014,0.000014,0.02695,0.022999
AACGGCCATCTCCGGT-1,0.000025,0.000025,0.133438,0.016722,0.08531,0.000025,0.00169,0.176028,0.586739
AACGTACTGTGGGTAC-1,0.000034,0.004436,0.11605,0.000034,0.172046,0.018549,0.001493,0.107546,0.579812
AACGTAGTCTACCCAT-1,0.089411,0.134804,0.286124,0.016422,0.026066,0.019548,0.174423,0.029644,0.223557
AACGTCAGACTAGTGG-1,0.000017,0.061609,0.65059,0.030186,0.073831,0.098394,0.000017,0.000017,0.08534
AACGTCATCCGGCTTG-1,0.000032,0.013299,0.000096,0.000032,0.000064,0.624858,0.003273,0.293544,0.064802
AACGTCGCTGCACTTC-1,0.048713,0.002154,0.054503,0.111116,0.24353,0.12894,0.033064,0.232608,0.145372
AACGTGATGAAGGACA-1,0.000019,0.000019,0.583087,0.000195,0.098188,0.217963,0.024346,0.000019,0.076166
AACGTGCGAAAGTCTC-1,0.030463,0.000023,0.513305,0.000023,0.064716,0.043778,0.028045,0.055109,0.264537
AACGTTATCAGCACCT-1,0.000103,0.000086,0.000257,0.000086,0.000171,0.775444,0.054297,0.064529,0.105028
AACGTTCTACCATTGT-1,0.000023,0.003282,0.136448,0.214501,0.182288,0.002959,0.068917,0.390482,0.001101
AACTACCCGTTTGTCA-1,0.000025,0.021935,0.095174,0.297102,0.063811,0.092413,0.10547,0.320997,0.003073
AACTAGCGTATCGCAC-1,0.000054,0.000054,0.013596,0.031545,0.000109,0.000054,0.342654,0.368299,0.243635
AACTAGGCTTGGGTGT-1,0.00004,0.003074,0.323227,0.001248,0.103207,0.107285,0.00004,0.193354,0.268525
AACTCAAGTTAATTGC-1,0.000027,0.097068,0.183046,0.000603,0.030087,0.189865,0.000027,0.008386,0.490892
AACTCCAGAGCGTGTT-1,0.000027,0.058703,0.208894,0.021312,0.17666,0.069772,0.027601,0.077099,0.359932
AACTCCTAATCCCATG-1,0.135502,0.000022,0.075216,0.000022,0.279781,0.006123,0.238432,0.03112,0.233783
AACTCGATAAACACGT-1,0.000045,0.000045,0.000134,0.000045,0.117023,0.396809,0.002926,0.306433,0.176542
AACTCGATGGCGCAGT-1,0.13568,0.129473,0.233419,0.000029,0.050906,0.038003,0.000029,0.000029,0.412432
AACTCTCAATAGAGCG-1,0.02316,0.000025,0.433531,0.111241,0.024049,0.050779,0.130556,0.028092,0.198565
AACTCTCAGTGTGCTC-1,0.000033,0.000033,0.151245,0.038958,0.035749,0.001265,0.007322,0.17687,0.588524
AACTGAGGTCAGCGTC-1,0.801301,0.000095,0.000285,0.000095,0.00019,0.035833,0.161918,0.000095,0.00019
AACTGAGTTATACTGA-1,0.001157,0.251814,0.202416,0.131291,0.220679,0.031845,0.105496,0.038195,0.017105
AACTGATATTAGGCCT-1,0.000029,0.018275,0.507638,0.058077,0.027473,0.158465,0.016563,0.028288,0.185191
AACTGGGTCCCGACGT-1,0.00004,0.00004,0.240077,0.090204,0.015629,0.154493,0.064901,0.07641,0.358205
AACTGGGTTCGAGCCG-1,0.000032,0.000032,0.165471,0.001037,0.058773,0.344054,0.383525,0.009227,0.037849
AACTGGTGTGGGCCTT-1,0.005756,0.000017,0.622191,0.011382,0.001875,0.013379,0.04202,0.043685,0.259696
AACTTCTGCGTCTATC-1,0.000028,0.12239,0.467437,0.145044,0.001377,0.107174,0.000028,0.000028,0.156493
AACTTGCCCGTATGCA-1,0.000035,0.002074,0.346556,0.000035,0.110507,0.014458,0.000035,0.00114,0.525162
AACTTGCGTTCTCGCG-1,0.000022,0.04174,0.412341,0.000022,0.218991,0.000022,0.000022,0.002593,0.324246
AACTTTACGGGAGCTT-1,0.000059,0.006696,0.118507,0.23595,0.165742,0.386306,0.000059,0.000059,0.086624
AACTTTAGCTGCTGAG-1,0.036077,0.000042,0.287381,0.030147,0.000084,0.000059,0.103645,0.298504,0.24406
AACTTTCTCGATCATG-1,0.721569,0.069423,0.029255,0.003756,0.07088,0.006638,0.05974,0.001549,0.03719
AAGAAAGTTTGATGGG-1,0.071784,0.000053,0.073998,0.165078,0.075347,0.000032,0.008688,0.598595,0.006424
AAGAAATCACCAGATT-1,0.999644,0.00003,0.000089,0.00003,0.000059,0.00003,0.00003,0.00003,0.000059
AAGAAGGATCAGTTAG-1,0.000052,0.002915,0.07844,0.000052,0.014757,0.031902,0.004285,0.323348,0.54425
AAGACATACGTGGTTT-1,0.000008,0.001826,0.559645,0.022204,0.337485,0.000008,0.000008,0.015763,0.063053
AAGACCAAATAACTCA-1,0.00002,0.041785,0.00755,0.074859,0.614876,0.033231,0.00002,0.201696,0.025963
AAGACCCAACTGAACA-1,0.096495,0.00563,0.266172,0.055433,0.076326,0.138227,0.000022,0.009851,0.351844
AAGACTAACCCGTTGT-1,0.000029,0.000029,0.283945,0.000029,0.064434,0.000029,0.028615,0.113452,0.509439
AAGACTCACGCCCACT-1,0.387487,0.000028,0.055027,0.026798,0.195955,0.002055,0.275823,0.024452,0.032375
AAGACTGCAAGCTACT-1,0.038319,0.08669,0.253648,0.001573,0.015246,0.210268,0.005465,0.002143,0.386648
AAGAGATGAATCGGTA-1,0.000036,0.00956,0.322981,0.000036,0.118796,0.000036,0.000036,0.234812,0.313707
AAGAGCTCTTTATCGG-1,0.000047,0.000047,0.085741,0.017686,0.000093,0.001247,0.125681,0.153544,0.615915
AAGAGGATGTACGCGA-1,0.000023,0.007624,0.475525,0.03137,0.000045,0.000023,0.000023,0.000625,0.484743
AAGAGGCATGGATCGC-1,0.000013,0.000013,0.886741,0.000013,0.000026,0.000013,0.00268,0.006142,0.104361
AAGAGGCCCTTTGGAA-1,0.000026,0.033426,0.268697,0.065178,0.080533,0.000026,0.010513,0.470708,0.070894
AAGATGGCACCGGACC-1,0.029989,0.000829,0.131067,0.080159,0.000084,0.33442,0.021146,0.016579,0.385727
AAGATTGGCGGAACGT-1,0.000007,0.000007,0.948896,0.000163,0.026149,0.000007,0.011791,0.000007,0.012972
AAGCACCCTGCGTATC-1,0.00002,0.095011,0.560623,0.001532,0.211307,0.00002,0.00002,0.001246,0.130222
AAGCATACTCTCCTGA-1,0.027065,0.003147,0.602208,0.001556,0.27714,0.003701,0.000012,0.000012,0.085158
AAGCCACTTGCAGGTA-1,0.01295,0.000039,0.000117,0.000039,0.02109,0.027346,0.003899,0.683351,0.25117
AAGCCGAAGCGGTTTA-1,0.092447,0.018333,0.252559,0.2493,0.190001,0.000024,0.058915,0.123104,0.015318
AAGCCGCCGTGAAATC-1,0.011595,0.122172,0.000088,0.000029,0.137445,0.22323,0.004786,0.276346,0.224308
AAGCCGCTTTACCTTG-1,0.861653,0.000019,0.042634,0.002976,0.072555,0.000019,0.000019,0.000019,0.020104
AAGCCGGAGAGCAGGA-1,0.000011,0.04392,0.377528,0.35881,0.17566,0.000833,0.002415,0.007992,0.032831
AAGCGCAGGGCTTTGA-1,0.000045,0.000045,0.011046,0.000045,0.000091,0.123309,0.029679,0.480376,0.355363
AAGCGGAGTGCGCGCA-1,0.971786,0.000026,0.000077,0.000026,0.000051,0.027932,0.000026,0.000026,0.000051
AAGCGGCGTCATGGGT-1,0.088483,0.000056,0.000169,0.000056,0.000113,0.326494,0.58446,0.000056,0.000113
AAGCGTCCCTCATCGA-1,0.0001,0.078179,0.0003,0.0001,0.0002,0.782603,0.11534,0.0001,0.023077
AAGCTAGATCGAGTAA-1,0.020106,0.058248,0.665215,0.000011,0.232968,0.000011,0.000011,0.000011,0.023419
AAGCTATGGATTGACC-1,0.000025,0.000025,0.389371,0.081076,0.00005,0.000025,0.070815,0.449464,0.009148
AAGCTCGTGCCAAGTC-1,0.000013,0.000013,0.890482,0.000013,0.010821,0.019745,0.000013,0.001593,0.077308
AAGCTCTTTCATGGTG-1,0.000022,0.128812,0.464588,0.031402,0.224931,0.023175,0.000022,0.006831,0.120218
AAGGAGAACTTATAAG-1,0.058501,0.00002,0.458555,0.098036,0.104249,0.055596,0.102899,0.022304,0.099841
AAGGAGCGGTTGGTGC-1,0.000051,0.020394,0.035421,0.259612,0.010179,0.107813,0.000171,0.088443,0.477916
AAGGATCGATCGCTTG-1,0.016533,0.003099,0.540705,0.037712,0.397231,0.000009,0.000619,0.000009,0.004082
AAGGATGAGGGACCTC-1,0.084667,0.01615,0.670059,0.000019,0.032834,0.029451,0.044777,0.001195,0.120848
AAGGCAGGCTGTCTCC-1,0.005062,0.114482,0.062606,0.063551,0.637998,0.000471,0.005062,0.10748,0.003287
AAGGCGCGTAAAGCTT-1,0.00003,0.115698,0.126372,0.030542,0.163932,0.00003,0.022997,0.056087,0.484313
AAGGCTGTGCTCATCG-1,0.000054,0.068001,0.100666,0.000054,0.02052,0.068432,0.140548,0.147073,0.454652
AAGGGAACGACTGGCT-1,0.038038,0.004497,0.225399,0.00704,0.629785,0.014187,0.000011,0.000011,0.081031
AAGGGACAGATTCTGT-1,0.032767,0.012514,0.26013,0.000036,0.000071,0.351541,0.275315,0.005216,0.062409
AAGGGACTATGCATTC-1,0.061156,0.060569,0.000162,0.000054,0.000108,0.829192,0.00288,0.02503,0.02085
AAGGGTTAGCCATGCG-1,0.000006,0.00454,0.784623,0.005144,0.202056,0.000006,0.000006,0.000006,0.003611
AAGGGTTTGATTTCAG-1,0.000051,0.044088,0.000152,0.000051,0.346767,0.190647,0.000051,0.418093,0.000101
AAGGTATCCTAATATA-1,0.000035,0.000035,0.329418,0.047464,0.01964,0.124644,0.250233,0.033736,0.194795
AAGGTGATAAACCAGC-1,0.000039,0.47562,0.15282,0.000039,0.000079,0.090987,0.079983,0.007204,0.193228
AAGTAAGCTTCCAAAC-1,0.000007,0.000007,0.903434,0.000762,0.001275,0.000007,0.020181,0.007817,0.066508
AAGTAGAAGACCGGGT-1,0.000014,0.033589,0.644318,0.065055,0.082175,0.005733,0.000014,0.00769,0.161411
AAGTAGTGACGCGAGG-1,0.000027,0.050555,0.351136,0.000027,0.06701,0.193948,0.000027,0.000138,0.337132
AAGTCAATTGTCGTCA-1,0.000019,0.095421,0.225899,0.215784,0.244807,0.000356,0.024319,0.059547,0.133848
AAGTCTAGTAGCTGCC-1,0.354838,0.046276,0.005688,0.000015,0.59311,0.000015,0.000015,0.000015,0.000029
AAGTCTTCTGTGGCCT-1,0.000056,0.116825,0.000167,0.215355,0.305111,0.006209,0.000056,0.23379,0.12243
AAGTGACGACCGAATT-1,0.000019,0.059295,0.351517,0.000019,0.29269,0.000019,0.000019,0.000019,0.296403
AAGTGAGTCGGGTTTA-1,0.000022,0.002957,0.392316,0.00348,0.256422,0.000022,0.000022,0.042167,0.302591
AAGTGCAAAGGTAGAC-1,0.000101,0.08269,0.000304,0.000101,0.000202,0.33476,0.303045,0.129664,0.149132
AAGTGCCTTGACTGTA-1,0.000021,0.000021,0.390542,0.250752,0.080745,0.005999,0.144555,0.085997,0.041369
AAGTGCGTTAGAATCT-1,0.00009,0.091169,0.000271,0.00009,0.000181,0.63317,0.019279,0.228158,0.02759
AAGTGCTTCTCTATTG-1,0.000044,0.000044,0.000131,0.000044,0.005989,0.651441,0.000044,0.342176,0.000088
AAGTGTTTGGAGACGG-1,0.000048,0.000048,0.000144,0.000048,0.000096,0.133734,0.089868,0.397644,0.378369
AAGTTCACTCCAAGCT-1,0.000065,0.063757,0.000195,0.009212,0.005142,0.26604,0.14468,0.182656,0.328253
AAGTTCAGTCTGCGTA-1,0.261831,0.008597,0.152891,0.000024,0.137078,0.029863,0.167908,0.007388,0.234419
AAGTTCGGCCAACAGG-1,0.000048,0.02987,0.000143,0.000048,0.005198,0.051274,0.002792,0.375643,0.534985
AAGTTGTGATGTTATA-1,0.000041,0.000041,0.089683,0.112097,0.01134,0.04821,0.035835,0.58844,0.114313
AAGTTTACTAATGGCA-1,0.000028,0.000028,0.323094,0.001387,0.036224,0.009446,0.202591,0.089162,0.338041
AAGTTTATGGGCCCAA-1,0.000017,0.02778,0.460762,0.008679,0.307149,0.008507,0.000017,0.014125,0.172966
AATAACAACGCTCGGC-1,0.000014,0.016049,0.540751,0.003546,0.178421,0.000014,0.000014,0.000014,0.261177
AATAACACTAGAACAA-1,0.000022,0.187566,0.173695,0.041469,0.169425,0.198146,0.000022,0.000022,0.229633
AATAACGTCGCGCCCA-1,0.000022,0.020777,0.109096,0.026275,0.419463,0.008842,0.037751,0.297923,0.079851
AATAAGTCCTCGAGAC-1,0.000025,0.000025,0.428674,0.023489,0.035933,0.025138,0.321901,0.090853,0.073963
AATAATCTTCGTATCG-1,0.0417,0.03432,0.436444,0.320207,0.165882,0.000006,0.000006,0.000006,0.001427
AATACAATGTTTCAGG-1,0.000018,0.087204,0.235045,0.005525,0.248851,0.000018,0.000018,0.003552,0.419768
AATACCGGAGGGCTGT-1,0.031859,0.0735,0.000099,0.000033,0.000066,0.894312,0.000033,0.000033,0.000066
AATACCTGATGTGAAC-1,0.000018,0.038247,0.124205,0.026165,0.646303,0.072533,0.000496,0.028252,0.06378
AATAGAACAGAGTGGC-1,0.000019,0.074165,0.457393,0.002958,0.044512,0.054166,0.000019,0.00082,0.365948
AATAGAATCTGTTTCA-1,0.000025,0.139062,0.322624,0.171411,0.001387,0.04491,0.003252,0.043719,0.273611
AATAGCAAGCCTCCTG-1,0.37281,0.067431,0.074742,0.127205,0.348008,0.009704,0.000025,0.000025,0.00005
AATAGCTACCGCGTGC-1,0.236383,0.072915,0.20363,0.000017,0.482836,0.000017,0.000017,0.000017,0.004169
AATAGGCACGACCCTT-1,0.075232,0.00438,0.142971,0.074534,0.385082,0.063009,0.000018,0.024064,0.230708
AATAGTCCGTCCCGAC-1,0.000035,0.014751,0.09829,0.007979,0.00171,0.001104,0.001411,0.202709,0.672011
AATAGTCGCGAGTCGG-1,0.102443,0.145178,0.000337,0.000112,0.000225,0.437616,0.039816,0.214175,0.060097
AATATCAAGGTCGGAT-1,0.000064,0.045502,0.000193,0.000064,0.000129,0.003476,0.306861,0.195478,0.448233
AATATCCTAGCAAACT-1,0.000033,0.710442,0.056244,0.000033,0.113969,0.000033,0.000033,0.103135,0.01608
AATATCGAATCAATGC-1,0.039492,0.143731,0.091039,0.4763,0.218923,0.000015,0.00629,0.017563,0.006646
AATATCGAGGGTTCTC-1,0.000036,0.000036,0.066512,0.003725,0.018211,0.178573,0.092767,0.231469,0.40867
AATATTGGAGTATTGA-1,0.00004,0.055547,0.034814,0.00004,0.138912,0.008161,0.00004,0.033656,0.72879
AATCAGACTGCAGGAC-1,0.000022,0.014618,0.394055,0.000022,0.125479,0.023607,0.000022,0.063944,0.378229
AATCAGGTTTCATTTA-1,0.000019,0.180239,0.004534,0.015135,0.620399,0.002263,0.000019,0.054058,0.123334
AATCATGTAAAGACTC-1,0.000015,0.000015,0.726275,0.005258,0.097366,0.160517,0.000015,0.000568,0.00997
AATCCAAGGGCCTGAG-1,0.046924,0.101031,0.194592,0.004946,0.0001,0.083887,0.126133,0.086012,0.356375
AATCCATGCAAGGGTG-1,0.000038,0.009738,0.060055,0.008626,0.000076,0.49578,0.070359,0.107527,0.247802
AATCCCGCTCAGAGCC-1,0.00004,0.00004,0.000119,0.00004,0.017329,0.614767,0.04843,0.255899,0.063338
AATCGAGGTCTCAAGG-1,0.014619,0.057676,0.579224,0.027077,0.241824,0.0245,0.000008,0.000008,0.055065
AATCGCCTCAGCGCCA-1,0.000025,0.000025,0.460091,0.059543,0.009073,0.122715,0.007586,0.066186,0.274757
AATCGCGCAGAGGACT-1,0.012054,0.000032,0.044152,0.019241,0.029882,0.044184,0.257376,0.592777,0.000302
AATCGGGACACTACGA-1,0.000034,0.000034,0.521532,0.018023,0.016038,0.000439,0.138467,0.203478,0.101955
AATCGGTATAGCCCTC-1,0.000047,0.011377,0.000141,0.000047,0.066984,0.123005,0.015387,0.486436,0.296576
AATCGTGAGCCGAGCA-1,0.000044,0.021875,0.306964,0.009538,0.030105,0.249746,0.000044,0.22181,0.159873
AATCTAGGTTTACTTG-1,0.000031,0.048862,0.012482,0.021198,0.352448,0.057713,0.014611,0.114003,0.378652
AATCTATGCCGGAGCC-1,0.156891,0.000033,0.12425,0.004325,0.186224,0.090534,0.263222,0.068639,0.105882
AATCTCTACTGTGGTT-1,0.00012,0.00012,0.000359,0.00012,0.00024,0.464339,0.122969,0.410108,0.001626
AATCTGCGTTGGGACG-1,0.000018,0.005178,0.528213,0.073401,0.105981,0.018548,0.076078,0.030482,0.1621
AATCTGGCTTTCTAGT-1,0.000021,0.274664,0.000064,0.023243,0.339245,0.000146,0.004082,0.137965,0.220569
AATCTGGGTAGACCCT-1,0.316083,0.000031,0.139237,0.000031,0.151636,0.134346,0.208658,0.000031,0.049949
AATGACAGCAATGTCT-1,0.000038,0.000038,0.000607,0.000038,0.018356,0.283639,0.000038,0.053438,0.643809
AATGACGTAGGATGTC-1,0.000034,0.070622,0.171698,0.073863,0.0309,0.000034,0.018804,0.18468,0.449364
AATGACTGTCAGCCGG-1,0.000039,0.000039,0.119435,0.000039,0.112326,0.000039,0.047174,0.234694,0.486216
AATGAGTTCGCATATG-1,0.000025,0.097598,0.418823,0.001565,0.123365,0.199622,0.000025,0.000025,0.158951
AATGATGATACGCTAT-1,0.028608,0.000014,0.515419,0.007213,0.203369,0.02218,0.081246,0.011073,0.130879
AATGATGCGACTCCTG-1,0.000018,0.004583,0.525793,0.002041,0.277007,0.008543,0.08795,0.016451,0.077613
AATGCAACCGGGTACC-1,0.000046,0.000046,0.000276,0.000046,0.000091,0.050899,0.127014,0.229231,0.592351
AATGCACCAAGCAATG-1,0.130993,0.000022,0.089215,0.000022,0.093585,0.257678,0.275557,0.036989,0.115938
AATGGCCGCCAATGCG-1,0.858554,0.000041,0.000122,0.000041,0.000081,0.000041,0.136887,0.004155,0.000081
AATGGTCCACCGTTCA-1,0.048745,0.000065,0.039693,0.098264,0.000129,0.437701,0.010194,0.005086,0.360124
AATGGTTCTCACAAGC-1,0.000042,0.146802,0.043171,0.000042,0.001112,0.356023,0.035958,0.000042,0.416809
AATGTATGGCACTGTA-1,0.000012,0.489612,0.252977,0.000456,0.256881,0.000012,0.000012,0.000012,0.000025
AATGTGCCCGAGGTGT-1,0.080133,0.304527,0.046651,0.00007,0.000139,0.494469,0.003603,0.07027,0.000139
AATGTGCTAATCTGAG-1,0.00004,0.074614,0.00012,0.000709,0.050299,0.740424,0.003637,0.103818,0.026339
AATGTTAAGACCCTGA-1,0.000019,0.075015,0.214676,0.023339,0.249252,0.225073,0.000325,0.055702,0.1566
AATGTTGTCGTGAGAC-1,0.000011,0.010831,0.742104,0.003407,0.217825,0.000011,0.000011,0.00352,0.022281
AATTAAAGGTCGGCGT-1,0.000033,0.133299,0.346179,0.002324,0.059268,0.000033,0.000033,0.053672,0.405157
AATTAACGGATTTCCA-1,0.000029,0.000029,0.250613,0.000029,0.156367,0.083019,0.00725,0.041508,0.461158
AATTACGAGACCCATC-1,0.000032,0.292925,0.101181,0.051075,0.391328,0.116847,0.000032,0.046514,0.000065
AATTACTCGTACGCTC-1,0.000093,0.000093,0.00028,0.009635,0.000186,0.548565,0.108473,0.288536,0.044139
AATTAGCGCTGCAGCG-1,0.011631,0.001384,0.389689,0.000856,0.249088,0.000026,0.006801,0.072064,0.268461
AATTATACCCAGCAAG-1,0.000027,0.000027,0.038486,0.018765,0.105977,0.060508,0.01276,0.453393,0.310056
AATTCATAAGGGATCT-1,0.000031,0.02769,0.202426,0.036236,0.095317,0.0725,0.18834,0.123012,0.254447
AATTCATTGTCATGCA-1,0.000022,0.192408,0.059374,0.197862,0.541231,0.000022,0.000022,0.000677,0.008382
AATTCCAACTTGGTGA-1,0.000024,0.00707,0.256521,0.046494,0.473021,0.035343,0.000024,0.001553,0.179951
AATTCCAAGCATGTAC-1,0.038898,0.000051,0.000154,0.000051,0.037632,0.175125,0.010182,0.325031,0.412876
AATTCGATTCGAGGAT-1,0.106338,0.027303,0.588849,0.003798,0.099377,0.017697,0.00002,0.00002,0.156597
AATTCTAGAGTTAGGC-1,0.000045,0.000045,0.108748,0.002341,0.193207,0.000045,0.075918,0.158401,0.46125
AATTGAACGCTCTGGT-1,0.000024,0.029759,0.476591,0.020261,0.123465,0.005037,0.004393,0.183672,0.156798
AATTGCAGCAATCGAC-1,0.012973,0.000022,0.125458,0.169592,0.102338,0.091224,0.011173,0.060594,0.426625
AATTGCGTGGATTACA-1,0.000039,0.093145,0.000118,0.013364,0.434712,0.029846,0.000039,0.428657,0.000079
AATTGTGGTTGCCAAA-1,0.024151,0.000014,0.439098,0.013224,0.156361,0.009107,0.004007,0.34076,0.013278
AATTTGGGACATAGTA-1,0.123701,0.000028,0.220735,0.000028,0.011373,0.384289,0.165277,0.000028,0.09454
AATTTGGTTCCAAAGA-1,0.013894,0.089791,0.675191,0.003044,0.086073,0.000015,0.047026,0.000209,0.084758
ACAAACCATGCGTCCT-1,0.00002,0.00002,0.105481,0.02424,0.741375,0.108451,0.00002,0.020355,0.000039
ACAAACCGACAAGGCG-1,0.080627,0.000011,0.242337,0.000245,0.348446,0.084986,0.127549,0.011437,0.104361
ACAAACTCCATCAGAG-1,0.000011,0.093881,0.057925,0.020118,0.432489,0.013701,0.000011,0.000838,0.381027
ACAAAGAAGGTAGGCC-1,0.000043,0.050665,0.031771,0.175292,0.081002,0.068665,0.000043,0.490707,0.101811
ACAAAGCATGACCTAG-1,0.000026,0.020233,0.193988,0.022684,0.078994,0.078668,0.094323,0.2108,0.300283
ACAAATCGCACCGAAT-1,0.000014,0.01113,0.493293,0.000419,0.319693,0.058877,0.000014,0.010329,0.106232
ACAAATGGTAGTGTTT-1,0.000037,0.000037,0.163752,0.000037,0.021768,0.268291,0.021964,0.172047,0.352068
ACAAATTCAGATCTGA-1,0.658207,0.023129,0.000124,0.000041,0.000083,0.274851,0.043439,0.000041,0.000083
ACAACAGCATGAGCTA-1,0.000035,0.031485,0.244655,0.059995,0.020556,0.000035,0.053061,0.209311,0.380868
ACAACGGTCCCTGCGA-1,0.000012,0.000012,0.736157,0.01555,0.139794,0.000012,0.000012,0.000012,0.108439
ACAAGCAGTGCCTAGC-1,0.000029,0.072282,0.131919,0.093265,0.016314,0.082187,0.002626,0.009493,0.591885
ACAAGCTATATGGAAG-1,0.000039,0.162037,0.000116,0.001103,0.551987,0.033835,0.000039,0.249841,0.001004
ACAAGGAAATCCGCCC-1,0.00785,0.011881,0.415853,0.010169,0.261117,0.166429,0.00002,0.00002,0.126662
ACAAGGACAAGAGGTT-1,0.000063,0.133068,0.230449,0.000063,0.076096,0.034647,0.000063,0.256868,0.268684
ACAAGGATGCTTTAGG-1,0.000036,0.000036,0.079722,0.000036,0.038781,0.145773,0.037157,0.304737,0.393722
ACAAGGCCTACCAGCC-1,0.87946,0.054798,0.060042,0.000035,0.00007,0.000035,0.000035,0.000035,0.00549
ACAAGGGCAGGCTCTG-1,0.000022,0.000022,0.351386,0.106146,0.100973,0.000022,0.029708,0.07498,0.336741
ACAAGTAATTGTAAGG-1,0.012248,0.000021,0.195929,0.141674,0.075958,0.001988,0.046822,0.484628,0.040733
ACAATAGTCGTACGTT-1,0.000136,0.007703,0.000408,0.000136,0.000272,0.534005,0.243404,0.208618,0.005318
ACAATCCATTTAAACC-1,0.100605,0.075768,0.091366,0.004707,0.032879,0.000035,0.190381,0.028308,0.475953
ACAATCGATCTTTATA-1,0.005895,0.000014,0.457466,0.192891,0.002377,0.105179,0.084746,0.058815,0.092617
ACAATGAATACGGAGA-1,0.021258,0.643617,0.080027,0.000052,0.000104,0.17737,0.077416,0.000052,0.000104
ACAATGATTCTTCTAC-1,0.711162,0.000079,0.000237,0.000079,0.000158,0.000079,0.287967,0.000079,0.000158
ACAATTGTGTCTCTTT-1,0.000061,0.235515,0.05559,0.000061,0.000121,0.045843,0.169546,0.382793,0.110471
ACAATTTAGGAGGCTC-1,0.000059,0.000587,0.194962,0.108654,0.000117,0.690594,0.000059,0.000059,0.00491
ACAATTTGAGCAGTGG-1,0.03322,0.001201,0.600681,0.102123,0.059548,0.040481,0.00001,0.00001,0.162725
ACAATTTGGCCATATT-1,0.131635,0.013257,0.060249,0.033702,0.634912,0.112585,0.000603,0.013039,0.00002
ACACAAAGACGGGTGG-1,0.000018,0.000018,0.704642,0.000018,0.012468,0.007463,0.000153,0.107119,0.168099
ACACAAATATTCCTAG-1,0.906609,0.02756,0.001921,0.000021,0.000041,0.063765,0.000021,0.000021,0.000041
ACACACCAGGACCAGT-1,0.00002,0.004964,0.658838,0.075957,0.052418,0.005418,0.000089,0.039232,0.163063
ACACACTTTCTACACG-1,0.039029,0.041395,0.193202,0.136247,0.076938,0.003319,0.152275,0.07447,0.283126
ACACATGATCAAATCT-1,0.000022,0.000022,0.117526,0.016244,0.48883,0.14281,0.001272,0.066257,0.167016
ACACATTGACGCAACA-1,0.000052,0.042463,0.000156,0.008749,0.060701,0.600442,0.000052,0.287281,0.000104
ACACATTTCCGTAGAC-1,0.000037,0.024028,0.029435,0.002071,0.000074,0.033867,0.039389,0.139014,0.732086
ACACCACATAATTAGC-1,0.229261,0.103016,0.04775,0.025839,0.396759,0.174917,0.003279,0.019147,0.000032
ACACCCAGCATGCAGC-1,0.006109,0.005376,0.511056,0.049204,0.016777,0.146227,0.000029,0.021835,0.243389
ACACCCGAGAAATCCG-1,0.000025,0.000025,0.41816,0.014039,0.184127,0.04885,0.000025,0.026547,0.308202
ACACCCGTAAATCTGT-1,0.971634,0.00003,0.000091,0.00003,0.000061,0.00003,0.028031,0.00003,0.000061
ACACCGAGCGCTCTTT-1,0.023677,0.056942,0.000439,0.000146,0.000292,0.825575,0.039723,0.052914,0.000292
ACACCGGTCTGACCGC-1,0.000013,0.019846,0.164842,0.000013,0.813939,0.000013,0.000013,0.000013,0.00131
ACACCTTAAGTAGGGC-1,0.000025,0.022275,0.364083,0.026735,0.19386,0.000054,0.057583,0.023108,0.312277
ACACCTTACTACTTGC-1,0.000015,0.029618,0.455649,0.188594,0.241194,0.000015,0.005079,0.063425,0.016411
ACACGAGACTCCTTCT-1,0.000015,0.000015,0.776871,0.002062,0.001916,0.011598,0.027596,0.028035,0.151892
ACACGGCACTATGCAT-1,0.000029,0.000029,0.400853,0.005315,0.03162,0.000029,0.300737,0.14787,0.113519
ACACGGGAACTTAGGG-1,0.052283,0.000045,0.245725,0.027353,0.000089,0.065362,0.190149,0.174722,0.244271
ACACGTAGGCCACAAG-1,0.000013,0.000013,0.667461,0.055198,0.106625,0.000015,0.005609,0.091882,0.073184
ACACTCCAATGTCACT-1,0.191153,0.017569,0.0002,0.032679,0.091991,0.016471,0.031658,0.053936,0.564344
ACACTGATCAAGGTGT-1,0.011242,0.032139,0.090435,0.051878,0.000069,0.087555,0.009815,0.007788,0.709077
ACACTGGGACAGTCGT-1,0.000005,0.043733,0.913412,0.006435,0.028647,0.000005,0.000005,0.000005,0.007753
ACAGAACTGAGAACAA-1,0.134382,0.643108,0.000134,0.000045,0.000089,0.222064,0.000045,0.000045,0.000089
ACAGATTAGGTTAGTG-1,0.000025,0.003294,0.528823,0.229696,0.020096,0.002441,0.034664,0.017526,0.163435
ACAGCATAGAGCCAGT-1,0.000017,0.051767,0.603872,0.161529,0.093049,0.000017,0.000017,0.000017,0.089714
ACAGCGACATTCTCAT-1,0.000029,0.000029,0.480902,0.024452,0.070947,0.000029,0.04235,0.124392,0.256872
ACAGCGCACCCGCAGC-1,0.038635,0.051423,0.498019,0.02269,0.223876,0.023926,0.02762,0.000863,0.112948
ACAGGAGGCGCAGCCG-1,0.000044,0.095254,0.000131,0.001285,0.042187,0.151315,0.000044,0.709645,0.000096
ACAGGCACGGATCCTT-1,0.000018,0.000018,0.513078,0.01249,0.060592,0.019224,0.020621,0.07354,0.30042
ACAGGCTTGCCCGACT-1,0.000024,0.000024,0.474829,0.000024,0.07797,0.007037,0.000024,0.232855,0.207212
ACAGGTGGAGGTGAGG-1,0.000021,0.025659,0.167752,0.079037,0.000042,0.007946,0.000021,0.052157,0.667366
ACAGGTGTGTTGTTGC-1,0.000054,0.037053,0.007914,0.203455,0.224712,0.190983,0.000054,0.335666,0.000109
ACAGTAATACAACTTG-1,0.000052,0.059264,0.116685,0.09535,0.000104,0.4589,0.000052,0.000052,0.269541
ACAGTATACCGTGGGA-1,0.740661,0.121794,0.00009,0.00003,0.00006,0.137244,0.00003,0.00003,0.00006
ACAGTGCAGCGCATTT-1,0.698178,0.000042,0.000125,0.000042,0.000083,0.01635,0.187615,0.097483,0.000083
ACATAAGTCGTGGTGA-1,0.00004,0.214807,0.075078,0.10907,0.097212,0.13303,0.006808,0.156763,0.207192
ACATAATAAGGCGGTG-1,0.000032,0.051602,0.27771,0.010921,0.00336,0.080783,0.000032,0.239969,0.33559
ACATACAATCAAGCGG-1,0.006095,0.000016,0.203661,0.080516,0.527615,0.042261,0.003722,0.046001,0.090113
ACATCAGCTGGGACGC-1,0.000139,0.044123,0.000416,0.000139,0.000277,0.526108,0.132508,0.159374,0.136917
ACATCCCGGCCATACG-1,0.000058,0.001785,0.270464,0.000058,0.000115,0.144217,0.000058,0.30636,0.276886
ACATCCTGGTAACTGT-1,0.000036,0.000036,0.113331,0.441347,0.032622,0.000036,0.131226,0.230361,0.051006
ACATCGATCGTTTACC-1,0.000025,0.000025,0.695752,0.000025,0.065742,0.133256,0.000025,0.000025,0.105125
ACATCGCAATATTCGG-1,0.000023,0.000023,0.140812,0.010825,0.255922,0.020932,0.03021,0.443081,0.098171
ACATCGGTCAGCCGCG-1,0.000041,0.037006,0.00906,0.000041,0.000082,0.07562,0.053349,0.096686,0.728115
ACATCGTATGCAATGG-1,0.000018,0.000018,0.682525,0.001369,0.063219,0.012723,0.000018,0.061403,0.17871
ACATCGTTAACCTAGT-1,0.010875,0.084261,0.640315,0.000015,0.080553,0.113473,0.014747,0.000015,0.055745
ACATCTCAACGCGTAA-1,0.000028,0.000028,0.113488,0.00104,0.012851,0.110758,0.353364,0.163547,0.244897
ACATGCTTACGGCAGC-1,0.000014,0.000014,0.405184,0.031658,0.50085,0.000014,0.000014,0.03129,0.030964
ACATGGCGCCAAAGTA-1,0.043624,0.048011,0.210337,0.079492,0.142324,0.065828,0.284861,0.072086,0.053438
ACATGGCTCAATTTAG-1,0.000067,0.000067,0.02634,0.000067,0.110769,0.137311,0.000067,0.201819,0.523491
ACATTAGTTTATATCC-1,0.000046,0.03021,0.164066,0.199739,0.002786,0.179029,0.000046,0.078699,0.34538
ACATTCGCGCGGAATA-1,0.027362,0.000016,0.052883,0.257012,0.502922,0.087633,0.000016,0.056592,0.015562
ACATTTGAAACCTAAC-1,0.008693,0.249134,0.002175,0.00004,0.082928,0.23893,0.005951,0.369153,0.042996
ACCAAACACCCAGCGA-1,0.311803,0.000014,0.327938,0.000014,0.359891,0.000014,0.000014,0.000014,0.000297
ACCAAACTAGAAATCC-1,0.035252,0.005884,0.084655,0.089804,0.077888,0.193144,0.395837,0.050214,0.067321
ACCAACACCACACACT-1,0.438989,0.22224,0.000125,0.000042,0.000084,0.086994,0.2491,0.002343,0.000084
ACCAACCGCACTCCAC-1,0.034274,0.112643,0.42457,0.038778,0.340419,0.00034,0.000016,0.006438,0.042521
ACCAACGCTTATTTAT-1,0.000058,0.000058,0.000173,0.000058,0.000115,0.034518,0.042382,0.349168,0.573472
ACCAAGAACGCGTGTC-1,0.000022,0.000022,0.707512,0.014553,0.079364,0.000022,0.000022,0.07443,0.124054
ACCAAGTCATCGGCAG-1,0.042485,0.094126,0.239592,0.016826,0.318057,0.025375,0.022207,0.098227,0.143105
ACCAATATGCAAGTTA-1,0.000007,0.000007,0.737166,0.001666,0.200067,0.000007,0.000007,0.000216,0.060858
ACCACAACTCAGAACA-1,0.000014,0.010482,0.340706,0.134096,0.171964,0.057406,0.110986,0.02293,0.151416
ACCACAAGTTTCTATC-1,0.017956,0.104388,0.169895,0.01409,0.064728,0.116081,0.016633,0.001217,0.495014
ACCACACGGTTGATGG-1,0.000024,0.028487,0.084686,0.012288,0.176486,0.045275,0.013521,0.144024,0.49521
ACCACCAATGTAACAA-1,0.000025,0.000025,0.246081,0.150557,0.031139,0.026441,0.232505,0.219575,0.093651
ACCACCCTCTCTTCTA-1,0.671233,0.000038,0.000114,0.000038,0.000076,0.000038,0.318117,0.010272,0.000076
ACCACGTGCAGCTATA-1,0.000036,0.040704,0.259785,0.000036,0.065861,0.282996,0.024319,0.027212,0.29905
ACCACTGTTCAAGAAG-1,0.000052,0.0973,0.000155,0.000052,0.000103,0.902131,0.000052,0.000052,0.000103
ACCAGACCATAACAAC-1,0.000021,0.738182,0.00772,0.000021,0.141076,0.018721,0.0087,0.016525,0.069033
ACCAGCCCGGTCTTTG-1,0.084797,0.00003,0.195545,0.004886,0.009128,0.300035,0.232663,0.00003,0.172886
ACCAGGAGTGTGATCT-1,0.004513,0.000012,0.743696,0.011851,0.144122,0.000012,0.065573,0.000012,0.03021
ACCAGTGCCCGGTCAA-1,0.455916,0.034591,0.000208,0.000069,0.000139,0.207617,0.301253,0.000069,0.000139
ACCAGTGCGGGAGACG-1,0.000016,0.037439,0.717983,0.143049,0.064534,0.000016,0.000016,0.000208,0.03674
ACCATATCCGCAATAA-1,0.000033,0.018926,0.133915,0.000033,0.026382,0.296548,0.050305,0.000967,0.472891
ACCATCCGCCAACTAG-1,0.000075,0.000075,0.000226,0.000075,0.000151,0.36033,0.255308,0.134463,0.249295
