Barcode,Topic 1,Topic 2,Topic 3,Topic 4,Topic 5,Topic 6to7,Topic 8,Topic 9,Topic 10,Topic 11
AAACAACGAATAGTTC-1,0.316234,0.000103,0.132821,0.000103,0.040552,0.007381,0.0289,0.098871,0.026627,0.348409
AAACAAGTATCTCCCA-1,0.055035,0.096829,0.00858,0.297557,0.131846,0.326939,0.011404,0.023416,0.026928,0.021465
AAACAATCTACTAGCA-1,0.915851,0.0717,0.000157,0.000157,0.000157,0.000315,0.000157,0.000157,0.000157,0.011191
AAACACCAATAACTGC-1,0.004197,0.101382,0.003759,0.172083,0.001392,0.006721,0.614483,0.002605,0.092105,0.001274
AAACAGAGCGACTCCT-1,0.214711,0.676445,0.000031,0.000031,0.003022,0.075056,0.000031,0.005324,0.000031,0.025318
AAACAGCTTTCAGAAG-1,0.430527,0.000205,0.56763,0.000205,0.000205,0.00041,0.000205,0.000205,0.000205,0.000205
AAACAGGGTCTATATT-1,0.764895,0.000034,0.000034,0.002071,0.000034,0.232799,0.000034,0.000034,0.000034,0.000034
AAACAGTGTTCCTGGG-1,0.316053,0.211048,0.040058,0.006674,0.029107,0.39697,0.000023,0.000023,0.000023,0.000023
AAACATGGTGAGAGGA-1,0.392601,0.127749,0.000105,0.004034,0.00002,0.00004,0.00002,0.00002,0.474008,0.001405
AAACATTTCCCGGATT-1,0.016153,0.132242,0.012718,0.066228,0.395509,0.240341,0.070093,0.033663,0.008471,0.024581
AAACCACTACACAGAT-1,0.008996,0.110991,0.028612,0.471786,0.01689,0.062191,0.077276,0.038873,0.117775,0.066612
AAACCCGAACGAAATC-1,0.018242,0.025163,0.268493,0.142055,0.279791,0.126945,0.075727,0.006588,0.042035,0.014961
AAACCGGAAATGTTAA-1,0.150357,0.25229,0.000016,0.117623,0.012278,0.332973,0.004043,0.037899,0.089349,0.003172
AAACCGGGTAGGTACC-1,0.00235,0.579941,0.000044,0.000044,0.053077,0.125348,0.056669,0.11443,0.000044,0.068053
AAACCGTTCGTCCAGG-1,0.010954,0.046958,0.078652,0.029604,0.023023,0.436884,0.022594,0.336676,0.000011,0.014644
AAACCTAAGCAGCCGG-1,0.09267,0.021732,0.075215,0.321667,0.020486,0.207389,0.066557,0.012237,0.170181,0.011868
AAACCTCATGAAGTTG-1,0.362815,0.636443,0.000082,0.000082,0.000082,0.000165,0.000082,0.000082,0.000082,0.000082
AAACGAAGAACATACC-1,0.097898,0.512564,0.086008,0.000072,0.000072,0.000145,0.005963,0.000072,0.221384,0.075822
AAACGAAGATGGAGTA-1,0.956045,0.000045,0.000045,0.000045,0.000045,0.00009,0.000045,0.000045,0.013562,0.030032
AAACGACAGTCTTGCC-1,0.00001,0.027643,0.074883,0.373757,0.001667,0.001313,0.349812,0.010282,0.125582,0.035051
AAACGAGACGGTTGAT-1,0.096659,0.012137,0.022223,0.006283,0.192468,0.037009,0.020316,0.058871,0.304955,0.249081
AAACGCCCGAGATCGG-1,0.036923,0.035245,0.035546,0.185496,0.009654,0.06448,0.440043,0.040655,0.143504,0.008454
AAACGCTGGGCACGAC-1,0.175798,0.294323,0.000016,0.012217,0.00217,0.513192,0.000016,0.000016,0.002237,0.000016
AAACGGGCGTACGGGT-1,0.078254,0.004143,0.313728,0.154584,0.018339,0.060639,0.221407,0.023737,0.117385,0.007785
AAACGGGTTGGTATCC-1,0.998608,0.000139,0.000139,0.000139,0.000139,0.000278,0.000139,0.000139,0.000139,0.000139
AAACGGTTGCGAACTG-1,0.145272,0.159392,0.139693,0.057591,0.049755,0.309948,0.051159,0.008889,0.05115,0.027152
AAACGTGTTCGCCCTA-1,0.065362,0.160653,0.368037,0.2687,0.009585,0.115316,0.000647,0.002341,0.0078,0.001559
AAACTAACGTGGCGAC-1,0.015175,0.041832,0.084902,0.239885,0.009327,0.036956,0.297456,0.149862,0.109211,0.015394
AAACTCGGTTCGCAAT-1,0.139206,0.037775,0.178198,0.237703,0.00946,0.249461,0.133777,0.007732,0.006019,0.000668
AAACTCGTGATATAAG-1,0.074796,0.125652,0.142132,0.098824,0.194675,0.0784,0.038947,0.012941,0.119842,0.113793
AAACTGCTGGCTCCAA-1,0.000027,0.003874,0.159866,0.001657,0.156941,0.152895,0.127907,0.115807,0.00649,0.274537
AAACTTAATTGCACGC-1,0.671222,0.318747,0.000048,0.000048,0.000048,0.000096,0.000048,0.000048,0.009647,0.000048
AAACTTGCAAACGTAT-1,0.035497,0.046288,0.049968,0.000013,0.000186,0.000025,0.128814,0.004396,0.618768,0.116045
AAAGAATGACCTTAGA-1,0.359367,0.616029,0.000038,0.022863,0.000038,0.001515,0.000038,0.000038,0.000038,0.000038
AAAGAATGTGGACTAA-1,0.148525,0.089627,0.254426,0.095505,0.089955,0.303728,0.005015,0.00001,0.013199,0.00001
AAAGACATGAAGTTTA-1,0.0065,0.086868,0.000019,0.000019,0.029017,0.005954,0.388901,0.02511,0.149239,0.308373
AAAGACCCAAGTCGCG-1,0.890987,0.000121,0.000121,0.000121,0.000121,0.000242,0.000121,0.000121,0.003578,0.104467
AAAGACTGGGCGCTTT-1,0.748719,0.250639,0.000071,0.000071,0.000071,0.000143,0.000071,0.000071,0.000071,0.000071
AAAGCTTGCCTACATA-1,0.000005,0.000005,0.419654,0.129373,0.082758,0.005105,0.315967,0.012851,0.023695,0.010587
AAAGGCCCTATAATAC-1,0.08779,0.217937,0.122394,0.082854,0.042842,0.056923,0.079817,0.017737,0.276966,0.01474
AAAGGCTACGGACCAT-1,0.034507,0.000011,0.364667,0.00226,0.087376,0.317424,0.152038,0.012577,0.017585,0.011554
AAAGGCTCTCGCGCCG-1,0.151346,0.471132,0.000027,0.0505,0.073699,0.245578,0.000027,0.000027,0.003115,0.004549
AAAGGGATGTAGCAAG-1,0.275723,0.122095,0.000028,0.000028,0.000622,0.019597,0.000028,0.009341,0.097366,0.475173
AAAGGGCAGCTTGAAT-1,0.996369,0.000134,0.00009,0.00009,0.00009,0.00018,0.00009,0.00009,0.00009,0.002778
AAAGGTAAGCTGTACC-1,0.034389,0.212037,0.019177,0.086042,0.020792,0.239341,0.163604,0.090709,0.118142,0.015768
AAAGGTCAACGACATG-1,0.002225,0.005237,0.139788,0.129743,0.00003,0.000016,0.376069,0.009884,0.331519,0.005491
AAAGTAGCATTGCTCA-1,0.007856,0.125108,0.214682,0.005337,0.029181,0.066722,0.189526,0.159057,0.120349,0.082183
AAAGTCACTGATGTAA-1,0.51567,0.109177,0.000075,0.000075,0.000075,0.000151,0.000075,0.000075,0.253054,0.121572
AAAGTCGACCCTCAGT-1,0.686763,0.027955,0.000067,0.000067,0.008354,0.181835,0.000067,0.000067,0.000067,0.09476
AAAGTGCCATCAATTA-1,0.143978,0.257604,0.099522,0.159307,0.01691,0.223906,0.022144,0.014985,0.059932,0.001713
AAAGTGTGATTTATCT-1,0.057013,0.097035,0.054755,0.158858,0.039949,0.099708,0.059139,0.054062,0.253579,0.125902
AAAGTTGACTCCCGTA-1,0.04421,0.31857,0.008507,0.021305,0.068636,0.505885,0.000021,0.012622,0.005682,0.014562
AAATAACCATACGGGA-1,0.165396,0.07908,0.164078,0.000033,0.122697,0.084812,0.011391,0.151062,0.020801,0.20065
AAATAAGGTAGTGCCC-1,0.000005,0.000005,0.261084,0.007311,0.261629,0.022823,0.132063,0.130506,0.01673,0.167845
AAATACCTATAAGCAT-1,0.019732,0.001017,0.006313,0.000017,0.015951,0.195414,0.17935,0.084999,0.01756,0.479648
AAATAGCTTAGACTTT-1,0.008236,0.018424,0.117454,0.062889,0.420433,0.118464,0.150204,0.027211,0.02555,0.051135
AAATAGGGTGCTATTG-1,0.026038,0.000531,0.430754,0.013285,0.010852,0.058904,0.155437,0.081241,0.145323,0.077635
AAATCACTCCTAAACG-1,0.000273,0.001701,0.503969,0.053889,0.000005,0.000368,0.34697,0.00166,0.091052,0.000113
AAATCCGATACACGCC-1,0.344116,0.123375,0.134067,0.19992,0.00997,0.09595,0.001517,0.00001,0.091064,0.00001
AAATCGCGGAAGGAGT-1,0.953307,0.046072,0.000069,0.000069,0.000069,0.000138,0.000069,0.000069,0.000069,0.000069
AAATCGTGTACCACAA-1,0.030949,0.302155,0.000022,0.000022,0.431006,0.134193,0.006148,0.01019,0.013633,0.071682
AAATCTAGCCCTGCTA-1,0.00001,0.007695,0.00001,0.176837,0.003894,0.38619,0.006242,0.418563,0.00001,0.000547
AAATCTGCCCGCGTCC-1,0.139497,0.22358,0.113428,0.043422,0.009441,0.046562,0.121177,0.05725,0.093422,0.152221
AAATGACTGATCAAAC-1,0.000021,0.030555,0.000021,0.000021,0.09706,0.087206,0.086698,0.020533,0.000308,0.677575
AAATGATTCGATCAGC-1,0.006842,0.001034,0.278086,0.06858,0.240764,0.04297,0.152888,0.009726,0.12466,0.074452
AAATGCTCGTTACGTT-1,0.630952,0.235315,0.000093,0.000093,0.000093,0.000185,0.000093,0.000093,0.000093,0.132991
AAATGGCATGTCTTGT-1,0.046309,0.003531,0.081704,0.012622,0.000035,0.000069,0.071552,0.027966,0.045712,0.710499
AAATGGCCCGTGCCCT-1,0.213418,0.305833,0.014956,0.019607,0.000033,0.000066,0.004165,0.000033,0.441698,0.00019
AAATGGTCAATGTGCC-1,0.083252,0.549282,0.000031,0.000031,0.000188,0.015791,0.000031,0.027375,0.013365,0.310655
AAATGTATCTTATCCC-1,0.794883,0.204735,0.000042,0.000042,0.000042,0.000085,0.000042,0.000042,0.000042,0.000042
AAATGTGGGTGCTCCT-1,0.426979,0.000161,0.571573,0.000161,0.000161,0.000322,0.000161,0.000161,0.000161,0.000161
AAATTAACGGGTAGCT-1,0.006374,0.375262,0.000021,0.000021,0.232254,0.139038,0.012864,0.02238,0.000021,0.211766
AAATTAATAAGCGCGA-1,0.737208,0.125667,0.136344,0.000098,0.000098,0.000195,0.000098,0.000098,0.000098,0.000098
AAATTACACGACTCTG-1,0.166552,0.088827,0.000028,0.003375,0.018105,0.026491,0.000691,0.071944,0.314138,0.309849
AAATTACCTATCGATG-1,0.112966,0.002139,0.086919,0.040039,0.072974,0.12503,0.014285,0.009897,0.25203,0.283721
AAATTCCAGGTCCAAA-1,0.000912,0.045801,0.571697,0.012474,0.227871,0.050829,0.049991,0.006703,0.000701,0.033021
AAATTGATAGTCCTTT-1,0.136602,0.138285,0.038464,0.158619,0.000528,0.07389,0.019121,0.129825,0.261524,0.043142
AAATTGCGGCGGTTCT-1,0.969617,0.000175,0.000175,0.000175,0.000175,0.00035,0.000175,0.000175,0.000175,0.028809
AAATTGGTGAGAAGCA-1,0.004412,0.159414,0.026894,0.247719,0.02333,0.33566,0.090061,0.097704,0.011785,0.003021
AAATTTACCGAAATCC-1,0.000838,0.013706,0.013136,0.147523,0.008371,0.004949,0.426599,0.128437,0.146309,0.110133
AAATTTGCGGGTGTGG-1,0.070138,0.187758,0.038304,0.085218,0.034355,0.181198,0.014558,0.147515,0.107807,0.13315
AACAACTGGTAGTTGC-1,0.008682,0.010407,0.067677,0.000025,0.000025,0.000049,0.217832,0.022307,0.257896,0.415101
AACAATACATTGTCGA-1,0.527134,0.047224,0.150039,0.085926,0.000015,0.189604,0.000015,0.000015,0.000015,0.000015
AACAATTACTCTACGC-1,0.475633,0.500832,0.000095,0.000095,0.000095,0.000191,0.000095,0.000095,0.000095,0.022771
AACACACGCTCGCCGC-1,0.002516,0.168146,0.029169,0.156369,0.190564,0.247969,0.120888,0.039424,0.008798,0.036158
AACACGACTGTACTGA-1,0.000024,0.025796,0.033735,0.000024,0.005731,0.000048,0.32993,0.038075,0.092604,0.474033
AACACGAGACGCGGCC-1,0.058256,0.538795,0.03799,0.000026,0.023089,0.002045,0.07172,0.000069,0.133081,0.134929
AACACGCGGCCGCGAA-1,0.495739,0.013251,0.000066,0.011827,0.000066,0.000132,0.000066,0.000066,0.222892,0.255896
AACAGCTGTGTGGCAA-1,0.000004,0.001258,0.021368,0.193032,0.003842,0.077839,0.586358,0.104607,0.011339,0.000352
AACAGGAAATCGAATA-1,0.030973,0.247233,0.002889,0.017886,0.008706,0.087672,0.116532,0.038637,0.109372,0.340099
AACAGGATGGGCCGCG-1,0.131907,0.130487,0.003135,0.005614,0.000044,0.000088,0.0025,0.000044,0.273081,0.4531
AACAGGTAGTATGGAT-1,0.008703,0.029488,0.01736,0.327511,0.192632,0.07226,0.180895,0.025314,0.048422,0.097415
AACATAGCGTGTATCG-1,0.004736,0.144039,0.000018,0.000018,0.314287,0.141635,0.052396,0.048689,0.000436,0.293747
AACATATCAACTGGTG-1,0.005235,0.001363,0.104831,0.025488,0.302678,0.011641,0.257163,0.021613,0.099019,0.170969
AACATCGATACGTCTA-1,0.096522,0.225999,0.103846,0.29668,0.005427,0.232756,0.002132,0.018265,0.016028,0.002343
AACATTGAAGTTGATC-1,0.055769,0.209301,0.167029,0.271038,0.012675,0.037548,0.078405,0.003885,0.144329,0.020023
AACATTGGTCAGCCGT-1,0.241074,0.000234,0.756817,0.000234,0.000234,0.000469,0.000234,0.000234,0.000234,0.000234
AACATTGTGACTCGAG-1,0.000003,0.000003,0.16855,0.156518,0.042007,0.170483,0.427887,0.030937,0.001406,0.002205
AACCAAGACTTCTCTG-1,0.004754,0.107527,0.026371,0.017774,0.000488,0.001296,0.50007,0.017831,0.28845,0.035438
AACCAGTATCACTCTT-1,0.000019,0.000019,0.174541,0.027555,0.002964,0.000039,0.372937,0.234487,0.050622,0.136817
AACCATAGGGTTGAAC-1,0.628809,0.025734,0.145541,0.052406,0.002915,0.003251,0.046319,0.000079,0.050334,0.044612
AACCATGGGATCGCTA-1,0.598447,0.000087,0.000087,0.000087,0.000087,0.000174,0.000087,0.000087,0.145185,0.255672
AACCCAGAGACGGAGA-1,0.619088,0.379907,0.000112,0.000112,0.000112,0.000223,0.000112,0.000112,0.000112,0.000112
AACCCATCCCATGATC-1,0.31308,0.006816,0.004681,0.000045,0.000045,0.000089,0.000045,0.000045,0.604765,0.070389
AACCCGACAACCCGTG-1,0.096383,0.016909,0.152012,0.342981,0.093174,0.047212,0.083565,0.001765,0.155578,0.010421
AACCCGAGCAGAATCG-1,0.003354,0.009788,0.362302,0.107752,0.235891,0.026112,0.131653,0.019145,0.034619,0.069384
AACCCGATAGGGCTTC-1,0.292018,0.052545,0.233702,0.217385,0.000016,0.000052,0.000016,0.000016,0.204235,0.000016
AACCCGCTGTATTCCA-1,0.031595,0.274152,0.009097,0.02015,0.020709,0.056832,0.045482,0.00895,0.213463,0.31957
AACCCTACTGTCAATA-1,0.139075,0.367648,0.005307,0.003067,0.056537,0.426624,0.000022,0.000022,0.000022,0.001677
AACCCTGGTGGAACCA-1,0.047225,0.075859,0.000029,0.000029,0.000029,0.000058,0.032885,0.02206,0.176738,0.645087
AACCGAGCTTGGTCAT-1,0.332652,0.006585,0.000034,0.000034,0.000034,0.000068,0.000034,0.010589,0.426753,0.223217
AACCGCTAAGGGATGC-1,0.087431,0.008416,0.060588,0.078374,0.047841,0.080919,0.186256,0.055823,0.339853,0.054498
AACCGTTGTGTTTGCT-1,0.004806,0.336336,0.000053,0.000053,0.000053,0.003956,0.005793,0.000335,0.089929,0.558686
AACCTAAAGCCGTCCG-1,0.142445,0.009188,0.05204,0.000041,0.000041,0.000082,0.000041,0.000041,0.535497,0.260585
AACCTCGCTTTAGCCC-1,0.042419,0.083612,0.319547,0.00639,0.076422,0.110814,0.20728,0.04828,0.063524,0.041712
AACCTGTCACGGAATT-1,0.004734,0.181904,0.008971,0.159759,0.293736,0.227275,0.076023,0.008707,0.006686,0.032205
AACCTTTAAATACGGT-1,0.034459,0.028542,0.164063,0.017127,0.146724,0.107306,0.372364,0.067806,0.018784,0.042825
AACCTTTACGACGTCT-1,0.075049,0.066453,0.094567,0.001852,0.01345,0.034086,0.037113,0.330687,0.081408,0.265335
AACGAAAGTCGTCCCA-1,0.356768,0.243748,0.388103,0.000075,0.000075,0.010934,0.000075,0.000075,0.000075,0.000075
AACGACCTCCTAGCCG-1,0.011698,0.019557,0.43996,0.098719,0.013492,0.22746,0.051304,0.10463,0.026291,0.006889
AACGATAATGCCGTAG-1,0.235191,0.189911,0.007077,0.000028,0.223976,0.27991,0.003338,0.000029,0.049055,0.011485
AACGATAGAAGGGCCG-1,0.05917,0.600409,0.000067,0.000067,0.000067,0.000134,0.000067,0.000067,0.05661,0.283341
AACGATATGTCAACTG-1,0.038234,0.035306,0.002795,0.012237,0.013144,0.19754,0.014225,0.140048,0.126257,0.420214
AACGCATGATCTGGGT-1,0.150565,0.091456,0.036722,0.045696,0.169675,0.071203,0.014608,0.016399,0.307468,0.096208
AACGCGAACGGCAACA-1,0.664515,0.334649,0.000093,0.000093,0.000093,0.000186,0.000093,0.000093,0.000093,0.000093
AACGCGACCTTGGGCG-1,0.03289,0.242878,0.000012,0.368521,0.077214,0.269099,0.009044,0.000012,0.000317,0.000012
AACGCGGTCTCCAGCC-1,0.062348,0.170807,0.000036,0.070613,0.004079,0.089724,0.000036,0.040696,0.072029,0.48963
AACGCTGTTGCTGAAA-1,0.120446,0.293948,0.031159,0.052729,0.023782,0.436352,0.041514,0.000023,0.000023,0.000023
AACGGACGTACGTATA-1,0.041188,0.052889,0.047896,0.153272,0.137644,0.140966,0.166913,0.055281,0.165658,0.038294
AACGGCCATCTCCGGT-1,0.002717,0.001279,0.126445,0.036159,0.012305,0.300286,0.206589,0.30038,0.003755,0.010085
AACGTACTGTGGGTAC-1,0.10947,0.566173,0.000032,0.000032,0.03397,0.224608,0.000032,0.046916,0.000032,0.018735
AACGTAGTCTACCCAT-1,0.340604,0.338632,0.000131,0.000131,0.000131,0.000263,0.000131,0.009204,0.133853,0.176918
AACGTCAGACTAGTGG-1,0.026002,0.161067,0.00004,0.035529,0.01537,0.004887,0.178949,0.00271,0.158973,0.416473
AACGTCATCCGGCTTG-1,0.002598,0.002598,0.002598,0.404684,0.571937,0.005195,0.002598,0.002598,0.002598,0.002598
AACGTCGCTGCACTTC-1,0.001209,0.06468,0.00247,0.100449,0.331884,0.254591,0.139337,0.026631,0.004448,0.074301
AACGTGATGAAGGACA-1,0.051169,0.053911,0.000025,0.0032,0.001098,0.010475,0.138489,0.225025,0.233286,0.283322
AACGTGCGAAAGTCTC-1,0.015342,0.012933,0.001024,0.052586,0.254191,0.12294,0.014582,0.146522,0.049688,0.330193
AACGTTATCAGCACCT-1,0.96523,0.033003,0.000196,0.000196,0.000196,0.000393,0.000196,0.000196,0.000196,0.000196
AACGTTCTACCATTGT-1,0.098201,0.645611,0.000075,0.000075,0.000075,0.000151,0.000075,0.000075,0.000075,0.255585
AACTACCCGTTTGTCA-1,0.019987,0.00198,0.253823,0.168902,0.117907,0.032936,0.153062,0.027707,0.159836,0.063861
AACTAGCGTATCGCAC-1,0.309664,0.26818,0.235824,0.000155,0.121996,0.00031,0.000155,0.000155,0.0381,0.025459
AACTAGGCTTGGGTGT-1,0.054573,0.251644,0.062988,0.156362,0.080347,0.242785,0.061368,0.039119,0.009722,0.041093
AACTCAAGTTAATTGC-1,0.028802,0.175776,0.01123,0.003042,0.080471,0.090718,0.04779,0.134928,0.027125,0.400118
AACTCCAGAGCGTGTT-1,0.003547,0.00082,0.312678,0.001788,0.106374,0.167924,0.201414,0.097606,0.002945,0.104905
AACTCCTAATCCCATG-1,0.000029,0.20681,0.000023,0.000031,0.048828,0.111979,0.028425,0.186926,0.002224,0.414725
AACTCGATGGCGCAGT-1,0.402029,0.462354,0.000116,0.000116,0.000116,0.000232,0.000116,0.000116,0.020584,0.114222
AACTCTCAATAGAGCG-1,0.080532,0.113664,0.059202,0.003004,0.193475,0.200281,0.047368,0.033751,0.128368,0.140355
AACTCTCAGTGTGCTC-1,0.07368,0.18719,0.007433,0.063104,0.024251,0.383157,0.002744,0.15831,0.069321,0.03081
AACTGAGGTCAGCGTC-1,0.01769,0.342168,0.000025,0.276437,0.011398,0.125993,0.119695,0.08966,0.005713,0.011222
AACTGAGTTATACTGA-1,0.064047,0.072441,0.103971,0.432809,0.031291,0.063387,0.058335,0.019865,0.134802,0.019052
AACTGATATTAGGCCT-1,0.010834,0.006109,0.142145,0.000017,0.005841,0.002965,0.113176,0.271898,0.090016,0.356999
AACTGGGTCCCGACGT-1,0.045823,0.695257,0.00005,0.00005,0.00005,0.000099,0.00005,0.01735,0.00005,0.241223
AACTGGGTTCGAGCCG-1,0.017179,0.058668,0.003624,0.000025,0.027108,0.002164,0.281499,0.016987,0.280905,0.311841
AACTGGTGTGGGCCTT-1,0.797232,0.000082,0.000082,0.000082,0.000082,0.000164,0.000082,0.000082,0.013981,0.188132
AACTTCTGCGTCTATC-1,0.928425,0.070521,0.000117,0.000117,0.000117,0.000234,0.000117,0.000117,0.000117,0.000117
AACTTGCCCGTATGCA-1,0.175448,0.475148,0.000073,0.000073,0.000073,0.000147,0.000073,0.000073,0.074684,0.274205
AACTTGCGTTCTCGCG-1,0.575515,0.086175,0.000115,0.000115,0.000115,0.172462,0.000115,0.000115,0.000115,0.16516
AACTTTACGGGAGCTT-1,0.559066,0.000167,0.439429,0.000167,0.000167,0.000334,0.000167,0.000167,0.000167,0.000167
AACTTTAGCTGCTGAG-1,0.430507,0.000322,0.566591,0.000322,0.000322,0.000645,0.000322,0.000322,0.000322,0.000322
AACTTTCTCGATCATG-1,0.000009,0.000009,0.058484,0.491807,0.115113,0.004522,0.327527,0.000453,0.000291,0.001785
AAGAAAGTTTGATGGG-1,0.324256,0.462505,0.034852,0.000095,0.053018,0.048017,0.000095,0.01057,0.000095,0.066497
AAGAAATCACCAGATT-1,0.000005,0.000005,0.076113,0.333866,0.053585,0.027472,0.44362,0.047633,0.000959,0.016742
AAGAAGGATCAGTTAG-1,0.5686,0.009617,0.000071,0.000071,0.000071,0.000142,0.000071,0.000071,0.317986,0.103299
AAGACATACGTGGTTT-1,0.081521,0.040349,0.019051,0.434034,0.013922,0.210059,0.083443,0.07144,0.041237,0.004944
AAGACCAAATAACTCA-1,0.606457,0.247152,0.078758,0.000056,0.000056,0.067296,0.000056,0.000056,0.000056,0.000056
AAGACCCAACTGAACA-1,0.086127,0.122144,0.000943,0.046101,0.257813,0.248977,0.047322,0.051752,0.089162,0.049658
AAGACTAACCCGTTGT-1,0.803419,0.086333,0.000108,0.000108,0.000108,0.000216,0.000108,0.000108,0.008145,0.101347
AAGACTCACGCCCACT-1,0.000012,0.000012,0.015419,0.09543,0.000844,0.00714,0.661243,0.073039,0.139648,0.007214
AAGACTGCAAGCTACT-1,0.005478,0.298617,0.000027,0.006449,0.193529,0.099313,0.007261,0.028782,0.015459,0.345085
AAGAGATGAATCGGTA-1,0.312579,0.6865,0.000102,0.000102,0.000102,0.000205,0.000102,0.000102,0.000102,0.000102
AAGAGCTCTTTATCGG-1,0.098706,0.004971,0.014578,0.007829,0.155788,0.043916,0.010361,0.510955,0.011595,0.1413
AAGAGGATGTACGCGA-1,0.037732,0.203171,0.079974,0.000027,0.075027,0.043566,0.396389,0.035064,0.012258,0.116793
AAGAGGCATGGATCGC-1,0.120084,0.203684,0.000015,0.000528,0.18423,0.205565,0.00073,0.03995,0.076101,0.169113
AAGAGGCCCTTTGGAA-1,0.009767,0.015273,0.146563,0.15078,0.315789,0.129793,0.040837,0.004307,0.171726,0.015165
AAGATGGCACCGGACC-1,0.005227,0.000004,0.226938,0.429768,0.002781,0.013912,0.069562,0.100251,0.138867,0.012689
AAGATTGGCGGAACGT-1,0.061229,0.042564,0.090047,0.003038,0.228802,0.257857,0.028962,0.003146,0.050326,0.23403
AAGCACCCTGCGTATC-1,0.000008,0.000008,0.135967,0.041823,0.005155,0.237169,0.501547,0.032203,0.007049,0.039072
AAGCATACTCTCCTGA-1,0.037346,0.007221,0.076454,0.032318,0.099296,0.217148,0.395443,0.020876,0.053652,0.060246
AAGCCACTTGCAGGTA-1,0.013764,0.472868,0.006407,0.09442,0.020592,0.110382,0.067469,0.10162,0.014106,0.098372
AAGCCGAAGCGGTTTA-1,0.140191,0.108972,0.179066,0.068371,0.166629,0.231677,0.014487,0.033154,0.047906,0.009547
AAGCCGCCGTGAAATC-1,0.003269,0.010051,0.024753,0.245644,0.001628,0.012602,0.394757,0.025017,0.278169,0.004108
AAGCCGCTTTACCTTG-1,0.005166,0.020948,0.067789,0.477031,0.043937,0.194792,0.104088,0.016121,0.037656,0.032472
AAGCCGGAGAGCAGGA-1,0.412136,0.238861,0.01421,0.21406,0.000013,0.098656,0.000013,0.000013,0.022025,0.000013
AAGCGCAGGGCTTTGA-1,0.144284,0.000007,0.39145,0.117919,0.000087,0.000763,0.001365,0.005109,0.334043,0.004973
AAGCGGAGTGCGCGCA-1,0.244597,0.026561,0.098019,0.276145,0.000014,0.001134,0.000014,0.00049,0.353011,0.000014
AAGCGGCGTCATGGGT-1,0.057255,0.002493,0.016579,0.089179,0.004181,0.048417,0.086938,0.138827,0.384633,0.171497
AAGCGTCCCTCATCGA-1,0.000126,0.063482,0.000011,0.054488,0.001284,0.551032,0.010761,0.318157,0.000034,0.000625
AAGCTAGATCGAGTAA-1,0.042755,0.032895,0.004019,0.001894,0.023627,0.471272,0.008095,0.061647,0.051699,0.302098
AAGCTATGGATTGACC-1,0.842211,0.157133,0.000073,0.000073,0.000073,0.000146,0.000073,0.000073,0.000073,0.000073
AAGCTCGTGCCAAGTC-1,0.010265,0.027126,0.000011,0.004402,0.310469,0.056662,0.036479,0.135443,0.014967,0.404176
AAGCTCTTTCATGGTG-1,0.097499,0.001185,0.209219,0.104686,0.017219,0.115862,0.116027,0.000483,0.315845,0.021976
AAGGAGAACTTATAAG-1,0.272154,0.076386,0.000087,0.000087,0.115834,0.000173,0.018426,0.15243,0.063492,0.300933
AAGGAGCGGTTGGTGC-1,0.005632,0.183558,0.045841,0.035397,0.003843,0.307068,0.085879,0.014886,0.00709,0.310806
AAGGATCGATCGCTTG-1,0.036491,0.010204,0.020203,0.134975,0.246516,0.147375,0.036764,0.190388,0.114546,0.062539
AAGGATGAGGGACCTC-1,0.000312,0.004602,0.000138,0.023223,0.325255,0.016473,0.291627,0.098467,0.023313,0.216591
AAGGCAGGCTGTCTCC-1,0.027794,0.127548,0.037765,0.292755,0.22073,0.106719,0.110136,0.012842,0.035211,0.028499
AAGGCGCGTAAAGCTT-1,0.025685,0.21553,0.000028,0.00541,0.000028,0.000056,0.174209,0.028952,0.090161,0.45994
AAGGCTGTGCTCATCG-1,0.033138,0.259063,0.000035,0.04289,0.001041,0.029718,0.013434,0.284009,0.003035,0.333636
AAGGGAACGACTGGCT-1,0.016315,0.292228,0.037094,0.358336,0.009428,0.039498,0.138136,0.021361,0.059954,0.02765
AAGGGACAGATTCTGT-1,0.007275,0.035325,0.002602,0.126241,0.190063,0.101839,0.085393,0.145195,0.049571,0.256496
AAGGGACTATGCATTC-1,0.007278,0.438525,0.041603,0.094303,0.030473,0.140779,0.181193,0.021829,0.041306,0.002711
AAGGGTTAGCCATGCG-1,0.001192,0.271931,0.000043,0.000043,0.024,0.000086,0.00015,0.040855,0.000855,0.660845
AAGGGTTTGATTTCAG-1,0.295411,0.482464,0.026741,0.010855,0.005973,0.01433,0.071146,0.004265,0.025519,0.063298
AAGGTATCCTAATATA-1,0.038336,0.000549,0.099247,0.01148,0.087451,0.058979,0.03097,0.006279,0.187264,0.479443
AAGGTGATAAACCAGC-1,0.053174,0.007356,0.191982,0.047476,0.058753,0.066633,0.13559,0.043723,0.282195,0.113117
AAGTAAGCTTCCAAAC-1,0.146162,0.103569,0.133842,0.000064,0.007235,0.000127,0.070685,0.000064,0.239905,0.298347
AAGTAGAAGACCGGGT-1,0.012818,0.134956,0.008286,0.000026,0.012678,0.000777,0.321037,0.114083,0.077147,0.318193
AAGTAGTGACGCGAGG-1,0.009523,0.388285,0.000054,0.000054,0.000054,0.000107,0.075341,0.003102,0.016769,0.50671
AAGTCAATTGTCGTCA-1,0.000954,0.022219,0.589948,0.013647,0.162956,0.077814,0.071618,0.030001,0.002566,0.028277
AAGTCTAGTAGCTGCC-1,0.000008,0.000008,0.538222,0.14182,0.036331,0.000152,0.095179,0.004794,0.146135,0.037352
AAGTCTTCTGTGGCCT-1,0.921691,0.050068,0.020334,0.007648,0.000037,0.000074,0.000037,0.000037,0.000037,0.000037
AAGTGACGACCGAATT-1,0.003415,0.129255,0.112098,0.000029,0.01339,0.008858,0.34697,0.019346,0.182894,0.183745
AAGTGAGTCGGGTTTA-1,0.000004,0.000004,0.298727,0.002693,0.181333,0.085134,0.408849,0.022252,0.000004,0.001
AAGTGCAAAGGTAGAC-1,0.670337,0.000082,0.000082,0.000082,0.007,0.000165,0.0147,0.000082,0.194565,0.112903
AAGTGCCTTGACTGTA-1,0.053291,0.089143,0.172362,0.217775,0.023634,0.376048,0.001644,0.035838,0.004716,0.02555
AAGTGCGTTAGAATCT-1,0.072372,0.352832,0.002471,0.022969,0.051972,0.07273,0.155547,0.048193,0.188054,0.03286
AAGTGCTTCTCTATTG-1,0.033927,0.288212,0.013225,0.351457,0.025587,0.265157,0.018741,0.000312,0.003001,0.000381
AAGTGTTTGGAGACGG-1,0.000007,0.004797,0.000007,0.000221,0.27988,0.057015,0.454593,0.15133,0.000007,0.052143
AAGTTCACTCCAAGCT-1,0.00113,0.07804,0.113381,0.069799,0.140924,0.229457,0.344478,0.011557,0.00521,0.006023
AAGTTCAGTCTGCGTA-1,0.195373,0.217374,0.000027,0.000027,0.082904,0.240832,0.004704,0.117168,0.005137,0.136453
AAGTTCGGCCAACAGG-1,0.052291,0.562795,0.000034,0.001993,0.017293,0.168353,0.003203,0.131963,0.005838,0.056237
AAGTTGTGATGTTATA-1,0.391287,0.055205,0.143639,0.255064,0.000017,0.154719,0.000017,0.000017,0.000017,0.000017
AAGTTTACTAATGGCA-1,0.784792,0.018332,0.000125,0.000125,0.000125,0.00025,0.000125,0.000125,0.098944,0.097058
AAGTTTATGGGCCCAA-1,0.03062,0.007419,0.383744,0.209324,0.009007,0.017062,0.111056,0.011131,0.213737,0.0069
AATAACAACGCTCGGC-1,0.010138,0.694966,0.000041,0.011415,0.076675,0.008662,0.066142,0.02075,0.00889,0.102321
AATAACACTAGAACAA-1,0.000888,0.054212,0.131753,0.012178,0.20563,0.318075,0.167388,0.091357,0.002061,0.016458
AATAACGTCGCGCCCA-1,0.01268,0.139372,0.000022,0.000022,0.12482,0.037431,0.046148,0.18789,0.021503,0.430112
AATAAGTCCTCGAGAC-1,0.006333,0.072606,0.003249,0.000029,0.003651,0.000057,0.353315,0.006465,0.142481,0.411815
AATAATCTTCGTATCG-1,0.003326,0.017574,0.100324,0.348829,0.009332,0.203667,0.065255,0.230358,0.018335,0.002999
AATACAATGTTTCAGG-1,0.8795,0.119526,0.000108,0.000108,0.000108,0.000216,0.000108,0.000108,0.000108,0.000108
AATACCGGAGGGCTGT-1,0.006466,0.074811,0.001571,0.399624,0.053351,0.182957,0.213069,0.036454,0.021957,0.009739
AATACCTGATGTGAAC-1,0.008144,0.134965,0.000012,0.101425,0.176311,0.249011,0.095359,0.109616,0.005306,0.119851
AATAGAACAGAGTGGC-1,0.035526,0.067362,0.015547,0.086006,0.232968,0.454334,0.040801,0.027555,0.024312,0.01559
AATAGAATCTGTTTCA-1,0.052801,0.333001,0.018492,0.008333,0.093022,0.404586,0.037019,0.00298,0.011345,0.03842
AATAGCAAGCCTCCTG-1,0.126479,0.484874,0.134136,0.178892,0.003265,0.058847,0.000032,0.000032,0.013412,0.000032
AATAGCTACCGCGTGC-1,0.071574,0.342933,0.081098,0.100073,0.098392,0.223756,0.022421,0.011025,0.016208,0.03252
AATAGGCACGACCCTT-1,0.000141,0.031613,0.000141,0.000141,0.000141,0.000281,0.000141,0.187059,0.000141,0.780204
AATAGTCCGTCCCGAC-1,0.108331,0.183125,0.000022,0.013249,0.04815,0.504303,0.011269,0.066895,0.021682,0.042974
AATAGTCGCGAGTCGG-1,0.492978,0.035279,0.171821,0.000091,0.083852,0.000181,0.000091,0.0421,0.024514,0.149093
AATATCAAGGTCGGAT-1,0.549299,0.00029,0.448087,0.00029,0.00029,0.000581,0.00029,0.00029,0.00029,0.00029
AATATCCTAGCAAACT-1,0.793952,0.205756,0.000033,0.000033,0.000033,0.000065,0.000033,0.000033,0.000033,0.000033
AATATCGAATCAATGC-1,0.000005,0.000005,0.607043,0.000005,0.083697,0.001323,0.20983,0.061988,0.000242,0.035861
AATATCGAGGGTTCTC-1,0.048798,0.077174,0.101123,0.025076,0.385949,0.059297,0.027028,0.00711,0.175986,0.09246
AATATTGGAGTATTGA-1,0.055669,0.257185,0.101619,0.000049,0.001341,0.039196,0.457572,0.000571,0.071846,0.014952
AATCAGACTGCAGGAC-1,0.62216,0.101297,0.108996,0.000102,0.103369,0.000205,0.000102,0.000102,0.061773,0.001893
AATCAGGTTTCATTTA-1,0.005765,0.146029,0.006676,0.137458,0.063,0.210509,0.216553,0.150266,0.024709,0.039035
AATCATGTAAAGACTC-1,0.160139,0.055542,0.056654,0.221722,0.023231,0.234944,0.024,0.01128,0.2044,0.008089
AATCCAAGGGCCTGAG-1,0.109168,0.704049,0.000103,0.000103,0.000103,0.000207,0.000103,0.000103,0.000103,0.185955
AATCCATGCAAGGGTG-1,0.739356,0.227646,0.000097,0.000097,0.02642,0.000194,0.000097,0.000097,0.000835,0.005162
AATCCCGCTCAGAGCC-1,0.000021,0.03382,0.000021,0.000021,0.036437,0.008304,0.007235,0.064563,0.000021,0.849557
AATCGAGGTCTCAAGG-1,0.0001,0.149512,0.0001,0.0001,0.0001,0.000199,0.0001,0.0001,0.0001,0.84959
AATCGCCTCAGCGCCA-1,0.238394,0.140785,0.000017,0.02316,0.044764,0.090831,0.000017,0.01853,0.278726,0.164776
AATCGCGCAGAGGACT-1,0.238611,0.029316,0.07999,0.231258,0.100132,0.10415,0.003659,0.003882,0.180592,0.028409
AATCGGGACACTACGA-1,0.170327,0.002835,0.000042,0.000042,0.000042,0.000084,0.000042,0.000042,0.560195,0.26635
AATCGGTATAGCCCTC-1,0.014009,0.093207,0.104699,0.108712,0.309362,0.289286,0.062113,0.001508,0.014889,0.002214
AATCGTGAGCCGAGCA-1,0.150985,0.03901,0.055849,0.175348,0.100442,0.221161,0.251692,0.001932,0.003143,0.000438
AATCTAGGTTTACTTG-1,0.103204,0.040136,0.054925,0.028187,0.001519,0.000055,0.184701,0.000074,0.5503,0.036898
AATCTATGCCGGAGCC-1,0.005387,0.009775,0.007918,0.06968,0.255413,0.073642,0.097375,0.035916,0.362559,0.082336
AATCTCTACTGTGGTT-1,0.646998,0.175618,0.129837,0.000129,0.000129,0.001961,0.000129,0.044939,0.000129,0.000129
AATCTGCGTTGGGACG-1,0.010572,0.000007,0.25073,0.00525,0.02083,0.025903,0.069516,0.228758,0.075945,0.312489
AATCTGGCTTTCTAGT-1,0.429408,0.56282,0.000095,0.007009,0.000095,0.000191,0.000095,0.000095,0.000095,0.000095
AATCTGGGTAGACCCT-1,0.117695,0.095049,0.007827,0.000035,0.017472,0.00007,0.056046,0.039298,0.274201,0.392308
AATGACAGCAATGTCT-1,0.010984,0.144901,0.073331,0.005113,0.02123,0.095689,0.342567,0.152739,0.074644,0.078801
AATGACGTAGGATGTC-1,0.004752,0.007008,0.145831,0.000897,0.361537,0.132593,0.044478,0.080555,0.002602,0.219747
AATGACTGTCAGCCGG-1,0.000019,0.008914,0.000016,0.021716,0.007714,0.000464,0.382428,0.187465,0.144079,0.247185
AATGAGTTCGCATATG-1,0.487668,0.511037,0.000144,0.000144,0.000144,0.000288,0.000144,0.000144,0.000144,0.000144
AATGATGATACGCTAT-1,0.02155,0.298685,0.011428,0.005789,0.192132,0.158252,0.0466,0.050535,0.008389,0.20664
AATGATGCGACTCCTG-1,0.129242,0.113463,0.004197,0.084765,0.134895,0.154354,0.012873,0.004187,0.201666,0.16036
AATGCAACCGGGTACC-1,0.233765,0.380124,0.000028,0.023258,0.000028,0.002476,0.000028,0.03033,0.107693,0.222268
AATGCACCAAGCAATG-1,0.048798,0.191397,0.074047,0.019276,0.069128,0.165888,0.04255,0.018735,0.053749,0.316433
AATGGCCGCCAATGCG-1,0.073235,0.109856,0.361349,0.202165,0.00004,0.027323,0.11019,0.032712,0.079774,0.003357
AATGGTCCACCGTTCA-1,0.920338,0.078914,0.000083,0.000083,0.000083,0.000166,0.000083,0.000083,0.000083,0.000083
AATGGTTCTCACAAGC-1,0.588981,0.086202,0.000112,0.000112,0.000112,0.000224,0.000112,0.000112,0.222929,0.101102
AATGTATGGCACTGTA-1,0.143702,0.120206,0.03575,0.002029,0.002079,0.003742,0.100688,0.025874,0.174371,0.391558
AATGTGCCCGAGGTGT-1,0.251363,0.223254,0.011284,0.004645,0.007874,0.396898,0.054628,0.000027,0.03226,0.017767
AATGTGCTAATCTGAG-1,0.02302,0.041743,0.023215,0.325671,0.022136,0.147533,0.227202,0.146198,0.03214,0.011142
AATGTTAAGACCCTGA-1,0.000012,0.116272,0.000012,0.000026,0.118242,0.045207,0.195217,0.230311,0.000141,0.294559
AATGTTGTCGTGAGAC-1,0.086996,0.150094,0.037241,0.201843,0.113677,0.347445,0.007857,0.000175,0.054488,0.000183
AATTAAAGGTCGGCGT-1,0.016746,0.327698,0.000023,0.000023,0.091166,0.289034,0.009699,0.159511,0.000023,0.106078
AATTAACGGATTTCCA-1,0.092457,0.20302,0.015737,0.022141,0.078329,0.383496,0.151409,0.00944,0.020776,0.023195
AATTACGAGACCCATC-1,0.692511,0.011997,0.000028,0.006065,0.000028,0.00287,0.051039,0.061036,0.071442,0.102983
AATTACTCGTACGCTC-1,0.520622,0.000073,0.283436,0.000073,0.000073,0.000145,0.000073,0.000073,0.000073,0.195362
AATTAGCGCTGCAGCG-1,0.048629,0.006697,0.000015,0.005625,0.047672,0.17882,0.127908,0.121782,0.311929,0.150923
AATTATACCCAGCAAG-1,0.090618,0.177068,0.000018,0.002005,0.049539,0.01449,0.006729,0.014165,0.149744,0.495625
AATTCATAAGGGATCT-1,0.00001,0.011503,0.128754,0.00001,0.263262,0.032092,0.0674,0.150461,0.016303,0.330204
AATTCATTGTCATGCA-1,0.235761,0.042015,0.176108,0.000063,0.005216,0.000267,0.232654,0.034957,0.041371,0.231587
AATTCCAAGCATGTAC-1,0.037667,0.076327,0.009866,0.170176,0.094887,0.191568,0.30893,0.022839,0.085071,0.00267
AATTCGATTCGAGGAT-1,0.110164,0.240743,0.098844,0.40288,0.008968,0.018834,0.063814,0.000014,0.05271,0.003028
AATTCTAGAGTTAGGC-1,0.067943,0.31482,0.000026,0.026622,0.075151,0.330902,0.008496,0.005878,0.064818,0.105344
AATTGAACGCTCTGGT-1,0.030707,0.028584,0.201901,0.005763,0.211721,0.090017,0.165718,0.039758,0.056553,0.169279
AATTGCAGCAATCGAC-1,0.168213,0.068952,0.389988,0.060898,0.157621,0.111318,0.002228,0.00001,0.040742,0.000031
AATTGCGTGGATTACA-1,0.376449,0.442528,0.137322,0.028255,0.000061,0.01514,0.000061,0.000061,0.000061,0.000061
AATTGTGGTTGCCAAA-1,0.080484,0.06849,0.094738,0.294854,0.013267,0.361895,0.019957,0.039345,0.026253,0.000716
AATTTGGGACATAGTA-1,0.00005,0.799275,0.00005,0.00005,0.00005,0.002567,0.00005,0.039339,0.00005,0.158516
AATTTGGTTCCAAAGA-1,0.002901,0.044572,0.003144,0.00002,0.024466,0.031301,0.457649,0.121718,0.035994,0.278235
ACAAACCATGCGTCCT-1,0.16344,0.14625,0.043208,0.049648,0.000015,0.00003,0.005239,0.000015,0.579391,0.012763
ACAAACCGACAAGGCG-1,0.522858,0.00004,0.011445,0.00004,0.00004,0.000079,0.00004,0.00004,0.407352,0.058068
ACAAACTCCATCAGAG-1,0.021299,0.551559,0.00002,0.00002,0.089151,0.112967,0.00002,0.00002,0.00002,0.224923
ACAAAGAAGGTAGGCC-1,0.843165,0.00003,0.156569,0.00003,0.00003,0.000059,0.00003,0.00003,0.00003,0.00003
ACAAAGCATGACCTAG-1,0.154627,0.013985,0.287932,0.151814,0.120861,0.149344,0.006109,0.002309,0.110585,0.002434
ACAAATCGCACCGAAT-1,0.027234,0.040676,0.026246,0.004115,0.156155,0.103736,0.338049,0.141361,0.071833,0.090596
ACAAATGGTAGTGTTT-1,0.004798,0.047338,0.171826,0.032035,0.179318,0.128108,0.20607,0.045549,0.012836,0.172121
ACAAATTCAGATCTGA-1,0.01219,0.258882,0.158086,0.071927,0.044783,0.209674,0.093163,0.091378,0.011034,0.048885
ACAACAGCATGAGCTA-1,0.016884,0.337694,0.000021,0.000021,0.406863,0.094205,0.007091,0.013162,0.002681,0.121376
ACAACGGTCCCTGCGA-1,0.741886,0.000089,0.000089,0.000089,0.000089,0.000178,0.000089,0.000089,0.173722,0.083679
ACAAGCAGTGCCTAGC-1,0.043922,0.395138,0.000054,0.000054,0.046665,0.000109,0.0737,0.013575,0.169728,0.257055
ACAAGCTATATGGAAG-1,0.999636,0.000036,0.000036,0.000036,0.000036,0.000073,0.000036,0.000036,0.000036,0.000036
ACAAGGAAATCCGCCC-1,0.079274,0.01718,0.001811,0.000394,0.136159,0.194682,0.245015,0.08234,0.044087,0.199057
ACAAGGACAAGAGGTT-1,0.049577,0.042895,0.000021,0.002535,0.000656,0.000042,0.203289,0.117761,0.119313,0.46391
ACAAGGATGCTTTAGG-1,0.022649,0.27739,0.01249,0.082966,0.066578,0.198609,0.174883,0.045801,0.063406,0.055228
ACAAGGCCTACCAGCC-1,0.079267,0.114564,0.04216,0.210701,0.000028,0.021044,0.356975,0.042281,0.118534,0.014447
ACAAGGGCAGGCTCTG-1,0.07366,0.635859,0.000024,0.000024,0.118633,0.136621,0.000024,0.000173,0.000045,0.034935
ACAAGTAATTGTAAGG-1,0.000097,0.000097,0.000097,0.000097,0.000097,0.000194,0.004383,0.000097,0.000097,0.994746
ACAATAGTCGTACGTT-1,0.00316,0.037857,0.120897,0.001494,0.000014,0.000029,0.356933,0.003587,0.442102,0.033928
ACAATCCATTTAAACC-1,0.144551,0.356393,0.000038,0.000038,0.000038,0.028864,0.000038,0.000038,0.259157,0.210846
ACAATCGATCTTTATA-1,0.573586,0.000215,0.000215,0.000215,0.000215,0.31353,0.000215,0.000215,0.000215,0.111376
ACAATGAATACGGAGA-1,0.067928,0.360659,0.001781,0.085651,0.028747,0.388709,0.033574,0.015492,0.017443,0.000015
ACAATGATTCTTCTAC-1,0.020781,0.188171,0.199795,0.357676,0.006502,0.049978,0.100812,0.047657,0.025747,0.002881
ACAATTGTGTCTCTTT-1,0.02113,0.005532,0.190362,0.189691,0.012034,0.376399,0.173044,0.007352,0.020538,0.003919
ACAATTTAGGAGGCTC-1,0.633301,0.000158,0.365279,0.000158,0.000158,0.000316,0.000158,0.000158,0.000158,0.000158
ACAATTTGAGCAGTGG-1,0.001773,0.213791,0.000018,0.033381,0.309405,0.091369,0.033674,0.014965,0.010896,0.29073
ACAATTTGGCCATATT-1,0.002851,0.000008,0.224394,0.307766,0.082096,0.001623,0.137483,0.003566,0.196664,0.043549
ACACAAAGACGGGTGG-1,0.408183,0.282308,0.000041,0.02285,0.000041,0.000082,0.000041,0.009429,0.166687,0.110337
ACACAAATATTCCTAG-1,0.056927,0.021116,0.479479,0.152734,0.001679,0.095647,0.030189,0.094442,0.063455,0.004332
ACACACCAGGACCAGT-1,0.000004,0.000004,0.038886,0.011715,0.130887,0.022224,0.561092,0.193821,0.007628,0.033738
ACACACTTTCTACACG-1,0.085725,0.014026,0.000032,0.000032,0.000032,0.000064,0.009557,0.087952,0.327964,0.474616
ACACATGATCAAATCT-1,0.11769,0.496106,0.048675,0.001773,0.01299,0.014938,0.196582,0.001431,0.076786,0.03303
ACACATTTCCGTAGAC-1,0.018242,0.024536,0.414803,0.021434,0.054863,0.03829,0.288215,0.065008,0.009568,0.065042
ACACCACATAATTAGC-1,0.030428,0.001998,0.260965,0.053825,0.159351,0.053004,0.124254,0.103396,0.119074,0.093704
ACACCCAGCATGCAGC-1,0.164088,0.609087,0.000051,0.000051,0.000051,0.000103,0.000051,0.000051,0.045993,0.180472
ACACCCGAGAAATCCG-1,0.040925,0.094576,0.060431,0.000025,0.004946,0.000051,0.26351,0.004204,0.259634,0.271697
ACACCCGTAAATCTGT-1,0.000003,0.000003,0.411692,0.032403,0.000021,0.000007,0.414898,0.006242,0.124777,0.009952
ACACCGAGCGCTCTTT-1,0.464401,0.000082,0.142445,0.000082,0.039248,0.012078,0.099715,0.00099,0.000082,0.240878
ACACCGGTCTGACCGC-1,0.007506,0.203123,0.043309,0.065243,0.006335,0.01396,0.495782,0.005024,0.152299,0.007418
ACACCTTAAGTAGGGC-1,0.005362,0.309965,0.000043,0.025088,0.012648,0.009063,0.036126,0.087386,0.16549,0.348829
ACACCTTACTACTTGC-1,0.182136,0.11691,0.139671,0.157693,0.083771,0.272051,0.007406,0.007668,0.009648,0.023046
ACACGAGACTCCTTCT-1,0.003402,0.163518,0.000017,0.000017,0.481072,0.083047,0.035487,0.062833,0.000307,0.1703
ACACGGCACTATGCAT-1,0.000027,0.033218,0.081665,0.004767,0.000027,0.000054,0.246889,0.056644,0.0335,0.543209
ACACGGGAACTTAGGG-1,0.043452,0.238174,0.000023,0.000023,0.017897,0.115647,0.001791,0.372505,0.001553,0.208934
ACACGTAGGCCACAAG-1,0.000881,0.037214,0.002177,0.305928,0.108615,0.222567,0.162202,0.102436,0.010195,0.047783
ACACTCCAATGTCACT-1,0.891092,0.10777,0.000126,0.000126,0.000126,0.000253,0.000126,0.000126,0.000126,0.000126
ACACTGATCAAGGTGT-1,0.000012,0.002117,0.084869,0.061791,0.523664,0.102222,0.168624,0.013814,0.022178,0.020709
ACACTGGGACAGTCGT-1,0.002931,0.004027,0.368497,0.29563,0.000474,0.181525,0.016781,0.12926,0.000868,0.000008
ACAGAACTGAGAACAA-1,0.004666,0.076999,0.049144,0.106335,0.009416,0.026469,0.450903,0.016611,0.251093,0.008364
ACAGATTAGGTTAGTG-1,0.58378,0.415029,0.000132,0.000132,0.000132,0.000265,0.000132,0.000132,0.000132,0.000132
ACAGCATAGAGCCAGT-1,0.003874,0.009779,0.048524,0.000031,0.000031,0.000062,0.223804,0.02227,0.235797,0.455828
ACAGCGACATTCTCAT-1,0.082833,0.000018,0.092892,0.002043,0.000018,0.700383,0.000018,0.002563,0.027864,0.091366
ACAGCGCACCCGCAGC-1,0.015706,0.061086,0.085877,0.017895,0.054947,0.004961,0.190597,0.158058,0.13114,0.279732
ACAGGCACGGATCCTT-1,0.027152,0.136636,0.468042,0.114691,0.074505,0.163546,0.003838,0.000589,0.008166,0.002834
ACAGGCTTGCCCGACT-1,0.11141,0.226845,0.035096,0.181213,0.03988,0.261868,0.065881,0.02001,0.04064,0.017157
ACAGGTGGAGGTGAGG-1,0.206778,0.465067,0.000023,0.101879,0.011605,0.203664,0.000022,0.000022,0.010918,0.000022
ACAGGTGTGTTGTTGC-1,0.578843,0.420788,0.000041,0.000041,0.000041,0.000082,0.000041,0.000041,0.000041,0.000041
ACAGTAATACAACTTG-1,0.539234,0.352613,0.000072,0.003188,0.015043,0.065495,0.024141,0.000072,0.000072,0.000072
ACAGTATACCGTGGGA-1,0.004449,0.20161,0.009812,0.257606,0.200555,0.278244,0.041238,0.00645,0.000017,0.000017
ACAGTGCAGCGCATTT-1,0.000008,0.002778,0.013313,0.310258,0.000008,0.000015,0.611964,0.004526,0.05223,0.0049
ACATAAGTCGTGGTGA-1,0.675102,0.171344,0.053644,0.000066,0.000066,0.099513,0.000066,0.000066,0.000066,0.000066
ACATAATAAGGCGGTG-1,0.173831,0.007016,0.099552,0.014457,0.030958,0.000129,0.056494,0.063624,0.35226,0.201679
ACATACAATCAAGCGG-1,0.000226,0.355273,0.000226,0.000226,0.089341,0.000451,0.000226,0.000226,0.000226,0.553582
ACATCAGCTGGGACGC-1,0.91596,0.083318,0.00008,0.00008,0.00008,0.00016,0.00008,0.00008,0.00008,0.00008
ACATCCCGGCCATACG-1,0.248126,0.234154,0.000021,0.010605,0.126538,0.226472,0.002199,0.011386,0.078583,0.061917
ACATCCTGGTAACTGT-1,0.264425,0.226401,0.000915,0.16695,0.022362,0.168046,0.000021,0.000021,0.112172,0.038687
ACATCGATCGTTTACC-1,0.141795,0.079338,0.000026,0.000026,0.243561,0.092879,0.003212,0.015206,0.156211,0.267747
ACATCGCAATATTCGG-1,0.026754,0.212917,0.000326,0.000326,0.000326,0.000652,0.000326,0.000326,0.000326,0.757722
ACATCGGTCAGCCGCG-1,0.012548,0.045221,0.000017,0.071219,0.028194,0.059211,0.119034,0.398154,0.077902,0.188501
ACATCGTATGCAATGG-1,0.023357,0.260459,0.000075,0.04099,0.171908,0.139387,0.099092,0.052646,0.086603,0.125484
ACATCGTTAACCTAGT-1,0.04936,0.355539,0.059555,0.000047,0.015283,0.012334,0.027808,0.073684,0.037645,0.368746
