Barcode,Topic 1,Topic 2,Topic 3to10
AAACAAGTATCTCCCA-1,0.017532,0.569562,0.412906
AAACACCAATAACTGC-1,0.701195,0.000026,0.298779
AAACAGCTTTCAGAAG-1,0.586382,0.000022,0.413595
AAACAGGGTCTATATT-1,0.85983,0.118579,0.021591
AAACAGTGTTCCTGGG-1,0.597918,0.171182,0.2309
AAACATGGTGAGAGGA-1,0.079363,0.078911,0.841726
AAACATTTCCCGGATT-1,0.152332,0.290857,0.556811
AAACCCGAACGAAATC-1,0.097578,0.31717,0.585253
AAACCGGAAATGTTAA-1,0.055535,0.100029,0.844435
AAACCGGGTAGGTACC-1,0.327993,0.019664,0.652343
AAACCGTTCGTCCAGG-1,0.977739,0.00078,0.021482
AAACCTAAGCAGCCGG-1,0.060389,0.009498,0.930113
AAACCTCATGAAGTTG-1,0.311272,0.046198,0.64253
AAACGAAGATGGAGTA-1,0.559258,0.000035,0.440708
AAACGAGACGGTTGAT-1,0.038443,0.27979,0.681768
AAACGGGCGTACGGGT-1,0.043579,0.000008,0.956413
AAACGGTTGCGAACTG-1,0.414534,0.003381,0.582084
AAACTCGGTTCGCAAT-1,0.288126,0.053886,0.657988
AAACTCGTGATATAAG-1,0.014984,0.636323,0.348694
AAACTGCTGGCTCCAA-1,0.000011,0.097831,0.902158
AAACTTAATTGCACGC-1,0.090559,0.000026,0.909415
AAACTTGCAAACGTAT-1,0.827268,0.116814,0.055919
AAAGAATGACCTTAGA-1,0.103685,0.029885,0.86643
AAAGACCCAAGTCGCG-1,0.000017,0.153404,0.846578
AAAGACTGGGCGCTTT-1,0.273306,0.052593,0.674101
AAAGGCCCTATAATAC-1,0.162737,0.000015,0.837247
AAAGGCTACGGACCAT-1,0.915316,0.084483,0.000201
AAAGGCTCTCGCGCCG-1,0.719656,0.144402,0.135942
AAAGGGATGTAGCAAG-1,0.000019,0.343749,0.656233
AAAGGGCAGCTTGAAT-1,0.001549,0.007318,0.991133
AAAGTAGCATTGCTCA-1,0.949737,0.041408,0.008855
AAAGTCACTGATGTAA-1,0.000023,0.821967,0.17801
AAAGTCGACCCTCAGT-1,0.254401,0.304258,0.441341
AAAGTGCCATCAATTA-1,0.000008,0.049444,0.950548
AAAGTGTGATTTATCT-1,0.000015,0.18285,0.817135
AAAGTTGACTCCCGTA-1,0.035423,0.073215,0.891362
AAATAACCATACGGGA-1,0.027144,0.283769,0.689087
AAATAAGGTAGTGCCC-1,0.018183,0.968491,0.013325
AAATACCTATAAGCAT-1,0.007299,0.024627,0.968074
AAATAGCTTAGACTTT-1,0.00457,0.301499,0.693931
AAATAGGGTGCTATTG-1,0.001262,0.078041,0.920696
AAATCCGATACACGCC-1,0.000007,0.000007,0.999987
AAATCGCGGAAGGAGT-1,0.482556,0.001927,0.515517
AAATCGTGTACCACAA-1,0.06559,0.200497,0.733913
AAATCTAGCCCTGCTA-1,0.01525,0.115343,0.869408
AAATCTGCCCGCGTCC-1,0.128664,0.116509,0.754827
AAATGATTCGATCAGC-1,0.033091,0.476262,0.490647
AAATGCTCGTTACGTT-1,0.057386,0.066661,0.875953
AAATGGCATGTCTTGT-1,0.000026,0.717308,0.282666
AAATGGCCCGTGCCCT-1,0.581893,0.000016,0.418091
AAATGGTCAATGTGCC-1,0.000014,0.121963,0.878023
AAATGTATCTTATCCC-1,0.033048,0.13428,0.832672
AAATTAACGGGTAGCT-1,0.000142,0.167978,0.83188
AAATTAATAAGCGCGA-1,0.020291,0.000022,0.979687
AAATTACACGACTCTG-1,0.015413,0.480231,0.504357
AAATTACCTATCGATG-1,0.000007,0.003606,0.996386
AAATTCCAGGTCCAAA-1,0.00019,0.074625,0.925184
AAATTGATAGTCCTTT-1,0.944334,0.035498,0.020168
AAATTGCGGCGGTTCT-1,0.123671,0.65142,0.22491
AAATTTGCGGGTGTGG-1,0.769308,0.172556,0.058135
AACAACTGGTAGTTGC-1,0.000007,0.010266,0.989727
AACAATACATTGTCGA-1,0.77493,0.015388,0.209682
AACAATTACTCTACGC-1,0.006975,0.159652,0.833373
AACACACGCTCGCCGC-1,0.078679,0.433537,0.487784
AACACGACTGTACTGA-1,0.066657,0.473405,0.459938
AACACGAGACGCGGCC-1,0.834462,0.165343,0.000196
AACACGCGGCCGCGAA-1,0.004891,0.862767,0.132342
AACAGCTGTGTGGCAA-1,0.683344,0.016023,0.300633
AACAGGAAATCGAATA-1,0.000007,0.002042,0.997951
AACAGGATGGGCCGCG-1,0.002064,0.077029,0.920907
AACAGGTAGTATGGAT-1,0.000005,0.000005,0.99999
AACATATCAACTGGTG-1,0.000008,0.100764,0.899228
AACATTGAAGTTGATC-1,0.111083,0.000018,0.8889
AACATTGTGACTCGAG-1,0.830552,0.110778,0.05867
AACCAAGACTTCTCTG-1,0.035486,0.434394,0.53012
AACCATAGGGTTGAAC-1,0.001542,0.000017,0.998441
AACCATGGGATCGCTA-1,0.01615,0.023176,0.960674
AACCCAGAGACGGAGA-1,0.000011,0.000115,0.999873
AACCCATCCCATGATC-1,0.911926,0.000026,0.088048
AACCCGACAACCCGTG-1,0.806587,0.081265,0.112148
AACCCGAGCAGAATCG-1,0.012503,0.13018,0.857317
AACCCTACTGTCAATA-1,0.056776,0.304679,0.638545
AACCGAGCTTGGTCAT-1,0.000017,0.291112,0.708871
AACCGCTAAGGGATGC-1,0.000011,0.20193,0.798059
AACCGTTGTGTTTGCT-1,0.00003,0.779415,0.220555
AACCTCGCTTTAGCCC-1,0.006842,0.000008,0.993151
AACCTGTCACGGAATT-1,0.000019,0.321426,0.678554
AACCTTTAAATACGGT-1,0.221668,0.111989,0.666343
AACCTTTACGACGTCT-1,0.027586,0.659983,0.312431
AACGAAAGTCGTCCCA-1,0.563005,0.000026,0.436969
AACGATAATGCCGTAG-1,0.040839,0.016143,0.943018
AACGATAGAAGGGCCG-1,0.05841,0.1859,0.75569
AACGATATGTCAACTG-1,0.000014,0.108287,0.891699
AACGCATGATCTGGGT-1,0.195511,0.804156,0.000333
AACGCGAACGGCAACA-1,0.000014,0.321593,0.678393
AACGCGACCTTGGGCG-1,0.582573,0.029459,0.387967
AACGCGGTCTCCAGCC-1,0.00027,0.38702,0.612711
AACGCTGTTGCTGAAA-1,0.000545,0.298178,0.701278
AACGGACGTACGTATA-1,0.003701,0.053986,0.942313
AACGGCCATCTCCGGT-1,0.933127,0.066742,0.000131
AACGTACTGTGGGTAC-1,0.825477,0.174327,0.000196
AACGTCAGACTAGTGG-1,0.000013,0.124226,0.875761
AACGTGCGAAAGTCTC-1,0.000011,0.089593,0.910396
AACGTTATCAGCACCT-1,0.036267,0.394131,0.569602
AACTACCCGTTTGTCA-1,0.000009,0.003807,0.996185
AACTAGGCTTGGGTGT-1,0.45986,0.072155,0.467985
AACTCAAGTTAATTGC-1,0.15129,0.171967,0.676743
AACTCCAGAGCGTGTT-1,0.001043,0.039127,0.95983
AACTCGATAAACACGT-1,0.048757,0.304217,0.647026
AACTCGATGGCGCAGT-1,0.000011,0.096164,0.903825
AACTCTCAATAGAGCG-1,0.000016,0.236999,0.762985
AACTCTCAGTGTGCTC-1,0.791697,0.000019,0.208284
AACTGAGTTATACTGA-1,0.000013,0.020605,0.979382
AACTGATATTAGGCCT-1,0.000008,0.058758,0.941233
AACTGGGTCCCGACGT-1,0.000011,0.020627,0.979362
AACTGGTGTGGGCCTT-1,0.036708,0.962292,0.001
AACTTCTGCGTCTATC-1,0.000025,0.058621,0.941355
AACTTGCCCGTATGCA-1,0.000017,0.076367,0.923616
AACTTGCGTTCTCGCG-1,0.000027,0.465037,0.534935
AACTTTACGGGAGCTT-1,0.000039,0.064643,0.935318
AACTTTAGCTGCTGAG-1,0.136772,0.209908,0.653321
AAGAAGGATCAGTTAG-1,0.001096,0.344291,0.654613
AAGACCAAATAACTCA-1,0.232465,0.004553,0.762982
AAGACCCAACTGAACA-1,0.759786,0.000745,0.239469
AAGACTAACCCGTTGT-1,0.051206,0.340613,0.608182
AAGACTGCAAGCTACT-1,0.000756,0.160867,0.838377
AAGAGATGAATCGGTA-1,0.010488,0.001607,0.987905
AAGAGCTCTTTATCGG-1,0.000026,0.341584,0.65839
AAGAGGATGTACGCGA-1,0.282238,0.487419,0.230344
AAGAGGCATGGATCGC-1,0.000013,0.070864,0.929123
AAGAGGCCCTTTGGAA-1,0.00118,0.190473,0.808346
AAGATGGCACCGGACC-1,0.826988,0.000013,0.172999
AAGATTGGCGGAACGT-1,0.000022,0.257843,0.742134
AAGCACCCTGCGTATC-1,0.28973,0.066376,0.643894
AAGCATACTCTCCTGA-1,0.162364,0.020502,0.817133
AAGCCACTTGCAGGTA-1,0.231725,0.112963,0.655313
AAGCCGAAGCGGTTTA-1,0.000016,0.240328,0.759656
AAGCCGCCGTGAAATC-1,0.269908,0.000024,0.730067
AAGCCGGAGAGCAGGA-1,0.00001,0.010747,0.989243
AAGCGCAGGGCTTTGA-1,0.202421,0.240982,0.556597
AAGCGTCCCTCATCGA-1,0.978023,0.02067,0.001307
AAGCTAGATCGAGTAA-1,0.044005,0.356619,0.599376
AAGCTCGTGCCAAGTC-1,0.00757,0.308389,0.684042
AAGCTCTTTCATGGTG-1,0.000277,0.003988,0.995735
AAGGAGCGGTTGGTGC-1,0.000024,0.366843,0.633133
AAGGATCGATCGCTTG-1,0.000014,0.25291,0.747076
AAGGATGAGGGACCTC-1,0.000014,0.354219,0.645767
AAGGCAGGCTGTCTCC-1,0.00001,0.107363,0.892626
AAGGCGCGTAAAGCTT-1,0.000008,0.000058,0.999934
AAGGCTGTGCTCATCG-1,0.000018,0.247427,0.752555
AAGGGAACGACTGGCT-1,0.601733,0.034888,0.363379
AAGGGACAGATTCTGT-1,0.016995,0.341457,0.641547
AAGGGACTATGCATTC-1,0.99974,0.000029,0.000232
AAGGGTTTGATTTCAG-1,0.168518,0.064888,0.766595
AAGGTATCCTAATATA-1,0.000008,0.032886,0.967106
AAGGTGATAAACCAGC-1,0.000008,0.059199,0.940793
AAGTAGAAGACCGGGT-1,0.009459,0.324848,0.665693
AAGTAGTGACGCGAGG-1,0.000016,0.152545,0.847439
AAGTCAATTGTCGTCA-1,0.036135,0.221979,0.741886
AAGTCTTCTGTGGCCT-1,0.044244,0.000762,0.954994
AAGTGACGACCGAATT-1,0.318651,0.000737,0.680611
AAGTGAGTCGGGTTTA-1,0.67807,0.003958,0.317973
AAGTGCAAAGGTAGAC-1,0.031361,0.44453,0.524109
AAGTGCCTTGACTGTA-1,0.000016,0.596311,0.403674
AAGTGCGTTAGAATCT-1,0.931861,0.067935,0.000204
AAGTGCTTCTCTATTG-1,0.448165,0.060143,0.491692
AAGTGTTTGGAGACGG-1,0.006324,0.010442,0.983234
AAGTTCACTCCAAGCT-1,0.021218,0.026913,0.951869
AAGTTCGGCCAACAGG-1,0.700058,0.167047,0.132894
AAGTTGTGATGTTATA-1,0.000004,0.000004,0.999992
AAGTTTATGGGCCCAA-1,0.210869,0.067969,0.721162
AATAACAACGCTCGGC-1,0.015976,0.028676,0.955348
AATAACACTAGAACAA-1,0.944577,0.026964,0.028459
AATAATCTTCGTATCG-1,0.000013,0.025816,0.974171
AATACAATGTTTCAGG-1,0.032285,0.013799,0.953917
AATACCGGAGGGCTGT-1,0.745479,0.251439,0.003082
AATAGAACAGAGTGGC-1,0.899428,0.054882,0.04569
AATAGAATCTGTTTCA-1,0.01699,0.105288,0.877722
AATAGTCCGTCCCGAC-1,0.759342,0.100618,0.14004
AATAGTCGCGAGTCGG-1,0.000019,0.000019,0.999963
AATATCAAGGTCGGAT-1,0.042108,0.488863,0.469028
AATATCCTAGCAAACT-1,0.768609,0.009924,0.221468
AATATCGAATCAATGC-1,0.006028,0.130076,0.863896
AATATCGAGGGTTCTC-1,0.000009,0.009381,0.99061
AATATTGGAGTATTGA-1,0.273232,0.301069,0.4257
AATCAGACTGCAGGAC-1,0.082557,0.56485,0.352592
AATCAGGTTTCATTTA-1,0.235915,0.072662,0.691423
AATCATGTAAAGACTC-1,0.000008,0.068107,0.931885
AATCCAAGGGCCTGAG-1,0.000012,0.056047,0.943942
AATCCATGCAAGGGTG-1,0.000015,0.065597,0.934388
AATCGCCTCAGCGCCA-1,0.000347,0.208197,0.791455
AATCGCGCAGAGGACT-1,0.000018,0.44992,0.550062
AATCGGGACACTACGA-1,0.093318,0.483787,0.422895
AATCGTGAGCCGAGCA-1,0.032569,0.156257,0.811173
AATCTAGGTTTACTTG-1,0.851899,0.09804,0.050061
AATCTATGCCGGAGCC-1,0.019417,0.807493,0.173089
AATCTCTACTGTGGTT-1,0.075012,0.000031,0.924958
AATCTGCGTTGGGACG-1,0.000014,0.177484,0.822503
AATCTGGCTTTCTAGT-1,0.931091,0.000025,0.068884
AATGACAGCAATGTCT-1,0.484802,0.000017,0.515181
AATGACGTAGGATGTC-1,0.007694,0.191747,0.800558
AATGACTGTCAGCCGG-1,0.001962,0.365362,0.632676
AATGAGTTCGCATATG-1,0.00002,0.021576,0.978404
AATGATGATACGCTAT-1,0.000008,0.001878,0.998114
AATGATGCGACTCCTG-1,0.00001,0.021248,0.978742
AATGCAACCGGGTACC-1,0.000195,0.13492,0.864885
AATGCACCAAGCAATG-1,0.000071,0.947231,0.052699
AATGGTCCACCGTTCA-1,0.13405,0.229899,0.636052
AATGGTTCTCACAAGC-1,0.000017,0.215748,0.784235
AATGTATGGCACTGTA-1,0.024369,0.000018,0.975613
AATGTGCCCGAGGTGT-1,0.999812,0.000021,0.000167
AATGTGCTAATCTGAG-1,0.768326,0.231417,0.000257
AATGTTGTCGTGAGAC-1,0.006383,0.26238,0.731237
AATTAAAGGTCGGCGT-1,0.102426,0.369726,0.527848
AATTAACGGATTTCCA-1,0.076726,0.000013,0.92326
AATTACGAGACCCATC-1,0.342859,0.00003,0.657111
AATTACTCGTACGCTC-1,0.000033,0.164162,0.835805
AATTAGCGCTGCAGCG-1,0.121875,0.093616,0.784509
AATTCATAAGGGATCT-1,0.00001,0.000014,0.999977
AATTCATTGTCATGCA-1,0.235202,0.0649,0.699898
AATTCCAAGCATGTAC-1,0.489261,0.000017,0.510722
AATTCGATTCGAGGAT-1,0.283144,0.177382,0.539474
AATTCTAGAGTTAGGC-1,0.190063,0.305979,0.503958
AATTGAACGCTCTGGT-1,0.012476,0.616863,0.370661
AATTGCAGCAATCGAC-1,0.000011,0.203952,0.796037
AATTGCGTGGATTACA-1,0.169248,0.000027,0.830725
AATTGTGGTTGCCAAA-1,0.000011,0.2105,0.789488
AATTTGGTTCCAAAGA-1,0.000072,0.999356,0.000573
ACAAACCATGCGTCCT-1,0.096211,0.000025,0.903764
ACAAAGAAGGTAGGCC-1,0.943308,0.044899,0.011793
ACAAAGCATGACCTAG-1,0.00001,0.002909,0.997081
ACAAATCGCACCGAAT-1,0.001578,0.024471,0.973951
ACAAATGGTAGTGTTT-1,0.032186,0.091732,0.876082
ACAACAGCATGAGCTA-1,0.000012,0.09356,0.906428
ACAACGGTCCCTGCGA-1,0.000824,0.484807,0.514369
ACAAGCAGTGCCTAGC-1,0.000016,0.195774,0.804211
ACAAGCTATATGGAAG-1,0.007202,0.017681,0.975117
ACAAGGAAATCCGCCC-1,0.033529,0.081196,0.885275
ACAAGGACAAGAGGTT-1,0.040691,0.135274,0.824036
ACAAGGATGCTTTAGG-1,0.00752,0.120198,0.872283
ACAAGGGCAGGCTCTG-1,0.000009,0.010553,0.989438
ACAATAGTCGTACGTT-1,0.523282,0.268606,0.208111
ACAATCCATTTAAACC-1,0.0422,0.112576,0.845224
ACAATGAATACGGAGA-1,0.972695,0.000018,0.027287
ACAATTGTGTCTCTTT-1,0.000009,0.090245,0.909746
ACAATTTAGGAGGCTC-1,0.019207,0.03884,0.941953
ACAATTTGAGCAGTGG-1,0.000009,0.160621,0.83937
ACAATTTGGCCATATT-1,0.002327,0.012462,0.985211
ACACAAAGACGGGTGG-1,0.005018,0.268456,0.726526
ACACACCAGGACCAGT-1,0.035173,0.219156,0.745672
ACACACTTTCTACACG-1,0.000013,0.006656,0.993331
ACACATGATCAAATCT-1,0.357629,0.000021,0.64235
ACACATTGACGCAACA-1,0.00003,0.139919,0.860051
ACACCACATAATTAGC-1,0.139772,0.858948,0.00128
ACACCCAGCATGCAGC-1,0.002251,0.292602,0.705147
ACACCCGAGAAATCCG-1,0.063391,0.119075,0.817534
ACACCGAGCGCTCTTT-1,0.000026,0.047096,0.952878
ACACCGGTCTGACCGC-1,0.134495,0.002636,0.862869
ACACCTTAAGTAGGGC-1,0.001702,0.0783,0.919998
ACACCTTACTACTTGC-1,0.000006,0.006313,0.993681
ACACGAGACTCCTTCT-1,0.004651,0.03391,0.961439
ACACGGGAACTTAGGG-1,0.000014,0.190671,0.809315
ACACGTAGGCCACAAG-1,0.005152,0.08631,0.908537
ACACTCCAATGTCACT-1,0.000014,0.052627,0.94736
ACACTGATCAAGGTGT-1,0.896238,0.068163,0.035598
ACACTGGGACAGTCGT-1,0.000011,0.015239,0.98475
ACAGAACTGAGAACAA-1,0.765317,0.000025,0.234658
ACAGATTAGGTTAGTG-1,0.110549,0.307154,0.582297
ACAGCATAGAGCCAGT-1,0.000053,0.987822,0.012125
ACAGCGACATTCTCAT-1,0.013114,0.096732,0.890153
ACAGGCACGGATCCTT-1,0.013188,0.306318,0.680494
ACAGGCTTGCCCGACT-1,0.005671,0.316783,0.677547
ACAGGTGGAGGTGAGG-1,0.597466,0.000817,0.401717
ACAGGTGTGTTGTTGC-1,0.063947,0.211679,0.724374
ACAGTAATACAACTTG-1,0.782795,0.005571,0.211634
ACATAAGTCGTGGTGA-1,0.536126,0.000023,0.463852
ACATAATAAGGCGGTG-1,0.040272,0.190688,0.769041
ACATCAGCTGGGACGC-1,0.037698,0.000017,0.962285
ACATCCCGGCCATACG-1,0.82424,0.141732,0.034028
ACATCCTGGTAACTGT-1,0.000013,0.254188,0.745799
ACATCGATCGTTTACC-1,0.023554,0.016781,0.959665
ACATCGGTCAGCCGCG-1,0.416272,0.569809,0.013919
ACATCGTATGCAATGG-1,0.000009,0.120674,0.879317
ACATGGCGCCAAAGTA-1,0.000014,0.226301,0.773685
ACATGGCTCAATTTAG-1,0.000027,0.323338,0.676635
ACATTAGTTTATATCC-1,0.280448,0.15104,0.568511
ACATTCGCGCGGAATA-1,0.003193,0.007356,0.989451
ACCAACCGCACTCCAC-1,0.033728,0.473795,0.492477
ACCAACGCTTATTTAT-1,0.834674,0.000039,0.165287
ACCAAGAACGCGTGTC-1,0.000017,0.173209,0.826775
ACCAATATGCAAGTTA-1,0.020032,0.537241,0.442727
ACCACAAGTTTCTATC-1,0.026141,0.099013,0.874847
ACCACCAATGTAACAA-1,0.000008,0.003475,0.996517
ACCACGTGCAGCTATA-1,0.002587,0.003537,0.993877
ACCACTGTTCAAGAAG-1,0.000023,0.01281,0.987167
ACCAGACCATAACAAC-1,0.047192,0.000029,0.952779
ACCAGTGCGGGAGACG-1,0.026071,0.227854,0.746075
ACCATATCCGCAATAA-1,0.01604,0.365764,0.618196
ACCATCCGCCAACTAG-1,0.877485,0.033617,0.088897
ACCATCGTATATGGTA-1,0.618063,0.163542,0.218395
ACCATTAAGGGTGTCA-1,0.00004,0.447797,0.552163
ACCCAACGCCCGTGGC-1,0.000011,0.432427,0.567562
ACCCACCTACATGCTC-1,0.052476,0.5939,0.353624
ACCCATCTTGAGGGTA-1,0.066767,0.220528,0.712705
ACCCATTTGTCCCTCT-1,0.002768,0.039994,0.957238
ACCCGAGCGAAATTAC-1,0.630528,0.054307,0.315166
ACCCGATTGGTTCCGA-1,0.646269,0.026719,0.327012
ACCCGGAAACTCCCAG-1,0.211165,0.255932,0.532903
ACCCGGAGCACCACAA-1,0.000074,0.089413,0.910513
ACCCGGATGACGCATC-1,0.000007,0.020769,0.979224
ACCCGGTTACACTTCC-1,0.096575,0.007627,0.895798
ACCCGTGTCATCAGTA-1,0.648873,0.030115,0.321011
ACCCTATAGGACTGAG-1,0.000026,0.364632,0.635342
ACCCTATGCCATATCG-1,0.750041,0.000027,0.249932
ACCCTCCCGTCAGGGC-1,0.005766,0.023403,0.970831
ACCCTCCCTTGCTATT-1,0.009494,0.44355,0.546956
ACCCTTCATCTGCGAA-1,0.000019,0.356751,0.64323
ACCGAAAGGGCCCTGC-1,0.016633,0.847257,0.13611
ACCGAAGAGTCTGGTT-1,0.972969,0.000029,0.027002
ACCGACACATCTCCCA-1,0.118637,0.000008,0.881355
ACCGACTGAGTCCCAC-1,0.009294,0.392129,0.598577
ACCGAGTCTCCTTATT-1,0.033695,0.175175,0.791129
ACCGATAGGCATAACC-1,0.000008,0.001483,0.998509
ACCGATATTTAATCAT-1,0.00001,0.000997,0.998993
ACCGATGGTAGCATCG-1,0.004903,0.271671,0.723426
ACCGCAATAACTGCCT-1,0.001049,0.022414,0.976536
ACCGCGGTGGAAGTCG-1,0.000848,0.007999,0.991153
ACCGCTAGTCATTGGT-1,0.222762,0.163091,0.614147
ACCGGGCCTTTGTTGA-1,0.000567,0.616359,0.383075
ACCGGTCAGGTACACC-1,0.694952,0.047729,0.25732
ACCGTCCACTGGGCCC-1,0.002111,0.000021,0.997867
ACCGTGACCACGTGGG-1,0.874817,0.000022,0.125161
ACCTAAGTACCTTTCA-1,0.928057,0.067124,0.004819
ACCTAATCGACTTCCT-1,0.000123,0.000044,0.999833
ACCTACAGTATGTGGT-1,0.000016,0.168148,0.831835
ACCTACTATAAATCTA-1,0.787506,0.167307,0.045187
ACCTCCGCCCTCGCTG-1,0.0001,0.032532,0.967367
ACCTCCGTTATTCACC-1,0.022664,0.67618,0.301157
ACCTCGAACTTATGCT-1,0.214857,0.000016,0.785127
ACCTGCGTGTCATGTT-1,0.848306,0.111114,0.04058
ACGAAATGGGCGGCAC-1,0.001401,0.070519,0.92808
ACGACCCATGAGTTGC-1,0.002526,0.01847,0.979004
ACGACTGGTCATACTC-1,0.692908,0.045784,0.261308
ACGAGAACCCATCACG-1,0.001752,0.604545,0.393702
ACGAGGATACCACTCT-1,0.823383,0.031556,0.145061
ACGAGGTTTACAACGT-1,0.708752,0.001175,0.290073
ACGAGTACGGATGCCC-1,0.000018,0.28072,0.719262
ACGAGTCGCCGGCGTT-1,0.015917,0.297147,0.686936
ACGATACATAGAACTA-1,0.022552,0.023932,0.953516
ACGATACCTATCCTGA-1,0.009794,0.008803,0.981403
ACGATCATACATAGAG-1,0.000013,0.055748,0.944239
ACGATCATCTTGTAAA-1,0.000016,0.237543,0.762442
ACGATGCATATGTTAT-1,0.077611,0.006993,0.915396
ACGATGGATCCGATGC-1,0.062229,0.284069,0.653702
ACGCAAACTAATAGAT-1,0.996678,0.000018,0.003304
ACGCAATCACTACAGC-1,0.000045,0.990633,0.009321
ACGCATACGTTTACTA-1,0.001325,0.209752,0.788923
ACGCATTCGTGAGTAC-1,0.000043,0.165532,0.834425
ACGCCAGATGATTTCT-1,0.00001,0.066339,0.933651
ACGCCGCTAGACGACC-1,0.020131,0.00057,0.979299
ACGCGAAGTCAGACGA-1,0.194015,0.0001,0.805886
ACGCGCTACACAGGGT-1,0.336534,0.413435,0.250031
ACGCGGGCCAAGGACA-1,0.006493,0.016261,0.977246
ACGCGTTTCTTAAGAG-1,0.083394,0.35514,0.561467
ACGCTAGTGATACACT-1,0.000018,0.377928,0.622054
ACGCTGTGAGGCGTAG-1,0.164126,0.156103,0.679771
ACGGAATTTAGCAAAT-1,0.000021,0.241648,0.758331
ACGGACGCAGCGACAA-1,0.137432,0.110322,0.752246
ACGGACTCTCAAAGCG-1,0.13296,0.279072,0.587968
ACGGATGGTGCGGATA-1,0.027065,0.164512,0.808422
ACGGCACTTGCTTGGG-1,0.467291,0.147734,0.384976
ACGGCCAACATGGACT-1,0.70701,0.22618,0.06681
ACGGCGACGATGGGAA-1,0.036024,0.352804,0.611172
ACGGCGGGTTGCCCTG-1,0.00711,0.840127,0.152763
ACGGCTGGATGTAGAA-1,0.24303,0.000023,0.756947
ACGGGAGTGTCGGCCC-1,0.960847,0.031619,0.007534
ACGGGCGTATGCGACA-1,0.114257,0.547098,0.338645
ACGGGTCATGTGACTT-1,0.020753,0.217777,0.76147
ACGGTCACCGAGAACA-1,0.122721,0.152232,0.725046
ACGTACAGATTTCTCT-1,0.000108,0.990208,0.009685
ACGTACTTTGGCACGG-1,0.180607,0.259181,0.560212
ACGTAGATTGCTGATG-1,0.048379,0.086253,0.865368
ACGTAGGAGAGTCGCT-1,0.372909,0.446504,0.180587
ACGTATTACTCCGATC-1,0.000077,0.140536,0.859387
ACGTCGGGCAACTCGG-1,0.003075,0.112473,0.884452
ACGTCTCGTTCCGGGA-1,0.91743,0.027469,0.055101
ACGTGACAAAGTAAGT-1,0.696838,0.001785,0.301377
ACGTGCGCCTCGTGCA-1,0.033528,0.14243,0.824042
ACGTTAATGTCGAAGA-1,0.000028,0.376884,0.623088
ACGTTAGATTTGCCCG-1,0.246064,0.048236,0.7057
ACGTTATTGGTCACTC-1,0.045577,0.233799,0.720624
ACGTTCACTATGCCGC-1,0.320534,0.104114,0.575352
ACGTTCCGCGCTCCGT-1,0.000122,0.926083,0.073795
ACGTTCGCAATCAATT-1,0.000022,0.194162,0.805816
ACGTTCGTTCAGGAAA-1,0.88099,0.115863,0.003147
ACGTTCTGTACAAGTC-1,0.000009,0.046072,0.953919
ACGTTTAGTTGTGATC-1,0.000014,0.042247,0.957739
ACTACAAAGAGAGGTG-1,0.900992,0.09874,0.000268
ACTACATCCCGACAAG-1,0.258787,0.000028,0.741185
ACTACCAGCTCTCTGG-1,0.033152,0.003712,0.963136
ACTACCATCCGAGGGC-1,0.162957,0.114272,0.722771
ACTACGCGTTAGAATT-1,0.66826,0.011032,0.320709
ACTAGTTGCGATCGTC-1,0.000013,0.286502,0.713485
ACTATCCAGGGCATGG-1,0.027784,0.159295,0.81292
ACTATCGCCGGCTAAA-1,0.009144,0.008719,0.982137
ACTATCTGCCCGCGTA-1,0.000063,0.34397,0.655967
ACTATGTCCAGCTGCC-1,0.467764,0.000022,0.532213
ACTATTCGTCCGTGGT-1,0.080701,0.918978,0.000321
ACTATTTCCGGGCCCA-1,0.804859,0.000021,0.19512
ACTCAACGAATGTATT-1,0.017783,0.981955,0.000263
ACTCAAGTGCAAGGCT-1,0.000013,0.083485,0.916502
ACTCAATAAAGGCACG-1,0.017801,0.041912,0.940287
ACTCAGACCTGCTTCT-1,0.00002,0.470396,0.529584
ACTCATGGCAGCCTTC-1,0.000014,0.000014,0.999973
ACTCCAATATCATCAT-1,0.72914,0.074787,0.196073
ACTCCCATTCCTAAAG-1,0.653539,0.00003,0.346431
ACTCCCGAATTCGTTT-1,0.000009,0.000018,0.999973
ACTCCCTAATGCTAAA-1,0.083574,0.026432,0.889994
ACTCCCTAGAATAGTA-1,0.061364,0.042265,0.896371
ACTCCGGCCGACCACT-1,0.031443,0.190086,0.77847
ACTCGATGTATTTCAT-1,0.000015,0.046863,0.953123
ACTCGCCGTTCGATAA-1,0.05462,0.303632,0.641748
ACTCGCGATCTGACGC-1,0.000066,0.98895,0.010984
ACTCGTAACCCGTCCT-1,0.980051,0.01249,0.007459
ACTCGTCAGTAATCCC-1,0.022209,0.000008,0.977783
ACTCTAAACCTGGGAT-1,0.000024,0.035192,0.964785
ACTCTCTGACTTAGGT-1,0.013695,0.246904,0.739401
ACTCTGACCTAATAGA-1,0.002014,0.032041,0.965945
ACTCTTCAGCTCCCGC-1,0.000067,0.461299,0.538635
ACTCTTGTATAGTAAC-1,0.006153,0.168609,0.825238
ACTGAAACGCCGTTAG-1,0.000008,0.01719,0.982803
ACTGAATGGCGAAAGT-1,0.095479,0.369196,0.535324
ACTGCCCGCCATTCTC-1,0.323048,0.000019,0.676933
ACTGCCGTCGTAACTC-1,0.000015,0.023721,0.976265
ACTGCGGACACACCGT-1,0.000035,0.695379,0.304586
ACTGCTCGGAAGGATG-1,0.999605,0.000044,0.000351
ACTGGGATGCCAGTGC-1,0.31319,0.14571,0.541101
ACTGTACGATACACAT-1,0.000011,0.064238,0.935751
ACTGTAGCACTTTGGA-1,0.000024,0.316256,0.683721
ACTGTATACGCGAGCA-1,0.000012,0.009209,0.99078
ACTGTCCAGGATTATA-1,0.000016,0.152515,0.847468
ACTGTCTTCTTTAGAA-1,0.000016,0.07734,0.922644
ACTGTGCTAGTAGATC-1,0.000029,0.143093,0.856878
ACTTACGCATCCACGC-1,0.000009,0.000594,0.999397
ACTTAGTACGACAAGA-1,0.000037,0.682601,0.317362
ACTTATACTTACCCGG-1,0.005454,0.108217,0.886329
ACTTATTAGGATCGGT-1,0.02713,0.593511,0.379359
ACTTATTTATGTGCCA-1,0.004495,0.449046,0.546459
ACTTCAGGCTGATCCC-1,0.028264,0.105771,0.865966
ACTTCCAGTGGAAGCT-1,0.738352,0.000057,0.261591
ACTTCCATGCGGGACA-1,0.016088,0.050832,0.93308
ACTTCGCCATACGCAC-1,0.000011,0.168416,0.831573
ACTTGACTCCCTCTTT-1,0.003189,0.028253,0.968558
ACTTGCTCTATCTACC-1,0.015722,0.077854,0.906423
ACTTGGGACCCGGTGG-1,0.091729,0.236216,0.672054
ACTTGTAGTCCCTTCA-1,0.527519,0.025363,0.447119
ACTTGTGGATGGAACG-1,0.000011,0.037779,0.96221
ACTTTACCCTCATGAA-1,0.000015,0.046101,0.953884
ACTTTCCTATAGCTTC-1,0.011286,0.079217,0.909497
ACTTTGACTGCATCCT-1,0.233143,0.270884,0.495973
ACTTTGGTCGTGCTCC-1,0.367642,0.000046,0.632312
ACTTTGTCGACGCACT-1,0.000015,0.08511,0.914876
AGAAATTATGACTCGC-1,0.000015,0.347953,0.652032
AGAACCCAGCGTGACA-1,0.000012,0.207542,0.792447
AGAACCCTCAATTGGG-1,0.508813,0.042647,0.448539
AGAACGTGGTACATTC-1,0.000794,0.159645,0.839561
AGAAGAGCGCCGTTCC-1,0.00016,0.180201,0.819639
AGAAGGTACACTTCAC-1,0.382699,0.060644,0.556658
AGAAGGTTGCCGAATT-1,0.228883,0.41345,0.357667
AGAAGGTTGTAGGTCG-1,0.151331,0.341152,0.507516
AGAAGTGATTCGTGAT-1,0.811018,0.010738,0.178243
AGAATAAATCTTCAGG-1,0.151434,0.039726,0.80884
AGAATTATGGATTCGA-1,0.000358,0.030911,0.968731
AGAATTGTTTGACATA-1,0.033025,0.368949,0.598026
AGACAGCTCAGAATCC-1,0.042255,0.052806,0.904939
AGACAGGCATCTCAGC-1,0.025638,0.009218,0.965144
AGACATAGATCCTTCC-1,0.050876,0.948438,0.000686
AGACCAAACCACACCT-1,0.68852,0.007022,0.304457
AGACCATGGGATACAA-1,0.000008,0.004817,0.995175
AGACCCACCGCTGATC-1,0.034386,0.204935,0.760678
AGACCCGCCCTCCTCG-1,0.018252,0.16554,0.816208
AGACCGCTCCGCGGTT-1,0.00001,0.331093,0.668897
AGACCGGGAAACCCTG-1,0.472174,0.334484,0.193342
AGACGAAGTGCCGGTC-1,0.003276,0.301702,0.695022
AGACGACGATGCCGCT-1,0.972667,0.027043,0.00029
AGACGCCCACTTCGCC-1,0.000008,0.004748,0.995244
AGACTAGCCTTCCAGA-1,0.00001,0.009398,0.990592
AGACTGTTACCGGGTC-1,0.925976,0.00003,0.073994
AGAGAAACACCAGAAA-1,0.638103,0.057943,0.303954
AGAGAACCGTCTAGGA-1,0.000016,0.21496,0.785024
AGAGAAGGAGTACAAT-1,0.846608,0.068368,0.085024
AGAGATCTCTAAAGCG-1,0.311886,0.008398,0.679717
AGAGCAGTTATGAGAC-1,0.029763,0.175137,0.7951
AGAGCCGCCGAGATTT-1,0.000012,0.121659,0.878329
AGAGCGGGCTAATCAT-1,0.000008,0.000008,0.999985
AGAGCGTACAAGCTCG-1,0.006133,0.250294,0.743573
AGAGCTACGAAAGCAT-1,0.000012,0.000012,0.999976
AGAGGCTTCGGAAACC-1,0.000013,0.329766,0.670221
AGAGTAAACTTCACTA-1,0.000013,0.232588,0.767399
AGATAACTTCAGGGCC-1,0.000019,0.272439,0.727542
AGATACCAATAGAACC-1,0.000007,0.217792,0.7822
AGATACCGGTGTTCAC-1,0.326089,0.529277,0.144634
AGATACGACTTCATAT-1,0.033693,0.000157,0.96615
AGATACTCAAGATCGA-1,0.061204,0.003566,0.93523
AGATATAATACGACTA-1,0.16662,0.004394,0.828985
AGATCGTGCATAAGAT-1,0.000022,0.457163,0.542815
AGATCTCAGGTGTGAT-1,0.000864,0.261699,0.737438
AGATGACTCGCCCACG-1,0.000035,0.187471,0.812494
AGATGATGGAGTCTGG-1,0.000013,0.055284,0.944703
AGATGCAAGACGTGCA-1,0.937846,0.061941,0.000213
AGATGCATCCTGTGTC-1,0.92175,0.077937,0.000313
AGATGCTATAACGAGC-1,0.000028,0.07067,0.929302
AGATTATAGGACGTTT-1,0.000425,0.07757,0.922004
AGATTCACAACCGATA-1,0.974744,0.000025,0.025231
AGCAAAGGCCGCTAGT-1,0.051366,0.09366,0.854974
AGCAACATATCTTATT-1,0.060928,0.027393,0.911679
AGCAACCGAAAGTAAT-1,0.929686,0.004354,0.06596
AGCACACGTTTAGACT-1,0.26138,0.000019,0.738601
AGCACCAGTACTCACG-1,0.000015,0.181313,0.818672
AGCACTACCGGCCTGT-1,0.0837,0.015681,0.900619
AGCACTACCTCACCAG-1,0.021908,0.001309,0.976783
AGCACTTAAGGACGCC-1,0.004646,0.179156,0.816198
AGCAGAAGGAGAAAGA-1,0.249217,0.005691,0.745092
AGCAGCCAGATGAATA-1,0.700862,0.011432,0.287706
AGCATATCAATATGCT-1,0.014103,0.613772,0.372125
AGCATCATTTCGAAAG-1,0.987705,0.012033,0.000261
AGCATCGTCGATAATT-1,0.000025,0.292348,0.707627
AGCATTACGAGGCAAG-1,0.060952,0.338736,0.600312
AGCCAAGCTTTGTGTC-1,0.615096,0.000631,0.384273
AGCCACAGGTTACCCG-1,0.059318,0.000823,0.939859
AGCCACTCCCGTGCTT-1,0.000021,0.402378,0.597601
AGCCATATAGTATGTG-1,0.583153,0.217212,0.199635
AGCCCATACATGTAAG-1,0.274697,0.00002,0.725283
AGCCCGCAACAAGCAG-1,0.846932,0.000015,0.153053
AGCCCGGCATTAGAGG-1,0.834381,0.037627,0.127992
AGCCCGGTAGCCTGTA-1,0.898086,0.025894,0.07602
AGCCCTAAGCGAAGTT-1,0.000006,0.000006,0.999988
AGCCCTCCCTGGTGGC-1,0.353938,0.000016,0.646046
AGCCCTGTCGCACCGT-1,0.000011,0.176993,0.822996
AGCCCTTGGACATCCC-1,0.000009,0.142807,0.857183
AGCCGCAAATTCAAAT-1,0.000024,0.000024,0.999951
AGCCGCTTGATTAGCG-1,0.000035,0.335738,0.664227
AGCCGTGGCTAAATGT-1,0.967077,0.032666,0.000257
AGCCTAATACCCACGT-1,0.745794,0.006664,0.247541
AGCCTTAAAGCGGAAG-1,0.118707,0.507018,0.374275
AGCGACAGGAACGGTC-1,0.967388,0.002217,0.030395
AGCGACATCCCATTCA-1,0.000019,0.039424,0.960557
AGCGACCAACGATATT-1,0.132225,0.052162,0.815613
AGCGAGACGTGAAGGC-1,0.096603,0.040781,0.862616
AGCGATGCGCCTAATA-1,0.030651,0.329877,0.639473
AGCGCATAATGAATCG-1,0.530008,0.000012,0.46998
AGCGCGGGTGCCAATG-1,0.000008,0.047416,0.952577
AGCGCTAGAGCGATGT-1,0.00004,0.914832,0.085128
AGCGGACACTTCGTAG-1,0.687469,0.201285,0.111246
AGCGGCGGTTAGCGGT-1,0.958045,0.02912,0.012834
AGCGGGAAGGGTCCAT-1,0.000014,0.004616,0.995371
AGCGGGTCTGACACTC-1,0.517673,0.144179,0.338148
AGCGTACGAGAGCTAG-1,0.000026,0.25783,0.742145
AGCGTCTGAACCCGCA-1,0.000083,0.851198,0.148719
AGCGTGGTATTCTACT-1,0.000015,0.13971,0.860275
AGCTAACAAGCAATGT-1,0.903016,0.094571,0.002413
AGCTAAGTACGCAGGC-1,0.00001,0.005917,0.994073
AGCTAGAAGCAGAAGT-1,0.000039,0.941535,0.058426
AGCTATTTAATCCAAC-1,0.000009,0.005036,0.994955
AGCTCCATATATGTTC-1,0.000841,0.106716,0.892444
AGCTCCTTCGCACATC-1,0.045314,0.016364,0.938322
AGCTCTAGACGTTCCA-1,0.000434,0.191204,0.808362
AGCTCTTCCCAGTGCA-1,0.000023,0.573174,0.426803
AGCTCTTCGTAACCTT-1,0.011389,0.057148,0.931462
AGCTCTTTACTCAGTT-1,0.047326,0.233643,0.719032
AGCTGAAGTAAACCAA-1,0.000008,0.006777,0.993215
AGCTGTAACCTCAATC-1,0.851344,0.011936,0.136719
AGCTTATAGAGACCTG-1,0.133579,0.196834,0.669587
AGCTTCTTCTCGAGCA-1,0.005379,0.175315,0.819307
AGCTTGATCAGGGTAG-1,0.014027,0.132637,0.853337
AGCTTGATCTTAACTT-1,0.528389,0.246505,0.225106
AGGAAAGCCTCTGATG-1,0.05722,0.51074,0.43204
AGGAACGAACGACTTC-1,0.000006,0.000045,0.999949
AGGAAGCTGTCCGCCG-1,0.553912,0.355769,0.09032
AGGACAGTCGAATCCC-1,0.052746,0.168837,0.778417
AGGACATCGCACGTCG-1,0.000027,0.220071,0.779902
AGGACGACCCATTAGA-1,0.355575,0.250584,0.393841
AGGACGCTCGATGTTG-1,0.026594,0.971256,0.002149
AGGACTTATAGGAGAA-1,0.000023,0.077018,0.92296
AGGAGGCCTTCGCGCG-1,0.000008,0.062703,0.937289
AGGATAAAGTCGGGAT-1,0.063939,0.000038,0.936023
AGGATATAGGGATTTA-1,0.093664,0.240923,0.665413
AGGATCACGCGATCTG-1,0.822048,0.000025,0.177928
AGGATTGCTTACGACA-1,0.265312,0.734166,0.000522
AGGCACGTGACTGTCC-1,0.000009,0.066052,0.933939
AGGCAGATGCGTAAAC-1,0.000012,0.253948,0.74604
AGGCAGGGAGCGTACT-1,0.913412,0.065738,0.02085
AGGCATTGTCGTAGGG-1,0.001248,0.098022,0.90073
AGGCCACATTGGTTAC-1,0.032985,0.355447,0.611567
AGGCCACCCGTTATGA-1,0.000642,0.08049,0.918868
AGGCCCAGTGACTGGT-1,0.000026,0.009999,0.989975
AGGCCCATTGTACAGG-1,0.000022,0.119264,0.880714
AGGCCCTAGAACGCCA-1,0.699429,0.000014,0.300557
AGGCCTATCATACCAA-1,0.913875,0.070633,0.015492
AGGCCTGAGAATCTCG-1,0.039587,0.075357,0.885057
AGGCGATAACTGGCGT-1,0.000013,0.038593,0.961394
AGGCGGTTTGTCCCGC-1,0.609349,0.00003,0.390621
AGGCTATGGTTAGCTT-1,0.000018,0.299648,0.700334
AGGCTTCCCGAAGAAG-1,0.983361,0.003803,0.012836
AGGCTTGCTAGACACC-1,0.000915,0.028731,0.970353
AGGGACCGGCTGCGTT-1,0.000015,0.184433,0.815552
AGGGACTCTACGCGAC-1,0.650149,0.163896,0.185955
AGGGAGACATACTTCG-1,0.0805,0.790587,0.128913
AGGGCCCTAATGTTCT-1,0.000011,0.013827,0.986161
AGGGCGAGCAGCTGAT-1,0.61949,0.069458,0.311053
AGGGCGTGATCGGCTA-1,0.000018,0.383182,0.616801
AGGGCTGCAGTTACAG-1,0.001607,0.135777,0.862616
AGGGTCAGAGCACTCG-1,0.715895,0.159187,0.124918
AGGGTCGATGCGAACT-1,0.003213,0.082614,0.914173
AGGGTGCCGTTCTTTA-1,0.650922,0.015549,0.333529
AGGGTGCTCTCGAGGG-1,0.001053,0.42767,0.571277
AGGGTGGATAGTGCAT-1,0.000015,0.000015,0.99997
AGGGTTCAGACGGTCC-1,0.711747,0.043043,0.245209
AGGGTTCCCTTTGGTT-1,0.011683,0.173568,0.81475
AGGGTTTAGTTCGGGA-1,0.000013,0.000157,0.99983
AGGTAACCTCCTATTC-1,0.000011,0.021243,0.978745
AGGTACGATATTGCCA-1,0.04497,0.473787,0.481243
AGGTAGATCGAGATAT-1,0.771308,0.000035,0.228657
AGGTAGGTACAAAGCT-1,0.003404,0.087147,0.909449
AGGTATAATTGATAGT-1,0.000013,0.025862,0.974125
AGGTATGCGGACATTA-1,0.018774,0.949112,0.032114
AGGTCAGGTGAGAGTG-1,0.807175,0.076385,0.116439
AGGTCGCCTCCCAACA-1,0.000009,0.045011,0.954979
AGGTCGCGGAGTTACT-1,0.000007,0.016943,0.98305
AGGTGCACGTCCACAT-1,0.009873,0.248593,0.741535
AGGTGGTGACCTTCGC-1,0.716207,0.11565,0.168143
AGGTGTATCGCCATGA-1,0.043912,0.233339,0.722748
AGGTGTTGCCGACCAC-1,0.000011,0.112096,0.887893
AGGTTACACCATGCCG-1,0.000017,0.308383,0.6916
AGGTTCTCCTTTCCGG-1,0.077341,0.00002,0.922638
AGGTTGAGGCACGCTT-1,0.009722,0.403476,0.586802
AGGTTTCACACACCTT-1,0.00001,0.002148,0.997842
AGTAATGTCTTGCCGC-1,0.000038,0.448771,0.551191
AGTAATTTGCAAGCGT-1,0.032523,0.004172,0.963305
AGTACAGAAGCTTATA-1,0.201358,0.197509,0.601133
AGTACATCATTTATCA-1,0.000022,0.394741,0.605237
AGTACGGCCCGTATCG-1,0.069094,0.209952,0.720954
AGTACGGGCACCTGGC-1,0.000018,0.604724,0.395258
AGTACTCTTATGCCCA-1,0.000019,0.313702,0.686279
AGTAGAAGGCGCCTCA-1,0.691881,0.134725,0.173394
AGTAGGTAACATACAT-1,0.000016,0.023286,0.976697
AGTATAATACTAGGCA-1,0.001558,0.508676,0.489766
AGTATACACAGCGACA-1,0.785996,0.054329,0.159675
AGTATCCATAATAACG-1,0.062324,0.278941,0.658735
AGTATGCTGGAGACCA-1,0.822508,0.000021,0.177471
AGTATTTGGCACGACC-1,0.807022,0.025357,0.167621
AGTCAAATGATGTGAT-1,0.705866,0.122617,0.171518
AGTCAACACCACCATC-1,0.097612,0.055932,0.846457
AGTCAAGATGACACTT-1,0.015246,0.169552,0.815202
AGTCACTAGCTCTCGA-1,0.008526,0.203066,0.788408
AGTCACTCCGCCTCAT-1,0.045835,0.876387,0.077779
AGTCAGCCACCGCCTG-1,0.007255,0.107395,0.885349
AGTCCAGCGGGTACGT-1,0.026191,0.327168,0.646641
AGTCCATTGGCTGATG-1,0.033607,0.040363,0.92603
AGTCCCGCCTTTAATT-1,0.021937,0.798961,0.179101
AGTCGAAACGATTCAG-1,0.004188,0.197878,0.797934
AGTCGACGGTCTCAAG-1,0.030374,0.256062,0.713564
AGTCGGCCCAAACGAC-1,0.019639,0.043604,0.936757
AGTCGGCTCAACTTTA-1,0.901518,0.029017,0.069465
AGTCGGTTGCGTGAGA-1,0.000015,0.180444,0.81954
AGTCGTATAAAGCAGA-1,0.100454,0.000008,0.899538
AGTCGTCGACCACCAA-1,0.040172,0.091221,0.868608
AGTCGTGGGCATTACG-1,0.707554,0.000017,0.29243
AGTCTAAAGTATACTC-1,0.000022,0.491399,0.508579
AGTCTCACAAGACTAC-1,0.926876,0.067763,0.005361
AGTCTGGACATCCTTG-1,0.000078,0.378828,0.621093
AGTCTTCTCCTCAAAT-1,0.000012,0.003213,0.996775
AGTCTTTAAAGTGTCC-1,0.113454,0.332839,0.553707
AGTGAACAAACTTCTC-1,0.000012,0.279671,0.720317
AGTGACCTACTTTACG-1,0.119823,0.363671,0.516507
AGTGACTGTGACACAA-1,0.356809,0.00067,0.642521
AGTGAGACTTCCAGTA-1,0.000418,0.293952,0.70563
AGTGAGCCTCGCCGCC-1,0.004802,0.465916,0.529283
AGTGAGTCGAATTAAC-1,0.002208,0.250544,0.747248
AGTGATAACCTGCGCG-1,0.001815,0.224688,0.773497
AGTGATATGAGTAGTT-1,0.213015,0.116061,0.670923
AGTGATTCAAGCAGGA-1,0.000009,0.224886,0.775106
AGTGCACGCTTAAGAA-1,0.008561,0.24804,0.743399
AGTGCGTAGCTCGTAA-1,0.585603,0.011126,0.40327
AGTGCTAAACACAGCA-1,0.001592,0.113451,0.884957
AGTGCTTGCACGAATA-1,0.011487,0.146134,0.842379
AGTGGCGGCAATTTGA-1,0.000008,0.027314,0.972678
AGTGGCGTCTGAAGGT-1,0.000018,0.151088,0.848894
AGTGGCTCCGTCGGCC-1,0.394419,0.321515,0.284066
AGTGGGAGTATACACG-1,0.00017,0.957734,0.042097
AGTGGTGTTACCCGTG-1,0.673188,0.000048,0.326764
AGTGGTTGCGTATAGG-1,0.00003,0.022699,0.977271
AGTGTATTGCGCATTG-1,0.018209,0.981083,0.000709
AGTGTGCTAAGATCGC-1,0.018785,0.174187,0.807028
AGTGTGGTCTATTGTG-1,0.081519,0.183218,0.735263
AGTTAAACACTTGCGA-1,0.087638,0.148767,0.763595
AGTTAAGCGGTCCCGG-1,0.014897,0.606838,0.378265
AGTTAAGTCAACCGCT-1,0.893874,0.067916,0.038209
AGTTACCCTTAAGACT-1,0.000019,0.003622,0.996358
AGTTACCGCACATGGT-1,0.054629,0.271978,0.673393
AGTTACTCTATCGTGG-1,0.027524,0.331999,0.640477
AGTTCACCGGTTGGAC-1,0.00245,0.146785,0.850765
AGTTCCTACAGAATTA-1,0.041731,0.020324,0.937945
AGTTCCTATTTATGTT-1,0.000017,0.139598,0.860385
AGTTCTGCGTTGTATC-1,0.000024,0.241211,0.758765
AGTTGACATCGGCTGG-1,0.000009,0.004284,0.995707
AGTTGACGGTCCTTGC-1,0.601777,0.039238,0.358985
AGTTGCGGTCCTCAAC-1,0.024421,0.002693,0.972886
AGTTGCTGACTGATAT-1,0.000965,0.049445,0.94959
AGTTGGCAAGGCTAGA-1,0.00168,0.250563,0.747757
AGTTTATGTAAAGACA-1,0.000136,0.47413,0.525735
AGTTTCGCAGGTCGGA-1,0.000025,0.533018,0.466956
AGTTTGCACCTGCCTC-1,0.107602,0.027524,0.864874
AGTTTGGCACGGGTTG-1,0.000022,0.742785,0.257193
AGTTTGGCCAGACCTA-1,0.916958,0.000019,0.083023
ATAAACGGACCCGTAA-1,0.111323,0.00001,0.888667
ATAAACGTTGCACCAC-1,0.079713,0.295162,0.625125
ATAAAGGCTCGGTCGT-1,0.028333,0.268763,0.702904
ATAAATATTAGCAGCT-1,0.310683,0.306237,0.38308
ATAACGCCGGAGGGTC-1,0.008602,0.203679,0.787718
ATAACGGAGTCCAACG-1,0.001139,0.06624,0.932621
ATAAGGTGGAGAACAT-1,0.001089,0.085994,0.912917
ATAAGTAGGATTCAGA-1,0.00092,0.005442,0.993638
ATAAGTAGGGCGACTC-1,0.000023,0.471848,0.528128
ATAAGTTACCGCGACG-1,0.370348,0.145559,0.484093
ATAATACCGTTAGCCG-1,0.000024,0.224337,0.775639
ATAATAGCTGTTGAAT-1,0.093898,0.145796,0.760306
ATAATAGTGTAGGGAC-1,0.029607,0.085604,0.88479
ATAATCTTGGAGAACC-1,0.000073,0.000295,0.999632
ATAATTAGCTAAGTAG-1,0.333492,0.005297,0.661211
ATACAGGCCCTCCAAT-1,0.121467,0.293243,0.585289
ATACCACGGGCAACTT-1,0.122395,0.134986,0.742619
ATACCAGGCTAATAGA-1,0.000048,0.874681,0.125272
ATACCTAACCAAGAAA-1,0.447695,0.320906,0.2314
ATACGAAGGCTTTCCA-1,0.03126,0.837188,0.131553
ATACGCCGGCGAAACC-1,0.025576,0.180734,0.79369
ATACGGAACGTCGTTT-1,0.999817,0.00002,0.000163
ATACGGGTTTCGATTG-1,0.000008,0.000145,0.999847
ATACGGTGAAGATGCA-1,0.007995,0.000019,0.991986
ATACGTACTTAGCCAC-1,0.000011,0.004165,0.995824
ATACGTCCACTCCTGT-1,0.004252,0.007447,0.988301
ATACGTTATGCACGGA-1,0.255059,0.076535,0.668406
ATACTACCCGTACCAC-1,0.029974,0.16881,0.801217
ATACTAGCATGACCCT-1,0.000019,0.048966,0.951016
ATACTCTCGCCACTCT-1,0.000009,0.000009,0.999981
ATACTGCCTTACACCG-1,0.016535,0.007135,0.97633
ATACTTGTTCTCGAGC-1,0.029299,0.020173,0.950528
ATAGACAACGGGACCT-1,0.000006,0.000006,0.999988
ATAGACGAAGAGAAAG-1,0.135297,0.178755,0.685948
ATAGAGTACTGGGACA-1,0.00002,0.338516,0.661464
ATAGAGTTATCAACTT-1,0.002598,0.016652,0.98075
ATAGCAACTAGGGAAG-1,0.00654,0.271963,0.721497
ATAGCCTCAGTACCCA-1,0.000015,0.027019,0.972967
ATAGCTGCTCTTGTTA-1,0.000018,0.169685,0.830297
ATAGGCGGCTATAGAA-1,0.644794,0.265498,0.089708
ATAGGCTAGCTTCGCA-1,0.000007,0.000566,0.999427
ATAGGGATATCCTTGA-1,0.012916,0.163383,0.823701
ATAGGTTGGGCAGATG-1,0.07898,0.426007,0.495012
ATAGTGAAGCGTTCTC-1,0.04717,0.052259,0.900571
ATAGTTCCACCCACTC-1,0.00378,0.07346,0.92276
ATATAAAGCGCTCGTG-1,0.269104,0.308966,0.42193
ATATAAATGTAGCTGC-1,0.134832,0.206391,0.658777
ATATAACACGGGCGCA-1,0.025109,0.10745,0.867442
ATATACATGTATGGTA-1,0.913651,0.085725,0.000625
ATATACGCTCGTGACG-1,0.003322,0.044097,0.952581
ATATAGAGTATTGGTC-1,0.215131,0.000047,0.784823
ATATCAACCTACAGAG-1,0.000022,0.417916,0.582062
ATATCAATTCCAGCCT-1,0.868664,0.020592,0.110744
ATATCGGTAGGGAGAT-1,0.005667,0.081337,0.912996
ATATCGTTCCTCGAAC-1,0.042719,0.000007,0.957274
ATATCTCCCTCGTTAA-1,0.000015,0.190764,0.80922
ATATCTTAGGGCCTTC-1,0.000022,0.199148,0.80083
ATATGGGATAGCAACT-1,0.754164,0.001204,0.244633
ATATGTCTCCCTAGCC-1,0.000007,0.007818,0.992175
ATATTATCCCGTATTT-1,0.000026,0.089163,0.910811
ATATTCAGTTAAACCT-1,0.71321,0.133788,0.153003
ATATTCCACATAGTGA-1,0.00001,0.000943,0.999047
ATATTCCCACAGGTCA-1,0.000029,0.729697,0.270274
ATATTGCTGTCAAAGT-1,0.000018,0.274353,0.725629
ATATTGGAGAGGCCTT-1,0.000009,0.000286,0.999704
ATATTTAACCCTCAAG-1,0.108401,0.528216,0.363382
ATCAAACACTGTTCCA-1,0.00859,0.167274,0.824137
ATCAAACGAAGGTTTG-1,0.999805,0.000022,0.000173
ATCAAGATCCCAGGAC-1,0.758519,0.17183,0.069651
ATCAATCTGGGCTGCA-1,0.000021,0.31126,0.688719
ATCAATGCCGTGGCTG-1,0.882145,0.000023,0.117832
ATCACATTAGAATATC-1,0.000006,0.000006,0.999988
ATCACGTGCTAATTAA-1,0.90018,0.09459,0.00523
ATCACTTCATCCTCGC-1,0.000015,0.002263,0.997722
ATCAGACGGCACGCCG-1,0.497401,0.006421,0.496178
ATCAGCCTCATGCTGC-1,0.021603,0.132183,0.846214
ATCAGCTCGTCCACTA-1,0.735515,0.01168,0.252805
ATCAGTAGGCAGGGAT-1,0.00001,0.182681,0.817309
ATCATAGATCGACGAG-1,0.326554,0.127449,0.545997
ATCATAGCCCTATGTA-1,0.023488,0.09783,0.878682
ATCATCCAATATTTGT-1,0.021639,0.255173,0.723188
ATCATGGACTACCGAC-1,0.001386,0.731143,0.267471
ATCATTGTACCGCATT-1,0.002633,0.030902,0.966465
ATCCAACGCAGTCATA-1,0.021869,0.131944,0.846188
ATCCAATGGAGGGTCC-1,0.788065,0.074567,0.137369
ATCCAATGGTACCGAA-1,0.049847,0.094014,0.856138
ATCCACATCGACAGAA-1,0.054708,0.0043,0.940992
ATCCAGAGCAACAACC-1,0.511358,0.106212,0.38243
ATCCAGGATTCGTGAA-1,0.176927,0.012459,0.810614
ATCCCATCCACAGCGC-1,0.279595,0.000031,0.720374
ATCCCATTTCCGTGGG-1,0.807132,0.180706,0.012162
ATCCTACCTAAGCTCT-1,0.147243,0.024658,0.828099
ATCCTGAATCGCTGCG-1,0.199351,0.06551,0.735139
ATCCTGCGTGGAATGG-1,0.370092,0.156206,0.473701
ATCCTGCTGCAGATAG-1,0.048111,0.488674,0.463215
ATCCTTCTGAAAGAAC-1,0.000009,0.03682,0.963171
ATCGACCCAATACAGA-1,0.018151,0.000015,0.981834
ATCGACTCTTTCCGTT-1,0.000908,0.291907,0.707184
ATCGCACGATTGTTCA-1,0.000063,0.931895,0.068043
ATCGCACGCCGGGAGA-1,0.006927,0.182142,0.810931
ATCGCCAGTCAACATT-1,0.064048,0.183269,0.752682
ATCGCTGCGTGCAGCA-1,0.037936,0.961152,0.000911
ATCGCTTTACGTCTCA-1,0.000089,0.689593,0.310318
ATCGGAGACAGACGGC-1,0.006597,0.062153,0.93125
ATCGGCAAGCAGTCCA-1,0.000031,0.885936,0.114032
ATCGGTTACCTAGTAA-1,0.001304,0.000017,0.998679
ATCGTATTCCGAGAAC-1,0.000031,0.162459,0.83751
ATCGTCCAATCGAGTC-1,0.000014,0.000014,0.999972
ATCGTGGAAAGTCTGG-1,0.528206,0.000034,0.47176
ATCGTTAGCTAGCGGA-1,0.025408,0.321265,0.653327
ATCTAACGTCCCTATG-1,0.000024,0.036424,0.963552
ATCTAATATCCTACGG-1,0.178158,0.41499,0.406851
ATCTACCATCTGCTCC-1,0.039557,0.126781,0.833662
ATCTAGCTTGTGAGGG-1,0.389219,0.005235,0.605546
ATCTCCCACGGAATAT-1,0.000009,0.000009,0.999983
ATCTCCCTGCAATCTA-1,0.000008,0.000008,0.999984
ATCTCGTGAGCGAAAC-1,0.000011,0.161238,0.838751
ATCTGACATGGAAGGA-1,0.755007,0.000026,0.244966
ATCTGATAGTGTCTTA-1,0.000035,0.31751,0.682455
ATCTGCACCTCTGCGA-1,0.001079,0.119276,0.879646
ATCTGCTGTTATCGCC-1,0.498966,0.000018,0.501017
ATCTGGGCTGTTCTTG-1,0.409836,0.257641,0.332523
ATCTGGTTAAGACTGT-1,0.024507,0.162383,0.81311
ATCTGTAATTGTACCC-1,0.000007,0.000007,0.999986
ATCTTAGGGCATTAAT-1,0.017193,0.048301,0.934506
ATCTTATCGCACACCC-1,0.002636,0.116654,0.880709
ATCTTGACCTGCAACG-1,0.020132,0.137569,0.842299
ATCTTGACTTGTCCAA-1,0.001334,0.006201,0.992465
ATCTTTCGTATAACCA-1,0.02133,0.661955,0.316715
ATGAAGCCAAGGAGCC-1,0.00001,0.14711,0.85288
ATGAAGTGGACCCAGC-1,0.000016,0.000627,0.999357
ATGACGCCGGCTCTAA-1,0.000012,0.000429,0.999559
ATGACGCGTTCTATCC-1,0.930854,0.020573,0.048572
ATGACTATCAGCTGTG-1,0.871997,0.000047,0.127956
ATGACTATGCGACATT-1,0.000015,0.159489,0.840495
ATGAGGAGTGTTAATC-1,0.000016,0.431583,0.568401
ATGAGGGCAGCGGCTA-1,0.000006,0.000006,0.999988
ATGATCGGGAATAGAC-1,0.000012,0.000012,0.999976
ATGATGCAATGGTACA-1,0.499091,0.068094,0.432816
ATGCACCTTCCTTAAT-1,0.000018,0.000018,0.999965
