Barcode,Topic 1,Topic 2to4,Topic 5to6,Topic 7to12
AAACAAGTATCTCCCA-1,0.05814,0.22688,0.671446,0.043534
AAACACCAATAACTGC-1,0.047205,0.004368,0.253471,0.694956
AAACAGAGCGACTCCT-1,0.000019,0.011054,0.000039,0.988888
AAACAGCTTTCAGAAG-1,0.000011,0.000034,0.818727,0.181227
AAACAGGGTCTATATT-1,0.003263,0.004566,0.35946,0.632711
AAACAGTGTTCCTGGG-1,0.037264,0.153614,0.026451,0.782671
AAACATGGTGAGAGGA-1,0.020335,0.179,0.209387,0.591278
AAACATTTCCCGGATT-1,0.41757,0.272991,0.000095,0.309344
AAACCACTACACAGAT-1,0.000027,0.00739,0.000054,0.992528
AAACCCGAACGAAATC-1,0.303165,0.090516,0.325535,0.280783
AAACCGGAAATGTTAA-1,0.051721,0.567136,0.092871,0.288272
AAACCGTTCGTCCAGG-1,0.06231,0.000384,0.000256,0.93705
AAACCTAAGCAGCCGG-1,0.035815,0.040105,0.550017,0.374063
AAACCTCATGAAGTTG-1,0.156372,0.000066,0.612206,0.231357
AAACGAAGAACATACC-1,0.000097,0.033012,0.156441,0.81045
AAACGAAGATGGAGTA-1,0.098697,0.00486,0.231538,0.664905
AAACGACAGTCTTGCC-1,0.084153,0.079273,0.000054,0.83652
AAACGAGACGGTTGAT-1,0.056162,0.060214,0.716529,0.167096
AAACGCCCGAGATCGG-1,0.063106,0.026525,0.044906,0.865463
AAACGCTGGGCACGAC-1,0.399297,0.5311,0.000021,0.069581
AAACGGGCGTACGGGT-1,0.009375,0.232853,0.085607,0.672166
AAACGGTTGCGAACTG-1,0.179766,0.068084,0.082348,0.669801
AAACGTGTTCGCCCTA-1,0.153842,0.038479,0.00008,0.807599
AAACTAACGTGGCGAC-1,0.068982,0.018997,0.130818,0.781204
AAACTCGGTTCGCAAT-1,0.000068,0.171921,0.002651,0.825361
AAACTCGTGATATAAG-1,0.139194,0.108291,0.242281,0.510234
AAACTGCTGGCTCCAA-1,0.072764,0.000075,0.048317,0.878845
AAACTTAATTGCACGC-1,0.029756,0.259966,0.466962,0.243317
AAACTTGCAAACGTAT-1,0.046278,0.00022,0.020806,0.932696
AAAGAATGACCTTAGA-1,0.199267,0.00065,0.775919,0.024164
AAAGAATGTGGACTAA-1,0.00004,0.780606,0.047243,0.172111
AAAGACCCAAGTCGCG-1,0.000126,0.049042,0.184226,0.766607
AAAGACTGGGCGCTTT-1,0.029937,0.000042,0.939222,0.030799
AAAGCTTGCCTACATA-1,0.001767,0.142097,0.446908,0.409228
AAAGGCCCTATAATAC-1,0.118079,0.060889,0.039358,0.781674
AAAGGCTACGGACCAT-1,0.000061,0.04555,0.037866,0.916523
AAAGGCTCTCGCGCCG-1,0.101983,0.282072,0.000192,0.615754
AAAGGGATGTAGCAAG-1,0.000033,0.000098,0.000065,0.999804
AAAGGGCAGCTTGAAT-1,0.105699,0.000282,0.173709,0.720309
AAAGGTAAGCTGTACC-1,0.203196,0.025973,0.005282,0.76555
AAAGTAGCATTGCTCA-1,0.076319,0.012233,0.177184,0.734264
AAAGTCACTGATGTAA-1,0.084467,0.097833,0.104883,0.712816
AAAGTCGACCCTCAGT-1,0.022723,0.000033,0.95884,0.018404
AAAGTGCCATCAATTA-1,0.489263,0.501212,0.009448,0.000077
AAAGTGTGATTTATCT-1,0.005497,0.380975,0.080702,0.532826
AAAGTTGACTCCCGTA-1,0.001043,0.120839,0.154236,0.723882
AAATAACCATACGGGA-1,0.000055,0.054021,0.000109,0.945816
AAATAAGGTAGTGCCC-1,0.174664,0.257224,0.000077,0.568035
AAATACCTATAAGCAT-1,0.113354,0.089501,0.244363,0.552782
AAATAGCTTAGACTTT-1,0.129267,0.152868,0.050226,0.667638
AAATAGGGTGCTATTG-1,0.000013,0.066532,0.834276,0.09918
AAATCCGATACACGCC-1,0.004341,0.181589,0.56002,0.25405
AAATCGCGGAAGGAGT-1,0.000033,0.032621,0.227612,0.739734
AAATCGTGTACCACAA-1,0.094371,0.000177,0.001098,0.904354
AAATCTAGCCCTGCTA-1,0.000045,0.55598,0.141642,0.302333
AAATCTGCCCGCGTCC-1,0.134871,0.115725,0.021334,0.72807
AAATGACTGATCAAAC-1,0.008334,0.025001,0.016668,0.949998
AAATGATTCGATCAGC-1,0.082241,0.188705,0.093065,0.635989
AAATGCTCGTTACGTT-1,0.081671,0.000203,0.000135,0.917991
AAATGGCATGTCTTGT-1,0.055581,0.007429,0.238594,0.698397
AAATGGCCCGTGCCCT-1,0.019367,0.000071,0.61804,0.362523
AAATGGTCAATGTGCC-1,0.000065,0.035323,0.106715,0.857897
AAATGTATCTTATCCC-1,0.469113,0.000094,0.257266,0.273527
AAATTAACGGGTAGCT-1,0.000058,0.000175,0.000117,0.99965
AAATTAATAAGCGCGA-1,0.264773,0.015564,0.309599,0.410064
AAATTACACGACTCTG-1,0.000049,0.000836,0.000098,0.999017
AAATTACCTATCGATG-1,0.000025,0.026698,0.439145,0.534132
AAATTCCAGGTCCAAA-1,0.185197,0.365439,0.002406,0.446958
AAATTGATAGTCCTTT-1,0.116602,0.02606,0.109981,0.747358
AAATTGCGGCGGTTCT-1,0.000248,0.231245,0.392337,0.37617
AAATTGGTGAGAAGCA-1,0.11763,0.385047,0.000126,0.497197
AAATTTACCGAAATCC-1,0.000048,0.000143,0.01096,0.988849
AAATTTGCGGGTGTGG-1,0.000107,0.047265,0.000214,0.952413
AACAACTGGTAGTTGC-1,0.000106,0.000318,0.045824,0.953751
AACAATACATTGTCGA-1,0.000109,0.096178,0.048344,0.85537
AACAATTACTCTACGC-1,0.113758,0.048323,0.155136,0.682782
AACACACGCTCGCCGC-1,0.265001,0.521385,0.000829,0.212784
AACACGACTGTACTGA-1,0.000055,0.000164,0.000109,0.999672
AACACGAGACGCGGCC-1,0.000057,0.036235,0.013892,0.949816
AACAGCTGTGTGGCAA-1,0.243747,0.000185,0.200484,0.555584
AACAGGAAATCGAATA-1,0.000051,0.000153,0.000102,0.999694
AACAGGTAGTATGGAT-1,0.000049,0.381917,0.000099,0.617935
AACATAGCGTGTATCG-1,0.000047,0.00014,0.179234,0.82058
AACATATCAACTGGTG-1,0.028712,0.193854,0.243436,0.533998
AACATCGATACGTCTA-1,0.217172,0.147719,0.26733,0.367779
AACATTGAAGTTGATC-1,0.063966,0.038253,0.000113,0.897668
AACATTGGTCAGCCGT-1,0.113116,0.000865,0.404652,0.481368
AACATTGTGACTCGAG-1,0.00004,0.00012,0.019885,0.979956
AACCAAGACTTCTCTG-1,0.197069,0.0002,0.000134,0.802597
AACCAGTATCACTCTT-1,0.000046,0.000138,0.000092,0.999725
AACCATAGGGTTGAAC-1,0.02139,0.000745,0.605411,0.372454
AACCCATCCCATGATC-1,0.04171,0.000061,0.854801,0.103428
AACCCGACAACCCGTG-1,0.00004,0.000121,0.24997,0.749868
AACCCGAGCAGAATCG-1,0.000032,0.697871,0.089356,0.212741
AACCCGATAGGGCTTC-1,0.044022,0.027339,0.001666,0.926973
AACCCGCTGTATTCCA-1,0.000076,0.000227,0.323424,0.676274
AACCCTACTGTCAATA-1,0.151726,0.182065,0.275753,0.390455
AACCCTGGTGGAACCA-1,0.035247,0.018588,0.000127,0.946038
AACCGAGCTTGGTCAT-1,0.000066,0.072498,0.012143,0.915293
AACCGCTAAGGGATGC-1,0.368388,0.222344,0.000076,0.409192
AACCGTTGTGTTTGCT-1,0.04343,0.00494,0.242232,0.709399
AACCTCGCTTTAGCCC-1,0.020373,0.138101,0.554489,0.287038
AACCTGTCACGGAATT-1,0.050719,0.222652,0.000077,0.726552
AACCTTTAAATACGGT-1,0.000044,0.221253,0.130967,0.647735
AACCTTTACGACGTCT-1,0.04046,0.130975,0.191389,0.637175
AACGAAAGTCGTCCCA-1,0.0072,0.043342,0.030638,0.91882
AACGACCTCCTAGCCG-1,0.000024,0.971591,0.000048,0.028336
AACGATAATGCCGTAG-1,0.000028,0.120957,0.516647,0.362368
AACGATAGAAGGGCCG-1,0.000097,0.00029,0.000193,0.999421
AACGATATGTCAACTG-1,0.027991,0.102131,0.040933,0.828945
AACGCATGATCTGGGT-1,0.10892,0.029068,0.000075,0.861938
AACGCGACCTTGGGCG-1,0.000079,0.16488,0.025992,0.80905
AACGCGGTCTCCAGCC-1,0.202533,0.07753,0.00055,0.719387
AACGCTGTTGCTGAAA-1,0.041158,0.266131,0.076869,0.615841
AACGGACGTACGTATA-1,0.000043,0.304898,0.081198,0.613861
AACGGCCATCTCCGGT-1,0.000079,0.072344,0.015581,0.911996
AACGTACTGTGGGTAC-1,0.000104,0.000311,0.050819,0.948766
AACGTCAGACTAGTGG-1,0.000074,0.021489,0.000148,0.978288
AACGTCATCCGGCTTG-1,0.011905,0.035716,0.880946,0.071433
AACGTCGCTGCACTTC-1,0.362854,0.451481,0.000098,0.185566
AACGTGATGAAGGACA-1,0.002288,0.004779,0.110165,0.882767
AACGTGCGAAAGTCTC-1,0.116986,0.070288,0.000409,0.812317
AACGTTATCAGCACCT-1,0.081774,0.000061,0.720103,0.198062
AACGTTCTACCATTGT-1,0.000108,0.848856,0.000216,0.150821
AACTACCCGTTTGTCA-1,0.000035,0.50534,0.337243,0.157383
AACTAGCGTATCGCAC-1,0.000191,0.02855,0.287071,0.684188
AACTAGGCTTGGGTGT-1,0.006094,0.322614,0.161587,0.509705
AACTCAAGTTAATTGC-1,0.067854,0.024258,0.156003,0.751885
AACTCCAGAGCGTGTT-1,0.000045,0.102233,0.073738,0.823983
AACTCCTAATCCCATG-1,0.059831,0.000183,0.000122,0.939863
AACTCTCAATAGAGCG-1,0.000023,0.000068,0.790205,0.209704
AACTCTCAGTGTGCTC-1,0.000083,0.000734,0.006726,0.992458
AACTGAGGTCAGCGTC-1,0.000061,0.000183,0.176698,0.823058
AACTGAGTTATACTGA-1,0.021178,0.491691,0.000046,0.487085
AACTGATATTAGGCCT-1,0.019268,0.000159,0.076286,0.904287
AACTGGGTCCCGACGT-1,0.000049,0.014103,0.098735,0.887113
AACTGGGTTCGAGCCG-1,0.000082,0.222748,0.000163,0.777007
AACTGGTGTGGGCCTT-1,0.018201,0.150157,0.272811,0.558831
AACTTCTGCGTCTATC-1,0.000035,0.000105,0.363255,0.636605
AACTTGCGTTCTCGCG-1,0.000064,0.019805,0.104542,0.875589
AACTTTACGGGAGCTT-1,0.000022,0.002425,0.645483,0.35207
AACTTTAGCTGCTGAG-1,0.000171,0.000513,0.263337,0.735979
AACTTTCTCGATCATG-1,0.290603,0.384198,0.000102,0.325097
AAGAAAGTTTGATGGG-1,0.000062,0.000187,0.153149,0.846602
AAGAAATCACCAGATT-1,0.249045,0.036902,0.13348,0.580574
AAGACATACGTGGTTT-1,0.02214,0.683725,0.008595,0.285539
AAGACCAAATAACTCA-1,0.000624,0.054812,0.073355,0.87121
AAGACCCAACTGAACA-1,0.044676,0.075709,0.129901,0.749713
AAGACTGCAAGCTACT-1,0.016675,0.033429,0.311804,0.638092
AAGAGATGAATCGGTA-1,0.262076,0.000453,0.135396,0.602075
AAGAGCTCTTTATCGG-1,0.09685,0.130766,0.444298,0.328086
AAGAGGATGTACGCGA-1,0.095775,0.032156,0.247536,0.624533
AAGAGGCATGGATCGC-1,0.014825,0.120028,0.05698,0.808166
AAGAGGCCCTTTGGAA-1,0.004574,0.61975,0.029445,0.346231
AAGATGGCACCGGACC-1,0.019655,0.049315,0.000233,0.930796
AAGATTGGCGGAACGT-1,0.000025,0.009813,0.490715,0.499447
AAGCACCCTGCGTATC-1,0.044271,0.11154,0.088722,0.755467
AAGCATACTCTCCTGA-1,0.000043,0.116393,0.156597,0.726967
AAGCCACTTGCAGGTA-1,0.066603,0.087493,0.220013,0.62589
AAGCCGAAGCGGTTTA-1,0.057422,0.605614,0.000134,0.336831
AAGCCGCCGTGAAATC-1,0.049232,0.066966,0.144188,0.739615
AAGCCGCTTTACCTTG-1,0.051357,0.149329,0.229377,0.569937
AAGCCGGAGAGCAGGA-1,0.006787,0.832092,0.000031,0.16109
AAGCGCAGGGCTTTGA-1,0.000085,0.31874,0.090771,0.590405
AAGCGGAGTGCGCGCA-1,0.002847,0.020554,0.000064,0.976535
AAGCGGCGTCATGGGT-1,0.000061,0.000182,0.025902,0.973855
AAGCGTCCCTCATCGA-1,0.000141,0.058442,0.120238,0.821179
AAGCTAGATCGAGTAA-1,0.000052,0.208624,0.114858,0.676466
AAGCTATGGATTGACC-1,0.041668,0.62498,0.083336,0.250017
AAGCTCGTGCCAAGTC-1,0.000071,0.067387,0.027524,0.905018
AAGCTCTTTCATGGTG-1,0.164123,0.393152,0.103249,0.339476
AAGGAGCGGTTGGTGC-1,0.158378,0.000275,0.000183,0.841164
AAGGATCGATCGCTTG-1,0.00004,0.169659,0.000081,0.83022
AAGGATGAGGGACCTC-1,0.045393,0.120339,0.269946,0.564321
AAGGCAGGCTGTCTCC-1,0.025805,0.403901,0.000084,0.570209
AAGGCGCGTAAAGCTT-1,0.000078,0.023389,0.047266,0.929266
AAGGCTGTGCTCATCG-1,0.000062,0.016318,0.137169,0.846451
AAGGGAACGACTGGCT-1,0.088646,0.005182,0.456866,0.449306
AAGGGACAGATTCTGT-1,0.00659,0.039265,0.40901,0.545135
AAGGGACTATGCATTC-1,0.039262,0.075774,0.172001,0.712963
AAGGGTTAGCCATGCG-1,0.000144,0.691152,0.000288,0.308416
AAGGGTTTGATTTCAG-1,0.008529,0.291108,0.215186,0.485176
AAGGTATCCTAATATA-1,0.00003,0.000089,0.020955,0.978926
AAGGTGATAAACCAGC-1,0.00003,0.10115,0.095541,0.803279
AAGTAGAAGACCGGGT-1,0.062954,0.000072,0.344753,0.59222
AAGTAGTGACGCGAGG-1,0.113467,0.000406,0.301411,0.584716
AAGTCAATTGTCGTCA-1,0.176646,0.387526,0.03363,0.402197
AAGTCTAGTAGCTGCC-1,0.130815,0.18035,0.423878,0.264958
AAGTCTTCTGTGGCCT-1,0.00083,0.060909,0.724554,0.213707
AAGTGACGACCGAATT-1,0.00008,0.036943,0.098523,0.864454
AAGTGAGTCGGGTTTA-1,0.000052,0.000155,0.021717,0.978077
AAGTGCAAAGGTAGAC-1,0.048724,0.000043,0.502678,0.448555
AAGTGCCTTGACTGTA-1,0.113598,0.236884,0.193613,0.455906
AAGTGCGTTAGAATCT-1,0.043954,0.000213,0.134933,0.8209
AAGTGCTTCTCTATTG-1,0.000109,0.111323,0.000218,0.88835
AAGTGTTTGGAGACGG-1,0.000033,0.132019,0.159946,0.708002
AAGTTCACTCCAAGCT-1,0.187521,0.306819,0.200155,0.305505
AAGTTCAGTCTGCGTA-1,0.000054,0.013802,0.019611,0.966533
AAGTTCGGCCAACAGG-1,0.000072,0.108549,0.000143,0.891237
AAGTTGTGATGTTATA-1,0.072507,0.240332,0.27371,0.413451
AAGTTTACTAATGGCA-1,0.000169,0.039931,0.187361,0.772539
AAGTTTATGGGCCCAA-1,0.081006,0.33193,0.0784,0.508664
AATAACAACGCTCGGC-1,0.101925,0.000267,0.260122,0.637686
AATAACACTAGAACAA-1,0.010813,0.004659,0.00011,0.984418
AATAACGTCGCGCCCA-1,0.000047,0.344129,0.485921,0.169904
AATAAGTCCTCGAGAC-1,0.103696,0.026141,0.000089,0.870074
AATAATCTTCGTATCG-1,0.000031,0.770471,0.000061,0.229437
AATACAATGTTTCAGG-1,0.054565,0.014345,0.112592,0.818498
AATACCGGAGGGCTGT-1,0.000069,0.007276,0.000138,0.992517
AATACCTGATGTGAAC-1,0.227112,0.238426,0.250865,0.283597
AATAGAACAGAGTGGC-1,0.142531,0.045319,0.311084,0.501066
AATAGAATCTGTTTCA-1,0.000263,0.256736,0.407801,0.3352
AATAGCAAGCCTCCTG-1,0.153205,0.000136,0.27208,0.57458
AATAGCTACCGCGTGC-1,0.000037,0.189525,0.509182,0.301255
AATAGGCACGACCCTT-1,0.041668,0.125002,0.083336,0.749994
AATAGTCCGTCCCGAC-1,0.239831,0.148783,0.028809,0.582577
AATAGTCGCGAGTCGG-1,0.00106,0.000074,0.458955,0.539911
AATATCCTAGCAAACT-1,0.001089,0.000031,0.756641,0.242239
AATATCGAATCAATGC-1,0.055374,0.519989,0.000067,0.424569
AATATCGAGGGTTCTC-1,0.000089,0.213584,0.094247,0.69208
AATATTGGAGTATTGA-1,0.000053,0.020476,0.000106,0.979365
AATCAGGTTTCATTTA-1,0.095559,0.000147,0.027793,0.876501
AATCATGTAAAGACTC-1,0.233276,0.307857,0.016554,0.442313
AATCCAAGGGCCTGAG-1,0.064685,0.007795,0.000152,0.927367
AATCCCGCTCAGAGCC-1,0.004167,0.012501,0.008334,0.974999
AATCGAGGTCTCAAGG-1,0.003788,0.393053,0.580431,0.022728
AATCGCCTCAGCGCCA-1,0.002287,0.123966,0.35762,0.516127
AATCGCGCAGAGGACT-1,0.014952,0.159718,0.000059,0.825271
AATCGGGACACTACGA-1,0.000141,0.001814,0.097366,0.900679
AATCGGTATAGCCCTC-1,0.096543,0.558353,0.262218,0.082886
AATCGTGAGCCGAGCA-1,0.00029,0.052385,0.224714,0.722612
AATCTAGGTTTACTTG-1,0.000019,0.000057,0.835455,0.16447
AATCTATGCCGGAGCC-1,0.06589,0.142969,0.009198,0.781943
AATCTCTACTGTGGTT-1,0.072792,0.000042,0.804601,0.122565
AATCTGCGTTGGGACG-1,0.094985,0.131608,0.137108,0.636299
AATCTGGCTTTCTAGT-1,0.053979,0.000083,0.715849,0.230089
AATCTGGGTAGACCCT-1,0.000054,0.02588,0.000109,0.973957
AATGACAGCAATGTCT-1,0.206483,0.000966,0.000138,0.792413
AATGACGTAGGATGTC-1,0.000044,0.043457,0.033356,0.923143
AATGACTGTCAGCCGG-1,0.000081,0.000243,0.102831,0.896844
AATGAGTTCGCATATG-1,0.000078,0.016409,0.000156,0.983357
AATGATGATACGCTAT-1,0.048358,0.079975,0.415341,0.456326
AATGATGCGACTCCTG-1,0.000054,0.296619,0.161989,0.541338
AATGCAACCGGGTACC-1,0.254789,0.01862,0.000157,0.726434
AATGCACCAAGCAATG-1,0.193316,0.014276,0.410539,0.381869
AATGGCCGCCAATGCG-1,0.281465,0.000252,0.063682,0.654601
AATGGTCCACCGTTCA-1,0.000021,0.000062,0.769534,0.230384
AATGTATGGCACTGTA-1,0.000026,0.086965,0.407883,0.505126
AATGTGCCCGAGGTGT-1,0.176015,0.044376,0.028764,0.750844
AATGTGCTAATCTGAG-1,0.160809,0.019308,0.326286,0.493597
AATGTTAAGACCCTGA-1,0.00009,0.058017,0.328974,0.612919
AATGTTGTCGTGAGAC-1,0.309687,0.196112,0.4341,0.060101
AATTAAAGGTCGGCGT-1,0.000055,0.042612,0.178694,0.77864
AATTAACGGATTTCCA-1,0.000079,0.039715,0.163699,0.796508
AATTACGAGACCCATC-1,0.000057,0.093313,0.08281,0.82382
AATTACTCGTACGCTC-1,0.000028,0.011133,0.529127,0.459713
AATTAGCGCTGCAGCG-1,0.00006,0.036675,0.033299,0.929966
AATTATACCCAGCAAG-1,0.000068,0.026953,0.429695,0.543285
AATTCATAAGGGATCT-1,0.000056,0.044226,0.073444,0.882274
AATTCATTGTCATGCA-1,0.105933,0.23816,0.109296,0.546611
AATTCCAAGCATGTAC-1,0.252409,0.018742,0.000203,0.728646
AATTCGATTCGAGGAT-1,0.115414,0.068317,0.291982,0.524287
AATTCTAGAGTTAGGC-1,0.000073,0.000219,0.02006,0.979648
AATTGAACGCTCTGGT-1,0.000048,0.288279,0.087499,0.624173
AATTGCAGCAATCGAC-1,0.054896,0.462514,0.11924,0.36335
AATTGCGTGGATTACA-1,0.02006,0.059817,0.267918,0.652204
AATTGTGGTTGCCAAA-1,0.004301,0.950447,0.000039,0.045213
AATTTGGGACATAGTA-1,0.144733,0.000375,0.022267,0.832625
AATTTGGTTCCAAAGA-1,0.00007,0.00021,0.00014,0.99958
ACAAACCATGCGTCCT-1,0.186044,0.081002,0.429862,0.303091
ACAAACTCCATCAGAG-1,0.006411,0.371947,0.583179,0.038463
ACAAAGAAGGTAGGCC-1,0.000029,0.010494,0.201344,0.788134
ACAAAGCATGACCTAG-1,0.029951,0.393835,0.141987,0.434227
ACAAATCGCACCGAAT-1,0.002634,0.177561,0.219052,0.600754
ACAAATGGTAGTGTTT-1,0.011467,0.161838,0.257839,0.568855
ACAAATTCAGATCTGA-1,0.000045,0.001223,0.119644,0.879088
ACAACAGCATGAGCTA-1,0.007351,0.121535,0.139972,0.731143
ACAAGCTATATGGAAG-1,0.007623,0.051525,0.63843,0.302422
ACAAGGAAATCCGCCC-1,0.000027,0.029785,0.125973,0.844215
ACAAGGACAAGAGGTT-1,0.006953,0.055774,0.000108,0.937165
ACAAGGATGCTTTAGG-1,0.000021,0.133342,0.684397,0.182239
ACAAGGCCTACCAGCC-1,0.00005,0.000149,0.000099,0.999703
ACAAGGGCAGGCTCTG-1,0.106826,0.334673,0.065759,0.492742
ACAAGTAATTGTAAGG-1,0.041667,0.125002,0.58332,0.250011
ACAATAGTCGTACGTT-1,0.00009,0.000271,0.003391,0.996248
ACAATCCATTTAAACC-1,0.100135,0.08079,0.000188,0.818887
ACAATGAATACGGAGA-1,0.048714,0.000276,0.269702,0.681308
ACAATGATTCTTCTAC-1,0.12097,0.038927,0.000624,0.839479
ACAATTGTGTCTCTTT-1,0.19025,0.389459,0.104861,0.315431
ACAATTTAGGAGGCTC-1,0.000997,0.019332,0.779609,0.200062
ACAATTTGAGCAGTGG-1,0.000059,0.109671,0.233041,0.657229
ACAATTTGGCCATATT-1,0.05747,0.400842,0.204652,0.337036
ACACAAAGACGGGTGG-1,0.000076,0.027942,0.000152,0.97183
ACACAAATATTCCTAG-1,0.004886,0.02422,0.000767,0.970127
ACACACCAGGACCAGT-1,0.00003,0.060027,0.026905,0.913038
ACACACTTTCTACACG-1,0.000068,0.000205,0.1884,0.811327
ACACATGATCAAATCT-1,0.129373,0.145248,0.438543,0.286836
ACACATTGACGCAACA-1,0.00003,0.000089,0.034104,0.965778
ACACATTTCCGTAGAC-1,0.115943,0.139967,0.171217,0.572873
ACACCACATAATTAGC-1,0.147424,0.321789,0.138998,0.391789
ACACCCAGCATGCAGC-1,0.000068,0.000204,0.227094,0.772634
ACACCCGAGAAATCCG-1,0.048774,0.015328,0.117652,0.818246
ACACCGAGCGCTCTTT-1,0.000024,0.000071,0.228217,0.771688
ACACCGGTCTGACCGC-1,0.13061,0.123492,0.492314,0.253584
ACACCTTAAGTAGGGC-1,0.000129,0.000386,0.165127,0.834357
ACACCTTACTACTTGC-1,0.000059,0.440977,0.015752,0.543212
ACACGAGACTCCTTCT-1,0.118312,0.031591,0.016275,0.833822
ACACGGCACTATGCAT-1,0.000059,0.000177,0.000118,0.999646
ACACGGGAACTTAGGG-1,0.000066,0.000197,0.007267,0.99247
ACACGTAGGCCACAAG-1,0.163329,0.355567,0.481018,0.000085
ACACTCCAATGTCACT-1,0.000059,0.000178,0.175315,0.824448
ACACTGATCAAGGTGT-1,0.075949,0.0155,0.415882,0.492668
ACACTGGGACAGTCGT-1,0.030844,0.706903,0.138434,0.123819
ACAGAACTGAGAACAA-1,0.027657,0.044091,0.128152,0.8001
ACAGATTAGGTTAGTG-1,0.000188,0.011189,0.11562,0.873003
ACAGCATAGAGCCAGT-1,0.000071,0.000212,0.000142,0.999575
ACAGCGACATTCTCAT-1,0.185356,0.075172,0.601603,0.137869
ACAGCGCACCCGCAGC-1,0.000035,0.000105,0.176474,0.823385
ACAGGAGGCGCAGCCG-1,0.126847,0.000387,0.399941,0.472825
ACAGGCACGGATCCTT-1,0.108142,0.313023,0.167725,0.41111
ACAGGCTTGCCCGACT-1,0.000043,0.374548,0.295307,0.330102
ACAGGTGGAGGTGAGG-1,0.000106,0.050812,0.000212,0.94887
ACAGGTGTGTTGTTGC-1,0.000041,0.037982,0.398821,0.563156
ACAGTAATACAACTTG-1,0.031764,0.105584,0.227944,0.634709
ACAGTATACCGTGGGA-1,0.00006,0.203329,0.089425,0.707185
ACAGTGCAGCGCATTT-1,0.18954,0.153913,0.000089,0.656458
ACATAAGTCGTGGTGA-1,0.000048,0.025896,0.43138,0.542676
ACATAATAAGGCGGTG-1,0.000069,0.000208,0.010386,0.989337
ACATACAATCAAGCGG-1,0.923607,0.020834,0.01389,0.041669
ACATCAGCTGGGACGC-1,0.001439,0.000062,0.727924,0.270575
ACATCCCGGCCATACG-1,0.127598,0.005998,0.04984,0.816563
ACATCCTGGTAACTGT-1,0.000046,0.343679,0.146918,0.509356
ACATCGATCGTTTACC-1,0.00008,0.000241,0.248042,0.751637
ACATCGCAATATTCGG-1,0.006945,0.020834,0.01389,0.958332
ACATCGGTCAGCCGCG-1,0.003513,0.010824,0.296689,0.688974
ACATCGTATGCAATGG-1,0.000028,0.068825,0.491211,0.439936
ACATCGTTAACCTAGT-1,0.000036,0.000107,0.000072,0.999785
ACATCTCAACGCGTAA-1,0.00008,0.000241,0.199742,0.799938
ACATGCTTACGGCAGC-1,0.000035,0.000105,0.531256,0.468604
ACATGGCGCCAAAGTA-1,0.062773,0.351959,0.000089,0.585179
ACATGGCTCAATTTAG-1,0.000044,0.154159,0.00697,0.838826
ACATTAGTTTATATCC-1,0.022526,0.116414,0.027934,0.833126
ACATTCGCGCGGAATA-1,0.224998,0.014415,0.131048,0.629539
ACATTTGAAACCTAAC-1,0.170093,0.281509,0.097603,0.450795
ACCAAACACCCAGCGA-1,0.078078,0.105706,0.042685,0.773531
ACCAACACCACACACT-1,0.016177,0.285869,0.04013,0.657824
ACCAACCGCACTCCAC-1,0.420216,0.013937,0.375264,0.190583
ACCAACGCTTATTTAT-1,0.025486,0.020327,0.005944,0.948244
ACCAAGAACGCGTGTC-1,0.000106,0.058663,0.000212,0.941018
ACCAAGTCATCGGCAG-1,0.109084,0.739398,0.121195,0.030323
ACCAATATGCAAGTTA-1,0.009156,0.162918,0.379287,0.448639
ACCACAACTCAGAACA-1,0.000034,0.000103,0.000068,0.999795
ACCACAAGTTTCTATC-1,0.000078,0.025895,0.142269,0.831758
ACCACACGGTTGATGG-1,0.000045,0.0138,0.529893,0.456262
ACCACCAATGTAACAA-1,0.012942,0.161803,0.663128,0.162126
ACCACCCTCTCTTCTA-1,0.483883,0.384544,0.03453,0.097043
ACCACGTGCAGCTATA-1,0.000041,0.267113,0.274131,0.458715
ACCACTGTTCAAGAAG-1,0.068249,0.000032,0.929367,0.002352
ACCAGACCATAACAAC-1,0.000018,0.018534,0.563609,0.417839
ACCAGCCCGGTCTTTG-1,0.000101,0.000303,0.095657,0.903939
ACCAGGAGTGTGATCT-1,0.052261,0.000767,0.20928,0.737692
ACCAGTGCCCGGTCAA-1,0.000061,0.000183,0.000122,0.999634
ACCAGTGCGGGAGACG-1,0.000076,0.353568,0.005559,0.640797
ACCATATCCGCAATAA-1,0.000063,0.016247,0.160864,0.822826
ACCATCCGCCAACTAG-1,0.030137,0.009272,0.706244,0.254347
ACCATCGTATATGGTA-1,0.000101,0.007203,0.002453,0.990243
ACCATTAAGGGTGTCA-1,0.122274,0.000054,0.39901,0.478661
ACCCAACGCCCGTGGC-1,0.042247,0.125794,0.763229,0.06873
ACCCACCTACATGCTC-1,0.047336,0.117731,0.000173,0.83476
ACCCATCTTGAGGGTA-1,0.000082,0.035667,0.096587,0.867665
ACCCATTTGTCCCTCT-1,0.31506,0.152468,0.47818,0.054292
ACCCGAGCGAAATTAC-1,0.223737,0.000142,0.187893,0.588227
ACCCGATTGGTTCCGA-1,0.001098,0.053946,0.000167,0.944788
ACCCGGAAACTCCCAG-1,0.00005,0.002459,0.057043,0.940449
ACCCGGAGCACCACAA-1,0.016219,0.838935,0.000056,0.144789
ACCCGGATGACGCATC-1,0.449043,0.002535,0.112075,0.436346
ACCCGGTTACACTTCC-1,0.000061,0.008802,0.008298,0.98284
ACCCGTAGCAGAGAAT-1,0.15131,0.099021,0.194658,0.55501
ACCCGTAGTCTAGTTG-1,0.000332,0.660382,0.249248,0.090039
ACCCGTGTCATCAGTA-1,0.155472,0.149418,0.023134,0.671977
ACCCTATAGGACTGAG-1,0.178666,0.014715,0.172698,0.633921
ACCCTATGCCATATCG-1,0.000148,0.05631,0.130827,0.812716
ACCCTCCCGTCAGGGC-1,0.173776,0.409565,0.131684,0.284975
ACCCTCCCTTGCTATT-1,0.000061,0.327309,0.326785,0.345844
ACCCTGGTAACGCCCT-1,0.296128,0.032488,0.459673,0.211711
ACCCTTCATCTGCGAA-1,0.219931,0.010845,0.256742,0.512483
ACCCTTGCCTGGGTCG-1,0.488641,0.166239,0.00012,0.345
ACCCTTTAGTTCTCCA-1,0.000084,0.000253,0.000169,0.999493
ACCGAAAGGGCCCTGC-1,0.000143,0.013038,0.150441,0.836378
ACCGAAGAGTCTGGTT-1,0.008526,0.008626,0.633484,0.349364
ACCGACACATCTCCCA-1,0.000067,0.137098,0.002747,0.860089
ACCGACTGAGTCCCAC-1,0.0001,0.0003,0.001322,0.998277
ACCGAGTCTCCTTATT-1,0.097065,0.161155,0.638898,0.102881
ACCGATAGGCATAACC-1,0.035621,0.854572,0.003078,0.106729
ACCGATATTTAATCAT-1,0.085362,0.386791,0.114788,0.413059
ACCGATGGTAGCATCG-1,0.032772,0.145036,0.458038,0.364154
ACCGCAATAACTGCCT-1,0.000024,0.080605,0.279753,0.639618
ACCGCGGTGGAAGTCG-1,0.00239,0.330334,0.268099,0.399177
ACCGCTAGTCATTGGT-1,0.000079,0.06511,0.000158,0.934654
ACCGGGCCTTTGTTGA-1,0.045909,0.418967,0.195064,0.34006
ACCGGTCAGGTACACC-1,0.116045,0.10342,0.559484,0.221051
ACCGGTCTGAGTACGG-1,0.044543,0.006387,0.265385,0.683686
ACCGTCCACTGGGCCC-1,0.05961,0.232389,0.130451,0.57755
ACCGTGACCACGTGGG-1,0.073583,0.083525,0.165668,0.677224
ACCGTTCCCGCTCTGA-1,0.035156,0.000482,0.128466,0.835896
ACCTAAGTACCTTTCA-1,0.078091,0.000202,0.190433,0.731274
ACCTAATCGACTTCCT-1,0.19077,0.022332,0.110761,0.676137
ACCTACAGTATGTGGT-1,0.000061,0.250012,0.000123,0.749804
ACCTACTATAAATCTA-1,0.393141,0.000116,0.37507,0.231673
ACCTCAGCGAGGCGCA-1,0.016667,0.394491,0.033335,0.555507
ACCTCCGCCCTCGCTG-1,0.026907,0.720131,0.000113,0.252849
ACCTCCGTTATTCACC-1,0.000063,0.323101,0.133307,0.543529
ACCTCGAACTTATGCT-1,0.212157,0.195499,0.106677,0.485667
ACCTGCGTGTCATGTT-1,0.027955,0.039947,0.043275,0.888822
ACGAAATGGGCGGCAC-1,0.028347,0.023866,0.10765,0.840136
ACGACCCATGAGTTGC-1,0.039629,0.693272,0.005714,0.261386
ACGACTCTAGGGCCGA-1,0.020758,0.224267,0.04385,0.711125
ACGACTGGTCATACTC-1,0.167919,0.105718,0.074826,0.651536
ACGAGATATTTGCTTA-1,0.000059,0.002013,0.189262,0.808666
ACGAGGATACCACTCT-1,0.000076,0.000229,0.363043,0.636651
ACGAGGTTTACAACGT-1,0.138207,0.000445,0.763787,0.09756
ACGAGTACGGATGCCC-1,0.189289,0.144909,0.075239,0.590563
ACGAGTCGCCGGCGTT-1,0.126189,0.020348,0.156874,0.696589
ACGATACATAGAACTA-1,0.000074,0.035367,0.000149,0.96441
ACGATACCTATCCTGA-1,0.000019,0.00335,0.8139,0.182731
ACGATCATACATAGAG-1,0.000063,0.02588,0.024509,0.949548
ACGATCATCTTGTAAA-1,0.024855,0.281234,0.105094,0.588816
ACGATGCATATGTTAT-1,0.000072,0.000215,0.000143,0.99957
ACGATGGATCCGATGC-1,0.000049,0.000147,0.000098,0.999705
ACGCAAACTAATAGAT-1,0.000046,0.019884,0.165481,0.814588
ACGCAATCACTACAGC-1,0.024164,0.291293,0.020427,0.664116
ACGCATAAATGACATG-1,0.14764,0.009774,0.494838,0.347748
ACGCATACGTTTACTA-1,0.000038,0.369423,0.000076,0.630463
ACGCATTCGTGAGTAC-1,0.019994,0.000176,0.32364,0.65619
ACGCCACTCGAAACAG-1,0.000103,0.018179,0.023984,0.957734
ACGCCAGATGATTTCT-1,0.000049,0.000147,0.277642,0.722162
ACGCCAGTGCGTTTGC-1,0.109582,0.379038,0.123018,0.388363
ACGCCGCTAGACGACC-1,0.075165,0.005773,0.368235,0.550827
ACGCCTGACACGCGCT-1,0.016049,0.000386,0.437611,0.545954
ACGCGAAGTCAGACGA-1,0.434648,0.000061,0.511049,0.054242
ACGCGCTACACAGGGT-1,0.133368,0.05281,0.175072,0.638749
ACGCGGGCCAAGGACA-1,0.000055,0.00704,0.000109,0.992795
ACGCGTTTCTTAAGAG-1,0.000035,0.018013,0.260796,0.721157
ACGCTACTGAATGGGC-1,0.000128,0.826587,0.000256,0.173029
ACGCTAGTGATACACT-1,0.027167,0.131142,0.597216,0.244475
ACGCTGTGAGGCGTAG-1,0.000027,0.000082,0.624286,0.375605
ACGCTTAGTGTCTCTC-1,0.000147,0.000443,0.153036,0.846374
ACGGAACACGAGTGCC-1,0.095493,0.389106,0.151425,0.363975
ACGGACGCAGCGACAA-1,0.033511,0.037817,0.014435,0.914237
ACGGACTCTCAAAGCG-1,0.000047,0.179349,0.392241,0.428363
ACGGAGCGCAAATTAC-1,0.064756,0.175855,0.042574,0.716815
ACGGATGGTGCGGATA-1,0.00003,0.067432,0.573241,0.359296
ACGGCACTTGCTTGGG-1,0.000061,0.023567,0.061205,0.915166
ACGGCCAACATGGACT-1,0.000056,0.024084,0.043054,0.932806
ACGGCGACGATGGGAA-1,0.024521,0.19193,0.370406,0.413143
ACGGCTGGATGTAGAA-1,0.035177,0.177862,0.285582,0.50138
ACGGGAGTGTCGGCCC-1,0.060892,0.000245,0.11091,0.827953
ACGGGCGTATGCGACA-1,0.068012,0.118224,0.030039,0.783725
ACGGGTCATGTGACTT-1,0.000022,0.000065,0.491744,0.50817
ACGGGTTGTGACCTGT-1,0.121299,0.0002,0.031518,0.846983
ACGGTACAGTTCAATG-1,0.009266,0.121308,0.797445,0.071981
ACGGTCACCGAGAACA-1,0.049166,0.054251,0.449422,0.447161
ACGTACAGATTTCTCT-1,0.000063,0.00019,0.15,0.849747
ACGTACTTTGGCACGG-1,0.150233,0.117808,0.000153,0.731806
ACGTAGATTGCTGATG-1,0.10218,0.05396,0.019745,0.824115
ACGTAGGAGAGTCGCT-1,0.000912,0.148838,0.724507,0.125744
ACGTATTACTCCGATC-1,0.000068,0.307307,0.039183,0.653442
ACGTCGGGCAACTCGG-1,0.045105,0.145232,0.171025,0.638639
ACGTCTCGTTCCGGGA-1,0.00002,0.016345,0.576995,0.40664
ACGTGACAAAGTAAGT-1,0.020669,0.000033,0.837046,0.142252
ACGTGCGCCTCGTGCA-1,0.191549,0.000129,0.193136,0.615185
ACGTTAATGTCGAAGA-1,0.000054,0.072957,0.041312,0.885677
ACGTTAGATTTGCCCG-1,0.000058,0.000174,0.314903,0.684866
ACGTTATTGGTCACTC-1,0.082427,0.000077,0.581787,0.335709
ACGTTCACTATGCCGC-1,0.000117,0.029269,0.000234,0.97038
ACGTTCCGCGCTCCGT-1,0.000219,0.144922,0.294787,0.560072
ACGTTCGCAATCAATT-1,0.103911,0.245695,0.050448,0.599946
ACGTTCGTTCAGGAAA-1,0.102584,0.012517,0.00079,0.884108
ACGTTCTGTACAAGTC-1,0.038976,0.187849,0.162969,0.610207
ACGTTGTCGTTGAAAG-1,0.000115,0.000344,0.021263,0.978278
ACGTTTAGTTGTGATC-1,0.000085,0.000254,0.065918,0.933744
ACGTTTCGGTGCACTT-1,0.050896,0.948272,0.000208,0.000624
ACTAAGGACGCACACC-1,0.313423,0.013211,0.000063,0.673302
ACTAATACGTCAGGCG-1,0.044293,0.00032,0.012918,0.942469
ACTACAAAGAGAGGTG-1,0.238449,0.001393,0.635615,0.124543
ACTACATCCCGACAAG-1,0.305457,0.036391,0.512516,0.145636
ACTACCAGCTCTCTGG-1,0.000047,0.000141,0.000094,0.999718
ACTACCATCCGAGGGC-1,0.162465,0.001494,0.264971,0.57107
ACTACGCGTTAGAATT-1,0.000064,0.012348,0.013081,0.974506
ACTAGTTGCGATCGTC-1,0.03441,0.438636,0.315313,0.211641
ACTATATGCTGTGTTC-1,0.000098,0.1748,0.067467,0.757635
ACTATCCAGGGCATGG-1,0.065966,0.241949,0.00373,0.688356
ACTATCGCCGGCTAAA-1,0.057633,0.000069,0.426793,0.515505
ACTATCTGCCCGCGTA-1,0.000034,0.487721,0.161567,0.350679
ACTATGTCCAGCTGCC-1,0.030335,0.111968,0.075375,0.782322
ACTATTCGTCCGTGGT-1,0.066552,0.000138,0.018884,0.914425
ACTATTTCCGGGCCCA-1,0.00014,0.153144,0.00028,0.846436
ACTCAAGTGCAAGGCT-1,0.000045,0.07175,0.066738,0.861467
ACTCAATAAAGGCACG-1,0.000053,0.000158,0.000106,0.999683
ACTCATGGCAGCCTTC-1,0.095136,0.182345,0.095993,0.626525
ACTCCAATATCATCAT-1,0.314161,0.000282,0.232878,0.45268
ACTCCCATTCCTAAAG-1,0.169123,0.000087,0.80494,0.025851
ACTCCCGAATTCGTTT-1,0.285961,0.351395,0.1615,0.201144
ACTCCCGTAGACTAGG-1,0.186242,0.09006,0.047524,0.676174
ACTCCCTAATGCTAAA-1,0.000026,0.006193,0.167402,0.826379
ACTCCCTAGAATAGTA-1,0.000046,0.066959,0.106976,0.826019
ACTCCGGCCGACCACT-1,0.10147,0.227725,0.511777,0.159029
ACTCGATGTATTTCAT-1,0.133585,0.000088,0.595489,0.270838
ACTCGCCGTTCGATAA-1,0.034967,0.663737,0.000139,0.301157
ACTCGCGATCTGACGC-1,0.017261,0.354626,0.000845,0.627268
ACTCGTAACCCGTCCT-1,0.000124,0.000373,0.059492,0.940011
ACTCGTCAGTAATCCC-1,0.000062,0.080394,0.068571,0.850973
ACTCTAAACCTGGGAT-1,0.073434,0.096702,0.241837,0.588027
ACTCTCTGACTTAGGT-1,0.000067,0.268826,0.151515,0.579592
ACTCTCTTATACACGA-1,0.026768,0.017762,0.888068,0.067402
ACTCTGACCTAATAGA-1,0.457904,0.154874,0.010578,0.376644
ACTCTTCAGCTCCCGC-1,0.249675,0.538533,0.000074,0.211719
ACTCTTGTATAGTAAC-1,0.07631,0.055422,0.106745,0.761523
ACTGAAACGCCGTTAG-1,0.041121,0.037508,0.565563,0.355807
ACTGAATGGCGAAAGT-1,0.000024,0.184843,0.561288,0.253846
ACTGATTTAGTGATTC-1,0.000123,0.000369,0.000246,0.999261
ACTGCCCGCCATTCTC-1,0.439453,0.000235,0.048891,0.511421
ACTGCCGTCGTAACTC-1,0.000057,0.000171,0.063575,0.936198
ACTGCGGACACACCGT-1,0.102465,0.324538,0.000108,0.572889
ACTGCTCGGAAGGATG-1,0.067294,0.023609,0.2475,0.661597
ACTGGCGAACCTGCGT-1,0.08304,0.036161,0.002187,0.878612
ACTGGGATGCCAGTGC-1,0.100114,0.083233,0.002049,0.814605
ACTGTACGATACACAT-1,0.036472,0.028806,0.150831,0.78389
ACTGTAGCACTTTGGA-1,0.002039,0.000166,0.000111,0.997683
ACTGTCCAGGATTATA-1,0.000086,0.137086,0.013457,0.849371
ACTGTCTTCTTTAGAA-1,0.106145,0.016099,0.0392,0.838556
ACTTACCGGGCGCGCA-1,0.062739,0.165271,0.374027,0.397963
ACTTACGCATCCACGC-1,0.010805,0.123843,0.327877,0.537476
ACTTATACTTACCCGG-1,0.000028,0.026891,0.712179,0.260902
ACTTATTAGGATCGGT-1,0.000087,0.00026,0.077458,0.922195
ACTTATTTATGTGCCA-1,0.000045,0.205174,0.44729,0.347491
ACTTCAGGCTGATCCC-1,0.088916,0.060293,0.212086,0.638705
ACTTCCAGTGGAAGCT-1,0.000061,0.011606,0.201696,0.786637
ACTTCCATGCGGGACA-1,0.000031,0.133818,0.593658,0.272492
ACTTCCTGTCGTGCGA-1,0.201248,0.093449,0.053188,0.652115
ACTTCGCCATACGCAC-1,0.107422,0.006383,0.095748,0.790447
ACTTCGCTAGCGAGTG-1,0.006462,0.312518,0.051814,0.629207
ACTTGACTCCCTCTTT-1,0.034853,0.233879,0.204848,0.52642
ACTTGCTCTATCTACC-1,0.317916,0.171,0.010104,0.50098
ACTTGGGACCCGGTGG-1,0.060614,0.012035,0.172604,0.754747
ACTTGGGCTTTCGCCA-1,0.041668,0.125002,0.083336,0.749994
ACTTGTAGTCCCTTCA-1,0.000027,0.003781,0.756434,0.239757
ACTTGTGGATGGAACG-1,0.00007,0.258639,0.000141,0.741149
ACTTGTTACCGGATCA-1,0.000111,0.000332,0.207235,0.792322
ACTTTACCCTCATGAA-1,0.097996,0.16871,0.593582,0.139712
ACTTTATACACCACTT-1,0.066836,0.00323,0.524911,0.405024
ACTTTCCTATAGCTTC-1,0.214163,0.000358,0.00043,0.785049
ACTTTGACTGCATCCT-1,0.011386,0.000102,0.578043,0.410468
ACTTTGGTCGTGCTCC-1,0.115732,0.128231,0.295664,0.460373
ACTTTGTCGACGCACT-1,0.013817,0.897921,0.000079,0.088183
AGAAATTATGACTCGC-1,0.000019,0.351888,0.000039,0.648054
AGAACACGGCGATGGT-1,0.000051,0.000153,0.045381,0.954415
AGAACCCAGCGTGACA-1,0.033123,0.456672,0.000064,0.510141
AGAACCCTCAATTGGG-1,0.05971,0.072292,0.11747,0.750528
AGAACGTGGTACATTC-1,0.000043,0.00013,0.000087,0.99974
AGAACTGTACTTTGTA-1,0.083726,0.255596,0.326826,0.333853
AGAAGAGCGCCGTTCC-1,0.448121,0.005,0.239566,0.307313
AGAAGGTACACTTCAC-1,0.002886,0.000078,0.368354,0.628682
AGAAGGTTGCCGAATT-1,0.000087,0.00026,0.064317,0.935336
AGAAGGTTGTAGGTCG-1,0.000018,0.020266,0.897406,0.08231
AGAAGTGATTCGTGAT-1,0.109659,0.000237,0.343124,0.54698
AGAATAAATCTTCAGG-1,0.000014,0.054351,0.672481,0.273153
AGAATACAGGCTATCC-1,0.210897,0.000074,0.613066,0.175963
AGAATGCGGGTTCGGA-1,0.389589,0.069598,0.000091,0.540722
AGAATTATGGATTCGA-1,0.053482,0.124433,0.222501,0.599583
AGAATTGTTTGACATA-1,0.03109,0.011843,0.2171,0.739967
AGACAGCTCAGAATCC-1,0.044984,0.002349,0.778825,0.173842
AGACAGGCATCTCAGC-1,0.020932,0.675504,0.074334,0.22923
AGACCAAACCACACCT-1,0.013654,0.000065,0.188369,0.797912
AGACCCACCGCTGATC-1,0.04075,0.007072,0.000069,0.952109
AGACCCGCCCTCCTCG-1,0.000051,0.000152,0.025959,0.973839
AGACCGCTCCGCGGTT-1,0.013205,0.296412,0.441367,0.249016
AGACCGGGAAACCCTG-1,0.012542,0.035495,0.733709,0.218254
AGACGAAGTGCCGGTC-1,0.055054,0.553036,0.02838,0.36353
AGACGACGATGCCGCT-1,0.000103,0.087016,0.036583,0.876298
AGACGCCCACTTCGCC-1,0.004442,0.60481,0.379406,0.011342
AGACGGGCCGATTTAA-1,0.066589,0.022284,0.006679,0.904449
AGACTAGCCTTCCAGA-1,0.052416,0.000309,0.031762,0.915513
AGACTGTTACCGGGTC-1,0.00011,0.000329,0.00022,0.999341
AGAGAAACACCAGAAA-1,0.208711,0.021949,0.000101,0.769238
AGAGAACCGTCTAGGA-1,0.000044,0.072554,0.096347,0.831054
AGAGAAGGAGTACAAT-1,0.000093,0.090712,0.056283,0.852912
AGAGATCTCTAAAGCG-1,0.12065,0.000138,0.607883,0.271329
AGAGCAGTTATGAGAC-1,0.10518,0.000112,0.512345,0.382363
AGAGCCGCCGAGATTT-1,0.174971,0.365849,0.000042,0.459138
AGAGCGCTTGTAACGG-1,0.155638,0.367187,0.000113,0.477062
AGAGCGGGCTAATCAT-1,0.111117,0.021282,0.142364,0.725238
AGAGCTACGAAAGCAT-1,0.000041,0.001579,0.000083,0.998297
AGAGGCTTCGGAAACC-1,0.119073,0.515098,0.000091,0.365738
AGAGGGACAATTGTCC-1,0.484264,0.394797,0.000396,0.120543
AGAGTAAACTTCACTA-1,0.466294,0.292748,0.194956,0.046003
AGAGTATAGTGTTACG-1,0.106272,0.1861,0.000135,0.707493
AGAGTCTTAATGAAAG-1,0.005953,0.946426,0.011905,0.035716
AGAGTTAGAGACCGAT-1,0.071198,0.0057,0.003027,0.920075
AGAGTTGCAGGCCTCC-1,0.01129,0.032219,0.000071,0.956421
AGATAACTTCAGGGCC-1,0.000026,0.000079,0.502679,0.497217
AGATAATCACACCTAT-1,0.041668,0.125004,0.083335,0.749993
AGATACCAATAGAACC-1,0.002817,0.519538,0.167985,0.309661
AGATACCAGCACTTCA-1,0.012978,0.381221,0.002598,0.603202
AGATACCGGTGTTCAC-1,0.000047,0.029624,0.051263,0.919066
AGATACTCAAGATCGA-1,0.025261,0.165774,0.669354,0.139611
AGATATAATACGACTA-1,0.067294,0.123159,0.193491,0.616056
AGATCGTGCATAAGAT-1,0.000062,0.16841,0.159878,0.67165
AGATCTCAGGTGTGAT-1,0.018153,0.050413,0.616107,0.315326
AGATCTGGAGAGGATA-1,0.000062,0.000186,0.165301,0.834451
AGATGACTCGCCCACG-1,0.000066,0.000197,0.011016,0.988721
AGATGAGGGTTGCGAT-1,0.000057,0.000171,0.000114,0.999657
AGATGATGGAGTCTGG-1,0.000054,0.188298,0.02635,0.785299
AGATGCAAGACGTGCA-1,0.00004,0.057789,0.214451,0.72772
AGATGCATCCTGTGTC-1,0.000021,0.015434,0.840232,0.144313
AGATGCTATAACGAGC-1,0.140594,0.000046,0.769664,0.089695
AGATTATAGGACGTTT-1,0.06038,0.002541,0.000292,0.936787
AGATTCAAGCGGGTCG-1,0.000052,0.000157,0.136569,0.863222
AGATTCACAACCGATA-1,0.05522,0.008118,0.721437,0.215225
AGCAAAGGCCGCTAGT-1,0.000045,0.065567,0.16125,0.773138
AGCAACATATCTTATT-1,0.000046,0.198799,0.158734,0.642421
AGCAACCGAAAGTAAT-1,0.00006,0.056238,0.150529,0.793173
AGCACACGTTTAGACT-1,0.352557,0.063091,0.178297,0.406055
AGCACCAGTACTCACG-1,0.079431,0.024396,0.135591,0.760582
AGCACTACCGGCCTGT-1,0.000067,0.036768,0.20672,0.756444
AGCACTACCTCACCAG-1,0.000049,0.238328,0.185017,0.576606
AGCACTTAAGGACGCC-1,0.014389,0.00522,0.000224,0.980167
AGCAGAAGGAGAAAGA-1,0.098152,0.211819,0.148915,0.541114
AGCAGCCAGATGAATA-1,0.00004,0.000119,0.73966,0.260181
AGCAGTCGAAGCATGC-1,0.000062,0.117819,0.282759,0.599361
AGCATATCAATATGCT-1,0.166514,0.157407,0.615905,0.060174
AGCATCATTTCGAAAG-1,0.000055,0.044149,0.129049,0.826747
AGCATCGTCGATAATT-1,0.000091,0.043697,0.032516,0.923696
AGCATTACGAGGCAAG-1,0.000028,0.587214,0.063453,0.349305
AGCCAAGCTTTGTGTC-1,0.000056,0.074897,0.012502,0.912545
AGCCACAGGTTACCCG-1,0.040275,0.211337,0.139105,0.609283
AGCCACTCCCGTGCTT-1,0.009947,0.106019,0.27616,0.607874
AGCCATATAGTATGTG-1,0.059599,0.08544,0.147418,0.707543
AGCCCGCAACAAGCAG-1,0.00006,0.075073,0.002036,0.922831
AGCCCGCACTACAATG-1,0.563114,0.436527,0.00009,0.000269
AGCCCGGCATTAGAGG-1,0.198098,0.0002,0.166277,0.635426
AGCCCGGTAGCCTGTA-1,0.000092,0.20756,0.253348,0.539
AGCCCTAAGCGAAGTT-1,0.005955,0.018181,0.000162,0.975702
AGCCCTCCCTGGTGGC-1,0.359426,0.000183,0.214695,0.425696
AGCCCTGTCGCACCGT-1,0.00003,0.163918,0.03307,0.802983
AGCCCTTCTAATCCGA-1,0.221171,0.047276,0.132215,0.599338
AGCCCTTGGACATCCC-1,0.002631,0.591877,0.000053,0.40544
AGCCGCAAATTCAAAT-1,0.000024,0.016029,0.512919,0.471028
AGCCGCTTGATTAGCG-1,0.000041,0.000122,0.154571,0.845266
AGCCGTGGCTAAATGT-1,0.000073,0.060564,0.167981,0.771381
AGCCTAATACCCACGT-1,0.1291,0.000088,0.467333,0.40348
AGCCTTAAAGCGGAAG-1,0.105304,0.000047,0.826912,0.067737
AGCCTTGTCACTGATA-1,0.000054,0.167251,0.124903,0.707793
AGCGACAGGAACGGTC-1,0.000038,0.015946,0.233475,0.750541
AGCGACATCCCATTCA-1,0.000108,0.119706,0.177692,0.702494
AGCGACCAACGATATT-1,0.033901,0.04071,0.127801,0.797589
AGCGACTTTGAAGACA-1,0.027779,0.749985,0.05556,0.166676
AGCGAGACGTGAAGGC-1,0.001583,0.039814,0.081536,0.877067
AGCGATGCGCCTAATA-1,0.076507,0.453883,0.118629,0.350982
AGCGCATAATGAATCG-1,0.00009,0.000269,0.155321,0.844321
AGCGCGGGTGCCAATG-1,0.000034,0.124935,0.321361,0.553669
AGCGCTAGAGCGATGT-1,0.400993,0.336471,0.000093,0.262443
AGCGCTTATGGGCAAG-1,0.091591,0.012345,0.032888,0.863177
AGCGGACACTTCGTAG-1,0.004007,0.083384,0.556793,0.355816
AGCGGCGGTTAGCGGT-1,0.001567,0.003229,0.47973,0.515474
AGCGGGTCTGACACTC-1,0.000071,0.202994,0.171637,0.625299
AGCGGTTGCCGCTCTG-1,0.272495,0.011412,0.104607,0.611487
AGCGTGGTATTCTACT-1,0.000074,0.114424,0.040119,0.845383
AGCGTTCCGATTTAAA-1,0.000138,0.068104,0.127082,0.804676
AGCTAACAAGCAATGT-1,0.193678,0.142299,0.108875,0.555149
AGCTAAGCTCCGTCCG-1,0.004902,0.014706,0.950978,0.029413
AGCTAAGTACGCAGGC-1,0.000029,0.088492,0.315641,0.595838
AGCTACGAATGGTGGT-1,0.020834,0.812489,0.041669,0.125007
AGCTAGAAGCAGAAGT-1,0.063634,0.047326,0.045328,0.843711
AGCTATTTAATCCAAC-1,0.00006,0.000181,0.001841,0.997918
AGCTCCATATATGTTC-1,0.000042,0.604599,0.046223,0.349136
AGCTCCTTCGCACATC-1,0.00007,0.426305,0.290742,0.282882
AGCTCGTTGATGGAAA-1,0.008684,0.064281,0.000088,0.926947
AGCTCTAGACGTTCCA-1,0.336409,0.024316,0.082218,0.557057
AGCTCTTCCCAGTGCA-1,0.007949,0.068862,0.045634,0.877556
AGCTCTTCGTAACCTT-1,0.025942,0.342298,0.3581,0.27366
AGCTCTTTACTCAGTT-1,0.008076,0.035981,0.202051,0.753892
AGCTGAAGTAAACCAA-1,0.000033,0.012802,0.050915,0.93625
AGCTGCATTTGAGGTG-1,0.148565,0.258666,0.000365,0.592404
AGCTGCTGTGCCGAAT-1,0.003495,0.355599,0.00017,0.640736
AGCTGTAACCTCAATC-1,0.363751,0.000561,0.088461,0.547227
AGCTTATAGAGACCTG-1,0.00023,0.000689,0.226509,0.772573
AGCTTCTTCTCGAGCA-1,0.033571,0.762166,0.010136,0.194128
AGCTTGATCAGGGTAG-1,0.000054,0.000161,0.127263,0.872522
AGCTTGATCTTAACTT-1,0.031192,0.061243,0.070119,0.837445
AGGAAAGCCTCTGATG-1,0.097604,0.089075,0.279785,0.533536
AGGAACGAACGACTTC-1,0.016795,0.690732,0.000027,0.292446
AGGAAGCTGTCCGCCG-1,0.000096,0.068871,0.044373,0.886659
AGGACAGTCGAATCCC-1,0.058898,0.097825,0.546255,0.297023
AGGACATCGGCACACT-1,0.484151,0.485706,0.008487,0.021656
AGGACGACCCATTAGA-1,0.066093,0.018873,0.000147,0.914887
AGGACGCTCGATGTTG-1,0.022708,0.097895,0.06271,0.816687
AGGACTTATAGGAGAA-1,0.001928,0.000075,0.531662,0.466335
AGGAGACATCCACAGT-1,0.014474,0.13159,0.209243,0.644693
AGGAGAGTCTGGCTAC-1,0.054949,0.277403,0.057744,0.609903
AGGAGCGTTTATTATC-1,0.011905,0.035716,0.880946,0.071432
AGGAGGCCTTCGCGCG-1,0.000052,0.385247,0.11419,0.500511
AGGATAAAGTCGGGAT-1,0.000045,0.050866,0.084296,0.864792
AGGATATAGGGATTTA-1,0.000051,0.23071,0.253848,0.515391
AGGATATCCGACTGCA-1,0.305038,0.176585,0.061483,0.456894
AGGATCACGCGATCTG-1,0.008516,0.011662,0.460199,0.519624
AGGATTGCTTACGACA-1,0.222229,0.405098,0.022125,0.350548
AGGCAATACGGAGGAC-1,0.007277,0.080445,0.41891,0.493368
AGGCACGTGACTGTCC-1,0.004291,0.707269,0.092107,0.196333
AGGCAGATGCGTAAAC-1,0.000054,0.042495,0.037881,0.91957
AGGCAGGGAGCGTACT-1,0.000109,0.085863,0.022789,0.891238
AGGCATTGTCGTAGGG-1,0.000045,0.335332,0.00009,0.664533
AGGCCACATTGGTTAC-1,0.014328,0.416164,0.000062,0.569446
AGGCCACCCGTTATGA-1,0.071377,0.000157,0.164105,0.764361
AGGCCCAGTGACTGGT-1,0.000051,0.001879,0.000103,0.997967
AGGCCCATTGTACAGG-1,0.000066,0.031846,0.000133,0.967955
AGGCCCTAGAACGCCA-1,0.000072,0.05845,0.119494,0.821984
AGGCCTATCATACCAA-1,0.041125,0.09245,0.041192,0.825233
AGGCCTGAGAATCTCG-1,0.010584,0.146485,0.580961,0.261971
