Barcode,Topic 1,Topic 2to3,Topic 4to5,Topic 6to12
AAACAAGTATCTCCCA-1,0.000052,0.017304,0.442387,0.540257
AAACAATCTACTAGCA-1,0.058672,0.00013,0.929323,0.011876
AAACACCAATAACTGC-1,0.060837,0.054847,0.075909,0.808407
AAACAGAGCGACTCCT-1,0.000034,0.233434,0.259733,0.506798
AAACAGCTTTCAGAAG-1,0.006076,0.319255,0.300323,0.374346
AAACAGGGTCTATATT-1,0.000016,0.220333,0.063669,0.715982
AAACAGTGTTCCTGGG-1,0.83698,0.162746,0.000061,0.000213
AAACATGGTGAGAGGA-1,0.000006,0.605099,0.007909,0.386986
AAACATTTCCCGGATT-1,0.000046,0.032382,0.102037,0.865535
AAACCACTACACAGAT-1,0.054243,0.08966,0.855793,0.000303
AAACCCGAACGAAATC-1,0.022699,0.01412,0.535381,0.4278
AAACCGGAAATGTTAA-1,0.000022,0.35511,0.188221,0.456646
AAACCGGGTAGGTACC-1,0.146065,0.002695,0.109734,0.741507
AAACCGTTCGTCCAGG-1,0.417876,0.00008,0.09982,0.482225
AAACCTAAGCAGCCGG-1,0.000032,0.04086,0.347856,0.611253
AAACCTCATGAAGTTG-1,0.00002,0.076959,0.229178,0.693842
AAACGAAGAACATACC-1,0.000085,0.088329,0.295268,0.616318
AAACGAAGATGGAGTA-1,0.00306,0.718037,0.000308,0.278595
AAACGACAGTCTTGCC-1,0.000031,0.03265,0.967102,0.000217
AAACGAGACGGTTGAT-1,0.000021,0.030282,0.164899,0.804798
AAACGCCCGAGATCGG-1,0.145259,0.145022,0.347557,0.362162
AAACGCTGGGCACGAC-1,0.003964,0.53649,0.040659,0.418887
AAACGGGCGTACGGGT-1,0.000018,0.053932,0.000036,0.946014
AAACGGTTGCGAACTG-1,0.000046,0.181695,0.126662,0.691597
AAACGTGTTCGCCCTA-1,0.192351,0.34865,0.109405,0.349594
AAACTAACGTGGCGAC-1,0.264499,0.136219,0.448282,0.151
AAACTCGGTTCGCAAT-1,0.006274,0.171048,0.036789,0.78589
AAACTCGTGATATAAG-1,0.090196,0.000093,0.528008,0.381703
AAACTGCTGGCTCCAA-1,0.000035,0.00007,0.302982,0.696914
AAACTTAATTGCACGC-1,0.081449,0.535024,0.000175,0.383352
AAACTTGCAAACGTAT-1,0.000036,0.062161,0.312248,0.625554
AAAGAATGACCTTAGA-1,0.048356,0.631895,0.169646,0.150103
AAAGAATGTGGACTAA-1,0.163924,0.384058,0.331326,0.120691
AAAGACATGAAGTTTA-1,0.021524,0.293707,0.621557,0.063212
AAAGACCCAAGTCGCG-1,0.116692,0.066164,0.102289,0.714856
AAAGACTGGGCGCTTT-1,0.001831,0.194039,0.176084,0.628047
AAAGCTTGCCTACATA-1,0.102223,0.177473,0.350127,0.370177
AAAGGCCCTATAATAC-1,0.092176,0.215156,0.285431,0.407237
AAAGGCTACGGACCAT-1,0.078282,0.020823,0.084418,0.816477
AAAGGCTCTCGCGCCG-1,0.056688,0.000067,0.399397,0.543848
AAAGGGATGTAGCAAG-1,0.000038,0.000076,0.499537,0.500349
AAAGGGCAGCTTGAAT-1,0.00004,0.006142,0.632371,0.361448
AAAGGTAAGCTGTACC-1,0.000133,0.072329,0.821431,0.106107
AAAGGTCAACGACATG-1,0.137999,0.238329,0.293212,0.330461
AAAGTAGCATTGCTCA-1,0.016956,0.088625,0.025156,0.869264
AAAGTCACTGATGTAA-1,0.013917,0.063913,0.326924,0.595246
AAAGTCGACCCTCAGT-1,0.066253,0.005405,0.627398,0.300944
AAAGTGCCATCAATTA-1,0.190027,0.370184,0.069205,0.370583
AAAGTGTGATTTATCT-1,0.006029,0.032522,0.253686,0.707764
AAAGTTGACTCCCGTA-1,0.00007,0.035447,0.501125,0.463358
AAATAACCATACGGGA-1,0.117076,0.191537,0.044946,0.646441
AAATAAGGTAGTGCCC-1,0.005312,0.051646,0.594887,0.348155
AAATACCTATAAGCAT-1,0.022512,0.012445,0.000034,0.965009
AAATAGCTTAGACTTT-1,0.000068,0.000136,0.983495,0.016302
AAATAGGGTGCTATTG-1,0.000052,0.000104,0.248874,0.750969
AAATCACTCCTAAACG-1,0.00705,0.442257,0.484675,0.066018
AAATCCGATACACGCC-1,0.000028,0.068111,0.198451,0.73341
AAATCGCGGAAGGAGT-1,0.030633,0.447355,0.099518,0.422494
AAATCGTGTACCACAA-1,0.000023,0.000046,0.046277,0.953654
AAATCTAGCCCTGCTA-1,0.000054,0.000108,0.576384,0.423455
AAATCTGCCCGCGTCC-1,0.030497,0.81923,0.052337,0.097936
AAATGACTGATCAAAC-1,0.037743,0.648723,0.000019,0.313515
AAATGATTCGATCAGC-1,0.233822,0.079767,0.42937,0.257041
AAATGCTCGTTACGTT-1,0.000034,0.052253,0.037923,0.909789
AAATGGCATGTCTTGT-1,0.094314,0.009348,0.370058,0.526281
AAATGGCCCGTGCCCT-1,0.000014,0.201489,0.026053,0.772445
AAATGGTCAATGTGCC-1,0.000028,0.015491,0.167765,0.816716
AAATGTATCTTATCCC-1,0.00002,0.052732,0.524679,0.422568
AAATGTGGGTGCTCCT-1,0.000031,0.06618,0.346136,0.587653
AAATTAACGGGTAGCT-1,0.034216,0.000122,0.340063,0.6256
AAATTAATAAGCGCGA-1,0.00001,0.32512,0.094399,0.58047
AAATTACACGACTCTG-1,0.023093,0.069346,0.102864,0.804697
AAATTACCTATCGATG-1,0.020096,0.033843,0.280077,0.665984
AAATTCCAGGTCCAAA-1,0.171965,0.000146,0.448081,0.379808
AAATTGATAGTCCTTT-1,0.072199,0.078697,0.181954,0.66715
AAATTGGTGAGAAGCA-1,0.000029,0.472791,0.036383,0.490798
AAATTTACCGAAATCC-1,0.000037,0.324149,0.236986,0.438829
AAATTTGCGGGTGTGG-1,0.046727,0.018257,0.015615,0.919401
AACAACTGGTAGTTGC-1,0.012028,0.000093,0.568645,0.419234
AACAATACATTGTCGA-1,0.330632,0.005131,0.335766,0.328471
AACAATTACTCTACGC-1,0.010026,0.068587,0.202,0.719386
AACACACGCTCGCCGC-1,0.000052,0.000104,0.531228,0.468616
AACACGACTGTACTGA-1,0.000061,0.000122,0.459342,0.540476
AACACGAGACGCGGCC-1,0.000903,0.000756,0.211072,0.787269
AACACGCGGCCGCGAA-1,0.012569,0.052082,0.874704,0.060644
AACAGCTGTGTGGCAA-1,0.240288,0.003157,0.102799,0.653756
AACAGGAAATCGAATA-1,0.000048,0.000097,0.446621,0.553235
AACAGGATGGGCCGCG-1,0.083361,0.000053,0.508784,0.407802
AACAGGTAGTATGGAT-1,0.387265,0.356231,0.208219,0.048285
AACATAGCGTGTATCG-1,0.038083,0.634059,0.059381,0.268477
AACATATCAACTGGTG-1,0.003734,0.035439,0.288953,0.671875
AACATCGATACGTCTA-1,0.018932,0.000223,0.881077,0.099767
AACATTGAAGTTGATC-1,0.574002,0.006591,0.102771,0.316637
AACATTGTGACTCGAG-1,0.121794,0.078397,0.126873,0.672936
AACCAAGACTTCTCTG-1,0.02985,0.061764,0.225778,0.682608
AACCAGTATCACTCTT-1,0.000023,0.361288,0.045059,0.59363
AACCATAGGGTTGAAC-1,0.044984,0.447442,0.150824,0.35675
AACCATGGGATCGCTA-1,0.000057,0.082208,0.514007,0.403728
AACCCAGAGACGGAGA-1,0.005738,0.18376,0.07802,0.732483
AACCCATCCCATGATC-1,0.161961,0.178452,0.11364,0.545947
AACCCGACAACCCGTG-1,0.878003,0.010697,0.000041,0.111259
AACCCGAGCAGAATCG-1,0.195946,0.263309,0.271309,0.269436
AACCCGATAGGGCTTC-1,0.000012,0.374764,0.108253,0.516971
AACCCGCTGTATTCCA-1,0.277728,0.454783,0.033097,0.234391
AACCCTACTGTCAATA-1,0.00005,0.0001,0.369239,0.630611
AACCCTGGTGGAACCA-1,0.027574,0.131196,0.006066,0.835165
AACCGAGCTTGGTCAT-1,0.078097,0.000097,0.463451,0.458356
AACCGCTAAGGGATGC-1,0.000052,0.000105,0.460842,0.539001
AACCGTTGTGTTTGCT-1,0.015519,0.051241,0.477841,0.455399
AACCTAAAGCCGTCCG-1,0.285155,0.000088,0.68449,0.030266
AACCTCGCTTTAGCCC-1,0.002696,0.068065,0.148061,0.781179
AACCTGTCACGGAATT-1,0.047613,0.000205,0.899265,0.052917
AACCTTTAAATACGGT-1,0.000036,0.026818,0.319748,0.653398
AACCTTTACGACGTCT-1,0.000041,0.000081,0.447343,0.552535
AACGAAAGTCGTCCCA-1,0.007022,0.49945,0.115708,0.37782
AACGACCTCCTAGCCG-1,0.028155,0.735263,0.208311,0.02827
AACGATAATGCCGTAG-1,0.000037,0.037706,0.134765,0.827492
AACGATAGAAGGGCCG-1,0.005406,0.010065,0.000042,0.984486
AACGATATGTCAACTG-1,0.000034,0.028038,0.193736,0.778192
AACGCATGATCTGGGT-1,0.071047,0.000153,0.826824,0.101975
AACGCGAACGGCAACA-1,0.040905,0.000166,0.9224,0.036529
AACGCGACCTTGGGCG-1,0.217352,0.162195,0.000036,0.620417
AACGCGGTCTCCAGCC-1,0.003144,0.082591,0.13338,0.780885
AACGCTGTTGCTGAAA-1,0.00004,0.065834,0.271278,0.662849
AACGGACGTACGTATA-1,0.000053,0.000107,0.58935,0.410489
AACGGCCATCTCCGGT-1,0.063113,0.000083,0.209649,0.727154
AACGTACTGTGGGTAC-1,0.09369,0.058566,0.001487,0.846258
AACGTCAGACTAGTGG-1,0.000041,0.000082,0.677204,0.322673
AACGTCATCCGGCTTG-1,0.168067,0.22243,0.219617,0.389886
AACGTCGCTGCACTTC-1,0.215342,0.661907,0.122231,0.000519
AACGTGATGAAGGACA-1,0.000043,0.118201,0.000087,0.881669
AACGTGCGAAAGTCTC-1,0.000027,0.038773,0.263439,0.697761
AACGTTATCAGCACCT-1,0.000033,0.000067,0.613071,0.386829
AACGTTCTACCATTGT-1,0.042844,0.333339,0.346395,0.277422
AACTACCCGTTTGTCA-1,0.323164,0.32009,0.311399,0.045347
AACTAGCGTATCGCAC-1,0.010297,0.011221,0.215987,0.762495
AACTAGGCTTGGGTGT-1,0.061657,0.02548,0.280661,0.632202
AACTCAAGTTAATTGC-1,0.000194,0.015098,0.518302,0.466407
AACTCCAGAGCGTGTT-1,0.000046,0.00088,0.264731,0.734343
AACTCCTAATCCCATG-1,0.046777,0.10115,0.207705,0.644368
AACTCGATGGCGCAGT-1,0.162322,0.036263,0.732738,0.068676
AACTCTCAATAGAGCG-1,0.025574,0.019874,0.632752,0.321801
AACTCTCAGTGTGCTC-1,0.340276,0.008189,0.24512,0.406415
AACTGAGGTCAGCGTC-1,0.000197,0.184952,0.533201,0.28165
AACTGAGTTATACTGA-1,0.022601,0.230768,0.163297,0.583335
AACTGATATTAGGCCT-1,0.00006,0.00012,0.683035,0.316785
AACTGGGTCCCGACGT-1,0.045887,0.000067,0.412989,0.541057
AACTGGGTTCGAGCCG-1,0.000073,0.000146,0.851966,0.147815
AACTGGTGTGGGCCTT-1,0.00002,0.044101,0.002943,0.952937
AACTTCTGCGTCTATC-1,0.000045,0.00009,0.495287,0.504577
AACTTGCCCGTATGCA-1,0.009998,0.016273,0.298209,0.67552
AACTTGCGTTCTCGCG-1,0.00002,0.174051,0.024616,0.801313
AACTTTACGGGAGCTT-1,0.154463,0.02866,0.165432,0.651445
AACTTTAGCTGCTGAG-1,0.008259,0.033459,0.095078,0.863204
AACTTTCTCGATCATG-1,0.000026,0.580324,0.255099,0.164551
AAGAAAGTTTGATGGG-1,0.114336,0.632896,0.171154,0.081615
AAGAAATCACCAGATT-1,0.000039,0.338809,0.434205,0.226947
AAGAAGGATCAGTTAG-1,0.000023,0.047145,0.040548,0.912284
AAGACATACGTGGTTT-1,0.104386,0.176956,0.71817,0.000489
AAGACCAAATAACTCA-1,0.025608,0.786204,0.000016,0.188172
AAGACCCAACTGAACA-1,0.20587,0.056534,0.012143,0.725453
AAGACTCACGCCCACT-1,0.064751,0.071891,0.862914,0.000444
AAGACTGCAAGCTACT-1,0.000044,0.000088,0.322834,0.677034
AAGAGATGAATCGGTA-1,0.034791,0.046398,0.305434,0.613377
AAGAGCTCTTTATCGG-1,0.014241,0.020147,0.326502,0.63911
AAGAGGATGTACGCGA-1,0.027974,0.016695,0.306331,0.648999
AAGAGGCATGGATCGC-1,0.009638,0.024629,0.281657,0.684076
AAGAGGCCCTTTGGAA-1,0.014607,0.088908,0.689204,0.207281
AAGATGGCACCGGACC-1,0.363961,0.000109,0.435148,0.200782
AAGATTGGCGGAACGT-1,0.000038,0.000075,0.096711,0.903176
AAGCACCCTGCGTATC-1,0.032086,0.06422,0.041377,0.862317
AAGCATACTCTCCTGA-1,0.011858,0.142008,0.000027,0.846107
AAGCCACTTGCAGGTA-1,0.632827,0.286499,0.080466,0.000209
AAGCCGAAGCGGTTTA-1,0.000088,0.000176,0.770624,0.229112
AAGCCGCCGTGAAATC-1,0.124036,0.14528,0.241884,0.4888
AAGCCGCTTTACCTTG-1,0.007495,0.671396,0.162259,0.15885
AAGCCGGAGAGCAGGA-1,0.000025,0.529384,0.03,0.440591
AAGCGCAGGGCTTTGA-1,0.017235,0.092681,0.005989,0.884095
AAGCGGAGTGCGCGCA-1,0.000035,0.127393,0.73567,0.136902
AAGCGGCGTCATGGGT-1,0.000063,0.147377,0.391739,0.460822
AAGCGTCCCTCATCGA-1,0.277132,0.059998,0.216963,0.445908
AAGCTAGATCGAGTAA-1,0.00005,0.0001,0.180079,0.81977
AAGCTATGGATTGACC-1,0.019889,0.49548,0.03917,0.445461
AAGCTCGTGCCAAGTC-1,0.00003,0.0382,0.097869,0.8639
AAGCTCTTTCATGGTG-1,0.013991,0.111551,0.017832,0.856626
AAGGAGAACTTATAAG-1,0.000016,0.030247,0.294557,0.67518
AAGGAGCGGTTGGTGC-1,0.042642,0.07144,0.03922,0.846699
AAGGATCGATCGCTTG-1,0.000098,0.000195,0.914141,0.085566
AAGGATGAGGGACCTC-1,0.074149,0.022462,0.111638,0.791751
AAGGCAGGCTGTCTCC-1,0.010641,0.039872,0.861454,0.088033
AAGGCGCGTAAAGCTT-1,0.011317,0.00008,0.645725,0.342877
AAGGCTGTGCTCATCG-1,0.000047,0.000094,0.372118,0.627741
AAGGGAACGACTGGCT-1,0.044399,0.343249,0.000038,0.612314
AAGGGACAGATTCTGT-1,0.000079,0.000157,0.573616,0.426148
AAGGGACTATGCATTC-1,0.035221,0.15562,0.000042,0.809117
AAGGGTTAGCCATGCG-1,0.00002,0.458668,0.2949,0.246412
AAGGGTTTGATTTCAG-1,0.000008,0.674139,0.030449,0.295405
AAGGTATCCTAATATA-1,0.000021,0.073335,0.08434,0.842304
AAGGTGATAAACCAGC-1,0.000052,0.000104,0.202618,0.797226
AAGTAGAAGACCGGGT-1,0.000033,0.075748,0.19851,0.725709
AAGTAGTGACGCGAGG-1,0.00003,0.00058,0.148125,0.851265
AAGTCAATTGTCGTCA-1,0.000026,0.000053,0.063314,0.936607
AAGTCTAGTAGCTGCC-1,0.012341,0.597462,0.289077,0.10112
AAGTCTTCTGTGGCCT-1,0.000014,0.443409,0.155549,0.401028
AAGTGACGACCGAATT-1,0.000018,0.071855,0.021594,0.906533
AAGTGAGTCGGGTTTA-1,0.228907,0.028645,0.000078,0.742371
AAGTGCAAAGGTAGAC-1,0.00005,0.000101,0.58534,0.414509
AAGTGCCTTGACTGTA-1,0.000042,0.000084,0.148318,0.851556
AAGTGCGTTAGAATCT-1,0.080639,0.029542,0.000031,0.889788
AAGTGCTTCTCTATTG-1,0.56875,0.390299,0.040664,0.000287
AAGTGTTTGGAGACGG-1,0.000033,0.000066,0.383879,0.616022
AAGTTCACTCCAAGCT-1,0.021976,0.051713,0.188732,0.737579
AAGTTCAGTCTGCGTA-1,0.035592,0.000165,0.747045,0.217198
AAGTTCGGCCAACAGG-1,0.259688,0.000048,0.076381,0.663883
AAGTTGTGATGTTATA-1,0.014391,0.034691,0.468179,0.482739
AAGTTTACTAATGGCA-1,0.000071,0.011057,0.373551,0.615321
AAGTTTATGGGCCCAA-1,0.047347,0.102105,0.120537,0.730011
AATAACAACGCTCGGC-1,0.00003,0.069375,0.289135,0.64146
AATAACACTAGAACAA-1,0.167424,0.000082,0.391808,0.440686
AATAACGTCGCGCCCA-1,0.281166,0.090412,0.628142,0.00028
AATAAGTCCTCGAGAC-1,0.023258,0.262746,0.273548,0.440449
AATAATCTTCGTATCG-1,0.000099,0.129904,0.725422,0.144575
AATACAATGTTTCAGG-1,0.196348,0.00021,0.458821,0.344621
AATACCGGAGGGCTGT-1,0.999714,0.000052,0.000052,0.000182
AATACCTGATGTGAAC-1,0.182479,0.340615,0.476682,0.000224
AATAGAACAGAGTGGC-1,0.195016,0.012435,0.006851,0.785698
AATAGAATCTGTTTCA-1,0.063471,0.006501,0.233036,0.696991
AATAGCAAGCCTCCTG-1,0.058693,0.136157,0.532934,0.272216
AATAGCTACCGCGTGC-1,0.155542,0.043147,0.388281,0.41303
AATAGGCACGACCCTT-1,0.657372,0.342133,0.00011,0.000386
AATAGTCCGTCCCGAC-1,0.102077,0.141213,0.006657,0.750053
AATAGTCGCGAGTCGG-1,0.041928,0.045375,0.350225,0.562472
AATATCAAGGTCGGAT-1,0.039718,0.043118,0.133117,0.784048
AATATCCTAGCAAACT-1,0.000214,0.597502,0.02691,0.375374
AATATCGAATCAATGC-1,0.022629,0.000216,0.831802,0.145352
AATATCGAGGGTTCTC-1,0.000063,0.021619,0.48225,0.496068
AATATTGGAGTATTGA-1,0.008346,0.033342,0.213349,0.744962
AATCAGGTTTCATTTA-1,0.535335,0.399445,0.000042,0.065177
AATCATGTAAAGACTC-1,0.000029,0.010089,0.030143,0.959738
AATCCAAGGGCCTGAG-1,0.000069,0.001655,0.400952,0.597324
AATCCATGCAAGGGTG-1,0.000044,0.000089,0.835409,0.164457
AATCCCGCTCAGAGCC-1,0.138887,0.219996,0.195987,0.44513
AATCGAGGTCTCAAGG-1,0.000012,0.724687,0.00339,0.27191
AATCGCCTCAGCGCCA-1,0.000026,0.017508,0.167571,0.814894
AATCGCGCAGAGGACT-1,0.25856,0.182892,0.358613,0.199935
AATCGGGACACTACGA-1,0.000083,0.118417,0.289073,0.592428
AATCGGTATAGCCCTC-1,0.208008,0.599531,0.122634,0.069827
AATCGTGAGCCGAGCA-1,0.000033,0.001096,0.114481,0.88439
AATCTAGGTTTACTTG-1,0.144266,0.011793,0.319013,0.524928
AATCTATGCCGGAGCC-1,0.000136,0.140321,0.487136,0.372407
AATCTCTACTGTGGTT-1,0.01831,0.208815,0.139907,0.632969
AATCTGCGTTGGGACG-1,0.000032,0.040152,0.078611,0.881205
AATCTGGCTTTCTAGT-1,0.001183,0.263767,0.189469,0.545581
AATCTGGGTAGACCCT-1,0.072191,0.154474,0.712558,0.060777
AATGACAGCAATGTCT-1,0.001326,0.10857,0.010523,0.87958
AATGACGTAGGATGTC-1,0.029914,0.000083,0.189394,0.780609
AATGACTGTCAGCCGG-1,0.013987,0.019882,0.466415,0.499716
AATGAGTTCGCATATG-1,0.051375,0.053625,0.305364,0.589635
AATGATGATACGCTAT-1,0.000031,0.042188,0.0441,0.913681
AATGATGCGACTCCTG-1,0.000033,0.093803,0.147129,0.759035
AATGCAACCGGGTACC-1,0.163176,0.000056,0.244779,0.591989
AATGCACCAAGCAATG-1,0.000035,0.007011,0.191963,0.800992
AATGGCCGCCAATGCG-1,0.004438,0.367507,0.035914,0.592141
AATGGTCCACCGTTCA-1,0.083796,0.132894,0.162872,0.620437
AATGGTTCTCACAAGC-1,0.018014,0.000098,0.720051,0.261838
AATGTATGGCACTGTA-1,0.024584,0.740741,0.172826,0.06185
AATGTGCCCGAGGTGT-1,0.030345,0.099202,0.010411,0.860043
AATGTGCTAATCTGAG-1,0.423362,0.111607,0.004532,0.460498
AATGTTAAGACCCTGA-1,0.022103,0.585026,0.072715,0.320156
AATGTTGTCGTGAGAC-1,0.264544,0.598831,0.035813,0.100812
AATTAAAGGTCGGCGT-1,0.00002,0.033824,0.00004,0.966116
AATTAACGGATTTCCA-1,0.022059,0.100484,0.000034,0.877424
AATTACGAGACCCATC-1,0.042844,0.762513,0.000021,0.194621
AATTAGCGCTGCAGCG-1,0.001232,0.034092,0.010237,0.954439
AATTATACCCAGCAAG-1,0.013581,0.415206,0.0855,0.485713
AATTCATAAGGGATCT-1,0.000042,0.067376,0.398187,0.534394
AATTCATTGTCATGCA-1,0.005875,0.615949,0.000019,0.378157
AATTCCAAGCATGTAC-1,0.186427,0.00818,0.173096,0.632297
AATTCGATTCGAGGAT-1,0.000036,0.041548,0.191512,0.766905
AATTCTAGAGTTAGGC-1,0.049273,0.001339,0.02038,0.929008
AATTGAACGCTCTGGT-1,0.000023,0.000046,0.000046,0.999885
AATTGCAGCAATCGAC-1,0.005409,0.164161,0.428321,0.402109
AATTGCGTGGATTACA-1,0.131522,0.520593,0.226902,0.120983
AATTGTGGTTGCCAAA-1,0.008402,0.401264,0.521477,0.068857
AATTTGGGACATAGTA-1,0.000066,0.135547,0.252514,0.611874
AATTTGGTTCCAAAGA-1,0.00004,0.1748,0.00008,0.82508
ACAAACCATGCGTCCT-1,0.045969,0.431049,0.118821,0.404162
ACAAACCGACAAGGCG-1,0.043316,0.100529,0.780995,0.07516
ACAAACTCCATCAGAG-1,0.736484,0.263065,0.0001,0.000351
ACAAAGAAGGTAGGCC-1,0.000005,0.459138,0.02311,0.517747
ACAAAGCATGACCTAG-1,0.000042,0.000705,0.368181,0.631072
ACAAATCGCACCGAAT-1,0.114814,0.000076,0.225507,0.659603
ACAAATGGTAGTGTTT-1,0.000047,0.000093,0.549622,0.450238
ACAAATTCAGATCTGA-1,0.094906,0.063508,0.811078,0.030507
ACAACAGCATGAGCTA-1,0.056343,0.000077,0.470189,0.473391
ACAACGGTCCCTGCGA-1,0.000051,0.000102,0.604826,0.395021
ACAAGCAGTGCCTAGC-1,0.079089,0.041914,0.28084,0.598157
ACAAGCTATATGGAAG-1,0.009894,0.319273,0.521381,0.149452
ACAAGGAAATCCGCCC-1,0.000022,0.060246,0.014604,0.925129
ACAAGGACAAGAGGTT-1,0.000046,0.052213,0.490618,0.457123
ACAAGGATGCTTTAGG-1,0.000027,0.07459,0.113928,0.811455
ACAAGGCCTACCAGCC-1,0.151374,0.118681,0.291123,0.438822
ACAAGGGCAGGCTCTG-1,0.000025,0.00819,0.050176,0.94161
ACAAGTAATTGTAAGG-1,0.526858,0.472656,0.000108,0.000378
ACAATAGTCGTACGTT-1,0.000033,0.039653,0.178294,0.78202
ACAATCCATTTAAACC-1,0.02957,0.062311,0.253616,0.654503
ACAATCGATCTTTATA-1,0.000016,0.204514,0.053347,0.742123
ACAATGAATACGGAGA-1,0.175938,0.000056,0.000056,0.823949
ACAATGATTCTTCTAC-1,0.22214,0.081622,0.695466,0.000771
ACAATTGTGTCTCTTT-1,0.000082,0.019681,0.421303,0.558935
ACAATTTAGGAGGCTC-1,0.049815,0.106862,0.525384,0.317939
ACAATTTGAGCAGTGG-1,0.000031,0.06491,0.202506,0.732553
ACAATTTGGCCATATT-1,0.000065,0.114121,0.774057,0.111758
ACACAAAGACGGGTGG-1,0.009404,0.060628,0.534662,0.395307
ACACAAATATTCCTAG-1,0.000013,0.649567,0.029097,0.321323
ACACACCAGGACCAGT-1,0.00004,0.028504,0.324291,0.647166
ACACACTTTCTACACG-1,0.000075,0.033701,0.66936,0.296864
ACACATGATCAAATCT-1,0.015096,0.251916,0.234029,0.498959
ACACATTTCCGTAGAC-1,0.107919,0.27784,0.144583,0.469658
ACACCACATAATTAGC-1,0.018986,0.000171,0.77666,0.204183
ACACCCAGCATGCAGC-1,0.22251,0.020397,0.175278,0.581814
ACACCCGAGAAATCCG-1,0.000027,0.040826,0.273265,0.685882
ACACCCGTAAATCTGT-1,0.000009,0.399193,0.092798,0.508
ACACCGAGCGCTCTTT-1,0.022499,0.00016,0.976779,0.000561
ACACCGGTCTGACCGC-1,0.037619,0.378723,0.047272,0.536387
ACACCTTAAGTAGGGC-1,0.047389,0.01638,0.323531,0.6127
ACACCTTACTACTTGC-1,0.086633,0.140684,0.437478,0.335205
ACACGAGACTCCTTCT-1,0.12689,0.000059,0.501107,0.371944
ACACGGCACTATGCAT-1,0.000044,0.107912,0.2625,0.629544
ACACGGGAACTTAGGG-1,0.000041,0.128121,0.38917,0.482667
ACACGTAGGCCACAAG-1,0.056205,0.117711,0.625778,0.200306
ACACTCCAATGTCACT-1,0.000049,0.071691,0.761653,0.166607
ACACTGATCAAGGTGT-1,0.2156,0.058816,0.389096,0.336488
ACACTGGGACAGTCGT-1,0.065744,0.043597,0.312955,0.577705
ACAGAACTGAGAACAA-1,0.000016,0.040815,0.032062,0.927108
ACAGATTAGGTTAGTG-1,0.002371,0.028847,0.014466,0.954315
ACAGCATAGAGCCAGT-1,0.000075,0.006692,0.234685,0.758548
ACAGCGACATTCTCAT-1,0.012125,0.024785,0.031593,0.931497
ACAGCGCACCCGCAGC-1,0.000049,0.225845,0.181055,0.593051
ACAGGCACGGATCCTT-1,0.000027,0.167287,0.385449,0.447237
ACAGGCTTGCCCGACT-1,0.006626,0.019695,0.202761,0.770918
ACAGGTGGAGGTGAGG-1,0.122475,0.026151,0.23494,0.616435
ACAGGTGTGTTGTTGC-1,0.000015,0.178916,0.758026,0.063044
ACAGTAATACAACTTG-1,0.042776,0.131385,0.005986,0.819852
ACAGTATACCGTGGGA-1,0.00442,0.446345,0.136529,0.412706
ACAGTGCAGCGCATTT-1,0.185381,0.1699,0.574773,0.069947
ACATAAGTCGTGGTGA-1,0.060517,0.441293,0.021328,0.476862
ACATAATAAGGCGGTG-1,0.000033,0.000066,0.272735,0.727166
ACATACAATCAAGCGG-1,0.000013,0.672771,0.114123,0.213093
ACATCAGCTGGGACGC-1,0.016098,0.108151,0.000028,0.875722
ACATCCCGGCCATACG-1,0.003705,0.101482,0.000034,0.894778
ACATCCTGGTAACTGT-1,0.000024,0.076968,0.138839,0.784169
ACATCGATCGTTTACC-1,0.000044,0.000088,0.349506,0.650361
ACATCGCAATATTCGG-1,0.600793,0.398473,0.000163,0.000571
ACATCGGTCAGCCGCG-1,0.019383,0.001973,0.115144,0.8635
ACATCGTATGCAATGG-1,0.000027,0.000054,0.036321,0.963599
ACATCGTTAACCTAGT-1,0.000038,0.080283,0.007752,0.911926
ACATCTCAACGCGTAA-1,0.022649,0.276664,0.02549,0.675197
ACATGCTTACGGCAGC-1,0.495627,0.490157,0.013902,0.000314
ACATGGCGCCAAAGTA-1,0.000047,0.107875,0.340341,0.551737
ACATTAGTTTATATCC-1,0.10405,0.000053,0.070487,0.82541
ACATTCGCGCGGAATA-1,0.421935,0.427917,0.02427,0.125878
ACATTTGAAACCTAAC-1,0.06959,0.460965,0.439956,0.029489
ACCAAACACCCAGCGA-1,0.04387,0.000176,0.816917,0.139037
ACCAAACTAGAAATCC-1,0.000013,0.338499,0.030338,0.63115
ACCAACACCACACACT-1,0.318877,0.262321,0.309877,0.108926
ACCAACCGCACTCCAC-1,0.000039,0.035751,0.394118,0.570092
ACCAACGCTTATTTAT-1,0.045607,0.000094,0.332676,0.621623
ACCAAGAACGCGTGTC-1,0.000036,0.00085,0.230118,0.768996
ACCAAGTCATCGGCAG-1,0.129413,0.42942,0.274885,0.166282
ACCAATATGCAAGTTA-1,0.049885,0.280924,0.000218,0.668974
ACCACAACTCAGAACA-1,0.000063,0.083066,0.805598,0.111273
ACCACAAGTTTCTATC-1,0.000045,0.000091,0.5859,0.413964
ACCACACGGTTGATGG-1,0.000021,0.630425,0.014264,0.35529
ACCACCAATGTAACAA-1,0.000067,0.024545,0.586387,0.389001
ACCACCCTCTCTTCTA-1,0.000037,0.42871,0.276004,0.295249
ACCACGTGCAGCTATA-1,0.053582,0.017377,0.242404,0.686636
ACCAGACCATAACAAC-1,0.003391,0.334879,0.147501,0.514228
ACCAGCCCGGTCTTTG-1,0.000029,0.374624,0.185584,0.439762
ACCAGGAGTGTGATCT-1,0.00006,0.00012,0.526541,0.473279
ACCAGTGCCCGGTCAA-1,0.018295,0.000232,0.885855,0.095617
ACCAGTGCGGGAGACG-1,0.005697,0.050289,0.086666,0.857348
ACCATATCCGCAATAA-1,0.093921,0.116921,0.002304,0.786853
ACCATCCGCCAACTAG-1,0.000028,0.023177,0.262526,0.714269
ACCATCGTATATGGTA-1,0.036592,0.015252,0.039548,0.908608
ACCCAACGCCCGTGGC-1,0.000038,0.029337,0.340178,0.630448
ACCCACCTACATGCTC-1,0.000034,0.073722,0.215248,0.710996
ACCCATCTTGAGGGTA-1,0.000055,0.00011,0.28118,0.718655
ACCCATTTGTCCCTCT-1,0.000067,0.000352,0.494907,0.504673
ACCCGAGCGAAATTAC-1,0.447064,0.00011,0.36381,0.189016
ACCCGATTGGTTCCGA-1,0.992339,0.000069,0.00735,0.000242
ACCCGGAAACTCCCAG-1,0.000039,0.028824,0.287288,0.683849
ACCCGGAGCACCACAA-1,0.001587,0.465857,0.273977,0.258579
ACCCGGATGACGCATC-1,0.00008,0.000159,0.697702,0.30206
ACCCGGTTACACTTCC-1,0.000038,0.033362,0.079383,0.887217
ACCCGTAGCAGAGAAT-1,0.01435,0.747286,0.000011,0.238353
ACCCGTAGTCTAGTTG-1,0.135037,0.448054,0.307392,0.109517
ACCCGTGTCATCAGTA-1,0.06929,0.037835,0.379235,0.51364
ACCCTATAGGACTGAG-1,0.000035,0.00007,0.379137,0.620758
ACCCTATGCCATATCG-1,0.491987,0.000153,0.322764,0.185096
ACCCTCCCGTCAGGGC-1,0.00002,0.26707,0.352345,0.380565
ACCCTCCCTTGCTATT-1,0.00004,0.014184,0.247346,0.73843
ACCCTGGTAACGCCCT-1,0.051334,0.0211,0.824412,0.103153
ACCCTTCATCTGCGAA-1,0.01294,0.07595,0.05933,0.851779
ACCCTTGCCTGGGTCG-1,0.053327,0.484595,0.028937,0.433141
ACCCTTTAGTTCTCCA-1,0.000026,0.373115,0.028518,0.598342
ACCGAAAGGGCCCTGC-1,0.000027,0.113366,0.030811,0.855797
ACCGAAGAGTCTGGTT-1,0.025668,0.280202,0.118223,0.575907
ACCGACACATCTCCCA-1,0.110716,0.000114,0.169715,0.719455
ACCGACTGAGTCCCAC-1,0.000034,0.06567,0.185858,0.748438
ACCGAGTCTCCTTATT-1,0.000017,0.226854,0.273094,0.500035
ACCGATAGGCATAACC-1,0.133005,0.000112,0.857317,0.009566
ACCGATATTTAATCAT-1,0.000135,0.000271,0.916347,0.083248
ACCGATGGTAGCATCG-1,0.000035,0.000069,0.444985,0.554911
ACCGCAATAACTGCCT-1,0.045595,0.038024,0.182884,0.733498
ACCGCGGTGGAAGTCG-1,0.038709,0.000145,0.701388,0.259759
ACCGCTAGTCATTGGT-1,0.648472,0.351306,0.000049,0.000172
ACCGGGCCTTTGTTGA-1,0.008705,0.045962,0.372078,0.573255
ACCGGTCAGGTACACC-1,0.000251,0.182728,0.232686,0.584334
ACCGGTCTGAGTACGG-1,0.024869,0.276506,0.620296,0.078329
ACCGTCCACTGGGCCC-1,0.031562,0.793753,0.000012,0.174673
ACCGTGACCACGTGGG-1,0.455466,0.000073,0.281762,0.262699
ACCGTTCCCGCTCTGA-1,0.000048,0.124473,0.314751,0.560728
ACCTAAGTACCTTTCA-1,0.053086,0.017953,0.212657,0.716304
ACCTAATCGACTTCCT-1,0.058007,0.051302,0.214028,0.676663
ACCTACAGTATGTGGT-1,0.302237,0.476563,0.20345,0.017749
ACCTACTATAAATCTA-1,0.012027,0.134757,0.066855,0.78636
ACCTCAGCGAGGCGCA-1,0.01254,0.392481,0.594795,0.000185
ACCTCCGCCCTCGCTG-1,0.000068,0.038833,0.667384,0.293715
ACCTCCGTTATTCACC-1,0.20234,0.07978,0.236304,0.481577
ACCTCGAACTTATGCT-1,0.050103,0.442127,0.132613,0.375156
ACCTGCGTGTCATGTT-1,0.000036,0.008578,0.175596,0.81579
ACCTTTCCTTTAGAAG-1,0.000016,0.237081,0.306621,0.456282
ACGAAATGGGCGGCAC-1,0.027067,0.038351,0.337265,0.597317
ACGACCCATGAGTTGC-1,0.00006,0.45717,0.336689,0.206081
ACGACTCTAGGGCCGA-1,0.012653,0.169937,0.668118,0.149293
ACGACTGGTCATACTC-1,0.564655,0.130756,0.000038,0.304551
ACGAGAACCCATCACG-1,0.078545,0.041801,0.130416,0.749238
ACGAGATATTTGCTTA-1,0.008656,0.249196,0.011947,0.730201
ACGAGGATACCACTCT-1,0.074555,0.13179,0.207037,0.586618
ACGAGGTTTACAACGT-1,0.011847,0.209818,0.226922,0.551413
ACGAGTACGGATGCCC-1,0.012216,0.077253,0.260926,0.649605
ACGATACATAGAACTA-1,0.115817,0.000099,0.441392,0.442693
ACGATACCTATCCTGA-1,0.000016,0.160056,0.250409,0.589519
ACGATCATACATAGAG-1,0.049079,0.000042,0.15025,0.800628
ACGATCATCTTGTAAA-1,0.000064,0.000128,0.298161,0.701648
ACGATGCATATGTTAT-1,0.050529,0.016936,0.319544,0.612991
ACGATGGATCCGATGC-1,0.129257,0.000111,0.303484,0.567147
ACGCAAACTAATAGAT-1,0.664896,0.00008,0.1603,0.174724
ACGCAATCACTACAGC-1,0.058148,0.00037,0.633533,0.30795
ACGCATAAATGACATG-1,0.246364,0.30179,0.451195,0.000652
ACGCATACGTTTACTA-1,0.000043,0.005825,0.264351,0.729781
ACGCATTCGTGAGTAC-1,0.022319,0.000062,0.094685,0.882935
ACGCCACTCGAAACAG-1,0.091449,0.610162,0.088347,0.210042
ACGCCAGATGATTTCT-1,0.000047,0.007019,0.473308,0.519626
ACGCCAGTGCGTTTGC-1,0.00318,0.435121,0.561439,0.000259
ACGCCCAGCTGTCGAT-1,0.007295,0.14439,0.380442,0.467873
ACGCCGCTAGACGACC-1,0.050147,0.000157,0.248924,0.700773
ACGCGAAGTCAGACGA-1,0.047344,0.032874,0.13777,0.782012
ACGCGCTACACAGGGT-1,0.000014,0.055581,0.000726,0.943679
ACGCGGGCCAAGGACA-1,0.017644,0.006358,0.07686,0.899138
ACGCGTTTCTTAAGAG-1,0.006932,0.064134,0.712161,0.216773
ACGCTACTGAATGGGC-1,0.00002,0.643578,0.120995,0.235407
ACGCTAGTATCAGTGC-1,0.010632,0.491092,0.311699,0.186577
ACGCTAGTGATACACT-1,0.000051,0.010783,0.183188,0.805977
ACGCTGTGAGGCGTAG-1,0.000021,0.086115,0.224404,0.689459
ACGCTTAGTGTCTCTC-1,0.000023,0.534791,0.295026,0.17016
ACGGAACACGAGTGCC-1,0.037848,0.249348,0.712504,0.0003
ACGGAATTTAGCAAAT-1,0.000048,0.024157,0.454451,0.521344
ACGGACGCAGCGACAA-1,0.003446,0.963962,0.000027,0.032565
ACGGACTCTCAAAGCG-1,0.040226,0.03739,0.009033,0.91335
ACGGAGCGCAAATTAC-1,0.129198,0.000271,0.643891,0.22664
ACGGATGGTGCGGATA-1,0.122917,0.000106,0.142657,0.73432
ACGGCACTTGCTTGGG-1,0.000028,0.039274,0.041637,0.919061
ACGGCCAACATGGACT-1,0.066181,0.000191,0.231578,0.70205
ACGGCGACGATGGGAA-1,0.002523,0.043074,0.162089,0.792314
ACGGCGGGTTGCCCTG-1,0.000057,0.000115,0.999427,0.000401
ACGGCTGGATGTAGAA-1,0.08686,0.292217,0.313215,0.307708
ACGGGAGTGTCGGCCC-1,0.000015,0.090003,0.002687,0.907296
ACGGGCGTATGCGACA-1,0.000053,0.148974,0.686462,0.164511
ACGGGTCATGTGACTT-1,0.000074,0.000148,0.999262,0.000517
ACGGGTTGTGACCTGT-1,0.174926,0.330423,0.253925,0.240726
ACGGTACAGTTCAATG-1,0.020428,0.365104,0.25631,0.358157
ACGGTCACCGAGAACA-1,0.059847,0.588442,0.000059,0.351653
ACGTACAGATTTCTCT-1,0.000046,0.10972,0.046394,0.843839
ACGTACTTTGGCACGG-1,0.941942,0.057755,0.000067,0.000236
ACGTAGATTGCTGATG-1,0.000024,0.028845,0.150021,0.821111
ACGTAGGAGAGTCGCT-1,0.056748,0.042639,0.204529,0.696085
ACGTATTACTCCGATC-1,0.000053,0.000106,0.260356,0.739485
ACGTCCTAAACGAGAT-1,0.061803,0.000125,0.936158,0.001915
ACGTCGGGCAACTCGG-1,0.004792,0.710559,0.004027,0.280621
ACGTCTCGTTCCGGGA-1,0.067006,0.260096,0.074621,0.598277
ACGTGACAAAGTAAGT-1,0.000004,0.452816,0.000007,0.547173
ACGTGCGCCTCGTGCA-1,0.060471,0.000093,0.406087,0.53335
ACGTGGTCGAATGTGC-1,0.000038,0.29517,0.553684,0.151108
ACGTTAATGTCGAAGA-1,0.000026,0.000053,0.045662,0.954259
ACGTTAGATTTGCCCG-1,0.10426,0.000094,0.174094,0.721552
ACGTTATTGGTCACTC-1,0.000041,0.053699,0.381118,0.565141
ACGTTCACTATGCCGC-1,0.999541,0.000083,0.000083,0.000292
ACGTTCCGCGCTCCGT-1,0.090223,0.04753,0.42129,0.440957
ACGTTCGCAATCAATT-1,0.069402,0.000154,0.39966,0.530785
ACGTTCGTTCAGGAAA-1,0.478746,0.000064,0.048868,0.472322
ACGTTCTGTACAAGTC-1,0.000032,0.000064,0.155869,0.844035
ACGTTGTCGTTGAAAG-1,0.781186,0.218075,0.000164,0.000575
ACGTTTAGTTGTGATC-1,0.000031,0.033633,0.215494,0.750841
ACGTTTCGGTGCACTT-1,0.000019,0.556639,0.292857,0.150485
ACTAAGGACGCACACC-1,0.000015,0.39303,0.161685,0.445269
ACTAATACGTCAGGCG-1,0.000093,0.128266,0.870992,0.00065
ACTACAAAGAGAGGTG-1,0.219377,0.44087,0.00372,0.336033
ACTACATCCCGACAAG-1,0.033015,0.33031,0.101164,0.535512
ACTACCAGCTCTCTGG-1,0.000035,0.050432,0.295167,0.654366
ACTACCATCCGAGGGC-1,0.635182,0.364536,0.000063,0.000219
ACTACGCGTTAGAATT-1,0.209435,0.02941,0.190866,0.570289
ACTAGTTGCGATCGTC-1,0.000087,0.000173,0.673129,0.326611
ACTATATGCTGTGTTC-1,0.035825,0.000404,0.794433,0.169339
ACTATCCAGGGCATGG-1,0.001384,0.000141,0.960165,0.03831
ACTATCTGCCCGCGTA-1,0.353327,0.343978,0.201013,0.101681
ACTATGTCCAGCTGCC-1,0.191682,0.217031,0.209823,0.381464
ACTATTCGTCCGTGGT-1,0.055859,0.000076,0.321192,0.622873
ACTATTTCCGGGCCCA-1,0.793227,0.000096,0.088178,0.118498
ACTCAACGAATGTATT-1,0.000047,0.078459,0.556858,0.364636
ACTCAAGTGCAAGGCT-1,0.000029,0.056766,0.136594,0.806611
ACTCAATAAAGGCACG-1,0.000035,0.056489,0.350519,0.592957
ACTCAGACCTGCTTCT-1,0.000058,0.269052,0.223075,0.507814
ACTCATGGCAGCCTTC-1,0.051823,0.348793,0.240421,0.358963
ACTCCAATATCATCAT-1,0.260587,0.197501,0.008435,0.533477
ACTCCCATTCCTAAAG-1,0.000047,0.013597,0.117583,0.868773
ACTCCCGAATTCGTTT-1,0.000024,0.0112,0.127802,0.860974
ACTCCCGTAGACTAGG-1,0.000028,0.451023,0.03347,0.515479
ACTCCCTAATGCTAAA-1,0.000038,0.050676,0.106226,0.84306
ACTCCCTAGAATAGTA-1,0.087034,0.055512,0.023091,0.834363
ACTCCGGCCGACCACT-1,0.033812,0.071568,0.078143,0.816477
ACTCGATGTATTTCAT-1,0.000033,0.019817,0.369406,0.610744
ACTCGCCGTTCGATAA-1,0.130532,0.577467,0.231657,0.060344
ACTCGCGATCTGACGC-1,0.001646,0.403192,0.192101,0.403062
ACTCGTAACCCGTCCT-1,0.000037,0.062154,0.124767,0.813042
ACTCGTCAGTAATCCC-1,0.017166,0.063594,0.325398,0.593842
ACTCTAAACCTGGGAT-1,0.000007,0.087101,0.122448,0.790444
ACTCTCTGACTTAGGT-1,0.08689,0.000134,0.57564,0.337336
ACTCTCTTATACACGA-1,0.000044,0.220895,0.131091,0.64797
ACTCTGACCTAATAGA-1,0.000019,0.310081,0.394892,0.295008
ACTCTTCAGCTCCCGC-1,0.000015,0.699225,0.00806,0.2927
ACTCTTGTATAGTAAC-1,0.028207,0.031582,0.000158,0.940053
ACTGAAACGCCGTTAG-1,0.000025,0.086885,0.125537,0.787553
ACTGAATGGCGAAAGT-1,0.000023,0.000045,0.02243,0.977502
ACTGATTTAGTGATTC-1,0.038148,0.346484,0.426081,0.189286
ACTGCCCGCCATTCTC-1,0.686421,0.19815,0.00658,0.10885
ACTGCCGTCGTAACTC-1,0.338814,0.076024,0.38182,0.203342
ACTGCGGACACACCGT-1,0.016865,0.040215,0.94236,0.000559
ACTGCTCGGAAGGATG-1,0.000012,0.32147,0.000024,0.678493
ACTGGCGAACCTGCGT-1,0.012408,0.429365,0.119274,0.438953
ACTGGGATGCCAGTGC-1,0.187738,0.308419,0.058394,0.445449
ACTGTACGATACACAT-1,0.05739,0.000072,0.325569,0.616968
ACTGTAGCACTTTGGA-1,0.03171,0.083714,0.346698,0.537878
ACTGTATACGCGAGCA-1,0.160386,0.003416,0.157547,0.678651
ACTGTCCAGGATTATA-1,0.00003,0.010133,0.258872,0.730965
ACTGTCTTCTTTAGAA-1,0.081262,0.000068,0.111472,0.807198
ACTGTGCTAGTAGATC-1,0.000043,0.096063,0.260954,0.64294
ACTGTTTAGTGTAGGC-1,0.000064,0.035586,0.681536,0.282813
ACTTACCGGGCGCGCA-1,0.000044,0.128736,0.291527,0.579693
ACTTACGCATCCACGC-1,0.012545,0.039581,0.301651,0.646223
ACTTAGTACGACAAGA-1,0.000067,0.000135,0.692752,0.307046
ACTTATACTTACCCGG-1,0.000046,0.000092,0.086386,0.913476
ACTTATTAGGATCGGT-1,0.046678,0.000113,0.478661,0.474548
ACTTATTTATGTGCCA-1,0.000064,0.000128,0.511813,0.487996
ACTTCAGGCTGATCCC-1,0.002453,0.08304,0.043616,0.870891
ACTTCCAGTGGAAGCT-1,0.056841,0.537938,0.316397,0.088824
ACTTCCATGCGGGACA-1,0.00004,0.00008,0.415548,0.584332
ACTTCCTGTCGTGCGA-1,0.03366,0.02032,0.945687,0.000333
ACTTCGCCATACGCAC-1,0.191179,0.000067,0.189385,0.619369
ACTTCGCTAGCGAGTG-1,0.000012,0.688421,0.001754,0.309814
ACTTGACTCCCTCTTT-1,0.13392,0.077226,0.286831,0.502024
ACTTGCCATATTGTAC-1,0.000044,0.050325,0.266253,0.683378
ACTTGCTCTATCTACC-1,0.000007,0.704413,0.000013,0.295567
ACTTGGGACCCGGTGG-1,0.05921,0.081125,0.021022,0.838643
ACTTGGGCTTTCGCCA-1,0.007963,0.44498,0.350692,0.196366
ACTTGTAGTCCCTTCA-1,0.068344,0.196823,0.178478,0.556355
ACTTGTGGATGGAACG-1,0.000134,0.000267,0.749779,0.24982
ACTTGTTACCGGATCA-1,0.118251,0.258912,0.263488,0.359349
ACTTTACCCTCATGAA-1,0.000044,0.000088,0.578854,0.421014
ACTTTATACACCACTT-1,0.092771,0.687606,0.000051,0.219572
ACTTTCCTATAGCTTC-1,0.000036,0.054504,0.129509,0.815951
ACTTTGACTGCATCCT-1,0.001496,0.170636,0.184457,0.643411
ACTTTGGTCGTGCTCC-1,0.027785,0.363868,0.104115,0.504232
ACTTTGTCGACGCACT-1,0.000112,0.136432,0.749677,0.113778
AGAAATTATGACTCGC-1,0.029486,0.114789,0.855263,0.000462
AGAACACGGCGATGGT-1,0.197807,0.660985,0.000026,0.141182
AGAACCCAGCGTGACA-1,0.000027,0.278255,0.194118,0.527599
AGAACCCTCAATTGGG-1,0.013249,0.501884,0.109107,0.37576
AGAACGTGGTACATTC-1,0.000025,0.000049,0.387059,0.612867
AGAACTGTACTTTGTA-1,0.023728,0.693133,0.162669,0.12047
AGAAGAGCGCCGTTCC-1,0.00026,0.000519,0.02291,0.976311
AGAAGGTACACTTCAC-1,0.127775,0.129148,0.152751,0.590326
AGAAGGTTGCCGAATT-1,0.06581,0.000056,0.131743,0.802391
AGAAGGTTGTAGGTCG-1,0.000037,0.036011,0.122934,0.841017
AGAAGTGATTCGTGAT-1,0.133545,0.000071,0.011273,0.855111
AGAATAAATCTTCAGG-1,0.01581,0.101889,0.323244,0.559058
AGAATACAGGCTATCC-1,0.350385,0.074362,0.575032,0.000221
AGAATGCGGGTTCGGA-1,0.24694,0.073139,0.274207,0.405715
AGAATTATGGATTCGA-1,0.000066,0.000133,0.496524,0.503277
AGAATTGTTTGACATA-1,0.000038,0.109899,0.219441,0.670622
AGACAGCTCAGAATCC-1,0.000016,0.152902,0.052412,0.79467
AGACAGGCATCTCAGC-1,0.000009,0.592327,0.080655,0.327009
AGACATAGATCCTTCC-1,0.062525,0.067554,0.196908,0.673012
AGACCAAACCACACCT-1,0.000199,0.346431,0.000017,0.653353
AGACCATGGGATACAA-1,0.000017,0.034983,0.000034,0.964966
AGACCCACCGCTGATC-1,0.113338,0.000055,0.066188,0.820419
AGACCCGCCCTCCTCG-1,0.001082,0.130314,0.281894,0.58671
AGACCGCTCCGCGGTT-1,0.112346,0.000247,0.518949,0.368458
AGACCGGGAAACCCTG-1,0.008943,0.069883,0.195656,0.725518
AGACGAAGTGCCGGTC-1,0.000049,0.000097,0.156589,0.843266
AGACGACGATGCCGCT-1,0.033812,0.059589,0.036624,0.869975
AGACGCCCACTTCGCC-1,0.000132,0.03737,0.83784,0.124658
AGACGGGATTGGTATA-1,0.000039,0.188083,0.768328,0.04355
AGACGGGCCGATTTAA-1,0.072897,0.057402,0.869159,0.000541
AGACTAGCCTTCCAGA-1,0.064423,0.023395,0.466362,0.44582
AGACTGTTACCGGGTC-1,0.360212,0.000078,0.191353,0.448357
AGAGAAACACCAGAAA-1,0.807029,0.192754,0.000095,0.000123
AGAGAACCGTCTAGGA-1,0.000033,0.005585,0.215605,0.778777
AGAGAAGGAGTACAAT-1,0.132984,0.01336,0.106471,0.747186
AGAGATCTCTAAAGCG-1,0.001976,0.137464,0.147415,0.713145
AGAGCAGTTATGAGAC-1,0.00005,0.000099,0.418264,0.581587
AGAGCCGCCGAGATTT-1,0.302905,0.448822,0.233911,0.014361
AGAGCGCTTGTAACGG-1,0.000019,0.663004,0.180293,0.156684
AGAGCGGGCTAATCAT-1,0.017631,0.043945,0.33315,0.605273
AGAGCGTACAAGCTCG-1,0.057639,0.029074,0.540339,0.372948
AGAGCTACGAAAGCAT-1,0.045254,0.000148,0.954082,0.000517
AGAGGCTTCGGAAACC-1,0.000056,0.025521,0.316898,0.657525
AGAGGGACAATTGTCC-1,0.000024,0.654271,0.150412,0.195293
AGAGGTATCTCGGTCC-1,0.065091,0.043671,0.581289,0.309949
AGAGTAAACTTCACTA-1,0.000087,0.000175,0.541178,0.45856
AGAGTATAGTGTTACG-1,0.000046,0.307685,0.081452,0.610816
AGAGTCTTAATGAAAG-1,0.000014,0.515598,0.04848,0.435908
AGAGTGAACAGACACC-1,0.000023,0.313083,0.41019,0.276704
AGAGTTAGAGACCGAT-1,0.00004,0.28481,0.613149,0.102001
AGAGTTGCAGGCCTCC-1,0.001527,0.431335,0.117622,0.449516
AGATAACTTCAGGGCC-1,0.018517,0.00006,0.420945,0.560479
AGATAATCACACCTAT-1,0.200506,0.693332,0.096073,0.010089
AGATACCAATAGAACC-1,0.287568,0.597089,0.11454,0.000804
AGATACCAGCACTTCA-1,0.021719,0.268328,0.281805,0.428148
AGATACCGGTGTTCAC-1,0.008387,0.030124,0.079286,0.882202
AGATACGACTTCATAT-1,0.00006,0.000119,0.739387,0.260433
AGATACTCAAGATCGA-1,0.048372,0.0001,0.307916,0.643613
AGATATAATACGACTA-1,0.113478,0.037607,0.055736,0.793178
AGATCGTGCATAAGAT-1,0.000032,0.050165,0.464562,0.485242
AGATCTCAGGTGTGAT-1,0.054297,0.048287,0.51909,0.378327
AGATCTGGAGAGGATA-1,0.035992,0.710807,0.000031,0.25317
AGATGACTCGCCCACG-1,0.001157,0.000116,0.660816,0.337911
AGATGAGGGTTGCGAT-1,0.000156,0.036379,0.724175,0.239291
AGATGATGGAGTCTGG-1,0.000107,0.000215,0.893296,0.106382
AGATGCAAGACGTGCA-1,0.024502,0.105311,0.01529,0.854897
AGATGCATCCTGTGTC-1,0.000018,0.655492,0.088786,0.255704
AGATTATAGGACGTTT-1,0.000033,0.013551,0.152149,0.834267
AGATTCAAGCGGGTCG-1,0.337872,0.104245,0.532695,0.025188
AGATTCACAACCGATA-1,0.038761,0.06115,0.35104,0.549049
AGCAAAGGCCGCTAGT-1,0.082855,0.110116,0.174375,0.632655
AGCAACATATCTTATT-1,0.000037,0.0197,0.284434,0.695829
AGCAACCGAAAGTAAT-1,0.068847,0.098505,0.288658,0.54399
AGCACACGTTTAGACT-1,0.252985,0.324907,0.096026,0.326082
AGCACCAGTACTCACG-1,0.000052,0.062997,0.313248,0.623703
AGCACTACCGGCCTGT-1,0.00002,0.00004,0.104374,0.895566
AGCACTACCTCACCAG-1,0.000059,0.000119,0.636742,0.36308
AGCACTTAAGGACGCC-1,0.000036,0.00246,0.228775,0.768729
AGCAGAAGGAGAAAGA-1,0.036386,0.120968,0.040372,0.802275
AGCAGCCAGATGAATA-1,0.244987,0.000072,0.11683,0.638111
AGCAGTCGAAGCATGC-1,0.000015,0.65071,0.02475,0.324526
AGCATATCAATATGCT-1,0.000028,0.000055,0.001069,0.998848
AGCATCATTTCGAAAG-1,0.00691,0.191044,0.122772,0.679274
AGCATCGTCGATAATT-1,0.104883,0.000121,0.345971,0.549025
AGCATTACGAGGCAAG-1,0.039598,0.060797,0.611784,0.287821
AGCCAAGCTTTGTGTC-1,0.000028,0.177837,0.000057,0.822078
AGCCACAGGTTACCCG-1,0.068633,0.001534,0.326404,0.603429
AGCCACTCCCGTGCTT-1,0.000062,0.027242,0.433817,0.53888
AGCCATATAGTATGTG-1,0.137624,0.096911,0.14908,0.616385
AGCCCATACATGTAAG-1,0.057011,0.009883,0.14106,0.792046
AGCCCGCAACAAGCAG-1,0.087486,0.206063,0.007471,0.69898
AGCCCGCACTACAATG-1,0.106113,0.545891,0.204344,0.143651
AGCCCGGCATTAGAGG-1,0.103347,0.096272,0.235022,0.565358
AGCCCGGTAGCCTGTA-1,0.345416,0.090177,0.290641,0.273767
AGCCCTAAGCGAAGTT-1,0.011464,0.000107,0.749745,0.238684
AGCCCTCCCTGGTGGC-1,0.611143,0.170602,0.00019,0.218066
AGCCCTGTCGCACCGT-1,0.147179,0.061515,0.654097,0.137209
AGCCCTTCTAATCCGA-1,0.136782,0.000152,0.725631,0.137435
AGCCCTTGGACATCCC-1,0.107279,0.052483,0.839614,0.000625
AGCCGCAAATTCAAAT-1,0.00195,0.281925,0.051543,0.664583
AGCCGTGGCTAAATGT-1,0.026555,0.080176,0.14865,0.744618
AGCCTAATACCCACGT-1,0.070393,0.157999,0.043289,0.728318
AGCCTTAAAGCGGAAG-1,0.000034,0.046777,0.323028,0.63016
AGCCTTGTCACTGATA-1,0.028053,0.722505,0.00001,0.249432
AGCGACAGGAACGGTC-1,0.194942,0.054322,0.030399,0.720337
AGCGACATCCCATTCA-1,0.000063,0.000126,0.576728,0.423082
AGCGACCAACGATATT-1,0.000047,0.127016,0.117291,0.755646
AGCGACTTTGAAGACA-1,0.698125,0.301353,0.000116,0.000406
AGCGAGACGTGAAGGC-1,0.079958,0.281503,0.000098,0.638441
AGCGATGCGCCTAATA-1,0.055677,0.155824,0.361873,0.426627
AGCGCATAATGAATCG-1,0.110156,0.050316,0.056195,0.783333
AGCGCGGGTGCCAATG-1,0.000049,0.000098,0.567842,0.432011
AGCGCTAGAGCGATGT-1,0.000058,0.13126,0.651076,0.217606
AGCGCTTATGGGCAAG-1,0.000038,0.109718,0.411991,0.478252
AGCGGACACTTCGTAG-1,0.081898,0.00449,0.028455,0.885157
AGCGGCGGTTAGCGGT-1,0.000022,0.197838,0.080868,0.721273
AGCGGGAAGGGTCCAT-1,0.00006,0.04777,0.279871,0.672299
AGCGGGTCTGACACTC-1,0.00003,0.077818,0.118531,0.803622
AGCGGTTGAGATGTAC-1,0.126554,0.349141,0.397902,0.126403
AGCGGTTGCCGCTCTG-1,0.074921,0.233994,0.48105,0.210035
AGCGTACGAGAGCTAG-1,0.015072,0.000118,0.984397,0.000413
AGCGTCTGAACCCGCA-1,0.000077,0.000153,0.700533,0.299237
AGCGTGGTATTCTACT-1,0.000067,0.011369,0.244448,0.744115
AGCGTTCCGATTTAAA-1,0.035297,0.150346,0.741948,0.07241
AGCTAACAAGCAATGT-1,0.316498,0.037182,0.071195,0.575125
AGCTAAGCTCCGTCCG-1,0.571298,0.428269,0.000096,0.000337
AGCTAAGTACGCAGGC-1,0.000036,0.099609,0.175638,0.724717
AGCTACGAATGGTGGT-1,0.080434,0.360845,0.419265,0.139456
AGCTAGAAGCAGAAGT-1,0.083155,0.021087,0.302618,0.593139
AGCTATTTAATCCAAC-1,0.000062,0.000124,0.547159,0.452656
AGCTCCATATATGTTC-1,0.066674,0.000299,0.711794,0.221233
AGCTCCTTCGCACATC-1,0.008765,0.010309,0.168739,0.812187
AGCTCGTTGATGGAAA-1,0.00645,0.248418,0.402768,0.342364
AGCTCTAGACGTTCCA-1,0.000049,0.067065,0.283775,0.649111
