Barcode,Topic 1,Topic 2,Topic 3,Topic 4,Topic 5,Topic 6,Topic 7,Topic 8,Topic 9,Topic 10
AAACAACGAATAGTTC-1,0.112375,0.019735,0.201314,0.140693,0.023724,0.056904,0.04947,0.362903,0.030159,0.002723
AAACAAGTATCTCCCA-1,0.332397,0.052503,0.110966,0.001008,0.005113,0.010335,0.012017,0.202504,0.261386,0.011772
AAACAATCTACTAGCA-1,0.000038,0.00952,0.021649,0.025118,0.059179,0.747409,0.125271,0.005846,0.000038,0.005931
AAACACCAATAACTGC-1,0.000015,0.003302,0.007893,0.064553,0.078912,0.177303,0.00561,0.630495,0.002516,0.029401
AAACAGAGCGACTCCT-1,0.168568,0.005736,0.000036,0.007411,0.040063,0.100458,0.503298,0.010046,0.03048,0.133904
AAACAGCTTTCAGAAG-1,0.000966,0.000031,0.015347,0.056663,0.000031,0.334956,0.540293,0.012446,0.038219,0.00105
AAACAGGGTCTATATT-1,0.000021,0.004343,0.056948,0.175483,0.008978,0.484354,0.021456,0.204266,0.006288,0.037863
AAACAGTGTTCCTGGG-1,0.000016,0.000016,0.484961,0.005475,0.082817,0.000016,0.000016,0.132298,0.084464,0.20992
AAACATGGTGAGAGGA-1,0.000239,0.00003,0.019655,0.176827,0.00003,0.008475,0.425988,0.216122,0.132852,0.019781
AAACATTTCCCGGATT-1,0.267576,0.000015,0.33412,0.006259,0.007551,0.000015,0.000015,0.011559,0.34095,0.03194
AAACCACTACACAGAT-1,0.068769,0.288693,0.000028,0.013152,0.147707,0.240431,0.185712,0.05383,0.000028,0.001649
AAACCCGAACGAAATC-1,0.036582,0.093604,0.172966,0.164035,0.319311,0.019995,0.031813,0.016654,0.038402,0.106638
AAACCGGAAATGTTAA-1,0.079123,0.028231,0.03552,0.023403,0.451173,0.016406,0.056641,0.282929,0.015947,0.010627
AAACCGGGTAGGTACC-1,0.099469,0.032738,0.016187,0.000032,0.000629,0.568927,0.161197,0.110011,0.007308,0.003501
AAACCGTTCGTCCAGG-1,0.007724,0.00001,0.099097,0.00001,0.010723,0.002058,0.00011,0.758057,0.067494,0.054719
AAACCTAAGCAGCCGG-1,0.456055,0.000045,0.000045,0.000045,0.000045,0.000045,0.543587,0.000045,0.000045,0.000045
AAACCTCATGAAGTTG-1,0.000038,0.000041,0.018129,0.083332,0.000038,0.425922,0.394965,0.075512,0.001986,0.000038
AAACGAAGAACATACC-1,0.000037,0.053814,0.000037,0.013779,0.018338,0.386005,0.341464,0.181861,0.000037,0.004627
AAACGAAGATGGAGTA-1,0.000057,0.001429,0.000057,0.000057,0.000057,0.308458,0.689717,0.000057,0.000057,0.000057
AAACGACAGTCTTGCC-1,0.056764,0.527239,0.000213,0.003138,0.038088,0.074595,0.28116,0.018745,0.000028,0.000028
AAACGAGACGGTTGAT-1,0.045575,0.044572,0.000029,0.019276,0.007137,0.433866,0.11388,0.020212,0.061231,0.254222
AAACGCCCGAGATCGG-1,0.013075,0.350449,0.000045,0.000045,0.047589,0.224468,0.364195,0.000045,0.000045,0.000045
AAACGCTGGGCACGAC-1,0.034139,0.105011,0.095841,0.001627,0.675763,0.000036,0.000036,0.051562,0.027771,0.008213
AAACGGGCGTACGGGT-1,0.795904,0.000063,0.000063,0.000063,0.000063,0.000063,0.203594,0.000063,0.000063,0.000063
AAACGGGTTGGTATCC-1,0.089879,0.005834,0.069149,0.047291,0.000664,0.079065,0.118258,0.393546,0.187087,0.009227
AAACGGTTGCGAACTG-1,0.116356,0.133784,0.006074,0.003595,0.016035,0.059648,0.171406,0.00004,0.295036,0.198025
AAACGTGTTCGCCCTA-1,0.068321,0.191436,0.109772,0.183839,0.052062,0.030797,0.284946,0.029176,0.020472,0.029179
AAACTAACGTGGCGAC-1,0.000796,0.097536,0.225031,0.135341,0.092268,0.063887,0.045018,0.06588,0.029419,0.244824
AAACTCGGTTCGCAAT-1,0.294694,0.001501,0.002378,0.000068,0.050945,0.0065,0.106832,0.046494,0.452359,0.038228
AAACTCGTGATATAAG-1,0.107135,0.254544,0.096115,0.008775,0.041025,0.2084,0.190839,0.000043,0.005048,0.088075
AAACTGCTGGCTCCAA-1,0.083652,0.013625,0.082959,0.0126,0.032607,0.085964,0.149222,0.072237,0.13776,0.329374
AAACTTAATTGCACGC-1,0.000023,0.043415,0.008283,0.135909,0.009958,0.592253,0.04355,0.143011,0.000739,0.022859
AAACTTGCAAACGTAT-1,0.000011,0.000067,0.007322,0.188355,0.064064,0.028022,0.000011,0.668028,0.00896,0.035161
AAAGAATGACCTTAGA-1,0.01277,0.018846,0.000051,0.000051,0.000051,0.06436,0.903718,0.000051,0.000051,0.000051
AAAGAATGTGGACTAA-1,0.066147,0.260409,0.058895,0.11303,0.422062,0.000016,0.000016,0.001636,0.037201,0.040588
AAAGACATGAAGTTTA-1,0.266198,0.198548,0.150659,0.026619,0.094639,0.100745,0.039484,0.106096,0.015747,0.001264
AAAGACCCAAGTCGCG-1,0.000021,0.005976,0.093368,0.021018,0.029031,0.204198,0.055594,0.480208,0.054127,0.056458
AAAGACTGGGCGCTTT-1,0.000038,0.028347,0.000038,0.000038,0.000038,0.000038,0.971348,0.000038,0.000038,0.000038
AAAGCTTGCCTACATA-1,0.46052,0.187484,0.000024,0.009522,0.027476,0.148784,0.038281,0.003503,0.104928,0.019478
AAAGGCCCTATAATAC-1,0.003579,0.283958,0.000022,0.00218,0.009871,0.351684,0.34795,0.000714,0.000022,0.000022
AAAGGCTACGGACCAT-1,0.177238,0.044501,0.000025,0.019988,0.05593,0.23714,0.08259,0.032173,0.220662,0.129753
AAAGGCTCTCGCGCCG-1,0.000014,0.000014,0.002578,0.091078,0.110585,0.007879,0.000014,0.11997,0.300722,0.367146
AAAGGGATGTAGCAAG-1,0.080849,0.044011,0.000055,0.000055,0.061644,0.430847,0.326396,0.016174,0.01093,0.02904
AAAGGGCAGCTTGAAT-1,0.000057,0.014771,0.000057,0.000057,0.000057,0.521183,0.463648,0.000057,0.000057,0.000057
AAAGGTAAGCTGTACC-1,0.058909,0.064018,0.000038,0.02631,0.109262,0.335335,0.226503,0.07279,0.049562,0.057272
AAAGGTCAACGACATG-1,0.082566,0.174371,0.005249,0.007878,0.424535,0.183615,0.019731,0.096558,0.000158,0.005341
AAAGTAGCATTGCTCA-1,0.002544,0.009237,0.100024,0.022783,0.037111,0.277532,0.032359,0.448524,0.022389,0.047496
AAAGTCACTGATGTAA-1,0.000049,0.023976,0.000049,0.010474,0.001097,0.399013,0.389732,0.122827,0.000049,0.052733
AAAGTCGACCCTCAGT-1,0.000029,0.000029,0.075845,0.065701,0.000029,0.000334,0.817427,0.040547,0.000029,0.000029
AAAGTGCCATCAATTA-1,0.027937,0.158357,0.141832,0.009103,0.253603,0.169338,0.097842,0.130754,0.000022,0.01121
AAAGTGTGATTTATCT-1,0.025633,0.00002,0.128269,0.028612,0.003303,0.038754,0.048214,0.118426,0.340789,0.26798
AAAGTTGACTCCCGTA-1,0.064125,0.057017,0.000034,0.0167,0.055733,0.362663,0.270629,0.004224,0.117528,0.051347
AAATAACCATACGGGA-1,0.21068,0.010446,0.056994,0.000673,0.003058,0.007123,0.437428,0.078292,0.136244,0.059061
AAATAAGGTAGTGCCC-1,0.04312,0.249942,0.071371,0.188578,0.105853,0.013756,0.161943,0.016412,0.073044,0.075982
AAATACCTATAAGCAT-1,0.017333,0.013298,0.000016,0.127825,0.029588,0.182647,0.067014,0.060296,0.262696,0.239286
AAATAGCTTAGACTTT-1,0.008292,0.016902,0.001732,0.237985,0.130843,0.017089,0.115707,0.208539,0.128187,0.134724
AAATAGGGTGCTATTG-1,0.425009,0.00005,0.00005,0.00005,0.00005,0.015423,0.551189,0.00005,0.00808,0.00005
AAATCACTCCTAAACG-1,0.049894,0.302482,0.062626,0.009742,0.328595,0.114744,0.09507,0.032165,0.000024,0.004658
AAATCCGATACACGCC-1,0.690664,0.026342,0.1443,0.000045,0.000045,0.000369,0.089748,0.000045,0.017574,0.030867
AAATCGCGGAAGGAGT-1,0.000065,0.000065,0.000065,0.000663,0.000065,0.202282,0.796602,0.000065,0.000065,0.000065
AAATCGTGTACCACAA-1,0.023803,0.035679,0.000028,0.007217,0.024544,0.320659,0.089147,0.056744,0.2293,0.212878
AAATCTAGCCCTGCTA-1,0.257228,0.016861,0.146407,0.070536,0.016474,0.021977,0.076919,0.047016,0.311016,0.035564
AAATCTGCCCGCGTCC-1,0.00034,0.612348,0.021618,0.217804,0.002131,0.086788,0.046421,0.012487,0.000032,0.000032
AAATGACTGATCAAAC-1,0.560665,0.000036,0.439046,0.000036,0.000036,0.000036,0.000036,0.000036,0.000036,0.000036
AAATGATTCGATCAGC-1,0.187891,0.060161,0.048876,0.086202,0.106208,0.081414,0.175141,0.063238,0.131288,0.059581
AAATGCTCGTTACGTT-1,0.00003,0.00003,0.021319,0.056512,0.00003,0.796656,0.001768,0.096702,0.003872,0.023081
AAATGGCATGTCTTGT-1,0.026663,0.000017,0.000848,0.000676,0.108724,0.046322,0.000338,0.549054,0.078168,0.189188
AAATGGCCCGTGCCCT-1,0.000039,0.00867,0.032669,0.109151,0.016754,0.499439,0.128976,0.137466,0.010392,0.056443
AAATGGTCAATGTGCC-1,0.009317,0.016246,0.098858,0.000029,0.000372,0.187047,0.159435,0.164923,0.054387,0.309384
AAATGTATCTTATCCC-1,0.00009,0.00009,0.124192,0.06385,0.00009,0.049885,0.131733,0.403625,0.164687,0.061758
AAATGTGGGTGCTCCT-1,0.000032,0.134069,0.064934,0.07177,0.044671,0.463079,0.062679,0.153407,0.000032,0.005327
AAATTAACGGGTAGCT-1,0.000012,0.000012,0.190407,0.005229,0.00167,0.002915,0.000012,0.321049,0.030338,0.448354
AAATTAATAAGCGCGA-1,0.004582,0.000057,0.148993,0.000057,0.000057,0.060405,0.265716,0.342233,0.149111,0.028789
AAATTACACGACTCTG-1,0.000013,0.000013,0.001987,0.004851,0.136553,0.008384,0.000013,0.488535,0.002486,0.357166
AAATTACCTATCGATG-1,0.001061,0.030498,0.004766,0.174214,0.014732,0.044602,0.291681,0.080016,0.124651,0.233779
AAATTCCAGGTCCAAA-1,0.102188,0.388221,0.073744,0.063842,0.017557,0.000995,0.352316,0.000026,0.001086,0.000026
AAATTGATAGTCCTTT-1,0.000026,0.011712,0.000026,0.014523,0.062172,0.371012,0.054641,0.334862,0.001993,0.149033
AAATTGCGGCGGTTCT-1,0.102889,0.000064,0.086167,0.002037,0.000064,0.173461,0.048916,0.397067,0.188591,0.000745
AAATTGGTGAGAAGCA-1,0.015048,0.044273,0.050194,0.21775,0.287971,0.084901,0.008298,0.02232,0.09593,0.173316
AAATTTACCGAAATCC-1,0.091736,0.079548,0.000029,0.000075,0.279586,0.178398,0.067289,0.199596,0.042843,0.060899
AAATTTGCGGGTGTGG-1,0.000017,0.006221,0.00747,0.00247,0.017072,0.319186,0.03773,0.372348,0.007252,0.230235
AACAACTGGTAGTTGC-1,0.000014,0.011069,0.000014,0.019584,0.075829,0.117469,0.001797,0.563369,0.009209,0.201645
AACAATACATTGTCGA-1,0.069164,0.001507,0.002586,0.00363,0.014669,0.13928,0.178537,0.356214,0.133762,0.100652
AACAATTACTCTACGC-1,0.000025,0.010036,0.000025,0.308672,0.007981,0.180935,0.080598,0.383533,0.016187,0.012009
AACACACGCTCGCCGC-1,0.203894,0.013518,0.03797,0.059703,0.00577,0.022854,0.329781,0.027594,0.163741,0.135175
AACACGACTGTACTGA-1,0.039827,0.022216,0.005773,0.023953,0.09939,0.283326,0.02195,0.422899,0.010337,0.070328
AACACGAGACGCGGCC-1,0.011318,0.003741,0.117102,0.092705,0.000041,0.14556,0.360296,0.192138,0.052519,0.024581
AACACGCGGCCGCGAA-1,0.000011,0.000073,0.113073,0.246841,0.002814,0.049739,0.006159,0.523455,0.017751,0.040085
AACAGCTGTGTGGCAA-1,0.052371,0.008877,0.071756,0.000406,0.059776,0.293364,0.06251,0.229034,0.03424,0.187666
AACAGGAAATCGAATA-1,0.191181,0.061296,0.027884,0.000032,0.008163,0.144782,0.18459,0.183486,0.073063,0.125524
AACAGGATGGGCCGCG-1,0.000027,0.015785,0.000027,0.106184,0.007628,0.062406,0.357465,0.449745,0.000481,0.000251
AACAGGTAGTATGGAT-1,0.055229,0.133597,0.043623,0.15528,0.331234,0.005818,0.035416,0.03875,0.121641,0.079412
AACATAGCGTGTATCG-1,0.73032,0.113485,0.012646,0.014987,0.100004,0.004547,0.002208,0.001962,0.017189,0.002652
AACATATCAACTGGTG-1,0.000034,0.044428,0.000027,0.144665,0.048807,0.128221,0.234232,0.06734,0.067843,0.264404
AACATCGATACGTCTA-1,0.009517,0.304181,0.000037,0.005601,0.046124,0.448941,0.138979,0.000037,0.016095,0.030488
AACATTGAAGTTGATC-1,0.005939,0.03063,0.075194,0.169215,0.071591,0.190349,0.093882,0.295858,0.020842,0.0465
AACATTGTGACTCGAG-1,0.308305,0.003175,0.031193,0.012239,0.010857,0.003238,0.127158,0.057249,0.415937,0.03065
AACCAAGACTTCTCTG-1,0.000034,0.000034,0.013138,0.020776,0.000034,0.626801,0.085297,0.176352,0.006994,0.070538
AACCAGTATCACTCTT-1,0.000032,0.017988,0.000032,0.000041,0.423485,0.203801,0.015411,0.274531,0.000032,0.064645
AACCATAGGGTTGAAC-1,0.029018,0.00785,0.104643,0.203819,0.007248,0.274729,0.008049,0.234271,0.070463,0.059911
AACCATGGGATCGCTA-1,0.000045,0.000045,0.009622,0.053384,0.000045,0.651233,0.063599,0.205342,0.004132,0.012554
AACCCAGAGACGGAGA-1,0.029198,0.001828,0.002918,0.018945,0.009714,0.5462,0.051445,0.251226,0.03225,0.056277
AACCCATCCCATGATC-1,0.011132,0.006045,0.000034,0.135061,0.003631,0.439005,0.045343,0.245786,0.073748,0.040216
AACCCGACAACCCGTG-1,0.000011,0.016177,0.000011,0.110511,0.178461,0.117607,0.014223,0.197799,0.026181,0.339019
AACCCGAGCAGAATCG-1,0.002032,0.318243,0.030219,0.306777,0.277889,0.023038,0.007145,0.004284,0.004929,0.025444
AACCCGATAGGGCTTC-1,0.027117,0.025371,0.009348,0.020249,0.615315,0.065423,0.008653,0.150442,0.017669,0.060413
AACCCGCTGTATTCCA-1,0.022563,0.009233,0.722208,0.004419,0.028095,0.000025,0.000025,0.000025,0.090451,0.122958
AACCCTACTGTCAATA-1,0.031094,0.007357,0.122162,0.022085,0.010386,0.047071,0.300081,0.016774,0.273368,0.169623
AACCCTGGTGGAACCA-1,0.033862,0.000126,0.853917,0.000126,0.000126,0.000126,0.111339,0.000126,0.000126,0.000126
AACCGAGCTTGGTCAT-1,0.000022,0.000022,0.030435,0.105259,0.027353,0.033049,0.046906,0.13335,0.024941,0.598663
AACCGCTAAGGGATGC-1,0.005625,0.007446,0.117202,0.041875,0.056096,0.038191,0.135094,0.131624,0.126833,0.340014
AACCGTTGTGTTTGCT-1,0.033169,0.023289,0.151982,0.000034,0.000034,0.268466,0.147075,0.366022,0.000688,0.009239
AACCTAAAGCCGTCCG-1,0.071106,0.363555,0.004849,0.017273,0.138008,0.28464,0.031124,0.088512,0.000032,0.000902
AACCTCGCTTTAGCCC-1,0.812016,0.000041,0.000041,0.000041,0.000041,0.00719,0.180048,0.000041,0.000502,0.000041
AACCTGTCACGGAATT-1,0.031933,0.226201,0.215157,0.021834,0.140885,0.147486,0.029909,0.009376,0.020642,0.156576
AACCTTTAAATACGGT-1,0.463849,0.000032,0.000032,0.000032,0.000032,0.004933,0.339111,0.001703,0.189685,0.00059
AACCTTTACGACGTCT-1,0.011439,0.029144,0.048546,0.077343,0.016251,0.006868,0.588669,0.088,0.069748,0.063991
AACGAAAGTCGTCCCA-1,0.000015,0.000015,0.004382,0.351415,0.000081,0.126009,0.000015,0.399327,0.027196,0.091545
AACGACCTCCTAGCCG-1,0.114786,0.242662,0.580338,0.004936,0.050295,0.000024,0.006886,0.000024,0.000024,0.000024
AACGATAATGCCGTAG-1,0.226308,0.020769,0.000041,0.000041,0.000041,0.024886,0.647648,0.000041,0.066324,0.0139
AACGATAGAAGGGCCG-1,0.000013,0.005843,0.048325,0.016219,0.064031,0.10886,0.000013,0.618923,0.001472,0.136303
AACGATATGTCAACTG-1,0.000027,0.022782,0.000027,0.055727,0.102477,0.215658,0.086999,0.044872,0.145818,0.325613
AACGCATGATCTGGGT-1,0.005047,0.058206,0.101936,0.235398,0.011876,0.118213,0.192058,0.033268,0.039896,0.204103
AACGCGAACGGCAACA-1,0.029033,0.00005,0.171757,0.005342,0.00005,0.082436,0.044071,0.400071,0.261882,0.005309
AACGCGACCTTGGGCG-1,0.061358,0.037208,0.000045,0.000045,0.000045,0.152372,0.654897,0.000045,0.005155,0.088828
AACGCGGTCTCCAGCC-1,0.000023,0.000023,0.061636,0.083788,0.069367,0.066981,0.052257,0.299892,0.021262,0.34477
AACGCTGTTGCTGAAA-1,0.264565,0.012026,0.199239,0.110885,0.030114,0.001745,0.000222,0.056781,0.241527,0.082895
AACGGACGTACGTATA-1,0.140542,0.00646,0.221756,0.033931,0.001925,0.011114,0.168934,0.039903,0.338066,0.037368
AACGGCCATCTCCGGT-1,0.082006,0.000519,0.000044,0.000044,0.020064,0.021179,0.717063,0.042976,0.001651,0.114457
AACGTACTGTGGGTAC-1,0.045847,0.041323,0.052128,0.009088,0.005472,0.104066,0.018986,0.134433,0.306797,0.281859
AACGTCAGACTAGTGG-1,0.005861,0.026993,0.104755,0.007074,0.005475,0.194085,0.192364,0.440356,0.006552,0.016484
AACGTCATCCGGCTTG-1,0.264668,0.050168,0.089115,0.167729,0.062699,0.03385,0.044693,0.097083,0.14224,0.047757
AACGTCGCTGCACTTC-1,0.055558,0.25613,0.517439,0.014376,0.156367,0.000026,0.000026,0.000026,0.000026,0.000026
AACGTGATGAAGGACA-1,0.082841,0.012618,0.000062,0.000062,0.000062,0.328223,0.575946,0.000062,0.000062,0.000062
AACGTGCGAAAGTCTC-1,0.00002,0.001928,0.00002,0.168234,0.006741,0.03018,0.226196,0.093944,0.187158,0.285579
AACGTTATCAGCACCT-1,0.087575,0.002548,0.053702,0.089873,0.000074,0.171279,0.130708,0.363507,0.098299,0.002434
AACGTTCTACCATTGT-1,0.000038,0.00548,0.003092,0.000038,0.659618,0.000038,0.000038,0.311993,0.002522,0.017141
AACTACCCGTTTGTCA-1,0.088023,0.415875,0.05122,0.107354,0.059283,0.021924,0.221928,0.008298,0.01585,0.010244
AACTAGCGTATCGCAC-1,0.000027,0.016078,0.070341,0.071614,0.037718,0.181042,0.089331,0.48446,0.029577,0.01981
AACTAGGCTTGGGTGT-1,0.052038,0.037158,0.000019,0.071736,0.108157,0.133543,0.016316,0.326445,0.150886,0.103701
AACTCAAGTTAATTGC-1,0.055665,0.023088,0.000037,0.000037,0.018569,0.424836,0.332892,0.058506,0.000037,0.086332
AACTCCAGAGCGTGTT-1,0.372754,0.000042,0.057233,0.000042,0.000042,0.002734,0.290243,0.027934,0.230238,0.018736
AACTCCTAATCCCATG-1,0.006857,0.044018,0.000043,0.003795,0.084762,0.316975,0.335814,0.007948,0.005589,0.194199
AACTCGATAAACACGT-1,0.065749,0.041414,0.138726,0.007903,0.000058,0.072535,0.110216,0.44413,0.111879,0.007389
AACTCGATGGCGCAGT-1,0.000032,0.003913,0.093496,0.046266,0.000032,0.505848,0.229493,0.091835,0.025289,0.003796
AACTCTCAATAGAGCG-1,0.042776,0.004834,0.000022,0.158726,0.01532,0.040184,0.131633,0.025833,0.361822,0.218852
AACTCTCAGTGTGCTC-1,0.099433,0.026432,0.011596,0.007571,0.011647,0.016646,0.353752,0.2122,0.210576,0.050146
AACTGAGGTCAGCGTC-1,0.066807,0.21474,0.019119,0.061158,0.120804,0.09621,0.238811,0.051336,0.065576,0.065438
AACTGAGTTATACTGA-1,0.084626,0.065818,0.268875,0.008115,0.225755,0.17111,0.053021,0.072439,0.017027,0.033213
AACTGATATTAGGCCT-1,0.000043,0.037027,0.000043,0.001403,0.10367,0.255751,0.309943,0.216897,0.000043,0.075181
AACTGGGTCCCGACGT-1,0.068051,0.00002,0.00002,0.00002,0.00731,0.057834,0.005826,0.609664,0.160705,0.09055
AACTGGGTTCGAGCCG-1,0.060612,0.21647,0.225213,0.013539,0.092129,0.023336,0.055904,0.189363,0.027475,0.09596
AACTGGTGTGGGCCTT-1,0.000021,0.000626,0.000021,0.114789,0.109398,0.173701,0.000021,0.587106,0.000021,0.014297
AACTTCTGCGTCTATC-1,0.000058,0.000058,0.24728,0.000058,0.000058,0.621016,0.131112,0.000245,0.000058,0.000058
AACTTGCCCGTATGCA-1,0.03413,0.027887,0.00006,0.00006,0.009407,0.598086,0.116059,0.159696,0.029208,0.025407
AACTTGCGTTCTCGCG-1,0.000047,0.000047,0.074401,0.031107,0.000047,0.329475,0.311215,0.155836,0.077524,0.020302
AACTTTACGGGAGCTT-1,0.144031,0.000063,0.003382,0.000063,0.000063,0.160948,0.262772,0.317366,0.11125,0.000063
AACTTTAGCTGCTGAG-1,0.000043,0.00472,0.165085,0.067849,0.056416,0.076404,0.201117,0.372648,0.02633,0.029387
AACTTTCTCGATCATG-1,0.268977,0.130923,0.167999,0.224596,0.024645,0.003162,0.106568,0.01703,0.039211,0.016888
AAGAAAGTTTGATGGG-1,0.003871,0.107022,0.04573,0.739767,0.003012,0.000393,0.040422,0.058819,0.000954,0.00001
AAGAAATCACCAGATT-1,0.397789,0.235728,0.000037,0.017662,0.020594,0.144888,0.164133,0.000037,0.001653,0.017479
AAGAAGGATCAGTTAG-1,0.000018,0.000018,0.000018,0.256326,0.000018,0.065324,0.312282,0.355936,0.006756,0.003305
AAGACATACGTGGTTT-1,0.034825,0.037611,0.062571,0.223332,0.531628,0.015425,0.000011,0.011195,0.041112,0.042291
AAGACCAAATAACTCA-1,0.000025,0.015779,0.013493,0.150838,0.003963,0.582559,0.147691,0.01093,0.013068,0.061653
AAGACCCAACTGAACA-1,0.073052,0.013154,0.111659,0.009501,0.021174,0.093657,0.111111,0.042363,0.395682,0.128647
AAGACTAACCCGTTGT-1,0.089122,0.00004,0.131405,0.011993,0.00004,0.094843,0.091636,0.420611,0.152534,0.007775
AAGACTCACGCCCACT-1,0.115907,0.314087,0.054918,0.004658,0.235735,0.181078,0.005107,0.083795,0.000024,0.00469
AAGACTGCAAGCTACT-1,0.000027,0.000029,0.000027,0.027643,0.043765,0.267451,0.106971,0.126328,0.059286,0.368473
AAGAGATGAATCGGTA-1,0.000063,0.018541,0.019921,0.000063,0.000063,0.532677,0.396379,0.032166,0.000063,0.000063
AAGAGCTCTTTATCGG-1,0.000027,0.00418,0.136702,0.024552,0.004115,0.09131,0.016107,0.054853,0.207,0.461155
AAGAGGATGTACGCGA-1,0.000014,0.000014,0.000014,0.027608,0.012561,0.050117,0.036532,0.836731,0.010053,0.026358
AAGAGGCATGGATCGC-1,0.035563,0.030095,0.001579,0.035596,0.019817,0.30602,0.19287,0.050173,0.114467,0.21382
AAGAGGCCCTTTGGAA-1,0.116718,0.439345,0.014407,0.051174,0.061946,0.045919,0.20795,0.000025,0.037715,0.024801
AAGATGGCACCGGACC-1,0.080676,0.008901,0.01921,0.02367,0.018438,0.222196,0.134673,0.299547,0.131699,0.060991
AAGATTGGCGGAACGT-1,0.001369,0.000019,0.123361,0.038219,0.018379,0.087734,0.002499,0.060915,0.223213,0.444292
AAGCACCCTGCGTATC-1,0.624773,0.000067,0.000067,0.000067,0.000067,0.000067,0.368397,0.000067,0.006358,0.000067
AAGCATACTCTCCTGA-1,0.307175,0.011888,0.000029,0.014598,0.008044,0.161155,0.15929,0.012437,0.194668,0.130716
AAGCCACTTGCAGGTA-1,0.011751,0.312095,0.080555,0.008165,0.227141,0.093858,0.054397,0.210345,0.000026,0.001668
AAGCCGAAGCGGTTTA-1,0.000018,0.063653,0.028542,0.156943,0.196847,0.073932,0.041783,0.062768,0.041301,0.334213
AAGCCGCCGTGAAATC-1,0.097574,0.055082,0.000024,0.006815,0.030535,0.514327,0.216551,0.064632,0.001253,0.013206
AAGCCGCTTTACCTTG-1,0.382442,0.333017,0.003452,0.000053,0.002691,0.176529,0.101657,0.000053,0.000053,0.000053
AAGCCGGAGAGCAGGA-1,0.061772,0.371095,0.140417,0.000595,0.132437,0.004879,0.188192,0.091391,0.005238,0.003984
AAGCGCAGGGCTTTGA-1,0.287161,0.000065,0.092477,0.000065,0.042911,0.000065,0.000065,0.047378,0.41843,0.111383
AAGCGGAGTGCGCGCA-1,0.009453,0.384574,0.000027,0.065047,0.076655,0.191968,0.267406,0.001023,0.000642,0.003204
AAGCGGCGTCATGGGT-1,0.056408,0.126962,0.000076,0.000076,0.02031,0.320393,0.256014,0.025562,0.164823,0.029375
AAGCGTCCCTCATCGA-1,0.048546,0.005235,0.000047,0.000047,0.06058,0.647721,0.11028,0.023256,0.001496,0.102792
AAGCTAGATCGAGTAA-1,0.129178,0.024442,0.000037,0.003789,0.037704,0.247426,0.286989,0.019215,0.079949,0.171272
AAGCTATGGATTGACC-1,0.034785,0.037464,0.288755,0.256841,0.009816,0.113907,0.113971,0.125055,0.016224,0.003182
AAGCTCGTGCCAAGTC-1,0.00003,0.001729,0.000965,0.029316,0.013374,0.156187,0.107115,0.12375,0.122363,0.44517
AAGCTCTTTCATGGTG-1,0.42822,0.016353,0.00007,0.004237,0.004385,0.006645,0.321413,0.00007,0.165668,0.052939
AAGGAGAACTTATAAG-1,0.000017,0.000017,0.080686,0.029688,0.06574,0.095683,0.001386,0.64272,0.000017,0.084047
AAGGAGCGGTTGGTGC-1,0.000026,0.000026,0.140665,0.000026,0.008285,0.123308,0.015225,0.418157,0.006081,0.288201
AAGGATCGATCGCTTG-1,0.00002,0.014323,0.173383,0.185622,0.101354,0.058778,0.001051,0.074266,0.061777,0.329426
AAGGATGAGGGACCTC-1,0.002523,0.026065,0.018267,0.097081,0.044496,0.12444,0.009047,0.103642,0.107814,0.466625
AAGGCAGGCTGTCTCC-1,0.024787,0.118698,0.258943,0.114557,0.368113,0.004787,0.000702,0.003771,0.030048,0.075593
AAGGCGCGTAAAGCTT-1,0.256932,0.000044,0.040305,0.000044,0.010877,0.070637,0.337914,0.211948,0.062099,0.009202
AAGGCTGTGCTCATCG-1,0.000028,0.010166,0.000028,0.083381,0.055276,0.051931,0.238072,0.496636,0.009785,0.054696
AAGGGAACGACTGGCT-1,0.000018,0.03178,0.000018,0.14765,0.171688,0.191995,0.007591,0.437108,0.000018,0.012135
AAGGGACAGATTCTGT-1,0.016734,0.012585,0.098793,0.006074,0.029825,0.191266,0.02259,0.169145,0.165884,0.287104
AAGGGACTATGCATTC-1,0.000013,0.000688,0.000013,0.00357,0.109119,0.119279,0.023109,0.676318,0.008123,0.059769
AAGGGTTAGCCATGCG-1,0.17875,0.206115,0.108723,0.075821,0.36631,0.000067,0.061186,0.000067,0.002895,0.000067
AAGGGTTTGATTTCAG-1,0.084147,0.000067,0.000084,0.000067,0.000067,0.000067,0.915296,0.000067,0.000067,0.000067
AAGGTATCCTAATATA-1,0.153466,0.014137,0.009363,0.000028,0.018776,0.204287,0.063943,0.064662,0.330476,0.140862
AAGGTGATAAACCAGC-1,0.042564,0.014912,0.04297,0.100557,0.042222,0.022066,0.275893,0.012134,0.312588,0.134093
AAGTAGAAGACCGGGT-1,0.002994,0.077096,0.000045,0.000045,0.003958,0.436442,0.262462,0.114966,0.013428,0.088565
AAGTAGTGACGCGAGG-1,0.093333,0.001965,0.010384,0.038827,0.020601,0.091232,0.007507,0.656107,0.073799,0.006244
AAGTCAATTGTCGTCA-1,0.156758,0.07778,0.000042,0.003727,0.01503,0.18977,0.334281,0.000256,0.13272,0.089636
AAGTCTAGTAGCTGCC-1,0.080254,0.323151,0.08022,0.105394,0.083334,0.082347,0.220454,0.008019,0.008021,0.008805
AAGTCTTCTGTGGCCT-1,0.077283,0.000048,0.053686,0.0078,0.000048,0.187331,0.459733,0.101089,0.102004,0.010978
AAGTGACGACCGAATT-1,0.000037,0.000037,0.000037,0.007992,0.049737,0.572784,0.018738,0.267231,0.018897,0.064511
AAGTGAGTCGGGTTTA-1,0.000036,0.032911,0.000036,0.001655,0.008186,0.521025,0.070776,0.007287,0.04261,0.315479
AAGTGCAAAGGTAGAC-1,0.004691,0.00006,0.026974,0.003411,0.00006,0.087581,0.410186,0.274254,0.176373,0.01641
AAGTGCCTTGACTGTA-1,0.028227,0.041119,0.019802,0.149041,0.118061,0.056875,0.074665,0.018588,0.125977,0.367646
AAGTGCGTTAGAATCT-1,0.011103,0.070073,0.000033,0.014221,0.020346,0.354597,0.396167,0.132817,0.000033,0.00061
AAGTGCTTCTCTATTG-1,0.036149,0.046837,0.044625,0.008723,0.168234,0.344927,0.056616,0.107156,0.005843,0.180891
AAGTGTTTGGAGACGG-1,0.689194,0.000031,0.000031,0.000031,0.000031,0.004947,0.172043,0.000031,0.133631,0.000031
AAGTTCACTCCAAGCT-1,0.415721,0.006381,0.000034,0.038844,0.003953,0.000034,0.131322,0.024061,0.348158,0.031491
AAGTTCAGTCTGCGTA-1,0.007655,0.063947,0.006685,0.053222,0.154636,0.272374,0.072999,0.066761,0.018142,0.283579
AAGTTCGGCCAACAGG-1,0.014295,0.00485,0.000013,0.005703,0.056391,0.066238,0.117873,0.625306,0.020225,0.089105
AAGTTGTGATGTTATA-1,0.216126,0.198455,0.282036,0.097554,0.028747,0.000024,0.175274,0.000024,0.001344,0.000416
AAGTTTACTAATGGCA-1,0.000019,0.001204,0.000019,0.202716,0.1219,0.049478,0.033494,0.583629,0.000019,0.00752
AAGTTTATGGGCCCAA-1,0.568104,0.000118,0.000118,0.000118,0.000118,0.000118,0.424048,0.000118,0.007025,0.000118
AATAACAACGCTCGGC-1,0.000016,0.002553,0.00333,0.039328,0.003099,0.102217,0.119397,0.675471,0.017017,0.037573
AATAACACTAGAACAA-1,0.001275,0.020604,0.000029,0.007033,0.018191,0.005948,0.804132,0.118817,0.010308,0.013664
AATAACGTCGCGCCCA-1,0.103962,0.21819,0.096737,0.034813,0.498996,0.000049,0.001954,0.000026,0.014742,0.030531
AATAAGTCCTCGAGAC-1,0.013595,0.123951,0.000043,0.000043,0.043252,0.654685,0.067427,0.081975,0.000043,0.014988
AATAATCTTCGTATCG-1,0.083963,0.074369,0.258255,0.066483,0.218799,0.009036,0.192524,0.017699,0.041054,0.037815
AATACAATGTTTCAGG-1,0.000028,0.001179,0.071735,0.209651,0.000028,0.448151,0.141728,0.112168,0.010602,0.00473
AATACCGGAGGGCTGT-1,0.082495,0.033916,0.011633,0.022384,0.034307,0.287594,0.170031,0.189079,0.064153,0.104409
AATACCTGATGTGAAC-1,0.195457,0.000018,0.738313,0.000018,0.066104,0.000018,0.000018,0.000018,0.000018,0.000018
AATAGAACAGAGTGGC-1,0.000037,0.015896,0.000037,0.000037,0.004826,0.398813,0.377131,0.000037,0.022062,0.181123
AATAGAATCTGTTTCA-1,0.246312,0.015758,0.00556,0.071892,0.006982,0.009831,0.364431,0.015798,0.176466,0.086972
AATAGCAAGCCTCCTG-1,0.344907,0.348637,0.000037,0.004928,0.021588,0.118894,0.148078,0.000037,0.012858,0.000037
AATAGCTACCGCGTGC-1,0.013907,0.011289,0.06079,0.38625,0.059261,0.003308,0.015987,0.066101,0.13224,0.250867
AATAGGCACGACCCTT-1,0.079912,0.103221,0.133875,0.058466,0.124664,0.057603,0.071594,0.24407,0.070404,0.056191
AATAGTCCGTCCCGAC-1,0.04633,0.032483,0.000025,0.049505,0.068151,0.335444,0.058268,0.004444,0.088009,0.317339
AATAGTCGCGAGTCGG-1,0.000088,0.000088,0.083392,0.000088,0.000088,0.171787,0.029227,0.383943,0.329778,0.00152
AATATCAAGGTCGGAT-1,0.00004,0.016355,0.02416,0.072979,0.012398,0.659723,0.139404,0.04814,0.017052,0.009749
AATATCCTAGCAAACT-1,0.040645,0.000082,0.000082,0.000082,0.000082,0.000082,0.958699,0.000082,0.000082,0.000082
AATATCGAATCAATGC-1,0.000669,0.231033,0.192137,0.042866,0.076921,0.175665,0.143524,0.000027,0.002673,0.134484
AATATCGAGGGTTCTC-1,0.074859,0.000025,0.11631,0.063937,0.000458,0.000768,0.097728,0.050215,0.429576,0.166124
AATATTGGAGTATTGA-1,0.000052,0.013414,0.000052,0.097501,0.014095,0.683371,0.147849,0.041954,0.000052,0.00166
AATCAGACTGCAGGAC-1,0.001499,0.000054,0.166214,0.049332,0.000054,0.084783,0.089708,0.288639,0.319478,0.000239
AATCAGGTTTCATTTA-1,0.017842,0.164804,0.031011,0.007055,0.098384,0.131359,0.065027,0.422144,0.012299,0.050076
AATCATGTAAAGACTC-1,0.428767,0.065582,0.000041,0.00581,0.000029,0.176872,0.232228,0.001648,0.046518,0.042505
AATCCAAGGGCCTGAG-1,0.14354,0.005603,0.000032,0.000032,0.010877,0.524662,0.066438,0.235291,0.006161,0.007364
AATCCATGCAAGGGTG-1,0.004723,0.000044,0.044252,0.035946,0.000044,0.106015,0.165394,0.402427,0.225979,0.015176
AATCCCGCTCAGAGCC-1,0.144556,0.416167,0.026085,0.027774,0.041844,0.028978,0.062408,0.000052,0.056125,0.196012
AATCGAGGTCTCAAGG-1,0.878515,0.000041,0.121159,0.000041,0.000041,0.000041,0.000041,0.000041,0.000041,0.000041
AATCGCCTCAGCGCCA-1,0.049504,0.028114,0.000025,0.006124,0.035212,0.274752,0.083483,0.226214,0.152446,0.144128
AATCGCGCAGAGGACT-1,0.033368,0.088252,0.021656,0.192221,0.458516,0.020446,0.005999,0.034521,0.071167,0.073854
AATCGGGACACTACGA-1,0.032511,0.000022,0.010583,0.007922,0.014863,0.173741,0.01723,0.650481,0.021274,0.071373
AATCGGTATAGCCCTC-1,0.190921,0.237706,0.247064,0.196691,0.11096,0.000028,0.010731,0.000028,0.001597,0.004273
AATCGTGAGCCGAGCA-1,0.589219,0.008423,0.017068,0.002519,0.002171,0.038058,0.087147,0.047207,0.170893,0.037295
AATCTAGGTTTACTTG-1,0.000034,0.005285,0.000843,0.176853,0.041367,0.514524,0.076781,0.147464,0.003422,0.033427
AATCTATGCCGGAGCC-1,0.012554,0.010954,0.081031,0.140023,0.085565,0.066687,0.000974,0.063243,0.128152,0.410816
AATCTCTACTGTGGTT-1,0.071047,0.005243,0.049387,0.008012,0.000037,0.000037,0.866124,0.000037,0.000037,0.000037
AATCTGCGTTGGGACG-1,0.000021,0.000021,0.15366,0.109928,0.004431,0.008651,0.083018,0.072557,0.177355,0.390358
AATCTGGCTTTCTAGT-1,0.000059,0.000059,0.000059,0.05916,0.000059,0.453581,0.450496,0.036409,0.000059,0.000059
AATCTGGGTAGACCCT-1,0.022898,0.084018,0.000036,0.004181,0.42251,0.129037,0.168068,0.149588,0.000036,0.019628
AATGACAGCAATGTCT-1,0.033323,0.023753,0.008346,0.029328,0.025557,0.202263,0.008411,0.425607,0.125352,0.11806
AATGACGTAGGATGTC-1,0.038284,0.005125,0.000023,0.069195,0.044182,0.151103,0.115507,0.084466,0.228177,0.263937
AATGACTGTCAGCCGG-1,0.000037,0.021272,0.003834,0.000037,0.016203,0.320378,0.25819,0.182894,0.014131,0.183024
AATGAGTTCGCATATG-1,0.000037,0.012964,0.214805,0.032895,0.000037,0.33837,0.204431,0.189944,0.002077,0.004439
AATGATGATACGCTAT-1,0.008838,0.061901,0.04913,0.02774,0.03454,0.256617,0.082749,0.027566,0.104436,0.346483
AATGATGCGACTCCTG-1,0.050467,0.000021,0.357945,0.00155,0.00296,0.005275,0.009092,0.088975,0.393001,0.090712
AATGCAACCGGGTACC-1,0.028792,0.039304,0.00003,0.001786,0.024482,0.204543,0.156485,0.283816,0.043607,0.217155
AATGCACCAAGCAATG-1,0.001815,0.005989,0.072568,0.086774,0.124075,0.023791,0.006523,0.068302,0.205657,0.404505
AATGGCCGCCAATGCG-1,0.151078,0.077466,0.195554,0.094059,0.120557,0.025186,0.065164,0.21316,0.036578,0.021198
AATGGTCCACCGTTCA-1,0.000035,0.001417,0.036197,0.182187,0.003596,0.285554,0.265617,0.181487,0.004141,0.03977
AATGGTTCTCACAAGC-1,0.000053,0.054287,0.000053,0.05263,0.000053,0.240272,0.537455,0.098022,0.005407,0.011769
AATGTATGGCACTGTA-1,0.000288,0.177891,0.000036,0.001429,0.000036,0.726514,0.085338,0.007915,0.000263,0.00029
AATGTGCCCGAGGTGT-1,0.021037,0.029793,0.000025,0.000182,0.001827,0.41849,0.045444,0.420538,0.045184,0.017481
AATGTGCTAATCTGAG-1,0.000045,0.12556,0.000045,0.000045,0.004786,0.395452,0.473931,0.000045,0.000045,0.000045
AATGTTAAGACCCTGA-1,0.919853,0.000026,0.079936,0.000026,0.000026,0.000026,0.000026,0.000026,0.000026,0.000026
AATGTTGTCGTGAGAC-1,0.152834,0.781542,0.063118,0.000022,0.000022,0.000022,0.000022,0.000022,0.002373,0.000022
AATTAAAGGTCGGCGT-1,0.125206,0.000464,0.000038,0.000038,0.000038,0.03288,0.574315,0.108662,0.137642,0.020717
AATTAACGGATTTCCA-1,0.307984,0.000061,0.000061,0.000061,0.000061,0.002883,0.688705,0.000061,0.000061,0.000061
AATTACGAGACCCATC-1,0.000046,0.000867,0.062877,0.154561,0.000046,0.546565,0.195076,0.004071,0.028301,0.00759
AATTACTCGTACGCTC-1,0.051246,0.000125,0.000125,0.004296,0.000125,0.0603,0.159989,0.647193,0.076475,0.000125
AATTAGCGCTGCAGCG-1,0.006095,0.000018,0.115139,0.108395,0.003199,0.000018,0.092933,0.035839,0.47736,0.161004
AATTATACCCAGCAAG-1,0.978964,0.006225,0.003033,0.000035,0.007637,0.000035,0.000035,0.000035,0.003965,0.000035
AATTCATAAGGGATCT-1,0.008751,0.020984,0.049853,0.043165,0.023509,0.233835,0.028346,0.084513,0.172069,0.334976
AATTCATTGTCATGCA-1,0.217502,0.000363,0.000034,0.004978,0.000034,0.572425,0.114513,0.006799,0.083318,0.000034
AATTCCAACTTGGTGA-1,0.013207,0.001348,0.086349,0.032595,0.000056,0.067323,0.059761,0.327122,0.407034,0.005203
AATTCCAAGCATGTAC-1,0.066062,0.088342,0.026864,0.000037,0.015118,0.122512,0.195255,0.000037,0.300087,0.185686
AATTCGATTCGAGGAT-1,0.478587,0.000193,0.000193,0.000193,0.000193,0.000193,0.388719,0.000193,0.080172,0.051365
AATTCTAGAGTTAGGC-1,0.072823,0.034388,0.00006,0.00006,0.00006,0.365266,0.388975,0.00006,0.064732,0.073577
AATTGAACGCTCTGGT-1,0.171939,0.017385,0.000033,0.000033,0.000033,0.269562,0.378487,0.001899,0.147235,0.013392
AATTGCAGCAATCGAC-1,0.166459,0.042549,0.254938,0.137161,0.126742,0.06454,0.051578,0.01355,0.041613,0.10087
AATTGCGTGGATTACA-1,0.004503,0.105126,0.000887,0.17388,0.012491,0.438145,0.192514,0.064046,0.002019,0.006388
AATTGTGGTTGCCAAA-1,0.170654,0.402839,0.003468,0.084473,0.079944,0.05352,0.174284,0.017046,0.008262,0.005509
AATTTGGGACATAGTA-1,0.084063,0.005535,0.000039,0.000039,0.144212,0.215224,0.105283,0.343677,0.013913,0.088014
AATTTGGTTCCAAAGA-1,0.008434,0.047865,0.033969,0.01098,0.059226,0.100446,0.141229,0.475399,0.026151,0.096301
ACAAACCATGCGTCCT-1,0.090076,0.039187,0.141661,0.023533,0.002186,0.276537,0.40584,0.020932,0.000024,0.000024
ACAAACCGACAAGGCG-1,0.050098,0.030431,0.000023,0.080569,0.300127,0.276825,0.074768,0.173929,0.008792,0.004439
ACAAACTCCATCAGAG-1,0.000015,0.001265,0.006587,0.076379,0.488797,0.000302,0.000026,0.116872,0.011837,0.297921
ACAAAGAAGGTAGGCC-1,0.000053,0.000053,0.000053,0.000053,0.000053,0.000053,0.999523,0.000053,0.000053,0.000053
ACAAAGCATGACCTAG-1,0.4922,0.11379,0.048966,0.008028,0.110718,0.015037,0.004446,0.001128,0.131873,0.073814
ACAAATCGCACCGAAT-1,0.07151,0.005777,0.074218,0.098512,0.024933,0.001291,0.063814,0.093446,0.481235,0.085264
ACAAATGGTAGTGTTT-1,0.010912,0.007605,0.000018,0.117825,0.021328,0.071198,0.037034,0.114311,0.390909,0.22886
ACAAATTCAGATCTGA-1,0.386123,0.158794,0.000062,0.000062,0.016203,0.293071,0.100176,0.040014,0.005434,0.000062
ACAACAGCATGAGCTA-1,0.000027,0.000027,0.032974,0.039821,0.015492,0.346179,0.115509,0.081123,0.039213,0.329635
ACAACGGTCCCTGCGA-1,0.000045,0.000483,0.000045,0.047355,0.000045,0.567759,0.29609,0.088087,0.000045,0.000045
ACAAGCAGTGCCTAGC-1,0.000047,0.000047,0.115289,0.001097,0.000047,0.521838,0.206851,0.127854,0.021125,0.005805
ACAAGCTATATGGAAG-1,0.005482,0.000055,0.149621,0.000055,0.000055,0.247238,0.270552,0.256365,0.035557,0.035021
ACAAGGAAATCCGCCC-1,0.188039,0.058895,0.000037,0.017006,0.014476,0.030906,0.546221,0.002369,0.083069,0.05898
ACAAGGACAAGAGGTT-1,0.000044,0.008242,0.000023,0.025516,0.142631,0.286414,0.081779,0.331377,0.021983,0.10199
ACAAGGATGCTTTAGG-1,0.146088,0.133679,0.296625,0.001837,0.000612,0.004217,0.216255,0.000051,0.101862,0.098774
ACAAGGCCTACCAGCC-1,0.101613,0.154376,0.01608,0.017734,0.356533,0.110866,0.047485,0.156162,0.011234,0.027917
ACAAGGGCAGGCTCTG-1,0.351975,0.000083,0.002076,0.024157,0.000024,0.00004,0.354424,0.014956,0.226253,0.026012
ACAAGTAATTGTAAGG-1,0.015367,0.022939,0.072811,0.129749,0.035845,0.076731,0.038091,0.454631,0.076563,0.077273
ACAATAGTCGTACGTT-1,0.000036,0.000036,0.017378,0.172823,0.002534,0.338701,0.028763,0.352015,0.011479,0.076236
ACAATCCATTTAAACC-1,0.000011,0.000737,0.019158,0.01045,0.047389,0.059598,0.016757,0.795455,0.003093,0.047353
ACAATCGATCTTTATA-1,0.206943,0.116633,0.000046,0.040952,0.035992,0.331539,0.19203,0.067542,0.008277,0.000046
ACAATGAATACGGAGA-1,0.01352,0.099317,0.083962,0.004588,0.024369,0.245973,0.174015,0.300373,0.005171,0.048712
ACAATGATTCTTCTAC-1,0.05459,0.325577,0.039743,0.016017,0.193836,0.125721,0.01192,0.050666,0.06235,0.11958
ACAATTGTGTCTCTTT-1,0.007374,0.038308,0.068857,0.058264,0.176194,0.036378,0.010722,0.031021,0.120608,0.452275
ACAATTTAGGAGGCTC-1,0.005622,0.000052,0.062961,0.000052,0.000052,0.143055,0.510002,0.167833,0.11032,0.000052
ACAATTTGAGCAGTGG-1,0.001154,0.000019,0.063287,0.113067,0.001542,0.002326,0.189271,0.129006,0.295253,0.205074
ACAATTTGGCCATATT-1,0.251388,0.25129,0.058812,0.009112,0.193077,0.069688,0.028837,0.056085,0.042222,0.03949
ACACAAAGACGGGTGG-1,0.000628,0.012141,0.00003,0.005306,0.036126,0.181516,0.152893,0.493051,0.01995,0.098358
ACACAAATATTCCTAG-1,0.054995,0.234044,0.041421,0.14185,0.200431,0.161888,0.118732,0.002233,0.014053,0.030353
ACACACCAGGACCAGT-1,0.039226,0.038274,0.108023,0.024762,0.041456,0.009584,0.09007,0.03591,0.446286,0.166411
ACACACTTTCTACACG-1,0.06163,0.006373,0.000062,0.000062,0.000062,0.42691,0.335898,0.007895,0.070161,0.090947
ACACATGATCAAATCT-1,0.000022,0.000022,0.000022,0.188788,0.00571,0.067162,0.1762,0.44882,0.008862,0.104392
ACACATTGACGCAACA-1,0.044928,0.0001,0.193646,0.017128,0.002708,0.042472,0.145598,0.469187,0.022448,0.061785
ACACATTTCCGTAGAC-1,0.751687,0.000112,0.084702,0.000112,0.000112,0.000112,0.000112,0.000112,0.162827,0.000112
ACACCACATAATTAGC-1,0.044384,0.161295,0.037323,0.213165,0.267952,0.098497,0.014075,0.004299,0.080104,0.078905
ACACCCAGCATGCAGC-1,0.000035,0.001905,0.000035,0.005521,0.171382,0.134587,0.216393,0.41961,0.000035,0.050496
ACACCCGAGAAATCCG-1,0.001929,0.013869,0.011931,0.162975,0.007308,0.066599,0.257015,0.408512,0.03933,0.030533
ACACCCGTAAATCTGT-1,0.061404,0.370967,0.281288,0.016344,0.009515,0.000038,0.260331,0.000038,0.000038,0.000038
ACACCGAGCGCTCTTT-1,0.034826,0.000148,0.064786,0.000148,0.000148,0.102855,0.202404,0.379367,0.047884,0.167432
ACACCGGTCTGACCGC-1,0.000014,0.000074,0.099428,0.145384,0.008667,0.14854,0.012242,0.468002,0.031721,0.085928
ACACCTTAAGTAGGGC-1,0.000022,0.00121,0.066076,0.067015,0.037227,0.061743,0.087031,0.469706,0.053827,0.156142
ACACCTTACTACTTGC-1,0.100199,0.265699,0.109558,0.11956,0.103112,0.008858,0.161351,0.073996,0.03116,0.026506
ACACGAGACTCCTTCT-1,0.00003,0.051779,0.00003,0.00131,0.078298,0.305188,0.233129,0.033164,0.025086,0.271986
ACACGGCACTATGCAT-1,0.127926,0.075286,0.000168,0.000168,0.000168,0.20535,0.267386,0.000168,0.000168,0.32321
ACACGGGAACTTAGGG-1,0.04232,0.000051,0.000051,0.000051,0.000051,0.55011,0.385555,0.000051,0.009062,0.012698
ACACGTAGGCCACAAG-1,0.120469,0.180152,0.002953,0.161441,0.234462,0.080456,0.020399,0.008825,0.047429,0.143414
ACACTCCAATGTCACT-1,0.000067,0.010818,0.000067,0.006147,0.000067,0.07233,0.847235,0.063134,0.000067,0.000067
ACACTGATCAAGGTGT-1,0.00072,0.004684,0.013636,0.005872,0.003452,0.129371,0.138261,0.305353,0.086975,0.311676
ACACTGGGACAGTCGT-1,0.24723,0.134767,0.177294,0.043309,0.231371,0.055559,0.013666,0.044766,0.041026,0.011012
ACAGAACTGAGAACAA-1,0.031332,0.029133,0.170412,0.009174,0.00003,0.027216,0.643066,0.073104,0.016504,0.00003
ACAGATTAGGTTAGTG-1,0.004246,0.00102,0.000026,0.204266,0.070837,0.14098,0.001034,0.477997,0.035507,0.064085
ACAGCATAGAGCCAGT-1,0.123193,0.031532,0.000022,0.010295,0.028944,0.157064,0.02929,0.428764,0.111315,0.079581
ACAGCGACATTCTCAT-1,0.285986,0.103261,0.146459,0.009896,0.008622,0.0339,0.00584,0.03408,0.336501,0.035453
ACAGCGCACCCGCAGC-1,0.000877,0.129976,0.000062,0.010021,0.073871,0.094307,0.648124,0.022457,0.000062,0.020243
ACAGGAGGCGCAGCCG-1,0.068599,0.092315,0.307787,0.02381,0.047305,0.052343,0.090127,0.296717,0.020951,0.000046
ACAGGCACGGATCCTT-1,0.674469,0.032588,0.000039,0.000039,0.000039,0.000039,0.292669,0.000039,0.000039,0.000039
ACAGGCTTGCCCGACT-1,0.064521,0.053795,0.1191,0.023605,0.040239,0.074849,0.054284,0.02455,0.205417,0.339639
ACAGGTGGAGGTGAGG-1,0.000021,0.013486,0.000021,0.004704,0.042809,0.061613,0.252075,0.466254,0.011059,0.147958
ACAGGTGTGTTGTTGC-1,0.064514,0.000056,0.141965,0.000056,0.000056,0.143402,0.202258,0.320407,0.120257,0.00703
ACAGTAATACAACTTG-1,0.000025,0.000025,0.047714,0.118469,0.001127,0.511358,0.107969,0.146754,0.012801,0.053758
ACAGTATACCGTGGGA-1,0.204635,0.113938,0.158989,0.023535,0.11957,0.085414,0.101334,0.047295,0.083515,0.061775
ACAGTGCAGCGCATTT-1,0.028141,0.208335,0.000026,0.010653,0.291649,0.128766,0.141405,0.19097,0.000026,0.00003
ACATAAGTCGTGGTGA-1,0.000036,0.006508,0.015009,0.06939,0.000036,0.449916,0.425743,0.03328,0.000036,0.000044
ACATAATAAGGCGGTG-1,0.053259,0.044376,0.02704,0.000787,0.019339,0.166009,0.121378,0.407033,0.094674,0.066105
ACATACAATCAAGCGG-1,0.955696,0.000033,0.035974,0.000033,0.000033,0.000033,0.000033,0.000033,0.008101,0.000033
ACATCAGCTGGGACGC-1,0.008224,0.000059,0.000059,0.000059,0.000059,0.146641,0.844721,0.000059,0.000059,0.000059
ACATCCCGGCCATACG-1,0.112237,0.046428,0.000036,0.000036,0.006064,0.344901,0.254148,0.022138,0.13262,0.08139
ACATCCTGGTAACTGT-1,0.027548,0.035648,0.063549,0.073649,0.076078,0.172704,0.059443,0.020525,0.25457,0.216287
ACATCGATCGTTTACC-1,0.019602,0.022603,0.000048,0.000048,0.000048,0.224542,0.615162,0.014033,0.041133,0.062781
ACATCGCAATATTCGG-1,0.044042,0.066873,0.143173,0.097895,0.051652,0.096802,0.168235,0.250884,0.02822,0.052225
ACATCGGTCAGCCGCG-1,0.00002,0.014113,0.050341,0.003286,0.047419,0.135581,0.168923,0.385303,0.01646,0.178554
