Barcode,Topic 1,Topic 2,Topic 3,Topic 4,Topic 5,Topic 6,Topic 7,Topic 8,Topic 9,Topic 10
AAACAAGTATCTCCCA-1,0.293327,0.000016,0.005436,0.01298,0.032322,0.508268,0.021395,0.102407,0.021494,0.002355
AAACAATCTACTAGCA-1,0.000039,0.091688,0.363921,0.075914,0.036162,0.000039,0.001483,0.012925,0.073404,0.344426
AAACACCAATAACTGC-1,0.000015,0.000617,0.007561,0.213292,0.034898,0.000015,0.061821,0.439862,0.082236,0.159682
AAACAGAGCGACTCCT-1,0.169231,0.281655,0.414938,0.006623,0.000037,0.017651,0.036291,0.059622,0.000037,0.013914
AAACAGCTTTCAGAAG-1,0.024904,0.005487,0.583223,0.000031,0.000031,0.016958,0.003469,0.00029,0.348332,0.017275
AAACAGGGTCTATATT-1,0.000021,0.027401,0.058489,0.067268,0.081434,0.003629,0.024618,0.125071,0.2968,0.315269
AAACAGTGTTCCTGGG-1,0.038723,0.001124,0.000016,0.018761,0.730517,0.036344,0.094782,0.078192,0.00075,0.000791
AAACATGGTGAGAGGA-1,0.08296,0.00003,0.275316,0.000111,0.025256,0.00003,0.139862,0.074354,0.400173,0.001907
AAACATTTCCCGGATT-1,0.351163,0.00007,0.000015,0.000032,0.322948,0.244522,0.072577,0.007659,0.000998,0.000015
AAACCACTACACAGAT-1,0.176136,0.122641,0.251051,0.298238,0.000029,0.001033,0.000029,0.009445,0.000029,0.14137
AAACCCGAACGAAATC-1,0.118656,0.112178,0.026585,0.27544,0.394382,0.011738,0.027447,0.007423,0.01414,0.012011
AAACCGGAAATGTTAA-1,0.130201,0.012446,0.055135,0.583553,0.053942,0.020471,0.025287,0.107387,0.006488,0.00509
AAACCGGGTAGGTACC-1,0.023303,0.009393,0.336132,0.021157,0.000033,0.210536,0.000033,0.072052,0.018195,0.309167
AAACCGTTCGTCCAGG-1,0.009172,0.00001,0.00001,0.050084,0.168539,0.02429,0.034685,0.711572,0.000945,0.000692
AAACCTAAGCAGCCGG-1,0.522712,0.074421,0.40255,0.000045,0.000045,0.000045,0.000045,0.000045,0.000045,0.000045
AAACCTCATGAAGTTG-1,0.000038,0.006341,0.462715,0.017385,0.010478,0.000038,0.001244,0.013828,0.3322,0.155732
AAACGAAGAACATACC-1,0.007724,0.032761,0.441462,0.097295,0.000038,0.000038,0.007086,0.102011,0.013305,0.298281
AAACGAAGATGGAGTA-1,0.013905,0.023248,0.838175,0.000057,0.000057,0.000057,0.000057,0.000057,0.09001,0.034375
AAACGACAGTCTTGCC-1,0.283424,0.033667,0.40223,0.263016,0.000034,0.00247,0.000029,0.000029,0.000029,0.015073
AAACGAGACGGTTGAT-1,0.00003,0.436692,0.111139,0.010313,0.00003,0.010665,0.172685,0.080812,0.055807,0.121828
AAACGCCCGAGATCGG-1,0.095304,0.292113,0.43616,0.131762,0.000045,0.000045,0.000045,0.000045,0.000045,0.044434
AAACGCTGGGCACGAC-1,0.136152,0.021174,0.000037,0.594011,0.216828,0.03159,0.000037,0.000091,0.000037,0.000044
AAACGGGCGTACGGGT-1,0.808135,0.000068,0.191355,0.000063,0.000063,0.000063,0.000063,0.000063,0.000063,0.000063
AAACGGTTGCGAACTG-1,0.150767,0.461331,0.05416,0.000039,0.034742,0.045241,0.19195,0.012869,0.048005,0.000895
AAACGTGTTCGCCCTA-1,0.24294,0.05268,0.23949,0.170673,0.136686,0.00743,0.022996,0.003307,0.093349,0.03045
AAACTAACGTGGCGAC-1,0.033851,0.119459,0.060835,0.125831,0.429031,0.024373,0.060158,0.055328,0.048656,0.042478
AAACTCGGTTCGCAAT-1,0.375575,0.071668,0.043594,0.000069,0.000069,0.237318,0.117618,0.135874,0.018147,0.000069
AAACTCGTGATATAAG-1,0.151229,0.478573,0.104403,0.03921,0.136312,0.000043,0.008053,0.000043,0.000043,0.082091
AAACTGCTGGCTCCAA-1,0.082615,0.159701,0.09403,0.013668,0.121497,0.132194,0.209033,0.106903,0.065735,0.014624
AAACTTAATTGCACGC-1,0.000023,0.033784,0.118062,0.090277,0.009854,0.007462,0.013441,0.086602,0.163678,0.476816
AAACTTGCAAACGTAT-1,0.000011,0.000011,0.000011,0.281139,0.048714,0.000651,0.114123,0.360628,0.138917,0.055796
AAAGAATGACCTTAGA-1,0.094092,0.013686,0.89186,0.000052,0.000052,0.000052,0.000052,0.000052,0.000052,0.000052
AAAGAATGTGGACTAA-1,0.173639,0.163702,0.000017,0.416716,0.209646,0.030553,0.005678,0.000017,0.000017,0.000017
AAAGACATGAAGTTTA-1,0.381845,0.006245,0.037858,0.256835,0.056512,0.148805,0.000026,0.011182,0.011624,0.089069
AAAGACCCAAGTCGCG-1,0.001299,0.008723,0.035021,0.075639,0.12598,0.046257,0.026853,0.365581,0.147197,0.167451
AAAGACTGGGCGCTTT-1,0.096906,0.000038,0.879655,0.000038,0.000038,0.000038,0.000038,0.000038,0.023172,0.000038
AAAGCTTGCCTACATA-1,0.456447,0.298063,0.037292,0.012088,0.000024,0.140397,0.007459,0.003815,0.005975,0.038441
AAAGGCCCTATAATAC-1,0.06901,0.178927,0.477422,0.096435,0.000022,0.000022,0.000022,0.000022,0.000879,0.177238
AAAGGCTACGGACCAT-1,0.090572,0.303314,0.087274,0.031379,0.001397,0.269934,0.084625,0.071183,0.033343,0.02698
AAAGGCTCTCGCGCCG-1,0.001248,0.041138,0.000014,0.092023,0.079214,0.072241,0.621928,0.040509,0.050788,0.000895
AAAGGGATGTAGCAAG-1,0.040438,0.225954,0.451208,0.044947,0.000055,0.051414,0.00621,0.051703,0.000792,0.127278
AAAGGGCAGCTTGAAT-1,0.000057,0.03836,0.714686,0.000057,0.000057,0.000057,0.000057,0.000244,0.039268,0.207154
AAAGGTAAGCTGTACC-1,0.033655,0.213929,0.291275,0.16559,0.000039,0.052699,0.033755,0.056454,0.023403,0.129202
AAAGGTCAACGACATG-1,0.143327,0.101988,0.061622,0.585981,0.005033,0.014873,0.000656,0.015771,0.000931,0.069818
AAAGTAGCATTGCTCA-1,0.003109,0.007132,0.02969,0.094651,0.119136,0.0376,0.054762,0.274578,0.019667,0.359675
AAAGTCACTGATGTAA-1,0.00005,0.055583,0.544148,0.063905,0.001384,0.001449,0.047792,0.104088,0.012839,0.168763
AAAGTCGACCCTCAGT-1,0.083978,0.00003,0.642475,0.00003,0.02793,0.00003,0.00003,0.00003,0.24544,0.00003
AAAGTGCCATCAATTA-1,0.127837,0.027193,0.15129,0.406988,0.126291,0.034788,0.000022,0.035425,0.002771,0.087394
AAAGTGTGATTTATCT-1,0.093925,0.018388,0.039293,0.000272,0.180602,0.097694,0.35543,0.118601,0.092124,0.00367
AAAGTTGACTCCCGTA-1,0.053568,0.400056,0.285363,0.028304,0.005863,0.0118,0.063468,0.023261,0.051623,0.076694
AAATAACCATACGGGA-1,0.340835,0.008033,0.339932,0.000036,0.018883,0.066747,0.095239,0.092784,0.031878,0.005634
AAATAAGGTAGTGCCC-1,0.181309,0.14759,0.130078,0.15072,0.234065,0.012599,0.028411,0.004436,0.089503,0.021288
AAATACCTATAAGCAT-1,0.034911,0.210397,0.056198,0.020637,0.033109,0.028095,0.372661,0.050687,0.108806,0.084497
AAATAGCTTAGACTTT-1,0.054534,0.047203,0.097673,0.266076,0.038905,0.011693,0.267095,0.101352,0.109958,0.005511
AAATAGGGTGCTATTG-1,0.408156,0.212784,0.378708,0.00005,0.00005,0.00005,0.00005,0.00005,0.00005,0.00005
AAATCACTCCTAAACG-1,0.225537,0.095431,0.135443,0.465537,0.048861,0.000695,0.000024,0.003716,0.000029,0.024727
AAATCCGATACACGCC-1,0.792169,0.047626,0.014018,0.000046,0.012572,0.101577,0.031854,0.000046,0.000046,0.000046
AAATCGCGGAAGGAGT-1,0.000066,0.003484,0.868858,0.000066,0.000066,0.000066,0.000066,0.000066,0.070873,0.056391
AAATCGTGTACCACAA-1,0.00594,0.314605,0.096242,0.011383,0.013272,0.086899,0.206753,0.14015,0.060673,0.064084
AAATCTAGCCCTGCTA-1,0.337343,0.024428,0.024598,0.009858,0.139684,0.216841,0.086577,0.030933,0.122962,0.006775
AAATCTGCCCGCGTCC-1,0.275141,0.031595,0.088765,0.252413,0.043781,0.004805,0.000032,0.000032,0.237376,0.066061
AAATGACTGATCAAAC-1,0.80633,0.000036,0.000036,0.000036,0.193378,0.000036,0.000036,0.000036,0.000036,0.000036
AAATGATTCGATCAGC-1,0.260805,0.079996,0.145019,0.125583,0.059309,0.092405,0.09541,0.036406,0.082937,0.022131
AAATGCTCGTTACGTT-1,0.00003,0.026816,0.040799,0.00461,0.006203,0.00003,0.024939,0.051973,0.315427,0.529173
AAATGGCATGTCTTGT-1,0.009401,0.024466,0.000397,0.185792,0.016285,0.055623,0.194584,0.50444,0.001499,0.007512
AAATGGCCCGTGCCCT-1,0.000039,0.08984,0.10664,0.026543,0.042419,0.000039,0.065828,0.0209,0.155457,0.492294
AAATGGTCAATGTGCC-1,0.010448,0.062443,0.177021,0.006277,0.102659,0.17662,0.143604,0.252561,0.03329,0.035077
AAATGTGGGTGCTCCT-1,0.008921,0.035757,0.189259,0.171646,0.098215,0.000032,0.000981,0.049003,0.03838,0.407806
AAATTAACGGGTAGCT-1,0.000012,0.001367,0.000012,0.001968,0.360974,0.001531,0.279163,0.33908,0.01333,0.002562
AAATTACACGACTCTG-1,0.000013,0.001622,0.000013,0.209613,0.061975,0.000013,0.27092,0.452747,0.000522,0.002562
AAATTACCTATCGATG-1,0.057413,0.084378,0.247148,0.018995,0.083374,0.000029,0.292993,0.063365,0.144805,0.0075
AAATTCCAGGTCCAAA-1,0.405046,0.03605,0.315384,0.11554,0.087066,0.000026,0.000026,0.000026,0.036492,0.004346
AAATTGATAGTCCTTT-1,0.000026,0.053811,0.123503,0.137208,0.012012,0.018063,0.035424,0.41475,0.027732,0.17747
AAATTGGTGAGAAGCA-1,0.028865,0.201561,0.010602,0.253216,0.255624,0.012687,0.145357,0.009499,0.050091,0.032497
AAATTTACCGAAATCC-1,0.056098,0.046343,0.152437,0.373497,0.000029,0.188192,0.050416,0.115933,0.002018,0.015039
AAATTTGCGGGTGTGG-1,0.000017,0.065406,0.078803,0.055135,0.019939,0.017412,0.125417,0.465479,0.005534,0.166856
AACAACTGGTAGTTGC-1,0.000014,0.004824,0.004827,0.207713,0.010306,0.026051,0.136181,0.542089,0.016169,0.051826
AACAATTACTCTACGC-1,0.000025,0.003146,0.064303,0.215831,0.012939,0.000063,0.056258,0.174147,0.360935,0.112354
AACACACGCTCGCCGC-1,0.33437,0.071794,0.205389,0.001323,0.021435,0.010776,0.203254,0.029736,0.113265,0.008658
AACACGACTGTACTGA-1,0.024646,0.041461,0.049649,0.20291,0.010523,0.029013,0.045173,0.344333,0.011708,0.240585
AACACGAGACGCGGCC-1,0.100139,0.008285,0.26113,0.014802,0.09564,0.005447,0.037191,0.085781,0.350937,0.040649
AACACGCGGCCGCGAA-1,0.000011,0.000011,0.000011,0.083022,0.207579,0.000011,0.09721,0.189622,0.362259,0.060265
AACAGCTGTGTGGCAA-1,0.029993,0.115521,0.102573,0.066064,0.08815,0.103569,0.041844,0.369469,0.003535,0.079281
AACAGGAAATCGAATA-1,0.2167,0.009484,0.191307,0.017515,0.004728,0.191742,0.058558,0.22119,0.029355,0.059422
AACAGGATGGGCCGCG-1,0.011727,0.000027,0.317732,0.17233,0.000027,0.000027,0.002784,0.271597,0.192177,0.031572
AACAGGTAGTATGGAT-1,0.182501,0.041291,0.018569,0.355532,0.159,0.030163,0.134825,0.003116,0.065328,0.009674
AACATAGCGTGTATCG-1,0.786634,0.014771,0.00003,0.063581,0.00003,0.12841,0.002757,0.00003,0.000381,0.003374
AACATATCAACTGGTG-1,0.006553,0.262746,0.184738,0.081679,0.049472,0.007833,0.141964,0.1291,0.122095,0.013819
AACATCGATACGTCTA-1,0.000038,0.613998,0.164137,0.103362,0.000038,0.000038,0.000038,0.000038,0.003747,0.114566
AACATTGAAGTTGATC-1,0.036082,0.02199,0.08311,0.188201,0.119178,0.008563,0.037481,0.164756,0.1249,0.215739
AACATTGTGACTCGAG-1,0.45044,0.03932,0.048938,0.000027,0.009713,0.081782,0.235862,0.054623,0.078962,0.000334
AACCAAGACTTCTCTG-1,0.000035,0.025334,0.181039,0.007785,0.010791,0.000035,0.036769,0.186459,0.1926,0.359153
AACCAGTATCACTCTT-1,0.000032,0.074187,0.055024,0.526174,0.003299,0.009591,0.04352,0.184182,0.000032,0.103958
AACCATAGGGTTGAAC-1,0.052969,0.010685,0.004463,0.043032,0.155659,0.026031,0.096247,0.104658,0.243178,0.263078
AACCATGGGATCGCTA-1,0.000045,0.036254,0.123306,0.008224,0.000045,0.000045,0.024077,0.109422,0.287162,0.411421
AACCCAGAGACGGAGA-1,0.003781,0.082771,0.129732,0.037099,0.00892,0.011038,0.058036,0.234891,0.065884,0.367848
AACCCATCCCATGATC-1,0.012969,0.067589,0.040532,0.046634,0.003769,0.011704,0.04076,0.190085,0.232322,0.353636
AACCCGACAACCCGTG-1,0.000011,0.108501,0.017155,0.26295,0.027815,0.000454,0.406383,0.090477,0.029781,0.056471
AACCCGAGCAGAATCG-1,0.076024,0.2265,0.021078,0.420177,0.221431,0.000065,0.002076,0.000016,0.018648,0.013985
AACCCGATAGGGCTTC-1,0.028742,0.146651,0.004963,0.633523,0.064875,0.01861,0.038441,0.056444,0.000371,0.007378
AACCCGCTGTATTCCA-1,0.157438,0.008023,0.000025,0.000025,0.82149,0.008757,0.004169,0.000025,0.000025,0.000025
AACCCTACTGTCAATA-1,0.115189,0.15553,0.216211,0.000023,0.155606,0.039302,0.174987,0.041243,0.10035,0.001558
AACCCTGGTGGAACCA-1,0.46935,0.000128,0.000128,0.000128,0.529627,0.000128,0.000128,0.000128,0.000128,0.000128
AACCGAGCTTGGTCAT-1,0.000022,0.040282,0.0538,0.025004,0.164093,0.000022,0.506959,0.136116,0.058677,0.015025
AACCGCTAAGGGATGC-1,0.057864,0.08361,0.093568,0.038748,0.183452,0.011926,0.340536,0.117909,0.066133,0.006254
AACCGTTGTGTTTGCT-1,0.051098,0.000034,0.132309,0.018578,0.057919,0.212037,0.000093,0.267107,0.01184,0.248985
AACCTAAAGCCGTCCG-1,0.163643,0.04398,0.141283,0.336455,0.003241,0.073039,0.000029,0.002671,0.001298,0.234362
AACCTCGCTTTAGCCC-1,0.781554,0.001537,0.206997,0.000041,0.000041,0.009667,0.000041,0.000041,0.000041,0.000041
AACCTGTCACGGAATT-1,0.063901,0.310748,0.018417,0.116356,0.372907,0.025935,0.005325,0.003149,0.000068,0.083194
AACCTTTAAATACGGT-1,0.520436,0.013726,0.305551,0.000033,0.000033,0.103621,0.026946,0.009516,0.020107,0.000033
AACCTTTACGACGTCT-1,0.14373,0.012808,0.496265,0.052289,0.047555,0.002078,0.067753,0.057045,0.120436,0.00004
AACGAAAGTCGTCCCA-1,0.000015,0.000015,0.000015,0.070608,0.059115,0.000015,0.257867,0.095541,0.421599,0.095211
AACGACCTCCTAGCCG-1,0.422599,0.000024,0.000024,0.037466,0.539764,0.000024,0.000024,0.000024,0.000024,0.000024
AACGATAATGCCGTAG-1,0.276586,0.181765,0.527985,0.000042,0.000042,0.003796,0.006581,0.000042,0.003119,0.000042
AACGATAGAAGGGCCG-1,0.000013,0.001996,0.000013,0.192642,0.081625,0.013577,0.110843,0.490465,0.032836,0.075991
AACGATATGTCAACTG-1,0.000027,0.255509,0.05747,0.078553,0.030466,0.005423,0.357389,0.054893,0.13621,0.024059
AACGCATGATCTGGGT-1,0.049866,0.122839,0.190224,0.041001,0.236852,0.000025,0.145594,0.031279,0.158516,0.023804
AACGCGACCTTGGGCG-1,0.04653,0.396142,0.553206,0.000046,0.000046,0.000046,0.000952,0.000046,0.000046,0.00294
AACGCGGTCTCCAGCC-1,0.000023,0.010703,0.052804,0.103967,0.174998,0.000023,0.240191,0.291587,0.116852,0.008853
AACGCTGTTGCTGAAA-1,0.401917,0.039052,0.000067,0.008631,0.255384,0.017123,0.192507,0.055589,0.027023,0.002706
AACGGACGTACGTATA-1,0.324181,0.003025,0.064915,0.000444,0.156331,0.114344,0.140593,0.030826,0.162485,0.002856
AACGGCCATCTCCGGT-1,0.154911,0.099419,0.610411,0.008943,0.000044,0.000044,0.02087,0.105269,0.000044,0.000044
AACGTACTGTGGGTAC-1,0.035029,0.036838,0.012759,0.003422,0.042243,0.341319,0.307022,0.112399,0.073498,0.035473
AACGTAGTCTACCCAT-1,0.102995,0.020998,0.422467,0.003049,0.022775,0.014758,0.006475,0.066394,0.23423,0.10586
AACGTCAGACTAGTGG-1,0.036511,0.000028,0.185977,0.087868,0.075447,0.046163,0.011449,0.305057,0.120731,0.13077
AACGTCGCTGCACTTC-1,0.290586,0.012282,0.000026,0.038766,0.658209,0.000026,0.000026,0.000026,0.000026,0.000026
AACGTGATGAAGGACA-1,0.066655,0.158733,0.742035,0.000062,0.000062,0.008078,0.000062,0.003513,0.000062,0.020737
AACGTGCGAAAGTCTC-1,0.004215,0.084399,0.205702,0.017907,0.053272,0.005151,0.409029,0.054619,0.162611,0.003095
AACGTTCTACCATTGT-1,0.000039,0.003352,0.000039,0.745479,0.085816,0.00357,0.067263,0.093375,0.000039,0.001028
AACTACCCGTTTGTCA-1,0.322642,0.145967,0.179373,0.209031,0.066081,0.001683,0.003453,0.000021,0.052642,0.019107
AACTAGCGTATCGCAC-1,0.016506,0.003735,0.054291,0.119135,0.089757,0.011879,0.050111,0.281332,0.103667,0.269587
AACTAGGCTTGGGTGT-1,0.055762,0.072024,0.010715,0.160024,0.013705,0.089748,0.218454,0.195803,0.064318,0.119448
AACTCAAGTTAATTGC-1,0.030563,0.164001,0.480643,0.055449,0.000038,0.021452,0.007542,0.179817,0.000141,0.060355
AACTCCAGAGCGTGTT-1,0.467332,0.005395,0.193892,0.000043,0.001845,0.138281,0.067608,0.027974,0.097586,0.000043
AACTCCTAATCCCATG-1,0.000043,0.419438,0.294192,0.062663,0.000043,0.000043,0.028926,0.120323,0.010526,0.063803
AACTCGATGGCGCAGT-1,0.002643,0.006855,0.33938,0.032647,0.075995,0.017011,0.001533,0.045031,0.396065,0.082838
AACTCTCAATAGAGCG-1,0.10793,0.178543,0.06332,0.007575,0.028331,0.042829,0.381071,0.031386,0.156855,0.002162
AACTCTCAGTGTGCTC-1,0.170761,0.006524,0.299555,0.016271,0.004251,0.180199,0.067527,0.20401,0.048312,0.00259
AACTGAGGTCAGCGTC-1,0.192395,0.092162,0.239861,0.176126,0.077326,0.041626,0.032631,0.033786,0.04773,0.066358
AACTGAGTTATACTGA-1,0.141683,0.047529,0.099883,0.222124,0.31128,0.083651,0.000107,0.042998,0.008575,0.042171
AACTGATATTAGGCCT-1,0.010225,0.034852,0.406274,0.219369,0.000043,0.023529,0.017191,0.233519,0.003031,0.051967
AACTGGGTCCCGACGT-1,0.003628,0.018542,0.002912,0.025476,0.000021,0.252209,0.027452,0.66543,0.000021,0.004309
AACTGGGTTCGAGCCG-1,0.194705,0.005337,0.054624,0.18425,0.260235,0.101646,0.032564,0.08952,0.001492,0.075627
AACTGGTGTGGGCCTT-1,0.000021,0.000021,0.000021,0.321333,0.001448,0.000021,0.040548,0.397734,0.049766,0.189088
AACTTCTGCGTCTATC-1,0.021515,0.019647,0.271881,0.000058,0.205843,0.000058,0.000058,0.000058,0.329203,0.15168
AACTTGCCCGTATGCA-1,0.03179,0.098325,0.17523,0.012075,0.00006,0.00006,0.024613,0.135471,0.041923,0.480452
AACTTGCGTTCTCGCG-1,0.013958,0.000047,0.269901,0.000047,0.031946,0.022757,0.008713,0.083616,0.532247,0.036767
AACTTTAGCTGCTGAG-1,0.001071,0.002814,0.176597,0.124888,0.2536,0.000044,0.008695,0.193282,0.221318,0.017691
AACTTTCTCGATCATG-1,0.461807,0.020972,0.075445,0.095957,0.204135,0.014572,0.029569,0.011363,0.08125,0.004931
AAGAAAGTTTGATGGG-1,0.140295,0.00001,0.021271,0.420118,0.062897,0.0025,0.000792,0.003221,0.34042,0.008476
AAGAAATCACCAGATT-1,0.480799,0.287329,0.141602,0.026572,0.000038,0.005047,0.000038,0.000486,0.00383,0.05426
AAGAAGGATCAGTTAG-1,0.000018,0.000018,0.14466,0.06516,0.0019,0.000018,0.009906,0.146415,0.607145,0.024762
AAGACATACGTGGTTT-1,0.07472,0.103373,0.000011,0.472938,0.280771,0.016291,0.031355,0.000523,0.011242,0.008775
AAGACCAAATAACTCA-1,0.000025,0.175584,0.13685,0.005308,0.021845,0.000025,0.02515,0.00328,0.30543,0.326503
AAGACCCAACTGAACA-1,0.124803,0.065283,0.072709,0.003569,0.094796,0.257548,0.196295,0.059475,0.120426,0.005096
AAGACTCACGCCCACT-1,0.178903,0.070831,0.040184,0.424795,0.013513,0.177581,0.000024,0.003397,0.000024,0.090749
AAGACTGCAAGCTACT-1,0.000027,0.202478,0.121946,0.043938,0.002191,0.000027,0.35989,0.195187,0.028701,0.045614
AAGAGATGAATCGGTA-1,0.000584,0.003225,0.594215,0.000063,0.000063,0.025737,0.000063,0.008078,0.015446,0.352525
AAGAGCTCTTTATCGG-1,0.007317,0.087016,0.012508,0.000027,0.246072,0.059259,0.356587,0.085825,0.113678,0.03171
AAGAGGATGTACGCGA-1,0.000014,0.000014,0.007991,0.129417,0.007581,0.000014,0.067713,0.672221,0.056297,0.058738
AAGAGGCATGGATCGC-1,0.009626,0.34817,0.156859,0.022096,0.014511,0.061465,0.109934,0.11588,0.106591,0.05487
AAGAGGCCCTTTGGAA-1,0.288399,0.322157,0.15883,0.147731,0.043048,0.013006,0.003097,0.000025,0.011158,0.01255
AAGATGGCACCGGACC-1,0.077019,0.029278,0.171651,0.045955,0.019736,0.140111,0.066259,0.309081,0.102937,0.037972
AAGATTGGCGGAACGT-1,0.006777,0.080292,0.007572,0.006412,0.204766,0.112171,0.455823,0.059442,0.048501,0.018243
AAGCACCCTGCGTATC-1,0.706697,0.000068,0.286171,0.000068,0.000068,0.004898,0.000068,0.000068,0.001826,0.000068
AAGCATACTCTCCTGA-1,0.235628,0.438162,0.074682,0.000029,0.000029,0.065937,0.079575,0.046482,0.053485,0.005991
AAGCCACTTGCAGGTA-1,0.109034,0.009993,0.107802,0.443008,0.054488,0.137406,0.000026,0.015554,0.000026,0.122663
AAGCCGAAGCGGTTTA-1,0.001754,0.154563,0.040856,0.222,0.183009,0.009247,0.254042,0.032715,0.065337,0.036475
AAGCCGCCGTGAAATC-1,0.081127,0.174401,0.342029,0.073365,0.000024,0.006605,0.000301,0.108788,0.003787,0.209573
AAGCCGCTTTACCTTG-1,0.488568,0.377366,0.043938,0.001014,0.000054,0.001347,0.000054,0.000054,0.000054,0.087551
AAGCCGGAGAGCAGGA-1,0.307608,0.001555,0.186635,0.320143,0.087769,0.079812,0.000026,0.007493,0.00571,0.003249
AAGCGCAGGGCTTTGA-1,0.339046,0.000066,0.000066,0.000066,0.06719,0.275062,0.238108,0.080266,0.000066,0.000066
AAGCGGAGTGCGCGCA-1,0.071784,0.337902,0.315349,0.247824,0.000027,0.000027,0.000027,0.000027,0.006672,0.020359
AAGCGGCGTCATGGGT-1,0.075649,0.293203,0.347767,0.026063,0.000077,0.078958,0.022531,0.100233,0.00406,0.05146
AAGCGTCCCTCATCGA-1,0.000047,0.350635,0.241902,0.029784,0.000047,0.023776,0.000047,0.254542,0.000047,0.099171
AAGCTAGATCGAGTAA-1,0.072577,0.519016,0.163247,0.002079,0.000037,0.006447,0.04883,0.088129,0.066537,0.0331
AAGCTATGGATTGACC-1,0.149422,0.002025,0.037959,0.115328,0.276877,0.011965,0.003636,0.009825,0.319334,0.073629
AAGCTCGTGCCAAGTC-1,0.00353,0.117281,0.077444,0.011334,0.031598,0.007624,0.447832,0.114043,0.049862,0.139453
AAGCTCTTTCATGGTG-1,0.473522,0.216712,0.20037,0.00007,0.00007,0.033336,0.07571,0.00007,0.00007,0.00007
AAGGAGAACTTATAAG-1,0.000017,0.000017,0.002426,0.148351,0.161705,0.000017,0.044236,0.507676,0.027181,0.108374
AAGGAGCGGTTGGTGC-1,0.000026,0.02249,0.030579,0.012952,0.24735,0.022635,0.067707,0.542317,0.003588,0.050356
AAGGATCGATCGCTTG-1,0.000027,0.120853,0.00262,0.062788,0.429838,0.015901,0.169822,0.068737,0.086042,0.043371
AAGGATGAGGGACCTC-1,0.006834,0.135835,0.011769,0.035796,0.089646,0.0166,0.517342,0.077431,0.037943,0.070805
AAGGCAGGCTGTCTCC-1,0.126903,0.083383,0.001202,0.254163,0.507388,0.009652,0.008793,0.000014,0.00547,0.003032
AAGGCGCGTAAAGCTT-1,0.306229,0.000044,0.3161,0.01456,0.000044,0.122526,0.008541,0.219851,0.006432,0.005675
AAGGCTGTGCTCATCG-1,0.000555,0.002495,0.246669,0.21442,0.000433,0.000028,0.145191,0.295134,0.076203,0.01887
AAGGGAACGACTGGCT-1,0.000018,0.004542,0.049813,0.466079,0.004796,0.000018,0.044084,0.205951,0.043063,0.181636
AAGGGACAGATTCTGT-1,0.015957,0.067408,0.039131,0.036815,0.109271,0.177601,0.30164,0.156473,0.035268,0.060436
AAGGGACTATGCATTC-1,0.000013,0.031021,0.0176,0.224162,0.000147,0.000013,0.073322,0.602625,0.002915,0.048184
AAGGGTTAGCCATGCG-1,0.449562,0.000067,0.000067,0.328565,0.206919,0.000067,0.014551,0.000067,0.000067,0.000067
AAGGGTTTGATTTCAG-1,0.285589,0.000068,0.713868,0.000068,0.000068,0.000068,0.000068,0.000068,0.000068,0.000068
AAGGTATCCTAATATA-1,0.093493,0.12486,0.10321,0.000548,0.004044,0.335774,0.208217,0.09363,0.013355,0.022869
AAGGTGATAAACCAGC-1,0.143629,0.149118,0.199468,0.005677,0.111013,0.017598,0.267516,0.011895,0.090724,0.003362
AAGTAGAAGACCGGGT-1,0.000046,0.141525,0.37747,0.038195,0.000046,0.083677,0.000238,0.243001,0.000046,0.115757
AAGTAGTGACGCGAGG-1,0.066937,0.000023,0.015145,0.128747,0.021231,0.090489,0.025083,0.532635,0.050725,0.068984
AAGTCAATTGTCGTCA-1,0.135973,0.385831,0.274047,0.000043,0.000043,0.101845,0.028809,0.009673,0.02179,0.041948
AAGTCTAGTAGCTGCC-1,0.267385,0.105603,0.230107,0.198756,0.109524,0.001159,0.001462,0.000023,0.0456,0.040382
AAGTCTTCTGTGGCCT-1,0.135115,0.00642,0.423542,0.000048,0.004713,0.089429,0.009889,0.086853,0.230636,0.013355
AAGTGACGACCGAATT-1,0.000037,0.084384,0.074789,0.040205,0.009628,0.000037,0.031737,0.347478,0.021499,0.390206
AAGTGAGTCGGGTTTA-1,0.000036,0.437665,0.057434,0.000037,0.001069,0.004677,0.09307,0.1121,0.01442,0.279491
AAGTGCCTTGACTGTA-1,0.040962,0.257699,0.018798,0.058805,0.174714,0.001603,0.318104,0.022419,0.064828,0.042068
AAGTGCGTTAGAATCT-1,0.031697,0.010918,0.561371,0.15619,0.000033,0.016221,0.000033,0.057109,0.047495,0.118933
AAGTGCTTCTCTATTG-1,0.042836,0.128834,0.14193,0.21068,0.083179,0.017814,0.049998,0.234124,0.013058,0.077548
AAGTGTTTGGAGACGG-1,0.639661,0.00796,0.18563,0.000031,0.000031,0.166563,0.000031,0.000031,0.000031,0.000031
AAGTTCACTCCAAGCT-1,0.567165,0.020566,0.067507,0.000035,0.000035,0.029271,0.235635,0.047184,0.032568,0.000035
AAGTTCAGTCTGCGTA-1,0.003187,0.245812,0.079487,0.176425,0.073947,0.006586,0.160602,0.087908,0.042904,0.12314
AAGTTCGGCCAACAGG-1,0.021816,0.011168,0.100439,0.139112,0.005478,0.016318,0.056359,0.617443,0.007575,0.024291
AAGTTGTGATGTTATA-1,0.536416,0.009106,0.095001,0.117611,0.217713,0.000024,0.001814,0.000309,0.020855,0.001151
AAGTTTACTAATGGCA-1,0.000019,0.000019,0.028029,0.399411,0.004916,0.000019,0.037953,0.351211,0.153318,0.025105
AAGTTTATGGGCCCAA-1,0.606754,0.059308,0.333108,0.000119,0.000119,0.000119,0.000119,0.000119,0.000119,0.000119
AATAACAACGCTCGGC-1,0.000016,0.004627,0.055363,0.076281,0.014605,0.000232,0.073994,0.531822,0.144876,0.098184
AATAACACTAGAACAA-1,0.09853,0.001326,0.743791,0.039776,0.001014,0.002334,0.016366,0.07779,0.019042,0.00003
AATAACGTCGCGCCCA-1,0.19678,0.186221,0.000027,0.298754,0.317683,0.000027,0.000429,0.000027,0.000027,0.000027
AATAAGTCCTCGAGAC-1,0.000043,0.261218,0.203292,0.097495,0.000043,0.000043,0.000043,0.146283,0.000043,0.291497
AATAATCTTCGTATCG-1,0.24815,0.044909,0.136409,0.140673,0.376835,0.000023,0.019052,0.013788,0.01668,0.00348
AATACAATGTTTCAGG-1,0.006282,0.000028,0.147962,0.041962,0.051348,0.000977,0.004667,0.027451,0.554526,0.164798
AATACCGGAGGGCTGT-1,0.048671,0.151849,0.20691,0.064595,0.015535,0.117387,0.06699,0.187544,0.057808,0.082711
AATACCTGATGTGAAC-1,0.358991,0.000018,0.000018,0.004995,0.63588,0.000026,0.000018,0.000018,0.000018,0.000018
AATAGAACAGAGTGGC-1,0.000038,0.558247,0.270033,0.000038,0.000038,0.000038,0.006447,0.091605,0.000038,0.073479
AATAGAATCTGTTTCA-1,0.356748,0.093091,0.25351,0.001202,0.004121,0.025886,0.173224,0.016311,0.075247,0.000659
AATAGCAAGCCTCCTG-1,0.489362,0.210965,0.133416,0.050458,0.000037,0.032339,0.000037,0.000037,0.000037,0.083313
AATAGCTACCGCGTGC-1,0.085217,0.031433,0.027513,0.16164,0.216939,0.016326,0.287626,0.071124,0.098722,0.00346
AATAGTCCGTCCCGAC-1,0.001646,0.480366,0.016623,0.036189,0.009899,0.003996,0.24196,0.033332,0.025767,0.150221
AATATCAAGGTCGGAT-1,0.00004,0.039551,0.383248,0.078333,0.042588,0.00089,0.029645,0.053887,0.139299,0.232519
AATATCCTAGCAAACT-1,0.149719,0.000084,0.84961,0.000084,0.000084,0.000084,0.000084,0.000084,0.000084,0.000084
AATATCGAATCAATGC-1,0.039885,0.332703,0.147128,0.060792,0.336869,0.009554,0.001357,0.000027,0.008317,0.063369
AATATCGAGGGTTCTC-1,0.247924,0.004827,0.052558,0.000025,0.121164,0.025593,0.422114,0.047011,0.078759,0.000025
AATATTGGAGTATTGA-1,0.000052,0.038721,0.361741,0.107343,0.000052,0.007834,0.002351,0.050739,0.200661,0.230506
AATCAGGTTTCATTTA-1,0.058969,0.029294,0.101744,0.265545,0.038409,0.070412,0.009645,0.320068,0.011863,0.09405
AATCATGTAAAGACTC-1,0.391424,0.23017,0.214555,0.000029,0.000029,0.11859,0.000512,0.005471,0.028789,0.010432
AATCCAAGGGCCTGAG-1,0.07142,0.069634,0.214418,0.042578,0.000032,0.088986,0.000032,0.282388,0.005733,0.224777
AATCCCGCTCAGAGCC-1,0.243132,0.464567,0.000053,0.062768,0.145485,0.000053,0.046471,0.000053,0.007435,0.029982
AATCGAGGTCTCAAGG-1,0.99963,0.000041,0.000041,0.000041,0.000041,0.000041,0.000041,0.000041,0.000041,0.000041
AATCGCCTCAGCGCCA-1,0.00892,0.199005,0.096554,0.045548,0.000563,0.138711,0.127967,0.256688,0.010368,0.115676
AATCGCGCAGAGGACT-1,0.095952,0.069657,0.00897,0.454179,0.195297,0.047325,0.073919,0.004636,0.025311,0.024754
AATCGGGACACTACGA-1,0.023759,0.007059,0.012841,0.07532,0.030609,0.004333,0.071022,0.611202,0.047276,0.116578
AATCGGTATAGCCCTC-1,0.435035,0.024671,0.000647,0.160037,0.367891,0.000029,0.000799,0.000029,0.010834,0.000029
AATCGTGAGCCGAGCA-1,0.602508,0.031241,0.062319,0.000031,0.000031,0.135288,0.095626,0.038157,0.034232,0.000569
AATCTAGGTTTACTTG-1,0.000034,0.063758,0.173763,0.147134,0.020638,0.000034,0.028464,0.104392,0.185503,0.27628
AATCTATGCCGGAGCC-1,0.01302,0.100024,0.003269,0.060508,0.221984,0.073508,0.417639,0.033615,0.051598,0.024835
AATCTCTACTGTGGTT-1,0.264812,0.000038,0.647827,0.000038,0.000038,0.000038,0.000038,0.000038,0.087097,0.000038
AATCTGCGTTGGGACG-1,0.004683,0.027394,0.110624,0.000032,0.332208,0.000021,0.395745,0.040789,0.088201,0.000301
AATCTGGCTTTCTAGT-1,0.00006,0.020432,0.578598,0.00006,0.00006,0.00006,0.006716,0.03793,0.225965,0.130119
AATCTGGGTAGACCCT-1,0.068502,0.080111,0.193747,0.549806,0.000036,0.001288,0.000422,0.082032,0.000036,0.02402
AATGACAGCAATGTCT-1,0.009555,0.022733,0.016641,0.074348,0.017119,0.174275,0.14665,0.351978,0.05074,0.13596
AATGACGTAGGATGTC-1,0.037667,0.270611,0.065491,0.016786,0.028906,0.030366,0.343402,0.096206,0.076231,0.034334
AATGACTGTCAGCCGG-1,0.003308,0.08,0.340735,0.050274,0.023744,0.032042,0.040259,0.321914,0.008685,0.099039
AATGAGTTCGCATATG-1,0.012971,0.000037,0.135789,0.003061,0.15622,0.031818,0.000037,0.039263,0.532431,0.088374
AATGATGATACGCTAT-1,0.0095,0.259219,0.092409,0.027079,0.097306,0.053773,0.297926,0.045788,0.025225,0.091773
AATGATGCGACTCCTG-1,0.124644,0.000352,0.002885,0.000021,0.381843,0.280315,0.084995,0.076036,0.048888,0.000021
AATGCAACCGGGTACC-1,0.029163,0.15316,0.136474,0.041418,0.015986,0.047696,0.071895,0.41097,0.017801,0.075437
AATGCACCAAGCAATG-1,0.02166,0.122007,0.008573,0.047456,0.257167,0.029802,0.371948,0.103435,0.032635,0.005316
AATGGCCGCCAATGCG-1,0.247813,0.001707,0.068114,0.235727,0.208519,0.07049,0.031575,0.093797,0.017158,0.025098
AATGGTCCACCGTTCA-1,0.000036,0.009567,0.221988,0.085217,0.051046,0.000036,0.019892,0.060572,0.454546,0.097102
AATGGTTCTCACAAGC-1,0.048511,0.020961,0.54426,0.01479,0.000053,0.000053,0.000053,0.054907,0.227291,0.08912
AATGTATGGCACTGTA-1,0.001177,0.063534,0.268977,0.001231,0.000036,0.079658,0.000036,0.000237,0.044114,0.540999
AATGTGCCCGAGGTGT-1,0.000566,0.02811,0.083572,0.019139,0.000025,0.094857,0.007388,0.410553,0.016427,0.339363
AATGTGCTAATCTGAG-1,0.000046,0.167152,0.720382,0.077586,0.000046,0.000046,0.000046,0.000046,0.000046,0.034606
AATGTTAAGACCCTGA-1,0.992561,0.000027,0.000027,0.000027,0.000027,0.007226,0.000027,0.000027,0.000027,0.000027
AATGTTGTCGTGAGAC-1,0.393478,0.378727,0.000022,0.042002,0.046689,0.132059,0.000022,0.000022,0.000022,0.006957
AATTAAAGGTCGGCGT-1,0.196056,0.028435,0.526347,0.000038,0.000038,0.065267,0.01795,0.158144,0.007632,0.000093
AATTAACGGATTTCCA-1,0.334098,0.063287,0.602182,0.000062,0.000062,0.000062,0.000062,0.000062,0.000062,0.000062
AATTACGAGACCCATC-1,0.00005,0.03908,0.305306,0.000046,0.08026,0.004442,0.004852,0.000046,0.470866,0.095053
AATTAGCGCTGCAGCG-1,0.171576,0.003206,0.043371,0.000018,0.160237,0.017944,0.430264,0.02829,0.145075,0.000018
AATTATACCCAGCAAG-1,0.984617,0.004397,0.000035,0.000035,0.000035,0.010739,0.000035,0.000035,0.000035,0.000035
AATTCATAAGGGATCT-1,0.027266,0.042969,0.034113,0.022813,0.070088,0.124113,0.314354,0.071788,0.069637,0.222859
AATTCATTGTCATGCA-1,0.100827,0.108078,0.342735,0.000034,0.000034,0.209579,0.000068,0.018099,0.099489,0.121056
AATTCCAAGCATGTAC-1,0.09075,0.483782,0.058079,0.000037,0.046048,0.021924,0.21683,0.002906,0.073344,0.006299
AATTCGATTCGAGGAT-1,0.388149,0.543181,0.067299,0.000196,0.000196,0.000196,0.000196,0.000196,0.000196,0.000196
AATTCTAGAGTTAGGC-1,0.000309,0.600594,0.337875,0.000061,0.000061,0.000061,0.008626,0.00075,0.000497,0.051167
AATTGAACGCTCTGGT-1,0.157571,0.304059,0.366493,0.000034,0.000034,0.040038,0.015419,0.01439,0.089448,0.012514
AATTGCAGCAATCGAC-1,0.246531,0.104992,0.035716,0.057096,0.422993,0.005663,0.038463,0.003086,0.048056,0.037406
AATTGCGTGGATTACA-1,0.020851,0.015441,0.32177,0.175739,0.004631,0.038112,0.000052,0.010795,0.19923,0.213379
AATTGTGGTTGCCAAA-1,0.37409,0.086673,0.183699,0.249988,0.00814,0.024705,0.000182,0.001181,0.020124,0.051218
AATTTGGGACATAGTA-1,0.067133,0.117418,0.108329,0.175909,0.00004,0.027706,0.019992,0.405113,0.00004,0.078321
AATTTGGTTCCAAAGA-1,0.015819,0.002732,0.152231,0.172456,0.039786,0.103256,0.031449,0.420634,0.025715,0.035922
ACAAACCATGCGTCCT-1,0.227945,0.009043,0.409349,0.02791,0.049731,0.009759,0.000024,0.007508,0.07459,0.184141
ACAAACCGACAAGGCG-1,0.028818,0.072136,0.17788,0.48057,0.003464,0.050278,0.003814,0.073831,0.027351,0.081858
ACAAACTCCATCAGAG-1,0.000016,0.024101,0.000016,0.469847,0.145368,0.000016,0.322184,0.03449,0.00223,0.001733
ACAAAGAAGGTAGGCC-1,0.100152,0.000054,0.899418,0.000054,0.000054,0.000054,0.000054,0.000054,0.000054,0.000054
ACAAAGCATGACCTAG-1,0.469745,0.188296,0.000021,0.033447,0.051222,0.227936,0.028753,0.000021,0.000099,0.00046
ACAAATCGCACCGAAT-1,0.21583,0.008357,0.022959,0.012269,0.089227,0.103021,0.353492,0.058627,0.136192,0.000028
ACAAATGGTAGTGTTT-1,0.04787,0.101981,0.026707,0.01368,0.014013,0.094183,0.527608,0.056741,0.100628,0.016591
ACAAATTCAGATCTGA-1,0.371501,0.101495,0.172841,0.032215,0.000063,0.169671,0.000063,0.031103,0.000063,0.120986
ACAACAGCATGAGCTA-1,0.000028,0.169413,0.119509,0.010123,0.08634,0.000028,0.193075,0.154756,0.180868,0.085861
ACAACGGTCCCTGCGA-1,0.000046,0.009033,0.489438,0.055176,0.000046,0.000046,0.000067,0.075781,0.115099,0.255269
ACAAGCAGTGCCTAGC-1,0.030674,0.002945,0.31207,0.00256,0.092697,0.006325,0.011777,0.130718,0.148433,0.2618
ACAAGGAAATCCGCCC-1,0.214752,0.412106,0.321986,0.000038,0.000038,0.000038,0.01998,0.000268,0.02952,0.001274
ACAAGGACAAGAGGTT-1,0.000024,0.053083,0.142695,0.24862,0.000107,0.007958,0.134894,0.260358,0.031739,0.120523
ACAAGGATGCTTTAGG-1,0.29251,0.160366,0.127645,0.000051,0.335463,0.053288,0.008602,0.001721,0.020302,0.000051
ACAAGGCCTACCAGCC-1,0.156819,0.047182,0.086172,0.555857,0.009875,0.063227,0.01249,0.040815,0.001403,0.026159
ACAAGGGCAGGCTCTG-1,0.48311,0.000423,0.229426,0.000024,0.000024,0.040824,0.101433,0.020492,0.12422,0.000024
ACAATAGTCGTACGTT-1,0.000036,0.000516,0.018062,0.076415,0.03866,0.000036,0.15145,0.132255,0.311333,0.271237
ACAATCCATTTAAACC-1,0.000011,0.000448,0.005399,0.167345,0.056458,0.000011,0.033396,0.673664,0.021023,0.042245
ACAATCGATCTTTATA-1,0.263629,0.090818,0.228961,0.079155,0.000046,0.005619,0.000845,0.033173,0.002458,0.295296
ACAATGAATACGGAGA-1,0.05791,0.025489,0.18816,0.090627,0.065218,0.079652,0.015009,0.237912,0.008286,0.231738
ACAATGATTCTTCTAC-1,0.104194,0.302538,0.010574,0.301797,0.101047,0.085124,0.020601,0.011672,0.01102,0.051433
ACAATTGTGTCTCTTT-1,0.007993,0.208853,0.003468,0.094276,0.266802,0.034947,0.288153,0.052937,0.04011,0.00246
ACAATTTGAGCAGTGG-1,0.104049,0.003727,0.137057,0.001773,0.118633,0.004328,0.365562,0.106994,0.15786,0.000019
ACAATTTGGCCATATT-1,0.322302,0.078338,0.029835,0.277854,0.0345,0.224725,0.006658,0.007754,0.002439,0.015594
ACACAAAGACGGGTGG-1,0.001713,0.045145,0.144458,0.112037,0.005656,0.032445,0.042658,0.47044,0.017895,0.127552
ACACAAATATTCCTAG-1,0.085407,0.405596,0.085304,0.231002,0.133116,0.001496,0.003526,0.00002,0.012748,0.041787
ACACACCAGGACCAGT-1,0.127882,0.112957,0.045608,0.005881,0.178199,0.159781,0.263567,0.054261,0.051436,0.000429
ACACACTTTCTACACG-1,0.000062,0.212799,0.463754,0.000062,0.000062,0.168003,0.007067,0.093233,0.003064,0.051893
ACACATGATCAAATCT-1,0.000022,0.000022,0.070643,0.12427,0.014842,0.000022,0.181643,0.165138,0.40619,0.037208
ACACATTTCCGTAGAC-1,0.83009,0.003077,0.000113,0.000113,0.000113,0.087023,0.079134,0.000113,0.000113,0.000113
ACACCACATAATTAGC-1,0.058715,0.340422,0.00423,0.266985,0.213602,0.005177,0.04345,0.000017,0.04819,0.019211
ACACCCAGCATGCAGC-1,0.000035,0.010947,0.266244,0.289291,0.000035,0.000035,0.004083,0.415653,0.004125,0.009552
ACACCCGAGAAATCCG-1,0.039034,0.001796,0.20908,0.098216,0.040818,0.008042,0.042122,0.307311,0.20034,0.053242
ACACCCGTAAATCTGT-1,0.462237,0.000038,0.196259,0.094769,0.243502,0.000038,0.000038,0.000038,0.003041,0.000038
ACACCGGTCTGACCGC-1,0.000014,0.002211,0.005515,0.070704,0.181819,0.001851,0.133486,0.284556,0.183362,0.136481
ACACCTTAAGTAGGGC-1,0.009352,0.016678,0.035729,0.09074,0.131654,0.018241,0.085742,0.403761,0.171889,0.036213
ACACCTTACTACTTGC-1,0.33259,0.020277,0.123667,0.271084,0.107936,0.013126,0.037504,0.016142,0.066994,0.01068
ACACGAGACTCCTTCT-1,0.00003,0.384603,0.193212,0.032457,0.016769,0.007344,0.084877,0.171232,0.016008,0.093468
ACACGGCACTATGCAT-1,0.137831,0.420982,0.046772,0.000171,0.000171,0.000171,0.000171,0.127021,0.000171,0.26654
ACACGGGAACTTAGGG-1,0.000051,0.264259,0.590011,0.000051,0.000051,0.000051,0.000352,0.072052,0.008994,0.064127
ACACGTAGGCCACAAG-1,0.139589,0.329074,0.008023,0.318289,0.07479,0.017549,0.049476,0.003068,0.043121,0.017022
ACACTCCAATGTCACT-1,0.033673,0.000067,0.78509,0.000067,0.000067,0.01003,0.000067,0.000067,0.170176,0.000694
ACACTGATCAAGGTGT-1,0.006157,0.080513,0.129917,0.014166,0.050077,0.038153,0.256346,0.342734,0.023849,0.058088
ACACTGGGACAGTCGT-1,0.31115,0.011699,0.004614,0.241736,0.151375,0.243643,0.002558,0.001544,0.012227,0.019454
ACAGAACTGAGAACAA-1,0.225653,0.00003,0.493543,0.004376,0.054694,0.020727,0.000049,0.026734,0.169911,0.004284
ACAGATTAGGTTAGTG-1,0.000026,0.012989,0.004264,0.284541,0.005508,0.017436,0.161568,0.300582,0.08496,0.128125
ACAGCATAGAGCCAGT-1,0.031549,0.011664,0.050119,0.09631,0.000026,0.332867,0.030008,0.355673,0.042477,0.049306
ACAGCGACATTCTCAT-1,0.32644,0.008013,0.000574,0.004017,0.104423,0.423781,0.054159,0.014736,0.058068,0.005789
ACAGCGCACCCGCAGC-1,0.051122,0.208629,0.619079,0.092647,0.000062,0.000062,0.000062,0.024851,0.000062,0.003424
ACAGGCACGGATCCTT-1,0.768909,0.015966,0.214849,0.00004,0.00004,0.00004,0.00004,0.00004,0.00004,0.00004
ACAGGCTTGCCCGACT-1,0.058958,0.262809,0.026411,0.007748,0.228346,0.110743,0.204649,0.065358,0.028379,0.006599
ACAGGTGGAGGTGAGG-1,0.002101,0.057691,0.221281,0.105468,0.000022,0.003264,0.0768,0.490534,0.007593,0.035246
ACAGTAATACAACTTG-1,0.000025,0.018047,0.156645,0.042407,0.037874,0.000025,0.078115,0.058611,0.356789,0.251463
ACAGTATACCGTGGGA-1,0.285111,0.087806,0.082972,0.123545,0.156976,0.157515,0.033938,0.031707,0.016718,0.023713
ACAGTGCAGCGCATTT-1,0.093275,0.047517,0.235739,0.544122,0.000026,0.000026,0.000026,0.044812,0.000026,0.034433
ACATAAGTCGTGGTGA-1,0.000037,0.018115,0.479279,0.000037,0.005243,0.000037,0.000037,0.002952,0.39255,0.101712
ACATAATAAGGCGGTG-1,0.028809,0.007634,0.132722,0.068332,0.012092,0.238656,0.078439,0.316063,0.037227,0.080026
ACATACAATCAAGCGG-1,0.93111,0.002139,0.000033,0.000033,0.000033,0.066522,0.000033,0.000033,0.000033,0.000033
ACATCAGCTGGGACGC-1,0.066734,0.00006,0.905623,0.00006,0.00006,0.00006,0.00006,0.00006,0.02613,0.001154
ACATCCCGGCCATACG-1,0.068503,0.334008,0.283011,0.000631,0.000036,0.118144,0.018704,0.095568,0.008664,0.072733
ACATCCTGGTAACTGT-1,0.04417,0.312932,0.037335,0.024974,0.160994,0.038389,0.24511,0.033192,0.063951,0.038953
ACATCGATCGTTTACC-1,0.000048,0.358302,0.566462,0.000048,0.000048,0.012671,0.003902,0.043839,0.006367,0.008311
ACATCGGTCAGCCGCG-1,0.009225,0.031831,0.183605,0.106418,0.099682,0.018447,0.044963,0.448873,0.02415,0.032806
ACATCGTATGCAATGG-1,0.03213,0.616001,0.127986,0.000036,0.000036,0.031583,0.098418,0.032189,0.020775,0.040845
ACATCGTTAACCTAGT-1,0.000031,0.106499,0.063013,0.16002,0.003269,0.016625,0.149042,0.431364,0.00874,0.061396
ACATCTCAACGCGTAA-1,0.085752,0.050113,0.082949,0.161165,0.065852,0.088087,0.014843,0.102314,0.008482,0.340442
ACATGCTTACGGCAGC-1,0.162062,0.000018,0.016816,0.628218,0.074349,0.006309,0.000018,0.000502,0.090258,0.02145
ACATGGCGCCAAAGTA-1,0.031729,0.169606,0.057943,0.005312,0.191498,0.290169,0.144147,0.029905,0.03583,0.04386
ACATTAGTTTATATCC-1,0.057466,0.008989,0.224646,0.000032,0.061023,0.234557,0.03869,0.141875,0.061834,0.170888
ACATTCGCGCGGAATA-1,0.014534,0.004588,0.001655,0.598631,0.11424,0.100844,0.000556,0.019555,0.002722,0.142674
ACATTTGAAACCTAAC-1,0.408905,0.000037,0.000037,0.000037,0.590796,0.000037,0.000037,0.000037,0.000037,0.000037
ACCAAACACCCAGCGA-1,0.127765,0.091899,0.006644,0.23071,0.138895,0.233646,0.084932,0.014621,0.046556,0.024333
ACCAAACTAGAAATCC-1,0.015754,0.111411,0.177031,0.248975,0.00128,0.018901,0.007084,0.113834,0.004772,0.30096
ACCAACACCACACACT-1,0.05143,0.040238,0.150296,0.133966,0.259226,0.017936,0.14513,0.070289,0.093215,0.038275
ACCAACCGCACTCCAC-1,0.73799,0.015457,0.011816,0.027541,0.071871,0.086844,0.017843,0.007049,0.018433,0.005156
ACCAACGCTTATTTAT-1,0.053446,0.061117,0.05801,0.031726,0.126529,0.291227,0.184927,0.111218,0.035171,0.046629
ACCAAGAACGCGTGTC-1,0.028957,0.137048,0.185936,0.01104,0.006123,0.09362,0.00383,0.129841,0.000038,0.403566
ACCAAGTCATCGGCAG-1,0.180017,0.211836,0.02417,0.2718,0.165476,0.020966,0.025677,0.001522,0.080817,0.017719
ACCAATATGCAAGTTA-1,0.282142,0.333961,0.061955,0.018484,0.000046,0.116902,0.09052,0.083577,0.012367,0.000046
ACCACAACTCAGAACA-1,0.021712,0.07591,0.237707,0.049923,0.000033,0.14703,0.01435,0.134128,0.001258,0.31795
ACCACAAGTTTCTATC-1,0.000051,0.268658,0.239758,0.008782,0.000051,0.015412,0.024867,0.124247,0.000051,0.318122
ACCACACGGTTGATGG-1,0.847014,0.152481,0.000069,0.000062,0.000062,0.000062,0.000062,0.000062,0.000062,0.000062
ACCACCAATGTAACAA-1,0.066944,0.019707,0.021584,0.149104,0.236173,0.002152,0.374076,0.01945,0.110131,0.000679
ACCACCCTCTCTTCTA-1,0.059426,0.394577,0.017597,0.316395,0.135131,0.007632,0.000711,0.000017,0.025195,0.043318
ACCACGTGCAGCTATA-1,0.759453,0.00013,0.171765,0.00013,0.067874,0.00013,0.00013,0.00013,0.00013,0.00013
ACCAGACCATAACAAC-1,0.170089,0.000055,0.731633,0.000055,0.000055,0.000055,0.005498,0.000055,0.092451,0.000055
ACCAGCCCGGTCTTTG-1,0.000019,0.000019,0.000019,0.327501,0.011669,0.028172,0.029025,0.457303,0.014887,0.131387
ACCAGGAGTGTGATCT-1,0.017606,0.003156,0.009595,0.143128,0.03115,0.023565,0.124422,0.351962,0.217536,0.07788
ACCAGTGCCCGGTCAA-1,0.079815,0.060241,0.008114,0.29083,0.099006,0.03526,0.034499,0.105764,0.000043,0.286427
ACCAGTGCGGGAGACG-1,0.123181,0.042582,0.125991,0.036526,0.08812,0.059624,0.357364,0.036736,0.127125,0.00275
