Barcode,Topic 1to7,Topic 8,Topic 9,Topic 10to11
AAACAAGTATCTCCCA-1,0.98742,0.000009,0.001566,0.011006
AAACACCAATAACTGC-1,0.128864,0.871072,0.000021,0.000042
AAACAGAGCGACTCCT-1,0.769751,0.029604,0.193029,0.007616
AAACAGCTTTCAGAAG-1,0.15993,0.509292,0.229169,0.101609
AAACAGGGTCTATATT-1,0.477011,0.139798,0.112549,0.270643
AAACAGTGTTCCTGGG-1,0.845712,0.00412,0.000017,0.150152
AAACATGGTGAGAGGA-1,0.549537,0.22886,0.154119,0.067483
AAACATTTCCCGGATT-1,0.20236,0.000032,0.000032,0.797576
AAACCACTACACAGAT-1,0.588902,0.007142,0.00529,0.398666
AAACCCGAACGAAATC-1,0.460857,0.000033,0.224205,0.314905
AAACCGGAAATGTTAA-1,0.511935,0.005659,0.091501,0.390905
AAACCGGGTAGGTACC-1,0.916588,0.02562,0.033719,0.024074
AAACCGTTCGTCCAGG-1,0.773331,0.000011,0.007692,0.218966
AAACCTAAGCAGCCGG-1,0.610034,0.016331,0.000012,0.373623
AAACCTCATGAAGTTG-1,0.000362,0.047397,0.2483,0.703941
AAACGAAGAACATACC-1,0.061249,0.023573,0.732966,0.182212
AAACGAAGATGGAGTA-1,0.000187,0.931194,0.067096,0.001523
AAACGACAGTCTTGCC-1,0.361779,0.120257,0.000033,0.517931
AAACGAGACGGTTGAT-1,0.610113,0.012437,0.16914,0.20831
AAACGCCCGAGATCGG-1,0.01921,0.000045,0.299654,0.681091
AAACGGGCGTACGGGT-1,0.154123,0.145447,0.000022,0.700408
AAACGGTTGCGAACTG-1,0.802201,0.000014,0.000014,0.197771
AAACGTGTTCGCCCTA-1,0.087504,0.27837,0.000039,0.634087
AAACTAACGTGGCGAC-1,0.710105,0.000023,0.001798,0.288073
AAACTCGGTTCGCAAT-1,0.00019,0.001029,0.014891,0.98389
AAACTCGTGATATAAG-1,0.000642,0.053015,0.351612,0.594732
AAACTGCTGGCTCCAA-1,0.834646,0.016559,0.005205,0.14359
AAACTTAATTGCACGC-1,0.415826,0.178949,0.054438,0.350787
AAACTTGCAAACGTAT-1,0.822096,0.013971,0.02379,0.140143
AAAGAATGACCTTAGA-1,0.35884,0.294717,0.292481,0.053962
AAAGAATGTGGACTAA-1,0.387623,0.06499,0.086241,0.461147
AAAGACATGAAGTTTA-1,0.059211,0.000044,0.245413,0.695332
AAAGACCCAAGTCGCG-1,0.282794,0.07802,0.380566,0.25862
AAAGACTGGGCGCTTT-1,0.674763,0.291938,0.004258,0.029042
AAAGCTTGCCTACATA-1,0.068945,0.266239,0.216028,0.448787
AAAGGCCCTATAATAC-1,0.703513,0.018953,0.040358,0.237176
AAAGGCTACGGACCAT-1,0.451469,0.119689,0.057388,0.371454
AAAGGCTCTCGCGCCG-1,0.342707,0.007146,0.034893,0.615254
AAAGGGATGTAGCAAG-1,0.57105,0.000029,0.428376,0.000545
AAAGGGCAGCTTGAAT-1,0.804576,0.093915,0.039935,0.061574
AAAGGTAAGCTGTACC-1,0.867881,0.068179,0.01717,0.046771
AAAGGTCAACGACATG-1,0.119574,0.000042,0.090867,0.789517
AAAGTAGCATTGCTCA-1,0.983631,0.005595,0.01076,0.000014
AAAGTCACTGATGTAA-1,0.311896,0.046289,0.570864,0.070951
AAAGTCGACCCTCAGT-1,0.017435,0.432343,0.213618,0.336604
AAAGTGTGATTTATCT-1,0.187153,0.000034,0.001056,0.811756
AAAGTTGACTCCCGTA-1,0.78038,0.000018,0.013427,0.206175
AAATAACCATACGGGA-1,0.932114,0.000013,0.067848,0.000025
AAATAAGGTAGTGCCC-1,0.49634,0.364001,0.00008,0.139579
AAATACCTATAAGCAT-1,0.568774,0.128574,0.146014,0.156638
AAATAGCTTAGACTTT-1,0.000341,0.165171,0.536546,0.297942
AAATAGGGTGCTATTG-1,0.072962,0.054559,0.006009,0.86647
AAATCACTCCTAAACG-1,0.000502,0.000072,0.005653,0.993774
AAATCCGATACACGCC-1,0.06232,0.07642,0.000024,0.861236
AAATCGCGGAAGGAGT-1,0.000281,0.63147,0.145605,0.222643
AAATCGTGTACCACAA-1,0.639121,0.004397,0.014743,0.341738
AAATCTAGCCCTGCTA-1,0.343651,0.066212,0.119784,0.470352
AAATGACTGATCAAAC-1,0.384895,0.000017,0.032174,0.582914
AAATGATTCGATCAGC-1,0.666596,0.000029,0.047386,0.285989
AAATGGCATGTCTTGT-1,0.306353,0.001613,0.506709,0.185325
AAATGGCCCGTGCCCT-1,0.681019,0.221056,0.035588,0.062337
AAATGGTCAATGTGCC-1,0.955976,0.020242,0.022567,0.001215
AAATTAACGGGTAGCT-1,0.955289,0.000013,0.001697,0.043001
AAATTAATAAGCGCGA-1,0.810992,0.084699,0.022755,0.081554
AAATTACACGACTCTG-1,0.880351,0.001602,0.070223,0.047824
AAATTACCTATCGATG-1,0.001109,0.477371,0.0769,0.44462
AAATTCCAGGTCCAAA-1,0.353393,0.123126,0.472178,0.051303
AAATTGATAGTCCTTT-1,0.309115,0.016348,0.058614,0.615923
AAATTGGTGAGAAGCA-1,0.949263,0.013039,0.037676,0.000023
AAATTTACCGAAATCC-1,0.023644,0.00003,0.535356,0.440969
AAATTTGCGGGTGTGG-1,0.689334,0.001353,0.00001,0.309303
AACAACTGGTAGTTGC-1,0.000332,0.179712,0.448433,0.371523
AACAATACATTGTCGA-1,0.69496,0.003897,0.002341,0.298803
AACAATTACTCTACGC-1,0.009331,0.36521,0.218299,0.407161
AACACACGCTCGCCGC-1,0.644475,0.10611,0.10557,0.143846
AACACGACTGTACTGA-1,0.011391,0.130779,0.671121,0.18671
AACACGAGACGCGGCC-1,0.883746,0.051127,0.03765,0.027476
AACACGCGGCCGCGAA-1,0.825707,0.029793,0.138935,0.005565
AACAGCTGTGTGGCAA-1,0.221652,0.00012,0.00012,0.778108
AACAGGAAATCGAATA-1,0.010694,0.065462,0.645795,0.27805
AACAGGATGGGCCGCG-1,0.000285,0.089647,0.423611,0.486457
AACAGGTAGTATGGAT-1,0.699896,0.000022,0.009362,0.29072
AACATAGCGTGTATCG-1,0.322117,0.006448,0.126926,0.544509
AACATATCAACTGGTG-1,0.315411,0.15064,0.077989,0.455959
AACATCGATACGTCTA-1,0.42417,0.123283,0.242927,0.209619
AACATTGAAGTTGATC-1,0.999943,0.000014,0.000014,0.000028
AACATTGTGACTCGAG-1,0.235616,0.041707,0.018608,0.704069
AACCAAGACTTCTCTG-1,0.730531,0.069465,0.106313,0.09369
AACCAGTATCACTCTT-1,0.316012,0.000033,0.171093,0.512862
AACCATAGGGTTGAAC-1,0.15648,0.290889,0.246165,0.306467
AACCATGGGATCGCTA-1,0.811086,0.000029,0.186237,0.002648
AACCCAGAGACGGAGA-1,0.806949,0.000044,0.19292,0.000087
AACCCATCCCATGATC-1,0.601253,0.192882,0.000055,0.20581
AACCCGACAACCCGTG-1,0.283967,0.000021,0.001689,0.714324
AACCCGAGCAGAATCG-1,0.407122,0.070281,0.04869,0.473907
AACCCGATAGGGCTTC-1,0.23689,0.000064,0.000064,0.762982
AACCCGCTGTATTCCA-1,0.165311,0.005312,0.206299,0.623077
AACCCTACTGTCAATA-1,0.612753,0.013315,0.220752,0.15318
AACCCTGGTGGAACCA-1,0.993057,0.000009,0.006916,0.000018
AACCGAGCTTGGTCAT-1,0.607678,0.000018,0.392268,0.000036
AACCGCTAAGGGATGC-1,0.435455,0.000026,0.003956,0.560563
AACCGTTGTGTTTGCT-1,0.00051,0.000073,0.601484,0.397933
AACCTAAAGCCGTCCG-1,0.71571,0.000012,0.134788,0.14949
AACCTCGCTTTAGCCC-1,0.205599,0.022959,0.025048,0.746394
AACCTGTCACGGAATT-1,0.000737,0.049736,0.187205,0.762321
AACCTTTAAATACGGT-1,0.40809,0.163822,0.116169,0.311919
AACCTTTACGACGTCT-1,0.531572,0.088048,0.375721,0.004658
AACGAAAGTCGTCCCA-1,0.030534,0.209055,0.287993,0.472419
AACGATAATGCCGTAG-1,0.777696,0.000011,0.007684,0.214609
AACGATAGAAGGGCCG-1,0.546516,0.000023,0.449562,0.0039
AACGATATGTCAACTG-1,0.619846,0.000022,0.376633,0.003499
AACGCATGATCTGGGT-1,0.937503,0.000016,0.00483,0.057652
AACGCGACCTTGGGCG-1,0.220255,0.176842,0.080983,0.52192
AACGCGGTCTCCAGCC-1,0.567359,0.000024,0.432569,0.000048
AACGCTGTTGCTGAAA-1,0.026812,0.000021,0.044533,0.928634
AACGGACGTACGTATA-1,0.61102,0.12397,0.13625,0.12876
AACGGCCATCTCCGGT-1,0.477065,0.210024,0.000019,0.312893
AACGTACTGTGGGTAC-1,0.398826,0.000021,0.000021,0.601131
AACGTCAGACTAGTGG-1,0.652876,0.062628,0.23258,0.051916
AACGTCATCCGGCTTG-1,0.078306,0.082059,0.063248,0.776387
AACGTGATGAAGGACA-1,0.864123,0.000841,0.134513,0.000523
AACGTGCGAAAGTCTC-1,0.52098,0.002087,0.280519,0.196414
AACTACCCGTTTGTCA-1,0.833141,0.00329,0.037894,0.125675
AACTAGGCTTGGGTGT-1,0.676965,0.008348,0.010785,0.303902
AACTCAAGTTAATTGC-1,0.999964,0.000009,0.000009,0.000018
AACTCCAGAGCGTGTT-1,0.890868,0.005847,0.025566,0.077718
AACTCCTAATCCCATG-1,0.652475,0.000024,0.18354,0.163961
AACTCTCAATAGAGCG-1,0.122292,0.165131,0.528429,0.184148
AACTCTCAGTGTGCTC-1,0.34093,0.007068,0.026807,0.625195
AACTGAGGTCAGCGTC-1,0.147128,0.000037,0.304669,0.548166
AACTGAGTTATACTGA-1,0.634909,0.060358,0.162719,0.142014
AACTGATATTAGGCCT-1,0.064111,0.023074,0.523812,0.389004
AACTGGGTCCCGACGT-1,0.482847,0.008019,0.481467,0.027667
AACTGGGTTCGAGCCG-1,0.925334,0.012902,0.054627,0.007137
AACTGGTGTGGGCCTT-1,0.012994,0.15813,0.26282,0.566055
AACTTCTGCGTCTATC-1,0.772008,0.000038,0.215729,0.012225
AACTTGCCCGTATGCA-1,0.000342,0.39615,0.333541,0.269968
AACTTTACGGGAGCTT-1,0.523782,0.377801,0.00006,0.098357
AACTTTCTCGATCATG-1,0.025253,0.083697,0.169661,0.721389
AAGAAAGTTTGATGGG-1,0.553049,0.189677,0.219749,0.037524
AAGAAATCACCAGATT-1,0.889119,0.080263,0.024439,0.006179
AAGAAGGATCAGTTAG-1,0.726322,0.000035,0.27147,0.002173
AAGACATACGTGGTTT-1,0.020843,0.000035,0.000035,0.979087
AAGACCAAATAACTCA-1,0.227084,0.169759,0.375024,0.228133
AAGACCCAACTGAACA-1,0.501523,0.001311,0.003261,0.493906
AAGACTCACGCCCACT-1,0.292697,0.012873,0.158403,0.536027
AAGACTGCAAGCTACT-1,0.730214,0.00089,0.174826,0.09407
AAGAGATGAATCGGTA-1,0.390928,0.359359,0.013029,0.236683
AAGAGCTCTTTATCGG-1,0.999935,0.000016,0.000016,0.000032
AAGAGGATGTACGCGA-1,0.64681,0.009587,0.227096,0.116506
AAGAGGCATGGATCGC-1,0.709626,0.027618,0.187884,0.074872
AAGAGGCCCTTTGGAA-1,0.008194,0.00003,0.170778,0.820998
AAGATGGCACCGGACC-1,0.818502,0.06332,0.087648,0.030529
AAGATTGGCGGAACGT-1,0.133432,0.174825,0.174699,0.517045
AAGCACCCTGCGTATC-1,0.312165,0.066737,0.165992,0.455106
AAGCATACTCTCCTGA-1,0.190889,0.086261,0.158253,0.564597
AAGCCACTTGCAGGTA-1,0.628291,0.000022,0.057839,0.313848
AAGCCGAAGCGGTTTA-1,0.900164,0.058815,0.001365,0.039655
AAGCCGCCGTGAAATC-1,0.856261,0.029369,0.001499,0.112872
AAGCCGCTTTACCTTG-1,0.916634,0.0118,0.000872,0.070694
AAGCGCAGGGCTTTGA-1,0.952884,0.047098,0.000006,0.000012
AAGCGGAGTGCGCGCA-1,0.239105,0.145026,0.012164,0.603705
AAGCGGCGTCATGGGT-1,0.192844,0.000027,0.155635,0.651494
AAGCGTCCCTCATCGA-1,0.297556,0.000028,0.045852,0.656563
AAGCTAGATCGAGTAA-1,0.322442,0.000103,0.077734,0.59972
AAGCTCGTGCCAAGTC-1,0.527795,0.000037,0.161129,0.31104
AAGCTCTTTCATGGTG-1,0.383518,0.00002,0.009705,0.606757
AAGGAGAACTTATAAG-1,0.000526,0.014267,0.614,0.371208
AAGGAGCGGTTGGTGC-1,0.00047,0.000067,0.521509,0.477953
AAGGATCGATCGCTTG-1,0.364318,0.171539,0.441574,0.02257
AAGGATGAGGGACCTC-1,0.574284,0.000018,0.421148,0.00455
AAGGCAGGCTGTCTCC-1,0.64122,0.000115,0.06456,0.294105
AAGGCGCGTAAAGCTT-1,0.684317,0.285934,0.029608,0.00014
AAGGCTGTGCTCATCG-1,0.000507,0.078054,0.457581,0.463858
AAGGGAACGACTGGCT-1,0.968167,0.007139,0.000013,0.024682
AAGGGACAGATTCTGT-1,0.00144,0.355377,0.071619,0.571564
AAGGGACTATGCATTC-1,0.770738,0.096255,0.071949,0.061058
AAGGGTTTGATTTCAG-1,0.454578,0.189987,0.161935,0.1935
AAGGTATCCTAATATA-1,0.592259,0.001596,0.405964,0.000182
AAGGTGATAAACCAGC-1,0.856629,0.040711,0.007793,0.094866
AAGTAGAAGACCGGGT-1,0.709003,0.000032,0.287742,0.003223
AAGTAGTGACGCGAGG-1,0.888902,0.000013,0.016333,0.094751
AAGTCAATTGTCGTCA-1,0.265981,0.073038,0.351093,0.309888
AAGTCTAGTAGCTGCC-1,0.727936,0.052319,0.192064,0.027681
AAGTCTTCTGTGGCCT-1,0.779751,0.165761,0.000025,0.054463
AAGTGACGACCGAATT-1,0.545516,0.00457,0.190248,0.259665
AAGTGAGTCGGGTTTA-1,0.228076,0.000021,0.004043,0.76786
AAGTGCAAAGGTAGAC-1,0.781574,0.120058,0.060865,0.037503
AAGTGCCTTGACTGTA-1,0.767121,0.000018,0.081368,0.151493
AAGTGCGTTAGAATCT-1,0.952763,0.006859,0.03395,0.006428
AAGTGCTTCTCTATTG-1,0.976205,0.000011,0.000011,0.023773
AAGTGTTTGGAGACGG-1,0.305086,0.000026,0.000026,0.694861
AAGTTCACTCCAAGCT-1,0.733051,0.040435,0.007567,0.218947
AAGTTCAGTCTGCGTA-1,0.871063,0.000016,0.082698,0.046223
AAGTTCGGCCAACAGG-1,0.376458,0.000023,0.180434,0.443085
AAGTTGTGATGTTATA-1,0.215462,0.020284,0.079885,0.684369
AAGTTTACTAATGGCA-1,0.000371,0.090961,0.860072,0.048596
AAGTTTATGGGCCCAA-1,0.074548,0.001374,0.000027,0.924051
AATAACAACGCTCGGC-1,0.858624,0.044263,0.082617,0.014495
AATAACACTAGAACAA-1,0.658958,0.009659,0.123117,0.208266
AATAAGTCCTCGAGAC-1,0.938877,0.000015,0.027309,0.033799
AATAATCTTCGTATCG-1,0.471467,0.000027,0.060011,0.468495
AATACAATGTTTCAGG-1,0.797747,0.028184,0.132668,0.0414
AATACCGGAGGGCTGT-1,0.695588,0.04324,0.026926,0.234246
AATAGAACAGAGTGGC-1,0.507801,0.124115,0.183432,0.184652
AATAGAATCTGTTTCA-1,0.528358,0.146821,0.039478,0.285344
AATAGCAAGCCTCCTG-1,0.405144,0.000042,0.1288,0.466014
AATAGCTACCGCGTGC-1,0.986424,0.000013,0.010704,0.002859
AATAGGCACGACCCTT-1,0.9726,0.000012,0.000012,0.027375
AATAGTCCGTCCCGAC-1,0.119053,0.00004,0.00004,0.880867
AATATCAAGGTCGGAT-1,0.702815,0.120574,0.136965,0.039646
AATATCGAATCAATGC-1,0.781884,0.046449,0.120007,0.05166
AATATCGAGGGTTCTC-1,0.118734,0.286581,0.000214,0.594471
AATATTGGAGTATTGA-1,0.285699,0.057865,0.218502,0.437934
AATCAGGTTTCATTTA-1,0.745633,0.038725,0.033685,0.181957
AATCATGTAAAGACTC-1,0.107396,0.128596,0.227963,0.536044
AATCCAAGGGCCTGAG-1,0.655273,0.019376,0.325295,0.000056
AATCCCGCTCAGAGCC-1,0.255796,0.004727,0.055662,0.683816
AATCGAGGTCTCAAGG-1,0.663742,0.05944,0.007296,0.269522
AATCGCCTCAGCGCCA-1,0.713317,0.045192,0.073615,0.167876
AATCGCGCAGAGGACT-1,0.931658,0.02635,0.027719,0.014273
AATCGGGACACTACGA-1,0.000429,0.047528,0.67796,0.274082
AATCGGTATAGCCCTC-1,0.233974,0.016743,0.085138,0.664145
AATCGTGAGCCGAGCA-1,0.360289,0.291774,0.157406,0.190531
AATCTAGGTTTACTTG-1,0.797286,0.161389,0.040875,0.00045
AATCTATGCCGGAGCC-1,0.000883,0.057923,0.021173,0.920021
AATCTCTACTGTGGTT-1,0.401599,0.371329,0.022392,0.20468
AATCTGCGTTGGGACG-1,0.001203,0.273594,0.074891,0.650312
AATCTGGCTTTCTAGT-1,0.765192,0.0054,0.000025,0.229383
AATCTGGGTAGACCCT-1,0.754937,0.012762,0.093915,0.138387
AATGACAGCAATGTCT-1,0.9992,0.000007,0.00078,0.000013
AATGACGTAGGATGTC-1,0.55819,0.00002,0.109583,0.332208
AATGACTGTCAGCCGG-1,0.755733,0.001305,0.241026,0.001937
AATGATGATACGCTAT-1,0.000916,0.031966,0.214732,0.752386
AATGATGCGACTCCTG-1,0.000656,0.161105,0.333573,0.504665
AATGCAACCGGGTACC-1,0.56196,0.000034,0.39975,0.038256
AATGCACCAAGCAATG-1,0.881868,0.000016,0.086471,0.031645
AATGGCCGCCAATGCG-1,0.00041,0.000059,0.045319,0.954213
AATGGTCCACCGTTCA-1,0.086602,0.913276,0.000041,0.000081
AATGGTTCTCACAAGC-1,0.817728,0.100265,0.081795,0.000212
AATGTATGGCACTGTA-1,0.000247,0.506078,0.196997,0.296678
AATGTGCCCGAGGTGT-1,0.859411,0.111418,0.017618,0.011554
AATGTGCTAATCTGAG-1,0.642291,0.000025,0.000025,0.357659
AATGTTAAGACCCTGA-1,0.66461,0.009746,0.000013,0.325631
AATGTTGTCGTGAGAC-1,0.709437,0.01929,0.002463,0.268811
AATTAAAGGTCGGCGT-1,0.895916,0.000016,0.0241,0.079969
AATTAACGGATTTCCA-1,0.67529,0.136345,0.02514,0.163224
AATTACGAGACCCATC-1,0.048849,0.944052,0.007056,0.000043
AATTAGCGCTGCAGCG-1,0.729152,0.000012,0.002491,0.268344
AATTCATAAGGGATCT-1,0.000903,0.000129,0.178626,0.820342
AATTCATTGTCATGCA-1,0.000239,0.999658,0.000034,0.000068
AATTCCAAGCATGTAC-1,0.63376,0.060181,0.000016,0.306042
AATTCGATTCGAGGAT-1,0.437578,0.249156,0.003318,0.309948
AATTCTAGAGTTAGGC-1,0.787617,0.000017,0.000687,0.21168
AATTGAACGCTCTGGT-1,0.696936,0.051997,0.000369,0.250698
AATTGCAGCAATCGAC-1,0.076093,0.368024,0.000035,0.555848
AATTGCGTGGATTACA-1,0.250811,0.461525,0.124093,0.163571
AATTGTGGTTGCCAAA-1,0.080457,0.000565,0.000032,0.918947
AATTTGGGACATAGTA-1,0.950027,0.000015,0.028402,0.021556
AATTTGGTTCCAAAGA-1,0.2029,0.000045,0.572581,0.224474
ACAAACCATGCGTCCT-1,0.865107,0.038858,0.000014,0.096021
ACAAACCGACAAGGCG-1,0.763234,0.000013,0.099646,0.137107
ACAAACTCCATCAGAG-1,0.434032,0.052235,0.138555,0.375179
ACAAAGAAGGTAGGCC-1,0.266403,0.161493,0.321502,0.250603
ACAAAGCATGACCTAG-1,0.278038,0.069476,0.000028,0.652457
ACAAATCGCACCGAAT-1,0.132345,0.000019,0.016133,0.851502
ACAAATGGTAGTGTTT-1,0.570803,0.085469,0.027358,0.31637
ACAAATTCAGATCTGA-1,0.230924,0.000031,0.219932,0.549113
ACAACAGCATGAGCTA-1,0.000557,0.00008,0.610619,0.388744
ACAACGGTCCCTGCGA-1,0.621784,0.129787,0.127739,0.12069
ACAAGCAGTGCCTAGC-1,0.000415,0.21024,0.257001,0.532344
ACAAGGAAATCCGCCC-1,0.242202,0.044852,0.081207,0.631739
ACAAGGACAAGAGGTT-1,0.000383,0.060474,0.311926,0.627217
ACAAGGATGCTTTAGG-1,0.006972,0.000028,0.000897,0.992103
ACAAGGCCTACCAGCC-1,0.903303,0.01602,0.058436,0.022242
ACAAGGGCAGGCTCTG-1,0.987377,0.000007,0.000007,0.012608
ACAAGTAATTGTAAGG-1,0.235118,0.140654,0.177036,0.447192
ACAATAGTCGTACGTT-1,0.814454,0.036426,0.012964,0.136157
ACAATCCATTTAAACC-1,0.608907,0.142946,0.228236,0.019911
ACAATGAATACGGAGA-1,0.638147,0.019589,0.000942,0.341322
ACAATGATTCTTCTAC-1,0.4772,0.000035,0.055303,0.467463
ACAATTGTGTCTCTTT-1,0.201729,0.058328,0.278618,0.461326
ACAATTTAGGAGGCTC-1,0.443448,0.556294,0.000086,0.000172
ACAATTTGAGCAGTGG-1,0.584065,0.000022,0.415868,0.000045
ACAATTTGGCCATATT-1,0.981014,0.012374,0.006579,0.000034
ACACAAAGACGGGTGG-1,0.61456,0.003168,0.368559,0.013714
ACACAAATATTCCTAG-1,0.276487,0.178426,0.000036,0.545051
ACACACCAGGACCAGT-1,0.707629,0.001306,0.122833,0.168232
ACACACTTTCTACACG-1,0.041505,0.173438,0.695074,0.089983
ACACATGATCAAATCT-1,0.891175,0.000022,0.003688,0.105115
ACACATTTCCGTAGAC-1,0.530598,0.015765,0.035335,0.418301
ACACCACATAATTAGC-1,0.189385,0.810262,0.000118,0.000235
ACACCCAGCATGCAGC-1,0.600716,0.157529,0.241585,0.000169
ACACCCGAGAAATCCG-1,0.780018,0.018805,0.152303,0.048874
ACACCCGTAAATCTGT-1,0.01587,0.000084,0.000084,0.983962
ACACCGGTCTGACCGC-1,0.84705,0.106293,0.002951,0.043706
ACACCTTAAGTAGGGC-1,0.384601,0.337503,0.038251,0.239645
ACACCTTACTACTTGC-1,0.928635,0.06311,0.008131,0.000123
ACACGAGACTCCTTCT-1,0.281482,0.244453,0.099488,0.374577
ACACGGCACTATGCAT-1,0.69293,0.041662,0.262229,0.003179
ACACGGGAACTTAGGG-1,0.511453,0.052358,0.363582,0.072607
ACACGTAGGCCACAAG-1,0.345993,0.000023,0.02773,0.626254
ACACTGATCAAGGTGT-1,0.776532,0.001718,0.074297,0.147453
ACACTGGGACAGTCGT-1,0.099832,0.000027,0.10702,0.793121
ACAGAACTGAGAACAA-1,0.719941,0.112403,0.000062,0.167594
ACAGATTAGGTTAGTG-1,0.031857,0.024088,0.753408,0.190647
ACAGCATAGAGCCAGT-1,0.000364,0.157002,0.677466,0.165168
ACAGCGACATTCTCAT-1,0.462653,0.037237,0.08698,0.41313
ACAGCGCACCCGCAGC-1,0.728812,0.000028,0.073019,0.198141
ACAGGCACGGATCCTT-1,0.008598,0.000044,0.000044,0.991314
ACAGGCTTGCCCGACT-1,0.255282,0.098002,0.000025,0.646691
ACAGGTGGAGGTGAGG-1,0.449406,0.000021,0.009005,0.541567
ACAGTAATACAACTTG-1,0.542843,0.046571,0.145592,0.264994
ACAGTATACCGTGGGA-1,0.813495,0.000021,0.005885,0.180599
ACAGTGCAGCGCATTT-1,0.173888,0.027368,0.006852,0.791892
ACATAAGTCGTGGTGA-1,0.232358,0.077393,0.202047,0.488203
ACATAATAAGGCGGTG-1,0.579859,0.000023,0.420071,0.000046
ACATCAGCTGGGACGC-1,0.693896,0.289599,0.003651,0.012854
ACATCCCGGCCATACG-1,0.87111,0.024008,0.011607,0.093275
ACATCCTGGTAACTGT-1,0.999965,0.000009,0.000009,0.000018
ACATCGATCGTTTACC-1,0.507263,0.059947,0.207619,0.225171
ACATCGCAATATTCGG-1,0.830976,0.000018,0.018331,0.150675
ACATCGGTCAGCCGCG-1,0.958135,0.00618,0.035663,0.000022
ACATCGTATGCAATGG-1,0.683172,0.059709,0.081467,0.175652
ACATCGTTAACCTAGT-1,0.990826,0.000011,0.00914,0.000022
ACATCTCAACGCGTAA-1,0.887773,0.024377,0.067168,0.020682
ACATGCTTACGGCAGC-1,0.126507,0.376381,0.374426,0.122686
ACATGGCGCCAAAGTA-1,0.812845,0.025493,0.002089,0.159574
ACATTAGTTTATATCC-1,0.029894,0.016427,0.248581,0.705097
ACATTCGCGCGGAATA-1,0.779904,0.111466,0.075136,0.033494
ACCAAACACCCAGCGA-1,0.724996,0.054161,0.14623,0.074614
ACCAAACTAGAAATCC-1,0.073039,0.00795,0.541398,0.377613
ACCAACACCACACACT-1,0.909868,0.03747,0.02924,0.023422
ACCAACCGCACTCCAC-1,0.357206,0.006592,0.009149,0.627053
ACCAACGCTTATTTAT-1,0.593972,0.042344,0.112631,0.251053
ACCAAGAACGCGTGTC-1,0.731364,0.0024,0.265695,0.000541
ACCAAGTCATCGGCAG-1,0.056146,0.000051,0.033912,0.909892
ACCAATATGCAAGTTA-1,0.044414,0.23141,0.16196,0.562216
ACCACAACTCAGAACA-1,0.836109,0.000009,0.155937,0.007946
ACCACAAGTTTCTATC-1,0.164927,0.093614,0.298816,0.442643
ACCACACGGTTGATGG-1,0.229163,0.003947,0.202104,0.564785
ACCACCAATGTAACAA-1,0.698364,0.000022,0.148241,0.153373
ACCACCCTCTCTTCTA-1,0.000436,0.078356,0.236621,0.684587
ACCACGTGCAGCTATA-1,0.47002,0.087945,0.054721,0.387314
ACCAGACCATAACAAC-1,0.826807,0.162719,0.003231,0.007244
ACCAGCCCGGTCTTTG-1,0.932435,0.000012,0.061699,0.005854
ACCAGTGCCCGGTCAA-1,0.433117,0.000024,0.209487,0.357372
ACCAGTGCGGGAGACG-1,0.709751,0.002114,0.099939,0.188196
ACCATATCCGCAATAA-1,0.447902,0.000031,0.299359,0.252709
ACCATCCGCCAACTAG-1,0.010511,0.161593,0.359541,0.468356
ACCATCGTATATGGTA-1,0.569216,0.000039,0.00221,0.428536
ACCCAACGCCCGTGGC-1,0.590689,0.032856,0.363609,0.012846
ACCCACCTACATGCTC-1,0.809667,0.153124,0.027964,0.009245
ACCCATCTTGAGGGTA-1,0.520149,0.105259,0.34875,0.025842
ACCCATTTGTCCCTCT-1,0.511596,0.013013,0.006427,0.468963
ACCCGAGCGAAATTAC-1,0.068408,0.337906,0.373187,0.220499
ACCCGATTGGTTCCGA-1,0.677289,0.076951,0.022427,0.223333
ACCCGGAAACTCCCAG-1,0.027914,0.000019,0.140804,0.831263
ACCCGGAGCACCACAA-1,0.384051,0.000016,0.035196,0.580737
ACCCGGATGACGCATC-1,0.992981,0.000012,0.006555,0.000452
ACCCGGTTACACTTCC-1,0.621277,0.002796,0.200972,0.174955
ACCCGTAGCAGAGAAT-1,0.500971,0.153925,0.335676,0.009428
ACCCGTGTCATCAGTA-1,0.552998,0.038689,0.019371,0.388941
ACCCTATGCCATATCG-1,0.758426,0.004635,0.092339,0.144599
ACCCTCCCGTCAGGGC-1,0.0517,0.000037,0.004776,0.943487
ACCCTCCCTTGCTATT-1,0.434018,0.006304,0.000018,0.55966
ACCCTGGTAACGCCCT-1,0.927914,0.030052,0.04147,0.000563
ACCCTTCATCTGCGAA-1,0.000544,0.05703,0.435615,0.506811
ACCCTTGCCTGGGTCG-1,0.806723,0.002456,0.123491,0.06733
ACCCTTTAGTTCTCCA-1,0.833782,0.000019,0.113909,0.052289
ACCGAAAGGGCCCTGC-1,0.00062,0.16614,0.556991,0.27625
ACCGAAGAGTCTGGTT-1,0.88686,0.076139,0.000016,0.036985
ACCGACACATCTCCCA-1,0.37313,0.054083,0.021307,0.551479
ACCGACTGAGTCCCAC-1,0.121084,0.101819,0.143424,0.633673
ACCGAGTCTCCTTATT-1,0.468565,0.06974,0.000022,0.461674
ACCGATAGGCATAACC-1,0.411193,0.005373,0.041422,0.542012
ACCGATATTTAATCAT-1,0.234206,0.000053,0.000053,0.765687
ACCGATGGTAGCATCG-1,0.309979,0.000049,0.466116,0.223856
ACCGCAATAACTGCCT-1,0.677703,0.014345,0.047026,0.260927
ACCGCGGTGGAAGTCG-1,0.380882,0.047443,0.321512,0.250163
ACCGCTAGTCATTGGT-1,0.589792,0.073062,0.043809,0.293338
ACCGGGCCTTTGTTGA-1,0.473843,0.068582,0.000026,0.457548
ACCGGTCAGGTACACC-1,0.981118,0.008292,0.000011,0.010579
ACCGGTCTGAGTACGG-1,0.804313,0.030088,0.008082,0.157517
ACCGTCCACTGGGCCC-1,0.239308,0.362601,0.048374,0.349717
ACCGTGACCACGTGGG-1,0.76229,0.057836,0.088103,0.091771
ACCGTTCCCGCTCTGA-1,0.255986,0.004161,0.583911,0.155942
ACCTAAGTACCTTTCA-1,0.406031,0.024947,0.004405,0.564617
ACCTAATCGACTTCCT-1,0.686379,0.065068,0.007789,0.240764
ACCTACAGTATGTGGT-1,0.921388,0.033241,0.010322,0.035049
ACCTACTATAAATCTA-1,0.454075,0.190413,0.000019,0.355492
ACCTCCGCCCTCGCTG-1,0.44416,0.114346,0.000019,0.441475
ACCTCCGTTATTCACC-1,0.188323,0.335072,0.217547,0.259058
ACCTCGAACTTATGCT-1,0.906058,0.093915,0.000009,0.000018
ACCTGCGTGTCATGTT-1,0.733963,0.004836,0.10223,0.158971
ACGAAATGGGCGGCAC-1,0.070867,0.094918,0.105555,0.72866
ACGACTCTAGGGCCGA-1,0.001262,0.189014,0.148723,0.661
ACGACTGGTCATACTC-1,0.464788,0.000024,0.000024,0.535164
ACGAGAACCCATCACG-1,0.805974,0.000023,0.192497,0.001505
ACGAGATATTTGCTTA-1,0.878573,0.000014,0.109229,0.012185
ACGAGGATACCACTCT-1,0.538163,0.041277,0.242653,0.177907
ACGAGGTTTACAACGT-1,0.542532,0.264304,0.000072,0.193091
ACGAGTACGGATGCCC-1,0.259727,0.4055,0.164596,0.170177
ACGATACATAGAACTA-1,0.000812,0.227682,0.270291,0.501216
ACGATCATACATAGAG-1,0.521759,0.000041,0.478119,0.000081
ACGATCATCTTGTAAA-1,0.000397,0.351203,0.623122,0.025278
ACGATGCATATGTTAT-1,0.893095,0.000015,0.083143,0.023747
ACGATGGATCCGATGC-1,0.728658,0.026756,0.231335,0.013251
ACGCAAACTAATAGAT-1,0.699092,0.010451,0.024657,0.265801
ACGCAATCACTACAGC-1,0.000671,0.000096,0.077082,0.922151
ACGCATAAATGACATG-1,0.440441,0.000033,0.065165,0.494361
ACGCATACGTTTACTA-1,0.329645,0.02016,0.253656,0.396539
ACGCATTCGTGAGTAC-1,0.905514,0.000022,0.015164,0.0793
ACGCCACTCGAAACAG-1,0.582417,0.050051,0.136112,0.23142
ACGCCAGATGATTTCT-1,0.275763,0.000048,0.56671,0.157479
ACGCCAGTGCGTTTGC-1,0.297147,0.217312,0.002918,0.482623
ACGCCCAGCTGTCGAT-1,0.883914,0.015676,0.027435,0.072975
ACGCCGCTAGACGACC-1,0.231409,0.011687,0.381031,0.375873
ACGCGAAGTCAGACGA-1,0.661586,0.06973,0.108443,0.160241
ACGCGCTACACAGGGT-1,0.352904,0.037293,0.052413,0.55739
ACGCGGGCCAAGGACA-1,0.569289,0.066625,0.263829,0.100258
ACGCGTTTCTTAAGAG-1,0.744521,0.227289,0.014603,0.013587
ACGCTAGTATCAGTGC-1,0.173295,0.1496,0.003823,0.673282
ACGCTAGTGATACACT-1,0.234114,0.249466,0.157632,0.358787
ACGCTGTGAGGCGTAG-1,0.032358,0.287933,0.41836,0.261348
ACGCTTAGTGTCTCTC-1,0.963705,0.000012,0.026988,0.009295
ACGGAATTTAGCAAAT-1,0.7472,0.004147,0.248586,0.000067
ACGGACGCAGCGACAA-1,0.000315,0.063748,0.41727,0.518667
ACGGACTCTCAAAGCG-1,0.793566,0.077408,0.00033,0.128696
ACGGAGCGCAAATTAC-1,0.963119,0.000023,0.036837,0.000022
ACGGATGGTGCGGATA-1,0.357116,0.000139,0.041227,0.601518
ACGGCACTTGCTTGGG-1,0.021189,0.000028,0.000028,0.978755
ACGGCCAACATGGACT-1,0.258052,0.000018,0.006587,0.735343
ACGGCGACGATGGGAA-1,0.307358,0.00003,0.025921,0.666691
ACGGCGGGTTGCCCTG-1,0.787599,0.000042,0.150921,0.061438
ACGGCTGGATGTAGAA-1,0.457751,0.128596,0.116402,0.297251
ACGGGAGTGTCGGCCC-1,0.784318,0.000017,0.041249,0.174416
ACGGGCGTATGCGACA-1,0.000616,0.100916,0.295384,0.603084
ACGGTACAGTTCAATG-1,0.000198,0.057477,0.038769,0.903556
ACGGTCACCGAGAACA-1,0.000232,0.358681,0.385525,0.255562
ACGTACAGATTTCTCT-1,0.225256,0.008369,0.718621,0.047753
ACGTACTTTGGCACGG-1,0.869808,0.017226,0.00386,0.109106
ACGTAGATTGCTGATG-1,0.000406,0.000058,0.38146,0.618076
ACGTAGGAGAGTCGCT-1,0.228381,0.143388,0.000028,0.628203
ACGTATTACTCCGATC-1,0.847025,0.119712,0.03324,0.000023
ACGTCTCGTTCCGGGA-1,0.051591,0.3685,0.090252,0.489657
ACGTGACAAAGTAAGT-1,0.000566,0.204612,0.210777,0.584045
ACGTGCGCCTCGTGCA-1,0.215049,0.105937,0.419769,0.259245
ACGTGGTCGAATGTGC-1,0.587557,0.000017,0.2208,0.191626
ACGTTAATGTCGAAGA-1,0.76407,0.00003,0.034541,0.201358
ACGTTAGATTTGCCCG-1,0.822555,0.062201,0.091673,0.023572
ACGTTATTGGTCACTC-1,0.781868,0.00999,0.136739,0.071404
ACGTTCACTATGCCGC-1,0.21744,0.000947,0.218305,0.563308
ACGTTCCGCGCTCCGT-1,0.000533,0.110689,0.43304,0.455737
ACGTTCGCAATCAATT-1,0.35895,0.268714,0.143534,0.228802
ACGTTCGTTCAGGAAA-1,0.33947,0.001447,0.209675,0.449407
ACGTTCTGTACAAGTC-1,0.191308,0.000029,0.000029,0.808633
ACGTTGTCGTTGAAAG-1,0.861873,0.000011,0.083043,0.055073
ACGTTTAGTTGTGATC-1,0.000574,0.000082,0.685454,0.31389
ACTAAGGACGCACACC-1,0.345452,0.000038,0.000038,0.654472
ACTAATACGTCAGGCG-1,0.654653,0.0399,0.078752,0.226695
ACTACAAAGAGAGGTG-1,0.000201,0.000029,0.010798,0.988973
ACTACATCCCGACAAG-1,0.819367,0.125898,0.000017,0.054718
ACTACCAGCTCTCTGG-1,0.400826,0.267456,0.256104,0.075615
ACTACCATCCGAGGGC-1,0.959566,0.006729,0.0088,0.024904
ACTACGCGTTAGAATT-1,0.531693,0.036452,0.169412,0.262442
ACTAGTTGCGATCGTC-1,0.028601,0.325116,0.024957,0.621327
ACTATATGCTGTGTTC-1,0.602082,0.000029,0.033708,0.364181
ACTATCCAGGGCATGG-1,0.000476,0.000068,0.432455,0.567
ACTATCTGCCCGCGTA-1,0.948518,0.004139,0.001371,0.045972
ACTATGTCCAGCTGCC-1,0.910425,0.014398,0.000014,0.075163
ACTATTCGTCCGTGGT-1,0.332103,0.000039,0.378041,0.289816
ACTATTTCCGGGCCCA-1,0.945292,0.013885,0.023038,0.017784
ACTCAACGAATGTATT-1,0.890472,0.006329,0.10314,0.000059
ACTCAAGTGCAAGGCT-1,0.431084,0.037347,0.027991,0.503578
ACTCAATAAAGGCACG-1,0.660306,0.000024,0.339621,0.000049
ACTCAGACCTGCTTCT-1,0.855048,0.015561,0.129283,0.000109
ACTCATGGCAGCCTTC-1,0.94611,0.018591,0.000015,0.035284
ACTCCAATATCATCAT-1,0.808332,0.000017,0.000017,0.191635
ACTCCCATTCCTAAAG-1,0.998849,0.000009,0.000009,0.001133
ACTCCCGAATTCGTTT-1,0.001523,0.572093,0.000218,0.426167
ACTCCCGTAGACTAGG-1,0.719583,0.057393,0.018411,0.204613
ACTCCCTAATGCTAAA-1,0.548211,0.078134,0.023329,0.350325
ACTCCCTAGAATAGTA-1,0.397897,0.033607,0.150831,0.417665
ACTCCGGCCGACCACT-1,0.010804,0.000031,0.002382,0.986783
ACTCGCCGTTCGATAA-1,0.352898,0.023931,0.007844,0.615327
ACTCGCGATCTGACGC-1,0.000547,0.307744,0.18993,0.501778
ACTCGTAACCCGTCCT-1,0.546493,0.048441,0.031573,0.373493
ACTCGTCAGTAATCCC-1,0.982449,0.01751,0.000014,0.000028
ACTCTCTGACTTAGGT-1,0.935178,0.034345,0.009188,0.021289
ACTCTCTTATACACGA-1,0.740595,0.039759,0.149063,0.070583
ACTCTGACCTAATAGA-1,0.036545,0.000028,0.000028,0.963398
ACTCTTCAGCTCCCGC-1,0.001366,0.148789,0.000195,0.849651
ACTCTTGTATAGTAAC-1,0.676688,0.000038,0.151655,0.171618
ACTGAAACGCCGTTAG-1,0.031395,0.000021,0.259716,0.708868
ACTGAATGGCGAAAGT-1,0.324057,0.000021,0.091729,0.584193
ACTGATTTAGTGATTC-1,0.867847,0.000016,0.132105,0.000032
ACTGCCCGCCATTCTC-1,0.954368,0.01691,0.003671,0.025051
ACTGCCGTCGTAACTC-1,0.000541,0.000077,0.41351,0.585871
ACTGCGGACACACCGT-1,0.000798,0.000114,0.288524,0.710565
ACTGCTCGGAAGGATG-1,0.000735,0.03512,0.239886,0.72426
ACTGGCGAACCTGCGT-1,0.421736,0.000023,0.021137,0.557105
ACTGGGATGCCAGTGC-1,0.159231,0.000019,0.028013,0.812737
ACTGTACGATACACAT-1,0.001147,0.449289,0.076819,0.472745
ACTGTAGCACTTTGGA-1,0.169846,0.124785,0.215309,0.490061
ACTGTATACGCGAGCA-1,0.786509,0.000028,0.213407,0.000056
ACTGTCCAGGATTATA-1,0.564247,0.000039,0.072042,0.363672
ACTGTCTTCTTTAGAA-1,0.000562,0.040291,0.59717,0.361977
ACTGTGCTAGTAGATC-1,0.824971,0.000034,0.159161,0.015835
ACTGTTTAGTGTAGGC-1,0.116938,0.159368,0.432007,0.291687
ACTTACCGGGCGCGCA-1,0.87342,0.000014,0.02893,0.097636
ACTTACGCATCCACGC-1,0.513614,0.067642,0.094561,0.324183
ACTTAGTACGACAAGA-1,0.789209,0.000034,0.197676,0.013081
ACTTATACTTACCCGG-1,0.34785,0.081927,0.444649,0.125574
ACTTATTAGGATCGGT-1,0.739525,0.000026,0.135934,0.124516
ACTTATTTATGTGCCA-1,0.610764,0.038658,0.087925,0.262652
ACTTCAGGCTGATCCC-1,0.080927,0.002403,0.062957,0.853712
ACTTCCAGTGGAAGCT-1,0.000303,0.618957,0.252478,0.128262
ACTTCCATGCGGGACA-1,0.18962,0.079224,0.055106,0.676049
ACTTCCTGTCGTGCGA-1,0.342664,0.114218,0.001566,0.541551
ACTTCGCCATACGCAC-1,0.644631,0.000024,0.355298,0.000048
ACTTCGCTAGCGAGTG-1,0.430713,0.141194,0.353551,0.074542
ACTTGACTCCCTCTTT-1,0.889671,0.000018,0.000018,0.110293
ACTTGCCATATTGTAC-1,0.254791,0.191925,0.224455,0.328828
ACTTGGGACCCGGTGG-1,0.106874,0.159088,0.396557,0.337481
ACTTGGGCTTTCGCCA-1,0.535469,0.023564,0.156694,0.284274
ACTTGTAGTCCCTTCA-1,0.000272,0.61261,0.382307,0.00481
ACTTGTGGATGGAACG-1,0.880135,0.079685,0.013499,0.026681
ACTTGTTACCGGATCA-1,0.352732,0.000021,0.053681,0.593566
ACTTTACCCTCATGAA-1,0.001238,0.998231,0.000177,0.000354
ACTTTATACACCACTT-1,0.486097,0.143529,0.350381,0.019992
ACTTTCCTATAGCTTC-1,0.001084,0.005328,0.208265,0.785323
ACTTTGACTGCATCCT-1,0.039198,0.337718,0.156243,0.466841
ACTTTGGTCGTGCTCC-1,0.790715,0.209245,0.000013,0.000027
ACTTTGTCGACGCACT-1,0.438248,0.178145,0.060315,0.323292
AGAAATTATGACTCGC-1,0.499821,0.000033,0.000033,0.500113
AGAACACGGCGATGGT-1,0.469954,0.093258,0.357718,0.079071
AGAACCCAGCGTGACA-1,0.900973,0.03763,0.054283,0.007115
AGAACCCTCAATTGGG-1,0.192362,0.187618,0.236916,0.383105
AGAACGTGGTACATTC-1,0.717658,0.000026,0.282263,0.000052
AGAAGAGCGCCGTTCC-1,0.642865,0.00029,0.214432,0.142412
AGAAGGTACACTTCAC-1,0.88614,0.047547,0.063459,0.002854
AGAAGGTTGCCGAATT-1,0.964627,0.000813,0.011491,0.023069
AGAAGGTTGTAGGTCG-1,0.258616,0.000028,0.004759,0.736597
AGAAGTGATTCGTGAT-1,0.593952,0.000028,0.015003,0.391017
AGAATAAATCTTCAGG-1,0.546225,0.296632,0.010223,0.14692
AGAATGCGGGTTCGGA-1,0.772537,0.000028,0.034007,0.193428
AGAATTATGGATTCGA-1,0.124632,0.610913,0.001982,0.262473
AGACAGGCATCTCAGC-1,0.35632,0.274412,0.053054,0.316215
AGACATAGATCCTTCC-1,0.364121,0.623282,0.012288,0.000309
AGACCAAACCACACCT-1,0.054682,0.281922,0.069255,0.594141
AGACCATGGGATACAA-1,0.74788,0.058963,0.11404,0.079117
AGACCCACCGCTGATC-1,0.536507,0.003994,0.055589,0.403909
AGACCCGCCCTCCTCG-1,0.463201,0.328436,0.097755,0.110608
AGACCGCTCCGCGGTT-1,0.2783,0.000036,0.163725,0.557939
AGACCGGGAAACCCTG-1,0.444843,0.060616,0.294036,0.200505
AGACGAAGTGCCGGTC-1,0.758324,0.072357,0.07242,0.096899
AGACGACGATGCCGCT-1,0.440787,0.000023,0.008588,0.550602
AGACGCCCACTTCGCC-1,0.154971,0.029728,0.102515,0.712785
AGACGGGATTGGTATA-1,0.735844,0.000014,0.188788,0.075354
AGACGGGCCGATTTAA-1,0.498724,0.000026,0.093663,0.407587
AGACTAGCCTTCCAGA-1,0.00036,0.115692,0.641941,0.242008
AGACTGTTACCGGGTC-1,0.793577,0.002232,0.010283,0.193907
AGAGAAACACCAGAAA-1,0.772792,0.000014,0.009211,0.217984
AGAGAACCGTCTAGGA-1,0.49291,0.01571,0.453427,0.037953
AGAGAAGGAGTACAAT-1,0.503625,0.129371,0.000017,0.366987
AGAGATCTCTAAAGCG-1,0.410661,0.020382,0.185949,0.383007
AGAGCAGTTATGAGAC-1,0.161952,0.837664,0.000128,0.000255
AGAGCCGCCGAGATTT-1,0.033112,0.013828,0.183079,0.769981
AGAGCGCTTGTAACGG-1,0.86591,0.000018,0.000815,0.133257
AGAGCGGGCTAATCAT-1,0.000717,0.000102,0.736223,0.262958
AGAGCGTACAAGCTCG-1,0.735833,0.182119,0.053794,0.028253
AGAGGCTTCGGAAACC-1,0.38331,0.075404,0.144432,0.396854
AGAGGGACAATTGTCC-1,0.834605,0.002156,0.00618,0.157058
AGAGTAAACTTCACTA-1,0.316844,0.008345,0.114692,0.560118
AGAGTATAGTGTTACG-1,0.001636,0.27102,0.000234,0.72711
AGAGTGAACAGACACC-1,0.368316,0.10444,0.00004,0.527204
AGAGTTAGAGACCGAT-1,0.439776,0.009946,0.21638,0.333899
AGAGTTGCAGGCCTCC-1,0.008474,0.03761,0.339897,0.614019
AGATAACTTCAGGGCC-1,0.760188,0.000913,0.117324,0.121575
AGATAATCACACCTAT-1,0.48001,0.120098,0.015531,0.384361
AGATACCAATAGAACC-1,0.167906,0.126913,0.184662,0.520519
AGATACCAGCACTTCA-1,0.765288,0.081152,0.051565,0.101994
AGATACCGGTGTTCAC-1,0.52949,0.001116,0.106481,0.362913
AGATACGACTTCATAT-1,0.730169,0.156135,0.11345,0.000246
AGATACTCAAGATCGA-1,0.666699,0.05436,0.042341,0.2366
AGATATAATACGACTA-1,0.827024,0.014338,0.022219,0.13642
AGATCGTGCATAAGAT-1,0.20987,0.070753,0.685116,0.034261
AGATCTCAGGTGTGAT-1,0.00085,0.058754,0.431555,0.508841
AGATCTGGAGAGGATA-1,0.353416,0.549653,0.088678,0.008253
AGATGACTCGCCCACG-1,0.688635,0.00003,0.311274,0.00006
AGATGAGGGTTGCGAT-1,0.600594,0.000024,0.272514,0.126868
AGATGATGGAGTCTGG-1,0.165818,0.423176,0.221403,0.189602
AGATGCAAGACGTGCA-1,0.776216,0.038082,0.015151,0.170551
AGATGCATCCTGTGTC-1,0.045249,0.615284,0.113928,0.225539
AGATTATAGGACGTTT-1,0.953571,0.000018,0.004948,0.041463
AGATTCAAGCGGGTCG-1,0.464393,0.234726,0.000036,0.300845
AGATTCACAACCGATA-1,0.907633,0.049332,0.043014,0.000022
AGCAAAGGCCGCTAGT-1,0.84631,0.002954,0.015429,0.135308
AGCAACATATCTTATT-1,0.712763,0.000022,0.057436,0.229779
AGCAACCGAAAGTAAT-1,0.896585,0.009119,0.070509,0.023788
AGCACACGTTTAGACT-1,0.63377,0.042622,0.102062,0.221545
AGCACCAGTACTCACG-1,0.002323,0.054443,0.353842,0.589392
AGCACTACCGGCCTGT-1,0.000383,0.064205,0.044931,0.890481
AGCACTACCTCACCAG-1,0.289855,0.021179,0.011527,0.677439
AGCACTTAAGGACGCC-1,0.123644,0.100619,0.437475,0.338262
AGCAGAAGGAGAAAGA-1,0.606526,0.000019,0.00431,0.389146
AGCAGCCAGATGAATA-1,0.746937,0.016096,0.00001,0.236957
AGCAGTCGAAGCATGC-1,0.338764,0.00132,0.047638,0.612279
AGCATATCAATATGCT-1,0.169724,0.000024,0.259704,0.570548
AGCATCATTTCGAAAG-1,0.569005,0.039951,0.230873,0.160171
AGCATCGTCGATAATT-1,0.673751,0.000044,0.326117,0.000087
AGCATTACGAGGCAAG-1,0.60508,0.136498,0.000018,0.258404
AGCCAAGCTTTGTGTC-1,0.757438,0.003827,0.00053,0.238204
AGCCACAGGTTACCCG-1,0.609423,0.014083,0.007426,0.369068
AGCCACTCCCGTGCTT-1,0.032885,0.105809,0.406673,0.454633
AGCCATATAGTATGTG-1,0.562813,0.013524,0.000023,0.42364
AGCCCATACATGTAAG-1,0.851475,0.012188,0.105247,0.03109
AGCCCGCAACAAGCAG-1,0.636634,0.047419,0.009572,0.306375
AGCCCGGCATTAGAGG-1,0.974083,0.000011,0.000011,0.025894
AGCCCGGTAGCCTGTA-1,0.435725,0.079622,0.024435,0.460217
AGCCCTAAGCGAAGTT-1,0.081718,0.149717,0.744651,0.023914
AGCCCTCCCTGGTGGC-1,0.898886,0.064161,0.011716,0.025237
AGCCCTGTCGCACCGT-1,0.213188,0.029032,0.647945,0.109835
AGCCCTTCTAATCCGA-1,0.882762,0.038968,0.070573,0.007697
AGCCCTTGGACATCCC-1,0.813424,0.002198,0.011766,0.172612
AGCCGCAAATTCAAAT-1,0.794708,0.142681,0.014483,0.048128
AGCCGTGGCTAAATGT-1,0.493747,0.256543,0.033736,0.215974
AGCCTAATACCCACGT-1,0.731643,0.03501,0.083164,0.150183
AGCCTTAAAGCGGAAG-1,0.796389,0.00003,0.201405,0.002176
AGCGACAGGAACGGTC-1,0.468259,0.000021,0.001901,0.529819
AGCGACATCCCATTCA-1,0.540872,0.000023,0.458533,0.000573
AGCGACCAACGATATT-1,0.175784,0.513599,0.040426,0.270192
AGCGACTTTGAAGACA-1,0.469846,0.000012,0.296191,0.233951
AGCGAGACGTGAAGGC-1,0.723859,0.00002,0.030689,0.245432
AGCGATGCGCCTAATA-1,0.657321,0.114321,0.007115,0.221243
AGCGCATAATGAATCG-1,0.685629,0.000634,0.015441,0.298296
AGCGCGGGTGCCAATG-1,0.000658,0.134949,0.295716,0.568677
AGCGCTAGAGCGATGT-1,0.000594,0.000085,0.313746,0.685575
AGCGCTTATGGGCAAG-1,0.732164,0.06242,0.030801,0.174615
AGCGGACACTTCGTAG-1,0.131528,0.339799,0.282161,0.246512
AGCGGCGGTTAGCGGT-1,0.622086,0.045714,0.030238,0.301962
AGCGGGAAGGGTCCAT-1,0.760083,0.116281,0.071478,0.052158
AGCGGGTCTGACACTC-1,0.811043,0.059116,0.000011,0.12983
AGCGGTTGAGATGTAC-1,0.409949,0.00004,0.096714,0.493297
AGCGGTTGCCGCTCTG-1,0.747688,0.000022,0.109546,0.142744
AGCGTCTGAACCCGCA-1,0.882508,0.000031,0.112239,0.005222
AGCGTGGTATTCTACT-1,0.314972,0.000029,0.000415,0.684585
AGCGTTCCGATTTAAA-1,0.358394,0.048301,0.20792,0.385385
AGCTAACAAGCAATGT-1,0.303731,0.189708,0.067709,0.438852
AGCTAAGCTCCGTCCG-1,0.952041,0.000011,0.000011,0.047937
AGCTAAGTACGCAGGC-1,0.278126,0.231564,0.026484,0.463826
AGCTAGAAGCAGAAGT-1,0.247497,0.000073,0.097042,0.655388
AGCTATTTAATCCAAC-1,0.000483,0.000069,0.665092,0.334356
AGCTCCATATATGTTC-1,0.230377,0.067593,0.005461,0.696568
AGCTCCTTCGCACATC-1,0.72031,0.000012,0.054568,0.22511
AGCTCGTTGATGGAAA-1,0.405137,0.00003,0.20251,0.392324
AGCTCTAGACGTTCCA-1,0.430308,0.000034,0.230615,0.339042
AGCTCTTCCCAGTGCA-1,0.255558,0.026683,0.56114,0.156619
AGCTCTTCGTAACCTT-1,0.915208,0.011269,0.056951,0.016572
AGCTCTTTACTCAGTT-1,0.997529,0.000011,0.000011,0.00245
AGCTGAAGTAAACCAA-1,0.000371,0.125881,0.699027,0.174721
AGCTGCATTTGAGGTG-1,0.188995,0.000042,0.000042,0.810922
AGCTGCTGTGCCGAAT-1,0.298874,0.000047,0.003463,0.697616
AGCTGTAACCTCAATC-1,0.678974,0.056022,0.1291,0.135904
AGCTTCAATACTTTGA-1,0.792023,0.001831,0.119193,0.086954
AGCTTCTTCTCGAGCA-1,0.020575,0.018101,0.135124,0.8262
AGCTTGATCAGGGTAG-1,0.050522,0.564385,0.128213,0.25688
AGCTTGATCTTAACTT-1,0.809875,0.050181,0.025757,0.114187
AGGAACGAACGACTTC-1,0.287953,0.174368,0.124201,0.413478
AGGAAGCTGTCCGCCG-1,0.431013,0.009502,0.057899,0.501586
AGGACAGTCGAATCCC-1,0.805756,0.006864,0.109742,0.077638
AGGACATCGCACGTCG-1,0.796629,0.000045,0.20166,0.001666
AGGACGACCCATTAGA-1,0.85391,0.000017,0.020578,0.125494
AGGACGCTCGATGTTG-1,0.59501,0.000027,0.165562,0.239402
AGGAGACATCCACAGT-1,0.000748,0.133851,0.336406,0.528995
AGGAGAGTCTGGCTAC-1,0.000996,0.000142,0.000142,0.998719
AGGAGGCCTTCGCGCG-1,0.288088,0.042938,0.026742,0.642232
AGGATAAAGTCGGGAT-1,0.038126,0.083814,0.310858,0.567203
AGGATATAGGGATTTA-1,0.670483,0.00002,0.00002,0.329476
AGGATATCCGACTGCA-1,0.089086,0.123124,0.124977,0.662813
AGGATCACGCGATCTG-1,0.625217,0.000029,0.072568,0.302186
AGGATTGCTTACGACA-1,0.289095,0.708326,0.000095,0.002483
AGGCACGTGACTGTCC-1,0.797537,0.074067,0.000017,0.128379
AGGCAGATGCGTAAAC-1,0.484032,0.001471,0.507276,0.007221
AGGCAGGGAGCGTACT-1,0.73337,0.000013,0.000119,0.266497
AGGCATTGTCGTAGGG-1,0.766153,0.094015,0.09065,0.049182
AGGCCACATTGGTTAC-1,0.812865,0.032498,0.135716,0.018921
AGGCCACCCGTTATGA-1,0.303747,0.332327,0.215702,0.148223
AGGCCCATTGTACAGG-1,0.571484,0.004528,0.418279,0.005708
AGGCCCTAGAACGCCA-1,0.399728,0.012099,0.112572,0.475601
AGGCCTATCATACCAA-1,0.202526,0.000017,0.104674,0.692783
AGGCCTGAGAATCTCG-1,0.073573,0.020987,0.109738,0.795701
AGGCGATAACTGGCGT-1,0.160781,0.000027,0.065159,0.774033
AGGCGGTTTGTCCCGC-1,0.878023,0.031983,0.015852,0.074142
AGGCGTCTATGGACGG-1,0.494074,0.000033,0.135755,0.370138
AGGCTATGGTTAGCTT-1,0.192571,0.393661,0.000115,0.413653
AGGCTTAAGTTGCACA-1,0.495631,0.035295,0.247293,0.221781
AGGCTTCCCGAAGAAG-1,0.407571,0.000021,0.0936,0.498808
AGGCTTGCTAGACACC-1,0.779942,0.050225,0.164559,0.005274
AGGGAAACGAGGTACT-1,0.621289,0.000024,0.230349,0.148338
AGGGACCGGCTGCGTT-1,0.001318,0.244542,0.000188,0.753952
AGGGACTCTACGCGAC-1,0.431396,0.000017,0.016911,0.551676
AGGGAGACATACTTCG-1,0.473437,0.015674,0.364903,0.145986
AGGGCAGCGGCGTGGT-1,0.629364,0.009947,0.26577,0.09492
AGGGCGAGCAGCTGAT-1,0.933725,0.000012,0.000013,0.06625
AGGGCGTGATCGGCTA-1,0.741008,0.000033,0.247251,0.011708
AGGGCTGCAGTTACAG-1,0.42803,0.064441,0.267929,0.2396
AGGGTCAGAGCACTCG-1,0.793369,0.048475,0.020919,0.137237
AGGGTCAGTAACCCTA-1,0.150571,0.081365,0.412119,0.355946
AGGGTCGATGCGAACT-1,0.495161,0.078475,0.080115,0.34625
AGGGTGCCGTTCTTTA-1,0.968716,0.007118,0.000011,0.024155
AGGGTGCTCTCGAGGG-1,0.000585,0.000084,0.000084,0.999247
AGGGTGGATAGTGCAT-1,0.757748,0.195713,0.016036,0.030503
AGGGTGTGCTACACGC-1,0.766927,0.045521,0.000287,0.187265
AGGGTTCAGACGGTCC-1,0.660248,0.058927,0.016063,0.264762
AGGGTTCCCTTTGGTT-1,0.494668,0.039341,0.302127,0.163864
AGGGTTTAGTTCGGGA-1,0.156166,0.00007,0.312797,0.530968
AGGTAACCTCCTATTC-1,0.791901,0.000036,0.207992,0.000072
