Barcode,Topic 1,Topic 2,Topic 3to9
AAACAAGTATCTCCCA-1,0.191589,0.400094,0.408318
AAACACCAATAACTGC-1,0.005976,0.290942,0.703081
AAACAGAGCGACTCCT-1,0.05539,0.093769,0.85084
AAACAGCTTTCAGAAG-1,0.000036,0.054611,0.945353
AAACAGGGTCTATATT-1,0.000031,0.047738,0.952232
AAACATGGTGAGAGGA-1,0.000021,0.271622,0.728357
AAACATTTCCCGGATT-1,0.027268,0.360804,0.611928
AAACCACTACACAGAT-1,0.036397,0.000026,0.963577
AAACCCGAACGAAATC-1,0.512353,0.032559,0.455089
AAACCGGGTAGGTACC-1,0.033696,0.965323,0.000982
AAACCGTTCGTCCAGG-1,0.026762,0.972597,0.000641
AAACCTAAGCAGCCGG-1,0.000053,0.292761,0.707185
AAACCTCATGAAGTTG-1,0.000073,0.105451,0.894475
AAACGAAGAACATACC-1,0.031764,0.209782,0.758455
AAACGAAGATGGAGTA-1,0.016524,0.103016,0.88046
AAACGACAGTCTTGCC-1,0.000044,0.191124,0.808832
AAACGAGACGGTTGAT-1,0.092504,0.366569,0.540927
AAACGCCCGAGATCGG-1,0.002427,0.005822,0.991751
AAACGCTGGGCACGAC-1,0.999334,0.000083,0.000583
AAACGGGCGTACGGGT-1,0.115912,0.006933,0.877155
AAACGGTTGCGAACTG-1,0.000047,0.245629,0.754325
AAACGTGTTCGCCCTA-1,0.000078,0.22966,0.770262
AAACTAACGTGGCGAC-1,0.000069,0.248796,0.751135
AAACTCGGTTCGCAAT-1,0.000034,0.056151,0.943815
AAACTCGTGATATAAG-1,0.174163,0.128808,0.697029
AAACTGCTGGCTCCAA-1,0.015521,0.230757,0.753722
AAACTTAATTGCACGC-1,0.000016,0.00855,0.991434
AAACTTGCAAACGTAT-1,0.000021,0.000021,0.999957
AAAGAATGACCTTAGA-1,0.000026,0.285709,0.714265
AAAGAATGTGGACTAA-1,0.052714,0.061741,0.885545
AAAGACATGAAGTTTA-1,0.015334,0.000024,0.984642
AAAGACTGGGCGCTTT-1,0.000046,0.001433,0.998521
AAAGCTTGCCTACATA-1,0.091431,0.000022,0.908548
AAAGGCCCTATAATAC-1,0.007091,0.184453,0.808456
AAAGGCTACGGACCAT-1,0.000096,0.342278,0.657626
AAAGGCTCTCGCGCCG-1,0.004304,0.050287,0.945408
AAAGGGATGTAGCAAG-1,0.000043,0.049755,0.950203
AAAGGTAAGCTGTACC-1,0.018499,0.276029,0.705472
AAAGGTCAACGACATG-1,0.000034,0.023372,0.976595
AAAGTAGCATTGCTCA-1,0.015333,0.460976,0.523692
AAAGTCACTGATGTAA-1,0.119357,0.491076,0.389566
AAAGTCGACCCTCAGT-1,0.00008,0.438077,0.561843
AAAGTGCCATCAATTA-1,0.999483,0.000065,0.000452
AAAGTGTGATTTATCT-1,0.063309,0.749921,0.18677
AAAGTTGACTCCCGTA-1,0.237988,0.17618,0.585831
AAATAACCATACGGGA-1,0.015799,0.043963,0.940238
AAATAAGGTAGTGCCC-1,0.17681,0.352096,0.471094
AAATACCTATAAGCAT-1,0.045482,0.079089,0.875429
AAATAGCTTAGACTTT-1,0.275693,0.183432,0.540875
AAATAGGGTGCTATTG-1,0.000051,0.231862,0.768088
AAATCACTCCTAAACG-1,0.000028,0.022242,0.977731
AAATCCGATACACGCC-1,0.007614,0.316979,0.675407
AAATCGCGGAAGGAGT-1,0.033444,0.147004,0.819552
AAATCGTGTACCACAA-1,0.000033,0.037316,0.962652
AAATCTAGCCCTGCTA-1,0.311702,0.124693,0.563605
AAATCTGCCCGCGTCC-1,0.034688,0.140215,0.825097
AAATGACTGATCAAAC-1,0.000007,0.014376,0.985618
AAATGATTCGATCAGC-1,0.051358,0.439625,0.509017
AAATGGCATGTCTTGT-1,0.000038,0.148174,0.851788
AAATGGCCCGTGCCCT-1,0.007795,0.167443,0.824762
AAATGGTCAATGTGCC-1,0.000096,0.110709,0.889194
AAATGTATCTTATCCC-1,0.035243,0.243943,0.720814
AAATTAACGGGTAGCT-1,0.000052,0.012203,0.987745
AAATTAATAAGCGCGA-1,0.014843,0.00002,0.985137
AAATTACACGACTCTG-1,0.205563,0.381704,0.412733
AAATTACCTATCGATG-1,0.077042,0.068029,0.854929
AAATTCCAGGTCCAAA-1,0.188173,0.524108,0.287719
AAATTGATAGTCCTTT-1,0.000142,0.998867,0.000992
AAATTGGTGAGAAGCA-1,0.119196,0.03174,0.849064
AAATTTACCGAAATCC-1,0.000066,0.20175,0.798184
AACAACTGGTAGTTGC-1,0.028184,0.295959,0.675857
AACAATACATTGTCGA-1,0.128903,0.791149,0.079948
AACACACGCTCGCCGC-1,0.051396,0.152859,0.795745
AACACGACTGTACTGA-1,0.000066,0.247544,0.75239
AACACGAGACGCGGCC-1,0.00004,0.196202,0.803758
AACAGCTGTGTGGCAA-1,0.270828,0.252363,0.476809
AACAGGAAATCGAATA-1,0.000042,0.107545,0.892413
AACAGGATGGGCCGCG-1,0.054684,0.168473,0.776844
AACAGGTAGTATGGAT-1,0.507721,0.421549,0.070731
AACATAGCGTGTATCG-1,0.011558,0.274533,0.713909
AACATATCAACTGGTG-1,0.000029,0.010832,0.989139
AACATCGATACGTCTA-1,0.05037,0.000016,0.949614
AACATTGAAGTTGATC-1,0.009056,0.139246,0.851699
AACATTGTGACTCGAG-1,0.01118,0.120086,0.868734
AACCAAGACTTCTCTG-1,0.033913,0.954754,0.011333
AACCAGTATCACTCTT-1,0.000076,0.354275,0.64565
AACCATAGGGTTGAAC-1,0.000025,0.150401,0.849575
AACCCATCCCATGATC-1,0.026558,0.07833,0.895112
AACCCGAGCAGAATCG-1,0.593712,0.278128,0.12816
AACCCGATAGGGCTTC-1,0.000053,0.118631,0.881316
AACCCGCTGTATTCCA-1,0.016652,0.043061,0.940287
AACCCTACTGTCAATA-1,0.042964,0.04838,0.908656
AACCCTGGTGGAACCA-1,0.000026,0.013392,0.986582
AACCGAGCTTGGTCAT-1,0.001149,0.112629,0.886221
AACCGCTAAGGGATGC-1,0.112813,0.000033,0.887154
AACCGTTGTGTTTGCT-1,0.077693,0.729762,0.192545
AACCTAAAGCCGTCCG-1,0.000351,0.007094,0.992555
AACCTCGCTTTAGCCC-1,0.000055,0.192707,0.807237
AACCTGTCACGGAATT-1,0.127207,0.303346,0.569448
AACCTTTAAATACGGT-1,0.03019,0.476255,0.493555
AACCTTTACGACGTCT-1,0.033228,0.000036,0.966736
AACGAAAGTCGTCCCA-1,0.009097,0.015492,0.975411
AACGACCTCCTAGCCG-1,0.99968,0.00004,0.00028
AACGATAATGCCGTAG-1,0.018413,0.16473,0.816858
AACGATAGAAGGGCCG-1,0.000039,0.061527,0.938433
AACGATATGTCAACTG-1,0.019391,0.018792,0.961817
AACGCATGATCTGGGT-1,0.000072,0.269047,0.730881
AACGCGACCTTGGGCG-1,0.000017,0.000017,0.999966
AACGCGGTCTCCAGCC-1,0.00007,0.426526,0.573404
AACGCTGTTGCTGAAA-1,0.000086,0.32568,0.674235
AACGGACGTACGTATA-1,0.115338,0.215603,0.669059
AACGGCCATCTCCGGT-1,0.028721,0.861162,0.110117
AACGTACTGTGGGTAC-1,0.000092,0.999264,0.000644
AACGTCAGACTAGTGG-1,0.000192,0.998461,0.001347
AACGTCATCCGGCTTG-1,0.000016,0.218252,0.781732
AACGTCGCTGCACTTC-1,0.054373,0.250004,0.695624
AACGTGATGAAGGACA-1,0.000014,0.000014,0.999972
AACGTGCGAAAGTCTC-1,0.000025,0.049948,0.950027
AACGTTATCAGCACCT-1,0.000097,0.498718,0.501185
AACGTTCTACCATTGT-1,0.300373,0.08317,0.616457
AACTACCCGTTTGTCA-1,0.378683,0.411912,0.209405
AACTAGGCTTGGGTGT-1,0.004479,0.015789,0.979732
AACTCAAGTTAATTGC-1,0.000059,0.313685,0.686257
AACTCCAGAGCGTGTT-1,0.048649,0.000033,0.951318
AACTCCTAATCCCATG-1,0.019343,0.071867,0.90879
AACTCTCAATAGAGCG-1,0.000023,0.007396,0.992581
AACTCTCAGTGTGCTC-1,0.027199,0.272096,0.700705
AACTGAGGTCAGCGTC-1,0.000098,0.165827,0.834074
AACTGATATTAGGCCT-1,0.000096,0.443227,0.556677
AACTGGGTCCCGACGT-1,0.000105,0.132587,0.867308
AACTGGGTTCGAGCCG-1,0.014908,0.160222,0.82487
AACTTTACGGGAGCTT-1,0.000071,0.131158,0.868771
AACTTTCTCGATCATG-1,0.010807,0.422459,0.566734
AAGAAAGTTTGATGGG-1,0.00003,0.241889,0.758081
AAGAAATCACCAGATT-1,0.039095,0.150939,0.809966
AAGACATACGTGGTTT-1,0.303227,0.563007,0.133766
AAGACCAAATAACTCA-1,0.00394,0.062626,0.933434
AAGACCCAACTGAACA-1,0.000053,0.302501,0.697446
AAGACTCACGCCCACT-1,0.000018,0.000018,0.999963
AAGACTGCAAGCTACT-1,0.036605,0.024541,0.938854
AAGAGCTCTTTATCGG-1,0.000032,0.224809,0.775158
AAGAGGATGTACGCGA-1,0.003564,0.995241,0.001196
AAGAGGCATGGATCGC-1,0.056312,0.045071,0.898617
AAGAGGCCCTTTGGAA-1,0.554186,0.000053,0.445762
AAGATGGCACCGGACC-1,0.323114,0.201214,0.475672
AAGATTGGCGGAACGT-1,0.062283,0.114684,0.823033
AAGCACCCTGCGTATC-1,0.036787,0.237472,0.725741
AAGCATACTCTCCTGA-1,0.019995,0.224328,0.755678
AAGCCACTTGCAGGTA-1,0.003707,0.064474,0.931819
AAGCCGAAGCGGTTTA-1,0.621314,0.330155,0.048531
AAGCCGCCGTGAAATC-1,0.000018,0.000343,0.999639
AAGCCGCTTTACCTTG-1,0.11048,0.001768,0.887752
AAGCCGGAGAGCAGGA-1,0.819141,0.180191,0.000668
AAGCGCAGGGCTTTGA-1,0.120551,0.006181,0.873268
AAGCGGAGTGCGCGCA-1,0.003037,0.012613,0.984349
AAGCGGCGTCATGGGT-1,0.000056,0.272883,0.727061
AAGCGTCCCTCATCGA-1,0.051822,0.946682,0.001497
AAGCTAGATCGAGTAA-1,0.100558,0.000026,0.899416
AAGCTATGGATTGACC-1,0.000163,0.030082,0.969755
AAGCTCGTGCCAAGTC-1,0.007161,0.161257,0.831582
AAGCTCTTTCATGGTG-1,0.094707,0.001611,0.903683
AAGGAGCGGTTGGTGC-1,0.000101,0.341859,0.65804
AAGGATCGATCGCTTG-1,0.385608,0.327941,0.286451
AAGGATGAGGGACCTC-1,0.039501,0.000017,0.960482
AAGGCAGGCTGTCTCC-1,0.721956,0.047924,0.23012
AAGGCGCGTAAAGCTT-1,0.208087,0.267613,0.5243
AAGGCTGTGCTCATCG-1,0.000046,0.194996,0.804958
AAGGGAACGACTGGCT-1,0.000055,0.332595,0.66735
AAGGGACAGATTCTGT-1,0.034935,0.05444,0.910624
AAGGGACTATGCATTC-1,0.000052,0.193884,0.806065
AAGGGTTAGCCATGCG-1,0.676721,0.322692,0.000587
AAGGGTTTGATTTCAG-1,0.002055,0.169209,0.828736
AAGGTATCCTAATATA-1,0.000039,0.07985,0.920112
AAGGTGATAAACCAGC-1,0.177971,0.183371,0.638658
AAGTAGAAGACCGGGT-1,0.02676,0.969052,0.004188
AAGTCAATTGTCGTCA-1,0.230857,0.012725,0.756418
AAGTCTAGTAGCTGCC-1,0.014831,0.160548,0.824621
AAGTCTTCTGTGGCCT-1,0.06028,0.422616,0.517104
AAGTGACGACCGAATT-1,0.000093,0.914396,0.085512
AAGTGAGTCGGGTTTA-1,0.000132,0.689722,0.310145
AAGTGCAAAGGTAGAC-1,0.000417,0.45935,0.540233
AAGTGCCTTGACTGTA-1,0.242965,0.396853,0.360182
AAGTGCGTTAGAATCT-1,0.000173,0.673694,0.326133
AAGTGCTTCTCTATTG-1,0.030916,0.872956,0.096128
AAGTGTTTGGAGACGG-1,0.089377,0.064906,0.845717
AAGTTCACTCCAAGCT-1,0.000077,0.63611,0.363813
AAGTTCAGTCTGCGTA-1,0.001558,0.000027,0.998415
AAGTTGTGATGTTATA-1,0.175169,0.326676,0.498156
AAGTTTACTAATGGCA-1,0.054897,0.943643,0.00146
AAGTTTATGGGCCCAA-1,0.00003,0.082447,0.917523
AATAACAACGCTCGGC-1,0.042688,0.36841,0.588902
AATAACGTCGCGCCCA-1,0.610552,0.249626,0.139821
AATAAGTCCTCGAGAC-1,0.000075,0.221507,0.778418
AATAATCTTCGTATCG-1,0.999182,0.000102,0.000716
AATACAATGTTTCAGG-1,0.109309,0.054887,0.835804
AATACCGGAGGGCTGT-1,0.000112,0.814189,0.185699
AATACCTGATGTGAAC-1,0.013404,0.074177,0.912419
AATAGAACAGAGTGGC-1,0.000042,0.532959,0.466999
AATAGAATCTGTTTCA-1,0.000058,0.162534,0.837408
AATAGCAAGCCTCCTG-1,0.000058,0.085664,0.914278
AATAGCTACCGCGTGC-1,0.000045,0.170056,0.829899
AATAGGCACGACCCTT-1,0.051889,0.533372,0.414739
AATAGTCCGTCCCGAC-1,0.053103,0.055647,0.891249
AATAGTCGCGAGTCGG-1,0.000083,0.109252,0.890665
AATATCCTAGCAAACT-1,0.002726,0.05471,0.942564
AATATCGAATCAATGC-1,0.465826,0.397112,0.137062
AATATCGAGGGTTCTC-1,0.098686,0.083309,0.818004
AATATTGGAGTATTGA-1,0.000215,0.830373,0.169412
AATCAGGTTTCATTTA-1,0.000042,0.158701,0.841257
AATCATGTAAAGACTC-1,0.028479,0.000028,0.971493
AATCCAAGGGCCTGAG-1,0.054567,0.145091,0.800342
AATCCCGCTCAGAGCC-1,0.000019,0.320099,0.679882
AATCGAGGTCTCAAGG-1,0.045227,0.055939,0.898834
AATCGCCTCAGCGCCA-1,0.031904,0.000067,0.968029
AATCGCGCAGAGGACT-1,0.585435,0.259708,0.154858
AATCGGGACACTACGA-1,0.000081,0.54443,0.455489
AATCGGTATAGCCCTC-1,0.075199,0.338598,0.586202
AATCGTGAGCCGAGCA-1,0.000079,0.195084,0.804837
AATCTAGGTTTACTTG-1,0.000049,0.08843,0.911521
AATCTATGCCGGAGCC-1,0.000067,0.101536,0.898396
AATCTCTACTGTGGTT-1,0.016387,0.161009,0.822605
AATCTGCGTTGGGACG-1,0.009544,0.562888,0.427568
AATCTGGCTTTCTAGT-1,0.000065,0.370865,0.629069
AATCTGGGTAGACCCT-1,0.127795,0.289077,0.583127
AATGACAGCAATGTCT-1,0.056286,0.942712,0.001002
AATGACGTAGGATGTC-1,0.000837,0.233266,0.765897
AATGACTGTCAGCCGG-1,0.000035,0.162386,0.837579
AATGATGATACGCTAT-1,0.00002,0.00002,0.99996
AATGATGCGACTCCTG-1,0.000051,0.082736,0.917213
AATGCAACCGGGTACC-1,0.000035,0.050556,0.94941
AATGCACCAAGCAATG-1,0.000036,0.000036,0.999929
AATGGCCGCCAATGCG-1,0.094909,0.225192,0.679899
AATGGTCCACCGTTCA-1,0.056571,0.213639,0.72979
AATGTATGGCACTGTA-1,0.000031,0.299748,0.700221
AATGTGCCCGAGGTGT-1,0.006544,0.204679,0.788777
AATGTGCTAATCTGAG-1,0.00033,0.055364,0.944306
AATGTTAAGACCCTGA-1,0.020456,0.000012,0.979532
AATGTTGTCGTGAGAC-1,0.401142,0.149419,0.449438
AATTAAAGGTCGGCGT-1,0.027337,0.077557,0.895106
AATTAACGGATTTCCA-1,0.000049,0.174665,0.825286
AATTACGAGACCCATC-1,0.01767,0.367349,0.614982
AATTAGCGCTGCAGCG-1,0.000033,0.179066,0.820901
AATTATACCCAGCAAG-1,0.033881,0.010315,0.955804
AATTCATAAGGGATCT-1,0.046207,0.387344,0.566449
AATTCATTGTCATGCA-1,0.014692,0.313154,0.672154
AATTCCAAGCATGTAC-1,0.000015,0.000015,0.999969
AATTCGATTCGAGGAT-1,0.105432,0.000022,0.894546
AATTCTAGAGTTAGGC-1,0.000035,0.0233,0.976665
AATTGAACGCTCTGGT-1,0.048339,0.042669,0.908992
AATTGCAGCAATCGAC-1,0.016256,0.0965,0.887243
AATTGCGTGGATTACA-1,0.000036,0.191483,0.808481
AATTGTGGTTGCCAAA-1,0.970447,0.028949,0.000605
AATTTGGGACATAGTA-1,0.00006,0.207111,0.792828
AATTTGGTTCCAAAGA-1,0.000048,0.274457,0.725495
ACAAACCATGCGTCCT-1,0.089733,0.094098,0.816169
ACAAACCGACAAGGCG-1,0.000049,0.234154,0.765797
ACAAACTCCATCAGAG-1,0.19596,0.734432,0.069607
ACAAAGAAGGTAGGCC-1,0.001047,0.25007,0.748883
ACAAAGCATGACCTAG-1,0.300278,0.000023,0.699699
ACAAATCGCACCGAAT-1,0.009669,0.055313,0.935017
ACAAATGGTAGTGTTT-1,0.040676,0.031617,0.927706
ACAAATTCAGATCTGA-1,0.027342,0.066863,0.905794
ACAACAGCATGAGCTA-1,0.005483,0.006645,0.987872
ACAAGCAGTGCCTAGC-1,0.04677,0.173613,0.779617
ACAAGCTATATGGAAG-1,0.009958,0.081832,0.90821
ACAAGGAAATCCGCCC-1,0.020025,0.146301,0.833675
ACAAGGACAAGAGGTT-1,0.00003,0.355632,0.644338
ACAAGGATGCTTTAGG-1,0.024037,0.385018,0.590946
ACAAGGCCTACCAGCC-1,0.054042,0.000036,0.945922
ACAAGGGCAGGCTCTG-1,0.01521,0.305555,0.679235
ACAAGTAATTGTAAGG-1,0.00003,0.095193,0.904776
ACAATAGTCGTACGTT-1,0.000064,0.111629,0.888307
ACAATCGATCTTTATA-1,0.050396,0.520896,0.428707
ACAATGAATACGGAGA-1,0.000115,0.518675,0.48121
ACAATGATTCTTCTAC-1,0.000097,0.31458,0.685323
ACAATTGTGTCTCTTT-1,0.132968,0.070785,0.796247
ACAATTTAGGAGGCTC-1,0.004001,0.048802,0.947198
ACAATTTGAGCAGTGG-1,0.039973,0.268752,0.691275
ACAATTTGGCCATATT-1,0.383538,0.548751,0.06771
ACACAAAGACGGGTGG-1,0.014678,0.000023,0.9853
ACACAAATATTCCTAG-1,0.129089,0.045314,0.825597
ACACACCAGGACCAGT-1,0.041367,0.196864,0.761769
ACACACTTTCTACACG-1,0.029542,0.192405,0.778053
ACACATGATCAAATCT-1,0.000028,0.023012,0.97696
ACACATTTCCGTAGAC-1,0.000029,0.03181,0.968161
ACACCACATAATTAGC-1,0.037932,0.603281,0.358787
ACACCCAGCATGCAGC-1,0.000036,0.001743,0.998221
ACACCCGAGAAATCCG-1,0.006567,0.242669,0.750765
ACACCCGTAAATCTGT-1,0.000077,0.000022,0.999901
ACACCGAGCGCTCTTT-1,0.000093,0.375421,0.624486
ACACCGGTCTGACCGC-1,0.105788,0.000017,0.894195
ACACCTTAAGTAGGGC-1,0.063265,0.811235,0.1255
ACACCTTACTACTTGC-1,0.722889,0.219614,0.057497
ACACGAGACTCCTTCT-1,0.000032,0.046376,0.953591
ACACGGCACTATGCAT-1,0.000023,0.000023,0.999953
ACACGGGAACTTAGGG-1,0.011436,0.423638,0.564926
ACACGTAGGCCACAAG-1,0.665671,0.333624,0.000705
ACACTGATCAAGGTGT-1,0.000035,0.002598,0.997367
ACACTGGGACAGTCGT-1,0.571843,0.198835,0.229322
ACAGAACTGAGAACAA-1,0.00003,0.000186,0.999784
ACAGATTAGGTTAGTG-1,0.057109,0.941856,0.001035
ACAGCATAGAGCCAGT-1,0.000159,0.601875,0.397966
ACAGCGACATTCTCAT-1,0.123198,0.406621,0.470181
ACAGCGCACCCGCAGC-1,0.000086,0.297456,0.702458
ACAGGCACGGATCCTT-1,0.000045,0.118112,0.881842
ACAGGCTTGCCCGACT-1,0.064433,0.282109,0.653458
ACAGGTGTGTTGTTGC-1,0.000043,0.172791,0.827166
ACAGTAATACAACTTG-1,0.000035,0.078628,0.921337
ACAGTATACCGTGGGA-1,0.076069,0.45242,0.471511
ACAGTGCAGCGCATTT-1,0.006788,0.00867,0.984542
ACATAAGTCGTGGTGA-1,0.000051,0.178011,0.821938
ACATAATAAGGCGGTG-1,0.000061,0.419248,0.580692
ACATACAATCAAGCGG-1,0.027035,0.025223,0.947742
ACATCAGCTGGGACGC-1,0.123574,0.261536,0.614891
ACATCCCGGCCATACG-1,0.000061,0.180021,0.819918
ACATCCTGGTAACTGT-1,0.403708,0.435321,0.160971
ACATCGATCGTTTACC-1,0.000076,0.198055,0.801869
ACATCGCAATATTCGG-1,0.000036,0.209226,0.790738
ACATCGGTCAGCCGCG-1,0.611475,0.282299,0.106226
ACATCGTATGCAATGG-1,0.030734,0.357431,0.611835
ACATCGTTAACCTAGT-1,0.000179,0.532035,0.467786
ACATCTCAACGCGTAA-1,0.034371,0.000023,0.965606
ACATGCTTACGGCAGC-1,0.003368,0.000018,0.996614
ACATGGCGCCAAAGTA-1,0.256371,0.14395,0.599679
ACATTAGTTTATATCC-1,0.000056,0.066722,0.933222
ACATTCGCGCGGAATA-1,0.002489,0.00001,0.997501
ACATTTGAAACCTAAC-1,0.137904,0.057178,0.804918
ACCAAACACCCAGCGA-1,0.000037,0.066784,0.933179
ACCAAACTAGAAATCC-1,0.000169,0.670141,0.32969
ACCAACACCACACACT-1,0.000038,0.299644,0.700318
ACCAACCGCACTCCAC-1,0.176504,0.042792,0.780705
ACCAACGCTTATTTAT-1,0.000066,0.298621,0.701313
ACCAAGAACGCGTGTC-1,0.000044,0.184058,0.815897
ACCAAGTCATCGGCAG-1,0.206146,0.49488,0.298974
ACCAATATGCAAGTTA-1,0.0217,0.008055,0.970245
ACCACAACTCAGAACA-1,0.000051,0.038923,0.961026
ACCACAAGTTTCTATC-1,0.000105,0.373701,0.626193
ACCACACGGTTGATGG-1,0.034862,0.053806,0.911332
ACCACCAATGTAACAA-1,0.229196,0.512517,0.258287
ACCACCCTCTCTTCTA-1,0.000047,0.003218,0.996735
ACCACGTGCAGCTATA-1,0.014637,0.017364,0.967999
ACCAGACCATAACAAC-1,0.00004,0.230885,0.769075
ACCAGCCCGGTCTTTG-1,0.000067,0.045896,0.954037
ACCAGTGCCCGGTCAA-1,0.124662,0.000037,0.875302
ACCAGTGCGGGAGACG-1,0.036052,0.087559,0.876389
ACCATATCCGCAATAA-1,0.035496,0.412225,0.55228
ACCATCCGCCAACTAG-1,0.000082,0.505605,0.494313
ACCATCGTATATGGTA-1,0.029837,0.564858,0.405304
ACCATTAAGGGTGTCA-1,0.038445,0.960487,0.001068
ACCCAACGCCCGTGGC-1,0.000055,0.390753,0.609191
ACCCATCTTGAGGGTA-1,0.026316,0.486257,0.487427
ACCCATTTGTCCCTCT-1,0.280918,0.244915,0.474168
ACCCGAGCGAAATTAC-1,0.000058,0.41359,0.586353
ACCCGATTGGTTCCGA-1,0.175144,0.514915,0.309941
ACCCGGAAACTCCCAG-1,0.000063,0.24157,0.758366
ACCCGGAGCACCACAA-1,0.999586,0.000052,0.000362
ACCCGGATGACGCATC-1,0.080544,0.095075,0.824381
ACCCGGTTACACTTCC-1,0.000025,0.000025,0.999949
ACCCGTAGCAGAGAAT-1,0.000039,0.206967,0.792995
ACCCGTAGTCTAGTTG-1,0.865448,0.053611,0.080941
ACCCGTGTCATCAGTA-1,0.000096,0.300017,0.699888
ACCCTCCCGTCAGGGC-1,0.008247,0.139684,0.852069
ACCCTCCCTTGCTATT-1,0.026637,0.028363,0.945
ACCCTGGTAACGCCCT-1,0.052101,0.000035,0.947864
ACCCTTCATCTGCGAA-1,0.031183,0.292532,0.676285
ACCCTTGCCTGGGTCG-1,0.031419,0.024856,0.943726
ACCCTTTAGTTCTCCA-1,0.000032,0.000032,0.999936
ACCGAAAGGGCCCTGC-1,0.038765,0.410876,0.550359
ACCGAAGAGTCTGGTT-1,0.03293,0.127906,0.839164
ACCGACACATCTCCCA-1,0.000024,0.000024,0.999952
ACCGACTGAGTCCCAC-1,0.000081,0.417791,0.582128
ACCGAGTCTCCTTATT-1,0.084813,0.000057,0.91513
ACCGATAGGCATAACC-1,0.769611,0.062157,0.168233
ACCGATATTTAATCAT-1,0.951325,0.000103,0.048573
ACCGATGGTAGCATCG-1,0.01949,0.009709,0.9708
ACCGCAATAACTGCCT-1,0.107622,0.099651,0.792728
ACCGCGGTGGAAGTCG-1,0.637931,0.20277,0.159299
ACCGCTAGTCATTGGT-1,0.00003,0.157016,0.842954
ACCGGGCCTTTGTTGA-1,0.09367,0.605111,0.301218
ACCGGTCAGGTACACC-1,0.029128,0.17686,0.794011
ACCGGTCTGAGTACGG-1,0.00003,0.031384,0.968586
ACCGTCCACTGGGCCC-1,0.000016,0.046094,0.95389
ACCGTTCCCGCTCTGA-1,0.048906,0.113502,0.837592
ACCTAAGTACCTTTCA-1,0.339099,0.656201,0.0047
ACCTAATCGACTTCCT-1,0.024857,0.23039,0.744753
ACCTACAGTATGTGGT-1,0.436783,0.517026,0.04619
ACCTACTATAAATCTA-1,0.00001,0.00001,0.99998
ACCTCAGCGAGGCGCA-1,0.063397,0.112359,0.824244
ACCTCCGCCCTCGCTG-1,0.473792,0.513576,0.012633
ACCTCCGTTATTCACC-1,0.264238,0.735021,0.000741
ACCTCGAACTTATGCT-1,0.00022,0.042094,0.957686
ACCTGCGTGTCATGTT-1,0.000076,0.191769,0.808155
ACCTTTCCTTTAGAAG-1,0.07728,0.538541,0.384179
ACGAAATGGGCGGCAC-1,0.000112,0.999103,0.000785
ACGACCCATGAGTTGC-1,0.910963,0.08863,0.000407
ACGACTCTAGGGCCGA-1,0.036202,0.347792,0.616006
ACGACTGGTCATACTC-1,0.000107,0.833426,0.166467
ACGAGATATTTGCTTA-1,0.038979,0.186764,0.774257
ACGAGGATACCACTCT-1,0.000045,0.160867,0.839088
ACGAGGTTTACAACGT-1,0.014788,0.010492,0.97472
ACGAGTACGGATGCCC-1,0.074056,0.052093,0.87385
ACGATACATAGAACTA-1,0.000058,0.245373,0.754569
ACGATACCTATCCTGA-1,0.000046,0.187364,0.812591
ACGATCATACATAGAG-1,0.00004,0.050783,0.949177
ACGATCATCTTGTAAA-1,0.103279,0.509655,0.387066
ACGATGCATATGTTAT-1,0.000112,0.513882,0.486005
ACGATGGATCCGATGC-1,0.00005,0.108769,0.891181
ACGCAAACTAATAGAT-1,0.053518,0.941324,0.005159
ACGCAATCACTACAGC-1,0.000033,0.002145,0.997822
ACGCATAAATGACATG-1,0.079384,0.082784,0.837833
ACGCATACGTTTACTA-1,0.115992,0.109551,0.774457
ACGCATTCGTGAGTAC-1,0.000037,0.049293,0.95067
ACGCCACTCGAAACAG-1,0.020391,0.023706,0.955903
ACGCCAGATGATTTCT-1,0.050718,0.003344,0.945938
ACGCCAGTGCGTTTGC-1,0.472067,0.000046,0.527887
ACGCCCAGCTGTCGAT-1,0.000046,0.000046,0.999908
ACGCCGCTAGACGACC-1,0.003623,0.06844,0.927937
ACGCGAAGTCAGACGA-1,0.000026,0.000026,0.999948
ACGCGCTACACAGGGT-1,0.039361,0.81695,0.143689
ACGCGGGCCAAGGACA-1,0.000027,0.070723,0.92925
ACGCGTTTCTTAAGAG-1,0.00003,0.061544,0.938426
ACGCTACTGAATGGGC-1,0.621911,0.377407,0.000682
ACGCTAGTATCAGTGC-1,0.052692,0.00004,0.947268
ACGCTAGTGATACACT-1,0.026657,0.048466,0.924877
ACGCTGTGAGGCGTAG-1,0.000122,0.333553,0.666325
ACGCTTAGTGTCTCTC-1,0.00007,0.181959,0.817972
ACGGAACACGAGTGCC-1,0.000022,0.000022,0.999956
ACGGAATTTAGCAAAT-1,0.05297,0.246014,0.701015
ACGGACGCAGCGACAA-1,0.000053,0.37144,0.628507
ACGGACTCTCAAAGCG-1,0.064958,0.155407,0.779634
ACGGAGCGCAAATTAC-1,0.000049,0.2126,0.787352
ACGGATGGTGCGGATA-1,0.021805,0.259795,0.718401
ACGGCACTTGCTTGGG-1,0.000055,0.464511,0.535434
ACGGCCAACATGGACT-1,0.014747,0.000018,0.985235
ACGGCGACGATGGGAA-1,0.006386,0.082163,0.911451
ACGGCTGGATGTAGAA-1,0.000024,0.009565,0.990411
ACGGGAGTGTCGGCCC-1,0.000132,0.730634,0.269235
ACGGGCGTATGCGACA-1,0.008898,0.105534,0.885567
ACGGGTCATGTGACTT-1,0.179217,0.81957,0.001212
ACGGGTTGTGACCTGT-1,0.000035,0.198433,0.801532
ACGGTACAGTTCAATG-1,0.010727,0.00228,0.986993
ACGGTCACCGAGAACA-1,0.000021,0.048591,0.951388
ACGTACAGATTTCTCT-1,0.018604,0.009793,0.971602
ACGTACTTTGGCACGG-1,0.00002,0.067643,0.932337
ACGTAGATTGCTGATG-1,0.000042,0.096454,0.903504
ACGTAGGAGAGTCGCT-1,0.044492,0.000013,0.955495
ACGTATTACTCCGATC-1,0.185396,0.73003,0.084574
ACGTCCTAAACGAGAT-1,0.090359,0.265388,0.644253
ACGTCGGGCAACTCGG-1,0.005067,0.411124,0.583809
ACGTCTCGTTCCGGGA-1,0.050581,0.000018,0.9494
ACGTGACAAAGTAAGT-1,0.000017,0.008072,0.991911
ACGTGCGCCTCGTGCA-1,0.000079,0.194143,0.805777
ACGTGGTCGAATGTGC-1,0.000028,0.000028,0.999944
ACGTTAATGTCGAAGA-1,0.000048,0.394552,0.6054
ACGTTAGATTTGCCCG-1,0.000164,0.991567,0.00827
ACGTTATTGGTCACTC-1,0.167217,0.831666,0.001117
ACGTTCACTATGCCGC-1,0.088546,0.726938,0.184516
ACGTTCCGCGCTCCGT-1,0.053132,0.375721,0.571148
ACGTTCGCAATCAATT-1,0.335003,0.414789,0.250208
ACGTTCGTTCAGGAAA-1,0.038289,0.330818,0.630893
ACGTTCTGTACAAGTC-1,0.004318,0.037866,0.957816
ACGTTGTCGTTGAAAG-1,0.000041,0.3838,0.616158
ACGTTTAGTTGTGATC-1,0.000063,0.26593,0.734007
ACGTTTCGGTGCACTT-1,0.790757,0.140365,0.068879
ACTAAGGACGCACACC-1,0.000037,0.145192,0.854771
ACTAATACGTCAGGCG-1,0.077377,0.001669,0.920954
ACTACAAAGAGAGGTG-1,0.046229,0.856962,0.096809
ACTACATCCCGACAAG-1,0.014682,0.00001,0.985308
ACTACCAGCTCTCTGG-1,0.367608,0.222034,0.410359
ACTACCATCCGAGGGC-1,0.000015,0.001299,0.998686
ACTACGCGTTAGAATT-1,0.000112,0.599589,0.4003
ACTAGTTGCGATCGTC-1,0.506261,0.493169,0.00057
ACTATATGCTGTGTTC-1,0.140231,0.031018,0.828751
ACTATCCAGGGCATGG-1,0.171393,0.004703,0.823904
ACTATCGCCGGCTAAA-1,0.158034,0.840998,0.000968
ACTATCTGCCCGCGTA-1,0.56053,0.316759,0.122711
ACTATGTCCAGCTGCC-1,0.004195,0.524897,0.470909
ACTATTCGTCCGTGGT-1,0.00838,0.118789,0.872831
ACTATTTCCGGGCCCA-1,0.012803,0.251629,0.735568
ACTCAAGTGCAAGGCT-1,0.059728,0.082298,0.857974
ACTCAATAAAGGCACG-1,0.040234,0.035612,0.924154
ACTCATGGCAGCCTTC-1,0.000149,0.183229,0.816622
ACTCCAATATCATCAT-1,0.004033,0.0143,0.981667
ACTCCCATTCCTAAAG-1,0.106866,0.171592,0.721542
ACTCCCGAATTCGTTT-1,0.024638,0.234199,0.741163
ACTCCCGTAGACTAGG-1,0.000077,0.203885,0.796038
ACTCCCTAATGCTAAA-1,0.065498,0.03035,0.904152
ACTCCCTAGAATAGTA-1,0.004452,0.274611,0.720937
ACTCCGGCCGACCACT-1,0.029403,0.000018,0.970579
ACTCGATGTATTTCAT-1,0.000416,0.770053,0.22953
ACTCGCCGTTCGATAA-1,0.229626,0.583697,0.186677
ACTCGCGATCTGACGC-1,0.820696,0.045771,0.133533
ACTCGTAACCCGTCCT-1,0.000037,0.002445,0.997518
ACTCGTCAGTAATCCC-1,0.028457,0.000031,0.971511
ACTCTAAACCTGGGAT-1,0.000031,0.037092,0.962878
ACTCTCTGACTTAGGT-1,0.000075,0.267185,0.73274
ACTCTCTTATACACGA-1,0.015815,0.014768,0.969417
ACTCTGACCTAATAGA-1,0.169999,0.000028,0.829973
ACTCTTCAGCTCCCGC-1,0.231001,0.14357,0.625428
ACTCTTGTATAGTAAC-1,0.108471,0.106235,0.785294
ACTGAAACGCCGTTAG-1,0.021512,0.13938,0.839108
ACTGAATGGCGAAAGT-1,0.00006,0.516495,0.483444
ACTGATTTAGTGATTC-1,0.000056,0.000056,0.999888
ACTGCCCGCCATTCTC-1,0.000032,0.165327,0.834641
ACTGCCGTCGTAACTC-1,0.000052,0.355354,0.644594
ACTGCGGACACACCGT-1,0.449587,0.000026,0.550386
ACTGCTCGGAAGGATG-1,0.000032,0.000032,0.999936
ACTGGCGAACCTGCGT-1,0.000034,0.009054,0.990912
ACTGGGATGCCAGTGC-1,0.11155,0.526115,0.362334
ACTGTACGATACACAT-1,0.000049,0.140059,0.859892
ACTGTAGCACTTTGGA-1,0.039203,0.344216,0.616581
ACTGTCCAGGATTATA-1,0.000083,0.1044,0.895517
ACTGTCTTCTTTAGAA-1,0.000079,0.345751,0.65417
ACTGTTTAGTGTAGGC-1,0.095339,0.157718,0.746943
ACTTACCGGGCGCGCA-1,0.000043,0.204153,0.795803
ACTTACGCATCCACGC-1,0.000094,0.268027,0.731879
ACTTATACTTACCCGG-1,0.02273,0.132237,0.845033
ACTTATTAGGATCGGT-1,0.000043,0.015575,0.984383
ACTTATTTATGTGCCA-1,0.059851,0.451794,0.488355
ACTTCAGGCTGATCCC-1,0.025758,0.079668,0.894574
ACTTCCAGTGGAAGCT-1,0.000046,0.370677,0.629277
ACTTCCATGCGGGACA-1,0.015009,0.017409,0.967582
ACTTCCTGTCGTGCGA-1,0.000055,0.290969,0.708976
ACTTCGCCATACGCAC-1,0.000056,0.222812,0.777132
ACTTCGCTAGCGAGTG-1,0.153323,0.128621,0.718056
ACTTGACTCCCTCTTT-1,0.000059,0.074318,0.925623
ACTTGCTCTATCTACC-1,0.000054,0.350636,0.64931
ACTTGGGACCCGGTGG-1,0.134369,0.168713,0.696918
ACTTGGGCTTTCGCCA-1,0.001579,0.07506,0.923361
ACTTGTAGTCCCTTCA-1,0.000069,0.177606,0.822325
ACTTGTGGATGGAACG-1,0.501306,0.414191,0.084503
ACTTGTTACCGGATCA-1,0.000021,0.296235,0.703744
ACTTTACCCTCATGAA-1,0.077708,0.110975,0.811316
ACTTTATACACCACTT-1,0.00429,0.00723,0.98848
ACTTTCCTATAGCTTC-1,0.000059,0.117267,0.882674
ACTTTGACTGCATCCT-1,0.000063,0.211255,0.788683
ACTTTGGTCGTGCTCC-1,0.000087,0.366642,0.633271
ACTTTGTCGACGCACT-1,0.879752,0.119003,0.001245
AGAAATTATGACTCGC-1,0.566508,0.092004,0.341488
AGAACACGGCGATGGT-1,0.000033,0.196958,0.803009
AGAACCCAGCGTGACA-1,0.784517,0.213502,0.001981
AGAACCCTCAATTGGG-1,0.004845,0.202767,0.792388
AGAACGTGGTACATTC-1,0.03005,0.284491,0.685458
AGAACTGTACTTTGTA-1,0.048783,0.000031,0.951186
AGAAGAGCGCCGTTCC-1,0.00095,0.282393,0.716656
AGAAGGTACACTTCAC-1,0.000068,0.254971,0.744961
AGAAGGTTGCCGAATT-1,0.015581,0.041873,0.942546
AGAAGGTTGTAGGTCG-1,0.000056,0.037167,0.962777
AGAAGTGATTCGTGAT-1,0.000091,0.965229,0.03468
AGAATAAATCTTCAGG-1,0.00011,0.371046,0.628844
AGAATACAGGCTATCC-1,0.13652,0.000139,0.863341
AGAATGCGGGTTCGGA-1,0.000025,0.003207,0.996767
AGAATTATGGATTCGA-1,0.04747,0.299193,0.653337
AGACAGCTCAGAATCC-1,0.067042,0.6995,0.233458
AGACCAAACCACACCT-1,0.011352,0.000018,0.988631
AGACCATGGGATACAA-1,0.054292,0.194215,0.751493
AGACCCACCGCTGATC-1,0.000059,0.211839,0.788103
AGACCCGCCCTCCTCG-1,0.000059,0.213648,0.786292
AGACCGCTCCGCGGTT-1,0.573736,0.425677,0.000587
AGACCGGGAAACCCTG-1,0.006617,0.048486,0.944897
AGACGAAGTGCCGGTC-1,0.160103,0.348039,0.491858
AGACGACGATGCCGCT-1,0.386963,0.564442,0.048595
AGACGCCCACTTCGCC-1,0.798419,0.116202,0.085379
AGACGGGATTGGTATA-1,0.019624,0.152921,0.827455
AGACGGGCCGATTTAA-1,0.000048,0.01997,0.979982
AGACTAGCCTTCCAGA-1,0.000069,0.109633,0.890298
AGACTGTTACCGGGTC-1,0.030147,0.281124,0.68873
AGAGAAACACCAGAAA-1,0.033246,0.720825,0.245929
AGAGAACCGTCTAGGA-1,0.003092,0.215935,0.780973
AGAGAAGGAGTACAAT-1,0.2722,0.519338,0.208462
AGAGATCTCTAAAGCG-1,0.000053,0.060428,0.939519
AGAGCAGTTATGAGAC-1,0.00014,0.921424,0.078436
AGAGCCGCCGAGATTT-1,0.743719,0.150222,0.10606
AGAGCGCTTGTAACGG-1,0.03435,0.076824,0.888826
AGAGCGGGCTAATCAT-1,0.009583,0.21536,0.775057
AGAGGCTTCGGAAACC-1,0.060371,0.409675,0.529954
AGAGGGACAATTGTCC-1,0.000037,0.063322,0.936641
AGAGTAAACTTCACTA-1,0.635535,0.325087,0.039378
AGAGTATAGTGTTACG-1,0.097609,0.004241,0.898151
AGAGTCTTAATGAAAG-1,0.877555,0.090401,0.032044
AGAGTGAACAGACACC-1,0.015997,0.005723,0.97828
AGAGTTAGAGACCGAT-1,0.028042,0.152037,0.819921
AGAGTTGCAGGCCTCC-1,0.027003,0.00002,0.972977
AGATAACTTCAGGGCC-1,0.00003,0.100855,0.899115
AGATAATCACACCTAT-1,0.035934,0.310224,0.653842
AGATACCAATAGAACC-1,0.215136,0.457332,0.327532
AGATACCAGCACTTCA-1,0.044592,0.000061,0.955347
AGATACCGGTGTTCAC-1,0.092311,0.658662,0.249028
AGATACTCAAGATCGA-1,0.095688,0.530054,0.374258
AGATATAATACGACTA-1,0.134217,0.102322,0.763461
AGATCGTGCATAAGAT-1,0.000016,0.000016,0.999967
AGATCTCAGGTGTGAT-1,0.000052,0.001075,0.998873
AGATCTGGAGAGGATA-1,0.01234,0.045532,0.942128
AGATGACTCGCCCACG-1,0.000086,0.403562,0.596352
AGATGAGGGTTGCGAT-1,0.000032,0.076134,0.923834
AGATGATGGAGTCTGG-1,0.070294,0.601217,0.32849
AGATGCAAGACGTGCA-1,0.000058,0.069362,0.93058
AGATGCATCCTGTGTC-1,0.00008,0.125504,0.874417
AGATGCTATAACGAGC-1,0.071032,0.204896,0.724072
AGATTATAGGACGTTT-1,0.000078,0.206156,0.793766
AGATTCAAGCGGGTCG-1,0.056194,0.000025,0.943782
AGATTCACAACCGATA-1,0.035162,0.245159,0.719679
AGCAAAGGCCGCTAGT-1,0.174161,0.153682,0.672157
AGCAACATATCTTATT-1,0.178704,0.021946,0.799349
AGCAACCGAAAGTAAT-1,0.000088,0.456783,0.543129
AGCACACGTTTAGACT-1,0.000025,0.000025,0.99995
AGCACCAGTACTCACG-1,0.000071,0.12952,0.870409
AGCACTACCGGCCTGT-1,0.000108,0.592381,0.40751
AGCACTACCTCACCAG-1,0.033869,0.000024,0.966107
AGCAGAAGGAGAAAGA-1,0.000033,0.257254,0.742713
AGCAGCCAGATGAATA-1,0.000067,0.291432,0.708501
AGCAGTCGAAGCATGC-1,0.029724,0.005134,0.965142
AGCATATCAATATGCT-1,0.213587,0.22497,0.561443
AGCATCATTTCGAAAG-1,0.000038,0.00568,0.994282
AGCATCGTCGATAATT-1,0.000059,0.000059,0.999882
AGCATTACGAGGCAAG-1,0.301766,0.176362,0.521872
AGCCAAGCTTTGTGTC-1,0.000075,0.125508,0.874417
AGCCACAGGTTACCCG-1,0.039493,0.002636,0.957871
AGCCACTCCCGTGCTT-1,0.026979,0.000022,0.972999
AGCCATATAGTATGTG-1,0.000041,0.25959,0.740369
AGCCCATACATGTAAG-1,0.000151,0.998788,0.00106
AGCCCGCAACAAGCAG-1,0.000014,0.023145,0.976841
AGCCCGCACTACAATG-1,0.545643,0.186937,0.26742
AGCCCGGCATTAGAGG-1,0.000022,0.000856,0.999122
AGCCCGGTAGCCTGTA-1,0.000075,0.462893,0.537032
AGCCCTAAGCGAAGTT-1,0.000069,0.138274,0.861656
AGCCCTCCCTGGTGGC-1,0.010809,0.000019,0.989172
AGCCCTGTCGCACCGT-1,0.85739,0.142075,0.000535
AGCCCTTCTAATCCGA-1,0.000078,0.243842,0.75608
AGCCCTTGGACATCCC-1,0.722434,0.000074,0.277492
AGCCGCAAATTCAAAT-1,0.031643,0.010415,0.957942
AGCCGCTTGATTAGCG-1,0.053687,0.944891,0.001423
AGCCGTGGCTAAATGT-1,0.00003,0.00004,0.99993
AGCCTAATACCCACGT-1,0.281722,0.000033,0.718245
AGCCTTAAAGCGGAAG-1,0.000185,0.99852,0.001295
AGCCTTGTCACTGATA-1,0.02155,0.000117,0.978332
AGCGACAGGAACGGTC-1,0.036301,0.281036,0.682663
AGCGACATCCCATTCA-1,0.000114,0.293096,0.70679
AGCGACCAACGATATT-1,0.000073,0.1128,0.887127
AGCGACTTTGAAGACA-1,0.118737,0.133259,0.748004
AGCGAGACGTGAAGGC-1,0.000039,0.338791,0.661171
AGCGATGCGCCTAATA-1,0.173807,0.455271,0.370922
AGCGCATAATGAATCG-1,0.03359,0.109243,0.857167
AGCGCGGGTGCCAATG-1,0.000039,0.141971,0.85799
AGCGCTAGAGCGATGT-1,0.873391,0.125954,0.000654
AGCGCTTATGGGCAAG-1,0.000025,0.000025,0.999949
AGCGGACACTTCGTAG-1,0.000069,0.287411,0.71252
AGCGGCGGTTAGCGGT-1,0.000059,0.214096,0.785845
AGCGGGTCTGACACTC-1,0.000055,0.353929,0.646016
AGCGGTTGAGATGTAC-1,0.000043,0.040446,0.959511
AGCGGTTGCCGCTCTG-1,0.086845,0.301029,0.612126
AGCGTGGTATTCTACT-1,0.048918,0.110893,0.840189
AGCGTTCCGATTTAAA-1,0.019217,0.105638,0.875145
AGCTAACAAGCAATGT-1,0.028658,0.64868,0.322662
AGCTAAGCTCCGTCCG-1,0.012826,0.676767,0.310407
AGCTAAGTACGCAGGC-1,0.000027,0.000027,0.999946
AGCTACGAATGGTGGT-1,0.199504,0.346268,0.454228
AGCTAGAAGCAGAAGT-1,0.107483,0.258569,0.633948
AGCTATTTAATCCAAC-1,0.000042,0.011102,0.988856
AGCTCCATATATGTTC-1,0.559532,0.112175,0.328293
AGCTCCTTCGCACATC-1,0.076151,0.21843,0.70542
AGCTCGTTGATGGAAA-1,0.005763,0.069819,0.924418
AGCTCTAGACGTTCCA-1,0.039223,0.004989,0.955788
AGCTCTTCCCAGTGCA-1,0.00004,0.108935,0.891025
AGCTCTTCGTAACCTT-1,0.419208,0.116512,0.46428
AGCTCTTTACTCAGTT-1,0.000036,0.017729,0.982236
AGCTGAAGTAAACCAA-1,0.032253,0.00412,0.963626
AGCTGCATTTGAGGTG-1,0.039713,0.343028,0.617259
AGCTGCTGTGCCGAAT-1,0.04533,0.020746,0.933924
AGCTGTAACCTCAATC-1,0.003891,0.254601,0.741509
AGCTTCAATACTTTGA-1,0.011511,0.000038,0.988451
AGCTTCTTCTCGAGCA-1,0.168484,0.00004,0.831476
AGCTTGATCAGGGTAG-1,0.000056,0.424391,0.575554
AGCTTGATCTTAACTT-1,0.005417,0.264548,0.730036
AGGAACGAACGACTTC-1,0.864948,0.0126,0.122452
AGGAAGCTGTCCGCCG-1,0.000031,0.000031,0.999939
AGGACAGTCGAATCCC-1,0.0363,0.040966,0.922734
AGGACATCGGCACACT-1,0.65563,0.000031,0.344339
AGGACGACCCATTAGA-1,0.0001,0.22474,0.77516
AGGACGCTCGATGTTG-1,0.100332,0.188089,0.711578
AGGACTTATAGGAGAA-1,0.047522,0.951419,0.001059
AGGAGACATCCACAGT-1,0.055918,0.000024,0.944058
AGGAGAGTCTGGCTAC-1,0.036497,0.065246,0.898257
AGGAGCGTTTATTATC-1,0.381464,0.122576,0.49596
AGGAGGCCTTCGCGCG-1,0.003767,0.000026,0.996206
AGGATAAAGTCGGGAT-1,0.001713,0.000753,0.997534
AGGATATAGGGATTTA-1,0.144521,0.609581,0.245898
AGGATATCCGACTGCA-1,0.022897,0.176665,0.800438
AGGATCACGCGATCTG-1,0.000046,0.131131,0.868823
AGGATTGCTTACGACA-1,0.035388,0.383474,0.581139
AGGCACGTGACTGTCC-1,0.623704,0.375198,0.001098
AGGCAGATGCGTAAAC-1,0.126659,0.0374,0.835941
AGGCAGGGAGCGTACT-1,0.000091,0.183258,0.816651
AGGCATTGTCGTAGGG-1,0.119895,0.504477,0.375628
AGGCCACCCGTTATGA-1,0.060412,0.902595,0.036992
AGGCCCATTGTACAGG-1,0.000077,0.090047,0.909875
AGGCCCTAGAACGCCA-1,0.000096,0.769337,0.230567
AGGCCTATCATACCAA-1,0.000045,0.656332,0.343623
AGGCCTGAGAATCTCG-1,0.025888,0.176756,0.797357
AGGCGATAACTGGCGT-1,0.874498,0.124802,0.0007
AGGCGGTTTGTCCCGC-1,0.015361,0.009842,0.974797
AGGCGTCTATGGACGG-1,0.041439,0.000034,0.958527
AGGCTTAAGTTGCACA-1,0.000044,0.289361,0.710595
AGGCTTCCCGAAGAAG-1,0.015808,0.982779,0.001414
AGGCTTGCTAGACACC-1,0.215665,0.67556,0.108776
AGGGAAACGAGGTACT-1,0.000048,0.20936,0.790592
AGGGACCGGCTGCGTT-1,0.275774,0.117,0.607226
AGGGACTCTACGCGAC-1,0.000043,0.074432,0.925525
AGGGAGACATACTTCG-1,0.058572,0.027323,0.914105
AGGGCAGCGGCGTGGT-1,0.045343,0.324639,0.630018
AGGGCCCTAATGTTCT-1,0.99928,0.00009,0.00063
AGGGCGAGCAGCTGAT-1,0.000036,0.195399,0.804565
AGGGCGTGATCGGCTA-1,0.000193,0.976782,0.023025
AGGGCTGCAGTTACAG-1,0.018889,0.168574,0.812537
AGGGTCAGAGCACTCG-1,0.232444,0.547941,0.219615
AGGGTCAGTAACCCTA-1,0.000071,0.09472,0.905209
AGGGTCGATGCGAACT-1,0.123167,0.368033,0.5088
AGGGTCTGGACGCAGT-1,0.699367,0.112018,0.188615
AGGGTGCCGTTCTTTA-1,0.000099,0.716856,0.283045
AGGGTGCTCTCGAGGG-1,0.00306,0.116715,0.880225
AGGGTGGATAGTGCAT-1,0.000064,0.362757,0.637179
AGGGTGTGCTACACGC-1,0.112309,0.146217,0.741474
AGGGTTCAGACGGTCC-1,0.10906,0.288835,0.602105
AGGGTTCCCTTTGGTT-1,0.006808,0.120961,0.872231
AGGGTTTAGTTCGGGA-1,0.018239,0.215404,0.766357
AGGTACGATATTGCCA-1,0.000025,0.000025,0.999949
AGGTAGATCGAGATAT-1,0.083741,0.578506,0.337753
AGGTATAATTGATAGT-1,0.211605,0.362343,0.426052
AGGTATGCGGACATTA-1,0.632361,0.216913,0.150725
AGGTCAGGTGAGAGTG-1,0.000036,0.021793,0.978172
AGGTCGCCTCCCAACA-1,0.840558,0.158776,0.000666
AGGTCGCGGAGTTACT-1,0.063817,0.327835,0.608348
AGGTGCACGTCCACAT-1,0.218006,0.000039,0.781956
AGGTGGTGACCTTCGC-1,0.00004,0.020736,0.979224
AGGTGTATCGCCATGA-1,0.000053,0.009467,0.99048
AGGTGTTGCCGACCAC-1,0.872562,0.126697,0.000741
AGGTTACACCATGCCG-1,0.634063,0.297849,0.068088
AGGTTCTCCTTTCCGG-1,0.000048,0.339059,0.660893
AGGTTGAGGCACGCTT-1,0.063746,0.492504,0.44375
AGGTTTCACACACCTT-1,0.009846,0.089908,0.900246
AGTAACGTTCATCCTG-1,0.000079,0.242689,0.757232
AGTAACTATAGCAGCC-1,0.236626,0.011212,0.752162
AGTAAGGGACAGAATC-1,0.085994,0.320638,0.593368
AGTAATCTAAGGGTGG-1,0.097755,0.218094,0.684151
AGTAATGTCTTGCCGC-1,0.000159,0.360103,0.639738
AGTAATTTGCAAGCGT-1,0.000018,0.000018,0.999964
AGTACAGAAGCTTATA-1,0.052171,0.031111,0.916719
AGTACATCATTTATCA-1,0.016123,0.317616,0.666261
AGTACCTTCGAGTGCT-1,0.000095,0.116432,0.883473
AGTACGGCCCGTATCG-1,0.002379,0.000021,0.997599
AGTACGGGCACCTGGC-1,0.047267,0.005478,0.947256
AGTACGTGGCCTGTCT-1,0.000078,0.266685,0.733237
AGTACTCTTATGCCCA-1,0.077631,0.216693,0.705675
AGTAGAAGGCGCCTCA-1,0.000052,0.328148,0.6718
AGTAGCGTGAACGAAC-1,0.000074,0.02499,0.974936
AGTAGCTAGACGCCGA-1,0.042854,0.07103,0.886116
AGTAGGAAGGAAGTTG-1,0.00084,0.025839,0.973321
AGTAGGTAACATACAT-1,0.149525,0.772934,0.077541
AGTATACACAGCGACA-1,0.0001,0.805183,0.194717
AGTATGCTGGAGACCA-1,0.000034,0.001698,0.998268
AGTATTTGGCACGACC-1,0.000081,0.330452,0.669466
AGTCAAATGATGTGAT-1,0.158457,0.490106,0.351436
AGTCAACACCACCATC-1,0.000037,0.013014,0.986949
AGTCAAGATGACACTT-1,0.028836,0.201054,0.770111
AGTCACTAGCTCTCGA-1,0.101668,0.623899,0.274433
AGTCAGCCACCGCCTG-1,0.042049,0.151467,0.806485
AGTCCATTGGCTGATG-1,0.073669,0.400643,0.525688
AGTCCCGCCTTTAATT-1,0.027456,0.116865,0.855678
AGTCCCTCGCAGAAAG-1,0.100644,0.000024,0.899332
AGTCGAAACGATTCAG-1,0.000055,0.48507,0.514875
AGTCGAATTAGCGTAA-1,0.605914,0.263808,0.130277
AGTCGACGGTCTCAAG-1,0.042234,0.324886,0.632881
AGTCGGCCCAAACGAC-1,0.000102,0.547066,0.452832
AGTCGGCTCAACTTTA-1,0.000042,0.118245,0.881713
AGTCGGTTGCGTGAGA-1,0.296361,0.239876,0.463764
AGTCGTATAAAGCAGA-1,0.000021,0.000034,0.999945
AGTCGTCGACCACCAA-1,0.000055,0.202439,0.797507
AGTCGTGGGCATTACG-1,0.000228,0.998177,0.001595
AGTCTAAAGTATACTC-1,0.0277,0.194884,0.777416
AGTCTCACAAGACTAC-1,0.000158,0.883985,0.115857
AGTCTTCTCCTCAAAT-1,0.000054,0.140829,0.859118
AGTCTTTAAAGTGTCC-1,0.107828,0.07624,0.815931
AGTGAACAAACTTCTC-1,0.276675,0.457044,0.266282
AGTGAAGATGGTGTCC-1,0.02859,0.162614,0.808796
AGTGACCTACTTTACG-1,0.000035,0.018192,0.981773
AGTGACTGTGACACAA-1,0.068647,0.163286,0.768067
AGTGAGACTTCCAGTA-1,0.000044,0.118425,0.881531
AGTGAGCCTCGCCGCC-1,0.026956,0.14053,0.832514
AGTGAGGGTTTCTGAC-1,0.000049,0.100076,0.899876
AGTGAGTCGAATTAAC-1,0.332736,0.493631,0.173633
AGTGATAACCTGCGCG-1,0.059756,0.108177,0.832067
AGTGATATGAGTAGTT-1,0.000046,0.063446,0.936508
AGTGATTCAAGCAGGA-1,0.000034,0.015901,0.984065
AGTGCACGCTTAAGAA-1,0.462785,0.304392,0.232823
AGTGCGTAGCTCGTAA-1,0.000073,0.638904,0.361022
AGTGCTAAACACAGCA-1,0.000029,0.043709,0.956262
AGTGCTTGCACGAATA-1,0.02317,0.018455,0.958375
AGTGGCCCGCAAATGG-1,0.032171,0.000022,0.967807
AGTGGCGGCAATTTGA-1,0.000042,0.106556,0.893402
AGTGGCGTCTGAAGGT-1,0.000068,0.363675,0.636258
AGTGGCTCCGTCGGCC-1,0.000089,0.168026,0.831886
AGTGGTGTTACCCGTG-1,0.045181,0.088666,0.866153
AGTGGTTGCGTATAGG-1,0.00006,0.542728,0.457212
AGTGTATTGCGCATTG-1,0.000022,0.004999,0.994979
AGTGTGCTAAGATCGC-1,0.050406,0.304693,0.6449
AGTGTGGTCTATTGTG-1,0.00018,0.222558,0.777262
AGTTAAACACTTGCGA-1,0.004158,0.284751,0.711091
AGTTAAGCGGTCCCGG-1,0.000049,0.243477,0.756474
AGTTAAGTCAACCGCT-1,0.000074,0.382731,0.617196
AGTTACCCTTAAGACT-1,0.000047,0.005276,0.994677
AGTTACCGCACATGGT-1,0.000125,0.933649,0.066226
AGTTACTCTATCGTGG-1,0.046204,0.318514,0.635282
AGTTATTCAGACTGTG-1,0.605606,0.393379,0.001016
AGTTATTGAAAGGTAA-1,0.000022,0.000022,0.999957
AGTTCACCGGTTGGAC-1,0.147686,0.654621,0.197693
AGTTCCTACAGAATTA-1,0.000078,0.180819,0.819103
AGTTCCTATTTATGTT-1,0.000033,0.06925,0.930717
AGTTGACGGTCCTTGC-1,0.000036,0.000036,0.999927
AGTTGCGGTCCTCAAC-1,0.000046,0.372892,0.627062
AGTTGGCAAGGCTAGA-1,0.198743,0.33298,0.468277
AGTTTATGTAAAGACA-1,0.057664,0.000027,0.942309
AGTTTCGCAGGTCGGA-1,0.000077,0.308385,0.691538
AGTTTGCACCTGCCTC-1,0.000034,0.000034,0.999932
AGTTTGGCACGGGTTG-1,0.229017,0.685392,0.085591
AGTTTGGCCAGACCTA-1,0.000101,0.809666,0.190233
ATAAACGGACCCGTAA-1,0.003687,0.006441,0.989871
ATAAACGTTGCACCAC-1,0.287111,0.127011,0.585877
ATAAAGGCTCGGTCGT-1,0.000084,0.103742,0.896174
ATAAAGGTCAAGTACG-1,0.031381,0.004228,0.964391
ATAAATATTAGCAGCT-1,0.000141,0.998871,0.000988
ATAACGCCGGAGGGTC-1,0.000057,0.408418,0.591524
ATAACGGAGTCCAACG-1,0.012881,0.183849,0.80327
ATAACGTTACCTCCAC-1,0.000729,0.028087,0.971184
ATAAGCAAACACCGAG-1,0.001719,0.293713,0.704568
ATAAGGTGGAGAACAT-1,0.00004,0.06511,0.93485
ATAAGTACCCGATTGT-1,0.000109,0.298371,0.70152
ATAAGTAGGATTCAGA-1,0.005913,0.042168,0.95192
ATAAGTAGGGCGACTC-1,0.140895,0.031022,0.828083
ATAAGTTACCGCGACG-1,0.000025,0.000025,0.99995
ATAATACCGTTAGCCG-1,0.064049,0.148013,0.787939
ATAATAGCTGTTGAAT-1,0.000051,0.259081,0.740868
ATAATAGTGTAGGGAC-1,0.06612,0.091631,0.84225
ATAATCTTGGAGAACC-1,0.00002,0.002487,0.997494
ATAATTAGCTAAGTAG-1,0.027553,0.109544,0.862903
ATACAGCGTCCACTGA-1,0.000159,0.000159,0.999682
ATACAGGCCCTCCAAT-1,0.134789,0.000031,0.86518
ATACCACGGGCAACTT-1,0.057689,0.298313,0.643998
ATACCAGCAAATTGCT-1,0.063227,0.736378,0.200395
ATACCAGGCTAATAGA-1,0.040405,0.958774,0.000822
ATACCCTCCCGGCCAA-1,0.044571,0.192108,0.763321
ATACCGTCATCCATAA-1,0.063952,0.00875,0.927299
ATACCTAACCAAGAAA-1,0.01304,0.181696,0.805263
ATACGAAGGCTTTCCA-1,0.452895,0.000046,0.547059
ATACGACAGATGGGTA-1,0.121957,0.00003,0.878012
ATACGCCGGCGAAACC-1,0.000037,0.10384,0.896124
ATACGGAACGTCGTTT-1,0.013063,0.045859,0.941077
