Barcode,Topic 1to10,Topic 11,Topic 12
AAACAACGAATAGTTC-1,0.978276,0.021707,0.000017
AAACAAGTATCTCCCA-1,0.910804,0.037871,0.051325
AAACAATCTACTAGCA-1,0.995449,0.000016,0.004535
AAACACCAATAACTGC-1,0.061135,0.036267,0.902598
AAACAGAGCGACTCCT-1,0.427571,0.572349,0.00008
AAACAGCTTTCAGAAG-1,0.975106,0.024865,0.00003
AAACAGGGTCTATATT-1,0.967763,0.03222,0.000017
AAACAGTGTTCCTGGG-1,0.780575,0.007475,0.21195
AAACATGGTGAGAGGA-1,0.021149,0.094471,0.88438
AAACATTTCCCGGATT-1,0.817415,0.174588,0.007997
AAACCACTACACAGAT-1,0.99443,0.005552,0.000018
AAACCCGAACGAAATC-1,0.898206,0.093533,0.008261
AAACCGGAAATGTTAA-1,0.949301,0.032,0.018699
AAACCGGGTAGGTACC-1,0.989341,0.005261,0.005398
AAACCGTTCGTCCAGG-1,0.923892,0.032052,0.044056
AAACCTAAGCAGCCGG-1,0.893249,0.000297,0.106454
AAACCTCATGAAGTTG-1,0.992855,0.007127,0.000018
AAACGAAGAACATACC-1,0.930625,0.069341,0.000033
AAACGAAGATGGAGTA-1,0.591498,0.103243,0.305259
AAACGACAGTCTTGCC-1,0.999971,0.000015,0.000015
AAACGAGACGGTTGAT-1,0.871963,0.128003,0.000035
AAACGCCCGAGATCGG-1,0.941421,0.058548,0.000031
AAACGCTGGGCACGAC-1,0.984425,0.001045,0.01453
AAACGGGCGTACGGGT-1,0.850661,0.118637,0.030702
AAACGGGTTGGTATCC-1,0.99995,0.000025,0.000025
AAACGGTTGCGAACTG-1,0.831873,0.032912,0.135215
AAACGTGTTCGCCCTA-1,0.939456,0.06048,0.000064
AAACTAACGTGGCGAC-1,0.971233,0.000039,0.028728
AAACTCGGTTCGCAAT-1,0.861499,0.072015,0.066486
AAACTCGTGATATAAG-1,0.999867,0.000066,0.000066
AAACTGCTGGCTCCAA-1,0.870958,0.011478,0.117565
AAACTTAATTGCACGC-1,0.231588,0.000672,0.767739
AAACTTGCAAACGTAT-1,0.946957,0.012535,0.040508
AAAGAATGACCTTAGA-1,0.054547,0.155394,0.790059
AAAGAATGTGGACTAA-1,0.976646,0.023339,0.000014
AAAGACATGAAGTTTA-1,0.824142,0.175829,0.000028
AAAGACCCAAGTCGCG-1,0.986754,0.000014,0.013231
AAAGACTGGGCGCTTT-1,0.81865,0.181307,0.000043
AAAGCTTGCCTACATA-1,0.971437,0.010901,0.017662
AAAGGCCCTATAATAC-1,0.088834,0.141164,0.770002
AAAGGCTACGGACCAT-1,0.953072,0.000209,0.046719
AAAGGCTCTCGCGCCG-1,0.985897,0.008961,0.005142
AAAGGGATGTAGCAAG-1,0.999971,0.000015,0.000015
AAAGGGCAGCTTGAAT-1,0.995705,0.004278,0.000017
AAAGGTAAGCTGTACC-1,0.972484,0.027487,0.000029
AAAGGTCAACGACATG-1,0.468181,0.531785,0.000034
AAAGTAGCATTGCTCA-1,0.618887,0.032694,0.348419
AAAGTCACTGATGTAA-1,0.899404,0.02638,0.074217
AAAGTCGACCCTCAGT-1,0.999959,0.000021,0.000021
AAAGTGCCATCAATTA-1,0.999991,0.000004,0.000004
AAAGTGTGATTTATCT-1,0.999878,0.000061,0.000061
AAAGTTGACTCCCGTA-1,0.985412,0.000057,0.014531
AAATAACCATACGGGA-1,0.661678,0.338226,0.000096
AAATAAGGTAGTGCCC-1,0.948712,0.000303,0.050985
AAATACCTATAAGCAT-1,0.961241,0.000041,0.038718
AAATAGCTTAGACTTT-1,0.925173,0.066986,0.007841
AAATAGGGTGCTATTG-1,0.964812,0.009277,0.025911
AAATCACTCCTAAACG-1,0.99839,0.001598,0.000013
AAATCCGATACACGCC-1,0.886394,0.09928,0.014326
AAATCGCGGAAGGAGT-1,0.514445,0.229965,0.255591
AAATCGTGTACCACAA-1,0.911262,0.000026,0.088711
AAATCTAGCCCTGCTA-1,0.972407,0.000259,0.027334
AAATCTGCCCGCGTCC-1,0.212527,0.103237,0.684236
AAATGACTGATCAAAC-1,0.91207,0.048032,0.039898
AAATGATTCGATCAGC-1,0.977814,0.022139,0.000046
AAATGCTCGTTACGTT-1,0.977407,0.022569,0.000025
AAATGGCATGTCTTGT-1,0.999941,0.00003,0.00003
AAATGGCCCGTGCCCT-1,0.99996,0.00002,0.00002
AAATGGTCAATGTGCC-1,0.984081,0.000024,0.015895
AAATGTATCTTATCCC-1,0.307351,0.692628,0.000021
AAATGTGGGTGCTCCT-1,0.999968,0.000016,0.000016
AAATTAACGGGTAGCT-1,0.974731,0.005786,0.019483
AAATTAATAAGCGCGA-1,0.508266,0.491695,0.000039
AAATTACACGACTCTG-1,0.692384,0.307534,0.000082
AAATTACCTATCGATG-1,0.844696,0.155263,0.000042
AAATTCCAGGTCCAAA-1,0.941287,0.042985,0.015727
AAATTGATAGTCCTTT-1,0.577896,0.136549,0.285555
AAATTGCGGCGGTTCT-1,0.984359,0.00053,0.015111
AAATTGGTGAGAAGCA-1,0.977358,0.022578,0.000064
AAATTTACCGAAATCC-1,0.676888,0.323033,0.00008
AAATTTGCGGGTGTGG-1,0.998323,0.000014,0.001663
AACAACTGGTAGTTGC-1,0.999972,0.000014,0.000014
AACAATACATTGTCGA-1,0.840853,0.022565,0.136582
AACAATTACTCTACGC-1,0.967242,0.032727,0.000031
AACACACGCTCGCCGC-1,0.998799,0.001144,0.000057
AACACGACTGTACTGA-1,0.999967,0.000016,0.000016
AACACGAGACGCGGCC-1,0.952485,0.000013,0.047502
AACACGCGGCCGCGAA-1,0.999968,0.000016,0.000016
AACAGCTGTGTGGCAA-1,0.538759,0.098233,0.363007
AACAGGAAATCGAATA-1,0.996679,0.003305,0.000016
AACAGGATGGGCCGCG-1,0.972646,0.000028,0.027326
AACAGGTAGTATGGAT-1,0.999959,0.000021,0.000021
AACATAGCGTGTATCG-1,0.904673,0.065089,0.030238
AACATATCAACTGGTG-1,0.941183,0.045781,0.013036
AACATCGATACGTCTA-1,0.94268,0.057272,0.000048
AACATTGAAGTTGATC-1,0.156177,0.125817,0.718006
AACATTGGTCAGCCGT-1,0.884116,0.115865,0.00002
AACATTGTGACTCGAG-1,0.963292,0.000006,0.036702
AACCAAGACTTCTCTG-1,0.999977,0.000012,0.000012
AACCAGTATCACTCTT-1,0.43703,0.562915,0.000055
AACCATAGGGTTGAAC-1,0.023736,0.036514,0.93975
AACCATGGGATCGCTA-1,0.996909,0.003058,0.000033
AACCCAGAGACGGAGA-1,0.982134,0.014836,0.00303
AACCCATCCCATGATC-1,0.578427,0.101611,0.319962
AACCCGACAACCCGTG-1,0.999702,0.000294,0.000004
AACCCGAGCAGAATCG-1,0.947934,0.052045,0.000022
AACCCGATAGGGCTTC-1,0.939519,0.058541,0.00194
AACCCGCTGTATTCCA-1,0.911697,0.042118,0.046185
AACCCTACTGTCAATA-1,0.982823,0.017116,0.00006
AACCCTGGTGGAACCA-1,0.863366,0.136606,0.000029
AACCGAGCTTGGTCAT-1,0.983597,0.016373,0.00003
AACCGCTAAGGGATGC-1,0.945715,0.000086,0.054199
AACCGTTGTGTTTGCT-1,0.999967,0.000017,0.000017
AACCTAAAGCCGTCCG-1,0.764494,0.235473,0.000033
AACCTCGCTTTAGCCC-1,0.891361,0.108594,0.000045
AACCTGTCACGGAATT-1,0.997993,0.000025,0.001981
AACCTTTAAATACGGT-1,0.950411,0.013663,0.035926
AACCTTTACGACGTCT-1,0.485757,0.51414,0.000104
AACGAAAGTCGTCCCA-1,0.443319,0.002822,0.553859
AACGACCTCCTAGCCG-1,0.975104,0.014017,0.010879
AACGATAATGCCGTAG-1,0.954494,0.017225,0.028281
AACGATAGAAGGGCCG-1,0.999969,0.000016,0.000016
AACGATATGTCAACTG-1,0.921274,0.027507,0.05122
AACGCATGATCTGGGT-1,0.999929,0.000036,0.000036
AACGCGAACGGCAACA-1,0.999975,0.000013,0.000013
AACGCGACCTTGGGCG-1,0.853436,0.075506,0.071058
AACGCGGTCTCCAGCC-1,0.99997,0.000015,0.000015
AACGCTGTTGCTGAAA-1,0.963952,0.000057,0.03599
AACGGACGTACGTATA-1,0.933717,0.049037,0.017246
AACGGCCATCTCCGGT-1,0.828125,0.000009,0.171867
AACGTACTGTGGGTAC-1,0.933389,0.066591,0.000021
AACGTAGTCTACCCAT-1,0.999967,0.000016,0.000016
AACGTCAGACTAGTGG-1,0.938092,0.000015,0.061892
AACGTCATCCGGCTTG-1,0.919584,0.029534,0.050882
AACGTCGCTGCACTTC-1,0.976996,0.022995,0.000009
AACGTGATGAAGGACA-1,0.999962,0.000019,0.000019
AACGTGCGAAAGTCTC-1,0.921152,0.078817,0.000032
AACGTTATCAGCACCT-1,0.929045,0.032487,0.038467
AACGTTCTACCATTGT-1,0.999986,0.000007,0.000007
AACTACCCGTTTGTCA-1,0.99997,0.000015,0.000015
AACTAGCGTATCGCAC-1,0.999961,0.000019,0.000019
AACTAGGCTTGGGTGT-1,0.979908,0.000018,0.020073
AACTCAAGTTAATTGC-1,0.957299,0.000017,0.042683
AACTCCAGAGCGTGTT-1,0.916634,0.003755,0.079612
AACTCCTAATCCCATG-1,0.495892,0.50402,0.000088
AACTCGATAAACACGT-1,0.999955,0.000023,0.000023
AACTCGATGGCGCAGT-1,0.988727,0.011244,0.00003
AACTCTCAATAGAGCG-1,0.947697,0.052232,0.000071
AACTCTCAGTGTGCTC-1,0.538804,0.099431,0.361764
AACTGAGGTCAGCGTC-1,0.948771,0.0512,0.000029
AACTGAGTTATACTGA-1,0.853086,0.107626,0.039288
AACTGATATTAGGCCT-1,0.999971,0.000014,0.000014
AACTGGGTCCCGACGT-1,0.468012,0.531947,0.00004
AACTGGGTTCGAGCCG-1,0.520768,0.479155,0.000076
AACTGGTGTGGGCCTT-1,0.884771,0.020651,0.094578
AACTTCTGCGTCTATC-1,0.999905,0.000048,0.000048
AACTTGCCCGTATGCA-1,0.844202,0.155775,0.000023
AACTTGCGTTCTCGCG-1,0.953739,0.000021,0.04624
AACTTTACGGGAGCTT-1,0.233879,0.647474,0.118647
AACTTTAGCTGCTGAG-1,0.999958,0.000021,0.000021
AACTTTCTCGATCATG-1,0.949431,0.000039,0.05053
AAGAAAGTTTGATGGG-1,0.282707,0.00255,0.714743
AAGAAATCACCAGATT-1,0.939292,0.048835,0.011874
AAGAAGGATCAGTTAG-1,0.931927,0.00224,0.065833
AAGACATACGTGGTTT-1,0.998278,0.001692,0.00003
AAGACCAAATAACTCA-1,0.403661,0.184765,0.411574
AAGACCCAACTGAACA-1,0.926424,0.001904,0.071672
AAGACTAACCCGTTGT-1,0.990449,0.009511,0.00004
AAGACTCACGCCCACT-1,0.726579,0.267335,0.006086
AAGACTGCAAGCTACT-1,0.998938,0.00003,0.001033
AAGAGATGAATCGGTA-1,0.940479,0.042298,0.017223
AAGAGCTCTTTATCGG-1,0.778275,0.134393,0.087332
AAGAGGATGTACGCGA-1,0.999946,0.000027,0.000027
AAGAGGCATGGATCGC-1,0.945141,0.054841,0.000018
AAGAGGCCCTTTGGAA-1,0.999947,0.000026,0.000026
AAGATGGCACCGGACC-1,0.623163,0.205776,0.171061
AAGATTGGCGGAACGT-1,0.960174,0.039774,0.000052
AAGCACCCTGCGTATC-1,0.897329,0.052789,0.049881
AAGCATACTCTCCTGA-1,0.999344,0.000619,0.000037
AAGCCACTTGCAGGTA-1,0.264629,0.08204,0.653331
AAGCCGAAGCGGTTTA-1,0.917362,0.043037,0.0396
AAGCCGCCGTGAAATC-1,0.138601,0.369836,0.491563
AAGCCGCTTTACCTTG-1,0.898705,0.046496,0.054799
AAGCCGGAGAGCAGGA-1,0.965697,0.018877,0.015426
AAGCGCAGGGCTTTGA-1,0.873288,0.080842,0.045869
AAGCGGAGTGCGCGCA-1,0.995824,0.001455,0.002721
AAGCGGCGTCATGGGT-1,0.657969,0.341869,0.000163
AAGCGTCCCTCATCGA-1,0.512427,0.187999,0.299574
AAGCTAGATCGAGTAA-1,0.999976,0.000012,0.000012
AAGCTATGGATTGACC-1,0.561651,0.000015,0.438334
AAGCTCGTGCCAAGTC-1,0.98737,0.000025,0.012605
AAGCTCTTTCATGGTG-1,0.949733,0.005244,0.045023
AAGGAGAACTTATAAG-1,0.996049,0.003929,0.000022
AAGGAGCGGTTGGTGC-1,0.95496,0.000012,0.045027
AAGGATCGATCGCTTG-1,0.935633,0.053228,0.011139
AAGGATGAGGGACCTC-1,0.986915,0.013065,0.00002
AAGGCAGGCTGTCTCC-1,0.970872,0.017321,0.011807
AAGGCGCGTAAAGCTT-1,0.999984,0.000008,0.000008
AAGGCTGTGCTCATCG-1,0.988406,0.004695,0.006899
AAGGGAACGACTGGCT-1,0.567199,0.008522,0.424279
AAGGGACAGATTCTGT-1,0.865689,0.134258,0.000053
AAGGGACTATGCATTC-1,0.701687,0.02522,0.273094
AAGGGTTAGCCATGCG-1,0.838465,0.082794,0.07874
AAGGGTTTGATTTCAG-1,0.323521,0.086374,0.590105
AAGGTATCCTAATATA-1,0.999937,0.000032,0.000032
AAGGTGATAAACCAGC-1,0.943313,0.047556,0.009131
AAGTAAGCTTCCAAAC-1,0.838408,0.046168,0.115424
AAGTAGAAGACCGGGT-1,0.927691,0.012459,0.059849
AAGTAGTGACGCGAGG-1,0.929058,0.000053,0.070889
AAGTCAATTGTCGTCA-1,0.9364,0.003747,0.059854
AAGTCTAGTAGCTGCC-1,0.922338,0.060394,0.017269
AAGTCTTCTGTGGCCT-1,0.991884,0.008092,0.000024
AAGTGACGACCGAATT-1,0.980159,0.000015,0.019826
AAGTGAGTCGGGTTTA-1,0.935236,0.064754,0.00001
AAGTGCAAAGGTAGAC-1,0.146337,0.853617,0.000046
AAGTGCCTTGACTGTA-1,0.990598,0.009328,0.000074
AAGTGCGTTAGAATCT-1,0.670392,0.329582,0.000026
AAGTGCTTCTCTATTG-1,0.543099,0.023496,0.433406
AAGTGTTTGGAGACGG-1,0.906907,0.079939,0.013154
AAGTTCACTCCAAGCT-1,0.955505,0.022561,0.021935
AAGTTCAGTCTGCGTA-1,0.897857,0.10208,0.000063
AAGTTCGGCCAACAGG-1,0.766271,0.097142,0.136586
AAGTTGTGATGTTATA-1,0.966201,0.033751,0.000048
AAGTTTACTAATGGCA-1,0.963056,0.036889,0.000055
AAGTTTATGGGCCCAA-1,0.810762,0.068819,0.120419
AATAACAACGCTCGGC-1,0.961614,0.000445,0.03794
AATAACACTAGAACAA-1,0.68155,0.000014,0.318436
AATAACGTCGCGCCCA-1,0.963501,0.000015,0.036484
AATAAGTCCTCGAGAC-1,0.999918,0.000019,0.000063
AATAATCTTCGTATCG-1,0.940287,0.036504,0.023209
AATACAATGTTTCAGG-1,0.601518,0.398431,0.000051
AATACCGGAGGGCTGT-1,0.717042,0.050969,0.231988
AATACCTGATGTGAAC-1,0.855321,0.132398,0.012281
AATAGAACAGAGTGGC-1,0.962985,0.00052,0.036495
AATAGAATCTGTTTCA-1,0.91994,0.058496,0.021563
AATAGCAAGCCTCCTG-1,0.999913,0.000044,0.000044
AATAGCTACCGCGTGC-1,0.932753,0.040868,0.026379
AATAGGCACGACCCTT-1,0.921801,0.000011,0.078188
AATAGTCCGTCCCGAC-1,0.977518,0.000008,0.022475
AATAGTCGCGAGTCGG-1,0.205332,0.60091,0.193758
AATATCAAGGTCGGAT-1,0.999969,0.000016,0.000016
AATATCCTAGCAAACT-1,0.996681,0.000862,0.002457
AATATCGAATCAATGC-1,0.88193,0.099778,0.018292
AATATCGAGGGTTCTC-1,0.944559,0.045199,0.010242
AATATTGGAGTATTGA-1,0.947185,0.052779,0.000037
AATCAGACTGCAGGAC-1,0.999943,0.000028,0.000028
AATCAGGTTTCATTTA-1,0.341082,0.197796,0.461122
AATCATGTAAAGACTC-1,0.94472,0.052429,0.002851
AATCCAAGGGCCTGAG-1,0.918663,0.021833,0.059504
AATCCATGCAAGGGTG-1,0.934359,0.065622,0.000019
AATCCCGCTCAGAGCC-1,0.869703,0.064907,0.065391
AATCGAGGTCTCAAGG-1,0.923153,0.075094,0.001753
AATCGCCTCAGCGCCA-1,0.966075,0.033899,0.000026
AATCGCGCAGAGGACT-1,0.969266,0.030127,0.000606
AATCGGGACACTACGA-1,0.99995,0.000025,0.000025
AATCGGTATAGCCCTC-1,0.996143,0.000011,0.003846
AATCGTGAGCCGAGCA-1,0.865116,0.077243,0.057641
AATCTAGGTTTACTTG-1,0.851491,0.148475,0.000034
AATCTATGCCGGAGCC-1,0.938519,0.061401,0.000079
AATCTCTACTGTGGTT-1,0.999958,0.000021,0.000021
AATCTGCGTTGGGACG-1,0.945038,0.054266,0.000695
AATCTGGCTTTCTAGT-1,0.920368,0.071641,0.007991
AATCTGGGTAGACCCT-1,0.173335,0.826612,0.000054
AATGACAGCAATGTCT-1,0.929953,0.002532,0.067515
AATGACGTAGGATGTC-1,0.933412,0.030641,0.035947
AATGACTGTCAGCCGG-1,0.966964,0.000012,0.033025
AATGAGTTCGCATATG-1,0.892369,0.107591,0.000039
AATGATGATACGCTAT-1,0.799713,0.20025,0.000037
AATGATGCGACTCCTG-1,0.975249,0.024691,0.000059
AATGCAACCGGGTACC-1,0.93755,0.034026,0.028423
AATGCACCAAGCAATG-1,0.781635,0.192093,0.026271
AATGGCCGCCAATGCG-1,0.966486,0.033493,0.000021
AATGGTCCACCGTTCA-1,0.989302,0.010663,0.000035
AATGGTTCTCACAAGC-1,0.957158,0.000133,0.04271
AATGTATGGCACTGTA-1,0.310274,0.045384,0.644341
AATGTGCCCGAGGTGT-1,0.199762,0.203925,0.596313
AATGTGCTAATCTGAG-1,0.187141,0.24922,0.563639
AATGTTAAGACCCTGA-1,0.950613,0.032182,0.017205
AATGTTGTCGTGAGAC-1,0.99993,0.000035,0.000035
AATTAAAGGTCGGCGT-1,0.950155,0.049831,0.000014
AATTAACGGATTTCCA-1,0.884405,0.066416,0.049179
AATTACGAGACCCATC-1,0.221093,0.165914,0.612993
AATTACTCGTACGCTC-1,0.94616,0.053827,0.000013
AATTAGCGCTGCAGCG-1,0.944644,0.032976,0.02238
AATTATACCCAGCAAG-1,0.496306,0.503628,0.000066
AATTCATAAGGGATCT-1,0.79745,0.200979,0.001571
AATTCATTGTCATGCA-1,0.00014,0.151315,0.848545
AATTCCAACTTGGTGA-1,0.999566,0.000408,0.000026
AATTCCAAGCATGTAC-1,0.838467,0.083809,0.077723
AATTCGATTCGAGGAT-1,0.80909,0.098708,0.092202
AATTCTAGAGTTAGGC-1,0.993784,0.003443,0.002772
AATTGAACGCTCTGGT-1,0.8316,0.095248,0.073152
AATTGCAGCAATCGAC-1,0.999944,0.000028,0.000028
AATTGCGTGGATTACA-1,0.084075,0.08557,0.830354
AATTGTGGTTGCCAAA-1,0.978221,0.000016,0.021763
AATTTGGGACATAGTA-1,0.662314,0.337485,0.000201
AATTTGGTTCCAAAGA-1,0.985534,0.014437,0.000029
ACAAACCATGCGTCCT-1,0.150626,0.041974,0.8074
ACAAACCGACAAGGCG-1,0.973432,0.026549,0.000019
ACAAACTCCATCAGAG-1,0.832414,0.018443,0.149144
ACAAAGAAGGTAGGCC-1,0.983062,0.003982,0.012956
ACAAAGCATGACCTAG-1,0.325519,0.67445,0.000032
ACAAATCGCACCGAAT-1,0.918216,0.05136,0.030424
ACAAATGGTAGTGTTT-1,0.971448,0.014986,0.013566
ACAAATTCAGATCTGA-1,0.974305,0.025632,0.000063
ACAACAGCATGAGCTA-1,0.943482,0.000045,0.056473
ACAACGGTCCCTGCGA-1,0.96736,0.005652,0.026988
ACAAGCAGTGCCTAGC-1,0.999919,0.00004,0.00004
ACAAGCTATATGGAAG-1,0.948712,0.051268,0.00002
ACAAGGAAATCCGCCC-1,0.933168,0.016333,0.050499
ACAAGGACAAGAGGTT-1,0.960974,0.000011,0.039016
ACAAGGATGCTTTAGG-1,0.917518,0.033307,0.049176
ACAAGGCCTACCAGCC-1,0.992616,0.007352,0.000031
ACAAGGGCAGGCTCTG-1,0.885892,0.114078,0.00003
ACAAGTAATTGTAAGG-1,0.401875,0.049906,0.548219
ACAATAGTCGTACGTT-1,0.875131,0.055874,0.068995
ACAATCCATTTAAACC-1,0.954184,0.001884,0.043932
ACAATCGATCTTTATA-1,0.999928,0.000036,0.000036
ACAATGAATACGGAGA-1,0.622072,0.129651,0.248277
ACAATGATTCTTCTAC-1,0.897714,0.102254,0.000031
ACAATTGTGTCTCTTT-1,0.944037,0.008474,0.04749
ACAATTTAGGAGGCTC-1,0.039036,0.960919,0.000045
ACAATTTGAGCAGTGG-1,0.963155,0.036817,0.000029
ACAATTTGGCCATATT-1,0.804386,0.0522,0.143415
ACACAAAGACGGGTGG-1,0.999945,0.000027,0.000027
ACACAAATATTCCTAG-1,0.909437,0.012852,0.077712
ACACACCAGGACCAGT-1,0.940443,0.024501,0.035055
ACACACTTTCTACACG-1,0.999956,0.000022,0.000022
ACACATGATCAAATCT-1,0.271206,0.238042,0.490752
ACACATTGACGCAACA-1,0.922193,0.077768,0.000039
ACACATTTCCGTAGAC-1,0.818504,0.129585,0.051911
ACACCACATAATTAGC-1,0.940109,0.032234,0.027656
ACACCCAGCATGCAGC-1,0.971734,0.007336,0.02093
ACACCCGAGAAATCCG-1,0.994289,0.005703,0.000008
ACACCCGTAAATCTGT-1,0.98303,0.00096,0.01601
ACACCGAGCGCTCTTT-1,0.863802,0.128125,0.008073
ACACCGGTCTGACCGC-1,0.32952,0.055869,0.614611
ACACCTTAAGTAGGGC-1,0.999974,0.000013,0.000013
ACACCTTACTACTTGC-1,0.958372,0.005935,0.035693
ACACGAGACTCCTTCT-1,0.94301,0.000041,0.056949
ACACGGCACTATGCAT-1,0.860984,0.138977,0.00004
ACACGGGAACTTAGGG-1,0.935549,0.047885,0.016566
ACACGTAGGCCACAAG-1,0.999956,0.000022,0.000022
ACACTCCAATGTCACT-1,0.900098,0.099851,0.000051
ACACTGATCAAGGTGT-1,0.851036,0.144429,0.004535
ACACTGGGACAGTCGT-1,0.962616,0.012808,0.024576
ACAGAACTGAGAACAA-1,0.631179,0.039995,0.328827
ACAGATTAGGTTAGTG-1,0.999948,0.000026,0.000026
ACAGCATAGAGCCAGT-1,0.999958,0.000021,0.000021
ACAGCGACATTCTCAT-1,0.646144,0.353808,0.000048
ACAGCGCACCCGCAGC-1,0.983663,0.016308,0.000029
ACAGGAGGCGCAGCCG-1,0.635887,0.286781,0.077331
ACAGGCACGGATCCTT-1,0.378647,0.621302,0.000051
ACAGGCTTGCCCGACT-1,0.879177,0.075095,0.045729
ACAGGTGGAGGTGAGG-1,0.77448,0.099421,0.126099
ACAGGTGTGTTGTTGC-1,0.999976,0.000012,0.000012
ACAGTAATACAACTTG-1,0.99997,0.000015,0.000015
ACAGTATACCGTGGGA-1,0.934901,0.027027,0.038072
ACAGTGCAGCGCATTT-1,0.758559,0.178298,0.063143
ACATAAGTCGTGGTGA-1,0.21914,0.09899,0.68187
ACATAATAAGGCGGTG-1,0.992789,0.007174,0.000037
ACATACAATCAAGCGG-1,0.394718,0.605204,0.000078
ACATCAGCTGGGACGC-1,0.615625,0.384334,0.000041
ACATCCCGGCCATACG-1,0.930063,0.000021,0.069916
ACATCCTGGTAACTGT-1,0.921835,0.032072,0.046092
ACATCGATCGTTTACC-1,0.999961,0.00002,0.00002
ACATCGCAATATTCGG-1,0.202618,0.141446,0.655935
ACATCGGTCAGCCGCG-1,0.999968,0.000016,0.000016
ACATCGTATGCAATGG-1,0.961568,0.036932,0.0015
ACATCGTTAACCTAGT-1,0.989174,0.000038,0.010789
ACATCTCAACGCGTAA-1,0.999961,0.000019,0.000019
ACATGCTTACGGCAGC-1,0.205263,0.000033,0.794703
ACATGGCGCCAAAGTA-1,0.920767,0.050332,0.028901
ACATGGCTCAATTTAG-1,0.978518,0.021446,0.000036
ACATTAGTTTATATCC-1,0.999968,0.000016,0.000016
ACATTCGCGCGGAATA-1,0.346333,0.177109,0.476559
ACATTTGAAACCTAAC-1,0.393052,0.606923,0.000025
ACCAAACACCCAGCGA-1,0.915953,0.083985,0.000062
ACCAAACTAGAAATCC-1,0.998342,0.00164,0.000018
ACCAACACCACACACT-1,0.97928,0.020688,0.000031
ACCAACCGCACTCCAC-1,0.143943,0.85602,0.000037
ACCAACGCTTATTTAT-1,0.833177,0.00288,0.163943
ACCAAGAACGCGTGTC-1,0.971749,0.000011,0.02824
ACCAAGTCATCGGCAG-1,0.907957,0.092018,0.000025
ACCAATATGCAAGTTA-1,0.894042,0.037595,0.068364
ACCACAACTCAGAACA-1,0.999708,0.000275,0.000017
ACCACAAGTTTCTATC-1,0.967863,0.000019,0.032117
ACCACACGGTTGATGG-1,0.931607,0.04766,0.020733
ACCACCAATGTAACAA-1,0.968189,0.031752,0.000059
ACCACCCTCTCTTCTA-1,0.896586,0.078818,0.024596
ACCACGTGCAGCTATA-1,0.956234,0.01256,0.031206
ACCACTGTTCAAGAAG-1,0.893447,0.098324,0.008229
ACCAGACCATAACAAC-1,0.999971,0.000015,0.000015
ACCAGCCCGGTCTTTG-1,0.936097,0.057918,0.005985
ACCAGGAGTGTGATCT-1,0.999902,0.000049,0.000049
ACCAGTGCCCGGTCAA-1,0.99992,0.00004,0.00004
ACCAGTGCGGGAGACG-1,0.866553,0.13339,0.000058
ACCATATCCGCAATAA-1,0.999082,0.000904,0.000014
ACCATCCGCCAACTAG-1,0.969903,0.01068,0.019417
ACCATCGTATATGGTA-1,0.938596,0.000024,0.06138
ACCATTAAGGGTGTCA-1,0.86156,0.138419,0.000021
ACCCAACGCCCGTGGC-1,0.999971,0.000015,0.000015
ACCCACCTACATGCTC-1,0.871588,0.128084,0.000328
ACCCATCTTGAGGGTA-1,0.985631,0.001618,0.012751
ACCCATTTGTCCCTCT-1,0.892734,0.106605,0.000661
ACCCGAGCGAAATTAC-1,0.207651,0.259833,0.532516
ACCCGATTGGTTCCGA-1,0.672923,0.029871,0.297206
ACCCGGAAACTCCCAG-1,0.913791,0.032211,0.053998
ACCCGGAGCACCACAA-1,0.989739,0.000007,0.010255
ACCCGGATGACGCATC-1,0.879298,0.076365,0.044337
ACCCGGTTACACTTCC-1,0.994065,0.00169,0.004245
ACCCGTAGCAGAGAAT-1,0.100902,0.000012,0.899085
ACCCGTAGTCTAGTTG-1,0.953969,0.017724,0.028307
ACCCGTGTCATCAGTA-1,0.808706,0.03648,0.154813
ACCCTATAGGACTGAG-1,0.945048,0.02645,0.028502
ACCCTATGCCATATCG-1,0.37494,0.306301,0.318759
ACCCTCCCGTCAGGGC-1,0.62418,0.37577,0.00005
ACCCTCCCTTGCTATT-1,0.955298,0.022348,0.022354
ACCCTGGTAACGCCCT-1,0.96081,0.039124,0.000066
ACCCTTCATCTGCGAA-1,0.999941,0.000029,0.000029
ACCCTTGCCTGGGTCG-1,0.956061,0.007216,0.036723
ACCCTTTAGTTCTCCA-1,0.999016,0.000962,0.000022
ACCGAAAGGGCCCTGC-1,0.985417,0.000552,0.014031
ACCGAAGAGTCTGGTT-1,0.508998,0.290985,0.200017
ACCGACACATCTCCCA-1,0.883422,0.069192,0.047387
ACCGACTGAGTCCCAC-1,0.893939,0.056291,0.04977
ACCGAGTCTCCTTATT-1,0.848627,0.11243,0.038943
ACCGATAGGCATAACC-1,0.876467,0.122292,0.001241
ACCGATATTTAATCAT-1,0.904458,0.07171,0.023832
ACCGATGGTAGCATCG-1,0.963556,0.009815,0.026629
ACCGCAATAACTGCCT-1,0.923396,0.055204,0.0214
ACCGCGGTGGAAGTCG-1,0.949239,0.033904,0.016858
ACCGCTAGTCATTGGT-1,0.607227,0.01959,0.373183
ACCGGGCCTTTGTTGA-1,0.952121,0.036829,0.011051
ACCGGTCAGGTACACC-1,0.632883,0.036525,0.330593
ACCGGTCTGAGTACGG-1,0.547652,0.279027,0.173321
ACCGTCCACTGGGCCC-1,0.000083,0.017085,0.982832
ACCGTGACCACGTGGG-1,0.81478,0.128593,0.056626
ACCGTTCCCGCTCTGA-1,0.963455,0.036506,0.000039
ACCTAAGTACCTTTCA-1,0.76832,0.149598,0.082081
ACCTAATCGACTTCCT-1,0.987966,0.012009,0.000024
ACCTACAGTATGTGGT-1,0.914065,0.064074,0.021861
ACCTACTATAAATCTA-1,0.832782,0.103811,0.063406
ACCTCAGCGAGGCGCA-1,0.698687,0.301265,0.000048
ACCTCCGCCCTCGCTG-1,0.922781,0.077192,0.000027
ACCTCCGTTATTCACC-1,0.932682,0.049699,0.017619
ACCTCGAACTTATGCT-1,0.235203,0.165806,0.598991
ACCTGCGTGTCATGTT-1,0.998464,0.000019,0.001517
ACCTTTCCTTTAGAAG-1,0.957829,0.042127,0.000044
ACGAAATGGGCGGCAC-1,0.912478,0.044796,0.042726
ACGACCCATGAGTTGC-1,0.964579,0.007902,0.027519
ACGACTCTAGGGCCGA-1,0.745557,0.248518,0.005925
ACGACTGGTCATACTC-1,0.371621,0.288695,0.339684
ACGAGAACCCATCACG-1,0.999952,0.000024,0.000024
ACGAGATATTTGCTTA-1,0.999947,0.000026,0.000026
ACGAGGATACCACTCT-1,0.988283,0.011696,0.000021
ACGAGGTTTACAACGT-1,0.710387,0.09569,0.193923
ACGAGTACGGATGCCC-1,0.944698,0.055244,0.000058
ACGAGTCGCCGGCGTT-1,0.95431,0.045661,0.000029
ACGATACATAGAACTA-1,0.973721,0.02625,0.00003
ACGATACCTATCCTGA-1,0.763466,0.236515,0.000019
ACGATCATACATAGAG-1,0.826114,0.009753,0.164133
ACGATCATCTTGTAAA-1,0.948597,0.05134,0.000063
ACGATGCATATGTTAT-1,0.88004,0.000016,0.119944
ACGATGGATCCGATGC-1,0.94362,0.056362,0.000018
ACGCAAACTAATAGAT-1,0.920562,0.062673,0.016765
ACGCAATCACTACAGC-1,0.964784,0.025426,0.00979
ACGCATAAATGACATG-1,0.701963,0.297999,0.000038
ACGCATACGTTTACTA-1,0.999942,0.000029,0.000029
ACGCATTCGTGAGTAC-1,0.98816,0.00585,0.005989
ACGCCACTCGAAACAG-1,0.868423,0.069408,0.062169
ACGCCAGATGATTTCT-1,0.995076,0.000024,0.0049
ACGCCAGTGCGTTTGC-1,0.926005,0.047758,0.026237
ACGCCCAGCTGTCGAT-1,0.936937,0.047287,0.015776
ACGCCGCTAGACGACC-1,0.999984,0.000008,0.000008
ACGCCTGACACGCGCT-1,0.582279,0.40817,0.009551
ACGCGAAGTCAGACGA-1,0.864591,0.000951,0.134457
ACGCGCTACACAGGGT-1,0.833997,0.002818,0.163184
ACGCGGGCCAAGGACA-1,0.99515,0.000021,0.004829
ACGCGTTTCTTAAGAG-1,0.108837,0.891116,0.000047
ACGCTACTGAATGGGC-1,0.999973,0.000014,0.000014
ACGCTAGTATCAGTGC-1,0.974736,0.000015,0.025249
ACGCTAGTGATACACT-1,0.999844,0.000078,0.000078
ACGCTGTGAGGCGTAG-1,0.973981,0.025987,0.000032
ACGCTTAGTGTCTCTC-1,0.92056,0.079397,0.000043
ACGGAACACGAGTGCC-1,0.999967,0.000016,0.000016
ACGGAATTTAGCAAAT-1,0.999943,0.000029,0.000029
ACGGACGCAGCGACAA-1,0.043753,0.037936,0.91831
ACGGACTCTCAAAGCG-1,0.856578,0.094748,0.048674
ACGGAGCGCAAATTAC-1,0.942811,0.057147,0.000042
ACGGATGGTGCGGATA-1,0.900713,0.084269,0.015018
ACGGCACTTGCTTGGG-1,0.654086,0.075176,0.270738
ACGGCCAACATGGACT-1,0.937421,0.00001,0.062568
ACGGCGACGATGGGAA-1,0.921137,0.029436,0.049427
ACGGCGGGTTGCCCTG-1,0.961743,0.012461,0.025796
ACGGCTGGATGTAGAA-1,0.141156,0.222147,0.636697
ACGGGAGTGTCGGCCC-1,0.972712,0.027266,0.000022
ACGGGCGTATGCGACA-1,0.940726,0.045172,0.014103
ACGGGTCATGTGACTT-1,0.80314,0.189908,0.006952
ACGGGTTGTGACCTGT-1,0.000723,0.039004,0.960272
ACGGTACAGTTCAATG-1,0.037344,0.962632,0.000024
ACGGTCACCGAGAACA-1,0.189208,0.085196,0.725596
ACGTACAGATTTCTCT-1,0.990276,0.0097,0.000024
ACGTACTTTGGCACGG-1,0.574477,0.214269,0.211254
ACGTAGATTGCTGATG-1,0.880763,0.024157,0.095081
ACGTAGGAGAGTCGCT-1,0.899195,0.040563,0.060242
ACGTATTACTCCGATC-1,0.955595,0.044329,0.000077
ACGTCCTAAACGAGAT-1,0.999972,0.000014,0.000014
ACGTCGGGCAACTCGG-1,0.008992,0.291759,0.699249
ACGTCTCGTTCCGGGA-1,0.939392,0.060586,0.000022
ACGTGACAAAGTAAGT-1,0.999859,0.000009,0.000132
ACGTGCGCCTCGTGCA-1,0.999963,0.000019,0.000019
ACGTGGTCGAATGTGC-1,0.994155,0.005818,0.000027
ACGTTAATGTCGAAGA-1,0.999931,0.000034,0.000034
ACGTTAGATTTGCCCG-1,0.941232,0.058729,0.000038
ACGTTATTGGTCACTC-1,0.999942,0.000029,0.000029
ACGTTCACTATGCCGC-1,0.806355,0.048554,0.145091
ACGTTCCGCGCTCCGT-1,0.845887,0.154083,0.00003
ACGTTCGCAATCAATT-1,0.912882,0.087036,0.000082
ACGTTCGTTCAGGAAA-1,0.925424,0.000182,0.074395
ACGTTCTGTACAAGTC-1,0.553828,0.422456,0.023716
ACGTTGTCGTTGAAAG-1,0.572157,0.116788,0.311055
ACGTTTAGTTGTGATC-1,0.960912,0.032888,0.0062
ACGTTTCGGTGCACTT-1,0.999988,0.000006,0.000006
ACTAAGGACGCACACC-1,0.946442,0.000024,0.053534
ACTAATACGTCAGGCG-1,0.636368,0.363462,0.00017
ACTACAAAGAGAGGTG-1,0.822346,0.001645,0.176009
ACTACATCCCGACAAG-1,0.049124,0.142379,0.808497
ACTACCAGCTCTCTGG-1,0.998922,0.00001,0.001068
ACTACCATCCGAGGGC-1,0.26033,0.12319,0.61648
ACTACGCGTTAGAATT-1,0.964841,0.025657,0.009501
ACTAGTTGCGATCGTC-1,0.91702,0.063625,0.019355
ACTATATGCTGTGTTC-1,0.956606,0.024861,0.018533
ACTATCCAGGGCATGG-1,0.999854,0.000073,0.000073
ACTATCGCCGGCTAAA-1,0.785196,0.202473,0.012332
ACTATCTGCCCGCGTA-1,0.994468,0.00001,0.005522
ACTATGTCCAGCTGCC-1,0.142875,0.119549,0.737576
ACTATTCGTCCGTGGT-1,0.659936,0.340028,0.000036
ACTATTTCCGGGCCCA-1,0.750264,0.008093,0.241643
ACTCAACGAATGTATT-1,0.960201,0.039778,0.000021
ACTCAAGTGCAAGGCT-1,0.876186,0.058,0.065814
ACTCAATAAAGGCACG-1,0.99997,0.000015,0.000015
ACTCAGACCTGCTTCT-1,0.966009,0.033963,0.000027
ACTCATGGCAGCCTTC-1,0.400626,0.094684,0.50469
ACTCCAATATCATCAT-1,0.613752,0.0044,0.381848
ACTCCCATTCCTAAAG-1,0.903373,0.080849,0.015778
ACTCCCGAATTCGTTT-1,0.99007,0.009871,0.000059
ACTCCCGTAGACTAGG-1,0.953666,0.031818,0.014515
ACTCCCTAATGCTAAA-1,0.93778,0.048432,0.013788
ACTCCCTAGAATAGTA-1,0.790481,0.000027,0.209492
ACTCCGGCCGACCACT-1,0.709873,0.287978,0.002149
ACTCGATGTATTTCAT-1,0.764043,0.235945,0.000013
ACTCGCCGTTCGATAA-1,0.942382,0.057597,0.000021
ACTCGCGATCTGACGC-1,0.97738,0.003588,0.019032
ACTCGTAACCCGTCCT-1,0.745982,0.203633,0.050385
ACTCGTCAGTAATCCC-1,0.941205,0.007476,0.051319
ACTCTAAACCTGGGAT-1,0.22811,0.771851,0.000039
ACTCTCTGACTTAGGT-1,0.94484,0.02181,0.03335
ACTCTCTTATACACGA-1,0.86579,0.034574,0.099636
ACTCTGACCTAATAGA-1,0.282985,0.71697,0.000045
ACTCTTCAGCTCCCGC-1,0.893558,0.094401,0.012041
ACTCTTGTATAGTAAC-1,0.999963,0.000019,0.000019
ACTGAAACGCCGTTAG-1,0.850623,0.099497,0.04988
ACTGAATGGCGAAAGT-1,0.924221,0.037227,0.038552
ACTGATTTAGTGATTC-1,0.979426,0.020528,0.000047
ACTGCCCGCCATTCTC-1,0.42735,0.146561,0.426088
ACTGCCGTCGTAACTC-1,0.999953,0.000023,0.000023
ACTGCGGACACACCGT-1,0.995526,0.000122,0.004352
ACTGCTCGGAAGGATG-1,0.956138,0.04117,0.002692
ACTGGCGAACCTGCGT-1,0.905224,0.066803,0.027973
ACTGGGATGCCAGTGC-1,0.853962,0.078766,0.067272
ACTGTACGATACACAT-1,0.999966,0.000017,0.000017
ACTGTAGCACTTTGGA-1,0.96206,0.000016,0.037925
ACTGTATACGCGAGCA-1,0.571241,0.428725,0.000034
ACTGTCCAGGATTATA-1,0.96046,0.000029,0.039511
ACTGTCTTCTTTAGAA-1,0.965382,0.000018,0.0346
ACTGTGCTAGTAGATC-1,0.988208,0.011755,0.000037
ACTGTTTAGTGTAGGC-1,0.987693,0.012262,0.000044
ACTTACCGGGCGCGCA-1,0.171414,0.828512,0.000075
ACTTACGCATCCACGC-1,0.893455,0.023807,0.082738
ACTTAGTACGACAAGA-1,0.941332,0.058632,0.000036
ACTTATACTTACCCGG-1,0.940249,0.059694,0.000056
ACTTATCTGATCTATA-1,0.987901,0.012072,0.000027
ACTTATTAGGATCGGT-1,0.995369,0.000026,0.004605
ACTTATTTATGTGCCA-1,0.874701,0.095707,0.029592
ACTTCAGGCTGATCCC-1,0.946899,0.030144,0.022958
ACTTCCAGTGGAAGCT-1,0.453484,0.329839,0.216677
ACTTCCATGCGGGACA-1,0.84765,0.125411,0.026939
ACTTCCTGTCGTGCGA-1,0.999973,0.000013,0.000013
ACTTCGCCATACGCAC-1,0.990653,0.000026,0.009321
ACTTCGCTAGCGAGTG-1,0.99248,0.007145,0.000376
ACTTGACTCCCTCTTT-1,0.977937,0.022036,0.000027
ACTTGCCATATTGTAC-1,0.97975,0.020207,0.000043
ACTTGCTCTATCTACC-1,0.05191,0.088316,0.859774
ACTTGGGACCCGGTGG-1,0.978778,0.000013,0.021209
ACTTGGGCTTTCGCCA-1,0.928748,0.067186,0.004066
ACTTGTAGTCCCTTCA-1,0.955367,0.044601,0.000032
ACTTGTGGATGGAACG-1,0.830508,0.169444,0.000049
ACTTGTTACCGGATCA-1,0.858366,0.03887,0.102763
ACTTTACCCTCATGAA-1,0.934639,0.065299,0.000062
ACTTTATACACCACTT-1,0.39682,0.000009,0.60317
ACTTTCCTATAGCTTC-1,0.999965,0.000017,0.000017
ACTTTGACTGCATCCT-1,0.999958,0.000021,0.000021
ACTTTGGTCGTGCTCC-1,0.366674,0.161572,0.471754
ACTTTGTCGACGCACT-1,0.96904,0.002117,0.028843
AGAAATTATGACTCGC-1,0.971557,0.000012,0.02843
AGAACACGGCGATGGT-1,0.404395,0.094346,0.50126
AGAACCCAGCGTGACA-1,0.983056,0.011845,0.005099
AGAACCCTCAATTGGG-1,0.511064,0.111343,0.377593
AGAACGTGGTACATTC-1,0.99988,0.00006,0.00006
AGAACTGTACTTTGTA-1,0.37114,0.62881,0.000049
AGAAGAGCGCCGTTCC-1,0.846873,0.152814,0.000313
AGAAGGTACACTTCAC-1,0.848262,0.144751,0.006987
AGAAGGTTGCCGAATT-1,0.99738,0.000007,0.002613
AGAAGGTTGTAGGTCG-1,0.869505,0.063656,0.06684
AGAAGTGATTCGTGAT-1,0.744054,0.212059,0.043887
AGAATAAATCTTCAGG-1,0.999956,0.000022,0.000022
AGAATACAGGCTATCC-1,0.815081,0.184887,0.000032
AGAATGCGGGTTCGGA-1,0.977068,0.02288,0.000053
AGAATTATGGATTCGA-1,0.986186,0.013737,0.000077
AGAATTGTTTGACATA-1,0.999972,0.000014,0.000014
AGACAGCTCAGAATCC-1,0.998393,0.001584,0.000023
AGACAGGCATCTCAGC-1,0.827635,0.133009,0.039355
AGACATAGATCCTTCC-1,0.999969,0.000016,0.000016
AGACCAAACCACACCT-1,0.710793,0.281863,0.007344
AGACCATGGGATACAA-1,0.931238,0.068731,0.000031
AGACCCACCGCTGATC-1,0.972632,0.000013,0.027356
AGACCCGCCCTCCTCG-1,0.99996,0.00002,0.00002
AGACCGCTCCGCGGTT-1,0.999838,0.000081,0.000081
AGACCGGGAAACCCTG-1,0.812609,0.074055,0.113336
AGACGAAGTGCCGGTC-1,0.930303,0.032965,0.036731
AGACGACGATGCCGCT-1,0.775298,0.00001,0.224692
AGACGCCCACTTCGCC-1,0.999986,0.000007,0.000007
AGACGGGATTGGTATA-1,0.947622,0.052353,0.000025
AGACGGGCCGATTTAA-1,0.943865,0.056092,0.000043
AGACTAGCCTTCCAGA-1,0.951779,0.018433,0.029787
AGACTGTTACCGGGTC-1,0.91912,0.042722,0.038158
AGAGAAACACCAGAAA-1,0.404214,0.16001,0.435776
AGAGAACCGTCTAGGA-1,0.945502,0.054467,0.000031
AGAGAAGGAGTACAAT-1,0.656998,0.001554,0.341448
AGAGATCTCTAAAGCG-1,0.999969,0.000015,0.000015
AGAGCAGTTATGAGAC-1,0.992197,0.007774,0.000029
AGAGCCGCCGAGATTT-1,0.961086,0.000031,0.038883
AGAGCGCTTGTAACGG-1,0.999972,0.000014,0.000014
AGAGCGGGCTAATCAT-1,0.816034,0.002479,0.181488
AGAGCGTACAAGCTCG-1,0.953298,0.041386,0.005315
AGAGCTACGAAAGCAT-1,0.940378,0.059585,0.000037
AGAGGCTTCGGAAACC-1,0.879641,0.089302,0.031058
AGAGGGACAATTGTCC-1,0.986363,0.000024,0.013613
AGAGGTATCTCGGTCC-1,0.859367,0.14061,0.000024
AGAGTAAACTTCACTA-1,0.924726,0.075214,0.000061
AGAGTATAGTGTTACG-1,0.944467,0.00006,0.055474
AGAGTCTTAATGAAAG-1,0.999973,0.000013,0.000013
AGAGTGAACAGACACC-1,0.997173,0.002811,0.000017
AGAGTTAGAGACCGAT-1,0.619527,0.380344,0.000129
AGAGTTGCAGGCCTCC-1,0.954269,0.016229,0.029502
AGATAACTTCAGGGCC-1,0.983926,0.00002,0.016054
AGATAATCACACCTAT-1,0.221003,0.004038,0.774959
AGATACCAATAGAACC-1,0.934019,0.065943,0.000039
AGATACCAGCACTTCA-1,0.999865,0.000067,0.000067
AGATACCGGTGTTCAC-1,0.838909,0.161075,0.000017
AGATACGACTTCATAT-1,0.999971,0.000014,0.000014
AGATACTCAAGATCGA-1,0.955962,0.000037,0.044001
AGATATAATACGACTA-1,0.884074,0.039165,0.076762
AGATCGTGCATAAGAT-1,0.899797,0.100168,0.000035
AGATCTCAGGTGTGAT-1,0.99993,0.000035,0.000035
AGATCTGGAGAGGATA-1,0.336569,0.083138,0.580293
AGATGACTCGCCCACG-1,0.990068,0.00991,0.000022
AGATGAGGGTTGCGAT-1,0.246974,0.752963,0.000063
AGATGATGGAGTCTGG-1,0.999857,0.000071,0.000071
AGATGCAAGACGTGCA-1,0.708243,0.000008,0.291749
AGATGCATCCTGTGTC-1,0.992601,0.007384,0.000015
AGATGCTATAACGAGC-1,0.880003,0.119983,0.000013
AGATTATAGGACGTTT-1,0.999924,0.000038,0.000038
AGATTCAAGCGGGTCG-1,0.981346,0.018616,0.000038
AGATTCACAACCGATA-1,0.940033,0.012144,0.047822
AGCAAAGGCCGCTAGT-1,0.964947,0.009745,0.025308
AGCAACATATCTTATT-1,0.924817,0.046238,0.028946
AGCAACCGAAAGTAAT-1,0.272683,0.083727,0.64359
AGCACACGTTTAGACT-1,0.483285,0.013629,0.503086
AGCACCAGTACTCACG-1,0.936023,0.000019,0.063958
AGCACTACCGGCCTGT-1,0.990111,0.009872,0.000016
AGCACTACCTCACCAG-1,0.89694,0.072131,0.03093
AGCACTTAAGGACGCC-1,0.816034,0.065362,0.118604
AGCAGAAGGAGAAAGA-1,0.865153,0.083206,0.051641
AGCAGCCAGATGAATA-1,0.999985,0.000007,0.000007
AGCAGTCGAAGCATGC-1,0.884709,0.059524,0.055767
AGCATATCAATATGCT-1,0.940402,0.029437,0.030162
AGCATCATTTCGAAAG-1,0.98458,0.006324,0.009097
AGCATCGTCGATAATT-1,0.937928,0.041457,0.020615
AGCATTACGAGGCAAG-1,0.99995,0.000025,0.000025
AGCCAAGCTTTGTGTC-1,0.855361,0.04577,0.098869
AGCCACAGGTTACCCG-1,0.900281,0.09966,0.000059
AGCCACTCCCGTGCTT-1,0.999966,0.000017,0.000017
AGCCATATAGTATGTG-1,0.811842,0.058319,0.12984
AGCCCATACATGTAAG-1,0.999968,0.000016,0.000016
AGCCCGCAACAAGCAG-1,0.861615,0.047241,0.091145
AGCCCGCACTACAATG-1,0.918837,0.08115,0.000013
AGCCCGGCATTAGAGG-1,0.366604,0.058217,0.575178
AGCCCGGTAGCCTGTA-1,0.955769,0.026333,0.017898
AGCCCTAAGCGAAGTT-1,0.999938,0.000031,0.000031
AGCCCTCCCTGGTGGC-1,0.349474,0.000112,0.650414
AGCCCTGTCGCACCGT-1,0.999983,0.000009,0.000009
AGCCCTTCTAATCCGA-1,0.83705,0.131884,0.031066
AGCCCTTGGACATCCC-1,0.999985,0.000007,0.000007
AGCCGCAAATTCAAAT-1,0.999972,0.000014,0.000014
AGCCGCTTGATTAGCG-1,0.737817,0.236608,0.025574
AGCCGTGGCTAAATGT-1,0.978022,0.009568,0.012411
AGCCTAATACCCACGT-1,0.976783,0.02319,0.000027
AGCCTTAAAGCGGAAG-1,0.754922,0.245054,0.000024
AGCCTTGTCACTGATA-1,0.107607,0.060018,0.832376
AGCGACAGGAACGGTC-1,0.909393,0.00488,0.085727
AGCGACATCCCATTCA-1,0.99997,0.000015,0.000015
AGCGACCAACGATATT-1,0.989331,0.004213,0.006456
AGCGACTTTGAAGACA-1,0.86223,0.000258,0.137512
AGCGAGACGTGAAGGC-1,0.075337,0.038003,0.88666
AGCGATGCGCCTAATA-1,0.999936,0.000032,0.000032
AGCGCATAATGAATCG-1,0.978344,0.000016,0.02164
AGCGCGGGTGCCAATG-1,0.784058,0.21591,0.000033
AGCGCTAGAGCGATGT-1,0.913605,0.032277,0.054118
AGCGCTTATGGGCAAG-1,0.61229,0.387555,0.000155
AGCGGACACTTCGTAG-1,0.870504,0.084488,0.045008
AGCGGCGGTTAGCGGT-1,0.918258,0.006855,0.074886
AGCGGGAAGGGTCCAT-1,0.902582,0.097378,0.00004
AGCGGGTCTGACACTC-1,0.942932,0.02113,0.035938
AGCGGTTGAGATGTAC-1,0.836536,0.152205,0.011259
AGCGGTTGCCGCTCTG-1,0.938861,0.028468,0.032672
AGCGTACGAGAGCTAG-1,0.916482,0.083496,0.000023
AGCGTAGCGCTAGACC-1,0.98397,0.015989,0.00004
AGCGTCTGAACCCGCA-1,0.999971,0.000014,0.000014
AGCGTGGTATTCTACT-1,0.975478,0.000039,0.024483
AGCGTTCCGATTTAAA-1,0.147245,0.797214,0.055541
AGCTAACAAGCAATGT-1,0.674626,0.123362,0.202012
AGCTAAGCTCCGTCCG-1,0.82323,0.026853,0.149917
AGCTAAGTACGCAGGC-1,0.939935,0.059885,0.000181
AGCTACGAATGGTGGT-1,0.999974,0.000013,0.000013
AGCTAGAAGCAGAAGT-1,0.936989,0.062972,0.000039
AGCTATTTAATCCAAC-1,0.978884,0.021092,0.000023
AGCTCCATATATGTTC-1,0.999949,0.000026,0.000026
AGCTCCTTCGCACATC-1,0.953265,0.010982,0.035754
AGCTCGTTGATGGAAA-1,0.921554,0.020681,0.057764
AGCTCTAGACGTTCCA-1,0.999963,0.000019,0.000019
AGCTCTTCCCAGTGCA-1,0.739153,0.260778,0.000069
AGCTCTTCGTAACCTT-1,0.950656,0.017155,0.032189
AGCTCTTTACTCAGTT-1,0.900897,0.018807,0.080297
AGCTGAAGTAAACCAA-1,0.999971,0.000015,0.000015
AGCTGCATTTGAGGTG-1,0.193093,0.779047,0.02786
AGCTGCTGTGCCGAAT-1,0.963254,0.036728,0.000019
AGCTGTAACCTCAATC-1,0.301829,0.196157,0.502015
AGCTTATAGAGACCTG-1,0.999941,0.000029,0.000029
AGCTTCAATACTTTGA-1,0.999951,0.000025,0.000025
AGCTTCTTCTCGAGCA-1,0.812628,0.17459,0.012782
AGCTTGATCAGGGTAG-1,0.147252,0.026328,0.82642
AGCTTGATCTTAACTT-1,0.99997,0.000015,0.000015
AGGAAAGCCTCTGATG-1,0.999961,0.000019,0.000019
AGGAACGAACGACTTC-1,0.963183,0.00001,0.036807
AGGAAGCTGTCCGCCG-1,0.914849,0.022072,0.063079
AGGACAGTCGAATCCC-1,0.932568,0.067387,0.000045
AGGACATCGCACGTCG-1,0.999974,0.000013,0.000013
AGGACATCGGCACACT-1,0.773839,0.016011,0.21015
AGGACGACCCATTAGA-1,0.993037,0.00695,0.000013
AGGACGCTCGATGTTG-1,0.840876,0.159084,0.00004
AGGACTTATAGGAGAA-1,0.824334,0.171174,0.004492
AGGAGACATCCACAGT-1,0.926572,0.073374,0.000054
AGGAGAGTCTGGCTAC-1,0.811748,0.086575,0.101677
AGGAGCGTTTATTATC-1,0.999268,0.000715,0.000017
AGGAGGCCTTCGCGCG-1,0.898341,0.080255,0.021403
AGGATAAAGTCGGGAT-1,0.923117,0.000013,0.07687
AGGATATAGGGATTTA-1,0.965771,0.026312,0.007917
AGGATATCCGACTGCA-1,0.205272,0.794707,0.000021
AGGATCACGCGATCTG-1,0.763673,0.153765,0.082561
AGGATTGCTTACGACA-1,0.887132,0.067564,0.045304
AGGCAAAGAGGAATCA-1,0.954618,0.009584,0.035798
AGGCAATACGGAGGAC-1,0.683109,0.293769,0.023122
AGGCACGTGACTGTCC-1,0.988541,0.005998,0.005461
AGGCAGATGCGTAAAC-1,0.999973,0.000013,0.000013
AGGCAGGGAGCGTACT-1,0.965331,0.00001,0.034659
AGGCATTGTCGTAGGG-1,0.938753,0.000067,0.06118
AGGCCACATTGGTTAC-1,0.917157,0.042466,0.040377
AGGCCACCCGTTATGA-1,0.932713,0.061399,0.005889
AGGCCCAGTGACTGGT-1,0.983166,0.016811,0.000023
AGGCCCATTGTACAGG-1,0.999957,0.000022,0.000022
AGGCCCTAGAACGCCA-1,0.989954,0.000817,0.009229
AGGCCTATCATACCAA-1,0.872382,0.041315,0.086304
AGGCCTGAGAATCTCG-1,0.882083,0.091738,0.026178
AGGCGATAACTGGCGT-1,0.996157,0.002662,0.001181
AGGCGGTTTGTCCCGC-1,0.302837,0.003027,0.694137
AGGCGTCTATGGACGG-1,0.951855,0.042448,0.005697
AGGCTATGGTTAGCTT-1,0.948296,0.032907,0.018798
AGGCTTAAGTTGCACA-1,0.928917,0.053692,0.017392
AGGCTTCCCGAAGAAG-1,0.941853,0.034955,0.023192
AGGCTTGCTAGACACC-1,0.902103,0.09786,0.000038
AGGGAAACGAGGTACT-1,0.763084,0.2368,0.000117
AGGGACAGCACGGCGG-1,0.989483,0.000019,0.010498
AGGGACCGGCTGCGTT-1,0.999876,0.000062,0.000062
AGGGACTCTACGCGAC-1,0.955281,0.000013,0.044706
AGGGAGACATACTTCG-1,0.99984,0.00008,0.00008
AGGGCAGCGGCGTGGT-1,0.893891,0.106082,0.000028
AGGGCCCTAATGTTCT-1,0.999982,0.000009,0.000009
AGGGCGAGCAGCTGAT-1,0.999978,0.000011,0.000011
AGGGCGTGATCGGCTA-1,0.971776,0.000012,0.028211
AGGGCTGCAGTTACAG-1,0.99996,0.00002,0.00002
AGGGTCAGAGCACTCG-1,0.886309,0.082359,0.031332
AGGGTCAGTAACCCTA-1,0.993161,0.006801,0.000037
AGGGTCGATGCGAACT-1,0.966874,0.033063,0.000063
AGGGTCTGGACGCAGT-1,0.972569,0.027418,0.000013
AGGGTGCCGTTCTTTA-1,0.473042,0.269509,0.257449
AGGGTGCTCTCGAGGG-1,0.971672,0.022675,0.005653
AGGGTGGATAGTGCAT-1,0.35834,0.641594,0.000065
AGGGTGTGCTACACGC-1,0.999943,0.000028,0.000028
AGGGTTCAGACGGTCC-1,0.912063,0.054222,0.033714
AGGGTTCCCTTTGGTT-1,0.993242,0.006716,0.000042
AGGGTTTAGTTCGGGA-1,0.99994,0.00003,0.00003
AGGTAACCTCCTATTC-1,0.997944,0.002034,0.000023
AGGTACGATATTGCCA-1,0.999931,0.000035,0.000035
AGGTAGATCGAGATAT-1,0.478951,0.012504,0.508545
AGGTAGGTACAAAGCT-1,0.999949,0.000025,0.000025
AGGTATAATTGATAGT-1,0.999846,0.000077,0.000077
AGGTATGCGGACATTA-1,0.647039,0.216522,0.13644
AGGTCAGGTGAGAGTG-1,0.963277,0.032847,0.003876
AGGTCGCCACTTCGGT-1,0.972054,0.027907,0.000039
AGGTCGCCTCCCAACA-1,0.673327,0.229828,0.096845
AGGTCGCGGAGTTACT-1,0.937381,0.06257,0.000049
AGGTGCACGTCCACAT-1,0.985924,0.000027,0.014049
AGGTGGTGACCTTCGC-1,0.873805,0.023751,0.102445
AGGTGTATCGCCATGA-1,0.927511,0.062639,0.00985
AGGTGTTGCCGACCAC-1,0.826923,0.105678,0.067399
AGGTTACACCATGCCG-1,0.987466,0.012482,0.000052
AGGTTCTCCTTTCCGG-1,0.000154,0.330923,0.668923
AGGTTGAGGCACGCTT-1,0.999966,0.000017,0.000017
AGGTTTCACACACCTT-1,0.975678,0.000014,0.024308
AGTAACGTTCATCCTG-1,0.605916,0.393977,0.000107
AGTAACTATAGCAGCC-1,0.995277,0.004709,0.000014
AGTAAGGGACAGAATC-1,0.986157,0.013826,0.000017
AGTAATCTAAGGGTGG-1,0.693874,0.306087,0.000039
AGTAATGTCTTGCCGC-1,0.99995,0.000025,0.000025
AGTAATTTGCAAGCGT-1,0.23478,0.098987,0.666232
AGTACAGAAGCTTATA-1,0.888792,0.044349,0.066859
AGTACATCATTTATCA-1,0.999857,0.000071,0.000071
AGTACCTTCGAGTGCT-1,0.984536,0.015427,0.000037
AGTACGGCCCGTATCG-1,0.675757,0.324197,0.000046
AGTACGGGCACCTGGC-1,0.999966,0.000017,0.000017
AGTACGTGGCCTGTCT-1,0.736952,0.262985,0.000064
AGTACTCTTATGCCCA-1,0.879001,0.039665,0.081334
AGTAGAAGGCGCCTCA-1,0.832079,0.077524,0.090397
AGTAGCGTGAACGAAC-1,0.999457,0.000524,0.000019
AGTAGCTAGACGCCGA-1,0.715008,0.284895,0.000097
AGTAGGAAGGAAGTTG-1,0.601725,0.3982,0.000074
AGTAGGTAACATACAT-1,0.914269,0.003722,0.082009
AGTATAATACTAGGCA-1,0.913264,0.085796,0.00094
AGTATACACAGCGACA-1,0.811696,0.159522,0.028781
AGTATCCATAATAACG-1,0.999952,0.000024,0.000024
AGTATGCTGGAGACCA-1,0.537812,0.183365,0.278823
AGTATTTGGCACGACC-1,0.999971,0.000014,0.000014
AGTCAAATGATGTGAT-1,0.4805,0.164655,0.354845
AGTCAACACCACCATC-1,0.987432,0.000011,0.012557
