Barcode,Topic 1to3,Topic 4,Topic 5to10
AAACAACGAATAGTTC-1,0.024149,0.266576,0.709275
AAACAAGTATCTCCCA-1,0.95608,0.000795,0.043125
AAACAATCTACTAGCA-1,0.021203,0.267327,0.71147
AAACACCAATAACTGC-1,0.000096,0.000032,0.999872
AAACAGAGCGACTCCT-1,0.933524,0.065871,0.000604
AAACAGCTTTCAGAAG-1,0.000098,0.000321,0.999581
AAACAGGGTCTATATT-1,0.004726,0.000044,0.99523
AAACAGTGTTCCTGGG-1,0.000063,0.100459,0.899478
AAACATGGTGAGAGGA-1,0.026657,0.000108,0.973235
AAACATTTCCCGGATT-1,0.835865,0.078649,0.085485
AAACCACTACACAGAT-1,0.789968,0.125235,0.084797
AAACCCGAACGAAATC-1,0.640254,0.132987,0.226759
AAACCGGGTAGGTACC-1,0.024473,0.000024,0.975503
AAACCGTTCGTCCAGG-1,0.000067,0.000022,0.999911
AAACCTAAGCAGCCGG-1,0.758704,0.000705,0.24059
AAACCTCATGAAGTTG-1,0.009337,0.009384,0.98128
AAACGAAGAACATACC-1,0.181789,0.268173,0.550038
AAACGAAGATGGAGTA-1,0.000205,0.116193,0.883602
AAACGACAGTCTTGCC-1,0.93689,0.061248,0.001862
AAACGAGACGGTTGAT-1,0.990182,0.000044,0.009774
AAACGCCCGAGATCGG-1,0.874153,0.085392,0.040455
AAACGGGCGTACGGGT-1,0.513025,0.001856,0.485119
AAACGGGTTGGTATCC-1,0.00033,0.317303,0.682367
AAACGGTTGCGAACTG-1,0.066186,0.004236,0.929578
AAACGTGTTCGCCCTA-1,0.902532,0.000013,0.097455
AAACTAACGTGGCGAC-1,0.629486,0.054615,0.315898
AAACTCGGTTCGCAAT-1,0.090487,0.014397,0.895115
AAACTCGTGATATAAG-1,0.930768,0.068792,0.00044
AAACTGCTGGCTCCAA-1,0.555299,0.048196,0.396504
AAACTTAATTGCACGC-1,0.00016,0.158894,0.840946
AAACTTGCAAACGTAT-1,0.058962,0.023733,0.917305
AAAGAATGACCTTAGA-1,0.000212,0.101124,0.898664
AAAGAATGTGGACTAA-1,0.841709,0.000024,0.158267
AAAGACATGAAGTTTA-1,0.806246,0.113916,0.079838
AAAGACCCAAGTCGCG-1,0.071397,0.104406,0.824197
AAAGACTGGGCGCTTT-1,0.000145,0.072403,0.927452
AAAGGCCCTATAATAC-1,0.000822,0.025577,0.9736
AAAGGCTACGGACCAT-1,0.188122,0.000018,0.81186
AAAGGCTCTCGCGCCG-1,0.241216,0.006512,0.752272
AAAGGGATGTAGCAAG-1,0.327849,0.001361,0.670791
AAAGGGCAGCTTGAAT-1,0.025911,0.144322,0.829767
AAAGGTAAGCTGTACC-1,0.882139,0.0743,0.043561
AAAGGTCAACGACATG-1,0.837194,0.161097,0.001709
AAAGTAGCATTGCTCA-1,0.000164,0.01476,0.985076
AAAGTCACTGATGTAA-1,0.123769,0.308702,0.567529
AAAGTCGACCCTCAGT-1,0.000077,0.018697,0.981226
AAAGTGTGATTTATCT-1,0.902424,0.000062,0.097515
AAAGTTGACTCCCGTA-1,0.796832,0.000038,0.20313
AAATAACCATACGGGA-1,0.778062,0.066156,0.155783
AAATAAGGTAGTGCCC-1,0.951039,0.048746,0.000216
AAATACCTATAAGCAT-1,0.245943,0.076521,0.677535
AAATAGCTTAGACTTT-1,0.654246,0.116907,0.228846
AAATAGGGTGCTATTG-1,0.413172,0.000018,0.58681
AAATCCGATACACGCC-1,0.875811,0.037125,0.087064
AAATCGCGGAAGGAGT-1,0.000093,0.000031,0.999876
AAATCGTGTACCACAA-1,0.216984,0.000053,0.782963
AAATCTAGCCCTGCTA-1,0.975499,0.000051,0.024451
AAATCTGCCCGCGTCC-1,0.004643,0.000659,0.994698
AAATGACTGATCAAAC-1,0.054682,0.239554,0.705764
AAATGATTCGATCAGC-1,0.928823,0.031307,0.03987
AAATGCTCGTTACGTT-1,0.000155,0.027393,0.972452
AAATGGCATGTCTTGT-1,0.705882,0.00007,0.294048
AAATGGCCCGTGCCCT-1,0.000133,0.00514,0.994726
AAATGGTCAATGTGCC-1,0.115346,0.000025,0.884629
AAATGTATCTTATCCC-1,0.133589,0.027938,0.838473
AAATGTGGGTGCTCCT-1,0.002333,0.258666,0.739001
AAATTAACGGGTAGCT-1,0.121667,0.000026,0.878307
AAATTAATAAGCGCGA-1,0.000087,0.020955,0.978958
AAATTACACGACTCTG-1,0.774839,0.000043,0.225118
AAATTACCTATCGATG-1,0.91399,0.00004,0.08597
AAATTCCAGGTCCAAA-1,0.925597,0.073967,0.000436
AAATTGATAGTCCTTT-1,0.260861,0.000042,0.739097
AAATTGCGGCGGTTCT-1,0.000064,0.192032,0.807904
AAATTGGTGAGAAGCA-1,0.900931,0.098843,0.000226
AAATTTACCGAAATCC-1,0.860249,0.102163,0.037589
AAATTTGCGGGTGTGG-1,0.200155,0.003845,0.796
AACAACTGGTAGTTGC-1,0.000113,0.000528,0.99936
AACAATACATTGTCGA-1,0.044234,0.000029,0.955737
AACAATTACTCTACGC-1,0.000215,0.031962,0.967823
AACACACGCTCGCCGC-1,0.806208,0.000025,0.193767
AACACGACTGTACTGA-1,0.286455,0.077048,0.636497
AACACGAGACGCGGCC-1,0.00013,0.02122,0.97865
AACACGCGGCCGCGAA-1,0.000032,0.216787,0.78318
AACAGCTGTGTGGCAA-1,0.019575,0.000031,0.980394
AACAGGAAATCGAATA-1,0.365196,0.00003,0.634774
AACAGGATGGGCCGCG-1,0.000203,0.001642,0.998155
AACAGGTAGTATGGAT-1,0.923815,0.075687,0.000498
AACATAGCGTGTATCG-1,0.572105,0.008608,0.419287
AACATATCAACTGGTG-1,0.953528,0.046041,0.000431
AACATCGATACGTCTA-1,0.749648,0.000026,0.250326
AACATTGAAGTTGATC-1,0.000046,0.005787,0.994167
AACATTGGTCAGCCGT-1,0.000069,0.230315,0.769615
AACATTGTGACTCGAG-1,0.068466,0.021308,0.910225
AACCAAGACTTCTCTG-1,0.021751,0.059005,0.919245
AACCAGTATCACTCTT-1,0.817761,0.136264,0.045975
AACCATAGGGTTGAAC-1,0.000097,0.035198,0.964705
AACCATGGGATCGCTA-1,0.008454,0.006106,0.98544
AACCCAGAGACGGAGA-1,0.064037,0.017344,0.918619
AACCCATCCCATGATC-1,0.000126,0.005904,0.99397
AACCCGACAACCCGTG-1,0.041666,0.00037,0.957964
AACCCGAGCAGAATCG-1,0.999681,0.000046,0.000273
AACCCGCTGTATTCCA-1,0.060923,0.330302,0.608774
AACCCTACTGTCAATA-1,0.952738,0.000075,0.047187
AACCCTGGTGGAACCA-1,0.372091,0.165053,0.462857
AACCGAGCTTGGTCAT-1,0.261872,0.000035,0.738093
AACCGCTAAGGGATGC-1,0.856679,0.000041,0.14328
AACCGTTGTGTTTGCT-1,0.356676,0.05245,0.590874
AACCTAAAGCCGTCCG-1,0.536409,0.274596,0.188995
AACCTCGCTTTAGCCC-1,0.832415,0.000055,0.16753
AACCTGTCACGGAATT-1,0.928343,0.071387,0.00027
AACCTTTAAATACGGT-1,0.128271,0.01802,0.853709
AACCTTTACGACGTCT-1,0.717661,0.091933,0.190406
AACGAAAGTCGTCCCA-1,0.000079,0.000026,0.999895
AACGATAATGCCGTAG-1,0.316003,0.002081,0.681916
AACGATAGAAGGGCCG-1,0.092884,0.012094,0.895022
AACGATATGTCAACTG-1,0.631834,0.000051,0.368115
AACGCATGATCTGGGT-1,0.881178,0.030277,0.088545
AACGCGAACGGCAACA-1,0.009226,0.041063,0.949711
AACGCGACCTTGGGCG-1,0.23507,0.005546,0.759383
AACGCGGTCTCCAGCC-1,0.339983,0.000114,0.659903
AACGCTGTTGCTGAAA-1,0.87677,0.001554,0.121675
AACGGACGTACGTATA-1,0.936713,0.000045,0.063241
AACGGCCATCTCCGGT-1,0.051074,0.003544,0.945382
AACGTACTGTGGGTAC-1,0.044228,0.000023,0.95575
AACGTAGTCTACCCAT-1,0.028036,0.127498,0.844466
AACGTCAGACTAGTGG-1,0.057148,0.006182,0.936671
AACGTCATCCGGCTTG-1,0.130216,0.327436,0.542348
AACGTCGCTGCACTTC-1,0.977013,0.02278,0.000206
AACGTGATGAAGGACA-1,0.739696,0.13227,0.128034
AACGTGCGAAAGTCTC-1,0.601096,0.000052,0.398851
AACGTTATCAGCACCT-1,0.000167,0.000056,0.999777
AACTACCCGTTTGTCA-1,0.747264,0.195553,0.057184
AACTAGCGTATCGCAC-1,0.04898,0.454878,0.496142
AACTAGGCTTGGGTGT-1,0.030141,0.000034,0.969824
AACTCAAGTTAATTGC-1,0.134824,0.006278,0.858898
AACTCCAGAGCGTGTT-1,0.818827,0.000039,0.181134
AACTCCTAATCCCATG-1,0.899777,0.068245,0.031978
AACTCGATAAACACGT-1,0.000034,0.234997,0.764969
AACTCGATGGCGCAGT-1,0.000096,0.09522,0.904684
AACTCTCAATAGAGCG-1,0.922792,0.000052,0.077156
AACTCTCAGTGTGCTC-1,0.035095,0.00002,0.964885
AACTGAGGTCAGCGTC-1,0.849469,0.000027,0.150503
AACTGATATTAGGCCT-1,0.433727,0.004897,0.561376
AACTGGGTCCCGACGT-1,0.326917,0.000069,0.673014
AACTGGGTTCGAGCCG-1,0.899912,0.059968,0.040121
AACTGGTGTGGGCCTT-1,0.051666,0.554903,0.393431
AACTTCTGCGTCTATC-1,0.052675,0.016914,0.930411
AACTTGCCCGTATGCA-1,0.01826,0.000061,0.981678
AACTTGCGTTCTCGCG-1,0.000281,0.048381,0.951338
AACTTTACGGGAGCTT-1,0.015706,0.005655,0.978639
AACTTTAGCTGCTGAG-1,0.000147,0.615543,0.38431
AAGAAAGTTTGATGGG-1,0.000115,0.122436,0.877448
AAGAAGGATCAGTTAG-1,0.000173,0.042054,0.957772
AAGACATACGTGGTTT-1,0.849205,0.087911,0.062884
AAGACCAAATAACTCA-1,0.000073,0.002409,0.997518
AAGACCCAACTGAACA-1,0.042483,0.003707,0.95381
AAGACTAACCCGTTGT-1,0.000103,0.329633,0.670264
AAGACTCACGCCCACT-1,0.683156,0.314126,0.002717
AAGACTGCAAGCTACT-1,0.690029,0.00004,0.30993
AAGAGATGAATCGGTA-1,0.017849,0.00003,0.982122
AAGAGCTCTTTATCGG-1,0.732765,0.000042,0.267193
AAGAGGATGTACGCGA-1,0.000084,0.000028,0.999888
AAGAGGCATGGATCGC-1,0.870037,0.000033,0.129929
AAGAGGCCCTTTGGAA-1,0.999672,0.000047,0.000281
AAGATGGCACCGGACC-1,0.071958,0.00122,0.926822
AAGATTGGCGGAACGT-1,0.974029,0.000043,0.025928
AAGCACCCTGCGTATC-1,0.407567,0.00004,0.592393
AAGCATACTCTCCTGA-1,0.162876,0.044322,0.792802
AAGCCACTTGCAGGTA-1,0.036153,0.110978,0.852869
AAGCCGAAGCGGTTTA-1,0.965278,0.0342,0.000522
AAGCCGCCGTGAAATC-1,0.00012,0.016751,0.98313
AAGCGCAGGGCTTTGA-1,0.141455,0.039124,0.819421
AAGCGGCGTCATGGGT-1,0.823675,0.130128,0.046197
AAGCGTCCCTCATCGA-1,0.028714,0.000026,0.97126
AAGCTAGATCGAGTAA-1,0.057867,0.000029,0.942104
AAGCTATGGATTGACC-1,0.053691,0.316288,0.630021
AAGCTCGTGCCAAGTC-1,0.511742,0.000029,0.488229
AAGCTCTTTCATGGTG-1,0.763616,0.000044,0.236339
AAGGAGAACTTATAAG-1,0.000041,0.118547,0.881412
AAGGAGCGGTTGGTGC-1,0.151079,0.016398,0.832524
AAGGATCGATCGCTTG-1,0.986087,0.000078,0.013835
AAGGATGAGGGACCTC-1,0.947,0.000052,0.052947
AAGGCAGGCTGTCTCC-1,0.999671,0.000047,0.000282
AAGGCGCGTAAAGCTT-1,0.120957,0.000026,0.879017
AAGGCTGTGCTCATCG-1,0.282313,0.018361,0.699326
AAGGGAACGACTGGCT-1,0.025133,0.022344,0.952523
AAGGGACAGATTCTGT-1,0.847365,0.00005,0.152585
AAGGGACTATGCATTC-1,0.015975,0.00004,0.983985
AAGGGTTTGATTTCAG-1,0.000319,0.092815,0.906867
AAGGTATCCTAATATA-1,0.844439,0.001116,0.154445
AAGGTGATAAACCAGC-1,0.949704,0.032251,0.018045
AAGTAAGCTTCCAAAC-1,0.06439,0.438854,0.496755
AAGTAGAAGACCGGGT-1,0.025903,0.040477,0.93362
AAGTAGTGACGCGAGG-1,0.035988,0.00004,0.963972
AAGTCAATTGTCGTCA-1,0.743087,0.000048,0.256865
AAGTCTTCTGTGGCCT-1,0.071512,0.000072,0.928416
AAGTGACGACCGAATT-1,0.028988,0.000037,0.970975
AAGTGAGTCGGGTTTA-1,0.000085,0.001936,0.997978
AAGTGCAAAGGTAGAC-1,0.000092,0.005696,0.994212
AAGTGCCTTGACTGTA-1,0.836758,0.000053,0.163189
AAGTGCGTTAGAATCT-1,0.079451,0.023604,0.896945
AAGTGCTTCTCTATTG-1,0.044016,0.000972,0.955011
AAGTGTTTGGAGACGG-1,0.723508,0.000032,0.27646
AAGTTCACTCCAAGCT-1,0.713465,0.00004,0.286495
AAGTTCAGTCTGCGTA-1,0.794929,0.057826,0.147246
AAGTTCGGCCAACAGG-1,0.217161,0.012275,0.770563
AAGTTGTGATGTTATA-1,0.983645,0.000048,0.016307
AAGTTTACTAATGGCA-1,0.056896,0.417819,0.525285
AAGTTTATGGGCCCAA-1,0.081738,0.0661,0.852162
AATAACAACGCTCGGC-1,0.000132,0.04796,0.951908
AATAACACTAGAACAA-1,0.021276,0.000017,0.978706
AATAACGTCGCGCCCA-1,0.979916,0.019806,0.000278
AATAAGTCCTCGAGAC-1,0.448243,0.429812,0.121945
AATACAATGTTTCAGG-1,0.031649,0.108138,0.860212
AATACCGGAGGGCTGT-1,0.000055,0.000018,0.999927
AATACCTGATGTGAAC-1,0.88252,0.094664,0.022817
AATAGAACAGAGTGGC-1,0.000046,0.000015,0.999939
AATAGAATCTGTTTCA-1,0.933755,0.000042,0.066202
AATAGCAAGCCTCCTG-1,0.82646,0.000024,0.173516
AATAGCTACCGCGTGC-1,0.716607,0.238905,0.044488
AATAGGCACGACCCTT-1,0.000048,0.28007,0.719882
AATAGTCCGTCCCGAC-1,0.126899,0.003457,0.869644
AATAGTCGCGAGTCGG-1,0.000098,0.000033,0.99987
AATATCAAGGTCGGAT-1,0.043452,0.161427,0.795121
AATATCCTAGCAAACT-1,0.035928,0.000039,0.964034
AATATCGAATCAATGC-1,0.958468,0.022367,0.019165
AATATCGAGGGTTCTC-1,0.856654,0.000057,0.143289
AATATTGGAGTATTGA-1,0.017639,0.000051,0.98231
AATCAGACTGCAGGAC-1,0.151362,0.468899,0.37974
AATCAGGTTTCATTTA-1,0.000178,0.000059,0.999763
AATCATGTAAAGACTC-1,0.957273,0.019945,0.022782
AATCCAAGGGCCTGAG-1,0.238759,0.000024,0.761217
AATCCATGCAAGGGTG-1,0.000197,0.23419,0.765613
AATCCCGCTCAGAGCC-1,0.144941,0.315901,0.539158
AATCGAGGTCTCAAGG-1,0.216326,0.283248,0.500426
AATCGCCTCAGCGCCA-1,0.735607,0.059057,0.205336
AATCGCGCAGAGGACT-1,0.965888,0.023313,0.010799
AATCGGGACACTACGA-1,0.149337,0.034242,0.816421
AATCGGTATAGCCCTC-1,0.999688,0.000045,0.000267
AATCGTGAGCCGAGCA-1,0.878375,0.010331,0.111294
AATCTAGGTTTACTTG-1,0.000129,0.000043,0.999827
AATCTATGCCGGAGCC-1,0.802829,0.013068,0.184104
AATCTCTACTGTGGTT-1,0.000097,0.017705,0.982198
AATCTGCGTTGGGACG-1,0.972747,0.000077,0.027176
AATCTGGCTTTCTAGT-1,0.000108,0.000036,0.999856
AATCTGGGTAGACCCT-1,0.970545,0.029287,0.000168
AATGACAGCAATGTCT-1,0.000153,0.000051,0.999796
AATGACGTAGGATGTC-1,0.898498,0.000048,0.101454
AATGACTGTCAGCCGG-1,0.124013,0.036527,0.83946
AATGAGTTCGCATATG-1,0.060314,0.000047,0.939639
AATGATGATACGCTAT-1,0.809515,0.000047,0.190438
AATGATGCGACTCCTG-1,0.865278,0.040148,0.094574
AATGCAACCGGGTACC-1,0.084259,0.010001,0.90574
AATGCACCAAGCAATG-1,0.946725,0.039473,0.013802
AATGGTCCACCGTTCA-1,0.000081,0.02133,0.978589
AATGGTTCTCACAAGC-1,0.049909,0.017133,0.932958
AATGTATGGCACTGTA-1,0.040377,0.095068,0.864555
AATGTGCCCGAGGTGT-1,0.041974,0.004909,0.953118
AATGTGCTAATCTGAG-1,0.017998,0.025684,0.956318
AATGTTAAGACCCTGA-1,0.520607,0.235885,0.243508
AATGTTGTCGTGAGAC-1,0.999772,0.000033,0.000195
AATTAAAGGTCGGCGT-1,0.022305,0.000023,0.977672
AATTAACGGATTTCCA-1,0.151217,0.008548,0.840235
AATTACGAGACCCATC-1,0.000168,0.015446,0.984386
AATTACTCGTACGCTC-1,0.014792,0.146992,0.838216
AATTAGCGCTGCAGCG-1,0.060656,0.006358,0.932986
AATTATACCCAGCAAG-1,0.974277,0.005794,0.019929
AATTCATAAGGGATCT-1,0.916106,0.000076,0.083818
AATTCATTGTCATGCA-1,0.028582,0.048189,0.923228
AATTCCAACTTGGTGA-1,0.000063,0.309799,0.690138
AATTCCAAGCATGTAC-1,0.144853,0.00004,0.855107
AATTCGATTCGAGGAT-1,0.12553,0.000032,0.874439
AATTCTAGAGTTAGGC-1,0.088578,0.000036,0.911386
AATTGAACGCTCTGGT-1,0.963234,0.000029,0.036737
AATTGCAGCAATCGAC-1,0.949883,0.021648,0.028469
AATTGCGTGGATTACA-1,0.000132,0.047773,0.952094
AATTTGGGACATAGTA-1,0.813027,0.085447,0.101526
AATTTGGTTCCAAAGA-1,0.527955,0.000049,0.471997
ACAAACCATGCGTCCT-1,0.000112,0.036858,0.963031
ACAAACCGACAAGGCG-1,0.668054,0.122089,0.209857
ACAAACTCCATCAGAG-1,0.033864,0.172867,0.793269
ACAAAGAAGGTAGGCC-1,0.000145,0.014658,0.985197
ACAAAGCATGACCTAG-1,0.88118,0.000834,0.117985
ACAAATCGCACCGAAT-1,0.683501,0.000047,0.316452
ACAAATGGTAGTGTTT-1,0.883262,0.017926,0.098812
ACAAATTCAGATCTGA-1,0.802762,0.194276,0.002962
ACAACAGCATGAGCTA-1,0.635702,0.000074,0.364224
ACAACGGTCCCTGCGA-1,0.144242,0.001158,0.8546
ACAAGCAGTGCCTAGC-1,0.000284,0.089539,0.910177
ACAAGCTATATGGAAG-1,0.031141,0.000066,0.968793
ACAAGGAAATCCGCCC-1,0.803352,0.000044,0.196603
ACAAGGACAAGAGGTT-1,0.017718,0.007762,0.97452
ACAAGGATGCTTTAGG-1,0.734835,0.00004,0.265126
ACAAGGCCTACCAGCC-1,0.824384,0.11195,0.063666
ACAAGGGCAGGCTCTG-1,0.794462,0.000041,0.205497
ACAAGTAATTGTAAGG-1,0.000055,0.140676,0.859269
ACAATAGTCGTACGTT-1,0.000192,0.086989,0.91282
ACAATCCATTTAAACC-1,0.100226,0.003921,0.895854
ACAATCGATCTTTATA-1,0.252367,0.400361,0.347272
ACAATGAATACGGAGA-1,0.060223,0.041406,0.898371
ACAATGATTCTTCTAC-1,0.846202,0.116706,0.037092
ACAATTGTGTCTCTTT-1,0.68627,0.000052,0.313678
ACAATTTAGGAGGCTC-1,0.000109,0.000036,0.999855
ACAATTTGAGCAGTGG-1,0.893071,0.000072,0.106857
ACACAAAGACGGGTGG-1,0.081098,0.00002,0.918881
ACACACCAGGACCAGT-1,0.859455,0.012168,0.128377
ACACACTTTCTACACG-1,0.544964,0.010285,0.444751
ACACATGATCAAATCT-1,0.000115,0.049493,0.950392
ACACATTGACGCAACA-1,0.000152,0.109082,0.890766
ACACATTTCCGTAGAC-1,0.083094,0.081978,0.834929
ACACCACATAATTAGC-1,0.977002,0.022725,0.000272
ACACCCAGCATGCAGC-1,0.000086,0.01302,0.986894
ACACCCGAGAAATCCG-1,0.053714,0.000028,0.946258
ACACCGAGCGCTCTTT-1,0.000149,0.098303,0.901548
ACACCGGTCTGACCGC-1,0.000119,0.021539,0.978342
ACACCTTAAGTAGGGC-1,0.109329,0.000079,0.890592
ACACCTTACTACTTGC-1,0.888589,0.110796,0.000616
ACACGAGACTCCTTCT-1,0.771586,0.00829,0.220124
ACACGGCACTATGCAT-1,0.502691,0.267485,0.229824
ACACGGGAACTTAGGG-1,0.765287,0.000065,0.234648
ACACGTAGGCCACAAG-1,0.683566,0.099334,0.2171
ACACTCCAATGTCACT-1,0.0002,0.001152,0.998649
ACACTGATCAAGGTGT-1,0.037413,0.000023,0.962564
ACACTGGGACAGTCGT-1,0.953038,0.046618,0.000345
ACAGAACTGAGAACAA-1,0.00019,0.037612,0.962197
ACAGATTAGGTTAGTG-1,0.05106,0.140012,0.808928
ACAGCATAGAGCCAGT-1,0.069004,0.008616,0.922379
ACAGCGACATTCTCAT-1,0.922497,0.076975,0.000528
ACAGCGCACCCGCAGC-1,0.922848,0.00994,0.067211
ACAGGAGGCGCAGCCG-1,0.057055,0.125793,0.817152
ACAGGCACGGATCCTT-1,0.905393,0.094126,0.000481
ACAGGCTTGCCCGACT-1,0.931386,0.000037,0.068577
ACAGGTGGAGGTGAGG-1,0.050318,0.003563,0.946119
ACAGGTGTGTTGTTGC-1,0.094957,0.000055,0.904988
ACAGTAATACAACTTG-1,0.000095,0.009349,0.990556
ACAGTATACCGTGGGA-1,0.774489,0.054899,0.170612
ACAGTGCAGCGCATTT-1,0.881749,0.056917,0.061334
ACATAAGTCGTGGTGA-1,0.000074,0.000025,0.999902
ACATAATAAGGCGGTG-1,0.284278,0.000047,0.715674
ACATACAATCAAGCGG-1,0.999837,0.000023,0.000139
ACATCAGCTGGGACGC-1,0.00012,0.027314,0.972566
ACATCCCGGCCATACG-1,0.19307,0.000114,0.806816
ACATCCTGGTAACTGT-1,0.780671,0.08983,0.129499
ACATCGATCGTTTACC-1,0.07683,0.049078,0.874092
ACATCGCAATATTCGG-1,0.000125,0.312568,0.687306
ACATCGGTCAGCCGCG-1,0.052057,0.000026,0.947917
ACATCGTATGCAATGG-1,0.683244,0.000099,0.316657
ACATCGTTAACCTAGT-1,0.774222,0.04845,0.177328
ACATCTCAACGCGTAA-1,0.839819,0.041354,0.118827
ACATGCTTACGGCAGC-1,0.000107,0.248251,0.751643
ACATGGCGCCAAAGTA-1,0.99965,0.00005,0.0003
ACATGGCTCAATTTAG-1,0.000271,0.191091,0.808637
ACATTAGTTTATATCC-1,0.115872,0.000059,0.884068
ACATTCGCGCGGAATA-1,0.04707,0.165272,0.787658
ACATTTGAAACCTAAC-1,0.942947,0.056801,0.000253
ACCAAACACCCAGCGA-1,0.685936,0.059628,0.254435
ACCAAACTAGAAATCC-1,0.283819,0.464704,0.251477
ACCAACACCACACACT-1,0.804696,0.038376,0.156929
ACCAACCGCACTCCAC-1,0.848137,0.003639,0.148224
ACCAACGCTTATTTAT-1,0.100921,0.005481,0.893597
ACCAAGAACGCGTGTC-1,0.076931,0.030549,0.892521
ACCAAGTCATCGGCAG-1,0.988326,0.011432,0.000242
ACCAATATGCAAGTTA-1,0.788735,0.000055,0.21121
ACCACAACTCAGAACA-1,0.365965,0.053595,0.58044
ACCACAAGTTTCTATC-1,0.106903,0.000021,0.893076
ACCACACGGTTGATGG-1,0.545575,0.188699,0.265726
ACCACCAATGTAACAA-1,0.944799,0.013566,0.041635
ACCACGTGCAGCTATA-1,0.861102,0.000052,0.138847
ACCACTGTTCAAGAAG-1,0.025921,0.01002,0.964059
ACCAGACCATAACAAC-1,0.001599,0.000054,0.998347
ACCAGCCCGGTCTTTG-1,0.659362,0.229896,0.110741
ACCAGGAGTGTGATCT-1,0.015026,0.221949,0.763026
ACCAGTGCCCGGTCAA-1,0.960551,0.000091,0.039359
ACCAGTGCGGGAGACG-1,0.822575,0.01224,0.165185
ACCATATCCGCAATAA-1,0.073087,0.000024,0.926889
ACCATCCGCCAACTAG-1,0.000114,0.007017,0.992869
ACCATCGTATATGGTA-1,0.012366,0.000034,0.9876
ACCATTAAGGGTGTCA-1,0.000359,0.180455,0.819185
ACCCAACGCCCGTGGC-1,0.689687,0.012564,0.29775
ACCCACCTACATGCTC-1,0.126909,0.092606,0.780485
ACCCATCTTGAGGGTA-1,0.028909,0.040625,0.930466
ACCCATTTGTCCCTCT-1,0.789177,0.045112,0.165711
ACCCGAGCGAAATTAC-1,0.028681,0.000045,0.971273
ACCCGATTGGTTCCGA-1,0.145266,0.044235,0.810499
ACCCGGAAACTCCCAG-1,0.071018,0.063158,0.865823
ACCCGGATGACGCATC-1,0.951536,0.000066,0.048399
ACCCGGTTACACTTCC-1,0.136469,0.000034,0.863498
ACCCGTAGCAGAGAAT-1,0.032274,0.136334,0.831391
ACCCGTAGTCTAGTTG-1,0.911649,0.000024,0.088326
ACCCGTGTCATCAGTA-1,0.183869,0.020459,0.795672
ACCCTATAGGACTGAG-1,0.185112,0.107385,0.707503
ACCCTATGCCATATCG-1,0.060619,0.045887,0.893493
ACCCTCCCGTCAGGGC-1,0.960389,0.03934,0.000271
ACCCTCCCTTGCTATT-1,0.724252,0.000083,0.275665
ACCCTGGTAACGCCCT-1,0.965094,0.03471,0.000196
ACCCTTCATCTGCGAA-1,0.230098,0.02265,0.747252
ACCCTTTAGTTCTCCA-1,0.747319,0.102721,0.14996
ACCGAAAGGGCCCTGC-1,0.074254,0.000079,0.925668
ACCGAAGAGTCTGGTT-1,0.000163,0.022957,0.97688
ACCGACACATCTCCCA-1,0.064843,0.000068,0.935088
ACCGACTGAGTCCCAC-1,0.640087,0.000054,0.35986
ACCGAGTCTCCTTATT-1,0.686722,0.162218,0.15106
ACCGATGGTAGCATCG-1,0.679642,0.000043,0.320315
ACCGCAATAACTGCCT-1,0.842196,0.000044,0.157761
ACCGCGGTGGAAGTCG-1,0.954997,0.000053,0.04495
ACCGCTAGTCATTGGT-1,0.200323,0.237782,0.561894
ACCGGGCCTTTGTTGA-1,0.792365,0.000032,0.207603
ACCGGTCAGGTACACC-1,0.00008,0.000027,0.999894
ACCGGTCTGAGTACGG-1,0.673636,0.102561,0.223803
ACCGTCCACTGGGCCC-1,0.000127,0.088078,0.911796
ACCGTGACCACGTGGG-1,0.06831,0.000041,0.931649
ACCGTTCCCGCTCTGA-1,0.269422,0.057562,0.673016
ACCTAAGTACCTTTCA-1,0.000174,0.035471,0.964354
ACCTAATCGACTTCCT-1,0.018008,0.086598,0.895394
ACCTACAGTATGTGGT-1,0.918383,0.000067,0.081551
ACCTACTATAAATCTA-1,0.057337,0.000023,0.94264
ACCTCAGCGAGGCGCA-1,0.990053,0.009835,0.000112
ACCTCCGCCCTCGCTG-1,0.901914,0.000064,0.098022
ACCTCCGTTATTCACC-1,0.690392,0.000035,0.309572
ACCTCGAACTTATGCT-1,0.000206,0.141326,0.858469
ACCTGCGTGTCATGTT-1,0.000123,0.000041,0.999836
ACCTTTCCTTTAGAAG-1,0.159694,0.598212,0.242093
ACGAAATGGGCGGCAC-1,0.042283,0.004078,0.953638
ACGACTCTAGGGCCGA-1,0.729727,0.104203,0.16607
ACGACTGGTCATACTC-1,0.079122,0.000033,0.920845
ACGAGAACCCATCACG-1,0.000116,0.226805,0.773078
ACGAGATATTTGCTTA-1,0.787115,0.18182,0.031065
ACGAGGATACCACTCT-1,0.000137,0.005905,0.993958
ACGAGGTTTACAACGT-1,0.000087,0.003723,0.99619
ACGAGTACGGATGCCC-1,0.984524,0.000067,0.015409
ACGAGTCGCCGGCGTT-1,0.00005,0.159151,0.840799
ACGATACATAGAACTA-1,0.706087,0.000037,0.293876
ACGATACCTATCCTGA-1,0.019234,0.00005,0.980716
ACGATCATACATAGAG-1,0.59208,0.00005,0.40787
ACGATCATCTTGTAAA-1,0.845161,0.000056,0.154783
ACGATGCATATGTTAT-1,0.000056,0.000019,0.999925
ACGATGGATCCGATGC-1,0.593016,0.010921,0.396064
ACGCAAACTAATAGAT-1,0.047663,0.000022,0.952316
ACGCAATCACTACAGC-1,0.912387,0.087094,0.00052
ACGCATAAATGACATG-1,0.865912,0.124745,0.009343
ACGCATACGTTTACTA-1,0.976307,0.000056,0.023637
ACGCATTCGTGAGTAC-1,0.037263,0.0001,0.962637
ACGCCACTCGAAACAG-1,0.216672,0.249682,0.533646
ACGCCAGATGATTTCT-1,0.527262,0.000047,0.47269
ACGCCAGTGCGTTTGC-1,0.884294,0.115398,0.000308
ACGCCCAGCTGTCGAT-1,0.536868,0.302757,0.160376
ACGCCGCTAGACGACC-1,0.600503,0.000035,0.399462
ACGCGAAGTCAGACGA-1,0.125898,0.029145,0.844956
ACGCGCTACACAGGGT-1,0.017251,0.001629,0.98112
ACGCGGGCCAAGGACA-1,0.029905,0.000022,0.970073
ACGCGTTTCTTAAGAG-1,0.000093,0.000031,0.999875
ACGCTAGTGATACACT-1,0.854636,0.077062,0.068302
ACGCTGTGAGGCGTAG-1,0.000073,0.000024,0.999903
ACGCTTAGTGTCTCTC-1,0.368857,0.061384,0.569759
ACGGAACACGAGTGCC-1,0.999846,0.000022,0.000132
ACGGAATTTAGCAAAT-1,0.171559,0.044146,0.784294
ACGGACGCAGCGACAA-1,0.000076,0.042662,0.957263
ACGGACTCTCAAAGCG-1,0.44234,0.046142,0.511519
ACGGAGCGCAAATTAC-1,0.733005,0.012812,0.254183
ACGGATGGTGCGGATA-1,0.632439,0.000053,0.367508
ACGGCACTTGCTTGGG-1,0.086031,0.000032,0.913937
ACGGCCAACATGGACT-1,0.035177,0.000038,0.964785
ACGGCGACGATGGGAA-1,0.744615,0.000052,0.255334
ACGGCGGGTTGCCCTG-1,0.000151,0.489412,0.510437
ACGGCTGGATGTAGAA-1,0.00029,0.067661,0.93205
ACGGGAGTGTCGGCCC-1,0.000165,0.065559,0.934276
ACGGGCGTATGCGACA-1,0.815957,0.109604,0.074439
ACGGGTCATGTGACTT-1,0.000078,0.000026,0.999896
ACGGGTTGTGACCTGT-1,0.024431,0.127077,0.848492
ACGGTACAGTTCAATG-1,0.917142,0.078912,0.003946
ACGGTCACCGAGAACA-1,0.000132,0.088779,0.911088
ACGTACAGATTTCTCT-1,0.520885,0.105276,0.37384
ACGTACTTTGGCACGG-1,0.010345,0.035856,0.953799
ACGTAGATTGCTGATG-1,0.445315,0.000079,0.554606
ACGTAGGAGAGTCGCT-1,0.114834,0.064812,0.820354
ACGTATTACTCCGATC-1,0.933779,0.000058,0.066163
ACGTCCTAAACGAGAT-1,0.152194,0.206723,0.641082
ACGTCGGGCAACTCGG-1,0.001635,0.053889,0.944476
ACGTCTCGTTCCGGGA-1,0.000542,0.00004,0.999417
ACGTGACAAAGTAAGT-1,0.000128,0.082044,0.917828
ACGTGCGCCTCGTGCA-1,0.293414,0.047259,0.659327
ACGTGGTCGAATGTGC-1,0.453991,0.243012,0.302997
ACGTTAATGTCGAAGA-1,0.25253,0.000042,0.747428
ACGTTAGATTTGCCCG-1,0.247571,0.035719,0.71671
ACGTTATTGGTCACTC-1,0.017087,0.025502,0.957412
ACGTTCACTATGCCGC-1,0.136756,0.091147,0.772098
ACGTTCCGCGCTCCGT-1,0.054795,0.089425,0.855781
ACGTTCGCAATCAATT-1,0.904571,0.095105,0.000325
ACGTTCGTTCAGGAAA-1,0.055787,0.001498,0.942715
ACGTTCTGTACAAGTC-1,0.922177,0.000044,0.077779
ACGTTGTCGTTGAAAG-1,0.000127,0.183417,0.816457
ACGTTTAGTTGTGATC-1,0.621853,0.000091,0.378056
ACTAATACGTCAGGCG-1,0.959888,0.03977,0.000342
ACTACAAAGAGAGGTG-1,0.103109,0.045702,0.851189
ACTACATCCCGACAAG-1,0.000075,0.028338,0.971587
ACTACCAGCTCTCTGG-1,0.090495,0.013602,0.895903
ACTACCATCCGAGGGC-1,0.000095,0.166732,0.833173
ACTACGCGTTAGAATT-1,0.117799,0.000026,0.882175
ACTAGTTGCGATCGTC-1,0.989238,0.000107,0.010656
ACTATATGCTGTGTTC-1,0.814327,0.04728,0.138394
ACTATCCAGGGCATGG-1,0.951294,0.000051,0.048655
ACTATCGCCGGCTAAA-1,0.000236,0.002742,0.997022
ACTATCTGCCCGCGTA-1,0.87187,0.000035,0.128096
ACTATGTCCAGCTGCC-1,0.000126,0.017547,0.982327
ACTATTCGTCCGTGGT-1,0.66994,0.000121,0.329938
ACTATTTCCGGGCCCA-1,0.084586,0.012075,0.903339
ACTCAACGAATGTATT-1,0.030311,0.345708,0.623981
ACTCAAGTGCAAGGCT-1,0.877302,0.000044,0.122654
ACTCAATAAAGGCACG-1,0.598716,0.000043,0.401241
ACTCAGACCTGCTTCT-1,0.008157,0.16178,0.830063
ACTCATGGCAGCCTTC-1,0.000174,0.147341,0.852484
ACTCCAATATCATCAT-1,0.00008,0.00286,0.99706
ACTCCCATTCCTAAAG-1,0.00014,0.000047,0.999813
ACTCCCGAATTCGTTT-1,0.773327,0.000062,0.226611
ACTCCCTAATGCTAAA-1,0.229752,0.026097,0.744151
ACTCCCTAGAATAGTA-1,0.447992,0.000053,0.551955
ACTCCGGCCGACCACT-1,0.962353,0.000039,0.037608
ACTCGATGTATTTCAT-1,0.00012,0.00004,0.99984
ACTCGCCGTTCGATAA-1,0.990982,0.008832,0.000186
ACTCGTAACCCGTCCT-1,0.000172,0.00248,0.997348
ACTCGTCAGTAATCCC-1,0.826521,0.000038,0.17344
ACTCTAAACCTGGGAT-1,0.020297,0.001008,0.978695
ACTCTCTGACTTAGGT-1,0.564674,0.00019,0.435136
ACTCTCTTATACACGA-1,0.916569,0.057034,0.026397
ACTCTGACCTAATAGA-1,0.892764,0.092644,0.014592
ACTCTTGTATAGTAAC-1,0.629114,0.000083,0.370803
ACTGAAACGCCGTTAG-1,0.827933,0.043794,0.128274
ACTGAATGGCGAAAGT-1,0.633913,0.000061,0.366026
ACTGATTTAGTGATTC-1,0.601127,0.207219,0.191654
ACTGCCCGCCATTCTC-1,0.000059,0.035653,0.964288
ACTGCCGTCGTAACTC-1,0.569469,0.00005,0.430481
ACTGCGGACACACCGT-1,0.871871,0.004117,0.124011
ACTGCTCGGAAGGATG-1,0.000112,0.000037,0.999851
ACTGGGATGCCAGTGC-1,0.000046,0.001896,0.998058
ACTGTACGATACACAT-1,0.749027,0.000036,0.250937
ACTGTAGCACTTTGGA-1,0.016155,0.000029,0.983816
ACTGTATACGCGAGCA-1,0.185496,0.090312,0.724193
ACTGTCCAGGATTATA-1,0.067506,0.000051,0.932443
ACTGTCTTCTTTAGAA-1,0.394249,0.000062,0.60569
ACTGTGCTAGTAGATC-1,0.000069,0.000023,0.999908
ACTGTTTAGTGTAGGC-1,0.078954,0.239617,0.681429
ACTTACCGGGCGCGCA-1,0.830931,0.168548,0.000521
ACTTACGCATCCACGC-1,0.764041,0.000047,0.235912
ACTTAGTACGACAAGA-1,0.084113,0.010793,0.905094
ACTTATACTTACCCGG-1,0.884861,0.000042,0.115096
ACTTATCTGATCTATA-1,0.00005,0.289605,0.710345
ACTTATTAGGATCGGT-1,0.035621,0.000048,0.964331
ACTTATTTATGTGCCA-1,0.826481,0.000057,0.173462
ACTTCAGGCTGATCCC-1,0.561305,0.000026,0.438669
ACTTCCAGTGGAAGCT-1,0.000205,0.054981,0.944813
ACTTCCATGCGGGACA-1,0.933295,0.000053,0.066652
ACTTCGCCATACGCAC-1,0.725319,0.000037,0.274643
ACTTGACTCCCTCTTT-1,0.344166,0.061675,0.594159
ACTTGCCATATTGTAC-1,0.087644,0.439234,0.473122
ACTTGCTCTATCTACC-1,0.000371,0.000124,0.999505
ACTTGGGACCCGGTGG-1,0.061365,0.000927,0.937708
ACTTGGGCTTTCGCCA-1,0.108209,0.157514,0.734276
ACTTGTAGTCCCTTCA-1,0.000129,0.000043,0.999828
ACTTGTGGATGGAACG-1,0.772134,0.025946,0.20192
ACTTGTTACCGGATCA-1,0.065957,0.267935,0.666108
ACTTTACCCTCATGAA-1,0.920523,0.020701,0.058776
ACTTTATACACCACTT-1,0.000063,0.004851,0.995086
ACTTTCCTATAGCTTC-1,0.109665,0.041547,0.848788
ACTTTGACTGCATCCT-1,0.000176,0.062867,0.936957
ACTTTGGTCGTGCTCC-1,0.000138,0.000046,0.999816
AGAAATTATGACTCGC-1,0.953206,0.046478,0.000316
AGAACACGGCGATGGT-1,0.000105,0.220978,0.778917
AGAACCCTCAATTGGG-1,0.000121,0.020269,0.97961
AGAACGTGGTACATTC-1,0.67007,0.000049,0.329881
AGAACTGTACTTTGTA-1,0.775758,0.117091,0.107151
AGAAGAGCGCCGTTCC-1,0.9019,0.000362,0.097738
AGAAGGTACACTTCAC-1,0.016841,0.019386,0.963773
AGAAGGTTGCCGAATT-1,0.097549,0.06158,0.84087
AGAAGGTTGTAGGTCG-1,0.796648,0.000036,0.203315
AGAAGTGATTCGTGAT-1,0.06943,0.019812,0.910758
AGAATAAATCTTCAGG-1,0.000125,0.012475,0.9874
AGAATACAGGCTATCC-1,0.969979,0.029784,0.000236
AGAATGCGGGTTCGGA-1,0.815201,0.000033,0.184766
AGAATTATGGATTCGA-1,0.884422,0.000065,0.115513
AGAATTGTTTGACATA-1,0.000251,0.101371,0.898378
AGACAGCTCAGAATCC-1,0.00012,0.012746,0.987134
AGACATAGATCCTTCC-1,0.03896,0.148131,0.81291
AGACCAAACCACACCT-1,0.000079,0.011276,0.988646
AGACCATGGGATACAA-1,0.070971,0.0064,0.922629
AGACCCACCGCTGATC-1,0.190719,0.000025,0.809256
AGACCCGCCCTCCTCG-1,0.079868,0.038615,0.881517
AGACCGCTCCGCGGTT-1,0.925805,0.073578,0.000617
AGACCGGGAAACCCTG-1,0.000139,0.034539,0.965323
AGACGAAGTGCCGGTC-1,0.999502,0.000071,0.000427
AGACGACGATGCCGCT-1,0.072501,0.002701,0.924797
AGACGGGATTGGTATA-1,0.87214,0.090932,0.036928
AGACGGGCCGATTTAA-1,0.602732,0.097148,0.30012
AGACTAGCCTTCCAGA-1,0.113472,0.056611,0.829917
AGACTGTTACCGGGTC-1,0.0737,0.000024,0.926276
AGAGAAACACCAGAAA-1,0.085462,0.003398,0.91114
AGAGAACCGTCTAGGA-1,0.99024,0.000055,0.009705
AGAGAAGGAGTACAAT-1,0.05111,0.000029,0.948861
AGAGATCTCTAAAGCG-1,0.019089,0.000038,0.980873
AGAGCAGTTATGAGAC-1,0.000182,0.000061,0.999758
AGAGCCGCCGAGATTT-1,0.961737,0.03015,0.008113
AGAGCGGGCTAATCAT-1,0.438783,0.000042,0.561175
AGAGCGTACAAGCTCG-1,0.079702,0.085894,0.834404
AGAGCTACGAAAGCAT-1,0.000232,0.025444,0.974324
AGAGGCTTCGGAAACC-1,0.779881,0.086599,0.13352
AGAGGGACAATTGTCC-1,0.86962,0.048874,0.081507
AGAGGTATCTCGGTCC-1,0.027088,0.417555,0.555357
AGAGTAAACTTCACTA-1,0.870373,0.104672,0.024955
AGAGTTAGAGACCGAT-1,0.79003,0.000034,0.209935
AGATAACTTCAGGGCC-1,0.082549,0.00578,0.91167
AGATAATCACACCTAT-1,0.000051,0.142929,0.857021
AGATACCAATAGAACC-1,0.991135,0.000049,0.008816
AGATACCAGCACTTCA-1,0.972106,0.000028,0.027866
AGATACCGGTGTTCAC-1,0.028167,0.000025,0.971808
AGATACGACTTCATAT-1,0.000127,0.011437,0.988436
AGATACTCAAGATCGA-1,0.713673,0.000099,0.286228
AGATATAATACGACTA-1,0.441456,0.000052,0.558492
AGATCGTGCATAAGAT-1,0.930695,0.000044,0.069261
AGATCTCAGGTGTGAT-1,0.669183,0.000056,0.330761
AGATCTGGAGAGGATA-1,0.000046,0.015105,0.984849
AGATGACTCGCCCACG-1,0.122281,0.000037,0.877681
AGATGAGGGTTGCGAT-1,0.956303,0.000069,0.043629
AGATGATGGAGTCTGG-1,0.848973,0.02548,0.125547
AGATGCAAGACGTGCA-1,0.031945,0.000031,0.968024
AGATGCATCCTGTGTC-1,0.000107,0.000036,0.999858
AGATGCTATAACGAGC-1,0.000104,0.020748,0.979148
AGATTATAGGACGTTT-1,0.148957,0.007325,0.843718
AGATTCAAGCGGGTCG-1,0.879138,0.120554,0.000308
AGATTCACAACCGATA-1,0.00009,0.028677,0.971232
AGCAAAGGCCGCTAGT-1,0.249897,0.000033,0.75007
AGCAACATATCTTATT-1,0.45443,0.000045,0.545525
AGCAACCGAAAGTAAT-1,0.013535,0.014587,0.971878
AGCACACGTTTAGACT-1,0.002098,0.066551,0.931351
AGCACCAGTACTCACG-1,0.387165,0.010956,0.601879
AGCACTACCGGCCTGT-1,0.000185,0.09061,0.909204
AGCACTACCTCACCAG-1,0.872116,0.000059,0.127825
AGCACTTAAGGACGCC-1,0.037678,0.000017,0.962305
AGCAGAAGGAGAAAGA-1,0.02297,0.000011,0.977018
AGCAGCCAGATGAATA-1,0.068103,0.00004,0.931857
AGCAGTCGAAGCATGC-1,0.649116,0.009618,0.341266
AGCATATCAATATGCT-1,0.828166,0.000041,0.171793
AGCATCATTTCGAAAG-1,0.000118,0.000039,0.999843
AGCATCGTCGATAATT-1,0.082331,0.000071,0.917598
AGCATTACGAGGCAAG-1,0.999654,0.000049,0.000296
AGCCAAGCTTTGTGTC-1,0.176508,0.043407,0.780085
AGCCACAGGTTACCCG-1,0.464834,0.000033,0.535133
AGCCACTCCCGTGCTT-1,0.672641,0.000057,0.327302
AGCCATATAGTATGTG-1,0.040105,0.110007,0.849889
AGCCCATACATGTAAG-1,0.014164,0.003413,0.982423
AGCCCGCAACAAGCAG-1,0.028726,0.00283,0.968444
AGCCCGCACTACAATG-1,0.913586,0.086175,0.000239
AGCCCGGCATTAGAGG-1,0.000122,0.000041,0.999837
AGCCCGGTAGCCTGTA-1,0.041853,0.000023,0.958123
AGCCCTAAGCGAAGTT-1,0.235289,0.000057,0.764654
AGCCCTCCCTGGTGGC-1,0.000113,0.059739,0.940147
AGCCCTTCTAATCCGA-1,0.927784,0.008539,0.063677
AGCCCTTGGACATCCC-1,0.907256,0.000028,0.092715
AGCCGCAAATTCAAAT-1,0.000132,0.000044,0.999824
AGCCGCTTGATTAGCG-1,0.00017,0.01733,0.9825
AGCCGTGGCTAAATGT-1,0.013811,0.025056,0.961133
AGCCTAATACCCACGT-1,0.000081,0.000027,0.999892
AGCCTTAAAGCGGAAG-1,0.000113,0.001474,0.998412
AGCCTTGTCACTGATA-1,0.0003,0.211254,0.788446
AGCGACAGGAACGGTC-1,0.20372,0.000028,0.796252
AGCGACATCCCATTCA-1,0.046277,0.000029,0.953694
AGCGACCAACGATATT-1,0.308064,0.000042,0.691894
AGCGACTTTGAAGACA-1,0.000024,0.174399,0.825578
AGCGAGACGTGAAGGC-1,0.024719,0.027388,0.947893
AGCGATGCGCCTAATA-1,0.985679,0.003055,0.011266
AGCGCATAATGAATCG-1,0.225461,0.000022,0.774517
AGCGCGGGTGCCAATG-1,0.712113,0.00004,0.287847
AGCGCTTATGGGCAAG-1,0.885209,0.034587,0.080204
AGCGGACACTTCGTAG-1,0.102962,0.000136,0.896902
AGCGGCGGTTAGCGGT-1,0.000092,0.000075,0.999832
AGCGGGAAGGGTCCAT-1,0.081199,0.002266,0.916535
AGCGGGTCTGACACTC-1,0.098304,0.032893,0.868802
AGCGGTTGAGATGTAC-1,0.711276,0.280637,0.008088
AGCGGTTGCCGCTCTG-1,0.792099,0.17722,0.030681
AGCGTACGAGAGCTAG-1,0.000144,0.177707,0.822148
AGCGTAGCGCTAGACC-1,0.000053,0.211993,0.787954
AGCGTCTGAACCCGCA-1,0.031631,0.32448,0.643889
AGCGTGGTATTCTACT-1,0.65202,0.000066,0.347914
AGCGTTCCGATTTAAA-1,0.823376,0.145869,0.030754
AGCTAACAAGCAATGT-1,0.027832,0.033583,0.938585
AGCTAAGCTCCGTCCG-1,0.000024,0.078791,0.921185
AGCTAAGTACGCAGGC-1,0.446089,0.134393,0.419519
AGCTACGAATGGTGGT-1,0.988968,0.010889,0.000143
AGCTAGAAGCAGAAGT-1,0.930871,0.014762,0.054367
AGCTATTTAATCCAAC-1,0.729502,0.000135,0.270363
AGCTCCATATATGTTC-1,0.848632,0.036245,0.115123
AGCTCCTTCGCACATC-1,0.810965,0.000027,0.189008
AGCTCTAGACGTTCCA-1,0.469081,0.000045,0.530874
AGCTCTTCCCAGTGCA-1,0.855414,0.000059,0.144528
AGCTCTTCGTAACCTT-1,0.879498,0.00007,0.120432
AGCTCTTTACTCAGTT-1,0.028525,0.147419,0.824056
AGCTGAAGTAAACCAA-1,0.843574,0.000031,0.156394
AGCTGCATTTGAGGTG-1,0.754882,0.158754,0.086364
AGCTGCTGTGCCGAAT-1,0.925625,0.016035,0.05834
AGCTGTAACCTCAATC-1,0.020275,0.028714,0.951011
AGCTTATAGAGACCTG-1,0.068329,0.44712,0.484551
AGCTTCAATACTTTGA-1,0.423237,0.11896,0.457804
AGCTTCTTCTCGAGCA-1,0.688792,0.034436,0.276772
AGCTTGATCAGGGTAG-1,0.000085,0.027134,0.972781
AGCTTGATCTTAACTT-1,0.000126,0.02259,0.977284
AGGAAAGCCTCTGATG-1,0.000057,0.368699,0.631244
AGGAAGCTGTCCGCCG-1,0.040317,0.007033,0.95265
AGGACAGTCGAATCCC-1,0.837759,0.000053,0.162188
AGGACATCGCACGTCG-1,0.000063,0.000021,0.999916
AGGACGACCCATTAGA-1,0.016738,0.006692,0.976571
AGGACGCTCGATGTTG-1,0.911188,0.057889,0.030923
AGGACTTATAGGAGAA-1,0.078063,0.000092,0.921845
AGGAGCGTTTATTATC-1,0.904654,0.000016,0.09533
AGGAGGCCTTCGCGCG-1,0.394228,0.000024,0.605748
AGGATAAAGTCGGGAT-1,0.0621,0.01027,0.92763
AGGATATAGGGATTTA-1,0.96683,0.000051,0.033119
AGGATATCCGACTGCA-1,0.999733,0.000038,0.000229
AGGATCACGCGATCTG-1,0.000086,0.000029,0.999885
AGGATTGCTTACGACA-1,0.778131,0.010182,0.211686
AGGCAAAGAGGAATCA-1,0.061533,0.13757,0.800897
AGGCAATACGGAGGAC-1,0.046605,0.375005,0.57839
AGGCACGTGACTGTCC-1,0.989085,0.010574,0.000341
AGGCAGATGCGTAAAC-1,0.723315,0.000036,0.276649
AGGCAGGGAGCGTACT-1,0.028074,0.000028,0.971898
AGGCATTGTCGTAGGG-1,0.953935,0.000053,0.046012
AGGCCACCCGTTATGA-1,0.000136,0.013185,0.986679
AGGCCCAGTGACTGGT-1,0.071302,0.289856,0.638842
AGGCCCATTGTACAGG-1,0.10068,0.085566,0.813754
AGGCCCTAGAACGCCA-1,0.032152,0.001809,0.966039
AGGCCTATCATACCAA-1,0.179072,0.012102,0.808826
AGGCCTGAGAATCTCG-1,0.925588,0.000051,0.074361
AGGCGGTTTGTCCCGC-1,0.000153,0.000051,0.999796
AGGCGTCTATGGACGG-1,0.769739,0.040232,0.190029
AGGCTATGGTTAGCTT-1,0.008664,0.009502,0.981834
AGGCTTAAGTTGCACA-1,0.101482,0.403624,0.494894
AGGCTTCCCGAAGAAG-1,0.000056,0.000019,0.999925
AGGCTTGCTAGACACC-1,0.053547,0.000099,0.946355
AGGGAAACGAGGTACT-1,0.923075,0.021076,0.055849
AGGGACAGCACGGCGG-1,0.10462,0.234535,0.660845
AGGGACCGGCTGCGTT-1,0.36521,0.000029,0.634761
AGGGACTCTACGCGAC-1,0.037933,0.000027,0.962039
AGGGAGACATACTTCG-1,0.722655,0.011356,0.265989
AGGGCAGCGGCGTGGT-1,0.697489,0.167646,0.134865
AGGGCGAGCAGCTGAT-1,0.000196,0.124711,0.875093
AGGGCGTGATCGGCTA-1,0.045367,0.00002,0.954613
AGGGCTGCAGTTACAG-1,0.290087,0.000067,0.709845
AGGGTCAGAGCACTCG-1,0.059718,0.016423,0.923859
AGGGTCAGTAACCCTA-1,0.807036,0.192679,0.000284
AGGGTCGATGCGAACT-1,0.999609,0.000056,0.000335
AGGGTGCCGTTCTTTA-1,0.074197,0.000023,0.92578
AGGGTGCTCTCGAGGG-1,0.972326,0.000063,0.027611
AGGGTGGATAGTGCAT-1,0.000091,0.005528,0.994381
AGGGTTCAGACGGTCC-1,0.044752,0.006036,0.949211
AGGGTTCCCTTTGGTT-1,0.974697,0.000036,0.025266
AGGGTTTAGTTCGGGA-1,0.155245,0.000037,0.844717
AGGTAACCTCCTATTC-1,0.195542,0.005482,0.798976
AGGTACGATATTGCCA-1,0.751312,0.00011,0.248578
AGGTAGATCGAGATAT-1,0.078947,0.00002,0.921033
AGGTAGGTACAAAGCT-1,0.040199,0.056209,0.903591
AGGTATAATTGATAGT-1,0.960978,0.009835,0.029187
AGGTCAGGTGAGAGTG-1,0.000116,0.022827,0.977056
AGGTCGCCACTTCGGT-1,0.000075,0.360065,0.63986
AGGTCGCGGAGTTACT-1,0.897804,0.008572,0.093624
AGGTGCACGTCCACAT-1,0.870081,0.064953,0.064966
AGGTGGTGACCTTCGC-1,0.164086,0.009509,0.826405
AGGTGTATCGCCATGA-1,0.040937,0.000078,0.958985
AGGTTACACCATGCCG-1,0.999433,0.000083,0.000484
AGGTTCTCCTTTCCGG-1,0.000338,0.23339,0.766272
AGGTTGAGGCACGCTT-1,0.673391,0.000059,0.32655
AGGTTTCACACACCTT-1,0.186922,0.000039,0.813039
AGTAACGTTCATCCTG-1,0.860787,0.1389,0.000313
AGTAACTATAGCAGCC-1,0.999681,0.000046,0.000273
AGTAAGGGACAGAATC-1,0.97743,0.022416,0.000154
AGTAATCTAAGGGTGG-1,0.924448,0.075404,0.000149
AGTAATGTCTTGCCGC-1,0.230334,0.000052,0.769614
AGTAATTTGCAAGCGT-1,0.000104,0.006177,0.993719
AGTACAGAAGCTTATA-1,0.488943,0.07596,0.435097
AGTACATCATTTATCA-1,0.99957,0.000061,0.000369
AGTACCTTCGAGTGCT-1,0.880462,0.068205,0.051333
AGTACGGCCCGTATCG-1,0.000076,0.000025,0.999898
AGTACGGGCACCTGGC-1,0.883845,0.00007,0.116085
AGTACGTGGCCTGTCT-1,0.84831,0.10226,0.04943
AGTACTCTTATGCCCA-1,0.999537,0.000066,0.000397
AGTAGAAGGCGCCTCA-1,0.042429,0.034906,0.922665
AGTAGCGTGAACGAAC-1,0.416049,0.068999,0.514952
AGTAGCTAGACGCCGA-1,0.646655,0.011402,0.341944
AGTAGGAAGGAAGTTG-1,0.837555,0.018323,0.144122
AGTAGGTAACATACAT-1,0.069084,0.064251,0.866665
AGTATAATACTAGGCA-1,0.000104,0.000035,0.999861
AGTATACACAGCGACA-1,0.110165,0.002771,0.887064
AGTATCCATAATAACG-1,0.000073,0.195013,0.804914
AGTATGCTGGAGACCA-1,0.046397,0.003649,0.949955
AGTATTTGGCACGACC-1,0.071537,0.000035,0.928428
AGTCAAATGATGTGAT-1,0.034415,0.000032,0.965553
AGTCAACACCACCATC-1,0.042645,0.049054,0.908301
AGTCAAGATGACACTT-1,0.955384,0.000061,0.044555
AGTCACTAGCTCTCGA-1,0.899915,0.043601,0.056484
AGTCACTCCGCCTCAT-1,0.025537,0.398748,0.575715
AGTCAGCCACCGCCTG-1,0.085245,0.038012,0.876743
AGTCCAGCGGGTACGT-1,0.069546,0.232791,0.697663
AGTCCATTGGCTGATG-1,0.73028,0.000068,0.269652
AGTCCCGCCTTTAATT-1,0.959207,0.000056,0.040737
AGTCGAAACGATTCAG-1,0.000197,0.015213,0.984591
AGTCGACGGTCTCAAG-1,0.971756,0.000038,0.028206
AGTCGGCCCAAACGAC-1,0.055459,0.00006,0.944481
AGTCGGCTCAACTTTA-1,0.00011,0.000037,0.999853
AGTCGGTTGCGTGAGA-1,0.999403,0.000085,0.000512
AGTCGTATAAAGCAGA-1,0.685144,0.032175,0.282681
AGTCGTCGACCACCAA-1,0.906456,0.000054,0.093491
AGTCGTGGGCATTACG-1,0.000139,0.000046,0.999814
AGTCTAAAGTATACTC-1,0.991993,0.007624,0.000384
AGTCTCACAAGACTAC-1,0.000124,0.000041,0.999835
AGTCTGGACATCCTTG-1,0.000117,0.000039,0.999844
AGTCTTCTCCTCAAAT-1,0.383636,0.084393,0.531971
AGTCTTTAAAGTGTCC-1,0.4915,0.000045,0.508455
AGTGAACAAACTTCTC-1,0.982953,0.000043,0.017004
AGTGACCTACTTTACG-1,0.090228,0.000052,0.90972
AGTGACTGTGACACAA-1,0.114108,0.0212,0.864691
AGTGAGACTTCCAGTA-1,0.492913,0.000023,0.507063
AGTGAGCCTCGCCGCC-1,0.994634,0.000069,0.005297
AGTGAGGGTTTCTGAC-1,0.793986,0.19645,0.009564
AGTGAGTCGAATTAAC-1,0.939369,0.037611,0.023019
AGTGATAACCTGCGCG-1,0.927491,0.000042,0.072467
AGTGATATGAGTAGTT-1,0.116016,0.058331,0.825652
AGTGATTCAAGCAGGA-1,0.961123,0.000046,0.038831
AGTGCACGCTTAAGAA-1,0.90872,0.060995,0.030284
AGTGCGTAGCTCGTAA-1,0.023898,0.009415,0.966687
AGTGCTAAACACAGCA-1,0.743294,0.000017,0.256688
AGTGCTTGCACGAATA-1,0.840218,0.0463,0.113482
AGTGGCCCGCAAATGG-1,0.948599,0.051195,0.000206
AGTGGCGGCAATTTGA-1,0.677614,0.000035,0.322351
AGTGGCGTCTGAAGGT-1,0.969129,0.000025,0.030846
AGTGGCTCCGTCGGCC-1,0.000102,0.000034,0.999865
AGTGGGAGTATACACG-1,0.062992,0.130315,0.806693
AGTGGTGTTACCCGTG-1,0.000097,0.000032,0.99987
AGTGGTTGCGTATAGG-1,0.000145,0.018512,0.981343
AGTGTATTGCGCATTG-1,0.999703,0.000042,0.000255
AGTGTGCTAAGATCGC-1,0.000158,0.104867,0.894975
AGTGTGGTCTATTGTG-1,0.000199,0.004455,0.995347
AGTTAAACACTTGCGA-1,0.02382,0.02253,0.953651
AGTTAAGCGGTCCCGG-1,0.859667,0.000059,0.140274
AGTTAAGTCAACCGCT-1,0.016319,0.029454,0.954227
AGTTACCCTTAAGACT-1,0.000083,0.000028,0.999889
AGTTACCGCACATGGT-1,0.000095,0.099425,0.90048
AGTTACTCTATCGTGG-1,0.882106,0.000084,0.11781
AGTTATTCAGACTGTG-1,0.937976,0.061815,0.000208
AGTTATTGAAAGGTAA-1,0.572424,0.191879,0.235697
AGTTCACCGGTTGGAC-1,0.000133,0.000044,0.999822
AGTTCCTACAGAATTA-1,0.050672,0.017966,0.931362
AGTTCCTATTTATGTT-1,0.246063,0.000043,0.753894
AGTTCTGCGTTGTATC-1,0.032669,0.000175,0.967156
AGTTGACATCGGCTGG-1,0.011172,0.166883,0.821945
AGTTGACGGTCCTTGC-1,0.029104,0.173995,0.796901
AGTTGCGGTCCTCAAC-1,0.000097,0.014364,0.985539
AGTTGCTGACTGATAT-1,0.03201,0.000051,0.967939
AGTTGGCAAGGCTAGA-1,0.857162,0.142397,0.000441
AGTTTCGCAGGTCGGA-1,0.442556,0.000095,0.557349
