Barcode,Topic 1,Topic 2to7,Topic 8,Topic 9to10
AAACAACGAATAGTTC-1,0.350578,0.000346,0.239175,0.409901
AAACAAGTATCTCCCA-1,0.000033,0.65172,0.20691,0.141337
AAACAATCTACTAGCA-1,0.061368,0.000499,0.148133,0.79
AAACACCAATAACTGC-1,0.109702,0.793942,0.010654,0.085702
AAACAGAGCGACTCCT-1,0.096233,0.506752,0.380445,0.01657
AAACAGCTTTCAGAAG-1,0.071861,0.825725,0.048798,0.053617
AAACAGGGTCTATATT-1,0.165877,0.550649,0.048604,0.23487
AAACAGTGTTCCTGGG-1,0.105965,0.569456,0.043832,0.280747
AAACATGGTGAGAGGA-1,0.943187,0.000145,0.000024,0.056644
AAACATTTCCCGGATT-1,0.04953,0.138981,0.187479,0.62401
AAACCCGAACGAAATC-1,0.00041,0.838363,0.033531,0.127695
AAACCGGAAATGTTAA-1,0.020439,0.711391,0.097664,0.170506
AAACCGGGTAGGTACC-1,0.027612,0.67985,0.000029,0.292509
AAACCGTTCGTCCAGG-1,0.012203,0.898944,0.005076,0.083778
AAACCTAAGCAGCCGG-1,0.072964,0.017273,0.669199,0.240564
AAACCTCATGAAGTTG-1,0.000016,0.952643,0.000016,0.047325
AAACGAAGAACATACC-1,0.172321,0.000391,0.010389,0.816899
AAACGAAGATGGAGTA-1,0.625824,0.325582,0.048541,0.000053
AAACGAGACGGTTGAT-1,0.001447,0.76086,0.016813,0.22088
AAACGCTGGGCACGAC-1,0.045735,0.570162,0.033404,0.350699
AAACGGGCGTACGGGT-1,0.024252,0.605367,0.092222,0.278158
AAACGGGTTGGTATCC-1,0.00408,0.000431,0.514419,0.481071
AAACGGTTGCGAACTG-1,0.009005,0.53135,0.086262,0.373384
AAACGTGTTCGCCCTA-1,0.024099,0.00051,0.250658,0.724733
AAACTCGGTTCGCAAT-1,0.009536,0.883481,0.023926,0.083056
AAACTCGTGATATAAG-1,0.000078,0.209678,0.139404,0.650841
AAACTGCTGGCTCCAA-1,0.136073,0.529839,0.27673,0.057358
AAACTTAATTGCACGC-1,0.677477,0.19024,0.118832,0.013451
AAACTTGCAAACGTAT-1,0.103767,0.60365,0.004718,0.287864
AAAGAATGACCTTAGA-1,0.625049,0.365471,0.003858,0.005622
AAAGAATGTGGACTAA-1,0.00001,0.981737,0.001334,0.016919
AAAGACCCAAGTCGCG-1,0.000046,0.357064,0.125177,0.517712
AAAGACTGGGCGCTTT-1,0.012964,0.905423,0.00002,0.081592
AAAGCTTGCCTACATA-1,0.08275,0.416145,0.033625,0.46748
AAAGGCCCTATAATAC-1,0.078207,0.815361,0.070121,0.036311
AAAGGCTACGGACCAT-1,0.000011,0.999956,0.000011,0.000022
AAAGGCTCTCGCGCCG-1,0.000039,0.840589,0.000039,0.159333
AAAGGGATGTAGCAAG-1,0.000035,0.789358,0.018516,0.192091
AAAGGGCAGCTTGAAT-1,0.045307,0.407131,0.179828,0.367735
AAAGGTAAGCTGTACC-1,0.070917,0.729392,0.078781,0.12091
AAAGTAGCATTGCTCA-1,0.162466,0.495522,0.00003,0.341983
AAAGTCACTGATGTAA-1,0.000043,0.857062,0.006502,0.136394
AAAGTCGACCCTCAGT-1,0.00001,0.964557,0.022399,0.013035
AAAGTGCCATCAATTA-1,0.027402,0.958439,0.001504,0.012655
AAAGTGTGATTTATCT-1,0.00012,0.037275,0.962365,0.00024
AAAGTTGACTCCCGTA-1,0.000073,0.530075,0.469707,0.000146
AAATAACCATACGGGA-1,0.173061,0.000405,0.23233,0.594203
AAATAAGGTAGTGCCC-1,0.019645,0.875237,0.079791,0.025327
AAATACCTATAAGCAT-1,0.00003,0.75752,0.081286,0.161163
AAATAGCTTAGACTTT-1,0.134331,0.028728,0.023152,0.813789
AAATAGGGTGCTATTG-1,0.000038,0.8492,0.030647,0.120115
AAATCCGATACACGCC-1,0.026621,0.662671,0.203018,0.10769
AAATCGCGGAAGGAGT-1,0.880972,0.022037,0.096946,0.000044
AAATCGTGTACCACAA-1,0.019652,0.747131,0.233064,0.000153
AAATCTAGCCCTGCTA-1,0.011495,0.128743,0.117226,0.742536
AAATCTGCCCGCGTCC-1,0.445065,0.553399,0.000022,0.001514
AAATGACTGATCAAAC-1,0.000229,0.680427,0.120112,0.199232
AAATGATTCGATCAGC-1,0.021697,0.002139,0.35516,0.621004
AAATGCTCGTTACGTT-1,0.023403,0.105434,0.000056,0.871106
AAATGGCATGTCTTGT-1,0.000049,0.875773,0.048498,0.075681
AAATGGCCCGTGCCCT-1,0.235413,0.145194,0.101193,0.5182
AAATGGTCAATGTGCC-1,0.000051,0.522846,0.016713,0.460391
AAATGTATCTTATCCC-1,0.003286,0.958249,0.022999,0.015466
AAATGTGGGTGCTCCT-1,0.733472,0.000296,0.124791,0.141441
AAATTAACGGGTAGCT-1,0.000077,0.354617,0.000077,0.645229
AAATTAATAAGCGCGA-1,0.043059,0.511474,0.013412,0.432055
AAATTACACGACTCTG-1,0.068601,0.000522,0.039802,0.891074
AAATTACCTATCGATG-1,0.209999,0.06633,0.526073,0.197598
AAATTCCAGGTCCAAA-1,0.000055,0.509968,0.072147,0.41783
AAATTGATAGTCCTTT-1,0.088994,0.368654,0.147215,0.395138
AAATTGCGGCGGTTCT-1,0.000039,0.588753,0.101153,0.310055
AAATTGGTGAGAAGCA-1,0.023633,0.000462,0.02724,0.948665
AAATTTACCGAAATCC-1,0.149394,0.463683,0.219063,0.16786
AAATTTGCGGGTGTGG-1,0.000012,0.957246,0.000012,0.042729
AACAACTGGTAGTTGC-1,0.05573,0.418206,0.036755,0.489309
AACAATACATTGTCGA-1,0.008951,0.841328,0.096843,0.052878
AACAATTACTCTACGC-1,0.029293,0.660911,0.003792,0.306005
AACACACGCTCGCCGC-1,0.029649,0.638685,0.113878,0.217787
AACACGACTGTACTGA-1,0.037598,0.297901,0.032069,0.632432
AACACGAGACGCGGCC-1,0.04952,0.791597,0.004273,0.154609
AACACGCGGCCGCGAA-1,0.020394,0.801343,0.000033,0.178229
AACAGCTGTGTGGCAA-1,0.320746,0.540913,0.036749,0.101593
AACAGGAAATCGAATA-1,0.000042,0.855263,0.000042,0.144653
AACAGGATGGGCCGCG-1,0.024856,0.326957,0.005038,0.643149
AACAGGTAGTATGGAT-1,0.000011,0.999957,0.000011,0.000022
AACATAGCGTGTATCG-1,0.08215,0.066962,0.579252,0.271636
AACATATCAACTGGTG-1,0.044397,0.448513,0.107471,0.399619
AACATCGATACGTCTA-1,0.265778,0.000575,0.179644,0.554002
AACATTGAAGTTGATC-1,0.122117,0.590775,0.000028,0.287079
AACATTGGTCAGCCGT-1,0.036953,0.242634,0.011327,0.709086
AACATTGTGACTCGAG-1,0.000015,0.998226,0.000015,0.001743
AACCAAGACTTCTCTG-1,0.000784,0.942234,0.000016,0.056966
AACCAGTATCACTCTT-1,0.074304,0.529788,0.080073,0.315835
AACCATAGGGTTGAAC-1,0.468159,0.520645,0.000018,0.011178
AACCATGGGATCGCTA-1,0.00003,0.981843,0.00003,0.018097
AACCCAGAGACGGAGA-1,0.013636,0.357792,0.013323,0.615249
AACCCATCCCATGATC-1,0.361587,0.448051,0.000033,0.19033
AACCCGACAACCCGTG-1,0.003273,0.880689,0.08862,0.027418
AACCCGAGCAGAATCG-1,0.011676,0.624801,0.049157,0.314366
AACCCGATAGGGCTTC-1,0.066385,0.65895,0.125548,0.149117
AACCCGCTGTATTCCA-1,0.00237,0.781452,0.035549,0.180629
AACCCTACTGTCAATA-1,0.058897,0.573983,0.13022,0.2369
AACCCTGGTGGAACCA-1,0.288896,0.101183,0.09903,0.510892
AACCGAGCTTGGTCAT-1,0.000027,0.933013,0.003042,0.063917
AACCGCTAAGGGATGC-1,0.020471,0.630434,0.226935,0.12216
AACCGTTGTGTTTGCT-1,0.000052,0.895523,0.104323,0.000103
AACCTAAAGCCGTCCG-1,0.076396,0.504039,0.365428,0.054138
AACCTCGCTTTAGCCC-1,0.079037,0.015088,0.334003,0.571872
AACCTGTCACGGAATT-1,0.000025,0.679774,0.075041,0.245159
AACCTTTAAATACGGT-1,0.000034,0.843985,0.033926,0.122055
AACCTTTACGACGTCT-1,0.141842,0.362214,0.224717,0.271226
AACGAAAGTCGTCCCA-1,0.788257,0.135627,0.000043,0.076073
AACGACCTCCTAGCCG-1,0.021203,0.748478,0.017098,0.213221
AACGATAATGCCGTAG-1,0.000024,0.920885,0.075243,0.003847
AACGATAGAAGGGCCG-1,0.00703,0.342426,0.160533,0.490011
AACGATATGTCAACTG-1,0.000031,0.784948,0.007369,0.207652
AACGCATGATCTGGGT-1,0.058369,0.706514,0.101242,0.133875
AACGCGAACGGCAACA-1,0.000036,0.886275,0.008837,0.104851
AACGCGACCTTGGGCG-1,0.092051,0.638945,0.013509,0.255495
AACGCGGTCTCCAGCC-1,0.000044,0.794125,0.06338,0.142452
AACGCTGTTGCTGAAA-1,0.066165,0.679436,0.140507,0.113893
AACGGCCATCTCCGGT-1,0.000016,0.908496,0.018646,0.072842
AACGTACTGTGGGTAC-1,0.002644,0.858171,0.000024,0.139161
AACGTAGTCTACCCAT-1,0.35924,0.000555,0.255983,0.384222
AACGTCAGACTAGTGG-1,0.00006,0.543977,0.00006,0.455902
AACGTCATCCGGCTTG-1,0.007464,0.485583,0.008953,0.497999
AACGTCGCTGCACTTC-1,0.032233,0.732456,0.068874,0.166438
AACGTGATGAAGGACA-1,0.122434,0.000467,0.375555,0.501544
AACGTGCGAAAGTCTC-1,0.004017,0.784642,0.015203,0.196138
AACGTTATCAGCACCT-1,0.04881,0.283758,0.115291,0.55214
AACGTTCTACCATTGT-1,0.018589,0.733732,0.155773,0.091906
AACTACCCGTTTGTCA-1,0.000051,0.488551,0.014056,0.497342
AACTAGCGTATCGCAC-1,0.091786,0.024088,0.06513,0.818996
AACTAGGCTTGGGTGT-1,0.000035,0.823868,0.000035,0.176062
AACTCAAGTTAATTGC-1,0.043413,0.563098,0.00003,0.393459
AACTCCAGAGCGTGTT-1,0.044878,0.621812,0.153316,0.179994
AACTCCTAATCCCATG-1,0.184314,0.043923,0.771429,0.000333
AACTCGATAAACACGT-1,0.047675,0.523637,0.004346,0.424342
AACTCGATGGCGCAGT-1,0.044995,0.755663,0.010472,0.18887
AACTCTCAATAGAGCG-1,0.071832,0.468457,0.126074,0.333638
AACTCTCAGTGTGCTC-1,0.005916,0.903683,0.012457,0.077943
AACTGAGTTATACTGA-1,0.000011,0.832613,0.010408,0.156968
AACTGATATTAGGCCT-1,0.00005,0.714612,0.01534,0.269997
AACTGGGTCCCGACGT-1,0.000026,0.7469,0.02292,0.230154
AACTGGGTTCGAGCCG-1,0.057718,0.439317,0.421301,0.081664
AACTGGTGTGGGCCTT-1,0.000071,0.57371,0.000071,0.426148
AACTTCTGCGTCTATC-1,0.005104,0.201454,0.000073,0.793369
AACTTGCCCGTATGCA-1,0.042217,0.618264,0.000037,0.339481
AACTTGCGTTCTCGCG-1,0.000041,0.793602,0.000041,0.206317
AACTTTACGGGAGCTT-1,0.09659,0.836317,0.000743,0.066349
AACTTTAGCTGCTGAG-1,0.013211,0.00066,0.095728,0.8904
AACTTTCTCGATCATG-1,0.012464,0.173698,0.403641,0.410197
AAGAAAGTTTGATGGG-1,0.99943,0.000157,0.000361,0.000052
AAGAAATCACCAGATT-1,0.000012,0.997787,0.002177,0.000024
AAGAAGGATCAGTTAG-1,0.013362,0.667874,0.021546,0.297219
AAGACATACGTGGTTT-1,0.000016,0.79807,0.059547,0.142367
AAGACCAAATAACTCA-1,0.772223,0.010171,0.216519,0.001087
AAGACCCAACTGAACA-1,0.065155,0.617782,0.020734,0.296328
AAGACTAACCCGTTGT-1,0.000027,0.938114,0.061806,0.000053
AAGACTGCAAGCTACT-1,0.000034,0.706061,0.013842,0.280063
AAGAGATGAATCGGTA-1,0.024867,0.877706,0.000022,0.097405
AAGAGCTCTTTATCGG-1,0.000036,0.874066,0.079438,0.04646
AAGAGGATGTACGCGA-1,0.037759,0.684866,0.000032,0.277343
AAGAGGCATGGATCGC-1,0.000028,0.658079,0.074117,0.267776
AAGAGGCCCTTTGGAA-1,0.000019,0.996338,0.003605,0.000038
AAGATGGCACCGGACC-1,0.046275,0.848933,0.095234,0.009558
AAGATTGGCGGAACGT-1,0.175259,0.000338,0.346695,0.477708
AAGCACCCTGCGTATC-1,0.000017,0.999634,0.000017,0.000333
AAGCATACTCTCCTGA-1,0.000017,0.929696,0.014703,0.055585
AAGCCACTTGCAGGTA-1,0.063215,0.553531,0.023891,0.359364
AAGCCGAAGCGGTTTA-1,0.000024,0.969821,0.018731,0.011424
AAGCCGCCGTGAAATC-1,0.050012,0.300093,0.050009,0.599886
AAGCCGCTTTACCTTG-1,0.000035,0.40438,0.140822,0.454763
AAGCCGGAGAGCAGGA-1,0.006934,0.736964,0.000193,0.25591
AAGCGCAGGGCTTTGA-1,0.001225,0.605256,0.032815,0.360704
AAGCGGAGTGCGCGCA-1,0.000024,0.672965,0.18298,0.144031
AAGCGGCGTCATGGGT-1,0.094402,0.574711,0.099886,0.231002
AAGCGTCCCTCATCGA-1,0.000015,0.816189,0.000015,0.183781
AAGCTAGATCGAGTAA-1,0.000013,0.804445,0.000766,0.194776
AAGCTATGGATTGACC-1,0.999682,0.000177,0.00003,0.000111
AAGCTCGTGCCAAGTC-1,0.000034,0.859183,0.013813,0.12697
AAGCTCTTTCATGGTG-1,0.021512,0.287176,0.106526,0.584787
AAGGAGAACTTATAAG-1,0.248584,0.00035,0.282292,0.468774
AAGGAGCGGTTGGTGC-1,0.000065,0.032184,0.000065,0.967686
AAGGATCGATCGCTTG-1,0.000022,0.865662,0.013482,0.120834
AAGGATGAGGGACCTC-1,0.000057,0.000341,0.328656,0.670946
AAGGCAGGCTGTCTCC-1,0.000024,0.71754,0.007513,0.274923
AAGGCGCGTAAAGCTT-1,0.009328,0.503565,0.000032,0.487075
AAGGCTGTGCTCATCG-1,0.007854,0.782691,0.000039,0.209417
AAGGGAACGACTGGCT-1,0.153697,0.182796,0.000025,0.663483
AAGGGACAGATTCTGT-1,0.327183,0.199294,0.128111,0.345412
AAGGGACTATGCATTC-1,0.087196,0.723033,0.054332,0.135439
AAGGGTTAGCCATGCG-1,0.012756,0.649982,0.035051,0.302212
AAGGGTTTGATTTCAG-1,0.892834,0.000187,0.001566,0.105412
AAGGTATCCTAATATA-1,0.095184,0.540048,0.167633,0.197135
AAGGTGATAAACCAGC-1,0.047012,0.486765,0.300108,0.166116
AAGTAAGCTTCCAAAC-1,0.276159,0.000493,0.140812,0.582536
AAGTAGAAGACCGGGT-1,0.046543,0.355172,0.077623,0.520663
AAGTAGTGACGCGAGG-1,0.023159,0.88012,0.000178,0.096543
AAGTCAATTGTCGTCA-1,0.02393,0.000412,0.188189,0.787468
AAGTCTAGTAGCTGCC-1,0.000029,0.523415,0.115105,0.361452
AAGTCTTCTGTGGCCT-1,0.139618,0.29407,0.06644,0.499872
AAGTGACGACCGAATT-1,0.033271,0.79236,0.000036,0.174334
AAGTGAGTCGGGTTTA-1,0.066809,0.672002,0.024076,0.237114
AAGTGCAAAGGTAGAC-1,0.023339,0.886933,0.004986,0.084741
AAGTGCCTTGACTGTA-1,0.035132,0.348505,0.064446,0.551918
AAGTGCGTTAGAATCT-1,0.130974,0.525298,0.000033,0.343695
AAGTGCTTCTCTATTG-1,0.013912,0.705094,0.067571,0.213423
AAGTGTTTGGAGACGG-1,0.000038,0.762102,0.074974,0.162886
AAGTTCACTCCAAGCT-1,0.013096,0.481601,0.314423,0.19088
AAGTTCAGTCTGCGTA-1,0.052025,0.526186,0.130263,0.291526
AAGTTCGGCCAACAGG-1,0.059237,0.875475,0.017786,0.047502
AAGTTGTGATGTTATA-1,0.000015,0.910558,0.029547,0.05988
AAGTTTACTAATGGCA-1,0.004861,0.000356,0.437955,0.556828
AAGTTTATGGGCCCAA-1,0.00002,0.794776,0.001775,0.20343
AATAACAACGCTCGGC-1,0.036248,0.778298,0.019924,0.16553
AATAACACTAGAACAA-1,0.022739,0.690294,0.001168,0.285799
AATAACGTCGCGCCCA-1,0.018988,0.774569,0.10611,0.100333
AATAAGTCCTCGAGAC-1,0.147001,0.000412,0.385241,0.467347
AATAATCTTCGTATCG-1,0.02052,0.921457,0.014074,0.043949
AATACAATGTTTCAGG-1,0.000022,0.999809,0.000022,0.000148
AATACCGGAGGGCTGT-1,0.211413,0.701345,0.012917,0.074326
AATACCTGATGTGAAC-1,0.009418,0.246638,0.068417,0.675526
AATAGAACAGAGTGGC-1,0.000012,0.890912,0.001187,0.107889
AATAGAATCTGTTTCA-1,0.021566,0.127939,0.401931,0.448565
AATAGCTACCGCGTGC-1,0.089092,0.062109,0.394154,0.454645
AATAGGCACGACCCTT-1,0.026459,0.759263,0.075051,0.139226
AATAGTCCGTCCCGAC-1,0.010025,0.680558,0.026812,0.282605
AATAGTCGCGAGTCGG-1,0.015313,0.984199,0.000008,0.00048
AATATCAAGGTCGGAT-1,0.00003,0.663037,0.050711,0.286223
AATATCCTAGCAAACT-1,0.480761,0.3972,0.055534,0.066505
AATATCGAATCAATGC-1,0.000016,0.989187,0.010339,0.000457
AATATCGAGGGTTCTC-1,0.093305,0.39592,0.296321,0.214454
AATATTGGAGTATTGA-1,0.00002,0.973681,0.00002,0.026279
AATCAGACTGCAGGAC-1,0.000029,0.921383,0.024922,0.053665
AATCAGGTTTCATTTA-1,0.126984,0.660248,0.012438,0.20033
AATCATGTAAAGACTC-1,0.15097,0.0575,0.30779,0.48374
AATCCAAGGGCCTGAG-1,0.037728,0.683619,0.023094,0.255559
AATCCATGCAAGGGTG-1,0.000044,0.325461,0.050913,0.623582
AATCCCGCTCAGAGCC-1,0.010896,0.865758,0.021789,0.101557
AATCGAGGTCTCAAGG-1,0.011498,0.123806,0.339864,0.524832
AATCGCCTCAGCGCCA-1,0.003321,0.53227,0.084792,0.379616
AATCGCGCAGAGGACT-1,0.00003,0.726906,0.021815,0.25125
AATCGGGACACTACGA-1,0.000073,0.471446,0.033424,0.495056
AATCGGTATAGCCCTC-1,0.000019,0.905551,0.000019,0.094412
AATCGTGAGCCGAGCA-1,0.089962,0.000526,0.879899,0.029612
AATCTAGGTTTACTTG-1,0.145435,0.621044,0.00003,0.233491
AATCTATGCCGGAGCC-1,0.114447,0.000465,0.121781,0.763307
AATCTCTACTGTGGTT-1,0.045725,0.842937,0.0014,0.109938
AATCTGCGTTGGGACG-1,0.202038,0.000401,0.463931,0.33363
AATCTGGCTTTCTAGT-1,0.176401,0.37151,0.010219,0.44187
AATCTGGGTAGACCCT-1,0.072356,0.519755,0.246628,0.16126
AATGACAGCAATGTCT-1,0.024344,0.846453,0.007011,0.122193
AATGACGTAGGATGTC-1,0.000038,0.83337,0.139301,0.02729
AATGACTGTCAGCCGG-1,0.002785,0.530771,0.000133,0.466311
AATGAGTTCGCATATG-1,0.002409,0.547035,0.053251,0.397306
AATGATGATACGCTAT-1,0.212441,0.00054,0.565295,0.221724
AATGATGCGACTCCTG-1,0.069797,0.663939,0.058627,0.207636
AATGCAACCGGGTACC-1,0.000036,0.774445,0.000036,0.225484
AATGCACCAAGCAATG-1,0.087276,0.546595,0.069209,0.29692
AATGGTCCACCGTTCA-1,0.051591,0.501703,0.000028,0.446678
AATGGTTCTCACAAGC-1,0.017586,0.28558,0.025601,0.671233
AATGTATGGCACTGTA-1,0.763811,0.057768,0.113518,0.064903
AATGTGCCCGAGGTGT-1,0.041738,0.716458,0.00003,0.241774
AATGTGCTAATCTGAG-1,0.044628,0.946377,0.002039,0.006956
AATGTTAAGACCCTGA-1,0.037192,0.030515,0.832017,0.100276
AATGTTGTCGTGAGAC-1,0.000019,0.949681,0.015427,0.034873
AATTAAAGGTCGGCGT-1,0.000045,0.462438,0.02535,0.512167
AATTAACGGATTTCCA-1,0.012132,0.78739,0.106588,0.093891
AATTACGAGACCCATC-1,0.918801,0.071621,0.00132,0.008259
AATTACTCGTACGCTC-1,0.001177,0.306193,0.0696,0.62303
AATTAGCGCTGCAGCG-1,0.000029,0.864457,0.007014,0.1285
AATTCATAAGGGATCT-1,0.055768,0.0008,0.325447,0.617984
AATTCATTGTCATGCA-1,0.784964,0.15207,0.000052,0.062914
AATTCCAACTTGGTGA-1,0.018791,0.117436,0.471944,0.391829
AATTCCAAGCATGTAC-1,0.000026,0.843746,0.072726,0.083502
AATTCGATTCGAGGAT-1,0.001755,0.116063,0.31371,0.568473
AATTCTAGAGTTAGGC-1,0.000024,0.823873,0.070686,0.105417
AATTGAACGCTCTGGT-1,0.00338,0.233439,0.219386,0.543795
AATTGCAGCAATCGAC-1,0.007924,0.143619,0.063387,0.78507
AATTGCGTGGATTACA-1,0.63234,0.36756,0.000033,0.000066
AATTGTGGTTGCCAAA-1,0.004301,0.559908,0.03161,0.404181
AATTTGGGACATAGTA-1,0.086471,0.330248,0.169062,0.414219
AATTTGGTTCCAAAGA-1,0.003761,0.395775,0.038451,0.562013
ACAAACCATGCGTCCT-1,0.451283,0.525362,0.02274,0.000615
ACAAACCGACAAGGCG-1,0.060938,0.230206,0.708604,0.000251
ACAAACTCCATCAGAG-1,0.00819,0.945544,0.018795,0.027471
ACAAAGAAGGTAGGCC-1,0.33905,0.375532,0.000022,0.285396
ACAAAGCATGACCTAG-1,0.099537,0.066303,0.076459,0.757701
ACAAATCGCACCGAAT-1,0.008656,0.487818,0.177022,0.326504
ACAAATGGTAGTGTTT-1,0.022175,0.146944,0.32121,0.509671
ACAACAGCATGAGCTA-1,0.000029,0.902811,0.005386,0.091774
ACAACGGTCCCTGCGA-1,0.039063,0.278431,0.020151,0.662355
ACAAGCAGTGCCTAGC-1,0.000358,0.755271,0.027793,0.216578
ACAAGCTATATGGAAG-1,0.153461,0.627072,0.17755,0.041917
ACAAGGAAATCCGCCC-1,0.000017,0.903955,0.07974,0.016287
ACAAGGACAAGAGGTT-1,0.000017,0.933845,0.000017,0.066121
ACAAGGATGCTTTAGG-1,0.085785,0.363634,0.33625,0.21433
ACAAGGGCAGGCTCTG-1,0.000027,0.783577,0.083273,0.133123
ACAAGTAATTGTAAGG-1,0.098106,0.797297,0.102295,0.002303
ACAATAGTCGTACGTT-1,0.089043,0.269827,0.024524,0.616606
ACAATCCATTTAAACC-1,0.017987,0.699215,0.000023,0.282774
ACAATCGATCTTTATA-1,0.128807,0.000313,0.56625,0.304631
ACAATGAATACGGAGA-1,0.095675,0.599065,0.083345,0.221915
ACAATTGTGTCTCTTT-1,0.035463,0.377975,0.37636,0.210202
ACAATTTAGGAGGCTC-1,0.000014,0.973071,0.000014,0.0269
ACAATTTGAGCAGTGG-1,0.000085,0.027612,0.000085,0.972219
ACAATTTGGCCATATT-1,0.038667,0.552273,0.01313,0.39593
ACACAAAGACGGGTGG-1,0.001855,0.514191,0.115776,0.368178
ACACAAATATTCCTAG-1,0.00002,0.91162,0.067956,0.020405
ACACACCAGGACCAGT-1,0.132949,0.12931,0.379815,0.357925
ACACACTTTCTACACG-1,0.000046,0.942764,0.01989,0.0373
ACACATGATCAAATCT-1,0.243678,0.415789,0.029649,0.310884
ACACATTGACGCAACA-1,0.000034,0.219825,0.123549,0.656592
ACACATTTCCGTAGAC-1,0.009499,0.586923,0.090856,0.312722
ACACCACATAATTAGC-1,0.000022,0.984071,0.006662,0.009246
ACACCCAGCATGCAGC-1,0.000066,0.566661,0.000066,0.433207
ACACCCGAGAAATCCG-1,0.000026,0.876885,0.014425,0.108664
ACACCGAGCGCTCTTT-1,0.000053,0.443679,0.000053,0.556216
ACACCGGTCTGACCGC-1,0.693942,0.229852,0.000022,0.076185
ACACCTTAAGTAGGGC-1,0.000057,0.676236,0.000057,0.32365
ACACCTTACTACTTGC-1,0.000025,0.986273,0.000025,0.013677
ACACGAGACTCCTTCT-1,0.000068,0.77485,0.128782,0.0963
ACACGGCACTATGCAT-1,0.127757,0.000672,0.012998,0.858573
ACACGGGAACTTAGGG-1,0.000032,0.933595,0.06631,0.000063
ACACGTAGGCCACAAG-1,0.000023,0.999908,0.000023,0.000046
ACACTCCAATGTCACT-1,0.000055,0.299826,0.185605,0.514515
ACACTGATCAAGGTGT-1,0.061234,0.64958,0.007726,0.281459
ACACTGGGACAGTCGT-1,0.011348,0.429197,0.069351,0.490104
ACAGAACTGAGAACAA-1,0.350267,0.507521,0.000026,0.142186
ACAGATTAGGTTAGTG-1,0.008783,0.000476,0.296009,0.694731
ACAGCATAGAGCCAGT-1,0.000052,0.658892,0.050043,0.291014
ACAGCGACATTCTCAT-1,0.036235,0.000542,0.003164,0.96006
ACAGCGCACCCGCAGC-1,0.068348,0.000525,0.0585,0.872627
ACAGGAGGCGCAGCCG-1,0.074012,0.206498,0.233936,0.485554
ACAGGCACGGATCCTT-1,0.022668,0.379382,0.563421,0.03453
ACAGGCTTGCCCGACT-1,0.022916,0.47547,0.346921,0.154693
ACAGGTGGAGGTGAGG-1,0.000019,0.928205,0.000019,0.071758
ACAGGTGTGTTGTTGC-1,0.099769,0.635431,0.093793,0.171007
ACAGTAATACAACTTG-1,0.248807,0.70729,0.000026,0.043877
ACAGTATACCGTGGGA-1,0.000041,0.648938,0.350938,0.000083
ACATAAGTCGTGGTGA-1,0.536911,0.002658,0.013855,0.446575
ACATAATAAGGCGGTG-1,0.00006,0.685107,0.00754,0.307293
ACATACAATCAAGCGG-1,0.051189,0.132511,0.689195,0.127104
ACATCAGCTGGGACGC-1,0.096574,0.843813,0.011435,0.048178
ACATCCCGGCCATACG-1,0.008119,0.400961,0.005493,0.585428
ACATCCTGGTAACTGT-1,0.053488,0.000393,0.364422,0.581697
ACATCGATCGTTTACC-1,0.030516,0.778895,0.007621,0.182968
ACATCGCAATATTCGG-1,0.12877,0.20476,0.365753,0.300717
ACATCGGTCAGCCGCG-1,0.033468,0.798586,0.000024,0.167923
ACATCGTATGCAATGG-1,0.008635,0.447653,0.161352,0.38236
ACATCGTTAACCTAGT-1,0.134444,0.00073,0.179536,0.68529
ACATCTCAACGCGTAA-1,0.228289,0.103756,0.346536,0.321419
ACATGCTTACGGCAGC-1,0.544637,0.06103,0.161319,0.233014
ACATGGCGCCAAAGTA-1,0.01045,0.101485,0.118888,0.769177
ACATGGCTCAATTTAG-1,0.021804,0.531572,0.00006,0.446564
ACATTAGTTTATATCC-1,0.000029,0.750394,0.00042,0.249156
ACATTCGCGCGGAATA-1,0.145461,0.83713,0.00661,0.010799
ACATTTGAAACCTAAC-1,0.040784,0.011326,0.329381,0.618509
ACCAAACACCCAGCGA-1,0.072335,0.000455,0.262459,0.66475
ACCAAACTAGAAATCC-1,0.291289,0.00029,0.293074,0.415347
ACCAACACCACACACT-1,0.057587,0.000455,0.411291,0.530667
ACCAACCGCACTCCAC-1,0.073116,0.222817,0.377661,0.326406
ACCAACGCTTATTTAT-1,0.000025,0.867042,0.000025,0.132908
ACCAAGAACGCGTGTC-1,0.00003,0.946019,0.006696,0.047255
ACCAAGTCATCGGCAG-1,0.060439,0.823313,0.002141,0.114107
ACCAATATGCAAGTTA-1,0.000029,0.437232,0.140999,0.42174
ACCACAACTCAGAACA-1,0.193695,0.249469,0.38164,0.175197
ACCACAAGTTTCTATC-1,0.000071,0.460257,0.022981,0.516692
ACCACACGGTTGATGG-1,0.034732,0.574007,0.238109,0.153152
ACCACCAATGTAACAA-1,0.000031,0.739448,0.192926,0.067596
ACCACCCTCTCTTCTA-1,0.000052,0.587744,0.000994,0.41121
ACCACGTGCAGCTATA-1,0.022822,0.745009,0.097662,0.134508
ACCACTGTTCAAGAAG-1,0.000037,0.794418,0.05595,0.149594
ACCAGACCATAACAAC-1,0.009096,0.990887,0.000006,0.000011
ACCAGCCCGGTCTTTG-1,0.108083,0.003299,0.472811,0.415806
ACCAGGAGTGTGATCT-1,0.149497,0.000363,0.397592,0.452548
ACCAGTGCCCGGTCAA-1,0.072643,0.670493,0.100474,0.15639
ACCATATCCGCAATAA-1,0.017066,0.412654,0.04083,0.529451
ACCATCCGCCAACTAG-1,0.000009,0.990487,0.000009,0.009495
ACCATCGTATATGGTA-1,0.040019,0.691607,0.000049,0.268325
ACCATTAAGGGTGTCA-1,0.000033,0.702833,0.000033,0.297101
ACCCAACGCCCGTGGC-1,0.13401,0.000618,0.137913,0.727458
ACCCACCTACATGCTC-1,0.0359,0.384217,0.00005,0.579833
ACCCATCTTGAGGGTA-1,0.000036,0.872467,0.000036,0.127461
ACCCATTTGTCCCTCT-1,0.02458,0.122923,0.3837,0.468797
ACCCGAGCGAAATTAC-1,0.099253,0.419581,0.000037,0.481129
ACCCGATTGGTTCCGA-1,0.058776,0.695699,0.016261,0.229264
ACCCGGAAACTCCCAG-1,0.000022,0.953267,0.022725,0.023986
ACCCGGAGCACCACAA-1,0.036688,0.62801,0.000024,0.335278
ACCCGGATGACGCATC-1,0.038391,0.464678,0.123784,0.373147
ACCCGGTTACACTTCC-1,0.000398,0.390855,0.029053,0.579694
ACCCGTAGCAGAGAAT-1,0.91774,0.000216,0.000036,0.082008
ACCCGTAGTCTAGTTG-1,0.000011,0.894117,0.016232,0.089641
ACCCGTGTCATCAGTA-1,0.000036,0.892735,0.000036,0.107193
ACCCTATAGGACTGAG-1,0.000026,0.928206,0.000026,0.071741
ACCCTATGCCATATCG-1,0.061241,0.754858,0.000032,0.183869
ACCCTCCCGTCAGGGC-1,0.042248,0.206195,0.14996,0.601597
ACCCTCCCTTGCTATT-1,0.028678,0.000593,0.353251,0.617478
ACCCTGGTAACGCCCT-1,0.022944,0.00594,0.235573,0.735544
ACCCTTCATCTGCGAA-1,0.000055,0.639334,0.089112,0.271499
ACCCTTGCCTGGGTCG-1,0.000023,0.996261,0.000548,0.003169
ACCCTTTAGTTCTCCA-1,0.160032,0.029045,0.649867,0.161055
ACCGAAAGGGCCCTGC-1,0.000035,0.928118,0.051561,0.020286
ACCGAAGAGTCTGGTT-1,0.565631,0.307976,0.008585,0.117809
ACCGACACATCTCCCA-1,0.000037,0.334618,0.176111,0.489234
ACCGACTGAGTCCCAC-1,0.000042,0.648603,0.096514,0.254841
ACCGAGTCTCCTTATT-1,0.007226,0.011992,0.466197,0.514586
ACCGATAGGCATAACC-1,0.000011,0.980285,0.011639,0.008065
ACCGATATTTAATCAT-1,0.034797,0.514588,0.080905,0.369711
ACCGATGGTAGCATCG-1,0.106798,0.115923,0.372791,0.404488
ACCGCAATAACTGCCT-1,0.000036,0.864011,0.068274,0.067679
ACCGCGGTGGAAGTCG-1,0.000037,0.797578,0.085083,0.117301
ACCGCTAGTCATTGGT-1,0.182774,0.529486,0.00633,0.28141
ACCGGGCCTTTGTTGA-1,0.183916,0.412656,0.154757,0.24867
ACCGGTCAGGTACACC-1,0.546095,0.356615,0.007922,0.089367
ACCGTCCACTGGGCCC-1,0.999813,0.000125,0.000021,0.000042
ACCGTGACCACGTGGG-1,0.073971,0.894682,0.000161,0.031186
ACCGTTCCCGCTCTGA-1,0.139893,0.000496,0.1613,0.698311
ACCTAAGTACCTTTCA-1,0.048202,0.594133,0.000032,0.357633
ACCTAATCGACTTCCT-1,0.021474,0.60372,0.000029,0.374777
ACCTACAGTATGTGGT-1,0.000029,0.687007,0.04204,0.270924
ACCTACTATAAATCTA-1,0.031515,0.928035,0.005251,0.035199
ACCTCAGCGAGGCGCA-1,0.012355,0.184025,0.246772,0.556848
ACCTCCGCCCTCGCTG-1,0.000065,0.619236,0.062359,0.31834
ACCTCCGTTATTCACC-1,0.030147,0.380148,0.055932,0.533773
ACCTCGAACTTATGCT-1,0.329898,0.650636,0.006097,0.013369
ACCTGCGTGTCATGTT-1,0.074329,0.913947,0.000015,0.01171
ACCTTTCCTTTAGAAG-1,0.056657,0.507885,0.310199,0.125258
ACGAAATGGGCGGCAC-1,0.005212,0.244271,0.091048,0.659469
ACGACCCATGAGTTGC-1,0.087287,0.509372,0.125636,0.277705
ACGACTCTAGGGCCGA-1,0.057741,0.616864,0.15852,0.166875
ACGACTGGTCATACTC-1,0.04765,0.774094,0.105375,0.072881
ACGAGAACCCATCACG-1,0.000035,0.96255,0.000035,0.037379
ACGAGATATTTGCTTA-1,0.114384,0.000644,0.040324,0.844648
ACGAGGATACCACTCT-1,0.175447,0.520352,0.002868,0.301333
ACGAGGTTTACAACGT-1,0.187055,0.607927,0.199429,0.005589
ACGAGTACGGATGCCC-1,0.1186,0.000626,0.21823,0.662544
ACGAGTCGCCGGCGTT-1,0.000028,0.617437,0.030195,0.35234
ACGATACATAGAACTA-1,0.075862,0.620729,0.108534,0.194874
ACGATACCTATCCTGA-1,0.034489,0.839551,0.000015,0.125945
ACGATCATACATAGAG-1,0.0117,0.294571,0.051111,0.642618
ACGATCATCTTGTAAA-1,0.406194,0.067273,0.249357,0.277175
ACGATGCATATGTTAT-1,0.021694,0.663042,0.000044,0.315219
ACGATGGATCCGATGC-1,0.021272,0.01384,0.000115,0.964774
ACGCAAACTAATAGAT-1,0.002098,0.826483,0.047818,0.123601
ACGCAATCACTACAGC-1,0.016096,0.140171,0.312982,0.53075
ACGCATACGTTTACTA-1,0.000044,0.829245,0.103497,0.067214
ACGCATTCGTGAGTAC-1,0.014605,0.872371,0.000042,0.112981
ACGCCACTCGAAACAG-1,0.003062,0.76254,0.010339,0.224059
ACGCCAGATGATTTCT-1,0.000043,0.887587,0.035594,0.076776
ACGCCAGTGCGTTTGC-1,0.00003,0.597227,0.00003,0.402713
ACGCCCAGCTGTCGAT-1,0.367781,0.000866,0.337324,0.294029
ACGCCGCTAGACGACC-1,0.000067,0.883948,0.000067,0.115919
ACGCCTGACACGCGCT-1,0.037984,0.372727,0.337237,0.252052
ACGCGAAGTCAGACGA-1,0.000022,0.947235,0.050839,0.001904
ACGCGCTACACAGGGT-1,0.049426,0.901279,0.000018,0.049277
ACGCGGGCCAAGGACA-1,0.000051,0.903457,0.002025,0.094467
ACGCGTTTCTTAAGAG-1,0.000013,0.927243,0.012026,0.060718
ACGCTACTGAATGGGC-1,0.021057,0.280572,0.390803,0.307568
ACGCTAGTGATACACT-1,0.059031,0.600451,0.111122,0.229396
ACGCTGTGAGGCGTAG-1,0.091343,0.882497,0.00275,0.023409
ACGCTTAGTGTCTCTC-1,0.142273,0.407318,0.407064,0.043346
ACGGAACACGAGTGCC-1,0.012832,0.0503,0.012015,0.924853
ACGGAATTTAGCAAAT-1,0.002731,0.238561,0.000068,0.758641
ACGGACGCAGCGACAA-1,0.759531,0.19659,0.008833,0.035046
ACGGACTCTCAAAGCG-1,0.017847,0.555838,0.177448,0.248867
ACGGAGCGCAAATTAC-1,0.047928,0.419071,0.532849,0.000152
ACGGATGGTGCGGATA-1,0.024869,0.536332,0.12095,0.317849
ACGGCACTTGCTTGGG-1,0.000058,0.531122,0.000058,0.468763
ACGGCCAACATGGACT-1,0.015913,0.860064,0.029326,0.094697
ACGGCGACGATGGGAA-1,0.000021,0.658386,0.112234,0.229359
ACGGCGGGTTGCCCTG-1,0.000041,0.697613,0.043919,0.258426
ACGGCTGGATGTAGAA-1,0.518652,0.477316,0.000025,0.004008
ACGGGAGTGTCGGCCC-1,0.049761,0.522978,0.00376,0.423501
ACGGGCGTATGCGACA-1,0.017036,0.591587,0.02148,0.369897
ACGGGTCATGTGACTT-1,0.047881,0.108872,0.023936,0.819311
ACGGGTTGTGACCTGT-1,0.716566,0.194129,0.0028,0.086505
ACGGTACAGTTCAATG-1,0.076087,0.014467,0.581019,0.328427
ACGGTCACCGAGAACA-1,0.814681,0.057243,0.116389,0.011687
ACGTACAGATTTCTCT-1,0.010112,0.510935,0.044238,0.434715
ACGTACTTTGGCACGG-1,0.084907,0.380614,0.044336,0.490143
ACGTAGATTGCTGATG-1,0.000039,0.748938,0.002656,0.248368
ACGTAGGAGAGTCGCT-1,0.013567,0.716431,0.065294,0.204707
ACGTATTACTCCGATC-1,0.000179,0.341327,0.658136,0.000358
ACGTCCTAAACGAGAT-1,0.000124,0.408326,0.591303,0.000248
ACGTCGGGCAACTCGG-1,0.950406,0.000123,0.041316,0.008155
ACGTCTCGTTCCGGGA-1,0.246677,0.215929,0.1026,0.434794
ACGTGACAAAGTAAGT-1,0.640571,0.19163,0.007058,0.160741
ACGTGCGCCTCGTGCA-1,0.000039,0.913566,0.035483,0.050912
ACGTGGTCGAATGTGC-1,0.000831,0.001111,0.997687,0.00037
ACGTTAATGTCGAAGA-1,0.008639,0.616148,0.011863,0.36335
ACGTTAGATTTGCCCG-1,0.000031,0.856881,0.000031,0.143058
ACGTTATTGGTCACTC-1,0.027942,0.8299,0.000033,0.142125
ACGTTCACTATGCCGC-1,0.006754,0.896277,0.016293,0.080676
ACGTTCCGCGCTCCGT-1,0.000049,0.498811,0.060688,0.440452
ACGTTCGCAATCAATT-1,0.001405,0.887439,0.03339,0.077766
ACGTTCGTTCAGGAAA-1,0.008711,0.820187,0.000019,0.171083
ACGTTCTGTACAAGTC-1,0.031349,0.531443,0.081502,0.355706
ACGTTGTCGTTGAAAG-1,0.054699,0.735421,0.025567,0.184314
ACGTTTAGTTGTGATC-1,0.000075,0.54534,0.000075,0.454509
ACGTTTCGGTGCACTT-1,0.070405,0.431798,0.034008,0.463789
ACTAAGGACGCACACC-1,0.000025,0.590641,0.357414,0.05192
ACTAATACGTCAGGCG-1,0.033337,0.602997,0.122063,0.241604
ACTACAAAGAGAGGTG-1,0.071722,0.8586,0.031199,0.038479
ACTACATCCCGACAAG-1,0.443056,0.37795,0.138764,0.04023
ACTACCAGCTCTCTGG-1,0.011019,0.286118,0.059817,0.643046
ACTACCATCCGAGGGC-1,0.091148,0.534788,0.059243,0.314821
ACTACGCGTTAGAATT-1,0.000028,0.841995,0.032304,0.125673
ACTAGTTGCGATCGTC-1,0.030981,0.658766,0.033243,0.277009
ACTATATGCTGTGTTC-1,0.049576,0.583814,0.17149,0.195121
ACTATCCAGGGCATGG-1,0.000022,0.833823,0.016401,0.149755
ACTATCGCCGGCTAAA-1,0.000025,0.455748,0.010823,0.533405
ACTATCTGCCCGCGTA-1,0.000029,0.39202,0.023634,0.584318
ACTATGTCCAGCTGCC-1,0.056266,0.91778,0.006323,0.019631
ACTATTCGTCCGTGGT-1,0.000068,0.53075,0.037899,0.431283
ACTATTTCCGGGCCCA-1,0.009642,0.945537,0.000022,0.044799
ACTCAACGAATGTATT-1,0.000049,0.915787,0.014728,0.069436
ACTCAAGTGCAAGGCT-1,0.151145,0.077953,0.451065,0.319837
ACTCAATAAAGGCACG-1,0.017366,0.628759,0.000114,0.353761
ACTCAGACCTGCTTCT-1,0.000047,0.790174,0.000047,0.209733
ACTCATGGCAGCCTTC-1,0.263627,0.70503,0.02743,0.003913
ACTCCAATATCATCAT-1,0.112994,0.419356,0.195111,0.272539
ACTCCCATTCCTAAAG-1,0.102106,0.63326,0.000034,0.2646
ACTCCCGAATTCGTTT-1,0.271129,0.000416,0.317115,0.41134
ACTCCCGTAGACTAGG-1,0.050966,0.904292,0.032919,0.011823
ACTCCCTAATGCTAAA-1,0.000021,0.954077,0.014206,0.031697
ACTCCCTAGAATAGTA-1,0.001243,0.645521,0.027827,0.325409
ACTCCGGCCGACCACT-1,0.00438,0.56868,0.418192,0.008748
ACTCGATGTATTTCAT-1,0.00003,0.850338,0.00003,0.149602
ACTCGCCGTTCGATAA-1,0.002126,0.929654,0.053995,0.014225
ACTCGCGATCTGACGC-1,0.000023,0.700099,0.000522,0.299357
ACTCGTAACCCGTCCT-1,0.006149,0.993806,0.000015,0.00003
ACTCGTCAGTAATCCC-1,0.00003,0.790844,0.028993,0.180134
ACTCTAAACCTGGGAT-1,0.047884,0.608992,0.000012,0.343112
ACTCTCTGACTTAGGT-1,0.000047,0.702157,0.061651,0.236145
ACTCTCTTATACACGA-1,0.284517,0.031264,0.398416,0.285803
ACTCTGACCTAATAGA-1,0.114828,0.014839,0.371458,0.498875
ACTCTTCAGCTCCCGC-1,0.002149,0.821269,0.016119,0.160463
ACTCTTGTATAGTAAC-1,0.000032,0.840462,0.008563,0.150943
ACTGAAACGCCGTTAG-1,0.035898,0.541916,0.135632,0.286554
ACTGAATGGCGAAAGT-1,0.008071,0.44784,0.133003,0.411087
ACTGATTTAGTGATTC-1,0.307897,0.146692,0.28646,0.258951
ACTGCCCGCCATTCTC-1,0.127532,0.430417,0.316401,0.125651
ACTGCCGTCGTAACTC-1,0.000055,0.925729,0.000055,0.074161
ACTGCGGACACACCGT-1,0.011556,0.382417,0.054072,0.551955
ACTGCTCGGAAGGATG-1,0.741621,0.045848,0.000026,0.212505
ACTGGCGAACCTGCGT-1,0.010879,0.062931,0.371103,0.555087
ACTGGGATGCCAGTGC-1,0.000022,0.498418,0.000022,0.501539
ACTGTACGATACACAT-1,0.027054,0.171992,0.596653,0.204301
ACTGTAGCACTTTGGA-1,0.05522,0.632065,0.000056,0.312659
ACTGTATACGCGAGCA-1,0.000043,0.544068,0.08561,0.37028
ACTGTCCAGGATTATA-1,0.000077,0.175732,0.210648,0.613543
ACTGTCTTCTTTAGAA-1,0.000043,0.922249,0.000043,0.077666
ACTGTGCTAGTAGATC-1,0.091532,0.247883,0.000059,0.660526
ACTGTTTAGTGTAGGC-1,0.152313,0.000682,0.372467,0.474538
ACTTACCGGGCGCGCA-1,0.061276,0.561033,0.101719,0.275973
ACTTACGCATCCACGC-1,0.000062,0.346004,0.2289,0.425034
ACTTAGTACGACAAGA-1,0.001918,0.638967,0.061167,0.297948
ACTTATACTTACCCGG-1,0.057899,0.000533,0.501077,0.44049
ACTTATCTGATCTATA-1,0.566299,0.000666,0.092622,0.340413
ACTTATTAGGATCGGT-1,0.000064,0.547,0.000064,0.452872
ACTTATTTATGTGCCA-1,0.140163,0.000408,0.527486,0.331943
ACTTCAGGCTGATCCC-1,0.012457,0.307628,0.170568,0.509347
ACTTCCAGTGGAAGCT-1,0.660298,0.275833,0.06383,0.000039
ACTTCCATGCGGGACA-1,0.060141,0.455796,0.19277,0.291293
ACTTCGCCATACGCAC-1,0.000049,0.741112,0.019156,0.239682
ACTTCGCTAGCGAGTG-1,0.000487,0.486394,0.002505,0.510614
ACTTGACTCCCTCTTT-1,0.010025,0.887469,0.036219,0.066287
ACTTGCCATATTGTAC-1,0.134082,0.000633,0.321857,0.543428
ACTTGCTCTATCTACC-1,0.781664,0.000204,0.218064,0.000068
ACTTGGGACCCGGTGG-1,0.036985,0.208699,0.000062,0.754254
ACTTGGGCTTTCGCCA-1,0.01503,0.630999,0.181446,0.172525
ACTTGTAGTCCCTTCA-1,0.003385,0.845867,0.000023,0.150725
ACTTGTGGATGGAACG-1,0.000045,0.698958,0.018396,0.282601
ACTTGTTACCGGATCA-1,0.00001,0.97625,0.001151,0.02259
ACTTTACCCTCATGAA-1,0.017883,0.208382,0.416281,0.357455
ACTTTATACACCACTT-1,0.77249,0.137963,0.039411,0.050136
ACTTTCCTATAGCTTC-1,0.012256,0.739485,0.000059,0.2482
ACTTTGACTGCATCCT-1,0.171808,0.473788,0.010032,0.344371
ACTTTGGTCGTGCTCC-1,0.671762,0.279112,0.000048,0.049079
ACTTTGTCGACGCACT-1,0.037524,0.241499,0.265949,0.455028
AGAAATTATGACTCGC-1,0.004871,0.422821,0.162061,0.410247
AGAACACGGCGATGGT-1,0.67841,0.098179,0.221821,0.00159
AGAACCCAGCGTGACA-1,0.04849,0.447168,0.05418,0.450163
AGAACCCTCAATTGGG-1,0.663189,0.2974,0.000037,0.039375
AGAACGTGGTACATTC-1,0.000031,0.955385,0.003312,0.041272
AGAACTGTACTTTGTA-1,0.051289,0.007002,0.66047,0.281238
AGAAGAGCGCCGTTCC-1,0.000316,0.001893,0.126822,0.87097
AGAAGGTACACTTCAC-1,0.118397,0.517449,0.046147,0.318006
AGAAGGTTGCCGAATT-1,0.025828,0.706489,0.075339,0.192344
AGAAGGTTGTAGGTCG-1,0.042394,0.003177,0.250926,0.703503
AGAAGTGATTCGTGAT-1,0.108473,0.565183,0.000053,0.326291
AGAATAAATCTTCAGG-1,0.010018,0.967265,0.021232,0.001486
AGAATACAGGCTATCC-1,0.24485,0.331606,0.135757,0.287787
AGAATGCGGGTTCGGA-1,0.060852,0.639227,0.125743,0.174178
AGAATTATGGATTCGA-1,0.00011,0.388675,0.610994,0.000221
AGAATTGTTTGACATA-1,0.043794,0.514972,0.000043,0.441191
AGACAGCTCAGAATCC-1,0.120853,0.304115,0.285766,0.289266
AGACAGGCATCTCAGC-1,0.000032,0.962607,0.012007,0.025354
AGACATAGATCCTTCC-1,0.000055,0.763248,0.065463,0.171234
AGACCAAACCACACCT-1,0.318746,0.570084,0.003004,0.108166
AGACCATGGGATACAA-1,0.063763,0.550881,0.055885,0.329471
AGACCCACCGCTGATC-1,0.000048,0.679687,0.000048,0.320217
AGACCCGCCCTCCTCG-1,0.000052,0.68451,0.019339,0.296099
AGACCGCTCCGCGGTT-1,0.000044,0.609174,0.045629,0.345153
AGACCGGGAAACCCTG-1,0.000007,0.938094,0.036205,0.025695
AGACGAAGTGCCGGTC-1,0.085653,0.2435,0.34388,0.326967
AGACGACGATGCCGCT-1,0.015691,0.904859,0.004796,0.074654
AGACGCCCACTTCGCC-1,0.007074,0.616314,0.000031,0.37658
AGACGGGATTGGTATA-1,0.104628,0.50023,0.348511,0.046631
AGACGGGCCGATTTAA-1,0.070381,0.613517,0.108076,0.208026
AGACTAGCCTTCCAGA-1,0.181892,0.169167,0.062427,0.586514
AGACTGTTACCGGGTC-1,0.000016,0.917353,0.057301,0.02533
AGAGAAACACCAGAAA-1,0.136354,0.28221,0.010487,0.570949
AGAGAACCGTCTAGGA-1,0.049173,0.000387,0.364017,0.586422
AGAGAAGGAGTACAAT-1,0.059959,0.48851,0.112708,0.338823
AGAGATCTCTAAAGCG-1,0.061068,0.753642,0.000067,0.185222
AGAGCAGTTATGAGAC-1,0.042357,0.843793,0.015395,0.098455
AGAGCCGCCGAGATTT-1,0.015785,0.948393,0.007137,0.028685
AGAGCGCTTGTAACGG-1,0.000031,0.117159,0.035769,0.847041
AGAGCGGGCTAATCAT-1,0.000045,0.755181,0.006387,0.238387
AGAGCGTACAAGCTCG-1,0.077462,0.231185,0.000063,0.69129
AGAGCTACGAAAGCAT-1,0.000038,0.225444,0.121882,0.652635
AGAGGCTTCGGAAACC-1,0.066406,0.238859,0.150143,0.544592
AGAGGTATCTCGGTCC-1,0.348824,0.000409,0.262022,0.388745
AGAGTAAACTTCACTA-1,0.000034,0.910168,0.018798,0.071001
AGAGTATAGTGTTACG-1,0.000028,0.956389,0.000028,0.043555
AGAGTCTTAATGAAAG-1,0.022862,0.856461,0.023772,0.096905
AGAGTTGCAGGCCTCC-1,0.117002,0.001455,0.264401,0.617141
AGATAACTTCAGGGCC-1,0.085203,0.525527,0.000038,0.389232
AGATAATCACACCTAT-1,0.93735,0.047206,0.000077,0.015367
AGATACCAATAGAACC-1,0.008279,0.598865,0.175353,0.217503
AGATACCAGCACTTCA-1,0.057671,0.000793,0.196736,0.7448
AGATACCGGTGTTCAC-1,0.026838,0.870842,0.000011,0.10231
AGATACGACTTCATAT-1,0.000034,0.699159,0.045161,0.255645
AGATACTCAAGATCGA-1,0.000067,0.328395,0.148909,0.522628
AGATATAATACGACTA-1,0.00375,0.535981,0.118659,0.34161
AGATCGTGCATAAGAT-1,0.042422,0.453701,0.416835,0.087043
AGATCTCAGGTGTGAT-1,0.000036,0.837142,0.000036,0.162786
AGATCTGGAGAGGATA-1,0.589731,0.386016,0.024216,0.000037
AGATGACTCGCCCACG-1,0.000041,0.693857,0.009704,0.296398
AGATGAGGGTTGCGAT-1,0.041157,0.522959,0.100073,0.335812
AGATGATGGAGTCTGG-1,0.079192,0.00046,0.186642,0.733706
AGATGCAAGACGTGCA-1,0.123011,0.869385,0.001497,0.006107
AGATGCATCCTGTGTC-1,0.53653,0.127737,0.08599,0.249743
AGATGCTATAACGAGC-1,0.007224,0.478732,0.020684,0.49336
AGATTATAGGACGTTT-1,0.01223,0.714746,0.014236,0.258787
AGATTCACAACCGATA-1,0.394482,0.49793,0.000029,0.107559
AGCAAAGGCCGCTAGT-1,0.00002,0.685296,0.03751,0.277175
AGCAACATATCTTATT-1,0.058511,0.51929,0.106647,0.315552
AGCAACCGAAAGTAAT-1,0.107122,0.646909,0.000014,0.245954
AGCACACGTTTAGACT-1,0.023446,0.905133,0.06451,0.006911
AGCACCAGTACTCACG-1,0.000042,0.536174,0.216681,0.247103
AGCACTACCGGCCTGT-1,0.034914,0.829915,0.000034,0.135136
AGCACTACCTCACCAG-1,0.022123,0.296081,0.162372,0.519424
AGCACTTAAGGACGCC-1,0.000025,0.885132,0.05475,0.060093
AGCAGAAGGAGAAAGA-1,0.000013,0.883069,0.026739,0.090179
AGCAGCCAGATGAATA-1,0.020265,0.563321,0.032953,0.383461
AGCAGTCGAAGCATGC-1,0.052298,0.543272,0.257122,0.147308
AGCATATCAATATGCT-1,0.015048,0.612978,0.097972,0.274002
AGCATCATTTCGAAAG-1,0.078089,0.57698,0.000022,0.344909
AGCATCGTCGATAATT-1,0.000792,0.335691,0.052188,0.611329
AGCATTACGAGGCAAG-1,0.000028,0.622723,0.025949,0.3513
AGCCAAGCTTTGTGTC-1,0.00761,0.709594,0.057194,0.225602
AGCCACAGGTTACCCG-1,0.054746,0.512323,0.214306,0.218624
AGCCACTCCCGTGCTT-1,0.00007,0.480313,0.15689,0.362727
AGCCATATAGTATGTG-1,0.008846,0.653007,0.045181,0.292965
AGCCCATACATGTAAG-1,0.053535,0.756122,0.000033,0.19031
AGCCCGCAACAAGCAG-1,0.000012,0.970523,0.006248,0.023217
AGCCCGCACTACAATG-1,0.000186,0.612192,0.013323,0.374299
AGCCCGGCATTAGAGG-1,0.185836,0.371187,0.001873,0.441105
AGCCCGGTAGCCTGTA-1,0.043691,0.777805,0.057595,0.120909
AGCCCTAAGCGAAGTT-1,0.000044,0.562592,0.000044,0.437319
AGCCCTCCCTGGTGGC-1,0.291503,0.540145,0.010803,0.157549
AGCCCTGTCGCACCGT-1,0.013779,0.360898,0.0657,0.559624
AGCCCTTCTAATCCGA-1,0.048666,0.68229,0.115775,0.153269
AGCCCTTGGACATCCC-1,0.070989,0.647955,0.01843,0.262626
AGCCGCAAATTCAAAT-1,0.07234,0.722032,0.000015,0.205613
AGCCGCTTGATTAGCG-1,0.000019,0.891052,0.001609,0.10732
AGCCGTGGCTAAATGT-1,0.000008,0.999968,0.000008,0.000016
AGCCTAATACCCACGT-1,0.208054,0.750294,0.032253,0.009399
AGCCTTAAAGCGGAAG-1,0.000033,0.685485,0.031347,0.283134
AGCCTTGTCACTGATA-1,0.993976,0.000212,0.005713,0.0001
AGCGACAGGAACGGTC-1,0.001535,0.928778,0.000017,0.06967
AGCGACATCCCATTCA-1,0.00006,0.724835,0.018064,0.257041
AGCGACCAACGATATT-1,0.000037,0.734924,0.00964,0.255399
AGCGACTTTGAAGACA-1,0.044599,0.434638,0.007097,0.513667
AGCGAGACGTGAAGGC-1,0.046233,0.752259,0.092863,0.108645
AGCGATGCGCCTAATA-1,0.000022,0.85286,0.017602,0.129516
AGCGCATAATGAATCG-1,0.000019,0.924158,0.000019,0.075804
AGCGCGGGTGCCAATG-1,0.126865,0.000421,0.332696,0.540019
AGCGCTAGAGCGATGT-1,0.008316,0.447257,0.059815,0.484611
AGCGCTTATGGGCAAG-1,0.133402,0.558488,0.10322,0.204889
AGCGGACACTTCGTAG-1,0.007666,0.743499,0.000042,0.248792
AGCGGCGGTTAGCGGT-1,0.533923,0.219268,0.000026,0.246783
AGCGGGAAGGGTCCAT-1,0.000046,0.890651,0.035752,0.07355
AGCGGGTCTGACACTC-1,0.000023,0.984498,0.013092,0.002387
AGCGGTTGCCGCTCTG-1,0.006922,0.000458,0.246388,0.746232
AGCGTACGAGAGCTAG-1,0.000017,0.999749,0.000017,0.000217
AGCGTAGCGCTAGACC-1,0.000063,0.006331,0.031294,0.962311
AGCGTCTGAACCCGCA-1,0.000037,0.873936,0.028372,0.097654
AGCGTGGTATTCTACT-1,0.000022,0.847666,0.000022,0.15229
AGCGTTCCGATTTAAA-1,0.108016,0.564035,0.263446,0.064503
AGCTAACAAGCAATGT-1,0.061886,0.475368,0.005714,0.457032
AGCTAAGCTCCGTCCG-1,0.115484,0.533078,0.015852,0.335586
AGCTAAGTACGCAGGC-1,0.045927,0.579172,0.213633,0.161268
AGCTACGAATGGTGGT-1,0.005703,0.544471,0.067545,0.38228
AGCTAGAAGCAGAAGT-1,0.041912,0.574377,0.088688,0.295023
AGCTATTTAATCCAAC-1,0.000054,0.7585,0.120253,0.121193
AGCTCCATATATGTTC-1,0.000046,0.771132,0.061517,0.167305
AGCTCCTTCGCACATC-1,0.000167,0.271109,0.327258,0.401465
AGCTCGTTGATGGAAA-1,0.00002,0.890782,0.108716,0.000482
AGCTCTAGACGTTCCA-1,0.000038,0.711769,0.00579,0.282403
AGCTCTTCCCAGTGCA-1,0.09998,0.00055,0.130994,0.768476
AGCTCTTCGTAACCTT-1,0.000048,0.725053,0.072126,0.202773
AGCTCTTTACTCAGTT-1,0.000025,0.803204,0.000025,0.196747
AGCTGAAGTAAACCAA-1,0.000098,0.005402,0.116595,0.877906
AGCTGTAACCTCAATC-1,0.063739,0.733136,0.000028,0.203097
