Barcode,Topic 1to3,Topic 4,Topic 5,Topic 6,Topic 7,Topic 8
AAACAAGTATCTCCCA-1,0.239365,0.016804,0.565085,0.039091,0.004296,0.135359
AAACACCAATAACTGC-1,0.169987,0.001454,0.000059,0.043036,0.62765,0.157815
AAACAGGGTCTATATT-1,0.640574,0.090858,0.079466,0.150698,0.038372,0.000032
AAACAGTGTTCCTGGG-1,0.144476,0.035981,0.000086,0.000086,0.592132,0.227239
AAACATTTCCCGGATT-1,0.246248,0.000072,0.000072,0.075431,0.585018,0.093161
AAACCGGGTAGGTACC-1,0.418615,0.095558,0.454114,0.000009,0.031694,0.000009
AAACCGTTCGTCCAGG-1,0.153573,0.044878,0.601002,0.029195,0.000016,0.171335
AAACCTAAGCAGCCGG-1,0.085549,0.000053,0.021974,0.019972,0.496799,0.375654
AAACCTCATGAAGTTG-1,0.926411,0.012719,0.05301,0.000027,0.000236,0.007598
AAACGAGACGGTTGAT-1,0.663541,0.01242,0.313573,0.010421,0.000022,0.000022
AAACGGGCGTACGGGT-1,0.071268,0.000042,0.000042,0.070699,0.058529,0.79942
AAACGGTTGCGAACTG-1,0.000169,0.000056,0.140433,0.000056,0.729438,0.129847
AAACTCGGTTCGCAAT-1,0.046323,0.000036,0.000036,0.000036,0.663192,0.290378
AAACTGCTGGCTCCAA-1,0.918243,0.000757,0.046978,0.000017,0.000017,0.033989
AAACTTAATTGCACGC-1,0.010735,0.015046,0.000042,0.061673,0.437617,0.474887
AAACTTGCAAACGTAT-1,0.217249,0.021489,0.737139,0.000012,0.0241,0.000012
AAAGAATGTGGACTAA-1,0.415302,0.000057,0.000057,0.000057,0.477364,0.107162
AAAGACTGGGCGCTTT-1,0.746837,0.048368,0.178194,0.015496,0.010517,0.000589
AAAGGCCCTATAATAC-1,0.010651,0.006577,0.00005,0.000258,0.555271,0.427193
AAAGGCTACGGACCAT-1,0.013965,0.000041,0.000041,0.000041,0.22674,0.759171
AAAGGCTCTCGCGCCG-1,0.221987,0.02907,0.584645,0.09837,0.017896,0.048032
AAAGGGATGTAGCAAG-1,0.893891,0.062542,0.041889,0.001596,0.000041,0.000041
AAAGGGCAGCTTGAAT-1,0.953733,0.009352,0.036785,0.000043,0.000043,0.000043
AAAGTAGCATTGCTCA-1,0.430564,0.007789,0.429777,0.061859,0.044951,0.02506
AAAGTCGACCCTCAGT-1,0.737654,0.1511,0.056288,0.053453,0.001485,0.000021
AAAGTGTGATTTATCT-1,0.999914,0.000017,0.000017,0.000017,0.000017,0.000017
AAAGTTGACTCCCGTA-1,0.999858,0.000028,0.000028,0.000028,0.000028,0.000028
AAATACCTATAAGCAT-1,0.979798,0.000022,0.011837,0.000022,0.007624,0.000697
AAATAGCTTAGACTTT-1,0.999869,0.000026,0.000026,0.000026,0.000026,0.000026
AAATAGGGTGCTATTG-1,0.843331,0.017138,0.112854,0.005079,0.000021,0.021578
AAATCCGATACACGCC-1,0.25376,0.000047,0.000047,0.035385,0.149083,0.561676
AAATCGTGTACCACAA-1,0.935091,0.000014,0.031148,0.000014,0.032994,0.000739
AAATCTAGCCCTGCTA-1,0.207976,0.000376,0.515228,0.005615,0.000014,0.270792
AAATGACTGATCAAAC-1,0.297158,0.000198,0.000198,0.070135,0.61138,0.02093
AAATGCTCGTTACGTT-1,0.629382,0.293745,0.076707,0.000055,0.000055,0.000055
AAATGGCCCGTGCCCT-1,0.733909,0.041253,0.06525,0.121099,0.038458,0.00003
AAATGGTCAATGTGCC-1,0.828249,0.020962,0.140299,0.010437,0.000026,0.000026
AAATTAACGGGTAGCT-1,0.999799,0.00004,0.00004,0.00004,0.00004,0.00004
AAATTACCTATCGATG-1,0.551731,0.296701,0.133951,0.012243,0.000024,0.00535
AAATTGATAGTCCTTT-1,0.251363,0.3323,0.000047,0.009928,0.284399,0.121963
AAATTTGCGGGTGTGG-1,0.569183,0.320688,0.109934,0.000153,0.000021,0.000021
AACAACTGGTAGTTGC-1,0.728921,0.061653,0.209357,0.000023,0.000023,0.000023
AACAATACATTGTCGA-1,0.095663,0.21614,0.000037,0.046608,0.452751,0.188802
AACAATTACTCTACGC-1,0.725334,0.119986,0.143356,0.011282,0.000021,0.000021
AACACACGCTCGCCGC-1,0.667172,0.000023,0.11809,0.000023,0.000023,0.214669
AACACGAGACGCGGCC-1,0.489497,0.051163,0.386713,0.000017,0.020402,0.052209
AACAGCTGTGTGGCAA-1,0.196355,0.013444,0.041451,0.087584,0.353696,0.307469
AACAGGATGGGCCGCG-1,0.98216,0.008938,0.008829,0.000024,0.000024,0.000024
AACATAGCGTGTATCG-1,0.294141,0.000149,0.000149,0.000149,0.414405,0.291007
AACATATCAACTGGTG-1,0.761438,0.053655,0.145569,0.000027,0.000027,0.039285
AACATTGAAGTTGATC-1,0.000135,0.044691,0.000045,0.000045,0.618518,0.336566
AACATTGTGACTCGAG-1,0.361941,0.000059,0.000059,0.000059,0.442599,0.195284
AACCAAGACTTCTCTG-1,0.717604,0.196344,0.082553,0.003458,0.000021,0.000021
AACCATAGGGTTGAAC-1,0.015161,0.000062,0.000062,0.251954,0.695632,0.03713
AACCATGGGATCGCTA-1,0.869753,0.088866,0.000068,0.041178,0.000068,0.000068
AACCCAGAGACGGAGA-1,0.796118,0.008804,0.000095,0.144366,0.000095,0.050521
AACCCATCCCATGATC-1,0.146394,0.003015,0.000044,0.031456,0.403697,0.415394
AACCCGACAACCCGTG-1,0.000125,0.000042,0.000042,0.000042,0.308228,0.691521
AACCCGAGCAGAATCG-1,0.360977,0.013156,0.030864,0.132651,0.381721,0.080631
AACCCGCTGTATTCCA-1,0.037004,0.00016,0.00016,0.00016,0.872947,0.089569
AACCCTACTGTCAATA-1,0.967302,0.000096,0.03254,0.000021,0.000021,0.000021
AACCGAGCTTGGTCAT-1,0.65567,0.155573,0.000044,0.02732,0.161348,0.000044
AACCGCTAAGGGATGC-1,0.843763,0.000021,0.151524,0.000021,0.000021,0.00465
AACCTCGCTTTAGCCC-1,0.028222,0.082343,0.016195,0.002456,0.436837,0.433947
AACCTTTAAATACGGT-1,0.748492,0.060707,0.095598,0.052071,0.008918,0.034213
AACGAAAGTCGTCCCA-1,0.113091,0.006015,0.00003,0.072364,0.606152,0.202348
AACGATAATGCCGTAG-1,0.439976,0.003441,0.35585,0.050182,0.000012,0.150539
AACGATATGTCAACTG-1,0.866383,0.004126,0.000052,0.129333,0.000052,0.000052
AACGCATGATCTGGGT-1,0.771572,0.177581,0.023532,0.027201,0.000057,0.000057
AACGCGACCTTGGGCG-1,0.038909,0.000057,0.000057,0.000057,0.376004,0.584916
AACGCGGTCTCCAGCC-1,0.799924,0.097021,0.00007,0.102845,0.00007,0.00007
AACGCTGTTGCTGAAA-1,0.754119,0.013249,0.046703,0.090817,0.016697,0.078415
AACGGACGTACGTATA-1,0.976011,0.000027,0.000027,0.00663,0.017278,0.000027
AACGGCCATCTCCGGT-1,0.482608,0.160662,0.210493,0.128704,0.01078,0.006753
AACGTACTGTGGGTAC-1,0.429639,0.004361,0.529577,0.000019,0.000229,0.036175
AACGTCAGACTAGTGG-1,0.981965,0.003265,0.014651,0.000039,0.000039,0.000039
AACGTCATCCGGCTTG-1,0.175662,0.001927,0.001927,0.155962,0.662595,0.001927
AACGTCGCTGCACTTC-1,0.059711,0.21848,0.000059,0.011895,0.570755,0.1391
AACGTGCGAAAGTCTC-1,0.713606,0.025195,0.261125,0.000024,0.000024,0.000024
AACTAGGCTTGGGTGT-1,0.389291,0.000024,0.153523,0.048082,0.000024,0.409056
AACTCAAGTTAATTGC-1,0.999769,0.000046,0.000046,0.000046,0.000046,0.000046
AACTCCAGAGCGTGTT-1,0.327195,0.000086,0.000086,0.000086,0.322027,0.350521
AACTCTCAATAGAGCG-1,0.581994,0.020231,0.370997,0.026739,0.00002,0.00002
AACTCTCAGTGTGCTC-1,0.510113,0.0193,0.38327,0.000032,0.067376,0.019909
AACTGGGTCCCGACGT-1,0.947744,0.000096,0.000096,0.051872,0.000096,0.000096
AACTTCTGCGTCTATC-1,0.37994,0.449072,0.170893,0.000032,0.000032,0.000032
AACTTGCCCGTATGCA-1,0.758134,0.037225,0.20457,0.000024,0.000024,0.000024
AACTTGCGTTCTCGCG-1,0.499061,0.484096,0.000049,0.000049,0.016696,0.000049
AAGAAAGTTTGATGGG-1,0.113031,0.037853,0.017834,0.000055,0.656168,0.175059
AAGAAGGATCAGTTAG-1,0.707436,0.039846,0.000083,0.153868,0.000083,0.098685
AAGACATACGTGGTTT-1,0.243369,0.001759,0.003595,0.013277,0.721784,0.016216
AAGACCCAACTGAACA-1,0.206319,0.000074,0.014559,0.070519,0.568293,0.140238
AAGACTGCAAGCTACT-1,0.513068,0.062581,0.424287,0.000021,0.000021,0.000021
AAGAGATGAATCGGTA-1,0.792941,0.11454,0.077594,0.008855,0.006048,0.000023
AAGAGCTCTTTATCGG-1,0.857137,0.016712,0.126049,0.000034,0.000034,0.000034
AAGAGGATGTACGCGA-1,0.607981,0.006394,0.336929,0.04866,0.000018,0.000018
AAGAGGCATGGATCGC-1,0.824833,0.0268,0.148261,0.000035,0.000035,0.000035
AAGAGGCCCTTTGGAA-1,0.138399,0.003932,0.000023,0.19891,0.45689,0.201846
AAGATGGCACCGGACC-1,0.158683,0.000055,0.067023,0.000055,0.755742,0.018441
AAGATTGGCGGAACGT-1,0.676003,0.238249,0.085649,0.000033,0.000033,0.000033
AAGCACCCTGCGTATC-1,0.082332,0.007038,0.000035,0.37818,0.000035,0.532379
AAGCATACTCTCCTGA-1,0.644545,0.045569,0.0963,0.158126,0.000021,0.055439
AAGCCACTTGCAGGTA-1,0.063987,0.00013,0.00013,0.00013,0.537808,0.397816
AAGCCGAAGCGGTTTA-1,0.431281,0.446743,0.079921,0.002221,0.028641,0.011194
AAGCCGCCGTGAAATC-1,0.007978,0.000034,0.040792,0.093972,0.422435,0.434789
AAGCGCAGGGCTTTGA-1,0.015244,0.000863,0.000031,0.255873,0.22558,0.50241
AAGCGTCCCTCATCGA-1,0.019911,0.05665,0.1404,0.009815,0.040269,0.732955
AAGCTAGATCGAGTAA-1,0.500511,0.006817,0.308928,0.042453,0.000014,0.141277
AAGCTCGTGCCAAGTC-1,0.736841,0.028686,0.190032,0.02972,0.000034,0.014687
AAGCTCTTTCATGGTG-1,0.321275,0.143396,0.045471,0.321919,0.022827,0.145112
AAGGAGCGGTTGGTGC-1,0.852562,0.073091,0.046676,0.027611,0.00003,0.00003
AAGGATCGATCGCTTG-1,0.886206,0.01807,0.031296,0.054378,0.000021,0.010029
AAGGATGAGGGACCTC-1,0.543473,0.190891,0.249209,0.006094,0.00003,0.010303
AAGGCGCGTAAAGCTT-1,0.804701,0.002289,0.136369,0.012859,0.000033,0.043749
AAGGCTGTGCTCATCG-1,0.814664,0.000038,0.154096,0.000038,0.000038,0.031126
AAGGGAACGACTGGCT-1,0.000106,0.016444,0.000035,0.157167,0.429759,0.396489
AAGGGACAGATTCTGT-1,0.761055,0.193312,0.006827,0.038733,0.000037,0.000037
AAGGGACTATGCATTC-1,0.025988,0.000041,0.000041,0.212114,0.197953,0.563862
AAGGTATCCTAATATA-1,0.8146,0.000283,0.000058,0.184943,0.000058,0.000058
AAGGTGATAAACCAGC-1,0.99993,0.000014,0.000014,0.000014,0.000014,0.000014
AAGTAGAAGACCGGGT-1,0.788873,0.202887,0.000062,0.008055,0.000062,0.000062
AAGTAGTGACGCGAGG-1,0.936046,0.038684,0.025182,0.000029,0.000029,0.000029
AAGTCAATTGTCGTCA-1,0.999397,0.000034,0.000034,0.000034,0.000469,0.000034
AAGTGACGACCGAATT-1,0.756452,0.027064,0.20258,0.000026,0.013852,0.000026
AAGTGAGTCGGGTTTA-1,0.037592,0.000039,0.043726,0.150836,0.17502,0.592786
AAGTGCCTTGACTGTA-1,0.658468,0.004944,0.319036,0.007794,0.009714,0.000044
AAGTGCGTTAGAATCT-1,0.44849,0.088171,0.285475,0.177032,0.00081,0.000022
AAGTGCTTCTCTATTG-1,0.000179,0.012877,0.00006,0.193952,0.4569,0.336032
AAGTGTTTGGAGACGG-1,0.722407,0.003871,0.211623,0.000026,0.032959,0.029114
AAGTTCACTCCAAGCT-1,0.000616,0.002232,0.640624,0.000019,0.08623,0.270278
AAGTTCAGTCTGCGTA-1,0.908481,0.041994,0.000097,0.049235,0.000097,0.000097
AAGTTCGGCCAACAGG-1,0.802998,0.156493,0.010907,0.016897,0.012678,0.000026
AAGTTGTGATGTTATA-1,0.603883,0.000058,0.000058,0.029634,0.36631,0.000058
AAGTTTATGGGCCCAA-1,0.106863,0.000042,0.000042,0.000042,0.651432,0.241577
AATAACAACGCTCGGC-1,0.385795,0.259044,0.300364,0.019734,0.035051,0.000012
AATAACACTAGAACAA-1,0.669418,0.146656,0.068168,0.000083,0.046736,0.068939
AATACAATGTTTCAGG-1,0.479391,0.493534,0.012772,0.000034,0.000034,0.014234
AATACCGGAGGGCTGT-1,0.0357,0.00005,0.00005,0.235761,0.272411,0.456029
AATACCTGATGTGAAC-1,0.082038,0.016391,0.000042,0.036532,0.318264,0.546732
AATAGAACAGAGTGGC-1,0.239925,0.000015,0.586326,0.000015,0.000015,0.173704
AATAGAATCTGTTTCA-1,0.859065,0.045811,0.010809,0.000026,0.000026,0.084262
AATAGGCACGACCCTT-1,0.329381,0.001869,0.255291,0.001869,0.40972,0.001869
AATAGTCCGTCCCGAC-1,0.273003,0.005367,0.290845,0.052236,0.000038,0.378511
AATATCGAATCAATGC-1,0.615855,0.007794,0.376308,0.000015,0.000015,0.000015
AATATCGAGGGTTCTC-1,0.599689,0.222215,0.146991,0.005878,0.000034,0.025193
AATATTGGAGTATTGA-1,0.841743,0.030902,0.127266,0.00003,0.00003,0.00003
AATCAGGTTTCATTTA-1,0.000149,0.00005,0.00005,0.00005,0.251976,0.747727
AATCATGTAAAGACTC-1,0.591802,0.013222,0.130658,0.091428,0.000025,0.172865
AATCCCGCTCAGAGCC-1,0.000405,0.000135,0.000135,0.000135,0.898186,0.101004
AATCGAGGTCTCAAGG-1,0.241282,0.000205,0.000205,0.000205,0.575535,0.182567
AATCGCCTCAGCGCCA-1,0.690233,0.00003,0.309647,0.00003,0.00003,0.00003
AATCGGTATAGCCCTC-1,0.559595,0.000079,0.000079,0.000079,0.44009,0.000079
AATCGTGAGCCGAGCA-1,0.104246,0.000054,0.000054,0.000054,0.48628,0.409314
AATCTAGGTTTACTTG-1,0.129479,0.135753,0.047907,0.025235,0.462244,0.199382
AATCTGCGTTGGGACG-1,0.689451,0.002202,0.308283,0.000021,0.000021,0.000021
AATCTGGCTTTCTAGT-1,0.280504,0.145399,0.189396,0.100306,0.284356,0.00004
AATGACAGCAATGTCT-1,0.360981,0.116061,0.207288,0.153206,0.000019,0.162445
AATGACGTAGGATGTC-1,0.981921,0.000015,0.01802,0.000015,0.000015,0.000015
AATGACTGTCAGCCGG-1,0.720245,0.003492,0.271251,0.004961,0.000025,0.000025
AATGAGTTCGCATATG-1,0.54719,0.422111,0.030531,0.000056,0.000056,0.000056
AATGATGATACGCTAT-1,0.64751,0.226484,0.097461,0.000041,0.000041,0.028464
AATGATGCGACTCCTG-1,0.438142,0.412521,0.119045,0.00003,0.00003,0.030232
AATGCAACCGGGTACC-1,0.796869,0.059569,0.143469,0.000031,0.000031,0.000031
AATGCACCAAGCAATG-1,0.504069,0.331589,0.000036,0.164233,0.000036,0.000036
AATGGTCCACCGTTCA-1,0.763412,0.171085,0.032906,0.020709,0.000023,0.011865
AATGGTTCTCACAAGC-1,0.637206,0.014754,0.327302,0.000037,0.000037,0.020664
AATGTATGGCACTGTA-1,0.000149,0.098731,0.00005,0.027913,0.663033,0.210123
AATGTGCCCGAGGTGT-1,0.345524,0.026126,0.172482,0.061174,0.291923,0.102771
AATGTGCTAATCTGAG-1,0.000112,0.021612,0.003107,0.000037,0.662109,0.313023
AATGTTAAGACCCTGA-1,0.222501,0.000117,0.000117,0.000117,0.403376,0.373771
AATGTTGTCGTGAGAC-1,0.240303,0.038043,0.009436,0.268502,0.367724,0.075992
AATTAAAGGTCGGCGT-1,0.999767,0.000047,0.000047,0.000047,0.000047,0.000047
AATTAACGGATTTCCA-1,0.085206,0.000021,0.522766,0.000021,0.000021,0.391965
AATTAGCGCTGCAGCG-1,0.915749,0.018353,0.006712,0.000029,0.059127,0.000029
AATTATACCCAGCAAG-1,0.154783,0.000088,0.000088,0.000088,0.461663,0.383291
AATTCATAAGGGATCT-1,0.797155,0.184882,0.000054,0.0178,0.000054,0.000054
AATTCATTGTCATGCA-1,0.073975,0.003691,0.000043,0.02193,0.604686,0.295677
AATTCCAAGCATGTAC-1,0.441168,0.000124,0.000124,0.000124,0.556403,0.002058
AATTCGATTCGAGGAT-1,0.015019,0.00006,0.00006,0.00006,0.436321,0.548479
AATTCTAGAGTTAGGC-1,0.785931,0.015543,0.084623,0.028476,0.026437,0.05899
AATTGAACGCTCTGGT-1,0.87676,0.033097,0.08819,0.00002,0.00002,0.001913
AATTGCAGCAATCGAC-1,0.096101,0.004022,0.126027,0.000041,0.773769,0.000041
AATTGCGTGGATTACA-1,0.042944,0.092201,0.052102,0.008242,0.623192,0.181319
ACAAACCATGCGTCCT-1,0.000091,0.001499,0.00003,0.162479,0.546267,0.289636
ACAAACTCCATCAGAG-1,0.026941,0.000145,0.000145,0.000145,0.900938,0.071686
ACAAAGCATGACCTAG-1,0.128622,0.00003,0.00003,0.207044,0.369696,0.294578
ACAAATCGCACCGAAT-1,0.847415,0.000988,0.086446,0.000018,0.041245,0.023887
ACAAATGGTAGTGTTT-1,0.730182,0.046166,0.156343,0.039162,0.000021,0.028126
ACAACAGCATGAGCTA-1,0.794426,0.089876,0.071549,0.044082,0.000033,0.000033
ACAACGGTCCCTGCGA-1,0.585901,0.288118,0.059293,0.066608,0.00004,0.00004
ACAAGCAGTGCCTAGC-1,0.768906,0.122296,0.059481,0.042452,0.006836,0.000029
ACAAGGAAATCCGCCC-1,0.670196,0.004587,0.25997,0.000015,0.000015,0.065217
ACAAGGACAAGAGGTT-1,0.983218,0.005646,0.011059,0.000026,0.000026,0.000026
ACAAGGATGCTTTAGG-1,0.307572,0.000064,0.000064,0.117491,0.424691,0.150119
ACAAGGGCAGGCTCTG-1,0.978745,0.001602,0.016811,0.002808,0.000017,0.000017
ACAAGTAATTGTAAGG-1,0.400076,0.00626,0.474054,0.030078,0.08327,0.006261
ACAATAGTCGTACGTT-1,0.679595,0.148209,0.013331,0.158815,0.000025,0.000025
ACAATCCATTTAAACC-1,0.289498,0.162648,0.545089,0.000011,0.002744,0.000011
ACAATGAATACGGAGA-1,0.098945,0.003286,0.369906,0.217993,0.259969,0.049901
ACAATTGTGTCTCTTT-1,0.55062,0.010483,0.309665,0.053402,0.000027,0.075803
ACAATTTGAGCAGTGG-1,0.723704,0.152954,0.000041,0.088499,0.03476,0.000041
ACACAAAGACGGGTGG-1,0.803853,0.011183,0.167955,0.016945,0.000032,0.000032
ACACACCAGGACCAGT-1,0.753382,0.051413,0.007652,0.097911,0.000012,0.089628
ACACATGATCAAATCT-1,0.000133,0.060728,0.000046,0.095427,0.50648,0.337187
ACACATTTCCGTAGAC-1,0.053412,0.000096,0.074382,0.000096,0.68831,0.183704
ACACCCAGCATGCAGC-1,0.730838,0.09052,0.178537,0.000035,0.000035,0.000035
ACACCCGAGAAATCCG-1,0.81042,0.010137,0.146405,0.000042,0.000042,0.032954
ACACCGGTCTGACCGC-1,0.000161,0.004102,0.000054,0.000054,0.801273,0.194357
ACACCTTAAGTAGGGC-1,0.83593,0.012166,0.112112,0.028156,0.00004,0.011594
ACACCTTACTACTTGC-1,0.686077,0.137857,0.094531,0.005683,0.010249,0.065603
ACACGAGACTCCTTCT-1,0.761659,0.165667,0.004208,0.068384,0.000041,0.000041
ACACGGGAACTTAGGG-1,0.828139,0.098186,0.000032,0.07358,0.000032,0.000032
ACACGTAGGCCACAAG-1,0.190753,0.054149,0.100094,0.218231,0.436742,0.00003
ACACTCCAATGTCACT-1,0.40152,0.22559,0.372791,0.000033,0.000033,0.000033
ACACTGATCAAGGTGT-1,0.729984,0.000048,0.000048,0.000048,0.168609,0.101263
ACAGAACTGAGAACAA-1,0.279889,0.000048,0.381124,0.000026,0.297035,0.041877
ACAGCGACATTCTCAT-1,0.002279,0.034425,0.020749,0.069237,0.44431,0.429
ACAGGCTTGCCCGACT-1,0.595912,0.005542,0.321084,0.027771,0.044139,0.005551
ACAGGTGGAGGTGAGG-1,0.938862,0.000044,0.01238,0.000044,0.048625,0.000044
ACAGTAATACAACTTG-1,0.696782,0.04469,0.166539,0.054946,0.037009,0.000033
ACATAAGTCGTGGTGA-1,0.135866,0.057246,0.012791,0.035891,0.558599,0.199607
ACATAATAAGGCGGTG-1,0.706792,0.006085,0.000063,0.286933,0.000063,0.000063
ACATACAATCAAGCGG-1,0.133122,0.000043,0.006381,0.000043,0.349885,0.510526
ACATCAGCTGGGACGC-1,0.420585,0.216862,0.358589,0.003927,0.000019,0.000019
ACATCCCGGCCATACG-1,0.747484,0.000036,0.21316,0.000036,0.039247,0.000036
ACATCCTGGTAACTGT-1,0.912846,0.000298,0.079307,0.007496,0.000027,0.000027
ACATCGATCGTTTACC-1,0.963313,0.000019,0.036612,0.000019,0.000019,0.000019
ACATCGCAATATTCGG-1,0.007366,0.002456,0.218938,0.002455,0.766331,0.002455
ACATCGGTCAGCCGCG-1,0.59052,0.1037,0.279245,0.000061,0.019045,0.007429
ACATCGTATGCAATGG-1,0.996632,0.000026,0.003265,0.000026,0.000026,0.000026
ACATGCTTACGGCAGC-1,0.037721,0.000146,0.000146,0.000146,0.807054,0.154786
ACATGGCGCCAAAGTA-1,0.748996,0.037197,0.154173,0.050483,0.009136,0.000015
ACATTAGTTTATATCC-1,0.855317,0.000035,0.105287,0.000035,0.03929,0.000035
ACATTCGCGCGGAATA-1,0.027062,0.092091,0.000063,0.000063,0.064539,0.81618
ACATTTGAAACCTAAC-1,0.055777,0.00003,0.124672,0.00003,0.018202,0.801289
ACCAACCGCACTCCAC-1,0.070795,0.080982,0.132972,0.035039,0.294713,0.385499
ACCAACGCTTATTTAT-1,0.765605,0.000619,0.188179,0.004268,0.007689,0.033639
ACCAAGAACGCGTGTC-1,0.977957,0.000116,0.000116,0.02158,0.000116,0.000116
ACCAAGTCATCGGCAG-1,0.268466,0.000047,0.058851,0.000047,0.378569,0.29402
ACCAATATGCAAGTTA-1,0.717778,0.000035,0.029034,0.000035,0.091462,0.161656
ACCACAAGTTTCTATC-1,0.630631,0.053019,0.305806,0.000033,0.010479,0.000033
ACCACACGGTTGATGG-1,0.246831,0.000077,0.000077,0.000077,0.566659,0.186279
ACCACCAATGTAACAA-1,0.760669,0.073389,0.158271,0.000028,0.007628,0.000014
ACCACGTGCAGCTATA-1,0.952248,0.000025,0.047653,0.000025,0.000025,0.000025
ACCAGTGCGGGAGACG-1,0.920744,0.000041,0.000041,0.000041,0.000041,0.079091
ACCATATCCGCAATAA-1,0.971691,0.007773,0.000532,0.019949,0.000027,0.000027
ACCATCCGCCAACTAG-1,0.629057,0.091202,0.182895,0.011092,0.085737,0.000018
ACCATCGTATATGGTA-1,0.507156,0.039925,0.428666,0.003681,0.01296,0.007611
ACCCAACGCCCGTGGC-1,0.76087,0.071902,0.166682,0.000489,0.000029,0.000029
ACCCACCTACATGCTC-1,0.167621,0.11262,0.707971,0.000027,0.000018,0.011743
ACCCATCTTGAGGGTA-1,0.688327,0.101785,0.067359,0.135867,0.00664,0.000022
ACCCATTTGTCCCTCT-1,0.094257,0.000035,0.257825,0.00368,0.162838,0.481365
ACCCGAGCGAAATTAC-1,0.000097,0.003385,0.007445,0.000032,0.577253,0.411787
ACCCGATTGGTTCCGA-1,0.022995,0.000075,0.000075,0.000075,0.890544,0.086236
ACCCGGAAACTCCCAG-1,0.625665,0.004015,0.017592,0.068726,0.055271,0.228731
ACCCGGATGACGCATC-1,0.75974,0.000017,0.240192,0.000017,0.000017,0.000017
ACCCGGTTACACTTCC-1,0.505399,0.000087,0.380094,0.00002,0.00002,0.11438
ACCCGTAGCAGAGAAT-1,0.008137,0.02267,0.000084,0.105301,0.763343,0.100465
ACCCGTGTCATCAGTA-1,0.19229,0.10327,0.048421,0.001164,0.629828,0.025028
ACCCTATGCCATATCG-1,0.314793,0.041302,0.000047,0.206598,0.093933,0.343327
ACCCTCCCGTCAGGGC-1,0.134639,0.069084,0.002877,0.074182,0.377787,0.341431
ACCCTCCCTTGCTATT-1,0.490542,0.044184,0.317499,0.000042,0.00002,0.147713
ACCGAAGAGTCTGGTT-1,0.147005,0.000053,0.000053,0.000053,0.579614,0.273221
ACCGACACATCTCCCA-1,0.005665,0.171213,0.046058,0.260945,0.188525,0.327595
ACCGACTGAGTCCCAC-1,0.627904,0.02106,0.272384,0.000032,0.000032,0.078588
ACCGAGTCTCCTTATT-1,0.116671,0.015637,0.046957,0.000093,0.700102,0.12054
ACCGATGGTAGCATCG-1,0.797054,0.031839,0.113784,0.02381,0.000025,0.033487
ACCGCAATAACTGCCT-1,0.825374,0.001527,0.070003,0.011119,0.000022,0.091954
ACCGCGGTGGAAGTCG-1,0.999834,0.000019,0.000018,0.000093,0.000018,0.000018
ACCGCTAGTCATTGGT-1,0.000249,0.000083,0.000083,0.000083,0.644644,0.354859
ACCGGGCCTTTGTTGA-1,0.889519,0.00116,0.013566,0.00003,0.00003,0.095696
ACCGGTCAGGTACACC-1,0.057,0.135989,0.000047,0.033956,0.531953,0.241055
ACCGTGACCACGTGGG-1,0.066811,0.031568,0.145233,0.240719,0.208728,0.306942
ACCTAAGTACCTTTCA-1,0.44937,0.009872,0.284485,0.058804,0.030696,0.166773
ACCTAATCGACTTCCT-1,0.428808,0.124923,0.446207,0.000021,0.000021,0.000021
ACCTACTATAAATCTA-1,0.005051,0.000049,0.000049,0.174337,0.494166,0.326346
ACCTCAGCGAGGCGCA-1,0.589118,0.00415,0.000122,0.015526,0.324665,0.066419
ACCTCCGCCCTCGCTG-1,0.588631,0.106191,0.059577,0.000037,0.245526,0.000037
ACCTCGAACTTATGCT-1,0.000145,0.000048,0.000048,0.036046,0.700692,0.26302
ACCTGCGTGTCATGTT-1,0.477492,0.137567,0.37562,0.003685,0.005614,0.000022
ACGAAATGGGCGGCAC-1,0.648799,0.226528,0.03417,0.000023,0.059827,0.030653
ACGACTGGTCATACTC-1,0.067897,0.000042,0.197576,0.000042,0.309091,0.425353
ACGAGGATACCACTCT-1,0.387347,0.054398,0.132159,0.269767,0.005169,0.151161
ACGAGGTTTACAACGT-1,0.082913,0.000058,0.000058,0.000058,0.370481,0.546433
ACGAGTACGGATGCCC-1,0.720221,0.199861,0.063462,0.016403,0.000027,0.000027
ACGATCATACATAGAG-1,0.834281,0.032171,0.133422,0.000042,0.000042,0.000042
ACGATCATCTTGTAAA-1,0.977886,0.000027,0.022006,0.000027,0.000027,0.000027
ACGATGCATATGTTAT-1,0.999793,0.000041,0.000041,0.000041,0.000041,0.000041
ACGCAAACTAATAGAT-1,0.137688,0.003839,0.024036,0.008334,0.079787,0.746314
ACGCAATCACTACAGC-1,0.732545,0.05475,0.212626,0.000026,0.000026,0.000026
ACGCATACGTTTACTA-1,0.29857,0.01015,0.138411,0.357588,0.08133,0.113952
ACGCATTCGTGAGTAC-1,0.825029,0.000044,0.174796,0.000044,0.000044,0.000044
ACGCCACTCGAAACAG-1,0.323326,0.000078,0.000078,0.000078,0.282312,0.394127
ACGCCAGTGCGTTTGC-1,0.001149,0.004346,0.076819,0.000042,0.630993,0.286651
ACGCCGCTAGACGACC-1,0.549115,0.151213,0.179375,0.0852,0.000021,0.035076
ACGCGAAGTCAGACGA-1,0.826485,0.011444,0.090296,0.000023,0.071728,0.000023
ACGCGCTACACAGGGT-1,0.634454,0.11677,0.199708,0.00002,0.00002,0.049028
ACGCGGGCCAAGGACA-1,0.634311,0.009251,0.342787,0.000023,0.000023,0.013606
ACGCTAGTGATACACT-1,0.712956,0.157365,0.098393,0.000035,0.000035,0.031216
ACGCTGTGAGGCGTAG-1,0.756489,0.132876,0.022664,0.066664,0.000814,0.020493
ACGGAACACGAGTGCC-1,0.153871,0.00005,0.011459,0.00005,0.440076,0.394494
ACGGAATTTAGCAAAT-1,0.755232,0.187529,0.000068,0.057037,0.000068,0.000068
ACGGACGCAGCGACAA-1,0.068912,0.006389,0.000101,0.078153,0.846346,0.000101
ACGGACTCTCAAAGCG-1,0.139589,0.000032,0.309912,0.012674,0.090614,0.447178
ACGGAGCGCAAATTAC-1,0.923675,0.070891,0.000064,0.005241,0.000064,0.000064
ACGGATGGTGCGGATA-1,0.794498,0.004904,0.004996,0.000057,0.195488,0.000057
ACGGCACTTGCTTGGG-1,0.306684,0.001887,0.524294,0.000018,0.000018,0.167099
ACGGCCAACATGGACT-1,0.180429,0.001262,0.739002,0.000011,0.007801,0.071495
ACGGCGACGATGGGAA-1,0.991119,0.000023,0.001788,0.000023,0.000023,0.007024
ACGGCTGGATGTAGAA-1,0.006182,0.04565,0.00003,0.00003,0.543576,0.404532
ACGGGAGTGTCGGCCC-1,0.62815,0.009999,0.361779,0.000024,0.000024,0.000024
ACGGGTTGTGACCTGT-1,0.138733,0.055419,0.000047,0.021899,0.651455,0.132448
ACGGTACAGTTCAATG-1,0.196663,0.000978,0.05334,0.016701,0.216561,0.515756
ACGGTCACCGAGAACA-1,0.07983,0.000128,0.000128,0.000128,0.808469,0.111318
ACGTACTTTGGCACGG-1,0.140302,0.000106,0.000106,0.107053,0.236655,0.515778
ACGTAGATTGCTGATG-1,0.734526,0.109576,0.155807,0.00003,0.00003,0.00003
ACGTAGGAGAGTCGCT-1,0.002348,0.000039,0.000039,0.182105,0.397081,0.418388
ACGTATTACTCCGATC-1,0.462268,0.007675,0.468734,0.000019,0.00063,0.060675
ACGTTAATGTCGAAGA-1,0.540011,0.019216,0.435498,0.000023,0.000023,0.005228
ACGTTAGATTTGCCCG-1,0.664595,0.102677,0.142646,0.000029,0.001491,0.088562
ACGTTATTGGTCACTC-1,0.174282,0.497251,0.328405,0.00002,0.00002,0.00002
ACGTTCACTATGCCGC-1,0.255762,0.000088,0.000088,0.000088,0.193882,0.550092
ACGTTCGTTCAGGAAA-1,0.15922,0.00005,0.00005,0.069229,0.374942,0.396509
ACGTTCTGTACAAGTC-1,0.229799,0.000037,0.045056,0.000037,0.357889,0.367181
ACGTTGTCGTTGAAAG-1,0.167819,0.000136,0.000136,0.000136,0.726858,0.104914
ACTACAAAGAGAGGTG-1,0.000567,0.00005,0.00005,0.00005,0.486288,0.512996
ACTACATCCCGACAAG-1,0.099384,0.000034,0.07911,0.000034,0.00573,0.815708
ACTACCAGCTCTCTGG-1,0.858577,0.004081,0.137188,0.000051,0.000051,0.000051
ACTACCATCCGAGGGC-1,0.152106,0.00011,0.00011,0.00011,0.531605,0.315959
ACTACGCGTTAGAATT-1,0.204048,0.031796,0.051576,0.036312,0.358799,0.31747
ACTAGTTGCGATCGTC-1,0.700048,0.021294,0.004908,0.19059,0.000028,0.083131
ACTATCCAGGGCATGG-1,0.792286,0.129209,0.076106,0.000021,0.000021,0.002357
ACTATCTGCCCGCGTA-1,0.250327,0.052395,0.503219,0.032912,0.15232,0.008827
ACTATGTCCAGCTGCC-1,0.017945,0.000051,0.000051,0.029051,0.625049,0.327853
ACTATTTCCGGGCCCA-1,0.224201,0.000045,0.296203,0.014799,0.137592,0.327159
ACTCAAGTGCAAGGCT-1,0.149525,0.007445,0.000039,0.153245,0.171085,0.518661
ACTCAATAAAGGCACG-1,0.986597,0.002911,0.000063,0.010303,0.000063,0.000063
ACTCATGGCAGCCTTC-1,0.000143,0.000048,0.136025,0.000048,0.050472,0.813265
ACTCCAATATCATCAT-1,0.00012,0.149267,0.077754,0.157753,0.375108,0.239997
ACTCCCATTCCTAAAG-1,0.391705,0.074927,0.431571,0.060051,0.030976,0.010771
ACTCCCGAATTCGTTT-1,0.760889,0.049443,0.11675,0.072863,0.000027,0.000027
ACTCCCTAATGCTAAA-1,0.549455,0.000033,0.000033,0.000033,0.002609,0.447838
ACTCCCTAGAATAGTA-1,0.766767,0.015176,0.146408,0.022405,0.000022,0.049222
ACTCCGGCCGACCACT-1,0.082969,0.016885,0.000041,0.101983,0.222126,0.575996
ACTCGCCGTTCGATAA-1,0.197488,0.000047,0.000047,0.162554,0.587402,0.052461
ACTCGTAACCCGTCCT-1,0.614184,0.084228,0.153155,0.115156,0.033248,0.00003
ACTCGTCAGTAATCCC-1,0.427825,0.103192,0.443753,0.025187,0.000021,0.000021
ACTCTCTGACTTAGGT-1,0.915175,0.00002,0.079306,0.00002,0.00002,0.00546
ACTCTTGTATAGTAAC-1,0.578348,0.000232,0.398691,0.00003,0.00003,0.02267
ACTGAAACGCCGTTAG-1,0.466535,0.051706,0.039871,0.039973,0.304594,0.097322
ACTGAATGGCGAAAGT-1,0.833419,0.019531,0.127586,0.000017,0.000017,0.019431
ACTGCCCGCCATTCTC-1,0.000119,0.02595,0.01437,0.00004,0.365554,0.593967
ACTGCTCGGAAGGATG-1,0.171546,0.044403,0.000959,0.064375,0.501093,0.217624
ACTGGGATGCCAGTGC-1,0.372031,0.00006,0.00006,0.007307,0.292868,0.327675
ACTGTACGATACACAT-1,0.737015,0.179337,0.038966,0.04458,0.000051,0.000051
ACTGTAGCACTTTGGA-1,0.999608,0.000078,0.000078,0.000078,0.000078,0.000078
ACTGTCCAGGATTATA-1,0.812201,0.053835,0.048442,0.085448,0.000037,0.000037
ACTGTCTTCTTTAGAA-1,0.837494,0.022008,0.140168,0.00026,0.000035,0.000035
ACTTACGCATCCACGC-1,0.16844,0.100896,0.356228,0.132541,0.197024,0.044871
ACTTAGTACGACAAGA-1,0.934713,0.00035,0.00008,0.00008,0.00008,0.064696
ACTTATACTTACCCGG-1,0.715388,0.181121,0.087631,0.007375,0.0053,0.003184
ACTTATTAGGATCGGT-1,0.999767,0.000047,0.000047,0.000047,0.000047,0.000047
ACTTATTTATGTGCCA-1,0.976197,0.000038,0.02365,0.000038,0.000038,0.000038
ACTTCAGGCTGATCCC-1,0.756066,0.004517,0.199214,0.000026,0.021821,0.018357
ACTTCCATGCGGGACA-1,0.163087,0.000061,0.000061,0.000061,0.801368,0.035362
ACTTCGCCATACGCAC-1,0.86694,0.13287,0.000048,0.000048,0.000048,0.000048
ACTTGACTCCCTCTTT-1,0.657557,0.02111,0.321275,0.000019,0.000019,0.000019
ACTTGGGACCCGGTGG-1,0.89249,0.000038,0.099547,0.000038,0.007849,0.000038
ACTTGGGCTTTCGCCA-1,0.268507,0.000677,0.000677,0.000677,0.708612,0.02085
ACTTGTAGTCCCTTCA-1,0.196925,0.14705,0.298775,0.068276,0.161717,0.127257
ACTTGTGGATGGAACG-1,0.486197,0.087933,0.357714,0.000026,0.047196,0.020935
ACTTGTTACCGGATCA-1,0.048404,0.000132,0.000132,0.000132,0.19465,0.75655
ACTTTACCCTCATGAA-1,0.880191,0.000027,0.079616,0.000027,0.000027,0.04011
ACTTTATACACCACTT-1,0.005877,0.000128,0.000128,0.091683,0.573621,0.328562
ACTTTCCTATAGCTTC-1,0.532329,0.107262,0.163647,0.115756,0.000035,0.080971
ACTTTGACTGCATCCT-1,0.446127,0.243503,0.309861,0.000026,0.000457,0.000026
ACTTTGGTCGTGCTCC-1,0.000097,0.000032,0.000032,0.176742,0.064787,0.758311
AGAACACGGCGATGGT-1,0.000545,0.000181,0.000182,0.000182,0.998729,0.000181
AGAACCCTCAATTGGG-1,0.057987,0.014045,0.001507,0.044432,0.611484,0.270546
AGAACGTGGTACATTC-1,0.944906,0.04091,0.000037,0.014072,0.000037,0.000037
AGAACTGTACTTTGTA-1,0.187639,0.016441,0.000048,0.02704,0.420633,0.348198
AGAAGAGCGCCGTTCC-1,0.99848,0.000304,0.000304,0.000304,0.000304,0.000304
AGAAGGTACACTTCAC-1,0.510017,0.004002,0.000058,0.057501,0.428365,0.000058
AGAAGGTTGCCGAATT-1,0.667893,0.082406,0.221506,0.025162,0.003019,0.000014
AGAAGGTTGTAGGTCG-1,0.009957,0.018019,0.000027,0.235433,0.240641,0.495922
AGAAGTGATTCGTGAT-1,0.064385,0.003245,0.812922,0.002204,0.000014,0.117231
AGAATAAATCTTCAGG-1,0.461391,0.287619,0.196008,0.012656,0.034972,0.007354
AGAATACAGGCTATCC-1,0.056836,0.055638,0.000038,0.021796,0.378636,0.487056
AGAATTATGGATTCGA-1,0.618676,0.000016,0.370462,0.000016,0.010815,0.000016
AGAATTGTTTGACATA-1,0.503811,0.217422,0.173871,0.000052,0.000052,0.104792
AGACAGCTCAGAATCC-1,0.328723,0.168602,0.478884,0.000014,0.01896,0.004818
AGACCAAACCACACCT-1,0.20881,0.027135,0.019798,0.126482,0.549879,0.067897
AGACCATGGGATACAA-1,0.557432,0.388289,0.054197,0.000027,0.000027,0.000027
AGACCCACCGCTGATC-1,0.435963,0.000015,0.442285,0.000015,0.000015,0.121708
AGACCCGCCCTCCTCG-1,0.577479,0.164429,0.258015,0.000025,0.000025,0.000025
AGACCGCTCCGCGGTT-1,0.425402,0.079502,0.395826,0.055845,0.024328,0.019098
AGACCGGGAAACCCTG-1,0.701977,0.163813,0.051827,0.000614,0.077994,0.003774
AGACGAAGTGCCGGTC-1,0.99985,0.00003,0.00003,0.00003,0.00003,0.00003
AGACGACGATGCCGCT-1,0.496905,0.178634,0.048285,0.053548,0.14578,0.076847
AGACTAGCCTTCCAGA-1,0.992279,0.000036,0.007577,0.000036,0.000036,0.000036
AGACTGTTACCGGGTC-1,0.115179,0.0019,0.003704,0.092581,0.395196,0.391441
AGAGAAACACCAGAAA-1,0.01741,0.000055,0.000055,0.000055,0.672785,0.30964
AGAGAACCGTCTAGGA-1,0.694809,0.136788,0.094296,0.021186,0.000031,0.052891
AGAGAAGGAGTACAAT-1,0.07028,0.045973,0.012578,0.198826,0.234221,0.438122
AGAGATCTCTAAAGCG-1,0.275782,0.016725,0.582158,0.000017,0.001478,0.123839
AGAGCAGTTATGAGAC-1,0.25709,0.014009,0.728873,0.000009,0.000009,0.000009
AGAGCCGCCGAGATTT-1,0.249473,0.020383,0.149367,0.000056,0.572081,0.00864
AGAGCGTACAAGCTCG-1,0.576175,0.241085,0.067696,0.114986,0.000029,0.000029
AGAGGCTTCGGAAACC-1,0.649552,0.03275,0.303177,0.009113,0.005391,0.000017
AGAGTAAACTTCACTA-1,0.869779,0.000562,0.129587,0.000024,0.000024,0.000024
AGATAACTTCAGGGCC-1,0.979457,0.008613,0.011847,0.000028,0.000028,0.000028
AGATAATCACACCTAT-1,0.008537,0.519246,0.002845,0.002847,0.46368,0.002846
AGATACCAATAGAACC-1,0.279949,0.00006,0.00006,0.057142,0.662728,0.00006
AGATACCGGTGTTCAC-1,0.742649,0.000025,0.252258,0.000025,0.005019,0.000025
AGATACGACTTCATAT-1,0.758948,0.163363,0.000087,0.07195,0.005565,0.000087
AGATACTCAAGATCGA-1,0.953039,0.000441,0.03206,0.000025,0.01441,0.000025
AGATATAATACGACTA-1,0.234465,0.022668,0.000213,0.109798,0.345231,0.287625
AGATCGTGCATAAGAT-1,0.714887,0.215587,0.069394,0.000044,0.000044,0.000044
AGATCTCAGGTGTGAT-1,0.963019,0.036816,0.000041,0.000041,0.000041,0.000041
AGATCTGGAGAGGATA-1,0.029268,0.000115,0.000115,0.000115,0.956703,0.013684
AGATGACTCGCCCACG-1,0.972283,0.012981,0.000094,0.014455,0.000094,0.000094
AGATGATGGAGTCTGG-1,0.97249,0.000032,0.000032,0.027382,0.000032,0.000032
AGATGCAAGACGTGCA-1,0.000116,0.024648,0.000039,0.055132,0.802676,0.117389
AGATTATAGGACGTTT-1,0.977866,0.000052,0.021927,0.000052,0.000052,0.000052
AGATTCACAACCGATA-1,0.148715,0.017831,0.010766,0.000033,0.38377,0.438884
AGCAAAGGCCGCTAGT-1,0.035002,0.011988,0.004624,0.313645,0.000021,0.634719
AGCAACATATCTTATT-1,0.832726,0.033746,0.038531,0.051277,0.000013,0.043707
AGCAACCGAAAGTAAT-1,0.012261,0.146515,0.019045,0.256992,0.06505,0.500137
AGCACACGTTTAGACT-1,0.082668,0.00007,0.00007,0.000126,0.49901,0.418057
AGCACCAGTACTCACG-1,0.838348,0.159524,0.000041,0.002005,0.000041,0.000041
AGCACTACCGGCCTGT-1,0.157415,0.060023,0.782242,0.000009,0.000302,0.000009
AGCACTACCTCACCAG-1,0.778722,0.00003,0.20028,0.00003,0.020909,0.00003
AGCACTTAAGGACGCC-1,0.988806,0.002814,0.008322,0.000019,0.000019,0.000019
AGCAGAAGGAGAAAGA-1,0.096312,0.000689,0.026083,0.185735,0.646007,0.045174
AGCAGCCAGATGAATA-1,0.492423,0.136511,0.004294,0.021033,0.199286,0.146454
AGCAGTCGAAGCATGC-1,0.106454,0.000046,0.000046,0.031537,0.119155,0.742762
AGCATATCAATATGCT-1,0.694293,0.000029,0.176981,0.000029,0.000029,0.128641
AGCATCATTTCGAAAG-1,0.131624,0.021333,0.028923,0.15789,0.284987,0.375243
AGCATCGTCGATAATT-1,0.838949,0.055233,0.000069,0.014537,0.043094,0.048118
AGCATTACGAGGCAAG-1,0.572034,0.000056,0.000056,0.000056,0.427744,0.000056
AGCCAAGCTTTGTGTC-1,0.11319,0.000073,0.000073,0.000073,0.300396,0.586195
AGCCACAGGTTACCCG-1,0.096453,0.000067,0.000067,0.157032,0.373537,0.372843
AGCCACTCCCGTGCTT-1,0.882884,0.000192,0.000192,0.000192,0.000192,0.116348
AGCCATATAGTATGTG-1,0.207938,0.000105,0.000105,0.000105,0.557728,0.234017
AGCCCATACATGTAAG-1,0.735185,0.099429,0.064141,0.000592,0.000028,0.100625
AGCCCGCAACAAGCAG-1,0.170929,0.000065,0.000065,0.000065,0.397369,0.431508
AGCCCGCACTACAATG-1,0.00012,0.024612,0.014169,0.00004,0.772891,0.188168
AGCCCGGCATTAGAGG-1,0.028377,0.003868,0.000055,0.066583,0.707803,0.193314
AGCCCGGTAGCCTGTA-1,0.052362,0.000039,0.086535,0.000039,0.448957,0.412066
AGCCCTCCCTGGTGGC-1,0.04337,0.155848,0.000049,0.000049,0.404662,0.396023
AGCCCTTCTAATCCGA-1,0.822198,0.143623,0.000103,0.000103,0.000103,0.033872
AGCCGTGGCTAAATGT-1,0.599125,0.059861,0.213656,0.00003,0.119329,0.008
AGCCTAATACCCACGT-1,0.552681,0.036469,0.107244,0.266001,0.037574,0.000031
AGCCTTAAAGCGGAAG-1,0.431278,0.274414,0.294251,0.00002,0.000019,0.000019
AGCGACAGGAACGGTC-1,0.47144,0.16136,0.245285,0.005351,0.104437,0.012128
AGCGACATCCCATTCA-1,0.958786,0.040556,0.000165,0.000165,0.000165,0.000164
AGCGACCAACGATATT-1,0.721363,0.001204,0.277327,0.000036,0.000036,0.000036
AGCGACTTTGAAGACA-1,0.502538,0.001585,0.001585,0.001585,0.491122,0.001584
AGCGAGACGTGAAGGC-1,0.00011,0.000037,0.000037,0.000037,0.521573,0.478208
AGCGATGCGCCTAATA-1,0.185089,0.000046,0.166168,0.003031,0.43272,0.212947
AGCGCATAATGAATCG-1,0.09947,0.00031,0.39313,0.094122,0.045745,0.367223
AGCGCGGGTGCCAATG-1,0.558287,0.154469,0.287167,0.000026,0.000026,0.000026
AGCGGACACTTCGTAG-1,0.000086,0.063823,0.004406,0.004216,0.486449,0.44102
AGCGGCGGTTAGCGGT-1,0.467466,0.021682,0.257798,0.062502,0.190519,0.000033
AGCGGGTCTGACACTC-1,0.239322,0.054219,0.000089,0.000089,0.533912,0.172368
AGCGTGGTATTCTACT-1,0.999785,0.000043,0.000043,0.000043,0.000043,0.000043
AGCTAACAAGCAATGT-1,0.050305,0.000047,0.029123,0.042429,0.605647,0.272448
AGCTAAGCTCCGTCCG-1,0.037125,0.000222,0.000222,0.000222,0.550995,0.411214
AGCTAAGTACGCAGGC-1,0.26446,0.092573,0.000072,0.000072,0.297095,0.34573
AGCTAGAAGCAGAAGT-1,0.560297,0.146955,0.23193,0.007252,0.000035,0.053532
AGCTCCATATATGTTC-1,0.162023,0.004816,0.00003,0.180594,0.245334,0.407204
AGCTCCTTCGCACATC-1,0.675955,0.007414,0.164687,0.000031,0.071754,0.080159
AGCTCTAGACGTTCCA-1,0.664091,0.069655,0.222728,0.000033,0.000033,0.043458
AGCTCTTCGTAACCTT-1,0.66877,0.000291,0.330685,0.000021,0.000211,0.000021
AGCTCTTTACTCAGTT-1,0.287557,0.234114,0.474148,0.004143,0.000019,0.000019
AGCTGTAACCTCAATC-1,0.078609,0.005692,0.37654,0.053315,0.001254,0.484591
AGCTTCTTCTCGAGCA-1,0.20859,0.035455,0.006212,0.005369,0.504041,0.240332
AGCTTGATCAGGGTAG-1,0.110127,0.000103,0.000103,0.224403,0.577886,0.087378
AGCTTGATCTTAACTT-1,0.118354,0.07543,0.768023,0.003714,0.034466,0.000012
AGGAAGCTGTCCGCCG-1,0.032976,0.013488,0.000042,0.297696,0.655756,0.000042
AGGACAGTCGAATCCC-1,0.99851,0.001351,0.000035,0.000035,0.000035,0.000035
AGGACATCGCACGTCG-1,0.856465,0.030928,0.000111,0.112273,0.000111,0.000111
AGGACGACCCATTAGA-1,0.890772,0.005762,0.100243,0.000014,0.003195,0.000014
AGGACGCTCGATGTTG-1,0.826884,0.097209,0.000087,0.038899,0.000087,0.036835
AGGAGGCCTTCGCGCG-1,0.705569,0.005963,0.251627,0.013618,0.0232,0.000023
AGGATAAAGTCGGGAT-1,0.850515,0.000031,0.092136,0.000031,0.057256,0.000031
AGGATATAGGGATTTA-1,0.855039,0.008999,0.016674,0.071341,0.000028,0.04792
AGGATCACGCGATCTG-1,0.421728,0.027629,0.484197,0.000027,0.066391,0.000027
AGGCAGATGCGTAAAC-1,0.897169,0.097089,0.000051,0.005589,0.000051,0.000051
AGGCAGGGAGCGTACT-1,0.35687,0.000079,0.120301,0.000079,0.316737,0.205934
AGGCATTGTCGTAGGG-1,0.641237,0.096961,0.152191,0.000043,0.000024,0.109545
AGGCCACCCGTTATGA-1,0.909339,0.018067,0.000044,0.072462,0.000044,0.000044
AGGCCCTAGAACGCCA-1,0.576781,0.040536,0.282195,0.00056,0.000023,0.099906
AGGCCTATCATACCAA-1,0.016994,0.000081,0.000081,0.000081,0.602737,0.380025
AGGCCTGAGAATCTCG-1,0.119459,0.124943,0.109283,0.088038,0.282726,0.27555
AGGCGGTTTGTCCCGC-1,0.083043,0.01102,0.119694,0.003437,0.554869,0.227937
AGGCTATGGTTAGCTT-1,0.826137,0.13838,0.035366,0.000039,0.000039,0.000039
AGGCTTAAGTTGCACA-1,0.373815,0.002408,0.002408,0.002408,0.616553,0.002408
AGGCTTCCCGAAGAAG-1,0.311892,0.027116,0.578633,0.064659,0.007645,0.010055
AGGCTTGCTAGACACC-1,0.517791,0.180998,0.30111,0.000034,0.000034,0.000034
AGGGACCGGCTGCGTT-1,0.913952,0.039142,0.021507,0.003927,0.021454,0.000017
AGGGACTCTACGCGAC-1,0.144122,0.000022,0.54183,0.000022,0.000022,0.313982
AGGGCGAGCAGCTGAT-1,0.266397,0.039624,0.534128,0.100175,0.000014,0.059662
AGGGCGTGATCGGCTA-1,0.937353,0.017516,0.000077,0.044899,0.000077,0.000077
AGGGCTGCAGTTACAG-1,0.880084,0.006661,0.113154,0.000034,0.000034,0.000034
AGGGTCAGAGCACTCG-1,0.098588,0.032044,0.000075,0.01581,0.792357,0.061127
AGGGTCGATGCGAACT-1,0.693288,0.057765,0.17454,0.070383,0.000018,0.004007
AGGGTCTGGACGCAGT-1,0.311618,0.018814,0.061378,0.020144,0.347688,0.24036
AGGGTGCCGTTCTTTA-1,0.042866,0.000054,0.000054,0.023423,0.498713,0.43489
AGGGTGCTCTCGAGGG-1,0.709487,0.03127,0.259176,0.000023,0.000023,0.000023
AGGGTGGATAGTGCAT-1,0.451143,0.139229,0.317231,0.007768,0.0052,0.079428
AGGGTTCAGACGGTCC-1,0.039495,0.000066,0.000066,0.000066,0.291263,0.669044
AGGGTTCCCTTTGGTT-1,0.609487,0.108646,0.279181,0.002622,0.000032,0.000032
AGGGTTTAGTTCGGGA-1,0.95565,0.000051,0.031637,0.012561,0.000051,0.000051
AGGTAGATCGAGATAT-1,0.104784,0.000065,0.000065,0.000065,0.638832,0.25619
AGGTAGGTACAAAGCT-1,0.636449,0.314624,0.002355,0.000023,0.046527,0.000023
AGGTATAATTGATAGT-1,0.889241,0.005888,0.088941,0.000022,0.015885,0.000022
AGGTCAGGTGAGAGTG-1,0.136465,0.045354,0.638152,0.039503,0.081202,0.059324
AGGTCGCGGAGTTACT-1,0.749868,0.078746,0.116724,0.029242,0.000243,0.025176
AGGTGCACGTCCACAT-1,0.193375,0.048866,0.00086,0.04462,0.693434,0.018845
AGGTGGTGACCTTCGC-1,0.018593,0.00004,0.103761,0.00004,0.169025,0.708542
AGGTGTATCGCCATGA-1,0.48611,0.114475,0.341588,0.031323,0.02648,0.000024
AGGTTCTCCTTTCCGG-1,0.013475,0.118766,0.00007,0.035291,0.619265,0.213134
AGGTTGAGGCACGCTT-1,0.999486,0.000103,0.000103,0.000103,0.000103,0.000103
AGGTTTCACACACCTT-1,0.792629,0.084528,0.087337,0.012235,0.000035,0.023237
AGTAACTATAGCAGCC-1,0.401302,0.000064,0.001042,0.000064,0.469796,0.127731
AGTAATCTAAGGGTGG-1,0.162645,0.00009,0.00009,0.00009,0.623152,0.213932
AGTAATTTGCAAGCGT-1,0.111465,0.007116,0.000052,0.056493,0.619073,0.205801
AGTACAGAAGCTTATA-1,0.109683,0.000051,0.000051,0.000051,0.166471,0.723692
AGTACATCATTTATCA-1,0.763862,0.065145,0.13216,0.000026,0.000026,0.038781
AGTACGGCCCGTATCG-1,0.764108,0.094875,0.016838,0.015917,0.108246,0.000016
AGTACGGGCACCTGGC-1,0.78813,0.08288,0.000048,0.12702,0.001875,0.000048
AGTACTCTTATGCCCA-1,0.734839,0.000044,0.145273,0.000044,0.119756,0.000044
AGTAGAAGGCGCCTCA-1,0.232421,0.000107,0.000107,0.000107,0.384324,0.382935
AGTATAATACTAGGCA-1,0.969519,0.030251,0.000057,0.000057,0.000057,0.000057
AGTATACACAGCGACA-1,0.024115,0.003636,0.127071,0.047981,0.010908,0.786289
AGTATGCTGGAGACCA-1,0.008602,0.152489,0.00004,0.068052,0.34992,0.420898
AGTATTTGGCACGACC-1,0.38235,0.000078,0.000078,0.039863,0.074886,0.502745
AGTCAAATGATGTGAT-1,0.025785,0.09578,0.000044,0.000044,0.514292,0.364054
AGTCAACACCACCATC-1,0.501635,0.100784,0.327286,0.000019,0.066492,0.003784
AGTCAAGATGACACTT-1,0.998513,0.000029,0.00137,0.000029,0.000029,0.000029
AGTCACTAGCTCTCGA-1,0.637925,0.000065,0.000065,0.000065,0.30618,0.055701
AGTCAGCCACCGCCTG-1,0.53813,0.24242,0.041911,0.000055,0.17743,0.000055
AGTCCATTGGCTGATG-1,0.614104,0.031186,0.321683,0.013257,0.004621,0.015148
