Barcode,Topic 1,Topic 2to4,Topic 5to10
AAACAAGTATCTCCCA-1,0.132168,0.643592,0.22424
AAACAATCTACTAGCA-1,0.000036,0.34053,0.659434
AAACACCAATAACTGC-1,0.980318,0.019223,0.00046
AAACAGAGCGACTCCT-1,0.019198,0.447254,0.533548
AAACAGCTTTCAGAAG-1,0.759569,0.133987,0.106444
AAACAGGGTCTATATT-1,0.885755,0.00122,0.113025
AAACAGTGTTCCTGGG-1,0.023943,0.078068,0.897989
AAACATGGTGAGAGGA-1,0.982931,0.016434,0.000635
AAACATTTCCCGGATT-1,0.111043,0.170303,0.718654
AAACCCGAACGAAATC-1,0.007595,0.30344,0.688965
AAACCGGAAATGTTAA-1,0.042154,0.041192,0.916654
AAACCGGGTAGGTACC-1,0.949886,0.000361,0.049754
AAACCGTTCGTCCAGG-1,0.03661,0.941531,0.021859
AAACCTAAGCAGCCGG-1,0.015376,0.652075,0.332549
AAACCTCATGAAGTTG-1,0.596906,0.001516,0.401578
AAACGAAGAACATACC-1,0.005127,0.588522,0.406351
AAACGAAGATGGAGTA-1,0.90569,0.006992,0.087318
AAACGAGACGGTTGAT-1,0.021995,0.233932,0.744072
AAACGCCCGAGATCGG-1,0.000049,0.545868,0.454083
AAACGCTGGGCACGAC-1,0.000016,0.603862,0.396122
AAACGGGCGTACGGGT-1,0.170524,0.262614,0.566862
AAACGGGTTGGTATCC-1,0.008879,0.359493,0.631628
AAACGGTTGCGAACTG-1,0.006556,0.088399,0.905045
AAACGTGTTCGCCCTA-1,0.000078,0.965558,0.034363
AAACTAACGTGGCGAC-1,0.000034,0.316925,0.683041
AAACTCGGTTCGCAAT-1,0.000029,0.146908,0.853063
AAACTCGTGATATAAG-1,0.00005,0.487911,0.512039
AAACTGCTGGCTCCAA-1,0.009086,0.088357,0.902558
AAACTTAATTGCACGC-1,0.968772,0.000198,0.03103
AAACTTGCAAACGTAT-1,0.624206,0.363024,0.01277
AAAGAATGACCTTAGA-1,0.733354,0.017325,0.24932
AAAGAATGTGGACTAA-1,0.000047,0.414221,0.585732
AAAGACATGAAGTTTA-1,0.000039,0.564717,0.435244
AAAGACCCAAGTCGCG-1,0.012165,0.36417,0.623665
AAAGACTGGGCGCTTT-1,0.045812,0.067018,0.88717
AAAGCTTGCCTACATA-1,0.194678,0.803018,0.002304
AAAGGCCCTATAATAC-1,0.751721,0.228071,0.020207
AAAGGCTACGGACCAT-1,0.000035,0.606479,0.393486
AAAGGCTCTCGCGCCG-1,0.000074,0.264171,0.735755
AAAGGGATGTAGCAAG-1,0.010029,0.20372,0.786251
AAAGGGCAGCTTGAAT-1,0.033638,0.309,0.657362
AAAGGTAAGCTGTACC-1,0.000049,0.526322,0.47363
AAAGTAGCATTGCTCA-1,0.88873,0.005557,0.105712
AAAGTCACTGATGTAA-1,0.000023,0.318624,0.681353
AAAGTCGACCCTCAGT-1,0.494458,0.499933,0.005609
AAAGTGCCATCAATTA-1,0.056416,0.086243,0.857341
AAAGTGTGATTTATCT-1,0.000031,0.631351,0.368618
AAAGTTGACTCCCGTA-1,0.000022,0.12141,0.878568
AAATAACCATACGGGA-1,0.000029,0.530154,0.469816
AAATAAGGTAGTGCCC-1,0.00005,0.838163,0.161787
AAATACCTATAAGCAT-1,0.031576,0.287761,0.680663
AAATAGCTTAGACTTT-1,0.000024,0.25399,0.745986
AAATAGGGTGCTATTG-1,0.000045,0.553633,0.446321
AAATCCGATACACGCC-1,0.079756,0.671167,0.249077
AAATCGCGGAAGGAGT-1,0.990351,0.009238,0.000411
AAATCGTGTACCACAA-1,0.082825,0.086039,0.831136
AAATCTAGCCCTGCTA-1,0.034425,0.290057,0.675518
AAATCTGCCCGCGTCC-1,0.881047,0.073237,0.045716
AAATGACTGATCAAAC-1,0.00793,0.415854,0.576216
AAATGATTCGATCAGC-1,0.017123,0.342404,0.640473
AAATGCTCGTTACGTT-1,0.000061,0.31645,0.683489
AAATGGCATGTCTTGT-1,0.000014,0.083591,0.916395
AAATGGCCCGTGCCCT-1,0.805728,0.189923,0.004349
AAATGGTCAATGTGCC-1,0.090895,0.232988,0.676117
AAATGTATCTTATCCC-1,0.000026,0.642921,0.357053
AAATGTGGGTGCTCCT-1,0.020279,0.53475,0.444971
AAATTAACGGGTAGCT-1,0.072983,0.071949,0.855068
AAATTAATAAGCGCGA-1,0.15402,0.380286,0.465694
AAATTACACGACTCTG-1,0.000043,0.668022,0.331935
AAATTACCTATCGATG-1,0.000864,0.626509,0.372626
AAATTCCAGGTCCAAA-1,0.049365,0.887433,0.063201
AAATTGATAGTCCTTT-1,0.618082,0.070345,0.311573
AAATTGCGGCGGTTCT-1,0.055141,0.487688,0.457171
AAATTGGTGAGAAGCA-1,0.000061,0.883304,0.116635
AAATTTACCGAAATCC-1,0.000043,0.976573,0.023384
AAATTTGCGGGTGTGG-1,0.356632,0.000313,0.643055
AACAACTGGTAGTTGC-1,0.119079,0.042643,0.838278
AACAATACATTGTCGA-1,0.062376,0.575038,0.362586
AACAATTACTCTACGC-1,0.111496,0.249163,0.639341
AACACACGCTCGCCGC-1,0.000028,0.064029,0.935942
AACACGACTGTACTGA-1,0.005306,0.934973,0.059721
AACACGAGACGCGGCC-1,0.605237,0.38631,0.008453
AACACGCGGCCGCGAA-1,0.000027,0.302495,0.697478
AACAGCTGTGTGGCAA-1,0.305875,0.692334,0.001792
AACAGGAAATCGAATA-1,0.023814,0.523977,0.452209
AACAGGATGGGCCGCG-1,0.075245,0.571034,0.353721
AACAGGTAGTATGGAT-1,0.035167,0.265421,0.699412
AACATAGCGTGTATCG-1,0.038545,0.614504,0.346951
AACATATCAACTGGTG-1,0.000045,0.853078,0.146877
AACATCGATACGTCTA-1,0.000061,0.493031,0.506908
AACATTGAAGTTGATC-1,0.451061,0.000523,0.548416
AACATTGGTCAGCCGT-1,0.000044,0.336706,0.66325
AACATTGTGACTCGAG-1,0.090092,0.286278,0.62363
AACCAAGACTTCTCTG-1,0.636207,0.32513,0.038664
AACCAGTATCACTCTT-1,0.000029,0.570209,0.429762
AACCATAGGGTTGAAC-1,0.793163,0.202172,0.004665
AACCATGGGATCGCTA-1,0.000057,0.385528,0.614415
AACCCAGAGACGGAGA-1,0.044683,0.899744,0.055573
AACCCATCCCATGATC-1,0.999342,0.000219,0.000438
AACCCGACAACCCGTG-1,0.002819,0.282502,0.714679
AACCCGAGCAGAATCG-1,0.004201,0.529506,0.466293
AACCCGCTGTATTCCA-1,0.000025,0.135213,0.864762
AACCCTACTGTCAATA-1,0.000041,0.576843,0.423115
AACCCTGGTGGAACCA-1,0.000026,0.750253,0.249721
AACCGAGCTTGGTCAT-1,0.009114,0.635594,0.355292
AACCGCTAAGGGATGC-1,0.000014,0.360543,0.639443
AACCGTTGTGTTTGCT-1,0.000025,0.26554,0.734434
AACCTAAAGCCGTCCG-1,0.000032,0.872782,0.127185
AACCTCGCTTTAGCCC-1,0.00836,0.051304,0.940337
AACCTGTCACGGAATT-1,0.000053,0.565052,0.434895
AACCTTTAAATACGGT-1,0.000052,0.240549,0.759399
AACCTTTACGACGTCT-1,0.000054,0.79114,0.208806
AACGAAAGTCGTCCCA-1,0.9432,0.000176,0.056624
AACGACCTCCTAGCCG-1,0.014513,0.153681,0.831806
AACGATAATGCCGTAG-1,0.000045,0.663782,0.336173
AACGATAGAAGGGCCG-1,0.000016,0.086695,0.913289
AACGATATGTCAACTG-1,0.006255,0.06264,0.931105
AACGCATGATCTGGGT-1,0.000049,0.586553,0.413398
AACGCGAACGGCAACA-1,0.000035,0.232405,0.767561
AACGCGACCTTGGGCG-1,0.024571,0.372169,0.603259
AACGCGGTCTCCAGCC-1,0.000043,0.397067,0.60289
AACGCTGTTGCTGAAA-1,0.000092,0.542411,0.457498
AACGGACGTACGTATA-1,0.00003,0.173927,0.826044
AACGGCCATCTCCGGT-1,0.601841,0.081773,0.316386
AACGTACTGTGGGTAC-1,0.093224,0.237182,0.669595
AACGTAGTCTACCCAT-1,0.000062,0.425925,0.574013
AACGTCAGACTAGTGG-1,0.013977,0.593952,0.392071
AACGTCGCTGCACTTC-1,0.017616,0.087274,0.895109
AACGTGATGAAGGACA-1,0.02978,0.461495,0.508725
AACGTGCGAAAGTCTC-1,0.049841,0.073122,0.877038
AACGTTATCAGCACCT-1,0.040236,0.417926,0.541838
AACGTTCTACCATTGT-1,0.000315,0.315595,0.68409
AACTACCCGTTTGTCA-1,0.037237,0.226066,0.736696
AACTAGCGTATCGCAC-1,0.000046,0.632379,0.367575
AACTAGGCTTGGGTGT-1,0.001392,0.747289,0.251319
AACTCAAGTTAATTGC-1,0.364687,0.364177,0.271136
AACTCCAGAGCGTGTT-1,0.005807,0.719653,0.27454
AACTCCTAATCCCATG-1,0.00003,0.500024,0.499946
AACTCGATAAACACGT-1,0.000039,0.087869,0.912091
AACTCGATGGCGCAGT-1,0.006933,0.36699,0.626077
AACTCTCAATAGAGCG-1,0.01892,0.454849,0.526231
AACTCTCAGTGTGCTC-1,0.01646,0.00284,0.9807
AACTGAGGTCAGCGTC-1,0.000085,0.689884,0.310031
AACTGAGTTATACTGA-1,0.021259,0.010538,0.968203
AACTGATATTAGGCCT-1,0.028905,0.720108,0.250986
AACTGGGTCCCGACGT-1,0.000025,0.412083,0.587892
AACTGGGTTCGAGCCG-1,0.000042,0.754747,0.245211
AACTGGTGTGGGCCTT-1,0.034408,0.612506,0.353086
AACTTCTGCGTCTATC-1,0.033936,0.050097,0.915967
AACTTGCCCGTATGCA-1,0.092828,0.51102,0.396152
AACTTGCGTTCTCGCG-1,0.029928,0.148858,0.821215
AACTTTACGGGAGCTT-1,0.021131,0.008445,0.970424
AACTTTAGCTGCTGAG-1,0.03125,0.863999,0.10475
AAGAAAGTTTGATGGG-1,0.5473,0.064087,0.388613
AAGAAGGATCAGTTAG-1,0.000045,0.063761,0.936195
AAGACATACGTGGTTT-1,0.008056,0.011338,0.980606
AAGACCAAATAACTCA-1,0.999656,0.000115,0.000229
AAGACCCAACTGAACA-1,0.006396,0.23786,0.755744
AAGACTAACCCGTTGT-1,0.000041,0.277594,0.722365
AAGACTCACGCCCACT-1,0.000041,0.824728,0.175231
AAGACTGCAAGCTACT-1,0.004944,0.277426,0.717629
AAGAGATGAATCGGTA-1,0.069011,0.732466,0.198523
AAGAGCTCTTTATCGG-1,0.013456,0.346858,0.639686
AAGAGGATGTACGCGA-1,0.721491,0.277736,0.000772
AAGAGGCATGGATCGC-1,0.035831,0.613591,0.350578
AAGAGGCCCTTTGGAA-1,0.006178,0.46088,0.532942
AAGATGGCACCGGACC-1,0.012469,0.282605,0.704926
AAGATTGGCGGAACGT-1,0.000044,0.957048,0.042908
AAGCACCCTGCGTATC-1,0.000073,0.439364,0.560563
AAGCATACTCTCCTGA-1,0.00003,0.348893,0.651077
AAGCCACTTGCAGGTA-1,0.03079,0.310873,0.658337
AAGCCGAAGCGGTTTA-1,0.000058,0.324237,0.675704
AAGCCGCCGTGAAATC-1,0.888543,0.000202,0.111255
AAGCCGGAGAGCAGGA-1,0.000032,0.082917,0.917052
AAGCGCAGGGCTTTGA-1,0.00004,0.232318,0.767642
AAGCGGCGTCATGGGT-1,0.000033,0.825629,0.174338
AAGCGTCCCTCATCGA-1,0.106311,0.256014,0.637675
AAGCTAGATCGAGTAA-1,0.007424,0.318311,0.674265
AAGCTATGGATTGACC-1,0.627522,0.210613,0.161865
AAGCTCGTGCCAAGTC-1,0.010676,0.180032,0.809292
AAGCTCTTTCATGGTG-1,0.00007,0.158969,0.840961
AAGGAGAACTTATAAG-1,0.000039,0.613685,0.386276
AAGGAGCGGTTGGTGC-1,0.034568,0.606593,0.358839
AAGGATCGATCGCTTG-1,0.000055,0.986631,0.013314
AAGGATGAGGGACCTC-1,0.000452,0.433028,0.56652
AAGGCAGGCTGTCTCC-1,0.04707,0.400739,0.552191
AAGGCGCGTAAAGCTT-1,0.052227,0.358772,0.589001
AAGGCTGTGCTCATCG-1,0.369359,0.608668,0.021973
AAGGGAACGACTGGCT-1,0.513169,0.000132,0.486699
AAGGGACAGATTCTGT-1,0.000039,0.72319,0.276771
AAGGGACTATGCATTC-1,0.727087,0.000893,0.27202
AAGGGTTAGCCATGCG-1,0.000031,0.839399,0.160569
AAGGGTTTGATTTCAG-1,0.699987,0.000076,0.299937
AAGGTATCCTAATATA-1,0.035706,0.411184,0.55311
AAGGTGATAAACCAGC-1,0.000038,0.657228,0.342735
AAGTAAGCTTCCAAAC-1,0.030146,0.374497,0.595358
AAGTAGAAGACCGGGT-1,0.000042,0.538794,0.461164
AAGTAGTGACGCGAGG-1,0.20019,0.182356,0.617454
AAGTCAATTGTCGTCA-1,0.000055,0.784415,0.21553
AAGTCTTCTGTGGCCT-1,0.364381,0.504209,0.131409
AAGTGACGACCGAATT-1,0.865398,0.002028,0.132575
AAGTGAGTCGGGTTTA-1,0.000043,0.513734,0.486223
AAGTGCAAAGGTAGAC-1,0.03876,0.396871,0.564369
AAGTGCCTTGACTGTA-1,0.016631,0.647525,0.335845
AAGTGCGTTAGAATCT-1,0.474396,0.518784,0.00682
AAGTGCTTCTCTATTG-1,0.05164,0.412595,0.535765
AAGTGTTTGGAGACGG-1,0.000061,0.516958,0.482981
AAGTTCACTCCAAGCT-1,0.000047,0.030674,0.969278
AAGTTCAGTCTGCGTA-1,0.000044,0.461538,0.538418
AAGTTCGGCCAACAGG-1,0.665129,0.333685,0.001186
AAGTTGTGATGTTATA-1,0.000093,0.313591,0.686315
AAGTTTACTAATGGCA-1,0.000021,0.409055,0.590924
AAGTTTATGGGCCCAA-1,0.00002,0.047236,0.952744
AATAACAACGCTCGGC-1,0.83558,0.000371,0.164049
AATAACACTAGAACAA-1,0.116252,0.613689,0.27006
AATAACGTCGCGCCCA-1,0.000009,0.175538,0.824453
AATAAGTCCTCGAGAC-1,0.000027,0.883169,0.116804
AATAATCTTCGTATCG-1,0.038295,0.113875,0.84783
AATACAATGTTTCAGG-1,0.032361,0.295909,0.671731
AATACCGGAGGGCTGT-1,0.010711,0.269646,0.719643
AATACCTGATGTGAAC-1,0.00342,0.049577,0.947003
AATAGAACAGAGTGGC-1,0.04254,0.590838,0.366622
AATAGAATCTGTTTCA-1,0.000027,0.111057,0.888915
AATAGCAAGCCTCCTG-1,0.008929,0.147982,0.843089
AATAGCTACCGCGTGC-1,0.000025,0.129478,0.870497
AATAGGCACGACCCTT-1,0.03092,0.598446,0.370634
AATAGTCCGTCCCGAC-1,0.000083,0.153272,0.846645
AATAGTCGCGAGTCGG-1,0.010789,0.557951,0.43126
AATATCAAGGTCGGAT-1,0.000036,0.333362,0.666602
AATATCCTAGCAAACT-1,0.795523,0.127803,0.076674
AATATCGAATCAATGC-1,0.078906,0.155791,0.765303
AATATCGAGGGTTCTC-1,0.000046,0.542943,0.457011
AATATTGGAGTATTGA-1,0.35279,0.119113,0.528096
AATCAGACTGCAGGAC-1,0.000033,0.112196,0.887771
AATCAGGTTTCATTTA-1,0.094092,0.016587,0.889321
AATCATGTAAAGACTC-1,0.031792,0.370513,0.597695
AATCCAAGGGCCTGAG-1,0.000039,0.256225,0.743736
AATCCATGCAAGGGTG-1,0.000048,0.485915,0.514037
AATCCCGCTCAGAGCC-1,0.000034,0.389776,0.61019
AATCGAGGTCTCAAGG-1,0.042156,0.307245,0.650599
AATCGCCTCAGCGCCA-1,0.001098,0.712291,0.28661
AATCGCGCAGAGGACT-1,0.029974,0.558228,0.411798
AATCGGGACACTACGA-1,0.076393,0.579709,0.343898
AATCGGTATAGCCCTC-1,0.000159,0.530679,0.469162
AATCGTGAGCCGAGCA-1,0.062387,0.734597,0.203015
AATCTAGGTTTACTTG-1,0.887508,0.111621,0.000871
AATCTATGCCGGAGCC-1,0.000052,0.505888,0.494059
AATCTCTACTGTGGTT-1,0.332872,0.582802,0.084326
AATCTGCGTTGGGACG-1,0.000051,0.592321,0.407627
AATCTGGCTTTCTAGT-1,0.960685,0.000341,0.038974
AATCTGGGTAGACCCT-1,0.000039,0.548743,0.451219
AATGACAGCAATGTCT-1,0.520555,0.473383,0.006062
AATGACGTAGGATGTC-1,0.000022,0.167791,0.832187
AATGACTGTCAGCCGG-1,0.057575,0.62538,0.317045
AATGAGTTCGCATATG-1,0.000047,0.203913,0.796039
AATGATGATACGCTAT-1,0.016341,0.845671,0.137989
AATGATGCGACTCCTG-1,0.00005,0.743774,0.256176
AATGCAACCGGGTACC-1,0.018536,0.538512,0.442952
AATGCACCAAGCAATG-1,0.000041,0.497471,0.502488
AATGGTCCACCGTTCA-1,0.165118,0.614678,0.220204
AATGGTTCTCACAAGC-1,0.007543,0.206726,0.785731
AATGTATGGCACTGTA-1,0.999558,0.000147,0.000294
AATGTGCCCGAGGTGT-1,0.534408,0.297792,0.1678
AATGTGCTAATCTGAG-1,0.090017,0.025724,0.884259
AATGTTAAGACCCTGA-1,0.09275,0.316499,0.590751
AATGTTGTCGTGAGAC-1,0.000065,0.547704,0.452231
AATTAAAGGTCGGCGT-1,0.062571,0.169418,0.768012
AATTAACGGATTTCCA-1,0.005108,0.31424,0.680652
AATTACGAGACCCATC-1,0.999392,0.000203,0.000405
AATTACTCGTACGCTC-1,0.000023,0.249008,0.750969
AATTAGCGCTGCAGCG-1,0.006867,0.29889,0.694243
AATTATACCCAGCAAG-1,0.002851,0.285972,0.711177
AATTCATAAGGGATCT-1,0.000058,0.721908,0.278035
AATTCATTGTCATGCA-1,0.869253,0.00012,0.130626
AATTCCAACTTGGTGA-1,0.000045,0.183467,0.816487
AATTCCAAGCATGTAC-1,0.000035,0.37434,0.625625
AATTCGATTCGAGGAT-1,0.000035,0.069234,0.930731
AATTCTAGAGTTAGGC-1,0.021811,0.383423,0.594766
AATTGAACGCTCTGGT-1,0.013729,0.341222,0.645049
AATTGCAGCAATCGAC-1,0.000135,0.138739,0.861125
AATTGCGTGGATTACA-1,0.916133,0.039124,0.044743
AATTGTGGTTGCCAAA-1,0.000021,0.258747,0.741232
AATTTGGGACATAGTA-1,0.04419,0.305046,0.650764
AATTTGGTTCCAAAGA-1,0.011779,0.385611,0.60261
ACAAACCATGCGTCCT-1,0.996135,0.000114,0.00375
ACAAACCGACAAGGCG-1,0.00002,0.615828,0.384151
ACAAACTCCATCAGAG-1,0.06557,0.000064,0.934366
ACAAAGAAGGTAGGCC-1,0.520877,0.000086,0.479037
ACAAAGCATGACCTAG-1,0.156649,0.598295,0.245056
ACAAATCGCACCGAAT-1,0.007822,0.053975,0.938202
ACAAATGGTAGTGTTT-1,0.000027,0.211645,0.788327
ACAAATTCAGATCTGA-1,0.000034,0.625201,0.374765
ACAACAGCATGAGCTA-1,0.000025,0.082083,0.917893
ACAACGGTCCCTGCGA-1,0.048576,0.150924,0.8005
ACAAGCAGTGCCTAGC-1,0.07866,0.415856,0.505484
ACAAGCTATATGGAAG-1,0.108949,0.457897,0.433153
ACAAGGAAATCCGCCC-1,0.000022,0.12522,0.874757
ACAAGGACAAGAGGTT-1,0.266446,0.644745,0.088809
ACAAGGATGCTTTAGG-1,0.067982,0.32107,0.610948
ACAAGGCCTACCAGCC-1,0.000032,0.541792,0.458176
ACAAGGGCAGGCTCTG-1,0.000016,0.203699,0.796285
ACAAGTAATTGTAAGG-1,0.39736,0.362507,0.240132
ACAATAGTCGTACGTT-1,0.52428,0.464606,0.011114
ACAATCCATTTAAACC-1,0.737036,0.240328,0.022636
ACAATCGATCTTTATA-1,0.00003,0.750482,0.249488
ACAATGAATACGGAGA-1,0.275927,0.456725,0.267349
ACAATGATTCTTCTAC-1,0.00005,0.401628,0.598322
ACAATTGTGTCTCTTT-1,0.000071,0.390245,0.609683
ACAATTTAGGAGGCTC-1,0.030356,0.55195,0.417694
ACAATTTGAGCAGTGG-1,0.018893,0.337894,0.643213
ACAATTTGGCCATATT-1,0.036931,0.170554,0.792515
ACACAAAGACGGGTGG-1,0.027601,0.763148,0.209251
ACACACCAGGACCAGT-1,0.000027,0.332196,0.667778
ACACACTTTCTACACG-1,0.023413,0.026457,0.950129
ACACATGATCAAATCT-1,0.813339,0.186071,0.000591
ACACATTGACGCAACA-1,0.024636,0.41771,0.557654
ACACATTTCCGTAGAC-1,0.00004,0.142273,0.857687
ACACCACATAATTAGC-1,0.000077,0.999464,0.000459
ACACCCAGCATGCAGC-1,0.035557,0.44115,0.523293
ACACCCGAGAAATCCG-1,0.025956,0.309201,0.664844
ACACCGAGCGCTCTTT-1,0.016294,0.559142,0.424564
ACACCGGTCTGACCGC-1,0.858903,0.000104,0.140993
ACACCTTAAGTAGGGC-1,0.100565,0.78925,0.110185
ACACCTTACTACTTGC-1,0.027215,0.929603,0.043182
ACACGAGACTCCTTCT-1,0.014497,0.210392,0.775111
ACACGGCACTATGCAT-1,0.000013,0.247677,0.752309
ACACGGGAACTTAGGG-1,0.028874,0.81927,0.151856
ACACGTAGGCCACAAG-1,0.000093,0.588774,0.411133
ACACTCCAATGTCACT-1,0.038788,0.204877,0.756334
ACACTGATCAAGGTGT-1,0.006946,0.633153,0.359901
ACACTGGGACAGTCGT-1,0.000103,0.415294,0.584604
ACAGAACTGAGAACAA-1,0.562163,0.004001,0.433836
ACAGATTAGGTTAGTG-1,0.000045,0.787165,0.212791
ACAGCATAGAGCCAGT-1,0.000043,0.58251,0.417446
ACAGCGACATTCTCAT-1,0.0065,0.087073,0.906427
ACAGCGCACCCGCAGC-1,0.013191,0.331095,0.655714
ACAGGCACGGATCCTT-1,0.000044,0.243653,0.756303
ACAGGCTTGCCCGACT-1,0.017352,0.178067,0.804581
ACAGGTGGAGGTGAGG-1,0.063856,0.867553,0.068592
ACAGGTGTGTTGTTGC-1,0.257967,0.489855,0.252178
ACAGTAATACAACTTG-1,0.771917,0.002805,0.225279
ACAGTATACCGTGGGA-1,0.000062,0.999568,0.00037
ACATAAGTCGTGGTGA-1,0.890348,0.088024,0.021628
ACATAATAAGGCGGTG-1,0.011284,0.427334,0.561382
ACATACAATCAAGCGG-1,0.000054,0.28748,0.712466
ACATCAGCTGGGACGC-1,0.155207,0.331989,0.512805
ACATCCCGGCCATACG-1,0.037963,0.120452,0.841586
ACATCCTGGTAACTGT-1,0.02097,0.169869,0.809162
ACATCGATCGTTTACC-1,0.019542,0.198218,0.78224
ACATCGCAATATTCGG-1,0.021611,0.264581,0.713807
ACATCGGTCAGCCGCG-1,0.459158,0.540142,0.000699
ACATCGTATGCAATGG-1,0.000026,0.169235,0.83074
ACATCGTTAACCTAGT-1,0.000032,0.557093,0.442875
ACATCTCAACGCGTAA-1,0.000028,0.816699,0.183273
ACATGGCGCCAAAGTA-1,0.000039,0.277037,0.722924
ACATGGCTCAATTTAG-1,0.000033,0.034068,0.965899
ACATTAGTTTATATCC-1,0.000045,0.126443,0.873512
ACATTCGCGCGGAATA-1,0.112608,0.000037,0.887355
ACATTTGAAACCTAAC-1,0.00004,0.196528,0.803433
ACCAAACACCCAGCGA-1,0.000035,0.530773,0.469192
ACCAAACTAGAAATCC-1,0.000026,0.571196,0.428779
ACCAACACCACACACT-1,0.000027,0.360565,0.639408
ACCAACCGCACTCCAC-1,0.030433,0.319022,0.650544
ACCAACGCTTATTTAT-1,0.014198,0.585688,0.400115
ACCAAGAACGCGTGTC-1,0.00004,0.766305,0.233655
ACCAAGTCATCGGCAG-1,0.000024,0.001876,0.9981
ACCAATATGCAAGTTA-1,0.009308,0.051004,0.939687
ACCACAACTCAGAACA-1,0.000028,0.760414,0.239558
ACCACAAGTTTCTATC-1,0.082225,0.186524,0.73125
ACCACACGGTTGATGG-1,0.070511,0.394835,0.534653
ACCACCAATGTAACAA-1,0.027655,0.651538,0.320807
ACCACCCTCTCTTCTA-1,0.029596,0.869632,0.100772
ACCACGTGCAGCTATA-1,0.000041,0.34668,0.653279
ACCACTGTTCAAGAAG-1,0.000033,0.291052,0.708915
ACCAGACCATAACAAC-1,0.245414,0.000496,0.75409
ACCAGCCCGGTCTTTG-1,0.000026,0.553687,0.446286
ACCAGGAGTGTGATCT-1,0.006337,0.75752,0.236143
ACCAGTGCCCGGTCAA-1,0.000038,0.535879,0.464083
ACCAGTGCGGGAGACG-1,0.000031,0.506071,0.493898
ACCATATCCGCAATAA-1,0.054359,0.380466,0.565175
ACCATCCGCCAACTAG-1,0.42281,0.000517,0.576673
ACCATCGTATATGGTA-1,0.311485,0.205549,0.482967
ACCATTAAGGGTGTCA-1,0.000024,0.056911,0.943065
ACCCAACGCCCGTGGC-1,0.031373,0.051698,0.916929
ACCCACCTACATGCTC-1,0.015752,0.014693,0.969555
ACCCATCTTGAGGGTA-1,0.547114,0.04833,0.404556
ACCCATTTGTCCCTCT-1,0.082683,0.059837,0.85748
ACCCGAGCGAAATTAC-1,0.34727,0.601928,0.050802
ACCCGATTGGTTCCGA-1,0.040806,0.000077,0.959118
ACCCGGAAACTCCCAG-1,0.00005,0.576204,0.423746
ACCCGGAGCACCACAA-1,0.008383,0.008979,0.982638
ACCCGGATGACGCATC-1,0.000043,0.282746,0.71721
ACCCGGTTACACTTCC-1,0.118014,0.821458,0.060528
ACCCGTAGCAGAGAAT-1,0.829962,0.001215,0.168823
ACCCGTAGTCTAGTTG-1,0.00004,0.199092,0.800868
ACCCGTGTCATCAGTA-1,0.040941,0.029225,0.929834
ACCCTATAGGACTGAG-1,0.085749,0.524151,0.3901
ACCCTATGCCATATCG-1,0.03639,0.572897,0.390713
ACCCTCCCGTCAGGGC-1,0.000024,0.000071,0.999906
ACCCTCCCTTGCTATT-1,0.008858,0.04858,0.942561
ACCCTGGTAACGCCCT-1,0.000061,0.373967,0.625972
ACCCTTCATCTGCGAA-1,0.00003,0.210715,0.789254
ACCCTTTAGTTCTCCA-1,0.000032,0.493401,0.506567
ACCGAAAGGGCCCTGC-1,0.018864,0.137704,0.843432
ACCGAAGAGTCTGGTT-1,0.977548,0.000193,0.022259
ACCGACACATCTCCCA-1,0.026597,0.27368,0.699723
ACCGACTGAGTCCCAC-1,0.027065,0.350597,0.622338
ACCGAGTCTCCTTATT-1,0.059381,0.01749,0.923129
ACCGATAGGCATAACC-1,0.001762,0.011121,0.987117
ACCGATATTTAATCAT-1,0.000111,0.58368,0.416209
ACCGATGGTAGCATCG-1,0.000044,0.442207,0.557749
ACCGCAATAACTGCCT-1,0.000049,0.313088,0.686864
ACCGCGGTGGAAGTCG-1,0.067568,0.743894,0.188538
ACCGCTAGTCATTGGT-1,0.046332,0.488516,0.465152
ACCGGGCCTTTGTTGA-1,0.018579,0.324396,0.657025
ACCGGTCAGGTACACC-1,0.885272,0.000154,0.114573
ACCGGTCTGAGTACGG-1,0.000039,0.454271,0.545689
ACCGTCCACTGGGCCC-1,0.918438,0.000129,0.081434
ACCGTGACCACGTGGG-1,0.024988,0.175779,0.799233
ACCGTTCCCGCTCTGA-1,0.00002,0.118577,0.881404
ACCTAAGTACCTTTCA-1,0.714266,0.281862,0.003872
ACCTAATCGACTTCCT-1,0.326478,0.019479,0.654043
ACCTACAGTATGTGGT-1,0.049231,0.515656,0.435113
ACCTACTATAAATCTA-1,0.006785,0.329235,0.66398
ACCTCCGCCCTCGCTG-1,0.000118,0.332546,0.667335
ACCTCCGTTATTCACC-1,0.086327,0.519952,0.393721
ACCTCGAACTTATGCT-1,0.905744,0.093817,0.000439
ACCTGCGTGTCATGTT-1,0.976305,0.007898,0.015797
ACCTTTCCTTTAGAAG-1,0.000033,0.727612,0.272355
ACGAAATGGGCGGCAC-1,0.200478,0.680536,0.118986
ACGACCCATGAGTTGC-1,0.03629,0.021389,0.942321
ACGACTCTAGGGCCGA-1,0.006138,0.014277,0.979585
ACGACTGGTCATACTC-1,0.088341,0.812493,0.099166
ACGAGAACCCATCACG-1,0.000145,0.435543,0.564312
ACGAGATATTTGCTTA-1,0.00004,0.453015,0.546945
ACGAGGATACCACTCT-1,0.797569,0.196179,0.006252
ACGAGGTTTACAACGT-1,0.56487,0.000099,0.435031
ACGAGTACGGATGCCC-1,0.000042,0.743325,0.256633
ACGAGTCGCCGGCGTT-1,0.012602,0.274261,0.713137
ACGATACATAGAACTA-1,0.000018,0.065303,0.934679
ACGATACCTATCCTGA-1,0.044096,0.237219,0.718684
ACGATCATACATAGAG-1,0.011648,0.446993,0.541359
ACGATCATCTTGTAAA-1,0.000044,0.430343,0.569613
ACGATGCATATGTTAT-1,0.286346,0.254302,0.459352
ACGATGGATCCGATGC-1,0.047085,0.5929,0.360015
ACGCAAACTAATAGAT-1,0.000019,0.078216,0.921766
ACGCAATCACTACAGC-1,0.000047,0.491444,0.50851
ACGCATAAATGACATG-1,0.000051,0.555029,0.444921
ACGCATACGTTTACTA-1,0.091666,0.105367,0.802967
ACGCATTCGTGAGTAC-1,0.02985,0.146942,0.823208
ACGCCACTCGAAACAG-1,0.031345,0.007304,0.961352
ACGCCAGATGATTTCT-1,0.009443,0.201134,0.789423
ACGCCAGTGCGTTTGC-1,0.000098,0.09928,0.900622
ACGCCCAGCTGTCGAT-1,0.000026,0.724834,0.27514
ACGCCGCTAGACGACC-1,0.00585,0.233435,0.760714
ACGCGAAGTCAGACGA-1,0.000047,0.259337,0.740616
ACGCGCTACACAGGGT-1,0.669787,0.085167,0.245046
ACGCGGGCCAAGGACA-1,0.046003,0.196456,0.75754
ACGCGTTTCTTAAGAG-1,0.038811,0.080416,0.880772
ACGCTACTGAATGGGC-1,0.000583,0.40476,0.594657
ACGCTAGTGATACACT-1,0.000063,0.98473,0.015207
ACGCTGTGAGGCGTAG-1,0.635358,0.001266,0.363376
ACGCTTAGTGTCTCTC-1,0.011009,0.709034,0.279957
ACGGAACACGAGTGCC-1,0.000044,0.411571,0.588386
ACGGAATTTAGCAAAT-1,0.000062,0.436118,0.56382
ACGGACGCAGCGACAA-1,0.607125,0.119713,0.273161
ACGGACTCTCAAAGCG-1,0.000046,0.282548,0.717406
ACGGAGCGCAAATTAC-1,0.000035,0.4551,0.544866
ACGGATGGTGCGGATA-1,0.000074,0.311398,0.688529
ACGGCACTTGCTTGGG-1,0.003063,0.432244,0.564693
ACGGCCAACATGGACT-1,0.026816,0.451181,0.522003
ACGGCGACGATGGGAA-1,0.000043,0.467987,0.53197
ACGGCGGGTTGCCCTG-1,0.000056,0.540446,0.459498
ACGGCTGGATGTAGAA-1,0.886328,0.000409,0.113263
ACGGGAGTGTCGGCCC-1,0.927224,0.06965,0.003126
ACGGGCGTATGCGACA-1,0.040463,0.751556,0.207981
ACGGGTCATGTGACTT-1,0.011434,0.399058,0.589508
ACGGGTTGTGACCTGT-1,0.921372,0.000551,0.078077
ACGGTACAGTTCAATG-1,0.00003,0.009079,0.990891
ACGGTCACCGAGAACA-1,0.854711,0.027952,0.117337
ACGTACAGATTTCTCT-1,0.000021,0.130911,0.869069
ACGTACTTTGGCACGG-1,0.046043,0.04989,0.904066
ACGTAGATTGCTGATG-1,0.033903,0.176839,0.789257
ACGTAGGAGAGTCGCT-1,0.000033,0.111432,0.888536
ACGTATTACTCCGATC-1,0.000043,0.335895,0.664061
ACGTCCTAAACGAGAT-1,0.000031,0.719697,0.280272
ACGTCGGGCAACTCGG-1,0.999651,0.000116,0.000233
ACGTCTCGTTCCGGGA-1,0.6978,0.283202,0.018998
ACGTGACAAAGTAAGT-1,0.859479,0.138921,0.0016
ACGTGCGCCTCGTGCA-1,0.035563,0.46901,0.495426
ACGTGGTCGAATGTGC-1,0.000031,0.654955,0.345014
ACGTTAATGTCGAAGA-1,0.000035,0.153703,0.846262
ACGTTAGATTTGCCCG-1,0.459796,0.212688,0.327516
ACGTTATTGGTCACTC-1,0.017646,0.079653,0.9027
ACGTTCACTATGCCGC-1,0.039216,0.293748,0.667036
ACGTTCCGCGCTCCGT-1,0.052015,0.606439,0.341546
ACGTTCGCAATCAATT-1,0.019626,0.371696,0.608678
ACGTTCGTTCAGGAAA-1,0.000428,0.274164,0.725409
ACGTTCTGTACAAGTC-1,0.065084,0.208543,0.726373
ACGTTGTCGTTGAAAG-1,0.043959,0.255344,0.700697
ACGTTTAGTTGTGATC-1,0.000034,0.26817,0.731796
ACGTTTCGGTGCACTT-1,0.039686,0.282657,0.677657
ACTAATACGTCAGGCG-1,0.000015,0.383252,0.616733
ACTACAAAGAGAGGTG-1,0.081941,0.040599,0.87746
ACTACATCCCGACAAG-1,0.902841,0.000121,0.097038
ACTACCAGCTCTCTGG-1,0.097859,0.13169,0.770451
ACTACCATCCGAGGGC-1,0.045873,0.064586,0.889541
ACTACGCGTTAGAATT-1,0.000037,0.456305,0.543658
ACTAGTTGCGATCGTC-1,0.247782,0.406926,0.345291
ACTATATGCTGTGTTC-1,0.000048,0.398082,0.60187
ACTATCCAGGGCATGG-1,0.000058,0.999594,0.000348
ACTATCGCCGGCTAAA-1,0.000045,0.677435,0.32252
ACTATCTGCCCGCGTA-1,0.027617,0.154047,0.818336
ACTATGTCCAGCTGCC-1,0.772814,0.00015,0.227036
ACTATTCGTCCGTGGT-1,0.000034,0.555779,0.444186
ACTATTTCCGGGCCCA-1,0.021224,0.20847,0.770306
ACTCAACGAATGTATT-1,0.000032,0.447503,0.552464
ACTCAAGTGCAAGGCT-1,0.000037,0.000112,0.99985
ACTCAATAAAGGCACG-1,0.006711,0.67959,0.313699
ACTCAGACCTGCTTCT-1,0.05559,0.555692,0.388718
ACTCATGGCAGCCTTC-1,0.950526,0.000126,0.049348
ACTCCAATATCATCAT-1,0.172789,0.000246,0.826965
ACTCCCATTCCTAAAG-1,0.658579,0.002001,0.33942
ACTCCCGAATTCGTTT-1,0.000033,0.238985,0.760982
ACTCCCGTAGACTAGG-1,0.172598,0.617648,0.209754
ACTCCCTAATGCTAAA-1,0.000058,0.486855,0.513086
ACTCCCTAGAATAGTA-1,0.009797,0.241303,0.7489
ACTCCGGCCGACCACT-1,0.000086,0.986989,0.012925
ACTCGATGTATTTCAT-1,0.000027,0.055485,0.944489
ACTCGCCGTTCGATAA-1,0.000054,0.333565,0.666381
ACTCGCGATCTGACGC-1,0.000096,0.141342,0.858562
ACTCGTAACCCGTCCT-1,0.774633,0.221685,0.003682
ACTCGTCAGTAATCCC-1,0.014519,0.122519,0.862962
ACTCTAAACCTGGGAT-1,0.014818,0.451819,0.533364
ACTCTCTGACTTAGGT-1,0.017167,0.338565,0.644268
ACTCTCTTATACACGA-1,0.000035,0.399714,0.600251
ACTCTGACCTAATAGA-1,0.025957,0.012303,0.96174
ACTCTTCAGCTCCCGC-1,0.009144,0.3451,0.645755
ACTCTTGTATAGTAAC-1,0.009567,0.001318,0.989115
ACTGAAACGCCGTTAG-1,0.037198,0.53947,0.423332
ACTGAATGGCGAAAGT-1,0.000037,0.495754,0.504209
ACTGATTTAGTGATTC-1,0.00006,0.869359,0.130581
ACTGCCCGCCATTCTC-1,0.02458,0.006648,0.968772
ACTGCCGTCGTAACTC-1,0.02874,0.599434,0.371826
ACTGCGGACACACCGT-1,0.002793,0.483682,0.513525
ACTGCTCGGAAGGATG-1,0.77513,0.224159,0.000711
ACTGGGATGCCAGTGC-1,0.010094,0.01236,0.977546
ACTGTACGATACACAT-1,0.000033,0.257332,0.742635
ACTGTAGCACTTTGGA-1,0.237605,0.758111,0.004283
ACTGTATACGCGAGCA-1,0.029064,0.387167,0.583769
ACTGTCCAGGATTATA-1,0.038495,0.243242,0.718263
ACTGTCTTCTTTAGAA-1,0.008054,0.291212,0.700734
ACTGTGCTAGTAGATC-1,0.000035,0.025219,0.974747
ACTGTTTAGTGTAGGC-1,0.000043,0.661716,0.338241
ACTTACCGGGCGCGCA-1,0.002633,0.542462,0.454905
ACTTACGCATCCACGC-1,0.030586,0.069502,0.899912
ACTTAGTACGACAAGA-1,0.000055,0.541828,0.458117
ACTTATACTTACCCGG-1,0.000291,0.650012,0.349698
ACTTATCTGATCTATA-1,0.000083,0.458257,0.54166
ACTTATTAGGATCGGT-1,0.063318,0.701538,0.235144
ACTTATTTATGTGCCA-1,0.000046,0.761254,0.2387
ACTTCAGGCTGATCCC-1,0.000038,0.115716,0.884246
ACTTCCAGTGGAAGCT-1,0.999209,0.000264,0.000527
ACTTCCATGCGGGACA-1,0.00005,0.187441,0.812508
ACTTCGCCATACGCAC-1,0.10763,0.358746,0.533624
ACTTCGCTAGCGAGTG-1,0.000065,0.561673,0.438263
ACTTGACTCCCTCTTT-1,0.037776,0.03846,0.923764
ACTTGCCATATTGTAC-1,0.000065,0.530543,0.469392
ACTTGCTCTATCTACC-1,0.979726,0.000171,0.020103
ACTTGGGACCCGGTGG-1,0.081077,0.413157,0.505766
ACTTGTAGTCCCTTCA-1,0.795328,0.000626,0.204045
ACTTGTGGATGGAACG-1,0.107559,0.147835,0.744606
ACTTGTTACCGGATCA-1,0.00003,0.245397,0.754572
ACTTTACCCTCATGAA-1,0.000043,0.318496,0.681461
ACTTTATACACCACTT-1,0.925445,0.038681,0.035874
ACTTTCCTATAGCTTC-1,0.046584,0.181034,0.772383
ACTTTGACTGCATCCT-1,0.425737,0.35971,0.214553
ACTTTGGTCGTGCTCC-1,0.895159,0.000426,0.104415
ACTTTGTCGACGCACT-1,0.000053,0.051706,0.948241
AGAAATTATGACTCGC-1,0.02252,0.104585,0.872894
AGAACCCAGCGTGACA-1,0.069701,0.378688,0.551611
AGAACCCTCAATTGGG-1,0.922264,0.000116,0.07762
AGAACGTGGTACATTC-1,0.03099,0.3389,0.630109
AGAACTGTACTTTGTA-1,0.000031,0.024641,0.975328
AGAAGAGCGCCGTTCC-1,0.000621,0.474166,0.525213
AGAAGGTACACTTCAC-1,0.782657,0.029357,0.187986
AGAAGGTTGCCGAATT-1,0.151515,0.847927,0.000558
AGAAGGTTGTAGGTCG-1,0.000026,0.043808,0.956166
AGAAGTGATTCGTGAT-1,0.859266,0.001196,0.139538
AGAATAAATCTTCAGG-1,0.461622,0.537614,0.000765
AGAATACAGGCTATCC-1,0.000029,0.111153,0.888818
AGAATGCGGGTTCGGA-1,0.000036,0.398457,0.601507
AGAATTATGGATTCGA-1,0.000039,0.74353,0.256431
AGAATTGTTTGACATA-1,0.024937,0.510491,0.464572
AGACAGCTCAGAATCC-1,0.03731,0.386746,0.575944
AGACAGGCATCTCAGC-1,0.009066,0.052754,0.938179
AGACATAGATCCTTCC-1,0.046834,0.5896,0.363566
AGACCAAACCACACCT-1,0.822136,0.110148,0.067716
AGACCATGGGATACAA-1,0.000019,0.004346,0.995635
AGACCCACCGCTGATC-1,0.029659,0.356331,0.61401
AGACCCGCCCTCCTCG-1,0.073516,0.213856,0.712628
AGACCGCTCCGCGGTT-1,0.102422,0.330434,0.567144
AGACCGGGAAACCCTG-1,0.508944,0.002779,0.488278
AGACGAAGTGCCGGTC-1,0.000053,0.420246,0.5797
AGACGACGATGCCGCT-1,0.566869,0.430609,0.002522
AGACGCCCACTTCGCC-1,0.002346,0.024451,0.973204
AGACGGGATTGGTATA-1,0.00004,0.76257,0.23739
AGACGGGCCGATTTAA-1,0.00003,0.588664,0.411306
AGACTAGCCTTCCAGA-1,0.118522,0.306905,0.574573
AGACTGTTACCGGGTC-1,0.052251,0.069131,0.878618
AGAGAAACACCAGAAA-1,0.072806,0.497825,0.429369
AGAGAACCGTCTAGGA-1,0.000033,0.658823,0.341143
AGAGAAGGAGTACAAT-1,0.220532,0.681988,0.09748
AGAGATCTCTAAAGCG-1,0.426551,0.134106,0.439343
AGAGCAGTTATGAGAC-1,0.017809,0.163684,0.818507
AGAGCCGCCGAGATTT-1,0.000055,0.162565,0.83738
AGAGCGGGCTAATCAT-1,0.016473,0.465008,0.518519
AGAGCGTACAAGCTCG-1,0.007093,0.201958,0.79095
AGAGCTACGAAAGCAT-1,0.058256,0.406928,0.534816
AGAGGCTTCGGAAACC-1,0.039139,0.955375,0.005486
AGAGGTATCTCGGTCC-1,0.000073,0.336953,0.662974
AGAGTAAACTTCACTA-1,0.000149,0.631686,0.368165
AGAGTATAGTGTTACG-1,0.116035,0.869776,0.014189
AGAGTCTTAATGAAAG-1,0.009974,0.475207,0.514819
AGAGTTAGAGACCGAT-1,0.000022,0.541123,0.458855
AGATAACTTCAGGGCC-1,0.245205,0.689745,0.06505
AGATACCAATAGAACC-1,0.000024,0.00338,0.996596
AGATACCAGCACTTCA-1,0.000037,0.243203,0.75676
AGATACCGGTGTTCAC-1,0.581615,0.338822,0.079563
AGATACGACTTCATAT-1,0.021812,0.135973,0.842215
AGATACTCAAGATCGA-1,0.000028,0.134536,0.865436
AGATATAATACGACTA-1,0.000031,0.179712,0.820257
AGATCGTGCATAAGAT-1,0.022031,0.601169,0.3768
AGATCTCAGGTGTGAT-1,0.054857,0.334687,0.610456
AGATGACTCGCCCACG-1,0.018279,0.249011,0.73271
AGATGAGGGTTGCGAT-1,0.019746,0.486452,0.493801
AGATGATGGAGTCTGG-1,0.000046,0.547908,0.452047
AGATGCAAGACGTGCA-1,0.683104,0.112173,0.204723
AGATGCATCCTGTGTC-1,0.770397,0.22893,0.000674
AGATGCTATAACGAGC-1,0.000021,0.386009,0.613971
AGATTATAGGACGTTT-1,0.113634,0.597592,0.288775
AGATTCACAACCGATA-1,0.909745,0.089855,0.000399
AGCAAAGGCCGCTAGT-1,0.006851,0.057561,0.935588
AGCAACATATCTTATT-1,0.000032,0.433814,0.566154
AGCAACCGAAAGTAAT-1,0.922129,0.000304,0.077566
AGCACACGTTTAGACT-1,0.169195,0.285213,0.545592
AGCACCAGTACTCACG-1,0.000061,0.418962,0.580976
AGCACTACCGGCCTGT-1,0.385467,0.61217,0.002363
AGCACTACCTCACCAG-1,0.001821,0.107065,0.891115
AGCACTTAAGGACGCC-1,0.277324,0.173756,0.54892
AGCAGAAGGAGAAAGA-1,0.000034,0.508918,0.491048
AGCAGCCAGATGAATA-1,0.027336,0.109978,0.862686
AGCAGTCGAAGCATGC-1,0.170228,0.385929,0.443843
AGCATATCAATATGCT-1,0.000068,0.430687,0.569245
AGCATCATTTCGAAAG-1,0.693241,0.303425,0.003334
AGCATCGTCGATAATT-1,0.00003,0.145427,0.854542
AGCATTACGAGGCAAG-1,0.000033,0.178246,0.821721
AGCCAAGCTTTGTGTC-1,0.000054,0.365513,0.634433
AGCCACAGGTTACCCG-1,0.024069,0.584444,0.391487
AGCCACTCCCGTGCTT-1,0.000047,0.501883,0.498071
AGCCATATAGTATGTG-1,0.000051,0.120187,0.879762
AGCCCATACATGTAAG-1,0.707796,0.000739,0.291465
AGCCCGCAACAAGCAG-1,0.000534,0.489867,0.509598
AGCCCGCACTACAATG-1,0.000026,0.156168,0.843807
AGCCCGGCATTAGAGG-1,0.577786,0.142094,0.28012
AGCCCGGTAGCCTGTA-1,0.034337,0.241243,0.72442
AGCCCTAAGCGAAGTT-1,0.000027,0.184882,0.815091
AGCCCTCCCTGGTGGC-1,0.117581,0.557902,0.324517
AGCCCTGTCGCACCGT-1,0.039232,0.24118,0.719588
AGCCCTTCTAATCCGA-1,0.000027,0.209544,0.790429
AGCCCTTGGACATCCC-1,0.00007,0.194492,0.805439
AGCCGCAAATTCAAAT-1,0.276835,0.086514,0.636651
AGCCGCTTGATTAGCG-1,0.000037,0.440751,0.559212
AGCCGTGGCTAAATGT-1,0.754242,0.240352,0.005407
AGCCTAATACCCACGT-1,0.966042,0.000309,0.03365
AGCCTTAAAGCGGAAG-1,0.054866,0.277796,0.667338
AGCCTTGTCACTGATA-1,0.876551,0.000186,0.123262
AGCGACAGGAACGGTC-1,0.059481,0.220081,0.720438
AGCGACATCCCATTCA-1,0.01356,0.46373,0.522711
AGCGACCAACGATATT-1,0.004973,0.125908,0.869119
AGCGAGACGTGAAGGC-1,0.986705,0.000277,0.013018
AGCGATGCGCCTAATA-1,0.058989,0.12457,0.816442
AGCGCATAATGAATCG-1,0.001071,0.503327,0.495602
AGCGCGGGTGCCAATG-1,0.00004,0.711065,0.288895
AGCGCTAGAGCGATGT-1,0.020364,0.32177,0.657866
AGCGCTTATGGGCAAG-1,0.000034,0.933072,0.066894
AGCGGACACTTCGTAG-1,0.000094,0.536846,0.46306
AGCGGCGGTTAGCGGT-1,0.825234,0.136076,0.03869
AGCGGGAAGGGTCCAT-1,0.000019,0.000057,0.999925
AGCGGGTCTGACACTC-1,0.000046,0.263936,0.736018
AGCGGTTGAGATGTAC-1,0.000032,0.524823,0.475146
AGCGGTTGCCGCTCTG-1,0.000043,0.295914,0.704043
AGCGTACGAGAGCTAG-1,0.000062,0.399608,0.60033
AGCGTAGCGCTAGACC-1,0.000047,0.19859,0.801363
AGCGTCTGAACCCGCA-1,0.000032,0.313105,0.686863
AGCGTGGTATTCTACT-1,0.002854,0.049364,0.947781
AGCGTTCCGATTTAAA-1,0.00002,0.325395,0.674585
AGCTAACAAGCAATGT-1,0.068795,0.613272,0.317933
AGCTAAGCTCCGTCCG-1,0.041373,0.074407,0.88422
AGCTAAGTACGCAGGC-1,0.0269,0.437218,0.535882
AGCTACGAATGGTGGT-1,0.000063,0.736284,0.263653
AGCTAGAAGCAGAAGT-1,0.074858,0.564313,0.36083
AGCTATTTAATCCAAC-1,0.000032,0.39509,0.604879
AGCTCCATATATGTTC-1,0.000086,0.155917,0.843997
AGCTCCTTCGCACATC-1,0.00004,0.312458,0.687502
AGCTCTAGACGTTCCA-1,0.033204,0.498888,0.467907
AGCTCTTCCCAGTGCA-1,0.024545,0.838367,0.137089
AGCTCTTCGTAACCTT-1,0.000059,0.796171,0.20377
AGCTCTTTACTCAGTT-1,0.214178,0.66039,0.125432
AGCTGAAGTAAACCAA-1,0.000025,0.598721,0.401253
AGCTGTAACCTCAATC-1,0.648806,0.341667,0.009526
AGCTTATAGAGACCTG-1,0.000035,0.576821,0.423144
AGCTTCAATACTTTGA-1,0.000024,0.593651,0.406325
AGCTTCTTCTCGAGCA-1,0.005847,0.051838,0.942314
AGCTTGATCAGGGTAG-1,0.998541,0.000486,0.000973
AGCTTGATCTTAACTT-1,0.627917,0.362403,0.00968
AGGAAAGCCTCTGATG-1,0.000045,0.158748,0.841207
AGGAACGAACGACTTC-1,0.000027,0.232135,0.767838
AGGAAGCTGTCCGCCG-1,0.000072,0.436714,0.563214
AGGACAGTCGAATCCC-1,0.000031,0.253972,0.745996
AGGACATCGCACGTCG-1,0.008454,0.593981,0.397565
AGGACATCGGCACACT-1,0.009385,0.589529,0.401085
AGGACGACCCATTAGA-1,0.175376,0.515295,0.309329
AGGACGCTCGATGTTG-1,0.00006,0.516751,0.483189
AGGACTTATAGGAGAA-1,0.000026,0.168875,0.831099
AGGAGACATCCACAGT-1,0.018821,0.793029,0.18815
AGGAGCGTTTATTATC-1,0.02075,0.410539,0.568711
AGGAGGCCTTCGCGCG-1,0.080849,0.710527,0.208624
AGGATAAAGTCGGGAT-1,0.010042,0.571416,0.418542
AGGATATAGGGATTTA-1,0.000036,0.635341,0.364623
AGGATATCCGACTGCA-1,0.016949,0.077571,0.90548
AGGATCACGCGATCTG-1,0.659855,0.170986,0.169159
AGGATTGCTTACGACA-1,0.064525,0.934507,0.000968
AGGCAAAGAGGAATCA-1,0.055345,0.765783,0.178871
AGGCACGTGACTGTCC-1,0.000052,0.124995,0.874953
AGGCAGATGCGTAAAC-1,0.010041,0.266051,0.723908
AGGCAGGGAGCGTACT-1,0.012993,0.102287,0.88472
AGGCATTGTCGTAGGG-1,0.000087,0.660951,0.338961
AGGCCACATTGGTTAC-1,0.050613,0.049932,0.899454
AGGCCACCCGTTATGA-1,0.213074,0.281956,0.504971
AGGCCCAGTGACTGGT-1,0.000038,0.097894,0.902068
AGGCCCATTGTACAGG-1,0.028797,0.314458,0.656745
AGGCCCTAGAACGCCA-1,0.682303,0.150418,0.167279
AGGCCTATCATACCAA-1,0.000477,0.055279,0.944243
AGGCCTGAGAATCTCG-1,0.000079,0.39306,0.606862
AGGCGATAACTGGCGT-1,0.019778,0.043321,0.936901
AGGCGGTTTGTCCCGC-1,0.909046,0.000312,0.090642
AGGCGTCTATGGACGG-1,0.000035,0.289556,0.710409
AGGCTATGGTTAGCTT-1,0.032076,0.778528,0.189396
AGGCTTCCCGAAGAAG-1,0.080472,0.713924,0.205604
AGGCTTGCTAGACACC-1,0.029923,0.392764,0.577313
AGGGAAACGAGGTACT-1,0.000032,0.715553,0.284415
AGGGACAGCACGGCGG-1,0.000029,0.437326,0.562645
AGGGACCGGCTGCGTT-1,0.000063,0.964168,0.035769
AGGGACTCTACGCGAC-1,0.021479,0.392912,0.58561
AGGGAGACATACTTCG-1,0.017265,0.389465,0.59327
AGGGCAGCGGCGTGGT-1,0.000019,0.40196,0.598021
AGGGCCCTAATGTTCT-1,0.002928,0.101044,0.896028
AGGGCGAGCAGCTGAT-1,0.766644,0.225561,0.007794
AGGGCGTGATCGGCTA-1,0.00004,0.424021,0.575939
AGGGCTGCAGTTACAG-1,0.000018,0.180662,0.819321
AGGGTCAGAGCACTCG-1,0.00174,0.438257,0.560003
AGGGTCAGTAACCCTA-1,0.000037,0.364938,0.635025
AGGGTCGATGCGAACT-1,0.000039,0.540316,0.459645
AGGGTCTGGACGCAGT-1,0.040169,0.569882,0.389948
AGGGTGCCGTTCTTTA-1,0.048391,0.388911,0.562698
AGGGTGCTCTCGAGGG-1,0.000021,0.184112,0.815867
AGGGTGGATAGTGCAT-1,0.038043,0.014653,0.947304
AGGGTTCAGACGGTCC-1,0.000025,0.12574,0.874235
AGGGTTCCCTTTGGTT-1,0.030454,0.39437,0.575177
AGGGTTTAGTTCGGGA-1,0.043131,0.328702,0.628167
AGGTAACCTCCTATTC-1,0.069731,0.62414,0.306129
AGGTACGATATTGCCA-1,0.000025,0.530766,0.469209
AGGTAGATCGAGATAT-1,0.029748,0.621893,0.348359
AGGTAGGTACAAAGCT-1,0.622345,0.376319,0.001337
AGGTATAATTGATAGT-1,0.000052,0.777467,0.222481
AGGTATGCGGACATTA-1,0.027106,0.493755,0.47914
AGGTCAGGTGAGAGTG-1,0.813794,0.003372,0.182834
AGGTCGCCACTTCGGT-1,0.000073,0.646186,0.353741
AGGTCGCCTCCCAACA-1,0.001619,0.012385,0.985995
AGGTCGCGGAGTTACT-1,0.000058,0.553298,0.446644
AGGTGCACGTCCACAT-1,0.00006,0.784069,0.215871
AGGTGGTGACCTTCGC-1,0.096388,0.5123,0.391313
AGGTGTATCGCCATGA-1,0.41192,0.58126,0.00682
AGGTGTTGCCGACCAC-1,0.030673,0.192496,0.776831
AGGTTACACCATGCCG-1,0.000032,0.395948,0.60402
AGGTTCTCCTTTCCGG-1,0.934258,0.065391,0.000352
AGGTTGAGGCACGCTT-1,0.016463,0.35461,0.628927
AGGTTTCACACACCTT-1,0.00004,0.322809,0.677152
AGTAACGTTCATCCTG-1,0.000057,0.842248,0.157695
AGTAACTATAGCAGCC-1,0.005569,0.011373,0.983058
AGTAATCTAAGGGTGG-1,0.000055,0.886972,0.112973
AGTAATGTCTTGCCGC-1,0.018879,0.385196,0.595925
AGTAATTTGCAAGCGT-1,0.957457,0.041312,0.001231
AGTACAGAAGCTTATA-1,0.039409,0.849155,0.111436
AGTACATCATTTATCA-1,0.000037,0.100411,0.899552
AGTACCTTCGAGTGCT-1,0.000084,0.465931,0.533985
AGTACGGCCCGTATCG-1,0.192478,0.318319,0.489203
AGTACGGGCACCTGGC-1,0.000025,0.248467,0.751508
AGTACGTGGCCTGTCT-1,0.000038,0.560144,0.439817
AGTACTCTTATGCCCA-1,0.000063,0.144705,0.855232
AGTAGAAGGCGCCTCA-1,0.01617,0.011762,0.972068
AGTAGCGTGAACGAAC-1,0.000043,0.900846,0.099111
AGTAGCTAGACGCCGA-1,0.000031,0.492281,0.507688
AGTAGGAAGGAAGTTG-1,0.000033,0.241124,0.758843
AGTAGGTAACATACAT-1,0.000027,0.090409,0.909564
AGTATAATACTAGGCA-1,0.14106,0.629509,0.229431
AGTATACACAGCGACA-1,0.026769,0.007195,0.966036
AGTATCCATAATAACG-1,0.000078,0.237888,0.762034
AGTATGCTGGAGACCA-1,0.500038,0.491741,0.008221
AGTATTTGGCACGACC-1,0.006438,0.289526,0.704036
AGTCAAATGATGTGAT-1,0.035926,0.296307,0.667767
AGTCAACACCACCATC-1,0.155527,0.000085,0.844388
AGTCAAGATGACACTT-1,0.000022,0.093158,0.90682
AGTCACTAGCTCTCGA-1,0.046245,0.650239,0.303516
AGTCACTCCGCCTCAT-1,0.027303,0.563677,0.40902
AGTCAGCCACCGCCTG-1,0.04496,0.008199,0.946841
AGTCCAGCGGGTACGT-1,0.000055,0.499142,0.500803
AGTCCATTGGCTGATG-1,0.000035,0.251178,0.748786
AGTCCCGCCTTTAATT-1,0.000058,0.442414,0.557529
AGTCCCTCGCAGAAAG-1,0.041267,0.683453,0.27528
AGTCGAAACGATTCAG-1,0.998988,0.000755,0.000257
AGTCGAATTAGCGTAA-1,0.000013,0.618092,0.381895
AGTCGACGGTCTCAAG-1,0.000024,0.265181,0.734795
AGTCGGCCCAAACGAC-1,0.030671,0.613389,0.35594
AGTCGGCTCAACTTTA-1,0.795468,0.001457,0.203075
AGTCGGTTGCGTGAGA-1,0.03261,0.937323,0.030067
AGTCGTATAAAGCAGA-1,0.00004,0.21898,0.78098
AGTCGTCGACCACCAA-1,0.041289,0.6711,0.287611
AGTCGTGGGCATTACG-1,0.334029,0.353226,0.312745
AGTCTAAAGTATACTC-1,0.000058,0.775419,0.224522
AGTCTCACAAGACTAC-1,0.600534,0.000904,0.398562
AGTCTGGACATCCTTG-1,0.000047,0.02309,0.976863
AGTCTTCTCCTCAAAT-1,0.034999,0.655463,0.309538
AGTCTTTAAAGTGTCC-1,0.000029,0.007566,0.992405
AGTGAACAAACTTCTC-1,0.015378,0.24246,0.742162
AGTGAAGATGGTGTCC-1,0.053918,0.945546,0.000536
AGTGACCTACTTTACG-1,0.024584,0.60557,0.369847
AGTGACTGTGACACAA-1,0.185451,0.216916,0.597633
AGTGAGACTTCCAGTA-1,0.021944,0.56982,0.408236
AGTGAGCCTCGCCGCC-1,0.02508,0.559087,0.415833
AGTGAGGGTTTCTGAC-1,0.000025,0.407861,0.592114
AGTGAGTCGAATTAAC-1,0.220991,0.136286,0.642722
AGTGATAACCTGCGCG-1,0.000139,0.591105,0.408755
AGTGATATGAGTAGTT-1,0.032961,0.315987,0.651052
AGTGATTCAAGCAGGA-1,0.000051,0.466414,0.533535
AGTGCACGCTTAAGAA-1,0.000063,0.660134,0.339803
AGTGCGTAGCTCGTAA-1,0.270915,0.595879,0.133206
AGTGCTAAACACAGCA-1,0.094377,0.31945,0.586173
AGTGCTTGCACGAATA-1,0.00003,0.221674,0.778296
AGTGGCCCGCAAATGG-1,0.000054,0.249683,0.750263
AGTGGCGGCAATTTGA-1,0.000036,0.373877,0.626088
AGTGGCGTCTGAAGGT-1,0.00006,0.365898,0.634042
AGTGGCTCCGTCGGCC-1,0.531751,0.036307,0.431942
AGTGGGAGTATACACG-1,0.000029,0.200258,0.799713
AGTGGTGTTACCCGTG-1,0.663425,0.061944,0.274632
