Barcode,Topic 1,Topic 2,Topic 3to4,Topic 5to7,Topic 8,Topic 9
AAACAACGAATAGTTC-1,0.000079,0.147102,0.000158,0.128158,0.636487,0.088015
AAACAAGTATCTCCCA-1,0.000043,0.033387,0.518572,0.447444,0.000043,0.00051
AAACAATCTACTAGCA-1,0.000127,0.432098,0.000255,0.063767,0.503625,0.000128
AAACACCAATAACTGC-1,0.000039,0.034864,0.921607,0.031916,0.011535,0.000039
AAACAGAGCGACTCCT-1,0.000022,0.000022,0.008867,0.707791,0.000022,0.283276
AAACAGCTTTCAGAAG-1,0.000047,0.043707,0.056282,0.670601,0.229315,0.000047
AAACAGGGTCTATATT-1,0.000032,0.024208,0.091686,0.65656,0.217878,0.009635
AAACAGTGTTCCTGGG-1,0.000029,0.026764,0.929098,0.000088,0.043752,0.000269
AAACATGGTGAGAGGA-1,0.000035,0.003052,0.996736,0.000106,0.000035,0.000035
AAACATTTCCCGGATT-1,0.000049,0.000049,0.908103,0.000148,0.000049,0.091601
AAACCACTACACAGAT-1,0.000041,0.704856,0.063244,0.119884,0.111935,0.000041
AAACCCGAACGAAATC-1,0.000032,0.33813,0.627708,0.000164,0.000032,0.033934
AAACCGGAAATGTTAA-1,0.000042,0.740586,0.193195,0.066094,0.000042,0.000042
AAACCGGGTAGGTACC-1,0.000044,0.000044,0.000088,0.94255,0.000044,0.05723
AAACCGTTCGTCCAGG-1,0.000111,0.000111,0.000222,0.700223,0.299221,0.000111
AAACCTAAGCAGCCGG-1,0.000053,0.000053,0.421699,0.15342,0.200496,0.22428
AAACCTCATGAAGTTG-1,0.000043,0.000043,0.000085,0.999745,0.000043,0.000043
AAACGAAGAACATACC-1,0.000072,0.000072,0.038781,0.293653,0.097646,0.569775
AAACGAAGATGGAGTA-1,0.000042,0.000042,0.996532,0.0033,0.000042,0.000042
AAACGACAGTCTTGCC-1,0.000037,0.31249,0.124423,0.549991,0.013023,0.000037
AAACGAGACGGTTGAT-1,0.000111,0.000111,0.082737,0.650183,0.251795,0.015063
AAACGCCCGAGATCGG-1,0.000037,0.37412,0.000074,0.513025,0.112706,0.000037
AAACGCTGGGCACGAC-1,0.000043,0.613571,0.375339,0.00013,0.000043,0.010874
AAACGGGCGTACGGGT-1,0.000055,0.1287,0.696258,0.080349,0.057785,0.036853
AAACGGGTTGGTATCC-1,0.000068,0.023418,0.000137,0.518042,0.382418,0.075917
AAACGGTTGCGAACTG-1,0.000035,0.000035,0.019662,0.836432,0.064703,0.079134
AAACGTGTTCGCCCTA-1,0.000048,0.69858,0.245693,0.028992,0.026638,0.000048
AAACTAACGTGGCGAC-1,0.00012,0.658094,0.00024,0.000361,0.341065,0.00012
AAACTCGGTTCGCAAT-1,0.000131,0.000131,0.103715,0.552048,0.343844,0.000131
AAACTCGTGATATAAG-1,0.000031,0.233261,0.681088,0.036114,0.000031,0.049474
AAACTGCTGGCTCCAA-1,0.000153,0.000153,0.0592,0.619895,0.320445,0.000153
AAACTTAATTGCACGC-1,0.000053,0.055008,0.924384,0.000158,0.000053,0.020344
AAACTTGCAAACGTAT-1,0.000124,0.000124,0.000247,0.679691,0.319691,0.000124
AAAGAATGACCTTAGA-1,0.000047,0.35629,0.609493,0.019247,0.014876,0.000047
AAAGAATGTGGACTAA-1,0.000045,0.363894,0.558951,0.000134,0.000045,0.076931
AAAGACATGAAGTTTA-1,0.000051,0.000051,0.030297,0.737251,0.040754,0.191595
AAAGACCCAAGTCGCG-1,0.000166,0.000166,0.068304,0.514718,0.000166,0.416479
AAAGACTGGGCGCTTT-1,0.000109,0.000109,0.000218,0.680689,0.119948,0.198928
AAAGCTTGCCTACATA-1,0.00003,0.378738,0.552717,0.016479,0.00003,0.052007
AAAGGCCCTATAATAC-1,0.000055,0.172942,0.723042,0.000165,0.075124,0.028673
AAAGGCTACGGACCAT-1,0.000113,0.000113,0.000226,0.642961,0.356473,0.000113
AAAGGCTCTCGCGCCG-1,0.000289,0.000289,0.000578,0.321667,0.676889,0.000289
AAAGGGATGTAGCAAG-1,0.000067,0.000067,0.160657,0.517795,0.047807,0.273607
AAAGGGCAGCTTGAAT-1,0.000065,0.000065,0.072737,0.660468,0.000065,0.266599
AAAGGTAAGCTGTACC-1,0.000113,0.217669,0.111278,0.119128,0.457539,0.094272
AAAGGTCAACGACATG-1,0.000064,0.475688,0.062353,0.141167,0.320664,0.000064
AAAGTAGCATTGCTCA-1,0.000107,0.000107,0.000214,0.988282,0.011184,0.000107
AAAGTCACTGATGTAA-1,0.000184,0.000184,0.000368,0.342211,0.649217,0.007835
AAAGTCGACCCTCAGT-1,0.000046,0.016103,0.015282,0.961542,0.00698,0.000046
AAAGTGCCATCAATTA-1,0.000038,0.462012,0.537758,0.000115,0.000038,0.000038
AAAGTGTGATTTATCT-1,0.000076,0.000076,0.097522,0.451613,0.000076,0.450636
AAAGTTGACTCCCGTA-1,0.000082,0.000082,0.278702,0.339025,0.127981,0.254128
AAATAACCATACGGGA-1,0.000042,0.000042,0.100813,0.668223,0.000042,0.230839
AAATAAGGTAGTGCCC-1,0.000043,0.649788,0.142308,0.00013,0.000142,0.207591
AAATACCTATAAGCAT-1,0.000104,0.000104,0.000208,0.647885,0.351596,0.000104
AAATAGCTTAGACTTT-1,0.000072,0.157379,0.613043,0.058588,0.170845,0.000072
AAATAGGGTGCTATTG-1,0.000122,0.000122,0.000244,0.605321,0.39407,0.000122
AAATCACTCCTAAACG-1,0.000044,0.825534,0.012652,0.0149,0.023828,0.123042
AAATCCGATACACGCC-1,0.000037,0.06417,0.483219,0.30464,0.147896,0.000037
AAATCGCGGAAGGAGT-1,0.000076,0.116449,0.850034,0.000228,0.000076,0.033137
AAATCGTGTACCACAA-1,0.000071,0.000071,0.000142,0.809658,0.000071,0.189988
AAATCTAGCCCTGCTA-1,0.000042,0.101863,0.832721,0.029145,0.027097,0.009132
AAATCTGCCCGCGTCC-1,0.000044,0.576002,0.398932,0.016112,0.008866,0.000044
AAATGACTGATCAAAC-1,0.000023,0.29608,0.6446,0.051702,0.000063,0.007532
AAATGATTCGATCAGC-1,0.000062,0.344834,0.276347,0.000187,0.015313,0.363256
AAATGCTCGTTACGTT-1,0.000076,0.000077,0.000153,0.817885,0.000077,0.181733
AAATGGCATGTCTTGT-1,0.000066,0.000066,0.08772,0.6951,0.000066,0.216982
AAATGGCCCGTGCCCT-1,0.000079,0.039077,0.089067,0.661293,0.210407,0.000079
AAATGGTCAATGTGCC-1,0.000071,0.000071,0.000143,0.595272,0.042956,0.361486
AAATGTATCTTATCCC-1,0.000075,0.046493,0.034977,0.787275,0.127424,0.003757
AAATGTGGGTGCTCCT-1,0.000026,0.000036,0.000052,0.792928,0.092565,0.114392
AAATTAACGGGTAGCT-1,0.000085,0.000085,0.027127,0.429251,0.015697,0.527755
AAATTAATAAGCGCGA-1,0.000052,0.047712,0.000104,0.816633,0.135446,0.000052
AAATTACACGACTCTG-1,0.000042,0.000042,0.055619,0.614385,0.025923,0.303989
AAATTACCTATCGATG-1,0.000073,0.000073,0.076943,0.570515,0.27144,0.080955
AAATTCCAGGTCCAAA-1,0.000037,0.415397,0.377337,0.037276,0.000549,0.169405
AAATTGATAGTCCTTT-1,0.000179,0.000179,0.071692,0.31895,0.335887,0.273112
AAATTGCGGCGGTTCT-1,0.000075,0.000075,0.000151,0.507854,0.097858,0.393987
AAATTGGTGAGAAGCA-1,0.000109,0.841735,0.017499,0.000328,0.140219,0.000109
AAATTTACCGAAATCC-1,0.00005,0.005352,0.018742,0.760229,0.070212,0.145415
AAATTTGCGGGTGTGG-1,0.000117,0.000117,0.000234,0.460664,0.181659,0.357209
AACAACTGGTAGTTGC-1,0.000149,0.005204,0.062046,0.163127,0.437404,0.332071
AACAATACATTGTCGA-1,0.000095,0.000095,0.042446,0.429139,0.528131,0.000095
AACAATTACTCTACGC-1,0.000136,0.000136,0.000273,0.398039,0.124843,0.476572
AACACACGCTCGCCGC-1,0.000063,0.000063,0.079898,0.298064,0.190198,0.431713
AACACGACTGTACTGA-1,0.000092,0.000092,0.022102,0.103145,0.085092,0.789476
AACACGAGACGCGGCC-1,0.00017,0.00017,0.063849,0.506454,0.429188,0.00017
AACACGCGGCCGCGAA-1,0.00008,0.149242,0.00016,0.158315,0.58848,0.103723
AACAGCTGTGTGGCAA-1,0.000196,0.000196,0.183717,0.181503,0.634193,0.000196
AACAGGAAATCGAATA-1,0.000044,0.000044,0.007159,0.776694,0.000044,0.216016
AACAGGATGGGCCGCG-1,0.000154,0.000154,0.080005,0.460329,0.282397,0.176961
AACAGGTAGTATGGAT-1,0.000033,0.007811,0.761743,0.20238,0.000033,0.027999
AACATAGCGTGTATCG-1,0.000041,0.336513,0.615726,0.043446,0.000489,0.003786
AACATATCAACTGGTG-1,0.000051,0.029194,0.164197,0.432598,0.175071,0.198889
AACATCGATACGTCTA-1,0.000062,0.228441,0.562139,0.000185,0.000062,0.209112
AACATTGAAGTTGATC-1,0.000055,0.025082,0.954176,0.020576,0.000055,0.000055
AACATTGGTCAGCCGT-1,0.000102,0.021762,0.02346,0.307753,0.260816,0.386107
AACATTGTGACTCGAG-1,0.000122,0.000122,0.030322,0.570329,0.357352,0.041753
AACCAAGACTTCTCTG-1,0.00006,0.00006,0.000119,0.97785,0.00006,0.021852
AACCAGTATCACTCTT-1,0.000054,0.035194,0.083211,0.735993,0.145492,0.000056
AACCATAGGGTTGAAC-1,0.000082,0.199825,0.734579,0.06535,0.000082,0.000082
AACCATGGGATCGCTA-1,0.000109,0.062086,0.000218,0.778227,0.060799,0.098561
AACCCAGAGACGGAGA-1,0.000245,0.000245,0.11724,0.241309,0.427376,0.213584
AACCCATCCCATGATC-1,0.000052,0.000052,0.946955,0.052836,0.000052,0.000052
AACCCGACAACCCGTG-1,0.000052,0.013989,0.370825,0.200537,0.13318,0.281417
AACCCGAGCAGAATCG-1,0.000031,0.112209,0.887604,0.000094,0.000031,0.000031
AACCCGATAGGGCTTC-1,0.000057,0.938356,0.002849,0.000171,0.05851,0.000057
AACCCGCTGTATTCCA-1,0.000051,0.438228,0.428958,0.093241,0.039471,0.000051
AACCCTACTGTCAATA-1,0.000082,0.000082,0.159694,0.530879,0.301739,0.007524
AACCCTGGTGGAACCA-1,0.000081,0.014902,0.000161,0.370459,0.342789,0.271608
AACCGAGCTTGGTCAT-1,0.000054,0.000054,0.000108,0.582951,0.066925,0.349908
AACCGCTAAGGGATGC-1,0.000032,0.000032,0.019427,0.785261,0.000189,0.19506
AACCGTTGTGTTTGCT-1,0.000083,0.000083,0.000167,0.820016,0.094063,0.085587
AACCTAAAGCCGTCCG-1,0.00002,0.027668,0.012909,0.950782,0.008602,0.00002
AACCTCGCTTTAGCCC-1,0.000047,0.000047,0.062243,0.759299,0.084854,0.093508
AACCTGTCACGGAATT-1,0.000039,0.332065,0.550298,0.089067,0.000039,0.028493
AACCTTTAAATACGGT-1,0.000211,0.000211,0.000423,0.540203,0.45874,0.000211
AACCTTTACGACGTCT-1,0.000019,0.000019,0.000037,0.998851,0.000019,0.001056
AACGAAAGTCGTCCCA-1,0.000027,0.000028,0.937981,0.061574,0.000028,0.000362
AACGACCTCCTAGCCG-1,0.000038,0.453328,0.546441,0.000115,0.000038,0.000038
AACGATAATGCCGTAG-1,0.000086,0.000086,0.000173,0.782035,0.076189,0.141431
AACGATAGAAGGGCCG-1,0.00007,0.00007,0.008556,0.446819,0.026967,0.517518
AACGATATGTCAACTG-1,0.000095,0.000095,0.00019,0.497003,0.148855,0.353762
AACGCATGATCTGGGT-1,0.000095,0.000095,0.353052,0.209111,0.154383,0.283265
AACGCGAACGGCAACA-1,0.000082,0.000082,0.000164,0.528858,0.078341,0.392472
AACGCGACCTTGGGCG-1,0.000052,0.000052,0.04927,0.806456,0.032969,0.111201
AACGCGGTCTCCAGCC-1,0.000043,0.000043,0.00442,0.843752,0.000043,0.1517
AACGCTGTTGCTGAAA-1,0.000092,0.000092,0.541984,0.289114,0.129402,0.039315
AACGGACGTACGTATA-1,0.000051,0.000051,0.171979,0.569597,0.105273,0.153049
AACGGCCATCTCCGGT-1,0.00009,0.00009,0.048376,0.533952,0.186336,0.231156
AACGTACTGTGGGTAC-1,0.000084,0.000085,0.000169,0.713029,0.039262,0.247371
AACGTAGTCTACCCAT-1,0.000035,0.084404,0.077004,0.342148,0.170229,0.32618
AACGTCAGACTAGTGG-1,0.000239,0.00024,0.000479,0.345512,0.280168,0.373362
AACGTCATCCGGCTTG-1,0.000026,0.250283,0.729772,0.016371,0.003522,0.000026
AACGTCGCTGCACTTC-1,0.000046,0.332436,0.61397,0.023093,0.000046,0.030411
AACGTGATGAAGGACA-1,0.000037,0.000037,0.018884,0.886288,0.000037,0.094717
AACGTGCGAAAGTCTC-1,0.000068,0.002431,0.000137,0.766466,0.210875,0.020023
AACGTTATCAGCACCT-1,0.000076,0.000076,0.067686,0.646376,0.000076,0.28571
AACGTTCTACCATTGT-1,0.000033,0.411826,0.442438,0.000099,0.000033,0.145571
AACTACCCGTTTGTCA-1,0.000043,0.509911,0.405626,0.018309,0.008568,0.057543
AACTAGCGTATCGCAC-1,0.000103,0.07705,0.000207,0.006121,0.461039,0.45548
AACTAGGCTTGGGTGT-1,0.000354,0.000354,0.000708,0.509443,0.488787,0.000354
AACTCAAGTTAATTGC-1,0.000162,0.000162,0.000324,0.041405,0.479072,0.478874
AACTCCAGAGCGTGTT-1,0.000082,0.000082,0.76256,0.094164,0.011859,0.131253
AACTCCTAATCCCATG-1,0.000061,0.013128,0.17373,0.256224,0.415114,0.141743
AACTCGATAAACACGT-1,0.000032,0.000032,0.000063,0.715835,0.000032,0.284007
AACTCGATGGCGCAGT-1,0.000044,0.000044,0.000087,0.934051,0.000044,0.065731
AACTCTCAATAGAGCG-1,0.000044,0.000044,0.015247,0.983457,0.001164,0.000044
AACTCTCAGTGTGCTC-1,0.000067,0.000067,0.000134,0.999599,0.000067,0.000067
AACTGAGGTCAGCGTC-1,0.000086,0.311434,0.118648,0.328472,0.241274,0.000086
AACTGAGTTATACTGA-1,0.000052,0.662294,0.180228,0.157321,0.000052,0.000052
AACTGATATTAGGCCT-1,0.000084,0.000085,0.000169,0.446481,0.000085,0.553097
AACTGGGTCCCGACGT-1,0.000072,0.000072,0.000143,0.362936,0.013639,0.623139
AACTGGGTTCGAGCCG-1,0.000178,0.000178,0.000356,0.324595,0.477345,0.197348
AACTGGTGTGGGCCTT-1,0.000153,0.000153,0.000305,0.008551,0.438013,0.552825
AACTTCTGCGTCTATC-1,0.000053,0.000053,0.055615,0.819416,0.000053,0.124811
AACTTGCCCGTATGCA-1,0.000144,0.000144,0.000288,0.758738,0.093642,0.147043
AACTTGCGTTCTCGCG-1,0.000092,0.000092,0.000184,0.730136,0.000092,0.269403
AACTTTACGGGAGCTT-1,0.00019,0.00019,0.139704,0.358776,0.500949,0.00019
AACTTTAGCTGCTGAG-1,0.000117,0.103794,0.000234,0.000351,0.28017,0.615335
AACTTTCTCGATCATG-1,0.000055,0.827239,0.172433,0.000164,0.000055,0.000055
AAGAAAGTTTGATGGG-1,0.000034,0.225757,0.771616,0.002525,0.000034,0.000034
AAGAAATCACCAGATT-1,0.00002,0.207739,0.736503,0.054498,0.00002,0.001221
AAGAAGGATCAGTTAG-1,0.000056,0.000056,0.023546,0.768049,0.011063,0.197231
AAGACATACGTGGTTT-1,0.000034,0.294252,0.705544,0.000102,0.000034,0.000034
AAGACCAAATAACTCA-1,0.000055,0.145384,0.79358,0.000812,0.029174,0.030995
AAGACCCAACTGAACA-1,0.00009,0.00009,0.04889,0.401903,0.548936,0.00009
AAGACTAACCCGTTGT-1,0.000034,0.021306,0.080052,0.831539,0.028356,0.038712
AAGACTCACGCCCACT-1,0.000018,0.000018,0.000036,0.999891,0.000018,0.000018
AAGACTGCAAGCTACT-1,0.000091,0.000091,0.02943,0.850843,0.080884,0.038661
AAGAGATGAATCGGTA-1,0.000106,0.000106,0.048106,0.461219,0.000106,0.490357
AAGAGCTCTTTATCGG-1,0.000035,0.000035,0.00007,0.943861,0.000035,0.055963
AAGAGGATGTACGCGA-1,0.000149,0.000149,0.035886,0.653989,0.200003,0.109825
AAGAGGCATGGATCGC-1,0.000099,0.000099,0.000198,0.761287,0.147319,0.090998
AAGAGGCCCTTTGGAA-1,0.00006,0.317984,0.631643,0.050193,0.00006,0.00006
AAGATGGCACCGGACC-1,0.000035,0.028293,0.00007,0.876852,0.081282,0.013468
AAGATTGGCGGAACGT-1,0.000033,0.000033,0.000065,0.928538,0.003428,0.067904
AAGCACCCTGCGTATC-1,0.000042,0.000042,0.025702,0.896238,0.059598,0.018378
AAGCATACTCTCCTGA-1,0.00006,0.00006,0.092351,0.791305,0.032643,0.083582
AAGCCACTTGCAGGTA-1,0.000056,0.372059,0.58777,0.040003,0.000056,0.000056
AAGCCGAAGCGGTTTA-1,0.000094,0.01001,0.85444,0.000282,0.026535,0.108638
AAGCCGCCGTGAAATC-1,0.000036,0.000036,0.981086,0.006993,0.000036,0.011814
AAGCCGCTTTACCTTG-1,0.000035,0.474145,0.350561,0.158332,0.000035,0.016892
AAGCCGGAGAGCAGGA-1,0.000029,0.239877,0.734397,0.024723,0.000029,0.000944
AAGCGCAGGGCTTTGA-1,0.000039,0.000039,0.091699,0.765406,0.035288,0.107529
AAGCGGAGTGCGCGCA-1,0.000061,0.810768,0.092615,0.000185,0.096309,0.000061
AAGCGGCGTCATGGGT-1,0.000056,0.013445,0.000112,0.724365,0.219166,0.042855
AAGCGTCCCTCATCGA-1,0.00008,0.00008,0.091428,0.670928,0.146908,0.090576
AAGCTAGATCGAGTAA-1,0.000035,0.000035,0.00007,0.99979,0.000035,0.000035
AAGCTATGGATTGACC-1,0.000025,0.131459,0.868394,0.000074,0.000025,0.000025
AAGCTCGTGCCAAGTC-1,0.000076,0.000076,0.046949,0.307654,0.000076,0.64517
AAGCTCTTTCATGGTG-1,0.000064,0.000064,0.176847,0.397814,0.091827,0.333384
AAGGAGAACTTATAAG-1,0.000067,0.000067,0.000135,0.534161,0.0135,0.45207
AAGGAGCGGTTGGTGC-1,0.00013,0.00013,0.000261,0.268233,0.143063,0.588182
AAGGATCGATCGCTTG-1,0.000037,0.01665,0.955936,0.027301,0.000037,0.000037
AAGGATGAGGGACCTC-1,0.000046,0.000047,0.000093,0.88528,0.01617,0.098364
AAGGCAGGCTGTCTCC-1,0.000034,0.386639,0.609663,0.000101,0.003529,0.000034
AAGGCGCGTAAAGCTT-1,0.000114,0.000114,0.124887,0.000342,0.219108,0.655435
AAGGCTGTGCTCATCG-1,0.000084,0.000084,0.1556,0.163424,0.04938,0.631427
AAGGGAACGACTGGCT-1,0.000053,0.117132,0.77291,0.065542,0.044311,0.000053
AAGGGACAGATTCTGT-1,0.000083,0.000083,0.020975,0.771168,0.183368,0.024322
AAGGGACTATGCATTC-1,0.000075,0.000076,0.75744,0.068415,0.078347,0.095646
AAGGGTTAGCCATGCG-1,0.000039,0.876865,0.07858,0.000116,0.008065,0.036336
AAGGGTTTGATTTCAG-1,0.000041,0.000041,0.862151,0.137684,0.000041,0.000041
AAGGTATCCTAATATA-1,0.000076,0.000076,0.000151,0.60716,0.02547,0.367067
AAGGTGATAAACCAGC-1,0.000034,0.000034,0.035914,0.891864,0.000034,0.07212
AAGTAAGCTTCCAAAC-1,0.000059,0.000059,0.000119,0.000178,0.512207,0.487378
AAGTAGAAGACCGGGT-1,0.000079,0.000079,0.000157,0.406154,0.000079,0.593453
AAGTAGTGACGCGAGG-1,0.000068,0.000068,0.000136,0.577965,0.000068,0.421695
AAGTCAATTGTCGTCA-1,0.000075,0.109083,0.530319,0.107543,0.186171,0.066809
AAGTCTAGTAGCTGCC-1,0.000042,0.860313,0.017449,0.000126,0.021796,0.100274
AAGTCTTCTGTGGCCT-1,0.000086,0.105356,0.391742,0.022749,0.234912,0.245155
AAGTGACGACCGAATT-1,0.00011,0.000111,0.037179,0.610685,0.202018,0.149896
AAGTGAGTCGGGTTTA-1,0.000067,0.000067,0.034176,0.7147,0.078167,0.172823
AAGTGCAAAGGTAGAC-1,0.000082,0.000082,0.017744,0.870767,0.000082,0.111244
AAGTGCCTTGACTGTA-1,0.000066,0.069533,0.824756,0.09333,0.000066,0.012249
AAGTGCGTTAGAATCT-1,0.000106,0.000133,0.050052,0.669039,0.280564,0.000106
AAGTGCTTCTCTATTG-1,0.000069,0.126357,0.689212,0.066952,0.116197,0.001212
AAGTGTTTGGAGACGG-1,0.000207,0.000207,0.055278,0.258167,0.685932,0.000207
AAGTTCACTCCAAGCT-1,0.000111,0.000111,0.077201,0.771663,0.150802,0.000111
AAGTTCAGTCTGCGTA-1,0.000041,0.003856,0.351251,0.334285,0.076668,0.233899
AAGTTCGGCCAACAGG-1,0.000085,0.025417,0.028409,0.773876,0.099056,0.073157
AAGTTGTGATGTTATA-1,0.000106,0.686329,0.284983,0.000318,0.028159,0.000106
AAGTTTACTAATGGCA-1,0.000088,0.000088,0.000176,0.564667,0.008244,0.426737
AAGTTTATGGGCCCAA-1,0.000117,0.000117,0.065213,0.479384,0.454991,0.000179
AATAACAACGCTCGGC-1,0.000071,0.000071,0.000142,0.649662,0.068441,0.281614
AATAACACTAGAACAA-1,0.000259,0.001448,0.047162,0.389228,0.561643,0.000259
AATAACGTCGCGCCCA-1,0.000013,0.236415,0.546986,0.21656,0.000013,0.000013
AATAAGTCCTCGAGAC-1,0.000042,0.002836,0.005985,0.902623,0.008677,0.079838
AATAATCTTCGTATCG-1,0.000043,0.81165,0.188093,0.000129,0.000043,0.000043
AATACAATGTTTCAGG-1,0.000096,0.000096,0.00685,0.446523,0.026158,0.520276
AATACCGGAGGGCTGT-1,0.000041,0.000041,0.827361,0.016521,0.090155,0.06588
AATACCTGATGTGAAC-1,0.000044,0.203388,0.781162,0.000133,0.000044,0.015228
AATAGAACAGAGTGGC-1,0.000053,0.000053,0.000107,0.844662,0.004419,0.150705
AATAGAATCTGTTTCA-1,0.000083,0.000083,0.007416,0.789327,0.203009,0.000083
AATAGCAAGCCTCCTG-1,0.000126,0.496058,0.028748,0.154787,0.320154,0.000126
AATAGCTACCGCGTGC-1,0.000046,0.297919,0.474405,0.00014,0.025406,0.202084
AATAGGCACGACCCTT-1,0.00003,0.290923,0.661732,0.047257,0.00003,0.00003
AATAGTCCGTCCCGAC-1,0.000162,0.000162,0.010885,0.742376,0.211931,0.034484
AATAGTCGCGAGTCGG-1,0.000116,0.000116,0.147685,0.540245,0.303366,0.008473
AATATCAAGGTCGGAT-1,0.000169,0.046973,0.048844,0.405462,0.464059,0.034493
AATATCCTAGCAAACT-1,0.000036,0.010864,0.867873,0.022954,0.008724,0.08955
AATATCGAATCAATGC-1,0.000059,0.155696,0.795844,0.048284,0.000059,0.000059
AATATCGAGGGTTCTC-1,0.00007,0.004343,0.125329,0.689565,0.100024,0.080668
AATATTGGAGTATTGA-1,0.000175,0.000175,0.110027,0.568188,0.243238,0.078197
AATCAGACTGCAGGAC-1,0.00009,0.00009,0.000179,0.300801,0.240221,0.458619
AATCAGGTTTCATTTA-1,0.000056,0.060586,0.928672,0.000169,0.01046,0.000056
AATCATGTAAAGACTC-1,0.000066,0.016701,0.773819,0.055532,0.104988,0.048894
AATCCAAGGGCCTGAG-1,0.00012,0.00012,0.00024,0.000361,0.132984,0.866175
AATCCATGCAAGGGTG-1,0.000054,0.000054,0.000107,0.846774,0.020618,0.132394
AATCCCGCTCAGAGCC-1,0.000039,0.370126,0.534959,0.08343,0.001986,0.00946
AATCGAGGTCTCAAGG-1,0.000033,0.531189,0.438498,0.030214,0.000033,0.000033
AATCGCCTCAGCGCCA-1,0.000146,0.021358,0.000292,0.579939,0.398119,0.000146
AATCGCGCAGAGGACT-1,0.000044,0.288899,0.678426,0.010634,0.021952,0.000044
AATCGGGACACTACGA-1,0.000084,0.000084,0.000168,0.552272,0.027418,0.419974
AATCGGTATAGCCCTC-1,0.000039,0.139729,0.714178,0.000116,0.000039,0.1459
AATCGTGAGCCGAGCA-1,0.000053,0.008063,0.706747,0.086768,0.071034,0.127335
AATCTAGGTTTACTTG-1,0.0001,0.088716,0.427801,0.068174,0.182846,0.232362
AATCTATGCCGGAGCC-1,0.000056,0.146958,0.647418,0.048363,0.016329,0.140876
AATCTCTACTGTGGTT-1,0.000181,0.000181,0.135602,0.479565,0.384289,0.000181
AATCTGCGTTGGGACG-1,0.000023,0.000023,0.000045,0.999865,0.000023,0.000023
AATCTGGCTTTCTAGT-1,0.000084,0.157122,0.21553,0.174292,0.191246,0.261727
AATCTGGGTAGACCCT-1,0.000091,0.088399,0.144941,0.368227,0.398251,0.000091
AATGACAGCAATGTCT-1,0.000134,0.000134,0.019525,0.686164,0.29391,0.000134
AATGACGTAGGATGTC-1,0.000179,0.000179,0.000359,0.674124,0.324979,0.000179
AATGACTGTCAGCCGG-1,0.000122,0.000122,0.000243,0.077483,0.172541,0.74949
AATGAGTTCGCATATG-1,0.000109,0.000109,0.000219,0.702453,0.084893,0.212216
AATGATGATACGCTAT-1,0.000032,0.000032,0.056721,0.760221,0.000032,0.182961
AATGATGCGACTCCTG-1,0.000132,0.000132,0.3371,0.213407,0.276522,0.172707
AATGCAACCGGGTACC-1,0.000058,0.000058,0.064598,0.591398,0.010605,0.333282
AATGCACCAAGCAATG-1,0.000128,0.000129,0.000257,0.591134,0.408223,0.000129
AATGGCCGCCAATGCG-1,0.000086,0.661722,0.154349,0.000259,0.181666,0.001918
AATGGTCCACCGTTCA-1,0.000165,0.000165,0.000331,0.687611,0.200395,0.111332
AATGGTTCTCACAAGC-1,0.000101,0.000101,0.000203,0.258954,0.000101,0.740539
AATGTATGGCACTGTA-1,0.000056,0.212196,0.707518,0.075818,0.004355,0.000056
AATGTGCCCGAGGTGT-1,0.000097,0.000097,0.143306,0.674036,0.182367,0.000097
AATGTGCTAATCTGAG-1,0.00006,0.08712,0.821679,0.072143,0.00006,0.018938
AATGTTAAGACCCTGA-1,0.000039,0.314569,0.635564,0.034831,0.000039,0.014958
AATGTTGTCGTGAGAC-1,0.000059,0.444313,0.555331,0.000178,0.000059,0.000059
AATTAAAGGTCGGCGT-1,0.000105,0.000105,0.00021,0.242727,0.149311,0.607542
AATTAACGGATTTCCA-1,0.000053,0.000053,0.065979,0.796565,0.060868,0.076481
AATTACGAGACCCATC-1,0.000041,0.15506,0.830668,0.014148,0.000041,0.000041
AATTACTCGTACGCTC-1,0.000097,0.000097,0.045183,0.58499,0.000627,0.369006
AATTAGCGCTGCAGCG-1,0.000117,0.064976,0.000235,0.586361,0.348193,0.000117
AATTATACCCAGCAAG-1,0.000051,0.320539,0.630272,0.032227,0.000051,0.01686
AATTCATAAGGGATCT-1,0.000027,0.000027,0.013334,0.773422,0.000027,0.213162
AATTCATTGTCATGCA-1,0.000047,0.017965,0.98175,0.000142,0.000047,0.000047
AATTCCAACTTGGTGA-1,0.000031,0.000031,0.036906,0.692174,0.000031,0.270827
AATTCCAAGCATGTAC-1,0.000093,0.031176,0.000187,0.637431,0.330347,0.000766
AATTCGATTCGAGGAT-1,0.000068,0.000068,0.149646,0.335668,0.12124,0.39331
AATTCTAGAGTTAGGC-1,0.000142,0.000142,0.000284,0.805776,0.193513,0.000142
AATTGAACGCTCTGGT-1,0.000142,0.000142,0.049039,0.558534,0.365986,0.026158
AATTGCAGCAATCGAC-1,0.000059,0.238071,0.665833,0.006937,0.000059,0.089039
AATTGCGTGGATTACA-1,0.00007,0.069006,0.902078,0.028706,0.00007,0.00007
AATTGTGGTTGCCAAA-1,0.000027,0.427651,0.480482,0.00008,0.000027,0.091733
AATTTGGGACATAGTA-1,0.000082,0.000083,0.015686,0.85272,0.049958,0.081471
AATTTGGTTCCAAAGA-1,0.000085,0.000085,0.019921,0.467404,0.000085,0.51242
ACAAACCATGCGTCCT-1,0.000039,0.146962,0.800876,0.048942,0.000039,0.003141
ACAAACCGACAAGGCG-1,0.000043,0.000043,0.093658,0.650197,0.03416,0.221898
ACAAACTCCATCAGAG-1,0.000031,0.202376,0.761703,0.031925,0.000031,0.003933
ACAAAGAAGGTAGGCC-1,0.00004,0.088466,0.735828,0.033138,0.077506,0.065022
ACAAAGCATGACCTAG-1,0.000035,0.027173,0.879878,0.004595,0.070799,0.01752
ACAAATCGCACCGAAT-1,0.000082,0.000082,0.101177,0.745686,0.152892,0.000082
ACAAATGGTAGTGTTT-1,0.000086,0.000086,0.018092,0.733547,0.067779,0.18041
ACAAATTCAGATCTGA-1,0.000055,0.38551,0.099985,0.204273,0.310121,0.000055
ACAACAGCATGAGCTA-1,0.000058,0.000058,0.000117,0.760485,0.010648,0.228633
ACAACGGTCCCTGCGA-1,0.000075,0.000075,0.012664,0.546352,0.000888,0.439946
ACAAGCAGTGCCTAGC-1,0.000067,0.000067,0.000134,0.903634,0.008803,0.087296
ACAAGCTATATGGAAG-1,0.00004,0.00004,0.520841,0.271848,0.105612,0.101618
ACAAGGAAATCCGCCC-1,0.000066,0.000066,0.066661,0.748221,0.021075,0.16391
ACAAGGACAAGAGGTT-1,0.000081,0.043829,0.000163,0.000244,0.134255,0.821428
ACAAGGATGCTTTAGG-1,0.000047,0.000047,0.474182,0.357227,0.147672,0.020825
ACAAGGCCTACCAGCC-1,0.000086,0.039546,0.07711,0.441761,0.4316,0.009896
ACAAGGGCAGGCTCTG-1,0.000082,0.000082,0.000164,0.752619,0.082831,0.164223
ACAAGTAATTGTAAGG-1,0.000053,0.458609,0.502063,0.039168,0.000053,0.000053
ACAATAGTCGTACGTT-1,0.000078,0.000079,0.027569,0.954326,0.000079,0.017869
ACAATCCATTTAAACC-1,0.00008,0.00008,0.000161,0.704053,0.096503,0.199122
ACAATCGATCTTTATA-1,0.000091,0.081053,0.000182,0.522632,0.39595,0.000091
ACAATGAATACGGAGA-1,0.00009,0.00009,0.000179,0.706888,0.292664,0.00009
ACAATGATTCTTCTAC-1,0.00006,0.747242,0.009001,0.096418,0.14722,0.00006
ACAATTGTGTCTCTTT-1,0.000095,0.045318,0.384209,0.065434,0.244079,0.260866
ACAATTTAGGAGGCTC-1,0.00019,0.00019,0.046947,0.484617,0.467866,0.00019
ACAATTTGAGCAGTGG-1,0.00011,0.000111,0.02594,0.86207,0.111659,0.000111
ACAATTTGGCCATATT-1,0.000058,0.75078,0.221353,0.000174,0.000058,0.027577
ACACAAAGACGGGTGG-1,0.000091,0.000091,0.000182,0.834129,0.101029,0.064478
ACACAAATATTCCTAG-1,0.000055,0.870591,0.061874,0.000165,0.067259,0.000055
ACACACCAGGACCAGT-1,0.000032,0.000032,0.028804,0.889788,0.000032,0.08131
ACACACTTTCTACACG-1,0.000081,0.000081,0.013243,0.745629,0.001071,0.239896
ACACATGATCAAATCT-1,0.000034,0.111781,0.883448,0.004669,0.000034,0.000034
ACACATTGACGCAACA-1,0.000074,0.000074,0.000149,0.817847,0.085629,0.096227
ACACATTTCCGTAGAC-1,0.000055,0.091251,0.590372,0.279207,0.000055,0.03906
ACACCACATAATTAGC-1,0.000048,0.486254,0.473325,0.000144,0.000048,0.04018
ACACCCAGCATGCAGC-1,0.000176,0.000177,0.000353,0.472113,0.184164,0.343016
ACACCCGAGAAATCCG-1,0.000131,0.015085,0.000262,0.000393,0.686171,0.297959
ACACCCGTAAATCTGT-1,0.000032,0.432337,0.400316,0.097806,0.012594,0.056914
ACACCGAGCGCTCTTT-1,0.000046,0.000046,0.107004,0.770597,0.000046,0.122259
ACACCGGTCTGACCGC-1,0.000065,0.249625,0.718089,0.025944,0.006213,0.000065
ACACCTTAAGTAGGGC-1,0.000158,0.000158,0.090465,0.000473,0.19165,0.717096
ACACCTTACTACTTGC-1,0.000057,0.316614,0.590859,0.037849,0.043504,0.011117
ACACGAGACTCCTTCT-1,0.000065,0.000065,0.000131,0.906401,0.000065,0.093273
ACACGGCACTATGCAT-1,0.00005,0.00005,0.0001,0.902881,0.00005,0.09687
ACACGGGAACTTAGGG-1,0.000087,0.000087,0.02153,0.600207,0.000087,0.378001
ACACGTAGGCCACAAG-1,0.000049,0.195712,0.580449,0.216112,0.000049,0.007628
ACACTCCAATGTCACT-1,0.000068,0.000068,0.035752,0.855642,0.000068,0.108402
ACACTGATCAAGGTGT-1,0.00013,0.00013,0.000261,0.342393,0.05794,0.599145
ACACTGGGACAGTCGT-1,0.000039,0.312076,0.68769,0.000117,0.000039,0.000039
ACAGAACTGAGAACAA-1,0.000128,0.000128,0.112469,0.431794,0.455355,0.000128
ACAGATTAGGTTAGTG-1,0.000112,0.000112,0.000224,0.494563,0.000112,0.504876
ACAGCATAGAGCCAGT-1,0.000088,0.000088,0.000177,0.839201,0.000088,0.160357
ACAGCGACATTCTCAT-1,0.000093,0.028,0.788986,0.000279,0.089667,0.092974
ACAGCGCACCCGCAGC-1,0.000101,0.000101,0.000201,0.746582,0.079255,0.173761
ACAGGAGGCGCAGCCG-1,0.000037,0.017945,0.003666,0.905226,0.040862,0.032263
ACAGGCACGGATCCTT-1,0.000068,0.183885,0.773056,0.000205,0.000068,0.042717
ACAGGCTTGCCCGACT-1,0.000033,0.000033,0.000066,0.905711,0.063259,0.030898
ACAGGTGGAGGTGAGG-1,0.000139,0.00014,0.000279,0.380724,0.302204,0.316514
ACAGGTGTGTTGTTGC-1,0.000034,0.003204,0.370858,0.603238,0.004169,0.018497
ACAGTAATACAACTTG-1,0.000036,0.000036,0.073124,0.864084,0.008415,0.054306
ACAGTATACCGTGGGA-1,0.000038,0.264365,0.491038,0.119718,0.000038,0.124803
ACAGTGCAGCGCATTT-1,0.000096,0.548586,0.050811,0.063986,0.336426,0.000096
ACATAAGTCGTGGTGA-1,0.000044,0.065346,0.878839,0.034452,0.003755,0.017565
ACATAATAAGGCGGTG-1,0.000086,0.06626,0.000172,0.178287,0.051426,0.70377
ACATACAATCAAGCGG-1,0.000059,0.458856,0.460309,0.060521,0.002403,0.017852
ACATCAGCTGGGACGC-1,0.000102,0.008757,0.025402,0.806244,0.159392,0.000102
ACATCCCGGCCATACG-1,0.000062,0.000062,0.019645,0.974159,0.000062,0.00601
ACATCCTGGTAACTGT-1,0.000078,0.000444,0.734799,0.000235,0.093077,0.171366
ACATCGATCGTTTACC-1,0.000183,0.011107,0.000366,0.626278,0.232023,0.130043
ACATCGCAATATTCGG-1,0.000024,0.099826,0.90003,0.000072,0.000024,0.000024
ACATCGGTCAGCCGCG-1,0.000116,0.000116,0.009582,0.418134,0.104172,0.46788
ACATCGTATGCAATGG-1,0.000191,0.000191,0.021092,0.603018,0.375315,0.000191
ACATCGTTAACCTAGT-1,0.000081,0.000081,0.000163,0.662302,0.014068,0.323303
ACATCTCAACGCGTAA-1,0.000044,0.017954,0.000088,0.519235,0.197178,0.2655
ACATGCTTACGGCAGC-1,0.000059,0.362012,0.590137,0.034076,0.000059,0.013657
ACATGGCGCCAAAGTA-1,0.000102,0.300947,0.193567,0.242037,0.263245,0.000102
ACATGGCTCAATTTAG-1,0.000054,0.000054,0.029961,0.940233,0.000054,0.029643
ACATTAGTTTATATCC-1,0.000137,0.000137,0.000275,0.762372,0.199878,0.0372
ACATTCGCGCGGAATA-1,0.000044,0.005286,0.938864,0.000131,0.000044,0.055632
ACATTTGAAACCTAAC-1,0.000031,0.512247,0.400734,0.000095,0.001229,0.085664
ACCAAACACCCAGCGA-1,0.000029,0.370748,0.370957,0.088787,0.004574,0.164904
ACCAAACTAGAAATCC-1,0.00002,0.00002,0.00004,0.918732,0.001014,0.080173
ACCAACACCACACACT-1,0.000049,0.024767,0.763431,0.046559,0.003713,0.161482
ACCAACCGCACTCCAC-1,0.000048,0.233182,0.671285,0.010454,0.000048,0.084983
ACCAACGCTTATTTAT-1,0.000143,0.000143,0.000287,0.653896,0.196516,0.149015
ACCAAGAACGCGTGTC-1,0.000104,0.000104,0.000208,0.102451,0.179453,0.71768
ACCAAGTCATCGGCAG-1,0.000058,0.593459,0.382163,0.008088,0.000058,0.016174
ACCAATATGCAAGTTA-1,0.000182,0.006279,0.043139,0.304399,0.503086,0.142915
ACCACAACTCAGAACA-1,0.000039,0.030902,0.029345,0.922976,0.01531,0.001428
ACCACAAGTTTCTATC-1,0.000064,0.000064,0.000128,0.622052,0.025722,0.351969
ACCACACGGTTGATGG-1,0.000049,0.220428,0.729624,0.046586,0.002202,0.001111
ACCACCAATGTAACAA-1,0.000033,0.063097,0.609286,0.273632,0.000033,0.053918
ACCACCCTCTCTTCTA-1,0.000021,0.412876,0.41379,0.173272,0.000021,0.000021
ACCACGTGCAGCTATA-1,0.000083,0.000083,0.029501,0.970166,0.000083,0.000083
ACCACTGTTCAAGAAG-1,0.000062,0.000062,0.022952,0.747555,0.042986,0.186383
ACCAGACCATAACAAC-1,0.000028,0.023482,0.126584,0.730365,0.118391,0.00115
ACCAGCCCGGTCTTTG-1,0.000054,0.143091,0.025116,0.546822,0.144353,0.140564
ACCAGGAGTGTGATCT-1,0.000108,0.000108,0.000216,0.360635,0.172646,0.466288
ACCAGTGCCCGGTCAA-1,0.000136,0.000136,0.113283,0.334438,0.393132,0.158874
ACCAGTGCGGGAGACG-1,0.000048,0.000048,0.124463,0.733697,0.014242,0.127502
ACCATATCCGCAATAA-1,0.000042,0.000042,0.000084,0.545581,0.003232,0.45102
ACCATCCGCCAACTAG-1,0.000049,0.000049,0.037166,0.962637,0.000049,0.000049
ACCATCGTATATGGTA-1,0.000101,0.000101,0.000203,0.075179,0.090195,0.834221
ACCATTAAGGGTGTCA-1,0.000043,0.000043,0.000086,0.97841,0.000043,0.021375
ACCCAACGCCCGTGGC-1,0.000059,0.000059,0.000118,0.691457,0.010751,0.297555
ACCCACCTACATGCTC-1,0.000063,0.000063,0.000125,0.703905,0.000063,0.295782
ACCCATCTTGAGGGTA-1,0.000137,0.000137,0.000273,0.067411,0.088769,0.843274
ACCCATTTGTCCCTCT-1,0.000095,0.307666,0.531521,0.000284,0.017618,0.142816
ACCCGAGCGAAATTAC-1,0.000066,0.000066,0.440324,0.250883,0.107339,0.201322
ACCCGATTGGTTCCGA-1,0.000057,0.006805,0.902151,0.031307,0.000057,0.059622
ACCCGGAAACTCCCAG-1,0.000126,0.000126,0.000252,0.439261,0.359858,0.200376
ACCCGGAGCACCACAA-1,0.000039,0.895817,0.044767,0.022531,0.036806,0.000039
ACCCGGATGACGCATC-1,0.000057,0.000057,0.370056,0.469837,0.072071,0.087922
ACCCGGTTACACTTCC-1,0.000155,0.000155,0.00628,0.398654,0.123038,0.471718
ACCCGTAGCAGAGAAT-1,0.000059,0.525084,0.424344,0.04586,0.004594,0.000059
ACCCGTAGTCTAGTTG-1,0.000054,0.770067,0.224149,0.000161,0.005514,0.000054
ACCCGTGTCATCAGTA-1,0.000296,0.000297,0.076714,0.449583,0.472814,0.000296
ACCCTATAGGACTGAG-1,0.000099,0.000099,0.020623,0.172242,0.043324,0.763612
ACCCTATGCCATATCG-1,0.000158,0.008983,0.000317,0.689337,0.301047,0.000158
ACCCTCCCGTCAGGGC-1,0.000045,0.083482,0.850941,0.020196,0.004703,0.040633
ACCCTCCCTTGCTATT-1,0.000096,0.021318,0.095932,0.768511,0.114047,0.000096
ACCCTGGTAACGCCCT-1,0.000033,0.434582,0.334861,0.060184,0.000033,0.170307
ACCCTTCATCTGCGAA-1,0.000099,0.000099,0.0132,0.56687,0.054174,0.365556
ACCCTTGCCTGGGTCG-1,0.000062,0.91858,0.031843,0.000187,0.049265,0.000062
ACCCTTTAGTTCTCCA-1,0.000054,0.000054,0.000109,0.979702,0.010827,0.009253
ACCGAAAGGGCCCTGC-1,0.000091,0.000091,0.010766,0.746732,0.015803,0.226518
ACCGAAGAGTCTGGTT-1,0.000056,0.025402,0.964104,0.010325,0.000056,0.000056
ACCGACACATCTCCCA-1,0.000047,0.000047,0.058087,0.927039,0.014733,0.000047
ACCGACTGAGTCCCAC-1,0.000103,0.058359,0.039632,0.493795,0.020866,0.387245
ACCGAGTCTCCTTATT-1,0.000042,0.14832,0.768286,0.064439,0.000042,0.018871
ACCGATAGGCATAACC-1,0.000031,0.396706,0.395873,0.097277,0.000031,0.110081
ACCGATATTTAATCAT-1,0.00003,0.388695,0.295384,0.311927,0.00003,0.003934
ACCGATGGTAGCATCG-1,0.000055,0.012337,0.022118,0.728411,0.137351,0.099729
ACCGCAATAACTGCCT-1,0.00016,0.00016,0.035396,0.532876,0.431247,0.00016
ACCGCGGTGGAAGTCG-1,0.000069,0.00007,0.964249,0.000209,0.00007,0.035333
ACCGCTAGTCATTGGT-1,0.000051,0.212791,0.720612,0.013649,0.052846,0.000051
ACCGGGCCTTTGTTGA-1,0.000083,0.074884,0.38185,0.116762,0.207991,0.218431
ACCGGTCAGGTACACC-1,0.000045,0.000045,0.965294,0.022457,0.000045,0.012112
ACCGGTCTGAGTACGG-1,0.000075,0.042555,0.047174,0.305098,0.411386,0.193712
ACCGTCCACTGGGCCC-1,0.00003,0.055376,0.876932,0.0617,0.000276,0.005686
ACCGTGACCACGTGGG-1,0.000048,0.000048,0.050203,0.504197,0.098457,0.347046
ACCGTTCCCGCTCTGA-1,0.000062,0.000062,0.000124,0.879934,0.000062,0.119755
ACCTAAGTACCTTTCA-1,0.000068,0.000068,0.028149,0.885589,0.000068,0.086059
ACCTAATCGACTTCCT-1,0.000079,0.000079,0.000158,0.756361,0.048709,0.194613
ACCTACAGTATGTGGT-1,0.000049,0.318044,0.141064,0.540745,0.000049,0.000049
ACCTACTATAAATCTA-1,0.000175,0.000175,0.00035,0.515884,0.474625,0.008791
ACCTCAGCGAGGCGCA-1,0.000033,0.3899,0.498276,0.073967,0.011383,0.026441
ACCTCCGCCCTCGCTG-1,0.000071,0.240313,0.696691,0.027034,0.01554,0.020351
ACCTCCGTTATTCACC-1,0.000066,0.352074,0.554826,0.092901,0.000067,0.000067
ACCTCGAACTTATGCT-1,0.000076,0.165344,0.775542,0.05715,0.001812,0.000076
ACCTGCGTGTCATGTT-1,0.00017,0.008863,0.154694,0.446546,0.389557,0.00017
ACCTTTCCTTTAGAAG-1,0.000116,0.071318,0.000232,0.234104,0.405913,0.288317
ACGAAATGGGCGGCAC-1,0.000081,0.000081,0.000163,0.914971,0.060049,0.024654
ACGACCCATGAGTTGC-1,0.000047,0.586127,0.413077,0.000654,0.000047,0.000047
ACGACTCTAGGGCCGA-1,0.000053,0.416275,0.477582,0.044401,0.002236,0.059452
ACGACTGGTCATACTC-1,0.000034,0.010585,0.415544,0.448077,0.095035,0.030725
ACGAGAACCCATCACG-1,0.000114,0.019622,0.000228,0.000341,0.401703,0.577993
ACGAGATATTTGCTTA-1,0.000102,0.019365,0.000204,0.965941,0.000102,0.014286
ACGAGGATACCACTCT-1,0.000059,0.000059,0.047507,0.82951,0.122805,0.000059
ACGAGGTTTACAACGT-1,0.000072,0.028635,0.881495,0.027501,0.000111,0.062186
ACGAGTACGGATGCCC-1,0.000129,0.002367,0.401332,0.162698,0.433345,0.000129
ACGAGTCGCCGGCGTT-1,0.000033,0.031305,0.016828,0.650836,0.008772,0.292227
ACGATACATAGAACTA-1,0.000041,0.000041,0.000082,0.98152,0.000041,0.018277
ACGATACCTATCCTGA-1,0.000058,0.043666,0.213938,0.592499,0.109868,0.03997
ACGATCATACATAGAG-1,0.000095,0.000095,0.00019,0.728248,0.000095,0.271278
ACGATCATCTTGTAAA-1,0.00011,0.052166,0.312939,0.341071,0.241994,0.051721
ACGATGCATATGTTAT-1,0.000186,0.000187,0.000373,0.00056,0.380384,0.61831
ACGATGGATCCGATGC-1,0.000049,0.000049,0.013733,0.791194,0.000049,0.194926
ACGCAAACTAATAGAT-1,0.000079,0.000079,0.046124,0.61183,0.338075,0.003813
ACGCAATCACTACAGC-1,0.000066,0.381195,0.347232,0.011229,0.000066,0.260212
ACGCATAAATGACATG-1,0.000062,0.50533,0.147886,0.155749,0.190912,0.000062
ACGCATACGTTTACTA-1,0.000098,0.087177,0.793805,0.05553,0.020188,0.043202
ACGCATTCGTGAGTAC-1,0.000065,0.000065,0.011968,0.897543,0.000065,0.090294
ACGCCACTCGAAACAG-1,0.000035,0.347143,0.510371,0.100889,0.000035,0.041526
ACGCCAGATGATTTCT-1,0.000113,0.000113,0.000226,0.573164,0.171508,0.254877
ACGCCAGTGCGTTTGC-1,0.00006,0.543149,0.420857,0.017048,0.018826,0.00006
ACGCCCAGCTGTCGAT-1,0.000047,0.000047,0.000094,0.541335,0.000274,0.458203
ACGCCGCTAGACGACC-1,0.000212,0.000212,0.000424,0.510837,0.488104,0.000212
ACGCCTGACACGCGCT-1,0.000044,0.232067,0.116853,0.495793,0.129936,0.025306
ACGCGAAGTCAGACGA-1,0.000073,0.000073,0.000146,0.633571,0.035873,0.330263
ACGCGCTACACAGGGT-1,0.000075,0.000075,0.077897,0.394974,0.09474,0.43224
ACGCGGGCCAAGGACA-1,0.000097,0.000097,0.000194,0.511509,0.247203,0.240901
ACGCGTTTCTTAAGAG-1,0.00008,0.017751,0.121031,0.772949,0.049496,0.038693
ACGCTACTGAATGGGC-1,0.000047,0.858313,0.141407,0.00014,0.000047,0.000047
ACGCTAGTATCAGTGC-1,0.00005,0.464737,0.293302,0.093762,0.063743,0.084406
ACGCTAGTGATACACT-1,0.000104,0.011109,0.196041,0.418027,0.31193,0.062788
ACGCTGTGAGGCGTAG-1,0.000185,0.000185,0.070385,0.597716,0.325857,0.005673
ACGCTTAGTGTCTCTC-1,0.000023,0.017843,0.000046,0.982043,0.000023,0.000023
ACGGAACACGAGTGCC-1,0.000067,0.528178,0.46145,0.01017,0.000067,0.000067
ACGGAATTTAGCAAAT-1,0.000073,0.000073,0.000145,0.584695,0.004345,0.410669
ACGGACGCAGCGACAA-1,0.000056,0.194292,0.781478,0.000168,0.023951,0.000056
ACGGACTCTCAAAGCG-1,0.000056,0.000056,0.041135,0.838081,0.079072,0.041601
ACGGAGCGCAAATTAC-1,0.000061,0.068711,0.503058,0.07536,0.205028,0.147782
ACGGATGGTGCGGATA-1,0.000073,0.020324,0.000147,0.774712,0.20467,0.000073
ACGGCACTTGCTTGGG-1,0.000101,0.000101,0.000201,0.499015,0.143374,0.357209
ACGGCCAACATGGACT-1,0.000261,0.04594,0.000523,0.448599,0.504415,0.000262
ACGGCGACGATGGGAA-1,0.000163,0.000163,0.000326,0.701641,0.297544,0.000163
ACGGCGGGTTGCCCTG-1,0.000111,0.000111,0.000222,0.132764,0.577157,0.289635
ACGGCTGGATGTAGAA-1,0.000029,0.000029,0.988868,0.010442,0.000029,0.000601
ACGGGAGTGTCGGCCC-1,0.000114,0.000115,0.073568,0.862699,0.06339,0.000115
ACGGGCGTATGCGACA-1,0.000039,0.290385,0.69913,0.000116,0.010291,0.000039
ACGGGTCATGTGACTT-1,0.000081,0.000081,0.006495,0.530161,0.000081,0.4631
ACGGGTTGTGACCTGT-1,0.000042,0.158106,0.841644,0.000125,0.000042,0.000042
ACGGTACAGTTCAATG-1,0.000055,0.292888,0.706783,0.000165,0.000055,0.000055
ACGGTCACCGAGAACA-1,0.000046,0.030744,0.953106,0.016013,0.000046,0.000046
ACGTACAGATTTCTCT-1,0.000065,0.000065,0.000129,0.931597,0.000065,0.068079
ACGTACTTTGGCACGG-1,0.000067,0.068171,0.881747,0.000202,0.049745,0.000067
ACGTAGATTGCTGATG-1,0.000102,0.000102,0.038942,0.677731,0.000102,0.28302
ACGTAGGAGAGTCGCT-1,0.000092,0.063561,0.312853,0.079737,0.481104,0.062652
ACGTATTACTCCGATC-1,0.00009,0.00009,0.147728,0.363499,0.169789,0.318804
ACGTCCTAAACGAGAT-1,0.000135,0.000135,0.009198,0.072616,0.226183,0.691733
ACGTCGGGCAACTCGG-1,0.00005,0.086298,0.826734,0.049532,0.00005,0.037336
ACGTCTCGTTCCGGGA-1,0.000033,0.000033,0.793394,0.076261,0.006268,0.124011
ACGTGACAAAGTAAGT-1,0.000032,0.000032,0.926917,0.007195,0.000032,0.065792
ACGTGCGCCTCGTGCA-1,0.000092,0.039219,0.000184,0.236315,0.000092,0.724097
ACGTGGTCGAATGTGC-1,0.000043,0.028721,0.000086,0.718687,0.249834,0.002629
ACGTTAATGTCGAAGA-1,0.000208,0.000208,0.000416,0.518059,0.480902,0.000208
ACGTTAGATTTGCCCG-1,0.000133,0.000133,0.008067,0.46965,0.150448,0.371569
ACGTTATTGGTCACTC-1,0.000073,0.000073,0.000147,0.767882,0.026023,0.205802
ACGTTCACTATGCCGC-1,0.000058,0.558302,0.346837,0.008651,0.086093,0.000058
ACGTTCCGCGCTCCGT-1,0.000148,0.008517,0.000296,0.312518,0.339189,0.339332
ACGTTCGCAATCAATT-1,0.00008,0.701099,0.220883,0.031112,0.046747,0.00008
ACGTTCGTTCAGGAAA-1,0.000052,0.000052,0.059599,0.883207,0.016971,0.040117
ACGTTCTGTACAAGTC-1,0.000075,0.149568,0.744208,0.057087,0.000075,0.048986
ACGTTGTCGTTGAAAG-1,0.000034,0.060902,0.938894,0.000102,0.000034,0.000034
ACGTTTAGTTGTGATC-1,0.000081,0.000081,0.000163,0.888652,0.000081,0.110941
ACGTTTCGGTGCACTT-1,0.000038,0.497788,0.308525,0.000949,0.000038,0.192663
ACTAAGGACGCACACC-1,0.00006,0.827214,0.068278,0.000181,0.094048,0.010219
ACTAATACGTCAGGCG-1,0.00006,0.00006,0.022648,0.839026,0.043263,0.094942
ACTACAAAGAGAGGTG-1,0.00006,0.00006,0.840257,0.027583,0.073279,0.058761
ACTACATCCCGACAAG-1,0.000034,0.155206,0.809863,0.000101,0.034763,0.000034
ACTACCAGCTCTCTGG-1,0.000307,0.228035,0.000614,0.120014,0.506828,0.144203
ACTACCATCCGAGGGC-1,0.000067,0.13716,0.833291,0.029349,0.000067,0.000067
ACTACGCGTTAGAATT-1,0.000239,0.000239,0.000478,0.39388,0.604925,0.000239
ACTAGTTGCGATCGTC-1,0.000074,0.000469,0.850993,0.085704,0.0181,0.04466
ACTATATGCTGTGTTC-1,0.000056,0.107435,0.130001,0.762396,0.000056,0.000056
ACTATCCAGGGCATGG-1,0.000082,0.322085,0.484536,0.000247,0.037712,0.155338
ACTATCGCCGGCTAAA-1,0.000041,0.000041,0.036265,0.963318,0.000041,0.000294
ACTATCTGCCCGCGTA-1,0.000045,0.344365,0.598877,0.000136,0.000045,0.056532
ACTATGTCCAGCTGCC-1,0.000036,0.161528,0.7854,0.051364,0.000349,0.001323
ACTATTCGTCCGTGGT-1,0.000117,0.000117,0.028331,0.688236,0.047917,0.235282
ACTATTTCCGGGCCCA-1,0.000043,0.000078,0.102308,0.541807,0.020043,0.335721
ACTCAACGAATGTATT-1,0.00014,0.054368,0.00028,0.013389,0.432252,0.499572
ACTCAAGTGCAAGGCT-1,0.000085,0.000085,0.306971,0.358451,0.236579,0.097828
ACTCAATAAAGGCACG-1,0.000078,0.000078,0.018574,0.553094,0.052791,0.375384
ACTCAGACCTGCTTCT-1,0.000283,0.062961,0.000567,0.243534,0.636226,0.056429
