Barcode,Topic 1,Topic 2to3,Topic 4to10
AAACAAGTATCTCCCA-1,0.000103,0.799507,0.200389
AAACAATCTACTAGCA-1,0.000025,0.220276,0.779699
AAACACCAATAACTGC-1,0.450816,0.4571,0.092084
AAACAGAGCGACTCCT-1,0.000023,0.075053,0.924924
AAACAGCTTTCAGAAG-1,0.000042,0.424889,0.575069
AAACAGGGTCTATATT-1,0.026381,0.130037,0.843582
AAACAGTGTTCCTGGG-1,0.000049,0.77443,0.225521
AAACATGGTGAGAGGA-1,0.890143,0.109683,0.000174
AAACATTTCCCGGATT-1,0.025458,0.006562,0.96798
AAACCACTACACAGAT-1,0.003813,0.187726,0.808461
AAACCCGAACGAAATC-1,0.000031,0.277603,0.722367
AAACCGGAAATGTTAA-1,0.00668,0.019933,0.973386
AAACCGGGTAGGTACC-1,0.000032,0.593632,0.406336
AAACCGTTCGTCCAGG-1,0.000009,0.000695,0.999296
AAACCTAAGCAGCCGG-1,0.00001,0.372071,0.627919
AAACCTCATGAAGTTG-1,0.000034,0.431239,0.568727
AAACGAAGAACATACC-1,0.00379,0.1105,0.88571
AAACGAAGATGGAGTA-1,0.718574,0.281026,0.0004
AAACGACAGTCTTGCC-1,0.009837,0.134336,0.855827
AAACGAGACGGTTGAT-1,0.000064,0.236219,0.763717
AAACGCCCGAGATCGG-1,0.001178,0.00004,0.998781
AAACGCTGGGCACGAC-1,0.020044,0.35888,0.621075
AAACGGGCGTACGGGT-1,0.011078,0.059258,0.929664
AAACGGTTGCGAACTG-1,0.000014,0.457714,0.542272
AAACGTGTTCGCCCTA-1,0.011877,0.040142,0.947981
AAACTAACGTGGCGAC-1,0.012826,0.127369,0.859805
AAACTCGGTTCGCAAT-1,0.00272,0.249908,0.747372
AAACTCGTGATATAAG-1,0.010374,0.442953,0.546673
AAACTGCTGGCTCCAA-1,0.000036,0.11563,0.884334
AAACTTAATTGCACGC-1,0.999764,0.000053,0.000184
AAACTTGCAAACGTAT-1,0.019486,0.597287,0.383228
AAAGAATGACCTTAGA-1,0.912377,0.029306,0.058317
AAAGACATGAAGTTTA-1,0.000128,0.998974,0.000898
AAAGACCCAAGTCGCG-1,0.012961,0.075933,0.911106
AAAGACTGGGCGCTTT-1,0.004191,0.203609,0.7922
AAAGCTTGCCTACATA-1,0.00974,0.108342,0.881918
AAAGGCCCTATAATAC-1,0.751877,0.144828,0.103295
AAAGGCTACGGACCAT-1,0.000019,0.593707,0.406274
AAAGGCTCTCGCGCCG-1,0.000035,0.464551,0.535414
AAAGGGATGTAGCAAG-1,0.000025,0.026404,0.973571
AAAGGGCAGCTTGAAT-1,0.000033,0.274522,0.725445
AAAGGTAAGCTGTACC-1,0.000035,0.347918,0.652047
AAAGGTCAACGACATG-1,0.026762,0.209109,0.764129
AAAGTAGCATTGCTCA-1,0.003403,0.162838,0.833759
AAAGTCACTGATGTAA-1,0.025065,0.24352,0.731414
AAAGTCGACCCTCAGT-1,0.000026,0.378146,0.621828
AAAGTGCCATCAATTA-1,0.000008,0.004035,0.995957
AAAGTGTGATTTATCT-1,0.03593,0.332126,0.631944
AAAGTTGACTCCCGTA-1,0.02852,0.758397,0.213084
AAATAACCATACGGGA-1,0.000081,0.945717,0.054203
AAATAAGGTAGTGCCC-1,0.000017,0.245268,0.754715
AAATACCTATAAGCAT-1,0.000046,0.204179,0.795775
AAATAGCTTAGACTTT-1,0.006551,0.216436,0.777013
AAATAGGGTGCTATTG-1,0.000015,0.102215,0.89777
AAATCACTCCTAAACG-1,0.009795,0.05892,0.931285
AAATCCGATACACGCC-1,0.007238,0.230727,0.762035
AAATCGCGGAAGGAGT-1,0.867969,0.123115,0.008915
AAATCGTGTACCACAA-1,0.000025,0.003992,0.995982
AAATCTAGCCCTGCTA-1,0.079234,0.338642,0.582124
AAATCTGCCCGCGTCC-1,0.681229,0.315872,0.002899
AAATGACTGATCAAAC-1,0.00012,0.508213,0.491667
AAATGATTCGATCAGC-1,0.001272,0.018509,0.980219
AAATGCTCGTTACGTT-1,0.000041,0.584233,0.415726
AAATGGCATGTCTTGT-1,0.000039,0.133226,0.866735
AAATGGCCCGTGCCCT-1,0.008778,0.000013,0.991209
AAATGGTCAATGTGCC-1,0.019412,0.187383,0.793205
AAATGTATCTTATCCC-1,0.825991,0.124884,0.049125
AAATGTGGGTGCTCCT-1,0.016015,0.013671,0.970314
AAATTAACGGGTAGCT-1,0.000096,0.790891,0.209013
AAATTAATAAGCGCGA-1,0.145954,0.599969,0.254077
AAATTACACGACTCTG-1,0.000093,0.651378,0.348529
AAATTACCTATCGATG-1,0.000027,0.102623,0.89735
AAATTCCAGGTCCAAA-1,0.021905,0.15058,0.827516
AAATTGATAGTCCTTT-1,0.000046,0.498826,0.501127
AAATTGGTGAGAAGCA-1,0.0017,0.02147,0.976831
AAATTTACCGAAATCC-1,0.035994,0.92928,0.034726
AAATTTGCGGGTGTGG-1,0.003094,0.115885,0.881021
AACAACTGGTAGTTGC-1,0.000064,0.459574,0.540362
AACAATACATTGTCGA-1,0.000555,0.20463,0.794815
AACAATTACTCTACGC-1,0.000022,0.000044,0.999934
AACACACGCTCGCCGC-1,0.031639,0.817974,0.150387
AACACGACTGTACTGA-1,0.035469,0.153278,0.811253
AACACGAGACGCGGCC-1,0.000042,0.706505,0.293453
AACACGCGGCCGCGAA-1,0.005779,0.12085,0.873371
AACAGCTGTGTGGCAA-1,0.000037,0.775384,0.224579
AACAGGAAATCGAATA-1,0.000042,0.181736,0.818222
AACAGGATGGGCCGCG-1,0.000061,0.518566,0.481373
AACAGGTAGTATGGAT-1,0.007766,0.054338,0.937895
AACATAGCGTGTATCG-1,0.000031,0.19858,0.801389
AACATATCAACTGGTG-1,0.002023,0.21581,0.782166
AACATCGATACGTCTA-1,0.000009,0.001378,0.998613
AACATTGAAGTTGATC-1,0.803364,0.043508,0.153129
AACATTGTGACTCGAG-1,0.034927,0.490655,0.474418
AACCAAGACTTCTCTG-1,0.000024,0.372077,0.627899
AACCAGTATCACTCTT-1,0.062554,0.861737,0.07571
AACCATAGGGTTGAAC-1,0.916803,0.000019,0.083178
AACCATGGGATCGCTA-1,0.051067,0.345293,0.603641
AACCCAGAGACGGAGA-1,0.000014,0.001153,0.998833
AACCCATCCCATGATC-1,0.41837,0.000036,0.581594
AACCCGACAACCCGTG-1,0.000404,0.30272,0.696876
AACCCGAGCAGAATCG-1,0.015278,0.446362,0.53836
AACCCGATAGGGCTTC-1,0.00001,0.033468,0.966522
AACCCGCTGTATTCCA-1,0.028422,0.162547,0.809032
AACCCTACTGTCAATA-1,0.000054,0.38506,0.614886
AACCCTGGTGGAACCA-1,0.000024,0.207589,0.792388
AACCGAGCTTGGTCAT-1,0.00765,0.313493,0.678857
AACCGCTAAGGGATGC-1,0.176041,0.642214,0.181745
AACCGTTGTGTTTGCT-1,0.008441,0.090049,0.90151
AACCTAAAGCCGTCCG-1,0.102479,0.733756,0.163765
AACCTCGCTTTAGCCC-1,0.000489,0.29178,0.707731
AACCTGTCACGGAATT-1,0.000022,0.294865,0.705114
AACCTTTAAATACGGT-1,0.040149,0.00751,0.952341
AACCTTTACGACGTCT-1,0.000045,0.340848,0.659106
AACGAAAGTCGTCCCA-1,0.999782,0.000048,0.000169
AACGATAATGCCGTAG-1,0.015838,0.041262,0.9429
AACGATAGAAGGGCCG-1,0.015654,0.000072,0.984273
AACGATATGTCAACTG-1,0.000088,0.702342,0.29757
AACGCATGATCTGGGT-1,0.000017,0.105917,0.894066
AACGCGAACGGCAACA-1,0.023586,0.342575,0.633839
AACGCGACCTTGGGCG-1,0.138999,0.4178,0.443202
AACGCGGTCTCCAGCC-1,0.000037,0.140374,0.85959
AACGCTGTTGCTGAAA-1,0.00009,0.708511,0.291399
AACGGACGTACGTATA-1,0.102578,0.896451,0.000971
AACGGCCATCTCCGGT-1,0.000031,0.407704,0.592264
AACGTACTGTGGGTAC-1,0.00004,0.469066,0.530894
AACGTAGTCTACCCAT-1,0.046929,0.469463,0.483608
AACGTCAGACTAGTGG-1,0.000044,0.289764,0.710192
AACGTCATCCGGCTTG-1,0.163857,0.010003,0.82614
AACGTGATGAAGGACA-1,0.059747,0.799839,0.140414
AACGTGCGAAAGTCTC-1,0.000052,0.257055,0.742893
AACGTTATCAGCACCT-1,0.002163,0.083759,0.914078
AACTACCCGTTTGTCA-1,0.014146,0.170967,0.814887
AACTAGCGTATCGCAC-1,0.000011,0.000022,0.999968
AACTAGGCTTGGGTGT-1,0.000052,0.508679,0.49127
AACTCAAGTTAATTGC-1,0.000037,0.231287,0.768676
AACTCCAGAGCGTGTT-1,0.01652,0.025467,0.958013
AACTCCTAATCCCATG-1,0.018052,0.402138,0.579811
AACTCGATGGCGCAGT-1,0.002155,0.320216,0.677629
AACTCTCAATAGAGCG-1,0.000047,0.43758,0.562373
AACTCTCAGTGTGCTC-1,0.008715,0.456456,0.534829
AACTGAGGTCAGCGTC-1,0.024486,0.190487,0.785028
AACTGAGTTATACTGA-1,0.003874,0.000014,0.996112
AACTGATATTAGGCCT-1,0.031605,0.013386,0.955009
AACTGGGTCCCGACGT-1,0.021419,0.00008,0.978501
AACTGGGTTCGAGCCG-1,0.063352,0.597739,0.338908
AACTGGTGTGGGCCTT-1,0.0499,0.000023,0.950077
AACTTCTGCGTCTATC-1,0.023823,0.152665,0.823512
AACTTGCCCGTATGCA-1,0.004285,0.202309,0.793406
AACTTGCGTTCTCGCG-1,0.00003,0.235147,0.764824
AACTTTACGGGAGCTT-1,0.000037,0.645765,0.354198
AACTTTAGCTGCTGAG-1,0.000019,0.009768,0.990212
AACTTTCTCGATCATG-1,0.008733,0.071818,0.919449
AAGAAAGTTTGATGGG-1,0.635804,0.278694,0.085502
AAGAAATCACCAGATT-1,0.058567,0.201074,0.740359
AAGAAGGATCAGTTAG-1,0.000025,0.179014,0.820961
AAGACCAAATAACTCA-1,0.917352,0.005878,0.076769
AAGACCCAACTGAACA-1,0.000008,0.226908,0.773084
AAGACTAACCCGTTGT-1,0.001095,0.352456,0.646449
AAGACTCACGCCCACT-1,0.054827,0.818698,0.126475
AAGACTGCAAGCTACT-1,0.000161,0.881191,0.118648
AAGAGATGAATCGGTA-1,0.000072,0.505358,0.49457
AAGAGCTCTTTATCGG-1,0.081883,0.409547,0.50857
AAGAGGATGTACGCGA-1,0.000042,0.492755,0.507203
AAGAGGCATGGATCGC-1,0.110309,0.728488,0.161203
AAGATGGCACCGGACC-1,0.044727,0.083572,0.871701
AAGATTGGCGGAACGT-1,0.036444,0.725292,0.238263
AAGCACCCTGCGTATC-1,0.000025,0.184456,0.815519
AAGCATACTCTCCTGA-1,0.014527,0.000032,0.985441
AAGCCACTTGCAGGTA-1,0.456895,0.094036,0.449068
AAGCCGAAGCGGTTTA-1,0.000034,0.107092,0.892874
AAGCCGCCGTGAAATC-1,0.415417,0.092461,0.492122
AAGCCGCTTTACCTTG-1,0.02263,0.057214,0.920157
AAGCCGGAGAGCAGGA-1,0.002271,0.013672,0.984057
AAGCGCAGGGCTTTGA-1,0.010485,0.017146,0.972369
AAGCGGAGTGCGCGCA-1,0.087418,0.0661,0.846482
AAGCGGCGTCATGGGT-1,0.000024,0.000048,0.999928
AAGCGTCCCTCATCGA-1,0.03013,0.318258,0.651612
AAGCTAGATCGAGTAA-1,0.000027,0.309189,0.690784
AAGCTATGGATTGACC-1,0.025003,0.05002,0.924977
AAGCTCGTGCCAAGTC-1,0.000083,0.250804,0.749112
AAGCTCTTTCATGGTG-1,0.000032,0.164944,0.835024
AAGGAGAACTTATAAG-1,0.000023,0.414459,0.585519
AAGGAGCGGTTGGTGC-1,0.000039,0.075552,0.924409
AAGGATCGATCGCTTG-1,0.000035,0.311072,0.688893
AAGGATGAGGGACCTC-1,0.039619,0.828244,0.132138
AAGGCAGGCTGTCTCC-1,0.007346,0.274662,0.717992
AAGGCGCGTAAAGCTT-1,0.000053,0.765835,0.234112
AAGGCTGTGCTCATCG-1,0.000054,0.302381,0.697564
AAGGGAACGACTGGCT-1,0.32113,0.039997,0.638873
AAGGGACAGATTCTGT-1,0.000043,0.589107,0.41085
AAGGGACTATGCATTC-1,0.053952,0.476746,0.469301
AAGGGTTTGATTTCAG-1,0.999598,0.000089,0.000312
AAGGTATCCTAATATA-1,0.009079,0.209694,0.781228
AAGGTGATAAACCAGC-1,0.026395,0.416412,0.557193
AAGTAAGCTTCCAAAC-1,0.02995,0.473531,0.49652
AAGTAGAAGACCGGGT-1,0.012272,0.191695,0.796033
AAGTAGTGACGCGAGG-1,0.000056,0.408319,0.591625
AAGTCAATTGTCGTCA-1,0.003727,0.24861,0.747663
AAGTCTAGTAGCTGCC-1,0.032043,0.086194,0.881762
AAGTCTTCTGTGGCCT-1,0.612505,0.325464,0.062031
AAGTGACGACCGAATT-1,0.000023,0.142474,0.857503
AAGTGAGTCGGGTTTA-1,0.018939,0.126376,0.854685
AAGTGCAAAGGTAGAC-1,0.002031,0.066662,0.931307
AAGTGCCTTGACTGTA-1,0.000032,0.044484,0.955484
AAGTGCGTTAGAATCT-1,0.007771,0.317688,0.674541
AAGTGCTTCTCTATTG-1,0.315856,0.21058,0.473564
AAGTGTTTGGAGACGG-1,0.000026,0.206937,0.793037
AAGTTCACTCCAAGCT-1,0.013872,0.181449,0.804679
AAGTTCAGTCTGCGTA-1,0.000033,0.197296,0.802671
AAGTTCGGCCAACAGG-1,0.000035,0.756305,0.24366
AAGTTGTGATGTTATA-1,0.056282,0.341534,0.602185
AAGTTTACTAATGGCA-1,0.003313,0.000043,0.996644
AAGTTTATGGGCCCAA-1,0.032461,0.275088,0.692451
AATAACAACGCTCGGC-1,0.000045,0.605251,0.394705
AATAACACTAGAACAA-1,0.000028,0.887075,0.112897
AATAAGTCCTCGAGAC-1,0.000018,0.024554,0.975427
AATAATCTTCGTATCG-1,0.000512,0.022468,0.977021
AATACAATGTTTCAGG-1,0.015353,0.541406,0.443241
AATACCGGAGGGCTGT-1,0.002718,0.50777,0.489512
AATAGAACAGAGTGGC-1,0.000023,0.482346,0.517632
AATAGAATCTGTTTCA-1,0.000123,0.756566,0.243311
AATAGCAAGCCTCCTG-1,0.026826,0.055361,0.917813
AATAGCTACCGCGTGC-1,0.00003,0.354503,0.645467
AATAGGCACGACCCTT-1,0.010001,0.020006,0.969993
AATAGTCCGTCCCGAC-1,0.000021,0.607865,0.392114
AATAGTCGCGAGTCGG-1,0.00174,0.517414,0.480846
AATATCAAGGTCGGAT-1,0.000013,0.000025,0.999962
AATATCCTAGCAAACT-1,0.80429,0.000044,0.195666
AATATCGAATCAATGC-1,0.000036,0.210735,0.789228
AATATCGAGGGTTCTC-1,0.021728,0.080552,0.89772
AATATTGGAGTATTGA-1,0.000023,0.366995,0.632983
AATCAGACTGCAGGAC-1,0.000082,0.385714,0.614204
AATCAGGTTTCATTTA-1,0.168216,0.215973,0.615811
AATCATGTAAAGACTC-1,0.049304,0.629142,0.321554
AATCCAAGGGCCTGAG-1,0.056269,0.64198,0.301751
AATCCATGCAAGGGTG-1,0.000028,0.33616,0.663812
AATCCCGCTCAGAGCC-1,0.000056,0.000112,0.999833
AATCGAGGTCTCAAGG-1,0.000245,0.00049,0.999265
AATCGCCTCAGCGCCA-1,0.126159,0.767753,0.106088
AATCGCGCAGAGGACT-1,0.000642,0.174959,0.824398
AATCGGGACACTACGA-1,0.000013,0.000026,0.999962
AATCGTGAGCCGAGCA-1,0.010293,0.183748,0.80596
AATCTAGGTTTACTTG-1,0.028258,0.182615,0.789128
AATCTATGCCGGAGCC-1,0.000035,0.373996,0.625969
AATCTCTACTGTGGTT-1,0.018683,0.123041,0.858276
AATCTGCGTTGGGACG-1,0.000064,0.790533,0.209403
AATCTGGCTTTCTAGT-1,0.017177,0.141948,0.840875
AATCTGGGTAGACCCT-1,0.000086,0.682357,0.317558
AATGACAGCAATGTCT-1,0.000048,0.63336,0.366592
AATGACGTAGGATGTC-1,0.000067,0.522229,0.477704
AATGACTGTCAGCCGG-1,0.0244,0.075302,0.900298
AATGAGTTCGCATATG-1,0.000017,0.010102,0.989881
AATGATGATACGCTAT-1,0.000024,0.067392,0.932585
AATGATGCGACTCCTG-1,0.012267,0.026354,0.961379
AATGCAACCGGGTACC-1,0.002319,0.022956,0.974725
AATGCACCAAGCAATG-1,0.000027,0.060942,0.939031
AATGGCCGCCAATGCG-1,0.027958,0.013201,0.958841
AATGGTCCACCGTTCA-1,0.000038,0.334674,0.665288
AATGGTTCTCACAAGC-1,0.019166,0.518019,0.462814
AATGTATGGCACTGTA-1,0.925431,0.000053,0.074515
AATGTGCCCGAGGTGT-1,0.108127,0.147398,0.744476
AATGTGCTAATCTGAG-1,0.098552,0.166929,0.734518
AATGTTAAGACCCTGA-1,0.000027,0.238562,0.76141
AATTAAAGGTCGGCGT-1,0.000045,0.098158,0.901797
AATTAACGGATTTCCA-1,0.000031,0.281849,0.71812
AATTACGAGACCCATC-1,0.964689,0.002951,0.032359
AATTAGCGCTGCAGCG-1,0.00002,0.050534,0.949446
AATTATACCCAGCAAG-1,0.000034,0.449224,0.550742
AATTCATAAGGGATCT-1,0.019017,0.327673,0.65331
AATTCATTGTCATGCA-1,0.879529,0.000049,0.120422
AATTCCAAGCATGTAC-1,0.002666,0.485922,0.511412
AATTCGATTCGAGGAT-1,0.001936,0.266683,0.731381
AATTCTAGAGTTAGGC-1,0.00007,0.913608,0.086321
AATTGAACGCTCTGGT-1,0.000119,0.999048,0.000833
AATTGCAGCAATCGAC-1,0.041775,0.049143,0.909083
AATTGCGTGGATTACA-1,0.880931,0.06605,0.053019
AATTGTGGTTGCCAAA-1,0.149121,0.492603,0.358277
AATTTGGGACATAGTA-1,0.000051,0.418176,0.581772
AATTTGGTTCCAAAGA-1,0.000038,0.076966,0.922996
ACAAACCATGCGTCCT-1,0.783087,0.000022,0.216891
ACAAACCGACAAGGCG-1,0.019909,0.203603,0.776489
ACAAACTCCATCAGAG-1,0.241565,0.157053,0.601382
ACAAAGAAGGTAGGCC-1,0.722908,0.088345,0.188747
ACAAAGCATGACCTAG-1,0.00059,0.042598,0.956812
ACAAATCGCACCGAAT-1,0.000046,0.469803,0.530151
ACAAATGGTAGTGTTT-1,0.034326,0.700854,0.26482
ACAAATTCAGATCTGA-1,0.000041,0.220325,0.779634
ACAACAGCATGAGCTA-1,0.011609,0.473402,0.51499
ACAACGGTCCCTGCGA-1,0.001591,0.545281,0.453128
ACAAGCAGTGCCTAGC-1,0.000027,0.1013,0.898673
ACAAGCTATATGGAAG-1,0.780075,0.136425,0.0835
ACAAGGAAATCCGCCC-1,0.000028,0.079722,0.92025
ACAAGGACAAGAGGTT-1,0.00003,0.220481,0.779489
ACAAGGATGCTTTAGG-1,0.00149,0.262561,0.735949
ACAAGGCCTACCAGCC-1,0.000038,0.087341,0.912621
ACAAGGGCAGGCTCTG-1,0.000022,0.0124,0.987579
ACAAGTAATTGTAAGG-1,0.014288,0.028581,0.957131
ACAATAGTCGTACGTT-1,0.013228,0.377381,0.609391
ACAATCCATTTAAACC-1,0.000041,0.48839,0.511569
ACAATCGATCTTTATA-1,0.000015,0.078908,0.921078
ACAATGAATACGGAGA-1,0.00003,0.439675,0.560295
ACAATGATTCTTCTAC-1,0.00156,0.004243,0.994197
ACAATTGTGTCTCTTT-1,0.146403,0.338463,0.515135
ACAATTTAGGAGGCTC-1,0.082116,0.628719,0.289165
ACAATTTGGCCATATT-1,0.006295,0.00164,0.992065
ACACAAAGACGGGTGG-1,0.000028,0.030979,0.968992
ACACAAATATTCCTAG-1,0.00308,0.030739,0.966181
ACACACCAGGACCAGT-1,0.276146,0.390394,0.33346
ACACACTTTCTACACG-1,0.000032,0.006926,0.993041
ACACATGATCAAATCT-1,0.796714,0.203062,0.000224
ACACATTTCCGTAGAC-1,0.007089,0.176307,0.816604
ACACCACATAATTAGC-1,0.003194,0.430145,0.566661
ACACCCAGCATGCAGC-1,0.000025,0.002475,0.9975
ACACCCGAGAAATCCG-1,0.022673,0.453412,0.523915
ACACCCGTAAATCTGT-1,0.015195,0.140377,0.844428
ACACCGAGCGCTCTTT-1,0.000066,0.480454,0.51948
ACACCGGTCTGACCGC-1,0.877322,0.049919,0.072759
ACACCTTAAGTAGGGC-1,0.000042,0.279275,0.720684
ACACCTTACTACTTGC-1,0.012532,0.140523,0.846945
ACACGAGACTCCTTCT-1,0.000045,0.161207,0.838748
ACACGGCACTATGCAT-1,0.000024,0.028629,0.971347
ACACGGGAACTTAGGG-1,0.000098,0.743401,0.256501
ACACGTAGGCCACAAG-1,0.051963,0.356517,0.59152
ACACTCCAATGTCACT-1,0.018054,0.289553,0.692393
ACACTGATCAAGGTGT-1,0.000031,0.3664,0.633569
ACACTGGGACAGTCGT-1,0.054701,0.299792,0.645507
ACAGAACTGAGAACAA-1,0.04534,0.55542,0.39924
ACAGATTAGGTTAGTG-1,0.00003,0.161298,0.838672
ACAGCATAGAGCCAGT-1,0.000018,0.013542,0.986441
ACAGCGACATTCTCAT-1,0.150935,0.717088,0.131977
ACAGCGCACCCGCAGC-1,0.030515,0.807332,0.162153
ACAGGCACGGATCCTT-1,0.004636,0.000013,0.995351
ACAGGCTTGCCCGACT-1,0.000034,0.331416,0.66855
ACAGGTGGAGGTGAGG-1,0.000024,0.448389,0.551587
ACAGGTGTGTTGTTGC-1,0.814708,0.185112,0.00018
ACAGTAATACAACTTG-1,0.034253,0.258182,0.707566
ACAGTATACCGTGGGA-1,0.00315,0.00002,0.99683
ACAGTGCAGCGCATTT-1,0.011905,0.005997,0.982097
ACATAAGTCGTGGTGA-1,0.416004,0.175091,0.408905
ACATAATAAGGCGGTG-1,0.000038,0.000076,0.999886
ACATCAGCTGGGACGC-1,0.000043,0.815884,0.184073
ACATCCCGGCCATACG-1,0.000021,0.100962,0.899017
ACATCCTGGTAACTGT-1,0.001359,0.072901,0.925739
ACATCGATCGTTTACC-1,0.017291,0.205541,0.777169
ACATCGCAATATTCGG-1,0.319494,0.013336,0.66717
ACATCGGTCAGCCGCG-1,0.000073,0.788587,0.211339
ACATCGTATGCAATGG-1,0.016064,0.610329,0.373608
ACATCGTTAACCTAGT-1,0.000025,0.00005,0.999925
ACATCTCAACGCGTAA-1,0.000024,0.000063,0.999913
ACATGCTTACGGCAGC-1,0.610711,0.266241,0.123049
ACATGGCGCCAAAGTA-1,0.013494,0.322773,0.663733
ACATTAGTTTATATCC-1,0.000051,0.337214,0.662735
ACATTCGCGCGGAATA-1,0.52145,0.478134,0.000417
ACATTTGAAACCTAAC-1,0.000021,0.222539,0.777441
ACCAAACACCCAGCGA-1,0.000012,0.239579,0.760409
ACCAAACTAGAAATCC-1,0.014226,0.019029,0.966745
ACCAACACCACACACT-1,0.006021,0.0004,0.993579
ACCAACCGCACTCCAC-1,0.005811,0.000012,0.994177
ACCAACGCTTATTTAT-1,0.000039,0.665865,0.334097
ACCAAGAACGCGTGTC-1,0.000054,0.466998,0.532948
ACCAATATGCAAGTTA-1,0.000033,0.193366,0.806601
ACCACAACTCAGAACA-1,0.020915,0.812227,0.166858
ACCACAAGTTTCTATC-1,0.000248,0.129389,0.870363
ACCACACGGTTGATGG-1,0.000028,0.134738,0.865234
ACCACCAATGTAACAA-1,0.000036,0.324179,0.675785
ACCACCCTCTCTTCTA-1,0.000014,0.00692,0.993066
ACCACGTGCAGCTATA-1,0.000022,0.000044,0.999934
ACCAGACCATAACAAC-1,0.498019,0.317802,0.184179
ACCAGCCCGGTCTTTG-1,0.000024,0.018451,0.981525
ACCAGGAGTGTGATCT-1,0.000055,0.713197,0.286747
ACCAGTGCCCGGTCAA-1,0.000027,0.117781,0.882191
ACCAGTGCGGGAGACG-1,0.23323,0.38425,0.38252
ACCATATCCGCAATAA-1,0.052379,0.808824,0.138797
ACCATCCGCCAACTAG-1,0.003061,0.155289,0.841651
ACCATCGTATATGGTA-1,0.000069,0.406089,0.593842
ACCCAACGCCCGTGGC-1,0.000042,0.239861,0.760097
ACCCACCTACATGCTC-1,0.007431,0.353561,0.639008
ACCCATCTTGAGGGTA-1,0.000056,0.356853,0.643091
ACCCATTTGTCCCTCT-1,0.168429,0.349888,0.481683
ACCCGAGCGAAATTAC-1,0.127411,0.330664,0.541925
ACCCGATTGGTTCCGA-1,0.114851,0.632738,0.252411
ACCCGGAAACTCCCAG-1,0.000019,0.099277,0.900704
ACCCGGAGCACCACAA-1,0.00001,0.006442,0.993548
ACCCGGATGACGCATC-1,0.000036,0.180867,0.819098
ACCCGGTTACACTTCC-1,0.000032,0.041148,0.95882
ACCCGTAGCAGAGAAT-1,0.65806,0.3415,0.00044
ACCCGTGTCATCAGTA-1,0.000035,0.685857,0.314109
ACCCTATAGGACTGAG-1,0.03818,0.014891,0.946929
ACCCTATGCCATATCG-1,0.000021,0.086416,0.913564
ACCCTCCCGTCAGGGC-1,0.028164,0.000005,0.971831
ACCCTCCCTTGCTATT-1,0.039983,0.201141,0.758875
ACCCTGGTAACGCCCT-1,0.006887,0.084367,0.908746
ACCCTTCATCTGCGAA-1,0.000055,0.221616,0.77833
ACCCTTGCCTGGGTCG-1,0.031906,0.12626,0.841834
ACCCTTTAGTTCTCCA-1,0.000057,0.491832,0.508111
ACCGAAAGGGCCCTGC-1,0.00003,0.431228,0.568742
ACCGAAGAGTCTGGTT-1,0.898394,0.000053,0.101553
ACCGACACATCTCCCA-1,0.001396,0.423262,0.575342
ACCGACTGAGTCCCAC-1,0.000105,0.977741,0.022154
ACCGAGTCTCCTTATT-1,0.002227,0.464084,0.533689
ACCGATAGGCATAACC-1,0.015862,0.062714,0.921424
ACCGATATTTAATCAT-1,0.000493,0.088015,0.911492
ACCGATGGTAGCATCG-1,0.003264,0.757875,0.238861
ACCGCAATAACTGCCT-1,0.000043,0.317782,0.682175
ACCGCGGTGGAAGTCG-1,0.000031,0.026129,0.97384
ACCGCTAGTCATTGGT-1,0.520208,0.436659,0.043132
ACCGGGCCTTTGTTGA-1,0.045914,0.745884,0.208202
ACCGGTCAGGTACACC-1,0.486106,0.000028,0.513865
ACCGGTCTGAGTACGG-1,0.000038,0.035484,0.964478
ACCGTCCACTGGGCCC-1,0.999822,0.00004,0.000139
ACCGTGACCACGTGGG-1,0.016565,0.191235,0.7922
ACCGTTCCCGCTCTGA-1,0.003188,0.093186,0.903627
ACCTAAGTACCTTTCA-1,0.000038,0.354568,0.645394
ACCTAATCGACTTCCT-1,0.000039,0.130468,0.869493
ACCTACAGTATGTGGT-1,0.000054,0.546228,0.453718
ACCTACTATAAATCTA-1,0.001483,0.406475,0.592042
ACCTCCGCCCTCGCTG-1,0.005134,0.392545,0.60232
ACCTCCGTTATTCACC-1,0.000028,0.193342,0.80663
ACCTCGAACTTATGCT-1,0.87497,0.094253,0.030777
ACCTGCGTGTCATGTT-1,0.004635,0.301245,0.69412
ACCTTTCCTTTAGAAG-1,0.000035,0.19288,0.807086
ACGAAATGGGCGGCAC-1,0.000017,0.00736,0.992623
ACGACCCATGAGTTGC-1,0.006679,0.125823,0.867498
ACGACTCTAGGGCCGA-1,0.000019,0.085159,0.914822
ACGACTGGTCATACTC-1,0.010635,0.609399,0.379966
ACGAGAACCCATCACG-1,0.010734,0.000682,0.988585
ACGAGATATTTGCTTA-1,0.000049,0.383719,0.616232
ACGAGGATACCACTCT-1,0.012184,0.161346,0.826471
ACGAGGTTTACAACGT-1,0.877584,0.028947,0.093468
ACGAGTACGGATGCCC-1,0.000019,0.000765,0.999216
ACGATACATAGAACTA-1,0.118504,0.437186,0.44431
ACGATACCTATCCTGA-1,0.674083,0.264814,0.061103
ACGATCATACATAGAG-1,0.000057,0.270841,0.729101
ACGATCATCTTGTAAA-1,0.000035,0.138255,0.86171
ACGATGCATATGTTAT-1,0.007311,0.254632,0.738057
ACGATGGATCCGATGC-1,0.000023,0.000046,0.999931
ACGCAAACTAATAGAT-1,0.027381,0.083222,0.889397
ACGCAATCACTACAGC-1,0.062389,0.266045,0.671567
ACGCATAAATGACATG-1,0.026135,0.000033,0.973832
ACGCATACGTTTACTA-1,0.076494,0.455179,0.468327
ACGCATTCGTGAGTAC-1,0.020306,0.979095,0.000599
ACGCCACTCGAAACAG-1,0.025485,0.437275,0.53724
ACGCCAGATGATTTCT-1,0.000033,0.02847,0.971497
ACGCCAGTGCGTTTGC-1,0.005784,0.101023,0.893193
ACGCCCAGCTGTCGAT-1,0.001958,0.002165,0.995878
ACGCCGCTAGACGACC-1,0.000021,0.000042,0.999937
ACGCGAAGTCAGACGA-1,0.000021,0.0511,0.948879
ACGCGCTACACAGGGT-1,0.000033,0.455598,0.544369
ACGCGGGCCAAGGACA-1,0.000122,0.999023,0.000855
ACGCGTTTCTTAAGAG-1,0.037849,0.546646,0.415505
ACGCTAGTATCAGTGC-1,0.000019,0.206247,0.793734
ACGCTAGTGATACACT-1,0.000027,0.139213,0.86076
ACGCTGTGAGGCGTAG-1,0.000037,0.23062,0.769343
ACGCTTAGTGTCTCTC-1,0.205429,0.611656,0.182915
ACGGAACACGAGTGCC-1,0.004349,0.162193,0.833458
ACGGAATTTAGCAAAT-1,0.000021,0.133915,0.866064
ACGGACGCAGCGACAA-1,0.628967,0.000083,0.370951
ACGGACTCTCAAAGCG-1,0.035258,0.246318,0.718424
ACGGAGCGCAAATTAC-1,0.000027,0.221577,0.778397
ACGGATGGTGCGGATA-1,0.000032,0.085764,0.914205
ACGGCACTTGCTTGGG-1,0.000029,0.272814,0.727157
ACGGCCAACATGGACT-1,0.000035,0.563835,0.43613
ACGGCGACGATGGGAA-1,0.000027,0.002715,0.997258
ACGGCGGGTTGCCCTG-1,0.000047,0.693524,0.306429
ACGGCTGGATGTAGAA-1,0.827304,0.110914,0.061782
ACGGGAGTGTCGGCCC-1,0.007119,0.256519,0.736362
ACGGGCGTATGCGACA-1,0.015265,0.001984,0.982751
ACGGGTCATGTGACTT-1,0.033593,0.388911,0.577496
ACGGGTTGTGACCTGT-1,0.775308,0.128042,0.09665
ACGGTACAGTTCAATG-1,0.000025,0.244065,0.75591
ACGGTCACCGAGAACA-1,0.801636,0.176021,0.022343
ACGTACAGATTTCTCT-1,0.005893,0.113469,0.880637
ACGTACTTTGGCACGG-1,0.485114,0.120554,0.394333
ACGTAGATTGCTGATG-1,0.000132,0.638372,0.361495
ACGTAGGAGAGTCGCT-1,0.004147,0.03974,0.956112
ACGTATTACTCCGATC-1,0.000069,0.335615,0.664315
ACGTCCTAAACGAGAT-1,0.000025,0.234913,0.765062
ACGTCGGGCAACTCGG-1,0.582541,0.294035,0.123423
ACGTCTCGTTCCGGGA-1,0.281718,0.264948,0.453334
ACGTGACAAAGTAAGT-1,0.896606,0.000067,0.103327
ACGTGCGCCTCGTGCA-1,0.000093,0.234624,0.765283
ACGTGGTCGAATGTGC-1,0.0111,0.471055,0.517845
ACGTTAATGTCGAAGA-1,0.014058,0.507287,0.478655
ACGTTAGATTTGCCCG-1,0.000061,0.304169,0.695771
ACGTTATTGGTCACTC-1,0.000064,0.57996,0.419976
ACGTTCACTATGCCGC-1,0.358214,0.482203,0.159582
ACGTTCCGCGCTCCGT-1,0.000032,0.319717,0.680251
ACGTTCGCAATCAATT-1,0.000221,0.262843,0.736937
ACGTTCGTTCAGGAAA-1,0.000019,0.4127,0.587281
ACGTTCTGTACAAGTC-1,0.001633,0.013945,0.984422
ACGTTGTCGTTGAAAG-1,0.453671,0.459689,0.086641
ACGTTTAGTTGTGATC-1,0.000042,0.03941,0.960548
ACTAAGGACGCACACC-1,0.097853,0.003459,0.898688
ACTAATACGTCAGGCG-1,0.000029,0.001076,0.998895
ACTACAAAGAGAGGTG-1,0.000015,0.366228,0.633758
ACTACATCCCGACAAG-1,0.632538,0.008575,0.358887
ACTACCAGCTCTCTGG-1,0.042104,0.07327,0.884626
ACTACCATCCGAGGGC-1,0.617597,0.251144,0.131259
ACTACGCGTTAGAATT-1,0.022864,0.069081,0.908054
ACTAGTTGCGATCGTC-1,0.125807,0.52776,0.346433
ACTATATGCTGTGTTC-1,0.007397,0.114841,0.877762
ACTATCCAGGGCATGG-1,0.000036,0.202141,0.797823
ACTATCTGCCCGCGTA-1,0.000026,0.073588,0.926385
ACTATGTCCAGCTGCC-1,0.415736,0.044138,0.540126
ACTATTCGTCCGTGGT-1,0.000025,0.000049,0.999926
ACTATTTCCGGGCCCA-1,0.000028,0.456101,0.543871
ACTCAACGAATGTATT-1,0.000008,0.000015,0.999977
ACTCAAGTGCAAGGCT-1,0.000021,0.093389,0.90659
ACTCAATAAAGGCACG-1,0.019615,0.64106,0.339325
ACTCAGACCTGCTTCT-1,0.000016,0.000031,0.999953
ACTCATGGCAGCCTTC-1,0.68061,0.000027,0.319363
ACTCCAATATCATCAT-1,0.049562,0.273689,0.676749
ACTCCCATTCCTAAAG-1,0.00005,0.728822,0.271128
ACTCCCGAATTCGTTT-1,0.000055,0.313861,0.686084
ACTCCCGTAGACTAGG-1,0.000017,0.165248,0.834735
ACTCCCTAATGCTAAA-1,0.000021,0.12601,0.873969
ACTCCCTAGAATAGTA-1,0.000048,0.234778,0.765175
ACTCCGGCCGACCACT-1,0.000026,0.279373,0.720601
ACTCGATGTATTTCAT-1,0.000049,0.455904,0.544047
ACTCGCGATCTGACGC-1,0.04727,0.14165,0.81108
ACTCGTAACCCGTCCT-1,0.038948,0.547149,0.413903
ACTCGTCAGTAATCCC-1,0.022461,0.420117,0.557422
ACTCTAAACCTGGGAT-1,0.543289,0.259682,0.197029
ACTCTCTGACTTAGGT-1,0.00013,0.645407,0.354463
ACTCTCTTATACACGA-1,0.0218,0.651686,0.326515
ACTCTGACCTAATAGA-1,0.001275,0.013725,0.985
ACTCTTCAGCTCCCGC-1,0.015046,0.002802,0.982153
ACTCTTGTATAGTAAC-1,0.053456,0.70155,0.244994
ACTGAAACGCCGTTAG-1,0.000036,0.158669,0.841294
ACTGAATGGCGAAAGT-1,0.035994,0.454698,0.509309
ACTGATTTAGTGATTC-1,0.000112,0.752887,0.247001
ACTGCCCGCCATTCTC-1,0.258597,0.483845,0.257558
ACTGCCGTCGTAACTC-1,0.000033,0.008831,0.991136
ACTGCGGACACACCGT-1,0.00003,0.498236,0.501733
ACTGCTCGGAAGGATG-1,0.409145,0.000037,0.590818
ACTGGCGAACCTGCGT-1,0.041038,0.310173,0.648789
ACTGGGATGCCAGTGC-1,0.000025,0.469717,0.530259
ACTGTAGCACTTTGGA-1,0.000033,0.044426,0.955541
ACTGTATACGCGAGCA-1,0.003594,0.000029,0.996377
ACTGTCCAGGATTATA-1,0.002106,0.290568,0.707326
ACTGTCTTCTTTAGAA-1,0.014131,0.322861,0.663007
ACTGTGCTAGTAGATC-1,0.000029,0.139838,0.860133
ACTGTTTAGTGTAGGC-1,0.000039,0.235953,0.764008
ACTTACCGGGCGCGCA-1,0.000026,0.006949,0.993024
ACTTACGCATCCACGC-1,0.000039,0.200929,0.799031
ACTTAGTACGACAAGA-1,0.000045,0.000303,0.999652
ACTTATACTTACCCGG-1,0.000064,0.868824,0.131112
ACTTATCTGATCTATA-1,0.000073,0.158041,0.841886
ACTTATTAGGATCGGT-1,0.000075,0.539442,0.460483
ACTTATTTATGTGCCA-1,0.036864,0.660644,0.302492
ACTTCAGGCTGATCCC-1,0.000022,0.162881,0.837097
ACTTCCAGTGGAAGCT-1,0.88448,0.000083,0.115437
ACTTCCATGCGGGACA-1,0.003013,0.025291,0.971696
ACTTCCTGTCGTGCGA-1,0.057794,0.224893,0.717313
ACTTCGCCATACGCAC-1,0.033563,0.295678,0.670759
ACTTCGCTAGCGAGTG-1,0.0518,0.11879,0.82941
ACTTGACTCCCTCTTT-1,0.017381,0.196181,0.786438
ACTTGCCATATTGTAC-1,0.010641,0.051277,0.938082
ACTTGCTCTATCTACC-1,0.834069,0.164785,0.001146
ACTTGGGACCCGGTGG-1,0.000022,0.00331,0.996667
ACTTGGGCTTTCGCCA-1,0.003847,0.33899,0.657163
ACTTGTAGTCCCTTCA-1,0.076775,0.265925,0.657301
ACTTGTGGATGGAACG-1,0.047422,0.25947,0.693109
ACTTGTTACCGGATCA-1,0.000023,0.201817,0.79816
ACTTTACCCTCATGAA-1,0.004546,0.359138,0.636316
ACTTTATACACCACTT-1,0.61063,0.191752,0.197619
ACTTTCCTATAGCTTC-1,0.122161,0.710818,0.167021
ACTTTGACTGCATCCT-1,0.000029,0.245326,0.754645
ACTTTGGTCGTGCTCC-1,0.799478,0.071983,0.128539
ACTTTGTCGACGCACT-1,0.009353,0.065642,0.925005
AGAAATTATGACTCGC-1,0.002055,0.006435,0.99151
AGAACACGGCGATGGT-1,0.567461,0.426876,0.005663
AGAACCCAGCGTGACA-1,0.005735,0.295427,0.698838
AGAACCCTCAATTGGG-1,0.924998,0.000053,0.074949
AGAACGTGGTACATTC-1,0.000094,0.822748,0.177158
AGAACTGTACTTTGTA-1,0.001839,0.202256,0.795905
AGAAGAGCGCCGTTCC-1,0.056824,0.166488,0.776687
AGAAGGTACACTTCAC-1,0.218906,0.08508,0.696014
AGAAGGTTGCCGAATT-1,0.000044,0.264836,0.73512
AGAAGGTTGTAGGTCG-1,0.016297,0.002119,0.981584
AGAAGTGATTCGTGAT-1,0.000094,0.889769,0.110137
AGAATAAATCTTCAGG-1,0.068803,0.407287,0.52391
AGAATGCGGGTTCGGA-1,0.000024,0.133666,0.866311
AGAATTATGGATTCGA-1,0.000037,0.265489,0.734474
AGAATTGTTTGACATA-1,0.000013,0.085097,0.91489
AGACAGCTCAGAATCC-1,0.027733,0.428285,0.543982
AGACAGGCATCTCAGC-1,0.009605,0.095451,0.894944
AGACATAGATCCTTCC-1,0.005701,0.000025,0.994273
AGACCAAACCACACCT-1,0.619474,0.000048,0.380478
AGACCATGGGATACAA-1,0.000029,0.107504,0.892468
AGACCCACCGCTGATC-1,0.000038,0.450795,0.549167
AGACCCGCCCTCCTCG-1,0.00003,0.096362,0.903608
AGACCGCTCCGCGGTT-1,0.006245,0.025532,0.968223
AGACCGGGAAACCCTG-1,0.000033,0.565964,0.434003
AGACGAAGTGCCGGTC-1,0.000072,0.337563,0.662365
AGACGACGATGCCGCT-1,0.000026,0.407992,0.591983
AGACGCCCACTTCGCC-1,0.00303,0.010059,0.986911
AGACGGGATTGGTATA-1,0.069636,0.604217,0.326147
AGACGGGCCGATTTAA-1,0.000015,0.000279,0.999706
AGACTAGCCTTCCAGA-1,0.000024,0.018552,0.981424
AGACTGTTACCGGGTC-1,0.011208,0.189473,0.799319
AGAGAAACACCAGAAA-1,0.132833,0.255659,0.611508
AGAGAACCGTCTAGGA-1,0.000073,0.967505,0.032422
AGAGAAGGAGTACAAT-1,0.0103,0.530302,0.459398
AGAGATCTCTAAAGCG-1,0.00799,0.309472,0.682537
AGAGCAGTTATGAGAC-1,0.137749,0.047901,0.81435
AGAGCCGCCGAGATTT-1,0.061024,0.532731,0.406245
AGAGCGCTTGTAACGG-1,0.010836,0.256431,0.732733
AGAGCGGGCTAATCAT-1,0.000027,0.000054,0.999919
AGAGCGTACAAGCTCG-1,0.001552,0.133398,0.86505
AGAGCTACGAAAGCAT-1,0.000044,0.673367,0.32659
AGAGGCTTCGGAAACC-1,0.016308,0.387858,0.595834
AGAGGGACAATTGTCC-1,0.002117,0.181995,0.815888
AGAGGTATCTCGGTCC-1,0.00002,0.028781,0.971199
AGAGTAAACTTCACTA-1,0.000031,0.129388,0.870581
AGAGTATAGTGTTACG-1,0.000021,0.223745,0.776234
AGAGTGAACAGACACC-1,0.028439,0.002818,0.968742
AGAGTTAGAGACCGAT-1,0.000037,0.010006,0.989957
AGAGTTGCAGGCCTCC-1,0.031381,0.002855,0.965763
AGATAACTTCAGGGCC-1,0.000047,0.288699,0.711254
AGATAATCACACCTAT-1,0.012505,0.025005,0.96249
AGATACCAGCACTTCA-1,0.014835,0.060966,0.9242
AGATACCGGTGTTCAC-1,0.000051,0.494331,0.505618
AGATACGACTTCATAT-1,0.039607,0.101344,0.859048
AGATACTCAAGATCGA-1,0.00008,0.803069,0.19685
AGATATAATACGACTA-1,0.000026,0.487203,0.512771
AGATCGTGCATAAGAT-1,0.000026,0.145322,0.854653
AGATCTCAGGTGTGAT-1,0.187703,0.527113,0.285184
AGATCTGGAGAGGATA-1,0.635783,0.286557,0.07766
AGATGACTCGCCCACG-1,0.017759,0.044303,0.937938
AGATGAGGGTTGCGAT-1,0.000022,0.00245,0.997529
AGATGATGGAGTCTGG-1,0.000035,0.221046,0.778919
AGATGCAAGACGTGCA-1,0.02908,0.133418,0.837502
AGATGCATCCTGTGTC-1,0.807659,0.174744,0.017598
AGATTATAGGACGTTT-1,0.009885,0.656524,0.333592
AGATTCAAGCGGGTCG-1,0.000024,0.000814,0.999161
AGATTCACAACCGATA-1,0.29109,0.432427,0.276483
AGCAAAGGCCGCTAGT-1,0.000016,0.214202,0.785782
AGCAACATATCTTATT-1,0.00011,0.973978,0.025912
AGCAACCGAAAGTAAT-1,0.088691,0.090656,0.820652
AGCACACGTTTAGACT-1,0.639376,0.309087,0.051536
AGCACCAGTACTCACG-1,0.000083,0.825995,0.173922
AGCACTACCGGCCTGT-1,0.000036,0.398055,0.601909
AGCACTACCTCACCAG-1,0.000016,0.103072,0.896912
AGCACTTAAGGACGCC-1,0.043353,0.579924,0.376723
AGCAGAAGGAGAAAGA-1,0.000021,0.028901,0.971078
AGCAGCCAGATGAATA-1,0.000036,0.575853,0.424111
AGCAGTCGAAGCATGC-1,0.004992,0.375678,0.61933
AGCATATCAATATGCT-1,0.217216,0.459982,0.322802
AGCATCATTTCGAAAG-1,0.000395,0.257276,0.742329
AGCATCGTCGATAATT-1,0.022981,0.295491,0.681528
AGCCAAGCTTTGTGTC-1,0.000008,0.162349,0.837643
AGCCACAGGTTACCCG-1,0.000012,0.053454,0.946535
AGCCACTCCCGTGCTT-1,0.03235,0.412169,0.555481
AGCCATATAGTATGTG-1,0.000023,0.356753,0.643223
AGCCCATACATGTAAG-1,0.000045,0.769547,0.230409
AGCCCGCAACAAGCAG-1,0.000332,0.519152,0.480516
AGCCCGGCATTAGAGG-1,0.315292,0.000034,0.684674
AGCCCGGTAGCCTGTA-1,0.000016,0.441403,0.558581
AGCCCTAAGCGAAGTT-1,0.000091,0.574941,0.424968
AGCCCTCCCTGGTGGC-1,0.41018,0.585897,0.003923
AGCCCTGTCGCACCGT-1,0.001524,0.094929,0.903547
AGCCCTTCTAATCCGA-1,0.039594,0.017213,0.943193
AGCCCTTGGACATCCC-1,0.00002,0.01112,0.988859
AGCCGCAAATTCAAAT-1,0.441374,0.420226,0.1384
AGCCGTGGCTAAATGT-1,0.000027,0.410849,0.589125
AGCCTAATACCCACGT-1,0.139989,0.000021,0.85999
AGCCTTAAAGCGGAAG-1,0.000039,0.631232,0.368728
AGCCTTGTCACTGATA-1,0.723066,0.176045,0.100888
AGCGACAGGAACGGTC-1,0.000038,0.848689,0.151273
AGCGACATCCCATTCA-1,0.000067,0.014891,0.985042
AGCGACCAACGATATT-1,0.000025,0.014166,0.985809
AGCGACTTTGAAGACA-1,0.18507,0.010529,0.804401
AGCGAGACGTGAAGGC-1,0.581333,0.006378,0.412289
AGCGATGCGCCTAATA-1,0.071522,0.311193,0.617285
AGCGCATAATGAATCG-1,0.000023,0.189957,0.81002
AGCGCGGGTGCCAATG-1,0.00441,0.039702,0.955889
AGCGCTAGAGCGATGT-1,0.000031,0.39838,0.60159
AGCGCTTATGGGCAAG-1,0.008081,0.065026,0.926893
AGCGGACACTTCGTAG-1,0.004003,0.370429,0.625568
AGCGGCGGTTAGCGGT-1,0.130367,0.869394,0.00024
AGCGGGAAGGGTCCAT-1,0.000043,0.322994,0.676963
AGCGGGTCTGACACTC-1,0.002667,0.092018,0.905316
AGCGGTTGAGATGTAC-1,0.016065,0.682613,0.301322
AGCGGTTGCCGCTCTG-1,0.000013,0.084787,0.9152
AGCGTACGAGAGCTAG-1,0.000012,0.004807,0.99518
AGCGTAGCGCTAGACC-1,0.000101,0.388233,0.611666
AGCGTCTGAACCCGCA-1,0.006891,0.19034,0.802769
AGCGTGGTATTCTACT-1,0.000039,0.078773,0.921188
AGCGTTCCGATTTAAA-1,0.136241,0.833797,0.029962
AGCTAACAAGCAATGT-1,0.022948,0.596835,0.380216
AGCTAAGCTCCGTCCG-1,0.37739,0.063501,0.559108
AGCTAAGTACGCAGGC-1,0.000182,0.09733,0.902487
AGCTAGAAGCAGAAGT-1,0.000029,0.101439,0.898533
AGCTATTTAATCCAAC-1,0.000057,0.349031,0.650912
AGCTCCATATATGTTC-1,0.025155,0.526033,0.448813
AGCTCCTTCGCACATC-1,0.006615,0.108402,0.884983
AGCTCGTTGATGGAAA-1,0.001873,0.022973,0.975153
AGCTCTAGACGTTCCA-1,0.068742,0.718923,0.212334
AGCTCTTCCCAGTGCA-1,0.043216,0.682744,0.27404
AGCTCTTCGTAACCTT-1,0.172662,0.404791,0.422547
AGCTCTTTACTCAGTT-1,0.000054,0.200809,0.799137
AGCTGAAGTAAACCAA-1,0.006489,0.232595,0.760916
AGCTGCATTTGAGGTG-1,0.000027,0.015106,0.984866
AGCTGCTGTGCCGAAT-1,0.009049,0.173673,0.817278
AGCTGTAACCTCAATC-1,0.000055,0.722786,0.277159
AGCTTATAGAGACCTG-1,0.00003,0.178557,0.821413
AGCTTCAATACTTTGA-1,0.000045,0.125364,0.874591
AGCTTCTTCTCGAGCA-1,0.016193,0.065099,0.918708
AGCTTGATCAGGGTAG-1,0.781898,0.008857,0.209245
AGCTTGATCTTAACTT-1,0.00004,0.552472,0.447488
AGGAACGAACGACTTC-1,0.014075,0.228719,0.757206
AGGAAGCTGTCCGCCG-1,0.00385,0.430598,0.565552
AGGACAGTCGAATCCC-1,0.000124,0.690257,0.30962
AGGACATCGCACGTCG-1,0.000035,0.32492,0.675044
AGGACATCGGCACACT-1,0.040073,0.148993,0.810934
AGGACGACCCATTAGA-1,0.000056,0.345306,0.654638
AGGACGCTCGATGTTG-1,0.000039,0.166929,0.833032
AGGAGACATCCACAGT-1,0.006485,0.000692,0.992823
AGGAGAGTCTGGCTAC-1,0.006745,0.041368,0.951887
AGGAGGCCTTCGCGCG-1,0.105292,0.480181,0.414526
AGGATAAAGTCGGGAT-1,0.00004,0.256194,0.743766
AGGATATAGGGATTTA-1,0.030878,0.774888,0.194233
AGGATATCCGACTGCA-1,0.000022,0.089368,0.91061
AGGATCACGCGATCTG-1,0.056702,0.158322,0.784975
AGGATTGCTTACGACA-1,0.007175,0.10266,0.890166
AGGCAAAGAGGAATCA-1,0.057382,0.45361,0.489008
AGGCACGTGACTGTCC-1,0.021888,0.00352,0.974591
AGGCAGATGCGTAAAC-1,0.000078,0.851516,0.148407
AGGCAGGGAGCGTACT-1,0.000018,0.181378,0.818604
AGGCATTGTCGTAGGG-1,0.033671,0.4844,0.481929
AGGCCACATTGGTTAC-1,0.00837,0.000015,0.991615
AGGCCACCCGTTATGA-1,0.000038,0.143362,0.8566
AGGCCCATTGTACAGG-1,0.018791,0.002929,0.97828
AGGCCCTAGAACGCCA-1,0.000023,0.415558,0.584419
AGGCCTATCATACCAA-1,0.000021,0.429709,0.57027
AGGCCTGAGAATCTCG-1,0.010223,0.26433,0.725447
AGGCGATAACTGGCGT-1,0.000018,0.043714,0.956268
AGGCGGTTTGTCCCGC-1,0.4566,0.000091,0.543309
AGGCGTCTATGGACGG-1,0.000016,0.311622,0.688362
AGGCTATGGTTAGCTT-1,0.000046,0.323007,0.676947
AGGCTTAAGTTGCACA-1,0.204193,0.018189,0.777618
AGGCTTCCCGAAGAAG-1,0.000033,0.15461,0.845356
AGGCTTGCTAGACACC-1,0.00573,0.07247,0.9218
AGGGAAACGAGGTACT-1,0.107483,0.826788,0.065728
AGGGACAGCACGGCGG-1,0.00006,0.536697,0.463243
AGGGACCGGCTGCGTT-1,0.000016,0.016206,0.983778
AGGGACTCTACGCGAC-1,0.000036,0.680743,0.319221
AGGGAGACATACTTCG-1,0.021656,0.178758,0.799587
AGGGCAGCGGCGTGGT-1,0.000025,0.000051,0.999924
AGGGCCCTAATGTTCT-1,0.031646,0.000026,0.968328
AGGGCGAGCAGCTGAT-1,0.00954,0.386898,0.603561
AGGGCGTGATCGGCTA-1,0.000031,0.215618,0.784351
AGGGCTGCAGTTACAG-1,0.000158,0.998734,0.001108
AGGGTCAGAGCACTCG-1,0.040021,0.111606,0.848373
AGGGTCAGTAACCCTA-1,0.000015,0.062824,0.937161
AGGGTCGATGCGAACT-1,0.000024,0.042677,0.957299
AGGGTGCCGTTCTTTA-1,0.000015,0.400124,0.599861
AGGGTGCTCTCGAGGG-1,0.000062,0.683664,0.316274
AGGGTGGATAGTGCAT-1,0.015244,0.07402,0.910737
AGGGTGTGCTACACGC-1,0.000377,0.265869,0.733754
AGGGTTCAGACGGTCC-1,0.017391,0.199133,0.783476
AGGGTTCCCTTTGGTT-1,0.014537,0.64528,0.340183
AGGGTTTAGTTCGGGA-1,0.000149,0.910078,0.089774
AGGTAACCTCCTATTC-1,0.000088,0.857795,0.142116
AGGTACGATATTGCCA-1,0.000033,0.119557,0.880409
AGGTAGATCGAGATAT-1,0.000012,0.375357,0.624631
AGGTAGGTACAAAGCT-1,0.018973,0.214461,0.766566
AGGTATAATTGATAGT-1,0.004475,0.202203,0.793322
AGGTATGCGGACATTA-1,0.000011,0.00142,0.998569
AGGTCAGGTGAGAGTG-1,0.000027,0.542762,0.457211
AGGTCGCCACTTCGGT-1,0.000029,0.076432,0.923538
AGGTCGCCTCCCAACA-1,0.000009,0.000551,0.99944
AGGTCGCGGAGTTACT-1,0.000029,0.14647,0.853501
AGGTGCACGTCCACAT-1,0.0134,0.052345,0.934255
AGGTGGTGACCTTCGC-1,0.034192,0.18239,0.783419
AGGTGTATCGCCATGA-1,0.000057,0.576177,0.423766
AGGTGTTGCCGACCAC-1,0.047037,0.133825,0.819138
AGGTTACACCATGCCG-1,0.000027,0.154562,0.84541
AGGTTCTCCTTTCCGG-1,0.879226,0.11835,0.002424
AGGTTGAGGCACGCTT-1,0.000088,0.778733,0.22118
AGGTTTCACACACCTT-1,0.000057,0.240384,0.75956
AGTAACGTTCATCCTG-1,0.08094,0.918257,0.000803
AGTAATCTAAGGGTGG-1,0.000021,0.243349,0.75663
AGTAATGTCTTGCCGC-1,0.000108,0.349514,0.650378
AGTAATTTGCAAGCGT-1,0.748118,0.005599,0.246282
AGTACAGAAGCTTATA-1,0.000013,0.187076,0.812912
AGTACATCATTTATCA-1,0.014758,0.088523,0.89672
AGTACCTTCGAGTGCT-1,0.000021,0.016677,0.983302
AGTACGGCCCGTATCG-1,0.055622,0.482993,0.461385
AGTACGGGCACCTGGC-1,0.059241,0.637175,0.303584
AGTACGTGGCCTGTCT-1,0.000104,0.951031,0.048865
AGTACTCTTATGCCCA-1,0.000033,0.1483,0.851667
AGTAGAAGGCGCCTCA-1,0.00002,0.38973,0.61025
AGTAGCGTGAACGAAC-1,0.000023,0.014958,0.985019
AGTAGCTAGACGCCGA-1,0.000038,0.080996,0.918966
AGTAGGAAGGAAGTTG-1,0.000021,0.000042,0.999936
AGTAGGTAACATACAT-1,0.087403,0.270274,0.642322
AGTATAATACTAGGCA-1,0.029038,0.057894,0.913068
AGTATACACAGCGACA-1,0.016415,0.184549,0.799036
AGTATCCATAATAACG-1,0.000083,0.518619,0.481298
AGTATGCTGGAGACCA-1,0.008883,0.345819,0.645298
AGTATTTGGCACGACC-1,0.001576,0.141852,0.856573
AGTCAAATGATGTGAT-1,0.112475,0.183581,0.703944
AGTCAACACCACCATC-1,0.000045,0.247018,0.752937
AGTCAAGATGACACTT-1,0.000155,0.745211,0.254634
AGTCACTAGCTCTCGA-1,0.095477,0.476239,0.428284
AGTCACTCCGCCTCAT-1,0.021246,0.263501,0.715253
AGTCAGCCACCGCCTG-1,0.009029,0.147566,0.843405
AGTCCATTGGCTGATG-1,0.000061,0.306381,0.693558
AGTCCCGCCTTTAATT-1,0.000023,0.000046,0.999932
AGTCCCTCGCAGAAAG-1,0.006519,0.02974,0.963741
AGTCGAAACGATTCAG-1,0.610714,0.388922,0.000364
AGTCGACGGTCTCAAG-1,0.055608,0.770277,0.174114
AGTCGGCCCAAACGAC-1,0.000035,0.146522,0.853444
AGTCGGCTCAACTTTA-1,0.000017,0.095654,0.904329
AGTCGGTTGCGTGAGA-1,0.03428,0.310002,0.655717
AGTCGTATAAAGCAGA-1,0.000009,0.20625,0.793741
AGTCGTCGACCACCAA-1,0.000016,0.149963,0.85002
AGTCGTGGGCATTACG-1,0.000031,0.135115,0.864854
AGTCTAAAGTATACTC-1,0.00171,0.075952,0.922338
AGTCTCACAAGACTAC-1,0.033906,0.32205,0.644044
AGTCTGGACATCCTTG-1,0.019394,0.09018,0.890427
AGTCTTCTCCTCAAAT-1,0.000051,0.284176,0.715772
AGTCTTTAAAGTGTCC-1,0.007823,0.192109,0.800068
AGTGAACAAACTTCTC-1,0.000047,0.124175,0.875778
AGTGAAGATGGTGTCC-1,0.039824,0.150815,0.809362
AGTGACCTACTTTACG-1,0.000055,0.356338,0.643607
AGTGACTGTGACACAA-1,0.286897,0.326093,0.387009
AGTGAGACTTCCAGTA-1,0.015439,0.280319,0.704242
AGTGAGCCTCGCCGCC-1,0.001446,0.031638,0.966915
AGTGAGGGTTTCTGAC-1,0.000137,0.998905,0.000958
AGTGATAACCTGCGCG-1,0.000017,0.004521,0.995462
AGTGATATGAGTAGTT-1,0.000041,0.24647,0.753489
AGTGATTCAAGCAGGA-1,0.000068,0.404419,0.595513
AGTGCACGCTTAAGAA-1,0.234807,0.489551,0.275642
AGTGCGTAGCTCGTAA-1,0.00003,0.210672,0.789297
AGTGCTAAACACAGCA-1,0.000013,0.0596,0.940387
AGTGCTTGCACGAATA-1,0.000072,0.532097,0.467831
AGTGGCCCGCAAATGG-1,0.006339,0.039662,0.954
AGTGGCGGCAATTTGA-1,0.000028,0.048088,0.951884
AGTGGCGTCTGAAGGT-1,0.00001,0.24222,0.75777
AGTGGCTCCGTCGGCC-1,0.000037,0.432809,0.567155
AGTGGTGTTACCCGTG-1,0.322465,0.39287,0.284665
AGTGGTTGCGTATAGG-1,0.000089,0.999289,0.000622
AGTGTATTGCGCATTG-1,0.000029,0.064795,0.935176
AGTGTGCTAAGATCGC-1,0.021079,0.575362,0.40356
AGTGTGGTCTATTGTG-1,0.008807,0.594999,0.396194
AGTTAAACACTTGCGA-1,0.000024,0.005906,0.99407
AGTTAAGCGGTCCCGG-1,0.000055,0.574337,0.425608
AGTTAAGTCAACCGCT-1,0.124954,0.454661,0.420385
AGTTACCCTTAAGACT-1,0.000036,0.48792,0.512044
AGTTACCGCACATGGT-1,0.000015,0.158238,0.841748
AGTTACTCTATCGTGG-1,0.003351,0.615418,0.381231
AGTTATTGAAAGGTAA-1,0.014998,0.184877,0.800125
AGTTCACCGGTTGGAC-1,0.000018,0.080055,0.919928
