Barcode,Topic 1,Topic 2to4,Topic 5to12
AAACAAGTATCTCCCA-1,0.05814,0.22688,0.714981
AAACACCAATAACTGC-1,0.047205,0.004368,0.948427
AAACAGAGCGACTCCT-1,0.000019,0.011054,0.988927
AAACAGCTTTCAGAAG-1,0.000011,0.000034,0.999954
AAACAGGGTCTATATT-1,0.003263,0.004566,0.992171
AAACAGTGTTCCTGGG-1,0.037264,0.153614,0.809122
AAACATGGTGAGAGGA-1,0.020335,0.179,0.800665
AAACATTTCCCGGATT-1,0.41757,0.272991,0.309439
AAACCACTACACAGAT-1,0.000027,0.00739,0.992582
AAACCCGAACGAAATC-1,0.303165,0.090516,0.606318
AAACCGGAAATGTTAA-1,0.051721,0.567136,0.381142
AAACCGTTCGTCCAGG-1,0.06231,0.000384,0.937306
AAACCTAAGCAGCCGG-1,0.035815,0.040105,0.92408
AAACCTCATGAAGTTG-1,0.156372,0.000066,0.843562
AAACGAAGAACATACC-1,0.000097,0.033012,0.966891
AAACGAAGATGGAGTA-1,0.098697,0.00486,0.896443
AAACGACAGTCTTGCC-1,0.084153,0.079273,0.836574
AAACGAGACGGTTGAT-1,0.056162,0.060214,0.883624
AAACGCCCGAGATCGG-1,0.063106,0.026525,0.910369
AAACGCTGGGCACGAC-1,0.399297,0.5311,0.069603
AAACGGGCGTACGGGT-1,0.009375,0.232853,0.757772
AAACGGTTGCGAACTG-1,0.179766,0.068084,0.752149
AAACGTGTTCGCCCTA-1,0.153842,0.038479,0.807679
AAACTAACGTGGCGAC-1,0.068982,0.018997,0.912021
AAACTCGGTTCGCAAT-1,0.000068,0.171921,0.828011
AAACTCGTGATATAAG-1,0.139194,0.108291,0.752515
AAACTGCTGGCTCCAA-1,0.072764,0.000075,0.927161
AAACTTAATTGCACGC-1,0.029756,0.259966,0.710279
AAACTTGCAAACGTAT-1,0.046278,0.00022,0.953502
AAAGAATGACCTTAGA-1,0.199267,0.00065,0.800083
AAAGAATGTGGACTAA-1,0.00004,0.780606,0.219353
AAAGACCCAAGTCGCG-1,0.000126,0.049042,0.950832
AAAGACTGGGCGCTTT-1,0.029937,0.000042,0.970021
AAAGCTTGCCTACATA-1,0.001767,0.142097,0.856136
AAAGGCCCTATAATAC-1,0.118079,0.060889,0.821032
AAAGGCTACGGACCAT-1,0.000061,0.04555,0.954389
AAAGGCTCTCGCGCCG-1,0.101983,0.282072,0.615945
AAAGGGATGTAGCAAG-1,0.000033,0.000098,0.999869
AAAGGGCAGCTTGAAT-1,0.105699,0.000282,0.894018
AAAGGTAAGCTGTACC-1,0.203196,0.025973,0.770831
AAAGTAGCATTGCTCA-1,0.076319,0.012233,0.911448
AAAGTCACTGATGTAA-1,0.084467,0.097833,0.8177
AAAGTCGACCCTCAGT-1,0.022723,0.000033,0.977244
AAAGTGCCATCAATTA-1,0.489263,0.501212,0.009525
AAAGTGTGATTTATCT-1,0.005497,0.380975,0.613528
AAAGTTGACTCCCGTA-1,0.001043,0.120839,0.878118
AAATAACCATACGGGA-1,0.000055,0.054021,0.945925
AAATAAGGTAGTGCCC-1,0.174664,0.257224,0.568111
AAATACCTATAAGCAT-1,0.113354,0.089501,0.797145
AAATAGCTTAGACTTT-1,0.129267,0.152868,0.717864
AAATAGGGTGCTATTG-1,0.000013,0.066532,0.933455
AAATCCGATACACGCC-1,0.004341,0.181589,0.81407
AAATCGCGGAAGGAGT-1,0.000033,0.032621,0.967346
AAATCGTGTACCACAA-1,0.094371,0.000177,0.905452
AAATCTAGCCCTGCTA-1,0.000045,0.55598,0.443975
AAATCTGCCCGCGTCC-1,0.134871,0.115725,0.749404
AAATGACTGATCAAAC-1,0.008334,0.025001,0.966665
AAATGATTCGATCAGC-1,0.082241,0.188705,0.729054
AAATGCTCGTTACGTT-1,0.081671,0.000203,0.918126
AAATGGCATGTCTTGT-1,0.055581,0.007429,0.93699
AAATGGCCCGTGCCCT-1,0.019367,0.000071,0.980563
AAATGGTCAATGTGCC-1,0.000065,0.035323,0.964612
AAATGTATCTTATCCC-1,0.469113,0.000094,0.530793
AAATTAACGGGTAGCT-1,0.000058,0.000175,0.999767
AAATTAATAAGCGCGA-1,0.264773,0.015564,0.719663
AAATTACACGACTCTG-1,0.000049,0.000836,0.999115
AAATTACCTATCGATG-1,0.000025,0.026698,0.973278
AAATTCCAGGTCCAAA-1,0.185197,0.365439,0.449364
AAATTGATAGTCCTTT-1,0.116602,0.02606,0.857339
AAATTGCGGCGGTTCT-1,0.000248,0.231245,0.768507
AAATTGGTGAGAAGCA-1,0.11763,0.385047,0.497323
AAATTTACCGAAATCC-1,0.000048,0.000143,0.999809
AAATTTGCGGGTGTGG-1,0.000107,0.047265,0.952628
AACAACTGGTAGTTGC-1,0.000106,0.000318,0.999575
AACAATACATTGTCGA-1,0.000109,0.096178,0.903713
AACAATTACTCTACGC-1,0.113758,0.048323,0.837919
AACACACGCTCGCCGC-1,0.265001,0.521385,0.213614
AACACGACTGTACTGA-1,0.000055,0.000164,0.999782
AACACGAGACGCGGCC-1,0.000057,0.036235,0.963708
AACAGCTGTGTGGCAA-1,0.243747,0.000185,0.756068
AACAGGAAATCGAATA-1,0.000051,0.000153,0.999796
AACAGGTAGTATGGAT-1,0.000049,0.381917,0.618034
AACATAGCGTGTATCG-1,0.000047,0.00014,0.999814
AACATATCAACTGGTG-1,0.028712,0.193854,0.777434
AACATCGATACGTCTA-1,0.217172,0.147719,0.635109
AACATTGAAGTTGATC-1,0.063966,0.038253,0.897781
AACATTGGTCAGCCGT-1,0.113116,0.000865,0.886019
AACATTGTGACTCGAG-1,0.00004,0.00012,0.99984
AACCAAGACTTCTCTG-1,0.197069,0.0002,0.80273
AACCAGTATCACTCTT-1,0.000046,0.000138,0.999816
AACCATAGGGTTGAAC-1,0.02139,0.000745,0.977865
AACCCATCCCATGATC-1,0.04171,0.000061,0.95823
AACCCGACAACCCGTG-1,0.00004,0.000121,0.999838
AACCCGAGCAGAATCG-1,0.000032,0.697871,0.302097
AACCCGATAGGGCTTC-1,0.044022,0.027339,0.928639
AACCCGCTGTATTCCA-1,0.000076,0.000227,0.999698
AACCCTACTGTCAATA-1,0.151726,0.182065,0.666208
AACCCTGGTGGAACCA-1,0.035247,0.018588,0.946165
AACCGAGCTTGGTCAT-1,0.000066,0.072498,0.927436
AACCGCTAAGGGATGC-1,0.368388,0.222344,0.409268
AACCGTTGTGTTTGCT-1,0.04343,0.00494,0.95163
AACCTCGCTTTAGCCC-1,0.020373,0.138101,0.841527
AACCTGTCACGGAATT-1,0.050719,0.222652,0.726629
AACCTTTAAATACGGT-1,0.000044,0.221253,0.778702
AACCTTTACGACGTCT-1,0.04046,0.130975,0.828564
AACGAAAGTCGTCCCA-1,0.0072,0.043342,0.949458
AACGACCTCCTAGCCG-1,0.000024,0.971591,0.028385
AACGATAATGCCGTAG-1,0.000028,0.120957,0.879015
AACGATAGAAGGGCCG-1,0.000097,0.00029,0.999614
AACGATATGTCAACTG-1,0.027991,0.102131,0.869877
AACGCATGATCTGGGT-1,0.10892,0.029068,0.862012
AACGCGACCTTGGGCG-1,0.000079,0.16488,0.835042
AACGCGGTCTCCAGCC-1,0.202533,0.07753,0.719937
AACGCTGTTGCTGAAA-1,0.041158,0.266131,0.692711
AACGGACGTACGTATA-1,0.000043,0.304898,0.695059
AACGGCCATCTCCGGT-1,0.000079,0.072344,0.927577
AACGTACTGTGGGTAC-1,0.000104,0.000311,0.999585
AACGTCAGACTAGTGG-1,0.000074,0.021489,0.978437
AACGTCATCCGGCTTG-1,0.011905,0.035716,0.952378
AACGTCGCTGCACTTC-1,0.362854,0.451481,0.185665
AACGTGATGAAGGACA-1,0.002288,0.004779,0.992932
AACGTGCGAAAGTCTC-1,0.116986,0.070288,0.812726
AACGTTATCAGCACCT-1,0.081774,0.000061,0.918165
AACGTTCTACCATTGT-1,0.000108,0.848856,0.151037
AACTACCCGTTTGTCA-1,0.000035,0.50534,0.494625
AACTAGCGTATCGCAC-1,0.000191,0.02855,0.971259
AACTAGGCTTGGGTGT-1,0.006094,0.322614,0.671291
AACTCAAGTTAATTGC-1,0.067854,0.024258,0.907888
AACTCCAGAGCGTGTT-1,0.000045,0.102233,0.897722
AACTCCTAATCCCATG-1,0.059831,0.000183,0.939985
AACTCTCAATAGAGCG-1,0.000023,0.000068,0.999909
AACTCTCAGTGTGCTC-1,0.000083,0.000734,0.999183
AACTGAGGTCAGCGTC-1,0.000061,0.000183,0.999756
AACTGAGTTATACTGA-1,0.021178,0.491691,0.487131
AACTGATATTAGGCCT-1,0.019268,0.000159,0.980572
AACTGGGTCCCGACGT-1,0.000049,0.014103,0.985848
AACTGGGTTCGAGCCG-1,0.000082,0.222748,0.77717
AACTGGTGTGGGCCTT-1,0.018201,0.150157,0.831642
AACTTCTGCGTCTATC-1,0.000035,0.000105,0.99986
AACTTGCGTTCTCGCG-1,0.000064,0.019805,0.980131
AACTTTACGGGAGCTT-1,0.000022,0.002425,0.997553
AACTTTAGCTGCTGAG-1,0.000171,0.000513,0.999316
AACTTTCTCGATCATG-1,0.290603,0.384198,0.325199
AAGAAAGTTTGATGGG-1,0.000062,0.000187,0.999751
AAGAAATCACCAGATT-1,0.249045,0.036902,0.714053
AAGACATACGTGGTTT-1,0.02214,0.683725,0.294134
AAGACCAAATAACTCA-1,0.000624,0.054812,0.944564
AAGACCCAACTGAACA-1,0.044676,0.075709,0.879615
AAGACTGCAAGCTACT-1,0.016675,0.033429,0.949896
AAGAGATGAATCGGTA-1,0.262076,0.000453,0.737471
AAGAGCTCTTTATCGG-1,0.09685,0.130766,0.772384
AAGAGGATGTACGCGA-1,0.095775,0.032156,0.872069
AAGAGGCATGGATCGC-1,0.014825,0.120028,0.865147
AAGAGGCCCTTTGGAA-1,0.004574,0.61975,0.375676
AAGATGGCACCGGACC-1,0.019655,0.049315,0.931029
AAGATTGGCGGAACGT-1,0.000025,0.009813,0.990162
AAGCACCCTGCGTATC-1,0.044271,0.11154,0.844189
AAGCATACTCTCCTGA-1,0.000043,0.116393,0.883564
AAGCCACTTGCAGGTA-1,0.066603,0.087493,0.845904
AAGCCGAAGCGGTTTA-1,0.057422,0.605614,0.336965
AAGCCGCCGTGAAATC-1,0.049232,0.066966,0.883803
AAGCCGCTTTACCTTG-1,0.051357,0.149329,0.799314
AAGCCGGAGAGCAGGA-1,0.006787,0.832092,0.161121
AAGCGCAGGGCTTTGA-1,0.000085,0.31874,0.681175
AAGCGGAGTGCGCGCA-1,0.002847,0.020554,0.976599
AAGCGGCGTCATGGGT-1,0.000061,0.000182,0.999757
AAGCGTCCCTCATCGA-1,0.000141,0.058442,0.941417
AAGCTAGATCGAGTAA-1,0.000052,0.208624,0.791323
AAGCTATGGATTGACC-1,0.041668,0.62498,0.333352
AAGCTCGTGCCAAGTC-1,0.000071,0.067387,0.932542
AAGCTCTTTCATGGTG-1,0.164123,0.393152,0.442725
AAGGAGCGGTTGGTGC-1,0.158378,0.000275,0.841348
AAGGATCGATCGCTTG-1,0.00004,0.169659,0.830301
AAGGATGAGGGACCTC-1,0.045393,0.120339,0.834268
AAGGCAGGCTGTCTCC-1,0.025805,0.403901,0.570293
AAGGCGCGTAAAGCTT-1,0.000078,0.023389,0.976532
AAGGCTGTGCTCATCG-1,0.000062,0.016318,0.98362
AAGGGAACGACTGGCT-1,0.088646,0.005182,0.906172
AAGGGACAGATTCTGT-1,0.00659,0.039265,0.954145
AAGGGACTATGCATTC-1,0.039262,0.075774,0.884965
AAGGGTTAGCCATGCG-1,0.000144,0.691152,0.308704
AAGGGTTTGATTTCAG-1,0.008529,0.291108,0.700363
AAGGTATCCTAATATA-1,0.00003,0.000089,0.999881
AAGGTGATAAACCAGC-1,0.00003,0.10115,0.89882
AAGTAGAAGACCGGGT-1,0.062954,0.000072,0.936973
AAGTAGTGACGCGAGG-1,0.113467,0.000406,0.886127
AAGTCAATTGTCGTCA-1,0.176646,0.387526,0.435827
AAGTCTAGTAGCTGCC-1,0.130815,0.18035,0.688835
AAGTCTTCTGTGGCCT-1,0.00083,0.060909,0.938261
AAGTGACGACCGAATT-1,0.00008,0.036943,0.962977
AAGTGAGTCGGGTTTA-1,0.000052,0.000155,0.999794
AAGTGCAAAGGTAGAC-1,0.048724,0.000043,0.951233
AAGTGCCTTGACTGTA-1,0.113598,0.236884,0.649519
AAGTGCGTTAGAATCT-1,0.043954,0.000213,0.955833
AAGTGCTTCTCTATTG-1,0.000109,0.111323,0.888568
AAGTGTTTGGAGACGG-1,0.000033,0.132019,0.867948
AAGTTCACTCCAAGCT-1,0.187521,0.306819,0.505659
AAGTTCAGTCTGCGTA-1,0.000054,0.013802,0.986144
AAGTTCGGCCAACAGG-1,0.000072,0.108549,0.89138
AAGTTGTGATGTTATA-1,0.072507,0.240332,0.68716
AAGTTTACTAATGGCA-1,0.000169,0.039931,0.9599
AAGTTTATGGGCCCAA-1,0.081006,0.33193,0.587064
AATAACAACGCTCGGC-1,0.101925,0.000267,0.897808
AATAACACTAGAACAA-1,0.010813,0.004659,0.984528
AATAACGTCGCGCCCA-1,0.000047,0.344129,0.655825
AATAAGTCCTCGAGAC-1,0.103696,0.026141,0.870163
AATAATCTTCGTATCG-1,0.000031,0.770471,0.229498
AATACAATGTTTCAGG-1,0.054565,0.014345,0.93109
AATACCGGAGGGCTGT-1,0.000069,0.007276,0.992655
AATACCTGATGTGAAC-1,0.227112,0.238426,0.534462
AATAGAACAGAGTGGC-1,0.142531,0.045319,0.81215
AATAGAATCTGTTTCA-1,0.000263,0.256736,0.743001
AATAGCAAGCCTCCTG-1,0.153205,0.000136,0.84666
AATAGCTACCGCGTGC-1,0.000037,0.189525,0.810437
AATAGGCACGACCCTT-1,0.041668,0.125002,0.83333
AATAGTCCGTCCCGAC-1,0.239831,0.148783,0.611386
AATAGTCGCGAGTCGG-1,0.00106,0.000074,0.998866
AATATCCTAGCAAACT-1,0.001089,0.000031,0.998881
AATATCGAATCAATGC-1,0.055374,0.519989,0.424636
AATATCGAGGGTTCTC-1,0.000089,0.213584,0.786327
AATATTGGAGTATTGA-1,0.000053,0.020476,0.979471
AATCAGGTTTCATTTA-1,0.095559,0.000147,0.904294
AATCATGTAAAGACTC-1,0.233276,0.307857,0.458867
AATCCAAGGGCCTGAG-1,0.064685,0.007795,0.92752
AATCCCGCTCAGAGCC-1,0.004167,0.012501,0.983333
AATCGAGGTCTCAAGG-1,0.003788,0.393053,0.603159
AATCGCCTCAGCGCCA-1,0.002287,0.123966,0.873747
AATCGCGCAGAGGACT-1,0.014952,0.159718,0.82533
AATCGGGACACTACGA-1,0.000141,0.001814,0.998045
AATCGGTATAGCCCTC-1,0.096543,0.558353,0.345104
AATCGTGAGCCGAGCA-1,0.00029,0.052385,0.947326
AATCTAGGTTTACTTG-1,0.000019,0.000057,0.999924
AATCTATGCCGGAGCC-1,0.06589,0.142969,0.791141
AATCTCTACTGTGGTT-1,0.072792,0.000042,0.927166
AATCTGCGTTGGGACG-1,0.094985,0.131608,0.773407
AATCTGGCTTTCTAGT-1,0.053979,0.000083,0.945938
AATCTGGGTAGACCCT-1,0.000054,0.02588,0.974066
AATGACAGCAATGTCT-1,0.206483,0.000966,0.792551
AATGACGTAGGATGTC-1,0.000044,0.043457,0.956498
AATGACTGTCAGCCGG-1,0.000081,0.000243,0.999676
AATGAGTTCGCATATG-1,0.000078,0.016409,0.983513
AATGATGATACGCTAT-1,0.048358,0.079975,0.871667
AATGATGCGACTCCTG-1,0.000054,0.296619,0.703327
AATGCAACCGGGTACC-1,0.254789,0.01862,0.726591
AATGCACCAAGCAATG-1,0.193316,0.014276,0.792408
AATGGCCGCCAATGCG-1,0.281465,0.000252,0.718283
AATGGTCCACCGTTCA-1,0.000021,0.000062,0.999918
AATGTATGGCACTGTA-1,0.000026,0.086965,0.913008
AATGTGCCCGAGGTGT-1,0.176015,0.044376,0.779609
AATGTGCTAATCTGAG-1,0.160809,0.019308,0.819883
AATGTTAAGACCCTGA-1,0.00009,0.058017,0.941893
AATGTTGTCGTGAGAC-1,0.309687,0.196112,0.494201
AATTAAAGGTCGGCGT-1,0.000055,0.042612,0.957333
AATTAACGGATTTCCA-1,0.000079,0.039715,0.960207
AATTACGAGACCCATC-1,0.000057,0.093313,0.90663
AATTACTCGTACGCTC-1,0.000028,0.011133,0.988839
AATTAGCGCTGCAGCG-1,0.00006,0.036675,0.963265
AATTATACCCAGCAAG-1,0.000068,0.026953,0.972979
AATTCATAAGGGATCT-1,0.000056,0.044226,0.955718
AATTCATTGTCATGCA-1,0.105933,0.23816,0.655907
AATTCCAAGCATGTAC-1,0.252409,0.018742,0.728849
AATTCGATTCGAGGAT-1,0.115414,0.068317,0.816269
AATTCTAGAGTTAGGC-1,0.000073,0.000219,0.999708
AATTGAACGCTCTGGT-1,0.000048,0.288279,0.711673
AATTGCAGCAATCGAC-1,0.054896,0.462514,0.48259
AATTGCGTGGATTACA-1,0.02006,0.059817,0.920122
AATTGTGGTTGCCAAA-1,0.004301,0.950447,0.045252
AATTTGGGACATAGTA-1,0.144733,0.000375,0.854892
AATTTGGTTCCAAAGA-1,0.00007,0.00021,0.99972
ACAAACCATGCGTCCT-1,0.186044,0.081002,0.732954
ACAAACTCCATCAGAG-1,0.006411,0.371947,0.621643
ACAAAGAAGGTAGGCC-1,0.000029,0.010494,0.989477
ACAAAGCATGACCTAG-1,0.029951,0.393835,0.576214
ACAAATCGCACCGAAT-1,0.002634,0.177561,0.819805
ACAAATGGTAGTGTTT-1,0.011467,0.161838,0.826695
ACAAATTCAGATCTGA-1,0.000045,0.001223,0.998732
ACAACAGCATGAGCTA-1,0.007351,0.121535,0.871114
ACAAGCTATATGGAAG-1,0.007623,0.051525,0.940852
ACAAGGAAATCCGCCC-1,0.000027,0.029785,0.970187
ACAAGGACAAGAGGTT-1,0.006953,0.055774,0.937273
ACAAGGATGCTTTAGG-1,0.000021,0.133342,0.866636
ACAAGGCCTACCAGCC-1,0.00005,0.000149,0.999802
ACAAGGGCAGGCTCTG-1,0.106826,0.334673,0.558501
ACAAGTAATTGTAAGG-1,0.041667,0.125002,0.833331
ACAATAGTCGTACGTT-1,0.00009,0.000271,0.999639
ACAATCCATTTAAACC-1,0.100135,0.08079,0.819075
ACAATGAATACGGAGA-1,0.048714,0.000276,0.95101
ACAATGATTCTTCTAC-1,0.12097,0.038927,0.840103
ACAATTGTGTCTCTTT-1,0.19025,0.389459,0.420292
ACAATTTAGGAGGCTC-1,0.000997,0.019332,0.979671
ACAATTTGAGCAGTGG-1,0.000059,0.109671,0.89027
ACAATTTGGCCATATT-1,0.05747,0.400842,0.541688
ACACAAAGACGGGTGG-1,0.000076,0.027942,0.971982
ACACAAATATTCCTAG-1,0.004886,0.02422,0.970893
ACACACCAGGACCAGT-1,0.00003,0.060027,0.939943
ACACACTTTCTACACG-1,0.000068,0.000205,0.999727
ACACATGATCAAATCT-1,0.129373,0.145248,0.725379
ACACATTGACGCAACA-1,0.00003,0.000089,0.999881
ACACATTTCCGTAGAC-1,0.115943,0.139967,0.74409
ACACCACATAATTAGC-1,0.147424,0.321789,0.530787
ACACCCAGCATGCAGC-1,0.000068,0.000204,0.999728
ACACCCGAGAAATCCG-1,0.048774,0.015328,0.935897
ACACCGAGCGCTCTTT-1,0.000024,0.000071,0.999905
ACACCGGTCTGACCGC-1,0.13061,0.123492,0.745898
ACACCTTAAGTAGGGC-1,0.000129,0.000386,0.999485
ACACCTTACTACTTGC-1,0.000059,0.440977,0.558964
ACACGAGACTCCTTCT-1,0.118312,0.031591,0.850097
ACACGGCACTATGCAT-1,0.000059,0.000177,0.999764
ACACGGGAACTTAGGG-1,0.000066,0.000197,0.999737
ACACGTAGGCCACAAG-1,0.163329,0.355567,0.481103
ACACTCCAATGTCACT-1,0.000059,0.000178,0.999762
ACACTGATCAAGGTGT-1,0.075949,0.0155,0.90855
ACACTGGGACAGTCGT-1,0.030844,0.706903,0.262252
ACAGAACTGAGAACAA-1,0.027657,0.044091,0.928252
ACAGATTAGGTTAGTG-1,0.000188,0.011189,0.988623
ACAGCATAGAGCCAGT-1,0.000071,0.000212,0.999717
ACAGCGACATTCTCAT-1,0.185356,0.075172,0.739472
ACAGCGCACCCGCAGC-1,0.000035,0.000105,0.999859
ACAGGAGGCGCAGCCG-1,0.126847,0.000387,0.872766
ACAGGCACGGATCCTT-1,0.108142,0.313023,0.578835
ACAGGCTTGCCCGACT-1,0.000043,0.374548,0.625409
ACAGGTGGAGGTGAGG-1,0.000106,0.050812,0.949082
ACAGGTGTGTTGTTGC-1,0.000041,0.037982,0.961977
ACAGTAATACAACTTG-1,0.031764,0.105584,0.862652
ACAGTATACCGTGGGA-1,0.00006,0.203329,0.796611
ACAGTGCAGCGCATTT-1,0.18954,0.153913,0.656547
ACATAAGTCGTGGTGA-1,0.000048,0.025896,0.974056
ACATAATAAGGCGGTG-1,0.000069,0.000208,0.999722
ACATACAATCAAGCGG-1,0.923607,0.020834,0.055558
ACATCAGCTGGGACGC-1,0.001439,0.000062,0.998499
ACATCCCGGCCATACG-1,0.127598,0.005998,0.866404
ACATCCTGGTAACTGT-1,0.000046,0.343679,0.656275
ACATCGATCGTTTACC-1,0.00008,0.000241,0.999679
ACATCGCAATATTCGG-1,0.006945,0.020834,0.972221
ACATCGGTCAGCCGCG-1,0.003513,0.010824,0.985663
ACATCGTATGCAATGG-1,0.000028,0.068825,0.931147
ACATCGTTAACCTAGT-1,0.000036,0.000107,0.999857
ACATCTCAACGCGTAA-1,0.00008,0.000241,0.999679
ACATGCTTACGGCAGC-1,0.000035,0.000105,0.99986
ACATGGCGCCAAAGTA-1,0.062773,0.351959,0.585268
ACATGGCTCAATTTAG-1,0.000044,0.154159,0.845797
ACATTAGTTTATATCC-1,0.022526,0.116414,0.86106
ACATTCGCGCGGAATA-1,0.224998,0.014415,0.760586
ACATTTGAAACCTAAC-1,0.170093,0.281509,0.548398
ACCAAACACCCAGCGA-1,0.078078,0.105706,0.816216
ACCAACACCACACACT-1,0.016177,0.285869,0.697954
ACCAACCGCACTCCAC-1,0.420216,0.013937,0.565847
ACCAACGCTTATTTAT-1,0.025486,0.020327,0.954187
ACCAAGAACGCGTGTC-1,0.000106,0.058663,0.941231
ACCAAGTCATCGGCAG-1,0.109084,0.739398,0.151518
ACCAATATGCAAGTTA-1,0.009156,0.162918,0.827926
ACCACAACTCAGAACA-1,0.000034,0.000103,0.999863
ACCACAAGTTTCTATC-1,0.000078,0.025895,0.974027
ACCACACGGTTGATGG-1,0.000045,0.0138,0.986155
ACCACCAATGTAACAA-1,0.012942,0.161803,0.825255
ACCACCCTCTCTTCTA-1,0.483883,0.384544,0.131573
ACCACGTGCAGCTATA-1,0.000041,0.267113,0.732846
ACCACTGTTCAAGAAG-1,0.068249,0.000032,0.931718
ACCAGACCATAACAAC-1,0.000018,0.018534,0.981448
ACCAGCCCGGTCTTTG-1,0.000101,0.000303,0.999596
ACCAGGAGTGTGATCT-1,0.052261,0.000767,0.946972
ACCAGTGCCCGGTCAA-1,0.000061,0.000183,0.999756
ACCAGTGCGGGAGACG-1,0.000076,0.353568,0.646355
ACCATATCCGCAATAA-1,0.000063,0.016247,0.98369
ACCATCCGCCAACTAG-1,0.030137,0.009272,0.960591
ACCATCGTATATGGTA-1,0.000101,0.007203,0.992696
ACCATTAAGGGTGTCA-1,0.122274,0.000054,0.877671
ACCCAACGCCCGTGGC-1,0.042247,0.125794,0.831959
ACCCACCTACATGCTC-1,0.047336,0.117731,0.834933
ACCCATCTTGAGGGTA-1,0.000082,0.035667,0.964251
ACCCATTTGTCCCTCT-1,0.31506,0.152468,0.532471
ACCCGAGCGAAATTAC-1,0.223737,0.000142,0.776121
ACCCGATTGGTTCCGA-1,0.001098,0.053946,0.944956
ACCCGGAAACTCCCAG-1,0.00005,0.002459,0.997492
ACCCGGAGCACCACAA-1,0.016219,0.838935,0.144846
ACCCGGATGACGCATC-1,0.449043,0.002535,0.548422
ACCCGGTTACACTTCC-1,0.000061,0.008802,0.991137
ACCCGTAGCAGAGAAT-1,0.15131,0.099021,0.749668
ACCCGTAGTCTAGTTG-1,0.000332,0.660382,0.339286
ACCCGTGTCATCAGTA-1,0.155472,0.149418,0.69511
ACCCTATAGGACTGAG-1,0.178666,0.014715,0.806619
ACCCTATGCCATATCG-1,0.000148,0.05631,0.943543
ACCCTCCCGTCAGGGC-1,0.173776,0.409565,0.41666
ACCCTCCCTTGCTATT-1,0.000061,0.327309,0.67263
ACCCTGGTAACGCCCT-1,0.296128,0.032488,0.671384
ACCCTTCATCTGCGAA-1,0.219931,0.010845,0.769225
ACCCTTGCCTGGGTCG-1,0.488641,0.166239,0.34512
ACCCTTTAGTTCTCCA-1,0.000084,0.000253,0.999662
ACCGAAAGGGCCCTGC-1,0.000143,0.013038,0.986819
ACCGAAGAGTCTGGTT-1,0.008526,0.008626,0.982848
ACCGACACATCTCCCA-1,0.000067,0.137098,0.862836
ACCGACTGAGTCCCAC-1,0.0001,0.0003,0.999599
ACCGAGTCTCCTTATT-1,0.097065,0.161155,0.741779
ACCGATAGGCATAACC-1,0.035621,0.854572,0.109807
ACCGATATTTAATCAT-1,0.085362,0.386791,0.527847
ACCGATGGTAGCATCG-1,0.032772,0.145036,0.822191
ACCGCAATAACTGCCT-1,0.000024,0.080605,0.919371
ACCGCGGTGGAAGTCG-1,0.00239,0.330334,0.667276
ACCGCTAGTCATTGGT-1,0.000079,0.06511,0.934811
ACCGGGCCTTTGTTGA-1,0.045909,0.418967,0.535124
ACCGGTCAGGTACACC-1,0.116045,0.10342,0.780535
ACCGGTCTGAGTACGG-1,0.044543,0.006387,0.949071
ACCGTCCACTGGGCCC-1,0.05961,0.232389,0.708001
ACCGTGACCACGTGGG-1,0.073583,0.083525,0.842892
ACCGTTCCCGCTCTGA-1,0.035156,0.000482,0.964362
ACCTAAGTACCTTTCA-1,0.078091,0.000202,0.921707
ACCTAATCGACTTCCT-1,0.19077,0.022332,0.786898
ACCTACAGTATGTGGT-1,0.000061,0.250012,0.749927
ACCTACTATAAATCTA-1,0.393141,0.000116,0.606743
ACCTCAGCGAGGCGCA-1,0.016667,0.394491,0.588842
ACCTCCGCCCTCGCTG-1,0.026907,0.720131,0.252962
ACCTCCGTTATTCACC-1,0.000063,0.323101,0.676836
ACCTCGAACTTATGCT-1,0.212157,0.195499,0.592344
ACCTGCGTGTCATGTT-1,0.027955,0.039947,0.932098
ACGAAATGGGCGGCAC-1,0.028347,0.023866,0.947786
ACGACCCATGAGTTGC-1,0.039629,0.693272,0.267099
ACGACTCTAGGGCCGA-1,0.020758,0.224267,0.754975
ACGACTGGTCATACTC-1,0.167919,0.105718,0.726363
ACGAGATATTTGCTTA-1,0.000059,0.002013,0.997928
ACGAGGATACCACTCT-1,0.000076,0.000229,0.999694
ACGAGGTTTACAACGT-1,0.138207,0.000445,0.861347
ACGAGTACGGATGCCC-1,0.189289,0.144909,0.665802
ACGAGTCGCCGGCGTT-1,0.126189,0.020348,0.853463
ACGATACATAGAACTA-1,0.000074,0.035367,0.964559
ACGATACCTATCCTGA-1,0.000019,0.00335,0.996631
ACGATCATACATAGAG-1,0.000063,0.02588,0.974057
ACGATCATCTTGTAAA-1,0.024855,0.281234,0.693911
ACGATGCATATGTTAT-1,0.000072,0.000215,0.999713
ACGATGGATCCGATGC-1,0.000049,0.000147,0.999804
ACGCAAACTAATAGAT-1,0.000046,0.019884,0.980069
ACGCAATCACTACAGC-1,0.024164,0.291293,0.684543
ACGCATAAATGACATG-1,0.14764,0.009774,0.842586
ACGCATACGTTTACTA-1,0.000038,0.369423,0.630539
ACGCATTCGTGAGTAC-1,0.019994,0.000176,0.97983
ACGCCACTCGAAACAG-1,0.000103,0.018179,0.981718
ACGCCAGATGATTTCT-1,0.000049,0.000147,0.999804
ACGCCAGTGCGTTTGC-1,0.109582,0.379038,0.51138
ACGCCGCTAGACGACC-1,0.075165,0.005773,0.919062
ACGCCTGACACGCGCT-1,0.016049,0.000386,0.983565
ACGCGAAGTCAGACGA-1,0.434648,0.000061,0.565291
ACGCGCTACACAGGGT-1,0.133368,0.05281,0.813822
ACGCGGGCCAAGGACA-1,0.000055,0.00704,0.992905
ACGCGTTTCTTAAGAG-1,0.000035,0.018013,0.981953
ACGCTACTGAATGGGC-1,0.000128,0.826587,0.173285
ACGCTAGTGATACACT-1,0.027167,0.131142,0.841691
ACGCTGTGAGGCGTAG-1,0.000027,0.000082,0.999891
ACGCTTAGTGTCTCTC-1,0.000147,0.000443,0.99941
ACGGAACACGAGTGCC-1,0.095493,0.389106,0.515401
ACGGACGCAGCGACAA-1,0.033511,0.037817,0.928672
ACGGACTCTCAAAGCG-1,0.000047,0.179349,0.820604
ACGGAGCGCAAATTAC-1,0.064756,0.175855,0.759389
ACGGATGGTGCGGATA-1,0.00003,0.067432,0.932537
ACGGCACTTGCTTGGG-1,0.000061,0.023567,0.976372
ACGGCCAACATGGACT-1,0.000056,0.024084,0.97586
ACGGCGACGATGGGAA-1,0.024521,0.19193,0.783549
ACGGCTGGATGTAGAA-1,0.035177,0.177862,0.786961
ACGGGAGTGTCGGCCC-1,0.060892,0.000245,0.938863
ACGGGCGTATGCGACA-1,0.068012,0.118224,0.813764
ACGGGTCATGTGACTT-1,0.000022,0.000065,0.999914
ACGGGTTGTGACCTGT-1,0.121299,0.0002,0.878501
ACGGTACAGTTCAATG-1,0.009266,0.121308,0.869425
ACGGTCACCGAGAACA-1,0.049166,0.054251,0.896583
ACGTACAGATTTCTCT-1,0.000063,0.00019,0.999747
ACGTACTTTGGCACGG-1,0.150233,0.117808,0.731959
ACGTAGATTGCTGATG-1,0.10218,0.05396,0.84386
ACGTAGGAGAGTCGCT-1,0.000912,0.148838,0.85025
ACGTATTACTCCGATC-1,0.000068,0.307307,0.692625
ACGTCGGGCAACTCGG-1,0.045105,0.145232,0.809663
ACGTCTCGTTCCGGGA-1,0.00002,0.016345,0.983636
ACGTGACAAAGTAAGT-1,0.020669,0.000033,0.979298
ACGTGCGCCTCGTGCA-1,0.191549,0.000129,0.808321
ACGTTAATGTCGAAGA-1,0.000054,0.072957,0.926989
ACGTTAGATTTGCCCG-1,0.000058,0.000174,0.999769
ACGTTATTGGTCACTC-1,0.082427,0.000077,0.917496
ACGTTCACTATGCCGC-1,0.000117,0.029269,0.970614
ACGTTCCGCGCTCCGT-1,0.000219,0.144922,0.854859
ACGTTCGCAATCAATT-1,0.103911,0.245695,0.650393
ACGTTCGTTCAGGAAA-1,0.102584,0.012517,0.884898
ACGTTCTGTACAAGTC-1,0.038976,0.187849,0.773176
ACGTTGTCGTTGAAAG-1,0.000115,0.000344,0.999541
ACGTTTAGTTGTGATC-1,0.000085,0.000254,0.999662
ACGTTTCGGTGCACTT-1,0.050896,0.948272,0.000832
ACTAAGGACGCACACC-1,0.313423,0.013211,0.673365
ACTAATACGTCAGGCG-1,0.044293,0.00032,0.955388
ACTACAAAGAGAGGTG-1,0.238449,0.001393,0.760158
ACTACATCCCGACAAG-1,0.305457,0.036391,0.658152
ACTACCAGCTCTCTGG-1,0.000047,0.000141,0.999812
ACTACCATCCGAGGGC-1,0.162465,0.001494,0.836042
ACTACGCGTTAGAATT-1,0.000064,0.012348,0.987587
ACTAGTTGCGATCGTC-1,0.03441,0.438636,0.526953
ACTATATGCTGTGTTC-1,0.000098,0.1748,0.825103
ACTATCCAGGGCATGG-1,0.065966,0.241949,0.692085
ACTATCGCCGGCTAAA-1,0.057633,0.000069,0.942298
ACTATCTGCCCGCGTA-1,0.000034,0.487721,0.512246
ACTATGTCCAGCTGCC-1,0.030335,0.111968,0.857698
ACTATTCGTCCGTGGT-1,0.066552,0.000138,0.933309
ACTATTTCCGGGCCCA-1,0.00014,0.153144,0.846716
ACTCAAGTGCAAGGCT-1,0.000045,0.07175,0.928205
ACTCAATAAAGGCACG-1,0.000053,0.000158,0.999789
ACTCATGGCAGCCTTC-1,0.095136,0.182345,0.722518
ACTCCAATATCATCAT-1,0.314161,0.000282,0.685557
ACTCCCATTCCTAAAG-1,0.169123,0.000087,0.83079
ACTCCCGAATTCGTTT-1,0.285961,0.351395,0.362644
ACTCCCGTAGACTAGG-1,0.186242,0.09006,0.723698
ACTCCCTAATGCTAAA-1,0.000026,0.006193,0.993782
ACTCCCTAGAATAGTA-1,0.000046,0.066959,0.932995
ACTCCGGCCGACCACT-1,0.10147,0.227725,0.670805
ACTCGATGTATTTCAT-1,0.133585,0.000088,0.866327
ACTCGCCGTTCGATAA-1,0.034967,0.663737,0.301296
ACTCGCGATCTGACGC-1,0.017261,0.354626,0.628113
ACTCGTAACCCGTCCT-1,0.000124,0.000373,0.999503
ACTCGTCAGTAATCCC-1,0.000062,0.080394,0.919544
ACTCTAAACCTGGGAT-1,0.073434,0.096702,0.829864
ACTCTCTGACTTAGGT-1,0.000067,0.268826,0.731107
ACTCTCTTATACACGA-1,0.026768,0.017762,0.95547
ACTCTGACCTAATAGA-1,0.457904,0.154874,0.387222
ACTCTTCAGCTCCCGC-1,0.249675,0.538533,0.211792
ACTCTTGTATAGTAAC-1,0.07631,0.055422,0.868268
ACTGAAACGCCGTTAG-1,0.041121,0.037508,0.921371
ACTGAATGGCGAAAGT-1,0.000024,0.184843,0.815134
ACTGATTTAGTGATTC-1,0.000123,0.000369,0.999508
ACTGCCCGCCATTCTC-1,0.439453,0.000235,0.560312
ACTGCCGTCGTAACTC-1,0.000057,0.000171,0.999773
ACTGCGGACACACCGT-1,0.102465,0.324538,0.572997
ACTGCTCGGAAGGATG-1,0.067294,0.023609,0.909098
ACTGGCGAACCTGCGT-1,0.08304,0.036161,0.880798
ACTGGGATGCCAGTGC-1,0.100114,0.083233,0.816654
ACTGTACGATACACAT-1,0.036472,0.028806,0.934722
ACTGTAGCACTTTGGA-1,0.002039,0.000166,0.997794
ACTGTCCAGGATTATA-1,0.000086,0.137086,0.862828
ACTGTCTTCTTTAGAA-1,0.106145,0.016099,0.877756
ACTTACCGGGCGCGCA-1,0.062739,0.165271,0.77199
ACTTACGCATCCACGC-1,0.010805,0.123843,0.865353
ACTTATACTTACCCGG-1,0.000028,0.026891,0.973082
ACTTATTAGGATCGGT-1,0.000087,0.00026,0.999653
ACTTATTTATGTGCCA-1,0.000045,0.205174,0.794781
ACTTCAGGCTGATCCC-1,0.088916,0.060293,0.850792
ACTTCCAGTGGAAGCT-1,0.000061,0.011606,0.988333
ACTTCCATGCGGGACA-1,0.000031,0.133818,0.866151
ACTTCCTGTCGTGCGA-1,0.201248,0.093449,0.705303
ACTTCGCCATACGCAC-1,0.107422,0.006383,0.886195
ACTTCGCTAGCGAGTG-1,0.006462,0.312518,0.68102
ACTTGACTCCCTCTTT-1,0.034853,0.233879,0.731268
ACTTGCTCTATCTACC-1,0.317916,0.171,0.511084
ACTTGGGACCCGGTGG-1,0.060614,0.012035,0.927352
ACTTGGGCTTTCGCCA-1,0.041668,0.125002,0.83333
ACTTGTAGTCCCTTCA-1,0.000027,0.003781,0.996192
ACTTGTGGATGGAACG-1,0.00007,0.258639,0.74129
ACTTGTTACCGGATCA-1,0.000111,0.000332,0.999557
ACTTTACCCTCATGAA-1,0.097996,0.16871,0.733294
ACTTTATACACCACTT-1,0.066836,0.00323,0.929934
ACTTTCCTATAGCTTC-1,0.214163,0.000358,0.785479
ACTTTGACTGCATCCT-1,0.011386,0.000102,0.988511
ACTTTGGTCGTGCTCC-1,0.115732,0.128231,0.756037
ACTTTGTCGACGCACT-1,0.013817,0.897921,0.088262
AGAAATTATGACTCGC-1,0.000019,0.351888,0.648093
AGAACACGGCGATGGT-1,0.000051,0.000153,0.999796
AGAACCCAGCGTGACA-1,0.033123,0.456672,0.510205
AGAACCCTCAATTGGG-1,0.05971,0.072292,0.867998
AGAACGTGGTACATTC-1,0.000043,0.00013,0.999827
AGAACTGTACTTTGTA-1,0.083726,0.255596,0.660678
AGAAGAGCGCCGTTCC-1,0.448121,0.005,0.546879
AGAAGGTACACTTCAC-1,0.002886,0.000078,0.997036
AGAAGGTTGCCGAATT-1,0.000087,0.00026,0.999653
AGAAGGTTGTAGGTCG-1,0.000018,0.020266,0.979716
AGAAGTGATTCGTGAT-1,0.109659,0.000237,0.890104
AGAATAAATCTTCAGG-1,0.000014,0.054351,0.945634
AGAATACAGGCTATCC-1,0.210897,0.000074,0.789029
AGAATGCGGGTTCGGA-1,0.389589,0.069598,0.540813
AGAATTATGGATTCGA-1,0.053482,0.124433,0.822085
AGAATTGTTTGACATA-1,0.03109,0.011843,0.957067
AGACAGCTCAGAATCC-1,0.044984,0.002349,0.952667
AGACAGGCATCTCAGC-1,0.020932,0.675504,0.303564
AGACCAAACCACACCT-1,0.013654,0.000065,0.986281
AGACCCACCGCTGATC-1,0.04075,0.007072,0.952178
AGACCCGCCCTCCTCG-1,0.000051,0.000152,0.999797
AGACCGCTCCGCGGTT-1,0.013205,0.296412,0.690383
AGACCGGGAAACCCTG-1,0.012542,0.035495,0.951963
AGACGAAGTGCCGGTC-1,0.055054,0.553036,0.39191
AGACGACGATGCCGCT-1,0.000103,0.087016,0.912881
AGACGCCCACTTCGCC-1,0.004442,0.60481,0.390748
AGACGGGCCGATTTAA-1,0.066589,0.022284,0.911128
AGACTAGCCTTCCAGA-1,0.052416,0.000309,0.947275
AGACTGTTACCGGGTC-1,0.00011,0.000329,0.999561
AGAGAAACACCAGAAA-1,0.208711,0.021949,0.769339
AGAGAACCGTCTAGGA-1,0.000044,0.072554,0.927402
AGAGAAGGAGTACAAT-1,0.000093,0.090712,0.909195
AGAGATCTCTAAAGCG-1,0.12065,0.000138,0.879211
AGAGCAGTTATGAGAC-1,0.10518,0.000112,0.894708
AGAGCCGCCGAGATTT-1,0.174971,0.365849,0.459181
AGAGCGCTTGTAACGG-1,0.155638,0.367187,0.477175
AGAGCGGGCTAATCAT-1,0.111117,0.021282,0.867601
AGAGCTACGAAAGCAT-1,0.000041,0.001579,0.99838
AGAGGCTTCGGAAACC-1,0.119073,0.515098,0.365829
AGAGGGACAATTGTCC-1,0.484264,0.394797,0.120939
AGAGTAAACTTCACTA-1,0.466294,0.292748,0.240958
AGAGTATAGTGTTACG-1,0.106272,0.1861,0.707628
AGAGTCTTAATGAAAG-1,0.005953,0.946426,0.047622
AGAGTTAGAGACCGAT-1,0.071198,0.0057,0.923101
AGAGTTGCAGGCCTCC-1,0.01129,0.032219,0.956491
AGATAACTTCAGGGCC-1,0.000026,0.000079,0.999895
AGATAATCACACCTAT-1,0.041668,0.125004,0.833328
AGATACCAATAGAACC-1,0.002817,0.519538,0.477645
AGATACCAGCACTTCA-1,0.012978,0.381221,0.6058
AGATACCGGTGTTCAC-1,0.000047,0.029624,0.970329
AGATACTCAAGATCGA-1,0.025261,0.165774,0.808965
AGATATAATACGACTA-1,0.067294,0.123159,0.809546
AGATCGTGCATAAGAT-1,0.000062,0.16841,0.831528
AGATCTCAGGTGTGAT-1,0.018153,0.050413,0.931434
AGATCTGGAGAGGATA-1,0.000062,0.000186,0.999752
AGATGACTCGCCCACG-1,0.000066,0.000197,0.999737
AGATGAGGGTTGCGAT-1,0.000057,0.000171,0.999772
AGATGATGGAGTCTGG-1,0.000054,0.188298,0.811649
AGATGCAAGACGTGCA-1,0.00004,0.057789,0.942171
AGATGCATCCTGTGTC-1,0.000021,0.015434,0.984545
AGATGCTATAACGAGC-1,0.140594,0.000046,0.859359
AGATTATAGGACGTTT-1,0.06038,0.002541,0.937079
AGATTCAAGCGGGTCG-1,0.000052,0.000157,0.999791
AGATTCACAACCGATA-1,0.05522,0.008118,0.936662
AGCAAAGGCCGCTAGT-1,0.000045,0.065567,0.934389
AGCAACATATCTTATT-1,0.000046,0.198799,0.801155
AGCAACCGAAAGTAAT-1,0.00006,0.056238,0.943702
AGCACACGTTTAGACT-1,0.352557,0.063091,0.584352
AGCACCAGTACTCACG-1,0.079431,0.024396,0.896173
AGCACTACCGGCCTGT-1,0.000067,0.036768,0.963165
AGCACTACCTCACCAG-1,0.000049,0.238328,0.761623
AGCACTTAAGGACGCC-1,0.014389,0.00522,0.980391
AGCAGAAGGAGAAAGA-1,0.098152,0.211819,0.690029
AGCAGCCAGATGAATA-1,0.00004,0.000119,0.999841
AGCAGTCGAAGCATGC-1,0.000062,0.117819,0.88212
AGCATATCAATATGCT-1,0.166514,0.157407,0.676079
AGCATCATTTCGAAAG-1,0.000055,0.044149,0.955796
AGCATCGTCGATAATT-1,0.000091,0.043697,0.956212
AGCATTACGAGGCAAG-1,0.000028,0.587214,0.412758
AGCCAAGCTTTGTGTC-1,0.000056,0.074897,0.925047
AGCCACAGGTTACCCG-1,0.040275,0.211337,0.748388
AGCCACTCCCGTGCTT-1,0.009947,0.106019,0.884034
AGCCATATAGTATGTG-1,0.059599,0.08544,0.854961
AGCCCGCAACAAGCAG-1,0.00006,0.075073,0.924867
AGCCCGCACTACAATG-1,0.563114,0.436527,0.000359
AGCCCGGCATTAGAGG-1,0.198098,0.0002,0.801703
AGCCCGGTAGCCTGTA-1,0.000092,0.20756,0.792348
AGCCCTAAGCGAAGTT-1,0.005955,0.018181,0.975864
AGCCCTCCCTGGTGGC-1,0.359426,0.000183,0.640391
AGCCCTGTCGCACCGT-1,0.00003,0.163918,0.836052
AGCCCTTCTAATCCGA-1,0.221171,0.047276,0.731553
AGCCCTTGGACATCCC-1,0.002631,0.591877,0.405493
AGCCGCAAATTCAAAT-1,0.000024,0.016029,0.983947
AGCCGCTTGATTAGCG-1,0.000041,0.000122,0.999837
AGCCGTGGCTAAATGT-1,0.000073,0.060564,0.939362
AGCCTAATACCCACGT-1,0.1291,0.000088,0.870812
AGCCTTAAAGCGGAAG-1,0.105304,0.000047,0.894649
AGCCTTGTCACTGATA-1,0.000054,0.167251,0.832696
AGCGACAGGAACGGTC-1,0.000038,0.015946,0.984016
AGCGACATCCCATTCA-1,0.000108,0.119706,0.880186
AGCGACCAACGATATT-1,0.033901,0.04071,0.92539
AGCGACTTTGAAGACA-1,0.027779,0.749985,0.222237
AGCGAGACGTGAAGGC-1,0.001583,0.039814,0.958603
AGCGATGCGCCTAATA-1,0.076507,0.453883,0.46961
AGCGCATAATGAATCG-1,0.00009,0.000269,0.999642
AGCGCGGGTGCCAATG-1,0.000034,0.124935,0.875031
AGCGCTAGAGCGATGT-1,0.400993,0.336471,0.262535
AGCGCTTATGGGCAAG-1,0.091591,0.012345,0.896065
AGCGGACACTTCGTAG-1,0.004007,0.083384,0.912609
AGCGGCGGTTAGCGGT-1,0.001567,0.003229,0.995204
AGCGGGTCTGACACTC-1,0.000071,0.202994,0.796935
AGCGGTTGCCGCTCTG-1,0.272495,0.011412,0.716093
AGCGTGGTATTCTACT-1,0.000074,0.114424,0.885502
AGCGTTCCGATTTAAA-1,0.000138,0.068104,0.931758
AGCTAACAAGCAATGT-1,0.193678,0.142299,0.664023
AGCTAAGCTCCGTCCG-1,0.004902,0.014706,0.980391
AGCTAAGTACGCAGGC-1,0.000029,0.088492,0.911479
AGCTACGAATGGTGGT-1,0.020834,0.812489,0.166676
AGCTAGAAGCAGAAGT-1,0.063634,0.047326,0.889039
AGCTATTTAATCCAAC-1,0.00006,0.000181,0.999759
AGCTCCATATATGTTC-1,0.000042,0.604599,0.395359
AGCTCCTTCGCACATC-1,0.00007,0.426305,0.573625
AGCTCGTTGATGGAAA-1,0.008684,0.064281,0.927036
AGCTCTAGACGTTCCA-1,0.336409,0.024316,0.639275
AGCTCTTCCCAGTGCA-1,0.007949,0.068862,0.92319
AGCTCTTCGTAACCTT-1,0.025942,0.342298,0.63176
AGCTCTTTACTCAGTT-1,0.008076,0.035981,0.955943
AGCTGAAGTAAACCAA-1,0.000033,0.012802,0.987165
AGCTGCATTTGAGGTG-1,0.148565,0.258666,0.592768
AGCTGCTGTGCCGAAT-1,0.003495,0.355599,0.640906
AGCTGTAACCTCAATC-1,0.363751,0.000561,0.635688
AGCTTATAGAGACCTG-1,0.00023,0.000689,0.999082
AGCTTCTTCTCGAGCA-1,0.033571,0.762166,0.204263
AGCTTGATCAGGGTAG-1,0.000054,0.000161,0.999785
AGCTTGATCTTAACTT-1,0.031192,0.061243,0.907564
AGGAAAGCCTCTGATG-1,0.097604,0.089075,0.813321
AGGAACGAACGACTTC-1,0.016795,0.690732,0.292473
AGGAAGCTGTCCGCCG-1,0.000096,0.068871,0.931033
AGGACAGTCGAATCCC-1,0.058898,0.097825,0.843278
AGGACATCGGCACACT-1,0.484151,0.485706,0.030143
AGGACGACCCATTAGA-1,0.066093,0.018873,0.915035
AGGACGCTCGATGTTG-1,0.022708,0.097895,0.879397
AGGACTTATAGGAGAA-1,0.001928,0.000075,0.997997
AGGAGACATCCACAGT-1,0.014474,0.13159,0.853936
AGGAGAGTCTGGCTAC-1,0.054949,0.277403,0.667647
AGGAGCGTTTATTATC-1,0.011905,0.035716,0.952378
AGGAGGCCTTCGCGCG-1,0.000052,0.385247,0.614701
AGGATAAAGTCGGGAT-1,0.000045,0.050866,0.949088
AGGATATAGGGATTTA-1,0.000051,0.23071,0.769239
AGGATATCCGACTGCA-1,0.305038,0.176585,0.518377
AGGATCACGCGATCTG-1,0.008516,0.011662,0.979823
AGGATTGCTTACGACA-1,0.222229,0.405098,0.372673
AGGCAATACGGAGGAC-1,0.007277,0.080445,0.912278
AGGCACGTGACTGTCC-1,0.004291,0.707269,0.288441
AGGCAGATGCGTAAAC-1,0.000054,0.042495,0.957451
AGGCAGGGAGCGTACT-1,0.000109,0.085863,0.914028
AGGCATTGTCGTAGGG-1,0.000045,0.335332,0.664623
AGGCCACATTGGTTAC-1,0.014328,0.416164,0.569508
AGGCCACCCGTTATGA-1,0.071377,0.000157,0.928466
AGGCCCAGTGACTGGT-1,0.000051,0.001879,0.99807
AGGCCCATTGTACAGG-1,0.000066,0.031846,0.968088
AGGCCCTAGAACGCCA-1,0.000072,0.05845,0.941478
AGGCCTATCATACCAA-1,0.041125,0.09245,0.866425
AGGCCTGAGAATCTCG-1,0.010584,0.146485,0.842931
AGGCGATAACTGGCGT-1,0.041921,0.756104,0.201975
AGGCGGTTTGTCCCGC-1,0.094415,0.000059,0.905526
AGGCGTCTATGGACGG-1,0.045783,0.200525,0.753691
AGGCTTAAGTTGCACA-1,0.083333,0.25,0.666667
AGGCTTCCCGAAGAAG-1,0.00939,0.000294,0.990316
AGGCTTGCTAGACACC-1,0.000047,0.000142,0.999811
AGGGAAACGAGGTACT-1,0.056495,0.175402,0.768104
AGGGACCGGCTGCGTT-1,0.137781,0.25028,0.611938
AGGGACTCTACGCGAC-1,0.000044,0.000133,0.999822
AGGGAGACATACTTCG-1,0.041689,0.289746,0.668565
AGGGCAGCGGCGTGGT-1,0.000041,0.005256,0.994703
AGGGCCCTAATGTTCT-1,0.591287,0.212533,0.196179
AGGGCGAGCAGCTGAT-1,0.011599,0.234086,0.754314
AGGGCGTGATCGGCTA-1,0.000096,0.107515,0.892389
AGGGCTGCAGTTACAG-1,0.000039,0.021585,0.978376
AGGGTCAGAGCACTCG-1,0.000091,0.000272,0.999637
AGGGTCAGTAACCCTA-1,0.108485,0.115927,0.775588
AGGGTCGATGCGAACT-1,0.002705,0.057566,0.939729
AGGGTCTGGACGCAGT-1,0.090827,0.679237,0.229936
AGGGTGCCGTTCTTTA-1,0.115507,0.137087,0.747406
AGGGTGCTCTCGAGGG-1,0.149249,0.104375,0.746376
AGGGTGGATAGTGCAT-1,0.000212,0.000047,0.999741
AGGGTGTGCTACACGC-1,0.415578,0.143769,0.440653
AGGGTTCAGACGGTCC-1,0.174148,0.066479,0.759373
AGGGTTCCCTTTGGTT-1,0.089062,0.117111,0.793827
AGGGTTTAGTTCGGGA-1,0.000085,0.075954,0.923961
AGGTACGATATTGCCA-1,0.000048,0.000145,0.999806
AGGTAGATCGAGATAT-1,0.041115,0.227398,0.731487
AGGTAGGTACAAAGCT-1,0.043619,0.000984,0.955397
AGGTATAATTGATAGT-1,0.000034,0.075864,0.924102
AGGTATGCGGACATTA-1,0.147334,0.517413,0.335253
AGGTCAGGTGAGAGTG-1,0.00005,0.00015,0.999801
AGGTCGCCTCCCAACA-1,0.00069,0.874575,0.124735
AGGTCGCGGAGTTACT-1,0.146556,0.168961,0.684483
AGGTGCACGTCCACAT-1,0.17586,0.522894,0.301246
AGGTGGTGACCTTCGC-1,0.000063,0.077833,0.922104
AGGTGTATCGCCATGA-1,0.018321,0.000088,0.98159
AGGTGTTGCCGACCAC-1,0.058923,0.834387,0.10669
AGGTTACACCATGCCG-1,0.000028,0.432998,0.566974
AGGTTCTCCTTTCCGG-1,0.15642,0.177866,0.665713
AGGTTGAGGCACGCTT-1,0.000087,0.000318,0.999594
AGGTTTCACACACCTT-1,0.000072,0.01186,0.988068
AGTAACGTTCATCCTG-1,0.000065,0.081929,0.918006
AGTAACTATAGCAGCC-1,0.010795,0.708806,0.280399
AGTAAGGGACAGAATC-1,0.338521,0.050001,0.611478
AGTAATCTAAGGGTGG-1,0.000043,0.035723,0.964234
AGTAATGTCTTGCCGC-1,0.000059,0.000177,0.999764
AGTAATTTGCAAGCGT-1,0.000047,0.074907,0.925046
AGTACAGAAGCTTATA-1,0.09866,0.216692,0.684648
AGTACATCATTTATCA-1,0.036104,0.31828,0.645616
AGTACCTTCGAGTGCT-1,0.149285,0.076274,0.774441
AGTACGGCCCGTATCG-1,0.016834,0.005887,0.977279
AGTACGGGCACCTGGC-1,0.000047,0.095265,0.904688
AGTACGTGGCCTGTCT-1,0.00005,0.00015,0.9998
AGTACTCTTATGCCCA-1,0.000039,0.200186,0.799775
AGTAGAAGGCGCCTCA-1,0.019596,0.11612,0.864284
AGTAGCTAGACGCCGA-1,0.201461,0.02802,0.770519
AGTAGGAAGGAAGTTG-1,0.000073,0.000218,0.999709
AGTAGGTAACATACAT-1,0.000056,0.000167,0.999777
AGTATACACAGCGACA-1,0.138968,0.027627,0.833405
AGTATGCTGGAGACCA-1,0.052993,0.021919,0.925088
AGTATTTGGCACGACC-1,0.033838,0.15202,0.814142
AGTCAAATGATGTGAT-1,0.089573,0.127766,0.782661
AGTCAACACCACCATC-1,0.039043,0.000165,0.960792
AGTCAAGATGACACTT-1,0.00007,0.241312,0.758618
AGTCACTAGCTCTCGA-1,0.000066,0.538659,0.461274
AGTCCATTGGCTGATG-1,0.023273,0.216795,0.759932
AGTCCCGCCTTTAATT-1,0.037222,0.072803,0.889975
AGTCCCTCGCAGAAAG-1,0.045834,0.134964,0.819202
AGTCGAAACGATTCAG-1,0.010235,0.111332,0.878433
AGTCGAATTAGCGTAA-1,0.003788,0.107212,0.889
AGTCGACGGTCTCAAG-1,0.061585,0.084104,0.85431
AGTCGGCCCAAACGAC-1,0.000094,0.051266,0.948639
AGTCGGCTCAACTTTA-1,0.00008,0.011191,0.988729
AGTCGGTTGCGTGAGA-1,0.052975,0.261034,0.685991
AGTCGTATAAAGCAGA-1,0.064851,0.333857,0.601292
AGTCGTCGACCACCAA-1,0.000038,0.241503,0.75846
AGTCGTGGGCATTACG-1,0.032768,0.000212,0.967021
AGTCTAAAGTATACTC-1,0.069757,0.415851,0.514391
AGTCTCACAAGACTAC-1,0.025367,0.000301,0.974332
AGTCTGGACATCCTTG-1,0.043714,0.000115,0.956171
AGTCTTCTCCTCAAAT-1,0.000063,0.00019,0.999747
AGTCTTTAAAGTGTCC-1,0.155745,0.00003,0.844226
AGTGAACAAACTTCTC-1,0.003927,0.514321,0.481752
AGTGAAGATGGTGTCC-1,0.244823,0.022514,0.732662
AGTGACCTACTTTACG-1,0.00004,0.000119,0.999842
AGTGACTGTGACACAA-1,0.333889,0.000133,0.665978
AGTGAGACTTCCAGTA-1,0.000036,0.117863,0.882101
AGTGAGCCTCGCCGCC-1,0.000048,0.18458,0.815371
AGTGAGGGTTTCTGAC-1,0.000046,0.009226,0.990729
AGTGAGTCGAATTAAC-1,0.046459,0.444311,0.50923
AGTGATAACCTGCGCG-1,0.000032,0.317855,0.682113
AGTGATATGAGTAGTT-1,0.181786,0.064347,0.753868
AGTGATTCAAGCAGGA-1,0.000035,0.014293,0.985671
AGTGCACGCTTAAGAA-1,0.086734,0.180801,0.732465
AGTGCGTAGCTCGTAA-1,0.000081,0.003595,0.996324
AGTGCTAAACACAGCA-1,0.361323,0.00616,0.632517
AGTGCTTGCACGAATA-1,0.008249,0.108942,0.882809
AGTGGCCCGCAAATGG-1,0.000067,0.430053,0.56988
AGTGGCGGCAATTTGA-1,0.000037,0.013915,0.986048
AGTGGCGTCTGAAGGT-1,0.000046,0.280818,0.719136
AGTGGCTCCGTCGGCC-1,0.000014,0.006372,0.993614
AGTGGGAGTATACACG-1,0.091331,0.000309,0.90836
AGTGGTGTTACCCGTG-1,0.000028,0.003959,0.996013
AGTGGTTGCGTATAGG-1,0.000026,0.001784,0.998191
AGTGTATTGCGCATTG-1,0.133103,0.033987,0.83291
AGTGTGCTAAGATCGC-1,0.09777,0.001054,0.901176
AGTGTGGTCTATTGTG-1,0.000072,0.113442,0.886486
AGTTAAACACTTGCGA-1,0.051494,0.02852,0.919987
AGTTAAGCGGTCCCGG-1,0.270591,0.026367,0.703042
AGTTAAGTCAACCGCT-1,0.103831,0.072144,0.824024
AGTTACCCTTAAGACT-1,0.006339,0.000061,0.9936
AGTTACCGCACATGGT-1,0.010862,0.000068,0.98907
AGTTACTCTATCGTGG-1,0.000074,0.000223,0.999702
AGTTATTCAGACTGTG-1,0.003472,0.192574,0.803953
AGTTCACCGGTTGGAC-1,0.000667,0.000082,0.999251
AGTTCCTACAGAATTA-1,0.015092,0.02015,0.964758
AGTTCCTATTTATGTT-1,0.000296,0.255259,0.744445
AGTTCTGCGTTGTATC-1,0.00008,0.000778,0.999142
AGTTGACGGTCCTTGC-1,0.003503,0.217887,0.77861
AGTTGCGGTCCTCAAC-1,0.000043,0.083288,0.916668
AGTTGCTGACTGATAT-1,0.000065,0.000195,0.99974
AGTTGGCAAGGCTAGA-1,0.099679,0.345978,0.554343
AGTTTATGTAAAGACA-1,0.018034,0.474155,0.507811
AGTTTCGCAGGTCGGA-1,0.000089,0.000268,0.999643
AGTTTGCACCTGCCTC-1,0.000062,0.225357,0.774581
AGTTTGGCACGGGTTG-1,0.000105,0.567566,0.432329
AGTTTGGCCAGACCTA-1,0.035536,0.015215,0.949249
ATAAACGGACCCGTAA-1,0.000042,0.161627,0.838331
ATAAACGTTGCACCAC-1,0.076028,0.67734,0.246632
ATAAAGGCTCGGTCGT-1,0.06441,0.077644,0.857946
ATAAAGGTCAAGTACG-1,0.00005,0.004877,0.995073
ATAAATATTAGCAGCT-1,0.134269,0.150928,0.714803
ATAACGCCGGAGGGTC-1,0.000027,0.057879,0.942094
ATAACGGAGTCCAACG-1,0.127057,0.001785,0.871157
ATAACGTTACCTCCAC-1,0.103606,0.193544,0.702851
ATAAGCAAACACCGAG-1,0.267037,0.036735,0.696228
